dep;jour;n_dose1;n_complet;n_rappel;n_cum_dose1;n_cum_complet;n_cum_rappel;couv_dose1;couv_complet;couv_rappel
01;2020-12-27;0;0;0;0;0;0;0.0;0.0;0.0
01;2020-12-28;0;0;0;0;0;0;0.0;0.0;0.0
01;2020-12-29;0;0;0;0;0;0;0.0;0.0;0.0
01;2020-12-30;0;0;0;0;0;0;0.0;0.0;0.0
01;2020-12-31;0;0;0;0;0;0;0.0;0.0;0.0
01;2021-01-01;0;0;0;0;0;0;0.0;0.0;0.0
01;2021-01-02;0;0;0;0;0;0;0.0;0.0;0.0
01;2021-01-03;0;0;0;0;0;0;0.0;0.0;0.0
01;2021-01-04;0;0;0;0;0;0;0.0;0.0;0.0
01;2021-01-05;10;2;0;10;2;0;0.0;0.0;0.0
01;2021-01-06;21;0;0;31;2;0;0.0;0.0;0.0
01;2021-01-07;112;0;0;143;2;0;0.0;0.0;0.0
01;2021-01-08;234;1;0;377;3;0;0.1;0.0;0.0
01;2021-01-09;30;1;0;407;4;0;0.1;0.0;0.0
01;2021-01-10;0;0;0;407;4;0;0.1;0.0;0.0
01;2021-01-11;224;0;0;631;4;0;0.1;0.0;0.0
01;2021-01-12;408;1;0;1039;5;0;0.2;0.0;0.0
01;2021-01-13;534;1;0;1573;6;0;0.2;0.0;0.0
01;2021-01-14;637;6;0;2210;12;0;0.3;0.0;0.0
01;2021-01-15;536;4;0;2746;16;0;0.4;0.0;0.0
01;2021-01-16;222;0;0;2968;16;0;0.5;0.0;0.0
01;2021-01-17;127;0;0;3095;16;0;0.5;0.0;0.0
01;2021-01-18;529;5;0;3624;21;0;0.6;0.0;0.0
01;2021-01-19;1103;3;0;4727;24;0;0.7;0.0;0.0
01;2021-01-20;1348;5;0;6075;29;0;0.9;0.0;0.0
01;2021-01-21;1225;9;0;7300;38;0;1.1;0.0;0.0
01;2021-01-22;828;3;0;8128;41;0;1.2;0.0;0.0
01;2021-01-23;283;2;0;8411;43;0;1.3;0.0;0.0
01;2021-01-24;72;1;0;8483;44;0;1.3;0.0;0.0
01;2021-01-25;635;2;0;9118;46;0;1.4;0.0;0.0
01;2021-01-26;813;5;0;9931;51;0;1.5;0.0;0.0
01;2021-01-27;664;15;0;10595;66;0;1.6;0.0;0.0
01;2021-01-28;753;81;0;11348;147;0;1.7;0.0;0.0
01;2021-01-29;690;141;0;12038;288;0;1.8;0.0;0.0
01;2021-01-30;229;14;0;12267;302;0;1.9;0.0;0.0
01;2021-01-31;57;0;0;12324;302;0;1.9;0.0;0.0
01;2021-02-01;522;130;0;12846;432;0;2.0;0.1;0.0
01;2021-02-02;528;230;0;13374;662;0;2.0;0.1;0.0
01;2021-02-03;450;325;0;13824;987;0;2.1;0.2;0.0
01;2021-02-04;547;484;0;14371;1471;0;2.2;0.2;0.0
01;2021-02-05;472;337;0;14843;1808;0;2.3;0.3;0.0
01;2021-02-06;265;139;0;15108;1947;0;2.3;0.3;0.0
01;2021-02-07;6;103;0;15114;2050;0;2.3;0.3;0.0
01;2021-02-08;553;468;0;15667;2518;0;2.4;0.4;0.0
01;2021-02-09;810;908;0;16477;3426;0;2.5;0.5;0.0
01;2021-02-10;889;760;0;17366;4186;0;2.6;0.6;0.0
01;2021-02-11;852;879;0;18218;5065;0;2.8;0.8;0.0
01;2021-02-12;700;607;0;18918;5672;0;2.9;0.9;0.0
01;2021-02-13;201;175;0;19119;5847;0;2.9;0.9;0.0
01;2021-02-14;6;12;0;19125;5859;0;2.9;0.9;0.0
01;2021-02-15;447;534;0;19572;6393;0;3.0;1.0;0.0
01;2021-02-16;656;495;0;20228;6888;0;3.1;1.0;0.0
01;2021-02-17;534;390;0;20762;7278;0;3.2;1.1;0.0
01;2021-02-18;610;636;0;21372;7914;0;3.3;1.2;0.0
01;2021-02-19;601;330;0;21973;8244;0;3.3;1.3;0.0
01;2021-02-20;170;136;0;22143;8380;0;3.4;1.3;0.0
01;2021-02-21;2;0;0;22145;8380;0;3.4;1.3;0.0
01;2021-02-22;462;639;0;22607;9019;0;3.4;1.4;0.0
01;2021-02-23;484;667;0;23091;9686;0;3.5;1.5;0.0
01;2021-02-24;447;534;0;23538;10220;0;3.6;1.6;0.0
01;2021-02-25;839;689;0;24377;10909;0;3.7;1.7;0.0
01;2021-02-26;968;584;0;25345;11493;0;3.9;1.7;0.0
01;2021-02-27;449;111;0;25794;11604;0;3.9;1.8;0.0
01;2021-02-28;29;8;0;25823;11612;0;3.9;1.8;0.0
01;2021-03-01;651;504;0;26474;12116;0;4.0;1.8;0.0
01;2021-03-02;1065;590;0;27539;12706;0;4.2;1.9;0.0
01;2021-03-03;1072;669;0;28611;13375;0;4.4;2.0;0.0
01;2021-03-04;1380;664;0;29991;14039;0;4.6;2.1;0.0
01;2021-03-05;1518;549;0;31509;14588;0;4.8;2.2;0.0
01;2021-03-06;873;118;0;32382;14706;0;4.9;2.2;0.0
01;2021-03-07;97;3;0;32479;14709;0;4.9;2.2;0.0
01;2021-03-08;846;729;0;33325;15438;0;5.1;2.3;0.0
01;2021-03-09;1518;654;0;34843;16092;0;5.3;2.4;0.0
01;2021-03-10;1318;632;0;36161;16724;0;5.5;2.5;0.0
01;2021-03-11;1918;719;0;38079;17443;0;5.8;2.7;0.0
01;2021-03-12;2331;750;0;40410;18193;0;6.2;2.8;0.0
01;2021-03-13;1682;96;0;42092;18289;0;6.4;2.8;0.0
01;2021-03-14;280;59;0;42372;18348;0;6.4;2.8;0.0
01;2021-03-15;1278;473;0;43650;18821;0;6.6;2.9;0.0
01;2021-03-16;1224;557;0;44874;19378;0;6.8;2.9;0.0
01;2021-03-17;1110;361;0;45984;19739;0;7.0;3.0;0.0
01;2021-03-18;1492;551;0;47476;20290;0;7.2;3.1;0.0
01;2021-03-19;1890;582;0;49366;20872;0;7.5;3.2;0.0
01;2021-03-20;1449;109;0;50815;20981;0;7.7;3.2;0.0
01;2021-03-21;148;12;0;50963;20993;0;7.8;3.2;0.0
01;2021-03-22;1639;533;0;52602;21526;0;8.0;3.3;0.0
01;2021-03-23;2324;655;0;54926;22181;0;8.4;3.4;0.0
01;2021-03-24;1732;486;0;56658;22667;0;8.6;3.5;0.0
01;2021-03-25;3016;661;0;59674;23328;0;9.1;3.6;0.0
01;2021-03-26;3034;590;0;62708;23918;0;9.5;3.6;0.0
01;2021-03-27;1346;144;0;64054;24062;0;9.8;3.7;0.0
01;2021-03-28;79;9;0;64133;24071;0;9.8;3.7;0.0
01;2021-03-29;1931;648;0;66064;24719;0;10.1;3.8;0.0
01;2021-03-30;2539;830;0;68603;25549;0;10.4;3.9;0.0
01;2021-03-31;1970;807;0;70573;26356;0;10.7;4.0;0.0
01;2021-04-01;2718;943;0;73291;27299;0;11.2;4.2;0.0
01;2021-04-02;2920;835;0;76211;28134;0;11.6;4.3;0.0
01;2021-04-03;1356;214;0;77567;28348;0;11.8;4.3;0.0
01;2021-04-04;247;34;0;77814;28382;0;11.8;4.3;0.0
01;2021-04-05;1315;84;0;79129;28466;0;12.0;4.3;0.0
01;2021-04-06;2781;961;0;81910;29427;0;12.5;4.5;0.0
01;2021-04-07;2737;910;0;84647;30337;0;12.9;4.6;0.0
01;2021-04-08;3378;1201;0;88025;31538;0;13.4;4.8;0.0
01;2021-04-09;4032;1505;0;92057;33043;0;14.0;5.0;0.0
01;2021-04-10;1749;359;0;93806;33402;0;14.3;5.1;0.0
01;2021-04-11;156;109;0;93962;33511;0;14.3;5.1;0.0
01;2021-04-12;2728;1341;0;96690;34852;0;14.7;5.3;0.0
01;2021-04-13;2885;1548;0;99575;36400;0;15.2;5.5;0.0
01;2021-04-14;3036;1289;0;102611;37689;0;15.6;5.7;0.0
01;2021-04-15;3140;1551;0;105751;39240;0;16.1;6.0;0.0
01;2021-04-16;2978;1606;0;108729;40846;0;16.6;6.2;0.0
01;2021-04-17;1747;723;0;110476;41569;0;16.8;6.3;0.0
01;2021-04-18;166;61;0;110642;41630;0;16.8;6.3;0.0
01;2021-04-19;2239;1666;0;112881;43296;0;17.2;6.6;0.0
01;2021-04-20;2633;1667;0;115514;44963;0;17.6;6.8;0.0
01;2021-04-21;2722;1519;0;118236;46482;0;18.0;7.1;0.0
01;2021-04-22;2929;1768;0;121165;48250;0;18.4;7.3;0.0
01;2021-04-23;2859;1605;0;124024;49855;0;18.9;7.6;0.0
01;2021-04-24;1337;591;0;125361;50446;0;19.1;7.7;0.0
01;2021-04-25;142;30;0;125503;50476;0;19.1;7.7;0.0
01;2021-04-26;2113;1807;0;127616;52283;0;19.4;8.0;0.0
01;2021-04-27;2652;1656;0;130268;53939;0;19.8;8.2;0.0
01;2021-04-28;2642;1597;0;132910;55536;0;20.2;8.5;0.0
01;2021-04-29;2959;1883;0;135869;57419;0;20.7;8.7;0.0
01;2021-04-30;3278;2397;0;139147;59816;0;21.2;9.1;0.0
01;2021-05-01;1368;793;0;140515;60609;0;21.4;9.2;0.0
01;2021-05-02;673;297;0;141188;60906;0;21.5;9.3;0.0
01;2021-05-03;2569;2654;0;143757;63560;0;21.9;9.7;0.0
01;2021-05-04;2713;2813;0;146470;66373;0;22.3;10.1;0.0
01;2021-05-05;3080;2591;0;149550;68964;0;22.8;10.5;0.0
01;2021-05-06;3491;2737;0;153041;71701;0;23.3;10.9;0.0
01;2021-05-07;3627;2890;0;156668;74591;0;23.8;11.4;0.0
01;2021-05-08;1568;940;0;158236;75531;0;24.1;11.5;0.0
01;2021-05-09;1164;253;0;159400;75784;0;24.3;11.5;0.0
01;2021-05-10;2865;3075;0;162265;78859;0;24.7;12.0;0.0
01;2021-05-11;3990;3136;0;166255;81995;0;25.3;12.5;0.0
01;2021-05-12;4062;3121;0;170317;85116;0;25.9;13.0;0.0
01;2021-05-13;3541;1412;0;173858;86528;0;26.5;13.2;0.0
01;2021-05-14;4453;2404;0;178311;88932;0;27.1;13.5;0.0
01;2021-05-15;3040;1445;0;181351;90377;0;27.6;13.8;0.0
01;2021-05-16;1560;223;0;182911;90600;0;27.8;13.8;0.0
01;2021-05-17;3659;2589;0;186570;93189;0;28.4;14.2;0.0
01;2021-05-18;4287;2230;0;190857;95419;0;29.1;14.5;0.0
01;2021-05-19;4434;2068;0;195291;97487;0;29.7;14.8;0.0
01;2021-05-20;4561;2209;0;199852;99696;0;30.4;15.2;0.0
01;2021-05-21;4488;2379;0;204340;102075;0;31.1;15.5;0.0
01;2021-05-22;3197;1028;0;207537;103103;0;31.6;15.7;0.0
01;2021-05-23;1012;136;0;208549;103239;0;31.7;15.7;0.0
01;2021-05-24;2519;470;0;211068;103709;0;32.1;15.8;0.0
01;2021-05-25;3510;2565;0;214578;106274;0;32.7;16.2;0.0
01;2021-05-26;3616;2384;0;218194;108658;0;33.2;16.5;0.0
01;2021-05-27;3953;2335;0;222147;110993;0;33.8;16.9;0.0
01;2021-05-28;3725;2856;0;225872;113849;0;34.4;17.3;0.0
01;2021-05-29;2823;1523;0;228695;115372;0;34.8;17.6;0.0
01;2021-05-30;720;278;0;229415;115650;0;34.9;17.6;0.0
01;2021-05-31;2917;2564;0;232332;118214;0;35.4;18.0;0.0
01;2021-06-01;3306;2780;0;235638;120994;0;35.9;18.4;0.0
01;2021-06-02;3499;2370;0;239137;123364;0;36.4;18.8;0.0
01;2021-06-03;4087;2626;0;243224;125990;0;37.0;19.2;0.0
01;2021-06-04;4836;3577;0;248060;129567;0;37.8;19.7;0.0
01;2021-06-05;3435;1684;0;251495;131251;0;38.3;20.0;0.0
01;2021-06-06;1099;202;0;252594;131453;0;38.4;20.0;0.0
01;2021-06-07;3969;3069;0;256563;134522;0;39.1;20.5;0.0
01;2021-06-08;4462;3058;0;261025;137580;0;39.7;20.9;0.0
01;2021-06-09;3688;2678;0;264713;140258;0;40.3;21.3;0.0
01;2021-06-10;3648;2483;0;268361;142741;0;40.8;21.7;0.0
01;2021-06-11;4031;3708;0;272392;146449;0;41.5;22.3;0.0
01;2021-06-12;2813;2148;0;275205;148597;0;41.9;22.6;0.0
01;2021-06-13;543;615;0;275748;149212;0;42.0;22.7;0.0
01;2021-06-14;2667;3361;0;278415;152573;0;42.4;23.2;0.0
01;2021-06-15;2733;3647;0;281148;156220;0;42.8;23.8;0.0
01;2021-06-16;2943;3618;0;284091;159838;0;43.2;24.3;0.0
01;2021-06-17;2696;3673;0;286787;163511;0;43.7;24.9;0.0
01;2021-06-18;3285;4647;0;290072;168158;0;44.2;25.6;0.0
01;2021-06-19;2187;2644;0;292259;170802;0;44.5;26.0;0.0
01;2021-06-20;532;823;0;292791;171625;0;44.6;26.1;0.0
01;2021-06-21;2042;4052;0;294833;175677;0;44.9;26.7;0.0
01;2021-06-22;1876;4426;0;296709;180103;0;45.2;27.4;0.0
01;2021-06-23;1952;3998;0;298661;184101;0;45.5;28.0;0.0
01;2021-06-24;1893;4011;0;300554;188112;0;45.7;28.6;0.0
01;2021-06-25;2254;5057;0;302808;193169;0;46.1;29.4;0.0
01;2021-06-26;1342;3034;0;304150;196203;0;46.3;29.9;0.0
01;2021-06-27;356;853;0;304506;197056;0;46.4;30.0;0.0
01;2021-06-28;1542;4539;0;306048;201595;0;46.6;30.7;0.0
01;2021-06-29;1659;4426;0;307707;206021;0;46.8;31.4;0.0
01;2021-06-30;1716;4703;0;309423;210724;0;47.1;32.1;0.0
01;2021-07-01;1923;4456;0;311346;215180;0;47.4;32.8;0.0
01;2021-07-02;2087;5223;0;313433;220403;0;47.7;33.5;0.0
01;2021-07-03;1155;3445;0;314588;223848;0;47.9;34.1;0.0
01;2021-07-04;352;891;0;314940;224739;0;47.9;34.2;0.0
01;2021-07-05;1933;4475;0;316873;229214;0;48.2;34.9;0.0
01;2021-07-06;1553;4781;0;318426;233995;0;48.5;35.6;0.0
01;2021-07-07;2130;4059;0;320556;238054;0;48.8;36.2;0.0
01;2021-07-08;1920;4003;0;322476;242057;0;49.1;36.8;0.0
01;2021-07-09;2295;5025;0;324771;247082;0;49.4;37.6;0.0
01;2021-07-10;1307;3509;0;326078;250591;0;49.6;38.1;0.0
01;2021-07-11;406;752;0;326484;251343;0;49.7;38.3;0.0
01;2021-07-12;1793;4784;0;328277;256127;0;50.0;39.0;0.0
01;2021-07-13;2505;5171;0;330782;261298;0;50.4;39.8;0.0
01;2021-07-14;672;749;0;331454;262047;0;50.5;39.9;0.0
01;2021-07-15;3379;5246;0;334833;267293;0;51.0;40.7;0.0
01;2021-07-16;4202;5758;0;339035;273051;0;51.6;41.6;0.0
01;2021-07-17;2417;3533;0;341452;276584;0;52.0;42.1;0.0
01;2021-07-18;607;1118;0;342059;277702;0;52.1;42.3;0.0
01;2021-07-19;3129;4783;0;345188;282485;0;52.5;43.0;0.0
01;2021-07-20;3766;4768;0;348954;287253;0;53.1;43.7;0.0
01;2021-07-21;4282;4582;0;353236;291835;0;53.8;44.4;0.0
01;2021-07-22;4541;4332;0;357777;296167;0;54.5;45.1;0.0
01;2021-07-23;4466;5205;0;362243;301372;0;55.1;45.9;0.0
01;2021-07-24;2652;3187;0;364895;304559;0;55.5;46.4;0.0
01;2021-07-25;451;531;0;365346;305090;0;55.6;46.4;0.0
01;2021-07-26;3863;4022;0;369209;309112;0;56.2;47.1;0.0
01;2021-07-27;4621;3534;0;373830;312646;0;56.9;47.6;0.0
01;2021-07-28;4577;3397;0;378407;316043;0;57.6;48.1;0.0
01;2021-07-29;5175;3071;0;383582;319114;0;58.4;48.6;0.0
01;2021-07-30;5082;4064;0;388664;323178;0;59.2;49.2;0.0
01;2021-07-31;3601;2125;0;392265;325303;0;59.7;49.5;0.0
01;2021-08-01;820;408;0;393085;325711;0;59.8;49.6;0.0
01;2021-08-02;3672;3030;1;396757;328741;1;60.4;50.0;0.0
01;2021-08-03;3750;2882;0;400507;331623;1;61.0;50.5;0.0
01;2021-08-04;3437;2253;0;403944;333876;1;61.5;50.8;0.0
01;2021-08-05;2932;2794;0;406876;336670;1;61.9;51.2;0.0
01;2021-08-06;3289;3595;0;410165;340265;1;62.4;51.8;0.0
01;2021-08-07;1988;1881;0;412153;342146;1;62.7;52.1;0.0
01;2021-08-08;512;328;0;412665;342474;1;62.8;52.1;0.0
01;2021-08-09;1771;3162;0;414436;345636;1;63.1;52.6;0.0
01;2021-08-10;2057;2998;0;416493;348634;1;63.4;53.1;0.0
01;2021-08-11;1971;3034;0;418464;351668;1;63.7;53.5;0.0
01;2021-08-12;1962;3322;0;420426;354990;1;64.0;54.0;0.0
01;2021-08-13;2147;3392;0;422573;358382;1;64.3;54.6;0.0
01;2021-08-14;1453;2212;0;424026;360594;1;64.5;54.9;0.0
01;2021-08-15;98;259;0;424124;360853;1;64.6;54.9;0.0
01;2021-08-16;1300;3513;0;425424;364366;1;64.8;55.5;0.0
01;2021-08-17;1636;3173;0;427060;367539;1;65.0;55.9;0.0
01;2021-08-18;1385;3241;0;428445;370780;1;65.2;56.4;0.0
01;2021-08-19;1369;2836;0;429814;373616;1;65.4;56.9;0.0
01;2021-08-20;1605;4277;0;431419;377893;1;65.7;57.5;0.0
01;2021-08-21;848;2608;0;432267;380501;1;65.8;57.9;0.0
01;2021-08-22;90;126;0;432357;380627;1;65.8;57.9;0.0
01;2021-08-23;1183;3783;0;433540;384410;1;66.0;58.5;0.0
01;2021-08-24;1372;3855;0;434912;388265;1;66.2;59.1;0.0
01;2021-08-25;1225;3719;0;436137;391984;1;66.4;59.7;0.0
01;2021-08-26;1665;3304;0;437802;395288;1;66.6;60.2;0.0
01;2021-08-27;1636;4352;0;439438;399640;1;66.9;60.8;0.0
01;2021-08-28;927;2717;0;440365;402357;1;67.0;61.2;0.0
01;2021-08-29;76;484;0;440441;402841;1;67.0;61.3;0.0
01;2021-08-30;1244;3499;27;441685;406340;28;67.2;61.9;0.0
01;2021-08-31;1208;2703;64;442893;409043;92;67.4;62.3;0.0
01;2021-09-01;1216;2279;205;444109;411322;297;67.6;62.6;0.0
01;2021-09-02;983;1902;302;445092;413224;599;67.8;62.9;0.1
01;2021-09-03;1237;2718;254;446329;415942;853;67.9;63.3;0.1
01;2021-09-04;778;2184;88;447107;418126;941;68.1;63.6;0.1
01;2021-09-05;185;246;32;447292;418372;973;68.1;63.7;0.1
01;2021-09-06;676;1322;380;447968;419694;1353;68.2;63.9;0.2
01;2021-09-07;612;1269;255;448580;420963;1608;68.3;64.1;0.2
01;2021-09-08;865;1627;250;449445;422590;1858;68.4;64.3;0.3
01;2021-09-09;764;1220;223;450209;423810;2081;68.5;64.5;0.3
01;2021-09-10;1055;1796;363;451264;425606;2444;68.7;64.8;0.4
01;2021-09-11;689;1468;68;451953;427074;2512;68.8;65.0;0.4
01;2021-09-12;43;96;5;451996;427170;2517;68.8;65.0;0.4
01;2021-09-13;616;1175;357;452612;428345;2874;68.9;65.2;0.4
01;2021-09-14;617;1050;515;453229;429395;3389;69.0;65.4;0.5
01;2021-09-15;778;1531;458;454007;430926;3847;69.1;65.6;0.6
01;2021-09-16;565;988;480;454572;431914;4327;69.2;65.7;0.7
01;2021-09-17;729;1572;508;455301;433486;4835;69.3;66.0;0.7
01;2021-09-18;364;1220;56;455665;434706;4891;69.4;66.2;0.7
01;2021-09-19;47;104;16;455712;434810;4907;69.4;66.2;0.7
01;2021-09-20;365;717;503;456077;435527;5410;69.4;66.3;0.8
01;2021-09-21;409;808;692;456486;436335;6102;69.5;66.4;0.9
01;2021-09-22;369;1109;480;456855;437444;6582;69.5;66.6;1.0
01;2021-09-23;344;778;474;457199;438222;7056;69.6;66.7;1.1
01;2021-09-24;408;1077;410;457607;439299;7466;69.7;66.9;1.1
01;2021-09-25;277;969;82;457884;440268;7548;69.7;67.0;1.1
01;2021-09-26;19;115;2;457903;440383;7550;69.7;67.0;1.1
01;2021-09-27;195;603;201;458098;440986;7751;69.7;67.1;1.2
01;2021-09-28;320;1144;548;458418;442130;8299;69.8;67.3;1.3
01;2021-09-29;450;1333;457;458868;443463;8756;69.8;67.5;1.3
01;2021-09-30;374;809;446;459242;444272;9202;69.9;67.6;1.4
01;2021-10-01;546;1203;520;459788;445475;9722;70.0;67.8;1.5
01;2021-10-02;417;1242;178;460205;446717;9900;70.1;68.0;1.5
01;2021-10-03;27;62;13;460232;446779;9913;70.1;68.0;1.5
01;2021-10-04;228;566;380;460460;447345;10293;70.1;68.1;1.6
01;2021-10-05;246;547;538;460706;447892;10831;70.1;68.2;1.6
01;2021-10-06;404;804;498;461110;448696;11329;70.2;68.3;1.7
01;2021-10-07;236;516;506;461346;449212;11835;70.2;68.4;1.8
01;2021-10-08;391;778;585;461737;449990;12420;70.3;68.5;1.9
01;2021-10-09;343;678;269;462080;450668;12689;70.3;68.6;1.9
01;2021-10-10;12;28;2;462092;450696;12691;70.3;68.6;1.9
01;2021-10-11;208;478;541;462300;451174;13232;70.4;68.7;2.0
01;2021-10-12;203;391;538;462503;451565;13770;70.4;68.7;2.1
01;2021-10-13;368;591;818;462871;452156;14588;70.5;68.8;2.2
01;2021-10-14;191;579;508;463062;452735;15096;70.5;68.9;2.3
01;2021-10-15;383;564;765;463445;453299;15861;70.5;69.0;2.4
01;2021-10-16;294;447;318;463739;453746;16179;70.6;69.1;2.5
01;2021-10-17;10;30;1;463749;453776;16180;70.6;69.1;2.5
01;2021-10-18;171;265;662;463920;454041;16842;70.6;69.1;2.6
01;2021-10-19;129;301;633;464049;454342;17475;70.6;69.2;2.7
01;2021-10-20;232;475;932;464281;454817;18407;70.7;69.2;2.8
01;2021-10-21;104;377;622;464385;455194;19029;70.7;69.3;2.9
01;2021-10-22;162;542;766;464547;455736;19795;70.7;69.4;3.0
01;2021-10-23;113;467;375;464660;456203;20170;70.7;69.4;3.1
01;2021-10-24;5;7;8;464665;456210;20178;70.7;69.4;3.1
01;2021-10-25;147;242;781;464812;456452;20959;70.8;69.5;3.2
01;2021-10-26;96;186;641;464908;456638;21600;70.8;69.5;3.3
01;2021-10-27;190;394;906;465098;457032;22506;70.8;69.6;3.4
01;2021-10-28;95;173;598;465193;457205;23104;70.8;69.6;3.5
01;2021-10-29;144;315;895;465337;457520;23999;70.8;69.6;3.7
01;2021-10-30;100;346;470;465437;457866;24469;70.8;69.7;3.7
01;2021-10-31;3;11;12;465440;457877;24481;70.8;69.7;3.7
01;2021-11-01;8;11;7;465448;457888;24488;70.8;69.7;3.7
01;2021-11-02;68;185;634;465516;458073;25122;70.9;69.7;3.8
01;2021-11-03;166;391;1307;465682;458464;26429;70.9;69.8;4.0
01;2021-11-04;93;152;816;465775;458616;27245;70.9;69.8;4.1
01;2021-11-05;152;312;1125;465927;458928;28370;70.9;69.9;4.3
01;2021-11-06;89;297;684;466016;459225;29054;70.9;69.9;4.4
01;2021-11-07;1;14;8;466017;459239;29062;70.9;69.9;4.4
01;2021-11-08;99;229;1378;466116;459468;30440;71.0;69.9;4.6
01;2021-11-09;81;192;1294;466197;459660;31734;71.0;70.0;4.8
01;2021-11-10;188;303;1957;466385;459963;33691;71.0;70.0;5.1
01;2021-11-11;9;11;47;466394;459974;33738;71.0;70.0;5.1
01;2021-11-12;106;203;1528;466500;460177;35266;71.0;70.0;5.4
01;2021-11-13;139;165;1117;466639;460342;36383;71.0;70.1;5.5
01;2021-11-14;4;11;18;466643;460353;36401;71.0;70.1;5.5
01;2021-11-15;82;118;1674;466725;460471;38075;71.0;70.1;5.8
01;2021-11-16;91;159;1721;466816;460630;39796;71.1;70.1;6.1
01;2021-11-17;156;279;2384;466972;460909;42180;71.1;70.2;6.4
01;2021-11-18;94;141;1718;467066;461050;43898;71.1;70.2;6.7
01;2021-11-19;150;243;2255;467216;461293;46153;71.1;70.2;7.0
01;2021-11-20;159;152;1294;467375;461445;47447;71.1;70.2;7.2
01;2021-11-21;4;20;12;467379;461465;47459;71.1;70.2;7.2
01;2021-11-22;76;131;2140;467455;461596;49599;71.2;70.3;7.5
01;2021-11-23;110;113;2257;467565;461709;51856;71.2;70.3;7.9
01;2021-11-24;231;250;2820;467796;461959;54676;71.2;70.3;8.3
01;2021-11-25;98;120;2327;467894;462079;57003;71.2;70.3;8.7
01;2021-11-26;159;183;3631;468053;462262;60634;71.2;70.4;9.2
01;2021-11-27;169;190;2273;468222;462452;62907;71.3;70.4;9.6
01;2021-11-28;4;7;498;468226;462459;63405;71.3;70.4;9.7
01;2021-11-29;91;142;3979;468317;462601;67384;71.3;70.4;10.3
01;2021-11-30;88;117;3856;468405;462718;71240;71.3;70.4;10.8
01;2021-12-01;86;172;3393;468491;462890;74633;71.3;70.5;11.4
01;2021-12-02;88;110;4375;468579;463000;79008;71.3;70.5;12.0
01;2021-12-03;118;186;5625;468697;463186;84633;71.3;70.5;12.9
01;2021-12-04;86;176;3010;468783;463362;87643;71.4;70.5;13.3
01;2021-12-05;15;18;1042;468798;463380;88685;71.4;70.5;13.5
01;2021-12-06;88;132;5154;468886;463512;93839;71.4;70.6;14.3
01;2021-12-07;126;148;6664;469012;463660;100503;71.4;70.6;15.3
01;2021-12-08;103;209;5266;469115;463869;105769;71.4;70.6;16.1
01;2021-12-09;96;122;6084;469211;463991;111853;71.4;70.6;17.0
01;2021-12-10;133;198;7042;469344;464189;118895;71.4;70.7;18.1
01;2021-12-11;87;149;3739;469431;464338;122634;71.5;70.7;18.7
01;2021-12-12;15;20;1053;469446;464358;123687;71.5;70.7;18.8
01;2021-12-13;85;139;7020;469531;464497;130707;71.5;70.7;19.9
01;2021-12-14;131;191;8594;469662;464688;139301;71.5;70.7;21.2
01;2021-12-15;126;223;7526;469788;464911;146827;71.5;70.8;22.3
02;2020-12-27;1;0;0;1;0;0;0.0;0.0;0.0
02;2020-12-28;0;0;0;1;0;0;0.0;0.0;0.0
02;2020-12-29;0;0;0;1;0;0;0.0;0.0;0.0
02;2020-12-30;0;0;0;1;0;0;0.0;0.0;0.0
02;2020-12-31;0;0;0;1;0;0;0.0;0.0;0.0
02;2021-01-01;0;0;0;1;0;0;0.0;0.0;0.0
02;2021-01-02;0;0;0;1;0;0;0.0;0.0;0.0
02;2021-01-03;0;0;0;1;0;0;0.0;0.0;0.0
02;2021-01-04;1;0;0;2;0;0;0.0;0.0;0.0
02;2021-01-05;2;0;0;4;0;0;0.0;0.0;0.0
02;2021-01-06;25;0;0;29;0;0;0.0;0.0;0.0
02;2021-01-07;262;2;0;291;2;0;0.1;0.0;0.0
02;2021-01-08;502;2;0;793;4;0;0.2;0.0;0.0
02;2021-01-09;77;0;0;870;4;0;0.2;0.0;0.0
02;2021-01-10;52;0;0;922;4;0;0.2;0.0;0.0
02;2021-01-11;267;0;0;1189;4;0;0.2;0.0;0.0
02;2021-01-12;356;1;0;1545;5;0;0.3;0.0;0.0
02;2021-01-13;458;4;0;2003;9;0;0.4;0.0;0.0
02;2021-01-14;654;9;0;2657;18;0;0.5;0.0;0.0
02;2021-01-15;614;7;0;3271;25;0;0.6;0.0;0.0
02;2021-01-16;315;4;0;3586;29;0;0.7;0.0;0.0
02;2021-01-17;56;0;0;3642;29;0;0.7;0.0;0.0
02;2021-01-18;757;8;0;4399;37;0;0.8;0.0;0.0
02;2021-01-19;935;5;0;5334;42;0;1.0;0.0;0.0
02;2021-01-20;1320;7;0;6654;49;0;1.3;0.0;0.0
02;2021-01-21;2337;12;0;8991;61;0;1.7;0.0;0.0
02;2021-01-22;1375;6;0;10366;67;0;2.0;0.0;0.0
02;2021-01-23;296;3;0;10662;70;0;2.0;0.0;0.0
02;2021-01-24;61;1;0;10723;71;0;2.0;0.0;0.0
02;2021-01-25;430;13;0;11153;84;0;2.1;0.0;0.0
02;2021-01-26;648;18;0;11801;102;0;2.2;0.0;0.0
02;2021-01-27;188;4;0;11989;106;0;2.3;0.0;0.0
02;2021-01-28;112;229;0;12101;335;0;2.3;0.1;0.0
02;2021-01-29;142;415;0;12243;750;0;2.3;0.1;0.0
02;2021-01-30;13;16;0;12256;766;0;2.3;0.1;0.0
02;2021-01-31;1;10;0;12257;776;0;2.3;0.1;0.0
02;2021-02-01;18;208;0;12275;984;0;2.3;0.2;0.0
02;2021-02-02;71;307;0;12346;1291;0;2.3;0.2;0.0
02;2021-02-03;142;331;0;12488;1622;0;2.4;0.3;0.0
02;2021-02-04;255;363;0;12743;1985;0;2.4;0.4;0.0
02;2021-02-05;234;415;0;12977;2400;0;2.5;0.5;0.0
02;2021-02-06;65;162;0;13042;2562;0;2.5;0.5;0.0
02;2021-02-07;8;1;0;13050;2563;0;2.5;0.5;0.0
02;2021-02-08;297;428;0;13347;2991;0;2.5;0.6;0.0
02;2021-02-09;328;667;0;13675;3658;0;2.6;0.7;0.0
02;2021-02-10;464;992;0;14139;4650;0;2.7;0.9;0.0
02;2021-02-11;882;1671;0;15021;6321;0;2.9;1.2;0.0
02;2021-02-12;834;1007;0;15855;7328;0;3.0;1.4;0.0
02;2021-02-13;280;157;0;16135;7485;0;3.1;1.4;0.0
02;2021-02-14;1;3;0;16136;7488;0;3.1;1.4;0.0
02;2021-02-15;338;680;0;16474;8168;0;3.1;1.6;0.0
02;2021-02-16;423;550;0;16897;8718;0;3.2;1.7;0.0
02;2021-02-17;501;621;0;17398;9339;0;3.3;1.8;0.0
02;2021-02-18;521;452;0;17919;9791;0;3.4;1.9;0.0
02;2021-02-19;441;558;0;18360;10349;0;3.5;2.0;0.0
02;2021-02-20;365;226;0;18725;10575;0;3.6;2.0;0.0
02;2021-02-21;31;19;0;18756;10594;0;3.6;2.0;0.0
02;2021-02-22;368;334;0;19124;10928;0;3.6;2.1;0.0
02;2021-02-23;445;372;0;19569;11300;0;3.7;2.1;0.0
02;2021-02-24;608;175;0;20177;11475;0;3.8;2.2;0.0
02;2021-02-25;883;182;0;21060;11657;0;4.0;2.2;0.0
02;2021-02-26;835;113;0;21895;11770;0;4.2;2.2;0.0
02;2021-02-27;455;24;0;22350;11794;0;4.2;2.2;0.0
02;2021-02-28;49;1;0;22399;11795;0;4.3;2.2;0.0
02;2021-03-01;665;33;0;23064;11828;0;4.4;2.2;0.0
02;2021-03-02;999;162;0;24063;11990;0;4.6;2.3;0.0
02;2021-03-03;769;206;0;24832;12196;0;4.7;2.3;0.0
02;2021-03-04;1189;627;0;26021;12823;0;4.9;2.4;0.0
02;2021-03-05;1098;511;0;27119;13334;0;5.2;2.5;0.0
02;2021-03-06;2180;118;0;29299;13452;0;5.6;2.6;0.0
02;2021-03-07;1497;56;0;30796;13508;0;5.9;2.6;0.0
02;2021-03-08;610;363;0;31406;13871;0;6.0;2.6;0.0
02;2021-03-09;1014;418;0;32420;14289;0;6.2;2.7;0.0
02;2021-03-10;926;452;0;33346;14741;0;6.3;2.8;0.0
02;2021-03-11;1366;387;0;34712;15128;0;6.6;2.9;0.0
02;2021-03-12;1767;405;0;36479;15533;0;6.9;3.0;0.0
02;2021-03-13;2654;243;0;39133;15776;0;7.4;3.0;0.0
02;2021-03-14;1390;46;0;40523;15822;0;7.7;3.0;0.0
02;2021-03-15;636;407;0;41159;16229;0;7.8;3.1;0.0
02;2021-03-16;881;411;0;42040;16640;0;8.0;3.2;0.0
02;2021-03-17;789;459;0;42829;17099;0;8.1;3.3;0.0
02;2021-03-18;691;633;0;43520;17732;0;8.3;3.4;0.0
02;2021-03-19;1249;305;0;44769;18037;0;8.5;3.4;0.0
02;2021-03-20;2472;163;0;47241;18200;0;9.0;3.5;0.0
02;2021-03-21;1406;78;0;48647;18278;0;9.2;3.5;0.0
02;2021-03-22;801;483;0;49448;18761;0;9.4;3.6;0.0
02;2021-03-23;1270;557;0;50718;19318;0;9.6;3.7;0.0
02;2021-03-24;1674;516;0;52392;19834;0;10.0;3.8;0.0
02;2021-03-25;1836;607;0;54228;20441;0;10.3;3.9;0.0
02;2021-03-26;2508;501;0;56736;20942;0;10.8;4.0;0.0
02;2021-03-27;2525;158;0;59261;21100;0;11.3;4.0;0.0
02;2021-03-28;692;21;0;59953;21121;0;11.4;4.0;0.0
02;2021-03-29;1118;853;0;61071;21974;0;11.6;4.2;0.0
02;2021-03-30;1633;838;0;62704;22812;0;11.9;4.3;0.0
02;2021-03-31;1401;733;0;64105;23545;0;12.2;4.5;0.0
02;2021-04-01;1408;872;0;65513;24417;0;12.5;4.6;0.0
02;2021-04-02;1350;1212;0;66863;25629;0;12.7;4.9;0.0
02;2021-04-03;2645;869;0;69508;26498;0;13.2;5.0;0.0
02;2021-04-04;729;241;0;70237;26739;0;13.4;5.1;0.0
02;2021-04-05;1533;133;0;71770;26872;0;13.6;5.1;0.0
02;2021-04-06;1561;867;0;73331;27739;0;13.9;5.3;0.0
02;2021-04-07;1861;802;0;75192;28541;0;14.3;5.4;0.0
02;2021-04-08;1981;1143;0;77173;29684;0;14.7;5.6;0.0
02;2021-04-09;2574;1141;0;79747;30825;0;15.2;5.9;0.0
02;2021-04-10;2554;1213;0;82301;32038;0;15.6;6.1;0.0
02;2021-04-11;498;421;0;82799;32459;0;15.7;6.2;0.0
02;2021-04-12;1836;645;0;84635;33104;0;16.1;6.3;0.0
02;2021-04-13;1705;946;0;86340;34050;0;16.4;6.5;0.0
02;2021-04-14;2725;1005;0;89065;35055;0;16.9;6.7;0.0
02;2021-04-15;2740;869;0;91805;35924;0;17.5;6.8;0.0
02;2021-04-16;2590;1184;0;94395;37108;0;17.9;7.1;0.0
02;2021-04-17;1921;2129;0;96316;39237;0;18.3;7.5;0.0
02;2021-04-18;272;785;0;96588;40022;0;18.4;7.6;0.0
02;2021-04-19;1228;689;0;97816;40711;0;18.6;7.7;0.0
02;2021-04-20;1718;840;0;99534;41551;0;18.9;7.9;0.0
02;2021-04-21;1663;1079;0;101197;42630;0;19.2;8.1;0.0
02;2021-04-22;1883;840;0;103080;43470;0;19.6;8.3;0.0
02;2021-04-23;2074;1443;0;105154;44913;0;20.0;8.5;0.0
02;2021-04-24;1722;1678;0;106876;46591;0;20.3;8.9;0.0
02;2021-04-25;480;303;0;107356;46894;0;20.4;8.9;0.0
02;2021-04-26;1401;674;0;108757;47568;0;20.7;9.0;0.0
02;2021-04-27;1781;1176;0;110538;48744;0;21.0;9.3;0.0
02;2021-04-28;1785;1489;0;112323;50233;0;21.4;9.5;0.0
02;2021-04-29;2012;1271;0;114335;51504;0;21.7;9.8;0.0
02;2021-04-30;2841;1690;0;117176;53194;0;22.3;10.1;0.0
02;2021-05-01;2208;1245;0;119384;54439;0;22.7;10.3;0.0
02;2021-05-02;1926;548;0;121310;54987;0;23.1;10.5;0.0
02;2021-05-03;2362;1040;0;123672;56027;0;23.5;10.7;0.0
02;2021-05-04;1745;1393;0;125417;57420;0;23.8;10.9;0.0
02;2021-05-05;2629;1933;0;128046;59353;0;24.3;11.3;0.0
02;2021-05-06;2534;1925;0;130580;61278;0;24.8;11.6;0.0
02;2021-05-07;2675;2294;0;133255;63572;0;25.3;12.1;0.0
02;2021-05-08;2939;1067;0;136194;64639;0;25.9;12.3;0.0
02;2021-05-09;1907;445;0;138101;65084;0;26.3;12.4;0.0
02;2021-05-10;2538;1639;0;140639;66723;0;26.7;12.7;0.0
02;2021-05-11;3147;1670;0;143786;68393;0;27.3;13.0;0.0
02;2021-05-12;2939;1777;0;146725;70170;0;27.9;13.3;0.0
02;2021-05-13;3045;1013;0;149770;71183;0;28.5;13.5;0.0
02;2021-05-14;3690;1327;0;153460;72510;0;29.2;13.8;0.0
02;2021-05-15;4409;1205;0;157869;73715;0;30.0;14.0;0.0
02;2021-05-16;2860;222;0;160729;73937;0;30.6;14.1;0.0
02;2021-05-17;2416;775;0;163145;74712;0;31.0;14.2;0.0
02;2021-05-18;3031;1073;0;166176;75785;0;31.6;14.4;0.0
02;2021-05-19;3063;1122;0;169239;76907;0;32.2;14.6;0.0
02;2021-05-20;3672;1302;0;172911;78209;0;32.9;14.9;0.0
02;2021-05-21;3819;1167;0;176730;79376;0;33.6;15.1;0.0
02;2021-05-22;5285;1043;0;182015;80419;0;34.6;15.3;0.0
02;2021-05-23;2583;250;0;184598;80669;0;35.1;15.3;0.0
02;2021-05-24;3268;541;0;187866;81210;0;35.7;15.4;0.0
02;2021-05-25;2317;1279;0;190183;82489;0;36.2;15.7;0.0
02;2021-05-26;3108;1563;0;193291;84052;0;36.7;16.0;0.0
02;2021-05-27;3768;1579;0;197059;85631;0;37.5;16.3;0.0
02;2021-05-28;3631;1738;0;200690;87369;0;38.2;16.6;0.0
02;2021-05-29;3978;1645;0;204668;89014;0;38.9;16.9;0.0
02;2021-05-30;1368;200;0;206036;89214;0;39.2;17.0;0.0
02;2021-05-31;2573;1277;0;208609;90491;0;39.7;17.2;0.0
02;2021-06-01;2998;1913;0;211607;92404;0;40.2;17.6;0.0
02;2021-06-02;3292;1787;0;214899;94191;0;40.9;17.9;0.0
02;2021-06-03;3078;1954;0;217977;96145;0;41.4;18.3;0.0
02;2021-06-04;3358;2154;0;221335;98299;0;42.1;18.7;0.0
02;2021-06-05;3314;1855;0;224649;100154;0;42.7;19.0;0.0
02;2021-06-06;1585;279;0;226234;100433;0;43.0;19.1;0.0
02;2021-06-07;1827;1646;0;228061;102079;0;43.4;19.4;0.0
02;2021-06-08;2187;1972;0;230248;104051;0;43.8;19.8;0.0
02;2021-06-09;2236;1898;0;232484;105949;0;44.2;20.1;0.0
02;2021-06-10;2155;2080;0;234639;108029;0;44.6;20.5;0.0
02;2021-06-11;2300;3230;0;236939;111259;0;45.0;21.1;0.0
02;2021-06-12;2238;2810;0;239177;114069;0;45.5;21.7;0.0
02;2021-06-13;634;1455;0;239811;115524;0;45.6;22.0;0.0
02;2021-06-14;1117;2617;0;240928;118141;0;45.8;22.5;0.0
02;2021-06-15;1705;2696;0;242633;120837;0;46.1;23.0;0.0
02;2021-06-16;1595;2994;0;244228;123831;0;46.4;23.5;0.0
02;2021-06-17;1886;3161;0;246114;126992;0;46.8;24.1;0.0
02;2021-06-18;2322;3827;0;248436;130819;0;47.2;24.9;0.0
02;2021-06-19;1796;3908;0;250232;134727;0;47.6;25.6;0.0
02;2021-06-20;615;1559;0;250847;136286;0;47.7;25.9;0.0
02;2021-06-21;852;3348;0;251699;139634;0;47.8;26.5;0.0
02;2021-06-22;1235;3847;2;252934;143481;2;48.1;27.3;0.0
02;2021-06-23;1403;3732;0;254337;147213;2;48.3;28.0;0.0
02;2021-06-24;1413;3314;0;255750;150527;2;48.6;28.6;0.0
02;2021-06-25;1464;4864;0;257214;155391;2;48.9;29.5;0.0
02;2021-06-26;1323;4444;0;258537;159835;2;49.1;30.4;0.0
02;2021-06-27;564;2343;0;259101;162178;2;49.3;30.8;0.0
02;2021-06-28;903;3267;0;260004;165445;2;49.4;31.5;0.0
02;2021-06-29;999;3236;0;261003;168681;2;49.6;32.1;0.0
02;2021-06-30;1447;3424;0;262450;172105;2;49.9;32.7;0.0
02;2021-07-01;1369;3769;0;263819;175874;2;50.2;33.4;0.0
02;2021-07-02;1425;5191;0;265244;181065;2;50.4;34.4;0.0
02;2021-07-03;1043;5794;0;266287;186859;2;50.6;35.5;0.0
02;2021-07-04;528;2300;0;266815;189159;2;50.7;36.0;0.0
02;2021-07-05;690;3993;0;267505;193152;2;50.9;36.7;0.0
02;2021-07-06;870;3352;1;268375;196504;3;51.0;37.4;0.0
02;2021-07-07;1406;3856;1;269781;200360;4;51.3;38.1;0.0
02;2021-07-08;1550;3949;0;271331;204309;4;51.6;38.8;0.0
02;2021-07-09;1411;4360;0;272742;208669;4;51.8;39.7;0.0
02;2021-07-10;1382;4484;0;274124;213153;4;52.1;40.5;0.0
02;2021-07-11;491;1866;0;274615;215019;4;52.2;40.9;0.0
02;2021-07-12;1446;3806;0;276061;218825;4;52.5;41.6;0.0
02;2021-07-13;2213;3852;0;278274;222677;4;52.9;42.3;0.0
02;2021-07-14;1528;1630;0;279802;224307;4;53.2;42.6;0.0
02;2021-07-15;2868;3799;0;282670;228106;4;53.7;43.4;0.0
02;2021-07-16;3294;4484;0;285964;232590;4;54.4;44.2;0.0
02;2021-07-17;3442;4273;0;289406;236863;4;55.0;45.0;0.0
02;2021-07-18;1717;1512;0;291123;238375;4;55.3;45.3;0.0
02;2021-07-19;3243;3134;0;294366;241509;4;56.0;45.9;0.0
02;2021-07-20;3548;3502;0;297914;245011;4;56.6;46.6;0.0
02;2021-07-21;3948;3124;0;301862;248135;4;57.4;47.2;0.0
02;2021-07-22;3544;2988;0;305406;251123;4;58.1;47.7;0.0
02;2021-07-23;3487;3694;0;308893;254817;4;58.7;48.4;0.0
02;2021-07-24;4234;3576;0;313127;258393;4;59.5;49.1;0.0
02;2021-07-25;1937;1004;0;315064;259397;4;59.9;49.3;0.0
02;2021-07-26;3781;2279;0;318845;261676;4;60.6;49.7;0.0
02;2021-07-27;3829;2331;0;322674;264007;4;61.3;50.2;0.0
02;2021-07-28;3524;2311;0;326198;266318;4;62.0;50.6;0.0
02;2021-07-29;2998;2343;0;329196;268661;4;62.6;51.1;0.0
02;2021-07-30;3543;2485;0;332739;271146;4;63.3;51.5;0.0
02;2021-07-31;4079;2335;0;336818;273481;4;64.0;52.0;0.0
02;2021-08-01;1443;668;0;338261;274149;4;64.3;52.1;0.0
02;2021-08-02;2324;1684;0;340585;275833;4;64.7;52.4;0.0
02;2021-08-03;2894;2043;0;343479;277876;4;65.3;52.8;0.0
02;2021-08-04;2961;1833;0;346440;279709;4;65.9;53.2;0.0
02;2021-08-05;2228;2402;0;348668;282111;4;66.3;53.6;0.0
02;2021-08-06;2394;2832;0;351062;284943;4;66.7;54.2;0.0
02;2021-08-07;2731;2800;0;353793;287743;4;67.3;54.7;0.0
02;2021-08-08;1011;1346;0;354804;289089;4;67.4;55.0;0.0
02;2021-08-09;1950;2698;0;356754;291787;4;67.8;55.5;0.0
02;2021-08-10;1975;2653;0;358729;294440;4;68.2;56.0;0.0
02;2021-08-11;1759;2253;0;360488;296693;4;68.5;56.4;0.0
02;2021-08-12;1390;2401;0;361878;299094;4;68.8;56.9;0.0
02;2021-08-13;1741;2950;0;363619;302044;4;69.1;57.4;0.0
02;2021-08-14;1805;3621;0;365424;305665;4;69.5;58.1;0.0
02;2021-08-15;207;572;0;365631;306237;4;69.5;58.2;0.0
02;2021-08-16;1335;3714;0;366966;309951;4;69.8;58.9;0.0
02;2021-08-17;1497;2991;0;368463;312942;4;70.0;59.5;0.0
02;2021-08-18;1610;3210;0;370073;316152;4;70.3;60.1;0.0
02;2021-08-19;1201;3339;0;371274;319491;4;70.6;60.7;0.0
02;2021-08-20;1265;3144;0;372539;322635;4;70.8;61.3;0.0
02;2021-08-21;1495;4030;0;374034;326665;4;71.1;62.1;0.0
02;2021-08-22;401;1550;0;374435;328215;4;71.2;62.4;0.0
02;2021-08-23;1126;3164;0;375561;331379;4;71.4;63.0;0.0
02;2021-08-24;964;2496;0;376525;333875;4;71.6;63.5;0.0
02;2021-08-25;1076;2836;0;377601;336711;4;71.8;64.0;0.0
02;2021-08-26;956;2619;0;378557;339330;4;72.0;64.5;0.0
02;2021-08-27;1018;2826;0;379575;342156;4;72.2;65.0;0.0
02;2021-08-28;1275;3588;0;380850;345744;4;72.4;65.7;0.0
02;2021-08-29;318;1174;0;381168;346918;4;72.5;65.9;0.0
02;2021-08-30;951;2642;44;382119;349560;48;72.6;66.4;0.0
02;2021-08-31;876;2300;97;382995;351860;145;72.8;66.9;0.0
02;2021-09-01;741;1663;146;383736;353523;291;72.9;67.2;0.1
02;2021-09-02;673;1721;171;384409;355244;462;73.1;67.5;0.1
02;2021-09-03;679;1893;193;385088;357137;655;73.2;67.9;0.1
02;2021-09-04;872;2974;90;385960;360111;745;73.4;68.5;0.1
02;2021-09-05;229;457;71;386189;360568;816;73.4;68.5;0.2
02;2021-09-06;448;998;157;386637;361566;973;73.5;68.7;0.2
02;2021-09-07;453;1302;218;387090;362868;1191;73.6;69.0;0.2
02;2021-09-08;520;1777;159;387610;364645;1350;73.7;69.3;0.3
02;2021-09-09;435;1230;165;388045;365875;1515;73.8;69.6;0.3
02;2021-09-10;575;1417;211;388620;367292;1726;73.9;69.8;0.3
02;2021-09-11;746;2227;175;389366;369519;1901;74.0;70.2;0.4
02;2021-09-12;98;288;18;389464;369807;1919;74.0;70.3;0.4
02;2021-09-13;439;971;280;389903;370778;2199;74.1;70.5;0.4
02;2021-09-14;441;890;356;390344;371668;2555;74.2;70.7;0.5
02;2021-09-15;445;1361;572;390789;373029;3127;74.3;70.9;0.6
02;2021-09-16;450;846;412;391239;373875;3539;74.4;71.1;0.7
02;2021-09-17;585;979;463;391824;374854;4002;74.5;71.3;0.8
02;2021-09-18;550;2038;229;392374;376892;4231;74.6;71.6;0.8
02;2021-09-19;76;242;27;392450;377134;4258;74.6;71.7;0.8
02;2021-09-20;295;636;484;392745;377770;4742;74.7;71.8;0.9
02;2021-09-21;279;637;504;393024;378407;5246;74.7;71.9;1.0
02;2021-09-22;351;940;533;393375;379347;5779;74.8;72.1;1.1
02;2021-09-23;263;577;522;393638;379924;6301;74.8;72.2;1.2
02;2021-09-24;283;730;383;393921;380654;6684;74.9;72.4;1.3
02;2021-09-25;313;1205;301;394234;381859;6985;74.9;72.6;1.3
02;2021-09-26;39;159;13;394273;382018;6998;74.9;72.6;1.3
02;2021-09-27;169;395;420;394442;382413;7418;75.0;72.7;1.4
02;2021-09-28;166;386;455;394608;382799;7873;75.0;72.8;1.5
02;2021-09-29;227;464;528;394835;383263;8401;75.1;72.9;1.6
02;2021-09-30;232;473;458;395067;383736;8859;75.1;72.9;1.7
02;2021-10-01;356;672;507;395423;384408;9366;75.2;73.1;1.8
02;2021-10-02;393;875;323;395816;385283;9689;75.2;73.2;1.8
02;2021-10-03;33;69;23;395849;385352;9712;75.2;73.3;1.8
02;2021-10-04;156;386;529;396005;385738;10241;75.3;73.3;1.9
02;2021-10-05;177;332;402;396182;386070;10643;75.3;73.4;2.0
02;2021-10-06;254;437;532;396436;386507;11175;75.4;73.5;2.1
02;2021-10-07;219;434;588;396655;386941;11763;75.4;73.6;2.2
02;2021-10-08;310;602;691;396965;387543;12454;75.5;73.7;2.4
02;2021-10-09;315;700;498;397280;388243;12952;75.5;73.8;2.5
02;2021-10-10;31;67;23;397311;388310;12975;75.5;73.8;2.5
02;2021-10-11;176;325;414;397487;388635;13389;75.6;73.9;2.5
02;2021-10-12;140;297;509;397627;388932;13898;75.6;73.9;2.6
02;2021-10-13;237;403;662;397864;389335;14560;75.6;74.0;2.8
02;2021-10-14;210;319;566;398074;389654;15126;75.7;74.1;2.9
02;2021-10-15;283;430;763;398357;390084;15889;75.7;74.2;3.0
02;2021-10-16;307;409;495;398664;390493;16384;75.8;74.2;3.1
02;2021-10-17;15;31;10;398679;390524;16394;75.8;74.2;3.1
02;2021-10-18;158;242;565;398837;390766;16959;75.8;74.3;3.2
02;2021-10-19;121;228;419;398958;390994;17378;75.8;74.3;3.3
02;2021-10-20;259;293;886;399217;391287;18264;75.9;74.4;3.5
02;2021-10-21;151;249;611;399368;391536;18875;75.9;74.4;3.6
02;2021-10-22;294;415;987;399662;391951;19862;76.0;74.5;3.8
02;2021-10-23;226;384;446;399888;392335;20308;76.0;74.6;3.9
02;2021-10-24;6;8;11;399894;392343;20319;76.0;74.6;3.9
02;2021-10-25;147;216;721;400041;392559;21040;76.0;74.6;4.0
02;2021-10-26;80;150;601;400121;392709;21641;76.1;74.7;4.1
02;2021-10-27;168;252;839;400289;392961;22480;76.1;74.7;4.3
02;2021-10-28;160;207;719;400449;393168;23199;76.1;74.7;4.4
02;2021-10-29;270;378;1080;400719;393546;24279;76.2;74.8;4.6
02;2021-10-30;140;290;483;400859;393836;24762;76.2;74.9;4.7
02;2021-10-31;11;15;33;400870;393851;24795;76.2;74.9;4.7
02;2021-11-01;13;13;9;400883;393864;24804;76.2;74.9;4.7
02;2021-11-02;133;195;697;401016;394059;25501;76.2;74.9;4.8
02;2021-11-03;219;285;1043;401235;394344;26544;76.3;75.0;5.0
02;2021-11-04;141;231;745;401376;394575;27289;76.3;75.0;5.2
02;2021-11-05;203;320;1227;401579;394895;28516;76.3;75.1;5.4
02;2021-11-06;152;237;496;401731;395132;29012;76.4;75.1;5.5
02;2021-11-07;23;28;101;401754;395160;29113;76.4;75.1;5.5
02;2021-11-08;102;140;839;401856;395300;29952;76.4;75.1;5.7
02;2021-11-09;114;162;1147;401970;395462;31099;76.4;75.2;5.9
02;2021-11-10;175;281;1457;402145;395743;32556;76.4;75.2;6.2
02;2021-11-11;7;21;72;402152;395764;32628;76.4;75.2;6.2
02;2021-11-12;219;319;1539;402371;396083;34167;76.5;75.3;6.5
02;2021-11-13;173;271;1038;402544;396354;35205;76.5;75.3;6.7
02;2021-11-14;9;9;87;402553;396363;35292;76.5;75.3;6.7
02;2021-11-15;95;138;1174;402648;396501;36466;76.5;75.4;6.9
02;2021-11-16;118;120;1278;402766;396621;37744;76.6;75.4;7.2
02;2021-11-17;220;233;1617;402986;396854;39361;76.6;75.4;7.5
02;2021-11-18;144;201;1840;403130;397055;41201;76.6;75.5;7.8
02;2021-11-19;242;268;1978;403372;397323;43179;76.7;75.5;8.2
02;2021-11-20;175;192;923;403547;397515;44102;76.7;75.6;8.4
02;2021-11-21;7;10;69;403554;397525;44171;76.7;75.6;8.4
02;2021-11-22;165;103;1412;403719;397628;45583;76.7;75.6;8.7
02;2021-11-23;136;114;1279;403855;397742;46862;76.8;75.6;8.9
02;2021-11-24;184;217;1662;404039;397959;48524;76.8;75.7;9.2
02;2021-11-25;172;159;1852;404211;398118;50376;76.8;75.7;9.6
02;2021-11-26;242;238;3318;404453;398356;53694;76.9;75.7;10.2
02;2021-11-27;231;177;2501;404684;398533;56195;76.9;75.8;10.7
02;2021-11-28;40;24;1596;404724;398557;57791;76.9;75.8;11.0
02;2021-11-29;102;110;2650;404826;398667;60441;77.0;75.8;11.5
02;2021-11-30;140;144;3559;404966;398811;64000;77.0;75.8;12.2
02;2021-12-01;150;185;3732;405116;398996;67732;77.0;75.8;12.9
02;2021-12-02;136;80;4159;405252;399076;71891;77.0;75.9;13.7
02;2021-12-03;172;208;5214;405424;399284;77105;77.1;75.9;14.7
02;2021-12-04;134;172;4321;405558;399456;81426;77.1;75.9;15.5
02;2021-12-05;21;20;1097;405579;399476;82523;77.1;75.9;15.7
02;2021-12-06;113;118;3766;405692;399594;86289;77.1;76.0;16.4
02;2021-12-07;132;127;4583;405824;399721;90872;77.1;76.0;17.3
02;2021-12-08;140;164;5291;405964;399885;96163;77.2;76.0;18.3
02;2021-12-09;148;190;4962;406112;400075;101125;77.2;76.1;19.2
02;2021-12-10;183;245;5977;406295;400320;107102;77.2;76.1;20.4
02;2021-12-11;147;202;4958;406442;400522;112060;77.3;76.1;21.3
02;2021-12-12;58;20;1701;406500;400542;113761;77.3;76.1;21.6
02;2021-12-13;111;137;4761;406611;400679;118522;77.3;76.2;22.5
02;2021-12-14;134;167;5381;406745;400846;123903;77.3;76.2;23.6
02;2021-12-15;120;208;5119;406865;401054;129022;77.3;76.2;24.5
03;2020-12-27;0;0;0;0;0;0;0.0;0.0;0.0
03;2020-12-28;1;0;0;1;0;0;0.0;0.0;0.0
03;2020-12-29;0;0;0;1;0;0;0.0;0.0;0.0
03;2020-12-30;1;0;0;2;0;0;0.0;0.0;0.0
03;2020-12-31;0;0;0;2;0;0;0.0;0.0;0.0
03;2021-01-01;0;0;0;2;0;0;0.0;0.0;0.0
03;2021-01-02;0;0;0;2;0;0;0.0;0.0;0.0
03;2021-01-03;0;0;0;2;0;0;0.0;0.0;0.0
03;2021-01-04;0;0;0;2;0;0;0.0;0.0;0.0
03;2021-01-05;1;0;0;3;0;0;0.0;0.0;0.0
03;2021-01-06;12;0;0;15;0;0;0.0;0.0;0.0
03;2021-01-07;73;0;0;88;0;0;0.0;0.0;0.0
03;2021-01-08;141;1;0;229;1;0;0.1;0.0;0.0
03;2021-01-09;113;0;0;342;1;0;0.1;0.0;0.0
03;2021-01-10;4;0;0;346;1;0;0.1;0.0;0.0
03;2021-01-11;411;1;0;757;2;0;0.2;0.0;0.0
03;2021-01-12;607;1;0;1364;3;0;0.4;0.0;0.0
03;2021-01-13;743;2;0;2107;5;0;0.6;0.0;0.0
03;2021-01-14;837;5;0;2944;10;0;0.9;0.0;0.0
03;2021-01-15;374;3;0;3318;13;0;1.0;0.0;0.0
03;2021-01-16;260;0;0;3578;13;0;1.1;0.0;0.0
03;2021-01-17;37;0;0;3615;13;0;1.1;0.0;0.0
03;2021-01-18;874;1;0;4489;14;0;1.4;0.0;0.0
03;2021-01-19;1190;2;0;5679;16;0;1.7;0.0;0.0
03;2021-01-20;1327;3;0;7006;19;0;2.1;0.0;0.0
03;2021-01-21;1202;3;0;8208;22;0;2.5;0.0;0.0
03;2021-01-22;1108;5;0;9316;27;0;2.8;0.0;0.0
03;2021-01-23;449;1;0;9765;28;0;2.9;0.0;0.0
03;2021-01-24;1;0;0;9766;28;0;2.9;0.0;0.0
03;2021-01-25;213;0;0;9979;28;0;3.0;0.0;0.0
03;2021-01-26;739;14;0;10718;42;0;3.2;0.0;0.0
03;2021-01-27;703;10;0;11421;52;0;3.4;0.0;0.0
03;2021-01-28;1014;56;0;12435;108;0;3.8;0.0;0.0
03;2021-01-29;824;78;0;13259;186;0;4.0;0.1;0.0
03;2021-01-30;556;6;0;13815;192;0;4.2;0.1;0.0
03;2021-01-31;0;1;0;13815;193;0;4.2;0.1;0.0
03;2021-02-01;176;82;0;13991;275;0;4.2;0.1;0.0
03;2021-02-02;731;263;0;14722;538;0;4.4;0.2;0.0
03;2021-02-03;971;455;0;15693;993;0;4.7;0.3;0.0
03;2021-02-04;1513;646;0;17206;1639;0;5.2;0.5;0.0
03;2021-02-05;884;306;0;18090;1945;0;5.5;0.6;0.0
03;2021-02-06;146;15;0;18236;1960;0;5.5;0.6;0.0
03;2021-02-07;2;0;0;18238;1960;0;5.5;0.6;0.0
03;2021-02-08;145;63;0;18383;2023;0;5.5;0.6;0.0
03;2021-02-09;587;431;0;18970;2454;0;5.7;0.7;0.0
03;2021-02-10;490;416;0;19460;2870;0;5.9;0.9;0.0
03;2021-02-11;934;529;0;20394;3399;0;6.2;1.0;0.0
03;2021-02-12;1042;565;0;21436;3964;0;6.5;1.2;0.0
03;2021-02-13;125;160;0;21561;4124;0;6.5;1.2;0.0
03;2021-02-14;4;4;0;21565;4128;0;6.5;1.2;0.0
03;2021-02-15;301;855;0;21866;4983;0;6.6;1.5;0.0
03;2021-02-16;546;1132;0;22412;6115;0;6.8;1.8;0.0
03;2021-02-17;431;1305;0;22843;7420;0;6.9;2.2;0.0
03;2021-02-18;344;1240;0;23187;8660;0;7.0;2.6;0.0
03;2021-02-19;492;766;0;23679;9426;0;7.1;2.8;0.0
03;2021-02-20;115;181;0;23794;9607;0;7.2;2.9;0.0
03;2021-02-21;2;1;0;23796;9608;0;7.2;2.9;0.0
03;2021-02-22;170;210;0;23966;9818;0;7.2;3.0;0.0
03;2021-02-23;657;835;0;24623;10653;0;7.4;3.2;0.0
03;2021-02-24;582;974;0;25205;11627;0;7.6;3.5;0.0
03;2021-02-25;1046;1758;0;26251;13385;0;7.9;4.0;0.0
03;2021-02-26;780;1292;0;27031;14677;0;8.2;4.4;0.0
03;2021-02-27;97;247;0;27128;14924;0;8.2;4.5;0.0
03;2021-02-28;1;16;0;27129;14940;0;8.2;4.5;0.0
03;2021-03-01;186;243;0;27315;15183;0;8.2;4.6;0.0
03;2021-03-02;784;663;0;28099;15846;0;8.5;4.8;0.0
03;2021-03-03;857;453;0;28956;16299;0;8.7;4.9;0.0
03;2021-03-04;1490;582;0;30446;16881;0;9.2;5.1;0.0
03;2021-03-05;1064;714;0;31510;17595;0;9.5;5.3;0.0
03;2021-03-06;895;117;0;32405;17712;0;9.8;5.3;0.0
03;2021-03-07;14;2;0;32419;17714;0;9.8;5.3;0.0
03;2021-03-08;249;249;0;32668;17963;0;9.9;5.4;0.0
03;2021-03-09;942;448;0;33610;18411;0;10.1;5.6;0.0
03;2021-03-10;924;540;0;34534;18951;0;10.4;5.7;0.0
03;2021-03-11;1615;665;0;36149;19616;0;10.9;5.9;0.0
03;2021-03-12;1257;842;0;37406;20458;0;11.3;6.2;0.0
03;2021-03-13;858;112;0;38264;20570;0;11.5;6.2;0.0
03;2021-03-14;12;7;0;38276;20577;0;11.6;6.2;0.0
03;2021-03-15;301;205;0;38577;20782;0;11.6;6.3;0.0
03;2021-03-16;647;405;0;39224;21187;0;11.8;6.4;0.0
03;2021-03-17;1278;420;0;40502;21607;0;12.2;6.5;0.0
03;2021-03-18;1680;405;0;42182;22012;0;12.7;6.6;0.0
03;2021-03-19;1657;346;0;43839;22358;0;13.2;6.7;0.0
03;2021-03-20;303;29;0;44142;22387;0;13.3;6.8;0.0
03;2021-03-21;4;0;0;44146;22387;0;13.3;6.8;0.0
03;2021-03-22;258;392;0;44404;22779;0;13.4;6.9;0.0
03;2021-03-23;1308;361;0;45712;23140;0;13.8;7.0;0.0
03;2021-03-24;1808;336;0;47520;23476;0;14.3;7.1;0.0
03;2021-03-25;2320;545;0;49840;24021;0;15.0;7.3;0.0
03;2021-03-26;2267;435;0;52107;24456;0;15.7;7.4;0.0
03;2021-03-27;818;28;0;52925;24484;0;16.0;7.4;0.0
03;2021-03-28;14;35;0;52939;24519;0;16.0;7.4;0.0
03;2021-03-29;677;176;0;53616;24695;0;16.2;7.5;0.0
03;2021-03-30;1897;451;0;55513;25146;0;16.8;7.6;0.0
03;2021-03-31;1052;925;0;56565;26071;0;17.1;7.9;0.0
03;2021-04-01;1413;1094;0;57978;27165;0;17.5;8.2;0.0
03;2021-04-02;1711;629;0;59689;27794;0;18.0;8.4;0.0
03;2021-04-03;375;109;0;60064;27903;0;18.1;8.4;0.0
03;2021-04-04;32;0;0;60096;27903;0;18.1;8.4;0.0
03;2021-04-05;40;15;0;60136;27918;0;18.2;8.4;0.0
03;2021-04-06;1123;431;0;61259;28349;0;18.5;8.6;0.0
03;2021-04-07;1571;532;0;62830;28881;0;19.0;8.7;0.0
03;2021-04-08;2130;541;0;64960;29422;0;19.6;8.9;0.0
03;2021-04-09;2047;1105;0;67007;30527;0;20.2;9.2;0.0
03;2021-04-10;952;87;0;67959;30614;0;20.5;9.2;0.0
03;2021-04-11;364;11;0;68323;30625;0;20.6;9.2;0.0
03;2021-04-12;1013;253;0;69336;30878;0;20.9;9.3;0.0
03;2021-04-13;1831;963;0;71167;31841;0;21.5;9.6;0.0
03;2021-04-14;2192;1167;0;73359;33008;0;22.1;10.0;0.0
03;2021-04-15;2536;1366;0;75895;34374;0;22.9;10.4;0.0
03;2021-04-16;2670;1175;0;78565;35549;0;23.7;10.7;0.0
03;2021-04-17;1056;419;0;79621;35968;0;24.0;10.9;0.0
03;2021-04-18;26;7;0;79647;35975;0;24.0;10.9;0.0
03;2021-04-19;1164;609;0;80811;36584;0;24.4;11.0;0.0
03;2021-04-20;1704;1272;0;82515;37856;0;24.9;11.4;0.0
03;2021-04-21;1148;1266;0;83663;39122;0;25.3;11.8;0.0
03;2021-04-22;1660;1001;0;85323;40123;0;25.8;12.1;0.0
03;2021-04-23;2371;1284;0;87694;41407;0;26.5;12.5;0.0
03;2021-04-24;1257;920;0;88951;42327;0;26.8;12.8;0.0
03;2021-04-25;370;25;0;89321;42352;0;27.0;12.8;0.0
03;2021-04-26;1301;496;0;90622;42848;0;27.4;12.9;0.0
03;2021-04-27;1686;1580;0;92308;44428;0;27.9;13.4;0.0
03;2021-04-28;1879;1172;0;94187;45600;0;28.4;13.8;0.0
03;2021-04-29;2276;1211;0;96463;46811;0;29.1;14.1;0.0
03;2021-04-30;1819;834;0;98282;47645;0;29.7;14.4;0.0
03;2021-05-01;449;493;0;98731;48138;0;29.8;14.5;0.0
03;2021-05-02;27;12;0;98758;48150;0;29.8;14.5;0.0
03;2021-05-03;1799;789;0;100557;48939;0;30.4;14.8;0.0
03;2021-05-04;2655;1656;0;103212;50595;0;31.2;15.3;0.0
03;2021-05-05;2409;1323;0;105621;51918;0;31.9;15.7;0.0
03;2021-05-06;2851;1928;0;108472;53846;0;32.7;16.3;0.0
03;2021-05-07;4321;1754;0;112793;55600;0;34.0;16.8;0.0
03;2021-05-08;562;344;0;113355;55944;0;34.2;16.9;0.0
03;2021-05-09;56;366;0;113411;56310;0;34.2;17.0;0.0
03;2021-05-10;1751;1503;0;115162;57813;0;34.8;17.4;0.0
03;2021-05-11;3432;1856;0;118594;59669;0;35.8;18.0;0.0
03;2021-05-12;2584;1472;0;121178;61141;0;36.6;18.5;0.0
03;2021-05-13;3434;349;0;124612;61490;0;37.6;18.6;0.0
03;2021-05-14;3131;1642;0;127743;63132;0;38.6;19.1;0.0
03;2021-05-15;1706;473;0;129449;63605;0;39.1;19.2;0.0
03;2021-05-16;508;54;0;129957;63659;0;39.2;19.2;0.0
03;2021-05-17;1219;879;0;131176;64538;0;39.6;19.5;0.0
03;2021-05-18;2870;1492;0;134046;66030;0;40.5;19.9;0.0
03;2021-05-19;2361;932;0;136407;66962;0;41.2;20.2;0.0
03;2021-05-20;2969;1080;0;139376;68042;0;42.1;20.5;0.0
03;2021-05-21;3552;1260;0;142928;69302;0;43.1;20.9;0.0
03;2021-05-22;1741;350;0;144669;69652;0;43.7;21.0;0.0
03;2021-05-23;599;67;0;145268;69719;0;43.8;21.0;0.0
03;2021-05-24;1938;157;0;147206;69876;0;44.4;21.1;0.0
03;2021-05-25;2758;1651;0;149964;71527;0;45.3;21.6;0.0
03;2021-05-26;1966;1035;0;151930;72562;0;45.9;21.9;0.0
03;2021-05-27;2646;1166;0;154576;73728;0;46.7;22.3;0.0
03;2021-05-28;3116;2195;0;157692;75923;0;47.6;22.9;0.0
03;2021-05-29;1312;596;0;159004;76519;0;48.0;23.1;0.0
03;2021-05-30;173;27;0;159177;76546;0;48.0;23.1;0.0
03;2021-05-31;679;597;0;159856;77143;0;48.2;23.3;0.0
03;2021-06-01;2079;2293;0;161935;79436;0;48.9;24.0;0.0
03;2021-06-02;1425;1706;0;163360;81142;0;49.3;24.5;0.0
03;2021-06-03;1872;2589;0;165232;83731;0;49.9;25.3;0.0
03;2021-06-04;1538;2438;0;166770;86169;0;50.3;26.0;0.0
03;2021-06-05;911;1108;0;167681;87277;0;50.6;26.3;0.0
03;2021-06-06;78;23;0;167759;87300;0;50.6;26.3;0.0
03;2021-06-07;633;1822;0;168392;89122;0;50.8;26.9;0.0
03;2021-06-08;1384;2479;0;169776;91601;0;51.2;27.6;0.0
03;2021-06-09;1128;1785;0;170904;93386;0;51.6;28.2;0.0
03;2021-06-10;1226;2022;0;172130;95408;0;52.0;28.8;0.0
03;2021-06-11;1297;3223;0;173427;98631;0;52.3;29.8;0.0
03;2021-06-12;729;831;0;174156;99462;0;52.6;30.0;0.0
03;2021-06-13;42;28;0;174198;99490;0;52.6;30.0;0.0
03;2021-06-14;427;2005;0;174625;101495;0;52.7;30.6;0.0
03;2021-06-15;1169;3537;0;175794;105032;0;53.1;31.7;0.0
03;2021-06-16;773;2657;0;176567;107689;0;53.3;32.5;0.0
03;2021-06-17;1010;3058;0;177577;110747;0;53.6;33.4;0.0
03;2021-06-18;1052;3649;0;178629;114396;0;53.9;34.5;0.0
03;2021-06-19;571;1370;0;179200;115766;0;54.1;34.9;0.0
03;2021-06-20;29;26;0;179229;115792;0;54.1;34.9;0.0
03;2021-06-21;450;2358;0;179679;118150;0;54.2;35.7;0.0
03;2021-06-22;881;3587;0;180560;121737;0;54.5;36.7;0.0
03;2021-06-23;599;2796;0;181159;124533;0;54.7;37.6;0.0
03;2021-06-24;836;3506;0;181995;128039;0;54.9;38.6;0.0
03;2021-06-25;852;3451;0;182847;131490;0;55.2;39.7;0.0
03;2021-06-26;480;1812;0;183327;133302;0;55.3;40.2;0.0
03;2021-06-27;58;488;0;183385;133790;0;55.4;40.4;0.0
03;2021-06-28;605;1865;0;183990;135655;0;55.5;40.9;0.0
03;2021-06-29;973;3144;0;184963;138799;0;55.8;41.9;0.0
03;2021-06-30;773;2844;0;185736;141643;0;56.1;42.8;0.0
03;2021-07-01;906;2757;0;186642;144400;0;56.3;43.6;0.0
03;2021-07-02;875;3629;0;187517;148029;0;56.6;44.7;0.0
03;2021-07-03;450;1640;0;187967;149669;0;56.7;45.2;0.0
03;2021-07-04;35;294;0;188002;149963;0;56.7;45.3;0.0
03;2021-07-05;722;2074;0;188724;152037;0;57.0;45.9;0.0
03;2021-07-06;1073;3186;0;189797;155223;0;57.3;46.9;0.0
03;2021-07-07;789;2279;0;190586;157502;0;57.5;47.5;0.0
03;2021-07-08;942;2766;0;191528;160268;0;57.8;48.4;0.0
03;2021-07-09;1213;3035;0;192741;163303;0;58.2;49.3;0.0
03;2021-07-10;406;1470;0;193147;164773;0;58.3;49.7;0.0
03;2021-07-11;73;387;0;193220;165160;0;58.3;49.8;0.0
03;2021-07-12;833;1241;0;194053;166401;0;58.6;50.2;0.0
03;2021-07-13;2217;2924;0;196270;169325;0;59.2;51.1;0.0
03;2021-07-14;231;84;0;196501;169409;0;59.3;51.1;0.0
03;2021-07-15;2246;2211;0;198747;171620;0;60.0;51.8;0.0
03;2021-07-16;2334;2036;0;201081;173656;0;60.7;52.4;0.0
03;2021-07-17;921;1385;0;202002;175041;0;61.0;52.8;0.0
03;2021-07-18;82;21;0;202084;175062;0;61.0;52.8;0.0
03;2021-07-19;2081;1259;0;204165;176321;0;61.6;53.2;0.0
03;2021-07-20;2700;2825;0;206865;179146;0;62.4;54.1;0.0
03;2021-07-21;2712;1312;0;209577;180458;0;63.3;54.5;0.0
03;2021-07-22;2494;1732;0;212071;182190;0;64.0;55.0;0.0
03;2021-07-23;2732;1184;0;214803;183374;0;64.8;55.3;0.0
03;2021-07-24;648;541;0;215451;183915;0;65.0;55.5;0.0
03;2021-07-25;102;44;0;215553;183959;0;65.1;55.5;0.0
03;2021-07-26;1807;1441;0;217360;185400;0;65.6;56.0;0.0
03;2021-07-27;2915;1915;0;220275;187315;0;66.5;56.5;0.0
03;2021-07-28;2335;995;0;222610;188310;0;67.2;56.8;0.0
03;2021-07-29;2145;1352;0;224755;189662;0;67.8;57.2;0.0
03;2021-07-30;1930;1251;0;226685;190913;0;68.4;57.6;0.0
03;2021-07-31;837;736;0;227522;191649;0;68.7;57.8;0.0
03;2021-08-01;55;31;0;227577;191680;0;68.7;57.9;0.0
03;2021-08-02;1515;1459;0;229092;193139;0;69.1;58.3;0.0
03;2021-08-03;1977;2483;0;231069;195622;0;69.7;59.0;0.0
03;2021-08-04;1826;838;0;232895;196460;0;70.3;59.3;0.0
03;2021-08-05;1233;1653;0;234128;198113;0;70.7;59.8;0.0
03;2021-08-06;1261;977;0;235389;199090;0;71.0;60.1;0.0
03;2021-08-07;564;536;0;235953;199626;0;71.2;60.3;0.0
03;2021-08-08;81;71;0;236034;199697;0;71.2;60.3;0.0
03;2021-08-09;660;1319;0;236694;201016;0;71.4;60.7;0.0
03;2021-08-10;1569;2987;0;238263;204003;0;71.9;61.6;0.0
03;2021-08-11;1211;2125;0;239474;206128;0;72.3;62.2;0.0
03;2021-08-12;1045;2872;0;240519;209000;0;72.6;63.1;0.0
03;2021-08-13;815;1147;0;241334;210147;0;72.8;63.4;0.0
03;2021-08-14;387;594;0;241721;210741;0;73.0;63.6;0.0
03;2021-08-15;17;98;0;241738;210839;0;73.0;63.6;0.0
03;2021-08-16;678;2387;0;242416;213226;0;73.2;64.4;0.0
03;2021-08-17;1006;2795;0;243422;216021;0;73.5;65.2;0.0
03;2021-08-18;1094;1950;0;244516;217971;0;73.8;65.8;0.0
03;2021-08-19;926;2523;0;245442;220494;0;74.1;66.6;0.0
03;2021-08-20;725;1190;0;246167;221684;0;74.3;66.9;0.0
03;2021-08-21;395;722;0;246562;222406;0;74.4;67.1;0.0
03;2021-08-22;23;34;0;246585;222440;0;74.4;67.1;0.0
03;2021-08-23;715;2062;0;247300;224502;0;74.6;67.8;0.0
03;2021-08-24;843;2130;0;248143;226632;0;74.9;68.4;0.0
03;2021-08-25;835;1726;0;248978;228358;0;75.1;68.9;0.0
03;2021-08-26;528;1321;0;249506;229679;0;75.3;69.3;0.0
03;2021-08-27;457;1549;0;249963;231228;0;75.4;69.8;0.0
03;2021-08-28;217;621;0;250180;231849;0;75.5;70.0;0.0
03;2021-08-29;11;17;0;250191;231866;0;75.5;70.0;0.0
03;2021-08-30;717;1331;22;250908;233197;22;75.7;70.4;0.0
03;2021-08-31;683;1868;106;251591;235065;128;75.9;70.9;0.0
03;2021-09-01;573;1268;216;252164;236333;344;76.1;71.3;0.1
03;2021-09-02;452;1002;146;252616;237335;490;76.2;71.6;0.1
03;2021-09-03;482;1098;133;253098;238433;623;76.4;72.0;0.2
03;2021-09-04;252;602;26;253350;239035;649;76.5;72.1;0.2
03;2021-09-05;12;35;3;253362;239070;652;76.5;72.2;0.2
03;2021-09-06;313;690;417;253675;239760;1069;76.6;72.4;0.3
03;2021-09-07;566;1093;466;254241;240853;1535;76.7;72.7;0.5
03;2021-09-08;384;1203;305;254625;242056;1840;76.9;73.1;0.6
03;2021-09-09;242;612;292;254867;242668;2132;76.9;73.2;0.6
03;2021-09-10;409;914;326;255276;243582;2458;77.0;73.5;0.7
03;2021-09-11;200;601;42;255476;244183;2500;77.1;73.7;0.8
03;2021-09-12;7;19;2;255483;244202;2502;77.1;73.7;0.8
03;2021-09-13;275;603;314;255758;244805;2816;77.2;73.9;0.8
03;2021-09-14;412;884;526;256170;245689;3342;77.3;74.2;1.0
03;2021-09-15;337;960;386;256507;246649;3728;77.4;74.4;1.1
03;2021-09-16;200;547;421;256707;247196;4149;77.5;74.6;1.3
03;2021-09-17;166;383;335;256873;247579;4484;77.5;74.7;1.4
03;2021-09-18;144;324;103;257017;247903;4587;77.6;74.8;1.4
03;2021-09-19;3;19;0;257020;247922;4587;77.6;74.8;1.4
03;2021-09-20;181;423;422;257201;248345;5009;77.6;75.0;1.5
03;2021-09-21;239;671;673;257440;249016;5682;77.7;75.2;1.7
03;2021-09-22;259;664;656;257699;249680;6338;77.8;75.4;1.9
03;2021-09-23;160;424;630;257859;250104;6968;77.8;75.5;2.1
03;2021-09-24;146;350;302;258005;250454;7270;77.9;75.6;2.2
03;2021-09-25;61;268;44;258066;250722;7314;77.9;75.7;2.2
03;2021-09-26;2;2;0;258068;250724;7314;77.9;75.7;2.2
03;2021-09-27;120;336;287;258188;251060;7601;77.9;75.8;2.3
03;2021-09-28;171;583;694;258359;251643;8295;78.0;76.0;2.5
03;2021-09-29;195;463;602;258554;252106;8897;78.0;76.1;2.7
03;2021-09-30;119;236;467;258673;252342;9364;78.1;76.2;2.8
03;2021-10-01;165;477;326;258838;252819;9690;78.1;76.3;2.9
03;2021-10-02;89;191;136;258927;253010;9826;78.2;76.4;3.0
03;2021-10-03;0;1;6;258927;253011;9832;78.2;76.4;3.0
03;2021-10-04;51;118;228;258978;253129;10060;78.2;76.4;3.0
03;2021-10-05;158;369;622;259136;253498;10682;78.2;76.5;3.2
03;2021-10-06;260;496;749;259396;253994;11431;78.3;76.7;3.5
03;2021-10-07;95;202;540;259491;254196;11971;78.3;76.7;3.6
03;2021-10-08;136;284;500;259627;254480;12471;78.4;76.8;3.8
03;2021-10-09;105;175;229;259732;254655;12700;78.4;76.9;3.8
03;2021-10-10;6;8;72;259738;254663;12772;78.4;76.9;3.9
03;2021-10-11;168;276;568;259906;254939;13340;78.4;76.9;4.0
03;2021-10-12;167;275;711;260073;255214;14051;78.5;77.0;4.2
03;2021-10-13;243;364;755;260316;255578;14806;78.6;77.1;4.5
03;2021-10-14;90;159;578;260406;255737;15384;78.6;77.2;4.6
03;2021-10-15;97;188;307;260503;255925;15691;78.6;77.2;4.7
03;2021-10-16;72;100;149;260575;256025;15840;78.6;77.3;4.8
03;2021-10-17;2;2;4;260577;256027;15844;78.6;77.3;4.8
03;2021-10-18;71;121;372;260648;256148;16216;78.7;77.3;4.9
03;2021-10-19;92;136;547;260740;256284;16763;78.7;77.4;5.1
03;2021-10-20;165;323;1044;260905;256607;17807;78.7;77.5;5.4
03;2021-10-21;68;102;732;260973;256709;18539;78.8;77.5;5.6
03;2021-10-22;93;184;578;261066;256893;19117;78.8;77.5;5.8
03;2021-10-23;25;91;152;261091;256984;19269;78.8;77.6;5.8
03;2021-10-24;3;1;10;261094;256985;19279;78.8;77.6;5.8
03;2021-10-25;61;57;486;261155;257042;19765;78.8;77.6;6.0
03;2021-10-26;69;116;457;261224;257158;20222;78.8;77.6;6.1
03;2021-10-27;129;263;1285;261353;257421;21507;78.9;77.7;6.5
03;2021-10-28;70;95;689;261423;257516;22196;78.9;77.7;6.7
03;2021-10-29;59;118;491;261482;257634;22687;78.9;77.8;6.8
03;2021-10-30;28;58;149;261510;257692;22836;78.9;77.8;6.9
03;2021-10-31;0;2;5;261510;257694;22841;78.9;77.8;6.9
03;2021-11-01;8;20;34;261518;257714;22875;78.9;77.8;6.9
03;2021-11-02;58;133;643;261576;257847;23518;79.0;77.8;7.1
03;2021-11-03;144;314;1319;261720;258161;24837;79.0;77.9;7.5
03;2021-11-04;46;117;896;261766;258278;25733;79.0;78.0;7.8
03;2021-11-05;79;122;771;261845;258400;26504;79.0;78.0;8.0
03;2021-11-06;20;72;243;261865;258472;26747;79.0;78.0;8.1
03;2021-11-07;1;4;16;261866;258476;26763;79.0;78.0;8.1
03;2021-11-08;40;101;651;261906;258577;27414;79.1;78.0;8.3
03;2021-11-09;58;98;975;261964;258675;28389;79.1;78.1;8.6
03;2021-11-10;146;236;2030;262110;258911;30419;79.1;78.1;9.2
03;2021-11-11;3;5;44;262113;258916;30463;79.1;78.1;9.2
03;2021-11-12;38;96;655;262151;259012;31118;79.1;78.2;9.4
03;2021-11-13;21;23;344;262172;259035;31462;79.1;78.2;9.5
03;2021-11-14;1;5;9;262173;259040;31471;79.1;78.2;9.5
03;2021-11-15;41;63;853;262214;259103;32324;79.1;78.2;9.8
03;2021-11-16;61;82;1244;262275;259185;33568;79.2;78.2;10.1
03;2021-11-17;150;180;1984;262425;259365;35552;79.2;78.3;10.7
03;2021-11-18;69;73;1678;262494;259438;37230;79.2;78.3;11.2
03;2021-11-19;102;115;1454;262596;259553;38684;79.3;78.3;11.7
03;2021-11-20;46;37;570;262642;259590;39254;79.3;78.4;11.8
03;2021-11-21;0;4;16;262642;259594;39270;79.3;78.4;11.9
03;2021-11-22;57;31;934;262699;259625;40204;79.3;78.4;12.1
03;2021-11-23;59;45;1242;262758;259670;41446;79.3;78.4;12.5
03;2021-11-24;135;134;2006;262893;259804;43452;79.3;78.4;13.1
03;2021-11-25;69;66;1797;262962;259870;45249;79.4;78.4;13.7
03;2021-11-26;88;97;1919;263050;259967;47168;79.4;78.5;14.2
03;2021-11-27;32;41;657;263082;260008;47825;79.4;78.5;14.4
03;2021-11-28;1;3;37;263083;260011;47862;79.4;78.5;14.4
03;2021-11-29;42;59;1636;263125;260070;49498;79.4;78.5;14.9
03;2021-11-30;79;72;3142;263204;260142;52640;79.4;78.5;15.9
03;2021-12-01;78;125;3130;263282;260267;55770;79.5;78.6;16.8
03;2021-12-02;53;42;3673;263335;260309;59443;79.5;78.6;17.9
03;2021-12-03;66;60;3139;263401;260369;62582;79.5;78.6;18.9
03;2021-12-04;51;33;1657;263452;260402;64239;79.5;78.6;19.4
03;2021-12-05;1;3;75;263453;260405;64314;79.5;78.6;19.4
03;2021-12-06;39;50;2895;263492;260455;67209;79.5;78.6;20.3
03;2021-12-07;69;77;4307;263561;260532;71516;79.5;78.6;21.6
03;2021-12-08;51;145;3855;263612;260677;75371;79.6;78.7;22.7
03;2021-12-09;79;72;4343;263691;260749;79714;79.6;78.7;24.1
03;2021-12-10;78;111;5109;263769;260860;84823;79.6;78.7;25.6
03;2021-12-11;36;40;2191;263805;260900;87014;79.6;78.7;26.3
03;2021-12-12;2;5;102;263807;260905;87116;79.6;78.7;26.3
03;2021-12-13;56;69;3360;263863;260974;90476;79.6;78.8;27.3
03;2021-12-14;83;87;5041;263946;261061;95517;79.7;78.8;28.8
03;2021-12-15;60;138;4841;264006;261199;100358;79.7;78.8;30.3
04;2020-12-27;0;0;0;0;0;0;0.0;0.0;0.0
04;2020-12-28;0;0;0;0;0;0;0.0;0.0;0.0
04;2020-12-29;0;0;0;0;0;0;0.0;0.0;0.0
04;2020-12-30;0;0;0;0;0;0;0.0;0.0;0.0
04;2020-12-31;0;0;0;0;0;0;0.0;0.0;0.0
04;2021-01-01;0;0;0;0;0;0;0.0;0.0;0.0
04;2021-01-02;0;0;0;0;0;0;0.0;0.0;0.0
04;2021-01-03;0;0;0;0;0;0;0.0;0.0;0.0
04;2021-01-04;1;0;0;1;0;0;0.0;0.0;0.0
04;2021-01-05;3;0;0;4;0;0;0.0;0.0;0.0
04;2021-01-06;2;0;0;6;0;0;0.0;0.0;0.0
04;2021-01-07;53;0;0;59;0;0;0.0;0.0;0.0
04;2021-01-08;91;0;0;150;0;0;0.1;0.0;0.0
04;2021-01-09;29;0;0;179;0;0;0.1;0.0;0.0
04;2021-01-10;0;0;0;179;0;0;0.1;0.0;0.0
04;2021-01-11;75;0;0;254;0;0;0.2;0.0;0.0
04;2021-01-12;356;0;0;610;0;0;0.4;0.0;0.0
04;2021-01-13;209;2;0;819;2;0;0.5;0.0;0.0
04;2021-01-14;95;4;0;914;6;0;0.6;0.0;0.0
04;2021-01-15;172;4;0;1086;10;0;0.7;0.0;0.0
04;2021-01-16;80;2;0;1166;12;0;0.7;0.0;0.0
04;2021-01-17;14;0;0;1180;12;0;0.7;0.0;0.0
04;2021-01-18;223;5;0;1403;17;0;0.8;0.0;0.0
04;2021-01-19;445;4;0;1848;21;0;1.1;0.0;0.0
04;2021-01-20;531;9;0;2379;30;0;1.4;0.0;0.0
04;2021-01-21;531;3;0;2910;33;0;1.8;0.0;0.0
04;2021-01-22;541;1;0;3451;34;0;2.1;0.0;0.0
04;2021-01-23;95;1;0;3546;35;0;2.1;0.0;0.0
04;2021-01-24;0;0;0;3546;35;0;2.1;0.0;0.0
04;2021-01-25;225;0;0;3771;35;0;2.3;0.0;0.0
04;2021-01-26;584;2;0;4355;37;0;2.6;0.0;0.0
04;2021-01-27;449;1;0;4804;38;0;2.9;0.0;0.0
04;2021-01-28;565;22;0;5369;60;0;3.3;0.0;0.0
04;2021-01-29;326;65;0;5695;125;0;3.4;0.1;0.0
04;2021-01-30;49;28;0;5744;153;0;3.5;0.1;0.0
04;2021-01-31;1;3;0;5745;156;0;3.5;0.1;0.0
04;2021-02-01;251;126;0;5996;282;0;3.6;0.2;0.0
04;2021-02-02;513;208;0;6509;490;0;3.9;0.3;0.0
04;2021-02-03;296;134;0;6805;624;0;4.1;0.4;0.0
04;2021-02-04;302;65;0;7107;689;0;4.3;0.4;0.0
04;2021-02-05;352;192;0;7459;881;0;4.5;0.5;0.0
04;2021-02-06;33;74;0;7492;955;0;4.5;0.6;0.0
04;2021-02-07;3;12;0;7495;967;0;4.5;0.6;0.0
04;2021-02-08;159;74;0;7654;1041;0;4.6;0.6;0.0
04;2021-02-09;154;147;0;7808;1188;0;4.7;0.7;0.0
04;2021-02-10;253;177;0;8061;1365;0;4.9;0.8;0.0
04;2021-02-11;321;279;0;8382;1644;0;5.1;1.0;0.0
04;2021-02-12;286;309;0;8668;1953;0;5.2;1.2;0.0
04;2021-02-13;22;88;0;8690;2041;0;5.3;1.2;0.0
04;2021-02-14;0;1;0;8690;2042;0;5.3;1.2;0.0
04;2021-02-15;29;149;0;8719;2191;0;5.3;1.3;0.0
04;2021-02-16;79;455;0;8798;2646;0;5.3;1.6;0.0
04;2021-02-17;64;388;0;8862;3034;0;5.4;1.8;0.0
04;2021-02-18;56;547;0;8918;3581;0;5.4;2.2;0.0
04;2021-02-19;61;327;0;8979;3908;0;5.4;2.4;0.0
04;2021-02-20;7;59;0;8986;3967;0;5.4;2.4;0.0
04;2021-02-21;0;0;0;8986;3967;0;5.4;2.4;0.0
04;2021-02-22;15;284;0;9001;4251;0;5.4;2.6;0.0
04;2021-02-23;29;528;0;9030;4779;0;5.5;2.9;0.0
04;2021-02-24;43;400;0;9073;5179;0;5.5;3.1;0.0
04;2021-02-25;71;327;0;9144;5506;0;5.5;3.3;0.0
04;2021-02-26;206;299;0;9350;5805;0;5.7;3.5;0.0
04;2021-02-27;158;64;0;9508;5869;0;5.8;3.6;0.0
04;2021-02-28;0;0;0;9508;5869;0;5.8;3.6;0.0
04;2021-03-01;24;79;0;9532;5948;0;5.8;3.6;0.0
04;2021-03-02;141;45;0;9673;5993;0;5.9;3.6;0.0
04;2021-03-03;354;553;0;10027;6546;0;6.1;4.0;0.0
04;2021-03-04;212;438;0;10239;6984;0;6.2;4.2;0.0
04;2021-03-05;247;304;0;10486;7288;0;6.3;4.4;0.0
04;2021-03-06;849;60;0;11335;7348;0;6.9;4.4;0.0
04;2021-03-07;468;24;0;11803;7372;0;7.1;4.5;0.0
04;2021-03-08;62;87;0;11865;7459;0;7.2;4.5;0.0
04;2021-03-09;215;208;0;12080;7667;0;7.3;4.6;0.0
04;2021-03-10;400;302;0;12480;7969;0;7.6;4.8;0.0
04;2021-03-11;488;325;0;12968;8294;0;7.9;5.0;0.0
04;2021-03-12;682;207;0;13650;8501;0;8.3;5.1;0.0
04;2021-03-13;994;56;0;14644;8557;0;8.9;5.2;0.0
04;2021-03-14;410;7;0;15054;8564;0;9.1;5.2;0.0
04;2021-03-15;115;14;0;15169;8578;0;9.2;5.2;0.0
04;2021-03-16;88;15;0;15257;8593;0;9.2;5.2;0.0
04;2021-03-17;541;87;0;15798;8680;0;9.6;5.3;0.0
04;2021-03-18;786;34;0;16584;8714;0;10.0;5.3;0.0
04;2021-03-19;719;40;0;17303;8754;0;10.5;5.3;0.0
04;2021-03-20;150;4;0;17453;8758;0;10.6;5.3;0.0
04;2021-03-21;2;0;0;17455;8758;0;10.6;5.3;0.0
04;2021-03-22;151;19;0;17606;8777;0;10.7;5.3;0.0
04;2021-03-23;264;17;0;17870;8794;0;10.8;5.3;0.0
04;2021-03-24;1006;40;0;18876;8834;0;11.4;5.3;0.0
04;2021-03-25;1218;60;0;20094;8894;0;12.2;5.4;0.0
04;2021-03-26;1394;77;0;21488;8971;0;13.0;5.4;0.0
04;2021-03-27;240;17;0;21728;8988;0;13.2;5.4;0.0
04;2021-03-28;11;0;0;21739;8988;0;13.2;5.4;0.0
04;2021-03-29;663;27;0;22402;9015;0;13.6;5.5;0.0
04;2021-03-30;1035;143;0;23437;9158;0;14.2;5.5;0.0
04;2021-03-31;1260;113;0;24697;9271;0;15.0;5.6;0.0
04;2021-04-01;1054;134;0;25751;9405;0;15.6;5.7;0.0
04;2021-04-02;1120;127;0;26871;9532;0;16.3;5.8;0.0
04;2021-04-03;219;29;0;27090;9561;0;16.4;5.8;0.0
04;2021-04-04;11;4;0;27101;9565;0;16.4;5.8;0.0
04;2021-04-05;44;4;0;27145;9569;0;16.4;5.8;0.0
04;2021-04-06;894;153;0;28039;9722;0;17.0;5.9;0.0
04;2021-04-07;840;431;0;28879;10153;0;17.5;6.1;0.0
04;2021-04-08;876;636;0;29755;10789;0;18.0;6.5;0.0
04;2021-04-09;672;424;0;30427;11213;0;18.4;6.8;0.0
04;2021-04-10;238;160;0;30665;11373;0;18.6;6.9;0.0
04;2021-04-11;134;51;0;30799;11424;0;18.6;6.9;0.0
04;2021-04-12;604;127;0;31403;11551;0;19.0;7.0;0.0
04;2021-04-13;1050;238;0;32453;11789;0;19.6;7.1;0.0
04;2021-04-14;910;494;0;33363;12283;0;20.2;7.4;0.0
04;2021-04-15;832;641;0;34195;12924;0;20.7;7.8;0.0
04;2021-04-16;781;468;0;34976;13392;0;21.2;8.1;0.0
04;2021-04-17;217;86;0;35193;13478;0;21.3;8.2;0.0
04;2021-04-18;11;15;0;35204;13493;0;21.3;8.2;0.0
04;2021-04-19;356;296;0;35560;13789;0;21.5;8.3;0.0
04;2021-04-20;892;435;0;36452;14224;0;22.1;8.6;0.0
04;2021-04-21;630;717;0;37082;14941;0;22.4;9.0;0.0
04;2021-04-22;659;773;0;37741;15714;0;22.8;9.5;0.0
04;2021-04-23;676;535;0;38417;16249;0;23.3;9.8;0.0
04;2021-04-24;147;68;0;38564;16317;0;23.3;9.9;0.0
04;2021-04-25;5;8;0;38569;16325;0;23.3;9.9;0.0
04;2021-04-26;201;617;0;38770;16942;0;23.5;10.3;0.0
04;2021-04-27;388;882;0;39158;17824;0;23.7;10.8;0.0
04;2021-04-28;456;1012;0;39614;18836;0;24.0;11.4;0.0
04;2021-04-29;667;1026;0;40281;19862;0;24.4;12.0;0.0
04;2021-04-30;489;814;0;40770;20676;0;24.7;12.5;0.0
04;2021-05-01;94;25;0;40864;20701;0;24.7;12.5;0.0
04;2021-05-02;19;116;0;40883;20817;0;24.7;12.6;0.0
04;2021-05-03;193;545;0;41076;21362;0;24.9;12.9;0.0
04;2021-05-04;535;810;0;41611;22172;0;25.2;13.4;0.0
04;2021-05-05;474;880;0;42085;23052;0;25.5;14.0;0.0
04;2021-05-06;1047;559;0;43132;23611;0;26.1;14.3;0.0
04;2021-05-07;664;707;0;43796;24318;0;26.5;14.7;0.0
04;2021-05-08;87;78;0;43883;24396;0;26.6;14.8;0.0
04;2021-05-09;14;6;0;43897;24402;0;26.6;14.8;0.0
04;2021-05-10;484;359;0;44381;24761;0;26.9;15.0;0.0
04;2021-05-11;1158;851;0;45539;25612;0;27.6;15.5;0.0
04;2021-05-12;1357;680;0;46896;26292;0;28.4;15.9;0.0
04;2021-05-13;400;116;0;47296;26408;0;28.6;16.0;0.0
04;2021-05-14;491;300;0;47787;26708;0;28.9;16.2;0.0
04;2021-05-15;203;128;0;47990;26836;0;29.1;16.2;0.0
04;2021-05-16;50;8;0;48040;26844;0;29.1;16.2;0.0
04;2021-05-17;219;310;0;48259;27154;0;29.2;16.4;0.0
04;2021-05-18;451;923;0;48710;28077;0;29.5;17.0;0.0
04;2021-05-19;791;657;0;49501;28734;0;30.0;17.4;0.0
04;2021-05-20;1190;574;0;50691;29308;0;30.7;17.7;0.0
04;2021-05-21;909;765;0;51600;30073;0;31.2;18.2;0.0
04;2021-05-22;167;131;0;51767;30204;0;31.3;18.3;0.0
04;2021-05-23;24;6;0;51791;30210;0;31.4;18.3;0.0
04;2021-05-24;76;41;0;51867;30251;0;31.4;18.3;0.0
04;2021-05-25;854;548;0;52721;30799;0;31.9;18.6;0.0
04;2021-05-26;1017;757;0;53738;31556;0;32.5;19.1;0.0
04;2021-05-27;1280;608;0;55018;32164;0;33.3;19.5;0.0
04;2021-05-28;1073;649;0;56091;32813;0;34.0;19.9;0.0
04;2021-05-29;149;366;0;56240;33179;0;34.0;20.1;0.0
04;2021-05-30;15;8;0;56255;33187;0;34.1;20.1;0.0
04;2021-05-31;509;443;0;56764;33630;0;34.4;20.4;0.0
04;2021-06-01;726;614;0;57490;34244;0;34.8;20.7;0.0
04;2021-06-02;930;1018;0;58420;35262;0;35.4;21.3;0.0
04;2021-06-03;1129;773;0;59549;36035;0;36.0;21.8;0.0
04;2021-06-04;1005;790;0;60554;36825;0;36.7;22.3;0.0
04;2021-06-05;184;212;0;60738;37037;0;36.8;22.4;0.0
04;2021-06-06;23;27;0;60761;37064;0;36.8;22.4;0.0
04;2021-06-07;587;368;0;61348;37432;0;37.1;22.7;0.0
04;2021-06-08;790;581;0;62138;38013;0;37.6;23.0;0.0
04;2021-06-09;1084;683;0;63222;38696;0;38.3;23.4;0.0
04;2021-06-10;1050;578;0;64272;39274;0;38.9;23.8;0.0
04;2021-06-11;872;661;0;65144;39935;0;39.4;24.2;0.0
04;2021-06-12;255;167;0;65399;40102;0;39.6;24.3;0.0
04;2021-06-13;18;10;0;65417;40112;0;39.6;24.3;0.0
04;2021-06-14;468;386;0;65885;40498;0;39.9;24.5;0.0
04;2021-06-15;621;939;0;66506;41437;0;40.3;25.1;0.0
04;2021-06-16;904;741;0;67410;42178;0;40.8;25.5;0.0
04;2021-06-17;862;892;0;68272;43070;0;41.3;26.1;0.0
04;2021-06-18;713;858;0;68985;43928;0;41.8;26.6;0.0
04;2021-06-19;100;161;0;69085;44089;0;41.8;26.7;0.0
04;2021-06-20;12;22;0;69097;44111;0;41.8;26.7;0.0
04;2021-06-21;295;635;0;69392;44746;0;42.0;27.1;0.0
04;2021-06-22;374;1277;0;69766;46023;0;42.2;27.9;0.0
04;2021-06-23;431;1256;0;70197;47279;0;42.5;28.6;0.0
04;2021-06-24;699;793;0;70896;48072;0;42.9;29.1;0.0
04;2021-06-25;444;693;0;71340;48765;0;43.2;29.5;0.0
04;2021-06-26;79;241;0;71419;49006;0;43.2;29.7;0.0
04;2021-06-27;10;25;0;71429;49031;0;43.2;29.7;0.0
04;2021-06-28;160;416;0;71589;49447;0;43.3;29.9;0.0
04;2021-06-29;363;857;0;71952;50304;0;43.6;30.5;0.0
04;2021-06-30;493;1105;0;72445;51409;0;43.9;31.1;0.0
04;2021-07-01;522;1158;0;72967;52567;0;44.2;31.8;0.0
04;2021-07-02;497;1096;0;73464;53663;0;44.5;32.5;0.0
04;2021-07-03;90;221;0;73554;53884;0;44.5;32.6;0.0
04;2021-07-04;14;28;0;73568;53912;0;44.5;32.6;0.0
04;2021-07-05;155;418;0;73723;54330;0;44.6;32.9;0.0
04;2021-07-06;441;1349;0;74164;55679;0;44.9;33.7;0.0
04;2021-07-07;472;1268;0;74636;56947;0;45.2;34.5;0.0
04;2021-07-08;626;1206;0;75262;58153;0;45.6;35.2;0.0
04;2021-07-09;554;1078;0;75816;59231;0;45.9;35.9;0.0
04;2021-07-10;121;215;0;75937;59446;0;46.0;36.0;0.0
04;2021-07-11;14;45;0;75951;59491;0;46.0;36.0;0.0
04;2021-07-12;154;708;0;76105;60199;0;46.1;36.4;0.0
04;2021-07-13;746;1462;0;76851;61661;0;46.5;37.3;0.0
04;2021-07-14;91;81;0;76942;61742;0;46.6;37.4;0.0
04;2021-07-15;999;1500;0;77941;63242;0;47.2;38.3;0.0
04;2021-07-16;1049;1140;0;78990;64382;0;47.8;39.0;0.0
04;2021-07-17;455;276;0;79445;64658;0;48.1;39.1;0.0
04;2021-07-18;121;42;0;79566;64700;0;48.2;39.2;0.0
04;2021-07-19;512;695;0;80078;65395;0;48.5;39.6;0.0
04;2021-07-20;1187;1323;0;81265;66718;0;49.2;40.4;0.0
04;2021-07-21;948;1088;0;82213;67806;0;49.8;41.0;0.0
04;2021-07-22;1327;1189;0;83540;68995;0;50.6;41.8;0.0
04;2021-07-23;1149;1096;0;84689;70091;0;51.3;42.4;0.0
04;2021-07-24;594;250;0;85283;70341;0;51.6;42.6;0.0
04;2021-07-25;55;30;0;85338;70371;0;51.7;42.6;0.0
04;2021-07-26;516;637;0;85854;71008;0;52.0;43.0;0.0
04;2021-07-27;1232;927;0;87086;71935;0;52.7;43.5;0.0
04;2021-07-28;1117;990;0;88203;72925;0;53.4;44.1;0.0
04;2021-07-29;1367;1083;0;89570;74008;0;54.2;44.8;0.0
04;2021-07-30;1167;820;0;90737;74828;0;54.9;45.3;0.0
04;2021-07-31;293;193;0;91030;75021;0;55.1;45.4;0.0
04;2021-08-01;55;27;0;91085;75048;0;55.1;45.4;0.0
04;2021-08-02;256;175;0;91341;75223;0;55.3;45.5;0.0
04;2021-08-03;1156;935;0;92497;76158;0;56.0;46.1;0.0
04;2021-08-04;1077;714;0;93574;76872;0;56.6;46.5;0.0
04;2021-08-05;977;563;0;94551;77435;0;57.2;46.9;0.0
04;2021-08-06;575;461;0;95126;77896;0;57.6;47.2;0.0
04;2021-08-07;206;228;0;95332;78124;0;57.7;47.3;0.0
04;2021-08-08;44;25;0;95376;78149;0;57.7;47.3;0.0
04;2021-08-09;204;222;0;95580;78371;0;57.9;47.4;0.0
04;2021-08-10;588;845;0;96168;79216;0;58.2;48.0;0.0
04;2021-08-11;1072;911;0;97240;80127;0;58.9;48.5;0.0
04;2021-08-12;977;1078;0;98217;81205;0;59.5;49.2;0.0
04;2021-08-13;486;438;0;98703;81643;0;59.7;49.4;0.0
04;2021-08-14;144;161;0;98847;81804;0;59.8;49.5;0.0
04;2021-08-15;16;21;0;98863;81825;0;59.8;49.5;0.0
04;2021-08-16;203;306;0;99066;82131;0;60.0;49.7;0.0
04;2021-08-17;456;969;0;99522;83100;0;60.2;50.3;0.0
04;2021-08-18;643;1269;0;100165;84369;0;60.6;51.1;0.0
04;2021-08-19;608;1247;0;100773;85616;0;61.0;51.8;0.0
04;2021-08-20;716;1353;0;101489;86969;0;61.4;52.6;0.0
04;2021-08-21;107;213;0;101596;87182;0;61.5;52.8;0.0
04;2021-08-22;13;47;0;101609;87229;0;61.5;52.8;0.0
04;2021-08-23;105;226;0;101714;87455;0;61.6;52.9;0.0
04;2021-08-24;589;1318;0;102303;88773;0;61.9;53.7;0.0
04;2021-08-25;581;1137;0;102884;89910;0;62.3;54.4;0.0
04;2021-08-26;427;1053;0;103311;90963;0;62.5;55.1;0.0
04;2021-08-27;428;940;0;103739;91903;0;62.8;55.6;0.0
04;2021-08-28;148;285;0;103887;92188;0;62.9;55.8;0.0
04;2021-08-29;31;43;0;103918;92231;0;62.9;55.8;0.0
04;2021-08-30;131;342;8;104049;92573;8;63.0;56.0;0.0
04;2021-08-31;495;923;27;104544;93496;35;63.3;56.6;0.0
04;2021-09-01;492;1134;50;105036;94630;85;63.6;57.3;0.1
04;2021-09-02;322;838;80;105358;95468;165;63.8;57.8;0.1
04;2021-09-03;292;770;56;105650;96238;221;64.0;58.3;0.1
04;2021-09-04;151;282;14;105801;96520;235;64.0;58.4;0.1
04;2021-09-05;26;17;0;105827;96537;235;64.1;58.4;0.1
04;2021-09-06;98;202;6;105925;96739;241;64.1;58.6;0.1
04;2021-09-07;344;770;194;106269;97509;435;64.3;59.0;0.3
04;2021-09-08;331;728;153;106600;98237;588;64.5;59.5;0.4
04;2021-09-09;304;608;205;106904;98845;793;64.7;59.8;0.5
04;2021-09-10;281;674;128;107185;99519;921;64.9;60.2;0.6
04;2021-09-11;105;185;39;107290;99704;960;64.9;60.4;0.6
04;2021-09-12;8;20;3;107298;99724;963;65.0;60.4;0.6
04;2021-09-13;109;117;33;107407;99841;996;65.0;60.4;0.6
04;2021-09-14;319;535;307;107726;100376;1303;65.2;60.8;0.8
04;2021-09-15;282;631;345;108008;101007;1648;65.4;61.1;1.0
04;2021-09-16;274;446;296;108282;101453;1944;65.5;61.4;1.2
04;2021-09-17;186;493;145;108468;101946;2089;65.7;61.7;1.3
04;2021-09-18;53;160;61;108521;102106;2150;65.7;61.8;1.3
04;2021-09-19;7;18;1;108528;102124;2151;65.7;61.8;1.3
04;2021-09-20;86;89;37;108614;102213;2188;65.7;61.9;1.3
04;2021-09-21;171;523;285;108785;102736;2473;65.9;62.2;1.5
04;2021-09-22;149;627;213;108934;103363;2686;65.9;62.6;1.6
04;2021-09-23;165;321;214;109099;103684;2900;66.0;62.8;1.8
04;2021-09-24;157;433;153;109256;104117;3053;66.1;63.0;1.8
04;2021-09-25;47;137;105;109303;104254;3158;66.2;63.1;1.9
04;2021-09-26;4;22;4;109307;104276;3162;66.2;63.1;1.9
04;2021-09-27;33;98;17;109340;104374;3179;66.2;63.2;1.9
04;2021-09-28;120;255;220;109460;104629;3399;66.3;63.3;2.1
04;2021-09-29;134;354;207;109594;104983;3606;66.3;63.6;2.2
04;2021-09-30;108;236;154;109702;105219;3760;66.4;63.7;2.3
04;2021-10-01;158;206;124;109860;105425;3884;66.5;63.8;2.4
04;2021-10-02;70;158;82;109930;105583;3966;66.5;63.9;2.4
04;2021-10-03;0;5;0;109930;105588;3966;66.5;63.9;2.4
04;2021-10-04;49;71;22;109979;105659;3988;66.6;64.0;2.4
04;2021-10-05;159;311;269;110138;105970;4257;66.7;64.1;2.6
04;2021-10-06;165;308;195;110303;106278;4452;66.8;64.3;2.7
04;2021-10-07;99;248;212;110402;106526;4664;66.8;64.5;2.8
04;2021-10-08;120;185;181;110522;106711;4845;66.9;64.6;2.9
04;2021-10-09;38;106;70;110560;106817;4915;66.9;64.7;3.0
04;2021-10-10;5;6;0;110565;106823;4915;66.9;64.7;3.0
04;2021-10-11;45;125;70;110610;106948;4985;67.0;64.7;3.0
04;2021-10-12;111;169;310;110721;107117;5295;67.0;64.8;3.2
04;2021-10-13;151;249;271;110872;107366;5566;67.1;65.0;3.4
04;2021-10-14;82;178;211;110954;107544;5777;67.2;65.1;3.5
04;2021-10-15;80;147;244;111034;107691;6021;67.2;65.2;3.6
04;2021-10-16;37;74;87;111071;107765;6108;67.2;65.2;3.7
04;2021-10-17;1;4;0;111072;107769;6108;67.2;65.2;3.7
04;2021-10-18;64;104;111;111136;107873;6219;67.3;65.3;3.8
04;2021-10-19;71;176;319;111207;108049;6538;67.3;65.4;4.0
04;2021-10-20;110;185;352;111317;108234;6890;67.4;65.5;4.2
04;2021-10-21;53;111;287;111370;108345;7177;67.4;65.6;4.3
04;2021-10-22;70;115;181;111440;108460;7358;67.5;65.7;4.5
04;2021-10-23;55;65;138;111495;108525;7496;67.5;65.7;4.5
04;2021-10-24;3;8;3;111498;108533;7499;67.5;65.7;4.5
04;2021-10-25;35;40;42;111533;108573;7541;67.5;65.7;4.6
04;2021-10-26;72;89;300;111605;108662;7841;67.6;65.8;4.7
04;2021-10-27;107;187;477;111712;108849;8318;67.6;65.9;5.0
04;2021-10-28;69;73;317;111781;108922;8635;67.7;65.9;5.2
04;2021-10-29;62;81;184;111843;109003;8819;67.7;66.0;5.3
04;2021-10-30;59;57;194;111902;109060;9013;67.7;66.0;5.5
04;2021-10-31;3;11;11;111905;109071;9024;67.7;66.0;5.5
04;2021-11-01;17;9;15;111922;109080;9039;67.8;66.0;5.5
04;2021-11-02;59;66;294;111981;109146;9333;67.8;66.1;5.6
04;2021-11-03;78;134;388;112059;109280;9721;67.8;66.2;5.9
04;2021-11-04;55;83;412;112114;109363;10133;67.9;66.2;6.1
04;2021-11-05;72;125;467;112186;109488;10600;67.9;66.3;6.4
04;2021-11-06;44;56;238;112230;109544;10838;67.9;66.3;6.6
04;2021-11-07;23;17;7;112253;109561;10845;68.0;66.3;6.6
04;2021-11-08;35;44;146;112288;109605;10991;68.0;66.3;6.7
04;2021-11-09;59;95;463;112347;109700;11454;68.0;66.4;6.9
04;2021-11-10;86;130;570;112433;109830;12024;68.1;66.5;7.3
04;2021-11-11;11;13;12;112444;109843;12036;68.1;66.5;7.3
04;2021-11-12;63;78;377;112507;109921;12413;68.1;66.5;7.5
04;2021-11-13;29;47;206;112536;109968;12619;68.1;66.6;7.6
04;2021-11-14;3;9;17;112539;109977;12636;68.1;66.6;7.6
04;2021-11-15;49;48;290;112588;110025;12926;68.2;66.6;7.8
04;2021-11-16;49;82;584;112637;110107;13510;68.2;66.7;8.2
04;2021-11-17;84;92;576;112721;110199;14086;68.2;66.7;8.5
04;2021-11-18;72;74;631;112793;110273;14717;68.3;66.8;8.9
04;2021-11-19;88;106;634;112881;110379;15351;68.3;66.8;9.3
04;2021-11-20;70;63;353;112951;110442;15704;68.4;66.9;9.5
04;2021-11-21;4;9;13;112955;110451;15717;68.4;66.9;9.5
04;2021-11-22;39;43;327;112994;110494;16044;68.4;66.9;9.7
04;2021-11-23;54;64;739;113048;110558;16783;68.4;66.9;10.2
04;2021-11-24;93;96;788;113141;110654;17571;68.5;67.0;10.6
04;2021-11-25;77;59;856;113218;110713;18427;68.5;67.0;11.2
04;2021-11-26;99;75;1052;113317;110788;19479;68.6;67.1;11.8
04;2021-11-27;58;64;479;113375;110852;19958;68.6;67.1;12.1
04;2021-11-28;2;15;27;113377;110867;19985;68.6;67.1;12.1
04;2021-11-29;61;63;876;113438;110930;20861;68.7;67.2;12.6
04;2021-11-30;99;75;1481;113537;111005;22342;68.7;67.2;13.5
04;2021-12-01;101;132;1267;113638;111137;23609;68.8;67.3;14.3
04;2021-12-02;59;62;1426;113697;111199;25035;68.8;67.3;15.2
04;2021-12-03;51;81;1299;113748;111280;26334;68.9;67.4;15.9
04;2021-12-04;69;76;943;113817;111356;27277;68.9;67.4;16.5
04;2021-12-05;8;8;152;113825;111364;27429;68.9;67.4;16.6
04;2021-12-06;51;72;701;113876;111436;28130;68.9;67.5;17.0
04;2021-12-07;84;85;1808;113960;111521;29938;69.0;67.5;18.1
04;2021-12-08;94;93;1902;114054;111614;31840;69.0;67.6;19.3
04;2021-12-09;84;69;1609;114138;111683;33449;69.1;67.6;20.2
04;2021-12-10;81;84;1428;114219;111767;34877;69.1;67.7;21.1
04;2021-12-11;65;66;1080;114284;111833;35957;69.2;67.7;21.8
04;2021-12-12;10;13;202;114294;111846;36159;69.2;67.7;21.9
04;2021-12-13;62;66;866;114356;111912;37025;69.2;67.7;22.4
04;2021-12-14;88;114;1759;114444;112026;38784;69.3;67.8;23.5
04;2021-12-15;102;126;1998;114546;112152;40782;69.3;67.9;24.7
05;2020-12-27;0;0;0;0;0;0;0.0;0.0;0.0
05;2020-12-28;1;0;0;1;0;0;0.0;0.0;0.0
05;2020-12-29;1;0;0;2;0;0;0.0;0.0;0.0
05;2020-12-30;2;0;0;4;0;0;0.0;0.0;0.0
05;2020-12-31;0;0;0;4;0;0;0.0;0.0;0.0
05;2021-01-01;1;0;0;5;0;0;0.0;0.0;0.0
05;2021-01-02;2;0;0;7;0;0;0.0;0.0;0.0
05;2021-01-03;2;0;0;9;0;0;0.0;0.0;0.0
05;2021-01-04;1;0;0;10;0;0;0.0;0.0;0.0
05;2021-01-05;1;0;0;11;0;0;0.0;0.0;0.0
05;2021-01-06;22;0;0;33;0;0;0.0;0.0;0.0
05;2021-01-07;127;0;0;160;0;0;0.1;0.0;0.0
05;2021-01-08;126;1;0;286;1;0;0.2;0.0;0.0
05;2021-01-09;28;0;0;314;1;0;0.2;0.0;0.0
05;2021-01-10;0;0;0;314;1;0;0.2;0.0;0.0
05;2021-01-11;45;0;0;359;1;0;0.3;0.0;0.0
05;2021-01-12;106;0;0;465;1;0;0.3;0.0;0.0
05;2021-01-13;146;0;0;611;1;0;0.4;0.0;0.0
05;2021-01-14;166;0;0;777;1;0;0.5;0.0;0.0
05;2021-01-15;126;2;0;903;3;0;0.6;0.0;0.0
05;2021-01-16;18;0;0;921;3;0;0.6;0.0;0.0
05;2021-01-17;0;0;0;921;3;0;0.6;0.0;0.0
05;2021-01-18;215;3;0;1136;6;0;0.8;0.0;0.0
05;2021-01-19;232;0;0;1368;6;0;1.0;0.0;0.0
05;2021-01-20;214;1;0;1582;7;0;1.1;0.0;0.0
05;2021-01-21;251;0;0;1833;7;0;1.3;0.0;0.0
05;2021-01-22;189;1;0;2022;8;0;1.4;0.0;0.0
05;2021-01-23;112;0;0;2134;8;0;1.5;0.0;0.0
05;2021-01-24;2;0;0;2136;8;0;1.5;0.0;0.0
05;2021-01-25;295;0;0;2431;8;0;1.7;0.0;0.0
05;2021-01-26;452;1;0;2883;9;0;2.0;0.0;0.0
05;2021-01-27;357;5;0;3240;14;0;2.3;0.0;0.0
05;2021-01-28;347;54;0;3587;68;0;2.5;0.0;0.0
05;2021-01-29;350;88;0;3937;156;0;2.8;0.1;0.0
05;2021-01-30;95;8;0;4032;164;0;2.8;0.1;0.0
05;2021-01-31;3;0;0;4035;164;0;2.8;0.1;0.0
05;2021-02-01;175;28;0;4210;192;0;3.0;0.1;0.0
05;2021-02-02;183;127;0;4393;319;0;3.1;0.2;0.0
05;2021-02-03;202;77;0;4595;396;0;3.2;0.3;0.0
05;2021-02-04;192;125;0;4787;521;0;3.4;0.4;0.0
05;2021-02-05;175;106;0;4962;627;0;3.5;0.4;0.0
05;2021-02-06;74;24;0;5036;651;0;3.6;0.5;0.0
05;2021-02-07;0;6;0;5036;657;0;3.6;0.5;0.0
05;2021-02-08;85;124;0;5121;781;0;3.6;0.6;0.0
05;2021-02-09;100;123;0;5221;904;0;3.7;0.6;0.0
05;2021-02-10;81;171;0;5302;1075;0;3.7;0.8;0.0
05;2021-02-11;90;138;0;5392;1213;0;3.8;0.9;0.0
05;2021-02-12;88;137;0;5480;1350;0;3.9;1.0;0.0
05;2021-02-13;77;30;0;5557;1380;0;3.9;1.0;0.0
05;2021-02-14;1;0;0;5558;1380;0;3.9;1.0;0.0
05;2021-02-15;94;187;0;5652;1567;0;4.0;1.1;0.0
05;2021-02-16;113;276;0;5765;1843;0;4.1;1.3;0.0
05;2021-02-17;133;220;0;5898;2063;0;4.2;1.5;0.0
05;2021-02-18;152;284;0;6050;2347;0;4.3;1.7;0.0
05;2021-02-19;158;299;0;6208;2646;0;4.4;1.9;0.0
05;2021-02-20;34;88;0;6242;2734;0;4.4;1.9;0.0
05;2021-02-21;0;0;0;6242;2734;0;4.4;1.9;0.0
05;2021-02-22;66;244;0;6308;2978;0;4.4;2.1;0.0
05;2021-02-23;19;222;0;6327;3200;0;4.5;2.3;0.0
05;2021-02-24;30;183;0;6357;3383;0;4.5;2.4;0.0
05;2021-02-25;75;176;0;6432;3559;0;4.5;2.5;0.0
05;2021-02-26;166;206;0;6598;3765;0;4.7;2.7;0.0
05;2021-02-27;73;156;0;6671;3921;0;4.7;2.8;0.0
05;2021-02-28;10;0;0;6681;3921;0;4.7;2.8;0.0
05;2021-03-01;98;155;0;6779;4076;0;4.8;2.9;0.0
05;2021-03-02;100;192;0;6879;4268;0;4.9;3.0;0.0
05;2021-03-03;125;218;0;7004;4486;0;4.9;3.2;0.0
05;2021-03-04;257;170;0;7261;4656;0;5.1;3.3;0.0
05;2021-03-05;560;188;0;7821;4844;0;5.5;3.4;0.0
05;2021-03-06;654;60;0;8475;4904;0;6.0;3.5;0.0
05;2021-03-07;482;24;0;8957;4928;0;6.3;3.5;0.0
05;2021-03-08;518;137;0;9475;5065;0;6.7;3.6;0.0
05;2021-03-09;516;153;0;9991;5218;0;7.0;3.7;0.0
05;2021-03-10;508;143;0;10499;5361;0;7.4;3.8;0.0
05;2021-03-11;372;134;0;10871;5495;0;7.7;3.9;0.0
05;2021-03-12;451;93;0;11322;5588;0;8.0;3.9;0.0
05;2021-03-13;766;101;0;12088;5689;0;8.5;4.0;0.0
05;2021-03-14;645;12;0;12733;5701;0;9.0;4.0;0.0
05;2021-03-15;339;119;0;13072;5820;0;9.2;4.1;0.0
05;2021-03-16;153;144;0;13225;5964;0;9.3;4.2;0.0
05;2021-03-17;260;126;0;13485;6090;0;9.5;4.3;0.0
05;2021-03-18;352;44;0;13837;6134;0;9.8;4.3;0.0
05;2021-03-19;448;60;0;14285;6194;0;10.1;4.4;0.0
05;2021-03-20;172;34;0;14457;6228;0;10.2;4.4;0.0
05;2021-03-21;1;0;0;14458;6228;0;10.2;4.4;0.0
05;2021-03-22;697;51;0;15155;6279;0;10.7;4.4;0.0
05;2021-03-23;771;22;0;15926;6301;0;11.2;4.4;0.0
05;2021-03-24;770;90;0;16696;6391;0;11.8;4.5;0.0
05;2021-03-25;874;75;0;17570;6466;0;12.4;4.6;0.0
05;2021-03-26;997;56;0;18567;6522;0;13.1;4.6;0.0
05;2021-03-27;457;41;0;19024;6563;0;13.4;4.6;0.0
05;2021-03-28;19;0;0;19043;6563;0;13.4;4.6;0.0
05;2021-03-29;857;61;0;19900;6624;0;14.0;4.7;0.0
05;2021-03-30;1083;87;0;20983;6711;0;14.8;4.7;0.0
05;2021-03-31;773;256;0;21756;6967;0;15.3;4.9;0.0
05;2021-04-01;845;241;0;22601;7208;0;15.9;5.1;0.0
05;2021-04-02;630;370;0;23231;7578;0;16.4;5.3;0.0
05;2021-04-03;507;182;0;23738;7760;0;16.7;5.5;0.0
05;2021-04-04;314;61;0;24052;7821;0;17.0;5.5;0.0
05;2021-04-05;132;12;0;24184;7833;0;17.1;5.5;0.0
05;2021-04-06;600;266;0;24784;8099;0;17.5;5.7;0.0
05;2021-04-07;761;325;0;25545;8424;0;18.0;5.9;0.0
05;2021-04-08;690;339;0;26235;8763;0;18.5;6.2;0.0
05;2021-04-09;834;406;0;27069;9169;0;19.1;6.5;0.0
05;2021-04-10;665;382;0;27734;9551;0;19.6;6.7;0.0
05;2021-04-11;188;161;0;27922;9712;0;19.7;6.9;0.0
05;2021-04-12;681;259;0;28603;9971;0;20.2;7.0;0.0
05;2021-04-13;847;254;0;29450;10225;0;20.8;7.2;0.0
05;2021-04-14;647;324;0;30097;10549;0;21.2;7.4;0.0
05;2021-04-15;729;370;0;30826;10919;0;21.7;7.7;0.0
05;2021-04-16;721;404;0;31547;11323;0;22.3;8.0;0.0
05;2021-04-17;607;234;0;32154;11557;0;22.7;8.2;0.0
05;2021-04-18;293;22;0;32447;11579;0;22.9;8.2;0.0
05;2021-04-19;330;503;0;32777;12082;0;23.1;8.5;0.0
05;2021-04-20;461;617;0;33238;12699;0;23.4;9.0;0.0
05;2021-04-21;467;609;0;33705;13308;0;23.8;9.4;0.0
05;2021-04-22;397;544;0;34102;13852;0;24.1;9.8;0.0
05;2021-04-23;514;643;0;34616;14495;0;24.4;10.2;0.0
05;2021-04-24;315;372;0;34931;14867;0;24.6;10.5;0.0
05;2021-04-25;269;31;0;35200;14898;0;24.8;10.5;0.0
05;2021-04-26;351;666;0;35551;15564;0;25.1;11.0;0.0
05;2021-04-27;635;702;0;36186;16266;0;25.5;11.5;0.0
05;2021-04-28;463;685;0;36649;16951;0;25.9;12.0;0.0
05;2021-04-29;686;693;0;37335;17644;0;26.3;12.4;0.0
05;2021-04-30;528;703;0;37863;18347;0;26.7;12.9;0.0
05;2021-05-01;150;91;0;38013;18438;0;26.8;13.0;0.0
05;2021-05-02;260;104;0;38273;18542;0;27.0;13.1;0.0
05;2021-05-03;453;456;0;38726;18998;0;27.3;13.4;0.0
05;2021-05-04;393;491;0;39119;19489;0;27.6;13.7;0.0
05;2021-05-05;486;645;0;39605;20134;0;27.9;14.2;0.0
05;2021-05-06;645;699;0;40250;20833;0;28.4;14.7;0.0
05;2021-05-07;579;753;0;40829;21586;0;28.8;15.2;0.0
05;2021-05-08;477;175;0;41306;21761;0;29.1;15.4;0.0
05;2021-05-09;207;62;0;41513;21823;0;29.3;15.4;0.0
05;2021-05-10;527;675;0;42040;22498;0;29.7;15.9;0.0
05;2021-05-11;657;896;0;42697;23394;0;30.1;16.5;0.0
05;2021-05-12;657;701;0;43354;24095;0;30.6;17.0;0.0
05;2021-05-13;891;111;0;44245;24206;0;31.2;17.1;0.0
05;2021-05-14;735;473;0;44980;24679;0;31.7;17.4;0.0
05;2021-05-15;976;314;0;45956;24993;0;32.4;17.6;0.0
05;2021-05-16;226;58;0;46182;25051;0;32.6;17.7;0.0
05;2021-05-17;498;411;0;46680;25462;0;32.9;18.0;0.0
05;2021-05-18;510;398;0;47190;25860;0;33.3;18.2;0.0
05;2021-05-19;700;449;0;47890;26309;0;33.8;18.6;0.0
05;2021-05-20;765;451;0;48655;26760;0;34.3;18.9;0.0
05;2021-05-21;689;513;0;49344;27273;0;34.8;19.2;0.0
05;2021-05-22;580;227;0;49924;27500;0;35.2;19.4;0.0
05;2021-05-23;278;59;0;50202;27559;0;35.4;19.4;0.0
05;2021-05-24;494;153;0;50696;27712;0;35.8;19.5;0.0
05;2021-05-25;553;483;0;51249;28195;0;36.2;19.9;0.0
05;2021-05-26;702;369;0;51951;28564;0;36.6;20.2;0.0
05;2021-05-27;804;559;0;52755;29123;0;37.2;20.5;0.0
05;2021-05-28;663;681;0;53418;29804;0;37.7;21.0;0.0
05;2021-05-29;514;508;0;53932;30312;0;38.0;21.4;0.0
05;2021-05-30;200;80;0;54132;30392;0;38.2;21.4;0.0
05;2021-05-31;559;493;0;54691;30885;0;38.6;21.8;0.0
05;2021-06-01;579;582;0;55270;31467;0;39.0;22.2;0.0
05;2021-06-02;656;668;0;55926;32135;0;39.5;22.7;0.0
05;2021-06-03;719;645;0;56645;32780;0;40.0;23.1;0.0
05;2021-06-04;959;790;0;57604;33570;0;40.6;23.7;0.0
05;2021-06-05;767;473;0;58371;34043;0;41.2;24.0;0.0
05;2021-06-06;194;84;0;58565;34127;0;41.3;24.1;0.0
05;2021-06-07;560;812;0;59125;34939;0;41.7;24.6;0.0
05;2021-06-08;650;641;0;59775;35580;0;42.2;25.1;0.0
05;2021-06-09;624;749;0;60399;36329;0;42.6;25.6;0.0
05;2021-06-10;557;697;0;60956;37026;0;43.0;26.1;0.0
05;2021-06-11;723;721;0;61679;37747;0;43.5;26.6;0.0
05;2021-06-12;552;464;0;62231;38211;0;43.9;27.0;0.0
05;2021-06-13;109;96;0;62340;38307;0;44.0;27.0;0.0
05;2021-06-14;357;631;0;62697;38938;0;44.2;27.5;0.0
05;2021-06-15;520;869;0;63217;39807;0;44.6;28.1;0.0
05;2021-06-16;431;666;0;63648;40473;0;44.9;28.6;0.0
05;2021-06-17;364;782;0;64012;41255;0;45.2;29.1;0.0
05;2021-06-18;396;724;0;64408;41979;0;45.4;29.6;0.0
05;2021-06-19;363;571;0;64771;42550;0;45.7;30.0;0.0
05;2021-06-20;54;89;0;64825;42639;0;45.7;30.1;0.0
05;2021-06-21;292;639;0;65117;43278;0;45.9;30.5;0.0
05;2021-06-22;316;791;0;65433;44069;0;46.2;31.1;0.0
05;2021-06-23;341;742;0;65774;44811;0;46.4;31.6;0.0
05;2021-06-24;381;960;0;66155;45771;0;46.7;32.3;0.0
05;2021-06-25;200;841;0;66355;46612;0;46.8;32.9;0.0
05;2021-06-26;251;1011;0;66606;47623;0;47.0;33.6;0.0
05;2021-06-27;111;162;0;66717;47785;0;47.1;33.7;0.0
05;2021-06-28;230;746;0;66947;48531;0;47.2;34.2;0.0
05;2021-06-29;227;756;0;67174;49287;0;47.4;34.8;0.0
05;2021-06-30;329;772;0;67503;50059;0;47.6;35.3;0.0
05;2021-07-01;362;742;0;67865;50801;0;47.9;35.8;0.0
05;2021-07-02;364;871;0;68229;51672;0;48.1;36.5;0.0
05;2021-07-03;269;701;0;68498;52373;0;48.3;36.9;0.0
05;2021-07-04;146;149;0;68644;52522;0;48.4;37.1;0.0
05;2021-07-05;236;723;0;68880;53245;0;48.6;37.6;0.0
05;2021-07-06;314;795;0;69194;54040;0;48.8;38.1;0.0
05;2021-07-07;354;743;0;69548;54783;0;49.1;38.6;0.0
05;2021-07-08;385;786;0;69933;55569;0;49.3;39.2;0.0
05;2021-07-09;372;931;0;70305;56500;0;49.6;39.9;0.0
05;2021-07-10;262;643;0;70567;57143;0;49.8;40.3;0.0
05;2021-07-11;148;120;0;70715;57263;0;49.9;40.4;0.0
05;2021-07-12;336;922;0;71051;58185;0;50.1;41.0;0.0
05;2021-07-13;421;789;0;71472;58974;0;50.4;41.6;0.0
05;2021-07-14;611;249;0;72083;59223;0;50.9;41.8;0.0
05;2021-07-15;650;920;0;72733;60143;0;51.3;42.4;0.0
05;2021-07-16;872;1296;0;73605;61439;0;51.9;43.3;0.0
05;2021-07-17;533;1133;0;74138;62572;0;52.3;44.1;0.0
05;2021-07-18;243;126;0;74381;62698;0;52.5;44.2;0.0
05;2021-07-19;462;697;0;74843;63395;0;52.8;44.7;0.0
05;2021-07-20;637;712;0;75480;64107;0;53.2;45.2;0.0
05;2021-07-21;743;746;0;76223;64853;0;53.8;45.7;0.0
05;2021-07-22;741;787;0;76964;65640;0;54.3;46.3;0.0
05;2021-07-23;1201;1032;0;78165;66672;0;55.1;47.0;0.0
05;2021-07-24;700;677;0;78865;67349;0;55.6;47.5;0.0
05;2021-07-25;252;121;0;79117;67470;0;55.8;47.6;0.0
05;2021-07-26;594;501;0;79711;67971;0;56.2;47.9;0.0
05;2021-07-27;898;575;0;80609;68546;0;56.9;48.4;0.0
05;2021-07-28;1215;578;0;81824;69124;0;57.7;48.8;0.0
05;2021-07-29;1090;583;0;82914;69707;0;58.5;49.2;0.0
05;2021-07-30;825;527;0;83739;70234;0;59.1;49.5;0.0
05;2021-07-31;632;428;0;84371;70662;0;59.5;49.8;0.0
05;2021-08-01;164;146;0;84535;70808;0;59.6;50.0;0.0
05;2021-08-02;656;380;0;85191;71188;0;60.1;50.2;0.0
05;2021-08-03;674;483;0;85865;71671;0;60.6;50.6;0.0
05;2021-08-04;754;577;0;86619;72248;0;61.1;51.0;0.0
05;2021-08-05;817;577;0;87436;72825;0;61.7;51.4;0.0
05;2021-08-06;723;650;0;88159;73475;0;62.2;51.8;0.0
05;2021-08-07;493;467;0;88652;73942;0;62.5;52.2;0.0
05;2021-08-08;175;212;0;88827;74154;0;62.7;52.3;0.0
05;2021-08-09;589;637;0;89416;74791;0;63.1;52.8;0.0
05;2021-08-10;562;532;0;89978;75323;0;63.5;53.1;0.0
05;2021-08-11;582;620;0;90560;75943;0;63.9;53.6;0.0
05;2021-08-12;639;577;0;91199;76520;0;64.3;54.0;0.0
05;2021-08-13;519;704;0;91718;77224;0;64.7;54.5;0.0
05;2021-08-14;327;598;0;92045;77822;0;64.9;54.9;0.0
05;2021-08-15;145;165;0;92190;77987;0;65.0;55.0;0.0
05;2021-08-16;379;805;0;92569;78792;0;65.3;55.6;0.0
05;2021-08-17;365;714;0;92934;79506;0;65.6;56.1;0.0
05;2021-08-18;374;796;0;93308;80302;0;65.8;56.6;0.0
05;2021-08-19;420;773;0;93728;81075;0;66.1;57.2;0.0
05;2021-08-20;403;906;0;94131;81981;0;66.4;57.8;0.0
05;2021-08-21;278;660;0;94409;82641;0;66.6;58.3;0.0
05;2021-08-22;102;224;0;94511;82865;0;66.7;58.5;0.0
05;2021-08-23;280;697;0;94791;83562;0;66.9;58.9;0.0
05;2021-08-24;347;637;0;95138;84199;0;67.1;59.4;0.0
05;2021-08-25;369;791;0;95507;84990;0;67.4;60.0;0.0
05;2021-08-26;273;723;0;95780;85713;0;67.6;60.5;0.0
05;2021-08-27;296;812;0;96076;86525;0;67.8;61.0;0.0
05;2021-08-28;212;552;0;96288;87077;0;67.9;61.4;0.0
05;2021-08-29;60;232;0;96348;87309;0;68.0;61.6;0.0
05;2021-08-30;231;695;20;96579;88004;20;68.1;62.1;0.0
05;2021-08-31;246;647;20;96825;88651;40;68.3;62.5;0.0
05;2021-09-01;290;545;69;97115;89196;109;68.5;62.9;0.1
05;2021-09-02;251;568;84;97366;89764;193;68.7;63.3;0.1
05;2021-09-03;233;501;76;97599;90265;269;68.8;63.7;0.2
05;2021-09-04;189;530;52;97788;90795;321;69.0;64.1;0.2
05;2021-09-05;54;147;19;97842;90942;340;69.0;64.2;0.2
05;2021-09-06;154;284;88;97996;91226;428;69.1;64.4;0.3
05;2021-09-07;196;442;106;98192;91668;534;69.3;64.7;0.4
05;2021-09-08;190;489;66;98382;92157;600;69.4;65.0;0.4
05;2021-09-09;180;400;81;98562;92557;681;69.5;65.3;0.5
05;2021-09-10;182;313;113;98744;92870;794;69.7;65.5;0.6
05;2021-09-11;131;410;17;98875;93280;811;69.8;65.8;0.6
05;2021-09-12;34;98;2;98909;93378;813;69.8;65.9;0.6
05;2021-09-13;155;269;131;99064;93647;944;69.9;66.1;0.7
05;2021-09-14;229;280;114;99293;93927;1058;70.0;66.3;0.7
05;2021-09-15;180;363;173;99473;94290;1231;70.2;66.5;0.9
05;2021-09-16;171;249;140;99644;94539;1371;70.3;66.7;1.0
05;2021-09-17;138;308;135;99782;94847;1506;70.4;66.9;1.1
05;2021-09-18;99;324;61;99881;95171;1567;70.5;67.1;1.1
05;2021-09-19;14;36;12;99895;95207;1579;70.5;67.2;1.1
05;2021-09-20;65;163;87;99960;95370;1666;70.5;67.3;1.2
05;2021-09-21;85;213;95;100045;95583;1761;70.6;67.4;1.2
05;2021-09-22;108;265;72;100153;95848;1833;70.7;67.6;1.3
05;2021-09-23;100;227;111;100253;96075;1944;70.7;67.8;1.4
05;2021-09-24;93;267;101;100346;96342;2045;70.8;68.0;1.4
05;2021-09-25;87;221;30;100433;96563;2075;70.8;68.1;1.5
05;2021-09-26;13;30;15;100446;96593;2090;70.9;68.1;1.5
05;2021-09-27;63;140;66;100509;96733;2156;70.9;68.2;1.5
05;2021-09-28;68;153;80;100577;96886;2236;71.0;68.3;1.6
05;2021-09-29;88;190;76;100665;97076;2312;71.0;68.5;1.6
05;2021-09-30;62;109;163;100727;97185;2475;71.1;68.6;1.7
05;2021-10-01;181;225;149;100908;97410;2624;71.2;68.7;1.9
05;2021-10-02;85;157;65;100993;97567;2689;71.2;68.8;1.9
05;2021-10-03;18;32;15;101011;97599;2704;71.3;68.8;1.9
05;2021-10-04;93;148;116;101104;97747;2820;71.3;69.0;2.0
05;2021-10-05;77;182;128;101181;97929;2948;71.4;69.1;2.1
05;2021-10-06;90;159;218;101271;98088;3166;71.4;69.2;2.2
05;2021-10-07;68;122;136;101339;98210;3302;71.5;69.3;2.3
05;2021-10-08;122;172;147;101461;98382;3449;71.6;69.4;2.4
05;2021-10-09;66;157;120;101527;98539;3569;71.6;69.5;2.5
05;2021-10-10;14;24;3;101541;98563;3572;71.6;69.5;2.5
05;2021-10-11;64;99;214;101605;98662;3786;71.7;69.6;2.7
05;2021-10-12;60;114;119;101665;98776;3905;71.7;69.7;2.8
05;2021-10-13;82;137;180;101747;98913;4085;71.8;69.8;2.9
05;2021-10-14;65;108;138;101812;99021;4223;71.8;69.9;3.0
05;2021-10-15;58;103;112;101870;99124;4335;71.9;69.9;3.1
05;2021-10-16;80;153;141;101950;99277;4476;71.9;70.0;3.2
05;2021-10-17;8;13;17;101958;99290;4493;71.9;70.0;3.2
05;2021-10-18;48;96;270;102006;99386;4763;72.0;70.1;3.4
05;2021-10-19;51;96;236;102057;99482;4999;72.0;70.2;3.5
05;2021-10-20;62;116;391;102119;99598;5390;72.0;70.3;3.8
05;2021-10-21;47;72;233;102166;99670;5623;72.1;70.3;4.0
05;2021-10-22;45;87;145;102211;99757;5768;72.1;70.4;4.1
05;2021-10-23;85;97;213;102296;99854;5981;72.2;70.4;4.2
05;2021-10-24;12;16;38;102308;99870;6019;72.2;70.5;4.2
05;2021-10-25;57;97;247;102365;99967;6266;72.2;70.5;4.4
05;2021-10-26;44;48;245;102409;100015;6511;72.2;70.6;4.6
05;2021-10-27;82;98;435;102491;100113;6946;72.3;70.6;4.9
05;2021-10-28;42;51;247;102533;100164;7193;72.3;70.7;5.1
05;2021-10-29;55;71;259;102588;100235;7452;72.4;70.7;5.3
05;2021-10-30;59;90;274;102647;100325;7726;72.4;70.8;5.5
05;2021-10-31;10;10;57;102657;100335;7783;72.4;70.8;5.5
05;2021-11-01;15;13;19;102672;100348;7802;72.4;70.8;5.5
05;2021-11-02;80;82;284;102752;100430;8086;72.5;70.8;5.7
05;2021-11-03;66;69;297;102818;100499;8383;72.5;70.9;5.9
05;2021-11-04;33;49;230;102851;100548;8613;72.6;70.9;6.1
05;2021-11-05;72;81;328;102923;100629;8941;72.6;71.0;6.3
05;2021-11-06;38;93;286;102961;100722;9227;72.6;71.1;6.5
05;2021-11-07;16;9;36;102977;100731;9263;72.6;71.1;6.5
05;2021-11-08;49;60;297;103026;100791;9560;72.7;71.1;6.7
05;2021-11-09;55;61;491;103081;100852;10051;72.7;71.1;7.1
05;2021-11-10;92;103;813;103173;100955;10864;72.8;71.2;7.7
05;2021-11-11;16;17;106;103189;100972;10970;72.8;71.2;7.7
05;2021-11-12;53;72;326;103242;101044;11296;72.8;71.3;8.0
05;2021-11-13;56;87;352;103298;101131;11648;72.9;71.3;8.2
05;2021-11-14;17;21;55;103315;101152;11703;72.9;71.4;8.3
05;2021-11-15;42;56;381;103357;101208;12084;72.9;71.4;8.5
05;2021-11-16;86;61;632;103443;101269;12716;73.0;71.4;9.0
05;2021-11-17;65;83;477;103508;101352;13193;73.0;71.5;9.3
05;2021-11-18;76;42;428;103584;101394;13621;73.1;71.5;9.6
05;2021-11-19;64;59;504;103648;101453;14125;73.1;71.6;10.0
05;2021-11-20;88;78;428;103736;101531;14553;73.2;71.6;10.3
05;2021-11-21;13;12;53;103749;101543;14606;73.2;71.6;10.3
05;2021-11-22;68;54;387;103817;101597;14993;73.2;71.7;10.6
05;2021-11-23;106;68;727;103923;101665;15720;73.3;71.7;11.1
05;2021-11-24;61;72;562;103984;101737;16282;73.4;71.8;11.5
05;2021-11-25;70;69;570;104054;101806;16852;73.4;71.8;11.9
05;2021-11-26;100;70;691;104154;101876;17543;73.5;71.9;12.4
05;2021-11-27;86;67;777;104240;101943;18320;73.5;71.9;12.9
05;2021-11-28;14;29;168;104254;101972;18488;73.5;71.9;13.0
05;2021-11-29;86;66;791;104340;102038;19279;73.6;72.0;13.6
05;2021-11-30;117;75;1318;104457;102113;20597;73.7;72.0;14.5
05;2021-12-01;114;119;1573;104571;102232;22170;73.8;72.1;15.6
05;2021-12-02;89;70;1111;104660;102302;23281;73.8;72.2;16.4
05;2021-12-03;90;98;1294;104750;102400;24575;73.9;72.2;17.3
05;2021-12-04;87;85;1040;104837;102485;25615;74.0;72.3;18.1
05;2021-12-05;15;23;308;104852;102508;25923;74.0;72.3;18.3
05;2021-12-06;52;60;802;104904;102568;26725;74.0;72.4;18.9
05;2021-12-07;120;107;1812;105024;102675;28537;74.1;72.4;20.1
05;2021-12-08;82;95;1305;105106;102770;29842;74.1;72.5;21.1
05;2021-12-09;89;94;1549;105195;102864;31391;74.2;72.6;22.1
05;2021-12-10;99;82;1354;105294;102946;32745;74.3;72.6;23.1
05;2021-12-11;99;100;1029;105393;103046;33774;74.3;72.7;23.8
05;2021-12-12;18;12;219;105411;103058;33993;74.4;72.7;24.0
05;2021-12-13;69;92;1078;105480;103150;35071;74.4;72.8;24.7
05;2021-12-14;70;139;1818;105550;103289;36889;74.5;72.9;26.0
05;2021-12-15;109;97;1652;105659;103386;38541;74.5;72.9;27.2
06;2020-12-27;5;0;0;5;0;0;0.0;0.0;0.0
06;2020-12-28;4;0;0;9;0;0;0.0;0.0;0.0
06;2020-12-29;0;0;0;9;0;0;0.0;0.0;0.0
06;2020-12-30;3;0;0;12;0;0;0.0;0.0;0.0
06;2020-12-31;23;0;0;35;0;0;0.0;0.0;0.0
06;2021-01-01;12;0;0;47;0;0;0.0;0.0;0.0
06;2021-01-02;8;0;0;55;0;0;0.0;0.0;0.0
06;2021-01-03;5;0;0;60;0;0;0.0;0.0;0.0
06;2021-01-04;131;1;0;191;1;0;0.0;0.0;0.0
06;2021-01-05;178;2;0;369;3;0;0.0;0.0;0.0
06;2021-01-06;221;1;0;590;4;0;0.1;0.0;0.0
06;2021-01-07;506;0;0;1096;4;0;0.1;0.0;0.0
06;2021-01-08;678;3;0;1774;7;0;0.2;0.0;0.0
06;2021-01-09;369;4;0;2143;11;0;0.2;0.0;0.0
06;2021-01-10;69;0;0;2212;11;0;0.2;0.0;0.0
06;2021-01-11;1022;6;0;3234;17;0;0.3;0.0;0.0
06;2021-01-12;2131;9;0;5365;26;0;0.5;0.0;0.0
06;2021-01-13;1709;12;0;7074;38;0;0.7;0.0;0.0
06;2021-01-14;2030;23;0;9104;61;0;0.8;0.0;0.0
06;2021-01-15;1666;5;0;10770;66;0;1.0;0.0;0.0
06;2021-01-16;960;7;0;11730;73;0;1.1;0.0;0.0
06;2021-01-17;211;0;0;11941;73;0;1.1;0.0;0.0
06;2021-01-18;2193;21;0;14134;94;0;1.3;0.0;0.0
06;2021-01-19;2664;22;0;16798;116;0;1.6;0.0;0.0
06;2021-01-20;3245;17;0;20043;133;0;1.9;0.0;0.0
06;2021-01-21;2959;31;0;23002;164;0;2.1;0.0;0.0
06;2021-01-22;2958;31;0;25960;195;0;2.4;0.0;0.0
06;2021-01-23;1242;3;0;27202;198;0;2.5;0.0;0.0
06;2021-01-24;33;0;0;27235;198;0;2.5;0.0;0.0
06;2021-01-25;2109;14;0;29344;212;0;2.7;0.0;0.0
06;2021-01-26;3151;49;0;32495;261;0;3.0;0.0;0.0
06;2021-01-27;2462;115;0;34957;376;0;3.2;0.0;0.0
06;2021-01-28;2810;224;0;37767;600;0;3.5;0.1;0.0
06;2021-01-29;2532;325;0;40299;925;0;3.7;0.1;0.0
06;2021-01-30;725;55;0;41024;980;0;3.8;0.1;0.0
06;2021-01-31;11;3;0;41035;983;0;3.8;0.1;0.0
06;2021-02-01;1127;455;0;42162;1438;0;3.9;0.1;0.0
06;2021-02-02;1559;426;0;43721;1864;0;4.1;0.2;0.0
06;2021-02-03;382;154;0;44103;2018;0;4.1;0.2;0.0
06;2021-02-04;810;884;0;44913;2902;0;4.2;0.3;0.0
06;2021-02-05;1074;1099;0;45987;4001;0;4.3;0.4;0.0
06;2021-02-06;185;439;0;46172;4440;0;4.3;0.4;0.0
06;2021-02-07;8;50;0;46180;4490;0;4.3;0.4;0.0
06;2021-02-08;542;1030;0;46722;5520;0;4.3;0.5;0.0
06;2021-02-09;341;763;0;47063;6283;0;4.4;0.6;0.0
06;2021-02-10;418;689;0;47481;6972;0;4.4;0.6;0.0
06;2021-02-11;496;1076;0;47977;8048;0;4.4;0.7;0.0
06;2021-02-12;642;1286;0;48619;9334;0;4.5;0.9;0.0
06;2021-02-13;199;505;0;48818;9839;0;4.5;0.9;0.0
06;2021-02-14;10;5;0;48828;9844;0;4.5;0.9;0.0
06;2021-02-15;438;1237;0;49266;11081;0;4.6;1.0;0.0
06;2021-02-16;843;1953;0;50109;13034;0;4.6;1.2;0.0
06;2021-02-17;809;2064;0;50918;15098;0;4.7;1.4;0.0
06;2021-02-18;1835;2653;0;52753;17751;0;4.9;1.6;0.0
06;2021-02-19;1765;2085;0;54518;19836;0;5.1;1.8;0.0
06;2021-02-20;350;484;0;54868;20320;0;5.1;1.9;0.0
06;2021-02-21;18;60;0;54886;20380;0;5.1;1.9;0.0
06;2021-02-22;1026;1605;0;55912;21985;0;5.2;2.0;0.0
06;2021-02-23;1654;1551;0;57566;23536;0;5.3;2.2;0.0
06;2021-02-24;2004;1297;0;59570;24833;0;5.5;2.3;0.0
06;2021-02-25;3620;1677;0;63190;26510;0;5.9;2.5;0.0
06;2021-02-26;3223;1613;0;66413;28123;0;6.2;2.6;0.0
06;2021-02-27;1341;323;0;67754;28446;0;6.3;2.6;0.0
06;2021-02-28;91;18;0;67845;28464;0;6.3;2.6;0.0
06;2021-03-01;2325;848;0;70170;29312;0;6.5;2.7;0.0
06;2021-03-02;2360;978;0;72530;30290;0;6.7;2.8;0.0
06;2021-03-03;2732;625;0;75262;30915;0;7.0;2.9;0.0
06;2021-03-04;4420;648;0;79682;31563;0;7.4;2.9;0.0
06;2021-03-05;3760;1046;0;83442;32609;0;7.7;3.0;0.0
06;2021-03-06;11097;380;0;94539;32989;0;8.8;3.1;0.0
06;2021-03-07;9492;331;0;104031;33320;0;9.6;3.1;0.0
06;2021-03-08;3834;1190;0;107865;34510;0;10.0;3.2;0.0
06;2021-03-09;4730;944;0;112595;35454;0;10.4;3.3;0.0
06;2021-03-10;4489;898;0;117084;36352;0;10.8;3.4;0.0
06;2021-03-11;6432;947;0;123516;37299;0;11.4;3.5;0.0
06;2021-03-12;6535;1017;0;130051;38316;0;12.0;3.5;0.0
06;2021-03-13;10587;383;0;140638;38699;0;13.0;3.6;0.0
06;2021-03-14;501;60;0;141139;38759;0;13.1;3.6;0.0
06;2021-03-15;4564;761;0;145703;39520;0;13.5;3.7;0.0
06;2021-03-16;3586;1050;0;149289;40570;0;13.8;3.8;0.0
06;2021-03-17;5816;1835;0;155105;42405;0;14.4;3.9;0.0
06;2021-03-18;4916;1786;0;160021;44191;0;14.8;4.1;0.0
06;2021-03-19;6449;1966;0;166470;46157;0;15.4;4.3;0.0
06;2021-03-20;2267;538;0;168737;46695;0;15.6;4.3;0.0
06;2021-03-21;381;24;0;169118;46719;0;15.7;4.3;0.0
06;2021-03-22;3728;696;0;172846;47415;0;16.0;4.4;0.0
06;2021-03-23;5642;1185;0;178488;48600;0;16.5;4.5;0.0
06;2021-03-24;4049;3198;0;182537;51798;0;16.9;4.8;0.0
06;2021-03-25;5631;3144;0;188168;54942;0;17.4;5.1;0.0
06;2021-03-26;5971;1937;0;194139;56879;0;18.0;5.3;0.0
06;2021-03-27;1957;370;0;196096;57249;0;18.2;5.3;0.0
06;2021-03-28;199;8;0;196295;57257;0;18.2;5.3;0.0
06;2021-03-29;3012;2019;0;199307;59276;0;18.5;5.5;0.0
06;2021-03-30;4951;2468;0;204258;61744;0;18.9;5.7;0.0
06;2021-03-31;7510;1695;0;211768;63439;0;19.6;5.9;0.0
06;2021-04-01;7228;2428;0;218996;65867;0;20.3;6.1;0.0
06;2021-04-02;6684;2593;0;225680;68460;0;20.9;6.3;0.0
06;2021-04-03;2534;1323;0;228214;69783;0;21.1;6.5;0.0
06;2021-04-04;270;540;0;228484;70323;0;21.2;6.5;0.0
06;2021-04-05;1328;674;0;229812;70997;0;21.3;6.6;0.0
06;2021-04-06;6197;3259;0;236009;74256;0;21.9;6.9;0.0
06;2021-04-07;5787;3811;0;241796;78067;0;22.4;7.2;0.0
06;2021-04-08;5411;5497;0;247207;83564;0;22.9;7.7;0.0
06;2021-04-09;8760;5653;0;255967;89217;0;23.7;8.3;0.0
06;2021-04-10;2249;2693;0;258216;91910;0;23.9;8.5;0.0
06;2021-04-11;160;97;0;258376;92007;0;23.9;8.5;0.0
06;2021-04-12;4008;3393;0;262384;95400;0;24.3;8.8;0.0
06;2021-04-13;5931;4954;0;268315;100354;0;24.9;9.3;0.0
06;2021-04-14;5001;4226;0;273316;104580;0;25.3;9.7;0.0
06;2021-04-15;5083;4222;0;278399;108802;0;25.8;10.1;0.0
06;2021-04-16;6387;5004;0;284786;113806;0;26.4;10.5;0.0
06;2021-04-17;2562;2924;0;287348;116730;0;26.6;10.8;0.0
06;2021-04-18;225;238;0;287573;116968;0;26.6;10.8;0.0
06;2021-04-19;4798;3885;0;292371;120853;0;27.1;11.2;0.0
06;2021-04-20;4993;4686;0;297364;125539;0;27.5;11.6;0.0
06;2021-04-21;7236;4010;0;304600;129549;0;28.2;12.0;0.0
06;2021-04-22;7422;4076;0;312022;133625;0;28.9;12.4;0.0
06;2021-04-23;7468;4019;0;319490;137644;0;29.6;12.8;0.0
06;2021-04-24;2196;1474;0;321686;139118;0;29.8;12.9;0.0
06;2021-04-25;108;42;0;321794;139160;0;29.8;12.9;0.0
06;2021-04-26;3682;2239;0;325476;141399;0;30.2;13.1;0.0
06;2021-04-27;4154;3928;0;329630;145327;0;30.5;13.5;0.0
06;2021-04-28;3746;4338;0;333376;149665;0;30.9;13.9;0.0
06;2021-04-29;5382;5259;0;338758;154924;0;31.4;14.4;0.0
06;2021-04-30;5887;4929;0;344645;159853;0;31.9;14.8;0.0
06;2021-05-01;3229;792;0;347874;160645;0;32.2;14.9;0.0
06;2021-05-02;472;170;0;348346;160815;0;32.3;14.9;0.0
06;2021-05-03;6036;3383;0;354382;164198;0;32.8;15.2;0.0
06;2021-05-04;5007;5096;0;359389;169294;0;33.3;15.7;0.0
06;2021-05-05;4059;3772;0;363448;173066;0;33.7;16.0;0.0
06;2021-05-06;4674;4560;0;368122;177626;0;34.1;16.5;0.0
06;2021-05-07;5037;5388;0;373159;183014;0;34.6;17.0;0.0
06;2021-05-08;3909;1285;0;377068;184299;0;34.9;17.1;0.0
06;2021-05-09;216;321;0;377284;184620;0;35.0;17.1;0.0
06;2021-05-10;4246;4751;0;381530;189371;0;35.3;17.5;0.0
06;2021-05-11;4218;5230;0;385748;194601;0;35.7;18.0;0.0
06;2021-05-12;7451;4574;0;393199;199175;0;36.4;18.5;0.0
06;2021-05-13;6941;1977;0;400140;201152;0;37.1;18.6;0.0
06;2021-05-14;8761;3070;0;408901;204222;0;37.9;18.9;0.0
06;2021-05-15;7177;1982;0;416078;206204;0;38.5;19.1;0.0
06;2021-05-16;1342;263;0;417420;206467;0;38.7;19.1;0.0
06;2021-05-17;6397;3462;0;423817;209929;0;39.3;19.4;0.0
06;2021-05-18;8141;2982;0;431958;212911;0;40.0;19.7;0.0
06;2021-05-19;6467;2693;0;438425;215604;0;40.6;20.0;0.0
06;2021-05-20;6591;3349;0;445016;218953;0;41.2;20.3;0.0
06;2021-05-21;7149;3623;0;452165;222576;0;41.9;20.6;0.0
06;2021-05-22;2629;1246;0;454794;223822;0;42.1;20.7;0.0
06;2021-05-23;193;628;0;454987;224450;0;42.2;20.8;0.0
06;2021-05-24;2603;898;0;457590;225348;0;42.4;20.9;0.0
06;2021-05-25;4130;4724;0;461720;230072;0;42.8;21.3;0.0
06;2021-05-26;4519;6282;0;466239;236354;0;43.2;21.9;0.0
06;2021-05-27;4546;5945;0;470785;242299;0;43.6;22.4;0.0
06;2021-05-28;3974;6787;0;474759;249086;0;44.0;23.1;0.0
06;2021-05-29;1414;2769;0;476173;251855;0;44.1;23.3;0.0
06;2021-05-30;305;1094;0;476478;252949;0;44.1;23.4;0.0
06;2021-05-31;3554;4745;0;480032;257694;0;44.5;23.9;0.0
06;2021-06-01;4729;6826;0;484761;264520;0;44.9;24.5;0.0
06;2021-06-02;2848;7903;0;487609;272423;0;45.2;25.2;0.0
06;2021-06-03;3758;7631;0;491367;280054;0;45.5;25.9;0.0
06;2021-06-04;4540;7103;0;495907;287157;0;45.9;26.6;0.0
06;2021-06-05;2109;3174;0;498016;290331;0;46.1;26.9;0.0
06;2021-06-06;241;243;0;498257;290574;0;46.2;26.9;0.0
06;2021-06-07;3383;5035;0;501640;295609;0;46.5;27.4;0.0
06;2021-06-08;3628;4854;0;505268;300463;0;46.8;27.8;0.0
06;2021-06-09;3347;6722;0;508615;307185;0;47.1;28.5;0.0
06;2021-06-10;3937;6188;0;512552;313373;0;47.5;29.0;0.0
06;2021-06-11;3078;7512;0;515630;320885;0;47.8;29.7;0.0
06;2021-06-12;1492;3492;0;517122;324377;0;47.9;30.1;0.0
06;2021-06-13;198;434;0;517320;324811;0;47.9;30.1;0.0
06;2021-06-14;2240;7830;0;519560;332641;0;48.1;30.8;0.0
06;2021-06-15;2980;8739;0;522540;341380;0;48.4;31.6;0.0
06;2021-06-16;2818;6346;0;525358;347726;0;48.7;32.2;0.0
06;2021-06-17;3057;6528;0;528415;354254;0;49.0;32.8;0.0
06;2021-06-18;2082;5366;0;530497;359620;0;49.1;33.3;0.0
06;2021-06-19;1156;1529;0;531653;361149;0;49.3;33.5;0.0
06;2021-06-20;216;350;0;531869;361499;0;49.3;33.5;0.0
06;2021-06-21;1460;5573;0;533329;367072;0;49.4;34.0;0.0
06;2021-06-22;1928;6468;0;535257;373540;0;49.6;34.6;0.0
06;2021-06-23;1764;5686;0;537021;379226;0;49.8;35.1;0.0
06;2021-06-24;2852;7960;0;539873;387186;0;50.0;35.9;0.0
06;2021-06-25;1836;8439;0;541709;395625;0;50.2;36.7;0.0
06;2021-06-26;744;2111;0;542453;397736;0;50.3;36.8;0.0
06;2021-06-27;321;1134;0;542774;398870;0;50.3;37.0;0.0
06;2021-06-28;1993;6829;0;544767;405699;0;50.5;37.6;0.0
06;2021-06-29;2010;6626;0;546777;412325;0;50.7;38.2;0.0
06;2021-06-30;1231;6868;0;548008;419193;0;50.8;38.8;0.0
06;2021-07-01;3021;6298;0;551029;425491;0;51.0;39.4;0.0
06;2021-07-02;3544;6997;0;554573;432488;0;51.4;40.1;0.0
06;2021-07-03;1104;3965;0;555677;436453;0;51.5;40.4;0.0
06;2021-07-04;293;328;0;555970;436781;0;51.5;40.5;0.0
06;2021-07-05;3105;4358;0;559075;441139;0;51.8;40.9;0.0
06;2021-07-06;1817;4870;0;560892;446009;0;52.0;41.3;0.0
06;2021-07-07;2865;4786;0;563757;450795;0;52.2;41.8;0.0
06;2021-07-08;2931;5180;0;566688;455975;0;52.5;42.2;0.0
06;2021-07-09;3546;5107;0;570234;461082;0;52.8;42.7;0.0
06;2021-07-10;1459;1996;0;571693;463078;0;53.0;42.9;0.0
06;2021-07-11;319;342;0;572012;463420;0;53.0;42.9;0.0
06;2021-07-12;3255;5669;0;575267;469089;0;53.3;43.5;0.0
06;2021-07-13;5039;7485;0;580306;476574;0;53.8;44.2;0.0
06;2021-07-14;1008;428;0;581314;477002;0;53.9;44.2;0.0
06;2021-07-15;5633;6904;0;586947;483906;0;54.4;44.8;0.0
06;2021-07-16;6622;7854;0;593569;491760;0;55.0;45.6;0.0
06;2021-07-17;2881;4645;0;596450;496405;0;55.3;46.0;0.0
06;2021-07-18;966;4666;0;597416;501071;0;55.3;46.4;0.0
06;2021-07-19;5098;6862;0;602514;507933;0;55.8;47.1;0.0
06;2021-07-20;6433;8574;0;608947;516507;0;56.4;47.9;0.0
06;2021-07-21;6946;7135;0;615893;523642;0;57.1;48.5;0.0
06;2021-07-22;8861;6565;0;624754;530207;0;57.9;49.1;0.0
06;2021-07-23;8112;5736;0;632866;535943;0;58.6;49.7;0.0
06;2021-07-24;2917;2706;0;635783;538649;0;58.9;49.9;0.0
06;2021-07-25;877;457;0;636660;539106;0;59.0;49.9;0.0
06;2021-07-26;6385;5587;0;643045;544693;0;59.6;50.5;0.0
06;2021-07-27;7857;4737;0;650902;549430;0;60.3;50.9;0.0
06;2021-07-28;6642;4332;0;657544;553762;0;60.9;51.3;0.0
06;2021-07-29;7458;4619;0;665002;558381;0;61.6;51.7;0.0
06;2021-07-30;6918;4413;0;671920;562794;0;62.2;52.1;0.0
06;2021-07-31;3108;2491;0;675028;565285;0;62.5;52.4;0.0
06;2021-08-01;702;381;0;675730;565666;0;62.6;52.4;0.0
06;2021-08-02;5475;3646;0;681205;569312;0;63.1;52.7;0.0
06;2021-08-03;5481;4398;0;686686;573710;0;63.6;53.2;0.0
06;2021-08-04;4764;2897;0;691450;576607;0;64.1;53.4;0.0
06;2021-08-05;5360;3730;0;696810;580337;0;64.6;53.8;0.0
06;2021-08-06;4968;5096;0;701778;585433;0;65.0;54.2;0.0
06;2021-08-07;2049;2154;0;703827;587587;0;65.2;54.4;0.0
06;2021-08-08;502;635;0;704329;588222;0;65.3;54.5;0.0
06;2021-08-09;3746;4956;0;708075;593178;0;65.6;55.0;0.0
06;2021-08-10;4411;5729;0;712486;598907;0;66.0;55.5;0.0
06;2021-08-11;3594;5187;0;716080;604094;0;66.3;56.0;0.0
06;2021-08-12;3766;5653;0;719846;609747;0;66.7;56.5;0.0
06;2021-08-13;3068;5535;0;722914;615282;0;67.0;57.0;0.0
06;2021-08-14;1384;2195;0;724298;617477;0;67.1;57.2;0.0
06;2021-08-15;348;570;0;724646;618047;0;67.1;57.3;0.0
06;2021-08-16;2703;5764;0;727349;623811;0;67.4;57.8;0.0
06;2021-08-17;2982;6478;0;730331;630289;0;67.7;58.4;0.0
06;2021-08-18;2534;5493;0;732865;635782;0;67.9;58.9;0.0
06;2021-08-19;3419;6931;0;736284;642713;0;68.2;59.5;0.0
06;2021-08-20;2778;5604;0;739062;648317;0;68.5;60.1;0.0
06;2021-08-21;1476;3110;0;740538;651427;0;68.6;60.4;0.0
06;2021-08-22;321;709;0;740859;652136;0;68.6;60.4;0.0
06;2021-08-23;2081;5457;0;742940;657593;0;68.8;60.9;0.0
06;2021-08-24;2428;5501;0;745368;663094;0;69.1;61.4;0.0
06;2021-08-25;2167;4816;0;747535;667910;0;69.3;61.9;0.0
06;2021-08-26;2306;5572;0;749841;673482;0;69.5;62.4;0.0
06;2021-08-27;2291;5659;0;752132;679141;0;69.7;62.9;0.0
06;2021-08-28;1127;2522;0;753259;681663;0;69.8;63.2;0.0
06;2021-08-29;253;596;0;753512;682259;0;69.8;63.2;0.0
06;2021-08-30;1989;4542;162;755501;686801;162;70.0;63.6;0.0
06;2021-08-31;2212;5018;258;757713;691819;420;70.2;64.1;0.0
06;2021-09-01;2395;3666;509;760108;695485;929;70.4;64.4;0.1
06;2021-09-02;2111;3679;967;762219;699164;1896;70.6;64.8;0.2
06;2021-09-03;1838;3936;983;764057;703100;2879;70.8;65.1;0.3
06;2021-09-04;1176;2253;202;765233;705353;3081;70.9;65.3;0.3
06;2021-09-05;263;392;25;765496;705745;3106;70.9;65.4;0.3
06;2021-09-06;1432;2510;976;766928;708255;4082;71.1;65.6;0.4
06;2021-09-07;1389;2818;1406;768317;711073;5488;71.2;65.9;0.5
06;2021-09-08;1441;2799;1290;769758;713872;6778;71.3;66.1;0.6
06;2021-09-09;1367;2906;1246;771125;716778;8024;71.4;66.4;0.7
06;2021-09-10;1772;3028;1001;772897;719806;9025;71.6;66.7;0.8
06;2021-09-11;961;2061;177;773858;721867;9202;71.7;66.9;0.9
06;2021-09-12;128;301;15;773986;722168;9217;71.7;66.9;0.9
06;2021-09-13;1208;2258;994;775194;724426;10211;71.8;67.1;0.9
06;2021-09-14;1383;2046;1281;776577;726472;11492;71.9;67.3;1.1
06;2021-09-15;1358;2383;1289;777935;728855;12781;72.1;67.5;1.2
06;2021-09-16;1167;2069;1891;779102;730924;14672;72.2;67.7;1.4
06;2021-09-17;1346;2538;1251;780448;733462;15923;72.3;68.0;1.5
06;2021-09-18;601;1691;225;781049;735153;16148;72.4;68.1;1.5
06;2021-09-19;83;250;21;781132;735403;16169;72.4;68.1;1.5
06;2021-09-20;795;1805;1049;781927;737208;17218;72.4;68.3;1.6
06;2021-09-21;874;2035;1636;782801;739243;18854;72.5;68.5;1.7
06;2021-09-22;929;2170;1024;783730;741413;19878;72.6;68.7;1.8
06;2021-09-23;754;1927;1081;784484;743340;20959;72.7;68.9;1.9
06;2021-09-24;819;2053;1087;785303;745393;22046;72.8;69.1;2.0
06;2021-09-25;400;1499;302;785703;746892;22348;72.8;69.2;2.1
06;2021-09-26;76;204;21;785779;747096;22369;72.8;69.2;2.1
06;2021-09-27;605;1378;1367;786384;748474;23736;72.9;69.3;2.2
06;2021-09-28;508;1350;1232;786892;749824;24968;72.9;69.5;2.3
06;2021-09-29;684;1524;775;787576;751348;25743;73.0;69.6;2.4
06;2021-09-30;659;1425;1473;788235;752773;27216;73.0;69.7;2.5
06;2021-10-01;1411;1687;1302;789646;754460;28518;73.2;69.9;2.6
06;2021-10-02;505;1136;400;790151;755596;28918;73.2;70.0;2.7
06;2021-10-03;97;169;29;790248;755765;28947;73.2;70.0;2.7
06;2021-10-04;874;963;1202;791122;756728;30149;73.3;70.1;2.8
06;2021-10-05;656;1296;1746;791778;758024;31895;73.4;70.2;3.0
06;2021-10-06;753;1420;1988;792531;759444;33883;73.4;70.4;3.1
06;2021-10-07;582;1354;1964;793113;760798;35847;73.5;70.5;3.3
06;2021-10-08;888;1569;2162;794001;762367;38009;73.6;70.6;3.5
06;2021-10-09;483;956;575;794484;763323;38584;73.6;70.7;3.6
06;2021-10-10;100;180;30;794584;763503;38614;73.6;70.7;3.6
06;2021-10-11;539;1080;1741;795123;764583;40355;73.7;70.8;3.7
06;2021-10-12;518;934;2075;795641;765517;42430;73.7;70.9;3.9
06;2021-10-13;713;1183;1806;796354;766700;44236;73.8;71.0;4.1
06;2021-10-14;619;1038;1973;796973;767738;46209;73.8;71.1;4.3
06;2021-10-15;892;1224;2165;797865;768962;48374;73.9;71.2;4.5
06;2021-10-16;501;702;612;798366;769664;48986;74.0;71.3;4.5
06;2021-10-17;68;164;47;798434;769828;49033;74.0;71.3;4.5
06;2021-10-18;494;900;2024;798928;770728;51057;74.0;71.4;4.7
06;2021-10-19;505;728;2407;799433;771456;53464;74.1;71.5;5.0
06;2021-10-20;574;896;2620;800007;772352;56084;74.1;71.6;5.2
06;2021-10-21;495;958;2443;800502;773310;58527;74.2;71.6;5.4
06;2021-10-22;668;1066;2359;801170;774376;60886;74.2;71.7;5.6
06;2021-10-23;378;516;768;801548;774892;61654;74.3;71.8;5.7
06;2021-10-24;17;124;13;801565;775016;61667;74.3;71.8;5.7
06;2021-10-25;427;649;1797;801992;775665;63464;74.3;71.9;5.9
06;2021-10-26;425;693;2532;802417;776358;65996;74.3;71.9;6.1
06;2021-10-27;460;815;2454;802877;777173;68450;74.4;72.0;6.3
06;2021-10-28;406;628;2556;803283;777801;71006;74.4;72.1;6.6
06;2021-10-29;524;728;2336;803807;778529;73342;74.5;72.1;6.8
06;2021-10-30;288;459;858;804095;778988;74200;74.5;72.2;6.9
06;2021-10-31;36;62;51;804131;779050;74251;74.5;72.2;6.9
06;2021-11-01;129;120;28;804260;779170;74279;74.5;72.2;6.9
06;2021-11-02;438;691;2493;804698;779861;76772;74.6;72.2;7.1
06;2021-11-03;504;793;3007;805202;780654;79779;74.6;72.3;7.4
06;2021-11-04;405;636;2777;805607;781290;82556;74.6;72.4;7.6
06;2021-11-05;551;742;2584;806158;782032;85140;74.7;72.5;7.9
06;2021-11-06;326;557;1034;806484;782589;86174;74.7;72.5;8.0
06;2021-11-07;63;114;87;806547;782703;86261;74.7;72.5;8.0
06;2021-11-08;389;679;2679;806936;783382;88940;74.8;72.6;8.2
06;2021-11-09;398;621;3325;807334;784003;92265;74.8;72.6;8.5
06;2021-11-10;594;872;4189;807928;784875;96454;74.9;72.7;8.9
06;2021-11-11;76;146;225;808004;785021;96679;74.9;72.7;9.0
06;2021-11-12;515;783;3304;808519;785804;99983;74.9;72.8;9.3
06;2021-11-13;304;371;1128;808823;786175;101111;74.9;72.8;9.4
06;2021-11-14;77;92;140;808900;786267;101251;74.9;72.8;9.4
06;2021-11-15;383;655;3085;809283;786922;104336;75.0;72.9;9.7
06;2021-11-16;381;604;4331;809664;787526;108667;75.0;73.0;10.1
06;2021-11-17;523;733;3860;810187;788259;112527;75.1;73.0;10.4
06;2021-11-18;427;624;4220;810614;788883;116747;75.1;73.1;10.8
06;2021-11-19;600;817;5128;811214;789700;121875;75.2;73.2;11.3
06;2021-11-20;346;479;1608;811560;790179;123483;75.2;73.2;11.4
06;2021-11-21;57;113;126;811617;790292;123609;75.2;73.2;11.5
06;2021-11-22;427;482;3766;812044;790774;127375;75.2;73.3;11.8
06;2021-11-23;411;525;5274;812455;791299;132649;75.3;73.3;12.3
06;2021-11-24;535;699;4816;812990;791998;137465;75.3;73.4;12.7
06;2021-11-25;491;618;5760;813481;792616;143225;75.4;73.4;13.3
06;2021-11-26;573;737;7236;814054;793353;150461;75.4;73.5;13.9
06;2021-11-27;366;481;3566;814420;793834;154027;75.5;73.5;14.3
06;2021-11-28;64;119;740;814484;793953;154767;75.5;73.6;14.3
06;2021-11-29;390;545;7321;814874;794498;162088;75.5;73.6;15.0
06;2021-11-30;425;594;8552;815299;795092;170640;75.5;73.7;15.8
06;2021-12-01;610;751;10314;815909;795843;180954;75.6;73.7;16.8
06;2021-12-02;466;595;12925;816375;796438;193879;75.6;73.8;18.0
06;2021-12-03;485;816;13298;816860;797254;207177;75.7;73.9;19.2
06;2021-12-04;394;508;6342;817254;797762;213519;75.7;73.9;19.8
06;2021-12-05;119;178;1409;817373;797940;214928;75.7;73.9;19.9
06;2021-12-06;438;673;10890;817811;798613;225818;75.8;74.0;20.9
06;2021-12-07;549;685;14811;818360;799298;240629;75.8;74.1;22.3
06;2021-12-08;559;815;12389;818919;800113;253018;75.9;74.1;23.4
06;2021-12-09;562;772;13706;819481;800885;266724;75.9;74.2;24.7
06;2021-12-10;515;824;14034;819996;801709;280758;76.0;74.3;26.0
06;2021-12-11;326;513;5234;820322;802222;285992;76.0;74.3;26.5
06;2021-12-12;83;153;1254;820405;802375;287246;76.0;74.3;26.6
06;2021-12-13;417;687;11090;820822;803062;298336;76.0;74.4;27.6
06;2021-12-14;469;702;12603;821291;803764;310939;76.1;74.5;28.8
06;2021-12-15;554;790;11341;821845;804554;322280;76.1;74.5;29.9
07;2020-12-27;0;0;0;0;0;0;0.0;0.0;0.0
07;2020-12-28;0;0;0;0;0;0;0.0;0.0;0.0
07;2020-12-29;0;0;0;0;0;0;0.0;0.0;0.0
07;2020-12-30;0;0;0;0;0;0;0.0;0.0;0.0
07;2020-12-31;0;0;0;0;0;0;0.0;0.0;0.0
07;2021-01-01;5;0;0;5;0;0;0.0;0.0;0.0
07;2021-01-02;0;0;0;5;0;0;0.0;0.0;0.0
07;2021-01-03;0;0;0;5;0;0;0.0;0.0;0.0
07;2021-01-04;0;0;0;5;0;0;0.0;0.0;0.0
07;2021-01-05;0;0;0;5;0;0;0.0;0.0;0.0
07;2021-01-06;31;0;0;36;0;0;0.0;0.0;0.0
07;2021-01-07;133;1;0;169;1;0;0.1;0.0;0.0
07;2021-01-08;68;1;0;237;2;0;0.1;0.0;0.0
07;2021-01-09;14;0;0;251;2;0;0.1;0.0;0.0
07;2021-01-10;0;0;0;251;2;0;0.1;0.0;0.0
07;2021-01-11;175;1;0;426;3;0;0.1;0.0;0.0
07;2021-01-12;309;1;0;735;4;0;0.2;0.0;0.0
07;2021-01-13;308;2;0;1043;6;0;0.3;0.0;0.0
07;2021-01-14;463;0;0;1506;6;0;0.5;0.0;0.0
07;2021-01-15;235;0;0;1741;6;0;0.5;0.0;0.0
07;2021-01-16;42;0;0;1783;6;0;0.5;0.0;0.0
07;2021-01-17;3;0;0;1786;6;0;0.5;0.0;0.0
07;2021-01-18;363;3;0;2149;9;0;0.7;0.0;0.0
07;2021-01-19;796;3;0;2945;12;0;0.9;0.0;0.0
07;2021-01-20;556;4;0;3501;16;0;1.1;0.0;0.0
07;2021-01-21;493;5;0;3994;21;0;1.2;0.0;0.0
07;2021-01-22;352;3;0;4346;24;0;1.3;0.0;0.0
07;2021-01-23;153;2;0;4499;26;0;1.4;0.0;0.0
07;2021-01-24;10;0;0;4509;26;0;1.4;0.0;0.0
07;2021-01-25;232;2;0;4741;28;0;1.5;0.0;0.0
07;2021-01-26;529;4;0;5270;32;0;1.6;0.0;0.0
07;2021-01-27;574;12;0;5844;44;0;1.8;0.0;0.0
07;2021-01-28;1165;111;0;7009;155;0;2.1;0.0;0.0
07;2021-01-29;729;28;0;7738;183;0;2.4;0.1;0.0
07;2021-01-30;236;2;0;7974;185;0;2.4;0.1;0.0
07;2021-01-31;11;0;0;7985;185;0;2.4;0.1;0.0
07;2021-02-01;319;50;0;8304;235;0;2.5;0.1;0.0
07;2021-02-02;640;247;0;8944;482;0;2.7;0.1;0.0
07;2021-02-03;1059;236;0;10003;718;0;3.1;0.2;0.0
07;2021-02-04;686;292;0;10689;1010;0;3.3;0.3;0.0
07;2021-02-05;506;254;0;11195;1264;0;3.4;0.4;0.0
07;2021-02-06;138;17;0;11333;1281;0;3.5;0.4;0.0
07;2021-02-07;29;2;0;11362;1283;0;3.5;0.4;0.0
07;2021-02-08;264;193;0;11626;1476;0;3.6;0.5;0.0
07;2021-02-09;509;365;0;12135;1841;0;3.7;0.6;0.0
07;2021-02-10;536;358;0;12671;2199;0;3.9;0.7;0.0
07;2021-02-11;423;293;0;13094;2492;0;4.0;0.8;0.0
07;2021-02-12;294;213;0;13388;2705;0;4.1;0.8;0.0
07;2021-02-13;118;52;0;13506;2757;0;4.1;0.8;0.0
07;2021-02-14;4;0;0;13510;2757;0;4.1;0.8;0.0
07;2021-02-15;302;175;0;13812;2932;0;4.2;0.9;0.0
07;2021-02-16;352;383;0;14164;3315;0;4.3;1.0;0.0
07;2021-02-17;434;358;0;14598;3673;0;4.5;1.1;0.0
07;2021-02-18;538;714;0;15136;4387;0;4.6;1.3;0.0
07;2021-02-19;457;486;0;15593;4873;0;4.8;1.5;0.0
07;2021-02-20;105;91;0;15698;4964;0;4.8;1.5;0.0
07;2021-02-21;17;11;0;15715;4975;0;4.8;1.5;0.0
07;2021-02-22;412;281;0;16127;5256;0;4.9;1.6;0.0
07;2021-02-23;628;616;0;16755;5872;0;5.1;1.8;0.0
07;2021-02-24;885;782;0;17640;6654;0;5.4;2.0;0.0
07;2021-02-25;715;569;0;18355;7223;0;5.6;2.2;0.0
07;2021-02-26;819;332;0;19174;7555;0;5.9;2.3;0.0
07;2021-02-27;202;196;0;19376;7751;0;5.9;2.4;0.0
07;2021-02-28;2;7;0;19378;7758;0;5.9;2.4;0.0
07;2021-03-01;446;243;0;19824;8001;0;6.1;2.4;0.0
07;2021-03-02;657;548;0;20481;8549;0;6.3;2.6;0.0
07;2021-03-03;709;548;0;21190;9097;0;6.5;2.8;0.0
07;2021-03-04;1105;383;0;22295;9480;0;6.8;2.9;0.0
07;2021-03-05;1124;403;0;23419;9883;0;7.2;3.0;0.0
07;2021-03-06;1306;139;0;24725;10022;0;7.6;3.1;0.0
07;2021-03-07;920;32;0;25645;10054;0;7.8;3.1;0.0
07;2021-03-08;425;355;0;26070;10409;0;8.0;3.2;0.0
07;2021-03-09;1110;464;0;27180;10873;0;8.3;3.3;0.0
07;2021-03-10;900;514;0;28080;11387;0;8.6;3.5;0.0
07;2021-03-11;1438;468;0;29518;11855;0;9.0;3.6;0.0
07;2021-03-12;1642;539;0;31160;12394;0;9.5;3.8;0.0
07;2021-03-13;746;143;0;31906;12537;0;9.8;3.8;0.0
07;2021-03-14;18;10;0;31924;12547;0;9.8;3.8;0.0
07;2021-03-15;582;290;0;32506;12837;0;9.9;3.9;0.0
07;2021-03-16;1232;476;0;33738;13313;0;10.3;4.1;0.0
07;2021-03-17;1168;756;0;34906;14069;0;10.7;4.3;0.0
07;2021-03-18;1198;438;0;36104;14507;0;11.0;4.4;0.0
07;2021-03-19;1244;422;0;37348;14929;0;11.4;4.6;0.0
07;2021-03-20;523;115;0;37871;15044;0;11.6;4.6;0.0
07;2021-03-21;20;4;0;37891;15048;0;11.6;4.6;0.0
07;2021-03-22;833;518;0;38724;15566;0;11.8;4.8;0.0
07;2021-03-23;1441;659;0;40165;16225;0;12.3;5.0;0.0
07;2021-03-24;1252;627;0;41417;16852;0;12.7;5.2;0.0
07;2021-03-25;1835;495;0;43252;17347;0;13.2;5.3;0.0
07;2021-03-26;1817;432;0;45069;17779;0;13.8;5.4;0.0
07;2021-03-27;455;115;0;45524;17894;0;13.9;5.5;0.0
07;2021-03-28;31;4;0;45555;17898;0;13.9;5.5;0.0
07;2021-03-29;840;366;0;46395;18264;0;14.2;5.6;0.0
07;2021-03-30;1587;536;0;47982;18800;0;14.7;5.8;0.0
07;2021-03-31;1482;492;0;49464;19292;0;15.1;5.9;0.0
07;2021-04-01;1661;666;0;51125;19958;0;15.6;6.1;0.0
07;2021-04-02;1495;503;0;52620;20461;0;16.1;6.3;0.0
07;2021-04-03;277;236;0;52897;20697;0;16.2;6.3;0.0
07;2021-04-04;34;93;0;52931;20790;0;16.2;6.4;0.0
07;2021-04-05;79;65;0;53010;20855;0;16.2;6.4;0.0
07;2021-04-06;1158;781;0;54168;21636;0;16.6;6.6;0.0
07;2021-04-07;1254;930;0;55422;22566;0;17.0;6.9;0.0
07;2021-04-08;1908;1140;0;57330;23706;0;17.5;7.3;0.0
07;2021-04-09;2296;604;0;59626;24310;0;18.2;7.4;0.0
07;2021-04-10;829;231;0;60455;24541;0;18.5;7.5;0.0
07;2021-04-11;313;16;0;60768;24557;0;18.6;7.5;0.0
07;2021-04-12;1236;638;0;62004;25195;0;19.0;7.7;0.0
07;2021-04-13;1701;1280;0;63705;26475;0;19.5;8.1;0.0
07;2021-04-14;1535;1031;0;65240;27506;0;20.0;8.4;0.0
07;2021-04-15;1368;858;0;66608;28364;0;20.4;8.7;0.0
07;2021-04-16;1422;894;0;68030;29258;0;20.8;9.0;0.0
07;2021-04-17;895;253;0;68925;29511;0;21.1;9.0;0.0
07;2021-04-18;589;45;0;69514;29556;0;21.3;9.0;0.0
07;2021-04-19;1092;607;0;70606;30163;0;21.6;9.2;0.0
07;2021-04-20;1364;1262;0;71970;31425;0;22.0;9.6;0.0
07;2021-04-21;1612;906;0;73582;32331;0;22.5;9.9;0.0
07;2021-04-22;1639;933;0;75221;33264;0;23.0;10.2;0.0
07;2021-04-23;1351;968;0;76572;34232;0;23.4;10.5;0.0
07;2021-04-24;925;306;0;77497;34538;0;23.7;10.6;0.0
07;2021-04-25;717;81;0;78214;34619;0;23.9;10.6;0.0
07;2021-04-26;1056;769;0;79270;35388;0;24.3;10.8;0.0
07;2021-04-27;1352;1489;0;80622;36877;0;24.7;11.3;0.0
07;2021-04-28;1464;1462;0;82086;38339;0;25.1;11.7;0.0
07;2021-04-29;1842;1457;0;83928;39796;0;25.7;12.2;0.0
07;2021-04-30;1493;1383;0;85421;41179;0;26.1;12.6;0.0
07;2021-05-01;916;144;0;86337;41323;0;26.4;12.6;0.0
07;2021-05-02;749;151;0;87086;41474;0;26.6;12.7;0.0
07;2021-05-03;1282;491;0;88368;41965;0;27.0;12.8;0.0
07;2021-05-04;1942;1549;0;90310;43514;0;27.6;13.3;0.0
07;2021-05-05;1683;1364;0;91993;44878;0;28.1;13.7;0.0
07;2021-05-06;2050;1588;0;94043;46466;0;28.8;14.2;0.0
07;2021-05-07;1633;1487;0;95676;47953;0;29.3;14.7;0.0
07;2021-05-08;1150;415;0;96826;48368;0;29.6;14.8;0.0
07;2021-05-09;886;307;0;97712;48675;0;29.9;14.9;0.0
07;2021-05-10;1467;1125;0;99179;49800;0;30.3;15.2;0.0
07;2021-05-11;2350;1542;0;101529;51342;0;31.1;15.7;0.0
07;2021-05-12;2131;1152;0;103660;52494;0;31.7;16.1;0.0
07;2021-05-13;1656;273;0;105316;52767;0;32.2;16.1;0.0
07;2021-05-14;1732;880;0;107048;53647;0;32.7;16.4;0.0
07;2021-05-15;1707;473;0;108755;54120;0;33.3;16.6;0.0
07;2021-05-16;1489;201;0;110244;54321;0;33.7;16.6;0.0
07;2021-05-17;1794;835;0;112038;55156;0;34.3;16.9;0.0
07;2021-05-18;2239;1234;0;114277;56390;0;35.0;17.3;0.0
07;2021-05-19;2246;919;0;116523;57309;0;35.6;17.5;0.0
07;2021-05-20;2070;1227;0;118593;58536;0;36.3;17.9;0.0
07;2021-05-21;1731;1243;0;120324;59779;0;36.8;18.3;0.0
07;2021-05-22;965;530;0;121289;60309;0;37.1;18.5;0.0
07;2021-05-23;657;146;0;121946;60455;0;37.3;18.5;0.0
07;2021-05-24;1467;343;0;123413;60798;0;37.8;18.6;0.0
07;2021-05-25;1977;1350;0;125390;62148;0;38.4;19.0;0.0
07;2021-05-26;1615;1295;0;127005;63443;0;38.9;19.4;0.0
07;2021-05-27;1882;1415;0;128887;64858;0;39.4;19.8;0.0
07;2021-05-28;1729;2001;0;130616;66859;0;40.0;20.5;0.0
07;2021-05-29;972;724;0;131588;67583;0;40.3;20.7;0.0
07;2021-05-30;415;482;0;132003;68065;0;40.4;20.8;0.0
07;2021-05-31;1163;1192;0;133166;69257;0;40.7;21.2;0.0
07;2021-06-01;1768;1904;0;134934;71161;0;41.3;21.8;0.0
07;2021-06-02;1473;1545;0;136407;72706;0;41.7;22.2;0.0
07;2021-06-03;1587;1319;0;137994;74025;0;42.2;22.6;0.0
07;2021-06-04;1604;1626;0;139598;75651;0;42.7;23.1;0.0
07;2021-06-05;920;920;0;140518;76571;0;43.0;23.4;0.0
07;2021-06-06;388;552;0;140906;77123;0;43.1;23.6;0.0
07;2021-06-07;938;1205;0;141844;78328;0;43.4;24.0;0.0
07;2021-06-08;1436;1690;0;143280;80018;0;43.8;24.5;0.0
07;2021-06-09;1054;1444;0;144334;81462;0;44.2;24.9;0.0
07;2021-06-10;867;1433;0;145201;82895;0;44.4;25.4;0.0
07;2021-06-11;1174;2064;0;146375;84959;0;44.8;26.0;0.0
07;2021-06-12;572;1194;0;146947;86153;0;45.0;26.4;0.0
07;2021-06-13;248;367;0;147195;86520;0;45.0;26.5;0.0
07;2021-06-14;638;1935;0;147833;88455;0;45.2;27.1;0.0
07;2021-06-15;975;2451;0;148808;90906;0;45.5;27.8;0.0
07;2021-06-16;995;1864;0;149803;92770;0;45.8;28.4;0.0
07;2021-06-17;884;1934;0;150687;94704;0;46.1;29.0;0.0
07;2021-06-18;918;2372;0;151605;97076;0;46.4;29.7;0.0
07;2021-06-19;522;1389;0;152127;98465;0;46.5;30.1;0.0
07;2021-06-20;282;637;0;152409;99102;0;46.6;30.3;0.0
07;2021-06-21;531;2130;0;152940;101232;0;46.8;31.0;0.0
07;2021-06-22;656;2580;0;153596;103812;0;47.0;31.8;0.0
07;2021-06-23;680;2068;0;154276;105880;0;47.2;32.4;0.0
07;2021-06-24;642;1906;0;154918;107786;0;47.4;33.0;0.0
07;2021-06-25;665;2358;0;155583;110144;0;47.6;33.7;0.0
07;2021-06-26;339;1599;0;155922;111743;0;47.7;34.2;0.0
07;2021-06-27;203;902;0;156125;112645;0;47.8;34.5;0.0
07;2021-06-28;502;2225;0;156627;114870;0;47.9;35.1;0.0
07;2021-06-29;545;2852;0;157172;117722;0;48.1;36.0;0.0
07;2021-06-30;821;2293;0;157993;120015;0;48.3;36.7;0.0
07;2021-07-01;858;1923;0;158851;121938;0;48.6;37.3;0.0
07;2021-07-02;864;2233;0;159715;124171;0;48.9;38.0;0.0
07;2021-07-03;401;1261;0;160116;125432;0;49.0;38.4;0.0
07;2021-07-04;202;608;0;160318;126040;0;49.0;38.6;0.0
07;2021-07-05;646;1736;0;160964;127776;0;49.2;39.1;0.0
07;2021-07-06;859;2377;0;161823;130153;0;49.5;39.8;0.0
07;2021-07-07;935;1874;0;162758;132027;0;49.8;40.4;0.0
07;2021-07-08;1026;1841;0;163784;133868;0;50.1;41.0;0.0
07;2021-07-09;951;2245;0;164735;136113;0;50.4;41.6;0.0
07;2021-07-10;559;1171;0;165294;137284;0;50.6;42.0;0.0
07;2021-07-11;206;518;0;165500;137802;0;50.6;42.2;0.0
07;2021-07-12;756;1798;0;166256;139600;0;50.9;42.7;0.0
07;2021-07-13;1523;2680;0;167779;142280;0;51.3;43.5;0.0
07;2021-07-14;395;236;0;168174;142516;0;51.4;43.6;0.0
07;2021-07-15;1846;2172;0;170020;144688;0;52.0;44.3;0.0
07;2021-07-16;1975;1963;0;171995;146651;0;52.6;44.9;0.0
07;2021-07-17;1292;1103;0;173287;147754;0;53.0;45.2;0.0
07;2021-07-18;313;221;0;173600;147975;0;53.1;45.3;0.0
07;2021-07-19;1427;1595;0;175027;149570;0;53.5;45.8;0.0
07;2021-07-20;2393;2260;0;177420;151830;0;54.3;46.4;0.0
07;2021-07-21;1893;1818;0;179313;153648;0;54.9;47.0;0.0
07;2021-07-22;1996;1372;0;181309;155020;0;55.5;47.4;0.0
07;2021-07-23;2286;1612;0;183595;156632;0;56.2;47.9;0.0
07;2021-07-24;1508;959;0;185103;157591;0;56.6;48.2;0.0
07;2021-07-25;192;56;0;185295;157647;0;56.7;48.2;0.0
07;2021-07-26;2013;1460;0;187308;159107;0;57.3;48.7;0.0
07;2021-07-27;2756;1598;0;190064;160705;0;58.1;49.2;0.0
07;2021-07-28;1907;1239;0;191971;161944;0;58.7;49.5;0.0
07;2021-07-29;2390;1259;0;194361;163203;0;59.5;49.9;0.0
07;2021-07-30;1706;1460;0;196067;164663;0;60.0;50.4;0.0
07;2021-07-31;1217;748;0;197284;165411;0;60.4;50.6;0.0
07;2021-08-01;118;53;0;197402;165464;0;60.4;50.6;0.0
07;2021-08-02;1563;1117;0;198965;166581;0;60.9;51.0;0.0
07;2021-08-03;2213;1727;0;201178;168308;0;61.5;51.5;0.0
07;2021-08-04;1865;956;0;203043;169264;0;62.1;51.8;0.0
07;2021-08-05;1835;1288;0;204878;170552;0;62.7;52.2;0.0
07;2021-08-06;1858;1645;0;206736;172197;0;63.2;52.7;0.0
07;2021-08-07;733;562;0;207469;172759;0;63.5;52.9;0.0
07;2021-08-08;28;47;0;207497;172806;0;63.5;52.9;0.0
07;2021-08-09;1127;1452;0;208624;174258;0;63.8;53.3;0.0
07;2021-08-10;1416;2141;0;210040;176399;0;64.3;54.0;0.0
07;2021-08-11;1301;1620;0;211341;178019;0;64.7;54.5;0.0
07;2021-08-12;1088;1519;0;212429;179538;0;65.0;54.9;0.0
07;2021-08-13;1137;1714;0;213566;181252;0;65.3;55.4;0.0
07;2021-08-14;424;747;0;213990;181999;0;65.5;55.7;0.0
07;2021-08-15;26;53;0;214016;182052;0;65.5;55.7;0.0
07;2021-08-16;747;1580;0;214763;183632;0;65.7;56.2;0.0
07;2021-08-17;1187;2219;0;215950;185851;0;66.1;56.9;0.0
07;2021-08-18;952;1632;0;216902;187483;0;66.4;57.4;0.0
07;2021-08-19;1101;1732;0;218003;189215;0;66.7;57.9;0.0
07;2021-08-20;920;2121;0;218923;191336;0;67.0;58.5;0.0
07;2021-08-21;349;657;0;219272;191993;0;67.1;58.7;0.0
07;2021-08-22;7;41;0;219279;192034;0;67.1;58.7;0.0
07;2021-08-23;544;1569;0;219823;193603;0;67.2;59.2;0.0
07;2021-08-24;1064;2250;0;220887;195853;0;67.6;59.9;0.0
07;2021-08-25;761;1837;0;221648;197690;0;67.8;60.5;0.0
07;2021-08-26;712;1909;0;222360;199599;0;68.0;61.1;0.0
07;2021-08-27;843;1972;0;223203;201571;0;68.3;61.7;0.0
07;2021-08-28;332;684;0;223535;202255;0;68.4;61.9;0.0
07;2021-08-29;11;71;0;223546;202326;0;68.4;61.9;0.0
07;2021-08-30;494;1532;23;224040;203858;23;68.5;62.4;0.0
07;2021-08-31;1033;2111;74;225073;205969;97;68.9;63.0;0.0
07;2021-09-01;677;1365;68;225750;207334;165;69.1;63.4;0.1
07;2021-09-02;615;1322;171;226365;208656;336;69.3;63.8;0.1
07;2021-09-03;780;1718;131;227145;210374;467;69.5;64.4;0.1
07;2021-09-04;346;653;24;227491;211027;491;69.6;64.6;0.2
07;2021-09-05;19;29;4;227510;211056;495;69.6;64.6;0.2
07;2021-09-06;435;845;152;227945;211901;647;69.7;64.8;0.2
07;2021-09-07;509;1064;165;228454;212965;812;69.9;65.2;0.2
07;2021-09-08;485;1060;144;228939;214025;956;70.0;65.5;0.3
07;2021-09-09;446;861;204;229385;214886;1160;70.2;65.7;0.4
07;2021-09-10;551;1243;197;229936;216129;1357;70.3;66.1;0.4
07;2021-09-11;178;605;40;230114;216734;1397;70.4;66.3;0.4
07;2021-09-12;4;16;3;230118;216750;1400;70.4;66.3;0.4
07;2021-09-13;366;577;135;230484;217327;1535;70.5;66.5;0.5
07;2021-09-14;578;880;333;231062;218207;1868;70.7;66.8;0.6
07;2021-09-15;344;844;203;231406;219051;2071;70.8;67.0;0.6
07;2021-09-16;436;599;320;231842;219650;2391;70.9;67.2;0.7
07;2021-09-17;365;886;314;232207;220536;2705;71.0;67.5;0.8
07;2021-09-18;139;504;59;232346;221040;2764;71.1;67.6;0.8
07;2021-09-19;6;26;4;232352;221066;2768;71.1;67.6;0.8
07;2021-09-20;231;427;406;232583;221493;3174;71.2;67.8;1.0
07;2021-09-21;270;687;364;232853;222180;3538;71.2;68.0;1.1
07;2021-09-22;202;773;201;233055;222953;3739;71.3;68.2;1.1
07;2021-09-23;200;556;343;233255;223509;4082;71.4;68.4;1.2
07;2021-09-24;275;882;365;233530;224391;4447;71.4;68.6;1.4
07;2021-09-25;93;330;63;233623;224721;4510;71.5;68.7;1.4
07;2021-09-26;5;13;6;233628;224734;4516;71.5;68.8;1.4
07;2021-09-27;190;499;323;233818;225233;4839;71.5;68.9;1.5
07;2021-09-28;181;475;530;233999;225708;5369;71.6;69.1;1.6
07;2021-09-29;179;563;377;234178;226271;5746;71.6;69.2;1.8
07;2021-09-30;184;438;345;234362;226709;6091;71.7;69.4;1.9
07;2021-10-01;285;617;367;234647;227326;6458;71.8;69.5;2.0
07;2021-10-02;110;214;59;234757;227540;6517;71.8;69.6;2.0
07;2021-10-03;5;17;2;234762;227557;6519;71.8;69.6;2.0
07;2021-10-04;172;385;362;234934;227942;6881;71.9;69.7;2.1
07;2021-10-05;215;484;480;235149;228426;7361;71.9;69.9;2.3
07;2021-10-06;178;365;500;235327;228791;7861;72.0;70.0;2.4
07;2021-10-07;127;402;357;235454;229193;8218;72.0;70.1;2.5
07;2021-10-08;229;480;511;235683;229673;8729;72.1;70.3;2.7
07;2021-10-09;100;171;140;235783;229844;8869;72.1;70.3;2.7
07;2021-10-10;1;4;2;235784;229848;8871;72.1;70.3;2.7
07;2021-10-11;117;293;495;235901;230141;9366;72.2;70.4;2.9
07;2021-10-12;171;390;515;236072;230531;9881;72.2;70.5;3.0
07;2021-10-13;151;274;402;236223;230805;10283;72.3;70.6;3.1
07;2021-10-14;152;239;368;236375;231044;10651;72.3;70.7;3.3
07;2021-10-15;236;375;567;236611;231419;11218;72.4;70.8;3.4
07;2021-10-16;108;130;175;236719;231549;11393;72.4;70.8;3.5
07;2021-10-17;1;5;1;236720;231554;11394;72.4;70.8;3.5
07;2021-10-18;183;240;389;236903;231794;11783;72.5;70.9;3.6
07;2021-10-19;114;148;564;237017;231942;12347;72.5;71.0;3.8
07;2021-10-20;107;200;442;237124;232142;12789;72.5;71.0;3.9
07;2021-10-21;65;156;545;237189;232298;13334;72.6;71.1;4.1
07;2021-10-22;88;270;623;237277;232568;13957;72.6;71.1;4.3
07;2021-10-23;53;72;133;237330;232640;14090;72.6;71.2;4.3
07;2021-10-24;3;8;2;237333;232648;14092;72.6;71.2;4.3
07;2021-10-25;77;155;367;237410;232803;14459;72.6;71.2;4.4
07;2021-10-26;97;172;747;237507;232975;15206;72.7;71.3;4.7
07;2021-10-27;77;173;407;237584;233148;15613;72.7;71.3;4.8
07;2021-10-28;62;115;404;237646;233263;16017;72.7;71.4;4.9
07;2021-10-29;88;208;730;237734;233471;16747;72.7;71.4;5.1
07;2021-10-30;53;85;191;237787;233556;16938;72.7;71.5;5.2
07;2021-10-31;0;2;3;237787;233558;16941;72.7;71.5;5.2
07;2021-11-01;7;10;17;237794;233568;16958;72.7;71.5;5.2
07;2021-11-02;89;192;700;237883;233760;17658;72.8;71.5;5.4
07;2021-11-03;94;125;630;237977;233885;18288;72.8;71.6;5.6
07;2021-11-04;72;122;681;238049;234007;18969;72.8;71.6;5.8
07;2021-11-05;97;227;822;238146;234234;19791;72.9;71.7;6.1
07;2021-11-06;33;86;230;238179;234320;20021;72.9;71.7;6.1
07;2021-11-07;2;11;2;238181;234331;20023;72.9;71.7;6.1
07;2021-11-08;64;158;767;238245;234489;20790;72.9;71.7;6.4
07;2021-11-09;68;134;1051;238313;234623;21841;72.9;71.8;6.7
07;2021-11-10;77;184;1128;238390;234807;22969;72.9;71.8;7.0
07;2021-11-11;4;3;27;238394;234810;22996;72.9;71.8;7.0
07;2021-11-12;110;167;1179;238504;234977;24175;73.0;71.9;7.4
07;2021-11-13;44;85;275;238548;235062;24450;73.0;71.9;7.5
07;2021-11-14;0;10;10;238548;235072;24460;73.0;71.9;7.5
07;2021-11-15;69;105;1056;238617;235177;25516;73.0;71.9;7.8
07;2021-11-16;84;107;1542;238701;235284;27058;73.0;72.0;8.3
07;2021-11-17;101;124;1154;238802;235408;28212;73.1;72.0;8.6
07;2021-11-18;81;109;1059;238883;235517;29271;73.1;72.1;9.0
07;2021-11-19;94;131;1493;238977;235648;30764;73.1;72.1;9.4
07;2021-11-20;78;56;366;239055;235704;31130;73.1;72.1;9.5
07;2021-11-21;0;2;13;239055;235706;31143;73.1;72.1;9.5
07;2021-11-22;71;55;1137;239126;235761;32280;73.2;72.1;9.9
07;2021-11-23;123;94;1797;239249;235855;34077;73.2;72.2;10.4
07;2021-11-24;135;116;1423;239384;235971;35500;73.2;72.2;10.9
07;2021-11-25;98;92;1905;239482;236063;37405;73.3;72.2;11.4
07;2021-11-26;142;124;2587;239624;236187;39992;73.3;72.3;12.2
07;2021-11-27;69;60;1329;239693;236247;41321;73.3;72.3;12.6
07;2021-11-28;12;7;472;239705;236254;41793;73.3;72.3;12.8
07;2021-11-29;63;69;2154;239768;236323;43947;73.4;72.3;13.4
07;2021-11-30;82;88;3338;239850;236411;47285;73.4;72.3;14.5
07;2021-12-01;100;89;2633;239950;236500;49918;73.4;72.4;15.3
07;2021-12-02;56;58;2924;240006;236558;52842;73.4;72.4;16.2
07;2021-12-03;93;118;3632;240099;236676;56474;73.5;72.4;17.3
07;2021-12-04;60;50;1573;240159;236726;58047;73.5;72.4;17.8
07;2021-12-05;6;12;346;240165;236738;58393;73.5;72.4;17.9
07;2021-12-06;62;73;2711;240227;236811;61104;73.5;72.4;18.7
07;2021-12-07;107;114;4366;240334;236925;65470;73.5;72.5;20.0
07;2021-12-08;86;94;3468;240420;237019;68938;73.6;72.5;21.1
07;2021-12-09;95;82;3571;240515;237101;72509;73.6;72.5;22.2
07;2021-12-10;97;113;4233;240612;237214;76742;73.6;72.6;23.5
07;2021-12-11;70;71;1996;240682;237285;78738;73.6;72.6;24.1
07;2021-12-12;9;7;438;240691;237292;79176;73.6;72.6;24.2
07;2021-12-13;80;87;3065;240771;237379;82241;73.7;72.6;25.2
07;2021-12-14;134;134;4587;240905;237513;86828;73.7;72.7;26.6
07;2021-12-15;89;134;3917;240994;237647;90745;73.7;72.7;27.8
08;2020-12-27;0;0;0;0;0;0;0.0;0.0;0.0
08;2020-12-28;0;0;0;0;0;0;0.0;0.0;0.0
08;2020-12-29;0;0;0;0;0;0;0.0;0.0;0.0
08;2020-12-30;0;0;0;0;0;0;0.0;0.0;0.0
08;2020-12-31;0;0;0;0;0;0;0.0;0.0;0.0
08;2021-01-01;0;0;0;0;0;0;0.0;0.0;0.0
08;2021-01-02;0;0;0;0;0;0;0.0;0.0;0.0
08;2021-01-03;1;0;0;1;0;0;0.0;0.0;0.0
08;2021-01-04;23;0;0;24;0;0;0.0;0.0;0.0
08;2021-01-05;0;0;0;24;0;0;0.0;0.0;0.0
08;2021-01-06;0;0;0;24;0;0;0.0;0.0;0.0
08;2021-01-07;187;0;0;211;0;0;0.1;0.0;0.0
08;2021-01-08;302;0;0;513;0;0;0.2;0.0;0.0
08;2021-01-09;106;0;0;619;0;0;0.2;0.0;0.0
08;2021-01-10;1;0;0;620;0;0;0.2;0.0;0.0
08;2021-01-11;79;1;0;699;1;0;0.3;0.0;0.0
08;2021-01-12;174;0;0;873;1;0;0.3;0.0;0.0
08;2021-01-13;484;1;0;1357;2;0;0.5;0.0;0.0
08;2021-01-14;540;8;0;1897;10;0;0.7;0.0;0.0
08;2021-01-15;294;2;0;2191;12;0;0.8;0.0;0.0
08;2021-01-16;105;0;0;2296;12;0;0.9;0.0;0.0
08;2021-01-17;1;0;0;2297;12;0;0.9;0.0;0.0
08;2021-01-18;384;2;0;2681;14;0;1.0;0.0;0.0
08;2021-01-19;842;1;0;3523;15;0;1.3;0.0;0.0
08;2021-01-20;891;4;0;4414;19;0;1.7;0.0;0.0
08;2021-01-21;729;1;0;5143;20;0;1.9;0.0;0.0
08;2021-01-22;680;2;0;5823;22;0;2.2;0.0;0.0
08;2021-01-23;237;0;0;6060;22;0;2.3;0.0;0.0
08;2021-01-24;1;0;0;6061;22;0;2.3;0.0;0.0
08;2021-01-25;204;0;0;6265;22;0;2.4;0.0;0.0
08;2021-01-26;289;1;0;6554;23;0;2.5;0.0;0.0
08;2021-01-27;413;1;0;6967;24;0;2.6;0.0;0.0
08;2021-01-28;565;173;0;7532;197;0;2.8;0.1;0.0
08;2021-01-29;574;172;0;8106;369;0;3.1;0.1;0.0
08;2021-01-30;207;60;0;8313;429;0;3.1;0.2;0.0
08;2021-01-31;0;0;0;8313;429;0;3.1;0.2;0.0
08;2021-02-01;84;49;0;8397;478;0;3.2;0.2;0.0
08;2021-02-02;201;166;0;8598;644;0;3.2;0.2;0.0
08;2021-02-03;144;169;0;8742;813;0;3.3;0.3;0.0
08;2021-02-04;329;295;0;9071;1108;0;3.4;0.4;0.0
08;2021-02-05;515;343;0;9586;1451;0;3.6;0.5;0.0
08;2021-02-06;142;75;0;9728;1526;0;3.7;0.6;0.0
08;2021-02-07;8;0;0;9736;1526;0;3.7;0.6;0.0
08;2021-02-08;44;175;0;9780;1701;0;3.7;0.6;0.0
08;2021-02-09;217;623;0;9997;2324;0;3.8;0.9;0.0
08;2021-02-10;325;616;0;10322;2940;0;3.9;1.1;0.0
08;2021-02-11;464;358;0;10786;3298;0;4.1;1.2;0.0
08;2021-02-12;662;385;0;11448;3683;0;4.3;1.4;0.0
08;2021-02-13;128;113;0;11576;3796;0;4.4;1.4;0.0
08;2021-02-14;4;61;0;11580;3857;0;4.4;1.5;0.0
08;2021-02-15;225;204;0;11805;4061;0;4.4;1.5;0.0
08;2021-02-16;138;381;0;11943;4442;0;4.5;1.7;0.0
08;2021-02-17;127;409;0;12070;4851;0;4.5;1.8;0.0
08;2021-02-18;229;518;0;12299;5369;0;4.6;2.0;0.0
08;2021-02-19;311;425;0;12610;5794;0;4.7;2.2;0.0
08;2021-02-20;16;205;0;12626;5999;0;4.8;2.3;0.0
08;2021-02-21;0;0;0;12626;5999;0;4.8;2.3;0.0
08;2021-02-22;139;181;0;12765;6180;0;4.8;2.3;0.0
08;2021-02-23;163;324;0;12928;6504;0;4.9;2.4;0.0
08;2021-02-24;169;387;0;13097;6891;0;4.9;2.6;0.0
08;2021-02-25;497;528;0;13594;7419;0;5.1;2.8;0.0
08;2021-02-26;616;631;0;14210;8050;0;5.4;3.0;0.0
08;2021-02-27;308;185;0;14518;8235;0;5.5;3.1;0.0
08;2021-02-28;21;1;0;14539;8236;0;5.5;3.1;0.0
08;2021-03-01;200;103;0;14739;8339;0;5.6;3.1;0.0
08;2021-03-02;623;275;0;15362;8614;0;5.8;3.2;0.0
08;2021-03-03;871;196;0;16233;8810;0;6.1;3.3;0.0
08;2021-03-04;722;345;0;16955;9155;0;6.4;3.4;0.0
08;2021-03-05;1006;546;0;17961;9701;0;6.8;3.7;0.0
08;2021-03-06;652;133;0;18613;9834;0;7.0;3.7;0.0
08;2021-03-07;57;0;0;18670;9834;0;7.0;3.7;0.0
08;2021-03-08;210;126;0;18880;9960;0;7.1;3.8;0.0
08;2021-03-09;686;165;0;19566;10125;0;7.4;3.8;0.0
08;2021-03-10;1043;125;0;20609;10250;0;7.8;3.9;0.0
08;2021-03-11;962;255;0;21571;10505;0;8.1;4.0;0.0
08;2021-03-12;1624;519;0;23195;11024;0;8.7;4.2;0.0
08;2021-03-13;796;112;0;23991;11136;0;9.0;4.2;0.0
08;2021-03-14;28;0;0;24019;11136;0;9.0;4.2;0.0
08;2021-03-15;292;74;0;24311;11210;0;9.2;4.2;0.0
08;2021-03-16;559;43;0;24870;11253;0;9.4;4.2;0.0
08;2021-03-17;802;80;0;25672;11333;0;9.7;4.3;0.0
08;2021-03-18;807;171;0;26479;11504;0;10.0;4.3;0.0
08;2021-03-19;1141;290;0;27620;11794;0;10.4;4.4;0.0
08;2021-03-20;507;26;0;28127;11820;0;10.6;4.5;0.0
08;2021-03-21;17;1;0;28144;11821;0;10.6;4.5;0.0
08;2021-03-22;381;50;0;28525;11871;0;10.7;4.5;0.0
08;2021-03-23;769;69;0;29294;11940;0;11.0;4.5;0.0
08;2021-03-24;1347;76;0;30641;12016;0;11.5;4.5;0.0
08;2021-03-25;1911;104;0;32552;12120;0;12.3;4.6;0.0
08;2021-03-26;2468;175;0;35020;12295;0;13.2;4.6;0.0
08;2021-03-27;912;125;0;35932;12420;0;13.5;4.7;0.0
08;2021-03-28;233;8;0;36165;12428;0;13.6;4.7;0.0
08;2021-03-29;290;182;0;36455;12610;0;13.7;4.7;0.0
08;2021-03-30;845;472;0;37300;13082;0;14.0;4.9;0.0
08;2021-03-31;868;512;0;38168;13594;0;14.4;5.1;0.0
08;2021-04-01;1688;438;0;39856;14032;0;15.0;5.3;0.0
08;2021-04-02;1486;511;0;41342;14543;0;15.6;5.5;0.0
08;2021-04-03;1287;196;0;42629;14739;0;16.1;5.6;0.0
08;2021-04-04;125;5;0;42754;14744;0;16.1;5.6;0.0
08;2021-04-05;14;2;0;42768;14746;0;16.1;5.6;0.0
08;2021-04-06;706;482;0;43474;15228;0;16.4;5.7;0.0
08;2021-04-07;908;692;0;44382;15920;0;16.7;6.0;0.0
08;2021-04-08;1740;519;0;46122;16439;0;17.4;6.2;0.0
08;2021-04-09;2330;727;0;48452;17166;0;18.2;6.5;0.0
08;2021-04-10;1429;228;0;49881;17394;0;18.8;6.6;0.0
08;2021-04-11;16;10;0;49897;17404;0;18.8;6.6;0.0
08;2021-04-12;667;217;0;50564;17621;0;19.0;6.6;0.0
08;2021-04-13;1287;611;0;51851;18232;0;19.5;6.9;0.0
08;2021-04-14;1288;853;0;53139;19085;0;20.0;7.2;0.0
08;2021-04-15;1610;808;0;54749;19893;0;20.6;7.5;0.0
08;2021-04-16;1878;875;0;56627;20768;0;21.3;7.8;0.0
08;2021-04-17;1074;399;0;57701;21167;0;21.7;8.0;0.0
08;2021-04-18;42;16;0;57743;21183;0;21.7;8.0;0.0
08;2021-04-19;1129;312;0;58872;21495;0;22.2;8.1;0.0
08;2021-04-20;1085;572;0;59957;22067;0;22.6;8.3;0.0
08;2021-04-21;1106;768;0;61063;22835;0;23.0;8.6;0.0
08;2021-04-22;1262;885;0;62325;23720;0;23.5;8.9;0.0
08;2021-04-23;1605;1168;0;63930;24888;0;24.1;9.4;0.0
08;2021-04-24;1232;637;0;65162;25525;0;24.5;9.6;0.0
08;2021-04-25;32;204;0;65194;25729;0;24.6;9.7;0.0
08;2021-04-26;946;163;0;66140;25892;0;24.9;9.8;0.0
08;2021-04-27;1258;607;0;67398;26499;0;25.4;10.0;0.0
08;2021-04-28;1371;697;0;68769;27196;0;25.9;10.2;0.0
08;2021-04-29;1105;1306;0;69874;28502;0;26.3;10.7;0.0
08;2021-04-30;1677;1592;0;71551;30094;0;26.9;11.3;0.0
08;2021-05-01;929;475;0;72480;30569;0;27.3;11.5;0.0
08;2021-05-02;581;179;0;73061;30748;0;27.5;11.6;0.0
08;2021-05-03;1093;383;0;74154;31131;0;27.9;11.7;0.0
08;2021-05-04;1270;878;0;75424;32009;0;28.4;12.1;0.0
08;2021-05-05;1513;1313;0;76937;33322;0;29.0;12.5;0.0
08;2021-05-06;1839;1645;0;78776;34967;0;29.7;13.2;0.0
08;2021-05-07;1814;2052;0;80590;37019;0;30.4;13.9;0.0
08;2021-05-08;883;760;0;81473;37779;0;30.7;14.2;0.0
08;2021-05-09;414;60;0;81887;37839;0;30.8;14.3;0.0
08;2021-05-10;1163;666;0;83050;38505;0;31.3;14.5;0.0
08;2021-05-11;1837;968;0;84887;39473;0;32.0;14.9;0.0
08;2021-05-12;1727;1242;0;86614;40715;0;32.6;15.3;0.0
08;2021-05-13;1267;596;0;87881;41311;0;33.1;15.6;0.0
08;2021-05-14;2426;1009;0;90307;42320;0;34.0;15.9;0.0
08;2021-05-15;1738;697;0;92045;43017;0;34.7;16.2;0.0
08;2021-05-16;795;94;0;92840;43111;0;35.0;16.2;0.0
08;2021-05-17;668;885;0;93508;43996;0;35.2;16.6;0.0
08;2021-05-18;1250;837;0;94758;44833;0;35.7;16.9;0.0
08;2021-05-19;1512;959;0;96270;45792;0;36.3;17.2;0.0
08;2021-05-20;1955;948;0;98225;46740;0;37.0;17.6;0.0
08;2021-05-21;2192;1246;0;100417;47986;0;37.8;18.1;0.0
08;2021-05-22;1750;748;0;102167;48734;0;38.5;18.4;0.0
08;2021-05-23;857;89;0;103024;48823;0;38.8;18.4;0.0
08;2021-05-24;747;110;0;103771;48933;0;39.1;18.4;0.0
08;2021-05-25;1318;676;0;105089;49609;0;39.6;18.7;0.0
08;2021-05-26;1435;1022;0;106524;50631;0;40.1;19.1;0.0
08;2021-05-27;1817;1100;0;108341;51731;0;40.8;19.5;0.0
08;2021-05-28;1878;1807;0;110219;53538;0;41.5;20.2;0.0
08;2021-05-29;1582;937;0;111801;54475;0;42.1;20.5;0.0
08;2021-05-30;806;103;0;112607;54578;0;42.4;20.6;0.0
08;2021-05-31;715;556;0;113322;55134;0;42.7;20.8;0.0
08;2021-06-01;1319;889;0;114641;56023;0;43.2;21.1;0.0
08;2021-06-02;1330;1168;0;115971;57191;0;43.7;21.5;0.0
08;2021-06-03;1356;1485;0;117327;58676;0;44.2;22.1;0.0
08;2021-06-04;1724;2337;0;119051;61013;0;44.8;23.0;0.0
08;2021-06-05;1157;1288;0;120208;62301;0;45.3;23.5;0.0
08;2021-06-06;899;105;0;121107;62406;0;45.6;23.5;0.0
08;2021-06-07;701;1112;0;121808;63518;0;45.9;23.9;0.0
08;2021-06-08;923;1446;0;122731;64964;0;46.2;24.5;0.0
08;2021-06-09;867;1357;0;123598;66321;0;46.5;25.0;0.0
08;2021-06-10;1622;1483;0;125220;67804;0;47.2;25.5;0.0
08;2021-06-11;1672;2126;0;126892;69930;0;47.8;26.3;0.0
08;2021-06-12;1275;1428;0;128167;71358;0;48.3;26.9;0.0
08;2021-06-13;388;590;0;128555;71948;0;48.4;27.1;0.0
08;2021-06-14;399;1258;0;128954;73206;0;48.6;27.6;0.0
08;2021-06-15;782;1509;0;129736;74715;0;48.9;28.1;0.0
08;2021-06-16;816;2019;0;130552;76734;0;49.2;28.9;0.0
08;2021-06-17;1260;1784;0;131812;78518;0;49.6;29.6;0.0
08;2021-06-18;1536;2538;0;133348;81056;0;50.2;30.5;0.0
08;2021-06-19;1246;1343;0;134594;82399;0;50.7;31.0;0.0
08;2021-06-20;123;403;0;134717;82802;0;50.7;31.2;0.0
08;2021-06-21;496;1341;0;135213;84143;0;50.9;31.7;0.0
08;2021-06-22;821;1973;0;136034;86116;0;51.2;32.4;0.0
08;2021-06-23;907;1637;0;136941;87753;0;51.6;33.0;0.0
08;2021-06-24;991;1866;0;137932;89619;0;51.9;33.8;0.0
08;2021-06-25;1042;2651;0;138974;92270;0;52.3;34.7;0.0
08;2021-06-26;959;1753;0;139933;94023;0;52.7;35.4;0.0
08;2021-06-27;346;648;0;140279;94671;0;52.8;35.7;0.0
08;2021-06-28;403;1315;0;140682;95986;0;53.0;36.1;0.0
08;2021-06-29;620;1411;0;141302;97397;0;53.2;36.7;0.0
08;2021-06-30;838;1611;0;142140;99008;0;53.5;37.3;0.0
08;2021-07-01;850;2064;0;142990;101072;0;53.9;38.1;0.0
08;2021-07-02;912;2551;0;143902;103623;0;54.2;39.0;0.0
08;2021-07-03;725;2020;0;144627;105643;0;54.5;39.8;0.0
08;2021-07-04;142;850;0;144769;106493;0;54.5;40.1;0.0
08;2021-07-05;117;1188;0;144886;107681;0;54.6;40.6;0.0
08;2021-07-06;446;1706;2;145332;109387;2;54.7;41.2;0.0
08;2021-07-07;408;1727;0;145740;111114;2;54.9;41.8;0.0
08;2021-07-08;671;1839;0;146411;112953;2;55.1;42.5;0.0
08;2021-07-09;728;2371;0;147139;115324;2;55.4;43.4;0.0
08;2021-07-10;611;1849;0;147750;117173;2;55.6;44.1;0.0
08;2021-07-11;236;721;0;147986;117894;2;55.7;44.4;0.0
08;2021-07-12;333;1204;0;148319;119098;2;55.9;44.9;0.0
08;2021-07-13;943;1775;0;149262;120873;2;56.2;45.5;0.0
08;2021-07-14;224;369;0;149486;121242;2;56.3;45.7;0.0
08;2021-07-15;814;2410;0;150300;123652;2;56.6;46.6;0.0
08;2021-07-16;1079;2352;0;151379;126004;2;57.0;47.5;0.0
08;2021-07-17;1031;2021;0;152410;128025;2;57.4;48.2;0.0
08;2021-07-18;349;734;0;152759;128759;2;57.5;48.5;0.0
08;2021-07-19;515;942;0;153274;129701;2;57.7;48.8;0.0
08;2021-07-20;971;1505;0;154245;131206;2;58.1;49.4;0.0
08;2021-07-21;1314;1735;0;155559;132941;2;58.6;50.1;0.0
08;2021-07-22;1309;2089;1;156868;135030;3;59.1;50.9;0.0
08;2021-07-23;1616;2419;0;158484;137449;3;59.7;51.8;0.0
08;2021-07-24;1378;1860;0;159862;139309;3;60.2;52.5;0.0
08;2021-07-25;782;458;0;160644;139767;3;60.5;52.6;0.0
08;2021-07-26;1352;879;0;161996;140646;3;61.0;53.0;0.0
08;2021-07-27;2142;1422;0;164138;142068;3;61.8;53.5;0.0
08;2021-07-28;2346;1488;0;166484;143556;3;62.7;54.1;0.0
08;2021-07-29;2525;1311;0;169009;144867;3;63.6;54.6;0.0
08;2021-07-30;2507;1542;0;171516;146409;3;64.6;55.1;0.0
08;2021-07-31;1875;1030;0;173391;147439;3;65.3;55.5;0.0
08;2021-08-01;899;303;0;174290;147742;3;65.6;55.6;0.0
08;2021-08-02;1266;693;0;175556;148435;3;66.1;55.9;0.0
08;2021-08-03;1659;848;0;177215;149283;3;66.7;56.2;0.0
08;2021-08-04;1514;662;0;178729;149945;3;67.3;56.5;0.0
08;2021-08-05;1813;953;0;180542;150898;3;68.0;56.8;0.0
08;2021-08-06;2414;1111;1;182956;152009;4;68.9;57.2;0.0
08;2021-08-07;1530;1115;0;184486;153124;4;69.5;57.7;0.0
08;2021-08-08;557;370;0;185043;153494;4;69.7;57.8;0.0
08;2021-08-09;680;573;0;185723;154067;4;69.9;58.0;0.0
08;2021-08-10;877;800;0;186600;154867;4;70.3;58.3;0.0
08;2021-08-11;576;834;0;187176;155701;4;70.5;58.6;0.0
08;2021-08-12;1033;1068;0;188209;156769;4;70.9;59.0;0.0
08;2021-08-13;1112;1052;0;189321;157821;4;71.3;59.4;0.0
08;2021-08-14;564;902;0;189885;158723;4;71.5;59.8;0.0
08;2021-08-15;138;262;0;190023;158985;4;71.6;59.9;0.0
08;2021-08-16;241;1256;0;190264;160241;4;71.7;60.3;0.0
08;2021-08-17;521;1263;0;190785;161504;4;71.9;60.8;0.0
08;2021-08-18;329;1319;0;191114;162823;4;72.0;61.3;0.0
08;2021-08-19;588;1826;0;191702;164649;4;72.2;62.0;0.0
08;2021-08-20;677;2177;0;192379;166826;4;72.5;62.8;0.0
08;2021-08-21;266;1329;0;192645;168155;4;72.6;63.3;0.0
08;2021-08-22;107;863;0;192752;169018;4;72.6;63.7;0.0
08;2021-08-23;181;1478;0;192933;170496;4;72.7;64.2;0.0
08;2021-08-24;390;1779;0;193323;172275;4;72.8;64.9;0.0
08;2021-08-25;327;1295;0;193650;173570;4;72.9;65.4;0.0
08;2021-08-26;484;1989;0;194134;175559;4;73.1;66.1;0.0
08;2021-08-27;444;2208;0;194578;177767;4;73.3;66.9;0.0
08;2021-08-28;265;1326;0;194843;179093;4;73.4;67.4;0.0
08;2021-08-29;163;557;0;195006;179650;4;73.4;67.7;0.0
08;2021-08-30;321;1213;11;195327;180863;15;73.6;68.1;0.0
08;2021-08-31;351;1251;40;195678;182114;55;73.7;68.6;0.0
08;2021-09-01;436;1237;115;196114;183351;170;73.9;69.1;0.1
08;2021-09-02;466;1087;150;196580;184438;320;74.0;69.5;0.1
08;2021-09-03;464;1528;149;197044;185966;469;74.2;70.0;0.2
08;2021-09-04;333;1301;57;197377;187267;526;74.3;70.5;0.2
08;2021-09-05;105;165;34;197482;187432;560;74.4;70.6;0.2
08;2021-09-06;188;387;131;197670;187819;691;74.4;70.7;0.3
08;2021-09-07;205;485;149;197875;188304;840;74.5;70.9;0.3
08;2021-09-08;261;518;111;198136;188822;951;74.6;71.1;0.4
08;2021-09-09;316;580;161;198452;189402;1112;74.7;71.3;0.4
08;2021-09-10;479;761;281;198931;190163;1393;74.9;71.6;0.5
08;2021-09-11;348;686;126;199279;190849;1519;75.0;71.9;0.6
08;2021-09-12;48;69;21;199327;190918;1540;75.1;71.9;0.6
08;2021-09-13;357;179;99;199684;191097;1639;75.2;72.0;0.6
08;2021-09-14;236;276;141;199920;191373;1780;75.3;72.1;0.7
08;2021-09-15;231;340;260;200151;191713;2040;75.4;72.2;0.8
08;2021-09-16;215;409;236;200366;192122;2276;75.5;72.4;0.9
08;2021-09-17;313;500;347;200679;192622;2623;75.6;72.5;1.0
08;2021-09-18;175;441;186;200854;193063;2809;75.6;72.7;1.1
08;2021-09-19;24;85;6;200878;193148;2815;75.7;72.7;1.1
08;2021-09-20;62;230;180;200940;193378;2995;75.7;72.8;1.1
08;2021-09-21;120;269;300;201060;193647;3295;75.7;72.9;1.2
08;2021-09-22;131;376;293;201191;194023;3588;75.8;73.1;1.4
08;2021-09-23;170;375;309;201361;194398;3897;75.8;73.2;1.5
08;2021-09-24;164;525;411;201525;194923;4308;75.9;73.4;1.6
08;2021-09-25;105;404;161;201630;195327;4469;75.9;73.6;1.7
08;2021-09-26;20;101;11;201650;195428;4480;75.9;73.6;1.7
08;2021-09-27;48;207;178;201698;195635;4658;76.0;73.7;1.8
08;2021-09-28;80;220;239;201778;195855;4897;76.0;73.8;1.8
08;2021-09-29;114;321;238;201892;196176;5135;76.0;73.9;1.9
08;2021-09-30;143;345;251;202035;196521;5386;76.1;74.0;2.0
08;2021-10-01;171;470;389;202206;196991;5775;76.2;74.2;2.2
08;2021-10-02;133;284;169;202339;197275;5944;76.2;74.3;2.2
08;2021-10-03;24;68;17;202363;197343;5961;76.2;74.3;2.2
08;2021-10-04;80;330;141;202443;197673;6102;76.2;74.4;2.3
08;2021-10-05;78;178;279;202521;197851;6381;76.3;74.5;2.4
08;2021-10-06;96;237;250;202617;198088;6631;76.3;74.6;2.5
08;2021-10-07;100;181;303;202717;198269;6934;76.3;74.7;2.6
08;2021-10-08;157;339;496;202874;198608;7430;76.4;74.8;2.8
08;2021-10-09;128;315;280;203002;198923;7710;76.5;74.9;2.9
08;2021-10-10;32;44;30;203034;198967;7740;76.5;74.9;2.9
08;2021-10-11;59;87;265;203093;199054;8005;76.5;75.0;3.0
08;2021-10-12;79;137;260;203172;199191;8265;76.5;75.0;3.1
08;2021-10-13;112;165;225;203284;199356;8490;76.6;75.1;3.2
08;2021-10-14;60;170;294;203344;199526;8784;76.6;75.1;3.3
08;2021-10-15;211;286;705;203555;199812;9489;76.7;75.2;3.6
08;2021-10-16;72;118;238;203627;199930;9727;76.7;75.3;3.7
08;2021-10-17;34;28;28;203661;199958;9755;76.7;75.3;3.7
08;2021-10-18;78;68;275;203739;200026;10030;76.7;75.3;3.8
08;2021-10-19;60;73;324;203799;200099;10354;76.8;75.4;3.9
08;2021-10-20;109;144;497;203908;200243;10851;76.8;75.4;4.1
08;2021-10-21;72;85;365;203980;200328;11216;76.8;75.4;4.2
08;2021-10-22;141;197;578;204121;200525;11794;76.9;75.5;4.4
08;2021-10-23;69;148;281;204190;200673;12075;76.9;75.6;4.5
08;2021-10-24;20;37;39;204210;200710;12114;76.9;75.6;4.6
08;2021-10-25;68;64;268;204278;200774;12382;76.9;75.6;4.7
08;2021-10-26;82;73;384;204360;200847;12766;77.0;75.6;4.8
08;2021-10-27;79;104;401;204439;200951;13167;77.0;75.7;5.0
08;2021-10-28;84;85;471;204523;201036;13638;77.0;75.7;5.1
08;2021-10-29;147;168;704;204670;201204;14342;77.1;75.8;5.4
08;2021-10-30;54;71;242;204724;201275;14584;77.1;75.8;5.5
08;2021-10-31;15;29;66;204739;201304;14650;77.1;75.8;5.5
08;2021-11-01;2;1;4;204741;201305;14654;77.1;75.8;5.5
08;2021-11-02;66;114;463;204807;201419;15117;77.1;75.9;5.7
08;2021-11-03;77;100;459;204884;201519;15576;77.2;75.9;5.9
08;2021-11-04;72;81;499;204956;201600;16075;77.2;75.9;6.1
08;2021-11-05;85;191;753;205041;201791;16828;77.2;76.0;6.3
08;2021-11-06;68;96;396;205109;201887;17224;77.2;76.0;6.5
08;2021-11-07;10;34;47;205119;201921;17271;77.2;76.0;6.5
08;2021-11-08;36;71;308;205155;201992;17579;77.3;76.1;6.6
08;2021-11-09;76;105;658;205231;202097;18237;77.3;76.1;6.9
08;2021-11-10;81;141;761;205312;202238;18998;77.3;76.2;7.2
08;2021-11-11;3;4;27;205315;202242;19025;77.3;76.2;7.2
08;2021-11-12;133;187;1072;205448;202429;20097;77.4;76.2;7.6
08;2021-11-13;46;62;418;205494;202491;20515;77.4;76.3;7.7
08;2021-11-14;11;17;72;205505;202508;20587;77.4;76.3;7.8
08;2021-11-15;35;69;466;205540;202577;21053;77.4;76.3;7.9
08;2021-11-16;51;77;762;205591;202654;21815;77.4;76.3;8.2
08;2021-11-17;56;86;582;205647;202740;22397;77.4;76.4;8.4
08;2021-11-18;59;112;934;205706;202852;23331;77.5;76.4;8.8
08;2021-11-19;118;197;1370;205824;203049;24701;77.5;76.5;9.3
08;2021-11-20;60;64;534;205884;203113;25235;77.5;76.5;9.5
08;2021-11-21;21;19;100;205905;203132;25335;77.5;76.5;9.5
08;2021-11-22;44;30;530;205949;203162;25865;77.6;76.5;9.7
08;2021-11-23;80;65;886;206029;203227;26751;77.6;76.5;10.1
08;2021-11-24;68;108;837;206097;203335;27588;77.6;76.6;10.4
08;2021-11-25;72;83;1197;206169;203418;28785;77.6;76.6;10.8
08;2021-11-26;142;142;2130;206311;203560;30915;77.7;76.7;11.6
08;2021-11-27;84;65;903;206395;203625;31818;77.7;76.7;12.0
08;2021-11-28;23;21;287;206418;203646;32105;77.7;76.7;12.1
08;2021-11-29;47;33;988;206465;203679;33093;77.8;76.7;12.5
08;2021-11-30;81;84;1820;206546;203763;34913;77.8;76.7;13.1
08;2021-12-01;80;79;1898;206626;203842;36811;77.8;76.8;13.9
08;2021-12-02;66;44;2406;206692;203886;39217;77.8;76.8;14.8
08;2021-12-03;120;154;2998;206812;204040;42215;77.9;76.8;15.9
08;2021-12-04;58;72;1594;206870;204112;43809;77.9;76.9;16.5
08;2021-12-05;12;16;369;206882;204128;44178;77.9;76.9;16.6
08;2021-12-06;29;59;1556;206911;204187;45734;77.9;76.9;17.2
08;2021-12-07;75;70;2593;206986;204257;48327;78.0;76.9;18.2
08;2021-12-08;53;74;1863;207039;204331;50190;78.0;77.0;18.9
08;2021-12-09;62;75;2872;207101;204406;53062;78.0;77.0;20.0
08;2021-12-10;107;122;3986;207208;204528;57048;78.0;77.0;21.5
08;2021-12-11;62;77;2330;207270;204605;59378;78.1;77.1;22.4
08;2021-12-12;13;31;796;207283;204636;60174;78.1;77.1;22.7
08;2021-12-13;43;54;1981;207326;204690;62155;78.1;77.1;23.4
08;2021-12-14;70;82;3129;207396;204772;65284;78.1;77.1;24.6
08;2021-12-15;68;87;2953;207464;204859;68237;78.1;77.2;25.7
09;2020-12-27;0;0;0;0;0;0;0.0;0.0;0.0
09;2020-12-28;1;0;0;1;0;0;0.0;0.0;0.0
09;2020-12-29;0;0;0;1;0;0;0.0;0.0;0.0
09;2020-12-30;0;0;0;1;0;0;0.0;0.0;0.0
09;2020-12-31;0;0;0;1;0;0;0.0;0.0;0.0
09;2021-01-01;0;0;0;1;0;0;0.0;0.0;0.0
09;2021-01-02;0;0;0;1;0;0;0.0;0.0;0.0
09;2021-01-03;0;0;0;1;0;0;0.0;0.0;0.0
09;2021-01-04;1;0;0;2;0;0;0.0;0.0;0.0
09;2021-01-05;1;0;0;3;0;0;0.0;0.0;0.0
09;2021-01-06;3;0;0;6;0;0;0.0;0.0;0.0
09;2021-01-07;231;2;0;237;2;0;0.2;0.0;0.0
09;2021-01-08;196;0;0;433;2;0;0.3;0.0;0.0
09;2021-01-09;88;0;0;521;2;0;0.3;0.0;0.0
09;2021-01-10;55;0;0;576;2;0;0.4;0.0;0.0
09;2021-01-11;177;0;0;753;2;0;0.5;0.0;0.0
09;2021-01-12;282;0;0;1035;2;0;0.7;0.0;0.0
09;2021-01-13;191;0;0;1226;2;0;0.8;0.0;0.0
09;2021-01-14;431;6;0;1657;8;0;1.1;0.0;0.0
09;2021-01-15;223;2;0;1880;10;0;1.2;0.0;0.0
09;2021-01-16;168;2;0;2048;12;0;1.3;0.0;0.0
09;2021-01-17;93;0;0;2141;12;0;1.4;0.0;0.0
09;2021-01-18;272;1;0;2413;13;0;1.6;0.0;0.0
09;2021-01-19;261;1;0;2674;14;0;1.8;0.0;0.0
09;2021-01-20;368;2;0;3042;16;0;2.0;0.0;0.0
09;2021-01-21;325;1;0;3367;17;0;2.2;0.0;0.0
09;2021-01-22;349;1;0;3716;18;0;2.4;0.0;0.0
09;2021-01-23;212;0;0;3928;18;0;2.6;0.0;0.0
09;2021-01-24;73;1;0;4001;19;0;2.6;0.0;0.0
09;2021-01-25;206;9;0;4207;28;0;2.8;0.0;0.0
09;2021-01-26;570;26;0;4777;54;0;3.1;0.0;0.0
09;2021-01-27;407;41;0;5184;95;0;3.4;0.1;0.0
09;2021-01-28;310;188;0;5494;283;0;3.6;0.2;0.0
09;2021-01-29;233;112;0;5727;395;0;3.8;0.3;0.0
09;2021-01-30;141;52;0;5868;447;0;3.9;0.3;0.0
09;2021-01-31;43;10;0;5911;457;0;3.9;0.3;0.0
09;2021-02-01;90;129;0;6001;586;0;3.9;0.4;0.0
09;2021-02-02;75;280;0;6076;866;0;4.0;0.6;0.0
09;2021-02-03;90;182;0;6166;1048;0;4.0;0.7;0.0
09;2021-02-04;59;304;0;6225;1352;0;4.1;0.9;0.0
09;2021-02-05;92;148;0;6317;1500;0;4.1;1.0;0.0
09;2021-02-06;72;47;0;6389;1547;0;4.2;1.0;0.0
09;2021-02-07;9;56;0;6398;1603;0;4.2;1.1;0.0
09;2021-02-08;35;203;0;6433;1806;0;4.2;1.2;0.0
09;2021-02-09;56;283;0;6489;2089;0;4.3;1.4;0.0
09;2021-02-10;33;210;0;6522;2299;0;4.3;1.5;0.0
09;2021-02-11;36;216;0;6558;2515;0;4.3;1.7;0.0
09;2021-02-12;140;184;0;6698;2699;0;4.4;1.8;0.0
09;2021-02-13;8;131;0;6706;2830;0;4.4;1.9;0.0
09;2021-02-14;0;46;0;6706;2876;0;4.4;1.9;0.0
09;2021-02-15;69;137;0;6775;3013;0;4.4;2.0;0.0
09;2021-02-16;206;469;0;6981;3482;0;4.6;2.3;0.0
09;2021-02-17;94;319;0;7075;3801;0;4.6;2.5;0.0
09;2021-02-18;91;434;0;7166;4235;0;4.7;2.8;0.0
09;2021-02-19;54;271;0;7220;4506;0;4.7;3.0;0.0
09;2021-02-20;45;172;0;7265;4678;0;4.8;3.1;0.0
09;2021-02-21;0;46;0;7265;4724;0;4.8;3.1;0.0
09;2021-02-22;119;226;0;7384;4950;0;4.8;3.2;0.0
09;2021-02-23;152;162;0;7536;5112;0;4.9;3.4;0.0
09;2021-02-24;80;180;0;7616;5292;0;5.0;3.5;0.0
09;2021-02-25;206;175;0;7822;5467;0;5.1;3.6;0.0
09;2021-02-26;146;167;0;7968;5634;0;5.2;3.7;0.0
09;2021-02-27;56;68;0;8024;5702;0;5.3;3.7;0.0
09;2021-02-28;25;15;0;8049;5717;0;5.3;3.8;0.0
09;2021-03-01;220;94;0;8269;5811;0;5.4;3.8;0.0
09;2021-03-02;261;88;0;8530;5899;0;5.6;3.9;0.0
09;2021-03-03;215;122;0;8745;6021;0;5.7;4.0;0.0
09;2021-03-04;374;48;0;9119;6069;0;6.0;4.0;0.0
09;2021-03-05;316;75;0;9435;6144;0;6.2;4.0;0.0
09;2021-03-06;353;39;0;9788;6183;0;6.4;4.1;0.0
09;2021-03-07;128;4;0;9916;6187;0;6.5;4.1;0.0
09;2021-03-08;327;68;0;10243;6255;0;6.7;4.1;0.0
09;2021-03-09;418;144;0;10661;6399;0;7.0;4.2;0.0
09;2021-03-10;523;82;0;11184;6481;0;7.3;4.3;0.0
09;2021-03-11;646;91;0;11830;6572;0;7.8;4.3;0.0
09;2021-03-12;627;35;0;12457;6607;0;8.2;4.3;0.0
09;2021-03-13;359;2;0;12816;6609;0;8.4;4.3;0.0
09;2021-03-14;101;5;0;12917;6614;0;8.5;4.3;0.0
09;2021-03-15;414;53;0;13331;6667;0;8.7;4.4;0.0
09;2021-03-16;313;89;0;13644;6756;0;9.0;4.4;0.0
09;2021-03-17;327;76;0;13971;6832;0;9.2;4.5;0.0
09;2021-03-18;390;39;0;14361;6871;0;9.4;4.5;0.0
09;2021-03-19;479;53;0;14840;6924;0;9.7;4.5;0.0
09;2021-03-20;281;37;0;15121;6961;0;9.9;4.6;0.0
09;2021-03-21;79;0;0;15200;6961;0;10.0;4.6;0.0
09;2021-03-22;373;116;0;15573;7077;0;10.2;4.6;0.0
09;2021-03-23;506;156;0;16079;7233;0;10.6;4.7;0.0
09;2021-03-24;664;39;0;16743;7272;0;11.0;4.8;0.0
09;2021-03-25;797;126;0;17540;7398;0;11.5;4.9;0.0
09;2021-03-26;692;41;0;18232;7439;0;12.0;4.9;0.0
09;2021-03-27;540;65;0;18772;7504;0;12.3;4.9;0.0
09;2021-03-28;122;15;0;18894;7519;0;12.4;4.9;0.0
09;2021-03-29;491;233;0;19385;7752;0;12.7;5.1;0.0
09;2021-03-30;786;145;0;20171;7897;0;13.2;5.2;0.0
09;2021-03-31;728;167;0;20899;8064;0;13.7;5.3;0.0
09;2021-04-01;695;226;0;21594;8290;0;14.2;5.4;0.0
09;2021-04-02;618;235;0;22212;8525;0;14.6;5.6;0.0
09;2021-04-03;604;90;0;22816;8615;0;15.0;5.7;0.0
09;2021-04-04;123;51;0;22939;8666;0;15.1;5.7;0.0
09;2021-04-05;207;57;0;23146;8723;0;15.2;5.7;0.0
09;2021-04-06;879;356;0;24025;9079;0;15.8;6.0;0.0
09;2021-04-07;970;321;0;24995;9400;0;16.4;6.2;0.0
09;2021-04-08;1222;374;0;26217;9774;0;17.2;6.4;0.0
09;2021-04-09;1003;352;0;27220;10126;0;17.9;6.6;0.0
09;2021-04-10;990;154;0;28210;10280;0;18.5;6.7;0.0
09;2021-04-11;169;87;0;28379;10367;0;18.6;6.8;0.0
09;2021-04-12;629;299;0;29008;10666;0;19.0;7.0;0.0
09;2021-04-13;915;369;0;29923;11035;0;19.6;7.2;0.0
09;2021-04-14;1122;419;0;31045;11454;0;20.4;7.5;0.0
09;2021-04-15;990;441;0;32035;11895;0;21.0;7.8;0.0
09;2021-04-16;868;364;0;32903;12259;0;21.6;8.0;0.0
09;2021-04-17;966;286;0;33869;12545;0;22.2;8.2;0.0
09;2021-04-18;96;85;0;33965;12630;0;22.3;8.3;0.0
09;2021-04-19;620;354;0;34585;12984;0;22.7;8.5;0.0
09;2021-04-20;738;478;0;35323;13462;0;23.2;8.8;0.0
09;2021-04-21;811;519;0;36134;13981;0;23.7;9.2;0.0
09;2021-04-22;598;534;0;36732;14515;0;24.1;9.5;0.0
09;2021-04-23;714;388;0;37446;14903;0;24.6;9.8;0.0
09;2021-04-24;617;542;0;38063;15445;0;25.0;10.1;0.0
09;2021-04-25;74;112;0;38137;15557;0;25.0;10.2;0.0
09;2021-04-26;382;477;0;38519;16034;0;25.3;10.5;0.0
09;2021-04-27;423;638;0;38942;16672;0;25.6;10.9;0.0
09;2021-04-28;745;687;0;39687;17359;0;26.0;11.4;0.0
09;2021-04-29;539;691;0;40226;18050;0;26.4;11.8;0.0
09;2021-04-30;589;558;0;40815;18608;0;26.8;12.2;0.0
09;2021-05-01;389;313;0;41204;18921;0;27.0;12.4;0.0
09;2021-05-02;59;100;0;41263;19021;0;27.1;12.5;0.0
09;2021-05-03;507;575;0;41770;19596;0;27.4;12.9;0.0
09;2021-05-04;531;1071;0;42301;20667;0;27.8;13.6;0.0
09;2021-05-05;709;984;0;43010;21651;0;28.2;14.2;0.0
09;2021-05-06;760;881;0;43770;22532;0;28.7;14.8;0.0
09;2021-05-07;858;669;0;44628;23201;0;29.3;15.2;0.0
09;2021-05-08;326;349;0;44954;23550;0;29.5;15.5;0.0
09;2021-05-09;197;87;0;45151;23637;0;29.6;15.5;0.0
09;2021-05-10;444;806;0;45595;24443;0;29.9;16.0;0.0
09;2021-05-11;645;883;0;46240;25326;0;30.3;16.6;0.0
09;2021-05-12;1146;1125;0;47386;26451;0;31.1;17.4;0.0
09;2021-05-13;895;322;0;48281;26773;0;31.7;17.6;0.0
09;2021-05-14;688;534;0;48969;27307;0;32.1;17.9;0.0
09;2021-05-15;784;553;0;49753;27860;0;32.6;18.3;0.0
09;2021-05-16;165;44;0;49918;27904;0;32.8;18.3;0.0
09;2021-05-17;597;384;0;50515;28288;0;33.1;18.6;0.0
09;2021-05-18;1004;398;0;51519;28686;0;33.8;18.8;0.0
09;2021-05-19;1069;349;0;52588;29035;0;34.5;19.1;0.0
09;2021-05-20;984;382;0;53572;29417;0;35.2;19.3;0.0
09;2021-05-21;764;429;0;54336;29846;0;35.7;19.6;0.0
09;2021-05-22;908;297;0;55244;30143;0;36.2;19.8;0.0
09;2021-05-23;117;17;0;55361;30160;0;36.3;19.8;0.0
09;2021-05-24;119;81;0;55480;30241;0;36.4;19.8;0.0
09;2021-05-25;759;478;0;56239;30719;0;36.9;20.2;0.0
09;2021-05-26;811;422;0;57050;31141;0;37.4;20.4;0.0
09;2021-05-27;596;366;0;57646;31507;0;37.8;20.7;0.0
09;2021-05-28;619;469;0;58265;31976;0;38.2;21.0;0.0
09;2021-05-29;821;536;0;59086;32512;0;38.8;21.3;0.0
09;2021-05-30;265;180;0;59351;32692;0;38.9;21.5;0.0
09;2021-05-31;438;557;0;59789;33249;0;39.2;21.8;0.0
09;2021-06-01;714;620;0;60503;33869;0;39.7;22.2;0.0
09;2021-06-02;796;784;0;61299;34653;0;40.2;22.7;0.0
09;2021-06-03;595;636;0;61894;35289;0;40.6;23.2;0.0
09;2021-06-04;708;754;0;62602;36043;0;41.1;23.7;0.0
09;2021-06-05;794;733;0;63396;36776;0;41.6;24.1;0.0
09;2021-06-06;179;92;0;63575;36868;0;41.7;24.2;0.0
09;2021-06-07;499;504;0;64074;37372;0;42.0;24.5;0.0
09;2021-06-08;713;488;0;64787;37860;0;42.5;24.8;0.0
09;2021-06-09;581;718;0;65368;38578;0;42.9;25.3;0.0
09;2021-06-10;508;540;0;65876;39118;0;43.2;25.7;0.0
09;2021-06-11;688;705;0;66564;39823;0;43.7;26.1;0.0
09;2021-06-12;429;604;0;66993;40427;0;44.0;26.5;0.0
09;2021-06-13;93;127;0;67086;40554;0;44.0;26.6;0.0
09;2021-06-14;501;661;0;67587;41215;0;44.3;27.0;0.0
09;2021-06-15;699;865;0;68286;42080;0;44.8;27.6;0.0
09;2021-06-16;476;876;0;68762;42956;0;45.1;28.2;0.0
09;2021-06-17;595;691;0;69357;43647;0;45.5;28.6;0.0
09;2021-06-18;524;975;0;69881;44622;0;45.9;29.3;0.0
09;2021-06-19;360;1102;0;70241;45724;0;46.1;30.0;0.0
09;2021-06-20;24;208;0;70265;45932;0;46.1;30.1;0.0
09;2021-06-21;387;611;0;70652;46543;0;46.4;30.5;0.0
09;2021-06-22;377;876;0;71029;47419;0;46.6;31.1;0.0
09;2021-06-23;324;890;0;71353;48309;0;46.8;31.7;0.0
09;2021-06-24;456;620;0;71809;48929;0;47.1;32.1;0.0
09;2021-06-25;370;780;0;72179;49709;0;47.4;32.6;0.0
09;2021-06-26;326;732;0;72505;50441;0;47.6;33.1;0.0
09;2021-06-27;10;154;0;72515;50595;0;47.6;33.2;0.0
09;2021-06-28;204;750;0;72719;51345;0;47.7;33.7;0.0
09;2021-06-29;255;974;0;72974;52319;0;47.9;34.3;0.0
09;2021-06-30;394;1128;0;73368;53447;0;48.1;35.1;0.0
09;2021-07-01;344;1115;0;73712;54562;0;48.4;35.8;0.0
09;2021-07-02;287;822;0;73999;55384;0;48.6;36.3;0.0
09;2021-07-03;175;979;0;74174;56363;0;48.7;37.0;0.0
09;2021-07-04;15;135;0;74189;56498;0;48.7;37.1;0.0
09;2021-07-05;190;559;0;74379;57057;0;48.8;37.4;0.0
09;2021-07-06;269;983;0;74648;58040;0;49.0;38.1;0.0
09;2021-07-07;347;953;0;74995;58993;0;49.2;38.7;0.0
09;2021-07-08;294;814;0;75289;59807;0;49.4;39.2;0.0
09;2021-07-09;287;825;0;75576;60632;0;49.6;39.8;0.0
09;2021-07-10;261;983;0;75837;61615;0;49.8;40.4;0.0
09;2021-07-11;135;231;0;75972;61846;0;49.9;40.6;0.0
09;2021-07-12;169;786;0;76141;62632;0;50.0;41.1;0.0
09;2021-07-13;607;1004;0;76748;63636;0;50.4;41.8;0.0
09;2021-07-14;402;159;0;77150;63795;0;50.6;41.9;0.0
09;2021-07-15;744;848;0;77894;64643;0;51.1;42.4;0.0
09;2021-07-16;560;988;0;78454;65631;0;51.5;43.1;0.0
09;2021-07-17;751;942;0;79205;66573;0;52.0;43.7;0.0
09;2021-07-18;297;183;0;79502;66756;0;52.2;43.8;0.0
09;2021-07-19;450;786;0;79952;67542;0;52.5;44.3;0.0
09;2021-07-20;724;1033;0;80676;68575;0;52.9;45.0;0.0
09;2021-07-21;849;937;0;81525;69512;0;53.5;45.6;0.0
09;2021-07-22;769;763;0;82294;70275;0;54.0;46.1;0.0
09;2021-07-23;679;748;0;82973;71023;0;54.4;46.6;0.0
09;2021-07-24;792;404;0;83765;71427;0;55.0;46.9;0.0
09;2021-07-25;502;129;0;84267;71556;0;55.3;47.0;0.0
09;2021-07-26;563;637;0;84830;72193;0;55.7;47.4;0.0
09;2021-07-27;1001;790;0;85831;72983;0;56.3;47.9;0.0
09;2021-07-28;967;761;0;86798;73744;0;57.0;48.4;0.0
09;2021-07-29;879;599;0;87677;74343;0;57.5;48.8;0.0
09;2021-07-30;688;527;0;88365;74870;0;58.0;49.1;0.0
09;2021-07-31;1116;335;0;89481;75205;0;58.7;49.3;0.0
09;2021-08-01;151;125;0;89632;75330;0;58.8;49.4;0.0
09;2021-08-02;738;418;0;90370;75748;0;59.3;49.7;0.0
09;2021-08-03;1059;686;0;91429;76434;0;60.0;50.2;0.0
09;2021-08-04;1111;525;0;92540;76959;0;60.7;50.5;0.0
09;2021-08-05;803;559;0;93343;77518;0;61.2;50.9;0.0
09;2021-08-06;862;557;0;94205;78075;0;61.8;51.2;0.0
09;2021-08-07;654;348;0;94859;78423;0;62.2;51.5;0.0
09;2021-08-08;122;152;0;94981;78575;0;62.3;51.6;0.0
09;2021-08-09;562;558;0;95543;79133;0;62.7;51.9;0.0
09;2021-08-10;803;619;0;96346;79752;0;63.2;52.3;0.0
09;2021-08-11;720;731;0;97066;80483;0;63.7;52.8;0.0
09;2021-08-12;527;655;0;97593;81138;0;64.0;53.2;0.0
09;2021-08-13;444;574;0;98037;81712;0;64.3;53.6;0.0
09;2021-08-14;282;674;0;98319;82386;0;64.5;54.1;0.0
09;2021-08-15;58;146;0;98377;82532;0;64.6;54.2;0.0
09;2021-08-16;466;553;0;98843;83085;0;64.9;54.5;0.0
09;2021-08-17;601;673;0;99444;83758;0;65.3;55.0;0.0
09;2021-08-18;502;770;0;99946;84528;0;65.6;55.5;0.0
09;2021-08-19;373;602;0;100319;85130;0;65.8;55.9;0.0
09;2021-08-20;338;675;0;100657;85805;0;66.0;56.3;0.0
09;2021-08-21;268;1118;0;100925;86923;0;66.2;57.0;0.0
09;2021-08-22;62;172;0;100987;87095;0;66.3;57.1;0.0
09;2021-08-23;296;684;0;101283;87779;0;66.5;57.6;0.0
09;2021-08-24;356;834;0;101639;88613;0;66.7;58.1;0.0
09;2021-08-25;225;807;0;101864;89420;0;66.8;58.7;0.0
09;2021-08-26;267;813;0;102131;90233;0;67.0;59.2;0.0
09;2021-08-27;224;688;0;102355;90921;0;67.2;59.7;0.0
09;2021-08-28;227;823;0;102582;91744;0;67.3;60.2;0.0
09;2021-08-29;19;138;0;102601;91882;0;67.3;60.3;0.0
09;2021-08-30;244;629;29;102845;92511;29;67.5;60.7;0.0
09;2021-08-31;286;953;69;103131;93464;98;67.7;61.3;0.1
09;2021-09-01;304;641;181;103435;94105;279;67.9;61.7;0.2
09;2021-09-02;153;443;92;103588;94548;371;68.0;62.0;0.2
09;2021-09-03;220;646;122;103808;95194;493;68.1;62.5;0.3
09;2021-09-04;142;416;58;103950;95610;551;68.2;62.7;0.4
09;2021-09-05;23;77;22;103973;95687;573;68.2;62.8;0.4
09;2021-09-06;165;457;121;104138;96144;694;68.3;63.1;0.5
09;2021-09-07;142;494;139;104280;96638;833;68.4;63.4;0.5
09;2021-09-08;178;696;81;104458;97334;914;68.5;63.9;0.6
09;2021-09-09;151;357;110;104609;97691;1024;68.6;64.1;0.7
09;2021-09-10;126;399;41;104735;98090;1065;68.7;64.4;0.7
09;2021-09-11;114;318;75;104849;98408;1140;68.8;64.6;0.7
09;2021-09-12;18;64;8;104867;98472;1148;68.8;64.6;0.8
09;2021-09-13;133;507;132;105000;98979;1280;68.9;64.9;0.8
09;2021-09-14;142;442;161;105142;99421;1441;69.0;65.2;0.9
09;2021-09-15;168;486;124;105310;99907;1565;69.1;65.6;1.0
09;2021-09-16;119;299;170;105429;100206;1735;69.2;65.8;1.1
09;2021-09-17;153;379;115;105582;100585;1850;69.3;66.0;1.2
09;2021-09-18;110;277;72;105692;100862;1922;69.4;66.2;1.3
09;2021-09-19;1;11;0;105693;100873;1922;69.4;66.2;1.3
09;2021-09-20;63;247;124;105756;101120;2046;69.4;66.4;1.3
09;2021-09-21;86;205;127;105842;101325;2173;69.5;66.5;1.4
09;2021-09-22;144;413;120;105986;101738;2293;69.5;66.8;1.5
09;2021-09-23;73;157;116;106059;101895;2409;69.6;66.9;1.6
09;2021-09-24;110;264;97;106169;102159;2506;69.7;67.0;1.6
09;2021-09-25;38;161;42;106207;102320;2548;69.7;67.1;1.7
09;2021-09-26;1;16;3;106208;102336;2551;69.7;67.2;1.7
09;2021-09-27;66;288;88;106274;102624;2639;69.7;67.3;1.7
09;2021-09-28;76;156;152;106350;102780;2791;69.8;67.4;1.8
09;2021-09-29;82;212;89;106432;102992;2880;69.8;67.6;1.9
09;2021-09-30;44;120;286;106476;103112;3166;69.9;67.7;2.1
09;2021-10-01;89;129;89;106565;103241;3255;69.9;67.7;2.1
09;2021-10-02;61;157;56;106626;103398;3311;70.0;67.8;2.2
09;2021-10-03;1;9;0;106627;103407;3311;70.0;67.9;2.2
09;2021-10-04;67;99;134;106694;103506;3445;70.0;67.9;2.3
09;2021-10-05;60;127;212;106754;103633;3657;70.0;68.0;2.4
09;2021-10-06;117;194;186;106871;103827;3843;70.1;68.1;2.5
09;2021-10-07;60;124;201;106931;103951;4044;70.2;68.2;2.7
09;2021-10-08;103;186;143;107034;104137;4187;70.2;68.3;2.7
09;2021-10-09;46;102;62;107080;104239;4249;70.3;68.4;2.8
09;2021-10-10;0;7;9;107080;104246;4258;70.3;68.4;2.8
09;2021-10-11;59;99;150;107139;104345;4408;70.3;68.5;2.9
09;2021-10-12;51;74;152;107190;104419;4560;70.3;68.5;3.0
09;2021-10-13;86;151;181;107276;104570;4741;70.4;68.6;3.1
09;2021-10-14;51;94;142;107327;104664;4883;70.4;68.7;3.2
09;2021-10-15;73;121;212;107400;104785;5095;70.5;68.8;3.3
09;2021-10-16;66;61;104;107466;104846;5199;70.5;68.8;3.4
09;2021-10-17;3;3;7;107469;104849;5206;70.5;68.8;3.4
09;2021-10-18;44;108;175;107513;104957;5381;70.5;68.9;3.5
09;2021-10-19;50;83;135;107563;105040;5516;70.6;68.9;3.6
09;2021-10-20;79;134;265;107642;105174;5781;70.6;69.0;3.8
09;2021-10-21;54;89;158;107696;105263;5939;70.7;69.1;3.9
09;2021-10-22;51;87;177;107747;105350;6116;70.7;69.1;4.0
09;2021-10-23;42;64;176;107789;105414;6292;70.7;69.2;4.1
09;2021-10-24;0;0;17;107789;105414;6309;70.7;69.2;4.1
09;2021-10-25;43;63;225;107832;105477;6534;70.8;69.2;4.3
09;2021-10-26;44;55;196;107876;105532;6730;70.8;69.2;4.4
09;2021-10-27;57;137;289;107933;105669;7019;70.8;69.3;4.6
09;2021-10-28;61;64;274;107994;105733;7293;70.9;69.4;4.8
09;2021-10-29;72;135;269;108066;105868;7562;70.9;69.5;5.0
09;2021-10-30;27;34;85;108093;105902;7647;70.9;69.5;5.0
09;2021-10-31;1;5;0;108094;105907;7647;70.9;69.5;5.0
09;2021-11-01;9;30;32;108103;105937;7679;70.9;69.5;5.0
09;2021-11-02;41;53;190;108144;105990;7869;71.0;69.5;5.2
09;2021-11-03;60;91;350;108204;106081;8219;71.0;69.6;5.4
09;2021-11-04;49;77;350;108253;106158;8569;71.0;69.7;5.6
09;2021-11-05;61;104;371;108314;106262;8940;71.1;69.7;5.9
09;2021-11-06;58;59;286;108372;106321;9226;71.1;69.8;6.1
09;2021-11-07;5;7;23;108377;106328;9249;71.1;69.8;6.1
09;2021-11-08;44;53;320;108421;106381;9569;71.1;69.8;6.3
09;2021-11-09;61;66;500;108482;106447;10069;71.2;69.8;6.6
09;2021-11-10;65;87;490;108547;106534;10559;71.2;69.9;6.9
09;2021-11-11;6;6;78;108553;106540;10637;71.2;69.9;7.0
09;2021-11-12;47;63;445;108600;106603;11082;71.3;70.0;7.3
09;2021-11-13;24;39;199;108624;106642;11281;71.3;70.0;7.4
09;2021-11-14;0;3;2;108624;106645;11283;71.3;70.0;7.4
09;2021-11-15;37;55;431;108661;106700;11714;71.3;70.0;7.7
09;2021-11-16;33;47;534;108694;106747;12248;71.3;70.0;8.0
09;2021-11-17;69;59;623;108763;106806;12871;71.4;70.1;8.4
09;2021-11-18;33;62;607;108796;106868;13478;71.4;70.1;8.8
09;2021-11-19;56;53;618;108852;106921;14096;71.4;70.2;9.2
09;2021-11-20;61;44;307;108913;106965;14403;71.5;70.2;9.5
09;2021-11-21;0;3;5;108913;106968;14408;71.5;70.2;9.5
09;2021-11-22;47;71;524;108960;107039;14932;71.5;70.2;9.8
09;2021-11-23;77;46;606;109037;107085;15538;71.5;70.3;10.2
09;2021-11-24;60;82;576;109097;107167;16114;71.6;70.3;10.6
09;2021-11-25;58;55;734;109155;107222;16848;71.6;70.4;11.1
09;2021-11-26;81;79;791;109236;107301;17639;71.7;70.4;11.6
09;2021-11-27;45;40;360;109281;107341;17999;71.7;70.4;11.8
09;2021-11-28;3;3;32;109284;107344;18031;71.7;70.4;11.8
09;2021-11-29;56;49;683;109340;107393;18714;71.7;70.5;12.3
09;2021-11-30;75;67;1159;109415;107460;19873;71.8;70.5;13.0
09;2021-12-01;38;56;983;109453;107516;20856;71.8;70.5;13.7
09;2021-12-02;65;46;1299;109518;107562;22155;71.9;70.6;14.5
09;2021-12-03;55;45;1148;109573;107607;23303;71.9;70.6;15.3
09;2021-12-04;43;41;465;109616;107648;23768;71.9;70.6;15.6
09;2021-12-05;2;4;195;109618;107652;23963;71.9;70.6;15.7
09;2021-12-06;39;44;902;109657;107696;24865;72.0;70.7;16.3
09;2021-12-07;53;43;1452;109710;107739;26317;72.0;70.7;17.3
09;2021-12-08;81;64;1334;109791;107803;27651;72.0;70.7;18.1
09;2021-12-09;73;62;1547;109864;107865;29198;72.1;70.8;19.2
09;2021-12-10;59;58;1615;109923;107923;30813;72.1;70.8;20.2
09;2021-12-11;71;30;1600;109994;107953;32413;72.2;70.8;21.3
09;2021-12-12;5;13;799;109999;107966;33212;72.2;70.8;21.8
09;2021-12-13;47;61;1157;110046;108027;34369;72.2;70.9;22.6
09;2021-12-14;68;82;1608;110114;108109;35977;72.3;70.9;23.6
09;2021-12-15;77;94;1462;110191;108203;37439;72.3;71.0;24.6
10;2020-12-27;0;0;0;0;0;0;0.0;0.0;0.0
10;2020-12-28;0;0;0;0;0;0;0.0;0.0;0.0
10;2020-12-29;0;0;0;0;0;0;0.0;0.0;0.0
10;2020-12-30;0;0;0;0;0;0;0.0;0.0;0.0
10;2020-12-31;0;0;0;0;0;0;0.0;0.0;0.0
10;2021-01-01;0;0;0;0;0;0;0.0;0.0;0.0
10;2021-01-02;1;0;0;1;0;0;0.0;0.0;0.0
10;2021-01-03;0;0;0;1;0;0;0.0;0.0;0.0
10;2021-01-04;0;0;0;1;0;0;0.0;0.0;0.0
10;2021-01-05;2;0;0;3;0;0;0.0;0.0;0.0
10;2021-01-06;1;0;0;4;0;0;0.0;0.0;0.0
10;2021-01-07;77;0;0;81;0;0;0.0;0.0;0.0
10;2021-01-08;237;0;0;318;0;0;0.1;0.0;0.0
10;2021-01-09;2;0;0;320;0;0;0.1;0.0;0.0
10;2021-01-10;1;0;0;321;0;0;0.1;0.0;0.0
10;2021-01-11;112;0;0;433;0;0;0.1;0.0;0.0
10;2021-01-12;182;0;0;615;0;0;0.2;0.0;0.0
10;2021-01-13;306;1;0;921;1;0;0.3;0.0;0.0
10;2021-01-14;368;9;0;1289;10;0;0.4;0.0;0.0
10;2021-01-15;367;3;0;1656;13;0;0.5;0.0;0.0
10;2021-01-16;56;0;0;1712;13;0;0.6;0.0;0.0
10;2021-01-17;0;0;0;1712;13;0;0.6;0.0;0.0
10;2021-01-18;625;3;0;2337;16;0;0.8;0.0;0.0
10;2021-01-19;1317;6;0;3654;22;0;1.2;0.0;0.0
10;2021-01-20;1093;8;0;4747;30;0;1.5;0.0;0.0
10;2021-01-21;1119;2;0;5866;32;0;1.9;0.0;0.0
10;2021-01-22;778;2;0;6644;34;0;2.1;0.0;0.0
10;2021-01-23;313;0;0;6957;34;0;2.2;0.0;0.0
10;2021-01-24;0;0;0;6957;34;0;2.2;0.0;0.0
10;2021-01-25;446;7;0;7403;41;0;2.4;0.0;0.0
10;2021-01-26;492;14;0;7895;55;0;2.5;0.0;0.0
10;2021-01-27;454;15;0;8349;70;0;2.7;0.0;0.0
10;2021-01-28;362;47;0;8711;117;0;2.8;0.0;0.0
10;2021-01-29;417;177;0;9128;294;0;2.9;0.1;0.0
10;2021-01-30;33;0;0;9161;294;0;3.0;0.1;0.0
10;2021-01-31;0;0;0;9161;294;0;3.0;0.1;0.0
10;2021-02-01;397;139;0;9558;433;0;3.1;0.1;0.0
10;2021-02-02;183;147;0;9741;580;0;3.1;0.2;0.0
10;2021-02-03;351;187;0;10092;767;0;3.3;0.2;0.0
10;2021-02-04;342;249;0;10434;1016;0;3.4;0.3;0.0
10;2021-02-05;309;308;0;10743;1324;0;3.5;0.4;0.0
10;2021-02-06;6;37;0;10749;1361;0;3.5;0.4;0.0
10;2021-02-07;0;0;0;10749;1361;0;3.5;0.4;0.0
10;2021-02-08;179;392;0;10928;1753;0;3.5;0.6;0.0
10;2021-02-09;454;574;0;11382;2327;0;3.7;0.8;0.0
10;2021-02-10;631;491;0;12013;2818;0;3.9;0.9;0.0
10;2021-02-11;729;577;0;12742;3395;0;4.1;1.1;0.0
10;2021-02-12;570;501;0;13312;3896;0;4.3;1.3;0.0
10;2021-02-13;34;113;0;13346;4009;0;4.3;1.3;0.0
10;2021-02-14;3;2;0;13349;4011;0;4.3;1.3;0.0
10;2021-02-15;137;444;0;13486;4455;0;4.4;1.4;0.0
10;2021-02-16;111;544;0;13597;4999;0;4.4;1.6;0.0
10;2021-02-17;138;599;0;13735;5598;0;4.4;1.8;0.0
10;2021-02-18;213;557;0;13948;6155;0;4.5;2.0;0.0
10;2021-02-19;190;450;0;14138;6605;0;4.6;2.1;0.0
10;2021-02-20;24;193;0;14162;6798;0;4.6;2.2;0.0
10;2021-02-21;0;0;0;14162;6798;0;4.6;2.2;0.0
10;2021-02-22;83;445;0;14245;7243;0;4.6;2.3;0.0
10;2021-02-23;86;552;0;14331;7795;0;4.6;2.5;0.0
10;2021-02-24;125;376;0;14456;8171;0;4.7;2.6;0.0
10;2021-02-25;340;379;0;14796;8550;0;4.8;2.8;0.0
10;2021-02-26;349;282;0;15145;8832;0;4.9;2.8;0.0
10;2021-02-27;255;124;0;15400;8956;0;5.0;2.9;0.0
10;2021-02-28;0;1;0;15400;8957;0;5.0;2.9;0.0
10;2021-03-01;258;323;0;15658;9280;0;5.1;3.0;0.0
10;2021-03-02;437;352;0;16095;9632;0;5.2;3.1;0.0
10;2021-03-03;465;571;0;16560;10203;0;5.3;3.3;0.0
10;2021-03-04;588;470;0;17148;10673;0;5.5;3.4;0.0
10;2021-03-05;679;270;0;17827;10943;0;5.8;3.5;0.0
10;2021-03-06;922;44;0;18749;10987;0;6.0;3.5;0.0
10;2021-03-07;744;6;0;19493;10993;0;6.3;3.5;0.0
10;2021-03-08;507;434;0;20000;11427;0;6.5;3.7;0.0
10;2021-03-09;644;399;0;20644;11826;0;6.7;3.8;0.0
10;2021-03-10;655;359;0;21299;12185;0;6.9;3.9;0.0
10;2021-03-11;1121;225;0;22420;12410;0;7.2;4.0;0.0
10;2021-03-12;1275;246;0;23695;12656;0;7.6;4.1;0.0
10;2021-03-13;882;34;0;24577;12690;0;7.9;4.1;0.0
10;2021-03-14;1326;20;0;25903;12710;0;8.4;4.1;0.0
10;2021-03-15;809;76;0;26712;12786;0;8.6;4.1;0.0
10;2021-03-16;681;64;0;27393;12850;0;8.8;4.1;0.0
10;2021-03-17;771;67;0;28164;12917;0;9.1;4.2;0.0
10;2021-03-18;832;74;0;28996;12991;0;9.4;4.2;0.0
10;2021-03-19;916;75;0;29912;13066;0;9.7;4.2;0.0
10;2021-03-20;535;16;0;30447;13082;0;9.8;4.2;0.0
10;2021-03-21;1767;43;0;32214;13125;0;10.4;4.2;0.0
10;2021-03-22;816;71;0;33030;13196;0;10.7;4.3;0.0
10;2021-03-23;1181;93;0;34211;13289;0;11.0;4.3;0.0
10;2021-03-24;1271;62;0;35482;13351;0;11.4;4.3;0.0
10;2021-03-25;1605;211;0;37087;13562;0;12.0;4.4;0.0
10;2021-03-26;1380;121;0;38467;13683;0;12.4;4.4;0.0
10;2021-03-27;781;75;0;39248;13758;0;12.7;4.4;0.0
10;2021-03-28;1197;29;0;40445;13787;0;13.1;4.4;0.0
10;2021-03-29;652;304;0;41097;14091;0;13.3;4.5;0.0
10;2021-03-30;916;372;0;42013;14463;0;13.6;4.7;0.0
10;2021-03-31;625;360;0;42638;14823;0;13.8;4.8;0.0
10;2021-04-01;895;667;0;43533;15490;0;14.0;5.0;0.0
10;2021-04-02;1077;582;0;44610;16072;0;14.4;5.2;0.0
10;2021-04-03;560;554;0;45170;16626;0;14.6;5.4;0.0
10;2021-04-04;1746;248;0;46916;16874;0;15.1;5.4;0.0
10;2021-04-05;1731;43;0;48647;16917;0;15.7;5.5;0.0
10;2021-04-06;525;627;0;49172;17544;0;15.9;5.7;0.0
10;2021-04-07;580;524;0;49752;18068;0;16.1;5.8;0.0
10;2021-04-08;1057;582;0;50809;18650;0;16.4;6.0;0.0
10;2021-04-09;1143;583;0;51952;19233;0;16.8;6.2;0.0
10;2021-04-10;1726;344;0;53678;19577;0;17.3;6.3;0.0
10;2021-04-11;70;1224;0;53748;20801;0;17.3;6.7;0.0
10;2021-04-12;984;781;0;54732;21582;0;17.7;7.0;0.0
10;2021-04-13;1460;868;0;56192;22450;0;18.1;7.2;0.0
10;2021-04-14;850;597;0;57042;23047;0;18.4;7.4;0.0
10;2021-04-15;1415;848;0;58457;23895;0;18.9;7.7;0.0
10;2021-04-16;1106;678;0;59563;24573;0;19.2;7.9;0.0
10;2021-04-17;2233;353;0;61796;24926;0;19.9;8.0;0.0
10;2021-04-18;1336;1712;0;63132;26638;0;20.4;8.6;0.0
10;2021-04-19;828;774;0;63960;27412;0;20.6;8.8;0.0
10;2021-04-20;556;950;0;64516;28362;0;20.8;9.2;0.0
10;2021-04-21;614;968;0;65130;29330;0;21.0;9.5;0.0
10;2021-04-22;890;942;0;66020;30272;0;21.3;9.8;0.0
10;2021-04-23;2023;755;0;68043;31027;0;22.0;10.0;0.0
10;2021-04-24;2091;400;0;70134;31427;0;22.6;10.1;0.0
10;2021-04-25;1867;1178;0;72001;32605;0;23.2;10.5;0.0
10;2021-04-26;714;636;0;72715;33241;0;23.5;10.7;0.0
10;2021-04-27;850;544;0;73565;33785;0;23.7;10.9;0.0
10;2021-04-28;861;400;0;74426;34185;0;24.0;11.0;0.0
10;2021-04-29;1435;671;0;75861;34856;0;24.5;11.2;0.0
10;2021-04-30;2083;785;0;77944;35641;0;25.2;11.5;0.0
10;2021-05-01;1847;2039;0;79791;37680;0;25.7;12.2;0.0
10;2021-05-02;1833;1810;0;81624;39490;0;26.3;12.7;0.0
10;2021-05-03;566;476;0;82190;39966;0;26.5;12.9;0.0
10;2021-05-04;1077;1241;0;83267;41207;0;26.9;13.3;0.0
10;2021-05-05;1707;1005;0;84974;42212;0;27.4;13.6;0.0
10;2021-05-06;2195;952;0;87169;43164;0;28.1;13.9;0.0
10;2021-05-07;2152;1105;0;89321;44269;0;28.8;14.3;0.0
10;2021-05-08;2165;892;0;91486;45161;0;29.5;14.6;0.0
10;2021-05-09;1884;106;0;93370;45267;0;30.1;14.6;0.0
10;2021-05-10;534;1092;0;93904;46359;0;30.3;15.0;0.0
10;2021-05-11;1056;1029;0;94960;47388;0;30.6;15.3;0.0
10;2021-05-12;1963;869;0;96923;48257;0;31.3;15.6;0.0
10;2021-05-13;2077;419;0;99000;48676;0;31.9;15.7;0.0
10;2021-05-14;2514;643;0;101514;49319;0;32.8;15.9;0.0
10;2021-05-15;2247;1901;0;103761;51220;0;33.5;16.5;0.0
10;2021-05-16;1885;1350;0;105646;52570;0;34.1;17.0;0.0
10;2021-05-17;1420;445;0;107066;53015;0;34.5;17.1;0.0
10;2021-05-18;2384;593;0;109450;53608;0;35.3;17.3;0.0
10;2021-05-19;1515;630;0;110965;54238;0;35.8;17.5;0.0
10;2021-05-20;1783;821;0;112748;55059;0;36.4;17.8;0.0
10;2021-05-21;2174;610;0;114922;55669;0;37.1;18.0;0.0
10;2021-05-22;2017;408;0;116939;56077;0;37.7;18.1;0.0
10;2021-05-23;1550;125;0;118489;56202;0;38.2;18.1;0.0
10;2021-05-24;1689;162;0;120178;56364;0;38.8;18.2;0.0
10;2021-05-25;1749;487;0;121927;56851;0;39.3;18.3;0.0
10;2021-05-26;1492;416;0;123419;57267;0;39.8;18.5;0.0
10;2021-05-27;1515;725;0;124934;57992;0;40.3;18.7;0.0
10;2021-05-28;1580;1143;0;126514;59135;0;40.8;19.1;0.0
10;2021-05-29;1849;615;0;128363;59750;0;41.4;19.3;0.0
10;2021-05-30;893;126;0;129256;59876;0;41.7;19.3;0.0
10;2021-05-31;1014;744;0;130270;60620;0;42.0;19.6;0.0
10;2021-06-01;1120;859;0;131390;61479;0;42.4;19.8;0.0
10;2021-06-02;1020;698;0;132410;62177;0;42.7;20.1;0.0
10;2021-06-03;1364;1028;0;133774;63205;0;43.2;20.4;0.0
10;2021-06-04;1727;2470;0;135501;65675;0;43.7;21.2;0.0
10;2021-06-05;1362;2259;0;136863;67934;0;44.2;21.9;0.0
10;2021-06-06;930;1741;0;137793;69675;0;44.5;22.5;0.0
10;2021-06-07;722;1087;0;138515;70762;0;44.7;22.8;0.0
10;2021-06-08;910;1108;0;139425;71870;0;45.0;23.2;0.0
10;2021-06-09;878;922;0;140303;72792;0;45.3;23.5;0.0
10;2021-06-10;724;1006;0;141027;73798;0;45.5;23.8;0.0
10;2021-06-11;1180;2115;0;142207;75913;0;45.9;24.5;0.0
10;2021-06-12;862;2259;0;143069;78172;0;46.2;25.2;0.0
10;2021-06-13;378;1724;0;143447;79896;0;46.3;25.8;0.0
10;2021-06-14;551;713;0;143998;80609;0;46.5;26.0;0.0
10;2021-06-15;735;2035;0;144733;82644;0;46.7;26.7;0.0
10;2021-06-16;765;1844;0;145498;84488;0;46.9;27.3;0.0
10;2021-06-17;856;2357;0;146354;86845;0;47.2;28.0;0.0
10;2021-06-18;1043;2472;0;147397;89317;0;47.6;28.8;0.0
10;2021-06-19;982;2423;0;148379;91740;0;47.9;29.6;0.0
10;2021-06-20;518;1491;0;148897;93231;0;48.0;30.1;0.0
10;2021-06-21;651;1030;0;149548;94261;0;48.3;30.4;0.0
10;2021-06-22;703;1500;0;150251;95761;0;48.5;30.9;0.0
10;2021-06-23;673;2300;0;150924;98061;0;48.7;31.6;0.0
10;2021-06-24;789;2474;0;151713;100535;0;49.0;32.4;0.0
10;2021-06-25;720;2873;0;152433;103408;0;49.2;33.4;0.0
10;2021-06-26;504;2523;0;152937;105931;0;49.3;34.2;0.0
10;2021-06-27;405;1787;0;153342;107718;0;49.5;34.8;0.0
10;2021-06-28;632;1660;0;153974;109378;0;49.7;35.3;0.0
10;2021-06-29;618;2539;0;154592;111917;0;49.9;36.1;0.0
10;2021-06-30;574;1542;0;155166;113459;0;50.1;36.6;0.0
10;2021-07-01;580;2027;0;155746;115486;0;50.3;37.3;0.0
10;2021-07-02;704;2580;0;156450;118066;0;50.5;38.1;0.0
10;2021-07-03;528;2392;0;156978;120458;0;50.7;38.9;0.0
10;2021-07-04;400;1526;0;157378;121984;0;50.8;39.4;0.0
10;2021-07-05;665;2045;1;158043;124029;1;51.0;40.0;0.0
10;2021-07-06;675;1900;4;158718;125929;5;51.2;40.6;0.0
10;2021-07-07;660;1634;1;159378;127563;6;51.4;41.2;0.0
10;2021-07-08;750;1423;0;160128;128986;6;51.7;41.6;0.0
10;2021-07-09;812;1896;0;160940;130882;6;51.9;42.2;0.0
10;2021-07-10;638;1872;0;161578;132754;6;52.1;42.8;0.0
10;2021-07-11;491;1258;0;162069;134012;6;52.3;43.2;0.0
10;2021-07-12;774;1588;0;162843;135600;6;52.5;43.8;0.0
10;2021-07-13;1124;1834;0;163967;137434;6;52.9;44.3;0.0
10;2021-07-14;1161;1036;0;165128;138470;6;53.3;44.7;0.0
10;2021-07-15;1437;1994;0;166565;140464;6;53.7;45.3;0.0
10;2021-07-16;1304;2201;0;167869;142665;6;54.2;46.0;0.0
10;2021-07-17;1225;1641;0;169094;144306;6;54.6;46.6;0.0
10;2021-07-18;918;1167;0;170012;145473;6;54.9;46.9;0.0
10;2021-07-19;1360;1600;0;171372;147073;6;55.3;47.5;0.0
10;2021-07-20;1688;1470;0;173060;148543;6;55.8;47.9;0.0
10;2021-07-21;1452;1504;0;174512;150047;6;56.3;48.4;0.0
10;2021-07-22;1924;1599;0;176436;151646;6;56.9;48.9;0.0
10;2021-07-23;1697;1581;0;178133;153227;6;57.5;49.4;0.0
10;2021-07-24;1371;1239;0;179504;154466;6;57.9;49.8;0.0
10;2021-07-25;1224;763;0;180728;155229;6;58.3;50.1;0.0
10;2021-07-26;1808;1309;0;182536;156538;6;58.9;50.5;0.0
10;2021-07-27;2098;1080;0;184634;157618;6;59.6;50.9;0.0
10;2021-07-28;2130;1032;0;186764;158650;6;60.3;51.2;0.0
10;2021-07-29;2299;1161;0;189063;159811;6;61.0;51.6;0.0
10;2021-07-30;2155;1259;0;191218;161070;6;61.7;52.0;0.0
10;2021-07-31;1585;950;0;192803;162020;6;62.2;52.3;0.0
10;2021-08-01;1204;562;0;194007;162582;6;62.6;52.5;0.0
10;2021-08-02;1383;1284;0;195390;163866;6;63.0;52.9;0.0
10;2021-08-03;1523;920;0;196913;164786;6;63.5;53.2;0.0
10;2021-08-04;1307;1071;0;198220;165857;6;64.0;53.5;0.0
10;2021-08-05;1568;1278;0;199788;167135;6;64.5;53.9;0.0
10;2021-08-06;1736;1348;0;201524;168483;6;65.0;54.4;0.0
10;2021-08-07;1107;1082;0;202631;169565;6;65.4;54.7;0.0
10;2021-08-08;637;716;0;203268;170281;6;65.6;54.9;0.0
10;2021-08-09;1265;1454;0;204533;171735;6;66.0;55.4;0.0
10;2021-08-10;1532;1359;0;206065;173094;6;66.5;55.9;0.0
10;2021-08-11;828;1128;0;206893;174222;6;66.8;56.2;0.0
10;2021-08-12;997;1274;0;207890;175496;6;67.1;56.6;0.0
10;2021-08-13;742;1157;0;208632;176653;6;67.3;57.0;0.0
10;2021-08-14;587;1198;0;209219;177851;6;67.5;57.4;0.0
10;2021-08-15;271;771;0;209490;178622;6;67.6;57.6;0.0
10;2021-08-16;662;1588;0;210152;180210;6;67.8;58.1;0.0
10;2021-08-17;769;1729;0;210921;181939;6;68.1;58.7;0.0
10;2021-08-18;702;1612;0;211623;183551;6;68.3;59.2;0.0
10;2021-08-19;530;1543;0;212153;185094;6;68.5;59.7;0.0
10;2021-08-20;585;1765;0;212738;186859;6;68.6;60.3;0.0
10;2021-08-21;439;1410;0;213177;188269;6;68.8;60.8;0.0
10;2021-08-22;199;1011;0;213376;189280;6;68.9;61.1;0.0
10;2021-08-23;475;1603;0;213851;190883;6;69.0;61.6;0.0
10;2021-08-24;617;1721;0;214468;192604;6;69.2;62.1;0.0
10;2021-08-25;473;1389;0;214941;193993;6;69.4;62.6;0.0
10;2021-08-26;437;1511;0;215378;195504;6;69.5;63.1;0.0
10;2021-08-27;589;1636;0;215967;197140;6;69.7;63.6;0.0
10;2021-08-28;383;1306;0;216350;198446;6;69.8;64.0;0.0
10;2021-08-29;222;910;0;216572;199356;6;69.9;64.3;0.0
10;2021-08-30;416;1423;15;216988;200779;21;70.0;64.8;0.0
10;2021-08-31;471;1400;24;217459;202179;45;70.2;65.2;0.0
10;2021-09-01;335;1111;100;217794;203290;145;70.3;65.6;0.0
10;2021-09-02;282;937;177;218076;204227;322;70.4;65.9;0.1
10;2021-09-03;430;1074;158;218506;205301;480;70.5;66.2;0.2
10;2021-09-04;332;1023;83;218838;206324;563;70.6;66.6;0.2
10;2021-09-05;161;360;56;218999;206684;619;70.7;66.7;0.2
10;2021-09-06;255;585;166;219254;207269;785;70.7;66.9;0.3
10;2021-09-07;309;581;161;219563;207850;946;70.8;67.1;0.3
10;2021-09-08;272;585;121;219835;208435;1067;70.9;67.3;0.3
10;2021-09-09;313;681;219;220148;209116;1286;71.0;67.5;0.4
10;2021-09-10;411;742;151;220559;209858;1437;71.2;67.7;0.5
10;2021-09-11;273;648;88;220832;210506;1525;71.3;67.9;0.5
10;2021-09-12;85;194;20;220917;210700;1545;71.3;68.0;0.5
10;2021-09-13;215;401;214;221132;211101;1759;71.4;68.1;0.6
10;2021-09-14;237;548;426;221369;211649;2185;71.4;68.3;0.7
10;2021-09-15;224;469;308;221593;212118;2493;71.5;68.4;0.8
10;2021-09-16;272;419;333;221865;212537;2826;71.6;68.6;0.9
10;2021-09-17;245;726;242;222110;213263;3068;71.7;68.8;1.0
10;2021-09-18;197;549;71;222307;213812;3139;71.7;69.0;1.0
10;2021-09-19;53;208;34;222360;214020;3173;71.8;69.1;1.0
10;2021-09-20;128;496;241;222488;214516;3414;71.8;69.2;1.1
10;2021-09-21;155;499;237;222643;215015;3651;71.8;69.4;1.2
10;2021-09-22;136;320;195;222779;215335;3846;71.9;69.5;1.2
10;2021-09-23;207;340;279;222986;215675;4125;72.0;69.6;1.3
10;2021-09-24;216;514;250;223202;216189;4375;72.0;69.8;1.4
10;2021-09-25;124;431;80;223326;216620;4455;72.1;69.9;1.4
10;2021-09-26;50;186;24;223376;216806;4479;72.1;70.0;1.4
10;2021-09-27;219;261;216;223595;217067;4695;72.1;70.0;1.5
10;2021-09-28;194;327;381;223789;217394;5076;72.2;70.1;1.6
10;2021-09-29;191;278;204;223980;217672;5280;72.3;70.2;1.7
10;2021-09-30;164;203;225;224144;217875;5505;72.3;70.3;1.8
10;2021-10-01;207;451;276;224351;218326;5781;72.4;70.4;1.9
10;2021-10-02;172;303;140;224523;218629;5921;72.4;70.5;1.9
10;2021-10-03;56;101;25;224579;218730;5946;72.5;70.6;1.9
10;2021-10-04;118;201;250;224697;218931;6196;72.5;70.6;2.0
10;2021-10-05;112;216;353;224809;219147;6549;72.5;70.7;2.1
10;2021-10-06;126;209;195;224935;219356;6744;72.6;70.8;2.2
10;2021-10-07;128;309;365;225063;219665;7109;72.6;70.9;2.3
10;2021-10-08;170;269;307;225233;219934;7416;72.7;71.0;2.4
10;2021-10-09;145;246;147;225378;220180;7563;72.7;71.0;2.4
10;2021-10-10;49;78;67;225427;220258;7630;72.7;71.1;2.5
10;2021-10-11;113;192;306;225540;220450;7936;72.8;71.1;2.6
10;2021-10-12;118;190;399;225658;220640;8335;72.8;71.2;2.7
10;2021-10-13;131;187;375;225789;220827;8710;72.9;71.3;2.8
10;2021-10-14;122;207;456;225911;221034;9166;72.9;71.3;3.0
10;2021-10-15;145;287;437;226056;221321;9603;72.9;71.4;3.1
10;2021-10-16;117;187;153;226173;221508;9756;73.0;71.5;3.1
10;2021-10-17;40;50;32;226213;221558;9788;73.0;71.5;3.2
10;2021-10-18;101;161;423;226314;221719;10211;73.0;71.5;3.3
10;2021-10-19;105;196;461;226419;221915;10672;73.1;71.6;3.4
10;2021-10-20;118;180;489;226537;222095;11161;73.1;71.7;3.6
10;2021-10-21;103;220;616;226640;222315;11777;73.1;71.7;3.8
10;2021-10-22;147;225;486;226787;222540;12263;73.2;71.8;4.0
10;2021-10-23;87;185;282;226874;222725;12545;73.2;71.9;4.0
10;2021-10-24;36;43;70;226910;222768;12615;73.2;71.9;4.1
10;2021-10-25;96;124;453;227006;222892;13068;73.2;71.9;4.2
10;2021-10-26;99;124;562;227105;223016;13630;73.3;72.0;4.4
10;2021-10-27;74;132;421;227179;223148;14051;73.3;72.0;4.5
10;2021-10-28;51;94;454;227230;223242;14505;73.3;72.0;4.7
10;2021-10-29;97;172;442;227327;223414;14947;73.4;72.1;4.8
10;2021-10-30;81;119;205;227408;223533;15152;73.4;72.1;4.9
10;2021-10-31;27;44;127;227435;223577;15279;73.4;72.1;4.9
10;2021-11-01;25;18;34;227460;223595;15313;73.4;72.1;4.9
10;2021-11-02;105;132;602;227565;223727;15915;73.4;72.2;5.1
10;2021-11-03;77;117;641;227642;223844;16556;73.5;72.2;5.3
10;2021-11-04;87;96;777;227729;223940;17333;73.5;72.3;5.6
10;2021-11-05;129;184;703;227858;224124;18036;73.5;72.3;5.8
10;2021-11-06;84;115;389;227942;224239;18425;73.6;72.4;5.9
10;2021-11-07;23;48;170;227965;224287;18595;73.6;72.4;6.0
10;2021-11-08;63;95;719;228028;224382;19314;73.6;72.4;6.2
10;2021-11-09;82;130;973;228110;224512;20287;73.6;72.4;6.5
10;2021-11-10;95;143;819;228205;224655;21106;73.6;72.5;6.8
10;2021-11-11;6;6;39;228211;224661;21145;73.6;72.5;6.8
10;2021-11-12;101;138;719;228312;224799;21864;73.7;72.5;7.1
10;2021-11-13;82;92;663;228394;224891;22527;73.7;72.6;7.3
10;2021-11-14;34;45;260;228428;224936;22787;73.7;72.6;7.4
10;2021-11-15;77;115;933;228505;225051;23720;73.7;72.6;7.7
10;2021-11-16;81;108;1196;228586;225159;24916;73.8;72.7;8.0
10;2021-11-17;99;100;991;228685;225259;25907;73.8;72.7;8.4
10;2021-11-18;61;99;1028;228746;225358;26935;73.8;72.7;8.7
10;2021-11-19;127;147;1058;228873;225505;27993;73.9;72.8;9.0
10;2021-11-20;109;150;963;228982;225655;28956;73.9;72.8;9.3
10;2021-11-21;48;35;250;229030;225690;29206;73.9;72.8;9.4
10;2021-11-22;79;71;832;229109;225761;30038;73.9;72.8;9.7
10;2021-11-23;85;95;1308;229194;225856;31346;74.0;72.9;10.1
10;2021-11-24;106;96;1004;229300;225952;32350;74.0;72.9;10.4
10;2021-11-25;90;72;1246;229390;226024;33596;74.0;72.9;10.8
10;2021-11-26;143;165;1662;229533;226189;35258;74.1;73.0;11.4
10;2021-11-27;131;115;1498;229664;226304;36756;74.1;73.0;11.9
10;2021-11-28;43;32;519;229707;226336;37275;74.1;73.0;12.0
10;2021-11-29;79;86;2082;229786;226422;39357;74.1;73.1;12.7
10;2021-11-30;126;100;2678;229912;226522;42035;74.2;73.1;13.6
10;2021-12-01;96;86;2272;230008;226608;44307;74.2;73.1;14.3
10;2021-12-02;82;59;2837;230090;226667;47144;74.2;73.1;15.2
10;2021-12-03;111;105;2898;230201;226772;50042;74.3;73.2;16.1
10;2021-12-04;106;102;2065;230307;226874;52107;74.3;73.2;16.8
10;2021-12-05;47;41;1165;230354;226915;53272;74.3;73.2;17.2
10;2021-12-06;71;88;2759;230425;227003;56031;74.4;73.2;18.1
10;2021-12-07;95;87;3677;230520;227090;59708;74.4;73.3;19.3
10;2021-12-08;102;105;2675;230622;227195;62383;74.4;73.3;20.1
10;2021-12-09;87;101;3421;230709;227296;65804;74.4;73.3;21.2
10;2021-12-10;87;113;3767;230796;227409;69571;74.5;73.4;22.4
10;2021-12-11;108;120;2777;230904;227529;72348;74.5;73.4;23.3
10;2021-12-12;24;42;1410;230928;227571;73758;74.5;73.4;23.8
10;2021-12-13;76;107;3360;231004;227678;77118;74.5;73.5;24.9
10;2021-12-14;71;105;3813;231075;227783;80931;74.6;73.5;26.1
10;2021-12-15;62;131;3168;231137;227914;84099;74.6;73.5;27.1
11;2020-12-27;0;0;0;0;0;0;0.0;0.0;0.0
11;2020-12-28;0;0;0;0;0;0;0.0;0.0;0.0
11;2020-12-29;0;0;0;0;0;0;0.0;0.0;0.0
11;2020-12-30;0;0;0;0;0;0;0.0;0.0;0.0
11;2020-12-31;0;0;0;0;0;0;0.0;0.0;0.0
11;2021-01-01;1;0;0;1;0;0;0.0;0.0;0.0
11;2021-01-02;3;0;0;4;0;0;0.0;0.0;0.0
11;2021-01-03;0;0;0;4;0;0;0.0;0.0;0.0
11;2021-01-04;1;0;0;5;0;0;0.0;0.0;0.0
11;2021-01-05;89;1;0;94;1;0;0.0;0.0;0.0
11;2021-01-06;26;0;0;120;1;0;0.0;0.0;0.0
11;2021-01-07;115;0;0;235;1;0;0.1;0.0;0.0
11;2021-01-08;98;1;0;333;2;0;0.1;0.0;0.0
11;2021-01-09;85;0;0;418;2;0;0.1;0.0;0.0
11;2021-01-10;68;0;0;486;2;0;0.1;0.0;0.0
11;2021-01-11;149;0;0;635;2;0;0.2;0.0;0.0
11;2021-01-12;506;3;0;1141;5;0;0.3;0.0;0.0
11;2021-01-13;411;1;0;1552;6;0;0.4;0.0;0.0
11;2021-01-14;612;8;0;2164;14;0;0.6;0.0;0.0
11;2021-01-15;327;3;0;2491;17;0;0.7;0.0;0.0
11;2021-01-16;79;1;0;2570;18;0;0.7;0.0;0.0
11;2021-01-17;49;2;0;2619;20;0;0.7;0.0;0.0
11;2021-01-18;468;1;0;3087;21;0;0.8;0.0;0.0
11;2021-01-19;631;11;0;3718;32;0;1.0;0.0;0.0
11;2021-01-20;777;7;0;4495;39;0;1.2;0.0;0.0
11;2021-01-21;742;5;0;5237;44;0;1.4;0.0;0.0
11;2021-01-22;649;3;0;5886;47;0;1.6;0.0;0.0
11;2021-01-23;253;2;0;6139;49;0;1.6;0.0;0.0
11;2021-01-24;178;2;0;6317;51;0;1.7;0.0;0.0
11;2021-01-25;455;14;0;6772;65;0;1.8;0.0;0.0
11;2021-01-26;922;80;0;7694;145;0;2.1;0.0;0.0
11;2021-01-27;868;25;0;8562;170;0;2.3;0.0;0.0
11;2021-01-28;747;70;0;9309;240;0;2.5;0.1;0.0
11;2021-01-29;559;122;0;9868;362;0;2.6;0.1;0.0
11;2021-01-30;174;8;0;10042;370;0;2.7;0.1;0.0
11;2021-01-31;114;1;0;10156;371;0;2.7;0.1;0.0
11;2021-02-01;408;199;0;10564;570;0;2.8;0.2;0.0
11;2021-02-02;522;384;0;11086;954;0;3.0;0.3;0.0
11;2021-02-03;487;348;0;11573;1302;0;3.1;0.3;0.0
11;2021-02-04;498;488;0;12071;1790;0;3.2;0.5;0.0
11;2021-02-05;429;335;0;12500;2125;0;3.4;0.6;0.0
11;2021-02-06;238;61;0;12738;2186;0;3.4;0.6;0.0
11;2021-02-07;122;21;0;12860;2207;0;3.5;0.6;0.0
11;2021-02-08;377;207;0;13237;2414;0;3.6;0.6;0.0
11;2021-02-09;368;321;0;13605;2735;0;3.7;0.7;0.0
11;2021-02-10;413;451;0;14018;3186;0;3.8;0.9;0.0
11;2021-02-11;581;653;0;14599;3839;0;3.9;1.0;0.0
11;2021-02-12;482;416;0;15081;4255;0;4.0;1.1;0.0
11;2021-02-13;192;146;0;15273;4401;0;4.1;1.2;0.0
11;2021-02-14;73;60;0;15346;4461;0;4.1;1.2;0.0
11;2021-02-15;262;270;0;15608;4731;0;4.2;1.3;0.0
11;2021-02-16;304;555;0;15912;5286;0;4.3;1.4;0.0
11;2021-02-17;467;665;0;16379;5951;0;4.4;1.6;0.0
11;2021-02-18;469;599;0;16848;6550;0;4.5;1.8;0.0
11;2021-02-19;336;564;0;17184;7114;0;4.6;1.9;0.0
11;2021-02-20;153;126;0;17337;7240;0;4.7;1.9;0.0
11;2021-02-21;62;61;0;17399;7301;0;4.7;2.0;0.0
11;2021-02-22;141;403;0;17540;7704;0;4.7;2.1;0.0
11;2021-02-23;311;426;0;17851;8130;0;4.8;2.2;0.0
11;2021-02-24;272;442;0;18123;8572;0;4.9;2.3;0.0
11;2021-02-25;595;464;0;18718;9036;0;5.0;2.4;0.0
11;2021-02-26;591;414;0;19309;9450;0;5.2;2.5;0.0
11;2021-02-27;337;148;0;19646;9598;0;5.3;2.6;0.0
11;2021-02-28;101;54;0;19747;9652;0;5.3;2.6;0.0
11;2021-03-01;344;333;0;20091;9985;0;5.4;2.7;0.0
11;2021-03-02;554;396;0;20645;10381;0;5.5;2.8;0.0
11;2021-03-03;614;430;0;21259;10811;0;5.7;2.9;0.0
11;2021-03-04;1076;403;0;22335;11214;0;6.0;3.0;0.0
11;2021-03-05;1015;426;0;23350;11640;0;6.3;3.1;0.0
11;2021-03-06;1094;201;0;24444;11841;0;6.6;3.2;0.0
11;2021-03-07;708;39;0;25152;11880;0;6.7;3.2;0.0
11;2021-03-08;428;362;0;25580;12242;0;6.9;3.3;0.0
11;2021-03-09;1004;416;0;26584;12658;0;7.1;3.4;0.0
11;2021-03-10;1194;536;0;27778;13194;0;7.5;3.5;0.0
11;2021-03-11;1568;464;0;29346;13658;0;7.9;3.7;0.0
11;2021-03-12;1475;440;0;30821;14098;0;8.3;3.8;0.0
11;2021-03-13;1156;223;0;31977;14321;0;8.6;3.8;0.0
11;2021-03-14;522;54;0;32499;14375;0;8.7;3.9;0.0
11;2021-03-15;706;247;0;33205;14622;0;8.9;3.9;0.0
11;2021-03-16;853;206;0;34058;14828;0;9.1;4.0;0.0
11;2021-03-17;916;231;0;34974;15059;0;9.4;4.0;0.0
11;2021-03-18;1124;307;0;36098;15366;0;9.7;4.1;0.0
11;2021-03-19;1328;245;0;37426;15611;0;10.0;4.2;0.0
11;2021-03-20;766;164;0;38192;15775;0;10.2;4.2;0.0
11;2021-03-21;218;67;0;38410;15842;0;10.3;4.3;0.0
11;2021-03-22;788;241;0;39198;16083;0;10.5;4.3;0.0
11;2021-03-23;1768;389;0;40966;16472;0;11.0;4.4;0.0
11;2021-03-24;1793;324;0;42759;16796;0;11.5;4.5;0.0
11;2021-03-25;2154;343;0;44913;17139;0;12.1;4.6;0.0
11;2021-03-26;2073;447;0;46986;17586;0;12.6;4.7;0.0
11;2021-03-27;1143;152;0;48129;17738;0;12.9;4.8;0.0
11;2021-03-28;254;50;0;48383;17788;0;13.0;4.8;0.0
11;2021-03-29;1155;244;0;49538;18032;0;13.3;4.8;0.0
11;2021-03-30;1985;330;0;51523;18362;0;13.8;4.9;0.0
11;2021-03-31;1620;385;0;53143;18747;0;14.3;5.0;0.0
11;2021-04-01;2123;439;0;55266;19186;0;14.8;5.1;0.0
11;2021-04-02;1627;447;0;56893;19633;0;15.3;5.3;0.0
11;2021-04-03;722;152;0;57615;19785;0;15.5;5.3;0.0
11;2021-04-04;215;80;0;57830;19865;0;15.5;5.3;0.0
11;2021-04-05;272;14;0;58102;19879;0;15.6;5.3;0.0
11;2021-04-06;1633;576;0;59735;20455;0;16.0;5.5;0.0
11;2021-04-07;1818;611;0;61553;21066;0;16.5;5.7;0.0
11;2021-04-08;1909;676;0;63462;21742;0;17.0;5.8;0.0
11;2021-04-09;2327;622;0;65789;22364;0;17.7;6.0;0.0
11;2021-04-10;1168;209;0;66957;22573;0;18.0;6.1;0.0
11;2021-04-11;594;129;0;67551;22702;0;18.1;6.1;0.0
11;2021-04-12;1590;580;0;69141;23282;0;18.6;6.2;0.0
11;2021-04-13;2307;861;0;71448;24143;0;19.2;6.5;0.0
11;2021-04-14;1732;1021;0;73180;25164;0;19.6;6.8;0.0
11;2021-04-15;1940;1094;0;75120;26258;0;20.2;7.0;0.0
11;2021-04-16;1918;844;0;77038;27102;0;20.7;7.3;0.0
11;2021-04-17;1698;541;0;78736;27643;0;21.1;7.4;0.0
11;2021-04-18;166;147;0;78902;27790;0;21.2;7.5;0.0
11;2021-04-19;1368;714;0;80270;28504;0;21.5;7.6;0.0
11;2021-04-20;1697;1229;0;81967;29733;0;22.0;8.0;0.0
11;2021-04-21;1765;1242;0;83732;30975;0;22.5;8.3;0.0
11;2021-04-22;1813;1285;0;85545;32260;0;23.0;8.7;0.0
11;2021-04-23;1986;1199;0;87531;33459;0;23.5;9.0;0.0
11;2021-04-24;1693;434;0;89224;33893;0;23.9;9.1;0.0
11;2021-04-25;697;173;0;89921;34066;0;24.1;9.1;0.0
11;2021-04-26;1354;810;0;91275;34876;0;24.5;9.4;0.0
11;2021-04-27;1840;1499;0;93115;36375;0;25.0;9.8;0.0
11;2021-04-28;1937;1385;0;95052;37760;0;25.5;10.1;0.0
11;2021-04-29;2207;1656;0;97259;39416;0;26.1;10.6;0.0
11;2021-04-30;2097;1401;0;99356;40817;0;26.7;11.0;0.0
11;2021-05-01;1337;359;0;100693;41176;0;27.0;11.0;0.0
11;2021-05-02;649;345;0;101342;41521;0;27.2;11.1;0.0
11;2021-05-03;1544;762;0;102886;42283;0;27.6;11.3;0.0
11;2021-05-04;1905;1526;0;104791;43809;0;28.1;11.8;0.0
11;2021-05-05;1892;1541;0;106683;45350;0;28.6;12.2;0.0
11;2021-05-06;2129;1545;0;108812;46895;0;29.2;12.6;0.0
11;2021-05-07;2086;1608;0;110898;48503;0;29.8;13.0;0.0
11;2021-05-08;919;735;0;111817;49238;0;30.0;13.2;0.0
11;2021-05-09;668;584;0;112485;49822;0;30.2;13.4;0.0
11;2021-05-10;1401;1673;0;113886;51495;0;30.6;13.8;0.0
11;2021-05-11;2163;1935;0;116049;53430;0;31.1;14.3;0.0
11;2021-05-12;2034;1661;0;118083;55091;0;31.7;14.8;0.0
11;2021-05-13;1516;437;0;119599;55528;0;32.1;14.9;0.0
11;2021-05-14;1751;1187;0;121350;56715;0;32.6;15.2;0.0
11;2021-05-15;1311;862;0;122661;57577;0;32.9;15.4;0.0
11;2021-05-16;972;207;0;123633;57784;0;33.2;15.5;0.0
11;2021-05-17;1637;1037;0;125270;58821;0;33.6;15.8;0.0
11;2021-05-18;2149;1179;0;127419;60000;0;34.2;16.1;0.0
11;2021-05-19;2094;1127;0;129513;61127;0;34.7;16.4;0.0
11;2021-05-20;2278;1125;0;131791;62252;0;35.4;16.7;0.0
11;2021-05-21;2500;1125;0;134291;63377;0;36.0;17.0;0.0
11;2021-05-22;1680;659;0;135971;64036;0;36.5;17.2;0.0
11;2021-05-23;863;84;0;136834;64120;0;36.7;17.2;0.0
11;2021-05-24;1494;226;0;138328;64346;0;37.1;17.3;0.0
11;2021-05-25;1926;1355;0;140254;65701;0;37.6;17.6;0.0
11;2021-05-26;2030;1291;0;142284;66992;0;38.2;18.0;0.0
11;2021-05-27;2087;1714;0;144371;68706;0;38.7;18.4;0.0
11;2021-05-28;1813;1874;0;146184;70580;0;39.2;18.9;0.0
11;2021-05-29;1410;1560;0;147594;72140;0;39.6;19.4;0.0
11;2021-05-30;560;418;0;148154;72558;0;39.8;19.5;0.0
11;2021-05-31;1339;1604;0;149493;74162;0;40.1;19.9;0.0
11;2021-06-01;1861;1896;0;151354;76058;0;40.6;20.4;0.0
11;2021-06-02;1750;2107;0;153104;78165;0;41.1;21.0;0.0
11;2021-06-03;2542;2452;0;155646;80617;0;41.8;21.6;0.0
11;2021-06-04;2088;2617;0;157734;83234;0;42.3;22.3;0.0
11;2021-06-05;1503;1837;0;159237;85071;0;42.7;22.8;0.0
11;2021-06-06;811;868;0;160048;85939;0;42.9;23.1;0.0
11;2021-06-07;1492;1729;0;161540;87668;0;43.3;23.5;0.0
11;2021-06-08;1991;1981;0;163531;89649;0;43.9;24.1;0.0
11;2021-06-09;1797;2177;0;165328;91826;0;44.4;24.6;0.0
11;2021-06-10;1790;2330;0;167118;94156;0;44.8;25.3;0.0
11;2021-06-11;1847;2446;0;168965;96602;0;45.3;25.9;0.0
11;2021-06-12;1323;1599;0;170288;98201;0;45.7;26.3;0.0
11;2021-06-13;683;720;0;170971;98921;0;45.9;26.5;0.0
11;2021-06-14;1070;2033;0;172041;100954;0;46.2;27.1;0.0
11;2021-06-15;1357;2643;0;173398;103597;0;46.5;27.8;0.0
11;2021-06-16;1334;2484;0;174732;106081;0;46.9;28.5;0.0
11;2021-06-17;1458;2496;0;176190;108577;0;47.3;29.1;0.0
11;2021-06-18;1514;2527;0;177704;111104;0;47.7;29.8;0.0
11;2021-06-19;1155;1428;0;178859;112532;0;48.0;30.2;0.0
11;2021-06-20;308;644;0;179167;113176;0;48.1;30.4;0.0
11;2021-06-21;802;2175;0;179969;115351;0;48.3;30.9;0.0
11;2021-06-22;1008;2704;0;180977;118055;0;48.6;31.7;0.0
11;2021-06-23;1082;2223;0;182059;120278;0;48.8;32.3;0.0
11;2021-06-24;900;2309;0;182959;122587;0;49.1;32.9;0.0
11;2021-06-25;966;2623;0;183925;125210;0;49.3;33.6;0.0
11;2021-06-26;719;1754;0;184644;126964;0;49.5;34.1;0.0
11;2021-06-27;227;780;0;184871;127744;0;49.6;34.3;0.0
11;2021-06-28;698;2377;0;185569;130121;0;49.8;34.9;0.0
11;2021-06-29;903;2677;0;186472;132798;0;50.0;35.6;0.0
11;2021-06-30;873;2657;0;187345;135455;0;50.3;36.3;0.0
11;2021-07-01;973;2003;0;188318;137458;0;50.5;36.9;0.0
11;2021-07-02;1012;2673;0;189330;140131;0;50.8;37.6;0.0
11;2021-07-03;668;1899;0;189998;142030;0;51.0;38.1;0.0
11;2021-07-04;331;1165;0;190329;143195;0;51.1;38.4;0.0
11;2021-07-05;707;2188;0;191036;145383;0;51.3;39.0;0.0
11;2021-07-06;941;2505;0;191977;147888;0;51.5;39.7;0.0
11;2021-07-07;927;2547;0;192904;150435;0;51.8;40.4;0.0
11;2021-07-08;1171;1929;0;194075;152364;0;52.1;40.9;0.0
11;2021-07-09;856;1851;0;194931;154215;0;52.3;41.4;0.0
11;2021-07-10;394;1318;0;195325;155533;0;52.4;41.7;0.0
11;2021-07-11;328;623;0;195653;156156;0;52.5;41.9;0.0
11;2021-07-12;519;2613;0;196172;158769;0;52.6;42.6;0.0
11;2021-07-13;1387;2972;0;197559;161741;0;53.0;43.4;0.0
11;2021-07-14;353;298;0;197912;162039;0;53.1;43.5;0.0
11;2021-07-15;1577;2885;0;199489;164924;0;53.5;44.3;0.0
11;2021-07-16;1929;2737;0;201418;167661;0;54.0;45.0;0.0
11;2021-07-17;1103;2076;0;202521;169737;0;54.3;45.5;0.0
11;2021-07-18;662;895;0;203183;170632;0;54.5;45.8;0.0
11;2021-07-19;1370;2021;0;204553;172653;0;54.9;46.3;0.0
11;2021-07-20;2021;2329;0;206574;174982;0;55.4;46.9;0.0
11;2021-07-21;2025;2429;0;208599;177411;0;56.0;47.6;0.0
11;2021-07-22;2308;1907;0;210907;179318;0;56.6;48.1;0.0
11;2021-07-23;2188;2231;0;213095;181549;0;57.2;48.7;0.0
11;2021-07-24;1409;1592;0;214504;183141;0;57.6;49.1;0.0
11;2021-07-25;823;683;0;215327;183824;0;57.8;49.3;0.0
11;2021-07-26;1658;1376;0;216985;185200;0;58.2;49.7;0.0
11;2021-07-27;2320;1894;0;219305;187094;0;58.8;50.2;0.0
11;2021-07-28;2452;1848;0;221757;188942;0;59.5;50.7;0.0
11;2021-07-29;2666;1682;0;224423;190624;0;60.2;51.1;0.0
11;2021-07-30;2483;1692;0;226906;192316;0;60.9;51.6;0.0
11;2021-07-31;1894;1032;0;228800;193348;0;61.4;51.9;0.0
11;2021-08-01;997;465;0;229797;193813;0;61.7;52.0;0.0
11;2021-08-02;1584;1015;0;231381;194828;0;62.1;52.3;0.0
11;2021-08-03;2256;1454;0;233637;196282;0;62.7;52.7;0.0
11;2021-08-04;2373;1148;1;236010;197430;1;63.3;53.0;0.0
11;2021-08-05;2188;1234;0;238198;198664;1;63.9;53.3;0.0
11;2021-08-06;2058;1506;0;240256;200170;1;64.5;53.7;0.0
11;2021-08-07;1543;1088;0;241799;201258;1;64.9;54.0;0.0
11;2021-08-08;528;238;0;242327;201496;1;65.0;54.1;0.0
11;2021-08-09;1005;1390;0;243332;202886;1;65.3;54.4;0.0
11;2021-08-10;1618;1787;0;244950;204673;1;65.7;54.9;0.0
11;2021-08-11;1534;1598;0;246484;206271;1;66.1;55.3;0.0
11;2021-08-12;1548;1712;0;248032;207983;1;66.5;55.8;0.0
11;2021-08-13;1202;1578;0;249234;209561;1;66.9;56.2;0.0
11;2021-08-14;897;1497;0;250131;211058;1;67.1;56.6;0.0
11;2021-08-15;129;154;0;250260;211212;1;67.1;56.7;0.0
11;2021-08-16;695;1875;0;250955;213087;1;67.3;57.2;0.0
11;2021-08-17;978;2191;0;251933;215278;1;67.6;57.8;0.0
11;2021-08-18;1011;1928;1;252944;217206;2;67.9;58.3;0.0
11;2021-08-19;936;2192;0;253880;219398;2;68.1;58.9;0.0
11;2021-08-20;919;2183;0;254799;221581;2;68.4;59.5;0.0
11;2021-08-21;512;1725;0;255311;223306;2;68.5;59.9;0.0
11;2021-08-22;164;530;0;255475;223836;2;68.5;60.1;0.0
11;2021-08-23;499;1765;0;255974;225601;2;68.7;60.5;0.0
11;2021-08-24;763;2150;0;256737;227751;2;68.9;61.1;0.0
11;2021-08-25;750;2103;0;257487;229854;2;69.1;61.7;0.0
11;2021-08-26;686;1966;0;258173;231820;2;69.3;62.2;0.0
11;2021-08-27;669;2169;0;258842;233989;2;69.4;62.8;0.0
11;2021-08-28;408;1715;0;259250;235704;2;69.6;63.2;0.0
11;2021-08-29;145;505;0;259395;236209;2;69.6;63.4;0.0
11;2021-08-30;446;1315;21;259841;237524;23;69.7;63.7;0.0
11;2021-08-31;585;1817;84;260426;239341;107;69.9;64.2;0.0
11;2021-09-01;638;1645;99;261064;240986;206;70.0;64.7;0.1
11;2021-09-02;573;1570;181;261637;242556;387;70.2;65.1;0.1
11;2021-09-03;536;1513;174;262173;244069;561;70.3;65.5;0.2
11;2021-09-04;476;1434;82;262649;245503;643;70.5;65.9;0.2
11;2021-09-05;149;220;48;262798;245723;691;70.5;65.9;0.2
11;2021-09-06;309;693;186;263107;246416;877;70.6;66.1;0.2
11;2021-09-07;366;896;225;263473;247312;1102;70.7;66.4;0.3
11;2021-09-08;456;1151;175;263929;248463;1277;70.8;66.7;0.3
11;2021-09-09;389;854;205;264318;249317;1482;70.9;66.9;0.4
11;2021-09-10;404;967;198;264722;250284;1680;71.0;67.2;0.5
11;2021-09-11;380;974;84;265102;251258;1764;71.1;67.4;0.5
11;2021-09-12;65;118;18;265167;251376;1782;71.1;67.4;0.5
11;2021-09-13;241;562;361;265408;251938;2143;71.2;67.6;0.6
11;2021-09-14;361;626;433;265769;252564;2576;71.3;67.8;0.7
11;2021-09-15;372;957;254;266141;253521;2830;71.4;68.0;0.8
11;2021-09-16;321;562;616;266462;254083;3446;71.5;68.2;0.9
11;2021-09-17;317;670;261;266779;254753;3707;71.6;68.4;1.0
11;2021-09-18;293;755;149;267072;255508;3856;71.7;68.6;1.0
11;2021-09-19;63;113;28;267135;255621;3884;71.7;68.6;1.0
11;2021-09-20;163;367;387;267298;255988;4271;71.7;68.7;1.1
11;2021-09-21;272;411;286;267570;256399;4557;71.8;68.8;1.2
11;2021-09-22;213;742;392;267783;257141;4949;71.8;69.0;1.3
11;2021-09-23;183;406;350;267966;257547;5299;71.9;69.1;1.4
11;2021-09-24;251;506;564;268217;258053;5863;72.0;69.2;1.6
11;2021-09-25;227;630;115;268444;258683;5978;72.0;69.4;1.6
11;2021-09-26;36;133;32;268480;258816;6010;72.0;69.4;1.6
11;2021-09-27;123;386;303;268603;259202;6313;72.1;69.5;1.7
11;2021-09-28;212;356;300;268815;259558;6613;72.1;69.6;1.8
11;2021-09-29;233;541;355;269048;260099;6968;72.2;69.8;1.9
11;2021-09-30;189;354;320;269237;260453;7288;72.2;69.9;2.0
11;2021-10-01;257;384;462;269494;260837;7750;72.3;70.0;2.1
11;2021-10-02;221;456;136;269715;261293;7886;72.4;70.1;2.1
11;2021-10-03;6;15;1;269721;261308;7887;72.4;70.1;2.1
11;2021-10-04;157;303;311;269878;261611;8198;72.4;70.2;2.2
11;2021-10-05;182;320;466;270060;261931;8664;72.5;70.3;2.3
11;2021-10-06;259;444;469;270319;262375;9133;72.5;70.4;2.5
11;2021-10-07;163;302;413;270482;262677;9546;72.6;70.5;2.6
11;2021-10-08;244;425;473;270726;263102;10019;72.6;70.6;2.7
11;2021-10-09;150;363;203;270876;263465;10222;72.7;70.7;2.7
11;2021-10-10;9;7;0;270885;263472;10222;72.7;70.7;2.7
11;2021-10-11;137;252;287;271022;263724;10509;72.7;70.8;2.8
11;2021-10-12;154;308;446;271176;264032;10955;72.8;70.8;2.9
11;2021-10-13;218;295;482;271394;264327;11437;72.8;70.9;3.1
11;2021-10-14;180;248;484;271574;264575;11921;72.9;71.0;3.2
11;2021-10-15;249;327;571;271823;264902;12492;72.9;71.1;3.4
11;2021-10-16;187;258;181;272010;265160;12673;73.0;71.1;3.4
11;2021-10-17;17;28;13;272027;265188;12686;73.0;71.2;3.4
11;2021-10-18;110;157;274;272137;265345;12960;73.0;71.2;3.5
11;2021-10-19;113;192;467;272250;265537;13427;73.0;71.2;3.6
11;2021-10-20;208;287;677;272458;265824;14104;73.1;71.3;3.8
11;2021-10-21;101;219;527;272559;266043;14631;73.1;71.4;3.9
11;2021-10-22;205;321;797;272764;266364;15428;73.2;71.5;4.1
11;2021-10-23;171;254;363;272935;266618;15791;73.2;71.5;4.2
11;2021-10-24;13;10;2;272948;266628;15793;73.2;71.5;4.2
11;2021-10-25;141;156;601;273089;266784;16394;73.3;71.6;4.4
11;2021-10-26;100;157;489;273189;266941;16883;73.3;71.6;4.5
11;2021-10-27;170;254;752;273359;267195;17635;73.3;71.7;4.7
11;2021-10-28;125;148;613;273484;267343;18248;73.4;71.7;4.9
11;2021-10-29;110;185;766;273594;267528;19014;73.4;71.8;5.1
11;2021-10-30;112;183;320;273706;267711;19334;73.4;71.8;5.2
11;2021-10-31;11;13;0;273717;267724;19334;73.4;71.8;5.2
11;2021-11-01;4;5;3;273721;267729;19337;73.4;71.8;5.2
11;2021-11-02;113;150;669;273834;267879;20006;73.5;71.9;5.4
11;2021-11-03;178;270;1165;274012;268149;21171;73.5;71.9;5.7
11;2021-11-04;148;153;699;274160;268302;21870;73.6;72.0;5.9
11;2021-11-05;109;198;912;274269;268500;22782;73.6;72.0;6.1
11;2021-11-06;132;223;426;274401;268723;23208;73.6;72.1;6.2
11;2021-11-07;11;17;8;274412;268740;23216;73.6;72.1;6.2
11;2021-11-08;105;136;731;274517;268876;23947;73.7;72.1;6.4
11;2021-11-09;82;139;1121;274599;269015;25068;73.7;72.2;6.7
11;2021-11-10;162;276;1311;274761;269291;26379;73.7;72.3;7.1
11;2021-11-11;8;12;19;274769;269303;26398;73.7;72.3;7.1
11;2021-11-12;106;158;988;274875;269461;27386;73.8;72.3;7.3
11;2021-11-13;88;140;483;274963;269601;27869;73.8;72.3;7.5
11;2021-11-14;9;4;18;274972;269605;27887;73.8;72.3;7.5
11;2021-11-15;59;131;728;275031;269736;28615;73.8;72.4;7.7
11;2021-11-16;111;134;1540;275142;269870;30155;73.8;72.4;8.1
11;2021-11-17;126;218;1572;275268;270088;31727;73.9;72.5;8.5
11;2021-11-18;155;178;1683;275423;270266;33410;73.9;72.5;9.0
11;2021-11-19;150;142;1618;275573;270408;35028;73.9;72.6;9.4
11;2021-11-20;96;160;419;275669;270568;35447;74.0;72.6;9.5
11;2021-11-21;23;17;166;275692;270585;35613;74.0;72.6;9.6
11;2021-11-22;98;85;926;275790;270670;36539;74.0;72.6;9.8
11;2021-11-23;155;112;1759;275945;270782;38298;74.0;72.7;10.3
11;2021-11-24;171;172;1493;276116;270954;39791;74.1;72.7;10.7
11;2021-11-25;162;170;1842;276278;271124;41633;74.1;72.7;11.2
11;2021-11-26;199;176;2373;276477;271300;44006;74.2;72.8;11.8
11;2021-11-27;94;142;1144;276571;271442;45150;74.2;72.8;12.1
11;2021-11-28;18;13;88;276589;271455;45238;74.2;72.8;12.1
11;2021-11-29;91;92;1742;276680;271547;46980;74.2;72.9;12.6
11;2021-11-30;153;146;2888;276833;271693;49868;74.3;72.9;13.4
11;2021-12-01;151;188;2939;276984;271881;52807;74.3;72.9;14.2
11;2021-12-02;102;113;3386;277086;271994;56193;74.3;73.0;15.1
11;2021-12-03;145;159;3720;277231;272153;59913;74.4;73.0;16.1
11;2021-12-04;89;80;1758;277320;272233;61671;74.4;73.0;16.5
11;2021-12-05;14;23;93;277334;272256;61764;74.4;73.0;16.6
11;2021-12-06;80;79;2382;277414;272335;64146;74.4;73.1;17.2
11;2021-12-07;115;169;4030;277529;272504;68176;74.5;73.1;18.3
11;2021-12-08;151;189;4330;277680;272693;72506;74.5;73.2;19.5
11;2021-12-09;135;154;4478;277815;272847;76984;74.5;73.2;20.7
11;2021-12-10;150;168;4683;277965;273015;81667;74.6;73.3;21.9
11;2021-12-11;114;164;2816;278079;273179;84483;74.6;73.3;22.7
11;2021-12-12;23;35;432;278102;273214;84915;74.6;73.3;22.8
11;2021-12-13;93;120;3020;278195;273334;87935;74.6;73.3;23.6
11;2021-12-14;171;165;4595;278366;273499;92530;74.7;73.4;24.8
11;2021-12-15;224;207;4885;278590;273706;97415;74.7;73.4;26.1
12;2020-12-27;1;0;0;1;0;0;0.0;0.0;0.0
12;2020-12-28;0;0;0;1;0;0;0.0;0.0;0.0
12;2020-12-29;0;0;0;1;0;0;0.0;0.0;0.0
12;2020-12-30;0;0;0;1;0;0;0.0;0.0;0.0
12;2020-12-31;0;0;0;1;0;0;0.0;0.0;0.0
12;2021-01-01;2;0;0;3;0;0;0.0;0.0;0.0
12;2021-01-02;0;0;0;3;0;0;0.0;0.0;0.0
12;2021-01-03;0;0;0;3;0;0;0.0;0.0;0.0
12;2021-01-04;2;0;0;5;0;0;0.0;0.0;0.0
12;2021-01-05;1;0;0;6;0;0;0.0;0.0;0.0
12;2021-01-06;12;1;0;18;1;0;0.0;0.0;0.0
12;2021-01-07;197;0;0;215;1;0;0.1;0.0;0.0
12;2021-01-08;67;0;0;282;1;0;0.1;0.0;0.0
12;2021-01-09;3;0;0;285;1;0;0.1;0.0;0.0
12;2021-01-10;1;0;0;286;1;0;0.1;0.0;0.0
12;2021-01-11;110;1;0;396;2;0;0.1;0.0;0.0
12;2021-01-12;351;1;0;747;3;0;0.3;0.0;0.0
12;2021-01-13;287;0;0;1034;3;0;0.4;0.0;0.0
12;2021-01-14;564;11;0;1598;14;0;0.6;0.0;0.0
12;2021-01-15;374;7;0;1972;21;0;0.7;0.0;0.0
12;2021-01-16;136;1;0;2108;22;0;0.8;0.0;0.0
12;2021-01-17;1;0;0;2109;22;0;0.8;0.0;0.0
12;2021-01-18;410;0;0;2519;22;0;0.9;0.0;0.0
12;2021-01-19;600;4;0;3119;26;0;1.1;0.0;0.0
12;2021-01-20;881;4;0;4000;30;0;1.4;0.0;0.0
12;2021-01-21;764;1;0;4764;31;0;1.7;0.0;0.0
12;2021-01-22;732;1;0;5496;32;0;2.0;0.0;0.0
12;2021-01-23;390;0;0;5886;32;0;2.1;0.0;0.0
12;2021-01-24;2;0;0;5888;32;0;2.1;0.0;0.0
12;2021-01-25;459;0;0;6347;32;0;2.3;0.0;0.0
12;2021-01-26;654;2;0;7001;34;0;2.5;0.0;0.0
12;2021-01-27;1807;38;0;8808;72;0;3.2;0.0;0.0
12;2021-01-28;1855;228;0;10663;300;0;3.8;0.1;0.0
12;2021-01-29;1253;45;0;11916;345;0;4.3;0.1;0.0
12;2021-01-30;374;3;0;12290;348;0;4.4;0.1;0.0
12;2021-01-31;1;0;0;12291;348;0;4.4;0.1;0.0
12;2021-02-01;343;91;0;12634;439;0;4.5;0.2;0.0
12;2021-02-02;459;247;0;13093;686;0;4.7;0.2;0.0
12;2021-02-03;487;168;0;13580;854;0;4.9;0.3;0.0
12;2021-02-04;463;482;0;14043;1336;0;5.0;0.5;0.0
12;2021-02-05;449;184;0;14492;1520;0;5.2;0.5;0.0
12;2021-02-06;200;67;0;14692;1587;0;5.3;0.6;0.0
12;2021-02-07;11;0;0;14703;1587;0;5.3;0.6;0.0
12;2021-02-08;127;291;0;14830;1878;0;5.3;0.7;0.0
12;2021-02-09;206;343;0;15036;2221;0;5.4;0.8;0.0
12;2021-02-10;431;478;0;15467;2699;0;5.6;1.0;0.0
12;2021-02-11;534;367;0;16001;3066;0;5.7;1.1;0.0
12;2021-02-12;569;324;0;16570;3390;0;6.0;1.2;0.0
12;2021-02-13;153;127;0;16723;3517;0;6.0;1.3;0.0
12;2021-02-14;3;1;0;16726;3518;0;6.0;1.3;0.0
12;2021-02-15;174;364;0;16900;3882;0;6.1;1.4;0.0
12;2021-02-16;159;498;0;17059;4380;0;6.1;1.6;0.0
12;2021-02-17;324;1453;0;17383;5833;0;6.2;2.1;0.0
12;2021-02-18;668;1595;0;18051;7428;0;6.5;2.7;0.0
12;2021-02-19;580;958;0;18631;8386;0;6.7;3.0;0.0
12;2021-02-20;100;386;0;18731;8772;0;6.7;3.2;0.0
12;2021-02-21;0;1;0;18731;8773;0;6.7;3.2;0.0
12;2021-02-22;148;417;0;18879;9190;0;6.8;3.3;0.0
12;2021-02-23;168;543;0;19047;9733;0;6.8;3.5;0.0
12;2021-02-24;127;658;0;19174;10391;0;6.9;3.7;0.0
12;2021-02-25;219;784;0;19393;11175;0;7.0;4.0;0.0
12;2021-02-26;324;643;0;19717;11818;0;7.1;4.2;0.0
12;2021-02-27;180;335;0;19897;12153;0;7.1;4.4;0.0
12;2021-02-28;9;2;0;19906;12155;0;7.2;4.4;0.0
12;2021-03-01;65;351;0;19971;12506;0;7.2;4.5;0.0
12;2021-03-02;218;506;0;20189;13012;0;7.3;4.7;0.0
12;2021-03-03;258;387;0;20447;13399;0;7.3;4.8;0.0
12;2021-03-04;308;364;0;20755;13763;0;7.5;4.9;0.0
12;2021-03-05;447;363;0;21202;14126;0;7.6;5.1;0.0
12;2021-03-06;792;114;0;21994;14240;0;7.9;5.1;0.0
12;2021-03-07;138;32;0;22132;14272;0;8.0;5.1;0.0
12;2021-03-08;254;216;0;22386;14488;0;8.0;5.2;0.0
12;2021-03-09;743;274;0;23129;14762;0;8.3;5.3;0.0
12;2021-03-10;785;715;0;23914;15477;0;8.6;5.6;0.0
12;2021-03-11;958;642;0;24872;16119;0;8.9;5.8;0.0
12;2021-03-12;1226;514;0;26098;16633;0;9.4;6.0;0.0
12;2021-03-13;864;126;0;26962;16759;0;9.7;6.0;0.0
12;2021-03-14;43;4;0;27005;16763;0;9.7;6.0;0.0
12;2021-03-15;605;156;0;27610;16919;0;9.9;6.1;0.0
12;2021-03-16;811;152;0;28421;17071;0;10.2;6.1;0.0
12;2021-03-17;1389;179;0;29810;17250;0;10.7;6.2;0.0
12;2021-03-18;978;252;0;30788;17502;0;11.1;6.3;0.0
12;2021-03-19;1328;272;0;32116;17774;0;11.5;6.4;0.0
12;2021-03-20;722;75;0;32838;17849;0;11.8;6.4;0.0
12;2021-03-21;261;10;0;33099;17859;0;11.9;6.4;0.0
12;2021-03-22;609;168;0;33708;18027;0;12.1;6.5;0.0
12;2021-03-23;1203;188;0;34911;18215;0;12.5;6.5;0.0
12;2021-03-24;1369;202;0;36280;18417;0;13.0;6.6;0.0
12;2021-03-25;1776;203;0;38056;18620;0;13.7;6.7;0.0
12;2021-03-26;1922;231;0;39978;18851;0;14.4;6.8;0.0
12;2021-03-27;940;59;0;40918;18910;0;14.7;6.8;0.0
12;2021-03-28;76;7;0;40994;18917;0;14.7;6.8;0.0
12;2021-03-29;1007;95;0;42001;19012;0;15.1;6.8;0.0
12;2021-03-30;1659;134;0;43660;19146;0;15.7;6.9;0.0
12;2021-03-31;1409;124;0;45069;19270;0;16.2;6.9;0.0
12;2021-04-01;1904;188;0;46973;19458;0;16.9;7.0;0.0
12;2021-04-02;1507;346;0;48480;19804;0;17.4;7.1;0.0
12;2021-04-03;820;102;0;49300;19906;0;17.7;7.2;0.0
12;2021-04-04;22;2;0;49322;19908;0;17.7;7.2;0.0
12;2021-04-05;547;12;0;49869;19920;0;17.9;7.2;0.0
12;2021-04-06;1079;544;0;50948;20464;0;18.3;7.4;0.0
12;2021-04-07;1595;628;0;52543;21092;0;18.9;7.6;0.0
12;2021-04-08;1974;578;0;54517;21670;0;19.6;7.8;0.0
12;2021-04-09;1992;646;0;56509;22316;0;20.3;8.0;0.0
12;2021-04-10;1333;203;0;57842;22519;0;20.8;8.1;0.0
12;2021-04-11;126;5;0;57968;22524;0;20.8;8.1;0.0
12;2021-04-12;1726;533;0;59694;23057;0;21.4;8.3;0.0
12;2021-04-13;1859;759;0;61553;23816;0;22.1;8.6;0.0
12;2021-04-14;1763;1211;0;63316;25027;0;22.7;9.0;0.0
12;2021-04-15;1949;884;0;65265;25911;0;23.4;9.3;0.0
12;2021-04-16;1677;1214;0;66942;27125;0;24.0;9.7;0.0
12;2021-04-17;1466;547;0;68408;27672;0;24.6;9.9;0.0
12;2021-04-18;10;2;0;68418;27674;0;24.6;9.9;0.0
12;2021-04-19;1610;556;0;70028;28230;0;25.2;10.1;0.0
12;2021-04-20;1516;977;0;71544;29207;0;25.7;10.5;0.0
12;2021-04-21;1630;1162;0;73174;30369;0;26.3;10.9;0.0
12;2021-04-22;1680;1061;0;74854;31430;0;26.9;11.3;0.0
12;2021-04-23;1365;1296;0;76219;32726;0;27.4;11.8;0.0
12;2021-04-24;1328;676;0;77547;33402;0;27.9;12.0;0.0
12;2021-04-25;72;7;0;77619;33409;0;27.9;12.0;0.0
12;2021-04-26;1352;897;0;78971;34306;0;28.4;12.3;0.0
12;2021-04-27;1260;1253;0;80231;35559;0;28.8;12.8;0.0
12;2021-04-28;1094;1756;0;81325;37315;0;29.2;13.4;0.0
12;2021-04-29;1463;1782;0;82788;39097;0;29.7;14.0;0.0
12;2021-04-30;1749;1714;0;84537;40811;0;30.4;14.7;0.0
12;2021-05-01;1470;255;0;86007;41066;0;30.9;14.8;0.0
12;2021-05-02;95;21;0;86102;41087;0;30.9;14.8;0.0
12;2021-05-03;1668;1156;0;87770;42243;0;31.5;15.2;0.0
12;2021-05-04;1450;1328;0;89220;43571;0;32.1;15.7;0.0
12;2021-05-05;1302;1587;0;90522;45158;0;32.5;16.2;0.0
12;2021-05-06;1730;1368;0;92252;46526;0;33.1;16.7;0.0
12;2021-05-07;1484;1719;0;93736;48245;0;33.7;17.3;0.0
12;2021-05-08;1204;437;0;94940;48682;0;34.1;17.5;0.0
12;2021-05-09;27;42;0;94967;48724;0;34.1;17.5;0.0
12;2021-05-10;795;2133;0;95762;50857;0;34.4;18.3;0.0
12;2021-05-11;883;1826;0;96645;52683;0;34.7;18.9;0.0
12;2021-05-12;933;1796;0;97578;54479;0;35.1;19.6;0.0
12;2021-05-13;1501;789;0;99079;55268;0;35.6;19.9;0.0
12;2021-05-14;1179;1479;0;100258;56747;0;36.0;20.4;0.0
12;2021-05-15;993;1027;0;101251;57774;0;36.4;20.8;0.0
12;2021-05-16;14;19;0;101265;57793;0;36.4;20.8;0.0
12;2021-05-17;979;1737;0;102244;59530;0;36.7;21.4;0.0
12;2021-05-18;1423;1531;0;103667;61061;0;37.2;21.9;0.0
12;2021-05-19;1810;1287;0;105477;62348;0;37.9;22.4;0.0
12;2021-05-20;2207;930;0;107684;63278;0;38.7;22.7;0.0
12;2021-05-21;1758;1228;0;109442;64506;0;39.3;23.2;0.0
12;2021-05-22;1138;929;0;110580;65435;0;39.7;23.5;0.0
12;2021-05-23;39;16;0;110619;65451;0;39.7;23.5;0.0
12;2021-05-24;1722;499;0;112341;65950;0;40.4;23.7;0.0
12;2021-05-25;1680;1153;0;114021;67103;0;41.0;24.1;0.0
12;2021-05-26;1877;780;0;115898;67883;0;41.6;24.4;0.0
12;2021-05-27;2039;759;0;117937;68642;0;42.4;24.7;0.0
12;2021-05-28;1875;1047;0;119812;69689;0;43.0;25.0;0.0
12;2021-05-29;1531;773;0;121343;70462;0;43.6;25.3;0.0
12;2021-05-30;107;39;0;121450;70501;0;43.6;25.3;0.0
12;2021-05-31;1637;824;0;123087;71325;0;44.2;25.6;0.0
12;2021-06-01;1823;1047;0;124910;72372;0;44.9;26.0;0.0
12;2021-06-02;1918;1074;0;126828;73446;0;45.6;26.4;0.0
12;2021-06-03;2020;883;0;128848;74329;0;46.3;26.7;0.0
12;2021-06-04;1901;1342;0;130749;75671;0;47.0;27.2;0.0
12;2021-06-05;1577;904;0;132326;76575;0;47.5;27.5;0.0
12;2021-06-06;44;23;0;132370;76598;0;47.6;27.5;0.0
12;2021-06-07;1086;1738;0;133456;78336;0;47.9;28.1;0.0
12;2021-06-08;1361;1188;0;134817;79524;0;48.4;28.6;0.0
12;2021-06-09;993;1248;0;135810;80772;0;48.8;29.0;0.0
12;2021-06-10;1053;896;0;136863;81668;0;49.2;29.3;0.0
12;2021-06-11;1195;1991;0;138058;83659;0;49.6;30.1;0.0
12;2021-06-12;969;1264;0;139027;84923;0;49.9;30.5;0.0
12;2021-06-13;39;62;0;139066;84985;0;50.0;30.5;0.0
12;2021-06-14;695;1781;0;139761;86766;0;50.2;31.2;0.0
12;2021-06-15;782;1841;0;140543;88607;0;50.5;31.8;0.0
12;2021-06-16;857;1751;0;141400;90358;0;50.8;32.5;0.0
12;2021-06-17;693;998;0;142093;91356;0;51.0;32.8;0.0
12;2021-06-18;1097;1759;0;143190;93115;0;51.4;33.5;0.0
12;2021-06-19;858;1296;0;144048;94411;0;51.7;33.9;0.0
12;2021-06-20;17;24;0;144065;94435;0;51.8;33.9;0.0
12;2021-06-21;520;1644;0;144585;96079;0;51.9;34.5;0.0
12;2021-06-22;508;1474;0;145093;97553;0;52.1;35.0;0.0
12;2021-06-23;586;1296;0;145679;98849;0;52.3;35.5;0.0
12;2021-06-24;273;609;0;145952;99458;0;52.4;35.7;0.0
12;2021-06-25;805;1774;0;146757;101232;0;52.7;36.4;0.0
12;2021-06-26;620;1436;0;147377;102668;0;52.9;36.9;0.0
12;2021-06-27;14;28;0;147391;102696;0;52.9;36.9;0.0
12;2021-06-28;467;2382;0;147858;105078;0;53.1;37.7;0.0
12;2021-06-29;543;1925;0;148401;107003;0;53.3;38.4;0.0
12;2021-06-30;789;2079;0;149190;109082;0;53.6;39.2;0.0
12;2021-07-01;356;1100;0;149546;110182;0;53.7;39.6;0.0
12;2021-07-02;747;2487;0;150293;112669;0;54.0;40.5;0.0
12;2021-07-03;547;1770;0;150840;114439;0;54.2;41.1;0.0
12;2021-07-04;13;33;0;150853;114472;0;54.2;41.1;0.0
12;2021-07-05;439;2293;0;151292;116765;0;54.4;41.9;0.0
12;2021-07-06;628;2413;0;151920;119178;0;54.6;42.8;0.0
12;2021-07-07;678;2070;0;152598;121248;0;54.8;43.6;0.0
12;2021-07-08;314;934;0;152912;122182;0;54.9;43.9;0.0
12;2021-07-09;694;2505;0;153606;124687;0;55.2;44.8;0.0
12;2021-07-10;451;1975;0;154057;126662;0;55.3;45.5;0.0
12;2021-07-11;28;100;0;154085;126762;0;55.4;45.5;0.0
12;2021-07-12;535;2328;0;154620;129090;0;55.5;46.4;0.0
12;2021-07-13;820;2512;0;155440;131602;0;55.8;47.3;0.0
12;2021-07-14;111;69;0;155551;131671;0;55.9;47.3;0.0
12;2021-07-15;835;2037;0;156386;133708;0;56.2;48.0;0.0
12;2021-07-16;1174;2445;0;157560;136153;0;56.6;48.9;0.0
12;2021-07-17;727;1879;0;158287;138032;0;56.9;49.6;0.0
12;2021-07-18;52;52;0;158339;138084;0;56.9;49.6;0.0
12;2021-07-19;1226;1955;0;159565;140039;0;57.3;50.3;0.0
12;2021-07-20;1401;1452;0;160966;141491;0;57.8;50.8;0.0
12;2021-07-21;1086;1032;0;162052;142523;0;58.2;51.2;0.0
12;2021-07-22;2109;1311;0;164161;143834;0;59.0;51.7;0.0
12;2021-07-23;1770;1930;0;165931;145764;0;59.6;52.4;0.0
12;2021-07-24;1529;1437;0;167460;147201;0;60.2;52.9;0.0
12;2021-07-25;170;51;0;167630;147252;0;60.2;52.9;0.0
12;2021-07-26;1721;1319;0;169351;148571;0;60.8;53.4;0.0
12;2021-07-27;2129;1020;0;171480;149591;0;61.6;53.7;0.0
12;2021-07-28;1675;711;0;173155;150302;0;62.2;54.0;0.0
12;2021-07-29;1212;744;0;174367;151046;0;62.6;54.3;0.0
12;2021-07-30;2282;1223;0;176649;152269;0;63.5;54.7;0.0
12;2021-07-31;1751;907;0;178400;153176;0;64.1;55.0;0.0
12;2021-08-01;209;52;0;178609;153228;0;64.2;55.0;0.0
12;2021-08-02;1631;757;0;180240;153985;0;64.8;55.3;0.0
12;2021-08-03;1814;716;0;182054;154701;0;65.4;55.6;0.0
12;2021-08-04;1645;756;0;183699;155457;0;66.0;55.8;0.0
12;2021-08-05;1522;656;0;185221;156113;0;66.5;56.1;0.0
12;2021-08-06;1606;1161;0;186827;157274;0;67.1;56.5;0.0
12;2021-08-07;1286;651;0;188113;157925;0;67.6;56.7;0.0
12;2021-08-08;29;35;0;188142;157960;0;67.6;56.7;0.0
12;2021-08-09;1233;1183;0;189375;159143;0;68.0;57.2;0.0
12;2021-08-10;1222;1156;0;190597;160299;0;68.5;57.6;0.0
12;2021-08-11;823;1134;0;191420;161433;0;68.8;58.0;0.0
12;2021-08-12;742;1075;0;192162;162508;0;69.0;58.4;0.0
12;2021-08-13;985;1270;0;193147;163778;0;69.4;58.8;0.0
12;2021-08-14;662;1244;0;193809;165022;0;69.6;59.3;0.0
12;2021-08-15;197;97;0;194006;165119;0;69.7;59.3;0.0
12;2021-08-16;644;1633;0;194650;166752;0;69.9;59.9;0.0
12;2021-08-17;820;1849;0;195470;168601;0;70.2;60.6;0.0
12;2021-08-18;479;1458;0;195949;170059;0;70.4;61.1;0.0
12;2021-08-19;637;1073;0;196586;171132;0;70.6;61.5;0.0
12;2021-08-20;738;1779;0;197324;172911;0;70.9;62.1;0.0
12;2021-08-21;475;1434;0;197799;174345;0;71.1;62.6;0.0
12;2021-08-22;84;66;0;197883;174411;0;71.1;62.7;0.0
12;2021-08-23;435;1812;0;198318;176223;0;71.2;63.3;0.0
12;2021-08-24;484;1825;0;198802;178048;0;71.4;64.0;0.0
12;2021-08-25;354;1547;0;199156;179595;0;71.5;64.5;0.0
12;2021-08-26;474;1565;0;199630;181160;0;71.7;65.1;0.0
12;2021-08-27;581;1689;0;200211;182849;0;71.9;65.7;0.0
12;2021-08-28;323;1488;0;200534;184337;0;72.0;66.2;0.0
12;2021-08-29;156;149;0;200690;184486;0;72.1;66.3;0.0
12;2021-08-30;533;1804;34;201223;186290;34;72.3;66.9;0.0
12;2021-08-31;430;1300;45;201653;187590;79;72.4;67.4;0.0
12;2021-09-01;412;946;85;202065;188536;164;72.6;67.7;0.1
12;2021-09-02;299;768;90;202364;189304;254;72.7;68.0;0.1
12;2021-09-03;476;1190;193;202840;190494;447;72.9;68.4;0.2
12;2021-09-04;432;1019;101;203272;191513;548;73.0;68.8;0.2
12;2021-09-05;52;170;14;203324;191683;562;73.0;68.9;0.2
12;2021-09-06;236;615;214;203560;192298;776;73.1;69.1;0.3
12;2021-09-07;262;466;192;203822;192764;968;73.2;69.2;0.3
12;2021-09-08;265;506;154;204087;193270;1122;73.3;69.4;0.4
12;2021-09-09;198;445;53;204285;193715;1175;73.4;69.6;0.4
12;2021-09-10;486;974;269;204771;194689;1444;73.6;69.9;0.5
12;2021-09-11;369;880;137;205140;195569;1581;73.7;70.3;0.6
12;2021-09-12;22;75;15;205162;195644;1596;73.7;70.3;0.6
12;2021-09-13;188;392;233;205350;196036;1829;73.8;70.4;0.7
12;2021-09-14;278;367;227;205628;196403;2056;73.9;70.6;0.7
12;2021-09-15;241;439;350;205869;196842;2406;74.0;70.7;0.9
12;2021-09-16;366;417;502;206235;197259;2908;74.1;70.9;1.0
12;2021-09-17;325;518;467;206560;197777;3375;74.2;71.1;1.2
12;2021-09-18;232;679;161;206792;198456;3536;74.3;71.3;1.3
12;2021-09-19;4;22;2;206796;198478;3538;74.3;71.3;1.3
12;2021-09-20;108;437;320;206904;198915;3858;74.3;71.5;1.4
12;2021-09-21;119;253;517;207023;199168;4375;74.4;71.6;1.6
12;2021-09-22;148;561;326;207171;199729;4701;74.4;71.8;1.7
12;2021-09-23;104;186;395;207275;199915;5096;74.5;71.8;1.8
12;2021-09-24;193;540;343;207468;200455;5439;74.5;72.0;2.0
12;2021-09-25;156;640;117;207624;201095;5556;74.6;72.2;2.0
12;2021-09-26;1;11;2;207625;201106;5558;74.6;72.2;2.0
12;2021-09-27;79;259;310;207704;201365;5868;74.6;72.3;2.1
12;2021-09-28;103;259;483;207807;201624;6351;74.7;72.4;2.3
12;2021-09-29;106;320;270;207913;201944;6621;74.7;72.5;2.4
12;2021-09-30;63;141;343;207976;202085;6964;74.7;72.6;2.5
12;2021-10-01;187;410;248;208163;202495;7212;74.8;72.7;2.6
12;2021-10-02;178;454;124;208341;202949;7336;74.8;72.9;2.6
12;2021-10-03;1;9;2;208342;202958;7338;74.8;72.9;2.6
12;2021-10-04;94;190;141;208436;203148;7479;74.9;73.0;2.7
12;2021-10-05;70;199;300;208506;203347;7779;74.9;73.1;2.8
12;2021-10-06;127;253;521;208633;203600;8300;75.0;73.1;3.0
12;2021-10-07;82;309;243;208715;203909;8543;75.0;73.3;3.1
12;2021-10-08;143;380;421;208858;204289;8964;75.0;73.4;3.2
12;2021-10-09;156;322;242;209014;204611;9206;75.1;73.5;3.3
12;2021-10-10;1;9;8;209015;204620;9214;75.1;73.5;3.3
12;2021-10-11;62;113;177;209077;204733;9391;75.1;73.5;3.4
12;2021-10-12;51;118;179;209128;204851;9570;75.1;73.6;3.4
12;2021-10-13;141;276;468;209269;205127;10038;75.2;73.7;3.6
12;2021-10-14;74;140;336;209343;205267;10374;75.2;73.7;3.7
12;2021-10-15;93;188;472;209436;205455;10846;75.2;73.8;3.9
12;2021-10-16;177;234;434;209613;205689;11280;75.3;73.9;4.1
12;2021-10-17;2;8;0;209615;205697;11280;75.3;73.9;4.1
12;2021-10-18;72;97;218;209687;205794;11498;75.3;73.9;4.1
12;2021-10-19;53;82;202;209740;205876;11700;75.3;74.0;4.2
12;2021-10-20;138;190;550;209878;206066;12250;75.4;74.0;4.4
12;2021-10-21;71;52;274;209949;206118;12524;75.4;74.0;4.5
12;2021-10-22;90;119;560;210039;206237;13084;75.5;74.1;4.7
12;2021-10-23;155;235;504;210194;206472;13588;75.5;74.2;4.9
12;2021-10-24;2;4;3;210196;206476;13591;75.5;74.2;4.9
12;2021-10-25;19;32;61;210215;206508;13652;75.5;74.2;4.9
12;2021-10-26;106;124;531;210321;206632;14183;75.6;74.2;5.1
12;2021-10-27;66;103;506;210387;206735;14689;75.6;74.3;5.3
12;2021-10-28;64;66;260;210451;206801;14949;75.6;74.3;5.4
12;2021-10-29;53;104;561;210504;206905;15510;75.6;74.3;5.6
12;2021-10-30;100;167;519;210604;207072;16029;75.7;74.4;5.8
12;2021-10-31;1;1;2;210605;207073;16031;75.7;74.4;5.8
12;2021-11-01;6;6;1;210611;207079;16032;75.7;74.4;5.8
12;2021-11-02;39;54;246;210650;207133;16278;75.7;74.4;5.8
12;2021-11-03;135;204;964;210785;207337;17242;75.7;74.5;6.2
12;2021-11-04;32;67;410;210817;207404;17652;75.7;74.5;6.3
12;2021-11-05;61;84;545;210878;207488;18197;75.8;74.5;6.5
12;2021-11-06;136;178;538;211014;207666;18735;75.8;74.6;6.7
12;2021-11-07;1;4;3;211015;207670;18738;75.8;74.6;6.7
12;2021-11-08;67;94;602;211082;207764;19340;75.8;74.6;6.9
12;2021-11-09;34;60;685;211116;207824;20025;75.8;74.7;7.2
12;2021-11-10;114;152;982;211230;207976;21007;75.9;74.7;7.5
12;2021-11-11;5;2;5;211235;207978;21012;75.9;74.7;7.5
12;2021-11-12;67;85;800;211302;208063;21812;75.9;74.7;7.8
12;2021-11-13;139;173;734;211441;208236;22546;76.0;74.8;8.1
12;2021-11-14;1;2;8;211442;208238;22554;76.0;74.8;8.1
12;2021-11-15;60;60;874;211502;208298;23428;76.0;74.8;8.4
12;2021-11-16;69;81;1377;211571;208379;24805;76.0;74.9;8.9
12;2021-11-17;113;115;1095;211684;208494;25900;76.0;74.9;9.3
12;2021-11-18;65;106;986;211749;208600;26886;76.1;74.9;9.7
12;2021-11-19;78;74;1223;211827;208674;28109;76.1;75.0;10.1
12;2021-11-20;101;116;847;211928;208790;28956;76.1;75.0;10.4
12;2021-11-21;2;5;19;211930;208795;28975;76.1;75.0;10.4
12;2021-11-22;59;42;1144;211989;208837;30119;76.2;75.0;10.8
12;2021-11-23;77;39;1257;212066;208876;31376;76.2;75.0;11.3
12;2021-11-24;95;105;1295;212161;208981;32671;76.2;75.1;11.7
12;2021-11-25;87;79;1457;212248;209060;34128;76.2;75.1;12.3
12;2021-11-26;131;86;1791;212379;209146;35919;76.3;75.1;12.9
12;2021-11-27;71;136;1220;212450;209282;37139;76.3;75.2;13.3
12;2021-11-28;13;7;198;212463;209289;37337;76.3;75.2;13.4
12;2021-11-29;52;56;1545;212515;209345;38882;76.3;75.2;14.0
12;2021-11-30;83;72;2003;212598;209417;40885;76.4;75.2;14.7
12;2021-12-01;78;97;1953;212676;209514;42838;76.4;75.3;15.4
12;2021-12-02;65;53;2034;212741;209567;44872;76.4;75.3;16.1
12;2021-12-03;77;81;2464;212818;209648;47336;76.5;75.3;17.0
12;2021-12-04;87;140;1506;212905;209788;48842;76.5;75.4;17.5
12;2021-12-05;12;11;53;212917;209799;48895;76.5;75.4;17.6
12;2021-12-06;57;74;1802;212974;209873;50697;76.5;75.4;18.2
12;2021-12-07;75;95;3301;213049;209968;53998;76.5;75.4;19.4
12;2021-12-08;72;116;2338;213121;210084;56336;76.6;75.5;20.2
12;2021-12-09;68;68;2911;213189;210152;59247;76.6;75.5;21.3
12;2021-12-10;80;82;3497;213269;210234;62744;76.6;75.5;22.5
12;2021-12-11;75;120;2044;213344;210354;64788;76.6;75.6;23.3
12;2021-12-12;11;6;248;213355;210360;65036;76.6;75.6;23.4
12;2021-12-13;58;81;2673;213413;210441;67709;76.7;75.6;24.3
12;2021-12-14;93;94;4465;213506;210535;72174;76.7;75.6;25.9
12;2021-12-15;71;111;2921;213577;210646;75095;76.7;75.7;27.0
13;2020-12-27;4;0;0;4;0;0;0.0;0.0;0.0
13;2020-12-28;9;0;0;13;0;0;0.0;0.0;0.0
13;2020-12-29;0;0;0;13;0;0;0.0;0.0;0.0
13;2020-12-30;4;0;0;17;0;0;0.0;0.0;0.0
13;2020-12-31;4;0;0;21;0;0;0.0;0.0;0.0
13;2021-01-01;3;0;0;24;0;0;0.0;0.0;0.0
13;2021-01-02;4;1;0;28;1;0;0.0;0.0;0.0
13;2021-01-03;6;1;0;34;2;0;0.0;0.0;0.0
13;2021-01-04;2;1;0;36;3;0;0.0;0.0;0.0
13;2021-01-05;83;1;0;119;4;0;0.0;0.0;0.0
13;2021-01-06;125;1;0;244;5;0;0.0;0.0;0.0
13;2021-01-07;214;1;0;458;6;0;0.0;0.0;0.0
13;2021-01-08;239;0;0;697;6;0;0.0;0.0;0.0
13;2021-01-09;32;0;0;729;6;0;0.0;0.0;0.0
13;2021-01-10;3;0;0;732;6;0;0.0;0.0;0.0
13;2021-01-11;522;2;0;1254;8;0;0.1;0.0;0.0
13;2021-01-12;923;1;0;2177;9;0;0.1;0.0;0.0
13;2021-01-13;1135;2;0;3312;11;0;0.2;0.0;0.0
13;2021-01-14;1661;23;0;4973;34;0;0.2;0.0;0.0
13;2021-01-15;1533;7;0;6506;41;0;0.3;0.0;0.0
13;2021-01-16;458;4;0;6964;45;0;0.3;0.0;0.0
13;2021-01-17;51;0;0;7015;45;0;0.3;0.0;0.0
13;2021-01-18;2312;14;0;9327;59;0;0.5;0.0;0.0
13;2021-01-19;7064;55;0;16391;114;0;0.8;0.0;0.0
13;2021-01-20;5296;27;0;21687;141;0;1.1;0.0;0.0
13;2021-01-21;5340;40;0;27027;181;0;1.3;0.0;0.0
13;2021-01-22;3891;23;0;30918;204;0;1.5;0.0;0.0
13;2021-01-23;1291;8;0;32209;212;0;1.6;0.0;0.0
13;2021-01-24;425;4;0;32634;216;0;1.6;0.0;0.0
13;2021-01-25;2274;25;0;34908;241;0;1.7;0.0;0.0
13;2021-01-26;2799;91;0;37707;332;0;1.9;0.0;0.0
13;2021-01-27;3048;126;0;40755;458;0;2.0;0.0;0.0
13;2021-01-28;3288;227;0;44043;685;0;2.2;0.0;0.0
13;2021-01-29;2547;149;0;46590;834;0;2.3;0.0;0.0
13;2021-01-30;977;29;0;47567;863;0;2.3;0.0;0.0
13;2021-01-31;214;0;0;47781;863;0;2.3;0.0;0.0
13;2021-02-01;1807;309;0;49588;1172;0;2.4;0.1;0.0
13;2021-02-02;2249;674;0;51837;1846;0;2.5;0.1;0.0
13;2021-02-03;1771;587;0;53608;2433;0;2.6;0.1;0.0
13;2021-02-04;1878;957;0;55486;3390;0;2.7;0.2;0.0
13;2021-02-05;2455;1486;0;57941;4876;0;2.8;0.2;0.0
13;2021-02-06;799;336;0;58740;5212;0;2.9;0.3;0.0
13;2021-02-07;250;6;0;58990;5218;0;2.9;0.3;0.0
13;2021-02-08;1797;1510;0;60787;6728;0;3.0;0.3;0.0
13;2021-02-09;3189;4302;0;63976;11030;0;3.1;0.5;0.0
13;2021-02-10;3072;3306;0;67048;14336;0;3.3;0.7;0.0
13;2021-02-11;3490;3526;0;70538;17862;0;3.5;0.9;0.0
13;2021-02-12;2662;3091;0;73200;20953;0;3.6;1.0;0.0
13;2021-02-13;716;608;0;73916;21561;0;3.6;1.1;0.0
13;2021-02-14;69;333;0;73985;21894;0;3.6;1.1;0.0
13;2021-02-15;897;2009;0;74882;23903;0;3.7;1.2;0.0
13;2021-02-16;1266;2580;0;76148;26483;0;3.7;1.3;0.0
13;2021-02-17;1331;2911;0;77479;29394;0;3.8;1.4;0.0
13;2021-02-18;1854;2737;0;79333;32131;0;3.9;1.6;0.0
13;2021-02-19;1503;2256;0;80836;34387;0;4.0;1.7;0.0
13;2021-02-20;436;780;0;81272;35167;0;4.0;1.7;0.0
13;2021-02-21;31;265;0;81303;35432;0;4.0;1.7;0.0
13;2021-02-22;1006;2232;0;82309;37664;0;4.0;1.9;0.0
13;2021-02-23;1243;2494;0;83552;40158;0;4.1;2.0;0.0
13;2021-02-24;1440;2537;0;84992;42695;0;4.2;2.1;0.0
13;2021-02-25;2331;2054;0;87323;44749;0;4.3;2.2;0.0
13;2021-02-26;2402;1998;0;89725;46747;0;4.4;2.3;0.0
13;2021-02-27;955;742;0;90680;47489;0;4.5;2.3;0.0
13;2021-02-28;183;179;0;90863;47668;0;4.5;2.3;0.0
13;2021-03-01;1847;1552;0;92710;49220;0;4.6;2.4;0.0
13;2021-03-02;2918;2616;0;95628;51836;0;4.7;2.5;0.0
13;2021-03-03;3434;2607;0;99062;54443;0;4.9;2.7;0.0
13;2021-03-04;4065;3094;0;103127;57537;0;5.1;2.8;0.0
13;2021-03-05;4030;2710;0;107157;60247;0;5.3;3.0;0.0
13;2021-03-06;5290;820;0;112447;61067;0;5.5;3.0;0.0
13;2021-03-07;4175;371;0;116622;61438;0;5.7;3.0;0.0
13;2021-03-08;3844;1992;0;120466;63430;0;5.9;3.1;0.0
13;2021-03-09;4884;2320;0;125350;65750;0;6.2;3.2;0.0
13;2021-03-10;5184;2071;0;130534;67821;0;6.4;3.3;0.0
13;2021-03-11;7204;2206;0;137738;70027;0;6.8;3.4;0.0
13;2021-03-12;8200;2081;0;145938;72108;0;7.2;3.5;0.0
13;2021-03-13;6213;739;0;152151;72847;0;7.5;3.6;0.0
13;2021-03-14;2223;176;0;154374;73023;0;7.6;3.6;0.0
13;2021-03-15;6160;1247;0;160534;74270;0;7.9;3.7;0.0
13;2021-03-16;4934;1565;0;165468;75835;0;8.1;3.7;0.0
13;2021-03-17;5085;1427;0;170553;77262;0;8.4;3.8;0.0
13;2021-03-18;5711;1807;0;176264;79069;0;8.7;3.9;0.0
13;2021-03-19;6663;1584;0;182927;80653;0;9.0;4.0;0.0
13;2021-03-20;3942;681;0;186869;81334;0;9.2;4.0;0.0
13;2021-03-21;763;91;0;187632;81425;0;9.2;4.0;0.0
13;2021-03-22;6922;1525;0;194554;82950;0;9.6;4.1;0.0
13;2021-03-23;8876;1728;0;203430;84678;0;10.0;4.2;0.0
13;2021-03-24;8611;2146;0;212041;86824;0;10.4;4.3;0.0
13;2021-03-25;10688;2062;0;222729;88886;0;10.9;4.4;0.0
13;2021-03-26;10380;1868;0;233109;90754;0;11.5;4.5;0.0
13;2021-03-27;4693;811;0;237802;91565;0;11.7;4.5;0.0
13;2021-03-28;1088;82;0;238890;91647;0;11.7;4.5;0.0
13;2021-03-29;7174;1957;0;246064;93604;0;12.1;4.6;0.0
13;2021-03-30;11967;2520;0;258031;96124;0;12.7;4.7;0.0
13;2021-03-31;10356;3182;0;268387;99306;0;13.2;4.9;0.0
13;2021-04-01;11742;3052;0;280129;102358;0;13.8;5.0;0.0
13;2021-04-02;9454;3784;0;289583;106142;0;14.2;5.2;0.0
13;2021-04-03;3873;2725;0;293456;108867;0;14.4;5.4;0.0
13;2021-04-04;625;314;0;294081;109181;0;14.5;5.4;0.0
13;2021-04-05;3417;721;0;297498;109902;0;14.6;5.4;0.0
13;2021-04-06;8286;4139;0;305784;114041;0;15.0;5.6;0.0
13;2021-04-07;9722;4599;0;315506;118640;0;15.5;5.8;0.0
13;2021-04-08;9764;5356;0;325270;123996;0;16.0;6.1;0.0
13;2021-04-09;10840;5014;0;336110;129010;0;16.5;6.3;0.0
13;2021-04-10;7019;2121;0;343129;131131;0;16.9;6.4;0.0
13;2021-04-11;1385;555;0;344514;131686;0;16.9;6.5;0.0
13;2021-04-12;7677;4668;0;352191;136354;0;17.3;6.7;0.0
13;2021-04-13;8797;5359;0;360988;141713;0;17.7;7.0;0.0
13;2021-04-14;9218;5703;0;370206;147416;0;18.2;7.2;0.0
13;2021-04-15;9568;5775;0;379774;153191;0;18.7;7.5;0.0
13;2021-04-16;9582;5461;0;389356;158652;0;19.1;7.8;0.0
13;2021-04-17;4018;1990;0;393374;160642;0;19.3;7.9;0.0
13;2021-04-18;2453;1405;0;395827;162047;0;19.5;8.0;0.0
13;2021-04-19;6232;6139;0;402059;168186;0;19.8;8.3;0.0
13;2021-04-20;7199;7287;0;409258;175473;0;20.1;8.6;0.0
13;2021-04-21;7585;7106;0;416843;182579;0;20.5;9.0;0.0
13;2021-04-22;8134;7607;0;424977;190186;0;20.9;9.3;0.0
13;2021-04-23;8119;6618;0;433096;196804;0;21.3;9.7;0.0
13;2021-04-24;4536;3652;0;437632;200456;0;21.5;9.9;0.0
13;2021-04-25;915;533;0;438547;200989;0;21.6;9.9;0.0
13;2021-04-26;5999;6754;0;444546;207743;0;21.9;10.2;0.0
13;2021-04-27;7114;7611;0;451660;215354;0;22.2;10.6;0.0
13;2021-04-28;9160;7443;0;460820;222797;0;22.7;11.0;0.0
13;2021-04-29;11186;7392;0;472006;230189;0;23.2;11.3;0.0
13;2021-04-30;10563;7127;0;482569;237316;0;23.7;11.7;0.0
13;2021-05-01;5075;3588;0;487644;240904;0;24.0;11.8;0.0
13;2021-05-02;2053;735;0;489697;241639;0;24.1;11.9;0.0
13;2021-05-03;6966;7551;0;496663;249190;0;24.4;12.2;0.0
13;2021-05-04;8097;8336;0;504760;257526;0;24.8;12.7;0.0
13;2021-05-05;7937;8723;0;512697;266249;0;25.2;13.1;0.0
13;2021-05-06;9889;8389;0;522586;274638;0;25.7;13.5;0.0
13;2021-05-07;8639;9679;0;531225;284317;0;26.1;14.0;0.0
13;2021-05-08;4464;3773;0;535689;288090;0;26.3;14.2;0.0
13;2021-05-09;978;700;0;536667;288790;0;26.4;14.2;0.0
13;2021-05-10;7413;8493;0;544080;297283;0;26.7;14.6;0.0
13;2021-05-11;10632;9243;0;554712;306526;0;27.3;15.1;0.0
13;2021-05-12;12317;8528;0;567029;315054;0;27.9;15.5;0.0
13;2021-05-13;9158;3506;0;576187;318560;0;28.3;15.7;0.0
13;2021-05-14;12824;6307;0;589011;324867;0;29.0;16.0;0.0
13;2021-05-15;9728;4372;0;598739;329239;0;29.4;16.2;0.0
13;2021-05-16;3168;788;0;601907;330027;0;29.6;16.2;0.0
13;2021-05-17;10023;6649;0;611930;336676;0;30.1;16.5;0.0
13;2021-05-18;11372;6373;0;623302;343049;0;30.6;16.9;0.0
13;2021-05-19;11638;6206;0;634940;349255;0;31.2;17.2;0.0
13;2021-05-20;12653;6245;0;647593;355500;0;31.8;17.5;0.0
13;2021-05-21;12302;6615;0;659895;362115;0;32.4;17.8;0.0
13;2021-05-22;7390;3561;0;667285;365676;0;32.8;18.0;0.0
13;2021-05-23;1109;664;0;668394;366340;0;32.9;18.0;0.0
13;2021-05-24;6465;2362;0;674859;368702;0;33.2;18.1;0.0
13;2021-05-25;8767;7362;0;683626;376064;0;33.6;18.5;0.0
13;2021-05-26;9683;7619;0;693309;383683;0;34.1;18.9;0.0
13;2021-05-27;9775;8207;0;703084;391890;0;34.6;19.3;0.0
13;2021-05-28;8841;8931;0;711925;400821;0;35.0;19.7;0.0
13;2021-05-29;6709;4541;0;718634;405362;0;35.3;19.9;0.0
13;2021-05-30;933;551;0;719567;405913;0;35.4;20.0;0.0
13;2021-05-31;7753;7705;0;727320;413618;0;35.7;20.3;0.0
13;2021-06-01;9178;8962;0;736498;422580;0;36.2;20.8;0.0
13;2021-06-02;9406;8415;0;745904;430995;0;36.7;21.2;0.0
13;2021-06-03;11700;9216;0;757604;440211;0;37.2;21.6;0.0
13;2021-06-04;11493;9780;0;769097;449991;0;37.8;22.1;0.0
13;2021-06-05;7038;5453;0;776135;455444;0;38.1;22.4;0.0
13;2021-06-06;1682;904;0;777817;456348;0;38.2;22.4;0.0
13;2021-06-07;6558;9480;0;784375;465828;0;38.6;22.9;0.0
13;2021-06-08;8127;9670;0;792502;475498;0;39.0;23.4;0.0
13;2021-06-09;8102;9437;0;800604;484935;0;39.4;23.8;0.0
13;2021-06-10;8718;9479;0;809322;494414;0;39.8;24.3;0.0
13;2021-06-11;8017;12126;0;817339;506540;0;40.2;24.9;0.0
13;2021-06-12;5600;6476;0;822939;513016;0;40.4;25.2;0.0
13;2021-06-13;988;1222;0;823927;514238;0;40.5;25.3;0.0
13;2021-06-14;5755;10615;0;829682;524853;0;40.8;25.8;0.0
13;2021-06-15;7021;10927;0;836703;535780;0;41.1;26.3;0.0
13;2021-06-16;6891;9575;0;843594;545355;0;41.5;26.8;0.0
13;2021-06-17;7153;10357;0;850747;555712;0;41.8;27.3;0.0
13;2021-06-18;7081;10668;0;857828;566380;0;42.2;27.8;0.0
13;2021-06-19;4500;7212;0;862328;573592;0;42.4;28.2;0.0
13;2021-06-20;947;1033;0;863275;574625;0;42.4;28.2;0.0
13;2021-06-21;4362;11737;0;867637;586362;0;42.6;28.8;0.0
13;2021-06-22;4689;13493;0;872326;599855;0;42.9;29.5;0.0
13;2021-06-23;4821;13064;0;877147;612919;0;43.1;30.1;0.0
13;2021-06-24;5058;12160;0;882205;625079;0;43.4;30.7;0.0
13;2021-06-25;4881;13963;0;887086;639042;0;43.6;31.4;0.0
13;2021-06-26;2903;9236;0;889989;648278;0;43.7;31.9;0.0
13;2021-06-27;527;1024;0;890516;649302;0;43.8;31.9;0.0
13;2021-06-28;3621;12037;0;894137;661339;0;43.9;32.5;0.0
13;2021-06-29;4269;12549;0;898406;673888;0;44.2;33.1;0.0
13;2021-06-30;4723;12297;0;903129;686185;0;44.4;33.7;0.0
13;2021-07-01;5655;10997;0;908784;697182;0;44.7;34.3;0.0
13;2021-07-02;5576;11904;0;914360;709086;0;44.9;34.9;0.0
13;2021-07-03;3333;8797;0;917693;717883;0;45.1;35.3;0.0
13;2021-07-04;553;986;0;918246;718869;0;45.1;35.3;0.0
13;2021-07-05;3773;10926;0;922019;729795;0;45.3;35.9;0.0
13;2021-07-06;5256;11133;0;927275;740928;0;45.6;36.4;0.0
13;2021-07-07;5351;10227;1;932626;751155;1;45.8;36.9;0.0
13;2021-07-08;5915;9754;1;938541;760909;2;46.1;37.4;0.0
13;2021-07-09;5847;11350;0;944388;772259;2;46.4;38.0;0.0
13;2021-07-10;3116;8319;0;947504;780578;2;46.6;38.4;0.0
13;2021-07-11;536;1091;0;948040;781669;2;46.6;38.4;0.0
13;2021-07-12;4416;10642;0;952456;792311;2;46.8;38.9;0.0
13;2021-07-13;8747;12824;0;961203;805135;2;47.2;39.6;0.0
13;2021-07-14;5445;4567;0;966648;809702;2;47.5;39.8;0.0
13;2021-07-15;10890;12471;0;977538;822173;2;48.0;40.4;0.0
13;2021-07-16;11865;12516;0;989403;834689;2;48.6;41.0;0.0
13;2021-07-17;6473;8282;0;995876;842971;2;49.0;41.4;0.0
13;2021-07-18;932;1126;0;996808;844097;2;49.0;41.5;0.0
13;2021-07-19;9443;10718;0;1006251;854815;2;49.5;42.0;0.0
13;2021-07-20;11625;11146;0;1017876;865961;2;50.0;42.6;0.0
13;2021-07-21;12043;10000;0;1029919;875961;2;50.6;43.1;0.0
13;2021-07-22;13735;9896;0;1043654;885857;2;51.3;43.5;0.0
13;2021-07-23;13774;10569;0;1057428;896426;2;52.0;44.1;0.0
13;2021-07-24;8000;7401;0;1065428;903827;2;52.4;44.4;0.0
13;2021-07-25;1169;836;0;1066597;904663;2;52.4;44.5;0.0
13;2021-07-26;10558;8637;0;1077155;913300;2;52.9;44.9;0.0
13;2021-07-27;12719;8829;0;1089874;922129;2;53.6;45.3;0.0
13;2021-07-28;11856;7788;0;1101730;929917;2;54.2;45.7;0.0
13;2021-07-29;13187;7723;0;1114917;937640;2;54.8;46.1;0.0
13;2021-07-30;12970;8396;0;1127887;946036;2;55.4;46.5;0.0
13;2021-07-31;8189;5623;0;1136076;951659;2;55.8;46.8;0.0
13;2021-08-01;1213;733;0;1137289;952392;2;55.9;46.8;0.0
13;2021-08-02;10073;6479;0;1147362;958871;2;56.4;47.1;0.0
13;2021-08-03;10894;7106;0;1158256;965977;2;56.9;47.5;0.0
13;2021-08-04;9367;6529;0;1167623;972506;2;57.4;47.8;0.0
13;2021-08-05;9124;7303;0;1176747;979809;2;57.8;48.2;0.0
13;2021-08-06;9053;8740;0;1185800;988549;2;58.3;48.6;0.0
13;2021-08-07;5262;5376;0;1191062;993925;2;58.5;48.9;0.0
13;2021-08-08;975;887;0;1192037;994812;2;58.6;48.9;0.0
13;2021-08-09;7912;8606;0;1199949;1003418;2;59.0;49.3;0.0
13;2021-08-10;8541;8653;0;1208490;1012071;2;59.4;49.7;0.0
13;2021-08-11;7484;8377;0;1215974;1020448;2;59.8;50.2;0.0
13;2021-08-12;7327;9235;0;1223301;1029683;2;60.1;50.6;0.0
13;2021-08-13;6636;8671;0;1229937;1038354;2;60.5;51.0;0.0
13;2021-08-14;3776;6280;0;1233713;1044634;2;60.6;51.3;0.0
13;2021-08-15;525;702;0;1234238;1045336;2;60.7;51.4;0.0
13;2021-08-16;6199;10534;0;1240437;1055870;2;61.0;51.9;0.0
13;2021-08-17;6275;10159;0;1246712;1066029;2;61.3;52.4;0.0
13;2021-08-18;6022;9666;0;1252734;1075695;2;61.6;52.9;0.0
13;2021-08-19;6158;10168;0;1258892;1085863;2;61.9;53.4;0.0
13;2021-08-20;5482;10712;0;1264374;1096575;2;62.1;53.9;0.0
13;2021-08-21;2532;6952;0;1266906;1103527;2;62.3;54.2;0.0
13;2021-08-22;402;1010;0;1267308;1104537;2;62.3;54.3;0.0
13;2021-08-23;4595;10762;0;1271903;1115299;2;62.5;54.8;0.0
13;2021-08-24;4986;10609;0;1276889;1125908;2;62.8;55.3;0.0
13;2021-08-25;4770;9804;0;1281659;1135712;2;63.0;55.8;0.0
13;2021-08-26;4671;9432;0;1286330;1145144;2;63.2;56.3;0.0
13;2021-08-27;4688;10289;0;1291018;1155433;2;63.5;56.8;0.0
13;2021-08-28;2279;6387;0;1293297;1161820;2;63.6;57.1;0.0
13;2021-08-29;346;1213;0;1293643;1163033;2;63.6;57.2;0.0
13;2021-08-30;3910;9381;145;1297553;1172414;147;63.8;57.6;0.0
13;2021-08-31;4180;9621;217;1301733;1182035;364;64.0;58.1;0.0
13;2021-09-01;4677;8066;356;1306410;1190101;720;64.2;58.5;0.0
13;2021-09-02;4043;7595;542;1310453;1197696;1262;64.4;58.9;0.1
13;2021-09-03;4103;8279;788;1314556;1205975;2050;64.6;59.3;0.1
13;2021-09-04;2198;5490;181;1316754;1211465;2231;64.7;59.5;0.1
13;2021-09-05;225;468;53;1316979;1211933;2284;64.7;59.6;0.1
13;2021-09-06;3171;5611;717;1320150;1217544;3001;64.9;59.8;0.1
13;2021-09-07;3077;5979;1072;1323227;1223523;4073;65.0;60.1;0.2
13;2021-09-08;3350;6088;849;1326577;1229611;4922;65.2;60.4;0.2
13;2021-09-09;2940;5336;1076;1329517;1234947;5998;65.3;60.7;0.3
13;2021-09-10;3422;6406;1080;1332939;1241353;7078;65.5;61.0;0.3
13;2021-09-11;2250;4981;340;1335189;1246334;7418;65.6;61.3;0.4
13;2021-09-12;265;388;53;1335454;1246722;7471;65.6;61.3;0.4
13;2021-09-13;2529;3977;993;1337983;1250699;8464;65.8;61.5;0.4
13;2021-09-14;3028;4353;1944;1341011;1255052;10408;65.9;61.7;0.5
13;2021-09-15;2798;5060;2015;1343809;1260112;12423;66.1;61.9;0.6
13;2021-09-16;2114;3592;2080;1345923;1263704;14503;66.2;62.1;0.7
13;2021-09-17;2262;4540;1674;1348185;1268244;16177;66.3;62.3;0.8
13;2021-09-18;1511;4070;539;1349696;1272314;16716;66.3;62.5;0.8
13;2021-09-19;100;188;55;1349796;1272502;16771;66.3;62.5;0.8
13;2021-09-20;1471;3043;1525;1351267;1275545;18296;66.4;62.7;0.9
13;2021-09-21;1430;2770;1832;1352697;1278315;20128;66.5;62.8;1.0
13;2021-09-22;1595;4185;1426;1354292;1282500;21554;66.6;63.0;1.1
13;2021-09-23;1504;3347;2074;1355796;1285847;23628;66.6;63.2;1.2
13;2021-09-24;1504;3826;1368;1357300;1289673;24996;66.7;63.4;1.2
13;2021-09-25;1143;3693;485;1358443;1293366;25481;66.8;63.6;1.3
13;2021-09-26;101;256;49;1358544;1293622;25530;66.8;63.6;1.3
13;2021-09-27;1196;2719;1257;1359740;1296341;26787;66.8;63.7;1.3
13;2021-09-28;1226;2423;1286;1360966;1298764;28073;66.9;63.8;1.4
13;2021-09-29;1523;3297;1390;1362489;1302061;29463;67.0;64.0;1.4
13;2021-09-30;1343;2875;1778;1363832;1304936;31241;67.0;64.1;1.5
13;2021-10-01;2219;3144;1644;1366051;1308080;32885;67.1;64.3;1.6
13;2021-10-02;1178;2649;613;1367229;1310729;33498;67.2;64.4;1.6
13;2021-10-03;110;219;30;1367339;1310948;33528;67.2;64.4;1.6
13;2021-10-04;975;1555;1171;1368314;1312503;34699;67.3;64.5;1.7
13;2021-10-05;1215;2308;1993;1369529;1314811;36692;67.3;64.6;1.8
13;2021-10-06;1334;2742;1975;1370863;1317553;38667;67.4;64.8;1.9
13;2021-10-07;1100;2205;2261;1371963;1319758;40928;67.4;64.9;2.0
13;2021-10-08;1481;2748;2403;1373444;1322506;43331;67.5;65.0;2.1
13;2021-10-09;941;2099;916;1374385;1324605;44247;67.6;65.1;2.2
13;2021-10-10;95;139;66;1374480;1324744;44313;67.6;65.1;2.2
13;2021-10-11;976;1695;1901;1375456;1326439;46214;67.6;65.2;2.3
13;2021-10-12;1149;1757;2253;1376605;1328196;48467;67.7;65.3;2.4
13;2021-10-13;1221;2096;2365;1377826;1330292;50832;67.7;65.4;2.5
13;2021-10-14;1050;1788;2445;1378876;1332080;53277;67.8;65.5;2.6
13;2021-10-15;1445;2191;3348;1380321;1334271;56625;67.8;65.6;2.8
13;2021-10-16;907;1528;973;1381228;1335799;57598;67.9;65.7;2.8
13;2021-10-17;80;132;57;1381308;1335931;57655;67.9;65.7;2.8
13;2021-10-18;910;1381;2070;1382218;1337312;59725;67.9;65.7;2.9
13;2021-10-19;940;1462;2573;1383158;1338774;62298;68.0;65.8;3.1
13;2021-10-20;1150;1699;3045;1384308;1340473;65343;68.0;65.9;3.2
13;2021-10-21;902;1467;3012;1385210;1341940;68355;68.1;66.0;3.4
13;2021-10-22;1200;1935;3935;1386410;1343875;72290;68.1;66.1;3.6
13;2021-10-23;730;1177;1329;1387140;1345052;73619;68.2;66.1;3.6
13;2021-10-24;105;134;138;1387245;1345186;73757;68.2;66.1;3.6
13;2021-10-25;805;1126;2700;1388050;1346312;76457;68.2;66.2;3.8
13;2021-10-26;821;1074;2931;1388871;1347386;79388;68.3;66.2;3.9
13;2021-10-27;897;1269;3268;1389768;1348655;82656;68.3;66.3;4.1
13;2021-10-28;735;1038;3329;1390503;1349693;85985;68.3;66.3;4.2
13;2021-10-29;955;1376;3859;1391458;1351069;89844;68.4;66.4;4.4
13;2021-10-30;607;957;1582;1392065;1352026;91426;68.4;66.5;4.5
13;2021-10-31;65;93;128;1392130;1352119;91554;68.4;66.5;4.5
13;2021-11-01;181;166;104;1392311;1352285;91658;68.4;66.5;4.5
13;2021-11-02;810;1200;3260;1393121;1353485;94918;68.5;66.5;4.7
13;2021-11-03;937;1305;3758;1394058;1354790;98676;68.5;66.6;4.9
13;2021-11-04;860;1059;4008;1394918;1355849;102684;68.6;66.6;5.0
13;2021-11-05;969;1346;4438;1395887;1357195;107122;68.6;66.7;5.3
13;2021-11-06;664;920;2002;1396551;1358115;109124;68.6;66.8;5.4
13;2021-11-07;67;128;104;1396618;1358243;109228;68.6;66.8;5.4
13;2021-11-08;629;1061;3703;1397247;1359304;112931;68.7;66.8;5.6
13;2021-11-09;817;1305;5360;1398064;1360609;118291;68.7;66.9;5.8
13;2021-11-10;1051;1527;6475;1399115;1362136;124766;68.8;67.0;6.1
13;2021-11-11;150;206;750;1399265;1362342;125516;68.8;67.0;6.2
13;2021-11-12;854;1220;6460;1400119;1363562;131976;68.8;67.0;6.5
13;2021-11-13;577;784;2346;1400696;1364346;134322;68.8;67.1;6.6
13;2021-11-14;70;151;287;1400766;1364497;134609;68.9;67.1;6.6
13;2021-11-15;623;1052;4852;1401389;1365549;139461;68.9;67.1;6.9
13;2021-11-16;801;1120;6776;1402190;1366669;146237;68.9;67.2;7.2
13;2021-11-17;1017;1177;6966;1403207;1367846;153203;69.0;67.2;7.5
13;2021-11-18;836;1084;6665;1404043;1368930;159868;69.0;67.3;7.9
13;2021-11-19;991;1200;7674;1405034;1370130;167542;69.1;67.3;8.2
13;2021-11-20;809;948;3435;1405843;1371078;170977;69.1;67.4;8.4
13;2021-11-21;63;104;297;1405906;1371182;171274;69.1;67.4;8.4
13;2021-11-22;745;785;5544;1406651;1371967;176818;69.1;67.4;8.7
13;2021-11-23;859;996;7826;1407510;1372963;184644;69.2;67.5;9.1
13;2021-11-24;1135;1255;8099;1408645;1374218;192743;69.2;67.5;9.5
13;2021-11-25;902;1023;9591;1409547;1375241;202334;69.3;67.6;9.9
13;2021-11-26;1069;1143;11676;1410616;1376384;214010;69.3;67.7;10.5
13;2021-11-27;764;975;5992;1411380;1377359;220002;69.4;67.7;10.8
13;2021-11-28;48;136;452;1411428;1377495;220454;69.4;67.7;10.8
13;2021-11-29;821;926;12287;1412249;1378421;232741;69.4;67.8;11.4
13;2021-11-30;908;974;14549;1413157;1379395;247290;69.5;67.8;12.2
13;2021-12-01;961;1070;17188;1414118;1380465;264478;69.5;67.9;13.0
13;2021-12-02;873;939;16867;1414991;1381404;281345;69.6;67.9;13.8
13;2021-12-03;986;1239;20009;1415977;1382643;301354;69.6;68.0;14.8
13;2021-12-04;654;855;9787;1416631;1383498;311141;69.6;68.0;15.3
13;2021-12-05;109;177;1082;1416740;1383675;312223;69.6;68.0;15.3
13;2021-12-06;768;999;16929;1417508;1384674;329152;69.7;68.1;16.2
13;2021-12-07;974;1157;21322;1418482;1385831;350474;69.7;68.1;17.2
13;2021-12-08;1081;1361;20422;1419563;1387192;370896;69.8;68.2;18.2
13;2021-12-09;912;1168;18508;1420475;1388360;389404;69.8;68.2;19.1
13;2021-12-10;1073;1276;22080;1421548;1389636;411484;69.9;68.3;20.2
13;2021-12-11;590;923;11513;1422138;1390559;422997;69.9;68.3;20.8
13;2021-12-12;125;180;1497;1422263;1390739;424494;69.9;68.4;20.9
13;2021-12-13;763;984;17397;1423026;1391723;441891;69.9;68.4;21.7
13;2021-12-14;990;1203;22261;1424016;1392926;464152;70.0;68.5;22.8
13;2021-12-15;1094;1333;21415;1425110;1394259;485567;70.0;68.5;23.9
14;2020-12-27;0;0;0;0;0;0;0.0;0.0;0.0
14;2020-12-28;1;0;0;1;0;0;0.0;0.0;0.0
14;2020-12-29;0;0;0;1;0;0;0.0;0.0;0.0
14;2020-12-30;0;0;0;1;0;0;0.0;0.0;0.0
14;2020-12-31;5;0;0;6;0;0;0.0;0.0;0.0
14;2021-01-01;3;0;0;9;0;0;0.0;0.0;0.0
14;2021-01-02;2;0;0;11;0;0;0.0;0.0;0.0
14;2021-01-03;0;0;0;11;0;0;0.0;0.0;0.0
14;2021-01-04;5;0;0;16;0;0;0.0;0.0;0.0
14;2021-01-05;28;0;0;44;0;0;0.0;0.0;0.0
14;2021-01-06;351;0;0;395;0;0;0.1;0.0;0.0
14;2021-01-07;421;1;0;816;1;0;0.1;0.0;0.0
14;2021-01-08;651;5;0;1467;6;0;0.2;0.0;0.0
14;2021-01-09;134;0;0;1601;6;0;0.2;0.0;0.0
14;2021-01-10;49;0;0;1650;6;0;0.2;0.0;0.0
14;2021-01-11;678;6;0;2328;12;0;0.3;0.0;0.0
14;2021-01-12;949;6;0;3277;18;0;0.5;0.0;0.0
14;2021-01-13;886;1;0;4163;19;0;0.6;0.0;0.0
14;2021-01-14;2747;29;0;6910;48;0;1.0;0.0;0.0
14;2021-01-15;1832;21;0;8742;69;0;1.3;0.0;0.0
14;2021-01-16;274;3;0;9016;72;0;1.3;0.0;0.0
14;2021-01-17;169;7;0;9185;79;0;1.3;0.0;0.0
14;2021-01-18;1084;6;0;10269;85;0;1.5;0.0;0.0
14;2021-01-19;1155;4;0;11424;89;0;1.7;0.0;0.0
14;2021-01-20;1901;5;0;13325;94;0;1.9;0.0;0.0
14;2021-01-21;1796;9;0;15121;103;0;2.2;0.0;0.0
14;2021-01-22;1432;7;0;16553;110;0;2.4;0.0;0.0
14;2021-01-23;299;1;0;16852;111;0;2.4;0.0;0.0
14;2021-01-24;98;0;0;16950;111;0;2.5;0.0;0.0
14;2021-01-25;929;14;0;17879;125;0;2.6;0.0;0.0
14;2021-01-26;839;42;0;18718;167;0;2.7;0.0;0.0
14;2021-01-27;856;161;0;19574;328;0;2.8;0.0;0.0
14;2021-01-28;755;160;0;20329;488;0;2.9;0.1;0.0
14;2021-01-29;728;245;0;21057;733;0;3.0;0.1;0.0
14;2021-01-30;271;18;0;21328;751;0;3.1;0.1;0.0
14;2021-01-31;62;6;0;21390;757;0;3.1;0.1;0.0
14;2021-02-01;691;233;0;22081;990;0;3.2;0.1;0.0
14;2021-02-02;731;414;0;22812;1404;0;3.3;0.2;0.0
14;2021-02-03;719;431;0;23531;1835;0;3.4;0.3;0.0
14;2021-02-04;1098;1953;0;24629;3788;0;3.6;0.5;0.0
14;2021-02-05;1223;1266;0;25852;5054;0;3.7;0.7;0.0
14;2021-02-06;391;224;0;26243;5278;0;3.8;0.8;0.0
14;2021-02-07;179;80;0;26422;5358;0;3.8;0.8;0.0
14;2021-02-08;728;824;0;27150;6182;0;3.9;0.9;0.0
14;2021-02-09;677;1016;0;27827;7198;0;4.0;1.0;0.0
14;2021-02-10;802;1576;0;28629;8774;0;4.1;1.3;0.0
14;2021-02-11;1281;1445;0;29910;10219;0;4.3;1.5;0.0
14;2021-02-12;1254;1081;0;31164;11300;0;4.5;1.6;0.0
14;2021-02-13;303;222;0;31467;11522;0;4.6;1.7;0.0
14;2021-02-14;84;87;0;31551;11609;0;4.6;1.7;0.0
14;2021-02-15;442;1060;0;31993;12669;0;4.6;1.8;0.0
14;2021-02-16;676;1005;0;32669;13674;0;4.7;2.0;0.0
14;2021-02-17;389;957;0;33058;14631;0;4.8;2.1;0.0
14;2021-02-18;718;882;0;33776;15513;0;4.9;2.2;0.0
14;2021-02-19;708;757;0;34484;16270;0;5.0;2.4;0.0
14;2021-02-20;94;276;0;34578;16546;0;5.0;2.4;0.0
14;2021-02-21;5;101;0;34583;16647;0;5.0;2.4;0.0
14;2021-02-22;416;975;0;34999;17622;0;5.1;2.5;0.0
14;2021-02-23;467;885;0;35466;18507;0;5.1;2.7;0.0
14;2021-02-24;439;888;0;35905;19395;0;5.2;2.8;0.0
14;2021-02-25;1187;1117;0;37092;20512;0;5.4;3.0;0.0
14;2021-02-26;1497;1105;0;38589;21617;0;5.6;3.1;0.0
14;2021-02-27;508;282;0;39097;21899;0;5.7;3.2;0.0
14;2021-02-28;33;49;0;39130;21948;0;5.7;3.2;0.0
14;2021-03-01;519;850;0;39649;22798;0;5.7;3.3;0.0
14;2021-03-02;979;770;0;40628;23568;0;5.9;3.4;0.0
14;2021-03-03;1061;798;0;41689;24366;0;6.0;3.5;0.0
14;2021-03-04;1916;784;0;43605;25150;0;6.3;3.6;0.0
14;2021-03-05;2420;803;0;46025;25953;0;6.7;3.8;0.0
14;2021-03-06;3000;202;0;49025;26155;0;7.1;3.8;0.0
14;2021-03-07;1158;67;0;50183;26222;0;7.3;3.8;0.0
14;2021-03-08;1177;772;0;51360;26994;0;7.4;3.9;0.0
14;2021-03-09;1752;675;0;53112;27669;0;7.7;4.0;0.0
14;2021-03-10;1798;577;0;54910;28246;0;7.9;4.1;0.0
14;2021-03-11;2705;456;0;57615;28702;0;8.3;4.2;0.0
14;2021-03-12;3842;541;0;61457;29243;0;8.9;4.2;0.0
14;2021-03-13;1930;177;0;63387;29420;0;9.2;4.3;0.0
14;2021-03-14;96;41;0;63483;29461;0;9.2;4.3;0.0
14;2021-03-15;1982;143;0;65465;29604;0;9.5;4.3;0.0
14;2021-03-16;1434;280;0;66899;29884;0;9.7;4.3;0.0
14;2021-03-17;1127;192;0;68026;30076;0;9.8;4.3;0.0
14;2021-03-18;1407;287;0;69433;30363;0;10.0;4.4;0.0
14;2021-03-19;2532;261;0;71965;30624;0;10.4;4.4;0.0
14;2021-03-20;2593;45;0;74558;30669;0;10.8;4.4;0.0
14;2021-03-21;480;10;0;75038;30679;0;10.9;4.4;0.0
14;2021-03-22;1813;365;0;76851;31044;0;11.1;4.5;0.0
14;2021-03-23;2202;332;0;79053;31376;0;11.4;4.5;0.0
14;2021-03-24;2430;207;0;81483;31583;0;11.8;4.6;0.0
14;2021-03-25;3212;327;0;84695;31910;0;12.2;4.6;0.0
14;2021-03-26;4464;459;0;89159;32369;0;12.9;4.7;0.0
14;2021-03-27;2337;210;0;91496;32579;0;13.2;4.7;0.0
14;2021-03-28;116;7;0;91612;32586;0;13.2;4.7;0.0
14;2021-03-29;1656;508;0;93268;33094;0;13.5;4.8;0.0
14;2021-03-30;2696;535;0;95964;33629;0;13.9;4.9;0.0
14;2021-03-31;2317;937;0;98281;34566;0;14.2;5.0;0.0
14;2021-04-01;4072;1667;0;102353;36233;0;14.8;5.2;0.0
14;2021-04-02;3700;1261;0;106053;37494;0;15.3;5.4;0.0
14;2021-04-03;1110;1173;0;107163;38667;0;15.5;5.6;0.0
14;2021-04-04;53;442;0;107216;39109;0;15.5;5.7;0.0
14;2021-04-05;1133;304;0;108349;39413;0;15.7;5.7;0.0
14;2021-04-06;2339;1038;0;110688;40451;0;16.0;5.9;0.0
14;2021-04-07;2568;1040;0;113256;41491;0;16.4;6.0;0.0
14;2021-04-08;4121;1130;0;117377;42621;0;17.0;6.2;0.0
14;2021-04-09;5675;1118;0;123052;43739;0;17.8;6.3;0.0
14;2021-04-10;2860;462;0;125912;44201;0;18.2;6.4;0.0
14;2021-04-11;593;156;0;126505;44357;0;18.3;6.4;0.0
14;2021-04-12;2761;1560;0;129266;45917;0;18.7;6.6;0.0
14;2021-04-13;3334;1461;0;132600;47378;0;19.2;6.9;0.0
14;2021-04-14;2948;1148;0;135548;48526;0;19.6;7.0;0.0
14;2021-04-15;4242;1467;0;139790;49993;0;20.2;7.2;0.0
14;2021-04-16;4369;1504;0;144159;51497;0;20.8;7.4;0.0
14;2021-04-17;2349;1623;0;146508;53120;0;21.2;7.7;0.0
14;2021-04-18;519;344;0;147027;53464;0;21.3;7.7;0.0
14;2021-04-19;2644;1645;0;149671;55109;0;21.6;8.0;0.0
14;2021-04-20;3268;1861;0;152939;56970;0;22.1;8.2;0.0
14;2021-04-21;2837;1458;0;155776;58428;0;22.5;8.5;0.0
14;2021-04-22;4002;2070;0;159778;60498;0;23.1;8.7;0.0
14;2021-04-23;4433;2249;0;164211;62747;0;23.7;9.1;0.0
14;2021-04-24;1855;1793;0;166066;64540;0;24.0;9.3;0.0
14;2021-04-25;462;79;0;166528;64619;0;24.1;9.3;0.0
14;2021-04-26;3152;1567;0;169680;66186;0;24.5;9.6;0.0
14;2021-04-27;3382;2498;0;173062;68684;0;25.0;9.9;0.0
14;2021-04-28;3110;1838;0;176172;70522;0;25.5;10.2;0.0
14;2021-04-29;4308;2260;0;180480;72782;0;26.1;10.5;0.0
14;2021-04-30;4872;2604;0;185352;75386;0;26.8;10.9;0.0
14;2021-05-01;3495;222;0;188847;75608;0;27.3;10.9;0.0
14;2021-05-02;1227;76;0;190074;75684;0;27.5;10.9;0.0
14;2021-05-03;2278;2651;0;192352;78335;0;27.8;11.3;0.0
14;2021-05-04;2925;2858;0;195277;81193;0;28.2;11.7;0.0
14;2021-05-05;3523;2593;0;198800;83786;0;28.8;12.1;0.0
14;2021-05-06;4680;3384;0;203480;87170;0;29.4;12.6;0.0
14;2021-05-07;4552;3639;0;208032;90809;0;30.1;13.1;0.0
14;2021-05-08;2788;1220;0;210820;92029;0;30.5;13.3;0.0
14;2021-05-09;1879;615;0;212699;92644;0;30.8;13.4;0.0
14;2021-05-10;3432;3034;0;216131;95678;0;31.3;13.8;0.0
14;2021-05-11;4093;3459;0;220224;99137;0;31.8;14.3;0.0
14;2021-05-12;3960;3103;0;224184;102240;0;32.4;14.8;0.0
14;2021-05-13;4303;1047;0;228487;103287;0;33.0;14.9;0.0
14;2021-05-14;6212;2482;0;234699;105769;0;33.9;15.3;0.0
14;2021-05-15;5109;841;0;239808;106610;0;34.7;15.4;0.0
14;2021-05-16;2381;136;0;242189;106746;0;35.0;15.4;0.0
14;2021-05-17;2750;2123;0;244939;108869;0;35.4;15.7;0.0
14;2021-05-18;3899;2143;0;248838;111012;0;36.0;16.1;0.0
14;2021-05-19;3746;1952;0;252584;112964;0;36.5;16.3;0.0
14;2021-05-20;4383;2622;0;256967;115586;0;37.2;16.7;0.0
14;2021-05-21;4124;3320;0;261091;118906;0;37.8;17.2;0.0
14;2021-05-22;1861;866;0;262952;119772;0;38.0;17.3;0.0
14;2021-05-23;831;83;0;263783;119855;0;38.1;17.3;0.0
14;2021-05-24;2751;688;0;266534;120543;0;38.5;17.4;0.0
14;2021-05-25;3521;3268;0;270055;123811;0;39.1;17.9;0.0
14;2021-05-26;3333;2302;0;273388;126113;0;39.5;18.2;0.0
14;2021-05-27;4530;3146;0;277918;129259;0;40.2;18.7;0.0
14;2021-05-28;4803;3712;0;282721;132971;0;40.9;19.2;0.0
14;2021-05-29;2372;2465;0;285093;135436;0;41.2;19.6;0.0
14;2021-05-30;845;268;0;285938;135704;0;41.4;19.6;0.0
14;2021-05-31;3861;2830;0;289799;138534;0;41.9;20.0;0.0
14;2021-06-01;5382;3121;0;295181;141655;0;42.7;20.5;0.0
14;2021-06-02;4728;2744;0;299909;144399;0;43.4;20.9;0.0
14;2021-06-03;6165;3908;0;306074;148307;0;44.3;21.4;0.0
14;2021-06-04;6055;4929;0;312129;153236;0;45.1;22.2;0.0
14;2021-06-05;4169;1829;0;316298;155065;0;45.7;22.4;0.0
14;2021-06-06;2019;137;0;318317;155202;0;46.0;22.4;0.0
14;2021-06-07;4124;3261;0;322441;158463;0;46.6;22.9;0.0
14;2021-06-08;4924;2966;0;327365;161429;0;47.3;23.3;0.0
14;2021-06-09;4028;2871;0;331393;164300;0;47.9;23.8;0.0
14;2021-06-10;4787;2905;0;336180;167205;0;48.6;24.2;0.0
14;2021-06-11;4639;4674;0;340819;171879;0;49.3;24.9;0.0
14;2021-06-12;3562;4483;0;344381;176362;0;49.8;25.5;0.0
14;2021-06-13;933;1149;0;345314;177511;0;49.9;25.7;0.0
14;2021-06-14;2204;3514;0;347518;181025;0;50.3;26.2;0.0
14;2021-06-15;3194;3726;0;350712;184751;0;50.7;26.7;0.0
14;2021-06-16;3333;4389;0;354045;189140;0;51.2;27.4;0.0
14;2021-06-17;4035;5088;0;358080;194228;0;51.8;28.1;0.0
14;2021-06-18;3671;5824;0;361751;200052;0;52.3;28.9;0.0
14;2021-06-19;2603;2966;0;364354;203018;0;52.7;29.4;0.0
14;2021-06-20;643;1601;0;364997;204619;0;52.8;29.6;0.0
14;2021-06-21;2062;4150;0;367059;208769;0;53.1;30.2;0.0
14;2021-06-22;2444;4981;0;369503;213750;0;53.4;30.9;0.0
14;2021-06-23;2436;4248;0;371939;217998;0;53.8;31.5;0.0
14;2021-06-24;3282;5599;0;375221;223597;0;54.3;32.3;0.0
14;2021-06-25;2643;6951;0;377864;230548;0;54.6;33.3;0.0
14;2021-06-26;2103;4589;0;379967;235137;0;55.0;34.0;0.0
14;2021-06-27;468;1975;0;380435;237112;0;55.0;34.3;0.0
14;2021-06-28;1276;3837;0;381711;240949;0;55.2;34.8;0.0
14;2021-06-29;1721;5126;0;383432;246075;0;55.5;35.6;0.0
14;2021-06-30;1908;4592;0;385340;250667;0;55.7;36.3;0.0
14;2021-07-01;2820;5083;0;388160;255750;0;56.1;37.0;0.0
14;2021-07-02;2462;6405;0;390622;262155;0;56.5;37.9;0.0
14;2021-07-03;1406;2798;0;392028;264953;0;56.7;38.3;0.0
14;2021-07-04;466;909;0;392494;265862;0;56.8;38.4;0.0
14;2021-07-05;1193;4596;0;393687;270458;0;56.9;39.1;0.0
14;2021-07-06;2031;5817;0;395718;276275;0;57.2;40.0;0.0
14;2021-07-07;2140;4391;0;397858;280666;0;57.5;40.6;0.0
14;2021-07-08;2754;5367;0;400612;286033;0;57.9;41.4;0.0
14;2021-07-09;2665;6149;0;403277;292182;0;58.3;42.3;0.0
14;2021-07-10;1935;3234;0;405212;295416;0;58.6;42.7;0.0
14;2021-07-11;928;978;0;406140;296394;0;58.7;42.9;0.0
14;2021-07-12;1523;5656;0;407663;302050;0;59.0;43.7;0.0
14;2021-07-13;2931;7103;0;410594;309153;0;59.4;44.7;0.0
14;2021-07-14;2159;2892;0;412753;312045;0;59.7;45.1;0.0
14;2021-07-15;3909;7246;0;416662;319291;0;60.3;46.2;0.0
14;2021-07-16;4542;7300;0;421204;326591;0;60.9;47.2;0.0
14;2021-07-17;2101;4038;0;423305;330629;0;61.2;47.8;0.0
14;2021-07-18;819;1930;0;424124;332559;0;61.3;48.1;0.0
14;2021-07-19;2578;5811;0;426702;338370;0;61.7;48.9;0.0
14;2021-07-20;3245;6878;0;429947;345248;0;62.2;49.9;0.0
14;2021-07-21;3978;5593;0;433925;350841;0;62.8;50.7;0.0
14;2021-07-22;4851;6209;0;438776;357050;0;63.5;51.6;0.0
14;2021-07-23;5175;6489;0;443951;363539;0;64.2;52.6;0.0
14;2021-07-24;2900;3668;0;446851;367207;0;64.6;53.1;0.0
14;2021-07-25;1459;1308;0;448310;368515;0;64.8;53.3;0.0
14;2021-07-26;4328;3943;0;452638;372458;0;65.5;53.9;0.0
14;2021-07-27;5078;4218;0;457716;376676;0;66.2;54.5;0.0
14;2021-07-28;4914;3804;0;462630;380480;0;66.9;55.0;0.0
14;2021-07-29;6079;4625;0;468709;385105;0;67.8;55.7;0.0
14;2021-07-30;5463;4770;0;474172;389875;0;68.6;56.4;0.0
14;2021-07-31;2738;2446;0;476910;392321;0;69.0;56.7;0.0
14;2021-08-01;1793;943;0;478703;393264;0;69.2;56.9;0.0
14;2021-08-02;3666;4028;0;482369;397292;0;69.8;57.5;0.0
14;2021-08-03;4248;3869;0;486617;401161;0;70.4;58.0;0.0
14;2021-08-04;4209;3314;0;490826;404475;0;71.0;58.5;0.0
14;2021-08-05;4320;3795;0;495146;408270;0;71.6;59.0;0.0
14;2021-08-06;4026;4540;0;499172;412810;0;72.2;59.7;0.0
14;2021-08-07;1944;2171;0;501116;414981;0;72.5;60.0;0.0
14;2021-08-08;673;891;0;501789;415872;0;72.6;60.1;0.0
14;2021-08-09;2074;2832;0;503863;418704;0;72.9;60.6;0.0
14;2021-08-10;3358;3802;0;507221;422506;0;73.4;61.1;0.0
14;2021-08-11;2807;3194;0;510028;425700;0;73.8;61.6;0.0
14;2021-08-12;3097;4179;0;513125;429879;0;74.2;62.2;0.0
14;2021-08-13;2401;3957;0;515526;433836;0;74.6;62.7;0.0
14;2021-08-14;1291;1912;0;516817;435748;0;74.7;63.0;0.0
14;2021-08-15;365;1414;0;517182;437162;0;74.8;63.2;0.0
14;2021-08-16;1692;2813;0;518874;439975;0;75.0;63.6;0.0
14;2021-08-17;2064;4342;0;520938;444317;0;75.3;64.3;0.0
14;2021-08-18;1865;4278;0;522803;448595;0;75.6;64.9;0.0
14;2021-08-19;2147;4843;0;524950;453438;0;75.9;65.6;0.0
14;2021-08-20;1970;5129;0;526920;458567;0;76.2;66.3;0.0
14;2021-08-21;933;2784;0;527853;461351;0;76.3;66.7;0.0
14;2021-08-22;195;1628;0;528048;462979;0;76.4;67.0;0.0
14;2021-08-23;1145;4059;0;529193;467038;0;76.5;67.5;0.0
14;2021-08-24;1246;4211;0;530439;471249;0;76.7;68.2;0.0
14;2021-08-25;1299;4022;0;531738;475271;0;76.9;68.7;0.0
14;2021-08-26;1322;4686;0;533060;479957;0;77.1;69.4;0.0
14;2021-08-27;1347;4974;0;534407;484931;0;77.3;70.1;0.0
14;2021-08-28;714;2821;0;535121;487752;0;77.4;70.5;0.0
14;2021-08-29;201;1049;0;535322;488801;0;77.4;70.7;0.0
14;2021-08-30;921;3386;70;536243;492187;70;77.6;71.2;0.0
14;2021-08-31;1225;4432;154;537468;496619;224;77.7;71.8;0.0
14;2021-09-01;1002;3417;349;538470;500036;573;77.9;72.3;0.1
14;2021-09-02;816;2813;312;539286;502849;885;78.0;72.7;0.1
14;2021-09-03;1053;3501;479;540339;506350;1364;78.1;73.2;0.2
14;2021-09-04;677;2204;144;541016;508554;1508;78.2;73.5;0.2
14;2021-09-05;145;432;54;541161;508986;1562;78.3;73.6;0.2
14;2021-09-06;448;1735;375;541609;510721;1937;78.3;73.9;0.3
14;2021-09-07;474;1800;347;542083;512521;2284;78.4;74.1;0.3
14;2021-09-08;647;2535;430;542730;515056;2714;78.5;74.5;0.4
14;2021-09-09;568;1676;399;543298;516732;3113;78.6;74.7;0.5
14;2021-09-10;732;2291;579;544030;519023;3692;78.7;75.1;0.5
14;2021-09-11;512;1428;142;544542;520451;3834;78.8;75.3;0.6
14;2021-09-12;72;265;51;544614;520716;3885;78.8;75.3;0.6
14;2021-09-13;319;1085;505;544933;521801;4390;78.8;75.5;0.6
14;2021-09-14;634;1226;837;545567;523027;5227;78.9;75.6;0.8
14;2021-09-15;690;1867;711;546257;524894;5938;79.0;75.9;0.9
14;2021-09-16;530;1178;743;546787;526072;6681;79.1;76.1;1.0
14;2021-09-17;569;1324;634;547356;527396;7315;79.2;76.3;1.1
14;2021-09-18;249;985;110;547605;528381;7425;79.2;76.4;1.1
14;2021-09-19;45;150;10;547650;528531;7435;79.2;76.4;1.1
14;2021-09-20;331;729;705;547981;529260;8140;79.3;76.5;1.2
14;2021-09-21;465;766;841;548446;530026;8981;79.3;76.7;1.3
14;2021-09-22;405;1568;809;548851;531594;9790;79.4;76.9;1.4
14;2021-09-23;396;723;772;549247;532317;10562;79.4;77.0;1.5
14;2021-09-24;412;1229;928;549659;533546;11490;79.5;77.2;1.7
14;2021-09-25;200;713;117;549859;534259;11607;79.5;77.3;1.7
14;2021-09-26;41;144;18;549900;534403;11625;79.5;77.3;1.7
14;2021-09-27;270;681;645;550170;535084;12270;79.6;77.4;1.8
14;2021-09-28;344;640;669;550514;535724;12939;79.6;77.5;1.9
14;2021-09-29;300;882;628;550814;536606;13567;79.7;77.6;2.0
14;2021-09-30;313;616;896;551127;537222;14463;79.7;77.7;2.1
14;2021-10-01;440;788;625;551567;538010;15088;79.8;77.8;2.2
14;2021-10-02;264;546;189;551831;538556;15277;79.8;77.9;2.2
14;2021-10-03;35;67;13;551866;538623;15290;79.8;77.9;2.2
14;2021-10-04;266;460;671;552132;539083;15961;79.9;78.0;2.3
14;2021-10-05;261;452;793;552393;539535;16754;79.9;78.0;2.4
14;2021-10-06;366;767;790;552759;540302;17544;79.9;78.1;2.5
14;2021-10-07;218;409;642;552977;540711;18186;80.0;78.2;2.6
14;2021-10-08;380;761;947;553357;541472;19133;80.0;78.3;2.8
14;2021-10-09;193;356;150;553550;541828;19283;80.1;78.4;2.8
14;2021-10-10;8;8;5;553558;541836;19288;80.1;78.4;2.8
14;2021-10-11;173;447;635;553731;542283;19923;80.1;78.4;2.9
14;2021-10-12;287;555;1027;554018;542838;20950;80.1;78.5;3.0
14;2021-10-13;329;471;818;554347;543309;21768;80.2;78.6;3.1
14;2021-10-14;198;418;731;554545;543727;22499;80.2;78.6;3.3
14;2021-10-15;420;551;1373;554965;544278;23872;80.3;78.7;3.5
14;2021-10-16;185;261;552;555150;544539;24424;80.3;78.8;3.5
14;2021-10-17;3;9;11;555153;544548;24435;80.3;78.8;3.5
14;2021-10-18;199;327;729;555352;544875;25164;80.3;78.8;3.6
14;2021-10-19;194;405;981;555546;545280;26145;80.3;78.9;3.8
14;2021-10-20;217;326;901;555763;545606;27046;80.4;78.9;3.9
14;2021-10-21;216;459;975;555979;546065;28021;80.4;79.0;4.1
14;2021-10-22;344;473;1374;556323;546538;29395;80.5;79.0;4.3
14;2021-10-23;166;247;309;556489;546785;29704;80.5;79.1;4.3
14;2021-10-24;10;11;78;556499;546796;29782;80.5;79.1;4.3
14;2021-10-25;194;272;1233;556693;547068;31015;80.5;79.1;4.5
14;2021-10-26;181;218;947;556874;547286;31962;80.5;79.2;4.6
14;2021-10-27;202;436;1448;557076;547722;33410;80.6;79.2;4.8
14;2021-10-28;139;162;823;557215;547884;34233;80.6;79.2;5.0
14;2021-10-29;282;412;1733;557497;548296;35966;80.6;79.3;5.2
14;2021-10-30;97;188;238;557594;548484;36204;80.6;79.3;5.2
14;2021-10-31;2;7;15;557596;548491;36219;80.6;79.3;5.2
14;2021-11-01;6;4;10;557602;548495;36229;80.6;79.3;5.2
14;2021-11-02;184;298;1025;557786;548793;37254;80.7;79.4;5.4
14;2021-11-03;219;319;1443;558005;549112;38697;80.7;79.4;5.6
14;2021-11-04;156;218;1220;558161;549330;39917;80.7;79.4;5.8
14;2021-11-05;257;365;1825;558418;549695;41742;80.8;79.5;6.0
14;2021-11-06;88;150;326;558506;549845;42068;80.8;79.5;6.1
14;2021-11-07;11;14;16;558517;549859;42084;80.8;79.5;6.1
14;2021-11-08;109;243;1709;558626;550102;43793;80.8;79.6;6.3
14;2021-11-09;180;315;2328;558806;550417;46121;80.8;79.6;6.7
14;2021-11-10;259;386;2168;559065;550803;48289;80.9;79.7;7.0
14;2021-11-11;18;22;41;559083;550825;48330;80.9;79.7;7.0
14;2021-11-12;241;376;2138;559324;551201;50468;80.9;79.7;7.3
14;2021-11-13;128;210;696;559452;551411;51164;80.9;79.7;7.4
14;2021-11-14;8;11;30;559460;551422;51194;80.9;79.7;7.4
14;2021-11-15;134;262;2399;559594;551684;53593;80.9;79.8;7.8
14;2021-11-16;173;205;2577;559767;551889;56170;81.0;79.8;8.1
14;2021-11-17;260;312;2838;560027;552201;59008;81.0;79.9;8.5
14;2021-11-18;173;220;2234;560200;552421;61242;81.0;79.9;8.9
14;2021-11-19;358;434;4026;560558;552855;65268;81.1;80.0;9.4
14;2021-11-20;150;156;822;560708;553011;66090;81.1;80.0;9.6
14;2021-11-21;15;19;42;560723;553030;66132;81.1;80.0;9.6
14;2021-11-22;138;139;2391;560861;553169;68523;81.1;80.0;9.9
14;2021-11-23;231;164;3382;561092;553333;71905;81.1;80.0;10.4
14;2021-11-24;333;307;2876;561425;553640;74781;81.2;80.1;10.8
14;2021-11-25;177;141;2650;561602;553781;77431;81.2;80.1;11.2
14;2021-11-26;292;353;6061;561894;554134;83492;81.3;80.1;12.1
14;2021-11-27;146;170;2809;562040;554304;86301;81.3;80.2;12.5
14;2021-11-28;45;24;1570;562085;554328;87871;81.3;80.2;12.7
14;2021-11-29;128;159;4274;562213;554487;92145;81.3;80.2;13.3
14;2021-11-30;238;217;7157;562451;554704;99302;81.3;80.2;14.4
14;2021-12-01;235;222;7156;562686;554926;106458;81.4;80.3;15.4
14;2021-12-02;193;165;7984;562879;555091;114442;81.4;80.3;16.6
14;2021-12-03;210;246;10317;563089;555337;124759;81.4;80.3;18.0
14;2021-12-04;106;136;3917;563195;555473;128676;81.5;80.3;18.6
14;2021-12-05;33;25;2158;563228;555498;130834;81.5;80.3;18.9
14;2021-12-06;115;145;5392;563343;555643;136226;81.5;80.4;19.7
14;2021-12-07;206;200;8773;563549;555843;144999;81.5;80.4;21.0
14;2021-12-08;190;229;7434;563739;556072;152433;81.5;80.4;22.0
14;2021-12-09;195;200;8541;563934;556272;160974;81.6;80.4;23.3
14;2021-12-10;239;345;10459;564173;556617;171433;81.6;80.5;24.8
14;2021-12-11;98;131;3604;564271;556748;175037;81.6;80.5;25.3
14;2021-12-12;47;52;2108;564318;556800;177145;81.6;80.5;25.6
14;2021-12-13;146;185;6481;564464;556985;183626;81.6;80.6;26.6
14;2021-12-14;211;262;9718;564675;557247;193344;81.7;80.6;28.0
14;2021-12-15;205;300;8606;564880;557547;201950;81.7;80.6;29.2
15;2020-12-27;0;0;0;0;0;0;0.0;0.0;0.0
15;2020-12-28;0;0;0;0;0;0;0.0;0.0;0.0
15;2020-12-29;0;0;0;0;0;0;0.0;0.0;0.0
15;2020-12-30;0;0;0;0;0;0;0.0;0.0;0.0
15;2020-12-31;0;0;0;0;0;0;0.0;0.0;0.0
15;2021-01-01;1;0;0;1;0;0;0.0;0.0;0.0
15;2021-01-02;0;0;0;1;0;0;0.0;0.0;0.0
15;2021-01-03;0;0;0;1;0;0;0.0;0.0;0.0
15;2021-01-04;0;0;0;1;0;0;0.0;0.0;0.0
15;2021-01-05;0;0;0;1;0;0;0.0;0.0;0.0
15;2021-01-06;1;0;0;2;0;0;0.0;0.0;0.0
15;2021-01-07;71;1;0;73;1;0;0.1;0.0;0.0
15;2021-01-08;102;2;0;175;3;0;0.1;0.0;0.0
15;2021-01-09;1;0;0;176;3;0;0.1;0.0;0.0
15;2021-01-10;3;0;0;179;3;0;0.1;0.0;0.0
15;2021-01-11;95;1;0;274;4;0;0.2;0.0;0.0
15;2021-01-12;98;0;0;372;4;0;0.3;0.0;0.0
15;2021-01-13;246;0;0;618;4;0;0.4;0.0;0.0
15;2021-01-14;305;5;0;923;9;0;0.6;0.0;0.0
15;2021-01-15;137;0;0;1060;9;0;0.7;0.0;0.0
15;2021-01-16;83;0;0;1143;9;0;0.8;0.0;0.0
15;2021-01-17;0;0;0;1143;9;0;0.8;0.0;0.0
15;2021-01-18;384;2;0;1527;11;0;1.1;0.0;0.0
15;2021-01-19;483;0;0;2010;11;0;1.4;0.0;0.0
15;2021-01-20;577;2;0;2587;13;0;1.8;0.0;0.0
15;2021-01-21;523;4;0;3110;17;0;2.2;0.0;0.0
15;2021-01-22;496;4;0;3606;21;0;2.5;0.0;0.0
15;2021-01-23;400;1;0;4006;22;0;2.8;0.0;0.0
15;2021-01-24;4;0;0;4010;22;0;2.8;0.0;0.0
15;2021-01-25;382;0;0;4392;22;0;3.1;0.0;0.0
15;2021-01-26;418;0;0;4810;22;0;3.4;0.0;0.0
15;2021-01-27;755;8;0;5565;30;0;3.9;0.0;0.0
15;2021-01-28;628;50;0;6193;80;0;4.3;0.1;0.0
15;2021-01-29;332;73;0;6525;153;0;4.6;0.1;0.0
15;2021-01-30;200;2;0;6725;155;0;4.7;0.1;0.0
15;2021-01-31;0;0;0;6725;155;0;4.7;0.1;0.0
15;2021-02-01;230;90;0;6955;245;0;4.9;0.2;0.0
15;2021-02-02;177;86;0;7132;331;0;5.0;0.2;0.0
15;2021-02-03;263;177;0;7395;508;0;5.2;0.4;0.0
15;2021-02-04;621;196;0;8016;704;0;5.6;0.5;0.0
15;2021-02-05;277;236;0;8293;940;0;5.8;0.7;0.0
15;2021-02-06;89;70;0;8382;1010;0;5.9;0.7;0.0
15;2021-02-07;0;0;0;8382;1010;0;5.9;0.7;0.0
15;2021-02-08;220;106;0;8602;1116;0;6.0;0.8;0.0
15;2021-02-09;192;100;0;8794;1216;0;6.2;0.9;0.0
15;2021-02-10;339;234;0;9133;1450;0;6.4;1.0;0.0
15;2021-02-11;132;211;0;9265;1661;0;6.5;1.2;0.0
15;2021-02-12;141;165;0;9406;1826;0;6.6;1.3;0.0
15;2021-02-13;91;74;0;9497;1900;0;6.7;1.3;0.0
15;2021-02-14;0;0;0;9497;1900;0;6.7;1.3;0.0
15;2021-02-15;62;216;0;9559;2116;0;6.7;1.5;0.0
15;2021-02-16;54;278;0;9613;2394;0;6.7;1.7;0.0
15;2021-02-17;130;448;0;9743;2842;0;6.8;2.0;0.0
15;2021-02-18;105;738;0;9848;3580;0;6.9;2.5;0.0
15;2021-02-19;101;421;0;9949;4001;0;7.0;2.8;0.0
15;2021-02-20;19;241;0;9968;4242;0;7.0;3.0;0.0
15;2021-02-21;0;1;0;9968;4243;0;7.0;3.0;0.0
15;2021-02-22;25;485;0;9993;4728;0;7.0;3.3;0.0
15;2021-02-23;181;448;0;10174;5176;0;7.1;3.6;0.0
15;2021-02-24;48;426;0;10222;5602;0;7.2;3.9;0.0
15;2021-02-25;221;949;0;10443;6551;0;7.3;4.6;0.0
15;2021-02-26;176;446;0;10619;6997;0;7.4;4.9;0.0
15;2021-02-27;123;81;0;10742;7078;0;7.5;5.0;0.0
15;2021-02-28;1;0;0;10743;7078;0;7.5;5.0;0.0
15;2021-03-01;112;214;0;10855;7292;0;7.6;5.1;0.0
15;2021-03-02;249;300;0;11104;7592;0;7.8;5.3;0.0
15;2021-03-03;237;37;0;11341;7629;0;7.9;5.3;0.0
15;2021-03-04;253;265;0;11594;7894;0;8.1;5.5;0.0
15;2021-03-05;348;162;0;11942;8056;0;8.4;5.6;0.0
15;2021-03-06;669;14;0;12611;8070;0;8.8;5.7;0.0
15;2021-03-07;98;3;0;12709;8073;0;8.9;5.7;0.0
15;2021-03-08;102;106;0;12811;8179;0;9.0;5.7;0.0
15;2021-03-09;293;282;0;13104;8461;0;9.2;5.9;0.0
15;2021-03-10;455;174;0;13559;8635;0;9.5;6.0;0.0
15;2021-03-11;417;307;0;13976;8942;0;9.8;6.3;0.0
15;2021-03-12;536;102;0;14512;9044;0;10.2;6.3;0.0
15;2021-03-13;354;9;0;14866;9053;0;10.4;6.3;0.0
15;2021-03-14;18;1;0;14884;9054;0;10.4;6.3;0.0
15;2021-03-15;557;60;0;15441;9114;0;10.8;6.4;0.0
15;2021-03-16;333;31;0;15774;9145;0;11.0;6.4;0.0
15;2021-03-17;204;42;0;15978;9187;0;11.2;6.4;0.0
15;2021-03-18;245;113;0;16223;9300;0;11.4;6.5;0.0
15;2021-03-19;698;48;0;16921;9348;0;11.8;6.5;0.0
15;2021-03-20;140;34;0;17061;9382;0;11.9;6.6;0.0
15;2021-03-21;7;0;0;17068;9382;0;12.0;6.6;0.0
15;2021-03-22;591;79;0;17659;9461;0;12.4;6.6;0.0
15;2021-03-23;774;100;0;18433;9561;0;12.9;6.7;0.0
15;2021-03-24;923;44;0;19356;9605;0;13.6;6.7;0.0
15;2021-03-25;1245;50;0;20601;9655;0;14.4;6.8;0.0
15;2021-03-26;1003;66;0;21604;9721;0;15.1;6.8;0.0
15;2021-03-27;312;8;0;21916;9729;0;15.3;6.8;0.0
15;2021-03-28;25;0;0;21941;9729;0;15.4;6.8;0.0
15;2021-03-29;734;24;0;22675;9753;0;15.9;6.8;0.0
15;2021-03-30;1097;191;0;23772;9944;0;16.6;7.0;0.0
15;2021-03-31;927;40;0;24699;9984;0;17.3;7.0;0.0
15;2021-04-01;1199;103;0;25898;10087;0;18.1;7.1;0.0
15;2021-04-02;1083;70;0;26981;10157;0;18.9;7.1;0.0
15;2021-04-03;133;24;0;27114;10181;0;19.0;7.1;0.0
15;2021-04-04;4;0;0;27118;10181;0;19.0;7.1;0.0
15;2021-04-05;37;2;0;27155;10183;0;19.0;7.1;0.0
15;2021-04-06;783;102;0;27938;10285;0;19.6;7.2;0.0
15;2021-04-07;679;105;0;28617;10390;0;20.0;7.3;0.0
15;2021-04-08;1135;186;0;29752;10576;0;20.8;7.4;0.0
15;2021-04-09;1171;126;0;30923;10702;0;21.7;7.5;0.0
15;2021-04-10;341;41;0;31264;10743;0;21.9;7.5;0.0
15;2021-04-11;35;2;0;31299;10745;0;21.9;7.5;0.0
15;2021-04-12;611;462;0;31910;11207;0;22.3;7.8;0.0
15;2021-04-13;1087;333;0;32997;11540;0;23.1;8.1;0.0
15;2021-04-14;1012;237;0;34009;11777;0;23.8;8.2;0.0
15;2021-04-15;1124;342;0;35133;12119;0;24.6;8.5;0.0
15;2021-04-16;977;562;0;36110;12681;0;25.3;8.9;0.0
15;2021-04-17;414;23;0;36524;12704;0;25.6;8.9;0.0
15;2021-04-18;11;12;0;36535;12716;0;25.6;8.9;0.0
15;2021-04-19;527;529;0;37062;13245;0;26.0;9.3;0.0
15;2021-04-20;798;617;0;37860;13862;0;26.5;9.7;0.0
15;2021-04-21;608;599;0;38468;14461;0;26.9;10.1;0.0
15;2021-04-22;674;789;0;39142;15250;0;27.4;10.7;0.0
15;2021-04-23;719;649;0;39861;15899;0;27.9;11.1;0.0
15;2021-04-24;376;138;0;40237;16037;0;28.2;11.2;0.0
15;2021-04-25;9;9;0;40246;16046;0;28.2;11.2;0.0
15;2021-04-26;328;601;0;40574;16647;0;28.4;11.7;0.0
15;2021-04-27;489;874;0;41063;17521;0;28.8;12.3;0.0
15;2021-04-28;430;755;0;41493;18276;0;29.1;12.8;0.0
15;2021-04-29;647;999;0;42140;19275;0;29.5;13.5;0.0
15;2021-04-30;556;1029;0;42696;20304;0;29.9;14.2;0.0
15;2021-05-01;324;35;0;43020;20339;0;30.1;14.2;0.0
15;2021-05-02;38;5;0;43058;20344;0;30.2;14.2;0.0
15;2021-05-03;849;320;0;43907;20664;0;30.7;14.5;0.0
15;2021-05-04;789;792;0;44696;21456;0;31.3;15.0;0.0
15;2021-05-05;701;653;0;45397;22109;0;31.8;15.5;0.0
15;2021-05-06;857;913;0;46254;23022;0;32.4;16.1;0.0
15;2021-05-07;1115;841;0;47369;23863;0;33.2;16.7;0.0
15;2021-05-08;506;68;0;47875;23931;0;33.5;16.8;0.0
15;2021-05-09;45;25;0;47920;23956;0;33.6;16.8;0.0
15;2021-05-10;627;844;0;48547;24800;0;34.0;17.4;0.0
15;2021-05-11;1111;1141;0;49658;25941;0;34.8;18.2;0.0
15;2021-05-12;1080;813;0;50738;26754;0;35.5;18.7;0.0
15;2021-05-13;1082;398;0;51820;27152;0;36.3;19.0;0.0
15;2021-05-14;1422;562;0;53242;27714;0;37.3;19.4;0.0
15;2021-05-15;1294;396;0;54536;28110;0;38.2;19.7;0.0
15;2021-05-16;23;15;0;54559;28125;0;38.2;19.7;0.0
15;2021-05-17;1029;579;0;55588;28704;0;38.9;20.1;0.0
15;2021-05-18;1212;884;0;56800;29588;0;39.8;20.7;0.0
15;2021-05-19;1050;455;0;57850;30043;0;40.5;21.0;0.0
15;2021-05-20;1230;758;0;59080;30801;0;41.4;21.6;0.0
15;2021-05-21;1322;702;0;60402;31503;0;42.3;22.1;0.0
15;2021-05-22;508;182;0;60910;31685;0;42.7;22.2;0.0
15;2021-05-23;26;19;0;60936;31704;0;42.7;22.2;0.0
15;2021-05-24;671;241;0;61607;31945;0;43.1;22.4;0.0
15;2021-05-25;1124;602;0;62731;32547;0;43.9;22.8;0.0
15;2021-05-26;1094;479;0;63825;33026;0;44.7;23.1;0.0
15;2021-05-27;1268;690;0;65093;33716;0;45.6;23.6;0.0
15;2021-05-28;1468;893;0;66561;34609;0;46.6;24.2;0.0
15;2021-05-29;930;355;0;67491;34964;0;47.3;24.5;0.0
15;2021-05-30;55;34;0;67546;34998;0;47.3;24.5;0.0
15;2021-05-31;1156;488;0;68702;35486;0;48.1;24.8;0.0
15;2021-06-01;1332;580;0;70034;36066;0;49.0;25.3;0.0
15;2021-06-02;859;433;0;70893;36499;0;49.6;25.6;0.0
15;2021-06-03;904;734;0;71797;37233;0;50.3;26.1;0.0
15;2021-06-04;1047;726;0;72844;37959;0;51.0;26.6;0.0
15;2021-06-05;638;268;0;73482;38227;0;51.5;26.8;0.0
15;2021-06-06;35;32;0;73517;38259;0;51.5;26.8;0.0
15;2021-06-07;749;375;0;74266;38634;0;52.0;27.1;0.0
15;2021-06-08;491;416;0;74757;39050;0;52.3;27.3;0.0
15;2021-06-09;441;412;0;75198;39462;0;52.7;27.6;0.0
15;2021-06-10;309;519;0;75507;39981;0;52.9;28.0;0.0
15;2021-06-11;608;1078;0;76115;41059;0;53.3;28.8;0.0
15;2021-06-12;373;486;0;76488;41545;0;53.6;29.1;0.0
15;2021-06-13;25;25;0;76513;41570;0;53.6;29.1;0.0
15;2021-06-14;518;928;0;77031;42498;0;53.9;29.8;0.0
15;2021-06-15;438;1140;0;77469;43638;0;54.2;30.6;0.0
15;2021-06-16;605;899;0;78074;44537;0;54.7;31.2;0.0
15;2021-06-17;305;972;0;78379;45509;0;54.9;31.9;0.0
15;2021-06-18;733;1181;0;79112;46690;0;55.4;32.7;0.0
15;2021-06-19;502;698;0;79614;47388;0;55.7;33.2;0.0
15;2021-06-20;22;18;0;79636;47406;0;55.8;33.2;0.0
15;2021-06-21;280;982;0;79916;48388;0;56.0;33.9;0.0
15;2021-06-22;238;1384;0;80154;49772;0;56.1;34.9;0.0
15;2021-06-23;355;1400;0;80509;51172;0;56.4;35.8;0.0
15;2021-06-24;295;1105;0;80804;52277;0;56.6;36.6;0.0
15;2021-06-25;369;1566;0;81173;53843;0;56.8;37.7;0.0
15;2021-06-26;163;879;0;81336;54722;0;57.0;38.3;0.0
15;2021-06-27;6;27;0;81342;54749;0;57.0;38.3;0.0
15;2021-06-28;189;1237;0;81531;55986;0;57.1;39.2;0.0
15;2021-06-29;280;1223;0;81811;57209;0;57.3;40.1;0.0
15;2021-06-30;300;1017;0;82111;58226;0;57.5;40.8;0.0
15;2021-07-01;373;1207;0;82484;59433;0;57.8;41.6;0.0
15;2021-07-02;397;1332;0;82881;60765;0;58.0;42.5;0.0
15;2021-07-03;240;691;0;83121;61456;0;58.2;43.0;0.0
15;2021-07-04;4;21;0;83125;61477;0;58.2;43.0;0.0
15;2021-07-05;227;1214;0;83352;62691;0;58.4;43.9;0.0
15;2021-07-06;244;1437;0;83596;64128;0;58.5;44.9;0.0
15;2021-07-07;277;1311;0;83873;65439;0;58.7;45.8;0.0
15;2021-07-08;459;1327;0;84332;66766;0;59.1;46.8;0.0
15;2021-07-09;459;1708;0;84791;68474;0;59.4;47.9;0.0
15;2021-07-10;216;871;0;85007;69345;0;59.5;48.6;0.0
15;2021-07-11;9;27;0;85016;69372;0;59.5;48.6;0.0
15;2021-07-12;246;1422;0;85262;70794;0;59.7;49.6;0.0
15;2021-07-13;565;1660;0;85827;72454;0;60.1;50.7;0.0
15;2021-07-14;47;133;0;85874;72587;0;60.1;50.8;0.0
15;2021-07-15;1048;750;0;86922;73337;0;60.9;51.4;0.0
15;2021-07-16;1061;1227;0;87983;74564;0;61.6;52.2;0.0
15;2021-07-17;753;898;0;88736;75462;0;62.1;52.8;0.0
15;2021-07-18;37;18;0;88773;75480;0;62.2;52.9;0.0
15;2021-07-19;973;1160;0;89746;76640;0;62.8;53.7;0.0
15;2021-07-20;1409;554;0;91155;77194;0;63.8;54.1;0.0
15;2021-07-21;1050;595;0;92205;77789;0;64.6;54.5;0.0
15;2021-07-22;818;528;0;93023;78317;0;65.1;54.8;0.0
15;2021-07-23;1221;1014;0;94244;79331;0;66.0;55.5;0.0
15;2021-07-24;615;733;0;94859;80064;0;66.4;56.1;0.0
15;2021-07-25;25;43;0;94884;80107;0;66.4;56.1;0.0
15;2021-07-26;1064;491;0;95948;80598;0;67.2;56.4;0.0
15;2021-07-27;1426;530;0;97374;81128;0;68.2;56.8;0.0
15;2021-07-28;1090;531;0;98464;81659;0;68.9;57.2;0.0
15;2021-07-29;791;433;0;99255;82092;0;69.5;57.5;0.0
15;2021-07-30;912;1030;0;100167;83122;0;70.1;58.2;0.0
15;2021-07-31;563;597;0;100730;83719;0;70.5;58.6;0.0
15;2021-08-01;42;24;0;100772;83743;0;70.6;58.6;0.0
15;2021-08-02;933;486;0;101705;84229;0;71.2;59.0;0.0
15;2021-08-03;981;358;0;102686;84587;0;71.9;59.2;0.0
15;2021-08-04;771;383;0;103457;84970;0;72.4;59.5;0.0
15;2021-08-05;441;311;0;103898;85281;0;72.8;59.7;0.0
15;2021-08-06;749;1131;0;104647;86412;0;73.3;60.5;0.0
15;2021-08-07;250;1064;0;104897;87476;0;73.5;61.3;0.0
15;2021-08-08;9;19;0;104906;87495;0;73.5;61.3;0.0
15;2021-08-09;462;1005;0;105368;88500;0;73.8;62.0;0.0
15;2021-08-10;382;652;0;105750;89152;0;74.0;62.4;0.0
15;2021-08-11;431;872;0;106181;90024;0;74.4;63.0;0.0
15;2021-08-12;488;1098;0;106669;91122;0;74.7;63.8;0.0
15;2021-08-13;610;1002;0;107279;92124;0;75.1;64.5;0.0
15;2021-08-14;170;538;0;107449;92662;0;75.2;64.9;0.0
15;2021-08-15;32;30;0;107481;92692;0;75.3;64.9;0.0
15;2021-08-16;359;981;0;107840;93673;0;75.5;65.6;0.0
15;2021-08-17;366;1017;0;108206;94690;0;75.8;66.3;0.0
15;2021-08-18;392;747;0;108598;95437;0;76.0;66.8;0.0
15;2021-08-19;277;834;0;108875;96271;0;76.2;67.4;0.0
15;2021-08-20;518;1101;0;109393;97372;0;76.6;68.2;0.0
15;2021-08-21;190;766;0;109583;98138;0;76.7;68.7;0.0
15;2021-08-22;17;39;0;109600;98177;0;76.7;68.7;0.0
15;2021-08-23;214;570;0;109814;98747;0;76.9;69.1;0.0
15;2021-08-24;226;535;0;110040;99282;0;77.1;69.5;0.0
15;2021-08-25;200;511;0;110240;99793;0;77.2;69.9;0.0
15;2021-08-26;139;455;0;110379;100248;0;77.3;70.2;0.0
15;2021-08-27;325;1230;0;110704;101478;0;77.5;71.1;0.0
15;2021-08-28;192;806;0;110896;102284;0;77.7;71.6;0.0
15;2021-08-29;14;22;0;110910;102306;0;77.7;71.6;0.0
15;2021-08-30;202;981;3;111112;103287;3;77.8;72.3;0.0
15;2021-08-31;358;651;18;111470;103938;21;78.1;72.8;0.0
15;2021-09-01;183;420;42;111653;104358;63;78.2;73.1;0.0
15;2021-09-02;104;308;36;111757;104666;99;78.3;73.3;0.1
15;2021-09-03;187;815;117;111944;105481;216;78.4;73.9;0.2
15;2021-09-04;148;332;66;112092;105813;282;78.5;74.1;0.2
15;2021-09-05;4;20;1;112096;105833;283;78.5;74.1;0.2
15;2021-09-06;104;320;170;112200;106153;453;78.6;74.3;0.3
15;2021-09-07;106;206;66;112306;106359;519;78.6;74.5;0.4
15;2021-09-08;200;416;186;112506;106775;705;78.8;74.8;0.5
15;2021-09-09;111;366;84;112617;107141;789;78.9;75.0;0.6
15;2021-09-10;212;672;238;112829;107813;1027;79.0;75.5;0.7
15;2021-09-11;92;276;68;112921;108089;1095;79.1;75.7;0.8
15;2021-09-12;4;9;1;112925;108098;1096;79.1;75.7;0.8
15;2021-09-13;93;253;150;113018;108351;1246;79.1;75.9;0.9
15;2021-09-14;127;125;137;113145;108476;1383;79.2;76.0;1.0
15;2021-09-15;74;244;109;113219;108720;1492;79.3;76.1;1.0
15;2021-09-16;45;136;188;113264;108856;1680;79.3;76.2;1.2
15;2021-09-17;238;550;271;113502;109406;1951;79.5;76.6;1.4
15;2021-09-18;71;334;75;113573;109740;2026;79.5;76.8;1.4
15;2021-09-19;2;7;1;113575;109747;2027;79.5;76.8;1.4
15;2021-09-20;103;205;207;113678;109952;2234;79.6;77.0;1.6
15;2021-09-21;41;110;135;113719;110062;2369;79.6;77.1;1.7
15;2021-09-22;79;312;212;113798;110374;2581;79.7;77.3;1.8
15;2021-09-23;41;109;162;113839;110483;2743;79.7;77.4;1.9
15;2021-09-24;128;311;299;113967;110794;3042;79.8;77.6;2.1
15;2021-09-25;38;208;66;114005;111002;3108;79.8;77.7;2.2
15;2021-09-26;2;5;0;114007;111007;3108;79.8;77.7;2.2
15;2021-09-27;84;134;173;114091;111141;3281;79.9;77.8;2.3
15;2021-09-28;79;131;82;114170;111272;3363;79.9;77.9;2.4
15;2021-09-29;67;206;210;114237;111478;3573;80.0;78.1;2.5
15;2021-09-30;31;93;109;114268;111571;3682;80.0;78.1;2.6
15;2021-10-01;113;205;224;114381;111776;3906;80.1;78.3;2.7
15;2021-10-02;29;138;58;114410;111914;3964;80.1;78.4;2.8
15;2021-10-03;0;2;0;114410;111916;3964;80.1;78.4;2.8
15;2021-10-04;54;61;138;114464;111977;4102;80.2;78.4;2.9
15;2021-10-05;32;64;164;114496;112041;4266;80.2;78.5;3.0
15;2021-10-06;71;117;200;114567;112158;4466;80.2;78.5;3.1
15;2021-10-07;40;88;146;114607;112246;4612;80.3;78.6;3.2
15;2021-10-08;52;148;133;114659;112394;4745;80.3;78.7;3.3
15;2021-10-09;53;101;87;114712;112495;4832;80.3;78.8;3.4
15;2021-10-10;1;6;5;114713;112501;4837;80.3;78.8;3.4
15;2021-10-11;48;148;168;114761;112649;5005;80.4;78.9;3.5
15;2021-10-12;37;56;138;114798;112705;5143;80.4;78.9;3.6
15;2021-10-13;74;160;221;114872;112865;5364;80.4;79.0;3.8
15;2021-10-14;25;26;84;114897;112891;5448;80.5;79.0;3.8
15;2021-10-15;61;109;224;114958;113000;5672;80.5;79.1;4.0
15;2021-10-16;47;97;85;115005;113097;5757;80.5;79.2;4.0
15;2021-10-17;1;2;0;115006;113099;5757;80.5;79.2;4.0
15;2021-10-18;44;110;229;115050;113209;5986;80.6;79.3;4.2
15;2021-10-19;22;62;216;115072;113271;6202;80.6;79.3;4.3
15;2021-10-20;28;76;323;115100;113347;6525;80.6;79.4;4.6
15;2021-10-21;28;40;200;115128;113387;6725;80.6;79.4;4.7
15;2021-10-22;16;68;191;115144;113455;6916;80.6;79.4;4.8
15;2021-10-23;15;70;171;115159;113525;7087;80.6;79.5;5.0
15;2021-10-24;0;0;10;115159;113525;7097;80.6;79.5;5.0
15;2021-10-25;28;55;205;115187;113580;7302;80.7;79.5;5.1
15;2021-10-26;15;35;176;115202;113615;7478;80.7;79.6;5.2
15;2021-10-27;31;81;441;115233;113696;7919;80.7;79.6;5.5
15;2021-10-28;14;10;88;115247;113706;8007;80.7;79.6;5.6
15;2021-10-29;18;57;160;115265;113763;8167;80.7;79.7;5.7
15;2021-10-30;13;49;227;115278;113812;8394;80.7;79.7;5.9
15;2021-10-31;1;1;4;115279;113813;8398;80.7;79.7;5.9
15;2021-11-01;0;1;2;115279;113814;8400;80.7;79.7;5.9
15;2021-11-02;18;56;262;115297;113870;8662;80.7;79.7;6.1
15;2021-11-03;40;86;463;115337;113956;9125;80.8;79.8;6.4
15;2021-11-04;38;40;382;115375;113996;9507;80.8;79.8;6.7
15;2021-11-05;20;30;242;115395;114026;9749;80.8;79.8;6.8
15;2021-11-06;19;42;202;115414;114068;9951;80.8;79.9;7.0
15;2021-11-07;0;0;10;115414;114068;9961;80.8;79.9;7.0
15;2021-11-08;36;95;531;115450;114163;10492;80.8;79.9;7.3
15;2021-11-09;16;32;387;115466;114195;10879;80.9;80.0;7.6
15;2021-11-10;32;43;774;115498;114238;11653;80.9;80.0;8.2
15;2021-11-11;0;6;16;115498;114244;11669;80.9;80.0;8.2
15;2021-11-12;13;29;285;115511;114273;11954;80.9;80.0;8.4
15;2021-11-13;29;36;347;115540;114309;12301;80.9;80.0;8.6
15;2021-11-14;0;3;13;115540;114312;12314;80.9;80.0;8.6
15;2021-11-15;14;20;445;115554;114332;12759;80.9;80.1;8.9
15;2021-11-16;21;24;799;115575;114356;13558;80.9;80.1;9.5
15;2021-11-17;42;44;859;115617;114400;14417;81.0;80.1;10.1
15;2021-11-18;27;36;699;115644;114436;15116;81.0;80.1;10.6
15;2021-11-19;23;29;405;115667;114465;15521;81.0;80.2;10.9
15;2021-11-20;27;22;526;115694;114487;16047;81.0;80.2;11.2
15;2021-11-21;0;1;15;115694;114488;16062;81.0;80.2;11.2
15;2021-11-22;17;21;535;115711;114509;16597;81.0;80.2;11.6
15;2021-11-23;23;25;577;115734;114534;17174;81.0;80.2;12.0
15;2021-11-24;47;43;1034;115781;114577;18208;81.1;80.2;12.7
15;2021-11-25;26;15;531;115807;114592;18739;81.1;80.2;13.1
15;2021-11-26;31;24;826;115838;114616;19565;81.1;80.3;13.7
15;2021-11-27;51;34;1172;115889;114650;20737;81.1;80.3;14.5
15;2021-11-28;3;1;54;115892;114651;20791;81.2;80.3;14.6
15;2021-11-29;24;21;826;115916;114672;21617;81.2;80.3;15.1
15;2021-11-30;24;23;1005;115940;114695;22622;81.2;80.3;15.8
15;2021-12-01;24;46;1907;115964;114741;24529;81.2;80.3;17.2
15;2021-12-02;26;28;1199;115990;114769;25728;81.2;80.4;18.0
15;2021-12-03;30;29;947;116020;114798;26675;81.2;80.4;18.7
15;2021-12-04;18;28;1288;116038;114826;27963;81.3;80.4;19.6
15;2021-12-05;4;0;77;116042;114826;28040;81.3;80.4;19.6
15;2021-12-06;23;36;2140;116065;114862;30180;81.3;80.4;21.1
15;2021-12-07;20;19;1403;116085;114881;31583;81.3;80.4;22.1
15;2021-12-08;27;53;2060;116112;114934;33643;81.3;80.5;23.6
15;2021-12-09;19;20;1214;116131;114954;34857;81.3;80.5;24.4
15;2021-12-10;48;27;1804;116179;114981;36661;81.4;80.5;25.7
15;2021-12-11;25;28;1453;116204;115009;38114;81.4;80.5;26.7
15;2021-12-12;2;3;91;116206;115012;38205;81.4;80.5;26.8
15;2021-12-13;32;17;2311;116238;115029;40516;81.4;80.5;28.4
15;2021-12-14;36;22;1993;116274;115051;42509;81.4;80.6;29.8
15;2021-12-15;36;56;2324;116310;115107;44833;81.4;80.6;31.4
16;2020-12-27;0;0;0;0;0;0;0.0;0.0;0.0
16;2020-12-28;0;0;0;0;0;0;0.0;0.0;0.0
16;2020-12-29;0;0;0;0;0;0;0.0;0.0;0.0
16;2020-12-30;1;0;0;1;0;0;0.0;0.0;0.0
16;2020-12-31;0;0;0;1;0;0;0.0;0.0;0.0
16;2021-01-01;0;0;0;1;0;0;0.0;0.0;0.0
16;2021-01-02;0;0;0;1;0;0;0.0;0.0;0.0
16;2021-01-03;0;0;0;1;0;0;0.0;0.0;0.0
16;2021-01-04;2;0;0;3;0;0;0.0;0.0;0.0
16;2021-01-05;10;0;0;13;0;0;0.0;0.0;0.0
16;2021-01-06;81;0;0;94;0;0;0.0;0.0;0.0
16;2021-01-07;237;0;0;331;0;0;0.1;0.0;0.0
16;2021-01-08;428;2;0;759;2;0;0.2;0.0;0.0
16;2021-01-09;2;0;0;761;2;0;0.2;0.0;0.0
16;2021-01-10;2;0;0;763;2;0;0.2;0.0;0.0
16;2021-01-11;300;0;0;1063;2;0;0.3;0.0;0.0
16;2021-01-12;406;1;0;1469;3;0;0.4;0.0;0.0
16;2021-01-13;460;1;0;1929;4;0;0.6;0.0;0.0
16;2021-01-14;576;7;0;2505;11;0;0.7;0.0;0.0
16;2021-01-15;482;4;0;2987;15;0;0.9;0.0;0.0
16;2021-01-16;1;0;0;2988;15;0;0.9;0.0;0.0
16;2021-01-17;0;0;0;2988;15;0;0.9;0.0;0.0
16;2021-01-18;426;5;0;3414;20;0;1.0;0.0;0.0
16;2021-01-19;793;1;0;4207;21;0;1.2;0.0;0.0
16;2021-01-20;1153;2;0;5360;23;0;1.5;0.0;0.0
16;2021-01-21;1336;12;0;6696;35;0;1.9;0.0;0.0
16;2021-01-22;1132;5;0;7828;40;0;2.2;0.0;0.0
16;2021-01-23;173;1;0;8001;41;0;2.3;0.0;0.0
16;2021-01-24;2;0;0;8003;41;0;2.3;0.0;0.0
16;2021-01-25;586;3;0;8589;44;0;2.5;0.0;0.0
16;2021-01-26;935;2;0;9524;46;0;2.7;0.0;0.0
16;2021-01-27;1276;95;0;10800;141;0;3.1;0.0;0.0
16;2021-01-28;1182;72;0;11982;213;0;3.4;0.1;0.0
16;2021-01-29;742;137;0;12724;350;0;3.7;0.1;0.0
16;2021-01-30;41;1;0;12765;351;0;3.7;0.1;0.0
16;2021-01-31;0;1;0;12765;352;0;3.7;0.1;0.0
16;2021-02-01;382;202;0;13147;554;0;3.8;0.2;0.0
16;2021-02-02;555;174;0;13702;728;0;3.9;0.2;0.0
16;2021-02-03;548;318;0;14250;1046;0;4.1;0.3;0.0
16;2021-02-04;491;264;0;14741;1310;0;4.2;0.4;0.0
16;2021-02-05;458;265;0;15199;1575;0;4.4;0.5;0.0
16;2021-02-06;4;73;0;15203;1648;0;4.4;0.5;0.0
16;2021-02-07;37;3;0;15240;1651;0;4.4;0.5;0.0
16;2021-02-08;361;232;0;15601;1883;0;4.5;0.5;0.0
16;2021-02-09;641;370;0;16242;2253;0;4.7;0.6;0.0
16;2021-02-10;684;704;0;16926;2957;0;4.9;0.8;0.0
16;2021-02-11;795;611;0;17721;3568;0;5.1;1.0;0.0
16;2021-02-12;607;784;0;18328;4352;0;5.3;1.2;0.0
16;2021-02-13;44;65;0;18372;4417;0;5.3;1.3;0.0
16;2021-02-14;0;6;0;18372;4423;0;5.3;1.3;0.0
16;2021-02-15;211;642;0;18583;5065;0;5.3;1.5;0.0
16;2021-02-16;367;932;0;18950;5997;0;5.4;1.7;0.0
16;2021-02-17;323;1179;0;19273;7176;0;5.5;2.1;0.0
16;2021-02-18;480;1147;0;19753;8323;0;5.7;2.4;0.0
16;2021-02-19;377;791;0;20130;9114;0;5.8;2.6;0.0
16;2021-02-20;3;12;0;20133;9126;0;5.8;2.6;0.0
16;2021-02-21;3;0;0;20136;9126;0;5.8;2.6;0.0
16;2021-02-22;149;507;0;20285;9633;0;5.8;2.8;0.0
16;2021-02-23;214;887;0;20499;10520;0;5.9;3.0;0.0
16;2021-02-24;252;791;0;20751;11311;0;6.0;3.2;0.0
16;2021-02-25;403;674;0;21154;11985;0;6.1;3.4;0.0
16;2021-02-26;470;478;0;21624;12463;0;6.2;3.6;0.0
16;2021-02-27;239;4;0;21863;12467;0;6.3;3.6;0.0
16;2021-02-28;5;4;0;21868;12471;0;6.3;3.6;0.0
16;2021-03-01;156;326;0;22024;12797;0;6.3;3.7;0.0
16;2021-03-02;258;633;0;22282;13430;0;6.4;3.9;0.0
16;2021-03-03;392;680;0;22674;14110;0;6.5;4.1;0.0
16;2021-03-04;826;560;0;23500;14670;0;6.7;4.2;0.0
16;2021-03-05;1118;544;0;24618;15214;0;7.1;4.4;0.0
16;2021-03-06;699;8;0;25317;15222;0;7.3;4.4;0.0
16;2021-03-07;109;19;0;25426;15241;0;7.3;4.4;0.0
16;2021-03-08;431;319;0;25857;15560;0;7.4;4.5;0.0
16;2021-03-09;790;693;0;26647;16253;0;7.7;4.7;0.0
16;2021-03-10;615;626;0;27262;16879;0;7.8;4.8;0.0
16;2021-03-11;1425;506;0;28687;17385;0;8.2;5.0;0.0
16;2021-03-12;1174;454;0;29861;17839;0;8.6;5.1;0.0
16;2021-03-13;718;13;0;30579;17852;0;8.8;5.1;0.0
16;2021-03-14;5;0;0;30584;17852;0;8.8;5.1;0.0
16;2021-03-15;483;178;0;31067;18030;0;8.9;5.2;0.0
16;2021-03-16;829;407;0;31896;18437;0;9.2;5.3;0.0
16;2021-03-17;583;251;0;32479;18688;0;9.3;5.4;0.0
16;2021-03-18;986;285;0;33465;18973;0;9.6;5.4;0.0
16;2021-03-19;1080;228;0;34545;19201;0;9.9;5.5;0.0
16;2021-03-20;392;9;0;34937;19210;0;10.0;5.5;0.0
16;2021-03-21;10;0;0;34947;19210;0;10.0;5.5;0.0
16;2021-03-22;761;112;0;35708;19322;0;10.3;5.5;0.0
16;2021-03-23;1417;112;0;37125;19434;0;10.7;5.6;0.0
16;2021-03-24;1142;163;0;38267;19597;0;11.0;5.6;0.0
16;2021-03-25;2032;97;0;40299;19694;0;11.6;5.7;0.0
16;2021-03-26;1925;105;0;42224;19799;0;12.1;5.7;0.0
16;2021-03-27;436;23;0;42660;19822;0;12.3;5.7;0.0
16;2021-03-28;1;0;0;42661;19822;0;12.3;5.7;0.0
16;2021-03-29;931;64;0;43592;19886;0;12.5;5.7;0.0
16;2021-03-30;1867;184;0;45459;20070;0;13.1;5.8;0.0
16;2021-03-31;1506;137;0;46965;20207;0;13.5;5.8;0.0
16;2021-04-01;1926;408;0;48891;20615;0;14.0;5.9;0.0
16;2021-04-02;1431;365;0;50322;20980;0;14.5;6.0;0.0
16;2021-04-03;284;7;0;50606;20987;0;14.5;6.0;0.0
16;2021-04-04;7;0;0;50613;20987;0;14.5;6.0;0.0
16;2021-04-05;38;1;0;50651;20988;0;14.5;6.0;0.0
16;2021-04-06;1972;559;0;52623;21547;0;15.1;6.2;0.0
16;2021-04-07;1871;402;0;54494;21949;0;15.7;6.3;0.0
16;2021-04-08;2714;573;0;57208;22522;0;16.4;6.5;0.0
16;2021-04-09;2627;517;0;59835;23039;0;17.2;6.6;0.0
16;2021-04-10;1234;41;0;61069;23080;0;17.5;6.6;0.0
16;2021-04-11;24;3;0;61093;23083;0;17.5;6.6;0.0
16;2021-04-12;1351;326;0;62444;23409;0;17.9;6.7;0.0
16;2021-04-13;2072;795;0;64516;24204;0;18.5;7.0;0.0
16;2021-04-14;1923;621;0;66439;24825;0;19.1;7.1;0.0
16;2021-04-15;1999;957;0;68438;25782;0;19.7;7.4;0.0
16;2021-04-16;2002;773;0;70440;26555;0;20.2;7.6;0.0
16;2021-04-17;1392;98;0;71832;26653;0;20.6;7.7;0.0
16;2021-04-18;210;8;0;72042;26661;0;20.7;7.7;0.0
16;2021-04-19;1307;534;0;73349;27195;0;21.1;7.8;0.0
16;2021-04-20;1953;1187;0;75302;28382;0;21.6;8.2;0.0
16;2021-04-21;1678;755;0;76980;29137;0;22.1;8.4;0.0
16;2021-04-22;2126;1009;0;79106;30146;0;22.7;8.7;0.0
16;2021-04-23;2234;1134;0;81340;31280;0;23.4;9.0;0.0
16;2021-04-24;779;55;0;82119;31335;0;23.6;9.0;0.0
16;2021-04-25;122;10;0;82241;31345;0;23.6;9.0;0.0
16;2021-04-26;1292;802;0;83533;32147;0;24.0;9.2;0.0
16;2021-04-27;1998;1370;0;85531;33517;0;24.6;9.6;0.0
16;2021-04-28;1561;1124;0;87092;34641;0;25.0;9.9;0.0
16;2021-04-29;2151;1431;0;89243;36072;0;25.6;10.4;0.0
16;2021-04-30;2685;1303;0;91928;37375;0;26.4;10.7;0.0
16;2021-05-01;387;77;0;92315;37452;0;26.5;10.8;0.0
16;2021-05-02;155;17;0;92470;37469;0;26.6;10.8;0.0
16;2021-05-03;2462;563;0;94932;38032;0;27.3;10.9;0.0
16;2021-05-04;1954;2007;0;96886;40039;0;27.8;11.5;0.0
16;2021-05-05;1642;1750;0;98528;41789;0;28.3;12.0;0.0
16;2021-05-06;1758;2181;0;100286;43970;0;28.8;12.6;0.0
16;2021-05-07;2826;2045;0;103112;46015;0;29.6;13.2;0.0
16;2021-05-08;1071;438;0;104183;46453;0;29.9;13.3;0.0
16;2021-05-09;475;27;0;104658;46480;0;30.1;13.3;0.0
16;2021-05-10;1782;1533;0;106440;48013;0;30.6;13.8;0.0
16;2021-05-11;2273;1903;0;108713;49916;0;31.2;14.3;0.0
16;2021-05-12;1705;1724;0;110418;51640;0;31.7;14.8;0.0
16;2021-05-13;1380;349;0;111798;51989;0;32.1;14.9;0.0
16;2021-05-14;1872;1477;0;113670;53466;0;32.6;15.4;0.0
16;2021-05-15;590;811;0;114260;54277;0;32.8;15.6;0.0
16;2021-05-16;198;32;0;114458;54309;0;32.9;15.6;0.0
16;2021-05-17;1568;1155;0;116026;55464;0;33.3;15.9;0.0
16;2021-05-18;2650;1341;0;118676;56805;0;34.1;16.3;0.0
16;2021-05-19;1969;1167;0;120645;57972;0;34.7;16.7;0.0
16;2021-05-20;2787;1351;0;123432;59323;0;35.5;17.0;0.0
16;2021-05-21;2860;1377;0;126292;60700;0;36.3;17.4;0.0
16;2021-05-22;488;635;0;126780;61335;0;36.4;17.6;0.0
16;2021-05-23;278;15;0;127058;61350;0;36.5;17.6;0.0
16;2021-05-24;1342;223;0;128400;61573;0;36.9;17.7;0.0
16;2021-05-25;2736;1399;0;131136;62972;0;37.7;18.1;0.0
16;2021-05-26;1843;1140;0;132979;64112;0;38.2;18.4;0.0
16;2021-05-27;2469;1560;0;135448;65672;0;38.9;18.9;0.0
16;2021-05-28;2832;1508;0;138280;67180;0;39.7;19.3;0.0
16;2021-05-29;828;867;0;139108;68047;0;40.0;19.5;0.0
16;2021-05-30;98;10;0;139206;68057;0;40.0;19.5;0.0
16;2021-05-31;1964;1097;0;141170;69154;0;40.5;19.9;0.0
16;2021-06-01;2324;1663;0;143494;70817;0;41.2;20.3;0.0
16;2021-06-02;1897;1448;0;145391;72265;0;41.8;20.8;0.0
16;2021-06-03;2677;1763;0;148068;74028;0;42.5;21.3;0.0
16;2021-06-04;2789;1998;0;150857;76026;0;43.3;21.8;0.0
16;2021-06-05;1041;568;0;151898;76594;0;43.6;22.0;0.0
16;2021-06-06;203;34;0;152101;76628;0;43.7;22.0;0.0
16;2021-06-07;1944;1256;0;154045;77884;0;44.2;22.4;0.0
16;2021-06-08;2377;1935;0;156422;79819;0;44.9;22.9;0.0
16;2021-06-09;2498;1573;0;158920;81392;0;45.6;23.4;0.0
16;2021-06-10;2537;1930;0;161457;83322;0;46.4;23.9;0.0
16;2021-06-11;2157;2583;0;163614;85905;0;47.0;24.7;0.0
16;2021-06-12;1545;540;0;165159;86445;0;47.4;24.8;0.0
16;2021-06-13;288;85;0;165447;86530;0;47.5;24.9;0.0
16;2021-06-14;850;2645;0;166297;89175;0;47.8;25.6;0.0
16;2021-06-15;1845;2508;0;168142;91683;0;48.3;26.3;0.0
16;2021-06-16;1612;1961;0;169754;93644;0;48.8;26.9;0.0
16;2021-06-17;2015;2340;0;171769;95984;0;49.3;27.6;0.0
16;2021-06-18;2005;3023;0;173774;99007;0;49.9;28.4;0.0
16;2021-06-19;1279;1227;0;175053;100234;0;50.3;28.8;0.0
16;2021-06-20;253;66;0;175306;100300;0;50.3;28.8;0.0
16;2021-06-21;1370;2083;0;176676;102383;0;50.7;29.4;0.0
16;2021-06-22;1659;2863;0;178335;105246;0;51.2;30.2;0.0
16;2021-06-23;1503;2022;0;179838;107268;0;51.7;30.8;0.0
16;2021-06-24;1916;2139;0;181754;109407;0;52.2;31.4;0.0
16;2021-06-25;1893;2597;0;183647;112004;0;52.7;32.2;0.0
16;2021-06-26;1007;762;0;184654;112766;0;53.0;32.4;0.0
16;2021-06-27;146;102;0;184800;112868;0;53.1;32.4;0.0
16;2021-06-28;1112;1962;0;185912;114830;0;53.4;33.0;0.0
16;2021-06-29;1194;3349;0;187106;118179;0;53.7;33.9;0.0
16;2021-06-30;1299;2669;0;188405;120848;0;54.1;34.7;0.0
16;2021-07-01;1803;3085;0;190208;123933;0;54.6;35.6;0.0
16;2021-07-02;1375;3529;0;191583;127462;0;55.0;36.6;0.0
16;2021-07-03;647;1128;0;192230;128590;0;55.2;36.9;0.0
16;2021-07-04;29;97;0;192259;128687;0;55.2;37.0;0.0
16;2021-07-05;805;2329;0;193064;131016;0;55.4;37.6;0.0
16;2021-07-06;1238;3325;0;194302;134341;0;55.8;38.6;0.0
16;2021-07-07;860;2338;0;195162;136679;0;56.1;39.3;0.0
16;2021-07-08;1194;2738;0;196356;139417;0;56.4;40.0;0.0
16;2021-07-09;1136;3602;0;197492;143019;0;56.7;41.1;0.0
16;2021-07-10;347;1345;0;197839;144364;0;56.8;41.5;0.0
16;2021-07-11;32;86;0;197871;144450;0;56.8;41.5;0.0
16;2021-07-12;658;2473;0;198529;146923;0;57.0;42.2;0.0
16;2021-07-13;1361;3486;0;199890;150409;0;57.4;43.2;0.0
16;2021-07-14;813;901;0;200703;151310;0;57.6;43.5;0.0
16;2021-07-15;1293;3367;0;201996;154677;0;58.0;44.4;0.0
16;2021-07-16;1559;3368;0;203555;158045;0;58.5;45.4;0.0
16;2021-07-17;613;1233;0;204168;159278;0;58.6;45.7;0.0
16;2021-07-18;60;73;0;204228;159351;0;58.7;45.8;0.0
16;2021-07-19;720;2818;0;204948;162169;0;58.9;46.6;0.0
16;2021-07-20;1255;3216;0;206203;165385;0;59.2;47.5;0.0
16;2021-07-21;1272;2638;0;207475;168023;0;59.6;48.3;0.0
16;2021-07-22;1962;2853;0;209437;170876;0;60.2;49.1;0.0
16;2021-07-23;1637;3468;0;211074;174344;0;60.6;50.1;0.0
16;2021-07-24;734;1214;0;211808;175558;0;60.8;50.4;0.0
16;2021-07-25;103;71;0;211911;175629;0;60.9;50.4;0.0
16;2021-07-26;1612;2132;0;213523;177761;0;61.3;51.1;0.0
16;2021-07-27;2067;2789;0;215590;180550;0;61.9;51.9;0.0
16;2021-07-28;2032;2288;0;217622;182838;0;62.5;52.5;0.0
16;2021-07-29;2449;2421;0;220071;185259;0;63.2;53.2;0.0
16;2021-07-30;2602;3001;0;222673;188260;0;64.0;54.1;0.0
16;2021-07-31;1052;1321;0;223725;189581;0;64.3;54.4;0.0
16;2021-08-01;273;46;0;223998;189627;0;64.3;54.5;0.0
16;2021-08-02;2198;1791;0;226196;191418;0;65.0;55.0;0.0
16;2021-08-03;2295;2277;0;228491;193695;0;65.6;55.6;0.0
16;2021-08-04;2282;1793;0;230773;195488;0;66.3;56.1;0.0
16;2021-08-05;2889;1587;0;233662;197075;0;67.1;56.6;0.0
16;2021-08-06;2616;2307;0;236278;199382;0;67.9;57.3;0.0
16;2021-08-07;885;628;0;237163;200010;0;68.1;57.4;0.0
16;2021-08-08;100;75;0;237263;200085;0;68.1;57.5;0.0
16;2021-08-09;2178;1127;0;239441;201212;0;68.8;57.8;0.0
16;2021-08-10;2859;1551;0;242300;202763;0;69.6;58.2;0.0
16;2021-08-11;2540;1207;0;244840;203970;0;70.3;58.6;0.0
16;2021-08-12;2037;1709;0;246877;205679;0;70.9;59.1;0.0
16;2021-08-13;2488;1424;0;249365;207103;0;71.6;59.5;0.0
16;2021-08-14;768;481;0;250133;207584;0;71.8;59.6;0.0
16;2021-08-15;62;44;0;250195;207628;0;71.9;59.6;0.0
16;2021-08-16;1296;1613;0;251491;209241;0;72.2;60.1;0.0
16;2021-08-17;1640;1686;0;253131;210927;0;72.7;60.6;0.0
16;2021-08-18;1513;1529;0;254644;212456;0;73.1;61.0;0.0
16;2021-08-19;1424;1867;0;256068;214323;0;73.5;61.6;0.0
16;2021-08-20;1452;1974;0;257520;216297;0;74.0;62.1;0.0
16;2021-08-21;525;843;0;258045;217140;0;74.1;62.4;0.0
16;2021-08-22;15;67;0;258060;217207;0;74.1;62.4;0.0
16;2021-08-23;912;2114;0;258972;219321;0;74.4;63.0;0.0
16;2021-08-24;999;2445;0;259971;221766;0;74.7;63.7;0.0
16;2021-08-25;810;1885;0;260781;223651;0;74.9;64.2;0.0
16;2021-08-26;828;2597;0;261609;226248;0;75.1;65.0;0.0
16;2021-08-27;813;2531;0;262422;228779;0;75.4;65.7;0.0
16;2021-08-28;277;847;0;262699;229626;0;75.4;66.0;0.0
16;2021-08-29;15;67;0;262714;229693;0;75.5;66.0;0.0
16;2021-08-30;610;2369;22;263324;232062;22;75.6;66.7;0.0
16;2021-08-31;669;2657;79;263993;234719;101;75.8;67.4;0.0
16;2021-09-01;481;2340;182;264474;237059;283;76.0;68.1;0.1
16;2021-09-02;538;2109;290;265012;239168;573;76.1;68.7;0.2
16;2021-09-03;531;2510;272;265543;241678;845;76.3;69.4;0.2
16;2021-09-04;329;937;56;265872;242615;901;76.4;69.7;0.3
16;2021-09-05;14;55;3;265886;242670;904;76.4;69.7;0.3
16;2021-09-06;287;1400;291;266173;244070;1195;76.4;70.1;0.3
16;2021-09-07;355;1617;319;266528;245687;1514;76.5;70.6;0.4
16;2021-09-08;360;1891;216;266888;247578;1730;76.7;71.1;0.5
16;2021-09-09;335;1479;216;267223;249057;1946;76.7;71.5;0.6
16;2021-09-10;416;1690;318;267639;250747;2264;76.9;72.0;0.7
16;2021-09-11;197;765;69;267836;251512;2333;76.9;72.2;0.7
16;2021-09-12;17;28;1;267853;251540;2334;76.9;72.2;0.7
16;2021-09-13;241;974;348;268094;252514;2682;77.0;72.5;0.8
16;2021-09-14;365;924;650;268459;253438;3332;77.1;72.8;1.0
16;2021-09-15;354;1301;418;268813;254739;3750;77.2;73.2;1.1
16;2021-09-16;319;831;759;269132;255570;4509;77.3;73.4;1.3
16;2021-09-17;471;1254;400;269603;256824;4909;77.4;73.8;1.4
16;2021-09-18;107;511;46;269710;257335;4955;77.5;73.9;1.4
16;2021-09-19;3;17;5;269713;257352;4960;77.5;73.9;1.4
16;2021-09-20;175;635;583;269888;257987;5543;77.5;74.1;1.6
16;2021-09-21;183;663;633;270071;258650;6176;77.6;74.3;1.8
16;2021-09-22;187;923;360;270258;259573;6536;77.6;74.6;1.9
16;2021-09-23;159;518;458;270417;260091;6994;77.7;74.7;2.0
16;2021-09-24;300;974;466;270717;261065;7460;77.8;75.0;2.1
16;2021-09-25;74;424;42;270791;261489;7502;77.8;75.1;2.2
16;2021-09-26;3;10;26;270794;261499;7528;77.8;75.1;2.2
16;2021-09-27;187;541;559;270981;262040;8087;77.8;75.3;2.3
16;2021-09-28;128;509;538;271109;262549;8625;77.9;75.4;2.5
16;2021-09-29;180;556;583;271289;263105;9208;77.9;75.6;2.6
16;2021-09-30;111;455;498;271400;263560;9706;77.9;75.7;2.8
16;2021-10-01;243;481;457;271643;264041;10163;78.0;75.8;2.9
16;2021-10-02;83;308;73;271726;264349;10236;78.0;75.9;2.9
16;2021-10-03;1;12;9;271727;264361;10245;78.0;75.9;2.9
16;2021-10-04;123;323;398;271850;264684;10643;78.1;76.0;3.1
16;2021-10-05;130;357;449;271980;265041;11092;78.1;76.1;3.2
16;2021-10-06;176;482;428;272156;265523;11520;78.2;76.3;3.3
16;2021-10-07;126;311;326;272282;265834;11846;78.2;76.3;3.4
16;2021-10-08;227;624;640;272509;266458;12486;78.3;76.5;3.6
16;2021-10-09;75;167;73;272584;266625;12559;78.3;76.6;3.6
16;2021-10-10;2;13;13;272586;266638;12572;78.3;76.6;3.6
16;2021-10-11;108;247;556;272694;266885;13128;78.3;76.7;3.8
16;2021-10-12;103;229;404;272797;267114;13532;78.3;76.7;3.9
16;2021-10-13;190;324;458;272987;267438;13990;78.4;76.8;4.0
16;2021-10-14;94;182;347;273081;267620;14337;78.4;76.9;4.1
16;2021-10-15;192;397;600;273273;268017;14937;78.5;77.0;4.3
16;2021-10-16;84;107;125;273357;268124;15062;78.5;77.0;4.3
16;2021-10-17;6;6;7;273363;268130;15069;78.5;77.0;4.3
16;2021-10-18;127;268;542;273490;268398;15611;78.5;77.1;4.5
16;2021-10-19;105;145;578;273595;268543;16189;78.6;77.1;4.6
16;2021-10-20;121;213;522;273716;268756;16711;78.6;77.2;4.8
16;2021-10-21;66;138;419;273782;268894;17130;78.6;77.2;4.9
16;2021-10-22;233;323;641;274015;269217;17771;78.7;77.3;5.1
16;2021-10-23;76;106;79;274091;269323;17850;78.7;77.4;5.1
16;2021-10-24;1;4;5;274092;269327;17855;78.7;77.4;5.1
16;2021-10-25;124;170;682;274216;269497;18537;78.8;77.4;5.3
16;2021-10-26;58;124;506;274274;269621;19043;78.8;77.4;5.5
16;2021-10-27;108;159;462;274382;269780;19505;78.8;77.5;5.6
16;2021-10-28;102;124;473;274484;269904;19978;78.8;77.5;5.7
16;2021-10-29;173;222;940;274657;270126;20918;78.9;77.6;6.0
16;2021-10-30;51;86;170;274708;270212;21088;78.9;77.6;6.1
16;2021-10-31;2;5;12;274710;270217;21100;78.9;77.6;6.1
16;2021-11-01;3;3;20;274713;270220;21120;78.9;77.6;6.1
16;2021-11-02;105;149;852;274818;270369;21972;78.9;77.7;6.3
16;2021-11-03;96;142;482;274914;270511;22454;79.0;77.7;6.4
16;2021-11-04;87;114;570;275001;270625;23024;79.0;77.7;6.6
16;2021-11-05;148;197;941;275149;270822;23965;79.0;77.8;6.9
16;2021-11-06;61;80;262;275210;270902;24227;79.0;77.8;7.0
16;2021-11-07;2;10;17;275212;270912;24244;79.0;77.8;7.0
16;2021-11-08;50;119;896;275262;271031;25140;79.1;77.8;7.2
16;2021-11-09;74;112;1008;275336;271143;26148;79.1;77.9;7.5
16;2021-11-10;94;133;971;275430;271276;27119;79.1;77.9;7.8
16;2021-11-11;4;6;27;275434;271282;27146;79.1;77.9;7.8
16;2021-11-12;82;151;1022;275516;271433;28168;79.1;78.0;8.1
16;2021-11-13;38;75;244;275554;271508;28412;79.1;78.0;8.2
16;2021-11-14;0;2;10;275554;271510;28422;79.1;78.0;8.2
16;2021-11-15;48;115;1100;275602;271625;29522;79.2;78.0;8.5
16;2021-11-16;73;102;1051;275675;271727;30573;79.2;78.0;8.8
16;2021-11-17;113;154;1068;275788;271881;31641;79.2;78.1;9.1
16;2021-11-18;79;130;1078;275867;272011;32719;79.2;78.1;9.4
16;2021-11-19;153;227;1467;276020;272238;34186;79.3;78.2;9.8
16;2021-11-20;59;88;483;276079;272326;34669;79.3;78.2;10.0
16;2021-11-21;2;2;34;276081;272328;34703;79.3;78.2;10.0
16;2021-11-22;71;64;1245;276152;272392;35948;79.3;78.2;10.3
16;2021-11-23;100;90;1467;276252;272482;37415;79.3;78.3;10.7
16;2021-11-24;124;122;1433;276376;272604;38848;79.4;78.3;11.2
16;2021-11-25;115;92;1605;276491;272696;40453;79.4;78.3;11.6
16;2021-11-26;144;150;2111;276635;272846;42564;79.5;78.4;12.2
16;2021-11-27;95;120;1715;276730;272966;44279;79.5;78.4;12.7
16;2021-11-28;35;18;1065;276765;272984;45344;79.5;78.4;13.0
16;2021-11-29;76;81;1844;276841;273065;47188;79.5;78.4;13.6
16;2021-11-30;106;96;2554;276947;273161;49742;79.5;78.5;14.3
16;2021-12-01;111;112;2501;277058;273273;52243;79.6;78.5;15.0
16;2021-12-02;102;72;3202;277160;273345;55445;79.6;78.5;15.9
16;2021-12-03;97;119;3178;277257;273464;58623;79.6;78.5;16.8
16;2021-12-04;76;68;1477;277333;273532;60100;79.7;78.6;17.3
16;2021-12-05;6;5;363;277339;273537;60463;79.7;78.6;17.4
16;2021-12-06;61;79;2599;277400;273616;63062;79.7;78.6;18.1
16;2021-12-07;58;80;3202;277458;273696;66264;79.7;78.6;19.0
16;2021-12-08;123;113;3061;277581;273809;69325;79.7;78.6;19.9
16;2021-12-09;104;104;4180;277685;273913;73505;79.8;78.7;21.1
16;2021-12-10;99;145;4308;277784;274058;77813;79.8;78.7;22.3
16;2021-12-11;84;59;2476;277868;274117;80289;79.8;78.7;23.1
16;2021-12-12;34;15;1367;277902;274132;81656;79.8;78.7;23.5
16;2021-12-13;82;97;3431;277984;274229;85087;79.8;78.8;24.4
16;2021-12-14;105;127;4297;278089;274356;89384;79.9;78.8;25.7
16;2021-12-15;113;144;3594;278202;274500;92978;79.9;78.8;26.7
17;2020-12-27;2;0;0;2;0;0;0.0;0.0;0.0
17;2020-12-28;1;0;0;3;0;0;0.0;0.0;0.0
17;2020-12-29;0;0;0;3;0;0;0.0;0.0;0.0
17;2020-12-30;0;0;0;3;0;0;0.0;0.0;0.0
17;2020-12-31;0;0;0;3;0;0;0.0;0.0;0.0
17;2021-01-01;2;0;0;5;0;0;0.0;0.0;0.0
17;2021-01-02;0;0;0;5;0;0;0.0;0.0;0.0
17;2021-01-03;0;0;0;5;0;0;0.0;0.0;0.0
17;2021-01-04;52;0;0;57;0;0;0.0;0.0;0.0
17;2021-01-05;86;0;0;143;0;0;0.0;0.0;0.0
17;2021-01-06;124;0;0;267;0;0;0.0;0.0;0.0
17;2021-01-07;470;1;0;737;1;0;0.1;0.0;0.0
17;2021-01-08;428;1;0;1165;2;0;0.2;0.0;0.0
17;2021-01-09;8;0;0;1173;2;0;0.2;0.0;0.0
17;2021-01-10;4;0;0;1177;2;0;0.2;0.0;0.0
17;2021-01-11;388;2;0;1565;4;0;0.2;0.0;0.0
17;2021-01-12;705;1;0;2270;5;0;0.4;0.0;0.0
17;2021-01-13;660;2;0;2930;7;0;0.5;0.0;0.0
17;2021-01-14;641;11;0;3571;18;0;0.6;0.0;0.0
17;2021-01-15;718;2;0;4289;20;0;0.7;0.0;0.0
17;2021-01-16;129;2;0;4418;22;0;0.7;0.0;0.0
17;2021-01-17;19;0;0;4437;22;0;0.7;0.0;0.0
17;2021-01-18;847;5;0;5284;27;0;0.8;0.0;0.0
17;2021-01-19;1871;18;0;7155;45;0;1.1;0.0;0.0
17;2021-01-20;2265;4;0;9420;49;0;1.5;0.0;0.0
17;2021-01-21;2409;12;0;11829;61;0;1.8;0.0;0.0
17;2021-01-22;1829;15;0;13658;76;0;2.1;0.0;0.0
17;2021-01-23;709;2;0;14367;78;0;2.2;0.0;0.0
17;2021-01-24;45;0;0;14412;78;0;2.2;0.0;0.0
17;2021-01-25;1373;6;0;15785;84;0;2.4;0.0;0.0
17;2021-01-26;2043;5;0;17828;89;0;2.8;0.0;0.0
17;2021-01-27;1683;38;0;19511;127;0;3.0;0.0;0.0
17;2021-01-28;2438;231;0;21949;358;0;3.4;0.1;0.0
17;2021-01-29;1715;223;0;23664;581;0;3.7;0.1;0.0
17;2021-01-30;517;5;0;24181;586;0;3.7;0.1;0.0
17;2021-01-31;34;5;0;24215;591;0;3.7;0.1;0.0
17;2021-02-01;735;211;0;24950;802;0;3.9;0.1;0.0
17;2021-02-02;1167;343;0;26117;1145;0;4.0;0.2;0.0
17;2021-02-03;1249;412;0;27366;1557;0;4.2;0.2;0.0
17;2021-02-04;1118;502;0;28484;2059;0;4.4;0.3;0.0
17;2021-02-05;615;766;0;29099;2825;0;4.5;0.4;0.0
17;2021-02-06;25;45;0;29124;2870;0;4.5;0.4;0.0
17;2021-02-07;35;3;0;29159;2873;0;4.5;0.4;0.0
17;2021-02-08;690;428;0;29849;3301;0;4.6;0.5;0.0
17;2021-02-09;1104;1261;0;30953;4562;0;4.8;0.7;0.0
17;2021-02-10;839;1242;0;31792;5804;0;4.9;0.9;0.0
17;2021-02-11;1235;1279;0;33027;7083;0;5.1;1.1;0.0
17;2021-02-12;778;985;0;33805;8068;0;5.2;1.2;0.0
17;2021-02-13;50;137;0;33855;8205;0;5.2;1.3;0.0
17;2021-02-14;1;10;0;33856;8215;0;5.2;1.3;0.0
17;2021-02-15;612;1177;0;34468;9392;0;5.3;1.5;0.0
17;2021-02-16;758;1798;0;35226;11190;0;5.4;1.7;0.0
17;2021-02-17;774;1371;0;36000;12561;0;5.6;1.9;0.0
17;2021-02-18;947;2162;0;36947;14723;0;5.7;2.3;0.0
17;2021-02-19;1050;1533;0;37997;16256;0;5.9;2.5;0.0
17;2021-02-20;103;333;0;38100;16589;0;5.9;2.6;0.0
17;2021-02-21;8;0;0;38108;16589;0;5.9;2.6;0.0
17;2021-02-22;641;1593;0;38749;18182;0;6.0;2.8;0.0
17;2021-02-23;728;1511;0;39477;19693;0;6.1;3.0;0.0
17;2021-02-24;1066;1557;0;40543;21250;0;6.3;3.3;0.0
17;2021-02-25;1097;1659;0;41640;22909;0;6.4;3.5;0.0
17;2021-02-26;1320;1279;0;42960;24188;0;6.6;3.7;0.0
17;2021-02-27;516;234;0;43476;24422;0;6.7;3.8;0.0
17;2021-02-28;24;9;0;43500;24431;0;6.7;3.8;0.0
17;2021-03-01;629;1038;0;44129;25469;0;6.8;3.9;0.0
17;2021-03-02;1087;869;0;45216;26338;0;7.0;4.1;0.0
17;2021-03-03;1594;778;0;46810;27116;0;7.2;4.2;0.0
17;2021-03-04;2403;1130;0;49213;28246;0;7.6;4.4;0.0
17;2021-03-05;2606;683;0;51819;28929;0;8.0;4.5;0.0
17;2021-03-06;1058;38;0;52877;28967;0;8.2;4.5;0.0
17;2021-03-07;182;48;0;53059;29015;0;8.2;4.5;0.0
17;2021-03-08;1016;830;0;54075;29845;0;8.4;4.6;0.0
17;2021-03-09;1715;626;0;55790;30471;0;8.6;4.7;0.0
17;2021-03-10;2065;659;0;57855;31130;0;8.9;4.8;0.0
17;2021-03-11;3200;981;0;61055;32111;0;9.4;5.0;0.0
17;2021-03-12;3300;627;0;64355;32738;0;9.9;5.1;0.0
17;2021-03-13;1211;18;0;65566;32756;0;10.1;5.1;0.0
17;2021-03-14;51;1;0;65617;32757;0;10.1;5.1;0.0
17;2021-03-15;1245;979;0;66862;33736;0;10.3;5.2;0.0
17;2021-03-16;906;538;0;67768;34274;0;10.5;5.3;0.0
17;2021-03-17;1482;715;0;69250;34989;0;10.7;5.4;0.0
17;2021-03-18;1691;751;0;70941;35740;0;11.0;5.5;0.0
17;2021-03-19;2080;535;0;73021;36275;0;11.3;5.6;0.0
17;2021-03-20;1095;54;0;74116;36329;0;11.5;5.6;0.0
17;2021-03-21;38;40;0;74154;36369;0;11.5;5.6;0.0
17;2021-03-22;1553;679;0;75707;37048;0;11.7;5.7;0.0
17;2021-03-23;2451;573;0;78158;37621;0;12.1;5.8;0.0
17;2021-03-24;3464;831;0;81622;38452;0;12.6;5.9;0.0
17;2021-03-25;4630;640;0;86252;39092;0;13.3;6.0;0.0
17;2021-03-26;4841;472;0;91093;39564;0;14.1;6.1;0.0
17;2021-03-27;1719;68;0;92812;39632;0;14.3;6.1;0.0
17;2021-03-28;366;42;0;93178;39674;0;14.4;6.1;0.0
17;2021-03-29;2339;559;0;95517;40233;0;14.8;6.2;0.0
17;2021-03-30;2615;977;0;98132;41210;0;15.2;6.4;0.0
17;2021-03-31;3763;892;0;101895;42102;0;15.7;6.5;0.0
17;2021-04-01;3974;1168;0;105869;43270;0;16.4;6.7;0.0
17;2021-04-02;3611;843;0;109480;44113;0;16.9;6.8;0.0
17;2021-04-03;1152;185;0;110632;44298;0;17.1;6.8;0.0
17;2021-04-04;464;12;0;111096;44310;0;17.2;6.8;0.0
17;2021-04-05;434;120;0;111530;44430;0;17.2;6.9;0.0
17;2021-04-06;3365;1027;0;114895;45457;0;17.8;7.0;0.0
17;2021-04-07;4033;1155;0;118928;46612;0;18.4;7.2;0.0
17;2021-04-08;4530;1468;0;123458;48080;0;19.1;7.4;0.0
17;2021-04-09;6316;840;0;129774;48920;0;20.1;7.6;0.0
17;2021-04-10;2557;86;0;132331;49006;0;20.5;7.6;0.0
17;2021-04-11;749;23;0;133080;49029;0;20.6;7.6;0.0
17;2021-04-12;2875;1615;0;135955;50644;0;21.0;7.8;0.0
17;2021-04-13;4090;1265;0;140045;51909;0;21.6;8.0;0.0
17;2021-04-14;4280;1192;0;144325;53101;0;22.3;8.2;0.0
17;2021-04-15;4540;1164;0;148865;54265;0;23.0;8.4;0.0
17;2021-04-16;4183;1166;0;153048;55431;0;23.7;8.6;0.0
17;2021-04-17;1711;377;0;154759;55808;0;23.9;8.6;0.0
17;2021-04-18;440;79;0;155199;55887;0;24.0;8.6;0.0
17;2021-04-19;2324;2008;0;157523;57895;0;24.3;8.9;0.0
17;2021-04-20;2864;2485;0;160387;60380;0;24.8;9.3;0.0
17;2021-04-21;2963;1878;0;163350;62258;0;25.2;9.6;0.0
17;2021-04-22;3173;2306;0;166523;64564;0;25.7;10.0;0.0
17;2021-04-23;2450;2676;0;168973;67240;0;26.1;10.4;0.0
17;2021-04-24;1666;938;0;170639;68178;0;26.4;10.5;0.0
17;2021-04-25;621;227;0;171260;68405;0;26.5;10.6;0.0
17;2021-04-26;2548;2531;0;173808;70936;0;26.9;11.0;0.0
17;2021-04-27;3112;2603;0;176920;73539;0;27.3;11.4;0.0
17;2021-04-28;3131;2878;0;180051;76417;0;27.8;11.8;0.0
17;2021-04-29;4152;2781;0;184203;79198;0;28.5;12.2;0.0
17;2021-04-30;4416;2565;0;188619;81763;0;29.1;12.6;0.0
17;2021-05-01;898;525;0;189517;82288;0;29.3;12.7;0.0
17;2021-05-02;561;760;0;190078;83048;0;29.4;12.8;0.0
17;2021-05-03;2622;2893;0;192700;85941;0;29.8;13.3;0.0
17;2021-05-04;2400;3657;0;195100;89598;0;30.2;13.8;0.0
17;2021-05-05;2951;3693;0;198051;93291;0;30.6;14.4;0.0
17;2021-05-06;4136;3367;0;202187;96658;0;31.2;14.9;0.0
17;2021-05-07;4405;3651;0;206592;100309;0;31.9;15.5;0.0
17;2021-05-08;1376;775;0;207968;101084;0;32.1;15.6;0.0
17;2021-05-09;1280;676;0;209248;101760;0;32.3;15.7;0.0
17;2021-05-10;2762;3639;0;212010;105399;0;32.8;16.3;0.0
17;2021-05-11;3509;3935;0;215519;109334;0;33.3;16.9;0.0
17;2021-05-12;3597;3704;0;219116;113038;0;33.9;17.5;0.0
17;2021-05-13;2665;694;0;221781;113732;0;34.3;17.6;0.0
17;2021-05-14;3121;2385;0;224902;116117;0;34.8;17.9;0.0
17;2021-05-15;2172;707;0;227074;116824;0;35.1;18.1;0.0
17;2021-05-16;1600;305;0;228674;117129;0;35.3;18.1;0.0
17;2021-05-17;4182;1985;0;232856;119114;0;36.0;18.4;0.0
17;2021-05-18;4723;1641;0;237579;120755;0;36.7;18.7;0.0
17;2021-05-19;5043;1298;0;242622;122053;0;37.5;18.9;0.0
17;2021-05-20;4816;1905;0;247438;123958;0;38.2;19.2;0.0
17;2021-05-21;4775;1904;0;252213;125862;0;39.0;19.5;0.0
17;2021-05-22;2103;546;0;254316;126408;0;39.3;19.5;0.0
17;2021-05-23;1555;110;0;255871;126518;0;39.5;19.6;0.0
17;2021-05-24;1267;211;0;257138;126729;0;39.7;19.6;0.0
17;2021-05-25;3795;1753;0;260933;128482;0;40.3;19.9;0.0
17;2021-05-26;4182;1997;0;265115;130479;0;41.0;20.2;0.0
17;2021-05-27;4928;2115;0;270043;132594;0;41.7;20.5;0.0
17;2021-05-28;4227;3283;0;274270;135877;0;42.4;21.0;0.0
17;2021-05-29;1502;1676;0;275772;137553;0;42.6;21.3;0.0
17;2021-05-30;650;369;0;276422;137922;0;42.7;21.3;0.0
17;2021-05-31;2897;2929;0;279319;140851;0;43.2;21.8;0.0
17;2021-06-01;4298;2879;0;283617;143730;0;43.8;22.2;0.0
17;2021-06-02;4299;3143;0;287916;146873;0;44.5;22.7;0.0
17;2021-06-03;5075;3108;0;292991;149981;0;45.3;23.2;0.0
17;2021-06-04;4538;3767;0;297529;153748;0;46.0;23.8;0.0
17;2021-06-05;2062;1574;0;299591;155322;0;46.3;24.0;0.0
17;2021-06-06;815;688;0;300406;156010;0;46.4;24.1;0.0
17;2021-06-07;3193;4176;0;303599;160186;0;46.9;24.8;0.0
17;2021-06-08;3847;4435;0;307446;164621;0;47.5;25.4;0.0
17;2021-06-09;4478;3078;0;311924;167699;0;48.2;25.9;0.0
17;2021-06-10;4880;2825;0;316804;170524;0;49.0;26.4;0.0
17;2021-06-11;4743;3706;0;321547;174230;0;49.7;26.9;0.0
17;2021-06-12;1978;1410;0;323525;175640;0;50.0;27.1;0.0
17;2021-06-13;621;412;0;324146;176052;0;50.1;27.2;0.0
17;2021-06-14;2687;4502;0;326833;180554;0;50.5;27.9;0.0
17;2021-06-15;3521;4323;0;330354;184877;0;51.1;28.6;0.0
17;2021-06-16;3962;3639;0;334316;188516;0;51.7;29.1;0.0
17;2021-06-17;4196;4117;0;338512;192633;0;52.3;29.8;0.0
17;2021-06-18;3936;4395;0;342448;197028;0;52.9;30.4;0.0
17;2021-06-19;1539;2007;0;343987;199035;0;53.2;30.8;0.0
17;2021-06-20;565;988;0;344552;200023;0;53.2;30.9;0.0
17;2021-06-21;2427;4323;0;346979;204346;0;53.6;31.6;0.0
17;2021-06-22;3340;4372;0;350319;208718;0;54.1;32.3;0.0
17;2021-06-23;3589;3990;0;353908;212708;0;54.7;32.9;0.0
17;2021-06-24;3386;3871;0;357294;216579;0;55.2;33.5;0.0
17;2021-06-25;2580;4910;0;359874;221489;0;55.6;34.2;0.0
17;2021-06-26;945;2302;0;360819;223791;0;55.8;34.6;0.0
17;2021-06-27;381;1747;0;361200;225538;0;55.8;34.9;0.0
17;2021-06-28;1445;5253;0;362645;230791;0;56.0;35.7;0.0
17;2021-06-29;1622;5714;0;364267;236505;0;56.3;36.5;0.0
17;2021-06-30;1962;5518;0;366229;242023;0;56.6;37.4;0.0
17;2021-07-01;2144;5359;0;368373;247382;0;56.9;38.2;0.0
17;2021-07-02;2328;5650;0;370701;253032;0;57.3;39.1;0.0
17;2021-07-03;655;2374;0;371356;255406;0;57.4;39.5;0.0
17;2021-07-04;139;1069;0;371495;256475;0;57.4;39.6;0.0
17;2021-07-05;1647;4785;0;373142;261260;0;57.7;40.4;0.0
17;2021-07-06;1952;5246;0;375094;266506;0;58.0;41.2;0.0
17;2021-07-07;2231;5289;0;377325;271795;0;58.3;42.0;0.0
17;2021-07-08;2591;5107;0;379916;276902;0;58.7;42.8;0.0
17;2021-07-09;2289;5743;0;382205;282645;0;59.1;43.7;0.0
17;2021-07-10;827;2400;0;383032;285045;0;59.2;44.1;0.0
17;2021-07-11;310;793;0;383342;285838;0;59.2;44.2;0.0
17;2021-07-12;1695;5307;0;385037;291145;0;59.5;45.0;0.0
17;2021-07-13;2070;6349;0;387107;297494;0;59.8;46.0;0.0
17;2021-07-14;211;240;0;387318;297734;0;59.9;46.0;0.0
17;2021-07-15;2007;6560;0;389325;304294;0;60.2;47.0;0.0
17;2021-07-16;2593;6511;0;391918;310805;0;60.6;48.0;0.0
17;2021-07-17;1056;2329;0;392974;313134;0;60.7;48.4;0.0
17;2021-07-18;320;936;0;393294;314070;0;60.8;48.5;0.0
17;2021-07-19;2351;5645;0;395645;319715;0;61.1;49.4;0.0
17;2021-07-20;2973;6015;0;398618;325730;0;61.6;50.3;0.0
17;2021-07-21;3468;5703;0;402086;331433;0;62.1;51.2;0.0
17;2021-07-22;3821;5803;0;405907;337236;0;62.7;52.1;0.0
17;2021-07-23;3588;6064;0;409495;343300;0;63.3;53.1;0.0
17;2021-07-24;1807;1575;0;411302;344875;0;63.6;53.3;0.0
17;2021-07-25;798;345;0;412100;345220;0;63.7;53.4;0.0
17;2021-07-26;3190;4971;0;415290;350191;0;64.2;54.1;0.0
17;2021-07-27;4208;4901;0;419498;355092;0;64.8;54.9;0.0
17;2021-07-28;4705;4676;0;424203;359768;0;65.6;55.6;0.0
17;2021-07-29;4690;4752;0;428893;364520;0;66.3;56.3;0.0
17;2021-07-30;4837;5001;0;433730;369521;0;67.0;57.1;0.0
17;2021-07-31;1920;1215;0;435650;370736;0;67.3;57.3;0.0
17;2021-08-01;858;298;0;436508;371034;0;67.5;57.3;0.0
17;2021-08-02;4010;3735;0;440518;374769;0;68.1;57.9;0.0
17;2021-08-03;4997;3518;0;445515;378287;0;68.9;58.5;0.0
17;2021-08-04;5492;2720;0;451007;381007;0;69.7;58.9;0.0
17;2021-08-05;5553;2548;0;456560;383555;0;70.6;59.3;0.0
17;2021-08-06;5138;2963;0;461698;386518;0;71.4;59.7;0.0
17;2021-08-07;1840;851;0;463538;387369;0;71.6;59.9;0.0
17;2021-08-08;764;144;0;464302;387513;0;71.8;59.9;0.0
17;2021-08-09;3479;2865;0;467781;390378;0;72.3;60.3;0.0
17;2021-08-10;4559;2825;0;472340;393203;0;73.0;60.8;0.0
17;2021-08-11;4390;3058;0;476730;396261;0;73.7;61.2;0.0
17;2021-08-12;4399;3154;0;481129;399415;0;74.4;61.7;0.0
17;2021-08-13;4044;3335;0;485173;402750;0;75.0;62.2;0.0
17;2021-08-14;1202;1271;0;486375;404021;0;75.2;62.4;0.0
17;2021-08-15;340;235;0;486715;404256;0;75.2;62.5;0.0
17;2021-08-16;2570;3251;0;489285;407507;0;75.6;63.0;0.0
17;2021-08-17;2782;3573;0;492067;411080;0;76.0;63.5;0.0
17;2021-08-18;2402;3839;0;494469;414919;0;76.4;64.1;0.0
17;2021-08-19;2453;3724;0;496922;418643;0;76.8;64.7;0.0
17;2021-08-20;2286;4246;0;499208;422889;0;77.1;65.4;0.0
17;2021-08-21;695;1336;0;499903;424225;0;77.3;65.6;0.0
17;2021-08-22;160;400;0;500063;424625;0;77.3;65.6;0.0
17;2021-08-23;1836;4339;0;501899;428964;0;77.6;66.3;0.0
17;2021-08-24;1799;4543;0;503698;433507;0;77.8;67.0;0.0
17;2021-08-25;1542;4968;0;505240;438475;0;78.1;67.8;0.0
17;2021-08-26;1554;5063;0;506794;443538;0;78.3;68.5;0.0
17;2021-08-27;1438;5452;0;508232;448990;0;78.5;69.4;0.0
17;2021-08-28;527;1495;0;508759;450485;0;78.6;69.6;0.0
17;2021-08-29;90;528;1;508849;451013;1;78.6;69.7;0.0
17;2021-08-30;1361;4731;50;510210;455744;51;78.8;70.4;0.0
17;2021-08-31;1248;4906;118;511458;460650;169;79.0;71.2;0.0
17;2021-09-01;1197;4537;321;512655;465187;490;79.2;71.9;0.1
17;2021-09-02;1081;3970;383;513736;469157;873;79.4;72.5;0.1
17;2021-09-03;1125;4657;385;514861;473814;1258;79.6;73.2;0.2
17;2021-09-04;331;1146;48;515192;474960;1306;79.6;73.4;0.2
17;2021-09-05;52;120;27;515244;475080;1333;79.6;73.4;0.2
17;2021-09-06;723;3065;512;515967;478145;1845;79.7;73.9;0.3
17;2021-09-07;712;2547;582;516679;480692;2427;79.8;74.3;0.4
17;2021-09-08;799;3480;525;517478;484172;2952;80.0;74.8;0.5
17;2021-09-09;778;2345;733;518256;486517;3685;80.1;75.2;0.6
17;2021-09-10;786;3237;587;519042;489754;4272;80.2;75.7;0.7
17;2021-09-11;322;1035;148;519364;490789;4420;80.3;75.8;0.7
17;2021-09-12;15;35;10;519379;490824;4430;80.3;75.9;0.7
17;2021-09-13;608;1892;863;519987;492716;5293;80.4;76.1;0.8
17;2021-09-14;606;1605;1267;520593;494321;6560;80.5;76.4;1.0
17;2021-09-15;866;2261;947;521459;496582;7507;80.6;76.7;1.2
17;2021-09-16;530;1429;894;521989;498011;8401;80.7;77.0;1.3
17;2021-09-17;628;1888;762;522617;499899;9163;80.8;77.3;1.4
17;2021-09-18;210;687;169;522827;500586;9332;80.8;77.4;1.4
17;2021-09-19;15;18;11;522842;500604;9343;80.8;77.4;1.4
17;2021-09-20;411;1217;949;523253;501821;10292;80.9;77.6;1.6
17;2021-09-21;340;875;784;523593;502696;11076;80.9;77.7;1.7
17;2021-09-22;418;1661;790;524011;504357;11866;81.0;77.9;1.8
17;2021-09-23;362;972;1080;524373;505329;12946;81.0;78.1;2.0
17;2021-09-24;386;1773;1164;524759;507102;14110;81.1;78.4;2.2
17;2021-09-25;155;569;237;524914;507671;14347;81.1;78.5;2.2
17;2021-09-26;9;28;2;524923;507699;14349;81.1;78.5;2.2
17;2021-09-27;402;1135;947;525325;508834;15296;81.2;78.6;2.4
17;2021-09-28;257;679;863;525582;509513;16159;81.2;78.7;2.5
17;2021-09-29;453;1216;955;526035;510729;17114;81.3;78.9;2.6
17;2021-09-30;349;694;895;526384;511423;18009;81.3;79.0;2.8
17;2021-10-01;391;767;800;526775;512190;18809;81.4;79.2;2.9
17;2021-10-02;135;378;147;526910;512568;18956;81.4;79.2;2.9
17;2021-10-03;4;30;2;526914;512598;18958;81.4;79.2;2.9
17;2021-10-04;359;812;1064;527273;513410;20022;81.5;79.3;3.1
17;2021-10-05;354;572;919;527627;513982;20941;81.5;79.4;3.2
17;2021-10-06;410;1070;1130;528037;515052;22071;81.6;79.6;3.4
17;2021-10-07;261;530;802;528298;515582;22873;81.6;79.7;3.5
17;2021-10-08;428;868;1060;528726;516450;23933;81.7;79.8;3.7
17;2021-10-09;170;347;215;528896;516797;24148;81.7;79.9;3.7
17;2021-10-10;6;19;5;528902;516816;24153;81.7;79.9;3.7
17;2021-10-11;352;535;814;529254;517351;24967;81.8;80.0;3.9
17;2021-10-12;228;383;834;529482;517734;25801;81.8;80.0;4.0
17;2021-10-13;354;657;1254;529836;518391;27055;81.9;80.1;4.2
17;2021-10-14;232;397;880;530068;518788;27935;81.9;80.2;4.3
17;2021-10-15;384;633;1237;530452;519421;29172;82.0;80.3;4.5
17;2021-10-16;108;176;243;530560;519597;29415;82.0;80.3;4.5
17;2021-10-17;10;12;0;530570;519609;29415;82.0;80.3;4.5
17;2021-10-18;322;338;950;530892;519947;30365;82.0;80.4;4.7
17;2021-10-19;226;346;935;531118;520293;31300;82.1;80.4;4.8
17;2021-10-20;340;580;1468;531458;520873;32768;82.1;80.5;5.1
17;2021-10-21;216;343;998;531674;521216;33766;82.2;80.5;5.2
17;2021-10-22;320;538;1358;531994;521754;35124;82.2;80.6;5.4
17;2021-10-23;96;179;283;532090;521933;35407;82.2;80.7;5.5
17;2021-10-24;0;5;3;532090;521938;35410;82.2;80.7;5.5
17;2021-10-25;233;339;1212;532323;522277;36622;82.3;80.7;5.7
17;2021-10-26;153;253;971;532476;522530;37593;82.3;80.8;5.8
17;2021-10-27;256;440;2062;532732;522970;39655;82.3;80.8;6.1
17;2021-10-28;161;244;1062;532893;523214;40717;82.4;80.9;6.3
17;2021-10-29;232;411;1743;533125;523625;42460;82.4;80.9;6.6
17;2021-10-30;74;131;414;533199;523756;42874;82.4;80.9;6.6
17;2021-10-31;9;8;3;533208;523764;42877;82.4;80.9;6.6
17;2021-11-01;15;16;22;533223;523780;42899;82.4;80.9;6.6
17;2021-11-02;237;318;1220;533460;524098;44119;82.4;81.0;6.8
17;2021-11-03;234;334;1676;533694;524432;45795;82.5;81.0;7.1
17;2021-11-04;136;211;1335;533830;524643;47130;82.5;81.1;7.3
17;2021-11-05;229;340;1645;534059;524983;48775;82.5;81.1;7.5
17;2021-11-06;83;137;359;534142;525120;49134;82.5;81.2;7.6
17;2021-11-07;1;6;8;534143;525126;49142;82.5;81.2;7.6
17;2021-11-08;190;414;2142;534333;525540;51284;82.6;81.2;7.9
17;2021-11-09;199;388;2331;534532;525928;53615;82.6;81.3;8.3
17;2021-11-10;303;465;2830;534835;526393;56445;82.7;81.3;8.7
17;2021-11-11;4;9;73;534839;526402;56518;82.7;81.4;8.7
17;2021-11-12;164;244;2115;535003;526646;58633;82.7;81.4;9.1
17;2021-11-13;61;63;557;535064;526709;59190;82.7;81.4;9.1
17;2021-11-14;2;25;15;535066;526734;59205;82.7;81.4;9.1
17;2021-11-15;186;234;2313;535252;526968;61518;82.7;81.4;9.5
17;2021-11-16;196;262;2479;535448;527230;63997;82.7;81.5;9.9
17;2021-11-17;296;362;2940;535744;527592;66937;82.8;81.5;10.3
17;2021-11-18;229;197;2591;535973;527789;69528;82.8;81.6;10.7
17;2021-11-19;260;366;2826;536233;528155;72354;82.9;81.6;11.2
17;2021-11-20;115;146;649;536348;528301;73003;82.9;81.6;11.3
17;2021-11-21;9;6;21;536357;528307;73024;82.9;81.6;11.3
17;2021-11-22;285;186;2987;536642;528493;76011;82.9;81.7;11.7
17;2021-11-23;280;212;3307;536922;528705;79318;83.0;81.7;12.3
17;2021-11-24;292;343;3223;537214;529048;82541;83.0;81.8;12.8
17;2021-11-25;276;213;3384;537490;529261;85925;83.1;81.8;13.3
17;2021-11-26;306;322;4121;537796;529583;90046;83.1;81.8;13.9
17;2021-11-27;89;104;1044;537885;529687;91090;83.1;81.9;14.1
17;2021-11-28;12;6;156;537897;529693;91246;83.1;81.9;14.1
17;2021-11-29;162;249;4056;538059;529942;95302;83.2;81.9;14.7
17;2021-11-30;235;200;5476;538294;530142;100778;83.2;81.9;15.6
17;2021-12-01;218;329;5529;538512;530471;106307;83.2;82.0;16.4
17;2021-12-02;209;179;5857;538721;530650;112164;83.3;82.0;17.3
17;2021-12-03;232;258;6185;538953;530908;118349;83.3;82.0;18.3
17;2021-12-04;66;78;1579;539019;530986;119928;83.3;82.1;18.5
17;2021-12-05;9;19;229;539028;531005;120157;83.3;82.1;18.6
17;2021-12-06;133;213;5818;539161;531218;125975;83.3;82.1;19.5
17;2021-12-07;196;190;7336;539357;531408;133311;83.4;82.1;20.6
17;2021-12-08;175;316;6894;539532;531724;140205;83.4;82.2;21.7
17;2021-12-09;191;234;7624;539723;531958;147829;83.4;82.2;22.8
17;2021-12-10;180;281;8315;539903;532239;156144;83.4;82.3;24.1
17;2021-12-11;103;107;2343;540006;532346;158487;83.5;82.3;24.5
17;2021-12-12;27;19;525;540033;532365;159012;83.5;82.3;24.6
17;2021-12-13;157;260;6920;540190;532625;165932;83.5;82.3;25.6
17;2021-12-14;237;337;9090;540427;532962;175022;83.5;82.4;27.0
17;2021-12-15;245;360;8141;540672;533322;183163;83.6;82.4;28.3
18;2020-12-27;0;0;0;0;0;0;0.0;0.0;0.0
18;2020-12-28;0;0;0;0;0;0;0.0;0.0;0.0
18;2020-12-29;0;0;0;0;0;0;0.0;0.0;0.0
18;2020-12-30;1;0;0;1;0;0;0.0;0.0;0.0
18;2020-12-31;0;0;0;1;0;0;0.0;0.0;0.0
18;2021-01-01;0;0;0;1;0;0;0.0;0.0;0.0
18;2021-01-02;0;0;0;1;0;0;0.0;0.0;0.0
18;2021-01-03;0;0;0;1;0;0;0.0;0.0;0.0
18;2021-01-04;2;0;0;3;0;0;0.0;0.0;0.0
18;2021-01-05;5;0;0;8;0;0;0.0;0.0;0.0
18;2021-01-06;7;0;0;15;0;0;0.0;0.0;0.0
18;2021-01-07;36;1;0;51;1;0;0.0;0.0;0.0
18;2021-01-08;74;0;0;125;1;0;0.0;0.0;0.0
18;2021-01-09;214;0;0;339;1;0;0.1;0.0;0.0
18;2021-01-10;149;0;0;488;1;0;0.2;0.0;0.0
18;2021-01-11;185;0;0;673;1;0;0.2;0.0;0.0
18;2021-01-12;332;0;0;1005;1;0;0.3;0.0;0.0
18;2021-01-13;243;2;0;1248;3;0;0.4;0.0;0.0
18;2021-01-14;288;2;0;1536;5;0;0.5;0.0;0.0
18;2021-01-15;275;2;0;1811;7;0;0.6;0.0;0.0
18;2021-01-16;169;1;0;1980;8;0;0.7;0.0;0.0
18;2021-01-17;2;0;0;1982;8;0;0.7;0.0;0.0
18;2021-01-18;318;0;0;2300;8;0;0.8;0.0;0.0
18;2021-01-19;1281;4;0;3581;12;0;1.2;0.0;0.0
18;2021-01-20;1074;2;0;4655;14;0;1.6;0.0;0.0
18;2021-01-21;887;1;0;5542;15;0;1.9;0.0;0.0
18;2021-01-22;667;1;0;6209;16;0;2.1;0.0;0.0
18;2021-01-23;210;2;0;6419;18;0;2.2;0.0;0.0
18;2021-01-24;4;0;0;6423;18;0;2.2;0.0;0.0
18;2021-01-25;441;1;0;6864;19;0;2.3;0.0;0.0
18;2021-01-26;380;1;0;7244;20;0;2.4;0.0;0.0
18;2021-01-27;410;11;0;7654;31;0;2.6;0.0;0.0
18;2021-01-28;519;12;0;8173;43;0;2.8;0.0;0.0
18;2021-01-29;440;70;0;8613;113;0;2.9;0.0;0.0
18;2021-01-30;362;154;0;8975;267;0;3.0;0.1;0.0
18;2021-01-31;80;120;0;9055;387;0;3.1;0.1;0.0
18;2021-02-01;271;136;0;9326;523;0;3.1;0.2;0.0
18;2021-02-02;442;229;0;9768;752;0;3.3;0.3;0.0
18;2021-02-03;413;192;0;10181;944;0;3.4;0.3;0.0
18;2021-02-04;595;189;0;10776;1133;0;3.6;0.4;0.0
18;2021-02-05;382;169;0;11158;1302;0;3.8;0.4;0.0
18;2021-02-06;274;97;0;11432;1399;0;3.9;0.5;0.0
18;2021-02-07;108;2;0;11540;1401;0;3.9;0.5;0.0
18;2021-02-08;306;236;0;11846;1637;0;4.0;0.6;0.0
18;2021-02-09;593;740;0;12439;2377;0;4.2;0.8;0.0
18;2021-02-10;752;667;0;13191;3044;0;4.5;1.0;0.0
18;2021-02-11;670;456;0;13861;3500;0;4.7;1.2;0.0
18;2021-02-12;493;291;0;14354;3791;0;4.8;1.3;0.0
18;2021-02-13;274;122;0;14628;3913;0;4.9;1.3;0.0
18;2021-02-14;350;92;0;14978;4005;0;5.1;1.4;0.0
18;2021-02-15;370;404;0;15348;4409;0;5.2;1.5;0.0
18;2021-02-16;390;450;0;15738;4859;0;5.3;1.6;0.0
18;2021-02-17;410;500;0;16148;5359;0;5.4;1.8;0.0
18;2021-02-18;270;556;0;16418;5915;0;5.5;2.0;0.0
18;2021-02-19;323;368;0;16741;6283;0;5.6;2.1;0.0
18;2021-02-20;615;230;0;17356;6513;0;5.9;2.2;0.0
18;2021-02-21;313;5;0;17669;6518;0;6.0;2.2;0.0
18;2021-02-22;215;412;0;17884;6930;0;6.0;2.3;0.0
18;2021-02-23;237;383;0;18121;7313;0;6.1;2.5;0.0
18;2021-02-24;225;284;0;18346;7597;0;6.2;2.6;0.0
18;2021-02-25;329;571;0;18675;8168;0;6.3;2.8;0.0
18;2021-02-26;587;293;0;19262;8461;0;6.5;2.9;0.0
18;2021-02-27;495;389;0;19757;8850;0;6.7;3.0;0.0
18;2021-02-28;6;73;0;19763;8923;0;6.7;3.0;0.0
18;2021-03-01;249;426;0;20012;9349;0;6.8;3.2;0.0
18;2021-03-02;323;560;0;20335;9909;0;6.9;3.3;0.0
18;2021-03-03;360;610;0;20695;10519;0;7.0;3.5;0.0
18;2021-03-04;519;606;0;21214;11125;0;7.2;3.8;0.0
18;2021-03-05;588;365;0;21802;11490;0;7.4;3.9;0.0
18;2021-03-06;1077;340;0;22879;11830;0;7.7;4.0;0.0
18;2021-03-07;51;136;0;22930;11966;0;7.7;4.0;0.0
18;2021-03-08;339;379;0;23269;12345;0;7.9;4.2;0.0
18;2021-03-09;463;398;0;23732;12743;0;8.0;4.3;0.0
18;2021-03-10;493;465;0;24225;13208;0;8.2;4.5;0.0
18;2021-03-11;552;408;0;24777;13616;0;8.4;4.6;0.0
18;2021-03-12;799;322;0;25576;13938;0;8.6;4.7;0.0
18;2021-03-13;1192;241;0;26768;14179;0;9.0;4.8;0.0
18;2021-03-14;298;209;0;27066;14388;0;9.1;4.9;0.0
18;2021-03-15;528;393;0;27594;14781;0;9.3;5.0;0.0
18;2021-03-16;447;319;0;28041;15100;0;9.5;5.1;0.0
18;2021-03-17;408;414;0;28449;15514;0;9.6;5.2;0.0
18;2021-03-18;513;249;0;28962;15763;0;9.8;5.3;0.0
18;2021-03-19;793;243;0;29755;16006;0;10.0;5.4;0.0
18;2021-03-20;967;606;0;30722;16612;0;10.4;5.6;0.0
18;2021-03-21;310;303;0;31032;16915;0;10.5;5.7;0.0
18;2021-03-22;600;286;0;31632;17201;0;10.7;5.8;0.0
18;2021-03-23;829;278;0;32461;17479;0;11.0;5.9;0.0
18;2021-03-24;1117;284;0;33578;17763;0;11.3;6.0;0.0
18;2021-03-25;1242;308;0;34820;18071;0;11.7;6.1;0.0
18;2021-03-26;1314;347;0;36134;18418;0;12.2;6.2;0.0
18;2021-03-27;1478;312;0;37612;18730;0;12.7;6.3;0.0
18;2021-03-28;213;5;0;37825;18735;0;12.8;6.3;0.0
18;2021-03-29;1054;218;0;38879;18953;0;13.1;6.4;0.0
18;2021-03-30;1116;322;0;39995;19275;0;13.5;6.5;0.0
18;2021-03-31;1371;274;0;41366;19549;0;14.0;6.6;0.0
18;2021-04-01;1433;356;0;42799;19905;0;14.4;6.7;0.0
18;2021-04-02;1280;328;0;44079;20233;0;14.9;6.8;0.0
18;2021-04-03;623;174;0;44702;20407;0;15.1;6.9;0.0
18;2021-04-04;78;6;0;44780;20413;0;15.1;6.9;0.0
18;2021-04-05;205;2;0;44985;20415;0;15.2;6.9;0.0
18;2021-04-06;1087;368;0;46072;20783;0;15.5;7.0;0.0
18;2021-04-07;1290;412;0;47362;21195;0;16.0;7.2;0.0
18;2021-04-08;1728;368;0;49090;21563;0;16.6;7.3;0.0
18;2021-04-09;1902;329;0;50992;21892;0;17.2;7.4;0.0
18;2021-04-10;2552;653;0;53544;22545;0;18.1;7.6;0.0
18;2021-04-11;1878;324;0;55422;22869;0;18.7;7.7;0.0
18;2021-04-12;1382;423;0;56804;23292;0;19.2;7.9;0.0
18;2021-04-13;1713;492;0;58517;23784;0;19.7;8.0;0.0
18;2021-04-14;1362;530;0;59879;24314;0;20.2;8.2;0.0
18;2021-04-15;1501;578;0;61380;24892;0;20.7;8.4;0.0
18;2021-04-16;1692;636;0;63072;25528;0;21.3;8.6;0.0
18;2021-04-17;1501;525;0;64573;26053;0;21.8;8.8;0.0
18;2021-04-18;369;235;0;64942;26288;0;21.9;8.9;0.0
18;2021-04-19;1309;591;0;66251;26879;0;22.4;9.1;0.0
18;2021-04-20;1366;799;0;67617;27678;0;22.8;9.3;0.0
18;2021-04-21;1232;963;0;68849;28641;0;23.2;9.7;0.0
18;2021-04-22;1350;848;0;70199;29489;0;23.7;9.9;0.0
18;2021-04-23;1387;761;0;71586;30250;0;24.2;10.2;0.0
18;2021-04-24;1326;1253;0;72912;31503;0;24.6;10.6;0.0
18;2021-04-25;299;206;0;73211;31709;0;24.7;10.7;0.0
18;2021-04-26;1186;892;0;74397;32601;0;25.1;11.0;0.0
18;2021-04-27;1461;801;0;75858;33402;0;25.6;11.3;0.0
18;2021-04-28;1346;972;0;77204;34374;0;26.0;11.6;0.0
18;2021-04-29;1745;808;0;78949;35182;0;26.6;11.9;0.0
18;2021-04-30;1516;1047;0;80465;36229;0;27.1;12.2;0.0
18;2021-05-01;781;225;0;81246;36454;0;27.4;12.3;0.0
18;2021-05-02;764;63;0;82010;36517;0;27.7;12.3;0.0
18;2021-05-03;1638;1007;0;83648;37524;0;28.2;12.7;0.0
18;2021-05-04;1681;1333;0;85329;38857;0;28.8;13.1;0.0
18;2021-05-05;1675;1195;0;87004;40052;0;29.4;13.5;0.0
18;2021-05-06;2161;1376;0;89165;41428;0;30.1;14.0;0.0
18;2021-05-07;1283;1407;0;90448;42835;0;30.5;14.5;0.0
18;2021-05-08;976;1433;0;91424;44268;0;30.8;14.9;0.0
18;2021-05-09;482;2153;0;91906;46421;0;31.0;15.7;0.0
18;2021-05-10;1192;1498;0;93098;47919;0;31.4;16.2;0.0
18;2021-05-11;1737;1695;0;94835;49614;0;32.0;16.7;0.0
18;2021-05-12;1859;1387;0;96694;51001;0;32.6;17.2;0.0
18;2021-05-13;1083;325;0;97777;51326;0;33.0;17.3;0.0
18;2021-05-14;1440;980;0;99217;52306;0;33.5;17.6;0.0
18;2021-05-15;1882;1089;0;101099;53395;0;34.1;18.0;0.0
18;2021-05-16;544;555;0;101643;53950;0;34.3;18.2;0.0
18;2021-05-17;1292;1073;0;102935;55023;0;34.7;18.6;0.0
18;2021-05-18;2092;935;0;105027;55958;0;35.4;18.9;0.0
18;2021-05-19;2104;924;0;107131;56882;0;36.1;19.2;0.0
18;2021-05-20;2181;961;0;109312;57843;0;36.9;19.5;0.0
18;2021-05-21;1567;829;0;110879;58672;0;37.4;19.8;0.0
18;2021-05-22;1690;1042;0;112569;59714;0;38.0;20.1;0.0
18;2021-05-23;494;334;0;113063;60048;0;38.1;20.3;0.0
18;2021-05-24;576;302;0;113639;60350;0;38.3;20.4;0.0
18;2021-05-25;1710;1035;0;115349;61385;0;38.9;20.7;0.0
18;2021-05-26;2031;868;0;117380;62253;0;39.6;21.0;0.0
18;2021-05-27;1992;1164;0;119372;63417;0;40.3;21.4;0.0
18;2021-05-28;1707;1361;0;121079;64778;0;40.8;21.9;0.0
18;2021-05-29;2454;1616;0;123533;66394;0;41.7;22.4;0.0
18;2021-05-30;1481;488;0;125014;66882;0;42.2;22.6;0.0
18;2021-05-31;1586;679;0;126600;67561;0;42.7;22.8;0.0
18;2021-06-01;1926;951;0;128526;68512;0;43.4;23.1;0.0
18;2021-06-02;1877;1007;0;130403;69519;0;44.0;23.5;0.0
18;2021-06-03;2056;1215;0;132459;70734;0;44.7;23.9;0.0
18;2021-06-04;1817;1138;0;134276;71872;0;45.3;24.2;0.0
18;2021-06-05;2326;1396;0;136602;73268;0;46.1;24.7;0.0
18;2021-06-06;371;395;0;136973;73663;0;46.2;24.9;0.0
18;2021-06-07;1211;1190;0;138184;74853;0;46.6;25.3;0.0
18;2021-06-08;1479;1315;0;139663;76168;0;47.1;25.7;0.0
18;2021-06-09;1341;1056;0;141004;77224;0;47.6;26.1;0.0
18;2021-06-10;1548;1349;0;142552;78573;0;48.1;26.5;0.0
18;2021-06-11;1463;1402;0;144015;79975;0;48.6;27.0;0.0
18;2021-06-12;1205;2478;0;145220;82453;0;49.0;27.8;0.0
18;2021-06-13;145;258;0;145365;82711;0;49.0;27.9;0.0
18;2021-06-14;657;1852;0;146022;84563;0;49.3;28.5;0.0
18;2021-06-15;1186;1811;0;147208;86374;0;49.7;29.1;0.0
18;2021-06-16;1286;1445;0;148494;87819;0;50.1;29.6;0.0
18;2021-06-17;1326;1662;0;149820;89481;0;50.5;30.2;0.0
18;2021-06-18;1346;1733;0;151166;91214;0;51.0;30.8;0.0
18;2021-06-19;1511;1210;0;152677;92424;0;51.5;31.2;0.0
18;2021-06-20;251;179;0;152928;92603;0;51.6;31.2;0.0
18;2021-06-21;663;1689;0;153591;94292;0;51.8;31.8;0.0
18;2021-06-22;1095;1750;0;154686;96042;0;52.2;32.4;0.0
18;2021-06-23;1035;1704;0;155721;97746;0;52.5;33.0;0.0
18;2021-06-24;1053;1145;0;156774;98891;0;52.9;33.4;0.0
18;2021-06-25;963;1909;0;157737;100800;0;53.2;34.0;0.0
18;2021-06-26;1053;1533;0;158790;102333;0;53.6;34.5;0.0
18;2021-06-27;34;383;0;158824;102716;0;53.6;34.7;0.0
18;2021-06-28;433;1868;0;159257;104584;0;53.7;35.3;0.0
18;2021-06-29;613;2393;0;159870;106977;0;53.9;36.1;0.0
18;2021-06-30;642;2480;0;160512;109457;0;54.2;36.9;0.0
18;2021-07-01;1017;2058;0;161529;111515;0;54.5;37.6;0.0
18;2021-07-02;650;1666;0;162179;113181;0;54.7;38.2;0.0
18;2021-07-03;700;2440;0;162879;115621;0;55.0;39.0;0.0
18;2021-07-04;166;1006;0;163045;116627;0;55.0;39.3;0.0
18;2021-07-05;751;1820;0;163796;118447;0;55.3;40.0;0.0
18;2021-07-06;652;2307;0;164448;120754;0;55.5;40.7;0.0
18;2021-07-07;747;2060;0;165195;122814;0;55.7;41.4;0.0
18;2021-07-08;959;1877;0;166154;124691;0;56.1;42.1;0.0
18;2021-07-09;743;2348;0;166897;127039;0;56.3;42.9;0.0
18;2021-07-10;773;2984;0;167670;130023;0;56.6;43.9;0.0
18;2021-07-11;116;694;0;167786;130717;0;56.6;44.1;0.0
18;2021-07-12;280;2073;0;168066;132790;0;56.7;44.8;0.0
18;2021-07-13;708;2708;0;168774;135498;0;56.9;45.7;0.0
18;2021-07-14;256;903;0;169030;136401;0;57.0;46.0;0.0
18;2021-07-15;1485;2675;0;170515;139076;0;57.5;46.9;0.0
18;2021-07-16;1432;2178;0;171947;141254;0;58.0;47.7;0.0
18;2021-07-17;1128;2156;0;173075;143410;0;58.4;48.4;0.0
18;2021-07-18;259;336;0;173334;143746;0;58.5;48.5;0.0
18;2021-07-19;1265;1640;0;174599;145386;0;58.9;49.0;0.0
18;2021-07-20;1683;2326;0;176282;147712;0;59.5;49.8;0.0
18;2021-07-21;1868;2011;0;178150;149723;0;60.1;50.5;0.0
18;2021-07-22;2108;1955;0;180258;151678;0;60.8;51.2;0.0
18;2021-07-23;1518;1707;0;181776;153385;0;61.3;51.7;0.0
18;2021-07-24;1032;1516;0;182808;154901;0;61.7;52.3;0.0
18;2021-07-25;229;414;0;183037;155315;0;61.8;52.4;0.0
18;2021-07-26;1432;1494;0;184469;156809;0;62.2;52.9;0.0
18;2021-07-27;1876;1719;0;186345;158528;0;62.9;53.5;0.0
18;2021-07-28;2297;1866;0;188642;160394;0;63.6;54.1;0.0
18;2021-07-29;2208;1821;0;190850;162215;0;64.4;54.7;0.0
18;2021-07-30;1714;1438;0;192564;163653;0;65.0;55.2;0.0
18;2021-07-31;1171;1280;0;193735;164933;0;65.4;55.6;0.0
18;2021-08-01;125;39;0;193860;164972;0;65.4;55.7;0.0
18;2021-08-02;1491;824;0;195351;165796;0;65.9;55.9;0.0
18;2021-08-03;1859;1678;0;197210;167474;0;66.5;56.5;0.0
18;2021-08-04;2240;1101;0;199450;168575;0;67.3;56.9;0.0
18;2021-08-05;1721;1234;0;201171;169809;0;67.9;57.3;0.0
18;2021-08-06;1776;1155;0;202947;170964;0;68.5;57.7;0.0
18;2021-08-07;717;831;0;203664;171795;0;68.7;58.0;0.0
18;2021-08-08;62;79;0;203726;171874;0;68.7;58.0;0.0
18;2021-08-09;1122;1034;0;204848;172908;0;69.1;58.3;0.0
18;2021-08-10;1378;1642;0;206226;174550;0;69.6;58.9;0.0
18;2021-08-11;1708;1537;0;207934;176087;0;70.2;59.4;0.0
18;2021-08-12;1617;1621;0;209551;177708;0;70.7;60.0;0.0
18;2021-08-13;1099;1164;0;210650;178872;0;71.1;60.3;0.0
18;2021-08-14;772;657;0;211422;179529;0;71.3;60.6;0.0
18;2021-08-15;39;36;0;211461;179565;0;71.3;60.6;0.0
18;2021-08-16;815;1410;0;212276;180975;0;71.6;61.1;0.0
18;2021-08-17;1007;1977;0;213283;182952;0;72.0;61.7;0.0
18;2021-08-18;1141;1888;0;214424;184840;0;72.3;62.4;0.0
18;2021-08-19;1041;1726;0;215465;186566;0;72.7;62.9;0.0
18;2021-08-20;906;1764;0;216371;188330;0;73.0;63.5;0.0
18;2021-08-21;436;804;0;216807;189134;0;73.1;63.8;0.0
18;2021-08-22;24;88;0;216831;189222;0;73.2;63.8;0.0
18;2021-08-23;535;1664;0;217366;190886;0;73.3;64.4;0.0
18;2021-08-24;843;1734;0;218209;192620;0;73.6;65.0;0.0
18;2021-08-25;793;1882;0;219002;194502;0;73.9;65.6;0.0
18;2021-08-26;745;1697;0;219747;196199;0;74.1;66.2;0.0
18;2021-08-27;563;2061;0;220310;198260;0;74.3;66.9;0.0
18;2021-08-28;515;934;0;220825;199194;0;74.5;67.2;0.0
18;2021-08-29;92;181;0;220917;199375;0;74.5;67.3;0.0
18;2021-08-30;525;1388;33;221442;200763;33;74.7;67.7;0.0
18;2021-08-31;498;1534;48;221940;202297;81;74.9;68.3;0.0
18;2021-09-01;587;1602;130;222527;203899;211;75.1;68.8;0.1
18;2021-09-02;408;1264;154;222935;205163;365;75.2;69.2;0.1
18;2021-09-03;458;1192;165;223393;206355;530;75.4;69.6;0.2
18;2021-09-04;375;847;75;223768;207202;605;75.5;69.9;0.2
18;2021-09-05;32;62;23;223800;207264;628;75.5;69.9;0.2
18;2021-09-06;267;917;211;224067;208181;839;75.6;70.2;0.3
18;2021-09-07;314;946;162;224381;209127;1001;75.7;70.6;0.3
18;2021-09-08;402;1094;119;224783;210221;1120;75.8;70.9;0.4
18;2021-09-09;352;951;175;225135;211172;1295;76.0;71.2;0.4
18;2021-09-10;414;914;172;225549;212086;1467;76.1;71.6;0.5
18;2021-09-11;261;824;93;225810;212910;1560;76.2;71.8;0.5
18;2021-09-12;7;28;13;225817;212938;1573;76.2;71.8;0.5
18;2021-09-13;334;741;160;226151;213679;1733;76.3;72.1;0.6
18;2021-09-14;284;784;276;226435;214463;2009;76.4;72.4;0.7
18;2021-09-15;337;1031;340;226772;215494;2349;76.5;72.7;0.8
18;2021-09-16;466;853;293;227238;216347;2642;76.7;73.0;0.9
18;2021-09-17;350;704;361;227588;217051;3003;76.8;73.2;1.0
18;2021-09-18;197;655;132;227785;217706;3135;76.8;73.4;1.1
18;2021-09-19;8;10;11;227793;217716;3146;76.9;73.5;1.1
18;2021-09-20;153;546;288;227946;218262;3434;76.9;73.6;1.2
18;2021-09-21;128;453;270;228074;218715;3704;76.9;73.8;1.2
18;2021-09-22;182;776;356;228256;219491;4060;77.0;74.1;1.4
18;2021-09-23;246;442;527;228502;219933;4587;77.1;74.2;1.5
18;2021-09-24;140;492;355;228642;220425;4942;77.1;74.4;1.7
18;2021-09-25;150;712;172;228792;221137;5114;77.2;74.6;1.7
18;2021-09-26;16;96;48;228808;221233;5162;77.2;74.6;1.7
18;2021-09-27;111;324;276;228919;221557;5438;77.2;74.7;1.8
18;2021-09-28;85;287;306;229004;221844;5744;77.3;74.8;1.9
18;2021-09-29;83;299;226;229087;222143;5970;77.3;74.9;2.0
18;2021-09-30;120;281;529;229207;222424;6499;77.3;75.0;2.2
18;2021-10-01;169;303;336;229376;222727;6835;77.4;75.1;2.3
18;2021-10-02;80;212;77;229456;222939;6912;77.4;75.2;2.3
18;2021-10-03;8;13;32;229464;222952;6944;77.4;75.2;2.3
18;2021-10-04;141;423;364;229605;223375;7308;77.5;75.4;2.5
18;2021-10-05;137;311;418;229742;223686;7726;77.5;75.5;2.6
18;2021-10-06;134;424;459;229876;224110;8185;77.6;75.6;2.8
18;2021-10-07;109;383;343;229985;224493;8528;77.6;75.7;2.9
18;2021-10-08;161;504;571;230146;224997;9099;77.6;75.9;3.1
18;2021-10-09;123;298;159;230269;225295;9258;77.7;76.0;3.1
18;2021-10-10;6;13;36;230275;225308;9294;77.7;76.0;3.1
18;2021-10-11;152;201;510;230427;225509;9804;77.7;76.1;3.3
18;2021-10-12;146;198;630;230573;225707;10434;77.8;76.1;3.5
18;2021-10-13;156;226;451;230729;225933;10885;77.8;76.2;3.7
18;2021-10-14;63;231;328;230792;226164;11213;77.9;76.3;3.8
18;2021-10-15;164;288;768;230956;226452;11981;77.9;76.4;4.0
18;2021-10-16;152;245;825;231108;226697;12806;78.0;76.5;4.3
18;2021-10-17;8;19;36;231116;226716;12842;78.0;76.5;4.3
18;2021-10-18;124;169;464;231240;226885;13306;78.0;76.5;4.5
18;2021-10-19;101;106;447;231341;226991;13753;78.0;76.6;4.6
18;2021-10-20;143;131;651;231484;227122;14404;78.1;76.6;4.9
18;2021-10-21;66;82;404;231550;227204;14808;78.1;76.7;5.0
18;2021-10-22;126;188;583;231676;227392;15391;78.2;76.7;5.2
18;2021-10-23;92;91;313;231768;227483;15704;78.2;76.7;5.3
18;2021-10-24;6;7;27;231774;227490;15731;78.2;76.7;5.3
18;2021-10-25;104;145;543;231878;227635;16274;78.2;76.8;5.5
18;2021-10-26;88;146;430;231966;227781;16704;78.3;76.8;5.6
18;2021-10-27;110;160;601;232076;227941;17305;78.3;76.9;5.8
18;2021-10-28;58;78;531;232134;228019;17836;78.3;76.9;6.0
18;2021-10-29;130;166;641;232264;228185;18477;78.4;77.0;6.2
18;2021-10-30;80;114;200;232344;228299;18677;78.4;77.0;6.3
18;2021-10-31;0;1;2;232344;228300;18679;78.4;77.0;6.3
18;2021-11-01;5;10;2;232349;228310;18681;78.4;77.0;6.3
18;2021-11-02;71;145;508;232420;228455;19189;78.4;77.1;6.5
18;2021-11-03;103;219;796;232523;228674;19985;78.4;77.1;6.7
18;2021-11-04;63;73;459;232586;228747;20444;78.5;77.2;6.9
18;2021-11-05;72;134;720;232658;228881;21164;78.5;77.2;7.1
18;2021-11-06;75;144;1284;232733;229025;22448;78.5;77.3;7.6
18;2021-11-07;6;14;45;232739;229039;22493;78.5;77.3;7.6
18;2021-11-08;61;114;906;232800;229153;23399;78.5;77.3;7.9
18;2021-11-09;78;113;885;232878;229266;24284;78.6;77.3;8.2
18;2021-11-10;113;154;1051;232991;229420;25335;78.6;77.4;8.5
18;2021-11-11;0;2;11;232991;229422;25346;78.6;77.4;8.6
18;2021-11-12;67;127;701;233058;229549;26047;78.6;77.4;8.8
18;2021-11-13;50;106;385;233108;229655;26432;78.6;77.5;8.9
18;2021-11-14;0;3;7;233108;229658;26439;78.6;77.5;8.9
18;2021-11-15;73;111;1173;233181;229769;27612;78.7;77.5;9.3
18;2021-11-16;98;96;1453;233279;229865;29065;78.7;77.6;9.8
18;2021-11-17;159;155;1601;233438;230020;30666;78.8;77.6;10.3
18;2021-11-18;58;75;1074;233496;230095;31740;78.8;77.6;10.7
18;2021-11-19;102;147;1326;233598;230242;33066;78.8;77.7;11.2
18;2021-11-20;76;114;905;233674;230356;33971;78.8;77.7;11.5
18;2021-11-21;16;16;75;233690;230372;34046;78.8;77.7;11.5
18;2021-11-22;99;54;1216;233789;230426;35262;78.9;77.7;11.9
18;2021-11-23;113;89;1478;233902;230515;36740;78.9;77.8;12.4
18;2021-11-24;146;107;1504;234048;230622;38244;79.0;77.8;12.9
18;2021-11-25;52;75;1179;234100;230697;39423;79.0;77.8;13.3
18;2021-11-26;130;117;1796;234230;230814;41219;79.0;77.9;13.9
18;2021-11-27;109;81;990;234339;230895;42209;79.1;77.9;14.2
18;2021-11-28;9;13;416;234348;230908;42625;79.1;77.9;14.4
18;2021-11-29;107;75;2009;234455;230983;44634;79.1;77.9;15.1
18;2021-11-30;82;79;2269;234537;231062;46903;79.1;78.0;15.8
18;2021-12-01;78;112;2528;234615;231174;49431;79.2;78.0;16.7
18;2021-12-02;81;59;2749;234696;231233;52180;79.2;78.0;17.6
18;2021-12-03;74;80;2493;234770;231313;54673;79.2;78.0;18.4
18;2021-12-04;42;90;2191;234812;231403;56864;79.2;78.1;19.2
18;2021-12-05;6;3;118;234818;231406;56982;79.2;78.1;19.2
18;2021-12-06;42;91;2566;234860;231497;59548;79.2;78.1;20.1
18;2021-12-07;51;96;3636;234911;231593;63184;79.3;78.1;21.3
18;2021-12-08;61;142;3061;234972;231735;66245;79.3;78.2;22.3
18;2021-12-09;85;102;3321;235057;231837;69566;79.3;78.2;23.5
18;2021-12-10;80;143;3813;235137;231980;73379;79.3;78.3;24.8
18;2021-12-11;66;85;3176;235203;232065;76555;79.4;78.3;25.8
18;2021-12-12;28;21;686;235231;232086;77241;79.4;78.3;26.1
18;2021-12-13;50;114;2778;235281;232200;80019;79.4;78.3;27.0
18;2021-12-14;79;117;3931;235360;232317;83950;79.4;78.4;28.3
18;2021-12-15;105;139;3877;235465;232456;87827;79.4;78.4;29.6
19;2020-12-27;0;0;0;0;0;0;0.0;0.0;0.0
19;2020-12-28;0;0;0;0;0;0;0.0;0.0;0.0
19;2020-12-29;1;0;0;1;0;0;0.0;0.0;0.0
19;2020-12-30;0;0;0;1;0;0;0.0;0.0;0.0
19;2020-12-31;0;0;0;1;0;0;0.0;0.0;0.0
19;2021-01-01;0;0;0;1;0;0;0.0;0.0;0.0
19;2021-01-02;0;0;0;1;0;0;0.0;0.0;0.0
19;2021-01-03;0;0;0;1;0;0;0.0;0.0;0.0
19;2021-01-04;0;0;0;1;0;0;0.0;0.0;0.0
19;2021-01-05;0;0;0;1;0;0;0.0;0.0;0.0
19;2021-01-06;0;0;0;1;0;0;0.0;0.0;0.0
19;2021-01-07;323;2;0;324;2;0;0.1;0.0;0.0
19;2021-01-08;236;1;0;560;3;0;0.2;0.0;0.0
19;2021-01-09;2;0;0;562;3;0;0.2;0.0;0.0
19;2021-01-10;1;0;0;563;3;0;0.2;0.0;0.0
19;2021-01-11;45;0;0;608;3;0;0.3;0.0;0.0
19;2021-01-12;383;2;0;991;5;0;0.4;0.0;0.0
19;2021-01-13;340;2;0;1331;7;0;0.6;0.0;0.0
19;2021-01-14;452;1;0;1783;8;0;0.7;0.0;0.0
19;2021-01-15;229;18;0;2012;26;0;0.8;0.0;0.0
19;2021-01-16;11;0;0;2023;26;0;0.8;0.0;0.0
19;2021-01-17;3;0;0;2026;26;0;0.8;0.0;0.0
19;2021-01-18;263;1;0;2289;27;0;1.0;0.0;0.0
19;2021-01-19;470;0;0;2759;27;0;1.1;0.0;0.0
19;2021-01-20;884;10;0;3643;37;0;1.5;0.0;0.0
19;2021-01-21;468;4;0;4111;41;0;1.7;0.0;0.0
19;2021-01-22;1210;13;0;5321;54;0;2.2;0.0;0.0
19;2021-01-23;269;0;0;5590;54;0;2.3;0.0;0.0
19;2021-01-24;38;0;0;5628;54;0;2.3;0.0;0.0
19;2021-01-25;234;0;0;5862;54;0;2.4;0.0;0.0
19;2021-01-26;540;1;0;6402;55;0;2.7;0.0;0.0
19;2021-01-27;300;2;0;6702;57;0;2.8;0.0;0.0
19;2021-01-28;284;237;0;6986;294;0;2.9;0.1;0.0
19;2021-01-29;315;60;0;7301;354;0;3.0;0.1;0.0
19;2021-01-30;128;20;0;7429;374;0;3.1;0.2;0.0
19;2021-01-31;41;1;0;7470;375;0;3.1;0.2;0.0
19;2021-02-01;164;92;0;7634;467;0;3.2;0.2;0.0
19;2021-02-02;308;399;0;7942;866;0;3.3;0.4;0.0
19;2021-02-03;272;215;0;8214;1081;0;3.4;0.4;0.0
19;2021-02-04;262;353;0;8476;1434;0;3.5;0.6;0.0
19;2021-02-05;312;85;0;8788;1519;0;3.7;0.6;0.0
19;2021-02-06;193;5;0;8981;1524;0;3.7;0.6;0.0
19;2021-02-07;45;2;0;9026;1526;0;3.8;0.6;0.0
19;2021-02-08;182;154;0;9208;1680;0;3.8;0.7;0.0
19;2021-02-09;285;264;0;9493;1944;0;3.9;0.8;0.0
19;2021-02-10;488;277;0;9981;2221;0;4.2;0.9;0.0
19;2021-02-11;411;322;0;10392;2543;0;4.3;1.1;0.0
19;2021-02-12;749;1088;0;11141;3631;0;4.6;1.5;0.0
19;2021-02-13;332;178;0;11473;3809;0;4.8;1.6;0.0
19;2021-02-14;95;12;0;11568;3821;0;4.8;1.6;0.0
19;2021-02-15;194;234;0;11762;4055;0;4.9;1.7;0.0
19;2021-02-16;349;176;0;12111;4231;0;5.0;1.8;0.0
19;2021-02-17;291;487;0;12402;4718;0;5.2;2.0;0.0
19;2021-02-18;182;480;0;12584;5198;0;5.2;2.2;0.0
19;2021-02-19;451;281;0;13035;5479;0;5.4;2.3;0.0
19;2021-02-20;128;194;0;13163;5673;0;5.5;2.4;0.0
19;2021-02-21;20;42;0;13183;5715;0;5.5;2.4;0.0
19;2021-02-22;210;207;0;13393;5922;0;5.6;2.5;0.0
19;2021-02-23;249;324;0;13642;6246;0;5.7;2.6;0.0
19;2021-02-24;333;219;0;13975;6465;0;5.8;2.7;0.0
19;2021-02-25;507;364;0;14482;6829;0;6.0;2.8;0.0
19;2021-02-26;425;327;0;14907;7156;0;6.2;3.0;0.0
19;2021-02-27;352;149;0;15259;7305;0;6.3;3.0;0.0
19;2021-02-28;67;36;0;15326;7341;0;6.4;3.1;0.0
19;2021-03-01;261;217;0;15587;7558;0;6.5;3.1;0.0
19;2021-03-02;409;241;0;15996;7799;0;6.7;3.2;0.0
19;2021-03-03;668;346;0;16664;8145;0;6.9;3.4;0.0
19;2021-03-04;797;321;0;17461;8466;0;7.3;3.5;0.0
19;2021-03-05;901;697;0;18362;9163;0;7.6;3.8;0.0
19;2021-03-06;1041;192;0;19403;9355;0;8.1;3.9;0.0
19;2021-03-07;449;38;0;19852;9393;0;8.3;3.9;0.0
19;2021-03-08;582;179;0;20434;9572;0;8.5;4.0;0.0
19;2021-03-09;852;248;0;21286;9820;0;8.9;4.1;0.0
19;2021-03-10;1096;309;0;22382;10129;0;9.3;4.2;0.0
19;2021-03-11;1280;287;0;23662;10416;0;9.8;4.3;0.0
19;2021-03-12;1243;385;0;24905;10801;0;10.4;4.5;0.0
19;2021-03-13;1079;154;0;25984;10955;0;10.8;4.6;0.0
19;2021-03-14;145;78;0;26129;11033;0;10.9;4.6;0.0
19;2021-03-15;661;151;0;26790;11184;0;11.1;4.7;0.0
19;2021-03-16;653;266;0;27443;11450;0;11.4;4.8;0.0
19;2021-03-17;772;289;0;28215;11739;0;11.7;4.9;0.0
19;2021-03-18;734;259;0;28949;11998;0;12.0;5.0;0.0
19;2021-03-19;991;450;0;29940;12448;0;12.5;5.2;0.0
19;2021-03-20;752;122;0;30692;12570;0;12.8;5.2;0.0
19;2021-03-21;117;4;0;30809;12574;0;12.8;5.2;0.0
19;2021-03-22;554;172;0;31363;12746;0;13.0;5.3;0.0
19;2021-03-23;1003;227;0;32366;12973;0;13.5;5.4;0.0
19;2021-03-24;1113;356;0;33479;13329;0;13.9;5.5;0.0
19;2021-03-25;1209;391;0;34688;13720;0;14.4;5.7;0.0
19;2021-03-26;1331;295;0;36019;14015;0;15.0;5.8;0.0
19;2021-03-27;817;187;0;36836;14202;0;15.3;5.9;0.0
19;2021-03-28;72;59;0;36908;14261;0;15.4;5.9;0.0
19;2021-03-29;604;173;0;37512;14434;0;15.6;6.0;0.0
19;2021-03-30;933;349;0;38445;14783;0;16.0;6.2;0.0
19;2021-03-31;1084;498;0;39529;15281;0;16.4;6.4;0.0
19;2021-04-01;1454;375;0;40983;15656;0;17.1;6.5;0.0
19;2021-04-02;1021;529;0;42004;16185;0;17.5;6.7;0.0
19;2021-04-03;585;261;0;42589;16446;0;17.7;6.8;0.0
19;2021-04-04;135;4;0;42724;16450;0;17.8;6.8;0.0
19;2021-04-05;64;72;0;42788;16522;0;17.8;6.9;0.0
19;2021-04-06;731;577;0;43519;17099;0;18.1;7.1;0.0
19;2021-04-07;925;728;0;44444;17827;0;18.5;7.4;0.0
19;2021-04-08;1126;960;0;45570;18787;0;19.0;7.8;0.0
19;2021-04-09;1629;671;0;47199;19458;0;19.6;8.1;0.0
19;2021-04-10;939;522;0;48138;19980;0;20.0;8.3;0.0
19;2021-04-11;511;66;0;48649;20046;0;20.2;8.3;0.0
19;2021-04-12;715;500;0;49364;20546;0;20.5;8.5;0.0
19;2021-04-13;926;561;0;50290;21107;0;20.9;8.8;0.0
19;2021-04-14;1354;815;0;51644;21922;0;21.5;9.1;0.0
19;2021-04-15;1251;800;0;52895;22722;0;22.0;9.5;0.0
19;2021-04-16;1530;814;0;54425;23536;0;22.6;9.8;0.0
19;2021-04-17;776;460;0;55201;23996;0;23.0;10.0;0.0
19;2021-04-18;583;65;0;55784;24061;0;23.2;10.0;0.0
19;2021-04-19;733;430;0;56517;24491;0;23.5;10.2;0.0
19;2021-04-20;922;699;0;57439;25190;0;23.9;10.5;0.0
19;2021-04-21;1184;700;0;58623;25890;0;24.4;10.8;0.0
19;2021-04-22;1089;879;0;59712;26769;0;24.8;11.1;0.0
19;2021-04-23;1186;977;0;60898;27746;0;25.3;11.5;0.0
19;2021-04-24;660;652;0;61558;28398;0;25.6;11.8;0.0
19;2021-04-25;641;72;0;62199;28470;0;25.9;11.8;0.0
19;2021-04-26;1102;338;0;63301;28808;0;26.3;12.0;0.0
19;2021-04-27;1071;551;0;64372;29359;0;26.8;12.2;0.0
19;2021-04-28;1540;567;0;65912;29926;0;27.4;12.5;0.0
19;2021-04-29;1464;1087;0;67376;31013;0;28.0;12.9;0.0
19;2021-04-30;1915;1082;0;69291;32095;0;28.8;13.4;0.0
19;2021-05-01;673;183;0;69964;32278;0;29.1;13.4;0.0
19;2021-05-02;552;150;0;70516;32428;0;29.3;13.5;0.0
19;2021-05-03;959;546;0;71475;32974;0;29.7;13.7;0.0
19;2021-05-04;1143;712;0;72618;33686;0;30.2;14.0;0.0
19;2021-05-05;1388;759;0;74006;34445;0;30.8;14.3;0.0
19;2021-05-06;1345;1162;0;75351;35607;0;31.4;14.8;0.0
19;2021-05-07;1732;1196;0;77083;36803;0;32.1;15.3;0.0
19;2021-05-08;854;228;0;77937;37031;0;32.4;15.4;0.0
19;2021-05-09;470;510;0;78407;37541;0;32.6;15.6;0.0
19;2021-05-10;1209;742;0;79616;38283;0;33.1;15.9;0.0
19;2021-05-11;1652;878;0;81268;39161;0;33.8;16.3;0.0
19;2021-05-12;1935;1339;0;83203;40500;0;34.6;16.9;0.0
19;2021-05-13;635;294;0;83838;40794;0;34.9;17.0;0.0
19;2021-05-14;1593;972;0;85431;41766;0;35.5;17.4;0.0
19;2021-05-15;1341;585;0;86772;42351;0;36.1;17.6;0.0
19;2021-05-16;287;95;0;87059;42446;0;36.2;17.7;0.0
19;2021-05-17;1432;585;0;88491;43031;0;36.8;17.9;0.0
19;2021-05-18;1643;518;0;90134;43549;0;37.5;18.1;0.0
19;2021-05-19;1972;852;0;92106;44401;0;38.3;18.5;0.0
19;2021-05-20;1757;896;0;93863;45297;0;39.1;18.8;0.0
19;2021-05-21;1967;875;0;95830;46172;0;39.9;19.2;0.0
19;2021-05-22;1204;631;0;97034;46803;0;40.4;19.5;0.0
19;2021-05-23;292;126;0;97326;46929;0;40.5;19.5;0.0
19;2021-05-24;218;58;0;97544;46987;0;40.6;19.6;0.0
19;2021-05-25;1486;555;0;99030;47542;0;41.2;19.8;0.0
19;2021-05-26;1932;691;0;100962;48233;0;42.0;20.1;0.0
19;2021-05-27;1807;879;0;102769;49112;0;42.8;20.4;0.0
19;2021-05-28;1939;1065;0;104708;50177;0;43.6;20.9;0.0
19;2021-05-29;1345;699;0;106053;50876;0;44.1;21.2;0.0
19;2021-05-30;181;458;0;106234;51334;0;44.2;21.4;0.0
19;2021-05-31;1176;550;0;107410;51884;0;44.7;21.6;0.0
19;2021-06-01;1295;898;0;108705;52782;0;45.2;22.0;0.0
19;2021-06-02;1758;1016;0;110463;53798;0;46.0;22.4;0.0
19;2021-06-03;1496;1172;0;111959;54970;0;46.6;22.9;0.0
19;2021-06-04;1833;1397;0;113792;56367;0;47.3;23.5;0.0
19;2021-06-05;1135;794;0;114927;57161;0;47.8;23.8;0.0
19;2021-06-06;102;593;0;115029;57754;0;47.9;24.0;0.0
19;2021-06-07;918;1013;0;115947;58767;0;48.2;24.5;0.0
19;2021-06-08;1103;963;0;117050;59730;0;48.7;24.9;0.0
19;2021-06-09;1245;1461;0;118295;61191;0;49.2;25.5;0.0
19;2021-06-10;1259;1532;0;119554;62723;0;49.7;26.1;0.0
19;2021-06-11;1279;1954;0;120833;64677;0;50.3;26.9;0.0
19;2021-06-12;1255;1298;0;122088;65975;0;50.8;27.5;0.0
19;2021-06-13;472;418;0;122560;66393;0;51.0;27.6;0.0
19;2021-06-14;687;1149;0;123247;67542;0;51.3;28.1;0.0
19;2021-06-15;943;1289;0;124190;68831;0;51.7;28.6;0.0
19;2021-06-16;1168;1514;0;125358;70345;0;52.2;29.3;0.0
19;2021-06-17;871;1855;0;126229;72200;0;52.5;30.0;0.0
19;2021-06-18;1012;2159;0;127241;74359;0;52.9;30.9;0.0
19;2021-06-19;846;1390;0;128087;75749;0;53.3;31.5;0.0
19;2021-06-20;341;319;0;128428;76068;0;53.4;31.7;0.0
19;2021-06-21;500;1147;0;128928;77215;0;53.6;32.1;0.0
19;2021-06-22;650;1550;0;129578;78765;0;53.9;32.8;0.0
19;2021-06-23;681;1994;0;130259;80759;0;54.2;33.6;0.0
19;2021-06-24;653;1595;0;130912;82354;0;54.5;34.3;0.0
19;2021-06-25;557;2174;0;131469;84528;0;54.7;35.2;0.0
19;2021-06-26;454;1668;0;131923;86196;0;54.9;35.9;0.0
19;2021-06-27;252;376;0;132175;86572;0;55.0;36.0;0.0
19;2021-06-28;297;1525;0;132472;88097;0;55.1;36.7;0.0
19;2021-06-29;370;1908;0;132842;90005;0;55.3;37.4;0.0
19;2021-06-30;718;2080;0;133560;92085;0;55.6;38.3;0.0
19;2021-07-01;341;2267;0;133901;94352;0;55.7;39.3;0.0
19;2021-07-02;749;2291;0;134650;96643;0;56.0;40.2;0.0
19;2021-07-03;479;1694;0;135129;98337;0;56.2;40.9;0.0
19;2021-07-04;20;65;0;135149;98402;0;56.2;40.9;0.0
19;2021-07-05;585;1047;0;135734;99449;0;56.5;41.4;0.0
19;2021-07-06;470;1540;0;136204;100989;0;56.7;42.0;0.0
19;2021-07-07;611;2127;0;136815;103116;0;56.9;42.9;0.0
19;2021-07-08;724;2106;0;137539;105222;0;57.2;43.8;0.0
19;2021-07-09;683;2609;0;138222;107831;0;57.5;44.9;0.0
19;2021-07-10;530;1644;0;138752;109475;0;57.7;45.6;0.0
19;2021-07-11;60;215;0;138812;109690;0;57.8;45.6;0.0
19;2021-07-12;445;1503;0;139257;111193;0;57.9;46.3;0.0
19;2021-07-13;665;1833;0;139922;113026;0;58.2;47.0;0.0
19;2021-07-14;218;272;0;140140;113298;0;58.3;47.1;0.0
19;2021-07-15;849;1967;0;140989;115265;0;58.7;48.0;0.0
19;2021-07-16;1117;2353;0;142106;117618;0;59.1;48.9;0.0
19;2021-07-17;716;1582;0;142822;119200;0;59.4;49.6;0.0
19;2021-07-18;312;582;0;143134;119782;0;59.6;49.8;0.0
19;2021-07-19;918;1354;0;144052;121136;0;59.9;50.4;0.0
19;2021-07-20;968;1595;0;145020;122731;0;60.3;51.1;0.0
19;2021-07-21;1053;1625;0;146073;124356;0;60.8;51.7;0.0
19;2021-07-22;1334;1720;0;147407;126076;0;61.3;52.5;0.0
19;2021-07-23;1682;1928;0;149089;128004;0;62.0;53.3;0.0
19;2021-07-24;909;1607;0;149998;129611;0;62.4;53.9;0.0
19;2021-07-25;168;457;0;150166;130068;0;62.5;54.1;0.0
19;2021-07-26;905;921;0;151071;130989;0;62.9;54.5;0.0
19;2021-07-27;1370;1049;0;152441;132038;0;63.4;54.9;0.0
19;2021-07-28;1929;1176;0;154370;133214;0;64.2;55.4;0.0
19;2021-07-29;1563;1124;0;155933;134338;0;64.9;55.9;0.0
19;2021-07-30;1830;1033;0;157763;135371;0;65.6;56.3;0.0
19;2021-07-31;1099;965;0;158862;136336;0;66.1;56.7;0.0
19;2021-08-01;344;320;0;159206;136656;0;66.2;56.9;0.0
19;2021-08-02;1059;747;0;160265;137403;0;66.7;57.2;0.0
19;2021-08-03;1389;938;0;161654;138341;0;67.3;57.6;0.0
19;2021-08-04;1678;642;0;163332;138983;0;68.0;57.8;0.0
19;2021-08-05;1418;852;0;164750;139835;0;68.5;58.2;0.0
19;2021-08-06;1786;1138;0;166536;140973;0;69.3;58.7;0.0
19;2021-08-07;1188;896;0;167724;141869;0;69.8;59.0;0.0
19;2021-08-08;184;184;0;167908;142053;0;69.9;59.1;0.0
19;2021-08-09;931;739;0;168839;142792;0;70.3;59.4;0.0
19;2021-08-10;1117;943;0;169956;143735;0;70.7;59.8;0.0
19;2021-08-11;1169;905;0;171125;144640;0;71.2;60.2;0.0
19;2021-08-12;933;1100;0;172058;145740;0;71.6;60.6;0.0
19;2021-08-13;1071;1112;0;173129;146852;0;72.0;61.1;0.0
19;2021-08-14;845;1066;0;173974;147918;0;72.4;61.5;0.0
19;2021-08-15;40;63;0;174014;147981;0;72.4;61.6;0.0
19;2021-08-16;538;964;0;174552;148945;0;72.6;62.0;0.0
19;2021-08-17;554;1121;0;175106;150066;0;72.9;62.4;0.0
19;2021-08-18;570;910;0;175676;150976;0;73.1;62.8;0.0
19;2021-08-19;438;1194;0;176114;152170;0;73.3;63.3;0.0
19;2021-08-20;784;1760;0;176898;153930;0;73.6;64.0;0.0
19;2021-08-21;420;1256;0;177318;155186;0;73.8;64.6;0.0
19;2021-08-22;49;105;0;177367;155291;0;73.8;64.6;0.0
19;2021-08-23;220;1106;0;177587;156397;0;73.9;65.1;0.0
19;2021-08-24;438;1180;0;178025;157577;0;74.1;65.6;0.0
19;2021-08-25;562;1461;0;178587;159038;0;74.3;66.2;0.0
19;2021-08-26;444;1303;0;179031;160341;0;74.5;66.7;0.0
19;2021-08-27;448;1585;0;179479;161926;0;74.7;67.4;0.0
19;2021-08-28;338;1198;0;179817;163124;0;74.8;67.9;0.0
19;2021-08-29;51;170;0;179868;163294;0;74.8;67.9;0.0
19;2021-08-30;228;1070;5;180096;164364;5;74.9;68.4;0.0
19;2021-08-31;316;1260;97;180412;165624;102;75.1;68.9;0.0
19;2021-09-01;364;1333;43;180776;166957;145;75.2;69.5;0.1
19;2021-09-02;342;1088;118;181118;168045;263;75.4;69.9;0.1
19;2021-09-03;379;1373;93;181497;169418;356;75.5;70.5;0.1
19;2021-09-04;270;1253;26;181767;170671;382;75.6;71.0;0.2
19;2021-09-05;25;98;128;181792;170769;510;75.6;71.1;0.2
19;2021-09-06;189;589;69;181981;171358;579;75.7;71.3;0.2
19;2021-09-07;216;680;70;182197;172038;649;75.8;71.6;0.3
19;2021-09-08;266;715;188;182463;172753;837;75.9;71.9;0.3
19;2021-09-09;252;519;94;182715;173272;931;76.0;72.1;0.4
19;2021-09-10;252;697;147;182967;173969;1078;76.1;72.4;0.4
19;2021-09-11;268;949;95;183235;174918;1173;76.2;72.8;0.5
19;2021-09-12;26;48;74;183261;174966;1247;76.3;72.8;0.5
19;2021-09-13;98;250;242;183359;175216;1489;76.3;72.9;0.6
19;2021-09-14;173;340;253;183532;175556;1742;76.4;73.0;0.7
19;2021-09-15;229;559;312;183761;176115;2054;76.5;73.3;0.9
19;2021-09-16;213;355;257;183974;176470;2311;76.5;73.4;1.0
19;2021-09-17;249;522;171;184223;176992;2482;76.7;73.6;1.0
19;2021-09-18;163;628;87;184386;177620;2569;76.7;73.9;1.1
19;2021-09-19;12;23;4;184398;177643;2573;76.7;73.9;1.1
19;2021-09-20;116;212;284;184514;177855;2857;76.8;74.0;1.2
19;2021-09-21;126;267;417;184640;178122;3274;76.8;74.1;1.4
19;2021-09-22;134;365;272;184774;178487;3546;76.9;74.3;1.5
19;2021-09-23;78;277;241;184852;178764;3787;76.9;74.4;1.6
19;2021-09-24;131;333;375;184983;179097;4162;77.0;74.5;1.7
19;2021-09-25;128;507;127;185111;179604;4289;77.0;74.7;1.8
19;2021-09-26;15;24;4;185126;179628;4293;77.0;74.7;1.8
19;2021-09-27;42;201;287;185168;179829;4580;77.0;74.8;1.9
19;2021-09-28;65;197;280;185233;180026;4860;77.1;74.9;2.0
19;2021-09-29;83;334;263;185316;180360;5123;77.1;75.0;2.1
19;2021-09-30;107;279;224;185423;180639;5347;77.2;75.2;2.2
19;2021-10-01;123;233;217;185546;180872;5564;77.2;75.3;2.3
19;2021-10-02;134;302;185;185680;181174;5749;77.3;75.4;2.4
19;2021-10-03;9;12;10;185689;181186;5759;77.3;75.4;2.4
19;2021-10-04;56;119;208;185745;181305;5967;77.3;75.4;2.5
19;2021-10-05;79;161;325;185824;181466;6292;77.3;75.5;2.6
19;2021-10-06;108;239;311;185932;181705;6603;77.4;75.6;2.7
19;2021-10-07;62;231;289;185994;181936;6892;77.4;75.7;2.9
19;2021-10-08;79;235;266;186073;182171;7158;77.4;75.8;3.0
19;2021-10-09;133;245;263;186206;182416;7421;77.5;75.9;3.1
19;2021-10-10;3;8;22;186209;182424;7443;77.5;75.9;3.1
19;2021-10-11;59;148;257;186268;182572;7700;77.5;76.0;3.2
19;2021-10-12;77;159;443;186345;182731;8143;77.5;76.0;3.4
19;2021-10-13;105;184;324;186450;182915;8467;77.6;76.1;3.5
19;2021-10-14;71;98;349;186521;183013;8816;77.6;76.1;3.7
19;2021-10-15;97;152;278;186618;183165;9094;77.6;76.2;3.8
19;2021-10-16;121;219;272;186739;183384;9366;77.7;76.3;3.9
19;2021-10-17;0;21;1;186739;183405;9367;77.7;76.3;3.9
19;2021-10-18;45;73;309;186784;183478;9676;77.7;76.3;4.0
19;2021-10-19;62;79;418;186846;183557;10094;77.7;76.4;4.2
19;2021-10-20;60;141;463;186906;183698;10557;77.8;76.4;4.4
19;2021-10-21;60;105;435;186966;183803;10992;77.8;76.5;4.6
19;2021-10-22;91;111;365;187057;183914;11357;77.8;76.5;4.7
19;2021-10-23;98;186;443;187155;184100;11800;77.9;76.6;4.9
19;2021-10-24;2;13;9;187157;184113;11809;77.9;76.6;4.9
19;2021-10-25;46;70;381;187203;184183;12190;77.9;76.6;5.1
19;2021-10-26;53;66;479;187256;184249;12669;77.9;76.7;5.3
19;2021-10-27;49;84;520;187305;184333;13189;77.9;76.7;5.5
19;2021-10-28;62;90;521;187367;184423;13710;78.0;76.7;5.7
19;2021-10-29;59;95;360;187426;184518;14070;78.0;76.8;5.9
19;2021-10-30;76;125;425;187502;184643;14495;78.0;76.8;6.0
19;2021-10-31;5;5;32;187507;184648;14527;78.0;76.8;6.0
19;2021-11-01;3;2;8;187510;184650;14535;78.0;76.8;6.0
19;2021-11-02;58;76;589;187568;184726;15124;78.0;76.9;6.3
19;2021-11-03;54;98;531;187622;184824;15655;78.1;76.9;6.5
19;2021-11-04;54;63;522;187676;184887;16177;78.1;76.9;6.7
19;2021-11-05;62;101;519;187738;184988;16696;78.1;77.0;6.9
19;2021-11-06;95;123;470;187833;185111;17166;78.2;77.0;7.1
19;2021-11-07;2;3;11;187835;185114;17177;78.2;77.0;7.1
19;2021-11-08;38;70;481;187873;185184;17658;78.2;77.1;7.3
19;2021-11-09;48;92;885;187921;185276;18543;78.2;77.1;7.7
19;2021-11-10;62;83;741;187983;185359;19284;78.2;77.1;8.0
19;2021-11-11;3;1;13;187986;185360;19297;78.2;77.1;8.0
19;2021-11-12;63;76;579;188049;185436;19876;78.2;77.2;8.3
19;2021-11-13;51;70;488;188100;185506;20364;78.3;77.2;8.5
19;2021-11-14;13;3;39;188113;185509;20403;78.3;77.2;8.5
19;2021-11-15;33;56;544;188146;185565;20947;78.3;77.2;8.7
19;2021-11-16;43;51;1042;188189;185616;21989;78.3;77.2;9.1
19;2021-11-17;57;69;844;188246;185685;22833;78.3;77.3;9.5
19;2021-11-18;51;64;691;188297;185749;23524;78.3;77.3;9.8
19;2021-11-19;88;94;995;188385;185843;24519;78.4;77.3;10.2
19;2021-11-20;79;108;691;188464;185951;25210;78.4;77.4;10.5
19;2021-11-21;10;7;52;188474;185958;25262;78.4;77.4;10.5
19;2021-11-22;48;31;734;188522;185989;25996;78.4;77.4;10.8
19;2021-11-23;73;66;1235;188595;186055;27231;78.5;77.4;11.3
19;2021-11-24;72;70;953;188667;186125;28184;78.5;77.4;11.7
19;2021-11-25;69;58;1018;188736;186183;29202;78.5;77.5;12.2
19;2021-11-26;94;61;1256;188830;186244;30458;78.6;77.5;12.7
19;2021-11-27;91;107;1323;188921;186351;31781;78.6;77.5;13.2
19;2021-11-28;31;17;812;188952;186368;32593;78.6;77.5;13.6
19;2021-11-29;29;28;1104;188981;186396;33697;78.6;77.6;14.0
19;2021-11-30;62;68;1823;189043;186464;35520;78.7;77.6;14.8
19;2021-12-01;33;42;1349;189076;186506;36869;78.7;77.6;15.3
19;2021-12-02;37;30;2118;189113;186536;38987;78.7;77.6;16.2
19;2021-12-03;75;86;2166;189188;186622;41153;78.7;77.7;17.1
19;2021-12-04;45;73;1663;189233;186695;42816;78.7;77.7;17.8
19;2021-12-05;8;12;314;189241;186707;43130;78.7;77.7;17.9
19;2021-12-06;32;33;1497;189273;186740;44627;78.8;77.7;18.6
19;2021-12-07;47;46;2291;189320;186786;46918;78.8;77.7;19.5
19;2021-12-08;47;64;1949;189367;186850;48867;78.8;77.7;20.3
19;2021-12-09;43;60;2157;189410;186910;51024;78.8;77.8;21.2
19;2021-12-10;65;83;2838;189475;186993;53862;78.8;77.8;22.4
19;2021-12-11;35;80;2080;189510;187073;55942;78.9;77.8;23.3
19;2021-12-12;12;10;686;189522;187083;56628;78.9;77.8;23.6
19;2021-12-13;32;58;2009;189554;187141;58637;78.9;77.9;24.4
19;2021-12-14;68;75;3270;189622;187216;61907;78.9;77.9;25.8
19;2021-12-15;59;81;2811;189681;187297;64718;78.9;77.9;26.9
21;2020-12-27;4;0;0;4;0;0;0.0;0.0;0.0
21;2020-12-28;1;0;0;5;0;0;0.0;0.0;0.0
21;2020-12-29;18;0;0;23;0;0;0.0;0.0;0.0
21;2020-12-30;21;0;0;44;0;0;0.0;0.0;0.0
21;2020-12-31;0;0;0;44;0;0;0.0;0.0;0.0
21;2021-01-01;0;0;0;44;0;0;0.0;0.0;0.0
21;2021-01-02;1;0;0;45;0;0;0.0;0.0;0.0
21;2021-01-03;0;0;0;45;0;0;0.0;0.0;0.0
21;2021-01-04;19;0;0;64;0;0;0.0;0.0;0.0
21;2021-01-05;239;1;0;303;1;0;0.1;0.0;0.0
21;2021-01-06;299;0;0;602;1;0;0.1;0.0;0.0
21;2021-01-07;368;0;0;970;1;0;0.2;0.0;0.0
21;2021-01-08;460;2;0;1430;3;0;0.3;0.0;0.0
21;2021-01-09;248;0;0;1678;3;0;0.3;0.0;0.0
21;2021-01-10;2;0;0;1680;3;0;0.3;0.0;0.0
21;2021-01-11;627;1;0;2307;4;0;0.4;0.0;0.0
21;2021-01-12;637;0;0;2944;4;0;0.6;0.0;0.0
21;2021-01-13;692;1;0;3636;5;0;0.7;0.0;0.0
21;2021-01-14;1138;8;0;4774;13;0;0.9;0.0;0.0
21;2021-01-15;696;4;0;5470;17;0;1.0;0.0;0.0
21;2021-01-16;156;2;0;5626;19;0;1.1;0.0;0.0
21;2021-01-17;5;0;0;5631;19;0;1.1;0.0;0.0
21;2021-01-18;1259;6;0;6890;25;0;1.3;0.0;0.0
21;2021-01-19;1244;4;0;8134;29;0;1.5;0.0;0.0
21;2021-01-20;1203;49;0;9337;78;0;1.8;0.0;0.0
21;2021-01-21;1494;8;0;10831;86;0;2.0;0.0;0.0
21;2021-01-22;1240;5;0;12071;91;0;2.3;0.0;0.0
21;2021-01-23;482;0;0;12553;91;0;2.4;0.0;0.0
21;2021-01-24;125;0;0;12678;91;0;2.4;0.0;0.0
21;2021-01-25;907;17;0;13585;108;0;2.5;0.0;0.0
21;2021-01-26;1477;142;0;15062;250;0;2.8;0.0;0.0
21;2021-01-27;1972;160;0;17034;410;0;3.2;0.1;0.0
21;2021-01-28;1458;230;0;18492;640;0;3.5;0.1;0.0
21;2021-01-29;1047;225;0;19539;865;0;3.7;0.2;0.0
21;2021-01-30;480;38;0;20019;903;0;3.8;0.2;0.0
21;2021-01-31;93;4;0;20112;907;0;3.8;0.2;0.0
21;2021-02-01;470;297;0;20582;1204;0;3.9;0.2;0.0
21;2021-02-02;448;370;0;21030;1574;0;3.9;0.3;0.0
21;2021-02-03;497;291;0;21527;1865;0;4.0;0.3;0.0
21;2021-02-04;437;526;0;21964;2391;0;4.1;0.4;0.0
21;2021-02-05;544;514;0;22508;2905;0;4.2;0.5;0.0
21;2021-02-06;159;216;0;22667;3121;0;4.3;0.6;0.0
21;2021-02-07;1;4;0;22668;3125;0;4.3;0.6;0.0
21;2021-02-08;428;398;0;23096;3523;0;4.3;0.7;0.0
21;2021-02-09;514;542;0;23610;4065;0;4.4;0.8;0.0
21;2021-02-10;468;590;0;24078;4655;0;4.5;0.9;0.0
21;2021-02-11;484;732;0;24562;5387;0;4.6;1.0;0.0
21;2021-02-12;391;950;0;24953;6337;0;4.7;1.2;0.0
21;2021-02-13;337;298;0;25290;6635;0;4.7;1.2;0.0
21;2021-02-14;218;152;0;25508;6787;0;4.8;1.3;0.0
21;2021-02-15;129;1344;0;25637;8131;0;4.8;1.5;0.0
21;2021-02-16;219;1493;0;25856;9624;0;4.9;1.8;0.0
21;2021-02-17;381;1923;0;26237;11547;0;4.9;2.2;0.0
21;2021-02-18;577;1316;0;26814;12863;0;5.0;2.4;0.0
21;2021-02-19;216;1084;0;27030;13947;0;5.1;2.6;0.0
21;2021-02-20;120;382;0;27150;14329;0;5.1;2.7;0.0
21;2021-02-21;0;73;0;27150;14402;0;5.1;2.7;0.0
21;2021-02-22;92;782;0;27242;15184;0;5.1;2.8;0.0
21;2021-02-23;179;1006;0;27421;16190;0;5.1;3.0;0.0
21;2021-02-24;212;738;0;27633;16928;0;5.2;3.2;0.0
21;2021-02-25;637;826;0;28270;17754;0;5.3;3.3;0.0
21;2021-02-26;926;708;0;29196;18462;0;5.5;3.5;0.0
21;2021-02-27;520;305;0;29716;18767;0;5.6;3.5;0.0
21;2021-02-28;24;99;0;29740;18866;0;5.6;3.5;0.0
21;2021-03-01;693;613;0;30433;19479;0;5.7;3.7;0.0
21;2021-03-02;1076;540;0;31509;20019;0;5.9;3.8;0.0
21;2021-03-03;1124;457;0;32633;20476;0;6.1;3.8;0.0
21;2021-03-04;1638;516;0;34271;20992;0;6.4;3.9;0.0
21;2021-03-05;2172;659;0;36443;21651;0;6.8;4.1;0.0
21;2021-03-06;1577;208;0;38020;21859;0;7.1;4.1;0.0
21;2021-03-07;36;24;0;38056;21883;0;7.1;4.1;0.0
21;2021-03-08;746;449;0;38802;22332;0;7.3;4.2;0.0
21;2021-03-09;1571;570;0;40373;22902;0;7.6;4.3;0.0
21;2021-03-10;1629;563;0;42002;23465;0;7.9;4.4;0.0
21;2021-03-11;2155;695;0;44157;24160;0;8.3;4.5;0.0
21;2021-03-12;2861;457;0;47018;24617;0;8.8;4.6;0.0
21;2021-03-13;1907;193;0;48925;24810;0;9.2;4.7;0.0
21;2021-03-14;46;47;0;48971;24857;0;9.2;4.7;0.0
21;2021-03-15;1401;94;0;50372;24951;0;9.5;4.7;0.0
21;2021-03-16;1784;158;0;52156;25109;0;9.8;4.7;0.0
21;2021-03-17;1727;122;0;53883;25231;0;10.1;4.7;0.0
21;2021-03-18;2024;272;0;55907;25503;0;10.5;4.8;0.0
21;2021-03-19;1912;152;0;57819;25655;0;10.9;4.8;0.0
21;2021-03-20;1213;41;0;59032;25696;0;11.1;4.8;0.0
21;2021-03-21;6;0;0;59038;25696;0;11.1;4.8;0.0
21;2021-03-22;1516;95;0;60554;25791;0;11.4;4.8;0.0
21;2021-03-23;2624;119;0;63178;25910;0;11.9;4.9;0.0
21;2021-03-24;2797;156;0;65975;26066;0;12.4;4.9;0.0
21;2021-03-25;3641;254;0;69616;26320;0;13.1;4.9;0.0
21;2021-03-26;3614;207;0;73230;26527;0;13.7;5.0;0.0
21;2021-03-27;1636;65;0;74866;26592;0;14.0;5.0;0.0
21;2021-03-28;204;37;0;75070;26629;0;14.1;5.0;0.0
21;2021-03-29;1737;531;0;76807;27160;0;14.4;5.1;0.0
21;2021-03-30;2271;788;0;79078;27948;0;14.8;5.2;0.0
21;2021-03-31;2671;659;0;81749;28607;0;15.3;5.4;0.0
21;2021-04-01;2636;728;0;84385;29335;0;15.8;5.5;0.0
21;2021-04-02;2247;755;0;86632;30090;0;16.3;5.6;0.0
21;2021-04-03;988;280;0;87620;30370;0;16.4;5.7;0.0
21;2021-04-04;4;16;0;87624;30386;0;16.4;5.7;0.0
21;2021-04-05;20;1;0;87644;30387;0;16.4;5.7;0.0
21;2021-04-06;1323;1138;0;88967;31525;0;16.7;5.9;0.0
21;2021-04-07;1696;968;0;90663;32493;0;17.0;6.1;0.0
21;2021-04-08;3108;1112;0;93771;33605;0;17.6;6.3;0.0
21;2021-04-09;3357;1178;0;97128;34783;0;18.2;6.5;0.0
21;2021-04-10;1336;737;0;98464;35520;0;18.5;6.7;0.0
21;2021-04-11;140;9;0;98604;35529;0;18.5;6.7;0.0
21;2021-04-12;1144;1339;0;99748;36868;0;18.7;6.9;0.0
21;2021-04-13;1690;1712;0;101438;38580;0;19.0;7.2;0.0
21;2021-04-14;1488;1437;0;102926;40017;0;19.3;7.5;0.0
21;2021-04-15;1945;1545;0;104871;41562;0;19.7;7.8;0.0
21;2021-04-16;2336;1265;0;107207;42827;0;20.1;8.0;0.0
21;2021-04-17;1048;977;0;108255;43804;0;20.3;8.2;0.0
21;2021-04-18;27;11;0;108282;43815;0;20.3;8.2;0.0
21;2021-04-19;1140;1328;0;109422;45143;0;20.5;8.5;0.0
21;2021-04-20;1273;1781;0;110695;46924;0;20.8;8.8;0.0
21;2021-04-21;1157;1694;0;111852;48618;0;21.0;9.1;0.0
21;2021-04-22;1314;2146;0;113166;50764;0;21.2;9.5;0.0
21;2021-04-23;2037;1751;0;115203;52515;0;21.6;9.9;0.0
21;2021-04-24;1012;839;0;116215;53354;0;21.8;10.0;0.0
21;2021-04-25;21;164;0;116236;53518;0;21.8;10.0;0.0
21;2021-04-26;1120;1570;0;117356;55088;0;22.0;10.3;0.0
21;2021-04-27;1921;1899;0;119277;56987;0;22.4;10.7;0.0
21;2021-04-28;2383;2200;0;121660;59187;0;22.8;11.1;0.0
21;2021-04-29;3296;2263;0;124956;61450;0;23.4;11.5;0.0
21;2021-04-30;3661;1838;0;128617;63288;0;24.1;11.9;0.0
21;2021-05-01;1015;233;0;129632;63521;0;24.3;11.9;0.0
21;2021-05-02;20;10;0;129652;63531;0;24.3;11.9;0.0
21;2021-05-03;2181;1277;0;131833;64808;0;24.7;12.2;0.0
21;2021-05-04;2666;1606;0;134499;66414;0;25.2;12.5;0.0
21;2021-05-05;2496;1710;0;136995;68124;0;25.7;12.8;0.0
21;2021-05-06;3188;2251;0;140183;70375;0;26.3;13.2;0.0
21;2021-05-07;2916;2118;0;143099;72493;0;26.9;13.6;0.0
21;2021-05-08;1166;277;0;144265;72770;0;27.1;13.7;0.0
21;2021-05-09;58;171;0;144323;72941;0;27.1;13.7;0.0
21;2021-05-10;3178;1732;0;147501;74673;0;27.7;14.0;0.0
21;2021-05-11;4827;2039;0;152328;76712;0;28.6;14.4;0.0
21;2021-05-12;4829;1771;0;157157;78483;0;29.5;14.7;0.0
21;2021-05-13;3753;377;0;160910;78860;0;30.2;14.8;0.0
21;2021-05-14;5114;1511;0;166024;80371;0;31.2;15.1;0.0
21;2021-05-15;3452;673;0;169476;81044;0;31.8;15.2;0.0
21;2021-05-16;87;13;0;169563;81057;0;31.8;15.2;0.0
21;2021-05-17;3998;1249;0;173561;82306;0;32.6;15.4;0.0
21;2021-05-18;4251;1542;0;177812;83848;0;33.4;15.7;0.0
21;2021-05-19;3526;1122;0;181338;84970;0;34.0;15.9;0.0
21;2021-05-20;3945;1374;0;185283;86344;0;34.8;16.2;0.0
21;2021-05-21;3712;2131;0;188995;88475;0;35.5;16.6;0.0
21;2021-05-22;1636;750;0;190631;89225;0;35.8;16.7;0.0
21;2021-05-23;54;33;0;190685;89258;0;35.8;16.7;0.0
21;2021-05-24;1717;256;0;192402;89514;0;36.1;16.8;0.0
21;2021-05-25;2688;2014;0;195090;91528;0;36.6;17.2;0.0
21;2021-05-26;2640;2034;0;197730;93562;0;37.1;17.6;0.0
21;2021-05-27;3932;2136;0;201662;95698;0;37.8;18.0;0.0
21;2021-05-28;3534;2819;0;205196;98517;0;38.5;18.5;0.0
21;2021-05-29;1909;1427;0;207105;99944;0;38.9;18.8;0.0
21;2021-05-30;132;29;0;207237;99973;0;38.9;18.8;0.0
21;2021-05-31;2501;1781;0;209738;101754;0;39.4;19.1;0.0
21;2021-06-01;3379;2248;0;213117;104002;0;40.0;19.5;0.0
21;2021-06-02;2826;1830;0;215943;105832;0;40.5;19.9;0.0
21;2021-06-03;3289;2073;0;219232;107905;0;41.1;20.2;0.0
21;2021-06-04;3447;2672;0;222679;110577;0;41.8;20.8;0.0
21;2021-06-05;2837;1638;0;225516;112215;0;42.3;21.1;0.0
21;2021-06-06;101;98;0;225617;112313;0;42.3;21.1;0.0
21;2021-06-07;4212;1504;0;229829;113817;0;43.1;21.4;0.0
21;2021-06-08;4675;2254;0;234504;116071;0;44.0;21.8;0.0
21;2021-06-09;4465;1788;0;238969;117859;0;44.8;22.1;0.0
21;2021-06-10;3848;2603;0;242817;120462;0;45.6;22.6;0.0
21;2021-06-11;4150;3180;0;246967;123642;0;46.3;23.2;0.0
21;2021-06-12;2120;1653;0;249087;125295;0;46.7;23.5;0.0
21;2021-06-13;72;26;0;249159;125321;0;46.8;23.5;0.0
21;2021-06-14;2221;2678;0;251380;127999;0;47.2;24.0;0.0
21;2021-06-15;2920;3167;0;254300;131166;0;47.7;24.6;0.0
21;2021-06-16;2906;2814;0;257206;133980;0;48.3;25.1;0.0
21;2021-06-17;3316;3110;0;260522;137090;0;48.9;25.7;0.0
21;2021-06-18;2482;3870;0;263004;140960;0;49.4;26.5;0.0
21;2021-06-19;1979;1887;0;264983;142847;0;49.7;26.8;0.0
21;2021-06-20;42;37;0;265025;142884;0;49.7;26.8;0.0
21;2021-06-21;1801;3536;0;266826;146420;0;50.1;27.5;0.0
21;2021-06-22;1845;5810;0;268671;152230;0;50.4;28.6;0.0
21;2021-06-23;1999;5048;0;270670;157278;0;50.8;29.5;0.0
21;2021-06-24;2318;4632;0;272988;161910;0;51.2;30.4;0.0
21;2021-06-25;1512;5867;0;274500;167777;0;51.5;31.5;0.0
21;2021-06-26;1354;3838;0;275854;171615;0;51.8;32.2;0.0
21;2021-06-27;30;160;0;275884;171775;0;51.8;32.2;0.0
21;2021-06-28;1351;4079;0;277235;175854;0;52.0;33.0;0.0
21;2021-06-29;1572;4257;0;278807;180111;0;52.3;33.8;0.0
21;2021-06-30;1576;3508;0;280383;183619;0;52.6;34.5;0.0
21;2021-07-01;1722;4220;0;282105;187839;0;52.9;35.2;0.0
21;2021-07-02;2228;4209;0;284333;192048;0;53.4;36.0;0.0
21;2021-07-03;1096;2026;0;285429;194074;0;53.6;36.4;0.0
21;2021-07-04;57;97;0;285486;194171;0;53.6;36.4;0.0
21;2021-07-05;1581;3660;0;287067;197831;0;53.9;37.1;0.0
21;2021-07-06;1395;3649;0;288462;201480;0;54.1;37.8;0.0
21;2021-07-07;1532;3346;0;289994;204826;0;54.4;38.4;0.0
21;2021-07-08;1893;4100;0;291887;208926;0;54.8;39.2;0.0
21;2021-07-09;2049;4402;0;293936;213328;0;55.2;40.0;0.0
21;2021-07-10;1062;2548;0;294998;215876;0;55.4;40.5;0.0
21;2021-07-11;53;122;0;295051;215998;0;55.4;40.5;0.0
21;2021-07-12;1633;3791;0;296684;219789;0;55.7;41.2;0.0
21;2021-07-13;2309;4994;0;298993;224783;0;56.1;42.2;0.0
21;2021-07-14;2617;1947;0;301610;226730;0;56.6;42.5;0.0
21;2021-07-15;3735;4669;0;305345;231399;0;57.3;43.4;0.0
21;2021-07-16;3810;5200;0;309155;236599;0;58.0;44.4;0.0
21;2021-07-17;2567;3988;0;311722;240587;0;58.5;45.1;0.0
21;2021-07-18;213;140;0;311935;240727;0;58.5;45.2;0.0
21;2021-07-19;2298;4730;0;314233;245457;0;59.0;46.1;0.0
21;2021-07-20;2772;5437;0;317005;250894;0;59.5;47.1;0.0
21;2021-07-21;2904;4812;0;319909;255706;0;60.0;48.0;0.0
21;2021-07-22;3068;4732;0;322977;260438;0;60.6;48.9;0.0
21;2021-07-23;4110;4933;0;327087;265371;0;61.4;49.8;0.0
21;2021-07-24;2933;2893;0;330020;268264;0;61.9;50.3;0.0
21;2021-07-25;127;103;0;330147;268367;0;62.0;50.4;0.0
21;2021-07-26;2653;3631;0;332800;271998;0;62.5;51.0;0.0
21;2021-07-27;3442;3877;0;336242;275875;0;63.1;51.8;0.0
21;2021-07-28;3640;3397;0;339882;279272;0;63.8;52.4;0.0
21;2021-07-29;4081;3394;1;343963;282666;1;64.5;53.0;0.0
21;2021-07-30;4341;3390;0;348304;286056;1;65.4;53.7;0.0
21;2021-07-31;3218;2331;0;351522;288387;1;66.0;54.1;0.0
21;2021-08-01;351;100;0;351873;288487;1;66.0;54.1;0.0
21;2021-08-02;2592;3155;0;354465;291642;1;66.5;54.7;0.0
21;2021-08-03;2669;2763;0;357134;294405;1;67.0;55.2;0.0
21;2021-08-04;2365;2435;0;359499;296840;1;67.5;55.7;0.0
21;2021-08-05;2218;3081;0;361717;299921;1;67.9;56.3;0.0
21;2021-08-06;2586;3387;0;364303;303308;1;68.4;56.9;0.0
21;2021-08-07;1851;2566;0;366154;305874;1;68.7;57.4;0.0
21;2021-08-08;120;130;0;366274;306004;1;68.7;57.4;0.0
21;2021-08-09;1643;2911;0;367917;308915;1;69.0;58.0;0.0
21;2021-08-10;1452;2759;0;369369;311674;1;69.3;58.5;0.0
21;2021-08-11;1697;2476;0;371066;314150;1;69.6;59.0;0.0
21;2021-08-12;1277;2505;0;372343;316655;1;69.9;59.4;0.0
21;2021-08-13;1496;2828;0;373839;319483;1;70.2;60.0;0.0
21;2021-08-14;874;2424;0;374713;321907;1;70.3;60.4;0.0
21;2021-08-15;69;104;0;374782;322011;1;70.3;60.4;0.0
21;2021-08-16;1247;2773;0;376029;324784;1;70.6;60.9;0.0
21;2021-08-17;1204;2810;0;377233;327594;1;70.8;61.5;0.0
21;2021-08-18;1042;2899;0;378275;330493;1;71.0;62.0;0.0
21;2021-08-19;970;3046;0;379245;333539;1;71.2;62.6;0.0
21;2021-08-20;1038;4060;0;380283;337599;1;71.4;63.4;0.0
21;2021-08-21;788;3018;0;381071;340617;1;71.5;63.9;0.0
21;2021-08-22;37;147;0;381108;340764;1;71.5;63.9;0.0
21;2021-08-23;877;3272;0;381985;344036;1;71.7;64.6;0.0
21;2021-08-24;981;2987;0;382966;347023;1;71.9;65.1;0.0
21;2021-08-25;850;2637;0;383816;349660;1;72.0;65.6;0.0
21;2021-08-26;713;2506;0;384529;352166;1;72.2;66.1;0.0
21;2021-08-27;1025;3488;0;385554;355654;1;72.4;66.7;0.0
21;2021-08-28;689;2774;0;386243;358428;1;72.5;67.3;0.0
21;2021-08-29;53;233;0;386296;358661;1;72.5;67.3;0.0
21;2021-08-30;787;2231;56;387083;360892;57;72.6;67.7;0.0
21;2021-08-31;913;1993;117;387996;362885;174;72.8;68.1;0.0
21;2021-09-01;695;1649;185;388691;364534;359;72.9;68.4;0.1
21;2021-09-02;525;1317;267;389216;365851;626;73.0;68.7;0.1
21;2021-09-03;762;1852;325;389978;367703;951;73.2;69.0;0.2
21;2021-09-04;738;1454;235;390716;369157;1186;73.3;69.3;0.2
21;2021-09-05;71;73;27;390787;369230;1213;73.3;69.3;0.2
21;2021-09-06;397;1245;244;391184;370475;1457;73.4;69.5;0.3
21;2021-09-07;371;1006;282;391555;371481;1739;73.5;69.7;0.3
21;2021-09-08;565;1270;329;392120;372751;2068;73.6;69.9;0.4
21;2021-09-09;419;906;451;392539;373657;2519;73.7;70.1;0.5
21;2021-09-10;608;1351;414;393147;375008;2933;73.8;70.4;0.6
21;2021-09-11;438;1250;170;393585;376258;3103;73.9;70.6;0.6
21;2021-09-12;28;37;3;393613;376295;3106;73.9;70.6;0.6
21;2021-09-13;233;666;248;393846;376961;3354;73.9;70.7;0.6
21;2021-09-14;449;943;460;394295;377904;3814;74.0;70.9;0.7
21;2021-09-15;452;906;612;394747;378810;4426;74.1;71.1;0.8
21;2021-09-16;339;750;524;395086;379560;4950;74.1;71.2;0.9
21;2021-09-17;528;1026;484;395614;380586;5434;74.2;71.4;1.0
21;2021-09-18;303;950;189;395917;381536;5623;74.3;71.6;1.1
21;2021-09-19;9;35;2;395926;381571;5625;74.3;71.6;1.1
21;2021-09-20;219;579;270;396145;382150;5895;74.3;71.7;1.1
21;2021-09-21;363;655;568;396508;382805;6463;74.4;71.8;1.2
21;2021-09-22;321;909;429;396829;383714;6892;74.5;72.0;1.3
21;2021-09-23;272;469;458;397101;384183;7350;74.5;72.1;1.4
21;2021-09-24;332;783;660;397433;384966;8010;74.6;72.2;1.5
21;2021-09-25;186;843;215;397619;385809;8225;74.6;72.4;1.5
21;2021-09-26;9;33;7;397628;385842;8232;74.6;72.4;1.5
21;2021-09-27;208;427;487;397836;386269;8719;74.7;72.5;1.6
21;2021-09-28;205;451;600;398041;386720;9319;74.7;72.6;1.7
21;2021-09-29;234;511;428;398275;387231;9747;74.7;72.7;1.8
21;2021-09-30;256;405;653;398531;387636;10400;74.8;72.7;2.0
21;2021-10-01;436;783;804;398967;388419;11204;74.9;72.9;2.1
21;2021-10-02;229;556;195;399196;388975;11399;74.9;73.0;2.1
21;2021-10-03;7;26;7;399203;389001;11406;74.9;73.0;2.1
21;2021-10-04;205;292;386;399408;389293;11792;75.0;73.1;2.2
21;2021-10-05;157;417;593;399565;389710;12385;75.0;73.1;2.3
21;2021-10-06;230;490;591;399795;390200;12976;75.0;73.2;2.4
21;2021-10-07;141;324;530;399936;390524;13506;75.1;73.3;2.5
21;2021-10-08;373;690;995;400309;391214;14501;75.1;73.4;2.7
21;2021-10-09;243;423;490;400552;391637;14991;75.2;73.5;2.8
21;2021-10-10;10;22;6;400562;391659;14997;75.2;73.5;2.8
21;2021-10-11;129;282;437;400691;391941;15434;75.2;73.6;2.9
21;2021-10-12;166;397;707;400857;392338;16141;75.2;73.6;3.0
21;2021-10-13;223;385;722;401080;392723;16863;75.3;73.7;3.2
21;2021-10-14;169;334;608;401249;393057;17471;75.3;73.8;3.3
21;2021-10-15;276;449;1008;401525;393506;18479;75.3;73.8;3.5
21;2021-10-16;195;282;480;401720;393788;18959;75.4;73.9;3.6
21;2021-10-17;6;14;5;401726;393802;18964;75.4;73.9;3.6
21;2021-10-18;114;234;578;401840;394036;19542;75.4;73.9;3.7
21;2021-10-19;113;260;600;401953;394296;20142;75.4;74.0;3.8
21;2021-10-20;254;295;853;402207;394591;20995;75.5;74.0;3.9
21;2021-10-21;122;259;653;402329;394850;21648;75.5;74.1;4.1
21;2021-10-22;269;420;1100;402598;395270;22748;75.6;74.2;4.3
21;2021-10-23;163;244;393;402761;395514;23141;75.6;74.2;4.3
21;2021-10-24;17;14;33;402778;395528;23174;75.6;74.2;4.3
21;2021-10-25;169;228;627;402947;395756;23801;75.6;74.3;4.5
21;2021-10-26;124;145;690;403071;395901;24491;75.6;74.3;4.6
21;2021-10-27;207;271;1215;403278;396172;25706;75.7;74.3;4.8
21;2021-10-28;132;172;747;403410;396344;26453;75.7;74.4;5.0
21;2021-10-29;188;304;1348;403598;396648;27801;75.7;74.4;5.2
21;2021-10-30;112;184;383;403710;396832;28184;75.8;74.5;5.3
21;2021-10-31;2;10;13;403712;396842;28197;75.8;74.5;5.3
21;2021-11-01;13;20;1;403725;396862;28198;75.8;74.5;5.3
21;2021-11-02;145;206;776;403870;397068;28974;75.8;74.5;5.4
21;2021-11-03;174;266;1162;404044;397334;30136;75.8;74.6;5.7
21;2021-11-04;124;143;935;404168;397477;31071;75.8;74.6;5.8
21;2021-11-05;209;329;1608;404377;397806;32679;75.9;74.7;6.1
21;2021-11-06;137;241;808;404514;398047;33487;75.9;74.7;6.3
21;2021-11-07;4;4;1;404518;398051;33488;75.9;74.7;6.3
21;2021-11-08;130;170;1262;404648;398221;34750;75.9;74.7;6.5
21;2021-11-09;114;163;1524;404762;398384;36274;76.0;74.8;6.8
21;2021-11-10;193;276;1864;404955;398660;38138;76.0;74.8;7.2
21;2021-11-11;10;16;38;404965;398676;38176;76.0;74.8;7.2
21;2021-11-12;216;276;1878;405181;398952;40054;76.0;74.9;7.5
21;2021-11-13;133;171;564;405314;399123;40618;76.1;74.9;7.6
21;2021-11-14;2;13;14;405316;399136;40632;76.1;74.9;7.6
21;2021-11-15;116;130;1433;405432;399266;42065;76.1;74.9;7.9
21;2021-11-16;104;151;1545;405536;399417;43610;76.1;75.0;8.2
21;2021-11-17;210;253;1898;405746;399670;45508;76.1;75.0;8.5
21;2021-11-18;123;173;1469;405869;399843;46977;76.2;75.0;8.8
21;2021-11-19;225;305;2475;406094;400148;49452;76.2;75.1;9.3
21;2021-11-20;172;210;809;406266;400358;50261;76.2;75.1;9.4
21;2021-11-21;12;6;8;406278;400364;50269;76.2;75.1;9.4
21;2021-11-22;126;117;1622;406404;400481;51891;76.3;75.2;9.7
21;2021-11-23;108;113;1915;406512;400594;53806;76.3;75.2;10.1
21;2021-11-24;233;246;2321;406745;400840;56127;76.3;75.2;10.5
21;2021-11-25;120;133;2227;406865;400973;58354;76.4;75.2;11.0
21;2021-11-26;257;255;4712;407122;401228;63066;76.4;75.3;11.8
21;2021-11-27;169;171;2625;407291;401399;65691;76.4;75.3;12.3
21;2021-11-28;7;5;261;407298;401404;65952;76.4;75.3;12.4
21;2021-11-29;100;112;3975;407398;401516;69927;76.5;75.3;13.1
21;2021-11-30;135;137;4625;407533;401653;74552;76.5;75.4;14.0
21;2021-12-01;168;203;5053;407701;401856;79605;76.5;75.4;14.9
21;2021-12-02;94;135;4944;407795;401991;84549;76.5;75.4;15.9
21;2021-12-03;187;217;6164;407982;402208;90713;76.6;75.5;17.0
21;2021-12-04;150;188;3456;408132;402396;94169;76.6;75.5;17.7
21;2021-12-05;25;8;635;408157;402404;94804;76.6;75.5;17.8
21;2021-12-06;79;147;4572;408236;402551;99376;76.6;75.5;18.6
21;2021-12-07;146;164;5995;408382;402715;105371;76.6;75.6;19.8
21;2021-12-08;140;200;5506;408522;402915;110877;76.7;75.6;20.8
21;2021-12-09;140;138;5502;408662;403053;116379;76.7;75.6;21.8
21;2021-12-10;170;226;6762;408832;403279;123141;76.7;75.7;23.1
21;2021-12-11;111;169;4020;408943;403448;127161;76.7;75.7;23.9
21;2021-12-12;34;26;682;408977;403474;127843;76.7;75.7;24.0
21;2021-12-13;124;153;4906;409101;403627;132749;76.8;75.7;24.9
21;2021-12-14;134;164;6896;409235;403791;139645;76.8;75.8;26.2
21;2021-12-15;175;220;6525;409410;404011;146170;76.8;75.8;27.4
22;2020-12-27;0;0;0;0;0;0;0.0;0.0;0.0
22;2020-12-28;0;0;0;0;0;0;0.0;0.0;0.0
22;2020-12-29;0;0;0;0;0;0;0.0;0.0;0.0
22;2020-12-30;0;0;0;0;0;0;0.0;0.0;0.0
22;2020-12-31;0;0;0;0;0;0;0.0;0.0;0.0
22;2021-01-01;1;0;0;1;0;0;0.0;0.0;0.0
22;2021-01-02;2;0;0;3;0;0;0.0;0.0;0.0
22;2021-01-03;1;0;0;4;0;0;0.0;0.0;0.0
22;2021-01-04;3;0;0;7;0;0;0.0;0.0;0.0
22;2021-01-05;51;0;0;58;0;0;0.0;0.0;0.0
22;2021-01-06;113;1;0;171;1;0;0.0;0.0;0.0
22;2021-01-07;72;0;0;243;1;0;0.0;0.0;0.0
22;2021-01-08;186;0;0;429;1;0;0.1;0.0;0.0
22;2021-01-09;1;0;0;430;1;0;0.1;0.0;0.0
22;2021-01-10;1;0;0;431;1;0;0.1;0.0;0.0
22;2021-01-11;239;3;0;670;4;0;0.1;0.0;0.0
22;2021-01-12;609;0;0;1279;4;0;0.2;0.0;0.0
22;2021-01-13;663;1;0;1942;5;0;0.3;0.0;0.0
22;2021-01-14;729;8;0;2671;13;0;0.4;0.0;0.0
22;2021-01-15;535;1;0;3206;14;0;0.5;0.0;0.0
22;2021-01-16;101;0;0;3307;14;0;0.6;0.0;0.0
22;2021-01-17;3;0;0;3310;14;0;0.6;0.0;0.0
22;2021-01-18;352;2;0;3662;16;0;0.6;0.0;0.0
22;2021-01-19;753;0;0;4415;16;0;0.7;0.0;0.0
22;2021-01-20;652;2;0;5067;18;0;0.8;0.0;0.0
22;2021-01-21;1003;2;0;6070;20;0;1.0;0.0;0.0
22;2021-01-22;846;2;0;6916;22;0;1.2;0.0;0.0
22;2021-01-23;230;0;0;7146;22;0;1.2;0.0;0.0
22;2021-01-24;12;0;0;7158;22;0;1.2;0.0;0.0
22;2021-01-25;795;11;0;7953;33;0;1.3;0.0;0.0
22;2021-01-26;977;57;0;8930;90;0;1.5;0.0;0.0
22;2021-01-27;3558;115;0;12488;205;0;2.1;0.0;0.0
22;2021-01-28;4258;84;0;16746;289;0;2.8;0.0;0.0
22;2021-01-29;1803;132;0;18549;421;0;3.1;0.1;0.0
22;2021-01-30;282;1;0;18831;422;0;3.2;0.1;0.0
22;2021-01-31;6;0;0;18837;422;0;3.2;0.1;0.0
22;2021-02-01;651;97;0;19488;519;0;3.3;0.1;0.0
22;2021-02-02;870;426;0;20358;945;0;3.4;0.2;0.0
22;2021-02-03;699;486;0;21057;1431;0;3.5;0.2;0.0
22;2021-02-04;937;641;0;21994;2072;0;3.7;0.3;0.0
22;2021-02-05;722;558;0;22716;2630;0;3.8;0.4;0.0
22;2021-02-06;248;2;0;22964;2632;0;3.9;0.4;0.0
22;2021-02-07;13;0;0;22977;2632;0;3.9;0.4;0.0
22;2021-02-08;553;149;0;23530;2781;0;3.9;0.5;0.0
22;2021-02-09;625;425;0;24155;3206;0;4.1;0.5;0.0
22;2021-02-10;450;284;0;24605;3490;0;4.1;0.6;0.0
22;2021-02-11;1058;387;0;25663;3877;0;4.3;0.7;0.0
22;2021-02-12;628;325;0;26291;4202;0;4.4;0.7;0.0
22;2021-02-13;318;92;0;26609;4294;0;4.5;0.7;0.0
22;2021-02-14;4;12;0;26613;4306;0;4.5;0.7;0.0
22;2021-02-15;688;481;0;27301;4787;0;4.6;0.8;0.0
22;2021-02-16;1021;717;0;28322;5504;0;4.8;0.9;0.0
22;2021-02-17;1174;2262;0;29496;7766;0;4.9;1.3;0.0
22;2021-02-18;2088;2847;0;31584;10613;0;5.3;1.8;0.0
22;2021-02-19;1577;1876;0;33161;12489;0;5.6;2.1;0.0
22;2021-02-20;479;210;0;33640;12699;0;5.6;2.1;0.0
22;2021-02-21;12;49;0;33652;12748;0;5.6;2.1;0.0
22;2021-02-22;417;729;0;34069;13477;0;5.7;2.3;0.0
22;2021-02-23;620;944;0;34689;14421;0;5.8;2.4;0.0
22;2021-02-24;711;894;0;35400;15315;0;5.9;2.6;0.0
22;2021-02-25;1202;1199;0;36602;16514;0;6.1;2.8;0.0
22;2021-02-26;1080;716;0;37682;17230;0;6.3;2.9;0.0
22;2021-02-27;575;279;0;38257;17509;0;6.4;2.9;0.0
22;2021-02-28;21;11;0;38278;17520;0;6.4;2.9;0.0
22;2021-03-01;963;555;0;39241;18075;0;6.6;3.0;0.0
22;2021-03-02;1196;879;0;40437;18954;0;6.8;3.2;0.0
22;2021-03-03;1297;864;0;41734;19818;0;7.0;3.3;0.0
22;2021-03-04;1606;911;0;43340;20729;0;7.3;3.5;0.0
22;2021-03-05;2144;809;0;45484;21538;0;7.6;3.6;0.0
22;2021-03-06;1097;285;0;46581;21823;0;7.8;3.7;0.0
22;2021-03-07;224;10;0;46805;21833;0;7.9;3.7;0.0
22;2021-03-08;1282;660;0;48087;22493;0;8.1;3.8;0.0
22;2021-03-09;1819;748;0;49906;23241;0;8.4;3.9;0.0
22;2021-03-10;1945;953;0;51851;24194;0;8.7;4.1;0.0
22;2021-03-11;2367;1593;0;54218;25787;0;9.1;4.3;0.0
22;2021-03-12;3171;965;0;57389;26752;0;9.6;4.5;0.0
22;2021-03-13;1717;285;0;59106;27037;0;9.9;4.5;0.0
22;2021-03-14;258;30;0;59364;27067;0;10.0;4.5;0.0
22;2021-03-15;1596;588;0;60960;27655;0;10.2;4.6;0.0
22;2021-03-16;1554;834;0;62514;28489;0;10.5;4.8;0.0
22;2021-03-17;2459;708;0;64973;29197;0;10.9;4.9;0.0
22;2021-03-18;2437;1103;0;67410;30300;0;11.3;5.1;0.0
22;2021-03-19;3193;811;0;70603;31111;0;11.8;5.2;0.0
22;2021-03-20;2085;282;0;72688;31393;0;12.2;5.3;0.0
22;2021-03-21;45;2;0;72733;31395;0;12.2;5.3;0.0
22;2021-03-22;2283;376;0;75016;31771;0;12.6;5.3;0.0
22;2021-03-23;3025;706;0;78041;32477;0;13.1;5.4;0.0
22;2021-03-24;3379;701;0;81420;33178;0;13.7;5.6;0.0
22;2021-03-25;3818;631;0;85238;33809;0;14.3;5.7;0.0
22;2021-03-26;3869;492;0;89107;34301;0;14.9;5.8;0.0
22;2021-03-27;1926;198;0;91033;34499;0;15.3;5.8;0.0
22;2021-03-28;132;6;0;91165;34505;0;15.3;5.8;0.0
22;2021-03-29;2573;898;0;93738;35403;0;15.7;5.9;0.0
22;2021-03-30;3362;1113;0;97100;36516;0;16.3;6.1;0.0
22;2021-03-31;3313;1059;0;100413;37575;0;16.8;6.3;0.0
22;2021-04-01;4434;1096;0;104847;38671;0;17.6;6.5;0.0
22;2021-04-02;3983;1019;0;108830;39690;0;18.3;6.7;0.0
22;2021-04-03;1664;391;0;110494;40081;0;18.5;6.7;0.0
22;2021-04-04;62;2;0;110556;40083;0;18.5;6.7;0.0
22;2021-04-05;80;19;0;110636;40102;0;18.6;6.7;0.0
22;2021-04-06;2998;1096;0;113634;41198;0;19.1;6.9;0.0
22;2021-04-07;3126;1306;0;116760;42504;0;19.6;7.1;0.0
22;2021-04-08;4106;1265;0;120866;43769;0;20.3;7.3;0.0
22;2021-04-09;4884;1356;0;125750;45125;0;21.1;7.6;0.0
22;2021-04-10;2125;384;0;127875;45509;0;21.4;7.6;0.0
22;2021-04-11;487;26;0;128362;45535;0;21.5;7.6;0.0
22;2021-04-12;2738;1022;0;131100;46557;0;22.0;7.8;0.0
22;2021-04-13;3229;1491;0;134329;48048;0;22.5;8.1;0.0
22;2021-04-14;3081;2321;0;137410;50369;0;23.0;8.4;0.0
22;2021-04-15;3506;2336;0;140916;52705;0;23.6;8.8;0.0
22;2021-04-16;3455;2402;0;144371;55107;0;24.2;9.2;0.0
22;2021-04-17;1671;1647;0;146042;56754;0;24.5;9.5;0.0
22;2021-04-18;52;14;0;146094;56768;0;24.5;9.5;0.0
22;2021-04-19;2817;2108;0;148911;58876;0;25.0;9.9;0.0
22;2021-04-20;3243;2667;0;152154;61543;0;25.5;10.3;0.0
22;2021-04-21;3109;2588;0;155263;64131;0;26.0;10.8;0.0
22;2021-04-22;3434;2996;0;158697;67127;0;26.6;11.3;0.0
22;2021-04-23;3642;2975;0;162339;70102;0;27.2;11.8;0.0
22;2021-04-24;1805;1685;0;164144;71787;0;27.5;12.0;0.0
22;2021-04-25;61;28;0;164205;71815;0;27.5;12.0;0.0
22;2021-04-26;3136;2628;0;167341;74443;0;28.1;12.5;0.0
22;2021-04-27;3396;2806;0;170737;77249;0;28.6;13.0;0.0
22;2021-04-28;3452;2724;0;174189;79973;0;29.2;13.4;0.0
22;2021-04-29;4061;2909;0;178250;82882;0;29.9;13.9;0.0
22;2021-04-30;3934;2832;0;182184;85714;0;30.6;14.4;0.0
22;2021-05-01;133;116;0;182317;85830;0;30.6;14.4;0.0
22;2021-05-02;1241;106;0;183558;85936;0;30.8;14.4;0.0
22;2021-05-03;2062;2432;0;185620;88368;0;31.1;14.8;0.0
22;2021-05-04;2220;2713;0;187840;91081;0;31.5;15.3;0.0
22;2021-05-05;2121;2689;0;189961;93770;0;31.9;15.7;0.0
22;2021-05-06;2607;3275;0;192568;97045;0;32.3;16.3;0.0
22;2021-05-07;2931;3213;0;195499;100258;0;32.8;16.8;0.0
22;2021-05-08;131;165;0;195630;100423;0;32.8;16.8;0.0
22;2021-05-09;643;447;0;196273;100870;0;32.9;16.9;0.0
22;2021-05-10;4304;2537;0;200577;103407;0;33.6;17.3;0.0
22;2021-05-11;4815;2772;0;205392;106179;0;34.5;17.8;0.0
22;2021-05-12;6048;1120;0;211440;107299;0;35.5;18.0;0.0
22;2021-05-13;714;125;0;212154;107424;0;35.6;18.0;0.0
22;2021-05-14;5677;1208;0;217831;108632;0;36.5;18.2;0.0
22;2021-05-15;3575;458;0;221406;109090;0;37.1;18.3;0.0
22;2021-05-16;377;61;0;221783;109151;0;37.2;18.3;0.0
22;2021-05-17;5204;608;0;226987;109759;0;38.1;18.4;0.0
22;2021-05-18;5556;1074;0;232543;110833;0;39.0;18.6;0.0
22;2021-05-19;5711;834;0;238254;111667;0;40.0;18.7;0.0
22;2021-05-20;6134;1448;0;244388;113115;0;41.0;19.0;0.0
22;2021-05-21;5441;1553;0;249829;114668;0;41.9;19.2;0.0
22;2021-05-22;3589;757;0;253418;115425;0;42.5;19.4;0.0
22;2021-05-23;449;28;0;253867;115453;0;42.6;19.4;0.0
22;2021-05-24;4549;245;0;258416;115698;0;43.3;19.4;0.0
22;2021-05-25;4986;1246;0;263402;116944;0;44.2;19.6;0.0
22;2021-05-26;3843;2576;0;267245;119520;0;44.8;20.0;0.0
22;2021-05-27;4150;3566;0;271395;123086;0;45.5;20.6;0.0
22;2021-05-28;4010;4189;0;275405;127275;0;46.2;21.3;0.0
22;2021-05-29;2763;1623;0;278168;128898;0;46.7;21.6;0.0
22;2021-05-30;145;23;0;278313;128921;0;46.7;21.6;0.0
22;2021-05-31;3414;3034;0;281727;131955;0;47.3;22.1;0.0
22;2021-06-01;3450;3564;0;285177;135519;0;47.8;22.7;0.0
22;2021-06-02;2995;3174;0;288172;138693;0;48.3;23.3;0.0
22;2021-06-03;3285;3899;0;291457;142592;0;48.9;23.9;0.0
22;2021-06-04;3365;4421;0;294822;147013;0;49.5;24.7;0.0
22;2021-06-05;3122;1895;0;297944;148908;0;50.0;25.0;0.0
22;2021-06-06;344;55;0;298288;148963;0;50.0;25.0;0.0
22;2021-06-07;2913;3210;0;301201;152173;0;50.5;25.5;0.0
22;2021-06-08;2819;3470;0;304020;155643;0;51.0;26.1;0.0
22;2021-06-09;2642;3503;0;306662;159146;0;51.4;26.7;0.0
22;2021-06-10;2712;4108;0;309374;163254;0;51.9;27.4;0.0
22;2021-06-11;2752;4303;0;312126;167557;0;52.4;28.1;0.0
22;2021-06-12;2212;1397;0;314338;168954;0;52.7;28.3;0.0
22;2021-06-13;303;1125;0;314641;170079;0;52.8;28.5;0.0
22;2021-06-14;2595;2537;0;317236;172616;0;53.2;29.0;0.0
22;2021-06-15;3106;3136;0;320342;175752;0;53.7;29.5;0.0
22;2021-06-16;3043;2917;0;323385;178669;0;54.2;30.0;0.0
22;2021-06-17;2725;3256;0;326110;181925;0;54.7;30.5;0.0
22;2021-06-18;3206;4221;0;329316;186146;0;55.2;31.2;0.0
22;2021-06-19;2754;1419;0;332070;187565;0;55.7;31.5;0.0
22;2021-06-20;239;89;0;332309;187654;0;55.7;31.5;0.0
22;2021-06-21;1884;4884;0;334193;192538;0;56.1;32.3;0.0
22;2021-06-22;2501;5486;0;336694;198024;0;56.5;33.2;0.0
22;2021-06-23;1499;5982;0;338193;204006;0;56.7;34.2;0.0
22;2021-06-24;2700;3909;0;340893;207915;0;57.2;34.9;0.0
22;2021-06-25;1684;6502;0;342577;214417;0;57.5;36.0;0.0
22;2021-06-26;797;3543;0;343374;217960;0;57.6;36.6;0.0
22;2021-06-27;67;475;0;343441;218435;0;57.6;36.6;0.0
22;2021-06-28;1082;5329;0;344523;223764;0;57.8;37.5;0.0
22;2021-06-29;1471;5826;0;345994;229590;0;58.0;38.5;0.0
22;2021-06-30;1242;5655;0;347236;235245;0;58.2;39.5;0.0
22;2021-07-01;1510;5880;0;348746;241125;0;58.5;40.4;0.0
22;2021-07-02;1766;5945;0;350512;247070;0;58.8;41.4;0.0
22;2021-07-03;959;3417;0;351471;250487;0;59.0;42.0;0.0
22;2021-07-04;186;440;0;351657;250927;0;59.0;42.1;0.0
22;2021-07-05;1643;5535;0;353300;256462;0;59.3;43.0;0.0
22;2021-07-06;2302;5775;0;355602;262237;0;59.6;44.0;0.0
22;2021-07-07;2193;4764;0;357795;267001;0;60.0;44.8;0.0
22;2021-07-08;2328;4925;0;360123;271926;0;60.4;45.6;0.0
22;2021-07-09;2320;5250;0;362443;277176;0;60.8;46.5;0.0
22;2021-07-10;1605;3109;0;364048;280285;0;61.1;47.0;0.0
22;2021-07-11;459;145;0;364507;280430;0;61.1;47.0;0.0
22;2021-07-12;2125;4542;0;366632;284972;0;61.5;47.8;0.0
22;2021-07-13;3467;5033;0;370099;290005;0;62.1;48.6;0.0
22;2021-07-14;769;2548;0;370868;292553;0;62.2;49.1;0.0
22;2021-07-15;3394;4677;0;374262;297230;0;62.8;49.9;0.0
22;2021-07-16;3499;5239;0;377761;302469;0;63.4;50.7;0.0
22;2021-07-17;2271;3071;0;380032;305540;0;63.7;51.2;0.0
22;2021-07-18;579;209;0;380611;305749;0;63.8;51.3;0.0
22;2021-07-19;2530;3954;1;383141;309703;1;64.3;51.9;0.0
22;2021-07-20;3540;4056;0;386681;313759;1;64.9;52.6;0.0
22;2021-07-21;3586;3377;0;390267;317136;1;65.5;53.2;0.0
22;2021-07-22;4326;3691;0;394593;320827;1;66.2;53.8;0.0
22;2021-07-23;4033;4243;0;398626;325070;1;66.9;54.5;0.0
22;2021-07-24;1981;2409;0;400607;327479;1;67.2;54.9;0.0
22;2021-07-25;221;278;0;400828;327757;1;67.2;55.0;0.0
22;2021-07-26;2750;3857;0;403578;331614;1;67.7;55.6;0.0
22;2021-07-27;3340;4713;0;406918;336327;1;68.3;56.4;0.0
22;2021-07-28;3353;3581;0;410271;339908;1;68.8;57.0;0.0
22;2021-07-29;3785;3729;0;414056;343637;1;69.5;57.6;0.0
22;2021-07-30;3561;3959;0;417617;347596;1;70.0;58.3;0.0
22;2021-07-31;2032;2654;0;419649;350250;1;70.4;58.7;0.0
22;2021-08-01;247;258;0;419896;350508;1;70.4;58.8;0.0
22;2021-08-02;4192;2435;0;424088;352943;1;71.1;59.2;0.0
22;2021-08-03;4347;3325;0;428435;356268;1;71.9;59.8;0.0
22;2021-08-04;5033;2404;0;433468;358672;1;72.7;60.2;0.0
22;2021-08-05;3721;3545;0;437189;362217;1;73.3;60.8;0.0
22;2021-08-06;3291;3576;0;440480;365793;1;73.9;61.4;0.0
22;2021-08-07;2094;2077;0;442574;367870;1;74.2;61.7;0.0
22;2021-08-08;369;153;0;442943;368023;1;74.3;61.7;0.0
22;2021-08-09;2500;2596;0;445443;370619;1;74.7;62.2;0.0
22;2021-08-10;2598;3318;0;448041;373937;1;75.2;62.7;0.0
22;2021-08-11;2338;2935;0;450379;376872;1;75.5;63.2;0.0
22;2021-08-12;2142;3301;0;452521;380173;1;75.9;63.8;0.0
22;2021-08-13;1974;2896;0;454495;383069;1;76.2;64.3;0.0
22;2021-08-14;1265;1732;0;455760;384801;1;76.4;64.5;0.0
22;2021-08-15;147;270;0;455907;385071;1;76.5;64.6;0.0
22;2021-08-16;1503;3005;0;457410;388076;1;76.7;65.1;0.0
22;2021-08-17;1765;3336;0;459175;391412;1;77.0;65.7;0.0
22;2021-08-18;1490;3135;0;460665;394547;1;77.3;66.2;0.0
22;2021-08-19;1437;3435;0;462102;397982;1;77.5;66.8;0.0
22;2021-08-20;1496;3548;0;463598;401530;1;77.8;67.3;0.0
22;2021-08-21;747;2101;0;464345;403631;1;77.9;67.7;0.0
22;2021-08-22;203;386;0;464548;404017;1;77.9;67.8;0.0
22;2021-08-23;1863;3529;0;466411;407546;1;78.2;68.4;0.0
22;2021-08-24;1412;3234;0;467823;410780;1;78.5;68.9;0.0
22;2021-08-25;866;2595;0;468689;413375;1;78.6;69.3;0.0
22;2021-08-26;1106;4214;0;469795;417589;1;78.8;70.0;0.0
22;2021-08-27;1285;4535;0;471080;422124;1;79.0;70.8;0.0
22;2021-08-28;700;2353;0;471780;424477;1;79.1;71.2;0.0
22;2021-08-29;69;136;0;471849;424613;1;79.1;71.2;0.0
22;2021-08-30;917;3019;53;472766;427632;54;79.3;71.7;0.0
22;2021-08-31;995;3737;69;473761;431369;123;79.5;72.4;0.0
22;2021-09-01;1024;3236;171;474785;434605;294;79.6;72.9;0.0
22;2021-09-02;847;2840;234;475632;437445;528;79.8;73.4;0.1
22;2021-09-03;935;2867;311;476567;440312;839;79.9;73.9;0.1
22;2021-09-04;762;2439;130;477329;442751;969;80.1;74.3;0.2
22;2021-09-05;119;109;29;477448;442860;998;80.1;74.3;0.2
22;2021-09-06;501;1943;319;477949;444803;1317;80.2;74.6;0.2
22;2021-09-07;537;1982;308;478486;446785;1625;80.3;74.9;0.3
22;2021-09-08;626;1959;324;479112;448744;1949;80.4;75.3;0.3
22;2021-09-09;650;1927;404;479762;450671;2353;80.5;75.6;0.4
22;2021-09-10;716;2136;369;480478;452807;2722;80.6;76.0;0.5
22;2021-09-11;537;1556;131;481015;454363;2853;80.7;76.2;0.5
22;2021-09-12;41;123;8;481056;454486;2861;80.7;76.2;0.5
22;2021-09-13;506;2057;592;481562;456543;3453;80.8;76.6;0.6
22;2021-09-14;601;1566;844;482163;458109;4297;80.9;76.8;0.7
22;2021-09-15;456;1716;618;482619;459825;4915;81.0;77.1;0.8
22;2021-09-16;560;1088;991;483179;460913;5906;81.0;77.3;1.0
22;2021-09-17;631;1628;947;483810;462541;6853;81.2;77.6;1.1
22;2021-09-18;280;2015;104;484090;464556;6957;81.2;77.9;1.2
22;2021-09-19;10;57;7;484100;464613;6964;81.2;77.9;1.2
22;2021-09-20;373;736;676;484473;465349;7640;81.3;78.1;1.3
22;2021-09-21;360;914;1011;484833;466263;8651;81.3;78.2;1.5
22;2021-09-22;302;1202;533;485135;467465;9184;81.4;78.4;1.5
22;2021-09-23;390;730;940;485525;468195;10124;81.4;78.5;1.7
22;2021-09-24;375;1150;932;485900;469345;11056;81.5;78.7;1.9
22;2021-09-25;215;1304;176;486115;470649;11232;81.5;78.9;1.9
22;2021-09-26;17;90;15;486132;470739;11247;81.5;79.0;1.9
22;2021-09-27;336;780;697;486468;471519;11944;81.6;79.1;2.0
22;2021-09-28;229;605;702;486697;472124;12646;81.6;79.2;2.1
22;2021-09-29;234;873;935;486931;472997;13581;81.7;79.3;2.3
22;2021-09-30;275;706;1020;487206;473703;14601;81.7;79.5;2.4
22;2021-10-01;325;801;862;487531;474504;15463;81.8;79.6;2.6
22;2021-10-02;306;848;239;487837;475352;15702;81.8;79.7;2.6
22;2021-10-03;5;3;5;487842;475355;15707;81.8;79.7;2.6
22;2021-10-04;149;452;602;487991;475807;16309;81.9;79.8;2.7
22;2021-10-05;217;635;904;488208;476442;17213;81.9;79.9;2.9
22;2021-10-06;235;397;757;488443;476839;17970;81.9;80.0;3.0
22;2021-10-07;233;652;937;488676;477491;18907;82.0;80.1;3.2
22;2021-10-08;313;785;962;488989;478276;19869;82.0;80.2;3.3
22;2021-10-09;226;436;387;489215;478712;20256;82.1;80.3;3.4
22;2021-10-10;5;11;4;489220;478723;20260;82.1;80.3;3.4
22;2021-10-11;158;304;675;489378;479027;20935;82.1;80.3;3.5
22;2021-10-12;106;183;535;489484;479210;21470;82.1;80.4;3.6
22;2021-10-13;183;263;660;489667;479473;22130;82.1;80.4;3.7
22;2021-10-14;209;713;1218;489876;480186;23348;82.2;80.5;3.9
22;2021-10-15;269;482;1360;490145;480668;24708;82.2;80.6;4.1
22;2021-10-16;307;449;669;490452;481117;25377;82.3;80.7;4.3
22;2021-10-17;2;6;3;490454;481123;25380;82.3;80.7;4.3
22;2021-10-18;139;330;1010;490593;481453;26390;82.3;80.8;4.4
22;2021-10-19;70;131;392;490663;481584;26782;82.3;80.8;4.5
22;2021-10-20;167;272;1349;490830;481856;28131;82.3;80.8;4.7
22;2021-10-21;214;419;1736;491044;482275;29867;82.4;80.9;5.0
22;2021-10-22;195;427;1197;491239;482702;31064;82.4;81.0;5.2
22;2021-10-23;233;414;1033;491472;483116;32097;82.4;81.0;5.4
22;2021-10-24;2;10;1;491474;483126;32098;82.4;81.0;5.4
22;2021-10-25;178;162;1505;491652;483288;33603;82.5;81.1;5.6
22;2021-10-26;68;80;419;491720;483368;34022;82.5;81.1;5.7
22;2021-10-27;125;142;1110;491845;483510;35132;82.5;81.1;5.9
22;2021-10-28;204;257;1675;492049;483767;36807;82.5;81.1;6.2
22;2021-10-29;176;337;1413;492225;484104;38220;82.6;81.2;6.4
22;2021-10-30;154;251;889;492379;484355;39109;82.6;81.2;6.6
22;2021-10-31;1;10;7;492380;484365;39116;82.6;81.2;6.6
22;2021-11-01;5;4;9;492385;484369;39125;82.6;81.2;6.6
22;2021-11-02;71;80;539;492456;484449;39664;82.6;81.3;6.7
22;2021-11-03;157;182;1592;492613;484631;41256;82.6;81.3;6.9
22;2021-11-04;213;278;1953;492826;484909;43209;82.7;81.3;7.2
22;2021-11-05;191;316;1784;493017;485225;44993;82.7;81.4;7.5
22;2021-11-06;206;313;1349;493223;485538;46342;82.7;81.4;7.8
22;2021-11-07;3;4;6;493226;485542;46348;82.7;81.4;7.8
22;2021-11-08;110;192;2479;493336;485734;48827;82.7;81.5;8.2
22;2021-11-09;151;161;2113;493487;485895;50940;82.8;81.5;8.5
22;2021-11-10;123;174;1600;493610;486069;52540;82.8;81.5;8.8
22;2021-11-11;1;13;57;493611;486082;52597;82.8;81.5;8.8
22;2021-11-12;195;412;2802;493806;486494;55399;82.8;81.6;9.3
22;2021-11-13;207;301;1670;494013;486795;57069;82.9;81.7;9.6
22;2021-11-14;1;8;2;494014;486803;57071;82.9;81.7;9.6
22;2021-11-15;134;139;2026;494148;486942;59097;82.9;81.7;9.9
22;2021-11-16;139;129;2348;494287;487071;61445;82.9;81.7;10.3
22;2021-11-17;159;166;1955;494446;487237;63400;82.9;81.7;10.6
22;2021-11-18;210;207;2739;494656;487444;66139;83.0;81.8;11.1
22;2021-11-19;234;274;2940;494890;487718;69079;83.0;81.8;11.6
22;2021-11-20;265;270;1253;495155;487988;70332;83.1;81.9;11.8
22;2021-11-21;1;3;1;495156;487991;70333;83.1;81.9;11.8
22;2021-11-22;163;116;2108;495319;488107;72441;83.1;81.9;12.2
22;2021-11-23;180;138;2656;495499;488245;75097;83.1;81.9;12.6
22;2021-11-24;230;197;1976;495729;488442;77073;83.2;81.9;12.9
22;2021-11-25;169;155;3168;495898;488597;80241;83.2;82.0;13.5
22;2021-11-26;228;232;4687;496126;488829;84928;83.2;82.0;14.2
22;2021-11-27;205;255;2059;496331;489084;86987;83.3;82.0;14.6
22;2021-11-28;4;2;53;496335;489086;87040;83.3;82.0;14.6
22;2021-11-29;125;113;4759;496460;489199;91799;83.3;82.1;15.4
22;2021-11-30;159;139;6129;496619;489338;97928;83.3;82.1;16.4
22;2021-12-01;167;147;5436;496786;489485;103364;83.3;82.1;17.3
22;2021-12-02;125;118;5879;496911;489603;109243;83.3;82.1;18.3
22;2021-12-03;146;203;6873;497057;489806;116116;83.4;82.2;19.5
22;2021-12-04;99;254;2427;497156;490060;118543;83.4;82.2;19.9
22;2021-12-05;5;4;119;497161;490064;118662;83.4;82.2;19.9
22;2021-12-06;112;161;5860;497273;490225;124522;83.4;82.2;20.9
22;2021-12-07;126;142;7113;497399;490367;131635;83.4;82.3;22.1
22;2021-12-08;154;190;6817;497553;490557;138452;83.5;82.3;23.2
22;2021-12-09;170;170;7927;497723;490727;146379;83.5;82.3;24.6
22;2021-12-10;203;268;8605;497926;490995;154984;83.5;82.4;26.0
22;2021-12-11;109;263;3813;498035;491258;158797;83.5;82.4;26.6
22;2021-12-12;27;17;1141;498062;491275;159938;83.5;82.4;26.8
22;2021-12-13;130;167;7331;498192;491442;167269;83.6;82.4;28.1
22;2021-12-14;179;183;9074;498371;491625;176343;83.6;82.5;29.6
22;2021-12-15;204;208;7700;498575;491833;184043;83.6;82.5;30.9
23;2020-12-27;0;0;0;0;0;0;0.0;0.0;0.0
23;2020-12-28;1;0;0;1;0;0;0.0;0.0;0.0
23;2020-12-29;0;0;0;1;0;0;0.0;0.0;0.0
23;2020-12-30;0;0;0;1;0;0;0.0;0.0;0.0
23;2020-12-31;0;0;0;1;0;0;0.0;0.0;0.0
23;2021-01-01;0;0;0;1;0;0;0.0;0.0;0.0
23;2021-01-02;1;0;0;2;0;0;0.0;0.0;0.0
23;2021-01-03;0;0;0;2;0;0;0.0;0.0;0.0
23;2021-01-04;2;0;0;4;0;0;0.0;0.0;0.0
23;2021-01-05;4;0;0;8;0;0;0.0;0.0;0.0
23;2021-01-06;8;0;0;16;0;0;0.0;0.0;0.0
23;2021-01-07;99;1;0;115;1;0;0.1;0.0;0.0
23;2021-01-08;111;0;0;226;1;0;0.2;0.0;0.0
23;2021-01-09;26;0;0;252;1;0;0.2;0.0;0.0
23;2021-01-10;3;0;0;255;1;0;0.2;0.0;0.0
23;2021-01-11;150;1;0;405;2;0;0.3;0.0;0.0
23;2021-01-12;209;5;0;614;7;0;0.5;0.0;0.0
23;2021-01-13;239;0;0;853;7;0;0.7;0.0;0.0
23;2021-01-14;238;3;0;1091;10;0;0.9;0.0;0.0
23;2021-01-15;295;5;0;1386;15;0;1.2;0.0;0.0
23;2021-01-16;154;1;0;1540;16;0;1.3;0.0;0.0
23;2021-01-17;0;0;0;1540;16;0;1.3;0.0;0.0
23;2021-01-18;307;3;0;1847;19;0;1.6;0.0;0.0
23;2021-01-19;451;1;0;2298;20;0;2.0;0.0;0.0
23;2021-01-20;327;1;0;2625;21;0;2.3;0.0;0.0
23;2021-01-21;631;1;0;3256;22;0;2.8;0.0;0.0
23;2021-01-22;444;0;0;3700;22;0;3.2;0.0;0.0
23;2021-01-23;347;1;0;4047;23;0;3.5;0.0;0.0
23;2021-01-24;8;0;0;4055;23;0;3.5;0.0;0.0
23;2021-01-25;360;16;0;4415;39;0;3.8;0.0;0.0
23;2021-01-26;280;6;0;4695;45;0;4.0;0.0;0.0
23;2021-01-27;231;2;0;4926;47;0;4.2;0.0;0.0
23;2021-01-28;229;34;0;5155;81;0;4.4;0.1;0.0
23;2021-01-29;288;99;0;5443;180;0;4.7;0.2;0.0
23;2021-01-30;98;26;0;5541;206;0;4.8;0.2;0.0
23;2021-01-31;2;24;0;5543;230;0;4.8;0.2;0.0
23;2021-02-01;144;93;0;5687;323;0;4.9;0.3;0.0
23;2021-02-02;157;104;0;5844;427;0;5.0;0.4;0.0
23;2021-02-03;99;146;0;5943;573;0;5.1;0.5;0.0
23;2021-02-04;87;209;0;6030;782;0;5.2;0.7;0.0
23;2021-02-05;125;287;0;6155;1069;0;5.3;0.9;0.0
23;2021-02-06;17;163;0;6172;1232;0;5.3;1.1;0.0
23;2021-02-07;1;0;0;6173;1232;0;5.3;1.1;0.0
23;2021-02-08;110;199;0;6283;1431;0;5.4;1.2;0.0
23;2021-02-09;75;276;0;6358;1707;0;5.5;1.5;0.0
23;2021-02-10;88;257;0;6446;1964;0;5.5;1.7;0.0
23;2021-02-11;228;516;0;6674;2480;0;5.7;2.1;0.0
23;2021-02-12;210;252;0;6884;2732;0;5.9;2.3;0.0
23;2021-02-13;8;175;0;6892;2907;0;5.9;2.5;0.0
23;2021-02-14;11;1;0;6903;2908;0;5.9;2.5;0.0
23;2021-02-15;152;330;0;7055;3238;0;6.1;2.8;0.0
23;2021-02-16;95;412;0;7150;3650;0;6.1;3.1;0.0
23;2021-02-17;74;471;0;7224;4121;0;6.2;3.5;0.0
23;2021-02-18;126;372;0;7350;4493;0;6.3;3.9;0.0
23;2021-02-19;107;240;0;7457;4733;0;6.4;4.1;0.0
23;2021-02-20;9;97;0;7466;4830;0;6.4;4.2;0.0
23;2021-02-21;0;0;0;7466;4830;0;6.4;4.2;0.0
23;2021-02-22;99;196;0;7565;5026;0;6.5;4.3;0.0
23;2021-02-23;91;204;0;7656;5230;0;6.6;4.5;0.0
23;2021-02-24;148;152;0;7804;5382;0;6.7;4.6;0.0
23;2021-02-25;164;111;0;7968;5493;0;6.9;4.7;0.0
23;2021-02-26;269;142;0;8237;5635;0;7.1;4.8;0.0
23;2021-02-27;92;15;0;8329;5650;0;7.2;4.9;0.0
23;2021-02-28;3;30;0;8332;5680;0;7.2;4.9;0.0
23;2021-03-01;89;176;0;8421;5856;0;7.2;5.0;0.0
23;2021-03-02;225;128;0;8646;5984;0;7.4;5.1;0.0
23;2021-03-03;139;99;0;8785;6083;0;7.6;5.2;0.0
23;2021-03-04;279;119;0;9064;6202;0;7.8;5.3;0.0
23;2021-03-05;512;129;0;9576;6331;0;8.2;5.4;0.0
23;2021-03-06;493;14;0;10069;6345;0;8.7;5.5;0.0
23;2021-03-07;288;4;0;10357;6349;0;8.9;5.5;0.0
23;2021-03-08;210;78;0;10567;6427;0;9.1;5.5;0.0
23;2021-03-09;360;95;0;10927;6522;0;9.4;5.6;0.0
23;2021-03-10;306;43;0;11233;6565;0;9.7;5.6;0.0
23;2021-03-11;295;53;0;11528;6618;0;9.9;5.7;0.0
23;2021-03-12;528;50;0;12056;6668;0;10.4;5.7;0.0
23;2021-03-13;293;15;0;12349;6683;0;10.6;5.7;0.0
23;2021-03-14;46;34;0;12395;6717;0;10.7;5.8;0.0
23;2021-03-15;219;115;0;12614;6832;0;10.8;5.9;0.0
23;2021-03-16;207;92;0;12821;6924;0;11.0;6.0;0.0
23;2021-03-17;127;100;0;12948;7024;0;11.1;6.0;0.0
23;2021-03-18;189;90;0;13137;7114;0;11.3;6.1;0.0
23;2021-03-19;240;122;0;13377;7236;0;11.5;6.2;0.0
23;2021-03-20;604;34;0;13981;7270;0;12.0;6.3;0.0
23;2021-03-21;107;0;0;14088;7270;0;12.1;6.3;0.0
23;2021-03-22;254;126;0;14342;7396;0;12.3;6.4;0.0
23;2021-03-23;465;86;0;14807;7482;0;12.7;6.4;0.0
23;2021-03-24;427;108;0;15234;7590;0;13.1;6.5;0.0
23;2021-03-25;814;173;0;16048;7763;0;13.8;6.7;0.0
23;2021-03-26;714;172;0;16762;7935;0;14.4;6.8;0.0
23;2021-03-27;506;37;0;17268;7972;0;14.9;6.9;0.0
23;2021-03-28;4;12;0;17272;7984;0;14.9;6.9;0.0
23;2021-03-29;360;106;0;17632;8090;0;15.2;7.0;0.0
23;2021-03-30;538;168;0;18170;8258;0;15.6;7.1;0.0
23;2021-03-31;431;178;0;18601;8436;0;16.0;7.3;0.0
23;2021-04-01;602;169;0;19203;8605;0;16.5;7.4;0.0
23;2021-04-02;509;286;0;19712;8891;0;17.0;7.6;0.0
23;2021-04-03;637;49;0;20349;8940;0;17.5;7.7;0.0
23;2021-04-04;4;1;0;20353;8941;0;17.5;7.7;0.0
23;2021-04-05;7;4;0;20360;8945;0;17.5;7.7;0.0
23;2021-04-06;391;264;0;20751;9209;0;17.8;7.9;0.0
23;2021-04-07;689;261;0;21440;9470;0;18.4;8.1;0.0
23;2021-04-08;784;223;0;22224;9693;0;19.1;8.3;0.0
23;2021-04-09;900;293;0;23124;9986;0;19.9;8.6;0.0
23;2021-04-10;1018;125;0;24142;10111;0;20.8;8.7;0.0
23;2021-04-11;31;5;0;24173;10116;0;20.8;8.7;0.0
23;2021-04-12;638;209;0;24811;10325;0;21.3;8.9;0.0
23;2021-04-13;646;275;0;25457;10600;0;21.9;9.1;0.0
23;2021-04-14;570;181;0;26027;10781;0;22.4;9.3;0.0
23;2021-04-15;878;186;0;26905;10967;0;23.1;9.4;0.0
23;2021-04-16;837;225;0;27742;11192;0;23.9;9.6;0.0
23;2021-04-17;882;531;0;28624;11723;0;24.6;10.1;0.0
23;2021-04-18;20;118;0;28644;11841;0;24.6;10.2;0.0
23;2021-04-19;544;282;0;29188;12123;0;25.1;10.4;0.0
23;2021-04-20;658;299;0;29846;12422;0;25.7;10.7;0.0
23;2021-04-21;673;384;0;30519;12806;0;26.2;11.0;0.0
23;2021-04-22;579;484;0;31098;13290;0;26.7;11.4;0.0
23;2021-04-23;526;342;0;31624;13632;0;27.2;11.7;0.0
23;2021-04-24;767;425;0;32391;14057;0;27.9;12.1;0.0
23;2021-04-25;14;2;0;32405;14059;0;27.9;12.1;0.0
23;2021-04-26;563;267;0;32968;14326;0;28.4;12.3;0.0
23;2021-04-27;634;431;0;33602;14757;0;28.9;12.7;0.0
23;2021-04-28;622;276;0;34224;15033;0;29.4;12.9;0.0
23;2021-04-29;860;378;0;35084;15411;0;30.2;13.3;0.0
23;2021-04-30;665;701;0;35749;16112;0;30.7;13.9;0.0
23;2021-05-01;1149;50;0;36898;16162;0;31.7;13.9;0.0
23;2021-05-02;24;5;0;36922;16167;0;31.8;13.9;0.0
23;2021-05-03;415;502;0;37337;16669;0;32.1;14.3;0.0
23;2021-05-04;616;491;0;37953;17160;0;32.6;14.8;0.0
23;2021-05-05;539;688;0;38492;17848;0;33.1;15.4;0.0
23;2021-05-06;593;676;0;39085;18524;0;33.6;15.9;0.0
23;2021-05-07;663;616;0;39748;19140;0;34.2;16.5;0.0
23;2021-05-08;1063;502;0;40811;19642;0;35.1;16.9;0.0
23;2021-05-09;12;13;0;40823;19655;0;35.1;16.9;0.0
23;2021-05-10;504;639;0;41327;20294;0;35.5;17.5;0.0
23;2021-05-11;562;707;0;41889;21001;0;36.0;18.1;0.0
23;2021-05-12;557;670;0;42446;21671;0;36.5;18.6;0.0
23;2021-05-13;489;60;0;42935;21731;0;36.9;18.7;0.0
23;2021-05-14;627;440;0;43562;22171;0;37.5;19.1;0.0
23;2021-05-15;863;193;0;44425;22364;0;38.2;19.2;0.0
23;2021-05-16;14;4;0;44439;22368;0;38.2;19.2;0.0
23;2021-05-17;500;437;0;44939;22805;0;38.7;19.6;0.0
23;2021-05-18;657;287;0;45596;23092;0;39.2;19.9;0.0
23;2021-05-19;770;258;0;46366;23350;0;39.9;20.1;0.0
23;2021-05-20;714;298;0;47080;23648;0;40.5;20.3;0.0
23;2021-05-21;835;301;0;47915;23949;0;41.2;20.6;0.0
23;2021-05-22;568;119;0;48483;24068;0;41.7;20.7;0.0
23;2021-05-23;10;21;0;48493;24089;0;41.7;20.7;0.0
23;2021-05-24;278;141;0;48771;24230;0;41.9;20.8;0.0
23;2021-05-25;733;334;0;49504;24564;0;42.6;21.1;0.0
23;2021-05-26;871;244;0;50375;24808;0;43.3;21.3;0.0
23;2021-05-27;799;430;0;51174;25238;0;44.0;21.7;0.0
23;2021-05-28;683;663;0;51857;25901;0;44.6;22.3;0.0
23;2021-05-29;530;1003;0;52387;26904;0;45.1;23.1;0.0
23;2021-05-30;23;46;0;52410;26950;0;45.1;23.2;0.0
23;2021-05-31;373;479;0;52783;27429;0;45.4;23.6;0.0
23;2021-06-01;543;757;0;53326;28186;0;45.9;24.2;0.0
23;2021-06-02;534;494;0;53860;28680;0;46.3;24.7;0.0
23;2021-06-03;663;529;0;54523;29209;0;46.9;25.1;0.0
23;2021-06-04;709;550;0;55232;29759;0;47.5;25.6;0.0
23;2021-06-05;476;716;0;55708;30475;0;47.9;26.2;0.0
23;2021-06-06;8;15;0;55716;30490;0;47.9;26.2;0.0
23;2021-06-07;365;631;0;56081;31121;0;48.2;26.8;0.0
23;2021-06-08;337;771;0;56418;31892;0;48.5;27.4;0.0
23;2021-06-09;275;650;0;56693;32542;0;48.8;28.0;0.0
23;2021-06-10;391;684;0;57084;33226;0;49.1;28.6;0.0
23;2021-06-11;377;797;0;57461;34023;0;49.4;29.3;0.0
23;2021-06-12;334;1211;0;57795;35234;0;49.7;30.3;0.0
23;2021-06-13;20;8;0;57815;35242;0;49.7;30.3;0.0
23;2021-06-14;213;555;0;58028;35797;0;49.9;30.8;0.0
23;2021-06-15;247;835;0;58275;36632;0;50.1;31.5;0.0
23;2021-06-16;354;554;0;58629;37186;0;50.4;32.0;0.0
23;2021-06-17;328;717;0;58957;37903;0;50.7;32.6;0.0
23;2021-06-18;370;726;0;59327;38629;0;51.0;33.2;0.0
23;2021-06-19;434;1196;0;59761;39825;0;51.4;34.3;0.0
23;2021-06-20;10;20;0;59771;39845;0;51.4;34.3;0.0
23;2021-06-21;204;583;0;59975;40428;0;51.6;34.8;0.0
23;2021-06-22;227;643;0;60202;41071;0;51.8;35.3;0.0
23;2021-06-23;232;639;0;60434;41710;0;52.0;35.9;0.0
23;2021-06-24;195;583;0;60629;42293;0;52.1;36.4;0.0
23;2021-06-25;291;753;0;60920;43046;0;52.4;37.0;0.0
23;2021-06-26;211;903;0;61131;43949;0;52.6;37.8;0.0
23;2021-06-27;4;15;0;61135;43964;0;52.6;37.8;0.0
23;2021-06-28;110;606;0;61245;44570;0;52.7;38.3;0.0
23;2021-06-29;216;793;0;61461;45363;0;52.9;39.0;0.0
23;2021-06-30;173;777;0;61634;46140;0;53.0;39.7;0.0
23;2021-07-01;183;800;0;61817;46940;0;53.2;40.4;0.0
23;2021-07-02;200;938;0;62017;47878;0;53.3;41.2;0.0
23;2021-07-03;238;828;0;62255;48706;0;53.5;41.9;0.0
23;2021-07-04;0;7;0;62255;48713;0;53.5;41.9;0.0
23;2021-07-05;157;706;0;62412;49419;0;53.7;42.5;0.0
23;2021-07-06;215;886;0;62627;50305;0;53.9;43.3;0.0
23;2021-07-07;221;784;0;62848;51089;0;54.1;43.9;0.0
23;2021-07-08;270;720;0;63118;51809;0;54.3;44.6;0.0
23;2021-07-09;284;992;0;63402;52801;0;54.5;45.4;0.0
23;2021-07-10;230;574;0;63632;53375;0;54.7;45.9;0.0
23;2021-07-11;10;11;0;63642;53386;0;54.7;45.9;0.0
23;2021-07-12;253;659;0;63895;54045;0;55.0;46.5;0.0
23;2021-07-13;486;846;0;64381;54891;0;55.4;47.2;0.0
23;2021-07-14;208;293;0;64589;55184;0;55.6;47.5;0.0
23;2021-07-15;470;753;0;65059;55937;0;56.0;48.1;0.0
23;2021-07-16;765;525;0;65824;56462;0;56.6;48.6;0.0
23;2021-07-17;222;443;0;66046;56905;0;56.8;48.9;0.0
23;2021-07-18;16;15;0;66062;56920;0;56.8;49.0;0.0
23;2021-07-19;668;618;0;66730;57538;0;57.4;49.5;0.0
23;2021-07-20;573;571;0;67303;58109;0;57.9;50.0;0.0
23;2021-07-21;676;616;0;67979;58725;0;58.5;50.5;0.0
23;2021-07-22;823;467;0;68802;59192;0;59.2;50.9;0.0
23;2021-07-23;813;546;0;69615;59738;0;59.9;51.4;0.0
23;2021-07-24;845;419;0;70460;60157;0;60.6;51.7;0.0
23;2021-07-25;20;27;0;70480;60184;0;60.6;51.8;0.0
23;2021-07-26;706;545;0;71186;60729;0;61.2;52.2;0.0
23;2021-07-27;873;444;0;72059;61173;0;62.0;52.6;0.0
23;2021-07-28;838;415;0;72897;61588;0;62.7;53.0;0.0
23;2021-07-29;958;380;0;73855;61968;0;63.5;53.3;0.0
23;2021-07-30;813;488;0;74668;62456;0;64.2;53.7;0.0
23;2021-07-31;910;284;0;75578;62740;0;65.0;54.0;0.0
23;2021-08-01;21;21;0;75599;62761;0;65.0;54.0;0.0
23;2021-08-02;596;495;0;76195;63256;0;65.5;54.4;0.0
23;2021-08-03;726;500;0;76921;63756;0;66.2;54.8;0.0
23;2021-08-04;613;290;0;77534;64046;0;66.7;55.1;0.0
23;2021-08-05;639;336;0;78173;64382;0;67.2;55.4;0.0
23;2021-08-06;435;474;0;78608;64856;0;67.6;55.8;0.0
23;2021-08-07;278;208;0;78886;65064;0;67.8;56.0;0.0
23;2021-08-08;130;36;0;79016;65100;0;68.0;56.0;0.0
23;2021-08-09;436;434;0;79452;65534;0;68.3;56.4;0.0
23;2021-08-10;447;655;0;79899;66189;0;68.7;56.9;0.0
23;2021-08-11;372;467;0;80271;66656;0;69.0;57.3;0.0
23;2021-08-12;484;594;0;80755;67250;0;69.5;57.8;0.0
23;2021-08-13;407;547;0;81162;67797;0;69.8;58.3;0.0
23;2021-08-14;259;366;0;81421;68163;0;70.0;58.6;0.0
23;2021-08-15;27;19;0;81448;68182;0;70.1;58.6;0.0
23;2021-08-16;279;655;0;81727;68837;0;70.3;59.2;0.0
23;2021-08-17;263;732;0;81990;69569;0;70.5;59.8;0.0
23;2021-08-18;196;624;0;82186;70193;0;70.7;60.4;0.0
23;2021-08-19;271;753;0;82457;70946;0;70.9;61.0;0.0
23;2021-08-20;222;666;0;82679;71612;0;71.1;61.6;0.0
23;2021-08-21;135;452;0;82814;72064;0;71.2;62.0;0.0
23;2021-08-22;50;39;0;82864;72103;0;71.3;62.0;0.0
23;2021-08-23;152;779;0;83016;72882;0;71.4;62.7;0.0
23;2021-08-24;265;850;0;83281;73732;0;71.6;63.4;0.0
23;2021-08-25;198;765;0;83479;74497;0;71.8;64.1;0.0
23;2021-08-26;210;699;0;83689;75196;0;72.0;64.7;0.0
23;2021-08-27;205;664;1;83894;75860;1;72.2;65.2;0.0
23;2021-08-28;206;429;0;84100;76289;1;72.3;65.6;0.0
23;2021-08-29;16;73;0;84116;76362;1;72.3;65.7;0.0
23;2021-08-30;189;617;11;84305;76979;12;72.5;66.2;0.0
23;2021-08-31;239;630;12;84544;77609;24;72.7;66.7;0.0
23;2021-09-01;164;391;37;84708;78000;61;72.9;67.1;0.1
23;2021-09-02;128;316;41;84836;78316;102;73.0;67.4;0.1
23;2021-09-03;210;518;69;85046;78834;171;73.1;67.8;0.1
23;2021-09-04;154;687;51;85200;79521;222;73.3;68.4;0.2
23;2021-09-05;5;9;2;85205;79530;224;73.3;68.4;0.2
23;2021-09-06;132;379;99;85337;79909;323;73.4;68.7;0.3
23;2021-09-07;91;368;169;85428;80277;492;73.5;69.0;0.4
23;2021-09-08;107;361;112;85535;80638;604;73.6;69.4;0.5
23;2021-09-09;110;319;74;85645;80957;678;73.7;69.6;0.6
23;2021-09-10;156;329;136;85801;81286;814;73.8;69.9;0.7
23;2021-09-11;99;211;22;85900;81497;836;73.9;70.1;0.7
23;2021-09-12;4;10;8;85904;81507;844;73.9;70.1;0.7
23;2021-09-13;111;319;80;86015;81826;924;74.0;70.4;0.8
23;2021-09-14;101;294;173;86116;82120;1097;74.1;70.6;0.9
23;2021-09-15;87;269;85;86203;82389;1182;74.1;70.9;1.0
23;2021-09-16;119;150;144;86322;82539;1326;74.2;71.0;1.1
23;2021-09-17;152;245;126;86474;82784;1452;74.4;71.2;1.2
23;2021-09-18;40;213;26;86514;82997;1478;74.4;71.4;1.3
23;2021-09-19;6;6;1;86520;83003;1479;74.4;71.4;1.3
23;2021-09-20;61;212;138;86581;83215;1617;74.5;71.6;1.4
23;2021-09-21;75;180;222;86656;83395;1839;74.5;71.7;1.6
23;2021-09-22;67;255;187;86723;83650;2026;74.6;71.9;1.7
23;2021-09-23;64;139;216;86787;83789;2242;74.6;72.1;1.9
23;2021-09-24;80;231;174;86867;84020;2416;74.7;72.3;2.1
23;2021-09-25;37;136;57;86904;84156;2473;74.7;72.4;2.1
23;2021-09-26;1;2;3;86905;84158;2476;74.7;72.4;2.1
23;2021-09-27;37;153;158;86942;84311;2634;74.8;72.5;2.3
23;2021-09-28;44;121;180;86986;84432;2814;74.8;72.6;2.4
23;2021-09-29;66;154;234;87052;84586;3048;74.9;72.7;2.6
23;2021-09-30;47;63;139;87099;84649;3187;74.9;72.8;2.7
23;2021-10-01;93;179;204;87192;84828;3391;75.0;73.0;2.9
23;2021-10-02;28;96;50;87220;84924;3441;75.0;73.0;3.0
23;2021-10-03;2;6;18;87222;84930;3459;75.0;73.0;3.0
23;2021-10-04;46;82;177;87268;85012;3636;75.1;73.1;3.1
23;2021-10-05;36;83;214;87304;85095;3850;75.1;73.2;3.3
23;2021-10-06;50;95;128;87354;85190;3978;75.1;73.3;3.4
23;2021-10-07;60;119;203;87414;85309;4181;75.2;73.4;3.6
23;2021-10-08;59;191;223;87473;85500;4404;75.2;73.5;3.8
23;2021-10-09;22;50;43;87495;85550;4447;75.3;73.6;3.8
23;2021-10-10;0;0;0;87495;85550;4447;75.3;73.6;3.8
23;2021-10-11;20;93;214;87515;85643;4661;75.3;73.7;4.0
23;2021-10-12;50;87;171;87565;85730;4832;75.3;73.7;4.2
23;2021-10-13;46;76;176;87611;85806;5008;75.4;73.8;4.3
23;2021-10-14;38;68;106;87649;85874;5114;75.4;73.9;4.4
23;2021-10-15;76;101;211;87725;85975;5325;75.4;73.9;4.6
23;2021-10-16;34;43;53;87759;86018;5378;75.5;74.0;4.6
23;2021-10-17;1;3;1;87760;86021;5379;75.5;74.0;4.6
23;2021-10-18;49;71;216;87809;86092;5595;75.5;74.0;4.8
23;2021-10-19;35;42;171;87844;86134;5766;75.6;74.1;5.0
23;2021-10-20;46;52;187;87890;86186;5953;75.6;74.1;5.1
23;2021-10-21;24;62;155;87914;86248;6108;75.6;74.2;5.3
23;2021-10-22;36;123;296;87950;86371;6404;75.6;74.3;5.5
23;2021-10-23;27;45;86;87977;86416;6490;75.7;74.3;5.6
23;2021-10-24;6;3;9;87983;86419;6499;75.7;74.3;5.6
23;2021-10-25;43;58;292;88026;86477;6791;75.7;74.4;5.8
23;2021-10-26;34;39;280;88060;86516;7071;75.7;74.4;6.1
23;2021-10-27;20;33;211;88080;86549;7282;75.8;74.4;6.3
23;2021-10-28;31;41;253;88111;86590;7535;75.8;74.5;6.5
23;2021-10-29;45;76;277;88156;86666;7812;75.8;74.5;6.7
23;2021-10-30;33;17;32;88189;86683;7844;75.8;74.6;6.7
23;2021-10-31;1;0;0;88190;86683;7844;75.8;74.6;6.7
23;2021-11-01;0;0;0;88190;86683;7844;75.8;74.6;6.7
23;2021-11-02;37;45;350;88227;86728;8194;75.9;74.6;7.0
23;2021-11-03;26;40;293;88253;86768;8487;75.9;74.6;7.3
23;2021-11-04;25;32;240;88278;86800;8727;75.9;74.7;7.5
23;2021-11-05;44;86;456;88322;86886;9183;76.0;74.7;7.9
23;2021-11-06;22;23;114;88344;86909;9297;76.0;74.7;8.0
23;2021-11-07;3;8;28;88347;86917;9325;76.0;74.8;8.0
23;2021-11-08;21;42;341;88368;86959;9666;76.0;74.8;8.3
23;2021-11-09;40;47;495;88408;87006;10161;76.0;74.8;8.7
23;2021-11-10;33;62;284;88441;87068;10445;76.1;74.9;9.0
23;2021-11-11;0;1;21;88441;87069;10466;76.1;74.9;9.0
23;2021-11-12;31;56;447;88472;87125;10913;76.1;74.9;9.4
23;2021-11-13;14;30;131;88486;87155;11044;76.1;75.0;9.5
23;2021-11-14;0;1;2;88486;87156;11046;76.1;75.0;9.5
23;2021-11-15;26;41;342;88512;87197;11388;76.1;75.0;9.8
23;2021-11-16;25;48;594;88537;87245;11982;76.1;75.0;10.3
23;2021-11-17;30;39;385;88567;87284;12367;76.2;75.1;10.6
23;2021-11-18;39;35;484;88606;87319;12851;76.2;75.1;11.1
23;2021-11-19;49;69;573;88655;87388;13424;76.2;75.2;11.5
23;2021-11-20;19;29;190;88674;87417;13614;76.3;75.2;11.7
23;2021-11-21;0;2;12;88674;87419;13626;76.3;75.2;11.7
23;2021-11-22;32;17;392;88706;87436;14018;76.3;75.2;12.1
23;2021-11-23;40;34;673;88746;87470;14691;76.3;75.2;12.6
23;2021-11-24;49;36;598;88795;87506;15289;76.4;75.3;13.1
23;2021-11-25;35;20;486;88830;87526;15775;76.4;75.3;13.6
23;2021-11-26;60;56;806;88890;87582;16581;76.5;75.3;14.3
23;2021-11-27;38;36;545;88928;87618;17126;76.5;75.4;14.7
23;2021-11-28;5;1;19;88933;87619;17145;76.5;75.4;14.7
23;2021-11-29;14;21;535;88947;87640;17680;76.5;75.4;15.2
23;2021-11-30;46;47;986;88993;87687;18666;76.5;75.4;16.1
23;2021-12-01;49;34;1175;89042;87721;19841;76.6;75.4;17.1
23;2021-12-02;30;18;1220;89072;87739;21061;76.6;75.5;18.1
23;2021-12-03;42;27;1167;89114;87766;22228;76.6;75.5;19.1
23;2021-12-04;32;27;947;89146;87793;23175;76.7;75.5;19.9
23;2021-12-05;8;0;256;89154;87793;23431;76.7;75.5;20.2
23;2021-12-06;18;24;677;89172;87817;24108;76.7;75.5;20.7
23;2021-12-07;32;20;1273;89204;87837;25381;76.7;75.5;21.8
23;2021-12-08;44;39;1389;89248;87876;26770;76.8;75.6;23.0
23;2021-12-09;27;34;1255;89275;87910;28025;76.8;75.6;24.1
23;2021-12-10;38;45;1391;89313;87955;29416;76.8;75.6;25.3
23;2021-12-11;41;29;1314;89354;87984;30730;76.9;75.7;26.4
23;2021-12-12;4;4;68;89358;87988;30798;76.9;75.7;26.5
23;2021-12-13;21;25;1090;89379;88013;31888;76.9;75.7;27.4
23;2021-12-14;56;39;1788;89435;88052;33676;76.9;75.7;29.0
23;2021-12-15;28;41;1316;89463;88093;34992;76.9;75.8;30.1
24;2020-12-27;0;0;0;0;0;0;0.0;0.0;0.0
24;2020-12-28;0;0;0;0;0;0;0.0;0.0;0.0
24;2020-12-29;2;0;0;2;0;0;0.0;0.0;0.0
24;2020-12-30;1;0;0;3;0;0;0.0;0.0;0.0
24;2020-12-31;0;0;0;3;0;0;0.0;0.0;0.0
24;2021-01-01;1;0;0;4;0;0;0.0;0.0;0.0
24;2021-01-02;0;0;0;4;0;0;0.0;0.0;0.0
24;2021-01-03;1;0;0;5;0;0;0.0;0.0;0.0
24;2021-01-04;1;0;0;6;0;0;0.0;0.0;0.0
24;2021-01-05;0;0;0;6;0;0;0.0;0.0;0.0
24;2021-01-06;4;0;0;10;0;0;0.0;0.0;0.0
24;2021-01-07;201;0;0;211;0;0;0.1;0.0;0.0
24;2021-01-08;284;0;0;495;0;0;0.1;0.0;0.0
24;2021-01-09;184;13;0;679;13;0;0.2;0.0;0.0
24;2021-01-10;36;0;0;715;13;0;0.2;0.0;0.0
24;2021-01-11;258;0;0;973;13;0;0.2;0.0;0.0
24;2021-01-12;309;0;0;1282;13;0;0.3;0.0;0.0
24;2021-01-13;263;1;0;1545;14;0;0.4;0.0;0.0
24;2021-01-14;982;24;0;2527;38;0;0.6;0.0;0.0
24;2021-01-15;601;6;0;3128;44;0;0.8;0.0;0.0
24;2021-01-16;92;0;0;3220;44;0;0.8;0.0;0.0
24;2021-01-17;4;1;0;3224;45;0;0.8;0.0;0.0
24;2021-01-18;348;2;0;3572;47;0;0.9;0.0;0.0
24;2021-01-19;512;2;0;4084;49;0;1.0;0.0;0.0
24;2021-01-20;585;0;0;4669;49;0;1.1;0.0;0.0
24;2021-01-21;690;5;0;5359;54;0;1.3;0.0;0.0
24;2021-01-22;585;1;0;5944;55;0;1.5;0.0;0.0
24;2021-01-23;163;1;0;6107;56;0;1.5;0.0;0.0
24;2021-01-24;13;0;0;6120;56;0;1.5;0.0;0.0
24;2021-01-25;488;0;0;6608;56;0;1.6;0.0;0.0
24;2021-01-26;680;64;0;7288;120;0;1.8;0.0;0.0
24;2021-01-27;1162;14;0;8450;134;0;2.1;0.0;0.0
24;2021-01-28;1000;115;0;9450;249;0;2.3;0.1;0.0
24;2021-01-29;912;140;0;10362;389;0;2.5;0.1;0.0
24;2021-01-30;268;1;0;10630;390;0;2.6;0.1;0.0
24;2021-01-31;10;4;0;10640;394;0;2.6;0.1;0.0
24;2021-02-01;397;175;0;11037;569;0;2.7;0.1;0.0
24;2021-02-02;624;323;0;11661;892;0;2.9;0.2;0.0
24;2021-02-03;648;487;0;12309;1379;0;3.0;0.3;0.0
24;2021-02-04;985;427;0;13294;1806;0;3.3;0.4;0.0
24;2021-02-05;667;418;0;13961;2224;0;3.4;0.5;0.0
24;2021-02-06;143;35;0;14104;2259;0;3.5;0.6;0.0
24;2021-02-07;31;3;0;14135;2262;0;3.5;0.6;0.0
24;2021-02-08;330;246;0;14465;2508;0;3.5;0.6;0.0
24;2021-02-09;480;252;0;14945;2760;0;3.7;0.7;0.0
24;2021-02-10;429;183;0;15374;2943;0;3.8;0.7;0.0
24;2021-02-11;589;563;0;15963;3506;0;3.9;0.9;0.0
24;2021-02-12;515;396;0;16478;3902;0;4.0;1.0;0.0
24;2021-02-13;199;51;0;16677;3953;0;4.1;1.0;0.0
24;2021-02-14;90;8;0;16767;3961;0;4.1;1.0;0.0
24;2021-02-15;200;275;0;16967;4236;0;4.2;1.0;0.0
24;2021-02-16;338;540;0;17305;4776;0;4.2;1.2;0.0
24;2021-02-17;547;827;0;17852;5603;0;4.4;1.4;0.0
24;2021-02-18;435;771;0;18287;6374;0;4.5;1.6;0.0
24;2021-02-19;473;677;0;18760;7051;0;4.6;1.7;0.0
24;2021-02-20;164;151;0;18924;7202;0;4.6;1.8;0.0
24;2021-02-21;107;3;0;19031;7205;0;4.7;1.8;0.0
24;2021-02-22;447;517;0;19478;7722;0;4.8;1.9;0.0
24;2021-02-23;546;677;0;20024;8399;0;4.9;2.1;0.0
24;2021-02-24;534;795;0;20558;9194;0;5.0;2.3;0.0
24;2021-02-25;754;881;0;21312;10075;0;5.2;2.5;0.0
24;2021-02-26;1010;928;0;22322;11003;0;5.5;2.7;0.0
24;2021-02-27;384;265;0;22706;11268;0;5.6;2.8;0.0
24;2021-02-28;19;14;0;22725;11282;0;5.6;2.8;0.0
24;2021-03-01;347;412;0;23072;11694;0;5.6;2.9;0.0
24;2021-03-02;559;477;0;23631;12171;0;5.8;3.0;0.0
24;2021-03-03;678;368;0;24309;12539;0;6.0;3.1;0.0
24;2021-03-04;944;546;0;25253;13085;0;6.2;3.2;0.0
24;2021-03-05;1059;577;0;26312;13662;0;6.4;3.3;0.0
24;2021-03-06;1166;146;0;27478;13808;0;6.7;3.4;0.0
24;2021-03-07;201;62;0;27679;13870;0;6.8;3.4;0.0
24;2021-03-08;613;282;0;28292;14152;0;6.9;3.5;0.0
24;2021-03-09;1171;462;0;29463;14614;0;7.2;3.6;0.0
24;2021-03-10;1194;478;0;30657;15092;0;7.5;3.7;0.0
24;2021-03-11;1701;497;0;32358;15589;0;7.9;3.8;0.0
24;2021-03-12;2185;459;0;34543;16048;0;8.5;3.9;0.0
24;2021-03-13;1424;188;0;35967;16236;0;8.8;4.0;0.0
24;2021-03-14;132;95;0;36099;16331;0;8.8;4.0;0.0
24;2021-03-15;1030;196;0;37129;16527;0;9.1;4.0;0.0
24;2021-03-16;1221;237;0;38350;16764;0;9.4;4.1;0.0
24;2021-03-17;1237;284;0;39587;17048;0;9.7;4.2;0.0
24;2021-03-18;1138;540;0;40725;17588;0;10.0;4.3;0.0
24;2021-03-19;1328;529;0;42053;18117;0;10.3;4.4;0.0
24;2021-03-20;1002;155;0;43055;18272;0;10.5;4.5;0.0
24;2021-03-21;29;12;0;43084;18284;0;10.5;4.5;0.0
24;2021-03-22;1367;429;0;44451;18713;0;10.9;4.6;0.0
24;2021-03-23;1986;396;0;46437;19109;0;11.4;4.7;0.0
24;2021-03-24;1916;384;0;48353;19493;0;11.8;4.8;0.0
24;2021-03-25;2095;510;0;50448;20003;0;12.4;4.9;0.0
24;2021-03-26;2408;297;0;52856;20300;0;12.9;5.0;0.0
24;2021-03-27;1383;44;0;54239;20344;0;13.3;5.0;0.0
24;2021-03-28;74;8;0;54313;20352;0;13.3;5.0;0.0
24;2021-03-29;1720;354;0;56033;20706;0;13.7;5.1;0.0
24;2021-03-30;2488;422;0;58521;21128;0;14.3;5.2;0.0
24;2021-03-31;2183;327;0;60704;21455;0;14.9;5.3;0.0
24;2021-04-01;2280;347;0;62984;21802;0;15.4;5.3;0.0
24;2021-04-02;2131;454;0;65115;22256;0;15.9;5.4;0.0
24;2021-04-03;1331;153;0;66446;22409;0;16.3;5.5;0.0
24;2021-04-04;73;7;0;66519;22416;0;16.3;5.5;0.0
24;2021-04-05;890;68;0;67409;22484;0;16.5;5.5;0.0
24;2021-04-06;2277;786;0;69686;23270;0;17.1;5.7;0.0
24;2021-04-07;2664;712;0;72350;23982;0;17.7;5.9;0.0
24;2021-04-08;2970;1030;0;75320;25012;0;18.4;6.1;0.0
24;2021-04-09;3337;1065;0;78657;26077;0;19.3;6.4;0.0
24;2021-04-10;2480;357;0;81137;26434;0;19.9;6.5;0.0
24;2021-04-11;1017;24;0;82154;26458;0;20.1;6.5;0.0
24;2021-04-12;2377;899;0;84531;27357;0;20.7;6.7;0.0
24;2021-04-13;2805;1240;0;87336;28597;0;21.4;7.0;0.0
24;2021-04-14;2908;1205;0;90244;29802;0;22.1;7.3;0.0
24;2021-04-15;2813;1175;0;93057;30977;0;22.8;7.6;0.0
24;2021-04-16;3227;1049;0;96284;32026;0;23.6;7.8;0.0
24;2021-04-17;2245;451;0;98529;32477;0;24.1;8.0;0.0
24;2021-04-18;437;3;0;98966;32480;0;24.2;8.0;0.0
24;2021-04-19;1636;1120;0;100602;33600;0;24.6;8.2;0.0
24;2021-04-20;2329;1542;0;102931;35142;0;25.2;8.6;0.0
24;2021-04-21;2348;1486;0;105279;36628;0;25.8;9.0;0.0
24;2021-04-22;2235;1399;0;107514;38027;0;26.3;9.3;0.0
24;2021-04-23;1986;1443;0;109500;39470;0;26.8;9.7;0.0
24;2021-04-24;738;736;0;110238;40206;0;27.0;9.8;0.0
24;2021-04-25;66;10;0;110304;40216;0;27.0;9.8;0.0
24;2021-04-26;1417;1500;0;111721;41716;0;27.4;10.2;0.0
24;2021-04-27;1917;1922;0;113638;43638;0;27.8;10.7;0.0
24;2021-04-28;1673;1949;0;115311;45587;0;28.2;11.2;0.0
24;2021-04-29;1824;1942;0;117135;47529;0;28.7;11.6;0.0
24;2021-04-30;2331;1775;0;119466;49304;0;29.3;12.1;0.0
24;2021-05-01;1916;1012;0;121382;50316;0;29.7;12.3;0.0
24;2021-05-02;1835;206;0;123217;50522;0;30.2;12.4;0.0
24;2021-05-03;1674;1782;0;124891;52304;0;30.6;12.8;0.0
24;2021-05-04;2396;2272;0;127287;54576;0;31.2;13.4;0.0
24;2021-05-05;2050;2671;0;129337;57247;0;31.7;14.0;0.0
24;2021-05-06;2145;2714;0;131482;59961;0;32.2;14.7;0.0
24;2021-05-07;2450;2743;0;133932;62704;0;32.8;15.4;0.0
24;2021-05-08;1338;1100;0;135270;63804;0;33.1;15.6;0.0
24;2021-05-09;1113;822;0;136383;64626;0;33.4;15.8;0.0
24;2021-05-10;1364;2541;0;137747;67167;0;33.7;16.4;0.0
24;2021-05-11;2234;2683;0;139981;69850;0;34.3;17.1;0.0
24;2021-05-12;2059;2299;0;142040;72149;0;34.8;17.7;0.0
24;2021-05-13;1591;1169;0;143631;73318;0;35.2;18.0;0.0
24;2021-05-14;2572;1397;0;146203;74715;0;35.8;18.3;0.0
24;2021-05-15;2073;867;0;148276;75582;0;36.3;18.5;0.0
24;2021-05-16;1094;351;0;149370;75933;0;36.6;18.6;0.0
24;2021-05-17;2294;1292;0;151664;77225;0;37.1;18.9;0.0
24;2021-05-18;2606;1799;0;154270;79024;0;37.8;19.3;0.0
24;2021-05-19;2397;1366;0;156667;80390;0;38.4;19.7;0.0
24;2021-05-20;2600;1538;0;159267;81928;0;39.0;20.1;0.0
24;2021-05-21;2555;1379;0;161822;83307;0;39.6;20.4;0.0
24;2021-05-22;1696;455;0;163518;83762;0;40.0;20.5;0.0
24;2021-05-23;817;64;0;164335;83826;0;40.2;20.5;0.0
24;2021-05-24;1367;304;0;165702;84130;0;40.6;20.6;0.0
24;2021-05-25;2253;1411;0;167955;85541;0;41.1;20.9;0.0
24;2021-05-26;2171;1344;0;170126;86885;0;41.7;21.3;0.0
24;2021-05-27;1899;2135;0;172025;89020;0;42.1;21.8;0.0
24;2021-05-28;2182;2028;0;174207;91048;0;42.7;22.3;0.0
24;2021-05-29;1119;2062;0;175326;93110;0;42.9;22.8;0.0
24;2021-05-30;1149;163;0;176475;93273;0;43.2;22.8;0.0
24;2021-05-31;1732;1416;0;178207;94689;0;43.6;23.2;0.0
24;2021-06-01;2634;2005;0;180841;96694;0;44.3;23.7;0.0
24;2021-06-02;2597;1883;0;183438;98577;0;44.9;24.1;0.0
24;2021-06-03;2281;1549;0;185719;100126;0;45.5;24.5;0.0
24;2021-06-04;2373;2021;0;188092;102147;0;46.1;25.0;0.0
24;2021-06-05;1822;1399;0;189914;103546;0;46.5;25.4;0.0
24;2021-06-06;690;221;0;190604;103767;0;46.7;25.4;0.0
24;2021-06-07;1465;1651;0;192069;105418;0;47.0;25.8;0.0
24;2021-06-08;1677;2109;0;193746;107527;0;47.4;26.3;0.0
24;2021-06-09;1421;1729;0;195167;109256;0;47.8;26.8;0.0
24;2021-06-10;1700;1947;0;196867;111203;0;48.2;27.2;0.0
24;2021-06-11;1375;2319;0;198242;113522;0;48.5;27.8;0.0
24;2021-06-12;1098;2507;0;199340;116029;0;48.8;28.4;0.0
24;2021-06-13;1053;882;0;200393;116911;0;49.1;28.6;0.0
24;2021-06-14;1164;2107;0;201557;119018;0;49.4;29.1;0.0
24;2021-06-15;1542;3243;0;203099;122261;0;49.7;29.9;0.0
24;2021-06-16;1717;2871;0;204816;125132;0;50.2;30.6;0.0
24;2021-06-17;1593;2296;0;206409;127428;0;50.5;31.2;0.0
24;2021-06-18;1496;3034;0;207905;130462;0;50.9;31.9;0.0
24;2021-06-19;1202;1609;0;209107;132071;0;51.2;32.3;0.0
24;2021-06-20;470;466;0;209577;132537;0;51.3;32.5;0.0
24;2021-06-21;919;2058;0;210496;134595;0;51.5;33.0;0.0
24;2021-06-22;1349;2646;0;211845;137241;0;51.9;33.6;0.0
24;2021-06-23;1354;2521;0;213199;139762;0;52.2;34.2;0.0
24;2021-06-24;1174;2041;0;214373;141803;0;52.5;34.7;0.0
24;2021-06-25;1023;3010;0;215396;144813;0;52.7;35.5;0.0
24;2021-06-26;803;2158;0;216199;146971;0;52.9;36.0;0.0
24;2021-06-27;385;924;0;216584;147895;0;53.0;36.2;0.0
24;2021-06-28;798;2660;0;217382;150555;0;53.2;36.9;0.0
24;2021-06-29;936;3029;0;218318;153584;0;53.5;37.6;0.0
24;2021-06-30;1078;2651;0;219396;156235;0;53.7;38.3;0.0
24;2021-07-01;1141;2455;0;220537;158690;0;54.0;38.9;0.0
24;2021-07-02;1087;2839;0;221624;161529;0;54.3;39.6;0.0
24;2021-07-03;753;1864;0;222377;163393;0;54.5;40.0;0.0
24;2021-07-04;357;908;0;222734;164301;0;54.5;40.2;0.0
24;2021-07-05;758;2359;0;223492;166660;0;54.7;40.8;0.0
24;2021-07-06;892;3414;0;224384;170074;0;54.9;41.6;0.0
24;2021-07-07;1026;3065;0;225410;173139;0;55.2;42.4;0.0
24;2021-07-08;1345;2155;0;226755;175294;0;55.5;42.9;0.0
24;2021-07-09;1114;3183;0;227869;178477;0;55.8;43.7;0.0
24;2021-07-10;486;1887;0;228355;180364;0;55.9;44.2;0.0
24;2021-07-11;538;983;0;228893;181347;0;56.0;44.4;0.0
24;2021-07-12;865;2573;0;229758;183920;0;56.3;45.0;0.0
24;2021-07-13;1324;3234;0;231082;187154;0;56.6;45.8;0.0
24;2021-07-14;629;1066;0;231711;188220;0;56.7;46.1;0.0
24;2021-07-15;1618;2727;0;233329;190947;0;57.1;46.8;0.0
24;2021-07-16;2103;2536;0;235432;193483;0;57.6;47.4;0.0
24;2021-07-17;1376;2092;0;236808;195575;0;58.0;47.9;0.0
24;2021-07-18;645;806;0;237453;196381;0;58.1;48.1;0.0
24;2021-07-19;1555;2214;0;239008;198595;0;58.5;48.6;0.0
24;2021-07-20;2003;2500;0;241011;201095;0;59.0;49.2;0.0
24;2021-07-21;1925;2310;0;242936;203405;0;59.5;49.8;0.0
24;2021-07-22;2492;2436;0;245428;205841;0;60.1;50.4;0.0
24;2021-07-23;2311;2537;0;247739;208378;0;60.7;51.0;0.0
24;2021-07-24;1735;1528;0;249474;209906;0;61.1;51.4;0.0
24;2021-07-25;796;760;0;250270;210666;0;61.3;51.6;0.0
24;2021-07-26;1553;2005;0;251823;212671;0;61.7;52.1;0.0
24;2021-07-27;2813;2215;0;254636;214886;0;62.4;52.6;0.0
24;2021-07-28;2644;1860;0;257280;216746;0;63.0;53.1;0.0
24;2021-07-29;2982;2164;0;260262;218910;0;63.7;53.6;0.0
24;2021-07-30;2541;1916;0;262803;220826;0;64.4;54.1;0.0
24;2021-07-31;1580;1464;0;264383;222290;0;64.7;54.4;0.0
24;2021-08-01;1017;587;0;265400;222877;0;65.0;54.6;0.0
24;2021-08-02;1947;1581;0;267347;224458;0;65.5;55.0;0.0
24;2021-08-03;2737;1826;0;270084;226284;0;66.1;55.4;0.0
24;2021-08-04;2884;1468;0;272968;227752;0;66.8;55.8;0.0
24;2021-08-05;2851;1348;0;275819;229100;0;67.5;56.1;0.0
24;2021-08-06;2391;1463;0;278210;230563;0;68.1;56.5;0.0
24;2021-08-07;1723;1039;0;279933;231602;0;68.5;56.7;0.0
24;2021-08-08;1005;562;0;280938;232164;0;68.8;56.8;0.0
24;2021-08-09;1583;1339;0;282521;233503;0;69.2;57.2;0.0
24;2021-08-10;2204;1748;0;284725;235251;0;69.7;57.6;0.0
24;2021-08-11;2128;1610;0;286853;236861;0;70.2;58.0;0.0
24;2021-08-12;1873;1867;0;288726;238728;0;70.7;58.5;0.0
24;2021-08-13;1536;1584;0;290262;240312;0;71.1;58.8;0.0
24;2021-08-14;1095;1166;0;291357;241478;0;71.3;59.1;0.0
24;2021-08-15;624;488;0;291981;241966;0;71.5;59.2;0.0
24;2021-08-16;1138;1610;0;293119;243576;0;71.8;59.6;0.0
24;2021-08-17;1541;2031;0;294660;245607;0;72.2;60.1;0.0
24;2021-08-18;1412;1783;0;296072;247390;0;72.5;60.6;0.0
24;2021-08-19;1110;2461;0;297182;249851;0;72.8;61.2;0.0
24;2021-08-20;1092;2412;0;298274;252263;0;73.0;61.8;0.0
24;2021-08-21;783;1564;0;299057;253827;0;73.2;62.2;0.0
24;2021-08-22;290;974;0;299347;254801;0;73.3;62.4;0.0
24;2021-08-23;701;2060;0;300048;256861;0;73.5;62.9;0.0
24;2021-08-24;833;2355;0;300881;259216;0;73.7;63.5;0.0
24;2021-08-25;818;2309;0;301699;261525;0;73.9;64.0;0.0
24;2021-08-26;750;2713;0;302449;264238;0;74.1;64.7;0.0
24;2021-08-27;824;2813;0;303273;267051;0;74.3;65.4;0.0
24;2021-08-28;505;1804;0;303778;268855;0;74.4;65.8;0.0
24;2021-08-29;157;897;0;303935;269752;0;74.4;66.1;0.0
24;2021-08-30;431;2065;17;304366;271817;17;74.5;66.6;0.0
24;2021-08-31;634;2495;55;305000;274312;72;74.7;67.2;0.0
24;2021-09-01;663;2284;101;305663;276596;173;74.8;67.7;0.0
24;2021-09-02;486;1858;122;306149;278454;295;75.0;68.2;0.1
24;2021-09-03;576;2152;180;306725;280606;475;75.1;68.7;0.1
24;2021-09-04;365;1850;63;307090;282456;538;75.2;69.2;0.1
24;2021-09-05;229;849;44;307319;283305;582;75.3;69.4;0.1
24;2021-09-06;324;1463;164;307643;284768;746;75.3;69.7;0.2
24;2021-09-07;485;1676;260;308128;286444;1006;75.4;70.1;0.2
24;2021-09-08;428;1773;172;308556;288217;1178;75.6;70.6;0.3
24;2021-09-09;367;1119;231;308923;289336;1409;75.6;70.8;0.3
24;2021-09-10;408;1642;207;309331;290978;1616;75.7;71.2;0.4
24;2021-09-11;319;1571;70;309650;292549;1686;75.8;71.6;0.4
24;2021-09-12;93;314;60;309743;292863;1746;75.8;71.7;0.4
24;2021-09-13;316;981;221;310059;293844;1967;75.9;72.0;0.5
24;2021-09-14;442;916;304;310501;294760;2271;76.0;72.2;0.6
24;2021-09-15;450;1290;398;310951;296050;2669;76.1;72.5;0.7
24;2021-09-16;290;889;269;311241;296939;2938;76.2;72.7;0.7
24;2021-09-17;413;1047;330;311654;297986;3268;76.3;73.0;0.8
24;2021-09-18;302;1070;152;311956;299056;3420;76.4;73.2;0.8
24;2021-09-19;52;343;34;312008;299399;3454;76.4;73.3;0.8
24;2021-09-20;158;560;254;312166;299959;3708;76.4;73.4;0.9
24;2021-09-21;366;442;435;312532;300401;4143;76.5;73.6;1.0
24;2021-09-22;225;738;440;312757;301139;4583;76.6;73.7;1.1
24;2021-09-23;160;410;414;312917;301549;4997;76.6;73.8;1.2
24;2021-09-24;251;823;369;313168;302372;5366;76.7;74.0;1.3
24;2021-09-25;209;583;120;313377;302955;5486;76.7;74.2;1.3
24;2021-09-26;23;92;14;313400;303047;5500;76.7;74.2;1.3
24;2021-09-27;175;444;312;313575;303491;5812;76.8;74.3;1.4
24;2021-09-28;212;340;586;313787;303831;6398;76.8;74.4;1.6
24;2021-09-29;208;577;392;313995;304408;6790;76.9;74.5;1.7
24;2021-09-30;234;448;480;314229;304856;7270;76.9;74.6;1.8
24;2021-10-01;253;512;406;314482;305368;7676;77.0;74.8;1.9
24;2021-10-02;190;485;177;314672;305853;7853;77.1;74.9;1.9
24;2021-10-03;16;43;4;314688;305896;7857;77.1;74.9;1.9
24;2021-10-04;158;302;316;314846;306198;8173;77.1;75.0;2.0
24;2021-10-05;117;362;338;314963;306560;8511;77.1;75.1;2.1
24;2021-10-06;219;470;589;315182;307030;9100;77.2;75.2;2.2
24;2021-10-07;117;229;416;315299;307259;9516;77.2;75.2;2.3
24;2021-10-08;196;443;553;315495;307702;10069;77.3;75.3;2.5
24;2021-10-09;166;427;413;315661;308129;10482;77.3;75.4;2.6
24;2021-10-10;20;26;18;315681;308155;10500;77.3;75.5;2.6
24;2021-10-11;98;217;398;315779;308372;10898;77.3;75.5;2.7
24;2021-10-12;144;392;708;315923;308764;11606;77.4;75.6;2.8
24;2021-10-13;144;297;557;316067;309061;12163;77.4;75.7;3.0
24;2021-10-14;129;214;526;316196;309275;12689;77.4;75.7;3.1
24;2021-10-15;271;417;1021;316467;309692;13710;77.5;75.8;3.4
24;2021-10-16;173;327;304;316640;310019;14014;77.5;75.9;3.4
24;2021-10-17;14;30;11;316654;310049;14025;77.5;75.9;3.4
24;2021-10-18;105;154;420;316759;310203;14445;77.6;76.0;3.5
24;2021-10-19;130;250;667;316889;310453;15112;77.6;76.0;3.7
24;2021-10-20;132;242;678;317021;310695;15790;77.6;76.1;3.9
24;2021-10-21;93;242;539;317114;310937;16329;77.6;76.1;4.0
24;2021-10-22;145;221;857;317259;311158;17186;77.7;76.2;4.2
24;2021-10-23;98;209;371;317357;311367;17557;77.7;76.2;4.3
24;2021-10-24;10;12;9;317367;311379;17566;77.7;76.2;4.3
24;2021-10-25;95;133;684;317462;311512;18250;77.7;76.3;4.5
24;2021-10-26;86;132;642;317548;311644;18892;77.8;76.3;4.6
24;2021-10-27;134;184;836;317682;311828;19728;77.8;76.4;4.8
24;2021-10-28;82;143;684;317764;311971;20412;77.8;76.4;5.0
24;2021-10-29;142;190;1043;317906;312161;21455;77.8;76.4;5.3
24;2021-10-30;81;169;385;317987;312330;21840;77.9;76.5;5.3
24;2021-10-31;10;14;28;317997;312344;21868;77.9;76.5;5.4
24;2021-11-01;18;14;90;318015;312358;21958;77.9;76.5;5.4
24;2021-11-02;97;109;771;318112;312467;22729;77.9;76.5;5.6
24;2021-11-03;115;175;962;318227;312642;23691;77.9;76.6;5.8
24;2021-11-04;90;121;868;318317;312763;24559;77.9;76.6;6.0
24;2021-11-05;175;219;1217;318492;312982;25776;78.0;76.6;6.3
24;2021-11-06;101;193;633;318593;313175;26409;78.0;76.7;6.5
24;2021-11-07;11;12;55;318604;313187;26464;78.0;76.7;6.5
24;2021-11-08;77;129;877;318681;313316;27341;78.0;76.7;6.7
24;2021-11-09;116;187;1505;318797;313503;28846;78.1;76.8;7.1
24;2021-11-10;125;172;1504;318922;313675;30350;78.1;76.8;7.4
24;2021-11-11;33;37;256;318955;313712;30606;78.1;76.8;7.5
24;2021-11-12;94;168;1300;319049;313880;31906;78.1;76.9;7.8
24;2021-11-13;85;154;769;319134;314034;32675;78.1;76.9;8.0
24;2021-11-14;7;23;60;319141;314057;32735;78.1;76.9;8.0
24;2021-11-15;68;116;1068;319209;314173;33803;78.2;76.9;8.3
24;2021-11-16;100;137;1923;319309;314310;35726;78.2;77.0;8.7
24;2021-11-17;112;140;1654;319421;314450;37380;78.2;77.0;9.2
24;2021-11-18;81;93;1576;319502;314543;38956;78.2;77.0;9.5
24;2021-11-19;171;180;2206;319673;314723;41162;78.3;77.1;10.1
24;2021-11-20;128;129;1150;319801;314852;42312;78.3;77.1;10.4
24;2021-11-21;19;21;198;319820;314873;42510;78.3;77.1;10.4
24;2021-11-22;108;78;1355;319928;314951;43865;78.3;77.1;10.7
24;2021-11-23;127;131;2109;320055;315082;45974;78.4;77.2;11.3
24;2021-11-24;150;140;2083;320205;315222;48057;78.4;77.2;11.8
24;2021-11-25;118;108;2116;320323;315330;50173;78.4;77.2;12.3
24;2021-11-26;153;170;2971;320476;315500;53144;78.5;77.3;13.0
24;2021-11-27;140;147;1761;320616;315647;54905;78.5;77.3;13.4
24;2021-11-28;27;18;711;320643;315665;55616;78.5;77.3;13.6
24;2021-11-29;104;118;2507;320747;315783;58123;78.5;77.3;14.2
24;2021-11-30;139;130;3633;320886;315913;61756;78.6;77.4;15.1
24;2021-12-01;150;118;3501;321036;316031;65257;78.6;77.4;16.0
24;2021-12-02;110;91;3799;321146;316122;69056;78.6;77.4;16.9
24;2021-12-03;145;163;3967;321291;316285;73023;78.7;77.4;17.9
24;2021-12-04;94;108;2540;321385;316393;75563;78.7;77.5;18.5
24;2021-12-05;32;22;1000;321417;316415;76563;78.7;77.5;18.7
24;2021-12-06;99;89;3132;321516;316504;79695;78.7;77.5;19.5
24;2021-12-07;133;113;4706;321649;316617;84401;78.8;77.5;20.7
24;2021-12-08;144;117;4205;321793;316734;88606;78.8;77.6;21.7
24;2021-12-09;124;128;4136;321917;316862;92742;78.8;77.6;22.7
24;2021-12-10;147;148;4614;322064;317010;97356;78.9;77.6;23.8
24;2021-12-11;111;101;2864;322175;317111;100220;78.9;77.6;24.5
24;2021-12-12;34;31;1045;322209;317142;101265;78.9;77.7;24.8
24;2021-12-13;125;110;4149;322334;317252;105414;78.9;77.7;25.8
24;2021-12-14;147;145;5810;322481;317397;111224;79.0;77.7;27.2
24;2021-12-15;125;168;5229;322606;317565;116453;79.0;77.8;28.5
25;2020-12-27;0;0;0;0;0;0;0.0;0.0;0.0
25;2020-12-28;0;0;0;0;0;0;0.0;0.0;0.0
25;2020-12-29;0;0;0;0;0;0;0.0;0.0;0.0
25;2020-12-30;0;0;0;0;0;0;0.0;0.0;0.0
25;2020-12-31;2;0;0;2;0;0;0.0;0.0;0.0
25;2021-01-01;0;0;0;2;0;0;0.0;0.0;0.0
25;2021-01-02;2;0;0;4;0;0;0.0;0.0;0.0
25;2021-01-03;0;0;0;4;0;0;0.0;0.0;0.0
25;2021-01-04;3;0;0;7;0;0;0.0;0.0;0.0
25;2021-01-05;1;0;0;8;0;0;0.0;0.0;0.0
25;2021-01-06;86;1;0;94;1;0;0.0;0.0;0.0
25;2021-01-07;222;1;0;316;2;0;0.1;0.0;0.0
25;2021-01-08;393;1;0;709;3;0;0.1;0.0;0.0
25;2021-01-09;110;0;0;819;3;0;0.2;0.0;0.0
25;2021-01-10;1;0;0;820;3;0;0.2;0.0;0.0
25;2021-01-11;532;6;0;1352;9;0;0.3;0.0;0.0
25;2021-01-12;730;2;0;2082;11;0;0.4;0.0;0.0
25;2021-01-13;669;12;0;2751;23;0;0.5;0.0;0.0
25;2021-01-14;923;19;0;3674;42;0;0.7;0.0;0.0
25;2021-01-15;823;8;0;4497;50;0;0.8;0.0;0.0
25;2021-01-16;222;1;0;4719;51;0;0.9;0.0;0.0
25;2021-01-17;102;0;0;4821;51;0;0.9;0.0;0.0
25;2021-01-18;1277;6;0;6098;57;0;1.1;0.0;0.0
25;2021-01-19;1400;3;0;7498;60;0;1.4;0.0;0.0
25;2021-01-20;1480;7;0;8978;67;0;1.7;0.0;0.0
25;2021-01-21;1843;5;0;10821;72;0;2.0;0.0;0.0
25;2021-01-22;1476;8;0;12297;80;0;2.3;0.0;0.0
25;2021-01-23;488;1;0;12785;81;0;2.4;0.0;0.0
25;2021-01-24;113;0;0;12898;81;0;2.4;0.0;0.0
25;2021-01-25;1004;2;0;13902;83;0;2.6;0.0;0.0
25;2021-01-26;1428;41;0;15330;124;0;2.8;0.0;0.0
25;2021-01-27;1271;67;0;16601;191;0;3.1;0.0;0.0
25;2021-01-28;1120;85;0;17721;276;0;3.3;0.1;0.0
25;2021-01-29;978;272;0;18699;548;0;3.5;0.1;0.0
25;2021-01-30;318;103;0;19017;651;0;3.5;0.1;0.0
25;2021-01-31;7;0;0;19024;651;0;3.5;0.1;0.0
25;2021-02-01;619;261;0;19643;912;0;3.6;0.2;0.0
25;2021-02-02;677;450;0;20320;1362;0;3.8;0.3;0.0
25;2021-02-03;801;320;0;21121;1682;0;3.9;0.3;0.0
25;2021-02-04;737;495;0;21858;2177;0;4.1;0.4;0.0
25;2021-02-05;551;475;0;22409;2652;0;4.2;0.5;0.0
25;2021-02-06;217;173;0;22626;2825;0;4.2;0.5;0.0
25;2021-02-07;2;34;0;22628;2859;0;4.2;0.5;0.0
25;2021-02-08;616;546;0;23244;3405;0;4.3;0.6;0.0
25;2021-02-09;639;516;0;23883;3921;0;4.4;0.7;0.0
25;2021-02-10;769;522;0;24652;4443;0;4.6;0.8;0.0
25;2021-02-11;636;829;0;25288;5272;0;4.7;1.0;0.0
25;2021-02-12;448;560;0;25736;5832;0;4.8;1.1;0.0
25;2021-02-13;97;141;0;25833;5973;0;4.8;1.1;0.0
25;2021-02-14;1;3;0;25834;5976;0;4.8;1.1;0.0
25;2021-02-15;182;1053;0;26016;7029;0;4.8;1.3;0.0
25;2021-02-16;221;1429;0;26237;8458;0;4.9;1.6;0.0
25;2021-02-17;165;1349;0;26402;9807;0;4.9;1.8;0.0
25;2021-02-18;156;1336;0;26558;11143;0;4.9;2.1;0.0
25;2021-02-19;121;1272;0;26679;12415;0;4.9;2.3;0.0
25;2021-02-20;25;472;0;26704;12887;0;5.0;2.4;0.0
25;2021-02-21;0;136;0;26704;13023;0;5.0;2.4;0.0
25;2021-02-22;117;1092;0;26821;14115;0;5.0;2.6;0.0
25;2021-02-23;201;1147;0;27022;15262;0;5.0;2.8;0.0
25;2021-02-24;153;1034;0;27175;16296;0;5.0;3.0;0.0
25;2021-02-25;504;1061;0;27679;17357;0;5.1;3.2;0.0
25;2021-02-26;605;1079;0;28284;18436;0;5.2;3.4;0.0
25;2021-02-27;227;376;0;28511;18812;0;5.3;3.5;0.0
25;2021-02-28;6;5;0;28517;18817;0;5.3;3.5;0.0
25;2021-03-01;480;628;0;28997;19445;0;5.4;3.6;0.0
25;2021-03-02;631;836;0;29628;20281;0;5.5;3.8;0.0
25;2021-03-03;589;780;0;30217;21061;0;5.6;3.9;0.0
25;2021-03-04;1196;684;0;31413;21745;0;5.8;4.0;0.0
25;2021-03-05;1868;407;0;33281;22152;0;6.2;4.1;0.0
25;2021-03-06;1225;251;0;34506;22403;0;6.4;4.2;0.0
25;2021-03-07;30;15;0;34536;22418;0;6.4;4.2;0.0
25;2021-03-08;597;701;0;35133;23119;0;6.5;4.3;0.0
25;2021-03-09;1114;780;0;36247;23899;0;6.7;4.4;0.0
25;2021-03-10;1210;653;0;37457;24552;0;6.9;4.6;0.0
25;2021-03-11;1648;586;0;39105;25138;0;7.2;4.7;0.0
25;2021-03-12;2004;477;0;41109;25615;0;7.6;4.7;0.0
25;2021-03-13;1145;101;0;42254;25716;0;7.8;4.8;0.0
25;2021-03-14;50;2;0;42304;25718;0;7.8;4.8;0.0
25;2021-03-15;1152;157;0;43456;25875;0;8.1;4.8;0.0
25;2021-03-16;1276;131;0;44732;26006;0;8.3;4.8;0.0
25;2021-03-17;1471;153;0;46203;26159;0;8.6;4.8;0.0
25;2021-03-18;1551;90;0;47754;26249;0;8.9;4.9;0.0
25;2021-03-19;1689;135;0;49443;26384;0;9.2;4.9;0.0
25;2021-03-20;841;42;0;50284;26426;0;9.3;4.9;0.0
25;2021-03-21;26;0;0;50310;26426;0;9.3;4.9;0.0
25;2021-03-22;1488;105;0;51798;26531;0;9.6;4.9;0.0
25;2021-03-23;2215;172;0;54013;26703;0;10.0;5.0;0.0
25;2021-03-24;2483;111;0;56496;26814;0;10.5;5.0;0.0
25;2021-03-25;2926;216;0;59422;27030;0;11.0;5.0;0.0
25;2021-03-26;3220;208;0;62642;27238;0;11.6;5.0;0.0
25;2021-03-27;1193;109;0;63835;27347;0;11.8;5.1;0.0
25;2021-03-28;119;61;0;63954;27408;0;11.9;5.1;0.0
25;2021-03-29;1843;301;0;65797;27709;0;12.2;5.1;0.0
25;2021-03-30;2286;462;0;68083;28171;0;12.6;5.2;0.0
25;2021-03-31;2215;416;0;70298;28587;0;13.0;5.3;0.0
25;2021-04-01;2514;567;0;72812;29154;0;13.5;5.4;0.0
25;2021-04-02;2115;624;0;74927;29778;0;13.9;5.5;0.0
25;2021-04-03;519;134;0;75446;29912;0;14.0;5.5;0.0
25;2021-04-04;42;20;0;75488;29932;0;14.0;5.5;0.0
25;2021-04-05;146;5;0;75634;29937;0;14.0;5.5;0.0
25;2021-04-06;1927;727;0;77561;30664;0;14.4;5.7;0.0
25;2021-04-07;1971;930;0;79532;31594;0;14.7;5.9;0.0
25;2021-04-08;2470;938;0;82002;32532;0;15.2;6.0;0.0
25;2021-04-09;2641;1047;0;84643;33579;0;15.7;6.2;0.0
25;2021-04-10;1002;322;0;85645;33901;0;15.9;6.3;0.0
25;2021-04-11;97;31;0;85742;33932;0;15.9;6.3;0.0
25;2021-04-12;1659;1027;0;87401;34959;0;16.2;6.5;0.0
25;2021-04-13;2056;1415;0;89457;36374;0;16.6;6.7;0.0
25;2021-04-14;1883;1278;0;91340;37652;0;16.9;7.0;0.0
25;2021-04-15;2061;1390;0;93401;39042;0;17.3;7.2;0.0
25;2021-04-16;2135;1060;0;95536;40102;0;17.7;7.4;0.0
25;2021-04-17;1130;472;0;96666;40574;0;17.9;7.5;0.0
25;2021-04-18;126;20;0;96792;40594;0;17.9;7.5;0.0
25;2021-04-19;1370;1291;0;98162;41885;0;18.2;7.8;0.0
25;2021-04-20;1657;1533;0;99819;43418;0;18.5;8.0;0.0
25;2021-04-21;1752;1719;0;101571;45137;0;18.8;8.4;0.0
25;2021-04-22;1930;1683;0;103501;46820;0;19.2;8.7;0.0
25;2021-04-23;1954;1809;0;105455;48629;0;19.5;9.0;0.0
25;2021-04-24;1324;768;0;106779;49397;0;19.8;9.2;0.0
25;2021-04-25;131;110;0;106910;49507;0;19.8;9.2;0.0
25;2021-04-26;1791;1774;0;108701;51281;0;20.2;9.5;0.0
25;2021-04-27;2824;1618;0;111525;52899;0;20.7;9.8;0.0
25;2021-04-28;2543;1556;0;114068;54455;0;21.1;10.1;0.0
25;2021-04-29;2775;1973;0;116843;56428;0;21.7;10.5;0.0
25;2021-04-30;3264;1633;0;120107;58061;0;22.3;10.8;0.0
25;2021-05-01;1723;315;0;121830;58376;0;22.6;10.8;0.0
25;2021-05-02;409;26;0;122239;58402;0;22.7;10.8;0.0
25;2021-05-03;2876;885;0;125115;59287;0;23.2;11.0;0.0
25;2021-05-04;2610;1909;0;127725;61196;0;23.7;11.3;0.0
25;2021-05-05;2630;1719;0;130355;62915;0;24.2;11.7;0.0
25;2021-05-06;2917;2288;0;133272;65203;0;24.7;12.1;0.0
25;2021-05-07;3016;2173;0;136288;67376;0;25.3;12.5;0.0
25;2021-05-08;1333;246;0;137621;67622;0;25.5;12.5;0.0
25;2021-05-09;227;81;0;137848;67703;0;25.6;12.6;0.0
25;2021-05-10;2954;1699;0;140802;69402;0;26.1;12.9;0.0
25;2021-05-11;3543;2028;0;144345;71430;0;26.8;13.2;0.0
25;2021-05-12;3419;1894;0;147764;73324;0;27.4;13.6;0.0
25;2021-05-13;3149;591;0;150913;73915;0;28.0;13.7;0.0
25;2021-05-14;4071;1340;0;154984;75255;0;28.7;14.0;0.0
25;2021-05-15;2946;723;0;157930;75978;0;29.3;14.1;0.0
25;2021-05-16;721;94;0;158651;76072;0;29.4;14.1;0.0
25;2021-05-17;3702;1104;0;162353;77176;0;30.1;14.3;0.0
25;2021-05-18;4455;1252;0;166808;78428;0;30.9;14.5;0.0
25;2021-05-19;4729;1157;0;171537;79585;0;31.8;14.8;0.0
25;2021-05-20;4622;1425;0;176159;81010;0;32.7;15.0;0.0
25;2021-05-21;5206;1932;0;181365;82942;0;33.6;15.4;0.0
25;2021-05-22;2725;715;0;184090;83657;0;34.1;15.5;0.0
25;2021-05-23;702;116;0;184792;83773;0;34.3;15.5;0.0
25;2021-05-24;1457;188;0;186249;83961;0;34.5;15.6;0.0
25;2021-05-25;3111;1729;0;189360;85690;0;35.1;15.9;0.0
25;2021-05-26;3444;1628;0;192804;87318;0;35.7;16.2;0.0
25;2021-05-27;4010;1896;0;196814;89214;0;36.5;16.5;0.0
25;2021-05-28;3607;2676;0;200421;91890;0;37.2;17.0;0.0
25;2021-05-29;1888;1009;0;202309;92899;0;37.5;17.2;0.0
25;2021-05-30;184;92;0;202493;92991;0;37.5;17.2;0.0
25;2021-05-31;2387;1798;0;204880;94789;0;38.0;17.6;0.0
25;2021-06-01;2573;2202;0;207453;96991;0;38.5;18.0;0.0
25;2021-06-02;2593;2367;0;210046;99358;0;38.9;18.4;0.0
25;2021-06-03;3233;2146;0;213279;101504;0;39.5;18.8;0.0
25;2021-06-04;2970;2501;0;216249;104005;0;40.1;19.3;0.0
25;2021-06-05;1426;1431;0;217675;105436;0;40.4;19.5;0.0
25;2021-06-06;944;254;0;218619;105690;0;40.5;19.6;0.0
25;2021-06-07;2669;2621;0;221288;108311;0;41.0;20.1;0.0
25;2021-06-08;2594;2836;0;223882;111147;0;41.5;20.6;0.0
25;2021-06-09;2440;2786;0;226322;113933;0;42.0;21.1;0.0
25;2021-06-10;2396;2602;0;228718;116535;0;42.4;21.6;0.0
25;2021-06-11;2646;3357;0;231364;119892;0;42.9;22.2;0.0
25;2021-06-12;1546;1798;0;232910;121690;0;43.2;22.6;0.0
25;2021-06-13;447;246;0;233357;121936;0;43.3;22.6;0.0
25;2021-06-14;1405;3664;0;234762;125600;0;43.5;23.3;0.0
25;2021-06-15;1570;3459;0;236332;129059;0;43.8;23.9;0.0
25;2021-06-16;2032;3186;0;238364;132245;0;44.2;24.5;0.0
25;2021-06-17;1612;3241;0;239976;135486;0;44.5;25.1;0.0
25;2021-06-18;2263;4181;0;242239;139667;0;44.9;25.9;0.0
25;2021-06-19;1307;1937;0;243546;141604;0;45.1;26.2;0.0
25;2021-06-20;72;235;0;243618;141839;0;45.2;26.3;0.0
25;2021-06-21;1117;3906;0;244735;145745;0;45.4;27.0;0.0
25;2021-06-22;1168;4330;0;245903;150075;0;45.6;27.8;0.0
25;2021-06-23;1451;3837;0;247354;153912;0;45.9;28.5;0.0
25;2021-06-24;1276;3865;0;248630;157777;0;46.1;29.2;0.0
25;2021-06-25;1608;5288;0;250238;163065;0;46.4;30.2;0.0
25;2021-06-26;664;3034;0;250902;166099;0;46.5;30.8;0.0
25;2021-06-27;389;859;0;251291;166958;0;46.6;30.9;0.0
25;2021-06-28;882;4066;0;252173;171024;0;46.7;31.7;0.0
25;2021-06-29;1118;4893;0;253291;175917;0;47.0;32.6;0.0
25;2021-06-30;1306;5087;0;254597;181004;0;47.2;33.6;0.0
25;2021-07-01;1727;4924;0;256324;185928;0;47.5;34.5;0.0
25;2021-07-02;1728;4699;0;258052;190627;0;47.8;35.3;0.0
25;2021-07-03;1005;2482;0;259057;193109;0;48.0;35.8;0.0
25;2021-07-04;383;691;0;259440;193800;0;48.1;35.9;0.0
25;2021-07-05;1279;2502;0;260719;196302;0;48.3;36.4;0.0
25;2021-07-06;1561;4344;0;262280;200646;0;48.6;37.2;0.0
25;2021-07-07;1508;4119;0;263788;204765;0;48.9;38.0;0.0
25;2021-07-08;1547;3716;0;265335;208481;0;49.2;38.6;0.0
25;2021-07-09;1695;4197;0;267030;212678;0;49.5;39.4;0.0
25;2021-07-10;810;2178;0;267840;214856;0;49.7;39.8;0.0
25;2021-07-11;132;307;0;267972;215163;0;49.7;39.9;0.0
25;2021-07-12;1368;3655;0;269340;218818;0;49.9;40.6;0.0
25;2021-07-13;2409;4581;0;271749;223399;0;50.4;41.4;0.0
25;2021-07-14;479;579;0;272228;223978;0;50.5;41.5;0.0
25;2021-07-15;2587;3839;0;274815;227817;0;50.9;42.2;0.0
25;2021-07-16;3461;3802;0;278276;231619;0;51.6;42.9;0.0
25;2021-07-17;2302;2054;0;280578;233673;0;52.0;43.3;0.0
25;2021-07-18;857;1222;0;281435;234895;0;52.2;43.5;0.0
25;2021-07-19;2634;4143;0;284069;239038;0;52.7;44.3;0.0
25;2021-07-20;3435;3712;0;287504;242750;0;53.3;45.0;0.0
25;2021-07-21;3551;3574;0;291055;246324;0;54.0;45.7;0.0
25;2021-07-22;3511;3141;0;294566;249465;0;54.6;46.2;0.0
25;2021-07-23;3724;3386;0;298290;252851;0;55.3;46.9;0.0
25;2021-07-24;1643;2180;0;299933;255031;0;55.6;47.3;0.0
25;2021-07-25;606;608;0;300539;255639;0;55.7;47.4;0.0
25;2021-07-26;3055;2946;0;303594;258585;0;56.3;47.9;0.0
25;2021-07-27;3809;2164;0;307403;260749;0;57.0;48.3;0.0
25;2021-07-28;3793;2349;0;311196;263098;0;57.7;48.8;0.0
25;2021-07-29;4334;2241;0;315530;265339;0;58.5;49.2;0.0
25;2021-07-30;4184;2490;0;319714;267829;0;59.3;49.6;0.0
25;2021-07-31;1939;1467;0;321653;269296;0;59.6;49.9;0.0
25;2021-08-01;1173;210;0;322826;269506;0;59.8;50.0;0.0
25;2021-08-02;2757;2124;0;325583;271630;0;60.4;50.4;0.0
25;2021-08-03;2904;2194;0;328487;273824;0;60.9;50.8;0.0
25;2021-08-04;2998;1585;0;331485;275409;0;61.4;51.1;0.0
25;2021-08-05;2301;1812;0;333786;277221;0;61.9;51.4;0.0
25;2021-08-06;2351;2382;0;336137;279603;0;62.3;51.8;0.0
25;2021-08-07;1284;1167;0;337421;280770;0;62.5;52.0;0.0
25;2021-08-08;303;446;0;337724;281216;0;62.6;52.1;0.0
25;2021-08-09;2017;2268;0;339741;283484;0;63.0;52.6;0.0
25;2021-08-10;1961;2558;0;341702;286042;0;63.3;53.0;0.0
25;2021-08-11;1841;2144;0;343543;288186;0;63.7;53.4;0.0
25;2021-08-12;2194;2563;0;345737;290749;0;64.1;53.9;0.0
25;2021-08-13;1689;2193;0;347426;292942;0;64.4;54.3;0.0
25;2021-08-14;929;1826;0;348355;294768;0;64.6;54.6;0.0
25;2021-08-15;25;64;0;348380;294832;0;64.6;54.7;0.0
25;2021-08-16;1255;3239;0;349635;298071;0;64.8;55.3;0.0
25;2021-08-17;1436;3312;0;351071;301383;0;65.1;55.9;0.0
25;2021-08-18;1237;2906;0;352308;304289;0;65.3;56.4;0.0
25;2021-08-19;1014;2817;0;353322;307106;0;65.5;56.9;0.0
25;2021-08-20;1403;3676;0;354725;310782;0;65.8;57.6;0.0
25;2021-08-21;560;1782;0;355285;312564;0;65.9;57.9;0.0
25;2021-08-22;180;1082;0;355465;313646;0;65.9;58.1;0.0
25;2021-08-23;1073;3211;0;356538;316857;0;66.1;58.7;0.0
25;2021-08-24;1058;3172;0;357596;320029;0;66.3;59.3;0.0
25;2021-08-25;1019;3047;0;358615;323076;0;66.5;59.9;0.0
25;2021-08-26;1134;3142;0;359749;326218;0;66.7;60.5;0.0
25;2021-08-27;1163;3106;0;360912;329324;0;66.9;61.0;0.0
25;2021-08-28;547;1801;0;361459;331125;0;67.0;61.4;0.0
25;2021-08-29;129;461;0;361588;331586;0;67.0;61.5;0.0
25;2021-08-30;896;2732;37;362484;334318;37;67.2;62.0;0.0
25;2021-08-31;945;2308;110;363429;336626;147;67.4;62.4;0.0
25;2021-09-01;915;2283;333;364344;338909;480;67.5;62.8;0.1
25;2021-09-02;774;1710;272;365118;340619;752;67.7;63.1;0.1
25;2021-09-03;772;1856;308;365890;342475;1060;67.8;63.5;0.2
25;2021-09-04;622;1276;184;366512;343751;1244;67.9;63.7;0.2
25;2021-09-05;113;152;51;366625;343903;1295;68.0;63.8;0.2
25;2021-09-06;637;1362;488;367262;345265;1783;68.1;64.0;0.3
25;2021-09-07;520;1114;323;367782;346379;2106;68.2;64.2;0.4
25;2021-09-08;617;1582;397;368399;347961;2503;68.3;64.5;0.5
25;2021-09-09;444;1042;382;368843;349003;2885;68.4;64.7;0.5
25;2021-09-10;818;1610;435;369661;350613;3320;68.5;65.0;0.6
25;2021-09-11;374;1007;114;370035;351620;3434;68.6;65.2;0.6
25;2021-09-12;93;181;26;370128;351801;3460;68.6;65.2;0.6
25;2021-09-13;700;943;385;370828;352744;3845;68.7;65.4;0.7
25;2021-09-14;615;866;496;371443;353610;4341;68.9;65.6;0.8
25;2021-09-15;751;1477;438;372194;355087;4779;69.0;65.8;0.9
25;2021-09-16;514;807;411;372708;355894;5190;69.1;66.0;1.0
25;2021-09-17;726;1317;430;373434;357211;5620;69.2;66.2;1.0
25;2021-09-18;317;831;89;373751;358042;5709;69.3;66.4;1.1
25;2021-09-19;63;143;9;373814;358185;5718;69.3;66.4;1.1
25;2021-09-20;434;728;448;374248;358913;6166;69.4;66.5;1.1
25;2021-09-21;204;584;371;374452;359497;6537;69.4;66.6;1.2
25;2021-09-22;440;1148;484;374892;360645;7021;69.5;66.9;1.3
25;2021-09-23;244;481;334;375136;361126;7355;69.5;66.9;1.4
25;2021-09-24;487;1005;535;375623;362131;7890;69.6;67.1;1.5
25;2021-09-25;246;802;97;375869;362933;7987;69.7;67.3;1.5
25;2021-09-26;13;12;15;375882;362945;8002;69.7;67.3;1.5
25;2021-09-27;302;564;342;376184;363509;8344;69.7;67.4;1.5
25;2021-09-28;220;427;414;376404;363936;8758;69.8;67.5;1.6
25;2021-09-29;429;798;505;376833;364734;9263;69.9;67.6;1.7
25;2021-09-30;266;350;340;377099;365084;9603;69.9;67.7;1.8
25;2021-10-01;593;825;503;377692;365909;10106;70.0;67.8;1.9
25;2021-10-02;264;534;133;377956;366443;10239;70.1;67.9;1.9
25;2021-10-03;10;12;0;377966;366455;10239;70.1;67.9;1.9
25;2021-10-04;348;714;473;378314;367169;10712;70.1;68.1;2.0
25;2021-10-05;157;366;312;378471;367535;11024;70.2;68.1;2.0
25;2021-10-06;411;718;559;378882;368253;11583;70.2;68.3;2.1
25;2021-10-07;156;302;442;379038;368555;12025;70.3;68.3;2.2
25;2021-10-08;479;870;687;379517;369425;12712;70.4;68.5;2.4
25;2021-10-09;287;488;198;379804;369913;12910;70.4;68.6;2.4
25;2021-10-10;5;13;12;379809;369926;12922;70.4;68.6;2.4
25;2021-10-11;247;545;606;380056;370471;13528;70.5;68.7;2.5
25;2021-10-12;163;240;363;380219;370711;13891;70.5;68.7;2.6
25;2021-10-13;467;756;686;380686;371467;14577;70.6;68.9;2.7
25;2021-10-14;146;209;387;380832;371676;14964;70.6;68.9;2.8
25;2021-10-15;514;622;859;381346;372298;15823;70.7;69.0;2.9
25;2021-10-16;282;392;276;381628;372690;16099;70.7;69.1;3.0
25;2021-10-17;8;9;2;381636;372699;16101;70.7;69.1;3.0
25;2021-10-18;225;330;465;381861;373029;16566;70.8;69.2;3.1
25;2021-10-19;106;165;370;381967;373194;16936;70.8;69.2;3.1
25;2021-10-20;322;522;894;382289;373716;17830;70.9;69.3;3.3
25;2021-10-21;140;192;382;382429;373908;18212;70.9;69.3;3.4
25;2021-10-22;441;513;986;382870;374421;19198;71.0;69.4;3.6
25;2021-10-23;243;306;389;383113;374727;19587;71.0;69.5;3.6
25;2021-10-24;3;17;7;383116;374744;19594;71.0;69.5;3.6
25;2021-10-25;257;333;709;383373;375077;20303;71.1;69.5;3.8
25;2021-10-26;151;185;666;383524;375262;20969;71.1;69.6;3.9
25;2021-10-27;297;416;1042;383821;375678;22011;71.2;69.6;4.1
25;2021-10-28;94;131;387;383915;375809;22398;71.2;69.7;4.2
25;2021-10-29;343;454;1149;384258;376263;23547;71.2;69.7;4.4
25;2021-10-30;150;282;299;384408;376545;23846;71.3;69.8;4.4
25;2021-10-31;4;4;13;384412;376549;23859;71.3;69.8;4.4
25;2021-11-01;47;14;10;384459;376563;23869;71.3;69.8;4.4
25;2021-11-02;177;259;699;384636;376822;24568;71.3;69.9;4.6
25;2021-11-03;244;422;1259;384880;377244;25827;71.3;69.9;4.8
25;2021-11-04;134;169;676;385014;377413;26503;71.4;70.0;4.9
25;2021-11-05;280;451;1353;385294;377864;27856;71.4;70.0;5.2
25;2021-11-06;186;286;588;385480;378150;28444;71.5;70.1;5.3
25;2021-11-07;13;20;5;385493;378170;28449;71.5;70.1;5.3
25;2021-11-08;138;205;1018;385631;378375;29467;71.5;70.1;5.5
25;2021-11-09;106;157;1143;385737;378532;30610;71.5;70.2;5.7
25;2021-11-10;247;403;1760;385984;378935;32370;71.6;70.2;6.0
25;2021-11-11;2;23;10;385986;378958;32380;71.6;70.2;6.0
25;2021-11-12;275;456;1794;386261;379414;34174;71.6;70.3;6.3
25;2021-11-13;135;242;689;386396;379656;34863;71.6;70.4;6.5
25;2021-11-14;8;23;17;386404;379679;34880;71.6;70.4;6.5
25;2021-11-15;144;261;1694;386548;379940;36574;71.7;70.4;6.8
25;2021-11-16;144;180;1268;386692;380120;37842;71.7;70.5;7.0
25;2021-11-17;286;353;2209;386978;380473;40051;71.7;70.5;7.4
25;2021-11-18;100;127;1056;387078;380600;41107;71.8;70.6;7.6
25;2021-11-19;350;450;2312;387428;381050;43419;71.8;70.6;8.0
25;2021-11-20;219;264;855;387647;381314;44274;71.9;70.7;8.2
25;2021-11-21;3;13;8;387650;381327;44282;71.9;70.7;8.2
25;2021-11-22;227;168;1784;387877;381495;46066;71.9;70.7;8.5
25;2021-11-23;124;120;1420;388001;381615;47486;71.9;70.7;8.8
25;2021-11-24;287;339;2129;388288;381954;49615;72.0;70.8;9.2
25;2021-11-25;95;102;1177;388383;382056;50792;72.0;70.8;9.4
25;2021-11-26;319;345;3707;388702;382401;54499;72.1;70.9;10.1
25;2021-11-27;169;219;1314;388871;382620;55813;72.1;70.9;10.3
25;2021-11-28;5;20;37;388876;382640;55850;72.1;70.9;10.4
25;2021-11-29;177;185;3410;389053;382825;59260;72.1;71.0;11.0
25;2021-11-30;180;185;3726;389233;383010;62986;72.2;71.0;11.7
25;2021-12-01;184;271;4347;389417;383281;67333;72.2;71.1;12.5
25;2021-12-02;147;132;4598;389564;383413;71931;72.2;71.1;13.3
25;2021-12-03;198;339;5049;389762;383752;76980;72.3;71.1;14.3
25;2021-12-04;117;187;2046;389879;383939;79026;72.3;71.2;14.6
25;2021-12-05;6;12;77;389885;383951;79103;72.3;71.2;14.7
25;2021-12-06;143;175;4384;390028;384126;83487;72.3;71.2;15.5
25;2021-12-07;166;204;5515;390194;384330;89002;72.3;71.2;16.5
25;2021-12-08;197;317;5009;390391;384647;94011;72.4;71.3;17.4
25;2021-12-09;173;159;5210;390564;384806;99221;72.4;71.3;18.4
25;2021-12-10;169;298;6143;390733;385104;105364;72.4;71.4;19.5
25;2021-12-11;97;211;2894;390830;385315;108258;72.4;71.4;20.1
25;2021-12-12;12;25;234;390842;385340;108492;72.5;71.4;20.1
25;2021-12-13;130;223;4933;390972;385563;113425;72.5;71.5;21.0
25;2021-12-14;171;209;5997;391143;385772;119422;72.5;71.5;22.1
25;2021-12-15;164;354;5497;391307;386126;124919;72.5;71.6;23.2
26;2020-12-27;0;0;0;0;0;0;0.0;0.0;0.0
26;2020-12-28;0;0;0;0;0;0;0.0;0.0;0.0
26;2020-12-29;0;0;0;0;0;0;0.0;0.0;0.0
26;2020-12-30;0;0;0;0;0;0;0.0;0.0;0.0
26;2020-12-31;0;0;0;0;0;0;0.0;0.0;0.0
26;2021-01-01;2;0;0;2;0;0;0.0;0.0;0.0
26;2021-01-02;0;0;0;2;0;0;0.0;0.0;0.0
26;2021-01-03;1;0;0;3;0;0;0.0;0.0;0.0
26;2021-01-04;0;0;0;3;0;0;0.0;0.0;0.0
26;2021-01-05;0;0;0;3;0;0;0.0;0.0;0.0
26;2021-01-06;4;0;0;7;0;0;0.0;0.0;0.0
26;2021-01-07;176;0;0;183;0;0;0.0;0.0;0.0
26;2021-01-08;133;0;0;316;0;0;0.1;0.0;0.0
26;2021-01-09;5;0;0;321;0;0;0.1;0.0;0.0
26;2021-01-10;0;0;0;321;0;0;0.1;0.0;0.0
26;2021-01-11;256;2;0;577;2;0;0.1;0.0;0.0
26;2021-01-12;206;1;0;783;3;0;0.2;0.0;0.0
26;2021-01-13;409;1;0;1192;4;0;0.2;0.0;0.0
26;2021-01-14;500;1;0;1692;5;0;0.3;0.0;0.0
26;2021-01-15;537;2;0;2229;7;0;0.4;0.0;0.0
26;2021-01-16;237;1;0;2466;8;0;0.5;0.0;0.0
26;2021-01-17;0;0;0;2466;8;0;0.5;0.0;0.0
26;2021-01-18;636;2;0;3102;10;0;0.6;0.0;0.0
26;2021-01-19;788;3;0;3890;13;0;0.7;0.0;0.0
26;2021-01-20;794;2;0;4684;15;0;0.9;0.0;0.0
26;2021-01-21;794;2;0;5478;17;0;1.1;0.0;0.0
26;2021-01-22;732;2;0;6210;19;0;1.2;0.0;0.0
26;2021-01-23;473;1;0;6683;20;0;1.3;0.0;0.0
26;2021-01-24;15;0;0;6698;20;0;1.3;0.0;0.0
26;2021-01-25;624;1;0;7322;21;0;1.4;0.0;0.0
26;2021-01-26;769;6;0;8091;27;0;1.6;0.0;0.0
26;2021-01-27;815;9;0;8906;36;0;1.7;0.0;0.0
26;2021-01-28;1259;169;0;10165;205;0;2.0;0.0;0.0
26;2021-01-29;928;68;0;11093;273;0;2.1;0.1;0.0
26;2021-01-30;552;8;0;11645;281;0;2.2;0.1;0.0
26;2021-01-31;11;0;0;11656;281;0;2.2;0.1;0.0
26;2021-02-01;643;172;0;12299;453;0;2.4;0.1;0.0
26;2021-02-02;1214;211;0;13513;664;0;2.6;0.1;0.0
26;2021-02-03;1214;291;0;14727;955;0;2.8;0.2;0.0
26;2021-02-04;943;437;0;15670;1392;0;3.0;0.3;0.0
26;2021-02-05;633;325;0;16303;1717;0;3.1;0.3;0.0
26;2021-02-06;324;219;0;16627;1936;0;3.2;0.4;0.0
26;2021-02-07;36;3;0;16663;1939;0;3.2;0.4;0.0
26;2021-02-08;516;402;0;17179;2341;0;3.3;0.4;0.0
26;2021-02-09;581;439;0;17760;2780;0;3.4;0.5;0.0
26;2021-02-10;652;372;0;18412;3152;0;3.5;0.6;0.0
26;2021-02-11;730;344;0;19142;3496;0;3.7;0.7;0.0
26;2021-02-12;561;444;0;19703;3940;0;3.8;0.8;0.0
26;2021-02-13;317;303;0;20020;4243;0;3.8;0.8;0.0
26;2021-02-14;31;2;0;20051;4245;0;3.9;0.8;0.0
26;2021-02-15;381;507;0;20432;4752;0;3.9;0.9;0.0
26;2021-02-16;294;526;0;20726;5278;0;4.0;1.0;0.0
26;2021-02-17;238;732;0;20964;6010;0;4.0;1.2;0.0
26;2021-02-18;401;897;0;21365;6907;0;4.1;1.3;0.0
26;2021-02-19;342;811;0;21707;7718;0;4.2;1.5;0.0
26;2021-02-20;86;441;0;21793;8159;0;4.2;1.6;0.0
26;2021-02-21;3;12;0;21796;8171;0;4.2;1.6;0.0
26;2021-02-22;160;647;0;21956;8818;0;4.2;1.7;0.0
26;2021-02-23;393;963;0;22349;9781;0;4.3;1.9;0.0
26;2021-02-24;376;1153;0;22725;10934;0;4.4;2.1;0.0
26;2021-02-25;678;1001;0;23403;11935;0;4.5;2.3;0.0
26;2021-02-26;859;608;0;24262;12543;0;4.7;2.4;0.0
26;2021-02-27;304;433;0;24566;12976;0;4.7;2.5;0.0
26;2021-02-28;11;17;0;24577;12993;0;4.7;2.5;0.0
26;2021-03-01;462;628;0;25039;13621;0;4.8;2.6;0.0
26;2021-03-02;678;629;0;25717;14250;0;4.9;2.7;0.0
26;2021-03-03;711;665;0;26428;14915;0;5.1;2.9;0.0
26;2021-03-04;994;558;0;27422;15473;0;5.3;3.0;0.0
26;2021-03-05;1695;508;0;29117;15981;0;5.6;3.1;0.0
26;2021-03-06;2576;437;0;31693;16418;0;6.1;3.2;0.0
26;2021-03-07;2584;195;0;34277;16613;0;6.6;3.2;0.0
26;2021-03-08;899;614;0;35176;17227;0;6.8;3.3;0.0
26;2021-03-09;1299;552;0;36475;17779;0;7.0;3.4;0.0
26;2021-03-10;1193;498;0;37668;18277;0;7.2;3.5;0.0
26;2021-03-11;1533;622;0;39201;18899;0;7.5;3.6;0.0
26;2021-03-12;2170;499;0;41371;19398;0;7.9;3.7;0.0
26;2021-03-13;1769;287;0;43140;19685;0;8.3;3.8;0.0
26;2021-03-14;66;27;0;43206;19712;0;8.3;3.8;0.0
26;2021-03-15;1566;257;0;44772;19969;0;8.6;3.8;0.0
26;2021-03-16;1163;490;0;45935;20459;0;8.8;3.9;0.0
26;2021-03-17;1318;329;0;47253;20788;0;9.1;4.0;0.0
26;2021-03-18;1527;299;0;48780;21087;0;9.4;4.1;0.0
26;2021-03-19;2351;357;0;51131;21444;0;9.8;4.1;0.0
26;2021-03-20;1200;138;0;52331;21582;0;10.1;4.1;0.0
26;2021-03-21;63;21;0;52394;21603;0;10.1;4.1;0.0
26;2021-03-22;1729;215;0;54123;21818;0;10.4;4.2;0.0
26;2021-03-23;2468;324;0;56591;22142;0;10.9;4.3;0.0
26;2021-03-24;2493;278;0;59084;22420;0;11.4;4.3;0.0
26;2021-03-25;2971;345;0;62055;22765;0;11.9;4.4;0.0
26;2021-03-26;2940;358;0;64995;23123;0;12.5;4.4;0.0
26;2021-03-27;1131;152;0;66126;23275;0;12.7;4.5;0.0
26;2021-03-28;78;5;0;66204;23280;0;12.7;4.5;0.0
26;2021-03-29;1785;424;0;67989;23704;0;13.1;4.6;0.0
26;2021-03-30;2226;499;0;70215;24203;0;13.5;4.6;0.0
26;2021-03-31;2343;566;0;72558;24769;0;13.9;4.8;0.0
26;2021-04-01;2186;761;0;74744;25530;0;14.4;4.9;0.0
26;2021-04-02;2173;934;0;76917;26464;0;14.8;5.1;0.0
26;2021-04-03;511;980;0;77428;27444;0;14.9;5.3;0.0
26;2021-04-04;205;736;0;77633;28180;0;14.9;5.4;0.0
26;2021-04-05;472;47;0;78105;28227;0;15.0;5.4;0.0
26;2021-04-06;1446;781;0;79551;29008;0;15.3;5.6;0.0
26;2021-04-07;1752;871;0;81303;29879;0;15.6;5.7;0.0
26;2021-04-08;2949;948;0;84252;30827;0;16.2;5.9;0.0
26;2021-04-09;3413;995;0;87665;31822;0;16.8;6.1;0.0
26;2021-04-10;1258;822;0;88923;32644;0;17.1;6.3;0.0
26;2021-04-11;94;31;0;89017;32675;0;17.1;6.3;0.0
26;2021-04-12;1713;1077;0;90730;33752;0;17.4;6.5;0.0
26;2021-04-13;2677;1462;0;93407;35214;0;17.9;6.8;0.0
26;2021-04-14;2246;1412;0;95653;36626;0;18.4;7.0;0.0
26;2021-04-15;2291;1519;0;97944;38145;0;18.8;7.3;0.0
26;2021-04-16;2221;1561;0;100165;39706;0;19.2;7.6;0.0
26;2021-04-17;995;749;0;101160;40455;0;19.4;7.8;0.0
26;2021-04-18;65;46;0;101225;40501;0;19.4;7.8;0.0
26;2021-04-19;1453;1473;0;102678;41974;0;19.7;8.1;0.0
26;2021-04-20;1684;1738;0;104362;43712;0;20.0;8.4;0.0
26;2021-04-21;1865;1439;0;106227;45151;0;20.4;8.7;0.0
26;2021-04-22;2291;1589;0;108518;46740;0;20.8;9.0;0.0
26;2021-04-23;1958;1555;0;110476;48295;0;21.2;9.3;0.0
26;2021-04-24;1388;759;0;111864;49054;0;21.5;9.4;0.0
26;2021-04-25;509;80;0;112373;49134;0;21.6;9.4;0.0
26;2021-04-26;1307;1443;0;113680;50577;0;21.8;9.7;0.0
26;2021-04-27;1830;1653;0;115510;52230;0;22.2;10.0;0.0
26;2021-04-28;1781;1755;0;117291;53985;0;22.5;10.4;0.0
26;2021-04-29;2735;1885;0;120026;55870;0;23.1;10.7;0.0
26;2021-04-30;2599;1814;0;122625;57684;0;23.6;11.1;0.0
26;2021-05-01;1291;338;0;123916;58022;0;23.8;11.1;0.0
26;2021-05-02;909;116;0;124825;58138;0;24.0;11.2;0.0
26;2021-05-03;2019;1694;0;126844;59832;0;24.4;11.5;0.0
26;2021-05-04;2488;2249;0;129332;62081;0;24.8;11.9;0.0
26;2021-05-05;2520;2087;0;131852;64168;0;25.3;12.3;0.0
26;2021-05-06;3127;2136;0;134979;66304;0;25.9;12.7;0.0
26;2021-05-07;2614;2321;0;137593;68625;0;26.4;13.2;0.0
26;2021-05-08;1802;506;0;139395;69131;0;26.8;13.3;0.0
26;2021-05-09;589;121;0;139984;69252;0;26.9;13.3;0.0
26;2021-05-10;2696;1835;0;142680;71087;0;27.4;13.7;0.0
26;2021-05-11;3979;2215;0;146659;73302;0;28.2;14.1;0.0
26;2021-05-12;4192;1783;0;150851;75085;0;29.0;14.4;0.0
26;2021-05-13;3713;528;0;154564;75613;0;29.7;14.5;0.0
26;2021-05-14;3985;1459;0;158549;77072;0;30.5;14.8;0.0
26;2021-05-15;3468;544;0;162017;77616;0;31.1;14.9;0.0
26;2021-05-16;2792;281;0;164809;77897;0;31.7;15.0;0.0
26;2021-05-17;3142;1417;0;167951;79314;0;32.3;15.2;0.0
26;2021-05-18;3857;1656;0;171808;80970;0;33.0;15.6;0.0
26;2021-05-19;3802;1379;0;175610;82349;0;33.7;15.8;0.0
26;2021-05-20;3992;1678;0;179602;84027;0;34.5;16.1;0.0
26;2021-05-21;3982;1772;0;183584;85799;0;35.3;16.5;0.0
26;2021-05-22;2422;622;0;186006;86421;0;35.7;16.6;0.0
26;2021-05-23;1223;153;0;187229;86574;0;36.0;16.6;0.0
26;2021-05-24;2946;602;0;190175;87176;0;36.5;16.7;0.0
26;2021-05-25;2971;2299;0;193146;89475;0;37.1;17.2;0.0
26;2021-05-26;3354;2169;0;196500;91644;0;37.7;17.6;0.0
26;2021-05-27;3573;2328;0;200073;93972;0;38.4;18.1;0.0
26;2021-05-28;3142;2606;0;203215;96578;0;39.0;18.6;0.0
26;2021-05-29;2222;1436;0;205437;98014;0;39.5;18.8;0.0
26;2021-05-30;367;88;0;205804;98102;0;39.5;18.8;0.0
26;2021-05-31;2488;1766;0;208292;99868;0;40.0;19.2;0.0
26;2021-06-01;2891;2173;0;211183;102041;0;40.6;19.6;0.0
26;2021-06-02;2508;2090;0;213691;104131;0;41.1;20.0;0.0
26;2021-06-03;2672;2290;0;216363;106421;0;41.6;20.4;0.0
26;2021-06-04;2574;2721;0;218937;109142;0;42.1;21.0;0.0
26;2021-06-05;1432;1432;0;220369;110574;0;42.3;21.2;0.0
26;2021-06-06;81;39;0;220450;110613;0;42.3;21.2;0.0
26;2021-06-07;2023;2234;0;222473;112847;0;42.7;21.7;0.0
26;2021-06-08;2258;2098;0;224731;114945;0;43.2;22.1;0.0
26;2021-06-09;1878;2166;0;226609;117111;0;43.5;22.5;0.0
26;2021-06-10;1819;2546;0;228428;119657;0;43.9;23.0;0.0
26;2021-06-11;1716;2970;0;230144;122627;0;44.2;23.6;0.0
26;2021-06-12;1094;1591;0;231238;124218;0;44.4;23.9;0.0
26;2021-06-13;129;211;0;231367;124429;0;44.4;23.9;0.0
26;2021-06-14;1248;3198;0;232615;127627;0;44.7;24.5;0.0
26;2021-06-15;1478;3673;0;234093;131300;0;45.0;25.2;0.0
26;2021-06-16;1637;3227;0;235730;134527;0;45.3;25.8;0.0
26;2021-06-17;1451;2923;0;237181;137450;0;45.6;26.4;0.0
26;2021-06-18;1659;3984;0;238840;141434;0;45.9;27.2;0.0
26;2021-06-19;864;2718;0;239704;144152;0;46.0;27.7;0.0
26;2021-06-20;250;749;0;239954;144901;0;46.1;27.8;0.0
26;2021-06-21;894;4019;0;240848;148920;0;46.3;28.6;0.0
26;2021-06-22;981;4705;0;241829;153625;0;46.5;29.5;0.0
26;2021-06-23;1130;4421;0;242959;158046;0;46.7;30.4;0.0
26;2021-06-24;1251;3992;0;244210;162038;0;46.9;31.1;0.0
26;2021-06-25;1032;4803;0;245242;166841;0;47.1;32.1;0.0
26;2021-06-26;628;3132;0;245870;169973;0;47.2;32.7;0.0
26;2021-06-27;289;1107;0;246159;171080;0;47.3;32.9;0.0
26;2021-06-28;756;4118;0;246915;175198;0;47.4;33.7;0.0
26;2021-06-29;1004;4360;0;247919;179558;0;47.6;34.5;0.0
26;2021-06-30;1352;4192;0;249271;183750;0;47.9;35.3;0.0
26;2021-07-01;1627;3896;0;250898;187646;0;48.2;36.0;0.0
26;2021-07-02;1329;4514;0;252227;192160;0;48.5;36.9;0.0
26;2021-07-03;663;2568;0;252890;194728;0;48.6;37.4;0.0
26;2021-07-04;270;487;0;253160;195215;0;48.6;37.5;0.0
26;2021-07-05;868;3860;0;254028;199075;0;48.8;38.2;0.0
26;2021-07-06;1242;3725;0;255270;202800;0;49.0;39.0;0.0
26;2021-07-07;1394;3330;0;256664;206130;0;49.3;39.6;0.0
26;2021-07-08;2193;3040;0;258857;209170;0;49.7;40.2;0.0
26;2021-07-09;1489;4104;0;260346;213274;0;50.0;41.0;0.0
26;2021-07-10;804;2211;0;261150;215485;0;50.2;41.4;0.0
26;2021-07-11;262;283;0;261412;215768;0;50.2;41.4;0.0
26;2021-07-12;1043;3619;0;262455;219387;0;50.4;42.1;0.0
26;2021-07-13;2117;4102;0;264572;223489;0;50.8;42.9;0.0
26;2021-07-14;848;730;0;265420;224219;0;51.0;43.1;0.0
26;2021-07-15;2883;3415;0;268303;227634;0;51.5;43.7;0.0
26;2021-07-16;2807;3318;0;271110;230952;0;52.1;44.4;0.0
26;2021-07-17;1661;1520;0;272771;232472;0;52.4;44.7;0.0
26;2021-07-18;206;111;0;272977;232583;0;52.4;44.7;0.0
26;2021-07-19;2373;2844;0;275350;235427;0;52.9;45.2;0.0
26;2021-07-20;3306;3302;0;278656;238729;0;53.5;45.9;0.0
26;2021-07-21;3132;2804;0;281788;241533;0;54.1;46.4;0.0
26;2021-07-22;3602;2715;0;285390;244248;0;54.8;46.9;0.0
26;2021-07-23;3432;3063;0;288822;247311;0;55.5;47.5;0.0
26;2021-07-24;2036;1211;0;290858;248522;0;55.9;47.7;0.0
26;2021-07-25;461;112;0;291319;248634;0;56.0;47.8;0.0
26;2021-07-26;3058;2313;0;294377;250947;0;56.6;48.2;0.0
26;2021-07-27;4379;2529;0;298756;253476;0;57.4;48.7;0.0
26;2021-07-28;3931;2165;0;302687;255641;0;58.1;49.1;0.0
26;2021-07-29;3486;2615;0;306173;258256;0;58.8;49.6;0.0
26;2021-07-30;3169;2447;0;309342;260703;0;59.4;50.1;0.0
26;2021-07-31;1104;991;0;310446;261694;0;59.6;50.3;0.0
26;2021-08-01;401;128;0;310847;261822;0;59.7;50.3;0.0
26;2021-08-02;2639;2098;0;313486;263920;0;60.2;50.7;0.0
26;2021-08-03;3164;2122;0;316650;266042;0;60.8;51.1;0.0
26;2021-08-04;3552;1760;0;320202;267802;0;61.5;51.4;0.0
26;2021-08-05;2945;1954;0;323147;269756;0;62.1;51.8;0.0
26;2021-08-06;2946;2402;1;326093;272158;1;62.6;52.3;0.0
26;2021-08-07;682;746;0;326775;272904;1;62.8;52.4;0.0
26;2021-08-08;68;73;0;326843;272977;1;62.8;52.4;0.0
26;2021-08-09;2006;2562;0;328849;275539;1;63.2;52.9;0.0
26;2021-08-10;2298;2745;0;331147;278284;1;63.6;53.5;0.0
26;2021-08-11;2060;2433;0;333207;280717;1;64.0;53.9;0.0
26;2021-08-12;1779;2352;0;334986;283069;1;64.4;54.4;0.0
26;2021-08-13;1707;2233;0;336693;285302;1;64.7;54.8;0.0
26;2021-08-14;409;847;0;337102;286149;1;64.8;55.0;0.0
26;2021-08-15;42;61;0;337144;286210;1;64.8;55.0;0.0
26;2021-08-16;1129;2777;0;338273;288987;1;65.0;55.5;0.0
26;2021-08-17;1633;2917;0;339906;291904;1;65.3;56.1;0.0
26;2021-08-18;1560;3068;0;341466;294972;1;65.6;56.7;0.0
26;2021-08-19;1525;2738;0;342991;297710;1;65.9;57.2;0.0
26;2021-08-20;1311;2698;0;344302;300408;1;66.1;57.7;0.0
26;2021-08-21;528;999;0;344830;301407;1;66.2;57.9;0.0
26;2021-08-22;67;339;0;344897;301746;1;66.3;58.0;0.0
26;2021-08-23;1430;3124;0;346327;304870;1;66.5;58.6;0.0
26;2021-08-24;1631;3338;0;347958;308208;1;66.8;59.2;0.0
26;2021-08-25;1457;3293;0;349415;311501;1;67.1;59.8;0.0
26;2021-08-26;1367;3013;0;350782;314514;1;67.4;60.4;0.0
26;2021-08-27;1464;3309;0;352246;317823;1;67.7;61.1;0.0
26;2021-08-28;392;1057;0;352638;318880;1;67.7;61.3;0.0
26;2021-08-29;22;64;0;352660;318944;1;67.7;61.3;0.0
26;2021-08-30;1365;2958;60;354025;321902;61;68.0;61.8;0.0
26;2021-08-31;1256;3165;123;355281;325067;184;68.2;62.4;0.0
26;2021-09-01;1365;2459;214;356646;327526;398;68.5;62.9;0.1
26;2021-09-02;1072;1888;256;357718;329414;654;68.7;63.3;0.1
26;2021-09-03;1075;2446;275;358793;331860;929;68.9;63.8;0.2
26;2021-09-04;406;703;84;359199;332563;1013;69.0;63.9;0.2
26;2021-09-05;46;49;10;359245;332612;1023;69.0;63.9;0.2
26;2021-09-06;672;1384;379;359917;333996;1402;69.1;64.2;0.3
26;2021-09-07;773;1563;331;360690;335559;1733;69.3;64.5;0.3
26;2021-09-08;819;1684;286;361509;337243;2019;69.4;64.8;0.4
26;2021-09-09;585;1348;319;362094;338591;2338;69.6;65.0;0.4
26;2021-09-10;774;1741;312;362868;340332;2650;69.7;65.4;0.5
26;2021-09-11;306;698;81;363174;341030;2731;69.8;65.5;0.5
26;2021-09-12;14;24;2;363188;341054;2733;69.8;65.5;0.5
26;2021-09-13;536;1204;414;363724;342258;3147;69.9;65.7;0.6
26;2021-09-14;676;1279;422;364400;343537;3569;70.0;66.0;0.7
26;2021-09-15;683;1709;470;365083;345246;4039;70.1;66.3;0.8
26;2021-09-16;525;977;419;365608;346223;4458;70.2;66.5;0.9
26;2021-09-17;611;1650;423;366219;347873;4881;70.4;66.8;0.9
26;2021-09-18;231;661;100;366450;348534;4981;70.4;67.0;1.0
26;2021-09-19;5;36;1;366455;348570;4982;70.4;67.0;1.0
26;2021-09-20;324;1013;491;366779;349583;5473;70.5;67.2;1.1
26;2021-09-21;370;965;424;367149;350548;5897;70.5;67.3;1.1
26;2021-09-22;394;1406;455;367543;351954;6352;70.6;67.6;1.2
26;2021-09-23;352;773;265;367895;352727;6617;70.7;67.8;1.3
26;2021-09-24;431;1357;475;368326;354084;7092;70.8;68.0;1.4
26;2021-09-25;161;536;69;368487;354620;7161;70.8;68.1;1.4
26;2021-09-26;11;30;1;368498;354650;7162;70.8;68.1;1.4
26;2021-09-27;289;730;389;368787;355380;7551;70.8;68.3;1.5
26;2021-09-28;223;633;325;369010;356013;7876;70.9;68.4;1.5
26;2021-09-29;353;1019;328;369363;357032;8204;71.0;68.6;1.6
26;2021-09-30;231;573;457;369594;357605;8661;71.0;68.7;1.7
26;2021-10-01;461;936;564;370055;358541;9225;71.1;68.9;1.8
26;2021-10-02;189;308;99;370244;358849;9324;71.1;68.9;1.8
26;2021-10-03;11;19;3;370255;358868;9327;71.1;68.9;1.8
26;2021-10-04;310;577;554;370565;359445;9881;71.2;69.0;1.9
26;2021-10-05;162;512;536;370727;359957;10417;71.2;69.1;2.0
26;2021-10-06;386;783;575;371113;360740;10992;71.3;69.3;2.1
26;2021-10-07;195;423;472;371308;361163;11464;71.3;69.4;2.2
26;2021-10-08;372;807;670;371680;361970;12134;71.4;69.5;2.3
26;2021-10-09;181;276;165;371861;362246;12299;71.4;69.6;2.4
26;2021-10-10;2;22;3;371863;362268;12302;71.4;69.6;2.4
26;2021-10-11;242;498;763;372105;362766;13065;71.5;69.7;2.5
26;2021-10-12;200;358;546;372305;363124;13611;71.5;69.8;2.6
26;2021-10-13;301;565;684;372606;363689;14295;71.6;69.9;2.7
26;2021-10-14;213;411;593;372819;364100;14888;71.6;69.9;2.9
26;2021-10-15;383;588;817;373202;364688;15705;71.7;70.1;3.0
26;2021-10-16;168;166;178;373370;364854;15883;71.7;70.1;3.1
26;2021-10-17;7;13;13;373377;364867;15896;71.7;70.1;3.1
26;2021-10-18;226;368;756;373603;365235;16652;71.8;70.2;3.2
26;2021-10-19;90;201;529;373693;365436;17181;71.8;70.2;3.3
26;2021-10-20;174;356;708;373867;365792;17889;71.8;70.3;3.4
26;2021-10-21;144;305;885;374011;366097;18774;71.8;70.3;3.6
26;2021-10-22;146;450;825;374157;366547;19599;71.9;70.4;3.8
26;2021-10-23;75;122;122;374232;366669;19721;71.9;70.4;3.8
26;2021-10-24;3;16;12;374235;366685;19733;71.9;70.4;3.8
26;2021-10-25;151;334;888;374386;367019;20621;71.9;70.5;4.0
26;2021-10-26;104;158;649;374490;367177;21270;71.9;70.5;4.1
26;2021-10-27;160;363;902;374650;367540;22172;72.0;70.6;4.3
26;2021-10-28;147;204;953;374797;367744;23125;72.0;70.6;4.4
26;2021-10-29;147;343;877;374944;368087;24002;72.0;70.7;4.6
26;2021-10-30;54;126;309;374998;368213;24311;72.0;70.7;4.7
26;2021-10-31;1;3;3;374999;368216;24314;72.0;70.7;4.7
26;2021-11-01;15;9;16;375014;368225;24330;72.0;70.7;4.7
26;2021-11-02;85;216;729;375099;368441;25059;72.1;70.8;4.8
26;2021-11-03;152;409;1123;375251;368850;26182;72.1;70.9;5.0
26;2021-11-04;106;216;1177;375357;369066;27359;72.1;70.9;5.3
26;2021-11-05;152;293;963;375509;369359;28322;72.1;71.0;5.4
26;2021-11-06;74;158;330;375583;369517;28652;72.1;71.0;5.5
26;2021-11-07;0;12;4;375583;369529;28656;72.1;71.0;5.5
26;2021-11-08;100;255;1249;375683;369784;29905;72.2;71.0;5.7
26;2021-11-09;96;168;1072;375779;369952;30977;72.2;71.1;6.0
26;2021-11-10;166;253;1738;375945;370205;32715;72.2;71.1;6.3
26;2021-11-11;9;16;19;375954;370221;32734;72.2;71.1;6.3
26;2021-11-12;121;236;1390;376075;370457;34124;72.2;71.2;6.6
26;2021-11-13;48;85;428;376123;370542;34552;72.3;71.2;6.6
26;2021-11-14;4;7;4;376127;370549;34556;72.3;71.2;6.6
26;2021-11-15;136;168;1794;376263;370717;36350;72.3;71.2;7.0
26;2021-11-16;116;152;1706;376379;370869;38056;72.3;71.2;7.3
26;2021-11-17;201;245;1836;376580;371114;39892;72.3;71.3;7.7
26;2021-11-18;117;156;1683;376697;371270;41575;72.4;71.3;8.0
26;2021-11-19;158;177;1652;376855;371447;43227;72.4;71.4;8.3
26;2021-11-20;88;102;709;376943;371549;43936;72.4;71.4;8.4
26;2021-11-21;16;21;262;376959;371570;44198;72.4;71.4;8.5
26;2021-11-22;91;76;1765;377050;371646;45963;72.4;71.4;8.8
26;2021-11-23;122;115;2075;377172;371761;48038;72.5;71.4;9.2
26;2021-11-24;170;175;2108;377342;371936;50146;72.5;71.4;9.6
26;2021-11-25;137;125;2198;377479;372061;52344;72.5;71.5;10.1
26;2021-11-26;174;191;2973;377653;372252;55317;72.5;71.5;10.6
26;2021-11-27;81;116;1023;377734;372368;56340;72.6;71.5;10.8
26;2021-11-28;2;6;33;377736;372374;56373;72.6;71.5;10.8
26;2021-11-29;89;109;3121;377825;372483;59494;72.6;71.6;11.4
26;2021-11-30;117;104;3584;377942;372587;63078;72.6;71.6;12.1
26;2021-12-01;129;171;4223;378071;372758;67301;72.6;71.6;12.9
26;2021-12-02;100;109;3845;378171;372867;71146;72.6;71.6;13.7
26;2021-12-03;101;151;4527;378272;373018;75673;72.7;71.7;14.5
26;2021-12-04;75;75;1912;378347;373093;77585;72.7;71.7;14.9
26;2021-12-05;13;26;840;378360;373119;78425;72.7;71.7;15.1
26;2021-12-06;102;167;4134;378462;373286;82559;72.7;71.7;15.9
26;2021-12-07;129;157;5406;378591;373443;87965;72.7;71.7;16.9
26;2021-12-08;159;194;5532;378750;373637;93497;72.8;71.8;18.0
26;2021-12-09;135;142;5956;378885;373779;99453;72.8;71.8;19.1
26;2021-12-10;120;160;6082;379005;373939;105535;72.8;71.8;20.3
26;2021-12-11;85;78;2711;379090;374017;108246;72.8;71.8;20.8
26;2021-12-12;23;12;463;379113;374029;108709;72.8;71.9;20.9
26;2021-12-13;115;149;5359;379228;374178;114068;72.9;71.9;21.9
26;2021-12-14;142;169;6617;379370;374347;120685;72.9;71.9;23.2
26;2021-12-15;159;196;6161;379529;374543;126846;72.9;72.0;24.4
27;2020-12-27;0;0;0;0;0;0;0.0;0.0;0.0
27;2020-12-28;0;0;0;0;0;0;0.0;0.0;0.0
27;2020-12-29;1;0;0;1;0;0;0.0;0.0;0.0
27;2020-12-30;0;0;0;1;0;0;0.0;0.0;0.0
27;2020-12-31;0;0;0;1;0;0;0.0;0.0;0.0
27;2021-01-01;0;0;0;1;0;0;0.0;0.0;0.0
27;2021-01-02;0;0;0;1;0;0;0.0;0.0;0.0
27;2021-01-03;1;0;0;2;0;0;0.0;0.0;0.0
27;2021-01-04;4;0;0;6;0;0;0.0;0.0;0.0
27;2021-01-05;23;0;0;29;0;0;0.0;0.0;0.0
27;2021-01-06;200;0;0;229;0;0;0.0;0.0;0.0
27;2021-01-07;465;0;0;694;0;0;0.1;0.0;0.0
27;2021-01-08;501;3;0;1195;3;0;0.2;0.0;0.0
27;2021-01-09;92;2;0;1287;5;0;0.2;0.0;0.0
27;2021-01-10;103;0;0;1390;5;0;0.2;0.0;0.0
27;2021-01-11;406;0;0;1796;5;0;0.3;0.0;0.0
27;2021-01-12;492;2;0;2288;7;0;0.4;0.0;0.0
27;2021-01-13;844;3;0;3132;10;0;0.5;0.0;0.0
27;2021-01-14;1646;32;0;4778;42;0;0.8;0.0;0.0
27;2021-01-15;1217;8;0;5995;50;0;1.0;0.0;0.0
27;2021-01-16;309;2;0;6304;52;0;1.0;0.0;0.0
27;2021-01-17;220;2;0;6524;54;0;1.1;0.0;0.0
27;2021-01-18;788;5;0;7312;59;0;1.2;0.0;0.0
27;2021-01-19;871;5;0;8183;64;0;1.4;0.0;0.0
27;2021-01-20;906;1;0;9089;65;0;1.5;0.0;0.0
27;2021-01-21;710;6;0;9799;71;0;1.6;0.0;0.0
27;2021-01-22;807;6;0;10606;77;0;1.8;0.0;0.0
27;2021-01-23;328;0;0;10934;77;0;1.8;0.0;0.0
27;2021-01-24;137;4;0;11071;81;0;1.8;0.0;0.0
27;2021-01-25;621;16;0;11692;97;0;1.9;0.0;0.0
27;2021-01-26;546;27;0;12238;124;0;2.0;0.0;0.0
27;2021-01-27;569;133;0;12807;257;0;2.1;0.0;0.0
27;2021-01-28;593;339;0;13400;596;0;2.2;0.1;0.0
27;2021-01-29;530;146;0;13930;742;0;2.3;0.1;0.0
27;2021-01-30;224;29;0;14154;771;0;2.4;0.1;0.0
27;2021-01-31;27;26;0;14181;797;0;2.4;0.1;0.0
27;2021-02-01;380;242;0;14561;1039;0;2.4;0.2;0.0
27;2021-02-02;324;327;0;14885;1366;0;2.5;0.2;0.0
27;2021-02-03;461;404;0;15346;1770;0;2.6;0.3;0.0
27;2021-02-04;719;912;0;16065;2682;0;2.7;0.4;0.0
27;2021-02-05;668;1059;0;16733;3741;0;2.8;0.6;0.0
27;2021-02-06;72;211;0;16805;3952;0;2.8;0.7;0.0
27;2021-02-07;43;103;0;16848;4055;0;2.8;0.7;0.0
27;2021-02-08;389;437;0;17237;4492;0;2.9;0.7;0.0
27;2021-02-09;381;584;0;17618;5076;0;2.9;0.8;0.0
27;2021-02-10;348;543;0;17966;5619;0;3.0;0.9;0.0
27;2021-02-11;384;536;0;18350;6155;0;3.1;1.0;0.0
27;2021-02-12;353;598;0;18703;6753;0;3.1;1.1;0.0
27;2021-02-13;139;128;0;18842;6881;0;3.1;1.1;0.0
27;2021-02-14;7;85;0;18849;6966;0;3.1;1.2;0.0
27;2021-02-15;402;645;0;19251;7611;0;3.2;1.3;0.0
27;2021-02-16;349;776;0;19600;8387;0;3.3;1.4;0.0
27;2021-02-17;288;691;0;19888;9078;0;3.3;1.5;0.0
27;2021-02-18;388;754;0;20276;9832;0;3.4;1.6;0.0
27;2021-02-19;287;712;0;20563;10544;0;3.4;1.8;0.0
27;2021-02-20;127;230;0;20690;10774;0;3.4;1.8;0.0
27;2021-02-21;11;122;0;20701;10896;0;3.4;1.8;0.0
27;2021-02-22;450;622;0;21151;11518;0;3.5;1.9;0.0
27;2021-02-23;453;656;0;21604;12174;0;3.6;2.0;0.0
27;2021-02-24;431;640;0;22035;12814;0;3.7;2.1;0.0
27;2021-02-25;787;725;0;22822;13539;0;3.8;2.3;0.0
27;2021-02-26;798;717;0;23620;14256;0;3.9;2.4;0.0
27;2021-02-27;366;152;0;23986;14408;0;4.0;2.4;0.0
27;2021-02-28;105;24;0;24091;14432;0;4.0;2.4;0.0
27;2021-03-01;402;518;0;24493;14950;0;4.1;2.5;0.0
27;2021-03-02;679;412;0;25172;15362;0;4.2;2.6;0.0
27;2021-03-03;761;387;0;25933;15749;0;4.3;2.6;0.0
27;2021-03-04;868;275;0;26801;16024;0;4.5;2.7;0.0
27;2021-03-05;1368;293;0;28169;16317;0;4.7;2.7;0.0
27;2021-03-06;1436;99;0;29605;16416;0;4.9;2.7;0.0
27;2021-03-07;508;22;0;30113;16438;0;5.0;2.7;0.0
27;2021-03-08;1066;345;0;31179;16783;0;5.2;2.8;0.0
27;2021-03-09;1658;312;0;32837;17095;0;5.5;2.8;0.0
27;2021-03-10;1912;371;0;34749;17466;0;5.8;2.9;0.0
27;2021-03-11;1942;270;0;36691;17736;0;6.1;3.0;0.0
27;2021-03-12;2727;258;0;39418;17994;0;6.6;3.0;0.0
27;2021-03-13;1752;111;0;41170;18105;0;6.9;3.0;0.0
27;2021-03-14;544;17;0;41714;18122;0;6.9;3.0;0.0
27;2021-03-15;1418;216;0;43132;18338;0;7.2;3.1;0.0
27;2021-03-16;1311;245;0;44443;18583;0;7.4;3.1;0.0
27;2021-03-17;1505;334;0;45948;18917;0;7.6;3.1;0.0
27;2021-03-18;1400;344;0;47348;19261;0;7.9;3.2;0.0
27;2021-03-19;1656;193;0;49004;19454;0;8.2;3.2;0.0
27;2021-03-20;910;50;0;49914;19504;0;8.3;3.2;0.0
27;2021-03-21;296;6;0;50210;19510;0;8.4;3.2;0.0
27;2021-03-22;1290;420;0;51500;19930;0;8.6;3.3;0.0
27;2021-03-23;1769;392;0;53269;20322;0;8.9;3.4;0.0
27;2021-03-24;1677;375;0;54946;20697;0;9.1;3.4;0.0
27;2021-03-25;2231;394;0;57177;21091;0;9.5;3.5;0.0
27;2021-03-26;2800;358;0;59977;21449;0;10.0;3.6;0.0
27;2021-03-27;1644;162;0;61621;21611;0;10.3;3.6;0.0
27;2021-03-28;1047;41;0;62668;21652;0;10.4;3.6;0.0
27;2021-03-29;1675;653;0;64343;22305;0;10.7;3.7;0.0
27;2021-03-30;1743;724;0;66086;23029;0;11.0;3.8;0.0
27;2021-03-31;1830;745;0;67916;23774;0;11.3;4.0;0.0
27;2021-04-01;2416;712;0;70332;24486;0;11.7;4.1;0.0
27;2021-04-02;2276;998;0;72608;25484;0;12.1;4.2;0.0
27;2021-04-03;1570;576;0;74178;26060;0;12.3;4.3;0.0
27;2021-04-04;879;154;0;75057;26214;0;12.5;4.4;0.0
27;2021-04-05;427;35;0;75484;26249;0;12.6;4.4;0.0
27;2021-04-06;1668;1437;0;77152;27686;0;12.8;4.6;0.0
27;2021-04-07;1669;1459;0;78821;29145;0;13.1;4.9;0.0
27;2021-04-08;2137;1437;0;80958;30582;0;13.5;5.1;0.0
27;2021-04-09;3318;1354;0;84276;31936;0;14.0;5.3;0.0
27;2021-04-10;2244;830;0;86520;32766;0;14.4;5.5;0.0
27;2021-04-11;918;216;0;87438;32982;0;14.6;5.5;0.0
27;2021-04-12;2640;1318;0;90078;34300;0;15.0;5.7;0.0
27;2021-04-13;2656;1404;0;92734;35704;0;15.4;5.9;0.0
27;2021-04-14;2279;1338;0;95013;37042;0;15.8;6.2;0.0
27;2021-04-15;2155;1460;0;97168;38502;0;16.2;6.4;0.0
27;2021-04-16;3061;1099;0;100229;39601;0;16.7;6.6;0.0
27;2021-04-17;2192;471;0;102421;40072;0;17.1;6.7;0.0
27;2021-04-18;408;27;0;102829;40099;0;17.1;6.7;0.0
27;2021-04-19;1824;1256;0;104653;41355;0;17.4;6.9;0.0
27;2021-04-20;2426;1369;0;107079;42724;0;17.8;7.1;0.0
27;2021-04-21;2246;1264;0;109325;43988;0;18.2;7.3;0.0
27;2021-04-22;2299;1543;0;111624;45531;0;18.6;7.6;0.0
27;2021-04-23;2639;1377;0;114263;46908;0;19.0;7.8;0.0
27;2021-04-24;3192;1206;0;117455;48114;0;19.6;8.0;0.0
27;2021-04-25;920;942;0;118375;49056;0;19.7;8.2;0.0
27;2021-04-26;1992;1347;0;120367;50403;0;20.0;8.4;0.0
27;2021-04-27;2543;1405;0;122910;51808;0;20.5;8.6;0.0
27;2021-04-28;2488;1578;0;125398;53386;0;20.9;8.9;0.0
27;2021-04-29;2559;1738;0;127957;55124;0;21.3;9.2;0.0
27;2021-04-30;2630;1829;0;130587;56953;0;21.7;9.5;0.0
27;2021-05-01;2653;884;0;133240;57837;0;22.2;9.6;0.0
27;2021-05-02;1434;787;0;134674;58624;0;22.4;9.8;0.0
27;2021-05-03;2934;1204;0;137608;59828;0;22.9;10.0;0.0
27;2021-05-04;2782;1952;0;140390;61780;0;23.4;10.3;0.0
27;2021-05-05;2885;1961;0;143275;63741;0;23.9;10.6;0.0
27;2021-05-06;3168;1629;0;146443;65370;0;24.4;10.9;0.0
27;2021-05-07;3247;2343;0;149690;67713;0;24.9;11.3;0.0
27;2021-05-08;2756;1382;0;152446;69095;0;25.4;11.5;0.0
27;2021-05-09;1295;318;0;153741;69413;0;25.6;11.6;0.0
27;2021-05-10;2867;2486;0;156608;71899;0;26.1;12.0;0.0
27;2021-05-11;3237;2131;0;159845;74030;0;26.6;12.3;0.0
27;2021-05-12;3378;1884;0;163223;75914;0;27.2;12.6;0.0
27;2021-05-13;2391;361;0;165614;76275;0;27.6;12.7;0.0
27;2021-05-14;3799;1902;0;169413;78177;0;28.2;13.0;0.0
27;2021-05-15;5708;919;0;175121;79096;0;29.2;13.2;0.0
27;2021-05-16;2991;346;0;178112;79442;0;29.7;13.2;0.0
27;2021-05-17;2866;1322;0;180978;80764;0;30.1;13.4;0.0
27;2021-05-18;3721;1424;0;184699;82188;0;30.7;13.7;0.0
27;2021-05-19;3937;1254;0;188636;83442;0;31.4;13.9;0.0
27;2021-05-20;3964;1276;0;192600;84718;0;32.1;14.1;0.0
27;2021-05-21;3880;1837;0;196480;86555;0;32.7;14.4;0.0
27;2021-05-22;4144;843;0;200624;87398;0;33.4;14.5;0.0
27;2021-05-23;1073;173;0;201697;87571;0;33.6;14.6;0.0
27;2021-05-24;1825;411;0;203522;87982;0;33.9;14.6;0.0
27;2021-05-25;3307;1692;0;206829;89674;0;34.4;14.9;0.0
27;2021-05-26;3624;1811;0;210453;91485;0;35.0;15.2;0.0
27;2021-05-27;3604;1620;0;214057;93105;0;35.6;15.5;0.0
27;2021-05-28;3525;2728;0;217582;95833;0;36.2;16.0;0.0
27;2021-05-29;4191;2167;0;221773;98000;0;36.9;16.3;0.0
27;2021-05-30;984;247;0;222757;98247;0;37.1;16.4;0.0
27;2021-05-31;3300;2372;0;226057;100619;0;37.6;16.8;0.0
27;2021-06-01;3923;2307;0;229980;102926;0;38.3;17.1;0.0
27;2021-06-02;3518;2158;0;233498;105084;0;38.9;17.5;0.0
27;2021-06-03;4437;2147;0;237935;107231;0;39.6;17.9;0.0
27;2021-06-04;3777;3052;0;241712;110283;0;40.2;18.4;0.0
27;2021-06-05;3084;3153;0;244796;113436;0;40.8;18.9;0.0
27;2021-06-06;1542;760;0;246338;114196;0;41.0;19.0;0.0
27;2021-06-07;2954;2336;0;249292;116532;0;41.5;19.4;0.0
27;2021-06-08;3548;2464;0;252840;118996;0;42.1;19.8;0.0
27;2021-06-09;2629;2489;0;255469;121485;0;42.5;20.2;0.0
27;2021-06-10;2917;2154;0;258386;123639;0;43.0;20.6;0.0
27;2021-06-11;3462;3789;0;261848;127428;0;43.6;21.2;0.0
27;2021-06-12;2374;3964;0;264222;131392;0;44.0;21.9;0.0
27;2021-06-13;1089;2119;0;265311;133511;0;44.2;22.2;0.0
27;2021-06-14;2248;3178;0;267559;136689;0;44.5;22.8;0.0
27;2021-06-15;2933;3246;0;270492;139935;0;45.0;23.3;0.0
27;2021-06-16;2820;3365;0;273312;143300;0;45.5;23.9;0.0
27;2021-06-17;2673;3333;0;275985;146633;0;45.9;24.4;0.0
27;2021-06-18;3149;4433;0;279134;151066;0;46.5;25.1;0.0
27;2021-06-19;2221;2999;0;281355;154065;0;46.8;25.6;0.0
27;2021-06-20;668;710;0;282023;154775;0;47.0;25.8;0.0
27;2021-06-21;1922;3569;0;283945;158344;0;47.3;26.4;0.0
27;2021-06-22;2562;3881;0;286507;162225;0;47.7;27.0;0.0
27;2021-06-23;2111;3694;0;288618;165919;0;48.0;27.6;0.0
27;2021-06-24;2381;3459;0;290999;169378;0;48.4;28.2;0.0
27;2021-06-25;2104;4514;0;293103;173892;0;48.8;28.9;0.0
27;2021-06-26;1136;4921;0;294239;178813;0;49.0;29.8;0.0
27;2021-06-27;419;1551;0;294658;180364;0;49.1;30.0;0.0
27;2021-06-28;1436;3809;0;296094;184173;0;49.3;30.7;0.0
27;2021-06-29;1807;4538;0;297901;188711;0;49.6;31.4;0.0
27;2021-06-30;2205;4336;0;300106;193047;0;50.0;32.1;0.0
27;2021-07-01;2435;4037;0;302541;197084;0;50.4;32.8;0.0
27;2021-07-02;1769;5042;0;304310;202126;0;50.7;33.6;0.0
27;2021-07-03;1372;4618;0;305682;206744;0;50.9;34.4;0.0
27;2021-07-04;500;1543;0;306182;208287;0;51.0;34.7;0.0
27;2021-07-05;1719;3895;0;307901;212182;0;51.3;35.3;0.0
27;2021-07-06;1636;4237;0;309537;216419;0;51.5;36.0;0.0
27;2021-07-07;2010;4863;0;311547;221282;0;51.9;36.8;0.0
27;2021-07-08;2309;4402;0;313856;225684;0;52.2;37.6;0.0
27;2021-07-09;2262;5392;0;316118;231076;0;52.6;38.5;0.0
27;2021-07-10;1282;4243;0;317400;235319;0;52.8;39.2;0.0
27;2021-07-11;409;1034;0;317809;236353;0;52.9;39.3;0.0
27;2021-07-12;1385;4483;0;319194;240836;0;53.1;40.1;0.0
27;2021-07-13;2866;5559;0;322060;246395;0;53.6;41.0;0.0
27;2021-07-14;1881;2175;0;323941;248570;0;53.9;41.4;0.0
27;2021-07-15;3390;5618;0;327331;254188;0;54.5;42.3;0.0
27;2021-07-16;4012;5490;0;331343;259678;0;55.2;43.2;0.0
27;2021-07-17;3025;4008;0;334368;263686;0;55.7;43.9;0.0
27;2021-07-18;620;1167;0;334988;264853;0;55.8;44.1;0.0
27;2021-07-19;3403;4477;0;338391;269330;0;56.3;44.8;0.0
27;2021-07-20;3464;4333;0;341855;273663;0;56.9;45.6;0.0
27;2021-07-21;4056;4433;0;345911;278096;0;57.6;46.3;0.0
27;2021-07-22;4742;4325;0;350653;282421;0;58.4;47.0;0.0
27;2021-07-23;3963;4191;0;354616;286612;0;59.0;47.7;0.0
27;2021-07-24;3374;2761;0;357990;289373;0;59.6;48.2;0.0
27;2021-07-25;556;608;0;358546;289981;0;59.7;48.3;0.0
27;2021-07-26;3319;3834;0;361865;293815;0;60.2;48.9;0.0
27;2021-07-27;3908;3665;0;365773;297480;0;60.9;49.5;0.0
27;2021-07-28;3861;3669;0;369634;301149;0;61.5;50.1;0.0
27;2021-07-29;4855;3728;0;374489;304877;0;62.3;50.8;0.0
27;2021-07-30;4212;3697;0;378701;308574;0;63.0;51.4;0.0
27;2021-07-31;3212;2842;0;381913;311416;0;63.6;51.8;0.0
27;2021-08-01;572;581;0;382485;311997;0;63.7;51.9;0.0
27;2021-08-02;3500;2896;0;385985;314893;0;64.3;52.4;0.0
27;2021-08-03;3686;3049;0;389671;317942;0;64.9;52.9;0.0
27;2021-08-04;3468;2681;0;393139;320623;0;65.4;53.4;0.0
27;2021-08-05;3141;2800;0;396280;323423;0;66.0;53.8;0.0
27;2021-08-06;3593;3535;0;399873;326958;0;66.6;54.4;0.0
27;2021-08-07;2258;2648;0;402131;329606;0;66.9;54.9;0.0
27;2021-08-08;376;332;0;402507;329938;0;67.0;54.9;0.0
27;2021-08-09;2629;3312;0;405136;333250;0;67.4;55.5;0.0
27;2021-08-10;3022;3460;0;408158;336710;0;67.9;56.1;0.0
27;2021-08-11;2841;3028;0;410999;339738;0;68.4;56.6;0.0
27;2021-08-12;2560;3698;0;413559;343436;0;68.8;57.2;0.0
27;2021-08-13;2022;2945;0;415581;346381;0;69.2;57.7;0.0
27;2021-08-14;1336;2852;0;416917;349233;0;69.4;58.1;0.0
27;2021-08-15;114;134;0;417031;349367;0;69.4;58.2;0.0
27;2021-08-16;1867;3994;0;418898;353361;0;69.7;58.8;0.0
27;2021-08-17;2023;3597;0;420921;356958;0;70.1;59.4;0.0
27;2021-08-18;1745;3294;0;422666;360252;0;70.4;60.0;0.0
27;2021-08-19;1839;3671;0;424505;363923;0;70.7;60.6;0.0
27;2021-08-20;1699;3788;0;426204;367711;0;71.0;61.2;0.0
27;2021-08-21;1078;2792;0;427282;370503;0;71.1;61.7;0.0
27;2021-08-22;201;323;0;427483;370826;0;71.2;61.7;0.0
27;2021-08-23;1226;3961;0;428709;374787;0;71.4;62.4;0.0
27;2021-08-24;1470;3991;0;430179;378778;0;71.6;63.1;0.0
27;2021-08-25;1598;3496;0;431777;382274;0;71.9;63.6;0.0
27;2021-08-26;1185;3078;0;432962;385352;0;72.1;64.2;0.0
27;2021-08-27;1302;3632;0;434264;388984;0;72.3;64.8;0.0
27;2021-08-28;969;2993;0;435233;391977;0;72.5;65.3;0.0
27;2021-08-29;114;316;0;435347;392293;0;72.5;65.3;0.0
27;2021-08-30;1008;3656;39;436355;395949;39;72.6;65.9;0.0
27;2021-08-31;1256;3535;114;437611;399484;153;72.9;66.5;0.0
27;2021-09-01;1152;3189;238;438763;402673;391;73.0;67.0;0.1
27;2021-09-02;929;2428;267;439692;405101;658;73.2;67.4;0.1
27;2021-09-03;924;2507;286;440616;407608;944;73.4;67.9;0.2
27;2021-09-04;792;2093;136;441408;409701;1080;73.5;68.2;0.2
27;2021-09-05;85;260;11;441493;409961;1091;73.5;68.2;0.2
27;2021-09-06;617;1719;351;442110;411680;1442;73.6;68.5;0.2
27;2021-09-07;714;2115;267;442824;413795;1709;73.7;68.9;0.3
27;2021-09-08;788;2329;289;443612;416124;1998;73.9;69.3;0.3
27;2021-09-09;665;1718;267;444277;417842;2265;74.0;69.6;0.4
27;2021-09-10;904;2048;438;445181;419890;2703;74.1;69.9;0.4
27;2021-09-11;619;1870;130;445800;421760;2833;74.2;70.2;0.5
27;2021-09-12;67;209;14;445867;421969;2847;74.2;70.2;0.5
27;2021-09-13;441;1134;406;446308;423103;3253;74.3;70.4;0.5
27;2021-09-14;616;1152;427;446924;424255;3680;74.4;70.6;0.6
27;2021-09-15;606;1715;380;447530;425970;4060;74.5;70.9;0.7
27;2021-09-16;596;1149;377;448126;427119;4437;74.6;71.1;0.7
27;2021-09-17;773;1401;399;448899;428520;4836;74.7;71.3;0.8
27;2021-09-18;362;1283;154;449261;429803;4990;74.8;71.6;0.8
27;2021-09-19;59;193;26;449320;429996;5016;74.8;71.6;0.8
27;2021-09-20;305;912;496;449625;430908;5512;74.9;71.7;0.9
27;2021-09-21;412;966;473;450037;431874;5985;74.9;71.9;1.0
27;2021-09-22;326;1148;445;450363;433022;6430;75.0;72.1;1.1
27;2021-09-23;387;795;723;450750;433817;7153;75.0;72.2;1.2
27;2021-09-24;623;1264;517;451373;435081;7670;75.1;72.4;1.3
27;2021-09-25;278;1101;186;451651;436182;7856;75.2;72.6;1.3
27;2021-09-26;18;33;21;451669;436215;7877;75.2;72.6;1.3
27;2021-09-27;216;589;417;451885;436804;8294;75.2;72.7;1.4
27;2021-09-28;314;772;579;452199;437576;8873;75.3;72.8;1.5
27;2021-09-29;266;791;397;452465;438367;9270;75.3;73.0;1.5
27;2021-09-30;172;550;329;452637;438917;9599;75.4;73.1;1.6
27;2021-10-01;452;994;595;453089;439911;10194;75.4;73.2;1.7
27;2021-10-02;363;828;313;453452;440739;10507;75.5;73.4;1.7
27;2021-10-03;14;28;28;453466;440767;10535;75.5;73.4;1.8
27;2021-10-04;241;431;472;453707;441198;11007;75.5;73.4;1.8
27;2021-10-05;316;513;598;454023;441711;11605;75.6;73.5;1.9
27;2021-10-06;308;678;598;454331;442389;12203;75.6;73.6;2.0
27;2021-10-07;162;321;473;454493;442710;12676;75.7;73.7;2.1
27;2021-10-08;367;826;928;454860;443536;13604;75.7;73.8;2.3
27;2021-10-09;283;559;314;455143;444095;13918;75.8;73.9;2.3
27;2021-10-10;18;49;21;455161;444144;13939;75.8;73.9;2.3
27;2021-10-11;225;429;412;455386;444573;14351;75.8;74.0;2.4
27;2021-10-12;271;442;925;455657;445015;15276;75.9;74.1;2.5
27;2021-10-13;308;462;661;455965;445477;15937;75.9;74.2;2.7
27;2021-10-14;159;399;617;456124;445876;16554;75.9;74.2;2.8
27;2021-10-15;392;810;976;456516;446686;17530;76.0;74.4;2.9
27;2021-10-16;323;455;545;456839;447141;18075;76.1;74.4;3.0
27;2021-10-17;27;36;43;456866;447177;18118;76.1;74.4;3.0
27;2021-10-18;210;293;556;457076;447470;18674;76.1;74.5;3.1
27;2021-10-19;220;373;884;457296;447843;19558;76.1;74.6;3.3
27;2021-10-20;255;373;783;457551;448216;20341;76.2;74.6;3.4
27;2021-10-21;165;391;939;457716;448607;21280;76.2;74.7;3.5
27;2021-10-22;279;503;1194;457995;449110;22474;76.2;74.8;3.7
27;2021-10-23;211;436;481;458206;449546;22955;76.3;74.8;3.8
27;2021-10-24;7;12;35;458213;449558;22990;76.3;74.8;3.8
27;2021-10-25;167;215;645;458380;449773;23635;76.3;74.9;3.9
27;2021-10-26;174;252;850;458554;450025;24485;76.3;74.9;4.1
27;2021-10-27;189;320;822;458743;450345;25307;76.4;75.0;4.2
27;2021-10-28;139;176;745;458882;450521;26052;76.4;75.0;4.3
27;2021-10-29;257;440;1256;459139;450961;27308;76.4;75.1;4.5
27;2021-10-30;156;231;438;459295;451192;27746;76.5;75.1;4.6
27;2021-10-31;6;13;13;459301;451205;27759;76.5;75.1;4.6
27;2021-11-01;17;13;22;459318;451218;27781;76.5;75.1;4.6
27;2021-11-02;194;289;855;459512;451507;28636;76.5;75.2;4.8
27;2021-11-03;185;362;1080;459697;451869;29716;76.5;75.2;4.9
27;2021-11-04;167;201;751;459864;452070;30467;76.6;75.3;5.1
27;2021-11-05;255;346;1475;460119;452416;31942;76.6;75.3;5.3
27;2021-11-06;202;358;695;460321;452774;32637;76.6;75.4;5.4
27;2021-11-07;22;30;83;460343;452804;32720;76.6;75.4;5.4
27;2021-11-08;126;208;1044;460469;453012;33764;76.7;75.4;5.6
27;2021-11-09;181;284;1434;460650;453296;35198;76.7;75.5;5.9
27;2021-11-10;241;324;1719;460891;453620;36917;76.7;75.5;6.1
27;2021-11-11;10;12;35;460901;453632;36952;76.7;75.5;6.2
27;2021-11-12;219;290;1624;461120;453922;38576;76.8;75.6;6.4
27;2021-11-13;198;260;893;461318;454182;39469;76.8;75.6;6.6
27;2021-11-14;11;19;51;461329;454201;39520;76.8;75.6;6.6
27;2021-11-15;128;181;1328;461457;454382;40848;76.8;75.6;6.8
27;2021-11-16;182;231;2413;461639;454613;43261;76.9;75.7;7.2
27;2021-11-17;231;247;1909;461870;454860;45170;76.9;75.7;7.5
27;2021-11-18;148;133;1390;462018;454993;46560;76.9;75.7;7.8
27;2021-11-19;230;274;2213;462248;455267;48773;77.0;75.8;8.1
27;2021-11-20;234;269;914;462482;455536;49687;77.0;75.8;8.3
27;2021-11-21;3;7;69;462485;455543;49756;77.0;75.8;8.3
27;2021-11-22;187;108;1644;462672;455651;51400;77.0;75.9;8.6
27;2021-11-23;229;195;2495;462901;455846;53895;77.1;75.9;9.0
27;2021-11-24;257;277;2253;463158;456123;56148;77.1;75.9;9.3
27;2021-11-25;124;123;1751;463282;456246;57899;77.1;76.0;9.6
27;2021-11-26;232;298;3275;463514;456544;61174;77.2;76.0;10.2
27;2021-11-27;197;261;1713;463711;456805;62887;77.2;76.0;10.5
27;2021-11-28;9;16;149;463720;456821;63036;77.2;76.0;10.5
27;2021-11-29;141;137;2921;463861;456958;65957;77.2;76.1;11.0
27;2021-11-30;184;193;5103;464045;457151;71060;77.3;76.1;11.8
27;2021-12-01;185;222;4646;464230;457373;75706;77.3;76.1;12.6
27;2021-12-02;165;99;4428;464395;457472;80134;77.3;76.2;13.3
27;2021-12-03;166;247;5782;464561;457719;85916;77.3;76.2;14.3
27;2021-12-04;204;280;4472;464765;457999;90388;77.4;76.2;15.0
27;2021-12-05;31;36;1178;464796;458035;91566;77.4;76.3;15.2
27;2021-12-06;111;171;4835;464907;458206;96401;77.4;76.3;16.0
27;2021-12-07;148;196;6928;465055;458402;103329;77.4;76.3;17.2
27;2021-12-08;164;235;5762;465219;458637;109091;77.4;76.4;18.2
27;2021-12-09;160;151;7255;465379;458788;116346;77.5;76.4;19.4
27;2021-12-10;160;213;7191;465539;459001;123537;77.5;76.4;20.6
27;2021-12-11;193;288;5245;465732;459289;128782;77.5;76.5;21.4
27;2021-12-12;39;29;1267;465771;459318;130049;77.5;76.5;21.7
27;2021-12-13;117;185;5318;465888;459503;135367;77.6;76.5;22.5
27;2021-12-14;176;267;7655;466064;459770;143022;77.6;76.5;23.8
27;2021-12-15;155;265;5866;466219;460035;148888;77.6;76.6;24.8
28;2020-12-27;0;0;0;0;0;0;0.0;0.0;0.0
28;2020-12-28;0;0;0;0;0;0;0.0;0.0;0.0
28;2020-12-29;0;0;0;0;0;0;0.0;0.0;0.0
28;2020-12-30;1;0;0;1;0;0;0.0;0.0;0.0
28;2020-12-31;0;0;0;1;0;0;0.0;0.0;0.0
28;2021-01-01;1;0;0;2;0;0;0.0;0.0;0.0
28;2021-01-02;0;0;0;2;0;0;0.0;0.0;0.0
28;2021-01-03;0;0;0;2;0;0;0.0;0.0;0.0
28;2021-01-04;2;0;0;4;0;0;0.0;0.0;0.0
28;2021-01-05;14;0;0;18;0;0;0.0;0.0;0.0
28;2021-01-06;84;0;0;102;0;0;0.0;0.0;0.0
28;2021-01-07;116;0;0;218;0;0;0.1;0.0;0.0
28;2021-01-08;157;2;0;375;2;0;0.1;0.0;0.0
28;2021-01-09;78;0;0;453;2;0;0.1;0.0;0.0
28;2021-01-10;7;0;0;460;2;0;0.1;0.0;0.0
28;2021-01-11;196;1;0;656;3;0;0.2;0.0;0.0
28;2021-01-12;287;2;0;943;5;0;0.2;0.0;0.0
28;2021-01-13;391;3;0;1334;8;0;0.3;0.0;0.0
28;2021-01-14;449;6;0;1783;14;0;0.4;0.0;0.0
28;2021-01-15;403;4;0;2186;18;0;0.5;0.0;0.0
28;2021-01-16;191;2;0;2377;20;0;0.6;0.0;0.0
28;2021-01-17;34;0;0;2411;20;0;0.6;0.0;0.0
28;2021-01-18;416;2;0;2827;22;0;0.7;0.0;0.0
28;2021-01-19;504;3;0;3331;25;0;0.8;0.0;0.0
28;2021-01-20;644;3;0;3975;28;0;0.9;0.0;0.0
28;2021-01-21;826;3;0;4801;31;0;1.1;0.0;0.0
28;2021-01-22;517;2;0;5318;33;0;1.2;0.0;0.0
28;2021-01-23;307;0;0;5625;33;0;1.3;0.0;0.0
28;2021-01-24;11;0;0;5636;33;0;1.3;0.0;0.0
28;2021-01-25;454;5;0;6090;38;0;1.4;0.0;0.0
28;2021-01-26;685;10;0;6775;48;0;1.6;0.0;0.0
28;2021-01-27;1124;54;0;7899;102;0;1.8;0.0;0.0
28;2021-01-28;1460;97;0;9359;199;0;2.2;0.0;0.0
28;2021-01-29;841;101;0;10200;300;0;2.4;0.1;0.0
28;2021-01-30;225;54;0;10425;354;0;2.4;0.1;0.0
28;2021-01-31;1;21;0;10426;375;0;2.4;0.1;0.0
28;2021-02-01;338;97;0;10764;472;0;2.5;0.1;0.0
28;2021-02-02;378;203;0;11142;675;0;2.6;0.2;0.0
28;2021-02-03;466;247;0;11608;922;0;2.7;0.2;0.0
28;2021-02-04;475;252;0;12083;1174;0;2.8;0.3;0.0
28;2021-02-05;405;227;0;12488;1401;0;2.9;0.3;0.0
28;2021-02-06;197;118;0;12685;1519;0;3.0;0.4;0.0
28;2021-02-07;4;4;0;12689;1523;0;3.0;0.4;0.0
28;2021-02-08;314;237;0;13003;1760;0;3.0;0.4;0.0
28;2021-02-09;305;350;0;13308;2110;0;3.1;0.5;0.0
28;2021-02-10;463;424;0;13771;2534;0;3.2;0.6;0.0
28;2021-02-11;575;535;0;14346;3069;0;3.3;0.7;0.0
28;2021-02-12;464;414;0;14810;3483;0;3.4;0.8;0.0
28;2021-02-13;146;192;0;14956;3675;0;3.5;0.9;0.0
28;2021-02-14;0;11;0;14956;3686;0;3.5;0.9;0.0
28;2021-02-15;301;475;0;15257;4161;0;3.6;1.0;0.0
28;2021-02-16;379;704;0;15636;4865;0;3.6;1.1;0.0
28;2021-02-17;566;1078;0;16202;5943;0;3.8;1.4;0.0
28;2021-02-18;694;1393;0;16896;7336;0;3.9;1.7;0.0
28;2021-02-19;577;773;0;17473;8109;0;4.1;1.9;0.0
28;2021-02-20;113;152;0;17586;8261;0;4.1;1.9;0.0
28;2021-02-21;6;35;0;17592;8296;0;4.1;1.9;0.0
28;2021-02-22;248;492;0;17840;8788;0;4.2;2.0;0.0
28;2021-02-23;219;430;0;18059;9218;0;4.2;2.1;0.0
28;2021-02-24;279;463;0;18338;9681;0;4.3;2.3;0.0
28;2021-02-25;567;441;0;18905;10122;0;4.4;2.4;0.0
28;2021-02-26;754;379;0;19659;10501;0;4.6;2.4;0.0
28;2021-02-27;277;76;0;19936;10577;0;4.6;2.5;0.0
28;2021-02-28;22;22;0;19958;10599;0;4.6;2.5;0.0
28;2021-03-01;307;247;0;20265;10846;0;4.7;2.5;0.0
28;2021-03-02;421;300;0;20686;11146;0;4.8;2.6;0.0
28;2021-03-03;439;398;0;21125;11544;0;4.9;2.7;0.0
28;2021-03-04;720;425;0;21845;11969;0;5.1;2.8;0.0
28;2021-03-05;1377;389;0;23222;12358;0;5.4;2.9;0.0
28;2021-03-06;2025;104;0;25247;12462;0;5.9;2.9;0.0
28;2021-03-07;981;46;0;26228;12508;0;6.1;2.9;0.0
28;2021-03-08;448;296;0;26676;12804;0;6.2;3.0;0.0
28;2021-03-09;1030;330;0;27706;13134;0;6.5;3.1;0.0
28;2021-03-10;1386;544;0;29092;13678;0;6.8;3.2;0.0
28;2021-03-11;1558;669;0;30650;14347;0;7.1;3.3;0.0
28;2021-03-12;2314;591;0;32964;14938;0;7.7;3.5;0.0
28;2021-03-13;1124;82;0;34088;15020;0;7.9;3.5;0.0
28;2021-03-14;505;23;0;34593;15043;0;8.1;3.5;0.0
28;2021-03-15;828;244;0;35421;15287;0;8.2;3.6;0.0
28;2021-03-16;778;229;0;36199;15516;0;8.4;3.6;0.0
28;2021-03-17;801;300;0;37000;15816;0;8.6;3.7;0.0
28;2021-03-18;1222;276;0;38222;16092;0;8.9;3.7;0.0
28;2021-03-19;1587;318;0;39809;16410;0;9.3;3.8;0.0
28;2021-03-20;684;28;0;40493;16438;0;9.4;3.8;0.0
28;2021-03-21;18;9;0;40511;16447;0;9.4;3.8;0.0
28;2021-03-22;865;333;0;41376;16780;0;9.6;3.9;0.0
28;2021-03-23;1135;205;0;42511;16985;0;9.9;4.0;0.0
28;2021-03-24;1373;265;0;43884;17250;0;10.2;4.0;0.0
28;2021-03-25;1810;294;0;45694;17544;0;10.6;4.1;0.0
28;2021-03-26;2196;344;0;47890;17888;0;11.2;4.2;0.0
28;2021-03-27;499;50;0;48389;17938;0;11.3;4.2;0.0
28;2021-03-28;41;3;0;48430;17941;0;11.3;4.2;0.0
28;2021-03-29;1175;385;0;49605;18326;0;11.6;4.3;0.0
28;2021-03-30;1794;279;0;51399;18605;0;12.0;4.3;0.0
28;2021-03-31;2019;477;0;53418;19082;0;12.4;4.4;0.0
28;2021-04-01;1918;629;0;55336;19711;0;12.9;4.6;0.0
28;2021-04-02;1672;1330;0;57008;21041;0;13.3;4.9;0.0
28;2021-04-03;636;1072;0;57644;22113;0;13.4;5.1;0.0
28;2021-04-04;58;307;0;57702;22420;0;13.4;5.2;0.0
28;2021-04-05;65;4;0;57767;22424;0;13.5;5.2;0.0
28;2021-04-06;1242;556;0;59009;22980;0;13.7;5.4;0.0
28;2021-04-07;1850;1051;0;60859;24031;0;14.2;5.6;0.0
28;2021-04-08;2111;1116;0;62970;25147;0;14.7;5.9;0.0
28;2021-04-09;3271;941;0;66241;26088;0;15.4;6.1;0.0
28;2021-04-10;1655;196;0;67896;26284;0;15.8;6.1;0.0
28;2021-04-11;157;441;0;68053;26725;0;15.8;6.2;0.0
28;2021-04-12;1692;637;0;69745;27362;0;16.2;6.4;0.0
28;2021-04-13;1995;732;0;71740;28094;0;16.7;6.5;0.0
28;2021-04-14;2858;964;0;74598;29058;0;17.4;6.8;0.0
28;2021-04-15;2562;1214;0;77160;30272;0;18.0;7.0;0.0
28;2021-04-16;2524;886;0;79684;31158;0;18.6;7.3;0.0
28;2021-04-17;2232;188;0;81916;31346;0;19.1;7.3;0.0
28;2021-04-18;48;9;0;81964;31355;0;19.1;7.3;0.0
28;2021-04-19;1558;714;0;83522;32069;0;19.4;7.5;0.0
28;2021-04-20;1824;728;0;85346;32797;0;19.9;7.6;0.0
28;2021-04-21;2602;972;0;87948;33769;0;20.5;7.9;0.0
28;2021-04-22;1836;1239;0;89784;35008;0;20.9;8.2;0.0
28;2021-04-23;2337;1146;0;92121;36154;0;21.5;8.4;0.0
28;2021-04-24;3453;208;0;95574;36362;0;22.3;8.5;0.0
28;2021-04-25;901;71;0;96475;36433;0;22.5;8.5;0.0
28;2021-04-26;1345;947;0;97820;37380;0;22.8;8.7;0.0
28;2021-04-27;1520;1386;0;99340;38766;0;23.1;9.0;0.0
28;2021-04-28;2450;1795;0;101790;40561;0;23.7;9.4;0.0
28;2021-04-29;2261;1499;0;104051;42060;0;24.2;9.8;0.0
28;2021-04-30;3069;1257;0;107120;43317;0;24.9;10.1;0.0
28;2021-05-01;251;141;0;107371;43458;0;25.0;10.1;0.0
28;2021-05-02;188;103;0;107559;43561;0;25.0;10.1;0.0
28;2021-05-03;1321;1077;0;108880;44638;0;25.4;10.4;0.0
28;2021-05-04;1593;1691;0;110473;46329;0;25.7;10.8;0.0
28;2021-05-05;3035;1666;0;113508;47995;0;26.4;11.2;0.0
28;2021-05-06;2620;1481;0;116128;49476;0;27.0;11.5;0.0
28;2021-05-07;2442;1990;0;118570;51466;0;27.6;12.0;0.0
28;2021-05-08;1445;161;0;120015;51627;0;27.9;12.0;0.0
28;2021-05-09;237;624;0;120252;52251;0;28.0;12.2;0.0
28;2021-05-10;1524;1927;0;121776;54178;0;28.4;12.6;0.0
28;2021-05-11;2238;2347;0;124014;56525;0;28.9;13.2;0.0
28;2021-05-12;2730;3185;0;126744;59710;0;29.5;13.9;0.0
28;2021-05-13;696;449;0;127440;60159;0;29.7;14.0;0.0
28;2021-05-14;2157;1574;0;129597;61733;0;30.2;14.4;0.0
28;2021-05-15;1580;1629;0;131177;63362;0;30.5;14.8;0.0
28;2021-05-16;1970;142;0;133147;63504;0;31.0;14.8;0.0
28;2021-05-17;2779;1478;0;135926;64982;0;31.7;15.1;0.0
28;2021-05-18;3187;1339;0;139113;66321;0;32.4;15.4;0.0
28;2021-05-19;4661;1322;0;143774;67643;0;33.5;15.8;0.0
28;2021-05-20;3957;1266;0;147731;68909;0;34.4;16.0;0.0
28;2021-05-21;3321;1594;0;151052;70503;0;35.2;16.4;0.0
28;2021-05-22;878;1145;0;151930;71648;0;35.4;16.7;0.0
28;2021-05-23;1903;137;0;153833;71785;0;35.8;16.7;0.0
28;2021-05-24;1663;390;0;155496;72175;0;36.2;16.8;0.0
28;2021-05-25;2016;1428;0;157512;73603;0;36.7;17.1;0.0
28;2021-05-26;2675;1370;0;160187;74973;0;37.3;17.5;0.0
28;2021-05-27;2908;1268;0;163095;76241;0;38.0;17.8;0.0
28;2021-05-28;3187;1833;0;166282;78074;0;38.7;18.2;0.0
28;2021-05-29;2029;946;0;168311;79020;0;39.2;18.4;0.0
28;2021-05-30;76;60;0;168387;79080;0;39.2;18.4;0.0
28;2021-05-31;2336;1010;0;170723;80090;0;39.8;18.7;0.0
28;2021-06-01;2633;1763;0;173356;81853;0;40.4;19.1;0.0
28;2021-06-02;2443;2466;0;175799;84319;0;40.9;19.6;0.0
28;2021-06-03;2909;1650;0;178708;85969;0;41.6;20.0;0.0
28;2021-06-04;2808;2453;0;181516;88422;0;42.3;20.6;0.0
28;2021-06-05;2001;2493;0;183517;90915;0;42.7;21.2;0.0
28;2021-06-06;1077;946;0;184594;91861;0;43.0;21.4;0.0
28;2021-06-07;3477;1690;0;188071;93551;0;43.8;21.8;0.0
28;2021-06-08;3230;1650;0;191301;95201;0;44.5;22.2;0.0
28;2021-06-09;3724;2249;0;195025;97450;0;45.4;22.7;0.0
28;2021-06-10;3161;1477;0;198186;98927;0;46.2;23.0;0.0
28;2021-06-11;3738;2309;0;201924;101236;0;47.0;23.6;0.0
28;2021-06-12;1300;679;0;203224;101915;0;47.3;23.7;0.0
28;2021-06-13;389;230;0;203613;102145;0;47.4;23.8;0.0
28;2021-06-14;2152;2276;0;205765;104421;0;47.9;24.3;0.0
28;2021-06-15;2080;2468;0;207845;106889;0;48.4;24.9;0.0
28;2021-06-16;2486;4039;0;210331;110928;0;49.0;25.8;0.0
28;2021-06-17;1978;3232;0;212309;114160;0;49.4;26.6;0.0
28;2021-06-18;2461;3836;0;214770;117996;0;50.0;27.5;0.0
28;2021-06-19;819;1881;0;215589;119877;0;50.2;27.9;0.0
28;2021-06-20;60;150;0;215649;120027;0;50.2;28.0;0.0
28;2021-06-21;1684;2226;0;217333;122253;0;50.6;28.5;0.0
28;2021-06-22;1350;2387;0;218683;124640;0;50.9;29.0;0.0
28;2021-06-23;1721;3212;0;220404;127852;0;51.3;29.8;0.0
28;2021-06-24;814;1333;0;221218;129185;0;51.5;30.1;0.0
28;2021-06-25;1871;3253;0;223089;132438;0;52.0;30.8;0.0
28;2021-06-26;403;2134;0;223492;134572;0;52.0;31.3;0.0
28;2021-06-27;499;1195;0;223991;135767;0;52.2;31.6;0.0
28;2021-06-28;1181;3570;0;225172;139337;0;52.4;32.4;0.0
28;2021-06-29;1267;3674;0;226439;143011;0;52.7;33.3;0.0
28;2021-06-30;1421;3999;0;227860;147010;0;53.1;34.2;0.0
28;2021-07-01;1242;3397;0;229102;150407;0;53.4;35.0;0.0
28;2021-07-02;1323;4504;0;230425;154911;0;53.7;36.1;0.0
28;2021-07-03;1106;2439;0;231531;157350;0;53.9;36.6;0.0
28;2021-07-04;184;1267;0;231715;158617;0;54.0;36.9;0.0
28;2021-07-05;1342;2786;0;233057;161403;0;54.3;37.6;0.0
28;2021-07-06;1528;3073;0;234585;164476;0;54.6;38.3;0.0
28;2021-07-07;1556;4024;0;236141;168500;0;55.0;39.2;0.0
28;2021-07-08;1486;3377;0;237627;171877;0;55.3;40.0;0.0
28;2021-07-09;1326;4618;0;238953;176495;0;55.6;41.1;0.0
28;2021-07-10;484;2265;0;239437;178760;0;55.8;41.6;0.0
28;2021-07-11;45;95;0;239482;178855;0;55.8;41.6;0.0
28;2021-07-12;1306;4025;0;240788;182880;0;56.1;42.6;0.0
28;2021-07-13;2004;4284;0;242792;187164;0;56.5;43.6;0.0
28;2021-07-14;1160;1431;0;243952;188595;0;56.8;43.9;0.0
28;2021-07-15;2589;4034;0;246541;192629;0;57.4;44.9;0.0
28;2021-07-16;2288;4813;0;248829;197442;0;57.9;46.0;0.0
28;2021-07-17;1375;2507;0;250204;199949;0;58.3;46.6;0.0
28;2021-07-18;397;955;0;250601;200904;0;58.4;46.8;0.0
28;2021-07-19;1766;4178;0;252367;205082;0;58.8;47.8;0.0
28;2021-07-20;2388;4040;0;254755;209122;0;59.3;48.7;0.0
28;2021-07-21;2749;4325;0;257504;213447;0;60.0;49.7;0.0
28;2021-07-22;3382;3542;0;260886;216989;0;60.8;50.5;0.0
28;2021-07-23;2904;3953;0;263790;220942;0;61.4;51.5;0.0
28;2021-07-24;1790;1423;0;265580;222365;0;61.8;51.8;0.0
28;2021-07-25;146;109;0;265726;222474;0;61.9;51.8;0.0
28;2021-07-26;2745;3201;0;268471;225675;0;62.5;52.6;0.0
28;2021-07-27;3528;2577;0;271999;228252;0;63.3;53.2;0.0
28;2021-07-28;3723;2626;0;275722;230878;0;64.2;53.8;0.0
28;2021-07-29;4025;2117;0;279747;232995;0;65.1;54.3;0.0
28;2021-07-30;3520;2764;0;283267;235759;0;66.0;54.9;0.0
28;2021-07-31;891;811;0;284158;236570;0;66.2;55.1;0.0
28;2021-08-01;410;97;0;284568;236667;0;66.3;55.1;0.0
28;2021-08-02;1715;1448;0;286283;238115;0;66.7;55.4;0.0
28;2021-08-03;2549;2030;0;288832;240145;0;67.3;55.9;0.0
28;2021-08-04;2024;2114;0;290856;242259;0;67.7;56.4;0.0
28;2021-08-05;1806;1773;0;292662;244032;0;68.2;56.8;0.0
28;2021-08-06;1745;2064;0;294407;246096;0;68.6;57.3;0.0
28;2021-08-07;893;1143;0;295300;247239;0;68.8;57.6;0.0
28;2021-08-08;84;97;0;295384;247336;0;68.8;57.6;0.0
28;2021-08-09;1409;1303;0;296793;248639;0;69.1;57.9;0.0
28;2021-08-10;1818;2017;0;298611;250656;0;69.5;58.4;0.0
28;2021-08-11;1408;1821;0;300019;252477;0;69.9;58.8;0.0
28;2021-08-12;1351;2064;0;301370;254541;0;70.2;59.3;0.0
28;2021-08-13;1416;1808;0;302786;256349;0;70.5;59.7;0.0
28;2021-08-14;726;1008;0;303512;257357;0;70.7;59.9;0.0
28;2021-08-15;254;100;0;303766;257457;0;70.7;60.0;0.0
28;2021-08-16;958;2080;0;304724;259537;0;71.0;60.4;0.0
28;2021-08-17;1189;2756;0;305913;262293;0;71.2;61.1;0.0
28;2021-08-18;911;2498;0;306824;264791;0;71.4;61.7;0.0
28;2021-08-19;931;2638;0;307755;267429;0;71.7;62.3;0.0
28;2021-08-20;928;2709;0;308683;270138;0;71.9;62.9;0.0
28;2021-08-21;440;1195;0;309123;271333;0;72.0;63.2;0.0
28;2021-08-22;38;102;0;309161;271435;0;72.0;63.2;0.0
28;2021-08-23;986;2060;0;310147;273495;0;72.2;63.7;0.0
28;2021-08-24;872;2595;0;311019;276090;0;72.4;64.3;0.0
28;2021-08-25;997;2237;0;312016;278327;0;72.7;64.8;0.0
28;2021-08-26;731;1984;0;312747;280311;0;72.8;65.3;0.0
28;2021-08-27;788;2426;0;313535;282737;0;73.0;65.8;0.0
28;2021-08-28;546;1249;0;314081;283986;0;73.1;66.1;0.0
28;2021-08-29;43;81;0;314124;284067;0;73.1;66.2;0.0
28;2021-08-30;928;2030;23;315052;286097;23;73.4;66.6;0.0
28;2021-08-31;744;2205;54;315796;288302;77;73.5;67.1;0.0
28;2021-09-01;754;2286;174;316550;290588;251;73.7;67.7;0.1
28;2021-09-02;582;1986;170;317132;292574;421;73.9;68.1;0.1
28;2021-09-03;723;2322;211;317855;294896;632;74.0;68.7;0.1
28;2021-09-04;611;2313;95;318466;297209;727;74.2;69.2;0.2
28;2021-09-05;178;145;97;318644;297354;824;74.2;69.2;0.2
28;2021-09-06;441;1300;241;319085;298654;1065;74.3;69.5;0.2
28;2021-09-07;385;1376;166;319470;300030;1231;74.4;69.9;0.3
28;2021-09-08;554;1392;180;320024;301422;1411;74.5;70.2;0.3
28;2021-09-09;344;1047;166;320368;302469;1577;74.6;70.4;0.4
28;2021-09-10;606;1381;242;320974;303850;1819;74.7;70.8;0.4
28;2021-09-11;332;1217;75;321306;305067;1894;74.8;71.0;0.4
28;2021-09-12;53;58;29;321359;305125;1923;74.8;71.1;0.4
28;2021-09-13;328;715;308;321687;305840;2231;74.9;71.2;0.5
28;2021-09-14;363;895;341;322050;306735;2572;75.0;71.4;0.6
28;2021-09-15;539;1034;392;322589;307769;2964;75.1;71.7;0.7
28;2021-09-16;277;735;404;322866;308504;3368;75.2;71.8;0.8
28;2021-09-17;319;1042;391;323185;309546;3759;75.3;72.1;0.9
28;2021-09-18;180;359;83;323365;309905;3842;75.3;72.2;0.9
28;2021-09-19;15;29;5;323380;309934;3847;75.3;72.2;0.9
28;2021-09-20;167;487;298;323547;310421;4145;75.3;72.3;1.0
28;2021-09-21;321;874;430;323868;311295;4575;75.4;72.5;1.1
28;2021-09-22;330;977;521;324198;312272;5096;75.5;72.7;1.2
28;2021-09-23;189;498;492;324387;312770;5588;75.5;72.8;1.3
28;2021-09-24;257;967;405;324644;313737;5993;75.6;73.1;1.4
28;2021-09-25;134;423;129;324778;314160;6122;75.6;73.2;1.4
28;2021-09-26;22;49;15;324800;314209;6137;75.6;73.2;1.4
28;2021-09-27;165;680;363;324965;314889;6500;75.7;73.3;1.5
28;2021-09-28;172;466;629;325137;315355;7129;75.7;73.4;1.7
28;2021-09-29;363;733;399;325500;316088;7528;75.8;73.6;1.8
28;2021-09-30;238;452;711;325738;316540;8239;75.9;73.7;1.9
28;2021-10-01;302;697;484;326040;317237;8723;75.9;73.9;2.0
28;2021-10-02;119;222;76;326159;317459;8799;76.0;73.9;2.0
28;2021-10-03;8;22;4;326167;317481;8803;76.0;73.9;2.0
28;2021-10-04;157;255;447;326324;317736;9250;76.0;74.0;2.2
28;2021-10-05;175;394;580;326499;318130;9830;76.0;74.1;2.3
28;2021-10-06;221;626;504;326720;318756;10334;76.1;74.2;2.4
28;2021-10-07;136;294;490;326856;319050;10824;76.1;74.3;2.5
28;2021-10-08;260;516;544;327116;319566;11368;76.2;74.4;2.6
28;2021-10-09;98;204;164;327214;319770;11532;76.2;74.5;2.7
28;2021-10-10;12;26;14;327226;319796;11546;76.2;74.5;2.7
28;2021-10-11;166;226;440;327392;320022;11986;76.2;74.5;2.8
28;2021-10-12;174;322;534;327566;320344;12520;76.3;74.6;2.9
28;2021-10-13;200;406;590;327766;320750;13110;76.3;74.7;3.1
28;2021-10-14;170;263;552;327936;321013;13662;76.4;74.8;3.2
28;2021-10-15;228;374;644;328164;321387;14306;76.4;74.8;3.3
28;2021-10-16;77;160;124;328241;321547;14430;76.4;74.9;3.4
28;2021-10-17;22;22;51;328263;321569;14481;76.4;74.9;3.4
28;2021-10-18;131;142;328;328394;321711;14809;76.5;74.9;3.4
28;2021-10-19;176;261;634;328570;321972;15443;76.5;75.0;3.6
28;2021-10-20;188;413;748;328758;322385;16191;76.6;75.1;3.8
28;2021-10-21;130;173;579;328888;322558;16770;76.6;75.1;3.9
28;2021-10-22;220;302;597;329108;322860;17367;76.6;75.2;4.0
28;2021-10-23;73;126;132;329181;322986;17499;76.7;75.2;4.1
28;2021-10-24;5;13;7;329186;322999;17506;76.7;75.2;4.1
28;2021-10-25;166;204;601;329352;323203;18107;76.7;75.3;4.2
28;2021-10-26;97;181;540;329449;323384;18647;76.7;75.3;4.3
28;2021-10-27;152;228;671;329601;323612;19318;76.8;75.4;4.5
28;2021-10-28;99;158;656;329700;323770;19974;76.8;75.4;4.7
28;2021-10-29;201;270;777;329901;324040;20751;76.8;75.5;4.8
28;2021-10-30;63;79;113;329964;324119;20864;76.8;75.5;4.9
28;2021-10-31;5;8;8;329969;324127;20872;76.8;75.5;4.9
28;2021-11-01;31;33;63;330000;324160;20935;76.8;75.5;4.9
28;2021-11-02;160;216;684;330160;324376;21619;76.9;75.5;5.0
28;2021-11-03;152;221;879;330312;324597;22498;76.9;75.6;5.2
28;2021-11-04;93;174;874;330405;324771;23372;76.9;75.6;5.4
28;2021-11-05;143;231;1001;330548;325002;24373;77.0;75.7;5.7
28;2021-11-06;81;114;280;330629;325116;24653;77.0;75.7;5.7
28;2021-11-07;3;27;32;330632;325143;24685;77.0;75.7;5.7
28;2021-11-08;117;175;1233;330749;325318;25918;77.0;75.8;6.0
28;2021-11-09;128;212;1223;330877;325530;27141;77.1;75.8;6.3
28;2021-11-10;159;205;1634;331036;325735;28775;77.1;75.9;6.7
28;2021-11-11;37;55;241;331073;325790;29016;77.1;75.9;6.8
28;2021-11-12;129;174;1184;331202;325964;30200;77.1;75.9;7.0
28;2021-11-13;68;79;377;331270;326043;30577;77.1;75.9;7.1
28;2021-11-14;3;2;8;331273;326045;30585;77.1;75.9;7.1
28;2021-11-15;119;166;1502;331392;326211;32087;77.2;76.0;7.5
28;2021-11-16;133;156;1793;331525;326367;33880;77.2;76.0;7.9
28;2021-11-17;163;202;1728;331688;326569;35608;77.2;76.0;8.3
28;2021-11-18;139;151;1633;331827;326720;37241;77.3;76.1;8.7
28;2021-11-19;198;250;1877;332025;326970;39118;77.3;76.1;9.1
28;2021-11-20;91;127;474;332116;327097;39592;77.3;76.2;9.2
28;2021-11-21;24;10;145;332140;327107;39737;77.3;76.2;9.3
28;2021-11-22;152;116;1755;332292;327223;41492;77.4;76.2;9.7
28;2021-11-23;127;123;1551;332419;327346;43043;77.4;76.2;10.0
28;2021-11-24;171;205;1559;332590;327551;44602;77.5;76.3;10.4
28;2021-11-25;140;143;2293;332730;327694;46895;77.5;76.3;10.9
28;2021-11-26;175;217;2898;332905;327911;49793;77.5;76.4;11.6
28;2021-11-27;66;99;780;332971;328010;50573;77.5;76.4;11.8
28;2021-11-28;3;11;74;332974;328021;50647;77.5;76.4;11.8
28;2021-11-29;127;123;2902;333101;328144;53549;77.6;76.4;12.5
28;2021-11-30;97;143;3631;333198;328287;57180;77.6;76.4;13.3
28;2021-12-01;127;179;3748;333325;328466;60928;77.6;76.5;14.2
28;2021-12-02;106;104;4305;333431;328570;65233;77.6;76.5;15.2
28;2021-12-03;142;181;5016;333573;328751;70249;77.7;76.6;16.4
28;2021-12-04;59;74;1506;333632;328825;71755;77.7;76.6;16.7
28;2021-12-05;20;21;990;333652;328846;72745;77.7;76.6;16.9
28;2021-12-06;100;149;4447;333752;328995;77192;77.7;76.6;18.0
28;2021-12-07;102;137;4778;333854;329132;81970;77.7;76.6;19.1
28;2021-12-08;148;166;4465;334002;329298;86435;77.8;76.7;20.1
28;2021-12-09;95;125;5595;334097;329423;92030;77.8;76.7;21.4
28;2021-12-10;122;193;5445;334219;329616;97475;77.8;76.8;22.7
28;2021-12-11;65;68;2039;334284;329684;99514;77.8;76.8;23.2
28;2021-12-12;14;12;397;334298;329696;99911;77.8;76.8;23.3
28;2021-12-13;101;134;4636;334399;329830;104547;77.9;76.8;24.3
28;2021-12-14;106;157;7527;334505;329987;112074;77.9;76.8;26.1
28;2021-12-15;116;207;6864;334621;330194;118938;77.9;76.9;27.7
29;2020-12-27;0;0;0;0;0;0;0.0;0.0;0.0
29;2020-12-28;0;0;0;0;0;0;0.0;0.0;0.0
29;2020-12-29;0;0;0;0;0;0;0.0;0.0;0.0
29;2020-12-30;0;0;0;0;0;0;0.0;0.0;0.0
29;2020-12-31;1;0;0;1;0;0;0.0;0.0;0.0
29;2021-01-01;4;0;0;5;0;0;0.0;0.0;0.0
29;2021-01-02;2;0;0;7;0;0;0.0;0.0;0.0
29;2021-01-03;1;0;0;8;0;0;0.0;0.0;0.0
29;2021-01-04;34;0;0;42;0;0;0.0;0.0;0.0
29;2021-01-05;33;0;0;75;0;0;0.0;0.0;0.0
29;2021-01-06;43;0;0;118;0;0;0.0;0.0;0.0
29;2021-01-07;151;0;0;269;0;0;0.0;0.0;0.0
29;2021-01-08;407;1;0;676;1;0;0.1;0.0;0.0
29;2021-01-09;2;0;0;678;1;0;0.1;0.0;0.0
29;2021-01-10;5;0;0;683;1;0;0.1;0.0;0.0
29;2021-01-11;669;0;0;1352;1;0;0.1;0.0;0.0
29;2021-01-12;1125;0;0;2477;1;0;0.3;0.0;0.0
29;2021-01-13;1086;2;0;3563;3;0;0.4;0.0;0.0
29;2021-01-14;933;5;0;4496;8;0;0.5;0.0;0.0
29;2021-01-15;1278;7;0;5774;15;0;0.6;0.0;0.0
29;2021-01-16;174;1;0;5948;16;0;0.7;0.0;0.0
29;2021-01-17;115;1;0;6063;17;0;0.7;0.0;0.0
29;2021-01-18;919;5;0;6982;22;0;0.8;0.0;0.0
29;2021-01-19;1354;5;0;8336;27;0;0.9;0.0;0.0
29;2021-01-20;2365;3;0;10701;30;0;1.2;0.0;0.0
29;2021-01-21;5543;19;0;16244;49;0;1.8;0.0;0.0
29;2021-01-22;3714;8;0;19958;57;0;2.2;0.0;0.0
29;2021-01-23;537;0;0;20495;57;0;2.3;0.0;0.0
29;2021-01-24;191;0;0;20686;57;0;2.3;0.0;0.0
29;2021-01-25;607;7;0;21293;64;0;2.3;0.0;0.0
29;2021-01-26;960;33;0;22253;97;0;2.5;0.0;0.0
29;2021-01-27;1354;52;0;23607;149;0;2.6;0.0;0.0
29;2021-01-28;893;139;0;24500;288;0;2.7;0.0;0.0
29;2021-01-29;833;204;0;25333;492;0;2.8;0.1;0.0
29;2021-01-30;279;4;0;25612;496;0;2.8;0.1;0.0
29;2021-01-31;67;3;0;25679;499;0;2.8;0.1;0.0
29;2021-02-01;435;441;0;26114;940;0;2.9;0.1;0.0
29;2021-02-02;925;804;0;27039;1744;0;3.0;0.2;0.0
29;2021-02-03;833;870;0;27872;2614;0;3.1;0.3;0.0
29;2021-02-04;948;629;0;28820;3243;0;3.2;0.4;0.0
29;2021-02-05;724;596;0;29544;3839;0;3.3;0.4;0.0
29;2021-02-06;267;105;0;29811;3944;0;3.3;0.4;0.0
29;2021-02-07;75;108;0;29886;4052;0;3.3;0.4;0.0
29;2021-02-08;379;462;0;30265;4514;0;3.3;0.5;0.0
29;2021-02-09;886;832;0;31151;5346;0;3.4;0.6;0.0
29;2021-02-10;1155;1032;0;32306;6378;0;3.6;0.7;0.0
29;2021-02-11;1798;4094;0;34104;10472;0;3.8;1.2;0.0
29;2021-02-12;2310;2505;0;36414;12977;0;4.0;1.4;0.0
29;2021-02-13;623;375;0;37037;13352;0;4.1;1.5;0.0
29;2021-02-14;12;226;0;37049;13578;0;4.1;1.5;0.0
29;2021-02-15;288;1028;0;37337;14606;0;4.1;1.6;0.0
29;2021-02-16;915;1038;0;38252;15644;0;4.2;1.7;0.0
29;2021-02-17;866;902;0;39118;16546;0;4.3;1.8;0.0
29;2021-02-18;1536;876;0;40654;17422;0;4.5;1.9;0.0
29;2021-02-19;1385;1040;0;42039;18462;0;4.6;2.0;0.0
29;2021-02-20;208;360;0;42247;18822;0;4.7;2.1;0.0
29;2021-02-21;155;161;0;42402;18983;0;4.7;2.1;0.0
29;2021-02-22;777;581;0;43179;19564;0;4.8;2.2;0.0
29;2021-02-23;1248;907;0;44427;20471;0;4.9;2.3;0.0
29;2021-02-24;1475;896;0;45902;21367;0;5.1;2.4;0.0
29;2021-02-25;2451;948;0;48353;22315;0;5.3;2.5;0.0
29;2021-02-26;2714;766;0;51067;23081;0;5.6;2.5;0.0
29;2021-02-27;1278;275;0;52345;23356;0;5.8;2.6;0.0
29;2021-02-28;191;69;0;52536;23425;0;5.8;2.6;0.0
29;2021-03-01;942;485;0;53478;23910;0;5.9;2.6;0.0
29;2021-03-02;1834;845;0;55312;24755;0;6.1;2.7;0.0
29;2021-03-03;2126;1051;0;57438;25806;0;6.3;2.8;0.0
29;2021-03-04;2843;1602;0;60281;27408;0;6.6;3.0;0.0
29;2021-03-05;3546;1693;0;63827;29101;0;7.0;3.2;0.0
29;2021-03-06;2008;437;0;65835;29538;0;7.3;3.3;0.0
29;2021-03-07;419;80;0;66254;29618;0;7.3;3.3;0.0
29;2021-03-08;1311;594;0;67565;30212;0;7.5;3.3;0.0
29;2021-03-09;2612;981;0;70177;31193;0;7.7;3.4;0.0
29;2021-03-10;2450;902;0;72627;32095;0;8.0;3.5;0.0
29;2021-03-11;4438;1020;0;77065;33115;0;8.5;3.7;0.0
29;2021-03-12;5252;963;0;82317;34078;0;9.1;3.8;0.0
29;2021-03-13;2799;411;0;85116;34489;0;9.4;3.8;0.0
29;2021-03-14;354;4;0;85470;34493;0;9.4;3.8;0.0
29;2021-03-15;2084;278;0;87554;34771;0;9.7;3.8;0.0
29;2021-03-16;1872;783;0;89426;35554;0;9.9;3.9;0.0
29;2021-03-17;1921;732;0;91347;36286;0;10.1;4.0;0.0
29;2021-03-18;1928;1045;0;93275;37331;0;10.3;4.1;0.0
29;2021-03-19;3322;892;0;96597;38223;0;10.7;4.2;0.0
29;2021-03-20;1934;223;0;98531;38446;0;10.9;4.2;0.0
29;2021-03-21;131;12;0;98662;38458;0;10.9;4.2;0.0
29;2021-03-22;1682;610;0;100344;39068;0;11.1;4.3;0.0
29;2021-03-23;3531;1062;0;103875;40130;0;11.5;4.4;0.0
29;2021-03-24;3856;1005;0;107731;41135;0;11.9;4.5;0.0
29;2021-03-25;4887;1069;0;112618;42204;0;12.4;4.7;0.0
29;2021-03-26;5386;1172;0;118004;43376;0;13.0;4.8;0.0
29;2021-03-27;2484;324;0;120488;43700;0;13.3;4.8;0.0
29;2021-03-28;180;47;0;120668;43747;0;13.3;4.8;0.0
29;2021-03-29;2125;835;0;122793;44582;0;13.5;4.9;0.0
29;2021-03-30;4133;1362;0;126926;45944;0;14.0;5.1;0.0
29;2021-03-31;4138;1169;0;131064;47113;0;14.5;5.2;0.0
29;2021-04-01;5216;1168;0;136280;48281;0;15.0;5.3;0.0
29;2021-04-02;4917;1193;0;141197;49474;0;15.6;5.5;0.0
29;2021-04-03;2669;541;0;143866;50015;0;15.9;5.5;0.0
29;2021-04-04;146;31;0;144012;50046;0;15.9;5.5;0.0
29;2021-04-05;927;313;0;144939;50359;0;16.0;5.6;0.0
29;2021-04-06;3352;1275;0;148291;51634;0;16.4;5.7;0.0
29;2021-04-07;3783;996;0;152074;52630;0;16.8;5.8;0.0
29;2021-04-08;5341;2026;0;157415;54656;0;17.4;6.0;0.0
29;2021-04-09;6828;1586;0;164243;56242;0;18.1;6.2;0.0
29;2021-04-10;3554;713;0;167797;56955;0;18.5;6.3;0.0
29;2021-04-11;116;74;0;167913;57029;0;18.5;6.3;0.0
29;2021-04-12;4001;1526;0;171914;58555;0;19.0;6.5;0.0
29;2021-04-13;5986;1811;0;177900;60366;0;19.6;6.7;0.0
29;2021-04-14;4883;1777;0;182783;62143;0;20.2;6.9;0.0
29;2021-04-15;7223;1793;0;190006;63936;0;21.0;7.1;0.0
29;2021-04-16;6692;1395;0;196698;65331;0;21.7;7.2;0.0
29;2021-04-17;3751;1014;0;200449;66345;0;22.1;7.3;0.0
29;2021-04-18;462;43;0;200911;66388;0;22.2;7.3;0.0
29;2021-04-19;3938;1481;0;204849;67869;0;22.6;7.5;0.0
29;2021-04-20;4474;2241;0;209323;70110;0;23.1;7.7;0.0
29;2021-04-21;4444;2291;0;213767;72401;0;23.6;8.0;0.0
29;2021-04-22;6696;2911;0;220463;75312;0;24.3;8.3;0.0
29;2021-04-23;6099;2282;0;226562;77594;0;25.0;8.6;0.0
29;2021-04-24;3953;1424;0;230515;79018;0;25.4;8.7;0.0
29;2021-04-25;424;159;0;230939;79177;0;25.5;8.7;0.0
29;2021-04-26;5339;1955;0;236278;81132;0;26.1;8.9;0.0
29;2021-04-27;5409;3348;0;241687;84480;0;26.7;9.3;0.0
29;2021-04-28;5520;3089;0;247207;87569;0;27.3;9.7;0.0
29;2021-04-29;6626;3530;0;253833;91099;0;28.0;10.0;0.0
29;2021-04-30;6270;4102;0;260103;95201;0;28.7;10.5;0.0
29;2021-05-01;1973;954;0;262076;96155;0;28.9;10.6;0.0
29;2021-05-02;1219;168;0;263295;96323;0;29.0;10.6;0.0
29;2021-05-03;4541;2369;0;267836;98692;0;29.5;10.9;0.0
29;2021-05-04;4189;3884;0;272025;102576;0;30.0;11.3;0.0
29;2021-05-05;4607;3565;0;276632;106141;0;30.5;11.7;0.0
29;2021-05-06;6192;3828;0;282824;109969;0;31.2;12.1;0.0
29;2021-05-07;5979;4691;0;288803;114660;0;31.9;12.6;0.0
29;2021-05-08;2101;557;0;290904;115217;0;32.1;12.7;0.0
29;2021-05-09;1672;146;0;292576;115363;0;32.3;12.7;0.0
29;2021-05-10;4870;3810;0;297446;119173;0;32.8;13.1;0.0
29;2021-05-11;4832;5105;0;302278;124278;0;33.3;13.7;0.0
29;2021-05-12;5180;4480;0;307458;128758;0;33.9;14.2;0.0
29;2021-05-13;3405;1494;0;310863;130252;0;34.3;14.4;0.0
29;2021-05-14;5768;3980;0;316631;134232;0;34.9;14.8;0.0
29;2021-05-15;4127;2271;0;320758;136503;0;35.4;15.1;0.0
29;2021-05-16;1529;281;0;322287;136784;0;35.6;15.1;0.0
29;2021-05-17;5506;3120;0;327793;139904;0;36.2;15.4;0.0
29;2021-05-18;5756;3118;0;333549;143022;0;36.8;15.8;0.0
29;2021-05-19;6105;3022;0;339654;146044;0;37.5;16.1;0.0
29;2021-05-20;7122;4613;0;346776;150657;0;38.3;16.6;0.0
29;2021-05-21;7115;3888;0;353891;154545;0;39.0;17.0;0.0
29;2021-05-22;5337;2082;0;359228;156627;0;39.6;17.3;0.0
29;2021-05-23;1635;69;0;360863;156696;0;39.8;17.3;0.0
29;2021-05-24;3586;544;0;364449;157240;0;40.2;17.3;0.0
29;2021-05-25;5850;3146;0;370299;160386;0;40.8;17.7;0.0
29;2021-05-26;5868;3173;0;376167;163559;0;41.5;18.0;0.0
29;2021-05-27;6748;4100;0;382915;167659;0;42.2;18.5;0.0
29;2021-05-28;6526;4627;0;389441;172286;0;43.0;19.0;0.0
29;2021-05-29;4345;2796;0;393786;175082;0;43.4;19.3;0.0
29;2021-05-30;1107;364;0;394893;175446;0;43.6;19.4;0.0
29;2021-05-31;6218;3604;0;401111;179050;0;44.2;19.8;0.0
29;2021-06-01;6621;4429;0;407732;183479;0;45.0;20.2;0.0
29;2021-06-02;6169;4148;0;413901;187627;0;45.7;20.7;0.0
29;2021-06-03;7598;4483;0;421499;192110;0;46.5;21.2;0.0
29;2021-06-04;6880;6151;0;428379;198261;0;47.3;21.9;0.0
29;2021-06-05;5495;3034;0;433874;201295;0;47.9;22.2;0.0
29;2021-06-06;1266;531;0;435140;201826;0;48.0;22.3;0.0
29;2021-06-07;4749;5538;0;439889;207364;0;48.5;22.9;0.0
29;2021-06-08;7080;5194;0;446969;212558;0;49.3;23.4;0.0
29;2021-06-09;6434;4704;0;453403;217262;0;50.0;24.0;0.0
29;2021-06-10;7727;4962;0;461130;222224;0;50.9;24.5;0.0
29;2021-06-11;8201;5753;0;469331;227977;0;51.8;25.1;0.0
29;2021-06-12;6368;2737;0;475699;230714;0;52.5;25.4;0.0
29;2021-06-13;2222;1329;0;477921;232043;0;52.7;25.6;0.0
29;2021-06-14;3971;6280;0;481892;238323;0;53.2;26.3;0.0
29;2021-06-15;5331;6107;0;487223;244430;0;53.7;27.0;0.0
29;2021-06-16;5425;5610;0;492648;250040;0;54.3;27.6;0.0
29;2021-06-17;6194;6294;0;498842;256334;0;55.0;28.3;0.0
29;2021-06-18;6004;7449;0;504846;263783;0;55.7;29.1;0.0
29;2021-06-19;4537;3479;0;509383;267262;0;56.2;29.5;0.0
29;2021-06-20;850;1426;0;510233;268688;0;56.3;29.6;0.0
29;2021-06-21;3642;6478;0;513875;275166;0;56.7;30.4;0.0
29;2021-06-22;4304;6357;0;518179;281523;0;57.2;31.1;0.0
29;2021-06-23;4468;6146;0;522647;287669;0;57.7;31.7;0.0
29;2021-06-24;4584;6690;0;527231;294359;0;58.2;32.5;0.0
29;2021-06-25;3508;7490;0;530739;301849;0;58.5;33.3;0.0
29;2021-06-26;2045;4074;0;532784;305923;0;58.8;33.7;0.0
29;2021-06-27;934;1574;0;533718;307497;0;58.9;33.9;0.0
29;2021-06-28;2669;6808;0;536387;314305;0;59.2;34.7;0.0
29;2021-06-29;2723;7650;0;539110;321955;0;59.5;35.5;0.0
29;2021-06-30;2929;7362;0;542039;329317;0;59.8;36.3;0.0
29;2021-07-01;3669;8227;0;545708;337544;0;60.2;37.2;0.0
29;2021-07-02;3418;9417;0;549126;346961;0;60.6;38.3;0.0
29;2021-07-03;2277;5978;0;551403;352939;0;60.8;38.9;0.0
29;2021-07-04;807;1707;0;552210;354646;0;60.9;39.1;0.0
29;2021-07-05;1836;7169;0;554046;361815;0;61.1;39.9;0.0
29;2021-07-06;1601;8056;0;555647;369871;0;61.3;40.8;0.0
29;2021-07-07;1756;6975;0;557403;376846;0;61.5;41.6;0.0
29;2021-07-08;2414;8031;0;559817;384877;0;61.8;42.5;0.0
29;2021-07-09;2585;8969;0;562402;393846;0;62.0;43.4;0.0
29;2021-07-10;1862;6004;0;564264;399850;0;62.2;44.1;0.0
29;2021-07-11;447;1072;0;564711;400922;0;62.3;44.2;0.0
29;2021-07-12;1972;8152;0;566683;409074;0;62.5;45.1;0.0
29;2021-07-13;2798;8606;0;569481;417680;0;62.8;46.1;0.0
29;2021-07-14;2054;3323;0;571535;421003;0;63.0;46.4;0.0
29;2021-07-15;3807;9447;0;575342;430450;0;63.5;47.5;0.0
29;2021-07-16;4495;9040;0;579837;439490;0;64.0;48.5;0.0
29;2021-07-17;3186;5979;0;583023;445469;0;64.3;49.1;0.0
29;2021-07-18;650;1071;0;583673;446540;0;64.4;49.3;0.0
29;2021-07-19;3182;7381;0;586855;453921;0;64.7;50.1;0.0
29;2021-07-20;3671;9184;0;590526;463105;0;65.1;51.1;0.0
29;2021-07-21;3698;7664;0;594224;470769;0;65.5;51.9;0.0
29;2021-07-22;3584;8340;0;597808;479109;0;65.9;52.8;0.0
29;2021-07-23;4121;10374;0;601929;489483;0;66.4;54.0;0.0
29;2021-07-24;2514;5782;0;604443;495265;0;66.7;54.6;0.0
29;2021-07-25;651;2295;0;605094;497560;0;66.7;54.9;0.0
29;2021-07-26;3416;6943;0;608510;504503;0;67.1;55.7;0.0
29;2021-07-27;3865;6935;0;612375;511438;0;67.5;56.4;0.0
29;2021-07-28;4287;5807;0;616662;517245;0;68.0;57.1;0.0
29;2021-07-29;5671;6108;0;622333;523353;0;68.6;57.7;0.0
29;2021-07-30;5376;6226;0;627709;529579;0;69.2;58.4;0.0
29;2021-07-31;2973;4680;0;630682;534259;0;69.6;58.9;0.0
29;2021-08-01;703;861;0;631385;535120;0;69.6;59.0;0.0
29;2021-08-02;4223;4932;0;635608;540052;0;70.1;59.6;0.0
29;2021-08-03;5373;4133;0;640981;544185;0;70.7;60.0;0.0
29;2021-08-04;5523;3500;0;646504;547685;0;71.3;60.4;0.0
29;2021-08-05;6286;3769;0;652790;551454;0;72.0;60.8;0.0
29;2021-08-06;5798;4092;0;658588;555546;0;72.6;61.3;0.0
29;2021-08-07;3916;2726;1;662504;558272;1;73.1;61.6;0.0
29;2021-08-08;835;676;0;663339;558948;1;73.2;61.7;0.0
29;2021-08-09;3034;4409;0;666373;563357;1;73.5;62.1;0.0
29;2021-08-10;4271;3666;0;670644;567023;1;74.0;62.5;0.0
29;2021-08-11;3856;3082;0;674500;570105;1;74.4;62.9;0.0
29;2021-08-12;4436;4257;0;678936;574362;1;74.9;63.4;0.0
29;2021-08-13;4071;3646;0;683007;578008;1;75.3;63.8;0.0
29;2021-08-14;2705;2682;0;685712;580690;1;75.6;64.1;0.0
29;2021-08-15;355;422;0;686067;581112;1;75.7;64.1;0.0
29;2021-08-16;3096;4213;0;689163;585325;1;76.0;64.6;0.0
29;2021-08-17;4087;3344;0;693250;588669;1;76.5;64.9;0.0
29;2021-08-18;3476;3585;0;696726;592254;1;76.9;65.3;0.0
29;2021-08-19;3604;4402;0;700330;596656;1;77.3;65.8;0.0
29;2021-08-20;3247;4493;0;703577;601149;1;77.6;66.3;0.0
29;2021-08-21;2071;3021;0;705648;604170;1;77.8;66.6;0.0
29;2021-08-22;221;422;0;705869;604592;1;77.9;66.7;0.0
29;2021-08-23;2243;4446;0;708112;609038;1;78.1;67.2;0.0
29;2021-08-24;2356;4836;0;710468;613874;1;78.4;67.7;0.0
29;2021-08-25;2058;4204;0;712526;618078;1;78.6;68.2;0.0
29;2021-08-26;2167;5220;0;714693;623298;1;78.8;68.8;0.0
29;2021-08-27;1876;5755;0;716569;629053;1;79.0;69.4;0.0
29;2021-08-28;1360;3857;0;717929;632910;1;79.2;69.8;0.0
29;2021-08-29;384;1265;0;718313;634175;1;79.2;70.0;0.0
29;2021-08-30;1369;4127;65;719682;638302;66;79.4;70.4;0.0
29;2021-08-31;1438;4321;116;721120;642623;182;79.5;70.9;0.0
29;2021-09-01;1313;3747;229;722433;646370;411;79.7;71.3;0.0
29;2021-09-02;1069;3958;338;723502;650328;749;79.8;71.7;0.1
29;2021-09-03;1369;4691;500;724871;655019;1249;80.0;72.3;0.1
29;2021-09-04;1321;3679;257;726192;658698;1506;80.1;72.7;0.2
29;2021-09-05;195;658;44;726387;659356;1550;80.1;72.7;0.2
29;2021-09-06;703;3251;361;727090;662607;1911;80.2;73.1;0.2
29;2021-09-07;867;3342;570;727957;665949;2481;80.3;73.5;0.3
29;2021-09-08;846;3368;487;728803;669317;2968;80.4;73.8;0.3
29;2021-09-09;900;3311;487;729703;672628;3455;80.5;74.2;0.4
29;2021-09-10;1154;4270;729;730857;676898;4184;80.6;74.7;0.5
29;2021-09-11;662;3309;197;731519;680207;4381;80.7;75.0;0.5
29;2021-09-12;109;391;28;731628;680598;4409;80.7;75.1;0.5
29;2021-09-13;794;3082;679;732422;683680;5088;80.8;75.4;0.6
29;2021-09-14;714;2910;1100;733136;686590;6188;80.9;75.7;0.7
29;2021-09-15;690;3160;696;733826;689750;6884;80.9;76.1;0.8
29;2021-09-16;802;2614;1380;734628;692364;8264;81.0;76.4;0.9
29;2021-09-17;855;3069;978;735483;695433;9242;81.1;76.7;1.0
29;2021-09-18;564;3300;502;736047;698733;9744;81.2;77.1;1.1
29;2021-09-19;68;370;38;736115;699103;9782;81.2;77.1;1.1
29;2021-09-20;448;2038;795;736563;701141;10577;81.2;77.3;1.2
29;2021-09-21;431;1774;1143;736994;702915;11720;81.3;77.5;1.3
29;2021-09-22;362;2150;1212;737356;705065;12932;81.3;77.8;1.4
29;2021-09-23;443;1672;1774;737799;706737;14706;81.4;78.0;1.6
29;2021-09-24;461;2104;1367;738260;708841;16073;81.4;78.2;1.8
29;2021-09-25;338;2584;401;738598;711425;16474;81.5;78.5;1.8
29;2021-09-26;51;216;27;738649;711641;16501;81.5;78.5;1.8
29;2021-09-27;305;1499;752;738954;713140;17253;81.5;78.7;1.9
29;2021-09-28;247;1437;785;739201;714577;18038;81.5;78.8;2.0
29;2021-09-29;394;1611;1053;739595;716188;19091;81.6;79.0;2.1
29;2021-09-30;296;1219;1078;739891;717407;20169;81.6;79.1;2.2
29;2021-10-01;504;1445;1305;740395;718852;21474;81.7;79.3;2.4
29;2021-10-02;339;1565;362;740734;720417;21836;81.7;79.5;2.4
29;2021-10-03;13;35;10;740747;720452;21846;81.7;79.5;2.4
29;2021-10-04;313;1199;675;741060;721651;22521;81.7;79.6;2.5
29;2021-10-05;231;1002;861;741291;722653;23382;81.8;79.7;2.6
29;2021-10-06;316;1102;1014;741607;723755;24396;81.8;79.8;2.7
29;2021-10-07;283;877;895;741890;724632;25291;81.8;79.9;2.8
29;2021-10-08;459;1208;1382;742349;725840;26673;81.9;80.1;2.9
29;2021-10-09;313;934;518;742662;726774;27191;81.9;80.2;3.0
29;2021-10-10;5;18;11;742667;726792;27202;81.9;80.2;3.0
29;2021-10-11;277;836;917;742944;727628;28119;82.0;80.3;3.1
29;2021-10-12;229;580;977;743173;728208;29096;82.0;80.3;3.2
29;2021-10-13;293;723;1120;743466;728931;30216;82.0;80.4;3.3
29;2021-10-14;276;639;1119;743742;729570;31335;82.0;80.5;3.5
29;2021-10-15;362;702;1260;744104;730272;32595;82.1;80.6;3.6
29;2021-10-16;303;575;639;744407;730847;33234;82.1;80.6;3.7
29;2021-10-17;13;27;29;744420;730874;33263;82.1;80.6;3.7
29;2021-10-18;206;520;858;744626;731394;34121;82.1;80.7;3.8
29;2021-10-19;203;348;948;744829;731742;35069;82.2;80.7;3.9
29;2021-10-20;306;524;1490;745135;732266;36559;82.2;80.8;4.0
29;2021-10-21;217;397;1143;745352;732663;37702;82.2;80.8;4.2
29;2021-10-22;307;554;1439;745659;733217;39141;82.3;80.9;4.3
29;2021-10-23;274;445;931;745933;733662;40072;82.3;80.9;4.4
29;2021-10-24;1;16;3;745934;733678;40075;82.3;80.9;4.4
29;2021-10-25;168;327;842;746102;734005;40917;82.3;81.0;4.5
29;2021-10-26;172;260;964;746274;734265;41881;82.3;81.0;4.6
29;2021-10-27;317;408;1841;746591;734673;43722;82.4;81.0;4.8
29;2021-10-28;268;329;1397;746859;735002;45119;82.4;81.1;5.0
29;2021-10-29;266;418;1667;747125;735420;46786;82.4;81.1;5.2
29;2021-10-30;209;376;1258;747334;735796;48044;82.4;81.2;5.3
29;2021-10-31;6;14;20;747340;735810;48064;82.4;81.2;5.3
29;2021-11-01;23;8;22;747363;735818;48086;82.4;81.2;5.3
29;2021-11-02;168;272;1205;747531;736090;49291;82.5;81.2;5.4
29;2021-11-03;195;267;1381;747726;736357;50672;82.5;81.2;5.6
29;2021-11-04;212;354;1555;747938;736711;52227;82.5;81.3;5.8
29;2021-11-05;272;393;2464;748210;737104;54691;82.5;81.3;6.0
29;2021-11-06;258;397;1382;748468;737501;56073;82.6;81.4;6.2
29;2021-11-07;10;28;66;748478;737529;56139;82.6;81.4;6.2
29;2021-11-08;157;272;1817;748635;737801;57956;82.6;81.4;6.4
29;2021-11-09;161;261;2249;748796;738062;60205;82.6;81.4;6.6
29;2021-11-10;220;323;2830;749016;738385;63035;82.6;81.4;7.0
29;2021-11-11;8;13;62;749024;738398;63097;82.6;81.5;7.0
29;2021-11-12;201;357;2467;749225;738755;65564;82.6;81.5;7.2
29;2021-11-13;243;329;1683;749468;739084;67247;82.7;81.5;7.4
29;2021-11-14;11;11;70;749479;739095;67317;82.7;81.5;7.4
29;2021-11-15;180;218;2743;749659;739313;70060;82.7;81.6;7.7
29;2021-11-16;195;208;3385;749854;739521;73445;82.7;81.6;8.1
29;2021-11-17;303;316;3369;750157;739837;76814;82.7;81.6;8.5
29;2021-11-18;241;280;3918;750398;740117;80732;82.8;81.6;8.9
29;2021-11-19;338;422;5075;750736;740539;85807;82.8;81.7;9.5
29;2021-11-20;310;283;2357;751046;740822;88164;82.8;81.7;9.7
29;2021-11-21;35;23;134;751081;740845;88298;82.9;81.7;9.7
29;2021-11-22;213;177;3247;751294;741022;91545;82.9;81.7;10.1
29;2021-11-23;223;178;3779;751517;741200;95324;82.9;81.8;10.5
29;2021-11-24;296;287;3995;751813;741487;99319;82.9;81.8;11.0
29;2021-11-25;264;207;4793;752077;741694;104112;83.0;81.8;11.5
29;2021-11-26;325;443;7222;752402;742137;111334;83.0;81.9;12.3
29;2021-11-27;265;292;4024;752667;742429;115358;83.0;81.9;12.7
29;2021-11-28;21;21;404;752688;742450;115762;83.0;81.9;12.8
29;2021-11-29;180;204;4751;752868;742654;120513;83.0;81.9;13.3
29;2021-11-30;248;218;7932;753116;742872;128445;83.1;81.9;14.2
29;2021-12-01;213;235;7515;753329;743107;135960;83.1;82.0;15.0
29;2021-12-02;217;211;9732;753546;743318;145692;83.1;82.0;16.1
29;2021-12-03;218;283;10392;753764;743601;156084;83.1;82.0;17.2
29;2021-12-04;144;330;4898;753908;743931;160982;83.2;82.1;17.8
29;2021-12-05;12;27;778;753920;743958;161760;83.2;82.1;17.8
29;2021-12-06;170;268;7783;754090;744226;169543;83.2;82.1;18.7
29;2021-12-07;213;250;10975;754303;744476;180518;83.2;82.1;19.9
29;2021-12-08;194;328;9054;754497;744804;189572;83.2;82.2;20.9
29;2021-12-09;228;247;12310;754725;745051;201882;83.3;82.2;22.3
29;2021-12-10;275;398;13766;755000;745449;215648;83.3;82.2;23.8
29;2021-12-11;172;364;7252;755172;745813;222900;83.3;82.3;24.6
29;2021-12-12;40;64;1667;755212;745877;224567;83.3;82.3;24.8
29;2021-12-13;196;243;8759;755408;746120;233326;83.3;82.3;25.7
29;2021-12-14;217;291;13037;755625;746411;246363;83.4;82.3;27.2
29;2021-12-15;272;283;12160;755897;746694;258523;83.4;82.4;28.5
2A;2020-12-27;0;0;0;0;0;0;0.0;0.0;0.0
2A;2020-12-28;0;0;0;0;0;0;0.0;0.0;0.0
2A;2020-12-29;0;0;0;0;0;0;0.0;0.0;0.0
2A;2020-12-30;0;0;0;0;0;0;0.0;0.0;0.0
2A;2020-12-31;0;0;0;0;0;0;0.0;0.0;0.0
2A;2021-01-01;0;0;0;0;0;0;0.0;0.0;0.0
2A;2021-01-02;0;0;0;0;0;0;0.0;0.0;0.0
2A;2021-01-03;0;0;0;0;0;0;0.0;0.0;0.0
2A;2021-01-04;0;0;0;0;0;0;0.0;0.0;0.0
2A;2021-01-05;1;0;0;1;0;0;0.0;0.0;0.0
2A;2021-01-06;6;0;0;7;0;0;0.0;0.0;0.0
2A;2021-01-07;109;1;0;116;1;0;0.1;0.0;0.0
2A;2021-01-08;108;1;0;224;2;0;0.1;0.0;0.0
2A;2021-01-09;38;0;0;262;2;0;0.2;0.0;0.0
2A;2021-01-10;28;0;0;290;2;0;0.2;0.0;0.0
2A;2021-01-11;76;0;0;366;2;0;0.2;0.0;0.0
2A;2021-01-12;82;0;0;448;2;0;0.3;0.0;0.0
2A;2021-01-13;114;1;0;562;3;0;0.3;0.0;0.0
2A;2021-01-14;191;1;0;753;4;0;0.5;0.0;0.0
2A;2021-01-15;135;0;0;888;4;0;0.5;0.0;0.0
2A;2021-01-16;141;2;0;1029;6;0;0.6;0.0;0.0
2A;2021-01-17;72;1;0;1101;7;0;0.7;0.0;0.0
2A;2021-01-18;193;2;0;1294;9;0;0.8;0.0;0.0
2A;2021-01-19;461;5;0;1755;14;0;1.1;0.0;0.0
2A;2021-01-20;349;2;0;2104;16;0;1.3;0.0;0.0
2A;2021-01-21;435;1;0;2539;17;0;1.6;0.0;0.0
2A;2021-01-22;353;0;0;2892;17;0;1.8;0.0;0.0
2A;2021-01-23;171;0;0;3063;17;0;1.9;0.0;0.0
2A;2021-01-24;110;1;0;3173;18;0;2.0;0.0;0.0
2A;2021-01-25;206;0;0;3379;18;0;2.1;0.0;0.0
2A;2021-01-26;400;9;0;3779;27;0;2.3;0.0;0.0
2A;2021-01-27;295;6;0;4074;33;0;2.5;0.0;0.0
2A;2021-01-28;317;72;0;4391;105;0;2.7;0.1;0.0
2A;2021-01-29;329;59;0;4720;164;0;2.9;0.1;0.0
2A;2021-01-30;112;33;0;4832;197;0;3.0;0.1;0.0
2A;2021-01-31;73;11;0;4905;208;0;3.0;0.1;0.0
2A;2021-02-01;214;50;0;5119;258;0;3.2;0.2;0.0
2A;2021-02-02;282;117;0;5401;375;0;3.3;0.2;0.0
2A;2021-02-03;257;72;0;5658;447;0;3.5;0.3;0.0
2A;2021-02-04;247;128;0;5905;575;0;3.6;0.4;0.0
2A;2021-02-05;260;96;0;6165;671;0;3.8;0.4;0.0
2A;2021-02-06;115;58;0;6280;729;0;3.9;0.4;0.0
2A;2021-02-07;49;45;0;6329;774;0;3.9;0.5;0.0
2A;2021-02-08;95;191;0;6424;965;0;4.0;0.6;0.0
2A;2021-02-09;147;285;0;6571;1250;0;4.0;0.8;0.0
2A;2021-02-10;170;214;0;6741;1464;0;4.2;0.9;0.0
2A;2021-02-11;292;324;0;7033;1788;0;4.3;1.1;0.0
2A;2021-02-12;319;283;0;7352;2071;0;4.5;1.3;0.0
2A;2021-02-13;211;58;0;7563;2129;0;4.7;1.3;0.0
2A;2021-02-14;114;70;0;7677;2199;0;4.7;1.4;0.0
2A;2021-02-15;187;180;0;7864;2379;0;4.8;1.5;0.0
2A;2021-02-16;359;319;0;8223;2698;0;5.1;1.7;0.0
2A;2021-02-17;269;181;0;8492;2879;0;5.2;1.8;0.0
2A;2021-02-18;325;198;0;8817;3077;0;5.4;1.9;0.0
2A;2021-02-19;147;287;0;8964;3364;0;5.5;2.1;0.0
2A;2021-02-20;221;117;0;9185;3481;0;5.7;2.1;0.0
2A;2021-02-21;47;42;0;9232;3523;0;5.7;2.2;0.0
2A;2021-02-22;79;203;0;9311;3726;0;5.7;2.3;0.0
2A;2021-02-23;114;284;0;9425;4010;0;5.8;2.5;0.0
2A;2021-02-24;84;280;0;9509;4290;0;5.9;2.6;0.0
2A;2021-02-25;111;258;0;9620;4548;0;5.9;2.8;0.0
2A;2021-02-26;121;251;0;9741;4799;0;6.0;3.0;0.0
2A;2021-02-27;289;66;0;10030;4865;0;6.2;3.0;0.0
2A;2021-02-28;60;54;0;10090;4919;0;6.2;3.0;0.0
2A;2021-03-01;116;140;0;10206;5059;0;6.3;3.1;0.0
2A;2021-03-02;198;269;0;10404;5328;0;6.4;3.3;0.0
2A;2021-03-03;232;242;0;10636;5570;0;6.5;3.4;0.0
2A;2021-03-04;493;206;0;11129;5776;0;6.9;3.6;0.0
2A;2021-03-05;929;287;0;12058;6063;0;7.4;3.7;0.0
2A;2021-03-06;1095;76;0;13153;6139;0;8.1;3.8;0.0
2A;2021-03-07;917;41;0;14070;6180;0;8.7;3.8;0.0
2A;2021-03-08;874;97;0;14944;6277;0;9.2;3.9;0.0
2A;2021-03-09;882;166;0;15826;6443;0;9.7;4.0;0.0
2A;2021-03-10;612;139;0;16438;6582;0;10.1;4.1;0.0
2A;2021-03-11;685;274;0;17123;6856;0;10.5;4.2;0.0
2A;2021-03-12;563;298;0;17686;7154;0;10.9;4.4;0.0
2A;2021-03-13;578;192;0;18264;7346;0;11.2;4.5;0.0
2A;2021-03-14;296;108;0;18560;7454;0;11.4;4.6;0.0
2A;2021-03-15;380;192;0;18940;7646;0;11.7;4.7;0.0
2A;2021-03-16;483;345;0;19423;7991;0;12.0;4.9;0.0
2A;2021-03-17;681;255;0;20104;8246;0;12.4;5.1;0.0
2A;2021-03-18;437;294;0;20541;8540;0;12.6;5.3;0.0
2A;2021-03-19;515;149;0;21056;8689;0;13.0;5.3;0.0
2A;2021-03-20;1006;246;0;22062;8935;0;13.6;5.5;0.0
2A;2021-03-21;632;48;0;22694;8983;0;14.0;5.5;0.0
2A;2021-03-22;333;67;0;23027;9050;0;14.2;5.6;0.0
2A;2021-03-23;493;55;0;23520;9105;0;14.5;5.6;0.0
2A;2021-03-24;825;90;0;24345;9195;0;15.0;5.7;0.0
2A;2021-03-25;900;136;0;25245;9331;0;15.5;5.7;0.0
2A;2021-03-26;1026;151;0;26271;9482;0;16.2;5.8;0.0
2A;2021-03-27;1118;191;0;27389;9673;0;16.9;6.0;0.0
2A;2021-03-28;232;86;0;27621;9759;0;17.0;6.0;0.0
2A;2021-03-29;289;126;0;27910;9885;0;17.2;6.1;0.0
2A;2021-03-30;385;233;0;28295;10118;0;17.4;6.2;0.0
2A;2021-03-31;454;225;0;28749;10343;0;17.7;6.4;0.0
2A;2021-04-01;603;424;0;29352;10767;0;18.1;6.6;0.0
2A;2021-04-02;847;761;0;30199;11528;0;18.6;7.1;0.0
2A;2021-04-03;616;922;0;30815;12450;0;19.0;7.7;0.0
2A;2021-04-04;528;694;0;31343;13144;0;19.3;8.1;0.0
2A;2021-04-05;472;638;0;31815;13782;0;19.6;8.5;0.0
2A;2021-04-06;497;522;0;32312;14304;0;19.9;8.8;0.0
2A;2021-04-07;708;417;0;33020;14721;0;20.3;9.1;0.0
2A;2021-04-08;955;353;0;33975;15074;0;20.9;9.3;0.0
2A;2021-04-09;864;389;0;34839;15463;0;21.4;9.5;0.0
2A;2021-04-10;953;364;0;35792;15827;0;22.0;9.7;0.0
2A;2021-04-11;327;242;0;36119;16069;0;22.2;9.9;0.0
2A;2021-04-12;614;355;0;36733;16424;0;22.6;10.1;0.0
2A;2021-04-13;304;377;0;37037;16801;0;22.8;10.3;0.0
2A;2021-04-14;960;572;0;37997;17373;0;23.4;10.7;0.0
2A;2021-04-15;921;514;0;38918;17887;0;24.0;11.0;0.0
2A;2021-04-16;788;380;0;39706;18267;0;24.4;11.2;0.0
2A;2021-04-17;1213;875;0;40919;19142;0;25.2;11.8;0.0
2A;2021-04-18;868;853;0;41787;19995;0;25.7;12.3;0.0
2A;2021-04-19;230;330;0;42017;20325;0;25.9;12.5;0.0
2A;2021-04-20;305;343;0;42322;20668;0;26.1;12.7;0.0
2A;2021-04-21;647;702;0;42969;21370;0;26.5;13.2;0.0
2A;2021-04-22;794;628;0;43763;21998;0;26.9;13.5;0.0
2A;2021-04-23;875;732;0;44638;22730;0;27.5;14.0;0.0
2A;2021-04-24;1542;914;0;46180;23644;0;28.4;14.6;0.0
2A;2021-04-25;844;277;0;47024;23921;0;29.0;14.7;0.0
2A;2021-04-26;298;218;0;47322;24139;0;29.1;14.9;0.0
2A;2021-04-27;302;355;0;47624;24494;0;29.3;15.1;0.0
2A;2021-04-28;1475;411;0;49099;24905;0;30.2;15.3;0.0
2A;2021-04-29;949;360;0;50048;25265;0;30.8;15.6;0.0
2A;2021-04-30;1019;971;0;51067;26236;0;31.4;16.2;0.0
2A;2021-05-01;867;546;0;51934;26782;0;32.0;16.5;0.0
2A;2021-05-02;573;632;0;52507;27414;0;32.3;16.9;0.0
2A;2021-05-03;543;530;0;53050;27944;0;32.7;17.2;0.0
2A;2021-05-04;667;504;0;53717;28448;0;33.1;17.5;0.0
2A;2021-05-05;880;918;0;54597;29366;0;33.6;18.1;0.0
2A;2021-05-06;786;845;0;55383;30211;0;34.1;18.6;0.0
2A;2021-05-07;948;746;0;56331;30957;0;34.7;19.1;0.0
2A;2021-05-08;372;455;0;56703;31412;0;34.9;19.3;0.0
2A;2021-05-09;635;580;0;57338;31992;0;35.3;19.7;0.0
2A;2021-05-10;373;687;0;57711;32679;0;35.5;20.1;0.0
2A;2021-05-11;502;392;0;58213;33071;0;35.8;20.4;0.0
2A;2021-05-12;696;441;0;58909;33512;0;36.3;20.6;0.0
2A;2021-05-13;665;101;0;59574;33613;0;36.7;20.7;0.0
2A;2021-05-14;558;588;0;60132;34201;0;37.0;21.1;0.0
2A;2021-05-15;623;584;0;60755;34785;0;37.4;21.4;0.0
2A;2021-05-16;548;422;0;61303;35207;0;37.7;21.7;0.0
2A;2021-05-17;449;504;0;61752;35711;0;38.0;22.0;0.0
2A;2021-05-18;494;450;0;62246;36161;0;38.3;22.3;0.0
2A;2021-05-19;635;426;0;62881;36587;0;38.7;22.5;0.0
2A;2021-05-20;581;486;0;63462;37073;0;39.1;22.8;0.0
2A;2021-05-21;420;420;0;63882;37493;0;39.3;23.1;0.0
2A;2021-05-22;338;258;0;64220;37751;0;39.5;23.2;0.0
2A;2021-05-23;390;220;0;64610;37971;0;39.8;23.4;0.0
2A;2021-05-24;84;33;0;64694;38004;0;39.8;23.4;0.0
2A;2021-05-25;338;430;0;65032;38434;0;40.0;23.7;0.0
2A;2021-05-26;341;1060;0;65373;39494;0;40.2;24.3;0.0
2A;2021-05-27;361;1022;0;65734;40516;0;40.5;24.9;0.0
2A;2021-05-28;258;834;0;65992;41350;0;40.6;25.5;0.0
2A;2021-05-29;263;817;0;66255;42167;0;40.8;26.0;0.0
2A;2021-05-30;128;446;0;66383;42613;0;40.9;26.2;0.0
2A;2021-05-31;163;397;0;66546;43010;0;41.0;26.5;0.0
2A;2021-06-01;293;635;0;66839;43645;0;41.2;26.9;0.0
2A;2021-06-02;261;868;0;67100;44513;0;41.3;27.4;0.0
2A;2021-06-03;263;801;0;67363;45314;0;41.5;27.9;0.0
2A;2021-06-04;269;959;0;67632;46273;0;41.6;28.5;0.0
2A;2021-06-05;256;1321;0;67888;47594;0;41.8;29.3;0.0
2A;2021-06-06;130;803;0;68018;48397;0;41.9;29.8;0.0
2A;2021-06-07;143;582;0;68161;48979;0;42.0;30.2;0.0
2A;2021-06-08;297;591;0;68458;49570;0;42.1;30.5;0.0
2A;2021-06-09;302;1198;0;68760;50768;0;42.3;31.3;0.0
2A;2021-06-10;314;780;0;69074;51548;0;42.5;31.7;0.0
2A;2021-06-11;250;913;0;69324;52461;0;42.7;32.3;0.0
2A;2021-06-12;187;611;0;69511;53072;0;42.8;32.7;0.0
2A;2021-06-13;133;679;0;69644;53751;0;42.9;33.1;0.0
2A;2021-06-14;217;790;0;69861;54541;0;43.0;33.6;0.0
2A;2021-06-15;213;467;0;70074;55008;0;43.1;33.9;0.0
2A;2021-06-16;184;679;0;70258;55687;0;43.3;34.3;0.0
2A;2021-06-17;202;513;0;70460;56200;0;43.4;34.6;0.0
2A;2021-06-18;226;713;0;70686;56913;0;43.5;35.0;0.0
2A;2021-06-19;186;572;0;70872;57485;0;43.6;35.4;0.0
2A;2021-06-20;121;586;0;70993;58071;0;43.7;35.8;0.0
2A;2021-06-21;163;674;0;71156;58745;0;43.8;36.2;0.0
2A;2021-06-22;217;697;0;71373;59442;0;43.9;36.6;0.0
2A;2021-06-23;181;489;0;71554;59931;0;44.1;36.9;0.0
2A;2021-06-24;130;330;0;71684;60261;0;44.1;37.1;0.0
2A;2021-06-25;164;434;0;71848;60695;0;44.2;37.4;0.0
2A;2021-06-26;160;714;0;72008;61409;0;44.3;37.8;0.0
2A;2021-06-27;149;645;0;72157;62054;0;44.4;38.2;0.0
2A;2021-06-28;164;556;0;72321;62610;0;44.5;38.5;0.0
2A;2021-06-29;192;586;0;72513;63196;0;44.6;38.9;0.0
2A;2021-06-30;196;421;0;72709;63617;0;44.8;39.2;0.0
2A;2021-07-01;218;433;0;72927;64050;0;44.9;39.4;0.0
2A;2021-07-02;194;334;0;73121;64384;0;45.0;39.6;0.0
2A;2021-07-03;172;520;0;73293;64904;0;45.1;40.0;0.0
2A;2021-07-04;130;501;0;73423;65405;0;45.2;40.3;0.0
2A;2021-07-05;165;222;0;73588;65627;0;45.3;40.4;0.0
2A;2021-07-06;214;334;0;73802;65961;0;45.4;40.6;0.0
2A;2021-07-07;344;507;0;74146;66468;0;45.7;40.9;0.0
2A;2021-07-08;471;512;0;74617;66980;0;45.9;41.2;0.0
2A;2021-07-09;313;351;0;74930;67331;0;46.1;41.5;0.0
2A;2021-07-10;259;313;0;75189;67644;0;46.3;41.6;0.0
2A;2021-07-11;62;104;0;75251;67748;0;46.3;41.7;0.0
2A;2021-07-12;279;313;0;75530;68061;0;46.5;41.9;0.0
2A;2021-07-13;950;441;0;76480;68502;0;47.1;42.2;0.0
2A;2021-07-14;1301;227;0;77781;68729;0;47.9;42.3;0.0
2A;2021-07-15;1092;549;0;78873;69278;0;48.6;42.7;0.0
2A;2021-07-16;871;331;0;79744;69609;0;49.1;42.9;0.0
2A;2021-07-17;865;290;0;80609;69899;0;49.6;43.0;0.0
2A;2021-07-18;427;89;0;81036;69988;0;49.9;43.1;0.0
2A;2021-07-19;696;321;0;81732;70309;0;50.3;43.3;0.0
2A;2021-07-20;900;347;0;82632;70656;0;50.9;43.5;0.0
2A;2021-07-21;1027;492;0;83659;71148;0;51.5;43.8;0.0
2A;2021-07-22;943;503;0;84602;71651;0;52.1;44.1;0.0
2A;2021-07-23;1012;314;0;85614;71965;0;52.7;44.3;0.0
2A;2021-07-24;666;214;0;86280;72179;0;53.1;44.4;0.0
2A;2021-07-25;282;56;0;86562;72235;0;53.3;44.5;0.0
2A;2021-07-26;731;310;0;87293;72545;0;53.7;44.7;0.0
2A;2021-07-27;813;360;0;88106;72905;0;54.2;44.9;0.0
2A;2021-07-28;869;403;0;88975;73308;0;54.8;45.1;0.0
2A;2021-07-29;848;418;0;89823;73726;0;55.3;45.4;0.0
2A;2021-07-30;637;423;0;90460;74149;0;55.7;45.7;0.0
2A;2021-07-31;396;254;0;90856;74403;0;55.9;45.8;0.0
2A;2021-08-01;312;54;0;91168;74457;0;56.1;45.8;0.0
2A;2021-08-02;304;344;0;91472;74801;0;56.3;46.1;0.0
2A;2021-08-03;549;659;0;92021;75460;0;56.7;46.5;0.0
2A;2021-08-04;535;897;0;92556;76357;0;57.0;47.0;0.0
2A;2021-08-05;635;970;0;93191;77327;0;57.4;47.6;0.0
2A;2021-08-06;342;596;0;93533;77923;0;57.6;48.0;0.0
2A;2021-08-07;267;713;0;93800;78636;0;57.8;48.4;0.0
2A;2021-08-08;71;171;0;93871;78807;0;57.8;48.5;0.0
2A;2021-08-09;497;826;0;94368;79633;0;58.1;49.0;0.0
2A;2021-08-10;477;820;0;94845;80453;0;58.4;49.5;0.0
2A;2021-08-11;485;754;0;95330;81207;0;58.7;50.0;0.0
2A;2021-08-12;549;1056;0;95879;82263;0;59.0;50.6;0.0
2A;2021-08-13;397;806;0;96276;83069;0;59.3;51.1;0.0
2A;2021-08-14;338;572;0;96614;83641;0;59.5;51.5;0.0
2A;2021-08-15;27;26;0;96641;83667;0;59.5;51.5;0.0
2A;2021-08-16;402;919;0;97043;84586;0;59.7;52.1;0.0
2A;2021-08-17;647;904;0;97690;85490;0;60.1;52.6;0.0
2A;2021-08-18;424;837;0;98114;86327;0;60.4;53.2;0.0
2A;2021-08-19;341;711;0;98455;87038;0;60.6;53.6;0.0
2A;2021-08-20;293;450;0;98748;87488;0;60.8;53.9;0.0
2A;2021-08-21;182;407;0;98930;87895;0;60.9;54.1;0.0
2A;2021-08-22;115;350;0;99045;88245;0;61.0;54.3;0.0
2A;2021-08-23;286;528;0;99331;88773;0;61.2;54.7;0.0
2A;2021-08-24;279;623;0;99610;89396;0;61.3;55.0;0.0
2A;2021-08-25;324;674;0;99934;90070;0;61.5;55.5;0.0
2A;2021-08-26;309;619;0;100243;90689;0;61.7;55.8;0.0
2A;2021-08-27;208;575;0;100451;91264;0;61.8;56.2;0.0
2A;2021-08-28;213;294;0;100664;91558;0;62.0;56.4;0.0
2A;2021-08-29;78;96;0;100742;91654;0;62.0;56.4;0.0
2A;2021-08-30;236;468;27;100978;92122;27;62.2;56.7;0.0
2A;2021-08-31;168;449;29;101146;92571;56;62.3;57.0;0.0
2A;2021-09-01;333;595;56;101479;93166;112;62.5;57.4;0.1
2A;2021-09-02;258;521;81;101737;93687;193;62.6;57.7;0.1
2A;2021-09-03;210;418;130;101947;94105;323;62.8;57.9;0.2
2A;2021-09-04;130;338;32;102077;94443;355;62.8;58.1;0.2
2A;2021-09-05;28;23;17;102105;94466;372;62.9;58.2;0.2
2A;2021-09-06;109;303;80;102214;94769;452;62.9;58.3;0.3
2A;2021-09-07;192;464;147;102406;95233;599;63.0;58.6;0.4
2A;2021-09-08;206;554;122;102612;95787;721;63.2;59.0;0.4
2A;2021-09-09;198;413;114;102810;96200;835;63.3;59.2;0.5
2A;2021-09-10;171;334;121;102981;96534;956;63.4;59.4;0.6
2A;2021-09-11;130;258;50;103111;96792;1006;63.5;59.6;0.6
2A;2021-09-12;36;66;46;103147;96858;1052;63.5;59.6;0.6
2A;2021-09-13;122;179;57;103269;97037;1109;63.6;59.7;0.7
2A;2021-09-14;212;213;176;103481;97250;1285;63.7;59.9;0.8
2A;2021-09-15;182;457;143;103663;97707;1428;63.8;60.2;0.9
2A;2021-09-16;206;324;175;103869;98031;1603;64.0;60.4;1.0
2A;2021-09-17;127;184;84;103996;98215;1687;64.0;60.5;1.0
2A;2021-09-18;87;250;106;104083;98465;1793;64.1;60.6;1.1
2A;2021-09-19;11;47;14;104094;98512;1807;64.1;60.7;1.1
2A;2021-09-20;44;155;101;104138;98667;1908;64.1;60.7;1.2
2A;2021-09-21;81;222;210;104219;98889;2118;64.2;60.9;1.3
2A;2021-09-22;97;378;225;104316;99267;2343;64.2;61.1;1.4
2A;2021-09-23;85;273;159;104401;99540;2502;64.3;61.3;1.5
2A;2021-09-24;66;269;101;104467;99809;2603;64.3;61.5;1.6
2A;2021-09-25;75;141;41;104542;99950;2644;64.4;61.5;1.6
2A;2021-09-26;14;31;2;104556;99981;2646;64.4;61.6;1.6
2A;2021-09-27;43;104;69;104599;100085;2715;64.4;61.6;1.7
2A;2021-09-28;81;134;133;104680;100219;2848;64.4;61.7;1.8
2A;2021-09-29;115;286;132;104795;100505;2980;64.5;61.9;1.8
2A;2021-09-30;77;201;219;104872;100706;3199;64.6;62.0;2.0
2A;2021-10-01;124;125;209;104996;100831;3408;64.6;62.1;2.1
2A;2021-10-02;83;136;68;105079;100967;3476;64.7;62.2;2.1
2A;2021-10-03;17;38;23;105096;101005;3499;64.7;62.2;2.2
2A;2021-10-04;72;79;107;105168;101084;3606;64.8;62.2;2.2
2A;2021-10-05;51;124;118;105219;101208;3724;64.8;62.3;2.3
2A;2021-10-06;69;128;156;105288;101336;3880;64.8;62.4;2.4
2A;2021-10-07;62;119;147;105350;101455;4027;64.9;62.5;2.5
2A;2021-10-08;70;131;127;105420;101586;4154;64.9;62.5;2.6
2A;2021-10-09;75;220;212;105495;101806;4366;65.0;62.7;2.7
2A;2021-10-10;56;71;171;105551;101877;4537;65.0;62.7;2.8
2A;2021-10-11;44;78;110;105595;101955;4647;65.0;62.8;2.9
2A;2021-10-12;46;70;106;105641;102025;4753;65.0;62.8;2.9
2A;2021-10-13;66;127;234;105707;102152;4987;65.1;62.9;3.1
2A;2021-10-14;73;129;206;105780;102281;5193;65.1;63.0;3.2
2A;2021-10-15;85;94;193;105865;102375;5386;65.2;63.0;3.3
2A;2021-10-16;81;153;331;105946;102528;5717;65.2;63.1;3.5
2A;2021-10-17;38;37;109;105984;102565;5826;65.3;63.1;3.6
2A;2021-10-18;59;82;155;106043;102647;5981;65.3;63.2;3.7
2A;2021-10-19;45;75;207;106088;102722;6188;65.3;63.2;3.8
2A;2021-10-20;82;90;271;106170;102812;6459;65.4;63.3;4.0
2A;2021-10-21;62;79;312;106232;102891;6771;65.4;63.3;4.2
2A;2021-10-22;64;107;287;106296;102998;7058;65.4;63.4;4.3
2A;2021-10-23;60;96;203;106356;103094;7261;65.5;63.5;4.5
2A;2021-10-24;32;45;128;106388;103139;7389;65.5;63.5;4.5
2A;2021-10-25;50;55;181;106438;103194;7570;65.5;63.5;4.7
2A;2021-10-26;40;60;216;106478;103254;7786;65.6;63.6;4.8
2A;2021-10-27;71;93;333;106549;103347;8119;65.6;63.6;5.0
2A;2021-10-28;48;74;276;106597;103421;8395;65.6;63.7;5.2
2A;2021-10-29;53;78;352;106650;103499;8747;65.7;63.7;5.4
2A;2021-10-30;51;81;255;106701;103580;9002;65.7;63.8;5.5
2A;2021-10-31;27;61;96;106728;103641;9098;65.7;63.8;5.6
2A;2021-11-01;14;9;6;106742;103650;9104;65.7;63.8;5.6
2A;2021-11-02;48;49;140;106790;103699;9244;65.7;63.8;5.7
2A;2021-11-03;59;69;340;106849;103768;9584;65.8;63.9;5.9
2A;2021-11-04;54;64;358;106903;103832;9942;65.8;63.9;6.1
2A;2021-11-05;56;94;500;106959;103926;10442;65.9;64.0;6.4
2A;2021-11-06;88;74;303;107047;104000;10745;65.9;64.0;6.6
2A;2021-11-07;30;42;124;107077;104042;10869;65.9;64.1;6.7
2A;2021-11-08;35;73;338;107112;104115;11207;65.9;64.1;6.9
2A;2021-11-09;44;62;448;107156;104177;11655;66.0;64.1;7.2
2A;2021-11-10;72;76;512;107228;104253;12167;66.0;64.2;7.5
2A;2021-11-11;20;12;82;107248;104265;12249;66.0;64.2;7.5
2A;2021-11-12;40;70;518;107288;104335;12767;66.1;64.2;7.9
2A;2021-11-13;69;71;711;107357;104406;13478;66.1;64.3;8.3
2A;2021-11-14;35;53;265;107392;104459;13743;66.1;64.3;8.5
2A;2021-11-15;47;74;537;107439;104533;14280;66.1;64.4;8.8
2A;2021-11-16;60;86;516;107499;104619;14796;66.2;64.4;9.1
2A;2021-11-17;58;79;621;107557;104698;15417;66.2;64.5;9.5
2A;2021-11-18;62;48;662;107619;104746;16079;66.3;64.5;9.9
2A;2021-11-19;74;87;720;107693;104833;16799;66.3;64.5;10.3
2A;2021-11-20;100;83;550;107793;104916;17349;66.4;64.6;10.7
2A;2021-11-21;65;39;370;107858;104955;17719;66.4;64.6;10.9
2A;2021-11-22;55;53;648;107913;105008;18367;66.4;64.7;11.3
2A;2021-11-23;53;62;772;107966;105070;19139;66.5;64.7;11.8
2A;2021-11-24;89;74;731;108055;105144;19870;66.5;64.7;12.2
2A;2021-11-25;75;97;1041;108130;105241;20911;66.6;64.8;12.9
2A;2021-11-26;63;83;1478;108193;105324;22389;66.6;64.8;13.8
2A;2021-11-27;124;109;1470;108317;105433;23859;66.7;64.9;14.7
2A;2021-11-28;66;42;1012;108383;105475;24871;66.7;64.9;15.3
2A;2021-11-29;72;71;1133;108455;105546;26004;66.8;65.0;16.0
2A;2021-11-30;74;58;1260;108529;105604;27264;66.8;65.0;16.8
2A;2021-12-01;91;93;1260;108620;105697;28524;66.9;65.1;17.6
2A;2021-12-02;63;64;1575;108683;105761;30099;66.9;65.1;18.5
2A;2021-12-03;88;81;1729;108771;105842;31828;67.0;65.2;19.6
2A;2021-12-04;90;104;1855;108861;105946;33683;67.0;65.2;20.7
2A;2021-12-05;47;54;947;108908;106000;34630;67.1;65.3;21.3
2A;2021-12-06;76;74;1169;108984;106074;35799;67.1;65.3;22.0
2A;2021-12-07;56;83;1294;109040;106157;37093;67.1;65.4;22.8
2A;2021-12-08;52;92;1266;109092;106249;38359;67.2;65.4;23.6
2A;2021-12-09;56;93;1438;109148;106342;39797;67.2;65.5;24.5
2A;2021-12-10;76;113;1490;109224;106455;41287;67.2;65.5;25.4
2A;2021-12-11;66;99;1469;109290;106554;42756;67.3;65.6;26.3
2A;2021-12-12;55;95;797;109345;106649;43553;67.3;65.7;26.8
2A;2021-12-13;44;75;1127;109389;106724;44680;67.3;65.7;27.5
2A;2021-12-14;47;82;1326;109436;106806;46006;67.4;65.8;28.3
2A;2021-12-15;82;118;1301;109518;106924;47307;67.4;65.8;29.1
2B;2020-12-27;0;0;0;0;0;0;0.0;0.0;0.0
2B;2020-12-28;3;0;0;3;0;0;0.0;0.0;0.0
2B;2020-12-29;0;0;0;3;0;0;0.0;0.0;0.0
2B;2020-12-30;0;0;0;3;0;0;0.0;0.0;0.0
2B;2020-12-31;0;0;0;3;0;0;0.0;0.0;0.0
2B;2021-01-01;0;0;0;3;0;0;0.0;0.0;0.0
2B;2021-01-02;0;0;0;3;0;0;0.0;0.0;0.0
2B;2021-01-03;0;0;0;3;0;0;0.0;0.0;0.0
2B;2021-01-04;1;0;0;4;0;0;0.0;0.0;0.0
2B;2021-01-05;0;0;0;4;0;0;0.0;0.0;0.0
2B;2021-01-06;48;1;0;52;1;0;0.0;0.0;0.0
2B;2021-01-07;203;0;0;255;1;0;0.1;0.0;0.0
2B;2021-01-08;189;5;0;444;6;0;0.2;0.0;0.0
2B;2021-01-09;42;1;0;486;7;0;0.3;0.0;0.0
2B;2021-01-10;5;0;0;491;7;0;0.3;0.0;0.0
2B;2021-01-11;70;0;0;561;7;0;0.3;0.0;0.0
2B;2021-01-12;129;1;0;690;8;0;0.4;0.0;0.0
2B;2021-01-13;95;0;0;785;8;0;0.4;0.0;0.0
2B;2021-01-14;72;0;0;857;8;0;0.5;0.0;0.0
2B;2021-01-15;258;1;0;1115;9;0;0.6;0.0;0.0
2B;2021-01-16;50;0;0;1165;9;0;0.6;0.0;0.0
2B;2021-01-17;10;0;0;1175;9;0;0.6;0.0;0.0
2B;2021-01-18;265;1;0;1440;10;0;0.8;0.0;0.0
2B;2021-01-19;485;2;0;1925;12;0;1.1;0.0;0.0
2B;2021-01-20;427;3;0;2352;15;0;1.3;0.0;0.0
2B;2021-01-21;345;0;0;2697;15;0;1.5;0.0;0.0
2B;2021-01-22;374;1;0;3071;16;0;1.7;0.0;0.0
2B;2021-01-23;63;0;0;3134;16;0;1.7;0.0;0.0
2B;2021-01-24;26;0;0;3160;16;0;1.7;0.0;0.0
2B;2021-01-25;204;2;0;3364;18;0;1.8;0.0;0.0
2B;2021-01-26;368;1;0;3732;19;0;2.0;0.0;0.0
2B;2021-01-27;323;48;0;4055;67;0;2.2;0.0;0.0
2B;2021-01-28;342;138;0;4397;205;0;2.4;0.1;0.0
2B;2021-01-29;292;158;0;4689;363;0;2.6;0.2;0.0
2B;2021-01-30;86;35;0;4775;398;0;2.6;0.2;0.0
2B;2021-01-31;66;0;0;4841;398;0;2.7;0.2;0.0
2B;2021-02-01;223;91;0;5064;489;0;2.8;0.3;0.0
2B;2021-02-02;331;77;0;5395;566;0;3.0;0.3;0.0
2B;2021-02-03;490;88;0;5885;654;0;3.2;0.4;0.0
2B;2021-02-04;433;164;0;6318;818;0;3.5;0.4;0.0
2B;2021-02-05;375;101;0;6693;919;0;3.7;0.5;0.0
2B;2021-02-06;80;18;0;6773;937;0;3.7;0.5;0.0
2B;2021-02-07;59;3;0;6832;940;0;3.7;0.5;0.0
2B;2021-02-08;222;149;0;7054;1089;0;3.9;0.6;0.0
2B;2021-02-09;531;292;0;7585;1381;0;4.2;0.8;0.0
2B;2021-02-10;441;211;0;8026;1592;0;4.4;0.9;0.0
2B;2021-02-11;358;133;0;8384;1725;0;4.6;0.9;0.0
2B;2021-02-12;284;123;0;8668;1848;0;4.8;1.0;0.0
2B;2021-02-13;77;15;0;8745;1863;0;4.8;1.0;0.0
2B;2021-02-14;64;4;0;8809;1867;0;4.8;1.0;0.0
2B;2021-02-15;185;129;0;8994;1996;0;4.9;1.1;0.0
2B;2021-02-16;236;274;0;9230;2270;0;5.1;1.2;0.0
2B;2021-02-17;295;277;0;9525;2547;0;5.2;1.4;0.0
2B;2021-02-18;207;330;0;9732;2877;0;5.3;1.6;0.0
2B;2021-02-19;163;285;0;9895;3162;0;5.4;1.7;0.0
2B;2021-02-20;35;66;0;9930;3228;0;5.4;1.8;0.0
2B;2021-02-21;24;28;0;9954;3256;0;5.5;1.8;0.0
2B;2021-02-22;134;172;0;10088;3428;0;5.5;1.9;0.0
2B;2021-02-23;228;333;0;10316;3761;0;5.7;2.1;0.0
2B;2021-02-24;218;279;0;10534;4040;0;5.8;2.2;0.0
2B;2021-02-25;239;321;0;10773;4361;0;5.9;2.4;0.0
2B;2021-02-26;302;274;0;11075;4635;0;6.1;2.5;0.0
2B;2021-02-27;64;87;0;11139;4722;0;6.1;2.6;0.0
2B;2021-02-28;5;62;0;11144;4784;0;6.1;2.6;0.0
2B;2021-03-01;238;254;0;11382;5038;0;6.2;2.8;0.0
2B;2021-03-02;332;361;0;11714;5399;0;6.4;3.0;0.0
2B;2021-03-03;299;413;0;12013;5812;0;6.6;3.2;0.0
2B;2021-03-04;411;384;0;12424;6196;0;6.8;3.4;0.0
2B;2021-03-05;592;359;0;13016;6555;0;7.1;3.6;0.0
2B;2021-03-06;678;97;0;13694;6652;0;7.5;3.6;0.0
2B;2021-03-07;361;60;0;14055;6712;0;7.7;3.7;0.0
2B;2021-03-08;300;236;0;14355;6948;0;7.9;3.8;0.0
2B;2021-03-09;384;464;0;14739;7412;0;8.1;4.1;0.0
2B;2021-03-10;602;408;0;15341;7820;0;8.4;4.3;0.0
2B;2021-03-11;593;335;0;15934;8155;0;8.7;4.5;0.0
2B;2021-03-12;914;225;0;16848;8380;0;9.2;4.6;0.0
2B;2021-03-13;493;104;0;17341;8484;0;9.5;4.7;0.0
2B;2021-03-14;221;67;0;17562;8551;0;9.6;4.7;0.0
2B;2021-03-15;479;201;0;18041;8752;0;9.9;4.8;0.0
2B;2021-03-16;537;270;0;18578;9022;0;10.2;5.0;0.0
2B;2021-03-17;515;246;0;19093;9268;0;10.5;5.1;0.0
2B;2021-03-18;522;219;0;19615;9487;0;10.8;5.2;0.0
2B;2021-03-19;737;197;0;20352;9684;0;11.2;5.3;0.0
2B;2021-03-20;643;37;0;20995;9721;0;11.5;5.3;0.0
2B;2021-03-21;418;34;0;21413;9755;0;11.7;5.4;0.0
2B;2021-03-22;513;129;0;21926;9884;0;12.0;5.4;0.0
2B;2021-03-23;757;247;0;22683;10131;0;12.4;5.6;0.0
2B;2021-03-24;811;214;0;23494;10345;0;12.9;5.7;0.0
2B;2021-03-25;774;154;0;24268;10499;0;13.3;5.8;0.0
2B;2021-03-26;917;179;0;25185;10678;0;13.8;5.9;0.0
2B;2021-03-27;1040;37;0;26225;10715;0;14.4;5.9;0.0
2B;2021-03-28;800;127;0;27025;10842;0;14.8;5.9;0.0
2B;2021-03-29;705;184;0;27730;11026;0;15.2;6.0;0.0
2B;2021-03-30;895;304;0;28625;11330;0;15.7;6.2;0.0
2B;2021-03-31;919;256;0;29544;11586;0;16.2;6.4;0.0
2B;2021-04-01;970;214;0;30514;11800;0;16.7;6.5;0.0
2B;2021-04-02;933;392;0;31447;12192;0;17.3;6.7;0.0
2B;2021-04-03;1190;171;0;32637;12363;0;17.9;6.8;0.0
2B;2021-04-04;190;88;0;32827;12451;0;18.0;6.8;0.0
2B;2021-04-05;120;113;0;32947;12564;0;18.1;6.9;0.0
2B;2021-04-06;932;361;0;33879;12925;0;18.6;7.1;0.0
2B;2021-04-07;1151;418;0;35030;13343;0;19.2;7.3;0.0
2B;2021-04-08;1055;399;0;36085;13742;0;19.8;7.5;0.0
2B;2021-04-09;1111;542;0;37196;14284;0;20.4;7.8;0.0
2B;2021-04-10;1266;251;0;38462;14535;0;21.1;8.0;0.0
2B;2021-04-11;773;78;0;39235;14613;0;21.5;8.0;0.0
2B;2021-04-12;803;516;0;40038;15129;0;22.0;8.3;0.0
2B;2021-04-13;995;602;0;41033;15731;0;22.5;8.6;0.0
2B;2021-04-14;979;467;0;42012;16198;0;23.1;8.9;0.0
2B;2021-04-15;857;505;0;42869;16703;0;23.5;9.2;0.0
2B;2021-04-16;854;598;0;43723;17301;0;24.0;9.5;0.0
2B;2021-04-17;367;433;0;44090;17734;0;24.2;9.7;0.0
2B;2021-04-18;241;332;0;44331;18066;0;24.3;9.9;0.0
2B;2021-04-19;767;424;0;45098;18490;0;24.7;10.1;0.0
2B;2021-04-20;846;793;0;45944;19283;0;25.2;10.6;0.0
2B;2021-04-21;964;585;0;46908;19868;0;25.7;10.9;0.0
2B;2021-04-22;870;701;0;47778;20569;0;26.2;11.3;0.0
2B;2021-04-23;590;599;0;48368;21168;0;26.5;11.6;0.0
2B;2021-04-24;279;743;0;48647;21911;0;26.7;12.0;0.0
2B;2021-04-25;261;457;0;48908;22368;0;26.8;12.3;0.0
2B;2021-04-26;637;864;0;49545;23232;0;27.2;12.7;0.0
2B;2021-04-27;922;830;0;50467;24062;0;27.7;13.2;0.0
2B;2021-04-28;855;809;0;51322;24871;0;28.2;13.6;0.0
2B;2021-04-29;895;830;0;52217;25701;0;28.7;14.1;0.0
2B;2021-04-30;1070;791;0;53287;26492;0;29.2;14.5;0.0
2B;2021-05-01;420;1070;0;53707;27562;0;29.5;15.1;0.0
2B;2021-05-02;300;231;0;54007;27793;0;29.6;15.2;0.0
2B;2021-05-03;911;462;0;54918;28255;0;30.1;15.5;0.0
2B;2021-05-04;732;1062;0;55650;29317;0;30.5;16.1;0.0
2B;2021-05-05;765;1286;0;56415;30603;0;31.0;16.8;0.0
2B;2021-05-06;1164;848;0;57579;31451;0;31.6;17.3;0.0
2B;2021-05-07;962;939;0;58541;32390;0;32.1;17.8;0.0
2B;2021-05-08;387;811;0;58928;33201;0;32.3;18.2;0.0
2B;2021-05-09;368;647;0;59296;33848;0;32.5;18.6;0.0
2B;2021-05-10;823;776;0;60119;34624;0;33.0;19.0;0.0
2B;2021-05-11;793;1065;0;60912;35689;0;33.4;19.6;0.0
2B;2021-05-12;757;842;0;61669;36531;0;33.8;20.0;0.0
2B;2021-05-13;855;348;0;62524;36879;0;34.3;20.2;0.0
2B;2021-05-14;585;522;0;63109;37401;0;34.6;20.5;0.0
2B;2021-05-15;569;325;0;63678;37726;0;34.9;20.7;0.0
2B;2021-05-16;220;169;0;63898;37895;0;35.1;20.8;0.0
2B;2021-05-17;879;374;0;64777;38269;0;35.5;21.0;0.0
2B;2021-05-18;848;348;0;65625;38617;0;36.0;21.2;0.0
2B;2021-05-19;660;376;0;66285;38993;0;36.4;21.4;0.0
2B;2021-05-20;600;343;0;66885;39336;0;36.7;21.6;0.0
2B;2021-05-21;586;472;0;67471;39808;0;37.0;21.8;0.0
2B;2021-05-22;471;353;0;67942;40161;0;37.3;22.0;0.0
2B;2021-05-23;130;41;0;68072;40202;0;37.3;22.1;0.0
2B;2021-05-24;57;109;0;68129;40311;0;37.4;22.1;0.0
2B;2021-05-25;458;323;0;68587;40634;0;37.6;22.3;0.0
2B;2021-05-26;471;720;0;69058;41354;0;37.9;22.7;0.0
2B;2021-05-27;378;1074;0;69436;42428;0;38.1;23.3;0.0
2B;2021-05-28;430;829;0;69866;43257;0;38.3;23.7;0.0
2B;2021-05-29;250;319;0;70116;43576;0;38.5;23.9;0.0
2B;2021-05-30;35;48;0;70151;43624;0;38.5;23.9;0.0
2B;2021-05-31;337;766;0;70488;44390;0;38.7;24.4;0.0
2B;2021-06-01;360;951;0;70848;45341;0;38.9;24.9;0.0
2B;2021-06-02;317;929;0;71165;46270;0;39.0;25.4;0.0
2B;2021-06-03;450;733;0;71615;47003;0;39.3;25.8;0.0
2B;2021-06-04;312;1135;0;71927;48138;0;39.5;26.4;0.0
2B;2021-06-05;237;450;0;72164;48588;0;39.6;26.7;0.0
2B;2021-06-06;37;131;0;72201;48719;0;39.6;26.7;0.0
2B;2021-06-07;270;885;0;72471;49604;0;39.8;27.2;0.0
2B;2021-06-08;341;1095;0;72812;50699;0;39.9;27.8;0.0
2B;2021-06-09;452;1089;0;73264;51788;0;40.2;28.4;0.0
2B;2021-06-10;336;882;0;73600;52670;0;40.4;28.9;0.0
2B;2021-06-11;385;1154;0;73985;53824;0;40.6;29.5;0.0
2B;2021-06-12;140;501;0;74125;54325;0;40.7;29.8;0.0
2B;2021-06-13;29;71;0;74154;54396;0;40.7;29.8;0.0
2B;2021-06-14;175;1001;0;74329;55397;0;40.8;30.4;0.0
2B;2021-06-15;328;1117;0;74657;56514;0;41.0;31.0;0.0
2B;2021-06-16;346;854;0;75003;57368;0;41.2;31.5;0.0
2B;2021-06-17;345;918;0;75348;58286;0;41.3;32.0;0.0
2B;2021-06-18;298;844;0;75646;59130;0;41.5;32.4;0.0
2B;2021-06-19;137;311;0;75783;59441;0;41.6;32.6;0.0
2B;2021-06-20;45;194;0;75828;59635;0;41.6;32.7;0.0
2B;2021-06-21;246;878;0;76074;60513;0;41.7;33.2;0.0
2B;2021-06-22;272;1015;0;76346;61528;0;41.9;33.8;0.0
2B;2021-06-23;196;791;0;76542;62319;0;42.0;34.2;0.0
2B;2021-06-24;281;682;0;76823;63001;0;42.2;34.6;0.0
2B;2021-06-25;193;923;0;77016;63924;0;42.3;35.1;0.0
2B;2021-06-26;96;477;0;77112;64401;0;42.3;35.3;0.0
2B;2021-06-27;26;195;0;77138;64596;0;42.3;35.4;0.0
2B;2021-06-28;293;858;0;77431;65454;0;42.5;35.9;0.0
2B;2021-06-29;240;858;0;77671;66312;0;42.6;36.4;0.0
2B;2021-06-30;321;825;0;77992;67137;0;42.8;36.8;0.0
2B;2021-07-01;212;442;0;78204;67579;0;42.9;37.1;0.0
2B;2021-07-02;191;474;0;78395;68053;0;43.0;37.3;0.0
2B;2021-07-03;86;361;0;78481;68414;0;43.1;37.5;0.0
2B;2021-07-04;6;11;0;78487;68425;0;43.1;37.5;0.0
2B;2021-07-05;237;589;0;78724;69014;0;43.2;37.9;0.0
2B;2021-07-06;404;605;0;79128;69619;0;43.4;38.2;0.0
2B;2021-07-07;354;764;0;79482;70383;0;43.6;38.6;0.0
2B;2021-07-08;169;289;0;79651;70672;0;43.7;38.8;0.0
2B;2021-07-09;216;330;0;79867;71002;0;43.8;39.0;0.0
2B;2021-07-10;161;153;0;80028;71155;0;43.9;39.0;0.0
2B;2021-07-11;19;26;0;80047;71181;0;43.9;39.1;0.0
2B;2021-07-12;429;640;0;80476;71821;0;44.2;39.4;0.0
2B;2021-07-13;730;852;0;81206;72673;0;44.6;39.9;0.0
2B;2021-07-14;294;75;0;81500;72748;0;44.7;39.9;0.0
2B;2021-07-15;1130;508;0;82630;73256;0;45.3;40.2;0.0
2B;2021-07-16;1002;480;0;83632;73736;0;45.9;40.5;0.0
2B;2021-07-17;646;284;0;84278;74020;0;46.2;40.6;0.0
2B;2021-07-18;152;40;0;84430;74060;0;46.3;40.6;0.0
2B;2021-07-19;780;604;0;85210;74664;0;46.8;41.0;0.0
2B;2021-07-20;1049;529;0;86259;75193;0;47.3;41.3;0.0
2B;2021-07-21;1183;603;0;87442;75796;0;48.0;41.6;0.0
2B;2021-07-22;1105;461;0;88547;76257;0;48.6;41.8;0.0
2B;2021-07-23;1112;387;0;89659;76644;0;49.2;42.1;0.0
2B;2021-07-24;457;254;0;90116;76898;0;49.4;42.2;0.0
2B;2021-07-25;167;40;0;90283;76938;0;49.5;42.2;0.0
2B;2021-07-26;795;507;0;91078;77445;0;50.0;42.5;0.0
2B;2021-07-27;1307;552;0;92385;77997;0;50.7;42.8;0.0
2B;2021-07-28;996;487;0;93381;78484;0;51.2;43.1;0.0
2B;2021-07-29;929;356;0;94310;78840;0;51.7;43.3;0.0
2B;2021-07-30;658;296;0;94968;79136;0;52.1;43.4;0.0
2B;2021-07-31;502;187;0;95470;79323;0;52.4;43.5;0.0
2B;2021-08-01;203;31;0;95673;79354;0;52.5;43.5;0.0
2B;2021-08-02;664;388;0;96337;79742;0;52.9;43.8;0.0
2B;2021-08-03;940;571;0;97277;80313;0;53.4;44.1;0.0
2B;2021-08-04;690;372;0;97967;80685;0;53.8;44.3;0.0
2B;2021-08-05;879;433;0;98846;81118;0;54.2;44.5;0.0
2B;2021-08-06;597;429;0;99443;81547;0;54.6;44.7;0.0
2B;2021-08-07;275;304;0;99718;81851;0;54.7;44.9;0.0
2B;2021-08-08;82;70;0;99800;81921;0;54.8;44.9;0.0
2B;2021-08-09;461;632;0;100261;82553;0;55.0;45.3;0.0
2B;2021-08-10;607;944;0;100868;83497;0;55.3;45.8;0.0
2B;2021-08-11;632;717;0;101500;84214;0;55.7;46.2;0.0
2B;2021-08-12;625;884;0;102125;85098;0;56.0;46.7;0.0
2B;2021-08-13;396;771;0;102521;85869;0;56.3;47.1;0.0
2B;2021-08-14;176;349;0;102697;86218;0;56.3;47.3;0.0
2B;2021-08-15;96;107;0;102793;86325;0;56.4;47.4;0.0
2B;2021-08-16;462;925;0;103255;87250;0;56.7;47.9;0.0
2B;2021-08-17;527;1100;0;103782;88350;0;56.9;48.5;0.0
2B;2021-08-18;442;992;0;104224;89342;0;57.2;49.0;0.0
2B;2021-08-19;371;737;0;104595;90079;0;57.4;49.4;0.0
2B;2021-08-20;292;710;0;104887;90789;0;57.5;49.8;0.0
2B;2021-08-21;135;429;0;105022;91218;0;57.6;50.0;0.0
2B;2021-08-22;71;174;0;105093;91392;0;57.7;50.1;0.0
2B;2021-08-23;336;829;0;105429;92221;0;57.8;50.6;0.0
2B;2021-08-24;419;992;0;105848;93213;0;58.1;51.1;0.0
2B;2021-08-25;300;866;0;106148;94079;0;58.2;51.6;0.0
2B;2021-08-26;374;707;0;106522;94786;0;58.4;52.0;0.0
2B;2021-08-27;233;508;0;106755;95294;0;58.6;52.3;0.0
2B;2021-08-28;148;374;0;106903;95668;0;58.7;52.5;0.0
2B;2021-08-29;51;106;0;106954;95774;0;58.7;52.5;0.0
2B;2021-08-30;329;741;17;107283;96515;17;58.9;53.0;0.0
2B;2021-08-31;340;777;47;107623;97292;64;59.0;53.4;0.0
2B;2021-09-01;377;832;62;108000;98124;126;59.3;53.8;0.1
2B;2021-09-02;289;575;73;108289;98699;199;59.4;54.2;0.1
2B;2021-09-03;218;385;69;108507;99084;268;59.5;54.4;0.1
2B;2021-09-04;123;289;40;108630;99373;308;59.6;54.5;0.2
2B;2021-09-05;14;96;25;108644;99469;333;59.6;54.6;0.2
2B;2021-09-06;173;533;84;108817;100002;417;59.7;54.9;0.2
2B;2021-09-07;230;685;200;109047;100687;617;59.8;55.2;0.3
2B;2021-09-08;193;580;110;109240;101267;727;59.9;55.6;0.4
2B;2021-09-09;174;351;112;109414;101618;839;60.0;55.8;0.5
2B;2021-09-10;198;334;110;109612;101952;949;60.1;55.9;0.5
2B;2021-09-11;129;233;53;109741;102185;1002;60.2;56.1;0.5
2B;2021-09-12;15;86;24;109756;102271;1026;60.2;56.1;0.6
2B;2021-09-13;177;438;61;109933;102709;1087;60.3;56.4;0.6
2B;2021-09-14;267;579;274;110200;103288;1361;60.5;56.7;0.7
2B;2021-09-15;158;551;107;110358;103839;1468;60.6;57.0;0.8
2B;2021-09-16;206;288;326;110564;104127;1794;60.7;57.1;1.0
2B;2021-09-17;122;188;134;110686;104315;1928;60.7;57.2;1.1
2B;2021-09-18;58;165;81;110744;104480;2009;60.8;57.3;1.1
2B;2021-09-19;14;21;21;110758;104501;2030;60.8;57.3;1.1
2B;2021-09-20;104;376;122;110862;104877;2152;60.8;57.5;1.2
2B;2021-09-21;103;368;192;110965;105245;2344;60.9;57.7;1.3
2B;2021-09-22;121;403;184;111086;105648;2528;60.9;58.0;1.4
2B;2021-09-23;99;214;207;111185;105862;2735;61.0;58.1;1.5
2B;2021-09-24;92;198;160;111277;106060;2895;61.1;58.2;1.6
2B;2021-09-25;42;127;67;111319;106187;2962;61.1;58.3;1.6
2B;2021-09-26;3;28;28;111322;106215;2990;61.1;58.3;1.6
2B;2021-09-27;66;225;97;111388;106440;3087;61.1;58.4;1.7
2B;2021-09-28;84;189;106;111472;106629;3193;61.2;58.5;1.8
2B;2021-09-29;120;322;133;111592;106951;3326;61.2;58.7;1.8
2B;2021-09-30;71;119;123;111663;107070;3449;61.3;58.7;1.9
2B;2021-10-01;141;162;114;111804;107232;3563;61.3;58.8;2.0
2B;2021-10-02;56;109;117;111860;107341;3680;61.4;58.9;2.0
2B;2021-10-03;8;15;7;111868;107356;3687;61.4;58.9;2.0
2B;2021-10-04;99;149;115;111967;107505;3802;61.4;59.0;2.1
2B;2021-10-05;89;216;218;112056;107721;4020;61.5;59.1;2.2
2B;2021-10-06;126;261;220;112182;107982;4240;61.6;59.2;2.3
2B;2021-10-07;48;121;256;112230;108103;4496;61.6;59.3;2.5
2B;2021-10-08;85;172;146;112315;108275;4642;61.6;59.4;2.5
2B;2021-10-09;79;116;203;112394;108391;4845;61.7;59.5;2.7
2B;2021-10-10;12;23;7;112406;108414;4852;61.7;59.5;2.7
2B;2021-10-11;61;137;163;112467;108551;5015;61.7;59.6;2.8
2B;2021-10-12;82;161;262;112549;108712;5277;61.8;59.6;2.9
2B;2021-10-13;123;235;282;112672;108947;5559;61.8;59.8;3.1
2B;2021-10-14;97;171;336;112769;109118;5895;61.9;59.9;3.2
2B;2021-10-15;83;125;215;112852;109243;6110;61.9;59.9;3.4
2B;2021-10-16;71;100;183;112923;109343;6293;62.0;60.0;3.5
2B;2021-10-17;15;2;14;112938;109345;6307;62.0;60.0;3.5
2B;2021-10-18;72;95;208;113010;109440;6515;62.0;60.0;3.6
2B;2021-10-19;66;85;268;113076;109525;6783;62.0;60.1;3.7
2B;2021-10-20;83;162;429;113159;109687;7212;62.1;60.2;4.0
2B;2021-10-21;76;113;374;113235;109800;7586;62.1;60.2;4.2
2B;2021-10-22;82;114;269;113317;109914;7855;62.2;60.3;4.3
2B;2021-10-23;53;63;172;113370;109977;8027;62.2;60.3;4.4
2B;2021-10-24;0;14;15;113370;109991;8042;62.2;60.3;4.4
2B;2021-10-25;72;107;253;113442;110098;8295;62.2;60.4;4.6
2B;2021-10-26;37;111;346;113479;110209;8641;62.3;60.5;4.7
2B;2021-10-27;62;126;478;113541;110335;9119;62.3;60.5;5.0
2B;2021-10-28;50;69;259;113591;110404;9378;62.3;60.6;5.1
2B;2021-10-29;56;94;462;113647;110498;9840;62.4;60.6;5.4
2B;2021-10-30;43;78;264;113690;110576;10104;62.4;60.7;5.5
2B;2021-10-31;4;12;23;113694;110588;10127;62.4;60.7;5.6
2B;2021-11-01;9;5;7;113703;110593;10134;62.4;60.7;5.6
2B;2021-11-02;76;109;367;113779;110702;10501;62.4;60.7;5.8
2B;2021-11-03;59;105;509;113838;110807;11010;62.5;60.8;6.0
2B;2021-11-04;57;88;454;113895;110895;11464;62.5;60.8;6.3
2B;2021-11-05;63;84;359;113958;110979;11823;62.5;60.9;6.5
2B;2021-11-06;56;54;302;114014;111033;12125;62.6;60.9;6.7
2B;2021-11-07;4;15;13;114018;111048;12138;62.6;60.9;6.7
2B;2021-11-08;39;78;374;114057;111126;12512;62.6;61.0;6.9
2B;2021-11-09;67;92;517;114124;111218;13029;62.6;61.0;7.1
2B;2021-11-10;68;132;660;114192;111350;13689;62.7;61.1;7.5
2B;2021-11-11;12;10;33;114204;111360;13722;62.7;61.1;7.5
2B;2021-11-12;70;93;724;114274;111453;14446;62.7;61.2;7.9
2B;2021-11-13;22;74;398;114296;111527;14844;62.7;61.2;8.1
2B;2021-11-14;14;10;110;114310;111537;14954;62.7;61.2;8.2
2B;2021-11-15;69;71;524;114379;111608;15478;62.8;61.2;8.5
2B;2021-11-16;55;77;682;114434;111685;16160;62.8;61.3;8.9
2B;2021-11-17;80;95;748;114514;111780;16908;62.8;61.3;9.3
2B;2021-11-18;68;68;890;114582;111848;17798;62.9;61.4;9.8
2B;2021-11-19;96;76;692;114678;111924;18490;62.9;61.4;10.1
2B;2021-11-20;37;58;455;114715;111982;18945;62.9;61.4;10.4
2B;2021-11-21;16;17;171;114731;111999;19116;62.9;61.5;10.5
2B;2021-11-22;88;52;669;114819;112051;19785;63.0;61.5;10.9
2B;2021-11-23;82;65;1009;114901;112116;20794;63.0;61.5;11.4
2B;2021-11-24;91;80;947;114992;112196;21741;63.1;61.6;11.9
2B;2021-11-25;76;67;989;115068;112263;22730;63.1;61.6;12.5
2B;2021-11-26;81;94;1320;115149;112357;24050;63.2;61.6;13.2
2B;2021-11-27;91;69;1086;115240;112426;25136;63.2;61.7;13.8
2B;2021-11-28;15;12;198;115255;112438;25334;63.2;61.7;13.9
2B;2021-11-29;68;51;1375;115323;112489;26709;63.3;61.7;14.7
2B;2021-11-30;114;87;1784;115437;112576;28493;63.3;61.8;15.6
2B;2021-12-01;95;100;1790;115532;112676;30283;63.4;61.8;16.6
2B;2021-12-02;109;54;2225;115641;112730;32508;63.4;61.9;17.8
2B;2021-12-03;107;74;2126;115748;112804;34634;63.5;61.9;19.0
2B;2021-12-04;79;67;1251;115827;112871;35885;63.6;61.9;19.7
2B;2021-12-05;9;22;243;115836;112893;36128;63.6;61.9;19.8
2B;2021-12-06;72;86;1276;115908;112979;37404;63.6;62.0;20.5
2B;2021-12-07;78;78;1754;115986;113057;39158;63.6;62.0;21.5
2B;2021-12-08;84;138;1792;116070;113195;40950;63.7;62.1;22.5
2B;2021-12-09;81;83;1659;116151;113278;42609;63.7;62.2;23.4
2B;2021-12-10;120;103;1808;116271;113381;44417;63.8;62.2;24.4
2B;2021-12-11;71;54;1161;116342;113435;45578;63.8;62.2;25.0
2B;2021-12-12;16;22;340;116358;113457;45918;63.8;62.3;25.2
2B;2021-12-13;82;115;1293;116440;113572;47211;63.9;62.3;25.9
2B;2021-12-14;90;116;1698;116530;113688;48909;63.9;62.4;26.8
2B;2021-12-15;118;140;1687;116648;113828;50596;64.0;62.5;27.8
30;2020-12-27;0;0;0;0;0;0;0.0;0.0;0.0
30;2020-12-28;0;0;0;0;0;0;0.0;0.0;0.0
30;2020-12-29;0;0;0;0;0;0;0.0;0.0;0.0
30;2020-12-30;1;0;0;1;0;0;0.0;0.0;0.0
30;2020-12-31;0;0;0;1;0;0;0.0;0.0;0.0
30;2021-01-01;1;0;0;2;0;0;0.0;0.0;0.0
30;2021-01-02;1;0;0;3;0;0;0.0;0.0;0.0
30;2021-01-03;0;0;0;3;0;0;0.0;0.0;0.0
30;2021-01-04;2;0;0;5;0;0;0.0;0.0;0.0
30;2021-01-05;6;0;0;11;0;0;0.0;0.0;0.0
30;2021-01-06;122;1;0;133;1;0;0.0;0.0;0.0
30;2021-01-07;307;0;0;440;1;0;0.1;0.0;0.0
30;2021-01-08;476;1;0;916;2;0;0.1;0.0;0.0
30;2021-01-09;259;0;0;1175;2;0;0.2;0.0;0.0
30;2021-01-10;4;0;0;1179;2;0;0.2;0.0;0.0
30;2021-01-11;512;1;0;1691;3;0;0.2;0.0;0.0
30;2021-01-12;788;3;0;2479;6;0;0.3;0.0;0.0
30;2021-01-13;633;1;0;3112;7;0;0.4;0.0;0.0
30;2021-01-14;714;5;0;3826;12;0;0.5;0.0;0.0
30;2021-01-15;770;4;0;4596;16;0;0.6;0.0;0.0
30;2021-01-16;304;1;0;4900;17;0;0.7;0.0;0.0
30;2021-01-17;2;0;0;4902;17;0;0.7;0.0;0.0
30;2021-01-18;918;7;0;5820;24;0;0.8;0.0;0.0
30;2021-01-19;1735;8;0;7555;32;0;1.0;0.0;0.0
30;2021-01-20;1353;4;0;8908;36;0;1.2;0.0;0.0
30;2021-01-21;1303;5;0;10211;41;0;1.4;0.0;0.0
30;2021-01-22;1116;5;0;11327;46;0;1.5;0.0;0.0
30;2021-01-23;646;1;0;11973;47;0;1.6;0.0;0.0
30;2021-01-24;3;0;0;11976;47;0;1.6;0.0;0.0
30;2021-01-25;838;4;0;12814;51;0;1.7;0.0;0.0
30;2021-01-26;1091;18;0;13905;69;0;1.9;0.0;0.0
30;2021-01-27;1006;96;0;14911;165;0;2.0;0.0;0.0
30;2021-01-28;839;251;0;15750;416;0;2.1;0.1;0.0
30;2021-01-29;777;371;0;16527;787;0;2.2;0.1;0.0
30;2021-01-30;485;266;0;17012;1053;0;2.3;0.1;0.0
30;2021-01-31;3;7;0;17015;1060;0;2.3;0.1;0.0
30;2021-02-01;815;412;0;17830;1472;0;2.4;0.2;0.0
30;2021-02-02;1810;631;0;19640;2103;0;2.6;0.3;0.0
30;2021-02-03;1263;463;0;20903;2566;0;2.8;0.3;0.0
30;2021-02-04;1067;661;0;21970;3227;0;2.9;0.4;0.0
30;2021-02-05;708;731;0;22678;3958;0;3.0;0.5;0.0
30;2021-02-06;317;235;0;22995;4193;0;3.1;0.6;0.0
30;2021-02-07;5;10;0;23000;4203;0;3.1;0.6;0.0
30;2021-02-08;606;718;0;23606;4921;0;3.2;0.7;0.0
30;2021-02-09;981;1035;0;24587;5956;0;3.3;0.8;0.0
30;2021-02-10;995;1067;0;25582;7023;0;3.4;0.9;0.0
30;2021-02-11;995;1011;0;26577;8034;0;3.6;1.1;0.0
30;2021-02-12;725;932;0;27302;8966;0;3.6;1.2;0.0
30;2021-02-13;425;401;0;27727;9367;0;3.7;1.3;0.0
30;2021-02-14;3;22;0;27730;9389;0;3.7;1.3;0.0
30;2021-02-15;460;656;0;28190;10045;0;3.8;1.3;0.0
30;2021-02-16;456;930;0;28646;10975;0;3.8;1.5;0.0
30;2021-02-17;695;637;0;29341;11612;0;3.9;1.6;0.0
30;2021-02-18;807;652;0;30148;12264;0;4.0;1.6;0.0
30;2021-02-19;624;764;0;30772;13028;0;4.1;1.7;0.0
30;2021-02-20;230;234;0;31002;13262;0;4.1;1.8;0.0
30;2021-02-21;4;6;0;31006;13268;0;4.1;1.8;0.0
30;2021-02-22;508;786;0;31514;14054;0;4.2;1.9;0.0
30;2021-02-23;961;1483;0;32475;15537;0;4.3;2.1;0.0
30;2021-02-24;901;1169;0;33376;16706;0;4.5;2.2;0.0
30;2021-02-25;1197;983;0;34573;17689;0;4.6;2.4;0.0
30;2021-02-26;1325;697;0;35898;18386;0;4.8;2.5;0.0
30;2021-02-27;529;511;0;36427;18897;0;4.9;2.5;0.0
30;2021-02-28;7;9;0;36434;18906;0;4.9;2.5;0.0
30;2021-03-01;1203;860;0;37637;19766;0;5.0;2.6;0.0
30;2021-03-02;1553;949;0;39190;20715;0;5.2;2.8;0.0
30;2021-03-03;2040;858;0;41230;21573;0;5.5;2.9;0.0
30;2021-03-04;2402;953;0;43632;22526;0;5.8;3.0;0.0
30;2021-03-05;2528;701;0;46160;23227;0;6.2;3.1;0.0
30;2021-03-06;2694;365;0;48854;23592;0;6.5;3.2;0.0
30;2021-03-07;1698;45;0;50552;23637;0;6.8;3.2;0.0
30;2021-03-08;1473;795;0;52025;24432;0;7.0;3.3;0.0
30;2021-03-09;2162;929;0;54187;25361;0;7.2;3.4;0.0
30;2021-03-10;2317;720;0;56504;26081;0;7.5;3.5;0.0
30;2021-03-11;2920;747;0;59424;26828;0;7.9;3.6;0.0
30;2021-03-12;3026;481;0;62450;27309;0;8.3;3.6;0.0
30;2021-03-13;2138;298;0;64588;27607;0;8.6;3.7;0.0
30;2021-03-14;102;7;0;64690;27614;0;8.6;3.7;0.0
30;2021-03-15;1547;593;0;66237;28207;0;8.8;3.8;0.0
30;2021-03-16;1286;1052;0;67523;29259;0;9.0;3.9;0.0
30;2021-03-17;1394;675;0;68917;29934;0;9.2;4.0;0.0
30;2021-03-18;1625;709;0;70542;30643;0;9.4;4.1;0.0
30;2021-03-19;2249;547;0;72791;31190;0;9.7;4.2;0.0
30;2021-03-20;1321;137;0;74112;31327;0;9.9;4.2;0.0
30;2021-03-21;95;6;0;74207;31333;0;9.9;4.2;0.0
30;2021-03-22;2346;709;0;76553;32042;0;10.2;4.3;0.0
30;2021-03-23;3426;805;0;79979;32847;0;10.7;4.4;0.0
30;2021-03-24;3474;803;0;83453;33650;0;11.1;4.5;0.0
30;2021-03-25;4322;816;0;87775;34466;0;11.7;4.6;0.0
30;2021-03-26;4353;632;0;92128;35098;0;12.3;4.7;0.0
30;2021-03-27;1869;339;0;93997;35437;0;12.6;4.7;0.0
30;2021-03-28;66;5;0;94063;35442;0;12.6;4.7;0.0
30;2021-03-29;2775;1426;0;96838;36868;0;12.9;4.9;0.0
30;2021-03-30;3847;1639;0;100685;38507;0;13.5;5.1;0.0
30;2021-03-31;3435;1439;0;104120;39946;0;13.9;5.3;0.0
30;2021-04-01;4019;1344;0;108139;41290;0;14.4;5.5;0.0
30;2021-04-02;3534;1135;0;111673;42425;0;14.9;5.7;0.0
30;2021-04-03;992;1052;0;112665;43477;0;15.1;5.8;0.0
30;2021-04-04;44;196;0;112709;43673;0;15.1;5.8;0.0
30;2021-04-05;703;266;0;113412;43939;0;15.2;5.9;0.0
30;2021-04-06;2842;1482;0;116254;45421;0;15.5;6.1;0.0
30;2021-04-07;2612;1496;0;118866;46917;0;15.9;6.3;0.0
30;2021-04-08;3827;1450;0;122693;48367;0;16.4;6.5;0.0
30;2021-04-09;4728;1444;0;127421;49811;0;17.0;6.7;0.0
30;2021-04-10;2253;1047;0;129674;50858;0;17.3;6.8;0.0
30;2021-04-11;799;61;0;130473;50919;0;17.4;6.8;0.0
30;2021-04-12;2972;1430;0;133445;52349;0;17.8;7.0;0.0
30;2021-04-13;3815;1828;0;137260;54177;0;18.3;7.2;0.0
30;2021-04-14;3364;1518;0;140624;55695;0;18.8;7.4;0.0
30;2021-04-15;3763;1523;0;144387;57218;0;19.3;7.6;0.0
30;2021-04-16;3619;1539;0;148006;58757;0;19.8;7.9;0.0
30;2021-04-17;1475;865;0;149481;59622;0;20.0;8.0;0.0
30;2021-04-18;788;90;0;150269;59712;0;20.1;8.0;0.0
30;2021-04-19;2423;2244;0;152692;61956;0;20.4;8.3;0.0
30;2021-04-20;2778;2747;0;155470;64703;0;20.8;8.6;0.0
30;2021-04-21;2607;2453;0;158077;67156;0;21.1;9.0;0.0
30;2021-04-22;3562;2353;0;161639;69509;0;21.6;9.3;0.0
30;2021-04-23;3555;2340;0;165194;71849;0;22.1;9.6;0.0
30;2021-04-24;1378;1138;0;166572;72987;0;22.3;9.8;0.0
30;2021-04-25;666;107;0;167238;73094;0;22.3;9.8;0.0
30;2021-04-26;2029;2318;0;169267;75412;0;22.6;10.1;0.0
30;2021-04-27;3004;2607;0;172271;78019;0;23.0;10.4;0.0
30;2021-04-28;2978;2450;0;175249;80469;0;23.4;10.8;0.0
30;2021-04-29;3742;2357;0;178991;82826;0;23.9;11.1;0.0
30;2021-04-30;3561;2081;0;182552;84907;0;24.4;11.3;0.0
30;2021-05-01;1674;550;0;184226;85457;0;24.6;11.4;0.0
30;2021-05-02;641;242;0;184867;85699;0;24.7;11.4;0.0
30;2021-05-03;3832;2403;0;188699;88102;0;25.2;11.8;0.0
30;2021-05-04;4108;3350;0;192807;91452;0;25.8;12.2;0.0
30;2021-05-05;4111;2990;0;196918;94442;0;26.3;12.6;0.0
30;2021-05-06;4352;3221;0;201270;97663;0;26.9;13.0;0.0
30;2021-05-07;4184;3087;0;205454;100750;0;27.4;13.5;0.0
30;2021-05-08;1658;706;0;207112;101456;0;27.7;13.6;0.0
30;2021-05-09;371;522;0;207483;101978;0;27.7;13.6;0.0
30;2021-05-10;3090;2995;0;210573;104973;0;28.1;14.0;0.0
30;2021-05-11;5477;3623;0;216050;108596;0;28.9;14.5;0.0
30;2021-05-12;5316;3081;0;221366;111677;0;29.6;14.9;0.0
30;2021-05-13;3423;983;0;224789;112660;0;30.0;15.1;0.0
30;2021-05-14;5042;2303;0;229831;114963;0;30.7;15.4;0.0
30;2021-05-15;3501;1170;0;233332;116133;0;31.2;15.5;0.0
30;2021-05-16;738;323;0;234070;116456;0;31.3;15.6;0.0
30;2021-05-17;3997;2920;0;238067;119376;0;31.8;15.9;0.0
30;2021-05-18;4872;2920;0;242939;122296;0;32.5;16.3;0.0
30;2021-05-19;5078;2476;0;248017;124772;0;33.1;16.7;0.0
30;2021-05-20;5204;2543;0;253221;127315;0;33.8;17.0;0.0
30;2021-05-21;5077;2456;0;258298;129771;0;34.5;17.3;0.0
30;2021-05-22;3113;1231;0;261411;131002;0;34.9;17.5;0.0
30;2021-05-23;439;303;0;261850;131305;0;35.0;17.5;0.0
30;2021-05-24;1046;749;0;262896;132054;0;35.1;17.6;0.0
30;2021-05-25;3239;3142;0;266135;135196;0;35.6;18.1;0.0
30;2021-05-26;3367;2610;0;269502;137806;0;36.0;18.4;0.0
30;2021-05-27;4246;2733;0;273748;140539;0;36.6;18.8;0.0
30;2021-05-28;3682;3322;0;277430;143861;0;37.1;19.2;0.0
30;2021-05-29;1831;1836;0;279261;145697;0;37.3;19.5;0.0
30;2021-05-30;379;541;0;279640;146238;0;37.4;19.5;0.0
30;2021-05-31;3054;2461;0;282694;148699;0;37.8;19.9;0.0
30;2021-06-01;4098;2967;0;286792;151666;0;38.3;20.3;0.0
30;2021-06-02;3698;2714;0;290490;154380;0;38.8;20.6;0.0
30;2021-06-03;4530;3419;0;295020;157799;0;39.4;21.1;0.0
30;2021-06-04;4147;3505;0;299167;161304;0;40.0;21.6;0.0
30;2021-06-05;2039;1432;0;301206;162736;0;40.2;21.7;0.0
30;2021-06-06;769;282;0;301975;163018;0;40.3;21.8;0.0
30;2021-06-07;4701;2731;0;306676;165749;0;41.0;22.1;0.0
30;2021-06-08;4778;3503;0;311454;169252;0;41.6;22.6;0.0
30;2021-06-09;4212;3200;0;315666;172452;0;42.2;23.0;0.0
30;2021-06-10;4648;3449;0;320314;175901;0;42.8;23.5;0.0
30;2021-06-11;4629;4037;0;324943;179938;0;43.4;24.0;0.0
30;2021-06-12;2540;1744;0;327483;181682;0;43.8;24.3;0.0
30;2021-06-13;581;375;0;328064;182057;0;43.8;24.3;0.0
30;2021-06-14;2475;4791;0;330539;186848;0;44.2;25.0;0.0
30;2021-06-15;3273;5444;0;333812;192292;0;44.6;25.7;0.0
30;2021-06-16;3145;4796;0;336957;197088;0;45.0;26.3;0.0
30;2021-06-17;3842;4404;0;340799;201492;0;45.5;26.9;0.0
30;2021-06-18;3708;4835;0;344507;206327;0;46.0;27.6;0.0
30;2021-06-19;1429;2058;0;345936;208385;0;46.2;27.8;0.0
30;2021-06-20;408;555;0;346344;208940;0;46.3;27.9;0.0
30;2021-06-21;2237;5008;0;348581;213948;0;46.6;28.6;0.0
30;2021-06-22;2311;5920;0;350892;219868;0;46.9;29.4;0.0
30;2021-06-23;2487;5471;0;353379;225339;0;47.2;30.1;0.0
30;2021-06-24;2296;4923;0;355675;230262;0;47.5;30.8;0.0
30;2021-06-25;2540;5811;0;358215;236073;0;47.9;31.5;0.0
30;2021-06-26;903;2940;0;359118;239013;0;48.0;31.9;0.0
30;2021-06-27;241;629;0;359359;239642;0;48.0;32.0;0.0
30;2021-06-28;1594;6207;0;360953;245849;0;48.2;32.8;0.0
30;2021-06-29;1836;6211;0;362789;252060;0;48.5;33.7;0.0
30;2021-06-30;2002;5592;0;364791;257652;0;48.7;34.4;0.0
30;2021-07-01;3019;4918;0;367810;262570;0;49.1;35.1;0.0
30;2021-07-02;2850;4773;0;370660;267343;0;49.5;35.7;0.0
30;2021-07-03;1140;3123;0;371800;270466;0;49.7;36.1;0.0
30;2021-07-04;154;512;0;371954;270978;0;49.7;36.2;0.0
30;2021-07-05;1958;4156;0;373912;275134;0;50.0;36.8;0.0
30;2021-07-06;2533;5339;0;376445;280473;0;50.3;37.5;0.0
30;2021-07-07;2397;4416;0;378842;284889;0;50.6;38.1;0.0
30;2021-07-08;1995;3733;0;380837;288622;0;50.9;38.6;0.0
30;2021-07-09;2285;5440;0;383122;294062;0;51.2;39.3;0.0
30;2021-07-10;1349;2148;0;384471;296210;0;51.4;39.6;0.0
30;2021-07-11;101;502;0;384572;296712;0;51.4;39.6;0.0
30;2021-07-12;2271;5184;0;386843;301896;0;51.7;40.3;0.0
30;2021-07-13;3068;6143;0;389911;308039;0;52.1;41.2;0.0
30;2021-07-14;618;672;0;390529;308711;0;52.2;41.2;0.0
30;2021-07-15;3801;5656;0;394330;314367;0;52.7;42.0;0.0
30;2021-07-16;4355;5749;0;398685;320116;0;53.3;42.8;0.0
30;2021-07-17;1680;2492;0;400365;322608;0;53.5;43.1;0.0
30;2021-07-18;235;651;0;400600;323259;0;53.5;43.2;0.0
30;2021-07-19;3201;6098;0;403801;329357;0;54.0;44.0;0.0
30;2021-07-20;4280;6303;0;408081;335660;0;54.5;44.8;0.0
30;2021-07-21;3871;5343;0;411952;341003;0;55.0;45.6;0.0
30;2021-07-22;4598;5579;0;416550;346582;0;55.7;46.3;0.0
30;2021-07-23;4795;5849;0;421345;352431;0;56.3;47.1;0.0
30;2021-07-24;2135;3196;0;423480;355627;0;56.6;47.5;0.0
30;2021-07-25;331;384;0;423811;356011;0;56.6;47.6;0.0
30;2021-07-26;4143;4003;0;427954;360014;0;57.2;48.1;0.0
30;2021-07-27;4722;4518;0;432676;364532;0;57.8;48.7;0.0
30;2021-07-28;4749;3839;0;437425;368371;0;58.4;49.2;0.0
30;2021-07-29;5866;3923;0;443291;372294;0;59.2;49.7;0.0
30;2021-07-30;5331;4164;0;448622;376458;0;59.9;50.3;0.0
30;2021-07-31;2536;1827;0;451158;378285;0;60.3;50.5;0.0
30;2021-08-01;758;319;0;451916;378604;0;60.4;50.6;0.0
30;2021-08-02;3764;3741;0;455680;382345;0;60.9;51.1;0.0
30;2021-08-03;4780;3555;0;460460;385900;0;61.5;51.6;0.0
30;2021-08-04;5207;2815;0;465667;388715;0;62.2;51.9;0.0
30;2021-08-05;4531;3436;0;470198;392151;0;62.8;52.4;0.0
30;2021-08-06;4132;3645;0;474330;395796;0;63.4;52.9;0.0
30;2021-08-07;1798;1857;0;476128;397653;0;63.6;53.1;0.0
30;2021-08-08;568;297;0;476696;397950;0;63.7;53.2;0.0
30;2021-08-09;3298;3439;0;479994;401389;0;64.1;53.6;0.0
30;2021-08-10;3903;3926;0;483897;405315;0;64.7;54.2;0.0
30;2021-08-11;3296;3266;0;487193;408581;0;65.1;54.6;0.0
30;2021-08-12;3566;3741;0;490759;412322;0;65.6;55.1;0.0
30;2021-08-13;3070;3062;0;493829;415384;0;66.0;55.5;0.0
30;2021-08-14;1029;1872;0;494858;417256;0;66.1;55.7;0.0
30;2021-08-15;251;159;0;495109;417415;0;66.1;55.8;0.0
30;2021-08-16;2081;4466;0;497190;421881;0;66.4;56.4;0.0
30;2021-08-17;2565;3912;0;499755;425793;0;66.8;56.9;0.0
30;2021-08-18;2620;3664;0;502375;429457;0;67.1;57.4;0.0
30;2021-08-19;2635;4064;0;505010;433521;0;67.5;57.9;0.0
30;2021-08-20;2407;4333;0;507417;437854;0;67.8;58.5;0.0
30;2021-08-21;919;2656;0;508336;440510;0;67.9;58.9;0.0
30;2021-08-22;204;515;0;508540;441025;0;67.9;58.9;0.0
30;2021-08-23;1574;4220;0;510114;445245;0;68.2;59.5;0.0
30;2021-08-24;1866;4406;0;511980;449651;0;68.4;60.1;0.0
30;2021-08-25;1615;4363;0;513595;454014;0;68.6;60.7;0.0
30;2021-08-26;1790;4269;0;515385;458283;0;68.9;61.2;0.0
30;2021-08-27;1657;4327;0;517042;462610;0;69.1;61.8;0.0
30;2021-08-28;668;2343;0;517710;464953;0;69.2;62.1;0.0
30;2021-08-29;182;607;0;517892;465560;0;69.2;62.2;0.0
30;2021-08-30;1343;4225;57;519235;469785;57;69.4;62.8;0.0
30;2021-08-31;1329;4120;121;520564;473905;178;69.6;63.3;0.0
30;2021-09-01;1344;3482;177;521908;477387;355;69.7;63.8;0.0
30;2021-09-02;1333;3241;276;523241;480628;631;69.9;64.2;0.1
30;2021-09-03;1467;3546;421;524708;484174;1052;70.1;64.7;0.1
30;2021-09-04;657;1803;154;525365;485977;1206;70.2;64.9;0.2
30;2021-09-05;131;468;41;525496;486445;1247;70.2;65.0;0.2
30;2021-09-06;830;2292;456;526326;488737;1703;70.3;65.3;0.2
30;2021-09-07;813;2163;532;527139;490900;2235;70.4;65.6;0.3
30;2021-09-08;939;2551;317;528078;493451;2552;70.6;65.9;0.3
30;2021-09-09;918;2132;371;528996;495583;2923;70.7;66.2;0.4
30;2021-09-10;987;2536;475;529983;498119;3398;70.8;66.6;0.5
30;2021-09-11;537;1499;136;530520;499618;3534;70.9;66.8;0.5
30;2021-09-12;94;240;35;530614;499858;3569;70.9;66.8;0.5
30;2021-09-13;781;1570;458;531395;501428;4027;71.0;67.0;0.5
30;2021-09-14;685;1513;605;532080;502941;4632;71.1;67.2;0.6
30;2021-09-15;823;1863;492;532903;504804;5124;71.2;67.4;0.7
30;2021-09-16;762;1437;750;533665;506241;5874;71.3;67.6;0.8
30;2021-09-17;809;1861;764;534474;508102;6638;71.4;67.9;0.9
30;2021-09-18;412;1010;155;534886;509112;6793;71.5;68.0;0.9
30;2021-09-19;66;156;27;534952;509268;6820;71.5;68.0;0.9
30;2021-09-20;432;1172;588;535384;510440;7408;71.5;68.2;1.0
30;2021-09-21;452;1161;905;535836;511601;8313;71.6;68.4;1.1
30;2021-09-22;504;1413;535;536340;513014;8848;71.7;68.5;1.2
30;2021-09-23;644;1129;806;536984;514143;9654;71.7;68.7;1.3
30;2021-09-24;548;1565;611;537532;515708;10265;71.8;68.9;1.4
30;2021-09-25;339;870;119;537871;516578;10384;71.9;69.0;1.4
30;2021-09-26;54;135;24;537925;516713;10408;71.9;69.0;1.4
30;2021-09-27;398;890;617;538323;517603;11025;71.9;69.2;1.5
30;2021-09-28;533;936;830;538856;518539;11855;72.0;69.3;1.6
30;2021-09-29;467;1110;497;539323;519649;12352;72.1;69.4;1.7
30;2021-09-30;411;917;676;539734;520566;13028;72.1;69.6;1.7
30;2021-10-01;682;1002;836;540416;521568;13864;72.2;69.7;1.9
30;2021-10-02;300;543;228;540716;522111;14092;72.2;69.8;1.9
30;2021-10-03;21;52;4;540737;522163;14096;72.2;69.8;1.9
30;2021-10-04;434;796;845;541171;522959;14941;72.3;69.9;2.0
30;2021-10-05;372;723;907;541543;523682;15848;72.4;70.0;2.1
30;2021-10-06;491;868;940;542034;524550;16788;72.4;70.1;2.2
30;2021-10-07;401;853;847;542435;525403;17635;72.5;70.2;2.4
30;2021-10-08;496;1071;973;542931;526474;18608;72.5;70.3;2.5
30;2021-10-09;314;549;309;543245;527023;18917;72.6;70.4;2.5
30;2021-10-10;10;28;12;543255;527051;18929;72.6;70.4;2.5
30;2021-10-11;288;561;797;543543;527612;19726;72.6;70.5;2.6
30;2021-10-12;387;690;1058;543930;528302;20784;72.7;70.6;2.8
30;2021-10-13;353;680;782;544283;528982;21566;72.7;70.7;2.9
30;2021-10-14;383;677;1089;544666;529659;22655;72.8;70.8;3.0
30;2021-10-15;458;704;1040;545124;530363;23695;72.8;70.9;3.2
30;2021-10-16;216;418;284;545340;530781;23979;72.9;70.9;3.2
30;2021-10-17;12;31;6;545352;530812;23985;72.9;70.9;3.2
30;2021-10-18;305;497;827;545657;531309;24812;72.9;71.0;3.3
30;2021-10-19;307;555;1363;545964;531864;26175;72.9;71.1;3.5
30;2021-10-20;312;446;1079;546276;532310;27254;73.0;71.1;3.6
30;2021-10-21;339;533;1666;546615;532843;28920;73.0;71.2;3.9
30;2021-10-22;369;634;1222;546984;533477;30142;73.1;71.3;4.0
30;2021-10-23;159;296;674;547143;533773;30816;73.1;71.3;4.1
30;2021-10-24;10;21;3;547153;533794;30819;73.1;71.3;4.1
30;2021-10-25;289;406;920;547442;534200;31739;73.1;71.4;4.2
30;2021-10-26;288;354;1299;547730;534554;33038;73.2;71.4;4.4
30;2021-10-27;338;426;1118;548068;534980;34156;73.2;71.5;4.6
30;2021-10-28;309;328;1371;548377;535308;35527;73.3;71.5;4.7
30;2021-10-29;377;480;1462;548754;535788;36989;73.3;71.6;4.9
30;2021-10-30;144;286;511;548898;536074;37500;73.3;71.6;5.0
30;2021-10-31;7;17;6;548905;536091;37506;73.3;71.6;5.0
30;2021-11-01;46;38;21;548951;536129;37527;73.3;71.6;5.0
30;2021-11-02;229;403;1019;549180;536532;38546;73.4;71.7;5.1
30;2021-11-03;365;447;1755;549545;536979;40301;73.4;71.7;5.4
30;2021-11-04;247;342;1514;549792;537321;41815;73.5;71.8;5.6
30;2021-11-05;357;524;1964;550149;537845;43779;73.5;71.9;5.8
30;2021-11-06;169;237;435;550318;538082;44214;73.5;71.9;5.9
30;2021-11-07;16;37;30;550334;538119;44244;73.5;71.9;5.9
30;2021-11-08;175;309;1569;550509;538428;45813;73.6;71.9;6.1
30;2021-11-09;247;394;2210;550756;538822;48023;73.6;72.0;6.4
30;2021-11-10;323;424;2433;551079;539246;50456;73.6;72.0;6.7
30;2021-11-11;30;51;119;551109;539297;50575;73.6;72.1;6.8
30;2021-11-12;267;358;2085;551376;539655;52660;73.7;72.1;7.0
30;2021-11-13;123;199;654;551499;539854;53314;73.7;72.1;7.1
30;2021-11-14;14;28;31;551513;539882;53345;73.7;72.1;7.1
30;2021-11-15;186;332;1992;551699;540214;55337;73.7;72.2;7.4
30;2021-11-16;227;287;2774;551926;540501;58111;73.7;72.2;7.8
30;2021-11-17;300;400;2984;552226;540901;61095;73.8;72.3;8.2
30;2021-11-18;237;368;2667;552463;541269;63762;73.8;72.3;8.5
30;2021-11-19;422;458;3420;552885;541727;67182;73.9;72.4;9.0
30;2021-11-20;136;236;730;553021;541963;67912;73.9;72.4;9.1
30;2021-11-21;6;17;29;553027;541980;67941;73.9;72.4;9.1
30;2021-11-22;223;274;2456;553250;542254;70397;73.9;72.4;9.4
30;2021-11-23;289;245;3010;553539;542499;73407;74.0;72.5;9.8
30;2021-11-24;306;404;3037;553845;542903;76444;74.0;72.5;10.2
30;2021-11-25;327;343;3522;554172;543246;79966;74.0;72.6;10.7
30;2021-11-26;453;480;5434;554625;543726;85400;74.1;72.6;11.4
30;2021-11-27;168;238;1705;554793;543964;87105;74.1;72.7;11.6
30;2021-11-28;29;48;323;554822;544012;87428;74.1;72.7;11.7
30;2021-11-29;199;247;4038;555021;544259;91466;74.2;72.7;12.2
30;2021-11-30;277;327;5723;555298;544586;97189;74.2;72.8;13.0
30;2021-12-01;267;384;5430;555565;544970;102619;74.2;72.8;13.7
30;2021-12-02;265;245;5850;555830;545215;108469;74.3;72.8;14.5
30;2021-12-03;292;350;7303;556122;545565;115772;74.3;72.9;15.5
30;2021-12-04;147;186;2524;556269;545751;118296;74.3;72.9;15.8
30;2021-12-05;29;62;421;556298;545813;118717;74.3;72.9;15.9
30;2021-12-06;218;334;6411;556516;546147;125128;74.4;73.0;16.7
30;2021-12-07;343;353;9214;556859;546500;134342;74.4;73.0;17.9
30;2021-12-08;277;356;8152;557136;546856;142494;74.4;73.1;19.0
30;2021-12-09;329;290;8735;557465;547146;151229;74.5;73.1;20.2
30;2021-12-10;359;396;9623;557824;547542;160852;74.5;73.2;21.5
30;2021-12-11;188;200;3966;558012;547742;164818;74.6;73.2;22.0
30;2021-12-12;16;53;459;558028;547795;165277;74.6;73.2;22.1
30;2021-12-13;256;305;7539;558284;548100;172816;74.6;73.2;23.1
30;2021-12-14;350;369;10735;558634;548469;183551;74.6;73.3;24.5
30;2021-12-15;308;379;8620;558942;548848;192171;74.7;73.3;25.7
31;2020-12-27;1;0;0;1;0;0;0.0;0.0;0.0
31;2020-12-28;1;0;0;2;0;0;0.0;0.0;0.0
31;2020-12-29;0;0;0;2;0;0;0.0;0.0;0.0
31;2020-12-30;0;0;0;2;0;0;0.0;0.0;0.0
31;2020-12-31;1;0;0;3;0;0;0.0;0.0;0.0
31;2021-01-01;4;0;0;7;0;0;0.0;0.0;0.0
31;2021-01-02;0;0;0;7;0;0;0.0;0.0;0.0
31;2021-01-03;2;0;0;9;0;0;0.0;0.0;0.0
31;2021-01-04;3;1;0;12;1;0;0.0;0.0;0.0
31;2021-01-05;55;0;0;67;1;0;0.0;0.0;0.0
31;2021-01-06;203;1;0;270;2;0;0.0;0.0;0.0
31;2021-01-07;321;1;0;591;3;0;0.0;0.0;0.0
31;2021-01-08;556;0;0;1147;3;0;0.1;0.0;0.0
31;2021-01-09;288;0;0;1435;3;0;0.1;0.0;0.0
31;2021-01-10;278;0;0;1713;3;0;0.1;0.0;0.0
31;2021-01-11;972;4;0;2685;7;0;0.2;0.0;0.0
31;2021-01-12;1157;1;0;3842;8;0;0.3;0.0;0.0
31;2021-01-13;1141;5;0;4983;13;0;0.4;0.0;0.0
31;2021-01-14;1249;19;0;6232;32;0;0.4;0.0;0.0
31;2021-01-15;1061;5;0;7293;37;0;0.5;0.0;0.0
31;2021-01-16;273;2;0;7566;39;0;0.5;0.0;0.0
31;2021-01-17;200;0;0;7766;39;0;0.6;0.0;0.0
31;2021-01-18;1693;7;0;9459;46;0;0.7;0.0;0.0
31;2021-01-19;2916;12;0;12375;58;0;0.9;0.0;0.0
31;2021-01-20;3595;12;0;15970;70;0;1.1;0.0;0.0
31;2021-01-21;3030;9;0;19000;79;0;1.4;0.0;0.0
31;2021-01-22;2303;5;0;21303;84;0;1.5;0.0;0.0
31;2021-01-23;723;2;0;22026;86;0;1.6;0.0;0.0
31;2021-01-24;223;1;0;22249;87;0;1.6;0.0;0.0
31;2021-01-25;1762;13;0;24011;100;0;1.7;0.0;0.0
31;2021-01-26;1995;59;0;26006;159;0;1.9;0.0;0.0
31;2021-01-27;1699;153;0;27705;312;0;2.0;0.0;0.0
31;2021-01-28;1511;287;0;29216;599;0;2.1;0.0;0.0
31;2021-01-29;1399;373;0;30615;972;0;2.2;0.1;0.0
31;2021-01-30;457;180;0;31072;1152;0;2.2;0.1;0.0
31;2021-01-31;77;200;0;31149;1352;0;2.2;0.1;0.0
31;2021-02-01;1249;740;0;32398;2092;0;2.3;0.1;0.0
31;2021-02-02;2997;800;0;35395;2892;0;2.5;0.2;0.0
31;2021-02-03;1875;718;0;37270;3610;0;2.7;0.3;0.0
31;2021-02-04;1882;931;0;39152;4541;0;2.8;0.3;0.0
31;2021-02-05;1393;636;0;40545;5177;0;2.9;0.4;0.0
31;2021-02-06;437;71;0;40982;5248;0;2.9;0.4;0.0
31;2021-02-07;56;59;0;41038;5307;0;2.9;0.4;0.0
31;2021-02-08;1105;680;0;42143;5987;0;3.0;0.4;0.0
31;2021-02-09;1641;1547;0;43784;7534;0;3.1;0.5;0.0
31;2021-02-10;1915;2391;0;45699;9925;0;3.3;0.7;0.0
31;2021-02-11;1795;1792;0;47494;11717;0;3.4;0.8;0.0
31;2021-02-12;1635;863;0;49129;12580;0;3.5;0.9;0.0
31;2021-02-13;513;247;0;49642;12827;0;3.5;0.9;0.0
31;2021-02-14;58;218;0;49700;13045;0;3.5;0.9;0.0
31;2021-02-15;435;1409;0;50135;14454;0;3.6;1.0;0.0
31;2021-02-16;502;1619;0;50637;16073;0;3.6;1.1;0.0
31;2021-02-17;470;1681;0;51107;17754;0;3.6;1.3;0.0
31;2021-02-18;525;1834;0;51632;19588;0;3.7;1.4;0.0
31;2021-02-19;463;1610;0;52095;21198;0;3.7;1.5;0.0
31;2021-02-20;96;537;0;52191;21735;0;3.7;1.6;0.0
31;2021-02-21;73;168;0;52264;21903;0;3.7;1.6;0.0
31;2021-02-22;441;1797;0;52705;23700;0;3.8;1.7;0.0
31;2021-02-23;877;2886;0;53582;26586;0;3.8;1.9;0.0
31;2021-02-24;626;2070;0;54208;28656;0;3.9;2.0;0.0
31;2021-02-25;1436;1887;0;55644;30543;0;4.0;2.2;0.0
31;2021-02-26;1721;1308;0;57365;31851;0;4.1;2.3;0.0
31;2021-02-27;654;416;0;58019;32267;0;4.1;2.3;0.0
31;2021-02-28;92;59;0;58111;32326;0;4.1;2.3;0.0
31;2021-03-01;894;1141;0;59005;33467;0;4.2;2.4;0.0
31;2021-03-02;1282;1657;0;60287;35124;0;4.3;2.5;0.0
31;2021-03-03;1382;1764;0;61669;36888;0;4.4;2.6;0.0
31;2021-03-04;2447;1477;0;64116;38365;0;4.6;2.7;0.0
31;2021-03-05;3056;1576;0;67172;39941;0;4.8;2.9;0.0
31;2021-03-06;2875;421;0;70047;40362;0;5.0;2.9;0.0
31;2021-03-07;5210;114;0;75257;40476;0;5.4;2.9;0.0
31;2021-03-08;1670;1087;0;76927;41563;0;5.5;3.0;0.0
31;2021-03-09;2777;1207;0;79704;42770;0;5.7;3.1;0.0
31;2021-03-10;2592;1080;0;82296;43850;0;5.9;3.1;0.0
31;2021-03-11;4413;1186;0;86709;45036;0;6.2;3.2;0.0
31;2021-03-12;5310;1216;0;92019;46252;0;6.6;3.3;0.0
31;2021-03-13;2859;524;0;94878;46776;0;6.8;3.3;0.0
31;2021-03-14;260;53;0;95138;46829;0;6.8;3.3;0.0
31;2021-03-15;2587;432;0;97725;47261;0;7.0;3.4;0.0
31;2021-03-16;1775;807;0;99500;48068;0;7.1;3.4;0.0
31;2021-03-17;1743;568;0;101243;48636;0;7.2;3.5;0.0
31;2021-03-18;2073;744;0;103316;49380;0;7.4;3.5;0.0
31;2021-03-19;3272;562;0;106588;49942;0;7.6;3.6;0.0
31;2021-03-20;1870;160;0;108458;50102;0;7.7;3.6;0.0
31;2021-03-21;268;33;0;108726;50135;0;7.8;3.6;0.0
31;2021-03-22;2687;397;0;111413;50532;0;8.0;3.6;0.0
31;2021-03-23;4138;363;0;115551;50895;0;8.2;3.6;0.0
31;2021-03-24;4388;307;0;119939;51202;0;8.6;3.7;0.0
31;2021-03-25;6070;542;0;126009;51744;0;9.0;3.7;0.0
31;2021-03-26;5599;554;0;131608;52298;0;9.4;3.7;0.0
31;2021-03-27;4477;220;0;136085;52518;0;9.7;3.7;0.0
31;2021-03-28;2259;51;0;138344;52569;0;9.9;3.8;0.0
31;2021-03-29;4415;493;0;142759;53062;0;10.2;3.8;0.0
31;2021-03-30;6561;580;0;149320;53642;0;10.7;3.8;0.0
31;2021-03-31;5819;434;0;155139;54076;0;11.1;3.9;0.0
31;2021-04-01;7098;625;0;162237;54701;0;11.6;3.9;0.0
31;2021-04-02;6248;644;0;168485;55345;0;12.0;4.0;0.0
31;2021-04-03;4111;214;0;172596;55559;0;12.3;4.0;0.0
31;2021-04-04;2048;116;0;174644;55675;0;12.5;4.0;0.0
31;2021-04-05;608;80;0;175252;55755;0;12.5;4.0;0.0
31;2021-04-06;4352;1200;0;179604;56955;0;12.8;4.1;0.0
31;2021-04-07;6401;1069;0;186005;58024;0;13.3;4.1;0.0
31;2021-04-08;7726;1118;0;193731;59142;0;13.8;4.2;0.0
31;2021-04-09;8491;1339;0;202222;60481;0;14.4;4.3;0.0
31;2021-04-10;5185;611;0;207407;61092;0;14.8;4.4;0.0
31;2021-04-11;2111;148;0;209518;61240;0;15.0;4.4;0.0
31;2021-04-12;6061;1867;0;215579;63107;0;15.4;4.5;0.0
31;2021-04-13;8024;2112;0;223603;65219;0;16.0;4.7;0.0
31;2021-04-14;6746;2047;0;230349;67266;0;16.4;4.8;0.0
31;2021-04-15;7838;2290;0;238187;69556;0;17.0;5.0;0.0
31;2021-04-16;7330;2161;0;245517;71717;0;17.5;5.1;0.0
31;2021-04-17;4603;1003;0;250120;72720;0;17.9;5.2;0.0
31;2021-04-18;2484;398;0;252604;73118;0;18.0;5.2;0.0
31;2021-04-19;5305;2188;0;257909;75306;0;18.4;5.4;0.0
31;2021-04-20;6117;2933;0;264026;78239;0;18.8;5.6;0.0
31;2021-04-21;6051;2914;0;270077;81153;0;19.3;5.8;0.0
31;2021-04-22;6469;3274;0;276546;84427;0;19.7;6.0;0.0
31;2021-04-23;6350;2766;0;282896;87193;0;20.2;6.2;0.0
31;2021-04-24;2029;3355;0;284925;90548;0;20.3;6.5;0.0
31;2021-04-25;807;2092;0;285732;92640;0;20.4;6.6;0.0
31;2021-04-26;3957;3628;0;289689;96268;0;20.7;6.9;0.0
31;2021-04-27;4728;4070;0;294417;100338;0;21.0;7.2;0.0
31;2021-04-28;4724;3791;0;299141;104129;0;21.4;7.4;0.0
31;2021-04-29;5458;4221;0;304599;108350;0;21.7;7.7;0.0
31;2021-04-30;5260;4390;0;309859;112740;0;22.1;8.0;0.0
31;2021-05-01;1950;3204;0;311809;115944;0;22.3;8.3;0.0
31;2021-05-02;1482;1984;0;313291;117928;0;22.4;8.4;0.0
31;2021-05-03;5665;2828;0;318956;120756;0;22.8;8.6;0.0
31;2021-05-04;5035;5040;0;323991;125796;0;23.1;9.0;0.0
31;2021-05-05;3556;6017;0;327547;131813;0;23.4;9.4;0.0
31;2021-05-06;4044;7446;0;331591;139259;0;23.7;9.9;0.0
31;2021-05-07;5869;7241;0;337460;146500;0;24.1;10.5;0.0
31;2021-05-08;4031;3114;0;341491;149614;0;24.4;10.7;0.0
31;2021-05-09;3844;2357;0;345335;151971;0;24.7;10.8;0.0
31;2021-05-10;6445;5746;0;351780;157717;0;25.1;11.3;0.0
31;2021-05-11;6989;6849;0;358769;164566;0;25.6;11.7;0.0
31;2021-05-12;7531;6156;0;366300;170722;0;26.1;12.2;0.0
31;2021-05-13;5690;2166;0;371990;172888;0;26.6;12.3;0.0
31;2021-05-14;8603;4250;0;380593;177138;0;27.2;12.6;0.0
31;2021-05-15;6552;2109;0;387145;179247;0;27.6;12.8;0.0
31;2021-05-16;3842;657;0;390987;179904;0;27.9;12.8;0.0
31;2021-05-17;5989;4259;0;396976;184163;0;28.3;13.1;0.0
31;2021-05-18;6741;4320;0;403717;188483;0;28.8;13.5;0.0
31;2021-05-19;7323;3833;0;411040;192316;0;29.3;13.7;0.0
31;2021-05-20;8270;4887;0;419310;197203;0;29.9;14.1;0.0
31;2021-05-21;8331;4962;0;427641;202165;0;30.5;14.4;0.0
31;2021-05-22;6157;1879;0;433798;204044;0;31.0;14.6;0.0
31;2021-05-23;4410;372;0;438208;204416;0;31.3;14.6;0.0
31;2021-05-24;4774;808;0;442982;205224;0;31.6;14.6;0.0
31;2021-05-25;7377;3869;0;450359;209093;0;32.1;14.9;0.0
31;2021-05-26;7484;4768;0;457843;213861;0;32.7;15.3;0.0
31;2021-05-27;7076;6232;0;464919;220093;0;33.2;15.7;0.0
31;2021-05-28;6559;6506;0;471478;226599;0;33.7;16.2;0.0
31;2021-05-29;4077;4259;0;475555;230858;0;33.9;16.5;0.0
31;2021-05-30;1385;2342;0;476940;233200;0;34.0;16.6;0.0
31;2021-05-31;5939;5249;0;482879;238449;0;34.5;17.0;0.0
31;2021-06-01;7124;6715;0;490003;245164;0;35.0;17.5;0.0
31;2021-06-02;7301;6498;0;497304;251662;0;35.5;18.0;0.0
31;2021-06-03;8247;8244;0;505551;259906;0;36.1;18.6;0.0
31;2021-06-04;9233;7435;0;514784;267341;0;36.7;19.1;0.0
31;2021-06-05;10591;3240;0;525375;270581;0;37.5;19.3;0.0
31;2021-06-06;7907;1565;0;533282;272146;0;38.1;19.4;0.0
31;2021-06-07;8502;5728;0;541784;277874;0;38.7;19.8;0.0
31;2021-06-08;9503;6365;0;551287;284239;0;39.4;20.3;0.0
31;2021-06-09;9887;5812;0;561174;290051;0;40.1;20.7;0.0
31;2021-06-10;10050;6537;0;571224;296588;0;40.8;21.2;0.0
31;2021-06-11;10745;7020;0;581969;303608;0;41.5;21.7;0.0
31;2021-06-12;9662;3771;0;591631;307379;0;42.2;21.9;0.0
31;2021-06-13;7937;1987;0;599568;309366;0;42.8;22.1;0.0
31;2021-06-14;8378;7027;0;607946;316393;0;43.4;22.6;0.0
31;2021-06-15;9865;7736;0;617811;324129;0;44.1;23.1;0.0
31;2021-06-16;8902;5961;0;626713;330090;0;44.7;23.6;0.0
31;2021-06-17;8405;6957;0;635118;337047;0;45.3;24.1;0.0
31;2021-06-18;8810;8544;0;643928;345591;0;46.0;24.7;0.0
31;2021-06-19;7917;6305;0;651845;351896;0;46.5;25.1;0.0
31;2021-06-20;5275;3841;0;657120;355737;0;46.9;25.4;0.0
31;2021-06-21;5349;7882;0;662469;363619;0;47.3;26.0;0.0
31;2021-06-22;5041;8814;0;667510;372433;0;47.6;26.6;0.0
31;2021-06-23;5176;8431;0;672686;380864;0;48.0;27.2;0.0
31;2021-06-24;4525;8847;0;677211;389711;0;48.3;27.8;0.0
31;2021-06-25;5058;10975;0;682269;400686;0;48.7;28.6;0.0
31;2021-06-26;4424;7749;0;686693;408435;0;49.0;29.2;0.0
31;2021-06-27;3328;4572;0;690021;413007;0;49.3;29.5;0.0
31;2021-06-28;3995;7696;0;694016;420703;0;49.5;30.0;0.0
31;2021-06-29;3855;8660;0;697871;429363;0;49.8;30.6;0.0
31;2021-06-30;4343;9362;0;702214;438725;0;50.1;31.3;0.0
31;2021-07-01;4162;9629;0;706376;448354;0;50.4;32.0;0.0
31;2021-07-02;4249;10894;0;710625;459248;0;50.7;32.8;0.0
31;2021-07-03;3995;8188;0;714620;467436;0;51.0;33.4;0.0
31;2021-07-04;2953;5044;0;717573;472480;0;51.2;33.7;0.0
31;2021-07-05;3921;7929;0;721494;480409;0;51.5;34.3;0.0
31;2021-07-06;3827;9428;4;725321;489837;4;51.8;35.0;0.0
31;2021-07-07;4024;9461;0;729345;499298;4;52.1;35.6;0.0
31;2021-07-08;3958;9407;2;733303;508705;6;52.3;36.3;0.0
31;2021-07-09;4512;10504;0;737815;519209;6;52.7;37.1;0.0
31;2021-07-10;3862;7068;0;741677;526277;6;52.9;37.6;0.0
31;2021-07-11;2854;4310;0;744531;530587;6;53.1;37.9;0.0
31;2021-07-12;3755;9854;0;748286;540441;6;53.4;38.6;0.0
31;2021-07-13;6761;10559;0;755047;551000;6;53.9;39.3;0.0
31;2021-07-14;5771;4187;0;760818;555187;6;54.3;39.6;0.0
31;2021-07-15;8265;10132;0;769083;565319;6;54.9;40.4;0.0
31;2021-07-16;7823;11104;0;776906;576423;6;55.5;41.1;0.0
31;2021-07-17;7856;11428;0;784762;587851;6;56.0;42.0;0.0
31;2021-07-18;5763;8916;0;790525;596767;6;56.4;42.6;0.0
31;2021-07-19;5123;11325;0;795648;608092;6;56.8;43.4;0.0
31;2021-07-20;7198;11760;0;802846;619852;6;57.3;44.2;0.0
31;2021-07-21;7216;11898;0;810062;631750;6;57.8;45.1;0.0
31;2021-07-22;7814;11592;0;817876;643342;6;58.4;45.9;0.0
31;2021-07-23;7232;12332;0;825108;655674;6;58.9;46.8;0.0
31;2021-07-24;8980;10368;0;834088;666042;6;59.5;47.5;0.0
31;2021-07-25;6456;8098;0;840544;674140;6;60.0;48.1;0.0
31;2021-07-26;5657;9786;0;846201;683926;6;60.4;48.8;0.0
31;2021-07-27;7902;9477;0;854103;693403;6;61.0;49.5;0.0
31;2021-07-28;8256;8491;0;862359;701894;6;61.6;50.1;0.0
31;2021-07-29;8532;8248;0;870891;710142;6;62.2;50.7;0.0
31;2021-07-30;7473;8252;0;878364;718394;6;62.7;51.3;0.0
31;2021-07-31;5708;7006;0;884072;725400;6;63.1;51.8;0.0
31;2021-08-01;3998;3988;0;888070;729388;6;63.4;52.1;0.0
31;2021-08-02;5624;5543;0;893694;734931;6;63.8;52.5;0.0
31;2021-08-03;5990;5455;0;899684;740386;6;64.2;52.8;0.0
31;2021-08-04;6041;4961;1;905725;745347;7;64.7;53.2;0.0
31;2021-08-05;5579;7227;0;911304;752574;7;65.0;53.7;0.0
31;2021-08-06;5447;7326;0;916751;759900;7;65.4;54.2;0.0
31;2021-08-07;4387;6426;0;921138;766326;7;65.8;54.7;0.0
31;2021-08-08;2984;4892;0;924122;771218;7;66.0;55.1;0.0
31;2021-08-09;4379;7021;0;928501;778239;7;66.3;55.6;0.0
31;2021-08-10;4711;6474;0;933212;784713;7;66.6;56.0;0.0
31;2021-08-11;4518;5952;0;937730;790665;7;66.9;56.4;0.0
31;2021-08-12;4433;6722;0;942163;797387;7;67.3;56.9;0.0
31;2021-08-13;3945;6085;0;946108;803472;7;67.5;57.4;0.0
31;2021-08-14;2865;6116;0;948973;809588;7;67.7;57.8;0.0
31;2021-08-15;1101;3642;0;950074;813230;7;67.8;58.0;0.0
31;2021-08-16;3202;7994;0;953276;821224;7;68.0;58.6;0.0
31;2021-08-17;3451;7177;0;956727;828401;7;68.3;59.1;0.0
31;2021-08-18;3253;6894;1;959980;835295;8;68.5;59.6;0.0
31;2021-08-19;2944;6971;0;962924;842266;8;68.7;60.1;0.0
31;2021-08-20;2894;7212;0;965818;849478;8;68.9;60.6;0.0
31;2021-08-21;1891;6500;0;967709;855978;8;69.1;61.1;0.0
31;2021-08-22;1270;4864;1;968979;860842;9;69.2;61.4;0.0
31;2021-08-23;2253;7450;0;971232;868292;9;69.3;62.0;0.0
31;2021-08-24;2403;6275;0;973635;874567;9;69.5;62.4;0.0
31;2021-08-25;2292;5719;0;975927;880286;9;69.7;62.8;0.0
31;2021-08-26;2192;5862;0;978119;886148;9;69.8;63.3;0.0
31;2021-08-27;2326;6682;0;980445;892830;9;70.0;63.7;0.0
31;2021-08-28;1712;6348;0;982157;899178;9;70.1;64.2;0.0
31;2021-08-29;1122;4454;0;983279;903632;9;70.2;64.5;0.0
31;2021-08-30;2008;6439;49;985287;910071;58;70.3;65.0;0.0
31;2021-08-31;2116;5371;138;987403;915442;196;70.5;65.3;0.0
31;2021-09-01;1904;4580;457;989307;920022;653;70.6;65.7;0.0
31;2021-09-02;1710;4041;517;991017;924063;1170;70.7;66.0;0.1
31;2021-09-03;1767;4585;532;992784;928648;1702;70.9;66.3;0.1
31;2021-09-04;1928;5282;278;994712;933930;1980;71.0;66.7;0.1
31;2021-09-05;941;1900;246;995653;935830;2226;71.1;66.8;0.2
31;2021-09-06;1351;2900;634;997004;938730;2860;71.2;67.0;0.2
31;2021-09-07;1187;2852;578;998191;941582;3438;71.3;67.2;0.2
31;2021-09-08;1344;3466;615;999535;945048;4053;71.3;67.5;0.3
31;2021-09-09;1007;2469;616;1000542;947517;4669;71.4;67.6;0.3
31;2021-09-10;1508;3148;615;1002050;950665;5284;71.5;67.9;0.4
31;2021-09-11;1246;3454;263;1003296;954119;5547;71.6;68.1;0.4
31;2021-09-12;476;1468;132;1003772;955587;5679;71.7;68.2;0.4
31;2021-09-13;1006;1976;752;1004778;957563;6431;71.7;68.4;0.5
31;2021-09-14;1191;1931;974;1005969;959494;7405;71.8;68.5;0.5
31;2021-09-15;1057;2549;859;1007026;962043;8264;71.9;68.7;0.6
31;2021-09-16;911;1641;1132;1007937;963684;9396;71.9;68.8;0.7
31;2021-09-17;1066;2441;864;1009003;966125;10260;72.0;69.0;0.7
31;2021-09-18;834;2672;252;1009837;968797;10512;72.1;69.2;0.8
31;2021-09-19;279;1070;129;1010116;969867;10641;72.1;69.2;0.8
31;2021-09-20;590;1464;726;1010706;971331;11367;72.1;69.3;0.8
31;2021-09-21;795;1566;1253;1011501;972897;12620;72.2;69.4;0.9
31;2021-09-22;805;2047;990;1012306;974944;13610;72.3;69.6;1.0
31;2021-09-23;721;1460;1229;1013027;976404;14839;72.3;69.7;1.1
31;2021-09-24;801;1982;988;1013828;978386;15827;72.4;69.8;1.1
31;2021-09-25;635;2409;229;1014463;980795;16056;72.4;70.0;1.1
31;2021-09-26;228;938;107;1014691;981733;16163;72.4;70.1;1.2
31;2021-09-27;627;1407;744;1015318;983140;16907;72.5;70.2;1.2
31;2021-09-28;708;1264;949;1016026;984404;17856;72.5;70.3;1.3
31;2021-09-29;722;1553;881;1016748;985957;18737;72.6;70.4;1.3
31;2021-09-30;675;1083;1101;1017423;987040;19838;72.6;70.5;1.4
31;2021-10-01;991;1770;916;1018414;988810;20754;72.7;70.6;1.5
31;2021-10-02;749;1646;310;1019163;990456;21064;72.7;70.7;1.5
31;2021-10-03;96;295;26;1019259;990751;21090;72.8;70.7;1.5
31;2021-10-04;447;674;609;1019706;991425;21699;72.8;70.8;1.5
31;2021-10-05;557;1202;1170;1020263;992627;22869;72.8;70.9;1.6
31;2021-10-06;658;1117;849;1020921;993744;23718;72.9;70.9;1.7
31;2021-10-07;620;1309;1187;1021541;995053;24905;72.9;71.0;1.8
31;2021-10-08;828;1168;1148;1022369;996221;26053;73.0;71.1;1.9
31;2021-10-09;495;1189;375;1022864;997410;26428;73.0;71.2;1.9
31;2021-10-10;22;63;28;1022886;997473;26456;73.0;71.2;1.9
31;2021-10-11;417;530;566;1023303;998003;27022;73.0;71.2;1.9
31;2021-10-12;562;1002;1220;1023865;999005;28242;73.1;71.3;2.0
31;2021-10-13;565;1052;952;1024430;1000057;29194;73.1;71.4;2.1
31;2021-10-14;613;1051;1226;1025043;1001108;30420;73.2;71.5;2.2
31;2021-10-15;732;1044;1339;1025775;1002152;31759;73.2;71.5;2.3
31;2021-10-16;465;949;587;1026240;1003101;32346;73.3;71.6;2.3
31;2021-10-17;17;38;14;1026257;1003139;32360;73.3;71.6;2.3
31;2021-10-18;331;498;731;1026588;1003637;33091;73.3;71.6;2.4
31;2021-10-19;496;890;1244;1027084;1004527;34335;73.3;71.7;2.5
31;2021-10-20;555;830;1355;1027639;1005357;35690;73.4;71.8;2.5
31;2021-10-21;550;949;1649;1028189;1006306;37339;73.4;71.8;2.7
31;2021-10-22;607;968;1560;1028796;1007274;38899;73.4;71.9;2.8
31;2021-10-23;403;1033;690;1029199;1008307;39589;73.5;72.0;2.8
31;2021-10-24;19;47;18;1029218;1008354;39607;73.5;72.0;2.8
31;2021-10-25;320;385;1111;1029538;1008739;40718;73.5;72.0;2.9
31;2021-10-26;442;538;1521;1029980;1009277;42239;73.5;72.0;3.0
31;2021-10-27;491;704;1975;1030471;1009981;44214;73.6;72.1;3.2
31;2021-10-28;441;564;1814;1030912;1010545;46028;73.6;72.1;3.3
31;2021-10-29;527;766;2002;1031439;1011311;48030;73.6;72.2;3.4
31;2021-10-30;306;502;656;1031745;1011813;48686;73.6;72.2;3.5
31;2021-10-31;26;34;19;1031771;1011847;48705;73.6;72.2;3.5
31;2021-11-01;55;39;36;1031826;1011886;48741;73.7;72.2;3.5
31;2021-11-02;475;620;1768;1032301;1012506;50509;73.7;72.3;3.6
31;2021-11-03;436;654;1962;1032737;1013160;52471;73.7;72.3;3.7
31;2021-11-04;402;557;2152;1033139;1013717;54623;73.7;72.4;3.9
31;2021-11-05;542;763;2648;1033681;1014480;57271;73.8;72.4;4.1
31;2021-11-06;315;445;882;1033996;1014925;58153;73.8;72.4;4.2
31;2021-11-07;28;44;70;1034024;1014969;58223;73.8;72.4;4.2
31;2021-11-08;283;437;1780;1034307;1015406;60003;73.8;72.5;4.3
31;2021-11-09;478;621;3827;1034785;1016027;63830;73.9;72.5;4.6
31;2021-11-10;496;746;3754;1035281;1016773;67584;73.9;72.6;4.8
31;2021-11-11;24;62;96;1035305;1016835;67680;73.9;72.6;4.8
31;2021-11-12;512;728;3716;1035817;1017563;71396;73.9;72.6;5.1
31;2021-11-13;314;430;1217;1036131;1017993;72613;74.0;72.7;5.2
31;2021-11-14;14;22;52;1036145;1018015;72665;74.0;72.7;5.2
31;2021-11-15;299;396;2476;1036444;1018411;75141;74.0;72.7;5.4
31;2021-11-16;487;654;4736;1036931;1019065;79877;74.0;72.7;5.7
31;2021-11-17;495;564;4006;1037426;1019629;83883;74.1;72.8;6.0
31;2021-11-18;442;504;4267;1037868;1020133;88150;74.1;72.8;6.3
31;2021-11-19;579;676;4997;1038447;1020809;93147;74.1;72.9;6.6
31;2021-11-20;469;457;1836;1038916;1021266;94983;74.2;72.9;6.8
31;2021-11-21;31;50;72;1038947;1021316;95055;74.2;72.9;6.8
31;2021-11-22;324;293;3031;1039271;1021609;98086;74.2;72.9;7.0
31;2021-11-23;479;513;5498;1039750;1022122;103584;74.2;73.0;7.4
31;2021-11-24;495;496;4554;1040245;1022618;108138;74.3;73.0;7.7
31;2021-11-25;436;468;5985;1040681;1023086;114123;74.3;73.0;8.1
31;2021-11-26;535;600;8313;1041216;1023686;122436;74.3;73.1;8.7
31;2021-11-27;369;484;4794;1041585;1024170;127230;74.3;73.1;9.1
31;2021-11-28;30;86;875;1041615;1024256;128105;74.4;73.1;9.1
31;2021-11-29;282;331;5835;1041897;1024587;133940;74.4;73.1;9.6
31;2021-11-30;419;555;9682;1042316;1025142;143622;74.4;73.2;10.3
31;2021-12-01;393;496;9066;1042709;1025638;152688;74.4;73.2;10.9
31;2021-12-02;380;360;11321;1043089;1025998;164009;74.5;73.2;11.7
31;2021-12-03;394;537;12040;1043483;1026535;176049;74.5;73.3;12.6
31;2021-12-04;252;474;6119;1043735;1027009;182168;74.5;73.3;13.0
31;2021-12-05;72;96;1988;1043807;1027105;184156;74.5;73.3;13.1
31;2021-12-06;261;380;9460;1044068;1027485;193616;74.5;73.3;13.8
31;2021-12-07;445;542;12895;1044513;1028027;206511;74.6;73.4;14.7
31;2021-12-08;408;622;11601;1044921;1028649;218112;74.6;73.4;15.6
31;2021-12-09;462;568;15149;1045383;1029217;233261;74.6;73.5;16.7
31;2021-12-10;517;638;15965;1045900;1029855;249226;74.7;73.5;17.8
31;2021-12-11;347;488;9851;1046247;1030343;259077;74.7;73.5;18.5
31;2021-12-12;153;115;4603;1046400;1030458;263680;74.7;73.6;18.8
31;2021-12-13;370;454;12757;1046770;1030912;276437;74.7;73.6;19.7
31;2021-12-14;540;650;17064;1047310;1031562;293501;74.8;73.6;21.0
31;2021-12-15;536;665;14703;1047846;1032227;308204;74.8;73.7;22.0
32;2020-12-27;0;0;0;0;0;0;0.0;0.0;0.0
32;2020-12-28;0;0;0;0;0;0;0.0;0.0;0.0
32;2020-12-29;1;0;0;1;0;0;0.0;0.0;0.0
32;2020-12-30;0;0;0;1;0;0;0.0;0.0;0.0
32;2020-12-31;0;0;0;1;0;0;0.0;0.0;0.0
32;2021-01-01;1;0;0;2;0;0;0.0;0.0;0.0
32;2021-01-02;0;0;0;2;0;0;0.0;0.0;0.0
32;2021-01-03;0;0;0;2;0;0;0.0;0.0;0.0
32;2021-01-04;2;0;0;4;0;0;0.0;0.0;0.0
32;2021-01-05;4;0;0;8;0;0;0.0;0.0;0.0
32;2021-01-06;6;0;0;14;0;0;0.0;0.0;0.0
32;2021-01-07;148;0;0;162;0;0;0.1;0.0;0.0
32;2021-01-08;78;0;0;240;0;0;0.1;0.0;0.0
32;2021-01-09;7;0;0;247;0;0;0.1;0.0;0.0
32;2021-01-10;2;0;0;249;0;0;0.1;0.0;0.0
32;2021-01-11;35;1;0;284;1;0;0.1;0.0;0.0
32;2021-01-12;94;0;0;378;1;0;0.2;0.0;0.0
32;2021-01-13;296;1;0;674;2;0;0.4;0.0;0.0
32;2021-01-14;347;3;0;1021;5;0;0.5;0.0;0.0
32;2021-01-15;415;2;0;1436;7;0;0.8;0.0;0.0
32;2021-01-16;26;1;0;1462;8;0;0.8;0.0;0.0
32;2021-01-17;2;0;0;1464;8;0;0.8;0.0;0.0
32;2021-01-18;312;2;0;1776;10;0;0.9;0.0;0.0
32;2021-01-19;433;0;0;2209;10;0;1.2;0.0;0.0
32;2021-01-20;392;0;0;2601;10;0;1.4;0.0;0.0
32;2021-01-21;605;1;0;3206;11;0;1.7;0.0;0.0
32;2021-01-22;382;1;0;3588;12;0;1.9;0.0;0.0
32;2021-01-23;178;0;0;3766;12;0;2.0;0.0;0.0
32;2021-01-24;6;0;0;3772;12;0;2.0;0.0;0.0
32;2021-01-25;485;1;0;4257;13;0;2.2;0.0;0.0
32;2021-01-26;621;3;0;4878;16;0;2.6;0.0;0.0
32;2021-01-27;673;8;0;5551;24;0;2.9;0.0;0.0
32;2021-01-28;618;24;0;6169;48;0;3.2;0.0;0.0
32;2021-01-29;451;46;0;6620;94;0;3.5;0.0;0.0
32;2021-01-30;270;2;0;6890;96;0;3.6;0.1;0.0
32;2021-01-31;3;6;0;6893;102;0;3.6;0.1;0.0
32;2021-02-01;315;73;0;7208;175;0;3.8;0.1;0.0
32;2021-02-02;643;126;0;7851;301;0;4.1;0.2;0.0
32;2021-02-03;373;175;0;8224;476;0;4.3;0.3;0.0
32;2021-02-04;432;262;0;8656;738;0;4.6;0.4;0.0
32;2021-02-05;345;321;0;9001;1059;0;4.7;0.6;0.0
32;2021-02-06;147;5;0;9148;1064;0;4.8;0.6;0.0
32;2021-02-07;0;32;0;9148;1096;0;4.8;0.6;0.0
32;2021-02-08;305;124;0;9453;1220;0;5.0;0.6;0.0
32;2021-02-09;341;233;0;9794;1453;0;5.2;0.8;0.0
32;2021-02-10;309;260;0;10103;1713;0;5.3;0.9;0.0
32;2021-02-11;366;324;0;10469;2037;0;5.5;1.1;0.0
32;2021-02-12;313;268;0;10782;2305;0;5.7;1.2;0.0
32;2021-02-13;261;1;0;11043;2306;0;5.8;1.2;0.0
32;2021-02-14;0;28;0;11043;2334;0;5.8;1.2;0.0
32;2021-02-15;39;239;0;11082;2573;0;5.8;1.4;0.0
32;2021-02-16;407;384;0;11489;2957;0;6.0;1.6;0.0
32;2021-02-17;199;466;0;11688;3423;0;6.2;1.8;0.0
32;2021-02-18;321;484;0;12009;3907;0;6.3;2.1;0.0
32;2021-02-19;182;293;0;12191;4200;0;6.4;2.2;0.0
32;2021-02-20;9;148;0;12200;4348;0;6.4;2.3;0.0
32;2021-02-21;0;5;0;12200;4353;0;6.4;2.3;0.0
32;2021-02-22;163;421;0;12363;4774;0;6.5;2.5;0.0
32;2021-02-23;434;590;0;12797;5364;0;6.7;2.8;0.0
32;2021-02-24;295;383;0;13092;5747;0;6.9;3.0;0.0
32;2021-02-25;487;521;0;13579;6268;0;7.1;3.3;0.0
32;2021-02-26;456;358;0;14035;6626;0;7.4;3.5;0.0
32;2021-02-27;169;254;0;14204;6880;0;7.5;3.6;0.0
32;2021-02-28;6;1;0;14210;6881;0;7.5;3.6;0.0
32;2021-03-01;74;325;0;14284;7206;0;7.5;3.8;0.0
32;2021-03-02;419;453;0;14703;7659;0;7.7;4.0;0.0
32;2021-03-03;301;332;0;15004;7991;0;7.9;4.2;0.0
32;2021-03-04;550;355;0;15554;8346;0;8.2;4.4;0.0
32;2021-03-05;472;274;0;16026;8620;0;8.4;4.5;0.0
32;2021-03-06;566;174;0;16592;8794;0;8.7;4.6;0.0
32;2021-03-07;65;5;0;16657;8799;0;8.8;4.6;0.0
32;2021-03-08;265;305;0;16922;9104;0;8.9;4.8;0.0
32;2021-03-09;700;375;0;17622;9479;0;9.3;5.0;0.0
32;2021-03-10;515;353;0;18137;9832;0;9.5;5.2;0.0
32;2021-03-11;899;310;0;19036;10142;0;10.0;5.3;0.0
32;2021-03-12;934;355;0;19970;10497;0;10.5;5.5;0.0
32;2021-03-13;500;250;0;20470;10747;0;10.8;5.7;0.0
32;2021-03-14;3;0;0;20473;10747;0;10.8;5.7;0.0
32;2021-03-15;346;43;0;20819;10790;0;11.0;5.7;0.0
32;2021-03-16;323;318;0;21142;11108;0;11.1;5.8;0.0
32;2021-03-17;202;158;0;21344;11266;0;11.2;5.9;0.0
32;2021-03-18;436;306;0;21780;11572;0;11.5;6.1;0.0
32;2021-03-19;456;176;0;22236;11748;0;11.7;6.2;0.0
32;2021-03-20;182;32;0;22418;11780;0;11.8;6.2;0.0
32;2021-03-21;17;0;0;22435;11780;0;11.8;6.2;0.0
32;2021-03-22;398;174;0;22833;11954;0;12.0;6.3;0.0
32;2021-03-23;655;400;0;23488;12354;0;12.4;6.5;0.0
32;2021-03-24;717;277;0;24205;12631;0;12.7;6.6;0.0
32;2021-03-25;990;419;0;25195;13050;0;13.3;6.9;0.0
32;2021-03-26;730;301;0;25925;13351;0;13.6;7.0;0.0
32;2021-03-27;225;8;0;26150;13359;0;13.8;7.0;0.0
32;2021-03-28;13;2;0;26163;13361;0;13.8;7.0;0.0
32;2021-03-29;434;69;0;26597;13430;0;14.0;7.1;0.0
32;2021-03-30;884;294;0;27481;13724;0;14.5;7.2;0.0
32;2021-03-31;727;186;0;28208;13910;0;14.8;7.3;0.0
32;2021-04-01;1344;339;0;29552;14249;0;15.6;7.5;0.0
32;2021-04-02;682;190;0;30234;14439;0;15.9;7.6;0.0
32;2021-04-03;182;7;0;30416;14446;0;16.0;7.6;0.0
32;2021-04-04;18;3;0;30434;14449;0;16.0;7.6;0.0
32;2021-04-05;46;3;0;30480;14452;0;16.0;7.6;0.0
32;2021-04-06;2635;364;0;33115;14816;0;17.4;7.8;0.0
32;2021-04-07;1304;235;0;34419;15051;0;18.1;7.9;0.0
32;2021-04-08;1857;421;0;36276;15472;0;19.1;8.1;0.0
32;2021-04-09;976;236;0;37252;15708;0;19.6;8.3;0.0
32;2021-04-10;904;45;0;38156;15753;0;20.1;8.3;0.0
32;2021-04-11;43;3;0;38199;15756;0;20.1;8.3;0.0
32;2021-04-12;590;65;0;38789;15821;0;20.4;8.3;0.0
32;2021-04-13;2560;405;0;41349;16226;0;21.8;8.5;0.0
32;2021-04-14;1332;294;0;42681;16520;0;22.5;8.7;0.0
32;2021-04-15;1804;456;0;44485;16976;0;23.4;8.9;0.0
32;2021-04-16;732;341;0;45217;17317;0;23.8;9.1;0.0
32;2021-04-17;838;61;0;46055;17378;0;24.2;9.1;0.0
32;2021-04-18;31;6;0;46086;17384;0;24.3;9.1;0.0
32;2021-04-19;537;117;0;46623;17501;0;24.5;9.2;0.0
32;2021-04-20;2378;484;0;49001;17985;0;25.8;9.5;0.0
32;2021-04-21;1006;398;0;50007;18383;0;26.3;9.7;0.0
32;2021-04-22;1650;429;0;51657;18812;0;27.2;9.9;0.0
32;2021-04-23;559;229;0;52216;19041;0;27.5;10.0;0.0
32;2021-04-24;1345;104;0;53561;19145;0;28.2;10.1;0.0
32;2021-04-25;13;18;0;53574;19163;0;28.2;10.1;0.0
32;2021-04-26;360;440;0;53934;19603;0;28.4;10.3;0.0
32;2021-04-27;2297;675;0;56231;20278;0;29.6;10.7;0.0
32;2021-04-28;913;452;0;57144;20730;0;30.1;10.9;0.0
32;2021-04-29;1017;982;0;58161;21712;0;30.6;11.4;0.0
32;2021-04-30;507;436;0;58668;22148;0;30.9;11.7;0.0
32;2021-05-01;2405;119;0;61073;22267;0;32.1;11.7;0.0
32;2021-05-02;16;10;0;61089;22277;0;32.1;11.7;0.0
32;2021-05-03;271;488;0;61360;22765;0;32.3;12.0;0.0
32;2021-05-04;813;2531;0;62173;25296;0;32.7;13.3;0.0
32;2021-05-05;2103;1198;0;64276;26494;0;33.8;13.9;0.0
32;2021-05-06;613;1765;0;64889;28259;0;34.1;14.9;0.0
32;2021-05-07;2003;670;0;66892;28929;0;35.2;15.2;0.0
32;2021-05-08;141;478;0;67033;29407;0;35.3;15.5;0.0
32;2021-05-09;40;201;0;67073;29608;0;35.3;15.6;0.0
32;2021-05-10;1572;625;0;68645;30233;0;36.1;15.9;0.0
32;2021-05-11;771;2308;0;69416;32541;0;36.5;17.1;0.0
32;2021-05-12;1879;1131;0;71295;33672;0;37.5;17.7;0.0
32;2021-05-13;395;1377;0;71690;35049;0;37.7;18.4;0.0
32;2021-05-14;1648;371;0;73338;35420;0;38.6;18.6;0.0
32;2021-05-15;251;729;0;73589;36149;0;38.7;19.0;0.0
32;2021-05-16;49;5;0;73638;36154;0;38.7;19.0;0.0
32;2021-05-17;360;262;0;73998;36416;0;38.9;19.2;0.0
32;2021-05-18;1454;336;0;75452;36752;0;39.7;19.3;0.0
32;2021-05-19;2065;305;0;77517;37057;0;40.8;19.5;0.0
32;2021-05-20;2038;460;0;79555;37517;0;41.9;19.7;0.0
32;2021-05-21;1450;490;0;81005;38007;0;42.6;20.0;0.0
32;2021-05-22;421;137;0;81426;38144;0;42.8;20.1;0.0
32;2021-05-23;36;18;0;81462;38162;0;42.9;20.1;0.0
32;2021-05-24;104;14;0;81566;38176;0;42.9;20.1;0.0
32;2021-05-25;1533;436;0;83099;38612;0;43.7;20.3;0.0
32;2021-05-26;1868;593;0;84967;39205;0;44.7;20.6;0.0
32;2021-05-27;1826;693;0;86793;39898;0;45.7;21.0;0.0
32;2021-05-28;1251;828;0;88044;40726;0;46.3;21.4;0.0
32;2021-05-29;411;370;0;88455;41096;0;46.5;21.6;0.0
32;2021-05-30;12;13;0;88467;41109;0;46.6;21.6;0.0
32;2021-05-31;883;645;0;89350;41754;0;47.0;22.0;0.0
32;2021-06-01;671;2746;0;90021;44500;0;47.4;23.4;0.0
32;2021-06-02;1156;1263;0;91177;45763;0;48.0;24.1;0.0
32;2021-06-03;570;2021;0;91747;47784;0;48.3;25.1;0.0
32;2021-06-04;1322;871;0;93069;48655;0;49.0;25.6;0.0
32;2021-06-05;295;1604;0;93364;50259;0;49.1;26.4;0.0
32;2021-06-06;56;29;0;93420;50288;0;49.2;26.5;0.0
32;2021-06-07;265;460;0;93685;50748;0;49.3;26.7;0.0
32;2021-06-08;732;2336;0;94417;53084;0;49.7;27.9;0.0
32;2021-06-09;1052;980;0;95469;54064;0;50.2;28.4;0.0
32;2021-06-10;731;1143;0;96200;55207;0;50.6;29.1;0.0
32;2021-06-11;881;683;0;97081;55890;0;51.1;29.4;0.0
32;2021-06-12;258;2486;0;97339;58376;0;51.2;30.7;0.0
32;2021-06-13;76;14;0;97415;58390;0;51.3;30.7;0.0
32;2021-06-14;505;376;0;97920;58766;0;51.5;30.9;0.0
32;2021-06-15;1547;1056;0;99467;59822;0;52.3;31.5;0.0
32;2021-06-16;869;2533;0;100336;62355;0;52.8;32.8;0.0
32;2021-06-17;749;881;0;101085;63236;0;53.2;33.3;0.0
32;2021-06-18;310;2420;0;101395;65656;0;53.4;34.5;0.0
32;2021-06-19;948;509;0;102343;66165;0;53.9;34.8;0.0
32;2021-06-20;52;36;0;102395;66201;0;53.9;34.8;0.0
32;2021-06-21;157;1659;0;102552;67860;0;54.0;35.7;0.0
32;2021-06-22;979;1050;0;103531;68910;0;54.5;36.3;0.0
32;2021-06-23;550;1824;0;104081;70734;0;54.8;37.2;0.0
32;2021-06-24;606;642;0;104687;71376;0;55.1;37.6;0.0
32;2021-06-25;502;1839;0;105189;73215;0;55.4;38.5;0.0
32;2021-06-26;175;308;0;105364;73523;0;55.4;38.7;0.0
32;2021-06-27;46;62;0;105410;73585;0;55.5;38.7;0.0
32;2021-06-28;630;599;0;106040;74184;0;55.8;39.0;0.0
32;2021-06-29;797;1796;0;106837;75980;0;56.2;40.0;0.0
32;2021-06-30;773;2324;0;107610;78304;0;56.6;41.2;0.0
32;2021-07-01;578;2130;0;108188;80434;0;56.9;42.3;0.0
32;2021-07-02;654;1756;0;108842;82190;0;57.3;43.2;0.0
32;2021-07-03;506;594;0;109348;82784;0;57.5;43.6;0.0
32;2021-07-04;37;48;0;109385;82832;0;57.6;43.6;0.0
32;2021-07-05;192;419;0;109577;83251;0;57.7;43.8;0.0
32;2021-07-06;835;1867;0;110412;85118;0;58.1;44.8;0.0
32;2021-07-07;804;2196;0;111216;87314;0;58.5;45.9;0.0
32;2021-07-08;518;1828;0;111734;89142;0;58.8;46.9;0.0
32;2021-07-09;639;1625;0;112373;90767;0;59.1;47.8;0.0
32;2021-07-10;534;598;0;112907;91365;0;59.4;48.1;0.0
32;2021-07-11;24;37;0;112931;91402;0;59.4;48.1;0.0
32;2021-07-12;505;1114;0;113436;92516;0;59.7;48.7;0.0
32;2021-07-13;1499;1685;0;114935;94201;0;60.5;49.6;0.0
32;2021-07-14;549;103;0;115484;94304;0;60.8;49.6;0.0
32;2021-07-15;1642;942;0;117126;95246;0;61.6;50.1;0.0
32;2021-07-16;1048;1688;0;118174;96934;0;62.2;51.0;0.0
32;2021-07-17;200;313;0;118374;97247;0;62.3;51.2;0.0
32;2021-07-18;75;80;0;118449;97327;0;62.3;51.2;0.0
32;2021-07-19;1549;372;0;119998;97699;0;63.1;51.4;0.0
32;2021-07-20;1624;1300;0;121622;98999;0;64.0;52.1;0.0
32;2021-07-21;1344;1579;0;122966;100578;0;64.7;52.9;0.0
32;2021-07-22;1613;649;1;124579;101227;1;65.6;53.3;0.0
32;2021-07-23;1121;1630;0;125700;102857;1;66.1;54.1;0.0
32;2021-07-24;264;298;0;125964;103155;1;66.3;54.3;0.0
32;2021-07-25;133;65;0;126097;103220;1;66.4;54.3;0.0
32;2021-07-26;910;1053;0;127007;104273;1;66.8;54.9;0.0
32;2021-07-27;1392;1868;0;128399;106141;1;67.6;55.9;0.0
32;2021-07-28;731;996;0;129130;107137;1;67.9;56.4;0.0
32;2021-07-29;1467;1343;0;130597;108480;1;68.7;57.1;0.0
32;2021-07-30;510;485;0;131107;108965;1;69.0;57.3;0.0
32;2021-07-31;316;449;0;131423;109414;1;69.2;57.6;0.0
32;2021-08-01;62;35;0;131485;109449;1;69.2;57.6;0.0
32;2021-08-02;258;202;0;131743;109651;1;69.3;57.7;0.0
32;2021-08-03;1091;1665;0;132834;111316;1;69.9;58.6;0.0
32;2021-08-04;664;671;0;133498;111987;1;70.2;58.9;0.0
32;2021-08-05;1074;1772;0;134572;113759;1;70.8;59.9;0.0
32;2021-08-06;617;588;0;135189;114347;1;71.1;60.2;0.0
32;2021-08-07;250;225;0;135439;114572;1;71.3;60.3;0.0
32;2021-08-08;45;55;0;135484;114627;1;71.3;60.3;0.0
32;2021-08-09;347;1621;0;135831;116248;1;71.5;61.2;0.0
32;2021-08-10;617;1850;0;136448;118098;1;71.8;62.1;0.0
32;2021-08-11;610;548;0;137058;118646;1;72.1;62.4;0.0
32;2021-08-12;894;1864;0;137952;120510;1;72.6;63.4;0.0
32;2021-08-13;280;386;0;138232;120896;1;72.7;63.6;0.0
32;2021-08-14;225;267;0;138457;121163;1;72.9;63.8;0.0
32;2021-08-15;16;74;0;138473;121237;1;72.9;63.8;0.0
32;2021-08-16;172;240;0;138645;121477;1;73.0;63.9;0.0
32;2021-08-17;514;2097;0;139159;123574;1;73.2;65.0;0.0
32;2021-08-18;373;595;0;139532;124169;1;73.4;65.3;0.0
32;2021-08-19;900;1267;0;140432;125436;1;73.9;66.0;0.0
32;2021-08-20;234;362;0;140666;125798;1;74.0;66.2;0.0
32;2021-08-21;192;334;0;140858;126132;1;74.1;66.4;0.0
32;2021-08-22;23;76;0;140881;126208;1;74.1;66.4;0.0
32;2021-08-23;102;320;0;140983;126528;1;74.2;66.6;0.0
32;2021-08-24;571;1395;0;141554;127923;1;74.5;67.3;0.0
32;2021-08-25;148;358;0;141702;128281;1;74.6;67.5;0.0
32;2021-08-26;342;1982;0;142044;130263;1;74.7;68.5;0.0
32;2021-08-27;314;633;0;142358;130896;1;74.9;68.9;0.0
32;2021-08-28;127;240;0;142485;131136;1;75.0;69.0;0.0
32;2021-08-29;17;59;0;142502;131195;1;75.0;69.0;0.0
32;2021-08-30;67;252;1;142569;131447;2;75.0;69.2;0.0
32;2021-08-31;232;1479;23;142801;132926;25;75.1;69.9;0.0
32;2021-09-01;614;786;48;143415;133712;73;75.5;70.4;0.0
32;2021-09-02;304;1399;150;143719;135111;223;75.6;71.1;0.1
32;2021-09-03;210;434;28;143929;135545;251;75.7;71.3;0.1
32;2021-09-04;77;284;17;144006;135829;268;75.8;71.5;0.1
32;2021-09-05;32;32;0;144038;135861;268;75.8;71.5;0.1
32;2021-09-06;87;177;41;144125;136038;309;75.8;71.6;0.2
32;2021-09-07;425;723;112;144550;136761;421;76.1;72.0;0.2
32;2021-09-08;267;541;79;144817;137302;500;76.2;72.2;0.3
32;2021-09-09;200;840;191;145017;138142;691;76.3;72.7;0.4
32;2021-09-10;210;270;55;145227;138412;746;76.4;72.8;0.4
32;2021-09-11;110;257;30;145337;138669;776;76.5;73.0;0.4
32;2021-09-12;6;20;1;145343;138689;777;76.5;73.0;0.4
32;2021-09-13;35;72;22;145378;138761;799;76.5;73.0;0.4
32;2021-09-14;309;545;304;145687;139306;1103;76.7;73.3;0.6
32;2021-09-15;221;239;140;145908;139545;1243;76.8;73.4;0.7
32;2021-09-16;176;241;176;146084;139786;1419;76.9;73.6;0.7
32;2021-09-17;197;376;220;146281;140162;1639;77.0;73.8;0.9
32;2021-09-18;62;144;24;146343;140306;1663;77.0;73.8;0.9
32;2021-09-19;4;21;0;146347;140327;1663;77.0;73.8;0.9
32;2021-09-20;20;51;61;146367;140378;1724;77.0;73.9;0.9
32;2021-09-21;234;386;338;146601;140764;2062;77.1;74.1;1.1
32;2021-09-22;208;542;197;146809;141306;2259;77.3;74.4;1.2
32;2021-09-23;128;213;207;146937;141519;2466;77.3;74.5;1.3
32;2021-09-24;102;296;224;147039;141815;2690;77.4;74.6;1.4
32;2021-09-25;63;125;28;147102;141940;2718;77.4;74.7;1.4
32;2021-09-26;5;23;3;147107;141963;2721;77.4;74.7;1.4
32;2021-09-27;33;75;136;147140;142038;2857;77.4;74.7;1.5
32;2021-09-28;102;459;599;147242;142497;3456;77.5;75.0;1.8
32;2021-09-29;91;358;467;147333;142855;3923;77.5;75.2;2.1
32;2021-09-30;122;179;260;147455;143034;4183;77.6;75.3;2.2
32;2021-10-01;125;262;197;147580;143296;4380;77.7;75.4;2.3
32;2021-10-02;41;130;46;147621;143426;4426;77.7;75.5;2.3
32;2021-10-03;2;8;7;147623;143434;4433;77.7;75.5;2.3
32;2021-10-04;24;35;58;147647;143469;4491;77.7;75.5;2.4
32;2021-10-05;72;268;437;147719;143737;4928;77.7;75.6;2.6
32;2021-10-06;65;272;305;147784;144009;5233;77.8;75.8;2.8
32;2021-10-07;55;190;319;147839;144199;5552;77.8;75.9;2.9
32;2021-10-08;71;249;245;147910;144448;5797;77.8;76.0;3.1
32;2021-10-09;43;88;56;147953;144536;5853;77.9;76.1;3.1
32;2021-10-10;0;0;0;147953;144536;5853;77.9;76.1;3.1
32;2021-10-11;21;31;41;147974;144567;5894;77.9;76.1;3.1
32;2021-10-12;65;156;305;148039;144723;6199;77.9;76.2;3.3
32;2021-10-13;74;177;219;148113;144900;6418;77.9;76.2;3.4
32;2021-10-14;95;257;439;148208;145157;6857;78.0;76.4;3.6
32;2021-10-15;81;160;286;148289;145317;7143;78.0;76.5;3.8
32;2021-10-16;44;71;61;148333;145388;7204;78.1;76.5;3.8
32;2021-10-17;2;2;0;148335;145390;7204;78.1;76.5;3.8
32;2021-10-18;19;33;67;148354;145423;7271;78.1;76.5;3.8
32;2021-10-19;81;126;406;148435;145549;7677;78.1;76.6;4.0
32;2021-10-20;44;68;334;148479;145617;8011;78.1;76.6;4.2
32;2021-10-21;48;192;444;148527;145809;8455;78.2;76.7;4.4
32;2021-10-22;55;121;288;148582;145930;8743;78.2;76.8;4.6
32;2021-10-23;40;48;89;148622;145978;8832;78.2;76.8;4.6
32;2021-10-24;3;2;1;148625;145980;8833;78.2;76.8;4.6
32;2021-10-25;17;31;56;148642;146011;8889;78.2;76.8;4.7
32;2021-10-26;59;72;470;148701;146083;9359;78.2;76.9;4.9
32;2021-10-27;36;59;212;148737;146142;9571;78.3;76.9;5.0
32;2021-10-28;53;62;374;148790;146204;9945;78.3;76.9;5.2
32;2021-10-29;60;77;236;148850;146281;10181;78.3;77.0;5.4
32;2021-10-30;33;40;51;148883;146321;10232;78.3;77.0;5.4
32;2021-10-31;0;1;3;148883;146322;10235;78.3;77.0;5.4
32;2021-11-01;4;1;2;148887;146323;10237;78.3;77.0;5.4
32;2021-11-02;53;67;368;148940;146390;10605;78.4;77.0;5.6
32;2021-11-03;40;52;254;148980;146442;10859;78.4;77.1;5.7
32;2021-11-04;40;63;460;149020;146505;11319;78.4;77.1;6.0
32;2021-11-05;45;73;401;149065;146578;11720;78.4;77.1;6.2
32;2021-11-06;28;54;96;149093;146632;11816;78.5;77.2;6.2
32;2021-11-07;3;11;14;149096;146643;11830;78.5;77.2;6.2
32;2021-11-08;34;46;239;149130;146689;12069;78.5;77.2;6.4
32;2021-11-09;68;97;884;149198;146786;12953;78.5;77.2;6.8
32;2021-11-10;53;77;562;149251;146863;13515;78.5;77.3;7.1
32;2021-11-11;10;10;20;149261;146873;13535;78.5;77.3;7.1
32;2021-11-12;57;80;662;149318;146953;14197;78.6;77.3;7.5
32;2021-11-13;25;32;124;149343;146985;14321;78.6;77.3;7.5
32;2021-11-14;0;3;1;149343;146988;14322;78.6;77.3;7.5
32;2021-11-15;31;25;520;149374;147013;14842;78.6;77.4;7.8
32;2021-11-16;79;95;1273;149453;147108;16115;78.6;77.4;8.5
32;2021-11-17;66;63;774;149519;147171;16889;78.7;77.4;8.9
32;2021-11-18;50;65;1107;149569;147236;17996;78.7;77.5;9.5
32;2021-11-19;78;96;928;149647;147332;18924;78.7;77.5;10.0
32;2021-11-20;43;60;281;149690;147392;19205;78.8;77.6;10.1
32;2021-11-21;2;5;2;149692;147397;19207;78.8;77.6;10.1
32;2021-11-22;27;33;454;149719;147430;19661;78.8;77.6;10.3
32;2021-11-23;73;55;1307;149792;147485;20968;78.8;77.6;11.0
32;2021-11-24;56;53;776;149848;147538;21744;78.9;77.6;11.4
32;2021-11-25;69;58;1371;149917;147596;23115;78.9;77.7;12.2
32;2021-11-26;92;70;1632;150009;147666;24747;78.9;77.7;13.0
32;2021-11-27;58;38;746;150067;147704;25493;79.0;77.7;13.4
32;2021-11-28;1;5;15;150068;147709;25508;79.0;77.7;13.4
32;2021-11-29;45;43;1099;150113;147752;26607;79.0;77.7;14.0
32;2021-11-30;93;69;2541;150206;147821;29148;79.0;77.8;15.3
32;2021-12-01;59;63;1911;150265;147884;31059;79.1;77.8;16.3
32;2021-12-02;53;42;2614;150318;147926;33673;79.1;77.8;17.7
32;2021-12-03;48;61;1873;150366;147987;35546;79.1;77.9;18.7
32;2021-12-04;28;33;561;150394;148020;36107;79.1;77.9;19.0
32;2021-12-05;6;5;102;150400;148025;36209;79.1;77.9;19.1
32;2021-12-06;44;35;1680;150444;148060;37889;79.2;77.9;19.9
32;2021-12-07;86;88;3696;150530;148148;41585;79.2;78.0;21.9
32;2021-12-08;95;87;3036;150625;148235;44621;79.3;78.0;23.5
32;2021-12-09;70;50;2824;150695;148285;47445;79.3;78.0;25.0
32;2021-12-10;66;79;2638;150761;148364;50083;79.3;78.1;26.4
32;2021-12-11;27;43;721;150788;148407;50804;79.3;78.1;26.7
32;2021-12-12;2;5;117;150790;148412;50921;79.3;78.1;26.8
32;2021-12-13;65;40;2050;150855;148452;52971;79.4;78.1;27.9
32;2021-12-14;100;90;3622;150955;148542;56593;79.4;78.2;29.8
32;2021-12-15;78;75;2679;151033;148617;59272;79.5;78.2;31.2
33;2020-12-27;2;0;0;2;0;0;0.0;0.0;0.0
33;2020-12-28;2;0;0;4;0;0;0.0;0.0;0.0
33;2020-12-29;0;0;0;4;0;0;0.0;0.0;0.0
33;2020-12-30;3;0;0;7;0;0;0.0;0.0;0.0
33;2020-12-31;1;0;0;8;0;0;0.0;0.0;0.0
33;2021-01-01;1;0;0;9;0;0;0.0;0.0;0.0
33;2021-01-02;1;1;0;10;1;0;0.0;0.0;0.0
33;2021-01-03;1;0;0;11;1;0;0.0;0.0;0.0
33;2021-01-04;2;0;0;13;1;0;0.0;0.0;0.0
33;2021-01-05;2;0;0;15;1;0;0.0;0.0;0.0
33;2021-01-06;149;1;0;164;2;0;0.0;0.0;0.0
33;2021-01-07;1344;4;0;1508;6;0;0.1;0.0;0.0
33;2021-01-08;1204;3;0;2712;9;0;0.2;0.0;0.0
33;2021-01-09;296;1;0;3008;10;0;0.2;0.0;0.0
33;2021-01-10;225;0;0;3233;10;0;0.2;0.0;0.0
33;2021-01-11;650;0;0;3883;10;0;0.2;0.0;0.0
33;2021-01-12;1437;2;0;5320;12;0;0.3;0.0;0.0
33;2021-01-13;1376;9;0;6696;21;0;0.4;0.0;0.0
33;2021-01-14;1341;16;0;8037;37;0;0.5;0.0;0.0
33;2021-01-15;1597;16;0;9634;53;0;0.6;0.0;0.0
33;2021-01-16;567;9;0;10201;62;0;0.6;0.0;0.0
33;2021-01-17;403;4;0;10604;66;0;0.6;0.0;0.0
33;2021-01-18;1224;13;0;11828;79;0;0.7;0.0;0.0
33;2021-01-19;2961;11;0;14789;90;0;0.9;0.0;0.0
33;2021-01-20;3344;16;0;18133;106;0;1.1;0.0;0.0
33;2021-01-21;2856;5;0;20989;111;0;1.3;0.0;0.0
33;2021-01-22;2305;8;0;23294;119;0;1.4;0.0;0.0
33;2021-01-23;846;3;0;24140;122;0;1.5;0.0;0.0
33;2021-01-24;508;2;0;24648;124;0;1.5;0.0;0.0
33;2021-01-25;2139;62;0;26787;186;0;1.6;0.0;0.0
33;2021-01-26;2286;166;0;29073;352;0;1.8;0.0;0.0
33;2021-01-27;2330;213;0;31403;565;0;1.9;0.0;0.0
33;2021-01-28;2212;481;0;33615;1046;0;2.1;0.1;0.0
33;2021-01-29;1778;706;0;35393;1752;0;2.2;0.1;0.0
33;2021-01-30;710;171;0;36103;1923;0;2.2;0.1;0.0
33;2021-01-31;370;155;0;36473;2078;0;2.2;0.1;0.0
33;2021-02-01;1353;658;0;37826;2736;0;2.3;0.2;0.0
33;2021-02-02;2562;1113;0;40388;3849;0;2.5;0.2;0.0
33;2021-02-03;2782;884;0;43170;4733;0;2.6;0.3;0.0
33;2021-02-04;3906;1345;0;47076;6078;0;2.9;0.4;0.0
33;2021-02-05;2139;1163;0;49215;7241;0;3.0;0.4;0.0
33;2021-02-06;650;204;0;49865;7445;0;3.1;0.5;0.0
33;2021-02-07;224;229;0;50089;7674;0;3.1;0.5;0.0
33;2021-02-08;1224;757;0;51313;8431;0;3.1;0.5;0.0
33;2021-02-09;1346;1660;0;52659;10091;0;3.2;0.6;0.0
33;2021-02-10;1286;1696;0;53945;11787;0;3.3;0.7;0.0
33;2021-02-11;1312;1513;0;55257;13300;0;3.4;0.8;0.0
33;2021-02-12;1172;1276;0;56429;14576;0;3.5;0.9;0.0
33;2021-02-13;223;300;0;56652;14876;0;3.5;0.9;0.0
33;2021-02-14;32;238;0;56684;15114;0;3.5;0.9;0.0
33;2021-02-15;684;1699;0;57368;16813;0;3.5;1.0;0.0
33;2021-02-16;836;2053;0;58204;18866;0;3.6;1.2;0.0
33;2021-02-17;727;2078;0;58931;20944;0;3.6;1.3;0.0
33;2021-02-18;930;2222;0;59861;23166;0;3.7;1.4;0.0
33;2021-02-19;923;1986;0;60784;25152;0;3.7;1.5;0.0
33;2021-02-20;83;656;0;60867;25808;0;3.7;1.6;0.0
33;2021-02-21;36;449;0;60903;26257;0;3.7;1.6;0.0
33;2021-02-22;685;1884;0;61588;28141;0;3.8;1.7;0.0
33;2021-02-23;1191;2725;0;62779;30866;0;3.8;1.9;0.0
33;2021-02-24;1321;2501;0;64100;33367;0;3.9;2.0;0.0
33;2021-02-25;2763;3690;0;66863;37057;0;4.1;2.3;0.0
33;2021-02-26;3952;2312;0;70815;39369;0;4.3;2.4;0.0
33;2021-02-27;1338;720;0;72153;40089;0;4.4;2.5;0.0
33;2021-02-28;116;488;0;72269;40577;0;4.4;2.5;0.0
33;2021-03-01;1487;1788;0;73756;42365;0;4.5;2.6;0.0
33;2021-03-02;2274;1752;0;76030;44117;0;4.7;2.7;0.0
33;2021-03-03;2269;1748;0;78299;45865;0;4.8;2.8;0.0
33;2021-03-04;3866;1662;0;82165;47527;0;5.0;2.9;0.0
33;2021-03-05;5683;1775;0;87848;49302;0;5.4;3.0;0.0
33;2021-03-06;3426;561;0;91274;49863;0;5.6;3.1;0.0
33;2021-03-07;786;157;0;92060;50020;0;5.6;3.1;0.0
33;2021-03-08;2606;1140;0;94666;51160;0;5.8;3.1;0.0
33;2021-03-09;4378;1341;0;99044;52501;0;6.1;3.2;0.0
33;2021-03-10;5051;1277;0;104095;53778;0;6.4;3.3;0.0
33;2021-03-11;7371;1260;0;111466;55038;0;6.8;3.4;0.0
33;2021-03-12;9838;1196;0;121304;56234;0;7.4;3.4;0.0
33;2021-03-13;5075;232;0;126379;56466;0;7.7;3.5;0.0
33;2021-03-14;698;27;0;127077;56493;0;7.8;3.5;0.0
33;2021-03-15;4236;674;0;131313;57167;0;8.0;3.5;0.0
33;2021-03-16;3462;873;0;134775;58040;0;8.3;3.6;0.0
33;2021-03-17;3593;948;0;138368;58988;0;8.5;3.6;0.0
33;2021-03-18;3925;1417;0;142293;60405;0;8.7;3.7;0.0
33;2021-03-19;6096;1044;0;148389;61449;0;9.1;3.8;0.0
33;2021-03-20;3293;118;0;151682;61567;0;9.3;3.8;0.0
33;2021-03-21;459;29;0;152141;61596;0;9.3;3.8;0.0
33;2021-03-22;4674;456;0;156815;62052;0;9.6;3.8;0.0
33;2021-03-23;6017;597;0;162832;62649;0;10.0;3.8;0.0
33;2021-03-24;6927;544;0;169759;63193;0;10.4;3.9;0.0
33;2021-03-25;8667;642;0;178426;63835;0;10.9;3.9;0.0
33;2021-03-26;9820;846;0;188246;64681;0;11.5;4.0;0.0
33;2021-03-27;3557;88;0;191803;64769;0;11.7;4.0;0.0
33;2021-03-28;580;31;0;192383;64800;0;11.8;4.0;0.0
33;2021-03-29;6559;688;0;198942;65488;0;12.2;4.0;0.0
33;2021-03-30;7840;1020;0;206782;66508;0;12.7;4.1;0.0
33;2021-03-31;7385;1070;0;214167;67578;0;13.1;4.1;0.0
33;2021-04-01;8591;1167;0;222758;68745;0;13.6;4.2;0.0
33;2021-04-02;8159;1526;0;230917;70271;0;14.1;4.3;0.0
33;2021-04-03;2796;549;0;233713;70820;0;14.3;4.3;0.0
33;2021-04-04;232;165;0;233945;70985;0;14.3;4.3;0.0
33;2021-04-05;762;117;0;234707;71102;0;14.4;4.4;0.0
33;2021-04-06;5851;2605;0;240558;73707;0;14.7;4.5;0.0
33;2021-04-07;7187;2542;0;247745;76249;0;15.2;4.7;0.0
33;2021-04-08;10013;2706;0;257758;78955;0;15.8;4.8;0.0
33;2021-04-09;12348;3007;0;270106;81962;0;16.5;5.0;0.0
33;2021-04-10;5215;1370;0;275321;83332;0;16.9;5.1;0.0
33;2021-04-11;991;343;0;276312;83675;0;16.9;5.1;0.0
33;2021-04-12;7239;3127;0;283551;86802;0;17.4;5.3;0.0
33;2021-04-13;9080;3377;0;292631;90179;0;17.9;5.5;0.0
33;2021-04-14;8796;3607;0;301427;93786;0;18.5;5.7;0.0
33;2021-04-15;9895;3772;0;311322;97558;0;19.1;6.0;0.0
33;2021-04-16;9471;4072;0;320793;101630;0;19.6;6.2;0.0
33;2021-04-17;4538;1607;0;325331;103237;0;19.9;6.3;0.0
33;2021-04-18;932;410;0;326263;103647;0;20.0;6.3;0.0
33;2021-04-19;5399;3629;0;331662;107276;0;20.3;6.6;0.0
33;2021-04-20;7090;4110;0;338752;111386;0;20.7;6.8;0.0
33;2021-04-21;6371;4222;0;345123;115608;0;21.1;7.1;0.0
33;2021-04-22;7117;4321;0;352240;119929;0;21.6;7.3;0.0
33;2021-04-23;7482;4636;0;359722;124565;0;22.0;7.6;0.0
33;2021-04-24;4422;1748;0;364144;126313;0;22.3;7.7;0.0
33;2021-04-25;1602;424;0;365746;126737;0;22.4;7.8;0.0
33;2021-04-26;4999;4918;0;370745;131655;0;22.7;8.1;0.0
33;2021-04-27;6376;5497;0;377121;137152;0;23.1;8.4;0.0
33;2021-04-28;6536;5368;0;383657;142520;0;23.5;8.7;0.0
33;2021-04-29;8130;6080;0;391787;148600;0;24.0;9.1;0.0
33;2021-04-30;8485;6003;0;400272;154603;0;24.5;9.5;0.0
33;2021-05-01;2846;576;0;403118;155179;0;24.7;9.5;0.0
33;2021-05-02;1801;346;0;404919;155525;0;24.8;9.5;0.0
33;2021-05-03;6811;5066;0;411730;160591;0;25.2;9.8;0.0
33;2021-05-04;6634;6442;0;418364;167033;0;25.6;10.2;0.0
33;2021-05-05;7068;7346;0;425432;174379;0;26.0;10.7;0.0
33;2021-05-06;8383;8073;0;433815;182452;0;26.6;11.2;0.0
33;2021-05-07;8426;8686;0;442241;191138;0;27.1;11.7;0.0
33;2021-05-08;3539;1600;0;445780;192738;0;27.3;11.8;0.0
33;2021-05-09;1138;976;0;446918;193714;0;27.4;11.9;0.0
33;2021-05-10;6589;7103;0;453507;200817;0;27.8;12.3;0.0
33;2021-05-11;8443;7666;0;461950;208483;0;28.3;12.8;0.0
33;2021-05-12;9024;6500;0;470974;214983;0;28.8;13.2;0.0
33;2021-05-13;5330;2063;0;476304;217046;0;29.2;13.3;0.0
33;2021-05-14;8252;5221;0;484556;222267;0;29.7;13.6;0.0
33;2021-05-15;5316;2847;0;489872;225114;0;30.0;13.8;0.0
33;2021-05-16;1938;791;0;491810;225905;0;30.1;13.8;0.0
33;2021-05-17;8761;4928;0;500571;230833;0;30.6;14.1;0.0
33;2021-05-18;10632;4730;0;511203;235563;0;31.3;14.4;0.0
33;2021-05-19;10888;4692;0;522091;240255;0;32.0;14.7;0.0
33;2021-05-20;11075;5453;0;533166;245708;0;32.6;15.0;0.0
33;2021-05-21;11037;6135;0;544203;251843;0;33.3;15.4;0.0
33;2021-05-22;5572;2725;0;549775;254568;0;33.7;15.6;0.0
33;2021-05-23;2058;402;0;551833;254970;0;33.8;15.6;0.0
33;2021-05-24;5852;1008;0;557685;255978;0;34.1;15.7;0.0
33;2021-05-25;9810;5640;0;567495;261618;0;34.7;16.0;0.0
33;2021-05-26;9920;5920;0;577415;267538;0;35.3;16.4;0.0
33;2021-05-27;11105;7628;0;588520;275166;0;36.0;16.8;0.0
33;2021-05-28;10187;9403;0;598707;284569;0;36.7;17.4;0.0
33;2021-05-29;5509;4087;0;604216;288656;0;37.0;17.7;0.0
33;2021-05-30;1997;678;0;606213;289334;0;37.1;17.7;0.0
33;2021-05-31;8570;6270;0;614783;295604;0;37.6;18.1;0.0
33;2021-06-01;11779;8523;0;626562;304127;0;38.4;18.6;0.0
33;2021-06-02;11760;8011;0;638322;312138;0;39.1;19.1;0.0
33;2021-06-03;12777;9059;0;651099;321197;0;39.9;19.7;0.0
33;2021-06-04;13059;10669;0;664158;331866;0;40.7;20.3;0.0
33;2021-06-05;5759;5010;0;669917;336876;0;41.0;20.6;0.0
33;2021-06-06;2615;1188;0;672532;338064;0;41.2;20.7;0.0
33;2021-06-07;9656;8190;0;682188;346254;0;41.8;21.2;0.0
33;2021-06-08;11663;9135;0;693851;355389;0;42.5;21.8;0.0
33;2021-06-09;11609;8352;0;705460;363741;0;43.2;22.3;0.0
33;2021-06-10;12813;8234;0;718273;371975;0;44.0;22.8;0.0
33;2021-06-11;12429;10845;0;730702;382820;0;44.7;23.4;0.0
33;2021-06-12;6494;4447;0;737196;387267;0;45.1;23.7;0.0
33;2021-06-13;2739;1316;0;739935;388583;0;45.3;23.8;0.0
33;2021-06-14;8338;9860;0;748273;398443;0;45.8;24.4;0.0
33;2021-06-15;11613;10003;1;759886;408446;1;46.5;25.0;0.0
33;2021-06-16;11622;8745;0;771508;417191;1;47.2;25.5;0.0
33;2021-06-17;12720;9383;0;784228;426574;1;48.0;26.1;0.0
33;2021-06-18;11437;11170;0;795665;437744;1;48.7;26.8;0.0
33;2021-06-19;5694;4875;0;801359;442619;1;49.1;27.1;0.0
33;2021-06-20;2873;1495;0;804232;444114;1;49.2;27.2;0.0
33;2021-06-21;7652;9869;0;811884;453983;1;49.7;27.8;0.0
33;2021-06-22;8631;10952;0;820515;464935;1;50.2;28.5;0.0
33;2021-06-23;8355;10672;0;828870;475607;1;50.7;29.1;0.0
33;2021-06-24;9297;9829;0;838167;485436;1;51.3;29.7;0.0
33;2021-06-25;7626;13506;0;845793;498942;1;51.8;30.5;0.0
33;2021-06-26;4239;6130;0;850032;505072;1;52.0;30.9;0.0
33;2021-06-27;2364;2070;0;852396;507142;1;52.2;31.0;0.0
33;2021-06-28;4630;12678;0;857026;519820;1;52.5;31.8;0.0
33;2021-06-29;6167;13435;0;863193;533255;1;52.8;32.6;0.0
33;2021-06-30;6431;13196;0;869624;546451;1;53.2;33.5;0.0
33;2021-07-01;7796;11738;0;877420;558189;1;53.7;34.2;0.0
33;2021-07-02;6676;15085;0;884096;573274;1;54.1;35.1;0.0
33;2021-07-03;3199;7222;0;887295;580496;1;54.3;35.5;0.0
33;2021-07-04;1969;2501;0;889264;582997;1;54.4;35.7;0.0
33;2021-07-05;4213;12787;0;893477;595784;1;54.7;36.5;0.0
33;2021-07-06;5816;14436;0;899293;610220;1;55.1;37.4;0.0
33;2021-07-07;6464;12949;0;905757;623169;1;55.5;38.2;0.0
33;2021-07-08;7555;12718;0;913312;635887;1;55.9;38.9;0.0
33;2021-07-09;6159;14981;0;919471;650868;1;56.3;39.8;0.0
33;2021-07-10;3115;7461;0;922586;658329;1;56.5;40.3;0.0
33;2021-07-11;1777;2384;0;924363;660713;1;56.6;40.4;0.0
33;2021-07-12;3818;14576;3;928181;675289;4;56.8;41.3;0.0
33;2021-07-13;6945;15900;1;935126;691189;5;57.2;42.3;0.0
33;2021-07-14;3893;5406;0;939019;696595;5;57.5;42.6;0.0
33;2021-07-15;7447;15745;0;946466;712340;5;57.9;43.6;0.0
33;2021-07-16;8290;14997;0;954756;727337;5;58.5;44.5;0.0
33;2021-07-17;3532;6764;0;958288;734101;5;58.7;44.9;0.0
33;2021-07-18;1757;3218;0;960045;737319;5;58.8;45.1;0.0
33;2021-07-19;5813;14862;0;965858;752181;5;59.1;46.0;0.0
33;2021-07-20;7457;15805;0;973315;767986;5;59.6;47.0;0.0
33;2021-07-21;8287;14301;0;981602;782287;5;60.1;47.9;0.0
33;2021-07-22;9237;14769;0;990839;797056;5;60.7;48.8;0.0
33;2021-07-23;9475;16107;0;1000314;813163;5;61.2;49.8;0.0
33;2021-07-24;4143;7680;0;1004457;820843;5;61.5;50.3;0.0
33;2021-07-25;2171;2683;0;1006628;823526;5;61.6;50.4;0.0
33;2021-07-26;6911;13089;0;1013539;836615;5;62.0;51.2;0.0
33;2021-07-27;9771;12985;0;1023310;849600;5;62.6;52.0;0.0
33;2021-07-28;10642;11601;0;1033952;861201;5;63.3;52.7;0.0
33;2021-07-29;11427;11559;0;1045379;872760;5;64.0;53.4;0.0
33;2021-07-30;11036;11849;0;1056415;884609;5;64.7;54.2;0.0
33;2021-07-31;4840;5778;0;1061255;890387;5;65.0;54.5;0.0
33;2021-08-01;2519;1933;0;1063774;892320;5;65.1;54.6;0.0
33;2021-08-02;8326;9542;0;1072100;901862;5;65.6;55.2;0.0
33;2021-08-03;11108;8667;0;1083208;910529;5;66.3;55.7;0.0
33;2021-08-04;11230;7070;0;1094438;917599;5;67.0;56.2;0.0
33;2021-08-05;11345;7686;0;1105783;925285;5;67.7;56.6;0.0
33;2021-08-06;10528;8576;0;1116311;933861;5;68.3;57.2;0.0
33;2021-08-07;5741;4436;0;1122052;938297;5;68.7;57.4;0.0
33;2021-08-08;2943;1698;0;1124995;939995;5;68.9;57.5;0.0
33;2021-08-09;8169;8320;0;1133164;948315;5;69.4;58.1;0.0
33;2021-08-10;8814;7982;1;1141978;956297;6;69.9;58.5;0.0
33;2021-08-11;7515;7100;1;1149493;963397;7;70.4;59.0;0.0
33;2021-08-12;7479;7588;0;1156972;970985;7;70.8;59.4;0.0
33;2021-08-13;7222;7229;0;1164194;978214;7;71.3;59.9;0.0
33;2021-08-14;3347;4223;0;1167541;982437;7;71.5;60.1;0.0
33;2021-08-15;1036;1518;0;1168577;983955;7;71.5;60.2;0.0
33;2021-08-16;5951;8123;0;1174528;992078;7;71.9;60.7;0.0
33;2021-08-17;6073;8656;1;1180601;1000734;8;72.3;61.3;0.0
33;2021-08-18;5098;8348;0;1185699;1009082;8;72.6;61.8;0.0
33;2021-08-19;5167;8830;0;1190866;1017912;8;72.9;62.3;0.0
33;2021-08-20;4626;9323;0;1195492;1027235;8;73.2;62.9;0.0
33;2021-08-21;2030;4901;0;1197522;1032136;8;73.3;63.2;0.0
33;2021-08-22;544;2258;0;1198066;1034394;8;73.3;63.3;0.0
33;2021-08-23;3571;9778;0;1201637;1044172;8;73.6;63.9;0.0
33;2021-08-24;3866;10542;0;1205503;1054714;8;73.8;64.6;0.0
33;2021-08-25;3427;9925;0;1208930;1064639;8;74.0;65.2;0.0
33;2021-08-26;3348;10578;0;1212278;1075217;8;74.2;65.8;0.0
33;2021-08-27;3510;11917;0;1215788;1087134;8;74.4;66.6;0.0
33;2021-08-28;1514;6439;0;1217302;1093573;8;74.5;66.9;0.0
33;2021-08-29;401;2281;0;1217703;1095854;8;74.5;67.1;0.0
33;2021-08-30;2205;10014;68;1219908;1105868;76;74.7;67.7;0.0
33;2021-08-31;2980;10256;217;1222888;1116124;293;74.9;68.3;0.0
33;2021-09-01;2870;7927;607;1225758;1124051;900;75.0;68.8;0.1
33;2021-09-02;2564;7344;632;1228322;1131395;1532;75.2;69.3;0.1
33;2021-09-03;2893;8790;805;1231215;1140185;2337;75.4;69.8;0.1
33;2021-09-04;1580;5602;276;1232795;1145787;2613;75.5;70.1;0.2
33;2021-09-05;380;1294;61;1233175;1147081;2674;75.5;70.2;0.2
33;2021-09-06;1547;6019;757;1234722;1153100;3431;75.6;70.6;0.2
33;2021-09-07;1927;5296;887;1236649;1158396;4318;75.7;70.9;0.3
33;2021-09-08;1710;5570;695;1238359;1163966;5013;75.8;71.3;0.3
33;2021-09-09;1702;5172;1148;1240061;1169138;6161;75.9;71.6;0.4
33;2021-09-10;1960;5688;1089;1242021;1174826;7250;76.0;71.9;0.4
33;2021-09-11;988;3916;268;1243009;1178742;7518;76.1;72.2;0.5
33;2021-09-12;125;473;52;1243134;1179215;7570;76.1;72.2;0.5
33;2021-09-13;1362;3299;1268;1244496;1182514;8838;76.2;72.4;0.5
33;2021-09-14;1414;3232;1928;1245910;1185746;10766;76.3;72.6;0.7
33;2021-09-15;1466;4176;1435;1247376;1189922;12201;76.4;72.8;0.7
33;2021-09-16;1374;3072;1956;1248750;1192994;14157;76.4;73.0;0.9
33;2021-09-17;1667;4212;1561;1250417;1197206;15718;76.6;73.3;1.0
33;2021-09-18;623;2931;342;1251040;1200137;16060;76.6;73.5;1.0
33;2021-09-19;109;355;26;1251149;1200492;16086;76.6;73.5;1.0
33;2021-09-20;966;1996;1362;1252115;1202488;17448;76.7;73.6;1.1
33;2021-09-21;897;2288;1749;1253012;1204776;19197;76.7;73.8;1.2
33;2021-09-22;904;3277;1417;1253916;1208053;20614;76.8;74.0;1.3
33;2021-09-23;842;2173;1491;1254758;1210226;22105;76.8;74.1;1.4
33;2021-09-24;1194;3485;1662;1255952;1213711;23767;76.9;74.3;1.5
33;2021-09-25;529;2289;382;1256481;1216000;24149;76.9;74.4;1.5
33;2021-09-26;70;314;34;1256551;1216314;24183;76.9;74.5;1.5
33;2021-09-27;597;1853;1105;1257148;1218167;25288;77.0;74.6;1.5
33;2021-09-28;763;1949;1541;1257911;1220116;26829;77.0;74.7;1.6
33;2021-09-29;840;2097;1084;1258751;1222213;27913;77.1;74.8;1.7
33;2021-09-30;649;1539;1397;1259400;1223752;29310;77.1;74.9;1.8
33;2021-10-01;1180;2478;1321;1260580;1226230;30631;77.2;75.1;1.9
33;2021-10-02;579;1330;447;1261159;1227560;31078;77.2;75.2;1.9
33;2021-10-03;14;51;4;1261173;1227611;31082;77.2;75.2;1.9
33;2021-10-04;658;1273;1378;1261831;1228884;32460;77.2;75.2;2.0
33;2021-10-05;581;1341;1342;1262412;1230225;33802;77.3;75.3;2.1
33;2021-10-06;748;1611;1309;1263160;1231836;35111;77.3;75.4;2.1
33;2021-10-07;552;1367;1525;1263712;1233203;36636;77.4;75.5;2.2
33;2021-10-08;853;1982;1685;1264565;1235185;38321;77.4;75.6;2.3
33;2021-10-09;516;968;582;1265081;1236153;38903;77.4;75.7;2.4
33;2021-10-10;14;45;14;1265095;1236198;38917;77.4;75.7;2.4
33;2021-10-11;492;1029;1636;1265587;1237227;40553;77.5;75.7;2.5
33;2021-10-12;559;1119;1732;1266146;1238346;42285;77.5;75.8;2.6
33;2021-10-13;732;1280;1640;1266878;1239626;43925;77.6;75.9;2.7
33;2021-10-14;523;1051;1875;1267401;1240677;45800;77.6;76.0;2.8
33;2021-10-15;874;1487;2532;1268275;1242164;48332;77.6;76.0;3.0
33;2021-10-16;444;685;667;1268719;1242849;48999;77.7;76.1;3.0
33;2021-10-17;27;35;20;1268746;1242884;49019;77.7;76.1;3.0
33;2021-10-18;536;647;1788;1269282;1243531;50807;77.7;76.1;3.1
33;2021-10-19;574;932;1844;1269856;1244463;52651;77.7;76.2;3.2
33;2021-10-20;599;1009;2118;1270455;1245472;54769;77.8;76.2;3.4
33;2021-10-21;495;727;1972;1270950;1246199;56741;77.8;76.3;3.5
33;2021-10-22;728;1254;2631;1271678;1247453;59372;77.9;76.4;3.6
33;2021-10-23;379;657;726;1272057;1248110;60098;77.9;76.4;3.7
33;2021-10-24;19;27;8;1272076;1248137;60106;77.9;76.4;3.7
33;2021-10-25;505;675;2144;1272581;1248812;62250;77.9;76.5;3.8
33;2021-10-26;465;589;2240;1273046;1249401;64490;77.9;76.5;3.9
33;2021-10-27;585;858;2696;1273631;1250259;67186;78.0;76.5;4.1
33;2021-10-28;452;553;2381;1274083;1250812;69567;78.0;76.6;4.3
33;2021-10-29;603;851;3237;1274686;1251663;72804;78.0;76.6;4.5
33;2021-10-30;299;428;895;1274985;1252091;73699;78.1;76.7;4.5
33;2021-10-31;12;25;22;1274997;1252116;73721;78.1;76.7;4.5
33;2021-11-01;95;65;81;1275092;1252181;73802;78.1;76.7;4.5
33;2021-11-02;485;711;2387;1275577;1252892;76189;78.1;76.7;4.7
33;2021-11-03;518;688;2593;1276095;1253580;78782;78.1;76.7;4.8
33;2021-11-04;427;570;3165;1276522;1254150;81947;78.1;76.8;5.0
33;2021-11-05;576;827;3838;1277098;1254977;85785;78.2;76.8;5.3
33;2021-11-06;268;415;1020;1277366;1255392;86805;78.2;76.9;5.3
33;2021-11-07;14;34;37;1277380;1255426;86842;78.2;76.9;5.3
33;2021-11-08;388;701;3367;1277768;1256127;90209;78.2;76.9;5.5
33;2021-11-09;518;725;4470;1278286;1256852;94679;78.3;76.9;5.8
33;2021-11-10;490;703;4629;1278776;1257555;99308;78.3;77.0;6.1
33;2021-11-11;116;100;392;1278892;1257655;99700;78.3;77.0;6.1
33;2021-11-12;550;760;4598;1279442;1258415;104298;78.3;77.0;6.4
33;2021-11-13;371;387;1481;1279813;1258802;105779;78.4;77.1;6.5
33;2021-11-14;27;48;97;1279840;1258850;105876;78.4;77.1;6.5
33;2021-11-15;445;558;4371;1280285;1259408;110247;78.4;77.1;6.7
33;2021-11-16;515;682;5467;1280800;1260090;115714;78.4;77.1;7.1
33;2021-11-17;491;615;4991;1281291;1260705;120705;78.4;77.2;7.4
33;2021-11-18;518;541;5727;1281809;1261246;126432;78.5;77.2;7.7
33;2021-11-19;720;876;6973;1282529;1262122;133405;78.5;77.3;8.2
33;2021-11-20;367;413;2011;1282896;1262535;135416;78.5;77.3;8.3
33;2021-11-21;19;41;161;1282915;1262576;135577;78.5;77.3;8.3
33;2021-11-22;499;445;4819;1283414;1263021;140396;78.6;77.3;8.6
33;2021-11-23;545;550;6774;1283959;1263571;147170;78.6;77.4;9.0
33;2021-11-24;551;558;5784;1284510;1264129;152954;78.6;77.4;9.4
33;2021-11-25;535;452;7443;1285045;1264581;160397;78.7;77.4;9.8
33;2021-11-26;695;787;10620;1285740;1265368;171017;78.7;77.5;10.5
33;2021-11-27;391;436;4568;1286131;1265804;175585;78.7;77.5;10.7
33;2021-11-28;33;69;1033;1286164;1265873;176618;78.7;77.5;10.8
33;2021-11-29;463;551;9403;1286627;1266424;186021;78.8;77.5;11.4
33;2021-11-30;560;657;12374;1287187;1267081;198395;78.8;77.6;12.1
33;2021-12-01;513;574;11584;1287700;1267655;209979;78.8;77.6;12.9
33;2021-12-02;426;415;14759;1288126;1268070;224738;78.9;77.6;13.8
33;2021-12-03;486;730;16140;1288612;1268800;240878;78.9;77.7;14.7
33;2021-12-04;289;430;7235;1288901;1269230;248113;78.9;77.7;15.2
33;2021-12-05;70;80;2221;1288971;1269310;250334;78.9;77.7;15.3
33;2021-12-06;342;494;12930;1289313;1269804;263264;78.9;77.7;16.1
33;2021-12-07;420;583;16719;1289733;1270387;279983;79.0;77.8;17.1
33;2021-12-08;435;527;15712;1290168;1270914;295695;79.0;77.8;18.1
33;2021-12-09;466;666;18179;1290634;1271580;313874;79.0;77.8;19.2
33;2021-12-10;516;738;19816;1291150;1272318;333690;79.0;77.9;20.4
33;2021-12-11;405;475;10986;1291555;1272793;344676;79.1;77.9;21.1
33;2021-12-12;71;76;2896;1291626;1272869;347572;79.1;77.9;21.3
33;2021-12-13;448;618;16974;1292074;1273487;364546;79.1;78.0;22.3
33;2021-12-14;494;664;21708;1292568;1274151;386254;79.1;78.0;23.6
33;2021-12-15;583;706;20472;1293151;1274857;406726;79.2;78.0;24.9
34;2020-12-27;0;0;0;0;0;0;0.0;0.0;0.0
34;2020-12-28;1;0;0;1;0;0;0.0;0.0;0.0
34;2020-12-29;1;0;0;2;0;0;0.0;0.0;0.0
34;2020-12-30;0;0;0;2;0;0;0.0;0.0;0.0
34;2020-12-31;0;0;0;2;0;0;0.0;0.0;0.0
34;2021-01-01;4;0;0;6;0;0;0.0;0.0;0.0
34;2021-01-02;0;0;0;6;0;0;0.0;0.0;0.0
34;2021-01-03;0;0;0;6;0;0;0.0;0.0;0.0
34;2021-01-04;22;0;0;28;0;0;0.0;0.0;0.0
34;2021-01-05;111;2;0;139;2;0;0.0;0.0;0.0
34;2021-01-06;186;5;0;325;7;0;0.0;0.0;0.0
34;2021-01-07;390;0;0;715;7;0;0.1;0.0;0.0
34;2021-01-08;626;0;0;1341;7;0;0.1;0.0;0.0
34;2021-01-09;254;1;0;1595;8;0;0.1;0.0;0.0
34;2021-01-10;92;1;0;1687;9;0;0.1;0.0;0.0
34;2021-01-11;589;2;0;2276;11;0;0.2;0.0;0.0
34;2021-01-12;1045;1;0;3321;12;0;0.3;0.0;0.0
34;2021-01-13;1094;7;0;4415;19;0;0.4;0.0;0.0
34;2021-01-14;1934;13;0;6349;32;0;0.5;0.0;0.0
34;2021-01-15;1505;6;0;7854;38;0;0.7;0.0;0.0
34;2021-01-16;329;6;0;8183;44;0;0.7;0.0;0.0
34;2021-01-17;226;1;0;8409;45;0;0.7;0.0;0.0
34;2021-01-18;1138;4;0;9547;49;0;0.8;0.0;0.0
34;2021-01-19;1669;8;0;11216;57;0;1.0;0.0;0.0
34;2021-01-20;2063;24;0;13279;81;0;1.1;0.0;0.0
34;2021-01-21;4032;19;0;17311;100;0;1.5;0.0;0.0
34;2021-01-22;2482;11;0;19793;111;0;1.7;0.0;0.0
34;2021-01-23;567;2;0;20360;113;0;1.7;0.0;0.0
34;2021-01-24;13;0;0;20373;113;0;1.7;0.0;0.0
34;2021-01-25;1236;11;0;21609;124;0;1.8;0.0;0.0
34;2021-01-26;1415;26;0;23024;150;0;2.0;0.0;0.0
34;2021-01-27;1411;38;0;24435;188;0;2.1;0.0;0.0
34;2021-01-28;1377;131;0;25812;319;0;2.2;0.0;0.0
34;2021-01-29;1254;175;0;27066;494;0;2.3;0.0;0.0
34;2021-01-30;478;15;0;27544;509;0;2.3;0.0;0.0
34;2021-01-31;5;0;0;27549;509;0;2.3;0.0;0.0
34;2021-02-01;994;272;0;28543;781;0;2.4;0.1;0.0
34;2021-02-02;1461;498;0;30004;1279;0;2.6;0.1;0.0
34;2021-02-03;2490;557;0;32494;1836;0;2.8;0.2;0.0
34;2021-02-04;2252;898;0;34746;2734;0;3.0;0.2;0.0
34;2021-02-05;1856;1195;0;36602;3929;0;3.1;0.3;0.0
34;2021-02-06;499;239;0;37101;4168;0;3.2;0.4;0.0
34;2021-02-07;35;108;0;37136;4276;0;3.2;0.4;0.0
34;2021-02-08;853;1067;0;37989;5343;0;3.2;0.5;0.0
34;2021-02-09;1038;1306;0;39027;6649;0;3.3;0.6;0.0
34;2021-02-10;1298;1499;0;40325;8148;0;3.4;0.7;0.0
34;2021-02-11;1779;2646;0;42104;10794;0;3.6;0.9;0.0
34;2021-02-12;1833;1639;0;43937;12433;0;3.7;1.1;0.0
34;2021-02-13;361;498;0;44298;12931;0;3.8;1.1;0.0
34;2021-02-14;27;282;0;44325;13213;0;3.8;1.1;0.0
34;2021-02-15;681;1176;0;45006;14389;0;3.8;1.2;0.0
34;2021-02-16;671;1513;0;45677;15902;0;3.9;1.4;0.0
34;2021-02-17;718;1490;0;46395;17392;0;3.9;1.5;0.0
34;2021-02-18;876;1479;0;47271;18871;0;4.0;1.6;0.0
34;2021-02-19;829;1232;0;48100;20103;0;4.1;1.7;0.0
34;2021-02-20;314;478;0;48414;20581;0;4.1;1.7;0.0
34;2021-02-21;65;22;0;48479;20603;0;4.1;1.8;0.0
34;2021-02-22;652;1281;0;49131;21884;0;4.2;1.9;0.0
34;2021-02-23;584;1473;0;49715;23357;0;4.2;2.0;0.0
34;2021-02-24;915;2286;0;50630;25643;0;4.3;2.2;0.0
34;2021-02-25;1606;2183;0;52236;27826;0;4.4;2.4;0.0
34;2021-02-26;1873;1600;0;54109;29426;0;4.6;2.5;0.0
34;2021-02-27;732;438;0;54841;29864;0;4.7;2.5;0.0
34;2021-02-28;88;61;0;54929;29925;0;4.7;2.5;0.0
34;2021-03-01;1005;1169;0;55934;31094;0;4.8;2.6;0.0
34;2021-03-02;1724;1278;0;57658;32372;0;4.9;2.8;0.0
34;2021-03-03;1964;1397;0;59622;33769;0;5.1;2.9;0.0
34;2021-03-04;2932;1649;0;62554;35418;0;5.3;3.0;0.0
34;2021-03-05;3814;1529;0;66368;36947;0;5.6;3.1;0.0
34;2021-03-06;2765;240;0;69133;37187;0;5.9;3.2;0.0
34;2021-03-07;1273;80;0;70406;37267;0;6.0;3.2;0.0
34;2021-03-08;2743;998;0;73149;38265;0;6.2;3.3;0.0
34;2021-03-09;4016;1409;0;77165;39674;0;6.6;3.4;0.0
34;2021-03-10;3974;1335;0;81139;41009;0;6.9;3.5;0.0
34;2021-03-11;5424;1301;0;86563;42310;0;7.4;3.6;0.0
34;2021-03-12;6504;941;0;93067;43251;0;7.9;3.7;0.0
34;2021-03-13;3264;192;0;96331;43443;0;8.2;3.7;0.0
34;2021-03-14;985;51;0;97316;43494;0;8.3;3.7;0.0
34;2021-03-15;3291;583;0;100607;44077;0;8.6;3.7;0.0
34;2021-03-16;2928;684;0;103535;44761;0;8.8;3.8;0.0
34;2021-03-17;3299;710;0;106834;45471;0;9.1;3.9;0.0
34;2021-03-18;3432;961;0;110266;46432;0;9.4;3.9;0.0
34;2021-03-19;4654;807;0;114920;47239;0;9.8;4.0;0.0
34;2021-03-20;3160;86;0;118080;47325;0;10.0;4.0;0.0
34;2021-03-21;1904;49;0;119984;47374;0;10.2;4.0;0.0
34;2021-03-22;3681;501;0;123665;47875;0;10.5;4.1;0.0
34;2021-03-23;4921;560;0;128586;48435;0;10.9;4.1;0.0
34;2021-03-24;5238;682;0;133824;49117;0;11.4;4.2;0.0
34;2021-03-25;7208;767;0;141032;49884;0;12.0;4.2;0.0
34;2021-03-26;7129;576;0;148161;50460;0;12.6;4.3;0.0
34;2021-03-27;2438;116;0;150599;50576;0;12.8;4.3;0.0
34;2021-03-28;686;26;0;151285;50602;0;12.9;4.3;0.0
34;2021-03-29;4176;900;0;155461;51502;0;13.2;4.4;0.0
34;2021-03-30;5243;1112;0;160704;52614;0;13.7;4.5;0.0
34;2021-03-31;5092;1348;0;165796;53962;0;14.1;4.6;0.0
34;2021-04-01;7036;1182;0;172832;55144;0;14.7;4.7;0.0
34;2021-04-02;5858;1301;0;178690;56445;0;15.2;4.8;0.0
34;2021-04-03;1219;252;0;179909;56697;0;15.3;4.8;0.0
34;2021-04-04;177;9;0;180086;56706;0;15.3;4.8;0.0
34;2021-04-05;583;62;0;180669;56768;0;15.4;4.8;0.0
34;2021-04-06;3370;2510;0;184039;59278;0;15.6;5.0;0.0
34;2021-04-07;3545;2671;0;187584;61949;0;15.9;5.3;0.0
34;2021-04-08;5389;2864;0;192973;64813;0;16.4;5.5;0.0
34;2021-04-09;8137;2549;0;201110;67362;0;17.1;5.7;0.0
34;2021-04-10;3302;1447;0;204412;68809;0;17.4;5.9;0.0
34;2021-04-11;1754;779;0;206166;69588;0;17.5;5.9;0.0
34;2021-04-12;4614;2553;0;210780;72141;0;17.9;6.1;0.0
34;2021-04-13;5402;3182;0;216182;75323;0;18.4;6.4;0.0
34;2021-04-14;5699;3300;0;221881;78623;0;18.9;6.7;0.0
34;2021-04-15;7055;3195;0;228936;81818;0;19.5;7.0;0.0
34;2021-04-16;6623;3155;0;235559;84973;0;20.0;7.2;0.0
34;2021-04-17;2619;2105;0;238178;87078;0;20.3;7.4;0.0
34;2021-04-18;1085;1658;0;239263;88736;0;20.3;7.5;0.0
34;2021-04-19;3551;3137;0;242814;91873;0;20.6;7.8;0.0
34;2021-04-20;3949;3678;0;246763;95551;0;21.0;8.1;0.0
34;2021-04-21;4452;3766;0;251215;99317;0;21.4;8.4;0.0
34;2021-04-22;4645;4641;0;255860;103958;0;21.8;8.8;0.0
34;2021-04-23;5560;3523;0;261420;107481;0;22.2;9.1;0.0
34;2021-04-24;3271;1661;0;264691;109142;0;22.5;9.3;0.0
34;2021-04-25;1882;624;0;266573;109766;0;22.7;9.3;0.0
34;2021-04-26;4257;3504;0;270830;113270;0;23.0;9.6;0.0
34;2021-04-27;5157;4086;0;275987;117356;0;23.5;10.0;0.0
34;2021-04-28;5760;3620;0;281747;120976;0;24.0;10.3;0.0
34;2021-04-29;6503;3980;0;288250;124956;0;24.5;10.6;0.0
34;2021-04-30;7843;3411;0;296093;128367;0;25.2;10.9;0.0
34;2021-05-01;2595;572;0;298688;128939;0;25.4;11.0;0.0
34;2021-05-02;3203;345;0;301891;129284;0;25.7;11.0;0.0
34;2021-05-03;6504;3080;0;308395;132364;0;26.2;11.3;0.0
34;2021-05-04;6979;4026;0;315374;136390;0;26.8;11.6;0.0
34;2021-05-05;6376;4649;0;321750;141039;0;27.4;12.0;0.0
34;2021-05-06;6939;5340;0;328689;146379;0;27.9;12.4;0.0
34;2021-05-07;6814;5769;0;335503;152148;0;28.5;12.9;0.0
34;2021-05-08;3657;1244;0;339160;153392;0;28.8;13.0;0.0
34;2021-05-09;2108;1276;0;341268;154668;0;29.0;13.2;0.0
34;2021-05-10;5678;4930;0;346946;159598;0;29.5;13.6;0.0
34;2021-05-11;7133;5459;0;354079;165057;0;30.1;14.0;0.0
34;2021-05-12;7570;4668;0;361649;169725;0;30.7;14.4;0.0
34;2021-05-13;6108;889;0;367757;170614;0;31.3;14.5;0.0
34;2021-05-14;7385;3895;0;375142;174509;0;31.9;14.8;0.0
34;2021-05-15;4822;1861;0;379964;176370;0;32.3;15.0;0.0
34;2021-05-16;4596;511;0;384560;176881;0;32.7;15.0;0.0
34;2021-05-17;8090;2187;0;392650;179068;0;33.4;15.2;0.0
34;2021-05-18;8629;2219;0;401279;181287;0;34.1;15.4;0.0
34;2021-05-19;8171;2052;0;409450;183339;0;34.8;15.6;0.0
34;2021-05-20;8384;2617;0;417834;185956;0;35.5;15.8;0.0
34;2021-05-21;8209;3287;0;426043;189243;0;36.2;16.1;0.0
34;2021-05-22;5536;1244;0;431579;190487;0;36.7;16.2;0.0
34;2021-05-23;3504;538;0;435083;191025;0;37.0;16.2;0.0
34;2021-05-24;1902;846;0;436985;191871;0;37.2;16.3;0.0
34;2021-05-25;6634;3788;0;443619;195659;0;37.7;16.6;0.0
34;2021-05-26;7769;3021;0;451388;198680;0;38.4;16.9;0.0
34;2021-05-27;7760;4243;0;459148;202923;0;39.0;17.3;0.0
34;2021-05-28;7498;5373;0;466646;208296;0;39.7;17.7;0.0
34;2021-05-29;3885;3121;0;470531;211417;0;40.0;18.0;0.0
34;2021-05-30;1799;1362;0;472330;212779;0;40.2;18.1;0.0
34;2021-05-31;5503;5094;0;477833;217873;0;40.6;18.5;0.0
34;2021-06-01;6590;5907;0;484423;223780;0;41.2;19.0;0.0
34;2021-06-02;5963;5663;0;490386;229443;0;41.7;19.5;0.0
34;2021-06-03;7313;6339;0;497699;235782;0;42.3;20.0;0.0
34;2021-06-04;7347;7578;0;505046;243360;0;42.9;20.7;0.0
34;2021-06-05;3937;3661;0;508983;247021;0;43.3;21.0;0.0
34;2021-06-06;3092;1791;0;512075;248812;0;43.5;21.2;0.0
34;2021-06-07;4257;6585;0;516332;255397;0;43.9;21.7;0.0
34;2021-06-08;5547;6605;0;521879;262002;0;44.4;22.3;0.0
34;2021-06-09;5541;6696;0;527420;268698;0;44.8;22.8;0.0
34;2021-06-10;5972;6749;0;533392;275447;0;45.4;23.4;0.0
34;2021-06-11;5310;9062;0;538702;284509;0;45.8;24.2;0.0
34;2021-06-12;3077;4635;0;541779;289144;0;46.1;24.6;0.0
34;2021-06-13;1053;1839;0;542832;290983;0;46.2;24.7;0.0
34;2021-06-14;3355;7664;0;546187;298647;0;46.4;25.4;0.0
34;2021-06-15;3894;8610;0;550081;307257;0;46.8;26.1;0.0
34;2021-06-16;4492;7791;0;554573;315048;0;47.2;26.8;0.0
34;2021-06-17;4090;7743;0;558663;322791;0;47.5;27.4;0.0
34;2021-06-18;4359;9076;0;563022;331867;0;47.9;28.2;0.0
34;2021-06-19;2652;4343;0;565674;336210;0;48.1;28.6;0.0
34;2021-06-20;865;2705;0;566539;338915;0;48.2;28.8;0.0
34;2021-06-21;2204;8352;0;568743;347267;0;48.4;29.5;0.0
34;2021-06-22;2837;9015;0;571580;356282;0;48.6;30.3;0.0
34;2021-06-23;3345;8691;0;574925;364973;0;48.9;31.0;0.0
34;2021-06-24;3347;8372;0;578272;373345;0;49.2;31.7;0.0
34;2021-06-25;3256;10193;0;581528;383538;0;49.4;32.6;0.0
34;2021-06-26;1589;6053;0;583117;389591;0;49.6;33.1;0.0
34;2021-06-27;327;3973;0;583444;393564;0;49.6;33.5;0.0
34;2021-06-28;2156;8961;0;585600;402525;0;49.8;34.2;0.0
34;2021-06-29;2589;9804;0;588189;412329;0;50.0;35.1;0.0
34;2021-06-30;3192;9103;0;591381;421432;0;50.3;35.8;0.0
34;2021-07-01;3492;8988;0;594873;430420;0;50.6;36.6;0.0
34;2021-07-02;3484;9234;0;598357;439654;0;50.9;37.4;0.0
34;2021-07-03;1649;5967;0;600006;445621;0;51.0;37.9;0.0
34;2021-07-04;343;2532;0;600349;448153;0;51.0;38.1;0.0
34;2021-07-05;3058;7656;0;603407;455809;0;51.3;38.8;0.0
34;2021-07-06;3298;8670;0;606705;464479;0;51.6;39.5;0.0
34;2021-07-07;3183;8229;0;609888;472708;0;51.9;40.2;0.0
34;2021-07-08;4045;8287;0;613933;480995;0;52.2;40.9;0.0
34;2021-07-09;3812;8988;0;617745;489983;0;52.5;41.7;0.0
34;2021-07-10;2137;5552;0;619882;495535;0;52.7;42.1;0.0
34;2021-07-11;860;2306;0;620742;497841;0;52.8;42.3;0.0
34;2021-07-12;2747;8523;0;623489;506364;0;53.0;43.1;0.0
34;2021-07-13;4507;9479;0;627996;515843;0;53.4;43.9;0.0
34;2021-07-14;891;576;0;628887;516419;0;53.5;43.9;0.0
34;2021-07-15;5710;9812;0;634597;526231;0;54.0;44.7;0.0
34;2021-07-16;5865;10129;0;640462;536360;0;54.5;45.6;0.0
34;2021-07-17;4426;4523;0;644888;540883;0;54.8;46.0;0.0
34;2021-07-18;394;345;0;645282;541228;0;54.9;46.0;0.0
34;2021-07-19;4980;7898;0;650262;549126;0;55.3;46.7;0.0
34;2021-07-20;6584;7859;0;656846;556985;0;55.8;47.4;0.0
34;2021-07-21;7242;7371;0;664088;564356;0;56.5;48.0;0.0
34;2021-07-22;7252;7543;0;671340;571899;0;57.1;48.6;0.0
34;2021-07-23;7689;7606;0;679029;579505;0;57.7;49.3;0.0
34;2021-07-24;5768;3163;0;684797;582668;0;58.2;49.5;0.0
34;2021-07-25;2796;556;0;687593;583224;0;58.5;49.6;0.0
34;2021-07-26;5966;6017;0;693559;589241;0;59.0;50.1;0.0
34;2021-07-27;7904;5545;0;701463;594786;0;59.6;50.6;0.0
34;2021-07-28;8604;5568;0;710067;600354;0;60.4;51.0;0.0
34;2021-07-29;10244;5577;0;720311;605931;0;61.2;51.5;0.0
34;2021-07-30;9003;6006;0;729314;611937;0;62.0;52.0;0.0
34;2021-07-31;5982;2246;0;735296;614183;0;62.5;52.2;0.0
34;2021-08-01;2913;622;0;738209;614805;0;62.8;52.3;0.0
34;2021-08-02;6762;4633;0;744971;619438;0;63.3;52.7;0.0
34;2021-08-03;7304;4944;0;752275;624382;0;64.0;53.1;0.0
34;2021-08-04;7286;3842;0;759561;628224;0;64.6;53.4;0.0
34;2021-08-05;6343;4391;0;765904;632615;0;65.1;53.8;0.0
34;2021-08-06;5456;4671;0;771360;637286;0;65.6;54.2;0.0
34;2021-08-07;3014;2352;0;774374;639638;0;65.8;54.4;0.0
34;2021-08-08;263;291;0;774637;639929;0;65.9;54.4;0.0
34;2021-08-09;4319;5522;0;778956;645451;0;66.2;54.9;0.0
34;2021-08-10;4646;5729;0;783602;651180;0;66.6;55.4;0.0
34;2021-08-11;4289;5670;0;787891;656850;0;67.0;55.8;0.0
34;2021-08-12;4056;5604;0;791947;662454;0;67.3;56.3;0.0
34;2021-08-13;3677;5237;0;795624;667691;0;67.6;56.8;0.0
34;2021-08-14;1804;2886;0;797428;670577;0;67.8;57.0;0.0
34;2021-08-15;244;291;0;797672;670868;0;67.8;57.0;0.0
34;2021-08-16;2602;6969;0;800274;677837;0;68.0;57.6;0.0
34;2021-08-17;3256;7539;0;803530;685376;0;68.3;58.3;0.0
34;2021-08-18;2905;6792;0;806435;692168;0;68.6;58.9;0.0
34;2021-08-19;2985;6909;0;809420;699077;0;68.8;59.4;0.0
34;2021-08-20;2573;7150;0;811993;706227;0;69.0;60.0;0.0
34;2021-08-21;1332;3601;0;813325;709828;0;69.2;60.4;0.0
34;2021-08-22;178;385;0;813503;710213;0;69.2;60.4;0.0
34;2021-08-23;2198;7878;0;815701;718091;0;69.4;61.1;0.0
34;2021-08-24;2475;8128;0;818176;726219;0;69.6;61.7;0.0
34;2021-08-25;2141;7779;0;820317;733998;0;69.7;62.4;0.0
34;2021-08-26;2360;7154;1;822677;741152;1;69.9;63.0;0.0
34;2021-08-27;2111;6920;1;824788;748072;2;70.1;63.6;0.0
34;2021-08-28;1087;3381;0;825875;751453;2;70.2;63.9;0.0
34;2021-08-29;301;1041;0;826176;752494;2;70.2;64.0;0.0
34;2021-08-30;1888;6299;112;828064;758793;114;70.4;64.5;0.0
34;2021-08-31;1945;6099;241;830009;764892;355;70.6;65.0;0.0
34;2021-09-01;2199;5341;541;832208;770233;896;70.8;65.5;0.1
34;2021-09-02;1626;3811;723;833834;774044;1619;70.9;65.8;0.1
34;2021-09-03;1742;4700;665;835576;778744;2284;71.0;66.2;0.2
34;2021-09-04;1325;3121;274;836901;781865;2558;71.2;66.5;0.2
34;2021-09-05;133;243;22;837034;782108;2580;71.2;66.5;0.2
34;2021-09-06;1149;2847;866;838183;784955;3446;71.3;66.7;0.3
34;2021-09-07;1206;2975;828;839389;787930;4274;71.4;67.0;0.4
34;2021-09-08;1502;3675;708;840891;791605;4982;71.5;67.3;0.4
34;2021-09-09;1109;2891;799;842000;794496;5781;71.6;67.6;0.5
34;2021-09-10;1496;3117;856;843496;797613;6637;71.7;67.8;0.6
34;2021-09-11;1213;1836;233;844709;799449;6870;71.8;68.0;0.6
34;2021-09-12;72;106;11;844781;799555;6881;71.8;68.0;0.6
34;2021-09-13;959;2285;806;845740;801840;7687;71.9;68.2;0.7
34;2021-09-14;1164;2078;1185;846904;803918;8872;72.0;68.4;0.8
34;2021-09-15;1401;2736;1075;848305;806654;9947;72.1;68.6;0.8
34;2021-09-16;869;1751;1029;849174;808405;10976;72.2;68.7;0.9
34;2021-09-17;1056;2306;1060;850230;810711;12036;72.3;68.9;1.0
34;2021-09-18;768;1704;267;850998;812415;12303;72.4;69.1;1.0
34;2021-09-19;49;67;33;851047;812482;12336;72.4;69.1;1.0
34;2021-09-20;612;1762;990;851659;814244;13326;72.4;69.2;1.1
34;2021-09-21;572;1572;984;852231;815816;14310;72.5;69.4;1.2
34;2021-09-22;773;2376;1064;853004;818192;15374;72.5;69.6;1.3
34;2021-09-23;625;1507;926;853629;819699;16300;72.6;69.7;1.4
34;2021-09-24;805;2081;1062;854434;821780;17362;72.6;69.9;1.5
34;2021-09-25;467;1473;225;854901;823253;17587;72.7;70.0;1.5
34;2021-09-26;39;150;18;854940;823403;17605;72.7;70.0;1.5
34;2021-09-27;568;1282;597;855508;824685;18202;72.7;70.1;1.5
34;2021-09-28;569;1015;607;856077;825700;18809;72.8;70.2;1.6
34;2021-09-29;809;1725;778;856886;827425;19587;72.9;70.4;1.7
34;2021-09-30;587;1243;930;857473;828668;20517;72.9;70.5;1.7
34;2021-10-01;996;1406;1015;858469;830074;21532;73.0;70.6;1.8
34;2021-10-02;680;1365;371;859149;831439;21903;73.0;70.7;1.9
34;2021-10-03;58;150;20;859207;831589;21923;73.1;70.7;1.9
34;2021-10-04;659;970;872;859866;832559;22795;73.1;70.8;1.9
34;2021-10-05;515;911;957;860381;833470;23752;73.2;70.9;2.0
34;2021-10-06;867;1558;1355;861248;835028;25107;73.2;71.0;2.1
34;2021-10-07;552;962;1285;861800;835990;26392;73.3;71.1;2.2
34;2021-10-08;843;1327;1542;862643;837317;27934;73.3;71.2;2.4
34;2021-10-09;543;962;469;863186;838279;28403;73.4;71.3;2.4
34;2021-10-10;73;93;26;863259;838372;28429;73.4;71.3;2.4
34;2021-10-11;621;923;1466;863880;839295;29895;73.5;71.4;2.5
34;2021-10-12;477;667;1305;864357;839962;31200;73.5;71.4;2.7
34;2021-10-13;604;1017;1503;864961;840979;32703;73.5;71.5;2.8
34;2021-10-14;510;643;1205;865471;841622;33908;73.6;71.6;2.9
34;2021-10-15;807;1139;1832;866278;842761;35740;73.7;71.7;3.0
34;2021-10-16;456;659;592;866734;843420;36332;73.7;71.7;3.1
34;2021-10-17;69;59;33;866803;843479;36365;73.7;71.7;3.1
34;2021-10-18;578;735;1745;867381;844214;38110;73.7;71.8;3.2
34;2021-10-19;434;627;1537;867815;844841;39647;73.8;71.8;3.4
34;2021-10-20;539;814;2045;868354;845655;41692;73.8;71.9;3.5
34;2021-10-21;417;606;1913;868771;846261;43605;73.9;72.0;3.7
34;2021-10-22;663;955;2092;869434;847216;45697;73.9;72.0;3.9
34;2021-10-23;263;572;694;869697;847788;46391;73.9;72.1;3.9
34;2021-10-24;59;62;54;869756;847850;46445;73.9;72.1;3.9
34;2021-10-25;598;823;2222;870354;848673;48667;74.0;72.2;4.1
34;2021-10-26;362;520;1674;870716;849193;50341;74.0;72.2;4.3
34;2021-10-27;473;725;2185;871189;849918;52526;74.1;72.3;4.5
34;2021-10-28;371;517;1871;871560;850435;54397;74.1;72.3;4.6
34;2021-10-29;543;725;2127;872103;851160;56524;74.1;72.4;4.8
34;2021-10-30;278;563;937;872381;851723;57461;74.2;72.4;4.9
34;2021-10-31;62;35;81;872443;851758;57542;74.2;72.4;4.9
34;2021-11-01;73;50;61;872516;851808;57603;74.2;72.4;4.9
34;2021-11-02;433;749;2008;872949;852557;59611;74.2;72.5;5.1
34;2021-11-03;436;675;2382;873385;853232;61993;74.3;72.5;5.3
34;2021-11-04;338;489;2352;873723;853721;64345;74.3;72.6;5.5
34;2021-11-05;519;649;2783;874242;854370;67128;74.3;72.6;5.7
34;2021-11-06;336;568;1065;874578;854938;68193;74.4;72.7;5.8
34;2021-11-07;60;63;66;874638;855001;68259;74.4;72.7;5.8
34;2021-11-08;371;606;2630;875009;855607;70889;74.4;72.7;6.0
34;2021-11-09;341;535;2789;875350;856142;73678;74.4;72.8;6.3
34;2021-11-10;473;723;3822;875823;856865;77500;74.5;72.9;6.6
34;2021-11-11;54;82;276;875877;856947;77776;74.5;72.9;6.6
34;2021-11-12;448;612;3668;876325;857559;81444;74.5;72.9;6.9
34;2021-11-13;273;369;1455;876598;857928;82899;74.5;72.9;7.0
34;2021-11-14;66;38;111;876664;857966;83010;74.5;72.9;7.1
34;2021-11-15;389;545;3311;877053;858511;86321;74.6;73.0;7.3
34;2021-11-16;347;506;3460;877400;859017;89781;74.6;73.0;7.6
34;2021-11-17;472;619;3809;877872;859636;93590;74.6;73.1;8.0
34;2021-11-18;405;509;3709;878277;860145;97299;74.7;73.1;8.3
34;2021-11-19;572;733;4713;878849;860878;102012;74.7;73.2;8.7
34;2021-11-20;314;442;1537;879163;861320;103549;74.7;73.2;8.8
34;2021-11-21;16;97;124;879179;861417;103673;74.8;73.2;8.8
34;2021-11-22;445;398;3846;879624;861815;107519;74.8;73.3;9.1
34;2021-11-23;407;464;4049;880031;862279;111568;74.8;73.3;9.5
34;2021-11-24;494;580;4251;880525;862859;115819;74.9;73.4;9.8
34;2021-11-25;430;430;4961;880955;863289;120780;74.9;73.4;10.3
34;2021-11-26;640;635;7403;881595;863924;128183;75.0;73.5;10.9
34;2021-11-27;346;416;3311;881941;864340;131494;75.0;73.5;11.2
34;2021-11-28;48;113;627;881989;864453;132121;75.0;73.5;11.2
34;2021-11-29;370;482;6554;882359;864935;138675;75.0;73.5;11.8
34;2021-11-30;440;464;8745;882799;865399;147420;75.1;73.6;12.5
34;2021-12-01;338;511;8388;883137;865910;155808;75.1;73.6;13.2
34;2021-12-02;349;388;10510;883486;866298;166318;75.1;73.7;14.1
34;2021-12-03;349;506;10352;883835;866804;176670;75.1;73.7;15.0
34;2021-12-04;207;320;4613;884042;867124;181283;75.2;73.7;15.4
34;2021-12-05;40;97;816;884082;867221;182099;75.2;73.7;15.5
34;2021-12-06;370;537;9865;884452;867758;191964;75.2;73.8;16.3
34;2021-12-07;464;527;12638;884916;868285;204602;75.2;73.8;17.4
34;2021-12-08;452;647;11211;885368;868932;215813;75.3;73.9;18.3
34;2021-12-09;379;476;13111;885747;869408;228924;75.3;73.9;19.5
34;2021-12-10;461;601;14285;886208;870009;243209;75.3;74.0;20.7
34;2021-12-11;270;481;6721;886478;870490;249930;75.4;74.0;21.2
34;2021-12-12;46;57;1203;886524;870547;251133;75.4;74.0;21.4
34;2021-12-13;352;504;11643;886876;871051;262776;75.4;74.1;22.3
34;2021-12-14;470;600;16189;887346;871651;278965;75.4;74.1;23.7
34;2021-12-15;426;621;13704;887772;872272;292669;75.5;74.2;24.9
35;2020-12-27;1;0;0;1;0;0;0.0;0.0;0.0
35;2020-12-28;0;0;0;1;0;0;0.0;0.0;0.0
35;2020-12-29;1;0;0;2;0;0;0.0;0.0;0.0
35;2020-12-30;0;0;0;2;0;0;0.0;0.0;0.0
35;2020-12-31;0;0;0;2;0;0;0.0;0.0;0.0
35;2021-01-01;3;0;0;5;0;0;0.0;0.0;0.0
35;2021-01-02;0;0;0;5;0;0;0.0;0.0;0.0
35;2021-01-03;0;0;0;5;0;0;0.0;0.0;0.0
35;2021-01-04;10;0;0;15;0;0;0.0;0.0;0.0
35;2021-01-05;116;0;0;131;0;0;0.0;0.0;0.0
35;2021-01-06;174;0;0;305;0;0;0.0;0.0;0.0
35;2021-01-07;462;1;0;767;1;0;0.1;0.0;0.0
35;2021-01-08;492;1;0;1259;2;0;0.1;0.0;0.0
35;2021-01-09;39;0;0;1298;2;0;0.1;0.0;0.0
35;2021-01-10;4;0;0;1302;2;0;0.1;0.0;0.0
35;2021-01-11;537;0;0;1839;2;0;0.2;0.0;0.0
35;2021-01-12;865;3;0;2704;5;0;0.2;0.0;0.0
35;2021-01-13;922;4;0;3626;9;0;0.3;0.0;0.0
35;2021-01-14;1259;15;0;4885;24;0;0.5;0.0;0.0
35;2021-01-15;703;2;0;5588;26;0;0.5;0.0;0.0
35;2021-01-16;190;2;0;5778;28;0;0.5;0.0;0.0
35;2021-01-17;54;0;0;5832;28;0;0.5;0.0;0.0
35;2021-01-18;1154;2;0;6986;30;0;0.6;0.0;0.0
35;2021-01-19;5127;17;0;12113;47;0;1.1;0.0;0.0
35;2021-01-20;3163;10;0;15276;57;0;1.4;0.0;0.0
35;2021-01-21;3527;13;0;18803;70;0;1.7;0.0;0.0
35;2021-01-22;2024;7;0;20827;77;0;1.9;0.0;0.0
35;2021-01-23;412;1;0;21239;78;0;2.0;0.0;0.0
35;2021-01-24;50;0;0;21289;78;0;2.0;0.0;0.0
35;2021-01-25;874;17;0;22163;95;0;2.0;0.0;0.0
35;2021-01-26;1154;135;0;23317;230;0;2.2;0.0;0.0
35;2021-01-27;1175;130;0;24492;360;0;2.3;0.0;0.0
35;2021-01-28;956;317;0;25448;677;0;2.4;0.1;0.0
35;2021-01-29;751;297;0;26199;974;0;2.4;0.1;0.0
35;2021-01-30;155;21;0;26354;995;0;2.4;0.1;0.0
35;2021-01-31;1;1;0;26355;996;0;2.4;0.1;0.0
35;2021-02-01;645;331;0;27000;1327;0;2.5;0.1;0.0
35;2021-02-02;769;501;0;27769;1828;0;2.6;0.2;0.0
35;2021-02-03;662;518;0;28431;2346;0;2.6;0.2;0.0
35;2021-02-04;648;644;0;29079;2990;0;2.7;0.3;0.0
35;2021-02-05;691;526;0;29770;3516;0;2.8;0.3;0.0
35;2021-02-06;179;12;0;29949;3528;0;2.8;0.3;0.0
35;2021-02-07;4;8;0;29953;3536;0;2.8;0.3;0.0
35;2021-02-08;442;620;0;30395;4156;0;2.8;0.4;0.0
35;2021-02-09;1656;3401;0;32051;7557;0;3.0;0.7;0.0
35;2021-02-10;1279;2609;0;33330;10166;0;3.1;0.9;0.0
35;2021-02-11;1907;3084;0;35237;13250;0;3.3;1.2;0.0
35;2021-02-12;1611;1689;0;36848;14939;0;3.4;1.4;0.0
35;2021-02-13;75;270;0;36923;15209;0;3.4;1.4;0.0
35;2021-02-14;9;72;0;36932;15281;0;3.4;1.4;0.0
35;2021-02-15;743;1029;0;37675;16310;0;3.5;1.5;0.0
35;2021-02-16;928;1120;0;38603;17430;0;3.6;1.6;0.0
35;2021-02-17;890;1180;0;39493;18610;0;3.6;1.7;0.0
35;2021-02-18;1005;1045;0;40498;19655;0;3.7;1.8;0.0
35;2021-02-19;1026;1003;0;41524;20658;0;3.8;1.9;0.0
35;2021-02-20;165;58;0;41689;20716;0;3.9;1.9;0.0
35;2021-02-21;3;3;0;41692;20719;0;3.9;1.9;0.0
35;2021-02-22;713;818;0;42405;21537;0;3.9;2.0;0.0
35;2021-02-23;1377;939;0;43782;22476;0;4.0;2.1;0.0
35;2021-02-24;1294;877;0;45076;23353;0;4.2;2.2;0.0
35;2021-02-25;2148;857;0;47224;24210;0;4.4;2.2;0.0
35;2021-02-26;2500;758;0;49724;24968;0;4.6;2.3;0.0
35;2021-02-27;863;128;0;50587;25096;0;4.7;2.3;0.0
35;2021-02-28;10;2;0;50597;25098;0;4.7;2.3;0.0
35;2021-03-01;881;650;0;51478;25748;0;4.8;2.4;0.0
35;2021-03-02;1587;1886;0;53065;27634;0;4.9;2.6;0.0
35;2021-03-03;1845;940;0;54910;28574;0;5.1;2.6;0.0
35;2021-03-04;2748;1406;0;57658;29980;0;5.3;2.8;0.0
35;2021-03-05;3587;1349;0;61245;31329;0;5.7;2.9;0.0
35;2021-03-06;1351;104;0;62596;31433;0;5.8;2.9;0.0
35;2021-03-07;65;42;0;62661;31475;0;5.8;2.9;0.0
35;2021-03-08;1372;583;0;64033;32058;0;5.9;3.0;0.0
35;2021-03-09;3050;637;0;67083;32695;0;6.2;3.0;0.0
35;2021-03-10;2825;591;0;69908;33286;0;6.5;3.1;0.0
35;2021-03-11;4079;718;0;73987;34004;0;6.8;3.1;0.0
35;2021-03-12;5800;584;0;79787;34588;0;7.4;3.2;0.0
35;2021-03-13;2422;137;0;82209;34725;0;7.6;3.2;0.0
35;2021-03-14;60;27;0;82269;34752;0;7.6;3.2;0.0
35;2021-03-15;1849;627;0;84118;35379;0;7.8;3.3;0.0
35;2021-03-16;2384;676;0;86502;36055;0;8.0;3.3;0.0
35;2021-03-17;2307;584;0;88809;36639;0;8.2;3.4;0.0
35;2021-03-18;2238;585;0;91047;37224;0;8.4;3.4;0.0
35;2021-03-19;3433;514;0;94480;37738;0;8.7;3.5;0.0
35;2021-03-20;1549;124;0;96029;37862;0;8.9;3.5;0.0
35;2021-03-21;53;2;0;96082;37864;0;8.9;3.5;0.0
35;2021-03-22;1709;781;0;97791;38645;0;9.0;3.6;0.0
35;2021-03-23;3500;1187;0;101291;39832;0;9.4;3.7;0.0
35;2021-03-24;3646;930;0;104937;40762;0;9.7;3.8;0.0
35;2021-03-25;5168;942;0;110105;41704;0;10.2;3.9;0.0
35;2021-03-26;5666;763;0;115771;42467;0;10.7;3.9;0.0
35;2021-03-27;1431;223;0;117202;42690;0;10.8;3.9;0.0
35;2021-03-28;24;0;0;117226;42690;0;10.8;3.9;0.0
35;2021-03-29;2761;852;0;119987;43542;0;11.1;4.0;0.0
35;2021-03-30;4199;1240;0;124186;44782;0;11.5;4.1;0.0
35;2021-03-31;3522;1303;0;127708;46085;0;11.8;4.3;0.0
35;2021-04-01;4303;1209;0;132011;47294;0;12.2;4.4;0.0
35;2021-04-02;4927;1147;0;136938;48441;0;12.7;4.5;0.0
35;2021-04-03;839;236;0;137777;48677;0;12.7;4.5;0.0
35;2021-04-04;23;19;0;137800;48696;0;12.7;4.5;0.0
35;2021-04-05;65;3;0;137865;48699;0;12.7;4.5;0.0
35;2021-04-06;3198;1947;0;141063;50646;0;13.0;4.7;0.0
35;2021-04-07;3911;1782;0;144974;52428;0;13.4;4.8;0.0
35;2021-04-08;5681;1576;0;150655;54004;0;13.9;5.0;0.0
35;2021-04-09;7358;1382;0;158013;55386;0;14.6;5.1;0.0
35;2021-04-10;2110;290;0;160123;55676;0;14.8;5.1;0.0
35;2021-04-11;68;37;0;160191;55713;0;14.8;5.1;0.0
35;2021-04-12;4999;1466;0;165190;57179;0;15.3;5.3;0.0
35;2021-04-13;7284;2660;0;172474;59839;0;15.9;5.5;0.0
35;2021-04-14;6043;2215;0;178517;62054;0;16.5;5.7;0.0
35;2021-04-15;7239;2180;0;185756;64234;0;17.2;5.9;0.0
35;2021-04-16;7750;1725;0;193506;65959;0;17.9;6.1;0.0
35;2021-04-17;1778;280;0;195284;66239;0;18.0;6.1;0.0
35;2021-04-18;44;11;0;195328;66250;0;18.1;6.1;0.0
35;2021-04-19;4588;1595;0;199916;67845;0;18.5;6.3;0.0
35;2021-04-20;4920;2553;0;204836;70398;0;18.9;6.5;0.0
35;2021-04-21;4920;2167;0;209756;72565;0;19.4;6.7;0.0
35;2021-04-22;6079;2280;0;215835;74845;0;19.9;6.9;0.0
35;2021-04-23;6460;2265;0;222295;77110;0;20.5;7.1;0.0
35;2021-04-24;1269;389;0;223564;77499;0;20.7;7.2;0.0
35;2021-04-25;59;26;0;223623;77525;0;20.7;7.2;0.0
35;2021-04-26;4767;2176;0;228390;79701;0;21.1;7.4;0.0
35;2021-04-27;5709;3126;0;234099;82827;0;21.6;7.7;0.0
35;2021-04-28;5780;2607;1;239879;85434;1;22.2;7.9;0.0
35;2021-04-29;6779;2764;0;246658;88198;1;22.8;8.2;0.0
35;2021-04-30;7127;2666;0;253785;90864;1;23.5;8.4;0.0
35;2021-05-01;666;266;0;254451;91130;1;23.5;8.4;0.0
35;2021-05-02;49;46;0;254500;91176;1;23.5;8.4;0.0
35;2021-05-03;5079;2393;0;259579;93569;1;24.0;8.6;0.0
35;2021-05-04;4856;5181;0;264435;98750;1;24.4;9.1;0.0
35;2021-05-05;4701;4370;0;269136;103120;1;24.9;9.5;0.0
35;2021-05-06;5955;5143;0;275091;108263;1;25.4;10.0;0.0
35;2021-05-07;5408;5086;0;280499;113349;1;25.9;10.5;0.0
35;2021-05-08;1854;172;0;282353;113521;1;26.1;10.5;0.0
35;2021-05-09;731;114;0;283084;113635;1;26.2;10.5;0.0
35;2021-05-10;3811;4723;0;286895;118358;1;26.5;10.9;0.0
35;2021-05-11;5071;5550;0;291966;123908;1;27.0;11.5;0.0
35;2021-05-12;5671;5172;0;297637;129080;1;27.5;11.9;0.0
35;2021-05-13;2715;1391;0;300352;130471;1;27.8;12.1;0.0
35;2021-05-14;5950;4002;0;306302;134473;1;28.3;12.4;0.0
35;2021-05-15;3447;732;0;309749;135205;1;28.6;12.5;0.0
35;2021-05-16;1227;91;0;310976;135296;1;28.7;12.5;0.0
35;2021-05-17;4981;3654;0;315957;138950;1;29.2;12.8;0.0
35;2021-05-18;6283;4055;0;322240;143005;1;29.8;13.2;0.0
35;2021-05-19;6286;3382;0;328526;146387;1;30.4;13.5;0.0
35;2021-05-20;7086;3729;0;335612;150116;1;31.0;13.9;0.0
35;2021-05-21;6593;4503;0;342205;154619;1;31.6;14.3;0.0
35;2021-05-22;2765;794;0;344970;155413;1;31.9;14.4;0.0
35;2021-05-23;873;74;0;345843;155487;1;32.0;14.4;0.0
35;2021-05-24;3519;1233;0;349362;156720;1;32.3;14.5;0.0
35;2021-05-25;6201;4023;0;355563;160743;1;32.9;14.9;0.0
35;2021-05-26;6369;4056;0;361932;164799;1;33.4;15.2;0.0
35;2021-05-27;7126;4718;0;369058;169517;1;34.1;15.7;0.0
35;2021-05-28;6894;5502;0;375952;175019;1;34.7;16.2;0.0
35;2021-05-29;3611;1266;0;379563;176285;1;35.1;16.3;0.0
35;2021-05-30;946;66;0;380509;176351;1;35.2;16.3;0.0
35;2021-05-31;6863;4181;0;387372;180532;1;35.8;16.7;0.0
35;2021-06-01;8004;4929;0;395376;185461;1;36.5;17.1;0.0
35;2021-06-02;7854;3862;0;403230;189323;1;37.3;17.5;0.0
35;2021-06-03;8674;4912;0;411904;194235;1;38.1;18.0;0.0
35;2021-06-04;7661;7242;0;419565;201477;1;38.8;18.6;0.0
35;2021-06-05;4480;1647;0;424045;203124;1;39.2;18.8;0.0
35;2021-06-06;2755;187;0;426800;203311;1;39.4;18.8;0.0
35;2021-06-07;6319;5441;0;433119;208752;1;40.0;19.3;0.0
35;2021-06-08;7991;5713;0;441110;214465;1;40.8;19.8;0.0
35;2021-06-09;8642;4631;0;449752;219096;1;41.6;20.2;0.0
35;2021-06-10;9495;4673;0;459247;223769;1;42.4;20.7;0.0
35;2021-06-11;8905;7187;0;468152;230956;1;43.3;21.3;0.0
35;2021-06-12;5134;1385;0;473286;232341;1;43.7;21.5;0.0
35;2021-06-13;3162;244;0;476448;232585;1;44.0;21.5;0.0
35;2021-06-14;6285;6315;0;482733;238900;1;44.6;22.1;0.0
35;2021-06-15;7465;6695;0;490198;245595;1;45.3;22.7;0.0
35;2021-06-16;8207;5560;0;498405;251155;1;46.1;23.2;0.0
35;2021-06-17;8617;5754;0;507022;256909;1;46.9;23.7;0.0
35;2021-06-18;8587;7911;0;515609;264820;1;47.7;24.5;0.0
35;2021-06-19;1921;2834;0;517530;267654;1;47.8;24.7;0.0
35;2021-06-20;2569;919;0;520099;268573;1;48.1;24.8;0.0
35;2021-06-21;5703;6305;0;525802;274878;1;48.6;25.4;0.0
35;2021-06-22;6640;7578;0;532442;282456;1;49.2;26.1;0.0
35;2021-06-23;6896;6354;0;539338;288810;1;49.8;26.7;0.0
35;2021-06-24;7966;6043;0;547304;294853;1;50.6;27.2;0.0
35;2021-06-25;6473;8783;0;553777;303636;1;51.2;28.1;0.0
35;2021-06-26;1387;3604;0;555164;307240;1;51.3;28.4;0.0
35;2021-06-27;2274;1216;0;557438;308456;1;51.5;28.5;0.0
35;2021-06-28;4153;7965;0;561591;316421;1;51.9;29.2;0.0
35;2021-06-29;4871;8275;0;566462;324696;1;52.3;30.0;0.0
35;2021-06-30;5381;8094;0;571843;332790;1;52.8;30.8;0.0
35;2021-07-01;6193;7804;0;578036;340594;1;53.4;31.5;0.0
35;2021-07-02;5228;9925;0;583264;350519;1;53.9;32.4;0.0
35;2021-07-03;1130;3594;0;584394;354113;1;54.0;32.7;0.0
35;2021-07-04;1837;1641;0;586231;355754;1;54.2;32.9;0.0
35;2021-07-05;3753;8455;0;589984;364209;1;54.5;33.7;0.0
35;2021-07-06;4612;9724;0;594596;373933;1;54.9;34.6;0.0
35;2021-07-07;4975;8683;0;599571;382616;1;55.4;35.4;0.0
35;2021-07-08;5332;8855;0;604903;391471;1;55.9;36.2;0.0
35;2021-07-09;4054;11789;0;608957;403260;1;56.3;37.3;0.0
35;2021-07-10;1103;3787;0;610060;407047;1;56.4;37.6;0.0
35;2021-07-11;1181;2257;0;611241;409304;1;56.5;37.8;0.0
35;2021-07-12;3107;9536;0;614348;418840;1;56.8;38.7;0.0
35;2021-07-13;4159;11152;0;618507;429992;1;57.2;39.7;0.0
35;2021-07-14;2282;4363;0;620789;434355;1;57.4;40.1;0.0
35;2021-07-15;4787;10473;0;625576;444828;1;57.8;41.1;0.0
35;2021-07-16;5189;11294;0;630765;456122;1;58.3;42.2;0.0
35;2021-07-17;2549;4522;0;633314;460644;1;58.5;42.6;0.0
35;2021-07-18;988;2431;0;634302;463075;1;58.6;42.8;0.0
35;2021-07-19;3675;9408;0;637977;472483;1;59.0;43.7;0.0
35;2021-07-20;5185;11033;0;643162;483516;1;59.4;44.7;0.0
35;2021-07-21;4908;9684;0;648070;493200;1;59.9;45.6;0.0
35;2021-07-22;5272;9837;0;653342;503037;1;60.4;46.5;0.0
35;2021-07-23;5069;11233;0;658411;514270;1;60.8;47.5;0.0
35;2021-07-24;2296;4713;0;660707;518983;1;61.1;48.0;0.0
35;2021-07-25;863;2677;0;661570;521660;1;61.1;48.2;0.0
35;2021-07-26;4318;8752;0;665888;530412;1;61.5;49.0;0.0
35;2021-07-27;5975;9809;0;671863;540221;1;62.1;49.9;0.0
35;2021-07-28;5845;8783;0;677708;549004;1;62.6;50.7;0.0
35;2021-07-29;6763;8391;0;684471;557395;1;63.3;51.5;0.0
35;2021-07-30;6399;9142;0;690870;566537;1;63.8;52.4;0.0
35;2021-07-31;2864;3841;0;693734;570378;1;64.1;52.7;0.0
35;2021-08-01;1481;2263;0;695215;572641;1;64.2;52.9;0.0
35;2021-08-02;5288;6909;0;700503;579550;1;64.7;53.6;0.0
35;2021-08-03;7218;7522;0;707721;587072;1;65.4;54.3;0.0
35;2021-08-04;7262;6613;0;714983;593685;1;66.1;54.9;0.0
35;2021-08-05;7150;6900;0;722133;600585;1;66.7;55.5;0.0
35;2021-08-06;6515;7208;0;728648;607793;1;67.3;56.2;0.0
35;2021-08-07;2585;3270;0;731233;611063;1;67.6;56.5;0.0
35;2021-08-08;1583;2065;0;732816;613128;1;67.7;56.7;0.0
35;2021-08-09;4871;5557;0;737687;618685;1;68.2;57.2;0.0
35;2021-08-10;6524;6352;0;744211;625037;1;68.8;57.8;0.0
35;2021-08-11;6339;5757;0;750550;630794;1;69.4;58.3;0.0
35;2021-08-12;6571;5491;0;757121;636285;1;70.0;58.8;0.0
35;2021-08-13;6301;5076;0;763422;641361;1;70.6;59.3;0.0
35;2021-08-14;2892;2155;0;766314;643516;1;70.8;59.5;0.0
35;2021-08-15;1961;1154;0;768275;644670;1;71.0;59.6;0.0
35;2021-08-16;4432;5163;0;772707;649833;1;71.4;60.1;0.0
35;2021-08-17;5825;6078;0;778532;655911;1;71.9;60.6;0.0
35;2021-08-18;5883;5477;0;784415;661388;1;72.5;61.1;0.0
35;2021-08-19;5517;5770;0;789932;667158;1;73.0;61.7;0.0
35;2021-08-20;4680;6229;0;794612;673387;1;73.4;62.2;0.0
35;2021-08-21;2087;2809;0;796699;676196;1;73.6;62.5;0.0
35;2021-08-22;1465;1661;0;798164;677857;1;73.8;62.6;0.0
35;2021-08-23;2802;6016;0;800966;683873;1;74.0;63.2;0.0
35;2021-08-24;3126;7132;0;804092;691005;1;74.3;63.9;0.0
35;2021-08-25;2986;6555;0;807078;697560;1;74.6;64.5;0.0
35;2021-08-26;2432;6823;0;809510;704383;1;74.8;65.1;0.0
35;2021-08-27;2518;7113;0;812028;711496;1;75.0;65.8;0.0
35;2021-08-28;1075;3125;0;813103;714621;1;75.1;66.0;0.0
35;2021-08-29;443;1637;0;813546;716258;1;75.2;66.2;0.0
35;2021-08-30;1827;5295;100;815373;721553;101;75.4;66.7;0.0
35;2021-08-31;2174;6229;147;817547;727782;248;75.6;67.3;0.0
35;2021-09-01;1811;5624;308;819358;733406;556;75.7;67.8;0.1
35;2021-09-02;1747;5463;389;821105;738869;945;75.9;68.3;0.1
35;2021-09-03;1903;6361;385;823008;745230;1330;76.1;68.9;0.1
35;2021-09-04;1063;3805;86;824071;749035;1416;76.2;69.2;0.1
35;2021-09-05;407;1759;63;824478;750794;1479;76.2;69.4;0.1
35;2021-09-06;1060;4359;410;825538;755153;1889;76.3;69.8;0.2
35;2021-09-07;1224;4633;506;826762;759786;2395;76.4;70.2;0.2
35;2021-09-08;1265;5513;443;828027;765299;2838;76.5;70.7;0.3
35;2021-09-09;1193;4410;475;829220;769709;3313;76.6;71.1;0.3
35;2021-09-10;1463;5545;607;830683;775254;3920;76.8;71.6;0.4
35;2021-09-11;583;3614;113;831266;778868;4033;76.8;72.0;0.4
35;2021-09-12;217;1943;48;831483;780811;4081;76.8;72.2;0.4
35;2021-09-13;1163;3416;580;832646;784227;4661;76.9;72.5;0.4
35;2021-09-14;1242;3016;1227;833888;787243;5888;77.1;72.8;0.5
35;2021-09-15;1103;4210;855;834991;791453;6743;77.2;73.1;0.6
35;2021-09-16;961;2544;997;835952;793997;7740;77.3;73.4;0.7
35;2021-09-17;1172;3462;998;837124;797459;8738;77.4;73.7;0.8
35;2021-09-18;500;2664;165;837624;800123;8903;77.4;73.9;0.8
35;2021-09-19;104;761;28;837728;800884;8931;77.4;74.0;0.8
35;2021-09-20;1042;2284;782;838770;803168;9713;77.5;74.2;0.9
35;2021-09-21;638;1771;1066;839408;804939;10779;77.6;74.4;1.0
35;2021-09-22;752;3263;945;840160;808202;11724;77.6;74.7;1.1
35;2021-09-23;575;1489;1162;840735;809691;12886;77.7;74.8;1.2
35;2021-09-24;852;2701;1025;841587;812392;13911;77.8;75.1;1.3
35;2021-09-25;363;1677;166;841950;814069;14077;77.8;75.2;1.3
35;2021-09-26;8;116;11;841958;814185;14088;77.8;75.2;1.3
35;2021-09-27;485;1464;884;842443;815649;14972;77.9;75.4;1.4
35;2021-09-28;442;1121;1003;842885;816770;15975;77.9;75.5;1.5
35;2021-09-29;551;1825;904;843436;818595;16879;77.9;75.7;1.6
35;2021-09-30;358;854;835;843794;819449;17714;78.0;75.7;1.6
35;2021-10-01;796;2004;1119;844590;821453;18833;78.1;75.9;1.7
35;2021-10-02;333;1026;202;844923;822479;19035;78.1;76.0;1.8
35;2021-10-03;7;29;3;844930;822508;19038;78.1;76.0;1.8
35;2021-10-04;478;941;815;845408;823449;19853;78.1;76.1;1.8
35;2021-10-05;408;876;1061;845816;824325;20914;78.2;76.2;1.9
35;2021-10-06;529;1208;886;846345;825533;21800;78.2;76.3;2.0
35;2021-10-07;353;864;1047;846698;826397;22847;78.2;76.4;2.1
35;2021-10-08;619;1862;1256;847317;828259;24103;78.3;76.5;2.2
35;2021-10-09;349;870;355;847666;829129;24458;78.3;76.6;2.3
35;2021-10-10;5;6;2;847671;829135;24460;78.3;76.6;2.3
35;2021-10-11;391;768;841;848062;829903;25301;78.4;76.7;2.3
35;2021-10-12;366;644;928;848428;830547;26229;78.4;76.8;2.4
35;2021-10-13;460;735;871;848888;831282;27100;78.5;76.8;2.5
35;2021-10-14;296;645;826;849184;831927;27926;78.5;76.9;2.6
35;2021-10-15;597;1422;1635;849781;833349;29561;78.5;77.0;2.7
35;2021-10-16;359;596;461;850140;833945;30022;78.6;77.1;2.8
35;2021-10-17;5;12;0;850145;833957;30022;78.6;77.1;2.8
35;2021-10-18;347;674;857;850492;834631;30879;78.6;77.1;2.9
35;2021-10-19;323;651;943;850815;835282;31822;78.6;77.2;2.9
35;2021-10-20;444;790;1472;851259;836072;33294;78.7;77.3;3.1
35;2021-10-21;277;474;1179;851536;836546;34473;78.7;77.3;3.2
35;2021-10-22;456;883;1795;851992;837429;36268;78.7;77.4;3.4
35;2021-10-23;257;410;581;852249;837839;36849;78.8;77.4;3.4
35;2021-10-24;0;13;10;852249;837852;36859;78.8;77.4;3.4
35;2021-10-25;333;474;1186;852582;838326;38045;78.8;77.5;3.5
35;2021-10-26;282;399;1093;852864;838725;39138;78.8;77.5;3.6
35;2021-10-27;293;474;1312;853157;839199;40450;78.8;77.6;3.7
35;2021-10-28;314;453;1192;853471;839652;41642;78.9;77.6;3.8
35;2021-10-29;463;656;1906;853934;840308;43548;78.9;77.7;4.0
35;2021-10-30;177;283;415;854111;840591;43963;78.9;77.7;4.1
35;2021-10-31;5;10;5;854116;840601;43968;78.9;77.7;4.1
35;2021-11-01;24;14;9;854140;840615;43977;78.9;77.7;4.1
35;2021-11-02;346;559;1404;854486;841174;45381;79.0;77.7;4.2
35;2021-11-03;286;478;1759;854772;841652;47140;79.0;77.8;4.4
35;2021-11-04;253;338;1623;855025;841990;48763;79.0;77.8;4.5
35;2021-11-05;370;574;2480;855395;842564;51243;79.1;77.9;4.7
35;2021-11-06;153;308;596;855548;842872;51839;79.1;77.9;4.8
35;2021-11-07;3;7;3;855551;842879;51842;79.1;77.9;4.8
35;2021-11-08;251;421;2158;855802;843300;54000;79.1;77.9;5.0
35;2021-11-09;331;461;2617;856133;843761;56617;79.1;78.0;5.2
35;2021-11-10;414;530;3011;856547;844291;59628;79.2;78.0;5.5
35;2021-11-11;14;15;58;856561;844306;59686;79.2;78.0;5.5
35;2021-11-12;297;508;2990;856858;844814;62676;79.2;78.1;5.8
35;2021-11-13;168;275;852;857026;845089;63528;79.2;78.1;5.9
35;2021-11-14;6;6;20;857032;845095;63548;79.2;78.1;5.9
35;2021-11-15;242;386;3093;857274;845481;66641;79.2;78.1;6.2
35;2021-11-16;290;351;3493;857564;845832;70134;79.3;78.2;6.5
35;2021-11-17;434;439;3606;857998;846271;73740;79.3;78.2;6.8
35;2021-11-18;318;308;3341;858316;846579;77081;79.3;78.2;7.1
35;2021-11-19;460;549;4436;858776;847128;81517;79.4;78.3;7.5
35;2021-11-20;180;229;1122;858956;847357;82639;79.4;78.3;7.6
35;2021-11-21;4;12;18;858960;847369;82657;79.4;78.3;7.6
35;2021-11-22;303;207;3432;859263;847576;86089;79.4;78.3;8.0
35;2021-11-23;360;274;4140;859623;847850;90229;79.4;78.4;8.3
35;2021-11-24;451;412;3934;860074;848262;94163;79.5;78.4;8.7
35;2021-11-25;298;292;4286;860372;848554;98449;79.5;78.4;9.1
35;2021-11-26;381;434;6612;860753;848988;105061;79.5;78.5;9.7
35;2021-11-27;156;204;1801;860909;849192;106862;79.6;78.5;9.9
35;2021-11-28;8;16;155;860917;849208;107017;79.6;78.5;9.9
35;2021-11-29;196;297;5673;861113;849505;112690;79.6;78.5;10.4
35;2021-11-30;266;348;7403;861379;849853;120093;79.6;78.5;11.1
35;2021-12-01;251;381;7400;861630;850234;127493;79.6;78.6;11.8
35;2021-12-02;226;215;8241;861856;850449;135734;79.6;78.6;12.5
35;2021-12-03;231;369;10682;862087;850818;146416;79.7;78.6;13.5
35;2021-12-04;167;218;3921;862254;851036;150337;79.7;78.6;13.9
35;2021-12-05;36;30;1266;862290;851066;151603;79.7;78.7;14.0
35;2021-12-06;198;263;10289;862488;851329;161892;79.7;78.7;15.0
35;2021-12-07;238;336;12815;862726;851665;174707;79.7;78.7;16.1
35;2021-12-08;274;439;10997;863000;852104;185704;79.8;78.7;17.2
35;2021-12-09;261;329;12088;863261;852433;197792;79.8;78.8;18.3
35;2021-12-10;292;483;14409;863553;852916;212201;79.8;78.8;19.6
35;2021-12-11;180;237;5144;863733;853153;217345;79.8;78.8;20.1
35;2021-12-12;40;25;1678;863773;853178;219023;79.8;78.8;20.2
35;2021-12-13;203;325;11960;863976;853503;230983;79.8;78.9;21.3
35;2021-12-14;266;381;14602;864242;853884;245585;79.9;78.9;22.7
35;2021-12-15;292;472;12756;864534;854356;258341;79.9;79.0;23.9
36;2020-12-27;0;0;0;0;0;0;0.0;0.0;0.0
36;2020-12-28;1;0;0;1;0;0;0.0;0.0;0.0
36;2020-12-29;0;0;0;1;0;0;0.0;0.0;0.0
36;2020-12-30;0;0;0;1;0;0;0.0;0.0;0.0
36;2020-12-31;0;0;0;1;0;0;0.0;0.0;0.0
36;2021-01-01;0;0;0;1;0;0;0.0;0.0;0.0
36;2021-01-02;0;0;0;1;0;0;0.0;0.0;0.0
36;2021-01-03;0;0;0;1;0;0;0.0;0.0;0.0
36;2021-01-04;0;0;0;1;0;0;0.0;0.0;0.0
36;2021-01-05;0;0;0;1;0;0;0.0;0.0;0.0
36;2021-01-06;20;0;0;21;0;0;0.0;0.0;0.0
36;2021-01-07;51;0;0;72;0;0;0.0;0.0;0.0
36;2021-01-08;110;0;0;182;0;0;0.1;0.0;0.0
36;2021-01-09;84;1;0;266;1;0;0.1;0.0;0.0
36;2021-01-10;135;0;0;401;1;0;0.2;0.0;0.0
36;2021-01-11;213;1;0;614;2;0;0.3;0.0;0.0
36;2021-01-12;280;0;0;894;2;0;0.4;0.0;0.0
36;2021-01-13;187;2;0;1081;4;0;0.5;0.0;0.0
36;2021-01-14;472;4;0;1553;8;0;0.7;0.0;0.0
36;2021-01-15;178;1;0;1731;9;0;0.8;0.0;0.0
36;2021-01-16;24;1;0;1755;10;0;0.8;0.0;0.0
36;2021-01-17;13;1;0;1768;11;0;0.8;0.0;0.0
36;2021-01-18;606;5;0;2374;16;0;1.1;0.0;0.0
36;2021-01-19;1135;1;0;3509;17;0;1.6;0.0;0.0
36;2021-01-20;1087;4;0;4596;21;0;2.1;0.0;0.0
36;2021-01-21;696;1;0;5292;22;0;2.4;0.0;0.0
36;2021-01-22;837;2;0;6129;24;0;2.8;0.0;0.0
36;2021-01-23;290;0;0;6419;24;0;3.0;0.0;0.0
36;2021-01-24;158;1;0;6577;25;0;3.0;0.0;0.0
36;2021-01-25;578;4;0;7155;29;0;3.3;0.0;0.0
36;2021-01-26;570;2;0;7725;31;0;3.6;0.0;0.0
36;2021-01-27;797;14;0;8522;45;0;3.9;0.0;0.0
36;2021-01-28;439;46;0;8961;91;0;4.1;0.0;0.0
36;2021-01-29;473;91;0;9434;182;0;4.3;0.1;0.0
36;2021-01-30;242;71;0;9676;253;0;4.5;0.1;0.0
36;2021-01-31;106;124;0;9782;377;0;4.5;0.2;0.0
36;2021-02-01;323;90;0;10105;467;0;4.7;0.2;0.0
36;2021-02-02;371;162;0;10476;629;0;4.8;0.3;0.0
36;2021-02-03;411;245;0;10887;874;0;5.0;0.4;0.0
36;2021-02-04;248;264;0;11135;1138;0;5.1;0.5;0.0
36;2021-02-05;260;153;0;11395;1291;0;5.2;0.6;0.0
36;2021-02-06;3;1;0;11398;1292;0;5.2;0.6;0.0
36;2021-02-07;2;0;0;11400;1292;0;5.3;0.6;0.0
36;2021-02-08;235;255;0;11635;1547;0;5.4;0.7;0.0
36;2021-02-09;325;589;0;11960;2136;0;5.5;1.0;0.0
36;2021-02-10;473;634;0;12433;2770;0;5.7;1.3;0.0
36;2021-02-11;366;558;0;12799;3328;0;5.9;1.5;0.0
36;2021-02-12;311;443;0;13110;3771;0;6.0;1.7;0.0
36;2021-02-13;128;81;0;13238;3852;0;6.1;1.8;0.0
36;2021-02-14;26;43;0;13264;3895;0;6.1;1.8;0.0
36;2021-02-15;49;545;0;13313;4440;0;6.1;2.0;0.0
36;2021-02-16;114;402;0;13427;4842;0;6.2;2.2;0.0
36;2021-02-17;125;594;0;13552;5436;0;6.2;2.5;0.0
36;2021-02-18;178;576;0;13730;6012;0;6.3;2.8;0.0
36;2021-02-19;169;500;0;13899;6512;0;6.4;3.0;0.0
36;2021-02-20;83;226;0;13982;6738;0;6.4;3.1;0.0
36;2021-02-21;83;145;0;14065;6883;0;6.5;3.2;0.0
36;2021-02-22;162;447;0;14227;7330;0;6.6;3.4;0.0
36;2021-02-23;65;547;0;14292;7877;0;6.6;3.6;0.0
36;2021-02-24;123;656;0;14415;8533;0;6.6;3.9;0.0
36;2021-02-25;266;294;0;14681;8827;0;6.8;4.1;0.0
36;2021-02-26;341;414;0;15022;9241;0;6.9;4.3;0.0
36;2021-02-27;75;261;0;15097;9502;0;7.0;4.4;0.0
36;2021-02-28;13;89;0;15110;9591;0;7.0;4.4;0.0
36;2021-03-01;203;306;0;15313;9897;0;7.1;4.6;0.0
36;2021-03-02;346;341;0;15659;10238;0;7.2;4.7;0.0
36;2021-03-03;385;469;0;16044;10707;0;7.4;4.9;0.0
36;2021-03-04;651;346;0;16695;11053;0;7.7;5.1;0.0
36;2021-03-05;768;278;0;17463;11331;0;8.0;5.2;0.0
36;2021-03-06;403;18;0;17866;11349;0;8.2;5.2;0.0
36;2021-03-07;338;17;0;18204;11366;0;8.4;5.2;0.0
36;2021-03-08;272;265;0;18476;11631;0;8.5;5.4;0.0
36;2021-03-09;454;262;0;18930;11893;0;8.7;5.5;0.0
36;2021-03-10;699;389;0;19629;12282;0;9.0;5.7;0.0
36;2021-03-11;803;252;0;20432;12534;0;9.4;5.8;0.0
36;2021-03-12;1385;278;0;21817;12812;0;10.0;5.9;0.0
36;2021-03-13;553;130;0;22370;12942;0;10.3;6.0;0.0
36;2021-03-14;111;2;0;22481;12944;0;10.4;6.0;0.0
36;2021-03-15;644;159;0;23125;13103;0;10.6;6.0;0.0
36;2021-03-16;440;73;0;23565;13176;0;10.9;6.1;0.0
36;2021-03-17;750;98;0;24315;13274;0;11.2;6.1;0.0
36;2021-03-18;420;80;0;24735;13354;0;11.4;6.1;0.0
36;2021-03-19;714;47;0;25449;13401;0;11.7;6.2;0.0
36;2021-03-20;450;31;0;25899;13432;0;11.9;6.2;0.0
36;2021-03-21;2;0;0;25901;13432;0;11.9;6.2;0.0
36;2021-03-22;500;60;0;26401;13492;0;12.2;6.2;0.0
36;2021-03-23;732;69;0;27133;13561;0;12.5;6.2;0.0
36;2021-03-24;1059;83;0;28192;13644;0;13.0;6.3;0.0
36;2021-03-25;1313;99;0;29505;13743;0;13.6;6.3;0.0
36;2021-03-26;1400;162;0;30905;13905;0;14.2;6.4;0.0
36;2021-03-27;473;45;0;31378;13950;0;14.5;6.4;0.0
36;2021-03-28;68;56;0;31446;14006;0;14.5;6.5;0.0
36;2021-03-29;535;172;0;31981;14178;0;14.7;6.5;0.0
36;2021-03-30;612;256;0;32593;14434;0;15.0;6.6;0.0
36;2021-03-31;1198;167;0;33791;14601;0;15.6;6.7;0.0
36;2021-04-01;1101;420;0;34892;15021;0;16.1;6.9;0.0
36;2021-04-02;903;147;0;35795;15168;0;16.5;7.0;0.0
36;2021-04-03;265;206;0;36060;15374;0;16.6;7.1;0.0
36;2021-04-04;45;2;0;36105;15376;0;16.6;7.1;0.0
36;2021-04-05;16;45;0;36121;15421;0;16.6;7.1;0.0
36;2021-04-06;768;350;0;36889;15771;0;17.0;7.3;0.0
36;2021-04-07;1014;526;0;37903;16297;0;17.5;7.5;0.0
36;2021-04-08;1337;453;0;39240;16750;0;18.1;7.7;0.0
36;2021-04-09;1806;419;0;41046;17169;0;18.9;7.9;0.0
36;2021-04-10;614;227;0;41660;17396;0;19.2;8.0;0.0
36;2021-04-11;236;82;0;41896;17478;0;19.3;8.0;0.0
36;2021-04-12;831;548;0;42727;18026;0;19.7;8.3;0.0
36;2021-04-13;1116;510;0;43843;18536;0;20.2;8.5;0.0
36;2021-04-14;1501;832;0;45344;19368;0;20.9;8.9;0.0
36;2021-04-15;1538;483;0;46882;19851;0;21.6;9.1;0.0
36;2021-04-16;1442;451;0;48324;20302;0;22.3;9.3;0.0
36;2021-04-17;860;255;0;49184;20557;0;22.7;9.5;0.0
36;2021-04-18;345;8;0;49529;20565;0;22.8;9.5;0.0
36;2021-04-19;827;432;0;50356;20997;0;23.2;9.7;0.0
36;2021-04-20;1083;499;0;51439;21496;0;23.7;9.9;0.0
36;2021-04-21;1191;833;0;52630;22329;0;24.2;10.3;0.0
36;2021-04-22;1436;847;0;54066;23176;0;24.9;10.7;0.0
36;2021-04-23;1206;623;0;55272;23799;0;25.5;11.0;0.0
36;2021-04-24;660;380;0;55932;24179;0;25.8;11.1;0.0
36;2021-04-25;374;104;0;56306;24283;0;25.9;11.2;0.0
36;2021-04-26;1068;455;0;57374;24738;0;26.4;11.4;0.0
36;2021-04-27;1139;554;0;58513;25292;0;26.9;11.6;0.0
36;2021-04-28;1306;981;0;59819;26273;0;27.5;12.1;0.0
36;2021-04-29;1699;711;0;61518;26984;0;28.3;12.4;0.0
36;2021-04-30;1374;444;0;62892;27428;0;29.0;12.6;0.0
36;2021-05-01;692;61;0;63584;27489;0;29.3;12.7;0.0
36;2021-05-02;461;64;0;64045;27553;0;29.5;12.7;0.0
36;2021-05-03;1242;322;0;65287;27875;0;30.1;12.8;0.0
36;2021-05-04;751;773;0;66038;28648;0;30.4;13.2;0.0
36;2021-05-05;1221;1257;0;67259;29905;0;31.0;13.8;0.0
36;2021-05-06;1958;780;0;69217;30685;0;31.9;14.1;0.0
36;2021-05-07;1340;754;0;70557;31439;0;32.5;14.5;0.0
36;2021-05-08;344;123;0;70901;31562;0;32.7;14.5;0.0
36;2021-05-09;183;324;0;71084;31886;0;32.7;14.7;0.0
36;2021-05-10;1184;800;0;72268;32686;0;33.3;15.1;0.0
36;2021-05-11;1629;1193;0;73897;33879;0;34.0;15.6;0.0
36;2021-05-12;1689;1365;0;75586;35244;0;34.8;16.2;0.0
36;2021-05-13;592;307;0;76178;35551;0;35.1;16.4;0.0
36;2021-05-14;713;896;0;76891;36447;0;35.4;16.8;0.0
36;2021-05-15;651;584;0;77542;37031;0;35.7;17.1;0.0
36;2021-05-16;336;340;0;77878;37371;0;35.9;17.2;0.0
36;2021-05-17;678;904;0;78556;38275;0;36.2;17.6;0.0
36;2021-05-18;946;946;0;79502;39221;0;36.6;18.1;0.0
36;2021-05-19;1371;816;0;80873;40037;0;37.2;18.4;0.0
36;2021-05-20;1643;1076;0;82516;41113;0;38.0;18.9;0.0
36;2021-05-21;1229;963;0;83745;42076;0;38.6;19.4;0.0
36;2021-05-22;779;342;0;84524;42418;0;38.9;19.5;0.0
36;2021-05-23;428;287;0;84952;42705;0;39.1;19.7;0.0
36;2021-05-24;593;437;0;85545;43142;0;39.4;19.9;0.0
36;2021-05-25;1119;662;0;86664;43804;0;39.9;20.2;0.0
36;2021-05-26;1524;1044;0;88188;44848;0;40.6;20.7;0.0
36;2021-05-27;1520;945;0;89708;45793;0;41.3;21.1;0.0
36;2021-05-28;1012;1396;0;90720;47189;0;41.8;21.7;0.0
36;2021-05-29;778;518;0;91498;47707;0;42.1;22.0;0.0
36;2021-05-30;133;543;0;91631;48250;0;42.2;22.2;0.0
36;2021-05-31;1236;739;0;92867;48989;0;42.8;22.6;0.0
36;2021-06-01;1466;816;0;94333;49805;0;43.4;22.9;0.0
36;2021-06-02;2003;586;0;96336;50391;0;44.4;23.2;0.0
36;2021-06-03;1825;1152;0;98161;51543;0;45.2;23.7;0.0
36;2021-06-04;1764;1030;0;99925;52573;0;46.0;24.2;0.0
36;2021-06-05;827;680;0;100752;53253;0;46.4;24.5;0.0
36;2021-06-06;351;247;0;101103;53500;0;46.6;24.6;0.0
36;2021-06-07;1008;800;0;102111;54300;0;47.0;25.0;0.0
36;2021-06-08;983;914;0;103094;55214;0;47.5;25.4;0.0
36;2021-06-09;1613;955;0;104707;56169;0;48.2;25.9;0.0
36;2021-06-10;1491;1315;0;106198;57484;0;48.9;26.5;0.0
36;2021-06-11;1313;1396;0;107511;58880;0;49.5;27.1;0.0
36;2021-06-12;951;745;0;108462;59625;0;50.0;27.5;0.0
36;2021-06-13;335;270;0;108797;59895;0;50.1;27.6;0.0
36;2021-06-14;600;1201;0;109397;61096;0;50.4;28.1;0.0
36;2021-06-15;695;1150;0;110092;62246;0;50.7;28.7;0.0
36;2021-06-16;881;1413;0;110973;63659;0;51.1;29.3;0.0
36;2021-06-17;770;1807;0;111743;65466;0;51.5;30.1;0.0
36;2021-06-18;719;1789;0;112462;67255;0;51.8;31.0;0.0
36;2021-06-19;348;455;0;112810;67710;0;52.0;31.2;0.0
36;2021-06-20;234;319;0;113044;68029;0;52.1;31.3;0.0
36;2021-06-21;668;1381;0;113712;69410;0;52.4;32.0;0.0
36;2021-06-22;804;1542;0;114516;70952;0;52.7;32.7;0.0
36;2021-06-23;733;1710;0;115249;72662;0;53.1;33.5;0.0
36;2021-06-24;804;1490;0;116053;74152;0;53.4;34.1;0.0
36;2021-06-25;888;1215;0;116941;75367;0;53.9;34.7;0.0
36;2021-06-26;362;634;0;117303;76001;0;54.0;35.0;0.0
36;2021-06-27;107;272;0;117410;76273;0;54.1;35.1;0.0
36;2021-06-28;633;967;0;118043;77240;0;54.4;35.6;0.0
36;2021-06-29;653;1485;0;118696;78725;0;54.7;36.3;0.0
36;2021-06-30;780;2106;0;119476;80831;0;55.0;37.2;0.0
36;2021-07-01;388;1140;0;119864;81971;0;55.2;37.8;0.0
36;2021-07-02;736;1903;0;120600;83874;0;55.5;38.6;0.0
36;2021-07-03;438;1005;0;121038;84879;0;55.7;39.1;0.0
36;2021-07-04;188;339;0;121226;85218;0;55.8;39.2;0.0
36;2021-07-05;459;1418;0;121685;86636;0;56.0;39.9;0.0
36;2021-07-06;502;1295;0;122187;87931;0;56.3;40.5;0.0
36;2021-07-07;554;1852;0;122741;89783;0;56.5;41.3;0.0
36;2021-07-08;547;1735;0;123288;91518;0;56.8;42.1;0.0
36;2021-07-09;721;1660;0;124009;93178;0;57.1;42.9;0.0
36;2021-07-10;459;1191;0;124468;94369;0;57.3;43.5;0.0
36;2021-07-11;250;171;0;124718;94540;0;57.4;43.5;0.0
36;2021-07-12;326;1729;0;125044;96269;0;57.6;44.3;0.0
36;2021-07-13;318;1968;0;125362;98237;0;57.7;45.2;0.0
36;2021-07-14;379;764;0;125741;99001;0;57.9;45.6;0.0
36;2021-07-15;928;2084;0;126669;101085;0;58.3;46.6;0.0
36;2021-07-16;658;1874;0;127327;102959;0;58.6;47.4;0.0
36;2021-07-17;458;1001;0;127785;103960;0;58.8;47.9;0.0
36;2021-07-18;192;396;0;127977;104356;0;58.9;48.1;0.0
36;2021-07-19;641;1515;0;128618;105871;0;59.2;48.8;0.0
36;2021-07-20;863;1407;0;129481;107278;0;59.6;49.4;0.0
36;2021-07-21;897;1936;0;130378;109214;0;60.0;50.3;0.0
36;2021-07-22;1283;1570;0;131661;110784;0;60.6;51.0;0.0
36;2021-07-23;1060;1682;0;132721;112466;0;61.1;51.8;0.0
36;2021-07-24;686;849;0;133407;113315;0;61.4;52.2;0.0
36;2021-07-25;156;402;0;133563;113717;0;61.5;52.4;0.0
36;2021-07-26;1153;1074;0;134716;114791;0;62.0;52.9;0.0
36;2021-07-27;1057;1297;0;135773;116088;0;62.5;53.5;0.0
36;2021-07-28;1549;1374;0;137322;117462;0;63.2;54.1;0.0
36;2021-07-29;1780;1226;0;139102;118688;0;64.1;54.7;0.0
36;2021-07-30;1581;1293;0;140683;119981;0;64.8;55.3;0.0
36;2021-07-31;1009;572;0;141692;120553;0;65.3;55.5;0.0
36;2021-08-01;224;241;0;141916;120794;0;65.4;55.6;0.0
36;2021-08-02;1149;900;0;143065;121694;0;65.9;56.0;0.0
36;2021-08-03;1355;961;0;144420;122655;0;66.5;56.5;0.0
36;2021-08-04;1719;929;0;146139;123584;0;67.3;56.9;0.0
36;2021-08-05;1695;879;0;147834;124463;0;68.1;57.3;0.0
36;2021-08-06;1351;863;0;149185;125326;0;68.7;57.7;0.0
36;2021-08-07;567;554;0;149752;125880;0;69.0;58.0;0.0
36;2021-08-08;289;156;0;150041;126036;0;69.1;58.0;0.0
36;2021-08-09;843;829;0;150884;126865;0;69.5;58.4;0.0
36;2021-08-10;994;1014;0;151878;127879;0;69.9;58.9;0.0
36;2021-08-11;1291;894;0;153169;128773;0;70.5;59.3;0.0
36;2021-08-12;1093;941;0;154262;129714;0;71.0;59.7;0.0
36;2021-08-13;1126;803;0;155388;130517;0;71.6;60.1;0.0
36;2021-08-14;448;810;0;155836;131327;0;71.8;60.5;0.0
36;2021-08-15;343;97;0;156179;131424;0;71.9;60.5;0.0
36;2021-08-16;608;1023;0;156787;132447;0;72.2;61.0;0.0
36;2021-08-17;733;1152;0;157520;133599;0;72.5;61.5;0.0
36;2021-08-18;924;1212;0;158444;134811;0;73.0;62.1;0.0
36;2021-08-19;767;1219;0;159211;136030;0;73.3;62.6;0.0
36;2021-08-20;463;1523;0;159674;137553;0;73.5;63.3;0.0
36;2021-08-21;295;508;0;159969;138061;0;73.7;63.6;0.0
36;2021-08-22;32;73;0;160001;138134;0;73.7;63.6;0.0
36;2021-08-23;502;1272;0;160503;139406;0;73.9;64.2;0.0
36;2021-08-24;542;1259;0;161045;140665;0;74.2;64.8;0.0
36;2021-08-25;458;1148;0;161503;141813;0;74.4;65.3;0.0
36;2021-08-26;587;1507;0;162090;143320;0;74.6;66.0;0.0
36;2021-08-27;512;1430;0;162602;144750;0;74.9;66.7;0.0
36;2021-08-28;348;649;0;162950;145399;0;75.0;67.0;0.0
36;2021-08-29;209;254;0;163159;145653;0;75.1;67.1;0.0
36;2021-08-30;234;810;23;163393;146463;23;75.2;67.5;0.0
36;2021-08-31;362;889;88;163755;147352;111;75.4;67.9;0.1
36;2021-09-01;398;1015;151;164153;148367;262;75.6;68.3;0.1
36;2021-09-02;319;913;141;164472;149280;403;75.7;68.7;0.2
36;2021-09-03;301;1344;134;164773;150624;537;75.9;69.4;0.2
36;2021-09-04;234;800;85;165007;151424;622;76.0;69.7;0.3
36;2021-09-05;120;312;57;165127;151736;679;76.0;69.9;0.3
36;2021-09-06;169;837;179;165296;152573;858;76.1;70.3;0.4
36;2021-09-07;177;692;160;165473;153265;1018;76.2;70.6;0.5
36;2021-09-08;230;1010;177;165703;154275;1195;76.3;71.0;0.6
36;2021-09-09;266;792;185;165969;155067;1380;76.4;71.4;0.6
36;2021-09-10;284;955;180;166253;156022;1560;76.6;71.9;0.7
36;2021-09-11;143;742;41;166396;156764;1601;76.6;72.2;0.7
36;2021-09-12;81;187;45;166477;156951;1646;76.7;72.3;0.8
36;2021-09-13;178;522;169;166655;157473;1815;76.8;72.5;0.8
36;2021-09-14;169;432;385;166824;157905;2200;76.8;72.7;1.0
36;2021-09-15;286;536;352;167110;158441;2552;77.0;73.0;1.2
36;2021-09-16;236;620;269;167346;159061;2821;77.1;73.3;1.3
36;2021-09-17;261;558;150;167607;159619;2971;77.2;73.5;1.4
36;2021-09-18;117;409;90;167724;160028;3061;77.2;73.7;1.4
36;2021-09-19;35;197;22;167759;160225;3083;77.3;73.8;1.4
36;2021-09-20;130;294;273;167889;160519;3356;77.3;73.9;1.5
36;2021-09-21;133;307;238;168022;160826;3594;77.4;74.1;1.7
36;2021-09-22;112;602;296;168134;161428;3890;77.4;74.3;1.8
36;2021-09-23;129;412;364;168263;161840;4254;77.5;74.5;2.0
36;2021-09-24;118;470;319;168381;162310;4573;77.5;74.7;2.1
36;2021-09-25;112;491;129;168493;162801;4702;77.6;75.0;2.2
36;2021-09-26;19;305;55;168512;163106;4757;77.6;75.1;2.2
36;2021-09-27;63;231;192;168575;163337;4949;77.6;75.2;2.3
36;2021-09-28;69;216;221;168644;163553;5170;77.7;75.3;2.4
36;2021-09-29;97;364;286;168741;163917;5456;77.7;75.5;2.5
36;2021-09-30;98;241;371;168839;164158;5827;77.8;75.6;2.7
36;2021-10-01;170;296;282;169009;164454;6109;77.8;75.7;2.8
36;2021-10-02;50;188;133;169059;164642;6242;77.9;75.8;2.9
36;2021-10-03;4;21;8;169063;164663;6250;77.9;75.8;2.9
36;2021-10-04;59;203;356;169122;164866;6606;77.9;75.9;3.0
36;2021-10-05;116;149;327;169238;165015;6933;77.9;76.0;3.2
36;2021-10-06;109;291;294;169347;165306;7227;78.0;76.1;3.3
36;2021-10-07;84;189;267;169431;165495;7494;78.0;76.2;3.5
36;2021-10-08;129;277;483;169560;165772;7977;78.1;76.3;3.7
36;2021-10-09;86;203;188;169646;165975;8165;78.1;76.4;3.8
36;2021-10-10;5;12;17;169651;165987;8182;78.1;76.4;3.8
36;2021-10-11;80;133;251;169731;166120;8433;78.2;76.5;3.9
36;2021-10-12;64;94;341;169795;166214;8774;78.2;76.5;4.0
36;2021-10-13;130;248;512;169925;166462;9286;78.3;76.7;4.3
36;2021-10-14;55;73;360;169980;166535;9646;78.3;76.7;4.4
36;2021-10-15;104;230;431;170084;166765;10077;78.3;76.8;4.6
36;2021-10-16;90;148;182;170174;166913;10259;78.4;76.9;4.7
36;2021-10-17;4;7;13;170178;166920;10272;78.4;76.9;4.7
36;2021-10-18;38;114;193;170216;167034;10465;78.4;76.9;4.8
36;2021-10-19;20;54;139;170236;167088;10604;78.4;76.9;4.9
36;2021-10-20;121;178;512;170357;167266;11116;78.5;77.0;5.1
36;2021-10-21;44;194;304;170401;167460;11420;78.5;77.1;5.3
36;2021-10-22;99;205;414;170500;167665;11834;78.5;77.2;5.4
36;2021-10-23;39;52;198;170539;167717;12032;78.5;77.2;5.5
36;2021-10-24;50;53;60;170589;167770;12092;78.6;77.3;5.6
36;2021-10-25;64;64;312;170653;167834;12404;78.6;77.3;5.7
36;2021-10-26;42;48;244;170695;167882;12648;78.6;77.3;5.8
36;2021-10-27;99;125;475;170794;168007;13123;78.7;77.4;6.0
36;2021-10-28;49;79;457;170843;168086;13580;78.7;77.4;6.3
36;2021-10-29;60;89;237;170903;168175;13817;78.7;77.5;6.4
36;2021-10-30;60;140;321;170963;168315;14138;78.7;77.5;6.5
36;2021-10-31;6;6;4;170969;168321;14142;78.7;77.5;6.5
36;2021-11-01;0;2;2;170969;168323;14144;78.7;77.5;6.5
36;2021-11-02;46;99;312;171015;168422;14456;78.8;77.6;6.7
36;2021-11-03;44;64;335;171059;168486;14791;78.8;77.6;6.8
36;2021-11-04;79;100;587;171138;168586;15378;78.8;77.6;7.1
36;2021-11-05;65;110;570;171203;168696;15948;78.8;77.7;7.3
36;2021-11-06;79;131;442;171282;168827;16390;78.9;77.8;7.5
36;2021-11-07;0;6;13;171282;168833;16403;78.9;77.8;7.6
36;2021-11-08;32;57;434;171314;168890;16837;78.9;77.8;7.8
36;2021-11-09;37;55;440;171351;168945;17277;78.9;77.8;8.0
36;2021-11-10;83;103;634;171434;169048;17911;79.0;77.9;8.2
36;2021-11-11;0;3;26;171434;169051;17937;79.0;77.9;8.3
36;2021-11-12;34;76;456;171468;169127;18393;79.0;77.9;8.5
36;2021-11-13;58;88;488;171526;169215;18881;79.0;77.9;8.7
36;2021-11-14;2;9;26;171528;169224;18907;79.0;77.9;8.7
36;2021-11-15;32;68;598;171560;169292;19505;79.0;78.0;9.0
36;2021-11-16;57;82;802;171617;169374;20307;79.0;78.0;9.4
36;2021-11-17;90;78;782;171707;169452;21089;79.1;78.0;9.7
36;2021-11-18;36;61;568;171743;169513;21657;79.1;78.1;10.0
36;2021-11-19;67;89;972;171810;169602;22629;79.1;78.1;10.4
36;2021-11-20;28;40;372;171838;169642;23001;79.1;78.1;10.6
36;2021-11-21;35;28;213;171873;169670;23214;79.2;78.1;10.7
36;2021-11-22;28;33;529;171901;169703;23743;79.2;78.2;10.9
36;2021-11-23;44;46;822;171945;169749;24565;79.2;78.2;11.3
36;2021-11-24;93;77;1114;172038;169826;25679;79.2;78.2;11.8
36;2021-11-25;65;42;1066;172103;169868;26745;79.3;78.2;12.3
36;2021-11-26;76;80;1479;172179;169948;28224;79.3;78.3;13.0
36;2021-11-27;56;119;690;172235;170067;28914;79.3;78.3;13.3
36;2021-11-28;2;5;52;172237;170072;28966;79.3;78.3;13.3
36;2021-11-29;39;54;1024;172276;170126;29990;79.3;78.3;13.8
36;2021-11-30;54;43;1288;172330;170169;31278;79.4;78.4;14.4
36;2021-12-01;69;49;1610;172399;170218;32888;79.4;78.4;15.1
36;2021-12-02;92;41;2087;172491;170259;34975;79.4;78.4;16.1
36;2021-12-03;55;102;2136;172546;170361;37111;79.5;78.5;17.1
36;2021-12-04;45;31;898;172591;170392;38009;79.5;78.5;17.5
36;2021-12-05;18;27;322;172609;170419;38331;79.5;78.5;17.7
36;2021-12-06;34;33;1262;172643;170452;39593;79.5;78.5;18.2
36;2021-12-07;72;48;2097;172715;170500;41690;79.5;78.5;19.2
36;2021-12-08;62;68;2155;172777;170568;43845;79.6;78.6;20.2
36;2021-12-09;65;53;2857;172842;170621;46702;79.6;78.6;21.5
36;2021-12-10;87;72;2847;172929;170693;49549;79.6;78.6;22.8
36;2021-12-11;32;48;1031;172961;170741;50580;79.7;78.6;23.3
36;2021-12-12;6;6;429;172967;170747;51009;79.7;78.6;23.5
36;2021-12-13;26;84;1544;172993;170831;52553;79.7;78.7;24.2
36;2021-12-14;52;53;2581;173045;170884;55134;79.7;78.7;25.4
36;2021-12-15;62;83;2782;173107;170967;57916;79.7;78.7;26.7
37;2020-12-27;0;0;0;0;0;0;0.0;0.0;0.0
37;2020-12-28;16;0;0;16;0;0;0.0;0.0;0.0
37;2020-12-29;9;0;0;25;0;0;0.0;0.0;0.0
37;2020-12-30;0;0;0;25;0;0;0.0;0.0;0.0
37;2020-12-31;0;0;0;25;0;0;0.0;0.0;0.0
37;2021-01-01;0;0;0;25;0;0;0.0;0.0;0.0
37;2021-01-02;0;0;0;25;0;0;0.0;0.0;0.0
37;2021-01-03;0;0;0;25;0;0;0.0;0.0;0.0
37;2021-01-04;23;0;0;48;0;0;0.0;0.0;0.0
37;2021-01-05;44;0;0;92;0;0;0.0;0.0;0.0
37;2021-01-06;89;0;0;181;0;0;0.0;0.0;0.0
37;2021-01-07;128;1;0;309;1;0;0.1;0.0;0.0
37;2021-01-08;456;2;0;765;3;0;0.1;0.0;0.0
37;2021-01-09;80;2;0;845;5;0;0.1;0.0;0.0
37;2021-01-10;83;0;0;928;5;0;0.2;0.0;0.0
37;2021-01-11;290;0;0;1218;5;0;0.2;0.0;0.0
37;2021-01-12;660;6;0;1878;11;0;0.3;0.0;0.0
37;2021-01-13;539;1;0;2417;12;0;0.4;0.0;0.0
37;2021-01-14;534;3;0;2951;15;0;0.5;0.0;0.0
37;2021-01-15;636;2;0;3587;17;0;0.6;0.0;0.0
37;2021-01-16;291;2;0;3878;19;0;0.6;0.0;0.0
37;2021-01-17;245;1;0;4123;20;0;0.7;0.0;0.0
37;2021-01-18;752;11;0;4875;31;0;0.8;0.0;0.0
37;2021-01-19;1238;11;0;6113;42;0;1.0;0.0;0.0
37;2021-01-20;1051;5;0;7164;47;0;1.2;0.0;0.0
37;2021-01-21;902;0;0;8066;47;0;1.3;0.0;0.0
37;2021-01-22;788;1;0;8854;48;0;1.5;0.0;0.0
37;2021-01-23;178;0;0;9032;48;0;1.5;0.0;0.0
37;2021-01-24;14;0;0;9046;48;0;1.5;0.0;0.0
37;2021-01-25;560;19;0;9606;67;0;1.6;0.0;0.0
37;2021-01-26;1753;69;0;11359;136;0;1.9;0.0;0.0
37;2021-01-27;1439;77;0;12798;213;0;2.1;0.0;0.0
37;2021-01-28;1500;99;0;14298;312;0;2.4;0.1;0.0
37;2021-01-29;658;306;0;14956;618;0;2.5;0.1;0.0
37;2021-01-30;240;60;0;15196;678;0;2.5;0.1;0.0
37;2021-01-31;14;64;0;15210;742;0;2.5;0.1;0.0
37;2021-02-01;363;211;0;15573;953;0;2.6;0.2;0.0
37;2021-02-02;500;514;0;16073;1467;0;2.7;0.2;0.0
37;2021-02-03;655;359;0;16728;1826;0;2.8;0.3;0.0
37;2021-02-04;594;406;0;17322;2232;0;2.9;0.4;0.0
37;2021-02-05;466;462;0;17788;2694;0;2.9;0.4;0.0
37;2021-02-06;198;6;0;17986;2700;0;3.0;0.4;0.0
37;2021-02-07;24;1;0;18010;2701;0;3.0;0.4;0.0
37;2021-02-08;341;354;0;18351;3055;0;3.0;0.5;0.0
37;2021-02-09;610;728;0;18961;3783;0;3.1;0.6;0.0
37;2021-02-10;659;533;0;19620;4316;0;3.2;0.7;0.0
37;2021-02-11;654;598;0;20274;4914;0;3.3;0.8;0.0
37;2021-02-12;547;579;0;20821;5493;0;3.4;0.9;0.0
37;2021-02-13;152;200;0;20973;5693;0;3.5;0.9;0.0
37;2021-02-14;3;57;0;20976;5750;0;3.5;0.9;0.0
37;2021-02-15;415;495;0;21391;6245;0;3.5;1.0;0.0
37;2021-02-16;826;1390;0;22217;7635;0;3.7;1.3;0.0
37;2021-02-17;625;1311;0;22842;8946;0;3.8;1.5;0.0
37;2021-02-18;895;1385;0;23737;10331;0;3.9;1.7;0.0
37;2021-02-19;804;809;0;24541;11140;0;4.1;1.8;0.0
37;2021-02-20;234;216;0;24775;11356;0;4.1;1.9;0.0
37;2021-02-21;6;13;0;24781;11369;0;4.1;1.9;0.0
37;2021-02-22;329;612;0;25110;11981;0;4.1;2.0;0.0
37;2021-02-23;606;630;0;25716;12611;0;4.2;2.1;0.0
37;2021-02-24;551;644;0;26267;13255;0;4.3;2.2;0.0
37;2021-02-25;857;652;0;27124;13907;0;4.5;2.3;0.0
37;2021-02-26;1082;571;0;28206;14478;0;4.7;2.4;0.0
37;2021-02-27;569;196;0;28775;14674;0;4.8;2.4;0.0
37;2021-02-28;24;5;0;28799;14679;0;4.8;2.4;0.0
37;2021-03-01;601;377;0;29400;15056;0;4.9;2.5;0.0
37;2021-03-02;1083;559;0;30483;15615;0;5.0;2.6;0.0
37;2021-03-03;1002;575;0;31485;16190;0;5.2;2.7;0.0
37;2021-03-04;1574;529;0;33059;16719;0;5.5;2.8;0.0
37;2021-03-05;2149;590;0;35208;17309;0;5.8;2.9;0.0
37;2021-03-06;1204;222;0;36412;17531;0;6.0;2.9;0.0
37;2021-03-07;494;76;0;36906;17607;0;6.1;2.9;0.0
37;2021-03-08;679;419;0;37585;18026;0;6.2;3.0;0.0
37;2021-03-09;1623;701;0;39208;18727;0;6.5;3.1;0.0
37;2021-03-10;1606;754;0;40814;19481;0;6.7;3.2;0.0
37;2021-03-11;2096;721;0;42910;20202;0;7.1;3.3;0.0
37;2021-03-12;3239;529;0;46149;20731;0;7.6;3.4;0.0
37;2021-03-13;1945;193;0;48094;20924;0;7.9;3.5;0.0
37;2021-03-14;226;5;0;48320;20929;0;8.0;3.5;0.0
37;2021-03-15;1050;260;0;49370;21189;0;8.2;3.5;0.0
37;2021-03-16;1070;517;0;50440;21706;0;8.3;3.6;0.0
37;2021-03-17;981;284;0;51421;21990;0;8.5;3.6;0.0
37;2021-03-18;1067;522;0;52488;22512;0;8.7;3.7;0.0
37;2021-03-19;2252;340;0;54740;22852;0;9.0;3.8;0.0
37;2021-03-20;1333;143;0;56073;22995;0;9.3;3.8;0.0
37;2021-03-21;195;5;0;56268;23000;0;9.3;3.8;0.0
37;2021-03-22;1295;250;0;57563;23250;0;9.5;3.8;0.0
37;2021-03-23;2285;567;0;59848;23817;0;9.9;3.9;0.0
37;2021-03-24;2287;469;0;62135;24286;0;10.3;4.0;0.0
37;2021-03-25;3085;442;0;65220;24728;0;10.8;4.1;0.0
37;2021-03-26;3573;425;0;68793;25153;0;11.4;4.2;0.0
37;2021-03-27;1206;126;0;69999;25279;0;11.6;4.2;0.0
37;2021-03-28;145;15;0;70144;25294;0;11.6;4.2;0.0
37;2021-03-29;1626;362;0;71770;25656;0;11.9;4.2;0.0
37;2021-03-30;2570;667;0;74340;26323;0;12.3;4.3;0.0
37;2021-03-31;2134;504;0;76474;26827;0;12.6;4.4;0.0
37;2021-04-01;2642;989;0;79116;27816;0;13.1;4.6;0.0
37;2021-04-02;2842;696;0;81958;28512;0;13.5;4.7;0.0
37;2021-04-03;809;244;0;82767;28756;0;13.7;4.8;0.0
37;2021-04-04;107;14;0;82874;28770;0;13.7;4.8;0.0
37;2021-04-05;35;3;0;82909;28773;0;13.7;4.8;0.0
37;2021-04-06;2247;788;0;85156;29561;0;14.1;4.9;0.0
37;2021-04-07;3201;902;0;88357;30463;0;14.6;5.0;0.0
37;2021-04-08;3981;1009;0;92338;31472;0;15.3;5.2;0.0
37;2021-04-09;4522;997;0;96860;32469;0;16.0;5.4;0.0
37;2021-04-10;1342;459;0;98202;32928;0;16.2;5.4;0.0
37;2021-04-11;114;23;0;98316;32951;0;16.2;5.4;0.0
37;2021-04-12;2590;695;0;100906;33646;0;16.7;5.6;0.0
37;2021-04-13;4094;1221;0;105000;34867;0;17.3;5.8;0.0
37;2021-04-14;3076;929;0;108076;35796;0;17.9;5.9;0.0
37;2021-04-15;3776;1030;0;111852;36826;0;18.5;6.1;0.0
37;2021-04-16;4282;1235;0;116134;38061;0;19.2;6.3;0.0
37;2021-04-17;1176;254;0;117310;38315;0;19.4;6.3;0.0
37;2021-04-18;115;12;0;117425;38327;0;19.4;6.3;0.0
37;2021-04-19;2470;881;0;119895;39208;0;19.8;6.5;0.0
37;2021-04-20;3217;1378;0;123112;40586;0;20.3;6.7;0.0
37;2021-04-21;2971;1254;0;126083;41840;0;20.8;6.9;0.0
37;2021-04-22;3552;1518;0;129635;43358;0;21.4;7.2;0.0
37;2021-04-23;3717;1831;0;133352;45189;0;22.0;7.5;0.0
37;2021-04-24;1153;445;0;134505;45634;0;22.2;7.5;0.0
37;2021-04-25;173;11;0;134678;45645;0;22.2;7.5;0.0
37;2021-04-26;2983;1369;0;137661;47014;0;22.7;7.8;0.0
37;2021-04-27;4278;1872;0;141939;48886;0;23.4;8.1;0.0
37;2021-04-28;3625;1950;0;145564;50836;0;24.0;8.4;0.0
37;2021-04-29;4759;2041;0;150323;52877;0;24.8;8.7;0.0
37;2021-04-30;5030;2035;0;155353;54912;0;25.7;9.1;0.0
37;2021-05-01;644;200;0;155997;55112;0;25.8;9.1;0.0
37;2021-05-02;131;29;0;156128;55141;0;25.8;9.1;0.0
37;2021-05-03;2785;1915;0;158913;57056;0;26.3;9.4;0.0
37;2021-05-04;3772;2747;0;162685;59803;0;26.9;9.9;0.0
37;2021-05-05;3639;2114;0;166324;61917;0;27.5;10.2;0.0
37;2021-05-06;5042;2024;0;171366;63941;0;28.3;10.6;0.0
37;2021-05-07;4651;2845;0;176017;66786;0;29.1;11.0;0.0
37;2021-05-08;645;318;0;176662;67104;0;29.2;11.1;0.0
37;2021-05-09;145;67;0;176807;67171;0;29.2;11.1;0.0
37;2021-05-10;2351;3423;0;179158;70594;0;29.6;11.7;0.0
37;2021-05-11;4069;3946;0;183227;74540;0;30.3;12.3;0.0
37;2021-05-12;4326;2658;0;187553;77198;0;31.0;12.8;0.0
37;2021-05-13;1435;534;0;188988;77732;0;31.2;12.8;0.0
37;2021-05-14;4161;2626;0;193149;80358;0;31.9;13.3;0.0
37;2021-05-15;2548;782;0;195697;81140;0;32.3;13.4;0.0
37;2021-05-16;205;113;0;195902;81253;0;32.4;13.4;0.0
37;2021-05-17;3005;2044;0;198907;83297;0;32.9;13.8;0.0
37;2021-05-18;4171;2395;0;203078;85692;0;33.5;14.2;0.0
37;2021-05-19;3884;1872;0;206962;87564;0;34.2;14.5;0.0
37;2021-05-20;5096;1905;0;212058;89469;0;35.0;14.8;0.0
37;2021-05-21;4717;2582;0;216775;92051;0;35.8;15.2;0.0
37;2021-05-22;1374;749;0;218149;92800;0;36.0;15.3;0.0
37;2021-05-23;148;90;0;218297;92890;0;36.1;15.3;0.0
37;2021-05-24;890;121;0;219187;93011;0;36.2;15.4;0.0
37;2021-05-25;5175;2182;0;224362;95193;0;37.1;15.7;0.0
37;2021-05-26;5104;2187;0;229466;97380;0;37.9;16.1;0.0
37;2021-05-27;6091;2420;0;235557;99800;0;38.9;16.5;0.0
37;2021-05-28;6004;3271;0;241561;103071;0;39.9;17.0;0.0
37;2021-05-29;1743;1187;0;243304;104258;0;40.2;17.2;0.0
37;2021-05-30;131;169;0;243435;104427;0;40.2;17.2;0.0
37;2021-05-31;3726;2529;0;247161;106956;0;40.8;17.7;0.0
37;2021-06-01;5852;3543;0;253013;110499;0;41.8;18.3;0.0
37;2021-06-02;5218;2563;0;258231;113062;0;42.7;18.7;0.0
37;2021-06-03;6201;2961;0;264432;116023;0;43.7;19.2;0.0
37;2021-06-04;5634;4213;0;270066;120236;0;44.6;19.9;0.0
37;2021-06-05;2040;1433;0;272106;121669;0;44.9;20.1;0.0
37;2021-06-06;134;292;0;272240;121961;0;45.0;20.1;0.0
37;2021-06-07;3120;4164;0;275360;126125;0;45.5;20.8;0.0
37;2021-06-08;4188;4671;0;279548;130796;0;46.2;21.6;0.0
37;2021-06-09;3945;3773;0;283493;134569;0;46.8;22.2;0.0
37;2021-06-10;5170;3716;0;288663;138285;0;47.7;22.8;0.0
37;2021-06-11;4883;4841;0;293546;143126;0;48.5;23.6;0.0
37;2021-06-12;3542;1370;0;297088;144496;0;49.1;23.9;0.0
37;2021-06-13;83;298;0;297171;144794;0;49.1;23.9;0.0
37;2021-06-14;2625;4127;0;299796;148921;0;49.5;24.6;0.0
37;2021-06-15;3860;4795;0;303656;153716;0;50.2;25.4;0.0
37;2021-06-16;3235;3729;0;306891;157445;0;50.7;26.0;0.0
37;2021-06-17;3904;4557;0;310795;162002;0;51.3;26.8;0.0
37;2021-06-18;4473;5120;0;315268;167122;0;52.1;27.6;0.0
37;2021-06-19;2454;1248;0;317722;168370;0;52.5;27.8;0.0
37;2021-06-20;43;245;0;317765;168615;0;52.5;27.9;0.0
37;2021-06-21;2372;3946;0;320137;172561;0;52.9;28.5;0.0
37;2021-06-22;2876;5188;0;323013;177749;0;53.4;29.4;0.0
37;2021-06-23;2587;3960;0;325600;181709;0;53.8;30.0;0.0
37;2021-06-24;2789;3665;0;328389;185374;0;54.2;30.6;0.0
37;2021-06-25;3210;4951;0;331599;190325;0;54.8;31.4;0.0
37;2021-06-26;1203;3184;0;332802;193509;0;55.0;32.0;0.0
37;2021-06-27;51;236;0;332853;193745;0;55.0;32.0;0.0
37;2021-06-28;1688;4687;0;334541;198432;0;55.3;32.8;0.0
37;2021-06-29;1849;6421;0;336390;204853;0;55.6;33.8;0.0
37;2021-06-30;1877;4753;0;338267;209606;0;55.9;34.6;0.0
37;2021-07-01;2098;4950;0;340365;214556;0;56.2;35.4;0.0
37;2021-07-02;2654;5739;0;343019;220295;0;56.7;36.4;0.0
37;2021-07-03;888;2295;0;343907;222590;0;56.8;36.8;0.0
37;2021-07-04;30;184;0;343937;222774;0;56.8;36.8;0.0
37;2021-07-05;1598;5197;0;345535;227971;0;57.1;37.7;0.0
37;2021-07-06;1887;6760;0;347422;234731;0;57.4;38.8;0.0
37;2021-07-07;1831;5524;0;349253;240255;0;57.7;39.7;0.0
37;2021-07-08;2356;6693;0;351609;246948;0;58.1;40.8;0.0
37;2021-07-09;1986;7585;0;353595;254533;0;58.4;42.0;0.0
37;2021-07-10;1017;2790;0;354612;257323;0;58.6;42.5;0.0
37;2021-07-11;56;168;0;354668;257491;0;58.6;42.5;0.0
37;2021-07-12;1161;6012;0;355829;263503;0;58.8;43.5;0.0
37;2021-07-13;1702;7775;0;357531;271278;0;59.1;44.8;0.0
37;2021-07-14;622;601;0;358153;271879;0;59.2;44.9;0.0
37;2021-07-15;2622;7551;0;360775;279430;0;59.6;46.2;0.0
37;2021-07-16;2741;7699;0;363516;287129;0;60.0;47.4;0.0
37;2021-07-17;1242;2582;0;364758;289711;0;60.3;47.9;0.0
37;2021-07-18;144;147;0;364902;289858;0;60.3;47.9;0.0
37;2021-07-19;1750;6133;0;366652;295991;0;60.6;48.9;0.0
37;2021-07-20;2989;6966;0;369641;302957;0;61.1;50.0;0.0
37;2021-07-21;3088;5637;0;372729;308594;0;61.6;51.0;0.0
37;2021-07-22;4035;6353;0;376764;314947;0;62.2;52.0;0.0
37;2021-07-23;3853;6896;0;380617;321843;0;62.9;53.2;0.0
37;2021-07-24;1806;3179;0;382423;325022;0;63.2;53.7;0.0
37;2021-07-25;146;145;0;382569;325167;0;63.2;53.7;0.0
37;2021-07-26;3302;4296;0;385871;329463;0;63.7;54.4;0.0
37;2021-07-27;4288;4884;0;390159;334347;0;64.4;55.2;0.0
37;2021-07-28;4166;3681;0;394325;338028;0;65.1;55.8;0.0
37;2021-07-29;4991;4210;0;399316;342238;0;66.0;56.5;0.0
37;2021-07-30;5028;4806;0;404344;347044;0;66.8;57.3;0.0
37;2021-07-31;1944;1810;0;406288;348854;0;67.1;57.6;0.0
37;2021-08-01;120;72;0;406408;348926;0;67.1;57.6;0.0
37;2021-08-02;3360;3194;0;409768;352120;0;67.7;58.2;0.0
37;2021-08-03;5032;3069;0;414800;355189;0;68.5;58.7;0.0
37;2021-08-04;4505;1970;0;419305;357159;0;69.3;59.0;0.0
37;2021-08-05;4680;2582;0;423985;359741;0;70.0;59.4;0.0
37;2021-08-06;4606;3230;0;428591;362971;0;70.8;60.0;0.0
37;2021-08-07;1633;1114;0;430224;364085;0;71.1;60.1;0.0
37;2021-08-08;104;201;0;430328;364286;0;71.1;60.2;0.0
37;2021-08-09;2354;2148;0;432682;366434;0;71.5;60.5;0.0
37;2021-08-10;2974;2646;0;435656;369080;0;72.0;61.0;0.0
37;2021-08-11;2073;2199;0;437729;371279;0;72.3;61.3;0.0
37;2021-08-12;2408;2641;0;440137;373920;0;72.7;61.8;0.0
37;2021-08-13;2362;2792;0;442499;376712;0;73.1;62.2;0.0
37;2021-08-14;755;877;0;443254;377589;0;73.2;62.4;0.0
37;2021-08-15;42;101;0;443296;377690;0;73.2;62.4;0.0
37;2021-08-16;1467;3174;0;444763;380864;0;73.5;62.9;0.0
37;2021-08-17;1783;3870;0;446546;384734;0;73.8;63.6;0.0
37;2021-08-18;1414;3173;0;447960;387907;0;74.0;64.1;0.0
37;2021-08-19;1500;3665;0;449460;391572;0;74.2;64.7;0.0
37;2021-08-20;1557;4444;0;451017;396016;0;74.5;65.4;0.0
37;2021-08-21;646;1261;0;451663;397277;0;74.6;65.6;0.0
37;2021-08-22;25;100;0;451688;397377;0;74.6;65.6;0.0
37;2021-08-23;1259;3969;0;452947;401346;0;74.8;66.3;0.0
37;2021-08-24;1529;4724;0;454476;406070;0;75.1;67.1;0.0
37;2021-08-25;1032;4159;0;455508;410229;0;75.2;67.8;0.0
37;2021-08-26;1258;4256;0;456766;414485;0;75.5;68.5;0.0
37;2021-08-27;1388;5381;0;458154;419866;0;75.7;69.4;0.0
37;2021-08-28;413;1473;0;458567;421339;0;75.7;69.6;0.0
37;2021-08-29;11;57;0;458578;421396;0;75.8;69.6;0.0
37;2021-08-30;1042;3738;67;459620;425134;67;75.9;70.2;0.0
37;2021-08-31;1238;3641;123;460858;428775;190;76.1;70.8;0.0
37;2021-09-01;991;2502;194;461849;431277;384;76.3;71.2;0.1
37;2021-09-02;878;2404;287;462727;433681;671;76.4;71.6;0.1
37;2021-09-03;978;3321;390;463705;437002;1061;76.6;72.2;0.2
37;2021-09-04;657;1331;137;464362;438333;1198;76.7;72.4;0.2
37;2021-09-05;7;42;2;464369;438375;1200;76.7;72.4;0.2
37;2021-09-06;376;1135;217;464745;439510;1417;76.8;72.6;0.2
37;2021-09-07;515;1301;232;465260;440811;1649;76.9;72.8;0.3
37;2021-09-08;806;1815;229;466066;442626;1878;77.0;73.1;0.3
37;2021-09-09;543;1298;283;466609;443924;2161;77.1;73.3;0.4
37;2021-09-10;756;1547;310;467365;445471;2471;77.2;73.6;0.4
37;2021-09-11;385;1028;78;467750;446499;2549;77.3;73.8;0.4
37;2021-09-12;16;44;10;467766;446543;2559;77.3;73.8;0.4
37;2021-09-13;435;1079;371;468201;447622;2930;77.3;73.9;0.5
37;2021-09-14;500;1114;493;468701;448736;3423;77.4;74.1;0.6
37;2021-09-15;614;1450;570;469315;450186;3993;77.5;74.4;0.7
37;2021-09-16;360;815;574;469675;451001;4567;77.6;74.5;0.8
37;2021-09-17;594;1426;536;470269;452427;5103;77.7;74.7;0.8
37;2021-09-18;293;869;134;470562;453296;5237;77.7;74.9;0.9
37;2021-09-19;23;55;20;470585;453351;5257;77.7;74.9;0.9
37;2021-09-20;269;667;422;470854;454018;5679;77.8;75.0;0.9
37;2021-09-21;387;1218;914;471241;455236;6593;77.8;75.2;1.1
37;2021-09-22;393;1235;468;471634;456471;7061;77.9;75.4;1.2
37;2021-09-23;407;1009;556;472041;457480;7617;78.0;75.6;1.3
37;2021-09-24;476;1299;545;472517;458779;8162;78.1;75.8;1.3
37;2021-09-25;221;766;103;472738;459545;8265;78.1;75.9;1.4
37;2021-09-26;6;28;2;472744;459573;8267;78.1;75.9;1.4
37;2021-09-27;272;656;385;473016;460229;8652;78.1;76.0;1.4
37;2021-09-28;381;626;467;473397;460855;9119;78.2;76.1;1.5
37;2021-09-29;357;907;568;473754;461762;9687;78.3;76.3;1.6
37;2021-09-30;371;488;690;474125;462250;10377;78.3;76.4;1.7
37;2021-10-01;461;776;636;474586;463026;11013;78.4;76.5;1.8
37;2021-10-02;228;535;190;474814;463561;11203;78.4;76.6;1.9
37;2021-10-03;16;26;0;474830;463587;11203;78.4;76.6;1.9
37;2021-10-04;260;502;418;475090;464089;11621;78.5;76.7;1.9
37;2021-10-05;308;407;660;475398;464496;12281;78.5;76.7;2.0
37;2021-10-06;346;650;567;475744;465146;12848;78.6;76.8;2.1
37;2021-10-07;271;397;666;476015;465543;13514;78.6;76.9;2.2
37;2021-10-08;402;622;690;476417;466165;14204;78.7;77.0;2.3
37;2021-10-09;199;460;182;476616;466625;14386;78.7;77.1;2.4
37;2021-10-10;6;16;2;476622;466641;14388;78.7;77.1;2.4
37;2021-10-11;213;338;477;476835;466979;14865;78.8;77.1;2.5
37;2021-10-12;216;403;675;477051;467382;15540;78.8;77.2;2.6
37;2021-10-13;299;489;601;477350;467871;16141;78.9;77.3;2.7
37;2021-10-14;209;388;722;477559;468259;16863;78.9;77.3;2.8
37;2021-10-15;372;674;902;477931;468933;17765;78.9;77.5;2.9
37;2021-10-16;223;317;183;478154;469250;17948;79.0;77.5;3.0
37;2021-10-17;9;4;1;478163;469254;17949;79.0;77.5;3.0
37;2021-10-18;204;276;492;478367;469530;18441;79.0;77.6;3.0
37;2021-10-19;178;337;851;478545;469867;19292;79.0;77.6;3.2
37;2021-10-20;248;392;897;478793;470259;20189;79.1;77.7;3.3
37;2021-10-21;166;384;840;478959;470643;21029;79.1;77.7;3.5
37;2021-10-22;355;566;1139;479314;471209;22168;79.2;77.8;3.7
37;2021-10-23;127;186;266;479441;471395;22434;79.2;77.9;3.7
37;2021-10-24;7;12;4;479448;471407;22438;79.2;77.9;3.7
37;2021-10-25;180;229;688;479628;471636;23126;79.2;77.9;3.8
37;2021-10-26;163;240;773;479791;471876;23899;79.3;77.9;3.9
37;2021-10-27;221;406;1100;480012;472282;24999;79.3;78.0;4.1
37;2021-10-28;165;195;696;480177;472477;25695;79.3;78.0;4.2
37;2021-10-29;246;392;1171;480423;472869;26866;79.4;78.1;4.4
37;2021-10-30;97;134;282;480520;473003;27148;79.4;78.1;4.5
37;2021-10-31;3;9;1;480523;473012;27149;79.4;78.1;4.5
37;2021-11-01;9;8;10;480532;473020;27159;79.4;78.1;4.5
37;2021-11-02;215;342;1024;480747;473362;28183;79.4;78.2;4.7
37;2021-11-03;194;298;1205;480941;473660;29388;79.4;78.2;4.9
37;2021-11-04;124;199;1113;481065;473859;30501;79.5;78.3;5.0
37;2021-11-05;304;402;1568;481369;474261;32069;79.5;78.3;5.3
37;2021-11-06;120;203;500;481489;474464;32569;79.5;78.4;5.4
37;2021-11-07;0;11;11;481489;474475;32580;79.5;78.4;5.4
37;2021-11-08;139;234;1041;481628;474709;33621;79.6;78.4;5.6
37;2021-11-09;148;274;2417;481776;474983;36038;79.6;78.5;6.0
37;2021-11-10;211;316;1875;481987;475299;37913;79.6;78.5;6.3
37;2021-11-11;13;12;66;482000;475311;37979;79.6;78.5;6.3
37;2021-11-12;222;428;1843;482222;475739;39822;79.7;78.6;6.6
37;2021-11-13;61;124;501;482283;475863;40323;79.7;78.6;6.7
37;2021-11-14;4;11;5;482287;475874;40328;79.7;78.6;6.7
37;2021-11-15;104;205;1749;482391;476079;42077;79.7;78.6;7.0
37;2021-11-16;208;216;2704;482599;476295;44781;79.7;78.7;7.4
37;2021-11-17;239;256;2240;482838;476551;47021;79.8;78.7;7.8
37;2021-11-18;158;179;2091;482996;476730;49112;79.8;78.7;8.1
37;2021-11-19;302;351;3334;483298;477081;52446;79.8;78.8;8.7
37;2021-11-20;152;164;857;483450;477245;53303;79.9;78.8;8.8
37;2021-11-21;0;7;11;483450;477252;53314;79.9;78.8;8.8
37;2021-11-22;142;90;1567;483592;477342;54881;79.9;78.8;9.1
37;2021-11-23;209;186;2726;483801;477528;57607;79.9;78.9;9.5
37;2021-11-24;265;226;2293;484066;477754;59900;80.0;78.9;9.9
37;2021-11-25;137;154;2620;484203;477908;62520;80.0;78.9;10.3
37;2021-11-26;285;346;4636;484488;478254;67156;80.0;79.0;11.1
37;2021-11-27;122;140;1408;484610;478394;68564;80.1;79.0;11.3
37;2021-11-28;3;16;72;484613;478410;68636;80.1;79.0;11.3
37;2021-11-29;83;157;2935;484696;478567;71571;80.1;79.1;11.8
37;2021-11-30;191;157;4721;484887;478724;76292;80.1;79.1;12.6
37;2021-12-01;170;214;4829;485057;478938;81121;80.1;79.1;13.4
37;2021-12-02;106;118;5951;485163;479056;87072;80.1;79.1;14.4
37;2021-12-03;211;237;7405;485374;479293;94477;80.2;79.2;15.6
37;2021-12-04;68;88;3008;485442;479381;97485;80.2;79.2;16.1
37;2021-12-05;7;10;150;485449;479391;97635;80.2;79.2;16.1
37;2021-12-06;109;135;5087;485558;479526;102722;80.2;79.2;17.0
37;2021-12-07;150;209;6965;485708;479735;109687;80.2;79.2;18.1
37;2021-12-08;112;221;5769;485820;479956;115456;80.3;79.3;19.1
37;2021-12-09;144;166;7344;485964;480122;122800;80.3;79.3;20.3
37;2021-12-10;145;323;8437;486109;480445;131237;80.3;79.4;21.7
37;2021-12-11;89;141;4046;486198;480586;135283;80.3;79.4;22.3
37;2021-12-12;13;9;370;486211;480595;135653;80.3;79.4;22.4
37;2021-12-13;99;181;5621;486310;480776;141274;80.3;79.4;23.3
37;2021-12-14;197;250;8896;486507;481026;150170;80.4;79.5;24.8
37;2021-12-15;150;280;7042;486657;481306;157212;80.4;79.5;26.0
38;2020-12-27;1;0;0;1;0;0;0.0;0.0;0.0
38;2020-12-28;0;0;0;1;0;0;0.0;0.0;0.0
38;2020-12-29;0;0;0;1;0;0;0.0;0.0;0.0
38;2020-12-30;0;0;0;1;0;0;0.0;0.0;0.0
38;2020-12-31;5;0;0;6;0;0;0.0;0.0;0.0
38;2021-01-01;2;0;0;8;0;0;0.0;0.0;0.0
38;2021-01-02;0;0;0;8;0;0;0.0;0.0;0.0
38;2021-01-03;1;1;0;9;1;0;0.0;0.0;0.0
38;2021-01-04;156;0;0;165;1;0;0.0;0.0;0.0
38;2021-01-05;263;1;0;428;2;0;0.0;0.0;0.0
38;2021-01-06;384;0;0;812;2;0;0.1;0.0;0.0
38;2021-01-07;677;1;0;1489;3;0;0.1;0.0;0.0
38;2021-01-08;716;0;0;2205;3;0;0.2;0.0;0.0
38;2021-01-09;39;0;0;2244;3;0;0.2;0.0;0.0
38;2021-01-10;1;0;0;2245;3;0;0.2;0.0;0.0
38;2021-01-11;849;3;0;3094;6;0;0.2;0.0;0.0
38;2021-01-12;1498;4;0;4592;10;0;0.4;0.0;0.0
38;2021-01-13;1154;8;0;5746;18;0;0.5;0.0;0.0
38;2021-01-14;1723;16;0;7469;34;0;0.6;0.0;0.0
38;2021-01-15;1687;9;0;9156;43;0;0.7;0.0;0.0
38;2021-01-16;319;2;0;9475;45;0;0.7;0.0;0.0
38;2021-01-17;10;0;0;9485;45;0;0.7;0.0;0.0
38;2021-01-18;1227;7;0;10712;52;0;0.8;0.0;0.0
38;2021-01-19;2310;9;0;13022;61;0;1.0;0.0;0.0
38;2021-01-20;2044;5;0;15066;66;0;1.2;0.0;0.0
38;2021-01-21;1776;15;0;16842;81;0;1.3;0.0;0.0
38;2021-01-22;1492;9;0;18334;90;0;1.4;0.0;0.0
38;2021-01-23;487;4;0;18821;94;0;1.5;0.0;0.0
38;2021-01-24;11;0;0;18832;94;0;1.5;0.0;0.0
38;2021-01-25;906;102;0;19738;196;0;1.6;0.0;0.0
38;2021-01-26;993;181;0;20731;377;0;1.6;0.0;0.0
38;2021-01-27;1255;277;0;21986;654;0;1.7;0.1;0.0
38;2021-01-28;1388;484;0;23374;1138;0;1.8;0.1;0.0
38;2021-01-29;1071;380;0;24445;1518;0;1.9;0.1;0.0
38;2021-01-30;383;1;0;24828;1519;0;2.0;0.1;0.0
38;2021-01-31;12;0;0;24840;1519;0;2.0;0.1;0.0
38;2021-02-01;776;592;0;25616;2111;0;2.0;0.2;0.0
38;2021-02-02;1101;959;0;26717;3070;0;2.1;0.2;0.0
38;2021-02-03;1276;723;0;27993;3793;0;2.2;0.3;0.0
38;2021-02-04;1378;999;0;29371;4792;0;2.3;0.4;0.0
38;2021-02-05;1453;867;0;30824;5659;0;2.4;0.4;0.0
38;2021-02-06;251;97;0;31075;5756;0;2.5;0.5;0.0
38;2021-02-07;6;50;0;31081;5806;0;2.5;0.5;0.0
38;2021-02-08;917;884;0;31998;6690;0;2.5;0.5;0.0
38;2021-02-09;1653;1392;0;33651;8082;0;2.7;0.6;0.0
38;2021-02-10;1681;1361;0;35332;9443;0;2.8;0.7;0.0
38;2021-02-11;1905;1242;0;37237;10685;0;2.9;0.8;0.0
38;2021-02-12;1591;1185;0;38828;11870;0;3.1;0.9;0.0
38;2021-02-13;503;221;0;39331;12091;0;3.1;1.0;0.0
38;2021-02-14;7;12;0;39338;12103;0;3.1;1.0;0.0
38;2021-02-15;1020;990;0;40358;13093;0;3.2;1.0;0.0
38;2021-02-16;1385;1072;0;41743;14165;0;3.3;1.1;0.0
38;2021-02-17;1373;1202;0;43116;15367;0;3.4;1.2;0.0
38;2021-02-18;1777;1218;0;44893;16585;0;3.5;1.3;0.0
38;2021-02-19;1272;976;0;46165;17561;0;3.6;1.4;0.0
38;2021-02-20;485;383;0;46650;17944;0;3.7;1.4;0.0
38;2021-02-21;3;8;0;46653;17952;0;3.7;1.4;0.0
38;2021-02-22;1103;994;0;47756;18946;0;3.8;1.5;0.0
38;2021-02-23;1550;1086;0;49306;20032;0;3.9;1.6;0.0
38;2021-02-24;1717;1261;0;51023;21293;0;4.0;1.7;0.0
38;2021-02-25;2572;1200;0;53595;22493;0;4.2;1.8;0.0
38;2021-02-26;3391;1105;0;56986;23598;0;4.5;1.9;0.0
38;2021-02-27;1532;507;0;58518;24105;0;4.6;1.9;0.0
38;2021-02-28;28;15;0;58546;24120;0;4.6;1.9;0.0
38;2021-03-01;2473;873;0;61019;24993;0;4.8;2.0;0.0
38;2021-03-02;4030;1200;0;65049;26193;0;5.1;2.1;0.0
38;2021-03-03;3374;1357;0;68423;27550;0;5.4;2.2;0.0
38;2021-03-04;4528;1458;0;72951;29008;0;5.8;2.3;0.0
38;2021-03-05;5300;1316;0;78251;30324;0;6.2;2.4;0.0
38;2021-03-06;3176;297;0;81427;30621;0;6.4;2.4;0.0
38;2021-03-07;309;34;0;81736;30655;0;6.5;2.4;0.0
38;2021-03-08;2465;934;0;84201;31589;0;6.7;2.5;0.0
38;2021-03-09;4060;1361;0;88261;32950;0;7.0;2.6;0.0
38;2021-03-10;3602;1154;0;91863;34104;0;7.3;2.7;0.0
38;2021-03-11;5199;1634;0;97062;35738;0;7.7;2.8;0.0
38;2021-03-12;7276;1260;0;104338;36998;0;8.2;2.9;0.0
38;2021-03-13;3906;265;0;108244;37263;0;8.6;2.9;0.0
38;2021-03-14;615;22;0;108859;37285;0;8.6;2.9;0.0
38;2021-03-15;2781;1033;0;111640;38318;0;8.8;3.0;0.0
38;2021-03-16;2207;1382;0;113847;39700;0;9.0;3.1;0.0
38;2021-03-17;2128;1210;0;115975;40910;0;9.2;3.2;0.0
38;2021-03-18;2900;1403;0;118875;42313;0;9.4;3.3;0.0
38;2021-03-19;4270;1145;0;123145;43458;0;9.7;3.4;0.0
38;2021-03-20;1987;259;0;125132;43717;0;9.9;3.5;0.0
38;2021-03-21;248;21;0;125380;43738;0;9.9;3.5;0.0
38;2021-03-22;3075;995;0;128455;44733;0;10.2;3.5;0.0
38;2021-03-23;5035;1520;0;133490;46253;0;10.6;3.7;0.0
38;2021-03-24;3963;1586;0;137453;47839;0;10.9;3.8;0.0
38;2021-03-25;6153;1571;0;143606;49410;0;11.4;3.9;0.0
38;2021-03-26;6874;1763;0;150480;51173;0;11.9;4.0;0.0
38;2021-03-27;2659;775;0;153139;51948;0;12.1;4.1;0.0
38;2021-03-28;1026;46;0;154165;51994;0;12.2;4.1;0.0
38;2021-03-29;2907;1855;0;157072;53849;0;12.4;4.3;0.0
38;2021-03-30;4855;2576;0;161927;56425;0;12.8;4.5;0.0
38;2021-03-31;3973;2283;0;165900;58708;0;13.1;4.6;0.0
38;2021-04-01;5490;2601;0;171390;61309;0;13.5;4.8;0.0
38;2021-04-02;4265;2574;0;175655;63883;0;13.9;5.1;0.0
38;2021-04-03;1722;1086;0;177377;64969;0;14.0;5.1;0.0
38;2021-04-04;818;105;0;178195;65074;0;14.1;5.1;0.0
38;2021-04-05;2529;377;0;180724;65451;0;14.3;5.2;0.0
38;2021-04-06;4584;2472;0;185308;67923;0;14.6;5.4;0.0
38;2021-04-07;4619;2864;0;189927;70787;0;15.0;5.6;0.0
38;2021-04-08;5891;2784;0;195818;73571;0;15.5;5.8;0.0
38;2021-04-09;8650;2764;0;204468;76335;0;16.2;6.0;0.0
38;2021-04-10;3631;1608;0;208099;77943;0;16.5;6.2;0.0
38;2021-04-11;1128;199;0;209227;78142;0;16.5;6.2;0.0
38;2021-04-12;4333;2362;0;213560;80504;0;16.9;6.4;0.0
38;2021-04-13;6324;2616;0;219884;83120;0;17.4;6.6;0.0
38;2021-04-14;5354;2640;0;225238;85760;0;17.8;6.8;0.0
38;2021-04-15;6639;3074;0;231877;88834;0;18.3;7.0;0.0
38;2021-04-16;6386;2950;0;238263;91784;0;18.8;7.3;0.0
38;2021-04-17;2855;1130;0;241118;92914;0;19.1;7.3;0.0
38;2021-04-18;1437;159;0;242555;93073;0;19.2;7.4;0.0
38;2021-04-19;4324;3027;0;246879;96100;0;19.5;7.6;0.0
38;2021-04-20;5542;3159;0;252421;99259;0;20.0;7.8;0.0
38;2021-04-21;5136;3009;0;257557;102268;0;20.4;8.1;0.0
38;2021-04-22;5897;3086;0;263454;105354;0;20.8;8.3;0.0
38;2021-04-23;6263;3102;0;269717;108456;0;21.3;8.6;0.0
38;2021-04-24;2992;1500;0;272709;109956;0;21.6;8.7;0.0
38;2021-04-25;889;675;0;273598;110631;0;21.6;8.7;0.0
38;2021-04-26;4551;2677;0;278149;113308;0;22.0;9.0;0.0
38;2021-04-27;6068;3020;0;284217;116328;0;22.5;9.2;0.0
38;2021-04-28;6197;2799;0;290414;119127;0;23.0;9.4;0.0
38;2021-04-29;8239;3374;0;298653;122501;0;23.6;9.7;0.0
38;2021-04-30;7597;4240;0;306250;126741;0;24.2;10.0;0.0
38;2021-05-01;1981;276;0;308231;127017;0;24.4;10.0;0.0
38;2021-05-02;966;485;0;309197;127502;0;24.4;10.1;0.0
38;2021-05-03;5327;3997;0;314524;131499;0;24.9;10.4;0.0
38;2021-05-04;6304;5526;0;320828;137025;0;25.4;10.8;0.0
38;2021-05-05;6517;4791;0;327345;141816;0;25.9;11.2;0.0
38;2021-05-06;7278;5500;0;334623;147316;0;26.5;11.6;0.0
38;2021-05-07;7751;6591;0;342374;153907;0;27.1;12.2;0.0
38;2021-05-08;3911;837;0;346285;154744;0;27.4;12.2;0.0
38;2021-05-09;3271;2038;0;349556;156782;0;27.6;12.4;0.0
38;2021-05-10;6220;5494;0;355776;162276;0;28.1;12.8;0.0
38;2021-05-11;8532;6231;0;364308;168507;0;28.8;13.3;0.0
38;2021-05-12;9725;4931;0;374033;173438;0;29.6;13.7;0.0
38;2021-05-13;7589;1570;0;381622;175008;0;30.2;13.8;0.0
38;2021-05-14;10263;3654;0;391885;178662;0;31.0;14.1;0.0
38;2021-05-15;7408;1583;0;399293;180245;0;31.6;14.2;0.0
38;2021-05-16;6079;706;0;405372;180951;0;32.0;14.3;0.0
38;2021-05-17;8045;3231;0;413417;184182;0;32.7;14.6;0.0
38;2021-05-18;9358;4212;0;422775;188394;0;33.4;14.9;0.0
38;2021-05-19;8851;3577;0;431626;191971;0;34.1;15.2;0.0
38;2021-05-20;9451;4676;0;441077;196647;0;34.9;15.5;0.0
38;2021-05-21;10139;4734;0;451216;201381;0;35.7;15.9;0.0
38;2021-05-22;7497;1984;0;458713;203365;0;36.3;16.1;0.0
38;2021-05-23;5217;619;0;463930;203984;0;36.7;16.1;0.0
38;2021-05-24;7647;1671;0;471577;205655;0;37.3;16.3;0.0
38;2021-05-25;9393;5004;0;480970;210659;0;38.0;16.7;0.0
38;2021-05-26;8186;4997;0;489156;215656;0;38.7;17.0;0.0
38;2021-05-27;9349;5792;0;498505;221448;0;39.4;17.5;0.0
38;2021-05-28;9020;6727;0;507525;228175;0;40.1;18.0;0.0
38;2021-05-29;6011;3634;0;513536;231809;0;40.6;18.3;0.0
38;2021-05-30;2750;1743;0;516286;233552;0;40.8;18.5;0.0
38;2021-05-31;8074;5363;0;524360;238915;0;41.5;18.9;0.0
38;2021-06-01;7875;6560;0;532235;245475;0;42.1;19.4;0.0
38;2021-06-02;7315;5917;0;539550;251392;0;42.7;19.9;0.0
38;2021-06-03;7803;6971;0;547353;258363;0;43.3;20.4;0.0
38;2021-06-04;8374;7683;0;555727;266046;0;43.9;21.0;0.0
38;2021-06-05;6122;4168;0;561849;270214;0;44.4;21.4;0.0
38;2021-06-06;2760;1513;0;564609;271727;0;44.6;21.5;0.0
38;2021-06-07;5872;6983;0;570481;278710;0;45.1;22.0;0.0
38;2021-06-08;6338;7624;0;576819;286334;0;45.6;22.6;0.0
38;2021-06-09;5477;6555;0;582296;292889;0;46.0;23.2;0.0
38;2021-06-10;5836;6862;0;588132;299751;0;46.5;23.7;0.0
38;2021-06-11;6293;7927;0;594425;307678;0;47.0;24.3;0.0
38;2021-06-12;4292;3426;0;598717;311104;0;47.3;24.6;0.0
38;2021-06-13;1260;1359;0;599977;312463;0;47.4;24.7;0.0
38;2021-06-14;3891;7870;0;603868;320333;0;47.7;25.3;0.0
38;2021-06-15;5351;8410;0;609219;328743;0;48.2;26.0;0.0
38;2021-06-16;5298;7871;0;614517;336614;0;48.6;26.6;0.0
38;2021-06-17;4755;7565;0;619272;344179;0;49.0;27.2;0.0
38;2021-06-18;6198;9802;0;625470;353981;0;49.4;28.0;0.0
38;2021-06-19;3775;5644;0;629245;359625;0;49.7;28.4;0.0
38;2021-06-20;1193;2973;0;630438;362598;0;49.8;28.7;0.0
38;2021-06-21;3815;9030;0;634253;371628;0;50.1;29.4;0.0
38;2021-06-22;3738;10686;0;637991;382314;0;50.4;30.2;0.0
38;2021-06-23;3309;10180;0;641300;392494;0;50.7;31.0;0.0
38;2021-06-24;3551;9343;0;644851;401837;0;51.0;31.8;0.0
38;2021-06-25;3938;12014;0;648789;413851;0;51.3;32.7;0.0
38;2021-06-26;2284;8327;0;651073;422178;0;51.5;33.4;0.0
38;2021-06-27;1177;4715;0;652250;426893;0;51.6;33.7;0.0
38;2021-06-28;2707;10766;0;654957;437659;0;51.8;34.6;0.0
38;2021-06-29;3562;11132;0;658519;448791;0;52.1;35.5;0.0
38;2021-06-30;3889;10513;0;662408;459304;0;52.4;36.3;0.0
38;2021-07-01;3835;9267;0;666243;468571;0;52.7;37.0;0.0
38;2021-07-02;3950;11901;0;670193;480472;0;53.0;38.0;0.0
38;2021-07-03;2014;8766;0;672207;489238;0;53.1;38.7;0.0
38;2021-07-04;1321;3362;0;673528;492600;0;53.2;38.9;0.0
38;2021-07-05;3027;10707;0;676555;503307;0;53.5;39.8;0.0
38;2021-07-06;3535;10438;0;680090;513745;0;53.8;40.6;0.0
38;2021-07-07;3780;9666;0;683870;523411;0;54.1;41.4;0.0
38;2021-07-08;3735;8563;0;687605;531974;0;54.4;42.1;0.0
38;2021-07-09;4278;11000;0;691883;542974;0;54.7;42.9;0.0
38;2021-07-10;2558;8111;0;694441;551085;0;54.9;43.6;0.0
38;2021-07-11;1044;2280;0;695485;553365;0;55.0;43.7;0.0
38;2021-07-12;3586;10784;0;699071;564149;0;55.3;44.6;0.0
38;2021-07-13;6721;11276;0;705792;575425;0;55.8;45.5;0.0
38;2021-07-14;4622;3402;0;710414;578827;0;56.2;45.8;0.0
38;2021-07-15;8857;10199;0;719271;589026;0;56.9;46.6;0.0
38;2021-07-16;9154;10990;0;728425;600016;0;57.6;47.4;0.0
38;2021-07-17;5192;7743;0;733617;607759;0;58.0;48.0;0.0
38;2021-07-18;2794;2752;0;736411;610511;0;58.2;48.3;0.0
38;2021-07-19;6317;9426;0;742728;619937;0;58.7;49.0;0.0
38;2021-07-20;6824;8787;0;749552;628724;0;59.3;49.7;0.0
38;2021-07-21;8411;8533;0;757963;637257;0;59.9;50.4;0.0
38;2021-07-22;8233;7436;0;766196;644693;0;60.6;51.0;0.0
38;2021-07-23;9412;9374;0;775608;654067;0;61.3;51.7;0.0
38;2021-07-24;5933;5811;0;781541;659878;0;61.8;52.2;0.0
38;2021-07-25;2806;1892;0;784347;661770;0;62.0;52.3;0.0
38;2021-07-26;8086;7309;0;792433;669079;0;62.6;52.9;0.0
38;2021-07-27;8237;6475;0;800670;675554;0;63.3;53.4;0.0
38;2021-07-28;9141;5927;0;809811;681481;0;64.0;53.9;0.0
38;2021-07-29;8344;5153;0;818155;686634;0;64.7;54.3;0.0
38;2021-07-30;8247;6920;0;826402;693554;0;65.3;54.8;0.0
38;2021-07-31;4969;3885;0;831371;697439;0;65.7;55.1;0.0
38;2021-08-01;1563;1370;0;832934;698809;0;65.8;55.2;0.0
38;2021-08-02;5172;4872;0;838106;703681;0;66.3;55.6;0.0
38;2021-08-03;5473;5087;0;843579;708768;0;66.7;56.0;0.0
38;2021-08-04;5415;4715;0;848994;713483;0;67.1;56.4;0.0
38;2021-08-05;4410;4940;0;853404;718423;0;67.5;56.8;0.0
38;2021-08-06;4611;6370;0;858015;724793;0;67.8;57.3;0.0
38;2021-08-07;2847;3955;0;860862;728748;0;68.1;57.6;0.0
38;2021-08-08;965;2085;0;861827;730833;0;68.1;57.8;0.0
38;2021-08-09;3909;6228;0;865736;737061;0;68.4;58.3;0.0
38;2021-08-10;5006;6528;0;870742;743589;0;68.8;58.8;0.0
38;2021-08-11;4043;5399;0;874785;748988;0;69.2;59.2;0.0
38;2021-08-12;3696;5287;0;878481;754275;0;69.4;59.6;0.0
38;2021-08-13;4228;6440;0;882709;760715;0;69.8;60.1;0.0
38;2021-08-14;2078;4423;0;884787;765138;0;69.9;60.5;0.0
38;2021-08-15;546;1802;0;885333;766940;0;70.0;60.6;0.0
38;2021-08-16;3029;8261;0;888362;775201;0;70.2;61.3;0.0
38;2021-08-17;3431;6429;0;891793;781630;0;70.5;61.8;0.0
38;2021-08-18;3020;7608;0;894813;789238;0;70.7;62.4;0.0
38;2021-08-19;2789;5392;0;897602;794630;0;71.0;62.8;0.0
38;2021-08-20;2997;8536;0;900599;803166;0;71.2;63.5;0.0
38;2021-08-21;1261;5221;0;901860;808387;0;71.3;63.9;0.0
38;2021-08-22;518;1586;0;902378;809973;0;71.3;64.0;0.0
38;2021-08-23;2613;8035;0;904991;818008;0;71.5;64.7;0.0
38;2021-08-24;2767;6048;0;907758;824056;0;71.8;65.1;0.0
38;2021-08-25;2612;6464;0;910370;830520;0;72.0;65.7;0.0
38;2021-08-26;2332;4848;0;912702;835368;0;72.2;66.0;0.0
38;2021-08-27;2627;6580;0;915329;841948;0;72.4;66.6;0.0
38;2021-08-28;1436;4256;0;916765;846204;0;72.5;66.9;0.0
38;2021-08-29;428;1447;0;917193;847651;0;72.5;67.0;0.0
38;2021-08-30;2327;6113;108;919520;853764;108;72.7;67.5;0.0
38;2021-08-31;2340;5042;162;921860;858806;270;72.9;67.9;0.0
38;2021-09-01;2527;4382;361;924387;863188;631;73.1;68.2;0.0
38;2021-09-02;1788;3434;415;926175;866622;1046;73.2;68.5;0.1
38;2021-09-03;2051;4975;510;928226;871597;1556;73.4;68.9;0.1
38;2021-09-04;1242;3196;184;929468;874793;1740;73.5;69.2;0.1
38;2021-09-05;394;786;66;929862;875579;1806;73.5;69.2;0.1
38;2021-09-06;1260;3036;494;931122;878615;2300;73.6;69.5;0.2
38;2021-09-07;1359;2997;606;932481;881612;2906;73.7;69.7;0.2
38;2021-09-08;1803;3380;460;934284;884992;3366;73.9;70.0;0.3
38;2021-09-09;1136;2184;425;935420;887176;3791;73.9;70.1;0.3
38;2021-09-10;1647;3364;693;937067;890540;4484;74.1;70.4;0.4
38;2021-09-11;1099;2433;142;938166;892973;4626;74.2;70.6;0.4
38;2021-09-12;217;555;27;938383;893528;4653;74.2;70.6;0.4
38;2021-09-13;963;2280;751;939346;895808;5404;74.3;70.8;0.4
38;2021-09-14;1004;2126;889;940350;897934;6293;74.3;71.0;0.5
38;2021-09-15;1331;2809;809;941681;900743;7102;74.4;71.2;0.6
38;2021-09-16;764;1687;768;942445;902430;7870;74.5;71.3;0.6
38;2021-09-17;938;2637;793;943383;905067;8663;74.6;71.5;0.7
38;2021-09-18;763;2287;200;944146;907354;8863;74.6;71.7;0.7
38;2021-09-19;116;418;30;944262;907772;8893;74.6;71.8;0.7
38;2021-09-20;608;1741;964;944870;909513;9857;74.7;71.9;0.8
38;2021-09-21;527;1520;1061;945397;911033;10918;74.7;72.0;0.9
38;2021-09-22;729;2713;876;946126;913746;11794;74.8;72.2;0.9
38;2021-09-23;476;1462;980;946602;915208;12774;74.8;72.3;1.0
38;2021-09-24;777;2281;1006;947379;917489;13780;74.9;72.5;1.1
38;2021-09-25;517;1933;205;947896;919422;13985;74.9;72.7;1.1
38;2021-09-26;100;392;22;947996;919814;14007;74.9;72.7;1.1
38;2021-09-27;433;1223;786;948429;921037;14793;75.0;72.8;1.2
38;2021-09-28;535;1204;972;948964;922241;15765;75.0;72.9;1.2
38;2021-09-29;687;1984;1087;949651;924225;16852;75.1;73.1;1.3
38;2021-09-30;459;913;944;950110;925138;17796;75.1;73.1;1.4
38;2021-10-01;870;1556;1047;950980;926694;18843;75.2;73.3;1.5
38;2021-10-02;519;1232;309;951499;927926;19152;75.2;73.4;1.5
38;2021-10-03;83;208;19;951582;928134;19171;75.2;73.4;1.5
38;2021-10-04;581;1011;1234;952163;929145;20405;75.3;73.5;1.6
38;2021-10-05;463;953;1293;952626;930098;21698;75.3;73.5;1.7
38;2021-10-06;660;1363;1217;953286;931461;22915;75.4;73.6;1.8
38;2021-10-07;434;873;1174;953720;932334;24089;75.4;73.7;1.9
38;2021-10-08;740;1364;1553;954460;933698;25642;75.5;73.8;2.0
38;2021-10-09;513;890;365;954973;934588;26007;75.5;73.9;2.1
38;2021-10-10;43;118;61;955016;934706;26068;75.5;73.9;2.1
38;2021-10-11;383;846;1357;955399;935552;27425;75.5;74.0;2.2
38;2021-10-12;495;698;1279;955894;936250;28704;75.6;74.0;2.3
38;2021-10-13;579;1045;1720;956473;937295;30424;75.6;74.1;2.4
38;2021-10-14;409;617;1533;956882;937912;31957;75.6;74.1;2.5
38;2021-10-15;619;1104;1959;957501;939016;33916;75.7;74.2;2.7
38;2021-10-16;447;688;436;957948;939704;34352;75.7;74.3;2.7
38;2021-10-17;12;46;13;957960;939750;34365;75.7;74.3;2.7
38;2021-10-18;408;597;1330;958368;940347;35695;75.8;74.3;2.8
38;2021-10-19;232;520;1605;958600;940867;37300;75.8;74.4;2.9
38;2021-10-20;362;710;1995;958962;941577;39295;75.8;74.4;3.1
38;2021-10-21;188;387;1374;959150;941964;40669;75.8;74.5;3.2
38;2021-10-22;365;773;2232;959515;942737;42901;75.9;74.5;3.4
38;2021-10-23;257;554;599;959772;943291;43500;75.9;74.6;3.4
38;2021-10-24;29;86;64;959801;943377;43564;75.9;74.6;3.4
38;2021-10-25;252;495;1695;960053;943872;45259;75.9;74.6;3.6
38;2021-10-26;213;402;1888;960266;944274;47147;75.9;74.6;3.7
38;2021-10-27;274;624;2045;960540;944898;49192;75.9;74.7;3.9
38;2021-10-28;199;387;1685;960739;945285;50877;75.9;74.7;4.0
38;2021-10-29;278;712;2264;961017;945997;53141;76.0;74.8;4.2
38;2021-10-30;128;444;709;961145;946441;53850;76.0;74.8;4.3
38;2021-10-31;10;27;18;961155;946468;53868;76.0;74.8;4.3
38;2021-11-01;58;46;43;961213;946514;53911;76.0;74.8;4.3
38;2021-11-02;276;567;2041;961489;947081;55952;76.0;74.9;4.4
38;2021-11-03;257;503;2552;961746;947584;58504;76.0;74.9;4.6
38;2021-11-04;232;410;1998;961978;947994;60502;76.0;74.9;4.8
38;2021-11-05;300;569;2760;962278;948563;63262;76.1;75.0;5.0
38;2021-11-06;208;437;1028;962486;949000;64290;76.1;75.0;5.1
38;2021-11-07;6;14;53;962492;949014;64343;76.1;75.0;5.1
38;2021-11-08;171;359;2296;962663;949373;66639;76.1;75.1;5.3
38;2021-11-09;207;419;3436;962870;949792;70075;76.1;75.1;5.5
38;2021-11-10;321;558;4042;963191;950350;74117;76.1;75.1;5.9
38;2021-11-11;15;47;120;963206;950397;74237;76.1;75.1;5.9
38;2021-11-12;292;440;3811;963498;950837;78048;76.2;75.2;6.2
38;2021-11-13;203;254;1192;963701;951091;79240;76.2;75.2;6.3
38;2021-11-14;9;18;78;963710;951109;79318;76.2;75.2;6.3
38;2021-11-15;159;274;3064;963869;951383;82382;76.2;75.2;6.5
38;2021-11-16;175;285;3941;964044;951668;86323;76.2;75.2;6.8
38;2021-11-17;324;396;3940;964368;952064;90263;76.2;75.3;7.1
38;2021-11-18;213;300;3369;964581;952364;93632;76.3;75.3;7.4
38;2021-11-19;258;386;4950;964839;952750;98582;76.3;75.3;7.8
38;2021-11-20;215;307;1495;965054;953057;100077;76.3;75.3;7.9
38;2021-11-21;15;24;183;965069;953081;100260;76.3;75.3;7.9
38;2021-11-22;190;168;3338;965259;953249;103598;76.3;75.4;8.2
38;2021-11-23;227;237;4564;965486;953486;108162;76.3;75.4;8.6
38;2021-11-24;306;422;4666;965792;953908;112828;76.3;75.4;8.9
38;2021-11-25;212;242;5026;966004;954150;117854;76.4;75.4;9.3
38;2021-11-26;277;351;7717;966281;954501;125571;76.4;75.5;9.9
38;2021-11-27;271;273;3864;966552;954774;129435;76.4;75.5;10.2
38;2021-11-28;14;25;310;966566;954799;129745;76.4;75.5;10.3
38;2021-11-29;140;201;6583;966706;955000;136328;76.4;75.5;10.8
38;2021-11-30;194;271;9347;966900;955271;145675;76.4;75.5;11.5
38;2021-12-01;224;380;8852;967124;955651;154527;76.5;75.5;12.2
38;2021-12-02;163;207;9793;967287;955858;164320;76.5;75.6;13.0
38;2021-12-03;209;398;11501;967496;956256;175821;76.5;75.6;13.9
38;2021-12-04;166;257;5955;967662;956513;181776;76.5;75.6;14.4
38;2021-12-05;50;50;2039;967712;956563;183815;76.5;75.6;14.5
38;2021-12-06;135;224;9477;967847;956787;193292;76.5;75.6;15.3
38;2021-12-07;177;264;12049;968024;957051;205341;76.5;75.7;16.2
38;2021-12-08;272;386;10647;968296;957437;215988;76.5;75.7;17.1
38;2021-12-09;162;276;12389;968458;957713;228377;76.6;75.7;18.1
38;2021-12-10;260;355;14935;968718;958068;243312;76.6;75.7;19.2
38;2021-12-11;229;327;9918;968947;958395;253230;76.6;75.8;20.0
38;2021-12-12;57;50;3991;969004;958445;257221;76.6;75.8;20.3
38;2021-12-13;190;254;13039;969194;958699;270260;76.6;75.8;21.4
38;2021-12-14;253;282;16100;969447;958981;286360;76.6;75.8;22.6
38;2021-12-15;268;361;14854;969715;959342;301214;76.7;75.8;23.8
39;2020-12-27;0;0;0;0;0;0;0.0;0.0;0.0
39;2020-12-28;0;0;0;0;0;0;0.0;0.0;0.0
39;2020-12-29;0;0;0;0;0;0;0.0;0.0;0.0
39;2020-12-30;0;0;0;0;0;0;0.0;0.0;0.0
39;2020-12-31;0;0;0;0;0;0;0.0;0.0;0.0
39;2021-01-01;1;0;0;1;0;0;0.0;0.0;0.0
39;2021-01-02;0;0;0;1;0;0;0.0;0.0;0.0
39;2021-01-03;0;0;0;1;0;0;0.0;0.0;0.0
39;2021-01-04;2;0;0;3;0;0;0.0;0.0;0.0
39;2021-01-05;3;0;0;6;0;0;0.0;0.0;0.0
39;2021-01-06;48;3;0;54;3;0;0.0;0.0;0.0
39;2021-01-07;332;2;0;386;5;0;0.1;0.0;0.0
39;2021-01-08;611;2;0;997;7;0;0.4;0.0;0.0
39;2021-01-09;170;0;0;1167;7;0;0.5;0.0;0.0
39;2021-01-10;1;0;0;1168;7;0;0.5;0.0;0.0
39;2021-01-11;448;1;0;1616;8;0;0.6;0.0;0.0
39;2021-01-12;433;1;0;2049;9;0;0.8;0.0;0.0
39;2021-01-13;409;2;0;2458;11;0;1.0;0.0;0.0
39;2021-01-14;570;3;0;3028;14;0;1.2;0.0;0.0
39;2021-01-15;454;2;0;3482;16;0;1.4;0.0;0.0
39;2021-01-16;138;0;0;3620;16;0;1.4;0.0;0.0
39;2021-01-17;4;1;0;3624;17;0;1.4;0.0;0.0
39;2021-01-18;893;7;0;4517;24;0;1.8;0.0;0.0
39;2021-01-19;1126;9;0;5643;33;0;2.2;0.0;0.0
39;2021-01-20;885;5;0;6528;38;0;2.5;0.0;0.0
39;2021-01-21;1176;3;0;7704;41;0;3.0;0.0;0.0
39;2021-01-22;954;3;0;8658;44;0;3.4;0.0;0.0
39;2021-01-23;368;1;0;9026;45;0;3.5;0.0;0.0
39;2021-01-24;0;0;0;9026;45;0;3.5;0.0;0.0
39;2021-01-25;635;2;0;9661;47;0;3.7;0.0;0.0
39;2021-01-26;1030;15;0;10691;62;0;4.1;0.0;0.0
39;2021-01-27;845;20;0;11536;82;0;4.5;0.0;0.0
39;2021-01-28;679;231;0;12215;313;0;4.7;0.1;0.0
39;2021-01-29;522;390;0;12737;703;0;4.9;0.3;0.0
39;2021-01-30;236;105;0;12973;808;0;5.0;0.3;0.0
39;2021-01-31;1;0;0;12974;808;0;5.0;0.3;0.0
39;2021-02-01;534;254;0;13508;1062;0;5.2;0.4;0.0
39;2021-02-02;714;314;0;14222;1376;0;5.5;0.5;0.0
39;2021-02-03;467;493;0;14689;1869;0;5.7;0.7;0.0
39;2021-02-04;504;436;0;15193;2305;0;5.9;0.9;0.0
39;2021-02-05;413;413;0;15606;2718;0;6.1;1.1;0.0
39;2021-02-06;233;105;0;15839;2823;0;6.1;1.1;0.0
39;2021-02-07;0;2;0;15839;2825;0;6.1;1.1;0.0
39;2021-02-08;307;362;0;16146;3187;0;6.3;1.2;0.0
39;2021-02-09;314;451;0;16460;3638;0;6.4;1.4;0.0
39;2021-02-10;244;339;0;16704;3977;0;6.5;1.5;0.0
39;2021-02-11;545;503;0;17249;4480;0;6.7;1.7;0.0
39;2021-02-12;346;398;0;17595;4878;0;6.8;1.9;0.0
39;2021-02-13;99;65;0;17694;4943;0;6.9;1.9;0.0
39;2021-02-14;1;1;0;17695;4944;0;6.9;1.9;0.0
39;2021-02-15;101;741;0;17796;5685;0;6.9;2.2;0.0
39;2021-02-16;108;877;0;17904;6562;0;6.9;2.5;0.0
39;2021-02-17;59;668;0;17963;7230;0;7.0;2.8;0.0
39;2021-02-18;107;831;0;18070;8061;0;7.0;3.1;0.0
39;2021-02-19;58;484;0;18128;8545;0;7.0;3.3;0.0
39;2021-02-20;20;353;0;18148;8898;0;7.0;3.5;0.0
39;2021-02-21;0;1;0;18148;8899;0;7.0;3.5;0.0
39;2021-02-22;97;677;0;18245;9576;0;7.1;3.7;0.0
39;2021-02-23;19;685;0;18264;10261;0;7.1;4.0;0.0
39;2021-02-24;115;773;0;18379;11034;0;7.1;4.3;0.0
39;2021-02-25;213;700;0;18592;11734;0;7.2;4.6;0.0
39;2021-02-26;202;432;0;18794;12166;0;7.3;4.7;0.0
39;2021-02-27;167;267;0;18961;12433;0;7.4;4.8;0.0
39;2021-02-28;4;0;0;18965;12433;0;7.4;4.8;0.0
39;2021-03-01;258;616;0;19223;13049;0;7.5;5.1;0.0
39;2021-03-02;344;774;0;19567;13823;0;7.6;5.4;0.0
39;2021-03-03;569;474;0;20136;14297;0;7.8;5.5;0.0
39;2021-03-04;638;452;0;20774;14749;0;8.1;5.7;0.0
39;2021-03-05;636;322;0;21410;15071;0;8.3;5.8;0.0
39;2021-03-06;728;217;0;22138;15288;0;8.6;5.9;0.0
39;2021-03-07;200;69;0;22338;15357;0;8.7;6.0;0.0
39;2021-03-08;275;420;0;22613;15777;0;8.8;6.1;0.0
39;2021-03-09;771;418;0;23384;16195;0;9.1;6.3;0.0
39;2021-03-10;930;285;0;24314;16480;0;9.4;6.4;0.0
39;2021-03-11;758;445;0;25072;16925;0;9.7;6.6;0.0
39;2021-03-12;764;280;0;25836;17205;0;10.0;6.7;0.0
39;2021-03-13;746;95;0;26582;17300;0;10.3;6.7;0.0
39;2021-03-14;45;8;0;26627;17308;0;10.3;6.7;0.0
39;2021-03-15;454;114;0;27081;17422;0;10.5;6.8;0.0
39;2021-03-16;493;54;0;27574;17476;0;10.7;6.8;0.0
39;2021-03-17;571;71;0;28145;17547;0;10.9;6.8;0.0
39;2021-03-18;590;73;0;28735;17620;0;11.1;6.8;0.0
39;2021-03-19;424;79;0;29159;17699;0;11.3;6.9;0.0
39;2021-03-20;335;22;0;29494;17721;0;11.4;6.9;0.0
39;2021-03-21;9;1;0;29503;17722;0;11.4;6.9;0.0
39;2021-03-22;734;121;0;30237;17843;0;11.7;6.9;0.0
39;2021-03-23;1071;63;0;31308;17906;0;12.1;6.9;0.0
39;2021-03-24;1124;103;0;32432;18009;0;12.6;7.0;0.0
39;2021-03-25;1959;140;0;34391;18149;0;13.3;7.0;0.0
39;2021-03-26;828;127;0;35219;18276;0;13.7;7.1;0.0
39;2021-03-27;357;11;0;35576;18287;0;13.8;7.1;0.0
39;2021-03-28;37;4;0;35613;18291;0;13.8;7.1;0.0
39;2021-03-29;1010;194;0;36623;18485;0;14.2;7.2;0.0
39;2021-03-30;1341;278;0;37964;18763;0;14.7;7.3;0.0
39;2021-03-31;669;459;0;38633;19222;0;15.0;7.5;0.0
39;2021-04-01;1168;292;0;39801;19514;0;15.4;7.6;0.0
39;2021-04-02;636;138;0;40437;19652;0;15.7;7.6;0.0
39;2021-04-03;202;13;0;40639;19665;0;15.8;7.6;0.0
39;2021-04-04;4;2;0;40643;19667;0;15.8;7.6;0.0
39;2021-04-05;12;2;0;40655;19669;0;15.8;7.6;0.0
39;2021-04-06;813;579;0;41468;20248;0;16.1;7.9;0.0
39;2021-04-07;1069;614;0;42537;20862;0;16.5;8.1;0.0
39;2021-04-08;1654;517;0;44191;21379;0;17.1;8.3;0.0
39;2021-04-09;1641;299;0;45832;21678;0;17.8;8.4;0.0
39;2021-04-10;366;154;0;46198;21832;0;17.9;8.5;0.0
39;2021-04-11;10;1;0;46208;21833;0;17.9;8.5;0.0
39;2021-04-12;677;345;0;46885;22178;0;18.2;8.6;0.0
39;2021-04-13;1167;527;0;48052;22705;0;18.6;8.8;0.0
39;2021-04-14;796;591;0;48848;23296;0;18.9;9.0;0.0
39;2021-04-15;1373;680;0;50221;23976;0;19.5;9.3;0.0
39;2021-04-16;1050;223;0;51271;24199;0;19.9;9.4;0.0
39;2021-04-17;262;74;0;51533;24273;0;20.0;9.4;0.0
39;2021-04-18;6;2;0;51539;24275;0;20.0;9.4;0.0
39;2021-04-19;539;664;0;52078;24939;0;20.2;9.7;0.0
39;2021-04-20;804;552;0;52882;25491;0;20.5;9.9;0.0
39;2021-04-21;1000;663;0;53882;26154;0;20.9;10.1;0.0
39;2021-04-22;1006;1068;0;54888;27222;0;21.3;10.6;0.0
39;2021-04-23;476;378;0;55364;27600;0;21.5;10.7;0.0
39;2021-04-24;305;146;0;55669;27746;0;21.6;10.8;0.0
39;2021-04-25;19;4;0;55688;27750;0;21.6;10.8;0.0
39;2021-04-26;564;1018;0;56252;28768;0;21.8;11.2;0.0
39;2021-04-27;802;953;0;57054;29721;0;22.1;11.5;0.0
39;2021-04-28;1512;433;0;58566;30154;0;22.7;11.7;0.0
39;2021-04-29;2415;861;0;60981;31015;0;23.6;12.0;0.0
39;2021-04-30;2238;421;0;63219;31436;0;24.5;12.2;0.0
39;2021-05-01;84;65;0;63303;31501;0;24.6;12.2;0.0
39;2021-05-02;24;3;0;63327;31504;0;24.6;12.2;0.0
39;2021-05-03;935;768;0;64262;32272;0;24.9;12.5;0.0
39;2021-05-04;994;1077;0;65256;33349;0;25.3;12.9;0.0
39;2021-05-05;1755;869;0;67011;34218;0;26.0;13.3;0.0
39;2021-05-06;2228;1226;0;69239;35444;0;26.9;13.7;0.0
39;2021-05-07;1282;624;0;70521;36068;0;27.3;14.0;0.0
39;2021-05-08;175;51;0;70696;36119;0;27.4;14.0;0.0
39;2021-05-09;23;21;0;70719;36140;0;27.4;14.0;0.0
39;2021-05-10;1706;867;0;72425;37007;0;28.1;14.4;0.0
39;2021-05-11;1767;1464;0;74192;38471;0;28.8;14.9;0.0
39;2021-05-12;1655;1373;0;75847;39844;0;29.4;15.5;0.0
39;2021-05-13;261;48;0;76108;39892;0;29.5;15.5;0.0
39;2021-05-14;2261;359;0;78369;40251;0;30.4;15.6;0.0
39;2021-05-15;1531;262;0;79900;40513;0;31.0;15.7;0.0
39;2021-05-16;37;6;0;79937;40519;0;31.0;15.7;0.0
39;2021-05-17;1924;712;0;81861;41231;0;31.7;16.0;0.0
39;2021-05-18;1704;1119;0;83565;42350;0;32.4;16.4;0.0
39;2021-05-19;2299;540;0;85864;42890;0;33.3;16.6;0.0
39;2021-05-20;2167;787;0;88031;43677;0;34.1;16.9;0.0
39;2021-05-21;1790;585;0;89821;44262;0;34.8;17.2;0.0
39;2021-05-22;322;232;0;90143;44494;0;35.0;17.3;0.0
39;2021-05-23;36;65;0;90179;44559;0;35.0;17.3;0.0
39;2021-05-24;169;52;0;90348;44611;0;35.0;17.3;0.0
39;2021-05-25;1641;1183;0;91989;45794;0;35.7;17.8;0.0
39;2021-05-26;1604;1302;0;93593;47096;0;36.3;18.3;0.0
39;2021-05-27;1473;1538;0;95066;48634;0;36.9;18.9;0.0
39;2021-05-28;974;1254;0;96040;49888;0;37.2;19.3;0.0
39;2021-05-29;352;312;0;96392;50200;0;37.4;19.5;0.0
39;2021-05-30;19;44;0;96411;50244;0;37.4;19.5;0.0
39;2021-05-31;1535;1208;0;97946;51452;0;38.0;20.0;0.0
39;2021-06-01;1788;1327;0;99734;52779;0;38.7;20.5;0.0
39;2021-06-02;1654;1016;0;101388;53795;0;39.3;20.9;0.0
39;2021-06-03;1324;1128;0;102712;54923;0;39.8;21.3;0.0
39;2021-06-04;1018;1076;0;103730;55999;0;40.2;21.7;0.0
39;2021-06-05;671;551;0;104401;56550;0;40.5;21.9;0.0
39;2021-06-06;61;44;0;104462;56594;0;40.5;21.9;0.0
39;2021-06-07;1944;894;0;106406;57488;0;41.3;22.3;0.0
39;2021-06-08;2049;1120;0;108455;58608;0;42.1;22.7;0.0
39;2021-06-09;1654;1174;0;110109;59782;0;42.7;23.2;0.0
39;2021-06-10;1611;1929;0;111720;61711;0;43.3;23.9;0.0
39;2021-06-11;1528;1192;0;113248;62903;0;43.9;24.4;0.0
39;2021-06-12;1096;396;0;114344;63299;0;44.3;24.5;0.0
39;2021-06-13;33;29;0;114377;63328;0;44.4;24.6;0.0
39;2021-06-14;1289;1819;0;115666;65147;0;44.9;25.3;0.0
39;2021-06-15;1329;1287;0;116995;66434;0;45.4;25.8;0.0
39;2021-06-16;1173;1414;0;118168;67848;0;45.8;26.3;0.0
39;2021-06-17;1022;1618;0;119190;69466;0;46.2;26.9;0.0
39;2021-06-18;1502;1191;0;120692;70657;0;46.8;27.4;0.0
39;2021-06-19;346;418;0;121038;71075;0;46.9;27.6;0.0
39;2021-06-20;24;33;0;121062;71108;0;47.0;27.6;0.0
39;2021-06-21;404;2410;0;121466;73518;0;47.1;28.5;0.0
39;2021-06-22;797;2250;0;122263;75768;0;47.4;29.4;0.0
39;2021-06-23;1111;1238;0;123374;77006;0;47.8;29.9;0.0
39;2021-06-24;758;1072;0;124132;78078;0;48.1;30.3;0.0
39;2021-06-25;689;2744;0;124821;80822;0;48.4;31.3;0.0
39;2021-06-26;223;1410;0;125044;82232;0;48.5;31.9;0.0
39;2021-06-27;23;30;0;125067;82262;0;48.5;31.9;0.0
39;2021-06-28;336;2627;0;125403;84889;0;48.6;32.9;0.0
39;2021-06-29;520;2628;0;125923;87517;0;48.8;33.9;0.0
39;2021-06-30;819;2251;0;126742;89768;0;49.2;34.8;0.0
39;2021-07-01;696;1763;0;127438;91531;0;49.4;35.5;0.0
39;2021-07-02;1046;1461;0;128484;92992;0;49.8;36.1;0.0
39;2021-07-03;529;509;0;129013;93501;0;50.0;36.3;0.0
39;2021-07-04;24;37;0;129037;93538;0;50.0;36.3;0.0
39;2021-07-05;556;2469;0;129593;96007;0;50.3;37.2;0.0
39;2021-07-06;818;1860;0;130411;97867;0;50.6;38.0;0.0
39;2021-07-07;611;1371;0;131022;99238;0;50.8;38.5;0.0
39;2021-07-08;685;1005;0;131707;100243;0;51.1;38.9;0.0
39;2021-07-09;1026;1597;0;132733;101840;0;51.5;39.5;0.0
39;2021-07-10;646;588;0;133379;102428;0;51.7;39.7;0.0
39;2021-07-11;24;20;0;133403;102448;0;51.7;39.7;0.0
39;2021-07-12;521;2443;0;133924;104891;0;51.9;40.7;0.0
39;2021-07-13;1487;2553;0;135411;107444;0;52.5;41.7;0.0
39;2021-07-14;82;83;0;135493;107527;0;52.5;41.7;0.0
39;2021-07-15;1579;1792;0;137072;109319;0;53.2;42.4;0.0
39;2021-07-16;2721;1994;0;139793;111313;0;54.2;43.2;0.0
39;2021-07-17;1681;945;0;141474;112258;0;54.9;43.5;0.0
39;2021-07-18;157;87;0;141631;112345;0;54.9;43.6;0.0
39;2021-07-19;1247;2763;0;142878;115108;0;55.4;44.6;0.0
39;2021-07-20;1595;2586;0;144473;117694;0;56.0;45.6;0.0
39;2021-07-21;2091;2367;0;146564;120061;0;56.8;46.6;0.0
39;2021-07-22;1618;1814;0;148182;121875;0;57.5;47.3;0.0
39;2021-07-23;1559;1821;0;149741;123696;0;58.1;48.0;0.0
39;2021-07-24;1092;1229;0;150833;124925;0;58.5;48.4;0.0
39;2021-07-25;53;46;0;150886;124971;0;58.5;48.5;0.0
39;2021-07-26;1111;1869;0;151997;126840;0;58.9;49.2;0.0
39;2021-07-27;1911;1800;0;153908;128640;0;59.7;49.9;0.0
39;2021-07-28;2157;1354;0;156065;129994;0;60.5;50.4;0.0
39;2021-07-29;1916;1508;0;157981;131502;0;61.3;51.0;0.0
39;2021-07-30;1771;1317;0;159752;132819;0;62.0;51.5;0.0
39;2021-07-31;1140;648;0;160892;133467;0;62.4;51.8;0.0
39;2021-08-01;77;31;0;160969;133498;0;62.4;51.8;0.0
39;2021-08-02;1099;1226;0;162068;134724;0;62.9;52.2;0.0
39;2021-08-03;1637;1205;0;163705;135929;0;63.5;52.7;0.0
39;2021-08-04;979;663;0;164684;136592;0;63.9;53.0;0.0
39;2021-08-05;1124;721;0;165808;137313;0;64.3;53.3;0.0
39;2021-08-06;1214;1979;0;167022;139292;0;64.8;54.0;0.0
39;2021-08-07;860;1025;0;167882;140317;0;65.1;54.4;0.0
39;2021-08-08;48;40;0;167930;140357;0;65.1;54.4;0.0
39;2021-08-09;482;392;0;168412;140749;0;65.3;54.6;0.0
39;2021-08-10;1152;941;0;169564;141690;0;65.8;55.0;0.0
39;2021-08-11;874;1369;0;170438;143059;0;66.1;55.5;0.0
39;2021-08-12;1401;1869;0;171839;144928;0;66.6;56.2;0.0
39;2021-08-13;1202;1850;0;173041;146778;0;67.1;56.9;0.0
39;2021-08-14;350;934;0;173391;147712;0;67.2;57.3;0.0
39;2021-08-15;11;15;0;173402;147727;0;67.2;57.3;0.0
39;2021-08-16;504;726;0;173906;148453;0;67.4;57.6;0.0
39;2021-08-17;598;1338;0;174504;149791;0;67.7;58.1;0.0
39;2021-08-18;780;1489;0;175284;151280;0;68.0;58.7;0.0
39;2021-08-19;844;1385;0;176128;152665;0;68.3;59.2;0.0
39;2021-08-20;642;2148;0;176770;154813;0;68.6;60.0;0.0
39;2021-08-21;441;1102;0;177211;155915;0;68.7;60.5;0.0
39;2021-08-22;17;56;0;177228;155971;0;68.7;60.5;0.0
39;2021-08-23;296;919;0;177524;156890;0;68.8;60.8;0.0
39;2021-08-24;441;1463;0;177965;158353;0;69.0;61.4;0.0
39;2021-08-25;605;1465;0;178570;159818;0;69.3;62.0;0.0
39;2021-08-26;677;1613;0;179247;161431;0;69.5;62.6;0.0
39;2021-08-27;412;1778;0;179659;163209;0;69.7;63.3;0.0
39;2021-08-28;324;1159;0;179983;164368;0;69.8;63.7;0.0
39;2021-08-29;10;29;0;179993;164397;0;69.8;63.8;0.0
39;2021-08-30;360;954;9;180353;165351;9;69.9;64.1;0.0
39;2021-08-31;430;1014;36;180783;166365;45;70.1;64.5;0.0
39;2021-09-01;544;1320;158;181327;167685;203;70.3;65.0;0.1
39;2021-09-02;339;1249;129;181666;168934;332;70.5;65.5;0.1
39;2021-09-03;484;1958;162;182150;170892;494;70.6;66.3;0.2
39;2021-09-04;171;255;26;182321;171147;520;70.7;66.4;0.2
39;2021-09-05;9;17;0;182330;171164;520;70.7;66.4;0.2
39;2021-09-06;281;521;97;182611;171685;617;70.8;66.6;0.2
39;2021-09-07;251;342;100;182862;172027;717;70.9;66.7;0.3
39;2021-09-08;458;682;305;183320;172709;1022;71.1;67.0;0.4
39;2021-09-09;428;793;405;183748;173502;1427;71.3;67.3;0.6
39;2021-09-10;245;618;185;183993;174120;1612;71.4;67.5;0.6
39;2021-09-11;269;763;114;184262;174883;1726;71.5;67.8;0.7
39;2021-09-12;10;31;1;184272;174914;1727;71.5;67.8;0.7
39;2021-09-13;192;218;97;184464;175132;1824;71.5;67.9;0.7
39;2021-09-14;225;355;123;184689;175487;1947;71.6;68.1;0.8
39;2021-09-15;275;565;608;184964;176052;2555;71.7;68.3;1.0
39;2021-09-16;431;961;444;185395;177013;2999;71.9;68.6;1.2
39;2021-09-17;432;688;285;185827;177701;3284;72.1;68.9;1.3
39;2021-09-18;108;259;81;185935;177960;3365;72.1;69.0;1.3
39;2021-09-19;3;13;1;185938;177973;3366;72.1;69.0;1.3
39;2021-09-20;111;172;115;186049;178145;3481;72.2;69.1;1.4
39;2021-09-21;117;176;275;186166;178321;3756;72.2;69.2;1.5
39;2021-09-22;278;764;432;186444;179085;4188;72.3;69.5;1.6
39;2021-09-23;184;322;393;186628;179407;4581;72.4;69.6;1.8
39;2021-09-24;225;588;317;186853;179995;4898;72.5;69.8;1.9
39;2021-09-25;82;263;92;186935;180258;4990;72.5;69.9;1.9
39;2021-09-26;1;3;1;186936;180261;4991;72.5;69.9;1.9
39;2021-09-27;131;329;219;187067;180590;5210;72.5;70.0;2.0
39;2021-09-28;73;182;266;187140;180772;5476;72.6;70.1;2.1
39;2021-09-29;203;539;398;187343;181311;5874;72.7;70.3;2.3
39;2021-09-30;186;426;377;187529;181737;6251;72.7;70.5;2.4
39;2021-10-01;160;241;300;187689;181978;6551;72.8;70.6;2.5
39;2021-10-02;118;238;146;187807;182216;6697;72.8;70.7;2.6
39;2021-10-03;1;7;0;187808;182223;6697;72.8;70.7;2.6
39;2021-10-04;76;161;119;187884;182384;6816;72.9;70.7;2.6
39;2021-10-05;80;151;310;187964;182535;7126;72.9;70.8;2.8
39;2021-10-06;212;335;432;188176;182870;7558;73.0;70.9;2.9
39;2021-10-07;138;430;433;188314;183300;7991;73.0;71.1;3.1
39;2021-10-08;240;482;568;188554;183782;8559;73.1;71.3;3.3
39;2021-10-09;64;75;59;188618;183857;8618;73.2;71.3;3.3
39;2021-10-10;0;5;3;188618;183862;8621;73.2;71.3;3.3
39;2021-10-11;49;103;93;188667;183965;8714;73.2;71.3;3.4
39;2021-10-12;102;117;293;188769;184082;9007;73.2;71.4;3.5
39;2021-10-13;108;197;256;188877;184279;9263;73.3;71.5;3.6
39;2021-10-14;135;244;389;189012;184523;9652;73.3;71.6;3.7
39;2021-10-15;324;480;750;189336;185003;10402;73.4;71.7;4.0
39;2021-10-16;62;98;92;189398;185101;10494;73.5;71.8;4.1
39;2021-10-17;3;8;0;189401;185109;10494;73.5;71.8;4.1
39;2021-10-18;35;56;113;189436;185165;10607;73.5;71.8;4.1
39;2021-10-19;62;78;180;189498;185243;10787;73.5;71.8;4.2
39;2021-10-20;64;89;159;189562;185332;10946;73.5;71.9;4.2
39;2021-10-21;122;219;473;189684;185551;11419;73.6;72.0;4.4
39;2021-10-22;311;445;938;189995;185996;12357;73.7;72.1;4.8
39;2021-10-23;65;140;183;190060;186136;12540;73.7;72.2;4.9
39;2021-10-24;2;5;0;190062;186141;12540;73.7;72.2;4.9
39;2021-10-25;34;63;126;190096;186204;12666;73.7;72.2;4.9
39;2021-10-26;52;63;224;190148;186267;12890;73.7;72.2;5.0
39;2021-10-27;102;168;332;190250;186435;13222;73.8;72.3;5.1
39;2021-10-28;166;190;531;190416;186625;13753;73.8;72.4;5.3
39;2021-10-29;127;168;517;190543;186793;14270;73.9;72.4;5.5
39;2021-10-30;38;64;245;190581;186857;14515;73.9;72.5;5.6
39;2021-10-31;0;6;0;190581;186863;14515;73.9;72.5;5.6
39;2021-11-01;8;7;3;190589;186870;14518;73.9;72.5;5.6
39;2021-11-02;44;100;219;190633;186970;14737;73.9;72.5;5.7
39;2021-11-03;93;121;450;190726;187091;15187;74.0;72.6;5.9
39;2021-11-04;70;119;688;190796;187210;15875;74.0;72.6;6.2
39;2021-11-05;212;315;1077;191008;187525;16952;74.1;72.7;6.6
39;2021-11-06;30;49;120;191038;187574;17072;74.1;72.7;6.6
39;2021-11-07;0;4;3;191038;187578;17075;74.1;72.7;6.6
39;2021-11-08;36;69;280;191074;187647;17355;74.1;72.8;6.7
39;2021-11-09;65;91;717;191139;187738;18072;74.1;72.8;7.0
39;2021-11-10;189;183;1276;191328;187921;19348;74.2;72.9;7.5
39;2021-11-11;4;9;25;191332;187930;19373;74.2;72.9;7.5
39;2021-11-12;92;150;615;191424;188080;19988;74.2;72.9;7.8
39;2021-11-13;45;75;345;191469;188155;20333;74.3;73.0;7.9
39;2021-11-14;5;1;11;191474;188156;20344;74.3;73.0;7.9
39;2021-11-15;21;55;258;191495;188211;20602;74.3;73.0;8.0
39;2021-11-16;106;97;1046;191601;188308;21648;74.3;73.0;8.4
39;2021-11-17;95;195;1045;191696;188503;22693;74.3;73.1;8.8
39;2021-11-18;111;117;811;191807;188620;23504;74.4;73.2;9.1
39;2021-11-19;161;237;1403;191968;188857;24907;74.4;73.2;9.7
39;2021-11-20;82;51;378;192050;188908;25285;74.5;73.3;9.8
39;2021-11-21;2;2;2;192052;188910;25287;74.5;73.3;9.8
39;2021-11-22;34;55;334;192086;188965;25621;74.5;73.3;9.9
39;2021-11-23;117;86;1079;192203;189051;26700;74.5;73.3;10.4
39;2021-11-24;139;153;1274;192342;189204;27974;74.6;73.4;10.8
39;2021-11-25;127;84;1185;192469;189288;29159;74.6;73.4;11.3
39;2021-11-26;137;138;1976;192606;189426;31135;74.7;73.5;12.1
39;2021-11-27;45;69;613;192651;189495;31748;74.7;73.5;12.3
39;2021-11-28;5;4;27;192656;189499;31775;74.7;73.5;12.3
39;2021-11-29;51;65;1254;192707;189564;33029;74.7;73.5;12.8
39;2021-11-30;89;106;2338;192796;189670;35367;74.8;73.6;13.7
39;2021-12-01;93;164;2477;192889;189834;37844;74.8;73.6;14.7
39;2021-12-02;85;88;3167;192974;189922;41011;74.8;73.7;15.9
39;2021-12-03;94;145;2796;193068;190067;43807;74.9;73.7;17.0
39;2021-12-04;48;61;1055;193116;190128;44862;74.9;73.7;17.4
39;2021-12-05;2;5;46;193118;190133;44908;74.9;73.7;17.4
39;2021-12-06;55;58;1967;193173;190191;46875;74.9;73.8;18.2
39;2021-12-07;106;115;2978;193279;190306;49853;75.0;73.8;19.3
39;2021-12-08;118;89;3180;193397;190395;53033;75.0;73.8;20.6
39;2021-12-09;120;132;3550;193517;190527;56583;75.1;73.9;21.9
39;2021-12-10;97;178;3353;193614;190705;59936;75.1;74.0;23.2
39;2021-12-11;48;93;1065;193662;190798;61001;75.1;74.0;23.7
39;2021-12-12;5;5;50;193667;190803;61051;75.1;74.0;23.7
39;2021-12-13;89;66;2384;193756;190869;63435;75.1;74.0;24.6
39;2021-12-14;82;126;3238;193838;190995;66673;75.2;74.1;25.9
39;2021-12-15;118;151;3375;193956;191146;70048;75.2;74.1;27.2
40;2020-12-27;0;0;0;0;0;0;0.0;0.0;0.0
40;2020-12-28;0;0;0;0;0;0;0.0;0.0;0.0
40;2020-12-29;0;0;0;0;0;0;0.0;0.0;0.0
40;2020-12-30;0;0;0;0;0;0;0.0;0.0;0.0
40;2020-12-31;0;0;0;0;0;0;0.0;0.0;0.0
40;2021-01-01;0;0;0;0;0;0;0.0;0.0;0.0
40;2021-01-02;2;0;0;2;0;0;0.0;0.0;0.0
40;2021-01-03;0;0;0;2;0;0;0.0;0.0;0.0
40;2021-01-04;1;0;0;3;0;0;0.0;0.0;0.0
40;2021-01-05;1;0;0;4;0;0;0.0;0.0;0.0
40;2021-01-06;5;0;0;9;0;0;0.0;0.0;0.0
40;2021-01-07;238;1;0;247;1;0;0.1;0.0;0.0
40;2021-01-08;437;4;0;684;5;0;0.2;0.0;0.0
40;2021-01-09;4;0;0;688;5;0;0.2;0.0;0.0
40;2021-01-10;4;0;0;692;5;0;0.2;0.0;0.0
40;2021-01-11;130;0;0;822;5;0;0.2;0.0;0.0
40;2021-01-12;63;0;0;885;5;0;0.2;0.0;0.0
40;2021-01-13;707;6;0;1592;11;0;0.4;0.0;0.0
40;2021-01-14;918;7;0;2510;18;0;0.6;0.0;0.0
40;2021-01-15;855;3;0;3365;21;0;0.8;0.0;0.0
40;2021-01-16;156;0;0;3521;21;0;0.9;0.0;0.0
40;2021-01-17;3;0;0;3524;21;0;0.9;0.0;0.0
40;2021-01-18;477;1;0;4001;22;0;1.0;0.0;0.0
40;2021-01-19;1216;4;0;5217;26;0;1.3;0.0;0.0
40;2021-01-20;943;3;0;6160;29;0;1.5;0.0;0.0
40;2021-01-21;1373;5;0;7533;34;0;1.8;0.0;0.0
40;2021-01-22;906;4;0;8439;38;0;2.0;0.0;0.0
40;2021-01-23;313;0;0;8752;38;0;2.1;0.0;0.0
40;2021-01-24;32;0;0;8784;38;0;2.1;0.0;0.0
40;2021-01-25;453;3;0;9237;41;0;2.2;0.0;0.0
40;2021-01-26;856;5;0;10093;46;0;2.4;0.0;0.0
40;2021-01-27;1131;14;0;11224;60;0;2.7;0.0;0.0
40;2021-01-28;782;131;0;12006;191;0;2.9;0.0;0.0
40;2021-01-29;625;268;0;12631;459;0;3.1;0.1;0.0
40;2021-01-30;252;8;0;12883;467;0;3.1;0.1;0.0
40;2021-01-31;22;2;0;12905;469;0;3.1;0.1;0.0
40;2021-02-01;403;132;0;13308;601;0;3.2;0.1;0.0
40;2021-02-02;934;89;0;14242;690;0;3.5;0.2;0.0
40;2021-02-03;918;322;0;15160;1012;0;3.7;0.2;0.0
40;2021-02-04;1111;607;0;16271;1619;0;3.9;0.4;0.0
40;2021-02-05;813;416;0;17084;2035;0;4.1;0.5;0.0
40;2021-02-06;397;83;0;17481;2118;0;4.2;0.5;0.0
40;2021-02-07;26;1;0;17507;2119;0;4.2;0.5;0.0
40;2021-02-08;426;142;0;17933;2261;0;4.4;0.5;0.0
40;2021-02-09;811;559;0;18744;2820;0;4.5;0.7;0.0
40;2021-02-10;760;532;0;19504;3352;0;4.7;0.8;0.0
40;2021-02-11;800;721;0;20304;4073;0;4.9;1.0;0.0
40;2021-02-12;614;729;0;20918;4802;0;5.1;1.2;0.0
40;2021-02-13;355;108;0;21273;4910;0;5.2;1.2;0.0
40;2021-02-14;10;8;0;21283;4918;0;5.2;1.2;0.0
40;2021-02-15;52;433;0;21335;5351;0;5.2;1.3;0.0
40;2021-02-16;287;642;0;21622;5993;0;5.2;1.5;0.0
40;2021-02-17;343;898;0;21965;6891;0;5.3;1.7;0.0
40;2021-02-18;398;838;0;22363;7729;0;5.4;1.9;0.0
40;2021-02-19;163;679;0;22526;8408;0;5.5;2.0;0.0
40;2021-02-20;45;147;0;22571;8555;0;5.5;2.1;0.0
40;2021-02-21;6;86;0;22577;8641;0;5.5;2.1;0.0
40;2021-02-22;99;592;0;22676;9233;0;5.5;2.2;0.0
40;2021-02-23;246;879;0;22922;10112;0;5.6;2.5;0.0
40;2021-02-24;323;735;0;23245;10847;0;5.6;2.6;0.0
40;2021-02-25;764;1008;0;24009;11855;0;5.8;2.9;0.0
40;2021-02-26;724;702;0;24733;12557;0;6.0;3.0;0.0
40;2021-02-27;406;174;0;25139;12731;0;6.1;3.1;0.0
40;2021-02-28;5;24;0;25144;12755;0;6.1;3.1;0.0
40;2021-03-01;451;533;0;25595;13288;0;6.2;3.2;0.0
40;2021-03-02;778;1045;0;26373;14333;0;6.4;3.5;0.0
40;2021-03-03;963;939;0;27336;15272;0;6.6;3.7;0.0
40;2021-03-04;1372;871;0;28708;16143;0;7.0;3.9;0.0
40;2021-03-05;1299;767;0;30007;16910;0;7.3;4.1;0.0
40;2021-03-06;908;381;0;30915;17291;0;7.5;4.2;0.0
40;2021-03-07;125;32;0;31040;17323;0;7.5;4.2;0.0
40;2021-03-08;908;527;0;31948;17850;0;7.8;4.3;0.0
40;2021-03-09;1554;644;0;33502;18494;0;8.1;4.5;0.0
40;2021-03-10;1809;725;0;35311;19219;0;8.6;4.7;0.0
40;2021-03-11;2071;686;0;37382;19905;0;9.1;4.8;0.0
40;2021-03-12;2213;492;0;39595;20397;0;9.6;5.0;0.0
40;2021-03-13;1110;226;0;40705;20623;0;9.9;5.0;0.0
40;2021-03-14;143;2;0;40848;20625;0;9.9;5.0;0.0
40;2021-03-15;1028;97;0;41876;20722;0;10.2;5.0;0.0
40;2021-03-16;1038;289;0;42914;21011;0;10.4;5.1;0.0
40;2021-03-17;1612;332;0;44526;21343;0;10.8;5.2;0.0
40;2021-03-18;1648;334;0;46174;21677;0;11.2;5.3;0.0
40;2021-03-19;1871;166;0;48045;21843;0;11.7;5.3;0.0
40;2021-03-20;809;15;0;48854;21858;0;11.9;5.3;0.0
40;2021-03-21;108;3;0;48962;21861;0;11.9;5.3;0.0
40;2021-03-22;1243;58;0;50205;21919;0;12.2;5.3;0.0
40;2021-03-23;2377;205;0;52582;22124;0;12.8;5.4;0.0
40;2021-03-24;2417;267;0;54999;22391;0;13.3;5.4;0.0
40;2021-03-25;2873;405;0;57872;22796;0;14.0;5.5;0.0
40;2021-03-26;3152;256;0;61024;23052;0;14.8;5.6;0.0
40;2021-03-27;977;74;0;62001;23126;0;15.0;5.6;0.0
40;2021-03-28;259;36;0;62260;23162;0;15.1;5.6;0.0
40;2021-03-29;1245;396;0;63505;23558;0;15.4;5.7;0.0
40;2021-03-30;2395;445;0;65900;24003;0;16.0;5.8;0.0
40;2021-03-31;2088;351;0;67988;24354;0;16.5;5.9;0.0
40;2021-04-01;2561;377;0;70549;24731;0;17.1;6.0;0.0
40;2021-04-02;2455;254;0;73004;24985;0;17.7;6.1;0.0
40;2021-04-03;760;142;0;73764;25127;0;17.9;6.1;0.0
40;2021-04-04;366;21;0;74130;25148;0;18.0;6.1;0.0
40;2021-04-05;586;57;0;74716;25205;0;18.1;6.1;0.0
40;2021-04-06;2175;870;0;76891;26075;0;18.7;6.3;0.0
40;2021-04-07;2678;966;0;79569;27041;0;19.3;6.6;0.0
40;2021-04-08;3133;982;0;82702;28023;0;20.1;6.8;0.0
40;2021-04-09;3909;691;0;86611;28714;0;21.0;7.0;0.0
40;2021-04-10;1680;428;0;88291;29142;0;21.4;7.1;0.0
40;2021-04-11;90;35;0;88381;29177;0;21.5;7.1;0.0
40;2021-04-12;2237;808;0;90618;29985;0;22.0;7.3;0.0
40;2021-04-13;2678;1213;0;93296;31198;0;22.6;7.6;0.0
40;2021-04-14;2615;1480;0;95911;32678;0;23.3;7.9;0.0
40;2021-04-15;3052;1571;0;98963;34249;0;24.0;8.3;0.0
40;2021-04-16;2954;1245;0;101917;35494;0;24.7;8.6;0.0
40;2021-04-17;1506;439;0;103423;35933;0;25.1;8.7;0.0
40;2021-04-18;126;86;0;103549;36019;0;25.1;8.7;0.0
40;2021-04-19;1231;1136;0;104780;37155;0;25.4;9.0;0.0
40;2021-04-20;1753;1809;0;106533;38964;0;25.9;9.5;0.0
40;2021-04-21;1911;1763;0;108444;40727;0;26.3;9.9;0.0
40;2021-04-22;2172;1855;0;110616;42582;0;26.8;10.3;0.0
40;2021-04-23;2265;1419;0;112881;44001;0;27.4;10.7;0.0
40;2021-04-24;1423;656;0;114304;44657;0;27.7;10.8;0.0
40;2021-04-25;102;94;0;114406;44751;0;27.8;10.9;0.0
40;2021-04-26;1402;1161;0;115808;45912;0;28.1;11.1;0.0
40;2021-04-27;1682;2053;0;117490;47965;0;28.5;11.6;0.0
40;2021-04-28;2235;1479;0;119725;49444;0;29.1;12.0;0.0
40;2021-04-29;2771;1940;0;122496;51384;0;29.7;12.5;0.0
40;2021-04-30;2833;1685;0;125329;53069;0;30.4;12.9;0.0
40;2021-05-01;1349;766;0;126678;53835;0;30.7;13.1;0.0
40;2021-05-02;216;309;0;126894;54144;0;30.8;13.1;0.0
40;2021-05-03;1962;1590;0;128856;55734;0;31.3;13.5;0.0
40;2021-05-04;2091;2599;0;130947;58333;0;31.8;14.2;0.0
40;2021-05-05;2388;2664;0;133335;60997;0;32.4;14.8;0.0
40;2021-05-06;2511;2889;0;135846;63886;0;33.0;15.5;0.0
40;2021-05-07;2149;3069;0;137995;66955;0;33.5;16.3;0.0
40;2021-05-08;791;471;0;138786;67426;0;33.7;16.4;0.0
40;2021-05-09;393;65;0;139179;67491;0;33.8;16.4;0.0
40;2021-05-10;1559;2233;0;140738;69724;0;34.2;16.9;0.0
40;2021-05-11;2447;2714;0;143185;72438;0;34.8;17.6;0.0
40;2021-05-12;2929;2076;0;146114;74514;0;35.5;18.1;0.0
40;2021-05-13;2113;533;0;148227;75047;0;36.0;18.2;0.0
40;2021-05-14;2485;1769;0;150712;76816;0;36.6;18.6;0.0
40;2021-05-15;1503;1009;0;152215;77825;0;36.9;18.9;0.0
40;2021-05-16;487;81;0;152702;77906;0;37.1;18.9;0.0
40;2021-05-17;2347;1471;0;155049;79377;0;37.6;19.3;0.0
40;2021-05-18;2716;1499;0;157765;80876;0;38.3;19.6;0.0
40;2021-05-19;3149;1185;0;160914;82061;0;39.1;19.9;0.0
40;2021-05-20;3731;1290;0;164645;83351;0;40.0;20.2;0.0
40;2021-05-21;3078;1427;0;167723;84778;0;40.7;20.6;0.0
40;2021-05-22;1377;865;0;169100;85643;0;41.0;20.8;0.0
40;2021-05-23;623;67;0;169723;85710;0;41.2;20.8;0.0
40;2021-05-24;1318;458;0;171041;86168;0;41.5;20.9;0.0
40;2021-05-25;2338;1447;0;173379;87615;0;42.1;21.3;0.0
40;2021-05-26;2795;1653;0;176174;89268;0;42.8;21.7;0.0
40;2021-05-27;2879;2043;0;179053;91311;0;43.5;22.2;0.0
40;2021-05-28;2794;2347;0;181847;93658;0;44.1;22.7;0.0
40;2021-05-29;1730;1330;0;183577;94988;0;44.6;23.1;0.0
40;2021-05-30;99;84;0;183676;95072;0;44.6;23.1;0.0
40;2021-05-31;2723;1349;0;186399;96421;0;45.2;23.4;0.0
40;2021-06-01;3171;1916;0;189570;98337;0;46.0;23.9;0.0
40;2021-06-02;3293;2102;0;192863;100439;0;46.8;24.4;0.0
40;2021-06-03;3743;2360;0;196606;102799;0;47.7;25.0;0.0
40;2021-06-04;3200;2867;0;199806;105666;0;48.5;25.6;0.0
40;2021-06-05;1952;1452;0;201758;107118;0;49.0;26.0;0.0
40;2021-06-06;568;108;0;202326;107226;0;49.1;26.0;0.0
40;2021-06-07;2348;2089;0;204674;109315;0;49.7;26.5;0.0
40;2021-06-08;3199;2233;0;207873;111548;0;50.5;27.1;0.0
40;2021-06-09;3329;2341;0;211202;113889;0;51.3;27.6;0.0
40;2021-06-10;3175;2124;0;214377;116013;0;52.0;28.2;0.0
40;2021-06-11;3268;2972;0;217645;118985;0;52.8;28.9;0.0
40;2021-06-12;2056;1718;0;219701;120703;0;53.3;29.3;0.0
40;2021-06-13;650;199;0;220351;120902;0;53.5;29.3;0.0
40;2021-06-14;1604;2700;0;221955;123602;0;53.9;30.0;0.0
40;2021-06-15;2336;2975;0;224291;126577;0;54.4;30.7;0.0
40;2021-06-16;2690;2688;0;226981;129265;0;55.1;31.4;0.0
40;2021-06-17;2537;2615;0;229518;131880;0;55.7;32.0;0.0
40;2021-06-18;2440;3074;0;231958;134954;0;56.3;32.8;0.0
40;2021-06-19;1811;1337;0;233769;136291;0;56.7;33.1;0.0
40;2021-06-20;338;320;0;234107;136611;0;56.8;33.2;0.0
40;2021-06-21;1337;2614;0;235444;139225;0;57.1;33.8;0.0
40;2021-06-22;1714;3213;0;237158;142438;0;57.6;34.6;0.0
40;2021-06-23;1650;3532;0;238808;145970;0;58.0;35.4;0.0
40;2021-06-24;1728;2375;0;240536;148345;0;58.4;36.0;0.0
40;2021-06-25;1831;3403;0;242367;151748;0;58.8;36.8;0.0
40;2021-06-26;1333;1838;0;243700;153586;0;59.2;37.3;0.0
40;2021-06-27;296;427;0;243996;154013;0;59.2;37.4;0.0
40;2021-06-28;1359;3069;0;245355;157082;0;59.6;38.1;0.0
40;2021-06-29;1606;3656;0;246961;160738;0;59.9;39.0;0.0
40;2021-06-30;1795;3819;0;248756;164557;0;60.4;39.9;0.0
40;2021-07-01;1737;4022;0;250493;168579;0;60.8;40.9;0.0
40;2021-07-02;1547;3969;0;252040;172548;0;61.2;41.9;0.0
40;2021-07-03;718;2068;0;252758;174616;0;61.4;42.4;0.0
40;2021-07-04;219;586;0;252977;175202;0;61.4;42.5;0.0
40;2021-07-05;1383;3083;0;254360;178285;0;61.7;43.3;0.0
40;2021-07-06;1665;3682;0;256025;181967;0;62.1;44.2;0.0
40;2021-07-07;1824;3877;0;257849;185844;0;62.6;45.1;0.0
40;2021-07-08;1871;3351;0;259720;189195;0;63.0;45.9;0.0
40;2021-07-09;1679;3995;0;261399;193190;0;63.4;46.9;0.0
40;2021-07-10;843;2226;0;262242;195416;0;63.7;47.4;0.0
40;2021-07-11;160;331;0;262402;195747;0;63.7;47.5;0.0
40;2021-07-12;1068;3913;0;263470;199660;0;64.0;48.5;0.0
40;2021-07-13;1980;4562;0;265450;204222;0;64.4;49.6;0.0
40;2021-07-14;1741;1935;0;267191;206157;0;64.9;50.0;0.0
40;2021-07-15;2253;4696;0;269444;210853;0;65.4;51.2;0.0
40;2021-07-16;2647;3762;0;272091;214615;0;66.0;52.1;0.0
40;2021-07-17;1616;2621;0;273707;217236;0;66.4;52.7;0.0
40;2021-07-18;319;597;0;274026;217833;0;66.5;52.9;0.0
40;2021-07-19;1906;3580;0;275932;221413;0;67.0;53.7;0.0
40;2021-07-20;2310;3784;0;278242;225197;0;67.5;54.7;0.0
40;2021-07-21;2506;3711;0;280748;228908;0;68.1;55.6;0.0
40;2021-07-22;2873;3689;0;283621;232597;0;68.8;56.5;0.0
40;2021-07-23;3098;3849;0;286719;236446;0;69.6;57.4;0.0
40;2021-07-24;2026;2013;0;288745;238459;0;70.1;57.9;0.0
40;2021-07-25;686;465;0;289431;238924;0;70.3;58.0;0.0
40;2021-07-26;2184;2721;0;291615;241645;0;70.8;58.7;0.0
40;2021-07-27;2579;3203;0;294194;244848;0;71.4;59.4;0.0
40;2021-07-28;2704;2981;0;296898;247829;0;72.1;60.2;0.0
40;2021-07-29;2766;2992;0;299664;250821;0;72.7;60.9;0.0
40;2021-07-30;2515;2941;0;302179;253762;0;73.3;61.6;0.0
40;2021-07-31;1472;1707;0;303651;255469;0;73.7;62.0;0.0
40;2021-08-01;233;194;0;303884;255663;0;73.8;62.1;0.0
40;2021-08-02;1636;1944;0;305520;257607;0;74.2;62.5;0.0
40;2021-08-03;1962;2208;0;307482;259815;0;74.6;63.1;0.0
40;2021-08-04;1787;1932;0;309269;261747;0;75.1;63.5;0.0
40;2021-08-05;1674;2208;0;310943;263955;0;75.5;64.1;0.0
40;2021-08-06;1594;2497;0;312537;266452;0;75.9;64.7;0.0
40;2021-08-07;1086;1512;0;313623;267964;0;76.1;65.0;0.0
40;2021-08-08;97;136;0;313720;268100;0;76.1;65.1;0.0
40;2021-08-09;1319;2283;0;315039;270383;0;76.5;65.6;0.0
40;2021-08-10;1263;2394;0;316302;272777;0;76.8;66.2;0.0
40;2021-08-11;1184;2039;0;317486;274816;0;77.1;66.7;0.0
40;2021-08-12;1103;2288;0;318589;277104;0;77.3;67.3;0.0
40;2021-08-13;980;2195;0;319569;279299;0;77.6;67.8;0.0
40;2021-08-14;566;1694;0;320135;280993;0;77.7;68.2;0.0
40;2021-08-15;27;219;0;320162;281212;0;77.7;68.3;0.0
40;2021-08-16;946;2558;0;321108;283770;0;77.9;68.9;0.0
40;2021-08-17;1016;2674;0;322124;286444;0;78.2;69.5;0.0
40;2021-08-18;853;2703;0;322977;289147;0;78.4;70.2;0.0
40;2021-08-19;789;2432;0;323766;291579;0;78.6;70.8;0.0
40;2021-08-20;757;2524;0;324523;294103;0;78.8;71.4;0.0
40;2021-08-21;456;1598;0;324979;295701;0;78.9;71.8;0.0
40;2021-08-22;79;394;0;325058;296095;0;78.9;71.9;0.0
40;2021-08-23;646;2427;0;325704;298522;0;79.1;72.5;0.0
40;2021-08-24;614;2257;0;326318;300779;0;79.2;73.0;0.0
40;2021-08-25;600;1808;0;326918;302587;0;79.4;73.4;0.0
40;2021-08-26;448;1552;0;327366;304139;0;79.5;73.8;0.0
40;2021-08-27;596;2231;0;327962;306370;0;79.6;74.4;0.0
40;2021-08-28;303;1147;0;328265;307517;0;79.7;74.6;0.0
40;2021-08-29;12;67;0;328277;307584;0;79.7;74.7;0.0
40;2021-08-30;571;1956;46;328848;309540;46;79.8;75.1;0.0
40;2021-08-31;463;1428;83;329311;310968;129;79.9;75.5;0.0
40;2021-09-01;475;1313;195;329786;312281;324;80.0;75.8;0.1
40;2021-09-02;424;1277;322;330210;313558;646;80.2;76.1;0.2
40;2021-09-03;441;1337;296;330651;314895;942;80.3;76.4;0.2
40;2021-09-04;352;977;133;331003;315872;1075;80.3;76.7;0.3
40;2021-09-05;12;41;24;331015;315913;1099;80.3;76.7;0.3
40;2021-09-06;254;704;198;331269;316617;1297;80.4;76.9;0.3
40;2021-09-07;273;789;217;331542;317406;1514;80.5;77.0;0.4
40;2021-09-08;372;917;322;331914;318323;1836;80.6;77.3;0.4
40;2021-09-09;278;721;310;332192;319044;2146;80.6;77.4;0.5
40;2021-09-10;371;987;341;332563;320031;2487;80.7;77.7;0.6
40;2021-09-11;263;703;123;332826;320734;2610;80.8;77.9;0.6
40;2021-09-12;25;31;2;332851;320765;2612;80.8;77.9;0.6
40;2021-09-13;353;576;404;333204;321341;3016;80.9;78.0;0.7
40;2021-09-14;316;402;546;333520;321743;3562;81.0;78.1;0.9
40;2021-09-15;414;849;602;333934;322592;4164;81.1;78.3;1.0
40;2021-09-16;257;347;357;334191;322939;4521;81.1;78.4;1.1
40;2021-09-17;353;795;625;334544;323734;5146;81.2;78.6;1.2
40;2021-09-18;189;599;161;334733;324333;5307;81.3;78.7;1.3
40;2021-09-19;3;17;21;334736;324350;5328;81.3;78.7;1.3
40;2021-09-20;165;398;377;334901;324748;5705;81.3;78.8;1.4
40;2021-09-21;161;268;473;335062;325016;6178;81.3;78.9;1.5
40;2021-09-22;233;584;442;335295;325600;6620;81.4;79.0;1.6
40;2021-09-23;160;296;669;335455;325896;7289;81.4;79.1;1.8
40;2021-09-24;240;590;405;335695;326486;7694;81.5;79.2;1.9
40;2021-09-25;137;416;151;335832;326902;7845;81.5;79.3;1.9
40;2021-09-26;1;9;3;335833;326911;7848;81.5;79.4;1.9
40;2021-09-27;106;252;236;335939;327163;8084;81.5;79.4;2.0
40;2021-09-28;77;237;406;336016;327400;8490;81.6;79.5;2.1
40;2021-09-29;218;550;361;336234;327950;8851;81.6;79.6;2.1
40;2021-09-30;107;226;379;336341;328176;9230;81.6;79.7;2.2
40;2021-10-01;260;403;469;336601;328579;9699;81.7;79.8;2.4
40;2021-10-02;198;342;142;336799;328921;9841;81.8;79.8;2.4
40;2021-10-03;1;11;0;336800;328932;9841;81.8;79.8;2.4
40;2021-10-04;121;245;323;336921;329177;10164;81.8;79.9;2.5
40;2021-10-05;102;243;390;337023;329420;10554;81.8;80.0;2.6
40;2021-10-06;265;425;684;337288;329845;11238;81.9;80.1;2.7
40;2021-10-07;112;228;459;337400;330073;11697;81.9;80.1;2.8
40;2021-10-08;204;447;817;337604;330520;12514;81.9;80.2;3.0
40;2021-10-09;139;225;223;337743;330745;12737;82.0;80.3;3.1
40;2021-10-10;3;15;4;337746;330760;12741;82.0;80.3;3.1
40;2021-10-11;82;172;340;337828;330932;13081;82.0;80.3;3.2
40;2021-10-12;101;166;415;337929;331098;13496;82.0;80.4;3.3
40;2021-10-13;210;371;800;338139;331469;14296;82.1;80.5;3.5
40;2021-10-14;77;151;659;338216;331620;14955;82.1;80.5;3.6
40;2021-10-15;148;325;774;338364;331945;15729;82.1;80.6;3.8
40;2021-10-16;116;184;240;338480;332129;15969;82.2;80.6;3.9
40;2021-10-17;2;2;3;338482;332131;15972;82.2;80.6;3.9
40;2021-10-18;76;165;452;338558;332296;16424;82.2;80.7;4.0
40;2021-10-19;92;127;507;338650;332423;16931;82.2;80.7;4.1
40;2021-10-20;192;266;1212;338842;332689;18143;82.2;80.8;4.4
40;2021-10-21;107;149;650;338949;332838;18793;82.3;80.8;4.6
40;2021-10-22;157;232;950;339106;333070;19743;82.3;80.8;4.8
40;2021-10-23;130;218;410;339236;333288;20153;82.3;80.9;4.9
40;2021-10-24;2;4;12;339238;333292;20165;82.3;80.9;4.9
40;2021-10-25;90;125;554;339328;333417;20719;82.4;80.9;5.0
40;2021-10-26;90;95;669;339418;333512;21388;82.4;81.0;5.2
40;2021-10-27;167;267;1307;339585;333779;22695;82.4;81.0;5.5
40;2021-10-28;82;98;684;339667;333877;23379;82.4;81.0;5.7
40;2021-10-29;134;190;1131;339801;334067;24510;82.5;81.1;5.9
40;2021-10-30;106;151;386;339907;334218;24896;82.5;81.1;6.0
40;2021-10-31;2;5;5;339909;334223;24901;82.5;81.1;6.0
40;2021-11-01;14;7;7;339923;334230;24908;82.5;81.1;6.0
40;2021-11-02;91;154;689;340014;334384;25597;82.5;81.2;6.2
40;2021-11-03;161;197;1455;340175;334581;27052;82.6;81.2;6.6
40;2021-11-04;105;130;913;340280;334711;27965;82.6;81.2;6.8
40;2021-11-05;116;168;1438;340396;334879;29403;82.6;81.3;7.1
40;2021-11-06;74;90;377;340470;334969;29780;82.6;81.3;7.2
40;2021-11-07;0;6;3;340470;334975;29783;82.6;81.3;7.2
40;2021-11-08;69;105;969;340539;335080;30752;82.7;81.3;7.5
40;2021-11-09;108;147;1484;340647;335227;32236;82.7;81.4;7.8
40;2021-11-10;151;198;1873;340798;335425;34109;82.7;81.4;8.3
40;2021-11-11;27;20;140;340825;335445;34249;82.7;81.4;8.3
40;2021-11-12;154;207;1927;340979;335652;36176;82.8;81.5;8.8
40;2021-11-13;66;103;450;341045;335755;36626;82.8;81.5;8.9
40;2021-11-14;2;8;6;341047;335763;36632;82.8;81.5;8.9
40;2021-11-15;100;87;1071;341147;335850;37703;82.8;81.5;9.2
40;2021-11-16;110;102;1913;341257;335952;39616;82.8;81.5;9.6
40;2021-11-17;166;167;2005;341423;336119;41621;82.9;81.6;10.1
40;2021-11-18;106;109;1639;341529;336228;43260;82.9;81.6;10.5
40;2021-11-19;164;197;2286;341693;336425;45546;82.9;81.7;11.1
40;2021-11-20;116;151;723;341809;336576;46269;83.0;81.7;11.2
40;2021-11-21;1;7;3;341810;336583;46272;83.0;81.7;11.2
40;2021-11-22;69;46;1357;341879;336629;47629;83.0;81.7;11.6
40;2021-11-23;137;109;2208;342016;336738;49837;83.0;81.7;12.1
40;2021-11-24;202;209;2249;342218;336947;52086;83.1;81.8;12.6
40;2021-11-25;115;119;2045;342333;337066;54131;83.1;81.8;13.1
40;2021-11-26;158;193;3013;342491;337259;57144;83.1;81.9;13.9
40;2021-11-27;81;112;905;342572;337371;58049;83.2;81.9;14.1
40;2021-11-28;9;8;266;342581;337379;58315;83.2;81.9;14.2
40;2021-11-29;70;99;2426;342651;337478;60741;83.2;81.9;14.7
40;2021-11-30;163;128;3680;342814;337606;64421;83.2;81.9;15.6
40;2021-12-01;133;174;4108;342947;337780;68529;83.2;82.0;16.6
40;2021-12-02;97;108;4218;343044;337888;72747;83.3;82.0;17.7
40;2021-12-03;138;206;4726;343182;338094;77473;83.3;82.1;18.8
40;2021-12-04;72;96;1568;343254;338190;79041;83.3;82.1;19.2
40;2021-12-05;9;9;269;343263;338199;79310;83.3;82.1;19.3
40;2021-12-06;126;157;4127;343389;338356;83437;83.4;82.1;20.3
40;2021-12-07;129;162;5717;343518;338518;89154;83.4;82.2;21.6
40;2021-12-08;139;184;4804;343657;338702;93958;83.4;82.2;22.8
40;2021-12-09;123;135;6054;343780;338837;100012;83.4;82.2;24.3
40;2021-12-10;134;193;5778;343914;339030;105790;83.5;82.3;25.7
40;2021-12-11;87;158;2281;344001;339188;108071;83.5;82.3;26.2
40;2021-12-12;19;8;382;344020;339196;108453;83.5;82.3;26.3
40;2021-12-13;99;127;4516;344119;339323;112969;83.5;82.4;27.4
40;2021-12-14;142;173;6137;344261;339496;119106;83.6;82.4;28.9
40;2021-12-15;142;217;5419;344403;339713;124525;83.6;82.5;30.2
41;2020-12-27;0;0;0;0;0;0;0.0;0.0;0.0
41;2020-12-28;0;0;0;0;0;0;0.0;0.0;0.0
41;2020-12-29;1;0;0;1;0;0;0.0;0.0;0.0
41;2020-12-30;0;0;0;1;0;0;0.0;0.0;0.0
41;2020-12-31;0;0;0;1;0;0;0.0;0.0;0.0
41;2021-01-01;1;0;0;2;0;0;0.0;0.0;0.0
41;2021-01-02;0;0;0;2;0;0;0.0;0.0;0.0
41;2021-01-03;0;0;0;2;0;0;0.0;0.0;0.0
41;2021-01-04;0;0;0;2;0;0;0.0;0.0;0.0
41;2021-01-05;39;0;0;41;0;0;0.0;0.0;0.0
41;2021-01-06;51;0;0;92;0;0;0.0;0.0;0.0
41;2021-01-07;30;0;0;122;0;0;0.0;0.0;0.0
41;2021-01-08;10;0;0;132;0;0;0.0;0.0;0.0
41;2021-01-09;5;0;0;137;0;0;0.0;0.0;0.0
41;2021-01-10;2;0;0;139;0;0;0.0;0.0;0.0
41;2021-01-11;150;0;0;289;0;0;0.1;0.0;0.0
41;2021-01-12;318;1;0;607;1;0;0.2;0.0;0.0
41;2021-01-13;295;1;0;902;2;0;0.3;0.0;0.0
41;2021-01-14;307;2;0;1209;4;0;0.4;0.0;0.0
41;2021-01-15;236;2;0;1445;6;0;0.4;0.0;0.0
41;2021-01-16;3;0;0;1448;6;0;0.4;0.0;0.0
41;2021-01-17;17;0;0;1465;6;0;0.4;0.0;0.0
41;2021-01-18;412;1;0;1877;7;0;0.6;0.0;0.0
41;2021-01-19;844;2;0;2721;9;0;0.8;0.0;0.0
41;2021-01-20;1102;6;0;3823;15;0;1.2;0.0;0.0
41;2021-01-21;1511;10;0;5334;25;0;1.6;0.0;0.0
41;2021-01-22;858;1;0;6192;26;0;1.9;0.0;0.0
41;2021-01-23;91;0;0;6283;26;0;1.9;0.0;0.0
41;2021-01-24;2;0;0;6285;26;0;1.9;0.0;0.0
41;2021-01-25;414;4;0;6699;30;0;2.0;0.0;0.0
41;2021-01-26;534;9;0;7233;39;0;2.2;0.0;0.0
41;2021-01-27;439;3;0;7672;42;0;2.3;0.0;0.0
41;2021-01-28;606;63;0;8278;105;0;2.5;0.0;0.0
41;2021-01-29;280;27;0;8558;132;0;2.6;0.0;0.0
41;2021-01-30;9;2;0;8567;134;0;2.6;0.0;0.0
41;2021-01-31;0;0;0;8567;134;0;2.6;0.0;0.0
41;2021-02-01;346;143;0;8913;277;0;2.7;0.1;0.0
41;2021-02-02;458;239;0;9371;516;0;2.9;0.2;0.0
41;2021-02-03;363;214;0;9734;730;0;3.0;0.2;0.0
41;2021-02-04;499;189;0;10233;919;0;3.1;0.3;0.0
41;2021-02-05;360;208;0;10593;1127;0;3.2;0.3;0.0
41;2021-02-06;10;5;0;10603;1132;0;3.2;0.3;0.0
41;2021-02-07;4;1;0;10607;1133;0;3.2;0.3;0.0
41;2021-02-08;334;299;0;10941;1432;0;3.3;0.4;0.0
41;2021-02-09;548;434;0;11489;1866;0;3.5;0.6;0.0
41;2021-02-10;501;651;0;11990;2517;0;3.7;0.8;0.0
41;2021-02-11;987;1082;0;12977;3599;0;4.0;1.1;0.0
41;2021-02-12;671;364;0;13648;3963;0;4.2;1.2;0.0
41;2021-02-13;17;14;0;13665;3977;0;4.2;1.2;0.0
41;2021-02-14;1;41;0;13666;4018;0;4.2;1.2;0.0
41;2021-02-15;323;320;0;13989;4338;0;4.3;1.3;0.0
41;2021-02-16;363;556;0;14352;4894;0;4.4;1.5;0.0
41;2021-02-17;344;475;0;14696;5369;0;4.5;1.6;0.0
41;2021-02-18;582;384;0;15278;5753;0;4.7;1.8;0.0
41;2021-02-19;460;353;0;15738;6106;0;4.8;1.9;0.0
41;2021-02-20;82;56;0;15820;6162;0;4.8;1.9;0.0
41;2021-02-21;0;0;0;15820;6162;0;4.8;1.9;0.0
41;2021-02-22;339;411;0;16159;6573;0;4.9;2.0;0.0
41;2021-02-23;482;352;0;16641;6925;0;5.1;2.1;0.0
41;2021-02-24;317;451;0;16958;7376;0;5.2;2.2;0.0
41;2021-02-25;667;469;0;17625;7845;0;5.4;2.4;0.0
41;2021-02-26;638;271;0;18263;8116;0;5.6;2.5;0.0
41;2021-02-27;178;15;0;18441;8131;0;5.6;2.5;0.0
41;2021-02-28;3;30;0;18444;8161;0;5.6;2.5;0.0
41;2021-03-01;333;335;0;18777;8496;0;5.7;2.6;0.0
41;2021-03-02;595;425;0;19372;8921;0;5.9;2.7;0.0
41;2021-03-03;534;466;0;19906;9387;0;6.1;2.9;0.0
41;2021-03-04;794;789;0;20700;10176;0;6.3;3.1;0.0
41;2021-03-05;858;652;0;21558;10828;0;6.6;3.3;0.0
41;2021-03-06;746;24;0;22304;10852;0;6.8;3.3;0.0
41;2021-03-07;467;26;0;22771;10878;0;6.9;3.3;0.0
41;2021-03-08;312;377;0;23083;11255;0;7.0;3.4;0.0
41;2021-03-09;1042;448;0;24125;11703;0;7.4;3.6;0.0
41;2021-03-10;776;464;0;24901;12167;0;7.6;3.7;0.0
41;2021-03-11;1176;677;0;26077;12844;0;8.0;3.9;0.0
41;2021-03-12;1188;414;0;27265;13258;0;8.3;4.0;0.0
41;2021-03-13;1192;26;0;28457;13284;0;8.7;4.1;0.0
41;2021-03-14;357;6;0;28814;13290;0;8.8;4.1;0.0
41;2021-03-15;786;354;0;29600;13644;0;9.0;4.2;0.0
41;2021-03-16;940;420;0;30540;14064;0;9.3;4.3;0.0
41;2021-03-17;585;256;0;31125;14320;0;9.5;4.4;0.0
41;2021-03-18;881;397;0;32006;14717;0;9.8;4.5;0.0
41;2021-03-19;915;332;0;32921;15049;0;10.0;4.6;0.0
41;2021-03-20;531;22;0;33452;15071;0;10.2;4.6;0.0
41;2021-03-21;8;0;0;33460;15071;0;10.2;4.6;0.0
41;2021-03-22;781;312;0;34241;15383;0;10.4;4.7;0.0
41;2021-03-23;1201;521;0;35442;15904;0;10.8;4.9;0.0
41;2021-03-24;1254;397;0;36696;16301;0;11.2;5.0;0.0
41;2021-03-25;1890;421;0;38586;16722;0;11.8;5.1;0.0
41;2021-03-26;1577;338;0;40163;17060;0;12.3;5.2;0.0
41;2021-03-27;467;68;0;40630;17128;0;12.4;5.2;0.0
41;2021-03-28;7;1;0;40637;17129;0;12.4;5.2;0.0
41;2021-03-29;928;312;0;41565;17441;0;12.7;5.3;0.0
41;2021-03-30;1462;541;0;43027;17982;0;13.1;5.5;0.0
41;2021-03-31;1141;516;0;44168;18498;0;13.5;5.6;0.0
41;2021-04-01;2103;540;0;46271;19038;0;14.1;5.8;0.0
41;2021-04-02;1251;469;0;47522;19507;0;14.5;6.0;0.0
41;2021-04-03;347;28;0;47869;19535;0;14.6;6.0;0.0
41;2021-04-04;54;3;0;47923;19538;0;14.6;6.0;0.0
41;2021-04-05;141;2;0;48064;19540;0;14.7;6.0;0.0
41;2021-04-06;1299;607;0;49363;20147;0;15.1;6.1;0.0
41;2021-04-07;1857;666;0;51220;20813;0;15.6;6.3;0.0
41;2021-04-08;2219;882;0;53439;21695;0;16.3;6.6;0.0
41;2021-04-09;2522;602;0;55961;22297;0;17.1;6.8;0.0
41;2021-04-10;1053;465;0;57014;22762;0;17.4;6.9;0.0
41;2021-04-11;293;346;0;57307;23108;0;17.5;7.0;0.0
41;2021-04-12;1713;635;0;59020;23743;0;18.0;7.2;0.0
41;2021-04-13;2248;892;0;61268;24635;0;18.7;7.5;0.0
41;2021-04-14;1845;557;0;63113;25192;0;19.3;7.7;0.0
41;2021-04-15;2396;934;0;65509;26126;0;20.0;8.0;0.0
41;2021-04-16;1983;619;0;67492;26745;0;20.6;8.2;0.0
41;2021-04-17;760;120;0;68252;26865;0;20.8;8.2;0.0
41;2021-04-18;26;9;0;68278;26874;0;20.8;8.2;0.0
41;2021-04-19;1299;665;0;69577;27539;0;21.2;8.4;0.0
41;2021-04-20;1965;1040;0;71542;28579;0;21.8;8.7;0.0
41;2021-04-21;1548;828;0;73090;29407;0;22.3;9.0;0.0
41;2021-04-22;2197;1387;0;75287;30794;0;23.0;9.4;0.0
41;2021-04-23;1736;1023;0;77023;31817;0;23.5;9.7;0.0
41;2021-04-24;1422;279;0;78445;32096;0;23.9;9.8;0.0
41;2021-04-25;792;15;0;79237;32111;0;24.2;9.8;0.0
41;2021-04-26;1380;638;0;80617;32749;0;24.6;10.0;0.0
41;2021-04-27;2112;1027;0;82729;33776;0;25.2;10.3;0.0
41;2021-04-28;1620;891;0;84349;34667;0;25.7;10.6;0.0
41;2021-04-29;2204;1311;0;86553;35978;0;26.4;11.0;0.0
41;2021-04-30;1993;871;0;88546;36849;0;27.0;11.2;0.0
41;2021-05-01;216;26;0;88762;36875;0;27.1;11.2;0.0
41;2021-05-02;134;22;0;88896;36897;0;27.1;11.3;0.0
41;2021-05-03;1824;953;0;90720;37850;0;27.7;11.5;0.0
41;2021-05-04;2043;1528;0;92763;39378;0;28.3;12.0;0.0
41;2021-05-05;1922;1229;0;94685;40607;0;28.9;12.4;0.0
41;2021-05-06;2353;1654;0;97038;42261;0;29.6;12.9;0.0
41;2021-05-07;2004;1814;0;99042;44075;0;30.2;13.4;0.0
41;2021-05-08;227;171;0;99269;44246;0;30.3;13.5;0.0
41;2021-05-09;34;373;0;99303;44619;0;30.3;13.6;0.0
41;2021-05-10;1585;1595;0;100888;46214;0;30.8;14.1;0.0
41;2021-05-11;1998;2057;0;102886;48271;0;31.4;14.7;0.0
41;2021-05-12;1953;1688;0;104839;49959;0;32.0;15.2;0.0
41;2021-05-13;1283;897;0;106122;50856;0;32.4;15.5;0.0
41;2021-05-14;1570;1345;0;107692;52201;0;32.8;15.9;0.0
41;2021-05-15;381;354;0;108073;52555;0;33.0;16.0;0.0
41;2021-05-16;41;13;0;108114;52568;0;33.0;16.0;0.0
41;2021-05-17;2363;620;0;110477;53188;0;33.7;16.2;0.0
41;2021-05-18;3027;1001;0;113504;54189;0;34.6;16.5;0.0
41;2021-05-19;2534;725;0;116038;54914;0;35.4;16.8;0.0
41;2021-05-20;3128;1106;0;119166;56020;0;36.3;17.1;0.0
41;2021-05-21;2559;1013;0;121725;57033;0;37.1;17.4;0.0
41;2021-05-22;528;259;0;122253;57292;0;37.3;17.5;0.0
41;2021-05-23;40;10;0;122293;57302;0;37.3;17.5;0.0
41;2021-05-24;2196;130;0;124489;57432;0;38.0;17.5;0.0
41;2021-05-25;2777;639;0;127266;58071;0;38.8;17.7;0.0
41;2021-05-26;2824;751;0;130090;58822;0;39.7;17.9;0.0
41;2021-05-27;3052;1169;0;133142;59991;0;40.6;18.3;0.0
41;2021-05-28;2977;1113;0;136119;61104;0;41.5;18.6;0.0
41;2021-05-29;2045;480;0;138164;61584;0;42.1;18.8;0.0
41;2021-05-30;316;41;0;138480;61625;0;42.2;18.8;0.0
41;2021-05-31;1838;1571;0;140318;63196;0;42.8;19.3;0.0
41;2021-06-01;2324;1931;0;142642;65127;0;43.5;19.9;0.0
41;2021-06-02;1977;1331;0;144619;66458;0;44.1;20.3;0.0
41;2021-06-03;2638;1890;0;147257;68348;0;44.9;20.8;0.0
41;2021-06-04;2324;1964;0;149581;70312;0;45.6;21.4;0.0
41;2021-06-05;888;1404;0;150469;71716;0;45.9;21.9;0.0
41;2021-06-06;135;742;0;150604;72458;0;45.9;22.1;0.0
41;2021-06-07;1664;1640;0;152268;74098;0;46.4;22.6;0.0
41;2021-06-08;1887;2324;0;154155;76422;0;47.0;23.3;0.0
41;2021-06-09;1816;1655;0;155971;78077;0;47.6;23.8;0.0
41;2021-06-10;2140;1811;0;158111;79888;0;48.2;24.4;0.0
41;2021-06-11;1738;1834;0;159849;81722;0;48.8;24.9;0.0
41;2021-06-12;912;739;0;160761;82461;0;49.0;25.2;0.0
41;2021-06-13;59;84;0;160820;82545;0;49.1;25.2;0.0
41;2021-06-14;1465;1987;0;162285;84532;0;49.5;25.8;0.0
41;2021-06-15;1986;2679;0;164271;87211;0;50.1;26.6;0.0
41;2021-06-16;1917;2333;0;166188;89544;0;50.7;27.3;0.0
41;2021-06-17;2008;2479;0;168196;92023;0;51.3;28.1;0.0
41;2021-06-18;1801;2360;0;169997;94383;0;51.9;28.8;0.0
41;2021-06-19;667;612;0;170664;94995;0;52.1;29.0;0.0
41;2021-06-20;33;49;0;170697;95044;0;52.1;29.0;0.0
41;2021-06-21;1439;1830;0;172136;96874;0;52.5;29.5;0.0
41;2021-06-22;1705;2473;0;173841;99347;0;53.0;30.3;0.0
41;2021-06-23;1519;2061;0;175360;101408;0;53.5;30.9;0.0
41;2021-06-24;1495;2165;0;176855;103573;0;53.9;31.6;0.0
41;2021-06-25;1342;2605;0;178197;106178;0;54.4;32.4;0.0
41;2021-06-26;614;779;0;178811;106957;0;54.5;32.6;0.0
41;2021-06-27;13;50;0;178824;107007;0;54.5;32.6;0.0
41;2021-06-28;569;2711;0;179393;109718;0;54.7;33.5;0.0
41;2021-06-29;823;3365;0;180216;113083;0;55.0;34.5;0.0
41;2021-06-30;730;3073;0;180946;116156;0;55.2;35.4;0.0
41;2021-07-01;876;3018;0;181822;119174;0;55.5;36.4;0.0
41;2021-07-02;792;3382;0;182614;122556;0;55.7;37.4;0.0
41;2021-07-03;405;853;0;183019;123409;0;55.8;37.6;0.0
41;2021-07-04;14;36;0;183033;123445;0;55.8;37.7;0.0
41;2021-07-05;539;2823;0;183572;126268;0;56.0;38.5;0.0
41;2021-07-06;825;3474;0;184397;129742;0;56.2;39.6;0.0
41;2021-07-07;742;3155;0;185139;132897;0;56.5;40.5;0.0
41;2021-07-08;1125;3375;0;186264;136272;0;56.8;41.6;0.0
41;2021-07-09;761;3630;0;187025;139902;0;57.0;42.7;0.0
41;2021-07-10;437;2181;0;187462;142083;0;57.2;43.3;0.0
41;2021-07-11;18;287;0;187480;142370;0;57.2;43.4;0.0
41;2021-07-12;992;2586;0;188472;144956;0;57.5;44.2;0.0
41;2021-07-13;1370;3480;0;189842;148436;0;57.9;45.3;0.0
41;2021-07-14;247;1058;0;190089;149494;0;58.0;45.6;0.0
41;2021-07-15;1543;3484;0;191632;152978;0;58.5;46.7;0.0
41;2021-07-16;1330;3496;0;192962;156474;0;58.9;47.7;0.0
41;2021-07-17;602;1107;0;193564;157581;0;59.0;48.1;0.0
41;2021-07-18;55;67;0;193619;157648;0;59.1;48.1;0.0
41;2021-07-19;1366;2537;0;194985;160185;0;59.5;48.9;0.0
41;2021-07-20;1825;2930;0;196810;163115;0;60.0;49.8;0.0
41;2021-07-21;2012;2453;0;198822;165568;0;60.6;50.5;0.0
41;2021-07-22;2496;2591;0;201318;168159;0;61.4;51.3;0.0
41;2021-07-23;2308;2722;0;203626;170881;0;62.1;52.1;0.0
41;2021-07-24;538;1229;0;204164;172110;0;62.3;52.5;0.0
41;2021-07-25;58;50;0;204222;172160;0;62.3;52.5;0.0
41;2021-07-26;1947;2017;0;206169;174177;0;62.9;53.1;0.0
41;2021-07-27;2708;2505;0;208877;176682;0;63.7;53.9;0.0
41;2021-07-28;2445;2068;0;211322;178750;0;64.5;54.5;0.0
41;2021-07-29;2559;2268;0;213881;181018;0;65.2;55.2;0.0
41;2021-07-30;2316;2310;0;216197;183328;0;65.9;55.9;0.0
41;2021-07-31;678;815;0;216875;184143;0;66.2;56.2;0.0
41;2021-08-01;54;30;0;216929;184173;0;66.2;56.2;0.0
41;2021-08-02;1661;1843;0;218590;186016;0;66.7;56.7;0.0
41;2021-08-03;2606;2015;0;221196;188031;0;67.5;57.4;0.0
41;2021-08-04;2537;1404;0;223733;189435;0;68.2;57.8;0.0
41;2021-08-05;2891;1379;0;226624;190814;0;69.1;58.2;0.0
41;2021-08-06;2217;1361;0;228841;192175;0;69.8;58.6;0.0
41;2021-08-07;640;441;0;229481;192616;0;70.0;58.8;0.0
41;2021-08-08;46;39;0;229527;192655;0;70.0;58.8;0.0
41;2021-08-09;1688;1363;0;231215;194018;0;70.5;59.2;0.0
41;2021-08-10;2387;1488;0;233602;195506;0;71.3;59.6;0.0
41;2021-08-11;1553;1538;0;235155;197044;0;71.7;60.1;0.0
41;2021-08-12;1858;1460;0;237013;198504;0;72.3;60.5;0.0
41;2021-08-13;1427;1713;0;238440;200217;0;72.7;61.1;0.0
41;2021-08-14;410;344;0;238850;200561;0;72.9;61.2;0.0
41;2021-08-15;13;28;0;238863;200589;0;72.9;61.2;0.0
41;2021-08-16;889;2059;0;239752;202648;0;73.1;61.8;0.0
41;2021-08-17;1446;1820;0;241198;204468;0;73.6;62.4;0.0
41;2021-08-18;1170;2106;0;242368;206574;0;73.9;63.0;0.0
41;2021-08-19;1207;1734;0;243575;208308;0;74.3;63.5;0.0
41;2021-08-20;945;2384;0;244520;210692;0;74.6;64.3;0.0
41;2021-08-21;233;410;0;244753;211102;0;74.7;64.4;0.0
41;2021-08-22;7;54;0;244760;211156;0;74.7;64.4;0.0
41;2021-08-23;696;2288;0;245456;213444;0;74.9;65.1;0.0
41;2021-08-24;1223;2247;0;246679;215691;0;75.2;65.8;0.0
41;2021-08-25;643;2285;0;247322;217976;0;75.4;66.5;0.0
41;2021-08-26;774;2627;0;248096;220603;0;75.7;67.3;0.0
41;2021-08-27;619;2757;0;248715;223360;0;75.9;68.1;0.0
41;2021-08-28;141;773;0;248856;224133;0;75.9;68.4;0.0
41;2021-08-29;43;44;0;248899;224177;0;75.9;68.4;0.0
41;2021-08-30;712;2192;8;249611;226369;8;76.1;69.0;0.0
41;2021-08-31;708;2459;44;250319;228828;52;76.4;69.8;0.0
41;2021-09-01;571;1861;118;250890;230689;170;76.5;70.4;0.1
41;2021-09-02;514;1924;120;251404;232613;290;76.7;71.0;0.1
41;2021-09-03;630;2058;123;252034;234671;413;76.9;71.6;0.1
41;2021-09-04;232;729;39;252266;235400;452;76.9;71.8;0.1
41;2021-09-05;7;23;7;252273;235423;459;77.0;71.8;0.1
41;2021-09-06;317;1032;145;252590;236455;604;77.0;72.1;0.2
41;2021-09-07;389;1130;174;252979;237585;778;77.2;72.5;0.2
41;2021-09-08;376;1281;116;253355;238866;894;77.3;72.9;0.3
41;2021-09-09;302;1102;143;253657;239968;1037;77.4;73.2;0.3
41;2021-09-10;435;1250;191;254092;241218;1228;77.5;73.6;0.4
41;2021-09-11;155;528;30;254247;241746;1258;77.6;73.7;0.4
41;2021-09-12;5;8;1;254252;241754;1259;77.6;73.7;0.4
41;2021-09-13;236;637;247;254488;242391;1506;77.6;73.9;0.5
41;2021-09-14;333;734;254;254821;243125;1760;77.7;74.2;0.5
41;2021-09-15;298;1129;244;255119;244254;2004;77.8;74.5;0.6
41;2021-09-16;241;800;237;255360;245054;2241;77.9;74.7;0.7
41;2021-09-17;379;738;282;255739;245792;2523;78.0;75.0;0.8
41;2021-09-18;129;262;21;255868;246054;2544;78.0;75.1;0.8
41;2021-09-19;3;19;0;255871;246073;2544;78.0;75.1;0.8
41;2021-09-20;189;562;262;256060;246635;2806;78.1;75.2;0.9
41;2021-09-21;180;487;287;256240;247122;3093;78.2;75.4;0.9
41;2021-09-22;279;876;347;256519;247998;3440;78.2;75.6;1.0
41;2021-09-23;223;612;587;256742;248610;4027;78.3;75.8;1.2
41;2021-09-24;315;648;469;257057;249258;4496;78.4;76.0;1.4
41;2021-09-25;104;322;83;257161;249580;4579;78.4;76.1;1.4
41;2021-09-26;0;9;6;257161;249589;4585;78.4;76.1;1.4
41;2021-09-27;162;380;292;257323;249969;4877;78.5;76.2;1.5
41;2021-09-28;163;395;399;257486;250364;5276;78.5;76.4;1.6
41;2021-09-29;176;530;280;257662;250894;5556;78.6;76.5;1.7
41;2021-09-30;117;326;482;257779;251220;6038;78.6;76.6;1.8
41;2021-10-01;235;406;380;258014;251626;6418;78.7;76.8;2.0
41;2021-10-02;100;196;65;258114;251822;6483;78.7;76.8;2.0
41;2021-10-03;4;5;1;258118;251827;6484;78.7;76.8;2.0
41;2021-10-04;119;259;394;258237;252086;6878;78.8;76.9;2.1
41;2021-10-05;122;262;547;258359;252348;7425;78.8;77.0;2.3
41;2021-10-06;238;433;524;258597;252781;7949;78.9;77.1;2.4
41;2021-10-07;119;178;539;258716;252959;8488;78.9;77.2;2.6
41;2021-10-08;201;475;635;258917;253434;9123;79.0;77.3;2.8
41;2021-10-09;80;219;135;258997;253653;9258;79.0;77.4;2.8
41;2021-10-10;4;13;3;259001;253666;9261;79.0;77.4;2.8
41;2021-10-11;124;218;461;259125;253884;9722;79.0;77.4;3.0
41;2021-10-12;73;169;405;259198;254053;10127;79.1;77.5;3.1
41;2021-10-13;188;315;522;259386;254368;10649;79.1;77.6;3.2
41;2021-10-14;78;133;435;259464;254501;11084;79.1;77.6;3.4
41;2021-10-15;175;458;675;259639;254959;11759;79.2;77.8;3.6
41;2021-10-16;54;114;107;259693;255073;11866;79.2;77.8;3.6
41;2021-10-17;1;3;1;259694;255076;11867;79.2;77.8;3.6
41;2021-10-18;140;221;503;259834;255297;12370;79.3;77.9;3.8
41;2021-10-19;76;146;441;259910;255443;12811;79.3;77.9;3.9
41;2021-10-20;166;269;674;260076;255712;13485;79.3;78.0;4.1
41;2021-10-21;62;72;340;260138;255784;13825;79.4;78.0;4.2
41;2021-10-22;125;315;682;260263;256099;14507;79.4;78.1;4.4
41;2021-10-23;52;69;149;260315;256168;14656;79.4;78.1;4.5
41;2021-10-24;2;5;1;260317;256173;14657;79.4;78.1;4.5
41;2021-10-25;137;157;622;260454;256330;15279;79.4;78.2;4.7
41;2021-10-26;72;88;430;260526;256418;15709;79.5;78.2;4.8
41;2021-10-27;170;235;824;260696;256653;16533;79.5;78.3;5.0
41;2021-10-28;58;137;290;260754;256790;16823;79.5;78.3;5.1
41;2021-10-29;149;232;900;260903;257022;17723;79.6;78.4;5.4
41;2021-10-30;35;55;142;260938;257077;17865;79.6;78.4;5.4
41;2021-10-31;2;7;0;260940;257084;17865;79.6;78.4;5.4
41;2021-11-01;8;10;10;260948;257094;17875;79.6;78.4;5.5
41;2021-11-02;44;81;268;260992;257175;18143;79.6;78.4;5.5
41;2021-11-03;116;179;586;261108;257354;18729;79.6;78.5;5.7
41;2021-11-04;55;79;435;261163;257433;19164;79.7;78.5;5.8
41;2021-11-05;127;204;1225;261290;257637;20389;79.7;78.6;6.2
41;2021-11-06;60;75;315;261350;257712;20704;79.7;78.6;6.3
41;2021-11-07;0;7;8;261350;257719;20712;79.7;78.6;6.3
41;2021-11-08;60;160;1142;261410;257879;21854;79.7;78.7;6.7
41;2021-11-09;76;79;801;261486;257958;22655;79.8;78.7;6.9
41;2021-11-10;102;137;1010;261588;258095;23665;79.8;78.7;7.2
41;2021-11-11;0;11;15;261588;258106;23680;79.8;78.7;7.2
41;2021-11-12;98;122;926;261686;258228;24606;79.8;78.8;7.5
41;2021-11-13;57;84;287;261743;258312;24893;79.8;78.8;7.6
41;2021-11-14;4;6;5;261747;258318;24898;79.8;78.8;7.6
41;2021-11-15;81;85;978;261828;258403;25876;79.9;78.8;7.9
41;2021-11-16;74;70;1175;261902;258473;27051;79.9;78.8;8.3
41;2021-11-17;117;158;1106;262019;258631;28157;79.9;78.9;8.6
41;2021-11-18;98;114;1133;262117;258745;29290;80.0;78.9;8.9
41;2021-11-19;122;125;1525;262239;258870;30815;80.0;79.0;9.4
41;2021-11-20;79;80;498;262318;258950;31313;80.0;79.0;9.6
41;2021-11-21;2;2;28;262320;258952;31341;80.0;79.0;9.6
41;2021-11-22;70;61;1321;262390;259013;32662;80.0;79.0;10.0
41;2021-11-23;81;66;1187;262471;259079;33849;80.1;79.0;10.3
41;2021-11-24;116;112;1476;262587;259191;35325;80.1;79.1;10.8
41;2021-11-25;86;73;1409;262673;259264;36734;80.1;79.1;11.2
41;2021-11-26;138;137;2500;262811;259401;39234;80.2;79.1;12.0
41;2021-11-27;82;79;817;262893;259480;40051;80.2;79.1;12.2
41;2021-11-28;2;5;30;262895;259485;40081;80.2;79.2;12.2
41;2021-11-29;77;65;2338;262972;259550;42419;80.2;79.2;12.9
41;2021-11-30;65;84;1857;263037;259634;44276;80.2;79.2;13.5
41;2021-12-01;88;115;3248;263125;259749;47524;80.3;79.2;14.5
41;2021-12-02;93;73;2897;263218;259822;50421;80.3;79.3;15.4
41;2021-12-03;90;108;3514;263308;259930;53935;80.3;79.3;16.5
41;2021-12-04;57;83;1280;263365;260013;55215;80.3;79.3;16.8
41;2021-12-05;12;8;223;263377;260021;55438;80.3;79.3;16.9
41;2021-12-06;50;61;3559;263427;260082;58997;80.4;79.3;18.0
41;2021-12-07;102;119;4442;263529;260201;63439;80.4;79.4;19.4
41;2021-12-08;94;118;3921;263623;260319;67360;80.4;79.4;20.5
41;2021-12-09;105;106;4238;263728;260425;71598;80.4;79.4;21.8
41;2021-12-10;103;142;4432;263831;260567;76030;80.5;79.5;23.2
41;2021-12-11;54;62;1676;263885;260629;77706;80.5;79.5;23.7
41;2021-12-12;8;7;274;263893;260636;77980;80.5;79.5;23.8
41;2021-12-13;52;86;3664;263945;260722;81644;80.5;79.5;24.9
41;2021-12-14;92;112;5248;264037;260834;86892;80.5;79.6;26.5
41;2021-12-15;99;113;4439;264136;260947;91331;80.6;79.6;27.9
42;2020-12-27;0;0;0;0;0;0;0.0;0.0;0.0
42;2020-12-28;3;0;0;3;0;0;0.0;0.0;0.0
42;2020-12-29;1;0;0;4;0;0;0.0;0.0;0.0
42;2020-12-30;0;0;0;4;0;0;0.0;0.0;0.0
42;2020-12-31;0;0;0;4;0;0;0.0;0.0;0.0
42;2021-01-01;0;0;0;4;0;0;0.0;0.0;0.0
42;2021-01-02;0;0;0;4;0;0;0.0;0.0;0.0
42;2021-01-03;0;0;0;4;0;0;0.0;0.0;0.0
42;2021-01-04;1;0;0;5;0;0;0.0;0.0;0.0
42;2021-01-05;3;0;0;8;0;0;0.0;0.0;0.0
42;2021-01-06;169;1;0;177;1;0;0.0;0.0;0.0
42;2021-01-07;252;0;0;429;1;0;0.1;0.0;0.0
42;2021-01-08;260;4;0;689;5;0;0.1;0.0;0.0
42;2021-01-09;130;1;0;819;6;0;0.1;0.0;0.0
42;2021-01-10;0;0;0;819;6;0;0.1;0.0;0.0
42;2021-01-11;282;2;0;1101;8;0;0.1;0.0;0.0
42;2021-01-12;403;1;0;1504;9;0;0.2;0.0;0.0
42;2021-01-13;501;2;0;2005;11;0;0.3;0.0;0.0
42;2021-01-14;755;5;0;2760;16;0;0.4;0.0;0.0
42;2021-01-15;693;3;0;3453;19;0;0.5;0.0;0.0
42;2021-01-16;281;2;0;3734;21;0;0.5;0.0;0.0
42;2021-01-17;211;0;0;3945;21;0;0.5;0.0;0.0
42;2021-01-18;952;0;0;4897;21;0;0.6;0.0;0.0
42;2021-01-19;1262;10;0;6159;31;0;0.8;0.0;0.0
42;2021-01-20;938;4;0;7097;35;0;0.9;0.0;0.0
42;2021-01-21;992;3;0;8089;38;0;1.1;0.0;0.0
42;2021-01-22;962;6;0;9051;44;0;1.2;0.0;0.0
42;2021-01-23;400;0;0;9451;44;0;1.2;0.0;0.0
42;2021-01-24;346;0;0;9797;44;0;1.3;0.0;0.0
42;2021-01-25;1090;11;0;10887;55;0;1.4;0.0;0.0
42;2021-01-26;1666;18;0;12553;73;0;1.6;0.0;0.0
42;2021-01-27;1410;118;0;13963;191;0;1.8;0.0;0.0
42;2021-01-28;1616;138;0;15579;329;0;2.0;0.0;0.0
42;2021-01-29;929;107;0;16508;436;0;2.2;0.1;0.0
42;2021-01-30;259;108;0;16767;544;0;2.2;0.1;0.0
42;2021-01-31;247;2;0;17014;546;0;2.2;0.1;0.0
42;2021-02-01;709;65;0;17723;611;0;2.3;0.1;0.0
42;2021-02-02;1809;307;0;19532;918;0;2.6;0.1;0.0
42;2021-02-03;1456;470;0;20988;1388;0;2.7;0.2;0.0
42;2021-02-04;1240;595;0;22228;1983;0;2.9;0.3;0.0
42;2021-02-05;694;492;0;22922;2475;0;3.0;0.3;0.0
42;2021-02-06;302;133;0;23224;2608;0;3.0;0.3;0.0
42;2021-02-07;251;143;0;23475;2751;0;3.1;0.4;0.0
42;2021-02-08;511;589;0;23986;3340;0;3.1;0.4;0.0
42;2021-02-09;710;792;0;24696;4132;0;3.2;0.5;0.0
42;2021-02-10;739;683;0;25435;4815;0;3.3;0.6;0.0
42;2021-02-11;754;713;0;26189;5528;0;3.4;0.7;0.0
42;2021-02-12;680;744;0;26869;6272;0;3.5;0.8;0.0
42;2021-02-13;310;258;0;27179;6530;0;3.6;0.9;0.0
42;2021-02-14;178;207;0;27357;6737;0;3.6;0.9;0.0
42;2021-02-15;516;792;0;27873;7529;0;3.6;1.0;0.0
42;2021-02-16;493;1153;0;28366;8682;0;3.7;1.1;0.0
42;2021-02-17;535;1470;0;28901;10152;0;3.8;1.3;0.0
42;2021-02-18;748;1331;0;29649;11483;0;3.9;1.5;0.0
42;2021-02-19;751;951;0;30400;12434;0;4.0;1.6;0.0
42;2021-02-20;228;411;0;30628;12845;0;4.0;1.7;0.0
42;2021-02-21;61;317;0;30689;13162;0;4.0;1.7;0.0
42;2021-02-22;534;906;0;31223;14068;0;4.1;1.8;0.0
42;2021-02-23;1158;1395;0;32381;15463;0;4.2;2.0;0.0
42;2021-02-24;1200;1209;0;33581;16672;0;4.4;2.2;0.0
42;2021-02-25;1583;1337;0;35164;18009;0;4.6;2.4;0.0
42;2021-02-26;1574;940;0;36738;18949;0;4.8;2.5;0.0
42;2021-02-27;520;270;0;37258;19219;0;4.9;2.5;0.0
42;2021-02-28;159;120;0;37417;19339;0;4.9;2.5;0.0
42;2021-03-01;785;808;0;38202;20147;0;5.0;2.6;0.0
42;2021-03-02;1254;812;0;39456;20959;0;5.2;2.7;0.0
42;2021-03-03;1396;820;0;40852;21779;0;5.3;2.8;0.0
42;2021-03-04;1686;742;0;42538;22521;0;5.6;2.9;0.0
42;2021-03-05;2498;671;0;45036;23192;0;5.9;3.0;0.0
42;2021-03-06;1810;282;0;46846;23474;0;6.1;3.1;0.0
42;2021-03-07;1358;95;0;48204;23569;0;6.3;3.1;0.0
42;2021-03-08;1350;529;0;49554;24098;0;6.5;3.2;0.0
42;2021-03-09;1965;481;0;51519;24579;0;6.7;3.2;0.0
42;2021-03-10;2072;541;0;53591;25120;0;7.0;3.3;0.0
42;2021-03-11;2975;646;0;56566;25766;0;7.4;3.4;0.0
42;2021-03-12;3005;833;0;59571;26599;0;7.8;3.5;0.0
42;2021-03-13;1491;347;0;61062;26946;0;8.0;3.5;0.0
42;2021-03-14;454;170;0;61516;27116;0;8.0;3.5;0.0
42;2021-03-15;1592;587;0;63108;27703;0;8.3;3.6;0.0
42;2021-03-16;1459;778;0;64567;28481;0;8.4;3.7;0.0
42;2021-03-17;1682;1021;0;66249;29502;0;8.7;3.9;0.0
42;2021-03-18;1788;978;0;68037;30480;0;8.9;4.0;0.0
42;2021-03-19;2547;688;0;70584;31168;0;9.2;4.1;0.0
42;2021-03-20;1581;230;0;72165;31398;0;9.4;4.1;0.0
42;2021-03-21;496;99;0;72661;31497;0;9.5;4.1;0.0
42;2021-03-22;1457;742;0;74118;32239;0;9.7;4.2;0.0
42;2021-03-23;2488;869;0;76606;33108;0;10.0;4.3;0.0
42;2021-03-24;2755;797;0;79361;33905;0;10.4;4.4;0.0
42;2021-03-25;3732;940;0;83093;34845;0;10.9;4.6;0.0
42;2021-03-26;3774;792;0;86867;35637;0;11.4;4.7;0.0
42;2021-03-27;1819;430;0;88686;36067;0;11.6;4.7;0.0
42;2021-03-28;998;204;0;89684;36271;0;11.7;4.7;0.0
42;2021-03-29;2092;921;0;91776;37192;0;12.0;4.9;0.0
42;2021-03-30;3188;870;0;94964;38062;0;12.4;5.0;0.0
42;2021-03-31;2497;1098;0;97461;39160;0;12.7;5.1;0.0
42;2021-04-01;3385;1049;0;100846;40209;0;13.2;5.3;0.0
42;2021-04-02;2862;1195;0;103708;41404;0;13.6;5.4;0.0
42;2021-04-03;1369;586;0;105077;41990;0;13.7;5.5;0.0
42;2021-04-04;1339;366;0;106416;42356;0;13.9;5.5;0.0
42;2021-04-05;1847;284;0;108263;42640;0;14.2;5.6;0.0
42;2021-04-06;2237;1413;0;110500;44053;0;14.4;5.8;0.0
42;2021-04-07;2693;1833;0;113193;45886;0;14.8;6.0;0.0
42;2021-04-08;3991;1586;0;117184;47472;0;15.3;6.2;0.0
42;2021-04-09;5046;1528;0;122230;49000;0;16.0;6.4;0.0
42;2021-04-10;2565;762;0;124795;49762;0;16.3;6.5;0.0
42;2021-04-11;1844;412;0;126639;50174;0;16.6;6.6;0.0
42;2021-04-12;3571;1546;0;130210;51720;0;17.0;6.8;0.0
42;2021-04-13;4427;1798;0;134637;53518;0;17.6;7.0;0.0
42;2021-04-14;4096;1880;0;138733;55398;0;18.1;7.2;0.0
42;2021-04-15;4616;1823;0;143349;57221;0;18.7;7.5;0.0
42;2021-04-16;4369;1873;0;147718;59094;0;19.3;7.7;0.0
42;2021-04-17;2777;1024;0;150495;60118;0;19.7;7.9;0.0
42;2021-04-18;1619;393;0;152114;60511;0;19.9;7.9;0.0
42;2021-04-19;2830;1521;0;154944;62032;0;20.3;8.1;0.0
42;2021-04-20;3284;1944;0;158228;63976;0;20.7;8.4;0.0
42;2021-04-21;3278;1777;0;161506;65753;0;21.1;8.6;0.0
42;2021-04-22;3520;1933;0;165026;67686;0;21.6;8.9;0.0
42;2021-04-23;3544;2026;0;168570;69712;0;22.0;9.1;0.0
42;2021-04-24;2123;1494;0;170693;71206;0;22.3;9.3;0.0
42;2021-04-25;1372;895;0;172065;72101;0;22.5;9.4;0.0
42;2021-04-26;2956;1734;0;175021;73835;0;22.9;9.7;0.0
42;2021-04-27;2994;2248;0;178015;76083;0;23.3;9.9;0.0
42;2021-04-28;3189;2592;0;181204;78675;0;23.7;10.3;0.0
42;2021-04-29;3597;2746;0;184801;81421;0;24.2;10.6;0.0
42;2021-04-30;3165;2995;0;187966;84416;0;24.6;11.0;0.0
42;2021-05-01;2587;1003;0;190553;85419;0;24.9;11.2;0.0
42;2021-05-02;1727;1218;0;192280;86637;0;25.1;11.3;0.0
42;2021-05-03;2723;2715;0;195003;89352;0;25.5;11.7;0.0
42;2021-05-04;3274;3080;0;198277;92432;0;25.9;12.1;0.0
42;2021-05-05;3178;3263;0;201455;95695;0;26.3;12.5;0.0
42;2021-05-06;3708;3670;0;205163;99365;0;26.8;13.0;0.0
42;2021-05-07;3508;3916;0;208671;103281;0;27.3;13.5;0.0
42;2021-05-08;2799;1006;0;211470;104287;0;27.7;13.6;0.0
42;2021-05-09;1435;2013;0;212905;106300;0;27.8;13.9;0.0
42;2021-05-10;3038;3681;0;215943;109981;0;28.2;14.4;0.0
42;2021-05-11;4963;3739;0;220906;113720;0;28.9;14.9;0.0
42;2021-05-12;4710;3419;0;225616;117139;0;29.5;15.3;0.0
42;2021-05-13;4911;1117;0;230527;118256;0;30.1;15.5;0.0
42;2021-05-14;4750;2771;0;235277;121027;0;30.8;15.8;0.0
42;2021-05-15;4272;1954;0;239549;122981;0;31.3;16.1;0.0
42;2021-05-16;2461;943;0;242010;123924;0;31.6;16.2;0.0
42;2021-05-17;5302;2706;0;247312;126630;0;32.3;16.6;0.0
42;2021-05-18;5604;2862;0;252916;129492;0;33.1;16.9;0.0
42;2021-05-19;5685;2615;0;258601;132107;0;33.8;17.3;0.0
42;2021-05-20;6079;2778;0;264680;134885;0;34.6;17.6;0.0
42;2021-05-21;5352;3073;0;270032;137958;0;35.3;18.0;0.0
42;2021-05-22;4321;1956;0;274353;139914;0;35.9;18.3;0.0
42;2021-05-23;2189;762;0;276542;140676;0;36.2;18.4;0.0
42;2021-05-24;3862;1227;0;280404;141903;0;36.7;18.6;0.0
42;2021-05-25;4329;3678;0;284733;145581;0;37.2;19.0;0.0
42;2021-05-26;4380;3197;0;289113;148778;0;37.8;19.5;0.0
42;2021-05-27;4647;3428;0;293760;152206;0;38.4;19.9;0.0
42;2021-05-28;4369;3948;0;298129;156154;0;39.0;20.4;0.0
42;2021-05-29;3325;2654;0;301454;158808;0;39.4;20.8;0.0
42;2021-05-30;1525;1066;0;302979;159874;0;39.6;20.9;0.0
42;2021-05-31;3655;3141;0;306634;163015;0;40.1;21.3;0.0
42;2021-06-01;4169;3383;0;310803;166398;0;40.6;21.8;0.0
42;2021-06-02;3907;2805;0;314710;169203;0;41.2;22.1;0.0
42;2021-06-03;4397;3632;0;319107;172835;0;41.7;22.6;0.0
42;2021-06-04;4348;3925;0;323455;176760;0;42.3;23.1;0.0
42;2021-06-05;2948;2153;0;326403;178913;0;42.7;23.4;0.0
42;2021-06-06;1206;1100;0;327609;180013;0;42.8;23.5;0.0
42;2021-06-07;3592;3061;0;331201;183074;0;43.3;23.9;0.0
42;2021-06-08;3201;3079;0;334402;186153;0;43.7;24.3;0.0
42;2021-06-09;2857;3004;0;337259;189157;0;44.1;24.7;0.0
42;2021-06-10;3107;2849;0;340366;192006;0;44.5;25.1;0.0
42;2021-06-11;3423;3844;0;343789;195850;0;45.0;25.6;0.0
42;2021-06-12;2508;2629;0;346297;198479;0;45.3;26.0;0.0
42;2021-06-13;884;1156;0;347181;199635;0;45.4;26.1;0.0
42;2021-06-14;2257;3829;0;349438;203464;0;45.7;26.6;0.0
42;2021-06-15;2691;3905;0;352129;207369;0;46.0;27.1;0.0
42;2021-06-16;2821;3380;0;354950;210749;0;46.4;27.6;0.0
42;2021-06-17;2528;3640;0;357478;214389;0;46.7;28.0;0.0
42;2021-06-18;3058;4867;0;360536;219256;0;47.1;28.7;0.0
42;2021-06-19;2506;3710;0;363042;222966;0;47.5;29.2;0.0
42;2021-06-20;809;1667;0;363851;224633;0;47.6;29.4;0.0
42;2021-06-21;1849;5687;0;365700;230320;0;47.8;30.1;0.0
42;2021-06-22;1810;5490;0;367510;235810;0;48.1;30.8;0.0
42;2021-06-23;1818;4953;0;369328;240763;0;48.3;31.5;0.0
42;2021-06-24;1802;4385;0;371130;245148;0;48.5;32.1;0.0
42;2021-06-25;1963;6395;0;373093;251543;0;48.8;32.9;0.0
42;2021-06-26;1295;5049;0;374388;256592;0;49.0;33.6;0.0
42;2021-06-27;689;2500;0;375077;259092;0;49.0;33.9;0.0
42;2021-06-28;1674;6298;0;376751;265390;0;49.3;34.7;0.0
42;2021-06-29;1474;5923;0;378225;271313;0;49.5;35.5;0.0
42;2021-06-30;1852;5170;0;380077;276483;0;49.7;36.2;0.0
42;2021-07-01;1879;4720;0;381956;281203;0;49.9;36.8;0.0
42;2021-07-02;2197;6093;0;384153;287296;0;50.2;37.6;0.0
42;2021-07-03;1581;4828;0;385734;292124;0;50.4;38.2;0.0
42;2021-07-04;812;2084;0;386546;294208;0;50.5;38.5;0.0
42;2021-07-05;1742;5576;0;388288;299784;0;50.8;39.2;0.0
42;2021-07-06;2026;5053;0;390314;304837;0;51.0;39.9;0.0
42;2021-07-07;2295;4276;0;392609;309113;0;51.3;40.4;0.0
42;2021-07-08;2246;3739;0;394855;312852;0;51.6;40.9;0.0
42;2021-07-09;2413;5604;0;397268;318456;0;51.9;41.6;0.0
42;2021-07-10;1545;4687;0;398813;323143;0;52.2;42.3;0.0
42;2021-07-11;875;1933;0;399688;325076;0;52.3;42.5;0.0
42;2021-07-12;1706;5652;0;401394;330728;0;52.5;43.2;0.0
42;2021-07-13;3381;5878;0;404775;336606;0;52.9;44.0;0.0
42;2021-07-14;3792;1827;0;408567;338433;0;53.4;44.3;0.0
42;2021-07-15;4345;5417;0;412912;343850;0;54.0;45.0;0.0
42;2021-07-16;4179;5840;0;417091;349690;0;54.5;45.7;0.0
42;2021-07-17;2999;4170;0;420090;353860;0;54.9;46.3;0.0
42;2021-07-18;1749;1659;0;421839;355519;0;55.2;46.5;0.0
42;2021-07-19;3432;4812;0;425271;360331;0;55.6;47.1;0.0
42;2021-07-20;4329;4679;0;429600;365010;0;56.2;47.7;0.0
42;2021-07-21;4674;4417;0;434274;369427;0;56.8;48.3;0.0
42;2021-07-22;5110;3866;0;439384;373293;0;57.5;48.8;0.0
42;2021-07-23;5022;4946;0;444406;378239;0;58.1;49.5;0.0
42;2021-07-24;3475;3533;0;447881;381772;0;58.6;49.9;0.0
42;2021-07-25;1443;1267;0;449324;383039;0;58.8;50.1;0.0
42;2021-07-26;4335;4104;0;453659;387143;0;59.3;50.6;0.0
42;2021-07-27;5037;3871;0;458696;391014;0;60.0;51.1;0.0
42;2021-07-28;5262;3537;0;463958;394551;0;60.7;51.6;0.0
42;2021-07-29;5293;3320;0;469251;397871;0;61.4;52.0;0.0
42;2021-07-30;4781;3691;0;474032;401562;0;62.0;52.5;0.0
42;2021-07-31;4144;2847;0;478176;404409;0;62.5;52.9;0.0
42;2021-08-01;2268;1211;0;480444;405620;0;62.8;53.0;0.0
42;2021-08-02;4141;2939;0;484585;408559;0;63.4;53.4;0.0
42;2021-08-03;3707;3151;0;488292;411710;0;63.9;53.8;0.0
42;2021-08-04;3447;3064;0;491739;414774;0;64.3;54.2;0.0
42;2021-08-05;3345;3171;0;495084;417945;0;64.7;54.7;0.0
42;2021-08-06;3602;3873;0;498686;421818;0;65.2;55.2;0.0
42;2021-08-07;2711;2777;0;501397;424595;0;65.6;55.5;0.0
42;2021-08-08;1086;1610;0;502483;426205;0;65.7;55.7;0.0
42;2021-08-09;2753;3713;0;505236;429918;0;66.1;56.2;0.0
42;2021-08-10;3049;3594;0;508285;433512;0;66.5;56.7;0.0
42;2021-08-11;2516;3351;0;510801;436863;0;66.8;57.1;0.0
42;2021-08-12;2401;3438;0;513202;440301;0;67.1;57.6;0.0
42;2021-08-13;2284;3696;0;515486;443997;0;67.4;58.1;0.0
42;2021-08-14;1519;2910;0;517005;446907;0;67.6;58.4;0.0
42;2021-08-15;577;943;0;517582;447850;0;67.7;58.6;0.0
42;2021-08-16;2006;4259;0;519588;452109;0;67.9;59.1;0.0
42;2021-08-17;2168;4079;0;521756;456188;0;68.2;59.7;0.0
42;2021-08-18;1911;4030;0;523667;460218;0;68.5;60.2;0.0
42;2021-08-19;1821;3306;0;525488;463524;0;68.7;60.6;0.0
42;2021-08-20;2116;4367;0;527604;467891;0;69.0;61.2;0.0
42;2021-08-21;1015;3427;0;528619;471318;0;69.1;61.6;0.0
42;2021-08-22;434;1770;0;529053;473088;0;69.2;61.9;0.0
42;2021-08-23;1527;4416;0;530580;477504;0;69.4;62.4;0.0
42;2021-08-24;1676;3943;0;532256;481447;0;69.6;63.0;0.0
42;2021-08-25;1656;3787;0;533912;485234;0;69.8;63.5;0.0
42;2021-08-26;1399;3107;0;535311;488341;0;70.0;63.9;0.0
42;2021-08-27;1690;4376;0;537001;492717;0;70.2;64.4;0.0
42;2021-08-28;1170;3281;0;538171;495998;0;70.4;64.9;0.0
42;2021-08-29;339;1331;0;538510;497329;0;70.4;65.0;0.0
42;2021-08-30;1242;3296;89;539752;500625;89;70.6;65.5;0.0
42;2021-08-31;1209;2692;144;540961;503317;233;70.7;65.8;0.0
42;2021-09-01;1357;2728;215;542318;506045;448;70.9;66.2;0.1
42;2021-09-02;1349;2594;327;543667;508639;775;71.1;66.5;0.1
42;2021-09-03;1527;2932;357;545194;511571;1132;71.3;66.9;0.1
42;2021-09-04;996;2561;182;546190;514132;1314;71.4;67.2;0.2
42;2021-09-05;329;701;136;546519;514833;1450;71.5;67.3;0.2
42;2021-09-06;771;1780;385;547290;516613;1835;71.6;67.6;0.2
42;2021-09-07;837;1640;382;548127;518253;2217;71.7;67.8;0.3
42;2021-09-08;860;1852;331;548987;520105;2548;71.8;68.0;0.3
42;2021-09-09;638;1431;349;549625;521536;2897;71.9;68.2;0.4
42;2021-09-10;915;1937;352;550540;523473;3249;72.0;68.5;0.4
42;2021-09-11;686;2145;117;551226;525618;3366;72.1;68.7;0.4
42;2021-09-12;143;447;35;551369;526065;3401;72.1;68.8;0.4
42;2021-09-13;561;1116;567;551930;527181;3968;72.2;68.9;0.5
42;2021-09-14;763;1286;741;552693;528467;4709;72.3;69.1;0.6
42;2021-09-15;720;1560;599;553413;530027;5308;72.4;69.3;0.7
42;2021-09-16;528;873;738;553941;530900;6046;72.4;69.4;0.8
42;2021-09-17;702;1589;646;554643;532489;6692;72.5;69.6;0.9
42;2021-09-18;544;1705;147;555187;534194;6839;72.6;69.9;0.9
42;2021-09-19;88;346;38;555275;534540;6877;72.6;69.9;0.9
42;2021-09-20;409;851;716;555684;535391;7593;72.7;70.0;1.0
42;2021-09-21;343;807;778;556027;536198;8371;72.7;70.1;1.1
42;2021-09-22;482;1357;774;556509;537555;9145;72.8;70.3;1.2
42;2021-09-23;378;815;741;556887;538370;9886;72.8;70.4;1.3
42;2021-09-24;473;1497;610;557360;539867;10496;72.9;70.6;1.4
42;2021-09-25;350;1169;208;557710;541036;10704;72.9;70.7;1.4
42;2021-09-26;58;260;17;557768;541296;10721;72.9;70.8;1.4
42;2021-09-27;298;795;666;558066;542091;11387;73.0;70.9;1.5
42;2021-09-28;371;720;729;558437;542811;12116;73.0;71.0;1.6
42;2021-09-29;395;954;587;558832;543765;12703;73.1;71.1;1.7
42;2021-09-30;330;636;542;559162;544401;13245;73.1;71.2;1.7
42;2021-10-01;540;991;688;559702;545392;13933;73.2;71.3;1.8
42;2021-10-02;370;753;187;560072;546145;14120;73.2;71.4;1.8
42;2021-10-03;81;158;14;560153;546303;14134;73.2;71.4;1.8
42;2021-10-04;273;527;880;560426;546830;15014;73.3;71.5;2.0
42;2021-10-05;290;524;628;560716;547354;15642;73.3;71.6;2.0
42;2021-10-06;435;843;901;561151;548197;16543;73.4;71.7;2.2
42;2021-10-07;304;555;766;561455;548752;17309;73.4;71.8;2.3
42;2021-10-08;441;845;768;561896;549597;18077;73.5;71.9;2.4
42;2021-10-09;364;633;393;562260;550230;18470;73.5;72.0;2.4
42;2021-10-10;69;106;90;562329;550336;18560;73.5;72.0;2.4
42;2021-10-11;254;455;846;562583;550791;19406;73.6;72.0;2.5
42;2021-10-12;230;428;651;562813;551219;20057;73.6;72.1;2.6
42;2021-10-13;441;644;976;563254;551863;21033;73.7;72.2;2.8
42;2021-10-14;300;401;892;563554;552264;21925;73.7;72.2;2.9
42;2021-10-15;413;583;1072;563967;552847;22997;73.7;72.3;3.0
42;2021-10-16;302;446;435;564269;553293;23432;73.8;72.4;3.1
42;2021-10-17;64;96;82;564333;553389;23514;73.8;72.4;3.1
42;2021-10-18;226;461;921;564559;553850;24435;73.8;72.4;3.2
42;2021-10-19;153;337;924;564712;554187;25359;73.8;72.5;3.3
42;2021-10-20;204;465;1100;564916;554652;26459;73.9;72.5;3.5
42;2021-10-21;138;327;874;565054;554979;27333;73.9;72.6;3.6
42;2021-10-22;177;416;1089;565231;555395;28422;73.9;72.6;3.7
42;2021-10-23;180;375;520;565411;555770;28942;73.9;72.7;3.8
42;2021-10-24;31;72;103;565442;555842;29045;73.9;72.7;3.8
42;2021-10-25;159;328;1028;565601;556170;30073;74.0;72.7;3.9
42;2021-10-26;116;239;949;565717;556409;31022;74.0;72.8;4.1
42;2021-10-27;201;433;1496;565918;556842;32518;74.0;72.8;4.3
42;2021-10-28;152;224;936;566070;557066;33454;74.0;72.8;4.4
42;2021-10-29;189;373;1530;566259;557439;34984;74.0;72.9;4.6
42;2021-10-30;107;323;571;566366;557762;35555;74.1;72.9;4.6
42;2021-10-31;30;91;123;566396;557853;35678;74.1;72.9;4.7
42;2021-11-01;34;29;37;566430;557882;35715;74.1;73.0;4.7
42;2021-11-02;140;271;1127;566570;558153;36842;74.1;73.0;4.8
42;2021-11-03;193;435;1871;566763;558588;38713;74.1;73.0;5.1
42;2021-11-04;117;230;1320;566880;558818;40033;74.1;73.1;5.2
42;2021-11-05;167;328;1892;567047;559146;41925;74.1;73.1;5.5
42;2021-11-06;140;271;552;567187;559417;42477;74.2;73.2;5.6
42;2021-11-07;27;68;142;567214;559485;42619;74.2;73.2;5.6
42;2021-11-08;86;223;1939;567300;559708;44558;74.2;73.2;5.8
42;2021-11-09;107;202;1968;567407;559910;46526;74.2;73.2;6.1
42;2021-11-10;216;257;2406;567623;560167;48932;74.2;73.2;6.4
42;2021-11-11;33;27;150;567656;560194;49082;74.2;73.3;6.4
42;2021-11-12;153;273;2485;567809;560467;51567;74.2;73.3;6.7
42;2021-11-13;142;175;1039;567951;560642;52606;74.3;73.3;6.9
42;2021-11-14;46;28;413;567997;560670;53019;74.3;73.3;6.9
42;2021-11-15;96;182;2489;568093;560852;55508;74.3;73.3;7.3
42;2021-11-16;80;140;2401;568173;560992;57909;74.3;73.4;7.6
42;2021-11-17;210;274;2764;568383;561266;60673;74.3;73.4;7.9
42;2021-11-18;125;171;2435;568508;561437;63108;74.3;73.4;8.3
42;2021-11-19;145;201;2709;568653;561638;65817;74.4;73.4;8.6
42;2021-11-20;240;246;1604;568893;561884;67421;74.4;73.5;8.8
42;2021-11-21;12;23;134;568905;561907;67555;74.4;73.5;8.8
42;2021-11-22;131;119;2876;569036;562026;70431;74.4;73.5;9.2
42;2021-11-23;103;130;2720;569139;562156;73151;74.4;73.5;9.6
42;2021-11-24;228;254;3302;569367;562410;76453;74.5;73.5;10.0
42;2021-11-25;124;130;3028;569491;562540;79481;74.5;73.6;10.4
42;2021-11-26;137;235;4079;569628;562775;83560;74.5;73.6;10.9
42;2021-11-27;182;212;2706;569810;562987;86266;74.5;73.6;11.3
42;2021-11-28;18;28;461;569828;563015;86727;74.5;73.6;11.3
42;2021-11-29;94;132;4693;569922;563147;91420;74.5;73.6;12.0
42;2021-11-30;105;138;4752;570027;563285;96172;74.5;73.7;12.6
42;2021-12-01;103;202;5493;570130;563487;101665;74.6;73.7;13.3
42;2021-12-02;89;119;6168;570219;563606;107833;74.6;73.7;14.1
42;2021-12-03;128;161;6848;570347;563767;114681;74.6;73.7;15.0
42;2021-12-04;99;207;3736;570446;563974;118417;74.6;73.7;15.5
42;2021-12-05;12;25;594;570458;563999;119011;74.6;73.8;15.6
42;2021-12-06;104;155;5659;570562;564154;124670;74.6;73.8;16.3
42;2021-12-07;97;124;6006;570659;564278;130676;74.6;73.8;17.1
42;2021-12-08;150;230;6756;570809;564508;137432;74.6;73.8;18.0
42;2021-12-09;117;164;7194;570926;564672;144626;74.7;73.8;18.9
42;2021-12-10;155;191;7594;571081;564863;152220;74.7;73.9;19.9
42;2021-12-11;83;215;5091;571164;565078;157311;74.7;73.9;20.6
42;2021-12-12;34;56;2493;571198;565134;159804;74.7;73.9;20.9
42;2021-12-13;138;183;7562;571336;565317;167366;74.7;73.9;21.9
42;2021-12-14;174;177;10094;571510;565494;177460;74.7;73.9;23.2
42;2021-12-15;158;246;9048;571668;565740;186508;74.8;74.0;24.4
43;2020-12-27;0;0;0;0;0;0;0.0;0.0;0.0
43;2020-12-28;0;0;0;0;0;0;0.0;0.0;0.0
43;2020-12-29;0;0;0;0;0;0;0.0;0.0;0.0
43;2020-12-30;0;0;0;0;0;0;0.0;0.0;0.0
43;2020-12-31;0;0;0;0;0;0;0.0;0.0;0.0
43;2021-01-01;3;0;0;3;0;0;0.0;0.0;0.0
43;2021-01-02;0;0;0;3;0;0;0.0;0.0;0.0
43;2021-01-03;0;0;0;3;0;0;0.0;0.0;0.0
43;2021-01-04;2;0;0;5;0;0;0.0;0.0;0.0
43;2021-01-05;0;0;0;5;0;0;0.0;0.0;0.0
43;2021-01-06;8;0;0;13;0;0;0.0;0.0;0.0
43;2021-01-07;163;0;0;176;0;0;0.1;0.0;0.0
43;2021-01-08;148;1;0;324;1;0;0.1;0.0;0.0
43;2021-01-09;6;0;0;330;1;0;0.1;0.0;0.0
43;2021-01-10;2;0;0;332;1;0;0.1;0.0;0.0
43;2021-01-11;144;0;0;476;1;0;0.2;0.0;0.0
43;2021-01-12;258;2;0;734;3;0;0.3;0.0;0.0
43;2021-01-13;259;2;0;993;5;0;0.4;0.0;0.0
43;2021-01-14;312;1;0;1305;6;0;0.6;0.0;0.0
43;2021-01-15;312;2;0;1617;8;0;0.7;0.0;0.0
43;2021-01-16;41;0;0;1658;8;0;0.7;0.0;0.0
43;2021-01-17;5;0;0;1663;8;0;0.7;0.0;0.0
43;2021-01-18;737;7;0;2400;15;0;1.1;0.0;0.0
43;2021-01-19;781;4;0;3181;19;0;1.4;0.0;0.0
43;2021-01-20;548;2;0;3729;21;0;1.6;0.0;0.0
43;2021-01-21;491;2;0;4220;23;0;1.9;0.0;0.0
43;2021-01-22;480;7;0;4700;30;0;2.1;0.0;0.0
43;2021-01-23;6;0;0;4706;30;0;2.1;0.0;0.0
43;2021-01-24;9;0;0;4715;30;0;2.1;0.0;0.0
43;2021-01-25;533;0;0;5248;30;0;2.3;0.0;0.0
43;2021-01-26;585;7;0;5833;37;0;2.6;0.0;0.0
43;2021-01-27;712;5;0;6545;42;0;2.9;0.0;0.0
43;2021-01-28;729;34;0;7274;76;0;3.2;0.0;0.0
43;2021-01-29;688;82;0;7962;158;0;3.5;0.1;0.0
43;2021-01-30;111;1;0;8073;159;0;3.6;0.1;0.0
43;2021-01-31;7;0;0;8080;159;0;3.6;0.1;0.0
43;2021-02-01;391;101;0;8471;260;0;3.7;0.1;0.0
43;2021-02-02;689;158;0;9160;418;0;4.0;0.2;0.0
43;2021-02-03;692;67;0;9852;485;0;4.3;0.2;0.0
43;2021-02-04;538;189;0;10390;674;0;4.6;0.3;0.0
43;2021-02-05;539;184;0;10929;858;0;4.8;0.4;0.0
43;2021-02-06;166;32;0;11095;890;0;4.9;0.4;0.0
43;2021-02-07;7;7;0;11102;897;0;4.9;0.4;0.0
43;2021-02-08;397;303;0;11499;1200;0;5.1;0.5;0.0
43;2021-02-09;346;442;0;11845;1642;0;5.2;0.7;0.0
43;2021-02-10;393;360;0;12238;2002;0;5.4;0.9;0.0
43;2021-02-11;364;374;0;12602;2376;0;5.6;1.0;0.0
43;2021-02-12;424;222;0;13026;2598;0;5.7;1.1;0.0
43;2021-02-13;640;62;0;13666;2660;0;6.0;1.2;0.0
43;2021-02-14;5;12;0;13671;2672;0;6.0;1.2;0.0
43;2021-02-15;62;473;0;13733;3145;0;6.1;1.4;0.0
43;2021-02-16;46;386;0;13779;3531;0;6.1;1.6;0.0
43;2021-02-17;84;497;0;13863;4028;0;6.1;1.8;0.0
43;2021-02-18;158;413;0;14021;4441;0;6.2;2.0;0.0
43;2021-02-19;273;488;0;14294;4929;0;6.3;2.2;0.0
43;2021-02-20;29;17;0;14323;4946;0;6.3;2.2;0.0
43;2021-02-21;0;7;0;14323;4953;0;6.3;2.2;0.0
43;2021-02-22;36;501;0;14359;5454;0;6.3;2.4;0.0
43;2021-02-23;226;753;0;14585;6207;0;6.4;2.7;0.0
43;2021-02-24;164;703;0;14749;6910;0;6.5;3.0;0.0
43;2021-02-25;267;701;0;15016;7611;0;6.6;3.4;0.0
43;2021-02-26;260;669;0;15276;8280;0;6.7;3.6;0.0
43;2021-02-27;144;77;0;15420;8357;0;6.8;3.7;0.0
43;2021-02-28;8;5;0;15428;8362;0;6.8;3.7;0.0
43;2021-03-01;230;471;0;15658;8833;0;6.9;3.9;0.0
43;2021-03-02;364;563;0;16022;9396;0;7.1;4.1;0.0
43;2021-03-03;344;558;0;16366;9954;0;7.2;4.4;0.0
43;2021-03-04;536;455;0;16902;10409;0;7.4;4.6;0.0
43;2021-03-05;596;464;0;17498;10873;0;7.7;4.8;0.0
43;2021-03-06;517;180;0;18015;11053;0;7.9;4.9;0.0
43;2021-03-07;59;2;0;18074;11055;0;8.0;4.9;0.0
43;2021-03-08;489;427;0;18563;11482;0;8.2;5.1;0.0
43;2021-03-09;638;347;0;19201;11829;0;8.5;5.2;0.0
43;2021-03-10;658;476;0;19859;12305;0;8.8;5.4;0.0
43;2021-03-11;928;435;0;20787;12740;0;9.2;5.6;0.0
43;2021-03-12;907;424;0;21694;13164;0;9.6;5.8;0.0
43;2021-03-13;698;126;0;22392;13290;0;9.9;5.9;0.0
43;2021-03-14;10;5;0;22402;13295;0;9.9;5.9;0.0
43;2021-03-15;704;146;0;23106;13441;0;10.2;5.9;0.0
43;2021-03-16;817;273;0;23923;13714;0;10.5;6.0;0.0
43;2021-03-17;634;158;0;24557;13872;0;10.8;6.1;0.0
43;2021-03-18;697;164;0;25254;14036;0;11.1;6.2;0.0
43;2021-03-19;849;131;0;26103;14167;0;11.5;6.2;0.0
43;2021-03-20;430;53;0;26533;14220;0;11.7;6.3;0.0
43;2021-03-21;8;1;0;26541;14221;0;11.7;6.3;0.0
43;2021-03-22;683;50;0;27224;14271;0;12.0;6.3;0.0
43;2021-03-23;869;53;0;28093;14324;0;12.4;6.3;0.0
43;2021-03-24;1169;115;0;29262;14439;0;12.9;6.4;0.0
43;2021-03-25;1518;174;0;30780;14613;0;13.6;6.4;0.0
43;2021-03-26;1568;208;0;32348;14821;0;14.3;6.5;0.0
43;2021-03-27;1274;84;0;33622;14905;0;14.8;6.6;0.0
43;2021-03-28;409;31;0;34031;14936;0;15.0;6.6;0.0
43;2021-03-29;1033;181;0;35064;15117;0;15.5;6.7;0.0
43;2021-03-30;1255;259;0;36319;15376;0;16.0;6.8;0.0
43;2021-03-31;1213;274;0;37532;15650;0;16.5;6.9;0.0
43;2021-04-01;1284;328;0;38816;15978;0;17.1;7.0;0.0
43;2021-04-02;1012;338;0;39828;16316;0;17.6;7.2;0.0
43;2021-04-03;315;190;0;40143;16506;0;17.7;7.3;0.0
43;2021-04-04;20;6;0;40163;16512;0;17.7;7.3;0.0
43;2021-04-05;46;6;0;40209;16518;0;17.7;7.3;0.0
43;2021-04-06;621;576;0;40830;17094;0;18.0;7.5;0.0
43;2021-04-07;811;561;0;41641;17655;0;18.4;7.8;0.0
43;2021-04-08;990;446;0;42631;18101;0;18.8;8.0;0.0
43;2021-04-09;1121;632;0;43752;18733;0;19.3;8.3;0.0
43;2021-04-10;585;224;0;44337;18957;0;19.5;8.4;0.0
43;2021-04-11;47;6;0;44384;18963;0;19.6;8.4;0.0
43;2021-04-12;706;622;0;45090;19585;0;19.9;8.6;0.0
43;2021-04-13;914;727;0;46004;20312;0;20.3;9.0;0.0
43;2021-04-14;834;665;0;46838;20977;0;20.6;9.2;0.0
43;2021-04-15;1016;703;0;47854;21680;0;21.1;9.6;0.0
43;2021-04-16;1000;708;0;48854;22388;0;21.5;9.9;0.0
43;2021-04-17;423;293;0;49277;22681;0;21.7;10.0;0.0
43;2021-04-18;91;11;0;49368;22692;0;21.8;10.0;0.0
43;2021-04-19;678;562;0;50046;23254;0;22.1;10.2;0.0
43;2021-04-20;822;654;0;50868;23908;0;22.4;10.5;0.0
43;2021-04-21;410;913;0;51278;24821;0;22.6;10.9;0.0
43;2021-04-22;705;962;0;51983;25783;0;22.9;11.4;0.0
43;2021-04-23;513;1055;0;52496;26838;0;23.1;11.8;0.0
43;2021-04-24;390;914;0;52886;27752;0;23.3;12.2;0.0
43;2021-04-25;111;404;0;52997;28156;0;23.4;12.4;0.0
43;2021-04-26;482;918;0;53479;29074;0;23.6;12.8;0.0
43;2021-04-27;872;965;0;54351;30039;0;24.0;13.2;0.0
43;2021-04-28;908;1067;0;55259;31106;0;24.4;13.7;0.0
43;2021-04-29;1222;1062;0;56481;32168;0;24.9;14.2;0.0
43;2021-04-30;1188;1044;0;57669;33212;0;25.4;14.6;0.0
43;2021-05-01;450;52;0;58119;33264;0;25.6;14.7;0.0
43;2021-05-02;85;40;0;58204;33304;0;25.7;14.7;0.0
43;2021-05-03;1279;403;0;59483;33707;0;26.2;14.9;0.0
43;2021-05-04;1276;864;0;60759;34571;0;26.8;15.2;0.0
43;2021-05-05;1209;817;0;61968;35388;0;27.3;15.6;0.0
43;2021-05-06;1443;937;0;63411;36325;0;27.9;16.0;0.0
43;2021-05-07;1121;1151;0;64532;37476;0;28.4;16.5;0.0
43;2021-05-08;573;156;0;65105;37632;0;28.7;16.6;0.0
43;2021-05-09;58;72;0;65163;37704;0;28.7;16.6;0.0
43;2021-05-10;1118;733;0;66281;38437;0;29.2;16.9;0.0
43;2021-05-11;1643;1007;0;67924;39444;0;29.9;17.4;0.0
43;2021-05-12;1544;853;0;69468;40297;0;30.6;17.8;0.0
43;2021-05-13;989;395;0;70457;40692;0;31.1;17.9;0.0
43;2021-05-14;2122;1087;0;72579;41779;0;32.0;18.4;0.0
43;2021-05-15;1175;310;0;73754;42089;0;32.5;18.5;0.0
43;2021-05-16;348;70;0;74102;42159;0;32.7;18.6;0.0
43;2021-05-17;1704;657;0;75806;42816;0;33.4;18.9;0.0
43;2021-05-18;1947;709;0;77753;43525;0;34.3;19.2;0.0
43;2021-05-19;2043;609;0;79796;44134;0;35.2;19.5;0.0
43;2021-05-20;2295;811;0;82091;44945;0;36.2;19.8;0.0
43;2021-05-21;2352;726;0;84443;45671;0;37.2;20.1;0.0
43;2021-05-22;1064;331;0;85507;46002;0;37.7;20.3;0.0
43;2021-05-23;78;31;0;85585;46033;0;37.7;20.3;0.0
43;2021-05-24;441;146;0;86026;46179;0;37.9;20.4;0.0
43;2021-05-25;1368;691;0;87394;46870;0;38.5;20.7;0.0
43;2021-05-26;1366;610;0;88760;47480;0;39.1;20.9;0.0
43;2021-05-27;1387;752;0;90147;48232;0;39.7;21.3;0.0
43;2021-05-28;1368;810;0;91515;49042;0;40.3;21.6;0.0
43;2021-05-29;1105;607;0;92620;49649;0;40.8;21.9;0.0
43;2021-05-30;193;67;0;92813;49716;0;40.9;21.9;0.0
43;2021-05-31;1203;521;0;94016;50237;0;41.4;22.1;0.0
43;2021-06-01;1256;1001;0;95272;51238;0;42.0;22.6;0.0
43;2021-06-02;1099;759;0;96371;51997;0;42.5;22.9;0.0
43;2021-06-03;1243;851;0;97614;52848;0;43.0;23.3;0.0
43;2021-06-04;1378;913;0;98992;53761;0;43.6;23.7;0.0
43;2021-06-05;729;486;0;99721;54247;0;43.9;23.9;0.0
43;2021-06-06;44;53;0;99765;54300;0;44.0;23.9;0.0
43;2021-06-07;826;624;0;100591;54924;0;44.3;24.2;0.0
43;2021-06-08;716;762;0;101307;55686;0;44.6;24.5;0.0
43;2021-06-09;637;824;0;101944;56510;0;44.9;24.9;0.0
43;2021-06-10;875;1105;0;102819;57615;0;45.3;25.4;0.0
43;2021-06-11;833;1362;0;103652;58977;0;45.7;26.0;0.0
43;2021-06-12;821;518;0;104473;59495;0;46.0;26.2;0.0
43;2021-06-13;32;84;0;104505;59579;0;46.1;26.3;0.0
43;2021-06-14;477;1192;0;104982;60771;0;46.3;26.8;0.0
43;2021-06-15;629;1217;0;105611;61988;0;46.5;27.3;0.0
43;2021-06-16;593;1033;0;106204;63021;0;46.8;27.8;0.0
43;2021-06-17;633;1473;0;106837;64494;0;47.1;28.4;0.0
43;2021-06-18;881;1518;0;107718;66012;0;47.5;29.1;0.0
43;2021-06-19;437;808;0;108155;66820;0;47.7;29.4;0.0
43;2021-06-20;29;85;0;108184;66905;0;47.7;29.5;0.0
43;2021-06-21;447;1377;0;108631;68282;0;47.9;30.1;0.0
43;2021-06-22;511;1962;0;109142;70244;0;48.1;31.0;0.0
43;2021-06-23;397;1741;0;109539;71985;0;48.3;31.7;0.0
43;2021-06-24;516;1477;0;110055;73462;0;48.5;32.4;0.0
43;2021-06-25;582;2299;0;110637;75761;0;48.8;33.4;0.0
43;2021-06-26;483;1199;0;111120;76960;0;49.0;33.9;0.0
43;2021-06-27;57;143;0;111177;77103;0;49.0;34.0;0.0
43;2021-06-28;350;1869;0;111527;78972;0;49.2;34.8;0.0
43;2021-06-29;534;2326;0;112061;81298;0;49.4;35.8;0.0
43;2021-06-30;479;2211;0;112540;83509;0;49.6;36.8;0.0
43;2021-07-01;499;1840;0;113039;85349;0;49.8;37.6;0.0
43;2021-07-02;512;1939;0;113551;87288;0;50.0;38.5;0.0
43;2021-07-03;265;1052;0;113816;88340;0;50.2;38.9;0.0
43;2021-07-04;30;60;0;113846;88400;0;50.2;39.0;0.0
43;2021-07-05;531;1272;0;114377;89672;0;50.4;39.5;0.0
43;2021-07-06;617;1637;0;114994;91309;0;50.7;40.2;0.0
43;2021-07-07;577;1417;0;115571;92726;0;50.9;40.9;0.0
43;2021-07-08;779;1413;0;116350;94139;0;51.3;41.5;0.0
43;2021-07-09;586;1543;0;116936;95682;0;51.5;42.2;0.0
43;2021-07-10;359;1278;0;117295;96960;0;51.7;42.7;0.0
43;2021-07-11;54;167;0;117349;97127;0;51.7;42.8;0.0
43;2021-07-12;581;1730;0;117930;98857;0;52.0;43.6;0.0
43;2021-07-13;1171;1858;0;119101;100715;0;52.5;44.4;0.0
43;2021-07-14;951;254;0;120052;100969;0;52.9;44.5;0.0
43;2021-07-15;1797;1836;0;121849;102805;0;53.7;45.3;0.0
43;2021-07-16;1597;1618;0;123446;104423;0;54.4;46.0;0.0
43;2021-07-17;1358;1062;0;124804;105485;0;55.0;46.5;0.0
43;2021-07-18;82;92;0;124886;105577;0;55.0;46.5;0.0
43;2021-07-19;1374;1304;0;126260;106881;0;55.6;47.1;0.0
43;2021-07-20;1752;1397;0;128012;108278;0;56.4;47.7;0.0
43;2021-07-21;1767;1156;0;129779;109434;0;57.2;48.2;0.0
43;2021-07-22;1951;1298;0;131730;110732;0;58.1;48.8;0.0
43;2021-07-23;1528;1296;0;133258;112028;0;58.7;49.4;0.0
43;2021-07-24;580;913;0;133838;112941;0;59.0;49.8;0.0
43;2021-07-25;77;62;0;133915;113003;0;59.0;49.8;0.0
43;2021-07-26;1502;1055;0;135417;114058;0;59.7;50.3;0.0
43;2021-07-27;1967;1105;0;137384;115163;0;60.5;50.8;0.0
43;2021-07-28;1830;1053;0;139214;116216;0;61.4;51.2;0.0
43;2021-07-29;1830;997;0;141044;117213;0;62.2;51.7;0.0
43;2021-07-30;1724;1260;0;142768;118473;0;62.9;52.2;0.0
43;2021-07-31;707;560;0;143475;119033;0;63.2;52.5;0.0
43;2021-08-01;98;57;0;143573;119090;0;63.3;52.5;0.0
43;2021-08-02;1489;932;0;145062;120022;0;63.9;52.9;0.0
43;2021-08-03;1265;1081;0;146327;121103;0;64.5;53.4;0.0
43;2021-08-04;1189;1121;0;147516;122224;0;65.0;53.9;0.0
43;2021-08-05;1136;1239;0;148652;123463;0;65.5;54.4;0.0
43;2021-08-06;1098;1404;0;149750;124867;0;66.0;55.0;0.0
43;2021-08-07;492;721;0;150242;125588;0;66.2;55.3;0.0
43;2021-08-08;42;66;0;150284;125654;0;66.2;55.4;0.0
43;2021-08-09;793;1527;0;151077;127181;0;66.6;56.1;0.0
43;2021-08-10;955;1465;0;152032;128646;0;67.0;56.7;0.0
43;2021-08-11;698;1293;0;152730;129939;0;67.3;57.3;0.0
43;2021-08-12;820;1451;0;153550;131390;0;67.7;57.9;0.0
43;2021-08-13;675;1172;0;154225;132562;0;68.0;58.4;0.0
43;2021-08-14;326;554;0;154551;133116;0;68.1;58.7;0.0
43;2021-08-15;16;49;0;154567;133165;0;68.1;58.7;0.0
43;2021-08-16;668;1596;0;155235;134761;0;68.4;59.4;0.0
43;2021-08-17;654;1414;0;155889;136175;0;68.7;60.0;0.0
43;2021-08-18;536;1439;0;156425;137614;0;68.9;60.6;0.0
43;2021-08-19;602;1463;0;157027;139077;0;69.2;61.3;0.0
43;2021-08-20;522;1525;0;157549;140602;0;69.4;62.0;0.0
43;2021-08-21;212;514;0;157761;141116;0;69.5;62.2;0.0
43;2021-08-22;14;80;0;157775;141196;0;69.5;62.2;0.0
43;2021-08-23;490;1547;0;158265;142743;0;69.8;62.9;0.0
43;2021-08-24;498;1321;0;158763;144064;0;70.0;63.5;0.0
43;2021-08-25;473;1276;0;159236;145340;0;70.2;64.1;0.0
43;2021-08-26;451;1110;0;159687;146450;0;70.4;64.5;0.0
43;2021-08-27;539;1301;0;160226;147751;0;70.6;65.1;0.0
43;2021-08-28;182;492;0;160408;148243;0;70.7;65.3;0.0
43;2021-08-29;6;55;0;160414;148298;0;70.7;65.4;0.0
43;2021-08-30;490;1091;21;160904;149389;21;70.9;65.8;0.0
43;2021-08-31;383;871;52;161287;150260;73;71.1;66.2;0.0
43;2021-09-01;320;931;72;161607;151191;145;71.2;66.6;0.1
43;2021-09-02;352;844;102;161959;152035;247;71.4;67.0;0.1
43;2021-09-03;527;920;102;162486;152955;349;71.6;67.4;0.2
43;2021-09-04;306;496;22;162792;153451;371;71.7;67.6;0.2
43;2021-09-05;54;34;15;162846;153485;386;71.8;67.6;0.2
43;2021-09-06;257;674;80;163103;154159;466;71.9;67.9;0.2
43;2021-09-07;242;585;101;163345;154744;567;72.0;68.2;0.2
43;2021-09-08;252;554;94;163597;155298;661;72.1;68.4;0.3
43;2021-09-09;259;569;149;163856;155867;810;72.2;68.7;0.4
43;2021-09-10;333;617;106;164189;156484;916;72.4;69.0;0.4
43;2021-09-11;252;369;51;164441;156853;967;72.5;69.1;0.4
43;2021-09-12;3;16;0;164444;156869;967;72.5;69.1;0.4
43;2021-09-13;169;387;158;164613;157256;1125;72.5;69.3;0.5
43;2021-09-14;219;353;298;164832;157609;1423;72.6;69.5;0.6
43;2021-09-15;240;502;251;165072;158111;1674;72.8;69.7;0.7
43;2021-09-16;183;329;282;165255;158440;1956;72.8;69.8;0.9
43;2021-09-17;229;527;351;165484;158967;2307;72.9;70.1;1.0
43;2021-09-18;149;337;68;165633;159304;2375;73.0;70.2;1.0
43;2021-09-19;6;9;1;165639;159313;2376;73.0;70.2;1.0
43;2021-09-20;116;323;264;165755;159636;2640;73.1;70.4;1.2
43;2021-09-21;147;328;462;165902;159964;3102;73.1;70.5;1.4
43;2021-09-22;133;423;261;166035;160387;3363;73.2;70.7;1.5
43;2021-09-23;82;298;269;166117;160685;3632;73.2;70.8;1.6
43;2021-09-24;182;525;204;166299;161210;3836;73.3;71.0;1.7
43;2021-09-25;101;292;65;166400;161502;3901;73.3;71.2;1.7
43;2021-09-26;2;19;0;166402;161521;3901;73.3;71.2;1.7
43;2021-09-27;139;338;323;166541;161859;4224;73.4;71.3;1.9
43;2021-09-28;352;200;251;166893;162059;4475;73.6;71.4;2.0
43;2021-09-29;155;292;132;167048;162351;4607;73.6;71.6;2.0
43;2021-09-30;88;187;284;167136;162538;4891;73.7;71.6;2.2
43;2021-10-01;142;322;248;167278;162860;5139;73.7;71.8;2.3
43;2021-10-02;101;234;58;167379;163094;5197;73.8;71.9;2.3
43;2021-10-03;8;18;0;167387;163112;5197;73.8;71.9;2.3
43;2021-10-04;118;204;280;167505;163316;5477;73.8;72.0;2.4
43;2021-10-05;122;181;337;167627;163497;5814;73.9;72.1;2.6
43;2021-10-06;129;258;249;167756;163755;6063;73.9;72.2;2.7
43;2021-10-07;71;140;281;167827;163895;6344;74.0;72.2;2.8
43;2021-10-08;177;319;311;168004;164214;6655;74.0;72.4;2.9
43;2021-10-09;104;202;109;168108;164416;6764;74.1;72.5;3.0
43;2021-10-10;6;7;3;168114;164423;6767;74.1;72.5;3.0
43;2021-10-11;113;154;325;168227;164577;7092;74.1;72.5;3.1
43;2021-10-12;108;180;323;168335;164757;7415;74.2;72.6;3.3
43;2021-10-13;110;121;187;168445;164878;7602;74.2;72.7;3.4
43;2021-10-14;99;152;270;168544;165030;7872;74.3;72.7;3.5
43;2021-10-15;168;204;543;168712;165234;8415;74.4;72.8;3.7
43;2021-10-16;101;135;109;168813;165369;8524;74.4;72.9;3.8
43;2021-10-17;2;7;1;168815;165376;8525;74.4;72.9;3.8
43;2021-10-18;102;161;351;168917;165537;8876;74.4;73.0;3.9
43;2021-10-19;72;331;428;168989;165868;9304;74.5;73.1;4.1
43;2021-10-20;59;160;260;169048;166028;9564;74.5;73.2;4.2
43;2021-10-21;46;105;367;169094;166133;9931;74.5;73.2;4.4
43;2021-10-22;61;132;478;169155;166265;10409;74.6;73.3;4.6
43;2021-10-23;34;110;148;169189;166375;10557;74.6;73.3;4.7
43;2021-10-24;2;4;0;169191;166379;10557;74.6;73.3;4.7
43;2021-10-25;42;90;529;169233;166469;11086;74.6;73.4;4.9
43;2021-10-26;71;107;665;169304;166576;11751;74.6;73.4;5.2
43;2021-10-27;55;112;535;169359;166688;12286;74.6;73.5;5.4
43;2021-10-28;35;65;321;169394;166753;12607;74.7;73.5;5.6
43;2021-10-29;96;173;657;169490;166926;13264;74.7;73.6;5.8
43;2021-10-30;35;97;157;169525;167023;13421;74.7;73.6;5.9
43;2021-10-31;0;4;1;169525;167027;13422;74.7;73.6;5.9
43;2021-11-01;1;2;5;169526;167029;13427;74.7;73.6;5.9
43;2021-11-02;78;133;585;169604;167162;14012;74.7;73.7;6.2
43;2021-11-03;65;141;506;169669;167303;14518;74.8;73.7;6.4
43;2021-11-04;50;80;543;169719;167383;15061;74.8;73.8;6.6
43;2021-11-05;63;109;641;169782;167492;15702;74.8;73.8;6.9
43;2021-11-06;34;80;226;169816;167572;15928;74.8;73.9;7.0
43;2021-11-07;1;2;1;169817;167574;15929;74.8;73.9;7.0
43;2021-11-08;44;122;635;169861;167696;16564;74.9;73.9;7.3
43;2021-11-09;64;72;910;169925;167768;17474;74.9;73.9;7.7
43;2021-11-10;70;92;647;169995;167860;18121;74.9;74.0;8.0
43;2021-11-11;0;2;3;169995;167862;18124;74.9;74.0;8.0
43;2021-11-12;63;93;1025;170058;167955;19149;74.9;74.0;8.4
43;2021-11-13;20;28;322;170078;167983;19471;75.0;74.0;8.6
43;2021-11-14;1;12;14;170079;167995;19485;75.0;74.0;8.6
43;2021-11-15;36;42;714;170115;168037;20199;75.0;74.1;8.9
43;2021-11-16;80;82;1179;170195;168119;21378;75.0;74.1;9.4
43;2021-11-17;69;66;761;170264;168185;22139;75.0;74.1;9.8
43;2021-11-18;38;38;751;170302;168223;22890;75.1;74.1;10.1
43;2021-11-19;67;81;988;170369;168304;23878;75.1;74.2;10.5
43;2021-11-20;45;50;281;170414;168354;24159;75.1;74.2;10.6
43;2021-11-21;2;1;20;170416;168355;24179;75.1;74.2;10.7
43;2021-11-22;60;35;820;170476;168390;24999;75.1;74.2;11.0
43;2021-11-23;65;48;1134;170541;168438;26133;75.2;74.2;11.5
43;2021-11-24;73;78;772;170614;168516;26905;75.2;74.3;11.9
43;2021-11-25;54;44;1117;170668;168560;28022;75.2;74.3;12.3
43;2021-11-26;86;65;1489;170754;168625;29511;75.3;74.3;13.0
43;2021-11-27;48;47;731;170802;168672;30242;75.3;74.3;13.3
43;2021-11-28;3;1;29;170805;168673;30271;75.3;74.3;13.3
43;2021-11-29;47;47;1449;170852;168720;31720;75.3;74.4;14.0
43;2021-11-30;67;62;2101;170919;168782;33821;75.3;74.4;14.9
43;2021-12-01;45;61;1846;170964;168843;35667;75.3;74.4;15.7
43;2021-12-02;44;38;2172;171008;168881;37839;75.4;74.4;16.7
43;2021-12-03;69;67;2115;171077;168948;39954;75.4;74.5;17.6
43;2021-12-04;51;39;1506;171128;168987;41460;75.4;74.5;18.3
43;2021-12-05;3;0;27;171131;168987;41487;75.4;74.5;18.3
43;2021-12-06;41;44;2154;171172;169031;43641;75.4;74.5;19.2
43;2021-12-07;62;50;2406;171234;169081;46047;75.5;74.5;20.3
43;2021-12-08;56;56;1928;171290;169137;47975;75.5;74.5;21.1
43;2021-12-09;73;66;2532;171363;169203;50507;75.5;74.6;22.3
43;2021-12-10;47;71;2395;171410;169274;52902;75.5;74.6;23.3
43;2021-12-11;38;63;1159;171448;169337;54061;75.6;74.6;23.8
43;2021-12-12;2;6;61;171450;169343;54122;75.6;74.6;23.9
43;2021-12-13;47;66;2337;171497;169409;56459;75.6;74.7;24.9
43;2021-12-14;67;73;2999;171564;169482;59458;75.6;74.7;26.2
43;2021-12-15;32;72;2284;171596;169554;61742;75.6;74.7;27.2
44;2020-12-27;2;0;0;2;0;0;0.0;0.0;0.0
44;2020-12-28;4;1;0;6;1;0;0.0;0.0;0.0
44;2020-12-29;1;0;0;7;1;0;0.0;0.0;0.0
44;2020-12-30;1;0;0;8;1;0;0.0;0.0;0.0
44;2020-12-31;0;0;0;8;1;0;0.0;0.0;0.0
44;2021-01-01;2;1;0;10;2;0;0.0;0.0;0.0
44;2021-01-02;0;0;0;10;2;0;0.0;0.0;0.0
44;2021-01-03;3;0;0;13;2;0;0.0;0.0;0.0
44;2021-01-04;4;0;0;17;2;0;0.0;0.0;0.0
44;2021-01-05;5;0;0;22;2;0;0.0;0.0;0.0
44;2021-01-06;32;1;0;54;3;0;0.0;0.0;0.0
44;2021-01-07;204;0;0;258;3;0;0.0;0.0;0.0
44;2021-01-08;550;0;0;808;3;0;0.1;0.0;0.0
44;2021-01-09;475;0;0;1283;3;0;0.1;0.0;0.0
44;2021-01-10;443;1;0;1726;4;0;0.1;0.0;0.0
44;2021-01-11;811;1;0;2537;5;0;0.2;0.0;0.0
44;2021-01-12;957;1;0;3494;6;0;0.2;0.0;0.0
44;2021-01-13;1074;2;0;4568;8;0;0.3;0.0;0.0
44;2021-01-14;1145;9;0;5713;17;0;0.4;0.0;0.0
44;2021-01-15;1051;5;0;6764;22;0;0.5;0.0;0.0
44;2021-01-16;341;3;0;7105;25;0;0.5;0.0;0.0
44;2021-01-17;307;2;0;7412;27;0;0.5;0.0;0.0
44;2021-01-18;831;4;0;8243;31;0;0.6;0.0;0.0
44;2021-01-19;2613;12;0;10856;43;0;0.8;0.0;0.0
44;2021-01-20;2689;6;0;13545;49;0;0.9;0.0;0.0
44;2021-01-21;4564;12;0;18109;61;0;1.3;0.0;0.0
44;2021-01-22;2480;10;0;20589;71;0;1.4;0.0;0.0
44;2021-01-23;768;0;0;21357;71;0;1.5;0.0;0.0
44;2021-01-24;122;0;0;21479;71;0;1.5;0.0;0.0
44;2021-01-25;858;9;0;22337;80;0;1.6;0.0;0.0
44;2021-01-26;2481;22;0;24818;102;0;1.7;0.0;0.0
44;2021-01-27;2078;69;0;26896;171;0;1.9;0.0;0.0
44;2021-01-28;3605;201;0;30501;372;0;2.1;0.0;0.0
44;2021-01-29;2303;486;0;32804;858;0;2.3;0.1;0.0
44;2021-01-30;623;205;0;33427;1063;0;2.3;0.1;0.0
44;2021-01-31;19;204;0;33446;1267;0;2.3;0.1;0.0
44;2021-02-01;560;543;0;34006;1810;0;2.4;0.1;0.0
44;2021-02-02;888;771;0;34894;2581;0;2.4;0.2;0.0
44;2021-02-03;911;877;0;35805;3458;0;2.5;0.2;0.0
44;2021-02-04;981;744;0;36786;4202;0;2.6;0.3;0.0
44;2021-02-05;913;677;0;37699;4879;0;2.6;0.3;0.0
44;2021-02-06;472;272;0;38171;5151;0;2.7;0.4;0.0
44;2021-02-07;65;194;0;38236;5345;0;2.7;0.4;0.0
44;2021-02-08;540;485;0;38776;5830;0;2.7;0.4;0.0
44;2021-02-09;1000;1276;0;39776;7106;0;2.8;0.5;0.0
44;2021-02-10;1171;1264;0;40947;8370;0;2.8;0.6;0.0
44;2021-02-11;2301;3168;0;43248;11538;0;3.0;0.8;0.0
44;2021-02-12;1680;1769;0;44928;13307;0;3.1;0.9;0.0
44;2021-02-13;447;520;0;45375;13827;0;3.2;1.0;0.0
44;2021-02-14;12;178;0;45387;14005;0;3.2;1.0;0.0
44;2021-02-15;484;1097;0;45871;15102;0;3.2;1.1;0.0
44;2021-02-16;1432;2545;0;47303;17647;0;3.3;1.2;0.0
44;2021-02-17;1137;2148;0;48440;19795;0;3.4;1.4;0.0
44;2021-02-18;1983;3652;0;50423;23447;0;3.5;1.6;0.0
44;2021-02-19;1589;2449;0;52012;25896;0;3.6;1.8;0.0
44;2021-02-20;395;631;0;52407;26527;0;3.6;1.8;0.0
44;2021-02-21;7;181;0;52414;26708;0;3.6;1.9;0.0
44;2021-02-22;740;822;0;53154;27530;0;3.7;1.9;0.0
44;2021-02-23;1183;1126;0;54337;28656;0;3.8;2.0;0.0
44;2021-02-24;1245;1055;0;55582;29711;0;3.9;2.1;0.0
44;2021-02-25;2481;1107;0;58063;30818;0;4.0;2.1;0.0
44;2021-02-26;2331;998;0;60394;31816;0;4.2;2.2;0.0
44;2021-02-27;954;431;0;61348;32247;0;4.3;2.2;0.0
44;2021-02-28;6;34;0;61354;32281;0;4.3;2.2;0.0
44;2021-03-01;1001;553;0;62355;32834;0;4.3;2.3;0.0
44;2021-03-02;1794;1088;0;64149;33922;0;4.5;2.4;0.0
44;2021-03-03;1877;1154;0;66026;35076;0;4.6;2.4;0.0
44;2021-03-04;2890;1622;0;68916;36698;0;4.8;2.6;0.0
44;2021-03-05;3506;1312;0;72422;38010;0;5.0;2.6;0.0
44;2021-03-06;2496;484;0;74918;38494;0;5.2;2.7;0.0
44;2021-03-07;989;91;0;75907;38585;0;5.3;2.7;0.0
44;2021-03-08;1825;642;0;77732;39227;0;5.4;2.7;0.0
44;2021-03-09;3394;1155;0;81126;40382;0;5.6;2.8;0.0
44;2021-03-10;3095;1146;0;84221;41528;0;5.9;2.9;0.0
44;2021-03-11;4445;1784;0;88666;43312;0;6.2;3.0;0.0
44;2021-03-12;6006;1344;0;94672;44656;0;6.6;3.1;0.0
44;2021-03-13;3581;314;0;98253;44970;0;6.8;3.1;0.0
44;2021-03-14;435;56;0;98688;45026;0;6.9;3.1;0.0
44;2021-03-15;2657;415;0;101345;45441;0;7.1;3.2;0.0
44;2021-03-16;2194;662;0;103539;46103;0;7.2;3.2;0.0
44;2021-03-17;2069;691;0;105608;46794;0;7.3;3.3;0.0
44;2021-03-18;2290;659;0;107898;47453;0;7.5;3.3;0.0
44;2021-03-19;3812;415;0;111710;47868;0;7.8;3.3;0.0
44;2021-03-20;3192;312;0;114902;48180;0;8.0;3.4;0.0
44;2021-03-21;898;23;0;115800;48203;0;8.1;3.4;0.0
44;2021-03-22;2473;497;0;118273;48700;0;8.2;3.4;0.0
44;2021-03-23;3987;695;0;122260;49395;0;8.5;3.4;0.0
44;2021-03-24;4381;663;0;126641;50058;0;8.8;3.5;0.0
44;2021-03-25;5683;958;0;132324;51016;0;9.2;3.5;0.0
44;2021-03-26;6607;762;0;138931;51778;0;9.7;3.6;0.0
44;2021-03-27;3213;442;0;142144;52220;0;9.9;3.6;0.0
44;2021-03-28;1211;46;0;143355;52266;0;10.0;3.6;0.0
44;2021-03-29;3233;840;0;146588;53106;0;10.2;3.7;0.0
44;2021-03-30;5206;1161;0;151794;54267;0;10.6;3.8;0.0
44;2021-03-31;4664;1354;0;156458;55621;0;10.9;3.9;0.0
44;2021-04-01;6288;1045;0;162746;56666;0;11.3;3.9;0.0
44;2021-04-02;5847;1018;0;168593;57684;0;11.7;4.0;0.0
44;2021-04-03;2403;650;0;170996;58334;0;11.9;4.1;0.0
44;2021-04-04;663;22;0;171659;58356;0;11.9;4.1;0.0
44;2021-04-05;675;288;0;172334;58644;0;12.0;4.1;0.0
44;2021-04-06;4323;1451;0;176657;60095;0;12.3;4.2;0.0
44;2021-04-07;5286;1686;0;181943;61781;0;12.7;4.3;0.0
44;2021-04-08;7265;1742;0;189208;63523;0;13.2;4.4;0.0
44;2021-04-09;10176;1897;0;199384;65420;0;13.9;4.6;0.0
44;2021-04-10;4615;1435;0;203999;66855;0;14.2;4.7;0.0
44;2021-04-11;2091;422;0;206090;67277;0;14.3;4.7;0.0
44;2021-04-12;5636;1743;0;211726;69020;0;14.7;4.8;0.0
44;2021-04-13;6897;2337;0;218623;71357;0;15.2;5.0;0.0
44;2021-04-14;6070;2304;0;224693;73661;0;15.6;5.1;0.0
44;2021-04-15;7046;2241;0;231739;75902;0;16.1;5.3;0.0
44;2021-04-16;8019;2122;0;239758;78024;0;16.7;5.4;0.0
44;2021-04-17;4334;1399;0;244092;79423;0;17.0;5.5;0.0
44;2021-04-18;2197;798;0;246289;80221;0;17.1;5.6;0.0
44;2021-04-19;5065;2010;0;251354;82231;0;17.5;5.7;0.0
44;2021-04-20;6269;2689;0;257623;84920;0;17.9;5.9;0.0
44;2021-04-21;6084;2855;0;263707;87775;0;18.3;6.1;0.0
44;2021-04-22;7014;2597;0;270721;90372;0;18.8;6.3;0.0
44;2021-04-23;7332;3244;0;278053;93616;0;19.3;6.5;0.0
44;2021-04-24;4003;2039;0;282056;95655;0;19.6;6.7;0.0
44;2021-04-25;2027;1036;0;284083;96691;0;19.8;6.7;0.0
44;2021-04-26;5657;2861;0;289740;99552;0;20.2;6.9;0.0
44;2021-04-27;7481;4220;0;297221;103772;0;20.7;7.2;0.0
44;2021-04-28;7673;3780;0;304894;107552;0;21.2;7.5;0.0
44;2021-04-29;9063;4369;0;313957;111921;0;21.8;7.8;0.0
44;2021-04-30;9564;4732;0;323521;116653;0;22.5;8.1;0.0
44;2021-05-01;2968;888;0;326489;117541;0;22.7;8.2;0.0
44;2021-05-02;1970;611;0;328459;118152;0;22.9;8.2;0.0
44;2021-05-03;5551;4221;0;334010;122373;0;23.2;8.5;0.0
44;2021-05-04;6325;5317;0;340335;127690;0;23.7;8.9;0.0
44;2021-05-05;6026;4774;0;346361;132464;0;24.1;9.2;0.0
44;2021-05-06;7416;5069;0;353777;137533;0;24.6;9.6;0.0
44;2021-05-07;7397;5957;0;361174;143490;0;25.1;10.0;0.0
44;2021-05-08;2684;1284;0;363858;144774;0;25.3;10.1;0.0
44;2021-05-09;1888;1792;0;365746;146566;0;25.4;10.2;0.0
44;2021-05-10;6348;6014;0;372094;152580;0;25.9;10.6;0.0
44;2021-05-11;7605;6490;0;379699;159070;0;26.4;11.1;0.0
44;2021-05-12;8121;5959;0;387820;165029;0;27.0;11.5;0.0
44;2021-05-13;5769;1215;0;393589;166244;0;27.4;11.6;0.0
44;2021-05-14;7742;4143;0;401331;170387;0;27.9;11.9;0.0
44;2021-05-15;5049;2245;0;406380;172632;0;28.3;12.0;0.0
44;2021-05-16;3061;769;0;409441;173401;0;28.5;12.1;0.0
44;2021-05-17;6849;5251;0;416290;178652;0;29.0;12.4;0.0
44;2021-05-18;8217;5295;0;424507;183947;0;29.5;12.8;0.0
44;2021-05-19;8613;4398;0;433120;188345;0;30.1;13.1;0.0
44;2021-05-20;8977;4701;0;442097;193046;0;30.8;13.4;0.0
44;2021-05-21;9278;5269;0;451375;198315;0;31.4;13.8;0.0
44;2021-05-22;5567;2289;0;456942;200604;0;31.8;14.0;0.0
44;2021-05-23;2159;850;0;459101;201454;0;31.9;14.0;0.0
44;2021-05-24;5494;1639;0;464595;203093;0;32.3;14.1;0.0
44;2021-05-25;8254;5587;0;472849;208680;0;32.9;14.5;0.0
44;2021-05-26;8641;5141;0;481490;213821;0;33.5;14.9;0.0
44;2021-05-27;10204;5353;0;491694;219174;0;34.2;15.3;0.0
44;2021-05-28;9644;6894;0;501338;226068;0;34.9;15.7;0.0
44;2021-05-29;6430;3318;0;507768;229386;0;35.3;16.0;0.0
44;2021-05-30;2279;724;0;510047;230110;0;35.5;16.0;0.0
44;2021-05-31;8522;6124;0;518569;236234;0;36.1;16.4;0.0
44;2021-06-01;10502;6563;0;529071;242797;0;36.8;16.9;0.0
44;2021-06-02;10067;5652;0;539138;248449;0;37.5;17.3;0.0
44;2021-06-03;11344;5869;0;550482;254318;0;38.3;17.7;0.0
44;2021-06-04;10550;8137;0;561032;262455;0;39.0;18.3;0.0
44;2021-06-05;6407;4351;0;567439;266806;0;39.5;18.6;0.0
44;2021-06-06;2699;1108;0;570138;267914;0;39.7;18.6;0.0
44;2021-06-07;9484;6990;0;579622;274904;0;40.3;19.1;0.0
44;2021-06-08;11140;7618;0;590762;282522;0;41.1;19.7;0.0
44;2021-06-09;10768;6521;0;601530;289043;0;41.9;20.1;0.0
44;2021-06-10;11578;6072;0;613108;295115;0;42.7;20.5;0.0
44;2021-06-11;11839;8718;0;624947;303833;0;43.5;21.1;0.0
44;2021-06-12;7838;4057;0;632785;307890;0;44.0;21.4;0.0
44;2021-06-13;3356;1063;0;636141;308953;0;44.3;21.5;0.0
44;2021-06-14;8459;8414;0;644600;317367;0;44.9;22.1;0.0
44;2021-06-15;10959;8319;0;655559;325686;0;45.6;22.7;0.0
44;2021-06-16;10720;7647;0;666279;333333;0;46.4;23.2;0.0
44;2021-06-17;11517;8669;0;677796;342002;0;47.2;23.8;0.0
44;2021-06-18;10499;10019;1;688295;352021;1;47.9;24.5;0.0
44;2021-06-19;5921;4289;0;694216;356310;1;48.3;24.8;0.0
44;2021-06-20;2601;1362;0;696817;357672;1;48.5;24.9;0.0
44;2021-06-21;7028;9897;0;703845;367569;1;49.0;25.6;0.0
44;2021-06-22;8124;10578;0;711969;378147;1;49.5;26.3;0.0
44;2021-06-23;8249;9148;0;720218;387295;1;50.1;26.9;0.0
44;2021-06-24;8955;8642;0;729173;395937;1;50.7;27.6;0.0
44;2021-06-25;7274;10835;0;736447;406772;1;51.2;28.3;0.0
44;2021-06-26;2949;6470;0;739396;413242;1;51.4;28.8;0.0
44;2021-06-27;935;2515;0;740331;415757;1;51.5;28.9;0.0
44;2021-06-28;4960;10173;0;745291;425930;1;51.9;29.6;0.0
44;2021-06-29;5980;12155;0;751271;438085;1;52.3;30.5;0.0
44;2021-06-30;5876;10676;1;757147;448761;2;52.7;31.2;0.0
44;2021-07-01;6592;10709;0;763739;459470;2;53.1;32.0;0.0
44;2021-07-02;6057;12764;2;769796;472234;4;53.6;32.9;0.0
44;2021-07-03;2566;7066;1;772362;479300;5;53.7;33.4;0.0
44;2021-07-04;1068;2329;0;773430;481629;5;53.8;33.5;0.0
44;2021-07-05;4793;11944;2;778223;493573;7;54.2;34.3;0.0
44;2021-07-06;5395;12776;1;783618;506349;8;54.5;35.2;0.0
44;2021-07-07;5966;11249;2;789584;517598;10;54.9;36.0;0.0
44;2021-07-08;6769;12013;1;796353;529611;11;55.4;36.9;0.0
44;2021-07-09;5625;14297;1;801978;543908;12;55.8;37.8;0.0
44;2021-07-10;2274;7183;0;804252;551091;12;56.0;38.3;0.0
44;2021-07-11;869;2650;0;805121;553741;12;56.0;38.5;0.0
44;2021-07-12;3971;14089;0;809092;567830;12;56.3;39.5;0.0
44;2021-07-13;5459;14862;2;814551;582692;14;56.7;40.5;0.0
44;2021-07-14;3639;6122;0;818190;588814;14;56.9;41.0;0.0
44;2021-07-15;6946;14360;0;825136;603174;14;57.4;42.0;0.0
44;2021-07-16;7860;14920;1;832996;618094;15;58.0;43.0;0.0
44;2021-07-17;3287;7755;1;836283;625849;16;58.2;43.5;0.0
44;2021-07-18;2000;2883;0;838283;628732;16;58.3;43.7;0.0
44;2021-07-19;4829;14648;0;843112;643380;16;58.7;44.8;0.0
44;2021-07-20;6369;15617;0;849481;658997;16;59.1;45.9;0.0
44;2021-07-21;6284;14072;1;855765;673069;17;59.5;46.8;0.0
44;2021-07-22;7254;13636;0;863019;686705;17;60.1;47.8;0.0
44;2021-07-23;6632;15418;0;869651;702123;17;60.5;48.9;0.0
44;2021-07-24;3188;8569;0;872839;710692;17;60.7;49.5;0.0
44;2021-07-25;1122;3125;0;873961;713817;17;60.8;49.7;0.0
44;2021-07-26;6719;12521;1;880680;726338;18;61.3;50.5;0.0
44;2021-07-27;10278;12014;2;890958;738352;20;62.0;51.4;0.0
44;2021-07-28;9789;10625;0;900747;748977;20;62.7;52.1;0.0
44;2021-07-29;10913;10652;0;911660;759629;20;63.4;52.9;0.0
44;2021-07-30;9786;10708;1;921446;770337;21;64.1;53.6;0.0
44;2021-07-31;5139;5386;0;926585;775723;21;64.5;54.0;0.0
44;2021-08-01;2696;1453;0;929281;777176;21;64.7;54.1;0.0
44;2021-08-02;7168;9190;0;936449;786366;21;65.2;54.7;0.0
44;2021-08-03;9231;8134;0;945680;794500;21;65.8;55.3;0.0
44;2021-08-04;9793;6775;0;955473;801275;21;66.5;55.8;0.0
44;2021-08-05;11776;7211;0;967249;808486;21;67.3;56.3;0.0
44;2021-08-06;10169;7965;0;977418;816451;21;68.0;56.8;0.0
44;2021-08-07;4741;3683;0;982159;820134;21;68.3;57.1;0.0
44;2021-08-08;2590;1516;0;984749;821650;21;68.5;57.2;0.0
44;2021-08-09;8452;7345;2;993201;828995;23;69.1;57.7;0.0
44;2021-08-10;9771;7077;0;1002972;836072;23;69.8;58.2;0.0
44;2021-08-11;9685;6244;1;1012657;842316;24;70.5;58.6;0.0
44;2021-08-12;9597;6713;0;1022254;849029;24;71.1;59.1;0.0
44;2021-08-13;7844;5956;1;1030098;854985;25;71.7;59.5;0.0
44;2021-08-14;2938;3058;0;1033036;858043;25;71.9;59.7;0.0
44;2021-08-15;830;953;0;1033866;858996;25;71.9;59.8;0.0
44;2021-08-16;5293;7881;0;1039159;866877;25;72.3;60.3;0.0
44;2021-08-17;5364;8150;2;1044523;875027;27;72.7;60.9;0.0
44;2021-08-18;4725;7566;0;1049248;882593;27;73.0;61.4;0.0
44;2021-08-19;4653;8194;0;1053901;890787;27;73.3;62.0;0.0
44;2021-08-20;4285;8871;0;1058186;899658;27;73.6;62.6;0.0
44;2021-08-21;1862;4621;0;1060048;904279;27;73.8;62.9;0.0
44;2021-08-22;804;2538;0;1060852;906817;27;73.8;63.1;0.0
44;2021-08-23;3426;9304;0;1064278;916121;27;74.1;63.7;0.0
44;2021-08-24;3398;8777;0;1067676;924898;27;74.3;64.4;0.0
44;2021-08-25;2970;8533;0;1070646;933431;27;74.5;65.0;0.0
44;2021-08-26;2689;10002;2;1073335;943433;29;74.7;65.6;0.0
44;2021-08-27;2903;10471;1;1076238;953904;30;74.9;66.4;0.0
44;2021-08-28;1329;5712;0;1077567;959616;30;75.0;66.8;0.0
44;2021-08-29;519;2765;0;1078086;962381;30;75.0;67.0;0.0
44;2021-08-30;2385;10398;93;1080471;972779;123;75.2;67.7;0.0
44;2021-08-31;2602;10477;243;1083073;983256;366;75.4;68.4;0.0
44;2021-09-01;2551;8997;417;1085624;992253;783;75.5;69.0;0.1
44;2021-09-02;2175;7643;480;1087799;999896;1263;75.7;69.6;0.1
44;2021-09-03;1996;8990;500;1089795;1008886;1763;75.8;70.2;0.1
44;2021-09-04;1317;5467;194;1091112;1014353;1957;75.9;70.6;0.1
44;2021-09-05;455;1255;130;1091567;1015608;2087;76.0;70.7;0.1
44;2021-09-06;1484;5487;583;1093051;1021095;2670;76.1;71.1;0.2
44;2021-09-07;1386;4793;575;1094437;1025888;3245;76.2;71.4;0.2
44;2021-09-08;1734;5646;484;1096171;1031534;3729;76.3;71.8;0.3
44;2021-09-09;1359;4124;662;1097530;1035658;4391;76.4;72.1;0.3
44;2021-09-10;1754;5556;688;1099284;1041214;5079;76.5;72.5;0.4
44;2021-09-11;1004;3744;224;1100288;1044958;5303;76.6;72.7;0.4
44;2021-09-12;210;862;36;1100498;1045820;5339;76.6;72.8;0.4
44;2021-09-13;1096;3288;899;1101594;1049108;6238;76.7;73.0;0.4
44;2021-09-14;1060;3046;1330;1102654;1052154;7568;76.7;73.2;0.5
44;2021-09-15;1385;4272;1022;1104039;1056426;8590;76.8;73.5;0.6
44;2021-09-16;930;2227;1172;1104969;1058653;9762;76.9;73.7;0.7
44;2021-09-17;1158;3720;1199;1106127;1062373;10961;77.0;73.9;0.8
44;2021-09-18;674;2958;202;1106801;1065331;11163;77.0;74.1;0.8
44;2021-09-19;175;688;53;1106976;1066019;11216;77.0;74.2;0.8
44;2021-09-20;832;2030;1139;1107808;1068049;12355;77.1;74.3;0.9
44;2021-09-21;716;1799;1081;1108524;1069848;13436;77.1;74.4;0.9
44;2021-09-22;884;3288;933;1109408;1073136;14369;77.2;74.7;1.0
44;2021-09-23;798;1835;1442;1110206;1074971;15811;77.3;74.8;1.1
44;2021-09-24;1003;2820;1154;1111209;1077791;16965;77.3;75.0;1.2
44;2021-09-25;462;2158;256;1111671;1079949;17221;77.4;75.1;1.2
44;2021-09-26;165;472;54;1111836;1080421;17275;77.4;75.2;1.2
44;2021-09-27;720;1661;1045;1112556;1082082;18320;77.4;75.3;1.3
44;2021-09-28;587;1508;1412;1113143;1083590;19732;77.5;75.4;1.4
44;2021-09-29;919;2385;1182;1114062;1085975;20914;77.5;75.6;1.5
44;2021-09-30;665;1427;1614;1114727;1087402;22528;77.6;75.7;1.6
44;2021-10-01;892;2070;1343;1115619;1089472;23871;77.6;75.8;1.7
44;2021-10-02;460;1220;241;1116079;1090692;24112;77.7;75.9;1.7
44;2021-10-03;184;323;58;1116263;1091015;24170;77.7;75.9;1.7
44;2021-10-04;488;882;558;1116751;1091897;24728;77.7;76.0;1.7
44;2021-10-05;469;909;1037;1117220;1092806;25765;77.7;76.0;1.8
44;2021-10-06;691;1470;940;1117911;1094276;26705;77.8;76.1;1.9
44;2021-10-07;524;1012;1322;1118435;1095288;28027;77.8;76.2;2.0
44;2021-10-08;796;1461;1255;1119231;1096749;29282;77.9;76.3;2.0
44;2021-10-09;352;842;338;1119583;1097591;29620;77.9;76.4;2.1
44;2021-10-10;98;188;124;1119681;1097779;29744;77.9;76.4;2.1
44;2021-10-11;494;960;1182;1120175;1098739;30926;77.9;76.5;2.2
44;2021-10-12;441;795;1325;1120616;1099534;32251;78.0;76.5;2.2
44;2021-10-13;598;1050;1065;1121214;1100584;33316;78.0;76.6;2.3
44;2021-10-14;535;893;1372;1121749;1101477;34688;78.1;76.6;2.4
44;2021-10-15;668;1227;1556;1122417;1102704;36244;78.1;76.7;2.5
44;2021-10-16;311;588;301;1122728;1103292;36545;78.1;76.8;2.5
44;2021-10-17;81;163;82;1122809;1103455;36627;78.1;76.8;2.5
44;2021-10-18;559;743;1357;1123368;1104198;37984;78.2;76.8;2.6
44;2021-10-19;217;638;1582;1123585;1104836;39566;78.2;76.9;2.8
44;2021-10-20;325;959;1709;1123910;1105795;41275;78.2;76.9;2.9
44;2021-10-21;209;646;1372;1124119;1106441;42647;78.2;77.0;3.0
44;2021-10-22;255;975;1862;1124374;1107416;44509;78.2;77.1;3.1
44;2021-10-23;123;475;451;1124497;1107891;44960;78.2;77.1;3.1
44;2021-10-24;32;183;111;1124529;1108074;45071;78.2;77.1;3.1
44;2021-10-25;238;526;1518;1124767;1108600;46589;78.3;77.1;3.2
44;2021-10-26;181;418;1488;1124948;1109018;48077;78.3;77.2;3.3
44;2021-10-27;268;598;1897;1125216;1109616;49974;78.3;77.2;3.5
44;2021-10-28;200;454;1883;1125416;1110070;51857;78.3;77.2;3.6
44;2021-10-29;259;705;2415;1125675;1110775;54272;78.3;77.3;3.8
44;2021-10-30;77;292;564;1125752;1111067;54836;78.3;77.3;3.8
44;2021-10-31;31;118;174;1125783;1111185;55010;78.3;77.3;3.8
44;2021-11-01;19;32;17;1125802;1111217;55027;78.3;77.3;3.8
44;2021-11-02;192;411;1588;1125994;1111628;56615;78.3;77.4;3.9
44;2021-11-03;208;535;1858;1126202;1112163;58473;78.4;77.4;4.1
44;2021-11-04;214;448;2168;1126416;1112611;60641;78.4;77.4;4.2
44;2021-11-05;237;651;2509;1126653;1113262;63150;78.4;77.5;4.4
44;2021-11-06;85;257;843;1126738;1113519;63993;78.4;77.5;4.5
44;2021-11-07;13;104;42;1126751;1113623;64035;78.4;77.5;4.5
44;2021-11-08;159;509;2273;1126910;1114132;66308;78.4;77.5;4.6
44;2021-11-09;171;482;3652;1127081;1114614;69960;78.4;77.6;4.9
44;2021-11-10;246;531;3518;1127327;1115145;73478;78.4;77.6;5.1
44;2021-11-11;15;23;60;1127342;1115168;73538;78.4;77.6;5.1
44;2021-11-12;252;507;3809;1127594;1115675;77347;78.5;77.6;5.4
44;2021-11-13;98;214;919;1127692;1115889;78266;78.5;77.6;5.4
44;2021-11-14;1;7;8;1127693;1115896;78274;78.5;77.6;5.4
44;2021-11-15;149;289;3466;1127842;1116185;81740;78.5;77.7;5.7
44;2021-11-16;172;291;4806;1128014;1116476;86546;78.5;77.7;6.0
44;2021-11-17;264;373;4264;1128278;1116849;90810;78.5;77.7;6.3
44;2021-11-18;170;301;4843;1128448;1117150;95653;78.5;77.7;6.7
44;2021-11-19;236;357;5179;1128684;1117507;100832;78.5;77.8;7.0
44;2021-11-20;160;170;1241;1128844;1117677;102073;78.5;77.8;7.1
44;2021-11-21;4;16;10;1128848;1117693;102083;78.5;77.8;7.1
44;2021-11-22;150;178;3947;1128998;1117871;106030;78.6;77.8;7.4
44;2021-11-23;218;200;5930;1129216;1118071;111960;78.6;77.8;7.8
44;2021-11-24;361;302;5399;1129577;1118373;117359;78.6;77.8;8.2
44;2021-11-25;200;237;6307;1129777;1118610;123666;78.6;77.8;8.6
44;2021-11-26;255;351;8265;1130032;1118961;131931;78.6;77.9;9.2
44;2021-11-27;126;199;3007;1130158;1119160;134938;78.6;77.9;9.4
44;2021-11-28;5;19;635;1130163;1119179;135573;78.6;77.9;9.4
44;2021-11-29;159;199;6662;1130322;1119378;142235;78.7;77.9;9.9
44;2021-11-30;211;219;9977;1130533;1119597;152212;78.7;77.9;10.6
44;2021-12-01;187;235;8768;1130720;1119832;160980;78.7;77.9;11.2
44;2021-12-02;149;178;11064;1130869;1120010;172044;78.7;77.9;12.0
44;2021-12-03;168;271;12070;1131037;1120281;184114;78.7;78.0;12.8
44;2021-12-04;82;130;4644;1131119;1120411;188758;78.7;78.0;13.1
44;2021-12-05;13;11;1009;1131132;1120422;189767;78.7;78.0;13.2
44;2021-12-06;105;181;9995;1131237;1120603;199762;78.7;78.0;13.9
44;2021-12-07;175;210;13318;1131412;1120813;213080;78.7;78.0;14.8
44;2021-12-08;193;284;11395;1131605;1121097;224475;78.7;78.0;15.6
44;2021-12-09;155;250;13694;1131760;1121347;238169;78.8;78.0;16.6
44;2021-12-10;165;280;14891;1131925;1121627;253060;78.8;78.0;17.6
44;2021-12-11;112;199;6820;1132037;1121826;259880;78.8;78.1;18.1
44;2021-12-12;14;28;2180;1132051;1121854;262060;78.8;78.1;18.2
44;2021-12-13;159;209;12919;1132210;1122063;274979;78.8;78.1;19.1
44;2021-12-14;191;245;17738;1132401;1122308;292717;78.8;78.1;20.4
44;2021-12-15;245;343;14665;1132646;1122651;307382;78.8;78.1;21.4
45;2020-12-27;3;1;0;3;1;0;0.0;0.0;0.0
45;2020-12-28;0;0;0;3;1;0;0.0;0.0;0.0
45;2020-12-29;0;0;0;3;1;0;0.0;0.0;0.0
45;2020-12-30;0;0;0;3;1;0;0.0;0.0;0.0
45;2020-12-31;0;0;0;3;1;0;0.0;0.0;0.0
45;2021-01-01;0;0;0;3;1;0;0.0;0.0;0.0
45;2021-01-02;0;0;0;3;1;0;0.0;0.0;0.0
45;2021-01-03;0;0;0;3;1;0;0.0;0.0;0.0
45;2021-01-04;0;0;0;3;1;0;0.0;0.0;0.0
45;2021-01-05;73;0;0;76;1;0;0.0;0.0;0.0
45;2021-01-06;86;0;0;162;1;0;0.0;0.0;0.0
45;2021-01-07;226;1;0;388;2;0;0.1;0.0;0.0
45;2021-01-08;215;0;0;603;2;0;0.1;0.0;0.0
45;2021-01-09;38;0;0;641;2;0;0.1;0.0;0.0
45;2021-01-10;22;0;0;663;2;0;0.1;0.0;0.0
45;2021-01-11;267;1;0;930;3;0;0.1;0.0;0.0
45;2021-01-12;618;3;0;1548;6;0;0.2;0.0;0.0
45;2021-01-13;506;1;0;2054;7;0;0.3;0.0;0.0
45;2021-01-14;507;36;0;2561;43;0;0.4;0.0;0.0
45;2021-01-15;396;2;0;2957;45;0;0.4;0.0;0.0
45;2021-01-16;48;1;0;3005;46;0;0.4;0.0;0.0
45;2021-01-17;25;0;0;3030;46;0;0.4;0.0;0.0
45;2021-01-18;749;1;0;3779;47;0;0.6;0.0;0.0
45;2021-01-19;1153;6;0;4932;53;0;0.7;0.0;0.0
45;2021-01-20;2030;13;0;6962;66;0;1.0;0.0;0.0
45;2021-01-21;2460;6;0;9422;72;0;1.4;0.0;0.0
45;2021-01-22;1387;6;0;10809;78;0;1.6;0.0;0.0
45;2021-01-23;154;1;0;10963;79;0;1.6;0.0;0.0
45;2021-01-24;34;0;0;10997;79;0;1.6;0.0;0.0
45;2021-01-25;567;4;0;11564;83;0;1.7;0.0;0.0
45;2021-01-26;885;20;0;12449;103;0;1.8;0.0;0.0
45;2021-01-27;890;41;0;13339;144;0;2.0;0.0;0.0
45;2021-01-28;945;205;0;14284;349;0;2.1;0.1;0.0
45;2021-01-29;612;131;0;14896;480;0;2.2;0.1;0.0
45;2021-01-30;61;33;0;14957;513;0;2.2;0.1;0.0
45;2021-01-31;39;23;0;14996;536;0;2.2;0.1;0.0
45;2021-02-01;485;204;0;15481;740;0;2.3;0.1;0.0
45;2021-02-02;764;451;0;16245;1191;0;2.4;0.2;0.0
45;2021-02-03;746;471;0;16991;1662;0;2.5;0.2;0.0
45;2021-02-04;738;275;0;17729;1937;0;2.6;0.3;0.0
45;2021-02-05;438;153;0;18167;2090;0;2.7;0.3;0.0
45;2021-02-06;43;27;0;18210;2117;0;2.7;0.3;0.0
45;2021-02-07;6;29;0;18216;2146;0;2.7;0.3;0.0
45;2021-02-08;459;183;0;18675;2329;0;2.7;0.3;0.0
45;2021-02-09;976;415;0;19651;2744;0;2.9;0.4;0.0
45;2021-02-10;1211;796;0;20862;3540;0;3.1;0.5;0.0
45;2021-02-11;1348;1483;0;22210;5023;0;3.3;0.7;0.0
45;2021-02-12;1034;1119;0;23244;6142;0;3.4;0.9;0.0
45;2021-02-13;89;149;0;23333;6291;0;3.4;0.9;0.0
45;2021-02-14;40;13;0;23373;6304;0;3.4;0.9;0.0
45;2021-02-15;528;617;0;23901;6921;0;3.5;1.0;0.0
45;2021-02-16;773;974;0;24674;7895;0;3.6;1.2;0.0
45;2021-02-17;617;1070;0;25291;8965;0;3.7;1.3;0.0
45;2021-02-18;840;915;0;26131;9880;0;3.8;1.4;0.0
45;2021-02-19;827;804;0;26958;10684;0;3.9;1.6;0.0
45;2021-02-20;59;96;0;27017;10780;0;4.0;1.6;0.0
45;2021-02-21;18;47;0;27035;10827;0;4.0;1.6;0.0
45;2021-02-22;382;630;0;27417;11457;0;4.0;1.7;0.0
45;2021-02-23;768;797;0;28185;12254;0;4.1;1.8;0.0
45;2021-02-24;610;921;0;28795;13175;0;4.2;1.9;0.0
45;2021-02-25;948;828;0;29743;14003;0;4.4;2.1;0.0
45;2021-02-26;1027;703;0;30770;14706;0;4.5;2.2;0.0
45;2021-02-27;295;62;0;31065;14768;0;4.5;2.2;0.0
45;2021-02-28;26;9;0;31091;14777;0;4.6;2.2;0.0
45;2021-03-01;536;360;0;31627;15137;0;4.6;2.2;0.0
45;2021-03-02;713;706;0;32340;15843;0;4.7;2.3;0.0
45;2021-03-03;949;855;0;33289;16698;0;4.9;2.4;0.0
45;2021-03-04;1123;964;0;34412;17662;0;5.0;2.6;0.0
45;2021-03-05;1448;887;0;35860;18549;0;5.3;2.7;0.0
45;2021-03-06;2080;142;0;37940;18691;0;5.6;2.7;0.0
45;2021-03-07;190;67;0;38130;18758;0;5.6;2.7;0.0
45;2021-03-08;779;784;0;38909;19542;0;5.7;2.9;0.0
45;2021-03-09;1300;716;0;40209;20258;0;5.9;3.0;0.0
45;2021-03-10;1607;921;0;41816;21179;0;6.1;3.1;0.0
45;2021-03-11;1766;757;0;43582;21936;0;6.4;3.2;0.0
45;2021-03-12;2093;647;0;45675;22583;0;6.7;3.3;0.0
45;2021-03-13;1071;55;0;46746;22638;0;6.8;3.3;0.0
45;2021-03-14;67;49;0;46813;22687;0;6.9;3.3;0.0
45;2021-03-15;884;551;0;47697;23238;0;7.0;3.4;0.0
45;2021-03-16;1032;808;0;48729;24046;0;7.1;3.5;0.0
45;2021-03-17;1092;627;0;49821;24673;0;7.3;3.6;0.0
45;2021-03-18;1079;575;0;50900;25248;0;7.5;3.7;0.0
45;2021-03-19;1732;425;0;52632;25673;0;7.7;3.8;0.0
45;2021-03-20;581;82;0;53213;25755;0;7.8;3.8;0.0
45;2021-03-21;34;36;0;53247;25791;0;7.8;3.8;0.0
45;2021-03-22;1007;490;0;54254;26281;0;7.9;3.8;0.0
45;2021-03-23;2090;700;0;56344;26981;0;8.3;4.0;0.0
45;2021-03-24;1969;516;0;58313;27497;0;8.5;4.0;0.0
45;2021-03-25;3167;456;0;61480;27953;0;9.0;4.1;0.0
45;2021-03-26;3526;492;0;65006;28445;0;9.5;4.2;0.0
45;2021-03-27;1855;122;0;66861;28567;0;9.8;4.2;0.0
45;2021-03-28;91;38;0;66952;28605;0;9.8;4.2;0.0
45;2021-03-29;1625;556;0;68577;29161;0;10.0;4.3;0.0
45;2021-03-30;2829;822;0;71406;29983;0;10.5;4.4;0.0
45;2021-03-31;2249;593;0;73655;30576;0;10.8;4.5;0.0
45;2021-04-01;3145;596;0;76800;31172;0;11.2;4.6;0.0
45;2021-04-02;2912;541;0;79712;31713;0;11.7;4.6;0.0
45;2021-04-03;853;105;0;80565;31818;0;11.8;4.7;0.0
45;2021-04-04;122;38;0;80687;31856;0;11.8;4.7;0.0
45;2021-04-05;45;2;0;80732;31858;0;11.8;4.7;0.0
45;2021-04-06;1871;812;0;82603;32670;0;12.1;4.8;0.0
45;2021-04-07;1983;1180;0;84586;33850;0;12.4;5.0;0.0
45;2021-04-08;2992;1065;0;87578;34915;0;12.8;5.1;0.0
45;2021-04-09;3778;693;0;91356;35608;0;13.4;5.2;0.0
45;2021-04-10;2409;200;0;93765;35808;0;13.7;5.2;0.0
45;2021-04-11;183;47;0;93948;35855;0;13.8;5.3;0.0
45;2021-04-12;2630;694;0;96578;36549;0;14.1;5.4;0.0
45;2021-04-13;3976;1175;0;100554;37724;0;14.7;5.5;0.0
45;2021-04-14;3049;1285;0;103603;39009;0;15.2;5.7;0.0
45;2021-04-15;3667;1110;0;107270;40119;0;15.7;5.9;0.0
45;2021-04-16;3903;777;0;111173;40896;0;16.3;6.0;0.0
45;2021-04-17;1612;164;0;112785;41060;0;16.5;6.0;0.0
45;2021-04-18;205;47;0;112990;41107;0;16.5;6.0;0.0
45;2021-04-19;1997;992;0;114987;42099;0;16.8;6.2;0.0
45;2021-04-20;3195;1765;0;118182;43864;0;17.3;6.4;0.0
45;2021-04-21;2832;1395;0;121014;45259;0;17.7;6.6;0.0
45;2021-04-22;3488;1989;0;124502;47248;0;18.2;6.9;0.0
45;2021-04-23;3453;1852;0;127955;49100;0;18.7;7.2;0.0
45;2021-04-24;2277;931;0;130232;50031;0;19.1;7.3;0.0
45;2021-04-25;443;97;0;130675;50128;0;19.1;7.3;0.0
45;2021-04-26;2379;1216;0;133054;51344;0;19.5;7.5;0.0
45;2021-04-27;3583;2375;0;136637;53719;0;20.0;7.9;0.0
45;2021-04-28;3001;2072;0;139638;55791;0;20.4;8.2;0.0
45;2021-04-29;4139;2430;0;143777;58221;0;21.1;8.5;0.0
45;2021-04-30;4595;1877;0;148372;60098;0;21.7;8.8;0.0
45;2021-05-01;514;95;0;148886;60193;0;21.8;8.8;0.0
45;2021-05-02;640;126;0;149526;60319;0;21.9;8.8;0.0
45;2021-05-03;3011;1126;0;152537;61445;0;22.3;9.0;0.0
45;2021-05-04;3477;2471;0;156014;63916;0;22.8;9.4;0.0
45;2021-05-05;2987;2259;0;159001;66175;0;23.3;9.7;0.0
45;2021-05-06;3689;2684;0;162690;68859;0;23.8;10.1;0.0
45;2021-05-07;3161;3240;0;165851;72099;0;24.3;10.6;0.0
45;2021-05-08;867;323;0;166718;72422;0;24.4;10.6;0.0
45;2021-05-09;1473;169;0;168191;72591;0;24.6;10.6;0.0
45;2021-05-10;4194;3067;0;172385;75658;0;25.2;11.1;0.0
45;2021-05-11;5118;3156;0;177503;78814;0;26.0;11.5;0.0
45;2021-05-12;6109;2999;0;183612;81813;0;26.9;12.0;0.0
45;2021-05-13;2777;633;0;186389;82446;0;27.3;12.1;0.0
45;2021-05-14;5189;1725;0;191578;84171;0;28.1;12.3;0.0
45;2021-05-15;4359;664;0;195937;84835;0;28.7;12.4;0.0
45;2021-05-16;386;58;0;196323;84893;0;28.7;12.4;0.0
45;2021-05-17;3701;1611;0;200024;86504;0;29.3;12.7;0.0
45;2021-05-18;5633;1810;0;205657;88314;0;30.1;12.9;0.0
45;2021-05-19;5085;2132;0;210742;90446;0;30.9;13.2;0.0
45;2021-05-20;5861;2195;0;216603;92641;0;31.7;13.6;0.0
45;2021-05-21;5663;2336;0;222266;94977;0;32.5;13.9;0.0
45;2021-05-22;3395;668;0;225661;95645;0;33.0;14.0;0.0
45;2021-05-23;225;105;0;225886;95750;0;33.1;14.0;0.0
45;2021-05-24;3195;255;0;229081;96005;0;33.5;14.1;0.0
45;2021-05-25;5545;3067;0;234626;99072;0;34.4;14.5;0.0
45;2021-05-26;5849;2414;0;240475;101486;0;35.2;14.9;0.0
45;2021-05-27;5810;3337;0;246285;104823;0;36.1;15.3;0.0
45;2021-05-28;5942;3574;0;252227;108397;0;36.9;15.9;0.0
45;2021-05-29;3933;1331;0;256160;109728;0;37.5;16.1;0.0
45;2021-05-30;139;185;0;256299;109913;0;37.5;16.1;0.0
45;2021-05-31;4308;2566;0;260607;112479;0;38.2;16.5;0.0
45;2021-06-01;6174;3233;0;266781;115712;0;39.1;16.9;0.0
45;2021-06-02;4970;3246;0;271751;118958;0;39.8;17.4;0.0
45;2021-06-03;5823;3375;0;277574;122333;0;40.6;17.9;0.0
45;2021-06-04;5890;3325;0;283464;125658;0;41.5;18.4;0.0
45;2021-06-05;2421;1601;0;285885;127259;0;41.9;18.6;0.0
45;2021-06-06;275;340;0;286160;127599;0;41.9;18.7;0.0
45;2021-06-07;4024;2850;0;290184;130449;0;42.5;19.1;0.0
45;2021-06-08;4676;4349;0;294860;134798;0;43.2;19.7;0.0
45;2021-06-09;4469;3508;0;299329;138306;0;43.8;20.3;0.0
45;2021-06-10;4838;2996;0;304167;141302;0;44.5;20.7;0.0
45;2021-06-11;4157;3870;0;308324;145172;0;45.1;21.3;0.0
45;2021-06-12;2717;1602;0;311041;146774;0;45.5;21.5;0.0
45;2021-06-13;128;483;0;311169;147257;0;45.6;21.6;0.0
45;2021-06-14;3048;4369;0;314217;151626;0;46.0;22.2;0.0
45;2021-06-15;3408;4667;0;317625;156293;0;46.5;22.9;0.0
45;2021-06-16;3817;3725;1;321442;160018;1;47.1;23.4;0.0
45;2021-06-17;3472;3836;0;324914;163854;1;47.6;24.0;0.0
45;2021-06-18;3821;5187;0;328735;169041;1;48.1;24.8;0.0
45;2021-06-19;2445;2012;0;331180;171053;1;48.5;25.0;0.0
45;2021-06-20;111;183;0;331291;171236;1;48.5;25.1;0.0
45;2021-06-21;2148;5966;0;333439;177202;1;48.8;25.9;0.0
45;2021-06-22;2444;6792;0;335883;183994;1;49.2;26.9;0.0
45;2021-06-23;2300;5810;0;338183;189804;1;49.5;27.8;0.0
45;2021-06-24;2205;3845;0;340388;193649;1;49.8;28.4;0.0
45;2021-06-25;2425;6595;0;342813;200244;1;50.2;29.3;0.0
45;2021-06-26;1858;3408;0;344671;203652;1;50.5;29.8;0.0
45;2021-06-27;92;240;0;344763;203892;1;50.5;29.9;0.0
45;2021-06-28;2023;5204;0;346786;209096;1;50.8;30.6;0.0
45;2021-06-29;2651;7243;0;349437;216339;1;51.2;31.7;0.0
45;2021-06-30;2881;6265;0;352318;222604;1;51.6;32.6;0.0
45;2021-07-01;2425;5469;0;354743;228073;1;51.9;33.4;0.0
45;2021-07-02;2349;6630;0;357092;234703;1;52.3;34.4;0.0
45;2021-07-03;827;3015;0;357919;237718;1;52.4;34.8;0.0
45;2021-07-04;75;197;0;357994;237915;1;52.4;34.8;0.0
45;2021-07-05;2010;5166;0;360004;243081;1;52.7;35.6;0.0
45;2021-07-06;2661;7189;0;362665;250270;1;53.1;36.6;0.0
45;2021-07-07;2300;6594;0;364965;256864;1;53.4;37.6;0.0
45;2021-07-08;2693;5622;0;367658;262486;1;53.8;38.4;0.0
45;2021-07-09;2189;7115;0;369847;269601;1;54.2;39.5;0.0
45;2021-07-10;1551;4197;0;371398;273798;1;54.4;40.1;0.0
45;2021-07-11;94;171;0;371492;273969;1;54.4;40.1;0.0
45;2021-07-12;1609;5937;0;373101;279906;1;54.6;41.0;0.0
45;2021-07-13;3086;8329;0;376187;288235;1;55.1;42.2;0.0
45;2021-07-14;1553;1712;0;377740;289947;1;55.3;42.5;0.0
45;2021-07-15;3928;7415;0;381668;297362;1;55.9;43.5;0.0
45;2021-07-16;3467;7356;0;385135;304718;1;56.4;44.6;0.0
45;2021-07-17;1485;2731;0;386620;307449;1;56.6;45.0;0.0
45;2021-07-18;251;236;0;386871;307685;1;56.7;45.1;0.0
45;2021-07-19;2109;5895;0;388980;313580;1;57.0;45.9;0.0
45;2021-07-20;4799;6836;0;393779;320416;1;57.7;46.9;0.0
45;2021-07-21;5196;5503;0;398975;325919;1;58.4;47.7;0.0
45;2021-07-22;6264;5069;0;405239;330988;1;59.3;48.5;0.0
45;2021-07-23;4457;5655;0;409696;336643;1;60.0;49.3;0.0
45;2021-07-24;2047;2919;0;411743;339562;1;60.3;49.7;0.0
45;2021-07-25;286;159;0;412029;339721;1;60.3;49.7;0.0
45;2021-07-26;3068;4903;0;415097;344624;1;60.8;50.5;0.0
45;2021-07-27;5446;5054;0;420543;349678;1;61.6;51.2;0.0
45;2021-07-28;4842;4056;0;425385;353734;1;62.3;51.8;0.0
45;2021-07-29;5258;3394;0;430643;357128;1;63.1;52.3;0.0
45;2021-07-30;4930;4786;0;435573;361914;1;63.8;53.0;0.0
45;2021-07-31;1301;2255;0;436874;364169;1;64.0;53.3;0.0
45;2021-08-01;281;97;0;437155;364266;1;64.0;53.3;0.0
45;2021-08-02;3682;3233;0;440837;367499;1;64.6;53.8;0.0
45;2021-08-03;4774;3046;0;445611;370545;1;65.3;54.3;0.0
45;2021-08-04;3578;2405;0;449189;372950;1;65.8;54.6;0.0
45;2021-08-05;3281;2719;0;452470;375669;1;66.3;55.0;0.0
45;2021-08-06;3625;3336;0;456095;379005;1;66.8;55.5;0.0
45;2021-08-07;1705;1258;0;457800;380263;1;67.0;55.7;0.0
45;2021-08-08;136;166;0;457936;380429;1;67.1;55.7;0.0
45;2021-08-09;2617;3231;0;460553;383660;1;67.4;56.2;0.0
45;2021-08-10;3338;3891;0;463891;387551;1;67.9;56.8;0.0
45;2021-08-11;2616;3692;0;466507;391243;1;68.3;57.3;0.0
45;2021-08-12;2145;3545;0;468652;394788;1;68.6;57.8;0.0
45;2021-08-13;1786;4178;0;470438;398966;1;68.9;58.4;0.0
45;2021-08-14;758;1268;0;471196;400234;1;69.0;58.6;0.0
45;2021-08-15;85;91;0;471281;400325;1;69.0;58.6;0.0
45;2021-08-16;1193;2608;0;472474;402933;1;69.2;59.0;0.0
45;2021-08-17;1840;3702;0;474314;406635;1;69.5;59.5;0.0
45;2021-08-18;1689;3907;0;476003;410542;1;69.7;60.1;0.0
45;2021-08-19;1481;4147;0;477484;414689;1;69.9;60.7;0.0
45;2021-08-20;1430;3625;0;478914;418314;1;70.1;61.3;0.0
45;2021-08-21;873;1438;0;479787;419752;1;70.3;61.5;0.0
45;2021-08-22;50;243;0;479837;419995;1;70.3;61.5;0.0
45;2021-08-23;1198;4297;0;481035;424292;1;70.4;62.1;0.0
45;2021-08-24;1673;4634;0;482708;428926;1;70.7;62.8;0.0
45;2021-08-25;1497;3644;0;484205;432570;1;70.9;63.3;0.0
45;2021-08-26;1044;3528;0;485249;436098;1;71.1;63.9;0.0
45;2021-08-27;1389;4805;0;486638;440903;1;71.3;64.6;0.0
45;2021-08-28;845;2119;0;487483;443022;1;71.4;64.9;0.0
45;2021-08-29;117;228;0;487600;443250;1;71.4;64.9;0.0
45;2021-08-30;1133;3982;67;488733;447232;68;71.6;65.5;0.0
45;2021-08-31;1071;4267;133;489804;451499;201;71.7;66.1;0.0
45;2021-09-01;1117;3310;168;490921;454809;369;71.9;66.6;0.1
45;2021-09-02;950;3040;250;491871;457849;619;72.0;67.0;0.1
45;2021-09-03;1042;3524;253;492913;461373;872;72.2;67.6;0.1
45;2021-09-04;548;1435;54;493461;462808;926;72.3;67.8;0.1
45;2021-09-05;23;72;1;493484;462880;927;72.3;67.8;0.1
45;2021-09-06;843;2312;462;494327;465192;1389;72.4;68.1;0.2
45;2021-09-07;719;1735;497;495046;466927;1886;72.5;68.4;0.3
45;2021-09-08;829;2138;395;495875;469065;2281;72.6;68.7;0.3
45;2021-09-09;765;1461;256;496640;470526;2537;72.7;68.9;0.4
45;2021-09-10;773;1603;299;497413;472129;2836;72.8;69.1;0.4
45;2021-09-11;427;1548;107;497840;473677;2943;72.9;69.4;0.4
45;2021-09-12;344;207;179;498184;473884;3122;73.0;69.4;0.5
45;2021-09-13;443;921;340;498627;474805;3462;73.0;69.5;0.5
45;2021-09-14;762;1450;716;499389;476255;4178;73.1;69.7;0.6
45;2021-09-15;738;1704;604;500127;477959;4782;73.2;70.0;0.7
45;2021-09-16;761;990;506;500888;478949;5288;73.3;70.1;0.8
45;2021-09-17;743;1586;535;501631;480535;5823;73.5;70.4;0.9
45;2021-09-18;453;986;188;502084;481521;6011;73.5;70.5;0.9
45;2021-09-19;12;61;1;502096;481582;6012;73.5;70.5;0.9
45;2021-09-20;392;930;671;502488;482512;6683;73.6;70.7;1.0
45;2021-09-21;454;761;642;502942;483273;7325;73.6;70.8;1.1
45;2021-09-22;415;1573;733;503357;484846;8058;73.7;71.0;1.2
45;2021-09-23;503;874;749;503860;485720;8807;73.8;71.1;1.3
45;2021-09-24;539;1289;483;504399;487009;9290;73.9;71.3;1.4
45;2021-09-25;312;762;178;504711;487771;9468;73.9;71.4;1.4
45;2021-09-26;12;30;6;504723;487801;9474;73.9;71.4;1.4
45;2021-09-27;415;730;550;505138;488531;10024;74.0;71.5;1.5
45;2021-09-28;424;765;741;505562;489296;10765;74.0;71.7;1.6
45;2021-09-29;468;936;750;506030;490232;11515;74.1;71.8;1.7
45;2021-09-30;391;812;594;506421;491044;12109;74.2;71.9;1.8
45;2021-10-01;398;747;354;506819;491791;12463;74.2;72.0;1.8
45;2021-10-02;312;561;259;507131;492352;12722;74.3;72.1;1.9
45;2021-10-03;87;335;148;507218;492687;12870;74.3;72.1;1.9
45;2021-10-04;222;367;457;507440;493054;13327;74.3;72.2;2.0
45;2021-10-05;394;681;830;507834;493735;14157;74.4;72.3;2.1
45;2021-10-06;442;719;689;508276;494454;14846;74.4;72.4;2.2
45;2021-10-07;282;703;730;508558;495157;15576;74.5;72.5;2.3
45;2021-10-08;374;727;677;508932;495884;16253;74.5;72.6;2.4
45;2021-10-09;382;633;332;509314;496517;16585;74.6;72.7;2.4
45;2021-10-10;13;14;5;509327;496531;16590;74.6;72.7;2.4
45;2021-10-11;241;399;479;509568;496930;17069;74.6;72.8;2.5
45;2021-10-12;323;552;1012;509891;497482;18081;74.7;72.8;2.6
45;2021-10-13;321;573;886;510212;498055;18967;74.7;72.9;2.8
45;2021-10-14;255;395;621;510467;498450;19588;74.8;73.0;2.9
45;2021-10-15;397;657;858;510864;499107;20446;74.8;73.1;3.0
45;2021-10-16;333;444;309;511197;499551;20755;74.9;73.2;3.0
45;2021-10-17;3;13;9;511200;499564;20764;74.9;73.2;3.0
45;2021-10-18;224;345;475;511424;499909;21239;74.9;73.2;3.1
45;2021-10-19;202;529;843;511626;500438;22082;74.9;73.3;3.2
45;2021-10-20;307;464;923;511933;500902;23005;75.0;73.4;3.4
45;2021-10-21;240;424;956;512173;501326;23961;75.0;73.4;3.5
45;2021-10-22;270;522;903;512443;501848;24864;75.0;73.5;3.6
45;2021-10-23;242;380;382;512685;502228;25246;75.1;73.5;3.7
45;2021-10-24;5;19;3;512690;502247;25249;75.1;73.5;3.7
45;2021-10-25;197;295;715;512887;502542;25964;75.1;73.6;3.8
45;2021-10-26;224;386;1109;513111;502928;27073;75.1;73.6;4.0
45;2021-10-27;242;474;1079;513353;503402;28152;75.2;73.7;4.1
45;2021-10-28;183;253;889;513536;503655;29041;75.2;73.8;4.3
45;2021-10-29;228;351;890;513764;504006;29931;75.2;73.8;4.4
45;2021-10-30;152;279;441;513916;504285;30372;75.3;73.8;4.4
45;2021-10-31;3;6;2;513919;504291;30374;75.3;73.8;4.4
45;2021-11-01;22;30;17;513941;504321;30391;75.3;73.9;4.5
45;2021-11-02;236;430;1095;514177;504751;31486;75.3;73.9;4.6
45;2021-11-03;229;380;1161;514406;505131;32647;75.3;74.0;4.8
45;2021-11-04;178;205;1291;514584;505336;33938;75.4;74.0;5.0
45;2021-11-05;238;357;1267;514822;505693;35205;75.4;74.1;5.2
45;2021-11-06;166;317;553;514988;506010;35758;75.4;74.1;5.2
45;2021-11-07;5;23;19;514993;506033;35777;75.4;74.1;5.2
45;2021-11-08;174;265;1258;515167;506298;37035;75.4;74.1;5.4
45;2021-11-09;154;285;1858;515321;506583;38893;75.5;74.2;5.7
45;2021-11-10;272;411;2031;515593;506994;40924;75.5;74.2;6.0
45;2021-11-11;47;50;184;515640;507044;41108;75.5;74.2;6.0
45;2021-11-12;284;369;2072;515924;507413;43180;75.6;74.3;6.3
45;2021-11-13;199;261;814;516123;507674;43994;75.6;74.3;6.4
45;2021-11-14;6;24;12;516129;507698;44006;75.6;74.3;6.4
45;2021-11-15;159;233;1745;516288;507931;45751;75.6;74.4;6.7
45;2021-11-16;202;248;2319;516490;508179;48070;75.6;74.4;7.0
45;2021-11-17;286;292;2206;516776;508471;50276;75.7;74.5;7.4
45;2021-11-18;173;183;2095;516949;508654;52371;75.7;74.5;7.7
45;2021-11-19;256;334;2155;517205;508988;54526;75.7;74.5;8.0
45;2021-11-20;276;309;964;517481;509297;55490;75.8;74.6;8.1
45;2021-11-21;3;3;29;517484;509300;55519;75.8;74.6;8.1
45;2021-11-22;177;152;2120;517661;509452;57639;75.8;74.6;8.4
45;2021-11-23;230;228;2899;517891;509680;60538;75.8;74.6;8.9
45;2021-11-24;297;281;2636;518188;509961;63174;75.9;74.7;9.3
45;2021-11-25;189;242;3314;518377;510203;66488;75.9;74.7;9.7
45;2021-11-26;228;239;3948;518605;510442;70436;75.9;74.7;10.3
45;2021-11-27;196;226;2199;518801;510668;72635;76.0;74.8;10.6
45;2021-11-28;31;50;1781;518832;510718;74416;76.0;74.8;10.9
45;2021-11-29;108;188;3738;518940;510906;78154;76.0;74.8;11.4
45;2021-11-30;149;172;5032;519089;511078;83186;76.0;74.8;12.2
45;2021-12-01;127;221;5123;519216;511299;88309;76.0;74.9;12.9
45;2021-12-02;120;164;5360;519336;511463;93669;76.0;74.9;13.7
45;2021-12-03;134;251;5030;519470;511714;98699;76.1;74.9;14.5
45;2021-12-04;112;189;2913;519582;511903;101612;76.1;75.0;14.9
45;2021-12-05;11;20;575;519593;511923;102187;76.1;75.0;15.0
45;2021-12-06;90;191;5626;519683;512114;107813;76.1;75.0;15.8
45;2021-12-07;192;236;7888;519875;512350;115701;76.1;75.0;16.9
45;2021-12-08;182;292;7225;520057;512642;122926;76.2;75.1;18.0
45;2021-12-09;146;222;7739;520203;512864;130665;76.2;75.1;19.1
45;2021-12-10;206;275;7460;520409;513139;138125;76.2;75.1;20.2
45;2021-12-11;152;231;4682;520561;513370;142807;76.2;75.2;20.9
45;2021-12-12;57;49;2869;520618;513419;145676;76.2;75.2;21.3
45;2021-12-13;119;206;7027;520737;513625;152703;76.3;75.2;22.4
45;2021-12-14;192;267;10189;520929;513892;162892;76.3;75.3;23.9
45;2021-12-15;173;312;8763;521102;514204;171655;76.3;75.3;25.1
46;2020-12-27;1;0;0;1;0;0;0.0;0.0;0.0
46;2020-12-28;0;0;0;1;0;0;0.0;0.0;0.0
46;2020-12-29;0;0;0;1;0;0;0.0;0.0;0.0
46;2020-12-30;0;0;0;1;0;0;0.0;0.0;0.0
46;2020-12-31;0;0;0;1;0;0;0.0;0.0;0.0
46;2021-01-01;0;0;0;1;0;0;0.0;0.0;0.0
46;2021-01-02;0;0;0;1;0;0;0.0;0.0;0.0
46;2021-01-03;0;0;0;1;0;0;0.0;0.0;0.0
46;2021-01-04;0;0;0;1;0;0;0.0;0.0;0.0
46;2021-01-05;0;0;0;1;0;0;0.0;0.0;0.0
46;2021-01-06;3;0;0;4;0;0;0.0;0.0;0.0
46;2021-01-07;127;1;0;131;1;0;0.1;0.0;0.0
46;2021-01-08;169;0;0;300;1;0;0.2;0.0;0.0
46;2021-01-09;1;0;0;301;1;0;0.2;0.0;0.0
46;2021-01-10;2;0;0;303;1;0;0.2;0.0;0.0
46;2021-01-11;95;0;0;398;1;0;0.2;0.0;0.0
46;2021-01-12;137;0;0;535;1;0;0.3;0.0;0.0
46;2021-01-13;221;2;0;756;3;0;0.4;0.0;0.0
46;2021-01-14;236;1;0;992;4;0;0.6;0.0;0.0
46;2021-01-15;292;2;0;1284;6;0;0.7;0.0;0.0
46;2021-01-16;17;0;0;1301;6;0;0.8;0.0;0.0
46;2021-01-17;1;0;0;1302;6;0;0.8;0.0;0.0
46;2021-01-18;277;3;0;1579;9;0;0.9;0.0;0.0
46;2021-01-19;390;0;0;1969;9;0;1.1;0.0;0.0
46;2021-01-20;916;3;0;2885;12;0;1.7;0.0;0.0
46;2021-01-21;917;1;0;3802;13;0;2.2;0.0;0.0
46;2021-01-22;409;1;0;4211;14;0;2.4;0.0;0.0
46;2021-01-23;17;0;0;4228;14;0;2.4;0.0;0.0
46;2021-01-24;1;0;0;4229;14;0;2.4;0.0;0.0
46;2021-01-25;225;2;0;4454;16;0;2.6;0.0;0.0
46;2021-01-26;299;2;0;4753;18;0;2.7;0.0;0.0
46;2021-01-27;277;1;0;5030;19;0;2.9;0.0;0.0
46;2021-01-28;308;44;0;5338;63;0;3.1;0.0;0.0
46;2021-01-29;255;83;0;5593;146;0;3.2;0.1;0.0
46;2021-01-30;9;2;0;5602;148;0;3.2;0.1;0.0
46;2021-01-31;0;0;0;5602;148;0;3.2;0.1;0.0
46;2021-02-01;207;149;0;5809;297;0;3.4;0.2;0.0
46;2021-02-02;205;209;0;6014;506;0;3.5;0.3;0.0
46;2021-02-03;251;91;0;6265;597;0;3.6;0.3;0.0
46;2021-02-04;342;87;0;6607;684;0;3.8;0.4;0.0
46;2021-02-05;205;169;0;6812;853;0;3.9;0.5;0.0
46;2021-02-06;16;3;0;6828;856;0;3.9;0.5;0.0
46;2021-02-07;34;0;0;6862;856;0;4.0;0.5;0.0
46;2021-02-08;192;146;0;7054;1002;0;4.1;0.6;0.0
46;2021-02-09;251;224;0;7305;1226;0;4.2;0.7;0.0
46;2021-02-10;324;525;0;7629;1751;0;4.4;1.0;0.0
46;2021-02-11;576;531;0;8205;2282;0;4.7;1.3;0.0
46;2021-02-12;306;341;0;8511;2623;0;4.9;1.5;0.0
46;2021-02-13;8;8;0;8519;2631;0;4.9;1.5;0.0
46;2021-02-14;0;57;0;8519;2688;0;4.9;1.6;0.0
46;2021-02-15;184;299;0;8703;2987;0;5.0;1.7;0.0
46;2021-02-16;211;279;0;8914;3266;0;5.1;1.9;0.0
46;2021-02-17;227;342;0;9141;3608;0;5.3;2.1;0.0
46;2021-02-18;355;295;0;9496;3903;0;5.5;2.3;0.0
46;2021-02-19;244;240;0;9740;4143;0;5.6;2.4;0.0
46;2021-02-20;3;11;0;9743;4154;0;5.6;2.4;0.0
46;2021-02-21;0;0;0;9743;4154;0;5.6;2.4;0.0
46;2021-02-22;153;212;0;9896;4366;0;5.7;2.5;0.0
46;2021-02-23;243;242;0;10139;4608;0;5.9;2.7;0.0
46;2021-02-24;199;356;0;10338;4964;0;6.0;2.9;0.0
46;2021-02-25;255;300;0;10593;5264;0;6.1;3.0;0.0
46;2021-02-26;380;327;0;10973;5591;0;6.3;3.2;0.0
46;2021-02-27;114;6;0;11087;5597;0;6.4;3.2;0.0
46;2021-02-28;7;3;0;11094;5600;0;6.4;3.2;0.0
46;2021-03-01;175;161;0;11269;5761;0;6.5;3.3;0.0
46;2021-03-02;383;203;0;11652;5964;0;6.7;3.4;0.0
46;2021-03-03;436;292;0;12088;6256;0;7.0;3.6;0.0
46;2021-03-04;571;408;0;12659;6664;0;7.3;3.8;0.0
46;2021-03-05;727;345;0;13386;7009;0;7.7;4.0;0.0
46;2021-03-06;467;20;0;13853;7029;0;8.0;4.1;0.0
46;2021-03-07;107;18;0;13960;7047;0;8.1;4.1;0.0
46;2021-03-08;331;237;0;14291;7284;0;8.3;4.2;0.0
46;2021-03-09;704;241;0;14995;7525;0;8.7;4.3;0.0
46;2021-03-10;643;238;0;15638;7763;0;9.0;4.5;0.0
46;2021-03-11;788;243;0;16426;8006;0;9.5;4.6;0.0
46;2021-03-12;852;225;0;17278;8231;0;10.0;4.8;0.0
46;2021-03-13;503;8;0;17781;8239;0;10.3;4.8;0.0
46;2021-03-14;16;0;0;17797;8239;0;10.3;4.8;0.0
46;2021-03-15;474;158;0;18271;8397;0;10.6;4.8;0.0
46;2021-03-16;666;162;0;18937;8559;0;10.9;4.9;0.0
46;2021-03-17;602;189;0;19539;8748;0;11.3;5.1;0.0
46;2021-03-18;684;202;0;20223;8950;0;11.7;5.2;0.0
46;2021-03-19;733;149;0;20956;9099;0;12.1;5.3;0.0
46;2021-03-20;262;4;0;21218;9103;0;12.3;5.3;0.0
46;2021-03-21;6;1;0;21224;9104;0;12.3;5.3;0.0
46;2021-03-22;497;243;0;21721;9347;0;12.5;5.4;0.0
46;2021-03-23;652;221;0;22373;9568;0;12.9;5.5;0.0
46;2021-03-24;626;230;0;22999;9798;0;13.3;5.7;0.0
46;2021-03-25;1041;183;0;24040;9981;0;13.9;5.8;0.0
46;2021-03-26;934;319;0;24974;10300;0;14.4;5.9;0.0
46;2021-03-27;390;67;0;25364;10367;0;14.6;6.0;0.0
46;2021-03-28;126;1;0;25490;10368;0;14.7;6.0;0.0
46;2021-03-29;660;251;0;26150;10619;0;15.1;6.1;0.0
46;2021-03-30;733;341;0;26883;10960;0;15.5;6.3;0.0
46;2021-03-31;825;380;0;27708;11340;0;16.0;6.5;0.0
46;2021-04-01;1104;337;0;28812;11677;0;16.6;6.7;0.0
46;2021-04-02;834;360;0;29646;12037;0;17.1;7.0;0.0
46;2021-04-03;171;151;0;29817;12188;0;17.2;7.0;0.0
46;2021-04-04;2;62;0;29819;12250;0;17.2;7.1;0.0
46;2021-04-05;12;1;0;29831;12251;0;17.2;7.1;0.0
46;2021-04-06;524;469;0;30355;12720;0;17.5;7.3;0.0
46;2021-04-07;740;593;0;31095;13313;0;18.0;7.7;0.0
46;2021-04-08;933;486;0;32028;13799;0;18.5;8.0;0.0
46;2021-04-09;951;464;0;32979;14263;0;19.0;8.2;0.0
46;2021-04-10;490;178;0;33469;14441;0;19.3;8.3;0.0
46;2021-04-11;242;2;0;33711;14443;0;19.5;8.3;0.0
46;2021-04-12;779;512;0;34490;14955;0;19.9;8.6;0.0
46;2021-04-13;1079;649;0;35569;15604;0;20.5;9.0;0.0
46;2021-04-14;1352;555;0;36921;16159;0;21.3;9.3;0.0
46;2021-04-15;1339;603;0;38260;16762;0;22.1;9.7;0.0
46;2021-04-16;1388;489;0;39648;17251;0;22.9;10.0;0.0
46;2021-04-17;847;124;0;40495;17375;0;23.4;10.0;0.0
46;2021-04-18;430;11;0;40925;17386;0;23.6;10.0;0.0
46;2021-04-19;928;518;0;41853;17904;0;24.2;10.3;0.0
46;2021-04-20;1016;651;0;42869;18555;0;24.8;10.7;0.0
46;2021-04-21;1007;623;0;43876;19178;0;25.3;11.1;0.0
46;2021-04-22;1165;617;0;45041;19795;0;26.0;11.4;0.0
46;2021-04-23;941;645;0;45982;20440;0;26.6;11.8;0.0
46;2021-04-24;447;37;0;46429;20477;0;26.8;11.8;0.0
46;2021-04-25;266;10;0;46695;20487;0;27.0;11.8;0.0
46;2021-04-26;684;635;0;47379;21122;0;27.4;12.2;0.0
46;2021-04-27;1046;592;0;48425;21714;0;28.0;12.5;0.0
46;2021-04-28;1094;659;0;49519;22373;0;28.6;12.9;0.0
46;2021-04-29;1236;529;0;50755;22902;0;29.3;13.2;0.0
46;2021-04-30;1252;527;0;52007;23429;0;30.0;13.5;0.0
46;2021-05-01;588;60;0;52595;23489;0;30.4;13.6;0.0
46;2021-05-02;217;1;0;52812;23490;0;30.5;13.6;0.0
46;2021-05-03;689;525;0;53501;24015;0;30.9;13.9;0.0
46;2021-05-04;815;985;0;54316;25000;0;31.4;14.4;0.0
46;2021-05-05;1038;745;0;55354;25745;0;32.0;14.9;0.0
46;2021-05-06;1082;744;0;56436;26489;0;32.6;15.3;0.0
46;2021-05-07;1119;735;0;57555;27224;0;33.2;15.7;0.0
46;2021-05-08;264;373;0;57819;27597;0;33.4;15.9;0.0
46;2021-05-09;42;234;0;57861;27831;0;33.4;16.1;0.0
46;2021-05-10;449;1006;0;58310;28837;0;33.7;16.7;0.0
46;2021-05-11;940;1136;0;59250;29973;0;34.2;17.3;0.0
46;2021-05-12;851;1340;0;60101;31313;0;34.7;18.1;0.0
46;2021-05-13;488;116;0;60589;31429;0;35.0;18.1;0.0
46;2021-05-14;758;932;0;61347;32361;0;35.4;18.7;0.0
46;2021-05-15;273;504;0;61620;32865;0;35.6;19.0;0.0
46;2021-05-16;114;219;0;61734;33084;0;35.7;19.1;0.0
46;2021-05-17;641;825;0;62375;33909;0;36.0;19.6;0.0
46;2021-05-18;1168;854;0;63543;34763;0;36.7;20.1;0.0
46;2021-05-19;1096;772;0;64639;35535;0;37.3;20.5;0.0
46;2021-05-20;1183;697;0;65822;36232;0;38.0;20.9;0.0
46;2021-05-21;865;959;0;66687;37191;0;38.5;21.5;0.0
46;2021-05-22;179;350;0;66866;37541;0;38.6;21.7;0.0
46;2021-05-23;409;28;0;67275;37569;0;38.9;21.7;0.0
46;2021-05-24;376;115;0;67651;37684;0;39.1;21.8;0.0
46;2021-05-25;839;1064;0;68490;38748;0;39.6;22.4;0.0
46;2021-05-26;1043;983;0;69533;39731;0;40.2;22.9;0.0
46;2021-05-27;1214;1048;0;70747;40779;0;40.9;23.5;0.0
46;2021-05-28;1180;1013;0;71927;41792;0;41.5;24.1;0.0
46;2021-05-29;868;384;0;72795;42176;0;42.0;24.4;0.0
46;2021-05-30;293;49;0;73088;42225;0;42.2;24.4;0.0
46;2021-05-31;829;885;0;73917;43110;0;42.7;24.9;0.0
46;2021-06-01;1078;879;0;74995;43989;0;43.3;25.4;0.0
46;2021-06-02;1106;960;0;76101;44949;0;43.9;26.0;0.0
46;2021-06-03;1184;911;0;77285;45860;0;44.6;26.5;0.0
46;2021-06-04;1121;849;0;78406;46709;0;45.3;27.0;0.0
46;2021-06-05;387;395;0;78793;47104;0;45.5;27.2;0.0
46;2021-06-06;169;76;0;78962;47180;0;45.6;27.2;0.0
46;2021-06-07;721;522;0;79683;47702;0;46.0;27.5;0.0
46;2021-06-08;894;811;0;80577;48513;0;46.5;28.0;0.0
46;2021-06-09;1229;861;0;81806;49374;0;47.2;28.5;0.0
46;2021-06-10;903;785;0;82709;50159;0;47.8;29.0;0.0
46;2021-06-11;861;1172;0;83570;51331;0;48.3;29.6;0.0
46;2021-06-12;434;481;0;84004;51812;0;48.5;29.9;0.0
46;2021-06-13;49;73;0;84053;51885;0;48.5;30.0;0.0
46;2021-06-14;519;890;0;84572;52775;0;48.8;30.5;0.0
46;2021-06-15;663;988;0;85235;53763;0;49.2;31.0;0.0
46;2021-06-16;833;892;0;86068;54655;0;49.7;31.6;0.0
46;2021-06-17;505;804;0;86573;55459;0;50.0;32.0;0.0
46;2021-06-18;569;1072;0;87142;56531;0;50.3;32.6;0.0
46;2021-06-19;397;255;0;87539;56786;0;50.6;32.8;0.0
46;2021-06-20;47;164;0;87586;56950;0;50.6;32.9;0.0
46;2021-06-21;387;789;0;87973;57739;0;50.8;33.3;0.0
46;2021-06-22;327;1051;0;88300;58790;0;51.0;34.0;0.0
46;2021-06-23;438;965;0;88738;59755;0;51.2;34.5;0.0
46;2021-06-24;264;752;0;89002;60507;0;51.4;34.9;0.0
46;2021-06-25;447;988;0;89449;61495;0;51.7;35.5;0.0
46;2021-06-26;354;511;0;89803;62006;0;51.9;35.8;0.0
46;2021-06-27;11;41;0;89814;62047;0;51.9;35.8;0.0
46;2021-06-28;287;1147;0;90101;63194;0;52.0;36.5;0.0
46;2021-06-29;328;1453;0;90429;64647;0;52.2;37.3;0.0
46;2021-06-30;461;1318;0;90890;65965;0;52.5;38.1;0.0
46;2021-07-01;329;1067;0;91219;67032;0;52.7;38.7;0.0
46;2021-07-02;424;992;0;91643;68024;0;52.9;39.3;0.0
46;2021-07-03;138;436;0;91781;68460;0;53.0;39.5;0.0
46;2021-07-04;54;127;0;91835;68587;0;53.0;39.6;0.0
46;2021-07-05;302;1033;0;92137;69620;0;53.2;40.2;0.0
46;2021-07-06;316;1250;0;92453;70870;0;53.4;40.9;0.0
46;2021-07-07;530;1482;0;92983;72352;0;53.7;41.8;0.0
46;2021-07-08;342;1021;0;93325;73373;0;53.9;42.4;0.0
46;2021-07-09;373;1451;0;93698;74824;0;54.1;43.2;0.0
46;2021-07-10;313;919;0;94011;75743;0;54.3;43.7;0.0
46;2021-07-11;17;278;0;94028;76021;0;54.3;43.9;0.0
46;2021-07-12;220;1100;0;94248;77121;0;54.4;44.5;0.0
46;2021-07-13;581;1408;0;94829;78529;0;54.8;45.3;0.0
46;2021-07-14;95;169;0;94924;78698;0;54.8;45.4;0.0
46;2021-07-15;784;1269;0;95708;79967;0;55.3;46.2;0.0
46;2021-07-16;651;1219;0;96359;81186;0;55.6;46.9;0.0
46;2021-07-17;333;548;0;96692;81734;0;55.8;47.2;0.0
46;2021-07-18;38;33;0;96730;81767;0;55.9;47.2;0.0
46;2021-07-19;589;1054;0;97319;82821;0;56.2;47.8;0.0
46;2021-07-20;850;1277;0;98169;84098;0;56.7;48.6;0.0
46;2021-07-21;781;1170;0;98950;85268;0;57.1;49.2;0.0
46;2021-07-22;1051;947;0;100001;86215;0;57.7;49.8;0.0
46;2021-07-23;674;1211;0;100675;87426;0;58.1;50.5;0.0
46;2021-07-24;810;633;0;101485;88059;0;58.6;50.9;0.0
46;2021-07-25;140;43;0;101625;88102;0;58.7;50.9;0.0
46;2021-07-26;762;755;0;102387;88857;0;59.1;51.3;0.0
46;2021-07-27;998;790;0;103385;89647;0;59.7;51.8;0.0
46;2021-07-28;1023;880;0;104408;90527;0;60.3;52.3;0.0
46;2021-07-29;1294;714;0;105702;91241;0;61.0;52.7;0.0
46;2021-07-30;1515;759;0;107217;92000;0;61.9;53.1;0.0
46;2021-07-31;778;587;0;107995;92587;0;62.4;53.5;0.0
46;2021-08-01;67;26;0;108062;92613;0;62.4;53.5;0.0
46;2021-08-02;856;511;0;108918;93124;0;62.9;53.8;0.0
46;2021-08-03;1053;505;0;109971;93629;0;63.5;54.1;0.0
46;2021-08-04;1231;409;0;111202;94038;0;64.2;54.3;0.0
46;2021-08-05;1106;680;0;112308;94718;0;64.9;54.7;0.0
46;2021-08-06;1071;615;0;113379;95333;0;65.5;55.1;0.0
46;2021-08-07;533;420;0;113912;95753;0;65.8;55.3;0.0
46;2021-08-08;116;53;0;114028;95806;0;65.8;55.3;0.0
46;2021-08-09;774;555;0;114802;96361;0;66.3;55.6;0.0
46;2021-08-10;966;726;0;115768;97087;0;66.9;56.1;0.0
46;2021-08-11;950;718;0;116718;97805;0;67.4;56.5;0.0
46;2021-08-12;795;596;0;117513;98401;0;67.9;56.8;0.0
46;2021-08-13;760;736;0;118273;99137;0;68.3;57.2;0.0
46;2021-08-14;459;624;0;118732;99761;0;68.6;57.6;0.0
46;2021-08-15;41;53;0;118773;99814;0;68.6;57.6;0.0
46;2021-08-16;634;658;0;119407;100472;0;69.0;58.0;0.0
46;2021-08-17;744;989;0;120151;101461;0;69.4;58.6;0.0
46;2021-08-18;583;841;0;120734;102302;0;69.7;59.1;0.0
46;2021-08-19;529;1076;0;121263;103378;0;70.0;59.7;0.0
46;2021-08-20;439;1199;0;121702;104577;0;70.3;60.4;0.0
46;2021-08-21;304;521;0;122006;105098;0;70.5;60.7;0.0
46;2021-08-22;18;48;0;122024;105146;0;70.5;60.7;0.0
46;2021-08-23;361;1023;0;122385;106169;0;70.7;61.3;0.0
46;2021-08-24;461;1136;0;122846;107305;0;70.9;62.0;0.0
46;2021-08-25;396;1053;0;123242;108358;0;71.2;62.6;0.0
46;2021-08-26;353;904;0;123595;109262;0;71.4;63.1;0.0
46;2021-08-27;379;1305;0;123974;110567;0;71.6;63.9;0.0
46;2021-08-28;232;550;0;124206;111117;0;71.7;64.2;0.0
46;2021-08-29;14;42;0;124220;111159;0;71.7;64.2;0.0
46;2021-08-30;278;958;17;124498;112117;17;71.9;64.7;0.0
46;2021-08-31;300;1079;32;124798;113196;49;72.1;65.4;0.0
46;2021-09-01;377;948;50;125175;114144;99;72.3;65.9;0.1
46;2021-09-02;246;839;41;125421;114983;140;72.4;66.4;0.1
46;2021-09-03;292;966;100;125713;115949;240;72.6;67.0;0.1
46;2021-09-04;197;542;32;125910;116491;272;72.7;67.3;0.2
46;2021-09-05;12;40;3;125922;116531;275;72.7;67.3;0.2
46;2021-09-06;201;586;82;126123;117117;357;72.8;67.6;0.2
46;2021-09-07;226;677;93;126349;117794;450;73.0;68.0;0.3
46;2021-09-08;240;679;91;126589;118473;541;73.1;68.4;0.3
46;2021-09-09;190;458;101;126779;118931;642;73.2;68.7;0.4
46;2021-09-10;269;730;148;127048;119661;790;73.4;69.1;0.5
46;2021-09-11;153;338;34;127201;119999;824;73.5;69.3;0.5
46;2021-09-12;8;31;4;127209;120030;828;73.5;69.3;0.5
46;2021-09-13;166;435;163;127375;120465;991;73.6;69.6;0.6
46;2021-09-14;253;385;340;127628;120850;1331;73.7;69.8;0.8
46;2021-09-15;229;545;183;127857;121395;1514;73.8;70.1;0.9
46;2021-09-16;126;240;119;127983;121635;1633;73.9;70.2;0.9
46;2021-09-17;217;445;207;128200;122080;1840;74.0;70.5;1.1
46;2021-09-18;96;357;31;128296;122437;1871;74.1;70.7;1.1
46;2021-09-19;4;21;0;128300;122458;1871;74.1;70.7;1.1
46;2021-09-20;65;324;141;128365;122782;2012;74.1;70.9;1.2
46;2021-09-21;81;212;210;128446;122994;2222;74.2;71.0;1.3
46;2021-09-22;114;443;268;128560;123437;2490;74.2;71.3;1.4
46;2021-09-23;81;204;383;128641;123641;2873;74.3;71.4;1.7
46;2021-09-24;90;366;225;128731;124007;3098;74.3;71.6;1.8
46;2021-09-25;74;223;41;128805;124230;3139;74.4;71.7;1.8
46;2021-09-26;5;11;4;128810;124241;3143;74.4;71.7;1.8
46;2021-09-27;74;214;200;128884;124455;3343;74.4;71.9;1.9
46;2021-09-28;53;215;149;128937;124670;3492;74.5;72.0;2.0
46;2021-09-29;74;271;182;129011;124941;3674;74.5;72.2;2.1
46;2021-09-30;62;140;206;129073;125081;3880;74.5;72.2;2.2
46;2021-10-01;111;265;142;129184;125346;4022;74.6;72.4;2.3
46;2021-10-02;85;191;57;129269;125537;4079;74.7;72.5;2.4
46;2021-10-03;0;1;0;129269;125538;4079;74.7;72.5;2.4
46;2021-10-04;67;171;204;129336;125709;4283;74.7;72.6;2.5
46;2021-10-05;64;215;202;129400;125924;4485;74.7;72.7;2.6
46;2021-10-06;67;196;197;129467;126120;4682;74.8;72.8;2.7
46;2021-10-07;65;165;274;129532;126285;4956;74.8;72.9;2.9
46;2021-10-08;115;259;321;129647;126544;5277;74.9;73.1;3.0
46;2021-10-09;73;139;111;129720;126683;5388;74.9;73.2;3.1
46;2021-10-10;0;7;0;129720;126690;5388;74.9;73.2;3.1
46;2021-10-11;64;131;234;129784;126821;5622;74.9;73.2;3.2
46;2021-10-12;45;82;266;129829;126903;5888;75.0;73.3;3.4
46;2021-10-13;68;146;292;129897;127049;6180;75.0;73.4;3.6
46;2021-10-14;59;120;321;129956;127169;6501;75.0;73.4;3.8
46;2021-10-15;96;188;293;130052;127357;6794;75.1;73.5;3.9
46;2021-10-16;56;99;108;130108;127456;6902;75.1;73.6;4.0
46;2021-10-17;1;7;1;130109;127463;6903;75.1;73.6;4.0
46;2021-10-18;33;69;251;130142;127532;7154;75.2;73.6;4.1
46;2021-10-19;43;54;264;130185;127586;7418;75.2;73.7;4.3
46;2021-10-20;53;96;356;130238;127682;7774;75.2;73.7;4.5
46;2021-10-21;37;64;211;130275;127746;7985;75.2;73.8;4.6
46;2021-10-22;80;118;433;130355;127864;8418;75.3;73.8;4.9
46;2021-10-23;43;69;126;130398;127933;8544;75.3;73.9;4.9
46;2021-10-24;4;6;3;130402;127939;8547;75.3;73.9;4.9
46;2021-10-25;41;49;250;130443;127988;8797;75.3;73.9;5.1
46;2021-10-26;41;49;286;130484;128037;9083;75.4;73.9;5.2
46;2021-10-27;56;104;357;130540;128141;9440;75.4;74.0;5.5
46;2021-10-28;59;66;195;130599;128207;9635;75.4;74.0;5.6
46;2021-10-29;59;105;315;130658;128312;9950;75.5;74.1;5.7
46;2021-10-30;42;72;188;130700;128384;10138;75.5;74.1;5.9
46;2021-10-31;4;0;5;130704;128384;10143;75.5;74.1;5.9
46;2021-11-01;4;2;18;130708;128386;10161;75.5;74.1;5.9
46;2021-11-02;39;75;358;130747;128461;10519;75.5;74.2;6.1
46;2021-11-03;43;95;414;130790;128556;10933;75.5;74.2;6.3
46;2021-11-04;21;47;218;130811;128603;11151;75.5;74.3;6.4
46;2021-11-05;53;103;440;130864;128706;11591;75.6;74.3;6.7
46;2021-11-06;52;78;328;130916;128784;11919;75.6;74.4;6.9
46;2021-11-07;3;1;11;130919;128785;11930;75.6;74.4;6.9
46;2021-11-08;21;52;398;130940;128837;12328;75.6;74.4;7.1
46;2021-11-09;51;59;573;130991;128896;12901;75.6;74.4;7.5
46;2021-11-10;65;66;655;131056;128962;13556;75.7;74.5;7.8
46;2021-11-11;4;2;19;131060;128964;13575;75.7;74.5;7.8
46;2021-11-12;41;70;504;131101;129034;14079;75.7;74.5;8.1
46;2021-11-13;37;55;242;131138;129089;14321;75.7;74.5;8.3
46;2021-11-14;4;3;18;131142;129092;14339;75.7;74.5;8.3
46;2021-11-15;36;41;442;131178;129133;14781;75.8;74.6;8.5
46;2021-11-16;48;40;644;131226;129173;15425;75.8;74.6;8.9
46;2021-11-17;73;77;739;131299;129250;16164;75.8;74.6;9.3
46;2021-11-18;33;48;524;131332;129298;16688;75.8;74.7;9.6
46;2021-11-19;58;70;760;131390;129368;17448;75.9;74.7;10.1
46;2021-11-20;59;51;408;131449;129419;17856;75.9;74.7;10.3
46;2021-11-21;6;6;15;131455;129425;17871;75.9;74.7;10.3
46;2021-11-22;22;36;561;131477;129461;18432;75.9;74.8;10.6
46;2021-11-23;57;33;730;131534;129494;19162;76.0;74.8;11.1
46;2021-11-24;42;57;840;131576;129551;20002;76.0;74.8;11.6
46;2021-11-25;69;42;1168;131645;129593;21170;76.0;74.8;12.2
46;2021-11-26;62;57;1223;131707;129650;22393;76.1;74.9;12.9
46;2021-11-27;64;59;984;131771;129709;23377;76.1;74.9;13.5
46;2021-11-28;18;10;445;131789;129719;23822;76.1;74.9;13.8
46;2021-11-29;33;28;831;131822;129747;24653;76.1;74.9;14.2
46;2021-11-30;49;33;1563;131871;129780;26216;76.2;74.9;15.1
46;2021-12-01;68;67;1319;131939;129847;27535;76.2;75.0;15.9
46;2021-12-02;44;41;1525;131983;129888;29060;76.2;75.0;16.8
46;2021-12-03;62;67;1712;132045;129955;30772;76.3;75.0;17.8
46;2021-12-04;48;47;1289;132093;130002;32061;76.3;75.1;18.5
46;2021-12-05;24;3;454;132117;130005;32515;76.3;75.1;18.8
46;2021-12-06;56;62;1701;132173;130067;34216;76.3;75.1;19.8
46;2021-12-07;42;53;1996;132215;130120;36212;76.4;75.1;20.9
46;2021-12-08;58;77;1778;132273;130197;37990;76.4;75.2;21.9
46;2021-12-09;51;45;1797;132324;130242;39787;76.4;75.2;23.0
46;2021-12-10;58;55;2229;132382;130297;42016;76.4;75.2;24.3
46;2021-12-11;49;57;1097;132431;130354;43113;76.5;75.3;24.9
46;2021-12-12;8;8;234;132439;130362;43347;76.5;75.3;25.0
46;2021-12-13;64;49;1791;132503;130411;45138;76.5;75.3;26.1
46;2021-12-14;76;64;2665;132579;130475;47803;76.6;75.3;27.6
46;2021-12-15;61;68;2252;132640;130543;50055;76.6;75.4;28.9
47;2020-12-27;0;0;0;0;0;0;0.0;0.0;0.0
47;2020-12-28;0;0;0;0;0;0;0.0;0.0;0.0
47;2020-12-29;0;0;0;0;0;0;0.0;0.0;0.0
47;2020-12-30;0;0;0;0;0;0;0.0;0.0;0.0
47;2020-12-31;0;0;0;0;0;0;0.0;0.0;0.0
47;2021-01-01;4;0;0;4;0;0;0.0;0.0;0.0
47;2021-01-02;0;0;0;4;0;0;0.0;0.0;0.0
47;2021-01-03;0;0;0;4;0;0;0.0;0.0;0.0
47;2021-01-04;2;0;0;6;0;0;0.0;0.0;0.0
47;2021-01-05;2;0;0;8;0;0;0.0;0.0;0.0
47;2021-01-06;1;0;0;9;0;0;0.0;0.0;0.0
47;2021-01-07;74;1;0;83;1;0;0.0;0.0;0.0
47;2021-01-08;304;0;0;387;1;0;0.1;0.0;0.0
47;2021-01-09;113;0;0;500;1;0;0.2;0.0;0.0
47;2021-01-10;1;0;0;501;1;0;0.2;0.0;0.0
47;2021-01-11;231;0;0;732;1;0;0.2;0.0;0.0
47;2021-01-12;311;0;0;1043;1;0;0.3;0.0;0.0
47;2021-01-13;343;0;0;1386;1;0;0.4;0.0;0.0
47;2021-01-14;365;5;0;1751;6;0;0.5;0.0;0.0
47;2021-01-15;269;1;0;2020;7;0;0.6;0.0;0.0
47;2021-01-16;170;4;0;2190;11;0;0.7;0.0;0.0
47;2021-01-17;2;0;0;2192;11;0;0.7;0.0;0.0
47;2021-01-18;477;3;0;2669;14;0;0.8;0.0;0.0
47;2021-01-19;479;3;0;3148;17;0;1.0;0.0;0.0
47;2021-01-20;520;2;0;3668;19;0;1.1;0.0;0.0
47;2021-01-21;576;2;0;4244;21;0;1.3;0.0;0.0
47;2021-01-22;449;1;0;4693;22;0;1.4;0.0;0.0
47;2021-01-23;375;0;0;5068;22;0;1.5;0.0;0.0
47;2021-01-24;0;0;0;5068;22;0;1.5;0.0;0.0
47;2021-01-25;426;0;0;5494;22;0;1.7;0.0;0.0
47;2021-01-26;743;6;0;6237;28;0;1.9;0.0;0.0
47;2021-01-27;743;2;0;6980;30;0;2.1;0.0;0.0
47;2021-01-28;526;65;0;7506;95;0;2.3;0.0;0.0
47;2021-01-29;436;164;0;7942;259;0;2.4;0.1;0.0
47;2021-01-30;289;40;0;8231;299;0;2.5;0.1;0.0
47;2021-01-31;0;0;0;8231;299;0;2.5;0.1;0.0
47;2021-02-01;348;111;0;8579;410;0;2.6;0.1;0.0
47;2021-02-02;700;307;0;9279;717;0;2.8;0.2;0.0
47;2021-02-03;416;164;0;9695;881;0;2.9;0.3;0.0
47;2021-02-04;385;312;0;10080;1193;0;3.1;0.4;0.0
47;2021-02-05;309;290;0;10389;1483;0;3.1;0.4;0.0
47;2021-02-06;284;96;0;10673;1579;0;3.2;0.5;0.0
47;2021-02-07;1;2;0;10674;1581;0;3.2;0.5;0.0
47;2021-02-08;184;277;0;10858;1858;0;3.3;0.6;0.0
47;2021-02-09;224;274;0;11082;2132;0;3.4;0.6;0.0
47;2021-02-10;262;225;0;11344;2357;0;3.4;0.7;0.0
47;2021-02-11;340;325;0;11684;2682;0;3.5;0.8;0.0
47;2021-02-12;264;390;0;11948;3072;0;3.6;0.9;0.0
47;2021-02-13;223;102;0;12171;3174;0;3.7;1.0;0.0
47;2021-02-14;6;0;0;12177;3174;0;3.7;1.0;0.0
47;2021-02-15;176;377;0;12353;3551;0;3.7;1.1;0.0
47;2021-02-16;298;540;0;12651;4091;0;3.8;1.2;0.0
47;2021-02-17;294;456;0;12945;4547;0;3.9;1.4;0.0
47;2021-02-18;210;557;0;13155;5104;0;4.0;1.5;0.0
47;2021-02-19;212;357;0;13367;5461;0;4.0;1.7;0.0
47;2021-02-20;118;249;0;13485;5710;0;4.1;1.7;0.0
47;2021-02-21;1;0;0;13486;5710;0;4.1;1.7;0.0
47;2021-02-22;76;404;0;13562;6114;0;4.1;1.9;0.0
47;2021-02-23;165;598;0;13727;6712;0;4.2;2.0;0.0
47;2021-02-24;259;561;0;13986;7273;0;4.2;2.2;0.0
47;2021-02-25;356;444;0;14342;7717;0;4.3;2.3;0.0
47;2021-02-26;482;316;0;14824;8033;0;4.5;2.4;0.0
47;2021-02-27;318;212;0;15142;8245;0;4.6;2.5;0.0
47;2021-02-28;0;2;0;15142;8247;0;4.6;2.5;0.0
47;2021-03-01;144;394;0;15286;8641;0;4.6;2.6;0.0
47;2021-03-02;237;368;0;15523;9009;0;4.7;2.7;0.0
47;2021-03-03;265;354;0;15788;9363;0;4.8;2.8;0.0
47;2021-03-04;643;334;0;16431;9697;0;5.0;2.9;0.0
47;2021-03-05;874;288;0;17305;9985;0;5.2;3.0;0.0
47;2021-03-06;509;187;0;17814;10172;0;5.4;3.1;0.0
47;2021-03-07;318;9;0;18132;10181;0;5.5;3.1;0.0
47;2021-03-08;482;222;0;18614;10403;0;5.6;3.1;0.0
47;2021-03-09;522;460;0;19136;10863;0;5.8;3.3;0.0
47;2021-03-10;673;308;0;19809;11171;0;6.0;3.4;0.0
47;2021-03-11;963;386;0;20772;11557;0;6.3;3.5;0.0
47;2021-03-12;1409;316;0;22181;11873;0;6.7;3.6;0.0
47;2021-03-13;914;107;0;23095;11980;0;7.0;3.6;0.0
47;2021-03-14;48;0;0;23143;11980;0;7.0;3.6;0.0
47;2021-03-15;629;154;0;23772;12134;0;7.2;3.7;0.0
47;2021-03-16;782;202;0;24554;12336;0;7.4;3.7;0.0
47;2021-03-17;864;223;0;25418;12559;0;7.7;3.8;0.0
47;2021-03-18;930;190;0;26348;12749;0;8.0;3.9;0.0
47;2021-03-19;1284;135;0;27632;12884;0;8.4;3.9;0.0
47;2021-03-20;1055;58;0;28687;12942;0;8.7;3.9;0.0
47;2021-03-21;335;1;0;29022;12943;0;8.8;3.9;0.0
47;2021-03-22;1027;120;0;30049;13063;0;9.1;4.0;0.0
47;2021-03-23;1186;183;0;31235;13246;0;9.5;4.0;0.0
47;2021-03-24;1232;162;0;32467;13408;0;9.8;4.1;0.0
47;2021-03-25;1556;164;0;34023;13572;0;10.3;4.1;0.0
47;2021-03-26;1887;222;0;35910;13794;0;10.9;4.2;0.0
47;2021-03-27;965;127;0;36875;13921;0;11.2;4.2;0.0
47;2021-03-28;671;7;0;37546;13928;0;11.4;4.2;0.0
47;2021-03-29;1488;114;0;39034;14042;0;11.8;4.3;0.0
47;2021-03-30;1645;148;0;40679;14190;0;12.3;4.3;0.0
47;2021-03-31;1627;185;0;42306;14375;0;12.8;4.4;0.0
47;2021-04-01;1749;278;0;44055;14653;0;13.3;4.4;0.0
47;2021-04-02;1969;451;0;46024;15104;0;13.9;4.6;0.0
47;2021-04-03;1202;182;0;47226;15286;0;14.3;4.6;0.0
47;2021-04-04;467;14;0;47693;15300;0;14.4;4.6;0.0
47;2021-04-05;1190;54;0;48883;15354;0;14.8;4.6;0.0
47;2021-04-06;1427;404;0;50310;15758;0;15.2;4.8;0.0
47;2021-04-07;1697;629;0;52007;16387;0;15.7;5.0;0.0
47;2021-04-08;1866;515;0;53873;16902;0;16.3;5.1;0.0
47;2021-04-09;2226;549;0;56099;17451;0;17.0;5.3;0.0
47;2021-04-10;1581;326;0;57680;17777;0;17.5;5.4;0.0
47;2021-04-11;522;13;0;58202;17790;0;17.6;5.4;0.0
47;2021-04-12;1494;636;0;59696;18426;0;18.1;5.6;0.0
47;2021-04-13;1875;794;0;61571;19220;0;18.6;5.8;0.0
47;2021-04-14;1812;735;0;63383;19955;0;19.2;6.0;0.0
47;2021-04-15;2030;862;0;65413;20817;0;19.8;6.3;0.0
47;2021-04-16;1819;897;0;67232;21714;0;20.4;6.6;0.0
47;2021-04-17;1456;945;0;68688;22659;0;20.8;6.9;0.0
47;2021-04-18;29;5;0;68717;22664;0;20.8;6.9;0.0
47;2021-04-19;1336;946;0;70053;23610;0;21.2;7.1;0.0
47;2021-04-20;1742;914;0;71795;24524;0;21.7;7.4;0.0
47;2021-04-21;1633;805;0;73428;25329;0;22.2;7.7;0.0
47;2021-04-22;1876;1025;0;75304;26354;0;22.8;8.0;0.0
47;2021-04-23;1724;1102;0;77028;27456;0;23.3;8.3;0.0
47;2021-04-24;1518;781;0;78546;28237;0;23.8;8.5;0.0
47;2021-04-25;260;336;0;78806;28573;0;23.9;8.6;0.0
47;2021-04-26;1433;1352;0;80239;29925;0;24.3;9.1;0.0
47;2021-04-27;1887;1465;0;82126;31390;0;24.9;9.5;0.0
47;2021-04-28;2008;1602;0;84134;32992;0;25.5;10.0;0.0
47;2021-04-29;2446;1515;0;86580;34507;0;26.2;10.4;0.0
47;2021-04-30;1983;1775;0;88563;36282;0;26.8;11.0;0.0
47;2021-05-01;2139;940;0;90702;37222;0;27.5;11.3;0.0
47;2021-05-02;40;357;0;90742;37579;0;27.5;11.4;0.0
47;2021-05-03;1520;1393;0;92262;38972;0;27.9;11.8;0.0
47;2021-05-04;1585;1742;0;93847;40714;0;28.4;12.3;0.0
47;2021-05-05;1833;1632;0;95680;42346;0;29.0;12.8;0.0
47;2021-05-06;1960;1517;0;97640;43863;0;29.6;13.3;0.0
47;2021-05-07;1923;1687;0;99563;45550;0;30.1;13.8;0.0
47;2021-05-08;1960;545;0;101523;46095;0;30.7;14.0;0.0
47;2021-05-09;32;362;0;101555;46457;0;30.7;14.1;0.0
47;2021-05-10;1104;1718;0;102659;48175;0;31.1;14.6;0.0
47;2021-05-11;1995;2024;0;104654;50199;0;31.7;15.2;0.0
47;2021-05-12;2342;1476;0;106996;51675;0;32.4;15.6;0.0
47;2021-05-13;1961;604;0;108957;52279;0;33.0;15.8;0.0
47;2021-05-14;1760;841;0;110717;53120;0;33.5;16.1;0.0
47;2021-05-15;1665;850;0;112382;53970;0;34.0;16.3;0.0
47;2021-05-16;310;11;0;112692;53981;0;34.1;16.3;0.0
47;2021-05-17;1679;1164;0;114371;55145;0;34.6;16.7;0.0
47;2021-05-18;2076;1209;0;116447;56354;0;35.3;17.1;0.0
47;2021-05-19;2123;761;0;118570;57115;0;35.9;17.3;0.0
47;2021-05-20;2366;1000;0;120936;58115;0;36.6;17.6;0.0
47;2021-05-21;1412;1164;0;122348;59279;0;37.0;17.9;0.0
47;2021-05-22;2145;823;0;124493;60102;0;37.7;18.2;0.0
47;2021-05-23;46;186;0;124539;60288;0;37.7;18.3;0.0
47;2021-05-24;1356;254;0;125895;60542;0;38.1;18.3;0.0
47;2021-05-25;1389;1327;0;127284;61869;0;38.5;18.7;0.0
47;2021-05-26;1519;1118;0;128803;62987;0;39.0;19.1;0.0
47;2021-05-27;1840;1280;0;130643;64267;0;39.5;19.5;0.0
47;2021-05-28;1411;1562;0;132054;65829;0;40.0;19.9;0.0
47;2021-05-29;1054;1110;0;133108;66939;0;40.3;20.3;0.0
47;2021-05-30;27;50;0;133135;66989;0;40.3;20.3;0.0
47;2021-05-31;1770;1395;0;134905;68384;0;40.8;20.7;0.0
47;2021-06-01;1817;1388;0;136722;69772;0;41.4;21.1;0.0
47;2021-06-02;1933;1311;0;138655;71083;0;42.0;21.5;0.0
47;2021-06-03;2306;1591;0;140961;72674;0;42.7;22.0;0.0
47;2021-06-04;1842;2075;0;142803;74749;0;43.2;22.6;0.0
47;2021-06-05;1480;1444;0;144283;76193;0;43.7;23.1;0.0
47;2021-06-06;223;80;0;144506;76273;0;43.7;23.1;0.0
47;2021-06-07;1542;2140;0;146048;78413;0;44.2;23.7;0.0
47;2021-06-08;1547;1827;0;147595;80240;0;44.7;24.3;0.0
47;2021-06-09;1660;2034;0;149255;82274;0;45.2;24.9;0.0
47;2021-06-10;2207;1604;0;151462;83878;0;45.9;25.4;0.0
47;2021-06-11;1731;2036;0;153193;85914;0;46.4;26.0;0.0
47;2021-06-12;1175;2021;0;154368;87935;0;46.7;26.6;0.0
47;2021-06-13;39;26;0;154407;87961;0;46.7;26.6;0.0
47;2021-06-14;1195;2321;0;155602;90282;0;47.1;27.3;0.0
47;2021-06-15;1381;1968;0;156983;92250;0;47.5;27.9;0.0
47;2021-06-16;1111;2068;0;158094;94318;0;47.9;28.6;0.0
47;2021-06-17;1529;1484;0;159623;95802;0;48.3;29.0;0.0
47;2021-06-18;1353;2435;0;160976;98237;0;48.7;29.7;0.0
47;2021-06-19;1349;2203;0;162325;100440;0;49.1;30.4;0.0
47;2021-06-20;22;50;0;162347;100490;0;49.1;30.4;0.0
47;2021-06-21;995;2273;0;163342;102763;0;49.4;31.1;0.0
47;2021-06-22;766;2338;0;164108;105101;0;49.7;31.8;0.0
47;2021-06-23;968;1898;0;165076;106999;0;50.0;32.4;0.0
47;2021-06-24;1162;1858;0;166238;108857;0;50.3;33.0;0.0
47;2021-06-25;943;2447;0;167181;111304;0;50.6;33.7;0.0
47;2021-06-26;878;2422;0;168059;113726;0;50.9;34.4;0.0
47;2021-06-27;24;300;0;168083;114026;0;50.9;34.5;0.0
47;2021-06-28;764;2202;0;168847;116228;0;51.1;35.2;0.0
47;2021-06-29;770;2196;0;169617;118424;0;51.3;35.8;0.0
47;2021-06-30;735;2127;0;170352;120551;0;51.6;36.5;0.0
47;2021-07-01;815;2001;0;171167;122552;0;51.8;37.1;0.0
47;2021-07-02;837;2123;0;172004;124675;0;52.1;37.7;0.0
47;2021-07-03;661;2761;0;172665;127436;0;52.3;38.6;0.0
47;2021-07-04;46;32;0;172711;127468;0;52.3;38.6;0.0
47;2021-07-05;873;2016;0;173584;129484;0;52.5;39.2;0.0
47;2021-07-06;867;1917;0;174451;131401;0;52.8;39.8;0.0
47;2021-07-07;1253;1948;0;175704;133349;0;53.2;40.4;0.0
47;2021-07-08;1066;2092;0;176770;135441;0;53.5;41.0;0.0
47;2021-07-09;969;2277;0;177739;137718;0;53.8;41.7;0.0
47;2021-07-10;830;1897;0;178569;139615;0;54.1;42.3;0.0
47;2021-07-11;13;43;0;178582;139658;0;54.1;42.3;0.0
47;2021-07-12;558;2364;0;179140;142022;0;54.2;43.0;0.0
47;2021-07-13;1047;2398;0;180187;144420;0;54.5;43.7;0.0
47;2021-07-14;975;1397;0;181162;145817;0;54.8;44.1;0.0
47;2021-07-15;1575;2925;0;182737;148742;0;55.3;45.0;0.0
47;2021-07-16;1604;2502;0;184341;151244;0;55.8;45.8;0.0
47;2021-07-17;1134;2211;0;185475;153455;0;56.1;46.5;0.0
47;2021-07-18;71;221;0;185546;153676;0;56.2;46.5;0.0
47;2021-07-19;979;2316;0;186525;155992;0;56.5;47.2;0.0
47;2021-07-20;1504;2244;0;188029;158236;0;56.9;47.9;0.0
47;2021-07-21;1931;2128;0;189960;160364;0;57.5;48.5;0.0
47;2021-07-22;2076;2198;0;192036;162562;0;58.1;49.2;0.0
47;2021-07-23;1975;2064;0;194011;164626;0;58.7;49.8;0.0
47;2021-07-24;1029;1647;0;195040;166273;0;59.0;50.3;0.0
47;2021-07-25;78;47;0;195118;166320;0;59.1;50.3;0.0
47;2021-07-26;1240;1782;0;196358;168102;0;59.4;50.9;0.0
47;2021-07-27;2052;1529;0;198410;169631;0;60.1;51.4;0.0
47;2021-07-28;1800;1616;0;200210;171247;0;60.6;51.8;0.0
47;2021-07-29;2230;1592;0;202440;172839;0;61.3;52.3;0.0
47;2021-07-30;1860;1567;0;204300;174406;0;61.8;52.8;0.0
47;2021-07-31;1322;1444;0;205622;175850;0;62.2;53.2;0.0
47;2021-08-01;66;36;0;205688;175886;0;62.3;53.2;0.0
47;2021-08-02;1853;1127;0;207541;177013;0;62.8;53.6;0.0
47;2021-08-03;1953;1053;0;209494;178066;0;63.4;53.9;0.0
47;2021-08-04;2056;1291;0;211550;179357;0;64.0;54.3;0.0
47;2021-08-05;2216;1324;0;213766;180681;0;64.7;54.7;0.0
47;2021-08-06;1837;1685;0;215603;182366;0;65.3;55.2;0.0
47;2021-08-07;1372;1180;0;216975;183546;0;65.7;55.6;0.0
47;2021-08-08;56;42;0;217031;183588;0;65.7;55.6;0.0
47;2021-08-09;1730;1131;0;218761;184719;0;66.2;55.9;0.0
47;2021-08-10;1753;1196;0;220514;185915;0;66.8;56.3;0.0
47;2021-08-11;1671;1321;0;222185;187236;0;67.3;56.7;0.0
47;2021-08-12;1794;1226;0;223979;188462;0;67.8;57.1;0.0
47;2021-08-13;1295;1514;0;225274;189976;0;68.2;57.5;0.0
47;2021-08-14;1161;1256;0;226435;191232;0;68.5;57.9;0.0
47;2021-08-15;29;43;0;226464;191275;0;68.6;57.9;0.0
47;2021-08-16;1259;1303;0;227723;192578;0;68.9;58.3;0.0
47;2021-08-17;1066;1597;0;228789;194175;0;69.3;58.8;0.0
47;2021-08-18;1143;1678;0;229932;195853;0;69.6;59.3;0.0
47;2021-08-19;942;1645;0;230874;197498;0;69.9;59.8;0.0
47;2021-08-20;927;1658;0;231801;199156;0;70.2;60.3;0.0
47;2021-08-21;750;1194;0;232551;200350;0;70.4;60.7;0.0
47;2021-08-22;23;57;0;232574;200407;0;70.4;60.7;0.0
47;2021-08-23;594;1761;0;233168;202168;0;70.6;61.2;0.0
47;2021-08-24;793;1605;0;233961;203773;0;70.8;61.7;0.0
47;2021-08-25;747;1779;0;234708;205552;0;71.1;62.2;0.0
47;2021-08-26;704;2042;0;235412;207594;0;71.3;62.8;0.0
47;2021-08-27;681;1844;0;236093;209438;0;71.5;63.4;0.0
47;2021-08-28;507;1497;0;236600;210935;0;71.6;63.9;0.0
47;2021-08-29;19;66;0;236619;211001;0;71.6;63.9;0.0
47;2021-08-30;449;1799;19;237068;212800;19;71.8;64.4;0.0
47;2021-08-31;531;1740;27;237599;214540;46;71.9;64.9;0.0
47;2021-09-01;445;1844;64;238044;216384;110;72.1;65.5;0.0
47;2021-09-02;466;1812;81;238510;218196;191;72.2;66.1;0.1
47;2021-09-03;507;1699;114;239017;219895;305;72.4;66.6;0.1
47;2021-09-04;442;1485;76;239459;221380;381;72.5;67.0;0.1
47;2021-09-05;19;58;2;239478;221438;383;72.5;67.0;0.1
47;2021-09-06;346;1212;170;239824;222650;553;72.6;67.4;0.2
47;2021-09-07;452;1074;159;240276;223724;712;72.7;67.7;0.2
47;2021-09-08;421;1406;142;240697;225130;854;72.9;68.2;0.3
47;2021-09-09;420;1017;249;241117;226147;1103;73.0;68.5;0.3
47;2021-09-10;455;1147;183;241572;227294;1286;73.1;68.8;0.4
47;2021-09-11;380;1234;57;241952;228528;1343;73.2;69.2;0.4
47;2021-09-12;6;18;2;241958;228546;1345;73.2;69.2;0.4
47;2021-09-13;253;772;267;242211;229318;1612;73.3;69.4;0.5
47;2021-09-14;389;765;357;242600;230083;1969;73.4;69.7;0.6
47;2021-09-15;330;868;192;242930;230951;2161;73.5;69.9;0.7
47;2021-09-16;335;559;396;243265;231510;2557;73.6;70.1;0.8
47;2021-09-17;378;652;224;243643;232162;2781;73.8;70.3;0.8
47;2021-09-18;237;881;78;243880;233043;2859;73.8;70.5;0.9
47;2021-09-19;7;14;6;243887;233057;2865;73.8;70.6;0.9
47;2021-09-20;183;498;365;244070;233555;3230;73.9;70.7;1.0
47;2021-09-21;250;397;358;244320;233952;3588;74.0;70.8;1.1
47;2021-09-22;203;608;269;244523;234560;3857;74.0;71.0;1.2
47;2021-09-23;192;387;423;244715;234947;4280;74.1;71.1;1.3
47;2021-09-24;270;606;324;244985;235553;4604;74.2;71.3;1.4
47;2021-09-25;181;565;80;245166;236118;4684;74.2;71.5;1.4
47;2021-09-26;3;9;3;245169;236127;4687;74.2;71.5;1.4
47;2021-09-27;111;375;161;245280;236502;4848;74.3;71.6;1.5
47;2021-09-28;129;358;227;245409;236860;5075;74.3;71.7;1.5
47;2021-09-29;158;444;211;245567;237304;5286;74.3;71.8;1.6
47;2021-09-30;161;354;386;245728;237658;5672;74.4;71.9;1.7
47;2021-10-01;224;520;207;245952;238178;5879;74.5;72.1;1.8
47;2021-10-02;191;433;120;246143;238611;5999;74.5;72.2;1.8
47;2021-10-03;0;6;0;246143;238617;5999;74.5;72.2;1.8
47;2021-10-04;134;329;291;246277;238946;6290;74.6;72.3;1.9
47;2021-10-05;114;309;226;246391;239255;6516;74.6;72.4;2.0
47;2021-10-06;218;416;275;246609;239671;6791;74.7;72.6;2.1
47;2021-10-07;144;359;343;246753;240030;7134;74.7;72.7;2.2
47;2021-10-08;179;398;315;246932;240428;7449;74.8;72.8;2.3
47;2021-10-09;214;327;193;247146;240755;7642;74.8;72.9;2.3
47;2021-10-10;1;9;14;247147;240764;7656;74.8;72.9;2.3
47;2021-10-11;127;214;296;247274;240978;7952;74.9;72.9;2.4
47;2021-10-12;123;263;381;247397;241241;8333;74.9;73.0;2.5
47;2021-10-13;139;262;252;247536;241503;8585;74.9;73.1;2.6
47;2021-10-14;91;209;311;247627;241712;8896;75.0;73.2;2.7
47;2021-10-15;162;355;409;247789;242067;9305;75.0;73.3;2.8
47;2021-10-16;175;224;246;247964;242291;9551;75.1;73.3;2.9
47;2021-10-17;1;7;4;247965;242298;9555;75.1;73.3;2.9
47;2021-10-18;125;200;445;248090;242498;10000;75.1;73.4;3.0
47;2021-10-19;113;180;394;248203;242678;10394;75.1;73.5;3.1
47;2021-10-20;133;174;432;248336;242852;10826;75.2;73.5;3.3
47;2021-10-21;107;135;435;248443;242987;11261;75.2;73.6;3.4
47;2021-10-22;117;188;494;248560;243175;11755;75.2;73.6;3.6
47;2021-10-23;159;221;311;248719;243396;12066;75.3;73.7;3.7
47;2021-10-24;2;7;4;248721;243403;12070;75.3;73.7;3.7
47;2021-10-25;116;149;488;248837;243552;12558;75.3;73.7;3.8
47;2021-10-26;83;140;617;248920;243692;13175;75.4;73.8;4.0
47;2021-10-27;132;178;520;249052;243870;13695;75.4;73.8;4.1
47;2021-10-28;88;154;477;249140;244024;14172;75.4;73.9;4.3
47;2021-10-29;89;177;640;249229;244201;14812;75.4;73.9;4.5
47;2021-10-30;84;200;328;249313;244401;15140;75.5;74.0;4.6
47;2021-10-31;0;4;5;249313;244405;15145;75.5;74.0;4.6
47;2021-11-01;19;15;105;249332;244420;15250;75.5;74.0;4.6
47;2021-11-02;117;147;635;249449;244567;15885;75.5;74.0;4.8
47;2021-11-03;96;176;709;249545;244743;16594;75.5;74.1;5.0
47;2021-11-04;89;117;780;249634;244860;17374;75.6;74.1;5.3
47;2021-11-05;119;163;783;249753;245023;18157;75.6;74.2;5.5
47;2021-11-06;115;208;484;249868;245231;18641;75.6;74.2;5.6
47;2021-11-07;2;13;16;249870;245244;18657;75.6;74.2;5.6
47;2021-11-08;64;139;846;249934;245383;19503;75.7;74.3;5.9
47;2021-11-09;99;150;1101;250033;245533;20604;75.7;74.3;6.2
47;2021-11-10;113;175;986;250146;245708;21590;75.7;74.4;6.5
47;2021-11-11;39;29;283;250185;245737;21873;75.7;74.4;6.6
47;2021-11-12;88;144;1075;250273;245881;22948;75.8;74.4;6.9
47;2021-11-13;114;169;561;250387;246050;23509;75.8;74.5;7.1
47;2021-11-14;1;6;17;250388;246056;23526;75.8;74.5;7.1
47;2021-11-15;81;104;1469;250469;246160;24995;75.8;74.5;7.6
47;2021-11-16;96;129;1593;250565;246289;26588;75.9;74.6;8.0
47;2021-11-17;139;142;1174;250704;246431;27762;75.9;74.6;8.4
47;2021-11-18;88;88;1145;250792;246519;28907;75.9;74.6;8.8
47;2021-11-19;126;125;1398;250918;246644;30305;76.0;74.7;9.2
47;2021-11-20;145;150;844;251063;246794;31149;76.0;74.7;9.4
47;2021-11-21;8;10;20;251071;246804;31169;76.0;74.7;9.4
47;2021-11-22;69;59;1052;251140;246863;32221;76.0;74.7;9.8
47;2021-11-23;117;88;1704;251257;246951;33925;76.1;74.8;10.3
47;2021-11-24;154;154;1362;251411;247105;35287;76.1;74.8;10.7
47;2021-11-25;126;98;1523;251537;247203;36810;76.1;74.8;11.1
47;2021-11-26;128;129;1854;251665;247332;38664;76.2;74.9;11.7
47;2021-11-27;140;140;1553;251805;247472;40217;76.2;74.9;12.2
47;2021-11-28;9;9;168;251814;247481;40385;76.2;74.9;12.2
47;2021-11-29;83;90;2321;251897;247571;42706;76.3;74.9;12.9
47;2021-11-30;131;128;3113;252028;247699;45819;76.3;75.0;13.9
47;2021-12-01;111;132;2778;252139;247831;48597;76.3;75.0;14.7
47;2021-12-02;116;91;2967;252255;247922;51564;76.4;75.1;15.6
47;2021-12-03;124;119;3319;252379;248041;54883;76.4;75.1;16.6
47;2021-12-04;88;127;2195;252467;248168;57078;76.4;75.1;17.3
47;2021-12-05;62;23;1212;252529;248191;58290;76.4;75.1;17.6
47;2021-12-06;87;90;2840;252616;248281;61130;76.5;75.2;18.5
47;2021-12-07;122;118;4159;252738;248399;65289;76.5;75.2;19.8
47;2021-12-08;124;135;3460;252862;248534;68749;76.5;75.2;20.8
47;2021-12-09;121;105;3604;252983;248639;72353;76.6;75.3;21.9
47;2021-12-10;133;145;3709;253116;248784;76062;76.6;75.3;23.0
47;2021-12-11;108;142;2970;253224;248926;79032;76.7;75.4;23.9
47;2021-12-12;9;9;344;253233;248935;79376;76.7;75.4;24.0
47;2021-12-13;96;108;3147;253329;249043;82523;76.7;75.4;25.0
47;2021-12-14;118;136;4077;253447;249179;86600;76.7;75.4;26.2
47;2021-12-15;119;168;3153;253566;249347;89753;76.8;75.5;27.2
48;2020-12-27;0;0;0;0;0;0;0.0;0.0;0.0
48;2020-12-28;0;0;0;0;0;0;0.0;0.0;0.0
48;2020-12-29;1;0;0;1;0;0;0.0;0.0;0.0
48;2020-12-30;0;0;0;1;0;0;0.0;0.0;0.0
48;2020-12-31;0;0;0;1;0;0;0.0;0.0;0.0
48;2021-01-01;1;0;0;2;0;0;0.0;0.0;0.0
48;2021-01-02;0;0;0;2;0;0;0.0;0.0;0.0
48;2021-01-03;0;0;0;2;0;0;0.0;0.0;0.0
48;2021-01-04;1;0;0;3;0;0;0.0;0.0;0.0
48;2021-01-05;0;0;0;3;0;0;0.0;0.0;0.0
48;2021-01-06;0;0;0;3;0;0;0.0;0.0;0.0
48;2021-01-07;53;0;0;56;0;0;0.1;0.0;0.0
48;2021-01-08;88;1;0;144;1;0;0.2;0.0;0.0
48;2021-01-09;1;0;0;145;1;0;0.2;0.0;0.0
48;2021-01-10;0;0;0;145;1;0;0.2;0.0;0.0
48;2021-01-11;14;0;0;159;1;0;0.2;0.0;0.0
48;2021-01-12;24;1;0;183;2;0;0.2;0.0;0.0
48;2021-01-13;89;0;0;272;2;0;0.4;0.0;0.0
48;2021-01-14;94;1;0;366;3;0;0.5;0.0;0.0
48;2021-01-15;62;0;0;428;3;0;0.6;0.0;0.0
48;2021-01-16;0;0;0;428;3;0;0.6;0.0;0.0
48;2021-01-17;0;0;0;428;3;0;0.6;0.0;0.0
48;2021-01-18;116;0;0;544;3;0;0.7;0.0;0.0
48;2021-01-19;297;2;0;841;5;0;1.1;0.0;0.0
48;2021-01-20;260;0;0;1101;5;0;1.4;0.0;0.0
48;2021-01-21;437;1;0;1538;6;0;2.0;0.0;0.0
48;2021-01-22;236;0;0;1774;6;0;2.3;0.0;0.0
48;2021-01-23;45;0;0;1819;6;0;2.4;0.0;0.0
48;2021-01-24;2;0;0;1821;6;0;2.4;0.0;0.0
48;2021-01-25;119;2;0;1940;8;0;2.5;0.0;0.0
48;2021-01-26;254;0;0;2194;8;0;2.9;0.0;0.0
48;2021-01-27;243;2;0;2437;10;0;3.2;0.0;0.0
48;2021-01-28;220;10;0;2657;20;0;3.5;0.0;0.0
48;2021-01-29;180;59;0;2837;79;0;3.7;0.1;0.0
48;2021-01-30;11;7;0;2848;86;0;3.7;0.1;0.0
48;2021-01-31;0;7;0;2848;93;0;3.7;0.1;0.0
48;2021-02-01;89;45;0;2937;138;0;3.8;0.2;0.0
48;2021-02-02;191;38;0;3128;176;0;4.1;0.2;0.0
48;2021-02-03;186;73;0;3314;249;0;4.3;0.3;0.0
48;2021-02-04;211;14;0;3525;263;0;4.6;0.3;0.0
48;2021-02-05;150;40;0;3675;303;0;4.8;0.4;0.0
48;2021-02-06;31;1;0;3706;304;0;4.9;0.4;0.0
48;2021-02-07;0;0;0;3706;304;0;4.9;0.4;0.0
48;2021-02-08;49;60;0;3755;364;0;4.9;0.5;0.0
48;2021-02-09;84;135;0;3839;499;0;5.0;0.7;0.0
48;2021-02-10;85;183;0;3924;682;0;5.1;0.9;0.0
48;2021-02-11;153;371;0;4077;1053;0;5.3;1.4;0.0
48;2021-02-12;125;148;0;4202;1201;0;5.5;1.6;0.0
48;2021-02-13;20;54;0;4222;1255;0;5.5;1.6;0.0
48;2021-02-14;0;0;0;4222;1255;0;5.5;1.6;0.0
48;2021-02-15;57;103;0;4279;1358;0;5.6;1.8;0.0
48;2021-02-16;65;150;0;4344;1508;0;5.7;2.0;0.0
48;2021-02-17;57;217;0;4401;1725;0;5.8;2.3;0.0
48;2021-02-18;221;118;0;4622;1843;0;6.1;2.4;0.0
48;2021-02-19;81;178;0;4703;2021;0;6.2;2.6;0.0
48;2021-02-20;1;5;0;4704;2026;0;6.2;2.7;0.0
48;2021-02-21;0;14;0;4704;2040;0;6.2;2.7;0.0
48;2021-02-22;29;118;0;4733;2158;0;6.2;2.8;0.0
48;2021-02-23;52;225;0;4785;2383;0;6.3;3.1;0.0
48;2021-02-24;66;284;0;4851;2667;0;6.4;3.5;0.0
48;2021-02-25;143;239;0;4994;2906;0;6.5;3.8;0.0
48;2021-02-26;57;228;0;5051;3134;0;6.6;4.1;0.0
48;2021-02-27;28;4;0;5079;3138;0;6.7;4.1;0.0
48;2021-02-28;3;13;0;5082;3151;0;6.7;4.1;0.0
48;2021-03-01;108;98;0;5190;3249;0;6.8;4.3;0.0
48;2021-03-02;198;90;0;5388;3339;0;7.1;4.4;0.0
48;2021-03-03;152;109;0;5540;3448;0;7.3;4.5;0.0
48;2021-03-04;211;176;0;5751;3624;0;7.5;4.8;0.0
48;2021-03-05;156;133;0;5907;3757;0;7.7;4.9;0.0
48;2021-03-06;200;53;0;6107;3810;0;8.0;5.0;0.0
48;2021-03-07;57;1;0;6164;3811;0;8.1;5.0;0.0
48;2021-03-08;244;114;0;6408;3925;0;8.4;5.1;0.0
48;2021-03-09;355;95;0;6763;4020;0;8.9;5.3;0.0
48;2021-03-10;228;60;0;6991;4080;0;9.2;5.3;0.0
48;2021-03-11;320;88;0;7311;4168;0;9.6;5.5;0.0
48;2021-03-12;271;131;0;7582;4299;0;9.9;5.6;0.0
48;2021-03-13;311;10;0;7893;4309;0;10.3;5.6;0.0
48;2021-03-14;9;0;0;7902;4309;0;10.4;5.6;0.0
48;2021-03-15;174;68;0;8076;4377;0;10.6;5.7;0.0
48;2021-03-16;179;70;0;8255;4447;0;10.8;5.8;0.0
48;2021-03-17;176;103;0;8431;4550;0;11.1;6.0;0.0
48;2021-03-18;178;97;0;8609;4647;0;11.3;6.1;0.0
48;2021-03-19;140;87;0;8749;4734;0;11.5;6.2;0.0
48;2021-03-20;141;5;0;8890;4739;0;11.7;6.2;0.0
48;2021-03-21;2;0;0;8892;4739;0;11.7;6.2;0.0
48;2021-03-22;172;23;0;9064;4762;0;11.9;6.2;0.0
48;2021-03-23;341;98;0;9405;4860;0;12.3;6.4;0.0
48;2021-03-24;363;99;0;9768;4959;0;12.8;6.5;0.0
48;2021-03-25;731;115;0;10499;5074;0;13.8;6.7;0.0
48;2021-03-26;291;65;0;10790;5139;0;14.1;6.7;0.0
48;2021-03-27;108;2;0;10898;5141;0;14.3;6.7;0.0
48;2021-03-28;69;12;0;10967;5153;0;14.4;6.8;0.0
48;2021-03-29;310;86;0;11277;5239;0;14.8;6.9;0.0
48;2021-03-30;361;151;0;11638;5390;0;15.3;7.1;0.0
48;2021-03-31;484;96;0;12122;5486;0;15.9;7.2;0.0
48;2021-04-01;736;85;0;12858;5571;0;16.9;7.3;0.0
48;2021-04-02;508;133;0;13366;5704;0;17.5;7.5;0.0
48;2021-04-03;153;93;0;13519;5797;0;17.7;7.6;0.0
48;2021-04-04;2;1;0;13521;5798;0;17.7;7.6;0.0
48;2021-04-05;54;1;0;13575;5799;0;17.8;7.6;0.0
48;2021-04-06;473;165;0;14048;5964;0;18.4;7.8;0.0
48;2021-04-07;435;147;0;14483;6111;0;19.0;8.0;0.0
48;2021-04-08;628;188;0;15111;6299;0;19.8;8.3;0.0
48;2021-04-09;470;138;0;15581;6437;0;20.4;8.4;0.0
48;2021-04-10;127;71;0;15708;6508;0;20.6;8.5;0.0
48;2021-04-11;3;0;0;15711;6508;0;20.6;8.5;0.0
48;2021-04-12;389;79;0;16100;6587;0;21.1;8.6;0.0
48;2021-04-13;358;120;0;16458;6707;0;21.6;8.8;0.0
48;2021-04-14;594;207;0;17052;6914;0;22.4;9.1;0.0
48;2021-04-15;638;352;0;17690;7266;0;23.2;9.5;0.0
48;2021-04-16;488;210;0;18178;7476;0;23.8;9.8;0.0
48;2021-04-17;92;83;0;18270;7559;0;23.9;9.9;0.0
48;2021-04-18;4;0;0;18274;7559;0;24.0;9.9;0.0
48;2021-04-19;223;110;0;18497;7669;0;24.2;10.1;0.0
48;2021-04-20;224;203;0;18721;7872;0;24.5;10.3;0.0
48;2021-04-21;302;280;0;19023;8152;0;24.9;10.7;0.0
48;2021-04-22;302;485;0;19325;8637;0;25.3;11.3;0.0
48;2021-04-23;251;274;0;19576;8911;0;25.7;11.7;0.0
48;2021-04-24;117;104;0;19693;9015;0;25.8;11.8;0.0
48;2021-04-25;6;13;0;19699;9028;0;25.8;11.8;0.0
48;2021-04-26;129;237;0;19828;9265;0;26.0;12.1;0.0
48;2021-04-27;200;309;0;20028;9574;0;26.3;12.6;0.0
48;2021-04-28;171;446;0;20199;10020;0;26.5;13.1;0.0
48;2021-04-29;220;509;0;20419;10529;0;26.8;13.8;0.0
48;2021-04-30;206;259;0;20625;10788;0;27.0;14.1;0.0
48;2021-05-01;75;9;0;20700;10797;0;27.1;14.2;0.0
48;2021-05-02;1;0;0;20701;10797;0;27.1;14.2;0.0
48;2021-05-03;136;400;0;20837;11197;0;27.3;14.7;0.0
48;2021-05-04;223;410;0;21060;11607;0;27.6;15.2;0.0
48;2021-05-05;119;494;0;21179;12101;0;27.8;15.9;0.0
48;2021-05-06;751;613;0;21930;12714;0;28.7;16.7;0.0
48;2021-05-07;141;511;0;22071;13225;0;28.9;17.3;0.0
48;2021-05-08;325;51;0;22396;13276;0;29.4;17.4;0.0
48;2021-05-09;261;11;0;22657;13287;0;29.7;17.4;0.0
48;2021-05-10;137;349;0;22794;13636;0;29.9;17.9;0.0
48;2021-05-11;259;294;0;23053;13930;0;30.2;18.3;0.0
48;2021-05-12;308;299;0;23361;14229;0;30.6;18.7;0.0
48;2021-05-13;452;155;0;23813;14384;0;31.2;18.9;0.0
48;2021-05-14;283;242;0;24096;14626;0;31.6;19.2;0.0
48;2021-05-15;143;59;0;24239;14685;0;31.8;19.2;0.0
48;2021-05-16;30;7;0;24269;14692;0;31.8;19.3;0.0
48;2021-05-17;490;270;0;24759;14962;0;32.5;19.6;0.0
48;2021-05-18;318;256;0;25077;15218;0;32.9;19.9;0.0
48;2021-05-19;294;304;0;25371;15522;0;33.3;20.3;0.0
48;2021-05-20;400;265;0;25771;15787;0;33.8;20.7;0.0
48;2021-05-21;238;276;0;26009;16063;0;34.1;21.1;0.0
48;2021-05-22;87;54;0;26096;16117;0;34.2;21.1;0.0
48;2021-05-23;7;7;0;26103;16124;0;34.2;21.1;0.0
48;2021-05-24;71;24;0;26174;16148;0;34.3;21.2;0.0
48;2021-05-25;247;291;0;26421;16439;0;34.6;21.5;0.0
48;2021-05-26;476;286;0;26897;16725;0;35.3;21.9;0.0
48;2021-05-27;1238;353;0;28135;17078;0;36.9;22.4;0.0
48;2021-05-28;365;335;0;28500;17413;0;37.4;22.8;0.0
48;2021-05-29;204;100;0;28704;17513;0;37.6;23.0;0.0
48;2021-05-30;7;8;0;28711;17521;0;37.6;23.0;0.0
48;2021-05-31;658;222;0;29369;17743;0;38.5;23.3;0.0
48;2021-06-01;315;288;0;29684;18031;0;38.9;23.6;0.0
48;2021-06-02;444;381;0;30128;18412;0;39.5;24.1;0.0
48;2021-06-03;638;379;0;30766;18791;0;40.3;24.6;0.0
48;2021-06-04;324;286;0;31090;19077;0;40.8;25.0;0.0
48;2021-06-05;160;100;0;31250;19177;0;41.0;25.1;0.0
48;2021-06-06;13;1;0;31263;19178;0;41.0;25.1;0.0
48;2021-06-07;397;159;0;31660;19337;0;41.5;25.3;0.0
48;2021-06-08;650;337;0;32310;19674;0;42.4;25.8;0.0
48;2021-06-09;381;232;0;32691;19906;0;42.9;26.1;0.0
48;2021-06-10;927;230;0;33618;20136;0;44.1;26.4;0.0
48;2021-06-11;382;192;0;34000;20328;0;44.6;26.6;0.0
48;2021-06-12;110;80;0;34110;20408;0;44.7;26.8;0.0
48;2021-06-13;12;6;0;34122;20414;0;44.7;26.8;0.0
48;2021-06-14;140;154;0;34262;20568;0;44.9;27.0;0.0
48;2021-06-15;402;393;0;34664;20961;0;45.4;27.5;0.0
48;2021-06-16;253;179;0;34917;21140;0;45.8;27.7;0.0
48;2021-06-17;453;561;0;35370;21701;0;46.4;28.4;0.0
48;2021-06-18;268;319;0;35638;22020;0;46.7;28.9;0.0
48;2021-06-19;65;321;0;35703;22341;0;46.8;29.3;0.0
48;2021-06-20;111;214;0;35814;22555;0;46.9;29.6;0.0
48;2021-06-21;140;226;0;35954;22781;0;47.1;29.9;0.0
48;2021-06-22;246;379;0;36200;23160;0;47.5;30.4;0.0
48;2021-06-23;110;583;0;36310;23743;0;47.6;31.1;0.0
48;2021-06-24;316;557;0;36626;24300;0;48.0;31.9;0.0
48;2021-06-25;130;279;0;36756;24579;0;48.2;32.2;0.0
48;2021-06-26;29;91;0;36785;24670;0;48.2;32.3;0.0
48;2021-06-27;1;20;0;36786;24690;0;48.2;32.4;0.0
48;2021-06-28;91;262;0;36877;24952;0;48.3;32.7;0.0
48;2021-06-29;297;479;0;37174;25431;0;48.7;33.3;0.0
48;2021-06-30;116;530;0;37290;25961;0;48.9;34.0;0.0
48;2021-07-01;192;631;0;37482;26592;0;49.1;34.9;0.0
48;2021-07-02;161;385;0;37643;26977;0;49.3;35.4;0.0
48;2021-07-03;56;146;0;37699;27123;0;49.4;35.6;0.0
48;2021-07-04;10;7;0;37709;27130;0;49.4;35.6;0.0
48;2021-07-05;78;245;0;37787;27375;0;49.5;35.9;0.0
48;2021-07-06;298;626;0;38085;28001;0;49.9;36.7;0.0
48;2021-07-07;210;523;0;38295;28524;0;50.2;37.4;0.0
48;2021-07-08;227;1171;0;38522;29695;0;50.5;38.9;0.0
48;2021-07-09;166;566;0;38688;30261;0;50.7;39.7;0.0
48;2021-07-10;90;212;0;38778;30473;0;50.8;39.9;0.0
48;2021-07-11;2;19;0;38780;30492;0;50.8;40.0;0.0
48;2021-07-12;152;710;0;38932;31202;0;51.0;40.9;0.0
48;2021-07-13;214;464;0;39146;31666;0;51.3;41.5;0.0
48;2021-07-14;152;126;0;39298;31792;0;51.5;41.7;0.0
48;2021-07-15;232;463;0;39530;32255;0;51.8;42.3;0.0
48;2021-07-16;323;372;0;39853;32627;0;52.2;42.8;0.0
48;2021-07-17;180;165;0;40033;32792;0;52.5;43.0;0.0
48;2021-07-18;10;16;0;40043;32808;0;52.5;43.0;0.0
48;2021-07-19;186;324;0;40229;33132;0;52.7;43.4;0.0
48;2021-07-20;696;1003;0;40925;34135;0;53.6;44.7;0.0
48;2021-07-21;155;341;0;41080;34476;0;53.8;45.2;0.0
48;2021-07-22;750;1009;0;41830;35485;0;54.8;46.5;0.0
48;2021-07-23;432;456;0;42262;35941;0;55.4;47.1;0.0
48;2021-07-24;490;200;0;42752;36141;0;56.0;47.4;0.0
48;2021-07-25;145;51;0;42897;36192;0;56.2;47.4;0.0
48;2021-07-26;238;267;0;43135;36459;0;56.5;47.8;0.0
48;2021-07-27;1094;613;0;44229;37072;0;58.0;48.6;0.0
48;2021-07-28;253;314;0;44482;37386;0;58.3;49.0;0.0
48;2021-07-29;692;594;0;45174;37980;0;59.2;49.8;0.0
48;2021-07-30;290;303;0;45464;38283;0;59.6;50.2;0.0
48;2021-07-31;325;167;0;45789;38450;0;60.0;50.4;0.0
48;2021-08-01;34;37;0;45823;38487;0;60.1;50.5;0.0
48;2021-08-02;262;189;0;46085;38676;0;60.4;50.7;0.0
48;2021-08-03;783;483;0;46868;39159;0;61.4;51.3;0.0
48;2021-08-04;312;185;0;47180;39344;0;61.8;51.6;0.0
48;2021-08-05;528;404;0;47708;39748;0;62.5;52.1;0.0
48;2021-08-06;436;315;0;48144;40063;0;63.1;52.5;0.0
48;2021-08-07;243;132;0;48387;40195;0;63.4;52.7;0.0
48;2021-08-08;11;20;0;48398;40215;0;63.4;52.7;0.0
48;2021-08-09;185;191;0;48583;40406;0;63.7;53.0;0.0
48;2021-08-10;590;477;0;49173;40883;0;64.5;53.6;0.0
48;2021-08-11;276;234;0;49449;41117;0;64.8;53.9;0.0
48;2021-08-12;343;389;0;49792;41506;0;65.3;54.4;0.0
48;2021-08-13;238;267;0;50030;41773;0;65.6;54.8;0.0
48;2021-08-14;130;188;0;50160;41961;0;65.8;55.0;0.0
48;2021-08-15;89;49;0;50249;42010;0;65.9;55.1;0.0
48;2021-08-16;125;271;0;50374;42281;0;66.0;55.4;0.0
48;2021-08-17;310;1072;0;50684;43353;0;66.4;56.8;0.0
48;2021-08-18;177;246;0;50861;43599;0;66.7;57.2;0.0
48;2021-08-19;222;342;0;51083;43941;0;67.0;57.6;0.0
48;2021-08-20;211;300;0;51294;44241;0;67.2;58.0;0.0
48;2021-08-21;75;255;0;51369;44496;0;67.3;58.3;0.0
48;2021-08-22;5;17;0;51374;44513;0;67.3;58.4;0.0
48;2021-08-23;76;241;0;51450;44754;0;67.4;58.7;0.0
48;2021-08-24;281;862;0;51731;45616;0;67.8;59.8;0.0
48;2021-08-25;160;369;0;51891;45985;0;68.0;60.3;0.0
48;2021-08-26;168;439;0;52059;46424;0;68.2;60.9;0.0
48;2021-08-27;148;369;0;52207;46793;0;68.4;61.3;0.0
48;2021-08-28;121;306;0;52328;47099;0;68.6;61.7;0.0
48;2021-08-29;0;6;0;52328;47105;0;68.6;61.7;0.0
48;2021-08-30;71;189;5;52399;47294;5;68.7;62.0;0.0
48;2021-08-31;246;957;15;52645;48251;20;69.0;63.3;0.0
48;2021-09-01;129;345;15;52774;48596;35;69.2;63.7;0.0
48;2021-09-02;132;353;15;52906;48949;50;69.4;64.2;0.1
48;2021-09-03;125;329;30;53031;49278;80;69.5;64.6;0.1
48;2021-09-04;113;204;33;53144;49482;113;69.7;64.9;0.1
48;2021-09-05;7;68;0;53151;49550;113;69.7;65.0;0.1
48;2021-09-06;36;147;19;53187;49697;132;69.7;65.1;0.2
48;2021-09-07;136;319;39;53323;50016;171;69.9;65.6;0.2
48;2021-09-08;94;184;29;53417;50200;200;70.0;65.8;0.3
48;2021-09-09;90;216;63;53507;50416;263;70.1;66.1;0.3
48;2021-09-10;128;252;126;53635;50668;389;70.3;66.4;0.5
48;2021-09-11;89;188;26;53724;50856;415;70.4;66.7;0.5
48;2021-09-12;3;2;1;53727;50858;416;70.4;66.7;0.5
48;2021-09-13;77;79;80;53804;50937;496;70.5;66.8;0.7
48;2021-09-14;157;240;98;53961;51177;594;70.7;67.1;0.8
48;2021-09-15;68;178;60;54029;51355;654;70.8;67.3;0.9
48;2021-09-16;104;193;72;54133;51548;726;71.0;67.6;1.0
48;2021-09-17;103;182;79;54236;51730;805;71.1;67.8;1.1
48;2021-09-18;32;93;13;54268;51823;818;71.1;67.9;1.1
48;2021-09-19;0;2;4;54268;51825;822;71.1;67.9;1.1
48;2021-09-20;36;87;126;54304;51912;948;71.2;68.0;1.2
48;2021-09-21;56;170;135;54360;52082;1083;71.3;68.3;1.4
48;2021-09-22;51;154;57;54411;52236;1140;71.3;68.5;1.5
48;2021-09-23;32;95;58;54443;52331;1198;71.4;68.6;1.6
48;2021-09-24;45;116;80;54488;52447;1278;71.4;68.8;1.7
48;2021-09-25;23;82;15;54511;52529;1293;71.5;68.9;1.7
48;2021-09-26;1;6;0;54512;52535;1293;71.5;68.9;1.7
48;2021-09-27;15;44;59;54527;52579;1352;71.5;68.9;1.8
48;2021-09-28;61;137;156;54588;52716;1508;71.6;69.1;2.0
48;2021-09-29;48;124;69;54636;52840;1577;71.6;69.3;2.1
48;2021-09-30;29;81;127;54665;52921;1704;71.7;69.4;2.2
48;2021-10-01;53;128;78;54718;53049;1782;71.7;69.5;2.3
48;2021-10-02;34;50;27;54752;53099;1809;71.8;69.6;2.4
48;2021-10-03;0;1;0;54752;53100;1809;71.8;69.6;2.4
48;2021-10-04;14;63;36;54766;53163;1845;71.8;69.7;2.4
48;2021-10-05;42;119;59;54808;53282;1904;71.8;69.8;2.5
48;2021-10-06;57;82;196;54865;53364;2100;71.9;70.0;2.8
48;2021-10-07;29;99;162;54894;53463;2262;72.0;70.1;3.0
48;2021-10-08;42;128;114;54936;53591;2376;72.0;70.3;3.1
48;2021-10-09;16;64;42;54952;53655;2418;72.0;70.3;3.2
48;2021-10-10;0;1;0;54952;53656;2418;72.0;70.3;3.2
48;2021-10-11;7;28;55;54959;53684;2473;72.0;70.4;3.2
48;2021-10-12;24;70;126;54983;53754;2599;72.1;70.5;3.4
48;2021-10-13;37;86;146;55020;53840;2745;72.1;70.6;3.6
48;2021-10-14;39;60;75;55059;53900;2820;72.2;70.7;3.7
48;2021-10-15;28;50;148;55087;53950;2968;72.2;70.7;3.9
48;2021-10-16;10;19;27;55097;53969;2995;72.2;70.7;3.9
48;2021-10-17;3;3;3;55100;53972;2998;72.2;70.7;3.9
48;2021-10-18;9;20;83;55109;53992;3081;72.2;70.8;4.0
48;2021-10-19;33;49;121;55142;54041;3202;72.3;70.8;4.2
48;2021-10-20;43;43;168;55185;54084;3370;72.3;70.9;4.4
48;2021-10-21;17;38;178;55202;54122;3548;72.4;70.9;4.7
48;2021-10-22;30;63;130;55232;54185;3678;72.4;71.0;4.8
48;2021-10-23;26;30;42;55258;54215;3720;72.4;71.1;4.9
48;2021-10-24;0;0;0;55258;54215;3720;72.4;71.1;4.9
48;2021-10-25;16;16;79;55274;54231;3799;72.5;71.1;5.0
48;2021-10-26;35;38;145;55309;54269;3944;72.5;71.1;5.2
48;2021-10-27;36;66;199;55345;54335;4143;72.5;71.2;5.4
48;2021-10-28;31;29;294;55376;54364;4437;72.6;71.3;5.8
48;2021-10-29;21;28;148;55397;54392;4585;72.6;71.3;6.0
48;2021-10-30;7;18;30;55404;54410;4615;72.6;71.3;6.0
48;2021-10-31;0;2;0;55404;54412;4615;72.6;71.3;6.0
48;2021-11-01;3;1;2;55407;54413;4617;72.6;71.3;6.1
48;2021-11-02;27;32;124;55434;54445;4741;72.7;71.4;6.2
48;2021-11-03;20;38;142;55454;54483;4883;72.7;71.4;6.4
48;2021-11-04;28;36;163;55482;54519;5046;72.7;71.5;6.6
48;2021-11-05;15;25;119;55497;54544;5165;72.7;71.5;6.8
48;2021-11-06;16;19;66;55513;54563;5231;72.8;71.5;6.9
48;2021-11-07;2;1;0;55515;54564;5231;72.8;71.5;6.9
48;2021-11-08;7;17;53;55522;54581;5284;72.8;71.5;6.9
48;2021-11-09;37;55;277;55559;54636;5561;72.8;71.6;7.3
48;2021-11-10;25;52;304;55584;54688;5865;72.9;71.7;7.7
48;2021-11-11;1;4;41;55585;54692;5906;72.9;71.7;7.7
48;2021-11-12;17;41;220;55602;54733;6126;72.9;71.7;8.0
48;2021-11-13;14;20;74;55616;54753;6200;72.9;71.8;8.1
48;2021-11-14;0;0;3;55616;54753;6203;72.9;71.8;8.1
48;2021-11-15;7;10;154;55623;54763;6357;72.9;71.8;8.3
48;2021-11-16;29;36;367;55652;54799;6724;73.0;71.8;8.8
48;2021-11-17;24;30;347;55676;54829;7071;73.0;71.9;9.3
48;2021-11-18;20;29;440;55696;54858;7511;73.0;71.9;9.8
48;2021-11-19;25;28;318;55721;54886;7829;73.0;71.9;10.3
48;2021-11-20;33;16;118;55754;54902;7947;73.1;72.0;10.4
48;2021-11-21;0;1;1;55754;54903;7948;73.1;72.0;10.4
48;2021-11-22;7;11;235;55761;54914;8183;73.1;72.0;10.7
48;2021-11-23;34;20;320;55795;54934;8503;73.1;72.0;11.1
48;2021-11-24;36;31;322;55831;54965;8825;73.2;72.1;11.6
48;2021-11-25;27;27;441;55858;54992;9266;73.2;72.1;12.1
48;2021-11-26;35;27;498;55893;55019;9764;73.3;72.1;12.8
48;2021-11-27;28;23;295;55921;55042;10059;73.3;72.2;13.2
48;2021-11-28;1;1;6;55922;55043;10065;73.3;72.2;13.2
48;2021-11-29;15;7;473;55937;55050;10538;73.3;72.2;13.8
48;2021-11-30;20;38;512;55957;55088;11050;73.4;72.2;14.5
48;2021-12-01;22;28;410;55979;55116;11460;73.4;72.2;15.0
48;2021-12-02;12;21;441;55991;55137;11901;73.4;72.3;15.6
48;2021-12-03;35;23;662;56026;55160;12563;73.4;72.3;16.5
48;2021-12-04;21;25;358;56047;55185;12921;73.5;72.3;16.9
48;2021-12-05;2;1;10;56049;55186;12931;73.5;72.3;17.0
48;2021-12-06;13;17;590;56062;55203;13521;73.5;72.4;17.7
48;2021-12-07;22;17;872;56084;55220;14393;73.5;72.4;18.9
48;2021-12-08;29;29;632;56113;55249;15025;73.6;72.4;19.7
48;2021-12-09;18;20;670;56131;55269;15695;73.6;72.4;20.6
48;2021-12-10;28;50;998;56159;55319;16693;73.6;72.5;21.9
48;2021-12-11;30;38;636;56189;55357;17329;73.7;72.6;22.7
48;2021-12-12;1;0;20;56190;55357;17349;73.7;72.6;22.7
48;2021-12-13;21;19;718;56211;55376;18067;73.7;72.6;23.7
48;2021-12-14;35;32;956;56246;55408;19023;73.7;72.6;24.9
48;2021-12-15;39;31;693;56285;55439;19716;73.8;72.7;25.8
49;2020-12-27;1;0;0;1;0;0;0.0;0.0;0.0
49;2020-12-28;1;0;0;2;0;0;0.0;0.0;0.0
49;2020-12-29;0;0;0;2;0;0;0.0;0.0;0.0
49;2020-12-30;0;0;0;2;0;0;0.0;0.0;0.0
49;2020-12-31;0;0;0;2;0;0;0.0;0.0;0.0
49;2021-01-01;2;0;0;4;0;0;0.0;0.0;0.0
49;2021-01-02;1;1;0;5;1;0;0.0;0.0;0.0
49;2021-01-03;0;0;0;5;1;0;0.0;0.0;0.0
49;2021-01-04;9;0;0;14;1;0;0.0;0.0;0.0
49;2021-01-05;66;0;0;80;1;0;0.0;0.0;0.0
49;2021-01-06;200;0;0;280;1;0;0.0;0.0;0.0
49;2021-01-07;350;1;0;630;2;0;0.1;0.0;0.0
49;2021-01-08;316;1;0;946;3;0;0.1;0.0;0.0
49;2021-01-09;123;0;0;1069;3;0;0.1;0.0;0.0
49;2021-01-10;112;0;0;1181;3;0;0.1;0.0;0.0
49;2021-01-11;297;0;0;1478;3;0;0.2;0.0;0.0
49;2021-01-12;596;2;0;2074;5;0;0.3;0.0;0.0
49;2021-01-13;603;2;0;2677;7;0;0.3;0.0;0.0
49;2021-01-14;611;9;0;3288;16;0;0.4;0.0;0.0
49;2021-01-15;740;1;0;4028;17;0;0.5;0.0;0.0
49;2021-01-16;145;0;0;4173;17;0;0.5;0.0;0.0
49;2021-01-17;112;2;0;4285;19;0;0.5;0.0;0.0
49;2021-01-18;683;0;0;4968;19;0;0.6;0.0;0.0
49;2021-01-19;1237;7;0;6205;26;0;0.8;0.0;0.0
49;2021-01-20;1505;6;0;7710;32;0;0.9;0.0;0.0
49;2021-01-21;1950;12;0;9660;44;0;1.2;0.0;0.0
49;2021-01-22;1308;5;0;10968;49;0;1.3;0.0;0.0
49;2021-01-23;268;2;0;11236;51;0;1.4;0.0;0.0
49;2021-01-24;0;0;0;11236;51;0;1.4;0.0;0.0
49;2021-01-25;577;5;0;11813;56;0;1.4;0.0;0.0
49;2021-01-26;1018;55;0;12831;111;0;1.6;0.0;0.0
49;2021-01-27;1834;46;0;14665;157;0;1.8;0.0;0.0
49;2021-01-28;2813;81;0;17478;238;0;2.1;0.0;0.0
49;2021-01-29;1638;97;0;19116;335;0;2.3;0.0;0.0
49;2021-01-30;294;47;0;19410;382;0;2.4;0.0;0.0
49;2021-01-31;52;52;0;19462;434;0;2.4;0.1;0.0
49;2021-02-01;662;168;0;20124;602;0;2.5;0.1;0.0
49;2021-02-02;747;348;0;20871;950;0;2.6;0.1;0.0
49;2021-02-03;714;367;0;21585;1317;0;2.6;0.2;0.0
49;2021-02-04;781;444;0;22366;1761;0;2.7;0.2;0.0
49;2021-02-05;743;572;0;23109;2333;0;2.8;0.3;0.0
49;2021-02-06;234;108;0;23343;2441;0;2.9;0.3;0.0
49;2021-02-07;66;83;0;23409;2524;0;2.9;0.3;0.0
49;2021-02-08;542;474;0;23951;2998;0;2.9;0.4;0.0
49;2021-02-09;765;661;0;24716;3659;0;3.0;0.4;0.0
49;2021-02-10;846;945;0;25562;4604;0;3.1;0.6;0.0
49;2021-02-11;1066;1414;0;26628;6018;0;3.3;0.7;0.0
49;2021-02-12;877;982;0;27505;7000;0;3.4;0.9;0.0
49;2021-02-13;261;129;0;27766;7129;0;3.4;0.9;0.0
49;2021-02-14;9;90;0;27775;7219;0;3.4;0.9;0.0
49;2021-02-15;704;688;0;28479;7907;0;3.5;1.0;0.0
49;2021-02-16;1126;1076;0;29605;8983;0;3.6;1.1;0.0
49;2021-02-17;1126;1856;0;30731;10839;0;3.8;1.3;0.0
49;2021-02-18;1792;2340;0;32523;13179;0;4.0;1.6;0.0
49;2021-02-19;1344;1158;0;33867;14337;0;4.2;1.8;0.0
49;2021-02-20;218;370;0;34085;14707;0;4.2;1.8;0.0
49;2021-02-21;1;59;0;34086;14766;0;4.2;1.8;0.0
49;2021-02-22;624;613;0;34710;15379;0;4.3;1.9;0.0
49;2021-02-23;711;850;0;35421;16229;0;4.3;2.0;0.0
49;2021-02-24;818;687;0;36239;16916;0;4.4;2.1;0.0
49;2021-02-25;1194;853;0;37433;17769;0;4.6;2.2;0.0
49;2021-02-26;1606;837;0;39039;18606;0;4.8;2.3;0.0
49;2021-02-27;421;287;0;39460;18893;0;4.8;2.3;0.0
49;2021-02-28;46;33;0;39506;18926;0;4.8;2.3;0.0
49;2021-03-01;750;620;0;40256;19546;0;4.9;2.4;0.0
49;2021-03-02;1055;726;0;41311;20272;0;5.1;2.5;0.0
49;2021-03-03;1512;723;0;42823;20995;0;5.2;2.6;0.0
49;2021-03-04;1755;968;0;44578;21963;0;5.5;2.7;0.0
49;2021-03-05;2225;740;0;46803;22703;0;5.7;2.8;0.0
49;2021-03-06;731;199;0;47534;22902;0;5.8;2.8;0.0
49;2021-03-07;639;15;0;48173;22917;0;5.9;2.8;0.0
49;2021-03-08;1406;717;0;49579;23634;0;6.1;2.9;0.0
49;2021-03-09;2019;754;0;51598;24388;0;6.3;3.0;0.0
49;2021-03-10;2454;922;0;54052;25310;0;6.6;3.1;0.0
49;2021-03-11;3129;1553;0;57181;26863;0;7.0;3.3;0.0
49;2021-03-12;3687;1011;0;60868;27874;0;7.5;3.4;0.0
49;2021-03-13;1511;214;0;62379;28088;0;7.6;3.4;0.0
49;2021-03-14;13;2;0;62392;28090;0;7.6;3.4;0.0
49;2021-03-15;2079;533;0;64471;28623;0;7.9;3.5;0.0
49;2021-03-16;1700;960;0;66171;29583;0;8.1;3.6;0.0
49;2021-03-17;1757;681;0;67928;30264;0;8.3;3.7;0.0
49;2021-03-18;2183;716;0;70111;30980;0;8.6;3.8;0.0
49;2021-03-19;3302;563;0;73413;31543;0;9.0;3.9;0.0
49;2021-03-20;1710;211;0;75123;31754;0;9.2;3.9;0.0
49;2021-03-21;488;21;0;75611;31775;0;9.3;3.9;0.0
49;2021-03-22;2211;554;0;77822;32329;0;9.5;4.0;0.0
49;2021-03-23;3371;662;0;81193;32991;0;10.0;4.0;0.0
49;2021-03-24;3493;480;0;84686;33471;0;10.4;4.1;0.0
49;2021-03-25;4201;647;0;88887;34118;0;10.9;4.2;0.0
49;2021-03-26;4790;505;0;93677;34623;0;11.5;4.2;0.0
49;2021-03-27;1695;109;0;95372;34732;0;11.7;4.3;0.0
49;2021-03-28;380;26;0;95752;34758;0;11.7;4.3;0.0
49;2021-03-29;2474;606;0;98226;35364;0;12.0;4.3;0.0
49;2021-03-30;3340;931;0;101566;36295;0;12.4;4.4;0.0
49;2021-03-31;3005;756;0;104571;37051;0;12.8;4.5;0.0
49;2021-04-01;4114;882;0;108685;37933;0;13.3;4.6;0.0
49;2021-04-02;4276;961;0;112961;38894;0;13.8;4.8;0.0
49;2021-04-03;985;206;0;113946;39100;0;14.0;4.8;0.0
49;2021-04-04;327;6;0;114273;39106;0;14.0;4.8;0.0
49;2021-04-05;899;28;0;115172;39134;0;14.1;4.8;0.0
49;2021-04-06;2442;1326;0;117614;40460;0;14.4;5.0;0.0
49;2021-04-07;3353;1382;0;120967;41842;0;14.8;5.1;0.0
49;2021-04-08;5131;1404;0;126098;43246;0;15.5;5.3;0.0
49;2021-04-09;6183;1423;0;132281;44669;0;16.2;5.5;0.0
49;2021-04-10;2020;501;0;134301;45170;0;16.5;5.5;0.0
49;2021-04-11;389;12;0;134690;45182;0;16.5;5.5;0.0
49;2021-04-12;3982;1543;0;138672;46725;0;17.0;5.7;0.0
49;2021-04-13;5210;1885;0;143882;48610;0;17.6;6.0;0.0
49;2021-04-14;4338;1856;0;148220;50466;0;18.2;6.2;0.0
49;2021-04-15;5113;1881;0;153333;52347;0;18.8;6.4;0.0
49;2021-04-16;5383;2147;0;158716;54494;0;19.5;6.7;0.0
49;2021-04-17;2976;817;0;161692;55311;0;19.8;6.8;0.0
49;2021-04-18;385;468;0;162077;55779;0;19.9;6.8;0.0
49;2021-04-19;3418;2023;0;165495;57802;0;20.3;7.1;0.0
49;2021-04-20;4058;2076;0;169553;59878;0;20.8;7.3;0.0
49;2021-04-21;3562;2128;0;173115;62006;0;21.2;7.6;0.0
49;2021-04-22;4493;2103;0;177608;64109;0;21.8;7.9;0.0
49;2021-04-23;4383;2281;0;181991;66390;0;22.3;8.1;0.0
49;2021-04-24;2612;1190;0;184603;67580;0;22.6;8.3;0.0
49;2021-04-25;59;294;0;184662;67874;0;22.6;8.3;0.0
49;2021-04-26;3399;2179;0;188061;70053;0;23.1;8.6;0.0
49;2021-04-27;4000;2547;0;192061;72600;0;23.5;8.9;0.0
49;2021-04-28;4131;2453;0;196192;75053;0;24.0;9.2;0.0
49;2021-04-29;4713;3041;0;200905;78094;0;24.6;9.6;0.0
49;2021-04-30;4993;3118;0;205898;81212;0;25.2;10.0;0.0
49;2021-05-01;2181;669;0;208079;81881;0;25.5;10.0;0.0
49;2021-05-02;45;51;0;208124;81932;0;25.5;10.0;0.0
49;2021-05-03;4560;2348;0;212684;84280;0;26.1;10.3;0.0
49;2021-05-04;4615;3138;0;217299;87418;0;26.6;10.7;0.0
49;2021-05-05;4429;3025;0;221728;90443;0;27.2;11.1;0.0
49;2021-05-06;4902;3098;0;226630;93541;0;27.8;11.5;0.0
49;2021-05-07;4008;4956;0;230638;98497;0;28.3;12.1;0.0
49;2021-05-08;3372;477;0;234010;98974;0;28.7;12.1;0.0
49;2021-05-09;58;67;0;234068;99041;0;28.7;12.1;0.0
49;2021-05-10;4427;4030;0;238495;103071;0;29.2;12.6;0.0
49;2021-05-11;4991;4772;0;243486;107843;0;29.8;13.2;0.0
49;2021-05-12;4389;4307;0;247875;112150;0;30.4;13.7;0.0
49;2021-05-13;4439;650;0;252314;112800;0;30.9;13.8;0.0
49;2021-05-14;4605;3063;0;256919;115863;0;31.5;14.2;0.0
49;2021-05-15;3735;1649;0;260654;117512;0;31.9;14.4;0.0
49;2021-05-16;2399;92;0;263053;117604;0;32.2;14.4;0.0
49;2021-05-17;4399;3337;0;267452;120941;0;32.8;14.8;0.0
49;2021-05-18;4849;3532;0;272301;124473;0;33.4;15.3;0.0
49;2021-05-19;5174;2980;0;277475;127453;0;34.0;15.6;0.0
49;2021-05-20;5980;2756;0;283455;130209;0;34.7;16.0;0.0
49;2021-05-21;5797;3395;0;289252;133604;0;35.5;16.4;0.0
49;2021-05-22;4454;1125;0;293706;134729;0;36.0;16.5;0.0
49;2021-05-23;73;16;0;293779;134745;0;36.0;16.5;0.0
49;2021-05-24;3786;400;0;297565;135145;0;36.5;16.6;0.0
49;2021-05-25;5576;3167;0;303141;138312;0;37.2;17.0;0.0
49;2021-05-26;5481;2515;0;308622;140827;0;37.8;17.3;0.0
49;2021-05-27;6191;2638;0;314813;143465;0;38.6;17.6;0.0
49;2021-05-28;6156;3795;0;320969;147260;0;39.3;18.0;0.0
49;2021-05-29;4286;1743;0;325255;149003;0;39.9;18.3;0.0
49;2021-05-30;119;32;0;325374;149035;0;39.9;18.3;0.0
49;2021-05-31;5361;2903;0;330735;151938;0;40.5;18.6;0.0
49;2021-06-01;5982;3731;0;336717;155669;0;41.3;19.1;0.0
49;2021-06-02;5255;3449;0;341972;159118;0;41.9;19.5;0.0
49;2021-06-03;5947;3310;0;347919;162428;0;42.6;19.9;0.0
49;2021-06-04;6008;4585;0;353927;167013;0;43.4;20.5;0.0
49;2021-06-05;4060;2476;0;357987;169489;0;43.9;20.8;0.0
49;2021-06-06;193;73;0;358180;169562;0;43.9;20.8;0.0
49;2021-06-07;4287;4299;0;362467;173861;0;44.4;21.3;0.0
49;2021-06-08;5000;4654;0;367467;178515;0;45.0;21.9;0.0
49;2021-06-09;4993;4103;0;372460;182618;0;45.7;22.4;0.0
49;2021-06-10;5671;3673;0;378131;186291;0;46.3;22.8;0.0
49;2021-06-11;4677;5643;0;382808;191934;0;46.9;23.5;0.0
49;2021-06-12;3711;2926;0;386519;194860;0;47.4;23.9;0.0
49;2021-06-13;130;787;0;386649;195647;0;47.4;24.0;0.0
49;2021-06-14;3367;5529;0;390016;201176;0;47.8;24.7;0.0
49;2021-06-15;4168;5966;0;394184;207142;0;48.3;25.4;0.0
49;2021-06-16;4087;5430;0;398271;212572;0;48.8;26.1;0.0
49;2021-06-17;4868;4971;0;403139;217543;0;49.4;26.7;0.0
49;2021-06-18;4017;6469;0;407156;224012;0;49.9;27.5;0.0
49;2021-06-19;3330;3673;0;410486;227685;0;50.3;27.9;0.0
49;2021-06-20;76;72;0;410562;227757;0;50.3;27.9;0.0
49;2021-06-21;2768;6025;0;413330;233782;0;50.7;28.7;0.0
49;2021-06-22;3132;6575;0;416462;240357;0;51.0;29.5;0.0
49;2021-06-23;3072;5907;0;419534;246264;0;51.4;30.2;0.0
49;2021-06-24;4135;4730;0;423669;250994;0;51.9;30.8;0.0
49;2021-06-25;3239;6905;0;426908;257899;0;52.3;31.6;0.0
49;2021-06-26;2433;4191;0;429341;262090;0;52.6;32.1;0.0
49;2021-06-27;39;1480;0;429380;263570;0;52.6;32.3;0.0
49;2021-06-28;2131;6629;0;431511;270199;0;52.9;33.1;0.0
49;2021-06-29;2849;6775;0;434360;276974;0;53.2;33.9;0.0
49;2021-06-30;2736;6335;0;437096;283309;0;53.6;34.7;0.0
49;2021-07-01;3087;6087;0;440183;289396;0;54.0;35.5;0.0
49;2021-07-02;2889;7578;0;443072;296974;0;54.3;36.4;0.0
49;2021-07-03;1970;5000;0;445042;301974;0;54.5;37.0;0.0
49;2021-07-04;49;157;0;445091;302131;0;54.6;37.0;0.0
49;2021-07-05;1695;6547;0;446786;308678;0;54.8;37.8;0.0
49;2021-07-06;2074;7172;1;448860;315850;1;55.0;38.7;0.0
49;2021-07-07;2204;6175;0;451064;322025;1;55.3;39.5;0.0
49;2021-07-08;2692;6105;0;453756;328130;1;55.6;40.2;0.0
49;2021-07-09;2500;7853;0;456256;335983;1;55.9;41.2;0.0
49;2021-07-10;1943;4924;0;458199;340907;1;56.2;41.8;0.0
49;2021-07-11;62;125;0;458261;341032;1;56.2;41.8;0.0
49;2021-07-12;2054;7230;0;460315;348262;1;56.4;42.7;0.0
49;2021-07-13;2743;7970;0;463058;356232;1;56.8;43.7;0.0
49;2021-07-14;2827;3301;0;465885;359533;1;57.1;44.1;0.0
49;2021-07-15;3377;7252;0;469262;366785;1;57.5;45.0;0.0
49;2021-07-16;3610;7988;0;472872;374773;1;58.0;45.9;0.0
49;2021-07-17;2162;5121;0;475034;379894;1;58.2;46.6;0.0
49;2021-07-18;3173;575;0;478207;380469;1;58.6;46.6;0.0
49;2021-07-19;2633;7121;0;480840;387590;1;58.9;47.5;0.0
49;2021-07-20;3455;7383;0;484295;394973;1;59.4;48.4;0.0
49;2021-07-21;3862;6340;0;488157;401313;1;59.8;49.2;0.0
49;2021-07-22;4425;5928;0;492582;407241;1;60.4;49.9;0.0
49;2021-07-23;4756;6633;0;497338;413874;1;61.0;50.7;0.0
49;2021-07-24;3045;4737;0;500383;418611;1;61.3;51.3;0.0
49;2021-07-25;123;160;0;500506;418771;1;61.3;51.3;0.0
49;2021-07-26;3989;5770;0;504495;424541;1;61.8;52.0;0.0
49;2021-07-27;5607;5401;0;510102;429942;1;62.5;52.7;0.0
49;2021-07-28;5721;4402;0;515823;434344;1;63.2;53.2;0.0
49;2021-07-29;6047;4256;0;521870;438600;1;64.0;53.8;0.0
49;2021-07-30;5801;4825;0;527671;443425;1;64.7;54.3;0.0
49;2021-07-31;3663;3370;0;531334;446795;1;65.1;54.8;0.0
49;2021-08-01;157;77;0;531491;446872;1;65.1;54.8;0.0
49;2021-08-02;4306;4618;0;535797;451490;1;65.7;55.3;0.0
49;2021-08-03;5520;3872;0;541317;455362;1;66.3;55.8;0.0
49;2021-08-04;5241;3725;0;546558;459087;1;67.0;56.3;0.0
49;2021-08-05;5339;3506;0;551897;462593;1;67.6;56.7;0.0
49;2021-08-06;5545;4424;0;557442;467017;1;68.3;57.2;0.0
49;2021-08-07;3591;3025;0;561033;470042;1;68.8;57.6;0.0
49;2021-08-08;90;113;0;561123;470155;1;68.8;57.6;0.0
49;2021-08-09;3530;4719;0;564653;474874;1;69.2;58.2;0.0
49;2021-08-10;4224;3944;0;568877;478818;1;69.7;58.7;0.0
49;2021-08-11;3952;3694;0;572829;482512;1;70.2;59.1;0.0
49;2021-08-12;3072;3267;0;575901;485779;1;70.6;59.5;0.0
49;2021-08-13;3917;4133;0;579818;489912;1;71.1;60.0;0.0
49;2021-08-14;2144;2945;0;581962;492857;1;71.3;60.4;0.0
49;2021-08-15;65;74;0;582027;492931;1;71.3;60.4;0.0
49;2021-08-16;2859;4966;0;584886;497897;1;71.7;61.0;0.0
49;2021-08-17;3181;4826;0;588067;502723;1;72.1;61.6;0.0
49;2021-08-18;2862;4291;0;590929;507014;1;72.4;62.1;0.0
49;2021-08-19;1924;3906;0;592853;510920;1;72.7;62.6;0.0
49;2021-08-20;2739;5498;0;595592;516418;1;73.0;63.3;0.0
49;2021-08-21;1362;3840;0;596954;520258;1;73.2;63.8;0.0
49;2021-08-22;37;168;0;596991;520426;1;73.2;63.8;0.0
49;2021-08-23;2223;5294;0;599214;525720;1;73.4;64.4;0.0
49;2021-08-24;2655;5474;0;601869;531194;1;73.8;65.1;0.0
49;2021-08-25;2291;5227;0;604160;536421;1;74.1;65.7;0.0
49;2021-08-26;1784;4689;1;605944;541110;2;74.3;66.3;0.0
49;2021-08-27;2225;6353;0;608169;547463;2;74.5;67.1;0.0
49;2021-08-28;904;3705;0;609073;551168;2;74.7;67.6;0.0
49;2021-08-29;34;162;0;609107;551330;2;74.7;67.6;0.0
49;2021-08-30;1275;4013;47;610382;555343;49;74.8;68.1;0.0
49;2021-08-31;2136;5532;100;612518;560875;149;75.1;68.7;0.0
49;2021-09-01;1637;3941;235;614155;564816;384;75.3;69.2;0.0
49;2021-09-02;1082;2967;205;615237;567783;589;75.4;69.6;0.1
49;2021-09-03;1411;4023;281;616648;571806;870;75.6;70.1;0.1
49;2021-09-04;1179;3229;127;617827;575035;997;75.7;70.5;0.1
49;2021-09-05;23;44;5;617850;575079;1002;75.7;70.5;0.1
49;2021-09-06;1030;2639;377;618880;577718;1379;75.9;70.8;0.2
49;2021-09-07;1109;2536;385;619989;580254;1764;76.0;71.1;0.2
49;2021-09-08;947;2866;277;620936;583120;2041;76.1;71.5;0.3
49;2021-09-09;742;1734;185;621678;584854;2226;76.2;71.7;0.3
49;2021-09-10;990;2924;251;622668;587778;2477;76.3;72.0;0.3
49;2021-09-11;735;2468;119;623403;590246;2596;76.4;72.3;0.3
49;2021-09-12;16;47;3;623419;590293;2599;76.4;72.4;0.3
49;2021-09-13;724;2020;555;624143;592313;3154;76.5;72.6;0.4
49;2021-09-14;658;1691;687;624801;594004;3841;76.6;72.8;0.5
49;2021-09-15;615;2147;663;625416;596151;4504;76.7;73.1;0.6
49;2021-09-16;544;1348;609;625960;597499;5113;76.7;73.2;0.6
49;2021-09-17;919;2444;632;626879;599943;5745;76.8;73.5;0.7
49;2021-09-18;523;2010;148;627402;601953;5893;76.9;73.8;0.7
49;2021-09-19;8;22;6;627410;601975;5899;76.9;73.8;0.7
49;2021-09-20;500;1248;687;627910;603223;6586;77.0;73.9;0.8
49;2021-09-21;415;1546;798;628325;604769;7384;77.0;74.1;0.9
49;2021-09-22;348;2059;640;628673;606828;8024;77.1;74.4;1.0
49;2021-09-23;299;1094;853;628972;607922;8877;77.1;74.5;1.1
49;2021-09-24;558;2204;930;629530;610126;9807;77.2;74.8;1.2
49;2021-09-25;202;1099;101;629732;611225;9908;77.2;74.9;1.2
49;2021-09-26;4;24;0;629736;611249;9908;77.2;74.9;1.2
49;2021-09-27;355;1314;883;630091;612563;10791;77.2;75.1;1.3
49;2021-09-28;394;1010;740;630485;613573;11531;77.3;75.2;1.4
49;2021-09-29;369;1204;636;630854;614777;12167;77.3;75.4;1.5
49;2021-09-30;332;680;855;631186;615457;13022;77.4;75.4;1.6
49;2021-10-01;526;1500;739;631712;616957;13761;77.4;75.6;1.7
49;2021-10-02;334;1101;163;632046;618058;13924;77.5;75.8;1.7
49;2021-10-03;12;24;4;632058;618082;13928;77.5;75.8;1.7
49;2021-10-04;298;750;688;632356;618832;14616;77.5;75.8;1.8
49;2021-10-05;205;570;751;632561;619402;15367;77.5;75.9;1.9
49;2021-10-06;369;718;672;632930;620120;16039;77.6;76.0;2.0
49;2021-10-07;224;442;801;633154;620562;16840;77.6;76.1;2.1
49;2021-10-08;550;1264;1166;633704;621826;18006;77.7;76.2;2.2
49;2021-10-09;252;657;305;633956;622483;18311;77.7;76.3;2.2
49;2021-10-10;7;11;5;633963;622494;18316;77.7;76.3;2.2
49;2021-10-11;299;662;939;634262;623156;19255;77.7;76.4;2.4
49;2021-10-12;257;345;1147;634519;623501;20402;77.8;76.4;2.5
49;2021-10-13;319;527;1060;634838;624028;21462;77.8;76.5;2.6
49;2021-10-14;222;372;952;635060;624400;22414;77.8;76.5;2.7
49;2021-10-15;450;799;1339;635510;625199;23753;77.9;76.6;2.9
49;2021-10-16;229;398;346;635739;625597;24099;77.9;76.7;3.0
49;2021-10-17;3;12;12;635742;625609;24111;77.9;76.7;3.0
49;2021-10-18;272;315;715;636014;625924;24826;78.0;76.7;3.0
49;2021-10-19;113;338;874;636127;626262;25700;78.0;76.8;3.1
49;2021-10-20;147;322;793;636274;626584;26493;78.0;76.8;3.2
49;2021-10-21;91;240;805;636365;626824;27298;78.0;76.8;3.3
49;2021-10-22;189;651;1627;636554;627475;28925;78.0;76.9;3.5
49;2021-10-23;86;296;338;636640;627771;29263;78.0;76.9;3.6
49;2021-10-24;1;13;12;636641;627784;29275;78.0;76.9;3.6
49;2021-10-25;143;304;878;636784;628088;30153;78.0;77.0;3.7
49;2021-10-26;113;204;809;636897;628292;30962;78.1;77.0;3.8
49;2021-10-27;121;277;988;637018;628569;31950;78.1;77.0;3.9
49;2021-10-28;98;211;978;637116;628780;32928;78.1;77.1;4.0
49;2021-10-29;197;579;1816;637313;629359;34744;78.1;77.1;4.3
49;2021-10-30;62;200;342;637375;629559;35086;78.1;77.2;4.3
49;2021-10-31;4;11;18;637379;629570;35104;78.1;77.2;4.3
49;2021-11-01;4;2;15;637383;629572;35119;78.1;77.2;4.3
49;2021-11-02;153;295;1561;637536;629867;36680;78.1;77.2;4.5
49;2021-11-03;121;289;1582;637657;630156;38262;78.2;77.2;4.7
49;2021-11-04;79;168;1313;637736;630324;39575;78.2;77.3;4.9
49;2021-11-05;181;440;2142;637917;630764;41717;78.2;77.3;5.1
49;2021-11-06;84;188;545;638001;630952;42262;78.2;77.3;5.2
49;2021-11-07;3;20;17;638004;630972;42279;78.2;77.3;5.2
49;2021-11-08;84;272;1933;638088;631244;44212;78.2;77.4;5.4
49;2021-11-09;89;225;2827;638177;631469;47039;78.2;77.4;5.8
49;2021-11-10;160;302;3035;638337;631771;50074;78.2;77.4;6.1
49;2021-11-11;5;4;56;638342;631775;50130;78.2;77.4;6.1
49;2021-11-12;164;285;2909;638506;632060;53039;78.3;77.5;6.5
49;2021-11-13;99;134;818;638605;632194;53857;78.3;77.5;6.6
49;2021-11-14;0;1;19;638605;632195;53876;78.3;77.5;6.6
49;2021-11-15;79;154;2363;638684;632349;56239;78.3;77.5;6.9
49;2021-11-16;82;163;3327;638766;632512;59566;78.3;77.5;7.3
49;2021-11-17;142;207;2929;638908;632719;62495;78.3;77.6;7.7
49;2021-11-18;72;123;2897;638980;632842;65392;78.3;77.6;8.0
49;2021-11-19;178;221;3936;639158;633063;69328;78.3;77.6;8.5
49;2021-11-20;104;83;1109;639262;633146;70437;78.4;77.6;8.6
49;2021-11-21;1;5;12;639263;633151;70449;78.4;77.6;8.6
49;2021-11-22;62;108;2397;639325;633259;72846;78.4;77.6;8.9
49;2021-11-23;138;118;3957;639463;633377;76803;78.4;77.6;9.4
49;2021-11-24;173;189;3489;639636;633566;80292;78.4;77.7;9.8
49;2021-11-25;100;99;3624;639736;633665;83916;78.4;77.7;10.3
49;2021-11-26;208;242;5700;639944;633907;89616;78.4;77.7;11.0
49;2021-11-27;135;148;2475;640079;634055;92091;78.5;77.7;11.3
49;2021-11-28;8;13;790;640087;634068;92881;78.5;77.7;11.4
49;2021-11-29;98;112;4782;640185;634180;97663;78.5;77.7;12.0
49;2021-11-30;137;121;6151;640322;634301;103814;78.5;77.7;12.7
49;2021-12-01;123;137;5941;640445;634438;109755;78.5;77.8;13.5
49;2021-12-02;81;75;5901;640526;634513;115656;78.5;77.8;14.2
49;2021-12-03;150;174;7859;640676;634687;123515;78.5;77.8;15.1
49;2021-12-04;64;111;2920;640740;634798;126435;78.5;77.8;15.5
49;2021-12-05;6;13;790;640746;634811;127225;78.5;77.8;15.6
49;2021-12-06;61;103;7378;640807;634914;134603;78.5;77.8;16.5
49;2021-12-07;112;119;9225;640919;635033;143828;78.6;77.8;17.6
49;2021-12-08;121;183;8005;641040;635216;151833;78.6;77.9;18.6
49;2021-12-09;112;125;9330;641152;635341;161163;78.6;77.9;19.8
49;2021-12-10;111;185;10136;641263;635526;171299;78.6;77.9;21.0
49;2021-12-11;69;146;4497;641332;635672;175796;78.6;77.9;21.5
49;2021-12-12;15;14;1484;641347;635686;177280;78.6;77.9;21.7
49;2021-12-13;68;114;8403;641415;635800;185683;78.6;77.9;22.8
49;2021-12-14;123;171;10489;641538;635971;196172;78.6;77.9;24.0
49;2021-12-15;108;174;9295;641646;636145;205467;78.6;78.0;25.2
50;2020-12-27;0;0;0;0;0;0;0.0;0.0;0.0
50;2020-12-28;1;0;0;1;0;0;0.0;0.0;0.0
50;2020-12-29;1;0;0;2;0;0;0.0;0.0;0.0
50;2020-12-30;0;0;0;2;0;0;0.0;0.0;0.0
50;2020-12-31;0;0;0;2;0;0;0.0;0.0;0.0
50;2021-01-01;1;0;0;3;0;0;0.0;0.0;0.0
50;2021-01-02;0;0;0;3;0;0;0.0;0.0;0.0
50;2021-01-03;0;0;0;3;0;0;0.0;0.0;0.0
50;2021-01-04;1;0;0;4;0;0;0.0;0.0;0.0
50;2021-01-05;0;0;0;4;0;0;0.0;0.0;0.0
50;2021-01-06;122;0;0;126;0;0;0.0;0.0;0.0
50;2021-01-07;311;0;0;437;0;0;0.1;0.0;0.0
50;2021-01-08;428;2;0;865;2;0;0.2;0.0;0.0
50;2021-01-09;227;0;0;1092;2;0;0.2;0.0;0.0
50;2021-01-10;22;0;0;1114;2;0;0.2;0.0;0.0
50;2021-01-11;368;0;0;1482;2;0;0.3;0.0;0.0
50;2021-01-12;597;0;0;2079;2;0;0.4;0.0;0.0
50;2021-01-13;682;5;0;2761;7;0;0.6;0.0;0.0
50;2021-01-14;979;8;0;3740;15;0;0.8;0.0;0.0
50;2021-01-15;692;5;0;4432;20;0;0.9;0.0;0.0
50;2021-01-16;219;3;0;4651;23;0;0.9;0.0;0.0
50;2021-01-17;9;0;0;4660;23;0;0.9;0.0;0.0
50;2021-01-18;646;1;0;5306;24;0;1.1;0.0;0.0
50;2021-01-19;911;9;0;6217;33;0;1.3;0.0;0.0
50;2021-01-20;968;2;0;7185;35;0;1.5;0.0;0.0
50;2021-01-21;911;3;0;8096;38;0;1.6;0.0;0.0
50;2021-01-22;769;2;0;8865;40;0;1.8;0.0;0.0
50;2021-01-23;658;4;0;9523;44;0;1.9;0.0;0.0
50;2021-01-24;846;3;0;10369;47;0;2.1;0.0;0.0
50;2021-01-25;2577;18;0;12946;65;0;2.6;0.0;0.0
50;2021-01-26;1289;15;0;14235;80;0;2.9;0.0;0.0
50;2021-01-27;750;52;0;14985;132;0;3.1;0.0;0.0
50;2021-01-28;753;166;0;15738;298;0;3.2;0.1;0.0
50;2021-01-29;602;303;0;16340;601;0;3.3;0.1;0.0
50;2021-01-30;375;161;0;16715;762;0;3.4;0.2;0.0
50;2021-01-31;5;0;0;16720;762;0;3.4;0.2;0.0
50;2021-02-01;459;215;0;17179;977;0;3.5;0.2;0.0
50;2021-02-02;463;253;0;17642;1230;0;3.6;0.3;0.0
50;2021-02-03;427;369;0;18069;1599;0;3.7;0.3;0.0
50;2021-02-04;510;456;0;18579;2055;0;3.8;0.4;0.0
50;2021-02-05;448;463;0;19027;2518;0;3.9;0.5;0.0
50;2021-02-06;194;112;0;19221;2630;0;3.9;0.5;0.0
50;2021-02-07;1;5;0;19222;2635;0;3.9;0.5;0.0
50;2021-02-08;284;491;0;19506;3126;0;4.0;0.6;0.0
50;2021-02-09;283;648;0;19789;3774;0;4.0;0.8;0.0
50;2021-02-10;576;564;0;20365;4338;0;4.2;0.9;0.0
50;2021-02-11;484;865;0;20849;5203;0;4.2;1.1;0.0
50;2021-02-12;400;673;0;21249;5876;0;4.3;1.2;0.0
50;2021-02-13;300;445;0;21549;6321;0;4.4;1.3;0.0
50;2021-02-14;180;797;0;21729;7118;0;4.4;1.5;0.0
50;2021-02-15;637;1959;0;22366;9077;0;4.6;1.8;0.0
50;2021-02-16;707;1540;0;23073;10617;0;4.7;2.2;0.0
50;2021-02-17;616;837;0;23689;11454;0;4.8;2.3;0.0
50;2021-02-18;529;838;0;24218;12292;0;4.9;2.5;0.0
50;2021-02-19;639;536;0;24857;12828;0;5.1;2.6;0.0
50;2021-02-20;409;205;0;25266;13033;0;5.1;2.7;0.0
50;2021-02-21;79;30;0;25345;13063;0;5.2;2.7;0.0
50;2021-02-22;305;741;0;25650;13804;0;5.2;2.8;0.0
50;2021-02-23;495;572;0;26145;14376;0;5.3;2.9;0.0
50;2021-02-24;632;562;0;26777;14938;0;5.5;3.0;0.0
50;2021-02-25;797;619;0;27574;15557;0;5.6;3.2;0.0
50;2021-02-26;993;404;0;28567;15961;0;5.8;3.3;0.0
50;2021-02-27;840;120;0;29407;16081;0;6.0;3.3;0.0
50;2021-02-28;102;5;0;29509;16086;0;6.0;3.3;0.0
50;2021-03-01;496;595;0;30005;16681;0;6.1;3.4;0.0
50;2021-03-02;635;546;0;30640;17227;0;6.2;3.5;0.0
50;2021-03-03;795;523;0;31435;17750;0;6.4;3.6;0.0
50;2021-03-04;1257;365;0;32692;18115;0;6.7;3.7;0.0
50;2021-03-05;1558;389;0;34250;18504;0;7.0;3.8;0.0
50;2021-03-06;1323;177;0;35573;18681;0;7.2;3.8;0.0
50;2021-03-07;542;40;0;36115;18721;0;7.4;3.8;0.0
50;2021-03-08;1025;617;0;37140;19338;0;7.6;3.9;0.0
50;2021-03-09;1533;582;0;38673;19920;0;7.9;4.1;0.0
50;2021-03-10;1586;337;0;40259;20257;0;8.2;4.1;0.0
50;2021-03-11;2337;377;0;42596;20634;0;8.7;4.2;0.0
50;2021-03-12;2924;281;0;45520;20915;0;9.3;4.3;0.0
50;2021-03-13;1931;143;0;47451;21058;0;9.7;4.3;0.0
50;2021-03-14;264;39;0;47715;21097;0;9.7;4.3;0.0
50;2021-03-15;1411;310;0;49126;21407;0;10.0;4.4;0.0
50;2021-03-16;1309;283;0;50435;21690;0;10.3;4.4;0.0
50;2021-03-17;1303;407;0;51738;22097;0;10.5;4.5;0.0
50;2021-03-18;1185;422;0;52923;22519;0;10.8;4.6;0.0
50;2021-03-19;1795;588;0;54718;23107;0;11.2;4.7;0.0
50;2021-03-20;1696;224;0;56414;23331;0;11.5;4.8;0.0
50;2021-03-21;776;13;0;57190;23344;0;11.7;4.8;0.0
50;2021-03-22;1514;345;0;58704;23689;0;12.0;4.8;0.0
50;2021-03-23;2064;400;0;60768;24089;0;12.4;4.9;0.0
50;2021-03-24;2283;563;0;63051;24652;0;12.9;5.0;0.0
50;2021-03-25;2843;483;0;65894;25135;0;13.4;5.1;0.0
50;2021-03-26;3247;472;0;69141;25607;0;14.1;5.2;0.0
50;2021-03-27;1724;356;0;70865;25963;0;14.4;5.3;0.0
50;2021-03-28;392;19;0;71257;25982;0;14.5;5.3;0.0
50;2021-03-29;2127;700;0;73384;26682;0;15.0;5.4;0.0
50;2021-03-30;2286;632;0;75670;27314;0;15.4;5.6;0.0
50;2021-03-31;2480;564;0;78150;27878;0;15.9;5.7;0.0
50;2021-04-01;3089;876;0;81239;28754;0;16.6;5.9;0.0
50;2021-04-02;2892;900;0;84131;29654;0;17.1;6.0;0.0
50;2021-04-03;1206;662;0;85337;30316;0;17.4;6.2;0.0
50;2021-04-04;304;132;0;85641;30448;0;17.5;6.2;0.0
50;2021-04-05;384;32;0;86025;30480;0;17.5;6.2;0.0
50;2021-04-06;2067;1193;0;88092;31673;0;18.0;6.5;0.0
50;2021-04-07;2567;1181;0;90659;32854;0;18.5;6.7;0.0
50;2021-04-08;3609;1211;0;94268;34065;0;19.2;6.9;0.0
50;2021-04-09;3853;1290;0;98121;35355;0;20.0;7.2;0.0
50;2021-04-10;2416;850;0;100537;36205;0;20.5;7.4;0.0
50;2021-04-11;383;144;0;100920;36349;0;20.6;7.4;0.0
50;2021-04-12;2404;1386;0;103324;37735;0;21.1;7.7;0.0
50;2021-04-13;2642;1510;0;105966;39245;0;21.6;8.0;0.0
50;2021-04-14;2552;1353;0;108518;40598;0;22.1;8.3;0.0
50;2021-04-15;3081;1152;0;111599;41750;0;22.7;8.5;0.0
50;2021-04-16;3219;1130;0;114818;42880;0;23.4;8.7;0.0
50;2021-04-17;2319;1183;0;117137;44063;0;23.9;9.0;0.0
50;2021-04-18;456;650;0;117593;44713;0;24.0;9.1;0.0
50;2021-04-19;1925;1465;0;119518;46178;0;24.4;9.4;0.0
50;2021-04-20;2179;1557;0;121697;47735;0;24.8;9.7;0.0
50;2021-04-21;2418;1755;0;124115;49490;0;25.3;10.1;0.0
50;2021-04-22;2989;1795;0;127104;51285;0;25.9;10.5;0.0
50;2021-04-23;2655;1932;0;129759;53217;0;26.4;10.8;0.0
50;2021-04-24;1821;1376;0;131580;54593;0;26.8;11.1;0.0
50;2021-04-25;491;269;0;132071;54862;0;26.9;11.2;0.0
50;2021-04-26;2078;1876;0;134149;56738;0;27.3;11.6;0.0
50;2021-04-27;2344;1978;0;136493;58716;0;27.8;12.0;0.0
50;2021-04-28;2568;1970;0;139061;60686;0;28.3;12.4;0.0
50;2021-04-29;3209;2086;0;142270;62772;0;29.0;12.8;0.0
50;2021-04-30;2945;1852;0;145215;64624;0;29.6;13.2;0.0
50;2021-05-01;1000;573;0;146215;65197;0;29.8;13.3;0.0
50;2021-05-02;521;415;0;146736;65612;0;29.9;13.4;0.0
50;2021-05-03;1858;1765;0;148594;67377;0;30.3;13.7;0.0
50;2021-05-04;1827;2265;0;150421;69642;0;30.7;14.2;0.0
50;2021-05-05;1724;2911;0;152145;72553;0;31.0;14.8;0.0
50;2021-05-06;2540;2615;0;154685;75168;0;31.5;15.3;0.0
50;2021-05-07;2243;2852;0;156928;78020;0;32.0;15.9;0.0
50;2021-05-08;1014;782;0;157942;78802;0;32.2;16.1;0.0
50;2021-05-09;625;355;0;158567;79157;0;32.3;16.1;0.0
50;2021-05-10;1789;2550;0;160356;81707;0;32.7;16.7;0.0
50;2021-05-11;2633;2753;0;162989;84460;0;33.2;17.2;0.0
50;2021-05-12;3117;2384;0;166106;86844;0;33.9;17.7;0.0
50;2021-05-13;3264;591;0;169370;87435;0;34.5;17.8;0.0
50;2021-05-14;3512;2204;0;172882;89639;0;35.2;18.3;0.0
50;2021-05-15;3496;1752;0;176378;91391;0;35.9;18.6;0.0
50;2021-05-16;967;262;0;177345;91653;0;36.1;18.7;0.0
50;2021-05-17;2219;1823;0;179564;93476;0;36.6;19.1;0.0
50;2021-05-18;2663;1570;0;182227;95046;0;37.1;19.4;0.0
50;2021-05-19;2627;1403;0;184854;96449;0;37.7;19.7;0.0
50;2021-05-20;3347;1586;0;188201;98035;0;38.4;20.0;0.0
50;2021-05-21;3262;1883;0;191463;99918;0;39.0;20.4;0.0
50;2021-05-22;2598;1263;0;194061;101181;0;39.6;20.6;0.0
50;2021-05-23;583;258;0;194644;101439;0;39.7;20.7;0.0
50;2021-05-24;1525;479;0;196169;101918;0;40.0;20.8;0.0
50;2021-05-25;2597;1636;0;198766;103554;0;40.5;21.1;0.0
50;2021-05-26;3106;1427;0;201872;104981;0;41.1;21.4;0.0
50;2021-05-27;3128;1898;0;205000;106879;0;41.8;21.8;0.0
50;2021-05-28;3029;2133;0;208029;109012;0;42.4;22.2;0.0
50;2021-05-29;2563;1326;0;210592;110338;0;42.9;22.5;0.0
50;2021-05-30;821;301;0;211413;110639;0;43.1;22.5;0.0
50;2021-05-31;2769;1787;0;214182;112426;0;43.7;22.9;0.0
50;2021-06-01;3400;2045;0;217582;114471;0;44.3;23.3;0.0
50;2021-06-02;3288;1827;0;220870;116298;0;45.0;23.7;0.0
50;2021-06-03;4013;2054;0;224883;118352;0;45.8;24.1;0.0
50;2021-06-04;3842;2931;0;228725;121283;0;46.6;24.7;0.0
50;2021-06-05;2825;1833;0;231550;123116;0;47.2;25.1;0.0
50;2021-06-06;830;427;0;232380;123543;0;47.4;25.2;0.0
50;2021-06-07;3446;2076;0;235826;125619;0;48.1;25.6;0.0
50;2021-06-08;4021;2215;0;239847;127834;0;48.9;26.1;0.0
50;2021-06-09;4218;1952;0;244065;129786;0;49.7;26.5;0.0
50;2021-06-10;4134;2146;0;248199;131932;0;50.6;26.9;0.0
50;2021-06-11;4063;2787;0;252262;134719;0;51.4;27.5;0.0
50;2021-06-12;3419;1566;0;255681;136285;0;52.1;27.8;0.0
50;2021-06-13;1009;454;0;256690;136739;0;52.3;27.9;0.0
50;2021-06-14;2555;2994;0;259245;139733;0;52.8;28.5;0.0
50;2021-06-15;2894;2633;0;262139;142366;0;53.4;29.0;0.0
50;2021-06-16;3000;1980;0;265139;144346;0;54.0;29.4;0.0
50;2021-06-17;2708;2522;0;267847;146868;0;54.6;29.9;0.0
50;2021-06-18;3108;3130;0;270955;149998;0;55.2;30.6;0.0
50;2021-06-19;2899;1765;0;273854;151763;0;55.8;30.9;0.0
50;2021-06-20;658;666;0;274512;152429;0;55.9;31.1;0.0
50;2021-06-21;1767;3124;0;276279;155553;0;56.3;31.7;0.0
50;2021-06-22;2013;3392;0;278292;158945;0;56.7;32.4;0.0
50;2021-06-23;1866;3837;0;280158;162782;0;57.1;33.2;0.0
50;2021-06-24;1690;3970;0;281848;166752;0;57.4;34.0;0.0
50;2021-06-25;2044;4071;0;283892;170823;0;57.9;34.8;0.0
50;2021-06-26;1824;3382;0;285716;174205;0;58.2;35.5;0.0
50;2021-06-27;552;864;0;286268;175069;0;58.3;35.7;0.0
50;2021-06-28;1793;3427;0;288061;178496;0;58.7;36.4;0.0
50;2021-06-29;1793;3515;0;289854;182011;0;59.1;37.1;0.0
50;2021-06-30;2067;3445;0;291921;185456;0;59.5;37.8;0.0
50;2021-07-01;1839;3264;0;293760;188720;0;59.9;38.5;0.0
50;2021-07-02;1783;3914;0;295543;192634;0;60.2;39.3;0.0
50;2021-07-03;1275;3251;0;296818;195885;0;60.5;39.9;0.0
50;2021-07-04;381;1005;0;297199;196890;0;60.6;40.1;0.0
50;2021-07-05;1189;3453;0;298388;200343;0;60.8;40.8;0.0
50;2021-07-06;1472;3890;0;299860;204233;0;61.1;41.6;0.0
50;2021-07-07;1700;3613;0;301560;207846;0;61.5;42.4;0.0
50;2021-07-08;1283;4008;0;302843;211854;0;61.7;43.2;0.0
50;2021-07-09;1333;4541;0;304176;216395;0;62.0;44.1;0.0
50;2021-07-10;967;3370;0;305143;219765;0;62.2;44.8;0.0
50;2021-07-11;289;947;0;305432;220712;0;62.2;45.0;0.0
50;2021-07-12;1215;4566;0;306647;225278;0;62.5;45.9;0.0
50;2021-07-13;1543;4789;0;308190;230067;0;62.8;46.9;0.0
50;2021-07-14;1224;2216;0;309414;232283;0;63.1;47.3;0.0
50;2021-07-15;1672;5013;0;311086;237296;0;63.4;48.4;0.0
50;2021-07-16;2725;5092;0;313811;242388;0;64.0;49.4;0.0
50;2021-07-17;1875;3566;0;315686;245954;0;64.3;50.1;0.0
50;2021-07-18;393;1001;0;316079;246955;0;64.4;50.3;0.0
50;2021-07-19;1474;5045;0;317553;252000;0;64.7;51.4;0.0
50;2021-07-20;1448;5251;0;319001;257251;0;65.0;52.4;0.0
50;2021-07-21;1787;5142;0;320788;262393;0;65.4;53.5;0.0
50;2021-07-22;1990;4859;0;322778;267252;0;65.8;54.5;0.0
50;2021-07-23;2156;5171;0;324934;272423;0;66.2;55.5;0.0
50;2021-07-24;1259;3555;0;326193;275978;0;66.5;56.2;0.0
50;2021-07-25;295;947;0;326488;276925;0;66.5;56.4;0.0
50;2021-07-26;2250;3330;0;328738;280255;0;67.0;57.1;0.0
50;2021-07-27;2835;3137;0;331573;283392;0;67.6;57.8;0.0
50;2021-07-28;2943;3298;0;334516;286690;0;68.2;58.4;0.0
50;2021-07-29;3543;3071;0;338059;289761;0;68.9;59.1;0.0
50;2021-07-30;2987;2857;0;341046;292618;0;69.5;59.6;0.0
50;2021-07-31;2230;2404;0;343276;295022;0;70.0;60.1;0.0
50;2021-08-01;512;589;0;343788;295611;0;70.1;60.2;0.0
50;2021-08-02;2354;2578;0;346142;298189;0;70.5;60.8;0.0
50;2021-08-03;3245;2328;0;349387;300517;0;71.2;61.2;0.0
50;2021-08-04;3427;2263;0;352814;302780;0;71.9;61.7;0.0
50;2021-08-05;2996;1990;0;355810;304770;0;72.5;62.1;0.0
50;2021-08-06;3345;2548;0;359155;307318;0;73.2;62.6;0.0
50;2021-08-07;2179;1898;0;361334;309216;0;73.6;63.0;0.0
50;2021-08-08;444;627;0;361778;309843;0;73.7;63.1;0.0
50;2021-08-09;2289;2022;0;364067;311865;0;74.2;63.6;0.0
50;2021-08-10;2706;2012;0;366773;313877;0;74.7;64.0;0.0
50;2021-08-11;2590;1888;1;369363;315765;1;75.3;64.4;0.0
50;2021-08-12;2322;2255;0;371685;318020;1;75.8;64.8;0.0
50;2021-08-13;2279;1858;0;373964;319878;1;76.2;65.2;0.0
50;2021-08-14;1639;1595;0;375603;321473;1;76.5;65.5;0.0
50;2021-08-15;354;316;0;375957;321789;1;76.6;65.6;0.0
50;2021-08-16;1599;2079;0;377556;323868;1;76.9;66.0;0.0
50;2021-08-17;1757;2460;0;379313;326328;1;77.3;66.5;0.0
50;2021-08-18;1617;2404;0;380930;328732;1;77.6;67.0;0.0
50;2021-08-19;1524;2455;0;382454;331187;1;77.9;67.5;0.0
50;2021-08-20;1440;2596;0;383894;333783;1;78.2;68.0;0.0
50;2021-08-21;905;2479;0;384799;336262;1;78.4;68.5;0.0
50;2021-08-22;315;464;0;385114;336726;1;78.5;68.6;0.0
50;2021-08-23;1028;2801;0;386142;339527;1;78.7;69.2;0.0
50;2021-08-24;1133;3042;0;387275;342569;1;78.9;69.8;0.0
50;2021-08-25;983;2652;0;388258;345221;1;79.1;70.4;0.0
50;2021-08-26;823;3147;0;389081;348368;1;79.3;71.0;0.0
50;2021-08-27;885;3114;0;389966;351482;1;79.5;71.6;0.0
50;2021-08-28;711;2708;0;390677;354190;1;79.6;72.2;0.0
50;2021-08-29;236;513;0;390913;354703;1;79.7;72.3;0.0
50;2021-08-30;738;2761;62;391651;357464;63;79.8;72.9;0.0
50;2021-08-31;779;2809;99;392430;360273;162;80.0;73.4;0.0
50;2021-09-01;646;2545;223;393076;362818;385;80.1;73.9;0.1
50;2021-09-02;489;2108;301;393565;364926;686;80.2;74.4;0.1
50;2021-09-03;671;2468;324;394236;367394;1010;80.3;74.9;0.2
50;2021-09-04;577;2680;132;394813;370074;1142;80.5;75.4;0.2
50;2021-09-05;158;586;58;394971;370660;1200;80.5;75.5;0.2
50;2021-09-06;366;1792;285;395337;372452;1485;80.6;75.9;0.3
50;2021-09-07;278;1387;274;395615;373839;1759;80.6;76.2;0.4
50;2021-09-08;432;1794;199;396047;375633;1958;80.7;76.6;0.4
50;2021-09-09;380;1210;230;396427;376843;2188;80.8;76.8;0.4
50;2021-09-10;480;1647;368;396907;378490;2556;80.9;77.1;0.5
50;2021-09-11;340;2013;270;397247;380503;2826;81.0;77.5;0.6
50;2021-09-12;63;322;15;397310;380825;2841;81.0;77.6;0.6
50;2021-09-13;370;941;358;397680;381766;3199;81.0;77.8;0.7
50;2021-09-14;396;855;464;398076;382621;3663;81.1;78.0;0.7
50;2021-09-15;410;982;382;398486;383603;4045;81.2;78.2;0.8
50;2021-09-16;440;696;410;398926;384299;4455;81.3;78.3;0.9
50;2021-09-17;439;994;443;399365;385293;4898;81.4;78.5;1.0
50;2021-09-18;287;1323;179;399652;386616;5077;81.5;78.8;1.0
50;2021-09-19;39;246;20;399691;386862;5097;81.5;78.8;1.0
50;2021-09-20;358;561;397;400049;387423;5494;81.5;79.0;1.1
50;2021-09-21;425;575;555;400474;387998;6049;81.6;79.1;1.2
50;2021-09-22;190;822;416;400664;388820;6465;81.7;79.2;1.3
50;2021-09-23;265;382;641;400929;389202;7106;81.7;79.3;1.4
50;2021-09-24;216;769;544;401145;389971;7650;81.8;79.5;1.6
50;2021-09-25;193;872;154;401338;390843;7804;81.8;79.7;1.6
50;2021-09-26;18;150;34;401356;390993;7838;81.8;79.7;1.6
50;2021-09-27;108;383;549;401464;391376;8387;81.8;79.8;1.7
50;2021-09-28;170;381;579;401634;391757;8966;81.9;79.8;1.8
50;2021-09-29;149;454;511;401783;392211;9477;81.9;79.9;1.9
50;2021-09-30;161;398;611;401944;392609;10088;81.9;80.0;2.1
50;2021-10-01;232;534;614;402176;393143;10702;82.0;80.1;2.2
50;2021-10-02;220;487;239;402396;393630;10941;82.0;80.2;2.2
50;2021-10-03;6;8;22;402402;393638;10963;82.0;80.2;2.2
50;2021-10-04;188;388;673;402590;394026;11636;82.0;80.3;2.4
50;2021-10-05;131;326;689;402721;394352;12325;82.1;80.4;2.5
50;2021-10-06;181;426;449;402902;394778;12774;82.1;80.5;2.6
50;2021-10-07;116;314;605;403018;395092;13379;82.1;80.5;2.7
50;2021-10-08;204;426;552;403222;395518;13931;82.2;80.6;2.8
50;2021-10-09;218;466;372;403440;395984;14303;82.2;80.7;2.9
50;2021-10-10;0;2;1;403440;395986;14304;82.2;80.7;2.9
50;2021-10-11;107;207;622;403547;396193;14926;82.2;80.7;3.0
50;2021-10-12;133;334;805;403680;396527;15731;82.3;80.8;3.2
50;2021-10-13;150;281;622;403830;396808;16353;82.3;80.9;3.3
50;2021-10-14;102;284;763;403932;397092;17116;82.3;80.9;3.5
50;2021-10-15;227;346;922;404159;397438;18038;82.4;81.0;3.7
50;2021-10-16;205;306;663;404364;397744;18701;82.4;81.1;3.8
50;2021-10-17;10;14;91;404374;397758;18792;82.4;81.1;3.8
50;2021-10-18;100;293;423;404474;398051;19215;82.4;81.1;3.9
50;2021-10-19;101;233;555;404575;398284;19770;82.5;81.2;4.0
50;2021-10-20;175;267;885;404750;398551;20655;82.5;81.2;4.2
50;2021-10-21;99;229;699;404849;398780;21354;82.5;81.3;4.4
50;2021-10-22;206;328;895;405055;399108;22249;82.6;81.3;4.5
50;2021-10-23;145;224;546;405200;399332;22795;82.6;81.4;4.6
50;2021-10-24;10;10;31;405210;399342;22826;82.6;81.4;4.7
50;2021-10-25;103;137;567;405313;399479;23393;82.6;81.4;4.8
50;2021-10-26;82;115;765;405395;399594;24158;82.6;81.4;4.9
50;2021-10-27;150;217;1533;405545;399811;25691;82.7;81.5;5.2
50;2021-10-28;76;77;888;405621;399888;26579;82.7;81.5;5.4
50;2021-10-29;154;207;1013;405775;400095;27592;82.7;81.5;5.6
50;2021-10-30;137;220;688;405912;400315;28280;82.7;81.6;5.8
50;2021-10-31;6;5;46;405918;400320;28326;82.7;81.6;5.8
50;2021-11-01;2;1;3;405920;400321;28329;82.7;81.6;5.8
50;2021-11-02;94;119;950;406014;400440;29279;82.7;81.6;6.0
50;2021-11-03;167;253;1474;406181;400693;30753;82.8;81.7;6.3
50;2021-11-04;66;77;744;406247;400770;31497;82.8;81.7;6.4
50;2021-11-05;166;258;1553;406413;401028;33050;82.8;81.7;6.7
50;2021-11-06;151;292;1089;406564;401320;34139;82.9;81.8;7.0
50;2021-11-07;5;6;29;406569;401326;34168;82.9;81.8;7.0
50;2021-11-08;76;141;1140;406645;401467;35308;82.9;81.8;7.2
50;2021-11-09;84;161;1443;406729;401628;36751;82.9;81.9;7.5
50;2021-11-10;135;170;1782;406864;401798;38533;82.9;81.9;7.9
50;2021-11-11;5;4;281;406869;401802;38814;82.9;81.9;7.9
50;2021-11-12;129;185;1734;406998;401987;40548;82.9;81.9;8.3
50;2021-11-13;132;176;1253;407130;402163;41801;83.0;82.0;8.5
50;2021-11-14;4;6;452;407134;402169;42253;83.0;82.0;8.6
50;2021-11-15;112;125;1866;407246;402294;44119;83.0;82.0;9.0
50;2021-11-16;87;75;1932;407333;402369;46051;83.0;82.0;9.4
50;2021-11-17;109;160;2107;407442;402529;48158;83.0;82.0;9.8
50;2021-11-18;87;113;2080;407529;402642;50238;83.1;82.1;10.2
50;2021-11-19;132;172;2363;407661;402814;52601;83.1;82.1;10.7
50;2021-11-20;194;191;1504;407855;403005;54105;83.1;82.1;11.0
50;2021-11-21;1;4;9;407856;403009;54114;83.1;82.1;11.0
50;2021-11-22;118;66;2305;407974;403075;56419;83.1;82.1;11.5
50;2021-11-23;132;96;2612;408106;403171;59031;83.2;82.2;12.0
50;2021-11-24;190;201;2583;408296;403372;61614;83.2;82.2;12.6
50;2021-11-25;128;91;2354;408424;403463;63968;83.2;82.2;13.0
50;2021-11-26;143;144;2861;408567;403607;66829;83.3;82.3;13.6
50;2021-11-27;235;212;2376;408802;403819;69205;83.3;82.3;14.1
50;2021-11-28;53;30;1512;408855;403849;70717;83.3;82.3;14.4
50;2021-11-29;120;108;3338;408975;403957;74055;83.4;82.3;15.1
50;2021-11-30;114;111;4588;409089;404068;78643;83.4;82.4;16.0
50;2021-12-01;122;129;4361;409211;404197;83004;83.4;82.4;16.9
50;2021-12-02;124;80;5255;409335;404277;88259;83.4;82.4;18.0
50;2021-12-03;138;162;5157;409473;404439;93416;83.5;82.4;19.0
50;2021-12-04;99;162;3076;409572;404601;96492;83.5;82.5;19.7
50;2021-12-05;8;14;818;409580;404615;97310;83.5;82.5;19.8
50;2021-12-06;98;101;5315;409678;404716;102625;83.5;82.5;20.9
50;2021-12-07;138;119;6516;409816;404835;109141;83.5;82.5;22.2
50;2021-12-08;197;148;6458;410013;404983;115599;83.6;82.5;23.6
50;2021-12-09;168;95;6917;410181;405078;122516;83.6;82.6;25.0
50;2021-12-10;199;168;7543;410380;405246;130059;83.6;82.6;26.5
50;2021-12-11;104;189;4168;410484;405435;134227;83.7;82.6;27.4
50;2021-12-12;23;9;804;410507;405444;135031;83.7;82.6;27.5
50;2021-12-13;125;143;6064;410632;405587;141095;83.7;82.7;28.8
50;2021-12-14;181;131;7727;410813;405718;148822;83.7;82.7;30.3
50;2021-12-15;181;192;6202;410994;405910;155024;83.8;82.7;31.6
51;2020-12-27;0;0;0;0;0;0;0.0;0.0;0.0
51;2020-12-28;0;0;0;0;0;0;0.0;0.0;0.0
51;2020-12-29;0;0;0;0;0;0;0.0;0.0;0.0
51;2020-12-30;1;0;0;1;0;0;0.0;0.0;0.0
51;2020-12-31;1;0;0;2;0;0;0.0;0.0;0.0
51;2021-01-01;0;0;0;2;0;0;0.0;0.0;0.0
51;2021-01-02;0;0;0;2;0;0;0.0;0.0;0.0
51;2021-01-03;0;0;0;2;0;0;0.0;0.0;0.0
51;2021-01-04;2;0;0;4;0;0;0.0;0.0;0.0
51;2021-01-05;3;0;0;7;0;0;0.0;0.0;0.0
51;2021-01-06;9;0;0;16;0;0;0.0;0.0;0.0
51;2021-01-07;261;1;0;277;1;0;0.0;0.0;0.0
51;2021-01-08;508;1;0;785;2;0;0.1;0.0;0.0
51;2021-01-09;95;1;0;880;3;0;0.2;0.0;0.0
51;2021-01-10;3;0;0;883;3;0;0.2;0.0;0.0
51;2021-01-11;550;1;0;1433;4;0;0.3;0.0;0.0
51;2021-01-12;1428;5;0;2861;9;0;0.5;0.0;0.0
51;2021-01-13;1245;8;0;4106;17;0;0.7;0.0;0.0
51;2021-01-14;1432;10;0;5538;27;0;1.0;0.0;0.0
51;2021-01-15;614;5;0;6152;32;0;1.1;0.0;0.0
51;2021-01-16;176;1;0;6328;33;0;1.1;0.0;0.0
51;2021-01-17;101;0;0;6429;33;0;1.1;0.0;0.0
51;2021-01-18;886;5;0;7315;38;0;1.3;0.0;0.0
51;2021-01-19;1015;6;0;8330;44;0;1.5;0.0;0.0
51;2021-01-20;1023;10;0;9353;54;0;1.7;0.0;0.0
51;2021-01-21;857;3;0;10210;57;0;1.8;0.0;0.0
51;2021-01-22;392;2;0;10602;59;0;1.9;0.0;0.0
51;2021-01-23;294;0;0;10896;59;0;1.9;0.0;0.0
51;2021-01-24;139;1;0;11035;60;0;2.0;0.0;0.0
51;2021-01-25;686;2;0;11721;62;0;2.1;0.0;0.0
51;2021-01-26;754;4;0;12475;66;0;2.2;0.0;0.0
51;2021-01-27;657;5;0;13132;71;0;2.3;0.0;0.0
51;2021-01-28;644;65;0;13776;136;0;2.4;0.0;0.0
51;2021-01-29;474;164;0;14250;300;0;2.5;0.1;0.0
51;2021-01-30;130;7;0;14380;307;0;2.6;0.1;0.0
51;2021-01-31;81;0;0;14461;307;0;2.6;0.1;0.0
51;2021-02-01;282;79;0;14743;386;0;2.6;0.1;0.0
51;2021-02-02;685;710;0;15428;1096;0;2.7;0.2;0.0
51;2021-02-03;597;434;0;16025;1530;0;2.8;0.3;0.0
51;2021-02-04;926;779;0;16951;2309;0;3.0;0.4;0.0
51;2021-02-05;906;524;0;17857;2833;0;3.2;0.5;0.0
51;2021-02-06;37;142;0;17894;2975;0;3.2;0.5;0.0
51;2021-02-07;1;18;0;17895;2993;0;3.2;0.5;0.0
51;2021-02-08;116;420;0;18011;3413;0;3.2;0.6;0.0
51;2021-02-09;243;506;0;18254;3919;0;3.2;0.7;0.0
51;2021-02-10;259;649;0;18513;4568;0;3.3;0.8;0.0
51;2021-02-11;327;575;0;18840;5143;0;3.3;0.9;0.0
51;2021-02-12;369;572;0;19209;5715;0;3.4;1.0;0.0
51;2021-02-13;15;110;0;19224;5825;0;3.4;1.0;0.0
51;2021-02-14;8;167;0;19232;5992;0;3.4;1.1;0.0
51;2021-02-15;254;837;0;19486;6829;0;3.5;1.2;0.0
51;2021-02-16;374;941;0;19860;7770;0;3.5;1.4;0.0
51;2021-02-17;347;902;0;20207;8672;0;3.6;1.5;0.0
51;2021-02-18;410;612;0;20617;9284;0;3.7;1.6;0.0
51;2021-02-19;499;397;0;21116;9681;0;3.7;1.7;0.0
51;2021-02-20;202;295;0;21318;9976;0;3.8;1.8;0.0
51;2021-02-21;10;106;0;21328;10082;0;3.8;1.8;0.0
51;2021-02-22;191;681;0;21519;10763;0;3.8;1.9;0.0
51;2021-02-23;238;1031;0;21757;11794;0;3.9;2.1;0.0
51;2021-02-24;403;689;0;22160;12483;0;3.9;2.2;0.0
51;2021-02-25;1007;850;0;23167;13333;0;4.1;2.4;0.0
51;2021-02-26;1191;638;0;24358;13971;0;4.3;2.5;0.0
51;2021-02-27;603;129;0;24961;14100;0;4.4;2.5;0.0
51;2021-02-28;13;69;0;24974;14169;0;4.4;2.5;0.0
51;2021-03-01;755;313;0;25729;14482;0;4.6;2.6;0.0
51;2021-03-02;1117;467;0;26846;14949;0;4.8;2.7;0.0
51;2021-03-03;1172;468;0;28018;15417;0;5.0;2.7;0.0
51;2021-03-04;1089;700;0;29107;16117;0;5.2;2.9;0.0
51;2021-03-05;1566;646;0;30673;16763;0;5.4;3.0;0.0
51;2021-03-06;1476;66;0;32149;16829;0;5.7;3.0;0.0
51;2021-03-07;292;8;0;32441;16837;0;5.8;3.0;0.0
51;2021-03-08;1016;119;0;33457;16956;0;5.9;3.0;0.0
51;2021-03-09;1671;206;0;35128;17162;0;6.2;3.0;0.0
51;2021-03-10;1963;137;0;37091;17299;0;6.6;3.1;0.0
51;2021-03-11;2407;179;0;39498;17478;0;7.0;3.1;0.0
51;2021-03-12;3241;185;0;42739;17663;0;7.6;3.1;0.0
51;2021-03-13;2503;58;0;45242;17721;0;8.0;3.1;0.0
51;2021-03-14;223;5;0;45465;17726;0;8.1;3.1;0.0
51;2021-03-15;1602;167;0;47067;17893;0;8.3;3.2;0.0
51;2021-03-16;1446;185;0;48513;18078;0;8.6;3.2;0.0
51;2021-03-17;1494;203;0;50007;18281;0;8.9;3.2;0.0
51;2021-03-18;1594;264;0;51601;18545;0;9.2;3.3;0.0
51;2021-03-19;2232;297;0;53833;18842;0;9.5;3.3;0.0
51;2021-03-20;1591;214;0;55424;19056;0;9.8;3.4;0.0
51;2021-03-21;147;6;0;55571;19062;0;9.9;3.4;0.0
51;2021-03-22;1387;132;0;56958;19194;0;10.1;3.4;0.0
51;2021-03-23;2409;180;0;59367;19374;0;10.5;3.4;0.0
51;2021-03-24;2773;123;0;62140;19497;0;11.0;3.5;0.0
51;2021-03-25;3182;343;0;65322;19840;0;11.6;3.5;0.0
51;2021-03-26;3350;500;0;68672;20340;0;12.2;3.6;0.0
51;2021-03-27;1765;253;0;70437;20593;0;12.5;3.7;0.0
51;2021-03-28;247;4;0;70684;20597;0;12.5;3.7;0.0
51;2021-03-29;971;632;0;71655;21229;0;12.7;3.8;0.0
51;2021-03-30;1756;853;0;73411;22082;0;13.0;3.9;0.0
51;2021-03-31;1774;763;0;75185;22845;0;13.3;4.1;0.0
51;2021-04-01;2194;482;0;77379;23327;0;13.7;4.1;0.0
51;2021-04-02;2381;655;0;79760;23982;0;14.1;4.3;0.0
51;2021-04-03;1169;440;0;80929;24422;0;14.4;4.3;0.0
51;2021-04-04;139;13;0;81068;24435;0;14.4;4.3;0.0
51;2021-04-05;125;140;0;81193;24575;0;14.4;4.4;0.0
51;2021-04-06;806;1234;0;81999;25809;0;14.5;4.6;0.0
51;2021-04-07;1340;1410;0;83339;27219;0;14.8;4.8;0.0
51;2021-04-08;2267;1759;0;85606;28978;0;15.2;5.1;0.0
51;2021-04-09;2898;1728;0;88504;30706;0;15.7;5.4;0.0
51;2021-04-10;2182;499;0;90686;31205;0;16.1;5.5;0.0
51;2021-04-11;144;106;0;90830;31311;0;16.1;5.6;0.0
51;2021-04-12;1520;1353;0;92350;32664;0;16.4;5.8;0.0
51;2021-04-13;1979;1681;0;94329;34345;0;16.7;6.1;0.0
51;2021-04-14;2385;1497;0;96714;35842;0;17.2;6.4;0.0
51;2021-04-15;2834;1668;0;99548;37510;0;17.7;6.7;0.0
51;2021-04-16;3178;1562;0;102726;39072;0;18.2;6.9;0.0
51;2021-04-17;1977;734;0;104703;39806;0;18.6;7.1;0.0
51;2021-04-18;350;129;0;105053;39935;0;18.6;7.1;0.0
51;2021-04-19;1633;1160;0;106686;41095;0;18.9;7.3;0.0
51;2021-04-20;1858;1625;0;108544;42720;0;19.3;7.6;0.0
51;2021-04-21;2025;1735;0;110569;44455;0;19.6;7.9;0.0
51;2021-04-22;2464;1602;0;113033;46057;0;20.0;8.2;0.0
51;2021-04-23;3023;1763;0;116056;47820;0;20.6;8.5;0.0
51;2021-04-24;1831;941;0;117887;48761;0;20.9;8.6;0.0
51;2021-04-25;193;179;0;118080;48940;0;20.9;8.7;0.0
51;2021-04-26;1973;728;0;120053;49668;0;21.3;8.8;0.0
51;2021-04-27;2477;1224;0;122530;50892;0;21.7;9.0;0.0
51;2021-04-28;2629;1283;0;125159;52175;0;22.2;9.3;0.0
51;2021-04-29;2819;1465;0;127978;53640;0;22.7;9.5;0.0
51;2021-04-30;3063;1676;0;131041;55316;0;23.2;9.8;0.0
51;2021-05-01;1473;417;0;132514;55733;0;23.5;9.9;0.0
51;2021-05-02;260;143;0;132774;55876;0;23.5;9.9;0.0
51;2021-05-03;2652;809;0;135426;56685;0;24.0;10.1;0.0
51;2021-05-04;2839;1400;0;138265;58085;0;24.5;10.3;0.0
51;2021-05-05;2915;1628;0;141180;59713;0;25.0;10.6;0.0
51;2021-05-06;5427;1951;0;146607;61664;0;26.0;10.9;0.0
51;2021-05-07;3807;1951;0;150414;63615;0;26.7;11.3;0.0
51;2021-05-08;2813;790;0;153227;64405;0;27.2;11.4;0.0
51;2021-05-09;311;141;0;153538;64546;0;27.2;11.4;0.0
51;2021-05-10;3294;1842;0;156832;66388;0;27.8;11.8;0.0
51;2021-05-11;3611;2049;0;160443;68437;0;28.5;12.1;0.0
51;2021-05-12;4250;2246;0;164693;70683;0;29.2;12.5;0.0
51;2021-05-13;1758;513;0;166451;71196;0;29.5;12.6;0.0
51;2021-05-14;5207;1718;0;171658;72914;0;30.4;12.9;0.0
51;2021-05-15;4007;1326;0;175665;74240;0;31.2;13.2;0.0
51;2021-05-16;437;97;0;176102;74337;0;31.2;13.2;0.0
51;2021-05-17;3188;1501;0;179290;75838;0;31.8;13.5;0.0
51;2021-05-18;3874;1704;0;183164;77542;0;32.5;13.8;0.0
51;2021-05-19;4110;1655;0;187274;79197;0;33.2;14.0;0.0
51;2021-05-20;4738;1961;0;192012;81158;0;34.1;14.4;0.0
51;2021-05-21;3790;2411;0;195802;83569;0;34.7;14.8;0.0
51;2021-05-22;2244;1462;0;198046;85031;0;35.1;15.1;0.0
51;2021-05-23;523;222;0;198569;85253;0;35.2;15.1;0.0
51;2021-05-24;2096;704;0;200665;85957;0;35.6;15.2;0.0
51;2021-05-25;3518;1794;0;204183;87751;0;36.2;15.6;0.0
51;2021-05-26;3518;1696;0;207701;89447;0;36.8;15.9;0.0
51;2021-05-27;3495;2093;0;211196;91540;0;37.5;16.2;0.0
51;2021-05-28;3732;2849;0;214928;94389;0;38.1;16.7;0.0
51;2021-05-29;2555;1968;0;217483;96357;0;38.6;17.1;0.0
51;2021-05-30;532;157;0;218015;96514;0;38.7;17.1;0.0
51;2021-05-31;3449;1832;0;221464;98346;0;39.3;17.4;0.0
51;2021-06-01;3874;2404;0;225338;100750;0;40.0;17.9;0.0
51;2021-06-02;5782;2377;0;231120;103127;0;41.0;18.3;0.0
51;2021-06-03;3540;2482;0;234660;105609;0;41.6;18.7;0.0
51;2021-06-04;6141;3009;0;240801;108618;0;42.7;19.3;0.0
51;2021-06-05;2539;1867;0;243340;110485;0;43.2;19.6;0.0
51;2021-06-06;305;225;0;243645;110710;0;43.2;19.6;0.0
51;2021-06-07;3964;2209;0;247609;112919;0;43.9;20.0;0.0
51;2021-06-08;3834;2662;0;251443;115581;0;44.6;20.5;0.0
51;2021-06-09;3834;2732;0;255277;118313;0;45.3;21.0;0.0
51;2021-06-10;3169;2567;0;258446;120880;0;45.8;21.4;0.0
51;2021-06-11;3280;3484;0;261726;124364;0;46.4;22.1;0.0
51;2021-06-12;2204;2161;0;263930;126525;0;46.8;22.4;0.0
51;2021-06-13;248;228;0;264178;126753;0;46.9;22.5;0.0
51;2021-06-14;1560;3451;0;265738;130204;0;47.1;23.1;0.0
51;2021-06-15;2933;3677;0;268671;133881;0;47.7;23.7;0.0
51;2021-06-16;2143;3777;0;270814;137658;0;48.0;24.4;0.0
51;2021-06-17;2545;5433;0;273359;143091;0;48.5;25.4;0.0
51;2021-06-18;2340;5293;0;275699;148384;0;48.9;26.3;0.0
51;2021-06-19;1655;4343;0;277354;152727;0;49.2;27.1;0.0
51;2021-06-20;221;318;0;277575;153045;0;49.2;27.1;0.0
51;2021-06-21;1264;4417;0;278839;157462;0;49.5;27.9;0.0
51;2021-06-22;1529;4039;3;280368;161501;3;49.7;28.6;0.0
51;2021-06-23;3300;4282;0;283668;165783;3;50.3;29.4;0.0
51;2021-06-24;2133;3175;0;285801;168958;3;50.7;30.0;0.0
51;2021-06-25;1811;6324;0;287612;175282;3;51.0;31.1;0.0
51;2021-06-26;1122;4787;0;288734;180069;3;51.2;31.9;0.0
51;2021-06-27;136;435;0;288870;180504;3;51.2;32.0;0.0
51;2021-06-28;1324;4398;0;290194;184902;3;51.5;32.8;0.0
51;2021-06-29;1122;4555;0;291316;189457;3;51.7;33.6;0.0
51;2021-06-30;1614;5878;0;292930;195335;3;52.0;34.6;0.0
51;2021-07-01;1895;3923;0;294825;199258;3;52.3;35.3;0.0
51;2021-07-02;1791;6896;0;296616;206154;3;52.6;36.6;0.0
51;2021-07-03;1002;3302;0;297618;209456;3;52.8;37.1;0.0
51;2021-07-04;191;424;0;297809;209880;3;52.8;37.2;0.0
51;2021-07-05;798;5417;0;298607;215297;3;53.0;38.2;0.0
51;2021-07-06;1210;4913;10;299817;220210;13;53.2;39.1;0.0
51;2021-07-07;1543;4924;4;301360;225134;17;53.4;39.9;0.0
51;2021-07-08;2007;3507;3;303367;228641;20;53.8;40.6;0.0
51;2021-07-09;1800;5118;1;305167;233759;21;54.1;41.5;0.0
51;2021-07-10;1221;3272;0;306388;237031;21;54.3;42.0;0.0
51;2021-07-11;230;388;0;306618;237419;21;54.4;42.1;0.0
51;2021-07-12;1012;4447;0;307630;241866;21;54.6;42.9;0.0
51;2021-07-13;1563;4750;0;309193;246616;21;54.8;43.7;0.0
51;2021-07-14;1069;1603;0;310262;248219;21;55.0;44.0;0.0
51;2021-07-15;2920;4910;0;313182;253129;21;55.5;44.9;0.0
51;2021-07-16;2480;5269;0;315662;258398;21;56.0;45.8;0.0
51;2021-07-17;1820;3392;0;317482;261790;21;56.3;46.4;0.0
51;2021-07-18;284;422;0;317766;262212;21;56.4;46.5;0.0
51;2021-07-19;1970;3980;1;319736;266192;22;56.7;47.2;0.0
51;2021-07-20;2582;4865;0;322318;271057;22;57.2;48.1;0.0
51;2021-07-21;3576;3994;0;325894;275051;22;57.8;48.8;0.0
51;2021-07-22;4344;3769;0;330238;278820;22;58.6;49.5;0.0
51;2021-07-23;3593;4341;0;333831;283161;22;59.2;50.2;0.0
51;2021-07-24;2013;2709;0;335844;285870;22;59.6;50.7;0.0
51;2021-07-25;479;372;0;336323;286242;22;59.7;50.8;0.0
51;2021-07-26;3128;2733;0;339451;288975;22;60.2;51.3;0.0
51;2021-07-27;5495;3167;0;344946;292142;22;61.2;51.8;0.0
51;2021-07-28;3972;4132;0;348918;296274;22;61.9;52.5;0.0
51;2021-07-29;4546;2772;0;353464;299046;22;62.7;53.0;0.0
51;2021-07-30;3675;3111;0;357139;302157;22;63.3;53.6;0.0
51;2021-07-31;2369;1993;0;359508;304150;22;63.8;53.9;0.0
51;2021-08-01;487;314;0;359995;304464;22;63.8;54.0;0.0
51;2021-08-02;3158;2284;0;363153;306748;22;64.4;54.4;0.0
51;2021-08-03;3545;1905;0;366698;308653;22;65.0;54.7;0.0
51;2021-08-04;4059;2112;0;370757;310765;22;65.8;55.1;0.0
51;2021-08-05;2480;1600;0;373237;312365;22;66.2;55.4;0.0
51;2021-08-06;2971;2562;0;376208;314927;22;66.7;55.9;0.0
51;2021-08-07;1938;1633;0;378146;316560;22;67.1;56.1;0.0
51;2021-08-08;417;298;0;378563;316858;22;67.1;56.2;0.0
51;2021-08-09;2419;1917;0;380982;318775;22;67.6;56.5;0.0
51;2021-08-10;2265;1976;0;383247;320751;22;68.0;56.9;0.0
51;2021-08-11;2611;2343;0;385858;323094;22;68.4;57.3;0.0
51;2021-08-12;1740;2043;0;387598;325137;22;68.7;57.7;0.0
51;2021-08-13;1956;2750;0;389554;327887;22;69.1;58.2;0.0
51;2021-08-14;1415;1889;0;390969;329776;22;69.3;58.5;0.0
51;2021-08-15;161;198;0;391130;329974;22;69.4;58.5;0.0
51;2021-08-16;1298;2965;0;392428;332939;22;69.6;59.1;0.0
51;2021-08-17;1495;3153;0;393923;336092;22;69.9;59.6;0.0
51;2021-08-18;1742;3534;0;395665;339626;22;70.2;60.2;0.0
51;2021-08-19;1332;2521;0;396997;342147;22;70.4;60.7;0.0
51;2021-08-20;1586;3848;0;398583;345995;22;70.7;61.4;0.0
51;2021-08-21;898;2276;0;399481;348271;22;70.9;61.8;0.0
51;2021-08-22;112;428;0;399593;348699;22;70.9;61.8;0.0
51;2021-08-23;1100;3489;0;400693;352188;22;71.1;62.5;0.0
51;2021-08-24;1112;3517;0;401805;355705;22;71.3;63.1;0.0
51;2021-08-25;1205;4168;0;403010;359873;22;71.5;63.8;0.0
51;2021-08-26;999;2490;0;404009;362363;22;71.7;64.3;0.0
51;2021-08-27;1151;3961;0;405160;366324;22;71.9;65.0;0.0
51;2021-08-28;610;2271;0;405770;368595;22;72.0;65.4;0.0
51;2021-08-29;88;411;0;405858;369006;22;72.0;65.4;0.0
51;2021-08-30;1201;4394;48;407059;373400;70;72.2;66.2;0.0
51;2021-08-31;754;2845;93;407813;376245;163;72.3;66.7;0.0
51;2021-09-01;749;2928;165;408562;379173;328;72.5;67.3;0.1
51;2021-09-02;755;1968;177;409317;381141;505;72.6;67.6;0.1
51;2021-09-03;890;2581;285;410207;383722;790;72.8;68.1;0.1
51;2021-09-04;590;2484;95;410797;386206;885;72.9;68.5;0.2
51;2021-09-05;128;216;35;410925;386422;920;72.9;68.5;0.2
51;2021-09-06;412;1450;474;411337;387872;1394;73.0;68.8;0.2
51;2021-09-07;503;1186;427;411840;389058;1821;73.0;69.0;0.3
51;2021-09-08;563;1754;250;412403;390812;2071;73.1;69.3;0.4
51;2021-09-09;455;1175;171;412858;391987;2242;73.2;69.5;0.4
51;2021-09-10;677;1739;303;413535;393726;2545;73.3;69.8;0.5
51;2021-09-11;528;1616;103;414063;395342;2648;73.4;70.1;0.5
51;2021-09-12;29;88;8;414092;395430;2656;73.4;70.1;0.5
51;2021-09-13;424;843;293;414516;396273;2949;73.5;70.3;0.5
51;2021-09-14;572;818;545;415088;397091;3494;73.6;70.4;0.6
51;2021-09-15;491;1327;401;415579;398418;3895;73.7;70.7;0.7
51;2021-09-16;318;642;414;415897;399060;4309;73.8;70.8;0.8
51;2021-09-17;551;1177;550;416448;400237;4859;73.9;71.0;0.9
51;2021-09-18;440;1267;149;416888;401504;5008;73.9;71.2;0.9
51;2021-09-19;16;75;9;416904;401579;5017;73.9;71.2;0.9
51;2021-09-20;277;567;298;417181;402146;5315;74.0;71.3;0.9
51;2021-09-21;239;519;352;417420;402665;5667;74.0;71.4;1.0
51;2021-09-22;308;1246;477;417728;403911;6144;74.1;71.6;1.1
51;2021-09-23;204;607;386;417932;404518;6530;74.1;71.7;1.2
51;2021-09-24;361;956;595;418293;405474;7125;74.2;71.9;1.3
51;2021-09-25;262;895;202;418555;406369;7327;74.2;72.1;1.3
51;2021-09-26;9;126;12;418564;406495;7339;74.2;72.1;1.3
51;2021-09-27;237;413;286;418801;406908;7625;74.3;72.2;1.4
51;2021-09-28;282;374;367;419083;407282;7992;74.3;72.2;1.4
51;2021-09-29;337;713;414;419420;407995;8406;74.4;72.4;1.5
51;2021-09-30;233;400;379;419653;408395;8785;74.4;72.4;1.6
51;2021-10-01;372;704;523;420025;409099;9308;74.5;72.6;1.7
51;2021-10-02;360;699;330;420385;409798;9638;74.6;72.7;1.7
51;2021-10-03;3;5;2;420388;409803;9640;74.6;72.7;1.7
51;2021-10-04;190;406;405;420578;410209;10045;74.6;72.8;1.8
51;2021-10-05;230;430;504;420808;410639;10549;74.6;72.8;1.9
51;2021-10-06;316;536;631;421124;411175;11180;74.7;72.9;2.0
51;2021-10-07;170;370;599;421294;411545;11779;74.7;73.0;2.1
51;2021-10-08;333;606;845;421627;412151;12624;74.8;73.1;2.2
51;2021-10-09;319;557;443;421946;412708;13067;74.8;73.2;2.3
51;2021-10-10;9;12;3;421955;412720;13070;74.8;73.2;2.3
51;2021-10-11;173;309;506;422128;413029;13576;74.9;73.3;2.4
51;2021-10-12;148;363;635;422276;413392;14211;74.9;73.3;2.5
51;2021-10-13;286;419;781;422562;413811;14992;74.9;73.4;2.7
51;2021-10-14;146;198;482;422708;414009;15474;75.0;73.4;2.7
51;2021-10-15;345;514;1230;423053;414523;16704;75.0;73.5;3.0
51;2021-10-16;294;369;486;423347;414892;17190;75.1;73.6;3.0
51;2021-10-17;5;4;8;423352;414896;17198;75.1;73.6;3.1
51;2021-10-18;143;255;655;423495;415151;17853;75.1;73.6;3.2
51;2021-10-19;146;289;660;423641;415440;18513;75.1;73.7;3.3
51;2021-10-20;278;384;987;423919;415824;19500;75.2;73.8;3.5
51;2021-10-21;150;250;643;424069;416074;20143;75.2;73.8;3.6
51;2021-10-22;223;384;1159;424292;416458;21302;75.3;73.9;3.8
51;2021-10-23;206;374;483;424498;416832;21785;75.3;73.9;3.9
51;2021-10-24;1;4;7;424499;416836;21792;75.3;73.9;3.9
51;2021-10-25;157;190;760;424656;417026;22552;75.3;74.0;4.0
51;2021-10-26;119;183;739;424775;417209;23291;75.3;74.0;4.1
51;2021-10-27;224;330;840;424999;417539;24131;75.4;74.1;4.3
51;2021-10-28;127;170;681;425126;417709;24812;75.4;74.1;4.4
51;2021-10-29;177;305;1167;425303;418014;25979;75.4;74.1;4.6
51;2021-10-30;158;299;406;425461;418313;26385;75.5;74.2;4.7
51;2021-10-31;1;6;1;425462;418319;26386;75.5;74.2;4.7
51;2021-11-01;12;8;6;425474;418327;26392;75.5;74.2;4.7
51;2021-11-02;163;227;794;425637;418554;27186;75.5;74.2;4.8
51;2021-11-03;192;231;996;425829;418785;28182;75.5;74.3;5.0
51;2021-11-04;99;155;736;425928;418940;28918;75.5;74.3;5.1
51;2021-11-05;277;371;1422;426205;419311;30340;75.6;74.4;5.4
51;2021-11-06;161;248;688;426366;419559;31028;75.6;74.4;5.5
51;2021-11-07;7;11;16;426373;419570;31044;75.6;74.4;5.5
51;2021-11-08;92;141;901;426465;419711;31945;75.6;74.4;5.7
51;2021-11-09;120;225;1172;426585;419936;33117;75.7;74.5;5.9
51;2021-11-10;194;250;1453;426779;420186;34570;75.7;74.5;6.1
51;2021-11-11;4;25;39;426783;420211;34609;75.7;74.5;6.1
51;2021-11-12;238;346;1785;427021;420557;36394;75.7;74.6;6.5
51;2021-11-13;121;156;692;427142;420713;37086;75.8;74.6;6.6
51;2021-11-14;0;6;14;427142;420719;37100;75.8;74.6;6.6
51;2021-11-15;118;162;1394;427260;420881;38494;75.8;74.6;6.8
51;2021-11-16;121;170;1769;427381;421051;40263;75.8;74.7;7.1
51;2021-11-17;171;220;1753;427552;421271;42016;75.8;74.7;7.5
51;2021-11-18;107;136;1516;427659;421407;43532;75.8;74.7;7.7
51;2021-11-19;258;310;2437;427917;421717;45969;75.9;74.8;8.2
51;2021-11-20;154;230;1160;428071;421947;47129;75.9;74.8;8.4
51;2021-11-21;6;7;46;428077;421954;47175;75.9;74.8;8.4
51;2021-11-22;156;126;1534;428233;422080;48709;76.0;74.9;8.6
51;2021-11-23;159;170;1974;428392;422250;50683;76.0;74.9;9.0
51;2021-11-24;280;201;1864;428672;422451;52547;76.0;74.9;9.3
51;2021-11-25;128;139;2055;428800;422590;54602;76.1;75.0;9.7
51;2021-11-26;246;238;3640;429046;422828;58242;76.1;75.0;10.3
51;2021-11-27;167;195;1802;429213;423023;60044;76.1;75.0;10.6
51;2021-11-28;2;7;136;429215;423030;60180;76.1;75.0;10.7
51;2021-11-29;119;138;3020;429334;423168;63200;76.1;75.1;11.2
51;2021-11-30;164;147;4473;429498;423315;67673;76.2;75.1;12.0
51;2021-12-01;130;173;4198;429628;423488;71871;76.2;75.1;12.7
51;2021-12-02;115;101;4723;429743;423589;76594;76.2;75.1;13.6
51;2021-12-03;157;220;5930;429900;423809;82524;76.2;75.2;14.6
51;2021-12-04;184;157;3994;430084;423966;86518;76.3;75.2;15.3
51;2021-12-05;13;18;384;430097;423984;86902;76.3;75.2;15.4
51;2021-12-06;98;151;4477;430195;424135;91379;76.3;75.2;16.2
51;2021-12-07;145;146;5854;430340;424281;97233;76.3;75.3;17.2
51;2021-12-08;137;187;5240;430477;424468;102473;76.3;75.3;18.2
51;2021-12-09;125;153;6517;430602;424621;108990;76.4;75.3;19.3
51;2021-12-10;189;236;7922;430791;424857;116912;76.4;75.4;20.7
51;2021-12-11;171;167;5038;430962;425024;121950;76.4;75.4;21.6
51;2021-12-12;10;8;496;430972;425032;122446;76.4;75.4;21.7
51;2021-12-13;106;182;5576;431078;425214;128022;76.5;75.4;22.7
51;2021-12-14;134;170;7103;431212;425384;135125;76.5;75.4;24.0
51;2021-12-15;152;242;7465;431364;425626;142590;76.5;75.5;25.3
52;2020-12-27;0;0;0;0;0;0;0.0;0.0;0.0
52;2020-12-28;0;0;0;0;0;0;0.0;0.0;0.0
52;2020-12-29;0;0;0;0;0;0;0.0;0.0;0.0
52;2020-12-30;0;0;0;0;0;0;0.0;0.0;0.0
52;2020-12-31;0;0;0;0;0;0;0.0;0.0;0.0
52;2021-01-01;0;0;0;0;0;0;0.0;0.0;0.0
52;2021-01-02;0;0;0;0;0;0;0.0;0.0;0.0
52;2021-01-03;0;0;0;0;0;0;0.0;0.0;0.0
52;2021-01-04;0;0;0;0;0;0;0.0;0.0;0.0
52;2021-01-05;3;0;0;3;0;0;0.0;0.0;0.0
52;2021-01-06;1;0;0;4;0;0;0.0;0.0;0.0
52;2021-01-07;2;0;0;6;0;0;0.0;0.0;0.0
52;2021-01-08;160;1;0;166;1;0;0.1;0.0;0.0
52;2021-01-09;89;0;0;255;1;0;0.2;0.0;0.0
52;2021-01-10;0;0;0;255;1;0;0.2;0.0;0.0
52;2021-01-11;167;0;0;422;1;0;0.2;0.0;0.0
52;2021-01-12;154;0;0;576;1;0;0.3;0.0;0.0
52;2021-01-13;465;0;0;1041;1;0;0.6;0.0;0.0
52;2021-01-14;614;9;0;1655;10;0;1.0;0.0;0.0
52;2021-01-15;373;1;0;2028;11;0;1.2;0.0;0.0
52;2021-01-16;17;0;0;2045;11;0;1.2;0.0;0.0
52;2021-01-17;1;0;0;2046;11;0;1.2;0.0;0.0
52;2021-01-18;380;0;0;2426;11;0;1.4;0.0;0.0
52;2021-01-19;392;1;0;2818;12;0;1.7;0.0;0.0
52;2021-01-20;404;2;0;3222;14;0;1.9;0.0;0.0
52;2021-01-21;406;1;0;3628;15;0;2.1;0.0;0.0
52;2021-01-22;320;2;0;3948;17;0;2.3;0.0;0.0
52;2021-01-23;69;2;0;4017;19;0;2.4;0.0;0.0
52;2021-01-24;2;0;0;4019;19;0;2.4;0.0;0.0
52;2021-01-25;261;1;0;4280;20;0;2.5;0.0;0.0
52;2021-01-26;304;1;0;4584;21;0;2.7;0.0;0.0
52;2021-01-27;243;1;0;4827;22;0;2.9;0.0;0.0
52;2021-01-28;186;4;0;5013;26;0;3.0;0.0;0.0
52;2021-01-29;81;92;0;5094;118;0;3.0;0.1;0.0
52;2021-01-30;90;90;0;5184;208;0;3.1;0.1;0.0
52;2021-01-31;0;0;0;5184;208;0;3.1;0.1;0.0
52;2021-02-01;116;145;0;5300;353;0;3.1;0.2;0.0
52;2021-02-02;75;142;0;5375;495;0;3.2;0.3;0.0
52;2021-02-03;81;341;0;5456;836;0;3.2;0.5;0.0
52;2021-02-04;209;520;0;5665;1356;0;3.3;0.8;0.0
52;2021-02-05;109;444;0;5774;1800;0;3.4;1.1;0.0
52;2021-02-06;26;0;0;5800;1800;0;3.4;1.1;0.0
52;2021-02-07;0;0;0;5800;1800;0;3.4;1.1;0.0
52;2021-02-08;39;187;0;5839;1987;0;3.4;1.2;0.0
52;2021-02-09;57;196;0;5896;2183;0;3.5;1.3;0.0
52;2021-02-10;99;179;0;5995;2362;0;3.5;1.4;0.0
52;2021-02-11;128;128;0;6123;2490;0;3.6;1.5;0.0
52;2021-02-12;179;136;0;6302;2626;0;3.7;1.6;0.0
52;2021-02-13;7;3;0;6309;2629;0;3.7;1.6;0.0
52;2021-02-14;6;19;0;6315;2648;0;3.7;1.6;0.0
52;2021-02-15;83;273;0;6398;2921;0;3.8;1.7;0.0
52;2021-02-16;66;327;0;6464;3248;0;3.8;1.9;0.0
52;2021-02-17;47;317;0;6511;3565;0;3.8;2.1;0.0
52;2021-02-18;83;250;0;6594;3815;0;3.9;2.3;0.0
52;2021-02-19;60;211;0;6654;4026;0;3.9;2.4;0.0
52;2021-02-20;16;99;0;6670;4125;0;3.9;2.4;0.0
52;2021-02-21;1;7;0;6671;4132;0;3.9;2.4;0.0
52;2021-02-22;40;364;0;6711;4496;0;4.0;2.7;0.0
52;2021-02-23;59;270;0;6770;4766;0;4.0;2.8;0.0
52;2021-02-24;89;217;0;6859;4983;0;4.1;2.9;0.0
52;2021-02-25;152;213;0;7011;5196;0;4.1;3.1;0.0
52;2021-02-26;302;162;0;7313;5358;0;4.3;3.2;0.0
52;2021-02-27;156;48;0;7469;5406;0;4.4;3.2;0.0
52;2021-02-28;1;1;0;7470;5407;0;4.4;3.2;0.0
52;2021-03-01;158;30;0;7628;5437;0;4.5;3.2;0.0
52;2021-03-02;156;66;0;7784;5503;0;4.6;3.3;0.0
52;2021-03-03;363;54;0;8147;5557;0;4.8;3.3;0.0
52;2021-03-04;401;67;0;8548;5624;0;5.1;3.3;0.0
52;2021-03-05;503;58;0;9051;5682;0;5.3;3.4;0.0
52;2021-03-06;428;40;0;9479;5722;0;5.6;3.4;0.0
52;2021-03-07;30;1;0;9509;5723;0;5.6;3.4;0.0
52;2021-03-08;387;114;0;9896;5837;0;5.8;3.4;0.0
52;2021-03-09;534;126;0;10430;5963;0;6.2;3.5;0.0
52;2021-03-10;339;111;0;10769;6074;0;6.4;3.6;0.0
52;2021-03-11;619;46;0;11388;6120;0;6.7;3.6;0.0
52;2021-03-12;549;61;0;11937;6181;0;7.1;3.7;0.0
52;2021-03-13;500;14;0;12437;6195;0;7.3;3.7;0.0
52;2021-03-14;23;2;0;12460;6197;0;7.4;3.7;0.0
52;2021-03-15;347;31;0;12807;6228;0;7.6;3.7;0.0
52;2021-03-16;247;22;0;13054;6250;0;7.7;3.7;0.0
52;2021-03-17;426;26;0;13480;6276;0;8.0;3.7;0.0
52;2021-03-18;488;25;0;13968;6301;0;8.3;3.7;0.0
52;2021-03-19;509;57;0;14477;6358;0;8.6;3.8;0.0
52;2021-03-20;263;13;0;14740;6371;0;8.7;3.8;0.0
52;2021-03-21;30;1;0;14770;6372;0;8.7;3.8;0.0
52;2021-03-22;386;51;0;15156;6423;0;9.0;3.8;0.0
52;2021-03-23;766;53;0;15922;6476;0;9.4;3.8;0.0
52;2021-03-24;818;72;0;16740;6548;0;9.9;3.9;0.0
52;2021-03-25;1144;99;0;17884;6647;0;10.6;3.9;0.0
52;2021-03-26;1023;136;0;18907;6783;0;11.2;4.0;0.0
52;2021-03-27;498;78;0;19405;6861;0;11.5;4.1;0.0
52;2021-03-28;61;0;0;19466;6861;0;11.5;4.1;0.0
52;2021-03-29;523;190;0;19989;7051;0;11.8;4.2;0.0
52;2021-03-30;881;246;0;20870;7297;0;12.3;4.3;0.0
52;2021-03-31;984;285;0;21854;7582;0;12.9;4.5;0.0
52;2021-04-01;1171;219;0;23025;7801;0;13.6;4.6;0.0
52;2021-04-02;996;111;0;24021;7912;0;14.2;4.7;0.0
52;2021-04-03;436;15;0;24457;7927;0;14.5;4.7;0.0
52;2021-04-04;7;3;0;24464;7930;0;14.5;4.7;0.0
52;2021-04-05;20;0;0;24484;7930;0;14.5;4.7;0.0
52;2021-04-06;487;289;0;24971;8219;0;14.8;4.9;0.0
52;2021-04-07;610;452;0;25581;8671;0;15.1;5.1;0.0
52;2021-04-08;932;270;0;26513;8941;0;15.7;5.3;0.0
52;2021-04-09;1116;157;0;27629;9098;0;16.3;5.4;0.0
52;2021-04-10;796;102;0;28425;9200;0;16.8;5.4;0.0
52;2021-04-11;55;11;0;28480;9211;0;16.8;5.4;0.0
52;2021-04-12;945;319;0;29425;9530;0;17.4;5.6;0.0
52;2021-04-13;1244;409;0;30669;9939;0;18.1;5.9;0.0
52;2021-04-14;1258;512;0;31927;10451;0;18.9;6.2;0.0
52;2021-04-15;1421;477;0;33348;10928;0;19.7;6.5;0.0
52;2021-04-16;1539;367;0;34887;11295;0;20.6;6.7;0.0
52;2021-04-17;1403;135;0;36290;11430;0;21.4;6.8;0.0
52;2021-04-18;503;41;0;36793;11471;0;21.7;6.8;0.0
52;2021-04-19;566;618;0;37359;12089;0;22.1;7.1;0.0
52;2021-04-20;950;709;0;38309;12798;0;22.6;7.6;0.0
52;2021-04-21;1043;704;0;39352;13502;0;23.3;8.0;0.0
52;2021-04-22;1412;694;0;40764;14196;0;24.1;8.4;0.0
52;2021-04-23;1335;641;0;42099;14837;0;24.9;8.8;0.0
52;2021-04-24;528;307;0;42627;15144;0;25.2;8.9;0.0
52;2021-04-25;20;86;0;42647;15230;0;25.2;9.0;0.0
52;2021-04-26;610;501;0;43257;15731;0;25.6;9.3;0.0
52;2021-04-27;917;731;0;44174;16462;0;26.1;9.7;0.0
52;2021-04-28;1379;613;0;45553;17075;0;26.9;10.1;0.0
52;2021-04-29;1299;612;0;46852;17687;0;27.7;10.5;0.0
52;2021-04-30;1246;674;0;48098;18361;0;28.4;10.8;0.0
52;2021-05-01;36;260;0;48134;18621;0;28.4;11.0;0.0
52;2021-05-02;8;6;0;48142;18627;0;28.4;11.0;0.0
52;2021-05-03;1061;633;0;49203;19260;0;29.1;11.4;0.0
52;2021-05-04;1279;746;0;50482;20006;0;29.8;11.8;0.0
52;2021-05-05;1592;705;0;52074;20711;0;30.8;12.2;0.0
52;2021-05-06;1707;576;0;53781;21287;0;31.8;12.6;0.0
52;2021-05-07;1424;1191;0;55205;22478;0;32.6;13.3;0.0
52;2021-05-08;587;267;0;55792;22745;0;33.0;13.4;0.0
52;2021-05-09;50;79;0;55842;22824;0;33.0;13.5;0.0
52;2021-05-10;755;1094;0;56597;23918;0;33.4;14.1;0.0
52;2021-05-11;862;1330;0;57459;25248;0;33.9;14.9;0.0
52;2021-05-12;1132;1300;0;58591;26548;0;34.6;15.7;0.0
52;2021-05-13;180;188;0;58771;26736;0;34.7;15.8;0.0
52;2021-05-14;1123;1372;0;59894;28108;0;35.4;16.6;0.0
52;2021-05-15;579;916;0;60473;29024;0;35.7;17.1;0.0
52;2021-05-16;124;60;0;60597;29084;0;35.8;17.2;0.0
52;2021-05-17;1031;694;0;61628;29778;0;36.4;17.6;0.0
52;2021-05-18;1141;671;0;62769;30449;0;37.1;18.0;0.0
52;2021-05-19;1423;432;0;64192;30881;0;37.9;18.2;0.0
52;2021-05-20;1546;446;0;65738;31327;0;38.8;18.5;0.0
52;2021-05-21;1534;610;0;67272;31937;0;39.7;18.9;0.0
52;2021-05-22;1078;212;0;68350;32149;0;40.4;19.0;0.0
52;2021-05-23;18;3;0;68368;32152;0;40.4;19.0;0.0
52;2021-05-24;508;39;0;68876;32191;0;40.7;19.0;0.0
52;2021-05-25;1275;380;0;70151;32571;0;41.4;19.2;0.0
52;2021-05-26;1338;671;0;71489;33242;0;42.2;19.6;0.0
52;2021-05-27;1373;793;0;72862;34035;0;43.0;20.1;0.0
52;2021-05-28;1411;703;0;74273;34738;0;43.9;20.5;0.0
52;2021-05-29;744;866;0;75017;35604;0;44.3;21.0;0.0
52;2021-05-30;32;552;0;75049;36156;0;44.3;21.4;0.0
52;2021-05-31;730;778;0;75779;36934;0;44.8;21.8;0.0
52;2021-06-01;859;829;0;76638;37763;0;45.3;22.3;0.0
52;2021-06-02;816;728;0;77454;38491;0;45.8;22.7;0.0
52;2021-06-03;791;754;0;78245;39245;0;46.2;23.2;0.0
52;2021-06-04;915;1367;0;79160;40612;0;46.8;24.0;0.0
52;2021-06-05;649;643;0;79809;41255;0;47.2;24.4;0.0
52;2021-06-06;31;57;0;79840;41312;0;47.2;24.4;0.0
52;2021-06-07;435;935;0;80275;42247;0;47.4;25.0;0.0
52;2021-06-08;584;1322;0;80859;43569;0;47.8;25.7;0.0
52;2021-06-09;688;1410;0;81547;44979;0;48.2;26.6;0.0
52;2021-06-10;791;955;0;82338;45934;0;48.6;27.1;0.0
52;2021-06-11;841;1319;0;83179;47253;0;49.1;27.9;0.0
52;2021-06-12;465;605;0;83644;47858;0;49.4;28.3;0.0
52;2021-06-13;13;11;0;83657;47869;0;49.4;28.3;0.0
52;2021-06-14;234;1334;0;83891;49203;0;49.6;29.1;0.0
52;2021-06-15;302;1621;0;84193;50824;0;49.7;30.0;0.0
52;2021-06-16;411;1750;0;84604;52574;0;50.0;31.1;0.0
52;2021-06-17;300;1062;0;84904;53636;0;50.2;31.7;0.0
52;2021-06-18;401;1590;0;85305;55226;0;50.4;32.6;0.0
52;2021-06-19;579;725;0;85884;55951;0;50.7;33.1;0.0
52;2021-06-20;4;24;0;85888;55975;0;50.7;33.1;0.0
52;2021-06-21;495;873;0;86383;56848;0;51.0;33.6;0.0
52;2021-06-22;467;1014;0;86850;57862;0;51.3;34.2;0.0
52;2021-06-23;511;1032;0;87361;58894;0;51.6;34.8;0.0
52;2021-06-24;573;781;0;87934;59675;0;52.0;35.3;0.0
52;2021-06-25;635;1335;0;88569;61010;0;52.3;36.0;0.0
52;2021-06-26;327;809;0;88896;61819;0;52.5;36.5;0.0
52;2021-06-27;5;54;0;88901;61873;0;52.5;36.6;0.0
52;2021-06-28;186;1386;0;89087;63259;0;52.6;37.4;0.0
52;2021-06-29;181;1297;0;89268;64556;0;52.7;38.1;0.0
52;2021-06-30;247;1344;0;89515;65900;0;52.9;38.9;0.0
52;2021-07-01;337;1045;0;89852;66945;0;53.1;39.6;0.0
52;2021-07-02;466;1493;0;90318;68438;0;53.4;40.4;0.0
52;2021-07-03;369;1161;0;90687;69599;0;53.6;41.1;0.0
52;2021-07-04;7;45;0;90694;69644;0;53.6;41.1;0.0
52;2021-07-05;228;1377;0;90922;71021;0;53.7;42.0;0.0
52;2021-07-06;333;1368;0;91255;72389;0;53.9;42.8;0.0
52;2021-07-07;338;1143;0;91593;73532;0;54.1;43.4;0.0
52;2021-07-08;460;1173;0;92053;74705;0;54.4;44.1;0.0
52;2021-07-09;349;1559;0;92402;76264;0;54.6;45.1;0.0
52;2021-07-10;208;857;0;92610;77121;0;54.7;45.6;0.0
52;2021-07-11;17;31;0;92627;77152;0;54.7;45.6;0.0
52;2021-07-12;310;1349;0;92937;78501;0;54.9;46.4;0.0
52;2021-07-13;583;1313;0;93520;79814;0;55.3;47.2;0.0
52;2021-07-14;489;192;0;94009;80006;0;55.5;47.3;0.0
52;2021-07-15;636;1347;0;94645;81353;0;55.9;48.1;0.0
52;2021-07-16;939;1363;0;95584;82716;0;56.5;48.9;0.0
52;2021-07-17;661;449;0;96245;83165;0;56.9;49.1;0.0
52;2021-07-18;135;45;0;96380;83210;0;56.9;49.2;0.0
52;2021-07-19;683;983;0;97063;84193;0;57.3;49.7;0.0
52;2021-07-20;1058;911;0;98121;85104;0;58.0;50.3;0.0
52;2021-07-21;1084;788;0;99205;85892;0;58.6;50.7;0.0
52;2021-07-22;1351;912;0;100556;86804;0;59.4;51.3;0.0
52;2021-07-23;1361;1058;0;101917;87862;0;60.2;51.9;0.0
52;2021-07-24;925;551;0;102842;88413;0;60.8;52.2;0.0
52;2021-07-25;45;30;0;102887;88443;0;60.8;52.3;0.0
52;2021-07-26;930;643;0;103817;89086;0;61.3;52.6;0.0
52;2021-07-27;1256;672;0;105073;89758;0;62.1;53.0;0.0
52;2021-07-28;1294;655;0;106367;90413;0;62.8;53.4;0.0
52;2021-07-29;1216;621;0;107583;91034;0;63.6;53.8;0.0
52;2021-07-30;1377;779;0;108960;91813;0;64.4;54.2;0.0
52;2021-07-31;980;594;0;109940;92407;0;65.0;54.6;0.0
52;2021-08-01;21;18;0;109961;92425;0;65.0;54.6;0.0
52;2021-08-02;1155;606;0;111116;93031;0;65.7;55.0;0.0
52;2021-08-03;1303;586;0;112419;93617;0;66.4;55.3;0.0
52;2021-08-04;1131;584;0;113550;94201;0;67.1;55.7;0.0
52;2021-08-05;973;587;0;114523;94788;0;67.7;56.0;0.0
52;2021-08-06;1042;759;0;115565;95547;0;68.3;56.5;0.0
52;2021-08-07;666;505;0;116231;96052;0;68.7;56.8;0.0
52;2021-08-08;14;18;0;116245;96070;0;68.7;56.8;0.0
52;2021-08-09;460;812;0;116705;96882;0;69.0;57.2;0.0
52;2021-08-10;713;793;0;117418;97675;0;69.4;57.7;0.0
52;2021-08-11;564;817;0;117982;98492;0;69.7;58.2;0.0
52;2021-08-12;642;815;0;118624;99307;0;70.1;58.7;0.0
52;2021-08-13;454;1047;0;119078;100354;0;70.4;59.3;0.0
52;2021-08-14;425;394;0;119503;100748;0;70.6;59.5;0.0
52;2021-08-15;36;26;0;119539;100774;0;70.6;59.5;0.0
52;2021-08-16;366;935;0;119905;101709;0;70.8;60.1;0.0
52;2021-08-17;394;908;0;120299;102617;0;71.1;60.6;0.0
52;2021-08-18;475;939;0;120774;103556;0;71.4;61.2;0.0
52;2021-08-19;430;856;0;121204;104412;0;71.6;61.7;0.0
52;2021-08-20;370;1228;0;121574;105640;0;71.8;62.4;0.0
52;2021-08-21;374;672;0;121948;106312;0;72.1;62.8;0.0
52;2021-08-22;10;26;0;121958;106338;0;72.1;62.8;0.0
52;2021-08-23;400;1024;0;122358;107362;0;72.3;63.4;0.0
52;2021-08-24;292;1041;0;122650;108403;0;72.5;64.0;0.0
52;2021-08-25;243;1060;0;122893;109463;0;72.6;64.7;0.0
52;2021-08-26;297;945;0;123190;110408;0;72.8;65.2;0.0
52;2021-08-27;412;1313;0;123602;111721;0;73.0;66.0;0.0
52;2021-08-28;258;585;0;123860;112306;0;73.2;66.4;0.0
52;2021-08-29;9;22;0;123869;112328;0;73.2;66.4;0.0
52;2021-08-30;216;934;22;124085;113262;22;73.3;66.9;0.0
52;2021-08-31;204;963;18;124289;114225;40;73.4;67.5;0.0
52;2021-09-01;191;958;35;124480;115183;75;73.5;68.1;0.0
52;2021-09-02;189;701;66;124669;115884;141;73.7;68.5;0.1
52;2021-09-03;256;851;100;124925;116735;241;73.8;69.0;0.1
52;2021-09-04;206;598;30;125131;117333;271;73.9;69.3;0.2
52;2021-09-05;8;25;3;125139;117358;274;73.9;69.3;0.2
52;2021-09-06;146;505;38;125285;117863;312;74.0;69.6;0.2
52;2021-09-07;178;419;109;125463;118282;421;74.1;69.9;0.2
52;2021-09-08;161;591;55;125624;118873;476;74.2;70.2;0.3
52;2021-09-09;144;360;83;125768;119233;559;74.3;70.4;0.3
52;2021-09-10;257;590;107;126025;119823;666;74.5;70.8;0.4
52;2021-09-11;157;334;31;126182;120157;697;74.6;71.0;0.4
52;2021-09-12;4;15;3;126186;120172;700;74.6;71.0;0.4
52;2021-09-13;179;466;129;126365;120638;829;74.7;71.3;0.5
52;2021-09-14;152;304;145;126517;120942;974;74.8;71.5;0.6
52;2021-09-15;151;424;103;126668;121366;1077;74.8;71.7;0.6
52;2021-09-16;136;288;156;126804;121654;1233;74.9;71.9;0.7
52;2021-09-17;218;485;165;127022;122139;1398;75.0;72.2;0.8
52;2021-09-18;135;271;69;127157;122410;1467;75.1;72.3;0.9
52;2021-09-19;6;24;4;127163;122434;1471;75.1;72.3;0.9
52;2021-09-20;108;321;93;127271;122755;1564;75.2;72.5;0.9
52;2021-09-21;80;205;145;127351;122960;1709;75.2;72.6;1.0
52;2021-09-22;97;286;119;127448;123246;1828;75.3;72.8;1.1
52;2021-09-23;142;213;179;127590;123459;2007;75.4;72.9;1.2
52;2021-09-24;124;288;205;127714;123747;2212;75.5;73.1;1.3
52;2021-09-25;92;252;150;127806;123999;2362;75.5;73.3;1.4
52;2021-09-26;4;6;0;127810;124005;2362;75.5;73.3;1.4
52;2021-09-27;116;177;154;127926;124182;2516;75.6;73.4;1.5
52;2021-09-28;105;122;141;128031;124304;2657;75.6;73.4;1.6
52;2021-09-29;97;217;79;128128;124521;2736;75.7;73.6;1.6
52;2021-09-30;113;127;79;128241;124648;2815;75.8;73.6;1.7
52;2021-10-01;119;230;168;128360;124878;2983;75.8;73.8;1.8
52;2021-10-02;64;164;40;128424;125042;3023;75.9;73.9;1.8
52;2021-10-03;3;7;3;128427;125049;3026;75.9;73.9;1.8
52;2021-10-04;82;177;171;128509;125226;3197;75.9;74.0;1.9
52;2021-10-05;61;142;81;128570;125368;3278;76.0;74.1;1.9
52;2021-10-06;110;162;128;128680;125530;3406;76.0;74.2;2.0
52;2021-10-07;51;111;236;128731;125641;3642;76.1;74.2;2.2
52;2021-10-08;110;212;239;128841;125853;3881;76.1;74.4;2.3
52;2021-10-09;71;132;59;128912;125985;3940;76.2;74.4;2.3
52;2021-10-10;3;5;0;128915;125990;3940;76.2;74.4;2.3
52;2021-10-11;41;154;125;128956;126144;4065;76.2;74.5;2.4
52;2021-10-12;68;103;176;129024;126247;4241;76.2;74.6;2.5
52;2021-10-13;70;96;149;129094;126343;4390;76.3;74.6;2.6
52;2021-10-14;41;51;112;129135;126394;4502;76.3;74.7;2.7
52;2021-10-15;84;231;210;129219;126625;4712;76.3;74.8;2.8
52;2021-10-16;61;111;115;129280;126736;4827;76.4;74.9;2.9
52;2021-10-17;0;3;0;129280;126739;4827;76.4;74.9;2.9
52;2021-10-18;49;167;161;129329;126906;4988;76.4;75.0;2.9
52;2021-10-19;57;106;157;129386;127012;5145;76.4;75.0;3.0
52;2021-10-20;60;75;240;129446;127087;5385;76.5;75.1;3.2
52;2021-10-21;27;73;165;129473;127160;5550;76.5;75.1;3.3
52;2021-10-22;63;152;326;129536;127312;5876;76.5;75.2;3.5
52;2021-10-23;37;83;101;129573;127395;5977;76.6;75.3;3.5
52;2021-10-24;1;0;9;129574;127395;5986;76.6;75.3;3.5
52;2021-10-25;59;88;347;129633;127483;6333;76.6;75.3;3.7
52;2021-10-26;35;53;273;129668;127536;6606;76.6;75.4;3.9
52;2021-10-27;50;67;290;129718;127603;6896;76.6;75.4;4.1
52;2021-10-28;26;32;316;129744;127635;7212;76.7;75.4;4.3
52;2021-10-29;62;108;291;129806;127743;7503;76.7;75.5;4.4
52;2021-10-30;43;77;139;129849;127820;7642;76.7;75.5;4.5
52;2021-10-31;1;4;1;129850;127824;7643;76.7;75.5;4.5
52;2021-11-01;1;1;6;129851;127825;7649;76.7;75.5;4.5
52;2021-11-02;57;67;307;129908;127892;7956;76.8;75.6;4.7
52;2021-11-03;66;85;355;129974;127977;8311;76.8;75.6;4.9
52;2021-11-04;24;35;279;129998;128012;8590;76.8;75.6;5.1
52;2021-11-05;77;117;425;130075;128129;9015;76.9;75.7;5.3
52;2021-11-06;53;62;196;130128;128191;9211;76.9;75.7;5.4
52;2021-11-07;0;1;0;130128;128192;9211;76.9;75.7;5.4
52;2021-11-08;37;68;382;130165;128260;9593;76.9;75.8;5.7
52;2021-11-09;37;67;466;130202;128327;10059;76.9;75.8;5.9
52;2021-11-10;57;93;826;130259;128420;10885;77.0;75.9;6.4
52;2021-11-11;0;6;6;130259;128426;10891;77.0;75.9;6.4
52;2021-11-12;54;88;594;130313;128514;11485;77.0;75.9;6.8
52;2021-11-13;38;47;342;130351;128561;11827;77.0;76.0;7.0
52;2021-11-14;3;1;4;130354;128562;11831;77.0;76.0;7.0
52;2021-11-15;25;56;548;130379;128618;12379;77.0;76.0;7.3
52;2021-11-16;52;72;973;130431;128690;13352;77.1;76.0;7.9
52;2021-11-17;54;55;763;130485;128745;14115;77.1;76.1;8.3
52;2021-11-18;32;39;442;130517;128784;14557;77.1;76.1;8.6
52;2021-11-19;68;73;756;130585;128857;15313;77.2;76.1;9.0
52;2021-11-20;56;55;444;130641;128912;15757;77.2;76.2;9.3
52;2021-11-21;1;1;18;130642;128913;15775;77.2;76.2;9.3
52;2021-11-22;37;24;845;130679;128937;16620;77.2;76.2;9.8
52;2021-11-23;51;28;827;130730;128965;17447;77.2;76.2;10.3
52;2021-11-24;84;63;769;130814;129028;18216;77.3;76.2;10.8
52;2021-11-25;29;24;522;130843;129052;18738;77.3;76.2;11.1
52;2021-11-26;71;69;1355;130914;129121;20093;77.3;76.3;11.9
52;2021-11-27;47;64;932;130961;129185;21025;77.4;76.3;12.4
52;2021-11-28;2;2;17;130963;129187;21042;77.4;76.3;12.4
52;2021-11-29;52;50;1093;131015;129237;22135;77.4;76.4;13.1
52;2021-11-30;58;32;1457;131073;129269;23592;77.4;76.4;13.9
52;2021-12-01;53;39;1343;131126;129308;24935;77.5;76.4;14.7
52;2021-12-02;31;51;1434;131157;129359;26369;77.5;76.4;15.6
52;2021-12-03;46;97;1972;131203;129456;28341;77.5;76.5;16.7
52;2021-12-04;30;47;796;131233;129503;29137;77.5;76.5;17.2
52;2021-12-05;12;9;200;131245;129512;29337;77.5;76.5;17.3
52;2021-12-06;35;45;1537;131280;129557;30874;77.6;76.5;18.2
52;2021-12-07;44;52;2062;131324;129609;32936;77.6;76.6;19.5
52;2021-12-08;36;69;2033;131360;129678;34969;77.6;76.6;20.7
52;2021-12-09;45;46;2172;131405;129724;37141;77.6;76.6;21.9
52;2021-12-10;49;60;2621;131454;129784;39762;77.7;76.7;23.5
52;2021-12-11;49;50;1375;131503;129834;41137;77.7;76.7;24.3
52;2021-12-12;6;9;265;131509;129843;41402;77.7;76.7;24.5
52;2021-12-13;46;50;2047;131555;129893;43449;77.7;76.7;25.7
52;2021-12-14;61;64;2748;131616;129957;46197;77.8;76.8;27.3
52;2021-12-15;36;80;2594;131652;130037;48791;77.8;76.8;28.8
53;2020-12-27;0;0;0;0;0;0;0.0;0.0;0.0
53;2020-12-28;0;0;0;0;0;0;0.0;0.0;0.0
53;2020-12-29;0;0;0;0;0;0;0.0;0.0;0.0
53;2020-12-30;0;0;0;0;0;0;0.0;0.0;0.0
53;2020-12-31;0;0;0;0;0;0;0.0;0.0;0.0
53;2021-01-01;0;0;0;0;0;0;0.0;0.0;0.0
53;2021-01-02;3;1;0;3;1;0;0.0;0.0;0.0
53;2021-01-03;0;0;0;3;1;0;0.0;0.0;0.0
53;2021-01-04;0;0;0;3;1;0;0.0;0.0;0.0
53;2021-01-05;0;0;0;3;1;0;0.0;0.0;0.0
53;2021-01-06;1;0;0;4;1;0;0.0;0.0;0.0
53;2021-01-07;99;0;0;103;1;0;0.0;0.0;0.0
53;2021-01-08;266;1;0;369;2;0;0.1;0.0;0.0
53;2021-01-09;133;1;0;502;3;0;0.2;0.0;0.0
53;2021-01-10;17;0;0;519;3;0;0.2;0.0;0.0
53;2021-01-11;176;1;0;695;4;0;0.2;0.0;0.0
53;2021-01-12;350;2;0;1045;6;0;0.3;0.0;0.0
53;2021-01-13;246;0;0;1291;6;0;0.4;0.0;0.0
53;2021-01-14;279;5;0;1570;11;0;0.5;0.0;0.0
53;2021-01-15;337;5;0;1907;16;0;0.6;0.0;0.0
53;2021-01-16;64;0;0;1971;16;0;0.6;0.0;0.0
53;2021-01-17;34;1;0;2005;17;0;0.7;0.0;0.0
53;2021-01-18;369;0;0;2374;17;0;0.8;0.0;0.0
53;2021-01-19;564;0;0;2938;17;0;1.0;0.0;0.0
53;2021-01-20;590;0;0;3528;17;0;1.2;0.0;0.0
53;2021-01-21;666;3;0;4194;20;0;1.4;0.0;0.0
53;2021-01-22;573;9;0;4767;29;0;1.6;0.0;0.0
53;2021-01-23;159;1;0;4926;30;0;1.6;0.0;0.0
53;2021-01-24;8;0;0;4934;30;0;1.6;0.0;0.0
53;2021-01-25;511;0;0;5445;30;0;1.8;0.0;0.0
53;2021-01-26;1149;7;0;6594;37;0;2.2;0.0;0.0
53;2021-01-27;691;5;0;7285;42;0;2.4;0.0;0.0
53;2021-01-28;676;91;0;7961;133;0;2.6;0.0;0.0
53;2021-01-29;415;171;0;8376;304;0;2.7;0.1;0.0
53;2021-01-30;141;0;0;8517;304;0;2.8;0.1;0.0
53;2021-01-31;0;0;0;8517;304;0;2.8;0.1;0.0
53;2021-02-01;311;145;0;8828;449;0;2.9;0.1;0.0
53;2021-02-02;315;198;0;9143;647;0;3.0;0.2;0.0
53;2021-02-03;228;305;0;9371;952;0;3.1;0.3;0.0
53;2021-02-04;183;315;0;9554;1267;0;3.1;0.4;0.0
53;2021-02-05;242;274;0;9796;1541;0;3.2;0.5;0.0
53;2021-02-06;151;26;0;9947;1567;0;3.3;0.5;0.0
53;2021-02-07;1;1;0;9948;1568;0;3.3;0.5;0.0
53;2021-02-08;178;120;0;10126;1688;0;3.3;0.6;0.0
53;2021-02-09;337;173;0;10463;1861;0;3.4;0.6;0.0
53;2021-02-10;190;312;0;10653;2173;0;3.5;0.7;0.0
53;2021-02-11;378;383;0;11031;2556;0;3.6;0.8;0.0
53;2021-02-12;316;487;0;11347;3043;0;3.7;1.0;0.0
53;2021-02-13;104;112;0;11451;3155;0;3.7;1.0;0.0
53;2021-02-14;0;77;0;11451;3232;0;3.7;1.1;0.0
53;2021-02-15;261;426;0;11712;3658;0;3.8;1.2;0.0
53;2021-02-16;494;782;0;12206;4440;0;4.0;1.5;0.0
53;2021-02-17;390;611;0;12596;5051;0;4.1;1.7;0.0
53;2021-02-18;525;544;0;13121;5595;0;4.3;1.8;0.0
53;2021-02-19;858;369;0;13979;5964;0;4.6;2.0;0.0
53;2021-02-20;143;114;0;14122;6078;0;4.6;2.0;0.0
53;2021-02-21;0;15;0;14122;6093;0;4.6;2.0;0.0
53;2021-02-22;178;517;0;14300;6610;0;4.7;2.2;0.0
53;2021-02-23;83;615;0;14383;7225;0;4.7;2.4;0.0
53;2021-02-24;149;480;0;14532;7705;0;4.8;2.5;0.0
53;2021-02-25;490;351;0;15022;8056;0;4.9;2.6;0.0
53;2021-02-26;459;262;0;15481;8318;0;5.1;2.7;0.0
53;2021-02-27;103;126;0;15584;8444;0;5.1;2.8;0.0
53;2021-02-28;2;5;0;15586;8449;0;5.1;2.8;0.0
53;2021-03-01;242;298;0;15828;8747;0;5.2;2.9;0.0
53;2021-03-02;267;274;0;16095;9021;0;5.3;3.0;0.0
53;2021-03-03;352;351;0;16447;9372;0;5.4;3.1;0.0
53;2021-03-04;892;309;0;17339;9681;0;5.7;3.2;0.0
53;2021-03-05;675;271;0;18014;9952;0;5.9;3.3;0.0
53;2021-03-06;454;211;0;18468;10163;0;6.0;3.3;0.0
53;2021-03-07;294;7;0;18762;10170;0;6.1;3.3;0.0
53;2021-03-08;371;178;0;19133;10348;0;6.3;3.4;0.0
53;2021-03-09;924;224;0;20057;10572;0;6.6;3.5;0.0
53;2021-03-10;856;115;0;20913;10687;0;6.8;3.5;0.0
53;2021-03-11;1308;214;0;22221;10901;0;7.3;3.6;0.0
53;2021-03-12;1638;164;0;23859;11065;0;7.8;3.6;0.0
53;2021-03-13;823;23;0;24682;11088;0;8.1;3.6;0.0
53;2021-03-14;6;4;0;24688;11092;0;8.1;3.6;0.0
53;2021-03-15;980;305;0;25668;11397;0;8.4;3.7;0.0
53;2021-03-16;1010;324;0;26678;11721;0;8.7;3.8;0.0
53;2021-03-17;742;266;0;27420;11987;0;9.0;3.9;0.0
53;2021-03-18;1003;354;0;28423;12341;0;9.3;4.0;0.0
53;2021-03-19;1313;584;0;29736;12925;0;9.7;4.2;0.0
53;2021-03-20;614;19;0;30350;12944;0;9.9;4.2;0.0
53;2021-03-21;4;0;0;30354;12944;0;9.9;4.2;0.0
53;2021-03-22;1182;166;0;31536;13110;0;10.3;4.3;0.0
53;2021-03-23;1697;85;0;33233;13195;0;10.9;4.3;0.0
53;2021-03-24;1356;132;0;34589;13327;0;11.3;4.4;0.0
53;2021-03-25;2248;247;0;36837;13574;0;12.1;4.4;0.0
53;2021-03-26;1915;170;0;38752;13744;0;12.7;4.5;0.0
53;2021-03-27;360;14;0;39112;13758;0;12.8;4.5;0.0
53;2021-03-28;14;3;0;39126;13761;0;12.8;4.5;0.0
53;2021-03-29;1352;225;0;40478;13986;0;13.3;4.6;0.0
53;2021-03-30;1838;218;0;42316;14204;0;13.9;4.7;0.0
53;2021-03-31;1657;226;0;43973;14430;0;14.4;4.7;0.0
53;2021-04-01;1797;660;0;45770;15090;0;15.0;4.9;0.0
53;2021-04-02;1929;213;0;47699;15303;0;15.6;5.0;0.0
53;2021-04-03;395;13;0;48094;15316;0;15.7;5.0;0.0
53;2021-04-04;12;3;0;48106;15319;0;15.8;5.0;0.0
53;2021-04-05;15;13;0;48121;15332;0;15.8;5.0;0.0
53;2021-04-06;1183;537;0;49304;15869;0;16.1;5.2;0.0
53;2021-04-07;1134;953;0;50438;16822;0;16.5;5.5;0.0
53;2021-04-08;1669;1031;0;52107;17853;0;17.1;5.8;0.0
53;2021-04-09;1829;452;0;53936;18305;0;17.7;6.0;0.0
53;2021-04-10;561;15;0;54497;18320;0;17.8;6.0;0.0
53;2021-04-11;23;5;0;54520;18325;0;17.9;6.0;0.0
53;2021-04-12;767;1057;0;55287;19382;0;18.1;6.3;0.0
53;2021-04-13;1542;1101;0;56829;20483;0;18.6;6.7;0.0
53;2021-04-14;1041;780;0;57870;21263;0;19.0;7.0;0.0
53;2021-04-15;1258;1114;0;59128;22377;0;19.4;7.3;0.0
53;2021-04-16;1449;786;0;60577;23163;0;19.8;7.6;0.0
53;2021-04-17;435;304;0;61012;23467;0;20.0;7.7;0.0
53;2021-04-18;33;5;0;61045;23472;0;20.0;7.7;0.0
53;2021-04-19;754;989;0;61799;24461;0;20.2;8.0;0.0
53;2021-04-20;993;1453;0;62792;25914;0;20.6;8.5;0.0
53;2021-04-21;966;1029;0;63758;26943;0;20.9;8.8;0.0
53;2021-04-22;1181;1588;0;64939;28531;0;21.3;9.3;0.0
53;2021-04-23;1431;999;0;66370;29530;0;21.7;9.7;0.0
53;2021-04-24;182;34;0;66552;29564;0;21.8;9.7;0.0
53;2021-04-25;44;44;0;66596;29608;0;21.8;9.7;0.0
53;2021-04-26;484;1118;0;67080;30726;0;22.0;10.1;0.0
53;2021-04-27;931;1788;0;68011;32514;0;22.3;10.6;0.0
53;2021-04-28;1163;1319;0;69174;33833;0;22.7;11.1;0.0
53;2021-04-29;1233;1595;0;70407;35428;0;23.1;11.6;0.0
53;2021-04-30;1552;1280;0;71959;36708;0;23.6;12.0;0.0
53;2021-05-01;156;69;0;72115;36777;0;23.6;12.0;0.0
53;2021-05-02;69;11;0;72184;36788;0;23.6;12.0;0.0
53;2021-05-03;1666;701;0;73850;37489;0;24.2;12.3;0.0
53;2021-05-04;1393;1299;0;75243;38788;0;24.6;12.7;0.0
53;2021-05-05;1699;807;0;76942;39595;0;25.2;13.0;0.0
53;2021-05-06;1507;1323;0;78449;40918;0;25.7;13.4;0.0
53;2021-05-07;1573;1358;0;80022;42276;0;26.2;13.8;0.0
53;2021-05-08;979;70;0;81001;42346;0;26.5;13.9;0.0
53;2021-05-09;70;18;0;81071;42364;0;26.5;13.9;0.0
53;2021-05-10;2451;883;0;83522;43247;0;27.4;14.2;0.0
53;2021-05-11;3112;1341;0;86634;44588;0;28.4;14.6;0.0
53;2021-05-12;2686;1160;0;89320;45748;0;29.3;15.0;0.0
53;2021-05-13;377;49;0;89697;45797;0;29.4;15.0;0.0
53;2021-05-14;1942;710;0;91639;46507;0;30.0;15.2;0.0
53;2021-05-15;1160;130;0;92799;46637;0;30.4;15.3;0.0
53;2021-05-16;100;13;0;92899;46650;0;30.4;15.3;0.0
53;2021-05-17;1695;1307;0;94594;47957;0;31.0;15.7;0.0
53;2021-05-18;1912;1546;0;96506;49503;0;31.6;16.2;0.0
53;2021-05-19;2446;800;0;98952;50303;0;32.4;16.5;0.0
53;2021-05-20;3059;930;0;102011;51233;0;33.4;16.8;0.0
53;2021-05-21;2664;943;0;104675;52176;0;34.3;17.1;0.0
53;2021-05-22;246;108;0;104921;52284;0;34.4;17.1;0.0
53;2021-05-23;79;3;0;105000;52287;0;34.4;17.1;0.0
53;2021-05-24;145;17;0;105145;52304;0;34.4;17.1;0.0
53;2021-05-25;1799;846;0;106944;53150;0;35.0;17.4;0.0
53;2021-05-26;1817;940;0;108761;54090;0;35.6;17.7;0.0
53;2021-05-27;2967;1104;0;111728;55194;0;36.6;18.1;0.0
53;2021-05-28;2484;1028;0;114212;56222;0;37.4;18.4;0.0
53;2021-05-29;973;284;0;115185;56506;0;37.7;18.5;0.0
53;2021-05-30;45;12;0;115230;56518;0;37.7;18.5;0.0
53;2021-05-31;2456;903;0;117686;57421;0;38.5;18.8;0.0
53;2021-06-01;3221;1313;0;120907;58734;0;39.6;19.2;0.0
53;2021-06-02;2847;624;0;123754;59358;0;40.5;19.4;0.0
53;2021-06-03;3741;857;0;127495;60215;0;41.8;19.7;0.0
53;2021-06-04;2893;1366;0;130388;61581;0;42.7;20.2;0.0
53;2021-06-05;340;342;0;130728;61923;0;42.8;20.3;0.0
53;2021-06-06;35;47;0;130763;61970;0;42.8;20.3;0.0
53;2021-06-07;2476;1082;0;133239;63052;0;43.6;20.6;0.0
53;2021-06-08;3182;1240;0;136421;64292;0;44.7;21.1;0.0
53;2021-06-09;2248;1022;0;138669;65314;0;45.4;21.4;0.0
53;2021-06-10;3137;929;0;141806;66243;0;46.4;21.7;0.0
53;2021-06-11;2687;1383;0;144493;67626;0;47.3;22.1;0.0
53;2021-06-12;263;268;0;144756;67894;0;47.4;22.2;0.0
53;2021-06-13;56;61;0;144812;67955;0;47.4;22.3;0.0
53;2021-06-14;1502;1878;0;146314;69833;0;47.9;22.9;0.0
53;2021-06-15;1817;2344;0;148131;72177;0;48.5;23.6;0.0
53;2021-06-16;1710;1838;0;149841;74015;0;49.1;24.2;0.0
53;2021-06-17;2728;1682;0;152569;75697;0;50.0;24.8;0.0
53;2021-06-18;2510;1839;0;155079;77536;0;50.8;25.4;0.0
53;2021-06-19;744;1216;0;155823;78752;0;51.0;25.8;0.0
53;2021-06-20;34;465;0;155857;79217;0;51.0;25.9;0.0
53;2021-06-21;946;2623;0;156803;81840;0;51.3;26.8;0.0
53;2021-06-22;1298;3439;0;158101;85279;0;51.8;27.9;0.0
53;2021-06-23;1326;2865;0;159427;88144;0;52.2;28.9;0.0
53;2021-06-24;1686;2068;0;161113;90212;0;52.8;29.5;0.0
53;2021-06-25;1706;2184;0;162819;92396;0;53.3;30.3;0.0
53;2021-06-26;983;484;0;163802;92880;0;53.6;30.4;0.0
53;2021-06-27;23;92;0;163825;92972;0;53.6;30.4;0.0
53;2021-06-28;661;2945;0;164486;95917;0;53.9;31.4;0.0
53;2021-06-29;877;3585;0;165363;99502;0;54.2;32.6;0.0
53;2021-06-30;784;1640;0;166147;101142;0;54.4;33.1;0.0
53;2021-07-01;1405;2561;1;167552;103703;1;54.9;34.0;0.0
53;2021-07-02;1470;2080;0;169022;105783;1;55.4;34.6;0.0
53;2021-07-03;851;723;0;169873;106506;1;55.6;34.9;0.0
53;2021-07-04;11;89;0;169884;106595;1;55.6;34.9;0.0
53;2021-07-05;581;2133;0;170465;108728;1;55.8;35.6;0.0
53;2021-07-06;857;3526;0;171322;112254;1;56.1;36.8;0.0
53;2021-07-07;1016;2610;0;172338;114864;1;56.4;37.6;0.0
53;2021-07-08;1235;2989;0;173573;117853;1;56.8;38.6;0.0
53;2021-07-09;1024;3287;0;174597;121140;1;57.2;39.7;0.0
53;2021-07-10;387;1084;0;174984;122224;1;57.3;40.0;0.0
53;2021-07-11;40;66;0;175024;122290;1;57.3;40.0;0.0
53;2021-07-12;522;3519;0;175546;125809;1;57.5;41.2;0.0
53;2021-07-13;902;4415;0;176448;130224;1;57.8;42.6;0.0
53;2021-07-14;206;267;0;176654;130491;1;57.9;42.7;0.0
53;2021-07-15;1161;4041;0;177815;134532;1;58.2;44.1;0.0
53;2021-07-16;1260;3661;0;179075;138193;1;58.6;45.3;0.0
53;2021-07-17;1375;564;0;180450;138757;1;59.1;45.4;0.0
53;2021-07-18;168;65;0;180618;138822;1;59.1;45.5;0.0
53;2021-07-19;821;3285;0;181439;142107;1;59.4;46.5;0.0
53;2021-07-20;1061;3843;0;182500;145950;1;59.8;47.8;0.0
53;2021-07-21;915;3090;0;183415;149040;1;60.1;48.8;0.0
53;2021-07-22;1600;3246;0;185015;152286;1;60.6;49.9;0.0
53;2021-07-23;1607;3576;0;186622;155862;1;61.1;51.0;0.0
53;2021-07-24;919;477;0;187541;156339;1;61.4;51.2;0.0
53;2021-07-25;103;78;0;187644;156417;1;61.4;51.2;0.0
53;2021-07-26;1645;1959;0;189289;158376;1;62.0;51.9;0.0
53;2021-07-27;2268;2680;0;191557;161056;1;62.7;52.7;0.0
53;2021-07-28;2040;2645;0;193597;163701;1;63.4;53.6;0.0
53;2021-07-29;2366;2393;0;195963;166094;1;64.2;54.4;0.0
53;2021-07-30;1870;2491;0;197833;168585;1;64.8;55.2;0.0
53;2021-07-31;741;400;0;198574;168985;1;65.0;55.3;0.0
53;2021-08-01;131;61;0;198705;169046;1;65.1;55.4;0.0
53;2021-08-02;1916;1710;0;200621;170756;1;65.7;55.9;0.0
53;2021-08-03;2294;1914;0;202915;172670;1;66.4;56.5;0.0
53;2021-08-04;2457;1741;0;205372;174411;1;67.3;57.1;0.0
53;2021-08-05;2616;1430;0;207988;175841;1;68.1;57.6;0.0
53;2021-08-06;2301;1688;0;210289;177529;1;68.9;58.1;0.0
53;2021-08-07;572;344;0;210861;177873;1;69.1;58.2;0.0
53;2021-08-08;81;79;0;210942;177952;1;69.1;58.3;0.0
53;2021-08-09;1721;1600;0;212663;179552;1;69.6;58.8;0.0
53;2021-08-10;2215;1684;0;214878;181236;1;70.4;59.4;0.0
53;2021-08-11;1679;958;0;216557;182194;1;70.9;59.7;0.0
53;2021-08-12;1877;1051;0;218434;183245;1;71.5;60.0;0.0
53;2021-08-13;1868;1295;0;220302;184540;1;72.1;60.4;0.0
53;2021-08-14;180;256;0;220482;184796;1;72.2;60.5;0.0
53;2021-08-15;26;20;0;220508;184816;1;72.2;60.5;0.0
53;2021-08-16;1253;1648;0;221761;186464;1;72.6;61.1;0.0
53;2021-08-17;1462;1668;0;223223;188132;1;73.1;61.6;0.0
53;2021-08-18;1450;1615;0;224673;189747;1;73.6;62.1;0.0
53;2021-08-19;1300;1817;0;225973;191564;1;74.0;62.7;0.0
53;2021-08-20;1068;2043;0;227041;193607;1;74.4;63.4;0.0
53;2021-08-21;208;471;0;227249;194078;1;74.4;63.6;0.0
53;2021-08-22;24;72;0;227273;194150;1;74.4;63.6;0.0
53;2021-08-23;828;1925;0;228101;196075;1;74.7;64.2;0.0
53;2021-08-24;919;2147;0;229020;198222;1;75.0;64.9;0.0
53;2021-08-25;877;2137;0;229897;200359;1;75.3;65.6;0.0
53;2021-08-26;612;2373;0;230509;202732;1;75.5;66.4;0.0
53;2021-08-27;739;2466;0;231248;205198;1;75.7;67.2;0.0
53;2021-08-28;121;407;0;231369;205605;1;75.8;67.3;0.0
53;2021-08-29;15;80;0;231384;205685;1;75.8;67.4;0.0
53;2021-08-30;593;2053;25;231977;207738;26;76.0;68.0;0.0
53;2021-08-31;744;2650;62;232721;210388;88;76.2;68.9;0.0
53;2021-09-01;395;1580;96;233116;211968;184;76.3;69.4;0.1
53;2021-09-02;435;1579;115;233551;213547;299;76.5;69.9;0.1
53;2021-09-03;456;2171;162;234007;215718;461;76.6;70.6;0.2
53;2021-09-04;160;415;33;234167;216133;494;76.7;70.8;0.2
53;2021-09-05;8;34;2;234175;216167;496;76.7;70.8;0.2
53;2021-09-06;310;1388;191;234485;217555;687;76.8;71.2;0.2
53;2021-09-07;287;1633;164;234772;219188;851;76.9;71.8;0.3
53;2021-09-08;425;1906;162;235197;221094;1013;77.0;72.4;0.3
53;2021-09-09;255;1316;116;235452;222410;1129;77.1;72.8;0.4
53;2021-09-10;383;1660;232;235835;224070;1361;77.2;73.4;0.4
53;2021-09-11;82;282;40;235917;224352;1401;77.3;73.5;0.5
53;2021-09-12;1;14;1;235918;224366;1402;77.3;73.5;0.5
53;2021-09-13;256;954;228;236174;225320;1630;77.3;73.8;0.5
53;2021-09-14;232;822;185;236406;226142;1815;77.4;74.1;0.6
53;2021-09-15;357;1077;342;236763;227219;2157;77.5;74.4;0.7
53;2021-09-16;300;409;283;237063;227628;2440;77.6;74.5;0.8
53;2021-09-17;399;963;310;237462;228591;2750;77.8;74.9;0.9
53;2021-09-18;73;207;30;237535;228798;2780;77.8;74.9;0.9
53;2021-09-19;12;15;0;237547;228813;2780;77.8;74.9;0.9
53;2021-09-20;146;391;173;237693;229204;2953;77.8;75.1;1.0
53;2021-09-21;228;619;244;237921;229823;3197;77.9;75.3;1.0
53;2021-09-22;199;699;229;238120;230522;3426;78.0;75.5;1.1
53;2021-09-23;138;374;663;238258;230896;4089;78.0;75.6;1.3
53;2021-09-24;207;648;256;238465;231544;4345;78.1;75.8;1.4
53;2021-09-25;47;155;45;238512;231699;4390;78.1;75.9;1.4
53;2021-09-26;0;4;0;238512;231703;4390;78.1;75.9;1.4
53;2021-09-27;156;380;307;238668;232083;4697;78.2;76.0;1.5
53;2021-09-28;172;303;323;238840;232386;5020;78.2;76.1;1.6
53;2021-09-29;163;503;301;239003;232889;5321;78.3;76.3;1.7
53;2021-09-30;98;220;267;239101;233109;5588;78.3;76.3;1.8
53;2021-10-01;257;588;398;239358;233697;5986;78.4;76.5;2.0
53;2021-10-02;55;114;31;239413;233811;6017;78.4;76.6;2.0
53;2021-10-03;6;8;4;239419;233819;6021;78.4;76.6;2.0
53;2021-10-04;135;276;459;239554;234095;6480;78.4;76.7;2.1
53;2021-10-05;116;216;472;239670;234311;6952;78.5;76.7;2.3
53;2021-10-06;194;366;425;239864;234677;7377;78.5;76.9;2.4
53;2021-10-07;89;295;154;239953;234972;7531;78.6;76.9;2.5
53;2021-10-08;238;494;570;240191;235466;8101;78.7;77.1;2.7
53;2021-10-09;41;73;22;240232;235539;8123;78.7;77.1;2.7
53;2021-10-10;1;2;1;240233;235541;8124;78.7;77.1;2.7
53;2021-10-11;111;172;483;240344;235713;8607;78.7;77.2;2.8
53;2021-10-12;103;221;472;240447;235934;9079;78.7;77.3;3.0
53;2021-10-13;121;235;471;240568;236169;9550;78.8;77.3;3.1
53;2021-10-14;82;129;267;240650;236298;9817;78.8;77.4;3.2
53;2021-10-15;214;350;754;240864;236648;10571;78.9;77.5;3.5
53;2021-10-16;42;68;35;240906;236716;10606;78.9;77.5;3.5
53;2021-10-17;1;2;0;240907;236718;10606;78.9;77.5;3.5
53;2021-10-18;160;203;602;241067;236921;11208;78.9;77.6;3.7
53;2021-10-19;75;193;520;241142;237114;11728;79.0;77.6;3.8
53;2021-10-20;68;149;594;241210;237263;12322;79.0;77.7;4.0
53;2021-10-21;24;83;349;241234;237346;12671;79.0;77.7;4.1
53;2021-10-22;72;292;696;241306;237638;13367;79.0;77.8;4.4
53;2021-10-23;15;49;53;241321;237687;13420;79.0;77.8;4.4
53;2021-10-24;2;2;0;241323;237689;13420;79.0;77.8;4.4
53;2021-10-25;54;120;623;241377;237809;14043;79.0;77.9;4.6
53;2021-10-26;47;94;598;241424;237903;14641;79.1;77.9;4.8
53;2021-10-27;69;149;810;241493;238052;15451;79.1;78.0;5.1
53;2021-10-28;32;66;524;241525;238118;15975;79.1;78.0;5.2
53;2021-10-29;69;247;829;241594;238365;16804;79.1;78.1;5.5
53;2021-10-30;12;32;70;241606;238397;16874;79.1;78.1;5.5
53;2021-10-31;0;2;0;241606;238399;16874;79.1;78.1;5.5
53;2021-11-01;0;2;5;241606;238401;16879;79.1;78.1;5.5
53;2021-11-02;65;150;878;241671;238551;17757;79.1;78.1;5.8
53;2021-11-03;75;132;701;241746;238683;18458;79.2;78.2;6.0
53;2021-11-04;42;95;679;241788;238778;19137;79.2;78.2;6.3
53;2021-11-05;82;217;956;241870;238995;20093;79.2;78.3;6.6
53;2021-11-06;12;49;98;241882;239044;20191;79.2;78.3;6.6
53;2021-11-07;0;1;11;241882;239045;20202;79.2;78.3;6.6
53;2021-11-08;31;147;906;241913;239192;21108;79.2;78.3;6.9
53;2021-11-09;45;124;1132;241958;239316;22240;79.2;78.4;7.3
53;2021-11-10;78;113;1071;242036;239429;23311;79.3;78.4;7.6
53;2021-11-11;3;1;29;242039;239430;23340;79.3;78.4;7.6
53;2021-11-12;35;44;563;242074;239474;23903;79.3;78.4;7.8
53;2021-11-13;11;32;131;242085;239506;24034;79.3;78.4;7.9
53;2021-11-14;0;2;6;242085;239508;24040;79.3;78.4;7.9
53;2021-11-15;45;67;1183;242130;239575;25223;79.3;78.5;8.3
53;2021-11-16;30;58;792;242160;239633;26015;79.3;78.5;8.5
53;2021-11-17;60;66;1082;242220;239699;27097;79.3;78.5;8.9
53;2021-11-18;38;63;1112;242258;239762;28209;79.3;78.5;9.2
53;2021-11-19;82;113;1471;242340;239875;29680;79.4;78.6;9.7
53;2021-11-20;15;18;127;242355;239893;29807;79.4;78.6;9.8
53;2021-11-21;2;0;8;242357;239893;29815;79.4;78.6;9.8
53;2021-11-22;45;25;1198;242402;239918;31013;79.4;78.6;10.2
53;2021-11-23;39;35;1112;242441;239953;32125;79.4;78.6;10.5
53;2021-11-24;79;104;1159;242520;240057;33284;79.4;78.6;10.9
53;2021-11-25;49;54;1235;242569;240111;34519;79.4;78.6;11.3
53;2021-11-26;116;97;2388;242685;240208;36907;79.5;78.7;12.1
53;2021-11-27;15;24;280;242700;240232;37187;79.5;78.7;12.2
53;2021-11-28;3;1;61;242703;240233;37248;79.5;78.7;12.2
53;2021-11-29;51;56;2460;242754;240289;39708;79.5;78.7;13.0
53;2021-11-30;35;50;2106;242789;240339;41814;79.5;78.7;13.7
53;2021-12-01;65;80;2491;242854;240419;44305;79.5;78.7;14.5
53;2021-12-02;35;19;2132;242889;240438;46437;79.5;78.7;15.2
53;2021-12-03;63;80;3579;242952;240518;50016;79.6;78.8;16.4
53;2021-12-04;28;24;1111;242980;240542;51127;79.6;78.8;16.7
53;2021-12-05;0;3;77;242980;240545;51204;79.6;78.8;16.8
53;2021-12-06;33;45;3288;243013;240590;54492;79.6;78.8;17.8
53;2021-12-07;44;35;3234;243057;240625;57726;79.6;78.8;18.9
53;2021-12-08;43;83;2846;243100;240708;60572;79.6;78.8;19.8
53;2021-12-09;54;36;4364;243154;240744;64936;79.6;78.8;21.3
53;2021-12-10;54;71;3868;243208;240815;68804;79.6;78.9;22.5
53;2021-12-11;32;21;1556;243240;240836;70360;79.7;78.9;23.0
53;2021-12-12;7;5;151;243247;240841;70511;79.7;78.9;23.1
53;2021-12-13;27;53;3608;243274;240894;74119;79.7;78.9;24.3
53;2021-12-14;42;53;3620;243316;240947;77739;79.7;78.9;25.5
53;2021-12-15;35;79;3307;243351;241026;81046;79.7;78.9;26.5
54;2020-12-27;0;0;0;0;0;0;0.0;0.0;0.0
54;2020-12-28;3;0;0;3;0;0;0.0;0.0;0.0
54;2020-12-29;0;0;0;3;0;0;0.0;0.0;0.0
54;2020-12-30;2;0;0;5;0;0;0.0;0.0;0.0
54;2020-12-31;9;0;0;14;0;0;0.0;0.0;0.0
54;2021-01-01;1;0;0;15;0;0;0.0;0.0;0.0
54;2021-01-02;0;0;0;15;0;0;0.0;0.0;0.0
54;2021-01-03;2;0;0;17;0;0;0.0;0.0;0.0
54;2021-01-04;156;0;0;173;0;0;0.0;0.0;0.0
54;2021-01-05;387;1;0;560;1;0;0.1;0.0;0.0
54;2021-01-06;621;1;0;1181;2;0;0.2;0.0;0.0
54;2021-01-07;797;2;0;1978;4;0;0.3;0.0;0.0
54;2021-01-08;692;3;0;2670;7;0;0.4;0.0;0.0
54;2021-01-09;109;0;0;2779;7;0;0.4;0.0;0.0
54;2021-01-10;72;0;0;2851;7;0;0.4;0.0;0.0
54;2021-01-11;950;3;0;3801;10;0;0.5;0.0;0.0
54;2021-01-12;1165;2;0;4966;12;0;0.7;0.0;0.0
54;2021-01-13;2397;7;0;7363;19;0;1.0;0.0;0.0
54;2021-01-14;3261;26;0;10624;45;0;1.5;0.0;0.0
54;2021-01-15;2615;20;0;13239;65;0;1.8;0.0;0.0
54;2021-01-16;813;4;0;14052;69;0;1.9;0.0;0.0
54;2021-01-17;218;0;0;14270;69;0;2.0;0.0;0.0
54;2021-01-18;1574;6;0;15844;75;0;2.2;0.0;0.0
54;2021-01-19;1675;2;0;17519;77;0;2.4;0.0;0.0
54;2021-01-20;1572;5;0;19091;82;0;2.6;0.0;0.0
54;2021-01-21;1452;4;0;20543;86;0;2.8;0.0;0.0
54;2021-01-22;1143;8;0;21686;94;0;3.0;0.0;0.0
54;2021-01-23;479;1;0;22165;95;0;3.0;0.0;0.0
54;2021-01-24;76;0;0;22241;95;0;3.0;0.0;0.0
54;2021-01-25;973;41;0;23214;136;0;3.2;0.0;0.0
54;2021-01-26;223;18;0;23437;154;0;3.2;0.0;0.0
54;2021-01-27;94;175;0;23531;329;0;3.2;0.0;0.0
54;2021-01-28;115;245;0;23646;574;0;3.2;0.1;0.0
54;2021-01-29;61;287;0;23707;861;0;3.2;0.1;0.0
54;2021-01-30;30;14;0;23737;875;0;3.2;0.1;0.0
54;2021-01-31;2;0;0;23739;875;0;3.3;0.1;0.0
54;2021-02-01;45;783;0;23784;1658;0;3.3;0.2;0.0
54;2021-02-02;75;960;0;23859;2618;0;3.3;0.4;0.0
54;2021-02-03;393;1495;0;24252;4113;0;3.3;0.6;0.0
54;2021-02-04;728;2369;0;24980;6482;0;3.4;0.9;0.0
54;2021-02-05;775;1798;0;25755;8280;0;3.5;1.1;0.0
54;2021-02-06;224;349;0;25979;8629;0;3.6;1.2;0.0
54;2021-02-07;5;129;0;25984;8758;0;3.6;1.2;0.0
54;2021-02-08;169;1031;0;26153;9789;0;3.6;1.3;0.0
54;2021-02-09;361;1074;0;26514;10863;0;3.6;1.5;0.0
54;2021-02-10;405;821;0;26919;11684;0;3.7;1.6;0.0
54;2021-02-11;371;894;0;27290;12578;0;3.7;1.7;0.0
54;2021-02-12;513;1301;0;27803;13879;0;3.8;1.9;0.0
54;2021-02-13;174;240;0;27977;14119;0;3.8;1.9;0.0
54;2021-02-14;32;24;0;28009;14143;0;3.8;1.9;0.0
54;2021-02-15;433;1146;0;28442;15289;0;3.9;2.1;0.0
54;2021-02-16;449;1217;0;28891;16506;0;4.0;2.3;0.0
54;2021-02-17;568;1003;0;29459;17509;0;4.0;2.4;0.0
54;2021-02-18;626;848;0;30085;18357;0;4.1;2.5;0.0
54;2021-02-19;556;762;0;30641;19119;0;4.2;2.6;0.0
54;2021-02-20;73;302;0;30714;19421;0;4.2;2.7;0.0
54;2021-02-21;5;25;0;30719;19446;0;4.2;2.7;0.0
54;2021-02-22;538;660;0;31257;20106;0;4.3;2.8;0.0
54;2021-02-23;827;553;0;32084;20659;0;4.4;2.8;0.0
54;2021-02-24;828;396;0;32912;21055;0;4.5;2.9;0.0
54;2021-02-25;1541;720;0;34453;21775;0;4.7;3.0;0.0
54;2021-02-26;1930;767;0;36383;22542;0;5.0;3.1;0.0
54;2021-02-27;899;132;0;37282;22674;0;5.1;3.1;0.0
54;2021-02-28;106;31;0;37388;22705;0;5.1;3.1;0.0
54;2021-03-01;697;244;0;38085;22949;0;5.2;3.1;0.0
54;2021-03-02;1574;222;0;39659;23171;0;5.4;3.2;0.0
54;2021-03-03;1813;115;0;41472;23286;0;5.7;3.2;0.0
54;2021-03-04;2109;168;0;43581;23454;0;6.0;3.2;0.0
54;2021-03-05;2934;200;0;46515;23654;0;6.4;3.2;0.0
54;2021-03-06;4303;136;0;50818;23790;0;7.0;3.3;0.0
54;2021-03-07;2827;81;0;53645;23871;0;7.3;3.3;0.0
54;2021-03-08;1341;118;0;54986;23989;0;7.5;3.3;0.0
54;2021-03-09;2688;162;0;57674;24151;0;7.9;3.3;0.0
54;2021-03-10;3181;151;0;60855;24302;0;8.3;3.3;0.0
54;2021-03-11;3404;166;0;64259;24468;0;8.8;3.3;0.0
54;2021-03-12;5015;240;0;69274;24708;0;9.5;3.4;0.0
54;2021-03-13;4256;157;0;73530;24865;0;10.1;3.4;0.0
54;2021-03-14;559;50;0;74089;24915;0;10.1;3.4;0.0
54;2021-03-15;1695;135;0;75784;25050;0;10.4;3.4;0.0
54;2021-03-16;1788;225;0;77572;25275;0;10.6;3.5;0.0
54;2021-03-17;2001;209;0;79573;25484;0;10.9;3.5;0.0
54;2021-03-18;2045;236;0;81618;25720;0;11.2;3.5;0.0
54;2021-03-19;3336;320;0;84954;26040;0;11.6;3.6;0.0
54;2021-03-20;2394;99;0;87348;26139;0;12.0;3.6;0.0
54;2021-03-21;318;19;0;87666;26158;0;12.0;3.6;0.0
54;2021-03-22;1198;378;0;88864;26536;0;12.2;3.6;0.0
54;2021-03-23;2005;645;0;90869;27181;0;12.4;3.7;0.0
54;2021-03-24;2216;748;0;93085;27929;0;12.7;3.8;0.0
54;2021-03-25;3287;799;0;96372;28728;0;13.2;3.9;0.0
54;2021-03-26;3646;891;0;100018;29619;0;13.7;4.1;0.0
54;2021-03-27;2305;434;0;102323;30053;0;14.0;4.1;0.0
54;2021-03-28;264;110;0;102587;30163;0;14.0;4.1;0.0
54;2021-03-29;1694;455;0;104281;30618;0;14.3;4.2;0.0
54;2021-03-30;2565;1114;0;106846;31732;0;14.6;4.3;0.0
54;2021-03-31;2576;1224;0;109422;32956;0;15.0;4.5;0.0
54;2021-04-01;3109;1364;0;112531;34320;0;15.4;4.7;0.0
54;2021-04-02;2942;1797;0;115473;36117;0;15.8;4.9;0.0
54;2021-04-03;1344;1447;0;116817;37564;0;16.0;5.1;0.0
54;2021-04-04;145;425;0;116962;37989;0;16.0;5.2;0.0
54;2021-04-05;239;566;0;117201;38555;0;16.0;5.3;0.0
54;2021-04-06;1389;1708;0;118590;40263;0;16.2;5.5;0.0
54;2021-04-07;1193;2342;0;119783;42605;0;16.4;5.8;0.0
54;2021-04-08;2604;2505;0;122387;45110;0;16.8;6.2;0.0
54;2021-04-09;4357;3092;0;126744;48202;0;17.4;6.6;0.0
54;2021-04-10;3197;1850;0;129941;50052;0;17.8;6.9;0.0
54;2021-04-11;203;984;0;130144;51036;0;17.8;7.0;0.0
54;2021-04-12;2315;1564;0;132459;52600;0;18.1;7.2;0.0
54;2021-04-13;3121;1965;0;135580;54565;0;18.6;7.5;0.0
54;2021-04-14;3395;1882;0;138975;56447;0;19.0;7.7;0.0
54;2021-04-15;3084;2347;0;142059;58794;0;19.4;8.0;0.0
54;2021-04-16;3189;2691;0;145248;61485;0;19.9;8.4;0.0
54;2021-04-17;3294;1540;0;148542;63025;0;20.3;8.6;0.0
54;2021-04-18;185;273;0;148727;63298;0;20.4;8.7;0.0
54;2021-04-19;2529;1132;0;151256;64430;0;20.7;8.8;0.0
54;2021-04-20;3065;1331;0;154321;65761;0;21.1;9.0;0.0
54;2021-04-21;3794;1604;0;158115;67365;0;21.6;9.2;0.0
54;2021-04-22;3583;2357;0;161698;69722;0;22.1;9.5;0.0
54;2021-04-23;3767;2191;0;165465;71913;0;22.7;9.8;0.0
54;2021-04-24;2266;995;0;167731;72908;0;23.0;10.0;0.0
54;2021-04-25;289;276;0;168020;73184;0;23.0;10.0;0.0
54;2021-04-26;2284;1376;0;170304;74560;0;23.3;10.2;0.0
54;2021-04-27;3161;1402;0;173465;75962;0;23.7;10.4;0.0
54;2021-04-28;2700;1945;0;176165;77907;0;24.1;10.7;0.0
54;2021-04-29;3706;2116;0;179871;80023;0;24.6;11.0;0.0
54;2021-04-30;4483;2071;0;184354;82094;0;25.2;11.2;0.0
54;2021-05-01;2189;799;0;186543;82893;0;25.5;11.3;0.0
54;2021-05-02;276;89;0;186819;82982;0;25.6;11.4;0.0
54;2021-05-03;3056;1092;0;189875;84074;0;26.0;11.5;0.0
54;2021-05-04;3509;1642;0;193384;85716;0;26.5;11.7;0.0
54;2021-05-05;4818;1693;0;198202;87409;0;27.1;12.0;0.0
54;2021-05-06;4533;2878;0;202735;90287;0;27.8;12.4;0.0
54;2021-05-07;5007;3506;0;207742;93793;0;28.4;12.8;0.0
54;2021-05-08;2073;671;0;209815;94464;0;28.7;12.9;0.0
54;2021-05-09;501;184;0;210316;94648;0;28.8;13.0;0.0
54;2021-05-10;3182;2360;0;213498;97008;0;29.2;13.3;0.0
54;2021-05-11;5423;3113;0;218921;100121;0;30.0;13.7;0.0
54;2021-05-12;4210;3507;0;223131;103628;0;30.5;14.2;0.0
54;2021-05-13;2730;516;0;225861;104144;0;30.9;14.3;0.0
54;2021-05-14;6806;2080;0;232667;106224;0;31.9;14.5;0.0
54;2021-05-15;5332;1314;0;237999;107538;0;32.6;14.7;0.0
54;2021-05-16;1066;117;0;239065;107655;0;32.7;14.7;0.0
54;2021-05-17;3718;903;0;242783;108558;0;33.2;14.9;0.0
54;2021-05-18;3409;1224;0;246192;109782;0;33.7;15.0;0.0
54;2021-05-19;3654;1546;0;249846;111328;0;34.2;15.2;0.0
54;2021-05-20;4491;1674;0;254337;113002;0;34.8;15.5;0.0
54;2021-05-21;6438;2543;0;260775;115545;0;35.7;15.8;0.0
54;2021-05-22;5224;1381;0;265999;116926;0;36.4;16.0;0.0
54;2021-05-23;516;89;0;266515;117015;0;36.5;16.0;0.0
54;2021-05-24;1425;352;0;267940;117367;0;36.7;16.1;0.0
54;2021-05-25;4057;1628;0;271997;118995;0;37.2;16.3;0.0
54;2021-05-26;3433;2265;0;275430;121260;0;37.7;16.6;0.0
54;2021-05-27;3862;2437;0;279292;123697;0;38.2;16.9;0.0
54;2021-05-28;4917;3665;0;284209;127362;0;38.9;17.4;0.0
54;2021-05-29;3793;3908;0;288002;131270;0;39.4;18.0;0.0
54;2021-05-30;202;147;0;288204;131417;0;39.5;18.0;0.0
54;2021-05-31;2911;3072;0;291115;134489;0;39.9;18.4;0.0
54;2021-06-01;2911;4177;0;294026;138666;0;40.3;19.0;0.0
54;2021-06-02;2519;3802;0;296545;142468;0;40.6;19.5;0.0
54;2021-06-03;3160;5198;0;299705;147666;0;41.0;20.2;0.0
54;2021-06-04;5215;5356;0;304920;153022;0;41.7;21.0;0.0
54;2021-06-05;2588;3211;0;307508;156233;0;42.1;21.4;0.0
54;2021-06-06;194;259;0;307702;156492;0;42.1;21.4;0.0
54;2021-06-07;3623;2872;0;311325;159364;0;42.6;21.8;0.0
54;2021-06-08;4496;4123;0;315821;163487;0;43.2;22.4;0.0
54;2021-06-09;5768;3142;0;321589;166629;0;44.0;22.8;0.0
54;2021-06-10;5169;4367;0;326758;170996;0;44.7;23.4;0.0
54;2021-06-11;4867;4924;0;331625;175920;0;45.4;24.1;0.0
54;2021-06-12;3959;3116;0;335584;179036;0;45.9;24.5;0.0
54;2021-06-13;141;254;0;335725;179290;0;46.0;24.5;0.0
54;2021-06-14;2349;3632;0;338074;182922;0;46.3;25.0;0.0
54;2021-06-15;2941;4805;0;341015;187727;0;46.7;25.7;0.0
54;2021-06-16;3355;5596;0;344370;193323;0;47.1;26.5;0.0
54;2021-06-17;3103;5278;0;347473;198601;0;47.6;27.2;0.0
54;2021-06-18;3982;6234;0;351455;204835;0;48.1;28.0;0.0
54;2021-06-19;2625;3107;0;354080;207942;0;48.5;28.5;0.0
54;2021-06-20;124;336;0;354204;208278;0;48.5;28.5;0.0
54;2021-06-21;2339;4700;0;356543;212978;0;48.8;29.2;0.0
54;2021-06-22;1950;6177;0;358493;219155;0;49.1;30.0;0.0
54;2021-06-23;2194;5545;0;360687;224700;0;49.4;30.8;0.0
54;2021-06-24;1959;3478;0;362646;228178;0;49.7;31.2;0.0
54;2021-06-25;2182;7077;0;364828;235255;0;49.9;32.2;0.0
54;2021-06-26;2241;5507;0;367069;240762;0;50.3;33.0;0.0
54;2021-06-27;190;727;0;367259;241489;0;50.3;33.1;0.0
54;2021-06-28;1768;4325;0;369027;245814;0;50.5;33.7;0.0
54;2021-06-29;1802;5211;0;370829;251025;0;50.8;34.4;0.0
54;2021-06-30;1921;5152;1;372750;256177;1;51.0;35.1;0.0
54;2021-07-01;2123;5716;0;374873;261893;1;51.3;35.9;0.0
54;2021-07-02;2772;7253;0;377645;269146;1;51.7;36.8;0.0
54;2021-07-03;2624;4005;0;380269;273151;1;52.1;37.4;0.0
54;2021-07-04;209;546;0;380478;273697;1;52.1;37.5;0.0
54;2021-07-05;1537;4158;0;382015;277855;1;52.3;38.0;0.0
54;2021-07-06;1938;5033;0;383953;282888;1;52.6;38.7;0.0
54;2021-07-07;1877;4741;0;385830;287629;1;52.8;39.4;0.0
54;2021-07-08;1647;3975;0;387477;291604;1;53.1;39.9;0.0
54;2021-07-09;3054;6135;0;390531;297739;1;53.5;40.8;0.0
54;2021-07-10;2394;4269;0;392925;302008;1;53.8;41.3;0.0
54;2021-07-11;57;163;0;392982;302171;1;53.8;41.4;0.0
54;2021-07-12;2071;4762;0;395053;306933;1;54.1;42.0;0.0
54;2021-07-13;2721;5183;0;397774;312116;1;54.5;42.7;0.0
54;2021-07-14;1564;1535;0;399338;313651;1;54.7;42.9;0.0
54;2021-07-15;3219;5095;0;402557;318746;1;55.1;43.6;0.0
54;2021-07-16;4642;6536;0;407199;325282;1;55.8;44.5;0.0
54;2021-07-17;4062;4721;0;411261;330003;1;56.3;45.2;0.0
54;2021-07-18;1567;1582;0;412828;331585;1;56.5;45.4;0.0
54;2021-07-19;2601;4178;0;415429;335763;1;56.9;46.0;0.0
54;2021-07-20;3173;4854;0;418602;340617;1;57.3;46.6;0.0
54;2021-07-21;3508;6220;0;422110;346837;1;57.8;47.5;0.0
54;2021-07-22;3658;5582;0;425768;352419;1;58.3;48.3;0.0
54;2021-07-23;4269;6825;0;430037;359244;1;58.9;49.2;0.0
54;2021-07-24;2905;5059;0;432942;364303;1;59.3;49.9;0.0
54;2021-07-25;216;139;0;433158;364442;1;59.3;49.9;0.0
54;2021-07-26;3011;4101;0;436169;368543;1;59.7;50.5;0.0
54;2021-07-27;3985;4028;0;440154;372571;1;60.3;51.0;0.0
54;2021-07-28;5225;3836;0;445379;376407;1;61.0;51.5;0.0
54;2021-07-29;5160;3148;0;450539;379555;1;61.7;52.0;0.0
54;2021-07-30;5006;4749;0;455545;384304;1;62.4;52.6;0.0
54;2021-07-31;4225;3076;0;459770;387380;1;62.9;53.0;0.0
54;2021-08-01;368;141;0;460138;387521;1;63.0;53.1;0.0
54;2021-08-02;3031;3610;0;463169;391131;1;63.4;53.6;0.0
54;2021-08-03;4200;2951;0;467369;394082;1;64.0;54.0;0.0
54;2021-08-04;4411;2703;0;471780;396785;1;64.6;54.3;0.0
54;2021-08-05;4580;2466;0;476360;399251;1;65.2;54.7;0.0
54;2021-08-06;5302;4042;0;481662;403293;1;65.9;55.2;0.0
54;2021-08-07;3570;2902;0;485232;406195;1;66.4;55.6;0.0
54;2021-08-08;326;208;0;485558;406403;1;66.5;55.6;0.0
54;2021-08-09;2808;2728;0;488366;409131;1;66.9;56.0;0.0
54;2021-08-10;2482;3838;0;490848;412969;1;67.2;56.5;0.0
54;2021-08-11;2277;2759;0;493125;415728;1;67.5;56.9;0.0
54;2021-08-12;2104;3181;0;495229;418909;1;67.8;57.4;0.0
54;2021-08-13;2468;4404;0;497697;423313;1;68.1;58.0;0.0
54;2021-08-14;1322;2163;0;499019;425476;1;68.3;58.3;0.0
54;2021-08-15;80;111;0;499099;425587;1;68.3;58.3;0.0
54;2021-08-16;1684;3342;0;500783;428929;1;68.6;58.7;0.0
54;2021-08-17;1887;3481;0;502670;432410;1;68.8;59.2;0.0
54;2021-08-18;1462;4099;0;504132;436509;1;69.0;59.8;0.0
54;2021-08-19;1217;2920;0;505349;439429;1;69.2;60.2;0.0
54;2021-08-20;1672;4838;0;507021;444267;1;69.4;60.8;0.0
54;2021-08-21;1324;3878;0;508345;448145;1;69.6;61.4;0.0
54;2021-08-22;68;92;0;508413;448237;1;69.6;61.4;0.0
54;2021-08-23;1140;3709;0;509553;451946;1;69.8;61.9;0.0
54;2021-08-24;1118;3357;0;510671;455303;1;69.9;62.3;0.0
54;2021-08-25;1305;4341;0;511976;459644;1;70.1;62.9;0.0
54;2021-08-26;983;3151;0;512959;462795;1;70.2;63.4;0.0
54;2021-08-27;1452;5168;0;514411;467963;1;70.4;64.1;0.0
54;2021-08-28;1065;4091;0;515476;472054;1;70.6;64.6;0.0
54;2021-08-29;46;151;0;515522;472205;1;70.6;64.7;0.0
54;2021-08-30;1116;3879;83;516638;476084;84;70.7;65.2;0.0
54;2021-08-31;969;4213;253;517607;480297;337;70.9;65.8;0.0
54;2021-09-01;1162;3271;376;518769;483568;713;71.0;66.2;0.1
54;2021-09-02;741;1973;228;519510;485541;941;71.1;66.5;0.1
54;2021-09-03;948;2916;293;520458;488457;1234;71.3;66.9;0.2
54;2021-09-04;1002;2834;311;521460;491291;1545;71.4;67.3;0.2
54;2021-09-05;41;67;13;521501;491358;1558;71.4;67.3;0.2
54;2021-09-06;515;1289;174;522016;492647;1732;71.5;67.4;0.2
54;2021-09-07;555;1454;184;522571;494101;1916;71.5;67.6;0.3
54;2021-09-08;638;1592;297;523209;495693;2213;71.6;67.9;0.3
54;2021-09-09;899;1658;430;524108;497351;2643;71.8;68.1;0.4
54;2021-09-10;940;2199;506;525048;499550;3149;71.9;68.4;0.4
54;2021-09-11;691;2321;180;525739;501871;3329;72.0;68.7;0.5
54;2021-09-12;80;119;31;525819;501990;3360;72.0;68.7;0.5
54;2021-09-13;653;907;395;526472;502897;3755;72.1;68.9;0.5
54;2021-09-14;637;938;613;527109;503835;4368;72.2;69.0;0.6
54;2021-09-15;625;1639;937;527734;505474;5305;72.3;69.2;0.7
54;2021-09-16;622;671;460;528356;506145;5765;72.3;69.3;0.8
54;2021-09-17;829;1427;595;529185;507572;6360;72.5;69.5;0.9
54;2021-09-18;438;1300;212;529623;508872;6572;72.5;69.7;0.9
54;2021-09-19;29;52;24;529652;508924;6596;72.5;69.7;0.9
54;2021-09-20;372;631;366;530024;509555;6962;72.6;69.8;1.0
54;2021-09-21;432;870;503;530456;510425;7465;72.6;69.9;1.0
54;2021-09-22;414;1074;640;530870;511499;8105;72.7;70.0;1.1
54;2021-09-23;323;793;603;531193;512292;8708;72.7;70.1;1.2
54;2021-09-24;515;1106;625;531708;513398;9333;72.8;70.3;1.3
54;2021-09-25;331;1026;223;532039;514424;9556;72.8;70.4;1.3
54;2021-09-26;13;41;8;532052;514465;9564;72.8;70.4;1.3
54;2021-09-27;228;677;513;532280;515142;10077;72.9;70.5;1.4
54;2021-09-28;296;569;662;532576;515711;10739;72.9;70.6;1.5
54;2021-09-29;388;775;797;532964;516486;11536;73.0;70.7;1.6
54;2021-09-30;217;454;625;533181;516940;12161;73.0;70.8;1.7
54;2021-10-01;577;946;1031;533758;517886;13192;73.1;70.9;1.8
54;2021-10-02;355;882;445;534113;518768;13637;73.1;71.0;1.9
54;2021-10-03;13;23;11;534126;518791;13648;73.1;71.0;1.9
54;2021-10-04;262;503;444;534388;519294;14092;73.2;71.1;1.9
54;2021-10-05;291;862;732;534679;520156;14824;73.2;71.2;2.0
54;2021-10-06;376;758;818;535055;520914;15642;73.3;71.3;2.1
54;2021-10-07;251;637;964;535306;521551;16606;73.3;71.4;2.3
54;2021-10-08;411;867;1323;535717;522418;17929;73.3;71.5;2.5
54;2021-10-09;365;637;631;536082;523055;18560;73.4;71.6;2.5
54;2021-10-10;17;26;32;536099;523081;18592;73.4;71.6;2.5
54;2021-10-11;259;408;841;536358;523489;19433;73.4;71.7;2.7
54;2021-10-12;243;572;988;536601;524061;20421;73.5;71.8;2.8
54;2021-10-13;333;508;1292;536934;524569;21713;73.5;71.8;3.0
54;2021-10-14;263;520;743;537197;525089;22456;73.5;71.9;3.1
54;2021-10-15;418;638;1463;537615;525727;23919;73.6;72.0;3.3
54;2021-10-16;378;521;747;537993;526248;24666;73.7;72.0;3.4
54;2021-10-17;9;19;12;538002;526267;24678;73.7;72.1;3.4
54;2021-10-18;251;392;677;538253;526659;25355;73.7;72.1;3.5
54;2021-10-19;233;325;1096;538486;526984;26451;73.7;72.2;3.6
54;2021-10-20;321;451;1369;538807;527435;27820;73.8;72.2;3.8
54;2021-10-21;138;257;826;538945;527692;28646;73.8;72.2;3.9
54;2021-10-22;368;566;1583;539313;528258;30229;73.8;72.3;4.1
54;2021-10-23;297;415;663;539610;528673;30892;73.9;72.4;4.2
54;2021-10-24;9;5;1;539619;528678;30893;73.9;72.4;4.2
54;2021-10-25;220;266;863;539839;528944;31756;73.9;72.4;4.3
54;2021-10-26;158;201;1019;539997;529145;32775;73.9;72.4;4.5
54;2021-10-27;285;371;1479;540282;529516;34254;74.0;72.5;4.7
54;2021-10-28;140;195;897;540422;529711;35151;74.0;72.5;4.8
54;2021-10-29;271;419;1775;540693;530130;36926;74.0;72.6;5.1
54;2021-10-30;251;366;1074;540944;530496;38000;74.1;72.6;5.2
54;2021-10-31;5;19;14;540949;530515;38014;74.1;72.6;5.2
54;2021-11-01;78;37;113;541027;530552;38127;74.1;72.6;5.2
54;2021-11-02;196;322;979;541223;530874;39106;74.1;72.7;5.4
54;2021-11-03;324;455;1633;541547;531329;40739;74.1;72.7;5.6
54;2021-11-04;189;244;1067;541736;531573;41806;74.2;72.8;5.7
54;2021-11-05;310;438;1951;542046;532011;43757;74.2;72.8;6.0
54;2021-11-06;264;416;1171;542310;532427;44928;74.2;72.9;6.2
54;2021-11-07;10;18;72;542320;532445;45000;74.2;72.9;6.2
54;2021-11-08;193;276;1406;542513;532721;46406;74.3;72.9;6.4
54;2021-11-09;175;282;1788;542688;533003;48194;74.3;73.0;6.6
54;2021-11-10;326;379;2501;543014;533382;50695;74.3;73.0;6.9
54;2021-11-11;76;91;288;543090;533473;50983;74.4;73.0;7.0
54;2021-11-12;303;440;2592;543393;533913;53575;74.4;73.1;7.3
54;2021-11-13;209;329;1347;543602;534242;54922;74.4;73.1;7.5
54;2021-11-14;3;12;15;543605;534254;54937;74.4;73.1;7.5
54;2021-11-15;178;244;1820;543783;534498;56757;74.5;73.2;7.8
54;2021-11-16;167;221;1965;543950;534719;58722;74.5;73.2;8.0
54;2021-11-17;279;319;2585;544229;535038;61307;74.5;73.3;8.4
54;2021-11-18;148;177;2056;544377;535215;63363;74.5;73.3;8.7
54;2021-11-19;318;382;3021;544695;535597;66384;74.6;73.3;9.1
54;2021-11-20;256;350;1578;544951;535947;67962;74.6;73.4;9.3
54;2021-11-21;24;27;183;544975;535974;68145;74.6;73.4;9.3
54;2021-11-22;224;206;1768;545199;536180;69913;74.6;73.4;9.6
54;2021-11-23;187;180;2114;545386;536360;72027;74.7;73.4;9.9
54;2021-11-24;318;314;2641;545704;536674;74668;74.7;73.5;10.2
54;2021-11-25;179;166;2782;545883;536840;77450;74.7;73.5;10.6
54;2021-11-26;309;357;5186;546192;537197;82636;74.8;73.5;11.3
54;2021-11-27;275;329;3771;546467;537526;86407;74.8;73.6;11.8
54;2021-11-28;17;26;582;546484;537552;86989;74.8;73.6;11.9
54;2021-11-29;146;206;4187;546630;537758;91176;74.8;73.6;12.5
54;2021-11-30;158;181;4779;546788;537939;95955;74.9;73.7;13.1
54;2021-12-01;225;328;7604;547013;538267;103559;74.9;73.7;14.2
54;2021-12-02;175;167;6268;547188;538434;109827;74.9;73.7;15.0
54;2021-12-03;285;349;8868;547473;538783;118695;75.0;73.8;16.3
54;2021-12-04;219;308;5312;547692;539091;124007;75.0;73.8;17.0
54;2021-12-05;20;14;494;547712;539105;124501;75.0;73.8;17.0
54;2021-12-06;247;266;6853;547959;539371;131354;75.0;73.8;18.0
54;2021-12-07;203;242;7234;548162;539613;138588;75.0;73.9;19.0
54;2021-12-08;283;355;8411;548445;539968;146999;75.1;73.9;20.1
54;2021-12-09;206;245;7958;548651;540213;154957;75.1;74.0;21.2
54;2021-12-10;329;326;10094;548980;540539;165051;75.2;74.0;22.6
54;2021-12-11;258;323;6066;549238;540862;171117;75.2;74.1;23.4
54;2021-12-12;33;37;577;549271;540899;171694;75.2;74.1;23.5
54;2021-12-13;272;278;7235;549543;541177;178929;75.2;74.1;24.5
54;2021-12-14;262;292;7609;549805;541469;186538;75.3;74.1;25.5
54;2021-12-15;384;389;8676;550189;541858;195214;75.3;74.2;26.7
55;2020-12-27;0;0;0;0;0;0;0.0;0.0;0.0
55;2020-12-28;2;0;0;2;0;0;0.0;0.0;0.0
55;2020-12-29;0;0;0;2;0;0;0.0;0.0;0.0
55;2020-12-30;0;0;0;2;0;0;0.0;0.0;0.0
55;2020-12-31;0;0;0;2;0;0;0.0;0.0;0.0
55;2021-01-01;0;0;0;2;0;0;0.0;0.0;0.0
55;2021-01-02;0;0;0;2;0;0;0.0;0.0;0.0
55;2021-01-03;0;0;0;2;0;0;0.0;0.0;0.0
55;2021-01-04;2;0;0;4;0;0;0.0;0.0;0.0
55;2021-01-05;3;0;0;7;0;0;0.0;0.0;0.0
55;2021-01-06;7;0;0;14;0;0;0.0;0.0;0.0
55;2021-01-07;121;0;0;135;0;0;0.1;0.0;0.0
55;2021-01-08;145;0;0;280;0;0;0.2;0.0;0.0
55;2021-01-09;28;0;0;308;0;0;0.2;0.0;0.0
55;2021-01-10;1;0;0;309;0;0;0.2;0.0;0.0
55;2021-01-11;155;1;0;464;1;0;0.3;0.0;0.0
55;2021-01-12;136;0;0;600;1;0;0.3;0.0;0.0
55;2021-01-13;177;0;0;777;1;0;0.4;0.0;0.0
55;2021-01-14;642;7;0;1419;8;0;0.8;0.0;0.0
55;2021-01-15;270;0;0;1689;8;0;0.9;0.0;0.0
55;2021-01-16;67;0;0;1756;8;0;1.0;0.0;0.0
55;2021-01-17;3;0;0;1759;8;0;1.0;0.0;0.0
55;2021-01-18;461;1;0;2220;9;0;1.2;0.0;0.0
55;2021-01-19;383;4;0;2603;13;0;1.4;0.0;0.0
55;2021-01-20;452;2;0;3055;15;0;1.7;0.0;0.0
55;2021-01-21;439;2;0;3494;17;0;1.9;0.0;0.0
55;2021-01-22;387;0;0;3881;17;0;2.1;0.0;0.0
55;2021-01-23;54;0;0;3935;17;0;2.2;0.0;0.0
55;2021-01-24;1;0;0;3936;17;0;2.2;0.0;0.0
55;2021-01-25;408;0;0;4344;17;0;2.4;0.0;0.0
55;2021-01-26;439;0;0;4783;17;0;2.6;0.0;0.0
55;2021-01-27;384;1;0;5167;18;0;2.8;0.0;0.0
55;2021-01-28;477;91;0;5644;109;0;3.1;0.1;0.0
55;2021-01-29;155;76;0;5799;185;0;3.2;0.1;0.0
55;2021-01-30;99;19;0;5898;204;0;3.2;0.1;0.0
55;2021-01-31;0;0;0;5898;204;0;3.2;0.1;0.0
55;2021-02-01;139;178;0;6037;382;0;3.3;0.2;0.0
55;2021-02-02;164;157;0;6201;539;0;3.4;0.3;0.0
55;2021-02-03;61;182;0;6262;721;0;3.4;0.4;0.0
55;2021-02-04;230;418;0;6492;1139;0;3.6;0.6;0.0
55;2021-02-05;197;175;0;6689;1314;0;3.7;0.7;0.0
55;2021-02-06;60;58;0;6749;1372;0;3.7;0.8;0.0
55;2021-02-07;4;48;0;6753;1420;0;3.7;0.8;0.0
55;2021-02-08;11;46;0;6764;1466;0;3.7;0.8;0.0
55;2021-02-09;106;132;0;6870;1598;0;3.8;0.9;0.0
55;2021-02-10;81;36;0;6951;1634;0;3.8;0.9;0.0
55;2021-02-11;174;82;0;7125;1716;0;3.9;0.9;0.0
55;2021-02-12;115;47;0;7240;1763;0;4.0;1.0;0.0
55;2021-02-13;12;5;0;7252;1768;0;4.0;1.0;0.0
55;2021-02-14;5;1;0;7257;1769;0;4.0;1.0;0.0
55;2021-02-15;24;433;0;7281;2202;0;4.0;1.2;0.0
55;2021-02-16;141;420;0;7422;2622;0;4.1;1.4;0.0
55;2021-02-17;34;490;0;7456;3112;0;4.1;1.7;0.0
55;2021-02-18;33;338;0;7489;3450;0;4.1;1.9;0.0
55;2021-02-19;145;291;0;7634;3741;0;4.2;2.1;0.0
55;2021-02-20;12;6;0;7646;3747;0;4.2;2.1;0.0
55;2021-02-21;0;0;0;7646;3747;0;4.2;2.1;0.0
55;2021-02-22;61;425;0;7707;4172;0;4.2;2.3;0.0
55;2021-02-23;88;442;0;7795;4614;0;4.3;2.5;0.0
55;2021-02-24;93;381;0;7888;4995;0;4.3;2.7;0.0
55;2021-02-25;282;687;0;8170;5682;0;4.5;3.1;0.0
55;2021-02-26;350;240;0;8520;5922;0;4.7;3.3;0.0
55;2021-02-27;137;87;0;8657;6009;0;4.8;3.3;0.0
55;2021-02-28;9;6;0;8666;6015;0;4.8;3.3;0.0
55;2021-03-01;108;147;0;8774;6162;0;4.8;3.4;0.0
55;2021-03-02;173;177;0;8947;6339;0;4.9;3.5;0.0
55;2021-03-03;231;13;0;9178;6352;0;5.1;3.5;0.0
55;2021-03-04;276;52;0;9454;6404;0;5.2;3.5;0.0
55;2021-03-05;427;63;0;9881;6467;0;5.4;3.6;0.0
55;2021-03-06;310;13;0;10191;6480;0;5.6;3.6;0.0
55;2021-03-07;141;3;0;10332;6483;0;5.7;3.6;0.0
55;2021-03-08;375;53;0;10707;6536;0;5.9;3.6;0.0
55;2021-03-09;669;59;0;11376;6595;0;6.3;3.6;0.0
55;2021-03-10;439;36;0;11815;6631;0;6.5;3.7;0.0
55;2021-03-11;622;152;0;12437;6783;0;6.8;3.7;0.0
55;2021-03-12;876;107;0;13313;6890;0;7.3;3.8;0.0
55;2021-03-13;586;25;0;13899;6915;0;7.7;3.8;0.0
55;2021-03-14;51;2;0;13950;6917;0;7.7;3.8;0.0
55;2021-03-15;425;31;0;14375;6948;0;7.9;3.8;0.0
55;2021-03-16;616;117;0;14991;7065;0;8.3;3.9;0.0
55;2021-03-17;727;28;0;15718;7093;0;8.7;3.9;0.0
55;2021-03-18;390;33;0;16108;7126;0;8.9;3.9;0.0
55;2021-03-19;513;72;0;16621;7198;0;9.2;4.0;0.0
55;2021-03-20;294;16;0;16915;7214;0;9.3;4.0;0.0
55;2021-03-21;9;1;0;16924;7215;0;9.3;4.0;0.0
55;2021-03-22;517;30;0;17441;7245;0;9.6;4.0;0.0
55;2021-03-23;1036;78;0;18477;7323;0;10.2;4.0;0.0
55;2021-03-24;852;67;0;19329;7390;0;10.6;4.1;0.0
55;2021-03-25;1142;91;0;20471;7481;0;11.3;4.1;0.0
55;2021-03-26;678;60;0;21149;7541;0;11.6;4.2;0.0
55;2021-03-27;309;37;0;21458;7578;0;11.8;4.2;0.0
55;2021-03-28;2;6;0;21460;7584;0;11.8;4.2;0.0
55;2021-03-29;933;67;0;22393;7651;0;12.3;4.2;0.0
55;2021-03-30;1419;102;0;23812;7753;0;13.1;4.3;0.0
55;2021-03-31;1441;103;0;25253;7856;0;13.9;4.3;0.0
55;2021-04-01;1217;174;0;26470;8030;0;14.6;4.4;0.0
55;2021-04-02;903;102;0;27373;8132;0;15.1;4.5;0.0
55;2021-04-03;220;37;0;27593;8169;0;15.2;4.5;0.0
55;2021-04-04;14;16;0;27607;8185;0;15.2;4.5;0.0
55;2021-04-05;9;20;0;27616;8205;0;15.2;4.5;0.0
55;2021-04-06;895;319;0;28511;8524;0;15.7;4.7;0.0
55;2021-04-07;903;291;0;29414;8815;0;16.2;4.9;0.0
55;2021-04-08;1568;442;0;30982;9257;0;17.1;5.1;0.0
55;2021-04-09;1353;301;0;32335;9558;0;17.8;5.3;0.0
55;2021-04-10;270;209;0;32605;9767;0;18.0;5.4;0.0
55;2021-04-11;507;50;0;33112;9817;0;18.2;5.4;0.0
55;2021-04-12;786;369;0;33898;10186;0;18.7;5.6;0.0
55;2021-04-13;1214;564;0;35112;10750;0;19.3;5.9;0.0
55;2021-04-14;1288;779;0;36400;11529;0;20.0;6.3;0.0
55;2021-04-15;1508;492;0;37908;12021;0;20.9;6.6;0.0
55;2021-04-16;730;402;0;38638;12423;0;21.3;6.8;0.0
55;2021-04-17;713;83;0;39351;12506;0;21.7;6.9;0.0
55;2021-04-18;41;26;0;39392;12532;0;21.7;6.9;0.0
55;2021-04-19;852;422;0;40244;12954;0;22.2;7.1;0.0
55;2021-04-20;1077;802;0;41321;13756;0;22.7;7.6;0.0
55;2021-04-21;897;678;0;42218;14434;0;23.2;7.9;0.0
55;2021-04-22;1002;738;0;43220;15172;0;23.8;8.4;0.0
55;2021-04-23;1311;633;0;44531;15805;0;24.5;8.7;0.0
55;2021-04-24;365;158;0;44896;15963;0;24.7;8.8;0.0
55;2021-04-25;342;49;0;45238;16012;0;24.9;8.8;0.0
55;2021-04-26;434;793;0;45672;16805;0;25.1;9.3;0.0
55;2021-04-27;562;983;0;46234;17788;0;25.5;9.8;0.0
55;2021-04-28;869;827;0;47103;18615;0;25.9;10.2;0.0
55;2021-04-29;1068;841;0;48171;19456;0;26.5;10.7;0.0
55;2021-04-30;1243;623;0;49414;20079;0;27.2;11.1;0.0
55;2021-05-01;132;136;0;49546;20215;0;27.3;11.1;0.0
55;2021-05-02;13;6;0;49559;20221;0;27.3;11.1;0.0
55;2021-05-03;1160;626;0;50719;20847;0;27.9;11.5;0.0
55;2021-05-04;735;1081;0;51454;21928;0;28.3;12.1;0.0
55;2021-05-05;801;946;0;52255;22874;0;28.8;12.6;0.0
55;2021-05-06;1460;1091;0;53715;23965;0;29.6;13.2;0.0
55;2021-05-07;1441;569;0;55156;24534;0;30.4;13.5;0.0
55;2021-05-08;165;78;0;55321;24612;0;30.5;13.5;0.0
55;2021-05-09;133;450;0;55454;25062;0;30.5;13.8;0.0
55;2021-05-10;910;928;0;56364;25990;0;31.0;14.3;0.0
55;2021-05-11;1200;1255;0;57564;27245;0;31.7;15.0;0.0
55;2021-05-12;1106;1599;0;58670;28844;0;32.3;15.9;0.0
55;2021-05-13;288;89;0;58958;28933;0;32.5;15.9;0.0
55;2021-05-14;597;570;0;59555;29503;0;32.8;16.2;0.0
55;2021-05-15;416;500;0;59971;30003;0;33.0;16.5;0.0
55;2021-05-16;82;17;0;60053;30020;0;33.1;16.5;0.0
55;2021-05-17;1114;773;0;61167;30793;0;33.7;17.0;0.0
55;2021-05-18;1627;839;0;62794;31632;0;34.6;17.4;0.0
55;2021-05-19;1788;738;0;64582;32370;0;35.6;17.8;0.0
55;2021-05-20;2293;692;0;66875;33062;0;36.8;18.2;0.0
55;2021-05-21;1981;795;0;68856;33857;0;37.9;18.6;0.0
55;2021-05-22;325;198;0;69181;34055;0;38.1;18.7;0.0
55;2021-05-23;58;99;0;69239;34154;0;38.1;18.8;0.0
55;2021-05-24;95;8;0;69334;34162;0;38.2;18.8;0.0
55;2021-05-25;1328;628;0;70662;34790;0;38.9;19.2;0.0
55;2021-05-26;1571;965;0;72233;35755;0;39.8;19.7;0.0
55;2021-05-27;1373;967;0;73606;36722;0;40.5;20.2;0.0
55;2021-05-28;1532;918;0;75138;37640;0;41.4;20.7;0.0
55;2021-05-29;1221;661;0;76359;38301;0;42.0;21.1;0.0
55;2021-05-30;27;197;0;76386;38498;0;42.1;21.2;0.0
55;2021-05-31;1002;1039;0;77388;39537;0;42.6;21.8;0.0
55;2021-06-01;889;889;0;78277;40426;0;43.1;22.3;0.0
55;2021-06-02;1134;953;0;79411;41379;0;43.7;22.8;0.0
55;2021-06-03;821;588;0;80232;41967;0;44.2;23.1;0.0
55;2021-06-04;1381;1076;0;81613;43043;0;44.9;23.7;0.0
55;2021-06-05;1242;302;0;82855;43345;0;45.6;23.9;0.0
55;2021-06-06;15;7;0;82870;43352;0;45.6;23.9;0.0
55;2021-06-07;832;704;0;83702;44056;0;46.1;24.3;0.0
55;2021-06-08;802;1046;0;84504;45102;0;46.5;24.8;0.0
55;2021-06-09;942;818;0;85446;45920;0;47.0;25.3;0.0
55;2021-06-10;548;372;0;85994;46292;0;47.3;25.5;0.0
55;2021-06-11;633;1268;0;86627;47560;0;47.7;26.2;0.0
55;2021-06-12;772;534;0;87399;48094;0;48.1;26.5;0.0
55;2021-06-13;260;42;0;87659;48136;0;48.3;26.5;0.0
55;2021-06-14;433;1315;0;88092;49451;0;48.5;27.2;0.0
55;2021-06-15;611;1327;0;88703;50778;0;48.8;28.0;0.0
55;2021-06-16;787;970;0;89490;51748;0;49.3;28.5;0.0
55;2021-06-17;492;960;0;89982;52708;0;49.5;29.0;0.0
55;2021-06-18;697;1557;0;90679;54265;0;49.9;29.9;0.0
55;2021-06-19;651;504;0;91330;54769;0;50.3;30.2;0.0
55;2021-06-20;16;40;0;91346;54809;0;50.3;30.2;0.0
55;2021-06-21;474;1163;0;91820;55972;0;50.6;30.8;0.0
55;2021-06-22;408;1169;0;92228;57141;0;50.8;31.5;0.0
55;2021-06-23;682;1284;0;92910;58425;0;51.2;32.2;0.0
55;2021-06-24;249;590;0;93159;59015;0;51.3;32.5;0.0
55;2021-06-25;693;1393;0;93852;60408;0;51.7;33.3;0.0
55;2021-06-26;492;479;0;94344;60887;0;51.9;33.5;0.0
55;2021-06-27;7;50;0;94351;60937;0;51.9;33.5;0.0
55;2021-06-28;203;1460;0;94554;62397;0;52.1;34.4;0.0
55;2021-06-29;256;1377;0;94810;63774;0;52.2;35.1;0.0
55;2021-06-30;326;2006;0;95136;65780;0;52.4;36.2;0.0
55;2021-07-01;445;2033;0;95581;67813;0;52.6;37.3;0.0
55;2021-07-02;454;1804;0;96035;69617;0;52.9;38.3;0.0
55;2021-07-03;209;362;0;96244;69979;0;53.0;38.5;0.0
55;2021-07-04;38;56;0;96282;70035;0;53.0;38.6;0.0
55;2021-07-05;256;1551;0;96538;71586;0;53.1;39.4;0.0
55;2021-07-06;377;1043;0;96915;72629;0;53.4;40.0;0.0
55;2021-07-07;419;1837;0;97334;74466;0;53.6;41.0;0.0
55;2021-07-08;630;1633;0;97964;76099;0;53.9;41.9;0.0
55;2021-07-09;551;1587;0;98515;77686;0;54.2;42.8;0.0
55;2021-07-10;399;1066;0;98914;78752;0;54.5;43.4;0.0
55;2021-07-11;6;25;0;98920;78777;0;54.5;43.4;0.0
55;2021-07-12;633;1242;0;99553;80019;0;54.8;44.1;0.0
55;2021-07-13;718;1507;0;100271;81526;0;55.2;44.9;0.0
55;2021-07-14;91;75;0;100362;81601;0;55.3;44.9;0.0
55;2021-07-15;865;1706;0;101227;83307;0;55.7;45.9;0.0
55;2021-07-16;1262;1817;0;102489;85124;0;56.4;46.9;0.0
55;2021-07-17;1315;923;0;103804;86047;0;57.1;47.4;0.0
55;2021-07-18;39;37;0;103843;86084;0;57.2;47.4;0.0
55;2021-07-19;653;925;0;104496;87009;0;57.5;47.9;0.0
55;2021-07-20;1064;1152;0;105560;88161;0;58.1;48.5;0.0
55;2021-07-21;1478;1408;0;107038;89569;0;58.9;49.3;0.0
55;2021-07-22;1288;772;0;108326;90341;0;59.6;49.7;0.0
55;2021-07-23;1262;1496;0;109588;91837;0;60.3;50.6;0.0
55;2021-07-24;860;828;0;110448;92665;0;60.8;51.0;0.0
55;2021-07-25;131;233;0;110579;92898;0;60.9;51.1;0.0
55;2021-07-26;760;587;0;111339;93485;0;61.3;51.5;0.0
55;2021-07-27;1259;618;0;112598;94103;0;62.0;51.8;0.0
55;2021-07-28;1230;1154;0;113828;95257;0;62.7;52.4;0.0
55;2021-07-29;920;596;0;114748;95853;0;63.2;52.8;0.0
55;2021-07-30;1420;1092;0;116168;96945;0;64.0;53.4;0.0
55;2021-07-31;873;707;0;117041;97652;0;64.4;53.8;0.0
55;2021-08-01;57;16;0;117098;97668;0;64.5;53.8;0.0
55;2021-08-02;755;536;0;117853;98204;0;64.9;54.1;0.0
55;2021-08-03;833;529;0;118686;98733;0;65.3;54.4;0.0
55;2021-08-04;1403;953;0;120089;99686;0;66.1;54.9;0.0
55;2021-08-05;1179;403;0;121268;100089;0;66.8;55.1;0.0
55;2021-08-06;1043;1162;0;122311;101251;0;67.3;55.7;0.0
55;2021-08-07;697;446;0;123008;101697;0;67.7;56.0;0.0
55;2021-08-08;63;16;0;123071;101713;0;67.8;56.0;0.0
55;2021-08-09;499;464;0;123570;102177;0;68.0;56.3;0.0
55;2021-08-10;536;836;0;124106;103013;0;68.3;56.7;0.0
55;2021-08-11;726;725;0;124832;103738;0;68.7;57.1;0.0
55;2021-08-12;500;624;0;125332;104362;0;69.0;57.5;0.0
55;2021-08-13;553;1210;0;125885;105572;0;69.3;58.1;0.0
55;2021-08-14;254;344;0;126139;105916;0;69.4;58.3;0.0
55;2021-08-15;39;26;0;126178;105942;0;69.5;58.3;0.0
55;2021-08-16;325;817;0;126503;106759;0;69.6;58.8;0.0
55;2021-08-17;355;450;0;126858;107209;0;69.8;59.0;0.0
55;2021-08-18;569;1322;0;127427;108531;0;70.2;59.8;0.0
55;2021-08-19;527;1039;0;127954;109570;0;70.4;60.3;0.0
55;2021-08-20;618;1171;0;128572;110741;0;70.8;61.0;0.0
55;2021-08-21;344;804;0;128916;111545;0;71.0;61.4;0.0
55;2021-08-22;18;41;0;128934;111586;0;71.0;61.4;0.0
55;2021-08-23;332;728;0;129266;112314;0;71.2;61.8;0.0
55;2021-08-24;335;891;0;129601;113205;0;71.4;62.3;0.0
55;2021-08-25;705;1253;0;130306;114458;0;71.7;63.0;0.0
55;2021-08-26;450;1335;0;130756;115793;0;72.0;63.7;0.0
55;2021-08-27;352;1476;0;131108;117269;0;72.2;64.6;0.0
55;2021-08-28;374;739;0;131482;118008;0;72.4;65.0;0.0
55;2021-08-29;191;57;0;131673;118065;0;72.5;65.0;0.0
55;2021-08-30;142;799;9;131815;118864;9;72.6;65.4;0.0
55;2021-08-31;306;941;24;132121;119805;33;72.7;66.0;0.0
55;2021-09-01;546;1339;62;132667;121144;95;73.0;66.7;0.1
55;2021-09-02;246;999;82;132913;122143;177;73.2;67.2;0.1
55;2021-09-03;399;1144;208;133312;123287;385;73.4;67.9;0.2
55;2021-09-04;299;721;22;133611;124008;407;73.6;68.3;0.2
55;2021-09-05;17;89;1;133628;124097;408;73.6;68.3;0.2
55;2021-09-06;78;223;9;133706;124320;417;73.6;68.4;0.2
55;2021-09-07;265;471;188;133971;124791;605;73.8;68.7;0.3
55;2021-09-08;224;378;64;134195;125169;669;73.9;68.9;0.4
55;2021-09-09;218;623;70;134413;125792;739;74.0;69.3;0.4
55;2021-09-10;209;543;139;134622;126335;878;74.1;69.6;0.5
55;2021-09-11;134;399;42;134756;126734;920;74.2;69.8;0.5
55;2021-09-12;3;10;0;134759;126744;920;74.2;69.8;0.5
55;2021-09-13;119;356;122;134878;127100;1042;74.3;70.0;0.6
55;2021-09-14;293;225;126;135171;127325;1168;74.4;70.1;0.6
55;2021-09-15;285;703;228;135456;128028;1396;74.6;70.5;0.8
55;2021-09-16;116;222;117;135572;128250;1513;74.6;70.6;0.8
55;2021-09-17;118;195;127;135690;128445;1640;74.7;70.7;0.9
55;2021-09-18;143;428;79;135833;128873;1719;74.8;70.9;0.9
55;2021-09-19;4;12;3;135837;128885;1722;74.8;71.0;0.9
55;2021-09-20;72;166;34;135909;129051;1756;74.8;71.0;1.0
55;2021-09-21;119;283;232;136028;129334;1988;74.9;71.2;1.1
55;2021-09-22;122;378;102;136150;129712;2090;75.0;71.4;1.2
55;2021-09-23;101;373;272;136251;130085;2362;75.0;71.6;1.3
55;2021-09-24;100;340;202;136351;130425;2564;75.1;71.8;1.4
55;2021-09-25;67;201;54;136418;130626;2618;75.1;71.9;1.4
55;2021-09-26;1;1;0;136419;130627;2618;75.1;71.9;1.4
55;2021-09-27;51;136;132;136470;130763;2750;75.1;72.0;1.5
55;2021-09-28;65;95;105;136535;130858;2855;75.2;72.0;1.6
55;2021-09-29;154;792;199;136689;131650;3054;75.3;72.5;1.7
55;2021-09-30;71;312;174;136760;131962;3228;75.3;72.6;1.8
55;2021-10-01;74;222;154;136834;132184;3382;75.3;72.8;1.9
55;2021-10-02;116;389;82;136950;132573;3464;75.4;73.0;1.9
55;2021-10-03;3;3;0;136953;132576;3464;75.4;73.0;1.9
55;2021-10-04;110;255;255;137063;132831;3719;75.5;73.1;2.0
55;2021-10-05;75;194;186;137138;133025;3905;75.5;73.2;2.1
55;2021-10-06;105;329;175;137243;133354;4080;75.6;73.4;2.2
55;2021-10-07;67;93;184;137310;133447;4264;75.6;73.5;2.3
55;2021-10-08;80;145;126;137390;133592;4390;75.6;73.5;2.4
55;2021-10-09;88;226;118;137478;133818;4508;75.7;73.7;2.5
55;2021-10-10;18;161;20;137496;133979;4528;75.7;73.8;2.5
55;2021-10-11;72;115;134;137568;134094;4662;75.7;73.8;2.6
55;2021-10-12;87;322;257;137655;134416;4919;75.8;74.0;2.7
55;2021-10-13;109;137;281;137764;134553;5200;75.8;74.1;2.9
55;2021-10-14;38;76;118;137802;134629;5318;75.9;74.1;2.9
55;2021-10-15;72;141;150;137874;134770;5468;75.9;74.2;3.0
55;2021-10-16;63;94;95;137937;134864;5563;75.9;74.2;3.1
55;2021-10-17;10;18;11;137947;134882;5574;75.9;74.3;3.1
55;2021-10-18;73;102;277;138020;134984;5851;76.0;74.3;3.2
55;2021-10-19;48;70;197;138068;135054;6048;76.0;74.4;3.3
55;2021-10-20;53;144;307;138121;135198;6355;76.0;74.4;3.5
55;2021-10-21;40;123;199;138161;135321;6554;76.1;74.5;3.6
55;2021-10-22;58;74;187;138219;135395;6741;76.1;74.5;3.7
55;2021-10-23;89;180;333;138308;135575;7074;76.1;74.6;3.9
55;2021-10-24;1;4;5;138309;135579;7079;76.1;74.6;3.9
55;2021-10-25;82;107;337;138391;135686;7416;76.2;74.7;4.1
55;2021-10-26;39;47;172;138430;135733;7588;76.2;74.7;4.2
55;2021-10-27;74;138;293;138504;135871;7881;76.3;74.8;4.3
55;2021-10-28;41;33;222;138545;135904;8103;76.3;74.8;4.5
55;2021-10-29;66;79;313;138611;135983;8416;76.3;74.9;4.6
55;2021-10-30;18;52;83;138629;136035;8499;76.3;74.9;4.7
55;2021-10-31;0;3;2;138629;136038;8501;76.3;74.9;4.7
55;2021-11-01;4;4;1;138633;136042;8502;76.3;74.9;4.7
55;2021-11-02;27;35;108;138660;136077;8610;76.3;74.9;4.7
55;2021-11-03;42;80;287;138702;136157;8897;76.4;75.0;4.9
55;2021-11-04;110;109;865;138812;136266;9762;76.4;75.0;5.4
55;2021-11-05;19;75;206;138831;136341;9968;76.4;75.1;5.5
55;2021-11-06;85;111;422;138916;136452;10390;76.5;75.1;5.7
55;2021-11-07;5;6;31;138921;136458;10421;76.5;75.1;5.7
55;2021-11-08;70;114;619;138991;136572;11040;76.5;75.2;6.1
55;2021-11-09;28;62;455;139019;136634;11495;76.5;75.2;6.3
55;2021-11-10;61;83;774;139080;136717;12269;76.6;75.3;6.8
55;2021-11-11;2;1;24;139082;136718;12293;76.6;75.3;6.8
55;2021-11-12;40;65;403;139122;136783;12696;76.6;75.3;7.0
55;2021-11-13;35;40;136;139157;136823;12832;76.6;75.3;7.1
55;2021-11-14;4;1;16;139161;136824;12848;76.6;75.3;7.1
55;2021-11-15;58;120;866;139219;136944;13714;76.6;75.4;7.6
55;2021-11-16;34;57;515;139253;137001;14229;76.7;75.4;7.8
55;2021-11-17;76;63;782;139329;137064;15011;76.7;75.5;8.3
55;2021-11-18;51;77;563;139380;137141;15574;76.7;75.5;8.6
55;2021-11-19;58;70;615;139438;137211;16189;76.8;75.5;8.9
55;2021-11-20;66;79;638;139504;137290;16827;76.8;75.6;9.3
55;2021-11-21;3;0;3;139507;137290;16830;76.8;75.6;9.3
55;2021-11-22;46;40;959;139553;137330;17789;76.8;75.6;9.8
55;2021-11-23;57;41;922;139610;137371;18711;76.9;75.6;10.3
55;2021-11-24;60;66;904;139670;137437;19615;76.9;75.7;10.8
55;2021-11-25;47;47;557;139717;137484;20172;76.9;75.7;11.1
55;2021-11-26;88;70;1277;139805;137554;21449;77.0;75.7;11.8
55;2021-11-27;61;66;828;139866;137620;22277;77.0;75.8;12.3
55;2021-11-28;4;7;87;139870;137627;22364;77.0;75.8;12.3
55;2021-11-29;58;117;1104;139928;137744;23468;77.0;75.8;12.9
55;2021-11-30;51;35;1010;139979;137779;24478;77.1;75.9;13.5
55;2021-12-01;54;108;1525;140033;137887;26003;77.1;75.9;14.3
55;2021-12-02;51;30;2030;140084;137917;28033;77.1;75.9;15.4
55;2021-12-03;89;66;1926;140173;137983;29959;77.2;76.0;16.5
55;2021-12-04;75;53;822;140248;138036;30781;77.2;76.0;16.9
55;2021-12-05;8;5;301;140256;138041;31082;77.2;76.0;17.1
55;2021-12-06;38;75;1834;140294;138116;32916;77.2;76.0;18.1
55;2021-12-07;46;37;1524;140340;138153;34440;77.3;76.1;19.0
55;2021-12-08;98;62;2201;140438;138215;36641;77.3;76.1;20.2
55;2021-12-09;66;29;1753;140504;138244;38394;77.4;76.1;21.1
55;2021-12-10;69;58;2116;140573;138302;40510;77.4;76.1;22.3
55;2021-12-11;72;97;2311;140645;138399;42821;77.4;76.2;23.6
55;2021-12-12;8;5;94;140653;138404;42915;77.4;76.2;23.6
55;2021-12-13;53;48;1331;140706;138452;44246;77.5;76.2;24.4
55;2021-12-14;65;63;2339;140771;138515;46585;77.5;76.3;25.6
55;2021-12-15;73;62;1735;140844;138577;48320;77.5;76.3;26.6
56;2020-12-27;0;0;0;0;0;0;0.0;0.0;0.0
56;2020-12-28;1;0;0;1;0;0;0.0;0.0;0.0
56;2020-12-29;0;0;0;1;0;0;0.0;0.0;0.0
56;2020-12-30;0;0;0;1;0;0;0.0;0.0;0.0
56;2020-12-31;0;0;0;1;0;0;0.0;0.0;0.0
56;2021-01-01;1;0;0;2;0;0;0.0;0.0;0.0
56;2021-01-02;1;0;0;3;0;0;0.0;0.0;0.0
56;2021-01-03;0;0;0;3;0;0;0.0;0.0;0.0
56;2021-01-04;1;0;0;4;0;0;0.0;0.0;0.0
56;2021-01-05;3;0;0;7;0;0;0.0;0.0;0.0
56;2021-01-06;10;0;0;17;0;0;0.0;0.0;0.0
56;2021-01-07;185;0;0;202;0;0;0.0;0.0;0.0
56;2021-01-08;149;1;0;351;1;0;0.0;0.0;0.0
56;2021-01-09;2;0;0;353;1;0;0.0;0.0;0.0
56;2021-01-10;2;0;0;355;1;0;0.0;0.0;0.0
56;2021-01-11;255;0;0;610;1;0;0.1;0.0;0.0
56;2021-01-12;739;15;0;1349;16;0;0.2;0.0;0.0
56;2021-01-13;657;1;0;2006;17;0;0.3;0.0;0.0
56;2021-01-14;961;19;0;2967;36;0;0.4;0.0;0.0
56;2021-01-15;810;6;0;3777;42;0;0.5;0.0;0.0
56;2021-01-16;231;4;0;4008;46;0;0.5;0.0;0.0
56;2021-01-17;28;0;0;4036;46;0;0.5;0.0;0.0
56;2021-01-18;955;2;0;4991;48;0;0.7;0.0;0.0
56;2021-01-19;860;23;0;5851;71;0;0.8;0.0;0.0
56;2021-01-20;905;1;0;6756;72;0;0.9;0.0;0.0
56;2021-01-21;1448;18;0;8204;90;0;1.1;0.0;0.0
56;2021-01-22;1228;4;0;9432;94;0;1.2;0.0;0.0
56;2021-01-23;306;4;0;9738;98;0;1.3;0.0;0.0
56;2021-01-24;7;1;0;9745;99;0;1.3;0.0;0.0
56;2021-01-25;795;5;0;10540;104;0;1.4;0.0;0.0
56;2021-01-26;1001;8;0;11541;112;0;1.5;0.0;0.0
56;2021-01-27;1037;65;0;12578;177;0;1.7;0.0;0.0
56;2021-01-28;1031;110;0;13609;287;0;1.8;0.0;0.0
56;2021-01-29;853;111;0;14462;398;0;1.9;0.1;0.0
56;2021-01-30;145;18;0;14607;416;0;1.9;0.1;0.0
56;2021-01-31;5;3;0;14612;419;0;1.9;0.1;0.0
56;2021-02-01;480;149;0;15092;568;0;2.0;0.1;0.0
56;2021-02-02;844;237;0;15936;805;0;2.1;0.1;0.0
56;2021-02-03;901;250;0;16837;1055;0;2.2;0.1;0.0
56;2021-02-04;4358;379;0;21195;1434;0;2.8;0.2;0.0
56;2021-02-05;3388;465;0;24583;1899;0;3.3;0.3;0.0
56;2021-02-06;524;173;0;25107;2072;0;3.3;0.3;0.0
56;2021-02-07;125;23;0;25232;2095;0;3.3;0.3;0.0
56;2021-02-08;303;308;0;25535;2403;0;3.4;0.3;0.0
56;2021-02-09;772;476;0;26307;2879;0;3.5;0.4;0.0
56;2021-02-10;853;742;0;27160;3621;0;3.6;0.5;0.0
56;2021-02-11;987;1109;0;28147;4730;0;3.7;0.6;0.0
56;2021-02-12;1119;642;0;29266;5372;0;3.9;0.7;0.0
56;2021-02-13;215;125;0;29481;5497;0;3.9;0.7;0.0
56;2021-02-14;6;44;0;29487;5541;0;3.9;0.7;0.0
56;2021-02-15;617;1012;0;30104;6553;0;4.0;0.9;0.0
56;2021-02-16;1189;684;0;31293;7237;0;4.1;1.0;0.0
56;2021-02-17;1136;914;0;32429;8151;0;4.3;1.1;0.0
56;2021-02-18;1368;923;0;33797;9074;0;4.5;1.2;0.0
56;2021-02-19;1392;924;0;35189;9998;0;4.7;1.3;0.0
56;2021-02-20;359;261;0;35548;10259;0;4.7;1.4;0.0
56;2021-02-21;2;2;0;35550;10261;0;4.7;1.4;0.0
56;2021-02-22;395;684;0;35945;10945;0;4.8;1.4;0.0
56;2021-02-23;699;862;0;36644;11807;0;4.8;1.6;0.0
56;2021-02-24;933;1093;0;37577;12900;0;5.0;1.7;0.0
56;2021-02-25;2087;4019;0;39664;16919;0;5.2;2.2;0.0
56;2021-02-26;2291;2100;0;41955;19019;0;5.6;2.5;0.0
56;2021-02-27;731;454;0;42686;19473;0;5.6;2.6;0.0
56;2021-02-28;17;111;0;42703;19584;0;5.7;2.6;0.0
56;2021-03-01;723;550;0;43426;20134;0;5.7;2.7;0.0
56;2021-03-02;1011;786;0;44437;20920;0;5.9;2.8;0.0
56;2021-03-03;1163;896;0;45600;21816;0;6.0;2.9;0.0
56;2021-03-04;1980;999;0;47580;22815;0;6.3;3.0;0.0
56;2021-03-05;2570;1415;0;50150;24230;0;6.6;3.2;0.0
56;2021-03-06;1216;221;0;51366;24451;0;6.8;3.2;0.0
56;2021-03-07;283;27;0;51649;24478;0;6.8;3.2;0.0
56;2021-03-08;1151;418;0;52800;24896;0;7.0;3.3;0.0
56;2021-03-09;2052;640;0;54852;25536;0;7.3;3.4;0.0
56;2021-03-10;1994;922;0;56846;26458;0;7.5;3.5;0.0
56;2021-03-11;3262;768;0;60108;27226;0;8.0;3.6;0.0
56;2021-03-12;4193;807;0;64301;28033;0;8.5;3.7;0.0
56;2021-03-13;1906;162;0;66207;28195;0;8.8;3.7;0.0
56;2021-03-14;182;6;0;66389;28201;0;8.8;3.7;0.0
56;2021-03-15;1374;541;0;67763;28742;0;9.0;3.8;0.0
56;2021-03-16;1084;1047;0;68847;29789;0;9.1;3.9;0.0
56;2021-03-17;1337;782;0;70184;30571;0;9.3;4.0;0.0
56;2021-03-18;1980;1796;0;72164;32367;0;9.6;4.3;0.0
56;2021-03-19;2927;1372;0;75091;33739;0;9.9;4.5;0.0
56;2021-03-20;1460;198;0;76551;33937;0;10.1;4.5;0.0
56;2021-03-21;185;21;0;76736;33958;0;10.2;4.5;0.0
56;2021-03-22;1596;385;0;78332;34343;0;10.4;4.5;0.0
56;2021-03-23;2770;697;0;81102;35040;0;10.7;4.6;0.0
56;2021-03-24;3389;554;0;84491;35594;0;11.2;4.7;0.0
56;2021-03-25;4208;742;0;88699;36336;0;11.7;4.8;0.0
56;2021-03-26;5084;802;0;93783;37138;0;12.4;4.9;0.0
56;2021-03-27;1488;286;0;95271;37424;0;12.6;5.0;0.0
56;2021-03-28;215;11;0;95486;37435;0;12.6;5.0;0.0
56;2021-03-29;2200;556;0;97686;37991;0;12.9;5.0;0.0
56;2021-03-30;3439;826;0;101125;38817;0;13.4;5.1;0.0
56;2021-03-31;3066;738;0;104191;39555;0;13.8;5.2;0.0
56;2021-04-01;4155;845;0;108346;40400;0;14.3;5.3;0.0
56;2021-04-02;3920;1015;0;112266;41415;0;14.9;5.5;0.0
56;2021-04-03;1152;277;0;113418;41692;0;15.0;5.5;0.0
56;2021-04-04;219;10;0;113637;41702;0;15.0;5.5;0.0
56;2021-04-05;212;13;0;113849;41715;0;15.1;5.5;0.0
56;2021-04-06;2719;1222;0;116568;42937;0;15.4;5.7;0.0
56;2021-04-07;3923;1170;0;120491;44107;0;15.9;5.8;0.0
56;2021-04-08;5276;1194;0;125767;45301;0;16.6;6.0;0.0
56;2021-04-09;7149;1259;0;132916;46560;0;17.6;6.2;0.0
56;2021-04-10;2458;396;0;135374;46956;0;17.9;6.2;0.0
56;2021-04-11;189;104;0;135563;47060;0;17.9;6.2;0.0
56;2021-04-12;3765;870;0;139328;47930;0;18.4;6.3;0.0
56;2021-04-13;5704;1246;0;145032;49176;0;19.2;6.5;0.0
56;2021-04-14;4989;1437;0;150021;50613;0;19.9;6.7;0.0
56;2021-04-15;6832;1729;0;156853;52342;0;20.8;6.9;0.0
56;2021-04-16;7678;1955;0;164531;54297;0;21.8;7.2;0.0
56;2021-04-17;2957;625;0;167488;54922;0;22.2;7.3;0.0
56;2021-04-18;507;105;0;167995;55027;0;22.2;7.3;0.0
56;2021-04-19;3596;1243;0;171591;56270;0;22.7;7.4;0.0
56;2021-04-20;3953;1916;0;175544;58186;0;23.2;7.7;0.0
56;2021-04-21;3929;2322;0;179473;60508;0;23.8;8.0;0.0
56;2021-04-22;5047;1936;0;184520;62444;0;24.4;8.3;0.0
56;2021-04-23;5103;2486;0;189623;64930;0;25.1;8.6;0.0
56;2021-04-24;2805;633;0;192428;65563;0;25.5;8.7;0.0
56;2021-04-25;457;144;0;192885;65707;0;25.5;8.7;0.0
56;2021-04-26;4432;1661;0;197317;67368;0;26.1;8.9;0.0
56;2021-04-27;4892;2477;0;202209;69845;0;26.8;9.2;0.0
56;2021-04-28;4763;2212;0;206972;72057;0;27.4;9.5;0.0
56;2021-04-29;5684;2953;0;212656;75010;0;28.1;9.9;0.0
56;2021-04-30;6084;2704;0;218740;77714;0;29.0;10.3;0.0
56;2021-05-01;2301;339;0;221041;78053;0;29.3;10.3;0.0
56;2021-05-02;258;250;0;221299;78303;0;29.3;10.4;0.0
56;2021-05-03;3709;2010;0;225008;80313;0;29.8;10.6;0.0
56;2021-05-04;4233;3740;0;229241;84053;0;30.3;11.1;0.0
56;2021-05-05;3444;3785;0;232685;87838;0;30.8;11.6;0.0
56;2021-05-06;4313;5296;0;236998;93134;0;31.4;12.3;0.0
56;2021-05-07;4210;4871;0;241208;98005;0;31.9;13.0;0.0
56;2021-05-08;1563;306;0;242771;98311;0;32.1;13.0;0.0
56;2021-05-09;522;229;0;243293;98540;0;32.2;13.0;0.0
56;2021-05-10;3596;3797;0;246889;102337;0;32.7;13.5;0.0
56;2021-05-11;4092;4904;0;250981;107241;0;33.2;14.2;0.0
56;2021-05-12;4197;4548;0;255178;111789;0;33.8;14.8;0.0
56;2021-05-13;2411;960;0;257589;112749;0;34.1;14.9;0.0
56;2021-05-14;4139;4191;0;261728;116940;0;34.6;15.5;0.0
56;2021-05-15;2472;1746;0;264200;118686;0;35.0;15.7;0.0
56;2021-05-16;308;466;0;264508;119152;0;35.0;15.8;0.0
56;2021-05-17;2643;3583;0;267151;122735;0;35.4;16.2;0.0
56;2021-05-18;3670;3982;0;270821;126717;0;35.8;16.8;0.0
56;2021-05-19;3707;3266;0;274528;129983;0;36.3;17.2;0.0
56;2021-05-20;4124;4711;0;278652;134694;0;36.9;17.8;0.0
56;2021-05-21;3998;4979;0;282650;139673;0;37.4;18.5;0.0
56;2021-05-22;1720;2074;0;284370;141747;0;37.6;18.8;0.0
56;2021-05-23;339;184;0;284709;141931;0;37.7;18.8;0.0
56;2021-05-24;2325;498;0;287034;142429;0;38.0;18.9;0.0
56;2021-05-25;3367;4313;0;290401;146742;0;38.4;19.4;0.0
56;2021-05-26;3919;3852;0;294320;150594;0;39.0;19.9;0.0
56;2021-05-27;4599;4782;0;298919;155376;0;39.6;20.6;0.0
56;2021-05-28;4761;5760;0;303680;161136;0;40.2;21.3;0.0
56;2021-05-29;1937;1608;0;305617;162744;0;40.4;21.5;0.0
56;2021-05-30;358;74;0;305975;162818;0;40.5;21.5;0.0
56;2021-05-31;4628;3083;0;310603;165901;0;41.1;22.0;0.0
56;2021-06-01;5698;3371;0;316301;169272;0;41.9;22.4;0.0
56;2021-06-02;5733;2938;0;322034;172210;0;42.6;22.8;0.0
56;2021-06-03;6250;3308;0;328284;175518;0;43.4;23.2;0.0
56;2021-06-04;5874;4353;0;334158;179871;0;44.2;23.8;0.0
56;2021-06-05;4280;2346;0;338438;182217;0;44.8;24.1;0.0
56;2021-06-06;728;621;0;339166;182838;0;44.9;24.2;0.0
56;2021-06-07;5042;3229;0;344208;186067;0;45.6;24.6;0.0
56;2021-06-08;6023;3411;0;350231;189478;0;46.4;25.1;0.0
56;2021-06-09;6310;2847;0;356541;192325;0;47.2;25.5;0.0
56;2021-06-10;7363;2985;0;363904;195310;0;48.2;25.8;0.0
56;2021-06-11;6747;3891;0;370651;199201;0;49.1;26.4;0.0
56;2021-06-12;5000;1985;0;375651;201186;0;49.7;26.6;0.0
56;2021-06-13;2048;402;0;377699;201588;0;50.0;26.7;0.0
56;2021-06-14;3401;4560;1;381100;206148;1;50.4;27.3;0.0
56;2021-06-15;4307;4794;0;385407;210942;1;51.0;27.9;0.0
56;2021-06-16;4657;4351;0;390064;215293;1;51.6;28.5;0.0
56;2021-06-17;4444;4655;0;394508;219948;1;52.2;29.1;0.0
56;2021-06-18;4630;5808;0;399138;225756;1;52.8;29.9;0.0
56;2021-06-19;3756;2079;0;402894;227835;1;53.3;30.2;0.0
56;2021-06-20;1646;355;0;404540;228190;1;53.5;30.2;0.0
56;2021-06-21;3345;4484;0;407885;232674;1;54.0;30.8;0.0
56;2021-06-22;3585;5442;0;411470;238116;1;54.5;31.5;0.0
56;2021-06-23;3888;5053;0;415358;243169;1;55.0;32.2;0.0
56;2021-06-24;3614;5255;0;418972;248424;1;55.5;32.9;0.0
56;2021-06-25;3971;6155;0;422943;254579;1;56.0;33.7;0.0
56;2021-06-26;3138;2919;0;426081;257498;1;56.4;34.1;0.0
56;2021-06-27;505;255;0;426586;257753;1;56.5;34.1;0.0
56;2021-06-28;1664;4146;0;428250;261899;1;56.7;34.7;0.0
56;2021-06-29;2455;5803;0;430705;267702;1;57.0;35.4;0.0
56;2021-06-30;2585;5680;0;433290;273382;1;57.3;36.2;0.0
56;2021-07-01;2882;5084;2;436172;278466;3;57.7;36.9;0.0
56;2021-07-02;2695;6229;0;438867;284695;3;58.1;37.7;0.0
56;2021-07-03;2204;2685;0;441071;287380;3;58.4;38.0;0.0
56;2021-07-04;878;825;0;441949;288205;3;58.5;38.1;0.0
56;2021-07-05;1806;5568;0;443755;293773;3;58.7;38.9;0.0
56;2021-07-06;2159;5987;0;445914;299760;3;59.0;39.7;0.0
56;2021-07-07;2728;5681;0;448642;305441;3;59.4;40.4;0.0
56;2021-07-08;3014;6044;1;451656;311485;4;59.8;41.2;0.0
56;2021-07-09;2144;7098;0;453800;318583;4;60.1;42.2;0.0
56;2021-07-10;1199;3050;0;454999;321633;4;60.2;42.6;0.0
56;2021-07-11;380;475;0;455379;322108;4;60.3;42.6;0.0
56;2021-07-12;2039;6817;1;457418;328925;5;60.5;43.5;0.0
56;2021-07-13;2963;7523;0;460381;336448;5;60.9;44.5;0.0
56;2021-07-14;1672;2574;0;462053;339022;5;61.2;44.9;0.0
56;2021-07-15;3535;7005;0;465588;346027;5;61.6;45.8;0.0
56;2021-07-16;3808;7954;0;469396;353981;5;62.1;46.8;0.0
56;2021-07-17;2126;3596;0;471522;357577;5;62.4;47.3;0.0
56;2021-07-18;280;646;0;471802;358223;5;62.4;47.4;0.0
56;2021-07-19;2641;6378;0;474443;364601;5;62.8;48.3;0.0
56;2021-07-20;3339;7877;0;477782;372478;5;63.2;49.3;0.0
56;2021-07-21;2911;7385;0;480693;379863;5;63.6;50.3;0.0
56;2021-07-22;4118;7856;0;484811;387719;5;64.2;51.3;0.0
56;2021-07-23;4177;8242;0;488988;395961;5;64.7;52.4;0.0
56;2021-07-24;1682;4602;0;490670;400563;5;64.9;53.0;0.0
56;2021-07-25;584;1939;0;491254;402502;5;65.0;53.3;0.0
56;2021-07-26;3352;5452;0;494606;407954;5;65.5;54.0;0.0
56;2021-07-27;4823;6064;0;499429;414018;5;66.1;54.8;0.0
56;2021-07-28;4352;5360;0;503781;419378;5;66.7;55.5;0.0
56;2021-07-29;4924;5493;0;508705;424871;5;67.3;56.2;0.0
56;2021-07-30;5075;5665;0;513780;430536;5;68.0;57.0;0.0
56;2021-07-31;2052;2722;0;515832;433258;5;68.3;57.3;0.0
56;2021-08-01;1201;990;0;517033;434248;5;68.4;57.5;0.0
56;2021-08-02;3920;4435;0;520953;438683;5;68.9;58.1;0.0
56;2021-08-03;5417;4672;0;526370;443355;5;69.7;58.7;0.0
56;2021-08-04;5129;3991;0;531499;447346;5;70.3;59.2;0.0
56;2021-08-05;5288;4160;0;536787;451506;5;71.0;59.8;0.0
56;2021-08-06;4979;4378;0;541766;455884;5;71.7;60.3;0.0
56;2021-08-07;2435;2134;0;544201;458018;5;72.0;60.6;0.0
56;2021-08-08;1547;567;0;545748;458585;5;72.2;60.7;0.0
56;2021-08-09;3277;3876;0;549025;462461;5;72.7;61.2;0.0
56;2021-08-10;4240;4120;0;553265;466581;5;73.2;61.8;0.0
56;2021-08-11;3871;3593;0;557136;470174;5;73.7;62.2;0.0
56;2021-08-12;4010;3938;0;561146;474112;5;74.3;62.7;0.0
56;2021-08-13;3656;4056;0;564802;478168;5;74.8;63.3;0.0
56;2021-08-14;1728;2013;0;566530;480181;5;75.0;63.6;0.0
56;2021-08-15;466;480;1;566996;480661;6;75.0;63.6;0.0
56;2021-08-16;2858;4005;0;569854;484666;6;75.4;64.1;0.0
56;2021-08-17;3432;4296;0;573286;488962;6;75.9;64.7;0.0
56;2021-08-18;3383;3958;2;576669;492920;8;76.3;65.2;0.0
56;2021-08-19;2872;4468;0;579541;497388;8;76.7;65.8;0.0
56;2021-08-20;2706;4632;0;582247;502020;8;77.1;66.4;0.0
56;2021-08-21;1216;2180;0;583463;504200;8;77.2;66.7;0.0
56;2021-08-22;261;540;0;583724;504740;8;77.3;66.8;0.0
56;2021-08-23;1882;4524;0;585606;509264;8;77.5;67.4;0.0
56;2021-08-24;1895;4984;0;587501;514248;8;77.8;68.1;0.0
56;2021-08-25;1670;4622;0;589171;518870;8;78.0;68.7;0.0
56;2021-08-26;1412;4929;0;590583;523799;8;78.2;69.3;0.0
56;2021-08-27;1732;5417;0;592315;529216;8;78.4;70.0;0.0
56;2021-08-28;655;2682;0;592970;531898;8;78.5;70.4;0.0
56;2021-08-29;145;505;0;593115;532403;8;78.5;70.5;0.0
56;2021-08-30;1361;4387;122;594476;536790;130;78.7;71.0;0.0
56;2021-08-31;1471;4403;140;595947;541193;270;78.9;71.6;0.0
56;2021-09-01;1363;3725;241;597310;544918;511;79.1;72.1;0.1
56;2021-09-02;1096;3600;315;598406;548518;826;79.2;72.6;0.1
56;2021-09-03;1116;4055;351;599522;552573;1177;79.3;73.1;0.2
56;2021-09-04;791;2341;98;600313;554914;1275;79.5;73.4;0.2
56;2021-09-05;160;461;15;600473;555375;1290;79.5;73.5;0.2
56;2021-09-06;851;3001;465;601324;558376;1755;79.6;73.9;0.2
56;2021-09-07;800;2897;473;602124;561273;2228;79.7;74.3;0.3
56;2021-09-08;977;3169;227;603101;564442;2455;79.8;74.7;0.3
56;2021-09-09;811;2612;375;603912;567054;2830;79.9;75.1;0.4
56;2021-09-10;914;3091;365;604826;570145;3195;80.0;75.5;0.4
56;2021-09-11;503;2052;96;605329;572197;3291;80.1;75.7;0.4
56;2021-09-12;72;309;8;605401;572506;3299;80.1;75.8;0.4
56;2021-09-13;756;2113;572;606157;574619;3871;80.2;76.1;0.5
56;2021-09-14;715;1926;1019;606872;576545;4890;80.3;76.3;0.6
56;2021-09-15;723;2565;548;607595;579110;5438;80.4;76.6;0.7
56;2021-09-16;704;1629;1004;608299;580739;6442;80.5;76.9;0.9
56;2021-09-17;774;2167;738;609073;582906;7180;80.6;77.1;1.0
56;2021-09-18;313;1812;168;609386;584718;7348;80.7;77.4;1.0
56;2021-09-19;73;280;17;609459;584998;7365;80.7;77.4;1.0
56;2021-09-20;454;1335;807;609913;586333;8172;80.7;77.6;1.1
56;2021-09-21;483;1203;914;610396;587536;9086;80.8;77.8;1.2
56;2021-09-22;470;1797;587;610866;589333;9673;80.8;78.0;1.3
56;2021-09-23;500;1038;1128;611366;590371;10801;80.9;78.1;1.4
56;2021-09-24;570;1639;978;611936;592010;11779;81.0;78.4;1.6
56;2021-09-25;290;1165;216;612226;593175;11995;81.0;78.5;1.6
56;2021-09-26;19;118;19;612245;593293;12014;81.0;78.5;1.6
56;2021-09-27;439;1000;785;612684;594293;12799;81.1;78.7;1.7
56;2021-09-28;442;938;884;613126;595231;13683;81.1;78.8;1.8
56;2021-09-29;412;1190;644;613538;596421;14327;81.2;78.9;1.9
56;2021-09-30;338;622;859;613876;597043;15186;81.2;79.0;2.0
56;2021-10-01;521;1193;1248;614397;598236;16434;81.3;79.2;2.2
56;2021-10-02;209;485;202;614606;598721;16636;81.3;79.2;2.2
56;2021-10-03;5;68;9;614611;598789;16645;81.3;79.3;2.2
56;2021-10-04;311;769;792;614922;599558;17437;81.4;79.4;2.3
56;2021-10-05;256;651;761;615178;600209;18198;81.4;79.4;2.4
56;2021-10-06;406;955;625;615584;601164;18823;81.5;79.6;2.5
56;2021-10-07;300;864;1151;615884;602028;19974;81.5;79.7;2.6
56;2021-10-08;441;933;953;616325;602961;20927;81.6;79.8;2.8
56;2021-10-09;156;395;235;616481;603356;21162;81.6;79.9;2.8
56;2021-10-10;8;58;9;616489;603414;21171;81.6;79.9;2.8
56;2021-10-11;269;628;625;616758;604042;21796;81.6;79.9;2.9
56;2021-10-12;297;648;901;617055;604690;22697;81.7;80.0;3.0
56;2021-10-13;252;435;446;617307;605125;23143;81.7;80.1;3.1
56;2021-10-14;281;670;944;617588;605795;24087;81.7;80.2;3.2
56;2021-10-15;494;867;1405;618082;606662;25492;81.8;80.3;3.4
56;2021-10-16;164;234;249;618246;606896;25741;81.8;80.3;3.4
56;2021-10-17;7;26;18;618253;606922;25759;81.8;80.3;3.4
56;2021-10-18;326;523;932;618579;607445;26691;81.9;80.4;3.5
56;2021-10-19;217;504;921;618796;607949;27612;81.9;80.5;3.7
56;2021-10-20;153;251;571;618949;608200;28183;81.9;80.5;3.7
56;2021-10-21;255;426;1227;619204;608626;29410;82.0;80.6;3.9
56;2021-10-22;300;729;1403;619504;609355;30813;82.0;80.6;4.1
56;2021-10-23;123;217;197;619627;609572;31010;82.0;80.7;4.1
56;2021-10-24;1;15;2;619628;609587;31012;82.0;80.7;4.1
56;2021-10-25;221;304;965;619849;609891;31977;82.0;80.7;4.2
56;2021-10-26;192;361;1074;620041;610252;33051;82.1;80.8;4.4
56;2021-10-27;192;334;1036;620233;610586;34087;82.1;80.8;4.5
56;2021-10-28;194;279;1089;620427;610865;35176;82.1;80.8;4.7
56;2021-10-29;323;505;1641;620750;611370;36817;82.2;80.9;4.9
56;2021-10-30;82;135;311;620832;611505;37128;82.2;80.9;4.9
56;2021-10-31;5;12;5;620837;611517;37133;82.2;80.9;4.9
56;2021-11-01;11;14;3;620848;611531;37136;82.2;80.9;4.9
56;2021-11-02;326;446;1337;621174;611977;38473;82.2;81.0;5.1
56;2021-11-03;171;178;1012;621345;612155;39485;82.2;81.0;5.2
56;2021-11-04;320;408;1822;621665;612563;41307;82.3;81.1;5.5
56;2021-11-05;231;437;1725;621896;613000;43032;82.3;81.1;5.7
56;2021-11-06;77;116;467;621973;613116;43499;82.3;81.1;5.8
56;2021-11-07;1;6;15;621974;613122;43514;82.3;81.1;5.8
56;2021-11-08;237;369;2189;622211;613491;45703;82.4;81.2;6.0
56;2021-11-09;221;279;2055;622432;613770;47758;82.4;81.2;6.3
56;2021-11-10;191;280;1923;622623;614050;49681;82.4;81.3;6.6
56;2021-11-11;6;14;63;622629;614064;49744;82.4;81.3;6.6
56;2021-11-12;295;502;3051;622924;614566;52795;82.4;81.3;7.0
56;2021-11-13;105;127;979;623029;614693;53774;82.5;81.4;7.1
56;2021-11-14;3;2;8;623032;614695;53782;82.5;81.4;7.1
56;2021-11-15;168;241;2395;623200;614936;56177;82.5;81.4;7.4
56;2021-11-16;174;220;2581;623374;615156;58758;82.5;81.4;7.8
56;2021-11-17;194;250;2317;623568;615406;61075;82.5;81.4;8.1
56;2021-11-18;229;216;3115;623797;615622;64190;82.6;81.5;8.5
56;2021-11-19;358;427;5310;624155;616049;69500;82.6;81.5;9.2
56;2021-11-20;128;122;922;624283;616171;70422;82.6;81.6;9.3
56;2021-11-21;8;8;8;624291;616179;70430;82.6;81.6;9.3
56;2021-11-22;249;149;3457;624540;616328;73887;82.7;81.6;9.8
56;2021-11-23;169;197;3392;624709;616525;77279;82.7;81.6;10.2
56;2021-11-24;210;214;3014;624919;616739;80293;82.7;81.6;10.6
56;2021-11-25;248;232;4819;625167;616971;85112;82.7;81.7;11.3
56;2021-11-26;386;397;6254;625553;617368;91366;82.8;81.7;12.1
56;2021-11-27;103;102;1468;625656;617470;92834;82.8;81.7;12.3
56;2021-11-28;14;14;74;625670;617484;92908;82.8;81.7;12.3
56;2021-11-29;271;223;4681;625941;617707;97589;82.8;81.8;12.9
56;2021-11-30;220;250;6270;626161;617957;103859;82.9;81.8;13.7
56;2021-12-01;273;223;6260;626434;618180;110119;82.9;81.8;14.6
56;2021-12-02;160;138;6835;626594;618318;116954;82.9;81.8;15.5
56;2021-12-03;246;303;8579;626840;618621;125533;83.0;81.9;16.6
56;2021-12-04;176;144;3692;627016;618765;129225;83.0;81.9;17.1
56;2021-12-05;7;15;429;627023;618780;129654;83.0;81.9;17.2
56;2021-12-06;185;198;6410;627208;618978;136064;83.0;81.9;18.0
56;2021-12-07;211;267;8842;627419;619245;144906;83.0;82.0;19.2
56;2021-12-08;255;248;7450;627674;619493;152356;83.1;82.0;20.2
56;2021-12-09;239;260;9736;627913;619753;162092;83.1;82.0;21.5
56;2021-12-10;297;379;10484;628210;620132;172576;83.1;82.1;22.8
56;2021-12-11;171;145;5217;628381;620277;177793;83.2;82.1;23.5
56;2021-12-12;31;20;735;628412;620297;178528;83.2;82.1;23.6
56;2021-12-13;190;258;8321;628602;620555;186849;83.2;82.1;24.7
56;2021-12-14;253;216;10935;628855;620771;197784;83.2;82.2;26.2
56;2021-12-15;241;284;9538;629096;621055;207322;83.3;82.2;27.4
57;2020-12-27;0;0;0;0;0;0;0.0;0.0;0.0
57;2020-12-28;4;0;0;4;0;0;0.0;0.0;0.0
57;2020-12-29;7;0;0;11;0;0;0.0;0.0;0.0
57;2020-12-30;6;0;0;17;0;0;0.0;0.0;0.0
57;2020-12-31;2;0;0;19;0;0;0.0;0.0;0.0
57;2021-01-01;4;1;0;23;1;0;0.0;0.0;0.0
57;2021-01-02;5;0;0;28;1;0;0.0;0.0;0.0
57;2021-01-03;0;0;0;28;1;0;0.0;0.0;0.0
57;2021-01-04;21;0;0;49;1;0;0.0;0.0;0.0
57;2021-01-05;196;0;0;245;1;0;0.0;0.0;0.0
57;2021-01-06;229;0;0;474;1;0;0.0;0.0;0.0
57;2021-01-07;577;2;0;1051;3;0;0.1;0.0;0.0
57;2021-01-08;520;2;0;1571;5;0;0.2;0.0;0.0
57;2021-01-09;197;0;0;1768;5;0;0.2;0.0;0.0
57;2021-01-10;111;1;0;1879;6;0;0.2;0.0;0.0
57;2021-01-11;476;1;0;2355;7;0;0.2;0.0;0.0
57;2021-01-12;627;6;0;2982;13;0;0.3;0.0;0.0
57;2021-01-13;702;2;0;3684;15;0;0.4;0.0;0.0
57;2021-01-14;784;8;0;4468;23;0;0.4;0.0;0.0
57;2021-01-15;695;5;0;5163;28;0;0.5;0.0;0.0
57;2021-01-16;439;1;0;5602;29;0;0.5;0.0;0.0
57;2021-01-17;477;1;0;6079;30;0;0.6;0.0;0.0
57;2021-01-18;2635;23;0;8714;53;0;0.8;0.0;0.0
57;2021-01-19;2588;20;0;11302;73;0;1.1;0.0;0.0
57;2021-01-20;2740;26;0;14042;99;0;1.4;0.0;0.0
57;2021-01-21;1772;11;0;15814;110;0;1.5;0.0;0.0
57;2021-01-22;1321;9;0;17135;119;0;1.7;0.0;0.0
57;2021-01-23;574;16;0;17709;135;0;1.7;0.0;0.0
57;2021-01-24;4;0;0;17713;135;0;1.7;0.0;0.0
57;2021-01-25;937;177;0;18650;312;0;1.8;0.0;0.0
57;2021-01-26;1091;199;0;19741;511;0;1.9;0.0;0.0
57;2021-01-27;1072;170;0;20813;681;0;2.0;0.1;0.0
57;2021-01-28;1095;287;0;21908;968;0;2.1;0.1;0.0
57;2021-01-29;1015;376;0;22923;1344;0;2.2;0.1;0.0
57;2021-01-30;449;90;0;23372;1434;0;2.3;0.1;0.0
57;2021-01-31;17;27;0;23389;1461;0;2.3;0.1;0.0
57;2021-02-01;846;365;0;24235;1826;0;2.3;0.2;0.0
57;2021-02-02;1022;376;0;25257;2202;0;2.4;0.2;0.0
57;2021-02-03;996;337;0;26253;2539;0;2.5;0.2;0.0
57;2021-02-04;1173;815;0;27426;3354;0;2.6;0.3;0.0
57;2021-02-05;983;392;0;28409;3746;0;2.7;0.4;0.0
57;2021-02-06;487;326;0;28896;4072;0;2.8;0.4;0.0
57;2021-02-07;104;331;0;29000;4403;0;2.8;0.4;0.0
57;2021-02-08;1207;1453;0;30207;5856;0;2.9;0.6;0.0
57;2021-02-09;1693;1622;0;31900;7478;0;3.1;0.7;0.0
57;2021-02-10;1682;2014;0;33582;9492;0;3.2;0.9;0.0
57;2021-02-11;1454;1265;0;35036;10757;0;3.4;1.0;0.0
57;2021-02-12;1201;678;0;36237;11435;0;3.5;1.1;0.0
57;2021-02-13;1112;185;0;37349;11620;0;3.6;1.1;0.0
57;2021-02-14;1156;28;0;38505;11648;0;3.7;1.1;0.0
57;2021-02-15;765;868;0;39270;12516;0;3.8;1.2;0.0
57;2021-02-16;1064;864;0;40334;13380;0;3.9;1.3;0.0
57;2021-02-17;952;1008;0;41286;14388;0;4.0;1.4;0.0
57;2021-02-18;952;1226;0;42238;15614;0;4.1;1.5;0.0
57;2021-02-19;973;986;0;43211;16600;0;4.2;1.6;0.0
57;2021-02-20;1121;610;0;44332;17210;0;4.3;1.7;0.0
57;2021-02-21;321;22;0;44653;17232;0;4.3;1.7;0.0
57;2021-02-22;1161;925;0;45814;18157;0;4.4;1.8;0.0
57;2021-02-23;2056;1152;0;47870;19309;0;4.6;1.9;0.0
57;2021-02-24;2158;1020;0;50028;20329;0;4.8;2.0;0.0
57;2021-02-25;3186;1141;0;53214;21470;0;5.1;2.1;0.0
57;2021-02-26;3392;978;0;56606;22448;0;5.5;2.2;0.0
57;2021-02-27;3446;542;0;60052;22990;0;5.8;2.2;0.0
57;2021-02-28;1763;61;0;61815;23051;0;6.0;2.2;0.0
57;2021-03-01;1976;1325;0;63791;24376;0;6.2;2.4;0.0
57;2021-03-02;2773;1590;0;66564;25966;0;6.4;2.5;0.0
57;2021-03-03;2738;1613;0;69302;27579;0;6.7;2.7;0.0
57;2021-03-04;3198;1303;0;72500;28882;0;7.0;2.8;0.0
57;2021-03-05;4299;1248;0;76799;30130;0;7.4;2.9;0.0
57;2021-03-06;6906;796;0;83705;30926;0;8.1;3.0;0.0
57;2021-03-07;5678;279;0;89383;31205;0;8.6;3.0;0.0
57;2021-03-08;2288;1005;0;91671;32210;0;8.8;3.1;0.0
57;2021-03-09;3304;1280;0;94975;33490;0;9.2;3.2;0.0
57;2021-03-10;3577;964;0;98552;34454;0;9.5;3.3;0.0
57;2021-03-11;4023;1191;0;102575;35645;0;9.9;3.4;0.0
57;2021-03-12;5081;1217;0;107656;36862;0;10.4;3.6;0.0
57;2021-03-13;6107;964;0;113763;37826;0;11.0;3.7;0.0
57;2021-03-14;2335;419;0;116098;38245;0;11.2;3.7;0.0
57;2021-03-15;2988;867;0;119086;39112;0;11.5;3.8;0.0
57;2021-03-16;2956;1247;0;122042;40359;0;11.8;3.9;0.0
57;2021-03-17;3091;1106;0;125133;41465;0;12.1;4.0;0.0
57;2021-03-18;3403;1024;0;128536;42489;0;12.4;4.1;0.0
57;2021-03-19;4567;1003;0;133103;43492;0;12.8;4.2;0.0
57;2021-03-20;4552;999;0;137655;44491;0;13.3;4.3;0.0
57;2021-03-21;1840;251;0;139495;44742;0;13.5;4.3;0.0
57;2021-03-22;2412;1402;0;141907;46144;0;13.7;4.5;0.0
57;2021-03-23;3425;2227;0;145332;48371;0;14.0;4.7;0.0
57;2021-03-24;3919;2085;0;149251;50456;0;14.4;4.9;0.0
57;2021-03-25;4756;2512;0;154007;52968;0;14.9;5.1;0.0
57;2021-03-26;4822;2167;0;158829;55135;0;15.3;5.3;0.0
57;2021-03-27;3795;2968;0;162624;58103;0;15.7;5.6;0.0
57;2021-03-28;1398;1713;0;164022;59816;0;15.8;5.8;0.0
57;2021-03-29;2051;2084;0;166073;61900;0;16.0;6.0;0.0
57;2021-03-30;3442;2380;0;169515;64280;0;16.4;6.2;0.0
57;2021-03-31;2973;2256;0;172488;66536;0;16.7;6.4;0.0
57;2021-04-01;3416;3054;0;175904;69590;0;17.0;6.7;0.0
57;2021-04-02;2528;2453;0;178432;72043;0;17.2;7.0;0.0
57;2021-04-03;2598;2503;0;181030;74546;0;17.5;7.2;0.0
57;2021-04-04;567;914;0;181597;75460;0;17.5;7.3;0.0
57;2021-04-05;1834;674;0;183431;76134;0;17.7;7.3;0.0
57;2021-04-06;2412;2731;0;185843;78865;0;17.9;7.6;0.0
57;2021-04-07;3705;2989;0;189548;81854;0;18.3;7.9;0.0
57;2021-04-08;5470;2868;0;195018;84722;0;18.8;8.2;0.0
57;2021-04-09;5056;2775;0;200074;87497;0;19.3;8.4;0.0
57;2021-04-10;2452;3450;0;202526;90947;0;19.6;8.8;0.0
57;2021-04-11;1066;1841;0;203592;92788;0;19.7;9.0;0.0
57;2021-04-12;1861;2729;0;205453;95517;0;19.8;9.2;0.0
57;2021-04-13;2100;3032;0;207553;98549;0;20.0;9.5;0.0
57;2021-04-14;2117;3010;0;209670;101559;0;20.2;9.8;0.0
57;2021-04-15;2543;3393;0;212213;104952;0;20.5;10.1;0.0
57;2021-04-16;2769;3276;0;214982;108228;0;20.8;10.4;0.0
57;2021-04-17;2679;3119;0;217661;111347;0;21.0;10.7;0.0
57;2021-04-18;1146;1718;0;218807;113065;0;21.1;10.9;0.0
57;2021-04-19;2355;2330;0;221162;115395;0;21.4;11.1;0.0
57;2021-04-20;2719;2801;0;223881;118196;0;21.6;11.4;0.0
57;2021-04-21;3367;2454;0;227248;120650;0;21.9;11.6;0.0
57;2021-04-22;3425;2323;0;230673;122973;0;22.3;11.9;0.0
57;2021-04-23;4231;2631;0;234904;125604;0;22.7;12.1;0.0
57;2021-04-24;3529;2611;0;238433;128215;0;23.0;12.4;0.0
57;2021-04-25;804;1120;0;239237;129335;0;23.1;12.5;0.0
57;2021-04-26;3129;2135;0;242366;131470;0;23.4;12.7;0.0
57;2021-04-27;4054;2511;0;246420;133981;0;23.8;12.9;0.0
57;2021-04-28;4672;2660;0;251092;136641;0;24.2;13.2;0.0
57;2021-04-29;5656;3471;0;256748;140112;0;24.8;13.5;0.0
57;2021-04-30;4973;3525;0;261721;143637;0;25.3;13.9;0.0
57;2021-05-01;2449;1707;0;264170;145344;0;25.5;14.0;0.0
57;2021-05-02;838;898;0;265008;146242;0;25.6;14.1;0.0
57;2021-05-03;3821;3025;0;268829;149267;0;26.0;14.4;0.0
57;2021-05-04;4982;3178;0;273811;152445;0;26.4;14.7;0.0
57;2021-05-05;6311;3154;0;280122;155599;0;27.0;15.0;0.0
57;2021-05-06;6089;3332;0;286211;158931;0;27.6;15.3;0.0
57;2021-05-07;6842;3477;0;293053;162408;0;28.3;15.7;0.0
57;2021-05-08;4008;1577;0;297061;163985;0;28.7;15.8;0.0
57;2021-05-09;2047;1052;0;299108;165037;0;28.9;15.9;0.0
57;2021-05-10;5183;3121;0;304291;168158;0;29.4;16.2;0.0
57;2021-05-11;7467;2930;0;311758;171088;0;30.1;16.5;0.0
57;2021-05-12;7738;3419;0;319496;174507;0;30.8;16.8;0.0
57;2021-05-13;4603;930;0;324099;175437;0;31.3;16.9;0.0
57;2021-05-14;7732;2696;0;331831;178133;0;32.0;17.2;0.0
57;2021-05-15;5850;2136;0;337681;180269;0;32.6;17.4;0.0
57;2021-05-16;3354;579;0;341035;180848;0;32.9;17.5;0.0
57;2021-05-17;3973;2203;0;345008;183051;0;33.3;17.7;0.0
57;2021-05-18;6266;2161;0;351274;185212;0;33.9;17.9;0.0
57;2021-05-19;6977;2428;0;358251;187640;0;34.6;18.1;0.0
57;2021-05-20;6274;2264;0;364525;189904;0;35.2;18.3;0.0
57;2021-05-21;7730;2969;0;372255;192873;0;35.9;18.6;0.0
57;2021-05-22;5086;2195;0;377341;195068;0;36.4;18.8;0.0
57;2021-05-23;1962;426;0;379303;195494;0;36.6;18.9;0.0
57;2021-05-24;3112;1071;0;382415;196565;0;36.9;19.0;0.0
57;2021-05-25;5620;2855;0;388035;199420;0;37.5;19.3;0.0
57;2021-05-26;6510;3325;0;394545;202745;0;38.1;19.6;0.0
57;2021-05-27;6243;3266;0;400788;206011;0;38.7;19.9;0.0
57;2021-05-28;6964;4744;0;407752;210755;0;39.4;20.3;0.0
57;2021-05-29;5319;4395;0;413071;215150;0;39.9;20.8;0.0
57;2021-05-30;1900;1685;0;414971;216835;0;40.1;20.9;0.0
57;2021-05-31;4394;3487;0;419365;220322;0;40.5;21.3;0.0
57;2021-06-01;5861;3840;0;425226;224162;0;41.1;21.6;0.0
57;2021-06-02;6236;4288;0;431462;228450;0;41.7;22.1;0.0
57;2021-06-03;6167;4126;0;437629;232576;0;42.2;22.5;0.0
57;2021-06-04;7383;5153;0;445012;237729;0;43.0;22.9;0.0
57;2021-06-05;4701;4135;0;449713;241864;0;43.4;23.3;0.0
57;2021-06-06;1922;896;0;451635;242760;0;43.6;23.4;0.0
57;2021-06-07;4337;4179;0;455972;246939;0;44.0;23.8;0.0
57;2021-06-08;6397;4631;0;462369;251570;0;44.6;24.3;0.0
57;2021-06-09;6671;4442;0;469040;256012;0;45.3;24.7;0.0
57;2021-06-10;6007;4780;0;475047;260792;0;45.9;25.2;0.0
57;2021-06-11;5233;5461;0;480280;266253;0;46.4;25.7;0.0
57;2021-06-12;5428;4527;0;485708;270780;0;46.9;26.1;0.0
57;2021-06-13;1408;1139;0;487116;271919;0;47.0;26.3;0.0
57;2021-06-14;3270;4927;0;490386;276846;0;47.3;26.7;0.0
57;2021-06-15;3811;6073;0;494197;282919;0;47.7;27.3;0.0
57;2021-06-16;4335;6694;0;498532;289613;0;48.1;28.0;0.0
57;2021-06-17;4200;6128;0;502732;295741;0;48.5;28.6;0.0
57;2021-06-18;4297;7386;0;507029;303127;0;48.9;29.3;0.0
57;2021-06-19;4026;6271;0;511055;309398;0;49.3;29.9;0.0
57;2021-06-20;948;1650;0;512003;311048;0;49.4;30.0;0.0
57;2021-06-21;2180;6102;0;514183;317150;0;49.6;30.6;0.0
57;2021-06-22;2635;8043;0;516818;325193;0;49.9;31.4;0.0
57;2021-06-23;3069;8394;0;519887;333587;0;50.2;32.2;0.0
57;2021-06-24;2568;5403;0;522455;338990;0;50.4;32.7;0.0
57;2021-06-25;2813;7836;0;525268;346826;0;50.7;33.5;0.0
57;2021-06-26;2791;7127;0;528059;353953;0;51.0;34.2;0.0
57;2021-06-27;716;2798;0;528775;356751;0;51.0;34.4;0.0
57;2021-06-28;1667;5285;0;530442;362036;0;51.2;35.0;0.0
57;2021-06-29;2098;6924;0;532540;368960;0;51.4;35.6;0.0
57;2021-06-30;3068;7404;2;535608;376364;2;51.7;36.3;0.0
57;2021-07-01;2726;6200;0;538334;382564;2;52.0;36.9;0.0
57;2021-07-02;2695;8199;0;541029;390763;2;52.2;37.7;0.0
57;2021-07-03;3130;6424;0;544159;397187;2;52.5;38.3;0.0
57;2021-07-04;888;2437;0;545047;399624;2;52.6;38.6;0.0
57;2021-07-05;1834;4810;0;546881;404434;2;52.8;39.0;0.0
57;2021-07-06;2508;6509;0;549389;410943;2;53.0;39.7;0.0
57;2021-07-07;2771;7182;0;552160;418125;2;53.3;40.4;0.0
57;2021-07-08;2637;6112;0;554797;424237;2;53.6;41.0;0.0
57;2021-07-09;3412;8360;0;558209;432597;2;53.9;41.8;0.0
57;2021-07-10;2989;6871;0;561198;439468;2;54.2;42.4;0.0
57;2021-07-11;815;2188;0;562013;441656;2;54.3;42.6;0.0
57;2021-07-12;2401;6477;0;564414;448133;2;54.5;43.3;0.0
57;2021-07-13;4280;7509;0;568694;455642;2;54.9;44.0;0.0
57;2021-07-14;2754;3775;0;571448;459417;2;55.2;44.4;0.0
57;2021-07-15;4003;7700;0;575451;467117;2;55.6;45.1;0.0
57;2021-07-16;5556;9493;0;581007;476610;2;56.1;46.0;0.0
57;2021-07-17;5477;7030;0;586484;483640;2;56.6;46.7;0.0
57;2021-07-18;1546;2620;0;588030;486260;2;56.8;46.9;0.0
57;2021-07-19;2568;6189;0;590598;492449;2;57.0;47.5;0.0
57;2021-07-20;4259;6961;0;594857;499410;2;57.4;48.2;0.0
57;2021-07-21;5035;6871;0;599892;506281;2;57.9;48.9;0.0
57;2021-07-22;5572;5880;0;605464;512161;2;58.5;49.4;0.0
57;2021-07-23;6575;6381;0;612039;518542;2;59.1;50.1;0.0
57;2021-07-24;4379;6864;0;616418;525406;2;59.5;50.7;0.0
57;2021-07-25;1322;1713;0;617740;527119;2;59.6;50.9;0.0
57;2021-07-26;3710;4561;0;621450;531680;2;60.0;51.3;0.0
57;2021-07-27;6630;5076;0;628080;536756;2;60.6;51.8;0.0
57;2021-07-28;7168;4558;0;635248;541314;2;61.3;52.3;0.0
57;2021-07-29;7439;4619;0;642687;545933;2;62.0;52.7;0.0
57;2021-07-30;6733;5037;0;649420;550970;2;62.7;53.2;0.0
57;2021-07-31;5508;4966;0;654928;555936;2;63.2;53.7;0.0
57;2021-08-01;1963;1106;0;656891;557042;2;63.4;53.8;0.0
57;2021-08-02;3698;3321;0;660589;560363;2;63.8;54.1;0.0
57;2021-08-03;5405;4311;0;665994;564674;2;64.3;54.5;0.0
57;2021-08-04;5020;3513;0;671014;568187;2;64.8;54.9;0.0
57;2021-08-05;5140;3785;0;676154;571972;2;65.3;55.2;0.0
57;2021-08-06;5398;4816;0;681552;576788;2;65.8;55.7;0.0
57;2021-08-07;4256;5025;1;685808;581813;3;66.2;56.2;0.0
57;2021-08-08;1443;1470;0;687251;583283;3;66.3;56.3;0.0
57;2021-08-09;2576;3297;1;689827;586580;4;66.6;56.6;0.0
57;2021-08-10;3476;3882;0;693303;590462;4;66.9;57.0;0.0
57;2021-08-11;3540;3960;0;696843;594422;4;67.3;57.4;0.0
57;2021-08-12;3063;5071;0;699906;599493;4;67.6;57.9;0.0
57;2021-08-13;3298;4692;0;703204;604185;4;67.9;58.3;0.0
57;2021-08-14;2146;4985;0;705350;609170;4;68.1;58.8;0.0
57;2021-08-15;491;1079;0;705841;610249;4;68.1;58.9;0.0
57;2021-08-16;1841;3614;0;707682;613863;4;68.3;59.3;0.0
57;2021-08-17;2320;5316;0;710002;619179;4;68.5;59.8;0.0
57;2021-08-18;2324;5180;0;712326;624359;4;68.8;60.3;0.0
57;2021-08-19;2203;5398;0;714529;629757;4;69.0;60.8;0.0
57;2021-08-20;2037;5973;0;716566;635730;4;69.2;61.4;0.0
57;2021-08-21;1800;5293;0;718366;641023;4;69.3;61.9;0.0
57;2021-08-22;431;1486;0;718797;642509;4;69.4;62.0;0.0
57;2021-08-23;1162;3873;0;719959;646382;4;69.5;62.4;0.0
57;2021-08-24;1766;5485;0;721725;651867;4;69.7;62.9;0.0
57;2021-08-25;1612;5124;0;723337;656991;4;69.8;63.4;0.0
57;2021-08-26;1537;4540;0;724874;661531;4;70.0;63.9;0.0
57;2021-08-27;1732;5723;0;726606;667254;4;70.1;64.4;0.0
57;2021-08-28;1959;5224;0;728565;672478;4;70.3;64.9;0.0
57;2021-08-29;344;1086;0;728909;673564;4;70.4;65.0;0.0
57;2021-08-30;1065;3205;51;729974;676769;55;70.5;65.3;0.0
57;2021-08-31;1433;4167;159;731407;680936;214;70.6;65.7;0.0
57;2021-09-01;1662;3735;338;733069;684671;552;70.8;66.1;0.1
57;2021-09-02;1170;3000;322;734239;687671;874;70.9;66.4;0.1
57;2021-09-03;1543;3916;421;735782;691587;1295;71.0;66.8;0.1
57;2021-09-04;1613;3669;289;737395;695256;1584;71.2;67.1;0.2
57;2021-09-05;348;797;96;737743;696053;1680;71.2;67.2;0.2
57;2021-09-06;814;1779;374;738557;697832;2054;71.3;67.4;0.2
57;2021-09-07;727;1871;402;739284;699703;2456;71.4;67.5;0.2
57;2021-09-08;942;2428;443;740226;702131;2899;71.5;67.8;0.3
57;2021-09-09;677;1932;435;740903;704063;3334;71.5;68.0;0.3
57;2021-09-10;1151;2415;567;742054;706478;3901;71.6;68.2;0.4
57;2021-09-11;1169;2945;335;743223;709423;4236;71.7;68.5;0.4
57;2021-09-12;241;468;66;743464;709891;4302;71.8;68.5;0.4
57;2021-09-13;652;1235;491;744116;711126;4793;71.8;68.7;0.5
57;2021-09-14;776;1490;711;744892;712616;5504;71.9;68.8;0.5
57;2021-09-15;775;1941;753;745667;714557;6257;72.0;69.0;0.6
57;2021-09-16;716;1192;735;746383;715749;6992;72.1;69.1;0.7
57;2021-09-17;1111;1795;637;747494;717544;7629;72.2;69.3;0.7
57;2021-09-18;823;2513;422;748317;720057;8051;72.2;69.5;0.8
57;2021-09-19;118;325;73;748435;720382;8124;72.3;69.5;0.8
57;2021-09-20;453;893;751;748888;721275;8875;72.3;69.6;0.9
57;2021-09-21;490;841;815;749378;722116;9690;72.3;69.7;0.9
57;2021-09-22;512;1310;741;749890;723426;10431;72.4;69.8;1.0
57;2021-09-23;456;1173;757;750346;724599;11188;72.4;70.0;1.1
57;2021-09-24;761;1452;987;751107;726051;12175;72.5;70.1;1.2
57;2021-09-25;520;1936;526;751627;727987;12701;72.6;70.3;1.2
57;2021-09-26;110;306;88;751737;728293;12789;72.6;70.3;1.2
57;2021-09-27;419;837;792;752156;729130;13581;72.6;70.4;1.3
57;2021-09-28;317;608;919;752473;729738;14500;72.6;70.4;1.4
57;2021-09-29;516;1075;1135;752989;730813;15635;72.7;70.6;1.5
57;2021-09-30;332;621;1020;753321;731434;16655;72.7;70.6;1.6
57;2021-10-01;819;1312;1649;754140;732746;18304;72.8;70.7;1.8
57;2021-10-02;697;1499;844;754837;734245;19148;72.9;70.9;1.8
57;2021-10-03;118;217;143;754955;734462;19291;72.9;70.9;1.9
57;2021-10-04;520;605;1086;755475;735067;20377;72.9;71.0;2.0
57;2021-10-05;367;567;1157;755842;735634;21534;73.0;71.0;2.1
57;2021-10-06;519;750;1329;756361;736384;22863;73.0;71.1;2.2
57;2021-10-07;364;621;1139;756725;737005;24002;73.1;71.1;2.3
57;2021-10-08;552;1049;1959;757277;738054;25961;73.1;71.2;2.5
57;2021-10-09;624;1143;1359;757901;739197;27320;73.2;71.4;2.6
57;2021-10-10;97;123;112;757998;739320;27432;73.2;71.4;2.6
57;2021-10-11;407;593;1175;758405;739913;28607;73.2;71.4;2.8
57;2021-10-12;353;477;1103;758758;740390;29710;73.2;71.5;2.9
57;2021-10-13;595;703;1421;759353;741093;31131;73.3;71.5;3.0
57;2021-10-14;350;480;1130;759703;741573;32261;73.3;71.6;3.1
57;2021-10-15;652;996;2572;760355;742569;34833;73.4;71.7;3.4
57;2021-10-16;653;750;1715;761008;743319;36548;73.5;71.8;3.5
57;2021-10-17;98;129;216;761106;743448;36764;73.5;71.8;3.5
57;2021-10-18;429;546;1404;761535;743994;38168;73.5;71.8;3.7
57;2021-10-19;329;416;1165;761864;744410;39333;73.5;71.9;3.8
57;2021-10-20;461;498;1667;762325;744908;41000;73.6;71.9;4.0
57;2021-10-21;295;460;1043;762620;745368;42043;73.6;72.0;4.1
57;2021-10-22;621;746;2675;763241;746114;44718;73.7;72.0;4.3
57;2021-10-23;573;733;1718;763814;746847;46436;73.7;72.1;4.5
57;2021-10-24;84;109;163;763898;746956;46599;73.7;72.1;4.5
57;2021-10-25;354;437;1545;764252;747393;48144;73.8;72.2;4.6
57;2021-10-26;248;311;1349;764500;747704;49493;73.8;72.2;4.8
57;2021-10-27;385;467;1793;764885;748171;51286;73.8;72.2;5.0
57;2021-10-28;249;283;1253;765134;748454;52539;73.9;72.3;5.1
57;2021-10-29;471;583;2362;765605;749037;54901;73.9;72.3;5.3
57;2021-10-30;404;549;1411;766009;749586;56312;73.9;72.4;5.4
57;2021-10-31;53;91;140;766062;749677;56452;74.0;72.4;5.4
57;2021-11-01;113;79;90;766175;749756;56542;74.0;72.4;5.5
57;2021-11-02;376;421;1424;766551;750177;57966;74.0;72.4;5.6
57;2021-11-03;385;559;2245;766936;750736;60211;74.0;72.5;5.8
57;2021-11-04;280;404;1827;767216;751140;62038;74.1;72.5;6.0
57;2021-11-05;484;655;2762;767700;751795;64800;74.1;72.6;6.3
57;2021-11-06;434;715;2008;768134;752510;66808;74.2;72.6;6.4
57;2021-11-07;50;80;170;768184;752590;66978;74.2;72.7;6.5
57;2021-11-08;297;508;2899;768481;753098;69877;74.2;72.7;6.7
57;2021-11-09;261;334;2595;768742;753432;72472;74.2;72.7;7.0
57;2021-11-10;377;530;3240;769119;753962;75712;74.2;72.8;7.3
57;2021-11-11;49;95;336;769168;754057;76048;74.3;72.8;7.3
57;2021-11-12;463;713;4403;769631;754770;80451;74.3;72.9;7.8
57;2021-11-13;394;609;2861;770025;755379;83312;74.3;72.9;8.0
57;2021-11-14;66;118;487;770091;755497;83799;74.3;72.9;8.1
57;2021-11-15;295;423;2882;770386;755920;86681;74.4;73.0;8.4
57;2021-11-16;296;350;2728;770682;756270;89409;74.4;73.0;8.6
57;2021-11-17;429;477;3165;771111;756747;92574;74.4;73.1;8.9
57;2021-11-18;276;334;3056;771387;757081;95630;74.5;73.1;9.2
57;2021-11-19;493;589;4484;771880;757670;100114;74.5;73.1;9.7
57;2021-11-20;509;520;3057;772389;758190;103171;74.6;73.2;10.0
57;2021-11-21;48;56;203;772437;758246;103374;74.6;73.2;10.0
57;2021-11-22;315;254;3415;772752;758500;106789;74.6;73.2;10.3
57;2021-11-23;420;401;3443;773172;758901;110232;74.6;73.3;10.6
57;2021-11-24;382;480;3687;773554;759381;113919;74.7;73.3;11.0
57;2021-11-25;373;370;4363;773927;759751;118282;74.7;73.3;11.4
57;2021-11-26;464;564;7009;774391;760315;125291;74.8;73.4;12.1
57;2021-11-27;449;591;6079;774840;760906;131370;74.8;73.5;12.7
57;2021-11-28;79;94;2435;774919;761000;133805;74.8;73.5;12.9
57;2021-11-29;309;370;5712;775228;761370;139517;74.8;73.5;13.5
57;2021-11-30;349;397;7665;775577;761767;147182;74.9;73.5;14.2
57;2021-12-01;249;417;6433;775826;762184;153615;74.9;73.6;14.8
57;2021-12-02;354;315;9528;776180;762499;163143;74.9;73.6;15.7
57;2021-12-03;393;545;11034;776573;763044;174177;75.0;73.7;16.8
57;2021-12-04;493;587;8922;777066;763631;183099;75.0;73.7;17.7
57;2021-12-05;178;149;2950;777244;763780;186049;75.0;73.7;18.0
57;2021-12-06;380;525;6667;777624;764305;192716;75.1;73.8;18.6
57;2021-12-07;363;472;9338;777987;764777;202054;75.1;73.8;19.5
57;2021-12-08;467;592;8920;778454;765369;210974;75.2;73.9;20.4
57;2021-12-09;435;472;10530;778889;765841;221504;75.2;73.9;21.4
57;2021-12-10;563;665;12442;779452;766506;233946;75.2;74.0;22.6
57;2021-12-11;535;763;10306;779987;767269;244252;75.3;74.1;23.6
57;2021-12-12;190;138;3206;780177;767407;247458;75.3;74.1;23.9
57;2021-12-13;404;495;8145;780581;767902;255603;75.4;74.1;24.7
57;2021-12-14;470;582;10294;781051;768484;265897;75.4;74.2;25.7
57;2021-12-15;539;587;11197;781590;769071;277094;75.5;74.2;26.7
58;2020-12-27;0;0;0;0;0;0;0.0;0.0;0.0
58;2020-12-28;0;0;0;0;0;0;0.0;0.0;0.0
58;2020-12-29;0;0;0;0;0;0;0.0;0.0;0.0
58;2020-12-30;0;0;0;0;0;0;0.0;0.0;0.0
58;2020-12-31;0;0;0;0;0;0;0.0;0.0;0.0
58;2021-01-01;0;0;0;0;0;0;0.0;0.0;0.0
58;2021-01-02;0;0;0;0;0;0;0.0;0.0;0.0
58;2021-01-03;1;0;0;1;0;0;0.0;0.0;0.0
58;2021-01-04;0;0;0;1;0;0;0.0;0.0;0.0
58;2021-01-05;1;0;0;2;0;0;0.0;0.0;0.0
58;2021-01-06;131;0;0;133;0;0;0.1;0.0;0.0
58;2021-01-07;229;0;0;362;0;0;0.2;0.0;0.0
58;2021-01-08;64;0;0;426;0;0;0.2;0.0;0.0
58;2021-01-09;1;0;0;427;0;0;0.2;0.0;0.0
58;2021-01-10;2;0;0;429;0;0;0.2;0.0;0.0
58;2021-01-11;55;0;0;484;0;0;0.2;0.0;0.0
58;2021-01-12;246;0;0;730;0;0;0.4;0.0;0.0
58;2021-01-13;391;3;0;1121;3;0;0.6;0.0;0.0
58;2021-01-14;266;2;0;1387;5;0;0.7;0.0;0.0
58;2021-01-15;149;0;0;1536;5;0;0.8;0.0;0.0
58;2021-01-16;20;2;0;1556;7;0;0.8;0.0;0.0
58;2021-01-17;1;0;0;1557;7;0;0.8;0.0;0.0
58;2021-01-18;397;1;0;1954;8;0;1.0;0.0;0.0
58;2021-01-19;896;2;0;2850;10;0;1.4;0.0;0.0
58;2021-01-20;1114;1;0;3964;11;0;2.0;0.0;0.0
58;2021-01-21;904;5;0;4868;16;0;2.4;0.0;0.0
58;2021-01-22;726;5;0;5594;21;0;2.8;0.0;0.0
58;2021-01-23;258;0;0;5852;21;0;2.9;0.0;0.0
58;2021-01-24;2;0;0;5854;21;0;2.9;0.0;0.0
58;2021-01-25;364;2;0;6218;23;0;3.1;0.0;0.0
58;2021-01-26;585;3;0;6803;26;0;3.4;0.0;0.0
58;2021-01-27;585;45;0;7388;71;0;3.7;0.0;0.0
58;2021-01-28;675;64;0;8063;135;0;4.0;0.1;0.0
58;2021-01-29;757;12;0;8820;147;0;4.4;0.1;0.0
58;2021-01-30;241;1;0;9061;148;0;4.5;0.1;0.0
58;2021-01-31;11;0;0;9072;148;0;4.5;0.1;0.0
58;2021-02-01;183;74;0;9255;222;0;4.6;0.1;0.0
58;2021-02-02;490;82;0;9745;304;0;4.9;0.2;0.0
58;2021-02-03;291;147;0;10036;451;0;5.0;0.2;0.0
58;2021-02-04;257;93;0;10293;544;0;5.2;0.3;0.0
58;2021-02-05;139;93;0;10432;637;0;5.2;0.3;0.0
58;2021-02-06;94;2;0;10526;639;0;5.3;0.3;0.0
58;2021-02-07;2;0;0;10528;639;0;5.3;0.3;0.0
58;2021-02-08;243;74;0;10771;713;0;5.4;0.4;0.0
58;2021-02-09;426;294;0;11197;1007;0;5.6;0.5;0.0
58;2021-02-10;310;352;0;11507;1359;0;5.8;0.7;0.0
58;2021-02-11;282;367;0;11789;1726;0;5.9;0.9;0.0
58;2021-02-12;201;213;0;11990;1939;0;6.0;1.0;0.0
58;2021-02-13;72;33;0;12062;1972;0;6.0;1.0;0.0
58;2021-02-14;0;2;0;12062;1974;0;6.0;1.0;0.0
58;2021-02-15;112;482;0;12174;2456;0;6.1;1.2;0.0
58;2021-02-16;193;851;0;12367;3307;0;6.2;1.7;0.0
58;2021-02-17;193;694;0;12560;4001;0;6.3;2.0;0.0
58;2021-02-18;161;744;0;12721;4745;0;6.4;2.4;0.0
58;2021-02-19;235;685;0;12956;5430;0;6.5;2.7;0.0
58;2021-02-20;61;234;0;13017;5664;0;6.5;2.8;0.0
58;2021-02-21;0;31;0;13017;5695;0;6.5;2.9;0.0
58;2021-02-22;82;358;0;13099;6053;0;6.6;3.0;0.0
58;2021-02-23;52;580;0;13151;6633;0;6.6;3.3;0.0
58;2021-02-24;53;539;0;13204;7172;0;6.6;3.6;0.0
58;2021-02-25;239;622;0;13443;7794;0;6.7;3.9;0.0
58;2021-02-26;232;567;0;13675;8361;0;6.9;4.2;0.0
58;2021-02-27;102;197;0;13777;8558;0;6.9;4.3;0.0
58;2021-02-28;13;8;0;13790;8566;0;6.9;4.3;0.0
58;2021-03-01;143;216;0;13933;8782;0;7.0;4.4;0.0
58;2021-03-02;375;553;0;14308;9335;0;7.2;4.7;0.0
58;2021-03-03;498;279;0;14806;9614;0;7.4;4.8;0.0
58;2021-03-04;641;250;0;15447;9864;0;7.7;4.9;0.0
58;2021-03-05;740;176;0;16187;10040;0;8.1;5.0;0.0
58;2021-03-06;540;83;0;16727;10123;0;8.4;5.1;0.0
58;2021-03-07;64;5;0;16791;10128;0;8.4;5.1;0.0
58;2021-03-08;160;258;0;16951;10386;0;8.5;5.2;0.0
58;2021-03-09;504;471;0;17455;10857;0;8.7;5.4;0.0
58;2021-03-10;806;242;0;18261;11099;0;9.1;5.6;0.0
58;2021-03-11;831;265;0;19092;11364;0;9.6;5.7;0.0
58;2021-03-12;773;177;0;19865;11541;0;10.0;5.8;0.0
58;2021-03-13;478;66;0;20343;11607;0;10.2;5.8;0.0
58;2021-03-14;36;1;0;20379;11608;0;10.2;5.8;0.0
58;2021-03-15;479;109;0;20858;11717;0;10.5;5.9;0.0
58;2021-03-16;654;218;0;21512;11935;0;10.8;6.0;0.0
58;2021-03-17;659;150;0;22171;12085;0;11.1;6.1;0.0
58;2021-03-18;582;161;0;22753;12246;0;11.4;6.1;0.0
58;2021-03-19;541;107;0;23294;12353;0;11.7;6.2;0.0
58;2021-03-20;313;64;0;23607;12417;0;11.8;6.2;0.0
58;2021-03-21;15;0;0;23622;12417;0;11.8;6.2;0.0
58;2021-03-22;723;23;0;24345;12440;0;12.2;6.2;0.0
58;2021-03-23;1413;44;0;25758;12484;0;12.9;6.3;0.0
58;2021-03-24;1213;74;0;26971;12558;0;13.5;6.3;0.0
58;2021-03-25;1622;43;0;28593;12601;0;14.3;6.3;0.0
58;2021-03-26;1309;56;0;29902;12657;0;15.0;6.3;0.0
58;2021-03-27;380;14;0;30282;12671;0;15.2;6.3;0.0
58;2021-03-28;20;1;0;30302;12672;0;15.2;6.3;0.0
58;2021-03-29;584;144;0;30886;12816;0;15.5;6.4;0.0
58;2021-03-30;1081;238;0;31967;13054;0;16.0;6.5;0.0
58;2021-03-31;973;328;0;32940;13382;0;16.5;6.7;0.0
58;2021-04-01;1436;352;0;34376;13734;0;17.2;6.9;0.0
58;2021-04-02;1366;306;0;35742;14040;0;17.9;7.0;0.0
58;2021-04-03;573;157;0;36315;14197;0;18.2;7.1;0.0
58;2021-04-04;4;2;0;36319;14199;0;18.2;7.1;0.0
58;2021-04-05;49;2;0;36368;14201;0;18.2;7.1;0.0
58;2021-04-06;730;335;0;37098;14536;0;18.6;7.3;0.0
58;2021-04-07;669;489;0;37767;15025;0;18.9;7.5;0.0
58;2021-04-08;1372;406;0;39139;15431;0;19.6;7.7;0.0
58;2021-04-09;1629;393;0;40768;15824;0;20.4;7.9;0.0
58;2021-04-10;576;191;0;41344;16015;0;20.7;8.0;0.0
58;2021-04-11;30;3;0;41374;16018;0;20.7;8.0;0.0
58;2021-04-12;1071;460;0;42445;16478;0;21.3;8.3;0.0
58;2021-04-13;1379;588;0;43824;17066;0;22.0;8.6;0.0
58;2021-04-14;1231;619;0;45055;17685;0;22.6;8.9;0.0
58;2021-04-15;1261;585;0;46316;18270;0;23.2;9.2;0.0
58;2021-04-16;1528;486;0;47844;18756;0;24.0;9.4;0.0
58;2021-04-17;682;234;0;48526;18990;0;24.3;9.5;0.0
58;2021-04-18;19;10;0;48545;19000;0;24.3;9.5;0.0
58;2021-04-19;490;542;0;49035;19542;0;24.6;9.8;0.0
58;2021-04-20;477;947;0;49512;20489;0;24.8;10.3;0.0
58;2021-04-21;541;829;0;50053;21318;0;25.1;10.7;0.0
58;2021-04-22;711;1323;0;50764;22641;0;25.4;11.3;0.0
58;2021-04-23;889;702;0;51653;23343;0;25.9;11.7;0.0
58;2021-04-24;215;222;0;51868;23565;0;26.0;11.8;0.0
58;2021-04-25;16;1;0;51884;23566;0;26.0;11.8;0.0
58;2021-04-26;719;274;0;52603;23840;0;26.4;11.9;0.0
58;2021-04-27;1333;1024;0;53936;24864;0;27.0;12.5;0.0
58;2021-04-28;1459;889;0;55395;25753;0;27.8;12.9;0.0
58;2021-04-29;1330;980;0;56725;26733;0;28.4;13.4;0.0
58;2021-04-30;1159;875;0;57884;27608;0;29.0;13.8;0.0
58;2021-05-01;46;66;0;57930;27674;0;29.0;13.9;0.0
58;2021-05-02;18;5;0;57948;27679;0;29.0;13.9;0.0
58;2021-05-03;993;400;0;58941;28079;0;29.5;14.1;0.0
58;2021-05-04;1058;1212;0;59999;29291;0;30.1;14.7;0.0
58;2021-05-05;933;998;0;60932;30289;0;30.5;15.2;0.0
58;2021-05-06;1352;940;0;62284;31229;0;31.2;15.6;0.0
58;2021-05-07;1114;985;0;63398;32214;0;31.8;16.1;0.0
58;2021-05-08;144;67;0;63542;32281;0;31.8;16.2;0.0
58;2021-05-09;20;31;0;63562;32312;0;31.8;16.2;0.0
58;2021-05-10;929;876;0;64491;33188;0;32.3;16.6;0.0
58;2021-05-11;1385;1822;0;65876;35010;0;33.0;17.5;0.0
58;2021-05-12;1784;1469;0;67660;36479;0;33.9;18.3;0.0
58;2021-05-13;149;174;0;67809;36653;0;34.0;18.4;0.0
58;2021-05-14;2156;807;0;69965;37460;0;35.1;18.8;0.0
58;2021-05-15;1685;423;0;71650;37883;0;35.9;19.0;0.0
58;2021-05-16;124;33;0;71774;37916;0;36.0;19.0;0.0
58;2021-05-17;758;557;0;72532;38473;0;36.3;19.3;0.0
58;2021-05-18;1386;1110;0;73918;39583;0;37.0;19.8;0.0
58;2021-05-19;1757;511;0;75675;40094;0;37.9;20.1;0.0
58;2021-05-20;1743;627;0;77418;40721;0;38.8;20.4;0.0
58;2021-05-21;910;647;0;78328;41368;0;39.2;20.7;0.0
58;2021-05-22;416;231;0;78744;41599;0;39.5;20.8;0.0
58;2021-05-23;46;25;0;78790;41624;0;39.5;20.9;0.0
58;2021-05-24;164;53;0;78954;41677;0;39.6;20.9;0.0
58;2021-05-25;1441;1021;0;80395;42698;0;40.3;21.4;0.0
58;2021-05-26;967;741;0;81362;43439;0;40.8;21.8;0.0
58;2021-05-27;935;907;0;82297;44346;0;41.2;22.2;0.0
58;2021-05-28;639;843;0;82936;45189;0;41.6;22.6;0.0
58;2021-05-29;366;231;0;83302;45420;0;41.7;22.8;0.0
58;2021-05-30;97;19;0;83399;45439;0;41.8;22.8;0.0
58;2021-05-31;832;390;0;84231;45829;0;42.2;23.0;0.0
58;2021-06-01;1490;1530;0;85721;47359;0;42.9;23.7;0.0
58;2021-06-02;1575;988;0;87296;48347;0;43.7;24.2;0.0
58;2021-06-03;1143;887;0;88439;49234;0;44.3;24.7;0.0
58;2021-06-04;976;893;0;89415;50127;0;44.8;25.1;0.0
58;2021-06-05;443;284;0;89858;50411;0;45.0;25.3;0.0
58;2021-06-06;54;53;0;89912;50464;0;45.0;25.3;0.0
58;2021-06-07;750;746;0;90662;51210;0;45.4;25.7;0.0
58;2021-06-08;1310;1717;0;91972;52927;0;46.1;26.5;0.0
58;2021-06-09;1446;971;0;93418;53898;0;46.8;27.0;0.0
58;2021-06-10;1173;930;0;94591;54828;0;47.4;27.5;0.0
58;2021-06-11;987;909;0;95578;55737;0;47.9;27.9;0.0
58;2021-06-12;1084;421;0;96662;56158;0;48.4;28.1;0.0
58;2021-06-13;47;43;0;96709;56201;0;48.5;28.2;0.0
58;2021-06-14;518;1033;0;97227;57234;0;48.7;28.7;0.0
58;2021-06-15;1423;1773;0;98650;59007;0;49.4;29.6;0.0
58;2021-06-16;1667;992;0;100317;59999;0;50.3;30.1;0.0
58;2021-06-17;1798;1133;0;102115;61132;0;51.2;30.6;0.0
58;2021-06-18;890;1150;0;103005;62282;0;51.6;31.2;0.0
58;2021-06-19;567;386;0;103572;62668;0;51.9;31.4;0.0
58;2021-06-20;21;10;0;103593;62678;0;51.9;31.4;0.0
58;2021-06-21;452;646;0;104045;63324;0;52.1;31.7;0.0
58;2021-06-22;952;2028;0;104997;65352;0;52.6;32.7;0.0
58;2021-06-23;1298;1566;0;106295;66918;0;53.3;33.5;0.0
58;2021-06-24;681;981;0;106976;67899;0;53.6;34.0;0.0
58;2021-06-25;759;1714;0;107735;69613;0;54.0;34.9;0.0
58;2021-06-26;513;1301;0;108248;70914;0;54.2;35.5;0.0
58;2021-06-27;31;56;0;108279;70970;0;54.2;35.6;0.0
58;2021-06-28;393;981;0;108672;71951;0;54.4;36.0;0.0
58;2021-06-29;580;2104;0;109252;74055;0;54.7;37.1;0.0
58;2021-06-30;938;1658;0;110190;75713;0;55.2;37.9;0.0
58;2021-07-01;705;1695;0;110895;77408;0;55.6;38.8;0.0
58;2021-07-02;409;931;0;111304;78339;0;55.8;39.2;0.0
58;2021-07-03;237;652;0;111541;78991;0;55.9;39.6;0.0
58;2021-07-04;22;74;0;111563;79065;0;55.9;39.6;0.0
58;2021-07-05;500;841;0;112063;79906;0;56.1;40.0;0.0
58;2021-07-06;630;2099;0;112693;82005;0;56.5;41.1;0.0
58;2021-07-07;382;1099;0;113075;83104;0;56.7;41.6;0.0
58;2021-07-08;430;1075;0;113505;84179;0;56.9;42.2;0.0
58;2021-07-09;717;1460;0;114222;85639;0;57.2;42.9;0.0
58;2021-07-10;278;577;0;114500;86216;0;57.4;43.2;0.0
58;2021-07-11;174;135;0;114674;86351;0;57.5;43.3;0.0
58;2021-07-12;220;1073;0;114894;87424;0;57.6;43.8;0.0
58;2021-07-13;915;2558;0;115809;89982;0;58.0;45.1;0.0
58;2021-07-14;100;120;0;115909;90102;0;58.1;45.1;0.0
58;2021-07-15;1099;1931;0;117008;92033;0;58.6;46.1;0.0
58;2021-07-16;1330;1465;0;118338;93498;0;59.3;46.8;0.0
58;2021-07-17;482;443;0;118820;93941;0;59.5;47.1;0.0
58;2021-07-18;116;41;0;118936;93982;0;59.6;47.1;0.0
58;2021-07-19;1371;970;0;120307;94952;0;60.3;47.6;0.0
58;2021-07-20;1337;2359;0;121644;97311;0;60.9;48.8;0.0
58;2021-07-21;1155;1993;0;122799;99304;0;61.5;49.8;0.0
58;2021-07-22;1134;1616;0;123933;100920;0;62.1;50.6;0.0
58;2021-07-23;1201;1388;0;125134;102308;0;62.7;51.3;0.0
58;2021-07-24;924;1257;0;126058;103565;0;63.2;51.9;0.0
58;2021-07-25;96;61;0;126154;103626;0;63.2;51.9;0.0
58;2021-07-26;914;822;0;127068;104448;0;63.7;52.3;0.0
58;2021-07-27;1488;2381;0;128556;106829;0;64.4;53.5;0.0
58;2021-07-28;1463;1782;0;130019;108611;0;65.1;54.4;0.0
58;2021-07-29;1525;1494;0;131544;110105;0;65.9;55.2;0.0
58;2021-07-30;1374;1283;1;132918;111388;1;66.6;55.8;0.0
58;2021-07-31;595;550;0;133513;111938;1;66.9;56.1;0.0
58;2021-08-01;57;26;0;133570;111964;1;66.9;56.1;0.0
58;2021-08-02;1469;859;0;135039;112823;1;67.7;56.5;0.0
58;2021-08-03;1730;1592;0;136769;114415;1;68.5;57.3;0.0
58;2021-08-04;1190;1088;0;137959;115503;1;69.1;57.9;0.0
58;2021-08-05;1353;1108;0;139312;116611;1;69.8;58.4;0.0
58;2021-08-06;1184;985;0;140496;117596;1;70.4;58.9;0.0
58;2021-08-07;349;432;0;140845;118028;1;70.6;59.1;0.0
58;2021-08-08;34;79;0;140879;118107;1;70.6;59.2;0.0
58;2021-08-09;937;1172;0;141816;119279;1;71.1;59.8;0.0
58;2021-08-10;1539;1255;0;143355;120534;1;71.8;60.4;0.0
58;2021-08-11;992;735;0;144347;121269;1;72.3;60.8;0.0
58;2021-08-12;920;1056;0;145267;122325;1;72.8;61.3;0.0
58;2021-08-13;819;882;0;146086;123207;1;73.2;61.7;0.0
58;2021-08-14;232;363;0;146318;123570;1;73.3;61.9;0.0
58;2021-08-15;23;43;0;146341;123613;1;73.3;61.9;0.0
58;2021-08-16;344;1252;0;146685;124865;1;73.5;62.6;0.0
58;2021-08-17;723;1259;0;147408;126124;1;73.9;63.2;0.0
58;2021-08-18;673;1097;0;148081;127221;1;74.2;63.7;0.0
58;2021-08-19;642;1275;0;148723;128496;1;74.5;64.4;0.0
58;2021-08-20;601;1160;0;149324;129656;1;74.8;65.0;0.0
58;2021-08-21;226;489;0;149550;130145;1;74.9;65.2;0.0
58;2021-08-22;16;113;0;149566;130258;1;74.9;65.3;0.0
58;2021-08-23;362;793;0;149928;131051;1;75.1;65.7;0.0
58;2021-08-24;421;1281;0;150349;132332;1;75.3;66.3;0.0
58;2021-08-25;405;1358;0;150754;133690;1;75.5;67.0;0.0
58;2021-08-26;491;1504;0;151245;135194;1;75.8;67.7;0.0
58;2021-08-27;446;1380;0;151691;136574;1;76.0;68.4;0.0
58;2021-08-28;228;661;0;151919;137235;1;76.1;68.8;0.0
58;2021-08-29;10;52;0;151929;137287;1;76.1;68.8;0.0
58;2021-08-30;321;772;26;152250;138059;27;76.3;69.2;0.0
58;2021-08-31;443;1353;73;152693;139412;100;76.5;69.8;0.1
58;2021-09-01;374;1325;161;153067;140737;261;76.7;70.5;0.1
58;2021-09-02;265;1086;117;153332;141823;378;76.8;71.1;0.2
58;2021-09-03;334;1182;204;153666;143005;582;77.0;71.6;0.3
58;2021-09-04;199;570;64;153865;143575;646;77.1;71.9;0.3
58;2021-09-05;8;42;2;153873;143617;648;77.1;72.0;0.3
58;2021-09-06;136;398;163;154009;144015;811;77.2;72.2;0.4
58;2021-09-07;263;695;174;154272;144710;985;77.3;72.5;0.5
58;2021-09-08;233;913;260;154505;145623;1245;77.4;73.0;0.6
58;2021-09-09;233;457;253;154738;146080;1498;77.5;73.2;0.8
58;2021-09-10;238;627;282;154976;146707;1780;77.6;73.5;0.9
58;2021-09-11;108;407;87;155084;147114;1867;77.7;73.7;0.9
58;2021-09-12;5;11;11;155089;147125;1878;77.7;73.7;0.9
58;2021-09-13;183;388;298;155272;147513;2176;77.8;73.9;1.1
58;2021-09-14;268;573;356;155540;148086;2532;77.9;74.2;1.3
58;2021-09-15;184;521;281;155724;148607;2813;78.0;74.5;1.4
58;2021-09-16;190;424;337;155914;149031;3150;78.1;74.7;1.6
58;2021-09-17;195;377;237;156109;149408;3387;78.2;74.9;1.7
58;2021-09-18;106;355;82;156215;149763;3469;78.3;75.0;1.7
58;2021-09-19;6;10;3;156221;149773;3472;78.3;75.0;1.7
58;2021-09-20;160;223;287;156381;149996;3759;78.3;75.1;1.9
58;2021-09-21;133;364;309;156514;150360;4068;78.4;75.3;2.0
58;2021-09-22;147;490;484;156661;150850;4552;78.5;75.6;2.3
58;2021-09-23;131;294;315;156792;151144;4867;78.6;75.7;2.4
58;2021-09-24;118;345;254;156910;151489;5121;78.6;75.9;2.6
58;2021-09-25;78;319;109;156988;151808;5230;78.7;76.1;2.6
58;2021-09-26;10;15;20;156998;151823;5250;78.7;76.1;2.6
58;2021-09-27;88;221;216;157086;152044;5466;78.7;76.2;2.7
58;2021-09-28;119;307;298;157205;152351;5764;78.8;76.3;2.9
58;2021-09-29;98;322;371;157303;152673;6135;78.8;76.5;3.1
58;2021-09-30;77;209;261;157380;152882;6396;78.8;76.6;3.2
58;2021-10-01;99;215;200;157479;153097;6596;78.9;76.7;3.3
58;2021-10-02;85;201;167;157564;153298;6763;78.9;76.8;3.4
58;2021-10-03;0;4;8;157564;153302;6771;78.9;76.8;3.4
58;2021-10-04;69;169;185;157633;153471;6956;79.0;76.9;3.5
58;2021-10-05;131;294;438;157764;153765;7394;79.0;77.0;3.7
58;2021-10-06;71;281;276;157835;154046;7670;79.1;77.2;3.8
58;2021-10-07;85;138;300;157920;154184;7970;79.1;77.2;4.0
58;2021-10-08;110;217;309;158030;154401;8279;79.2;77.4;4.1
58;2021-10-09;67;134;137;158097;154535;8416;79.2;77.4;4.2
58;2021-10-10;3;14;16;158100;154549;8432;79.2;77.4;4.2
58;2021-10-11;50;152;260;158150;154701;8692;79.2;77.5;4.4
58;2021-10-12;107;196;430;158257;154897;9122;79.3;77.6;4.6
58;2021-10-13;122;230;521;158379;155127;9643;79.3;77.7;4.8
58;2021-10-14;67;209;333;158446;155336;9976;79.4;77.8;5.0
58;2021-10-15;73;107;289;158519;155443;10265;79.4;77.9;5.1
58;2021-10-16;61;117;142;158580;155560;10407;79.5;77.9;5.2
58;2021-10-17;3;7;7;158583;155567;10414;79.5;77.9;5.2
58;2021-10-18;33;68;242;158616;155635;10656;79.5;78.0;5.3
58;2021-10-19;67;100;426;158683;155735;11082;79.5;78.0;5.6
58;2021-10-20;132;150;624;158815;155885;11706;79.6;78.1;5.9
58;2021-10-21;49;78;334;158864;155963;12040;79.6;78.1;6.0
58;2021-10-22;52;88;275;158916;156051;12315;79.6;78.2;6.2
58;2021-10-23;63;89;247;158979;156140;12562;79.7;78.2;6.3
58;2021-10-24;9;18;23;158988;156158;12585;79.7;78.2;6.3
58;2021-10-25;40;63;269;159028;156221;12854;79.7;78.3;6.4
58;2021-10-26;83;116;573;159111;156337;13427;79.7;78.3;6.7
58;2021-10-27;75;87;507;159186;156424;13934;79.8;78.4;7.0
58;2021-10-28;55;92;521;159241;156516;14455;79.8;78.4;7.2
58;2021-10-29;41;68;299;159282;156584;14754;79.8;78.5;7.4
58;2021-10-30;54;74;172;159336;156658;14926;79.8;78.5;7.5
58;2021-10-31;0;10;8;159336;156668;14934;79.8;78.5;7.5
58;2021-11-01;3;0;4;159339;156668;14938;79.8;78.5;7.5
58;2021-11-02;57;93;448;159396;156761;15386;79.9;78.5;7.7
58;2021-11-03;74;143;671;159470;156904;16057;79.9;78.6;8.0
58;2021-11-04;63;70;461;159533;156974;16518;79.9;78.6;8.3
58;2021-11-05;60;66;408;159593;157040;16926;80.0;78.7;8.5
58;2021-11-06;41;54;216;159634;157094;17142;80.0;78.7;8.6
58;2021-11-07;4;6;36;159638;157100;17178;80.0;78.7;8.6
58;2021-11-08;26;39;441;159664;157139;17619;80.0;78.7;8.8
58;2021-11-09;54;84;775;159718;157223;18394;80.0;78.8;9.2
58;2021-11-10;84;144;857;159802;157367;19251;80.1;78.8;9.6
58;2021-11-11;6;8;24;159808;157375;19275;80.1;78.8;9.7
58;2021-11-12;69;74;610;159877;157449;19885;80.1;78.9;10.0
58;2021-11-13;32;61;278;159909;157510;20163;80.1;78.9;10.1
58;2021-11-14;2;8;12;159911;157518;20175;80.1;78.9;10.1
58;2021-11-15;34;46;624;159945;157564;20799;80.1;78.9;10.4
58;2021-11-16;58;89;1014;160003;157653;21813;80.2;79.0;10.9
58;2021-11-17;69;136;951;160072;157789;22764;80.2;79.1;11.4
58;2021-11-18;58;60;856;160130;157849;23620;80.2;79.1;11.8
58;2021-11-19;55;62;743;160185;157911;24363;80.3;79.1;12.2
58;2021-11-20;39;51;361;160224;157962;24724;80.3;79.1;12.4
58;2021-11-21;3;3;48;160227;157965;24772;80.3;79.1;12.4
58;2021-11-22;39;31;682;160266;157996;25454;80.3;79.2;12.8
58;2021-11-23;74;64;1022;160340;158060;26476;80.3;79.2;13.3
58;2021-11-24;89;125;1063;160429;158185;27539;80.4;79.3;13.8
58;2021-11-25;63;65;1318;160492;158250;28857;80.4;79.3;14.5
58;2021-11-26;76;63;1099;160568;158313;29956;80.4;79.3;15.0
58;2021-11-27;44;55;626;160612;158368;30582;80.5;79.3;15.3
58;2021-11-28;9;5;104;160621;158373;30686;80.5;79.3;15.4
58;2021-11-29;60;40;1402;160681;158413;32088;80.5;79.4;16.1
58;2021-11-30;74;58;2101;160755;158471;34189;80.5;79.4;17.1
58;2021-12-01;50;66;1917;160805;158537;36106;80.6;79.4;18.1
58;2021-12-02;52;52;2185;160857;158589;38291;80.6;79.5;19.2
58;2021-12-03;51;64;1953;160908;158653;40244;80.6;79.5;20.2
58;2021-12-04;46;44;934;160954;158697;41178;80.6;79.5;20.6
58;2021-12-05;2;6;132;160956;158703;41310;80.6;79.5;20.7
58;2021-12-06;41;34;1683;160997;158737;42993;80.7;79.5;21.5
58;2021-12-07;49;70;2335;161046;158807;45328;80.7;79.6;22.7
58;2021-12-08;34;70;2027;161080;158877;47355;80.7;79.6;23.7
58;2021-12-09;47;61;2747;161127;158938;50102;80.7;79.6;25.1
58;2021-12-10;66;63;2299;161193;159001;52401;80.8;79.7;26.3
58;2021-12-11;36;56;1016;161229;159057;53417;80.8;79.7;26.8
58;2021-12-12;6;9;185;161235;159066;53602;80.8;79.7;26.9
58;2021-12-13;43;53;1860;161278;159119;55462;80.8;79.7;27.8
58;2021-12-14;50;92;3077;161328;159211;58539;80.8;79.8;29.3
58;2021-12-15;60;81;2424;161388;159292;60963;80.9;79.8;30.5
59;2020-12-27;0;0;0;0;0;0;0.0;0.0;0.0
59;2020-12-28;25;0;0;25;0;0;0.0;0.0;0.0
59;2020-12-29;0;0;0;25;0;0;0.0;0.0;0.0
59;2020-12-30;1;0;0;26;0;0;0.0;0.0;0.0
59;2020-12-31;1;0;0;27;0;0;0.0;0.0;0.0
59;2021-01-01;2;0;0;29;0;0;0.0;0.0;0.0
59;2021-01-02;4;2;0;33;2;0;0.0;0.0;0.0
59;2021-01-03;3;0;0;36;2;0;0.0;0.0;0.0
59;2021-01-04;80;0;0;116;2;0;0.0;0.0;0.0
59;2021-01-05;200;0;0;316;2;0;0.0;0.0;0.0
59;2021-01-06;404;2;0;720;4;0;0.0;0.0;0.0
59;2021-01-07;1274;1;0;1994;5;0;0.1;0.0;0.0
59;2021-01-08;1253;7;0;3247;12;0;0.1;0.0;0.0
59;2021-01-09;564;2;0;3811;14;0;0.1;0.0;0.0
59;2021-01-10;401;0;0;4212;14;0;0.2;0.0;0.0
59;2021-01-11;1766;7;0;5978;21;0;0.2;0.0;0.0
59;2021-01-12;2400;3;0;8378;24;0;0.3;0.0;0.0
59;2021-01-13;2315;5;0;10693;29;0;0.4;0.0;0.0
59;2021-01-14;2664;26;0;13357;55;0;0.5;0.0;0.0
59;2021-01-15;2211;17;0;15568;72;0;0.6;0.0;0.0
59;2021-01-16;735;3;0;16303;75;0;0.6;0.0;0.0
59;2021-01-17;514;4;0;16817;79;0;0.6;0.0;0.0
59;2021-01-18;3440;13;0;20257;92;0;0.8;0.0;0.0
59;2021-01-19;4723;14;0;24980;106;0;1.0;0.0;0.0
59;2021-01-20;4092;13;0;29072;119;0;1.1;0.0;0.0
59;2021-01-21;4715;43;0;33787;162;0;1.3;0.0;0.0
59;2021-01-22;4063;13;0;37850;175;0;1.5;0.0;0.0
59;2021-01-23;1220;2;0;39070;177;0;1.5;0.0;0.0
59;2021-01-24;163;0;0;39233;177;0;1.5;0.0;0.0
59;2021-01-25;2756;52;0;41989;229;0;1.6;0.0;0.0
59;2021-01-26;2836;129;0;44825;358;0;1.7;0.0;0.0
59;2021-01-27;1780;293;0;46605;651;0;1.8;0.0;0.0
59;2021-01-28;3470;747;0;50075;1398;0;1.9;0.1;0.0
59;2021-01-29;2568;774;0;52643;2172;0;2.0;0.1;0.0
59;2021-01-30;298;177;0;52941;2349;0;2.0;0.1;0.0
59;2021-01-31;26;1;0;52967;2350;0;2.0;0.1;0.0
59;2021-02-01;90;838;0;53057;3188;0;2.0;0.1;0.0
59;2021-02-02;697;1445;0;53754;4633;0;2.1;0.2;0.0
59;2021-02-03;3540;1429;0;57294;6062;0;2.2;0.2;0.0
59;2021-02-04;2830;1707;0;60124;7769;0;2.3;0.3;0.0
59;2021-02-05;1053;1386;0;61177;9155;0;2.4;0.4;0.0
59;2021-02-06;216;378;0;61393;9533;0;2.4;0.4;0.0
59;2021-02-07;250;47;0;61643;9580;0;2.4;0.4;0.0
59;2021-02-08;673;1569;0;62316;11149;0;2.4;0.4;0.0
59;2021-02-09;1011;1790;0;63327;12939;0;2.4;0.5;0.0
59;2021-02-10;1010;1620;0;64337;14559;0;2.5;0.6;0.0
59;2021-02-11;1340;1822;0;65677;16381;0;2.5;0.6;0.0
59;2021-02-12;1447;1587;0;67124;17968;0;2.6;0.7;0.0
59;2021-02-13;193;705;0;67317;18673;0;2.6;0.7;0.0
59;2021-02-14;15;41;0;67332;18714;0;2.6;0.7;0.0
59;2021-02-15;1334;3094;0;68666;21808;0;2.7;0.8;0.0
59;2021-02-16;1430;3688;0;70096;25496;0;2.7;1.0;0.0
59;2021-02-17;1590;3816;0;71686;29312;0;2.8;1.1;0.0
59;2021-02-18;3024;5177;0;74710;34489;0;2.9;1.3;0.0
59;2021-02-19;3209;3635;0;77919;38124;0;3.0;1.5;0.0
59;2021-02-20;1383;1558;0;79302;39682;0;3.1;1.5;0.0
59;2021-02-21;246;244;0;79548;39926;0;3.1;1.5;0.0
59;2021-02-22;1407;2550;0;80955;42476;0;3.1;1.6;0.0
59;2021-02-23;2605;2853;0;83560;45329;0;3.2;1.8;0.0
59;2021-02-24;3992;3887;0;87552;49216;0;3.4;1.9;0.0
59;2021-02-25;6731;3562;0;94283;52778;0;3.6;2.0;0.0
59;2021-02-26;6355;1827;0;100638;54605;0;3.9;2.1;0.0
59;2021-02-27;3025;186;0;103663;54791;0;4.0;2.1;0.0
59;2021-02-28;204;62;0;103867;54853;0;4.0;2.1;0.0
59;2021-03-01;3582;652;0;107449;55505;0;4.2;2.1;0.0
59;2021-03-02;4764;572;0;112213;56077;0;4.3;2.2;0.0
59;2021-03-03;5647;979;0;117860;57056;0;4.6;2.2;0.0
59;2021-03-04;6992;927;0;124852;57983;0;4.8;2.2;0.0
59;2021-03-05;7743;980;0;132595;58963;0;5.1;2.3;0.0
59;2021-03-06;11372;560;0;143967;59523;0;5.6;2.3;0.0
59;2021-03-07;7480;365;0;151447;59888;0;5.8;2.3;0.0
59;2021-03-08;4365;1076;0;155812;60964;0;6.0;2.4;0.0
59;2021-03-09;6388;1389;0;162200;62353;0;6.3;2.4;0.0
59;2021-03-10;6843;1213;0;169043;63566;0;6.5;2.5;0.0
59;2021-03-11;9269;1931;0;178312;65497;0;6.9;2.5;0.0
59;2021-03-12;11924;1597;0;190236;67094;0;7.3;2.6;0.0
59;2021-03-13;16243;1099;0;206479;68193;0;8.0;2.6;0.0
59;2021-03-14;6788;374;0;213267;68567;0;8.2;2.6;0.0
59;2021-03-15;5502;1491;0;218769;70058;0;8.4;2.7;0.0
59;2021-03-16;3698;1368;0;222467;71426;0;8.6;2.8;0.0
59;2021-03-17;3787;2036;0;226254;73462;0;8.7;2.8;0.0
59;2021-03-18;3905;2383;0;230159;75845;0;8.9;2.9;0.0
59;2021-03-19;7641;1859;0;237800;77704;0;9.2;3.0;0.0
59;2021-03-20;15513;1293;0;253313;78997;0;9.8;3.1;0.0
59;2021-03-21;6341;461;0;259654;79458;0;10.0;3.1;0.0
59;2021-03-22;5286;1736;0;264940;81194;0;10.2;3.1;0.0
59;2021-03-23;7678;2813;0;272618;84007;0;10.5;3.2;0.0
59;2021-03-24;6948;2981;0;279566;86988;0;10.8;3.4;0.0
59;2021-03-25;10497;2560;0;290063;89548;0;11.2;3.5;0.0
59;2021-03-26;12207;2873;0;302270;92421;0;11.7;3.6;0.0
59;2021-03-27;15157;1155;0;317427;93576;0;12.3;3.6;0.0
59;2021-03-28;7844;366;0;325271;93942;0;12.6;3.6;0.0
59;2021-03-29;5497;3132;0;330768;97074;0;12.8;3.7;0.0
59;2021-03-30;7568;3746;0;338336;100820;0;13.1;3.9;0.0
59;2021-03-31;6246;4137;0;344582;104957;0;13.3;4.1;0.0
59;2021-04-01;7536;4923;0;352118;109880;0;13.6;4.2;0.0
59;2021-04-02;7723;5445;0;359841;115325;0;13.9;4.5;0.0
59;2021-04-03;12652;4234;0;372493;119559;0;14.4;4.6;0.0
59;2021-04-04;5216;2164;0;377709;121723;0;14.6;4.7;0.0
59;2021-04-05;5596;1471;0;383305;123194;0;14.8;4.8;0.0
59;2021-04-06;5482;4420;0;388787;127614;0;15.0;4.9;0.0
59;2021-04-07;7692;5335;0;396479;132949;0;15.3;5.1;0.0
59;2021-04-08;10320;5790;0;406799;138739;0;15.7;5.4;0.0
59;2021-04-09;13287;5837;0;420086;144576;0;16.2;5.6;0.0
59;2021-04-10;11220;6118;0;431306;150694;0;16.7;5.8;0.0
59;2021-04-11;4471;3522;0;435777;154216;0;16.8;6.0;0.0
59;2021-04-12;6221;4216;0;441998;158432;0;17.1;6.1;0.0
59;2021-04-13;8979;4713;0;450977;163145;0;17.4;6.3;0.0
59;2021-04-14;8733;4300;0;459710;167445;0;17.8;6.5;0.0
59;2021-04-15;10211;4839;0;469921;172284;0;18.2;6.7;0.0
59;2021-04-16;10708;5397;0;480629;177681;0;18.6;6.9;0.0
59;2021-04-17;7111;8737;0;487740;186418;0;18.8;7.2;0.0
59;2021-04-18;3078;4218;0;490818;190636;0;19.0;7.4;0.0
59;2021-04-19;4887;4149;0;495705;194785;0;19.1;7.5;0.0
59;2021-04-20;6894;4265;0;502599;199050;0;19.4;7.7;0.0
59;2021-04-21;6305;4537;0;508904;203587;0;19.7;7.9;0.0
59;2021-04-22;8376;5577;0;517280;209164;0;20.0;8.1;0.0
59;2021-04-23;8337;5745;0;525617;214909;0;20.3;8.3;0.0
59;2021-04-24;5422;7975;0;531039;222884;0;20.5;8.6;0.0
59;2021-04-25;3132;5885;0;534171;228769;0;20.6;8.8;0.0
59;2021-04-26;6259;3739;0;540430;232508;0;20.9;9.0;0.0
59;2021-04-27;8201;5262;0;548631;237770;0;21.2;9.2;0.0
59;2021-04-28;8641;6608;0;557272;244378;0;21.5;9.4;0.0
59;2021-04-29;9252;8611;0;566524;252989;0;21.9;9.8;0.0
59;2021-04-30;10259;8515;0;576783;261504;0;22.3;10.1;0.0
59;2021-05-01;11330;7126;0;588113;268630;0;22.7;10.4;0.0
59;2021-05-02;8156;5568;0;596269;274198;0;23.0;10.6;0.0
59;2021-05-03;9021;4978;0;605290;279176;0;23.4;10.8;0.0
59;2021-05-04;10938;6030;0;616228;285206;0;23.8;11.0;0.0
59;2021-05-05;9857;6280;0;626085;291486;0;24.2;11.3;0.0
59;2021-05-06;10838;8308;0;636923;299794;0;24.6;11.6;0.0
59;2021-05-07;12510;9451;0;649433;309245;0;25.1;11.9;0.0
59;2021-05-08;13741;3949;0;663174;313194;0;25.6;12.1;0.0
59;2021-05-09;10609;3217;0;673783;316411;0;26.0;12.2;0.0
59;2021-05-10;11610;6503;0;685393;322914;0;26.5;12.5;0.0
59;2021-05-11;14301;8311;0;699694;331225;0;27.0;12.8;0.0
59;2021-05-12;15749;8507;0;715443;339732;0;27.6;13.1;0.0
59;2021-05-13;17686;3333;0;733129;343065;0;28.3;13.3;0.0
59;2021-05-14;15446;6791;0;748575;349856;0;28.9;13.5;0.0
59;2021-05-15;22730;5111;0;771305;354967;0;29.8;13.7;0.0
59;2021-05-16;19877;2308;0;791182;357275;0;30.6;13.8;0.0
59;2021-05-17;14444;5083;0;805626;362358;0;31.1;14.0;0.0
59;2021-05-18;16548;5634;0;822174;367992;0;31.8;14.2;0.0
59;2021-05-19;17713;5121;0;839887;373113;0;32.4;14.4;0.0
59;2021-05-20;17368;6875;0;857255;379988;0;33.1;14.7;0.0
59;2021-05-21;17602;8089;0;874857;388077;0;33.8;15.0;0.0
59;2021-05-22;23089;5540;0;897946;393617;0;34.7;15.2;0.0
59;2021-05-23;16716;2193;0;914662;395810;0;35.3;15.3;0.0
59;2021-05-24;14843;1915;0;929505;397725;0;35.9;15.4;0.0
59;2021-05-25;14536;6643;0;944041;404368;0;36.5;15.6;0.0
59;2021-05-26;14967;7036;0;959008;411404;0;37.0;15.9;0.0
59;2021-05-27;15422;9059;0;974430;420463;0;37.6;16.2;0.0
59;2021-05-28;15163;11249;0;989593;431712;0;38.2;16.7;0.0
59;2021-05-29;13848;8592;0;1003441;440304;0;38.8;17.0;0.0
59;2021-05-30;7838;1774;0;1011279;442078;0;39.1;17.1;0.0
59;2021-05-31;13613;7705;0;1024892;449783;0;39.6;17.4;0.0
59;2021-06-01;14782;10312;0;1039674;460095;0;40.2;17.8;0.0
59;2021-06-02;14344;9719;0;1054018;469814;0;40.7;18.1;0.0
59;2021-06-03;15002;11842;0;1069020;481656;0;41.3;18.6;0.0
59;2021-06-04;15276;13207;0;1084296;494863;0;41.9;19.1;0.0
59;2021-06-05;14213;9106;0;1098509;503969;0;42.4;19.5;0.0
59;2021-06-06;8147;3063;0;1106656;507032;0;42.7;19.6;0.0
59;2021-06-07;10032;9144;0;1116688;516176;0;43.1;19.9;0.0
59;2021-06-08;11335;10879;0;1128023;527055;0;43.6;20.4;0.0
59;2021-06-09;10611;11589;0;1138634;538644;0;44.0;20.8;0.0
59;2021-06-10;11258;11959;0;1149892;550603;0;44.4;21.3;0.0
59;2021-06-11;10941;15570;0;1160833;566173;0;44.8;21.9;0.0
59;2021-06-12;10670;13154;0;1171503;579327;0;45.2;22.4;0.0
59;2021-06-13;5940;6673;0;1177443;586000;0;45.5;22.6;0.0
59;2021-06-14;6283;12249;0;1183726;598249;0;45.7;23.1;0.0
59;2021-06-15;8149;15560;0;1191875;613809;0;46.0;23.7;0.0
59;2021-06-16;9053;13284;0;1200928;627093;0;46.4;24.2;0.0
59;2021-06-17;9052;15283;0;1209980;642376;0;46.7;24.8;0.0
59;2021-06-18;8986;19192;0;1218966;661568;0;47.1;25.6;0.0
59;2021-06-19;8623;16437;0;1227589;678005;0;47.4;26.2;0.0
59;2021-06-20;4442;9237;0;1232031;687242;0;47.6;26.5;0.0
59;2021-06-21;5242;15164;0;1237273;702406;0;47.8;27.1;0.0
59;2021-06-22;6160;18266;0;1243433;720672;0;48.0;27.8;0.0
59;2021-06-23;5983;18576;0;1249416;739248;0;48.3;28.6;0.0
59;2021-06-24;7100;19998;0;1256516;759246;0;48.5;29.3;0.0
59;2021-06-25;6342;21026;0;1262858;780272;0;48.8;30.1;0.0
59;2021-06-26;6210;23116;0;1269068;803388;0;49.0;31.0;0.0
59;2021-06-27;4219;15862;0;1273287;819250;0;49.2;31.6;0.0
59;2021-06-28;4771;18989;0;1278058;838239;0;49.4;32.4;0.0
59;2021-06-29;5364;20057;0;1283422;858296;0;49.6;33.2;0.0
59;2021-06-30;6116;19703;0;1289538;877999;0;49.8;33.9;0.0
59;2021-07-01;7057;20305;0;1296595;898304;0;50.1;34.7;0.0
59;2021-07-02;7231;22609;0;1303826;920913;0;50.4;35.6;0.0
59;2021-07-03;5456;23761;0;1309282;944674;0;50.6;36.5;0.0
59;2021-07-04;4039;14732;0;1313321;959406;0;50.7;37.1;0.0
59;2021-07-05;5568;16547;0;1318889;975953;0;50.9;37.7;0.0
59;2021-07-06;6486;18472;0;1325375;994425;0;51.2;38.4;0.0
59;2021-07-07;6818;17177;0;1332193;1011602;0;51.5;39.1;0.0
59;2021-07-08;8070;17399;0;1340263;1029001;0;51.8;39.7;0.0
59;2021-07-09;7601;19792;0;1347864;1048793;0;52.1;40.5;0.0
59;2021-07-10;7226;17813;0;1355090;1066606;0;52.3;41.2;0.0
59;2021-07-11;4056;9290;0;1359146;1075896;0;52.5;41.6;0.0
59;2021-07-12;5781;17497;0;1364927;1093393;0;52.7;42.2;0.0
59;2021-07-13;9840;20613;0;1374767;1114006;0;53.1;43.0;0.0
59;2021-07-14;9999;8182;0;1384766;1122188;0;53.5;43.3;0.0
59;2021-07-15;11822;20257;0;1396588;1142445;0;53.9;44.1;0.0
59;2021-07-16;13254;20363;0;1409842;1162808;0;54.5;44.9;0.0
59;2021-07-17;12579;16761;0;1422421;1179569;0;54.9;45.6;0.0
59;2021-07-18;7626;8170;0;1430047;1187739;0;55.2;45.9;0.0
59;2021-07-19;10527;15962;0;1440574;1203701;0;55.6;46.5;0.0
59;2021-07-20;13571;17059;0;1454145;1220760;0;56.2;47.2;0.0
59;2021-07-21;14922;15644;0;1469067;1236404;0;56.7;47.8;0.0
59;2021-07-22;17293;15427;0;1486360;1251831;0;57.4;48.4;0.0
59;2021-07-23;16087;15974;0;1502447;1267805;0;58.0;49.0;0.0
59;2021-07-24;16092;12364;0;1518539;1280169;0;58.7;49.4;0.0
59;2021-07-25;11225;6968;0;1529764;1287137;0;59.1;49.7;0.0
59;2021-07-26;12946;12401;0;1542710;1299538;0;59.6;50.2;0.0
59;2021-07-27;16122;12078;0;1558832;1311616;0;60.2;50.7;0.0
59;2021-07-28;17458;11840;0;1576290;1323456;0;60.9;51.1;0.0
59;2021-07-29;17377;11860;0;1593667;1335316;0;61.6;51.6;0.0
59;2021-07-30;15997;11622;0;1609664;1346938;0;62.2;52.0;0.0
59;2021-07-31;13536;8926;0;1623200;1355864;0;62.7;52.4;0.0
59;2021-08-01;9298;4364;0;1632498;1360228;0;63.1;52.5;0.0
59;2021-08-02;12278;10056;0;1644776;1370284;0;63.5;52.9;0.0
59;2021-08-03;13655;10213;0;1658431;1380497;0;64.1;53.3;0.0
59;2021-08-04;11753;8812;0;1670184;1389309;0;64.5;53.7;0.0
59;2021-08-05;12957;10045;0;1683141;1399354;0;65.0;54.1;0.0
59;2021-08-06;12567;11337;0;1695708;1410691;0;65.5;54.5;0.0
59;2021-08-07;9311;8922;0;1705019;1419613;0;65.9;54.8;0.0
59;2021-08-08;6425;5067;0;1711444;1424680;0;66.1;55.0;0.0
59;2021-08-09;8341;11064;0;1719785;1435744;0;66.4;55.5;0.0
59;2021-08-10;10268;11209;0;1730053;1446953;0;66.8;55.9;0.0
59;2021-08-11;8728;9930;0;1738781;1456883;0;67.2;56.3;0.0
59;2021-08-12;9060;12510;0;1747841;1469393;0;67.5;56.8;0.0
59;2021-08-13;8410;11925;0;1756251;1481318;0;67.8;57.2;0.0
59;2021-08-14;5682;10460;0;1761933;1491778;0;68.1;57.6;0.0
59;2021-08-15;3042;4382;0;1764975;1496160;0;68.2;57.8;0.0
59;2021-08-16;5783;14047;0;1770758;1510207;0;68.4;58.3;0.0
59;2021-08-17;6992;13244;0;1777750;1523451;0;68.7;58.8;0.0
59;2021-08-18;5814;12022;0;1783564;1535473;0;68.9;59.3;0.0
59;2021-08-19;6202;13935;0;1789766;1549408;0;69.1;59.8;0.0
59;2021-08-20;5734;14604;0;1795500;1564012;0;69.4;60.4;0.0
59;2021-08-21;4083;10376;0;1799583;1574388;0;69.5;60.8;0.0
59;2021-08-22;2592;7170;0;1802175;1581558;0;69.6;61.1;0.0
59;2021-08-23;4622;15572;0;1806797;1597130;0;69.8;61.7;0.0
59;2021-08-24;5263;15319;0;1812060;1612449;0;70.0;62.3;0.0
59;2021-08-25;4553;13201;0;1816613;1625650;0;70.2;62.8;0.0
59;2021-08-26;5007;14337;0;1821620;1639987;0;70.4;63.3;0.0
59;2021-08-27;4817;15176;0;1826437;1655163;0;70.5;63.9;0.0
59;2021-08-28;3609;11900;0;1830046;1667063;0;70.7;64.4;0.0
59;2021-08-29;1761;7859;0;1831807;1674922;0;70.8;64.7;0.0
59;2021-08-30;3714;12339;269;1835521;1687261;269;70.9;65.2;0.0
59;2021-08-31;3681;12154;551;1839202;1699415;820;71.0;65.6;0.0
59;2021-09-01;3601;9564;962;1842803;1708979;1782;71.2;66.0;0.1
59;2021-09-02;3165;9813;1148;1845968;1718792;2930;71.3;66.4;0.1
59;2021-09-03;3666;10576;1286;1849634;1729368;4216;71.4;66.8;0.2
59;2021-09-04;3252;8856;591;1852886;1738224;4807;71.6;67.1;0.2
59;2021-09-05;1060;3164;202;1853946;1741388;5009;71.6;67.3;0.2
59;2021-09-06;2094;5990;1220;1856040;1747378;6229;71.7;67.5;0.2
59;2021-09-07;2189;5965;1105;1858229;1753343;7334;71.8;67.7;0.3
59;2021-09-08;2522;6471;1053;1860751;1759814;8387;71.9;68.0;0.3
59;2021-09-09;2342;5509;1071;1863093;1765323;9458;72.0;68.2;0.4
59;2021-09-10;3236;6584;1427;1866329;1771907;10885;72.1;68.4;0.4
59;2021-09-11;2464;6723;520;1868793;1778630;11405;72.2;68.7;0.4
59;2021-09-12;830;2543;147;1869623;1781173;11552;72.2;68.8;0.4
59;2021-09-13;1978;4125;1401;1871601;1785298;12953;72.3;69.0;0.5
59;2021-09-14;2304;4207;1924;1873905;1789505;14877;72.4;69.1;0.6
59;2021-09-15;2271;5274;1406;1876176;1794779;16283;72.5;69.3;0.6
59;2021-09-16;2086;4077;1985;1878262;1798856;18268;72.5;69.5;0.7
59;2021-09-17;2799;5187;1996;1881061;1804043;20264;72.7;69.7;0.8
59;2021-09-18;1673;5586;660;1882734;1809629;20924;72.7;69.9;0.8
59;2021-09-19;327;1193;146;1883061;1810822;21070;72.7;69.9;0.8
59;2021-09-20;1395;3136;1711;1884456;1813958;22781;72.8;70.1;0.9
59;2021-09-21;1277;2816;2100;1885733;1816774;24881;72.8;70.2;1.0
59;2021-09-22;1390;4641;1901;1887123;1821415;26782;72.9;70.4;1.0
59;2021-09-23;1415;2717;2186;1888538;1824132;28968;72.9;70.5;1.1
59;2021-09-24;1817;4067;2032;1890355;1828199;31000;73.0;70.6;1.2
59;2021-09-25;1143;3822;777;1891498;1832021;31777;73.1;70.8;1.2
59;2021-09-26;280;1087;146;1891778;1833108;31923;73.1;70.8;1.2
59;2021-09-27;1018;2401;1802;1892796;1835509;33725;73.1;70.9;1.3
59;2021-09-28;1044;2110;1709;1893840;1837619;35434;73.1;71.0;1.4
59;2021-09-29;1256;2888;1746;1895096;1840507;37180;73.2;71.1;1.4
59;2021-09-30;1180;2186;1938;1896276;1842693;39118;73.2;71.2;1.5
59;2021-10-01;2020;3238;2581;1898296;1845931;41699;73.3;71.3;1.6
59;2021-10-02;1452;3036;1290;1899748;1848967;42989;73.4;71.4;1.7
59;2021-10-03;233;594;172;1899981;1849561;43161;73.4;71.4;1.7
59;2021-10-04;1204;1934;2422;1901185;1851495;45583;73.4;71.5;1.8
59;2021-10-05;1119;2051;2408;1902304;1853546;47991;73.5;71.6;1.9
59;2021-10-06;1309;2363;2747;1903613;1855909;50738;73.5;71.7;2.0
59;2021-10-07;989;1798;2608;1904602;1857707;53346;73.6;71.8;2.1
59;2021-10-08;1699;3192;3407;1906301;1860899;56753;73.6;71.9;2.2
59;2021-10-09;1257;2164;1782;1907558;1863063;58535;73.7;72.0;2.3
59;2021-10-10;264;430;352;1907822;1863493;58887;73.7;72.0;2.3
59;2021-10-11;1082;1560;2955;1908904;1865053;61842;73.7;72.0;2.4
59;2021-10-12;1070;1594;3155;1909974;1866647;64997;73.8;72.1;2.5
59;2021-10-13;1212;1859;3117;1911186;1868506;68114;73.8;72.2;2.6
59;2021-10-14;976;1510;2785;1912162;1870016;70899;73.9;72.2;2.7
59;2021-10-15;1502;2459;4035;1913664;1872475;74934;73.9;72.3;2.9
59;2021-10-16;1170;1643;1945;1914834;1874118;76879;74.0;72.4;3.0
59;2021-10-17;258;328;325;1915092;1874446;77204;74.0;72.4;3.0
59;2021-10-18;992;1224;3047;1916084;1875670;80251;74.0;72.4;3.1
59;2021-10-19;914;1318;3429;1916998;1876988;83680;74.0;72.5;3.2
59;2021-10-20;1070;1482;3608;1918068;1878470;87288;74.1;72.6;3.4
59;2021-10-21;817;1358;3246;1918885;1879828;90534;74.1;72.6;3.5
59;2021-10-22;1237;1801;4315;1920122;1881629;94849;74.2;72.7;3.7
59;2021-10-23;1044;1406;2365;1921166;1883035;97214;74.2;72.7;3.8
59;2021-10-24;174;232;416;1921340;1883267;97630;74.2;72.7;3.8
59;2021-10-25;940;1179;3347;1922280;1884446;100977;74.2;72.8;3.9
59;2021-10-26;821;1081;3529;1923101;1885527;104506;74.3;72.8;4.0
59;2021-10-27;970;1350;4002;1924071;1886877;108508;74.3;72.9;4.2
59;2021-10-28;794;847;3251;1924865;1887724;111759;74.3;72.9;4.3
59;2021-10-29;1109;1470;4694;1925974;1889194;116453;74.4;73.0;4.5
59;2021-10-30;729;1276;2434;1926703;1890470;118887;74.4;73.0;4.6
59;2021-10-31;109;165;268;1926812;1890635;119155;74.4;73.0;4.6
59;2021-11-01;128;79;83;1926940;1890714;119238;74.4;73.0;4.6
59;2021-11-02;984;1420;4250;1927924;1892134;123488;74.5;73.1;4.8
59;2021-11-03;1028;1439;4799;1928952;1893573;128287;74.5;73.1;5.0
59;2021-11-04;804;944;3711;1929756;1894517;131998;74.5;73.2;5.1
59;2021-11-05;1133;1579;5319;1930889;1896096;137317;74.6;73.2;5.3
59;2021-11-06;855;1218;3098;1931744;1897314;140415;74.6;73.3;5.4
59;2021-11-07;123;226;428;1931867;1897540;140843;74.6;73.3;5.4
59;2021-11-08;694;1081;4771;1932561;1898621;145614;74.6;73.3;5.6
59;2021-11-09;829;1173;6165;1933390;1899794;151779;74.7;73.4;5.9
59;2021-11-10;1151;1478;6873;1934541;1901272;158652;74.7;73.4;6.1
59;2021-11-11;42;73;208;1934583;1901345;158860;74.7;73.4;6.1
59;2021-11-12;1096;1406;7564;1935679;1902751;166424;74.8;73.5;6.4
59;2021-11-13;897;1144;4125;1936576;1903895;170549;74.8;73.5;6.6
59;2021-11-14;121;117;441;1936697;1904012;170990;74.8;73.5;6.6
59;2021-11-15;764;1021;5925;1937461;1905033;176915;74.8;73.6;6.8
59;2021-11-16;883;1005;6812;1938344;1906038;183727;74.9;73.6;7.1
59;2021-11-17;1104;1322;6854;1939448;1907360;190581;74.9;73.7;7.4
59;2021-11-18;889;1003;6652;1940337;1908363;197233;74.9;73.7;7.6
59;2021-11-19;1356;1484;8985;1941693;1909847;206218;75.0;73.8;8.0
59;2021-11-20;1086;1217;5054;1942779;1911064;211272;75.0;73.8;8.2
59;2021-11-21;120;152;472;1942899;1911216;211744;75.0;73.8;8.2
59;2021-11-22;814;672;6177;1943713;1911888;217921;75.1;73.8;8.4
59;2021-11-23;934;900;7995;1944647;1912788;225916;75.1;73.9;8.7
59;2021-11-24;1071;1218;7490;1945718;1914006;233406;75.2;73.9;9.0
59;2021-11-25;864;903;9579;1946582;1914909;242985;75.2;74.0;9.4
59;2021-11-26;1150;1293;15304;1947732;1916202;258289;75.2;74.0;10.0
59;2021-11-27;905;1111;11728;1948637;1917313;270017;75.3;74.1;10.4
59;2021-11-28;151;212;4720;1948788;1917525;274737;75.3;74.1;10.6
59;2021-11-29;697;760;15805;1949485;1918285;290542;75.3;74.1;11.2
59;2021-11-30;888;930;20672;1950373;1919215;311214;75.3;74.1;12.0
59;2021-12-01;742;1101;20201;1951115;1920316;331415;75.4;74.2;12.8
59;2021-12-02;676;682;22046;1951791;1920998;353461;75.4;74.2;13.7
59;2021-12-03;848;1131;26550;1952639;1922129;380011;75.4;74.2;14.7
59;2021-12-04;648;1039;19490;1953287;1923168;399501;75.4;74.3;15.4
59;2021-12-05;176;238;7963;1953463;1923406;407464;75.5;74.3;15.7
59;2021-12-06;634;839;23589;1954097;1924245;431053;75.5;74.3;16.6
59;2021-12-07;691;949;27318;1954788;1925194;458371;75.5;74.4;17.7
59;2021-12-08;724;1073;25063;1955512;1926267;483434;75.5;74.4;18.7
59;2021-12-09;741;881;27736;1956253;1927148;511170;75.6;74.4;19.7
59;2021-12-10;758;1296;31436;1957011;1928444;542606;75.6;74.5;21.0
59;2021-12-11;674;1135;22983;1957685;1929579;565589;75.6;74.5;21.8
59;2021-12-12;238;222;8712;1957923;1929801;574301;75.6;74.5;22.2
59;2021-12-13;661;974;25828;1958584;1930775;600129;75.7;74.6;23.2
59;2021-12-14;799;917;30180;1959383;1931692;630309;75.7;74.6;24.3
59;2021-12-15;772;1167;27408;1960155;1932859;657717;75.7;74.7;25.4
60;2020-12-27;0;0;0;0;0;0;0.0;0.0;0.0
60;2020-12-28;1;0;0;1;0;0;0.0;0.0;0.0
60;2020-12-29;1;0;0;2;0;0;0.0;0.0;0.0
60;2020-12-30;2;0;0;4;0;0;0.0;0.0;0.0
60;2020-12-31;0;0;0;4;0;0;0.0;0.0;0.0
60;2021-01-01;0;0;0;4;0;0;0.0;0.0;0.0
60;2021-01-02;4;0;0;8;0;0;0.0;0.0;0.0
60;2021-01-03;1;0;0;9;0;0;0.0;0.0;0.0
60;2021-01-04;4;0;0;13;0;0;0.0;0.0;0.0
60;2021-01-05;45;1;0;58;1;0;0.0;0.0;0.0
60;2021-01-06;203;4;0;261;5;0;0.0;0.0;0.0
60;2021-01-07;238;4;0;499;9;0;0.1;0.0;0.0
60;2021-01-08;398;4;0;897;13;0;0.1;0.0;0.0
60;2021-01-09;23;0;0;920;13;0;0.1;0.0;0.0
60;2021-01-10;70;0;0;990;13;0;0.1;0.0;0.0
60;2021-01-11;394;5;0;1384;18;0;0.2;0.0;0.0
60;2021-01-12;590;6;0;1974;24;0;0.2;0.0;0.0
60;2021-01-13;576;8;0;2550;32;0;0.3;0.0;0.0
60;2021-01-14;592;11;0;3142;43;0;0.4;0.0;0.0
60;2021-01-15;744;12;0;3886;55;0;0.5;0.0;0.0
60;2021-01-16;132;1;0;4018;56;0;0.5;0.0;0.0
60;2021-01-17;41;0;0;4059;56;0;0.5;0.0;0.0
60;2021-01-18;928;14;0;4987;70;0;0.6;0.0;0.0
60;2021-01-19;1232;17;0;6219;87;0;0.8;0.0;0.0
60;2021-01-20;1760;13;0;7979;100;0;1.0;0.0;0.0
60;2021-01-21;2177;14;0;10156;114;0;1.2;0.0;0.0
60;2021-01-22;1459;23;0;11615;137;0;1.4;0.0;0.0
60;2021-01-23;469;4;0;12084;141;0;1.5;0.0;0.0
60;2021-01-24;71;1;0;12155;142;0;1.5;0.0;0.0
60;2021-01-25;914;12;0;13069;154;0;1.6;0.0;0.0
60;2021-01-26;889;16;0;13958;170;0;1.7;0.0;0.0
60;2021-01-27;657;29;0;14615;199;0;1.8;0.0;0.0
60;2021-01-28;477;171;0;15092;370;0;1.8;0.0;0.0
60;2021-01-29;160;126;0;15252;496;0;1.8;0.1;0.0
60;2021-01-30;33;9;0;15285;505;0;1.9;0.1;0.0
60;2021-01-31;24;56;0;15309;561;0;1.9;0.1;0.0
60;2021-02-01;77;140;0;15386;701;0;1.9;0.1;0.0
60;2021-02-02;46;193;0;15432;894;0;1.9;0.1;0.0
60;2021-02-03;178;295;0;15610;1189;0;1.9;0.1;0.0
60;2021-02-04;191;376;0;15801;1565;0;1.9;0.2;0.0
60;2021-02-05;314;472;0;16115;2037;0;2.0;0.2;0.0
60;2021-02-06;75;85;0;16190;2122;0;2.0;0.3;0.0
60;2021-02-07;29;46;0;16219;2168;0;2.0;0.3;0.0
60;2021-02-08;342;534;0;16561;2702;0;2.0;0.3;0.0
60;2021-02-09;356;521;0;16917;3223;0;2.1;0.4;0.0
60;2021-02-10;593;1055;0;17510;4278;0;2.1;0.5;0.0
60;2021-02-11;965;1123;0;18475;5401;0;2.2;0.7;0.0
60;2021-02-12;881;822;0;19356;6223;0;2.3;0.8;0.0
60;2021-02-13;113;260;0;19469;6483;0;2.4;0.8;0.0
60;2021-02-14;24;89;0;19493;6572;0;2.4;0.8;0.0
60;2021-02-15;633;844;0;20126;7416;0;2.4;0.9;0.0
60;2021-02-16;638;970;0;20764;8386;0;2.5;1.0;0.0
60;2021-02-17;652;941;0;21416;9327;0;2.6;1.1;0.0
60;2021-02-18;681;891;0;22097;10218;0;2.7;1.2;0.0
60;2021-02-19;655;819;0;22752;11037;0;2.8;1.3;0.0
60;2021-02-20;109;208;0;22861;11245;0;2.8;1.4;0.0
60;2021-02-21;27;119;0;22888;11364;0;2.8;1.4;0.0
60;2021-02-22;463;846;0;23351;12210;0;2.8;1.5;0.0
60;2021-02-23;573;777;0;23924;12987;0;2.9;1.6;0.0
60;2021-02-24;802;578;0;24726;13565;0;3.0;1.6;0.0
60;2021-02-25;1156;402;0;25882;13967;0;3.1;1.7;0.0
60;2021-02-26;1294;240;0;27176;14207;0;3.3;1.7;0.0
60;2021-02-27;631;56;0;27807;14263;0;3.4;1.7;0.0
60;2021-02-28;6;12;0;27813;14275;0;3.4;1.7;0.0
60;2021-03-01;849;78;0;28662;14353;0;3.5;1.7;0.0
60;2021-03-02;1001;193;0;29663;14546;0;3.6;1.8;0.0
60;2021-03-03;1353;444;0;31016;14990;0;3.8;1.8;0.0
60;2021-03-04;1822;506;0;32838;15496;0;4.0;1.9;0.0
60;2021-03-05;1983;325;0;34821;15821;0;4.2;1.9;0.0
60;2021-03-06;2171;170;0;36992;15991;0;4.5;1.9;0.0
60;2021-03-07;1113;65;0;38105;16056;0;4.6;1.9;0.0
60;2021-03-08;1167;366;0;39272;16422;0;4.8;2.0;0.0
60;2021-03-09;1933;393;0;41205;16815;0;5.0;2.0;0.0
60;2021-03-10;1974;456;0;43179;17271;0;5.2;2.1;0.0
60;2021-03-11;2431;440;0;45610;17711;0;5.5;2.1;0.0
60;2021-03-12;2750;543;0;48360;18254;0;5.9;2.2;0.0
60;2021-03-13;3737;234;0;52097;18488;0;6.3;2.2;0.0
60;2021-03-14;1655;62;0;53752;18550;0;6.5;2.2;0.0
60;2021-03-15;2133;505;0;55885;19055;0;6.8;2.3;0.0
60;2021-03-16;1534;606;0;57419;19661;0;7.0;2.4;0.0
60;2021-03-17;1648;595;0;59067;20256;0;7.2;2.5;0.0
60;2021-03-18;1668;709;0;60735;20965;0;7.4;2.5;0.0
60;2021-03-19;2576;525;0;63311;21490;0;7.7;2.6;0.0
60;2021-03-20;3116;202;0;66427;21692;0;8.1;2.6;0.0
60;2021-03-21;1964;88;0;68391;21780;0;8.3;2.6;0.0
60;2021-03-22;2154;697;0;70545;22477;0;8.6;2.7;0.0
60;2021-03-23;3212;717;0;73757;23194;0;8.9;2.8;0.0
60;2021-03-24;3083;864;0;76840;24058;0;9.3;2.9;0.0
60;2021-03-25;3881;853;0;80721;24911;0;9.8;3.0;0.0
60;2021-03-26;4319;900;0;85040;25811;0;10.3;3.1;0.0
60;2021-03-27;3980;320;0;89020;26131;0;10.8;3.2;0.0
60;2021-03-28;2277;91;0;91297;26222;0;11.1;3.2;0.0
60;2021-03-29;2691;1079;0;93988;27301;0;11.4;3.3;0.0
60;2021-03-30;3380;1091;0;97368;28392;0;11.8;3.4;0.0
60;2021-03-31;2726;1172;0;100094;29564;0;12.1;3.6;0.0
60;2021-04-01;2812;1179;0;102906;30743;0;12.5;3.7;0.0
60;2021-04-02;3289;1215;0;106195;31958;0;12.9;3.9;0.0
60;2021-04-03;3010;1011;0;109205;32969;0;13.2;4.0;0.0
60;2021-04-04;838;476;0;110043;33445;0;13.3;4.1;0.0
60;2021-04-05;515;97;0;110558;33542;0;13.4;4.1;0.0
60;2021-04-06;1955;1695;0;112513;35237;0;13.6;4.3;0.0
60;2021-04-07;2125;1750;0;114638;36987;0;13.9;4.5;0.0
60;2021-04-08;2787;1527;0;117425;38514;0;14.2;4.7;0.0
60;2021-04-09;3204;1554;0;120629;40068;0;14.6;4.9;0.0
60;2021-04-10;2879;1518;0;123508;41586;0;15.0;5.0;0.0
60;2021-04-11;962;926;0;124470;42512;0;15.1;5.2;0.0
60;2021-04-12;2156;1734;0;126626;44246;0;15.3;5.4;0.0
60;2021-04-13;2865;1794;0;129491;46040;0;15.7;5.6;0.0
60;2021-04-14;3064;1818;0;132555;47858;0;16.1;5.8;0.0
60;2021-04-15;3514;1857;0;136069;49715;0;16.5;6.0;0.0
60;2021-04-16;3295;1948;0;139364;51663;0;16.9;6.3;0.0
60;2021-04-17;2711;2061;0;142075;53724;0;17.2;6.5;0.0
60;2021-04-18;549;1707;0;142624;55431;0;17.3;6.7;0.0
60;2021-04-19;1779;2188;0;144403;57619;0;17.5;7.0;0.0
60;2021-04-20;2300;2588;0;146703;60207;0;17.8;7.3;0.0
60;2021-04-21;2645;2184;0;149348;62391;0;18.1;7.6;0.0
60;2021-04-22;2677;2511;0;152025;64902;0;18.4;7.9;0.0
60;2021-04-23;2673;2452;0;154698;67354;0;18.7;8.2;0.0
60;2021-04-24;2364;3236;0;157062;70590;0;19.0;8.6;0.0
60;2021-04-25;1237;1807;0;158299;72397;0;19.2;8.8;0.0
60;2021-04-26;1902;2531;0;160201;74928;0;19.4;9.1;0.0
60;2021-04-27;2484;2818;0;162685;77746;0;19.7;9.4;0.0
60;2021-04-28;3138;2371;0;165823;80117;0;20.1;9.7;0.0
60;2021-04-29;3397;2694;0;169220;82811;0;20.5;10.0;0.0
60;2021-04-30;3588;2806;0;172808;85617;0;20.9;10.4;0.0
60;2021-05-01;2355;1107;0;175163;86724;0;21.2;10.5;0.0
60;2021-05-02;2159;839;0;177322;87563;0;21.5;10.6;0.0
60;2021-05-03;3252;1935;0;180574;89498;0;21.9;10.8;0.0
60;2021-05-04;3368;2383;0;183942;91881;0;22.3;11.1;0.0
60;2021-05-05;3547;2758;0;187489;94639;0;22.7;11.5;0.0
60;2021-05-06;4211;2624;0;191700;97263;0;23.2;11.8;0.0
60;2021-05-07;4083;2642;0;195783;99905;0;23.7;12.1;0.0
60;2021-05-08;3532;1047;0;199315;100952;0;24.2;12.2;0.0
60;2021-05-09;3317;912;0;202632;101864;0;24.6;12.3;0.0
60;2021-05-10;2745;2371;0;205377;104235;0;24.9;12.6;0.0
60;2021-05-11;4078;2521;0;209455;106756;0;25.4;12.9;0.0
60;2021-05-12;4781;2597;0;214236;109353;0;26.0;13.3;0.0
60;2021-05-13;4753;1045;0;218989;110398;0;26.5;13.4;0.0
60;2021-05-14;5489;1795;0;224478;112193;0;27.2;13.6;0.0
60;2021-05-15;5897;1638;0;230375;113831;0;27.9;13.8;0.0
60;2021-05-16;4599;634;0;234974;114465;0;28.5;13.9;0.0
60;2021-05-17;3607;1593;0;238581;116058;0;28.9;14.1;0.0
60;2021-05-18;4178;2105;0;242759;118163;0;29.4;14.3;0.0
60;2021-05-19;4875;1894;0;247634;120057;0;30.0;14.6;0.0
60;2021-05-20;5363;1831;0;252997;121888;0;30.7;14.8;0.0
60;2021-05-21;5753;1934;0;258750;123822;0;31.4;15.0;0.0
60;2021-05-22;4880;1840;0;263630;125662;0;32.0;15.2;0.0
60;2021-05-23;3444;566;0;267074;126228;0;32.4;15.3;0.0
60;2021-05-24;2920;537;0;269994;126765;0;32.7;15.4;0.0
60;2021-05-25;4309;2054;0;274303;128819;0;33.2;15.6;0.0
60;2021-05-26;4801;1839;0;279104;130658;0;33.8;15.8;0.0
60;2021-05-27;5123;2129;0;284227;132787;0;34.4;16.1;0.0
60;2021-05-28;4876;2651;0;289103;135438;0;35.0;16.4;0.0
60;2021-05-29;4731;2251;0;293834;137689;0;35.6;16.7;0.0
60;2021-05-30;1324;369;0;295158;138058;0;35.8;16.7;0.0
60;2021-05-31;4155;2107;0;299313;140165;0;36.3;17.0;0.0
60;2021-06-01;4888;3061;0;304201;143226;0;36.9;17.4;0.0
60;2021-06-02;4466;2514;0;308667;145740;0;37.4;17.7;0.0
60;2021-06-03;4485;2617;0;313152;148357;0;38.0;18.0;0.0
60;2021-06-04;5070;3030;0;318222;151387;0;38.6;18.3;0.0
60;2021-06-05;4563;3346;0;322785;154733;0;39.1;18.8;0.0
60;2021-06-06;2278;898;0;325063;155631;0;39.4;18.9;0.0
60;2021-06-07;2986;2809;0;328049;158440;0;39.8;19.2;0.0
60;2021-06-08;4106;3257;0;332155;161697;0;40.3;19.6;0.0
60;2021-06-09;3695;3596;0;335850;165293;0;40.7;20.0;0.0
60;2021-06-10;3944;3867;0;339794;169160;0;41.2;20.5;0.0
60;2021-06-11;4213;4440;0;344007;173600;0;41.7;21.0;0.0
60;2021-06-12;4008;4196;0;348015;177796;0;42.2;21.5;0.0
60;2021-06-13;1267;2285;0;349282;180081;0;42.3;21.8;0.0
60;2021-06-14;2241;3649;0;351523;183730;0;42.6;22.3;0.0
60;2021-06-15;3296;4544;0;354819;188274;0;43.0;22.8;0.0
60;2021-06-16;3419;4724;0;358238;192998;0;43.4;23.4;0.0
60;2021-06-17;3305;5126;0;361543;198124;0;43.8;24.0;0.0
60;2021-06-18;3481;4868;0;365024;202992;0;44.2;24.6;0.0
60;2021-06-19;3400;4826;0;368424;207818;0;44.7;25.2;0.0
60;2021-06-20;1390;1917;0;369814;209735;0;44.8;25.4;0.0
60;2021-06-21;1625;4349;0;371439;214084;0;45.0;25.9;0.0
60;2021-06-22;2078;5553;0;373517;219637;0;45.3;26.6;0.0
60;2021-06-23;2188;5456;0;375705;225093;0;45.5;27.3;0.0
60;2021-06-24;2084;5747;0;377789;230840;0;45.8;28.0;0.0
60;2021-06-25;2128;6101;0;379917;236941;0;46.0;28.7;0.0
60;2021-06-26;2043;6777;0;381960;243718;0;46.3;29.5;0.0
60;2021-06-27;745;2611;0;382705;246329;0;46.4;29.9;0.0
60;2021-06-28;1840;4322;0;384545;250651;0;46.6;30.4;0.0
60;2021-06-29;2243;5708;0;386788;256359;0;46.9;31.1;0.0
60;2021-06-30;2468;5667;0;389256;262026;0;47.2;31.8;0.0
60;2021-07-01;2262;5422;0;391518;267448;0;47.5;32.4;0.0
60;2021-07-02;2645;6224;0;394163;273672;0;47.8;33.2;0.0
60;2021-07-03;2441;6030;0;396604;279702;0;48.1;33.9;0.0
60;2021-07-04;797;2681;0;397401;282383;0;48.2;34.2;0.0
60;2021-07-05;1809;4633;0;399210;287016;0;48.4;34.8;0.0
60;2021-07-06;2403;5092;0;401613;292108;0;48.7;35.4;0.0
60;2021-07-07;2520;5706;0;404133;297814;0;49.0;36.1;0.0
60;2021-07-08;3000;5383;0;407133;303197;0;49.3;36.7;0.0
60;2021-07-09;2977;6141;0;410110;309338;0;49.7;37.5;0.0
60;2021-07-10;2721;6146;0;412831;315484;0;50.0;38.2;0.0
60;2021-07-11;1215;2099;0;414046;317583;0;50.2;38.5;0.0
60;2021-07-12;1704;5320;0;415750;322903;0;50.4;39.1;0.0
60;2021-07-13;3553;5686;0;419303;328589;0;50.8;39.8;0.0
60;2021-07-14;2859;1837;0;422162;330426;0;51.2;40.0;0.0
60;2021-07-15;4328;5821;0;426490;336247;0;51.7;40.8;0.0
60;2021-07-16;4552;6135;0;431042;342382;0;52.2;41.5;0.0
60;2021-07-17;4484;5669;0;435526;348051;0;52.8;42.2;0.0
60;2021-07-18;2248;2272;0;437774;350323;0;53.1;42.5;0.0
60;2021-07-19;3375;4450;0;441149;354773;0;53.5;43.0;0.0
60;2021-07-20;5066;5539;0;446215;360312;0;54.1;43.7;0.0
60;2021-07-21;5450;5120;0;451665;365432;0;54.7;44.3;0.0
60;2021-07-22;5805;5094;0;457470;370526;0;55.4;44.9;0.0
60;2021-07-23;6084;5706;0;463554;376232;0;56.2;45.6;0.0
60;2021-07-24;4822;5142;0;468376;381374;0;56.8;46.2;0.0
60;2021-07-25;2641;1956;0;471017;383330;0;57.1;46.5;0.0
60;2021-07-26;3913;4163;0;474930;387493;0;57.6;47.0;0.0
60;2021-07-27;5455;5107;0;480385;392600;0;58.2;47.6;0.0
60;2021-07-28;5882;4376;0;486267;396976;0;58.9;48.1;0.0
60;2021-07-29;6109;4361;0;492376;401337;0;59.7;48.6;0.0
60;2021-07-30;5907;4704;0;498283;406041;0;60.4;49.2;0.0
60;2021-07-31;4549;4400;0;502832;410441;0;60.9;49.7;0.0
60;2021-08-01;1779;954;0;504611;411395;0;61.2;49.9;0.0
60;2021-08-02;3835;3105;0;508446;414500;0;61.6;50.2;0.0
60;2021-08-03;4354;3439;0;512800;417939;0;62.2;50.7;0.0
60;2021-08-04;4023;3343;0;516823;421282;0;62.6;51.1;0.0
60;2021-08-05;3710;2974;0;520533;424256;0;63.1;51.4;0.0
60;2021-08-06;4460;3824;0;524993;428080;0;63.6;51.9;0.0
60;2021-08-07;3488;3601;0;528481;431681;0;64.1;52.3;0.0
60;2021-08-08;1521;1081;0;530002;432762;0;64.2;52.5;0.0
60;2021-08-09;2485;3390;0;532487;436152;0;64.5;52.9;0.0
60;2021-08-10;3732;4276;0;536219;440428;0;65.0;53.4;0.0
60;2021-08-11;3205;4122;0;539424;444550;0;65.4;53.9;0.0
60;2021-08-12;2820;3621;0;542244;448171;0;65.7;54.3;0.0
60;2021-08-13;3011;3684;0;545255;451855;0;66.1;54.8;0.0
60;2021-08-14;2568;3044;0;547823;454899;0;66.4;55.1;0.0
60;2021-08-15;1258;631;0;549081;455530;0;66.5;55.2;0.0
60;2021-08-16;2317;4492;0;551398;460022;0;66.8;55.8;0.0
60;2021-08-17;2720;4713;0;554118;464735;0;67.2;56.3;0.0
60;2021-08-18;2215;4097;0;556333;468832;0;67.4;56.8;0.0
60;2021-08-19;1982;3862;0;558315;472694;0;67.7;57.3;0.0
60;2021-08-20;2001;4646;0;560316;477340;0;67.9;57.9;0.0
60;2021-08-21;1621;3839;0;561937;481179;0;68.1;58.3;0.0
60;2021-08-22;575;1450;0;562512;482629;0;68.2;58.5;0.0
60;2021-08-23;1272;4091;0;563784;486720;0;68.3;59.0;0.0
60;2021-08-24;1585;5319;0;565369;492039;0;68.5;59.6;0.0
60;2021-08-25;1738;4572;0;567107;496611;0;68.7;60.2;0.0
60;2021-08-26;1623;4232;1;568730;500843;1;68.9;60.7;0.0
60;2021-08-27;1584;4959;0;570314;505802;1;69.1;61.3;0.0
60;2021-08-28;1504;4761;0;571818;510563;1;69.3;61.9;0.0
60;2021-08-29;573;1986;0;572391;512549;1;69.4;62.1;0.0
60;2021-08-30;1302;3394;46;573693;515943;47;69.5;62.5;0.0
60;2021-08-31;1768;4294;62;575461;520237;109;69.7;63.1;0.0
60;2021-09-01;1534;3326;164;576995;523563;273;69.9;63.5;0.0
60;2021-09-02;1216;3053;184;578211;526616;457;70.1;63.8;0.1
60;2021-09-03;1147;3333;216;579358;529949;673;70.2;64.2;0.1
60;2021-09-04;1597;3946;155;580955;533895;828;70.4;64.7;0.1
60;2021-09-05;367;1246;37;581322;535141;865;70.5;64.9;0.1
60;2021-09-06;886;2555;239;582208;537696;1104;70.6;65.2;0.1
60;2021-09-07;901;2912;300;583109;540608;1404;70.7;65.5;0.2
60;2021-09-08;963;3044;302;584072;543652;1706;70.8;65.9;0.2
60;2021-09-09;748;2454;224;584820;546106;1930;70.9;66.2;0.2
60;2021-09-10;1124;2972;281;585944;549078;2211;71.0;66.5;0.3
60;2021-09-11;1081;3499;163;587025;552577;2374;71.1;67.0;0.3
60;2021-09-12;285;1072;59;587310;553649;2433;71.2;67.1;0.3
60;2021-09-13;652;1767;275;587962;555416;2708;71.3;67.3;0.3
60;2021-09-14;827;1621;391;588789;557037;3099;71.4;67.5;0.4
60;2021-09-15;649;1575;341;589438;558612;3440;71.4;67.7;0.4
60;2021-09-16;955;1513;586;590393;560125;4026;71.6;67.9;0.5
60;2021-09-17;798;1663;566;591191;561788;4592;71.7;68.1;0.6
60;2021-09-18;833;2732;273;592024;564520;4865;71.8;68.4;0.6
60;2021-09-19;169;488;90;592193;565008;4955;71.8;68.5;0.6
60;2021-09-20;467;1184;414;592660;566192;5369;71.8;68.6;0.7
60;2021-09-21;538;1107;618;593198;567299;5987;71.9;68.8;0.7
60;2021-09-22;487;1449;501;593685;568748;6488;72.0;68.9;0.8
60;2021-09-23;651;915;612;594336;569663;7100;72.0;69.0;0.9
60;2021-09-24;533;1351;604;594869;571014;7704;72.1;69.2;0.9
60;2021-09-25;514;2004;237;595383;573018;7941;72.2;69.5;1.0
60;2021-09-26;82;305;19;595465;573323;7960;72.2;69.5;1.0
60;2021-09-27;364;807;461;595829;574130;8421;72.2;69.6;1.0
60;2021-09-28;344;861;572;596173;574991;8993;72.3;69.7;1.1
60;2021-09-29;447;1134;366;596620;576125;9359;72.3;69.8;1.1
60;2021-09-30;401;764;658;597021;576889;10017;72.4;69.9;1.2
60;2021-10-01;640;1173;746;597661;578062;10763;72.4;70.1;1.3
60;2021-10-02;611;1509;469;598272;579571;11232;72.5;70.2;1.4
60;2021-10-03;94;294;58;598366;579865;11290;72.5;70.3;1.4
60;2021-10-04;422;720;646;598788;580585;11936;72.6;70.4;1.4
60;2021-10-05;345;598;483;599133;581183;12419;72.6;70.4;1.5
60;2021-10-06;432;828;666;599565;582011;13085;72.7;70.5;1.6
60;2021-10-07;243;588;543;599808;582599;13628;72.7;70.6;1.7
60;2021-10-08;515;902;723;600323;583501;14351;72.8;70.7;1.7
60;2021-10-09;657;1271;872;600980;584772;15223;72.8;70.9;1.8
60;2021-10-10;61;175;95;601041;584947;15318;72.8;70.9;1.9
60;2021-10-11;323;536;728;601364;585483;16046;72.9;71.0;1.9
60;2021-10-12;249;567;580;601613;586050;16626;72.9;71.0;2.0
60;2021-10-13;397;681;897;602010;586731;17523;73.0;71.1;2.1
60;2021-10-14;291;682;908;602301;587413;18431;73.0;71.2;2.2
60;2021-10-15;423;781;993;602724;588194;19424;73.1;71.3;2.4
60;2021-10-16;564;936;772;603288;589130;20196;73.1;71.4;2.4
60;2021-10-17;46;139;80;603334;589269;20276;73.1;71.4;2.5
60;2021-10-18;292;542;833;603626;589811;21109;73.2;71.5;2.6
60;2021-10-19;277;345;1000;603903;590156;22109;73.2;71.5;2.7
60;2021-10-20;378;502;1079;604281;590658;23188;73.2;71.6;2.8
60;2021-10-21;205;479;915;604486;591137;24103;73.3;71.6;2.9
60;2021-10-22;371;567;1124;604857;591704;25227;73.3;71.7;3.1
60;2021-10-23;451;725;903;605308;592429;26130;73.4;71.8;3.2
60;2021-10-24;35;64;110;605343;592493;26240;73.4;71.8;3.2
60;2021-10-25;270;390;1047;605613;592883;27287;73.4;71.9;3.3
60;2021-10-26;154;261;861;605767;593144;28148;73.4;71.9;3.4
60;2021-10-27;312;459;1206;606079;593603;29354;73.5;71.9;3.6
60;2021-10-28;205;238;986;606284;593841;30340;73.5;72.0;3.7
60;2021-10-29;318;502;1339;606602;594343;31679;73.5;72.0;3.8
60;2021-10-30;326;589;1209;606928;594932;32888;73.6;72.1;4.0
60;2021-10-31;28;70;70;606956;595002;32958;73.6;72.1;4.0
60;2021-11-01;38;25;62;606994;595027;33020;73.6;72.1;4.0
60;2021-11-02;232;309;1047;607226;595336;34067;73.6;72.2;4.1
60;2021-11-03;316;495;1530;607542;595831;35597;73.6;72.2;4.3
60;2021-11-04;249;343;1217;607791;596174;36814;73.7;72.3;4.5
60;2021-11-05;328;416;1663;608119;596590;38477;73.7;72.3;4.7
60;2021-11-06;345;581;1125;608464;597171;39602;73.7;72.4;4.8
60;2021-11-07;26;45;122;608490;597216;39724;73.7;72.4;4.8
60;2021-11-08;192;329;1410;608682;597545;41134;73.8;72.4;5.0
60;2021-11-09;194;283;1549;608876;597828;42683;73.8;72.5;5.2
60;2021-11-10;334;451;2008;609210;598279;44691;73.8;72.5;5.4
60;2021-11-11;65;73;272;609275;598352;44963;73.8;72.5;5.4
60;2021-11-12;303;434;2131;609578;598786;47094;73.9;72.6;5.7
60;2021-11-13;387;543;1600;609965;599329;48694;73.9;72.6;5.9
60;2021-11-14;27;46;190;609992;599375;48884;73.9;72.6;5.9
60;2021-11-15;205;280;1591;610197;599655;50475;74.0;72.7;6.1
60;2021-11-16;259;246;2008;610456;599901;52483;74.0;72.7;6.4
60;2021-11-17;288;333;2036;610744;600234;54519;74.0;72.7;6.6
60;2021-11-18;235;279;1913;610979;600513;56432;74.1;72.8;6.8
60;2021-11-19;307;380;2397;611286;600893;58829;74.1;72.8;7.1
60;2021-11-20;400;492;1627;611686;601385;60456;74.1;72.9;7.3
60;2021-11-21;34;56;218;611720;601441;60674;74.1;72.9;7.4
60;2021-11-22;204;199;2058;611924;601640;62732;74.2;72.9;7.6
60;2021-11-23;202;241;2452;612126;601881;65184;74.2;72.9;7.9
60;2021-11-24;327;327;2608;612453;602208;67792;74.2;73.0;8.2
60;2021-11-25;262;221;2645;612715;602429;70437;74.3;73.0;8.5
60;2021-11-26;346;412;4434;613061;602841;74871;74.3;73.1;9.1
60;2021-11-27;372;435;4013;613433;603276;78884;74.3;73.1;9.6
60;2021-11-28;48;57;875;613481;603333;79759;74.4;73.1;9.7
60;2021-11-29;170;255;4174;613651;603588;83933;74.4;73.2;10.2
60;2021-11-30;183;249;5177;613834;603837;89110;74.4;73.2;10.8
60;2021-12-01;247;301;5803;614081;604138;94913;74.4;73.2;11.5
60;2021-12-02;238;224;6204;614319;604362;101117;74.5;73.2;12.3
60;2021-12-03;213;292;6978;614532;604654;108095;74.5;73.3;13.1
60;2021-12-04;251;429;5769;614783;605083;113864;74.5;73.3;13.8
60;2021-12-05;51;69;1677;614834;605152;115541;74.5;73.3;14.0
60;2021-12-06;183;230;5676;615017;605382;121217;74.5;73.4;14.7
60;2021-12-07;199;238;7726;615216;605620;128943;74.6;73.4;15.6
60;2021-12-08;248;310;6907;615464;605930;135850;74.6;73.4;16.5
60;2021-12-09;247;300;7351;615711;606230;143201;74.6;73.5;17.4
60;2021-12-10;264;368;8842;615975;606598;152043;74.7;73.5;18.4
60;2021-12-11;298;442;7222;616273;607040;159265;74.7;73.6;19.3
60;2021-12-12;65;76;1739;616338;607116;161004;74.7;73.6;19.5
60;2021-12-13;190;257;7206;616528;607373;168210;74.7;73.6;20.4
60;2021-12-14;262;292;9416;616790;607665;177626;74.8;73.6;21.5
60;2021-12-15;238;374;8450;617028;608039;186076;74.8;73.7;22.6
61;2020-12-27;0;0;0;0;0;0;0.0;0.0;0.0
61;2020-12-28;0;0;0;0;0;0;0.0;0.0;0.0
61;2020-12-29;0;0;0;0;0;0;0.0;0.0;0.0
61;2020-12-30;0;0;0;0;0;0;0.0;0.0;0.0
61;2020-12-31;0;0;0;0;0;0;0.0;0.0;0.0
61;2021-01-01;2;0;0;2;0;0;0.0;0.0;0.0
61;2021-01-02;0;0;0;2;0;0;0.0;0.0;0.0
61;2021-01-03;0;0;0;2;0;0;0.0;0.0;0.0
61;2021-01-04;1;0;0;3;0;0;0.0;0.0;0.0
61;2021-01-05;2;0;0;5;0;0;0.0;0.0;0.0
61;2021-01-06;72;0;0;77;0;0;0.0;0.0;0.0
61;2021-01-07;139;2;0;216;2;0;0.1;0.0;0.0
61;2021-01-08;342;1;0;558;3;0;0.2;0.0;0.0
61;2021-01-09;138;1;0;696;4;0;0.3;0.0;0.0
61;2021-01-10;31;0;0;727;4;0;0.3;0.0;0.0
61;2021-01-11;356;0;0;1083;4;0;0.4;0.0;0.0
61;2021-01-12;537;3;0;1620;7;0;0.6;0.0;0.0
61;2021-01-13;638;1;0;2258;8;0;0.8;0.0;0.0
61;2021-01-14;489;8;0;2747;16;0;1.0;0.0;0.0
61;2021-01-15;498;2;0;3245;18;0;1.2;0.0;0.0
61;2021-01-16;261;1;0;3506;19;0;1.3;0.0;0.0
61;2021-01-17;777;9;0;4283;28;0;1.5;0.0;0.0
61;2021-01-18;1673;3;0;5956;31;0;2.2;0.0;0.0
61;2021-01-19;1106;3;0;7062;34;0;2.6;0.0;0.0
61;2021-01-20;609;0;0;7671;34;0;2.8;0.0;0.0
61;2021-01-21;718;0;0;8389;34;0;3.0;0.0;0.0
61;2021-01-22;647;0;0;9036;34;0;3.3;0.0;0.0
61;2021-01-23;220;1;0;9256;35;0;3.3;0.0;0.0
61;2021-01-24;197;2;0;9453;37;0;3.4;0.0;0.0
61;2021-01-25;468;1;0;9921;38;0;3.6;0.0;0.0
61;2021-01-26;425;4;0;10346;42;0;3.7;0.0;0.0
61;2021-01-27;443;11;0;10789;53;0;3.9;0.0;0.0
61;2021-01-28;429;47;0;11218;100;0;4.1;0.0;0.0
61;2021-01-29;428;173;0;11646;273;0;4.2;0.1;0.0
61;2021-01-30;164;1;0;11810;274;0;4.3;0.1;0.0
61;2021-01-31;93;0;0;11903;274;0;4.3;0.1;0.0
61;2021-02-01;344;162;0;12247;436;0;4.4;0.2;0.0
61;2021-02-02;360;382;0;12607;818;0;4.6;0.3;0.0
61;2021-02-03;354;438;0;12961;1256;0;4.7;0.5;0.0
61;2021-02-04;309;306;0;13270;1562;0;4.8;0.6;0.0
61;2021-02-05;427;338;0;13697;1900;0;4.9;0.7;0.0
61;2021-02-06;153;75;0;13850;1975;0;5.0;0.7;0.0
61;2021-02-07;32;174;0;13882;2149;0;5.0;0.8;0.0
61;2021-02-08;479;1281;0;14361;3430;0;5.2;1.2;0.0
61;2021-02-09;347;702;0;14708;4132;0;5.3;1.5;0.0
61;2021-02-10;234;514;0;14942;4646;0;5.4;1.7;0.0
61;2021-02-11;346;518;0;15288;5164;0;5.5;1.9;0.0
61;2021-02-12;337;664;0;15625;5828;0;5.6;2.1;0.0
61;2021-02-13;130;372;0;15755;6200;0;5.7;2.2;0.0
61;2021-02-14;2;278;0;15757;6478;0;5.7;2.3;0.0
61;2021-02-15;113;672;0;15870;7150;0;5.7;2.6;0.0
61;2021-02-16;166;565;0;16036;7715;0;5.8;2.8;0.0
61;2021-02-17;59;503;0;16095;8218;0;5.8;3.0;0.0
61;2021-02-18;122;459;0;16217;8677;0;5.9;3.1;0.0
61;2021-02-19;100;340;0;16317;9017;0;5.9;3.3;0.0
61;2021-02-20;42;188;0;16359;9205;0;5.9;3.3;0.0
61;2021-02-21;1;139;0;16360;9344;0;5.9;3.4;0.0
61;2021-02-22;72;505;0;16432;9849;0;5.9;3.6;0.0
61;2021-02-23;98;396;0;16530;10245;0;6.0;3.7;0.0
61;2021-02-24;123;432;0;16653;10677;0;6.0;3.9;0.0
61;2021-02-25;286;375;0;16939;11052;0;6.1;4.0;0.0
61;2021-02-26;287;387;0;17226;11439;0;6.2;4.1;0.0
61;2021-02-27;114;171;0;17340;11610;0;6.3;4.2;0.0
61;2021-02-28;4;100;0;17344;11710;0;6.3;4.2;0.0
61;2021-03-01;215;520;0;17559;12230;0;6.3;4.4;0.0
61;2021-03-02;170;593;0;17729;12823;0;6.4;4.6;0.0
61;2021-03-03;167;363;0;17896;13186;0;6.5;4.8;0.0
61;2021-03-04;460;375;0;18356;13561;0;6.6;4.9;0.0
61;2021-03-05;670;287;0;19026;13848;0;6.9;5.0;0.0
61;2021-03-06;437;173;0;19463;14021;0;7.0;5.1;0.0
61;2021-03-07;169;4;0;19632;14025;0;7.1;5.1;0.0
61;2021-03-08;334;276;0;19966;14301;0;7.2;5.2;0.0
61;2021-03-09;606;164;0;20572;14465;0;7.4;5.2;0.0
61;2021-03-10;657;181;0;21229;14646;0;7.7;5.3;0.0
61;2021-03-11;1064;130;0;22293;14776;0;8.1;5.3;0.0
61;2021-03-12;1387;101;0;23680;14877;0;8.6;5.4;0.0
61;2021-03-13;736;47;0;24416;14924;0;8.8;5.4;0.0
61;2021-03-14;178;6;0;24594;14930;0;8.9;5.4;0.0
61;2021-03-15;716;38;0;25310;14968;0;9.1;5.4;0.0
61;2021-03-16;664;27;0;25974;14995;0;9.4;5.4;0.0
61;2021-03-17;678;23;0;26652;15018;0;9.6;5.4;0.0
61;2021-03-18;814;35;0;27466;15053;0;9.9;5.4;0.0
61;2021-03-19;997;67;0;28463;15120;0;10.3;5.5;0.0
61;2021-03-20;487;18;0;28950;15138;0;10.5;5.5;0.0
61;2021-03-21;62;3;0;29012;15141;0;10.5;5.5;0.0
61;2021-03-22;731;99;0;29743;15240;0;10.7;5.5;0.0
61;2021-03-23;844;49;0;30587;15289;0;11.0;5.5;0.0
61;2021-03-24;1306;77;0;31893;15366;0;11.5;5.5;0.0
61;2021-03-25;1797;80;0;33690;15446;0;12.2;5.6;0.0
61;2021-03-26;1686;58;0;35376;15504;0;12.8;5.6;0.0
61;2021-03-27;936;18;0;36312;15522;0;13.1;5.6;0.0
61;2021-03-28;298;9;0;36610;15531;0;13.2;5.6;0.0
61;2021-03-29;1085;196;0;37695;15727;0;13.6;5.7;0.0
61;2021-03-30;1339;125;0;39034;15852;0;14.1;5.7;0.0
61;2021-03-31;1510;71;0;40544;15923;0;14.6;5.8;0.0
61;2021-04-01;1902;236;0;42446;16159;0;15.3;5.8;0.0
61;2021-04-02;1435;408;0;43881;16567;0;15.8;6.0;0.0
61;2021-04-03;567;276;0;44448;16843;0;16.1;6.1;0.0
61;2021-04-04;167;18;0;44615;16861;0;16.1;6.1;0.0
61;2021-04-05;443;12;0;45058;16873;0;16.3;6.1;0.0
61;2021-04-06;1246;545;0;46304;17418;0;16.7;6.3;0.0
61;2021-04-07;1553;596;0;47857;18014;0;17.3;6.5;0.0
61;2021-04-08;2068;713;0;49925;18727;0;18.0;6.8;0.0
61;2021-04-09;2063;760;0;51988;19487;0;18.8;7.0;0.0
61;2021-04-10;1286;429;0;53274;19916;0;19.2;7.2;0.0
61;2021-04-11;209;147;0;53483;20063;0;19.3;7.2;0.0
61;2021-04-12;1154;632;0;54637;20695;0;19.7;7.5;0.0
61;2021-04-13;1591;626;0;56228;21321;0;20.3;7.7;0.0
61;2021-04-14;1626;779;0;57854;22100;0;20.9;8.0;0.0
61;2021-04-15;2073;764;0;59927;22864;0;21.6;8.3;0.0
61;2021-04-16;1984;647;0;61911;23511;0;22.4;8.5;0.0
61;2021-04-17;1210;288;0;63121;23799;0;22.8;8.6;0.0
61;2021-04-18;428;82;0;63549;23881;0;22.9;8.6;0.0
61;2021-04-19;801;695;0;64350;24576;0;23.2;8.9;0.0
61;2021-04-20;1391;712;0;65741;25288;0;23.7;9.1;0.0
61;2021-04-21;1264;977;0;67005;26265;0;24.2;9.5;0.0
61;2021-04-22;1169;1127;0;68174;27392;0;24.6;9.9;0.0
61;2021-04-23;1150;1030;0;69324;28422;0;25.0;10.3;0.0
61;2021-04-24;1155;701;0;70479;29123;0;25.5;10.5;0.0
61;2021-04-25;273;267;0;70752;29390;0;25.6;10.6;0.0
61;2021-04-26;667;947;0;71419;30337;0;25.8;11.0;0.0
61;2021-04-27;1394;1035;0;72813;31372;0;26.3;11.3;0.0
61;2021-04-28;1251;1258;0;74064;32630;0;26.7;11.8;0.0
61;2021-04-29;1218;1658;0;75282;34288;0;27.2;12.4;0.0
61;2021-04-30;1619;1057;0;76901;35345;0;27.8;12.8;0.0
61;2021-05-01;664;298;0;77565;35643;0;28.0;12.9;0.0
61;2021-05-02;336;197;0;77901;35840;0;28.1;12.9;0.0
61;2021-05-03;832;1101;0;78733;36941;0;28.4;13.3;0.0
61;2021-05-04;1269;1600;0;80002;38541;0;28.9;13.9;0.0
61;2021-05-05;998;1868;0;81000;40409;0;29.3;14.6;0.0
61;2021-05-06;1655;1896;0;82655;42305;0;29.8;15.3;0.0
61;2021-05-07;1370;1755;0;84025;44060;0;30.3;15.9;0.0
61;2021-05-08;810;370;0;84835;44430;0;30.6;16.0;0.0
61;2021-05-09;302;234;0;85137;44664;0;30.7;16.1;0.0
61;2021-05-10;1003;1515;0;86140;46179;0;31.1;16.7;0.0
61;2021-05-11;1467;1346;0;87607;47525;0;31.6;17.2;0.0
61;2021-05-12;1606;1427;0;89213;48952;0;32.2;17.7;0.0
61;2021-05-13;874;417;0;90087;49369;0;32.5;17.8;0.0
61;2021-05-14;1612;1041;0;91699;50410;0;33.1;18.2;0.0
61;2021-05-15;1924;925;0;93623;51335;0;33.8;18.5;0.0
61;2021-05-16;844;245;0;94467;51580;0;34.1;18.6;0.0
61;2021-05-17;1298;793;0;95765;52373;0;34.6;18.9;0.0
61;2021-05-18;2319;880;0;98084;53253;0;35.4;19.2;0.0
61;2021-05-19;2149;752;0;100233;54005;0;36.2;19.5;0.0
61;2021-05-20;2059;832;0;102292;54837;0;36.9;19.8;0.0
61;2021-05-21;2187;884;0;104479;55721;0;37.7;20.1;0.0
61;2021-05-22;1367;578;0;105846;56299;0;38.2;20.3;0.0
61;2021-05-23;479;41;0;106325;56340;0;38.4;20.3;0.0
61;2021-05-24;797;138;0;107122;56478;0;38.7;20.4;0.0
61;2021-05-25;1852;864;0;108974;57342;0;39.4;20.7;0.0
61;2021-05-26;1834;892;0;110808;58234;0;40.0;21.0;0.0
61;2021-05-27;2045;1070;0;112853;59304;0;40.8;21.4;0.0
61;2021-05-28;2028;1319;0;114881;60623;0;41.5;21.9;0.0
61;2021-05-29;1263;520;0;116144;61143;0;41.9;22.1;0.0
61;2021-05-30;381;44;0;116525;61187;0;42.1;22.1;0.0
61;2021-05-31;1509;851;0;118034;62038;0;42.6;22.4;0.0
61;2021-06-01;1915;1309;0;119949;63347;0;43.3;22.9;0.0
61;2021-06-02;1631;1048;0;121580;64395;0;43.9;23.3;0.0
61;2021-06-03;2231;1068;0;123811;65463;0;44.7;23.6;0.0
61;2021-06-04;1852;1315;0;125663;66778;0;45.4;24.1;0.0
61;2021-06-05;1395;1105;0;127058;67883;0;45.9;24.5;0.0
61;2021-06-06;296;162;0;127354;68045;0;46.0;24.6;0.0
61;2021-06-07;2052;860;0;129406;68905;0;46.7;24.9;0.0
61;2021-06-08;1793;1537;0;131199;70442;0;47.4;25.4;0.0
61;2021-06-09;1905;1102;0;133104;71544;0;48.1;25.8;0.0
61;2021-06-10;1888;1154;0;134992;72698;0;48.8;26.3;0.0
61;2021-06-11;1735;1520;0;136727;74218;0;49.4;26.8;0.0
61;2021-06-12;1223;876;0;137950;75094;0;49.8;27.1;0.0
61;2021-06-13;289;328;0;138239;75422;0;49.9;27.2;0.0
61;2021-06-14;1063;1176;0;139302;76598;0;50.3;27.7;0.0
61;2021-06-15;1164;1638;0;140466;78236;0;50.7;28.3;0.0
61;2021-06-16;1105;1353;0;141571;79589;0;51.1;28.7;0.0
61;2021-06-17;1085;1713;0;142656;81302;0;51.5;29.4;0.0
61;2021-06-18;1450;1661;0;144106;82963;0;52.0;30.0;0.0
61;2021-06-19;1040;1136;0;145146;84099;0;52.4;30.4;0.0
61;2021-06-20;239;277;0;145385;84376;0;52.5;30.5;0.0
61;2021-06-21;722;1564;0;146107;85940;0;52.8;31.0;0.0
61;2021-06-22;986;1708;0;147093;87648;0;53.1;31.7;0.0
61;2021-06-23;977;2301;0;148070;89949;0;53.5;32.5;0.0
61;2021-06-24;699;1330;0;148769;91279;0;53.7;33.0;0.0
61;2021-06-25;800;1915;0;149569;93194;0;54.0;33.7;0.0
61;2021-06-26;586;1634;0;150155;94828;0;54.2;34.2;0.0
61;2021-06-27;136;671;0;150291;95499;0;54.3;34.5;0.0
61;2021-06-28;452;2098;0;150743;97597;0;54.4;35.2;0.0
61;2021-06-29;724;2767;0;151467;100364;0;54.7;36.2;0.0
61;2021-06-30;798;2348;0;152265;102712;0;55.0;37.1;0.0
61;2021-07-01;690;1706;0;152955;104418;0;55.2;37.7;0.0
61;2021-07-02;879;2557;0;153834;106975;0;55.6;38.6;0.0
61;2021-07-03;392;1525;0;154226;108500;0;55.7;39.2;0.0
61;2021-07-04;74;477;0;154300;108977;0;55.7;39.4;0.0
61;2021-07-05;674;1617;0;154974;110594;0;56.0;39.9;0.0
61;2021-07-06;870;2667;0;155844;113261;0;56.3;40.9;0.0
61;2021-07-07;842;2258;0;156686;115519;0;56.6;41.7;0.0
61;2021-07-08;829;1912;0;157515;117431;0;56.9;42.4;0.0
61;2021-07-09;738;2309;0;158253;119740;0;57.2;43.2;0.0
61;2021-07-10;398;1559;0;158651;121299;0;57.3;43.8;0.0
61;2021-07-11;203;416;0;158854;121715;0;57.4;44.0;0.0
61;2021-07-12;460;2291;0;159314;124006;0;57.5;44.8;0.0
61;2021-07-13;723;2512;0;160037;126518;0;57.8;45.7;0.0
61;2021-07-14;264;427;0;160301;126945;0;57.9;45.8;0.0
61;2021-07-15;836;2738;0;161137;129683;0;58.2;46.8;0.0
61;2021-07-16;1000;2516;0;162137;132199;0;58.6;47.7;0.0
61;2021-07-17;705;1913;0;162842;134112;0;58.8;48.4;0.0
61;2021-07-18;235;304;0;163077;134416;0;58.9;48.5;0.0
61;2021-07-19;963;2358;0;164040;136774;0;59.2;49.4;0.0
61;2021-07-20;1313;2418;0;165353;139192;0;59.7;50.3;0.0
61;2021-07-21;1454;2122;0;166807;141314;0;60.2;51.0;0.0
61;2021-07-22;1794;2117;0;168601;143431;0;60.9;51.8;0.0
61;2021-07-23;1718;2252;0;170319;145683;0;61.5;52.6;0.0
61;2021-07-24;1228;1716;0;171547;147399;0;62.0;53.2;0.0
61;2021-07-25;263;349;0;171810;147748;0;62.0;53.4;0.0
61;2021-07-26;1258;1838;0;173068;149586;0;62.5;54.0;0.0
61;2021-07-27;2326;1449;0;175394;151035;0;63.3;54.5;0.0
61;2021-07-28;2205;1386;1;177599;152421;1;64.1;55.0;0.0
61;2021-07-29;2398;1468;0;179997;153889;1;65.0;55.6;0.0
61;2021-07-30;2297;1328;0;182294;155217;1;65.8;56.1;0.0
61;2021-07-31;1052;1068;0;183346;156285;1;66.2;56.4;0.0
61;2021-08-01;361;217;0;183707;156502;1;66.3;56.5;0.0
61;2021-08-02;1725;1086;0;185432;157588;1;67.0;56.9;0.0
61;2021-08-03;2022;964;0;187454;158552;1;67.7;57.3;0.0
61;2021-08-04;1985;747;0;189439;159299;1;68.4;57.5;0.0
61;2021-08-05;1592;905;0;191031;160204;1;69.0;57.9;0.0
61;2021-08-06;1850;1095;0;192881;161299;1;69.7;58.3;0.0
61;2021-08-07;1113;674;0;193994;161973;1;70.1;58.5;0.0
61;2021-08-08;330;170;0;194324;162143;1;70.2;58.6;0.0
61;2021-08-09;1109;936;0;195433;163079;1;70.6;58.9;0.0
61;2021-08-10;1315;1141;0;196748;164220;1;71.1;59.3;0.0
61;2021-08-11;1035;1086;0;197783;165306;1;71.4;59.7;0.0
61;2021-08-12;1022;1230;0;198805;166536;1;71.8;60.1;0.0
61;2021-08-13;868;1399;0;199673;167935;1;72.1;60.6;0.0
61;2021-08-14;638;739;0;200311;168674;1;72.3;60.9;0.0
61;2021-08-15;90;177;0;200401;168851;1;72.4;61.0;0.0
61;2021-08-16;834;1498;0;201235;170349;1;72.7;61.5;0.0
61;2021-08-17;1005;1638;0;202240;171987;1;73.0;62.1;0.0
61;2021-08-18;821;1428;0;203061;173415;1;73.3;62.6;0.0
61;2021-08-19;709;1480;0;203770;174895;1;73.6;63.2;0.0
61;2021-08-20;761;2005;0;204531;176900;1;73.9;63.9;0.0
61;2021-08-21;433;1100;0;204964;178000;1;74.0;64.3;0.0
61;2021-08-22;104;333;0;205068;178333;1;74.1;64.4;0.0
61;2021-08-23;435;1608;0;205503;179941;1;74.2;65.0;0.0
61;2021-08-24;561;1777;0;206064;181718;1;74.4;65.6;0.0
61;2021-08-25;488;1675;0;206552;183393;1;74.6;66.2;0.0
61;2021-08-26;440;1603;0;206992;184996;1;74.8;66.8;0.0
61;2021-08-27;493;1808;0;207485;186804;1;74.9;67.5;0.0
61;2021-08-28;257;1174;0;207742;187978;1;75.0;67.9;0.0
61;2021-08-29;49;331;0;207791;188309;1;75.0;68.0;0.0
61;2021-08-30;397;1559;10;208188;189868;11;75.2;68.6;0.0
61;2021-08-31;549;1677;44;208737;191545;55;75.4;69.2;0.0
61;2021-09-01;474;1266;181;209211;192811;236;75.6;69.6;0.1
61;2021-09-02;424;1064;247;209635;193875;483;75.7;70.0;0.2
61;2021-09-03;473;1257;272;210108;195132;755;75.9;70.5;0.3
61;2021-09-04;302;1091;77;210410;196223;832;76.0;70.9;0.3
61;2021-09-05;71;156;41;210481;196379;873;76.0;70.9;0.3
61;2021-09-06;267;947;253;210748;197326;1126;76.1;71.3;0.4
61;2021-09-07;316;1252;169;211064;198578;1295;76.2;71.7;0.5
61;2021-09-08;284;1110;217;211348;199688;1512;76.3;72.1;0.5
61;2021-09-09;269;827;365;211617;200515;1877;76.4;72.4;0.7
61;2021-09-10;327;881;270;211944;201396;2147;76.5;72.7;0.8
61;2021-09-11;242;903;77;212186;202299;2224;76.6;73.1;0.8
61;2021-09-12;37;107;20;212223;202406;2244;76.6;73.1;0.8
61;2021-09-13;206;552;457;212429;202958;2701;76.7;73.3;1.0
61;2021-09-14;203;416;435;212632;203374;3136;76.8;73.4;1.1
61;2021-09-15;237;661;465;212869;204035;3601;76.9;73.7;1.3
61;2021-09-16;220;356;192;213089;204391;3793;77.0;73.8;1.4
61;2021-09-17;244;578;249;213333;204969;4042;77.0;74.0;1.5
61;2021-09-18;184;528;129;213517;205497;4171;77.1;74.2;1.5
61;2021-09-19;3;11;1;213520;205508;4172;77.1;74.2;1.5
61;2021-09-20;166;307;248;213686;205815;4420;77.2;74.3;1.6
61;2021-09-21;244;240;226;213930;206055;4646;77.3;74.4;1.7
61;2021-09-22;158;661;361;214088;206716;5007;77.3;74.7;1.8
61;2021-09-23;153;272;226;214241;206988;5233;77.4;74.8;1.9
61;2021-09-24;151;399;371;214392;207387;5604;77.4;74.9;2.0
61;2021-09-25;147;496;168;214539;207883;5772;77.5;75.1;2.1
61;2021-09-26;8;17;4;214547;207900;5776;77.5;75.1;2.1
61;2021-09-27;130;295;403;214677;208195;6179;77.5;75.2;2.2
61;2021-09-28;98;243;161;214775;208438;6340;77.6;75.3;2.3
61;2021-09-29;115;256;228;214890;208694;6568;77.6;75.4;2.4
61;2021-09-30;183;265;210;215073;208959;6778;77.7;75.5;2.4
61;2021-10-01;116;274;237;215189;209233;7015;77.7;75.6;2.5
61;2021-10-02;210;514;261;215399;209747;7276;77.8;75.7;2.6
61;2021-10-03;2;12;2;215401;209759;7278;77.8;75.8;2.6
61;2021-10-04;104;249;443;215505;210008;7721;77.8;75.8;2.8
61;2021-10-05;107;255;402;215612;210263;8123;77.9;75.9;2.9
61;2021-10-06;156;304;383;215768;210567;8506;77.9;76.0;3.1
61;2021-10-07;151;243;517;215919;210810;9023;78.0;76.1;3.3
61;2021-10-08;164;268;441;216083;211078;9464;78.0;76.2;3.4
61;2021-10-09;71;141;105;216154;211219;9569;78.1;76.3;3.5
61;2021-10-10;3;5;3;216157;211224;9572;78.1;76.3;3.5
61;2021-10-11;132;326;585;216289;211550;10157;78.1;76.4;3.7
61;2021-10-12;76;204;229;216365;211754;10386;78.1;76.5;3.8
61;2021-10-13;125;219;430;216490;211973;10816;78.2;76.6;3.9
61;2021-10-14;69;196;341;216559;212169;11157;78.2;76.6;4.0
61;2021-10-15;164;244;441;216723;212413;11598;78.3;76.7;4.2
61;2021-10-16;67;96;142;216790;212509;11740;78.3;76.7;4.2
61;2021-10-17;8;9;13;216798;212518;11753;78.3;76.7;4.2
61;2021-10-18;71;164;306;216869;212682;12059;78.3;76.8;4.4
61;2021-10-19;65;127;258;216934;212809;12317;78.3;76.9;4.4
61;2021-10-20;72;137;348;217006;212946;12665;78.4;76.9;4.6
61;2021-10-21;104;161;449;217110;213107;13114;78.4;77.0;4.7
61;2021-10-22;119;177;497;217229;213284;13611;78.4;77.0;4.9
61;2021-10-23;92;244;310;217321;213528;13921;78.5;77.1;5.0
61;2021-10-24;1;3;0;217322;213531;13921;78.5;77.1;5.0
61;2021-10-25;88;133;436;217410;213664;14357;78.5;77.2;5.2
61;2021-10-26;54;79;235;217464;213743;14592;78.5;77.2;5.3
61;2021-10-27;78;126;631;217542;213869;15223;78.6;77.2;5.5
61;2021-10-28;67;108;461;217609;213977;15684;78.6;77.3;5.7
61;2021-10-29;127;161;676;217736;214138;16360;78.6;77.3;5.9
61;2021-10-30;31;84;207;217767;214222;16567;78.6;77.4;6.0
61;2021-10-31;5;5;1;217772;214227;16568;78.6;77.4;6.0
61;2021-11-01;5;1;4;217777;214228;16572;78.6;77.4;6.0
61;2021-11-02;60;107;501;217837;214335;17073;78.7;77.4;6.2
61;2021-11-03;68;148;621;217905;214483;17694;78.7;77.5;6.4
61;2021-11-04;66;92;631;217971;214575;18325;78.7;77.5;6.6
61;2021-11-05;116;155;873;218087;214730;19198;78.8;77.5;6.9
61;2021-11-06;64;77;348;218151;214807;19546;78.8;77.6;7.1
61;2021-11-07;2;11;24;218153;214818;19570;78.8;77.6;7.1
61;2021-11-08;60;105;849;218213;214923;20419;78.8;77.6;7.4
61;2021-11-09;44;86;608;218257;215009;21027;78.8;77.6;7.6
61;2021-11-10;89;117;979;218346;215126;22006;78.9;77.7;7.9
61;2021-11-11;5;3;33;218351;215129;22039;78.9;77.7;8.0
61;2021-11-12;83;160;1023;218434;215289;23062;78.9;77.7;8.3
61;2021-11-13;51;53;217;218485;215342;23279;78.9;77.8;8.4
61;2021-11-14;0;7;8;218485;215349;23287;78.9;77.8;8.4
61;2021-11-15;55;83;987;218540;215432;24274;78.9;77.8;8.8
61;2021-11-16;81;59;961;218621;215491;25235;79.0;77.8;9.1
61;2021-11-17;90;106;1062;218711;215597;26297;79.0;77.9;9.5
61;2021-11-18;97;112;1277;218808;215709;27574;79.0;77.9;10.0
61;2021-11-19;111;153;1437;218919;215862;29011;79.1;78.0;10.5
61;2021-11-20;75;70;500;218994;215932;29511;79.1;78.0;10.7
61;2021-11-21;4;5;20;218998;215937;29531;79.1;78.0;10.7
61;2021-11-22;69;43;936;219067;215980;30467;79.1;78.0;11.0
61;2021-11-23;126;69;1387;219193;216049;31854;79.2;78.0;11.5
61;2021-11-24;140;106;1343;219333;216155;33197;79.2;78.1;12.0
61;2021-11-25;118;72;1472;219451;216227;34669;79.3;78.1;12.5
61;2021-11-26;88;129;2018;219539;216356;36687;79.3;78.1;13.2
61;2021-11-27;79;59;1107;219618;216415;37794;79.3;78.2;13.6
61;2021-11-28;4;7;42;219622;216422;37836;79.3;78.2;13.7
61;2021-11-29;59;63;1718;219681;216485;39554;79.3;78.2;14.3
61;2021-11-30;124;78;2297;219805;216563;41851;79.4;78.2;15.1
61;2021-12-01;69;94;2325;219874;216657;44176;79.4;78.2;16.0
61;2021-12-02;86;50;2988;219960;216707;47164;79.4;78.3;17.0
61;2021-12-03;95;109;2857;220055;216816;50021;79.5;78.3;18.1
61;2021-12-04;61;64;1390;220116;216880;51411;79.5;78.3;18.6
61;2021-12-05;10;4;359;220126;216884;51770;79.5;78.3;18.7
61;2021-12-06;41;53;2331;220167;216937;54101;79.5;78.3;19.5
61;2021-12-07;76;74;3478;220243;217011;57579;79.5;78.4;20.8
61;2021-12-08;92;97;3187;220335;217108;60766;79.6;78.4;21.9
61;2021-12-09;82;79;3359;220417;217187;64125;79.6;78.4;23.2
61;2021-12-10;66;147;3462;220483;217334;67587;79.6;78.5;24.4
61;2021-12-11;72;70;2134;220555;217404;69721;79.7;78.5;25.2
61;2021-12-12;13;10;428;220568;217414;70149;79.7;78.5;25.3
61;2021-12-13;96;89;3084;220664;217503;73233;79.7;78.5;26.4
61;2021-12-14;83;108;4105;220747;217611;77338;79.7;78.6;27.9
61;2021-12-15;99;126;3465;220846;217737;80803;79.8;78.6;29.2
62;2020-12-27;3;0;0;3;0;0;0.0;0.0;0.0
62;2020-12-28;1;0;0;4;0;0;0.0;0.0;0.0
62;2020-12-29;0;0;0;4;0;0;0.0;0.0;0.0
62;2020-12-30;0;0;0;4;0;0;0.0;0.0;0.0
62;2020-12-31;0;0;0;4;0;0;0.0;0.0;0.0
62;2021-01-01;1;0;0;5;0;0;0.0;0.0;0.0
62;2021-01-02;3;2;0;8;2;0;0.0;0.0;0.0
62;2021-01-03;0;0;0;8;2;0;0.0;0.0;0.0
62;2021-01-04;5;0;0;13;2;0;0.0;0.0;0.0
62;2021-01-05;64;0;0;77;2;0;0.0;0.0;0.0
62;2021-01-06;149;0;0;226;2;0;0.0;0.0;0.0
62;2021-01-07;371;0;0;597;2;0;0.0;0.0;0.0
62;2021-01-08;710;10;0;1307;12;0;0.1;0.0;0.0
62;2021-01-09;199;2;0;1506;14;0;0.1;0.0;0.0
62;2021-01-10;109;0;0;1615;14;0;0.1;0.0;0.0
62;2021-01-11;610;2;0;2225;16;0;0.2;0.0;0.0
62;2021-01-12;1319;5;0;3544;21;0;0.2;0.0;0.0
62;2021-01-13;1146;16;0;4690;37;0;0.3;0.0;0.0
62;2021-01-14;1461;11;0;6151;48;0;0.4;0.0;0.0
62;2021-01-15;1335;13;0;7486;61;0;0.5;0.0;0.0
62;2021-01-16;351;3;0;7837;64;0;0.5;0.0;0.0
62;2021-01-17;143;1;0;7980;65;0;0.5;0.0;0.0
62;2021-01-18;1726;9;0;9706;74;0;0.7;0.0;0.0
62;2021-01-19;2039;5;0;11745;79;0;0.8;0.0;0.0
62;2021-01-20;2002;9;0;13747;88;0;0.9;0.0;0.0
62;2021-01-21;2256;6;0;16003;94;0;1.1;0.0;0.0
62;2021-01-22;1800;8;0;17803;102;0;1.2;0.0;0.0
62;2021-01-23;494;1;0;18297;103;0;1.3;0.0;0.0
62;2021-01-24;9;0;0;18306;103;0;1.3;0.0;0.0
62;2021-01-25;1263;12;0;19569;115;0;1.3;0.0;0.0
62;2021-01-26;1597;31;0;21166;146;0;1.5;0.0;0.0
62;2021-01-27;1346;185;0;22512;331;0;1.5;0.0;0.0
62;2021-01-28;4003;405;0;26515;736;0;1.8;0.1;0.0
62;2021-01-29;1992;347;0;28507;1083;0;2.0;0.1;0.0
62;2021-01-30;166;152;0;28673;1235;0;2.0;0.1;0.0
62;2021-01-31;20;3;0;28693;1238;0;2.0;0.1;0.0
62;2021-02-01;53;366;0;28746;1604;0;2.0;0.1;0.0
62;2021-02-02;74;788;0;28820;2392;0;2.0;0.2;0.0
62;2021-02-03;172;648;0;28992;3040;0;2.0;0.2;0.0
62;2021-02-04;193;823;0;29185;3863;0;2.0;0.3;0.0
62;2021-02-05;105;754;0;29290;4617;0;2.0;0.3;0.0
62;2021-02-06;38;162;0;29328;4779;0;2.0;0.3;0.0
62;2021-02-07;242;33;0;29570;4812;0;2.0;0.3;0.0
62;2021-02-08;166;872;0;29736;5684;0;2.0;0.4;0.0
62;2021-02-09;273;1098;0;30009;6782;0;2.1;0.5;0.0
62;2021-02-10;384;1103;0;30393;7885;0;2.1;0.5;0.0
62;2021-02-11;772;1022;0;31165;8907;0;2.1;0.6;0.0
62;2021-02-12;985;848;0;32150;9755;0;2.2;0.7;0.0
62;2021-02-13;179;302;0;32329;10057;0;2.2;0.7;0.0
62;2021-02-14;3;10;0;32332;10067;0;2.2;0.7;0.0
62;2021-02-15;737;1260;0;33069;11327;0;2.3;0.8;0.0
62;2021-02-16;929;1815;0;33998;13142;0;2.3;0.9;0.0
62;2021-02-17;1092;2062;0;35090;15204;0;2.4;1.0;0.0
62;2021-02-18;2245;3705;0;37335;18909;0;2.6;1.3;0.0
62;2021-02-19;2268;2477;0;39603;21386;0;2.7;1.5;0.0
62;2021-02-20;616;499;0;40219;21885;0;2.8;1.5;0.0
62;2021-02-21;84;63;0;40303;21948;0;2.8;1.5;0.0
62;2021-02-22;855;953;0;41158;22901;0;2.8;1.6;0.0
62;2021-02-23;1431;1217;0;42589;24118;0;2.9;1.7;0.0
62;2021-02-24;1587;761;0;44176;24879;0;3.0;1.7;0.0
62;2021-02-25;3257;557;0;47433;25436;0;3.3;1.8;0.0
62;2021-02-26;2959;453;0;50392;25889;0;3.5;1.8;0.0
62;2021-02-27;1838;117;0;52230;26006;0;3.6;1.8;0.0
62;2021-02-28;59;44;0;52289;26050;0;3.6;1.8;0.0
62;2021-03-01;1388;154;0;53677;26204;0;3.7;1.8;0.0
62;2021-03-02;3121;205;0;56798;26409;0;3.9;1.8;0.0
62;2021-03-03;3304;208;0;60102;26617;0;4.1;1.8;0.0
62;2021-03-04;3876;275;0;63978;26892;0;4.4;1.9;0.0
62;2021-03-05;4703;300;0;68681;27192;0;4.7;1.9;0.0
62;2021-03-06;9722;308;0;78403;27500;0;5.4;1.9;0.0
62;2021-03-07;8117;253;0;86520;27753;0;6.0;1.9;0.0
62;2021-03-08;2317;354;0;88837;28107;0;6.1;1.9;0.0
62;2021-03-09;3935;474;0;92772;28581;0;6.4;2.0;0.0
62;2021-03-10;4347;665;0;97119;29246;0;6.7;2.0;0.0
62;2021-03-11;6176;1533;0;103295;30779;0;7.1;2.1;0.0
62;2021-03-12;6827;1453;0;110122;32232;0;7.6;2.2;0.0
62;2021-03-13;14783;872;0;124905;33104;0;8.6;2.3;0.0
62;2021-03-14;9613;411;0;134518;33515;0;9.3;2.3;0.0
62;2021-03-15;3856;1058;0;138374;34573;0;9.5;2.4;0.0
62;2021-03-16;2811;837;0;141185;35410;0;9.7;2.4;0.0
62;2021-03-17;2851;815;0;144036;36225;0;9.9;2.5;0.0
62;2021-03-18;2800;1057;0;146836;37282;0;10.1;2.6;0.0
62;2021-03-19;4835;934;0;151671;38216;0;10.4;2.6;0.0
62;2021-03-20;11342;638;0;163013;38854;0;11.2;2.7;0.0
62;2021-03-21;9219;387;0;172232;39241;0;11.9;2.7;0.0
62;2021-03-22;3061;1157;0;175293;40398;0;12.1;2.8;0.0
62;2021-03-23;5006;1536;0;180299;41934;0;12.4;2.9;0.0
62;2021-03-24;4657;1399;0;184956;43333;0;12.7;3.0;0.0
62;2021-03-25;6575;1516;0;191531;44849;0;13.2;3.1;0.0
62;2021-03-26;7135;1487;0;198666;46336;0;13.7;3.2;0.0
62;2021-03-27;12461;782;0;211127;47118;0;14.5;3.2;0.0
62;2021-03-28;6811;287;0;217938;47405;0;15.0;3.3;0.0
62;2021-03-29;3489;1297;0;221427;48702;0;15.2;3.4;0.0
62;2021-03-30;4579;2255;0;226006;50957;0;15.6;3.5;0.0
62;2021-03-31;4135;2477;0;230141;53434;0;15.8;3.7;0.0
62;2021-04-01;4945;2792;0;235086;56226;0;16.2;3.9;0.0
62;2021-04-02;5021;3371;0;240107;59597;0;16.5;4.1;0.0
62;2021-04-03;8343;3431;0;248450;63028;0;17.1;4.3;0.0
62;2021-04-04;4493;1938;0;252943;64966;0;17.4;4.5;0.0
62;2021-04-05;1205;514;0;254148;65480;0;17.5;4.5;0.0
62;2021-04-06;4030;3095;0;258178;68575;0;17.8;4.7;0.0
62;2021-04-07;5021;3647;0;263199;72222;0;18.1;5.0;0.0
62;2021-04-08;6517;4006;0;269716;76228;0;18.6;5.2;0.0
62;2021-04-09;7687;3605;0;277403;79833;0;19.1;5.5;0.0
62;2021-04-10;6740;8122;0;284143;87955;0;19.6;6.1;0.0
62;2021-04-11;2797;6841;0;286940;94796;0;19.8;6.5;0.0
62;2021-04-12;3471;2517;0;290411;97313;0;20.0;6.7;0.0
62;2021-04-13;6135;3294;0;296546;100607;0;20.4;6.9;0.0
62;2021-04-14;5393;3129;0;301939;103736;0;20.8;7.1;0.0
62;2021-04-15;5850;3046;0;307789;106782;0;21.2;7.4;0.0
62;2021-04-16;5540;3314;0;313329;110096;0;21.6;7.6;0.0
62;2021-04-17;4418;7628;0;317747;117724;0;21.9;8.1;0.0
62;2021-04-18;1970;6638;0;319717;124362;0;22.0;8.6;0.0
62;2021-04-19;2920;2076;0;322637;126438;0;22.2;8.7;0.0
62;2021-04-20;4107;3857;0;326744;130295;0;22.5;9.0;0.0
62;2021-04-21;3733;3883;0;330477;134178;0;22.7;9.2;0.0
62;2021-04-22;4166;5135;0;334643;139313;0;23.0;9.6;0.0
62;2021-04-23;4165;5272;0;338808;144585;0;23.3;10.0;0.0
62;2021-04-24;4443;6741;0;343251;151326;0;23.6;10.4;0.0
62;2021-04-25;1947;3512;0;345198;154838;0;23.8;10.7;0.0
62;2021-04-26;2440;2552;0;347638;157390;0;23.9;10.8;0.0
62;2021-04-27;4569;3658;0;352207;161048;0;24.2;11.1;0.0
62;2021-04-28;4708;4382;0;356915;165430;0;24.6;11.4;0.0
62;2021-04-29;4978;5757;0;361893;171187;0;24.9;11.8;0.0
62;2021-04-30;5554;5700;0;367447;176887;0;25.3;12.2;0.0
62;2021-05-01;6169;3840;0;373616;180727;0;25.7;12.4;0.0
62;2021-05-02;8051;3317;0;381667;184044;0;26.3;12.7;0.0
62;2021-05-03;5071;2451;0;386738;186495;0;26.6;12.8;0.0
62;2021-05-04;5813;4960;0;392551;191455;0;27.0;13.2;0.0
62;2021-05-05;5194;4766;0;397745;196221;0;27.4;13.5;0.0
62;2021-05-06;5892;4996;0;403637;201217;0;27.8;13.9;0.0
62;2021-05-07;8358;4823;0;411995;206040;0;28.4;14.2;0.0
62;2021-05-08;11290;2514;0;423285;208554;0;29.1;14.4;0.0
62;2021-05-09;8997;1704;0;432282;210258;0;29.8;14.5;0.0
62;2021-05-10;5801;4129;0;438083;214387;0;30.2;14.8;0.0
62;2021-05-11;7106;5035;0;445189;219422;0;30.6;15.1;0.0
62;2021-05-12;9335;4713;0;454524;224135;0;31.3;15.4;0.0
62;2021-05-13;10055;1552;0;464579;225687;0;32.0;15.5;0.0
62;2021-05-14;11598;3494;0;476177;229181;0;32.8;15.8;0.0
62;2021-05-15;19347;3350;0;495524;232531;0;34.1;16.0;0.0
62;2021-05-16;16408;1444;0;511932;233975;0;35.2;16.1;0.0
62;2021-05-17;8427;2763;0;520359;236738;0;35.8;16.3;0.0
62;2021-05-18;9299;3139;0;529658;239877;0;36.5;16.5;0.0
62;2021-05-19;8840;2878;0;538498;242755;0;37.1;16.7;0.0
62;2021-05-20;8591;3912;0;547089;246667;0;37.7;17.0;0.0
62;2021-05-21;9758;4313;0;556847;250980;0;38.3;17.3;0.0
62;2021-05-22;17378;3501;0;574225;254481;0;39.5;17.5;0.0
62;2021-05-23;12429;1141;0;586654;255622;0;40.4;17.6;0.0
62;2021-05-24;5029;731;0;591683;256353;0;40.7;17.6;0.0
62;2021-05-25;7216;4037;0;598899;260390;0;41.2;17.9;0.0
62;2021-05-26;7241;4895;0;606140;265285;0;41.7;18.3;0.0
62;2021-05-27;6521;5723;0;612661;271008;0;42.2;18.7;0.0
62;2021-05-28;6795;6886;0;619456;277894;0;42.6;19.1;0.0
62;2021-05-29;10408;5514;0;629864;283408;0;43.4;19.5;0.0
62;2021-05-30;3935;950;0;633799;284358;0;43.6;19.6;0.0
62;2021-05-31;4915;4150;0;638714;288508;0;44.0;19.9;0.0
62;2021-06-01;6567;6537;0;645281;295045;0;44.4;20.3;0.0
62;2021-06-02;7470;5946;0;652751;300991;0;44.9;20.7;0.0
62;2021-06-03;7850;6107;0;660601;307098;0;45.5;21.1;0.0
62;2021-06-04;7926;6440;0;668527;313538;0;46.0;21.6;0.0
62;2021-06-05;8031;6218;0;676558;319756;0;46.6;22.0;0.0
62;2021-06-06;3111;1356;0;679669;321112;0;46.8;22.1;0.0
62;2021-06-07;4869;4067;0;684538;325179;0;47.1;22.4;0.0
62;2021-06-08;6262;6052;0;690800;331231;0;47.6;22.8;0.0
62;2021-06-09;5524;5062;0;696324;336293;0;47.9;23.1;0.0
62;2021-06-10;5198;6188;0;701522;342481;0;48.3;23.6;0.0
62;2021-06-11;6136;9190;0;707658;351671;0;48.7;24.2;0.0
62;2021-06-12;5844;8889;0;713502;360560;0;49.1;24.8;0.0
62;2021-06-13;3148;3826;0;716650;364386;0;49.3;25.1;0.0
62;2021-06-14;2801;7239;0;719451;371625;0;49.5;25.6;0.0
62;2021-06-15;4712;8778;0;724163;380403;0;49.8;26.2;0.0
62;2021-06-16;5130;7681;0;729293;388084;0;50.2;26.7;0.0
62;2021-06-17;5221;8199;0;734514;396283;0;50.6;27.3;0.0
62;2021-06-18;4850;11214;0;739364;407497;0;50.9;28.0;0.0
62;2021-06-19;5786;13974;0;745150;421471;0;51.3;29.0;0.0
62;2021-06-20;2271;4846;0;747421;426317;0;51.4;29.3;0.0
62;2021-06-21;2975;9578;0;750396;435895;0;51.7;30.0;0.0
62;2021-06-22;3525;10484;0;753921;446379;0;51.9;30.7;0.0
62;2021-06-23;3479;10756;0;757400;457135;0;52.1;31.5;0.0
62;2021-06-24;3435;11990;0;760835;469125;0;52.4;32.3;0.0
62;2021-06-25;3821;15603;0;764656;484728;0;52.6;33.4;0.0
62;2021-06-26;3651;18213;0;768307;502941;0;52.9;34.6;0.0
62;2021-06-27;1367;10154;0;769674;513095;0;53.0;35.3;0.0
62;2021-06-28;2050;9471;0;771724;522566;0;53.1;36.0;0.0
62;2021-06-29;3068;11521;0;774792;534087;0;53.3;36.8;0.0
62;2021-06-30;4074;11067;0;778866;545154;0;53.6;37.5;0.0
62;2021-07-01;4458;10613;0;783324;555767;0;53.9;38.3;0.0
62;2021-07-02;4152;12319;0;787476;568086;0;54.2;39.1;0.0
62;2021-07-03;2965;17989;0;790441;586075;0;54.4;40.3;0.0
62;2021-07-04;1581;9656;0;792022;595731;0;54.5;41.0;0.0
62;2021-07-05;2605;7618;0;794627;603349;0;54.7;41.5;0.0
62;2021-07-06;3863;10126;0;798490;613475;0;55.0;42.2;0.0
62;2021-07-07;4018;8922;0;802508;622397;0;55.2;42.8;0.0
62;2021-07-08;5161;8994;0;807669;631391;0;55.6;43.5;0.0
62;2021-07-09;4551;11087;0;812220;642478;0;55.9;44.2;0.0
62;2021-07-10;5116;11862;0;817336;654340;0;56.3;45.0;0.0
62;2021-07-11;1513;2473;0;818849;656813;0;56.4;45.2;0.0
62;2021-07-12;2504;7604;0;821353;664417;0;56.5;45.7;0.0
62;2021-07-13;5344;12027;0;826697;676444;0;56.9;46.6;0.0
62;2021-07-14;3740;3246;0;830437;679690;0;57.2;46.8;0.0
62;2021-07-15;7652;11523;0;838089;691213;0;57.7;47.6;0.0
62;2021-07-16;7925;11097;0;846014;702310;0;58.2;48.3;0.0
62;2021-07-17;9509;10466;0;855523;712776;0;58.9;49.1;0.0
62;2021-07-18;3181;3782;0;858704;716558;0;59.1;49.3;0.0
62;2021-07-19;6184;7403;0;864888;723961;0;59.5;49.8;0.0
62;2021-07-20;8180;10707;0;873068;734668;0;60.1;50.6;0.0
62;2021-07-21;9729;9454;0;882797;744122;0;60.8;51.2;0.0
62;2021-07-22;9918;8893;0;892715;753015;0;61.4;51.8;0.0
62;2021-07-23;10655;8498;0;903370;761513;0;62.2;52.4;0.0
62;2021-07-24;9924;10244;0;913294;771757;0;62.9;53.1;0.0
62;2021-07-25;5922;2052;0;919216;773809;0;63.3;53.3;0.0
62;2021-07-26;6692;5855;0;925908;779664;0;63.7;53.7;0.0
62;2021-07-27;9974;8102;0;935882;787766;0;64.4;54.2;0.0
62;2021-07-28;10548;7473;0;946430;795239;0;65.1;54.7;0.0
62;2021-07-29;11868;7546;0;958298;802785;0;66.0;55.3;0.0
62;2021-07-30;9266;6513;0;967564;809298;0;66.6;55.7;0.0
62;2021-07-31;6968;4308;0;974532;813606;0;67.1;56.0;0.0
62;2021-08-01;2782;1287;0;977314;814893;0;67.3;56.1;0.0
62;2021-08-02;6921;5053;0;984235;819946;0;67.7;56.4;0.0
62;2021-08-03;8484;7568;0;992719;827514;0;68.3;57.0;0.0
62;2021-08-04;9388;5540;0;1002107;833054;0;69.0;57.3;0.0
62;2021-08-05;8194;5780;0;1010301;838834;0;69.5;57.7;0.0
62;2021-08-06;7402;6048;0;1017703;844882;0;70.1;58.2;0.0
62;2021-08-07;5808;5492;0;1023511;850374;0;70.5;58.5;0.0
62;2021-08-08;2041;1502;0;1025552;851876;0;70.6;58.6;0.0
62;2021-08-09;5319;5394;0;1030871;857270;0;71.0;59.0;0.0
62;2021-08-10;6178;7348;0;1037049;864618;0;71.4;59.5;0.0
62;2021-08-11;5432;7401;0;1042481;872019;0;71.8;60.0;0.0
62;2021-08-12;5801;7145;0;1048282;879164;0;72.2;60.5;0.0
62;2021-08-13;4575;6265;0;1052857;885429;0;72.5;60.9;0.0
62;2021-08-14;3956;7086;0;1056813;892515;0;72.7;61.4;0.0
62;2021-08-15;1210;1357;0;1058023;893872;0;72.8;61.5;0.0
62;2021-08-16;3272;6244;0;1061295;900116;0;73.1;62.0;0.0
62;2021-08-17;4013;7213;0;1065308;907329;0;73.3;62.5;0.0
62;2021-08-18;4374;7237;0;1069682;914566;0;73.6;63.0;0.0
62;2021-08-19;4267;8466;0;1073949;923032;0;73.9;63.5;0.0
62;2021-08-20;3370;8637;0;1077319;931669;0;74.2;64.1;0.0
62;2021-08-21;2460;9718;0;1079779;941387;0;74.3;64.8;0.0
62;2021-08-22;483;3009;0;1080262;944396;0;74.4;65.0;0.0
62;2021-08-23;2727;8040;0;1082989;952436;0;74.5;65.6;0.0
62;2021-08-24;3689;10134;0;1086678;962570;0;74.8;66.3;0.0
62;2021-08-25;3469;9072;0;1090147;971642;0;75.0;66.9;0.0
62;2021-08-26;3081;9404;0;1093228;981046;0;75.3;67.5;0.0
62;2021-08-27;2596;8943;0;1095824;989989;0;75.4;68.1;0.0
62;2021-08-28;2097;8127;0;1097921;998116;0;75.6;68.7;0.0
62;2021-08-29;906;2415;0;1098827;1000531;0;75.6;68.9;0.0
62;2021-08-30;2050;7413;102;1100877;1007944;102;75.8;69.4;0.0
62;2021-08-31;2180;7805;196;1103057;1015749;298;75.9;69.9;0.0
62;2021-09-01;1865;5872;400;1104922;1021621;698;76.1;70.3;0.0
62;2021-09-02;1796;6203;448;1106718;1027824;1146;76.2;70.7;0.1
62;2021-09-03;2092;6935;613;1108810;1034759;1759;76.3;71.2;0.1
62;2021-09-04;2127;6517;405;1110937;1041276;2164;76.5;71.7;0.1
62;2021-09-05;321;1236;67;1111258;1042512;2231;76.5;71.8;0.2
62;2021-09-06;1079;3419;532;1112337;1045931;2763;76.6;72.0;0.2
62;2021-09-07;1210;3816;562;1113547;1049747;3325;76.6;72.3;0.2
62;2021-09-08;1311;4069;445;1114858;1053816;3770;76.7;72.5;0.3
62;2021-09-09;1268;4226;482;1116126;1058042;4252;76.8;72.8;0.3
62;2021-09-10;1620;4452;636;1117746;1062494;4888;76.9;73.1;0.3
62;2021-09-11;1276;3990;365;1119022;1066484;5253;77.0;73.4;0.4
62;2021-09-12;219;564;50;1119241;1067048;5303;77.0;73.4;0.4
62;2021-09-13;831;2292;608;1120072;1069340;5911;77.1;73.6;0.4
62;2021-09-14;1333;3323;1088;1121405;1072663;6999;77.2;73.8;0.5
62;2021-09-15;1347;4095;843;1122752;1076758;7842;77.3;74.1;0.5
62;2021-09-16;1361;2855;1034;1124113;1079613;8876;77.4;74.3;0.6
62;2021-09-17;1370;2484;1050;1125483;1082097;9926;77.5;74.5;0.7
62;2021-09-18;1067;2944;517;1126550;1085041;10443;77.5;74.7;0.7
62;2021-09-19;137;475;52;1126687;1085516;10495;77.6;74.7;0.7
62;2021-09-20;610;1535;850;1127297;1087051;11345;77.6;74.8;0.8
62;2021-09-21;904;2406;858;1128201;1089457;12203;77.7;75.0;0.8
62;2021-09-22;785;2607;896;1128986;1092064;13099;77.7;75.2;0.9
62;2021-09-23;712;1771;1486;1129698;1093835;14585;77.8;75.3;1.0
62;2021-09-24;772;1998;934;1130470;1095833;15519;77.8;75.4;1.1
62;2021-09-25;696;2676;653;1131166;1098509;16172;77.9;75.6;1.1
62;2021-09-26;85;329;58;1131251;1098838;16230;77.9;75.6;1.1
62;2021-09-27;353;1133;635;1131604;1099971;16865;77.9;75.7;1.2
62;2021-09-28;582;1676;985;1132186;1101647;17850;77.9;75.8;1.2
62;2021-09-29;723;1875;991;1132909;1103522;18841;78.0;76.0;1.3
62;2021-09-30;432;993;828;1133341;1104515;19669;78.0;76.0;1.4
62;2021-10-01;785;1689;1055;1134126;1106204;20724;78.1;76.1;1.4
62;2021-10-02;729;1556;817;1134855;1107760;21541;78.1;76.3;1.5
62;2021-10-03;94;251;76;1134949;1108011;21617;78.1;76.3;1.5
62;2021-10-04;436;821;1122;1135385;1108832;22739;78.2;76.3;1.6
62;2021-10-05;650;1443;1716;1136035;1110275;24455;78.2;76.4;1.7
62;2021-10-06;607;1260;1196;1136642;1111535;25651;78.2;76.5;1.8
62;2021-10-07;507;1185;1382;1137149;1112720;27033;78.3;76.6;1.9
62;2021-10-08;760;1573;1721;1137909;1114293;28754;78.3;76.7;2.0
62;2021-10-09;644;1375;1515;1138553;1115668;30269;78.4;76.8;2.1
62;2021-10-10;76;203;193;1138629;1115871;30462;78.4;76.8;2.1
62;2021-10-11;374;709;1273;1139003;1116580;31735;78.4;76.9;2.2
62;2021-10-12;499;1302;2454;1139502;1117882;34189;78.4;76.9;2.4
62;2021-10-13;575;930;1666;1140077;1118812;35855;78.5;77.0;2.5
62;2021-10-14;409;737;1396;1140486;1119549;37251;78.5;77.1;2.6
62;2021-10-15;684;1129;2302;1141170;1120678;39553;78.6;77.1;2.7
62;2021-10-16;537;790;1692;1141707;1121468;41245;78.6;77.2;2.8
62;2021-10-17;57;80;165;1141764;1121548;41410;78.6;77.2;2.9
62;2021-10-18;386;542;1817;1142150;1122090;43227;78.6;77.2;3.0
62;2021-10-19;546;841;2938;1142696;1122931;46165;78.7;77.3;3.2
62;2021-10-20;495;724;2189;1143191;1123655;48354;78.7;77.3;3.3
62;2021-10-21;419;544;2212;1143610;1124199;50566;78.7;77.4;3.5
62;2021-10-22;611;980;2816;1144221;1125179;53382;78.8;77.5;3.7
62;2021-10-23;509;753;2280;1144730;1125932;55662;78.8;77.5;3.8
62;2021-10-24;25;53;152;1144755;1125985;55814;78.8;77.5;3.8
62;2021-10-25;430;484;2145;1145185;1126469;57959;78.8;77.5;4.0
62;2021-10-26;472;663;3068;1145657;1127132;61027;78.9;77.6;4.2
62;2021-10-27;407;597;2290;1146064;1127729;63317;78.9;77.6;4.4
62;2021-10-28;407;470;2241;1146471;1128199;65558;78.9;77.7;4.5
62;2021-10-29;505;742;3035;1146976;1128941;68593;79.0;77.7;4.7
62;2021-10-30;368;648;2568;1147344;1129589;71161;79.0;77.8;4.9
62;2021-10-31;25;33;134;1147369;1129622;71295;79.0;77.8;4.9
62;2021-11-01;28;26;78;1147397;1129648;71373;79.0;77.8;4.9
62;2021-11-02;489;703;3333;1147886;1130351;74706;79.0;77.8;5.1
62;2021-11-03;439;638;2769;1148325;1130989;77475;79.0;77.9;5.3
62;2021-11-04;397;423;2458;1148722;1131412;79933;79.1;77.9;5.5
62;2021-11-05;472;634;3313;1149194;1132046;83246;79.1;77.9;5.7
62;2021-11-06;481;643;3110;1149675;1132689;86356;79.1;78.0;5.9
62;2021-11-07;104;116;468;1149779;1132805;86824;79.1;78.0;6.0
62;2021-11-08;299;422;2721;1150078;1133227;89545;79.2;78.0;6.2
62;2021-11-09;446;550;4676;1150524;1133777;94221;79.2;78.0;6.5
62;2021-11-10;537;727;4294;1151061;1134504;98515;79.2;78.1;6.8
62;2021-11-11;16;27;133;1151077;1134531;98648;79.2;78.1;6.8
62;2021-11-12;532;752;4667;1151609;1135283;103315;79.3;78.1;7.1
62;2021-11-13;388;552;2779;1151997;1135835;106094;79.3;78.2;7.3
62;2021-11-14;35;48;249;1152032;1135883;106343;79.3;78.2;7.3
62;2021-11-15;368;407;3614;1152400;1136290;109957;79.3;78.2;7.6
62;2021-11-16;341;432;4353;1152741;1136722;114310;79.3;78.2;7.9
62;2021-11-17;551;572;4664;1153292;1137294;118974;79.4;78.3;8.2
62;2021-11-18;433;604;5020;1153725;1137898;123994;79.4;78.3;8.5
62;2021-11-19;696;676;5867;1154421;1138574;129861;79.5;78.4;8.9
62;2021-11-20;515;568;3816;1154936;1139142;133677;79.5;78.4;9.2
62;2021-11-21;25;68;425;1154961;1139210;134102;79.5;78.4;9.2
62;2021-11-22;420;258;3752;1155381;1139468;137854;79.5;78.4;9.5
62;2021-11-23;432;387;5010;1155813;1139855;142864;79.6;78.5;9.8
62;2021-11-24;476;458;4035;1156289;1140313;146899;79.6;78.5;10.1
62;2021-11-25;506;427;6406;1156795;1140740;153305;79.6;78.5;10.6
62;2021-11-26;634;606;9781;1157429;1141346;163086;79.7;78.6;11.2
62;2021-11-27;400;503;7097;1157829;1141849;170183;79.7;78.6;11.7
62;2021-11-28;44;64;1428;1157873;1141913;171611;79.7;78.6;11.8
62;2021-11-29;286;331;7989;1158159;1142244;179600;79.7;78.6;12.4
62;2021-11-30;418;457;11787;1158577;1142701;191387;79.7;78.7;13.2
62;2021-12-01;343;482;11926;1158920;1143183;203313;79.8;78.7;14.0
62;2021-12-02;341;270;12876;1159261;1143453;216189;79.8;78.7;14.9
62;2021-12-03;429;654;15631;1159690;1144107;231820;79.8;78.8;16.0
62;2021-12-04;371;514;13174;1160061;1144621;244994;79.9;78.8;16.9
62;2021-12-05;66;61;4860;1160127;1144682;249854;79.9;78.8;17.2
62;2021-12-06;293;382;13426;1160420;1145064;263280;79.9;78.8;18.1
62;2021-12-07;317;406;16509;1160737;1145470;279789;79.9;78.8;19.3
62;2021-12-08;380;578;14361;1161117;1146048;294150;79.9;78.9;20.2
62;2021-12-09;413;460;17429;1161530;1146508;311579;80.0;78.9;21.4
62;2021-12-10;457;652;19466;1161987;1147160;331045;80.0;79.0;22.8
62;2021-12-11;383;560;17402;1162370;1147720;348447;80.0;79.0;24.0
62;2021-12-12;115;100;6346;1162485;1147820;354793;80.0;79.0;24.4
62;2021-12-13;347;434;15825;1162832;1148254;370618;80.0;79.0;25.5
62;2021-12-14;401;460;18634;1163233;1148714;389252;80.1;79.1;26.8
62;2021-12-15;348;537;16492;1163581;1149251;405744;80.1;79.1;27.9
63;2020-12-27;0;0;0;0;0;0;0.0;0.0;0.0
63;2020-12-28;0;0;0;0;0;0;0.0;0.0;0.0
63;2020-12-29;0;0;0;0;0;0;0.0;0.0;0.0
63;2020-12-30;0;0;0;0;0;0;0.0;0.0;0.0
63;2020-12-31;1;1;0;1;1;0;0.0;0.0;0.0
63;2021-01-01;1;0;0;2;1;0;0.0;0.0;0.0
63;2021-01-02;0;0;0;2;1;0;0.0;0.0;0.0
63;2021-01-03;0;0;0;2;1;0;0.0;0.0;0.0
63;2021-01-04;0;0;0;2;1;0;0.0;0.0;0.0
63;2021-01-05;1;0;0;3;1;0;0.0;0.0;0.0
63;2021-01-06;5;1;0;8;2;0;0.0;0.0;0.0
63;2021-01-07;303;1;0;311;3;0;0.0;0.0;0.0
63;2021-01-08;216;5;0;527;8;0;0.1;0.0;0.0
63;2021-01-09;101;0;0;628;8;0;0.1;0.0;0.0
63;2021-01-10;82;0;0;710;8;0;0.1;0.0;0.0
63;2021-01-11;435;4;0;1145;12;0;0.2;0.0;0.0
63;2021-01-12;663;1;0;1808;13;0;0.3;0.0;0.0
63;2021-01-13;785;8;0;2593;21;0;0.4;0.0;0.0
63;2021-01-14;548;8;0;3141;29;0;0.5;0.0;0.0
63;2021-01-15;428;6;0;3569;35;0;0.5;0.0;0.0
63;2021-01-16;168;0;0;3737;35;0;0.6;0.0;0.0
63;2021-01-17;140;0;0;3877;35;0;0.6;0.0;0.0
63;2021-01-18;655;3;0;4532;38;0;0.7;0.0;0.0
63;2021-01-19;873;2;0;5405;40;0;0.8;0.0;0.0
63;2021-01-20;1127;12;0;6532;52;0;1.0;0.0;0.0
63;2021-01-21;1088;5;0;7620;57;0;1.2;0.0;0.0
63;2021-01-22;1040;5;0;8660;62;0;1.3;0.0;0.0
63;2021-01-23;200;0;0;8860;62;0;1.3;0.0;0.0
63;2021-01-24;165;2;0;9025;64;0;1.4;0.0;0.0
63;2021-01-25;893;4;0;9918;68;0;1.5;0.0;0.0
63;2021-01-26;971;3;0;10889;71;0;1.6;0.0;0.0
63;2021-01-27;1057;5;0;11946;76;0;1.8;0.0;0.0
63;2021-01-28;1370;70;0;13316;146;0;2.0;0.0;0.0
63;2021-01-29;1200;73;0;14516;219;0;2.2;0.0;0.0
63;2021-01-30;98;2;0;14614;221;0;2.2;0.0;0.0
63;2021-01-31;9;0;0;14623;221;0;2.2;0.0;0.0
63;2021-02-01;656;188;0;15279;409;0;2.3;0.1;0.0
63;2021-02-02;919;255;0;16198;664;0;2.5;0.1;0.0
63;2021-02-03;1597;317;0;17795;981;0;2.7;0.1;0.0
63;2021-02-04;2111;508;0;19906;1489;0;3.0;0.2;0.0
63;2021-02-05;1240;287;0;21146;1776;0;3.2;0.3;0.0
63;2021-02-06;121;5;0;21267;1781;0;3.2;0.3;0.0
63;2021-02-07;11;3;0;21278;1784;0;3.2;0.3;0.0
63;2021-02-08;549;405;0;21827;2189;0;3.3;0.3;0.0
63;2021-02-09;712;436;0;22539;2625;0;3.4;0.4;0.0
63;2021-02-10;642;586;0;23181;3211;0;3.5;0.5;0.0
63;2021-02-11;843;504;0;24024;3715;0;3.6;0.6;0.0
63;2021-02-12;845;820;0;24869;4535;0;3.8;0.7;0.0
63;2021-02-13;115;2;0;24984;4537;0;3.8;0.7;0.0
63;2021-02-14;2;61;0;24986;4598;0;3.8;0.7;0.0
63;2021-02-15;222;852;0;25208;5450;0;3.8;0.8;0.0
63;2021-02-16;426;1169;0;25634;6619;0;3.9;1.0;0.0
63;2021-02-17;405;919;0;26039;7538;0;3.9;1.1;0.0
63;2021-02-18;641;902;0;26680;8440;0;4.0;1.3;0.0
63;2021-02-19;479;1021;0;27159;9461;0;4.1;1.4;0.0
63;2021-02-20;47;40;0;27206;9501;0;4.1;1.4;0.0
63;2021-02-21;3;19;0;27209;9520;0;4.1;1.4;0.0
63;2021-02-22;276;943;0;27485;10463;0;4.2;1.6;0.0
63;2021-02-23;587;1149;0;28072;11612;0;4.3;1.8;0.0
63;2021-02-24;708;1414;0;28780;13026;0;4.4;2.0;0.0
63;2021-02-25;1598;1693;0;30378;14719;0;4.6;2.2;0.0
63;2021-02-26;1638;1416;0;32016;16135;0;4.8;2.4;0.0
63;2021-02-27;633;82;0;32649;16217;0;4.9;2.5;0.0
63;2021-02-28;6;170;0;32655;16387;0;4.9;2.5;0.0
63;2021-03-01;593;546;0;33248;16933;0;5.0;2.6;0.0
63;2021-03-02;965;825;0;34213;17758;0;5.2;2.7;0.0
63;2021-03-03;1077;738;0;35290;18496;0;5.3;2.8;0.0
63;2021-03-04;1794;531;0;37084;19027;0;5.6;2.9;0.0
63;2021-03-05;2654;728;0;39738;19755;0;6.0;3.0;0.0
63;2021-03-06;1577;56;0;41315;19811;0;6.3;3.0;0.0
63;2021-03-07;506;21;0;41821;19832;0;6.3;3.0;0.0
63;2021-03-08;1004;684;0;42825;20516;0;6.5;3.1;0.0
63;2021-03-09;1608;1060;0;44433;21576;0;6.7;3.3;0.0
63;2021-03-10;1683;664;0;46116;22240;0;7.0;3.4;0.0
63;2021-03-11;3134;942;0;49250;23182;0;7.5;3.5;0.0
63;2021-03-12;3579;431;0;52829;23613;0;8.0;3.6;0.0
63;2021-03-13;2101;92;0;54930;23705;0;8.3;3.6;0.0
63;2021-03-14;73;25;0;55003;23730;0;8.3;3.6;0.0
63;2021-03-15;1735;364;0;56738;24094;0;8.6;3.6;0.0
63;2021-03-16;1747;424;0;58485;24518;0;8.9;3.7;0.0
63;2021-03-17;1685;730;0;60170;25248;0;9.1;3.8;0.0
63;2021-03-18;1979;751;0;62149;25999;0;9.4;3.9;0.0
63;2021-03-19;2820;546;0;64969;26545;0;9.8;4.0;0.0
63;2021-03-20;1131;76;0;66100;26621;0;10.0;4.0;0.0
63;2021-03-21;57;42;0;66157;26663;0;10.0;4.0;0.0
63;2021-03-22;2025;261;0;68182;26924;0;10.3;4.1;0.0
63;2021-03-23;3004;364;0;71186;27288;0;10.8;4.1;0.0
63;2021-03-24;3245;364;0;74431;27652;0;11.3;4.2;0.0
63;2021-03-25;4664;439;0;79095;28091;0;12.0;4.3;0.0
63;2021-03-26;4604;589;0;83699;28680;0;12.7;4.3;0.0
63;2021-03-27;2440;232;0;86139;28912;0;13.0;4.4;0.0
63;2021-03-28;1021;75;0;87160;28987;0;13.2;4.4;0.0
63;2021-03-29;2518;523;0;89678;29510;0;13.6;4.5;0.0
63;2021-03-30;3334;663;0;93012;30173;0;14.1;4.6;0.0
63;2021-03-31;3023;808;0;96035;30981;0;14.5;4.7;0.0
63;2021-04-01;3877;595;0;99912;31576;0;15.1;4.8;0.0
63;2021-04-02;3460;719;0;103372;32295;0;15.7;4.9;0.0
63;2021-04-03;1163;188;0;104535;32483;0;15.8;4.9;0.0
63;2021-04-04;834;31;0;105369;32514;0;16.0;4.9;0.0
63;2021-04-05;773;82;0;106142;32596;0;16.1;4.9;0.0
63;2021-04-06;2472;1006;0;108614;33602;0;16.5;5.1;0.0
63;2021-04-07;3252;899;0;111866;34501;0;16.9;5.2;0.0
63;2021-04-08;4732;1246;0;116598;35747;0;17.7;5.4;0.0
63;2021-04-09;5403;1094;0;122001;36841;0;18.5;5.6;0.0
63;2021-04-10;2307;503;0;124308;37344;0;18.8;5.7;0.0
63;2021-04-11;938;50;0;125246;37394;0;19.0;5.7;0.0
63;2021-04-12;1631;1329;0;126877;38723;0;19.2;5.9;0.0
63;2021-04-13;2051;1995;0;128928;40718;0;19.5;6.2;0.0
63;2021-04-14;2760;1504;0;131688;42222;0;19.9;6.4;0.0
63;2021-04-15;3856;1613;0;135544;43835;0;20.5;6.6;0.0
63;2021-04-16;2979;2162;0;138523;45997;0;21.0;7.0;0.0
63;2021-04-17;1287;698;0;139810;46695;0;21.2;7.1;0.0
63;2021-04-18;772;69;0;140582;46764;0;21.3;7.1;0.0
63;2021-04-19;1728;2110;0;142310;48874;0;21.6;7.4;0.0
63;2021-04-20;1804;2343;0;144114;51217;0;21.8;7.8;0.0
63;2021-04-21;1558;2454;0;145672;53671;0;22.1;8.1;0.0
63;2021-04-22;2044;2362;0;147716;56033;0;22.4;8.5;0.0
63;2021-04-23;2091;3081;0;149807;59114;0;22.7;9.0;0.0
63;2021-04-24;1203;1176;0;151010;60290;0;22.9;9.1;0.0
63;2021-04-25;534;409;0;151544;60699;0;23.0;9.2;0.0
63;2021-04-26;1528;2259;0;153072;62958;0;23.2;9.5;0.0
63;2021-04-27;2406;2613;0;155478;65571;0;23.5;9.9;0.0
63;2021-04-28;2427;3156;0;157905;68727;0;23.9;10.4;0.0
63;2021-04-29;3011;2946;0;160916;71673;0;24.4;10.9;0.0
63;2021-04-30;3061;2782;0;163977;74455;0;24.8;11.3;0.0
63;2021-05-01;1188;1007;0;165165;75462;0;25.0;11.4;0.0
63;2021-05-02;869;626;0;166034;76088;0;25.1;11.5;0.0
63;2021-05-03;2788;2271;0;168822;78359;0;25.6;11.9;0.0
63;2021-05-04;3043;2727;0;171865;81086;0;26.0;12.3;0.0
63;2021-05-05;3050;3144;0;174915;84230;0;26.5;12.8;0.0
63;2021-05-06;3842;3152;0;178757;87382;0;27.1;13.2;0.0
63;2021-05-07;4291;3658;0;183048;91040;0;27.7;13.8;0.0
63;2021-05-08;2152;721;0;185200;91761;0;28.1;13.9;0.0
63;2021-05-09;1780;766;0;186980;92527;0;28.3;14.0;0.0
63;2021-05-10;4340;2793;0;191320;95320;0;29.0;14.4;0.0
63;2021-05-11;5575;2825;0;196895;98145;0;29.8;14.9;0.0
63;2021-05-12;5392;2960;0;202287;101105;0;30.6;15.3;0.0
63;2021-05-13;4443;720;0;206730;101825;0;31.3;15.4;0.0
63;2021-05-14;4958;1620;0;211688;103445;0;32.1;15.7;0.0
63;2021-05-15;3740;1014;0;215428;104459;0;32.6;15.8;0.0
63;2021-05-16;3412;442;0;218840;104901;0;33.1;15.9;0.0
63;2021-05-17;3968;2008;0;222808;106909;0;33.7;16.2;0.0
63;2021-05-18;5227;1684;0;228035;108593;0;34.5;16.4;0.0
63;2021-05-19;5392;1691;0;233427;110284;0;35.4;16.7;0.0
63;2021-05-20;6838;2177;0;240265;112461;0;36.4;17.0;0.0
63;2021-05-21;6439;2319;0;246704;114780;0;37.4;17.4;0.0
63;2021-05-22;3436;848;0;250140;115628;0;37.9;17.5;0.0
63;2021-05-23;2319;233;0;252459;115861;0;38.2;17.5;0.0
63;2021-05-24;2887;602;0;255346;116463;0;38.7;17.6;0.0
63;2021-05-25;4317;2634;0;259663;119097;0;39.3;18.0;0.0
63;2021-05-26;5472;2425;0;265135;121522;0;40.2;18.4;0.0
63;2021-05-27;6464;2794;0;271599;124316;0;41.1;18.8;0.0
63;2021-05-28;5720;3899;0;277319;128215;0;42.0;19.4;0.0
63;2021-05-29;3366;1522;0;280685;129737;0;42.5;19.6;0.0
63;2021-05-30;1498;215;0;282183;129952;0;42.7;19.7;0.0
63;2021-05-31;4007;2311;0;286190;132263;0;43.3;20.0;0.0
63;2021-06-01;3902;3054;0;290092;135317;0;43.9;20.5;0.0
63;2021-06-02;3956;2556;0;294048;137873;0;44.5;20.9;0.0
63;2021-06-03;4904;3311;0;298952;141184;0;45.3;21.4;0.0
63;2021-06-04;5086;3690;0;304038;144874;0;46.0;21.9;0.0
63;2021-06-05;2786;1726;0;306824;146600;0;46.5;22.2;0.0
63;2021-06-06;1241;688;0;308065;147288;0;46.7;22.3;0.0
63;2021-06-07;3177;2600;0;311242;149888;0;47.1;22.7;0.0
63;2021-06-08;2974;2811;0;314216;152699;0;47.6;23.1;0.0
63;2021-06-09;3144;2360;0;317360;155059;0;48.1;23.5;0.0
63;2021-06-10;3288;2799;0;320648;157858;0;48.6;23.9;0.0
63;2021-06-11;3114;4226;0;323762;162084;0;49.0;24.5;0.0
63;2021-06-12;1690;1970;0;325452;164054;0;49.3;24.8;0.0
63;2021-06-13;466;1080;0;325918;165134;0;49.4;25.0;0.0
63;2021-06-14;1813;3547;0;327731;168681;0;49.6;25.5;0.0
63;2021-06-15;2337;3680;0;330068;172361;0;50.0;26.1;0.0
63;2021-06-16;2599;3421;0;332667;175782;0;50.4;26.6;0.0
63;2021-06-17;2480;4482;0;335147;180264;0;50.8;27.3;0.0
63;2021-06-18;2567;5991;0;337714;186255;0;51.2;28.2;0.0
63;2021-06-19;1680;3023;0;339394;189278;0;51.4;28.7;0.0
63;2021-06-20;649;2359;0;340043;191637;0;51.5;29.0;0.0
63;2021-06-21;1284;5540;0;341327;197177;0;51.7;29.9;0.0
63;2021-06-22;1356;5799;0;342683;202976;0;51.9;30.7;0.0
63;2021-06-23;1575;5015;0;344258;207991;0;52.1;31.5;0.0
63;2021-06-24;2008;5515;0;346266;213506;0;52.4;32.3;0.0
63;2021-06-25;1791;6164;0;348057;219670;0;52.7;33.3;0.0
63;2021-06-26;1075;3399;0;349132;223069;0;52.9;33.8;0.0
63;2021-06-27;686;3363;0;349818;226432;0;53.0;34.3;0.0
63;2021-06-28;1163;5648;0;350981;232080;0;53.2;35.2;0.0
63;2021-06-29;1282;5335;0;352263;237415;0;53.4;36.0;0.0
63;2021-06-30;1666;5532;0;353929;242947;0;53.6;36.8;0.0
63;2021-07-01;1969;7984;0;355898;250931;0;53.9;38.0;0.0
63;2021-07-02;2181;6706;0;358079;257637;0;54.2;39.0;0.0
63;2021-07-03;962;3009;0;359041;260646;0;54.4;39.5;0.0
63;2021-07-04;1013;1874;0;360054;262520;0;54.5;39.8;0.0
63;2021-07-05;1561;6344;0;361615;268864;0;54.8;40.7;0.0
63;2021-07-06;1645;4976;0;363260;273840;0;55.0;41.5;0.0
63;2021-07-07;1953;4318;0;365213;278158;0;55.3;42.1;0.0
63;2021-07-08;2243;4759;0;367456;282917;0;55.7;42.9;0.0
63;2021-07-09;1995;5949;0;369451;288866;0;56.0;43.8;0.0
63;2021-07-10;1542;3620;0;370993;292486;0;56.2;44.3;0.0
63;2021-07-11;864;1488;0;371857;293974;0;56.3;44.5;0.0
63;2021-07-12;1597;8296;0;373454;302270;0;56.6;45.8;0.0
63;2021-07-13;3609;6214;0;377063;308484;0;57.1;46.7;0.0
63;2021-07-14;3383;1731;0;380446;310215;0;57.6;47.0;0.0
63;2021-07-15;4311;5150;0;384757;315365;0;58.3;47.8;0.0
63;2021-07-16;4638;5798;0;389395;321163;0;59.0;48.6;0.0
63;2021-07-17;2884;2570;0;392279;323733;0;59.4;49.0;0.0
63;2021-07-18;2632;1090;0;394911;324823;0;59.8;49.2;0.0
63;2021-07-19;3908;4787;0;398819;329610;0;60.4;49.9;0.0
63;2021-07-20;4642;5426;0;403461;335036;0;61.1;50.7;0.0
63;2021-07-21;4660;4072;0;408121;339108;0;61.8;51.4;0.0
63;2021-07-22;5289;4409;0;413410;343517;0;62.6;52.0;0.0
63;2021-07-23;5060;4598;0;418470;348115;0;63.4;52.7;0.0
63;2021-07-24;3394;2010;0;421864;350125;0;63.9;53.0;0.0
63;2021-07-25;2692;1308;0;424556;351433;0;64.3;53.2;0.0
63;2021-07-26;3837;3242;0;428393;354675;0;64.9;53.7;0.0
63;2021-07-27;3897;3213;0;432290;357888;0;65.5;54.2;0.0
63;2021-07-28;3784;2740;0;436074;360628;0;66.0;54.6;0.0
63;2021-07-29;4371;3199;0;440445;363827;0;66.7;55.1;0.0
63;2021-07-30;3823;3602;0;444268;367429;0;67.3;55.7;0.0
63;2021-07-31;2161;1831;0;446429;369260;0;67.6;55.9;0.0
63;2021-08-01;1060;793;0;447489;370053;0;67.8;56.0;0.0
63;2021-08-02;2265;2964;0;449754;373017;0;68.1;56.5;0.0
63;2021-08-03;2758;3334;0;452512;376351;0;68.5;57.0;0.0
63;2021-08-04;2830;3181;1;455342;379532;1;69.0;57.5;0.0
63;2021-08-05;2401;3501;0;457743;383033;1;69.3;58.0;0.0
63;2021-08-06;2315;4022;0;460058;387055;1;69.7;58.6;0.0
63;2021-08-07;1271;2723;0;461329;389778;1;69.9;59.0;0.0
63;2021-08-08;335;1169;0;461664;390947;1;69.9;59.2;0.0
63;2021-08-09;1775;4094;0;463439;395041;1;70.2;59.8;0.0
63;2021-08-10;2219;4008;0;465658;399049;1;70.5;60.4;0.0
63;2021-08-11;2045;3651;0;467703;402700;1;70.8;61.0;0.0
63;2021-08-12;1801;4607;0;469504;407307;1;71.1;61.7;0.0
63;2021-08-13;1671;3906;0;471175;411213;1;71.4;62.3;0.0
63;2021-08-14;839;3017;0;472014;414230;1;71.5;62.7;0.0
63;2021-08-15;181;1346;0;472195;415576;1;71.5;62.9;0.0
63;2021-08-16;1137;4302;0;473332;419878;1;71.7;63.6;0.0
63;2021-08-17;1623;4034;0;474955;423912;1;71.9;64.2;0.0
63;2021-08-18;1399;3312;0;476354;427224;1;72.1;64.7;0.0
63;2021-08-19;1316;3508;0;477670;430732;1;72.3;65.2;0.0
63;2021-08-20;1329;3600;0;478999;434332;1;72.5;65.8;0.0
63;2021-08-21;670;2072;0;479669;436404;1;72.7;66.1;0.0
63;2021-08-22;214;1039;0;479883;437443;1;72.7;66.3;0.0
63;2021-08-23;1009;3506;0;480892;440949;1;72.8;66.8;0.0
63;2021-08-24;1066;3046;0;481958;443995;1;73.0;67.2;0.0
63;2021-08-25;1040;2923;0;482998;446918;1;73.2;67.7;0.0
63;2021-08-26;1105;2690;0;484103;449608;1;73.3;68.1;0.0
63;2021-08-27;1094;3261;0;485197;452869;1;73.5;68.6;0.0
63;2021-08-28;675;1684;0;485872;454553;1;73.6;68.8;0.0
63;2021-08-29;108;581;0;485980;455134;1;73.6;68.9;0.0
63;2021-08-30;763;2396;54;486743;457530;55;73.7;69.3;0.0
63;2021-08-31;972;2503;99;487715;460033;154;73.9;69.7;0.0
63;2021-09-01;954;1822;264;488669;461855;418;74.0;70.0;0.1
63;2021-09-02;824;1809;320;489493;463664;738;74.1;70.2;0.1
63;2021-09-03;909;2264;404;490402;465928;1142;74.3;70.6;0.2
63;2021-09-04;661;1398;130;491063;467326;1272;74.4;70.8;0.2
63;2021-09-05;76;201;14;491139;467527;1286;74.4;70.8;0.2
63;2021-09-06;522;1155;384;491661;468682;1670;74.5;71.0;0.3
63;2021-09-07;640;1398;380;492301;470080;2050;74.6;71.2;0.3
63;2021-09-08;679;1442;285;492980;471522;2335;74.7;71.4;0.4
63;2021-09-09;606;1174;353;493586;472696;2688;74.8;71.6;0.4
63;2021-09-10;749;1608;477;494335;474304;3165;74.9;71.8;0.5
63;2021-09-11;461;1024;128;494796;475328;3293;74.9;72.0;0.5
63;2021-09-12;50;159;13;494846;475487;3306;74.9;72.0;0.5
63;2021-09-13;431;875;500;495277;476362;3806;75.0;72.1;0.6
63;2021-09-14;537;835;629;495814;477197;4435;75.1;72.3;0.7
63;2021-09-15;550;1230;392;496364;478427;4827;75.2;72.5;0.7
63;2021-09-16;459;877;565;496823;479304;5392;75.2;72.6;0.8
63;2021-09-17;451;1189;579;497274;480493;5971;75.3;72.8;0.9
63;2021-09-18;299;953;124;497573;481446;6095;75.4;72.9;0.9
63;2021-09-19;41;109;9;497614;481555;6104;75.4;72.9;0.9
63;2021-09-20;337;667;552;497951;482222;6656;75.4;73.0;1.0
63;2021-09-21;401;687;687;498352;482909;7343;75.5;73.1;1.1
63;2021-09-22;376;1099;383;498728;484008;7726;75.5;73.3;1.2
63;2021-09-23;274;650;561;499002;484658;8287;75.6;73.4;1.3
63;2021-09-24;467;1102;526;499469;485760;8813;75.6;73.6;1.3
63;2021-09-25;233;750;140;499702;486510;8953;75.7;73.7;1.4
63;2021-09-26;26;97;6;499728;486607;8959;75.7;73.7;1.4
63;2021-09-27;297;588;490;500025;487195;9449;75.7;73.8;1.4
63;2021-09-28;274;580;580;500299;487775;10029;75.8;73.9;1.5
63;2021-09-29;311;738;688;500610;488513;10717;75.8;74.0;1.6
63;2021-09-30;270;637;717;500880;489150;11434;75.9;74.1;1.7
63;2021-10-01;472;851;627;501352;490001;12061;75.9;74.2;1.8
63;2021-10-02;254;514;150;501606;490515;12211;76.0;74.3;1.8
63;2021-10-03;33;75;12;501639;490590;12223;76.0;74.3;1.9
63;2021-10-04;200;381;423;501839;490971;12646;76.0;74.4;1.9
63;2021-10-05;282;479;623;502121;491450;13269;76.1;74.4;2.0
63;2021-10-06;340;606;578;502461;492056;13847;76.1;74.5;2.1
63;2021-10-07;239;452;762;502700;492508;14609;76.1;74.6;2.2
63;2021-10-08;369;683;868;503069;493191;15477;76.2;74.7;2.3
63;2021-10-09;218;382;254;503287;493573;15731;76.2;74.8;2.4
63;2021-10-10;25;45;14;503312;493618;15745;76.2;74.8;2.4
63;2021-10-11;195;415;690;503507;494033;16435;76.3;74.8;2.5
63;2021-10-12;209;407;755;503716;494440;17190;76.3;74.9;2.6
63;2021-10-13;287;417;789;504003;494857;17979;76.3;75.0;2.7
63;2021-10-14;244;360;851;504247;495217;18830;76.4;75.0;2.9
63;2021-10-15;370;637;1230;504617;495854;20060;76.4;75.1;3.0
63;2021-10-16;207;308;233;504824;496162;20293;76.5;75.1;3.1
63;2021-10-17;23;41;11;504847;496203;20304;76.5;75.2;3.1
63;2021-10-18;194;380;786;505041;496583;21090;76.5;75.2;3.2
63;2021-10-19;129;246;832;505170;496829;21922;76.5;75.2;3.3
63;2021-10-20;170;346;1057;505340;497175;22979;76.5;75.3;3.5
63;2021-10-21;107;341;997;505447;497516;23976;76.6;75.4;3.6
63;2021-10-22;170;496;1334;505617;498012;25310;76.6;75.4;3.8
63;2021-10-23;81;228;335;505698;498240;25645;76.6;75.5;3.9
63;2021-10-24;15;31;21;505713;498271;25666;76.6;75.5;3.9
63;2021-10-25;122;225;981;505835;498496;26647;76.6;75.5;4.0
63;2021-10-26;110;192;1094;505945;498688;27741;76.6;75.5;4.2
63;2021-10-27;115;285;1200;506060;498973;28941;76.6;75.6;4.4
63;2021-10-28;107;285;1175;506167;499258;30116;76.7;75.6;4.6
63;2021-10-29;129;324;1348;506296;499582;31464;76.7;75.7;4.8
63;2021-10-30;54;157;323;506350;499739;31787;76.7;75.7;4.8
63;2021-10-31;4;14;30;506354;499753;31817;76.7;75.7;4.8
63;2021-11-01;29;33;146;506383;499786;31963;76.7;75.7;4.8
63;2021-11-02;125;243;1489;506508;500029;33452;76.7;75.7;5.1
63;2021-11-03;112;272;1257;506620;500301;34709;76.7;75.8;5.3
63;2021-11-04;126;199;1510;506746;500500;36219;76.8;75.8;5.5
63;2021-11-05;151;344;1950;506897;500844;38169;76.8;75.9;5.8
63;2021-11-06;67;187;645;506964;501031;38814;76.8;75.9;5.9
63;2021-11-07;9;30;33;506973;501061;38847;76.8;75.9;5.9
63;2021-11-08;90;215;1709;507063;501276;40556;76.8;75.9;6.1
63;2021-11-09;93;189;2022;507156;501465;42578;76.8;76.0;6.4
63;2021-11-10;145;236;2009;507301;501701;44587;76.8;76.0;6.8
63;2021-11-11;38;34;396;507339;501735;44983;76.8;76.0;6.8
63;2021-11-12;149;207;2077;507488;501942;47060;76.9;76.0;7.1
63;2021-11-13;79;110;755;507567;502052;47815;76.9;76.0;7.2
63;2021-11-14;6;18;65;507573;502070;47880;76.9;76.0;7.3
63;2021-11-15;88;134;2348;507661;502204;50228;76.9;76.1;7.6
63;2021-11-16;105;135;2603;507766;502339;52831;76.9;76.1;8.0
63;2021-11-17;156;191;2344;507922;502530;55175;76.9;76.1;8.4
63;2021-11-18;104;127;2334;508026;502657;57509;76.9;76.1;8.7
63;2021-11-19;172;194;2918;508198;502851;60427;77.0;76.2;9.2
63;2021-11-20;89;103;1007;508287;502954;61434;77.0;76.2;9.3
63;2021-11-21;10;15;68;508297;502969;61502;77.0;76.2;9.3
63;2021-11-22;94;79;2184;508391;503048;63686;77.0;76.2;9.6
63;2021-11-23;105;108;2576;508496;503156;66262;77.0;76.2;10.0
63;2021-11-24;178;190;2376;508674;503346;68638;77.0;76.2;10.4
63;2021-11-25;113;127;2922;508787;503473;71560;77.1;76.3;10.8
63;2021-11-26;181;175;5151;508968;503648;76711;77.1;76.3;11.6
63;2021-11-27;87;72;2393;509055;503720;79104;77.1;76.3;12.0
63;2021-11-28;26;19;991;509081;503739;80095;77.1;76.3;12.1
63;2021-11-29;104;111;4926;509185;503850;85021;77.1;76.3;12.9
63;2021-11-30;118;115;5792;509303;503965;90813;77.1;76.3;13.8
63;2021-12-01;121;155;5875;509424;504120;96688;77.2;76.4;14.6
63;2021-12-02;118;100;6608;509542;504220;103296;77.2;76.4;15.6
63;2021-12-03;118;172;7258;509660;504392;110554;77.2;76.4;16.7
63;2021-12-04;54;104;3497;509714;504496;114051;77.2;76.4;17.3
63;2021-12-05;12;21;1254;509726;504517;115305;77.2;76.4;17.5
63;2021-12-06;106;96;6656;509832;504613;121961;77.2;76.4;18.5
63;2021-12-07;84;127;7984;509916;504740;129945;77.2;76.4;19.7
63;2021-12-08;130;186;6768;510046;504926;136713;77.3;76.5;20.7
63;2021-12-09;89;127;7421;510135;505053;144134;77.3;76.5;21.8
63;2021-12-10;129;200;9010;510264;505253;153144;77.3;76.5;23.2
63;2021-12-11;83;94;4793;510347;505347;157937;77.3;76.5;23.9
63;2021-12-12;6;9;1218;510353;505356;159155;77.3;76.5;24.1
63;2021-12-13;84;128;7754;510437;505484;166909;77.3;76.6;25.3
63;2021-12-14;126;140;9654;510563;505624;176563;77.3;76.6;26.7
63;2021-12-15;138;193;7839;510701;505817;184402;77.4;76.6;27.9
64;2020-12-27;1;0;0;1;0;0;0.0;0.0;0.0
64;2020-12-28;2;0;0;3;0;0;0.0;0.0;0.0
64;2020-12-29;0;0;0;3;0;0;0.0;0.0;0.0
64;2020-12-30;0;0;0;3;0;0;0.0;0.0;0.0
64;2020-12-31;0;0;0;3;0;0;0.0;0.0;0.0
64;2021-01-01;1;0;0;4;0;0;0.0;0.0;0.0
64;2021-01-02;0;0;0;4;0;0;0.0;0.0;0.0
64;2021-01-03;0;0;0;4;0;0;0.0;0.0;0.0
64;2021-01-04;28;0;0;32;0;0;0.0;0.0;0.0
64;2021-01-05;24;0;0;56;0;0;0.0;0.0;0.0
64;2021-01-06;186;0;0;242;0;0;0.0;0.0;0.0
64;2021-01-07;808;1;0;1050;1;0;0.2;0.0;0.0
64;2021-01-08;832;2;0;1882;3;0;0.3;0.0;0.0
64;2021-01-09;54;0;0;1936;3;0;0.3;0.0;0.0
64;2021-01-10;2;0;0;1938;3;0;0.3;0.0;0.0
64;2021-01-11;515;0;0;2453;3;0;0.4;0.0;0.0
64;2021-01-12;724;3;0;3177;6;0;0.5;0.0;0.0
64;2021-01-13;841;2;0;4018;8;0;0.6;0.0;0.0
64;2021-01-14;992;5;0;5010;13;0;0.7;0.0;0.0
64;2021-01-15;903;5;0;5913;18;0;0.9;0.0;0.0
64;2021-01-16;76;0;0;5989;18;0;0.9;0.0;0.0
64;2021-01-17;3;1;0;5992;19;0;0.9;0.0;0.0
64;2021-01-18;913;7;0;6905;26;0;1.0;0.0;0.0
64;2021-01-19;1422;4;0;8327;30;0;1.2;0.0;0.0
64;2021-01-20;1553;3;0;9880;33;0;1.4;0.0;0.0
64;2021-01-21;2471;4;0;12351;37;0;1.8;0.0;0.0
64;2021-01-22;1531;3;0;13882;40;0;2.0;0.0;0.0
64;2021-01-23;481;1;0;14363;41;0;2.1;0.0;0.0
64;2021-01-24;59;0;0;14422;41;0;2.1;0.0;0.0
64;2021-01-25;915;7;0;15337;48;0;2.2;0.0;0.0
64;2021-01-26;1284;21;0;16621;69;0;2.4;0.0;0.0
64;2021-01-27;1198;119;0;17819;188;0;2.6;0.0;0.0
64;2021-01-28;1606;604;0;19425;792;0;2.8;0.1;0.0
64;2021-01-29;943;597;0;20368;1389;0;3.0;0.2;0.0
64;2021-01-30;445;58;0;20813;1447;0;3.0;0.2;0.0
64;2021-01-31;76;0;0;20889;1447;0;3.1;0.2;0.0
64;2021-02-01;646;305;0;21535;1752;0;3.2;0.3;0.0
64;2021-02-02;1113;537;0;22648;2289;0;3.3;0.3;0.0
64;2021-02-03;1023;633;0;23671;2922;0;3.5;0.4;0.0
64;2021-02-04;1021;544;0;24692;3466;0;3.6;0.5;0.0
64;2021-02-05;801;458;0;25493;3924;0;3.7;0.6;0.0
64;2021-02-06;488;33;0;25981;3957;0;3.8;0.6;0.0
64;2021-02-07;104;5;0;26085;3962;0;3.8;0.6;0.0
64;2021-02-08;716;308;0;26801;4270;0;3.9;0.6;0.0
64;2021-02-09;886;712;0;27687;4982;0;4.1;0.7;0.0
64;2021-02-10;869;747;0;28556;5729;0;4.2;0.8;0.0
64;2021-02-11;1136;1488;0;29692;7217;0;4.3;1.1;0.0
64;2021-02-12;1018;999;0;30710;8216;0;4.5;1.2;0.0
64;2021-02-13;239;302;0;30949;8518;0;4.5;1.2;0.0
64;2021-02-14;34;40;0;30983;8558;0;4.5;1.3;0.0
64;2021-02-15;213;1095;0;31196;9653;0;4.6;1.4;0.0
64;2021-02-16;276;1356;0;31472;11009;0;4.6;1.6;0.0
64;2021-02-17;303;1200;0;31775;12209;0;4.7;1.8;0.0
64;2021-02-18;491;1603;0;32266;13812;0;4.7;2.0;0.0
64;2021-02-19;417;1238;0;32683;15050;0;4.8;2.2;0.0
64;2021-02-20;114;406;0;32797;15456;0;4.8;2.3;0.0
64;2021-02-21;17;68;0;32814;15524;0;4.8;2.3;0.0
64;2021-02-22;428;928;0;33242;16452;0;4.9;2.4;0.0
64;2021-02-23;676;1095;0;33918;17547;0;5.0;2.6;0.0
64;2021-02-24;718;983;0;34636;18530;0;5.1;2.7;0.0
64;2021-02-25;1060;920;0;35696;19450;0;5.2;2.8;0.0
64;2021-02-26;1168;880;0;36864;20330;0;5.4;3.0;0.0
64;2021-02-27;833;375;0;37697;20705;0;5.5;3.0;0.0
64;2021-02-28;42;60;0;37739;20765;0;5.5;3.0;0.0
64;2021-03-01;735;780;0;38474;21545;0;5.6;3.2;0.0
64;2021-03-02;1041;891;0;39515;22436;0;5.8;3.3;0.0
64;2021-03-03;1215;936;0;40730;23372;0;6.0;3.4;0.0
64;2021-03-04;1839;1113;0;42569;24485;0;6.2;3.6;0.0
64;2021-03-05;2119;1024;0;44688;25509;0;6.5;3.7;0.0
64;2021-03-06;1484;515;0;46172;26024;0;6.8;3.8;0.0
64;2021-03-07;585;91;0;46757;26115;0;6.8;3.8;0.0
64;2021-03-08;1459;732;0;48216;26847;0;7.1;3.9;0.0
64;2021-03-09;2028;824;0;50244;27671;0;7.4;4.1;0.0
64;2021-03-10;2047;711;0;52291;28382;0;7.7;4.2;0.0
64;2021-03-11;2866;1055;0;55157;29437;0;8.1;4.3;0.0
64;2021-03-12;3314;607;0;58471;30044;0;8.6;4.4;0.0
64;2021-03-13;2100;192;0;60571;30236;0;8.9;4.4;0.0
64;2021-03-14;209;17;0;60780;30253;0;8.9;4.4;0.0
64;2021-03-15;2212;234;0;62992;30487;0;9.2;4.5;0.0
64;2021-03-16;1935;262;0;64927;30749;0;9.5;4.5;0.0
64;2021-03-17;1985;270;0;66912;31019;0;9.8;4.5;0.0
64;2021-03-18;2312;232;0;69224;31251;0;10.1;4.6;0.0
64;2021-03-19;2898;287;0;72122;31538;0;10.6;4.6;0.0
64;2021-03-20;2286;94;0;74408;31632;0;10.9;4.6;0.0
64;2021-03-21;1170;25;0;75578;31657;0;11.1;4.6;0.0
64;2021-03-22;2428;537;0;78006;32194;0;11.4;4.7;0.0
64;2021-03-23;3038;624;0;81044;32818;0;11.9;4.8;0.0
64;2021-03-24;3352;668;0;84396;33486;0;12.4;4.9;0.0
64;2021-03-25;4134;773;0;88530;34259;0;13.0;5.0;0.0
64;2021-03-26;4214;650;0;92744;34909;0;13.6;5.1;0.0
64;2021-03-27;2869;405;0;95613;35314;0;14.0;5.2;0.0
64;2021-03-28;418;67;0;96031;35381;0;14.1;5.2;0.0
64;2021-03-29;2919;858;0;98950;36239;0;14.5;5.3;0.0
64;2021-03-30;3967;863;0;102917;37102;0;15.1;5.4;0.0
64;2021-03-31;3444;760;0;106361;37862;0;15.6;5.5;0.0
64;2021-04-01;4517;905;0;110878;38767;0;16.2;5.7;0.0
64;2021-04-02;4234;708;0;115112;39475;0;16.8;5.8;0.0
64;2021-04-03;1978;547;0;117090;40022;0;17.1;5.9;0.0
64;2021-04-04;258;40;0;117348;40062;0;17.2;5.9;0.0
64;2021-04-05;1499;117;0;118847;40179;0;17.4;5.9;0.0
64;2021-04-06;3512;1343;0;122359;41522;0;17.9;6.1;0.0
64;2021-04-07;3841;1443;0;126200;42965;0;18.5;6.3;0.0
64;2021-04-08;4993;1508;0;131193;44473;0;19.2;6.5;0.0
64;2021-04-09;5653;1607;0;136846;46080;0;20.0;6.7;0.0
64;2021-04-10;3083;982;0;139929;47062;0;20.5;6.9;0.0
64;2021-04-11;389;218;0;140318;47280;0;20.5;6.9;0.0
64;2021-04-12;3875;1776;0;144193;49056;0;21.1;7.2;0.0
64;2021-04-13;4217;2053;0;148410;51109;0;21.7;7.5;0.0
64;2021-04-14;3918;2010;0;152328;53119;0;22.3;7.8;0.0
64;2021-04-15;4143;2147;0;156471;55266;0;22.9;8.1;0.0
64;2021-04-16;4127;2168;0;160598;57434;0;23.5;8.4;0.0
64;2021-04-17;2426;1375;0;163024;58809;0;23.9;8.6;0.0
64;2021-04-18;993;1077;0;164017;59886;0;24.0;8.8;0.0
64;2021-04-19;2569;2317;0;166586;62203;0;24.4;9.1;0.0
64;2021-04-20;3033;2306;0;169619;64509;0;24.8;9.4;0.0
64;2021-04-21;2961;2479;0;172580;66988;0;25.3;9.8;0.0
64;2021-04-22;3236;2620;0;175816;69608;0;25.7;10.2;0.0
64;2021-04-23;3149;2507;0;178965;72115;0;26.2;10.6;0.0
64;2021-04-24;1907;1496;0;180872;73611;0;26.5;10.8;0.0
64;2021-04-25;244;196;0;181116;73807;0;26.5;10.8;0.0
64;2021-04-26;2466;2594;0;183582;76401;0;26.9;11.2;0.0
64;2021-04-27;2807;2995;0;186389;79396;0;27.3;11.6;0.0
64;2021-04-28;3361;2842;0;189750;82238;0;27.8;12.0;0.0
64;2021-04-29;4388;3332;0;194138;85570;0;28.4;12.5;0.0
64;2021-04-30;3846;3459;0;197984;89029;0;29.0;13.0;0.0
64;2021-05-01;1437;970;0;199421;89999;0;29.2;13.2;0.0
64;2021-05-02;428;300;0;199849;90299;0;29.3;13.2;0.0
64;2021-05-03;2741;3347;0;202590;93646;0;29.7;13.7;0.0
64;2021-05-04;3441;3791;0;206031;97437;0;30.2;14.3;0.0
64;2021-05-05;3134;3894;0;209165;101331;0;30.6;14.8;0.0
64;2021-05-06;3843;3837;0;213008;105168;0;31.2;15.4;0.0
64;2021-05-07;3691;4022;0;216699;109190;0;31.7;16.0;0.0
64;2021-05-08;2496;1183;0;219195;110373;0;32.1;16.2;0.0
64;2021-05-09;643;276;0;219838;110649;0;32.2;16.2;0.0
64;2021-05-10;2669;3982;0;222507;114631;0;32.6;16.8;0.0
64;2021-05-11;3860;3874;0;226367;118505;0;33.1;17.3;0.0
64;2021-05-12;4223;3777;0;230590;122282;0;33.8;17.9;0.0
64;2021-05-13;2882;827;0;233472;123109;0;34.2;18.0;0.0
64;2021-05-14;4710;2934;0;238182;126043;0;34.9;18.4;0.0
64;2021-05-15;3287;1717;0;241469;127760;0;35.3;18.7;0.0
64;2021-05-16;590;189;0;242059;127949;0;35.4;18.7;0.0
64;2021-05-17;3920;2262;0;245979;130211;0;36.0;19.1;0.0
64;2021-05-18;4829;2190;0;250808;132401;0;36.7;19.4;0.0
64;2021-05-19;4694;2049;0;255502;134450;0;37.4;19.7;0.0
64;2021-05-20;5220;2025;0;260722;136475;0;38.2;20.0;0.0
64;2021-05-21;5028;2130;0;265750;138605;0;38.9;20.3;0.0
64;2021-05-22;3281;1369;0;269031;139974;0;39.4;20.5;0.0
64;2021-05-23;413;169;0;269444;140143;0;39.4;20.5;0.0
64;2021-05-24;2768;1047;0;272212;141190;0;39.8;20.7;0.0
64;2021-05-25;4031;2646;0;276243;143836;0;40.4;21.1;0.0
64;2021-05-26;4169;2600;0;280412;146436;0;41.0;21.4;0.0
64;2021-05-27;5035;3053;0;285447;149489;0;41.8;21.9;0.0
64;2021-05-28;4312;3219;0;289759;152708;0;42.4;22.4;0.0
64;2021-05-29;2653;2010;0;292412;154718;0;42.8;22.6;0.0
64;2021-05-30;389;186;0;292801;154904;0;42.9;22.7;0.0
64;2021-05-31;3661;3401;0;296462;158305;0;43.4;23.2;0.0
64;2021-06-01;5060;3324;0;301522;161629;0;44.1;23.7;0.0
64;2021-06-02;4696;2988;0;306218;164617;0;44.8;24.1;0.0
64;2021-06-03;5863;3098;0;312081;167715;0;45.7;24.5;0.0
64;2021-06-04;4816;4333;0;316897;172048;0;46.4;25.2;0.0
64;2021-06-05;3096;2381;0;319993;174429;0;46.8;25.5;0.0
64;2021-06-06;1772;285;0;321765;174714;0;47.1;25.6;0.0
64;2021-06-07;3716;4136;0;325481;178850;0;47.6;26.2;0.0
64;2021-06-08;4641;3872;0;330122;182722;0;48.3;26.7;0.0
64;2021-06-09;4719;3326;0;334841;186048;0;49.0;27.2;0.0
64;2021-06-10;5558;3005;0;340399;189053;0;49.8;27.7;0.0
64;2021-06-11;5067;4569;0;345466;193622;0;50.6;28.3;0.0
64;2021-06-12;3499;2134;0;348965;195756;0;51.1;28.7;0.0
64;2021-06-13;1402;331;0;350367;196087;0;51.3;28.7;0.0
64;2021-06-14;3299;4485;0;353666;200572;0;51.8;29.4;0.0
64;2021-06-15;4171;4393;0;357837;204965;0;52.4;30.0;0.0
64;2021-06-16;4126;4414;0;361963;209379;0;53.0;30.6;0.0
64;2021-06-17;3284;3995;0;365247;213374;0;53.5;31.2;0.0
64;2021-06-18;4040;4819;0;369287;218193;0;54.1;31.9;0.0
64;2021-06-19;2660;3054;0;371947;221247;0;54.4;32.4;0.0
64;2021-06-20;762;478;0;372709;221725;0;54.6;32.5;0.0
64;2021-06-21;2040;4721;0;374749;226446;0;54.9;33.1;0.0
64;2021-06-22;2337;5355;0;377086;231801;0;55.2;33.9;0.0
64;2021-06-23;2811;5116;0;379897;236917;0;55.6;34.7;0.0
64;2021-06-24;2485;3570;0;382382;240487;0;56.0;35.2;0.0
64;2021-06-25;2507;6009;0;384889;246496;0;56.3;36.1;0.0
64;2021-06-26;1564;3647;0;386453;250143;0;56.6;36.6;0.0
64;2021-06-27;409;735;0;386862;250878;0;56.6;36.7;0.0
64;2021-06-28;1687;5576;0;388549;256454;0;56.9;37.5;0.0
64;2021-06-29;1748;5859;0;390297;262313;0;57.1;38.4;0.0
64;2021-06-30;2031;5623;0;392328;267936;0;57.4;39.2;0.0
64;2021-07-01;2223;4963;0;394551;272899;0;57.8;39.9;0.0
64;2021-07-02;2149;5916;0;396700;278815;0;58.1;40.8;0.0
64;2021-07-03;1115;3556;0;397815;282371;0;58.2;41.3;0.0
64;2021-07-04;387;755;0;398202;283126;0;58.3;41.4;0.0
64;2021-07-05;1254;5040;0;399456;288166;0;58.5;42.2;0.0
64;2021-07-06;1905;5916;1;401361;294082;1;58.7;43.0;0.0
64;2021-07-07;1938;5423;0;403299;299505;1;59.0;43.8;0.0
64;2021-07-08;1660;4045;0;404959;303550;1;59.3;44.4;0.0
64;2021-07-09;1768;6040;0;406727;309590;1;59.5;45.3;0.0
64;2021-07-10;1139;3575;0;407866;313165;1;59.7;45.8;0.0
64;2021-07-11;238;741;0;408104;313906;1;59.7;45.9;0.0
64;2021-07-12;1395;5691;0;409499;319597;1;59.9;46.8;0.0
64;2021-07-13;2281;6718;0;411780;326315;1;60.3;47.8;0.0
64;2021-07-14;2173;2927;0;413953;329242;1;60.6;48.2;0.0
64;2021-07-15;2157;4965;0;416110;334207;1;60.9;48.9;0.0
64;2021-07-16;2792;6201;0;418902;340408;1;61.3;49.8;0.0
64;2021-07-17;2243;4040;0;421145;344448;1;61.6;50.4;0.0
64;2021-07-18;650;1791;0;421795;346239;1;61.7;50.7;0.0
64;2021-07-19;2392;5544;0;424187;351783;1;62.1;51.5;0.0
64;2021-07-20;3210;6034;0;427397;357817;1;62.6;52.4;0.0
64;2021-07-21;3459;5441;0;430856;363258;1;63.1;53.2;0.0
64;2021-07-22;3962;5154;0;434818;368412;1;63.6;53.9;0.0
64;2021-07-23;3752;5084;0;438570;373496;1;64.2;54.7;0.0
64;2021-07-24;2606;3966;0;441176;377462;1;64.6;55.3;0.0
64;2021-07-25;729;840;0;441905;378302;1;64.7;55.4;0.0
64;2021-07-26;2934;4497;0;444839;382799;1;65.1;56.0;0.0
64;2021-07-27;4102;4668;0;448941;387467;1;65.7;56.7;0.0
64;2021-07-28;4105;4067;0;453046;391534;1;66.3;57.3;0.0
64;2021-07-29;5212;3338;0;458258;394872;1;67.1;57.8;0.0
64;2021-07-30;4747;3762;0;463005;398634;1;67.8;58.4;0.0
64;2021-07-31;3091;2971;0;466096;401605;1;68.2;58.8;0.0
64;2021-08-01;886;398;0;466982;402003;1;68.4;58.8;0.0
64;2021-08-02;3839;2241;0;470821;404244;1;68.9;59.2;0.0
64;2021-08-03;4042;2740;0;474863;406984;1;69.5;59.6;0.0
64;2021-08-04;3761;2592;0;478624;409576;1;70.1;60.0;0.0
64;2021-08-05;3676;2265;0;482300;411841;1;70.6;60.3;0.0
64;2021-08-06;3442;2817;0;485742;414658;1;71.1;60.7;0.0
64;2021-08-07;2177;2316;0;487919;416974;1;71.4;61.0;0.0
64;2021-08-08;378;464;0;488297;417438;1;71.5;61.1;0.0
64;2021-08-09;2395;2739;0;490692;420177;1;71.8;61.5;0.0
64;2021-08-10;2955;3084;0;493647;423261;1;72.3;62.0;0.0
64;2021-08-11;2753;2893;0;496400;426154;1;72.7;62.4;0.0
64;2021-08-12;2800;2972;0;499200;429126;1;73.1;62.8;0.0
64;2021-08-13;2298;3360;0;501498;432486;1;73.4;63.3;0.0
64;2021-08-14;1483;2457;0;502981;434943;1;73.6;63.7;0.0
64;2021-08-15;173;552;0;503154;435495;1;73.7;63.7;0.0
64;2021-08-16;1901;3013;0;505055;438508;1;73.9;64.2;0.0
64;2021-08-17;2063;3565;0;507118;442073;1;74.2;64.7;0.0
64;2021-08-18;1807;3266;0;508925;445339;1;74.5;65.2;0.0
64;2021-08-19;1742;3302;0;510667;448641;1;74.7;65.7;0.0
64;2021-08-20;1426;3751;0;512093;452392;1;75.0;66.2;0.0
64;2021-08-21;883;2668;0;512976;455060;1;75.1;66.6;0.0
64;2021-08-22;135;777;0;513111;455837;1;75.1;66.7;0.0
64;2021-08-23;1120;3008;0;514231;458845;1;75.3;67.2;0.0
64;2021-08-24;1276;4307;0;515507;463152;1;75.5;67.8;0.0
64;2021-08-25;1175;3573;0;516682;466725;1;75.6;68.3;0.0
64;2021-08-26;990;3456;0;517672;470181;1;75.8;68.8;0.0
64;2021-08-27;1082;3991;1;518754;474172;2;75.9;69.4;0.0
64;2021-08-28;676;2337;0;519430;476509;2;76.0;69.7;0.0
64;2021-08-29;90;477;0;519520;476986;2;76.0;69.8;0.0
64;2021-08-30;861;3306;84;520381;480292;86;76.2;70.3;0.0
64;2021-08-31;920;3534;179;521301;483826;265;76.3;70.8;0.0
64;2021-09-01;920;2842;275;522221;486668;540;76.4;71.2;0.1
64;2021-09-02;856;2681;413;523077;489349;953;76.6;71.6;0.1
64;2021-09-03;842;2579;436;523919;491928;1389;76.7;72.0;0.2
64;2021-09-04;655;2000;166;524574;493928;1555;76.8;72.3;0.2
64;2021-09-05;68;199;51;524642;494127;1606;76.8;72.3;0.2
64;2021-09-06;509;1995;421;525151;496122;2027;76.9;72.6;0.3
64;2021-09-07;632;1815;456;525783;497937;2483;77.0;72.9;0.4
64;2021-09-08;722;2383;281;526505;500320;2764;77.1;73.2;0.4
64;2021-09-09;463;1567;423;526968;501887;3187;77.1;73.5;0.5
64;2021-09-10;693;1927;398;527661;503814;3585;77.2;73.7;0.5
64;2021-09-11;549;1901;152;528210;505715;3737;77.3;74.0;0.5
64;2021-09-12;60;159;37;528270;505874;3774;77.3;74.0;0.6
64;2021-09-13;444;1259;494;528714;507133;4268;77.4;74.2;0.6
64;2021-09-14;434;1017;915;529148;508150;5183;77.5;74.4;0.8
64;2021-09-15;648;1613;647;529796;509763;5830;77.5;74.6;0.9
64;2021-09-16;463;795;935;530259;510558;6765;77.6;74.7;1.0
64;2021-09-17;526;1224;941;530785;511782;7706;77.7;74.9;1.1
64;2021-09-18;304;1161;211;531089;512943;7917;77.7;75.1;1.2
64;2021-09-19;18;45;13;531107;512988;7930;77.7;75.1;1.2
64;2021-09-20;225;446;567;531332;513434;8497;77.8;75.2;1.2
64;2021-09-21;384;882;954;531716;514316;9451;77.8;75.3;1.4
64;2021-09-22;357;1366;726;532073;515682;10177;77.9;75.5;1.5
64;2021-09-23;243;688;733;532316;516370;10910;77.9;75.6;1.6
64;2021-09-24;379;959;694;532695;517329;11604;78.0;75.7;1.7
64;2021-09-25;283;955;185;532978;518284;11789;78.0;75.9;1.7
64;2021-09-26;6;18;9;532984;518302;11798;78.0;75.9;1.7
64;2021-09-27;213;523;494;533197;518825;12292;78.0;75.9;1.8
64;2021-09-28;255;627;730;533452;519452;13022;78.1;76.0;1.9
64;2021-09-29;327;939;765;533779;520391;13787;78.1;76.2;2.0
64;2021-09-30;220;398;666;533999;520789;14453;78.2;76.2;2.1
64;2021-10-01;344;686;735;534343;521475;15188;78.2;76.3;2.2
64;2021-10-02;228;515;172;534571;521990;15360;78.2;76.4;2.2
64;2021-10-03;7;19;3;534578;522009;15363;78.2;76.4;2.2
64;2021-10-04;292;404;670;534870;522413;16033;78.3;76.5;2.3
64;2021-10-05;247;546;779;535117;522959;16812;78.3;76.5;2.5
64;2021-10-06;411;886;757;535528;523845;17569;78.4;76.7;2.6
64;2021-10-07;203;481;855;535731;524326;18424;78.4;76.7;2.7
64;2021-10-08;337;677;939;536068;525003;19363;78.5;76.8;2.8
64;2021-10-09;217;376;222;536285;525379;19585;78.5;76.9;2.9
64;2021-10-10;3;2;6;536288;525381;19591;78.5;76.9;2.9
64;2021-10-11;144;231;528;536432;525612;20119;78.5;76.9;2.9
64;2021-10-12;216;524;1100;536648;526136;21219;78.6;77.0;3.1
64;2021-10-13;322;545;987;536970;526681;22206;78.6;77.1;3.3
64;2021-10-14;190;266;764;537160;526947;22970;78.6;77.1;3.4
64;2021-10-15;302;507;1126;537462;527454;24096;78.7;77.2;3.5
64;2021-10-16;178;269;282;537640;527723;24378;78.7;77.2;3.6
64;2021-10-17;15;10;9;537655;527733;24387;78.7;77.2;3.6
64;2021-10-18;120;259;603;537775;527992;24990;78.7;77.3;3.7
64;2021-10-19;194;321;1109;537969;528313;26099;78.7;77.3;3.8
64;2021-10-20;323;412;1376;538292;528725;27475;78.8;77.4;4.0
64;2021-10-21;184;268;1347;538476;528993;28822;78.8;77.4;4.2
64;2021-10-22;237;389;1296;538713;529382;30118;78.9;77.5;4.4
64;2021-10-23;174;238;441;538887;529620;30559;78.9;77.5;4.5
64;2021-10-24;3;18;5;538890;529638;30564;78.9;77.5;4.5
64;2021-10-25;130;170;847;539020;529808;31411;78.9;77.6;4.6
64;2021-10-26;223;309;1393;539243;530117;32804;78.9;77.6;4.8
64;2021-10-27;251;386;1552;539494;530503;34356;79.0;77.7;5.0
64;2021-10-28;144;175;1323;539638;530678;35679;79.0;77.7;5.2
64;2021-10-29;233;324;1605;539871;531002;37284;79.0;77.7;5.5
64;2021-10-30;143;210;515;540014;531212;37799;79.0;77.8;5.5
64;2021-10-31;1;7;33;540015;531219;37832;79.0;77.8;5.5
64;2021-11-01;42;37;71;540057;531256;37903;79.1;77.8;5.5
64;2021-11-02;180;288;1479;540237;531544;39382;79.1;77.8;5.8
64;2021-11-03;233;356;1760;540470;531900;41142;79.1;77.9;6.0
64;2021-11-04;154;216;1435;540624;532116;42577;79.1;77.9;6.2
64;2021-11-05;220;326;1919;540844;532442;44496;79.2;77.9;6.5
64;2021-11-06;147;199;664;540991;532641;45160;79.2;78.0;6.6
64;2021-11-07;3;18;12;540994;532659;45172;79.2;78.0;6.6
64;2021-11-08;113;161;1411;541107;532820;46583;79.2;78.0;6.8
64;2021-11-09;183;269;2627;541290;533089;49210;79.2;78.0;7.2
64;2021-11-10;252;333;2362;541542;533422;51572;79.3;78.1;7.5
64;2021-11-11;26;31;144;541568;533453;51716;79.3;78.1;7.6
64;2021-11-12;239;291;2536;541807;533744;54252;79.3;78.1;7.9
64;2021-11-13;138;208;927;541945;533952;55179;79.3;78.2;8.1
64;2021-11-14;3;8;21;541948;533960;55200;79.3;78.2;8.1
64;2021-11-15;116;127;1674;542064;534087;56874;79.3;78.2;8.3
64;2021-11-16;217;258;3066;542281;534345;59940;79.4;78.2;8.8
64;2021-11-17;247;291;2623;542528;534636;62563;79.4;78.3;9.2
64;2021-11-18;186;215;2692;542714;534851;65255;79.4;78.3;9.6
64;2021-11-19;230;284;3028;542944;535135;68283;79.5;78.3;10.0
64;2021-11-20;229;201;951;543173;535336;69234;79.5;78.4;10.1
64;2021-11-21;1;10;19;543174;535346;69253;79.5;78.4;10.1
64;2021-11-22;146;122;2336;543320;535468;71589;79.5;78.4;10.5
64;2021-11-23;256;237;3447;543576;535705;75036;79.6;78.4;11.0
64;2021-11-24;227;253;2936;543803;535958;77972;79.6;78.5;11.4
64;2021-11-25;282;209;4399;544085;536167;82371;79.6;78.5;12.1
64;2021-11-26;234;287;4231;544319;536454;86602;79.7;78.5;12.7
64;2021-11-27;174;210;1952;544493;536664;88554;79.7;78.6;13.0
64;2021-11-28;14;12;466;544507;536676;89020;79.7;78.6;13.0
64;2021-11-29;152;164;4101;544659;536840;93121;79.7;78.6;13.6
64;2021-11-30;221;228;6033;544880;537068;99154;79.8;78.6;14.5
64;2021-12-01;183;264;5298;545063;537332;104452;79.8;78.7;15.3
64;2021-12-02;172;168;6567;545235;537500;111019;79.8;78.7;16.3
64;2021-12-03;196;256;6866;545431;537756;117885;79.8;78.7;17.3
64;2021-12-04;155;189;3510;545586;537945;121395;79.9;78.7;17.8
64;2021-12-05;25;25;1195;545611;537970;122590;79.9;78.7;17.9
64;2021-12-06;152;168;5642;545763;538138;128232;79.9;78.8;18.8
64;2021-12-07;167;232;7707;545930;538370;135939;79.9;78.8;19.9
64;2021-12-08;191;290;7032;546121;538660;142971;79.9;78.8;20.9
64;2021-12-09;218;201;8252;546339;538861;151223;80.0;78.9;22.1
64;2021-12-10;244;274;9226;546583;539135;160449;80.0;78.9;23.5
64;2021-12-11;151;243;4650;546734;539378;165099;80.0;79.0;24.2
64;2021-12-12;26;28;2273;546760;539406;167372;80.0;79.0;24.5
64;2021-12-13;139;194;7137;546899;539600;174509;80.1;79.0;25.5
64;2021-12-14;235;309;10078;547134;539909;184587;80.1;79.0;27.0
64;2021-12-15;240;279;8769;547374;540188;193356;80.1;79.1;28.3
65;2020-12-27;0;0;0;0;0;0;0.0;0.0;0.0
65;2020-12-28;1;0;0;1;0;0;0.0;0.0;0.0
65;2020-12-29;0;0;0;1;0;0;0.0;0.0;0.0
65;2020-12-30;0;0;0;1;0;0;0.0;0.0;0.0
65;2020-12-31;0;0;0;1;0;0;0.0;0.0;0.0
65;2021-01-01;0;0;0;1;0;0;0.0;0.0;0.0
65;2021-01-02;0;0;0;1;0;0;0.0;0.0;0.0
65;2021-01-03;0;0;0;1;0;0;0.0;0.0;0.0
65;2021-01-04;0;0;0;1;0;0;0.0;0.0;0.0
65;2021-01-05;0;0;0;1;0;0;0.0;0.0;0.0
65;2021-01-06;8;0;0;9;0;0;0.0;0.0;0.0
65;2021-01-07;124;0;0;133;0;0;0.1;0.0;0.0
65;2021-01-08;183;1;0;316;1;0;0.1;0.0;0.0
65;2021-01-09;175;2;0;491;3;0;0.2;0.0;0.0
65;2021-01-10;1;0;0;492;3;0;0.2;0.0;0.0
65;2021-01-11;250;3;0;742;6;0;0.3;0.0;0.0
65;2021-01-12;259;2;0;1001;8;0;0.4;0.0;0.0
65;2021-01-13;563;1;0;1564;9;0;0.7;0.0;0.0
65;2021-01-14;556;9;0;2120;18;0;0.9;0.0;0.0
65;2021-01-15;490;2;0;2610;20;0;1.2;0.0;0.0
65;2021-01-16;206;3;0;2816;23;0;1.2;0.0;0.0
65;2021-01-17;0;0;0;2816;23;0;1.2;0.0;0.0
65;2021-01-18;542;5;0;3358;28;0;1.5;0.0;0.0
65;2021-01-19;543;2;0;3901;30;0;1.7;0.0;0.0
65;2021-01-20;572;5;0;4473;35;0;2.0;0.0;0.0
65;2021-01-21;548;1;0;5021;36;0;2.2;0.0;0.0
65;2021-01-22;573;2;0;5594;38;0;2.5;0.0;0.0
65;2021-01-23;176;1;0;5770;39;0;2.5;0.0;0.0
65;2021-01-24;3;1;0;5773;40;0;2.5;0.0;0.0
65;2021-01-25;537;5;0;6310;45;0;2.8;0.0;0.0
65;2021-01-26;808;2;0;7118;47;0;3.1;0.0;0.0
65;2021-01-27;564;8;0;7682;55;0;3.4;0.0;0.0
65;2021-01-28;479;35;0;8161;90;0;3.6;0.0;0.0
65;2021-01-29;404;67;0;8565;157;0;3.8;0.1;0.0
65;2021-01-30;175;67;0;8740;224;0;3.9;0.1;0.0
65;2021-01-31;16;0;0;8756;224;0;3.9;0.1;0.0
65;2021-02-01;316;98;0;9072;322;0;4.0;0.1;0.0
65;2021-02-02;347;182;0;9419;504;0;4.2;0.2;0.0
65;2021-02-03;438;240;0;9857;744;0;4.3;0.3;0.0
65;2021-02-04;286;297;0;10143;1041;0;4.5;0.5;0.0
65;2021-02-05;254;341;0;10397;1382;0;4.6;0.6;0.0
65;2021-02-06;93;97;0;10490;1479;0;4.6;0.7;0.0
65;2021-02-07;11;0;0;10501;1479;0;4.6;0.7;0.0
65;2021-02-08;373;207;0;10874;1686;0;4.8;0.7;0.0
65;2021-02-09;262;359;0;11136;2045;0;4.9;0.9;0.0
65;2021-02-10;284;273;0;11420;2318;0;5.0;1.0;0.0
65;2021-02-11;304;261;0;11724;2579;0;5.2;1.1;0.0
65;2021-02-12;261;214;0;11985;2793;0;5.3;1.2;0.0
65;2021-02-13;118;93;0;12103;2886;0;5.3;1.3;0.0
65;2021-02-14;2;17;0;12105;2903;0;5.3;1.3;0.0
65;2021-02-15;190;389;0;12295;3292;0;5.4;1.5;0.0
65;2021-02-16;440;553;0;12735;3845;0;5.6;1.7;0.0
65;2021-02-17;211;496;0;12946;4341;0;5.7;1.9;0.0
65;2021-02-18;268;563;0;13214;4904;0;5.8;2.2;0.0
65;2021-02-19;142;453;0;13356;5357;0;5.9;2.4;0.0
65;2021-02-20;54;153;0;13410;5510;0;5.9;2.4;0.0
65;2021-02-21;2;45;0;13412;5555;0;5.9;2.4;0.0
65;2021-02-22;162;519;0;13574;6074;0;6.0;2.7;0.0
65;2021-02-23;213;513;0;13787;6587;0;6.1;2.9;0.0
65;2021-02-24;209;601;0;13996;7188;0;6.2;3.2;0.0
65;2021-02-25;232;195;0;14228;7383;0;6.3;3.3;0.0
65;2021-02-26;324;725;0;14552;8108;0;6.4;3.6;0.0
65;2021-02-27;104;199;0;14656;8307;0;6.5;3.7;0.0
65;2021-02-28;1;0;0;14657;8307;0;6.5;3.7;0.0
65;2021-03-01;367;352;0;15024;8659;0;6.6;3.8;0.0
65;2021-03-02;407;339;0;15431;8998;0;6.8;4.0;0.0
65;2021-03-03;371;382;0;15802;9380;0;7.0;4.1;0.0
65;2021-03-04;638;311;0;16440;9691;0;7.2;4.3;0.0
65;2021-03-05;672;275;0;17112;9966;0;7.5;4.4;0.0
65;2021-03-06;1140;87;0;18252;10053;0;8.0;4.4;0.0
65;2021-03-07;240;12;0;18492;10065;0;8.2;4.4;0.0
65;2021-03-08;385;330;0;18877;10395;0;8.3;4.6;0.0
65;2021-03-09;599;294;0;19476;10689;0;8.6;4.7;0.0
65;2021-03-10;582;353;0;20058;11042;0;8.8;4.9;0.0
65;2021-03-11;747;337;0;20805;11379;0;9.2;5.0;0.0
65;2021-03-12;1016;192;0;21821;11571;0;9.6;5.1;0.0
65;2021-03-13;347;86;0;22168;11657;0;9.8;5.1;0.0
65;2021-03-14;5;31;0;22173;11688;0;9.8;5.2;0.0
65;2021-03-15;765;174;0;22938;11862;0;10.1;5.2;0.0
65;2021-03-16;677;216;0;23615;12078;0;10.4;5.3;0.0
65;2021-03-17;663;183;0;24278;12261;0;10.7;5.4;0.0
65;2021-03-18;504;227;0;24782;12488;0;10.9;5.5;0.0
65;2021-03-19;814;148;0;25596;12636;0;11.3;5.6;0.0
65;2021-03-20;248;47;0;25844;12683;0;11.4;5.6;0.0
65;2021-03-21;11;1;0;25855;12684;0;11.4;5.6;0.0
65;2021-03-22;684;149;0;26539;12833;0;11.7;5.7;0.0
65;2021-03-23;821;346;0;27360;13179;0;12.1;5.8;0.0
65;2021-03-24;824;244;0;28184;13423;0;12.4;5.9;0.0
65;2021-03-25;1196;178;0;29380;13601;0;13.0;6.0;0.0
65;2021-03-26;1211;134;0;30591;13735;0;13.5;6.1;0.0
65;2021-03-27;1232;89;0;31823;13824;0;14.0;6.1;0.0
65;2021-03-28;5;2;0;31828;13826;0;14.0;6.1;0.0
65;2021-03-29;1390;328;0;33218;14154;0;14.6;6.2;0.0
65;2021-03-30;1261;350;0;34479;14504;0;15.2;6.4;0.0
65;2021-03-31;1082;349;0;35561;14853;0;15.7;6.5;0.0
65;2021-04-01;1361;371;0;36922;15224;0;16.3;6.7;0.0
65;2021-04-02;1503;277;0;38425;15501;0;16.9;6.8;0.0
65;2021-04-03;228;47;0;38653;15548;0;17.0;6.9;0.0
65;2021-04-04;7;2;0;38660;15550;0;17.0;6.9;0.0
65;2021-04-05;155;46;0;38815;15596;0;17.1;6.9;0.0
65;2021-04-06;1128;455;0;39943;16051;0;17.6;7.1;0.0
65;2021-04-07;1539;412;0;41482;16463;0;18.3;7.3;0.0
65;2021-04-08;1466;382;0;42948;16845;0;18.9;7.4;0.0
65;2021-04-09;1470;440;0;44418;17285;0;19.6;7.6;0.0
65;2021-04-10;1412;146;0;45830;17431;0;20.2;7.7;0.0
65;2021-04-11;8;5;0;45838;17436;0;20.2;7.7;0.0
65;2021-04-12;1215;689;0;47053;18125;0;20.7;8.0;0.0
65;2021-04-13;1418;570;0;48471;18695;0;21.4;8.2;0.0
65;2021-04-14;1731;696;0;50202;19391;0;22.1;8.5;0.0
65;2021-04-15;1539;665;0;51741;20056;0;22.8;8.8;0.0
65;2021-04-16;1618;494;0;53359;20550;0;23.5;9.1;0.0
65;2021-04-17;1832;129;0;55191;20679;0;24.3;9.1;0.0
65;2021-04-18;11;32;0;55202;20711;0;24.3;9.1;0.0
65;2021-04-19;1205;711;0;56407;21422;0;24.9;9.4;0.0
65;2021-04-20;1398;677;0;57805;22099;0;25.5;9.7;0.0
65;2021-04-21;981;960;0;58786;23059;0;25.9;10.2;0.0
65;2021-04-22;1477;705;0;60263;23764;0;26.6;10.5;0.0
65;2021-04-23;1055;1020;0;61318;24784;0;27.0;10.9;0.0
65;2021-04-24;1151;551;0;62469;25335;0;27.5;11.2;0.0
65;2021-04-25;37;17;0;62506;25352;0;27.6;11.2;0.0
65;2021-04-26;1452;1152;0;63958;26504;0;28.2;11.7;0.0
65;2021-04-27;1324;1179;0;65282;27683;0;28.8;12.2;0.0
65;2021-04-28;1630;898;0;66912;28581;0;29.5;12.6;0.0
65;2021-04-29;1748;966;0;68660;29547;0;30.3;13.0;0.0
65;2021-04-30;1569;856;0;70229;30403;0;31.0;13.4;0.0
65;2021-05-01;1437;227;0;71666;30630;0;31.6;13.5;0.0
65;2021-05-02;608;24;0;72274;30654;0;31.9;13.5;0.0
65;2021-05-03;1160;1293;0;73434;31947;0;32.4;14.1;0.0
65;2021-05-04;1384;1102;0;74818;33049;0;33.0;14.6;0.0
65;2021-05-05;1187;1496;0;76005;34545;0;33.5;15.2;0.0
65;2021-05-06;1310;1096;0;77315;35641;0;34.1;15.7;0.0
65;2021-05-07;1103;1412;0;78418;37053;0;34.6;16.3;0.0
65;2021-05-08;1481;404;0;79899;37457;0;35.2;16.5;0.0
65;2021-05-09;11;92;0;79910;37549;0;35.2;16.6;0.0
65;2021-05-10;854;1660;0;80764;39209;0;35.6;17.3;0.0
65;2021-05-11;911;1647;0;81675;40856;0;36.0;18.0;0.0
65;2021-05-12;1043;1473;0;82718;42329;0;36.5;18.7;0.0
65;2021-05-13;1025;141;0;83743;42470;0;36.9;18.7;0.0
65;2021-05-14;1293;945;0;85036;43415;0;37.5;19.1;0.0
65;2021-05-15;1100;427;0;86136;43842;0;38.0;19.3;0.0
65;2021-05-16;1156;62;0;87292;43904;0;38.5;19.4;0.0
65;2021-05-17;953;1387;0;88245;45291;0;38.9;20.0;0.0
65;2021-05-18;1388;1054;0;89633;46345;0;39.5;20.4;0.0
65;2021-05-19;1429;913;0;91062;47258;0;40.1;20.8;0.0
65;2021-05-20;1581;909;0;92643;48167;0;40.8;21.2;0.0
65;2021-05-21;1455;949;0;94098;49116;0;41.5;21.7;0.0
65;2021-05-22;1099;610;0;95197;49726;0;42.0;21.9;0.0
65;2021-05-23;342;13;0;95539;49739;0;42.1;21.9;0.0
65;2021-05-24;530;71;0;96069;49810;0;42.4;22.0;0.0
65;2021-05-25;1209;1350;0;97278;51160;0;42.9;22.6;0.0
65;2021-05-26;1235;1241;0;98513;52401;0;43.4;23.1;0.0
65;2021-05-27;1228;1342;0;99741;53743;0;44.0;23.7;0.0
65;2021-05-28;1209;1545;0;100950;55288;0;44.5;24.4;0.0
65;2021-05-29;821;1346;0;101771;56634;0;44.9;25.0;0.0
65;2021-05-30;20;10;0;101791;56644;0;44.9;25.0;0.0
65;2021-05-31;1065;1205;0;102856;57849;0;45.3;25.5;0.0
65;2021-06-01;1416;926;0;104272;58775;0;46.0;25.9;0.0
65;2021-06-02;1241;986;0;105513;59761;0;46.5;26.3;0.0
65;2021-06-03;1116;1055;0;106629;60816;0;47.0;26.8;0.0
65;2021-06-04;1332;1439;0;107961;62255;0;47.6;27.4;0.0
65;2021-06-05;359;1134;0;108320;63389;0;47.8;27.9;0.0
65;2021-06-06;47;21;0;108367;63410;0;47.8;28.0;0.0
65;2021-06-07;621;1811;0;108988;65221;0;48.0;28.8;0.0
65;2021-06-08;843;1418;0;109831;66639;0;48.4;29.4;0.0
65;2021-06-09;779;1492;0;110610;68131;0;48.8;30.0;0.0
65;2021-06-10;764;1081;0;111374;69212;0;49.1;30.5;0.0
65;2021-06-11;833;1629;0;112207;70841;0;49.5;31.2;0.0
65;2021-06-12;187;603;0;112394;71444;0;49.5;31.5;0.0
65;2021-06-13;42;6;0;112436;71450;0;49.6;31.5;0.0
65;2021-06-14;504;2092;0;112940;73542;0;49.8;32.4;0.0
65;2021-06-15;902;1650;0;113842;75192;0;50.2;33.1;0.0
65;2021-06-16;1025;1253;0;114867;76445;0;50.6;33.7;0.0
65;2021-06-17;743;937;0;115610;77382;0;51.0;34.1;0.0
65;2021-06-18;954;1478;0;116564;78860;0;51.4;34.8;0.0
65;2021-06-19;629;1543;0;117193;80403;0;51.7;35.4;0.0
65;2021-06-20;14;9;0;117207;80412;0;51.7;35.4;0.0
65;2021-06-21;680;1684;0;117887;82096;0;52.0;36.2;0.0
65;2021-06-22;959;1317;0;118846;83413;0;52.4;36.8;0.0
65;2021-06-23;948;1098;0;119794;84511;0;52.8;37.3;0.0
65;2021-06-24;901;906;0;120695;85417;0;53.2;37.7;0.0
65;2021-06-25;804;1632;0;121499;87049;0;53.6;38.4;0.0
65;2021-06-26;175;1308;0;121674;88357;0;53.6;39.0;0.0
65;2021-06-27;24;903;0;121698;89260;0;53.6;39.3;0.0
65;2021-06-28;408;1906;0;122106;91166;0;53.8;40.2;0.0
65;2021-06-29;626;1693;0;122732;92859;0;54.1;40.9;0.0
65;2021-06-30;828;1485;0;123560;94344;0;54.5;41.6;0.0
65;2021-07-01;565;742;0;124125;95086;0;54.7;41.9;0.0
65;2021-07-02;1023;1501;0;125148;96587;0;55.2;42.6;0.0
65;2021-07-03;198;1469;0;125346;98056;0;55.3;43.2;0.0
65;2021-07-04;341;161;0;125687;98217;0;55.4;43.3;0.0
65;2021-07-05;516;1747;0;126203;99964;0;55.6;44.1;0.0
65;2021-07-06;722;1737;0;126925;101701;0;56.0;44.8;0.0
65;2021-07-07;802;1337;0;127727;103038;0;56.3;45.4;0.0
65;2021-07-08;368;648;0;128095;103686;0;56.5;45.7;0.0
65;2021-07-09;518;1388;0;128613;105074;0;56.7;46.3;0.0
65;2021-07-10;277;745;0;128890;105819;0;56.8;46.6;0.0
65;2021-07-11;14;15;0;128904;105834;0;56.8;46.7;0.0
65;2021-07-12;436;1794;0;129340;107628;0;57.0;47.4;0.0
65;2021-07-13;692;1766;0;130032;109394;0;57.3;48.2;0.0
65;2021-07-14;169;90;0;130201;109484;0;57.4;48.3;0.0
65;2021-07-15;1040;1462;0;131241;110946;0;57.9;48.9;0.0
65;2021-07-16;1127;1650;0;132368;112596;0;58.4;49.6;0.0
65;2021-07-17;418;453;0;132786;113049;0;58.5;49.8;0.0
65;2021-07-18;49;60;0;132835;113109;0;58.6;49.9;0.0
65;2021-07-19;731;1374;0;133566;114483;0;58.9;50.5;0.0
65;2021-07-20;1306;1550;0;134872;116033;0;59.5;51.2;0.0
65;2021-07-21;1301;1519;0;136173;117552;0;60.0;51.8;0.0
65;2021-07-22;1860;1151;0;138033;118703;0;60.9;52.3;0.0
65;2021-07-23;1527;1654;0;139560;120357;0;61.5;53.1;0.0
65;2021-07-24;1011;629;0;140571;120986;0;62.0;53.3;0.0
65;2021-07-25;86;60;0;140657;121046;0;62.0;53.4;0.0
65;2021-07-26;1105;1091;0;141762;122137;0;62.5;53.8;0.0
65;2021-07-27;1673;1699;0;143435;123836;0;63.2;54.6;0.0
65;2021-07-28;1477;1191;0;144912;125027;0;63.9;55.1;0.0
65;2021-07-29;2548;1060;0;147460;126087;0;65.0;55.6;0.0
65;2021-07-30;2177;1277;0;149637;127364;0;66.0;56.1;0.0
65;2021-07-31;1886;336;0;151523;127700;0;66.8;56.3;0.0
65;2021-08-01;52;29;0;151575;127729;0;66.8;56.3;0.0
65;2021-08-02;952;739;0;152527;128468;0;67.2;56.6;0.0
65;2021-08-03;1759;902;0;154286;129370;0;68.0;57.0;0.0
65;2021-08-04;1534;560;0;155820;129930;0;68.7;57.3;0.0
65;2021-08-05;1591;720;0;157411;130650;0;69.4;57.6;0.0
65;2021-08-06;1466;840;0;158877;131490;0;70.0;58.0;0.0
65;2021-08-07;646;464;0;159523;131954;0;70.3;58.2;0.0
65;2021-08-08;28;27;0;159551;131981;0;70.3;58.2;0.0
65;2021-08-09;647;949;0;160198;132930;0;70.6;58.6;0.0
65;2021-08-10;1039;1349;0;161237;134279;0;71.1;59.2;0.0
65;2021-08-11;670;1109;0;161907;135388;0;71.4;59.7;0.0
65;2021-08-12;718;1013;0;162625;136401;0;71.7;60.1;0.0
65;2021-08-13;423;882;0;163048;137283;0;71.9;60.5;0.0
65;2021-08-14;520;534;0;163568;137817;0;72.1;60.8;0.0
65;2021-08-15;15;42;0;163583;137859;0;72.1;60.8;0.0
65;2021-08-16;351;1414;0;163934;139273;0;72.3;61.4;0.0
65;2021-08-17;671;1971;0;164605;141244;0;72.6;62.3;0.0
65;2021-08-18;588;1441;0;165193;142685;0;72.8;62.9;0.0
65;2021-08-19;625;1165;0;165818;143850;0;73.1;63.4;0.0
65;2021-08-20;377;1202;0;166195;145052;0;73.3;63.9;0.0
65;2021-08-21;83;210;0;166278;145262;0;73.3;64.0;0.0
65;2021-08-22;13;41;0;166291;145303;0;73.3;64.1;0.0
65;2021-08-23;273;1557;0;166564;146860;0;73.4;64.7;0.0
65;2021-08-24;532;2191;0;167096;149051;0;73.7;65.7;0.0
65;2021-08-25;399;1756;0;167495;150807;0;73.8;66.5;0.0
65;2021-08-26;417;2029;0;167912;152836;0;74.0;67.4;0.0
65;2021-08-27;413;1768;0;168325;154604;0;74.2;68.2;0.0
65;2021-08-28;147;253;0;168472;154857;0;74.3;68.3;0.0
65;2021-08-29;9;26;0;168481;154883;0;74.3;68.3;0.0
65;2021-08-30;252;947;25;168733;155830;25;74.4;68.7;0.0
65;2021-08-31;406;1376;86;169139;157206;111;74.6;69.3;0.0
65;2021-09-01;452;1020;83;169591;158226;194;74.8;69.8;0.1
65;2021-09-02;347;802;126;169938;159028;320;74.9;70.1;0.1
65;2021-09-03;424;952;132;170362;159980;452;75.1;70.5;0.2
65;2021-09-04;172;757;63;170534;160737;515;75.2;70.9;0.2
65;2021-09-05;22;22;23;170556;160759;538;75.2;70.9;0.2
65;2021-09-06;261;498;286;170817;161257;824;75.3;71.1;0.4
65;2021-09-07;291;729;369;171108;161986;1193;75.4;71.4;0.5
65;2021-09-08;327;662;235;171435;162648;1428;75.6;71.7;0.6
65;2021-09-09;227;556;191;171662;163204;1619;75.7;71.9;0.7
65;2021-09-10;354;694;192;172016;163898;1811;75.8;72.3;0.8
65;2021-09-11;67;165;26;172083;164063;1837;75.9;72.3;0.8
65;2021-09-12;8;12;0;172091;164075;1837;75.9;72.3;0.8
65;2021-09-13;191;311;193;172282;164386;2030;75.9;72.5;0.9
65;2021-09-14;172;321;261;172454;164707;2291;76.0;72.6;1.0
65;2021-09-15;235;584;331;172689;165291;2622;76.1;72.9;1.2
65;2021-09-16;147;222;223;172836;165513;2845;76.2;73.0;1.3
65;2021-09-17;254;495;336;173090;166008;3181;76.3;73.2;1.4
65;2021-09-18;91;253;83;173181;166261;3264;76.3;73.3;1.4
65;2021-09-19;3;15;4;173184;166276;3268;76.3;73.3;1.4
65;2021-09-20;103;223;242;173287;166499;3510;76.4;73.4;1.5
65;2021-09-21;110;250;246;173397;166749;3756;76.4;73.5;1.7
65;2021-09-22;143;601;334;173540;167350;4090;76.5;73.8;1.8
65;2021-09-23;60;169;245;173600;167519;4335;76.5;73.8;1.9
65;2021-09-24;158;506;284;173758;168025;4619;76.6;74.1;2.0
65;2021-09-25;78;213;40;173836;168238;4659;76.6;74.2;2.1
65;2021-09-26;2;4;9;173838;168242;4668;76.6;74.2;2.1
65;2021-09-27;55;236;179;173893;168478;4847;76.7;74.3;2.1
65;2021-09-28;85;268;340;173978;168746;5187;76.7;74.4;2.3
65;2021-09-29;140;386;282;174118;169132;5469;76.8;74.6;2.4
65;2021-09-30;47;134;158;174165;169266;5627;76.8;74.6;2.5
65;2021-10-01;179;354;324;174344;169620;5951;76.9;74.8;2.6
65;2021-10-02;26;71;10;174370;169691;5961;76.9;74.8;2.6
65;2021-10-03;0;9;0;174370;169700;5961;76.9;74.8;2.6
65;2021-10-04;123;236;270;174493;169936;6231;76.9;74.9;2.7
65;2021-10-05;67;170;237;174560;170106;6468;77.0;75.0;2.9
65;2021-10-06;151;320;334;174711;170426;6802;77.0;75.1;3.0
65;2021-10-07;69;148;191;174780;170574;6993;77.1;75.2;3.1
65;2021-10-08;179;374;361;174959;170948;7354;77.1;75.4;3.2
65;2021-10-09;32;42;36;174991;170990;7390;77.1;75.4;3.3
65;2021-10-10;4;4;1;174995;170994;7391;77.1;75.4;3.3
65;2021-10-11;93;183;344;175088;171177;7735;77.2;75.5;3.4
65;2021-10-12;48;111;313;175136;171288;8048;77.2;75.5;3.5
65;2021-10-13;124;214;337;175260;171502;8385;77.3;75.6;3.7
65;2021-10-14;45;100;120;175305;171602;8505;77.3;75.6;3.7
65;2021-10-15;172;221;577;175477;171823;9082;77.4;75.7;4.0
65;2021-10-16;32;22;12;175509;171845;9094;77.4;75.8;4.0
65;2021-10-17;1;2;2;175510;171847;9096;77.4;75.8;4.0
65;2021-10-18;91;113;319;175601;171960;9415;77.4;75.8;4.2
65;2021-10-19;53;62;242;175654;172022;9657;77.4;75.8;4.3
65;2021-10-20;107;153;504;175761;172175;10161;77.5;75.9;4.5
65;2021-10-21;39;54;110;175800;172229;10271;77.5;75.9;4.5
65;2021-10-22;121;197;600;175921;172426;10871;77.6;76.0;4.8
65;2021-10-23;12;29;34;175933;172455;10905;77.6;76.0;4.8
65;2021-10-24;1;7;6;175934;172462;10911;77.6;76.0;4.8
65;2021-10-25;95;134;496;176029;172596;11407;77.6;76.1;5.0
65;2021-10-26;33;45;261;176062;172641;11668;77.6;76.1;5.1
65;2021-10-27;96;143;526;176158;172784;12194;77.7;76.2;5.4
65;2021-10-28;25;34;171;176183;172818;12365;77.7;76.2;5.5
65;2021-10-29;98;217;592;176281;173035;12957;77.7;76.3;5.7
65;2021-10-30;20;33;19;176301;173068;12976;77.7;76.3;5.7
65;2021-10-31;0;1;0;176301;173069;12976;77.7;76.3;5.7
65;2021-11-01;7;12;1;176308;173081;12977;77.7;76.3;5.7
65;2021-11-02;35;63;298;176343;173144;13275;77.7;76.3;5.9
65;2021-11-03;114;168;744;176457;173312;14019;77.8;76.4;6.2
65;2021-11-04;37;42;343;176494;173354;14362;77.8;76.4;6.3
65;2021-11-05;102;163;759;176596;173517;15121;77.9;76.5;6.7
65;2021-11-06;21;36;101;176617;173553;15222;77.9;76.5;6.7
65;2021-11-07;1;5;1;176618;173558;15223;77.9;76.5;6.7
65;2021-11-08;53;97;707;176671;173655;15930;77.9;76.6;7.0
65;2021-11-09;36;57;509;176707;173712;16439;77.9;76.6;7.2
65;2021-11-10;95;118;964;176802;173830;17403;77.9;76.6;7.7
65;2021-11-11;0;4;22;176802;173834;17425;77.9;76.6;7.7
65;2021-11-12;94;146;1269;176896;173980;18694;78.0;76.7;8.2
65;2021-11-13;8;13;66;176904;173993;18760;78.0;76.7;8.3
65;2021-11-14;0;5;4;176904;173998;18764;78.0;76.7;8.3
65;2021-11-15;50;99;813;176954;174097;19577;78.0;76.7;8.6
65;2021-11-16;59;58;837;177013;174155;20414;78.0;76.8;9.0
65;2021-11-17;80;131;1096;177093;174286;21510;78.1;76.8;9.5
65;2021-11-18;57;47;630;177150;174333;22140;78.1;76.9;9.8
65;2021-11-19;98;126;1357;177248;174459;23497;78.1;76.9;10.4
65;2021-11-20;20;20;159;177268;174479;23656;78.1;76.9;10.4
65;2021-11-21;2;3;7;177270;174482;23663;78.1;76.9;10.4
65;2021-11-22;52;51;971;177322;174533;24634;78.2;76.9;10.9
65;2021-11-23;69;51;1250;177391;174584;25884;78.2;77.0;11.4
65;2021-11-24;97;105;1284;177488;174689;27168;78.2;77.0;12.0
65;2021-11-25;73;40;1051;177561;174729;28219;78.3;77.0;12.4
65;2021-11-26;116;126;2191;177677;174855;30410;78.3;77.1;13.4
65;2021-11-27;42;25;1114;177719;174880;31524;78.3;77.1;13.9
65;2021-11-28;24;15;562;177743;174895;32086;78.4;77.1;14.1
65;2021-11-29;51;73;1560;177794;174968;33646;78.4;77.1;14.8
65;2021-11-30;114;70;2423;177908;175038;36069;78.4;77.2;15.9
65;2021-12-01;89;125;2402;177997;175163;38471;78.5;77.2;17.0
65;2021-12-02;93;67;2520;178090;175230;40991;78.5;77.2;18.1
65;2021-12-03;91;109;2777;178181;175339;43768;78.5;77.3;19.3
65;2021-12-04;40;35;1152;178221;175374;44920;78.6;77.3;19.8
65;2021-12-05;2;10;685;178223;175384;45605;78.6;77.3;20.1
65;2021-12-06;57;61;1974;178280;175445;47579;78.6;77.3;21.0
65;2021-12-07;71;63;2735;178351;175508;50314;78.6;77.4;22.2
65;2021-12-08;84;115;2559;178435;175623;52873;78.7;77.4;23.3
65;2021-12-09;62;59;2861;178497;175682;55734;78.7;77.4;24.6
65;2021-12-10;84;102;3042;178581;175784;58776;78.7;77.5;25.9
65;2021-12-11;56;33;1399;178637;175817;60175;78.8;77.5;26.5
65;2021-12-12;6;8;818;178643;175825;60993;78.8;77.5;26.9
65;2021-12-13;61;54;2182;178704;175879;63175;78.8;77.5;27.9
65;2021-12-14;84;105;2914;178788;175984;66089;78.8;77.6;29.1
65;2021-12-15;79;104;3000;178867;176088;69089;78.9;77.6;30.5
66;2020-12-27;0;0;0;0;0;0;0.0;0.0;0.0
66;2020-12-28;3;0;0;3;0;0;0.0;0.0;0.0
66;2020-12-29;1;0;0;4;0;0;0.0;0.0;0.0
66;2020-12-30;0;0;0;4;0;0;0.0;0.0;0.0
66;2020-12-31;2;0;0;6;0;0;0.0;0.0;0.0
66;2021-01-01;1;0;0;7;0;0;0.0;0.0;0.0
66;2021-01-02;0;0;0;7;0;0;0.0;0.0;0.0
66;2021-01-03;0;0;0;7;0;0;0.0;0.0;0.0
66;2021-01-04;31;0;0;38;0;0;0.0;0.0;0.0
66;2021-01-05;134;0;0;172;0;0;0.0;0.0;0.0
66;2021-01-06;184;0;0;356;0;0;0.1;0.0;0.0
66;2021-01-07;169;0;0;525;0;0;0.1;0.0;0.0
66;2021-01-08;212;0;0;737;0;0;0.2;0.0;0.0
66;2021-01-09;227;0;0;964;0;0;0.2;0.0;0.0
66;2021-01-10;9;0;0;973;0;0;0.2;0.0;0.0
66;2021-01-11;387;2;0;1360;2;0;0.3;0.0;0.0
66;2021-01-12;547;2;0;1907;4;0;0.4;0.0;0.0
66;2021-01-13;850;9;0;2757;13;0;0.6;0.0;0.0
66;2021-01-14;855;12;0;3612;25;0;0.8;0.0;0.0
66;2021-01-15;582;1;0;4194;26;0;0.9;0.0;0.0
66;2021-01-16;114;3;0;4308;29;0;0.9;0.0;0.0
66;2021-01-17;46;1;0;4354;30;0;0.9;0.0;0.0
66;2021-01-18;616;3;0;4970;33;0;1.0;0.0;0.0
66;2021-01-19;706;4;0;5676;37;0;1.2;0.0;0.0
66;2021-01-20;1129;6;0;6805;43;0;1.4;0.0;0.0
66;2021-01-21;2300;7;0;9105;50;0;1.9;0.0;0.0
66;2021-01-22;1365;8;0;10470;58;0;2.2;0.0;0.0
66;2021-01-23;388;4;0;10858;62;0;2.3;0.0;0.0
66;2021-01-24;216;9;0;11074;71;0;2.3;0.0;0.0
66;2021-01-25;691;44;0;11765;115;0;2.5;0.0;0.0
66;2021-01-26;786;63;0;12551;178;0;2.6;0.0;0.0
66;2021-01-27;835;95;0;13386;273;0;2.8;0.1;0.0
66;2021-01-28;836;120;0;14222;393;0;3.0;0.1;0.0
66;2021-01-29;786;125;0;15008;518;0;3.1;0.1;0.0
66;2021-01-30;455;85;0;15463;603;0;3.2;0.1;0.0
66;2021-01-31;197;25;0;15660;628;0;3.3;0.1;0.0
66;2021-02-01;544;185;0;16204;813;0;3.4;0.2;0.0
66;2021-02-02;619;276;0;16823;1089;0;3.5;0.2;0.0
66;2021-02-03;713;578;0;17536;1667;0;3.7;0.3;0.0
66;2021-02-04;686;601;0;18222;2268;0;3.8;0.5;0.0
66;2021-02-05;758;411;0;18980;2679;0;4.0;0.6;0.0
66;2021-02-06;400;143;0;19380;2822;0;4.0;0.6;0.0
66;2021-02-07;165;138;0;19545;2960;0;4.1;0.6;0.0
66;2021-02-08;485;366;0;20030;3326;0;4.2;0.7;0.0
66;2021-02-09;512;392;0;20542;3718;0;4.3;0.8;0.0
66;2021-02-10;595;756;0;21137;4474;0;4.4;0.9;0.0
66;2021-02-11;1072;1517;0;22209;5991;0;4.6;1.3;0.0
66;2021-02-12;1079;1131;0;23288;7122;0;4.9;1.5;0.0
66;2021-02-13;345;299;0;23633;7421;0;4.9;1.5;0.0
66;2021-02-14;105;191;0;23738;7612;0;5.0;1.6;0.0
66;2021-02-15;421;680;0;24159;8292;0;5.0;1.7;0.0
66;2021-02-16;311;778;0;24470;9070;0;5.1;1.9;0.0
66;2021-02-17;360;669;0;24830;9739;0;5.2;2.0;0.0
66;2021-02-18;371;748;0;25201;10487;0;5.3;2.2;0.0
66;2021-02-19;386;681;0;25587;11168;0;5.3;2.3;0.0
66;2021-02-20;172;387;0;25759;11555;0;5.4;2.4;0.0
66;2021-02-21;34;162;0;25793;11717;0;5.4;2.4;0.0
66;2021-02-22;405;598;0;26198;12315;0;5.5;2.6;0.0
66;2021-02-23;504;651;0;26702;12966;0;5.6;2.7;0.0
66;2021-02-24;355;733;0;27057;13699;0;5.6;2.9;0.0
66;2021-02-25;706;687;0;27763;14386;0;5.8;3.0;0.0
66;2021-02-26;933;740;0;28696;15126;0;6.0;3.2;0.0
66;2021-02-27;359;407;0;29055;15533;0;6.1;3.2;0.0
66;2021-02-28;59;167;0;29114;15700;0;6.1;3.3;0.0
66;2021-03-01;346;613;0;29460;16313;0;6.2;3.4;0.0
66;2021-03-02;328;651;0;29788;16964;0;6.2;3.5;0.0
66;2021-03-03;524;613;0;30312;17577;0;6.3;3.7;0.0
66;2021-03-04;989;1042;0;31301;18619;0;6.5;3.9;0.0
66;2021-03-05;1506;782;0;32807;19401;0;6.8;4.1;0.0
66;2021-03-06;1126;331;0;33933;19732;0;7.1;4.1;0.0
66;2021-03-07;1028;96;0;34961;19828;0;7.3;4.1;0.0
66;2021-03-08;663;524;0;35624;20352;0;7.4;4.2;0.0
66;2021-03-09;1189;582;0;36813;20934;0;7.7;4.4;0.0
66;2021-03-10;1271;502;0;38084;21436;0;8.0;4.5;0.0
66;2021-03-11;1461;572;0;39545;22008;0;8.3;4.6;0.0
66;2021-03-12;2339;558;0;41884;22566;0;8.7;4.7;0.0
66;2021-03-13;1073;297;0;42957;22863;0;9.0;4.8;0.0
66;2021-03-14;194;83;0;43151;22946;0;9.0;4.8;0.0
66;2021-03-15;1050;394;0;44201;23340;0;9.2;4.9;0.0
66;2021-03-16;928;266;0;45129;23606;0;9.4;4.9;0.0
66;2021-03-17;856;381;0;45985;23987;0;9.6;5.0;0.0
66;2021-03-18;946;328;0;46931;24315;0;9.8;5.1;0.0
66;2021-03-19;1244;317;0;48175;24632;0;10.1;5.1;0.0
66;2021-03-20;812;118;0;48987;24750;0;10.2;5.2;0.0
66;2021-03-21;186;40;0;49173;24790;0;10.3;5.2;0.0
66;2021-03-22;1088;388;0;50261;25178;0;10.5;5.3;0.0
66;2021-03-23;1717;385;0;51978;25563;0;10.9;5.3;0.0
66;2021-03-24;1772;507;0;53750;26070;0;11.2;5.4;0.0
66;2021-03-25;2509;464;0;56259;26534;0;11.7;5.5;0.0
66;2021-03-26;2480;371;0;58739;26905;0;12.3;5.6;0.0
66;2021-03-27;1171;286;0;59910;27191;0;12.5;5.7;0.0
66;2021-03-28;323;3;0;60233;27194;0;12.6;5.7;0.0
66;2021-03-29;1734;244;0;61967;27438;0;12.9;5.7;0.0
66;2021-03-30;2166;175;0;64133;27613;0;13.4;5.8;0.0
66;2021-03-31;1930;245;0;66063;27858;0;13.8;5.8;0.0
66;2021-04-01;2571;307;0;68634;28165;0;14.3;5.9;0.0
66;2021-04-02;2328;266;0;70962;28431;0;14.8;5.9;0.0
66;2021-04-03;1104;318;0;72066;28749;0;15.0;6.0;0.0
66;2021-04-04;104;116;0;72170;28865;0;15.1;6.0;0.0
66;2021-04-05;199;135;0;72369;29000;0;15.1;6.1;0.0
66;2021-04-06;1244;629;0;73613;29629;0;15.4;6.2;0.0
66;2021-04-07;1377;572;0;74990;30201;0;15.7;6.3;0.0
66;2021-04-08;1943;551;0;76933;30752;0;16.1;6.4;0.0
66;2021-04-09;3382;677;0;80315;31429;0;16.8;6.6;0.0
66;2021-04-10;2189;510;0;82504;31939;0;17.2;6.7;0.0
66;2021-04-11;1137;163;0;83641;32102;0;17.5;6.7;0.0
66;2021-04-12;2543;989;0;86184;33091;0;18.0;6.9;0.0
66;2021-04-13;3433;1048;0;89617;34139;0;18.7;7.1;0.0
66;2021-04-14;3128;906;0;92745;35045;0;19.4;7.3;0.0
66;2021-04-15;3366;1002;0;96111;36047;0;20.1;7.5;0.0
66;2021-04-16;3383;1015;0;99494;37062;0;20.8;7.7;0.0
66;2021-04-17;2123;577;0;101617;37639;0;21.2;7.9;0.0
66;2021-04-18;1344;138;0;102961;37777;0;21.5;7.9;0.0
66;2021-04-19;2106;1087;0;105067;38864;0;21.9;8.1;0.0
66;2021-04-20;2212;1058;0;107279;39922;0;22.4;8.3;0.0
66;2021-04-21;2632;1150;0;109911;41072;0;22.9;8.6;0.0
66;2021-04-22;2516;1204;0;112427;42276;0;23.5;8.8;0.0
66;2021-04-23;2228;1185;0;114655;43461;0;23.9;9.1;0.0
66;2021-04-24;2534;846;0;117189;44307;0;24.5;9.2;0.0
66;2021-04-25;1126;271;0;118315;44578;0;24.7;9.3;0.0
66;2021-04-26;1849;1176;0;120164;45754;0;25.1;9.6;0.0
66;2021-04-27;2569;1262;0;122733;47016;0;25.6;9.8;0.0
66;2021-04-28;2294;1608;0;125027;48624;0;26.1;10.2;0.0
66;2021-04-29;2509;2029;0;127536;50653;0;26.6;10.6;0.0
66;2021-04-30;2844;1478;0;130380;52131;0;27.2;10.9;0.0
66;2021-05-01;1867;470;0;132247;52601;0;27.6;11.0;0.0
66;2021-05-02;1419;258;0;133666;52859;0;27.9;11.0;0.0
66;2021-05-03;2778;1055;0;136444;53914;0;28.5;11.3;0.0
66;2021-05-04;2937;1271;0;139381;55185;0;29.1;11.5;0.0
66;2021-05-05;2879;1513;0;142260;56698;0;29.7;11.8;0.0
66;2021-05-06;3529;2000;0;145789;58698;0;30.4;12.3;0.0
66;2021-05-07;2824;2960;0;148613;61658;0;31.0;12.9;0.0
66;2021-05-08;1598;1113;0;150211;62771;0;31.4;13.1;0.0
66;2021-05-09;836;1306;0;151047;64077;0;31.5;13.4;0.0
66;2021-05-10;1667;2769;0;152714;66846;0;31.9;14.0;0.0
66;2021-05-11;2581;2973;0;155295;69819;0;32.4;14.6;0.0
66;2021-05-12;2210;2421;0;157505;72240;0;32.9;15.1;0.0
66;2021-05-13;1970;1284;0;159475;73524;0;33.3;15.3;0.0
66;2021-05-14;2485;1994;0;161960;75518;0;33.8;15.8;0.0
66;2021-05-15;2048;1466;0;164008;76984;0;34.2;16.1;0.0
66;2021-05-16;1983;1139;0;165991;78123;0;34.7;16.3;0.0
66;2021-05-17;1885;1733;0;167876;79856;0;35.0;16.7;0.0
66;2021-05-18;2911;1670;0;170787;81526;0;35.7;17.0;0.0
66;2021-05-19;2618;1278;0;173405;82804;0;36.2;17.3;0.0
66;2021-05-20;3968;1362;0;177373;84166;0;37.0;17.6;0.0
66;2021-05-21;2971;1368;0;180344;85534;0;37.7;17.9;0.0
66;2021-05-22;2728;739;0;183072;86273;0;38.2;18.0;0.0
66;2021-05-23;1358;211;0;184430;86484;0;38.5;18.1;0.0
66;2021-05-24;1818;401;0;186248;86885;0;38.9;18.1;0.0
66;2021-05-25;2602;1578;0;188850;88463;0;39.4;18.5;0.0
66;2021-05-26;2590;1394;0;191440;89857;0;40.0;18.8;0.0
66;2021-05-27;3125;2106;0;194565;91963;0;40.6;19.2;0.0
66;2021-05-28;2490;2906;0;197055;94869;0;41.1;19.8;0.0
66;2021-05-29;1909;1397;0;198964;96266;0;41.5;20.1;0.0
66;2021-05-30;719;904;0;199683;97170;0;41.7;20.3;0.0
66;2021-05-31;1933;1638;0;201616;98808;0;42.1;20.6;0.0
66;2021-06-01;2443;1907;0;204059;100715;0;42.6;21.0;0.0
66;2021-06-02;2595;2210;0;206654;102925;0;43.1;21.5;0.0
66;2021-06-03;2341;2777;0;208995;105702;0;43.6;22.1;0.0
66;2021-06-04;1749;3169;0;210744;108871;0;44.0;22.7;0.0
66;2021-06-05;1280;2448;0;212024;111319;0;44.3;23.2;0.0
66;2021-06-06;314;1142;0;212338;112461;0;44.3;23.5;0.0
66;2021-06-07;1265;2721;0;213603;115182;0;44.6;24.0;0.0
66;2021-06-08;1670;2847;0;215273;118029;0;44.9;24.6;0.0
66;2021-06-09;1910;2594;0;217183;120623;0;45.3;25.2;0.0
66;2021-06-10;1970;2749;0;219153;123372;0;45.8;25.8;0.0
66;2021-06-11;1937;3595;0;221090;126967;0;46.2;26.5;0.0
66;2021-06-12;818;2249;0;221908;129216;0;46.3;27.0;0.0
66;2021-06-13;468;1268;0;222376;130484;0;46.4;27.2;0.0
66;2021-06-14;1297;3246;0;223673;133730;0;46.7;27.9;0.0
66;2021-06-15;1993;3328;0;225666;137058;0;47.1;28.6;0.0
66;2021-06-16;1723;3314;0;227389;140372;0;47.5;29.3;0.0
66;2021-06-17;2241;3363;0;229630;143735;0;47.9;30.0;0.0
66;2021-06-18;2051;3552;0;231681;147287;0;48.4;30.7;0.0
66;2021-06-19;1378;2099;0;233059;149386;0;48.7;31.2;0.0
66;2021-06-20;871;1116;0;233930;150502;0;48.8;31.4;0.0
66;2021-06-21;1041;2661;0;234971;153163;0;49.1;32.0;0.0
66;2021-06-22;1381;3440;0;236352;156603;0;49.3;32.7;0.0
66;2021-06-23;1217;2753;0;237569;159356;0;49.6;33.3;0.0
66;2021-06-24;1360;2951;0;238929;162307;0;49.9;33.9;0.0
66;2021-06-25;1309;3228;0;240238;165535;0;50.2;34.6;0.0
66;2021-06-26;861;2396;0;241099;167931;0;50.3;35.1;0.0
66;2021-06-27;594;1385;0;241693;169316;0;50.5;35.3;0.0
66;2021-06-28;903;2774;0;242596;172090;0;50.6;35.9;0.0
66;2021-06-29;1072;3470;0;243668;175560;0;50.9;36.7;0.0
66;2021-06-30;1176;3029;0;244844;178589;0;51.1;37.3;0.0
66;2021-07-01;1337;3793;0;246181;182382;0;51.4;38.1;0.0
66;2021-07-02;1228;3273;0;247409;185655;0;51.7;38.8;0.0
66;2021-07-03;1025;3592;0;248434;189247;0;51.9;39.5;0.0
66;2021-07-04;632;1625;0;249066;190872;0;52.0;39.8;0.0
66;2021-07-05;977;2726;0;250043;193598;0;52.2;40.4;0.0
66;2021-07-06;1220;3456;0;251263;197054;0;52.5;41.1;0.0
66;2021-07-07;1242;2977;0;252505;200031;0;52.7;41.8;0.0
66;2021-07-08;1157;3117;0;253662;203148;0;53.0;42.4;0.0
66;2021-07-09;1279;3123;0;254941;206271;0;53.2;43.1;0.0
66;2021-07-10;885;2119;0;255826;208390;0;53.4;43.5;0.0
66;2021-07-11;474;1377;0;256300;209767;0;53.5;43.8;0.0
66;2021-07-12;859;3250;0;257159;213017;0;53.7;44.5;0.0
66;2021-07-13;1884;3912;0;259043;216929;0;54.1;45.3;0.0
66;2021-07-14;1682;1106;0;260725;218035;0;54.4;45.5;0.0
66;2021-07-15;2438;2717;0;263163;220752;0;54.9;46.1;0.0
66;2021-07-16;2854;2843;0;266017;223595;0;55.5;46.7;0.0
66;2021-07-17;1883;1818;0;267900;225413;0;55.9;47.1;0.0
66;2021-07-18;1027;967;0;268927;226380;0;56.1;47.3;0.0
66;2021-07-19;2297;2597;0;271224;228977;0;56.6;47.8;0.0
66;2021-07-20;2940;2555;0;274164;231532;0;57.2;48.3;0.0
66;2021-07-21;3270;2540;0;277434;234072;0;57.9;48.9;0.0
66;2021-07-22;3442;2465;0;280876;236537;0;58.6;49.4;0.0
66;2021-07-23;3439;2563;0;284315;239100;0;59.4;49.9;0.0
66;2021-07-24;2435;1709;0;286750;240809;0;59.9;50.3;0.0
66;2021-07-25;1855;1070;0;288605;241879;0;60.3;50.5;0.0
66;2021-07-26;2328;2176;0;290933;244055;0;60.7;51.0;0.0
66;2021-07-27;2745;2409;0;293678;246464;0;61.3;51.5;0.0
66;2021-07-28;2914;2223;0;296592;248687;0;61.9;51.9;0.0
66;2021-07-29;3383;2146;0;299975;250833;0;62.6;52.4;0.0
66;2021-07-30;3635;2104;0;303610;252937;0;63.4;52.8;0.0
66;2021-07-31;1978;1494;0;305588;254431;0;63.8;53.1;0.0
66;2021-08-01;1505;713;0;307093;255144;0;64.1;53.3;0.0
66;2021-08-02;1975;1481;0;309068;256625;0;64.5;53.6;0.0
66;2021-08-03;2239;1534;0;311307;258159;0;65.0;53.9;0.0
66;2021-08-04;2137;1550;0;313444;259709;0;65.4;54.2;0.0
66;2021-08-05;2044;1894;0;315488;261603;0;65.9;54.6;0.0
66;2021-08-06;1978;2060;0;317466;263663;0;66.3;55.0;0.0
66;2021-08-07;1347;1701;0;318813;265364;0;66.6;55.4;0.0
66;2021-08-08;490;1110;0;319303;266474;0;66.7;55.6;0.0
66;2021-08-09;1170;2091;0;320473;268565;0;66.9;56.1;0.0
66;2021-08-10;1435;2384;0;321908;270949;0;67.2;56.6;0.0
66;2021-08-11;1384;2375;0;323292;273324;0;67.5;57.1;0.0
66;2021-08-12;1465;2446;0;324757;275770;0;67.8;57.6;0.0
66;2021-08-13;1287;2429;0;326044;278199;0;68.1;58.1;0.0
66;2021-08-14;573;2160;0;326617;280359;0;68.2;58.5;0.0
66;2021-08-15;133;1351;0;326750;281710;0;68.2;58.8;0.0
66;2021-08-16;1176;2171;0;327926;283881;0;68.5;59.3;0.0
66;2021-08-17;1309;2474;0;329235;286355;0;68.7;59.8;0.0
66;2021-08-18;1171;2596;0;330406;288951;0;69.0;60.3;0.0
66;2021-08-19;1005;2507;0;331411;291458;0;69.2;60.8;0.0
66;2021-08-20;890;2872;0;332301;294330;0;69.4;61.4;0.0
66;2021-08-21;529;1791;0;332830;296121;0;69.5;61.8;0.0
66;2021-08-22;200;1185;0;333030;297306;0;69.5;62.1;0.0
66;2021-08-23;1047;2417;0;334077;299723;0;69.7;62.6;0.0
66;2021-08-24;907;2491;0;334984;302214;0;69.9;63.1;0.0
66;2021-08-25;853;1971;0;335837;304185;0;70.1;63.5;0.0
66;2021-08-26;860;1994;0;336697;306179;0;70.3;63.9;0.0
66;2021-08-27;805;2137;0;337502;308316;0;70.5;64.4;0.0
66;2021-08-28;471;1064;0;337973;309380;0;70.6;64.6;0.0
66;2021-08-29;217;326;0;338190;309706;0;70.6;64.7;0.0
66;2021-08-30;802;2261;49;338992;311967;49;70.8;65.1;0.0
66;2021-08-31;767;2270;78;339759;314237;127;70.9;65.6;0.0
66;2021-09-01;765;1660;202;340524;315897;329;71.1;65.9;0.1
66;2021-09-02;624;1433;235;341148;317330;564;71.2;66.2;0.1
66;2021-09-03;654;1703;276;341802;319033;840;71.4;66.6;0.2
66;2021-09-04;652;1481;132;342454;320514;972;71.5;66.9;0.2
66;2021-09-05;193;268;44;342647;320782;1016;71.5;67.0;0.2
66;2021-09-06;437;1265;515;343084;322047;1531;71.6;67.2;0.3
66;2021-09-07;370;1078;421;343454;323125;1952;71.7;67.5;0.4
66;2021-09-08;559;1178;422;344013;324303;2374;71.8;67.7;0.5
66;2021-09-09;451;1046;447;344464;325349;2821;71.9;67.9;0.6
66;2021-09-10;476;1064;409;344940;326413;3230;72.0;68.1;0.7
66;2021-09-11;482;1085;135;345422;327498;3365;72.1;68.4;0.7
66;2021-09-12;94;134;41;345516;327632;3406;72.1;68.4;0.7
66;2021-09-13;358;1000;623;345874;328632;4029;72.2;68.6;0.8
66;2021-09-14;383;780;580;346257;329412;4609;72.3;68.8;1.0
66;2021-09-15;479;931;625;346736;330343;5234;72.4;69.0;1.1
66;2021-09-16;372;677;535;347108;331020;5769;72.5;69.1;1.2
66;2021-09-17;351;719;660;347459;331739;6429;72.5;69.3;1.3
66;2021-09-18;343;1024;160;347802;332763;6589;72.6;69.5;1.4
66;2021-09-19;76;220;38;347878;332983;6627;72.6;69.5;1.4
66;2021-09-20;277;623;400;348155;333606;7027;72.7;69.6;1.5
66;2021-09-21;288;557;566;348443;334163;7593;72.7;69.8;1.6
66;2021-09-22;306;741;553;348749;334904;8146;72.8;69.9;1.7
66;2021-09-23;236;480;409;348985;335384;8555;72.9;70.0;1.8
66;2021-09-24;331;722;397;349316;336106;8952;72.9;70.2;1.9
66;2021-09-25;216;836;125;349532;336942;9077;73.0;70.3;1.9
66;2021-09-26;63;204;11;349595;337146;9088;73.0;70.4;1.9
66;2021-09-27;178;477;444;349773;337623;9532;73.0;70.5;2.0
66;2021-09-28;251;492;327;350024;338115;9859;73.1;70.6;2.1
66;2021-09-29;236;548;314;350260;338663;10173;73.1;70.7;2.1
66;2021-09-30;321;448;480;350581;339111;10653;73.2;70.8;2.2
66;2021-10-01;398;520;405;350979;339631;11058;73.3;70.9;2.3
66;2021-10-02;277;582;102;351256;340213;11160;73.3;71.0;2.3
66;2021-10-03;75;113;40;351331;340326;11200;73.3;71.0;2.3
66;2021-10-04;252;378;524;351583;340704;11724;73.4;71.1;2.4
66;2021-10-05;241;382;594;351824;341086;12318;73.4;71.2;2.6
66;2021-10-06;211;370;459;352035;341456;12777;73.5;71.3;2.7
66;2021-10-07;233;425;472;352268;341881;13249;73.5;71.4;2.8
66;2021-10-08;283;496;645;352551;342377;13894;73.6;71.5;2.9
66;2021-10-09;294;481;261;352845;342858;14155;73.7;71.6;3.0
66;2021-10-10;6;19;5;352851;342877;14160;73.7;71.6;3.0
66;2021-10-11;211;373;387;353062;343250;14547;73.7;71.7;3.0
66;2021-10-12;227;318;575;353289;343568;15122;73.8;71.7;3.2
66;2021-10-13;220;397;606;353509;343965;15728;73.8;71.8;3.3
66;2021-10-14;210;286;626;353719;344251;16354;73.8;71.9;3.4
66;2021-10-15;329;386;714;354048;344637;17068;73.9;71.9;3.6
66;2021-10-16;232;298;194;354280;344935;17262;74.0;72.0;3.6
66;2021-10-17;7;17;0;354287;344952;17262;74.0;72.0;3.6
66;2021-10-18;192;227;500;354479;345179;17762;74.0;72.1;3.7
66;2021-10-19;207;273;699;354686;345452;18461;74.0;72.1;3.9
66;2021-10-20;191;262;687;354877;345714;19148;74.1;72.2;4.0
66;2021-10-21;206;342;880;355083;346056;20028;74.1;72.2;4.2
66;2021-10-22;208;323;744;355291;346379;20772;74.2;72.3;4.3
66;2021-10-23;221;290;331;355512;346669;21103;74.2;72.4;4.4
66;2021-10-24;4;11;14;355516;346680;21117;74.2;72.4;4.4
66;2021-10-25;173;305;681;355689;346985;21798;74.3;72.4;4.6
66;2021-10-26;149;220;697;355838;347205;22495;74.3;72.5;4.7
66;2021-10-27;135;209;791;355973;347414;23286;74.3;72.5;4.9
66;2021-10-28;171;229;809;356144;347643;24095;74.4;72.6;5.0
66;2021-10-29;183;267;765;356327;347910;24860;74.4;72.6;5.2
66;2021-10-30;120;224;313;356447;348134;25173;74.4;72.7;5.3
66;2021-10-31;6;3;5;356453;348137;25178;74.4;72.7;5.3
66;2021-11-01;34;32;11;356487;348169;25189;74.4;72.7;5.3
66;2021-11-02;194;280;900;356681;348449;26089;74.5;72.7;5.4
66;2021-11-03;214;271;1019;356895;348720;27108;74.5;72.8;5.7
66;2021-11-04;215;205;1084;357110;348925;28192;74.6;72.8;5.9
66;2021-11-05;200;291;1171;357310;349216;29363;74.6;72.9;6.1
66;2021-11-06;147;261;453;357457;349477;29816;74.6;73.0;6.2
66;2021-11-07;10;20;13;357467;349497;29829;74.6;73.0;6.2
66;2021-11-08;107;248;1015;357574;349745;30844;74.7;73.0;6.4
66;2021-11-09;140;207;1497;357714;349952;32341;74.7;73.1;6.8
66;2021-11-10;204;251;1404;357918;350203;33745;74.7;73.1;7.0
66;2021-11-11;14;32;43;357932;350235;33788;74.7;73.1;7.1
66;2021-11-12;162;275;1605;358094;350510;35393;74.8;73.2;7.4
66;2021-11-13;96;197;462;358190;350707;35855;74.8;73.2;7.5
66;2021-11-14;15;11;29;358205;350718;35884;74.8;73.2;7.5
66;2021-11-15;117;169;1588;358322;350887;37472;74.8;73.3;7.8
66;2021-11-16;160;200;2114;358482;351087;39586;74.8;73.3;8.3
66;2021-11-17;179;217;1797;358661;351304;41383;74.9;73.3;8.6
66;2021-11-18;188;224;2311;358849;351528;43694;74.9;73.4;9.1
66;2021-11-19;202;232;2417;359051;351760;46111;75.0;73.4;9.6
66;2021-11-20;211;181;828;359262;351941;46939;75.0;73.5;9.8
66;2021-11-21;17;31;24;359279;351972;46963;75.0;73.5;9.8
66;2021-11-22;217;132;1717;359496;352104;48680;75.1;73.5;10.2
66;2021-11-23;193;210;2552;359689;352314;51232;75.1;73.6;10.7
66;2021-11-24;194;250;1925;359883;352564;53157;75.1;73.6;11.1
66;2021-11-25;194;191;2535;360077;352755;55692;75.2;73.6;11.6
66;2021-11-26;225;243;3597;360302;352998;59289;75.2;73.7;12.4
66;2021-11-27;184;215;1458;360486;353213;60747;75.3;73.7;12.7
66;2021-11-28;50;49;1858;360536;353262;62605;75.3;73.7;13.1
66;2021-11-29;155;190;3581;360691;353452;66186;75.3;73.8;13.8
66;2021-11-30;240;264;4766;360931;353716;70952;75.4;73.8;14.8
66;2021-12-01;189;275;4514;361120;353991;75466;75.4;73.9;15.8
66;2021-12-02;164;171;5691;361284;354162;81157;75.4;73.9;16.9
66;2021-12-03;205;226;5730;361489;354388;86887;75.5;74.0;18.1
66;2021-12-04;128;148;2164;361617;354536;89051;75.5;74.0;18.6
66;2021-12-05;17;23;251;361634;354559;89302;75.5;74.0;18.6
66;2021-12-06;190;193;4723;361824;354752;94025;75.5;74.1;19.6
66;2021-12-07;191;216;5777;362015;354968;99802;75.6;74.1;20.8
66;2021-12-08;212;223;5372;362227;355191;105174;75.6;74.2;22.0
66;2021-12-09;188;242;6241;362415;355433;111415;75.7;74.2;23.3
66;2021-12-10;308;287;6626;362723;355720;118041;75.7;74.3;24.6
66;2021-12-11;159;272;2983;362882;355992;121024;75.8;74.3;25.3
66;2021-12-12;18;41;631;362900;356033;121655;75.8;74.3;25.4
66;2021-12-13;158;237;5055;363058;356270;126710;75.8;74.4;26.5
66;2021-12-14;221;250;7004;363279;356520;133714;75.8;74.4;27.9
66;2021-12-15;216;252;6090;363495;356772;139804;75.9;74.5;29.2
67;2020-12-27;0;0;0;0;0;0;0.0;0.0;0.0
67;2020-12-28;3;0;0;3;0;0;0.0;0.0;0.0
67;2020-12-29;2;0;0;5;0;0;0.0;0.0;0.0
67;2020-12-30;1;0;0;6;0;0;0.0;0.0;0.0
67;2020-12-31;1;0;0;7;0;0;0.0;0.0;0.0
67;2021-01-01;5;0;0;12;0;0;0.0;0.0;0.0
67;2021-01-02;1;0;0;13;0;0;0.0;0.0;0.0
67;2021-01-03;1;0;0;14;0;0;0.0;0.0;0.0
67;2021-01-04;43;0;0;57;0;0;0.0;0.0;0.0
67;2021-01-05;169;7;0;226;7;0;0.0;0.0;0.0
67;2021-01-06;125;0;0;351;7;0;0.0;0.0;0.0
67;2021-01-07;240;1;0;591;8;0;0.1;0.0;0.0
67;2021-01-08;235;2;0;826;10;0;0.1;0.0;0.0
67;2021-01-09;111;1;0;937;11;0;0.1;0.0;0.0
67;2021-01-10;67;0;0;1004;11;0;0.1;0.0;0.0
67;2021-01-11;189;1;0;1193;12;0;0.1;0.0;0.0
67;2021-01-12;521;3;0;1714;15;0;0.2;0.0;0.0
67;2021-01-13;670;4;0;2384;19;0;0.2;0.0;0.0
67;2021-01-14;1093;8;0;3477;27;0;0.3;0.0;0.0
67;2021-01-15;927;7;0;4404;34;0;0.4;0.0;0.0
67;2021-01-16;199;4;0;4603;38;0;0.4;0.0;0.0
67;2021-01-17;100;0;0;4703;38;0;0.4;0.0;0.0
67;2021-01-18;909;6;0;5612;44;0;0.5;0.0;0.0
67;2021-01-19;1396;5;0;7008;49;0;0.6;0.0;0.0
67;2021-01-20;1835;14;0;8843;63;0;0.8;0.0;0.0
67;2021-01-21;2190;11;0;11033;74;0;1.0;0.0;0.0
67;2021-01-22;1978;11;0;13011;85;0;1.1;0.0;0.0
67;2021-01-23;728;5;0;13739;90;0;1.2;0.0;0.0
67;2021-01-24;397;1;0;14136;91;0;1.2;0.0;0.0
67;2021-01-25;568;30;0;14704;121;0;1.3;0.0;0.0
67;2021-01-26;237;107;0;14941;228;0;1.3;0.0;0.0
67;2021-01-27;1432;137;0;16373;365;0;1.4;0.0;0.0
67;2021-01-28;3003;232;0;19376;597;0;1.7;0.1;0.0
67;2021-01-29;1985;169;0;21361;766;0;1.9;0.1;0.0
67;2021-01-30;1061;78;0;22422;844;0;2.0;0.1;0.0
67;2021-01-31;1127;31;0;23549;875;0;2.1;0.1;0.0
67;2021-02-01;3237;250;0;26786;1125;0;2.4;0.1;0.0
67;2021-02-02;2592;427;0;29378;1552;0;2.6;0.1;0.0
67;2021-02-03;1532;412;0;30910;1964;0;2.7;0.2;0.0
67;2021-02-04;1130;769;0;32040;2733;0;2.8;0.2;0.0
67;2021-02-05;1147;628;0;33187;3361;0;2.9;0.3;0.0
67;2021-02-06;762;142;0;33949;3503;0;3.0;0.3;0.0
67;2021-02-07;291;46;0;34240;3549;0;3.0;0.3;0.0
67;2021-02-08;846;460;0;35086;4009;0;3.1;0.4;0.0
67;2021-02-09;1022;737;0;36108;4746;0;3.2;0.4;0.0
67;2021-02-10;982;807;0;37090;5553;0;3.3;0.5;0.0
67;2021-02-11;1180;1151;0;38270;6704;0;3.4;0.6;0.0
67;2021-02-12;1243;807;0;39513;7511;0;3.5;0.7;0.0
67;2021-02-13;775;270;0;40288;7781;0;3.6;0.7;0.0
67;2021-02-14;251;97;0;40539;7878;0;3.6;0.7;0.0
67;2021-02-15;807;891;0;41346;8769;0;3.7;0.8;0.0
67;2021-02-16;935;1165;0;42281;9934;0;3.7;0.9;0.0
67;2021-02-17;830;1210;0;43111;11144;0;3.8;1.0;0.0
67;2021-02-18;1427;2520;0;44538;13664;0;3.9;1.2;0.0
67;2021-02-19;1306;2096;0;45844;15760;0;4.0;1.4;0.0
67;2021-02-20;606;825;0;46450;16585;0;4.1;1.5;0.0
67;2021-02-21;199;1165;0;46649;17750;0;4.1;1.6;0.0
67;2021-02-22;1367;2084;0;48016;19834;0;4.2;1.8;0.0
67;2021-02-23;1461;1576;0;49477;21410;0;4.4;1.9;0.0
67;2021-02-24;1428;1071;0;50905;22481;0;4.5;2.0;0.0
67;2021-02-25;1630;1475;0;52535;23956;0;4.6;2.1;0.0
67;2021-02-26;2261;1403;0;54796;25359;0;4.8;2.2;0.0
67;2021-02-27;1254;771;0;56050;26130;0;4.9;2.3;0.0
67;2021-02-28;150;364;0;56200;26494;0;5.0;2.3;0.0
67;2021-03-01;674;990;0;56874;27484;0;5.0;2.4;0.0
67;2021-03-02;956;1184;0;57830;28668;0;5.1;2.5;0.0
67;2021-03-03;1476;1241;0;59306;29909;0;5.2;2.6;0.0
67;2021-03-04;2024;1065;0;61330;30974;0;5.4;2.7;0.0
67;2021-03-05;3284;1121;0;64614;32095;0;5.7;2.8;0.0
67;2021-03-06;2392;754;0;67006;32849;0;5.9;2.9;0.0
67;2021-03-07;527;290;0;67533;33139;0;6.0;2.9;0.0
67;2021-03-08;1229;815;0;68762;33954;0;6.1;3.0;0.0
67;2021-03-09;2241;968;0;71003;34922;0;6.3;3.1;0.0
67;2021-03-10;2477;1234;0;73480;36156;0;6.5;3.2;0.0
67;2021-03-11;3219;1407;0;76699;37563;0;6.8;3.3;0.0
67;2021-03-12;5199;1419;0;81898;38982;0;7.2;3.4;0.0
67;2021-03-13;4032;885;0;85930;39867;0;7.6;3.5;0.0
67;2021-03-14;588;380;0;86518;40247;0;7.6;3.6;0.0
67;2021-03-15;2284;1147;0;88802;41394;0;7.8;3.7;0.0
67;2021-03-16;1671;1233;0;90473;42627;0;8.0;3.8;0.0
67;2021-03-17;2174;950;0;92647;43577;0;8.2;3.8;0.0
67;2021-03-18;2460;783;0;95107;44360;0;8.4;3.9;0.0
67;2021-03-19;3764;772;0;98871;45132;0;8.7;4.0;0.0
67;2021-03-20;3054;515;0;101925;45647;0;9.0;4.0;0.0
67;2021-03-21;345;26;0;102270;45673;0;9.0;4.0;0.0
67;2021-03-22;2400;801;0;104670;46474;0;9.2;4.1;0.0
67;2021-03-23;3450;839;0;108120;47313;0;9.5;4.2;0.0
67;2021-03-24;3922;885;0;112042;48198;0;9.9;4.3;0.0
67;2021-03-25;5335;596;0;117377;48794;0;10.4;4.3;0.0
67;2021-03-26;6797;542;0;124174;49336;0;11.0;4.4;0.0
67;2021-03-27;3807;349;0;127981;49685;0;11.3;4.4;0.0
67;2021-03-28;579;107;0;128560;49792;0;11.4;4.4;0.0
67;2021-03-29;3772;494;0;132332;50286;0;11.7;4.4;0.0
67;2021-03-30;4780;779;0;137112;51065;0;12.1;4.5;0.0
67;2021-03-31;4720;819;0;141832;51884;0;12.5;4.6;0.0
67;2021-04-01;5016;1045;0;146848;52929;0;13.0;4.7;0.0
67;2021-04-02;1053;204;0;147901;53133;0;13.1;4.7;0.0
67;2021-04-03;1605;300;0;149506;53433;0;13.2;4.7;0.0
67;2021-04-04;349;28;0;149855;53461;0;13.2;4.7;0.0
67;2021-04-05;386;12;0;150241;53473;0;13.3;4.7;0.0
67;2021-04-06;3432;1287;0;153673;54760;0;13.6;4.8;0.0
67;2021-04-07;4472;1363;0;158145;56123;0;14.0;5.0;0.0
67;2021-04-08;5497;1453;0;163642;57576;0;14.4;5.1;0.0
67;2021-04-09;6980;1386;0;170622;58962;0;15.1;5.2;0.0
67;2021-04-10;4148;957;0;174770;59919;0;15.4;5.3;0.0
67;2021-04-11;850;513;0;175620;60432;0;15.5;5.3;0.0
67;2021-04-12;3837;1524;0;179457;61956;0;15.8;5.5;0.0
67;2021-04-13;4792;1717;0;184249;63673;0;16.3;5.6;0.0
67;2021-04-14;5166;1996;0;189415;65669;0;16.7;5.8;0.0
67;2021-04-15;5944;2213;0;195359;67882;0;17.2;6.0;0.0
67;2021-04-16;7613;2509;0;202972;70391;0;17.9;6.2;0.0
67;2021-04-17;3836;1562;0;206808;71953;0;18.3;6.4;0.0
67;2021-04-18;1063;644;0;207871;72597;0;18.4;6.4;0.0
67;2021-04-19;3505;2196;0;211376;74793;0;18.7;6.6;0.0
67;2021-04-20;4109;1991;0;215485;76784;0;19.0;6.8;0.0
67;2021-04-21;3974;2553;0;219459;79337;0;19.4;7.0;0.0
67;2021-04-22;4420;2911;0;223879;82248;0;19.8;7.3;0.0
67;2021-04-23;5147;2995;0;229026;85243;0;20.2;7.5;0.0
67;2021-04-24;3015;1963;0;232041;87206;0;20.5;7.7;0.0
67;2021-04-25;990;444;0;233031;87650;0;20.6;7.7;0.0
67;2021-04-26;3141;2569;0;236172;90219;0;20.9;8.0;0.0
67;2021-04-27;3962;2890;0;240134;93109;0;21.2;8.2;0.0
67;2021-04-28;4195;3330;0;244329;96439;0;21.6;8.5;0.0
67;2021-04-29;5134;3477;0;249463;99916;0;22.0;8.8;0.0
67;2021-04-30;7122;2439;0;256585;102355;0;22.7;9.0;0.0
67;2021-05-01;2637;768;0;259222;103123;0;22.9;9.1;0.0
67;2021-05-02;2144;668;0;261366;103791;0;23.1;9.2;0.0
67;2021-05-03;5436;2598;0;266802;106389;0;23.6;9.4;0.0
67;2021-05-04;5700;3539;0;272502;109928;0;24.1;9.7;0.0
67;2021-05-05;5128;4110;0;277630;114038;0;24.5;10.1;0.0
67;2021-05-06;6661;4724;0;284291;118762;0;25.1;10.5;0.0
67;2021-05-07;6438;6753;0;290729;125515;0;25.7;11.1;0.0
67;2021-05-08;3503;1007;0;294232;126522;0;26.0;11.2;0.0
67;2021-05-09;3176;607;0;297408;127129;0;26.3;11.2;0.0
67;2021-05-10;4765;4476;0;302173;131605;0;26.7;11.6;0.0
67;2021-05-11;5769;4861;0;307942;136466;0;27.2;12.0;0.0
67;2021-05-12;6685;4716;0;314627;141182;0;27.8;12.5;0.0
67;2021-05-13;7361;1591;0;321988;142773;0;28.4;12.6;0.0
67;2021-05-14;8895;5154;0;330883;147927;0;29.2;13.1;0.0
67;2021-05-15;8022;3447;0;338905;151374;0;29.9;13.4;0.0
67;2021-05-16;5729;913;0;344634;152287;0;30.4;13.4;0.0
67;2021-05-17;5782;3739;0;350416;156026;0;30.9;13.8;0.0
67;2021-05-18;6981;3862;0;357397;159888;0;31.6;14.1;0.0
67;2021-05-19;7554;4051;0;364951;163939;0;32.2;14.5;0.0
67;2021-05-20;8904;4095;0;373855;168034;0;33.0;14.8;0.0
67;2021-05-21;8384;5686;0;382239;173720;0;33.7;15.3;0.0
67;2021-05-22;5902;3306;0;388141;177026;0;34.3;15.6;0.0
67;2021-05-23;2545;585;0;390686;177611;0;34.5;15.7;0.0
67;2021-05-24;4629;869;0;395315;178480;0;34.9;15.8;0.0
67;2021-05-25;5673;4723;0;400988;183203;0;35.4;16.2;0.0
67;2021-05-26;6392;4820;0;407380;188023;0;36.0;16.6;0.0
67;2021-05-27;7603;4878;0;414983;192901;0;36.6;17.0;0.0
67;2021-05-28;8305;6380;0;423288;199281;0;37.4;17.6;0.0
67;2021-05-29;6551;3799;0;429839;203080;0;38.0;17.9;0.0
67;2021-05-30;1148;781;0;430987;203861;0;38.1;18.0;0.0
67;2021-05-31;6671;4041;0;437658;207902;0;38.6;18.4;0.0
67;2021-06-01;7536;4388;0;445194;212290;0;39.3;18.7;0.0
67;2021-06-02;8200;4137;0;453394;216427;0;40.0;19.1;0.0
67;2021-06-03;8959;4865;0;462353;221292;0;40.8;19.5;0.0
67;2021-06-04;8585;6071;0;470938;227363;0;41.6;20.1;0.0
67;2021-06-05;6362;3888;0;477300;231251;0;42.1;20.4;0.0
67;2021-06-06;3162;827;0;480462;232078;0;42.4;20.5;0.0
67;2021-06-07;7408;4221;0;487870;236299;0;43.1;20.9;0.0
67;2021-06-08;8529;4921;0;496399;241220;0;43.8;21.3;0.0
67;2021-06-09;9055;4806;0;505454;246026;0;44.6;21.7;0.0
67;2021-06-10;9519;4970;0;514973;250996;0;45.5;22.2;0.0
67;2021-06-11;7948;8229;0;522921;259225;0;46.2;22.9;0.0
67;2021-06-12;6678;5055;0;529599;264280;0;46.8;23.3;0.0
67;2021-06-13;2792;1018;0;532391;265298;0;47.0;23.4;0.0
67;2021-06-14;5426;6349;0;537817;271647;0;47.5;24.0;0.0
67;2021-06-15;6506;6626;0;544323;278273;0;48.1;24.6;0.0
67;2021-06-16;6732;6570;0;551055;284843;0;48.7;25.1;0.0
67;2021-06-17;6981;8872;0;558036;293715;0;49.3;25.9;0.0
67;2021-06-18;7278;8390;0;565314;302105;0;49.9;26.7;0.0
67;2021-06-19;6026;5706;0;571340;307811;0;50.4;27.2;0.0
67;2021-06-20;1303;1328;0;572643;309139;0;50.6;27.3;0.0
67;2021-06-21;4128;6790;0;576771;315929;0;50.9;27.9;0.0
67;2021-06-22;4121;8897;0;580892;324826;0;51.3;28.7;0.0
67;2021-06-23;5095;8152;0;585987;332978;0;51.7;29.4;0.0
67;2021-06-24;4493;8815;0;590480;341793;0;52.1;30.2;0.0
67;2021-06-25;5177;9951;0;595657;351744;0;52.6;31.1;0.0
67;2021-06-26;3306;8918;0;598963;360662;0;52.9;31.8;0.0
67;2021-06-27;955;3417;0;599918;364079;0;53.0;32.1;0.0
67;2021-06-28;2778;8673;0;602696;372752;0;53.2;32.9;0.0
67;2021-06-29;2854;8664;0;605550;381416;0;53.5;33.7;0.0
67;2021-06-30;3277;8759;6;608827;390175;6;53.8;34.4;0.0
67;2021-07-01;3625;8401;0;612452;398576;6;54.1;35.2;0.0
67;2021-07-02;3752;10912;0;616204;409488;6;54.4;36.2;0.0
67;2021-07-03;2846;7602;0;619050;417090;6;54.7;36.8;0.0
67;2021-07-04;705;1794;0;619755;418884;6;54.7;37.0;0.0
67;2021-07-05;2695;8363;0;622450;427247;6;55.0;37.7;0.0
67;2021-07-06;2995;8570;0;625445;435817;6;55.2;38.5;0.0
67;2021-07-07;3880;8648;0;629325;444465;6;55.6;39.2;0.0
67;2021-07-08;4112;7791;0;633437;452256;6;55.9;39.9;0.0
67;2021-07-09;3708;11343;0;637145;463599;6;56.3;40.9;0.0
67;2021-07-10;2712;7996;0;639857;471595;6;56.5;41.6;0.0
67;2021-07-11;870;1891;0;640727;473486;6;56.6;41.8;0.0
67;2021-07-12;2468;9830;0;643195;483316;6;56.8;42.7;0.0
67;2021-07-13;4111;9962;0;647306;493278;6;57.2;43.6;0.0
67;2021-07-14;3431;4326;0;650737;497604;6;57.5;43.9;0.0
67;2021-07-15;5143;12097;0;655880;509701;6;57.9;45.0;0.0
67;2021-07-16;4923;12226;0;660803;521927;6;58.3;46.1;0.0
67;2021-07-17;3639;8604;0;664442;530531;6;58.7;46.8;0.0
67;2021-07-18;1372;2396;0;665814;532927;6;58.8;47.1;0.0
67;2021-07-19;4487;9687;0;670301;542614;6;59.2;47.9;0.0
67;2021-07-20;5705;9705;0;676006;552319;6;59.7;48.8;0.0
67;2021-07-21;5845;10318;0;681851;562637;6;60.2;49.7;0.0
67;2021-07-22;6368;9822;0;688219;572459;6;60.8;50.5;0.0
67;2021-07-23;7268;10990;0;695487;583449;6;61.4;51.5;0.0
67;2021-07-24;5204;7329;0;700691;590778;6;61.9;52.2;0.0
67;2021-07-25;2091;1870;0;702782;592648;6;62.0;52.3;0.0
67;2021-07-26;4976;7241;0;707758;599889;6;62.5;53.0;0.0
67;2021-07-27;6478;7149;0;714236;607038;6;63.1;53.6;0.0
67;2021-07-28;7403;7117;0;721639;614155;6;63.7;54.2;0.0
67;2021-07-29;8055;6312;0;729694;620467;6;64.4;54.8;0.0
67;2021-07-30;8338;7185;1;738032;627652;7;65.2;55.4;0.0
67;2021-07-31;4988;4742;0;743020;632394;7;65.6;55.8;0.0
67;2021-08-01;2237;1345;0;745257;633739;7;65.8;56.0;0.0
67;2021-08-02;6241;5055;0;751498;638794;7;66.4;56.4;0.0
67;2021-08-03;7051;4673;0;758549;643467;7;67.0;56.8;0.0
67;2021-08-04;6637;4576;0;765186;648043;7;67.6;57.2;0.0
67;2021-08-05;5509;4250;0;770695;652293;7;68.0;57.6;0.0
67;2021-08-06;6064;5373;0;776759;657666;7;68.6;58.1;0.0
67;2021-08-07;4331;4103;1;781090;661769;8;69.0;58.4;0.0
67;2021-08-08;1177;1333;0;782267;663102;8;69.1;58.5;0.0
67;2021-08-09;3093;4510;0;785360;667612;8;69.3;58.9;0.0
67;2021-08-10;3140;4775;0;788500;672387;8;69.6;59.4;0.0
67;2021-08-11;3232;4620;1;791732;677007;9;69.9;59.8;0.0
67;2021-08-12;2933;4733;0;794665;681740;9;70.2;60.2;0.0
67;2021-08-13;3137;5374;0;797802;687114;9;70.4;60.7;0.0
67;2021-08-14;2034;4837;0;799836;691951;9;70.6;61.1;0.0
67;2021-08-15;628;1416;0;800464;693367;9;70.7;61.2;0.0
67;2021-08-16;2015;5259;0;802479;698626;9;70.9;61.7;0.0
67;2021-08-17;2057;5296;0;804536;703922;9;71.0;62.2;0.0
67;2021-08-18;2222;6151;0;806758;710073;9;71.2;62.7;0.0
67;2021-08-19;1815;5897;0;808573;715970;9;71.4;63.2;0.0
67;2021-08-20;2220;7209;0;810793;723179;9;71.6;63.9;0.0
67;2021-08-21;1415;5288;0;812208;728467;9;71.7;64.3;0.0
67;2021-08-22;361;1879;0;812569;730346;9;71.7;64.5;0.0
67;2021-08-23;1779;6630;0;814348;736976;9;71.9;65.1;0.0
67;2021-08-24;1862;6452;0;816210;743428;9;72.1;65.6;0.0
67;2021-08-25;1970;6914;0;818180;750342;9;72.2;66.2;0.0
67;2021-08-26;1752;5332;0;819932;755674;9;72.4;66.7;0.0
67;2021-08-27;2058;6799;0;821990;762473;9;72.6;67.3;0.0
67;2021-08-28;1528;5689;0;823518;768162;9;72.7;67.8;0.0
67;2021-08-29;382;1450;0;823900;769612;9;72.7;68.0;0.0
67;2021-08-30;1347;4278;155;825247;773890;164;72.9;68.3;0.0
67;2021-08-31;1318;3786;238;826565;777676;402;73.0;68.7;0.0
67;2021-09-01;1831;3803;483;828396;781479;885;73.1;69.0;0.1
67;2021-09-02;1027;2496;415;829423;783975;1300;73.2;69.2;0.1
67;2021-09-03;1496;3675;518;830919;787650;1818;73.4;69.5;0.2
67;2021-09-04;1387;3543;339;832306;791193;2157;73.5;69.9;0.2
67;2021-09-05;266;764;92;832572;791957;2249;73.5;69.9;0.2
67;2021-09-06;921;1882;418;833493;793839;2667;73.6;70.1;0.2
67;2021-09-07;783;1735;392;834276;795574;3059;73.7;70.2;0.3
67;2021-09-08;1134;2304;520;835410;797878;3579;73.8;70.4;0.3
67;2021-09-09;1067;1713;513;836477;799591;4092;73.9;70.6;0.4
67;2021-09-10;1340;2282;544;837817;801873;4636;74.0;70.8;0.4
67;2021-09-11;1002;2520;364;838819;804393;5000;74.1;71.0;0.4
67;2021-09-12;227;467;95;839046;804860;5095;74.1;71.1;0.4
67;2021-09-13;685;1363;695;839731;806223;5790;74.1;71.2;0.5
67;2021-09-14;927;1358;1007;840658;807581;6797;74.2;71.3;0.6
67;2021-09-15;975;2013;953;841633;809594;7750;74.3;71.5;0.7
67;2021-09-16;722;1234;1022;842355;810828;8772;74.4;71.6;0.8
67;2021-09-17;963;2119;1044;843318;812947;9816;74.5;71.8;0.9
67;2021-09-18;793;2251;397;844111;815198;10213;74.5;72.0;0.9
67;2021-09-19;98;370;97;844209;815568;10310;74.5;72.0;0.9
67;2021-09-20;568;1049;936;844777;816617;11246;74.6;72.1;1.0
67;2021-09-21;465;909;732;845242;817526;11978;74.6;72.2;1.1
67;2021-09-22;600;1804;1105;845842;819330;13083;74.7;72.3;1.2
67;2021-09-23;529;854;848;846371;820184;13931;74.7;72.4;1.2
67;2021-09-24;630;1569;973;847001;821753;14904;74.8;72.6;1.3
67;2021-09-25;592;1730;388;847593;823483;15292;74.8;72.7;1.4
67;2021-09-26;81;284;81;847674;823767;15373;74.8;72.7;1.4
67;2021-09-27;398;814;595;848072;824581;15968;74.9;72.8;1.4
67;2021-09-28;403;763;628;848475;825344;16596;74.9;72.9;1.5
67;2021-09-29;611;1254;1039;849086;826598;17635;75.0;73.0;1.6
67;2021-09-30;395;835;1120;849481;827433;18755;75.0;73.1;1.7
67;2021-10-01;863;1360;1036;850344;828793;19791;75.1;73.2;1.7
67;2021-10-02;602;1225;380;850946;830018;20171;75.1;73.3;1.8
67;2021-10-03;100;202;79;851046;830220;20250;75.1;73.3;1.8
67;2021-10-04;372;584;528;851418;830804;20778;75.2;73.4;1.8
67;2021-10-05;363;671;646;851781;831475;21424;75.2;73.4;1.9
67;2021-10-06;601;1033;997;852382;832508;22421;75.3;73.5;2.0
67;2021-10-07;449;737;911;852831;833245;23332;75.3;73.6;2.1
67;2021-10-08;711;1176;993;853542;834421;24325;75.4;73.7;2.1
67;2021-10-09;502;980;577;854044;835401;24902;75.4;73.8;2.2
67;2021-10-10;71;102;48;854115;835503;24950;75.4;73.8;2.2
67;2021-10-11;400;599;703;854515;836102;25653;75.4;73.8;2.3
67;2021-10-12;372;554;704;854887;836656;26357;75.5;73.9;2.3
67;2021-10-13;536;913;1076;855423;837569;27433;75.5;74.0;2.4
67;2021-10-14;380;625;814;855803;838194;28247;75.6;74.0;2.5
67;2021-10-15;681;971;1438;856484;839165;29685;75.6;74.1;2.6
67;2021-10-16;533;895;741;857017;840060;30426;75.7;74.2;2.7
67;2021-10-17;110;105;63;857127;840165;30489;75.7;74.2;2.7
67;2021-10-18;406;481;859;857533;840646;31348;75.7;74.2;2.8
67;2021-10-19;313;492;801;857846;841138;32149;75.7;74.3;2.8
67;2021-10-20;454;660;1263;858300;841798;33412;75.8;74.3;3.0
67;2021-10-21;316;483;929;858616;842281;34341;75.8;74.4;3.0
67;2021-10-22;568;692;1413;859184;842973;35754;75.9;74.4;3.2
67;2021-10-23;502;714;1114;859686;843687;36868;75.9;74.5;3.3
67;2021-10-24;56;116;99;859742;843803;36967;75.9;74.5;3.3
67;2021-10-25;324;411;929;860066;844214;37896;75.9;74.5;3.3
67;2021-10-26;260;333;971;860326;844547;38867;76.0;74.6;3.4
67;2021-10-27;393;543;1502;860719;845090;40369;76.0;74.6;3.6
67;2021-10-28;323;408;1102;861042;845498;41471;76.0;74.7;3.7
67;2021-10-29;486;573;1854;861528;846071;43325;76.1;74.7;3.8
67;2021-10-30;366;491;1243;861894;846562;44568;76.1;74.7;3.9
67;2021-10-31;66;89;100;861960;846651;44668;76.1;74.8;3.9
67;2021-11-01;84;56;81;862044;846707;44749;76.1;74.8;4.0
67;2021-11-02;256;345;1058;862300;847052;45807;76.1;74.8;4.0
67;2021-11-03;391;626;1765;862691;847678;47572;76.2;74.8;4.2
67;2021-11-04;302;408;1376;862993;848086;48948;76.2;74.9;4.3
67;2021-11-05;573;689;2635;863566;848775;51583;76.2;74.9;4.6
67;2021-11-06;363;593;1647;863929;849368;53230;76.3;75.0;4.7
67;2021-11-07;41;117;142;863970;849485;53372;76.3;75.0;4.7
67;2021-11-08;247;478;1967;864217;849963;55339;76.3;75.0;4.9
67;2021-11-09;249;367;1993;864466;850330;57332;76.3;75.1;5.1
67;2021-11-10;395;547;2789;864861;850877;60121;76.4;75.1;5.3
67;2021-11-11;46;71;298;864907;850948;60419;76.4;75.1;5.3
67;2021-11-12;427;598;3389;865334;851546;63808;76.4;75.2;5.6
67;2021-11-13;391;552;2179;865725;852098;65987;76.4;75.2;5.8
67;2021-11-14;44;57;205;865769;852155;66192;76.4;75.2;5.8
67;2021-11-15;277;370;2756;866046;852525;68948;76.5;75.3;6.1
67;2021-11-16;340;350;2755;866386;852875;71703;76.5;75.3;6.3
67;2021-11-17;410;480;3593;866796;853355;75296;76.5;75.3;6.6
67;2021-11-18;384;413;3523;867180;853768;78819;76.6;75.4;7.0
67;2021-11-19;559;696;4871;867739;854464;83690;76.6;75.4;7.4
67;2021-11-20;353;534;2778;868092;854998;86468;76.6;75.5;7.6
67;2021-11-21;31;82;232;868123;855080;86700;76.6;75.5;7.7
67;2021-11-22;391;309;3364;868514;855389;90064;76.7;75.5;8.0
67;2021-11-23;397;337;3701;868911;855726;93765;76.7;75.6;8.3
67;2021-11-24;533;515;4148;869444;856241;97913;76.8;75.6;8.6
67;2021-11-25;406;380;4382;869850;856621;102295;76.8;75.6;9.0
67;2021-11-26;602;594;7392;870452;857215;109687;76.9;75.7;9.7
67;2021-11-27;381;455;4803;870833;857670;114490;76.9;75.7;10.1
67;2021-11-28;48;75;943;870881;857745;115433;76.9;75.7;10.2
67;2021-11-29;329;310;5633;871210;858055;121066;76.9;75.8;10.7
67;2021-11-30;390;373;6777;871600;858428;127843;77.0;75.8;11.3
67;2021-12-01;348;428;7267;871948;858856;135110;77.0;75.8;11.9
67;2021-12-02;242;274;8059;872190;859130;143169;77.0;75.9;12.6
67;2021-12-03;327;512;10592;872517;859642;153761;77.0;75.9;13.6
67;2021-12-04;308;410;8004;872825;860052;161765;77.1;75.9;14.3
67;2021-12-05;49;111;1566;872874;860163;163331;77.1;75.9;14.4
67;2021-12-06;239;303;9076;873113;860466;172407;77.1;76.0;15.2
67;2021-12-07;333;394;11703;873446;860860;184110;77.1;76.0;16.3
67;2021-12-08;349;477;10937;873795;861337;195047;77.1;76.0;17.2
67;2021-12-09;312;378;11481;874107;861715;206528;77.2;76.1;18.2
67;2021-12-10;461;578;14476;874568;862293;221004;77.2;76.1;19.5
67;2021-12-11;415;482;10783;874983;862775;231787;77.3;76.2;20.5
67;2021-12-12;95;90;2682;875078;862865;234469;77.3;76.2;20.7
67;2021-12-13;227;417;11667;875305;863282;246136;77.3;76.2;21.7
67;2021-12-14;387;477;14195;875692;863759;260331;77.3;76.3;23.0
67;2021-12-15;376;594;13853;876068;864353;274184;77.3;76.3;24.2
68;2020-12-27;0;0;0;0;0;0;0.0;0.0;0.0
68;2020-12-28;1;0;0;1;0;0;0.0;0.0;0.0
68;2020-12-29;0;0;0;1;0;0;0.0;0.0;0.0
68;2020-12-30;2;0;0;3;0;0;0.0;0.0;0.0
68;2020-12-31;0;0;0;3;0;0;0.0;0.0;0.0
68;2021-01-01;0;0;0;3;0;0;0.0;0.0;0.0
68;2021-01-02;0;0;0;3;0;0;0.0;0.0;0.0
68;2021-01-03;0;0;0;3;0;0;0.0;0.0;0.0
68;2021-01-04;1;0;0;4;0;0;0.0;0.0;0.0
68;2021-01-05;11;0;0;15;0;0;0.0;0.0;0.0
68;2021-01-06;223;1;0;238;1;0;0.0;0.0;0.0
68;2021-01-07;85;1;0;323;2;0;0.0;0.0;0.0
68;2021-01-08;137;1;0;460;3;0;0.1;0.0;0.0
68;2021-01-09;25;1;0;485;4;0;0.1;0.0;0.0
68;2021-01-10;0;0;0;485;4;0;0.1;0.0;0.0
68;2021-01-11;94;0;0;579;4;0;0.1;0.0;0.0
68;2021-01-12;378;1;0;957;5;0;0.1;0.0;0.0
68;2021-01-13;703;3;0;1660;8;0;0.2;0.0;0.0
68;2021-01-14;383;2;0;2043;10;0;0.3;0.0;0.0
68;2021-01-15;225;1;0;2268;11;0;0.3;0.0;0.0
68;2021-01-16;4;0;0;2272;11;0;0.3;0.0;0.0
68;2021-01-17;1;0;0;2273;11;0;0.3;0.0;0.0
68;2021-01-18;387;4;0;2660;15;0;0.3;0.0;0.0
68;2021-01-19;600;5;0;3260;20;0;0.4;0.0;0.0
68;2021-01-20;748;10;0;4008;30;0;0.5;0.0;0.0
68;2021-01-21;1400;13;0;5408;43;0;0.7;0.0;0.0
68;2021-01-22;1480;14;0;6888;57;0;0.9;0.0;0.0
68;2021-01-23;255;3;0;7143;60;0;0.9;0.0;0.0
68;2021-01-24;671;2;0;7814;62;0;1.0;0.0;0.0
68;2021-01-25;1342;44;0;9156;106;0;1.2;0.0;0.0
68;2021-01-26;1492;76;0;10648;182;0;1.4;0.0;0.0
68;2021-01-27;2679;148;0;13327;330;0;1.7;0.0;0.0
68;2021-01-28;2315;59;0;15642;389;0;2.0;0.1;0.0
68;2021-01-29;1509;137;0;17151;526;0;2.2;0.1;0.0
68;2021-01-30;177;6;0;17328;532;0;2.3;0.1;0.0
68;2021-01-31;7;0;0;17335;532;0;2.3;0.1;0.0
68;2021-02-01;759;122;0;18094;654;0;2.4;0.1;0.0
68;2021-02-02;889;299;0;18983;953;0;2.5;0.1;0.0
68;2021-02-03;992;612;0;19975;1565;0;2.6;0.2;0.0
68;2021-02-04;1010;326;0;20985;1891;0;2.7;0.2;0.0
68;2021-02-05;961;235;0;21946;2126;0;2.9;0.3;0.0
68;2021-02-06;150;7;0;22096;2133;0;2.9;0.3;0.0
68;2021-02-07;3;17;0;22099;2150;0;2.9;0.3;0.0
68;2021-02-08;868;42;0;22967;2192;0;3.0;0.3;0.0
68;2021-02-09;1278;67;0;24245;2259;0;3.2;0.3;0.0
68;2021-02-10;1389;76;0;25634;2335;0;3.4;0.3;0.0
68;2021-02-11;1459;457;0;27093;2792;0;3.5;0.4;0.0
68;2021-02-12;1510;444;0;28603;3236;0;3.7;0.4;0.0
68;2021-02-13;141;6;0;28744;3242;0;3.8;0.4;0.0
68;2021-02-14;61;229;0;28805;3471;0;3.8;0.5;0.0
68;2021-02-15;619;1054;0;29424;4525;0;3.9;0.6;0.0
68;2021-02-16;829;1340;0;30253;5865;0;4.0;0.8;0.0
68;2021-02-17;1209;2062;0;31462;7927;0;4.1;1.0;0.0
68;2021-02-18;1606;2023;0;33068;9950;0;4.3;1.3;0.0
68;2021-02-19;970;1358;0;34038;11308;0;4.5;1.5;0.0
68;2021-02-20;108;165;0;34146;11473;0;4.5;1.5;0.0
68;2021-02-21;1;48;0;34147;11521;0;4.5;1.5;0.0
68;2021-02-22;445;799;0;34592;12320;0;4.5;1.6;0.0
68;2021-02-23;614;1035;0;35206;13355;0;4.6;1.7;0.0
68;2021-02-24;801;1151;0;36007;14506;0;4.7;1.9;0.0
68;2021-02-25;1177;1250;0;37184;15756;0;4.9;2.1;0.0
68;2021-02-26;1150;1002;0;38334;16758;0;5.0;2.2;0.0
68;2021-02-27;547;188;0;38881;16946;0;5.1;2.2;0.0
68;2021-02-28;12;1;0;38893;16947;0;5.1;2.2;0.0
68;2021-03-01;920;775;0;39813;17722;0;5.2;2.3;0.0
68;2021-03-02;1161;924;0;40974;18646;0;5.4;2.4;0.0
68;2021-03-03;1489;986;0;42463;19632;0;5.6;2.6;0.0
68;2021-03-04;1892;1038;0;44355;20670;0;5.8;2.7;0.0
68;2021-03-05;2264;1029;0;46619;21699;0;6.1;2.8;0.0
68;2021-03-06;2200;266;0;48819;21965;0;6.4;2.9;0.0
68;2021-03-07;817;103;0;49636;22068;0;6.5;2.9;0.0
68;2021-03-08;1383;942;0;51019;23010;0;6.7;3.0;0.0
68;2021-03-09;1649;1265;0;52668;24275;0;6.9;3.2;0.0
68;2021-03-10;1884;1746;0;54552;26021;0;7.1;3.4;0.0
68;2021-03-11;2548;1871;0;57100;27892;0;7.5;3.7;0.0
68;2021-03-12;2565;1373;0;59665;29265;0;7.8;3.8;0.0
68;2021-03-13;3274;276;0;62939;29541;0;8.2;3.9;0.0
68;2021-03-14;1405;63;0;64344;29604;0;8.4;3.9;0.0
68;2021-03-15;1630;602;0;65974;30206;0;8.6;4.0;0.0
68;2021-03-16;1862;573;0;67836;30779;0;8.9;4.0;0.0
68;2021-03-17;1803;695;0;69639;31474;0;9.1;4.1;0.0
68;2021-03-18;2043;905;0;71682;32379;0;9.4;4.2;0.0
68;2021-03-19;2899;714;0;74581;33093;0;9.8;4.3;0.0
68;2021-03-20;974;132;0;75555;33225;0;9.9;4.4;0.0
68;2021-03-21;75;2;0;75630;33227;0;9.9;4.4;0.0
68;2021-03-22;1874;568;0;77504;33795;0;10.2;4.4;0.0
68;2021-03-23;2751;583;0;80255;34378;0;10.5;4.5;0.0
68;2021-03-24;3115;755;0;83370;35133;0;10.9;4.6;0.0
68;2021-03-25;3389;765;0;86759;35898;0;11.4;4.7;0.0
68;2021-03-26;3919;709;0;90678;36607;0;11.9;4.8;0.0
68;2021-03-27;1183;175;0;91861;36782;0;12.0;4.8;0.0
68;2021-03-28;60;5;0;91921;36787;0;12.0;4.8;0.0
68;2021-03-29;2239;1292;0;94160;38079;0;12.3;5.0;0.0
68;2021-03-30;2929;1204;0;97089;39283;0;12.7;5.1;0.0
68;2021-03-31;2682;1254;0;99771;40537;0;13.1;5.3;0.0
68;2021-04-01;2778;1445;0;102549;41982;0;13.4;5.5;0.0
68;2021-04-02;321;101;0;102870;42083;0;13.5;5.5;0.0
68;2021-04-03;304;128;0;103174;42211;0;13.5;5.5;0.0
68;2021-04-04;22;2;0;103196;42213;0;13.5;5.5;0.0
68;2021-04-05;66;5;0;103262;42218;0;13.5;5.5;0.0
68;2021-04-06;1766;1226;0;105028;43444;0;13.8;5.7;0.0
68;2021-04-07;2584;1420;0;107612;44864;0;14.1;5.9;0.0
68;2021-04-08;3265;1431;0;110877;46295;0;14.5;6.1;0.0
68;2021-04-09;4177;1473;0;115054;47768;0;15.1;6.3;0.0
68;2021-04-10;1300;1869;0;116354;49637;0;15.2;6.5;0.0
68;2021-04-11;127;1181;0;116481;50818;0;15.3;6.7;0.0
68;2021-04-12;2657;1521;0;119138;52339;0;15.6;6.9;0.0
68;2021-04-13;2737;1966;0;121875;54305;0;16.0;7.1;0.0
68;2021-04-14;3524;2137;0;125399;56442;0;16.4;7.4;0.0
68;2021-04-15;4011;1999;0;129410;58441;0;17.0;7.7;0.0
68;2021-04-16;3890;1957;0;133300;60398;0;17.5;7.9;0.0
68;2021-04-17;1176;451;0;134476;60849;0;17.6;8.0;0.0
68;2021-04-18;115;17;0;134591;60866;0;17.6;8.0;0.0
68;2021-04-19;2307;1761;0;136898;62627;0;17.9;8.2;0.0
68;2021-04-20;2365;2225;0;139263;64852;0;18.2;8.5;0.0
68;2021-04-21;2768;2402;0;142031;67254;0;18.6;8.8;0.0
68;2021-04-22;3181;1946;0;145212;69200;0;19.0;9.1;0.0
68;2021-04-23;3288;2044;0;148500;71244;0;19.5;9.3;0.0
68;2021-04-24;859;542;0;149359;71786;0;19.6;9.4;0.0
68;2021-04-25;214;22;0;149573;71808;0;19.6;9.4;0.0
68;2021-04-26;2257;2100;0;151830;73908;0;19.9;9.7;0.0
68;2021-04-27;2532;2199;0;154362;76107;0;20.2;10.0;0.0
68;2021-04-28;3419;1817;0;157781;77924;0;20.7;10.2;0.0
68;2021-04-29;4007;1753;0;161788;79677;0;21.2;10.4;0.0
68;2021-04-30;4638;1405;0;166426;81082;0;21.8;10.6;0.0
68;2021-05-01;981;130;0;167407;81212;0;21.9;10.6;0.0
68;2021-05-02;733;77;0;168140;81289;0;22.0;10.7;0.0
68;2021-05-03;3503;1754;0;171643;83043;0;22.5;10.9;0.0
68;2021-05-04;3803;2314;0;175446;85357;0;23.0;11.2;0.0
68;2021-05-05;3569;3190;0;179015;88547;0;23.5;11.6;0.0
68;2021-05-06;4664;2882;0;183679;91429;0;24.1;12.0;0.0
68;2021-05-07;4354;2949;0;188033;94378;0;24.6;12.4;0.0
68;2021-05-08;1666;252;0;189699;94630;0;24.9;12.4;0.0
68;2021-05-09;1067;114;0;190766;94744;0;25.0;12.4;0.0
68;2021-05-10;2963;3674;0;193729;98418;0;25.4;12.9;0.0
68;2021-05-11;4531;3569;0;198260;101987;0;26.0;13.4;0.0
68;2021-05-12;5574;3251;0;203834;105238;0;26.7;13.8;0.0
68;2021-05-13;4546;883;0;208380;106121;0;27.3;13.9;0.0
68;2021-05-14;5613;2172;0;213993;108293;0;28.0;14.2;0.0
68;2021-05-15;3508;980;0;217501;109273;0;28.5;14.3;0.0
68;2021-05-16;775;148;0;218276;109421;0;28.6;14.3;0.0
68;2021-05-17;4295;2428;0;222571;111849;0;29.2;14.7;0.0
68;2021-05-18;6019;2308;0;228590;114157;0;30.0;15.0;0.0
68;2021-05-19;5710;2794;0;234300;116951;0;30.7;15.3;0.0
68;2021-05-20;5896;2416;0;240196;119367;0;31.5;15.6;0.0
68;2021-05-21;5707;2871;0;245903;122238;0;32.2;16.0;0.0
68;2021-05-22;2673;966;0;248576;123204;0;32.6;16.1;0.0
68;2021-05-23;140;25;0;248716;123229;0;32.6;16.1;0.0
68;2021-05-24;2209;943;0;250925;124172;0;32.9;16.3;0.0
68;2021-05-25;4187;3307;0;255112;127479;0;33.4;16.7;0.0
68;2021-05-26;4789;3288;0;259901;130767;0;34.1;17.1;0.0
68;2021-05-27;5322;3331;0;265223;134098;0;34.8;17.6;0.0
68;2021-05-28;5407;3718;0;270630;137816;0;35.5;18.1;0.0
68;2021-05-29;1623;1197;0;272253;139013;0;35.7;18.2;0.0
68;2021-05-30;82;65;0;272335;139078;0;35.7;18.2;0.0
68;2021-05-31;4920;2299;0;277255;141377;0;36.3;18.5;0.0
68;2021-06-01;5729;2737;0;282984;144114;0;37.1;18.9;0.0
68;2021-06-02;4832;2961;0;287816;147075;0;37.7;19.3;0.0
68;2021-06-03;5688;3036;0;293504;150111;0;38.5;19.7;0.0
68;2021-06-04;4937;3263;0;298441;153374;0;39.1;20.1;0.0
68;2021-06-05;933;1222;0;299374;154596;0;39.2;20.3;0.0
68;2021-06-06;145;125;0;299519;154721;0;39.2;20.3;0.0
68;2021-06-07;4543;2932;0;304062;157653;0;39.8;20.7;0.0
68;2021-06-08;4676;3441;0;308738;161094;0;40.5;21.1;0.0
68;2021-06-09;4828;3300;0;313566;164394;0;41.1;21.5;0.0
68;2021-06-10;4938;3097;0;318504;167491;0;41.7;21.9;0.0
68;2021-06-11;4893;4033;0;323397;171524;0;42.4;22.5;0.0
68;2021-06-12;2970;1777;0;326367;173301;0;42.8;22.7;0.0
68;2021-06-13;585;677;0;326952;173978;0;42.8;22.8;0.0
68;2021-06-14;2428;4280;0;329380;178258;0;43.2;23.4;0.0
68;2021-06-15;2988;4689;0;332368;182947;0;43.5;24.0;0.0
68;2021-06-16;3303;4404;0;335671;187351;0;44.0;24.5;0.0
68;2021-06-17;2371;4388;0;338042;191739;0;44.3;25.1;0.0
68;2021-06-18;3284;5092;0;341326;196831;0;44.7;25.8;0.0
68;2021-06-19;2248;2196;0;343574;199027;0;45.0;26.1;0.0
68;2021-06-20;272;887;0;343846;199914;0;45.1;26.2;0.0
68;2021-06-21;1962;4961;0;345808;204875;0;45.3;26.8;0.0
68;2021-06-22;1857;5104;0;347665;209979;0;45.6;27.5;0.0
68;2021-06-23;2231;5635;0;349896;215614;0;45.8;28.3;0.0
68;2021-06-24;2087;4744;0;351983;220358;0;46.1;28.9;0.0
68;2021-06-25;2196;6382;0;354179;226740;0;46.4;29.7;0.0
68;2021-06-26;1262;2634;0;355441;229374;0;46.6;30.1;0.0
68;2021-06-27;169;855;0;355610;230229;0;46.6;30.2;0.0
68;2021-06-28;1524;6233;0;357134;236462;0;46.8;31.0;0.0
68;2021-06-29;1491;6450;0;358625;242912;0;47.0;31.8;0.0
68;2021-06-30;1772;6418;0;360397;249330;0;47.2;32.7;0.0
68;2021-07-01;2107;5260;0;362504;254590;0;47.5;33.4;0.0
68;2021-07-02;2175;6376;0;364679;260966;0;47.8;34.2;0.0
68;2021-07-03;1029;2020;0;365708;262986;0;47.9;34.5;0.0
68;2021-07-04;241;230;0;365949;263216;0;47.9;34.5;0.0
68;2021-07-05;1409;5227;0;367358;268443;0;48.1;35.2;0.0
68;2021-07-06;1965;5672;0;369323;274115;0;48.4;35.9;0.0
68;2021-07-07;2372;4970;0;371695;279085;0;48.7;36.6;0.0
68;2021-07-08;2390;4651;0;374085;283736;0;49.0;37.2;0.0
68;2021-07-09;2062;7104;0;376147;290840;0;49.3;38.1;0.0
68;2021-07-10;1023;2072;0;377170;292912;0;49.4;38.4;0.0
68;2021-07-11;155;204;0;377325;293116;0;49.4;38.4;0.0
68;2021-07-12;1613;6470;0;378938;299586;0;49.7;39.3;0.0
68;2021-07-13;2778;6321;0;381716;305907;0;50.0;40.1;0.0
68;2021-07-14;1779;1091;0;383495;306998;0;50.2;40.2;0.0
68;2021-07-15;3182;6501;0;386677;313499;0;50.7;41.1;0.0
68;2021-07-16;3816;6667;0;390493;320166;0;51.2;42.0;0.0
68;2021-07-17;3350;2402;0;393843;322568;0;51.6;42.3;0.0
68;2021-07-18;1016;301;0;394859;322869;0;51.7;42.3;0.0
68;2021-07-19;3180;5899;0;398039;328768;0;52.2;43.1;0.0
68;2021-07-20;4216;5468;0;402255;334236;0;52.7;43.8;0.0
68;2021-07-21;4398;5666;0;406653;339902;0;53.3;44.5;0.0
68;2021-07-22;4182;4701;0;410835;344603;0;53.8;45.2;0.0
68;2021-07-23;5008;5683;0;415843;350286;0;54.5;45.9;0.0
68;2021-07-24;3294;2154;0;419137;352440;0;54.9;46.2;0.0
68;2021-07-25;842;552;0;419979;352992;0;55.0;46.3;0.0
68;2021-07-26;4743;4260;0;424722;357252;0;55.6;46.8;0.0
68;2021-07-27;6127;3649;0;430849;360901;0;56.5;47.3;0.0
68;2021-07-28;6592;3716;0;437441;364617;0;57.3;47.8;0.0
68;2021-07-29;6185;3337;0;443626;367954;0;58.1;48.2;0.0
68;2021-07-30;6196;4246;0;449822;372200;0;58.9;48.8;0.0
68;2021-07-31;3791;1463;0;453613;373663;0;59.4;49.0;0.0
68;2021-08-01;1560;499;0;455173;374162;0;59.6;49.0;0.0
68;2021-08-02;4579;3076;0;459752;377238;0;60.2;49.4;0.0
68;2021-08-03;3563;2461;0;463315;379699;0;60.7;49.8;0.0
68;2021-08-04;3158;2680;1;466473;382379;1;61.1;50.1;0.0
68;2021-08-05;2805;2648;0;469278;385027;1;61.5;50.4;0.0
68;2021-08-06;3972;4163;0;473250;389190;1;62.0;51.0;0.0
68;2021-08-07;1351;1404;0;474601;390594;1;62.2;51.2;0.0
68;2021-08-08;388;819;0;474989;391413;1;62.2;51.3;0.0
68;2021-08-09;2478;3608;0;477467;395021;1;62.6;51.8;0.0
68;2021-08-10;2210;2962;0;479677;397983;1;62.9;52.1;0.0
68;2021-08-11;1912;2912;0;481589;400895;1;63.1;52.5;0.0
68;2021-08-12;1788;2827;0;483377;403722;1;63.3;52.9;0.0
68;2021-08-13;2608;4633;0;485985;408355;1;63.7;53.5;0.0
68;2021-08-14;753;1558;0;486738;409913;1;63.8;53.7;0.0
68;2021-08-15;64;468;0;486802;410381;1;63.8;53.8;0.0
68;2021-08-16;1901;4935;0;488703;415316;1;64.0;54.4;0.0
68;2021-08-17;1741;4710;1;490444;420026;2;64.3;55.0;0.0
68;2021-08-18;1247;3789;0;491691;423815;2;64.4;55.5;0.0
68;2021-08-19;1337;3785;0;493028;427600;2;64.6;56.0;0.0
68;2021-08-20;2159;6030;1;495187;433630;3;64.9;56.8;0.0
68;2021-08-21;549;1495;0;495736;435125;3;65.0;57.0;0.0
68;2021-08-22;127;489;0;495863;435614;3;65.0;57.1;0.0
68;2021-08-23;1188;5297;0;497051;440911;3;65.1;57.8;0.0
68;2021-08-24;1353;5730;0;498404;446641;3;65.3;58.5;0.0
68;2021-08-25;1580;3767;0;499984;450408;3;65.5;59.0;0.0
68;2021-08-26;1916;4424;0;501900;454832;3;65.8;59.6;0.0
68;2021-08-27;1780;6143;1;503680;460975;4;66.0;60.4;0.0
68;2021-08-28;448;1245;0;504128;462220;4;66.1;60.6;0.0
68;2021-08-29;47;433;0;504175;462653;4;66.1;60.6;0.0
68;2021-08-30;1288;4300;37;505463;466953;41;66.2;61.2;0.0
68;2021-08-31;1253;3921;127;506716;470874;168;66.4;61.7;0.0
68;2021-09-01;1010;2175;136;507726;473049;304;66.5;62.0;0.0
68;2021-09-02;918;1771;224;508644;474820;528;66.6;62.2;0.1
68;2021-09-03;1313;4174;296;509957;478994;824;66.8;62.8;0.1
68;2021-09-04;550;951;86;510507;479945;910;66.9;62.9;0.1
68;2021-09-05;202;142;58;510709;480087;968;66.9;62.9;0.1
68;2021-09-06;718;2031;248;511427;482118;1216;67.0;63.2;0.2
68;2021-09-07;627;1268;191;512054;483386;1407;67.1;63.3;0.2
68;2021-09-08;652;1383;159;512706;484769;1566;67.2;63.5;0.2
68;2021-09-09;911;1263;332;513617;486032;1898;67.3;63.7;0.2
68;2021-09-10;1479;2954;331;515096;488986;2229;67.5;64.1;0.3
68;2021-09-11;475;696;56;515571;489682;2285;67.6;64.2;0.3
68;2021-09-12;75;76;10;515646;489758;2295;67.6;64.2;0.3
68;2021-09-13;828;1217;225;516474;490975;2520;67.7;64.3;0.3
68;2021-09-14;975;1311;532;517449;492286;3052;67.8;64.5;0.4
68;2021-09-15;724;1570;555;518173;493856;3607;67.9;64.7;0.5
68;2021-09-16;629;1043;481;518802;494899;4088;68.0;64.8;0.5
68;2021-09-17;984;2260;582;519786;497159;4670;68.1;65.1;0.6
68;2021-09-18;454;797;188;520240;497956;4858;68.2;65.2;0.6
68;2021-09-19;23;74;19;520263;498030;4877;68.2;65.3;0.6
68;2021-09-20;559;956;321;520822;498986;5198;68.2;65.4;0.7
68;2021-09-21;591;1257;756;521413;500243;5954;68.3;65.5;0.8
68;2021-09-22;621;1171;629;522034;501414;6583;68.4;65.7;0.9
68;2021-09-23;355;694;697;522389;502108;7280;68.4;65.8;1.0
68;2021-09-24;638;1524;799;523027;503632;8079;68.5;66.0;1.1
68;2021-09-25;300;697;176;523327;504329;8255;68.6;66.1;1.1
68;2021-09-26;32;57;12;523359;504386;8267;68.6;66.1;1.1
68;2021-09-27;346;676;515;523705;505062;8782;68.6;66.2;1.2
68;2021-09-28;346;548;522;524051;505610;9304;68.7;66.2;1.2
68;2021-09-29;562;859;888;524613;506469;10192;68.7;66.4;1.3
68;2021-09-30;403;763;671;525016;507232;10863;68.8;66.5;1.4
68;2021-10-01;883;1540;702;525899;508772;11565;68.9;66.7;1.5
68;2021-10-02;333;583;203;526232;509355;11768;69.0;66.7;1.5
68;2021-10-03;61;99;15;526293;509454;11783;69.0;66.8;1.5
68;2021-10-04;334;451;440;526627;509905;12223;69.0;66.8;1.6
68;2021-10-05;360;593;507;526987;510498;12730;69.0;66.9;1.7
68;2021-10-06;418;865;563;527405;511363;13293;69.1;67.0;1.7
68;2021-10-07;391;591;665;527796;511954;13958;69.2;67.1;1.8
68;2021-10-08;1052;1587;1169;528848;513541;15127;69.3;67.3;2.0
68;2021-10-09;315;621;298;529163;514162;15425;69.3;67.4;2.0
68;2021-10-10;39;51;45;529202;514213;15470;69.3;67.4;2.0
68;2021-10-11;320;472;418;529522;514685;15888;69.4;67.4;2.1
68;2021-10-12;268;493;511;529790;515178;16399;69.4;67.5;2.1
68;2021-10-13;506;642;661;530296;515820;17060;69.5;67.6;2.2
68;2021-10-14;405;625;792;530701;516445;17852;69.5;67.7;2.3
68;2021-10-15;701;945;1292;531402;517390;19144;69.6;67.8;2.5
68;2021-10-16;229;392;320;531631;517782;19464;69.7;67.8;2.6
68;2021-10-17;29;33;34;531660;517815;19498;69.7;67.8;2.6
68;2021-10-18;262;355;435;531922;518170;19933;69.7;67.9;2.6
68;2021-10-19;278;440;415;532200;518610;20348;69.7;68.0;2.7
68;2021-10-20;441;526;986;532641;519136;21334;69.8;68.0;2.8
68;2021-10-21;367;554;896;533008;519690;22230;69.8;68.1;2.9
68;2021-10-22;582;773;1353;533590;520463;23583;69.9;68.2;3.1
68;2021-10-23;204;354;444;533794;520817;24027;69.9;68.2;3.1
68;2021-10-24;25;49;22;533819;520866;24049;69.9;68.2;3.2
68;2021-10-25;196;267;476;534015;521133;24525;70.0;68.3;3.2
68;2021-10-26;189;286;519;534204;521419;25044;70.0;68.3;3.3
68;2021-10-27;341;418;1058;534545;521837;26102;70.0;68.4;3.4
68;2021-10-28;309;411;1057;534854;522248;27159;70.1;68.4;3.6
68;2021-10-29;452;615;1554;535306;522863;28713;70.1;68.5;3.8
68;2021-10-30;178;310;493;535484;523173;29206;70.2;68.5;3.8
68;2021-10-31;14;42;47;535498;523215;29253;70.2;68.6;3.8
68;2021-11-01;191;35;20;535689;523250;29273;70.2;68.6;3.8
68;2021-11-02;184;360;746;535873;523610;30019;70.2;68.6;3.9
68;2021-11-03;309;495;885;536182;524105;30904;70.3;68.7;4.0
68;2021-11-04;305;365;1305;536487;524470;32209;70.3;68.7;4.2
68;2021-11-05;501;757;2203;536988;525227;34412;70.4;68.8;4.5
68;2021-11-06;177;312;644;537165;525539;35056;70.4;68.9;4.6
68;2021-11-07;22;74;34;537187;525613;35090;70.4;68.9;4.6
68;2021-11-08;198;297;1195;537385;525910;36285;70.4;68.9;4.8
68;2021-11-09;186;340;1326;537571;526250;37611;70.4;69.0;4.9
68;2021-11-10;325;523;2307;537896;526773;39918;70.5;69.0;5.2
68;2021-11-11;6;40;25;537902;526813;39943;70.5;69.0;5.2
68;2021-11-12;347;704;3140;538249;527517;43083;70.5;69.1;5.6
68;2021-11-13;173;273;1042;538422;527790;44125;70.5;69.2;5.8
68;2021-11-14;28;58;83;538450;527848;44208;70.6;69.2;5.8
68;2021-11-15;255;288;2262;538705;528136;46470;70.6;69.2;6.1
68;2021-11-16;382;332;2787;539087;528468;49257;70.6;69.2;6.5
68;2021-11-17;313;388;2737;539400;528856;51994;70.7;69.3;6.8
68;2021-11-18;234;349;2214;539634;529205;54208;70.7;69.3;7.1
68;2021-11-19;379;533;3498;540013;529738;57706;70.8;69.4;7.6
68;2021-11-20;181;275;1202;540194;530013;58908;70.8;69.4;7.7
68;2021-11-21;3;46;48;540197;530059;58956;70.8;69.5;7.7
68;2021-11-22;328;249;2262;540525;530308;61218;70.8;69.5;8.0
68;2021-11-23;417;287;3182;540942;530595;64400;70.9;69.5;8.4
68;2021-11-24;343;319;3023;541285;530914;67423;70.9;69.6;8.8
68;2021-11-25;307;340;3614;541592;531254;71037;71.0;69.6;9.3
68;2021-11-26;477;549;5611;542069;531803;76648;71.0;69.7;10.0
68;2021-11-27;200;328;2193;542269;532131;78841;71.1;69.7;10.3
68;2021-11-28;25;45;459;542294;532176;79300;71.1;69.7;10.4
68;2021-11-29;229;273;4076;542523;532449;83376;71.1;69.8;10.9
68;2021-11-30;321;285;5679;542844;532734;89055;71.1;69.8;11.7
68;2021-12-01;211;343;5497;543055;533077;94552;71.2;69.8;12.4
68;2021-12-02;224;243;7530;543279;533320;102082;71.2;69.9;13.4
68;2021-12-03;277;460;8358;543556;533780;110440;71.2;69.9;14.5
68;2021-12-04;175;286;3237;543731;534066;113677;71.2;70.0;14.9
68;2021-12-05;27;90;922;543758;534156;114599;71.2;70.0;15.0
68;2021-12-06;215;334;6214;543973;534490;120813;71.3;70.0;15.8
68;2021-12-07;236;320;7313;544209;534810;128126;71.3;70.1;16.8
68;2021-12-08;269;466;6717;544478;535276;134843;71.3;70.1;17.7
68;2021-12-09;257;339;8158;544735;535615;143001;71.4;70.2;18.7
68;2021-12-10;316;456;8788;545051;536071;151789;71.4;70.2;19.9
68;2021-12-11;209;268;3869;545260;536339;155658;71.4;70.3;20.4
68;2021-12-12;50;94;1109;545310;536433;156767;71.5;70.3;20.5
68;2021-12-13;246;347;6641;545556;536780;163408;71.5;70.3;21.4
68;2021-12-14;233;426;7685;545789;537206;171093;71.5;70.4;22.4
68;2021-12-15;259;508;7834;546048;537714;178927;71.5;70.5;23.4
69;2020-12-27;2;0;0;2;0;0;0.0;0.0;0.0
69;2020-12-28;10;1;0;12;1;0;0.0;0.0;0.0
69;2020-12-29;6;0;0;18;1;0;0.0;0.0;0.0
69;2020-12-30;6;1;0;24;2;0;0.0;0.0;0.0
69;2020-12-31;13;3;0;37;5;0;0.0;0.0;0.0
69;2021-01-01;2;0;0;39;5;0;0.0;0.0;0.0
69;2021-01-02;3;0;0;42;5;0;0.0;0.0;0.0
69;2021-01-03;4;2;0;46;7;0;0.0;0.0;0.0
69;2021-01-04;16;0;0;62;7;0;0.0;0.0;0.0
69;2021-01-05;198;7;0;260;14;0;0.0;0.0;0.0
69;2021-01-06;468;6;0;728;20;0;0.0;0.0;0.0
69;2021-01-07;736;5;0;1464;25;0;0.1;0.0;0.0
69;2021-01-08;750;1;0;2214;26;0;0.1;0.0;0.0
69;2021-01-09;47;3;0;2261;29;0;0.1;0.0;0.0
69;2021-01-10;3;1;0;2264;30;0;0.1;0.0;0.0
69;2021-01-11;1020;3;0;3284;33;0;0.2;0.0;0.0
69;2021-01-12;1282;9;0;4566;42;0;0.2;0.0;0.0
69;2021-01-13;1261;3;0;5827;45;0;0.3;0.0;0.0
69;2021-01-14;2121;23;0;7948;68;0;0.4;0.0;0.0
69;2021-01-15;1734;8;0;9682;76;0;0.5;0.0;0.0
69;2021-01-16;891;4;0;10573;80;0;0.6;0.0;0.0
69;2021-01-17;264;3;0;10837;83;0;0.6;0.0;0.0
69;2021-01-18;1694;16;0;12531;99;0;0.7;0.0;0.0
69;2021-01-19;3517;31;0;16048;130;0;0.9;0.0;0.0
69;2021-01-20;4253;32;0;20301;162;0;1.1;0.0;0.0
69;2021-01-21;3914;43;0;24215;205;0;1.3;0.0;0.0
69;2021-01-22;3010;29;0;27225;234;0;1.5;0.0;0.0
69;2021-01-23;1224;3;0;28449;237;0;1.5;0.0;0.0
69;2021-01-24;105;1;0;28554;238;0;1.5;0.0;0.0
69;2021-01-25;2082;47;0;30636;285;0;1.6;0.0;0.0
69;2021-01-26;2449;88;0;33085;373;0;1.8;0.0;0.0
69;2021-01-27;2233;175;0;35318;548;0;1.9;0.0;0.0
69;2021-01-28;2275;356;0;37593;904;0;2.0;0.0;0.0
69;2021-01-29;2051;279;0;39644;1183;0;2.1;0.1;0.0
69;2021-01-30;881;4;0;40525;1187;0;2.2;0.1;0.0
69;2021-01-31;63;1;0;40588;1188;0;2.2;0.1;0.0
69;2021-02-01;1078;377;0;41666;1565;0;2.2;0.1;0.0
69;2021-02-02;1558;425;0;43224;1990;0;2.3;0.1;0.0
69;2021-02-03;1381;528;0;44605;2518;0;2.4;0.1;0.0
69;2021-02-04;1749;905;0;46354;3423;0;2.5;0.2;0.0
69;2021-02-05;791;796;0;47145;4219;0;2.5;0.2;0.0
69;2021-02-06;384;58;0;47529;4277;0;2.5;0.2;0.0
69;2021-02-07;15;7;0;47544;4284;0;2.5;0.2;0.0
69;2021-02-08;1060;986;0;48604;5270;0;2.6;0.3;0.0
69;2021-02-09;1948;2042;0;50552;7312;0;2.7;0.4;0.0
69;2021-02-10;1818;2518;0;52370;9830;0;2.8;0.5;0.0
69;2021-02-11;1767;3097;0;54137;12927;0;2.9;0.7;0.0
69;2021-02-12;1776;1992;0;55913;14919;0;3.0;0.8;0.0
69;2021-02-13;425;750;0;56338;15669;0;3.0;0.8;0.0
69;2021-02-14;86;47;0;56424;15716;0;3.0;0.8;0.0
69;2021-02-15;945;1749;0;57369;17465;0;3.1;0.9;0.0
69;2021-02-16;973;2382;0;58342;19847;0;3.1;1.1;0.0
69;2021-02-17;987;2336;0;59329;22183;0;3.2;1.2;0.0
69;2021-02-18;952;2267;0;60281;24450;0;3.2;1.3;0.0
69;2021-02-19;878;1824;0;61159;26274;0;3.3;1.4;0.0
69;2021-02-20;323;916;0;61482;27190;0;3.3;1.4;0.0
69;2021-02-21;47;70;0;61529;27260;0;3.3;1.5;0.0
69;2021-02-22;574;2074;0;62103;29334;0;3.3;1.6;0.0
69;2021-02-23;733;2092;0;62836;31426;0;3.3;1.7;0.0
69;2021-02-24;1010;2172;0;63846;33598;0;3.4;1.8;0.0
69;2021-02-25;2142;2629;0;65988;36227;0;3.5;1.9;0.0
69;2021-02-26;2675;1820;0;68663;38047;0;3.7;2.0;0.0
69;2021-02-27;907;552;0;69570;38599;0;3.7;2.1;0.0
69;2021-02-28;125;95;0;69695;38694;0;3.7;2.1;0.0
69;2021-03-01;2150;924;0;71845;39618;0;3.8;2.1;0.0
69;2021-03-02;3194;1417;0;75039;41035;0;4.0;2.2;0.0
69;2021-03-03;3547;1246;0;78586;42281;0;4.2;2.3;0.0
69;2021-03-04;4725;1362;0;83311;43643;0;4.4;2.3;0.0
69;2021-03-05;5753;1284;0;89064;44927;0;4.7;2.4;0.0
69;2021-03-06;3385;424;0;92449;45351;0;4.9;2.4;0.0
69;2021-03-07;732;61;0;93181;45412;0;5.0;2.4;0.0
69;2021-03-08;2832;1102;0;96013;46514;0;5.1;2.5;0.0
69;2021-03-09;4490;1240;0;100503;47754;0;5.4;2.5;0.0
69;2021-03-10;4843;1025;0;105346;48779;0;5.6;2.6;0.0
69;2021-03-11;6439;1044;0;111785;49823;0;6.0;2.7;0.0
69;2021-03-12;8418;1187;0;120203;51010;0;6.4;2.7;0.0
69;2021-03-13;4596;264;0;124799;51274;0;6.7;2.7;0.0
69;2021-03-14;2467;151;0;127266;51425;0;6.8;2.7;0.0
69;2021-03-15;4527;724;0;131793;52149;0;7.0;2.8;0.0
69;2021-03-16;3654;721;0;135447;52870;0;7.2;2.8;0.0
69;2021-03-17;3816;923;0;139263;53793;0;7.4;2.9;0.0
69;2021-03-18;4691;1574;0;143954;55367;0;7.7;3.0;0.0
69;2021-03-19;6380;1029;0;150334;56396;0;8.0;3.0;0.0
69;2021-03-20;3486;254;0;153820;56650;0;8.2;3.0;0.0
69;2021-03-21;1798;96;0;155618;56746;0;8.3;3.0;0.0
69;2021-03-22;4423;813;0;160041;57559;0;8.5;3.1;0.0
69;2021-03-23;7042;855;0;167083;58414;0;8.9;3.1;0.0
69;2021-03-24;6240;1017;0;173323;59431;0;9.2;3.2;0.0
69;2021-03-25;8287;1141;0;181610;60572;0;9.7;3.2;0.0
69;2021-03-26;8550;1333;0;190160;61905;0;10.1;3.3;0.0
69;2021-03-27;3099;804;0;193259;62709;0;10.3;3.3;0.0
69;2021-03-28;2055;184;0;195314;62893;0;10.4;3.4;0.0
69;2021-03-29;3998;2130;0;199312;65023;0;10.6;3.5;0.0
69;2021-03-30;7377;2602;0;206689;67625;0;11.0;3.6;0.0
69;2021-03-31;6034;3098;0;212723;70723;0;11.3;3.8;0.0
69;2021-04-01;8084;2699;0;220807;73422;0;11.8;3.9;0.0
69;2021-04-02;7933;3098;0;228740;76520;0;12.2;4.1;0.0
69;2021-04-03;4992;2068;0;233732;78588;0;12.5;4.2;0.0
69;2021-04-04;5907;535;0;239639;79123;0;12.8;4.2;0.0
69;2021-04-05;5500;774;0;245139;79897;0;13.1;4.3;0.0
69;2021-04-06;4986;3375;0;250125;83272;0;13.3;4.4;0.0
69;2021-04-07;5138;3746;0;255263;87018;0;13.6;4.6;0.0
69;2021-04-08;6321;3903;0;261584;90921;0;13.9;4.8;0.0
69;2021-04-09;9167;3760;0;270751;94681;0;14.4;5.0;0.0
69;2021-04-10;2992;2377;0;273743;97058;0;14.6;5.2;0.0
69;2021-04-11;1896;1741;0;275639;98799;0;14.7;5.3;0.0
69;2021-04-12;5306;3509;0;280945;102308;0;15.0;5.5;0.0
69;2021-04-13;7015;4011;0;287960;106319;0;15.3;5.7;0.0
69;2021-04-14;6613;4040;0;294573;110359;0;15.7;5.9;0.0
69;2021-04-15;7735;4435;0;302308;114794;0;16.1;6.1;0.0
69;2021-04-16;7784;4392;0;310092;119186;0;16.5;6.4;0.0
69;2021-04-17;4764;2224;0;314856;121410;0;16.8;6.5;0.0
69;2021-04-18;1698;1654;0;316554;123064;0;16.9;6.6;0.0
69;2021-04-19;6637;3665;0;323191;126729;0;17.2;6.8;0.0
69;2021-04-20;6448;4549;0;329639;131278;0;17.6;7.0;0.0
69;2021-04-21;5690;4286;0;335329;135564;0;17.9;7.2;0.0
69;2021-04-22;6337;5195;0;341666;140759;0;18.2;7.5;0.0
69;2021-04-23;6667;4757;0;348333;145516;0;18.6;7.8;0.0
69;2021-04-24;3229;2016;0;351562;147532;0;18.7;7.9;0.0
69;2021-04-25;2122;1466;0;353684;148998;0;18.9;7.9;0.0
69;2021-04-26;4590;3796;0;358274;152794;0;19.1;8.1;0.0
69;2021-04-27;6617;5106;0;364891;157900;0;19.4;8.4;0.0
69;2021-04-28;6369;4698;0;371260;162598;0;19.8;8.7;0.0
69;2021-04-29;6758;5278;0;378018;167876;0;20.1;8.9;0.0
69;2021-04-30;7086;5985;0;385104;173861;0;20.5;9.3;0.0
69;2021-05-01;3373;636;0;388477;174497;0;20.7;9.3;0.0
69;2021-05-02;1580;5209;0;390057;179706;0;20.8;9.6;0.0
69;2021-05-03;5742;7603;0;395799;187309;0;21.1;10.0;0.0
69;2021-05-04;7365;7605;0;403164;194914;0;21.5;10.4;0.0
69;2021-05-05;10379;5504;0;413543;200418;0;22.0;10.7;0.0
69;2021-05-06;11431;6057;0;424974;206475;0;22.7;11.0;0.0
69;2021-05-07;10822;6971;0;435796;213446;0;23.2;11.4;0.0
69;2021-05-08;4280;1588;0;440076;215034;0;23.5;11.5;0.0
69;2021-05-09;5938;2511;0;446014;217545;0;23.8;11.6;0.0
69;2021-05-10;6776;5980;0;452790;223525;0;24.1;11.9;0.0
69;2021-05-11;9846;6841;0;462636;230366;0;24.7;12.3;0.0
69;2021-05-12;12028;6602;0;474664;236968;0;25.3;12.6;0.0
69;2021-05-13;10776;2467;0;485440;239435;0;25.9;12.8;0.0
69;2021-05-14;12448;5129;0;497888;244564;0;26.5;13.0;0.0
69;2021-05-15;9204;2575;0;507092;247139;0;27.0;13.2;0.0
69;2021-05-16;8029;1756;0;515121;248895;0;27.5;13.3;0.0
69;2021-05-17;11054;5405;0;526175;254300;0;28.0;13.6;0.0
69;2021-05-18;12934;6047;0;539109;260347;0;28.7;13.9;0.0
69;2021-05-19;13202;5574;0;552311;265921;0;29.4;14.2;0.0
69;2021-05-20;11584;5831;0;563895;271752;0;30.1;14.5;0.0
69;2021-05-21;11481;6486;0;575376;278238;0;30.7;14.8;0.0
69;2021-05-22;7220;2585;0;582596;280823;0;31.1;15.0;0.0
69;2021-05-23;5166;1502;0;587762;282325;0;31.3;15.0;0.0
69;2021-05-24;9105;1961;0;596867;284286;0;31.8;15.2;0.0
69;2021-05-25;10334;6153;0;607201;290439;0;32.4;15.5;0.0
69;2021-05-26;10964;6017;0;618165;296456;0;33.0;15.8;0.0
69;2021-05-27;10932;6648;0;629097;303104;0;33.5;16.2;0.0
69;2021-05-28;11759;8577;0;640856;311681;0;34.2;16.6;0.0
69;2021-05-29;8451;5764;0;649307;317445;0;34.6;16.9;0.0
69;2021-05-30;7220;2871;0;656527;320316;0;35.0;17.1;0.0
69;2021-05-31;11188;6259;0;667715;326575;0;35.6;17.4;0.0
69;2021-06-01;12091;7332;0;679806;333907;0;36.2;17.8;0.0
69;2021-06-02;14190;6536;0;693996;340443;0;37.0;18.1;0.0
69;2021-06-03;15790;7214;0;709786;347657;0;37.8;18.5;0.0
69;2021-06-04;13500;8502;0;723286;356159;0;38.6;19.0;0.0
69;2021-06-05;10240;3536;0;733526;359695;0;39.1;19.2;0.0
69;2021-06-06;6978;1682;0;740504;361377;0;39.5;19.3;0.0
69;2021-06-07;11975;6902;0;752479;368279;0;40.1;19.6;0.0
69;2021-06-08;14532;8016;0;767011;376295;0;40.9;20.1;0.0
69;2021-06-09;13603;7235;0;780614;383530;0;41.6;20.4;0.0
69;2021-06-10;14350;7090;0;794964;390620;0;42.4;20.8;0.0
69;2021-06-11;14332;9492;0;809296;400112;0;43.1;21.3;0.0
69;2021-06-12;7899;4220;0;817195;404332;0;43.6;21.6;0.0
69;2021-06-13;4867;2016;0;822062;406348;0;43.8;21.7;0.0
69;2021-06-14;7257;8865;0;829319;415213;0;44.2;22.1;0.0
69;2021-06-15;9311;10617;0;838630;425830;0;44.7;22.7;0.0
69;2021-06-16;9544;11587;0;848174;437417;0;45.2;23.3;0.0
69;2021-06-17;9756;12401;0;857930;449818;0;45.7;24.0;0.0
69;2021-06-18;9970;14135;0;867900;463953;0;46.3;24.7;0.0
69;2021-06-19;5953;8277;0;873853;472230;0;46.6;25.2;0.0
69;2021-06-20;4411;4445;0;878264;476675;0;46.8;25.4;0.0
69;2021-06-21;5360;12097;0;883624;488772;0;47.1;26.1;0.0
69;2021-06-22;6190;13320;0;889814;502092;0;47.4;26.8;0.0
69;2021-06-23;7048;12637;0;896862;514729;0;47.8;27.4;0.0
69;2021-06-24;7627;13013;0;904489;527742;0;48.2;28.1;0.0
69;2021-06-25;6387;15946;0;910876;543688;0;48.6;29.0;0.0
69;2021-06-26;3569;9593;0;914445;553281;0;48.7;29.5;0.0
69;2021-06-27;2882;6993;0;917327;560274;0;48.9;29.9;0.0
69;2021-06-28;3988;14717;0;921315;574991;0;49.1;30.6;0.0
69;2021-06-29;4800;15273;0;926115;590264;0;49.4;31.5;0.0
69;2021-06-30;5928;14079;0;932043;604343;0;49.7;32.2;0.0
69;2021-07-01;7498;11993;0;939541;616336;0;50.1;32.9;0.0
69;2021-07-02;6500;14410;0;946041;630746;0;50.4;33.6;0.0
69;2021-07-03;5077;8898;0;951118;639644;0;50.7;34.1;0.0
69;2021-07-04;3474;5487;0;954592;645131;0;50.9;34.4;0.0
69;2021-07-05;5525;13252;0;960117;658383;0;51.2;35.1;0.0
69;2021-07-06;5444;14267;0;965561;672650;0;51.5;35.9;0.0
69;2021-07-07;6978;13421;0;972539;686071;0;51.8;36.6;0.0
69;2021-07-08;7164;13108;0;979703;699179;0;52.2;37.3;0.0
69;2021-07-09;7065;16269;0;986768;715448;0;52.6;38.1;0.0
69;2021-07-10;2981;10897;0;989749;726345;0;52.8;38.7;0.0
69;2021-07-11;3623;5433;0;993372;731778;0;53.0;39.0;0.0
69;2021-07-12;3922;16495;0;997294;748273;0;53.2;39.9;0.0
69;2021-07-13;6307;18557;0;1003601;766830;0;53.5;40.9;0.0
69;2021-07-14;5041;6545;0;1008642;773375;0;53.8;41.2;0.0
69;2021-07-15;7934;18524;0;1016576;791899;0;54.2;42.2;0.0
69;2021-07-16;9755;17542;0;1026331;809441;0;54.7;43.1;0.0
69;2021-07-17;5110;10939;0;1031441;820380;0;55.0;43.7;0.0
69;2021-07-18;3138;7393;0;1034579;827773;0;55.1;44.1;0.0
69;2021-07-19;6880;14937;0;1041459;842710;0;55.5;44.9;0.0
69;2021-07-20;9350;17007;0;1050809;859717;0;56.0;45.8;0.0
69;2021-07-21;9684;15834;0;1060493;875551;0;56.5;46.7;0.0
69;2021-07-22;11531;15323;0;1072024;890874;0;57.1;47.5;0.0
69;2021-07-23;10999;15740;3;1083023;906614;3;57.7;48.3;0.0
69;2021-07-24;6004;9983;0;1089027;916597;3;58.0;48.9;0.0
69;2021-07-25;4242;5691;0;1093269;922288;3;58.3;49.2;0.0
69;2021-07-26;8732;11742;0;1102001;934030;3;58.7;49.8;0.0
69;2021-07-27;12572;11758;1;1114573;945788;4;59.4;50.4;0.0
69;2021-07-28;11729;11169;0;1126302;956957;4;60.0;51.0;0.0
69;2021-07-29;13898;10868;1;1140200;967825;5;60.8;51.6;0.0
69;2021-07-30;13189;11201;1;1153389;979026;6;61.5;52.2;0.0
69;2021-07-31;7739;6681;0;1161128;985707;6;61.9;52.5;0.0
69;2021-08-01;4426;4462;0;1165554;990169;6;62.1;52.8;0.0
69;2021-08-02;10781;8335;0;1176335;998504;6;62.7;53.2;0.0
69;2021-08-03;12145;7671;0;1188480;1006175;6;63.4;53.6;0.0
69;2021-08-04;11653;7411;0;1200133;1013586;6;64.0;54.0;0.0
69;2021-08-05;10357;7154;0;1210490;1020740;6;64.5;54.4;0.0
69;2021-08-06;9294;7618;0;1219784;1028358;6;65.0;54.8;0.0
69;2021-08-07;4481;4447;1;1224265;1032805;7;65.3;55.1;0.0
69;2021-08-08;3590;3176;0;1227855;1035981;7;65.4;55.2;0.0
69;2021-08-09;6824;8605;0;1234679;1044586;7;65.8;55.7;0.0
69;2021-08-10;7432;6935;0;1242111;1051521;7;66.2;56.0;0.0
69;2021-08-11;7138;7456;0;1249249;1058977;7;66.6;56.4;0.0
69;2021-08-12;6564;6898;0;1255813;1065875;7;66.9;56.8;0.0
69;2021-08-13;6137;8087;0;1261950;1073962;7;67.3;57.2;0.0
69;2021-08-14;3919;5145;0;1265869;1079107;7;67.5;57.5;0.0
69;2021-08-15;2095;2242;0;1267964;1081349;7;67.6;57.6;0.0
69;2021-08-16;4901;8858;0;1272865;1090207;7;67.8;58.1;0.0
69;2021-08-17;5827;8228;0;1278692;1098435;7;68.2;58.6;0.0
69;2021-08-18;5522;9201;0;1284214;1107636;7;68.5;59.0;0.0
69;2021-08-19;5469;8886;0;1289683;1116522;7;68.7;59.5;0.0
69;2021-08-20;5342;8687;0;1295025;1125209;7;69.0;60.0;0.0
69;2021-08-21;2467;4002;0;1297492;1129211;7;69.2;60.2;0.0
69;2021-08-22;1609;2207;0;1299101;1131418;7;69.2;60.3;0.0
69;2021-08-23;3388;11557;0;1302489;1142975;7;69.4;60.9;0.0
69;2021-08-24;4406;12099;0;1306895;1155074;7;69.7;61.6;0.0
69;2021-08-25;3881;11448;0;1310776;1166522;7;69.9;62.2;0.0
69;2021-08-26;3844;10083;0;1314620;1176605;7;70.1;62.7;0.0
69;2021-08-27;3935;12789;0;1318555;1189394;7;70.3;63.4;0.0
69;2021-08-28;1695;7406;0;1320250;1196800;7;70.4;63.8;0.0
69;2021-08-29;1090;5371;0;1321340;1202171;7;70.4;64.1;0.0
69;2021-08-30;3016;10161;87;1324356;1212332;94;70.6;64.6;0.0
69;2021-08-31;3584;8626;196;1327940;1220958;290;70.8;65.1;0.0
69;2021-09-01;3916;7916;380;1331856;1228874;670;71.0;65.5;0.0
69;2021-09-02;3734;6952;900;1335590;1235826;1570;71.2;65.9;0.1
69;2021-09-03;3582;8929;852;1339172;1244755;2422;71.4;66.3;0.1
69;2021-09-04;1978;6907;214;1341150;1251662;2636;71.5;66.7;0.1
69;2021-09-05;1121;2897;230;1342271;1254559;2866;71.5;66.9;0.2
69;2021-09-06;2164;5009;819;1344435;1259568;3685;71.7;67.1;0.2
69;2021-09-07;1988;4588;956;1346423;1264156;4641;71.8;67.4;0.2
69;2021-09-08;2439;5356;704;1348862;1269512;5345;71.9;67.7;0.3
69;2021-09-09;2131;4473;1002;1350993;1273985;6347;72.0;67.9;0.3
69;2021-09-10;2423;5396;1052;1353416;1279381;7399;72.1;68.2;0.4
69;2021-09-11;1476;4153;218;1354892;1283534;7617;72.2;68.4;0.4
69;2021-09-12;408;1715;112;1355300;1285249;7729;72.2;68.5;0.4
69;2021-09-13;1508;3521;1043;1356808;1288770;8772;72.3;68.7;0.5
69;2021-09-14;1614;3137;1502;1358422;1291907;10274;72.4;68.9;0.5
69;2021-09-15;1781;4173;1207;1360203;1296080;11481;72.5;69.1;0.6
69;2021-09-16;1424;2687;1522;1361627;1298767;13003;72.6;69.2;0.7
69;2021-09-17;1641;4103;1576;1363268;1302870;14579;72.7;69.4;0.8
69;2021-09-18;1007;3504;265;1364275;1306374;14844;72.7;69.6;0.8
69;2021-09-19;383;1188;121;1364658;1307562;14965;72.7;69.7;0.8
69;2021-09-20;892;2370;1036;1365550;1309932;16001;72.8;69.8;0.9
69;2021-09-21;880;2622;1474;1366430;1312554;17475;72.8;70.0;0.9
69;2021-09-22;1031;3574;1095;1367461;1316128;18570;72.9;70.2;1.0
69;2021-09-23;804;2519;1470;1368265;1318647;20040;72.9;70.3;1.1
69;2021-09-24;1155;3482;1074;1369420;1322129;21114;73.0;70.5;1.1
69;2021-09-25;666;2334;228;1370086;1324463;21342;73.0;70.6;1.1
69;2021-09-26;264;959;64;1370350;1325422;21406;73.0;70.6;1.1
69;2021-09-27;604;1735;963;1370954;1327157;22369;73.1;70.7;1.2
69;2021-09-28;773;1698;1312;1371727;1328855;23681;73.1;70.8;1.3
69;2021-09-29;1026;2737;1211;1372753;1331592;24892;73.2;71.0;1.3
69;2021-09-30;876;1863;1291;1373629;1333455;26183;73.2;71.1;1.4
69;2021-10-01;1741;2988;1767;1375370;1336443;27950;73.3;71.2;1.5
69;2021-10-02;922;1876;407;1376292;1338319;28357;73.4;71.3;1.5
69;2021-10-03;258;516;160;1376550;1338835;28517;73.4;71.4;1.5
69;2021-10-04;915;1654;1373;1377465;1340489;29890;73.4;71.5;1.6
69;2021-10-05;766;1332;1508;1378231;1341821;31398;73.5;71.5;1.7
69;2021-10-06;1071;2014;1605;1379302;1343835;33003;73.5;71.6;1.8
69;2021-10-07;820;1404;1763;1380122;1345239;34766;73.6;71.7;1.9
69;2021-10-08;1221;2146;2192;1381343;1347385;36958;73.6;71.8;2.0
69;2021-10-09;652;1212;584;1381995;1348597;37542;73.7;71.9;2.0
69;2021-10-10;68;271;132;1382063;1348868;37674;73.7;71.9;2.0
69;2021-10-11;589;1199;1484;1382652;1350067;39158;73.7;72.0;2.1
69;2021-10-12;693;1046;1776;1383345;1351113;40934;73.7;72.0;2.2
69;2021-10-13;1059;1682;2264;1384404;1352795;43198;73.8;72.1;2.3
69;2021-10-14;768;1207;2247;1385172;1354002;45445;73.8;72.2;2.4
69;2021-10-15;1091;1705;2876;1386263;1355707;48321;73.9;72.3;2.6
69;2021-10-16;704;1130;751;1386967;1356837;49072;73.9;72.3;2.6
69;2021-10-17;31;157;64;1386998;1356994;49136;73.9;72.3;2.6
69;2021-10-18;539;813;1875;1387537;1357807;51011;74.0;72.4;2.7
69;2021-10-19;294;728;2174;1387831;1358535;53185;74.0;72.4;2.8
69;2021-10-20;582;1179;2887;1388413;1359714;56072;74.0;72.5;3.0
69;2021-10-21;336;842;2716;1388749;1360556;58788;74.0;72.5;3.1
69;2021-10-22;511;1278;3081;1389260;1361834;61869;74.1;72.6;3.3
69;2021-10-23;456;989;1176;1389716;1362823;63045;74.1;72.6;3.4
69;2021-10-24;21;87;89;1389737;1362910;63134;74.1;72.6;3.4
69;2021-10-25;340;721;2128;1390077;1363631;65262;74.1;72.7;3.5
69;2021-10-26;307;621;2151;1390384;1364252;67413;74.1;72.7;3.6
69;2021-10-27;473;1186;3331;1390857;1365438;70744;74.1;72.8;3.8
69;2021-10-28;371;715;2682;1391228;1366153;73426;74.2;72.8;3.9
69;2021-10-29;438;1024;3363;1391666;1367177;76789;74.2;72.9;4.1
69;2021-10-30;226;610;1048;1391892;1367787;77837;74.2;72.9;4.1
69;2021-10-31;26;69;69;1391918;1367856;77906;74.2;72.9;4.2
69;2021-11-01;90;47;24;1392008;1367903;77930;74.2;72.9;4.2
69;2021-11-02;315;748;2258;1392323;1368651;80188;74.2;73.0;4.3
69;2021-11-03;425;972;3709;1392748;1369623;83897;74.2;73.0;4.5
69;2021-11-04;344;721;3416;1393092;1370344;87313;74.3;73.0;4.7
69;2021-11-05;468;993;4451;1393560;1371337;91764;74.3;73.1;4.9
69;2021-11-06;229;604;1352;1393789;1371941;93116;74.3;73.1;5.0
69;2021-11-07;24;49;102;1393813;1371990;93218;74.3;73.1;5.0
69;2021-11-08;199;568;3164;1394012;1372558;96382;74.3;73.2;5.1
69;2021-11-09;218;510;4114;1394230;1373068;100496;74.3;73.2;5.4
69;2021-11-10;453;845;4954;1394683;1373913;105450;74.3;73.2;5.6
69;2021-11-11;80;120;714;1394763;1374033;106164;74.3;73.2;5.7
69;2021-11-12;403;649;5911;1395166;1374682;112075;74.4;73.3;6.0
69;2021-11-13;285;440;1956;1395451;1375122;114031;74.4;73.3;6.1
69;2021-11-14;17;35;165;1395468;1375157;114196;74.4;73.3;6.1
69;2021-11-15;208;442;3932;1395676;1375599;118128;74.4;73.3;6.3
69;2021-11-16;277;478;5072;1395953;1376077;123200;74.4;73.3;6.6
69;2021-11-17;443;671;5511;1396396;1376748;128711;74.4;73.4;6.9
69;2021-11-18;247;418;5713;1396643;1377166;134424;74.4;73.4;7.2
69;2021-11-19;492;724;7567;1397135;1377890;141991;74.5;73.4;7.6
69;2021-11-20;331;375;2223;1397466;1378265;144214;74.5;73.5;7.7
69;2021-11-21;23;71;147;1397489;1378336;144361;74.5;73.5;7.7
69;2021-11-22;282;351;4615;1397771;1378687;148976;74.5;73.5;7.9
69;2021-11-23;282;344;5301;1398053;1379031;154277;74.5;73.5;8.2
69;2021-11-24;467;610;6183;1398520;1379641;160460;74.5;73.5;8.6
69;2021-11-25;293;423;7253;1398813;1380064;167713;74.6;73.6;8.9
69;2021-11-26;400;596;11812;1399213;1380660;179525;74.6;73.6;9.6
69;2021-11-27;366;546;6273;1399579;1381206;185798;74.6;73.6;9.9
69;2021-11-28;32;68;586;1399611;1381274;186384;74.6;73.6;9.9
69;2021-11-29;207;320;8157;1399818;1381594;194541;74.6;73.6;10.4
69;2021-11-30;251;383;10766;1400069;1381977;205307;74.6;73.7;10.9
69;2021-12-01;322;520;11710;1400391;1382497;217017;74.6;73.7;11.6
69;2021-12-02;261;343;14164;1400652;1382840;231181;74.7;73.7;12.3
69;2021-12-03;305;541;17436;1400957;1383381;248617;74.7;73.7;13.3
69;2021-12-04;186;413;9264;1401143;1383794;257881;74.7;73.8;13.7
69;2021-12-05;32;88;3258;1401175;1383882;261139;74.7;73.8;13.9
69;2021-12-06;197;395;12667;1401372;1384277;273806;74.7;73.8;14.6
69;2021-12-07;256;436;16222;1401628;1384713;290028;74.7;73.8;15.5
69;2021-12-08;330;580;13901;1401958;1385293;303929;74.7;73.8;16.2
69;2021-12-09;247;402;16918;1402205;1385695;320847;74.7;73.9;17.1
69;2021-12-10;305;533;19434;1402510;1386228;340281;74.8;73.9;18.1
69;2021-12-11;209;404;9064;1402719;1386632;349345;74.8;73.9;18.6
69;2021-12-12;39;94;2869;1402758;1386726;352214;74.8;73.9;18.8
69;2021-12-13;249;422;17067;1403007;1387148;369281;74.8;73.9;19.7
69;2021-12-14;277;392;21122;1403284;1387540;390403;74.8;74.0;20.8
69;2021-12-15;295;532;18564;1403579;1388072;408967;74.8;74.0;21.8
70;2020-12-27;0;0;0;0;0;0;0.0;0.0;0.0
70;2020-12-28;0;0;0;0;0;0;0.0;0.0;0.0
70;2020-12-29;0;0;0;0;0;0;0.0;0.0;0.0
70;2020-12-30;0;0;0;0;0;0;0.0;0.0;0.0
70;2020-12-31;0;0;0;0;0;0;0.0;0.0;0.0
70;2021-01-01;1;0;0;1;0;0;0.0;0.0;0.0
70;2021-01-02;0;0;0;1;0;0;0.0;0.0;0.0
70;2021-01-03;0;0;0;1;0;0;0.0;0.0;0.0
70;2021-01-04;0;0;0;1;0;0;0.0;0.0;0.0
70;2021-01-05;2;1;0;3;1;0;0.0;0.0;0.0
70;2021-01-06;26;0;0;29;1;0;0.0;0.0;0.0
70;2021-01-07;129;0;0;158;1;0;0.1;0.0;0.0
70;2021-01-08;67;0;0;225;1;0;0.1;0.0;0.0
70;2021-01-09;19;1;0;244;2;0;0.1;0.0;0.0
70;2021-01-10;0;0;0;244;2;0;0.1;0.0;0.0
70;2021-01-11;175;1;0;419;3;0;0.2;0.0;0.0
70;2021-01-12;240;2;0;659;5;0;0.3;0.0;0.0
70;2021-01-13;219;2;0;878;7;0;0.4;0.0;0.0
70;2021-01-14;214;5;0;1092;12;0;0.5;0.0;0.0
70;2021-01-15;218;3;0;1310;15;0;0.6;0.0;0.0
70;2021-01-16;81;0;0;1391;15;0;0.6;0.0;0.0
70;2021-01-17;7;0;0;1398;15;0;0.6;0.0;0.0
70;2021-01-18;418;0;0;1816;15;0;0.8;0.0;0.0
70;2021-01-19;493;2;0;2309;17;0;1.0;0.0;0.0
70;2021-01-20;495;1;0;2804;18;0;1.2;0.0;0.0
70;2021-01-21;671;3;0;3475;21;0;1.5;0.0;0.0
70;2021-01-22;503;3;0;3978;24;0;1.7;0.0;0.0
70;2021-01-23;250;2;0;4228;26;0;1.8;0.0;0.0
70;2021-01-24;13;0;0;4241;26;0;1.8;0.0;0.0
70;2021-01-25;381;1;0;4622;27;0;2.0;0.0;0.0
70;2021-01-26;367;3;0;4989;30;0;2.1;0.0;0.0
70;2021-01-27;344;14;0;5333;44;0;2.3;0.0;0.0
70;2021-01-28;351;39;0;5684;83;0;2.4;0.0;0.0
70;2021-01-29;329;86;0;6013;169;0;2.6;0.1;0.0
70;2021-01-30;249;20;0;6262;189;0;2.7;0.1;0.0
70;2021-01-31;1;0;0;6263;189;0;2.7;0.1;0.0
70;2021-02-01;260;58;0;6523;247;0;2.8;0.1;0.0
70;2021-02-02;289;127;0;6812;374;0;2.9;0.2;0.0
70;2021-02-03;261;87;0;7073;461;0;3.0;0.2;0.0
70;2021-02-04;288;157;0;7361;618;0;3.2;0.3;0.0
70;2021-02-05;263;117;0;7624;735;0;3.3;0.3;0.0
70;2021-02-06;212;45;0;7836;780;0;3.4;0.3;0.0
70;2021-02-07;0;0;0;7836;780;0;3.4;0.3;0.0
70;2021-02-08;184;250;0;8020;1030;0;3.4;0.4;0.0
70;2021-02-09;211;245;0;8231;1275;0;3.5;0.5;0.0
70;2021-02-10;243;294;0;8474;1569;0;3.6;0.7;0.0
70;2021-02-11;377;365;0;8851;1934;0;3.8;0.8;0.0
70;2021-02-12;228;499;0;9079;2433;0;3.9;1.0;0.0
70;2021-02-13;93;223;0;9172;2656;0;3.9;1.1;0.0
70;2021-02-14;1;31;0;9173;2687;0;3.9;1.2;0.0
70;2021-02-15;82;383;0;9255;3070;0;4.0;1.3;0.0
70;2021-02-16;115;439;0;9370;3509;0;4.0;1.5;0.0
70;2021-02-17;172;362;0;9542;3871;0;4.1;1.7;0.0
70;2021-02-18;213;300;0;9755;4171;0;4.2;1.8;0.0
70;2021-02-19;195;230;0;9950;4401;0;4.3;1.9;0.0
70;2021-02-20;193;91;0;10143;4492;0;4.3;1.9;0.0
70;2021-02-21;3;9;0;10146;4501;0;4.4;1.9;0.0
70;2021-02-22;114;245;0;10260;4746;0;4.4;2.0;0.0
70;2021-02-23;129;271;0;10389;5017;0;4.5;2.2;0.0
70;2021-02-24;157;267;0;10546;5284;0;4.5;2.3;0.0
70;2021-02-25;348;261;0;10894;5545;0;4.7;2.4;0.0
70;2021-02-26;392;184;0;11286;5729;0;4.8;2.5;0.0
70;2021-02-27;157;223;0;11443;5952;0;4.9;2.6;0.0
70;2021-02-28;0;3;0;11443;5955;0;4.9;2.6;0.0
70;2021-03-01;276;254;0;11719;6209;0;5.0;2.7;0.0
70;2021-03-02;497;290;0;12216;6499;0;5.2;2.8;0.0
70;2021-03-03;483;270;0;12699;6769;0;5.4;2.9;0.0
70;2021-03-04;694;296;0;13393;7065;0;5.7;3.0;0.0
70;2021-03-05;787;276;0;14180;7341;0;6.1;3.1;0.0
70;2021-03-06;546;121;0;14726;7462;0;6.3;3.2;0.0
70;2021-03-07;230;24;0;14956;7486;0;6.4;3.2;0.0
70;2021-03-08;563;241;0;15519;7727;0;6.7;3.3;0.0
70;2021-03-09;860;219;0;16379;7946;0;7.0;3.4;0.0
70;2021-03-10;653;214;0;17032;8160;0;7.3;3.5;0.0
70;2021-03-11;785;269;0;17817;8429;0;7.6;3.6;0.0
70;2021-03-12;1055;183;0;18872;8612;0;8.1;3.7;0.0
70;2021-03-13;614;128;0;19486;8740;0;8.4;3.7;0.0
70;2021-03-14;22;4;0;19508;8744;0;8.4;3.7;0.0
70;2021-03-15;748;107;0;20256;8851;0;8.7;3.8;0.0
70;2021-03-16;651;103;0;20907;8954;0;9.0;3.8;0.0
70;2021-03-17;580;179;0;21487;9133;0;9.2;3.9;0.0
70;2021-03-18;645;147;0;22132;9280;0;9.5;4.0;0.0
70;2021-03-19;981;149;0;23113;9429;0;9.9;4.0;0.0
70;2021-03-20;652;187;0;23765;9616;0;10.2;4.1;0.0
70;2021-03-21;13;0;0;23778;9616;0;10.2;4.1;0.0
70;2021-03-22;807;100;0;24585;9716;0;10.5;4.2;0.0
70;2021-03-23;1320;174;0;25905;9890;0;11.1;4.2;0.0
70;2021-03-24;1279;113;0;27184;10003;0;11.7;4.3;0.0
70;2021-03-25;1283;199;0;28467;10202;0;12.2;4.4;0.0
70;2021-03-26;1540;304;0;30007;10506;0;12.9;4.5;0.0
70;2021-03-27;983;123;0;30990;10629;0;13.3;4.6;0.0
70;2021-03-28;10;14;0;31000;10643;0;13.3;4.6;0.0
70;2021-03-29;734;400;0;31734;11043;0;13.6;4.7;0.0
70;2021-03-30;1096;289;0;32830;11332;0;14.1;4.9;0.0
70;2021-03-31;934;310;0;33764;11642;0;14.5;5.0;0.0
70;2021-04-01;1170;415;0;34934;12057;0;15.0;5.2;0.0
70;2021-04-02;1272;330;0;36206;12387;0;15.5;5.3;0.0
70;2021-04-03;617;307;0;36823;12694;0;15.8;5.4;0.0
70;2021-04-04;9;3;0;36832;12697;0;15.8;5.4;0.0
70;2021-04-05;9;2;0;36841;12699;0;15.8;5.4;0.0
70;2021-04-06;822;543;0;37663;13242;0;16.2;5.7;0.0
70;2021-04-07;862;580;0;38525;13822;0;16.5;5.9;0.0
70;2021-04-08;1337;553;0;39862;14375;0;17.1;6.2;0.0
70;2021-04-09;1445;568;0;41307;14943;0;17.7;6.4;0.0
70;2021-04-10;847;319;0;42154;15262;0;18.1;6.5;0.0
70;2021-04-11;32;7;0;42186;15269;0;18.1;6.5;0.0
70;2021-04-12;712;666;0;42898;15935;0;18.4;6.8;0.0
70;2021-04-13;991;778;0;43889;16713;0;18.8;7.2;0.0
70;2021-04-14;859;566;0;44748;17279;0;19.2;7.4;0.0
70;2021-04-15;1161;611;0;45909;17890;0;19.7;7.7;0.0
70;2021-04-16;1270;551;0;47179;18441;0;20.2;7.9;0.0
70;2021-04-17;684;469;0;47863;18910;0;20.5;8.1;0.0
70;2021-04-18;62;6;0;47925;18916;0;20.6;8.1;0.0
70;2021-04-19;577;846;0;48502;19762;0;20.8;8.5;0.0
70;2021-04-20;737;855;0;49239;20617;0;21.1;8.8;0.0
70;2021-04-21;564;904;0;49803;21521;0;21.4;9.2;0.0
70;2021-04-22;843;854;0;50646;22375;0;21.7;9.6;0.0
70;2021-04-23;926;800;0;51572;23175;0;22.1;9.9;0.0
70;2021-04-24;457;650;0;52029;23825;0;22.3;10.2;0.0
70;2021-04-25;17;7;0;52046;23832;0;22.3;10.2;0.0
70;2021-04-26;1064;647;0;53110;24479;0;22.8;10.5;0.0
70;2021-04-27;1220;800;0;54330;25279;0;23.3;10.8;0.0
70;2021-04-28;958;821;0;55288;26100;0;23.7;11.2;0.0
70;2021-04-29;1406;915;0;56694;27015;0;24.3;11.6;0.0
70;2021-04-30;1585;907;0;58279;27922;0;25.0;12.0;0.0
70;2021-05-01;1583;130;0;59862;28052;0;25.7;12.0;0.0
70;2021-05-02;33;5;0;59895;28057;0;25.7;12.0;0.0
70;2021-05-03;1237;565;0;61132;28622;0;26.2;12.3;0.0
70;2021-05-04;1330;796;0;62462;29418;0;26.8;12.6;0.0
70;2021-05-05;1211;886;0;63673;30304;0;27.3;13.0;0.0
70;2021-05-06;1850;1289;0;65523;31593;0;28.1;13.5;0.0
70;2021-05-07;2089;1298;0;67612;32891;0;29.0;14.1;0.0
70;2021-05-08;1224;189;0;68836;33080;0;29.5;14.2;0.0
70;2021-05-09;38;64;0;68874;33144;0;29.5;14.2;0.0
70;2021-05-10;1048;970;0;69922;34114;0;30.0;14.6;0.0
70;2021-05-11;1279;1128;0;71201;35242;0;30.5;15.1;0.0
70;2021-05-12;1207;901;0;72408;36143;0;31.1;15.5;0.0
70;2021-05-13;1552;169;0;73960;36312;0;31.7;15.6;0.0
70;2021-05-14;2095;741;0;76055;37053;0;32.6;15.9;0.0
70;2021-05-15;2366;505;0;78421;37558;0;33.6;16.1;0.0
70;2021-05-16;900;68;0;79321;37626;0;34.0;16.1;0.0
70;2021-05-17;1278;390;0;80599;38016;0;34.6;16.3;0.0
70;2021-05-18;1398;602;0;81997;38618;0;35.2;16.6;0.0
70;2021-05-19;1563;554;0;83560;39172;0;35.8;16.8;0.0
70;2021-05-20;1722;652;0;85282;39824;0;36.6;17.1;0.0
70;2021-05-21;1776;866;0;87058;40690;0;37.3;17.4;0.0
70;2021-05-22;1146;651;0;88204;41341;0;37.8;17.7;0.0
70;2021-05-23;59;20;0;88263;41361;0;37.8;17.7;0.0
70;2021-05-24;236;45;0;88499;41406;0;38.0;17.8;0.0
70;2021-05-25;953;947;0;89452;42353;0;38.4;18.2;0.0
70;2021-05-26;1040;963;0;90492;43316;0;38.8;18.6;0.0
70;2021-05-27;1301;1021;0;91793;44337;0;39.4;19.0;0.0
70;2021-05-28;1511;1219;0;93304;45556;0;40.0;19.5;0.0
70;2021-05-29;1252;578;0;94556;46134;0;40.5;19.8;0.0
70;2021-05-30;10;22;0;94566;46156;0;40.6;19.8;0.0
70;2021-05-31;1007;717;0;95573;46873;0;41.0;20.1;0.0
70;2021-06-01;1283;927;0;96856;47800;0;41.5;20.5;0.0
70;2021-06-02;1146;755;0;98002;48555;0;42.0;20.8;0.0
70;2021-06-03;1344;930;0;99346;49485;0;42.6;21.2;0.0
70;2021-06-04;1387;1181;0;100733;50666;0;43.2;21.7;0.0
70;2021-06-05;960;638;0;101693;51304;0;43.6;22.0;0.0
70;2021-06-06;564;85;0;102257;51389;0;43.9;22.0;0.0
70;2021-06-07;1072;1029;0;103329;52418;0;44.3;22.5;0.0
70;2021-06-08;1300;1219;0;104629;53637;0;44.9;23.0;0.0
70;2021-06-09;1126;982;0;105755;54619;0;45.4;23.4;0.0
70;2021-06-10;1400;903;0;107155;55522;0;46.0;23.8;0.0
70;2021-06-11;1587;1947;0;108742;57469;0;46.6;24.6;0.0
70;2021-06-12;856;1892;0;109598;59361;0;47.0;25.5;0.0
70;2021-06-13;191;28;0;109789;59389;0;47.1;25.5;0.0
70;2021-06-14;550;1238;0;110339;60627;0;47.3;26.0;0.0
70;2021-06-15;548;1470;0;110887;62097;0;47.6;26.6;0.0
70;2021-06-16;718;1383;0;111605;63480;0;47.9;27.2;0.0
70;2021-06-17;1010;2110;0;112615;65590;0;48.3;28.1;0.0
70;2021-06-18;1054;2254;0;113669;67844;0;48.7;29.1;0.0
70;2021-06-19;1060;1524;0;114729;69368;0;49.2;29.7;0.0
70;2021-06-20;11;18;0;114740;69386;0;49.2;29.8;0.0
70;2021-06-21;696;1477;0;115436;70863;0;49.5;30.4;0.0
70;2021-06-22;683;1610;0;116119;72473;0;49.8;31.1;0.0
70;2021-06-23;628;1551;0;116747;74024;0;50.1;31.7;0.0
70;2021-06-24;805;2044;0;117552;76068;0;50.4;32.6;0.0
70;2021-06-25;693;2628;0;118245;78696;0;50.7;33.7;0.0
70;2021-06-26;862;2026;0;119107;80722;0;51.1;34.6;0.0
70;2021-06-27;162;709;0;119269;81431;0;51.1;34.9;0.0
70;2021-06-28;369;1449;0;119638;82880;0;51.3;35.5;0.0
70;2021-06-29;413;1735;0;120051;84615;0;51.5;36.3;0.0
70;2021-06-30;441;1723;0;120492;86338;0;51.7;37.0;0.0
70;2021-07-01;634;1763;0;121126;88101;0;51.9;37.8;0.0
70;2021-07-02;846;1637;0;121972;89738;0;52.3;38.5;0.0
70;2021-07-03;785;1030;0;122757;90768;0;52.6;38.9;0.0
70;2021-07-04;42;95;0;122799;90863;0;52.7;39.0;0.0
70;2021-07-05;616;1111;0;123415;91974;0;52.9;39.4;0.0
70;2021-07-06;687;1382;0;124102;93356;0;53.2;40.0;0.0
70;2021-07-07;531;1430;0;124633;94786;0;53.4;40.6;0.0
70;2021-07-08;733;1495;0;125366;96281;0;53.8;41.3;0.0
70;2021-07-09;848;1746;0;126214;98027;0;54.1;42.0;0.0
70;2021-07-10;745;1040;0;126959;99067;0;54.4;42.5;0.0
70;2021-07-11;18;48;0;126977;99115;0;54.5;42.5;0.0
70;2021-07-12;455;1420;0;127432;100535;0;54.6;43.1;0.0
70;2021-07-13;933;1917;0;128365;102452;0;55.0;43.9;0.0
70;2021-07-14;72;32;0;128437;102484;0;55.1;43.9;0.0
70;2021-07-15;1296;1676;0;129733;104160;0;55.6;44.7;0.0
70;2021-07-16;1601;2078;0;131334;106238;0;56.3;45.6;0.0
70;2021-07-17;1354;1420;0;132688;107658;0;56.9;46.2;0.0
70;2021-07-18;853;618;0;133541;108276;0;57.3;46.4;0.0
70;2021-07-19;933;1147;0;134474;109423;0;57.7;46.9;0.0
70;2021-07-20;1321;1413;0;135795;110836;0;58.2;47.5;0.0
70;2021-07-21;1224;1352;0;137019;112188;0;58.8;48.1;0.0
70;2021-07-22;1677;1630;0;138696;113818;0;59.5;48.8;0.0
70;2021-07-23;1576;2325;0;140272;116143;0;60.2;49.8;0.0
70;2021-07-24;1245;1745;0;141517;117888;0;60.7;50.6;0.0
70;2021-07-25;83;69;0;141600;117957;0;60.7;50.6;0.0
70;2021-07-26;1121;1042;0;142721;118999;0;61.2;51.0;0.0
70;2021-07-27;1406;1000;0;144127;119999;0;61.8;51.5;0.0
70;2021-07-28;1316;1067;0;145443;121066;0;62.4;51.9;0.0
70;2021-07-29;1723;1239;0;147166;122305;0;63.1;52.4;0.0
70;2021-07-30;1893;1324;0;149059;123629;0;63.9;53.0;0.0
70;2021-07-31;1583;1062;0;150642;124691;0;64.6;53.5;0.0
70;2021-08-01;114;17;0;150756;124708;0;64.6;53.5;0.0
70;2021-08-02;803;752;0;151559;125460;0;65.0;53.8;0.0
70;2021-08-03;1287;1036;0;152846;126496;0;65.5;54.2;0.0
70;2021-08-04;1099;857;0;153945;127353;0;66.0;54.6;0.0
70;2021-08-05;1426;1071;0;155371;128424;0;66.6;55.1;0.0
70;2021-08-06;1598;1309;0;156969;129733;0;67.3;55.6;0.0
70;2021-08-07;1040;972;0;158009;130705;0;67.8;56.0;0.0
70;2021-08-08;50;79;0;158059;130784;0;67.8;56.1;0.0
70;2021-08-09;544;830;0;158603;131614;0;68.0;56.4;0.0
70;2021-08-10;882;1195;0;159485;132809;0;68.4;57.0;0.0
70;2021-08-11;724;783;0;160209;133592;0;68.7;57.3;0.0
70;2021-08-12;830;1241;0;161039;134833;0;69.1;57.8;0.0
70;2021-08-13;968;1529;0;162007;136362;0;69.5;58.5;0.0
70;2021-08-14;684;955;0;162691;137317;0;69.8;58.9;0.0
70;2021-08-15;43;36;0;162734;137353;0;69.8;58.9;0.0
70;2021-08-16;541;936;0;163275;138289;0;70.0;59.3;0.0
70;2021-08-17;625;1293;0;163900;139582;0;70.3;59.9;0.0
70;2021-08-18;486;948;0;164386;140530;0;70.5;60.3;0.0
70;2021-08-19;511;1309;0;164897;141839;0;70.7;60.8;0.0
70;2021-08-20;493;1872;0;165390;143711;0;70.9;61.6;0.0
70;2021-08-21;409;1108;0;165799;144819;0;71.1;62.1;0.0
70;2021-08-22;22;109;0;165821;144928;0;71.1;62.1;0.0
70;2021-08-23;305;951;0;166126;145879;0;71.2;62.6;0.0
70;2021-08-24;377;1361;0;166503;147240;0;71.4;63.1;0.0
70;2021-08-25;321;1245;0;166824;148485;0;71.5;63.7;0.0
70;2021-08-26;418;1397;0;167242;149882;0;71.7;64.3;0.0
70;2021-08-27;395;1993;0;167637;151875;0;71.9;65.1;0.0
70;2021-08-28;351;1529;0;167988;153404;0;72.0;65.8;0.0
70;2021-08-29;19;45;0;168007;153449;0;72.0;65.8;0.0
70;2021-08-30;302;813;4;168309;154262;4;72.2;66.2;0.0
70;2021-08-31;357;1128;11;168666;155390;15;72.3;66.6;0.0
70;2021-09-01;309;885;201;168975;156275;216;72.5;67.0;0.1
70;2021-09-02;283;981;166;169258;157256;382;72.6;67.4;0.2
70;2021-09-03;297;1022;188;169555;158278;570;72.7;67.9;0.2
70;2021-09-04;453;1022;136;170008;159300;706;72.9;68.3;0.3
70;2021-09-05;23;33;9;170031;159333;715;72.9;68.3;0.3
70;2021-09-06;155;595;96;170186;159928;811;73.0;68.6;0.3
70;2021-09-07;202;730;135;170388;160658;946;73.1;68.9;0.4
70;2021-09-08;192;756;102;170580;161414;1048;73.1;69.2;0.4
70;2021-09-09;181;675;138;170761;162089;1186;73.2;69.5;0.5
70;2021-09-10;252;783;124;171013;162872;1310;73.3;69.8;0.6
70;2021-09-11;288;800;82;171301;163672;1392;73.5;70.2;0.6
70;2021-09-12;19;44;6;171320;163716;1398;73.5;70.2;0.6
70;2021-09-13;165;369;156;171485;164085;1554;73.5;70.4;0.7
70;2021-09-14;321;400;158;171806;164485;1712;73.7;70.5;0.7
70;2021-09-15;183;485;138;171989;164970;1850;73.8;70.7;0.8
70;2021-09-16;233;386;177;172222;165356;2027;73.9;70.9;0.9
70;2021-09-17;228;483;122;172450;165839;2149;74.0;71.1;0.9
70;2021-09-18;163;434;80;172613;166273;2229;74.0;71.3;1.0
70;2021-09-19;3;23;0;172616;166296;2229;74.0;71.3;1.0
70;2021-09-20;101;212;123;172717;166508;2352;74.1;71.4;1.0
70;2021-09-21;151;275;154;172868;166783;2506;74.1;71.5;1.1
70;2021-09-22;99;347;130;172967;167130;2636;74.2;71.7;1.1
70;2021-09-23;68;207;203;173035;167337;2839;74.2;71.8;1.2
70;2021-09-24;189;394;162;173224;167731;3001;74.3;71.9;1.3
70;2021-09-25;136;462;115;173360;168193;3116;74.3;72.1;1.3
70;2021-09-26;2;6;0;173362;168199;3116;74.3;72.1;1.3
70;2021-09-27;58;209;105;173420;168408;3221;74.4;72.2;1.4
70;2021-09-28;79;191;235;173499;168599;3456;74.4;72.3;1.5
70;2021-09-29;102;242;154;173601;168841;3610;74.4;72.4;1.5
70;2021-09-30;101;168;235;173702;169009;3845;74.5;72.5;1.6
70;2021-10-01;137;267;222;173839;169276;4067;74.5;72.6;1.7
70;2021-10-02;116;304;152;173955;169580;4219;74.6;72.7;1.8
70;2021-10-03;2;2;2;173957;169582;4221;74.6;72.7;1.8
70;2021-10-04;79;168;185;174036;169750;4406;74.6;72.8;1.9
70;2021-10-05;87;283;228;174123;170033;4634;74.7;72.9;2.0
70;2021-10-06;127;216;237;174250;170249;4871;74.7;73.0;2.1
70;2021-10-07;89;210;301;174339;170459;5172;74.8;73.1;2.2
70;2021-10-08;151;247;329;174490;170706;5501;74.8;73.2;2.4
70;2021-10-09;140;293;170;174630;170999;5671;74.9;73.3;2.4
70;2021-10-10;4;4;15;174634;171003;5686;74.9;73.3;2.4
70;2021-10-11;72;119;194;174706;171122;5880;74.9;73.4;2.5
70;2021-10-12;51;117;266;174757;171239;6146;74.9;73.4;2.6
70;2021-10-13;99;176;342;174856;171415;6488;75.0;73.5;2.8
70;2021-10-14;53;116;198;174909;171531;6686;75.0;73.6;2.9
70;2021-10-15;153;207;373;175062;171738;7059;75.1;73.6;3.0
70;2021-10-16;131;165;255;175193;171903;7314;75.1;73.7;3.1
70;2021-10-17;4;12;0;175197;171915;7314;75.1;73.7;3.1
70;2021-10-18;55;100;209;175252;172015;7523;75.2;73.8;3.2
70;2021-10-19;78;83;339;175330;172098;7862;75.2;73.8;3.4
70;2021-10-20;106;137;364;175436;172235;8226;75.2;73.9;3.5
70;2021-10-21;55;90;386;175491;172325;8612;75.3;73.9;3.7
70;2021-10-22;96;139;570;175587;172464;9182;75.3;74.0;3.9
70;2021-10-23;127;166;281;175714;172630;9463;75.4;74.0;4.1
70;2021-10-24;2;2;1;175716;172632;9464;75.4;74.0;4.1
70;2021-10-25;51;78;309;175767;172710;9773;75.4;74.1;4.2
70;2021-10-26;52;88;321;175819;172798;10094;75.4;74.1;4.3
70;2021-10-27;80;122;443;175899;172920;10537;75.4;74.2;4.5
70;2021-10-28;44;69;240;175943;172989;10777;75.4;74.2;4.6
70;2021-10-29;107;140;460;176050;173129;11237;75.5;74.2;4.8
70;2021-10-30;70;131;247;176120;173260;11484;75.5;74.3;4.9
70;2021-10-31;1;2;0;176121;173262;11484;75.5;74.3;4.9
70;2021-11-01;6;5;1;176127;173267;11485;75.5;74.3;4.9
70;2021-11-02;67;103;430;176194;173370;11915;75.6;74.3;5.1
70;2021-11-03;83;129;585;176277;173499;12500;75.6;74.4;5.4
70;2021-11-04;38;44;332;176315;173543;12832;75.6;74.4;5.5
70;2021-11-05;97;144;863;176412;173687;13695;75.7;74.5;5.9
70;2021-11-06;103;143;497;176515;173830;14192;75.7;74.5;6.1
70;2021-11-07;1;4;0;176516;173834;14192;75.7;74.5;6.1
70;2021-11-08;43;71;563;176559;173905;14755;75.7;74.6;6.3
70;2021-11-09;46;76;704;176605;173981;15459;75.7;74.6;6.6
70;2021-11-10;86;127;837;176691;174108;16296;75.8;74.7;7.0
70;2021-11-11;0;5;5;176691;174113;16301;75.8;74.7;7.0
70;2021-11-12;103;134;891;176794;174247;17192;75.8;74.7;7.4
70;2021-11-13;99;148;708;176893;174395;17900;75.9;74.8;7.7
70;2021-11-14;3;7;7;176896;174402;17907;75.9;74.8;7.7
70;2021-11-15;38;44;679;176934;174446;18586;75.9;74.8;8.0
70;2021-11-16;35;38;669;176969;174484;19255;75.9;74.8;8.3
70;2021-11-17;94;117;1043;177063;174601;20298;75.9;74.9;8.7
70;2021-11-18;43;63;719;177106;174664;21017;75.9;74.9;9.0
70;2021-11-19;104;111;994;177210;174775;22011;76.0;74.9;9.4
70;2021-11-20;124;106;590;177334;174881;22601;76.0;75.0;9.7
70;2021-11-21;0;3;2;177334;174884;22603;76.0;75.0;9.7
70;2021-11-22;45;35;782;177379;174919;23385;76.1;75.0;10.0
70;2021-11-23;42;45;901;177421;174964;24286;76.1;75.0;10.4
70;2021-11-24;94;98;1187;177515;175062;25473;76.1;75.1;10.9
70;2021-11-25;62;55;779;177577;175117;26252;76.1;75.1;11.3
70;2021-11-26;108;99;1680;177685;175216;27932;76.2;75.1;12.0
70;2021-11-27;115;134;1034;177800;175350;28966;76.2;75.2;12.4
70;2021-11-28;1;2;47;177801;175352;29013;76.2;75.2;12.4
70;2021-11-29;22;41;1130;177823;175393;30143;76.3;75.2;12.9
70;2021-11-30;71;51;1813;177894;175444;31956;76.3;75.2;13.7
70;2021-12-01;81;106;1791;177975;175550;33747;76.3;75.3;14.5
70;2021-12-02;55;35;2156;178030;175585;35903;76.3;75.3;15.4
70;2021-12-03;67;103;2607;178097;175688;38510;76.4;75.3;16.5
70;2021-12-04;81;101;1998;178178;175789;40508;76.4;75.4;17.4
70;2021-12-05;22;11;443;178200;175800;40951;76.4;75.4;17.6
70;2021-12-06;33;62;1504;178233;175862;42455;76.4;75.4;18.2
70;2021-12-07;73;39;2617;178306;175901;45072;76.5;75.4;19.3
70;2021-12-08;58;89;2338;178364;175990;47410;76.5;75.5;20.3
70;2021-12-09;49;75;3031;178413;176065;50441;76.5;75.5;21.6
70;2021-12-10;68;93;3554;178481;176158;53995;76.5;75.5;23.2
70;2021-12-11;81;135;2732;178562;176293;56727;76.6;75.6;24.3
70;2021-12-12;32;7;557;178594;176300;57284;76.6;75.6;24.6
70;2021-12-13;50;46;2036;178644;176346;59320;76.6;75.6;25.4
70;2021-12-14;76;45;2911;178720;176391;62231;76.6;75.6;26.7
70;2021-12-15;63;78;2545;178783;176469;64776;76.7;75.7;27.8
71;2020-12-27;1;0;0;1;0;0;0.0;0.0;0.0
71;2020-12-28;8;0;0;9;0;0;0.0;0.0;0.0
71;2020-12-29;2;0;0;11;0;0;0.0;0.0;0.0
71;2020-12-30;0;0;0;11;0;0;0.0;0.0;0.0
71;2020-12-31;0;0;0;11;0;0;0.0;0.0;0.0
71;2021-01-01;88;0;0;99;0;0;0.0;0.0;0.0
71;2021-01-02;7;0;0;106;0;0;0.0;0.0;0.0
71;2021-01-03;0;0;0;106;0;0;0.0;0.0;0.0
71;2021-01-04;3;0;0;109;0;0;0.0;0.0;0.0
71;2021-01-05;15;1;0;124;1;0;0.0;0.0;0.0
71;2021-01-06;75;0;0;199;1;0;0.0;0.0;0.0
71;2021-01-07;78;1;0;277;2;0;0.1;0.0;0.0
71;2021-01-08;152;0;0;429;2;0;0.1;0.0;0.0
71;2021-01-09;93;0;0;522;2;0;0.1;0.0;0.0
71;2021-01-10;2;0;0;524;2;0;0.1;0.0;0.0
71;2021-01-11;237;0;0;761;2;0;0.1;0.0;0.0
71;2021-01-12;770;1;0;1531;3;0;0.3;0.0;0.0
71;2021-01-13;549;2;0;2080;5;0;0.4;0.0;0.0
71;2021-01-14;590;7;0;2670;12;0;0.5;0.0;0.0
71;2021-01-15;641;2;0;3311;14;0;0.6;0.0;0.0
71;2021-01-16;23;0;0;3334;14;0;0.6;0.0;0.0
71;2021-01-17;3;0;0;3337;14;0;0.6;0.0;0.0
71;2021-01-18;954;5;0;4291;19;0;0.8;0.0;0.0
71;2021-01-19;1578;7;0;5869;26;0;1.1;0.0;0.0
71;2021-01-20;1493;8;0;7362;34;0;1.3;0.0;0.0
71;2021-01-21;1913;15;0;9275;49;0;1.7;0.0;0.0
71;2021-01-22;1348;4;0;10623;53;0;1.9;0.0;0.0
71;2021-01-23;772;6;0;11395;59;0;2.1;0.0;0.0
71;2021-01-24;2;0;0;11397;59;0;2.1;0.0;0.0
71;2021-01-25;1009;7;0;12406;66;0;2.3;0.0;0.0
71;2021-01-26;1535;28;0;13941;94;0;2.5;0.0;0.0
71;2021-01-27;1166;33;0;15107;127;0;2.8;0.0;0.0
71;2021-01-28;1092;100;0;16199;227;0;3.0;0.0;0.0
71;2021-01-29;1026;137;0;17225;364;0;3.1;0.1;0.0
71;2021-01-30;584;2;0;17809;366;0;3.3;0.1;0.0
71;2021-01-31;5;15;0;17814;381;0;3.3;0.1;0.0
71;2021-02-01;747;210;0;18561;591;0;3.4;0.1;0.0
71;2021-02-02;780;332;0;19341;923;0;3.5;0.2;0.0
71;2021-02-03;763;401;0;20104;1324;0;3.7;0.2;0.0
71;2021-02-04;736;569;0;20840;1893;0;3.8;0.3;0.0
71;2021-02-05;703;502;0;21543;2395;0;3.9;0.4;0.0
71;2021-02-06;513;21;0;22056;2416;0;4.0;0.4;0.0
71;2021-02-07;3;46;0;22059;2462;0;4.0;0.4;0.0
71;2021-02-08;605;629;0;22664;3091;0;4.1;0.6;0.0
71;2021-02-09;385;972;0;23049;4063;0;4.2;0.7;0.0
71;2021-02-10;418;937;0;23467;5000;0;4.3;0.9;0.0
71;2021-02-11;512;1207;0;23979;6207;0;4.4;1.1;0.0
71;2021-02-12;543;1006;0;24522;7213;0;4.5;1.3;0.0
71;2021-02-13;146;509;0;24668;7722;0;4.5;1.4;0.0
71;2021-02-14;8;4;0;24676;7726;0;4.5;1.4;0.0
71;2021-02-15;310;875;0;24986;8601;0;4.6;1.6;0.0
71;2021-02-16;386;1332;0;25372;9933;0;4.6;1.8;0.0
71;2021-02-17;437;1106;0;25809;11039;0;4.7;2.0;0.0
71;2021-02-18;499;878;0;26308;11917;0;4.8;2.2;0.0
71;2021-02-19;525;748;0;26833;12665;0;4.9;2.3;0.0
71;2021-02-20;221;368;0;27054;13033;0;4.9;2.4;0.0
71;2021-02-21;0;11;0;27054;13044;0;4.9;2.4;0.0
71;2021-02-22;227;855;0;27281;13899;0;5.0;2.5;0.0
71;2021-02-23;448;952;0;27729;14851;0;5.1;2.7;0.0
71;2021-02-24;445;762;0;28174;15613;0;5.1;2.9;0.0
71;2021-02-25;530;756;0;28704;16369;0;5.2;3.0;0.0
71;2021-02-26;846;568;0;29550;16937;0;5.4;3.1;0.0
71;2021-02-27;468;339;0;30018;17276;0;5.5;3.2;0.0
71;2021-02-28;56;17;0;30074;17293;0;5.5;3.2;0.0
71;2021-03-01;1140;703;0;31214;17996;0;5.7;3.3;0.0
71;2021-03-02;1509;716;0;32723;18712;0;6.0;3.4;0.0
71;2021-03-03;1751;756;0;34474;19468;0;6.3;3.6;0.0
71;2021-03-04;1996;823;0;36470;20291;0;6.7;3.7;0.0
71;2021-03-05;2252;682;0;38722;20973;0;7.1;3.8;0.0
71;2021-03-06;793;74;0;39515;21047;0;7.2;3.8;0.0
71;2021-03-07;74;13;0;39589;21060;0;7.2;3.8;0.0
71;2021-03-08;1424;798;0;41013;21858;0;7.5;4.0;0.0
71;2021-03-09;2111;593;0;43124;22451;0;7.9;4.1;0.0
71;2021-03-10;2122;460;0;45246;22911;0;8.3;4.2;0.0
71;2021-03-11;2580;680;0;47826;23591;0;8.7;4.3;0.0
71;2021-03-12;2534;610;0;50360;24201;0;9.2;4.4;0.0
71;2021-03-13;1083;106;0;51443;24307;0;9.4;4.4;0.0
71;2021-03-14;58;8;0;51501;24315;0;9.4;4.4;0.0
71;2021-03-15;1776;479;0;53277;24794;0;9.7;4.5;0.0
71;2021-03-16;1768;218;0;55045;25012;0;10.0;4.6;0.0
71;2021-03-17;2079;259;0;57124;25271;0;10.4;4.6;0.0
71;2021-03-18;1891;455;0;59015;25726;0;10.8;4.7;0.0
71;2021-03-19;2322;327;0;61337;26053;0;11.2;4.8;0.0
71;2021-03-20;1029;51;0;62366;26104;0;11.4;4.8;0.0
71;2021-03-21;25;4;0;62391;26108;0;11.4;4.8;0.0
71;2021-03-22;2447;372;0;64838;26480;0;11.8;4.8;0.0
71;2021-03-23;3285;486;0;68123;26966;0;12.4;4.9;0.0
71;2021-03-24;3187;457;0;71310;27423;0;13.0;5.0;0.0
71;2021-03-25;3866;558;0;75176;27981;0;13.7;5.1;0.0
71;2021-03-26;3810;335;0;78986;28316;0;14.4;5.2;0.0
71;2021-03-27;937;101;0;79923;28417;0;14.6;5.2;0.0
71;2021-03-28;75;11;0;79998;28428;0;14.6;5.2;0.0
71;2021-03-29;2321;1113;0;82319;29541;0;15.0;5.4;0.0
71;2021-03-30;3000;1311;0;85319;30852;0;15.6;5.6;0.0
71;2021-03-31;2453;1495;0;87772;32347;0;16.0;5.9;0.0
71;2021-04-01;2645;1281;0;90417;33628;0;16.5;6.1;0.0
71;2021-04-02;2385;1403;0;92802;35031;0;16.9;6.4;0.0
71;2021-04-03;297;48;0;93099;35079;0;17.0;6.4;0.0
71;2021-04-04;22;8;0;93121;35087;0;17.0;6.4;0.0
71;2021-04-05;94;2;0;93215;35089;0;17.0;6.4;0.0
71;2021-04-06;2096;1827;0;95311;36916;0;17.4;6.7;0.0
71;2021-04-07;2275;1743;0;97586;38659;0;17.8;7.1;0.0
71;2021-04-08;3156;1757;0;100742;40416;0;18.4;7.4;0.0
71;2021-04-09;3870;1619;0;104612;42035;0;19.1;7.7;0.0
71;2021-04-10;830;97;0;105442;42132;0;19.2;7.7;0.0
71;2021-04-11;108;13;0;105550;42145;0;19.3;7.7;0.0
71;2021-04-12;2278;1673;0;107828;43818;0;19.7;8.0;0.0
71;2021-04-13;2528;1831;0;110356;45649;0;20.1;8.3;0.0
71;2021-04-14;2318;1904;0;112674;47553;0;20.6;8.7;0.0
71;2021-04-15;2701;1653;0;115375;49206;0;21.1;9.0;0.0
71;2021-04-16;2564;1668;0;117939;50874;0;21.5;9.3;0.0
71;2021-04-17;947;356;0;118886;51230;0;21.7;9.4;0.0
71;2021-04-18;126;20;0;119012;51250;0;21.7;9.4;0.0
71;2021-04-19;1637;2361;0;120649;53611;0;22.0;9.8;0.0
71;2021-04-20;2104;2435;0;122753;56046;0;22.4;10.2;0.0
71;2021-04-21;2008;2371;0;124761;58417;0;22.8;10.7;0.0
71;2021-04-22;2371;2253;0;127132;60670;0;23.2;11.1;0.0
71;2021-04-23;2695;2088;0;129827;62758;0;23.7;11.5;0.0
71;2021-04-24;573;103;0;130400;62861;0;23.8;11.5;0.0
71;2021-04-25;42;7;0;130442;62868;0;23.8;11.5;0.0
71;2021-04-26;2277;1990;0;132719;64858;0;24.2;11.8;0.0
71;2021-04-27;2815;2178;0;135534;67036;0;24.7;12.2;0.0
71;2021-04-28;2892;2098;0;138426;69134;0;25.3;12.6;0.0
71;2021-04-29;3530;2102;0;141956;71236;0;25.9;13.0;0.0
71;2021-04-30;3689;1595;0;145645;72831;0;26.6;13.3;0.0
71;2021-05-01;137;64;0;145782;72895;0;26.6;13.3;0.0
71;2021-05-02;57;33;0;145839;72928;0;26.6;13.3;0.0
71;2021-05-03;3914;1403;0;149753;74331;0;27.3;13.6;0.0
71;2021-05-04;2763;2240;0;152516;76571;0;27.8;14.0;0.0
71;2021-05-05;3173;1976;0;155689;78547;0;28.4;14.3;0.0
71;2021-05-06;3363;2199;0;159052;80746;0;29.0;14.7;0.0
71;2021-05-07;3418;2619;0;162470;83365;0;29.7;15.2;0.0
71;2021-05-08;309;220;0;162779;83585;0;29.7;15.3;0.0
71;2021-05-09;93;56;0;162872;83641;0;29.7;15.3;0.0
71;2021-05-10;3361;2196;0;166233;85837;0;30.3;15.7;0.0
71;2021-05-11;4226;2257;0;170459;88094;0;31.1;16.1;0.0
71;2021-05-12;3781;2425;0;174240;90519;0;31.8;16.5;0.0
71;2021-05-13;1541;176;0;175781;90695;0;32.1;16.6;0.0
71;2021-05-14;3642;2035;0;179423;92730;0;32.8;16.9;0.0
71;2021-05-15;652;336;0;180075;93066;0;32.9;17.0;0.0
71;2021-05-16;86;17;0;180161;93083;0;32.9;17.0;0.0
71;2021-05-17;3699;1769;0;183860;94852;0;33.6;17.3;0.0
71;2021-05-18;3360;2289;0;187220;97141;0;34.2;17.7;0.0
71;2021-05-19;3763;2152;0;190983;99293;0;34.9;18.1;0.0
71;2021-05-20;4301;2175;0;195284;101468;0;35.6;18.5;0.0
71;2021-05-21;3766;2394;0;199050;103862;0;36.3;19.0;0.0
71;2021-05-22;630;369;0;199680;104231;0;36.4;19.0;0.0
71;2021-05-23;100;60;0;199780;104291;0;36.5;19.0;0.0
71;2021-05-24;400;144;0;200180;104435;0;36.5;19.1;0.0
71;2021-05-25;2713;2896;0;202893;107331;0;37.0;19.6;0.0
71;2021-05-26;3087;2323;0;205980;109654;0;37.6;20.0;0.0
71;2021-05-27;3554;2414;0;209534;112068;0;38.2;20.5;0.0
71;2021-05-28;2980;2999;0;212514;115067;0;38.8;21.0;0.0
71;2021-05-29;891;719;0;213405;115786;0;39.0;21.1;0.0
71;2021-05-30;127;82;0;213532;115868;0;39.0;21.2;0.0
71;2021-05-31;2755;3229;0;216287;119097;0;39.5;21.7;0.0
71;2021-06-01;3516;3389;0;219803;122486;0;40.1;22.4;0.0
71;2021-06-02;3837;2535;0;223640;125021;0;40.8;22.8;0.0
71;2021-06-03;4146;2434;0;227786;127455;0;41.6;23.3;0.0
71;2021-06-04;3676;3428;0;231462;130883;0;42.3;23.9;0.0
71;2021-06-05;1118;729;0;232580;131612;0;42.5;24.0;0.0
71;2021-06-06;138;103;0;232718;131715;0;42.5;24.0;0.0
71;2021-06-07;3188;3700;0;235906;135415;0;43.1;24.7;0.0
71;2021-06-08;3793;3646;0;239699;139061;0;43.8;25.4;0.0
71;2021-06-09;4404;2613;0;244103;141674;0;44.6;25.9;0.0
71;2021-06-10;4930;2720;0;249033;144394;0;45.5;26.4;0.0
71;2021-06-11;4121;3510;0;253154;147904;0;46.2;27.0;0.0
71;2021-06-12;1063;684;0;254217;148588;0;46.4;27.1;0.0
71;2021-06-13;153;200;0;254370;148788;0;46.4;27.2;0.0
71;2021-06-14;3176;3554;0;257546;152342;0;47.0;27.8;0.0
71;2021-06-15;3810;3344;0;261356;155686;0;47.7;28.4;0.0
71;2021-06-16;4183;2617;0;265539;158303;0;48.5;28.9;0.0
71;2021-06-17;3978;2913;0;269517;161216;0;49.2;29.4;0.0
71;2021-06-18;3956;3477;0;273473;164693;0;49.9;30.1;0.0
71;2021-06-19;1292;838;0;274765;165531;0;50.2;30.2;0.0
71;2021-06-20;70;70;0;274835;165601;0;50.2;30.2;0.0
71;2021-06-21;2035;3929;0;276870;169530;0;50.5;30.9;0.0
71;2021-06-22;2447;4193;0;279317;173723;0;51.0;31.7;0.0
71;2021-06-23;2867;3304;0;282184;177027;0;51.5;32.3;0.0
71;2021-06-24;3107;2896;0;285291;179923;0;52.1;32.8;0.0
71;2021-06-25;2455;4351;0;287746;184274;0;52.5;33.6;0.0
71;2021-06-26;503;1005;0;288249;185279;0;52.6;33.8;0.0
71;2021-06-27;60;121;0;288309;185400;0;52.6;33.8;0.0
71;2021-06-28;1445;4403;0;289754;189803;0;52.9;34.6;0.0
71;2021-06-29;1837;4595;0;291591;194398;0;53.2;35.5;0.0
71;2021-06-30;2299;3857;0;293890;198255;0;53.6;36.2;0.0
71;2021-07-01;2503;3810;0;296393;202065;0;54.1;36.9;0.0
71;2021-07-02;2722;3927;0;299115;205992;0;54.6;37.6;0.0
71;2021-07-03;403;1090;0;299518;207082;0;54.7;37.8;0.0
71;2021-07-04;51;192;0;299569;207274;0;54.7;37.8;0.0
71;2021-07-05;2133;4172;0;301702;211446;0;55.1;38.6;0.0
71;2021-07-06;2137;4353;0;303839;215799;0;55.5;39.4;0.0
71;2021-07-07;2569;3577;0;306408;219376;0;55.9;40.0;0.0
71;2021-07-08;2446;3972;0;308854;223348;0;56.4;40.8;0.0
71;2021-07-09;2119;4760;0;310973;228108;0;56.8;41.6;0.0
71;2021-07-10;363;1000;0;311336;229108;0;56.8;41.8;0.0
71;2021-07-11;60;118;0;311396;229226;0;56.8;41.8;0.0
71;2021-07-12;1764;4968;0;313160;234194;0;57.2;42.7;0.0
71;2021-07-13;2416;5456;0;315576;239650;0;57.6;43.7;0.0
71;2021-07-14;1037;470;0;316613;240120;0;57.8;43.8;0.0
71;2021-07-15;2809;5362;0;319422;245482;0;58.3;44.8;0.0
71;2021-07-16;3397;5676;0;322819;251158;0;58.9;45.8;0.0
71;2021-07-17;982;1280;0;323801;252438;0;59.1;46.1;0.0
71;2021-07-18;162;176;0;323963;252614;0;59.1;46.1;0.0
71;2021-07-19;2864;5241;0;326827;257855;0;59.7;47.1;0.0
71;2021-07-20;3256;5560;0;330083;263415;0;60.3;48.1;0.0
71;2021-07-21;3524;5107;0;333607;268522;0;60.9;49.0;0.0
71;2021-07-22;3836;5024;0;337443;273546;0;61.6;49.9;0.0
71;2021-07-23;3271;5645;0;340714;279191;0;62.2;51.0;0.0
71;2021-07-24;1055;1072;0;341769;280263;0;62.4;51.2;0.0
71;2021-07-25;253;153;0;342022;280416;0;62.4;51.2;0.0
71;2021-07-26;3454;4467;0;345476;284883;0;63.1;52.0;0.0
71;2021-07-27;3943;4555;0;349419;289438;0;63.8;52.8;0.0
71;2021-07-28;4172;4406;0;353591;293844;0;64.5;53.6;0.0
71;2021-07-29;4112;4305;0;357703;298149;0;65.3;54.4;0.0
71;2021-07-30;4116;4474;0;361819;302623;0;66.0;55.2;0.0
71;2021-07-31;1043;894;0;362862;303517;0;66.2;55.4;0.0
71;2021-08-01;222;105;0;363084;303622;0;66.3;55.4;0.0
71;2021-08-02;3769;3393;0;366853;307015;0;67.0;56.0;0.0
71;2021-08-03;4078;3518;0;370931;310533;0;67.7;56.7;0.0
71;2021-08-04;4055;2823;0;374986;313356;0;68.5;57.2;0.0
71;2021-08-05;3926;3092;0;378912;316448;0;69.2;57.8;0.0
71;2021-08-06;3499;3835;0;382411;320283;0;69.8;58.5;0.0
71;2021-08-07;669;684;0;383080;320967;0;69.9;58.6;0.0
71;2021-08-08;108;119;0;383188;321086;0;69.9;58.6;0.0
71;2021-08-09;2617;3057;0;385805;324143;0;70.4;59.2;0.0
71;2021-08-10;2763;3144;0;388568;327287;0;70.9;59.7;0.0
71;2021-08-11;2895;3008;0;391463;330295;0;71.5;60.3;0.0
71;2021-08-12;2772;3040;0;394235;333335;0;72.0;60.8;0.0
71;2021-08-13;2476;3185;0;396711;336520;0;72.4;61.4;0.0
71;2021-08-14;369;779;0;397080;337299;0;72.5;61.6;0.0
71;2021-08-15;71;185;0;397151;337484;0;72.5;61.6;0.0
71;2021-08-16;1488;3219;0;398639;340703;0;72.8;62.2;0.0
71;2021-08-17;1579;3094;0;400218;343797;0;73.1;62.8;0.0
71;2021-08-18;1359;2980;0;401577;346777;0;73.3;63.3;0.0
71;2021-08-19;1226;2827;0;402803;349604;0;73.5;63.8;0.0
71;2021-08-20;1202;3590;0;404005;353194;0;73.7;64.5;0.0
71;2021-08-21;211;721;0;404216;353915;0;73.8;64.6;0.0
71;2021-08-22;62;148;0;404278;354063;0;73.8;64.6;0.0
71;2021-08-23;1248;4226;0;405526;358289;0;74.0;65.4;0.0
71;2021-08-24;1187;3534;0;406713;361823;0;74.2;66.0;0.0
71;2021-08-25;881;3588;0;407594;365411;0;74.4;66.7;0.0
71;2021-08-26;893;3248;0;408487;368659;0;74.6;67.3;0.0
71;2021-08-27;1045;4153;0;409532;372812;0;74.8;68.1;0.0
71;2021-08-28;236;641;0;409768;373453;0;74.8;68.2;0.0
71;2021-08-29;37;154;0;409805;373607;0;74.8;68.2;0.0
71;2021-08-30;1092;3505;51;410897;377112;51;75.0;68.8;0.0
71;2021-08-31;907;3118;157;411804;380230;208;75.2;69.4;0.0
71;2021-09-01;898;3123;313;412702;383353;521;75.3;70.0;0.1
71;2021-09-02;609;2663;294;413311;386016;815;75.4;70.5;0.1
71;2021-09-03;811;3469;378;414122;389485;1193;75.6;71.1;0.2
71;2021-09-04;301;692;66;414423;390177;1259;75.6;71.2;0.2
71;2021-09-05;30;104;8;414453;390281;1267;75.7;71.2;0.2
71;2021-09-06;598;2083;403;415051;392364;1670;75.8;71.6;0.3
71;2021-09-07;504;1577;536;415555;393941;2206;75.9;71.9;0.4
71;2021-09-08;657;2028;413;416212;395969;2619;76.0;72.3;0.5
71;2021-09-09;441;1251;561;416653;397220;3180;76.1;72.5;0.6
71;2021-09-10;749;1956;616;417402;399176;3796;76.2;72.9;0.7
71;2021-09-11;232;409;68;417634;399585;3864;76.2;72.9;0.7
71;2021-09-12;27;51;13;417661;399636;3877;76.2;72.9;0.7
71;2021-09-13;611;1212;348;418272;400848;4225;76.4;73.2;0.8
71;2021-09-14;481;978;506;418753;401826;4731;76.4;73.3;0.9
71;2021-09-15;577;1387;565;419330;403213;5296;76.5;73.6;1.0
71;2021-09-16;448;805;527;419778;404018;5823;76.6;73.7;1.1
71;2021-09-17;526;1303;595;420304;405321;6418;76.7;74.0;1.2
71;2021-09-18;159;324;119;420463;405645;6537;76.8;74.0;1.2
71;2021-09-19;16;35;9;420479;405680;6546;76.8;74.1;1.2
71;2021-09-20;433;817;529;420912;406497;7075;76.8;74.2;1.3
71;2021-09-21;274;644;705;421186;407141;7780;76.9;74.3;1.4
71;2021-09-22;310;1181;600;421496;408322;8380;76.9;74.5;1.5
71;2021-09-23;279;568;537;421775;408890;8917;77.0;74.6;1.6
71;2021-09-24;348;945;562;422123;409835;9479;77.1;74.8;1.7
71;2021-09-25;78;237;62;422201;410072;9541;77.1;74.9;1.7
71;2021-09-26;10;40;4;422211;410112;9545;77.1;74.9;1.7
71;2021-09-27;272;678;601;422483;410790;10146;77.1;75.0;1.9
71;2021-09-28;275;453;704;422758;411243;10850;77.2;75.1;2.0
71;2021-09-29;306;703;668;423064;411946;11518;77.2;75.2;2.1
71;2021-09-30;209;478;722;423273;412424;12240;77.3;75.3;2.2
71;2021-10-01;402;807;967;423675;413231;13207;77.3;75.4;2.4
71;2021-10-02;129;230;135;423804;413461;13342;77.4;75.5;2.4
71;2021-10-03;5;16;35;423809;413477;13377;77.4;75.5;2.4
71;2021-10-04;258;535;618;424067;414012;13995;77.4;75.6;2.6
71;2021-10-05;197;379;644;424264;414391;14639;77.4;75.6;2.7
71;2021-10-06;378;643;819;424642;415034;15458;77.5;75.8;2.8
71;2021-10-07;156;358;651;424798;415392;16109;77.5;75.8;2.9
71;2021-10-08;338;645;1086;425136;416037;17195;77.6;75.9;3.1
71;2021-10-09;79;193;165;425215;416230;17360;77.6;76.0;3.2
71;2021-10-10;9;21;23;425224;416251;17383;77.6;76.0;3.2
71;2021-10-11;265;511;740;425489;416762;18123;77.7;76.1;3.3
71;2021-10-12;182;361;743;425671;417123;18866;77.7;76.1;3.4
71;2021-10-13;297;446;927;425968;417569;19793;77.8;76.2;3.6
71;2021-10-14;159;283;759;426127;417852;20552;77.8;76.3;3.8
71;2021-10-15;280;527;1262;426407;418379;21814;77.8;76.4;4.0
71;2021-10-16;114;139;161;426521;418518;21975;77.9;76.4;4.0
71;2021-10-17;3;13;26;426524;418531;22001;77.9;76.4;4.0
71;2021-10-18;235;362;1094;426759;418893;23095;77.9;76.5;4.2
71;2021-10-19;168;280;1055;426927;419173;24150;77.9;76.5;4.4
71;2021-10-20;285;432;1505;427212;419605;25655;78.0;76.6;4.7
71;2021-10-21;129;188;961;427341;419793;26616;78.0;76.6;4.9
71;2021-10-22;233;337;1326;427574;420130;27942;78.0;76.7;5.1
71;2021-10-23;84;117;165;427658;420247;28107;78.1;76.7;5.1
71;2021-10-24;6;30;27;427664;420277;28134;78.1;76.7;5.1
71;2021-10-25;201;299;1067;427865;420576;29201;78.1;76.8;5.3
71;2021-10-26;137;202;939;428002;420778;30140;78.1;76.8;5.5
71;2021-10-27;186;322;1279;428188;421100;31419;78.2;76.9;5.7
71;2021-10-28;132;150;844;428320;421250;32263;78.2;76.9;5.9
71;2021-10-29;197;313;1294;428517;421563;33557;78.2;77.0;6.1
71;2021-10-30;69;121;192;428586;421684;33749;78.2;77.0;6.2
71;2021-10-31;9;14;48;428595;421698;33797;78.2;77.0;6.2
71;2021-11-01;14;9;2;428609;421707;33799;78.2;77.0;6.2
71;2021-11-02;173;242;1325;428782;421949;35124;78.3;77.0;6.4
71;2021-11-03;191;354;1389;428973;422303;36513;78.3;77.1;6.7
71;2021-11-04;132;161;1091;429105;422464;37604;78.3;77.1;6.9
71;2021-11-05;227;307;2100;429332;422771;39704;78.4;77.2;7.2
71;2021-11-06;75;101;292;429407;422872;39996;78.4;77.2;7.3
71;2021-11-07;1;4;22;429408;422876;40018;78.4;77.2;7.3
71;2021-11-08;155;246;1691;429563;423122;41709;78.4;77.2;7.6
71;2021-11-09;96;194;1773;429659;423316;43482;78.4;77.3;7.9
71;2021-11-10;218;297;2041;429877;423613;45523;78.5;77.3;8.3
71;2021-11-11;14;22;87;429891;423635;45610;78.5;77.3;8.3
71;2021-11-12;192;293;2143;430083;423928;47753;78.5;77.4;8.7
71;2021-11-13;60;78;338;430143;424006;48091;78.5;77.4;8.8
71;2021-11-14;4;9;8;430147;424015;48099;78.5;77.4;8.8
71;2021-11-15;138;200;1929;430285;424215;50028;78.5;77.4;9.1
71;2021-11-16;137;161;2078;430422;424376;52106;78.6;77.5;9.5
71;2021-11-17;185;237;2152;430607;424613;54258;78.6;77.5;9.9
71;2021-11-18;123;152;1734;430730;424765;55992;78.6;77.5;10.2
71;2021-11-19;221;277;2673;430951;425042;58665;78.7;77.6;10.7
71;2021-11-20;70;55;489;431021;425097;59154;78.7;77.6;10.8
71;2021-11-21;5;18;87;431026;425115;59241;78.7;77.6;10.8
71;2021-11-22;201;139;2457;431227;425254;61698;78.7;77.6;11.3
71;2021-11-23;138;178;2187;431365;425432;63885;78.7;77.7;11.7
71;2021-11-24;274;280;2694;431639;425712;66579;78.8;77.7;12.2
71;2021-11-25;149;143;2270;431788;425855;68849;78.8;77.7;12.6
71;2021-11-26;269;287;4013;432057;426142;72862;78.9;77.8;13.3
71;2021-11-27;88;98;736;432145;426240;73598;78.9;77.8;13.4
71;2021-11-28;12;18;126;432157;426258;73724;78.9;77.8;13.5
71;2021-11-29;175;166;3719;432332;426424;77443;78.9;77.8;14.1
71;2021-11-30;177;169;4378;432509;426593;81821;79.0;77.9;14.9
71;2021-12-01;180;246;4732;432689;426839;86553;79.0;77.9;15.8
71;2021-12-02;141;90;4481;432830;426929;91034;79.0;77.9;16.6
71;2021-12-03;161;253;5936;432991;427182;96970;79.0;78.0;17.7
71;2021-12-04;93;114;2038;433084;427296;99008;79.1;78.0;18.1
71;2021-12-05;8;16;197;433092;427312;99205;79.1;78.0;18.1
71;2021-12-06;132;211;5901;433224;427523;105106;79.1;78.0;19.2
71;2021-12-07;154;195;7278;433378;427718;112384;79.1;78.1;20.5
71;2021-12-08;159;195;6237;433537;427913;118621;79.1;78.1;21.7
71;2021-12-09;159;171;6857;433696;428084;125478;79.2;78.1;22.9
71;2021-12-10;174;229;7079;433870;428313;132557;79.2;78.2;24.2
71;2021-12-11;95;99;2463;433965;428412;135020;79.2;78.2;24.6
71;2021-12-12;14;10;367;433979;428422;135387;79.2;78.2;24.7
71;2021-12-13;144;187;6575;434123;428609;141962;79.2;78.2;25.9
71;2021-12-14;159;183;7824;434282;428792;149786;79.3;78.3;27.3
71;2021-12-15;148;282;6794;434430;429074;156580;79.3;78.3;28.6
72;2020-12-27;0;0;0;0;0;0;0.0;0.0;0.0
72;2020-12-28;2;0;0;2;0;0;0.0;0.0;0.0
72;2020-12-29;0;0;0;2;0;0;0.0;0.0;0.0
72;2020-12-30;0;0;0;2;0;0;0.0;0.0;0.0
72;2020-12-31;0;0;0;2;0;0;0.0;0.0;0.0
72;2021-01-01;1;0;0;3;0;0;0.0;0.0;0.0
72;2021-01-02;0;0;0;3;0;0;0.0;0.0;0.0
72;2021-01-03;0;0;0;3;0;0;0.0;0.0;0.0
72;2021-01-04;1;0;0;4;0;0;0.0;0.0;0.0
72;2021-01-05;15;0;0;19;0;0;0.0;0.0;0.0
72;2021-01-06;42;0;0;61;0;0;0.0;0.0;0.0
72;2021-01-07;142;1;0;203;1;0;0.0;0.0;0.0
72;2021-01-08;255;1;0;458;2;0;0.1;0.0;0.0
72;2021-01-09;48;0;0;506;2;0;0.1;0.0;0.0
72;2021-01-10;14;0;0;520;2;0;0.1;0.0;0.0
72;2021-01-11;513;1;0;1033;3;0;0.2;0.0;0.0
72;2021-01-12;621;1;0;1654;4;0;0.3;0.0;0.0
72;2021-01-13;563;2;0;2217;6;0;0.4;0.0;0.0
72;2021-01-14;672;4;0;2889;10;0;0.5;0.0;0.0
72;2021-01-15;505;1;0;3394;11;0;0.6;0.0;0.0
72;2021-01-16;120;0;0;3514;11;0;0.6;0.0;0.0
72;2021-01-17;34;1;0;3548;12;0;0.6;0.0;0.0
72;2021-01-18;407;1;0;3955;13;0;0.7;0.0;0.0
72;2021-01-19;859;5;0;4814;18;0;0.9;0.0;0.0
72;2021-01-20;1506;6;0;6320;24;0;1.1;0.0;0.0
72;2021-01-21;1790;6;0;8110;30;0;1.4;0.0;0.0
72;2021-01-22;1139;6;0;9249;36;0;1.7;0.0;0.0
72;2021-01-23;73;1;0;9322;37;0;1.7;0.0;0.0
72;2021-01-24;12;0;0;9334;37;0;1.7;0.0;0.0
72;2021-01-25;570;6;0;9904;43;0;1.8;0.0;0.0
72;2021-01-26;1214;23;0;11118;66;0;2.0;0.0;0.0
72;2021-01-27;961;24;0;12079;90;0;2.2;0.0;0.0
72;2021-01-28;859;70;0;12938;160;0;2.3;0.0;0.0
72;2021-01-29;712;67;0;13650;227;0;2.4;0.0;0.0
72;2021-01-30;101;1;0;13751;228;0;2.5;0.0;0.0
72;2021-01-31;2;1;0;13753;229;0;2.5;0.0;0.0
72;2021-02-01;552;248;0;14305;477;0;2.6;0.1;0.0
72;2021-02-02;559;295;0;14864;772;0;2.7;0.1;0.0
72;2021-02-03;545;259;0;15409;1031;0;2.8;0.2;0.0
72;2021-02-04;546;367;0;15955;1398;0;2.8;0.2;0.0
72;2021-02-05;532;441;0;16487;1839;0;2.9;0.3;0.0
72;2021-02-06;108;37;0;16595;1876;0;3.0;0.3;0.0
72;2021-02-07;18;6;0;16613;1882;0;3.0;0.3;0.0
72;2021-02-08;350;441;0;16963;2323;0;3.0;0.4;0.0
72;2021-02-09;527;557;0;17490;2880;0;3.1;0.5;0.0
72;2021-02-10;594;924;0;18084;3804;0;3.2;0.7;0.0
72;2021-02-11;941;1350;0;19025;5154;0;3.4;0.9;0.0
72;2021-02-12;891;588;0;19916;5742;0;3.6;1.0;0.0
72;2021-02-13;131;71;0;20047;5813;0;3.6;1.0;0.0
72;2021-02-14;1;40;0;20048;5853;0;3.6;1.0;0.0
72;2021-02-15;266;598;0;20314;6451;0;3.6;1.2;0.0
72;2021-02-16;529;1049;0;20843;7500;0;3.7;1.3;0.0
72;2021-02-17;484;755;0;21327;8255;0;3.8;1.5;0.0
72;2021-02-18;640;721;0;21967;8976;0;3.9;1.6;0.0
72;2021-02-19;557;640;0;22524;9616;0;4.0;1.7;0.0
72;2021-02-20;87;88;0;22611;9704;0;4.0;1.7;0.0
72;2021-02-21;0;3;0;22611;9707;0;4.0;1.7;0.0
72;2021-02-22;345;646;0;22956;10353;0;4.1;1.8;0.0
72;2021-02-23;603;634;0;23559;10987;0;4.2;2.0;0.0
72;2021-02-24;505;603;0;24064;11590;0;4.3;2.1;0.0
72;2021-02-25;929;642;0;24993;12232;0;4.5;2.2;0.0
72;2021-02-26;665;589;0;25658;12821;0;4.6;2.3;0.0
72;2021-02-27;336;97;0;25994;12918;0;4.6;2.3;0.0
72;2021-02-28;15;19;0;26009;12937;0;4.6;2.3;0.0
72;2021-03-01;383;515;0;26392;13452;0;4.7;2.4;0.0
72;2021-03-02;521;665;0;26913;14117;0;4.8;2.5;0.0
72;2021-03-03;743;691;0;27656;14808;0;4.9;2.6;0.0
72;2021-03-04;764;839;0;28420;15647;0;5.1;2.8;0.0
72;2021-03-05;953;752;0;29373;16399;0;5.2;2.9;0.0
72;2021-03-06;815;164;0;30188;16563;0;5.4;3.0;0.0
72;2021-03-07;421;25;0;30609;16588;0;5.5;3.0;0.0
72;2021-03-08;568;487;0;31177;17075;0;5.6;3.0;0.0
72;2021-03-09;1095;645;0;32272;17720;0;5.8;3.2;0.0
72;2021-03-10;1219;651;0;33491;18371;0;6.0;3.3;0.0
72;2021-03-11;1670;523;0;35161;18894;0;6.3;3.4;0.0
72;2021-03-12;1505;519;0;36666;19413;0;6.5;3.5;0.0
72;2021-03-13;1068;133;0;37734;19546;0;6.7;3.5;0.0
72;2021-03-14;25;8;0;37759;19554;0;6.7;3.5;0.0
72;2021-03-15;1210;215;0;38969;19769;0;7.0;3.5;0.0
72;2021-03-16;1115;196;0;40084;19965;0;7.2;3.6;0.0
72;2021-03-17;1105;270;0;41189;20235;0;7.4;3.6;0.0
72;2021-03-18;1175;385;0;42364;20620;0;7.6;3.7;0.0
72;2021-03-19;1385;297;0;43749;20917;0;7.8;3.7;0.0
72;2021-03-20;515;81;0;44264;20998;0;7.9;3.7;0.0
72;2021-03-21;26;4;0;44290;21002;0;7.9;3.7;0.0
72;2021-03-22;1428;346;0;45718;21348;0;8.2;3.8;0.0
72;2021-03-23;1837;507;0;47555;21855;0;8.5;3.9;0.0
72;2021-03-24;1967;306;0;49522;22161;0;8.8;4.0;0.0
72;2021-03-25;2584;480;0;52106;22641;0;9.3;4.0;0.0
72;2021-03-26;2494;374;0;54600;23015;0;9.7;4.1;0.0
72;2021-03-27;710;35;0;55310;23050;0;9.9;4.1;0.0
72;2021-03-28;49;1;0;55359;23051;0;9.9;4.1;0.0
72;2021-03-29;1719;381;0;57078;23432;0;10.2;4.2;0.0
72;2021-03-30;2615;406;0;59693;23838;0;10.7;4.3;0.0
72;2021-03-31;2341;385;0;62034;24223;0;11.1;4.3;0.0
72;2021-04-01;3047;383;0;65081;24606;0;11.6;4.4;0.0
72;2021-04-02;2438;440;0;67519;25046;0;12.1;4.5;0.0
72;2021-04-03;375;65;0;67894;25111;0;12.1;4.5;0.0
72;2021-04-04;26;6;0;67920;25117;0;12.1;4.5;0.0
72;2021-04-05;120;52;0;68040;25169;0;12.1;4.5;0.0
72;2021-04-06;1881;522;0;69921;25691;0;12.5;4.6;0.0
72;2021-04-07;2723;683;0;72644;26374;0;13.0;4.7;0.0
72;2021-04-08;2878;850;0;75522;27224;0;13.5;4.9;0.0
72;2021-04-09;4069;651;0;79591;27875;0;14.2;5.0;0.0
72;2021-04-10;1280;96;0;80871;27971;0;14.4;5.0;0.0
72;2021-04-11;31;8;0;80902;27979;0;14.4;5.0;0.0
72;2021-04-12;2017;968;0;82919;28947;0;14.8;5.2;0.0
72;2021-04-13;2614;1179;0;85533;30126;0;15.3;5.4;0.0
72;2021-04-14;2458;1177;0;87991;31303;0;15.7;5.6;0.0
72;2021-04-15;2704;1199;0;90695;32502;0;16.2;5.8;0.0
72;2021-04-16;2848;1091;0;93543;33593;0;16.7;6.0;0.0
72;2021-04-17;983;184;0;94526;33777;0;16.9;6.0;0.0
72;2021-04-18;90;5;0;94616;33782;0;16.9;6.0;0.0
72;2021-04-19;1619;1199;0;96235;34981;0;17.2;6.2;0.0
72;2021-04-20;3234;1386;0;99469;36367;0;17.8;6.5;0.0
72;2021-04-21;2687;1666;0;102156;38033;0;18.2;6.8;0.0
72;2021-04-22;3011;1909;0;105167;39942;0;18.8;7.1;0.0
72;2021-04-23;3429;1592;0;108596;41534;0;19.4;7.4;0.0
72;2021-04-24;1670;348;0;110266;41882;0;19.7;7.5;0.0
72;2021-04-25;873;26;0;111139;41908;0;19.8;7.5;0.0
72;2021-04-26;3664;1627;0;114803;43535;0;20.5;7.8;0.0
72;2021-04-27;4260;2047;0;119063;45582;0;21.3;8.1;0.0
72;2021-04-28;4071;2073;0;123134;47655;0;22.0;8.5;0.0
72;2021-04-29;4418;1962;0;127552;49617;0;22.8;8.9;0.0
72;2021-04-30;3898;1862;0;131450;51479;0;23.5;9.2;0.0
72;2021-05-01;1660;235;0;133110;51714;0;23.8;9.2;0.0
72;2021-05-02;1496;172;0;134606;51886;0;24.0;9.3;0.0
72;2021-05-03;3607;1280;0;138213;53166;0;24.7;9.5;0.0
72;2021-05-04;4133;2015;0;142346;55181;0;25.4;9.8;0.0
72;2021-05-05;3980;2345;0;146326;57526;0;26.1;10.3;0.0
72;2021-05-06;3818;2180;0;150144;59706;0;26.8;10.7;0.0
72;2021-05-07;3661;2388;0;153805;62094;0;27.5;11.1;0.0
72;2021-05-08;1976;225;0;155781;62319;0;27.8;11.1;0.0
72;2021-05-09;1949;220;0;157730;62539;0;28.2;11.2;0.0
72;2021-05-10;3823;1840;0;161553;64379;0;28.8;11.5;0.0
72;2021-05-11;4634;2313;0;166187;66692;0;29.7;11.9;0.0
72;2021-05-12;4166;2090;0;170353;68782;0;30.4;12.3;0.0
72;2021-05-13;2930;351;0;173283;69133;0;30.9;12.3;0.0
72;2021-05-14;3794;1535;0;177077;70668;0;31.6;12.6;0.0
72;2021-05-15;3144;518;0;180221;71186;0;32.2;12.7;0.0
72;2021-05-16;2389;157;0;182610;71343;0;32.6;12.7;0.0
72;2021-05-17;3861;1477;0;186471;72820;0;33.3;13.0;0.0
72;2021-05-18;4502;1840;0;190973;74660;0;34.1;13.3;0.0
72;2021-05-19;4184;1695;0;195157;76355;0;34.8;13.6;0.0
72;2021-05-20;4486;1552;0;199643;77907;0;35.6;13.9;0.0
72;2021-05-21;4004;1521;0;203647;79428;0;36.4;14.2;0.0
72;2021-05-22;2649;602;0;206296;80030;0;36.8;14.3;0.0
72;2021-05-23;1325;160;0;207621;80190;0;37.1;14.3;0.0
72;2021-05-24;2409;304;0;210030;80494;0;37.5;14.4;0.0
72;2021-05-25;4166;1475;0;214196;81969;0;38.2;14.6;0.0
72;2021-05-26;4195;1531;0;218391;83500;0;39.0;14.9;0.0
72;2021-05-27;4483;2121;0;222874;85621;0;39.8;15.3;0.0
72;2021-05-28;4205;2098;0;227079;87719;0;40.5;15.7;0.0
72;2021-05-29;2708;898;0;229787;88617;0;41.0;15.8;0.0
72;2021-05-30;1086;853;0;230873;89470;0;41.2;16.0;0.0
72;2021-05-31;3183;2451;0;234056;91921;0;41.8;16.4;0.0
72;2021-06-01;3638;2815;0;237694;94736;0;42.4;16.9;0.0
72;2021-06-02;3770;2901;0;241464;97637;0;43.1;17.4;0.0
72;2021-06-03;4495;3035;0;245959;100672;0;43.9;18.0;0.0
72;2021-06-04;4060;2878;0;250019;103550;0;44.6;18.5;0.0
72;2021-06-05;1577;2664;0;251596;106214;0;44.9;19.0;0.0
72;2021-06-06;859;1493;0;252455;107707;0;45.1;19.2;0.0
72;2021-06-07;2003;3609;0;254458;111316;0;45.4;19.9;0.0
72;2021-06-08;3152;4012;0;257610;115328;0;46.0;20.6;0.0
72;2021-06-09;2849;3479;0;260459;118807;0;46.5;21.2;0.0
72;2021-06-10;3066;3404;0;263525;122211;0;47.0;21.8;0.0
72;2021-06-11;3013;3931;0;266538;126142;0;47.6;22.5;0.0
72;2021-06-12;1501;2692;0;268039;128834;0;47.8;23.0;0.0
72;2021-06-13;410;1800;0;268449;130634;0;47.9;23.3;0.0
72;2021-06-14;1492;4317;0;269941;134951;0;48.2;24.1;0.0
72;2021-06-15;2866;3678;0;272807;138629;0;48.7;24.7;0.0
72;2021-06-16;2553;3727;0;275360;142356;0;49.2;25.4;0.0
72;2021-06-17;2452;3944;0;277812;146300;0;49.6;26.1;0.0
72;2021-06-18;2449;4473;0;280261;150773;0;50.0;26.9;0.0
72;2021-06-19;1242;2816;0;281503;153589;0;50.2;27.4;0.0
72;2021-06-20;336;1943;0;281839;155532;0;50.3;27.8;0.0
72;2021-06-21;1594;4143;0;283433;159675;0;50.6;28.5;0.0
72;2021-06-22;1839;5092;0;285272;164767;0;50.9;29.4;0.0
72;2021-06-23;2070;4423;0;287342;169190;0;51.3;30.2;0.0
72;2021-06-24;2317;4029;0;289659;173219;0;51.7;30.9;0.0
72;2021-06-25;1866;5043;0;291525;178262;0;52.0;31.8;0.0
72;2021-06-26;1235;2971;0;292760;181233;0;52.3;32.3;0.0
72;2021-06-27;400;1997;0;293160;183230;0;52.3;32.7;0.0
72;2021-06-28;1432;4523;0;294592;187753;0;52.6;33.5;0.0
72;2021-06-29;1771;5055;0;296363;192808;0;52.9;34.4;0.0
72;2021-06-30;2039;4498;0;298402;197306;0;53.3;35.2;0.0
72;2021-07-01;2039;4481;0;300441;201787;0;53.6;36.0;0.0
72;2021-07-02;1898;4929;1;302339;206716;1;54.0;36.9;0.0
72;2021-07-03;1308;3303;1;303647;210019;2;54.2;37.5;0.0
72;2021-07-04;571;1888;0;304218;211907;2;54.3;37.8;0.0
72;2021-07-05;1205;4288;0;305423;216195;2;54.5;38.6;0.0
72;2021-07-06;1519;5340;1;306942;221535;3;54.8;39.5;0.0
72;2021-07-07;1644;4768;0;308586;226303;3;55.1;40.4;0.0
72;2021-07-08;1739;4515;0;310325;230818;3;55.4;41.2;0.0
72;2021-07-09;2166;4797;0;312491;235615;3;55.8;42.1;0.0
72;2021-07-10;1616;2801;0;314107;238416;3;56.1;42.6;0.0
72;2021-07-11;908;1520;0;315015;239936;3;56.2;42.8;0.0
72;2021-07-12;1559;4007;0;316574;243943;3;56.5;43.5;0.0
72;2021-07-13;2093;5064;0;318667;249007;3;56.9;44.4;0.0
72;2021-07-14;1312;2328;0;319979;251335;3;57.1;44.9;0.0
72;2021-07-15;3438;3834;0;323417;255169;3;57.7;45.5;0.0
72;2021-07-16;3301;4506;0;326718;259675;3;58.3;46.4;0.0
72;2021-07-17;2517;1973;0;329235;261648;3;58.8;46.7;0.0
72;2021-07-18;1669;830;0;330904;262478;3;59.1;46.9;0.0
72;2021-07-19;2731;3836;1;333635;266314;4;59.6;47.5;0.0
72;2021-07-20;2991;4631;0;336626;270945;4;60.1;48.4;0.0
72;2021-07-21;2953;3836;1;339579;274781;5;60.6;49.0;0.0
72;2021-07-22;3793;3174;0;343372;277955;5;61.3;49.6;0.0
72;2021-07-23;3533;4038;0;346905;281993;5;61.9;50.3;0.0
72;2021-07-24;2777;1681;0;349682;283674;5;62.4;50.6;0.0
72;2021-07-25;1375;1043;0;351057;284717;5;62.7;50.8;0.0
72;2021-07-26;2852;3200;0;353909;287917;5;63.2;51.4;0.0
72;2021-07-27;3947;3985;0;357856;291902;5;63.9;52.1;0.0
72;2021-07-28;3718;3269;0;361574;295171;5;64.5;52.7;0.0
72;2021-07-29;3904;2857;0;365478;298028;5;65.2;53.2;0.0
72;2021-07-30;3840;3588;0;369318;301616;5;65.9;53.8;0.0
72;2021-07-31;2398;1910;0;371716;303526;5;66.4;54.2;0.0
72;2021-08-01;1735;439;0;373451;303965;5;66.7;54.3;0.0
72;2021-08-02;3144;2404;0;376595;306369;5;67.2;54.7;0.0
72;2021-08-03;3331;3327;0;379926;309696;5;67.8;55.3;0.0
72;2021-08-04;3695;2602;0;383621;312298;5;68.5;55.7;0.0
72;2021-08-05;3876;2557;0;387497;314855;5;69.2;56.2;0.0
72;2021-08-06;3360;2789;0;390857;317644;5;69.8;56.7;0.0
72;2021-08-07;2259;1682;0;393116;319326;5;70.2;57.0;0.0
72;2021-08-08;1470;705;0;394586;320031;5;70.4;57.1;0.0
72;2021-08-09;2568;2801;0;397154;322832;5;70.9;57.6;0.0
72;2021-08-10;2780;2860;0;399934;325692;5;71.4;58.1;0.0
72;2021-08-11;2285;2354;0;402219;328046;5;71.8;58.6;0.0
72;2021-08-12;2235;2631;0;404454;330677;5;72.2;59.0;0.0
72;2021-08-13;2055;2384;0;406509;333061;5;72.6;59.5;0.0
72;2021-08-14;1094;1585;0;407603;334646;5;72.8;59.7;0.0
72;2021-08-15;562;591;0;408165;335237;5;72.9;59.8;0.0
72;2021-08-16;1619;2554;0;409784;337791;5;73.1;60.3;0.0
72;2021-08-17;1689;3060;0;411473;340851;5;73.4;60.8;0.0
72;2021-08-18;1675;3033;0;413148;343884;5;73.7;61.4;0.0
72;2021-08-19;1222;3101;0;414370;346985;5;74.0;61.9;0.0
72;2021-08-20;1549;3368;0;415919;350353;5;74.2;62.5;0.0
72;2021-08-21;686;2025;0;416605;352378;5;74.4;62.9;0.0
72;2021-08-22;241;1105;0;416846;353483;5;74.4;63.1;0.0
72;2021-08-23;1657;3476;0;418503;356959;5;74.7;63.7;0.0
72;2021-08-24;1462;4162;0;419965;361121;5;75.0;64.5;0.0
72;2021-08-25;1536;3522;0;421501;364643;5;75.2;65.1;0.0
72;2021-08-26;1201;4376;0;422702;369019;5;75.5;65.9;0.0
72;2021-08-27;1163;4159;1;423865;373178;6;75.7;66.6;0.0
72;2021-08-28;844;2607;0;424709;375785;6;75.8;67.1;0.0
72;2021-08-29;337;1565;0;425046;377350;6;75.9;67.4;0.0
72;2021-08-30;1088;3309;61;426134;380659;67;76.1;67.9;0.0
72;2021-08-31;1158;3800;106;427292;384459;173;76.3;68.6;0.0
72;2021-09-01;1076;3127;163;428368;387586;336;76.5;69.2;0.1
72;2021-09-02;909;3123;228;429277;390709;564;76.6;69.7;0.1
72;2021-09-03;910;2998;244;430187;393707;808;76.8;70.3;0.1
72;2021-09-04;696;2507;113;430883;396214;921;76.9;70.7;0.2
72;2021-09-05;223;1371;56;431106;397585;977;77.0;71.0;0.2
72;2021-09-06;577;2425;302;431683;400010;1279;77.1;71.4;0.2
72;2021-09-07;494;2517;381;432177;402527;1660;77.1;71.9;0.3
72;2021-09-08;621;2903;308;432798;405430;1968;77.3;72.4;0.4
72;2021-09-09;409;1705;327;433207;407135;2295;77.3;72.7;0.4
72;2021-09-10;630;2273;353;433837;409408;2648;77.4;73.1;0.5
72;2021-09-11;404;2443;91;434241;411851;2739;77.5;73.5;0.5
72;2021-09-12;147;862;31;434388;412713;2770;77.5;73.7;0.5
72;2021-09-13;370;1248;336;434758;413961;3106;77.6;73.9;0.6
72;2021-09-14;474;1200;517;435232;415161;3623;77.7;74.1;0.6
72;2021-09-15;595;1888;410;435827;417049;4033;77.8;74.4;0.7
72;2021-09-16;347;779;466;436174;417828;4499;77.9;74.6;0.8
72;2021-09-17;448;1394;578;436622;419222;5077;77.9;74.8;0.9
72;2021-09-18;350;1438;127;436972;420660;5204;78.0;75.1;0.9
72;2021-09-19;82;344;33;437054;421004;5237;78.0;75.1;0.9
72;2021-09-20;353;799;348;437407;421803;5585;78.1;75.3;1.0
72;2021-09-21;318;778;645;437725;422581;6230;78.1;75.4;1.1
72;2021-09-22;411;1486;445;438136;424067;6675;78.2;75.7;1.2
72;2021-09-23;378;609;426;438514;424676;7101;78.3;75.8;1.3
72;2021-09-24;569;1018;389;439083;425694;7490;78.4;76.0;1.3
72;2021-09-25;252;978;149;439335;426672;7639;78.4;76.2;1.4
72;2021-09-26;74;194;26;439409;426866;7665;78.4;76.2;1.4
72;2021-09-27;214;614;503;439623;427480;8168;78.5;76.3;1.5
72;2021-09-28;201;418;687;439824;427898;8855;78.5;76.4;1.6
72;2021-09-29;337;949;729;440161;428847;9584;78.6;76.5;1.7
72;2021-09-30;169;342;411;440330;429189;9995;78.6;76.6;1.8
72;2021-10-01;322;717;522;440652;429906;10517;78.7;76.7;1.9
72;2021-10-02;292;563;208;440944;430469;10725;78.7;76.8;1.9
72;2021-10-03;82;142;20;441026;430611;10745;78.7;76.9;1.9
72;2021-10-04;199;419;448;441225;431030;11193;78.8;76.9;2.0
72;2021-10-05;256;349;457;441481;431379;11650;78.8;77.0;2.1
72;2021-10-06;263;537;583;441744;431916;12233;78.9;77.1;2.2
72;2021-10-07;211;342;487;441955;432258;12720;78.9;77.2;2.3
72;2021-10-08;324;646;685;442279;432904;13405;78.9;77.3;2.4
72;2021-10-09;226;436;172;442505;433340;13577;79.0;77.4;2.4
72;2021-10-10;76;111;47;442581;433451;13624;79.0;77.4;2.4
72;2021-10-11;180;290;535;442761;433741;14159;79.0;77.4;2.5
72;2021-10-12;216;344;699;442977;434085;14858;79.1;77.5;2.7
72;2021-10-13;272;474;691;443249;434559;15549;79.1;77.6;2.8
72;2021-10-14;136;287;489;443385;434846;16038;79.1;77.6;2.9
72;2021-10-15;311;429;712;443696;435275;16750;79.2;77.7;3.0
72;2021-10-16;188;263;223;443884;435538;16973;79.2;77.7;3.0
72;2021-10-17;44;91;46;443928;435629;17019;79.2;77.8;3.0
72;2021-10-18;192;344;506;444120;435973;17525;79.3;77.8;3.1
72;2021-10-19;182;250;701;444302;436223;18226;79.3;77.9;3.3
72;2021-10-20;199;390;906;444501;436613;19132;79.3;77.9;3.4
72;2021-10-21;129;331;681;444630;436944;19813;79.4;78.0;3.5
72;2021-10-22;245;521;1035;444875;437465;20848;79.4;78.1;3.7
72;2021-10-23;174;308;385;445049;437773;21233;79.4;78.1;3.8
72;2021-10-24;39;84;42;445088;437857;21275;79.4;78.2;3.8
72;2021-10-25;197;242;767;445285;438099;22042;79.5;78.2;3.9
72;2021-10-26;157;197;960;445442;438296;23002;79.5;78.2;4.1
72;2021-10-27;177;267;1035;445619;438563;24037;79.5;78.3;4.3
72;2021-10-28;131;153;671;445750;438716;24708;79.6;78.3;4.4
72;2021-10-29;226;321;1161;445976;439037;25869;79.6;78.4;4.6
72;2021-10-30;114;197;267;446090;439234;26136;79.6;78.4;4.7
72;2021-10-31;24;74;40;446114;439308;26176;79.6;78.4;4.7
72;2021-11-01;33;23;68;446147;439331;26244;79.6;78.4;4.7
72;2021-11-02;172;246;860;446319;439577;27104;79.7;78.5;4.8
72;2021-11-03;143;280;974;446462;439857;28078;79.7;78.5;5.0
72;2021-11-04;139;170;926;446601;440027;29004;79.7;78.5;5.2
72;2021-11-05;241;301;1509;446842;440328;30513;79.8;78.6;5.4
72;2021-11-06;128;193;545;446970;440521;31058;79.8;78.6;5.5
72;2021-11-07;26;30;74;446996;440551;31132;79.8;78.6;5.6
72;2021-11-08;123;223;1606;447119;440774;32738;79.8;78.7;5.8
72;2021-11-09;163;206;1832;447282;440980;34570;79.8;78.7;6.2
72;2021-11-10;208;236;1868;447490;441216;36438;79.9;78.8;6.5
72;2021-11-11;68;53;215;447558;441269;36653;79.9;78.8;6.5
72;2021-11-12;164;239;1408;447722;441508;38061;79.9;78.8;6.8
72;2021-11-13;106;131;484;447828;441639;38545;79.9;78.8;6.9
72;2021-11-14;45;51;112;447873;441690;38657;79.9;78.8;6.9
72;2021-11-15;106;208;1641;447979;441898;40298;80.0;78.9;7.2
72;2021-11-16;152;177;2111;448131;442075;42409;80.0;78.9;7.6
72;2021-11-17;187;229;1840;448318;442304;44249;80.0;79.0;7.9
72;2021-11-18;150;129;1763;448468;442433;46012;80.1;79.0;8.2
72;2021-11-19;248;259;2356;448716;442692;48368;80.1;79.0;8.6
72;2021-11-20;182;175;538;448898;442867;48906;80.1;79.1;8.7
72;2021-11-21;52;53;107;448950;442920;49013;80.1;79.1;8.7
72;2021-11-22;120;138;1899;449070;443058;50912;80.2;79.1;9.1
72;2021-11-23;141;147;1806;449211;443205;52718;80.2;79.1;9.4
72;2021-11-24;237;214;1981;449448;443419;54699;80.2;79.1;9.8
72;2021-11-25;165;134;2075;449613;443553;56774;80.3;79.2;10.1
72;2021-11-26;250;255;2962;449863;443808;59736;80.3;79.2;10.7
72;2021-11-27;171;177;1614;450034;443985;61350;80.3;79.3;11.0
72;2021-11-28;45;40;1178;450079;444025;62528;80.3;79.3;11.2
72;2021-11-29;109;132;3511;450188;444157;66039;80.4;79.3;11.8
72;2021-11-30;134;138;3898;450322;444295;69937;80.4;79.3;12.5
72;2021-12-01;173;184;4412;450495;444479;74349;80.4;79.3;13.3
72;2021-12-02;117;132;4477;450612;444611;78826;80.4;79.4;14.1
72;2021-12-03;121;185;4885;450733;444796;83711;80.5;79.4;14.9
72;2021-12-04;87;168;2667;450820;444964;86378;80.5;79.4;15.4
72;2021-12-05;35;40;1324;450855;445004;87702;80.5;79.4;15.7
72;2021-12-06;122;131;5122;450977;445135;92824;80.5;79.5;16.6
72;2021-12-07;110;131;6278;451087;445266;99102;80.5;79.5;17.7
72;2021-12-08;125;210;5347;451212;445476;104449;80.5;79.5;18.6
72;2021-12-09;123;134;6187;451335;445610;110636;80.6;79.5;19.7
72;2021-12-10;122;223;6062;451457;445833;116698;80.6;79.6;20.8
72;2021-12-11;91;207;3366;451548;446040;120064;80.6;79.6;21.4
72;2021-12-12;48;56;1775;451596;446096;121839;80.6;79.6;21.7
72;2021-12-13;111;127;5455;451707;446223;127294;80.6;79.7;22.7
72;2021-12-14;124;190;7139;451831;446413;134433;80.7;79.7;24.0
72;2021-12-15;139;214;6347;451970;446627;140780;80.7;79.7;25.1
73;2020-12-27;0;0;0;0;0;0;0.0;0.0;0.0
73;2020-12-28;0;0;0;0;0;0;0.0;0.0;0.0
73;2020-12-29;0;0;0;0;0;0;0.0;0.0;0.0
73;2020-12-30;0;0;0;0;0;0;0.0;0.0;0.0
73;2020-12-31;0;0;0;0;0;0;0.0;0.0;0.0
73;2021-01-01;1;0;0;1;0;0;0.0;0.0;0.0
73;2021-01-02;0;0;0;1;0;0;0.0;0.0;0.0
73;2021-01-03;0;0;0;1;0;0;0.0;0.0;0.0
73;2021-01-04;7;0;0;8;0;0;0.0;0.0;0.0
73;2021-01-05;3;0;0;11;0;0;0.0;0.0;0.0
73;2021-01-06;11;0;0;22;0;0;0.0;0.0;0.0
73;2021-01-07;43;0;0;65;0;0;0.0;0.0;0.0
73;2021-01-08;90;0;0;155;0;0;0.0;0.0;0.0
73;2021-01-09;0;0;0;155;0;0;0.0;0.0;0.0
73;2021-01-10;1;0;0;156;0;0;0.0;0.0;0.0
73;2021-01-11;112;0;0;268;0;0;0.1;0.0;0.0
73;2021-01-12;321;0;0;589;0;0;0.1;0.0;0.0
73;2021-01-13;373;0;0;962;0;0;0.2;0.0;0.0
73;2021-01-14;529;2;0;1491;2;0;0.3;0.0;0.0
73;2021-01-15;591;1;0;2082;3;0;0.5;0.0;0.0
73;2021-01-16;135;2;0;2217;5;0;0.5;0.0;0.0
73;2021-01-17;10;0;0;2227;5;0;0.5;0.0;0.0
73;2021-01-18;556;0;0;2783;5;0;0.6;0.0;0.0
73;2021-01-19;1171;4;0;3954;9;0;0.9;0.0;0.0
73;2021-01-20;894;3;0;4848;12;0;1.1;0.0;0.0
73;2021-01-21;982;4;0;5830;16;0;1.3;0.0;0.0
73;2021-01-22;868;1;0;6698;17;0;1.5;0.0;0.0
73;2021-01-23;365;0;0;7063;17;0;1.6;0.0;0.0
73;2021-01-24;0;0;0;7063;17;0;1.6;0.0;0.0
73;2021-01-25;611;10;0;7674;27;0;1.8;0.0;0.0
73;2021-01-26;715;7;0;8389;34;0;1.9;0.0;0.0
73;2021-01-27;962;13;0;9351;47;0;2.2;0.0;0.0
73;2021-01-28;861;12;0;10212;59;0;2.4;0.0;0.0
73;2021-01-29;616;17;0;10828;76;0;2.5;0.0;0.0
73;2021-01-30;291;3;0;11119;79;0;2.6;0.0;0.0
73;2021-01-31;0;1;0;11119;80;0;2.6;0.0;0.0
73;2021-02-01;571;42;0;11690;122;0;2.7;0.0;0.0
73;2021-02-02;702;315;0;12392;437;0;2.9;0.1;0.0
73;2021-02-03;609;346;0;13001;783;0;3.0;0.2;0.0
73;2021-02-04;606;226;0;13607;1009;0;3.1;0.2;0.0
73;2021-02-05;600;392;0;14207;1401;0;3.3;0.3;0.0
73;2021-02-06;216;39;0;14423;1440;0;3.3;0.3;0.0
73;2021-02-07;1;1;0;14424;1441;0;3.3;0.3;0.0
73;2021-02-08;497;251;0;14921;1692;0;3.4;0.4;0.0
73;2021-02-09;750;456;0;15671;2148;0;3.6;0.5;0.0
73;2021-02-10;778;394;0;16449;2542;0;3.8;0.6;0.0
73;2021-02-11;946;689;0;17395;3231;0;4.0;0.7;0.0
73;2021-02-12;767;512;0;18162;3743;0;4.2;0.9;0.0
73;2021-02-13;264;66;0;18426;3809;0;4.3;0.9;0.0
73;2021-02-14;8;6;0;18434;3815;0;4.3;0.9;0.0
73;2021-02-15;341;518;0;18775;4333;0;4.3;1.0;0.0
73;2021-02-16;462;737;0;19237;5070;0;4.4;1.2;0.0
73;2021-02-17;450;883;0;19687;5953;0;4.6;1.4;0.0
73;2021-02-18;442;503;0;20129;6456;0;4.7;1.5;0.0
73;2021-02-19;397;604;0;20526;7060;0;4.7;1.6;0.0
73;2021-02-20;85;236;0;20611;7296;0;4.8;1.7;0.0
73;2021-02-21;1;0;0;20612;7296;0;4.8;1.7;0.0
73;2021-02-22;247;383;0;20859;7679;0;4.8;1.8;0.0
73;2021-02-23;323;479;0;21182;8158;0;4.9;1.9;0.0
73;2021-02-24;467;665;0;21649;8823;0;5.0;2.0;0.0
73;2021-02-25;527;520;0;22176;9343;0;5.1;2.2;0.0
73;2021-02-26;725;553;0;22901;9896;0;5.3;2.3;0.0
73;2021-02-27;304;168;0;23205;10064;0;5.4;2.3;0.0
73;2021-02-28;4;3;0;23209;10067;0;5.4;2.3;0.0
73;2021-03-01;569;471;0;23778;10538;0;5.5;2.4;0.0
73;2021-03-02;686;851;0;24464;11389;0;5.7;2.6;0.0
73;2021-03-03;629;1101;0;25093;12490;0;5.8;2.9;0.0
73;2021-03-04;1026;871;0;26119;13361;0;6.0;3.1;0.0
73;2021-03-05;1234;583;0;27353;13944;0;6.3;3.2;0.0
73;2021-03-06;1055;332;0;28408;14276;0;6.6;3.3;0.0
73;2021-03-07;419;83;0;28827;14359;0;6.7;3.3;0.0
73;2021-03-08;609;424;0;29436;14783;0;6.8;3.4;0.0
73;2021-03-09;979;521;0;30415;15304;0;7.0;3.5;0.0
73;2021-03-10;1036;833;0;31451;16137;0;7.3;3.7;0.0
73;2021-03-11;1547;641;0;32998;16778;0;7.6;3.9;0.0
73;2021-03-12;1954;524;0;34952;17302;0;8.1;4.0;0.0
73;2021-03-13;1169;215;0;36121;17517;0;8.4;4.0;0.0
73;2021-03-14;69;2;0;36190;17519;0;8.4;4.1;0.0
73;2021-03-15;1183;399;0;37373;17918;0;8.6;4.1;0.0
73;2021-03-16;798;406;0;38171;18324;0;8.8;4.2;0.0
73;2021-03-17;867;478;0;39038;18802;0;9.0;4.3;0.0
73;2021-03-18;1334;258;0;40372;19060;0;9.3;4.4;0.0
73;2021-03-19;1711;340;0;42083;19400;0;9.7;4.5;0.0
73;2021-03-20;898;137;0;42981;19537;0;9.9;4.5;0.0
73;2021-03-21;121;3;0;43102;19540;0;10.0;4.5;0.0
73;2021-03-22;1206;393;0;44308;19933;0;10.2;4.6;0.0
73;2021-03-23;1509;261;0;45817;20194;0;10.6;4.7;0.0
73;2021-03-24;1647;361;0;47464;20555;0;11.0;4.8;0.0
73;2021-03-25;2093;391;0;49557;20946;0;11.5;4.8;0.0
73;2021-03-26;2469;361;0;52026;21307;0;12.0;4.9;0.0
73;2021-03-27;922;161;0;52948;21468;0;12.2;5.0;0.0
73;2021-03-28;287;17;0;53235;21485;0;12.3;5.0;0.0
73;2021-03-29;1572;271;0;54807;21756;0;12.7;5.0;0.0
73;2021-03-30;2137;502;0;56944;22258;0;13.2;5.1;0.0
73;2021-03-31;2104;417;0;59048;22675;0;13.7;5.2;0.0
73;2021-04-01;2202;374;0;61250;23049;0;14.2;5.3;0.0
73;2021-04-02;2403;256;0;63653;23305;0;14.7;5.4;0.0
73;2021-04-03;864;167;0;64517;23472;0;14.9;5.4;0.0
73;2021-04-04;185;16;0;64702;23488;0;15.0;5.4;0.0
73;2021-04-05;327;38;0;65029;23526;0;15.0;5.4;0.0
73;2021-04-06;1656;542;0;66685;24068;0;15.4;5.6;0.0
73;2021-04-07;2086;676;0;68771;24744;0;15.9;5.7;0.0
73;2021-04-08;2585;854;0;71356;25598;0;16.5;5.9;0.0
73;2021-04-09;3099;592;0;74455;26190;0;17.2;6.1;0.0
73;2021-04-10;1279;366;0;75734;26556;0;17.5;6.1;0.0
73;2021-04-11;150;13;0;75884;26569;0;17.5;6.1;0.0
73;2021-04-12;1750;956;0;77634;27525;0;17.9;6.4;0.0
73;2021-04-13;2003;1135;0;79637;28660;0;18.4;6.6;0.0
73;2021-04-14;2093;1086;0;81730;29746;0;18.9;6.9;0.0
73;2021-04-15;2496;1190;0;84226;30936;0;19.5;7.2;0.0
73;2021-04-16;1952;969;0;86178;31905;0;19.9;7.4;0.0
73;2021-04-17;1246;585;0;87424;32490;0;20.2;7.5;0.0
73;2021-04-18;152;74;0;87576;32564;0;20.2;7.5;0.0
73;2021-04-19;1418;1120;0;88994;33684;0;20.6;7.8;0.0
73;2021-04-20;1870;1385;0;90864;35069;0;21.0;8.1;0.0
73;2021-04-21;1665;1331;0;92529;36400;0;21.4;8.4;0.0
73;2021-04-22;1952;1274;0;94481;37674;0;21.8;8.7;0.0
73;2021-04-23;1985;1285;0;96466;38959;0;22.3;9.0;0.0
73;2021-04-24;1069;720;0;97535;39679;0;22.5;9.2;0.0
73;2021-04-25;95;104;0;97630;39783;0;22.6;9.2;0.0
73;2021-04-26;1250;1370;0;98880;41153;0;22.9;9.5;0.0
73;2021-04-27;1601;1563;0;100481;42716;0;23.2;9.9;0.0
73;2021-04-28;1853;1550;0;102334;44266;0;23.7;10.2;0.0
73;2021-04-29;2562;1581;0;104896;45847;0;24.3;10.6;0.0
73;2021-04-30;2519;1483;0;107415;47330;0;24.8;10.9;0.0
73;2021-05-01;1077;319;0;108492;47649;0;25.1;11.0;0.0
73;2021-05-02;49;160;0;108541;47809;0;25.1;11.1;0.0
73;2021-05-03;1497;1729;0;110038;49538;0;25.4;11.5;0.0
73;2021-05-04;1841;2067;0;111879;51605;0;25.9;11.9;0.0
73;2021-05-05;2059;1910;0;113938;53515;0;26.3;12.4;0.0
73;2021-05-06;2521;1844;0;116459;55359;0;26.9;12.8;0.0
73;2021-05-07;2342;1987;0;118801;57346;0;27.5;13.3;0.0
73;2021-05-08;1750;392;0;120551;57738;0;27.9;13.3;0.0
73;2021-05-09;228;154;0;120779;57892;0;27.9;13.4;0.0
73;2021-05-10;1667;2005;0;122446;59897;0;28.3;13.8;0.0
73;2021-05-11;2484;2521;0;124930;62418;0;28.9;14.4;0.0
73;2021-05-12;3563;2165;0;128493;64583;0;29.7;14.9;0.0
73;2021-05-13;1778;333;0;130271;64916;0;30.1;15.0;0.0
73;2021-05-14;1914;1573;0;132185;66489;0;30.6;15.4;0.0
73;2021-05-15;1723;1029;0;133908;67518;0;31.0;15.6;0.0
73;2021-05-16;420;105;0;134328;67623;0;31.1;15.6;0.0
73;2021-05-17;2016;1942;0;136344;69565;0;31.5;16.1;0.0
73;2021-05-18;2839;1807;0;139183;71372;0;32.2;16.5;0.0
73;2021-05-19;2794;1598;0;141977;72970;0;32.8;16.9;0.0
73;2021-05-20;3479;1567;0;145456;74537;0;33.6;17.2;0.0
73;2021-05-21;2735;1844;0;148191;76381;0;34.3;17.7;0.0
73;2021-05-22;2113;907;0;150304;77288;0;34.7;17.9;0.0
73;2021-05-23;386;29;0;150690;77317;0;34.8;17.9;0.0
73;2021-05-24;2532;354;0;153222;77671;0;35.4;18.0;0.0
73;2021-05-25;2410;1781;0;155632;79452;0;36.0;18.4;0.0
73;2021-05-26;2416;1989;0;158048;81441;0;36.5;18.8;0.0
73;2021-05-27;3247;1789;0;161295;83230;0;37.3;19.2;0.0
73;2021-05-28;3030;2346;0;164325;85576;0;38.0;19.8;0.0
73;2021-05-29;2268;1318;0;166593;86894;0;38.5;20.1;0.0
73;2021-05-30;257;38;0;166850;86932;0;38.6;20.1;0.0
73;2021-05-31;2407;1767;0;169257;88699;0;39.1;20.5;0.0
73;2021-06-01;3155;1944;0;172412;90643;0;39.9;21.0;0.0
73;2021-06-02;2978;1511;0;175390;92154;0;40.5;21.3;0.0
73;2021-06-03;4240;1810;0;179630;93964;0;41.5;21.7;0.0
73;2021-06-04;4142;2326;0;183772;96290;0;42.5;22.3;0.0
73;2021-06-05;2923;1354;0;186695;97644;0;43.2;22.6;0.0
73;2021-06-06;1620;282;0;188315;97926;0;43.5;22.6;0.0
73;2021-06-07;2565;2218;0;190880;100144;0;44.1;23.2;0.0
73;2021-06-08;2572;1995;0;193452;102139;0;44.7;23.6;0.0
73;2021-06-09;2248;1872;0;195700;104011;0;45.2;24.0;0.0
73;2021-06-10;1942;1742;0;197642;105753;0;45.7;24.4;0.0
73;2021-06-11;2114;2516;0;199756;108269;0;46.2;25.0;0.0
73;2021-06-12;2054;1348;0;201810;109617;0;46.7;25.3;0.0
73;2021-06-13;71;98;0;201881;109715;0;46.7;25.4;0.0
73;2021-06-14;1278;3007;0;203159;112722;0;47.0;26.1;0.0
73;2021-06-15;1610;2787;0;204769;115509;0;47.3;26.7;0.0
73;2021-06-16;1476;2600;0;206245;118109;0;47.7;27.3;0.0
73;2021-06-17;1013;1792;0;207258;119901;0;47.9;27.7;0.0
73;2021-06-18;1865;2906;0;209123;122807;0;48.3;28.4;0.0
73;2021-06-19;1255;1971;0;210378;124778;0;48.6;28.8;0.0
73;2021-06-20;373;294;0;210751;125072;0;48.7;28.9;0.0
73;2021-06-21;1089;3055;0;211840;128127;0;49.0;29.6;0.0
73;2021-06-22;1075;2973;0;212915;131100;0;49.2;30.3;0.0
73;2021-06-23;1059;3177;0;213974;134277;0;49.5;31.0;0.0
73;2021-06-24;917;1969;0;214891;136246;0;49.7;31.5;0.0
73;2021-06-25;1227;2939;0;216118;139185;0;50.0;32.2;0.0
73;2021-06-26;842;2493;0;216960;141678;0;50.2;32.8;0.0
73;2021-06-27;279;576;0;217239;142254;0;50.2;32.9;0.0
73;2021-06-28;911;3695;0;218150;145949;0;50.4;33.7;0.0
73;2021-06-29;1039;3531;0;219189;149480;0;50.7;34.6;0.0
73;2021-06-30;1161;3155;0;220350;152635;0;50.9;35.3;0.0
73;2021-07-01;1205;2549;0;221555;155184;0;51.2;35.9;0.0
73;2021-07-02;1253;3734;0;222808;158918;0;51.5;36.7;0.0
73;2021-07-03;926;2812;0;223734;161730;0;51.7;37.4;0.0
73;2021-07-04;280;613;0;224014;162343;0;51.8;37.5;0.0
73;2021-07-05;1137;3669;0;225151;166012;0;52.1;38.4;0.0
73;2021-07-06;1263;3022;0;226414;169034;0;52.3;39.1;0.0
73;2021-07-07;1387;2949;0;227801;171983;0;52.7;39.8;0.0
73;2021-07-08;1318;2327;0;229119;174310;0;53.0;40.3;0.0
73;2021-07-09;1399;3946;0;230518;178256;0;53.3;41.2;0.0
73;2021-07-10;805;2916;0;231323;181172;0;53.5;41.9;0.0
73;2021-07-11;499;1284;0;231822;182456;0;53.6;42.2;0.0
73;2021-07-12;982;4026;0;232804;186482;0;53.8;43.1;0.0
73;2021-07-13;1747;4135;0;234551;190617;0;54.2;44.1;0.0
73;2021-07-14;1588;1705;0;236139;192322;0;54.6;44.5;0.0
73;2021-07-15;2532;3534;0;238671;195856;0;55.2;45.3;0.0
73;2021-07-16;2363;3858;0;241034;199714;0;55.7;46.2;0.0
73;2021-07-17;1501;2488;0;242535;202202;0;56.1;46.7;0.0
73;2021-07-18;929;1042;0;243464;203244;0;56.3;47.0;0.0
73;2021-07-19;2191;3095;0;245655;206339;0;56.8;47.7;0.0
73;2021-07-20;3155;2748;0;248810;209087;0;57.5;48.3;0.0
73;2021-07-21;3044;2574;0;251854;211661;0;58.2;48.9;0.0
73;2021-07-22;2662;2131;0;254516;213792;0;58.8;49.4;0.0
73;2021-07-23;3293;2864;0;257809;216656;0;59.6;50.1;0.0
73;2021-07-24;1945;2162;0;259754;218818;0;60.1;50.6;0.0
73;2021-07-25;537;652;0;260291;219470;0;60.2;50.7;0.0
73;2021-07-26;2498;2363;0;262789;221833;0;60.8;51.3;0.0
73;2021-07-27;3482;2145;0;266271;223978;0;61.6;51.8;0.0
73;2021-07-28;3275;1932;0;269546;225910;0;62.3;52.2;0.0
73;2021-07-29;3530;1822;0;273076;227732;0;63.1;52.6;0.0
73;2021-07-30;3334;2349;0;276410;230081;0;63.9;53.2;0.0
73;2021-07-31;2232;1386;0;278642;231467;0;64.4;53.5;0.0
73;2021-08-01;702;528;0;279344;231995;0;64.6;53.6;0.0
73;2021-08-02;2929;1922;0;282273;233917;0;65.3;54.1;0.0
73;2021-08-03;3161;1793;0;285434;235710;0;66.0;54.5;0.0
73;2021-08-04;2936;1830;0;288370;237540;0;66.7;54.9;0.0
73;2021-08-05;2522;1905;0;290892;239445;0;67.3;55.4;0.0
73;2021-08-06;2202;2262;0;293094;241707;0;67.8;55.9;0.0
73;2021-08-07;1250;1418;0;294344;243125;0;68.0;56.2;0.0
73;2021-08-08;377;494;0;294721;243619;0;68.1;56.3;0.0
73;2021-08-09;1611;2142;0;296332;245761;0;68.5;56.8;0.0
73;2021-08-10;1699;2300;0;298031;248061;0;68.9;57.3;0.0
73;2021-08-11;1591;2292;0;299622;250353;0;69.3;57.9;0.0
73;2021-08-12;1489;2237;0;301111;252590;0;69.6;58.4;0.0
73;2021-08-13;1374;2664;0;302485;255254;0;69.9;59.0;0.0
73;2021-08-14;926;1505;0;303411;256759;0;70.1;59.4;0.0
73;2021-08-15;89;165;0;303500;256924;0;70.2;59.4;0.0
73;2021-08-16;917;1551;0;304417;258475;0;70.4;59.8;0.0
73;2021-08-17;920;1909;0;305337;260384;0;70.6;60.2;0.0
73;2021-08-18;906;2632;0;306243;263016;0;70.8;60.8;0.0
73;2021-08-19;904;2739;0;307147;265755;0;71.0;61.4;0.0
73;2021-08-20;830;2982;0;307977;268737;0;71.2;62.1;0.0
73;2021-08-21;422;1821;0;308399;270558;0;71.3;62.5;0.0
73;2021-08-22;212;799;0;308611;271357;0;71.3;62.7;0.0
73;2021-08-23;701;2815;0;309312;274172;0;71.5;63.4;0.0
73;2021-08-24;860;2976;0;310172;277148;0;71.7;64.1;0.0
73;2021-08-25;721;2725;0;310893;279873;0;71.9;64.7;0.0
73;2021-08-26;682;2264;0;311575;282137;0;72.0;65.2;0.0
73;2021-08-27;762;2589;0;312337;284726;0;72.2;65.8;0.0
73;2021-08-28;430;1682;0;312767;286408;0;72.3;66.2;0.0
73;2021-08-29;251;836;0;313018;287244;0;72.4;66.4;0.0
73;2021-08-30;823;2478;19;313841;289722;19;72.6;67.0;0.0
73;2021-08-31;774;2285;31;314615;292007;50;72.7;67.5;0.0
73;2021-09-01;832;1949;155;315447;293956;205;72.9;68.0;0.0
73;2021-09-02;631;1667;280;316078;295623;485;73.1;68.3;0.1
73;2021-09-03;693;1886;209;316771;297509;694;73.2;68.8;0.2
73;2021-09-04;525;1232;92;317296;298741;786;73.4;69.1;0.2
73;2021-09-05;198;598;40;317494;299339;826;73.4;69.2;0.2
73;2021-09-06;377;1044;242;317871;300383;1068;73.5;69.4;0.2
73;2021-09-07;394;864;248;318265;301247;1316;73.6;69.6;0.3
73;2021-09-08;479;925;188;318744;302172;1504;73.7;69.9;0.3
73;2021-09-09;457;891;275;319201;303063;1779;73.8;70.1;0.4
73;2021-09-10;602;1177;281;319803;304240;2060;73.9;70.3;0.5
73;2021-09-11;363;896;88;320166;305136;2148;74.0;70.5;0.5
73;2021-09-12;68;140;9;320234;305276;2157;74.0;70.6;0.5
73;2021-09-13;342;702;345;320576;305978;2502;74.1;70.7;0.6
73;2021-09-14;397;633;374;320973;306611;2876;74.2;70.9;0.7
73;2021-09-15;416;881;312;321389;307492;3188;74.3;71.1;0.7
73;2021-09-16;324;590;307;321713;308082;3495;74.4;71.2;0.8
73;2021-09-17;390;874;429;322103;308956;3924;74.5;71.4;0.9
73;2021-09-18;257;618;135;322360;309574;4059;74.5;71.6;0.9
73;2021-09-19;45;176;9;322405;309750;4068;74.5;71.6;0.9
73;2021-09-20;182;647;378;322587;310397;4446;74.6;71.8;1.0
73;2021-09-21;283;535;534;322870;310932;4980;74.6;71.9;1.2
73;2021-09-22;270;789;328;323140;311721;5308;74.7;72.1;1.2
73;2021-09-23;246;480;421;323386;312201;5729;74.8;72.2;1.3
73;2021-09-24;283;826;474;323669;313027;6203;74.8;72.4;1.4
73;2021-09-25;187;720;99;323856;313747;6302;74.9;72.5;1.5
73;2021-09-26;60;182;14;323916;313929;6316;74.9;72.6;1.5
73;2021-09-27;238;485;527;324154;314414;6843;74.9;72.7;1.6
73;2021-09-28;190;347;435;324344;314761;7278;75.0;72.8;1.7
73;2021-09-29;232;658;335;324576;315419;7613;75.0;72.9;1.8
73;2021-09-30;200;380;326;324776;315799;7939;75.1;73.0;1.8
73;2021-10-01;276;588;339;325052;316387;8278;75.1;73.1;1.9
73;2021-10-02;191;493;150;325243;316880;8428;75.2;73.3;1.9
73;2021-10-03;8;31;3;325251;316911;8431;75.2;73.3;1.9
73;2021-10-04;249;365;434;325500;317276;8865;75.3;73.4;2.0
73;2021-10-05;179;319;521;325679;317595;9386;75.3;73.4;2.2
73;2021-10-06;310;497;395;325989;318092;9781;75.4;73.5;2.3
73;2021-10-07;170;305;423;326159;318397;10204;75.4;73.6;2.4
73;2021-10-08;323;562;588;326482;318959;10792;75.5;73.7;2.5
73;2021-10-09;170;358;121;326652;319317;10913;75.5;73.8;2.5
73;2021-10-10;6;15;4;326658;319332;10917;75.5;73.8;2.5
73;2021-10-11;208;329;401;326866;319661;11318;75.6;73.9;2.6
73;2021-10-12;150;193;291;327016;319854;11609;75.6;73.9;2.7
73;2021-10-13;233;364;459;327249;320218;12068;75.7;74.0;2.8
73;2021-10-14;175;303;551;327424;320521;12619;75.7;74.1;2.9
73;2021-10-15;225;351;464;327649;320872;13083;75.7;74.2;3.0
73;2021-10-16;122;198;160;327771;321070;13243;75.8;74.2;3.1
73;2021-10-17;4;7;25;327775;321077;13268;75.8;74.2;3.1
73;2021-10-18;178;338;433;327953;321415;13701;75.8;74.3;3.2
73;2021-10-19;102;256;802;328055;321671;14503;75.8;74.4;3.4
73;2021-10-20;108;201;501;328163;321872;15004;75.9;74.4;3.5
73;2021-10-21;79;189;662;328242;322061;15666;75.9;74.5;3.6
73;2021-10-22;115;215;528;328357;322276;16194;75.9;74.5;3.7
73;2021-10-23;66;151;121;328423;322427;16315;75.9;74.5;3.8
73;2021-10-24;2;12;1;328425;322439;16316;75.9;74.5;3.8
73;2021-10-25;106;136;576;328531;322575;16892;76.0;74.6;3.9
73;2021-10-26;128;202;917;328659;322777;17809;76.0;74.6;4.1
73;2021-10-27;94;249;706;328753;323026;18515;76.0;74.7;4.3
73;2021-10-28;88;144;841;328841;323170;19356;76.0;74.7;4.5
73;2021-10-29;124;260;826;328965;323430;20182;76.1;74.8;4.7
73;2021-10-30;61;143;255;329026;323573;20437;76.1;74.8;4.7
73;2021-10-31;6;25;33;329032;323598;20470;76.1;74.8;4.7
73;2021-11-01;22;6;39;329054;323604;20509;76.1;74.8;4.7
73;2021-11-02;116;194;901;329170;323798;21410;76.1;74.9;4.9
73;2021-11-03;89;183;850;329259;323981;22260;76.1;74.9;5.1
73;2021-11-04;85;166;873;329344;324147;23133;76.1;74.9;5.3
73;2021-11-05;103;207;1061;329447;324354;24194;76.2;75.0;5.6
73;2021-11-06;76;142;503;329523;324496;24697;76.2;75.0;5.7
73;2021-11-07;1;5;6;329524;324501;24703;76.2;75.0;5.7
73;2021-11-08;86;154;1196;329610;324655;25899;76.2;75.1;6.0
73;2021-11-09;88;153;1384;329698;324808;27283;76.2;75.1;6.3
73;2021-11-10;135;182;1332;329833;324990;28615;76.3;75.1;6.6
73;2021-11-11;8;22;99;329841;325012;28714;76.3;75.1;6.6
73;2021-11-12;92;157;1245;329933;325169;29959;76.3;75.2;6.9
73;2021-11-13;71;98;483;330004;325267;30442;76.3;75.2;7.0
73;2021-11-14;2;6;5;330006;325273;30447;76.3;75.2;7.0
73;2021-11-15;77;145;1650;330083;325418;32097;76.3;75.2;7.4
73;2021-11-16;90;126;1835;330173;325544;33932;76.3;75.3;7.8
73;2021-11-17;107;146;1492;330280;325690;35424;76.4;75.3;8.2
73;2021-11-18;69;84;1510;330349;325774;36934;76.4;75.3;8.5
73;2021-11-19;155;192;1744;330504;325966;38678;76.4;75.4;8.9
73;2021-11-20;113;114;723;330617;326080;39401;76.4;75.4;9.1
73;2021-11-21;2;14;85;330619;326094;39486;76.4;75.4;9.1
73;2021-11-22;86;84;1788;330705;326178;41274;76.5;75.4;9.5
73;2021-11-23;115;128;2000;330820;326306;43274;76.5;75.4;10.0
73;2021-11-24;151;138;1611;330971;326444;44885;76.5;75.5;10.4
73;2021-11-25;91;82;2051;331062;326526;46936;76.5;75.5;10.9
73;2021-11-26;142;166;2500;331204;326692;49436;76.6;75.5;11.4
73;2021-11-27;103;109;1058;331307;326801;50494;76.6;75.6;11.7
73;2021-11-28;5;26;50;331312;326827;50544;76.6;75.6;11.7
73;2021-11-29;71;99;2677;331383;326926;53221;76.6;75.6;12.3
73;2021-11-30;134;165;3870;331517;327091;57091;76.6;75.6;13.2
73;2021-12-01;106;142;3271;331623;327233;60362;76.7;75.7;14.0
73;2021-12-02;106;106;3938;331729;327339;64300;76.7;75.7;14.9
73;2021-12-03;90;146;4077;331819;327485;68377;76.7;75.7;15.8
73;2021-12-04;73;90;2004;331892;327575;70381;76.7;75.7;16.3
73;2021-12-05;17;23;762;331909;327598;71143;76.7;75.7;16.4
73;2021-12-06;93;134;3452;332002;327732;74595;76.8;75.8;17.2
73;2021-12-07;86;109;4019;332088;327841;78614;76.8;75.8;18.2
73;2021-12-08;118;151;4040;332206;327992;82654;76.8;75.8;19.1
73;2021-12-09;90;135;4786;332296;328127;87440;76.8;75.9;20.2
73;2021-12-10;102;141;4886;332398;328268;92326;76.8;75.9;21.3
73;2021-12-11;81;122;2616;332479;328390;94942;76.9;75.9;21.9
73;2021-12-12;12;13;1279;332491;328403;96221;76.9;75.9;22.2
73;2021-12-13;79;101;4532;332570;328504;100753;76.9;75.9;23.3
73;2021-12-14;102;150;5411;332672;328654;106164;76.9;76.0;24.5
73;2021-12-15;119;181;5092;332791;328835;111256;76.9;76.0;25.7
74;2020-12-27;2;0;0;2;0;0;0.0;0.0;0.0
74;2020-12-28;2;1;0;4;1;0;0.0;0.0;0.0
74;2020-12-29;0;0;0;4;1;0;0.0;0.0;0.0
74;2020-12-30;0;0;0;4;1;0;0.0;0.0;0.0
74;2020-12-31;0;0;0;4;1;0;0.0;0.0;0.0
74;2021-01-01;0;0;0;4;1;0;0.0;0.0;0.0
74;2021-01-02;1;1;0;5;2;0;0.0;0.0;0.0
74;2021-01-03;1;0;0;6;2;0;0.0;0.0;0.0
74;2021-01-04;1;0;0;7;2;0;0.0;0.0;0.0
74;2021-01-05;3;0;0;10;2;0;0.0;0.0;0.0
74;2021-01-06;46;0;0;56;2;0;0.0;0.0;0.0
74;2021-01-07;220;1;0;276;3;0;0.0;0.0;0.0
74;2021-01-08;288;2;0;564;5;0;0.1;0.0;0.0
74;2021-01-09;79;0;0;643;5;0;0.1;0.0;0.0
74;2021-01-10;74;0;0;717;5;0;0.1;0.0;0.0
74;2021-01-11;373;1;0;1090;6;0;0.1;0.0;0.0
74;2021-01-12;409;3;0;1499;9;0;0.2;0.0;0.0
74;2021-01-13;402;0;0;1901;9;0;0.2;0.0;0.0
74;2021-01-14;467;2;0;2368;11;0;0.3;0.0;0.0
74;2021-01-15;629;4;0;2997;15;0;0.4;0.0;0.0
74;2021-01-16;241;1;0;3238;16;0;0.4;0.0;0.0
74;2021-01-17;113;1;0;3351;17;0;0.4;0.0;0.0
74;2021-01-18;513;0;0;3864;17;0;0.5;0.0;0.0
74;2021-01-19;792;3;0;4656;20;0;0.6;0.0;0.0
74;2021-01-20;1282;3;0;5938;23;0;0.7;0.0;0.0
74;2021-01-21;1496;4;0;7434;27;0;0.9;0.0;0.0
74;2021-01-22;1181;6;0;8615;33;0;1.0;0.0;0.0
74;2021-01-23;317;1;0;8932;34;0;1.1;0.0;0.0
74;2021-01-24;81;1;0;9013;35;0;1.1;0.0;0.0
74;2021-01-25;773;3;0;9786;38;0;1.2;0.0;0.0
74;2021-01-26;1299;25;0;11085;63;0;1.3;0.0;0.0
74;2021-01-27;1058;16;0;12143;79;0;1.5;0.0;0.0
74;2021-01-28;993;48;0;13136;127;0;1.6;0.0;0.0
74;2021-01-29;826;47;0;13962;174;0;1.7;0.0;0.0
74;2021-01-30;331;2;0;14293;176;0;1.7;0.0;0.0
74;2021-01-31;89;2;0;14382;178;0;1.7;0.0;0.0
74;2021-02-01;580;46;0;14962;224;0;1.8;0.0;0.0
74;2021-02-02;610;160;0;15572;384;0;1.9;0.0;0.0
74;2021-02-03;586;138;0;16158;522;0;2.0;0.1;0.0
74;2021-02-04;588;139;0;16746;661;0;2.0;0.1;0.0
74;2021-02-05;524;230;0;17270;891;0;2.1;0.1;0.0
74;2021-02-06;288;132;0;17558;1023;0;2.1;0.1;0.0
74;2021-02-07;85;122;0;17643;1145;0;2.1;0.1;0.0
74;2021-02-08;587;338;0;18230;1483;0;2.2;0.2;0.0
74;2021-02-09;530;514;0;18760;1997;0;2.3;0.2;0.0
74;2021-02-10;749;556;0;19509;2553;0;2.4;0.3;0.0
74;2021-02-11;1025;1007;0;20534;3560;0;2.5;0.4;0.0
74;2021-02-12;882;607;0;21416;4167;0;2.6;0.5;0.0
74;2021-02-13;380;228;0;21796;4395;0;2.6;0.5;0.0
74;2021-02-14;287;99;0;22083;4494;0;2.7;0.5;0.0
74;2021-02-15;274;812;0;22357;5306;0;2.7;0.6;0.0
74;2021-02-16;464;1017;0;22821;6323;0;2.8;0.8;0.0
74;2021-02-17;524;1096;0;23345;7419;0;2.8;0.9;0.0
74;2021-02-18;482;957;0;23827;8376;0;2.9;1.0;0.0
74;2021-02-19;616;646;0;24443;9022;0;3.0;1.1;0.0
74;2021-02-20;118;188;0;24561;9210;0;3.0;1.1;0.0
74;2021-02-21;45;58;0;24606;9268;0;3.0;1.1;0.0
74;2021-02-22;299;802;0;24905;10070;0;3.0;1.2;0.0
74;2021-02-23;305;809;0;25210;10879;0;3.0;1.3;0.0
74;2021-02-24;265;719;0;25475;11598;0;3.1;1.4;0.0
74;2021-02-25;518;733;0;25993;12331;0;3.1;1.5;0.0
74;2021-02-26;929;682;0;26922;13013;0;3.2;1.6;0.0
74;2021-02-27;277;242;0;27199;13255;0;3.3;1.6;0.0
74;2021-02-28;117;67;0;27316;13322;0;3.3;1.6;0.0
74;2021-03-01;720;589;0;28036;13911;0;3.4;1.7;0.0
74;2021-03-02;1064;652;0;29100;14563;0;3.5;1.8;0.0
74;2021-03-03;1024;676;0;30124;15239;0;3.6;1.8;0.0
74;2021-03-04;1564;985;0;31688;16224;0;3.8;2.0;0.0
74;2021-03-05;2027;879;0;33715;17103;0;4.1;2.1;0.0
74;2021-03-06;1738;336;0;35453;17439;0;4.3;2.1;0.0
74;2021-03-07;1342;105;0;36795;17544;0;4.4;2.1;0.0
74;2021-03-08;1163;904;0;37958;18448;0;4.6;2.2;0.0
74;2021-03-09;1892;658;0;39850;19106;0;4.8;2.3;0.0
74;2021-03-10;1724;894;0;41574;20000;0;5.0;2.4;0.0
74;2021-03-11;2411;711;0;43985;20711;0;5.3;2.5;0.0
74;2021-03-12;3158;992;0;47143;21703;0;5.7;2.6;0.0
74;2021-03-13;1924;270;0;49067;21973;0;5.9;2.7;0.0
74;2021-03-14;576;98;0;49643;22071;0;6.0;2.7;0.0
74;2021-03-15;2087;556;0;51730;22627;0;6.2;2.7;0.0
74;2021-03-16;1919;424;0;53649;23051;0;6.5;2.8;0.0
74;2021-03-17;1923;336;0;55572;23387;0;6.7;2.8;0.0
74;2021-03-18;2091;295;0;57663;23682;0;7.0;2.9;0.0
74;2021-03-19;2574;318;0;60237;24000;0;7.3;2.9;0.0
74;2021-03-20;1331;102;0;61568;24102;0;7.4;2.9;0.0
74;2021-03-21;268;33;0;61836;24135;0;7.5;2.9;0.0
74;2021-03-22;1994;320;0;63830;24455;0;7.7;3.0;0.0
74;2021-03-23;2658;344;0;66488;24799;0;8.0;3.0;0.0
74;2021-03-24;2857;339;0;69345;25138;0;8.4;3.0;0.0
74;2021-03-25;3736;321;0;73081;25459;0;8.8;3.1;0.0
74;2021-03-26;3997;413;0;77078;25872;0;9.3;3.1;0.0
74;2021-03-27;1852;268;0;78930;26140;0;9.5;3.2;0.0
74;2021-03-28;429;73;0;79359;26213;0;9.6;3.2;0.0
74;2021-03-29;2868;709;0;82227;26922;0;9.9;3.2;0.0
74;2021-03-30;3418;773;0;85645;27695;0;10.3;3.3;0.0
74;2021-03-31;3055;735;0;88700;28430;0;10.7;3.4;0.0
74;2021-04-01;4001;881;0;92701;29311;0;11.2;3.5;0.0
74;2021-04-02;3516;783;0;96217;30094;0;11.6;3.6;0.0
74;2021-04-03;1573;522;0;97790;30616;0;11.8;3.7;0.0
74;2021-04-04;231;118;0;98021;30734;0;11.8;3.7;0.0
74;2021-04-05;446;18;0;98467;30752;0;11.9;3.7;0.0
74;2021-04-06;2526;1201;0;100993;31953;0;12.2;3.9;0.0
74;2021-04-07;2989;1246;0;103982;33199;0;12.6;4.0;0.0
74;2021-04-08;3695;1209;0;107677;34408;0;13.0;4.2;0.0
74;2021-04-09;3938;1184;0;111615;35592;0;13.5;4.3;0.0
74;2021-04-10;1815;954;0;113430;36546;0;13.7;4.4;0.0
74;2021-04-11;240;171;0;113670;36717;0;13.7;4.4;0.0
74;2021-04-12;2632;1759;0;116302;38476;0;14.0;4.6;0.0
74;2021-04-13;3032;2125;0;119334;40601;0;14.4;4.9;0.0
74;2021-04-14;2828;1955;0;122162;42556;0;14.7;5.1;0.0
74;2021-04-15;3324;1880;0;125486;44436;0;15.1;5.4;0.0
74;2021-04-16;3222;1728;0;128708;46164;0;15.5;5.6;0.0
74;2021-04-17;1828;1015;0;130536;47179;0;15.8;5.7;0.0
74;2021-04-18;203;196;0;130739;47375;0;15.8;5.7;0.0
74;2021-04-19;2050;2036;0;132789;49411;0;16.0;6.0;0.0
74;2021-04-20;2966;2382;0;135755;51793;0;16.4;6.3;0.0
74;2021-04-21;2384;2326;0;138139;54119;0;16.7;6.5;0.0
74;2021-04-22;2483;2301;0;140622;56420;0;17.0;6.8;0.0
74;2021-04-23;2509;2200;0;143131;58620;0;17.3;7.1;0.0
74;2021-04-24;1401;1493;0;144532;60113;0;17.4;7.3;0.0
74;2021-04-25;230;147;0;144762;60260;0;17.5;7.3;0.0
74;2021-04-26;2254;2375;0;147016;62635;0;17.7;7.6;0.0
74;2021-04-27;3080;2798;0;150096;65433;0;18.1;7.9;0.0
74;2021-04-28;3318;2556;0;153414;67989;0;18.5;8.2;0.0
74;2021-04-29;3706;2620;0;157120;70609;0;19.0;8.5;0.0
74;2021-04-30;3900;2173;0;161020;72782;0;19.4;8.8;0.0
74;2021-05-01;2000;386;0;163020;73168;0;19.7;8.8;0.0
74;2021-05-02;202;221;0;163222;73389;0;19.7;8.9;0.0
74;2021-05-03;2495;2901;0;165717;76290;0;20.0;9.2;0.0
74;2021-05-04;3043;2931;0;168760;79221;0;20.4;9.6;0.0
74;2021-05-05;3157;2865;0;171917;82086;0;20.8;9.9;0.0
74;2021-05-06;3657;2584;0;175574;84670;0;21.2;10.2;0.0
74;2021-05-07;3455;3470;0;179029;88140;0;21.6;10.6;0.0
74;2021-05-08;1164;796;0;180193;88936;0;21.8;10.7;0.0
74;2021-05-09;236;246;0;180429;89182;0;21.8;10.8;0.0
74;2021-05-10;3259;3028;0;183688;92210;0;22.2;11.1;0.0
74;2021-05-11;4104;3303;0;187792;95513;0;22.7;11.5;0.0
74;2021-05-12;4860;2868;0;192652;98381;0;23.3;11.9;0.0
74;2021-05-13;2233;920;0;194885;99301;0;23.5;12.0;0.0
74;2021-05-14;5252;2273;0;200137;101574;0;24.2;12.3;0.0
74;2021-05-15;4042;1737;0;204179;103311;0;24.6;12.5;0.0
74;2021-05-16;2321;308;0;206500;103619;0;24.9;12.5;0.0
74;2021-05-17;4860;2772;0;211360;106391;0;25.5;12.8;0.0
74;2021-05-18;6115;2688;0;217475;109079;0;26.3;13.2;0.0
74;2021-05-19;5631;2235;0;223106;111314;0;26.9;13.4;0.0
74;2021-05-20;5939;2414;0;229045;113728;0;27.6;13.7;0.0
74;2021-05-21;5901;2874;0;234946;116602;0;28.4;14.1;0.0
74;2021-05-22;4614;1466;0;239560;118068;0;28.9;14.3;0.0
74;2021-05-23;1688;261;0;241248;118329;0;29.1;14.3;0.0
74;2021-05-24;2306;644;0;243554;118973;0;29.4;14.4;0.0
74;2021-05-25;4689;3184;0;248243;122157;0;30.0;14.7;0.0
74;2021-05-26;4821;2479;0;253064;124636;0;30.5;15.0;0.0
74;2021-05-27;5460;2858;0;258524;127494;0;31.2;15.4;0.0
74;2021-05-28;5094;3484;0;263618;130978;0;31.8;15.8;0.0
74;2021-05-29;3431;2034;0;267049;133012;0;32.2;16.1;0.0
74;2021-05-30;518;301;0;267567;133313;0;32.3;16.1;0.0
74;2021-05-31;4539;3429;0;272106;136742;0;32.8;16.5;0.0
74;2021-06-01;4583;3600;0;276689;140342;0;33.4;16.9;0.0
74;2021-06-02;4795;3063;0;281484;143405;0;34.0;17.3;0.0
74;2021-06-03;6257;3101;0;287741;146506;0;34.7;17.7;0.0
74;2021-06-04;6366;4226;0;294107;150732;0;35.5;18.2;0.0
74;2021-06-05;4008;2539;0;298115;153271;0;36.0;18.5;0.0
74;2021-06-06;217;133;0;298332;153404;0;36.0;18.5;0.0
74;2021-06-07;4576;3936;0;302908;157340;0;36.6;19.0;0.0
74;2021-06-08;4568;3742;0;307476;161082;0;37.1;19.4;0.0
74;2021-06-09;4560;3306;0;312036;164388;0;37.7;19.8;0.0
74;2021-06-10;4652;2735;0;316688;167123;0;38.2;20.2;0.0
74;2021-06-11;4690;3575;0;321378;170698;0;38.8;20.6;0.0
74;2021-06-12;3155;2242;0;324533;172940;0;39.2;20.9;0.0
74;2021-06-13;189;104;0;324722;173044;0;39.2;20.9;0.0
74;2021-06-14;3218;4178;0;327940;177222;0;39.6;21.4;0.0
74;2021-06-15;3279;3675;0;331219;180897;0;40.0;21.8;0.0
74;2021-06-16;4260;2942;0;335479;183839;0;40.5;22.2;0.0
74;2021-06-17;3373;2776;0;338852;186615;0;40.9;22.5;0.0
74;2021-06-18;3798;4408;0;342650;191023;0;41.4;23.1;0.0
74;2021-06-19;2574;2776;0;345224;193799;0;41.7;23.4;0.0
74;2021-06-20;147;132;0;345371;193931;0;41.7;23.4;0.0
74;2021-06-21;2177;5012;0;347548;198943;0;42.0;24.0;0.0
74;2021-06-22;2291;4934;0;349839;203877;0;42.2;24.6;0.0
74;2021-06-23;2757;4356;0;352596;208233;0;42.6;25.1;0.0
74;2021-06-24;2623;4128;0;355219;212361;0;42.9;25.6;0.0
74;2021-06-25;2671;6205;0;357890;218566;0;43.2;26.4;0.0
74;2021-06-26;1486;4804;0;359376;223370;0;43.4;27.0;0.0
74;2021-06-27;83;1366;0;359459;224736;0;43.4;27.1;0.0
74;2021-06-28;1726;6544;0;361185;231280;0;43.6;27.9;0.0
74;2021-06-29;2041;6680;0;363226;237960;0;43.8;28.7;0.0
74;2021-06-30;2535;6010;0;365761;243970;0;44.2;29.5;0.0
74;2021-07-01;3042;4855;0;368803;248825;0;44.5;30.0;0.0
74;2021-07-02;2939;6069;0;371742;254894;0;44.9;30.8;0.0
74;2021-07-03;1462;4560;0;373204;259454;0;45.1;31.3;0.0
74;2021-07-04;113;894;0;373317;260348;0;45.1;31.4;0.0
74;2021-07-05;1913;6263;0;375230;266611;0;45.3;32.2;0.0
74;2021-07-06;2382;5911;0;377612;272522;0;45.6;32.9;0.0
74;2021-07-07;2720;4974;0;380332;277496;0;45.9;33.5;0.0
74;2021-07-08;3414;4464;0;383746;281960;0;46.3;34.0;0.0
74;2021-07-09;2541;6360;0;386287;288320;0;46.6;34.8;0.0
74;2021-07-10;1481;4579;0;387768;292899;0;46.8;35.4;0.0
74;2021-07-11;117;225;0;387885;293124;0;46.8;35.4;0.0
74;2021-07-12;1987;7115;0;389872;300239;0;47.1;36.2;0.0
74;2021-07-13;3659;6841;0;393531;307080;0;47.5;37.1;0.0
74;2021-07-14;2006;2132;0;395537;309212;0;47.7;37.3;0.0
74;2021-07-15;3554;6309;0;399091;315521;0;48.2;38.1;0.0
74;2021-07-16;4013;7111;0;403104;322632;0;48.7;38.9;0.0
74;2021-07-17;2705;4795;0;405809;327427;0;49.0;39.5;0.0
74;2021-07-18;279;273;0;406088;327700;0;49.0;39.6;0.0
74;2021-07-19;3987;6611;0;410075;334311;0;49.5;40.4;0.0
74;2021-07-20;5363;5923;0;415438;340234;0;50.1;41.1;0.0
74;2021-07-21;5192;6022;0;420630;346256;0;50.8;41.8;0.0
74;2021-07-22;4458;4821;0;425088;351077;0;51.3;42.4;0.0
74;2021-07-23;5745;6421;0;430833;357498;0;52.0;43.2;0.0
74;2021-07-24;2968;3904;0;433801;361402;0;52.4;43.6;0.0
74;2021-07-25;250;225;0;434051;361627;0;52.4;43.7;0.0
74;2021-07-26;5018;5563;0;439069;367190;0;53.0;44.3;0.0
74;2021-07-27;6099;4647;0;445168;371837;0;53.7;44.9;0.0
74;2021-07-28;6060;4617;0;451228;376454;0;54.5;45.4;0.0
74;2021-07-29;4817;3614;0;456045;380068;0;55.1;45.9;0.0
74;2021-07-30;6187;4997;0;462232;385065;0;55.8;46.5;0.0
74;2021-07-31;4061;2900;0;466293;387965;0;56.3;46.8;0.0
74;2021-08-01;294;201;0;466587;388166;0;56.3;46.9;0.0
74;2021-08-02;5729;3994;0;472316;392160;0;57.0;47.3;0.0
74;2021-08-03;5328;3490;0;477644;395650;0;57.7;47.8;0.0
74;2021-08-04;5630;3162;0;483274;398812;0;58.3;48.1;0.0
74;2021-08-05;4491;3080;0;487765;401892;0;58.9;48.5;0.0
74;2021-08-06;4565;3860;0;492330;405752;0;59.4;49.0;0.0
74;2021-08-07;2943;2640;0;495273;408392;0;59.8;49.3;0.0
74;2021-08-08;199;208;0;495472;408600;0;59.8;49.3;0.0
74;2021-08-09;4300;4232;0;499772;412832;0;60.3;49.8;0.0
74;2021-08-10;4303;4221;0;504075;417053;0;60.8;50.3;0.0
74;2021-08-11;3868;4276;0;507943;421329;0;61.3;50.9;0.0
74;2021-08-12;3166;3368;0;511109;424697;0;61.7;51.3;0.0
74;2021-08-13;3252;4136;0;514361;428833;0;62.1;51.8;0.0
74;2021-08-14;2031;3049;0;516392;431882;0;62.3;52.1;0.0
74;2021-08-15;97;161;0;516489;432043;0;62.3;52.2;0.0
74;2021-08-16;2922;5266;0;519411;437309;0;62.7;52.8;0.0
74;2021-08-17;2681;4916;0;522092;442225;0;63.0;53.4;0.0
74;2021-08-18;2629;4806;0;524721;447031;0;63.3;54.0;0.0
74;2021-08-19;2116;3616;0;526837;450647;0;63.6;54.4;0.0
74;2021-08-20;2347;5084;0;529184;455731;0;63.9;55.0;0.0
74;2021-08-21;1068;3745;0;530252;459476;0;64.0;55.5;0.0
74;2021-08-22;60;191;0;530312;459667;0;64.0;55.5;0.0
74;2021-08-23;1799;5786;0;532111;465453;0;64.2;56.2;0.0
74;2021-08-24;1896;5100;0;534007;470553;0;64.5;56.8;0.0
74;2021-08-25;1754;5378;0;535761;475931;0;64.7;57.5;0.0
74;2021-08-26;1423;3507;0;537184;479438;0;64.8;57.9;0.0
74;2021-08-27;1686;4996;0;538870;484434;0;65.0;58.5;0.0
74;2021-08-28;880;3612;0;539750;488046;0;65.2;58.9;0.0
74;2021-08-29;78;239;0;539828;488285;0;65.2;58.9;0.0
74;2021-08-30;1617;4960;111;541445;493245;111;65.4;59.5;0.0
74;2021-08-31;1502;4475;144;542947;497720;255;65.5;60.1;0.0
74;2021-09-01;1859;3648;256;544806;501368;511;65.8;60.5;0.1
74;2021-09-02;1159;2642;198;545965;504010;709;65.9;60.8;0.1
74;2021-09-03;1457;3503;331;547422;507513;1040;66.1;61.3;0.1
74;2021-09-04;1130;2522;87;548552;510035;1127;66.2;61.6;0.1
74;2021-09-05;53;136;2;548605;510171;1129;66.2;61.6;0.1
74;2021-09-06;1159;2665;341;549764;512836;1470;66.4;61.9;0.2
74;2021-09-07;953;2329;294;550717;515165;1764;66.5;62.2;0.2
74;2021-09-08;1250;2616;302;551967;517781;2066;66.6;62.5;0.2
74;2021-09-09;1135;1845;314;553102;519626;2380;66.8;62.7;0.3
74;2021-09-10;1099;2547;358;554201;522173;2738;66.9;63.0;0.3
74;2021-09-11;709;2032;114;554910;524205;2852;67.0;63.3;0.3
74;2021-09-12;49;93;8;554959;524298;2860;67.0;63.3;0.3
74;2021-09-13;916;1871;610;555875;526169;3470;67.1;63.5;0.4
74;2021-09-14;991;1664;667;556866;527833;4137;67.2;63.7;0.5
74;2021-09-15;1032;2104;485;557898;529937;4622;67.3;64.0;0.6
74;2021-09-16;734;1016;360;558632;530953;4982;67.4;64.1;0.6
74;2021-09-17;808;1652;474;559440;532605;5456;67.5;64.3;0.7
74;2021-09-18;543;1449;121;559983;534054;5577;67.6;64.5;0.7
74;2021-09-19;11;54;21;559994;534108;5598;67.6;64.5;0.7
74;2021-09-20;728;1543;569;560722;535651;6167;67.7;64.7;0.7
74;2021-09-21;578;1139;459;561300;536790;6626;67.8;64.8;0.8
74;2021-09-22;577;1758;439;561877;538548;7065;67.8;65.0;0.9
74;2021-09-23;601;924;418;562478;539472;7483;67.9;65.1;0.9
74;2021-09-24;657;1630;452;563135;541102;7935;68.0;65.3;1.0
74;2021-09-25;426;1379;130;563561;542481;8065;68.0;65.5;1.0
74;2021-09-26;9;26;0;563570;542507;8065;68.0;65.5;1.0
74;2021-09-27;520;1172;479;564090;543679;8544;68.1;65.6;1.0
74;2021-09-28;369;821;575;564459;544500;9119;68.1;65.7;1.1
74;2021-09-29;505;1333;462;564964;545833;9581;68.2;65.9;1.2
74;2021-09-30;391;1022;432;565355;546855;10013;68.2;66.0;1.2
74;2021-10-01;727;1094;406;566082;547949;10419;68.3;66.1;1.3
74;2021-10-02;418;719;113;566500;548668;10532;68.4;66.2;1.3
74;2021-10-03;9;25;5;566509;548693;10537;68.4;66.2;1.3
74;2021-10-04;573;959;607;567082;549652;11144;68.5;66.4;1.3
74;2021-10-05;356;805;580;567438;550457;11724;68.5;66.4;1.4
74;2021-10-06;426;986;454;567864;551443;12178;68.5;66.6;1.5
74;2021-10-07;269;647;438;568133;552090;12616;68.6;66.6;1.5
74;2021-10-08;610;1127;708;568743;553217;13324;68.7;66.8;1.6
74;2021-10-09;396;732;184;569139;553949;13508;68.7;66.9;1.6
74;2021-10-10;6;25;3;569145;553974;13511;68.7;66.9;1.6
74;2021-10-11;378;808;801;569523;554782;14312;68.7;67.0;1.7
74;2021-10-12;358;653;919;569881;555435;15231;68.8;67.0;1.8
74;2021-10-13;404;793;668;570285;556228;15899;68.8;67.1;1.9
74;2021-10-14;301;543;570;570586;556771;16469;68.9;67.2;2.0
74;2021-10-15;555;905;996;571141;557676;17465;68.9;67.3;2.1
74;2021-10-16;278;534;283;571419;558210;17748;69.0;67.4;2.1
74;2021-10-17;6;28;2;571425;558238;17750;69.0;67.4;2.1
74;2021-10-18;361;648;741;571786;558886;18491;69.0;67.5;2.2
74;2021-10-19;166;516;1084;571952;559402;19575;69.0;67.5;2.4
74;2021-10-20;234;586;1073;572186;559988;20648;69.1;67.6;2.5
74;2021-10-21;105;286;596;572291;560274;21244;69.1;67.6;2.6
74;2021-10-22;264;632;1183;572555;560906;22427;69.1;67.7;2.7
74;2021-10-23;144;372;279;572699;561278;22706;69.1;67.8;2.7
74;2021-10-24;7;19;3;572706;561297;22709;69.1;67.8;2.7
74;2021-10-25;192;418;1060;572898;561715;23769;69.2;67.8;2.9
74;2021-10-26;184;369;1535;573082;562084;25304;69.2;67.9;3.1
74;2021-10-27;212;478;1324;573294;562562;26628;69.2;67.9;3.2
74;2021-10-28;86;221;701;573380;562783;27329;69.2;67.9;3.3
74;2021-10-29;211;508;1414;573591;563291;28743;69.2;68.0;3.5
74;2021-10-30;103;323;504;573694;563614;29247;69.3;68.0;3.5
74;2021-10-31;2;7;0;573696;563621;29247;69.3;68.0;3.5
74;2021-11-01;38;49;36;573734;563670;29283;69.3;68.0;3.5
74;2021-11-02;202;443;1358;573936;564113;30641;69.3;68.1;3.7
74;2021-11-03;176;371;1510;574112;564484;32151;69.3;68.1;3.9
74;2021-11-04;94;248;955;574206;564732;33106;69.3;68.2;4.0
74;2021-11-05;221;422;1763;574427;565154;34869;69.3;68.2;4.2
74;2021-11-06;101;252;511;574528;565406;35380;69.4;68.3;4.3
74;2021-11-07;3;22;3;574531;565428;35383;69.4;68.3;4.3
74;2021-11-08;134;402;1971;574665;565830;37354;69.4;68.3;4.5
74;2021-11-09;154;254;2075;574819;566084;39429;69.4;68.3;4.8
74;2021-11-10;227;382;2490;575046;566466;41919;69.4;68.4;5.1
74;2021-11-11;4;32;20;575050;566498;41939;69.4;68.4;5.1
74;2021-11-12;185;333;2137;575235;566831;44076;69.4;68.4;5.3
74;2021-11-13;143;173;752;575378;567004;44828;69.5;68.4;5.4
74;2021-11-14;3;13;16;575381;567017;44844;69.5;68.4;5.4
74;2021-11-15;115;235;2192;575496;567252;47036;69.5;68.5;5.7
74;2021-11-16;143;206;2654;575639;567458;49690;69.5;68.5;6.0
74;2021-11-17;243;352;2629;575882;567810;52319;69.5;68.5;6.3
74;2021-11-18;93;149;1688;575975;567959;54007;69.5;68.6;6.5
74;2021-11-19;210;314;3114;576185;568273;57121;69.6;68.6;6.9
74;2021-11-20;223;193;970;576408;568466;58091;69.6;68.6;7.0
74;2021-11-21;14;16;33;576422;568482;58124;69.6;68.6;7.0
74;2021-11-22;169;166;2490;576591;568648;60614;69.6;68.6;7.3
74;2021-11-23;193;203;2686;576784;568851;63300;69.6;68.7;7.6
74;2021-11-24;246;299;2617;577030;569150;65917;69.7;68.7;8.0
74;2021-11-25;135;141;2176;577165;569291;68093;69.7;68.7;8.2
74;2021-11-26;249;327;4293;577414;569618;72386;69.7;68.8;8.7
74;2021-11-27;171;218;1920;577585;569836;74306;69.7;68.8;9.0
74;2021-11-28;5;16;84;577590;569852;74390;69.7;68.8;9.0
74;2021-11-29;129;185;3639;577719;570037;78029;69.7;68.8;9.4
74;2021-11-30;169;264;4774;577888;570301;82803;69.8;68.8;10.0
74;2021-12-01;185;256;4759;578073;570557;87562;69.8;68.9;10.6
74;2021-12-02;151;154;4657;578224;570711;92219;69.8;68.9;11.1
74;2021-12-03;187;247;6058;578411;570958;98277;69.8;68.9;11.9
74;2021-12-04;121;195;2789;578532;571153;101066;69.8;68.9;12.2
74;2021-12-05;5;21;254;578537;571174;101320;69.8;68.9;12.2
74;2021-12-06;188;206;5552;578725;571380;106872;69.9;69.0;12.9
74;2021-12-07;188;246;6946;578913;571626;113818;69.9;69.0;13.7
74;2021-12-08;200;294;5751;579113;571920;119569;69.9;69.0;14.4
74;2021-12-09;171;214;6697;579284;572134;126266;69.9;69.1;15.2
74;2021-12-10;150;252;6083;579434;572386;132349;69.9;69.1;16.0
74;2021-12-11;120;228;3814;579554;572614;136163;70.0;69.1;16.4
74;2021-12-12;13;38;370;579567;572652;136533;70.0;69.1;16.5
74;2021-12-13;145;243;6908;579712;572895;143441;70.0;69.2;17.3
74;2021-12-14;230;291;8861;579942;573186;152302;70.0;69.2;18.4
74;2021-12-15;230;362;7687;580172;573548;159989;70.0;69.2;19.3
75;2020-12-27;27;0;0;27;0;0;0.0;0.0;0.0
75;2020-12-28;27;0;0;54;0;0;0.0;0.0;0.0
75;2020-12-29;21;1;0;75;1;0;0.0;0.0;0.0
75;2020-12-30;67;0;0;142;1;0;0.0;0.0;0.0
75;2020-12-31;45;0;0;187;1;0;0.0;0.0;0.0
75;2021-01-01;43;2;0;230;3;0;0.0;0.0;0.0
75;2021-01-02;40;1;0;270;4;0;0.0;0.0;0.0
75;2021-01-03;68;3;0;338;7;0;0.0;0.0;0.0
75;2021-01-04;231;3;0;569;10;0;0.0;0.0;0.0
75;2021-01-05;655;7;0;1224;17;0;0.1;0.0;0.0
75;2021-01-06;995;3;0;2219;20;0;0.1;0.0;0.0
75;2021-01-07;1482;10;0;3701;30;0;0.2;0.0;0.0
75;2021-01-08;2219;19;0;5920;49;0;0.3;0.0;0.0
75;2021-01-09;788;5;0;6708;54;0;0.3;0.0;0.0
75;2021-01-10;783;2;0;7491;56;0;0.3;0.0;0.0
75;2021-01-11;2183;31;0;9674;87;0;0.5;0.0;0.0
75;2021-01-12;2545;48;0;12219;135;0;0.6;0.0;0.0
75;2021-01-13;2705;43;0;14924;178;0;0.7;0.0;0.0
75;2021-01-14;2763;50;0;17687;228;0;0.8;0.0;0.0
75;2021-01-15;2492;34;0;20179;262;0;0.9;0.0;0.0
75;2021-01-16;890;16;0;21069;278;0;1.0;0.0;0.0
75;2021-01-17;505;10;0;21574;288;0;1.0;0.0;0.0
75;2021-01-18;3050;52;0;24624;340;0;1.1;0.0;0.0
75;2021-01-19;3995;54;0;28619;394;0;1.3;0.0;0.0
75;2021-01-20;4432;49;0;33051;443;0;1.5;0.0;0.0
75;2021-01-21;5220;60;0;38271;503;0;1.8;0.0;0.0
75;2021-01-22;4428;69;0;42699;572;0;2.0;0.0;0.0
75;2021-01-23;1684;12;0;44383;584;0;2.1;0.0;0.0
75;2021-01-24;604;5;0;44987;589;0;2.1;0.0;0.0
75;2021-01-25;1878;24;0;46865;613;0;2.2;0.0;0.0
75;2021-01-26;2752;78;0;49617;691;0;2.3;0.0;0.0
75;2021-01-27;3613;184;0;53230;875;0;2.5;0.0;0.0
75;2021-01-28;4932;278;0;58162;1153;0;2.7;0.1;0.0
75;2021-01-29;3776;290;0;61938;1443;0;2.9;0.1;0.0
75;2021-01-30;1328;49;0;63266;1492;0;2.9;0.1;0.0
75;2021-01-31;197;7;0;63463;1499;0;3.0;0.1;0.0
75;2021-02-01;1781;383;0;65244;1882;0;3.0;0.1;0.0
75;2021-02-02;2212;602;0;67456;2484;0;3.1;0.1;0.0
75;2021-02-03;2110;729;0;69566;3213;0;3.2;0.1;0.0
75;2021-02-04;2329;1021;0;71895;4234;0;3.3;0.2;0.0
75;2021-02-05;2278;858;0;74173;5092;0;3.5;0.2;0.0
75;2021-02-06;1088;154;0;75261;5246;0;3.5;0.2;0.0
75;2021-02-07;176;66;0;75437;5312;0;3.5;0.2;0.0
75;2021-02-08;1346;1281;0;76783;6593;0;3.6;0.3;0.0
75;2021-02-09;1944;1922;0;78727;8515;0;3.7;0.4;0.0
75;2021-02-10;2380;2224;0;81107;10739;0;3.8;0.5;0.0
75;2021-02-11;2797;5015;0;83904;15754;0;3.9;0.7;0.0
75;2021-02-12;3040;2263;0;86944;18017;0;4.0;0.8;0.0
75;2021-02-13;797;896;0;87741;18913;0;4.1;0.9;0.0
75;2021-02-14;144;110;0;87885;19023;0;4.1;0.9;0.0
75;2021-02-15;994;2667;0;88879;21690;0;4.1;1.0;0.0
75;2021-02-16;1281;5719;0;90160;27409;0;4.2;1.3;0.0
75;2021-02-17;1196;3637;0;91356;31046;0;4.3;1.4;0.0
75;2021-02-18;1693;5690;0;93049;36736;0;4.3;1.7;0.0
75;2021-02-19;1987;3917;0;95036;40653;0;4.4;1.9;0.0
75;2021-02-20;462;1440;0;95498;42093;0;4.4;2.0;0.0
75;2021-02-21;167;193;0;95665;42286;0;4.5;2.0;0.0
75;2021-02-22;1050;2334;0;96715;44620;0;4.5;2.1;0.0
75;2021-02-23;1267;2780;0;97982;47400;0;4.6;2.2;0.0
75;2021-02-24;1449;2523;0;99431;49923;0;4.6;2.3;0.0
75;2021-02-25;2281;4364;0;101712;54287;0;4.7;2.5;0.0
75;2021-02-26;2776;2511;0;104488;56798;0;4.9;2.6;0.0
75;2021-02-27;1269;930;0;105757;57728;0;4.9;2.7;0.0
75;2021-02-28;301;171;0;106058;57899;0;4.9;2.7;0.0
75;2021-03-01;2198;1895;0;108256;59794;0;5.0;2.8;0.0
75;2021-03-02;3566;2460;0;111822;62254;0;5.2;2.9;0.0
75;2021-03-03;4575;2553;0;116397;64807;0;5.4;3.0;0.0
75;2021-03-04;6480;2700;0;122877;67507;0;5.7;3.1;0.0
75;2021-03-05;8276;2759;0;131153;70266;0;6.1;3.3;0.0
75;2021-03-06;9940;1126;0;141093;71392;0;6.6;3.3;0.0
75;2021-03-07;8336;1013;0;149429;72405;0;7.0;3.4;0.0
75;2021-03-08;4616;1778;0;154045;74183;0;7.2;3.5;0.0
75;2021-03-09;6273;2211;0;160318;76394;0;7.5;3.6;0.0
75;2021-03-10;6007;2261;0;166325;78655;0;7.7;3.7;0.0
75;2021-03-11;8332;2480;0;174657;81135;0;8.1;3.8;0.0
75;2021-03-12;10121;2547;0;184778;83682;0;8.6;3.9;0.0
75;2021-03-13;7773;817;0;192551;84499;0;9.0;3.9;0.0
75;2021-03-14;3439;270;0;195990;84769;0;9.1;3.9;0.0
75;2021-03-15;6529;1095;0;202519;85864;0;9.4;4.0;0.0
75;2021-03-16;4800;836;0;207319;86700;0;9.7;4.0;0.0
75;2021-03-17;4967;944;0;212286;87644;0;9.9;4.1;0.0
75;2021-03-18;6042;1001;0;218328;88645;0;10.2;4.1;0.0
75;2021-03-19;8674;1138;0;227002;89783;0;10.6;4.2;0.0
75;2021-03-20;5466;548;0;232468;90331;0;10.8;4.2;0.0
75;2021-03-21;1487;435;0;233955;90766;0;10.9;4.2;0.0
75;2021-03-22;7594;1184;0;241549;91950;0;11.2;4.3;0.0
75;2021-03-23;9640;1332;0;251189;93282;0;11.7;4.3;0.0
75;2021-03-24;9478;1307;0;260667;94589;0;12.1;4.4;0.0
75;2021-03-25;12223;1516;0;272890;96105;0;12.7;4.5;0.0
75;2021-03-26;12161;1649;0;285051;97754;0;13.3;4.6;0.0
75;2021-03-27;6559;738;0;291610;98492;0;13.6;4.6;0.0
75;2021-03-28;1669;157;0;293279;98649;0;13.7;4.6;0.0
75;2021-03-29;6713;2095;0;299992;100744;0;14.0;4.7;0.0
75;2021-03-30;9219;2996;0;309211;103740;0;14.4;4.8;0.0
75;2021-03-31;7925;3476;0;317136;107216;0;14.8;5.0;0.0
75;2021-04-01;8678;4838;0;325814;112054;0;15.2;5.2;0.0
75;2021-04-02;7364;5288;0;333178;117342;0;15.5;5.5;0.0
75;2021-04-03;3542;4788;0;336720;122130;0;15.7;5.7;0.0
75;2021-04-04;1137;1499;0;337857;123629;0;15.7;5.8;0.0
75;2021-04-05;1936;1141;0;339793;124770;0;15.8;5.8;0.0
75;2021-04-06;6060;4319;0;345853;129089;0;16.1;6.0;0.0
75;2021-04-07;7343;4185;0;353196;133274;0;16.4;6.2;0.0
75;2021-04-08;9829;4090;0;363025;137364;0;16.9;6.4;0.0
75;2021-04-09;10864;4565;0;373889;141929;0;17.4;6.6;0.0
75;2021-04-10;5603;3867;0;379492;145796;0;17.7;6.8;0.0
75;2021-04-11;1596;1536;0;381088;147332;0;17.7;6.9;0.0
75;2021-04-12;6822;3963;0;387910;151295;0;18.1;7.0;0.0
75;2021-04-13;7657;6111;0;395567;157406;0;18.4;7.3;0.0
75;2021-04-14;7303;5059;0;402870;162465;0;18.8;7.6;0.0
75;2021-04-15;8007;5714;0;410877;168179;0;19.1;7.8;0.0
75;2021-04-16;8430;5728;0;419307;173907;0;19.5;8.1;0.0
75;2021-04-17;4565;3428;0;423872;177335;0;19.7;8.3;0.0
75;2021-04-18;1336;950;0;425208;178285;0;19.8;8.3;0.0
75;2021-04-19;5411;4848;0;430619;183133;0;20.0;8.5;0.0
75;2021-04-20;6261;5518;0;436880;188651;0;20.3;8.8;0.0
75;2021-04-21;6400;5344;0;443280;193995;0;20.6;9.0;0.0
75;2021-04-22;7334;5855;0;450614;199850;0;21.0;9.3;0.0
75;2021-04-23;7989;6127;0;458603;205977;0;21.3;9.6;0.0
75;2021-04-24;6260;3606;0;464863;209583;0;21.6;9.8;0.0
75;2021-04-25;2612;1009;0;467475;210592;0;21.8;9.8;0.0
75;2021-04-26;6531;4875;0;474006;215467;0;22.1;10.0;0.0
75;2021-04-27;9260;6049;0;483266;221516;0;22.5;10.3;0.0
75;2021-04-28;10511;5717;0;493777;227233;0;23.0;10.6;0.0
75;2021-04-29;12198;5869;0;505975;233102;0;23.6;10.9;0.0
75;2021-04-30;12575;5851;0;518550;238953;0;24.1;11.1;0.0
75;2021-05-01;4847;1339;0;523397;240292;0;24.4;11.2;0.0
75;2021-05-02;2340;927;0;525737;241219;0;24.5;11.2;0.0
75;2021-05-03;10133;9366;0;535870;250585;0;24.9;11.7;0.0
75;2021-05-04;10829;7208;0;546699;257793;0;25.4;12.0;0.0
75;2021-05-05;12247;6555;0;558946;264348;0;26.0;12.3;0.0
75;2021-05-06;13243;7672;0;572189;272020;0;26.6;12.7;0.0
75;2021-05-07;12600;8334;0;584789;280354;0;27.2;13.1;0.0
75;2021-05-08;10014;3682;0;594803;284036;0;27.7;13.2;0.0
75;2021-05-09;5034;2339;0;599837;286375;0;27.9;13.3;0.0
75;2021-05-10;12952;6443;0;612789;292818;0;28.5;13.6;0.0
75;2021-05-11;16125;7983;0;628914;300801;0;29.3;14.0;0.0
75;2021-05-12;17973;7303;0;646887;308104;0;30.1;14.3;0.0
75;2021-05-13;15266;2592;0;662153;310696;0;30.8;14.5;0.0
75;2021-05-14;18887;5287;0;681040;315983;0;31.7;14.7;0.0
75;2021-05-15;14289;3019;0;695329;319002;0;32.4;14.8;0.0
75;2021-05-16;6258;982;0;701587;319984;0;32.7;14.9;0.0
75;2021-05-17;17410;4542;0;718997;324526;0;33.5;15.1;0.0
75;2021-05-18;20786;5128;0;739783;329654;0;34.4;15.3;0.0
75;2021-05-19;20631;7550;0;760414;337204;0;35.4;15.7;0.0
75;2021-05-20;22167;7021;0;782581;344225;0;36.4;16.0;0.0
75;2021-05-21;21163;6115;0;803744;350340;0;37.4;16.3;0.0
75;2021-05-22;16439;3234;0;820183;353574;0;38.2;16.5;0.0
75;2021-05-23;7264;1309;0;827447;354883;0;38.5;16.5;0.0
75;2021-05-24;15220;2583;0;842667;357466;0;39.2;16.6;0.0
75;2021-05-25;18488;8021;0;861155;365487;0;40.1;17.0;0.0
75;2021-05-26;18104;7225;0;879259;372712;0;40.9;17.3;0.0
75;2021-05-27;19432;8526;0;898691;381238;0;41.8;17.7;0.0
75;2021-05-28;18579;9754;0;917270;390992;0;42.7;18.2;0.0
75;2021-05-29;15325;5553;0;932595;396545;0;43.4;18.5;0.0
75;2021-05-30;7829;2019;0;940424;398564;0;43.8;18.6;0.0
75;2021-05-31;17654;8960;0;958078;407524;0;44.6;19.0;0.0
75;2021-06-01;18462;11243;0;976540;418767;0;45.5;19.5;0.0
75;2021-06-02;17692;9538;0;994232;428305;0;46.3;19.9;0.0
75;2021-06-03;19239;11123;0;1013471;439428;0;47.2;20.5;0.0
75;2021-06-04;17679;12289;0;1031150;451717;0;48.0;21.0;0.0
75;2021-06-05;12147;9611;0;1043297;461328;0;48.6;21.5;0.0
75;2021-06-06;8065;3130;0;1051362;464458;0;48.9;21.6;0.0
75;2021-06-07;14168;11405;0;1065530;475863;0;49.6;22.2;0.0
75;2021-06-08;14857;13579;0;1080387;489442;0;50.3;22.8;0.0
75;2021-06-09;15381;13829;0;1095768;503271;0;51.0;23.4;0.0
75;2021-06-10;16556;18945;0;1112324;522216;0;51.8;24.3;0.0
75;2021-06-11;13263;15316;0;1125587;537532;0;52.4;25.0;0.0
75;2021-06-12;11870;9486;0;1137457;547018;0;52.9;25.5;0.0
75;2021-06-13;6380;3906;0;1143837;550924;0;53.2;25.6;0.0
75;2021-06-14;10331;15182;0;1154168;566106;0;53.7;26.4;0.0
75;2021-06-15;11203;17620;0;1165371;583726;0;54.2;27.2;0.0
75;2021-06-16;10848;16161;0;1176219;599887;0;54.8;27.9;0.0
75;2021-06-17;10800;16798;0;1187019;616685;0;55.3;28.7;0.0
75;2021-06-18;9194;20728;0;1196213;637413;0;55.7;29.7;0.0
75;2021-06-19;6779;12473;0;1202992;649886;0;56.0;30.3;0.0
75;2021-06-20;2802;6296;0;1205794;656182;0;56.1;30.5;0.0
75;2021-06-21;6996;16767;0;1212790;672949;0;56.5;31.3;0.0
75;2021-06-22;7252;21456;0;1220042;694405;0;56.8;32.3;0.0
75;2021-06-23;7960;20391;0;1228002;714796;0;57.2;33.3;0.0
75;2021-06-24;8764;20395;0;1236766;735191;0;57.6;34.2;0.0
75;2021-06-25;7476;23420;0;1244242;758611;0;57.9;35.3;0.0
75;2021-06-26;6252;16418;0;1250494;775029;0;58.2;36.1;0.0
75;2021-06-27;2282;7486;0;1252776;782515;0;58.3;36.4;0.0
75;2021-06-28;6441;20406;0;1259217;802921;0;58.6;37.4;0.0
75;2021-06-29;7132;23238;0;1266349;826159;0;58.9;38.5;0.0
75;2021-06-30;7324;22166;0;1273673;848325;0;59.3;39.5;0.0
75;2021-07-01;8631;21893;0;1282304;870218;0;59.7;40.5;0.0
75;2021-07-02;7985;22684;0;1290289;892902;0;60.1;41.6;0.0
75;2021-07-03;5750;18450;0;1296039;911352;0;60.3;42.4;0.0
75;2021-07-04;2630;9032;0;1298669;920384;0;60.5;42.8;0.0
75;2021-07-05;6707;20014;0;1305376;940398;0;60.8;43.8;0.0
75;2021-07-06;7426;21832;1;1312802;962230;1;61.1;44.8;0.0
75;2021-07-07;7214;21205;0;1320016;983435;1;61.4;45.8;0.0
75;2021-07-08;7921;20968;0;1327937;1004403;1;61.8;46.8;0.0
75;2021-07-09;7860;21527;0;1335797;1025930;1;62.2;47.8;0.0
75;2021-07-10;5756;16584;0;1341553;1042514;1;62.4;48.5;0.0
75;2021-07-11;2943;8108;0;1344496;1050622;1;62.6;48.9;0.0
75;2021-07-12;6908;20868;0;1351404;1071490;1;62.9;49.9;0.0
75;2021-07-13;10133;21977;0;1361537;1093467;1;63.4;50.9;0.0
75;2021-07-14;6422;8662;0;1367959;1102129;1;63.7;51.3;0.0
75;2021-07-15;10717;22229;0;1378676;1124358;1;64.2;52.3;0.0
75;2021-07-16;11113;19444;0;1389789;1143802;1;64.7;53.2;0.0
75;2021-07-17;7949;14511;0;1397738;1158313;1;65.1;53.9;0.0
75;2021-07-18;4032;6519;0;1401770;1164832;1;65.3;54.2;0.0
75;2021-07-19;9528;18625;0;1411298;1183457;1;65.7;55.1;0.0
75;2021-07-20;11107;19231;0;1422405;1202688;1;66.2;56.0;0.0
75;2021-07-21;10792;17462;0;1433197;1220150;1;66.7;56.8;0.0
75;2021-07-22;11689;16691;0;1444886;1236841;1;67.3;57.6;0.0
75;2021-07-23;11640;15697;0;1456526;1252538;1;67.8;58.3;0.0
75;2021-07-24;7573;11202;0;1464099;1263740;1;68.2;58.8;0.0
75;2021-07-25;3427;4022;0;1467526;1267762;1;68.3;59.0;0.0
75;2021-07-26;10390;13538;1;1477916;1281300;2;68.8;59.6;0.0
75;2021-07-27;12380;12918;0;1490296;1294218;2;69.4;60.2;0.0
75;2021-07-28;11870;11932;0;1502166;1306150;2;69.9;60.8;0.0
75;2021-07-29;11836;11830;0;1514002;1317980;2;70.5;61.4;0.0
75;2021-07-30;11268;11401;0;1525270;1329381;2;71.0;61.9;0.0
75;2021-07-31;6622;7570;0;1531892;1336951;2;71.3;62.2;0.0
75;2021-08-01;2768;2461;0;1534660;1339412;2;71.4;62.3;0.0
75;2021-08-02;7977;9415;0;1542637;1348827;2;71.8;62.8;0.0
75;2021-08-03;8050;8837;0;1550687;1357664;2;72.2;63.2;0.0
75;2021-08-04;7303;7642;0;1557990;1365306;2;72.5;63.6;0.0
75;2021-08-05;6536;7722;0;1564526;1373028;2;72.8;63.9;0.0
75;2021-08-06;6356;8101;0;1570882;1381129;2;73.1;64.3;0.0
75;2021-08-07;3960;5355;0;1574842;1386484;2;73.3;64.5;0.0
75;2021-08-08;1338;2259;0;1576180;1388743;2;73.4;64.6;0.0
75;2021-08-09;5746;8551;0;1581926;1397294;2;73.6;65.0;0.0
75;2021-08-10;6177;8756;0;1588103;1406050;2;73.9;65.5;0.0
75;2021-08-11;5346;7813;0;1593449;1413863;2;74.2;65.8;0.0
75;2021-08-12;4767;8057;0;1598216;1421920;2;74.4;66.2;0.0
75;2021-08-13;4340;6976;0;1602556;1428896;2;74.6;66.5;0.0
75;2021-08-14;2672;5187;0;1605228;1434083;2;74.7;66.8;0.0
75;2021-08-15;665;1216;0;1605893;1435299;2;74.8;66.8;0.0
75;2021-08-16;4246;9806;0;1610139;1445105;2;75.0;67.3;0.0
75;2021-08-17;3957;9557;0;1614096;1454662;2;75.1;67.7;0.0
75;2021-08-18;3507;8698;0;1617603;1463360;2;75.3;68.1;0.0
75;2021-08-19;3476;8737;0;1621079;1472097;2;75.5;68.5;0.0
75;2021-08-20;3165;8468;0;1624244;1480565;2;75.6;68.9;0.0
75;2021-08-21;2157;6210;0;1626401;1486775;2;75.7;69.2;0.0
75;2021-08-22;632;2315;0;1627033;1489090;2;75.7;69.3;0.0
75;2021-08-23;3283;10166;0;1630316;1499256;2;75.9;69.8;0.0
75;2021-08-24;3342;9702;0;1633658;1508958;2;76.0;70.2;0.0
75;2021-08-25;3103;8492;0;1636761;1517450;2;76.2;70.6;0.0
75;2021-08-26;2816;7424;4;1639577;1524874;6;76.3;71.0;0.0
75;2021-08-27;3213;8599;2;1642790;1533473;8;76.5;71.4;0.0
75;2021-08-28;2262;5932;0;1645052;1539405;8;76.6;71.7;0.0
75;2021-08-29;617;1540;0;1645669;1540945;8;76.6;71.7;0.0
75;2021-08-30;3259;9466;562;1648928;1550411;570;76.8;72.2;0.0
75;2021-08-31;3120;8537;1039;1652048;1558948;1609;76.9;72.6;0.1
75;2021-09-01;3378;6865;1764;1655426;1565813;3373;77.1;72.9;0.2
75;2021-09-02;2527;5166;1945;1657953;1570979;5318;77.2;73.1;0.2
75;2021-09-03;2614;5884;1941;1660567;1576863;7259;77.3;73.4;0.3
75;2021-09-04;2765;5535;1050;1663332;1582398;8309;77.4;73.7;0.4
75;2021-09-05;468;920;395;1663800;1583318;8704;77.4;73.7;0.4
75;2021-09-06;1746;4037;1705;1665546;1587355;10409;77.5;73.9;0.5
75;2021-09-07;1580;3564;1595;1667126;1590919;12004;77.6;74.1;0.6
75;2021-09-08;1868;3968;1522;1668994;1594887;13526;77.7;74.2;0.6
75;2021-09-09;1663;3216;1717;1670657;1598103;15243;77.8;74.4;0.7
75;2021-09-10;1970;3773;2036;1672627;1601876;17279;77.9;74.6;0.8
75;2021-09-11;1667;4037;826;1674294;1605913;18105;77.9;74.8;0.8
75;2021-09-12;312;630;178;1674606;1606543;18283;78.0;74.8;0.9
75;2021-09-13;1649;2903;1867;1676255;1609446;20150;78.0;74.9;0.9
75;2021-09-14;1528;2554;1963;1677783;1612000;22113;78.1;75.0;1.0
75;2021-09-15;1751;3096;1834;1679534;1615096;23947;78.2;75.2;1.1
75;2021-09-16;1371;2243;1778;1680905;1617339;25725;78.2;75.3;1.2
75;2021-09-17;1843;3260;2207;1682748;1620599;27932;78.3;75.4;1.3
75;2021-09-18;1162;3457;714;1683910;1624056;28646;78.4;75.6;1.3
75;2021-09-19;216;539;116;1684126;1624595;28762;78.4;75.6;1.3
75;2021-09-20;1283;2425;1849;1685409;1627020;30611;78.5;75.7;1.4
75;2021-09-21;1153;2073;1670;1686562;1629093;32281;78.5;75.8;1.5
75;2021-09-22;1249;2969;1690;1687811;1632062;33971;78.6;76.0;1.6
75;2021-09-23;993;1788;1828;1688804;1633850;35799;78.6;76.1;1.7
75;2021-09-24;1258;2805;2029;1690062;1636655;37828;78.7;76.2;1.8
75;2021-09-25;906;3210;625;1690968;1639865;38453;78.7;76.3;1.8
75;2021-09-26;188;411;120;1691156;1640276;38573;78.7;76.4;1.8
75;2021-09-27;958;2002;1608;1692114;1642278;40181;78.8;76.4;1.9
75;2021-09-28;1021;1604;1680;1693135;1643882;41861;78.8;76.5;1.9
75;2021-09-29;1054;2090;1767;1694189;1645972;43628;78.9;76.6;2.0
75;2021-09-30;902;1745;1940;1695091;1647717;45568;78.9;76.7;2.1
75;2021-10-01;1645;1953;2191;1696736;1649670;47759;79.0;76.8;2.2
75;2021-10-02;1127;2028;896;1697863;1651698;48655;79.0;76.9;2.3
75;2021-10-03;158;282;120;1698021;1651980;48775;79.0;76.9;2.3
75;2021-10-04;1112;1632;2751;1699133;1653612;51526;79.1;77.0;2.4
75;2021-10-05;888;1425;2623;1700021;1655037;54149;79.1;77.0;2.5
75;2021-10-06;1031;1759;2522;1701052;1656796;56671;79.2;77.1;2.6
75;2021-10-07;839;1324;2456;1701891;1658120;59127;79.2;77.2;2.8
75;2021-10-08;1188;2114;3272;1703079;1660234;62399;79.3;77.3;2.9
75;2021-10-09;965;1538;1379;1704044;1661772;63778;79.3;77.4;3.0
75;2021-10-10;180;304;164;1704224;1662076;63942;79.3;77.4;3.0
75;2021-10-11;947;1403;2589;1705171;1663479;66531;79.4;77.4;3.1
75;2021-10-12;893;1398;2870;1706064;1664877;69401;79.4;77.5;3.2
75;2021-10-13;1007;1559;2788;1707071;1666436;72189;79.5;77.6;3.4
75;2021-10-14;835;1287;2841;1707906;1667723;75030;79.5;77.6;3.5
75;2021-10-15;1127;1617;3527;1709033;1669340;78557;79.6;77.7;3.7
75;2021-10-16;970;1366;1465;1710003;1670706;80022;79.6;77.8;3.7
75;2021-10-17;165;233;245;1710168;1670939;80267;79.6;77.8;3.7
75;2021-10-18;828;1178;2940;1710996;1672117;83207;79.6;77.8;3.9
75;2021-10-19;754;1171;3501;1711750;1673288;86708;79.7;77.9;4.0
75;2021-10-20;849;1255;3467;1712599;1674543;90175;79.7;77.9;4.2
75;2021-10-21;614;1117;3052;1713213;1675660;93227;79.7;78.0;4.3
75;2021-10-22;910;1387;3862;1714123;1677047;97089;79.8;78.1;4.5
75;2021-10-23;727;1111;1886;1714850;1678158;98975;79.8;78.1;4.6
75;2021-10-24;110;148;178;1714960;1678306;99153;79.8;78.1;4.6
75;2021-10-25;666;1029;3472;1715626;1679335;102625;79.9;78.2;4.8
75;2021-10-26;667;954;3808;1716293;1680289;106433;79.9;78.2;5.0
75;2021-10-27;645;984;3865;1716938;1681273;110298;79.9;78.3;5.1
75;2021-10-28;588;861;3606;1717526;1682134;113904;79.9;78.3;5.3
75;2021-10-29;680;1051;4216;1718206;1683185;118120;80.0;78.4;5.5
75;2021-10-30;527;806;2020;1718733;1683991;120140;80.0;78.4;5.6
75;2021-10-31;77;137;217;1718810;1684128;120357;80.0;78.4;5.6
75;2021-11-01;176;149;236;1718986;1684277;120593;80.0;78.4;5.6
75;2021-11-02;708;1038;3268;1719694;1685315;123861;80.1;78.4;5.8
75;2021-11-03;602;967;3514;1720296;1686282;127375;80.1;78.5;5.9
75;2021-11-04;534;835;3429;1720830;1687117;130804;80.1;78.5;6.1
75;2021-11-05;632;1009;4357;1721462;1688126;135161;80.1;78.6;6.3
75;2021-11-06;530;853;2115;1721992;1688979;137276;80.2;78.6;6.4
75;2021-11-07;102;159;299;1722094;1689138;137575;80.2;78.6;6.4
75;2021-11-08;477;829;4551;1722571;1689967;142126;80.2;78.7;6.6
75;2021-11-09;562;885;5423;1723133;1690852;147549;80.2;78.7;6.9
75;2021-11-10;725;1118;6096;1723858;1691970;153645;80.2;78.8;7.2
75;2021-11-11;199;316;1106;1724057;1692286;154751;80.3;78.8;7.2
75;2021-11-12;604;985;6275;1724661;1693271;161026;80.3;78.8;7.5
75;2021-11-13;544;808;3025;1725205;1694079;164051;80.3;78.9;7.6
75;2021-11-14;96;151;446;1725301;1694230;164497;80.3;78.9;7.7
75;2021-11-15;497;846;5789;1725798;1695076;170286;80.3;78.9;7.9
75;2021-11-16;575;824;6307;1726373;1695900;176593;80.4;78.9;8.2
75;2021-11-17;675;922;5969;1727048;1696822;182562;80.4;79.0;8.5
75;2021-11-18;513;815;5944;1727561;1697637;188506;80.4;79.0;8.8
75;2021-11-19;669;898;7157;1728230;1698535;195663;80.4;79.1;9.1
75;2021-11-20;611;858;3667;1728841;1699393;199330;80.5;79.1;9.3
75;2021-11-21;80;157;564;1728921;1699550;199894;80.5;79.1;9.3
75;2021-11-22;550;635;6359;1729471;1700185;206253;80.5;79.1;9.6
75;2021-11-23;618;791;7465;1730089;1700976;213718;80.5;79.2;9.9
75;2021-11-24;633;894;7225;1730722;1701870;220943;80.6;79.2;10.3
75;2021-11-25;591;766;9701;1731313;1702636;230644;80.6;79.3;10.7
75;2021-11-26;546;859;13959;1731859;1703495;244603;80.6;79.3;11.4
75;2021-11-27;483;748;10603;1732342;1704243;255206;80.6;79.3;11.9
75;2021-11-28;143;211;4675;1732485;1704454;259881;80.6;79.3;12.1
75;2021-11-29;461;735;15213;1732946;1705189;275094;80.7;79.4;12.8
75;2021-11-30;509;852;18721;1733455;1706041;293815;80.7;79.4;13.7
75;2021-12-01;488;885;19213;1733943;1706926;313028;80.7;79.5;14.6
75;2021-12-02;450;704;20585;1734393;1707630;333613;80.7;79.5;15.5
75;2021-12-03;508;931;22610;1734901;1708561;356223;80.8;79.5;16.6
75;2021-12-04;374;748;15499;1735275;1709309;371722;80.8;79.6;17.3
75;2021-12-05;176;296;8039;1735451;1709605;379761;80.8;79.6;17.7
75;2021-12-06;422;789;20804;1735873;1710394;400565;80.8;79.6;18.6
75;2021-12-07;498;916;24702;1736371;1711310;425267;80.8;79.7;19.8
75;2021-12-08;500;918;22579;1736871;1712228;447846;80.8;79.7;20.8
75;2021-12-09;444;865;24489;1737315;1713093;472335;80.9;79.7;22.0
75;2021-12-10;462;880;26018;1737777;1713973;498353;80.9;79.8;23.2
75;2021-12-11;504;878;20102;1738281;1714851;518455;80.9;79.8;24.1
75;2021-12-12;235;328;12953;1738516;1715179;531408;80.9;79.8;24.7
75;2021-12-13;491;868;25112;1739007;1716047;556520;80.9;79.9;25.9
75;2021-12-14;588;953;29522;1739595;1717000;586042;81.0;79.9;27.3
75;2021-12-15;589;967;27587;1740184;1717967;613629;81.0;80.0;28.6
76;2020-12-27;0;0;0;0;0;0;0.0;0.0;0.0
76;2020-12-28;0;0;0;0;0;0;0.0;0.0;0.0
76;2020-12-29;0;0;0;0;0;0;0.0;0.0;0.0
76;2020-12-30;0;0;0;0;0;0;0.0;0.0;0.0
76;2020-12-31;0;0;0;0;0;0;0.0;0.0;0.0
76;2021-01-01;1;0;0;1;0;0;0.0;0.0;0.0
76;2021-01-02;0;0;0;1;0;0;0.0;0.0;0.0
76;2021-01-03;0;0;0;1;0;0;0.0;0.0;0.0
76;2021-01-04;17;0;0;18;0;0;0.0;0.0;0.0
76;2021-01-05;124;0;0;142;0;0;0.0;0.0;0.0
76;2021-01-06;622;2;0;764;2;0;0.1;0.0;0.0
76;2021-01-07;1233;9;0;1997;11;0;0.2;0.0;0.0
76;2021-01-08;1370;2;0;3367;13;0;0.3;0.0;0.0
76;2021-01-09;665;1;0;4032;14;0;0.3;0.0;0.0
76;2021-01-10;472;2;0;4504;16;0;0.4;0.0;0.0
76;2021-01-11;1286;4;0;5790;20;0;0.5;0.0;0.0
76;2021-01-12;1250;1;0;7040;21;0;0.6;0.0;0.0
76;2021-01-13;1144;5;0;8184;26;0;0.7;0.0;0.0
76;2021-01-14;2070;23;0;10254;49;0;0.8;0.0;0.0
76;2021-01-15;1819;8;0;12073;57;0;1.0;0.0;0.0
76;2021-01-16;953;7;0;13026;64;0;1.0;0.0;0.0
76;2021-01-17;2708;20;0;15734;84;0;1.3;0.0;0.0
76;2021-01-18;4175;18;0;19909;102;0;1.6;0.0;0.0
76;2021-01-19;2840;11;0;22749;113;0;1.8;0.0;0.0
76;2021-01-20;1952;11;0;24701;124;0;2.0;0.0;0.0
76;2021-01-21;1704;5;0;26405;129;0;2.1;0.0;0.0
76;2021-01-22;1610;2;0;28015;131;0;2.3;0.0;0.0
76;2021-01-23;451;4;0;28466;135;0;2.3;0.0;0.0
76;2021-01-24;100;0;0;28566;135;0;2.3;0.0;0.0
76;2021-01-25;1370;131;0;29936;266;0;2.4;0.0;0.0
76;2021-01-26;1323;314;0;31259;580;0;2.5;0.0;0.0
76;2021-01-27;1269;392;0;32528;972;0;2.6;0.1;0.0
76;2021-01-28;1237;320;0;33765;1292;0;2.7;0.1;0.0
76;2021-01-29;1108;367;0;34873;1659;0;2.8;0.1;0.0
76;2021-01-30;259;259;0;35132;1918;0;2.8;0.2;0.0
76;2021-01-31;4;96;0;35136;2014;0;2.8;0.2;0.0
76;2021-02-01;790;741;0;35926;2755;0;2.9;0.2;0.0
76;2021-02-02;962;904;0;36888;3659;0;3.0;0.3;0.0
76;2021-02-03;847;966;0;37735;4625;0;3.0;0.4;0.0
76;2021-02-04;927;1390;0;38662;6015;0;3.1;0.5;0.0
76;2021-02-05;942;1078;0;39604;7093;0;3.2;0.6;0.0
76;2021-02-06;262;841;0;39866;7934;0;3.2;0.6;0.0
76;2021-02-07;438;1522;0;40304;9456;0;3.2;0.8;0.0
76;2021-02-08;1799;3524;0;42103;12980;0;3.4;1.0;0.0
76;2021-02-09;1689;2867;0;43792;15847;0;3.5;1.3;0.0
76;2021-02-10;1413;1746;0;45205;17593;0;3.6;1.4;0.0
76;2021-02-11;1599;1449;0;46804;19042;0;3.8;1.5;0.0
76;2021-02-12;1602;1546;0;48406;20588;0;3.9;1.7;0.0
76;2021-02-13;243;336;0;48649;20924;0;3.9;1.7;0.0
76;2021-02-14;7;75;0;48656;20999;0;3.9;1.7;0.0
76;2021-02-15;530;1569;0;49186;22568;0;4.0;1.8;0.0
76;2021-02-16;699;1528;0;49885;24096;0;4.0;1.9;0.0
76;2021-02-17;605;1384;0;50490;25480;0;4.1;2.0;0.0
76;2021-02-18;774;1306;0;51264;26786;0;4.1;2.2;0.0
76;2021-02-19;838;1234;0;52102;28020;0;4.2;2.3;0.0
76;2021-02-20;260;288;0;52362;28308;0;4.2;2.3;0.0
76;2021-02-21;2;5;0;52364;28313;0;4.2;2.3;0.0
76;2021-02-22;318;1211;0;52682;29524;0;4.2;2.4;0.0
76;2021-02-23;566;1149;0;53248;30673;0;4.3;2.5;0.0
76;2021-02-24;591;1132;0;53839;31805;0;4.3;2.6;0.0
76;2021-02-25;1606;1213;0;55445;33018;0;4.5;2.7;0.0
76;2021-02-26;2146;992;0;57591;34010;0;4.6;2.7;0.0
76;2021-02-27;1091;271;0;58682;34281;0;4.7;2.8;0.0
76;2021-02-28;30;193;0;58712;34474;0;4.7;2.8;0.0
76;2021-03-01;839;1975;0;59551;36449;0;4.8;2.9;0.0
76;2021-03-02;1353;1612;0;60904;38061;0;4.9;3.1;0.0
76;2021-03-03;1857;1322;0;62761;39383;0;5.0;3.2;0.0
76;2021-03-04;2753;1059;0;65514;40442;0;5.3;3.3;0.0
76;2021-03-05;4036;777;0;69550;41219;0;5.6;3.3;0.0
76;2021-03-06;3311;174;0;72861;41393;0;5.9;3.3;0.0
76;2021-03-07;1288;40;0;74149;41433;0;6.0;3.3;0.0
76;2021-03-08;2040;1204;0;76189;42637;0;6.1;3.4;0.0
76;2021-03-09;3517;1125;0;79706;43762;0;6.4;3.5;0.0
76;2021-03-10;3547;1033;0;83253;44795;0;6.7;3.6;0.0
76;2021-03-11;5489;924;0;88742;45719;0;7.1;3.7;0.0
76;2021-03-12;6588;608;0;95330;46327;0;7.7;3.7;0.0
76;2021-03-13;4668;185;0;99998;46512;0;8.0;3.7;0.0
76;2021-03-14;1065;27;0;101063;46539;0;8.1;3.7;0.0
76;2021-03-15;2832;235;0;103895;46774;0;8.4;3.8;0.0
76;2021-03-16;2498;387;0;106393;47161;0;8.6;3.8;0.0
76;2021-03-17;2697;316;0;109090;47477;0;8.8;3.8;0.0
76;2021-03-18;2977;340;0;112067;47817;0;9.0;3.8;0.0
76;2021-03-19;4268;425;0;116335;48242;0;9.4;3.9;0.0
76;2021-03-20;3929;295;0;120264;48537;0;9.7;3.9;0.0
76;2021-03-21;819;15;0;121083;48552;0;9.7;3.9;0.0
76;2021-03-22;3774;355;0;124857;48907;0;10.0;3.9;0.0
76;2021-03-23;5443;371;0;130300;49278;0;10.5;4.0;0.0
76;2021-03-24;5487;411;0;135787;49689;0;10.9;4.0;0.0
76;2021-03-25;7292;576;0;143079;50265;0;11.5;4.0;0.0
76;2021-03-26;8344;617;0;151423;50882;0;12.2;4.1;0.0
76;2021-03-27;4670;385;0;156093;51267;0;12.5;4.1;0.0
76;2021-03-28;1058;39;0;157151;51306;0;12.6;4.1;0.0
76;2021-03-29;5051;839;0;162202;52145;0;13.0;4.2;0.0
76;2021-03-30;6256;1061;0;168458;53206;0;13.5;4.3;0.0
76;2021-03-31;6067;1263;0;174525;54469;0;14.0;4.4;0.0
76;2021-04-01;6285;1992;0;180810;56461;0;14.5;4.5;0.0
76;2021-04-02;6281;2561;0;187091;59022;0;15.0;4.7;0.0
76;2021-04-03;2423;1121;0;189514;60143;0;15.2;4.8;0.0
76;2021-04-04;266;26;0;189780;60169;0;15.3;4.8;0.0
76;2021-04-05;796;356;0;190576;60525;0;15.3;4.9;0.0
76;2021-04-06;3345;2766;0;193921;63291;0;15.6;5.1;0.0
76;2021-04-07;4141;2423;0;198062;65714;0;15.9;5.3;0.0
76;2021-04-08;5524;2714;0;203586;68428;0;16.4;5.5;0.0
76;2021-04-09;8462;2978;0;212048;71406;0;17.0;5.7;0.0
76;2021-04-10;4684;1477;0;216732;72883;0;17.4;5.9;0.0
76;2021-04-11;810;535;0;217542;73418;0;17.5;5.9;0.0
76;2021-04-12;4440;2767;0;221982;76185;0;17.8;6.1;0.0
76;2021-04-13;5642;2802;0;227624;78987;0;18.3;6.4;0.0
76;2021-04-14;4571;3111;0;232195;82098;0;18.7;6.6;0.0
76;2021-04-15;5329;3274;0;237524;85372;0;19.1;6.9;0.0
76;2021-04-16;7051;3239;0;244575;88611;0;19.7;7.1;0.0
76;2021-04-17;4207;1436;0;248782;90047;0;20.0;7.2;0.0
76;2021-04-18;351;156;0;249133;90203;0;20.0;7.3;0.0
76;2021-04-19;3293;3533;0;252426;93736;0;20.3;7.5;0.0
76;2021-04-20;4177;4103;0;256603;97839;0;20.6;7.9;0.0
76;2021-04-21;4055;4445;0;260658;102284;0;21.0;8.2;0.0
76;2021-04-22;4443;5165;0;265101;107449;0;21.3;8.6;0.0
76;2021-04-23;5266;5653;0;270367;113102;0;21.7;9.1;0.0
76;2021-04-24;4060;2093;0;274427;115195;0;22.1;9.3;0.0
76;2021-04-25;970;340;0;275397;115535;0;22.1;9.3;0.0
76;2021-04-26;4361;4160;0;279758;119695;0;22.5;9.6;0.0
76;2021-04-27;4836;4663;0;284594;124358;0;22.9;10.0;0.0
76;2021-04-28;5168;3885;0;289762;128243;0;23.3;10.3;0.0
76;2021-04-29;6750;3851;0;296512;132094;0;23.8;10.6;0.0
76;2021-04-30;7900;4453;0;304412;136547;0;24.5;11.0;0.0
76;2021-05-01;4530;997;0;308942;137544;0;24.8;11.1;0.0
76;2021-05-02;1903;285;0;310845;137829;0;25.0;11.1;0.0
76;2021-05-03;4662;3121;0;315507;140950;0;25.4;11.3;0.0
76;2021-05-04;4718;4312;0;320225;145262;0;25.7;11.7;0.0
76;2021-05-05;4736;4852;0;324961;150114;0;26.1;12.1;0.0
76;2021-05-06;5849;5258;0;330810;155372;0;26.6;12.5;0.0
76;2021-05-07;6120;6428;0;336930;161800;0;27.1;13.0;0.0
76;2021-05-08;4875;906;0;341805;162706;0;27.5;13.1;0.0
76;2021-05-09;2633;274;0;344438;162980;0;27.7;13.1;0.0
76;2021-05-10;4919;4766;0;349357;167746;0;28.1;13.5;0.0
76;2021-05-11;6368;5365;0;355725;173111;0;28.6;13.9;0.0
76;2021-05-12;6321;4845;0;362046;177956;0;29.1;14.3;0.0
76;2021-05-13;8178;1202;0;370224;179158;0;29.8;14.4;0.0
76;2021-05-14;9868;4394;0;380092;183552;0;30.6;14.8;0.0
76;2021-05-15;8786;2405;0;388878;185957;0;31.3;15.0;0.0
76;2021-05-16;6105;474;0;394983;186431;0;31.8;15.0;0.0
76;2021-05-17;7148;3109;0;402131;189540;0;32.3;15.2;0.0
76;2021-05-18;8165;2679;0;410296;192219;0;33.0;15.5;0.0
76;2021-05-19;8253;3075;0;418549;195294;0;33.7;15.7;0.0
76;2021-05-20;9284;3338;0;427833;198632;0;34.4;16.0;0.0
76;2021-05-21;8043;4026;0;435876;202658;0;35.0;16.3;0.0
76;2021-05-22;7023;2268;0;442899;204926;0;35.6;16.5;0.0
76;2021-05-23;5984;403;0;448883;205329;0;36.1;16.5;0.0
76;2021-05-24;6206;1455;0;455089;206784;0;36.6;16.6;0.0
76;2021-05-25;7556;3944;0;462645;210728;0;37.2;16.9;0.0
76;2021-05-26;7169;3565;0;469814;214293;0;37.8;17.2;0.0
76;2021-05-27;8229;4564;0;478043;218857;0;38.4;17.6;0.0
76;2021-05-28;8169;6384;0;486212;225241;0;39.1;18.1;0.0
76;2021-05-29;6264;3467;0;492476;228708;0;39.6;18.4;0.0
76;2021-05-30;3107;404;0;495583;229112;0;39.8;18.4;0.0
76;2021-05-31;7783;3816;0;503366;232928;0;40.5;18.7;0.0
76;2021-06-01;8756;4870;0;512122;237798;0;41.2;19.1;0.0
76;2021-06-02;7435;4438;0;519557;242236;0;41.8;19.5;0.0
76;2021-06-03;9262;5310;0;528819;247546;0;42.5;19.9;0.0
76;2021-06-04;8701;6575;0;537520;254121;0;43.2;20.4;0.0
76;2021-06-05;6217;3836;0;543737;257957;0;43.7;20.7;0.0
76;2021-06-06;2689;713;0;546426;258670;0;43.9;20.8;0.0
76;2021-06-07;6616;5292;0;553042;263962;0;44.5;21.2;0.0
76;2021-06-08;8236;6106;0;561278;270068;0;45.1;21.7;0.0
76;2021-06-09;6907;5961;0;568185;276029;0;45.7;22.2;0.0
76;2021-06-10;7449;6417;0;575634;282446;0;46.3;22.7;0.0
76;2021-06-11;7221;8032;0;582855;290478;0;46.9;23.4;0.0
76;2021-06-12;6694;5795;0;589549;296273;0;47.4;23.8;0.0
76;2021-06-13;2859;1407;0;592408;297680;0;47.6;23.9;0.0
76;2021-06-14;5623;6612;0;598031;304292;0;48.1;24.5;0.0
76;2021-06-15;5889;7308;0;603920;311600;0;48.6;25.1;0.0
76;2021-06-16;6219;7337;0;610139;318937;0;49.1;25.6;0.0
76;2021-06-17;6555;7594;0;616694;326531;0;49.6;26.3;0.0
76;2021-06-18;7005;9111;0;623699;335642;0;50.1;27.0;0.0
76;2021-06-19;5551;6175;0;629250;341817;0;50.6;27.5;0.0
76;2021-06-20;2682;1753;0;631932;343570;0;50.8;27.6;0.0
76;2021-06-21;4649;7812;0;636581;351382;0;51.2;28.3;0.0
76;2021-06-22;4525;9386;0;641106;360768;0;51.5;29.0;0.0
76;2021-06-23;4367;9254;0;645473;370022;0;51.9;29.7;0.0
76;2021-06-24;4467;9668;0;649940;379690;0;52.3;30.5;0.0
76;2021-06-25;4617;11258;0;654557;390948;0;52.6;31.4;0.0
76;2021-06-26;3247;7801;0;657804;398749;0;52.9;32.1;0.0
76;2021-06-27;1351;4867;0;659155;403616;0;53.0;32.5;0.0
76;2021-06-28;3266;9605;0;662421;413221;0;53.3;33.2;0.0
76;2021-06-29;3700;9960;0;666121;423181;0;53.6;34.0;0.0
76;2021-06-30;4032;9556;0;670153;432737;0;53.9;34.8;0.0
76;2021-07-01;4359;9713;0;674512;442450;0;54.2;35.6;0.0
76;2021-07-02;4176;11753;0;678688;454203;0;54.6;36.5;0.0
76;2021-07-03;3353;8321;0;682041;462524;0;54.8;37.2;0.0
76;2021-07-04;1452;5075;0;683493;467599;0;55.0;37.6;0.0
76;2021-07-05;3654;8943;0;687147;476542;0;55.2;38.3;0.0
76;2021-07-06;3749;9856;0;690896;486398;0;55.5;39.1;0.0
76;2021-07-07;3747;9096;0;694643;495494;0;55.8;39.8;0.0
76;2021-07-08;4221;9308;0;698864;504802;0;56.2;40.6;0.0
76;2021-07-09;4191;12081;0;703055;516883;0;56.5;41.6;0.0
76;2021-07-10;2954;8272;0;706009;525155;0;56.8;42.2;0.0
76;2021-07-11;1660;2753;0;707669;527908;0;56.9;42.4;0.0
76;2021-07-12;2992;10713;0;710661;538621;0;57.1;43.3;0.0
76;2021-07-13;4741;11862;0;715402;550483;0;57.5;44.3;0.0
76;2021-07-14;4282;5049;0;719684;555532;0;57.9;44.7;0.0
76;2021-07-15;5637;11690;0;725321;567222;0;58.3;45.6;0.0
76;2021-07-16;6561;11881;0;731882;579103;0;58.8;46.6;0.0
76;2021-07-17;4883;8483;0;736765;587586;0;59.2;47.2;0.0
76;2021-07-18;2195;3377;0;738960;590963;0;59.4;47.5;0.0
76;2021-07-19;5077;10170;0;744037;601133;0;59.8;48.3;0.0
76;2021-07-20;6284;10572;0;750321;611705;0;60.3;49.2;0.0
76;2021-07-21;6300;9589;0;756621;621294;0;60.8;50.0;0.0
76;2021-07-22;8038;8682;0;764659;629976;0;61.5;50.6;0.0
76;2021-07-23;7485;10591;0;772144;640567;0;62.1;51.5;0.0
76;2021-07-24;4892;6796;0;777036;647363;0;62.5;52.0;0.0
76;2021-07-25;2884;2471;0;779920;649834;0;62.7;52.2;0.0
76;2021-07-26;5300;8895;0;785220;658729;0;63.1;53.0;0.0
76;2021-07-27;8096;8404;0;793316;667133;0;63.8;53.6;0.0
76;2021-07-28;8045;7515;0;801361;674648;0;64.4;54.2;0.0
76;2021-07-29;9049;6641;0;810410;681289;0;65.2;54.8;0.0
76;2021-07-30;7766;7552;0;818176;688841;0;65.8;55.4;0.0
76;2021-07-31;6266;5015;0;824442;693856;0;66.3;55.8;0.0
76;2021-08-01;3647;1962;0;828089;695818;0;66.6;55.9;0.0
76;2021-08-02;6271;6661;0;834360;702479;0;67.1;56.5;0.0
76;2021-08-03;7510;6160;0;841870;708639;0;67.7;57.0;0.0
76;2021-08-04;6855;5593;0;848725;714232;0;68.2;57.4;0.0
76;2021-08-05;7522;5420;0;856247;719652;0;68.8;57.9;0.0
76;2021-08-06;6352;6526;0;862599;726178;0;69.4;58.4;0.0
76;2021-08-07;4339;4167;0;866938;730345;0;69.7;58.7;0.0
76;2021-08-08;2229;1775;0;869167;732120;0;69.9;58.9;0.0
76;2021-08-09;5077;6275;0;874244;738395;0;70.3;59.4;0.0
76;2021-08-10;5778;6360;0;880022;744755;0;70.8;59.9;0.0
76;2021-08-11;5854;5340;0;885876;750095;0;71.2;60.3;0.0
76;2021-08-12;5491;5817;0;891367;755912;0;71.7;60.8;0.0
76;2021-08-13;4574;5951;0;895941;761863;0;72.0;61.3;0.0
76;2021-08-14;3466;4442;0;899407;766305;0;72.3;61.6;0.0
76;2021-08-15;1410;2205;0;900817;768510;0;72.4;61.8;0.0
76;2021-08-16;3333;6329;0;904150;774839;0;72.7;62.3;0.0
76;2021-08-17;3534;6705;0;907684;781544;0;73.0;62.8;0.0
76;2021-08-18;3309;6410;0;910993;787954;0;73.2;63.4;0.0
76;2021-08-19;3061;6808;0;914054;794762;0;73.5;63.9;0.0
76;2021-08-20;3201;7391;0;917255;802153;0;73.7;64.5;0.0
76;2021-08-21;1676;3991;0;918931;806144;0;73.9;64.8;0.0
76;2021-08-22;803;3053;0;919734;809197;0;73.9;65.1;0.0
76;2021-08-23;2367;7206;1;922101;816403;1;74.1;65.6;0.0
76;2021-08-24;2569;7207;1;924670;823610;2;74.3;66.2;0.0
76;2021-08-25;2445;6662;1;927115;830272;3;74.5;66.8;0.0
76;2021-08-26;1908;5530;1;929023;835802;4;74.7;67.2;0.0
76;2021-08-27;2504;7394;0;931527;843196;4;74.9;67.8;0.0
76;2021-08-28;1904;5774;0;933431;848970;4;75.0;68.3;0.0
76;2021-08-29;657;2771;0;934088;851741;4;75.1;68.5;0.0
76;2021-08-30;1949;6670;98;936037;858411;102;75.3;69.0;0.0
76;2021-08-31;1809;6519;193;937846;864930;295;75.4;69.5;0.0
76;2021-09-01;1698;5937;487;939544;870867;782;75.5;70.0;0.1
76;2021-09-02;1238;4176;491;940782;875043;1273;75.6;70.4;0.1
76;2021-09-03;1494;6119;621;942276;881162;1894;75.8;70.8;0.2
76;2021-09-04;1486;5491;346;943762;886653;2240;75.9;71.3;0.2
76;2021-09-05;588;1658;133;944350;888311;2373;75.9;71.4;0.2
76;2021-09-06;1152;3906;716;945502;892217;3089;76.0;71.7;0.2
76;2021-09-07;1076;3428;772;946578;895645;3861;76.1;72.0;0.3
76;2021-09-08;1187;3932;683;947765;899577;4544;76.2;72.3;0.4
76;2021-09-09;983;2697;709;948748;902274;5253;76.3;72.5;0.4
76;2021-09-10;1608;3783;839;950356;906057;6092;76.4;72.8;0.5
76;2021-09-11;1085;2965;405;951441;909022;6497;76.5;73.1;0.5
76;2021-09-12;244;751;66;951685;909773;6563;76.5;73.1;0.5
76;2021-09-13;786;2033;1137;952471;911806;7700;76.6;73.3;0.6
76;2021-09-14;1306;2430;1254;953777;914236;8954;76.7;73.5;0.7
76;2021-09-15;1125;3024;1251;954902;917260;10205;76.8;73.7;0.8
76;2021-09-16;1142;1844;959;956044;919104;11164;76.9;73.9;0.9
76;2021-09-17;1275;2568;1299;957319;921672;12463;77.0;74.1;1.0
76;2021-09-18;668;2295;422;957987;923967;12885;77.0;74.3;1.0
76;2021-09-19;168;704;78;958155;924671;12963;77.0;74.3;1.0
76;2021-09-20;793;1589;857;958948;926260;13820;77.1;74.5;1.1
76;2021-09-21;731;1527;1178;959679;927787;14998;77.2;74.6;1.2
76;2021-09-22;625;2124;983;960304;929911;15981;77.2;74.8;1.3
76;2021-09-23;691;1102;1105;960995;931013;17086;77.3;74.9;1.4
76;2021-09-24;950;1844;1230;961945;932857;18316;77.3;75.0;1.5
76;2021-09-25;557;1956;394;962502;934813;18710;77.4;75.2;1.5
76;2021-09-26;95;378;58;962597;935191;18768;77.4;75.2;1.5
76;2021-09-27;517;1131;883;963114;936322;19651;77.4;75.3;1.6
76;2021-09-28;459;1046;1064;963573;937368;20715;77.5;75.4;1.7
76;2021-09-29;707;1447;954;964280;938815;21669;77.5;75.5;1.7
76;2021-09-30;379;783;703;964659;939598;22372;77.6;75.5;1.8
76;2021-10-01;853;1605;1514;965512;941203;23886;77.6;75.7;1.9
76;2021-10-02;541;1218;379;966053;942421;24265;77.7;75.8;2.0
76;2021-10-03;106;339;119;966159;942760;24384;77.7;75.8;2.0
76;2021-10-04;610;1009;1232;966769;943769;25616;77.7;75.9;2.1
76;2021-10-05;457;964;1185;967226;944733;26801;77.8;76.0;2.2
76;2021-10-06;425;828;963;967651;945561;27764;77.8;76.0;2.2
76;2021-10-07;349;788;1355;968000;946349;29119;77.8;76.1;2.3
76;2021-10-08;844;1722;1875;968844;948071;30994;77.9;76.2;2.5
76;2021-10-09;498;894;740;969342;948965;31734;77.9;76.3;2.6
76;2021-10-10;54;87;74;969396;949052;31808;77.9;76.3;2.6
76;2021-10-11;483;992;1234;969879;950044;33042;78.0;76.4;2.7
76;2021-10-12;447;851;1484;970326;950895;34526;78.0;76.5;2.8
76;2021-10-13;556;976;1454;970882;951871;35980;78.1;76.5;2.9
76;2021-10-14;381;643;1323;971263;952514;37303;78.1;76.6;3.0
76;2021-10-15;736;1244;2475;971999;953758;39778;78.1;76.7;3.2
76;2021-10-16;379;538;573;972378;954296;40351;78.2;76.7;3.2
76;2021-10-17;88;193;218;972466;954489;40569;78.2;76.7;3.3
76;2021-10-18;375;747;1430;972841;955236;41999;78.2;76.8;3.4
76;2021-10-19;450;733;1676;973291;955969;43675;78.3;76.9;3.5
76;2021-10-20;418;623;2170;973709;956592;45845;78.3;76.9;3.7
76;2021-10-21;268;522;1955;973977;957114;47800;78.3;77.0;3.8
76;2021-10-22;592;938;2277;974569;958052;50077;78.4;77.0;4.0
76;2021-10-23;318;504;730;974887;958556;50807;78.4;77.1;4.1
76;2021-10-24;7;30;20;974894;958586;50827;78.4;77.1;4.1
76;2021-10-25;468;677;2405;975362;959263;53232;78.4;77.1;4.3
76;2021-10-26;365;448;1991;975727;959711;55223;78.4;77.2;4.4
76;2021-10-27;344;477;2049;976071;960188;57272;78.5;77.2;4.6
76;2021-10-28;339;415;1887;976410;960603;59159;78.5;77.2;4.8
76;2021-10-29;447;842;3278;976857;961445;62437;78.5;77.3;5.0
76;2021-10-30;318;492;1094;977175;961937;63531;78.6;77.3;5.1
76;2021-10-31;32;32;38;977207;961969;63569;78.6;77.3;5.1
76;2021-11-01;23;20;11;977230;961989;63580;78.6;77.3;5.1
76;2021-11-02;412;575;2165;977642;962564;65745;78.6;77.4;5.3
76;2021-11-03;398;544;2226;978040;963108;67971;78.6;77.4;5.5
76;2021-11-04;345;479;2248;978385;963587;70219;78.7;77.5;5.6
76;2021-11-05;583;802;3675;978968;964389;73894;78.7;77.5;5.9
76;2021-11-06;324;440;1245;979292;964829;75139;78.7;77.6;6.0
76;2021-11-07;8;28;40;979300;964857;75179;78.7;77.6;6.0
76;2021-11-08;286;422;2693;979586;965279;77872;78.8;77.6;6.3
76;2021-11-09;263;427;3391;979849;965706;81263;78.8;77.6;6.5
76;2021-11-10;450;625;4129;980299;966331;85392;78.8;77.7;6.9
76;2021-11-11;10;37;108;980309;966368;85500;78.8;77.7;6.9
76;2021-11-12;458;642;4509;980767;967010;90009;78.9;77.7;7.2
76;2021-11-13;282;374;1456;981049;967384;91465;78.9;77.8;7.4
76;2021-11-14;15;22;66;981064;967406;91531;78.9;77.8;7.4
76;2021-11-15;297;393;3601;981361;967799;95132;78.9;77.8;7.6
76;2021-11-16;319;347;4013;981680;968146;99145;78.9;77.8;8.0
76;2021-11-17;411;503;3756;982091;968649;102901;79.0;77.9;8.3
76;2021-11-18;258;314;3716;982349;968963;106617;79.0;77.9;8.6
76;2021-11-19;541;573;5862;982890;969536;112479;79.0;78.0;9.0
76;2021-11-20;442;497;2455;983332;970033;114934;79.1;78.0;9.2
76;2021-11-21;18;22;70;983350;970055;115004;79.1;78.0;9.2
76;2021-11-22;310;258;4196;983660;970313;119200;79.1;78.0;9.6
76;2021-11-23;371;395;4934;984031;970708;124134;79.1;78.0;10.0
76;2021-11-24;451;465;5007;984482;971173;129141;79.2;78.1;10.4
76;2021-11-25;278;297;5039;984760;971470;134180;79.2;78.1;10.8
76;2021-11-26;449;617;8857;985209;972087;143037;79.2;78.2;11.5
76;2021-11-27;270;415;4986;985479;972502;148023;79.2;78.2;11.9
76;2021-11-28;21;22;914;985500;972524;148937;79.2;78.2;12.0
76;2021-11-29;250;352;8505;985750;972876;157442;79.3;78.2;12.7
76;2021-11-30;312;324;9967;986062;973200;167409;79.3;78.2;13.5
76;2021-12-01;294;408;9180;986356;973608;176589;79.3;78.3;14.2
76;2021-12-02;271;235;11328;986627;973843;187917;79.3;78.3;15.1
76;2021-12-03;332;448;13167;986959;974291;201084;79.4;78.3;16.2
76;2021-12-04;212;345;8114;987171;974636;209198;79.4;78.4;16.8
76;2021-12-05;46;40;2066;987217;974676;211264;79.4;78.4;17.0
76;2021-12-06;248;313;10635;987465;974989;221899;79.4;78.4;17.8
76;2021-12-07;236;324;13090;987701;975313;234989;79.4;78.4;18.9
76;2021-12-08;319;466;12932;988020;975779;247921;79.4;78.5;19.9
76;2021-12-09;308;327;15770;988328;976106;263691;79.5;78.5;21.2
76;2021-12-10;344;578;17962;988672;976684;281653;79.5;78.5;22.6
76;2021-12-11;260;378;11144;988932;977062;292797;79.5;78.6;23.5
76;2021-12-12;68;72;4347;989000;977134;297144;79.5;78.6;23.9
76;2021-12-13;222;348;14028;989222;977482;311172;79.5;78.6;25.0
76;2021-12-14;354;392;16709;989576;977874;327881;79.6;78.6;26.4
76;2021-12-15;345;455;14992;989921;978329;342873;79.6;78.7;27.6
77;2020-12-27;2;1;0;2;1;0;0.0;0.0;0.0
77;2020-12-28;2;0;0;4;1;0;0.0;0.0;0.0
77;2020-12-29;1;0;0;5;1;0;0.0;0.0;0.0
77;2020-12-30;1;0;0;6;1;0;0.0;0.0;0.0
77;2020-12-31;0;0;0;6;1;0;0.0;0.0;0.0
77;2021-01-01;10;0;0;16;1;0;0.0;0.0;0.0
77;2021-01-02;1;0;0;17;1;0;0.0;0.0;0.0
77;2021-01-03;1;0;0;18;1;0;0.0;0.0;0.0
77;2021-01-04;10;0;0;28;1;0;0.0;0.0;0.0
77;2021-01-05;199;1;0;227;2;0;0.0;0.0;0.0
77;2021-01-06;275;2;0;502;4;0;0.0;0.0;0.0
77;2021-01-07;664;10;0;1166;14;0;0.1;0.0;0.0
77;2021-01-08;736;3;0;1902;17;0;0.1;0.0;0.0
77;2021-01-09;259;1;0;2161;18;0;0.2;0.0;0.0
77;2021-01-10;207;2;0;2368;20;0;0.2;0.0;0.0
77;2021-01-11;882;6;0;3250;26;0;0.2;0.0;0.0
77;2021-01-12;1086;5;0;4336;31;0;0.3;0.0;0.0
77;2021-01-13;1140;8;0;5476;39;0;0.4;0.0;0.0
77;2021-01-14;1136;18;0;6612;57;0;0.5;0.0;0.0
77;2021-01-15;989;17;0;7601;74;0;0.5;0.0;0.0
77;2021-01-16;164;1;0;7765;75;0;0.5;0.0;0.0
77;2021-01-17;109;3;0;7874;78;0;0.6;0.0;0.0
77;2021-01-18;1319;12;0;9193;90;0;0.6;0.0;0.0
77;2021-01-19;1877;28;0;11070;118;0;0.8;0.0;0.0
77;2021-01-20;2600;14;0;13670;132;0;1.0;0.0;0.0
77;2021-01-21;2361;38;0;16031;170;0;1.1;0.0;0.0
77;2021-01-22;1274;9;0;17305;179;0;1.2;0.0;0.0
77;2021-01-23;363;1;0;17668;180;0;1.2;0.0;0.0
77;2021-01-24;45;0;0;17713;180;0;1.2;0.0;0.0
77;2021-01-25;1043;26;0;18756;206;0;1.3;0.0;0.0
77;2021-01-26;1735;30;0;20491;236;0;1.4;0.0;0.0
77;2021-01-27;1493;43;0;21984;279;0;1.5;0.0;0.0
77;2021-01-28;1835;130;0;23819;409;0;1.7;0.0;0.0
77;2021-01-29;1366;177;0;25185;586;0;1.8;0.0;0.0
77;2021-01-30;266;5;0;25451;591;0;1.8;0.0;0.0
77;2021-01-31;5;2;0;25456;593;0;1.8;0.0;0.0
77;2021-02-01;685;227;0;26141;820;0;1.8;0.1;0.0
77;2021-02-02;878;341;0;27019;1161;0;1.9;0.1;0.0
77;2021-02-03;864;596;0;27883;1757;0;2.0;0.1;0.0
77;2021-02-04;865;891;0;28748;2648;0;2.0;0.2;0.0
77;2021-02-05;918;859;0;29666;3507;0;2.1;0.2;0.0
77;2021-02-06;201;102;0;29867;3609;0;2.1;0.3;0.0
77;2021-02-07;19;77;0;29886;3686;0;2.1;0.3;0.0
77;2021-02-08;474;998;0;30360;4684;0;2.1;0.3;0.0
77;2021-02-09;719;1560;0;31079;6244;0;2.2;0.4;0.0
77;2021-02-10;1097;1933;0;32176;8177;0;2.3;0.6;0.0
77;2021-02-11;1184;1840;0;33360;10017;0;2.3;0.7;0.0
77;2021-02-12;1200;1268;0;34560;11285;0;2.4;0.8;0.0
77;2021-02-13;230;181;0;34790;11466;0;2.4;0.8;0.0
77;2021-02-14;15;55;0;34805;11521;0;2.4;0.8;0.0
77;2021-02-15;604;1073;0;35409;12594;0;2.5;0.9;0.0
77;2021-02-16;691;1682;0;36100;14276;0;2.5;1.0;0.0
77;2021-02-17;662;1379;0;36762;15655;0;2.6;1.1;0.0
77;2021-02-18;998;1689;0;37760;17344;0;2.7;1.2;0.0
77;2021-02-19;933;1177;0;38693;18521;0;2.7;1.3;0.0
77;2021-02-20;97;257;0;38790;18778;0;2.7;1.3;0.0
77;2021-02-21;12;36;0;38802;18814;0;2.7;1.3;0.0
77;2021-02-22;388;900;0;39190;19714;0;2.8;1.4;0.0
77;2021-02-23;474;1193;0;39664;20907;0;2.8;1.5;0.0
77;2021-02-24;615;1045;0;40279;21952;0;2.8;1.5;0.0
77;2021-02-25;912;1170;0;41191;23122;0;2.9;1.6;0.0
77;2021-02-26;1000;935;0;42191;24057;0;3.0;1.7;0.0
77;2021-02-27;533;227;0;42724;24284;0;3.0;1.7;0.0
77;2021-02-28;36;15;0;42760;24299;0;3.0;1.7;0.0
77;2021-03-01;807;795;0;43567;25094;0;3.1;1.8;0.0
77;2021-03-02;1228;1027;0;44795;26121;0;3.1;1.8;0.0
77;2021-03-03;2098;1220;0;46893;27341;0;3.3;1.9;0.0
77;2021-03-04;3087;1244;0;49980;28585;0;3.5;2.0;0.0
77;2021-03-05;3767;1073;0;53747;29658;0;3.8;2.1;0.0
77;2021-03-06;5018;299;0;58765;29957;0;4.1;2.1;0.0
77;2021-03-07;3456;183;0;62221;30140;0;4.4;2.1;0.0
77;2021-03-08;1509;606;0;63730;30746;0;4.5;2.2;0.0
77;2021-03-09;2747;729;0;66477;31475;0;4.7;2.2;0.0
77;2021-03-10;2732;703;0;69209;32178;0;4.9;2.3;0.0
77;2021-03-11;3962;879;0;73171;33057;0;5.1;2.3;0.0
77;2021-03-12;4364;821;0;77535;33878;0;5.4;2.4;0.0
77;2021-03-13;4632;251;0;82167;34129;0;5.8;2.4;0.0
77;2021-03-14;2112;115;0;84279;34244;0;5.9;2.4;0.0
77;2021-03-15;2787;383;0;87066;34627;0;6.1;2.4;0.0
77;2021-03-16;2671;437;0;89737;35064;0;6.3;2.5;0.0
77;2021-03-17;2646;462;0;92383;35526;0;6.5;2.5;0.0
77;2021-03-18;3236;457;0;95619;35983;0;6.7;2.5;0.0
77;2021-03-19;3582;483;0;99201;36466;0;7.0;2.6;0.0
77;2021-03-20;2393;125;0;101594;36591;0;7.1;2.6;0.0
77;2021-03-21;451;62;0;102045;36653;0;7.2;2.6;0.0
77;2021-03-22;3255;465;0;105300;37118;0;7.4;2.6;0.0
77;2021-03-23;4884;653;0;110184;37771;0;7.7;2.7;0.0
77;2021-03-24;4623;648;0;114807;38419;0;8.1;2.7;0.0
77;2021-03-25;6423;547;0;121230;38966;0;8.5;2.7;0.0
77;2021-03-26;6817;558;0;128047;39524;0;9.0;2.8;0.0
77;2021-03-27;3997;208;0;132044;39732;0;9.3;2.8;0.0
77;2021-03-28;1878;72;0;133922;39804;0;9.4;2.8;0.0
77;2021-03-29;3292;841;0;137214;40645;0;9.6;2.9;0.0
77;2021-03-30;4698;1319;0;141912;41964;0;10.0;2.9;0.0
77;2021-03-31;4370;1289;0;146282;43253;0;10.3;3.0;0.0
77;2021-04-01;5061;2044;0;151343;45297;0;10.6;3.2;0.0
77;2021-04-02;4737;2204;0;156080;47501;0;11.0;3.3;0.0
77;2021-04-03;2265;2319;0;158345;49820;0;11.1;3.5;0.0
77;2021-04-04;738;1423;0;159083;51243;0;11.2;3.6;0.0
77;2021-04-05;585;184;0;159668;51427;0;11.2;3.6;0.0
77;2021-04-06;3449;2074;0;163117;53501;0;11.5;3.8;0.0
77;2021-04-07;4230;2260;0;167347;55761;0;11.8;3.9;0.0
77;2021-04-08;5648;2521;0;172995;58282;0;12.2;4.1;0.0
77;2021-04-09;5993;2208;0;178988;60490;0;12.6;4.2;0.0
77;2021-04-10;3738;2807;0;182726;63297;0;12.8;4.4;0.0
77;2021-04-11;941;838;0;183667;64135;0;12.9;4.5;0.0
77;2021-04-12;3009;2046;0;186676;66181;0;13.1;4.6;0.0
77;2021-04-13;4333;3068;0;191009;69249;0;13.4;4.9;0.0
77;2021-04-14;3410;2715;0;194419;71964;0;13.7;5.1;0.0
77;2021-04-15;4467;3291;0;198886;75255;0;14.0;5.3;0.0
77;2021-04-16;4475;2858;0;203361;78113;0;14.3;5.5;0.0
77;2021-04-17;2214;891;0;205575;79004;0;14.4;5.5;0.0
77;2021-04-18;402;213;0;205977;79217;0;14.5;5.6;0.0
77;2021-04-19;2875;2670;0;208852;81887;0;14.7;5.8;0.0
77;2021-04-20;3270;3636;0;212122;85523;0;14.9;6.0;0.0
77;2021-04-21;3091;3695;0;215213;89218;0;15.1;6.3;0.0
77;2021-04-22;4076;4247;0;219289;93465;0;15.4;6.6;0.0
77;2021-04-23;4614;4068;0;223903;97533;0;15.7;6.9;0.0
77;2021-04-24;6053;3033;0;229956;100566;0;16.2;7.1;0.0
77;2021-04-25;4618;1419;0;234574;101985;0;16.5;7.2;0.0
77;2021-04-26;4130;2545;0;238704;104530;0;16.8;7.3;0.0
77;2021-04-27;5165;3111;0;243869;107641;0;17.1;7.6;0.0
77;2021-04-28;5287;3175;0;249156;110816;0;17.5;7.8;0.0
77;2021-04-29;5997;3713;0;255153;114529;0;17.9;8.0;0.0
77;2021-04-30;6499;3947;0;261652;118476;0;18.4;8.3;0.0
77;2021-05-01;3629;931;0;265281;119407;0;18.6;8.4;0.0
77;2021-05-02;3498;661;0;268779;120068;0;18.9;8.4;0.0
77;2021-05-03;7132;3357;0;275911;123425;0;19.4;8.7;0.0
77;2021-05-04;7598;3799;0;283509;127224;0;19.9;8.9;0.0
77;2021-05-05;7104;3845;0;290613;131069;0;20.4;9.2;0.0
77;2021-05-06;8176;4344;0;298789;135413;0;21.0;9.5;0.0
77;2021-05-07;9235;4243;0;308024;139656;0;21.6;9.8;0.0
77;2021-05-08;6844;1514;0;314868;141170;0;22.1;9.9;0.0
77;2021-05-09;5314;1044;0;320182;142214;0;22.5;10.0;0.0
77;2021-05-10;8729;3074;0;328911;145288;0;23.1;10.2;0.0
77;2021-05-11;10089;3790;0;339000;149078;0;23.8;10.5;0.0
77;2021-05-12;9500;3037;0;348500;152115;0;24.5;10.7;0.0
77;2021-05-13;9528;1151;0;358028;153266;0;25.1;10.8;0.0
77;2021-05-14;10773;2157;0;368801;155423;0;25.9;10.9;0.0
77;2021-05-15;9252;1615;0;378053;157038;0;26.6;11.0;0.0
77;2021-05-16;5050;579;0;383103;157617;0;26.9;11.1;0.0
77;2021-05-17;10089;1784;0;393192;159401;0;27.6;11.2;0.0
77;2021-05-18;11625;2139;0;404817;161540;0;28.4;11.3;0.0
77;2021-05-19;10627;2190;0;415444;163730;0;29.2;11.5;0.0
77;2021-05-20;11947;2827;0;427391;166557;0;30.0;11.7;0.0
77;2021-05-21;11431;3030;0;438822;169587;0;30.8;11.9;0.0
77;2021-05-22;9509;1849;0;448331;171436;0;31.5;12.0;0.0
77;2021-05-23;6323;834;0;454654;172270;0;31.9;12.1;0.0
77;2021-05-24;6729;876;0;461383;173146;0;32.4;12.2;0.0
77;2021-05-25;8262;3409;0;469645;176555;0;33.0;12.4;0.0
77;2021-05-26;7857;3393;0;477502;179948;0;33.5;12.6;0.0
77;2021-05-27;8031;4550;0;485533;184498;0;34.1;13.0;0.0
77;2021-05-28;8059;4719;0;493592;189217;0;34.7;13.3;0.0
77;2021-05-29;7342;2891;0;500934;192108;0;35.2;13.5;0.0
77;2021-05-30;4201;1059;0;505135;193167;0;35.5;13.6;0.0
77;2021-05-31;7819;4474;0;512954;197641;0;36.0;13.9;0.0
77;2021-06-01;9183;5185;0;522137;202826;0;36.7;14.2;0.0
77;2021-06-02;8658;4620;0;530795;207446;0;37.3;14.6;0.0
77;2021-06-03;8684;6174;0;539479;213620;0;37.9;15.0;0.0
77;2021-06-04;9060;6556;0;548539;220176;0;38.5;15.5;0.0
77;2021-06-05;6403;5977;0;554942;226153;0;39.0;15.9;0.0
77;2021-06-06;4366;3226;0;559308;229379;0;39.3;16.1;0.0
77;2021-06-07;6303;5538;0;565611;234917;0;39.7;16.5;0.0
77;2021-06-08;5930;6242;0;571541;241159;0;40.1;16.9;0.0
77;2021-06-09;5307;6127;0;576848;247286;0;40.5;17.4;0.0
77;2021-06-10;5362;7445;0;582210;254731;0;40.9;17.9;0.0
77;2021-06-11;5990;7278;0;588200;262009;0;41.3;18.4;0.0
77;2021-06-12;6214;5794;0;594414;267803;0;41.8;18.8;0.0
77;2021-06-13;3266;3254;0;597680;271057;0;42.0;19.0;0.0
77;2021-06-14;3608;9138;0;601288;280195;0;42.2;19.7;0.0
77;2021-06-15;4534;9739;0;605822;289934;0;42.6;20.4;0.0
77;2021-06-16;5038;9257;0;610860;299191;0;42.9;21.0;0.0
77;2021-06-17;4830;9884;0;615690;309075;0;43.2;21.7;0.0
77;2021-06-18;4754;11027;0;620444;320102;0;43.6;22.5;0.0
77;2021-06-19;5107;8061;0;625551;328163;0;43.9;23.1;0.0
77;2021-06-20;2169;4299;0;627720;332462;0;44.1;23.4;0.0
77;2021-06-21;3335;10107;0;631055;342569;0;44.3;24.1;0.0
77;2021-06-22;3876;11786;0;634931;354355;0;44.6;24.9;0.0
77;2021-06-23;3740;10624;0;638671;364979;0;44.9;25.6;0.0
77;2021-06-24;3756;11334;0;642427;376313;0;45.1;26.4;0.0
77;2021-06-25;3784;11485;0;646211;387798;0;45.4;27.2;0.0
77;2021-06-26;3908;10572;0;650119;398370;0;45.7;28.0;0.0
77;2021-06-27;2034;6113;0;652153;404483;0;45.8;28.4;0.0
77;2021-06-28;2885;10908;0;655038;415391;0;46.0;29.2;0.0
77;2021-06-29;3599;12625;0;658637;428016;0;46.3;30.1;0.0
77;2021-06-30;3562;11533;0;662199;439549;0;46.5;30.9;0.0
77;2021-07-01;3883;11612;0;666082;451161;0;46.8;31.7;0.0
77;2021-07-02;4141;12408;0;670223;463569;0;47.1;32.6;0.0
77;2021-07-03;3378;10717;0;673601;474286;0;47.3;33.3;0.0
77;2021-07-04;1974;6087;0;675575;480373;0;47.5;33.7;0.0
77;2021-07-05;3792;9662;0;679367;490035;0;47.7;34.4;0.0
77;2021-07-06;3990;9896;0;683357;499931;0;48.0;35.1;0.0
77;2021-07-07;4259;9466;2;687616;509397;2;48.3;35.8;0.0
77;2021-07-08;4451;9486;0;692067;518883;2;48.6;36.4;0.0
77;2021-07-09;5094;10882;0;697161;529765;2;49.0;37.2;0.0
77;2021-07-10;4081;9953;0;701242;539718;2;49.3;37.9;0.0
77;2021-07-11;2867;4921;0;704109;544639;2;49.5;38.3;0.0
77;2021-07-12;3643;10656;0;707752;555295;2;49.7;39.0;0.0
77;2021-07-13;6879;12189;0;714631;567484;2;50.2;39.9;0.0
77;2021-07-14;4172;6241;0;718803;573725;2;50.5;40.3;0.0
77;2021-07-15;8287;12442;0;727090;586167;2;51.1;41.2;0.0
77;2021-07-16;8897;10632;0;735987;596799;2;51.7;41.9;0.0
77;2021-07-17;6540;9537;0;742527;606336;2;52.2;42.6;0.0
77;2021-07-18;4109;5045;0;746636;611381;2;52.4;42.9;0.0
77;2021-07-19;7888;9352;0;754524;620733;2;53.0;43.6;0.0
77;2021-07-20;10296;8995;0;764820;629728;2;53.7;44.2;0.0
77;2021-07-21;10226;8362;0;775046;638090;2;54.4;44.8;0.0
77;2021-07-22;11215;8426;0;786261;646516;2;55.2;45.4;0.0
77;2021-07-23;10699;9154;0;796960;655670;2;56.0;46.1;0.0
77;2021-07-24;7592;8135;0;804552;663805;2;56.5;46.6;0.0
77;2021-07-25;5347;3903;0;809899;667708;2;56.9;46.9;0.0
77;2021-07-26;9128;6587;0;819027;674295;2;57.5;47.4;0.0
77;2021-07-27;10913;6603;0;829940;680898;2;58.3;47.8;0.0
77;2021-07-28;9926;7053;0;839866;687951;2;59.0;48.3;0.0
77;2021-07-29;9807;6165;0;849673;694116;2;59.7;48.8;0.0
77;2021-07-30;9875;6962;0;859548;701078;2;60.4;49.2;0.0
77;2021-07-31;7003;6658;0;866551;707736;2;60.9;49.7;0.0
77;2021-08-01;2863;1433;0;869414;709169;2;61.1;49.8;0.0
77;2021-08-02;7378;6148;0;876792;715317;2;61.6;50.2;0.0
77;2021-08-03;6356;5439;0;883148;720756;2;62.0;50.6;0.0
77;2021-08-04;5401;5274;0;888549;726030;2;62.4;51.0;0.0
77;2021-08-05;3924;4076;0;892473;730106;2;62.7;51.3;0.0
77;2021-08-06;6230;6123;0;898703;736229;2;63.1;51.7;0.0
77;2021-08-07;5248;6989;0;903951;743218;2;63.5;52.2;0.0
77;2021-08-08;1939;2137;0;905890;745355;2;63.6;52.4;0.0
77;2021-08-09;5375;7415;0;911265;752770;2;64.0;52.9;0.0
77;2021-08-10;3529;5116;0;914794;757886;2;64.3;53.2;0.0
77;2021-08-11;3615;7190;0;918409;765076;2;64.5;53.7;0.0
77;2021-08-12;3037;4966;0;921446;770042;2;64.7;54.1;0.0
77;2021-08-13;3282;6013;0;924728;776055;2;65.0;54.5;0.0
77;2021-08-14;3014;7526;0;927742;783581;2;65.2;55.0;0.0
77;2021-08-15;818;942;0;928560;784523;2;65.2;55.1;0.0
77;2021-08-16;2812;7824;0;931372;792347;2;65.4;55.7;0.0
77;2021-08-17;3299;8023;0;934671;800370;2;65.7;56.2;0.0
77;2021-08-18;2982;7300;0;937653;807670;2;65.9;56.7;0.0
77;2021-08-19;2948;6149;0;940601;813819;2;66.1;57.2;0.0
77;2021-08-20;2972;6639;0;943573;820458;2;66.3;57.6;0.0
77;2021-08-21;2694;7322;0;946267;827780;2;66.5;58.1;0.0
77;2021-08-22;1614;4856;0;947881;832636;2;66.6;58.5;0.0
77;2021-08-23;2586;9610;0;950467;842246;2;66.8;59.2;0.0
77;2021-08-24;3194;9321;0;953661;851567;2;67.0;59.8;0.0
77;2021-08-25;2722;6935;0;956383;858502;2;67.2;60.3;0.0
77;2021-08-26;2726;6578;0;959109;865080;2;67.4;60.8;0.0
77;2021-08-27;2900;7541;1;962009;872621;3;67.6;61.3;0.0
77;2021-08-28;2113;7342;0;964122;879963;3;67.7;61.8;0.0
77;2021-08-29;1438;4721;0;965560;884684;3;67.8;62.1;0.0
77;2021-08-30;2694;8267;111;968254;892951;114;68.0;62.7;0.0
77;2021-08-31;2916;6082;149;971170;899033;263;68.2;63.2;0.0
77;2021-09-01;2718;4256;346;973888;903289;609;68.4;63.5;0.0
77;2021-09-02;1919;3254;371;975807;906543;980;68.5;63.7;0.1
77;2021-09-03;2275;4596;470;978082;911139;1450;68.7;64.0;0.1
77;2021-09-04;2521;5785;201;980603;916924;1651;68.9;64.4;0.1
77;2021-09-05;873;1443;183;981476;918367;1834;68.9;64.5;0.1
77;2021-09-06;1286;2507;466;982762;920874;2300;69.0;64.7;0.2
77;2021-09-07;1150;2512;361;983912;923386;2661;69.1;64.9;0.2
77;2021-09-08;1847;3156;528;985759;926542;3189;69.2;65.1;0.2
77;2021-09-09;1140;2255;458;986899;928797;3647;69.3;65.2;0.3
77;2021-09-10;1429;2633;411;988328;931430;4058;69.4;65.4;0.3
77;2021-09-11;1968;5334;329;990296;936764;4387;69.6;65.8;0.3
77;2021-09-12;548;1377;72;990844;938141;4459;69.6;65.9;0.3
77;2021-09-13;1202;2029;659;992046;940170;5118;69.7;66.0;0.4
77;2021-09-14;1209;2011;647;993255;942181;5765;69.8;66.2;0.4
77;2021-09-15;1308;2671;895;994563;944852;6660;69.9;66.4;0.5
77;2021-09-16;1067;1802;977;995630;946654;7637;69.9;66.5;0.5
77;2021-09-17;1314;2338;681;996944;948992;8318;70.0;66.7;0.6
77;2021-09-18;1346;3742;329;998290;952734;8647;70.1;66.9;0.6
77;2021-09-19;254;1178;87;998544;953912;8734;70.1;67.0;0.6
77;2021-09-20;942;1838;712;999486;955750;9446;70.2;67.1;0.7
77;2021-09-21;896;1667;943;1000382;957417;10389;70.3;67.3;0.7
77;2021-09-22;878;2688;929;1001260;960105;11318;70.3;67.4;0.8
77;2021-09-23;636;1554;662;1001896;961659;11980;70.4;67.6;0.8
77;2021-09-24;887;1995;770;1002783;963654;12750;70.4;67.7;0.9
77;2021-09-25;1020;3912;519;1003803;967566;13269;70.5;68.0;0.9
77;2021-09-26;252;866;121;1004055;968432;13390;70.5;68.0;0.9
77;2021-09-27;747;1435;770;1004802;969867;14160;70.6;68.1;1.0
77;2021-09-28;813;1059;574;1005615;970926;14734;70.6;68.2;1.0
77;2021-09-29;1017;1874;1031;1006632;972800;15765;70.7;68.3;1.1
77;2021-09-30;697;1091;651;1007329;973891;16416;70.8;68.4;1.2
77;2021-10-01;1221;1300;759;1008550;975191;17175;70.8;68.5;1.2
77;2021-10-02;1181;2196;610;1009731;977387;17785;70.9;68.7;1.2
77;2021-10-03;181;504;91;1009912;977891;17876;70.9;68.7;1.3
77;2021-10-04;661;933;869;1010573;978824;18745;71.0;68.8;1.3
77;2021-10-05;511;937;743;1011084;979761;19488;71.0;68.8;1.4
77;2021-10-06;704;1418;955;1011788;981179;20443;71.1;68.9;1.4
77;2021-10-07;518;877;829;1012306;982056;21272;71.1;69.0;1.5
77;2021-10-08;851;1408;1101;1013157;983464;22373;71.2;69.1;1.6
77;2021-10-09;931;1967;986;1014088;985431;23359;71.2;69.2;1.6
77;2021-10-10;101;157;43;1014189;985588;23402;71.2;69.2;1.6
77;2021-10-11;715;991;1165;1014904;986579;24567;71.3;69.3;1.7
77;2021-10-12;595;995;1380;1015499;987574;25947;71.3;69.4;1.8
77;2021-10-13;827;1084;1485;1016326;988658;27432;71.4;69.4;1.9
77;2021-10-14;513;832;1153;1016839;989490;28585;71.4;69.5;2.0
77;2021-10-15;762;1204;1440;1017601;990694;30025;71.5;69.6;2.1
77;2021-10-16;914;1300;951;1018515;991994;30976;71.5;69.7;2.2
77;2021-10-17;81;123;54;1018596;992117;31030;71.6;69.7;2.2
77;2021-10-18;583;861;1419;1019179;992978;32449;71.6;69.8;2.3
77;2021-10-19;457;895;1159;1019636;993873;33608;71.6;69.8;2.4
77;2021-10-20;621;1137;1820;1020257;995010;35428;71.7;69.9;2.5
77;2021-10-21;416;683;1369;1020673;995693;36797;71.7;69.9;2.6
77;2021-10-22;668;1105;2038;1021341;996798;38835;71.7;70.0;2.7
77;2021-10-23;800;1245;1398;1022141;998043;40233;71.8;70.1;2.8
77;2021-10-24;39;100;38;1022180;998143;40271;71.8;70.1;2.8
77;2021-10-25;481;661;1411;1022661;998804;41682;71.8;70.2;2.9
77;2021-10-26;348;444;1040;1023009;999248;42722;71.9;70.2;3.0
77;2021-10-27;496;700;2143;1023505;999948;44865;71.9;70.2;3.2
77;2021-10-28;374;555;1293;1023879;1000503;46158;71.9;70.3;3.2
77;2021-10-29;545;787;1752;1024424;1001290;47910;72.0;70.3;3.4
77;2021-10-30;570;900;1392;1024994;1002190;49302;72.0;70.4;3.5
77;2021-10-31;42;89;30;1025036;1002279;49332;72.0;70.4;3.5
77;2021-11-01;144;125;213;1025180;1002404;49545;72.0;70.4;3.5
77;2021-11-02;346;584;1261;1025526;1002988;50806;72.0;70.5;3.6
77;2021-11-03;487;786;1899;1026013;1003774;52705;72.1;70.5;3.7
77;2021-11-04;336;578;1708;1026349;1004352;54413;72.1;70.5;3.8
77;2021-11-05;541;696;2126;1026890;1005048;56539;72.1;70.6;4.0
77;2021-11-06;621;1096;1747;1027511;1006144;58286;72.2;70.7;4.1
77;2021-11-07;32;73;33;1027543;1006217;58319;72.2;70.7;4.1
77;2021-11-08;384;629;2545;1027927;1006846;60864;72.2;70.7;4.3
77;2021-11-09;300;501;2118;1028227;1007347;62982;72.2;70.8;4.4
77;2021-11-10;505;730;3099;1028732;1008077;66081;72.3;70.8;4.6
77;2021-11-11;57;111;393;1028789;1008188;66474;72.3;70.8;4.7
77;2021-11-12;537;724;3102;1029326;1008912;69576;72.3;70.9;4.9
77;2021-11-13;654;1003;2213;1029980;1009915;71789;72.4;70.9;5.0
77;2021-11-14;32;79;119;1030012;1009994;71908;72.4;70.9;5.1
77;2021-11-15;349;463;2562;1030361;1010457;74470;72.4;71.0;5.2
77;2021-11-16;373;431;2970;1030734;1010888;77440;72.4;71.0;5.4
77;2021-11-17;452;626;2704;1031186;1011514;80144;72.4;71.1;5.6
77;2021-11-18;353;463;2968;1031539;1011977;83112;72.5;71.1;5.8
77;2021-11-19;547;607;3455;1032086;1012584;86567;72.5;71.1;6.1
77;2021-11-20;829;1094;3077;1032915;1013678;89644;72.6;71.2;6.3
77;2021-11-21;53;88;306;1032968;1013766;89950;72.6;71.2;6.3
77;2021-11-22;440;479;3211;1033408;1014245;93161;72.6;71.2;6.5
77;2021-11-23;314;400;2590;1033722;1014645;95751;72.6;71.3;6.7
77;2021-11-24;516;687;3634;1034238;1015332;99385;72.6;71.3;7.0
77;2021-11-25;386;442;3699;1034624;1015774;103084;72.7;71.4;7.2
77;2021-11-26;566;617;6428;1035190;1016391;109512;72.7;71.4;7.7
77;2021-11-27;699;863;6182;1035889;1017254;115694;72.8;71.5;8.1
77;2021-11-28;64;98;765;1035953;1017352;116459;72.8;71.5;8.2
77;2021-11-29;278;399;6259;1036231;1017751;122718;72.8;71.5;8.6
77;2021-11-30;352;453;8246;1036583;1018204;130964;72.8;71.5;9.2
77;2021-12-01;392;572;9053;1036975;1018776;140017;72.8;71.6;9.8
77;2021-12-02;323;386;10074;1037298;1019162;150091;72.9;71.6;10.5
77;2021-12-03;339;524;10930;1037637;1019686;161021;72.9;71.6;11.3
77;2021-12-04;477;792;8956;1038114;1020478;169977;72.9;71.7;11.9
77;2021-12-05;92;114;2127;1038206;1020592;172104;72.9;71.7;12.1
77;2021-12-06;319;507;10585;1038525;1021099;182689;73.0;71.7;12.8
77;2021-12-07;380;489;14248;1038905;1021588;196937;73.0;71.8;13.8
77;2021-12-08;462;569;14048;1039367;1022157;210985;73.0;71.8;14.8
77;2021-12-09;407;497;15234;1039774;1022654;226219;73.0;71.8;15.9
77;2021-12-10;420;642;16954;1040194;1023296;243173;73.1;71.9;17.1
77;2021-12-11;503;788;14811;1040697;1024084;257984;73.1;71.9;18.1
77;2021-12-12;240;211;7431;1040937;1024295;265415;73.1;72.0;18.6
77;2021-12-13;338;501;12588;1041275;1024796;278003;73.1;72.0;19.5
77;2021-12-14;402;499;15371;1041677;1025295;293374;73.2;72.0;20.6
77;2021-12-15;453;548;14395;1042130;1025843;307769;73.2;72.1;21.6
78;2020-12-27;4;0;0;4;0;0;0.0;0.0;0.0
78;2020-12-28;0;0;0;4;0;0;0.0;0.0;0.0
78;2020-12-29;2;0;0;6;0;0;0.0;0.0;0.0
78;2020-12-30;6;0;0;12;0;0;0.0;0.0;0.0
78;2020-12-31;12;0;0;24;0;0;0.0;0.0;0.0
78;2021-01-01;7;0;0;31;0;0;0.0;0.0;0.0
78;2021-01-02;1;0;0;32;0;0;0.0;0.0;0.0
78;2021-01-03;5;0;0;37;0;0;0.0;0.0;0.0
78;2021-01-04;122;3;0;159;3;0;0.0;0.0;0.0
78;2021-01-05;219;1;0;378;4;0;0.0;0.0;0.0
78;2021-01-06;260;5;0;638;9;0;0.0;0.0;0.0
78;2021-01-07;517;3;0;1155;12;0;0.1;0.0;0.0
78;2021-01-08;704;5;0;1859;17;0;0.1;0.0;0.0
78;2021-01-09;78;1;0;1937;18;0;0.1;0.0;0.0
78;2021-01-10;49;1;0;1986;19;0;0.1;0.0;0.0
78;2021-01-11;908;8;0;2894;27;0;0.2;0.0;0.0
78;2021-01-12;1074;7;0;3968;34;0;0.3;0.0;0.0
78;2021-01-13;964;12;0;4932;46;0;0.3;0.0;0.0
78;2021-01-14;1080;19;0;6012;65;0;0.4;0.0;0.0
78;2021-01-15;1025;9;0;7037;74;0;0.5;0.0;0.0
78;2021-01-16;108;2;0;7145;76;0;0.5;0.0;0.0
78;2021-01-17;80;0;0;7225;76;0;0.5;0.0;0.0
78;2021-01-18;1552;13;0;8777;89;0;0.6;0.0;0.0
78;2021-01-19;2024;23;0;10801;112;0;0.7;0.0;0.0
78;2021-01-20;2044;17;0;12845;129;0;0.9;0.0;0.0
78;2021-01-21;3491;26;0;16336;155;0;1.1;0.0;0.0
78;2021-01-22;2525;25;0;18861;180;0;1.3;0.0;0.0
78;2021-01-23;453;0;0;19314;180;0;1.3;0.0;0.0
78;2021-01-24;74;2;0;19388;182;0;1.3;0.0;0.0
78;2021-01-25;1152;33;0;20540;215;0;1.4;0.0;0.0
78;2021-01-26;1738;39;0;22278;254;0;1.5;0.0;0.0
78;2021-01-27;2320;73;0;24598;327;0;1.7;0.0;0.0
78;2021-01-28;2868;137;0;27466;464;0;1.9;0.0;0.0
78;2021-01-29;1870;103;0;29336;567;0;2.0;0.0;0.0
78;2021-01-30;359;9;0;29695;576;0;2.0;0.0;0.0
78;2021-01-31;33;4;0;29728;580;0;2.1;0.0;0.0
78;2021-02-01;974;262;0;30702;842;0;2.1;0.1;0.0
78;2021-02-02;1191;371;0;31893;1213;0;2.2;0.1;0.0
78;2021-02-03;1202;324;0;33095;1537;0;2.3;0.1;0.0
78;2021-02-04;1374;526;0;34469;2063;0;2.4;0.1;0.0
78;2021-02-05;1346;581;0;35815;2644;0;2.5;0.2;0.0
78;2021-02-06;301;58;0;36116;2702;0;2.5;0.2;0.0
78;2021-02-07;104;34;0;36220;2736;0;2.5;0.2;0.0
78;2021-02-08;841;735;0;37061;3471;0;2.6;0.2;0.0
78;2021-02-09;1260;1193;0;38321;4664;0;2.6;0.3;0.0
78;2021-02-10;1415;1365;0;39736;6029;0;2.7;0.4;0.0
78;2021-02-11;1957;2088;0;41693;8117;0;2.9;0.6;0.0
78;2021-02-12;1953;1480;0;43646;9597;0;3.0;0.7;0.0
78;2021-02-13;196;154;0;43842;9751;0;3.0;0.7;0.0
78;2021-02-14;43;67;0;43885;9818;0;3.0;0.7;0.0
78;2021-02-15;516;1624;0;44401;11442;0;3.1;0.8;0.0
78;2021-02-16;681;1982;0;45082;13424;0;3.1;0.9;0.0
78;2021-02-17;726;2394;0;45808;15818;0;3.2;1.1;0.0
78;2021-02-18;1159;2633;0;46967;18451;0;3.2;1.3;0.0
78;2021-02-19;1015;2007;0;47982;20458;0;3.3;1.4;0.0
78;2021-02-20;174;275;0;48156;20733;0;3.3;1.4;0.0
78;2021-02-21;16;54;0;48172;20787;0;3.3;1.4;0.0
78;2021-02-22;605;1293;0;48777;22080;0;3.4;1.5;0.0
78;2021-02-23;699;1331;0;49476;23411;0;3.4;1.6;0.0
78;2021-02-24;735;1501;0;50211;24912;0;3.5;1.7;0.0
78;2021-02-25;1067;1609;0;51278;26521;0;3.5;1.8;0.0
78;2021-02-26;1421;1473;0;52699;27994;0;3.6;1.9;0.0
78;2021-02-27;825;274;0;53524;28268;0;3.7;2.0;0.0
78;2021-02-28;117;48;0;53641;28316;0;3.7;2.0;0.0
78;2021-03-01;1156;1107;0;54797;29423;0;3.8;2.0;0.0
78;2021-03-02;2035;1274;0;56832;30697;0;3.9;2.1;0.0
78;2021-03-03;2281;1443;0;59113;32140;0;4.1;2.2;0.0
78;2021-03-04;3568;1821;0;62681;33961;0;4.3;2.3;0.0
78;2021-03-05;4090;1865;0;66771;35826;0;4.6;2.5;0.0
78;2021-03-06;7015;384;0;73786;36210;0;5.1;2.5;0.0
78;2021-03-07;4421;221;0;78207;36431;0;5.4;2.5;0.0
78;2021-03-08;1973;929;0;80180;37360;0;5.5;2.6;0.0
78;2021-03-09;3624;1088;0;83804;38448;0;5.8;2.7;0.0
78;2021-03-10;3704;1292;0;87508;39740;0;6.0;2.7;0.0
78;2021-03-11;4973;1536;0;92481;41276;0;6.4;2.8;0.0
78;2021-03-12;6187;1591;0;98668;42867;0;6.8;3.0;0.0
78;2021-03-13;5417;316;0;104085;43183;0;7.2;3.0;0.0
78;2021-03-14;1522;73;0;105607;43256;0;7.3;3.0;0.0
78;2021-03-15;4101;380;0;109708;43636;0;7.6;3.0;0.0
78;2021-03-16;3170;616;0;112878;44252;0;7.8;3.1;0.0
78;2021-03-17;3478;545;0;116356;44797;0;8.0;3.1;0.0
78;2021-03-18;4577;549;0;120933;45346;0;8.3;3.1;0.0
78;2021-03-19;6153;618;0;127086;45964;0;8.8;3.2;0.0
78;2021-03-20;2802;160;0;129888;46124;0;9.0;3.2;0.0
78;2021-03-21;310;39;0;130198;46163;0;9.0;3.2;0.0
78;2021-03-22;3891;507;0;134089;46670;0;9.3;3.2;0.0
78;2021-03-23;5786;698;0;139875;47368;0;9.7;3.3;0.0
78;2021-03-24;5408;727;0;145283;48095;0;10.0;3.3;0.0
78;2021-03-25;7751;776;0;153034;48871;0;10.6;3.4;0.0
78;2021-03-26;7756;920;0;160790;49791;0;11.1;3.4;0.0
78;2021-03-27;4504;335;0;165294;50126;0;11.4;3.5;0.0
78;2021-03-28;2118;81;0;167412;50207;0;11.6;3.5;0.0
78;2021-03-29;4255;1000;0;171667;51207;0;11.9;3.5;0.0
78;2021-03-30;5878;1361;0;177545;52568;0;12.3;3.6;0.0
78;2021-03-31;5743;1692;0;183288;54260;0;12.7;3.7;0.0
78;2021-04-01;6349;2793;0;189637;57053;0;13.1;3.9;0.0
78;2021-04-02;5620;3278;0;195257;60331;0;13.5;4.2;0.0
78;2021-04-03;2410;3384;0;197667;63715;0;13.6;4.4;0.0
78;2021-04-04;464;345;0;198131;64060;0;13.7;4.4;0.0
78;2021-04-05;506;76;0;198637;64136;0;13.7;4.4;0.0
78;2021-04-06;3865;2821;0;202502;66957;0;14.0;4.6;0.0
78;2021-04-07;5059;3112;0;207561;70069;0;14.3;4.8;0.0
78;2021-04-08;6106;3212;0;213667;73281;0;14.7;5.1;0.0
78;2021-04-09;7527;3037;0;221194;76318;0;15.3;5.3;0.0
78;2021-04-10;4189;2466;0;225383;78784;0;15.6;5.4;0.0
78;2021-04-11;582;852;0;225965;79636;0;15.6;5.5;0.0
78;2021-04-12;3690;2767;0;229655;82403;0;15.9;5.7;0.0
78;2021-04-13;5625;3292;0;235280;85695;0;16.2;5.9;0.0
78;2021-04-14;5366;3846;0;240646;89541;0;16.6;6.2;0.0
78;2021-04-15;5199;4634;0;245845;94175;0;17.0;6.5;0.0
78;2021-04-16;6399;4616;0;252244;98791;0;17.4;6.8;0.0
78;2021-04-17;4024;1159;0;256268;99950;0;17.7;6.9;0.0
78;2021-04-18;548;159;0;256816;100109;0;17.7;6.9;0.0
78;2021-04-19;3522;3101;0;260338;103210;0;18.0;7.1;0.0
78;2021-04-20;5007;4121;0;265345;107331;0;18.3;7.4;0.0
78;2021-04-21;5254;3864;0;270599;111195;0;18.7;7.7;0.0
78;2021-04-22;5071;5122;0;275670;116317;0;19.0;8.0;0.0
78;2021-04-23;5774;5043;0;281444;121360;0;19.4;8.4;0.0
78;2021-04-24;5863;3162;0;287307;124522;0;19.8;8.6;0.0
78;2021-04-25;3300;1813;0;290607;126335;0;20.1;8.7;0.0
78;2021-04-26;4997;3630;0;295604;129965;0;20.4;9.0;0.0
78;2021-04-27;5826;4527;0;301430;134492;0;20.8;9.3;0.0
78;2021-04-28;6044;4906;0;307474;139398;0;21.2;9.6;0.0
78;2021-04-29;6940;4714;0;314414;144112;0;21.7;9.9;0.0
78;2021-04-30;8201;4812;0;322615;148924;0;22.3;10.3;0.0
78;2021-05-01;1242;449;0;323857;149373;0;22.4;10.3;0.0
78;2021-05-02;2032;307;0;325889;149680;0;22.5;10.3;0.0
78;2021-05-03;7295;2401;0;333184;152081;0;23.0;10.5;0.0
78;2021-05-04;6861;4374;0;340045;156455;0;23.5;10.8;0.0
78;2021-05-05;7794;5051;0;347839;161506;0;24.0;11.1;0.0
78;2021-05-06;7712;5547;0;355551;167053;0;24.5;11.5;0.0
78;2021-05-07;9421;5685;0;364972;172738;0;25.2;11.9;0.0
78;2021-05-08;4604;1775;0;369576;174513;0;25.5;12.0;0.0
78;2021-05-09;3678;655;0;373254;175168;0;25.8;12.1;0.0
78;2021-05-10;8853;4591;0;382107;179759;0;26.4;12.4;0.0
78;2021-05-11;10233;5598;0;392340;185357;0;27.1;12.8;0.0
78;2021-05-12;10892;4351;0;403232;189708;0;27.8;13.1;0.0
78;2021-05-13;9029;953;0;412261;190661;0;28.5;13.2;0.0
78;2021-05-14;11882;2747;0;424143;193408;0;29.3;13.4;0.0
78;2021-05-15;6940;2624;0;431083;196032;0;29.8;13.5;0.0
78;2021-05-16;4764;868;0;435847;196900;0;30.1;13.6;0.0
78;2021-05-17;9783;1714;0;445630;198614;0;30.8;13.7;0.0
78;2021-05-18;12013;2434;0;457643;201048;0;31.6;13.9;0.0
78;2021-05-19;13397;2740;0;471040;203788;0;32.5;14.1;0.0
78;2021-05-20;13742;3046;0;484782;206834;0;33.5;14.3;0.0
78;2021-05-21;14063;3188;0;498845;210022;0;34.4;14.5;0.0
78;2021-05-22;8854;1738;0;507699;211760;0;35.0;14.6;0.0
78;2021-05-23;4370;547;0;512069;212307;0;35.3;14.7;0.0
78;2021-05-24;5310;710;0;517379;213017;0;35.7;14.7;0.0
78;2021-05-25;10909;3184;0;528288;216201;0;36.5;14.9;0.0
78;2021-05-26;11309;4342;0;539597;220543;0;37.2;15.2;0.0
78;2021-05-27;12106;5228;0;551703;225771;0;38.1;15.6;0.0
78;2021-05-28;12297;6701;0;564000;232472;0;38.9;16.0;0.0
78;2021-05-29;5546;3662;0;569546;236134;0;39.3;16.3;0.0
78;2021-05-30;1203;550;0;570749;236684;0;39.4;16.3;0.0
78;2021-05-31;8881;5480;0;579630;242164;0;40.0;16.7;0.0
78;2021-06-01;11610;7144;0;591240;249308;0;40.8;17.2;0.0
78;2021-06-02;10457;6848;0;601697;256156;0;41.5;17.7;0.0
78;2021-06-03;11180;7492;0;612877;263648;0;42.3;18.2;0.0
78;2021-06-04;11465;8666;0;624342;272314;0;43.1;18.8;0.0
78;2021-06-05;7838;6955;0;632180;279269;0;43.6;19.3;0.0
78;2021-06-06;2876;2188;0;635056;281457;0;43.8;19.4;0.0
78;2021-06-07;9697;6918;0;644753;288375;0;44.5;19.9;0.0
78;2021-06-08;9577;7852;0;654330;296227;0;45.2;20.4;0.0
78;2021-06-09;8566;7714;0;662896;303941;0;45.8;21.0;0.0
78;2021-06-10;8288;8635;0;671184;312576;0;46.3;21.6;0.0
78;2021-06-11;8747;9003;0;679931;321579;0;46.9;22.2;0.0
78;2021-06-12;7760;4068;0;687691;325647;0;47.5;22.5;0.0
78;2021-06-13;1676;2820;0;689367;328467;0;47.6;22.7;0.0
78;2021-06-14;4498;10086;0;693865;338553;0;47.9;23.4;0.0
78;2021-06-15;6290;9517;0;700155;348070;0;48.3;24.0;0.0
78;2021-06-16;6182;9788;0;706337;357858;0;48.8;24.7;0.0
78;2021-06-17;6180;9821;0;712517;367679;0;49.2;25.4;0.0
78;2021-06-18;6834;11702;0;719351;379381;0;49.7;26.2;0.0
78;2021-06-19;5777;7011;0;725128;386392;0;50.1;26.7;0.0
78;2021-06-20;1001;3876;0;726129;390268;0;50.1;26.9;0.0
78;2021-06-21;4468;10831;0;730597;401099;0;50.4;27.7;0.0
78;2021-06-22;4090;12080;0;734687;413179;0;50.7;28.5;0.0
78;2021-06-23;4482;12252;0;739169;425431;0;51.0;29.4;0.0
78;2021-06-24;4486;11824;0;743655;437255;0;51.3;30.2;0.0
78;2021-06-25;4754;14954;0;748409;452209;0;51.7;31.2;0.0
78;2021-06-26;4707;10086;0;753116;462295;0;52.0;31.9;0.0
78;2021-06-27;1324;3577;0;754440;465872;0;52.1;32.2;0.0
78;2021-06-28;3741;12368;0;758181;478240;0;52.3;33.0;0.0
78;2021-06-29;3853;13180;0;762034;491420;0;52.6;33.9;0.0
78;2021-06-30;4509;14738;0;766543;506158;0;52.9;34.9;0.0
78;2021-07-01;4647;14000;0;771190;520158;0;53.2;35.9;0.0
78;2021-07-02;4803;15238;0;775993;535396;0;53.6;37.0;0.0
78;2021-07-03;3404;10873;0;779397;546269;0;53.8;37.7;0.0
78;2021-07-04;959;2728;0;780356;548997;0;53.9;37.9;0.0
78;2021-07-05;3845;10873;0;784201;559870;0;54.1;38.6;0.0
78;2021-07-06;3905;13380;0;788106;573250;0;54.4;39.6;0.0
78;2021-07-07;4482;12803;0;792588;586053;0;54.7;40.5;0.0
78;2021-07-08;4793;13044;0;797381;599097;0;55.0;41.4;0.0
78;2021-07-09;5410;13988;0;802791;613085;0;55.4;42.3;0.0
78;2021-07-10;3237;8489;0;806028;621574;0;55.6;42.9;0.0
78;2021-07-11;1124;2823;0;807152;624397;0;55.7;43.1;0.0
78;2021-07-12;4007;13790;0;811159;638187;0;56.0;44.1;0.0
78;2021-07-13;6451;14094;0;817610;652281;0;56.4;45.0;0.0
78;2021-07-14;4017;6119;0;821627;658400;0;56.7;45.4;0.0
78;2021-07-15;7406;14487;0;829033;672887;0;57.2;46.5;0.0
78;2021-07-16;8551;13208;0;837584;686095;0;57.8;47.4;0.0
78;2021-07-17;5650;6833;0;843234;692928;0;58.2;47.8;0.0
78;2021-07-18;1745;1207;0;844979;694135;0;58.3;47.9;0.0
78;2021-07-19;5839;12449;0;850818;706584;0;58.7;48.8;0.0
78;2021-07-20;7430;11942;0;858248;718526;0;59.2;49.6;0.0
78;2021-07-21;8187;11768;0;866435;730294;0;59.8;50.4;0.0
78;2021-07-22;8778;11273;0;875213;741567;0;60.4;51.2;0.0
78;2021-07-23;8792;11230;0;884005;752797;0;61.0;52.0;0.0
78;2021-07-24;4723;6321;0;888728;759118;0;61.3;52.4;0.0
78;2021-07-25;1918;1289;0;890646;760407;0;61.5;52.5;0.0
78;2021-07-26;7724;8604;0;898370;769011;0;62.0;53.1;0.0
78;2021-07-27;10375;8643;0;908745;777654;0;62.7;53.7;0.0
78;2021-07-28;10018;7807;0;918763;785461;0;63.4;54.2;0.0
78;2021-07-29;10345;7470;0;929108;792931;0;64.1;54.7;0.0
78;2021-07-30;9625;8810;0;938733;801741;0;64.8;55.3;0.0
78;2021-07-31;4324;3874;0;943057;805615;0;65.1;55.6;0.0
78;2021-08-01;1237;820;0;944294;806435;0;65.2;55.7;0.0
78;2021-08-02;4631;3815;0;948925;810250;0;65.5;55.9;0.0
78;2021-08-03;5964;6142;0;954889;816392;0;65.9;56.4;0.0
78;2021-08-04;6115;4771;0;961004;821163;0;66.3;56.7;0.0
78;2021-08-05;5590;4876;0;966594;826039;0;66.7;57.0;0.0
78;2021-08-06;5417;5848;0;972011;831887;0;67.1;57.4;0.0
78;2021-08-07;3459;4449;0;975470;836336;0;67.3;57.7;0.0
78;2021-08-08;840;838;0;976310;837174;0;67.4;57.8;0.0
78;2021-08-09;3299;3906;0;979609;841080;0;67.6;58.1;0.0
78;2021-08-10;4383;5654;0;983992;846734;0;67.9;58.5;0.0
78;2021-08-11;4129;5412;0;988121;852146;0;68.2;58.8;0.0
78;2021-08-12;3935;5681;0;992056;857827;0;68.5;59.2;0.0
78;2021-08-13;3664;4813;0;995720;862640;0;68.7;59.5;0.0
78;2021-08-14;2841;4118;0;998561;866758;0;68.9;59.8;0.0
78;2021-08-15;424;618;0;998985;867376;0;69.0;59.9;0.0
78;2021-08-16;1860;4920;0;1000845;872296;0;69.1;60.2;0.0
78;2021-08-17;3226;6398;0;1004071;878694;0;69.3;60.7;0.0
78;2021-08-18;3086;6031;0;1007157;884725;0;69.5;61.1;0.0
78;2021-08-19;2831;5470;0;1009988;890195;0;69.7;61.5;0.0
78;2021-08-20;2764;6150;0;1012752;896345;0;69.9;61.9;0.0
78;2021-08-21;2233;5011;0;1014985;901356;0;70.1;62.2;0.0
78;2021-08-22;243;731;0;1015228;902087;0;70.1;62.3;0.0
78;2021-08-23;2511;6277;0;1017739;908364;0;70.3;62.7;0.0
78;2021-08-24;3578;8221;0;1021317;916585;0;70.5;63.3;0.0
78;2021-08-25;3412;7929;0;1024729;924514;0;70.7;63.8;0.0
78;2021-08-26;3025;8516;0;1027754;933030;0;70.9;64.4;0.0
78;2021-08-27;2964;8617;0;1030718;941647;0;71.2;65.0;0.0
78;2021-08-28;2541;6216;0;1033259;947863;0;71.3;65.4;0.0
78;2021-08-29;362;705;0;1033621;948568;0;71.4;65.5;0.0
78;2021-08-30;2930;5948;109;1036551;954516;109;71.6;65.9;0.0
78;2021-08-31;3405;6447;187;1039956;960963;296;71.8;66.3;0.0
78;2021-09-01;3135;5964;506;1043091;966927;802;72.0;66.7;0.1
78;2021-09-02;2318;4811;569;1045409;971738;1371;72.2;67.1;0.1
78;2021-09-03;2372;5134;600;1047781;976872;1971;72.3;67.4;0.1
78;2021-09-04;2708;5144;339;1050489;982016;2310;72.5;67.8;0.2
78;2021-09-05;293;415;34;1050782;982431;2344;72.5;67.8;0.2
78;2021-09-06;1343;2816;592;1052125;985247;2936;72.6;68.0;0.2
78;2021-09-07;1463;3219;697;1053588;988466;3633;72.7;68.2;0.3
78;2021-09-08;1810;3688;605;1055398;992154;4238;72.9;68.5;0.3
78;2021-09-09;1146;2867;657;1056544;995021;4895;72.9;68.7;0.3
78;2021-09-10;1525;3330;599;1058069;998351;5494;73.0;68.9;0.4
78;2021-09-11;2222;4327;510;1060291;1002678;6004;73.2;69.2;0.4
78;2021-09-12;131;228;36;1060422;1002906;6040;73.2;69.2;0.4
78;2021-09-13;1101;2122;700;1061523;1005028;6740;73.3;69.4;0.5
78;2021-09-14;1209;2783;1158;1062732;1007811;7898;73.4;69.6;0.5
78;2021-09-15;1375;3789;1002;1064107;1011600;8900;73.5;69.8;0.6
78;2021-09-16;914;2111;1034;1065021;1013711;9934;73.5;70.0;0.7
78;2021-09-17;1260;2872;991;1066281;1016583;10925;73.6;70.2;0.8
78;2021-09-18;1491;4362;426;1067772;1020945;11351;73.7;70.5;0.8
78;2021-09-19;128;389;30;1067900;1021334;11381;73.7;70.5;0.8
78;2021-09-20;753;1674;853;1068653;1023008;12234;73.8;70.6;0.8
78;2021-09-21;833;1958;1174;1069486;1024966;13408;73.8;70.8;0.9
78;2021-09-22;989;3570;940;1070475;1028536;14348;73.9;71.0;1.0
78;2021-09-23;874;1623;1314;1071349;1030159;15662;74.0;71.1;1.1
78;2021-09-24;1025;2329;1078;1072374;1032488;16740;74.0;71.3;1.2
78;2021-09-25;1122;4151;554;1073496;1036639;17294;74.1;71.6;1.2
78;2021-09-26;63;176;17;1073559;1036815;17311;74.1;71.6;1.2
78;2021-09-27;689;1484;990;1074248;1038299;18301;74.2;71.7;1.3
78;2021-09-28;848;1440;1164;1075096;1039739;19465;74.2;71.8;1.3
78;2021-09-29;1054;2272;1086;1076150;1042011;20551;74.3;71.9;1.4
78;2021-09-30;585;1021;933;1076735;1043032;21484;74.3;72.0;1.5
78;2021-10-01;1292;1779;1275;1078027;1044811;22759;74.4;72.1;1.6
78;2021-10-02;1334;2647;738;1079361;1047458;23497;74.5;72.3;1.6
78;2021-10-03;76;110;30;1079437;1047568;23527;74.5;72.3;1.6
78;2021-10-04;612;966;1052;1080049;1048534;24579;74.6;72.4;1.7
78;2021-10-05;574;907;1089;1080623;1049441;25668;74.6;72.4;1.8
78;2021-10-06;890;1587;1721;1081513;1051028;27389;74.7;72.6;1.9
78;2021-10-07;490;858;1300;1082003;1051886;28689;74.7;72.6;2.0
78;2021-10-08;924;1674;2145;1082927;1053560;30834;74.8;72.7;2.1
78;2021-10-09;940;1878;907;1083867;1055438;31741;74.8;72.9;2.2
78;2021-10-10;82;116;60;1083949;1055554;31801;74.8;72.9;2.2
78;2021-10-11;583;824;1250;1084532;1056378;33051;74.9;72.9;2.3
78;2021-10-12;473;758;1457;1085005;1057136;34508;74.9;73.0;2.4
78;2021-10-13;709;1373;2018;1085714;1058509;36526;74.9;73.1;2.5
78;2021-10-14;545;895;1574;1086259;1059404;38100;75.0;73.1;2.6
78;2021-10-15;767;1343;2618;1087026;1060747;40718;75.0;73.2;2.8
78;2021-10-16;877;1343;1097;1087903;1062090;41815;75.1;73.3;2.9
78;2021-10-17;60;89;49;1087963;1062179;41864;75.1;73.3;2.9
78;2021-10-18;475;813;1527;1088438;1062992;43391;75.1;73.4;3.0
78;2021-10-19;451;748;1460;1088889;1063740;44851;75.2;73.4;3.1
78;2021-10-20;720;1214;2637;1089609;1064954;47488;75.2;73.5;3.3
78;2021-10-21;433;788;2019;1090042;1065742;49507;75.2;73.6;3.4
78;2021-10-22;712;1167;2797;1090754;1066909;52304;75.3;73.6;3.6
78;2021-10-23;757;1228;1224;1091511;1068137;53528;75.3;73.7;3.7
78;2021-10-24;56;92;49;1091567;1068229;53577;75.4;73.7;3.7
78;2021-10-25;477;621;1883;1092044;1068850;55460;75.4;73.8;3.8
78;2021-10-26;317;529;1716;1092361;1069379;57176;75.4;73.8;3.9
78;2021-10-27;554;868;2759;1092915;1070247;59935;75.4;73.9;4.1
78;2021-10-28;330;502;1973;1093245;1070749;61908;75.5;73.9;4.3
78;2021-10-29;503;779;2639;1093748;1071528;64547;75.5;74.0;4.5
78;2021-10-30;409;878;1287;1094157;1072406;65834;75.5;74.0;4.5
78;2021-10-31;61;89;65;1094218;1072495;65899;75.5;74.0;4.5
78;2021-11-01;91;81;80;1094309;1072576;65979;75.5;74.0;4.6
78;2021-11-02;420;507;1763;1094729;1073083;67742;75.6;74.1;4.7
78;2021-11-03;479;580;1955;1095208;1073663;69697;75.6;74.1;4.8
78;2021-11-04;415;531;2097;1095623;1074194;71794;75.6;74.2;5.0
78;2021-11-05;556;810;2815;1096179;1075004;74609;75.7;74.2;5.2
78;2021-11-06;358;602;946;1096537;1075606;75555;75.7;74.3;5.2
78;2021-11-07;54;92;142;1096591;1075698;75697;75.7;74.3;5.2
78;2021-11-08;276;599;2121;1096867;1076297;77818;75.7;74.3;5.4
78;2021-11-09;360;567;3213;1097227;1076864;81031;75.7;74.3;5.6
78;2021-11-10;473;784;3334;1097700;1077648;84365;75.8;74.4;5.8
78;2021-11-11;75;117;332;1097775;1077765;84697;75.8;74.4;5.8
78;2021-11-12;435;745;4090;1098210;1078510;88787;75.8;74.5;6.1
78;2021-11-13;377;542;1453;1098587;1079052;90240;75.8;74.5;6.2
78;2021-11-14;70;62;132;1098657;1079114;90372;75.8;74.5;6.2
78;2021-11-15;249;500;2948;1098906;1079614;93320;75.9;74.5;6.4
78;2021-11-16;412;493;4170;1099318;1080107;97490;75.9;74.6;6.7
78;2021-11-17;482;709;4102;1099800;1080816;101592;75.9;74.6;7.0
78;2021-11-18;346;587;3635;1100146;1081403;105227;75.9;74.7;7.3
78;2021-11-19;599;736;5042;1100745;1082139;110269;76.0;74.7;7.6
78;2021-11-20;504;648;2177;1101249;1082787;112446;76.0;74.7;7.8
78;2021-11-21;67;81;205;1101316;1082868;112651;76.0;74.8;7.8
78;2021-11-22;321;433;3383;1101637;1083301;116034;76.0;74.8;8.0
78;2021-11-23;471;513;5000;1102108;1083814;121034;76.1;74.8;8.4
78;2021-11-24;501;693;4543;1102609;1084507;125577;76.1;74.9;8.7
78;2021-11-25;447;506;5526;1103056;1085013;131103;76.1;74.9;9.1
78;2021-11-26;495;714;8248;1103551;1085727;139351;76.2;74.9;9.6
78;2021-11-27;416;537;4856;1103967;1086264;144207;76.2;75.0;10.0
78;2021-11-28;79;102;1397;1104046;1086366;145604;76.2;75.0;10.1
78;2021-11-29;248;416;7034;1104294;1086782;152638;76.2;75.0;10.5
78;2021-11-30;393;538;11189;1104687;1087320;163827;76.3;75.1;11.3
78;2021-12-01;391;489;10883;1105078;1087809;174710;76.3;75.1;12.1
78;2021-12-02;320;413;12450;1105398;1088222;187160;76.3;75.1;12.9
78;2021-12-03;373;562;14253;1105771;1088784;201413;76.3;75.2;13.9
78;2021-12-04;293;410;8736;1106064;1089194;210149;76.4;75.2;14.5
78;2021-12-05;108;147;3683;1106172;1089341;213832;76.4;75.2;14.8
78;2021-12-06;302;457;11381;1106474;1089798;225213;76.4;75.2;15.5
78;2021-12-07;368;577;15668;1106842;1090375;240881;76.4;75.3;16.6
78;2021-12-08;403;618;15788;1107245;1090993;256669;76.4;75.3;17.7
78;2021-12-09;380;478;17781;1107625;1091471;274450;76.5;75.3;18.9
78;2021-12-10;447;681;19311;1108072;1092152;293761;76.5;75.4;20.3
78;2021-12-11;396;669;11863;1108468;1092821;305624;76.5;75.4;21.1
78;2021-12-12;123;162;5095;1108591;1092983;310719;76.5;75.4;21.4
78;2021-12-13;305;518;14247;1108896;1093501;324966;76.5;75.5;22.4
78;2021-12-14;406;658;19103;1109302;1094159;344069;76.6;75.5;23.8
78;2021-12-15;421;633;17865;1109723;1094792;361934;76.6;75.6;25.0
79;2020-12-27;0;0;0;0;0;0;0.0;0.0;0.0
79;2020-12-28;3;0;0;3;0;0;0.0;0.0;0.0
79;2020-12-29;0;0;0;3;0;0;0.0;0.0;0.0
79;2020-12-30;0;0;0;3;0;0;0.0;0.0;0.0
79;2020-12-31;0;0;0;3;0;0;0.0;0.0;0.0
79;2021-01-01;0;0;0;3;0;0;0.0;0.0;0.0
79;2021-01-02;0;0;0;3;0;0;0.0;0.0;0.0
79;2021-01-03;0;0;0;3;0;0;0.0;0.0;0.0
79;2021-01-04;3;0;0;6;0;0;0.0;0.0;0.0
79;2021-01-05;1;0;0;7;0;0;0.0;0.0;0.0
79;2021-01-06;3;0;0;10;0;0;0.0;0.0;0.0
79;2021-01-07;165;0;0;175;0;0;0.0;0.0;0.0
79;2021-01-08;173;0;0;348;0;0;0.1;0.0;0.0
79;2021-01-09;95;1;0;443;1;0;0.1;0.0;0.0
79;2021-01-10;5;0;0;448;1;0;0.1;0.0;0.0
79;2021-01-11;184;1;0;632;2;0;0.2;0.0;0.0
79;2021-01-12;249;1;0;881;3;0;0.2;0.0;0.0
79;2021-01-13;261;0;0;1142;3;0;0.3;0.0;0.0
79;2021-01-14;484;7;0;1626;10;0;0.4;0.0;0.0
79;2021-01-15;585;7;0;2211;17;0;0.6;0.0;0.0
79;2021-01-16;59;0;0;2270;17;0;0.6;0.0;0.0
79;2021-01-17;3;0;0;2273;17;0;0.6;0.0;0.0
79;2021-01-18;471;2;0;2744;19;0;0.7;0.0;0.0
79;2021-01-19;1275;3;0;4019;22;0;1.1;0.0;0.0
79;2021-01-20;1607;2;0;5626;24;0;1.5;0.0;0.0
79;2021-01-21;1947;9;0;7573;33;0;2.0;0.0;0.0
79;2021-01-22;881;5;0;8454;38;0;2.3;0.0;0.0
79;2021-01-23;75;0;0;8529;38;0;2.3;0.0;0.0
79;2021-01-24;1;0;0;8530;38;0;2.3;0.0;0.0
79;2021-01-25;652;6;0;9182;44;0;2.5;0.0;0.0
79;2021-01-26;598;16;0;9780;60;0;2.6;0.0;0.0
79;2021-01-27;729;80;0;10509;140;0;2.8;0.0;0.0
79;2021-01-28;757;155;0;11266;295;0;3.0;0.1;0.0
79;2021-01-29;487;87;0;11753;382;0;3.2;0.1;0.0
79;2021-01-30;9;2;0;11762;384;0;3.2;0.1;0.0
79;2021-01-31;4;0;0;11766;384;0;3.2;0.1;0.0
79;2021-02-01;232;110;0;11998;494;0;3.2;0.1;0.0
79;2021-02-02;333;77;0;12331;571;0;3.3;0.2;0.0
79;2021-02-03;342;64;0;12673;635;0;3.4;0.2;0.0
79;2021-02-04;323;116;0;12996;751;0;3.5;0.2;0.0
79;2021-02-05;333;274;0;13329;1025;0;3.6;0.3;0.0
79;2021-02-06;10;3;0;13339;1028;0;3.6;0.3;0.0
79;2021-02-07;21;2;0;13360;1030;0;3.6;0.3;0.0
79;2021-02-08;281;163;0;13641;1193;0;3.7;0.3;0.0
79;2021-02-09;428;755;0;14069;1948;0;3.8;0.5;0.0
79;2021-02-10;545;1103;0;14614;3051;0;3.9;0.8;0.0
79;2021-02-11;768;1206;0;15382;4257;0;4.1;1.1;0.0
79;2021-02-12;458;742;0;15840;4999;0;4.3;1.3;0.0
79;2021-02-13;53;70;0;15893;5069;0;4.3;1.4;0.0
79;2021-02-14;0;1;0;15893;5070;0;4.3;1.4;0.0
79;2021-02-15;184;486;0;16077;5556;0;4.3;1.5;0.0
79;2021-02-16;338;735;0;16415;6291;0;4.4;1.7;0.0
79;2021-02-17;251;816;0;16666;7107;0;4.5;1.9;0.0
79;2021-02-18;377;989;0;17043;8096;0;4.6;2.2;0.0
79;2021-02-19;306;584;0;17349;8680;0;4.7;2.3;0.0
79;2021-02-20;14;25;0;17363;8705;0;4.7;2.3;0.0
79;2021-02-21;0;0;0;17363;8705;0;4.7;2.3;0.0
79;2021-02-22;142;463;0;17505;9168;0;4.7;2.5;0.0
79;2021-02-23;245;569;0;17750;9737;0;4.8;2.6;0.0
79;2021-02-24;256;518;0;18006;10255;0;4.8;2.8;0.0
79;2021-02-25;538;483;0;18544;10738;0;5.0;2.9;0.0
79;2021-02-26;649;386;0;19193;11124;0;5.2;3.0;0.0
79;2021-02-27;409;10;0;19602;11134;0;5.3;3.0;0.0
79;2021-02-28;29;5;0;19631;11139;0;5.3;3.0;0.0
79;2021-03-01;97;364;0;19728;11503;0;5.3;3.1;0.0
79;2021-03-02;335;495;0;20063;11998;0;5.4;3.2;0.0
79;2021-03-03;671;497;0;20734;12495;0;5.6;3.4;0.0
79;2021-03-04;928;565;0;21662;13060;0;5.8;3.5;0.0
79;2021-03-05;1258;412;0;22920;13472;0;6.2;3.6;0.0
79;2021-03-06;696;13;0;23616;13485;0;6.3;3.6;0.0
79;2021-03-07;98;2;0;23714;13487;0;6.4;3.6;0.0
79;2021-03-08;347;312;0;24061;13799;0;6.5;3.7;0.0
79;2021-03-09;855;347;0;24916;14146;0;6.7;3.8;0.0
79;2021-03-10;1176;372;0;26092;14518;0;7.0;3.9;0.0
79;2021-03-11;1676;325;0;27768;14843;0;7.5;4.0;0.0
79;2021-03-12;1788;156;0;29556;14999;0;7.9;4.0;0.0
79;2021-03-13;1162;15;0;30718;15014;0;8.2;4.0;0.0
79;2021-03-14;53;1;0;30771;15015;0;8.3;4.0;0.0
79;2021-03-15;544;164;0;31315;15179;0;8.4;4.1;0.0
79;2021-03-16;713;155;0;32028;15334;0;8.6;4.1;0.0
79;2021-03-17;636;121;0;32664;15455;0;8.8;4.1;0.0
79;2021-03-18;591;214;0;33255;15669;0;8.9;4.2;0.0
79;2021-03-19;720;256;0;33975;15925;0;9.1;4.3;0.0
79;2021-03-20;1003;19;0;34978;15944;0;9.4;4.3;0.0
79;2021-03-21;9;0;0;34987;15944;0;9.4;4.3;0.0
79;2021-03-22;983;209;0;35970;16153;0;9.7;4.3;0.0
79;2021-03-23;1621;193;0;37591;16346;0;10.1;4.4;0.0
79;2021-03-24;1802;176;0;39393;16522;0;10.6;4.4;0.0
79;2021-03-25;2509;206;0;41902;16728;0;11.2;4.5;0.0
79;2021-03-26;2394;143;0;44296;16871;0;11.9;4.5;0.0
79;2021-03-27;684;21;0;44980;16892;0;12.1;4.5;0.0
79;2021-03-28;3;2;0;44983;16894;0;12.1;4.5;0.0
79;2021-03-29;2065;119;0;47048;17013;0;12.6;4.6;0.0
79;2021-03-30;2702;85;0;49750;17098;0;13.4;4.6;0.0
79;2021-03-31;2649;389;0;52399;17487;0;14.1;4.7;0.0
79;2021-04-01;2656;400;0;55055;17887;0;14.8;4.8;0.0
79;2021-04-02;2699;399;0;57754;18286;0;15.5;4.9;0.0
79;2021-04-03;659;67;0;58413;18353;0;15.7;4.9;0.0
79;2021-04-04;9;1;0;58422;18354;0;15.7;4.9;0.0
79;2021-04-05;384;7;0;58806;18361;0;15.8;4.9;0.0
79;2021-04-06;1676;593;0;60482;18954;0;16.2;5.1;0.0
79;2021-04-07;2903;753;0;63385;19707;0;17.0;5.3;0.0
79;2021-04-08;2537;712;0;65922;20419;0;17.7;5.5;0.0
79;2021-04-09;3518;560;0;69440;20979;0;18.6;5.6;0.0
79;2021-04-10;1364;388;0;70804;21367;0;19.0;5.7;0.0
79;2021-04-11;12;2;0;70816;21369;0;19.0;5.7;0.0
79;2021-04-12;1694;395;0;72510;21764;0;19.5;5.8;0.0
79;2021-04-13;2131;766;0;74641;22530;0;20.0;6.0;0.0
79;2021-04-14;2335;704;0;76976;23234;0;20.7;6.2;0.0
79;2021-04-15;2229;692;0;79205;23926;0;21.3;6.4;0.0
79;2021-04-16;1470;467;0;80675;24393;0;21.7;6.5;0.0
79;2021-04-17;610;350;0;81285;24743;0;21.8;6.6;0.0
79;2021-04-18;14;16;0;81299;24759;0;21.8;6.6;0.0
79;2021-04-19;1117;839;0;82416;25598;0;22.1;6.9;0.0
79;2021-04-20;1548;1247;0;83964;26845;0;22.5;7.2;0.0
79;2021-04-21;1440;1431;0;85404;28276;0;22.9;7.6;0.0
79;2021-04-22;1702;1120;0;87106;29396;0;23.4;7.9;0.0
79;2021-04-23;1345;1213;0;88451;30609;0;23.7;8.2;0.0
79;2021-04-24;681;391;0;89132;31000;0;23.9;8.3;0.0
79;2021-04-25;41;1;0;89173;31001;0;23.9;8.3;0.0
79;2021-04-26;1437;1719;0;90610;32720;0;24.3;8.8;0.0
79;2021-04-27;2052;2256;0;92662;34976;0;24.9;9.4;0.0
79;2021-04-28;1504;2732;0;94166;37708;0;25.3;10.1;0.0
79;2021-04-29;2221;2164;0;96387;39872;0;25.9;10.7;0.0
79;2021-04-30;2192;2300;0;98579;42172;0;26.5;11.3;0.0
79;2021-05-01;580;378;0;99159;42550;0;26.6;11.4;0.0
79;2021-05-02;41;22;0;99200;42572;0;26.6;11.4;0.0
79;2021-05-03;1327;1270;0;100527;43842;0;27.0;11.8;0.0
79;2021-05-04;1879;2191;0;102406;46033;0;27.5;12.4;0.0
79;2021-05-05;1765;2286;0;104171;48319;0;28.0;13.0;0.0
79;2021-05-06;2514;2135;0;106685;50454;0;28.6;13.5;0.0
79;2021-05-07;2141;2601;0;108826;53055;0;29.2;14.2;0.0
79;2021-05-08;396;464;0;109222;53519;0;29.3;14.4;0.0
79;2021-05-09;98;16;0;109320;53535;0;29.3;14.4;0.0
79;2021-05-10;1636;1741;0;110956;55276;0;29.8;14.8;0.0
79;2021-05-11;2516;1654;0;113472;56930;0;30.5;15.3;0.0
79;2021-05-12;2099;2579;0;115571;59509;0;31.0;16.0;0.0
79;2021-05-13;839;325;0;116410;59834;0;31.2;16.1;0.0
79;2021-05-14;2203;713;0;118613;60547;0;31.8;16.2;0.0
79;2021-05-15;1419;514;0;120032;61061;0;32.2;16.4;0.0
79;2021-05-16;128;31;0;120160;61092;0;32.2;16.4;0.0
79;2021-05-17;1917;1147;0;122077;62239;0;32.8;16.7;0.0
79;2021-05-18;3067;1317;0;125144;63556;0;33.6;17.1;0.0
79;2021-05-19;2942;984;0;128086;64540;0;34.4;17.3;0.0
79;2021-05-20;3385;1292;0;131471;65832;0;35.3;17.7;0.0
79;2021-05-21;2872;1136;0;134343;66968;0;36.1;18.0;0.0
79;2021-05-22;1304;285;0;135647;67253;0;36.4;18.0;0.0
79;2021-05-23;115;9;0;135762;67262;0;36.4;18.1;0.0
79;2021-05-24;453;30;0;136215;67292;0;36.6;18.1;0.0
79;2021-05-25;3394;1038;0;139609;68330;0;37.5;18.3;0.0
79;2021-05-26;3317;888;0;142926;69218;0;38.4;18.6;0.0
79;2021-05-27;3873;1755;0;146799;70973;0;39.4;19.0;0.0
79;2021-05-28;3319;1882;0;150118;72855;0;40.3;19.6;0.0
79;2021-05-29;1270;502;0;151388;73357;0;40.6;19.7;0.0
79;2021-05-30;55;16;0;151443;73373;0;40.6;19.7;0.0
79;2021-05-31;2423;826;0;153866;74199;0;41.3;19.9;0.0
79;2021-06-01;3229;1638;0;157095;75837;0;42.2;20.4;0.0
79;2021-06-02;3714;1205;0;160809;77042;0;43.2;20.7;0.0
79;2021-06-03;4123;1776;0;164932;78818;0;44.3;21.2;0.0
79;2021-06-04;3752;2060;0;168684;80878;0;45.3;21.7;0.0
79;2021-06-05;2579;834;0;171263;81712;0;46.0;21.9;0.0
79;2021-06-06;665;73;0;171928;81785;0;46.1;21.9;0.0
79;2021-06-07;2538;1544;0;174466;83329;0;46.8;22.4;0.0
79;2021-06-08;2851;2229;0;177317;85558;0;47.6;23.0;0.0
79;2021-06-09;2994;1952;0;180311;87510;0;48.4;23.5;0.0
79;2021-06-10;2979;2039;0;183290;89549;0;49.2;24.0;0.0
79;2021-06-11;3356;2314;0;186646;91863;0;50.1;24.7;0.0
79;2021-06-12;1510;699;0;188156;92562;0;50.5;24.8;0.0
79;2021-06-13;172;116;0;188328;92678;0;50.5;24.9;0.0
79;2021-06-14;1164;1827;0;189492;94505;0;50.9;25.4;0.0
79;2021-06-15;1707;2575;0;191199;97080;0;51.3;26.1;0.0
79;2021-06-16;1931;2287;0;193130;99367;0;51.8;26.7;0.0
79;2021-06-17;2120;2711;0;195250;102078;0;52.4;27.4;0.0
79;2021-06-18;2174;2410;0;197424;104488;0;53.0;28.0;0.0
79;2021-06-19;1086;693;0;198510;105181;0;53.3;28.2;0.0
79;2021-06-20;15;46;0;198525;105227;0;53.3;28.2;0.0
79;2021-06-21;1124;2377;0;199649;107604;0;53.6;28.9;0.0
79;2021-06-22;1452;3050;0;201101;110654;0;54.0;29.7;0.0
79;2021-06-23;1468;2500;0;202569;113154;0;54.4;30.4;0.0
79;2021-06-24;1916;2055;0;204485;115209;0;54.9;30.9;0.0
79;2021-06-25;1300;2881;0;205785;118090;0;55.2;31.7;0.0
79;2021-06-26;800;980;0;206585;119070;0;55.4;32.0;0.0
79;2021-06-27;29;89;0;206614;119159;0;55.4;32.0;0.0
79;2021-06-28;945;2656;0;207559;121815;0;55.7;32.7;0.0
79;2021-06-29;1266;3670;0;208825;125485;0;56.0;33.7;0.0
79;2021-06-30;1125;3400;0;209950;128885;0;56.3;34.6;0.0
79;2021-07-01;1171;3720;0;211121;132605;0;56.7;35.6;0.0
79;2021-07-02;1344;3408;0;212465;136013;0;57.0;36.5;0.0
79;2021-07-03;367;1657;0;212832;137670;0;57.1;36.9;0.0
79;2021-07-04;18;102;0;212850;137772;0;57.1;37.0;0.0
79;2021-07-05;689;2304;0;213539;140076;0;57.3;37.6;0.0
79;2021-07-06;842;3874;0;214381;143950;0;57.5;38.6;0.0
79;2021-07-07;1185;4189;0;215566;148139;0;57.9;39.8;0.0
79;2021-07-08;1071;4118;0;216637;152257;0;58.1;40.9;0.0
79;2021-07-09;887;3681;0;217524;155938;0;58.4;41.8;0.0
79;2021-07-10;569;1425;0;218093;157363;0;58.5;42.2;0.0
79;2021-07-11;21;44;0;218114;157407;0;58.5;42.2;0.0
79;2021-07-12;577;3619;0;218691;161026;0;58.7;43.2;0.0
79;2021-07-13;1018;5079;0;219709;166105;0;59.0;44.6;0.0
79;2021-07-14;195;879;0;219904;166984;0;59.0;44.8;0.0
79;2021-07-15;1210;4603;0;221114;171587;0;59.3;46.0;0.0
79;2021-07-16;1296;3998;0;222410;175585;0;59.7;47.1;0.0
79;2021-07-17;605;2313;0;223015;177898;0;59.8;47.7;0.0
79;2021-07-18;109;492;0;223124;178390;0;59.9;47.9;0.0
79;2021-07-19;827;3186;0;223951;181576;0;60.1;48.7;0.0
79;2021-07-20;1455;3720;0;225406;185296;0;60.5;49.7;0.0
79;2021-07-21;1286;3656;0;226692;188952;0;60.8;50.7;0.0
79;2021-07-22;1661;3711;0;228353;192663;0;61.3;51.7;0.0
79;2021-07-23;1505;4113;0;229858;196776;0;61.7;52.8;0.0
79;2021-07-24;1007;1458;0;230865;198234;0;62.0;53.2;0.0
79;2021-07-25;110;236;0;230975;198470;0;62.0;53.3;0.0
79;2021-07-26;1377;2433;0;232352;200903;0;62.4;53.9;0.0
79;2021-07-27;2487;2795;0;234839;203698;0;63.0;54.7;0.0
79;2021-07-28;2535;2231;0;237374;205929;0;63.7;55.3;0.0
79;2021-07-29;3128;2676;0;240502;208605;0;64.5;56.0;0.0
79;2021-07-30;2276;2690;0;242778;211295;0;65.2;56.7;0.0
79;2021-07-31;1011;1073;0;243789;212368;0;65.4;57.0;0.0
79;2021-08-01;74;28;0;243863;212396;0;65.4;57.0;0.0
79;2021-08-02;1854;1515;0;245717;213911;0;65.9;57.4;0.0
79;2021-08-03;2978;1901;0;248695;215812;0;66.7;57.9;0.0
79;2021-08-04;2897;1510;0;251592;217322;0;67.5;58.3;0.0
79;2021-08-05;3067;2085;0;254659;219407;0;68.3;58.9;0.0
79;2021-08-06;2414;1461;0;257073;220868;0;69.0;59.3;0.0
79;2021-08-07;1013;774;0;258086;221642;0;69.3;59.5;0.0
79;2021-08-08;74;29;0;258160;221671;0;69.3;59.5;0.0
79;2021-08-09;2356;1073;0;260516;222744;0;69.9;59.8;0.0
79;2021-08-10;2937;1490;0;263453;224234;0;70.7;60.2;0.0
79;2021-08-11;2396;1407;0;265849;225641;0;71.3;60.6;0.0
79;2021-08-12;2606;1410;0;268455;227051;0;72.0;60.9;0.0
79;2021-08-13;2593;1141;0;271048;228192;0;72.7;61.2;0.0
79;2021-08-14;590;442;0;271638;228634;0;72.9;61.4;0.0
79;2021-08-15;39;26;0;271677;228660;0;72.9;61.4;0.0
79;2021-08-16;1567;1245;0;273244;229905;0;73.3;61.7;0.0
79;2021-08-17;2071;1763;0;275315;231668;0;73.9;62.2;0.0
79;2021-08-18;1840;1749;0;277155;233417;0;74.4;62.6;0.0
79;2021-08-19;1457;1804;0;278612;235221;0;74.8;63.1;0.0
79;2021-08-20;1387;2119;0;279999;237340;0;75.1;63.7;0.0
79;2021-08-21;317;659;0;280316;237999;0;75.2;63.9;0.0
79;2021-08-22;13;73;0;280329;238072;0;75.2;63.9;0.0
79;2021-08-23;741;2203;0;281070;240275;0;75.4;64.5;0.0
79;2021-08-24;1013;2552;0;282083;242827;0;75.7;65.2;0.0
79;2021-08-25;1006;2594;0;283089;245421;0;76.0;65.9;0.0
79;2021-08-26;984;2409;0;284073;247830;0;76.2;66.5;0.0
79;2021-08-27;635;2153;0;284708;249983;0;76.4;67.1;0.0
79;2021-08-28;295;905;0;285003;250888;0;76.5;67.3;0.0
79;2021-08-29;10;61;0;285013;250949;0;76.5;67.3;0.0
79;2021-08-30;527;2324;22;285540;253273;22;76.6;68.0;0.0
79;2021-08-31;612;2750;28;286152;256023;50;76.8;68.7;0.0
79;2021-09-01;613;2638;77;286765;258661;127;77.0;69.4;0.0
79;2021-09-02;747;2428;109;287512;261089;236;77.2;70.1;0.1
79;2021-09-03;614;2646;113;288126;263735;349;77.3;70.8;0.1
79;2021-09-04;281;735;25;288407;264470;374;77.4;71.0;0.1
79;2021-09-05;13;47;8;288420;264517;382;77.4;71.0;0.1
79;2021-09-06;345;1691;119;288765;266208;501;77.5;71.4;0.1
79;2021-09-07;368;1973;113;289133;268181;614;77.6;72.0;0.2
79;2021-09-08;519;2093;119;289652;270274;733;77.7;72.5;0.2
79;2021-09-09;331;1538;129;289983;271812;862;77.8;72.9;0.2
79;2021-09-10;409;1880;228;290392;273692;1090;77.9;73.4;0.3
79;2021-09-11;148;893;33;290540;274585;1123;78.0;73.7;0.3
79;2021-09-12;3;26;4;290543;274611;1127;78.0;73.7;0.3
79;2021-09-13;332;942;249;290875;275553;1376;78.1;73.9;0.4
79;2021-09-14;352;1078;381;291227;276631;1757;78.2;74.2;0.5
79;2021-09-15;422;1357;367;291649;277988;2124;78.3;74.6;0.6
79;2021-09-16;437;987;324;292086;278975;2448;78.4;74.9;0.7
79;2021-09-17;427;1272;379;292513;280247;2827;78.5;75.2;0.8
79;2021-09-18;149;634;64;292662;280881;2891;78.5;75.4;0.8
79;2021-09-19;1;12;0;292663;280893;2891;78.5;75.4;0.8
79;2021-09-20;186;533;418;292849;281426;3309;78.6;75.5;0.9
79;2021-09-21;319;685;549;293168;282111;3858;78.7;75.7;1.0
79;2021-09-22;216;1011;571;293384;283122;4429;78.7;76.0;1.2
79;2021-09-23;389;572;450;293773;283694;4879;78.8;76.1;1.3
79;2021-09-24;228;1234;312;294001;284928;5191;78.9;76.5;1.4
79;2021-09-25;80;331;48;294081;285259;5239;78.9;76.6;1.4
79;2021-09-26;0;2;4;294081;285261;5243;78.9;76.6;1.4
79;2021-09-27;204;528;234;294285;285789;5477;79.0;76.7;1.5
79;2021-09-28;129;380;393;294414;286169;5870;79.0;76.8;1.6
79;2021-09-29;299;715;454;294713;286884;6324;79.1;77.0;1.7
79;2021-09-30;153;304;352;294866;287188;6676;79.1;77.1;1.8
79;2021-10-01;272;513;531;295138;287701;7207;79.2;77.2;1.9
79;2021-10-02;118;261;99;295256;287962;7306;79.2;77.3;2.0
79;2021-10-03;1;4;0;295257;287966;7306;79.2;77.3;2.0
79;2021-10-04;168;332;286;295425;288298;7592;79.3;77.4;2.0
79;2021-10-05;109;241;404;295534;288539;7996;79.3;77.4;2.1
79;2021-10-06;151;345;559;295685;288884;8555;79.4;77.5;2.3
79;2021-10-07;109;217;478;295794;289101;9033;79.4;77.6;2.4
79;2021-10-08;217;536;350;296011;289637;9383;79.4;77.7;2.5
79;2021-10-09;92;138;57;296103;289775;9440;79.5;77.8;2.5
79;2021-10-10;1;4;8;296104;289779;9448;79.5;77.8;2.5
79;2021-10-11;126;264;512;296230;290043;9960;79.5;77.8;2.7
79;2021-10-12;150;328;461;296380;290371;10421;79.5;77.9;2.8
79;2021-10-13;182;258;515;296562;290629;10936;79.6;78.0;2.9
79;2021-10-14;137;316;533;296699;290945;11469;79.6;78.1;3.1
79;2021-10-15;196;555;644;296895;291500;12113;79.7;78.2;3.3
79;2021-10-16;86;113;109;296981;291613;12222;79.7;78.3;3.3
79;2021-10-17;2;3;2;296983;291616;12224;79.7;78.3;3.3
79;2021-10-18;129;236;519;297112;291852;12743;79.7;78.3;3.4
79;2021-10-19;91;146;458;297203;291998;13201;79.8;78.4;3.5
79;2021-10-20;116;172;637;297319;292170;13838;79.8;78.4;3.7
79;2021-10-21;91;253;346;297410;292423;14184;79.8;78.5;3.8
79;2021-10-22;189;356;701;297599;292779;14885;79.9;78.6;4.0
79;2021-10-23;95;116;183;297694;292895;15068;79.9;78.6;4.0
79;2021-10-24;0;1;0;297694;292896;15068;79.9;78.6;4.0
79;2021-10-25;119;225;665;297813;293121;15733;79.9;78.7;4.2
79;2021-10-26;119;138;786;297932;293259;16519;80.0;78.7;4.4
79;2021-10-27;121;201;753;298053;293460;17272;80.0;78.8;4.6
79;2021-10-28;75;122;745;298128;293582;18017;80.0;78.8;4.8
79;2021-10-29;117;186;933;298245;293768;18950;80.0;78.8;5.1
79;2021-10-30;78;103;284;298323;293871;19234;80.1;78.9;5.2
79;2021-10-31;0;1;2;298323;293872;19236;80.1;78.9;5.2
79;2021-11-01;3;3;0;298326;293875;19236;80.1;78.9;5.2
79;2021-11-02;94;160;938;298420;294035;20174;80.1;78.9;5.4
79;2021-11-03;109;191;917;298529;294226;21091;80.1;79.0;5.7
79;2021-11-04;106;103;1066;298635;294329;22157;80.1;79.0;5.9
79;2021-11-05;180;300;1266;298815;294629;23423;80.2;79.1;6.3
79;2021-11-06;66;121;321;298881;294750;23744;80.2;79.1;6.4
79;2021-11-07;0;4;2;298881;294754;23746;80.2;79.1;6.4
79;2021-11-08;84;164;1228;298965;294918;24974;80.2;79.1;6.7
79;2021-11-09;85;130;1342;299050;295048;26316;80.3;79.2;7.1
79;2021-11-10;133;170;1423;299183;295218;27739;80.3;79.2;7.4
79;2021-11-11;0;2;24;299183;295220;27763;80.3;79.2;7.5
79;2021-11-12;100;208;1339;299283;295428;29102;80.3;79.3;7.8
79;2021-11-13;57;99;378;299340;295527;29480;80.3;79.3;7.9
79;2021-11-14;0;2;3;299340;295529;29483;80.3;79.3;7.9
79;2021-11-15;76;135;1273;299416;295664;30756;80.4;79.3;8.3
79;2021-11-16;69;131;1691;299485;295795;32447;80.4;79.4;8.7
79;2021-11-17;127;146;1436;299612;295941;33883;80.4;79.4;9.1
79;2021-11-18;77;115;1724;299689;296056;35607;80.4;79.5;9.6
79;2021-11-19;151;148;1826;299840;296204;37433;80.5;79.5;10.0
79;2021-11-20;90;79;377;299930;296283;37810;80.5;79.5;10.1
79;2021-11-21;2;2;12;299932;296285;37822;80.5;79.5;10.2
79;2021-11-22;78;46;1361;300010;296331;39183;80.5;79.5;10.5
79;2021-11-23;119;81;1973;300129;296412;41156;80.5;79.5;11.0
79;2021-11-24;152;114;1469;300281;296526;42625;80.6;79.6;11.4
79;2021-11-25;99;107;1725;300380;296633;44350;80.6;79.6;11.9
79;2021-11-26;147;193;2084;300527;296826;46434;80.7;79.7;12.5
79;2021-11-27;70;80;960;300597;296906;47394;80.7;79.7;12.7
79;2021-11-28;2;2;34;300599;296908;47428;80.7;79.7;12.7
79;2021-11-29;95;109;2196;300694;297017;49624;80.7;79.7;13.3
79;2021-11-30;110;77;2367;300804;297094;51991;80.7;79.7;14.0
79;2021-12-01;91;85;2612;300895;297179;54603;80.7;79.8;14.7
79;2021-12-02;74;75;2828;300969;297254;57431;80.8;79.8;15.4
79;2021-12-03;79;138;3199;301048;297392;60630;80.8;79.8;16.3
79;2021-12-04;48;58;1085;301096;297450;61715;80.8;79.8;16.6
79;2021-12-05;9;5;172;301105;297455;61887;80.8;79.8;16.6
79;2021-12-06;77;93;3013;301182;297548;64900;80.8;79.9;17.4
79;2021-12-07;78;108;3952;301260;297656;68852;80.8;79.9;18.5
79;2021-12-08;92;146;4085;301352;297802;72937;80.9;79.9;19.6
79;2021-12-09;98;85;4300;301450;297887;77237;80.9;79.9;20.7
79;2021-12-10;82;148;3928;301532;298035;81165;80.9;80.0;21.8
79;2021-12-11;62;91;1815;301594;298126;82980;80.9;80.0;22.3
79;2021-12-12;3;11;166;301597;298137;83146;80.9;80.0;22.3
79;2021-12-13;88;99;3877;301685;298236;87023;81.0;80.0;23.4
79;2021-12-14;84;127;5013;301769;298363;92036;81.0;80.1;24.7
79;2021-12-15;109;142;4650;301878;298505;96686;81.0;80.1;25.9
80;2020-12-27;0;0;0;0;0;0;0.0;0.0;0.0
80;2020-12-28;0;0;0;0;0;0;0.0;0.0;0.0
80;2020-12-29;11;0;0;11;0;0;0.0;0.0;0.0
80;2020-12-30;0;0;0;11;0;0;0.0;0.0;0.0
80;2020-12-31;0;0;0;11;0;0;0.0;0.0;0.0
80;2021-01-01;0;0;0;11;0;0;0.0;0.0;0.0
80;2021-01-02;2;0;0;13;0;0;0.0;0.0;0.0
80;2021-01-03;1;0;0;14;0;0;0.0;0.0;0.0
80;2021-01-04;0;0;0;14;0;0;0.0;0.0;0.0
80;2021-01-05;3;0;0;17;0;0;0.0;0.0;0.0
80;2021-01-06;34;0;0;51;0;0;0.0;0.0;0.0
80;2021-01-07;270;2;0;321;2;0;0.1;0.0;0.0
80;2021-01-08;340;2;0;661;4;0;0.1;0.0;0.0
80;2021-01-09;125;1;0;786;5;0;0.1;0.0;0.0
80;2021-01-10;26;0;0;812;5;0;0.1;0.0;0.0
80;2021-01-11;279;1;0;1091;6;0;0.2;0.0;0.0
80;2021-01-12;454;1;0;1545;7;0;0.3;0.0;0.0
80;2021-01-13;535;4;0;2080;11;0;0.4;0.0;0.0
80;2021-01-14;458;3;0;2538;14;0;0.4;0.0;0.0
80;2021-01-15;382;1;0;2920;15;0;0.5;0.0;0.0
80;2021-01-16;112;1;0;3032;16;0;0.5;0.0;0.0
80;2021-01-17;132;1;0;3164;17;0;0.6;0.0;0.0
80;2021-01-18;501;3;0;3665;20;0;0.6;0.0;0.0
80;2021-01-19;989;17;0;4654;37;0;0.8;0.0;0.0
80;2021-01-20;1115;10;0;5769;47;0;1.0;0.0;0.0
80;2021-01-21;1098;10;0;6867;57;0;1.2;0.0;0.0
80;2021-01-22;1178;6;0;8045;63;0;1.4;0.0;0.0
80;2021-01-23;885;16;0;8930;79;0;1.6;0.0;0.0
80;2021-01-24;778;9;0;9708;88;0;1.7;0.0;0.0
80;2021-01-25;1501;18;0;11209;106;0;2.0;0.0;0.0
80;2021-01-26;1448;13;0;12657;119;0;2.2;0.0;0.0
80;2021-01-27;844;29;0;13501;148;0;2.4;0.0;0.0
80;2021-01-28;650;170;0;14151;318;0;2.5;0.1;0.0
80;2021-01-29;652;205;0;14803;523;0;2.6;0.1;0.0
80;2021-01-30;96;79;0;14899;602;0;2.6;0.1;0.0
80;2021-01-31;1;2;0;14900;604;0;2.6;0.1;0.0
80;2021-02-01;58;235;0;14958;839;0;2.6;0.1;0.0
80;2021-02-02;74;442;0;15032;1281;0;2.6;0.2;0.0
80;2021-02-03;73;533;0;15105;1814;0;2.7;0.3;0.0
80;2021-02-04;327;352;0;15432;2166;0;2.7;0.4;0.0
80;2021-02-05;391;221;0;15823;2387;0;2.8;0.4;0.0
80;2021-02-06;174;72;0;15997;2459;0;2.8;0.4;0.0
80;2021-02-07;3;8;0;16000;2467;0;2.8;0.4;0.0
80;2021-02-08;437;286;0;16437;2753;0;2.9;0.5;0.0
80;2021-02-09;704;297;0;17141;3050;0;3.0;0.5;0.0
80;2021-02-10;622;507;0;17763;3557;0;3.1;0.6;0.0
80;2021-02-11;856;428;0;18619;3985;0;3.3;0.7;0.0
80;2021-02-12;934;376;0;19553;4361;0;3.4;0.8;0.0
80;2021-02-13;202;408;0;19755;4769;0;3.5;0.8;0.0
80;2021-02-14;77;547;0;19832;5316;0;3.5;0.9;0.0
80;2021-02-15;566;1042;0;20398;6358;0;3.6;1.1;0.0
80;2021-02-16;642;1080;0;21040;7438;0;3.7;1.3;0.0
80;2021-02-17;460;1172;0;21500;8610;0;3.8;1.5;0.0
80;2021-02-18;565;1140;0;22065;9750;0;3.9;1.7;0.0
80;2021-02-19;520;899;0;22585;10649;0;4.0;1.9;0.0
80;2021-02-20;36;499;0;22621;11148;0;4.0;2.0;0.0
80;2021-02-21;47;45;0;22668;11193;0;4.0;2.0;0.0
80;2021-02-22;182;621;0;22850;11814;0;4.0;2.1;0.0
80;2021-02-23;450;711;0;23300;12525;0;4.1;2.2;0.0
80;2021-02-24;462;695;0;23762;13220;0;4.2;2.3;0.0
80;2021-02-25;803;549;0;24565;13769;0;4.3;2.4;0.0
80;2021-02-26;1077;533;0;25642;14302;0;4.5;2.5;0.0
80;2021-02-27;495;75;0;26137;14377;0;4.6;2.5;0.0
80;2021-02-28;46;26;0;26183;14403;0;4.6;2.5;0.0
80;2021-03-01;743;100;0;26926;14503;0;4.7;2.5;0.0
80;2021-03-02;1040;138;0;27966;14641;0;4.9;2.6;0.0
80;2021-03-03;1035;105;0;29001;14746;0;5.1;2.6;0.0
80;2021-03-04;1407;297;0;30408;15043;0;5.3;2.6;0.0
80;2021-03-05;1887;378;0;32295;15421;0;5.7;2.7;0.0
80;2021-03-06;2890;322;0;35185;15743;0;6.2;2.8;0.0
80;2021-03-07;1794;81;0;36979;15824;0;6.5;2.8;0.0
80;2021-03-08;720;602;0;37699;16426;0;6.6;2.9;0.0
80;2021-03-09;1287;879;0;38986;17305;0;6.8;3.0;0.0
80;2021-03-10;1766;758;0;40752;18063;0;7.2;3.2;0.0
80;2021-03-11;1916;823;0;42668;18886;0;7.5;3.3;0.0
80;2021-03-12;3168;735;0;45836;19621;0;8.0;3.4;0.0
80;2021-03-13;4017;232;0;49853;19853;0;8.7;3.5;0.0
80;2021-03-14;426;18;0;50279;19871;0;8.8;3.5;0.0
80;2021-03-15;1091;272;0;51370;20143;0;9.0;3.5;0.0
80;2021-03-16;904;366;0;52274;20509;0;9.2;3.6;0.0
80;2021-03-17;722;273;0;52996;20782;0;9.3;3.6;0.0
80;2021-03-18;1074;312;0;54070;21094;0;9.5;3.7;0.0
80;2021-03-19;1801;411;0;55871;21505;0;9.8;3.8;0.0
80;2021-03-20;3825;116;0;59696;21621;0;10.5;3.8;0.0
80;2021-03-21;624;35;0;60320;21656;0;10.6;3.8;0.0
80;2021-03-22;1023;317;0;61343;21973;0;10.8;3.9;0.0
80;2021-03-23;1906;431;0;63249;22404;0;11.1;3.9;0.0
80;2021-03-24;1805;477;0;65054;22881;0;11.4;4.0;0.0
80;2021-03-25;2839;469;0;67893;23350;0;11.9;4.1;0.0
80;2021-03-26;3256;444;0;71149;23794;0;12.5;4.2;0.0
80;2021-03-27;2389;227;0;73538;24021;0;12.9;4.2;0.0
80;2021-03-28;737;92;0;74275;24113;0;13.0;4.2;0.0
80;2021-03-29;2026;764;0;76301;24877;0;13.4;4.4;0.0
80;2021-03-30;2054;883;0;78355;25760;0;13.8;4.5;0.0
80;2021-03-31;1638;1014;0;79993;26774;0;14.0;4.7;0.0
80;2021-04-01;2142;1471;0;82135;28245;0;14.4;5.0;0.0
80;2021-04-02;2894;1602;0;85029;29847;0;14.9;5.2;0.0
80;2021-04-03;3094;857;0;88123;30704;0;15.5;5.4;0.0
80;2021-04-04;238;37;0;88361;30741;0;15.5;5.4;0.0
80;2021-04-05;786;201;0;89147;30942;0;15.6;5.4;0.0
80;2021-04-06;1406;991;0;90553;31933;0;15.9;5.6;0.0
80;2021-04-07;1712;1184;0;92265;33117;0;16.2;5.8;0.0
80;2021-04-08;2239;930;0;94504;34047;0;16.6;6.0;0.0
80;2021-04-09;3585;1405;0;98089;35452;0;17.2;6.2;0.0
80;2021-04-10;2690;1893;0;100779;37345;0;17.7;6.6;0.0
80;2021-04-11;280;228;0;101059;37573;0;17.7;6.6;0.0
80;2021-04-12;1942;585;0;103001;38158;0;18.1;6.7;0.0
80;2021-04-13;2484;1045;0;105485;39203;0;18.5;6.9;0.0
80;2021-04-14;2871;1196;0;108356;40399;0;19.0;7.1;0.0
80;2021-04-15;3700;932;0;112056;41331;0;19.7;7.3;0.0
80;2021-04-16;3441;1006;0;115497;42337;0;20.3;7.4;0.0
80;2021-04-17;1759;2357;0;117256;44694;0;20.6;7.8;0.0
80;2021-04-18;401;488;0;117657;45182;0;20.6;7.9;0.0
80;2021-04-19;1042;902;0;118699;46084;0;20.8;8.1;0.0
80;2021-04-20;1708;959;0;120407;47043;0;21.1;8.3;0.0
80;2021-04-21;1741;1049;0;122148;48092;0;21.4;8.4;0.0
80;2021-04-22;2209;1354;0;124357;49446;0;21.8;8.7;0.0
80;2021-04-23;2692;1411;0;127049;50857;0;22.3;8.9;0.0
80;2021-04-24;1493;1336;0;128542;52193;0;22.6;9.2;0.0
80;2021-04-25;275;594;0;128817;52787;0;22.6;9.3;0.0
80;2021-04-26;1455;1500;0;130272;54287;0;22.9;9.5;0.0
80;2021-04-27;2157;1520;0;132429;55807;0;23.2;9.8;0.0
80;2021-04-28;2345;1515;0;134774;57322;0;23.7;10.1;0.0
80;2021-04-29;3350;2058;0;138124;59380;0;24.2;10.4;0.0
80;2021-04-30;3226;2983;0;141350;62363;0;24.8;10.9;0.0
80;2021-05-01;1090;746;0;142440;63109;0;25.0;11.1;0.0
80;2021-05-02;529;129;0;142969;63238;0;25.1;11.1;0.0
80;2021-05-03;2786;1281;0;145755;64519;0;25.6;11.3;0.0
80;2021-05-04;2665;1813;0;148420;66332;0;26.0;11.6;0.0
80;2021-05-05;3464;2000;0;151884;68332;0;26.7;12.0;0.0
80;2021-05-06;3301;2523;0;155185;70855;0;27.2;12.4;0.0
80;2021-05-07;3572;2701;0;158757;73556;0;27.9;12.9;0.0
80;2021-05-08;2979;883;0;161736;74439;0;28.4;13.1;0.0
80;2021-05-09;1647;301;0;163383;74740;0;28.7;13.1;0.0
80;2021-05-10;2039;1964;0;165422;76704;0;29.0;13.5;0.0
80;2021-05-11;3384;1926;0;168806;78630;0;29.6;13.8;0.0
80;2021-05-12;4649;1692;0;173455;80322;0;30.4;14.1;0.0
80;2021-05-13;3933;429;0;177388;80751;0;31.1;14.2;0.0
80;2021-05-14;5200;1458;0;182588;82209;0;32.0;14.4;0.0
80;2021-05-15;5906;1044;0;188494;83253;0;33.1;14.6;0.0
80;2021-05-16;2811;313;0;191305;83566;0;33.6;14.7;0.0
80;2021-05-17;2564;918;0;193869;84484;0;34.0;14.8;0.0
80;2021-05-18;3921;930;0;197790;85414;0;34.7;15.0;0.0
80;2021-05-19;4013;1041;0;201803;86455;0;35.4;15.2;0.0
80;2021-05-20;4665;1259;0;206468;87714;0;36.2;15.4;0.0
80;2021-05-21;4950;1695;0;211418;89409;0;37.1;15.7;0.0
80;2021-05-22;5187;1209;0;216605;90618;0;38.0;15.9;0.0
80;2021-05-23;2015;262;0;218620;90880;0;38.4;16.0;0.0
80;2021-05-24;1787;209;0;220407;91089;0;38.7;16.0;0.0
80;2021-05-25;2806;1239;0;223213;92328;0;39.2;16.2;0.0
80;2021-05-26;4352;1767;0;227565;94095;0;39.9;16.5;0.0
80;2021-05-27;4042;2470;0;231607;96565;0;40.6;16.9;0.0
80;2021-05-28;3887;2992;0;235494;99557;0;41.3;17.5;0.0
80;2021-05-29;3723;1672;0;239217;101229;0;42.0;17.8;0.0
80;2021-05-30;1214;206;0;240431;101435;0;42.2;17.8;0.0
80;2021-05-31;2716;1460;0;243147;102895;0;42.7;18.1;0.0
80;2021-06-01;4048;2500;0;247195;105395;0;43.4;18.5;0.0
80;2021-06-02;3320;2096;0;250515;107491;0;44.0;18.9;0.0
80;2021-06-03;4237;3049;0;254752;110540;0;44.7;19.4;0.0
80;2021-06-04;4633;3162;0;259385;113702;0;45.5;20.0;0.0
80;2021-06-05;3485;2216;0;262870;115918;0;46.1;20.3;0.0
80;2021-06-06;855;227;0;263725;116145;0;46.3;20.4;0.0
80;2021-06-07;1866;2095;0;265591;118240;0;46.6;20.8;0.0
80;2021-06-08;2732;2759;0;268323;120999;0;47.1;21.2;0.0
80;2021-06-09;2915;2823;0;271238;123822;0;47.6;21.7;0.0
80;2021-06-10;3132;3264;0;274370;127086;0;48.2;22.3;0.0
80;2021-06-11;3165;3954;0;277535;131040;0;48.7;23.0;0.0
80;2021-06-12;3028;2429;0;280563;133469;0;49.2;23.4;0.0
80;2021-06-13;545;545;0;281108;134014;0;49.3;23.5;0.0
80;2021-06-14;1396;3022;0;282504;137036;0;49.6;24.1;0.0
80;2021-06-15;2358;3580;0;284862;140616;0;50.0;24.7;0.0
80;2021-06-16;1654;4342;0;286516;144958;0;50.3;25.4;0.0
80;2021-06-17;2451;3812;0;288967;148770;0;50.7;26.1;0.0
80;2021-06-18;2574;4140;0;291541;152910;0;51.2;26.8;0.0
80;2021-06-19;2892;4481;0;294433;157391;0;51.7;27.6;0.0
80;2021-06-20;326;1249;0;294759;158640;0;51.7;27.8;0.0
80;2021-06-21;1074;2820;0;295833;161460;0;51.9;28.3;0.0
80;2021-06-22;1244;4145;0;297077;165605;0;52.1;29.1;0.0
80;2021-06-23;1797;5243;0;298874;170848;0;52.5;30.0;0.0
80;2021-06-24;1788;4778;0;300662;175626;0;52.8;30.8;0.0
80;2021-06-25;1424;6192;0;302086;181818;0;53.0;31.9;0.0
80;2021-06-26;1897;6212;0;303983;188030;0;53.4;33.0;0.0
80;2021-06-27;413;2215;0;304396;190245;0;53.4;33.4;0.0
80;2021-06-28;997;3403;0;305393;193648;0;53.6;34.0;0.0
80;2021-06-29;1865;4707;0;307258;198355;0;53.9;34.8;0.0
80;2021-06-30;1297;4840;0;308555;203195;0;54.2;35.7;0.0
80;2021-07-01;1669;5070;0;310224;208265;0;54.4;36.6;0.0
80;2021-07-02;1899;6101;0;312123;214366;0;54.8;37.6;0.0
80;2021-07-03;1355;5419;0;313478;219785;0;55.0;38.6;0.0
80;2021-07-04;777;1699;0;314255;221484;0;55.2;38.9;0.0
80;2021-07-05;971;3242;0;315226;224726;0;55.3;39.4;0.0
80;2021-07-06;1854;4064;0;317080;228790;0;55.7;40.2;0.0
80;2021-07-07;1557;4599;0;318637;233389;0;55.9;41.0;0.0
80;2021-07-08;2114;4999;0;320751;238388;0;56.3;41.8;0.0
80;2021-07-09;2608;5419;0;323359;243807;0;56.8;42.8;0.0
80;2021-07-10;1634;4148;0;324993;247955;0;57.0;43.5;0.0
80;2021-07-11;448;949;0;325441;248904;0;57.1;43.7;0.0
80;2021-07-12;952;3604;0;326393;252508;0;57.3;44.3;0.0
80;2021-07-13;2164;5191;0;328557;257699;0;57.7;45.2;0.0
80;2021-07-14;2726;1644;0;331283;259343;0;58.1;45.5;0.0
80;2021-07-15;2866;5315;0;334149;264658;0;58.6;46.5;0.0
80;2021-07-16;3865;5775;0;338014;270433;0;59.3;47.5;0.0
80;2021-07-17;3324;4368;0;341338;274801;0;59.9;48.2;0.0
80;2021-07-18;1025;1021;0;342363;275822;0;60.1;48.4;0.0
80;2021-07-19;2272;3189;0;344635;279011;0;60.5;49.0;0.0
80;2021-07-20;3317;4946;0;347952;283957;0;61.1;49.8;0.0
80;2021-07-21;3498;4407;0;351450;288364;0;61.7;50.6;0.0
80;2021-07-22;4167;4567;0;355617;292931;0;62.4;51.4;0.0
80;2021-07-23;4950;4744;0;360567;297675;0;63.3;52.2;0.0
80;2021-07-24;4087;4302;0;364654;301977;0;64.0;53.0;0.0
80;2021-07-25;1227;725;0;365881;302702;0;64.2;53.1;0.0
80;2021-07-26;2684;2451;0;368565;305153;0;64.7;53.6;0.0
80;2021-07-27;4149;3701;0;372714;308854;0;65.4;54.2;0.0
80;2021-07-28;4693;2791;0;377407;311645;0;66.2;54.7;0.0
80;2021-07-29;4796;3250;0;382203;314895;0;67.1;55.3;0.0
80;2021-07-30;4756;3629;0;386959;318524;0;67.9;55.9;0.0
80;2021-07-31;3909;2984;0;390868;321508;0;68.6;56.4;0.0
80;2021-08-01;1320;421;0;392188;321929;0;68.8;56.5;0.0
80;2021-08-02;2100;1879;0;394288;323808;0;69.2;56.8;0.0
80;2021-08-03;3471;2448;0;397759;326256;0;69.8;57.3;0.0
80;2021-08-04;3220;2520;0;400979;328776;0;70.4;57.7;0.0
80;2021-08-05;3060;2615;0;404039;331391;0;70.9;58.2;0.0
80;2021-08-06;3048;2883;0;407087;334274;0;71.4;58.7;0.0
80;2021-08-07;2304;2539;0;409391;336813;0;71.9;59.1;0.0
80;2021-08-08;652;814;0;410043;337627;0;72.0;59.3;0.0
80;2021-08-09;1406;2215;0;411449;339842;0;72.2;59.6;0.0
80;2021-08-10;2251;2883;0;413700;342725;0;72.6;60.2;0.0
80;2021-08-11;1819;2442;0;415519;345167;0;72.9;60.6;0.0
80;2021-08-12;2092;2684;0;417611;347851;0;73.3;61.1;0.0
80;2021-08-13;1804;3000;0;419415;350851;0;73.6;61.6;0.0
80;2021-08-14;1283;1992;0;420698;352843;0;73.8;61.9;0.0
80;2021-08-15;378;669;0;421076;353512;0;73.9;62.0;0.0
80;2021-08-16;975;2647;0;422051;356159;0;74.1;62.5;0.0
80;2021-08-17;1613;3499;0;423664;359658;0;74.4;63.1;0.0
80;2021-08-18;1148;3631;0;424812;363289;0;74.6;63.8;0.0
80;2021-08-19;1425;3831;0;426237;367120;0;74.8;64.4;0.0
80;2021-08-20;1212;4312;0;427449;371432;0;75.0;65.2;0.0
80;2021-08-21;983;2751;0;428432;374183;0;75.2;65.7;0.0
80;2021-08-22;134;797;0;428566;374980;0;75.2;65.8;0.0
80;2021-08-23;616;3188;0;429182;378168;0;75.3;66.4;0.0
80;2021-08-24;1058;4314;0;430240;382482;0;75.5;67.1;0.0
80;2021-08-25;914;3533;0;431154;386015;0;75.7;67.7;0.0
80;2021-08-26;952;3799;0;432106;389814;0;75.8;68.4;0.0
80;2021-08-27;1030;4340;0;433136;394154;0;76.0;69.2;0.0
80;2021-08-28;656;3222;0;433792;397376;0;76.1;69.7;0.0
80;2021-08-29;193;665;0;433985;398041;0;76.2;69.9;0.0
80;2021-08-30;526;2401;32;434511;400442;32;76.3;70.3;0.0
80;2021-08-31;734;3092;88;435245;403534;120;76.4;70.8;0.0
80;2021-09-01;688;2229;183;435933;405763;303;76.5;71.2;0.1
80;2021-09-02;572;2046;208;436505;407809;511;76.6;71.6;0.1
80;2021-09-03;761;2709;324;437266;410518;835;76.7;72.0;0.1
80;2021-09-04;912;2476;170;438178;412994;1005;76.9;72.5;0.2
80;2021-09-05;163;408;38;438341;413402;1043;76.9;72.6;0.2
80;2021-09-06;410;1363;285;438751;414765;1328;77.0;72.8;0.2
80;2021-09-07;499;1568;273;439250;416333;1601;77.1;73.1;0.3
80;2021-09-08;464;1479;368;439714;417812;1969;77.2;73.3;0.3
80;2021-09-09;522;1395;266;440236;419207;2235;77.3;73.6;0.4
80;2021-09-10;645;1693;393;440881;420900;2628;77.4;73.9;0.5
80;2021-09-11;486;1758;167;441367;422658;2795;77.5;74.2;0.5
80;2021-09-12;73;291;23;441440;422949;2818;77.5;74.2;0.5
80;2021-09-13;324;806;419;441764;423755;3237;77.5;74.4;0.6
80;2021-09-14;600;981;582;442364;424736;3819;77.6;74.5;0.7
80;2021-09-15;378;995;539;442742;425731;4358;77.7;74.7;0.8
80;2021-09-16;483;979;435;443225;426710;4793;77.8;74.9;0.8
80;2021-09-17;521;1196;642;443746;427906;5435;77.9;75.1;1.0
80;2021-09-18;327;1146;265;444073;429052;5700;77.9;75.3;1.0
80;2021-09-19;14;156;19;444087;429208;5719;77.9;75.3;1.0
80;2021-09-20;315;457;343;444402;429665;6062;78.0;75.4;1.1
80;2021-09-21;273;568;546;444675;430233;6608;78.0;75.5;1.2
80;2021-09-22;272;701;579;444947;430934;7187;78.1;75.6;1.3
80;2021-09-23;306;528;609;445253;431462;7796;78.1;75.7;1.4
80;2021-09-24;384;915;713;445637;432377;8509;78.2;75.9;1.5
80;2021-09-25;286;1053;350;445923;433430;8859;78.3;76.1;1.6
80;2021-09-26;12;99;10;445935;433529;8869;78.3;76.1;1.6
80;2021-09-27;178;545;412;446113;434074;9281;78.3;76.2;1.6
80;2021-09-28;156;399;471;446269;434473;9752;78.3;76.3;1.7
80;2021-09-29;283;545;457;446552;435018;10209;78.4;76.3;1.8
80;2021-09-30;197;344;493;446749;435362;10702;78.4;76.4;1.9
80;2021-10-01;334;732;850;447083;436094;11552;78.5;76.5;2.0
80;2021-10-02;320;806;317;447403;436900;11869;78.5;76.7;2.1
80;2021-10-03;17;63;30;447420;436963;11899;78.5;76.7;2.1
80;2021-10-04;157;336;487;447577;437299;12386;78.6;76.8;2.2
80;2021-10-05;160;443;536;447737;437742;12922;78.6;76.8;2.3
80;2021-10-06;272;446;562;448009;438188;13484;78.6;76.9;2.4
80;2021-10-07;197;448;509;448206;438636;13993;78.7;77.0;2.5
80;2021-10-08;279;717;886;448485;439353;14879;78.7;77.1;2.6
80;2021-10-09;269;458;456;448754;439811;15335;78.8;77.2;2.7
80;2021-10-10;20;17;38;448774;439828;15373;78.8;77.2;2.7
80;2021-10-11;156;221;671;448930;440049;16044;78.8;77.2;2.8
80;2021-10-12;178;390;746;449108;440439;16790;78.8;77.3;2.9
80;2021-10-13;197;278;745;449305;440717;17535;78.9;77.4;3.1
80;2021-10-14;212;320;629;449517;441037;18164;78.9;77.4;3.2
80;2021-10-15;316;528;1196;449833;441565;19360;79.0;77.5;3.4
80;2021-10-16;225;369;556;450058;441934;19916;79.0;77.6;3.5
80;2021-10-17;19;17;41;450077;441951;19957;79.0;77.6;3.5
80;2021-10-18;165;309;688;450242;442260;20645;79.0;77.6;3.6
80;2021-10-19;108;168;608;450350;442428;21253;79.0;77.7;3.7
80;2021-10-20;186;266;737;450536;442694;21990;79.1;77.7;3.9
80;2021-10-21;177;282;874;450713;442976;22864;79.1;77.7;4.0
80;2021-10-22;270;385;1278;450983;443361;24142;79.2;77.8;4.2
80;2021-10-23;204;300;688;451187;443661;24830;79.2;77.9;4.4
80;2021-10-24;16;27;28;451203;443688;24858;79.2;77.9;4.4
80;2021-10-25;122;165;809;451325;443853;25667;79.2;77.9;4.5
80;2021-10-26;118;149;866;451443;444002;26533;79.2;77.9;4.7
80;2021-10-27;160;234;889;451603;444236;27422;79.3;78.0;4.8
80;2021-10-28;168;203;765;451771;444439;28187;79.3;78.0;4.9
80;2021-10-29;224;295;1312;451995;444734;29499;79.3;78.1;5.2
80;2021-10-30;159;240;769;452154;444974;30268;79.4;78.1;5.3
80;2021-10-31;12;21;28;452166;444995;30296;79.4;78.1;5.3
80;2021-11-01;6;13;11;452172;445008;30307;79.4;78.1;5.3
80;2021-11-02;180;206;945;452352;445214;31252;79.4;78.1;5.5
80;2021-11-03;87;217;865;452439;445431;32117;79.4;78.2;5.6
80;2021-11-04;134;206;761;452573;445637;32878;79.4;78.2;5.8
80;2021-11-05;252;350;1404;452825;445987;34282;79.5;78.3;6.0
80;2021-11-06;194;270;1017;453019;446257;35299;79.5;78.3;6.2
80;2021-11-07;9;28;54;453028;446285;35353;79.5;78.3;6.2
80;2021-11-08;98;137;871;453126;446422;36224;79.5;78.4;6.4
80;2021-11-09;120;178;1447;453246;446600;37671;79.5;78.4;6.6
80;2021-11-10;155;173;1354;453401;446773;39025;79.6;78.4;6.8
80;2021-11-11;8;9;95;453409;446782;39120;79.6;78.4;6.9
80;2021-11-12;231;320;1641;453640;447102;40761;79.6;78.5;7.2
80;2021-11-13;133;221;1043;453773;447323;41804;79.6;78.5;7.3
80;2021-11-14;22;15;81;453795;447338;41885;79.6;78.5;7.4
80;2021-11-15;95;127;853;453890;447465;42738;79.7;78.5;7.5
80;2021-11-16;144;154;1675;454034;447619;44413;79.7;78.6;7.8
80;2021-11-17;148;181;1286;454182;447800;45699;79.7;78.6;8.0
80;2021-11-18;144;188;1610;454326;447988;47309;79.7;78.6;8.3
80;2021-11-19;279;349;2365;454605;448337;49674;79.8;78.7;8.7
80;2021-11-20;245;263;1440;454850;448600;51114;79.8;78.7;9.0
80;2021-11-21;19;24;92;454869;448624;51206;79.8;78.7;9.0
80;2021-11-22;122;88;1191;454991;448712;52397;79.9;78.8;9.2
80;2021-11-23;145;129;1826;455136;448841;54223;79.9;78.8;9.5
80;2021-11-24;179;138;1669;455315;448979;55892;79.9;78.8;9.8
80;2021-11-25;163;177;2043;455478;449156;57935;79.9;78.8;10.2
80;2021-11-26;243;277;3921;455721;449433;61856;80.0;78.9;10.9
80;2021-11-27;180;238;4349;455901;449671;66205;80.0;78.9;11.6
80;2021-11-28;17;25;1190;455918;449696;67395;80.0;78.9;11.8
80;2021-11-29;97;117;3148;456015;449813;70543;80.0;78.9;12.4
80;2021-11-30;133;149;4975;456148;449962;75518;80.1;79.0;13.3
80;2021-12-01;120;180;4518;456268;450142;80036;80.1;79.0;14.0
80;2021-12-02;162;97;5893;456430;450239;85929;80.1;79.0;15.1
80;2021-12-03;188;230;7103;456618;450469;93032;80.1;79.1;16.3
80;2021-12-04;160;155;6467;456778;450624;99499;80.2;79.1;17.5
80;2021-12-05;39;44;1572;456817;450668;101071;80.2;79.1;17.7
80;2021-12-06;104;138;4266;456921;450806;105337;80.2;79.1;18.5
80;2021-12-07;113;139;6554;457034;450945;111891;80.2;79.1;19.6
80;2021-12-08;139;185;6294;457173;451130;118185;80.2;79.2;20.7
80;2021-12-09;137;135;7001;457310;451265;125186;80.3;79.2;22.0
80;2021-12-10;157;249;8768;457467;451514;133954;80.3;79.2;23.5
80;2021-12-11;159;203;6633;457626;451717;140587;80.3;79.3;24.7
80;2021-12-12;42;33;2314;457668;451750;142901;80.3;79.3;25.1
80;2021-12-13;83;112;5043;457751;451862;147944;80.3;79.3;26.0
80;2021-12-14;170;183;7404;457921;452045;155348;80.4;79.3;27.3
80;2021-12-15;159;175;7084;458080;452220;162432;80.4;79.4;28.5
81;2020-12-27;0;0;0;0;0;0;0.0;0.0;0.0
81;2020-12-28;0;0;0;0;0;0;0.0;0.0;0.0
81;2020-12-29;0;0;0;0;0;0;0.0;0.0;0.0
81;2020-12-30;0;0;0;0;0;0;0.0;0.0;0.0
81;2020-12-31;1;1;0;1;1;0;0.0;0.0;0.0
81;2021-01-01;0;0;0;1;1;0;0.0;0.0;0.0
81;2021-01-02;0;0;0;1;1;0;0.0;0.0;0.0
81;2021-01-03;0;0;0;1;1;0;0.0;0.0;0.0
81;2021-01-04;1;0;0;2;1;0;0.0;0.0;0.0
81;2021-01-05;2;0;0;4;1;0;0.0;0.0;0.0
81;2021-01-06;7;0;0;11;1;0;0.0;0.0;0.0
81;2021-01-07;269;0;0;280;1;0;0.1;0.0;0.0
81;2021-01-08;311;1;0;591;2;0;0.2;0.0;0.0
81;2021-01-09;71;1;0;662;3;0;0.2;0.0;0.0
81;2021-01-10;4;0;0;666;3;0;0.2;0.0;0.0
81;2021-01-11;146;0;0;812;3;0;0.2;0.0;0.0
81;2021-01-12;250;0;0;1062;3;0;0.3;0.0;0.0
81;2021-01-13;268;1;0;1330;4;0;0.3;0.0;0.0
81;2021-01-14;970;7;0;2300;11;0;0.6;0.0;0.0
81;2021-01-15;572;4;0;2872;15;0;0.7;0.0;0.0
81;2021-01-16;79;2;0;2951;17;0;0.8;0.0;0.0
81;2021-01-17;3;0;0;2954;17;0;0.8;0.0;0.0
81;2021-01-18;566;2;0;3520;19;0;0.9;0.0;0.0
81;2021-01-19;708;5;0;4228;24;0;1.1;0.0;0.0
81;2021-01-20;813;3;0;5041;27;0;1.3;0.0;0.0
81;2021-01-21;1204;13;0;6245;40;0;1.6;0.0;0.0
81;2021-01-22;851;3;0;7096;43;0;1.8;0.0;0.0
81;2021-01-23;227;2;0;7323;45;0;1.9;0.0;0.0
81;2021-01-24;100;0;0;7423;45;0;1.9;0.0;0.0
81;2021-01-25;563;6;0;7986;51;0;2.1;0.0;0.0
81;2021-01-26;635;7;0;8621;58;0;2.2;0.0;0.0
81;2021-01-27;581;3;0;9202;61;0;2.4;0.0;0.0
81;2021-01-28;659;226;0;9861;287;0;2.5;0.1;0.0
81;2021-01-29;317;187;0;10178;474;0;2.6;0.1;0.0
81;2021-01-30;197;38;0;10375;512;0;2.7;0.1;0.0
81;2021-01-31;98;1;0;10473;513;0;2.7;0.1;0.0
81;2021-02-01;295;171;0;10768;684;0;2.8;0.2;0.0
81;2021-02-02;441;182;0;11209;866;0;2.9;0.2;0.0
81;2021-02-03;477;288;0;11686;1154;0;3.0;0.3;0.0
81;2021-02-04;1374;700;0;13060;1854;0;3.4;0.5;0.0
81;2021-02-05;822;325;0;13882;2179;0;3.6;0.6;0.0
81;2021-02-06;242;19;0;14124;2198;0;3.6;0.6;0.0
81;2021-02-07;97;1;0;14221;2199;0;3.7;0.6;0.0
81;2021-02-08;272;226;0;14493;2425;0;3.7;0.6;0.0
81;2021-02-09;430;273;0;14923;2698;0;3.8;0.7;0.0
81;2021-02-10;376;338;0;15299;3036;0;3.9;0.8;0.0
81;2021-02-11;657;481;0;15956;3517;0;4.1;0.9;0.0
81;2021-02-12;543;526;0;16499;4043;0;4.3;1.0;0.0
81;2021-02-13;196;163;0;16695;4206;0;4.3;1.1;0.0
81;2021-02-14;93;1;0;16788;4207;0;4.3;1.1;0.0
81;2021-02-15;236;453;0;17024;4660;0;4.4;1.2;0.0
81;2021-02-16;290;636;0;17314;5296;0;4.5;1.4;0.0
81;2021-02-17;248;545;0;17562;5841;0;4.5;1.5;0.0
81;2021-02-18;488;700;0;18050;6541;0;4.7;1.7;0.0
81;2021-02-19;570;432;0;18620;6973;0;4.8;1.8;0.0
81;2021-02-20;317;279;0;18937;7252;0;4.9;1.9;0.0
81;2021-02-21;22;81;0;18959;7333;0;4.9;1.9;0.0
81;2021-02-22;232;538;0;19191;7871;0;4.9;2.0;0.0
81;2021-02-23;185;593;0;19376;8464;0;5.0;2.2;0.0
81;2021-02-24;298;667;0;19674;9131;0;5.1;2.4;0.0
81;2021-02-25;715;1018;0;20389;10149;0;5.3;2.6;0.0
81;2021-02-26;942;927;0;21331;11076;0;5.5;2.9;0.0
81;2021-02-27;283;234;0;21614;11310;0;5.6;2.9;0.0
81;2021-02-28;18;85;0;21632;11395;0;5.6;2.9;0.0
81;2021-03-01;233;416;0;21865;11811;0;5.6;3.0;0.0
81;2021-03-02;388;506;0;22253;12317;0;5.7;3.2;0.0
81;2021-03-03;485;443;0;22738;12760;0;5.9;3.3;0.0
81;2021-03-04;1118;458;0;23856;13218;0;6.2;3.4;0.0
81;2021-03-05;1403;409;0;25259;13627;0;6.5;3.5;0.0
81;2021-03-06;1009;164;0;26268;13791;0;6.8;3.6;0.0
81;2021-03-07;189;92;0;26457;13883;0;6.8;3.6;0.0
81;2021-03-08;484;359;0;26941;14242;0;6.9;3.7;0.0
81;2021-03-09;827;361;0;27768;14603;0;7.2;3.8;0.0
81;2021-03-10;926;398;0;28694;15001;0;7.4;3.9;0.0
81;2021-03-11;1380;371;0;30074;15372;0;7.8;4.0;0.0
81;2021-03-12;1725;322;0;31799;15694;0;8.2;4.0;0.0
81;2021-03-13;1062;199;0;32861;15893;0;8.5;4.1;0.0
81;2021-03-14;67;78;0;32928;15971;0;8.5;4.1;0.0
81;2021-03-15;1077;239;0;34005;16210;0;8.8;4.2;0.0
81;2021-03-16;737;250;0;34742;16460;0;9.0;4.2;0.0
81;2021-03-17;851;282;0;35593;16742;0;9.2;4.3;0.0
81;2021-03-18;967;571;0;36560;17313;0;9.4;4.5;0.0
81;2021-03-19;1294;472;0;37854;17785;0;9.8;4.6;0.0
81;2021-03-20;698;285;0;38552;18070;0;9.9;4.7;0.0
81;2021-03-21;142;22;0;38694;18092;0;10.0;4.7;0.0
81;2021-03-22;949;285;0;39643;18377;0;10.2;4.7;0.0
81;2021-03-23;1461;231;0;41104;18608;0;10.6;4.8;0.0
81;2021-03-24;1675;297;0;42779;18905;0;11.0;4.9;0.0
81;2021-03-25;2124;362;0;44903;19267;0;11.6;5.0;0.0
81;2021-03-26;2155;301;0;47058;19568;0;12.1;5.0;0.0
81;2021-03-27;1145;42;0;48203;19610;0;12.4;5.1;0.0
81;2021-03-28;716;41;0;48919;19651;0;12.6;5.1;0.0
81;2021-03-29;2793;186;0;51712;19837;0;13.3;5.1;0.0
81;2021-03-30;3088;240;0;54800;20077;0;14.1;5.2;0.0
81;2021-03-31;2694;282;0;57494;20359;0;14.8;5.2;0.0
81;2021-04-01;3324;569;0;60818;20928;0;15.7;5.4;0.0
81;2021-04-02;2657;401;0;63475;21329;0;16.4;5.5;0.0
81;2021-04-03;1149;305;0;64624;21634;0;16.7;5.6;0.0
81;2021-04-04;1333;26;0;65957;21660;0;17.0;5.6;0.0
81;2021-04-05;711;20;0;66668;21680;0;17.2;5.6;0.0
81;2021-04-06;1649;526;0;68317;22206;0;17.6;5.7;0.0
81;2021-04-07;1859;566;0;70176;22772;0;18.1;5.9;0.0
81;2021-04-08;2657;822;0;72833;23594;0;18.8;6.1;0.0
81;2021-04-09;3040;480;0;75873;24074;0;19.6;6.2;0.0
81;2021-04-10;1472;504;0;77345;24578;0;19.9;6.3;0.0
81;2021-04-11;1236;71;0;78581;24649;0;20.3;6.4;0.0
81;2021-04-12;1305;676;0;79886;25325;0;20.6;6.5;0.0
81;2021-04-13;2526;810;0;82412;26135;0;21.2;6.7;0.0
81;2021-04-14;2469;839;0;84881;26974;0;21.9;7.0;0.0
81;2021-04-15;3127;1235;0;88008;28209;0;22.7;7.3;0.0
81;2021-04-16;2735;1100;0;90743;29309;0;23.4;7.6;0.0
81;2021-04-17;1252;338;0;91995;29647;0;23.7;7.6;0.0
81;2021-04-18;497;139;0;92492;29786;0;23.8;7.7;0.0
81;2021-04-19;929;822;0;93421;30608;0;24.1;7.9;0.0
81;2021-04-20;2247;1200;0;95668;31808;0;24.7;8.2;0.0
81;2021-04-21;2155;1065;0;97823;32873;0;25.2;8.5;0.0
81;2021-04-22;2762;1134;0;100585;34007;0;25.9;8.8;0.0
81;2021-04-23;2752;1024;0;103337;35031;0;26.6;9.0;0.0
81;2021-04-24;1258;771;0;104595;35802;0;27.0;9.2;0.0
81;2021-04-25;433;689;0;105028;36491;0;27.1;9.4;0.0
81;2021-04-26;1062;2330;0;106090;38821;0;27.3;10.0;0.0
81;2021-04-27;1516;2340;0;107606;41161;0;27.7;10.6;0.0
81;2021-04-28;1383;2397;0;108989;43558;0;28.1;11.2;0.0
81;2021-04-29;1747;2748;0;110736;46306;0;28.5;11.9;0.0
81;2021-04-30;1931;2322;0;112667;48628;0;29.0;12.5;0.0
81;2021-05-01;378;657;0;113045;49285;0;29.1;12.7;0.0
81;2021-05-02;302;1309;0;113347;50594;0;29.2;13.0;0.0
81;2021-05-03;1102;1205;0;114449;51799;0;29.5;13.4;0.0
81;2021-05-04;2442;1895;0;116891;53694;0;30.1;13.8;0.0
81;2021-05-05;1960;1944;0;118851;55638;0;30.6;14.3;0.0
81;2021-05-06;2658;3423;0;121509;59061;0;31.3;15.2;0.0
81;2021-05-07;1998;2968;0;123507;62029;0;31.8;16.0;0.0
81;2021-05-08;875;944;0;124382;62973;0;32.1;16.2;0.0
81;2021-05-09;572;1278;0;124954;64251;0;32.2;16.6;0.0
81;2021-05-10;838;1624;0;125792;65875;0;32.4;17.0;0.0
81;2021-05-11;1562;2538;0;127354;68413;0;32.8;17.6;0.0
81;2021-05-12;1520;2439;0;128874;70852;0;33.2;18.3;0.0
81;2021-05-13;1167;567;0;130041;71419;0;33.5;18.4;0.0
81;2021-05-14;1801;1660;0;131842;73079;0;34.0;18.8;0.0
81;2021-05-15;1397;596;0;133239;73675;0;34.3;19.0;0.0
81;2021-05-16;1159;384;0;134398;74059;0;34.6;19.1;0.0
81;2021-05-17;1067;884;0;135465;74943;0;34.9;19.3;0.0
81;2021-05-18;1617;1446;0;137082;76389;0;35.3;19.7;0.0
81;2021-05-19;2480;1229;0;139562;77618;0;36.0;20.0;0.0
81;2021-05-20;2768;1348;0;142330;78966;0;36.7;20.4;0.0
81;2021-05-21;2510;1150;0;144840;80116;0;37.3;20.7;0.0
81;2021-05-22;2323;506;0;147163;80622;0;37.9;20.8;0.0
81;2021-05-23;995;72;0;148158;80694;0;38.2;20.8;0.0
81;2021-05-24;678;89;0;148836;80783;0;38.4;20.8;0.0
81;2021-05-25;2223;1072;0;151059;81855;0;38.9;21.1;0.0
81;2021-05-26;1661;851;0;152720;82706;0;39.4;21.3;0.0
81;2021-05-27;2276;1581;0;154996;84287;0;40.0;21.7;0.0
81;2021-05-28;2264;1701;0;157260;85988;0;40.5;22.2;0.0
81;2021-05-29;1211;551;0;158471;86539;0;40.9;22.3;0.0
81;2021-05-30;756;199;0;159227;86738;0;41.0;22.4;0.0
81;2021-05-31;1055;1338;0;160282;88076;0;41.3;22.7;0.0
81;2021-06-01;1699;2612;0;161981;90688;0;41.8;23.4;0.0
81;2021-06-02;1866;2360;0;163847;93048;0;42.2;24.0;0.0
81;2021-06-03;1882;2507;0;165729;95555;0;42.7;24.6;0.0
81;2021-06-04;1922;2855;0;167651;98410;0;43.2;25.4;0.0
81;2021-06-05;1466;1224;0;169117;99634;0;43.6;25.7;0.0
81;2021-06-06;461;356;0;169578;99990;0;43.7;25.8;0.0
81;2021-06-07;1192;1510;0;170770;101500;0;44.0;26.2;0.0
81;2021-06-08;2281;2291;0;173051;103791;0;44.6;26.8;0.0
81;2021-06-09;2346;1781;0;175397;105572;0;45.2;27.2;0.0
81;2021-06-10;1315;1522;0;176712;107094;0;45.6;27.6;0.0
81;2021-06-11;2519;2127;0;179231;109221;0;46.2;28.2;0.0
81;2021-06-12;1578;1009;0;180809;110230;0;46.6;28.4;0.0
81;2021-06-13;514;493;0;181323;110723;0;46.7;28.5;0.0
81;2021-06-14;841;1416;0;182164;112139;0;47.0;28.9;0.0
81;2021-06-15;1655;3357;0;183819;115496;0;47.4;29.8;0.0
81;2021-06-16;1304;2846;0;185123;118342;0;47.7;30.5;0.0
81;2021-06-17;1359;2476;0;186482;120818;0;48.1;31.1;0.0
81;2021-06-18;1862;2632;0;188344;123450;0;48.6;31.8;0.0
81;2021-06-19;883;970;0;189227;124420;0;48.8;32.1;0.0
81;2021-06-20;446;475;0;189673;124895;0;48.9;32.2;0.0
81;2021-06-21;471;1086;0;190144;125981;0;49.0;32.5;0.0
81;2021-06-22;1099;2388;0;191243;128369;0;49.3;33.1;0.0
81;2021-06-23;1143;2059;0;192386;130428;0;49.6;33.6;0.0
81;2021-06-24;1142;1844;0;193528;132272;0;49.9;34.1;0.0
81;2021-06-25;1202;2675;0;194730;134947;0;50.2;34.8;0.0
81;2021-06-26;739;1564;0;195469;136511;0;50.4;35.2;0.0
81;2021-06-27;542;1403;0;196011;137914;0;50.5;35.6;0.0
81;2021-06-28;508;1476;0;196519;139390;0;50.7;35.9;0.0
81;2021-06-29;1056;2495;0;197575;141885;0;50.9;36.6;0.0
81;2021-06-30;1021;2958;0;198596;144843;0;51.2;37.3;0.0
81;2021-07-01;914;2503;0;199510;147346;0;51.4;38.0;0.0
81;2021-07-02;1039;2804;0;200549;150150;0;51.7;38.7;0.0
81;2021-07-03;730;2407;0;201279;152557;0;51.9;39.3;0.0
81;2021-07-04;297;912;0;201576;153469;0;52.0;39.6;0.0
81;2021-07-05;751;1535;0;202327;155004;0;52.2;40.0;0.0
81;2021-07-06;994;2985;0;203321;157989;0;52.4;40.7;0.0
81;2021-07-07;1053;2289;0;204374;160278;0;52.7;41.3;0.0
81;2021-07-08;1016;2153;0;205390;162431;0;52.9;41.9;0.0
81;2021-07-09;1175;2599;0;206565;165030;0;53.3;42.5;0.0
81;2021-07-10;788;1423;0;207353;166453;0;53.5;42.9;0.0
81;2021-07-11;449;921;0;207802;167374;0;53.6;43.1;0.0
81;2021-07-12;782;1649;0;208584;169023;0;53.8;43.6;0.0
81;2021-07-13;2005;2953;0;210589;171976;0;54.3;44.3;0.0
81;2021-07-14;1454;1439;0;212043;173415;0;54.7;44.7;0.0
81;2021-07-15;2454;2717;0;214497;176132;0;55.3;45.4;0.0
81;2021-07-16;2098;2933;0;216595;179065;0;55.8;46.2;0.0
81;2021-07-17;1313;2316;0;217908;181381;0;56.2;46.8;0.0
81;2021-07-18;730;1147;0;218638;182528;0;56.4;47.1;0.0
81;2021-07-19;1171;1755;0;219809;184283;0;56.7;47.5;0.0
81;2021-07-20;2753;2686;0;222562;186969;0;57.4;48.2;0.0
81;2021-07-21;3204;2272;0;225766;189241;0;58.2;48.8;0.0
81;2021-07-22;3210;2047;0;228976;191288;0;59.0;49.3;0.0
81;2021-07-23;2923;3132;0;231899;194420;0;59.8;50.1;0.0
81;2021-07-24;2439;1692;0;234338;196112;0;60.4;50.6;0.0
81;2021-07-25;1555;738;0;235893;196850;0;60.8;50.7;0.0
81;2021-07-26;1871;1544;0;237764;198394;0;61.3;51.1;0.0
81;2021-07-27;3234;2381;0;240998;200775;0;62.1;51.8;0.0
81;2021-07-28;2877;2097;0;243875;202872;0;62.9;52.3;0.0
81;2021-07-29;3134;1755;0;247009;204627;0;63.7;52.8;0.0
81;2021-07-30;2671;2214;0;249680;206841;0;64.4;53.3;0.0
81;2021-07-31;1824;1012;0;251504;207853;0;64.8;53.6;0.0
81;2021-08-01;811;640;0;252315;208493;0;65.0;53.7;0.0
81;2021-08-02;1155;1044;0;253470;209537;0;65.3;54.0;0.0
81;2021-08-03;2216;2017;0;255686;211554;0;65.9;54.5;0.0
81;2021-08-04;1962;1502;0;257648;213056;0;66.4;54.9;0.0
81;2021-08-05;1482;1815;0;259130;214871;0;66.8;55.4;0.0
81;2021-08-06;1650;1981;0;260780;216852;0;67.2;55.9;0.0
81;2021-08-07;959;1086;0;261739;217938;0;67.5;56.2;0.0
81;2021-08-08;428;752;0;262167;218690;0;67.6;56.4;0.0
81;2021-08-09;814;795;0;262981;219485;0;67.8;56.6;0.0
81;2021-08-10;1535;2544;0;264516;222029;0;68.2;57.2;0.0
81;2021-08-11;1109;2344;0;265625;224373;0;68.5;57.8;0.0
81;2021-08-12;1068;2154;0;266693;226527;0;68.8;58.4;0.0
81;2021-08-13;906;2345;0;267599;228872;0;69.0;59.0;0.0
81;2021-08-14;519;1753;0;268118;230625;0;69.1;59.5;0.0
81;2021-08-15;185;1045;0;268303;231670;0;69.2;59.7;0.0
81;2021-08-16;683;1727;0;268986;233397;0;69.3;60.2;0.0
81;2021-08-17;1283;2915;0;270269;236312;0;69.7;60.9;0.0
81;2021-08-18;1020;2296;0;271289;238608;0;69.9;61.5;0.0
81;2021-08-19;924;2182;0;272213;240790;0;70.2;62.1;0.0
81;2021-08-20;913;2254;0;273126;243044;0;70.4;62.7;0.0
81;2021-08-21;489;1575;0;273615;244619;0;70.5;63.1;0.0
81;2021-08-22;215;956;0;273830;245575;0;70.6;63.3;0.0
81;2021-08-23;501;1330;0;274331;246905;0;70.7;63.7;0.0
81;2021-08-24;793;2463;0;275124;249368;0;70.9;64.3;0.0
81;2021-08-25;717;2057;0;275841;251425;0;71.1;64.8;0.0
81;2021-08-26;869;2041;0;276710;253466;0;71.3;65.3;0.0
81;2021-08-27;828;2114;0;277538;255580;0;71.5;65.9;0.0
81;2021-08-28;469;1422;0;278007;257002;0;71.7;66.3;0.0
81;2021-08-29;177;845;0;278184;257847;0;71.7;66.5;0.0
81;2021-08-30;427;1128;26;278611;258975;26;71.8;66.8;0.0
81;2021-08-31;787;1955;91;279398;260930;117;72.0;67.3;0.0
81;2021-09-01;694;1225;171;280092;262155;288;72.2;67.6;0.1
81;2021-09-02;577;1006;207;280669;263161;495;72.4;67.8;0.1
81;2021-09-03;587;1274;193;281256;264435;688;72.5;68.2;0.2
81;2021-09-04;499;898;72;281755;265333;760;72.6;68.4;0.2
81;2021-09-05;119;248;24;281874;265581;784;72.7;68.5;0.2
81;2021-09-06;301;537;197;282175;266118;981;72.7;68.6;0.3
81;2021-09-07;395;1051;268;282570;267169;1249;72.8;68.9;0.3
81;2021-09-08;423;1080;192;282993;268249;1441;73.0;69.2;0.4
81;2021-09-09;383;801;227;283376;269050;1668;73.1;69.4;0.4
81;2021-09-10;409;957;269;283785;270007;1937;73.2;69.6;0.5
81;2021-09-11;396;881;75;284181;270888;2012;73.3;69.8;0.5
81;2021-09-12;80;239;30;284261;271127;2042;73.3;69.9;0.5
81;2021-09-13;241;473;274;284502;271600;2316;73.3;70.0;0.6
81;2021-09-14;490;683;452;284992;272283;2768;73.5;70.2;0.7
81;2021-09-15;445;788;480;285437;273071;3248;73.6;70.4;0.8
81;2021-09-16;346;537;387;285783;273608;3635;73.7;70.5;0.9
81;2021-09-17;431;796;355;286214;274404;3990;73.8;70.7;1.0
81;2021-09-18;267;672;136;286481;275076;4126;73.9;70.9;1.1
81;2021-09-19;57;169;17;286538;275245;4143;73.9;71.0;1.1
81;2021-09-20;136;311;223;286674;275556;4366;73.9;71.0;1.1
81;2021-09-21;263;550;531;286937;276106;4897;74.0;71.2;1.3
81;2021-09-22;201;676;395;287138;276782;5292;74.0;71.4;1.4
81;2021-09-23;162;502;471;287300;277284;5763;74.1;71.5;1.5
81;2021-09-24;298;686;470;287598;277970;6233;74.1;71.7;1.6
81;2021-09-25;168;686;99;287766;278656;6332;74.2;71.8;1.6
81;2021-09-26;34;137;22;287800;278793;6354;74.2;71.9;1.6
81;2021-09-27;137;277;246;287937;279070;6600;74.2;71.9;1.7
81;2021-09-28;179;356;271;288116;279426;6871;74.3;72.0;1.8
81;2021-09-29;233;499;268;288349;279925;7139;74.3;72.2;1.8
81;2021-09-30;150;301;336;288499;280226;7475;74.4;72.2;1.9
81;2021-10-01;289;456;338;288788;280682;7813;74.4;72.4;2.0
81;2021-10-02;198;422;157;288986;281104;7970;74.5;72.5;2.1
81;2021-10-03;52;106;23;289038;281210;7993;74.5;72.5;2.1
81;2021-10-04;111;211;209;289149;281421;8202;74.5;72.6;2.1
81;2021-10-05;150;333;454;289299;281754;8656;74.6;72.6;2.2
81;2021-10-06;215;460;432;289514;282214;9088;74.6;72.8;2.3
81;2021-10-07;153;313;540;289667;282527;9628;74.7;72.8;2.5
81;2021-10-08;209;500;793;289876;283027;10421;74.7;73.0;2.7
81;2021-10-09;151;322;102;290027;283349;10523;74.8;73.0;2.7
81;2021-10-10;46;69;45;290073;283418;10568;74.8;73.1;2.7
81;2021-10-11;135;216;357;290208;283634;10925;74.8;73.1;2.8
81;2021-10-12;131;240;504;290339;283874;11429;74.8;73.2;2.9
81;2021-10-13;208;307;266;290547;284181;11695;74.9;73.3;3.0
81;2021-10-14;136;246;465;290683;284427;12160;74.9;73.3;3.1
81;2021-10-15;257;355;925;290940;284782;13085;75.0;73.4;3.4
81;2021-10-16;190;199;119;291130;284981;13204;75.1;73.5;3.4
81;2021-10-17;3;8;1;291133;284989;13205;75.1;73.5;3.4
81;2021-10-18;105;139;308;291238;285128;13513;75.1;73.5;3.5
81;2021-10-19;142;196;477;291380;285324;13990;75.1;73.6;3.6
81;2021-10-20;175;245;507;291555;285569;14497;75.2;73.6;3.7
81;2021-10-21;114;187;615;291669;285756;15112;75.2;73.7;3.9
81;2021-10-22;194;330;670;291863;286086;15782;75.2;73.8;4.1
81;2021-10-23;122;216;205;291985;286302;15987;75.3;73.8;4.1
81;2021-10-24;43;62;86;292028;286364;16073;75.3;73.8;4.1
81;2021-10-25;127;143;507;292155;286507;16580;75.3;73.9;4.3
81;2021-10-26;104;119;706;292259;286626;17286;75.3;73.9;4.5
81;2021-10-27;105;139;500;292364;286765;17786;75.4;73.9;4.6
81;2021-10-28;69;121;656;292433;286886;18442;75.4;74.0;4.8
81;2021-10-29;145;186;795;292578;287072;19237;75.4;74.0;5.0
81;2021-10-30;133;208;961;292711;287280;20198;75.5;74.1;5.2
81;2021-10-31;38;48;118;292749;287328;20316;75.5;74.1;5.2
81;2021-11-01;6;3;0;292755;287331;20316;75.5;74.1;5.2
81;2021-11-02;109;158;708;292864;287489;21024;75.5;74.1;5.4
81;2021-11-03;190;286;1050;293054;287775;22074;75.5;74.2;5.7
81;2021-11-04;120;135;922;293174;287910;22996;75.6;74.2;5.9
81;2021-11-05;162;238;1177;293336;288148;24173;75.6;74.3;6.2
81;2021-11-06;113;191;449;293449;288339;24622;75.7;74.3;6.3
81;2021-11-07;45;50;109;293494;288389;24731;75.7;74.3;6.4
81;2021-11-08;71;97;553;293565;288486;25284;75.7;74.4;6.5
81;2021-11-09;107;173;1639;293672;288659;26923;75.7;74.4;6.9
81;2021-11-10;208;244;1621;293880;288903;28544;75.8;74.5;7.4
81;2021-11-11;3;5;54;293883;288908;28598;75.8;74.5;7.4
81;2021-11-12;128;183;1195;294011;289091;29793;75.8;74.5;7.7
81;2021-11-13;118;161;602;294129;289252;30395;75.8;74.6;7.8
81;2021-11-14;21;51;138;294150;289303;30533;75.8;74.6;7.9
81;2021-11-15;121;103;1286;294271;289406;31819;75.9;74.6;8.2
81;2021-11-16;127;178;1959;294398;289584;33778;75.9;74.7;8.7
81;2021-11-17;89;153;995;294487;289737;34773;75.9;74.7;9.0
81;2021-11-18;109;151;1488;294596;289888;36261;75.9;74.7;9.3
81;2021-11-19;125;131;1536;294721;290019;37797;76.0;74.8;9.7
81;2021-11-20;61;85;337;294782;290104;38134;76.0;74.8;9.8
81;2021-11-21;122;112;634;294904;290216;38768;76.0;74.8;10.0
81;2021-11-22;52;41;810;294956;290257;39578;76.0;74.8;10.2
81;2021-11-23;175;129;2682;295131;290386;42260;76.1;74.9;10.9
81;2021-11-24;224;194;1935;295355;290580;44195;76.1;74.9;11.4
81;2021-11-25;141;111;2212;295496;290691;46407;76.2;74.9;12.0
81;2021-11-26;220;201;3185;295716;290892;49592;76.2;75.0;12.8
81;2021-11-27;169;173;1541;295885;291065;51133;76.3;75.0;13.2
81;2021-11-28;38;51;842;295923;291116;51975;76.3;75.0;13.4
81;2021-11-29;62;69;1255;295985;291185;53230;76.3;75.1;13.7
81;2021-11-30;140;130;4130;296125;291315;57360;76.3;75.1;14.8
81;2021-12-01;128;166;3101;296253;291481;60461;76.4;75.1;15.6
81;2021-12-02;103;70;3597;296356;291551;64058;76.4;75.2;16.5
81;2021-12-03;86;130;3712;296442;291681;67770;76.4;75.2;17.5
81;2021-12-04;75;75;1648;296517;291756;69418;76.4;75.2;17.9
81;2021-12-05;12;15;764;296529;291771;70182;76.4;75.2;18.1
81;2021-12-06;92;72;2935;296621;291843;73117;76.5;75.2;18.8
81;2021-12-07;113;134;4846;296734;291977;77963;76.5;75.3;20.1
81;2021-12-08;140;227;3780;296874;292204;81743;76.5;75.3;21.1
81;2021-12-09;116;121;4327;296990;292325;86070;76.6;75.4;22.2
81;2021-12-10;122;154;4611;297112;292479;90681;76.6;75.4;23.4
81;2021-12-11;81;89;2409;297193;292568;93090;76.6;75.4;24.0
81;2021-12-12;36;21;1011;297229;292589;94101;76.6;75.4;24.3
81;2021-12-13;92;77;3232;297321;292666;97333;76.6;75.4;25.1
81;2021-12-14;146;204;5624;297467;292870;102957;76.7;75.5;26.5
81;2021-12-15;161;258;4377;297628;293128;107334;76.7;75.6;27.7
82;2020-12-27;0;0;0;0;0;0;0.0;0.0;0.0
82;2020-12-28;1;0;0;1;0;0;0.0;0.0;0.0
82;2020-12-29;0;0;0;1;0;0;0.0;0.0;0.0
82;2020-12-30;0;0;0;1;0;0;0.0;0.0;0.0
82;2020-12-31;0;0;0;1;0;0;0.0;0.0;0.0
82;2021-01-01;0;0;0;1;0;0;0.0;0.0;0.0
82;2021-01-02;0;0;0;1;0;0;0.0;0.0;0.0
82;2021-01-03;0;0;0;1;0;0;0.0;0.0;0.0
82;2021-01-04;0;0;0;1;0;0;0.0;0.0;0.0
82;2021-01-05;78;0;0;79;0;0;0.0;0.0;0.0
82;2021-01-06;4;0;0;83;0;0;0.0;0.0;0.0
82;2021-01-07;68;0;0;151;0;0;0.1;0.0;0.0
82;2021-01-08;61;0;0;212;0;0;0.1;0.0;0.0
82;2021-01-09;75;0;0;287;0;0;0.1;0.0;0.0
82;2021-01-10;2;0;0;289;0;0;0.1;0.0;0.0
82;2021-01-11;102;0;0;391;0;0;0.1;0.0;0.0
82;2021-01-12;286;0;0;677;0;0;0.3;0.0;0.0
82;2021-01-13;324;1;0;1001;1;0;0.4;0.0;0.0
82;2021-01-14;416;5;0;1417;6;0;0.5;0.0;0.0
82;2021-01-15;602;3;0;2019;9;0;0.8;0.0;0.0
82;2021-01-16;214;3;0;2233;12;0;0.9;0.0;0.0
82;2021-01-17;89;0;0;2322;12;0;0.9;0.0;0.0
82;2021-01-18;415;0;0;2737;12;0;1.0;0.0;0.0
82;2021-01-19;478;1;0;3215;13;0;1.2;0.0;0.0
82;2021-01-20;643;5;0;3858;18;0;1.5;0.0;0.0
82;2021-01-21;449;2;0;4307;20;0;1.6;0.0;0.0
82;2021-01-22;465;2;0;4772;22;0;1.8;0.0;0.0
82;2021-01-23;159;0;0;4931;22;0;1.9;0.0;0.0
82;2021-01-24;2;0;0;4933;22;0;1.9;0.0;0.0
82;2021-01-25;365;0;0;5298;22;0;2.0;0.0;0.0
82;2021-01-26;446;0;0;5744;22;0;2.2;0.0;0.0
82;2021-01-27;508;5;0;6252;27;0;2.4;0.0;0.0
82;2021-01-28;544;34;0;6796;61;0;2.6;0.0;0.0
82;2021-01-29;387;102;0;7183;163;0;2.7;0.1;0.0
82;2021-01-30;57;24;0;7240;187;0;2.8;0.1;0.0
82;2021-01-31;4;2;0;7244;189;0;2.8;0.1;0.0
82;2021-02-01;289;76;0;7533;265;0;2.9;0.1;0.0
82;2021-02-02;360;116;0;7893;381;0;3.0;0.1;0.0
82;2021-02-03;430;81;0;8323;462;0;3.2;0.2;0.0
82;2021-02-04;729;206;0;9052;668;0;3.4;0.3;0.0
82;2021-02-05;456;150;0;9508;818;0;3.6;0.3;0.0
82;2021-02-06;89;37;0;9597;855;0;3.7;0.3;0.0
82;2021-02-07;30;71;0;9627;926;0;3.7;0.4;0.0
82;2021-02-08;151;224;0;9778;1150;0;3.7;0.4;0.0
82;2021-02-09;220;381;0;9998;1531;0;3.8;0.6;0.0
82;2021-02-10;259;575;0;10257;2106;0;3.9;0.8;0.0
82;2021-02-11;221;379;0;10478;2485;0;4.0;0.9;0.0
82;2021-02-12;191;573;0;10669;3058;0;4.1;1.2;0.0
82;2021-02-13;59;119;0;10728;3177;0;4.1;1.2;0.0
82;2021-02-14;6;86;0;10734;3263;0;4.1;1.2;0.0
82;2021-02-15;219;306;0;10953;3569;0;4.2;1.4;0.0
82;2021-02-16;266;381;0;11219;3950;0;4.3;1.5;0.0
82;2021-02-17;328;514;0;11547;4464;0;4.4;1.7;0.0
82;2021-02-18;458;485;0;12005;4949;0;4.6;1.9;0.0
82;2021-02-19;439;513;0;12444;5462;0;4.7;2.1;0.0
82;2021-02-20;68;141;0;12512;5603;0;4.8;2.1;0.0
82;2021-02-21;3;0;0;12515;5603;0;4.8;2.1;0.0
82;2021-02-22;190;388;0;12705;5991;0;4.8;2.3;0.0
82;2021-02-23;268;453;0;12973;6444;0;4.9;2.5;0.0
82;2021-02-24;266;439;0;13239;6883;0;5.0;2.6;0.0
82;2021-02-25;581;497;0;13820;7380;0;5.3;2.8;0.0
82;2021-02-26;600;380;0;14420;7760;0;5.5;3.0;0.0
82;2021-02-27;206;74;0;14626;7834;0;5.6;3.0;0.0
82;2021-02-28;33;8;0;14659;7842;0;5.6;3.0;0.0
82;2021-03-01;257;212;0;14916;8054;0;5.7;3.1;0.0
82;2021-03-02;477;400;0;15393;8454;0;5.9;3.2;0.0
82;2021-03-03;405;361;0;15798;8815;0;6.0;3.4;0.0
82;2021-03-04;565;302;0;16363;9117;0;6.2;3.5;0.0
82;2021-03-05;667;369;0;17030;9486;0;6.5;3.6;0.0
82;2021-03-06;675;54;0;17705;9540;0;6.7;3.6;0.0
82;2021-03-07;318;6;0;18023;9546;0;6.9;3.6;0.0
82;2021-03-08;568;150;0;18591;9696;0;7.1;3.7;0.0
82;2021-03-09;563;245;0;19154;9941;0;7.3;3.8;0.0
82;2021-03-10;737;232;0;19891;10173;0;7.6;3.9;0.0
82;2021-03-11;923;274;0;20814;10447;0;7.9;4.0;0.0
82;2021-03-12;951;115;0;21765;10562;0;8.3;4.0;0.0
82;2021-03-13;548;53;0;22313;10615;0;8.5;4.0;0.0
82;2021-03-14;63;5;0;22376;10620;0;8.5;4.0;0.0
82;2021-03-15;488;309;0;22864;10929;0;8.7;4.2;0.0
82;2021-03-16;214;307;0;23078;11236;0;8.8;4.3;0.0
82;2021-03-17;200;259;0;23278;11495;0;8.9;4.4;0.0
82;2021-03-18;279;326;0;23557;11821;0;9.0;4.5;0.0
82;2021-03-19;508;279;0;24065;12100;0;9.2;4.6;0.0
82;2021-03-20;248;59;0;24313;12159;0;9.3;4.6;0.0
82;2021-03-21;27;0;0;24340;12159;0;9.3;4.6;0.0
82;2021-03-22;410;281;0;24750;12440;0;9.4;4.7;0.0
82;2021-03-23;574;276;0;25324;12716;0;9.6;4.8;0.0
82;2021-03-24;621;298;0;25945;13014;0;9.9;5.0;0.0
82;2021-03-25;915;241;0;26860;13255;0;10.2;5.0;0.0
82;2021-03-26;1113;257;0;27973;13512;0;10.7;5.1;0.0
82;2021-03-27;421;83;0;28394;13595;0;10.8;5.2;0.0
82;2021-03-28;141;3;0;28535;13598;0;10.9;5.2;0.0
82;2021-03-29;783;344;0;29318;13942;0;11.2;5.3;0.0
82;2021-03-30;1078;266;0;30396;14208;0;11.6;5.4;0.0
82;2021-03-31;911;228;0;31307;14436;0;11.9;5.5;0.0
82;2021-04-01;1014;177;0;32321;14613;0;12.3;5.6;0.0
82;2021-04-02;1127;259;0;33448;14872;0;12.7;5.7;0.0
82;2021-04-03;596;125;0;34044;14997;0;13.0;5.7;0.0
82;2021-04-04;248;15;0;34292;15012;0;13.1;5.7;0.0
82;2021-04-05;329;16;0;34621;15028;0;13.2;5.7;0.0
82;2021-04-06;870;473;0;35491;15501;0;13.5;5.9;0.0
82;2021-04-07;944;443;0;36435;15944;0;13.9;6.1;0.0
82;2021-04-08;1383;401;0;37818;16345;0;14.4;6.2;0.0
82;2021-04-09;1526;454;0;39344;16799;0;15.0;6.4;0.0
82;2021-04-10;1502;92;0;40846;16891;0;15.6;6.4;0.0
82;2021-04-11;487;24;0;41333;16915;0;15.7;6.4;0.0
82;2021-04-12;1211;293;0;42544;17208;0;16.2;6.6;0.0
82;2021-04-13;1546;290;0;44090;17498;0;16.8;6.7;0.0
82;2021-04-14;1374;286;0;45464;17784;0;17.3;6.8;0.0
82;2021-04-15;1705;326;0;47169;18110;0;18.0;6.9;0.0
82;2021-04-16;1462;339;0;48631;18449;0;18.5;7.0;0.0
82;2021-04-17;1133;76;0;49764;18525;0;18.9;7.1;0.0
82;2021-04-18;507;16;0;50271;18541;0;19.1;7.1;0.0
82;2021-04-19;895;328;0;51166;18869;0;19.5;7.2;0.0
82;2021-04-20;1204;373;0;52370;19242;0;19.9;7.3;0.0
82;2021-04-21;1113;352;0;53483;19594;0;20.4;7.5;0.0
82;2021-04-22;1398;297;0;54881;19891;0;20.9;7.6;0.0
82;2021-04-23;1034;562;0;55915;20453;0;21.3;7.8;0.0
82;2021-04-24;1042;209;0;56957;20662;0;21.7;7.9;0.0
82;2021-04-25;635;46;0;57592;20708;0;21.9;7.9;0.0
82;2021-04-26;698;624;0;58290;21332;0;22.2;8.1;0.0
82;2021-04-27;902;837;0;59192;22169;0;22.5;8.4;0.0
82;2021-04-28;852;788;0;60044;22957;0;22.9;8.7;0.0
82;2021-04-29;1042;831;0;61086;23788;0;23.3;9.1;0.0
82;2021-04-30;1000;805;0;62086;24593;0;23.6;9.4;0.0
82;2021-05-01;1000;234;0;63086;24827;0;24.0;9.5;0.0
82;2021-05-02;609;136;0;63695;24963;0;24.3;9.5;0.0
82;2021-05-03;423;1035;0;64118;25998;0;24.4;9.9;0.0
82;2021-05-04;820;1051;0;64938;27049;0;24.7;10.3;0.0
82;2021-05-05;593;1087;0;65531;28136;0;25.0;10.7;0.0
82;2021-05-06;849;1340;0;66380;29476;0;25.3;11.2;0.0
82;2021-05-07;786;1322;0;67166;30798;0;25.6;11.7;0.0
82;2021-05-08;830;482;0;67996;31280;0;25.9;11.9;0.0
82;2021-05-09;629;504;0;68625;31784;0;26.1;12.1;0.0
82;2021-05-10;665;1234;0;69290;33018;0;26.4;12.6;0.0
82;2021-05-11;1072;1277;0;70362;34295;0;26.8;13.1;0.0
82;2021-05-12;837;1255;0;71199;35550;0;27.1;13.5;0.0
82;2021-05-13;1215;406;0;72414;35956;0;27.6;13.7;0.0
82;2021-05-14;1306;1144;0;73720;37100;0;28.1;14.1;0.0
82;2021-05-15;1384;624;0;75104;37724;0;28.6;14.4;0.0
82;2021-05-16;497;114;0;75601;37838;0;28.8;14.4;0.0
82;2021-05-17;852;1071;0;76453;38909;0;29.1;14.8;0.0
82;2021-05-18;1313;1086;0;77766;39995;0;29.6;15.2;0.0
82;2021-05-19;1041;880;0;78807;40875;0;30.0;15.6;0.0
82;2021-05-20;1338;1096;0;80145;41971;0;30.5;16.0;0.0
82;2021-05-21;1125;1119;0;81270;43090;0;30.9;16.4;0.0
82;2021-05-22;1436;534;0;82706;43624;0;31.5;16.6;0.0
82;2021-05-23;579;99;0;83285;43723;0;31.7;16.6;0.0
82;2021-05-24;1082;224;0;84367;43947;0;32.1;16.7;0.0
82;2021-05-25;1308;896;0;85675;44843;0;32.6;17.1;0.0
82;2021-05-26;1146;842;0;86821;45685;0;33.1;17.4;0.0
82;2021-05-27;1254;976;0;88075;46661;0;33.5;17.8;0.0
82;2021-05-28;1252;1080;0;89327;47741;0;34.0;18.2;0.0
82;2021-05-29;1121;512;0;90448;48253;0;34.4;18.4;0.0
82;2021-05-30;283;101;0;90731;48354;0;34.5;18.4;0.0
82;2021-05-31;1206;923;0;91937;49277;0;35.0;18.8;0.0
82;2021-06-01;1503;997;0;93440;50274;0;35.6;19.1;0.0
82;2021-06-02;1209;928;0;94649;51202;0;36.0;19.5;0.0
82;2021-06-03;1350;1160;0;95999;52362;0;36.6;19.9;0.0
82;2021-06-04;1882;1206;0;97881;53568;0;37.3;20.4;0.0
82;2021-06-05;1541;864;0;99422;54432;0;37.9;20.7;0.0
82;2021-06-06;295;126;0;99717;54558;0;38.0;20.8;0.0
82;2021-06-07;802;1169;0;100519;55727;0;38.3;21.2;0.0
82;2021-06-08;1353;1067;0;101872;56794;0;38.8;21.6;0.0
82;2021-06-09;1351;1050;0;103223;57844;0;39.3;22.0;0.0
82;2021-06-10;1352;1162;0;104575;59006;0;39.8;22.5;0.0
82;2021-06-11;1635;1032;0;106210;60038;0;40.4;22.9;0.0
82;2021-06-12;1696;1107;0;107906;61145;0;41.1;23.3;0.0
82;2021-06-13;360;119;0;108266;61264;0;41.2;23.3;0.0
82;2021-06-14;1116;1005;0;109382;62269;0;41.7;23.7;0.0
82;2021-06-15;1350;1145;0;110732;63414;0;42.2;24.1;0.0
82;2021-06-16;1472;1100;0;112204;64514;0;42.7;24.6;0.0
82;2021-06-17;1152;1382;0;113356;65896;0;43.2;25.1;0.0
82;2021-06-18;1332;1378;0;114688;67274;0;43.7;25.6;0.0
82;2021-06-19;1734;834;0;116422;68108;0;44.3;25.9;0.0
82;2021-06-20;268;162;0;116690;68270;0;44.4;26.0;0.0
82;2021-06-21;517;1127;0;117207;69397;0;44.6;26.4;0.0
82;2021-06-22;868;1553;0;118075;70950;0;45.0;27.0;0.0
82;2021-06-23;1140;1328;0;119215;72278;0;45.4;27.5;0.0
82;2021-06-24;721;1674;0;119936;73952;0;45.7;28.2;0.0
82;2021-06-25;761;1615;0;120697;75567;0;46.0;28.8;0.0
82;2021-06-26;1084;1652;0;121781;77219;0;46.4;29.4;0.0
82;2021-06-27;177;376;0;121958;77595;0;46.4;29.5;0.0
82;2021-06-28;359;1229;0;122317;78824;0;46.6;30.0;0.0
82;2021-06-29;522;1660;0;122839;80484;0;46.8;30.6;0.0
82;2021-06-30;883;1570;0;123722;82054;0;47.1;31.2;0.0
82;2021-07-01;657;1488;0;124379;83542;0;47.4;31.8;0.0
82;2021-07-02;950;1961;0;125329;85503;0;47.7;32.6;0.0
82;2021-07-03;810;1758;0;126139;87261;0;48.0;33.2;0.0
82;2021-07-04;147;396;0;126286;87657;0;48.1;33.4;0.0
82;2021-07-05;443;1385;0;126729;89042;0;48.3;33.9;0.0
82;2021-07-06;588;1687;0;127317;90729;0;48.5;34.5;0.0
82;2021-07-07;786;1492;0;128103;92221;0;48.8;35.1;0.0
82;2021-07-08;572;1402;0;128675;93623;0;49.0;35.6;0.0
82;2021-07-09;818;1831;0;129493;95454;0;49.3;36.3;0.0
82;2021-07-10;706;1780;0;130199;97234;0;49.6;37.0;0.0
82;2021-07-11;109;336;0;130308;97570;0;49.6;37.2;0.0
82;2021-07-12;594;1641;0;130902;99211;0;49.8;37.8;0.0
82;2021-07-13;848;1882;0;131750;101093;0;50.2;38.5;0.0
82;2021-07-14;699;578;0;132449;101671;0;50.4;38.7;0.0
82;2021-07-15;1052;1708;0;133501;103379;0;50.8;39.4;0.0
82;2021-07-16;1521;2394;0;135022;105773;0;51.4;40.3;0.0
82;2021-07-17;815;1847;0;135837;107620;0;51.7;41.0;0.0
82;2021-07-18;274;169;0;136111;107789;0;51.8;41.0;0.0
82;2021-07-19;932;1794;0;137043;109583;0;52.2;41.7;0.0
82;2021-07-20;1194;1864;0;138237;111447;0;52.6;42.4;0.0
82;2021-07-21;1540;1648;0;139777;113095;0;53.2;43.1;0.0
82;2021-07-22;1430;1764;0;141207;114859;0;53.8;43.7;0.0
82;2021-07-23;1370;2679;0;142577;117538;0;54.3;44.8;0.0
82;2021-07-24;1491;1404;0;144068;118942;0;54.9;45.3;0.0
82;2021-07-25;525;184;0;144593;119126;0;55.1;45.4;0.0
82;2021-07-26;1152;1824;0;145745;120950;0;55.5;46.1;0.0
82;2021-07-27;1615;1643;0;147360;122593;0;56.1;46.7;0.0
82;2021-07-28;1791;1425;0;149151;124018;0;56.8;47.2;0.0
82;2021-07-29;1628;1502;0;150779;125520;0;57.4;47.8;0.0
82;2021-07-30;1873;2212;0;152652;127732;0;58.1;48.6;0.0
82;2021-07-31;868;466;0;153520;128198;0;58.5;48.8;0.0
82;2021-08-01;426;139;0;153946;128337;0;58.6;48.9;0.0
82;2021-08-02;1452;874;0;155398;129211;0;59.2;49.2;0.0
82;2021-08-03;1687;883;0;157085;130094;0;59.8;49.5;0.0
82;2021-08-04;1652;999;0;158737;131093;0;60.4;49.9;0.0
82;2021-08-05;1694;761;0;160431;131854;0;61.1;50.2;0.0
82;2021-08-06;1252;812;0;161683;132666;0;61.6;50.5;0.0
82;2021-08-07;1132;1271;0;162815;133937;0;62.0;51.0;0.0
82;2021-08-08;306;237;0;163121;134174;0;62.1;51.1;0.0
82;2021-08-09;1209;1100;0;164330;135274;0;62.6;51.5;0.0
82;2021-08-10;1514;1088;0;165844;136362;0;63.2;51.9;0.0
82;2021-08-11;1363;1221;0;167207;137583;0;63.7;52.4;0.0
82;2021-08-12;1540;1091;0;168747;138674;0;64.3;52.8;0.0
82;2021-08-13;1407;1190;0;170154;139864;0;64.8;53.3;0.0
82;2021-08-14;498;779;0;170652;140643;0;65.0;53.6;0.0
82;2021-08-15;81;158;0;170733;140801;0;65.0;53.6;0.0
82;2021-08-16;835;1641;0;171568;142442;0;65.3;54.2;0.0
82;2021-08-17;1031;1431;0;172599;143873;0;65.7;54.8;0.0
82;2021-08-18;688;1107;0;173287;144980;0;66.0;55.2;0.0
82;2021-08-19;986;1282;0;174273;146262;0;66.4;55.7;0.0
82;2021-08-20;992;2019;0;175265;148281;0;66.7;56.5;0.0
82;2021-08-21;511;1131;0;175776;149412;0;66.9;56.9;0.0
82;2021-08-22;52;260;0;175828;149672;0;67.0;57.0;0.0
82;2021-08-23;737;1455;0;176565;151127;0;67.2;57.5;0.0
82;2021-08-24;857;1304;0;177422;152431;0;67.6;58.0;0.0
82;2021-08-25;768;1659;0;178190;154090;0;67.9;58.7;0.0
82;2021-08-26;603;1266;0;178793;155356;0;68.1;59.2;0.0
82;2021-08-27;823;1813;0;179616;157169;0;68.4;59.8;0.0
82;2021-08-28;240;954;0;179856;158123;0;68.5;60.2;0.0
82;2021-08-29;72;254;0;179928;158377;0;68.5;60.3;0.0
82;2021-08-30;396;1234;8;180324;159611;8;68.7;60.8;0.0
82;2021-08-31;381;1229;22;180705;160840;30;68.8;61.2;0.0
82;2021-09-01;675;1433;53;181380;162273;83;69.1;61.8;0.0
82;2021-09-02;406;1285;62;181786;163558;145;69.2;62.3;0.1
82;2021-09-03;520;1856;146;182306;165414;291;69.4;63.0;0.1
82;2021-09-04;408;958;45;182714;166372;336;69.6;63.4;0.1
82;2021-09-05;33;82;1;182747;166454;337;69.6;63.4;0.1
82;2021-09-06;362;1118;149;183109;167572;486;69.7;63.8;0.2
82;2021-09-07;227;890;92;183336;168462;578;69.8;64.1;0.2
82;2021-09-08;443;1173;90;183779;169635;668;70.0;64.6;0.3
82;2021-09-09;266;922;111;184045;170557;779;70.1;64.9;0.3
82;2021-09-10;484;1231;207;184529;171788;986;70.3;65.4;0.4
82;2021-09-11;244;590;53;184773;172378;1039;70.4;65.6;0.4
82;2021-09-12;28;70;0;184801;172448;1039;70.4;65.7;0.4
82;2021-09-13;287;806;249;185088;173254;1288;70.5;66.0;0.5
82;2021-09-14;225;797;177;185313;174051;1465;70.6;66.3;0.6
82;2021-09-15;302;1113;398;185615;175164;1863;70.7;66.7;0.7
82;2021-09-16;226;487;258;185841;175651;2121;70.8;66.9;0.8
82;2021-09-17;214;531;173;186055;176182;2294;70.8;67.1;0.9
82;2021-09-18;298;1033;107;186353;177215;2401;71.0;67.5;0.9
82;2021-09-19;5;38;8;186358;177253;2409;71.0;67.5;0.9
82;2021-09-20;145;392;377;186503;177645;2786;71.0;67.6;1.1
82;2021-09-21;101;383;264;186604;178028;3050;71.1;67.8;1.2
82;2021-09-22;140;465;300;186744;178493;3350;71.1;68.0;1.3
82;2021-09-23;115;379;344;186859;178872;3694;71.2;68.1;1.4
82;2021-09-24;204;565;326;187063;179437;4020;71.2;68.3;1.5
82;2021-09-25;168;635;108;187231;180072;4128;71.3;68.6;1.6
82;2021-09-26;9;36;8;187240;180108;4136;71.3;68.6;1.6
82;2021-09-27;106;444;169;187346;180552;4305;71.3;68.8;1.6
82;2021-09-28;99;235;227;187445;180787;4532;71.4;68.8;1.7
82;2021-09-29;233;478;196;187678;181265;4728;71.5;69.0;1.8
82;2021-09-30;116;222;263;187794;181487;4991;71.5;69.1;1.9
82;2021-10-01;217;379;265;188011;181866;5256;71.6;69.3;2.0
82;2021-10-02;140;300;87;188151;182166;5343;71.6;69.4;2.0
82;2021-10-03;4;5;0;188155;182171;5343;71.6;69.4;2.0
82;2021-10-04;125;380;205;188280;182551;5548;71.7;69.5;2.1
82;2021-10-05;134;280;229;188414;182831;5777;71.7;69.6;2.2
82;2021-10-06;167;337;384;188581;183168;6161;71.8;69.7;2.3
82;2021-10-07;81;143;392;188662;183311;6553;71.8;69.8;2.5
82;2021-10-08;168;307;300;188830;183618;6853;71.9;69.9;2.6
82;2021-10-09;124;269;147;188954;183887;7000;72.0;70.0;2.7
82;2021-10-10;7;17;5;188961;183904;7005;72.0;70.0;2.7
82;2021-10-11;79;203;243;189040;184107;7248;72.0;70.1;2.8
82;2021-10-12;84;158;310;189124;184265;7558;72.0;70.2;2.9
82;2021-10-13;179;286;360;189303;184551;7918;72.1;70.3;3.0
82;2021-10-14;51;88;111;189354;184639;8029;72.1;70.3;3.1
82;2021-10-15;195;241;374;189549;184880;8403;72.2;70.4;3.2
82;2021-10-16;103;134;94;189652;185014;8497;72.2;70.4;3.2
82;2021-10-17;0;5;0;189652;185019;8497;72.2;70.5;3.2
82;2021-10-18;127;129;218;189779;185148;8715;72.3;70.5;3.3
82;2021-10-19;113;151;304;189892;185299;9019;72.3;70.6;3.4
82;2021-10-20;184;274;397;190076;185573;9416;72.4;70.7;3.6
82;2021-10-21;65;79;164;190141;185652;9580;72.4;70.7;3.6
82;2021-10-22;120;253;381;190261;185905;9961;72.4;70.8;3.8
82;2021-10-23;122;172;155;190383;186077;10116;72.5;70.9;3.9
82;2021-10-24;1;6;6;190384;186083;10122;72.5;70.9;3.9
82;2021-10-25;85;120;389;190469;186203;10511;72.5;70.9;4.0
82;2021-10-26;112;157;396;190581;186360;10907;72.6;71.0;4.2
82;2021-10-27;84;168;388;190665;186528;11295;72.6;71.0;4.3
82;2021-10-28;49;62;198;190714;186590;11493;72.6;71.0;4.4
82;2021-10-29;108;213;384;190822;186803;11877;72.7;71.1;4.5
82;2021-10-30;106;136;226;190928;186939;12103;72.7;71.2;4.6
82;2021-10-31;2;0;1;190930;186939;12104;72.7;71.2;4.6
82;2021-11-01;7;3;3;190937;186942;12107;72.7;71.2;4.6
82;2021-11-02;81;112;361;191018;187054;12468;72.7;71.2;4.7
82;2021-11-03;116;110;498;191134;187164;12966;72.8;71.3;4.9
82;2021-11-04;95;94;408;191229;187258;13374;72.8;71.3;5.1
82;2021-11-05;100;137;523;191329;187395;13897;72.9;71.4;5.3
82;2021-11-06;59;77;188;191388;187472;14085;72.9;71.4;5.4
82;2021-11-07;0;5;14;191388;187477;14099;72.9;71.4;5.4
82;2021-11-08;47;95;251;191435;187572;14350;72.9;71.4;5.5
82;2021-11-09;75;93;619;191510;187665;14969;72.9;71.5;5.7
82;2021-11-10;100;274;602;191610;187939;15571;73.0;71.6;5.9
82;2021-11-11;4;6;29;191614;187945;15600;73.0;71.6;5.9
82;2021-11-12;78;92;581;191692;188037;16181;73.0;71.6;6.2
82;2021-11-13;61;152;248;191753;188189;16429;73.0;71.7;6.3
82;2021-11-14;2;2;6;191755;188191;16435;73.0;71.7;6.3
82;2021-11-15;55;58;380;191810;188249;16815;73.0;71.7;6.4
82;2021-11-16;82;81;1083;191892;188330;17898;73.1;71.7;6.8
82;2021-11-17;91;121;950;191983;188451;18848;73.1;71.8;7.2
82;2021-11-18;85;66;815;192068;188517;19663;73.1;71.8;7.5
82;2021-11-19;140;106;955;192208;188623;20618;73.2;71.8;7.9
82;2021-11-20;69;68;273;192277;188691;20891;73.2;71.8;8.0
82;2021-11-21;3;6;25;192280;188697;20916;73.2;71.9;8.0
82;2021-11-22;50;47;605;192330;188744;21521;73.2;71.9;8.2
82;2021-11-23;71;85;1198;192401;188829;22719;73.3;71.9;8.7
82;2021-11-24;124;235;1073;192525;189064;23792;73.3;72.0;9.1
82;2021-11-25;79;78;1364;192604;189142;25156;73.3;72.0;9.6
82;2021-11-26;110;146;1336;192714;189288;26492;73.4;72.1;10.1
82;2021-11-27;98;144;672;192812;189432;27164;73.4;72.1;10.3
82;2021-11-28;4;12;37;192816;189444;27201;73.4;72.1;10.4
82;2021-11-29;59;66;1399;192875;189510;28600;73.4;72.2;10.9
82;2021-11-30;95;87;2172;192970;189597;30772;73.5;72.2;11.7
82;2021-12-01;89;88;2074;193059;189685;32846;73.5;72.2;12.5
82;2021-12-02;99;81;2450;193158;189766;35296;73.6;72.3;13.4
82;2021-12-03;127;97;2427;193285;189863;37723;73.6;72.3;14.4
82;2021-12-04;54;94;1382;193339;189957;39105;73.6;72.3;14.9
82;2021-12-05;14;12;132;193353;189969;39237;73.6;72.3;14.9
82;2021-12-06;84;73;2484;193437;190042;41721;73.7;72.4;15.9
82;2021-12-07;110;104;3572;193547;190146;45293;73.7;72.4;17.2
82;2021-12-08;143;122;2493;193690;190268;47786;73.8;72.5;18.2
82;2021-12-09;100;106;3226;193790;190374;51012;73.8;72.5;19.4
82;2021-12-10;93;140;3570;193883;190514;54582;73.8;72.5;20.8
82;2021-12-11;117;95;1822;194000;190609;56404;73.9;72.6;21.5
82;2021-12-12;3;13;122;194003;190622;56526;73.9;72.6;21.5
82;2021-12-13;104;98;2774;194107;190720;59300;73.9;72.6;22.6
82;2021-12-14;127;129;3529;194234;190849;62829;74.0;72.7;23.9
82;2021-12-15;125;136;2861;194359;190985;65690;74.0;72.7;25.0
83;2020-12-27;4;0;0;4;0;0;0.0;0.0;0.0
83;2020-12-28;6;0;0;10;0;0;0.0;0.0;0.0
83;2020-12-29;3;0;0;13;0;0;0.0;0.0;0.0
83;2020-12-30;4;0;0;17;0;0;0.0;0.0;0.0
83;2020-12-31;1;0;0;18;0;0;0.0;0.0;0.0
83;2021-01-01;3;0;0;21;0;0;0.0;0.0;0.0
83;2021-01-02;1;0;0;22;0;0;0.0;0.0;0.0
83;2021-01-03;0;0;0;22;0;0;0.0;0.0;0.0
83;2021-01-04;3;0;0;25;0;0;0.0;0.0;0.0
83;2021-01-05;6;1;0;31;1;0;0.0;0.0;0.0
83;2021-01-06;84;0;0;115;1;0;0.0;0.0;0.0
83;2021-01-07;317;0;0;432;1;0;0.0;0.0;0.0
83;2021-01-08;426;0;0;858;1;0;0.1;0.0;0.0
83;2021-01-09;57;0;0;915;1;0;0.1;0.0;0.0
83;2021-01-10;5;0;0;920;1;0;0.1;0.0;0.0
83;2021-01-11;503;0;0;1423;1;0;0.1;0.0;0.0
83;2021-01-12;1045;4;0;2468;5;0;0.2;0.0;0.0
83;2021-01-13;965;8;0;3433;13;0;0.3;0.0;0.0
83;2021-01-14;897;6;0;4330;19;0;0.4;0.0;0.0
83;2021-01-15;764;2;0;5094;21;0;0.5;0.0;0.0
83;2021-01-16;66;0;0;5160;21;0;0.5;0.0;0.0
83;2021-01-17;6;0;0;5166;21;0;0.5;0.0;0.0
83;2021-01-18;1288;2;0;6454;23;0;0.6;0.0;0.0
83;2021-01-19;2198;8;0;8652;31;0;0.8;0.0;0.0
83;2021-01-20;1765;10;0;10417;41;0;1.0;0.0;0.0
83;2021-01-21;2267;9;0;12684;50;0;1.2;0.0;0.0
83;2021-01-22;1839;8;0;14523;58;0;1.4;0.0;0.0
83;2021-01-23;278;2;0;14801;60;0;1.4;0.0;0.0
83;2021-01-24;34;1;0;14835;61;0;1.4;0.0;0.0
83;2021-01-25;1572;8;0;16407;69;0;1.5;0.0;0.0
83;2021-01-26;1847;13;0;18254;82;0;1.7;0.0;0.0
83;2021-01-27;2199;96;0;20453;178;0;1.9;0.0;0.0
83;2021-01-28;4971;363;0;25424;541;0;2.4;0.1;0.0
83;2021-01-29;3009;357;0;28433;898;0;2.6;0.1;0.0
83;2021-01-30;261;50;0;28694;948;0;2.7;0.1;0.0
83;2021-01-31;40;0;0;28734;948;0;2.7;0.1;0.0
83;2021-02-01;1295;428;0;30029;1376;0;2.8;0.1;0.0
83;2021-02-02;1463;710;0;31492;2086;0;2.9;0.2;0.0
83;2021-02-03;1568;632;0;33060;2718;0;3.1;0.3;0.0
83;2021-02-04;1534;778;0;34594;3496;0;3.2;0.3;0.0
83;2021-02-05;1309;710;0;35903;4206;0;3.3;0.4;0.0
83;2021-02-06;68;28;0;35971;4234;0;3.3;0.4;0.0
83;2021-02-07;8;4;0;35979;4238;0;3.4;0.4;0.0
83;2021-02-08;1103;638;0;37082;4876;0;3.5;0.5;0.0
83;2021-02-09;1352;983;0;38434;5859;0;3.6;0.5;0.0
83;2021-02-10;1533;852;0;39967;6711;0;3.7;0.6;0.0
83;2021-02-11;1668;1130;0;41635;7841;0;3.9;0.7;0.0
83;2021-02-12;1373;904;0;43008;8745;0;4.0;0.8;0.0
83;2021-02-13;80;49;0;43088;8794;0;4.0;0.8;0.0
83;2021-02-14;6;6;0;43094;8800;0;4.0;0.8;0.0
83;2021-02-15;728;1102;0;43822;9902;0;4.1;0.9;0.0
83;2021-02-16;606;1508;0;44428;11410;0;4.1;1.1;0.0
83;2021-02-17;836;1867;0;45264;13277;0;4.2;1.2;0.0
83;2021-02-18;1543;3810;0;46807;17087;0;4.4;1.6;0.0
83;2021-02-19;1454;2402;0;48261;19489;0;4.5;1.8;0.0
83;2021-02-20;82;200;0;48343;19689;0;4.5;1.8;0.0
83;2021-02-21;21;37;0;48364;19726;0;4.5;1.8;0.0
83;2021-02-22;594;1767;0;48958;21493;0;4.6;2.0;0.0
83;2021-02-23;725;1535;0;49683;23028;0;4.6;2.1;0.0
83;2021-02-24;786;1509;0;50469;24537;0;4.7;2.3;0.0
83;2021-02-25;1294;1478;0;51763;26015;0;4.8;2.4;0.0
83;2021-02-26;1365;1267;0;53128;27282;0;4.9;2.5;0.0
83;2021-02-27;571;91;0;53699;27373;0;5.0;2.5;0.0
83;2021-02-28;18;15;0;53717;27388;0;5.0;2.6;0.0
83;2021-03-01;845;1211;0;54562;28599;0;5.1;2.7;0.0
83;2021-03-02;1044;1337;0;55606;29936;0;5.2;2.8;0.0
83;2021-03-03;1492;1581;0;57098;31517;0;5.3;2.9;0.0
83;2021-03-04;1933;1458;0;59031;32975;0;5.5;3.1;0.0
83;2021-03-05;2298;1289;0;61329;34264;0;5.7;3.2;0.0
83;2021-03-06;3083;162;0;64412;34426;0;6.0;3.2;0.0
83;2021-03-07;2325;70;0;66737;34496;0;6.2;3.2;0.0
83;2021-03-08;969;1317;0;67706;35813;0;6.3;3.3;0.0
83;2021-03-09;2016;1272;0;69722;37085;0;6.5;3.5;0.0
83;2021-03-10;2483;1387;0;72205;38472;0;6.7;3.6;0.0
83;2021-03-11;3761;2137;0;75966;40609;0;7.1;3.8;0.0
83;2021-03-12;3786;1496;0;79752;42105;0;7.4;3.9;0.0
83;2021-03-13;4606;188;0;84358;42293;0;7.9;3.9;0.0
83;2021-03-14;2258;61;0;86616;42354;0;8.1;3.9;0.0
83;2021-03-15;3334;720;0;89950;43074;0;8.4;4.0;0.0
83;2021-03-16;2599;758;0;92549;43832;0;8.6;4.1;0.0
83;2021-03-17;2896;823;0;95445;44655;0;8.9;4.2;0.0
83;2021-03-18;3535;859;0;98980;45514;0;9.2;4.2;0.0
83;2021-03-19;4169;671;0;103149;46185;0;9.6;4.3;0.0
83;2021-03-20;3403;102;0;106552;46287;0;9.9;4.3;0.0
83;2021-03-21;1911;35;0;108463;46322;0;10.1;4.3;0.0
83;2021-03-22;3938;946;0;112401;47268;0;10.5;4.4;0.0
83;2021-03-23;4688;647;0;117089;47915;0;10.9;4.5;0.0
83;2021-03-24;5018;788;0;122107;48703;0;11.4;4.5;0.0
83;2021-03-25;6520;947;0;128627;49650;0;12.0;4.6;0.0
83;2021-03-26;7130;844;0;135757;50494;0;12.6;4.7;0.0
83;2021-03-27;3925;396;0;139682;50890;0;13.0;4.7;0.0
83;2021-03-28;2094;40;0;141776;50930;0;13.2;4.7;0.0
83;2021-03-29;4547;810;0;146323;51740;0;13.6;4.8;0.0
83;2021-03-30;6081;1015;0;152404;52755;0;14.2;4.9;0.0
83;2021-03-31;5680;1083;0;158084;53838;0;14.7;5.0;0.0
83;2021-04-01;6182;1335;0;164266;55173;0;15.3;5.1;0.0
83;2021-04-02;5865;1149;0;170131;56322;0;15.8;5.2;0.0
83;2021-04-03;1916;710;0;172047;57032;0;16.0;5.3;0.0
83;2021-04-04;831;357;0;172878;57389;0;16.1;5.3;0.0
83;2021-04-05;305;78;0;173183;57467;0;16.1;5.4;0.0
83;2021-04-06;4777;1512;0;177960;58979;0;16.6;5.5;0.0
83;2021-04-07;5807;1724;0;183767;60703;0;17.1;5.7;0.0
83;2021-04-08;7767;2128;0;191534;62831;0;17.8;5.9;0.0
83;2021-04-09;7578;2247;0;199112;65078;0;18.5;6.1;0.0
83;2021-04-10;3011;2584;0;202123;67662;0;18.8;6.3;0.0
83;2021-04-11;1633;2009;0;203756;69671;0;19.0;6.5;0.0
83;2021-04-12;4912;2852;0;208668;72523;0;19.4;6.8;0.0
83;2021-04-13;5592;2968;0;214260;75491;0;20.0;7.0;0.0
83;2021-04-14;5976;2989;0;220236;78480;0;20.5;7.3;0.0
83;2021-04-15;6844;3050;0;227080;81530;0;21.1;7.6;0.0
83;2021-04-16;6166;3523;0;233246;85053;0;21.7;7.9;0.0
83;2021-04-17;3377;2107;0;236623;87160;0;22.0;8.1;0.0
83;2021-04-18;2057;1271;0;238680;88431;0;22.2;8.2;0.0
83;2021-04-19;4115;3820;0;242795;92251;0;22.6;8.6;0.0
83;2021-04-20;4426;3923;0;247221;96174;0;23.0;9.0;0.0
83;2021-04-21;4418;4131;0;251639;100305;0;23.4;9.3;0.0
83;2021-04-22;5064;4345;0;256703;104650;0;23.9;9.7;0.0
83;2021-04-23;4522;4506;0;261225;109156;0;24.3;10.2;0.0
83;2021-04-24;2638;2669;0;263863;111825;0;24.6;10.4;0.0
83;2021-04-25;1834;1501;0;265697;113326;0;24.7;10.6;0.0
83;2021-04-26;3543;3862;0;269240;117188;0;25.1;10.9;0.0
83;2021-04-27;4158;4620;0;273398;121808;0;25.5;11.3;0.0
83;2021-04-28;4401;4460;0;277799;126268;0;25.9;11.8;0.0
83;2021-04-29;5881;5197;0;283680;131465;0;26.4;12.2;0.0
83;2021-04-30;5804;4467;0;289484;135932;0;27.0;12.7;0.0
83;2021-05-01;1803;525;0;291287;136457;0;27.1;12.7;0.0
83;2021-05-02;1207;743;0;292494;137200;0;27.2;12.8;0.0
83;2021-05-03;3951;4227;0;296445;141427;0;27.6;13.2;0.0
83;2021-05-04;3630;5166;0;300075;146593;0;27.9;13.7;0.0
83;2021-05-05;3793;5002;0;303868;151595;0;28.3;14.1;0.0
83;2021-05-06;4901;4982;0;308769;156577;0;28.8;14.6;0.0
83;2021-05-07;4284;5347;0;313053;161924;0;29.2;15.1;0.0
83;2021-05-08;2760;1066;0;315813;162990;0;29.4;15.2;0.0
83;2021-05-09;1995;1189;0;317808;164179;0;29.6;15.3;0.0
83;2021-05-10;3279;5438;0;321087;169617;0;29.9;15.8;0.0
83;2021-05-11;5012;5767;0;326099;175384;0;30.4;16.3;0.0
83;2021-05-12;6097;4929;0;332196;180313;0;30.9;16.8;0.0
83;2021-05-13;5922;1300;0;338118;181613;0;31.5;16.9;0.0
83;2021-05-14;6952;3974;0;345070;185587;0;32.1;17.3;0.0
83;2021-05-15;7169;2235;0;352239;187822;0;32.8;17.5;0.0
83;2021-05-16;5987;1150;0;358226;188972;0;33.4;17.6;0.0
83;2021-05-17;4942;4139;0;363168;193111;0;33.8;18.0;0.0
83;2021-05-18;5540;3769;0;368708;196880;0;34.3;18.3;0.0
83;2021-05-19;6166;3492;0;374874;200372;0;34.9;18.7;0.0
83;2021-05-20;6784;3771;0;381658;204143;0;35.5;19.0;0.0
83;2021-05-21;7614;3828;0;389272;207971;0;36.3;19.4;0.0
83;2021-05-22;5491;1700;0;394763;209671;0;36.8;19.5;0.0
83;2021-05-23;4074;619;0;398837;210290;0;37.1;19.6;0.0
83;2021-05-24;5274;895;0;404111;211185;0;37.6;19.7;0.0
83;2021-05-25;5269;4680;0;409380;215865;0;38.1;20.1;0.0
83;2021-05-26;4868;4397;0;414248;220262;0;38.6;20.5;0.0
83;2021-05-27;5041;5167;0;419289;225429;0;39.0;21.0;0.0
83;2021-05-28;4436;5688;0;423725;231117;0;39.5;21.5;0.0
83;2021-05-29;2677;4201;0;426402;235318;0;39.7;21.9;0.0
83;2021-05-30;1140;1284;0;427542;236602;0;39.8;22.0;0.0
83;2021-05-31;5268;4814;0;432810;241416;0;40.3;22.5;0.0
83;2021-06-01;5709;5357;0;438519;246773;0;40.8;23.0;0.0
83;2021-06-02;5160;4706;0;443679;251479;0;41.3;23.4;0.0
83;2021-06-03;5717;5121;0;449396;256600;0;41.8;23.9;0.0
83;2021-06-04;5419;5928;0;454815;262528;0;42.4;24.4;0.0
83;2021-06-05;3777;3174;0;458592;265702;0;42.7;24.7;0.0
83;2021-06-06;1793;1324;0;460385;267026;0;42.9;24.9;0.0
83;2021-06-07;3816;5052;0;464201;272078;0;43.2;25.3;0.0
83;2021-06-08;4128;4789;0;468329;276867;0;43.6;25.8;0.0
83;2021-06-09;4017;4661;0;472346;281528;0;44.0;26.2;0.0
83;2021-06-10;4093;4212;0;476439;285740;0;44.4;26.6;0.0
83;2021-06-11;3636;5443;0;480075;291183;0;44.7;27.1;0.0
83;2021-06-12;2895;2980;0;482970;294163;0;45.0;27.4;0.0
83;2021-06-13;937;1290;0;483907;295453;0;45.1;27.5;0.0
83;2021-06-14;2784;5646;0;486691;301099;0;45.3;28.0;0.0
83;2021-06-15;3150;4992;0;489841;306091;0;45.6;28.5;0.0
83;2021-06-16;3107;4513;0;492948;310604;0;45.9;28.9;0.0
83;2021-06-17;2943;5257;0;495891;315861;0;46.2;29.4;0.0
83;2021-06-18;3193;5830;0;499084;321691;0;46.5;30.0;0.0
83;2021-06-19;2248;3976;0;501332;325667;0;46.7;30.3;0.0
83;2021-06-20;620;1734;0;501952;327401;0;46.7;30.5;0.0
83;2021-06-21;2048;7295;0;504000;334696;0;46.9;31.2;0.0
83;2021-06-22;2086;6944;0;506086;341640;0;47.1;31.8;0.0
83;2021-06-23;2042;6833;0;508128;348473;0;47.3;32.5;0.0
83;2021-06-24;2121;7056;0;510249;355529;0;47.5;33.1;0.0
83;2021-06-25;2158;8086;0;512407;363615;0;47.7;33.9;0.0
83;2021-06-26;1405;6463;0;513812;370078;0;47.8;34.5;0.0
83;2021-06-27;589;2952;0;514401;373030;0;47.9;34.7;0.0
83;2021-06-28;1471;7641;0;515872;380671;0;48.0;35.4;0.0
83;2021-06-29;1879;7591;0;517751;388262;0;48.2;36.2;0.0
83;2021-06-30;2197;7009;0;519948;395271;0;48.4;36.8;0.0
83;2021-07-01;2702;6432;0;522650;401703;0;48.7;37.4;0.0
83;2021-07-02;2437;7493;0;525087;409196;0;48.9;38.1;0.0
83;2021-07-03;1494;5393;0;526581;414589;0;49.0;38.6;0.0
83;2021-07-04;526;2501;0;527107;417090;0;49.1;38.8;0.0
83;2021-07-05;1916;7213;0;529023;424303;0;49.3;39.5;0.0
83;2021-07-06;2506;5817;0;531529;430120;0;49.5;40.1;0.0
83;2021-07-07;2647;4515;0;534176;434635;0;49.7;40.5;0.0
83;2021-07-08;3149;4388;0;537325;439023;0;50.0;40.9;0.0
83;2021-07-09;3035;6601;0;540360;445624;0;50.3;41.5;0.0
83;2021-07-10;1545;4700;0;541905;450324;0;50.5;41.9;0.0
83;2021-07-11;910;1638;0;542815;451962;0;50.5;42.1;0.0
83;2021-07-12;2112;7261;0;544927;459223;0;50.7;42.8;0.0
83;2021-07-13;3914;6817;0;548841;466040;0;51.1;43.4;0.0
83;2021-07-14;1956;1262;0;550797;467302;0;51.3;43.5;0.0
83;2021-07-15;4669;6708;0;555466;474010;0;51.7;44.1;0.0
83;2021-07-16;5240;6804;0;560706;480814;0;52.2;44.8;0.0
83;2021-07-17;3519;4826;0;564225;485640;0;52.5;45.2;0.0
83;2021-07-18;1529;1279;0;565754;486919;0;52.7;45.3;0.0
83;2021-07-19;3927;6108;0;569681;493027;0;53.1;45.9;0.0
83;2021-07-20;5740;5960;0;575421;498987;0;53.6;46.5;0.0
83;2021-07-21;5747;5049;0;581168;504036;0;54.1;46.9;0.0
83;2021-07-22;6906;5347;0;588074;509383;0;54.8;47.4;0.0
83;2021-07-23;6642;5499;0;594716;514882;0;55.4;47.9;0.0
83;2021-07-24;4426;4310;0;599142;519192;0;55.8;48.3;0.0
83;2021-07-25;1298;707;0;600440;519899;0;55.9;48.4;0.0
83;2021-07-26;5347;4405;0;605787;524304;0;56.4;48.8;0.0
83;2021-07-27;6647;4456;0;612434;528760;0;57.0;49.2;0.0
83;2021-07-28;6409;4068;0;618843;532828;0;57.6;49.6;0.0
83;2021-07-29;7383;4504;0;626226;537332;0;58.3;50.0;0.0
83;2021-07-30;6724;4352;0;632950;541684;0;58.9;50.4;0.0
83;2021-07-31;4476;2940;0;637426;544624;0;59.4;50.7;0.0
83;2021-08-01;1120;778;0;638546;545402;0;59.5;50.8;0.0
83;2021-08-02;5822;3211;0;644368;548613;0;60.0;51.1;0.0
83;2021-08-03;6224;3555;0;650592;552168;0;60.6;51.4;0.0
83;2021-08-04;5743;3128;0;656335;555296;0;61.1;51.7;0.0
83;2021-08-05;5972;3562;0;662307;558858;0;61.7;52.0;0.0
83;2021-08-06;5903;4129;0;668210;562987;0;62.2;52.4;0.0
83;2021-08-07;3553;3083;0;671763;566070;0;62.6;52.7;0.0
83;2021-08-08;997;756;0;672760;566826;0;62.7;52.8;0.0
83;2021-08-09;4489;3909;0;677249;570735;0;63.1;53.1;0.0
83;2021-08-10;5098;4452;0;682347;575187;0;63.5;53.6;0.0
83;2021-08-11;4463;4457;0;686810;579644;0;64.0;54.0;0.0
83;2021-08-12;4736;5074;0;691546;584718;0;64.4;54.5;0.0
83;2021-08-13;4565;4907;0;696111;589625;0;64.8;54.9;0.0
83;2021-08-14;3026;3599;0;699137;593224;0;65.1;55.2;0.0
83;2021-08-15;228;355;0;699365;593579;0;65.1;55.3;0.0
83;2021-08-16;3614;5007;0;702979;598586;0;65.5;55.7;0.0
83;2021-08-17;3598;5035;0;706577;603621;0;65.8;56.2;0.0
83;2021-08-18;3432;4805;0;710009;608426;0;66.1;56.7;0.0
83;2021-08-19;4037;5706;0;714046;614132;0;66.5;57.2;0.0
83;2021-08-20;3514;5947;0;717560;620079;0;66.8;57.7;0.0
83;2021-08-21;2175;4188;0;719735;624267;0;67.0;58.1;0.0
83;2021-08-22;584;978;0;720319;625245;0;67.1;58.2;0.0
83;2021-08-23;2441;5552;0;722760;630797;0;67.3;58.7;0.0
83;2021-08-24;2785;5698;0;725545;636495;0;67.6;59.3;0.0
83;2021-08-25;2487;5153;0;728032;641648;0;67.8;59.8;0.0
83;2021-08-26;2832;5752;0;730864;647400;0;68.1;60.3;0.0
83;2021-08-27;2852;5807;0;733716;653207;0;68.3;60.8;0.0
83;2021-08-28;1816;4299;0;735532;657506;0;68.5;61.2;0.0
83;2021-08-29;469;1190;0;736001;658696;0;68.5;61.3;0.0
83;2021-08-30;2289;5045;75;738290;663741;75;68.8;61.8;0.0
83;2021-08-31;2439;5399;170;740729;669140;245;69.0;62.3;0.0
83;2021-09-01;2814;4766;441;743543;673906;686;69.2;62.8;0.1
83;2021-09-02;2465;4393;465;746008;678299;1151;69.5;63.2;0.1
83;2021-09-03;2300;4713;546;748308;683012;1697;69.7;63.6;0.2
83;2021-09-04;1819;4327;227;750127;687339;1924;69.9;64.0;0.2
83;2021-09-05;533;435;110;750660;687774;2034;69.9;64.0;0.2
83;2021-09-06;1861;3360;702;752521;691134;2736;70.1;64.4;0.3
83;2021-09-07;1663;3258;673;754184;694392;3409;70.2;64.7;0.3
83;2021-09-08;1987;3501;517;756171;697893;3926;70.4;65.0;0.4
83;2021-09-09;1553;3326;635;757724;701219;4561;70.6;65.3;0.4
83;2021-09-10;1820;3674;746;759544;704893;5307;70.7;65.6;0.5
83;2021-09-11;1376;3571;262;760920;708464;5569;70.9;66.0;0.5
83;2021-09-12;219;454;43;761139;708918;5612;70.9;66.0;0.5
83;2021-09-13;1281;2500;904;762420;711418;6516;71.0;66.3;0.6
83;2021-09-14;1399;2489;1062;763819;713907;7578;71.1;66.5;0.7
83;2021-09-15;1442;2629;821;765261;716536;8399;71.3;66.7;0.8
83;2021-09-16;1067;2202;964;766328;718738;9363;71.4;66.9;0.9
83;2021-09-17;1062;2613;904;767390;721351;10267;71.5;67.2;1.0
83;2021-09-18;995;2918;289;768385;724269;10556;71.6;67.4;1.0
83;2021-09-19;112;407;51;768497;724676;10607;71.6;67.5;1.0
83;2021-09-20;756;2065;790;769253;726741;11397;71.6;67.7;1.1
83;2021-09-21;695;1798;793;769948;728539;12190;71.7;67.8;1.1
83;2021-09-22;775;2520;699;770723;731059;12889;71.8;68.1;1.2
83;2021-09-23;713;2070;749;771436;733129;13638;71.8;68.3;1.3
83;2021-09-24;790;2253;838;772226;735382;14476;71.9;68.5;1.3
83;2021-09-25;757;2612;280;772983;737994;14756;72.0;68.7;1.4
83;2021-09-26;76;441;30;773059;738435;14786;72.0;68.8;1.4
83;2021-09-27;584;1728;625;773643;740163;15411;72.0;68.9;1.4
83;2021-09-28;539;1482;643;774182;741645;16054;72.1;69.1;1.5
83;2021-09-29;722;1935;575;774904;743580;16629;72.2;69.2;1.5
83;2021-09-30;636;1511;806;775540;745091;17435;72.2;69.4;1.6
83;2021-10-01;1035;1553;844;776575;746644;18279;72.3;69.5;1.7
83;2021-10-02;702;1634;295;777277;748278;18574;72.4;69.7;1.7
83;2021-10-03;115;263;70;777392;748541;18644;72.4;69.7;1.7
83;2021-10-04;635;899;747;778027;749440;19391;72.5;69.8;1.8
83;2021-10-05;646;1146;1089;778673;750586;20480;72.5;69.9;1.9
83;2021-10-06;873;1641;1047;779546;752227;21527;72.6;70.1;2.0
83;2021-10-07;513;1087;1076;780059;753314;22603;72.6;70.2;2.1
83;2021-10-08;818;1425;1290;780877;754739;23893;72.7;70.3;2.2
83;2021-10-09;533;1033;402;781410;755772;24295;72.8;70.4;2.3
83;2021-10-10;26;67;7;781436;755839;24302;72.8;70.4;2.3
83;2021-10-11;658;1073;1332;782094;756912;25634;72.8;70.5;2.4
83;2021-10-12;531;831;1312;782625;757743;26946;72.9;70.6;2.5
83;2021-10-13;711;1102;1292;783336;758845;28238;72.9;70.7;2.6
83;2021-10-14;530;870;1492;783866;759715;29730;73.0;70.7;2.8
83;2021-10-15;759;1125;1825;784625;760840;31555;73.1;70.9;2.9
83;2021-10-16;570;887;550;785195;761727;32105;73.1;70.9;3.0
83;2021-10-17;31;45;15;785226;761772;32120;73.1;70.9;3.0
83;2021-10-18;565;815;1629;785791;762587;33749;73.2;71.0;3.1
83;2021-10-19;416;618;1266;786207;763205;35015;73.2;71.1;3.3
83;2021-10-20;607;907;1969;786814;764112;36984;73.3;71.2;3.4
83;2021-10-21;499;713;1793;787313;764825;38777;73.3;71.2;3.6
83;2021-10-22;548;795;1654;787861;765620;40431;73.4;71.3;3.8
83;2021-10-23;433;568;661;788294;766188;41092;73.4;71.4;3.8
83;2021-10-24;16;58;39;788310;766246;41131;73.4;71.4;3.8
83;2021-10-25;459;732;1949;788769;766978;43080;73.5;71.4;4.0
83;2021-10-26;437;619;2054;789206;767597;45134;73.5;71.5;4.2
83;2021-10-27;495;741;2485;789701;768338;47619;73.5;71.6;4.4
83;2021-10-28;418;598;2380;790119;768936;49999;73.6;71.6;4.7
83;2021-10-29;404;656;2075;790523;769592;52074;73.6;71.7;4.8
83;2021-10-30;368;486;895;790891;770078;52969;73.7;71.7;4.9
83;2021-10-31;21;45;36;790912;770123;53005;73.7;71.7;4.9
83;2021-11-01;73;49;77;790985;770172;53082;73.7;71.7;4.9
83;2021-11-02;380;635;1760;791365;770807;54842;73.7;71.8;5.1
83;2021-11-03;516;795;2921;791881;771602;57763;73.7;71.9;5.4
83;2021-11-04;373;597;2326;792254;772199;60089;73.8;71.9;5.6
83;2021-11-05;458;702;2673;792712;772901;62762;73.8;72.0;5.8
83;2021-11-06;317;553;1178;793029;773454;63940;73.9;72.0;6.0
83;2021-11-07;18;62;46;793047;773516;63986;73.9;72.0;6.0
83;2021-11-08;369;680;3417;793416;774196;67403;73.9;72.1;6.3
83;2021-11-09;369;520;3414;793785;774716;70817;73.9;72.1;6.6
83;2021-11-10;536;865;4494;794321;775581;75311;74.0;72.2;7.0
83;2021-11-11;50;97;110;794371;775678;75421;74.0;72.2;7.0
83;2021-11-12;416;649;3872;794787;776327;79293;74.0;72.3;7.4
83;2021-11-13;301;459;1527;795088;776786;80820;74.0;72.3;7.5
83;2021-11-14;13;64;91;795101;776850;80911;74.0;72.3;7.5
83;2021-11-15;370;574;4364;795471;777424;85275;74.1;72.4;7.9
83;2021-11-16;351;455;4045;795822;777879;89320;74.1;72.4;8.3
83;2021-11-17;514;744;4811;796336;778623;94131;74.2;72.5;8.8
83;2021-11-18;442;616;4594;796778;779239;98725;74.2;72.6;9.2
83;2021-11-19;569;632;4567;797347;779871;103292;74.3;72.6;9.6
83;2021-11-20;364;460;1882;797711;780331;105174;74.3;72.7;9.8
83;2021-11-21;27;55;68;797738;780386;105242;74.3;72.7;9.8
83;2021-11-22;471;388;4970;798209;780774;110212;74.3;72.7;10.3
83;2021-11-23;390;460;4598;798599;781234;114810;74.4;72.8;10.7
83;2021-11-24;638;688;5483;799237;781922;120293;74.4;72.8;11.2
83;2021-11-25;506;494;5922;799743;782416;126215;74.5;72.9;11.8
83;2021-11-26;584;598;7069;800327;783014;133284;74.5;72.9;12.4
83;2021-11-27;463;469;3647;800790;783483;136931;74.6;73.0;12.8
83;2021-11-28;40;60;185;800830;783543;137116;74.6;73.0;12.8
83;2021-11-29;444;507;7977;801274;784050;145093;74.6;73.0;13.5
83;2021-11-30;479;500;8301;801753;784550;153394;74.7;73.1;14.3
83;2021-12-01;484;628;9773;802237;785178;163167;74.7;73.1;15.2
83;2021-12-02;422;411;9958;802659;785589;173125;74.7;73.2;16.1
83;2021-12-03;531;611;10453;803190;786200;183578;74.8;73.2;17.1
83;2021-12-04;397;440;5487;803587;786640;189065;74.8;73.3;17.6
83;2021-12-05;39;99;1777;803626;786739;190842;74.8;73.3;17.8
83;2021-12-06;387;551;10339;804013;787290;201181;74.9;73.3;18.7
83;2021-12-07;489;569;11461;804502;787859;212642;74.9;73.4;19.8
83;2021-12-08;464;646;10820;804966;788505;223462;75.0;73.4;20.8
83;2021-12-09;488;608;11308;805454;789113;234770;75.0;73.5;21.9
83;2021-12-10;526;612;11970;805980;789725;246740;75.1;73.5;23.0
83;2021-12-11;419;489;5848;806399;790214;252588;75.1;73.6;23.5
83;2021-12-12;87;76;1050;806486;790290;253638;75.1;73.6;23.6
83;2021-12-13;421;533;11088;806907;790823;264726;75.1;73.6;24.7
83;2021-12-14;510;549;13053;807417;791372;277779;75.2;73.7;25.9
83;2021-12-15;526;696;12091;807943;792068;289870;75.2;73.8;27.0
84;2020-12-27;0;0;0;0;0;0;0.0;0.0;0.0
84;2020-12-28;3;0;0;3;0;0;0.0;0.0;0.0
84;2020-12-29;3;0;0;6;0;0;0.0;0.0;0.0
84;2020-12-30;3;0;0;9;0;0;0.0;0.0;0.0
84;2020-12-31;0;0;0;9;0;0;0.0;0.0;0.0
84;2021-01-01;0;0;0;9;0;0;0.0;0.0;0.0
84;2021-01-02;0;0;0;9;0;0;0.0;0.0;0.0
84;2021-01-03;0;0;0;9;0;0;0.0;0.0;0.0
84;2021-01-04;5;0;0;14;0;0;0.0;0.0;0.0
84;2021-01-05;4;0;0;18;0;0;0.0;0.0;0.0
84;2021-01-06;7;0;0;25;0;0;0.0;0.0;0.0
84;2021-01-07;62;0;0;87;0;0;0.0;0.0;0.0
84;2021-01-08;70;0;0;157;0;0;0.0;0.0;0.0
84;2021-01-09;21;0;0;178;0;0;0.0;0.0;0.0
84;2021-01-10;1;0;0;179;0;0;0.0;0.0;0.0
84;2021-01-11;174;1;0;353;1;0;0.1;0.0;0.0
84;2021-01-12;561;3;0;914;4;0;0.2;0.0;0.0
84;2021-01-13;294;0;0;1208;4;0;0.2;0.0;0.0
84;2021-01-14;790;13;0;1998;17;0;0.4;0.0;0.0
84;2021-01-15;514;9;0;2512;26;0;0.4;0.0;0.0
84;2021-01-16;114;1;0;2626;27;0;0.5;0.0;0.0
84;2021-01-17;29;1;0;2655;28;0;0.5;0.0;0.0
84;2021-01-18;593;3;0;3248;31;0;0.6;0.0;0.0
84;2021-01-19;850;2;0;4098;33;0;0.7;0.0;0.0
84;2021-01-20;949;6;0;5047;39;0;0.9;0.0;0.0
84;2021-01-21;959;6;0;6006;45;0;1.1;0.0;0.0
84;2021-01-22;1006;0;0;7012;45;0;1.2;0.0;0.0
84;2021-01-23;215;0;0;7227;45;0;1.3;0.0;0.0
84;2021-01-24;6;0;0;7233;45;0;1.3;0.0;0.0
84;2021-01-25;701;5;0;7934;50;0;1.4;0.0;0.0
84;2021-01-26;876;9;0;8810;59;0;1.6;0.0;0.0
84;2021-01-27;980;6;0;9790;65;0;1.7;0.0;0.0
84;2021-01-28;1428;20;0;11218;85;0;2.0;0.0;0.0
84;2021-01-29;1077;48;0;12295;133;0;2.2;0.0;0.0
84;2021-01-30;124;19;0;12419;152;0;2.2;0.0;0.0
84;2021-01-31;13;0;0;12432;152;0;2.2;0.0;0.0
84;2021-02-01;607;148;0;13039;300;0;2.3;0.1;0.0
84;2021-02-02;744;223;0;13783;523;0;2.5;0.1;0.0
84;2021-02-03;627;224;0;14410;747;0;2.6;0.1;0.0
84;2021-02-04;799;358;0;15209;1105;0;2.7;0.2;0.0
84;2021-02-05;647;377;0;15856;1482;0;2.8;0.3;0.0
84;2021-02-06;107;43;0;15963;1525;0;2.8;0.3;0.0
84;2021-02-07;2;0;0;15965;1525;0;2.8;0.3;0.0
84;2021-02-08;543;259;0;16508;1784;0;2.9;0.3;0.0
84;2021-02-09;648;638;0;17156;2422;0;3.1;0.4;0.0
84;2021-02-10;525;567;0;17681;2989;0;3.2;0.5;0.0
84;2021-02-11;556;561;0;18237;3550;0;3.3;0.6;0.0
84;2021-02-12;533;614;0;18770;4164;0;3.3;0.7;0.0
84;2021-02-13;54;114;0;18824;4278;0;3.4;0.8;0.0
84;2021-02-14;4;8;0;18828;4286;0;3.4;0.8;0.0
84;2021-02-15;200;734;0;19028;5020;0;3.4;0.9;0.0
84;2021-02-16;223;724;0;19251;5744;0;3.4;1.0;0.0
84;2021-02-17;415;765;0;19666;6509;0;3.5;1.2;0.0
84;2021-02-18;503;1028;0;20169;7537;0;3.6;1.3;0.0
84;2021-02-19;711;1049;0;20880;8586;0;3.7;1.5;0.0
84;2021-02-20;68;116;0;20948;8702;0;3.7;1.6;0.0
84;2021-02-21;5;35;0;20953;8737;0;3.7;1.6;0.0
84;2021-02-22;306;644;0;21259;9381;0;3.8;1.7;0.0
84;2021-02-23;274;664;0;21533;10045;0;3.8;1.8;0.0
84;2021-02-24;378;688;0;21911;10733;0;3.9;1.9;0.0
84;2021-02-25;697;756;0;22608;11489;0;4.0;2.0;0.0
84;2021-02-26;811;610;0;23419;12099;0;4.2;2.2;0.0
84;2021-02-27;142;106;0;23561;12205;0;4.2;2.2;0.0
84;2021-02-28;13;2;0;23574;12207;0;4.2;2.2;0.0
84;2021-03-01;461;566;0;24035;12773;0;4.3;2.3;0.0
84;2021-03-02;631;711;0;24666;13484;0;4.4;2.4;0.0
84;2021-03-03;874;810;0;25540;14294;0;4.6;2.5;0.0
84;2021-03-04;1130;600;0;26670;14894;0;4.8;2.7;0.0
84;2021-03-05;1313;505;0;27983;15399;0;5.0;2.7;0.0
84;2021-03-06;1378;68;0;29361;15467;0;5.2;2.8;0.0
84;2021-03-07;557;28;0;29918;15495;0;5.3;2.8;0.0
84;2021-03-08;748;586;0;30666;16081;0;5.5;2.9;0.0
84;2021-03-09;1345;655;0;32011;16736;0;5.7;3.0;0.0
84;2021-03-10;1444;604;0;33455;17340;0;6.0;3.1;0.0
84;2021-03-11;1938;613;0;35393;17953;0;6.3;3.2;0.0
84;2021-03-12;2057;608;0;37450;18561;0;6.7;3.3;0.0
84;2021-03-13;832;46;0;38282;18607;0;6.8;3.3;0.0
84;2021-03-14;287;47;0;38569;18654;0;6.9;3.3;0.0
84;2021-03-15;1067;306;0;39636;18960;0;7.1;3.4;0.0
84;2021-03-16;1160;318;0;40796;19278;0;7.3;3.4;0.0
84;2021-03-17;1169;457;0;41965;19735;0;7.5;3.5;0.0
84;2021-03-18;1449;378;0;43414;20113;0;7.7;3.6;0.0
84;2021-03-19;2101;470;0;45515;20583;0;8.1;3.7;0.0
84;2021-03-20;880;48;0;46395;20631;0;8.3;3.7;0.0
84;2021-03-21;148;9;0;46543;20640;0;8.3;3.7;0.0
84;2021-03-22;1218;445;0;47761;21085;0;8.5;3.8;0.0
84;2021-03-23;1951;429;0;49712;21514;0;8.9;3.8;0.0
84;2021-03-24;2114;391;0;51826;21905;0;9.2;3.9;0.0
84;2021-03-25;3546;401;0;55372;22306;0;9.9;4.0;0.0
84;2021-03-26;3279;485;0;58651;22791;0;10.5;4.1;0.0
84;2021-03-27;944;83;0;59595;22874;0;10.6;4.1;0.0
84;2021-03-28;86;2;0;59681;22876;0;10.6;4.1;0.0
84;2021-03-29;1707;557;0;61388;23433;0;10.9;4.2;0.0
84;2021-03-30;2627;723;0;64015;24156;0;11.4;4.3;0.0
84;2021-03-31;2312;678;0;66327;24834;0;11.8;4.4;0.0
84;2021-04-01;2980;597;0;69307;25431;0;12.4;4.5;0.0
84;2021-04-02;2370;562;0;71677;25993;0;12.8;4.6;0.0
84;2021-04-03;528;83;0;72205;26076;0;12.9;4.6;0.0
84;2021-04-04;24;8;0;72229;26084;0;12.9;4.6;0.0
84;2021-04-05;808;111;0;73037;26195;0;13.0;4.7;0.0
84;2021-04-06;2045;861;0;75082;27056;0;13.4;4.8;0.0
84;2021-04-07;2346;916;0;77428;27972;0;13.8;5.0;0.0
84;2021-04-08;3523;1042;0;80951;29014;0;14.4;5.2;0.0
84;2021-04-09;3947;915;0;84898;29929;0;15.1;5.3;0.0
84;2021-04-10;1411;185;0;86309;30114;0;15.4;5.4;0.0
84;2021-04-11;60;26;0;86369;30140;0;15.4;5.4;0.0
84;2021-04-12;2124;850;0;88493;30990;0;15.8;5.5;0.0
84;2021-04-13;2855;1376;0;91348;32366;0;16.3;5.8;0.0
84;2021-04-14;2667;1331;0;94015;33697;0;16.8;6.0;0.0
84;2021-04-15;3160;1376;0;97175;35073;0;17.3;6.3;0.0
84;2021-04-16;3306;1465;0;100481;36538;0;17.9;6.5;0.0
84;2021-04-17;1503;252;0;101984;36790;0;18.2;6.6;0.0
84;2021-04-18;71;23;0;102055;36813;0;18.2;6.6;0.0
84;2021-04-19;2316;1039;0;104371;37852;0;18.6;6.7;0.0
84;2021-04-20;2517;1586;0;106888;39438;0;19.1;7.0;0.0
84;2021-04-21;2480;1534;0;109368;40972;0;19.5;7.3;0.0
84;2021-04-22;2805;1686;0;112173;42658;0;20.0;7.6;0.0
84;2021-04-23;2735;1809;0;114908;44467;0;20.5;7.9;0.0
84;2021-04-24;1388;354;0;116296;44821;0;20.7;8.0;0.0
84;2021-04-25;88;27;0;116384;44848;0;20.7;8.0;0.0
84;2021-04-26;2085;1397;0;118469;46245;0;21.1;8.2;0.0
84;2021-04-27;2458;1950;0;120927;48195;0;21.6;8.6;0.0
84;2021-04-28;2618;1787;0;123545;49982;0;22.0;8.9;0.0
84;2021-04-29;3140;1988;0;126685;51970;0;22.6;9.3;0.0
84;2021-04-30;2905;2226;0;129590;54196;0;23.1;9.7;0.0
84;2021-05-01;530;274;0;130120;54470;0;23.2;9.7;0.0
84;2021-05-02;134;29;0;130254;54499;0;23.2;9.7;0.0
84;2021-05-03;2080;1692;0;132334;56191;0;23.6;10.0;0.0
84;2021-05-04;2427;2423;0;134761;58614;0;24.0;10.4;0.0
84;2021-05-05;2269;2225;0;137030;60839;0;24.4;10.8;0.0
84;2021-05-06;3102;2209;0;140132;63048;0;25.0;11.2;0.0
84;2021-05-07;2620;2465;0;142752;65513;0;25.4;11.7;0.0
84;2021-05-08;1141;557;0;143893;66070;0;25.6;11.8;0.0
84;2021-05-09;90;82;0;143983;66152;0;25.7;11.8;0.0
84;2021-05-10;2016;2392;0;145999;68544;0;26.0;12.2;0.0
84;2021-05-11;2883;3031;0;148882;71575;0;26.5;12.8;0.0
84;2021-05-12;2801;2730;0;151683;74305;0;27.0;13.2;0.0
84;2021-05-13;2136;832;0;153819;75137;0;27.4;13.4;0.0
84;2021-05-14;2761;1984;0;156580;77121;0;27.9;13.7;0.0
84;2021-05-15;2161;982;0;158741;78103;0;28.3;13.9;0.0
84;2021-05-16;1379;193;0;160120;78296;0;28.5;14.0;0.0
84;2021-05-17;2286;2024;0;162406;80320;0;28.9;14.3;0.0
84;2021-05-18;2917;2016;0;165323;82336;0;29.5;14.7;0.0
84;2021-05-19;3244;1635;0;168567;83971;0;30.0;15.0;0.0
84;2021-05-20;3723;2119;0;172290;86090;0;30.7;15.3;0.0
84;2021-05-21;3503;2215;0;175793;88305;0;31.3;15.7;0.0
84;2021-05-22;1630;650;0;177423;88955;0;31.6;15.9;0.0
84;2021-05-23;178;31;0;177601;88986;0;31.7;15.9;0.0
84;2021-05-24;1895;421;0;179496;89407;0;32.0;15.9;0.0
84;2021-05-25;2952;2145;0;182448;91552;0;32.5;16.3;0.0
84;2021-05-26;3003;2045;0;185451;93597;0;33.1;16.7;0.0
84;2021-05-27;3654;2218;0;189105;95815;0;33.7;17.1;0.0
84;2021-05-28;3023;3081;0;192128;98896;0;34.2;17.6;0.0
84;2021-05-29;1213;1541;0;193341;100437;0;34.5;17.9;0.0
84;2021-05-30;67;108;0;193408;100545;0;34.5;17.9;0.0
84;2021-05-31;2140;2493;0;195548;103038;0;34.9;18.4;0.0
84;2021-06-01;3076;3006;0;198624;106044;0;35.4;18.9;0.0
84;2021-06-02;2995;2413;0;201619;108457;0;35.9;19.3;0.0
84;2021-06-03;3959;2833;0;205578;111290;0;36.6;19.8;0.0
84;2021-06-04;3500;2889;0;209078;114179;0;37.3;20.4;0.0
84;2021-06-05;1663;1384;0;210741;115563;0;37.6;20.6;0.0
84;2021-06-06;879;196;0;211620;115759;0;37.7;20.6;0.0
84;2021-06-07;2340;2646;0;213960;118405;0;38.1;21.1;0.0
84;2021-06-08;3112;2914;0;217072;121319;0;38.7;21.6;0.0
84;2021-06-09;2782;2518;0;219854;123837;0;39.2;22.1;0.0
84;2021-06-10;3278;2708;0;223132;126545;0;39.8;22.6;0.0
84;2021-06-11;2873;2955;0;226005;129500;0;40.3;23.1;0.0
84;2021-06-12;1769;1286;0;227774;130786;0;40.6;23.3;0.0
84;2021-06-13;389;198;0;228163;130984;0;40.7;23.3;0.0
84;2021-06-14;1785;3120;0;229948;134104;0;41.0;23.9;0.0
84;2021-06-15;2312;3302;0;232260;137406;0;41.4;24.5;0.0
84;2021-06-16;2430;2853;0;234690;140259;0;41.8;25.0;0.0
84;2021-06-17;2673;3338;0;237363;143597;0;42.3;25.6;0.0
84;2021-06-18;2239;3418;0;239602;147015;0;42.7;26.2;0.0
84;2021-06-19;1193;1582;0;240795;148597;0;42.9;26.5;0.0
84;2021-06-20;426;329;0;241221;148926;0;43.0;26.5;0.0
84;2021-06-21;1478;3082;0;242699;152008;0;43.3;27.1;0.0
84;2021-06-22;2035;3860;0;244734;155868;0;43.6;27.8;0.0
84;2021-06-23;1947;3244;0;246681;159112;0;44.0;28.4;0.0
84;2021-06-24;1995;3447;0;248676;162559;0;44.3;29.0;0.0
84;2021-06-25;1716;3847;0;250392;166406;0;44.6;29.7;0.0
84;2021-06-26;1049;1748;0;251441;168154;0;44.8;30.0;0.0
84;2021-06-27;243;379;0;251684;168533;0;44.9;30.0;0.0
84;2021-06-28;1081;3175;0;252765;171708;0;45.1;30.6;0.0
84;2021-06-29;1282;3856;0;254047;175564;0;45.3;31.3;0.0
84;2021-06-30;1643;3829;0;255690;179393;0;45.6;32.0;0.0
84;2021-07-01;1840;3723;0;257530;183116;0;45.9;32.6;0.0
84;2021-07-02;1769;3840;0;259299;186956;0;46.2;33.3;0.0
84;2021-07-03;1027;1948;0;260326;188904;0;46.4;33.7;0.0
84;2021-07-04;322;481;0;260648;189385;0;46.5;33.8;0.0
84;2021-07-05;1331;3332;0;261979;192717;0;46.7;34.4;0.0
84;2021-07-06;1517;3910;0;263496;196627;0;47.0;35.0;0.0
84;2021-07-07;1574;2836;0;265070;199463;0;47.2;35.6;0.0
84;2021-07-08;1963;3462;0;267033;202925;0;47.6;36.2;0.0
84;2021-07-09;1819;3783;0;268852;206708;0;47.9;36.8;0.0
84;2021-07-10;1118;2107;0;269970;208815;0;48.1;37.2;0.0
84;2021-07-11;307;285;0;270277;209100;0;48.2;37.3;0.0
84;2021-07-12;1316;3599;0;271593;212699;0;48.4;37.9;0.0
84;2021-07-13;2140;4659;0;273733;217358;0;48.8;38.7;0.0
84;2021-07-14;1684;1171;0;275417;218529;0;49.1;39.0;0.0
84;2021-07-15;2584;4273;0;278001;222802;0;49.6;39.7;0.0
84;2021-07-16;2712;4265;0;280713;227067;0;50.0;40.5;0.0
84;2021-07-17;1467;2268;0;282180;229335;0;50.3;40.9;0.0
84;2021-07-18;816;480;0;282996;229815;0;50.4;41.0;0.0
84;2021-07-19;2212;3487;0;285208;233302;0;50.8;41.6;0.0
84;2021-07-20;2946;3915;0;288154;237217;0;51.4;42.3;0.0
84;2021-07-21;3025;3482;0;291179;240699;0;51.9;42.9;0.0
84;2021-07-22;3568;3508;0;294747;244207;0;52.5;43.5;0.0
84;2021-07-23;3385;3438;0;298132;247645;0;53.1;44.1;0.0
84;2021-07-24;1525;2101;0;299657;249746;0;53.4;44.5;0.0
84;2021-07-25;877;432;0;300534;250178;0;53.6;44.6;0.0
84;2021-07-26;2507;2817;0;303041;252995;0;54.0;45.1;0.0
84;2021-07-27;3278;3225;0;306319;256220;0;54.6;45.7;0.0
84;2021-07-28;3431;2928;0;309750;259148;0;55.2;46.2;0.0
84;2021-07-29;3855;2929;0;313605;262077;0;55.9;46.7;0.0
84;2021-07-30;3746;3055;0;317351;265132;0;56.6;47.3;0.0
84;2021-07-31;1885;1565;0;319236;266697;0;56.9;47.5;0.0
84;2021-08-01;750;402;0;319986;267099;0;57.0;47.6;0.0
84;2021-08-02;2853;2465;0;322839;269564;0;57.5;48.1;0.0
84;2021-08-03;3729;2459;0;326568;272023;0;58.2;48.5;0.0
84;2021-08-04;3368;2236;0;329936;274259;0;58.8;48.9;0.0
84;2021-08-05;3482;2363;0;333418;276622;0;59.4;49.3;0.0
84;2021-08-06;3308;2594;0;336726;279216;0;60.0;49.8;0.0
84;2021-08-07;1755;1546;0;338481;280762;0;60.3;50.0;0.0
84;2021-08-08;321;607;0;338802;281369;0;60.4;50.2;0.0
84;2021-08-09;2548;2367;0;341350;283736;0;60.8;50.6;0.0
84;2021-08-10;3270;2565;0;344620;286301;0;61.4;51.0;0.0
84;2021-08-11;2828;2326;0;347448;288627;0;61.9;51.4;0.0
84;2021-08-12;2806;2678;0;350254;291305;0;62.4;51.9;0.0
84;2021-08-13;2658;2414;0;352912;293719;0;62.9;52.4;0.0
84;2021-08-14;1360;1641;0;354272;295360;0;63.2;52.6;0.0
84;2021-08-15;236;209;0;354508;295569;0;63.2;52.7;0.0
84;2021-08-16;2107;2852;0;356615;298421;0;63.6;53.2;0.0
84;2021-08-17;2344;2908;0;358959;301329;0;64.0;53.7;0.0
84;2021-08-18;2019;2583;0;360978;303912;0;64.3;54.2;0.0
84;2021-08-19;2096;2827;0;363074;306739;0;64.7;54.7;0.0
84;2021-08-20;1870;3014;0;364944;309753;0;65.1;55.2;0.0
84;2021-08-21;987;1722;0;365931;311475;0;65.2;55.5;0.0
84;2021-08-22;118;575;0;366049;312050;0;65.2;55.6;0.0
84;2021-08-23;1567;3039;0;367616;315089;0;65.5;56.2;0.0
84;2021-08-24;1759;3133;0;369375;318222;0;65.8;56.7;0.0
84;2021-08-25;1675;2999;0;371050;321221;0;66.1;57.3;0.0
84;2021-08-26;1441;3301;0;372491;324522;0;66.4;57.8;0.0
84;2021-08-27;1477;3441;0;373968;327963;0;66.7;58.5;0.0
84;2021-08-28;761;1983;0;374729;329946;0;66.8;58.8;0.0
84;2021-08-29;113;508;0;374842;330454;0;66.8;58.9;0.0
84;2021-08-30;1264;2890;41;376106;333344;41;67.0;59.4;0.0
84;2021-08-31;1240;3578;72;377346;336922;113;67.3;60.1;0.0
84;2021-09-01;1299;2996;143;378645;339918;256;67.5;60.6;0.0
84;2021-09-02;1123;2613;289;379768;342531;545;67.7;61.1;0.1
84;2021-09-03;1234;3154;227;381002;345685;772;67.9;61.6;0.1
84;2021-09-04;675;1726;74;381677;347411;846;68.0;61.9;0.2
84;2021-09-05;104;337;6;381781;347748;852;68.1;62.0;0.2
84;2021-09-06;784;2009;267;382565;349757;1119;68.2;62.3;0.2
84;2021-09-07;885;2155;372;383450;351912;1491;68.4;62.7;0.3
84;2021-09-08;836;2343;241;384286;354255;1732;68.5;63.1;0.3
84;2021-09-09;849;1908;388;385135;356163;2120;68.7;63.5;0.4
84;2021-09-10;873;2251;336;386008;358414;2456;68.8;63.9;0.4
84;2021-09-11;528;1559;120;386536;359973;2576;68.9;64.2;0.5
84;2021-09-12;86;192;5;386622;360165;2581;68.9;64.2;0.5
84;2021-09-13;654;1369;491;387276;361534;3072;69.0;64.4;0.5
84;2021-09-14;781;1397;526;388057;362931;3598;69.2;64.7;0.6
84;2021-09-15;774;1749;406;388831;364680;4004;69.3;65.0;0.7
84;2021-09-16;533;1149;499;389364;365829;4503;69.4;65.2;0.8
84;2021-09-17;577;1463;518;389941;367292;5021;69.5;65.5;0.9
84;2021-09-18;414;1252;141;390355;368544;5162;69.6;65.7;0.9
84;2021-09-19;43;140;0;390398;368684;5162;69.6;65.7;0.9
84;2021-09-20;312;818;317;390710;369502;5479;69.6;65.9;1.0
84;2021-09-21;361;1059;453;391071;370561;5932;69.7;66.1;1.1
84;2021-09-22;413;1435;488;391484;371996;6420;69.8;66.3;1.1
84;2021-09-23;357;1035;483;391841;373031;6903;69.8;66.5;1.2
84;2021-09-24;397;1143;348;392238;374174;7251;69.9;66.7;1.3
84;2021-09-25;286;1030;161;392524;375204;7412;70.0;66.9;1.3
84;2021-09-26;38;115;7;392562;375319;7419;70.0;66.9;1.3
84;2021-09-27;278;714;337;392840;376033;7756;70.0;67.0;1.4
84;2021-09-28;321;684;419;393161;376717;8175;70.1;67.2;1.5
84;2021-09-29;319;1072;430;393480;377789;8605;70.1;67.3;1.5
84;2021-09-30;337;813;503;393817;378602;9108;70.2;67.5;1.6
84;2021-10-01;569;800;398;394386;379402;9506;70.3;67.6;1.7
84;2021-10-02;261;708;183;394647;380110;9689;70.3;67.8;1.7
84;2021-10-03;34;72;2;394681;380182;9691;70.4;67.8;1.7
84;2021-10-04;365;506;415;395046;380688;10106;70.4;67.9;1.8
84;2021-10-05;352;485;468;395398;381173;10574;70.5;67.9;1.9
84;2021-10-06;361;733;497;395759;381906;11071;70.5;68.1;2.0
84;2021-10-07;353;599;569;396112;382505;11640;70.6;68.2;2.1
84;2021-10-08;441;722;680;396553;383227;12320;70.7;68.3;2.2
84;2021-10-09;216;548;209;396769;383775;12529;70.7;68.4;2.2
84;2021-10-10;25;91;6;396794;383866;12535;70.7;68.4;2.2
84;2021-10-11;284;362;322;397078;384228;12857;70.8;68.5;2.3
84;2021-10-12;334;402;637;397412;384630;13494;70.8;68.6;2.4
84;2021-10-13;390;567;609;397802;385197;14103;70.9;68.7;2.5
84;2021-10-14;279;396;555;398081;385593;14658;71.0;68.7;2.6
84;2021-10-15;300;557;665;398381;386150;15323;71.0;68.8;2.7
84;2021-10-16;287;373;225;398668;386523;15548;71.1;68.9;2.8
84;2021-10-17;23;47;7;398691;386570;15555;71.1;68.9;2.8
84;2021-10-18;252;352;553;398943;386922;16108;71.1;69.0;2.9
84;2021-10-19;221;380;787;399164;387302;16895;71.2;69.0;3.0
84;2021-10-20;313;459;934;399477;387761;17829;71.2;69.1;3.2
84;2021-10-21;219;361;680;399696;388122;18509;71.2;69.2;3.3
84;2021-10-22;247;482;830;399943;388604;19339;71.3;69.3;3.4
84;2021-10-23;209;285;222;400152;388889;19561;71.3;69.3;3.5
84;2021-10-24;20;28;4;400172;388917;19565;71.3;69.3;3.5
84;2021-10-25;252;356;613;400424;389273;20178;71.4;69.4;3.6
84;2021-10-26;243;324;758;400667;389597;20936;71.4;69.4;3.7
84;2021-10-27;223;397;1139;400890;389994;22075;71.5;69.5;3.9
84;2021-10-28;168;242;672;401058;390236;22747;71.5;69.6;4.1
84;2021-10-29;234;443;983;401292;390679;23730;71.5;69.6;4.2
84;2021-10-30;148;211;379;401440;390890;24109;71.6;69.7;4.3
84;2021-10-31;13;24;9;401453;390914;24118;71.6;69.7;4.3
84;2021-11-01;38;41;42;401491;390955;24160;71.6;69.7;4.3
84;2021-11-02;232;277;802;401723;391232;24962;71.6;69.7;4.4
84;2021-11-03;267;434;1050;401990;391666;26012;71.7;69.8;4.6
84;2021-11-04;170;251;920;402160;391917;26932;71.7;69.9;4.8
84;2021-11-05;234;346;1203;402394;392263;28135;71.7;69.9;5.0
84;2021-11-06;191;307;591;402585;392570;28726;71.8;70.0;5.1
84;2021-11-07;27;42;38;402612;392612;28764;71.8;70.0;5.1
84;2021-11-08;146;237;1054;402758;392849;29818;71.8;70.0;5.3
84;2021-11-09;184;344;1409;402942;393193;31227;71.8;70.1;5.6
84;2021-11-10;248;418;1539;403190;393611;32766;71.9;70.2;5.8
84;2021-11-11;45;45;156;403235;393656;32922;71.9;70.2;5.9
84;2021-11-12;207;243;1409;403442;393899;34331;71.9;70.2;6.1
84;2021-11-13;140;213;551;403582;394112;34882;71.9;70.3;6.2
84;2021-11-14;28;34;46;403610;394146;34928;71.9;70.3;6.2
84;2021-11-15;165;232;1240;403775;394378;36168;72.0;70.3;6.4
84;2021-11-16;177;271;1783;403952;394649;37951;72.0;70.3;6.8
84;2021-11-17;246;338;2049;404198;394987;40000;72.0;70.4;7.1
84;2021-11-18;186;243;1469;404384;395230;41469;72.1;70.5;7.4
84;2021-11-19;267;359;2016;404651;395589;43485;72.1;70.5;7.8
84;2021-11-20;184;205;771;404835;395794;44256;72.2;70.6;7.9
84;2021-11-21;17;32;85;404852;395826;44341;72.2;70.6;7.9
84;2021-11-22;176;220;1442;405028;396046;45783;72.2;70.6;8.2
84;2021-11-23;206;278;2333;405234;396324;48116;72.2;70.6;8.6
84;2021-11-24;246;313;2011;405480;396637;50127;72.3;70.7;8.9
84;2021-11-25;247;213;2224;405727;396850;52351;72.3;70.7;9.3
84;2021-11-26;246;333;3228;405973;397183;55579;72.4;70.8;9.9
84;2021-11-27;172;246;1762;406145;397429;57341;72.4;70.8;10.2
84;2021-11-28;38;48;411;406183;397477;57752;72.4;70.9;10.3
84;2021-11-29;128;195;2643;406311;397672;60395;72.4;70.9;10.8
84;2021-11-30;219;249;4039;406530;397921;64434;72.5;70.9;11.5
84;2021-12-01;234;281;3858;406764;398202;68292;72.5;71.0;12.2
84;2021-12-02;192;185;4778;406956;398387;73070;72.5;71.0;13.0
84;2021-12-03;239;261;5319;407195;398648;78389;72.6;71.1;14.0
84;2021-12-04;155;171;2563;407350;398819;80952;72.6;71.1;14.4
84;2021-12-05;51;49;751;407401;398868;81703;72.6;71.1;14.6
84;2021-12-06;138;180;3890;407539;399048;85593;72.6;71.1;15.3
84;2021-12-07;225;295;6381;407764;399343;91974;72.7;71.2;16.4
84;2021-12-08;226;305;5330;407990;399648;97304;72.7;71.2;17.3
84;2021-12-09;194;276;5965;408184;399924;103269;72.8;71.3;18.4
84;2021-12-10;207;346;5764;408391;400270;109033;72.8;71.3;19.4
84;2021-12-11;192;220;3021;408583;400490;112054;72.8;71.4;20.0
84;2021-12-12;69;52;1003;408652;400542;113057;72.8;71.4;20.2
84;2021-12-13;186;229;4333;408838;400771;117390;72.9;71.4;20.9
84;2021-12-14;272;328;6697;409110;401099;124087;72.9;71.5;22.1
84;2021-12-15;252;292;5819;409362;401391;129906;73.0;71.5;23.2
85;2020-12-27;0;0;0;0;0;0;0.0;0.0;0.0
85;2020-12-28;0;0;0;0;0;0;0.0;0.0;0.0
85;2020-12-29;0;0;0;0;0;0;0.0;0.0;0.0
85;2020-12-30;0;0;0;0;0;0;0.0;0.0;0.0
85;2020-12-31;0;0;0;0;0;0;0.0;0.0;0.0
85;2021-01-01;0;0;0;0;0;0;0.0;0.0;0.0
85;2021-01-02;0;0;0;0;0;0;0.0;0.0;0.0
85;2021-01-03;0;0;0;0;0;0;0.0;0.0;0.0
85;2021-01-04;22;0;0;22;0;0;0.0;0.0;0.0
85;2021-01-05;57;0;0;79;0;0;0.0;0.0;0.0
85;2021-01-06;94;1;0;173;1;0;0.0;0.0;0.0
85;2021-01-07;164;0;0;337;1;0;0.0;0.0;0.0
85;2021-01-08;289;2;0;626;3;0;0.1;0.0;0.0
85;2021-01-09;284;1;0;910;4;0;0.1;0.0;0.0
85;2021-01-10;66;0;0;976;4;0;0.1;0.0;0.0
85;2021-01-11;453;0;0;1429;4;0;0.2;0.0;0.0
85;2021-01-12;568;1;0;1997;5;0;0.3;0.0;0.0
85;2021-01-13;567;2;0;2564;7;0;0.4;0.0;0.0
85;2021-01-14;701;6;0;3265;13;0;0.5;0.0;0.0
85;2021-01-15;447;3;0;3712;16;0;0.5;0.0;0.0
85;2021-01-16;264;3;0;3976;19;0;0.6;0.0;0.0
85;2021-01-17;39;0;0;4015;19;0;0.6;0.0;0.0
85;2021-01-18;1010;3;0;5025;22;0;0.7;0.0;0.0
85;2021-01-19;1402;18;0;6427;40;0;0.9;0.0;0.0
85;2021-01-20;1917;6;0;8344;46;0;1.2;0.0;0.0
85;2021-01-21;3171;14;0;11515;60;0;1.7;0.0;0.0
85;2021-01-22;1685;20;0;13200;80;0;1.9;0.0;0.0
85;2021-01-23;458;1;0;13658;81;0;2.0;0.0;0.0
85;2021-01-24;46;0;0;13704;81;0;2.0;0.0;0.0
85;2021-01-25;581;1;0;14285;82;0;2.1;0.0;0.0
85;2021-01-26;928;31;0;15213;113;0;2.2;0.0;0.0
85;2021-01-27;1808;30;0;17021;143;0;2.5;0.0;0.0
85;2021-01-28;1733;23;0;18754;166;0;2.7;0.0;0.0
85;2021-01-29;892;72;0;19646;238;0;2.9;0.0;0.0
85;2021-01-30;155;9;0;19801;247;0;2.9;0.0;0.0
85;2021-01-31;4;50;0;19805;297;0;2.9;0.0;0.0
85;2021-02-01;480;118;0;20285;415;0;3.0;0.1;0.0
85;2021-02-02;548;172;0;20833;587;0;3.0;0.1;0.0
85;2021-02-03;427;283;0;21260;870;0;3.1;0.1;0.0
85;2021-02-04;622;280;0;21882;1150;0;3.2;0.2;0.0
85;2021-02-05;647;281;0;22529;1431;0;3.3;0.2;0.0
85;2021-02-06;158;238;0;22687;1669;0;3.3;0.2;0.0
85;2021-02-07;4;5;0;22691;1674;0;3.3;0.2;0.0
85;2021-02-08;380;649;0;23071;2323;0;3.4;0.3;0.0
85;2021-02-09;655;1029;0;23726;3352;0;3.5;0.5;0.0
85;2021-02-10;596;1135;0;24322;4487;0;3.6;0.7;0.0
85;2021-02-11;1507;2924;0;25829;7411;0;3.8;1.1;0.0
85;2021-02-12;1024;1289;0;26853;8700;0;3.9;1.3;0.0
85;2021-02-13;241;470;0;27094;9170;0;4.0;1.3;0.0
85;2021-02-14;3;127;0;27097;9297;0;4.0;1.4;0.0
85;2021-02-15;349;829;0;27446;10126;0;4.0;1.5;0.0
85;2021-02-16;586;1198;0;28032;11324;0;4.1;1.7;0.0
85;2021-02-17;760;1600;0;28792;12924;0;4.2;1.9;0.0
85;2021-02-18;1223;1949;0;30015;14873;0;4.4;2.2;0.0
85;2021-02-19;938;1210;0;30953;16083;0;4.5;2.4;0.0
85;2021-02-20;186;261;0;31139;16344;0;4.6;2.4;0.0
85;2021-02-21;3;13;0;31142;16357;0;4.6;2.4;0.0
85;2021-02-22;797;870;0;31939;17227;0;4.7;2.5;0.0
85;2021-02-23;825;520;0;32764;17747;0;4.8;2.6;0.0
85;2021-02-24;765;343;0;33529;18090;0;4.9;2.6;0.0
85;2021-02-25;1313;432;0;34842;18522;0;5.1;2.7;0.0
85;2021-02-26;1264;367;0;36106;18889;0;5.3;2.8;0.0
85;2021-02-27;422;105;0;36528;18994;0;5.3;2.8;0.0
85;2021-02-28;9;2;0;36537;18996;0;5.3;2.8;0.0
85;2021-03-01;768;435;0;37305;19431;0;5.5;2.8;0.0
85;2021-03-02;1098;766;0;38403;20197;0;5.6;3.0;0.0
85;2021-03-03;886;532;0;39289;20729;0;5.8;3.0;0.0
85;2021-03-04;1600;1164;0;40889;21893;0;6.0;3.2;0.0
85;2021-03-05;1793;878;0;42682;22771;0;6.2;3.3;0.0
85;2021-03-06;1202;137;0;43884;22908;0;6.4;3.4;0.0
85;2021-03-07;334;30;0;44218;22938;0;6.5;3.4;0.0
85;2021-03-08;1743;449;0;45961;23387;0;6.7;3.4;0.0
85;2021-03-09;2237;593;0;48198;23980;0;7.1;3.5;0.0
85;2021-03-10;1882;651;0;50080;24631;0;7.3;3.6;0.0
85;2021-03-11;3168;1080;0;53248;25711;0;7.8;3.8;0.0
85;2021-03-12;2780;854;0;56028;26565;0;8.2;3.9;0.0
85;2021-03-13;1393;173;0;57421;26738;0;8.4;3.9;0.0
85;2021-03-14;175;4;0;57596;26742;0;8.4;3.9;0.0
85;2021-03-15;1939;508;0;59535;27250;0;8.7;4.0;0.0
85;2021-03-16;1620;483;0;61155;27733;0;9.0;4.1;0.0
85;2021-03-17;985;514;0;62140;28247;0;9.1;4.1;0.0
85;2021-03-18;1869;452;0;64009;28699;0;9.4;4.2;0.0
85;2021-03-19;2249;362;0;66258;29061;0;9.7;4.3;0.0
85;2021-03-20;1085;174;0;67343;29235;0;9.9;4.3;0.0
85;2021-03-21;276;5;0;67619;29240;0;9.9;4.3;0.0
85;2021-03-22;1811;541;0;69430;29781;0;10.2;4.4;0.0
85;2021-03-23;2488;749;0;71918;30530;0;10.5;4.5;0.0
85;2021-03-24;2239;521;0;74157;31051;0;10.9;4.5;0.0
85;2021-03-25;3711;612;0;77868;31663;0;11.4;4.6;0.0
85;2021-03-26;3380;673;0;81248;32336;0;11.9;4.7;0.0
85;2021-03-27;1737;124;0;82985;32460;0;12.1;4.8;0.0
85;2021-03-28;548;6;0;83533;32466;0;12.2;4.8;0.0
85;2021-03-29;2422;760;0;85955;33226;0;12.6;4.9;0.0
85;2021-03-30;2884;1008;0;88839;34234;0;13.0;5.0;0.0
85;2021-03-31;2323;674;0;91162;34908;0;13.3;5.1;0.0
85;2021-04-01;3827;925;0;94989;35833;0;13.9;5.2;0.0
85;2021-04-02;2832;1125;0;97821;36958;0;14.3;5.4;0.0
85;2021-04-03;1395;321;0;99216;37279;0;14.5;5.5;0.0
85;2021-04-04;324;34;0;99540;37313;0;14.6;5.5;0.0
85;2021-04-05;140;172;0;99680;37485;0;14.6;5.5;0.0
85;2021-04-06;2169;1589;0;101849;39074;0;14.9;5.7;0.0
85;2021-04-07;3094;1193;0;104943;40267;0;15.4;5.9;0.0
85;2021-04-08;4569;1591;0;109512;41858;0;16.0;6.1;0.0
85;2021-04-09;4600;1210;0;114112;43068;0;16.7;6.3;0.0
85;2021-04-10;1799;400;0;115911;43468;0;17.0;6.4;0.0
85;2021-04-11;44;17;0;115955;43485;0;17.0;6.4;0.0
85;2021-04-12;4177;1436;0;120132;44921;0;17.6;6.6;0.0
85;2021-04-13;4652;1852;0;124784;46773;0;18.3;6.8;0.0
85;2021-04-14;4026;1050;0;128810;47823;0;18.9;7.0;0.0
85;2021-04-15;5361;1757;0;134171;49580;0;19.6;7.3;0.0
85;2021-04-16;5073;1577;0;139244;51157;0;20.4;7.5;0.0
85;2021-04-17;1407;433;0;140651;51590;0;20.6;7.6;0.0
85;2021-04-18;368;31;0;141019;51621;0;20.6;7.6;0.0
85;2021-04-19;3305;1689;0;144324;53310;0;21.1;7.8;0.0
85;2021-04-20;3719;1934;0;148043;55244;0;21.7;8.1;0.0
85;2021-04-21;2747;1687;0;150790;56931;0;22.1;8.3;0.0
85;2021-04-22;3765;2174;0;154555;59105;0;22.6;8.7;0.0
85;2021-04-23;4011;2112;0;158566;61217;0;23.2;9.0;0.0
85;2021-04-24;1653;1497;0;160219;62714;0;23.5;9.2;0.0
85;2021-04-25;952;569;0;161171;63283;0;23.6;9.3;0.0
85;2021-04-26;3631;2289;0;164802;65572;0;24.1;9.6;0.0
85;2021-04-27;4369;2202;0;169171;67774;0;24.8;9.9;0.0
85;2021-04-28;5711;1414;0;174882;69188;0;25.6;10.1;0.0
85;2021-04-29;5535;2026;0;180417;71214;0;26.4;10.4;0.0
85;2021-04-30;5569;1806;0;185986;73020;0;27.2;10.7;0.0
85;2021-05-01;1587;667;0;187573;73687;0;27.5;10.8;0.0
85;2021-05-02;721;443;0;188294;74130;0;27.6;10.9;0.0
85;2021-05-03;3535;2267;0;191829;76397;0;28.1;11.2;0.0
85;2021-05-04;3477;2970;0;195306;79367;0;28.6;11.6;0.0
85;2021-05-05;4564;2179;0;199870;81546;0;29.3;11.9;0.0
85;2021-05-06;4809;2624;0;204679;84170;0;30.0;12.3;0.0
85;2021-05-07;3975;3751;0;208654;87921;0;30.5;12.9;0.0
85;2021-05-08;2066;242;0;210720;88163;0;30.8;12.9;0.0
85;2021-05-09;1374;170;0;212094;88333;0;31.0;12.9;0.0
85;2021-05-10;3333;4758;0;215427;93091;0;31.5;13.6;0.0
85;2021-05-11;4109;4839;0;219536;97930;0;32.1;14.3;0.0
85;2021-05-12;5049;3963;0;224585;101893;0;32.9;14.9;0.0
85;2021-05-13;4537;571;0;229122;102464;0;33.5;15.0;0.0
85;2021-05-14;4191;3022;0;233313;105486;0;34.2;15.4;0.0
85;2021-05-15;2204;739;0;235517;106225;0;34.5;15.5;0.0
85;2021-05-16;1952;134;0;237469;106359;0;34.8;15.6;0.0
85;2021-05-17;4020;3280;0;241489;109639;0;35.3;16.0;0.0
85;2021-05-18;5070;2824;0;246559;112463;0;36.1;16.5;0.0
85;2021-05-19;6239;1771;0;252798;114234;0;37.0;16.7;0.0
85;2021-05-20;6405;2185;0;259203;116419;0;37.9;17.0;0.0
85;2021-05-21;5283;2771;0;264486;119190;0;38.7;17.4;0.0
85;2021-05-22;2288;727;0;266774;119917;0;39.0;17.6;0.0
85;2021-05-23;957;126;0;267731;120043;0;39.2;17.6;0.0
85;2021-05-24;3826;399;0;271557;120442;0;39.7;17.6;0.0
85;2021-05-25;4151;3542;0;275708;123984;0;40.4;18.1;0.0
85;2021-05-26;4893;2670;0;280601;126654;0;41.1;18.5;0.0
85;2021-05-27;4769;3592;0;285370;130246;0;41.8;19.1;0.0
85;2021-05-28;5144;4003;0;290514;134249;0;42.5;19.7;0.0
85;2021-05-29;3539;1498;0;294053;135747;0;43.0;19.9;0.0
85;2021-05-30;754;101;0;294807;135848;0;43.2;19.9;0.0
85;2021-05-31;4464;3380;0;299271;139228;0;43.8;20.4;0.0
85;2021-06-01;5081;3427;0;304352;142655;0;44.5;20.9;0.0
85;2021-06-02;5519;2580;0;309871;145235;0;45.4;21.3;0.0
85;2021-06-03;5868;3271;0;315739;148506;0;46.2;21.7;0.0
85;2021-06-04;5843;3844;0;321582;152350;0;47.1;22.3;0.0
85;2021-06-05;2594;1890;0;324176;154240;0;47.5;22.6;0.0
85;2021-06-06;1250;827;0;325426;155067;0;47.6;22.7;0.0
85;2021-06-07;3268;4800;0;328694;159867;0;48.1;23.4;0.0
85;2021-06-08;4030;4538;0;332724;164405;0;48.7;24.1;0.0
85;2021-06-09;5116;3594;0;337840;167999;0;49.5;24.6;0.0
85;2021-06-10;5223;3631;0;343063;171630;0;50.2;25.1;0.0
85;2021-06-11;4795;4583;0;347858;176213;0;50.9;25.8;0.0
85;2021-06-12;1654;1793;0;349512;178006;0;51.2;26.1;0.0
85;2021-06-13;763;616;0;350275;178622;0;51.3;26.1;0.0
85;2021-06-14;2648;5036;0;352923;183658;0;51.7;26.9;0.0
85;2021-06-15;3762;4986;0;356685;188644;0;52.2;27.6;0.0
85;2021-06-16;4283;3848;0;360968;192492;0;52.8;28.2;0.0
85;2021-06-17;4087;3763;0;365055;196255;0;53.4;28.7;0.0
85;2021-06-18;3732;5608;0;368787;201863;0;54.0;29.5;0.0
85;2021-06-19;1287;1938;0;370074;203801;0;54.2;29.8;0.0
85;2021-06-20;117;471;0;370191;204272;0;54.2;29.9;0.0
85;2021-06-21;2426;5757;0;372617;210029;0;54.5;30.7;0.0
85;2021-06-22;2917;5648;0;375534;215677;0;55.0;31.6;0.0
85;2021-06-23;3578;4444;0;379112;220121;0;55.5;32.2;0.0
85;2021-06-24;3819;4374;0;382931;224495;0;56.1;32.9;0.0
85;2021-06-25;2581;6106;0;385512;230601;0;56.4;33.8;0.0
85;2021-06-26;890;3592;0;386402;234193;0;56.6;34.3;0.0
85;2021-06-27;111;1284;0;386513;235477;0;56.6;34.5;0.0
85;2021-06-28;1337;6592;0;387850;242069;0;56.8;35.4;0.0
85;2021-06-29;1964;6711;0;389814;248780;0;57.1;36.4;0.0
85;2021-06-30;2396;6039;0;392210;254819;0;57.4;37.3;0.0
85;2021-07-01;3064;5799;0;395274;260618;0;57.9;38.1;0.0
85;2021-07-02;2510;6763;0;397784;267381;0;58.2;39.1;0.0
85;2021-07-03;647;3001;0;398431;270382;0;58.3;39.6;0.0
85;2021-07-04;125;977;0;398556;271359;0;58.3;39.7;0.0
85;2021-07-05;1103;6329;2;399659;277688;2;58.5;40.6;0.0
85;2021-07-06;1651;6212;0;401310;283900;2;58.7;41.6;0.0
85;2021-07-07;1687;5762;0;402997;289662;2;59.0;42.4;0.0
85;2021-07-08;2269;5343;0;405266;295005;2;59.3;43.2;0.0
85;2021-07-09;1749;6973;0;407015;301978;2;59.6;44.2;0.0
85;2021-07-10;564;2647;0;407579;304625;2;59.7;44.6;0.0
85;2021-07-11;426;896;0;408005;305521;2;59.7;44.7;0.0
85;2021-07-12;1348;6741;0;409353;312262;2;59.9;45.7;0.0
85;2021-07-13;2042;7368;0;411395;319630;2;60.2;46.8;0.0
85;2021-07-14;1301;1658;0;412696;321288;2;60.4;47.0;0.0
85;2021-07-15;2605;6815;0;415301;328103;2;60.8;48.0;0.0
85;2021-07-16;3352;6818;0;418653;334921;2;61.3;49.0;0.0
85;2021-07-17;1573;2133;0;420226;337054;2;61.5;49.3;0.0
85;2021-07-18;843;822;0;421069;337876;2;61.6;49.5;0.0
85;2021-07-19;3146;6044;0;424215;343920;2;62.1;50.3;0.0
85;2021-07-20;3779;6094;0;427994;350014;2;62.6;51.2;0.0
85;2021-07-21;3606;6066;0;431600;356080;2;63.2;52.1;0.0
85;2021-07-22;3737;6030;0;435337;362110;2;63.7;53.0;0.0
85;2021-07-23;4237;6555;0;439574;368665;2;64.3;54.0;0.0
85;2021-07-24;1411;2296;0;440985;370961;2;64.5;54.3;0.0
85;2021-07-25;441;278;0;441426;371239;2;64.6;54.3;0.0
85;2021-07-26;4106;5128;0;445532;376367;2;65.2;55.1;0.0
85;2021-07-27;4756;5336;0;450288;381703;2;65.9;55.9;0.0
85;2021-07-28;4779;4876;0;455067;386579;2;66.6;56.6;0.0
85;2021-07-29;5611;4665;0;460678;391244;2;67.4;57.3;0.0
85;2021-07-30;5667;4813;0;466345;396057;2;68.3;58.0;0.0
85;2021-07-31;1301;1572;0;467646;397629;2;68.5;58.2;0.0
85;2021-08-01;377;130;0;468023;397759;2;68.5;58.2;0.0
85;2021-08-02;4420;3618;0;472443;401377;2;69.2;58.8;0.0
85;2021-08-03;5889;3338;0;478332;404715;2;70.0;59.2;0.0
85;2021-08-04;6192;3297;1;484524;408012;3;70.9;59.7;0.0
85;2021-08-05;5784;3312;0;490308;411324;3;71.8;60.2;0.0
85;2021-08-06;5373;4142;0;495681;415466;3;72.6;60.8;0.0
85;2021-08-07;1448;1065;0;497129;416531;3;72.8;61.0;0.0
85;2021-08-08;285;176;0;497414;416707;3;72.8;61.0;0.0
85;2021-08-09;4046;2990;0;501460;419697;3;73.4;61.4;0.0
85;2021-08-10;4773;2970;0;506233;422667;3;74.1;61.9;0.0
85;2021-08-11;4572;3679;0;510805;426346;3;74.8;62.4;0.0
85;2021-08-12;4245;3564;0;515050;429910;3;75.4;62.9;0.0
85;2021-08-13;3871;3267;0;518921;433177;3;76.0;63.4;0.0
85;2021-08-14;1019;922;0;519940;434099;3;76.1;63.5;0.0
85;2021-08-15;122;179;0;520062;434278;3;76.1;63.6;0.0
85;2021-08-16;2838;4123;0;522900;438401;3;76.5;64.2;0.0
85;2021-08-17;2983;3716;0;525883;442117;3;77.0;64.7;0.0
85;2021-08-18;3131;3584;0;529014;445701;3;77.4;65.2;0.0
85;2021-08-19;2589;3756;1;531603;449457;4;77.8;65.8;0.0
85;2021-08-20;2455;4823;0;534058;454280;4;78.2;66.5;0.0
85;2021-08-21;639;1281;0;534697;455561;4;78.3;66.7;0.0
85;2021-08-22;265;734;0;534962;456295;4;78.3;66.8;0.0
85;2021-08-23;1875;4921;1;536837;461216;5;78.6;67.5;0.0
85;2021-08-24;1888;4565;1;538725;465781;6;78.9;68.2;0.0
85;2021-08-25;1672;4633;0;540397;470414;6;79.1;68.9;0.0
85;2021-08-26;1539;4546;1;541936;474960;7;79.3;69.5;0.0
85;2021-08-27;1761;5182;1;543697;480142;8;79.6;70.3;0.0
85;2021-08-28;555;1313;0;544252;481455;8;79.7;70.5;0.0
85;2021-08-29;103;737;0;544355;482192;8;79.7;70.6;0.0
85;2021-08-30;1099;4917;26;545454;487109;34;79.8;71.3;0.0
85;2021-08-31;1185;5406;72;546639;492515;106;80.0;72.1;0.0
85;2021-09-01;1190;4969;162;547829;497484;268;80.2;72.8;0.0
85;2021-09-02;975;4012;232;548804;501496;500;80.3;73.4;0.1
85;2021-09-03;1249;4271;299;550053;505767;799;80.5;74.0;0.1
85;2021-09-04;390;1423;81;550443;507190;880;80.6;74.2;0.1
85;2021-09-05;30;164;15;550473;507354;895;80.6;74.3;0.1
85;2021-09-06;841;3461;404;551314;510815;1299;80.7;74.8;0.2
85;2021-09-07;861;2973;404;552175;513788;1703;80.8;75.2;0.2
85;2021-09-08;890;3531;265;553065;517319;1968;81.0;75.7;0.3
85;2021-09-09;638;2499;412;553703;519818;2380;81.0;76.1;0.3
85;2021-09-10;798;3460;338;554501;523278;2718;81.2;76.6;0.4
85;2021-09-11;285;1356;74;554786;524634;2792;81.2;76.8;0.4
85;2021-09-12;17;45;24;554803;524679;2816;81.2;76.8;0.4
85;2021-09-13;560;2220;479;555363;526899;3295;81.3;77.1;0.5
85;2021-09-14;565;1700;788;555928;528599;4083;81.4;77.4;0.6
85;2021-09-15;630;2650;587;556558;531249;4670;81.5;77.8;0.7
85;2021-09-16;406;1373;618;556964;532622;5288;81.5;78.0;0.8
85;2021-09-17;728;2485;605;557692;535107;5893;81.6;78.3;0.9
85;2021-09-18;201;957;89;557893;536064;5982;81.7;78.5;0.9
85;2021-09-19;10;35;6;557903;536099;5988;81.7;78.5;0.9
85;2021-09-20;343;1367;631;558246;537466;6619;81.7;78.7;1.0
85;2021-09-21;431;1107;952;558677;538573;7571;81.8;78.8;1.1
85;2021-09-22;429;2018;844;559106;540591;8415;81.8;79.1;1.2
85;2021-09-23;772;1004;1018;559878;541595;9433;82.0;79.3;1.4
85;2021-09-24;604;2038;686;560482;543633;10119;82.0;79.6;1.5
85;2021-09-25;155;888;150;560637;544521;10269;82.1;79.7;1.5
85;2021-09-26;6;8;0;560643;544529;10269;82.1;79.7;1.5
85;2021-09-27;368;949;973;561011;545478;11242;82.1;79.8;1.6
85;2021-09-28;244;612;758;561255;546090;12000;82.2;79.9;1.8
85;2021-09-29;400;1327;653;561655;547417;12653;82.2;80.1;1.9
85;2021-09-30;336;770;1184;561991;548187;13837;82.3;80.2;2.0
85;2021-10-01;455;960;728;562446;549147;14565;82.3;80.4;2.1
85;2021-10-02;187;538;159;562633;549685;14724;82.4;80.5;2.2
85;2021-10-03;8;18;12;562641;549703;14736;82.4;80.5;2.2
85;2021-10-04;216;698;758;562857;550401;15494;82.4;80.6;2.3
85;2021-10-05;303;455;674;563160;550856;16168;82.4;80.6;2.4
85;2021-10-06;395;884;761;563555;551740;16929;82.5;80.8;2.5
85;2021-10-07;244;415;1063;563799;552155;17992;82.5;80.8;2.6
85;2021-10-08;367;1023;884;564166;553178;18876;82.6;81.0;2.8
85;2021-10-09;124;331;155;564290;553509;19031;82.6;81.0;2.8
85;2021-10-10;14;17;5;564304;553526;19036;82.6;81.0;2.8
85;2021-10-11;229;488;957;564533;554014;19993;82.6;81.1;2.9
85;2021-10-12;170;328;593;564703;554342;20586;82.7;81.1;3.0
85;2021-10-13;342;668;861;565045;555010;21447;82.7;81.2;3.1
85;2021-10-14;203;580;790;565248;555590;22237;82.7;81.3;3.3
85;2021-10-15;262;842;919;565510;556432;23156;82.8;81.4;3.4
85;2021-10-16;108;168;160;565618;556600;23316;82.8;81.5;3.4
85;2021-10-17;2;10;7;565620;556610;23323;82.8;81.5;3.4
85;2021-10-18;239;357;900;565859;556967;24223;82.8;81.5;3.5
85;2021-10-19;76;198;619;565935;557165;24842;82.8;81.6;3.6
85;2021-10-20;178;591;1186;566113;557756;26028;82.9;81.6;3.8
85;2021-10-21;125;363;1488;566238;558119;27516;82.9;81.7;4.0
85;2021-10-22;172;653;1301;566410;558772;28817;82.9;81.8;4.2
85;2021-10-23;44;156;186;566454;558928;29003;82.9;81.8;4.2
85;2021-10-24;1;2;1;566455;558930;29004;82.9;81.8;4.2
85;2021-10-25;166;244;1133;566621;559174;30137;82.9;81.8;4.4
85;2021-10-26;61;139;542;566682;559313;30679;82.9;81.9;4.5
85;2021-10-27;173;456;1373;566855;559769;32052;83.0;81.9;4.7
85;2021-10-28;127;186;1056;566982;559955;33108;83.0;82.0;4.8
85;2021-10-29;134;375;1578;567116;560330;34686;83.0;82.0;5.1
85;2021-10-30;31;105;241;567147;560435;34927;83.0;82.0;5.1
85;2021-10-31;0;1;0;567147;560436;34927;83.0;82.0;5.1
85;2021-11-01;1;2;4;567148;560438;34931;83.0;82.0;5.1
85;2021-11-02;117;302;1255;567265;560740;36186;83.0;82.1;5.3
85;2021-11-03;183;364;1910;567448;561104;38096;83.1;82.1;5.6
85;2021-11-04;109;221;1704;567557;561325;39800;83.1;82.2;5.8
85;2021-11-05;133;323;1812;567690;561648;41612;83.1;82.2;6.1
85;2021-11-06;34;109;444;567724;561757;42056;83.1;82.2;6.2
85;2021-11-07;2;8;19;567726;561765;42075;83.1;82.2;6.2
85;2021-11-08;103;274;1944;567829;562039;44019;83.1;82.3;6.4
85;2021-11-09;85;165;1800;567914;562204;45819;83.1;82.3;6.7
85;2021-11-10;158;260;2714;568072;562464;48533;83.2;82.3;7.1
85;2021-11-11;2;3;59;568074;562467;48592;83.2;82.3;7.1
85;2021-11-12;86;158;1791;568160;562625;50383;83.2;82.4;7.4
85;2021-11-13;24;64;471;568184;562689;50854;83.2;82.4;7.4
85;2021-11-14;2;2;10;568186;562691;50864;83.2;82.4;7.4
85;2021-11-15;76;189;2474;568262;562880;53338;83.2;82.4;7.8
85;2021-11-16;96;127;2661;568358;563007;55999;83.2;82.4;8.2
85;2021-11-17;152;261;2944;568510;563268;58943;83.2;82.4;8.6
85;2021-11-18;99;132;2708;568609;563400;61651;83.2;82.5;9.0
85;2021-11-19;124;202;3080;568733;563602;64731;83.2;82.5;9.5
85;2021-11-20;48;81;555;568781;563683;65286;83.3;82.5;9.6
85;2021-11-21;1;2;2;568782;563685;65288;83.3;82.5;9.6
85;2021-11-22;143;110;3186;568925;563795;68474;83.3;82.5;10.0
85;2021-11-23;136;82;3583;569061;563877;72057;83.3;82.5;10.5
85;2021-11-24;182;257;3142;569243;564134;75199;83.3;82.6;11.0
85;2021-11-25;128;146;3543;569371;564280;78742;83.3;82.6;11.5
85;2021-11-26;129;190;4304;569500;564470;83046;83.4;82.6;12.2
85;2021-11-27;47;83;1633;569547;564553;84679;83.4;82.6;12.4
85;2021-11-28;18;10;909;569565;564563;85588;83.4;82.6;12.5
85;2021-11-29;116;152;4709;569681;564715;90297;83.4;82.7;13.2
85;2021-11-30;147;107;5446;569828;564822;95743;83.4;82.7;14.0
85;2021-12-01;145;153;6095;569973;564975;101838;83.4;82.7;14.9
85;2021-12-02;80;63;5843;570053;565038;107681;83.4;82.7;15.8
85;2021-12-03;96;125;7176;570149;565163;114857;83.5;82.7;16.8
85;2021-12-04;40;41;2559;570189;565204;117416;83.5;82.7;17.2
85;2021-12-05;7;2;425;570196;565206;117841;83.5;82.7;17.2
85;2021-12-06;70;102;6728;570266;565308;124569;83.5;82.7;18.2
85;2021-12-07;71;99;6708;570337;565407;131277;83.5;82.8;19.2
85;2021-12-08;99;155;7368;570436;565562;138645;83.5;82.8;20.3
85;2021-12-09;77;116;7346;570513;565678;145991;83.5;82.8;21.4
85;2021-12-10;121;163;9093;570634;565841;155084;83.5;82.8;22.7
85;2021-12-11;68;55;2776;570702;565896;157860;83.5;82.8;23.1
85;2021-12-12;6;10;1039;570708;565906;158899;83.5;82.8;23.3
85;2021-12-13;85;127;9097;570793;566033;167996;83.5;82.9;24.6
85;2021-12-14;103;150;10159;570896;566183;178155;83.6;82.9;26.1
85;2021-12-15;119;217;9239;571015;566400;187394;83.6;82.9;27.4
86;2020-12-27;0;0;0;0;0;0;0.0;0.0;0.0
86;2020-12-28;0;0;0;0;0;0;0.0;0.0;0.0
86;2020-12-29;1;0;0;1;0;0;0.0;0.0;0.0
86;2020-12-30;0;0;0;1;0;0;0.0;0.0;0.0
86;2020-12-31;0;0;0;1;0;0;0.0;0.0;0.0
86;2021-01-01;1;0;0;2;0;0;0.0;0.0;0.0
86;2021-01-02;1;0;0;3;0;0;0.0;0.0;0.0
86;2021-01-03;0;0;0;3;0;0;0.0;0.0;0.0
86;2021-01-04;1;0;0;4;0;0;0.0;0.0;0.0
86;2021-01-05;3;0;0;7;0;0;0.0;0.0;0.0
86;2021-01-06;166;1;0;173;1;0;0.0;0.0;0.0
86;2021-01-07;661;0;0;834;1;0;0.2;0.0;0.0
86;2021-01-08;592;3;0;1426;4;0;0.3;0.0;0.0
86;2021-01-09;2;0;0;1428;4;0;0.3;0.0;0.0
86;2021-01-10;165;0;0;1593;4;0;0.4;0.0;0.0
86;2021-01-11;305;0;0;1898;4;0;0.4;0.0;0.0
86;2021-01-12;462;1;0;2360;5;0;0.5;0.0;0.0
86;2021-01-13;340;1;0;2700;6;0;0.6;0.0;0.0
86;2021-01-14;561;1;0;3261;7;0;0.7;0.0;0.0
86;2021-01-15;551;3;0;3812;10;0;0.9;0.0;0.0
86;2021-01-16;5;0;0;3817;10;0;0.9;0.0;0.0
86;2021-01-17;0;0;0;3817;10;0;0.9;0.0;0.0
86;2021-01-18;564;0;0;4381;10;0;1.0;0.0;0.0
86;2021-01-19;1820;2;0;6201;12;0;1.4;0.0;0.0
86;2021-01-20;1440;27;0;7641;39;0;1.7;0.0;0.0
86;2021-01-21;1262;3;0;8903;42;0;2.0;0.0;0.0
86;2021-01-22;824;2;0;9727;44;0;2.2;0.0;0.0
86;2021-01-23;295;2;0;10022;46;0;2.3;0.0;0.0
86;2021-01-24;1;0;0;10023;46;0;2.3;0.0;0.0
86;2021-01-25;588;108;0;10611;154;0;2.4;0.0;0.0
86;2021-01-26;731;120;0;11342;274;0;2.6;0.1;0.0
86;2021-01-27;761;152;0;12103;426;0;2.8;0.1;0.0
86;2021-01-28;1018;413;0;13121;839;0;3.0;0.2;0.0
86;2021-01-29;877;217;0;13998;1056;0;3.2;0.2;0.0
86;2021-01-30;259;101;0;14257;1157;0;3.3;0.3;0.0
86;2021-01-31;54;151;0;14311;1308;0;3.3;0.3;0.0
86;2021-02-01;416;213;0;14727;1521;0;3.4;0.3;0.0
86;2021-02-02;561;376;0;15288;1897;0;3.5;0.4;0.0
86;2021-02-03;521;234;0;15809;2131;0;3.6;0.5;0.0
86;2021-02-04;453;367;0;16262;2498;0;3.7;0.6;0.0
86;2021-02-05;437;725;0;16699;3223;0;3.8;0.7;0.0
86;2021-02-06;137;195;0;16836;3418;0;3.8;0.8;0.0
86;2021-02-07;103;4;0;16939;3422;0;3.9;0.8;0.0
86;2021-02-08;353;312;0;17292;3734;0;4.0;0.9;0.0
86;2021-02-09;737;1070;0;18029;4804;0;4.1;1.1;0.0
86;2021-02-10;941;903;0;18970;5707;0;4.3;1.3;0.0
86;2021-02-11;948;983;0;19918;6690;0;4.6;1.5;0.0
86;2021-02-12;698;405;0;20616;7095;0;4.7;1.6;0.0
86;2021-02-13;179;96;0;20795;7191;0;4.8;1.6;0.0
86;2021-02-14;1;32;0;20796;7223;0;4.8;1.7;0.0
86;2021-02-15;245;496;0;21041;7719;0;4.8;1.8;0.0
86;2021-02-16;372;842;0;21413;8561;0;4.9;2.0;0.0
86;2021-02-17;434;875;0;21847;9436;0;5.0;2.2;0.0
86;2021-02-18;431;894;0;22278;10330;0;5.1;2.4;0.0
86;2021-02-19;577;620;0;22855;10950;0;5.2;2.5;0.0
86;2021-02-20;110;173;0;22965;11123;0;5.3;2.5;0.0
86;2021-02-21;3;3;0;22968;11126;0;5.3;2.5;0.0
86;2021-02-22;225;432;0;23193;11558;0;5.3;2.6;0.0
86;2021-02-23;368;581;0;23561;12139;0;5.4;2.8;0.0
86;2021-02-24;394;586;0;23955;12725;0;5.5;2.9;0.0
86;2021-02-25;857;646;0;24812;13371;0;5.7;3.1;0.0
86;2021-02-26;983;553;0;25795;13924;0;5.9;3.2;0.0
86;2021-02-27;460;134;0;26255;14058;0;6.0;3.2;0.0
86;2021-02-28;7;2;0;26262;14060;0;6.0;3.2;0.0
86;2021-03-01;240;479;0;26502;14539;0;6.1;3.3;0.0
86;2021-03-02;1121;819;0;27623;15358;0;6.3;3.5;0.0
86;2021-03-03;807;627;0;28430;15985;0;6.5;3.7;0.0
86;2021-03-04;1485;583;0;29915;16568;0;6.8;3.8;0.0
86;2021-03-05;1564;322;0;31479;16890;0;7.2;3.9;0.0
86;2021-03-06;976;165;0;32455;17055;0;7.4;3.9;0.0
86;2021-03-07;342;38;0;32797;17093;0;7.5;3.9;0.0
86;2021-03-08;461;522;0;33258;17615;0;7.6;4.0;0.0
86;2021-03-09;1339;501;0;34597;18116;0;7.9;4.1;0.0
86;2021-03-10;939;609;0;35536;18725;0;8.1;4.3;0.0
86;2021-03-11;1774;474;0;37310;19199;0;8.5;4.4;0.0
86;2021-03-12;2150;414;0;39460;19613;0;9.0;4.5;0.0
86;2021-03-13;1402;91;0;40862;19704;0;9.3;4.5;0.0
86;2021-03-14;126;13;0;40988;19717;0;9.4;4.5;0.0
86;2021-03-15;744;160;0;41732;19877;0;9.5;4.5;0.0
86;2021-03-16;820;206;0;42552;20083;0;9.7;4.6;0.0
86;2021-03-17;729;213;0;43281;20296;0;9.9;4.6;0.0
86;2021-03-18;892;110;0;44173;20406;0;10.1;4.7;0.0
86;2021-03-19;2038;340;0;46211;20746;0;10.6;4.7;0.0
86;2021-03-20;605;127;0;46816;20873;0;10.7;4.8;0.0
86;2021-03-21;14;0;0;46830;20873;0;10.7;4.8;0.0
86;2021-03-22;812;272;0;47642;21145;0;10.9;4.8;0.0
86;2021-03-23;1967;332;0;49609;21477;0;11.3;4.9;0.0
86;2021-03-24;1497;339;0;51106;21816;0;11.7;5.0;0.0
86;2021-03-25;2381;364;0;53487;22180;0;12.2;5.1;0.0
86;2021-03-26;2906;366;0;56393;22546;0;12.9;5.2;0.0
86;2021-03-27;731;141;0;57124;22687;0;13.1;5.2;0.0
86;2021-03-28;8;111;0;57132;22798;0;13.1;5.2;0.0
86;2021-03-29;1159;382;0;58291;23180;0;13.3;5.3;0.0
86;2021-03-30;2305;801;0;60596;23981;0;13.9;5.5;0.0
86;2021-03-31;1444;616;0;62040;24597;0;14.2;5.6;0.0
86;2021-04-01;2156;920;0;64196;25517;0;14.7;5.8;0.0
86;2021-04-02;1883;529;0;66079;26046;0;15.1;6.0;0.0
86;2021-04-03;796;286;0;66875;26332;0;15.3;6.0;0.0
86;2021-04-04;80;96;0;66955;26428;0;15.3;6.0;0.0
86;2021-04-05;286;4;0;67241;26432;0;15.4;6.0;0.0
86;2021-04-06;1543;915;0;68784;27347;0;15.7;6.3;0.0
86;2021-04-07;1618;606;0;70402;27953;0;16.1;6.4;0.0
86;2021-04-08;2516;751;0;72918;28704;0;16.7;6.6;0.0
86;2021-04-09;3226;620;0;76144;29324;0;17.4;6.7;0.0
86;2021-04-10;1614;181;0;77758;29505;0;17.8;6.7;0.0
86;2021-04-11;425;11;0;78183;29516;0;17.9;6.7;0.0
86;2021-04-12;808;707;0;78991;30223;0;18.1;6.9;0.0
86;2021-04-13;2381;883;0;81372;31106;0;18.6;7.1;0.0
86;2021-04-14;1836;828;0;83208;31934;0;19.0;7.3;0.0
86;2021-04-15;2255;673;0;85463;32607;0;19.5;7.5;0.0
86;2021-04-16;2397;1169;0;87860;33776;0;20.1;7.7;0.0
86;2021-04-17;1044;276;0;88904;34052;0;20.3;7.8;0.0
86;2021-04-18;122;5;0;89026;34057;0;20.4;7.8;0.0
86;2021-04-19;759;744;0;89785;34801;0;20.5;8.0;0.0
86;2021-04-20;2326;1468;0;92111;36269;0;21.1;8.3;0.0
86;2021-04-21;2038;1032;0;94149;37301;0;21.5;8.5;0.0
86;2021-04-22;2253;1314;0;96402;38615;0;22.0;8.8;0.0
86;2021-04-23;2340;1461;0;98742;40076;0;22.6;9.2;0.0
86;2021-04-24;1228;514;0;99970;40590;0;22.9;9.3;0.0
86;2021-04-25;771;27;0;100741;40617;0;23.0;9.3;0.0
86;2021-04-26;1945;832;0;102686;41449;0;23.5;9.5;0.0
86;2021-04-27;2983;1621;0;105669;43070;0;24.2;9.8;0.0
86;2021-04-28;2877;1408;0;108546;44478;0;24.8;10.2;0.0
86;2021-04-29;3481;1783;0;112027;46261;0;25.6;10.6;0.0
86;2021-04-30;2934;1430;0;114961;47691;0;26.3;10.9;0.0
86;2021-05-01;1544;202;0;116505;47893;0;26.6;10.9;0.0
86;2021-05-02;1211;45;0;117716;47938;0;26.9;11.0;0.0
86;2021-05-03;2417;964;0;120133;48902;0;27.5;11.2;0.0
86;2021-05-04;3287;1858;0;123420;50760;0;28.2;11.6;0.0
86;2021-05-05;3747;1448;0;127167;52208;0;29.1;11.9;0.0
86;2021-05-06;4070;1618;0;131237;53826;0;30.0;12.3;0.0
86;2021-05-07;3986;1815;0;135223;55641;0;30.9;12.7;0.0
86;2021-05-08;1824;383;0;137047;56024;0;31.3;12.8;0.0
86;2021-05-09;1512;184;0;138559;56208;0;31.7;12.9;0.0
86;2021-05-10;1853;1145;0;140412;57353;0;32.1;13.1;0.0
86;2021-05-11;3262;2594;0;143674;59947;0;32.8;13.7;0.0
86;2021-05-12;2141;1634;0;145815;61581;0;33.3;14.1;0.0
86;2021-05-13;1477;278;0;147292;61859;0;33.7;14.1;0.0
86;2021-05-14;1933;794;0;149225;62653;0;34.1;14.3;0.0
86;2021-05-15;1366;460;0;150591;63113;0;34.4;14.4;0.0
86;2021-05-16;734;148;0;151325;63261;0;34.6;14.5;0.0
86;2021-05-17;3005;1028;0;154330;64289;0;35.3;14.7;0.0
86;2021-05-18;3991;1592;0;158321;65881;0;36.2;15.1;0.0
86;2021-05-19;3320;1362;0;161641;67243;0;37.0;15.4;0.0
86;2021-05-20;3928;1570;0;165569;68813;0;37.9;15.7;0.0
86;2021-05-21;3225;1702;0;168794;70515;0;38.6;16.1;0.0
86;2021-05-22;1884;666;0;170678;71181;0;39.0;16.3;0.0
86;2021-05-23;1267;167;0;171945;71348;0;39.3;16.3;0.0
86;2021-05-24;1629;201;0;173574;71549;0;39.7;16.4;0.0
86;2021-05-25;2557;1548;0;176131;73097;0;40.3;16.7;0.0
86;2021-05-26;2543;1453;0;178674;74550;0;40.8;17.0;0.0
86;2021-05-27;3159;1771;0;181833;76321;0;41.6;17.4;0.0
86;2021-05-28;2128;2495;0;183961;78816;0;42.1;18.0;0.0
86;2021-05-29;1397;1252;0;185358;80068;0;42.4;18.3;0.0
86;2021-05-30;862;126;0;186220;80194;0;42.6;18.3;0.0
86;2021-05-31;1819;1738;0;188039;81932;0;43.0;18.7;0.0
86;2021-06-01;2450;2572;0;190489;84504;0;43.6;19.3;0.0
86;2021-06-02;2208;2535;0;192697;87039;0;44.1;19.9;0.0
86;2021-06-03;2976;2370;0;195673;89409;0;44.7;20.4;0.0
86;2021-06-04;2218;2809;0;197891;92218;0;45.2;21.1;0.0
86;2021-06-05;1464;1526;0;199355;93744;0;45.6;21.4;0.0
86;2021-06-06;787;870;0;200142;94614;0;45.8;21.6;0.0
86;2021-06-07;1180;2302;0;201322;96916;0;46.0;22.2;0.0
86;2021-06-08;1903;3539;0;203225;100455;0;46.5;23.0;0.0
86;2021-06-09;1871;3158;0;205096;103613;0;46.9;23.7;0.0
86;2021-06-10;2311;3118;0;207407;106731;0;47.4;24.4;0.0
86;2021-06-11;1617;2772;0;209024;109503;0;47.8;25.0;0.0
86;2021-06-12;899;2149;0;209923;111652;0;48.0;25.5;0.0
86;2021-06-13;281;1405;0;210204;113057;0;48.1;25.8;0.0
86;2021-06-14;1203;2783;0;211407;115840;0;48.3;26.5;0.0
86;2021-06-15;1722;3988;0;213129;119828;0;48.7;27.4;0.0
86;2021-06-16;1784;3066;0;214913;122894;0;49.1;28.1;0.0
86;2021-06-17;1844;4321;0;216757;127215;0;49.6;29.1;0.0
86;2021-06-18;1957;4478;0;218714;131693;0;50.0;30.1;0.0
86;2021-06-19;725;1986;0;219439;133679;0;50.2;30.6;0.0
86;2021-06-20;185;1235;0;219624;134914;0;50.2;30.8;0.0
86;2021-06-21;1197;2101;0;220821;137015;0;50.5;31.3;0.0
86;2021-06-22;1358;3257;0;222179;140272;0;50.8;32.1;0.0
86;2021-06-23;1478;2345;0;223657;142617;0;51.1;32.6;0.0
86;2021-06-24;1705;2667;0;225362;145284;0;51.5;33.2;0.0
86;2021-06-25;1310;3421;0;226672;148705;0;51.8;34.0;0.0
86;2021-06-26;475;2497;0;227147;151202;0;51.9;34.6;0.0
86;2021-06-27;141;1524;0;227288;152726;0;52.0;34.9;0.0
86;2021-06-28;435;3170;0;227723;155896;0;52.1;35.6;0.0
86;2021-06-29;979;4271;0;228702;160167;0;52.3;36.6;0.0
86;2021-06-30;1116;2864;0;229818;163031;0;52.5;37.3;0.0
86;2021-07-01;1539;2973;0;231357;166004;0;52.9;38.0;0.0
86;2021-07-02;1201;3584;0;232558;169588;0;53.2;38.8;0.0
86;2021-07-03;560;2268;0;233118;171856;0;53.3;39.3;0.0
86;2021-07-04;118;1242;0;233236;173098;0;53.3;39.6;0.0
86;2021-07-05;595;2726;0;233831;175824;0;53.5;40.2;0.0
86;2021-07-06;1039;3882;0;234870;179706;0;53.7;41.1;0.0
86;2021-07-07;1291;2555;0;236161;182261;0;54.0;41.7;0.0
86;2021-07-08;1638;3011;0;237799;185272;0;54.4;42.4;0.0
86;2021-07-09;1674;3061;0;239473;188333;0;54.7;43.1;0.0
86;2021-07-10;1165;1880;0;240638;190213;0;55.0;43.5;0.0
86;2021-07-11;476;807;0;241114;191020;0;55.1;43.7;0.0
86;2021-07-12;858;2406;0;241972;193426;0;55.3;44.2;0.0
86;2021-07-13;1759;3210;0;243731;196636;0;55.7;45.0;0.0
86;2021-07-14;796;1141;0;244527;197777;0;55.9;45.2;0.0
86;2021-07-15;1928;3191;0;246455;200968;0;56.3;45.9;0.0
86;2021-07-16;1734;2710;0;248189;203678;0;56.7;46.6;0.0
86;2021-07-17;1340;1653;0;249529;205331;0;57.0;46.9;0.0
86;2021-07-18;418;886;0;249947;206217;0;57.1;47.1;0.0
86;2021-07-19;1414;1973;0;251361;208190;0;57.5;47.6;0.0
86;2021-07-20;2357;2787;0;253718;210977;0;58.0;48.2;0.0
86;2021-07-21;2316;2268;0;256034;213245;0;58.5;48.8;0.0
86;2021-07-22;2722;2821;0;258756;216066;0;59.2;49.4;0.0
86;2021-07-23;2441;2449;0;261197;218515;0;59.7;50.0;0.0
86;2021-07-24;1529;1356;0;262726;219871;0;60.1;50.3;0.0
86;2021-07-25;730;393;0;263456;220264;0;60.2;50.4;0.0
86;2021-07-26;1669;2209;0;265125;222473;0;60.6;50.9;0.0
86;2021-07-27;3248;2780;0;268373;225253;0;61.4;51.5;0.0
86;2021-07-28;3160;2203;0;271533;227456;0;62.1;52.0;0.0
86;2021-07-29;3189;2551;0;274722;230007;0;62.8;52.6;0.0
86;2021-07-30;2266;2465;0;276988;232472;0;63.3;53.1;0.0
86;2021-07-31;1404;1106;0;278392;233578;0;63.6;53.4;0.0
86;2021-08-01;669;344;0;279061;233922;0;63.8;53.5;0.0
86;2021-08-02;1908;1677;0;280969;235599;0;64.2;53.9;0.0
86;2021-08-03;3069;2022;0;284038;237621;0;64.9;54.3;0.0
86;2021-08-04;2601;1737;0;286639;239358;0;65.5;54.7;0.0
86;2021-08-05;3182;2012;0;289821;241370;0;66.3;55.2;0.0
86;2021-08-06;2416;1805;0;292237;243175;0;66.8;55.6;0.0
86;2021-08-07;1510;1031;0;293747;244206;0;67.2;55.8;0.0
86;2021-08-08;837;524;0;294584;244730;0;67.3;56.0;0.0
86;2021-08-09;1843;1355;0;296427;246085;0;67.8;56.3;0.0
86;2021-08-10;2505;1847;0;298932;247932;0;68.3;56.7;0.0
86;2021-08-11;2222;1460;0;301154;249392;0;68.9;57.0;0.0
86;2021-08-12;2209;1839;0;303363;251231;0;69.4;57.4;0.0
86;2021-08-13;1795;1537;0;305158;252768;0;69.8;57.8;0.0
86;2021-08-14;1244;1114;0;306402;253882;0;70.1;58.0;0.0
86;2021-08-15;501;589;0;306903;254471;0;70.2;58.2;0.0
86;2021-08-16;1120;1870;0;308023;256341;0;70.4;58.6;0.0
86;2021-08-17;1507;2168;0;309530;258509;0;70.8;59.1;0.0
86;2021-08-18;1270;1861;0;310800;260370;0;71.1;59.5;0.0
86;2021-08-19;1413;2579;0;312213;262949;0;71.4;60.1;0.0
86;2021-08-20;1237;2636;0;313450;265585;0;71.7;60.7;0.0
86;2021-08-21;795;1856;0;314245;267441;0;71.8;61.1;0.0
86;2021-08-22;319;693;0;314564;268134;0;71.9;61.3;0.0
86;2021-08-23;754;1840;0;315318;269974;0;72.1;61.7;0.0
86;2021-08-24;1049;2669;0;316367;272643;0;72.3;62.3;0.0
86;2021-08-25;887;1973;0;317254;274616;0;72.5;62.8;0.0
86;2021-08-26;872;2644;0;318126;277260;0;72.7;63.4;0.0
86;2021-08-27;847;2208;0;318973;279468;0;72.9;63.9;0.0
86;2021-08-28;504;1672;0;319477;281140;0;73.0;64.3;0.0
86;2021-08-29;109;789;0;319586;281929;0;73.1;64.5;0.0
86;2021-08-30;655;2034;25;320241;283963;25;73.2;64.9;0.0
86;2021-08-31;921;2957;50;321162;286920;75;73.4;65.6;0.0
86;2021-09-01;587;2464;176;321749;289384;251;73.6;66.2;0.1
86;2021-09-02;708;2330;213;322457;291714;464;73.7;66.7;0.1
86;2021-09-03;720;2193;168;323177;293907;632;73.9;67.2;0.1
86;2021-09-04;348;2005;88;323525;295912;720;74.0;67.7;0.2
86;2021-09-05;32;836;11;323557;296748;731;74.0;67.8;0.2
86;2021-09-06;353;1496;176;323910;298244;907;74.1;68.2;0.2
86;2021-09-07;471;1854;219;324381;300098;1126;74.2;68.6;0.3
86;2021-09-08;543;1996;298;324924;302094;1424;74.3;69.1;0.3
86;2021-09-09;483;1619;240;325407;303713;1664;74.4;69.4;0.4
86;2021-09-10;498;1736;318;325905;305449;1982;74.5;69.8;0.5
86;2021-09-11;337;1715;55;326242;307164;2037;74.6;70.2;0.5
86;2021-09-12;93;694;57;326335;307858;2094;74.6;70.4;0.5
86;2021-09-13;328;978;520;326663;308836;2614;74.7;70.6;0.6
86;2021-09-14;381;1310;658;327044;310146;3272;74.8;70.9;0.7
86;2021-09-15;460;1470;298;327504;311616;3570;74.9;71.2;0.8
86;2021-09-16;395;955;827;327899;312571;4397;75.0;71.5;1.0
86;2021-09-17;454;1051;540;328353;313622;4937;75.1;71.7;1.1
86;2021-09-18;290;1148;119;328643;314770;5056;75.1;72.0;1.2
86;2021-09-19;70;388;17;328713;315158;5073;75.2;72.1;1.2
86;2021-09-20;216;607;341;328929;315765;5414;75.2;72.2;1.2
86;2021-09-21;260;836;518;329189;316601;5932;75.3;72.4;1.4
86;2021-09-22;301;1139;426;329490;317740;6358;75.3;72.6;1.5
86;2021-09-23;349;585;730;329839;318325;7088;75.4;72.8;1.6
86;2021-09-24;312;833;341;330151;319158;7429;75.5;73.0;1.7
86;2021-09-25;265;924;136;330416;320082;7565;75.5;73.2;1.7
86;2021-09-26;36;157;16;330452;320239;7581;75.5;73.2;1.7
86;2021-09-27;154;333;361;330606;320572;7942;75.6;73.3;1.8
86;2021-09-28;238;340;527;330844;320912;8469;75.6;73.4;1.9
86;2021-09-29;222;648;516;331066;321560;8985;75.7;73.5;2.1
86;2021-09-30;236;433;674;331302;321993;9659;75.7;73.6;2.2
86;2021-10-01;276;521;475;331578;322514;10134;75.8;73.7;2.3
86;2021-10-02;270;523;203;331848;323037;10337;75.9;73.9;2.4
86;2021-10-03;18;63;4;331866;323100;10341;75.9;73.9;2.4
86;2021-10-04;110;294;397;331976;323394;10738;75.9;73.9;2.5
86;2021-10-05;141;281;476;332117;323675;11214;75.9;74.0;2.6
86;2021-10-06;186;457;336;332303;324132;11550;76.0;74.1;2.6
86;2021-10-07;161;407;760;332464;324539;12310;76.0;74.2;2.8
86;2021-10-08;213;466;484;332677;325005;12794;76.1;74.3;2.9
86;2021-10-09;212;417;203;332889;325422;12997;76.1;74.4;3.0
86;2021-10-10;7;14;7;332896;325436;13004;76.1;74.4;3.0
86;2021-10-11;144;294;428;333040;325730;13432;76.1;74.5;3.1
86;2021-10-12;121;307;684;333161;326037;14116;76.2;74.5;3.2
86;2021-10-13;197;349;636;333358;326386;14752;76.2;74.6;3.4
86;2021-10-14;139;325;798;333497;326711;15550;76.2;74.7;3.6
86;2021-10-15;186;324;689;333683;327035;16239;76.3;74.8;3.7
86;2021-10-16;200;315;207;333883;327350;16446;76.3;74.8;3.8
86;2021-10-17;4;5;0;333887;327355;16446;76.3;74.8;3.8
86;2021-10-18;148;294;530;334035;327649;16976;76.4;74.9;3.9
86;2021-10-19;113;271;796;334148;327920;17772;76.4;75.0;4.1
86;2021-10-20;204;327;696;334352;328247;18468;76.4;75.0;4.2
86;2021-10-21;142;322;590;334494;328569;19058;76.5;75.1;4.4
86;2021-10-22;171;220;636;334665;328789;19694;76.5;75.2;4.5
86;2021-10-23;191;332;318;334856;329121;20012;76.6;75.2;4.6
86;2021-10-24;1;3;2;334857;329124;20014;76.6;75.2;4.6
86;2021-10-25;68;152;628;334925;329276;20642;76.6;75.3;4.7
86;2021-10-26;102;111;638;335027;329387;21280;76.6;75.3;4.9
86;2021-10-27;207;277;681;335234;329664;21961;76.6;75.4;5.0
86;2021-10-28;78;141;531;335312;329805;22492;76.7;75.4;5.1
86;2021-10-29;109;160;697;335421;329965;23189;76.7;75.4;5.3
86;2021-10-30;141;197;372;335562;330162;23561;76.7;75.5;5.4
86;2021-10-31;0;5;5;335562;330167;23566;76.7;75.5;5.4
86;2021-11-01;7;2;21;335569;330169;23587;76.7;75.5;5.4
86;2021-11-02;68;135;793;335637;330304;24380;76.7;75.5;5.6
86;2021-11-03;158;274;1030;335795;330578;25410;76.8;75.6;5.8
86;2021-11-04;99;133;766;335894;330711;26176;76.8;75.6;6.0
86;2021-11-05;138;178;774;336032;330889;26950;76.8;75.6;6.2
86;2021-11-06;143;235;629;336175;331124;27579;76.9;75.7;6.3
86;2021-11-07;2;6;5;336177;331130;27584;76.9;75.7;6.3
86;2021-11-08;74;99;744;336251;331229;28328;76.9;75.7;6.5
86;2021-11-09;100;141;1384;336351;331370;29712;76.9;75.8;6.8
86;2021-11-10;145;303;1538;336496;331673;31250;76.9;75.8;7.1
86;2021-11-11;12;9;71;336508;331682;31321;76.9;75.8;7.2
86;2021-11-12;84;146;922;336592;331828;32243;77.0;75.9;7.4
86;2021-11-13;88;218;881;336680;332046;33124;77.0;75.9;7.6
86;2021-11-14;2;2;21;336682;332048;33145;77.0;75.9;7.6
86;2021-11-15;65;69;872;336747;332117;34017;77.0;75.9;7.8
86;2021-11-16;101;132;1543;336848;332249;35560;77.0;76.0;8.1
86;2021-11-17;131;224;1657;336979;332473;37217;77.0;76.0;8.5
86;2021-11-18;122;113;1557;337101;332586;38774;77.1;76.0;8.9
86;2021-11-19;138;143;1558;337239;332729;40332;77.1;76.1;9.2
86;2021-11-20;100;180;974;337339;332909;41306;77.1;76.1;9.4
86;2021-11-21;2;4;18;337341;332913;41324;77.1;76.1;9.4
86;2021-11-22;79;42;914;337420;332955;42238;77.1;76.1;9.7
86;2021-11-23;135;108;1617;337555;333063;43855;77.2;76.1;10.0
86;2021-11-24;126;169;1612;337681;333232;45467;77.2;76.2;10.4
86;2021-11-25;176;107;2069;337857;333339;47536;77.2;76.2;10.9
86;2021-11-26;145;142;1846;338002;333481;49382;77.3;76.2;11.3
86;2021-11-27;86;131;1107;338088;333612;50489;77.3;76.3;11.5
86;2021-11-28;3;9;69;338091;333621;50558;77.3;76.3;11.6
86;2021-11-29;81;69;2099;338172;333690;52657;77.3;76.3;12.0
86;2021-11-30;145;125;3904;338317;333815;56561;77.3;76.3;12.9
86;2021-12-01;87;104;3010;338404;333919;59571;77.4;76.3;13.6
86;2021-12-02;121;102;4411;338525;334021;63982;77.4;76.4;14.6
86;2021-12-03;92;118;3716;338617;334139;67698;77.4;76.4;15.5
86;2021-12-04;66;93;2292;338683;334232;69990;77.4;76.4;16.0
86;2021-12-05;10;17;731;338693;334249;70721;77.4;76.4;16.2
86;2021-12-06;48;72;2735;338741;334321;73456;77.4;76.4;16.8
86;2021-12-07;116;105;5175;338857;334426;78631;77.5;76.5;18.0
86;2021-12-08;85;130;4996;338942;334556;83627;77.5;76.5;19.1
86;2021-12-09;107;148;5863;339049;334704;89490;77.5;76.5;20.5
86;2021-12-10;132;157;5101;339181;334861;94591;77.5;76.6;21.6
86;2021-12-11;79;90;3199;339260;334951;97790;77.6;76.6;22.4
86;2021-12-12;22;22;713;339282;334973;98503;77.6;76.6;22.5
86;2021-12-13;71;86;3841;339353;335059;102344;77.6;76.6;23.4
86;2021-12-14;140;185;6425;339493;335244;108769;77.6;76.6;24.9
86;2021-12-15;116;146;4936;339609;335390;113705;77.6;76.7;26.0
87;2020-12-27;0;0;0;0;0;0;0.0;0.0;0.0
87;2020-12-28;1;0;0;1;0;0;0.0;0.0;0.0
87;2020-12-29;0;0;0;1;0;0;0.0;0.0;0.0
87;2020-12-30;1;0;0;2;0;0;0.0;0.0;0.0
87;2020-12-31;0;0;0;2;0;0;0.0;0.0;0.0
87;2021-01-01;0;0;0;2;0;0;0.0;0.0;0.0
87;2021-01-02;0;0;0;2;0;0;0.0;0.0;0.0
87;2021-01-03;0;0;0;2;0;0;0.0;0.0;0.0
87;2021-01-04;1;0;0;3;0;0;0.0;0.0;0.0
87;2021-01-05;2;0;0;5;0;0;0.0;0.0;0.0
87;2021-01-06;22;0;0;27;0;0;0.0;0.0;0.0
87;2021-01-07;253;0;0;280;0;0;0.1;0.0;0.0
87;2021-01-08;347;0;0;627;0;0;0.2;0.0;0.0
87;2021-01-09;64;0;0;691;0;0;0.2;0.0;0.0
87;2021-01-10;33;0;0;724;0;0;0.2;0.0;0.0
87;2021-01-11;397;0;0;1121;0;0;0.3;0.0;0.0
87;2021-01-12;616;0;0;1737;0;0;0.5;0.0;0.0
87;2021-01-13;506;1;0;2243;1;0;0.6;0.0;0.0
87;2021-01-14;435;3;0;2678;4;0;0.7;0.0;0.0
87;2021-01-15;507;3;0;3185;7;0;0.9;0.0;0.0
87;2021-01-16;208;1;0;3393;8;0;0.9;0.0;0.0
87;2021-01-17;4;0;0;3397;8;0;0.9;0.0;0.0
87;2021-01-18;604;5;0;4001;13;0;1.1;0.0;0.0
87;2021-01-19;689;2;0;4690;15;0;1.3;0.0;0.0
87;2021-01-20;701;4;0;5391;19;0;1.5;0.0;0.0
87;2021-01-21;759;2;0;6150;21;0;1.7;0.0;0.0
87;2021-01-22;734;5;0;6884;26;0;1.9;0.0;0.0
87;2021-01-23;308;2;0;7192;28;0;1.9;0.0;0.0
87;2021-01-24;0;0;0;7192;28;0;1.9;0.0;0.0
87;2021-01-25;619;9;0;7811;37;0;2.1;0.0;0.0
87;2021-01-26;618;55;0;8429;92;0;2.3;0.0;0.0
87;2021-01-27;581;50;0;9010;142;0;2.4;0.0;0.0
87;2021-01-28;869;122;0;9879;264;0;2.7;0.1;0.0
87;2021-01-29;727;205;0;10606;469;0;2.9;0.1;0.0
87;2021-01-30;321;73;0;10927;542;0;2.9;0.1;0.0
87;2021-01-31;31;65;0;10958;607;0;3.0;0.2;0.0
87;2021-02-01;395;297;0;11353;904;0;3.1;0.2;0.0
87;2021-02-02;431;460;0;11784;1364;0;3.2;0.4;0.0
87;2021-02-03;619;338;0;12403;1702;0;3.3;0.5;0.0
87;2021-02-04;547;547;0;12950;2249;0;3.5;0.6;0.0
87;2021-02-05;340;343;0;13290;2592;0;3.6;0.7;0.0
87;2021-02-06;56;156;0;13346;2748;0;3.6;0.7;0.0
87;2021-02-07;20;0;0;13366;2748;0;3.6;0.7;0.0
87;2021-02-08;244;409;0;13610;3157;0;3.7;0.9;0.0
87;2021-02-09;262;466;0;13872;3623;0;3.7;1.0;0.0
87;2021-02-10;267;623;0;14139;4246;0;3.8;1.1;0.0
87;2021-02-11;307;539;0;14446;4785;0;3.9;1.3;0.0
87;2021-02-12;281;558;0;14727;5343;0;4.0;1.4;0.0
87;2021-02-13;30;176;0;14757;5519;0;4.0;1.5;0.0
87;2021-02-14;1;4;0;14758;5523;0;4.0;1.5;0.0
87;2021-02-15;241;392;0;14999;5915;0;4.0;1.6;0.0
87;2021-02-16;326;301;0;15325;6216;0;4.1;1.7;0.0
87;2021-02-17;319;397;0;15644;6613;0;4.2;1.8;0.0
87;2021-02-18;470;634;0;16114;7247;0;4.3;2.0;0.0
87;2021-02-19;407;485;0;16521;7732;0;4.5;2.1;0.0
87;2021-02-20;117;195;0;16638;7927;0;4.5;2.1;0.0
87;2021-02-21;5;8;0;16643;7935;0;4.5;2.1;0.0
87;2021-02-22;424;578;0;17067;8513;0;4.6;2.3;0.0
87;2021-02-23;563;645;0;17630;9158;0;4.8;2.5;0.0
87;2021-02-24;514;707;0;18144;9865;0;4.9;2.7;0.0
87;2021-02-25;782;723;0;18926;10588;0;5.1;2.9;0.0
87;2021-02-26;852;503;0;19778;11091;0;5.3;3.0;0.0
87;2021-02-27;406;213;0;20184;11304;0;5.4;3.0;0.0
87;2021-02-28;5;1;0;20189;11305;0;5.4;3.0;0.0
87;2021-03-01;499;366;0;20688;11671;0;5.6;3.1;0.0
87;2021-03-02;971;389;0;21659;12060;0;5.8;3.3;0.0
87;2021-03-03;1125;364;0;22784;12424;0;6.1;3.4;0.0
87;2021-03-04;1399;350;0;24183;12774;0;6.5;3.4;0.0
87;2021-03-05;1763;299;0;25946;13073;0;7.0;3.5;0.0
87;2021-03-06;1003;53;0;26949;13126;0;7.3;3.5;0.0
87;2021-03-07;271;8;0;27220;13134;0;7.3;3.5;0.0
87;2021-03-08;812;239;0;28032;13373;0;7.6;3.6;0.0
87;2021-03-09;1270;243;0;29302;13616;0;7.9;3.7;0.0
87;2021-03-10;1286;224;0;30588;13840;0;8.2;3.7;0.0
87;2021-03-11;1726;259;0;32314;14099;0;8.7;3.8;0.0
87;2021-03-12;2080;292;0;34394;14391;0;9.3;3.9;0.0
87;2021-03-13;1307;27;0;35701;14418;0;9.6;3.9;0.0
87;2021-03-14;94;1;0;35795;14419;0;9.7;3.9;0.0
87;2021-03-15;957;341;0;36752;14760;0;9.9;4.0;0.0
87;2021-03-16;1039;233;0;37791;14993;0;10.2;4.0;0.0
87;2021-03-17;1076;246;0;38867;15239;0;10.5;4.1;0.0
87;2021-03-18;1184;350;0;40051;15589;0;10.8;4.2;0.0
87;2021-03-19;1613;301;0;41664;15890;0;11.2;4.3;0.0
87;2021-03-20;986;90;0;42650;15980;0;11.5;4.3;0.0
87;2021-03-21;35;0;0;42685;15980;0;11.5;4.3;0.0
87;2021-03-22;1003;390;0;43688;16370;0;11.8;4.4;0.0
87;2021-03-23;1340;408;0;45028;16778;0;12.1;4.5;0.0
87;2021-03-24;1483;388;0;46511;17166;0;12.5;4.6;0.0
87;2021-03-25;2400;391;0;48911;17557;0;13.2;4.7;0.0
87;2021-03-26;2456;410;0;51367;17967;0;13.9;4.8;0.0
87;2021-03-27;876;131;0;52243;18098;0;14.1;4.9;0.0
87;2021-03-28;260;17;0;52503;18115;0;14.2;4.9;0.0
87;2021-03-29;1098;406;0;53601;18521;0;14.5;5.0;0.0
87;2021-03-30;1876;646;0;55477;19167;0;15.0;5.2;0.0
87;2021-03-31;1663;683;0;57140;19850;0;15.4;5.4;0.0
87;2021-04-01;2255;577;0;59395;20427;0;16.0;5.5;0.0
87;2021-04-02;1844;597;0;61239;21024;0;16.5;5.7;0.0
87;2021-04-03;494;256;0;61733;21280;0;16.6;5.7;0.0
87;2021-04-04;5;1;0;61738;21281;0;16.7;5.7;0.0
87;2021-04-05;96;4;0;61834;21285;0;16.7;5.7;0.0
87;2021-04-06;1034;910;0;62868;22195;0;17.0;6.0;0.0
87;2021-04-07;1551;929;0;64419;23124;0;17.4;6.2;0.0
87;2021-04-08;1749;1021;0;66168;24145;0;17.8;6.5;0.0
87;2021-04-09;2650;737;0;68818;24882;0;18.6;6.7;0.0
87;2021-04-10;1226;313;0;70044;25195;0;18.9;6.8;0.0
87;2021-04-11;102;7;0;70146;25202;0;18.9;6.8;0.0
87;2021-04-12;1652;815;0;71798;26017;0;19.4;7.0;0.0
87;2021-04-13;2254;1027;0;74052;27044;0;20.0;7.3;0.0
87;2021-04-14;2509;1197;0;76561;28241;0;20.6;7.6;0.0
87;2021-04-15;2215;1049;0;78776;29290;0;21.2;7.9;0.0
87;2021-04-16;2670;1041;0;81446;30331;0;22.0;8.2;0.0
87;2021-04-17;824;447;0;82270;30778;0;22.2;8.3;0.0
87;2021-04-18;137;146;0;82407;30924;0;22.2;8.3;0.0
87;2021-04-19;1686;820;0;84093;31744;0;22.7;8.6;0.0
87;2021-04-20;2068;890;0;86161;32634;0;23.2;8.8;0.0
87;2021-04-21;2236;971;0;88397;33605;0;23.8;9.1;0.0
87;2021-04-22;2549;1151;0;90946;34756;0;24.5;9.4;0.0
87;2021-04-23;2004;1186;0;92950;35942;0;25.1;9.7;0.0
87;2021-04-24;1031;613;0;93981;36555;0;25.3;9.9;0.0
87;2021-04-25;108;106;0;94089;36661;0;25.4;9.9;0.0
87;2021-04-26;1318;883;0;95407;37544;0;25.7;10.1;0.0
87;2021-04-27;2302;1206;0;97709;38750;0;26.4;10.5;0.0
87;2021-04-28;3720;1445;0;101429;40195;0;27.4;10.8;0.0
87;2021-04-29;2970;1839;0;104399;42034;0;28.2;11.3;0.0
87;2021-04-30;3074;1392;0;107473;43426;0;29.0;11.7;0.0
87;2021-05-01;756;65;0;108229;43491;0;29.2;11.7;0.0
87;2021-05-02;388;17;0;108617;43508;0;29.3;11.7;0.0
87;2021-05-03;2124;956;0;110741;44464;0;29.9;12.0;0.0
87;2021-05-04;2731;1127;0;113472;45591;0;30.6;12.3;0.0
87;2021-05-05;2816;1553;0;116288;47144;0;31.4;12.7;0.0
87;2021-05-06;2533;1740;0;118821;48884;0;32.0;13.2;0.0
87;2021-05-07;2864;1747;0;121685;50631;0;32.8;13.7;0.0
87;2021-05-08;825;321;0;122510;50952;0;33.0;13.7;0.0
87;2021-05-09;57;157;0;122567;51109;0;33.1;13.8;0.0
87;2021-05-10;1802;1576;0;124369;52685;0;33.5;14.2;0.0
87;2021-05-11;2380;1915;0;126749;54600;0;34.2;14.7;0.0
87;2021-05-12;2676;2047;0;129425;56647;0;34.9;15.3;0.0
87;2021-05-13;1131;293;0;130556;56940;0;35.2;15.4;0.0
87;2021-05-14;2230;1717;0;132786;58657;0;35.8;15.8;0.0
87;2021-05-15;1099;489;0;133885;59146;0;36.1;16.0;0.0
87;2021-05-16;201;81;0;134086;59227;0;36.2;16.0;0.0
87;2021-05-17;1624;1649;0;135710;60876;0;36.6;16.4;0.0
87;2021-05-18;2709;1795;0;138419;62671;0;37.3;16.9;0.0
87;2021-05-19;2901;1546;0;141320;64217;0;38.1;17.3;0.0
87;2021-05-20;3335;1720;0;144655;65937;0;39.0;17.8;0.0
87;2021-05-21;2811;1801;0;147466;67738;0;39.8;18.3;0.0
87;2021-05-22;1548;641;0;149014;68379;0;40.2;18.4;0.0
87;2021-05-23;251;91;0;149265;68470;0;40.3;18.5;0.0
87;2021-05-24;1100;146;0;150365;68616;0;40.6;18.5;0.0
87;2021-05-25;2154;1779;0;152519;70395;0;41.1;19.0;0.0
87;2021-05-26;3249;2435;0;155768;72830;0;42.0;19.6;0.0
87;2021-05-27;2970;2316;0;158738;75146;0;42.8;20.3;0.0
87;2021-05-28;2651;2512;0;161389;77658;0;43.5;20.9;0.0
87;2021-05-29;1167;1369;0;162556;79027;0;43.8;21.3;0.0
87;2021-05-30;285;85;0;162841;79112;0;43.9;21.3;0.0
87;2021-05-31;2315;1370;0;165156;80482;0;44.5;21.7;0.0
87;2021-06-01;2543;1909;0;167699;82391;0;45.2;22.2;0.0
87;2021-06-02;2573;1858;0;170272;84249;0;45.9;22.7;0.0
87;2021-06-03;3149;2467;0;173421;86716;0;46.8;23.4;0.0
87;2021-06-04;2831;2033;0;176252;88749;0;47.5;23.9;0.0
87;2021-06-05;1404;663;0;177656;89412;0;47.9;24.1;0.0
87;2021-06-06;266;110;0;177922;89522;0;48.0;24.1;0.0
87;2021-06-07;2033;1836;0;179955;91358;0;48.5;24.6;0.0
87;2021-06-08;2843;2474;0;182798;93832;0;49.3;25.3;0.0
87;2021-06-09;2244;2666;0;185042;96498;0;49.9;26.0;0.0
87;2021-06-10;2784;2488;0;187826;98986;0;50.7;26.7;0.0
87;2021-06-11;2306;2946;0;190132;101932;0;51.3;27.5;0.0
87;2021-06-12;1224;1134;0;191356;103066;0;51.6;27.8;0.0
87;2021-06-13;296;497;0;191652;103563;0;51.7;27.9;0.0
87;2021-06-14;990;2595;0;192642;106158;0;52.0;28.6;0.0
87;2021-06-15;1336;3222;0;193978;109380;0;52.3;29.5;0.0
87;2021-06-16;1644;3293;0;195622;112673;0;52.8;30.4;0.0
87;2021-06-17;2341;2270;0;197963;114943;0;53.4;31.0;0.0
87;2021-06-18;1708;2940;0;199671;117883;0;53.9;31.8;0.0
87;2021-06-19;1041;1219;0;200712;119102;0;54.1;32.1;0.0
87;2021-06-20;219;204;0;200931;119306;0;54.2;32.2;0.0
87;2021-06-21;950;2511;0;201881;121817;0;54.4;32.9;0.0
87;2021-06-22;1001;2829;0;202882;124646;0;54.7;33.6;0.0
87;2021-06-23;1198;3091;0;204080;127737;0;55.0;34.5;0.0
87;2021-06-24;1541;2553;0;205621;130290;0;55.5;35.1;0.0
87;2021-06-25;1345;2706;0;206966;132996;0;55.8;35.9;0.0
87;2021-06-26;546;1299;0;207512;134295;0;56.0;36.2;0.0
87;2021-06-27;34;264;0;207546;134559;0;56.0;36.3;0.0
87;2021-06-28;683;2596;0;208229;137155;0;56.2;37.0;0.0
87;2021-06-29;1087;3436;0;209316;140591;0;56.5;37.9;0.0
87;2021-06-30;1057;2737;0;210373;143328;0;56.7;38.7;0.0
87;2021-07-01;1280;2548;0;211653;145876;0;57.1;39.3;0.0
87;2021-07-02;1154;3477;0;212807;149353;0;57.4;40.3;0.0
87;2021-07-03;436;1613;0;213243;150966;0;57.5;40.7;0.0
87;2021-07-04;34;393;0;213277;151359;0;57.5;40.8;0.0
87;2021-07-05;653;2475;0;213930;153834;0;57.7;41.5;0.0
87;2021-07-06;575;3241;0;214505;157075;0;57.9;42.4;0.0
87;2021-07-07;876;3326;0;215381;160401;0;58.1;43.3;0.0
87;2021-07-08;1059;3554;0;216440;163955;0;58.4;44.2;0.0
87;2021-07-09;1098;3717;0;217538;167672;0;58.7;45.2;0.0
87;2021-07-10;331;1477;0;217869;169149;0;58.8;45.6;0.0
87;2021-07-11;64;330;0;217933;169479;0;58.8;45.7;0.0
87;2021-07-12;582;3180;0;218515;172659;0;58.9;46.6;0.0
87;2021-07-13;892;3513;0;219407;176172;0;59.2;47.5;0.0
87;2021-07-14;513;584;0;219920;176756;0;59.3;47.7;0.0
87;2021-07-15;1363;3437;0;221283;180193;0;59.7;48.6;0.0
87;2021-07-16;1728;3600;0;223011;183793;0;60.1;49.6;0.0
87;2021-07-17;685;1458;0;223696;185251;0;60.3;50.0;0.0
87;2021-07-18;121;281;0;223817;185532;0;60.4;50.0;0.0
87;2021-07-19;1367;3318;0;225184;188850;0;60.7;50.9;0.0
87;2021-07-20;1764;3480;0;226948;192330;0;61.2;51.9;0.0
87;2021-07-21;1476;3044;0;228424;195374;0;61.6;52.7;0.0
87;2021-07-22;1896;3112;0;230320;198486;0;62.1;53.5;0.0
87;2021-07-23;1868;3065;0;232188;201551;0;62.6;54.4;0.0
87;2021-07-24;876;1319;0;233064;202870;0;62.9;54.7;0.0
87;2021-07-25;148;231;0;233212;203101;0;62.9;54.8;0.0
87;2021-07-26;1499;2291;0;234711;205392;0;63.3;55.4;0.0
87;2021-07-27;2466;1996;0;237177;207388;0;64.0;55.9;0.0
87;2021-07-28;2292;1933;0;239469;209321;0;64.6;56.5;0.0
87;2021-07-29;2825;1899;0;242294;211220;0;65.3;57.0;0.0
87;2021-07-30;2432;1895;0;244726;213115;0;66.0;57.5;0.0
87;2021-07-31;1200;914;0;245926;214029;0;66.3;57.7;0.0
87;2021-08-01;296;163;0;246222;214192;0;66.4;57.8;0.0
87;2021-08-02;2025;1498;0;248247;215690;0;67.0;58.2;0.0
87;2021-08-03;2347;1293;0;250594;216983;0;67.6;58.5;0.0
87;2021-08-04;2214;996;0;252808;217979;0;68.2;58.8;0.0
87;2021-08-05;2358;1354;0;255166;219333;0;68.8;59.2;0.0
87;2021-08-06;2038;1620;0;257204;220953;0;69.4;59.6;0.0
87;2021-08-07;1082;793;0;258286;221746;0;69.7;59.8;0.0
87;2021-08-08;213;128;0;258499;221874;0;69.7;59.8;0.0
87;2021-08-09;1722;1462;0;260221;223336;0;70.2;60.2;0.0
87;2021-08-10;2094;1492;0;262315;224828;0;70.7;60.6;0.0
87;2021-08-11;1806;1255;0;264121;226083;0;71.2;61.0;0.0
87;2021-08-12;1902;1424;0;266023;227507;0;71.7;61.4;0.0
87;2021-08-13;1566;1533;0;267589;229040;0;72.2;61.8;0.0
87;2021-08-14;674;704;0;268263;229744;0;72.4;62.0;0.0
87;2021-08-15;74;106;0;268337;229850;0;72.4;62.0;0.0
87;2021-08-16;1366;1680;0;269703;231530;0;72.7;62.4;0.0
87;2021-08-17;1284;1652;0;270987;233182;0;73.1;62.9;0.0
87;2021-08-18;1150;1928;0;272137;235110;0;73.4;63.4;0.0
87;2021-08-19;1104;1759;0;273241;236869;0;73.7;63.9;0.0
87;2021-08-20;870;2140;0;274111;239009;0;73.9;64.5;0.0
87;2021-08-21;351;972;0;274462;239981;0;74.0;64.7;0.0
87;2021-08-22;84;233;0;274546;240214;0;74.0;64.8;0.0
87;2021-08-23;699;2307;0;275245;242521;0;74.2;65.4;0.0
87;2021-08-24;733;2137;0;275978;244658;0;74.4;66.0;0.0
87;2021-08-25;678;2007;0;276656;246665;0;74.6;66.5;0.0
87;2021-08-26;803;2125;0;277459;248790;0;74.8;67.1;0.0
87;2021-08-27;737;2554;0;278196;251344;0;75.0;67.8;0.0
87;2021-08-28;323;1290;0;278519;252634;0;75.1;68.1;0.0
87;2021-08-29;64;263;0;278583;252897;0;75.1;68.2;0.0
87;2021-08-30;466;2115;15;279049;255012;15;75.3;68.8;0.0
87;2021-08-31;566;1833;27;279615;256845;42;75.4;69.3;0.0
87;2021-09-01;729;2260;123;280344;259105;165;75.6;69.9;0.0
87;2021-09-02;538;2004;201;280882;261109;366;75.8;70.4;0.1
87;2021-09-03;593;2009;334;281475;263118;700;75.9;71.0;0.2
87;2021-09-04;281;1134;61;281756;264252;761;76.0;71.3;0.2
87;2021-09-05;10;24;2;281766;264276;763;76.0;71.3;0.2
87;2021-09-06;370;1474;374;282136;265750;1137;76.1;71.7;0.3
87;2021-09-07;356;1151;285;282492;266901;1422;76.2;72.0;0.4
87;2021-09-08;430;1411;308;282922;268312;1730;76.3;72.4;0.5
87;2021-09-09;327;916;309;283249;269228;2039;76.4;72.6;0.5
87;2021-09-10;427;1300;327;283676;270528;2366;76.5;73.0;0.6
87;2021-09-11;284;882;70;283960;271410;2436;76.6;73.2;0.7
87;2021-09-12;7;18;2;283967;271428;2438;76.6;73.2;0.7
87;2021-09-13;307;721;372;284274;272149;2810;76.7;73.4;0.8
87;2021-09-14;287;606;412;284561;272755;3222;76.7;73.6;0.9
87;2021-09-15;336;930;339;284897;273685;3561;76.8;73.8;1.0
87;2021-09-16;318;747;374;285215;274432;3935;76.9;74.0;1.1
87;2021-09-17;370;830;429;285585;275262;4364;77.0;74.2;1.2
87;2021-09-18;261;688;123;285846;275950;4487;77.1;74.4;1.2
87;2021-09-19;9;23;7;285855;275973;4494;77.1;74.4;1.2
87;2021-09-20;184;440;247;286039;276413;4741;77.1;74.6;1.3
87;2021-09-21;274;487;307;286313;276900;5048;77.2;74.7;1.4
87;2021-09-22;219;723;416;286532;277623;5464;77.3;74.9;1.5
87;2021-09-23;206;506;393;286738;278129;5857;77.3;75.0;1.6
87;2021-09-24;258;686;557;286996;278815;6414;77.4;75.2;1.7
87;2021-09-25;149;474;156;287145;279289;6570;77.4;75.3;1.8
87;2021-09-26;5;11;4;287150;279300;6574;77.4;75.3;1.8
87;2021-09-27;186;382;246;287336;279682;6820;77.5;75.4;1.8
87;2021-09-28;178;296;346;287514;279978;7166;77.5;75.5;1.9
87;2021-09-29;142;388;347;287656;280366;7513;77.6;75.6;2.0
87;2021-09-30;121;257;389;287777;280623;7902;77.6;75.7;2.1
87;2021-10-01;213;478;353;287990;281101;8255;77.7;75.8;2.2
87;2021-10-02;146;349;136;288136;281450;8391;77.7;75.9;2.3
87;2021-10-03;5;6;2;288141;281456;8393;77.7;75.9;2.3
87;2021-10-04;148;275;449;288289;281731;8842;77.8;76.0;2.4
87;2021-10-05;108;209;480;288397;281940;9322;77.8;76.0;2.5
87;2021-10-06;185;384;589;288582;282324;9911;77.8;76.1;2.7
87;2021-10-07;113;249;409;288695;282573;10320;77.9;76.2;2.8
87;2021-10-08;223;461;679;288918;283034;10999;77.9;76.3;3.0
87;2021-10-09;148;324;243;289066;283358;11242;78.0;76.4;3.0
87;2021-10-10;3;8;3;289069;283366;11245;78.0;76.4;3.0
87;2021-10-11;126;260;310;289195;283626;11555;78.0;76.5;3.1
87;2021-10-12;101;218;574;289296;283844;12129;78.0;76.6;3.3
87;2021-10-13;151;201;494;289447;284045;12623;78.1;76.6;3.4
87;2021-10-14;115;236;501;289562;284281;13124;78.1;76.7;3.5
87;2021-10-15;175;313;600;289737;284594;13724;78.1;76.8;3.7
87;2021-10-16;134;253;294;289871;284847;14018;78.2;76.8;3.8
87;2021-10-17;6;10;0;289877;284857;14018;78.2;76.8;3.8
87;2021-10-18;115;190;526;289992;285047;14544;78.2;76.9;3.9
87;2021-10-19;121;179;603;290113;285226;15147;78.2;76.9;4.1
87;2021-10-20;123;165;623;290236;285391;15770;78.3;77.0;4.3
87;2021-10-21;92;243;620;290328;285634;16390;78.3;77.0;4.4
87;2021-10-22;162;267;604;290490;285901;16994;78.3;77.1;4.6
87;2021-10-23;88;144;241;290578;286045;17235;78.4;77.1;4.6
87;2021-10-24;5;8;1;290583;286053;17236;78.4;77.2;4.6
87;2021-10-25;112;172;546;290695;286225;17782;78.4;77.2;4.8
87;2021-10-26;54;74;571;290749;286299;18353;78.4;77.2;4.9
87;2021-10-27;112;178;739;290861;286477;19092;78.4;77.3;5.1
87;2021-10-28;94;116;585;290955;286593;19677;78.5;77.3;5.3
87;2021-10-29;144;195;687;291099;286788;20364;78.5;77.3;5.5
87;2021-10-30;70;125;263;291169;286913;20627;78.5;77.4;5.6
87;2021-10-31;4;5;5;291173;286918;20632;78.5;77.4;5.6
87;2021-11-01;4;3;5;291177;286921;20637;78.5;77.4;5.6
87;2021-11-02;101;128;663;291278;287049;21300;78.6;77.4;5.7
87;2021-11-03;86;186;644;291364;287235;21944;78.6;77.5;5.9
87;2021-11-04;79;109;654;291443;287344;22598;78.6;77.5;6.1
87;2021-11-05;129;187;840;291572;287531;23438;78.6;77.5;6.3
87;2021-11-06;94;106;313;291666;287637;23751;78.7;77.6;6.4
87;2021-11-07;2;9;0;291668;287646;23751;78.7;77.6;6.4
87;2021-11-08;95;113;798;291763;287759;24549;78.7;77.6;6.6
87;2021-11-09;85;124;1171;291848;287883;25720;78.7;77.6;6.9
87;2021-11-10;114;197;1103;291962;288080;26823;78.7;77.7;7.2
87;2021-11-11;4;5;18;291966;288085;26841;78.7;77.7;7.2
87;2021-11-12;89;156;1035;292055;288241;27876;78.8;77.7;7.5
87;2021-11-13;45;65;326;292100;288306;28202;78.8;77.8;7.6
87;2021-11-14;2;8;3;292102;288314;28205;78.8;77.8;7.6
87;2021-11-15;70;103;1073;292172;288417;29278;78.8;77.8;7.9
87;2021-11-16;85;107;1493;292257;288524;30771;78.8;77.8;8.3
87;2021-11-17;139;154;1307;292396;288678;32078;78.9;77.9;8.7
87;2021-11-18;135;124;1500;292531;288802;33578;78.9;77.9;9.1
87;2021-11-19;116;166;1661;292647;288968;35239;78.9;77.9;9.5
87;2021-11-20;78;116;614;292725;289084;35853;78.9;78.0;9.7
87;2021-11-21;10;7;54;292735;289091;35907;79.0;78.0;9.7
87;2021-11-22;93;88;1337;292828;289179;37244;79.0;78.0;10.0
87;2021-11-23;128;99;1999;292956;289278;39243;79.0;78.0;10.6
87;2021-11-24;159;116;1665;293115;289394;40908;79.1;78.1;11.0
87;2021-11-25;101;113;2180;293216;289507;43088;79.1;78.1;11.6
87;2021-11-26;127;138;2511;293343;289645;45599;79.1;78.1;12.3
87;2021-11-27;79;91;1256;293422;289736;46855;79.1;78.1;12.6
87;2021-11-28;5;6;62;293427;289742;46917;79.1;78.1;12.7
87;2021-11-29;71;100;2119;293498;289842;49036;79.2;78.2;13.2
87;2021-11-30;103;97;2998;293601;289939;52034;79.2;78.2;14.0
87;2021-12-01;63;124;2904;293664;290063;54938;79.2;78.2;14.8
87;2021-12-02;67;63;3581;293731;290126;58519;79.2;78.2;15.8
87;2021-12-03;92;119;3929;293823;290245;62448;79.2;78.3;16.8
87;2021-12-04;62;123;1316;293885;290368;63764;79.3;78.3;17.2
87;2021-12-05;0;9;221;293885;290377;63985;79.3;78.3;17.3
87;2021-12-06;44;85;2780;293929;290462;66765;79.3;78.3;18.0
87;2021-12-07;77;108;5516;294006;290570;72281;79.3;78.4;19.5
87;2021-12-08;94;111;4523;294100;290681;76804;79.3;78.4;20.7
87;2021-12-09;67;106;4278;294167;290787;81082;79.3;78.4;21.9
87;2021-12-10;97;131;5579;294264;290918;86661;79.4;78.5;23.4
87;2021-12-11;54;74;2455;294318;290992;89116;79.4;78.5;24.0
87;2021-12-12;6;14;330;294324;291006;89446;79.4;78.5;24.1
87;2021-12-13;82;102;4321;294406;291108;93767;79.4;78.5;25.3
87;2021-12-14;99;128;5866;294505;291236;99633;79.4;78.5;26.9
87;2021-12-15;97;168;5165;294602;291404;104798;79.5;78.6;28.3
88;2020-12-27;0;0;0;0;0;0;0.0;0.0;0.0
88;2020-12-28;0;0;0;0;0;0;0.0;0.0;0.0
88;2020-12-29;0;0;0;0;0;0;0.0;0.0;0.0
88;2020-12-30;0;0;0;0;0;0;0.0;0.0;0.0
88;2020-12-31;0;0;0;0;0;0;0.0;0.0;0.0
88;2021-01-01;1;0;0;1;0;0;0.0;0.0;0.0
88;2021-01-02;0;0;0;1;0;0;0.0;0.0;0.0
88;2021-01-03;0;0;0;1;0;0;0.0;0.0;0.0
88;2021-01-04;1;0;0;2;0;0;0.0;0.0;0.0
88;2021-01-05;8;0;0;10;0;0;0.0;0.0;0.0
88;2021-01-06;19;0;0;29;0;0;0.0;0.0;0.0
88;2021-01-07;80;0;0;109;0;0;0.0;0.0;0.0
88;2021-01-08;170;2;0;279;2;0;0.1;0.0;0.0
88;2021-01-09;174;1;0;453;3;0;0.1;0.0;0.0
88;2021-01-10;2;0;0;455;3;0;0.1;0.0;0.0
88;2021-01-11;222;0;0;677;3;0;0.2;0.0;0.0
88;2021-01-12;419;0;0;1096;3;0;0.3;0.0;0.0
88;2021-01-13;485;3;0;1581;6;0;0.4;0.0;0.0
88;2021-01-14;367;4;0;1948;10;0;0.5;0.0;0.0
88;2021-01-15;372;3;0;2320;13;0;0.6;0.0;0.0
88;2021-01-16;61;0;0;2381;13;0;0.7;0.0;0.0
88;2021-01-17;0;0;0;2381;13;0;0.7;0.0;0.0
88;2021-01-18;458;0;0;2839;13;0;0.8;0.0;0.0
88;2021-01-19;461;1;0;3300;14;0;0.9;0.0;0.0
88;2021-01-20;474;1;0;3774;15;0;1.0;0.0;0.0
88;2021-01-21;1435;7;0;5209;22;0;1.4;0.0;0.0
88;2021-01-22;1117;3;0;6326;25;0;1.8;0.0;0.0
88;2021-01-23;280;0;0;6606;25;0;1.8;0.0;0.0
88;2021-01-24;267;2;0;6873;27;0;1.9;0.0;0.0
88;2021-01-25;865;3;0;7738;30;0;2.2;0.0;0.0
88;2021-01-26;359;9;0;8097;39;0;2.3;0.0;0.0
88;2021-01-27;19;5;0;8116;44;0;2.3;0.0;0.0
88;2021-01-28;154;36;0;8270;80;0;2.3;0.0;0.0
88;2021-01-29;508;136;0;8778;216;0;2.4;0.1;0.0
88;2021-01-30;286;117;0;9064;333;0;2.5;0.1;0.0
88;2021-01-31;1;1;0;9065;334;0;2.5;0.1;0.0
88;2021-02-01;411;273;0;9476;607;0;2.6;0.2;0.0
88;2021-02-02;325;348;0;9801;955;0;2.7;0.3;0.0
88;2021-02-03;434;245;0;10235;1200;0;2.8;0.3;0.0
88;2021-02-04;325;242;0;10560;1442;0;2.9;0.4;0.0
88;2021-02-05;461;282;0;11021;1724;0;3.1;0.5;0.0
88;2021-02-06;109;57;0;11130;1781;0;3.1;0.5;0.0
88;2021-02-07;0;4;0;11130;1785;0;3.1;0.5;0.0
88;2021-02-08;356;202;0;11486;1987;0;3.2;0.6;0.0
88;2021-02-09;294;283;0;11780;2270;0;3.3;0.6;0.0
88;2021-02-10;423;346;0;12203;2616;0;3.4;0.7;0.0
88;2021-02-11;811;1010;0;13014;3626;0;3.6;1.0;0.0
88;2021-02-12;912;677;0;13926;4303;0;3.9;1.2;0.0
88;2021-02-13;158;200;0;14084;4503;0;3.9;1.3;0.0
88;2021-02-14;76;193;0;14160;4696;0;3.9;1.3;0.0
88;2021-02-15;620;989;0;14780;5685;0;4.1;1.6;0.0
88;2021-02-16;470;689;0;15250;6374;0;4.2;1.8;0.0
88;2021-02-17;464;435;0;15714;6809;0;4.4;1.9;0.0
88;2021-02-18;519;366;0;16233;7175;0;4.5;2.0;0.0
88;2021-02-19;560;421;0;16793;7596;0;4.7;2.1;0.0
88;2021-02-20;163;103;0;16956;7699;0;4.7;2.1;0.0
88;2021-02-21;0;24;0;16956;7723;0;4.7;2.1;0.0
88;2021-02-22;418;337;0;17374;8060;0;4.8;2.2;0.0
88;2021-02-23;407;237;0;17781;8297;0;4.9;2.3;0.0
88;2021-02-24;543;229;0;18324;8526;0;5.1;2.4;0.0
88;2021-02-25;682;296;0;19006;8822;0;5.3;2.5;0.0
88;2021-02-26;879;293;0;19885;9115;0;5.5;2.5;0.0
88;2021-02-27;265;34;0;20150;9149;0;5.6;2.5;0.0
88;2021-02-28;28;0;0;20178;9149;0;5.6;2.5;0.0
88;2021-03-01;361;452;0;20539;9601;0;5.7;2.7;0.0
88;2021-03-02;438;472;0;20977;10073;0;5.8;2.8;0.0
88;2021-03-03;666;454;0;21643;10527;0;6.0;2.9;0.0
88;2021-03-04;1038;731;0;22681;11258;0;6.3;3.1;0.0
88;2021-03-05;921;690;0;23602;11948;0;6.6;3.3;0.0
88;2021-03-06;1789;123;0;25391;12071;0;7.1;3.4;0.0
88;2021-03-07;1033;81;0;26424;12152;0;7.3;3.4;0.0
88;2021-03-08;721;668;0;27145;12820;0;7.6;3.6;0.0
88;2021-03-09;1101;512;0;28246;13332;0;7.9;3.7;0.0
88;2021-03-10;1062;495;0;29308;13827;0;8.2;3.8;0.0
88;2021-03-11;1413;400;0;30721;14227;0;8.5;4.0;0.0
88;2021-03-12;1290;492;0;32011;14719;0;8.9;4.1;0.0
88;2021-03-13;1243;130;0;33254;14849;0;9.2;4.1;0.0
88;2021-03-14;168;5;0;33422;14854;0;9.3;4.1;0.0
88;2021-03-15;903;436;0;34325;15290;0;9.5;4.3;0.0
88;2021-03-16;967;339;0;35292;15629;0;9.8;4.3;0.0
88;2021-03-17;832;415;0;36124;16044;0;10.0;4.5;0.0
88;2021-03-18;1249;396;0;37373;16440;0;10.4;4.6;0.0
88;2021-03-19;1372;506;0;38745;16946;0;10.8;4.7;0.0
88;2021-03-20;1267;62;0;40012;17008;0;11.1;4.7;0.0
88;2021-03-21;37;0;0;40049;17008;0;11.1;4.7;0.0
88;2021-03-22;1127;531;0;41176;17539;0;11.5;4.9;0.0
88;2021-03-23;1613;436;0;42789;17975;0;11.9;5.0;0.0
88;2021-03-24;1739;475;0;44528;18450;0;12.4;5.1;0.0
88;2021-03-25;2350;483;0;46878;18933;0;13.0;5.3;0.0
88;2021-03-26;2316;451;0;49194;19384;0;13.7;5.4;0.0
88;2021-03-27;879;306;0;50073;19690;0;13.9;5.5;0.0
88;2021-03-28;64;5;0;50137;19695;0;13.9;5.5;0.0
88;2021-03-29;1210;441;0;51347;20136;0;14.3;5.6;0.0
88;2021-03-30;1962;397;0;53309;20533;0;14.8;5.7;0.0
88;2021-03-31;1529;576;0;54838;21109;0;15.3;5.9;0.0
88;2021-04-01;2053;696;0;56891;21805;0;15.8;6.1;0.0
88;2021-04-02;2560;625;0;59451;22430;0;16.5;6.2;0.0
88;2021-04-03;663;211;0;60114;22641;0;16.7;6.3;0.0
88;2021-04-04;22;10;0;60136;22651;0;16.7;6.3;0.0
88;2021-04-05;26;7;0;60162;22658;0;16.7;6.3;0.0
88;2021-04-06;1077;680;0;61239;23338;0;17.0;6.5;0.0
88;2021-04-07;1473;694;0;62712;24032;0;17.4;6.7;0.0
88;2021-04-08;1737;777;0;64449;24809;0;17.9;6.9;0.0
88;2021-04-09;2843;762;0;67292;25571;0;18.7;7.1;0.0
88;2021-04-10;734;638;0;68026;26209;0;18.9;7.3;0.0
88;2021-04-11;36;10;0;68062;26219;0;18.9;7.3;0.0
88;2021-04-12;1437;908;0;69499;27127;0;19.3;7.5;0.0
88;2021-04-13;1975;1036;0;71474;28163;0;19.9;7.8;0.0
88;2021-04-14;1852;869;0;73326;29032;0;20.4;8.1;0.0
88;2021-04-15;1864;1192;0;75190;30224;0;20.9;8.4;0.0
88;2021-04-16;2021;968;0;77211;31192;0;21.5;8.7;0.0
88;2021-04-17;1251;706;0;78462;31898;0;21.8;8.9;0.0
88;2021-04-18;228;23;0;78690;31921;0;21.9;8.9;0.0
88;2021-04-19;1131;1074;0;79821;32995;0;22.2;9.2;0.0
88;2021-04-20;1145;1257;0;80966;34252;0;22.5;9.5;0.0
88;2021-04-21;1451;1214;0;82417;35466;0;22.9;9.9;0.0
88;2021-04-22;1876;1539;0;84293;37005;0;23.4;10.3;0.0
88;2021-04-23;1795;1909;0;86088;38914;0;23.9;10.8;0.0
88;2021-04-24;1038;749;0;87126;39663;0;24.2;11.0;0.0
88;2021-04-25;40;3;0;87166;39666;0;24.2;11.0;0.0
88;2021-04-26;1105;1040;0;88271;40706;0;24.6;11.3;0.0
88;2021-04-27;1228;1621;0;89499;42327;0;24.9;11.8;0.0
88;2021-04-28;1526;1363;0;91025;43690;0;25.3;12.2;0.0
88;2021-04-29;1873;1370;0;92898;45060;0;25.8;12.5;0.0
88;2021-04-30;2240;1455;1;95138;46515;1;26.5;12.9;0.0
88;2021-05-01;1905;288;0;97043;46803;1;27.0;13.0;0.0
88;2021-05-02;1181;122;0;98224;46925;1;27.3;13.1;0.0
88;2021-05-03;1465;1098;0;99689;48023;1;27.7;13.4;0.0
88;2021-05-04;1395;1367;0;101084;49390;1;28.1;13.7;0.0
88;2021-05-05;2266;1478;0;103350;50868;1;28.7;14.1;0.0
88;2021-05-06;2954;1173;0;106304;52041;1;29.6;14.5;0.0
88;2021-05-07;2616;1224;0;108920;53265;1;30.3;14.8;0.0
88;2021-05-08;1454;462;0;110374;53727;1;30.7;14.9;0.0
88;2021-05-09;1461;146;0;111835;53873;1;31.1;15.0;0.0
88;2021-05-10;1629;1483;0;113464;55356;1;31.6;15.4;0.0
88;2021-05-11;2408;1819;0;115872;57175;1;32.2;15.9;0.0
88;2021-05-12;2334;1737;0;118206;58912;1;32.9;16.4;0.0
88;2021-05-13;2715;640;0;120921;59552;1;33.6;16.6;0.0
88;2021-05-14;2218;1383;0;123139;60935;1;34.3;16.9;0.0
88;2021-05-15;1631;741;0;124770;61676;1;34.7;17.2;0.0
88;2021-05-16;1133;96;0;125903;61772;1;35.0;17.2;0.0
88;2021-05-17;1751;913;0;127654;62685;1;35.5;17.4;0.0
88;2021-05-18;1978;1059;0;129632;63744;1;36.1;17.7;0.0
88;2021-05-19;2334;1071;0;131966;64815;1;36.7;18.0;0.0
88;2021-05-20;2818;1188;0;134784;66003;1;37.5;18.4;0.0
88;2021-05-21;2448;1105;0;137232;67108;1;38.2;18.7;0.0
88;2021-05-22;1470;711;0;138702;67819;1;38.6;18.9;0.0
88;2021-05-23;535;73;0;139237;67892;1;38.7;18.9;0.0
88;2021-05-24;1257;388;0;140494;68280;1;39.1;19.0;0.0
88;2021-05-25;1446;1095;0;141940;69375;1;39.5;19.3;0.0
88;2021-05-26;2060;1070;0;144000;70445;1;40.1;19.6;0.0
88;2021-05-27;1795;1268;0;145795;71713;1;40.6;19.9;0.0
88;2021-05-28;1683;1860;0;147478;73573;1;41.0;20.5;0.0
88;2021-05-29;1243;1693;0;148721;75266;1;41.4;20.9;0.0
88;2021-05-30;549;407;0;149270;75673;1;41.5;21.0;0.0
88;2021-05-31;1141;1726;0;150411;77399;1;41.8;21.5;0.0
88;2021-06-01;1580;1880;0;151991;79279;1;42.3;22.1;0.0
88;2021-06-02;1842;1764;0;153833;81043;1;42.8;22.5;0.0
88;2021-06-03;2503;1594;0;156336;82637;1;43.5;23.0;0.0
88;2021-06-04;1861;1840;0;158197;84477;1;44.0;23.5;0.0
88;2021-06-05;1429;1105;0;159626;85582;1;44.4;23.8;0.0
88;2021-06-06;670;151;0;160296;85733;1;44.6;23.8;0.0
88;2021-06-07;1235;1599;0;161531;87332;1;44.9;24.3;0.0
88;2021-06-08;1617;1788;0;163148;89120;1;45.4;24.8;0.0
88;2021-06-09;1588;1804;0;164736;90924;1;45.8;25.3;0.0
88;2021-06-10;1743;1914;0;166479;92838;1;46.3;25.8;0.0
88;2021-06-11;1550;2101;0;168029;94939;1;46.7;26.4;0.0
88;2021-06-12;755;1630;0;168784;96569;1;46.9;26.9;0.0
88;2021-06-13;452;355;0;169236;96924;1;47.1;27.0;0.0
88;2021-06-14;953;2064;0;170189;98988;1;47.3;27.5;0.0
88;2021-06-15;1800;2341;0;171989;101329;1;47.8;28.2;0.0
88;2021-06-16;1409;2715;0;173398;104044;1;48.2;28.9;0.0
88;2021-06-17;1559;2551;0;174957;106595;1;48.7;29.6;0.0
88;2021-06-18;1359;2301;0;176316;108896;1;49.0;30.3;0.0
88;2021-06-19;627;1076;0;176943;109972;1;49.2;30.6;0.0
88;2021-06-20;78;82;0;177021;110054;1;49.2;30.6;0.0
88;2021-06-21;643;2287;0;177664;112341;1;49.4;31.2;0.0
88;2021-06-22;881;3184;0;178545;115525;1;49.7;32.1;0.0
88;2021-06-23;1093;2647;0;179638;118172;1;50.0;32.9;0.0
88;2021-06-24;712;2471;0;180350;120643;1;50.2;33.6;0.0
88;2021-06-25;1358;2923;0;181708;123566;1;50.5;34.4;0.0
88;2021-06-26;801;2031;0;182509;125597;1;50.8;34.9;0.0
88;2021-06-27;520;622;0;183029;126219;1;50.9;35.1;0.0
88;2021-06-28;701;2219;0;183730;128438;1;51.1;35.7;0.0
88;2021-06-29;829;3058;0;184559;131496;1;51.3;36.6;0.0
88;2021-06-30;1029;2849;0;185588;134345;1;51.6;37.4;0.0
88;2021-07-01;1056;2554;0;186644;136899;1;51.9;38.1;0.0
88;2021-07-02;1025;2899;0;187669;139798;1;52.2;38.9;0.0
88;2021-07-03;654;1700;0;188323;141498;1;52.4;39.4;0.0
88;2021-07-04;250;771;0;188573;142269;1;52.5;39.6;0.0
88;2021-07-05;945;1792;0;189518;144061;1;52.7;40.1;0.0
88;2021-07-06;1012;2184;0;190530;146245;1;53.0;40.7;0.0
88;2021-07-07;1140;2412;0;191670;148657;1;53.3;41.3;0.0
88;2021-07-08;1004;1962;0;192674;150619;1;53.6;41.9;0.0
88;2021-07-09;1535;2472;0;194209;153091;1;54.0;42.6;0.0
88;2021-07-10;729;1821;0;194938;154912;1;54.2;43.1;0.0
88;2021-07-11;444;656;0;195382;155568;1;54.3;43.3;0.0
88;2021-07-12;990;2293;0;196372;157861;1;54.6;43.9;0.0
88;2021-07-13;1289;2453;0;197661;160314;1;55.0;44.6;0.0
88;2021-07-14;1116;721;0;198777;161035;1;55.3;44.8;0.0
88;2021-07-15;1710;3132;0;200487;164167;1;55.8;45.7;0.0
88;2021-07-16;1533;2863;0;202020;167030;1;56.2;46.5;0.0
88;2021-07-17;961;1691;0;202981;168721;1;56.5;46.9;0.0
88;2021-07-18;320;727;0;203301;169448;1;56.5;47.1;0.0
88;2021-07-19;1499;2044;0;204800;171492;1;57.0;47.7;0.0
88;2021-07-20;2081;2309;0;206881;173801;1;57.5;48.3;0.0
88;2021-07-21;1960;2196;0;208841;175997;1;58.1;49.0;0.0
88;2021-07-22;1872;2195;0;210713;178192;1;58.6;49.6;0.0
88;2021-07-23;2517;2786;0;213230;180978;1;59.3;50.3;0.0
88;2021-07-24;1263;1321;0;214493;182299;1;59.7;50.7;0.0
88;2021-07-25;445;591;0;214938;182890;1;59.8;50.9;0.0
88;2021-07-26;1653;1897;0;216591;184787;1;60.2;51.4;0.0
88;2021-07-27;2361;1972;0;218952;186759;1;60.9;51.9;0.0
88;2021-07-28;2316;1906;0;221268;188665;1;61.5;52.5;0.0
88;2021-07-29;2993;1598;0;224261;190263;1;62.4;52.9;0.0
88;2021-07-30;2340;2247;0;226601;192510;1;63.0;53.5;0.0
88;2021-07-31;1307;1112;0;227908;193622;1;63.4;53.9;0.0
88;2021-08-01;452;448;0;228360;194070;1;63.5;54.0;0.0
88;2021-08-02;2248;1622;0;230608;195692;1;64.1;54.4;0.0
88;2021-08-03;2762;1511;0;233370;197203;1;64.9;54.9;0.0
88;2021-08-04;2451;1543;0;235821;198746;1;65.6;55.3;0.0
88;2021-08-05;2028;1374;0;237849;200120;1;66.2;55.7;0.0
88;2021-08-06;2847;1932;0;240696;202052;1;66.9;56.2;0.0
88;2021-08-07;1232;992;0;241928;203044;1;67.3;56.5;0.0
88;2021-08-08;715;315;0;242643;203359;1;67.5;56.6;0.0
88;2021-08-09;1424;1562;0;244067;204921;1;67.9;57.0;0.0
88;2021-08-10;1826;1963;0;245893;206884;1;68.4;57.5;0.0
88;2021-08-11;1759;1679;0;247652;208563;1;68.9;58.0;0.0
88;2021-08-12;1581;1376;0;249233;209939;1;69.3;58.4;0.0
88;2021-08-13;1839;2079;0;251072;212018;1;69.8;59.0;0.0
88;2021-08-14;590;998;0;251662;213016;1;70.0;59.3;0.0
88;2021-08-15;280;485;0;251942;213501;1;70.1;59.4;0.0
88;2021-08-16;1040;1857;0;252982;215358;1;70.4;59.9;0.0
88;2021-08-17;1206;1976;0;254188;217334;1;70.7;60.5;0.0
88;2021-08-18;1179;1915;0;255367;219249;1;71.0;61.0;0.0
88;2021-08-19;998;1601;0;256365;220850;1;71.3;61.4;0.0
88;2021-08-20;1023;2280;0;257388;223130;1;71.6;62.1;0.0
88;2021-08-21;439;1292;0;257827;224422;1;71.7;62.4;0.0
88;2021-08-22;91;471;0;257918;224893;1;71.7;62.6;0.0
88;2021-08-23;695;1562;0;258613;226455;1;71.9;63.0;0.0
88;2021-08-24;871;1899;0;259484;228354;1;72.2;63.5;0.0
88;2021-08-25;856;2411;0;260340;230765;1;72.4;64.2;0.0
88;2021-08-26;834;2035;0;261174;232800;1;72.6;64.8;0.0
88;2021-08-27;801;2634;0;261975;235434;1;72.9;65.5;0.0
88;2021-08-28;494;1452;0;262469;236886;1;73.0;65.9;0.0
88;2021-08-29;128;657;0;262597;237543;1;73.0;66.1;0.0
88;2021-08-30;665;2220;38;263262;239763;39;73.2;66.7;0.0
88;2021-08-31;781;2335;46;264043;242098;85;73.4;67.3;0.0
88;2021-09-01;666;1915;86;264709;244013;171;73.6;67.9;0.0
88;2021-09-02;646;1557;129;265355;245570;300;73.8;68.3;0.1
88;2021-09-03;726;2058;157;266081;247628;457;74.0;68.9;0.1
88;2021-09-04;465;1127;56;266546;248755;513;74.1;69.2;0.1
88;2021-09-05;182;366;53;266728;249121;566;74.2;69.3;0.2
88;2021-09-06;467;1085;148;267195;250206;714;74.3;69.6;0.2
88;2021-09-07;542;1153;188;267737;251359;902;74.5;69.9;0.3
88;2021-09-08;451;1245;149;268188;252604;1051;74.6;70.3;0.3
88;2021-09-09;530;783;293;268718;253387;1344;74.7;70.5;0.4
88;2021-09-10;593;1286;227;269311;254673;1571;74.9;70.8;0.4
88;2021-09-11;351;811;72;269662;255484;1643;75.0;71.1;0.5
88;2021-09-12;62;122;18;269724;255606;1661;75.0;71.1;0.5
88;2021-09-13;401;633;333;270125;256239;1994;75.1;71.3;0.6
88;2021-09-14;537;706;572;270662;256945;2566;75.3;71.5;0.7
88;2021-09-15;425;931;417;271087;257876;2983;75.4;71.7;0.8
88;2021-09-16;264;527;337;271351;258403;3320;75.5;71.9;0.9
88;2021-09-17;411;967;426;271762;259370;3746;75.6;72.1;1.0
88;2021-09-18;234;718;149;271996;260088;3895;75.7;72.3;1.1
88;2021-09-19;45;157;10;272041;260245;3905;75.7;72.4;1.1
88;2021-09-20;224;536;368;272265;260781;4273;75.7;72.5;1.2
88;2021-09-21;214;569;351;272479;261350;4624;75.8;72.7;1.3
88;2021-09-22;187;744;456;272666;262094;5080;75.8;72.9;1.4
88;2021-09-23;277;610;326;272943;262704;5406;75.9;73.1;1.5
88;2021-09-24;268;797;473;273211;263501;5879;76.0;73.3;1.6
88;2021-09-25;130;596;179;273341;264097;6058;76.0;73.5;1.7
88;2021-09-26;16;150;22;273357;264247;6080;76.0;73.5;1.7
88;2021-09-27;153;431;428;273510;264678;6508;76.1;73.6;1.8
88;2021-09-28;177;500;475;273687;265178;6983;76.1;73.8;1.9
88;2021-09-29;163;484;368;273850;265662;7351;76.2;73.9;2.0
88;2021-09-30;136;455;254;273986;266117;7605;76.2;74.0;2.1
88;2021-10-01;241;655;355;274227;266772;7960;76.3;74.2;2.2
88;2021-10-02;151;366;102;274378;267138;8062;76.3;74.3;2.2
88;2021-10-03;24;72;19;274402;267210;8081;76.3;74.3;2.2
88;2021-10-04;149;435;387;274551;267645;8468;76.4;74.4;2.4
88;2021-10-05;178;550;477;274729;268195;8945;76.4;74.6;2.5
88;2021-10-06;182;391;402;274911;268586;9347;76.5;74.7;2.6
88;2021-10-07;75;224;173;274986;268810;9520;76.5;74.8;2.6
88;2021-10-08;268;610;520;275254;269420;10040;76.6;74.9;2.8
88;2021-10-09;131;260;137;275385;269680;10177;76.6;75.0;2.8
88;2021-10-10;23;43;12;275408;269723;10189;76.6;75.0;2.8
88;2021-10-11;107;229;447;275515;269952;10636;76.6;75.1;3.0
88;2021-10-12;146;267;717;275661;270219;11353;76.7;75.2;3.2
88;2021-10-13;146;238;536;275807;270457;11889;76.7;75.2;3.3
88;2021-10-14;84;200;281;275891;270657;12170;76.7;75.3;3.4
88;2021-10-15;193;377;586;276084;271034;12756;76.8;75.4;3.5
88;2021-10-16;132;139;156;276216;271173;12912;76.8;75.4;3.6
88;2021-10-17;1;13;0;276217;271186;12912;76.8;75.4;3.6
88;2021-10-18;166;224;637;276383;271410;13549;76.9;75.5;3.8
88;2021-10-19;142;156;478;276525;271566;14027;76.9;75.5;3.9
88;2021-10-20;156;190;449;276681;271756;14476;77.0;75.6;4.0
88;2021-10-21;97;124;299;276778;271880;14775;77.0;75.6;4.1
88;2021-10-22;168;255;762;276946;272135;15537;77.0;75.7;4.3
88;2021-10-23;92;139;191;277038;272274;15728;77.1;75.7;4.4
88;2021-10-24;2;1;8;277040;272275;15736;77.1;75.7;4.4
88;2021-10-25;170;178;731;277210;272453;16467;77.1;75.8;4.6
88;2021-10-26;174;185;886;277384;272638;17353;77.2;75.8;4.8
88;2021-10-27;113;152;663;277497;272790;18016;77.2;75.9;5.0
88;2021-10-28;57;82;218;277554;272872;18234;77.2;75.9;5.1
88;2021-10-29;166;209;801;277720;273081;19035;77.2;76.0;5.3
88;2021-10-30;71;169;308;277791;273250;19343;77.3;76.0;5.4
88;2021-10-31;2;6;0;277793;273256;19343;77.3;76.0;5.4
88;2021-11-01;7;18;12;277800;273274;19355;77.3;76.0;5.4
88;2021-11-02;133;188;782;277933;273462;20137;77.3;76.1;5.6
88;2021-11-03;111;168;829;278044;273630;20966;77.3;76.1;5.8
88;2021-11-04;63;103;428;278107;273733;21394;77.4;76.1;6.0
88;2021-11-05;141;231;987;278248;273964;22381;77.4;76.2;6.2
88;2021-11-06;103;147;327;278351;274111;22708;77.4;76.2;6.3
88;2021-11-07;7;7;17;278358;274118;22725;77.4;76.2;6.3
88;2021-11-08;116;161;1012;278474;274279;23737;77.5;76.3;6.6
88;2021-11-09;95;182;1317;278569;274461;25054;77.5;76.3;7.0
88;2021-11-10;156;181;1270;278725;274642;26324;77.5;76.4;7.3
88;2021-11-11;1;7;11;278726;274649;26335;77.5;76.4;7.3
88;2021-11-12;139;155;1293;278865;274804;27628;77.6;76.4;7.7
88;2021-11-13;74;137;441;278939;274941;28069;77.6;76.5;7.8
88;2021-11-14;1;2;4;278940;274943;28073;77.6;76.5;7.8
88;2021-11-15;113;177;1226;279053;275120;29299;77.6;76.5;8.1
88;2021-11-16;140;144;1466;279193;275264;30765;77.7;76.6;8.6
88;2021-11-17;118;179;1068;279311;275443;31833;77.7;76.6;8.9
88;2021-11-18;77;84;829;279388;275527;32662;77.7;76.6;9.1
88;2021-11-19;165;212;1739;279553;275739;34401;77.8;76.7;9.6
88;2021-11-20;105;105;570;279658;275844;34971;77.8;76.7;9.7
88;2021-11-21;12;15;30;279670;275859;35001;77.8;76.7;9.7
88;2021-11-22;85;56;1233;279755;275915;36234;77.8;76.7;10.1
88;2021-11-23;140;143;1990;279895;276058;38224;77.9;76.8;10.6
88;2021-11-24;137;123;1363;280032;276181;39587;77.9;76.8;11.0
88;2021-11-25;86;71;1105;280118;276252;40692;77.9;76.8;11.3
88;2021-11-26;186;179;2243;280304;276431;42935;78.0;76.9;11.9
88;2021-11-27;137;150;1330;280441;276581;44265;78.0;76.9;12.3
88;2021-11-28;0;5;45;280441;276586;44310;78.0;76.9;12.3
88;2021-11-29;133;106;2545;280574;276692;46855;78.0;77.0;13.0
88;2021-11-30;96;105;2506;280670;276797;49361;78.1;77.0;13.7
88;2021-12-01;109;124;3422;280779;276921;52783;78.1;77.0;14.7
88;2021-12-02;121;52;3534;280900;276973;56317;78.1;77.0;15.7
88;2021-12-03;117;152;3771;281017;277125;60088;78.2;77.1;16.7
88;2021-12-04;95;106;2450;281112;277231;62538;78.2;77.1;17.4
88;2021-12-05;9;19;260;281121;277250;62798;78.2;77.1;17.5
88;2021-12-06;86;102;3171;281207;277352;65969;78.2;77.1;18.3
88;2021-12-07;113;128;4246;281320;277480;70215;78.2;77.2;19.5
88;2021-12-08;117;136;3687;281437;277616;73902;78.3;77.2;20.6
88;2021-12-09;109;104;3563;281546;277720;77465;78.3;77.2;21.5
88;2021-12-10;105;160;4471;281651;277880;81936;78.3;77.3;22.8
88;2021-12-11;116;139;2837;281767;278019;84773;78.4;77.3;23.6
88;2021-12-12;18;12;585;281785;278031;85358;78.4;77.3;23.7
88;2021-12-13;103;87;3600;281888;278118;88958;78.4;77.4;24.7
88;2021-12-14;155;171;5052;282043;278289;94010;78.4;77.4;26.1
88;2021-12-15;162;134;3883;282205;278423;97893;78.5;77.4;27.2
89;2020-12-27;0;0;0;0;0;0;0.0;0.0;0.0
89;2020-12-28;0;0;0;0;0;0;0.0;0.0;0.0
89;2020-12-29;0;0;0;0;0;0;0.0;0.0;0.0
89;2020-12-30;0;0;0;0;0;0;0.0;0.0;0.0
89;2020-12-31;0;0;0;0;0;0;0.0;0.0;0.0
89;2021-01-01;0;0;0;0;0;0;0.0;0.0;0.0
89;2021-01-02;0;0;0;0;0;0;0.0;0.0;0.0
89;2021-01-03;0;0;0;0;0;0;0.0;0.0;0.0
89;2021-01-04;0;0;0;0;0;0;0.0;0.0;0.0
89;2021-01-05;3;0;0;3;0;0;0.0;0.0;0.0
89;2021-01-06;46;0;0;49;0;0;0.0;0.0;0.0
89;2021-01-07;194;0;0;243;0;0;0.1;0.0;0.0
89;2021-01-08;55;0;0;298;0;0;0.1;0.0;0.0
89;2021-01-09;4;0;0;302;0;0;0.1;0.0;0.0
89;2021-01-10;0;0;0;302;0;0;0.1;0.0;0.0
89;2021-01-11;221;0;0;523;0;0;0.2;0.0;0.0
89;2021-01-12;327;1;0;850;1;0;0.3;0.0;0.0
89;2021-01-13;501;3;0;1351;4;0;0.4;0.0;0.0
89;2021-01-14;637;7;0;1988;11;0;0.6;0.0;0.0
89;2021-01-15;287;3;0;2275;14;0;0.7;0.0;0.0
89;2021-01-16;90;4;0;2365;18;0;0.7;0.0;0.0
89;2021-01-17;0;0;0;2365;18;0;0.7;0.0;0.0
89;2021-01-18;494;1;0;2859;19;0;0.9;0.0;0.0
89;2021-01-19;775;4;0;3634;23;0;1.1;0.0;0.0
89;2021-01-20;762;0;0;4396;23;0;1.3;0.0;0.0
89;2021-01-21;878;1;0;5274;24;0;1.6;0.0;0.0
89;2021-01-22;960;1;0;6234;25;0;1.9;0.0;0.0
89;2021-01-23;154;0;0;6388;25;0;1.9;0.0;0.0
89;2021-01-24;93;1;0;6481;26;0;2.0;0.0;0.0
89;2021-01-25;479;3;0;6960;29;0;2.1;0.0;0.0
89;2021-01-26;584;15;0;7544;44;0;2.3;0.0;0.0
89;2021-01-27;489;34;0;8033;78;0;2.4;0.0;0.0
89;2021-01-28;551;118;0;8584;196;0;2.6;0.1;0.0
89;2021-01-29;849;41;0;9433;237;0;2.8;0.1;0.0
89;2021-01-30;165;64;0;9598;301;0;2.9;0.1;0.0
89;2021-01-31;23;2;0;9621;303;0;2.9;0.1;0.0
89;2021-02-01;257;153;0;9878;456;0;3.0;0.1;0.0
89;2021-02-02;283;322;0;10161;778;0;3.1;0.2;0.0
89;2021-02-03;293;325;0;10454;1103;0;3.1;0.3;0.0
89;2021-02-04;421;539;0;10875;1642;0;3.3;0.5;0.0
89;2021-02-05;364;193;0;11239;1835;0;3.4;0.6;0.0
89;2021-02-06;78;65;0;11317;1900;0;3.4;0.6;0.0
89;2021-02-07;1;1;0;11318;1901;0;3.4;0.6;0.0
89;2021-02-08;271;185;0;11589;2086;0;3.5;0.6;0.0
89;2021-02-09;294;441;0;11883;2527;0;3.6;0.8;0.0
89;2021-02-10;389;303;0;12272;2830;0;3.7;0.9;0.0
89;2021-02-11;329;552;0;12601;3382;0;3.8;1.0;0.0
89;2021-02-12;436;564;0;13037;3946;0;3.9;1.2;0.0
89;2021-02-13;50;125;0;13087;4071;0;3.9;1.2;0.0
89;2021-02-14;20;104;0;13107;4175;0;3.9;1.3;0.0
89;2021-02-15;211;407;0;13318;4582;0;4.0;1.4;0.0
89;2021-02-16;136;559;0;13454;5141;0;4.1;1.5;0.0
89;2021-02-17;271;431;0;13725;5572;0;4.1;1.7;0.0
89;2021-02-18;234;536;0;13959;6108;0;4.2;1.8;0.0
89;2021-02-19;235;607;0;14194;6715;0;4.3;2.0;0.0
89;2021-02-20;35;120;0;14229;6835;0;4.3;2.1;0.0
89;2021-02-21;1;9;0;14230;6844;0;4.3;2.1;0.0
89;2021-02-22;221;443;0;14451;7287;0;4.4;2.2;0.0
89;2021-02-23;179;489;0;14630;7776;0;4.4;2.3;0.0
89;2021-02-24;326;403;0;14956;8179;0;4.5;2.5;0.0
89;2021-02-25;385;461;0;15341;8640;0;4.6;2.6;0.0
89;2021-02-26;375;320;0;15716;8960;0;4.7;2.7;0.0
89;2021-02-27;143;89;0;15859;9049;0;4.8;2.7;0.0
89;2021-02-28;2;13;0;15861;9062;0;4.8;2.7;0.0
89;2021-03-01;518;248;0;16379;9310;0;4.9;2.8;0.0
89;2021-03-02;733;363;0;17112;9673;0;5.2;2.9;0.0
89;2021-03-03;640;272;0;17752;9945;0;5.3;3.0;0.0
89;2021-03-04;673;382;0;18425;10327;0;5.5;3.1;0.0
89;2021-03-05;756;486;0;19181;10813;0;5.8;3.3;0.0
89;2021-03-06;552;136;0;19733;10949;0;5.9;3.3;0.0
89;2021-03-07;307;47;0;20040;10996;0;6.0;3.3;0.0
89;2021-03-08;568;313;0;20608;11309;0;6.2;3.4;0.0
89;2021-03-09;1010;288;0;21618;11597;0;6.5;3.5;0.0
89;2021-03-10;1026;254;0;22644;11851;0;6.8;3.6;0.0
89;2021-03-11;1090;308;0;23734;12159;0;7.1;3.7;0.0
89;2021-03-12;1279;334;0;25013;12493;0;7.5;3.8;0.0
89;2021-03-13;634;48;0;25647;12541;0;7.7;3.8;0.0
89;2021-03-14;11;1;0;25658;12542;0;7.7;3.8;0.0
89;2021-03-15;839;304;0;26497;12846;0;8.0;3.9;0.0
89;2021-03-16;932;214;0;27429;13060;0;8.3;3.9;0.0
89;2021-03-17;923;208;0;28352;13268;0;8.5;4.0;0.0
89;2021-03-18;892;220;0;29244;13488;0;8.8;4.1;0.0
89;2021-03-19;1122;194;0;30366;13682;0;9.1;4.1;0.0
89;2021-03-20;827;28;0;31193;13710;0;9.4;4.1;0.0
89;2021-03-21;193;11;0;31386;13721;0;9.5;4.1;0.0
89;2021-03-22;1051;223;0;32437;13944;0;9.8;4.2;0.0
89;2021-03-23;1701;230;0;34138;14174;0;10.3;4.3;0.0
89;2021-03-24;1937;324;0;36075;14498;0;10.9;4.4;0.0
89;2021-03-25;1847;183;0;37922;14681;0;11.4;4.4;0.0
89;2021-03-26;2504;177;0;40426;14858;0;12.2;4.5;0.0
89;2021-03-27;1682;50;0;42108;14908;0;12.7;4.5;0.0
89;2021-03-28;26;0;0;42134;14908;0;12.7;4.5;0.0
89;2021-03-29;943;563;0;43077;15471;0;13.0;4.7;0.0
89;2021-03-30;1166;564;0;44243;16035;0;13.3;4.8;0.0
89;2021-03-31;1911;487;0;46154;16522;0;13.9;5.0;0.0
89;2021-04-01;2043;467;0;48197;16989;0;14.5;5.1;0.0
89;2021-04-02;1974;443;0;50171;17432;0;15.1;5.2;0.0
89;2021-04-03;912;243;0;51083;17675;0;15.4;5.3;0.0
89;2021-04-04;29;12;0;51112;17687;0;15.4;5.3;0.0
89;2021-04-05;91;5;0;51203;17692;0;15.4;5.3;0.0
89;2021-04-06;1017;750;0;52220;18442;0;15.7;5.6;0.0
89;2021-04-07;985;799;0;53205;19241;0;16.0;5.8;0.0
89;2021-04-08;1689;716;0;54894;19957;0;16.5;6.0;0.0
89;2021-04-09;2122;749;0;57016;20706;0;17.2;6.2;0.0
89;2021-04-10;895;184;0;57911;20890;0;17.4;6.3;0.0
89;2021-04-11;48;5;0;57959;20895;0;17.5;6.3;0.0
89;2021-04-12;962;791;0;58921;21686;0;17.7;6.5;0.0
89;2021-04-13;1314;1049;0;60235;22735;0;18.1;6.8;0.0
89;2021-04-14;1185;1007;0;61420;23742;0;18.5;7.1;0.0
89;2021-04-15;1381;927;0;62801;24669;0;18.9;7.4;0.0
89;2021-04-16;1322;915;0;64123;25584;0;19.3;7.7;0.0
89;2021-04-17;997;440;0;65120;26024;0;19.6;7.8;0.0
89;2021-04-18;47;176;0;65167;26200;0;19.6;7.9;0.0
89;2021-04-19;716;1020;0;65883;27220;0;19.8;8.2;0.0
89;2021-04-20;988;1532;0;66871;28752;0;20.1;8.7;0.0
89;2021-04-21;822;1091;0;67693;29843;0;20.4;9.0;0.0
89;2021-04-22;1058;1155;0;68751;30998;0;20.7;9.3;0.0
89;2021-04-23;1664;1892;0;70415;32890;0;21.2;9.9;0.0
89;2021-04-24;1137;1114;0;71552;34004;0;21.5;10.2;0.0
89;2021-04-25;179;18;0;71731;34022;0;21.6;10.2;0.0
89;2021-04-26;1440;749;0;73171;34771;0;22.0;10.5;0.0
89;2021-04-27;1721;1041;0;74892;35812;0;22.6;10.8;0.0
89;2021-04-28;1587;1764;0;76479;37576;0;23.0;11.3;0.0
89;2021-04-29;1914;1815;0;78393;39391;0;23.6;11.9;0.0
89;2021-04-30;1796;1639;0;80189;41030;0;24.1;12.4;0.0
89;2021-05-01;843;642;0;81032;41672;0;24.4;12.5;0.0
89;2021-05-02;161;47;0;81193;41719;0;24.4;12.6;0.0
89;2021-05-03;1520;777;0;82713;42496;0;24.9;12.8;0.0
89;2021-05-04;1573;1113;0;84286;43609;0;25.4;13.1;0.0
89;2021-05-05;2280;1192;0;86566;44801;0;26.1;13.5;0.0
89;2021-05-06;2350;1364;0;88916;46165;0;26.8;13.9;0.0
89;2021-05-07;2653;1272;0;91569;47437;0;27.6;14.3;0.0
89;2021-05-08;1671;504;0;93240;47941;0;28.1;14.4;0.0
89;2021-05-09;259;33;0;93499;47974;0;28.2;14.4;0.0
89;2021-05-10;1269;950;0;94768;48924;0;28.5;14.7;0.0
89;2021-05-11;2550;1449;0;97318;50373;0;29.3;15.2;0.0
89;2021-05-12;2108;1201;0;99426;51574;0;29.9;15.5;0.0
89;2021-05-13;542;318;0;99968;51892;0;30.1;15.6;0.0
89;2021-05-14;1957;1042;0;101925;52934;0;30.7;15.9;0.0
89;2021-05-15;2034;374;0;103959;53308;0;31.3;16.1;0.0
89;2021-05-16;109;50;0;104068;53358;0;31.3;16.1;0.0
89;2021-05-17;2169;631;0;106237;53989;0;32.0;16.3;0.0
89;2021-05-18;2426;831;0;108663;54820;0;32.7;16.5;0.0
89;2021-05-19;2879;878;0;111542;55698;0;33.6;16.8;0.0
89;2021-05-20;2964;883;0;114506;56581;0;34.5;17.0;0.0
89;2021-05-21;2503;854;0;117009;57435;0;35.2;17.3;0.0
89;2021-05-22;1397;565;0;118406;58000;0;35.7;17.5;0.0
89;2021-05-23;215;15;0;118621;58015;0;35.7;17.5;0.0
89;2021-05-24;443;221;0;119064;58236;0;35.9;17.5;0.0
89;2021-05-25;1650;971;0;120714;59207;0;36.3;17.8;0.0
89;2021-05-26;1861;1005;0;122575;60212;0;36.9;18.1;0.0
89;2021-05-27;2194;1329;0;124769;61541;0;37.6;18.5;0.0
89;2021-05-28;2131;1387;0;126900;62928;0;38.2;18.9;0.0
89;2021-05-29;687;651;0;127587;63579;0;38.4;19.1;0.0
89;2021-05-30;87;29;0;127674;63608;0;38.4;19.2;0.0
89;2021-05-31;1379;963;0;129053;64571;0;38.9;19.4;0.0
89;2021-06-01;1697;984;0;130750;65555;0;39.4;19.7;0.0
89;2021-06-02;2064;1231;0;132814;66786;0;40.0;20.1;0.0
89;2021-06-03;2446;1467;0;135260;68253;0;40.7;20.6;0.0
89;2021-06-04;2272;1834;0;137532;70087;0;41.4;21.1;0.0
89;2021-06-05;1258;1196;0;138790;71283;0;41.8;21.5;0.0
89;2021-06-06;97;69;0;138887;71352;0;41.8;21.5;0.0
89;2021-06-07;2144;1440;0;141031;72792;0;42.5;21.9;0.0
89;2021-06-08;2237;1485;0;143268;74277;0;43.1;22.4;0.0
89;2021-06-09;2296;1473;0;145564;75750;0;43.8;22.8;0.0
89;2021-06-10;2801;1638;0;148365;77388;0;44.7;23.3;0.0
89;2021-06-11;2002;1728;0;150367;79116;0;45.3;23.8;0.0
89;2021-06-12;1040;797;0;151407;79913;0;45.6;24.1;0.0
89;2021-06-13;198;432;0;151605;80345;0;45.7;24.2;0.0
89;2021-06-14;1364;1764;0;152969;82109;0;46.1;24.7;0.0
89;2021-06-15;1454;1969;0;154423;84078;0;46.5;25.3;0.0
89;2021-06-16;1158;2549;0;155581;86627;0;46.8;26.1;0.0
89;2021-06-17;1472;2364;0;157053;88991;0;47.3;26.8;0.0
89;2021-06-18;1624;2812;0;158677;91803;0;47.8;27.6;0.0
89;2021-06-19;720;1631;0;159397;93434;0;48.0;28.1;0.0
89;2021-06-20;71;161;0;159468;93595;0;48.0;28.2;0.0
89;2021-06-21;774;1564;0;160242;95159;0;48.3;28.7;0.0
89;2021-06-22;1080;2724;0;161322;97883;0;48.6;29.5;0.0
89;2021-06-23;1176;1892;0;162498;99775;0;48.9;30.0;0.0
89;2021-06-24;1116;1623;0;163614;101398;0;49.3;30.5;0.0
89;2021-06-25;982;2508;0;164596;103906;0;49.6;31.3;0.0
89;2021-06-26;605;2278;0;165201;106184;0;49.7;32.0;0.0
89;2021-06-27;42;90;0;165243;106274;0;49.8;32.0;0.0
89;2021-06-28;975;2545;0;166218;108819;0;50.1;32.8;0.0
89;2021-06-29;704;2550;0;166922;111369;0;50.3;33.5;0.0
89;2021-06-30;1057;3194;0;167979;114563;0;50.6;34.5;0.0
89;2021-07-01;978;2981;0;168957;117544;0;50.9;35.4;0.0
89;2021-07-02;1198;2761;0;170155;120305;0;51.2;36.2;0.0
89;2021-07-03;585;1585;0;170740;121890;0;51.4;36.7;0.0
89;2021-07-04;35;143;0;170775;122033;0;51.4;36.7;0.0
89;2021-07-05;1280;1879;0;172055;123912;0;51.8;37.3;0.0
89;2021-07-06;1060;2338;0;173115;126250;0;52.1;38.0;0.0
89;2021-07-07;709;1869;0;173824;128119;0;52.3;38.6;0.0
89;2021-07-08;849;2000;0;174673;130119;0;52.6;39.2;0.0
89;2021-07-09;1173;2577;0;175846;132696;0;53.0;40.0;0.0
89;2021-07-10;739;1025;0;176585;133721;0;53.2;40.3;0.0
89;2021-07-11;68;116;0;176653;133837;0;53.2;40.3;0.0
89;2021-07-12;1334;2000;0;177987;135837;0;53.6;40.9;0.0
89;2021-07-13;2095;2805;0;180082;138642;0;54.2;41.7;0.0
89;2021-07-14;432;450;0;180514;139092;0;54.4;41.9;0.0
89;2021-07-15;2213;3245;0;182727;142337;0;55.0;42.9;0.0
89;2021-07-16;2362;2941;0;185089;145278;0;55.7;43.7;0.0
89;2021-07-17;1281;1362;0;186370;146640;0;56.1;44.2;0.0
89;2021-07-18;336;171;0;186706;146811;0;56.2;44.2;0.0
89;2021-07-19;1636;2839;0;188342;149650;0;56.7;45.1;0.0
89;2021-07-20;2076;3337;0;190418;152987;0;57.3;46.1;0.0
89;2021-07-21;2087;2688;0;192505;155675;0;58.0;46.9;0.0
89;2021-07-22;2598;2970;0;195103;158645;0;58.7;47.8;0.0
89;2021-07-23;2543;3093;0;197646;161738;0;59.5;48.7;0.0
89;2021-07-24;1270;1237;0;198916;162975;0;59.9;49.1;0.0
89;2021-07-25;219;231;0;199135;163206;0;60.0;49.1;0.0
89;2021-07-26;1783;2314;0;200918;165520;0;60.5;49.8;0.0
89;2021-07-27;2494;1954;0;203412;167474;0;61.3;50.4;0.0
89;2021-07-28;2575;1424;0;205987;168898;0;62.0;50.9;0.0
89;2021-07-29;2604;1627;0;208591;170525;0;62.8;51.3;0.0
89;2021-07-30;2617;1657;0;211208;172182;0;63.6;51.8;0.0
89;2021-07-31;1173;1099;0;212381;173281;0;64.0;52.2;0.0
89;2021-08-01;175;68;0;212556;173349;0;64.0;52.2;0.0
89;2021-08-02;1841;1346;0;214397;174695;0;64.6;52.6;0.0
89;2021-08-03;2404;1298;0;216801;175993;0;65.3;53.0;0.0
89;2021-08-04;1510;1610;0;218311;177603;0;65.7;53.5;0.0
89;2021-08-05;1507;1665;0;219818;179268;0;66.2;54.0;0.0
89;2021-08-06;2093;1675;0;221911;180943;0;66.8;54.5;0.0
89;2021-08-07;929;1195;0;222840;182138;0;67.1;54.8;0.0
89;2021-08-08;94;103;0;222934;182241;0;67.1;54.9;0.0
89;2021-08-09;1095;1342;0;224029;183583;0;67.5;55.3;0.0
89;2021-08-10;1692;1850;0;225721;185433;0;68.0;55.8;0.0
89;2021-08-11;1470;1613;0;227191;187046;0;68.4;56.3;0.0
89;2021-08-12;1340;1451;0;228531;188497;0;68.8;56.8;0.0
89;2021-08-13;1233;1975;0;229764;190472;0;69.2;57.4;0.0
89;2021-08-14;521;1116;0;230285;191588;0;69.3;57.7;0.0
89;2021-08-15;38;109;0;230323;191697;0;69.4;57.7;0.0
89;2021-08-16;1017;2047;0;231340;193744;0;69.7;58.3;0.0
89;2021-08-17;802;1701;0;232142;195445;0;69.9;58.9;0.0
89;2021-08-18;615;1942;0;232757;197387;0;70.1;59.4;0.0
89;2021-08-19;698;1449;0;233455;198836;0;70.3;59.9;0.0
89;2021-08-20;1009;2209;0;234464;201045;0;70.6;60.5;0.0
89;2021-08-21;311;1159;0;234775;202204;0;70.7;60.9;0.0
89;2021-08-22;42;139;0;234817;202343;0;70.7;60.9;0.0
89;2021-08-23;742;2256;0;235559;204599;0;70.9;61.6;0.0
89;2021-08-24;842;2440;0;236401;207039;0;71.2;62.3;0.0
89;2021-08-25;576;1544;0;236977;208583;0;71.4;62.8;0.0
89;2021-08-26;589;2022;0;237566;210605;0;71.5;63.4;0.0
89;2021-08-27;784;2233;0;238350;212838;0;71.8;64.1;0.0
89;2021-08-28;381;1373;0;238731;214211;0;71.9;64.5;0.0
89;2021-08-29;21;148;0;238752;214359;0;71.9;64.5;0.0
89;2021-08-30;587;2192;25;239339;216551;25;72.1;65.2;0.0
89;2021-08-31;578;1590;40;239917;218141;65;72.2;65.7;0.0
89;2021-09-01;550;1364;80;240467;219505;145;72.4;66.1;0.0
89;2021-09-02;469;1387;150;240936;220892;295;72.6;66.5;0.1
89;2021-09-03;594;1884;181;241530;222776;476;72.7;67.1;0.1
89;2021-09-04;463;955;56;241993;223731;532;72.9;67.4;0.2
89;2021-09-05;27;35;7;242020;223766;539;72.9;67.4;0.2
89;2021-09-06;394;1485;294;242414;225251;833;73.0;67.8;0.3
89;2021-09-07;356;944;236;242770;226195;1069;73.1;68.1;0.3
89;2021-09-08;346;904;173;243116;227099;1242;73.2;68.4;0.4
89;2021-09-09;278;832;131;243394;227931;1373;73.3;68.6;0.4
89;2021-09-10;462;1339;174;243856;229270;1547;73.4;69.0;0.5
89;2021-09-11;295;792;61;244151;230062;1608;73.5;69.3;0.5
89;2021-09-12;14;56;10;244165;230118;1618;73.5;69.3;0.5
89;2021-09-13;381;1026;232;244546;231144;1850;73.6;69.6;0.6
89;2021-09-14;380;664;218;244926;231808;2068;73.8;69.8;0.6
89;2021-09-15;253;728;164;245179;232536;2232;73.8;70.0;0.7
89;2021-09-16;254;544;414;245433;233080;2646;73.9;70.2;0.8
89;2021-09-17;477;1039;344;245910;234119;2990;74.0;70.5;0.9
89;2021-09-18;183;749;92;246093;234868;3082;74.1;70.7;0.9
89;2021-09-19;9;23;12;246102;234891;3094;74.1;70.7;0.9
89;2021-09-20;254;670;380;246356;235561;3474;74.2;70.9;1.0
89;2021-09-21;301;455;466;246657;236016;3940;74.3;71.1;1.2
89;2021-09-22;205;602;260;246862;236618;4200;74.3;71.2;1.3
89;2021-09-23;219;421;272;247081;237039;4472;74.4;71.4;1.3
89;2021-09-24;301;822;322;247382;237861;4794;74.5;71.6;1.4
89;2021-09-25;112;486;75;247494;238347;4869;74.5;71.8;1.5
89;2021-09-26;8;29;5;247502;238376;4874;74.5;71.8;1.5
89;2021-09-27;181;439;377;247683;238815;5251;74.6;71.9;1.6
89;2021-09-28;238;367;309;247921;239182;5560;74.7;72.0;1.7
89;2021-09-29;201;375;312;248122;239557;5872;74.7;72.1;1.8
89;2021-09-30;151;406;328;248273;239963;6200;74.8;72.3;1.9
89;2021-10-01;293;495;380;248566;240458;6580;74.8;72.4;2.0
89;2021-10-02;141;358;84;248707;240816;6664;74.9;72.5;2.0
89;2021-10-03;7;21;5;248714;240837;6669;74.9;72.5;2.0
89;2021-10-04;127;392;329;248841;241229;6998;74.9;72.6;2.1
89;2021-10-05;149;430;328;248990;241659;7326;75.0;72.8;2.2
89;2021-10-06;231;423;434;249221;242082;7760;75.0;72.9;2.3
89;2021-10-07;83;323;385;249304;242405;8145;75.1;73.0;2.5
89;2021-10-08;226;526;494;249530;242931;8639;75.1;73.2;2.6
89;2021-10-09;126;252;173;249656;243183;8812;75.2;73.2;2.7
89;2021-10-10;1;9;7;249657;243192;8819;75.2;73.2;2.7
89;2021-10-11;137;296;276;249794;243488;9095;75.2;73.3;2.7
89;2021-10-12;116;228;432;249910;243716;9527;75.3;73.4;2.9
89;2021-10-13;162;257;396;250072;243973;9923;75.3;73.5;3.0
89;2021-10-14;120;242;397;250192;244215;10320;75.3;73.5;3.1
89;2021-10-15;209;420;518;250401;244635;10838;75.4;73.7;3.3
89;2021-10-16;119;137;153;250520;244772;10991;75.4;73.7;3.3
89;2021-10-17;5;12;31;250525;244784;11022;75.4;73.7;3.3
89;2021-10-18;120;246;398;250645;245030;11420;75.5;73.8;3.4
89;2021-10-19;141;240;545;250786;245270;11965;75.5;73.9;3.6
89;2021-10-20;104;267;641;250890;245537;12606;75.5;73.9;3.8
89;2021-10-21;106;157;548;250996;245694;13154;75.6;74.0;4.0
89;2021-10-22;227;325;586;251223;246019;13740;75.6;74.1;4.1
89;2021-10-23;105;149;304;251328;246168;14044;75.7;74.1;4.2
89;2021-10-24;1;9;3;251329;246177;14047;75.7;74.1;4.2
89;2021-10-25;101;143;569;251430;246320;14616;75.7;74.2;4.4
89;2021-10-26;97;134;620;251527;246454;15236;75.7;74.2;4.6
89;2021-10-27;138;215;784;251665;246669;16020;75.8;74.3;4.8
89;2021-10-28;75;119;735;251740;246788;16755;75.8;74.3;5.0
89;2021-10-29;134;220;706;251874;247008;17461;75.8;74.4;5.3
89;2021-10-30;73;115;345;251947;247123;17806;75.9;74.4;5.4
89;2021-10-31;5;12;18;251952;247135;17824;75.9;74.4;5.4
89;2021-11-01;6;8;12;251958;247143;17836;75.9;74.4;5.4
89;2021-11-02;104;155;609;252062;247298;18445;75.9;74.5;5.6
89;2021-11-03;129;222;946;252191;247520;19391;75.9;74.5;5.8
89;2021-11-04;85;110;588;252276;247630;19979;76.0;74.6;6.0
89;2021-11-05;164;229;952;252440;247859;20931;76.0;74.6;6.3
89;2021-11-06;61;146;408;252501;248005;21339;76.0;74.7;6.4
89;2021-11-07;1;9;18;252502;248014;21357;76.0;74.7;6.4
89;2021-11-08;120;99;869;252622;248113;22226;76.1;74.7;6.7
89;2021-11-09;99;126;933;252721;248239;23159;76.1;74.7;7.0
89;2021-11-10;142;164;1199;252863;248403;24358;76.1;74.8;7.3
89;2021-11-11;6;11;43;252869;248414;24401;76.1;74.8;7.3
89;2021-11-12;115;189;1037;252984;248603;25438;76.2;74.9;7.7
89;2021-11-13;59;138;650;253043;248741;26088;76.2;74.9;7.9
89;2021-11-14;4;13;30;253047;248754;26118;76.2;74.9;7.9
89;2021-11-15;101;125;1118;253148;248879;27236;76.2;74.9;8.2
89;2021-11-16;104;126;1233;253252;249005;28469;76.3;75.0;8.6
89;2021-11-17;142;169;1158;253394;249174;29627;76.3;75.0;8.9
89;2021-11-18;62;86;769;253456;249260;30396;76.3;75.1;9.2
89;2021-11-19;143;204;1344;253599;249464;31740;76.4;75.1;9.6
89;2021-11-20;100;129;746;253699;249593;32486;76.4;75.2;9.8
89;2021-11-21;10;15;40;253709;249608;32526;76.4;75.2;9.8
89;2021-11-22;116;91;1324;253825;249699;33850;76.4;75.2;10.2
89;2021-11-23;98;104;1303;253923;249803;35153;76.5;75.2;10.6
89;2021-11-24;148;119;1262;254071;249922;36415;76.5;75.3;11.0
89;2021-11-25;99;124;1424;254170;250046;37839;76.5;75.3;11.4
89;2021-11-26;125;157;1925;254295;250203;39764;76.6;75.3;12.0
89;2021-11-27;105;116;1081;254400;250319;40845;76.6;75.4;12.3
89;2021-11-28;2;18;79;254402;250337;40924;76.6;75.4;12.3
89;2021-11-29;103;130;1859;254505;250467;42783;76.6;75.4;12.9
89;2021-11-30;105;125;2338;254610;250592;45121;76.7;75.5;13.6
89;2021-12-01;110;132;2480;254720;250724;47601;76.7;75.5;14.3
89;2021-12-02;81;61;2311;254801;250785;49912;76.7;75.5;15.0
89;2021-12-03;106;125;2897;254907;250910;52809;76.8;75.6;15.9
89;2021-12-04;42;92;1822;254949;251002;54631;76.8;75.6;16.5
89;2021-12-05;5;8;108;254954;251010;54739;76.8;75.6;16.5
89;2021-12-06;78;97;3365;255032;251107;58104;76.8;75.6;17.5
89;2021-12-07;111;113;3564;255143;251220;61668;76.8;75.6;18.6
89;2021-12-08;108;107;3158;255251;251327;64826;76.9;75.7;19.5
89;2021-12-09;116;85;3392;255367;251412;68218;76.9;75.7;20.5
89;2021-12-10;118;156;4002;255485;251568;72220;76.9;75.8;21.7
89;2021-12-11;61;120;2710;255546;251688;74930;76.9;75.8;22.6
89;2021-12-12;10;12;237;255556;251700;75167;77.0;75.8;22.6
89;2021-12-13;108;143;3784;255664;251843;78951;77.0;75.8;23.8
89;2021-12-14;106;124;5010;255770;251967;83961;77.0;75.9;25.3
89;2021-12-15;97;158;3591;255867;252125;87552;77.0;75.9;26.4
90;2020-12-27;0;0;0;0;0;0;0.0;0.0;0.0
90;2020-12-28;0;0;0;0;0;0;0.0;0.0;0.0
90;2020-12-29;0;0;0;0;0;0;0.0;0.0;0.0
90;2020-12-30;1;0;0;1;0;0;0.0;0.0;0.0
90;2020-12-31;0;0;0;1;0;0;0.0;0.0;0.0
90;2021-01-01;0;0;0;1;0;0;0.0;0.0;0.0
90;2021-01-02;1;0;0;2;0;0;0.0;0.0;0.0
90;2021-01-03;0;0;0;2;0;0;0.0;0.0;0.0
90;2021-01-04;4;0;0;6;0;0;0.0;0.0;0.0
90;2021-01-05;0;0;0;6;0;0;0.0;0.0;0.0
90;2021-01-06;5;0;0;11;0;0;0.0;0.0;0.0
90;2021-01-07;10;0;0;21;0;0;0.0;0.0;0.0
90;2021-01-08;93;0;0;114;0;0;0.1;0.0;0.0
90;2021-01-09;34;0;0;148;0;0;0.1;0.0;0.0
90;2021-01-10;0;0;0;148;0;0;0.1;0.0;0.0
90;2021-01-11;136;0;0;284;0;0;0.2;0.0;0.0
90;2021-01-12;335;0;0;619;0;0;0.4;0.0;0.0
90;2021-01-13;358;2;0;977;2;0;0.7;0.0;0.0
90;2021-01-14;310;2;0;1287;4;0;0.9;0.0;0.0
90;2021-01-15;299;7;0;1586;11;0;1.1;0.0;0.0
90;2021-01-16;77;2;0;1663;13;0;1.2;0.0;0.0
90;2021-01-17;1;0;0;1664;13;0;1.2;0.0;0.0
90;2021-01-18;278;1;0;1942;14;0;1.4;0.0;0.0
90;2021-01-19;358;5;0;2300;19;0;1.6;0.0;0.0
90;2021-01-20;317;2;0;2617;21;0;1.9;0.0;0.0
90;2021-01-21;300;1;0;2917;22;0;2.1;0.0;0.0
90;2021-01-22;335;1;0;3252;23;0;2.3;0.0;0.0
90;2021-01-23;118;0;0;3370;23;0;2.4;0.0;0.0
90;2021-01-24;2;0;0;3372;23;0;2.4;0.0;0.0
90;2021-01-25;287;3;0;3659;26;0;2.6;0.0;0.0
90;2021-01-26;259;2;0;3918;28;0;2.8;0.0;0.0
90;2021-01-27;267;4;0;4185;32;0;3.0;0.0;0.0
90;2021-01-28;301;24;0;4486;56;0;3.2;0.0;0.0
90;2021-01-29;245;89;0;4731;145;0;3.4;0.1;0.0
90;2021-01-30;134;23;0;4865;168;0;3.5;0.1;0.0
90;2021-01-31;111;0;0;4976;168;0;3.6;0.1;0.0
90;2021-02-01;254;62;0;5230;230;0;3.7;0.2;0.0
90;2021-02-02;271;99;0;5501;329;0;3.9;0.2;0.0
90;2021-02-03;233;271;0;5734;600;0;4.1;0.4;0.0
90;2021-02-04;235;218;0;5969;818;0;4.3;0.6;0.0
90;2021-02-05;225;224;0;6194;1042;0;4.4;0.7;0.0
90;2021-02-06;83;49;0;6277;1091;0;4.5;0.8;0.0
90;2021-02-07;2;0;0;6279;1091;0;4.5;0.8;0.0
90;2021-02-08;161;155;0;6440;1246;0;4.6;0.9;0.0
90;2021-02-09;117;112;0;6557;1358;0;4.7;1.0;0.0
90;2021-02-10;177;36;0;6734;1394;0;4.8;1.0;0.0
90;2021-02-11;164;93;0;6898;1487;0;4.9;1.1;0.0
90;2021-02-12;129;214;0;7027;1701;0;5.0;1.2;0.0
90;2021-02-13;83;42;0;7110;1743;0;5.1;1.2;0.0
90;2021-02-14;0;1;0;7110;1744;0;5.1;1.2;0.0
90;2021-02-15;118;210;0;7228;1954;0;5.2;1.4;0.0
90;2021-02-16;100;200;0;7328;2154;0;5.2;1.5;0.0
90;2021-02-17;145;181;0;7473;2335;0;5.3;1.7;0.0
90;2021-02-18;128;256;0;7601;2591;0;5.4;1.8;0.0
90;2021-02-19;81;257;0;7682;2848;0;5.5;2.0;0.0
90;2021-02-20;44;92;0;7726;2940;0;5.5;2.1;0.0
90;2021-02-21;0;1;0;7726;2941;0;5.5;2.1;0.0
90;2021-02-22;46;295;0;7772;3236;0;5.5;2.3;0.0
90;2021-02-23;49;247;0;7821;3483;0;5.6;2.5;0.0
90;2021-02-24;79;268;0;7900;3751;0;5.6;2.7;0.0
90;2021-02-25;89;304;0;7989;4055;0;5.7;2.9;0.0
90;2021-02-26;95;318;0;8084;4373;0;5.8;3.1;0.0
90;2021-02-27;140;155;0;8224;4528;0;5.9;3.2;0.0
90;2021-02-28;7;106;0;8231;4634;0;5.9;3.3;0.0
90;2021-03-01;150;206;0;8381;4840;0;6.0;3.5;0.0
90;2021-03-02;182;263;0;8563;5103;0;6.1;3.6;0.0
90;2021-03-03;227;299;0;8790;5402;0;6.3;3.9;0.0
90;2021-03-04;225;244;0;9015;5646;0;6.4;4.0;0.0
90;2021-03-05;338;248;0;9353;5894;0;6.7;4.2;0.0
90;2021-03-06;261;98;0;9614;5992;0;6.9;4.3;0.0
90;2021-03-07;27;2;0;9641;5994;0;6.9;4.3;0.0
90;2021-03-08;186;228;0;9827;6222;0;7.0;4.4;0.0
90;2021-03-09;360;146;0;10187;6368;0;7.3;4.5;0.0
90;2021-03-10;321;182;0;10508;6550;0;7.5;4.7;0.0
90;2021-03-11;314;133;0;10822;6683;0;7.7;4.8;0.0
90;2021-03-12;486;130;0;11308;6813;0;8.1;4.9;0.0
90;2021-03-13;491;51;0;11799;6864;0;8.4;4.9;0.0
90;2021-03-14;53;0;0;11852;6864;0;8.5;4.9;0.0
90;2021-03-15;390;121;0;12242;6985;0;8.7;5.0;0.0
90;2021-03-16;421;103;0;12663;7088;0;9.0;5.1;0.0
90;2021-03-17;306;73;0;12969;7161;0;9.3;5.1;0.0
90;2021-03-18;320;80;0;13289;7241;0;9.5;5.2;0.0
90;2021-03-19;432;80;0;13721;7321;0;9.8;5.2;0.0
90;2021-03-20;404;49;0;14125;7370;0;10.1;5.3;0.0
90;2021-03-21;3;0;0;14128;7370;0;10.1;5.3;0.0
90;2021-03-22;334;34;0;14462;7404;0;10.3;5.3;0.0
90;2021-03-23;660;73;0;15122;7477;0;10.8;5.3;0.0
90;2021-03-24;737;50;0;15859;7527;0;11.3;5.4;0.0
90;2021-03-25;815;69;0;16674;7596;0;11.9;5.4;0.0
90;2021-03-26;1056;46;0;17730;7642;0;12.7;5.5;0.0
90;2021-03-27;337;24;0;18067;7666;0;12.9;5.5;0.0
90;2021-03-28;35;0;0;18102;7666;0;12.9;5.5;0.0
90;2021-03-29;604;146;0;18706;7812;0;13.3;5.6;0.0
90;2021-03-30;584;142;0;19290;7954;0;13.8;5.7;0.0
90;2021-03-31;631;90;0;19921;8044;0;14.2;5.7;0.0
90;2021-04-01;490;120;0;20411;8164;0;14.6;5.8;0.0
90;2021-04-02;543;103;0;20954;8267;0;15.0;5.9;0.0
90;2021-04-03;299;34;0;21253;8301;0;15.2;5.9;0.0
90;2021-04-04;3;2;0;21256;8303;0;15.2;5.9;0.0
90;2021-04-05;3;0;0;21259;8303;0;15.2;5.9;0.0
90;2021-04-06;520;234;0;21779;8537;0;15.5;6.1;0.0
90;2021-04-07;401;228;0;22180;8765;0;15.8;6.3;0.0
90;2021-04-08;469;206;0;22649;8971;0;16.2;6.4;0.0
90;2021-04-09;658;207;0;23307;9178;0;16.6;6.5;0.0
90;2021-04-10;239;39;0;23546;9217;0;16.8;6.6;0.0
90;2021-04-11;9;38;0;23555;9255;0;16.8;6.6;0.0
90;2021-04-12;423;421;0;23978;9676;0;17.1;6.9;0.0
90;2021-04-13;470;463;0;24448;10139;0;17.4;7.2;0.0
90;2021-04-14;418;329;0;24866;10468;0;17.7;7.5;0.0
90;2021-04-15;736;267;0;25602;10735;0;18.3;7.7;0.0
90;2021-04-16;331;349;0;25933;11084;0;18.5;7.9;0.0
90;2021-04-17;147;84;0;26080;11168;0;18.6;8.0;0.0
90;2021-04-18;18;4;0;26098;11172;0;18.6;8.0;0.0
90;2021-04-19;372;485;0;26470;11657;0;18.9;8.3;0.0
90;2021-04-20;435;550;0;26905;12207;0;19.2;8.7;0.0
90;2021-04-21;327;478;0;27232;12685;0;19.4;9.1;0.0
90;2021-04-22;471;489;0;27703;13174;0;19.8;9.4;0.0
90;2021-04-23;437;598;0;28140;13772;0;20.1;9.8;0.0
90;2021-04-24;231;119;0;28371;13891;0;20.2;9.9;0.0
90;2021-04-25;11;1;0;28382;13892;0;20.3;9.9;0.0
90;2021-04-26;397;595;0;28779;14487;0;20.5;10.3;0.0
90;2021-04-27;564;525;0;29343;15012;0;20.9;10.7;0.0
90;2021-04-28;645;420;0;29988;15432;0;21.4;11.0;0.0
90;2021-04-29;884;355;0;30872;15787;0;22.0;11.3;0.0
90;2021-04-30;941;368;0;31813;16155;0;22.7;11.5;0.0
90;2021-05-01;131;45;0;31944;16200;0;22.8;11.6;0.0
90;2021-05-02;28;1;0;31972;16201;0;22.8;11.6;0.0
90;2021-05-03;837;278;0;32809;16479;0;23.4;11.8;0.0
90;2021-05-04;736;562;0;33545;17041;0;23.9;12.2;0.0
90;2021-05-05;837;472;0;34382;17513;0;24.5;12.5;0.0
90;2021-05-06;788;489;0;35170;18002;0;25.1;12.8;0.0
90;2021-05-07;487;428;0;35657;18430;0;25.4;13.2;0.0
90;2021-05-08;55;31;0;35712;18461;0;25.5;13.2;0.0
90;2021-05-09;23;30;0;35735;18491;0;25.5;13.2;0.0
90;2021-05-10;593;440;0;36328;18931;0;25.9;13.5;0.0
90;2021-05-11;850;521;0;37178;19452;0;26.5;13.9;0.0
90;2021-05-12;709;551;0;37887;20003;0;27.0;14.3;0.0
90;2021-05-13;1254;234;0;39141;20237;0;27.9;14.4;0.0
90;2021-05-14;1036;369;0;40177;20606;0;28.7;14.7;0.0
90;2021-05-15;279;125;0;40456;20731;0;28.9;14.8;0.0
90;2021-05-16;41;10;0;40497;20741;0;28.9;14.8;0.0
90;2021-05-17;958;286;0;41455;21027;0;29.6;15.0;0.0
90;2021-05-18;1271;398;0;42726;21425;0;30.5;15.3;0.0
90;2021-05-19;1482;347;0;44208;21772;0;31.5;15.5;0.0
90;2021-05-20;1426;267;0;45634;22039;0;32.6;15.7;0.0
90;2021-05-21;1430;428;0;47064;22467;0;33.6;16.0;0.0
90;2021-05-22;322;145;0;47386;22612;0;33.8;16.1;0.0
90;2021-05-23;12;1;0;47398;22613;0;33.8;16.1;0.0
90;2021-05-24;340;224;0;47738;22837;0;34.1;16.3;0.0
90;2021-05-25;736;676;0;48474;23513;0;34.6;16.8;0.0
90;2021-05-26;885;501;0;49359;24014;0;35.2;17.1;0.0
90;2021-05-27;1177;368;0;50536;24382;0;36.1;17.4;0.0
90;2021-05-28;827;695;0;51363;25077;0;36.6;17.9;0.0
90;2021-05-29;183;291;0;51546;25368;0;36.8;18.1;0.0
90;2021-05-30;7;1;0;51553;25369;0;36.8;18.1;0.0
90;2021-05-31;907;538;0;52460;25907;0;37.4;18.5;0.0
90;2021-06-01;944;575;0;53404;26482;0;38.1;18.9;0.0
90;2021-06-02;769;544;0;54173;27026;0;38.7;19.3;0.0
90;2021-06-03;793;576;0;54966;27602;0;39.2;19.7;0.0
90;2021-06-04;865;823;0;55831;28425;0;39.8;20.3;0.0
90;2021-06-05;120;404;0;55951;28829;0;39.9;20.6;0.0
90;2021-06-06;33;19;0;55984;28848;0;39.9;20.6;0.0
90;2021-06-07;1095;935;0;57079;29783;0;40.7;21.3;0.0
90;2021-06-08;1319;821;0;58398;30604;0;41.7;21.8;0.0
90;2021-06-09;880;599;0;59278;31203;0;42.3;22.3;0.0
90;2021-06-10;647;473;0;59925;31676;0;42.8;22.6;0.0
90;2021-06-11;753;991;0;60678;32667;0;43.3;23.3;0.0
90;2021-06-12;688;350;0;61366;33017;0;43.8;23.6;0.0
90;2021-06-13;22;20;0;61388;33037;0;43.8;23.6;0.0
90;2021-06-14;280;917;0;61668;33954;0;44.0;24.2;0.0
90;2021-06-15;535;898;0;62203;34852;0;44.4;24.9;0.0
90;2021-06-16;517;606;0;62720;35458;0;44.8;25.3;0.0
90;2021-06-17;408;571;0;63128;36029;0;45.0;25.7;0.0
90;2021-06-18;577;983;0;63705;37012;0;45.5;26.4;0.0
90;2021-06-19;415;233;0;64120;37245;0;45.8;26.6;0.0
90;2021-06-20;9;47;0;64129;37292;0;45.8;26.6;0.0
90;2021-06-21;288;1240;0;64417;38532;0;46.0;27.5;0.0
90;2021-06-22;346;1072;0;64763;39604;0;46.2;28.3;0.0
90;2021-06-23;377;783;0;65140;40387;0;46.5;28.8;0.0
90;2021-06-24;324;757;0;65464;41144;0;46.7;29.4;0.0
90;2021-06-25;402;1344;0;65866;42488;0;47.0;30.3;0.0
90;2021-06-26;387;762;0;66253;43250;0;47.3;30.9;0.0
90;2021-06-27;13;42;0;66266;43292;0;47.3;30.9;0.0
90;2021-06-28;363;1419;0;66629;44711;0;47.5;31.9;0.0
90;2021-06-29;292;1497;0;66921;46208;0;47.8;33.0;0.0
90;2021-06-30;456;1346;0;67377;47554;0;48.1;33.9;0.0
90;2021-07-01;347;1030;0;67724;48584;0;48.3;34.7;0.0
90;2021-07-02;543;1302;0;68267;49886;0;48.7;35.6;0.0
90;2021-07-03;87;296;0;68354;50182;0;48.8;35.8;0.0
90;2021-07-04;13;46;0;68367;50228;0;48.8;35.8;0.0
90;2021-07-05;399;948;0;68766;51176;0;49.1;36.5;0.0
90;2021-07-06;482;1120;0;69248;52296;0;49.4;37.3;0.0
90;2021-07-07;372;1177;0;69620;53473;0;49.7;38.2;0.0
90;2021-07-08;309;714;0;69929;54187;0;49.9;38.7;0.0
90;2021-07-09;440;1049;0;70369;55236;0;50.2;39.4;0.0
90;2021-07-10;82;229;0;70451;55465;0;50.3;39.6;0.0
90;2021-07-11;18;22;0;70469;55487;0;50.3;39.6;0.0
90;2021-07-12;262;1160;0;70731;56647;0;50.5;40.4;0.0
90;2021-07-13;512;1212;0;71243;57859;0;50.8;41.3;0.0
90;2021-07-14;106;60;0;71349;57919;0;50.9;41.3;0.0
90;2021-07-15;725;1332;0;72074;59251;0;51.4;42.3;0.0
90;2021-07-16;755;1494;0;72829;60745;0;52.0;43.3;0.0
90;2021-07-17;389;825;0;73218;61570;0;52.2;43.9;0.0
90;2021-07-18;78;42;0;73296;61612;0;52.3;44.0;0.0
90;2021-07-19;946;1264;0;74242;62876;0;53.0;44.9;0.0
90;2021-07-20;1083;1052;0;75325;63928;0;53.7;45.6;0.0
90;2021-07-21;1149;868;0;76474;64796;0;54.6;46.2;0.0
90;2021-07-22;1016;672;0;77490;65468;0;55.3;46.7;0.0
90;2021-07-23;928;1008;0;78418;66476;0;56.0;47.4;0.0
90;2021-07-24;196;133;0;78614;66609;0;56.1;47.5;0.0
90;2021-07-25;47;32;0;78661;66641;0;56.1;47.6;0.0
90;2021-07-26;954;750;0;79615;67391;0;56.8;48.1;0.0
90;2021-07-27;959;702;0;80574;68093;0;57.5;48.6;0.0
90;2021-07-28;839;598;0;81413;68691;0;58.1;49.0;0.0
90;2021-07-29;895;473;0;82308;69164;0;58.7;49.4;0.0
90;2021-07-30;862;570;0;83170;69734;0;59.3;49.8;0.0
90;2021-07-31;493;302;0;83663;70036;0;59.7;50.0;0.0
90;2021-08-01;38;27;0;83701;70063;0;59.7;50.0;0.0
90;2021-08-02;853;511;0;84554;70574;0;60.3;50.4;0.0
90;2021-08-03;863;509;0;85417;71083;0;60.9;50.7;0.0
90;2021-08-04;1041;435;0;86458;71518;0;61.7;51.0;0.0
90;2021-08-05;542;276;0;87000;71794;0;62.1;51.2;0.0
90;2021-08-06;599;433;0;87599;72227;0;62.5;51.5;0.0
90;2021-08-07;100;135;0;87699;72362;0;62.6;51.6;0.0
90;2021-08-08;36;44;0;87735;72406;0;62.6;51.7;0.0
90;2021-08-09;653;766;0;88388;73172;0;63.1;52.2;0.0
90;2021-08-10;499;992;0;88887;74164;0;63.4;52.9;0.0
90;2021-08-11;532;814;0;89419;74978;0;63.8;53.5;0.0
90;2021-08-12;397;717;0;89816;75695;0;64.1;54.0;0.0
90;2021-08-13;472;786;0;90288;76481;0;64.4;54.6;0.0
90;2021-08-14;81;170;0;90369;76651;0;64.5;54.7;0.0
90;2021-08-15;6;37;0;90375;76688;0;64.5;54.7;0.0
90;2021-08-16;411;627;0;90786;77315;0;64.8;55.2;0.0
90;2021-08-17;327;989;0;91113;78304;0;65.0;55.9;0.0
90;2021-08-18;275;849;0;91388;79153;0;65.2;56.5;0.0
90;2021-08-19;252;672;0;91640;79825;0;65.4;57.0;0.0
90;2021-08-20;341;777;0;91981;80602;0;65.6;57.5;0.0
90;2021-08-21;50;168;0;92031;80770;0;65.7;57.6;0.0
90;2021-08-22;3;36;0;92034;80806;0;65.7;57.7;0.0
90;2021-08-23;284;552;0;92318;81358;0;65.9;58.1;0.0
90;2021-08-24;295;937;0;92613;82295;0;66.1;58.7;0.0
90;2021-08-25;239;933;0;92852;83228;0;66.3;59.4;0.0
90;2021-08-26;223;678;0;93075;83906;0;66.4;59.9;0.0
90;2021-08-27;268;786;0;93343;84692;0;66.6;60.4;0.0
90;2021-08-28;41;160;0;93384;84852;0;66.6;60.5;0.0
90;2021-08-29;6;12;0;93390;84864;0;66.6;60.6;0.0
90;2021-08-30;312;655;11;93702;85519;11;66.9;61.0;0.0
90;2021-08-31;251;917;19;93953;86436;30;67.0;61.7;0.0
90;2021-09-01;288;671;141;94241;87107;171;67.2;62.2;0.1
90;2021-09-02;174;376;67;94415;87483;238;67.4;62.4;0.2
90;2021-09-03;249;535;33;94664;88018;271;67.5;62.8;0.2
90;2021-09-04;76;182;35;94740;88200;306;67.6;62.9;0.2
90;2021-09-05;10;31;2;94750;88231;308;67.6;63.0;0.2
90;2021-09-06;149;674;48;94899;88905;356;67.7;63.4;0.3
90;2021-09-07;199;513;111;95098;89418;467;67.9;63.8;0.3
90;2021-09-08;211;536;89;95309;89954;556;68.0;64.2;0.4
90;2021-09-09;186;264;65;95495;90218;621;68.1;64.4;0.4
90;2021-09-10;191;440;93;95686;90658;714;68.3;64.7;0.5
90;2021-09-11;32;39;14;95718;90697;728;68.3;64.7;0.5
90;2021-09-12;5;10;2;95723;90707;730;68.3;64.7;0.5
90;2021-09-13;220;331;156;95943;91038;886;68.5;65.0;0.6
90;2021-09-14;152;328;131;96095;91366;1017;68.6;65.2;0.7
90;2021-09-15;163;349;106;96258;91715;1123;68.7;65.4;0.8
90;2021-09-16;154;230;114;96412;91945;1237;68.8;65.6;0.9
90;2021-09-17;180;318;142;96592;92263;1379;68.9;65.8;1.0
90;2021-09-18;28;65;37;96620;92328;1416;68.9;65.9;1.0
90;2021-09-19;9;8;18;96629;92336;1434;68.9;65.9;1.0
90;2021-09-20;137;226;206;96766;92562;1640;69.0;66.0;1.2
90;2021-09-21;97;239;183;96863;92801;1823;69.1;66.2;1.3
90;2021-09-22;96;301;205;96959;93102;2028;69.2;66.4;1.4
90;2021-09-23;83;133;37;97042;93235;2065;69.2;66.5;1.5
90;2021-09-24;107;292;164;97149;93527;2229;69.3;66.7;1.6
90;2021-09-25;32;58;20;97181;93585;2249;69.3;66.8;1.6
90;2021-09-26;1;5;1;97182;93590;2250;69.3;66.8;1.6
90;2021-09-27;90;197;139;97272;93787;2389;69.4;66.9;1.7
90;2021-09-28;91;140;94;97363;93927;2483;69.5;67.0;1.8
90;2021-09-29;73;225;87;97436;94152;2570;69.5;67.2;1.8
90;2021-09-30;75;134;83;97511;94286;2653;69.6;67.3;1.9
90;2021-10-01;153;217;150;97664;94503;2803;69.7;67.4;2.0
90;2021-10-02;20;63;18;97684;94566;2821;69.7;67.5;2.0
90;2021-10-03;5;10;0;97689;94576;2821;69.7;67.5;2.0
90;2021-10-04;118;191;154;97807;94767;2975;69.8;67.6;2.1
90;2021-10-05;47;142;212;97854;94909;3187;69.8;67.7;2.3
90;2021-10-06;97;177;250;97951;95086;3437;69.9;67.8;2.5
90;2021-10-07;53;117;182;98004;95203;3619;69.9;67.9;2.6
90;2021-10-08;122;223;162;98126;95426;3781;70.0;68.1;2.7
90;2021-10-09;29;36;34;98155;95462;3815;70.0;68.1;2.7
90;2021-10-10;3;4;3;98158;95466;3818;70.0;68.1;2.7
90;2021-10-11;75;130;151;98233;95596;3969;70.1;68.2;2.8
90;2021-10-12;77;120;195;98310;95716;4164;70.1;68.3;3.0
90;2021-10-13;100;148;192;98410;95864;4356;70.2;68.4;3.1
90;2021-10-14;65;106;115;98475;95970;4471;70.3;68.5;3.2
90;2021-10-15;126;182;184;98601;96152;4655;70.4;68.6;3.3
90;2021-10-16;25;43;28;98626;96195;4683;70.4;68.6;3.3
90;2021-10-17;0;3;1;98626;96198;4684;70.4;68.6;3.3
90;2021-10-18;79;128;176;98705;96326;4860;70.4;68.7;3.5
90;2021-10-19;57;107;196;98762;96433;5056;70.5;68.8;3.6
90;2021-10-20;59;98;163;98821;96531;5219;70.5;68.9;3.7
90;2021-10-21;50;59;155;98871;96590;5374;70.5;68.9;3.8
90;2021-10-22;62;152;168;98933;96742;5542;70.6;69.0;4.0
90;2021-10-23;22;22;29;98955;96764;5571;70.6;69.0;4.0
90;2021-10-24;0;4;1;98955;96768;5572;70.6;69.0;4.0
90;2021-10-25;54;105;176;99009;96873;5748;70.6;69.1;4.1
90;2021-10-26;64;85;266;99073;96958;6014;70.7;69.2;4.3
90;2021-10-27;41;125;329;99114;97083;6343;70.7;69.3;4.5
90;2021-10-28;40;46;168;99154;97129;6511;70.8;69.3;4.6
90;2021-10-29;56;92;293;99210;97221;6804;70.8;69.4;4.9
90;2021-10-30;16;27;36;99226;97248;6840;70.8;69.4;4.9
90;2021-10-31;1;8;0;99227;97256;6840;70.8;69.4;4.9
90;2021-11-01;2;1;0;99229;97257;6840;70.8;69.4;4.9
90;2021-11-02;59;90;195;99288;97347;7035;70.8;69.5;5.0
90;2021-11-03;58;108;357;99346;97455;7392;70.9;69.5;5.3
90;2021-11-04;41;65;185;99387;97520;7577;70.9;69.6;5.4
90;2021-11-05;75;112;308;99462;97632;7885;71.0;69.7;5.6
90;2021-11-06;14;29;52;99476;97661;7937;71.0;69.7;5.7
90;2021-11-07;0;2;7;99476;97663;7944;71.0;69.7;5.7
90;2021-11-08;43;72;356;99519;97735;8300;71.0;69.7;5.9
90;2021-11-09;39;72;381;99558;97807;8681;71.0;69.8;6.2
90;2021-11-10;68;75;398;99626;97882;9079;71.1;69.8;6.5
90;2021-11-11;4;7;5;99630;97889;9084;71.1;69.8;6.5
90;2021-11-12;51;85;429;99681;97974;9513;71.1;69.9;6.8
90;2021-11-13;12;34;56;99693;98008;9569;71.1;69.9;6.8
90;2021-11-14;0;4;0;99693;98012;9569;71.1;69.9;6.8
90;2021-11-15;39;53;428;99732;98065;9997;71.2;70.0;7.1
90;2021-11-16;61;59;451;99793;98124;10448;71.2;70.0;7.5
90;2021-11-17;46;80;561;99839;98204;11009;71.2;70.1;7.9
90;2021-11-18;46;46;434;99885;98250;11443;71.3;70.1;8.2
90;2021-11-19;66;61;643;99951;98311;12086;71.3;70.1;8.6
90;2021-11-20;18;20;78;99969;98331;12164;71.3;70.2;8.7
90;2021-11-21;0;2;1;99969;98333;12165;71.3;70.2;8.7
90;2021-11-22;72;41;572;100041;98374;12737;71.4;70.2;9.1
90;2021-11-23;48;59;612;100089;98433;13349;71.4;70.2;9.5
90;2021-11-24;57;76;460;100146;98509;13809;71.5;70.3;9.9
90;2021-11-25;36;41;418;100182;98550;14227;71.5;70.3;10.2
90;2021-11-26;46;83;737;100228;98633;14964;71.5;70.4;10.7
90;2021-11-27;9;27;163;100237;98660;15127;71.5;70.4;10.8
90;2021-11-28;3;6;16;100240;98666;15143;71.5;70.4;10.8
90;2021-11-29;38;53;1141;100278;98719;16284;71.6;70.4;11.6
90;2021-11-30;47;57;1355;100325;98776;17639;71.6;70.5;12.6
90;2021-12-01;39;66;1327;100364;98842;18966;71.6;70.5;13.5
90;2021-12-02;34;30;1501;100398;98872;20467;71.6;70.5;14.6
90;2021-12-03;43;58;1693;100441;98930;22160;71.7;70.6;15.8
90;2021-12-04;29;24;634;100470;98954;22794;71.7;70.6;16.3
90;2021-12-05;3;2;99;100473;98956;22893;71.7;70.6;16.3
90;2021-12-06;35;54;1526;100508;99010;24419;71.7;70.6;17.4
90;2021-12-07;42;79;1873;100550;99089;26292;71.7;70.7;18.8
90;2021-12-08;36;61;1546;100586;99150;27838;71.8;70.7;19.9
90;2021-12-09;34;46;1520;100620;99196;29358;71.8;70.8;20.9
90;2021-12-10;53;88;1763;100673;99284;31121;71.8;70.8;22.2
90;2021-12-11;12;20;559;100685;99304;31680;71.8;70.9;22.6
90;2021-12-12;0;3;37;100685;99307;31717;71.8;70.9;22.6
90;2021-12-13;48;70;1625;100733;99377;33342;71.9;70.9;23.8
90;2021-12-14;39;66;1822;100772;99443;35164;71.9;71.0;25.1
90;2021-12-15;20;70;1302;100792;99513;36466;71.9;71.0;26.0
91;2020-12-27;1;0;0;1;0;0;0.0;0.0;0.0
91;2020-12-28;0;0;0;1;0;0;0.0;0.0;0.0
91;2020-12-29;1;0;0;2;0;0;0.0;0.0;0.0
91;2020-12-30;5;0;0;7;0;0;0.0;0.0;0.0
91;2020-12-31;0;0;0;7;0;0;0.0;0.0;0.0
91;2021-01-01;9;0;0;16;0;0;0.0;0.0;0.0
91;2021-01-02;0;0;0;16;0;0;0.0;0.0;0.0
91;2021-01-03;2;0;0;18;0;0;0.0;0.0;0.0
91;2021-01-04;12;0;0;30;0;0;0.0;0.0;0.0
91;2021-01-05;137;3;0;167;3;0;0.0;0.0;0.0
91;2021-01-06;287;2;0;454;5;0;0.0;0.0;0.0
91;2021-01-07;585;7;0;1039;12;0;0.1;0.0;0.0
91;2021-01-08;526;5;0;1565;17;0;0.1;0.0;0.0
91;2021-01-09;111;3;0;1676;20;0;0.1;0.0;0.0
91;2021-01-10;24;0;0;1700;20;0;0.1;0.0;0.0
91;2021-01-11;760;7;0;2460;27;0;0.2;0.0;0.0
91;2021-01-12;1080;13;0;3540;40;0;0.3;0.0;0.0
91;2021-01-13;887;12;0;4427;52;0;0.3;0.0;0.0
91;2021-01-14;972;17;0;5399;69;0;0.4;0.0;0.0
91;2021-01-15;784;8;0;6183;77;0;0.5;0.0;0.0
91;2021-01-16;304;7;0;6487;84;0;0.5;0.0;0.0
91;2021-01-17;101;1;0;6588;85;0;0.5;0.0;0.0
91;2021-01-18;1165;17;0;7753;102;0;0.6;0.0;0.0
91;2021-01-19;1994;35;0;9747;137;0;0.7;0.0;0.0
91;2021-01-20;2339;38;0;12086;175;0;0.9;0.0;0.0
91;2021-01-21;2222;28;0;14308;203;0;1.1;0.0;0.0
91;2021-01-22;1883;20;0;16191;223;0;1.2;0.0;0.0
91;2021-01-23;433;2;0;16624;225;0;1.3;0.0;0.0
91;2021-01-24;75;2;0;16699;227;0;1.3;0.0;0.0
91;2021-01-25;1075;8;0;17774;235;0;1.3;0.0;0.0
91;2021-01-26;1653;55;0;19427;290;0;1.5;0.0;0.0
91;2021-01-27;2331;104;0;21758;394;0;1.6;0.0;0.0
91;2021-01-28;1949;221;0;23707;615;0;1.8;0.0;0.0
91;2021-01-29;1732;83;0;25439;698;0;1.9;0.1;0.0
91;2021-01-30;382;11;0;25821;709;0;2.0;0.1;0.0
91;2021-01-31;48;3;0;25869;712;0;2.0;0.1;0.0
91;2021-02-01;939;215;0;26808;927;0;2.0;0.1;0.0
91;2021-02-02;888;367;0;27696;1294;0;2.1;0.1;0.0
91;2021-02-03;992;527;0;28688;1821;0;2.2;0.1;0.0
91;2021-02-04;868;357;0;29556;2178;0;2.2;0.2;0.0
91;2021-02-05;1016;444;0;30572;2622;0;2.3;0.2;0.0
91;2021-02-06;297;97;0;30869;2719;0;2.3;0.2;0.0
91;2021-02-07;19;12;0;30888;2731;0;2.3;0.2;0.0
91;2021-02-08;809;647;0;31697;3378;0;2.4;0.3;0.0
91;2021-02-09;908;1018;0;32605;4396;0;2.5;0.3;0.0
91;2021-02-10;1039;1145;0;33644;5541;0;2.5;0.4;0.0
91;2021-02-11;1209;1268;0;34853;6809;0;2.6;0.5;0.0
91;2021-02-12;1105;1000;0;35958;7809;0;2.7;0.6;0.0
91;2021-02-13;305;310;0;36263;8119;0;2.7;0.6;0.0
91;2021-02-14;14;90;0;36277;8209;0;2.7;0.6;0.0
91;2021-02-15;421;1306;0;36698;9515;0;2.8;0.7;0.0
91;2021-02-16;609;2039;0;37307;11554;0;2.8;0.9;0.0
91;2021-02-17;789;2457;0;38096;14011;0;2.9;1.1;0.0
91;2021-02-18;951;1993;0;39047;16004;0;3.0;1.2;0.0
91;2021-02-19;962;1444;0;40009;17448;0;3.0;1.3;0.0
91;2021-02-20;145;415;0;40154;17863;0;3.0;1.4;0.0
91;2021-02-21;17;43;0;40171;17906;0;3.0;1.4;0.0
91;2021-02-22;404;1156;0;40575;19062;0;3.1;1.4;0.0
91;2021-02-23;508;1070;0;41083;20132;0;3.1;1.5;0.0
91;2021-02-24;590;1005;0;41673;21137;0;3.2;1.6;0.0
91;2021-02-25;815;1176;0;42488;22313;0;3.2;1.7;0.0
91;2021-02-26;1191;1034;0;43679;23347;0;3.3;1.8;0.0
91;2021-02-27;621;290;0;44300;23637;0;3.4;1.8;0.0
91;2021-02-28;76;66;0;44376;23703;0;3.4;1.8;0.0
91;2021-03-01;986;945;0;45362;24648;0;3.4;1.9;0.0
91;2021-03-02;1485;1078;0;46847;25726;0;3.6;1.9;0.0
91;2021-03-03;1732;1234;0;48579;26960;0;3.7;2.0;0.0
91;2021-03-04;2702;1148;0;51281;28108;0;3.9;2.1;0.0
91;2021-03-05;3830;1202;0;55111;29310;0;4.2;2.2;0.0
91;2021-03-06;4818;436;0;59929;29746;0;4.5;2.3;0.0
91;2021-03-07;3020;199;0;62949;29945;0;4.8;2.3;0.0
91;2021-03-08;1787;987;0;64736;30932;0;4.9;2.3;0.0
91;2021-03-09;2979;941;0;67715;31873;0;5.1;2.4;0.0
91;2021-03-10;2981;1002;0;70696;32875;0;5.4;2.5;0.0
91;2021-03-11;4091;1126;0;74787;34001;0;5.7;2.6;0.0
91;2021-03-12;5081;1024;0;79868;35025;0;6.1;2.7;0.0
91;2021-03-13;5279;363;0;85147;35388;0;6.5;2.7;0.0
91;2021-03-14;522;50;0;85669;35438;0;6.5;2.7;0.0
91;2021-03-15;3187;486;0;88856;35924;0;6.7;2.7;0.0
91;2021-03-16;2718;440;0;91574;36364;0;6.9;2.8;0.0
91;2021-03-17;2470;394;0;94044;36758;0;7.1;2.8;0.0
91;2021-03-18;2614;448;0;96658;37206;0;7.3;2.8;0.0
91;2021-03-19;4171;462;0;100829;37668;0;7.6;2.9;0.0
91;2021-03-20;3412;198;0;104241;37866;0;7.9;2.9;0.0
91;2021-03-21;206;71;0;104447;37937;0;7.9;2.9;0.0
91;2021-03-22;3316;599;0;107763;38536;0;8.2;2.9;0.0
91;2021-03-23;4412;721;0;112175;39257;0;8.5;3.0;0.0
91;2021-03-24;4210;599;0;116385;39856;0;8.8;3.0;0.0
91;2021-03-25;5572;565;0;121957;40421;0;9.2;3.1;0.0
91;2021-03-26;6003;671;0;127960;41092;0;9.7;3.1;0.0
91;2021-03-27;4602;337;0;132562;41429;0;10.0;3.1;0.0
91;2021-03-28;430;62;0;132992;41491;0;10.1;3.1;0.0
91;2021-03-29;3712;1118;0;136704;42609;0;10.4;3.2;0.0
91;2021-03-30;4927;1307;0;141631;43916;0;10.7;3.3;0.0
91;2021-03-31;3860;1473;0;145491;45389;0;11.0;3.4;0.0
91;2021-04-01;4459;1861;0;149950;47250;0;11.4;3.6;0.0
91;2021-04-02;4389;2415;0;154339;49665;0;11.7;3.8;0.0
91;2021-04-03;2113;2451;0;156452;52116;0;11.9;3.9;0.0
91;2021-04-04;682;1128;0;157134;53244;0;11.9;4.0;0.0
91;2021-04-05;677;162;0;157811;53406;0;12.0;4.0;0.0
91;2021-04-06;3884;1982;0;161695;55388;0;12.3;4.2;0.0
91;2021-04-07;4195;2128;0;165890;57516;0;12.6;4.4;0.0
91;2021-04-08;5259;2322;0;171149;59838;0;13.0;4.5;0.0
91;2021-04-09;6061;2356;0;177210;62194;0;13.4;4.7;0.0
91;2021-04-10;3118;2739;0;180328;64933;0;13.7;4.9;0.0
91;2021-04-11;333;229;0;180661;65162;0;13.7;4.9;0.0
91;2021-04-12;3384;2360;0;184045;67522;0;13.9;5.1;0.0
91;2021-04-13;4311;2962;0;188356;70484;0;14.3;5.3;0.0
91;2021-04-14;4253;2512;0;192609;72996;0;14.6;5.5;0.0
91;2021-04-15;4908;2701;0;197517;75697;0;15.0;5.7;0.0
91;2021-04-16;5156;2968;0;202673;78665;0;15.4;6.0;0.0
91;2021-04-17;3128;2001;0;205801;80666;0;15.6;6.1;0.0
91;2021-04-18;432;125;0;206233;80791;0;15.6;6.1;0.0
91;2021-04-19;2804;2851;0;209037;83642;0;15.8;6.3;0.0
91;2021-04-20;3691;3054;0;212728;86696;0;16.1;6.6;0.0
91;2021-04-21;3574;3045;0;216302;89741;0;16.4;6.8;0.0
91;2021-04-22;3779;3700;0;220081;93441;0;16.7;7.1;0.0
91;2021-04-23;4362;3541;0;224443;96982;0;17.0;7.4;0.0
91;2021-04-24;4051;3378;0;228494;100360;0;17.3;7.6;0.0
91;2021-04-25;2638;704;0;231132;101064;0;17.5;7.7;0.0
91;2021-04-26;3990;3005;0;235122;104069;0;17.8;7.9;0.0
91;2021-04-27;5060;3204;0;240182;107273;0;18.2;8.1;0.0
91;2021-04-28;5315;2949;0;245497;110222;0;18.6;8.4;0.0
91;2021-04-29;6426;3289;0;251923;113511;0;19.1;8.6;0.0
91;2021-04-30;6074;3109;0;257997;116620;0;19.6;8.8;0.0
91;2021-05-01;3534;637;0;261531;117257;0;19.8;8.9;0.0
91;2021-05-02;928;205;0;262459;117462;0;19.9;8.9;0.0
91;2021-05-03;5776;3245;0;268235;120707;0;20.3;9.1;0.0
91;2021-05-04;6115;3815;0;274350;124522;0;20.8;9.4;0.0
91;2021-05-05;5602;3353;0;279952;127875;0;21.2;9.7;0.0
91;2021-05-06;6036;3851;0;285988;131726;0;21.7;10.0;0.0
91;2021-05-07;6695;4097;0;292683;135823;0;22.2;10.3;0.0
91;2021-05-08;6089;1489;0;298772;137312;0;22.6;10.4;0.0
91;2021-05-09;4686;767;0;303458;138079;0;23.0;10.5;0.0
91;2021-05-10;6559;3479;0;310017;141558;0;23.5;10.7;0.0
91;2021-05-11;7831;4295;0;317848;145853;0;24.1;11.1;0.0
91;2021-05-12;7256;3869;0;325104;149722;0;24.6;11.3;0.0
91;2021-05-13;5630;1149;0;330734;150871;0;25.1;11.4;0.0
91;2021-05-14;7803;2667;0;338537;153538;0;25.7;11.6;0.0
91;2021-05-15;7657;2053;0;346194;155591;0;26.2;11.8;0.0
91;2021-05-16;4389;445;0;350583;156036;0;26.6;11.8;0.0
91;2021-05-17;7755;1935;0;358338;157971;0;27.2;12.0;0.0
91;2021-05-18;8991;2012;0;367329;159983;0;27.8;12.1;0.0
91;2021-05-19;8554;2445;0;375883;162428;0;28.5;12.3;0.0
91;2021-05-20;9521;2675;0;385404;165103;0;29.2;12.5;0.0
91;2021-05-21;9248;2828;0;394652;167931;0;29.9;12.7;0.0
91;2021-05-22;7498;1562;0;402150;169493;0;30.5;12.8;0.0
91;2021-05-23;4681;559;0;406831;170052;0;30.8;12.9;0.0
91;2021-05-24;5044;644;0;411875;170696;0;31.2;12.9;0.0
91;2021-05-25;8553;3210;0;420428;173906;0;31.9;13.2;0.0
91;2021-05-26;7820;3323;0;428248;177229;0;32.5;13.4;0.0
91;2021-05-27;8556;3814;0;436804;181043;0;33.1;13.7;0.0
91;2021-05-28;8026;4688;0;444830;185731;0;33.7;14.1;0.0
91;2021-05-29;8581;3510;0;453411;189241;0;34.4;14.3;0.0
91;2021-05-30;4621;896;0;458032;190137;0;34.7;14.4;0.0
91;2021-05-31;7311;4112;0;465343;194249;0;35.3;14.7;0.0
91;2021-06-01;8333;5281;0;473676;199530;0;35.9;15.1;0.0
91;2021-06-02;8084;4601;0;481760;204131;0;36.5;15.5;0.0
91;2021-06-03;8441;5246;0;490201;209377;0;37.2;15.9;0.0
91;2021-06-04;7827;6140;0;498028;215517;0;37.7;16.3;0.0
91;2021-06-05;6337;6128;0;504365;221645;0;38.2;16.8;0.0
91;2021-06-06;3851;2313;0;508216;223958;0;38.5;17.0;0.0
91;2021-06-07;6228;5888;0;514444;229846;0;39.0;17.4;0.0
91;2021-06-08;7125;6485;0;521569;236331;0;39.5;17.9;0.0
91;2021-06-09;6814;6048;0;528383;242379;0;40.0;18.4;0.0
91;2021-06-10;7266;7558;0;535649;249937;0;40.6;18.9;0.0
91;2021-06-11;6752;7557;0;542401;257494;0;41.1;19.5;0.0
91;2021-06-12;6197;6969;0;548598;264463;0;41.6;20.0;0.0
91;2021-06-13;2654;2160;0;551252;266623;0;41.8;20.2;0.0
91;2021-06-14;4426;7888;0;555678;274511;0;42.1;20.8;0.0
91;2021-06-15;5731;8047;0;561409;282558;0;42.6;21.4;0.0
91;2021-06-16;5171;7093;0;566580;289651;0;42.9;22.0;0.0
91;2021-06-17;6040;7737;0;572620;297388;0;43.4;22.5;0.0
91;2021-06-18;4913;9498;0;577533;306886;0;43.8;23.3;0.0
91;2021-06-19;4049;7254;0;581582;314140;0;44.1;23.8;0.0
91;2021-06-20;957;4212;0;582539;318352;0;44.2;24.1;0.0
91;2021-06-21;3424;8124;0;585963;326476;0;44.4;24.7;0.0
91;2021-06-22;4043;9926;0;590006;336402;0;44.7;25.5;0.0
91;2021-06-23;4145;8723;0;594151;345125;0;45.0;26.2;0.0
91;2021-06-24;4740;8903;0;598891;354028;0;45.4;26.8;0.0
91;2021-06-25;3646;10190;0;602537;364218;0;45.7;27.6;0.0
91;2021-06-26;2905;8284;0;605442;372502;0;45.9;28.2;0.0
91;2021-06-27;611;3229;0;606053;375731;0;45.9;28.5;0.0
91;2021-06-28;3083;8924;0;609136;384655;0;46.2;29.2;0.0
91;2021-06-29;3594;10274;0;612730;394929;0;46.4;29.9;0.0
91;2021-06-30;3883;9530;0;616613;404459;0;46.7;30.7;0.0
91;2021-07-01;4213;9693;0;620826;414152;0;47.1;31.4;0.0
91;2021-07-02;4131;10102;0;624957;424254;0;47.4;32.2;0.0
91;2021-07-03;3006;9909;0;627963;434163;0;47.6;32.9;0.0
91;2021-07-04;985;4549;0;628948;438712;0;47.7;33.3;0.0
91;2021-07-05;2988;7810;0;631936;446522;0;47.9;33.8;0.0
91;2021-07-06;3799;10084;0;635735;456606;0;48.2;34.6;0.0
91;2021-07-07;4071;9683;0;639806;466289;0;48.5;35.3;0.0
91;2021-07-08;4571;9685;0;644377;475974;0;48.8;36.1;0.0
91;2021-07-09;4390;10473;0;648767;486447;0;49.2;36.9;0.0
91;2021-07-10;3554;9906;0;652321;496353;0;49.4;37.6;0.0
91;2021-07-11;1219;4304;0;653540;500657;0;49.5;37.9;0.0
91;2021-07-12;3241;9925;0;656781;510582;0;49.8;38.7;0.0
91;2021-07-13;5655;11402;0;662436;521984;0;50.2;39.6;0.0
91;2021-07-14;3335;4062;0;665771;526046;0;50.5;39.9;0.0
91;2021-07-15;6149;11165;0;671920;537211;0;50.9;40.7;0.0
91;2021-07-16;7547;10429;0;679467;547640;0;51.5;41.5;0.0
91;2021-07-17;6299;8944;0;685766;556584;0;52.0;42.2;0.0
91;2021-07-18;3732;3567;0;689498;560151;0;52.3;42.5;0.0
91;2021-07-19;5080;8406;0;694578;568557;0;52.6;43.1;0.0
91;2021-07-20;7543;9916;0;702121;578473;0;53.2;43.8;0.0
91;2021-07-21;7749;8410;0;709870;586883;0;53.8;44.5;0.0
91;2021-07-22;8166;8986;0;718036;595869;0;54.4;45.2;0.0
91;2021-07-23;8268;8810;0;726304;604679;0;55.0;45.8;0.0
91;2021-07-24;5824;6693;0;732128;611372;0;55.5;46.3;0.0
91;2021-07-25;3511;1626;0;735639;612998;0;55.8;46.5;0.0
91;2021-07-26;6169;7158;0;741808;620156;0;56.2;47.0;0.0
91;2021-07-27;8719;7609;0;750527;627765;0;56.9;47.6;0.0
91;2021-07-28;8376;6449;0;758903;634214;0;57.5;48.1;0.0
91;2021-07-29;8455;6516;0;767358;640730;0;58.2;48.6;0.0
91;2021-07-30;7796;6346;0;775154;647076;0;58.8;49.0;0.0
91;2021-07-31;5305;5076;0;780459;652152;0;59.2;49.4;0.0
91;2021-08-01;2715;1412;0;783174;653564;0;59.4;49.5;0.0
91;2021-08-02;5567;4856;0;788741;658420;0;59.8;49.9;0.0
91;2021-08-03;6317;5413;0;795058;663833;0;60.3;50.3;0.0
91;2021-08-04;6267;4844;0;801325;668677;0;60.7;50.7;0.0
91;2021-08-05;5795;5097;0;807120;673774;0;61.2;51.1;0.0
91;2021-08-06;6035;6397;0;813155;680171;0;61.6;51.6;0.0
91;2021-08-07;3270;3350;0;816425;683521;0;61.9;51.8;0.0
91;2021-08-08;883;1494;0;817308;685015;0;61.9;51.9;0.0
91;2021-08-09;4245;5084;0;821553;690099;0;62.3;52.3;0.0
91;2021-08-10;4915;5609;0;826468;695708;0;62.6;52.7;0.0
91;2021-08-11;4376;5566;0;830844;701274;0;63.0;53.2;0.0
91;2021-08-12;4232;5753;0;835076;707027;0;63.3;53.6;0.0
91;2021-08-13;4174;5642;0;839250;712669;0;63.6;54.0;0.0
91;2021-08-14;2214;3336;0;841464;716005;0;63.8;54.3;0.0
91;2021-08-15;259;464;0;841723;716469;0;63.8;54.3;0.0
91;2021-08-16;3052;5861;0;844775;722330;0;64.0;54.7;0.0
91;2021-08-17;3638;6821;0;848413;729151;0;64.3;55.3;0.0
91;2021-08-18;3017;6570;0;851430;735721;0;64.5;55.8;0.0
91;2021-08-19;3437;6540;0;854867;742261;0;64.8;56.3;0.0
91;2021-08-20;3149;7395;0;858016;749656;0;65.0;56.8;0.0
91;2021-08-21;2297;4172;0;860313;753828;0;65.2;57.1;0.0
91;2021-08-22;704;1722;0;861017;755550;0;65.3;57.3;0.0
91;2021-08-23;2470;6364;0;863487;761914;0;65.4;57.7;0.0
91;2021-08-24;2961;7545;0;866448;769459;0;65.7;58.3;0.0
91;2021-08-25;3171;7050;0;869619;776509;0;65.9;58.9;0.0
91;2021-08-26;2739;6376;0;872358;782885;0;66.1;59.3;0.0
91;2021-08-27;2780;7734;0;875138;790619;0;66.3;59.9;0.0
91;2021-08-28;2180;5072;0;877318;795691;0;66.5;60.3;0.0
91;2021-08-29;1531;2638;0;878849;798329;0;66.6;60.5;0.0
91;2021-08-30;1844;6039;76;880693;804368;76;66.7;61.0;0.0
91;2021-08-31;2209;6049;190;882902;810417;266;66.9;61.4;0.0
91;2021-09-01;2608;4562;253;885510;814979;519;67.1;61.8;0.0
91;2021-09-02;2105;3792;365;887615;818771;884;67.3;62.1;0.1
91;2021-09-03;2174;4705;372;889789;823476;1256;67.4;62.4;0.1
91;2021-09-04;2072;4124;142;891861;827600;1398;67.6;62.7;0.1
91;2021-09-05;661;843;68;892522;828443;1466;67.6;62.8;0.1
91;2021-09-06;1623;3050;540;894145;831493;2006;67.8;63.0;0.2
91;2021-09-07;1522;2872;511;895667;834365;2517;67.9;63.2;0.2
91;2021-09-08;1794;3141;509;897461;837506;3026;68.0;63.5;0.2
91;2021-09-09;1327;2790;611;898788;840296;3637;68.1;63.7;0.3
91;2021-09-10;1822;3390;526;900610;843686;4163;68.3;63.9;0.3
91;2021-09-11;1693;4032;208;902303;847718;4371;68.4;64.3;0.3
91;2021-09-12;547;907;87;902850;848625;4458;68.4;64.3;0.3
91;2021-09-13;1372;2283;727;904222;850908;5185;68.5;64.5;0.4
91;2021-09-14;1692;2538;1129;905914;853446;6314;68.7;64.7;0.5
91;2021-09-15;1659;3259;870;907573;856705;7184;68.8;64.9;0.5
91;2021-09-16;1381;2153;1021;908954;858858;8205;68.9;65.1;0.6
91;2021-09-17;1380;2757;772;910334;861615;8977;69.0;65.3;0.7
91;2021-09-18;1285;3346;258;911619;864961;9235;69.1;65.6;0.7
91;2021-09-19;391;1017;62;912010;865978;9297;69.1;65.6;0.7
91;2021-09-20;777;1589;844;912787;867567;10141;69.2;65.8;0.8
91;2021-09-21;906;1653;1167;913693;869220;11308;69.3;65.9;0.9
91;2021-09-22;915;2530;633;914608;871750;11941;69.3;66.1;0.9
91;2021-09-23;881;1683;1071;915489;873433;13012;69.4;66.2;1.0
91;2021-09-24;912;2142;845;916401;875575;13857;69.5;66.4;1.1
91;2021-09-25;1010;3153;357;917411;878728;14214;69.5;66.6;1.1
91;2021-09-26;197;718;115;917608;879446;14329;69.5;66.7;1.1
91;2021-09-27;747;1529;663;918355;880975;14992;69.6;66.8;1.1
91;2021-09-28;863;1313;655;919218;882288;15647;69.7;66.9;1.2
91;2021-09-29;971;2191;769;920189;884479;16416;69.7;67.0;1.2
91;2021-09-30;656;1159;795;920845;885638;17211;69.8;67.1;1.3
91;2021-10-01;1348;1827;898;922193;887465;18109;69.9;67.3;1.4
91;2021-10-02;1020;2162;453;923213;889627;18562;70.0;67.4;1.4
91;2021-10-03;218;532;98;923431;890159;18660;70.0;67.5;1.4
91;2021-10-04;729;1128;1087;924160;891287;19747;70.0;67.6;1.5
91;2021-10-05;692;1143;950;924852;892430;20697;70.1;67.6;1.6
91;2021-10-06;790;1718;1206;925642;894148;21903;70.2;67.8;1.7
91;2021-10-07;611;1050;1208;926253;895198;23111;70.2;67.8;1.8
91;2021-10-08;842;1696;1412;927095;896894;24523;70.3;68.0;1.9
91;2021-10-09;963;1770;685;928058;898664;25208;70.3;68.1;1.9
91;2021-10-10;236;441;131;928294;899105;25339;70.4;68.1;1.9
91;2021-10-11;585;953;1102;928879;900058;26441;70.4;68.2;2.0
91;2021-10-12;558;1023;1099;929437;901081;27540;70.4;68.3;2.1
91;2021-10-13;741;1325;1393;930178;902406;28933;70.5;68.4;2.2
91;2021-10-14;492;975;975;930670;903381;29908;70.5;68.5;2.3
91;2021-10-15;873;1366;1729;931543;904747;31637;70.6;68.6;2.4
91;2021-10-16;837;1343;698;932380;906090;32335;70.7;68.7;2.5
91;2021-10-17;189;284;248;932569;906374;32583;70.7;68.7;2.5
91;2021-10-18;591;876;1340;933160;907250;33923;70.7;68.8;2.6
91;2021-10-19;470;984;1090;933630;908234;35013;70.8;68.8;2.7
91;2021-10-20;595;1010;1737;934225;909244;36750;70.8;68.9;2.8
91;2021-10-21;314;683;1244;934539;909927;37994;70.8;69.0;2.9
91;2021-10-22;591;1119;1790;935130;911046;39784;70.9;69.0;3.0
91;2021-10-23;643;1128;1032;935773;912174;40816;70.9;69.1;3.1
91;2021-10-24;133;225;213;935906;912399;41029;70.9;69.2;3.1
91;2021-10-25;363;625;1299;936269;913024;42328;71.0;69.2;3.2
91;2021-10-26;435;603;1455;936704;913627;43783;71.0;69.2;3.3
91;2021-10-27;488;818;1889;937192;914445;45672;71.0;69.3;3.5
91;2021-10-28;309;500;1316;937501;914945;46988;71.1;69.3;3.6
91;2021-10-29;499;777;2051;938000;915722;49039;71.1;69.4;3.7
91;2021-10-30;483;891;1076;938483;916613;50115;71.1;69.5;3.8
91;2021-10-31;98;155;216;938581;916768;50331;71.1;69.5;3.8
91;2021-11-01;85;106;63;938666;916874;50394;71.1;69.5;3.8
91;2021-11-02;426;629;1261;939092;917503;51655;71.2;69.5;3.9
91;2021-11-03;491;737;1920;939583;918240;53575;71.2;69.6;4.1
91;2021-11-04;330;522;1401;939913;918762;54976;71.2;69.6;4.2
91;2021-11-05;448;765;2434;940361;919527;57410;71.3;69.7;4.4
91;2021-11-06;505;875;1447;940866;920402;58857;71.3;69.8;4.5
91;2021-11-07;82;161;238;940948;920563;59095;71.3;69.8;4.5
91;2021-11-08;218;461;1890;941166;921024;60985;71.3;69.8;4.6
91;2021-11-09;312;621;2611;941478;921645;63596;71.4;69.9;4.8
91;2021-11-10;473;759;3133;941951;922404;66729;71.4;69.9;5.1
91;2021-11-11;119;157;520;942070;922561;67249;71.4;69.9;5.1
91;2021-11-12;446;713;3557;942516;923274;70806;71.4;70.0;5.4
91;2021-11-13;538;848;2176;943054;924122;72982;71.5;70.0;5.5
91;2021-11-14;56;137;271;943110;924259;73253;71.5;70.1;5.6
91;2021-11-15;270;462;2190;943380;924721;75443;71.5;70.1;5.7
91;2021-11-16;371;504;3304;943751;925225;78747;71.5;70.1;6.0
91;2021-11-17;388;602;3008;944139;925827;81755;71.6;70.2;6.2
91;2021-11-18;293;422;2827;944432;926249;84582;71.6;70.2;6.4
91;2021-11-19;427;628;3426;944859;926877;88008;71.6;70.2;6.7
91;2021-11-20;584;783;2672;945443;927660;90680;71.7;70.3;6.9
91;2021-11-21;137;184;453;945580;927844;91133;71.7;70.3;6.9
91;2021-11-22;265;296;2397;945845;928140;93530;71.7;70.3;7.1
91;2021-11-23;332;429;3207;946177;928569;96737;71.7;70.4;7.3
91;2021-11-24;427;549;2990;946604;929118;99727;71.7;70.4;7.6
91;2021-11-25;338;443;4113;946942;929561;103840;71.8;70.5;7.9
91;2021-11-26;434;540;6450;947376;930101;110290;71.8;70.5;8.4
91;2021-11-27;510;753;5787;947886;930854;116077;71.8;70.6;8.8
91;2021-11-28;101;144;1791;947987;930998;117868;71.8;70.6;8.9
91;2021-11-29;190;340;5200;948177;931338;123068;71.9;70.6;9.3
91;2021-11-30;286;414;7663;948463;931752;130731;71.9;70.6;9.9
91;2021-12-01;255;504;8692;948718;932256;139423;71.9;70.7;10.6
91;2021-12-02;208;327;9050;948926;932583;148473;71.9;70.7;11.3
91;2021-12-03;229;432;10157;949155;933015;158630;71.9;70.7;12.0
91;2021-12-04;306;568;8740;949461;933583;167370;72.0;70.8;12.7
91;2021-12-05;98;147;3665;949559;933730;171035;72.0;70.8;13.0
91;2021-12-06;219;404;7433;949778;934134;178468;72.0;70.8;13.5
91;2021-12-07;251;473;11359;950029;934607;189827;72.0;70.8;14.4
91;2021-12-08;291;523;10141;950320;935130;199968;72.0;70.9;15.2
91;2021-12-09;250;448;11804;950570;935578;211772;72.0;70.9;16.1
91;2021-12-10;262;513;12537;950832;936091;224309;72.1;70.9;17.0
91;2021-12-11;361;676;13042;951193;936767;237351;72.1;71.0;18.0
91;2021-12-12;166;221;6670;951359;936988;244021;72.1;71.0;18.5
91;2021-12-13;226;377;8678;951585;937365;252699;72.1;71.0;19.2
91;2021-12-14;314;400;14132;951899;937765;266831;72.1;71.1;20.2
91;2021-12-15;313;519;12641;952212;938284;279472;72.2;71.1;21.2
92;2020-12-27;7;0;0;7;0;0;0.0;0.0;0.0
92;2020-12-28;14;0;0;21;0;0;0.0;0.0;0.0
92;2020-12-29;50;0;0;71;0;0;0.0;0.0;0.0
92;2020-12-30;21;0;0;92;0;0;0.0;0.0;0.0
92;2020-12-31;11;0;0;103;0;0;0.0;0.0;0.0
92;2021-01-01;13;0;0;116;0;0;0.0;0.0;0.0
92;2021-01-02;9;0;0;125;0;0;0.0;0.0;0.0
92;2021-01-03;25;2;0;150;2;0;0.0;0.0;0.0
92;2021-01-04;86;1;0;236;3;0;0.0;0.0;0.0
92;2021-01-05;268;4;0;504;7;0;0.0;0.0;0.0
92;2021-01-06;512;10;0;1016;17;0;0.1;0.0;0.0
92;2021-01-07;798;4;0;1814;21;0;0.1;0.0;0.0
92;2021-01-08;1049;9;0;2863;30;0;0.2;0.0;0.0
92;2021-01-09;209;0;0;3072;30;0;0.2;0.0;0.0
92;2021-01-10;199;2;0;3271;32;0;0.2;0.0;0.0
92;2021-01-11;1119;21;0;4390;53;0;0.3;0.0;0.0
92;2021-01-12;1561;17;0;5951;70;0;0.4;0.0;0.0
92;2021-01-13;1404;12;0;7355;82;0;0.5;0.0;0.0
92;2021-01-14;1361;16;0;8716;98;0;0.5;0.0;0.0
92;2021-01-15;1244;11;0;9960;109;0;0.6;0.0;0.0
92;2021-01-16;340;4;0;10300;113;0;0.6;0.0;0.0
92;2021-01-17;142;3;0;10442;116;0;0.6;0.0;0.0
92;2021-01-18;1946;26;0;12388;142;0;0.8;0.0;0.0
92;2021-01-19;2057;21;0;14445;163;0;0.9;0.0;0.0
92;2021-01-20;2343;26;0;16788;189;0;1.0;0.0;0.0
92;2021-01-21;3552;27;0;20340;216;0;1.3;0.0;0.0
92;2021-01-22;2970;43;0;23310;259;0;1.4;0.0;0.0
92;2021-01-23;430;1;0;23740;260;0;1.5;0.0;0.0
92;2021-01-24;111;2;0;23851;262;0;1.5;0.0;0.0
92;2021-01-25;1224;18;0;25075;280;0;1.6;0.0;0.0
92;2021-01-26;1573;28;0;26648;308;0;1.7;0.0;0.0
92;2021-01-27;2222;104;0;28870;412;0;1.8;0.0;0.0
92;2021-01-28;3963;181;0;32833;593;0;2.0;0.0;0.0
92;2021-01-29;2845;245;0;35678;838;0;2.2;0.1;0.0
92;2021-01-30;455;12;0;36133;850;0;2.2;0.1;0.0
92;2021-01-31;72;2;0;36205;852;0;2.2;0.1;0.0
92;2021-02-01;1192;276;0;37397;1128;0;2.3;0.1;0.0
92;2021-02-02;1414;407;0;38811;1535;0;2.4;0.1;0.0
92;2021-02-03;1300;455;0;40111;1990;0;2.5;0.1;0.0
92;2021-02-04;1298;606;0;41409;2596;0;2.6;0.2;0.0
92;2021-02-05;1603;560;0;43012;3156;0;2.7;0.2;0.0
92;2021-02-06;261;62;0;43273;3218;0;2.7;0.2;0.0
92;2021-02-07;77;39;0;43350;3257;0;2.7;0.2;0.0
92;2021-02-08;926;769;0;44276;4026;0;2.7;0.2;0.0
92;2021-02-09;1276;1343;0;45552;5369;0;2.8;0.3;0.0
92;2021-02-10;1292;1324;0;46844;6693;0;2.9;0.4;0.0
92;2021-02-11;1859;2350;0;48703;9043;0;3.0;0.6;0.0
92;2021-02-12;1594;1564;0;50297;10607;0;3.1;0.7;0.0
92;2021-02-13;202;250;0;50499;10857;0;3.1;0.7;0.0
92;2021-02-14;47;39;0;50546;10896;0;3.1;0.7;0.0
92;2021-02-15;629;2037;0;51175;12933;0;3.2;0.8;0.0
92;2021-02-16;832;2679;0;52007;15612;0;3.2;1.0;0.0
92;2021-02-17;660;1999;0;52667;17611;0;3.3;1.1;0.0
92;2021-02-18;1465;3655;0;54132;21266;0;3.4;1.3;0.0
92;2021-02-19;1629;2782;0;55761;24048;0;3.5;1.5;0.0
92;2021-02-20;222;611;0;55983;24659;0;3.5;1.5;0.0
92;2021-02-21;50;90;0;56033;24749;0;3.5;1.5;0.0
92;2021-02-22;605;1523;0;56638;26272;0;3.5;1.6;0.0
92;2021-02-23;781;1603;0;57419;27875;0;3.6;1.7;0.0
92;2021-02-24;767;1497;0;58186;29372;0;3.6;1.8;0.0
92;2021-02-25;1195;2279;0;59381;31651;0;3.7;2.0;0.0
92;2021-02-26;1733;1691;0;61114;33342;0;3.8;2.1;0.0
92;2021-02-27;614;266;0;61728;33608;0;3.8;2.1;0.0
92;2021-02-28;107;77;0;61835;33685;0;3.8;2.1;0.0
92;2021-03-01;1293;1332;0;63128;35017;0;3.9;2.2;0.0
92;2021-03-02;2155;1568;0;65283;36585;0;4.0;2.3;0.0
92;2021-03-03;2937;1452;0;68220;38037;0;4.2;2.4;0.0
92;2021-03-04;3946;1702;0;72166;39739;0;4.5;2.5;0.0
92;2021-03-05;5431;1909;0;77597;41648;0;4.8;2.6;0.0
92;2021-03-06;6769;499;0;84366;42147;0;5.2;2.6;0.0
92;2021-03-07;4269;491;0;88635;42638;0;5.5;2.6;0.0
92;2021-03-08;2753;1174;0;91388;43812;0;5.7;2.7;0.0
92;2021-03-09;3695;1262;0;95083;45074;0;5.9;2.8;0.0
92;2021-03-10;3990;1140;0;99073;46214;0;6.1;2.9;0.0
92;2021-03-11;5308;1528;0;104381;47742;0;6.5;3.0;0.0
92;2021-03-12;7052;1641;0;111433;49383;0;6.9;3.1;0.0
92;2021-03-13;5917;342;0;117350;49725;0;7.3;3.1;0.0
92;2021-03-14;2036;128;0;119386;49853;0;7.4;3.1;0.0
92;2021-03-15;4354;699;0;123740;50552;0;7.7;3.1;0.0
92;2021-03-16;3928;680;0;127668;51232;0;7.9;3.2;0.0
92;2021-03-17;4273;524;0;131941;51756;0;8.2;3.2;0.0
92;2021-03-18;4495;824;0;136436;52580;0;8.5;3.3;0.0
92;2021-03-19;6491;794;0;142927;53374;0;8.9;3.3;0.0
92;2021-03-20;3263;180;0;146190;53554;0;9.1;3.3;0.0
92;2021-03-21;629;147;0;146819;53701;0;9.1;3.3;0.0
92;2021-03-22;4919;634;0;151738;54335;0;9.4;3.4;0.0
92;2021-03-23;6618;991;0;158356;55326;0;9.8;3.4;0.0
92;2021-03-24;6909;855;0;165265;56181;0;10.2;3.5;0.0
92;2021-03-25;8948;795;0;174213;56976;0;10.8;3.5;0.0
92;2021-03-26;8982;1051;0;183195;58027;0;11.4;3.6;0.0
92;2021-03-27;3880;343;0;187075;58370;0;11.6;3.6;0.0
92;2021-03-28;899;73;0;187974;58443;0;11.6;3.6;0.0
92;2021-03-29;5138;1249;0;193112;59692;0;12.0;3.7;0.0
92;2021-03-30;7116;1812;0;200228;61504;0;12.4;3.8;0.0
92;2021-03-31;6083;2367;0;206311;63871;0;12.8;4.0;0.0
92;2021-04-01;6542;4017;0;212853;67888;0;13.2;4.2;0.0
92;2021-04-02;6037;3888;0;218890;71776;0;13.6;4.4;0.0
92;2021-04-03;1617;2049;0;220507;73825;0;13.7;4.6;0.0
92;2021-04-04;745;1161;0;221252;74986;0;13.7;4.6;0.0
92;2021-04-05;981;315;0;222233;75301;0;13.8;4.7;0.0
92;2021-04-06;4205;2385;0;226438;77686;0;14.0;4.8;0.0
92;2021-04-07;5391;3305;0;231829;80991;0;14.4;5.0;0.0
92;2021-04-08;6251;3398;0;238080;84389;0;14.8;5.2;0.0
92;2021-04-09;8055;3410;0;246135;87799;0;15.3;5.4;0.0
92;2021-04-10;3241;1901;0;249376;89700;0;15.5;5.6;0.0
92;2021-04-11;618;1020;0;249994;90720;0;15.5;5.6;0.0
92;2021-04-12;4381;2994;0;254375;93714;0;15.8;5.8;0.0
92;2021-04-13;5210;4728;0;259585;98442;0;16.1;6.1;0.0
92;2021-04-14;5495;4426;0;265080;102868;0;16.4;6.4;0.0
92;2021-04-15;5726;4408;0;270806;107276;0;16.8;6.6;0.0
92;2021-04-16;5973;4383;0;276779;111659;0;17.2;6.9;0.0
92;2021-04-17;2727;1862;0;279506;113521;0;17.3;7.0;0.0
92;2021-04-18;722;483;0;280228;114004;0;17.4;7.1;0.0
92;2021-04-19;3667;3538;0;283895;117542;0;17.6;7.3;0.0
92;2021-04-20;4972;4377;0;288867;121919;0;17.9;7.6;0.0
92;2021-04-21;5200;4817;0;294067;126736;0;18.2;7.9;0.0
92;2021-04-22;5208;5497;0;299275;132233;0;18.5;8.2;0.0
92;2021-04-23;5773;4966;0;305048;137199;0;18.9;8.5;0.0
92;2021-04-24;5303;2581;0;310351;139780;0;19.2;8.7;0.0
92;2021-04-25;2139;569;0;312490;140349;0;19.4;8.7;0.0
92;2021-04-26;4570;3967;0;317060;144316;0;19.6;8.9;0.0
92;2021-04-27;6998;5619;0;324058;149935;0;20.1;9.3;0.0
92;2021-04-28;8221;4968;0;332279;154903;0;20.6;9.6;0.0
92;2021-04-29;8828;5092;0;341107;159995;0;21.1;9.9;0.0
92;2021-04-30;9800;4983;0;350907;164978;0;21.7;10.2;0.0
92;2021-05-01;2354;665;0;353261;165643;0;21.9;10.3;0.0
92;2021-05-02;1325;489;0;354586;166132;0;22.0;10.3;0.0
92;2021-05-03;7626;4966;0;362212;171098;0;22.4;10.6;0.0
92;2021-05-04;10200;4948;0;372412;176046;0;23.1;10.9;0.0
92;2021-05-05;9847;5424;0;382259;181470;0;23.7;11.2;0.0
92;2021-05-06;10985;5225;0;393244;186695;0;24.4;11.6;0.0
92;2021-05-07;9886;5613;0;403130;192308;0;25.0;11.9;0.0
92;2021-05-08;7395;2350;0;410525;194658;0;25.4;12.1;0.0
92;2021-05-09;4244;1134;0;414769;195792;0;25.7;12.1;0.0
92;2021-05-10;10454;4528;0;425223;200320;0;26.3;12.4;0.0
92;2021-05-11;13452;6172;0;438675;206492;0;27.2;12.8;0.0
92;2021-05-12;13797;5100;0;452472;211592;0;28.0;13.1;0.0
92;2021-05-13;9705;1329;0;462177;212921;0;28.6;13.2;0.0
92;2021-05-14;12844;3095;0;475021;216016;0;29.4;13.4;0.0
92;2021-05-15;9425;1709;0;484446;217725;0;30.0;13.5;0.0
92;2021-05-16;5080;621;0;489526;218346;0;30.3;13.5;0.0
92;2021-05-17;11973;2731;0;501499;221077;0;31.1;13.7;0.0
92;2021-05-18;16587;3260;0;518086;224337;0;32.1;13.9;0.0
92;2021-05-19;16168;4297;0;534254;228634;0;33.1;14.2;0.0
92;2021-05-20;17030;4502;0;551284;233136;0;34.2;14.4;0.0
92;2021-05-21;15122;3956;0;566406;237092;0;35.1;14.7;0.0
92;2021-05-22;10627;1946;0;577033;239038;0;35.8;14.8;0.0
92;2021-05-23;5385;749;0;582418;239787;0;36.1;14.9;0.0
92;2021-05-24;8067;1144;0;590485;240931;0;36.6;14.9;0.0
92;2021-05-25;13629;4900;0;604114;245831;0;37.4;15.2;0.0
92;2021-05-26;12766;5224;0;616880;251055;0;38.2;15.6;0.0
92;2021-05-27;13597;6484;0;630477;257539;0;39.1;16.0;0.0
92;2021-05-28;12621;6759;0;643098;264298;0;39.9;16.4;0.0
92;2021-05-29;8430;3175;0;651528;267473;0;40.4;16.6;0.0
92;2021-05-30;4027;898;0;655555;268371;0;40.6;16.6;0.0
92;2021-05-31;12472;6068;0;668027;274439;0;41.4;17.0;0.0
92;2021-06-01;12700;8241;0;680727;282680;0;42.2;17.5;0.0
92;2021-06-02;13712;7202;0;694439;289882;0;43.0;18.0;0.0
92;2021-06-03;14023;7959;0;708462;297841;0;43.9;18.5;0.0
92;2021-06-04;12242;8678;0;720704;306519;0;44.7;19.0;0.0
92;2021-06-05;8007;6769;0;728711;313288;0;45.2;19.4;0.0
92;2021-06-06;4697;2129;0;733408;315417;0;45.4;19.5;0.0
92;2021-06-07;10231;8110;0;743639;323527;0;46.1;20.0;0.0
92;2021-06-08;11190;10078;0;754829;333605;0;46.8;20.7;0.0
92;2021-06-09;10777;9998;0;765606;343603;0;47.4;21.3;0.0
92;2021-06-10;11179;11746;0;776785;355349;0;48.1;22.0;0.0
92;2021-06-11;8578;11501;0;785363;366850;0;48.7;22.7;0.0
92;2021-06-12;7240;5940;0;792603;372790;0;49.1;23.1;0.0
92;2021-06-13;3801;3046;0;796404;375836;0;49.4;23.3;0.0
92;2021-06-14;5285;11603;0;801689;387439;0;49.7;24.0;0.0
92;2021-06-15;6837;13281;0;808526;400720;0;50.1;24.8;0.0
92;2021-06-16;6861;12292;0;815387;413012;0;50.5;25.6;0.0
92;2021-06-17;7285;13323;0;822672;426335;0;51.0;26.4;0.0
92;2021-06-18;7223;14449;0;829895;440784;0;51.4;27.3;0.0
92;2021-06-19;4729;9514;0;834624;450298;0;51.7;27.9;0.0
92;2021-06-20;2065;5355;0;836689;455653;0;51.8;28.2;0.0
92;2021-06-21;4578;12582;0;841267;468235;0;52.1;29.0;0.0
92;2021-06-22;5572;16346;0;846839;484581;0;52.5;30.0;0.0
92;2021-06-23;5456;15377;0;852295;499958;0;52.8;31.0;0.0
92;2021-06-24;6066;14439;0;858361;514397;0;53.2;31.9;0.0
92;2021-06-25;4993;16408;0;863354;530805;0;53.5;32.9;0.0
92;2021-06-26;4215;11553;0;867569;542358;0;53.8;33.6;0.0
92;2021-06-27;1601;6286;0;869170;548644;0;53.9;34.0;0.0
92;2021-06-28;3594;13174;0;872764;561818;0;54.1;34.8;0.0
92;2021-06-29;4500;17595;0;877264;579413;0;54.4;35.9;0.0
92;2021-06-30;4671;16153;0;881935;595566;0;54.7;36.9;0.0
92;2021-07-01;5942;16135;0;887877;611701;0;55.0;37.9;0.0
92;2021-07-02;5476;16341;0;893353;628042;0;55.4;38.9;0.0
92;2021-07-03;3557;11895;0;896910;639937;0;55.6;39.7;0.0
92;2021-07-04;1383;5277;0;898293;645214;0;55.7;40.0;0.0
92;2021-07-05;4630;12820;0;902923;658034;0;56.0;40.8;0.0
92;2021-07-06;5312;15686;0;908235;673720;0;56.3;41.7;0.0
92;2021-07-07;4931;12819;0;913166;686539;0;56.6;42.5;0.0
92;2021-07-08;5595;14420;0;918761;700959;0;56.9;43.4;0.0
92;2021-07-09;5918;15326;0;924679;716285;0;57.3;44.4;0.0
92;2021-07-10;3915;10200;0;928594;726485;0;57.5;45.0;0.0
92;2021-07-11;1725;4250;0;930319;730735;0;57.6;45.3;0.0
92;2021-07-12;4530;15104;0;934849;745839;0;57.9;46.2;0.0
92;2021-07-13;8025;16884;0;942874;762723;0;58.4;47.3;0.0
92;2021-07-14;4759;5576;0;947633;768299;0;58.7;47.6;0.0
92;2021-07-15;9160;16127;0;956793;784426;0;59.3;48.6;0.0
92;2021-07-16;9088;14392;0;965881;798818;0;59.9;49.5;0.0
92;2021-07-17;6140;8538;0;972021;807356;0;60.2;50.0;0.0
92;2021-07-18;2359;3642;0;974380;810998;0;60.4;50.3;0.0
92;2021-07-19;6447;12713;0;980827;823711;0;60.8;51.0;0.0
92;2021-07-20;9241;13306;0;990068;837017;0;61.4;51.9;0.0
92;2021-07-21;9463;11777;0;999531;848794;0;61.9;52.6;0.0
92;2021-07-22;10474;12607;0;1010005;861401;0;62.6;53.4;0.0
92;2021-07-23;9806;11264;0;1019811;872665;0;63.2;54.1;0.0
92;2021-07-24;5883;6818;0;1025694;879483;0;63.6;54.5;0.0
92;2021-07-25;2626;2503;0;1028320;881986;0;63.7;54.7;0.0
92;2021-07-26;8131;9220;0;1036451;891206;0;64.2;55.2;0.0
92;2021-07-27;9664;9555;0;1046115;900761;0;64.8;55.8;0.0
92;2021-07-28;9409;8292;0;1055524;909053;0;65.4;56.3;0.0
92;2021-07-29;9036;8503;0;1064560;917556;0;66.0;56.9;0.0
92;2021-07-30;8223;8383;0;1072783;925939;0;66.5;57.4;0.0
92;2021-07-31;4936;4869;0;1077719;930808;0;66.8;57.7;0.0
92;2021-08-01;2116;1697;0;1079835;932505;0;66.9;57.8;0.0
92;2021-08-02;5369;5554;0;1085204;938059;0;67.2;58.1;0.0
92;2021-08-03;5659;6785;0;1090863;944844;0;67.6;58.5;0.0
92;2021-08-04;5309;5639;0;1096172;950483;0;67.9;58.9;0.0
92;2021-08-05;4730;6178;0;1100902;956661;0;68.2;59.3;0.0
92;2021-08-06;4933;6742;0;1105835;963403;0;68.5;59.7;0.0
92;2021-08-07;2814;4255;0;1108649;967658;0;68.7;60.0;0.0
92;2021-08-08;1048;1532;0;1109697;969190;0;68.8;60.1;0.0
92;2021-08-09;3621;5405;0;1113318;974595;0;69.0;60.4;0.0
92;2021-08-10;4193;6753;0;1117511;981348;0;69.2;60.8;0.0
92;2021-08-11;3555;5610;0;1121066;986958;0;69.5;61.2;0.0
92;2021-08-12;3500;6201;0;1124566;993159;0;69.7;61.5;0.0
92;2021-08-13;3118;5734;0;1127684;998893;0;69.9;61.9;0.0
92;2021-08-14;1908;4089;0;1129592;1002982;0;70.0;62.2;0.0
92;2021-08-15;573;935;0;1130165;1003917;0;70.0;62.2;0.0
92;2021-08-16;2549;6241;0;1132714;1010158;0;70.2;62.6;0.0
92;2021-08-17;2945;7575;0;1135659;1017733;0;70.4;63.1;0.0
92;2021-08-18;2500;6043;0;1138159;1023776;0;70.5;63.4;0.0
92;2021-08-19;2553;6135;0;1140712;1029911;0;70.7;63.8;0.0
92;2021-08-20;2328;5886;0;1143040;1035797;0;70.8;64.2;0.0
92;2021-08-21;1364;4292;0;1144404;1040089;0;70.9;64.5;0.0
92;2021-08-22;420;1686;0;1144824;1041775;0;70.9;64.6;0.0
92;2021-08-23;2333;6976;0;1147157;1048751;0;71.1;65.0;0.0
92;2021-08-24;2827;8297;0;1149984;1057048;0;71.3;65.5;0.0
92;2021-08-25;2706;7268;0;1152690;1064316;0;71.4;66.0;0.0
92;2021-08-26;2705;6885;0;1155395;1071201;0;71.6;66.4;0.0
92;2021-08-27;2644;6827;0;1158039;1078028;0;71.8;66.8;0.0
92;2021-08-28;1567;4484;0;1159606;1082512;0;71.9;67.1;0.0
92;2021-08-29;339;979;0;1159945;1083491;0;71.9;67.1;0.0
92;2021-08-30;2137;5336;198;1162082;1088827;198;72.0;67.5;0.0
92;2021-08-31;2731;6429;444;1164813;1095256;642;72.2;67.9;0.0
92;2021-09-01;3150;5639;855;1167963;1100895;1497;72.4;68.2;0.1
92;2021-09-02;2460;4774;843;1170423;1105669;2340;72.5;68.5;0.1
92;2021-09-03;2380;4739;1028;1172803;1110408;3368;72.7;68.8;0.2
92;2021-09-04;2057;4038;361;1174860;1114446;3729;72.8;69.1;0.2
92;2021-09-05;413;763;108;1175273;1115209;3837;72.8;69.1;0.2
92;2021-09-06;1181;2668;929;1176454;1117877;4766;72.9;69.3;0.3
92;2021-09-07;1413;2804;917;1177867;1120681;5683;73.0;69.4;0.4
92;2021-09-08;1906;3192;893;1179773;1123873;6576;73.1;69.6;0.4
92;2021-09-09;1102;2384;743;1180875;1126257;7319;73.2;69.8;0.5
92;2021-09-10;1640;3027;1153;1182515;1129284;8472;73.3;70.0;0.5
92;2021-09-11;1411;2555;260;1183926;1131839;8732;73.4;70.1;0.5
92;2021-09-12;212;437;50;1184138;1132276;8782;73.4;70.2;0.5
92;2021-09-13;1188;1943;1145;1185326;1134219;9927;73.5;70.3;0.6
92;2021-09-14;1103;2093;1325;1186429;1136312;11252;73.5;70.4;0.7
92;2021-09-15;1514;3217;1316;1187943;1139529;12568;73.6;70.6;0.8
92;2021-09-16;1020;1884;1207;1188963;1141413;13775;73.7;70.7;0.9
92;2021-09-17;1353;2754;1243;1190316;1144167;15018;73.8;70.9;0.9
92;2021-09-18;872;2135;323;1191188;1146302;15341;73.8;71.0;1.0
92;2021-09-19;143;284;21;1191331;1146586;15362;73.8;71.1;1.0
92;2021-09-20;748;1659;1173;1192079;1148245;16535;73.9;71.2;1.0
92;2021-09-21;729;1676;1354;1192808;1149921;17889;73.9;71.3;1.1
92;2021-09-22;1013;3479;1105;1193821;1153400;18994;74.0;71.5;1.2
92;2021-09-23;720;1696;1114;1194541;1155096;20108;74.0;71.6;1.2
92;2021-09-24;1022;2583;1083;1195563;1157679;21191;74.1;71.7;1.3
92;2021-09-25;638;2084;287;1196201;1159763;21478;74.1;71.9;1.3
92;2021-09-26;103;264;29;1196304;1160027;21507;74.1;71.9;1.3
92;2021-09-27;668;1446;986;1196972;1161473;22493;74.2;72.0;1.4
92;2021-09-28;692;1376;1032;1197664;1162849;23525;74.2;72.1;1.5
92;2021-09-29;986;2471;1165;1198650;1165320;24690;74.3;72.2;1.5
92;2021-09-30;810;1250;1111;1199460;1166570;25801;74.3;72.3;1.6
92;2021-10-01;1242;1913;1431;1200702;1168483;27232;74.4;72.4;1.7
92;2021-10-02;848;1582;412;1201550;1170065;27644;74.5;72.5;1.7
92;2021-10-03;98;206;46;1201648;1170271;27690;74.5;72.5;1.7
92;2021-10-04;707;1076;1364;1202355;1171347;29054;74.5;72.6;1.8
92;2021-10-05;662;1134;1660;1203017;1172481;30714;74.5;72.7;1.9
92;2021-10-06;951;1715;1933;1203968;1174196;32647;74.6;72.8;2.0
92;2021-10-07;523;898;1481;1204491;1175094;34128;74.6;72.8;2.1
92;2021-10-08;1035;1746;2136;1205526;1176840;36264;74.7;72.9;2.2
92;2021-10-09;686;1230;674;1206212;1178070;36938;74.7;73.0;2.3
92;2021-10-10;131;190;35;1206343;1178260;36973;74.8;73.0;2.3
92;2021-10-11;596;903;1453;1206939;1179163;38426;74.8;73.1;2.4
92;2021-10-12;700;1008;1771;1207639;1180171;40197;74.8;73.1;2.5
92;2021-10-13;894;1377;2344;1208533;1181548;42541;74.9;73.2;2.6
92;2021-10-14;558;845;1724;1209091;1182393;44265;74.9;73.3;2.7
92;2021-10-15;872;1364;2412;1209963;1183757;46677;75.0;73.4;2.9
92;2021-10-16;694;1061;954;1210657;1184818;47631;75.0;73.4;3.0
92;2021-10-17;78;150;74;1210735;1184968;47705;75.0;73.4;3.0
92;2021-10-18;481;730;1556;1211216;1185698;49261;75.1;73.5;3.1
92;2021-10-19;312;705;2077;1211528;1186403;51338;75.1;73.5;3.2
92;2021-10-20;410;944;2779;1211938;1187347;54117;75.1;73.6;3.4
92;2021-10-21;232;621;2012;1212170;1187968;56129;75.1;73.6;3.5
92;2021-10-22;384;1080;2748;1212554;1189048;58877;75.1;73.7;3.6
92;2021-10-23;280;798;1029;1212834;1189846;59906;75.2;73.7;3.7
92;2021-10-24;33;76;94;1212867;1189922;60000;75.2;73.7;3.7
92;2021-10-25;304;550;1953;1213171;1190472;61953;75.2;73.8;3.8
92;2021-10-26;305;631;2297;1213476;1191103;64250;75.2;73.8;4.0
92;2021-10-27;335;836;3181;1213811;1191939;67431;75.2;73.9;4.2
92;2021-10-28;218;460;2167;1214029;1192399;69598;75.2;73.9;4.3
92;2021-10-29;312;776;3027;1214341;1193175;72625;75.2;73.9;4.5
92;2021-10-30;213;610;1153;1214554;1193785;73778;75.3;74.0;4.6
92;2021-10-31;22;81;71;1214576;1193866;73849;75.3;74.0;4.6
92;2021-11-01;75;96;128;1214651;1193962;73977;75.3;74.0;4.6
92;2021-11-02;288;709;2072;1214939;1194671;76049;75.3;74.0;4.7
92;2021-11-03;288;772;2619;1215227;1195443;78668;75.3;74.1;4.9
92;2021-11-04;240;552;2313;1215467;1195995;80981;75.3;74.1;5.0
92;2021-11-05;311;701;2942;1215778;1196696;83923;75.3;74.2;5.2
92;2021-11-06;198;499;1025;1215976;1197195;84948;75.4;74.2;5.3
92;2021-11-07;25;92;89;1216001;1197287;85037;75.4;74.2;5.3
92;2021-11-08;158;485;2729;1216159;1197772;87766;75.4;74.2;5.4
92;2021-11-09;214;535;3549;1216373;1198307;91315;75.4;74.3;5.7
92;2021-11-10;336;667;4317;1216709;1198974;95632;75.4;74.3;5.9
92;2021-11-11;69;115;509;1216778;1199089;96141;75.4;74.3;6.0
92;2021-11-12;243;538;4108;1217021;1199627;100249;75.4;74.3;6.2
92;2021-11-13;204;302;1541;1217225;1199929;101790;75.4;74.4;6.3
92;2021-11-14;34;52;148;1217259;1199981;101938;75.4;74.4;6.3
92;2021-11-15;208;362;3609;1217467;1200343;105547;75.4;74.4;6.5
92;2021-11-16;222;382;3699;1217689;1200725;109246;75.5;74.4;6.8
92;2021-11-17;323;496;3928;1218012;1201221;113174;75.5;74.4;7.0
92;2021-11-18;232;418;4119;1218244;1201639;117293;75.5;74.5;7.3
92;2021-11-19;376;521;5241;1218620;1202160;122534;75.5;74.5;7.6
92;2021-11-20;239;360;1870;1218859;1202520;124404;75.5;74.5;7.7
92;2021-11-21;26;60;229;1218885;1202580;124633;75.5;74.5;7.7
92;2021-11-22;204;317;3736;1219089;1202897;128369;75.5;74.5;8.0
92;2021-11-23;256;339;4415;1219345;1203236;132784;75.6;74.6;8.2
92;2021-11-24;353;495;4886;1219698;1203731;137670;75.6;74.6;8.5
92;2021-11-25;240;340;6178;1219938;1204071;143848;75.6;74.6;8.9
92;2021-11-26;315;513;10389;1220253;1204584;154237;75.6;74.6;9.6
92;2021-11-27;225;295;6160;1220478;1204879;160397;75.6;74.7;9.9
92;2021-11-28;52;112;3888;1220530;1204991;164285;75.6;74.7;10.2
92;2021-11-29;188;317;9514;1220718;1205308;173799;75.6;74.7;10.8
92;2021-11-30;236;364;12947;1220954;1205672;186746;75.7;74.7;11.6
92;2021-12-01;228;390;14278;1221182;1206062;201024;75.7;74.7;12.5
92;2021-12-02;191;308;15207;1221373;1206370;216231;75.7;74.8;13.4
92;2021-12-03;237;419;18249;1221610;1206789;234480;75.7;74.8;14.5
92;2021-12-04;175;328;11356;1221785;1207117;245836;75.7;74.8;15.2
92;2021-12-05;67;93;4067;1221852;1207210;249903;75.7;74.8;15.5
92;2021-12-06;158;340;13777;1222010;1207550;263680;75.7;74.8;16.3
92;2021-12-07;204;367;17978;1222214;1207917;281658;75.7;74.9;17.5
92;2021-12-08;255;488;17176;1222469;1208405;298834;75.8;74.9;18.5
92;2021-12-09;223;390;18500;1222692;1208795;317334;75.8;74.9;19.7
92;2021-12-10;249;487;20673;1222941;1209282;338007;75.8;74.9;20.9
92;2021-12-11;202;366;13358;1223143;1209648;351365;75.8;75.0;21.8
92;2021-12-12;60;110;5801;1223203;1209758;357166;75.8;75.0;22.1
92;2021-12-13;181;386;17100;1223384;1210144;374266;75.8;75.0;23.2
92;2021-12-14;247;401;21399;1223631;1210545;395665;75.8;75.0;24.5
92;2021-12-15;289;497;19333;1223920;1211042;414998;75.8;75.0;25.7
93;2020-12-27;7;3;0;7;3;0;0.0;0.0;0.0
93;2020-12-28;2;0;0;9;3;0;0.0;0.0;0.0
93;2020-12-29;0;0;0;9;3;0;0.0;0.0;0.0
93;2020-12-30;27;1;0;36;4;0;0.0;0.0;0.0
93;2020-12-31;7;0;0;43;4;0;0.0;0.0;0.0
93;2021-01-01;14;0;0;57;4;0;0.0;0.0;0.0
93;2021-01-02;4;0;0;61;4;0;0.0;0.0;0.0
93;2021-01-03;7;0;0;68;4;0;0.0;0.0;0.0
93;2021-01-04;18;1;0;86;5;0;0.0;0.0;0.0
93;2021-01-05;92;2;0;178;7;0;0.0;0.0;0.0
93;2021-01-06;138;3;0;316;10;0;0.0;0.0;0.0
93;2021-01-07;363;5;0;679;15;0;0.0;0.0;0.0
93;2021-01-08;503;4;0;1182;19;0;0.1;0.0;0.0
93;2021-01-09;43;0;0;1225;19;0;0.1;0.0;0.0
93;2021-01-10;57;0;0;1282;19;0;0.1;0.0;0.0
93;2021-01-11;508;4;0;1790;23;0;0.1;0.0;0.0
93;2021-01-12;733;6;0;2523;29;0;0.2;0.0;0.0
93;2021-01-13;713;10;0;3236;39;0;0.2;0.0;0.0
93;2021-01-14;659;15;0;3895;54;0;0.2;0.0;0.0
93;2021-01-15;570;7;0;4465;61;0;0.3;0.0;0.0
93;2021-01-16;126;3;0;4591;64;0;0.3;0.0;0.0
93;2021-01-17;62;2;0;4653;66;0;0.3;0.0;0.0
93;2021-01-18;974;19;0;5627;85;0;0.3;0.0;0.0
93;2021-01-19;1287;16;0;6914;101;0;0.4;0.0;0.0
93;2021-01-20;1335;23;0;8249;124;0;0.5;0.0;0.0
93;2021-01-21;1614;36;0;9863;160;0;0.6;0.0;0.0
93;2021-01-22;1207;27;0;11070;187;0;0.7;0.0;0.0
93;2021-01-23;576;6;0;11646;193;0;0.7;0.0;0.0
93;2021-01-24;55;0;0;11701;193;0;0.7;0.0;0.0
93;2021-01-25;851;10;0;12552;203;0;0.8;0.0;0.0
93;2021-01-26;1015;30;0;13567;233;0;0.8;0.0;0.0
93;2021-01-27;1694;75;0;15261;308;0;0.9;0.0;0.0
93;2021-01-28;1827;144;0;17088;452;0;1.0;0.0;0.0
93;2021-01-29;1376;171;0;18464;623;0;1.1;0.0;0.0
93;2021-01-30;695;29;0;19159;652;0;1.1;0.0;0.0
93;2021-01-31;24;4;0;19183;656;0;1.1;0.0;0.0
93;2021-02-01;746;110;0;19929;766;0;1.2;0.0;0.0
93;2021-02-02;792;232;0;20721;998;0;1.2;0.1;0.0
93;2021-02-03;862;317;0;21583;1315;0;1.3;0.1;0.0
93;2021-02-04;710;382;0;22293;1697;0;1.3;0.1;0.0
93;2021-02-05;652;332;0;22945;2029;0;1.4;0.1;0.0
93;2021-02-06;508;52;0;23453;2081;0;1.4;0.1;0.0
93;2021-02-07;18;23;0;23471;2104;0;1.4;0.1;0.0
93;2021-02-08;678;512;0;24149;2616;0;1.4;0.2;0.0
93;2021-02-09;650;629;0;24799;3245;0;1.5;0.2;0.0
93;2021-02-10;740;758;0;25539;4003;0;1.5;0.2;0.0
93;2021-02-11;984;1003;0;26523;5006;0;1.6;0.3;0.0
93;2021-02-12;933;689;0;27456;5695;0;1.6;0.3;0.0
93;2021-02-13;321;248;0;27777;5943;0;1.7;0.4;0.0
93;2021-02-14;21;68;0;27798;6011;0;1.7;0.4;0.0
93;2021-02-15;423;918;0;28221;6929;0;1.7;0.4;0.0
93;2021-02-16;517;1166;0;28738;8095;0;1.7;0.5;0.0
93;2021-02-17;579;1426;0;29317;9521;0;1.8;0.6;0.0
93;2021-02-18;1016;1704;0;30333;11225;0;1.8;0.7;0.0
93;2021-02-19;939;1427;0;31272;12652;0;1.9;0.8;0.0
93;2021-02-20;233;545;0;31505;13197;0;1.9;0.8;0.0
93;2021-02-21;23;45;0;31528;13242;0;1.9;0.8;0.0
93;2021-02-22;539;903;0;32067;14145;0;1.9;0.8;0.0
93;2021-02-23;522;847;0;32589;14992;0;2.0;0.9;0.0
93;2021-02-24;610;951;0;33199;15943;0;2.0;1.0;0.0
93;2021-02-25;928;1000;0;34127;16943;0;2.0;1.0;0.0
93;2021-02-26;1132;820;0;35259;17763;0;2.1;1.1;0.0
93;2021-02-27;519;463;0;35778;18226;0;2.1;1.1;0.0
93;2021-02-28;83;49;0;35861;18275;0;2.1;1.1;0.0
93;2021-03-01;977;722;0;36838;18997;0;2.2;1.1;0.0
93;2021-03-02;1410;820;0;38248;19817;0;2.3;1.2;0.0
93;2021-03-03;1697;840;0;39945;20657;0;2.4;1.2;0.0
93;2021-03-04;2584;918;0;42529;21575;0;2.5;1.3;0.0
93;2021-03-05;3559;833;0;46088;22408;0;2.8;1.3;0.0
93;2021-03-06;4109;495;0;50197;22903;0;3.0;1.4;0.0
93;2021-03-07;3202;287;0;53399;23190;0;3.2;1.4;0.0
93;2021-03-08;2020;895;0;55419;24085;0;3.3;1.4;0.0
93;2021-03-09;2743;735;0;58162;24820;0;3.5;1.5;0.0
93;2021-03-10;2848;828;0;61010;25648;0;3.7;1.5;0.0
93;2021-03-11;3640;1068;0;64650;26716;0;3.9;1.6;0.0
93;2021-03-12;4164;1123;0;68814;27839;0;4.1;1.7;0.0
93;2021-03-13;3738;506;0;72552;28345;0;4.3;1.7;0.0
93;2021-03-14;1123;104;0;73675;28449;0;4.4;1.7;0.0
93;2021-03-15;3012;554;0;76687;29003;0;4.6;1.7;0.0
93;2021-03-16;2648;493;0;79335;29496;0;4.8;1.8;0.0
93;2021-03-17;2245;559;0;81580;30055;0;4.9;1.8;0.0
93;2021-03-18;2767;645;0;84347;30700;0;5.1;1.8;0.0
93;2021-03-19;3342;596;0;87689;31296;0;5.3;1.9;0.0
93;2021-03-20;2765;280;0;90454;31576;0;5.4;1.9;0.0
93;2021-03-21;789;196;0;91243;31772;0;5.5;1.9;0.0
93;2021-03-22;3392;570;0;94635;32342;0;5.7;1.9;0.0
93;2021-03-23;4285;725;0;98920;33067;0;5.9;2.0;0.0
93;2021-03-24;4020;679;0;102940;33746;0;6.2;2.0;0.0
93;2021-03-25;5426;792;0;108366;34538;0;6.5;2.1;0.0
93;2021-03-26;5288;816;0;113654;35354;0;6.8;2.1;0.0
93;2021-03-27;3769;297;0;117423;35651;0;7.0;2.1;0.0
93;2021-03-28;835;63;0;118258;35714;0;7.1;2.1;0.0
93;2021-03-29;3531;939;0;121789;36653;0;7.3;2.2;0.0
93;2021-03-30;4391;1243;0;126180;37896;0;7.6;2.3;0.0
93;2021-03-31;3939;1280;0;130119;39176;0;7.8;2.3;0.0
93;2021-04-01;4226;2693;0;134345;41869;0;8.0;2.5;0.0
93;2021-04-02;3491;2858;0;137836;44727;0;8.3;2.7;0.0
93;2021-04-03;2258;1796;0;140094;46523;0;8.4;2.8;0.0
93;2021-04-04;809;230;0;140903;46753;0;8.4;2.8;0.0
93;2021-04-05;780;123;0;141683;46876;0;8.5;2.8;0.0
93;2021-04-06;3743;2034;0;145426;48910;0;8.7;2.9;0.0
93;2021-04-07;4016;1929;0;149442;50839;0;8.9;3.0;0.0
93;2021-04-08;4842;2386;0;154284;53225;0;9.2;3.2;0.0
93;2021-04-09;5247;2701;0;159531;55926;0;9.6;3.3;0.0
93;2021-04-10;3220;2074;0;162751;58000;0;9.7;3.5;0.0
93;2021-04-11;778;591;0;163529;58591;0;9.8;3.5;0.0
93;2021-04-12;3723;2239;0;167252;60830;0;10.0;3.6;0.0
93;2021-04-13;4015;3197;0;171267;64027;0;10.3;3.8;0.0
93;2021-04-14;3762;2157;0;175029;66184;0;10.5;4.0;0.0
93;2021-04-15;4095;2727;0;179124;68911;0;10.7;4.1;0.0
93;2021-04-16;3757;2520;0;182881;71431;0;10.9;4.3;0.0
93;2021-04-17;2548;1962;0;185429;73393;0;11.1;4.4;0.0
93;2021-04-18;467;513;0;185896;73906;0;11.1;4.4;0.0
93;2021-04-19;2896;2415;0;188792;76321;0;11.3;4.6;0.0
93;2021-04-20;3241;2887;0;192033;79208;0;11.5;4.7;0.0
93;2021-04-21;3050;2611;0;195083;81819;0;11.7;4.9;0.0
93;2021-04-22;3526;3682;0;198609;85501;0;11.9;5.1;0.0
93;2021-04-23;3740;3076;0;202349;88577;0;12.1;5.3;0.0
93;2021-04-24;3628;2680;0;205977;91257;0;12.3;5.5;0.0
93;2021-04-25;1409;737;0;207386;91994;0;12.4;5.5;0.0
93;2021-04-26;3624;2788;0;211010;94782;0;12.6;5.7;0.0
93;2021-04-27;5107;3164;0;216117;97946;0;12.9;5.9;0.0
93;2021-04-28;4691;3069;0;220808;101015;0;13.2;6.0;0.0
93;2021-04-29;6043;3076;0;226851;104091;0;13.6;6.2;0.0
93;2021-04-30;6569;3067;0;233420;107158;0;14.0;6.4;0.0
93;2021-05-01;3013;918;0;236433;108076;0;14.2;6.5;0.0
93;2021-05-02;952;752;0;237385;108828;0;14.2;6.5;0.0
93;2021-05-03;6045;4474;0;243430;113302;0;14.6;6.8;0.0
93;2021-05-04;6068;4288;0;249498;117590;0;14.9;7.0;0.0
93;2021-05-05;6042;3605;0;255540;121195;0;15.3;7.3;0.0
93;2021-05-06;6851;3994;0;262391;125189;0;15.7;7.5;0.0
93;2021-05-07;5694;4340;0;268085;129529;0;16.1;7.8;0.0
93;2021-05-08;5454;2150;0;273539;131679;0;16.4;7.9;0.0
93;2021-05-09;3654;1386;0;277193;133065;0;16.6;8.0;0.0
93;2021-05-10;7188;3554;0;284381;136619;0;17.0;8.2;0.0
93;2021-05-11;7576;4168;0;291957;140787;0;17.5;8.4;0.0
93;2021-05-12;7208;3215;0;299165;144002;0;17.9;8.6;0.0
93;2021-05-13;6068;1139;0;305233;145141;0;18.3;8.7;0.0
93;2021-05-14;8564;3014;0;313797;148155;0;18.8;8.9;0.0
93;2021-05-15;8548;2260;0;322345;150415;0;19.3;9.0;0.0
93;2021-05-16;4199;673;0;326544;151088;0;19.6;9.0;0.0
93;2021-05-17;8215;1903;0;334759;152991;0;20.0;9.2;0.0
93;2021-05-18;9129;2018;0;343888;155009;0;20.6;9.3;0.0
93;2021-05-19;8621;3036;0;352509;158045;0;21.1;9.5;0.0
93;2021-05-20;10014;3322;0;362523;161367;0;21.7;9.7;0.0
93;2021-05-21;9816;2744;0;372339;164111;0;22.3;9.8;0.0
93;2021-05-22;9214;1987;0;381553;166098;0;22.8;9.9;0.0
93;2021-05-23;5688;898;0;387241;166996;0;23.2;10.0;0.0
93;2021-05-24;7582;1442;0;394823;168438;0;23.6;10.1;0.0
93;2021-05-25;8244;4091;0;403067;172529;0;24.1;10.3;0.0
93;2021-05-26;8047;3409;0;411114;175938;0;24.6;10.5;0.0
93;2021-05-27;9330;3719;0;420444;179657;0;25.2;10.8;0.0
93;2021-05-28;9250;4701;0;429694;184358;0;25.7;11.0;0.0
93;2021-05-29;7838;3278;0;437532;187636;0;26.2;11.2;0.0
93;2021-05-30;5316;1223;0;442848;188859;0;26.5;11.3;0.0
93;2021-05-31;7080;4268;0;449928;193127;0;26.9;11.6;0.0
93;2021-06-01;8611;5181;0;458539;198308;0;27.5;11.9;0.0
93;2021-06-02;8005;4201;0;466544;202509;0;27.9;12.1;0.0
93;2021-06-03;8359;4472;0;474903;206981;0;28.4;12.4;0.0
93;2021-06-04;8677;5821;0;483580;212802;0;29.0;12.7;0.0
93;2021-06-05;7052;5073;0;490632;217875;0;29.4;13.0;0.0
93;2021-06-06;5209;1543;0;495841;219418;0;29.7;13.1;0.0
93;2021-06-07;7072;5813;0;502913;225231;0;30.1;13.5;0.0
93;2021-06-08;7862;6115;0;510775;231346;0;30.6;13.9;0.0
93;2021-06-09;7910;6202;0;518685;237548;0;31.1;14.2;0.0
93;2021-06-10;7109;8196;0;525794;245744;0;31.5;14.7;0.0
93;2021-06-11;7044;7601;0;532838;253345;0;31.9;15.2;0.0
93;2021-06-12;7327;5221;0;540165;258566;0;32.3;15.5;0.0
93;2021-06-13;4581;2119;0;544746;260685;0;32.6;15.6;0.0
93;2021-06-14;4761;7447;0;549507;268132;0;32.9;16.1;0.0
93;2021-06-15;5789;7979;0;555296;276111;0;33.2;16.5;0.0
93;2021-06-16;5707;7309;0;561003;283420;0;33.6;17.0;0.0
93;2021-06-17;5146;7348;0;566149;290768;0;33.9;17.4;0.0
93;2021-06-18;6090;9533;0;572239;300301;0;34.3;18.0;0.0
93;2021-06-19;5513;8283;0;577752;308584;0;34.6;18.5;0.0
93;2021-06-20;3131;4757;0;580883;313341;0;34.8;18.8;0.0
93;2021-06-21;3624;8303;0;584507;321644;0;35.0;19.3;0.0
93;2021-06-22;4068;9139;0;588575;330783;0;35.2;19.8;0.0
93;2021-06-23;4139;8736;0;592714;339519;0;35.5;20.3;0.0
93;2021-06-24;3915;8322;0;596629;347841;0;35.7;20.8;0.0
93;2021-06-25;4537;10776;0;601166;358617;0;36.0;21.5;0.0
93;2021-06-26;4103;10492;0;605269;369109;0;36.2;22.1;0.0
93;2021-06-27;2348;5148;0;607617;374257;0;36.4;22.4;0.0
93;2021-06-28;3406;9449;0;611023;383706;0;36.6;23.0;0.0
93;2021-06-29;3734;9533;0;614757;393239;0;36.8;23.5;0.0
93;2021-06-30;3872;9266;0;618629;402505;0;37.0;24.1;0.0
93;2021-07-01;4861;9414;0;623490;411919;0;37.3;24.7;0.0
93;2021-07-02;5051;10501;0;628541;422420;0;37.6;25.3;0.0
93;2021-07-03;4453;10423;0;632994;432843;0;37.9;25.9;0.0
93;2021-07-04;2380;6119;0;635374;438962;0;38.0;26.3;0.0
93;2021-07-05;4204;8616;0;639578;447578;0;38.3;26.8;0.0
93;2021-07-06;4479;9583;1;644057;457161;1;38.6;27.4;0.0
93;2021-07-07;4760;9725;0;648817;466886;1;38.8;28.0;0.0
93;2021-07-08;4746;9367;0;653563;476253;1;39.1;28.5;0.0
93;2021-07-09;5447;11104;0;659010;487357;1;39.5;29.2;0.0
93;2021-07-10;4789;10970;0;663799;498327;1;39.7;29.8;0.0
93;2021-07-11;2624;6517;0;666423;504844;1;39.9;30.2;0.0
93;2021-07-12;4801;10041;0;671224;514885;1;40.2;30.8;0.0
93;2021-07-13;8765;11830;0;679989;526715;1;40.7;31.5;0.0
93;2021-07-14;7007;5788;0;686996;532503;1;41.1;31.9;0.0
93;2021-07-15;9877;12394;1;696873;544897;2;41.7;32.6;0.0
93;2021-07-16;10473;11768;0;707346;556665;2;42.4;33.3;0.0
93;2021-07-17;8549;11155;0;715895;567820;2;42.9;34.0;0.0
93;2021-07-18;4802;6242;0;720697;574062;2;43.2;34.4;0.0
93;2021-07-19;7572;9496;0;728269;583558;2;43.6;34.9;0.0
93;2021-07-20;9911;9687;0;738180;593245;2;44.2;35.5;0.0
93;2021-07-21;11062;9670;0;749242;602915;2;44.9;36.1;0.0
93;2021-07-22;11235;8570;0;760477;611485;2;45.5;36.6;0.0
93;2021-07-23;11867;9832;0;772344;621317;2;46.2;37.2;0.0
93;2021-07-24;9602;8784;0;781946;630101;2;46.8;37.7;0.0
93;2021-07-25;5387;4780;0;787333;634881;2;47.1;38.0;0.0
93;2021-07-26;9641;7359;0;796974;642240;2;47.7;38.5;0.0
93;2021-07-27;11661;7275;1;808635;649515;3;48.4;38.9;0.0
93;2021-07-28;11607;7665;0;820242;657180;3;49.1;39.3;0.0
93;2021-07-29;10802;6725;0;831044;663905;3;49.8;39.8;0.0
93;2021-07-30;11014;7434;0;842058;671339;3;50.4;40.2;0.0
93;2021-07-31;8249;6411;0;850307;677750;3;50.9;40.6;0.0
93;2021-08-01;4534;3226;0;854841;680976;3;51.2;40.8;0.0
93;2021-08-02;7537;5515;0;862378;686491;3;51.6;41.1;0.0
93;2021-08-03;6711;6166;0;869089;692657;3;52.0;41.5;0.0
93;2021-08-04;6750;6571;0;875839;699228;3;52.4;41.9;0.0
93;2021-08-05;5542;6153;0;881381;705381;3;52.8;42.2;0.0
93;2021-08-06;6207;7349;0;887588;712730;3;53.1;42.7;0.0
93;2021-08-07;5104;6857;0;892692;719587;3;53.4;43.1;0.0
93;2021-08-08;2630;3728;0;895322;723315;3;53.6;43.3;0.0
93;2021-08-09;5560;6827;0;900882;730142;3;53.9;43.7;0.0
93;2021-08-10;5911;7633;0;906793;737775;3;54.3;44.2;0.0
93;2021-08-11;5620;7986;0;912413;745761;3;54.6;44.7;0.0
93;2021-08-12;5059;7659;0;917472;753420;3;54.9;45.1;0.0
93;2021-08-13;4753;7491;0;922225;760911;3;55.2;45.6;0.0
93;2021-08-14;3743;7309;0;925968;768220;3;55.4;46.0;0.0
93;2021-08-15;1440;2239;0;927408;770459;3;55.5;46.1;0.0
93;2021-08-16;4293;8901;0;931701;779360;3;55.8;46.7;0.0
93;2021-08-17;4778;9053;0;936479;788413;3;56.1;47.2;0.0
93;2021-08-18;4343;9131;0;940822;797544;3;56.3;47.8;0.0
93;2021-08-19;3716;7934;0;944538;805478;3;56.6;48.2;0.0
93;2021-08-20;3912;8949;0;948450;814427;3;56.8;48.8;0.0
93;2021-08-21;3030;8231;0;951480;822658;3;57.0;49.3;0.0
93;2021-08-22;1352;4215;0;952832;826873;3;57.1;49.5;0.0
93;2021-08-23;3442;8112;0;956274;834985;3;57.3;50.0;0.0
93;2021-08-24;3599;7733;0;959873;842718;3;57.5;50.5;0.0
93;2021-08-25;3486;7705;0;963359;850423;3;57.7;50.9;0.0
93;2021-08-26;3113;6468;0;966472;856891;3;57.9;51.3;0.0
93;2021-08-27;3364;7702;0;969836;864593;3;58.1;51.8;0.0
93;2021-08-28;2743;7134;0;972579;871727;3;58.2;52.2;0.0
93;2021-08-29;1235;3202;0;973814;874929;3;58.3;52.4;0.0
93;2021-08-30;2644;6687;94;976458;881616;97;58.5;52.8;0.0
93;2021-08-31;2763;6674;162;979221;888290;259;58.6;53.2;0.0
93;2021-09-01;3577;6104;321;982798;894394;580;58.8;53.6;0.0
93;2021-09-02;2709;4778;296;985507;899172;876;59.0;53.8;0.1
93;2021-09-03;2675;5847;329;988182;905019;1205;59.2;54.2;0.1
93;2021-09-04;2861;5985;243;991043;911004;1448;59.3;54.5;0.1
93;2021-09-05;947;2050;87;991990;913054;1535;59.4;54.7;0.1
93;2021-09-06;1655;3852;312;993645;916906;1847;59.5;54.9;0.1
93;2021-09-07;1752;3668;249;995397;920574;2096;59.6;55.1;0.1
93;2021-09-08;2188;3996;332;997585;924570;2428;59.7;55.4;0.1
93;2021-09-09;1885;3321;363;999470;927891;2791;59.8;55.6;0.2
93;2021-09-10;2676;3992;373;1002146;931883;3164;60.0;55.8;0.2
93;2021-09-11;2013;4633;186;1004159;936516;3350;60.1;56.1;0.2
93;2021-09-12;632;1580;75;1004791;938096;3425;60.2;56.2;0.2
93;2021-09-13;1960;2974;458;1006751;941070;3883;60.3;56.3;0.2
93;2021-09-14;1903;2788;617;1008654;943858;4500;60.4;56.5;0.3
93;2021-09-15;1924;3100;588;1010578;946958;5088;60.5;56.7;0.3
93;2021-09-16;1613;2318;489;1012191;949276;5577;60.6;56.8;0.3
93;2021-09-17;1861;3189;542;1014052;952465;6119;60.7;57.0;0.4
93;2021-09-18;1373;3769;359;1015425;956234;6478;60.8;57.3;0.4
93;2021-09-19;383;1242;97;1015808;957476;6575;60.8;57.3;0.4
93;2021-09-20;1197;1935;447;1017005;959411;7022;60.9;57.4;0.4
93;2021-09-21;1011;1848;449;1018016;961259;7471;61.0;57.6;0.4
93;2021-09-22;1246;2775;550;1019262;964034;8021;61.0;57.7;0.5
93;2021-09-23;1005;1670;513;1020267;965704;8534;61.1;57.8;0.5
93;2021-09-24;1295;2570;631;1021562;968274;9165;61.2;58.0;0.5
93;2021-09-25;1152;3392;264;1022714;971666;9429;61.2;58.2;0.6
93;2021-09-26;296;1038;81;1023010;972704;9510;61.3;58.2;0.6
93;2021-09-27;862;1582;466;1023872;974286;9976;61.3;58.3;0.6
93;2021-09-28;897;1371;498;1024769;975657;10474;61.4;58.4;0.6
93;2021-09-29;1134;2183;600;1025903;977840;11074;61.4;58.5;0.7
93;2021-09-30;877;1576;634;1026780;979416;11708;61.5;58.6;0.7
93;2021-10-01;2081;2026;663;1028861;981442;12371;61.6;58.8;0.7
93;2021-10-02;1382;2085;363;1030243;983527;12734;61.7;58.9;0.8
93;2021-10-03;237;496;97;1030480;984023;12831;61.7;58.9;0.8
93;2021-10-04;1074;1492;704;1031554;985515;13535;61.8;59.0;0.8
93;2021-10-05;889;1358;562;1032443;986873;14097;61.8;59.1;0.8
93;2021-10-06;1109;1721;936;1033552;988594;15033;61.9;59.2;0.9
93;2021-10-07;882;1541;937;1034434;990135;15970;61.9;59.3;1.0
93;2021-10-08;1124;1848;972;1035558;991983;16942;62.0;59.4;1.0
93;2021-10-09;1263;2019;612;1036821;994002;17554;62.1;59.5;1.1
93;2021-10-10;256;424;110;1037077;994426;17664;62.1;59.5;1.1
93;2021-10-11;927;1444;851;1038004;995870;18515;62.2;59.6;1.1
93;2021-10-12;775;1247;951;1038779;997117;19466;62.2;59.7;1.2
93;2021-10-13;1025;1542;1118;1039804;998659;20584;62.3;59.8;1.2
93;2021-10-14;851;1329;1059;1040655;999988;21643;62.3;59.9;1.3
93;2021-10-15;1122;1621;1200;1041777;1001609;22843;62.4;60.0;1.4
93;2021-10-16;1072;1563;686;1042849;1003172;23529;62.4;60.1;1.4
93;2021-10-17;213;303;164;1043062;1003475;23693;62.5;60.1;1.4
93;2021-10-18;735;1198;938;1043797;1004673;24631;62.5;60.2;1.5
93;2021-10-19;706;1123;916;1044503;1005796;25547;62.5;60.2;1.5
93;2021-10-20;717;1077;1424;1045220;1006873;26971;62.6;60.3;1.6
93;2021-10-21;551;972;1276;1045771;1007845;28247;62.6;60.3;1.7
93;2021-10-22;792;1291;1374;1046563;1009136;29621;62.7;60.4;1.8
93;2021-10-23;812;1264;961;1047375;1010400;30582;62.7;60.5;1.8
93;2021-10-24;164;249;165;1047539;1010649;30747;62.7;60.5;1.8
93;2021-10-25;526;913;1106;1048065;1011562;31853;62.8;60.6;1.9
93;2021-10-26;498;823;1116;1048563;1012385;32969;62.8;60.6;2.0
93;2021-10-27;647;1012;1566;1049210;1013397;34535;62.8;60.7;2.1
93;2021-10-28;568;935;1432;1049778;1014332;35967;62.9;60.7;2.2
93;2021-10-29;605;1040;1467;1050383;1015372;37434;62.9;60.8;2.2
93;2021-10-30;612;1236;1045;1050995;1016608;38479;62.9;60.9;2.3
93;2021-10-31;152;244;177;1051147;1016852;38656;62.9;60.9;2.3
93;2021-11-01;230;206;90;1051377;1017058;38746;63.0;60.9;2.3
93;2021-11-02;611;885;1058;1051988;1017943;39804;63.0;60.9;2.4
93;2021-11-03;546;1020;1320;1052534;1018963;41124;63.0;61.0;2.5
93;2021-11-04;501;845;1276;1053035;1019808;42400;63.1;61.1;2.5
93;2021-11-05;551;948;1345;1053586;1020756;43745;63.1;61.1;2.6
93;2021-11-06;558;971;958;1054144;1021727;44703;63.1;61.2;2.7
93;2021-11-07;92;221;174;1054236;1021948;44877;63.1;61.2;2.7
93;2021-11-08;396;729;1528;1054632;1022677;46405;63.1;61.2;2.8
93;2021-11-09;419;871;1928;1055051;1023548;48333;63.2;61.3;2.9
93;2021-11-10;599;1004;2525;1055650;1024552;50858;63.2;61.3;3.0
93;2021-11-11;170;245;483;1055820;1024797;51341;63.2;61.4;3.1
93;2021-11-12;574;915;2724;1056394;1025712;54065;63.3;61.4;3.2
93;2021-11-13;542;805;1510;1056936;1026517;55575;63.3;61.5;3.3
93;2021-11-14;94;202;287;1057030;1026719;55862;63.3;61.5;3.3
93;2021-11-15;420;761;2509;1057450;1027480;58371;63.3;61.5;3.5
93;2021-11-16;474;724;2693;1057924;1028204;61064;63.3;61.6;3.7
93;2021-11-17;524;867;2340;1058448;1029071;63404;63.4;61.6;3.8
93;2021-11-18;419;693;2316;1058867;1029764;65720;63.4;61.7;3.9
93;2021-11-19;524;869;2924;1059391;1030633;68644;63.4;61.7;4.1
93;2021-11-20;696;1016;2087;1060087;1031649;70731;63.5;61.8;4.2
93;2021-11-21;106;235;385;1060193;1031884;71116;63.5;61.8;4.3
93;2021-11-22;396;606;2821;1060589;1032490;73937;63.5;61.8;4.4
93;2021-11-23;452;757;2926;1061041;1033247;76863;63.5;61.9;4.6
93;2021-11-24;553;847;2891;1061594;1034094;79754;63.6;61.9;4.8
93;2021-11-25;434;691;3992;1062028;1034785;83746;63.6;62.0;5.0
93;2021-11-26;518;865;6371;1062546;1035650;90117;63.6;62.0;5.4
93;2021-11-27;542;821;5519;1063088;1036471;95636;63.7;62.1;5.7
93;2021-11-28;162;267;2205;1063250;1036738;97841;63.7;62.1;5.9
93;2021-11-29;348;635;6770;1063598;1037373;104611;63.7;62.1;6.3
93;2021-11-30;382;663;8275;1063980;1038036;112886;63.7;62.2;6.8
93;2021-12-01;423;784;8233;1064403;1038820;121119;63.7;62.2;7.3
93;2021-12-02;383;635;8011;1064786;1039455;129130;63.8;62.2;7.7
93;2021-12-03;413;784;9969;1065199;1040239;139099;63.8;62.3;8.3
93;2021-12-04;415;787;7583;1065614;1041026;146682;63.8;62.3;8.8
93;2021-12-05;157;279;3315;1065771;1041305;149997;63.8;62.3;9.0
93;2021-12-06;373;693;8713;1066144;1041998;158710;63.8;62.4;9.5
93;2021-12-07;413;770;9947;1066557;1042768;168657;63.9;62.4;10.1
93;2021-12-08;461;833;10178;1067018;1043601;178835;63.9;62.5;10.7
93;2021-12-09;427;707;9428;1067445;1044308;188263;63.9;62.5;11.3
93;2021-12-10;499;824;12385;1067944;1045132;200648;63.9;62.6;12.0
93;2021-12-11;461;846;9605;1068405;1045978;210253;64.0;62.6;12.6
93;2021-12-12;211;346;5541;1068616;1046324;215794;64.0;62.6;12.9
93;2021-12-13;419;730;10138;1069035;1047054;225932;64.0;62.7;13.5
93;2021-12-14;468;699;11989;1069503;1047753;237921;64.0;62.7;14.2
93;2021-12-15;465;725;11365;1069968;1048478;249286;64.1;62.8;14.9
94;2020-12-27;13;0;0;13;0;0;0.0;0.0;0.0
94;2020-12-28;9;1;0;22;1;0;0.0;0.0;0.0
94;2020-12-29;3;0;0;25;1;0;0.0;0.0;0.0
94;2020-12-30;10;0;0;35;1;0;0.0;0.0;0.0
94;2020-12-31;13;2;0;48;3;0;0.0;0.0;0.0
94;2021-01-01;14;0;0;62;3;0;0.0;0.0;0.0
94;2021-01-02;10;0;0;72;3;0;0.0;0.0;0.0
94;2021-01-03;12;0;0;84;3;0;0.0;0.0;0.0
94;2021-01-04;65;1;0;149;4;0;0.0;0.0;0.0
94;2021-01-05;262;2;0;411;6;0;0.0;0.0;0.0
94;2021-01-06;376;6;0;787;12;0;0.1;0.0;0.0
94;2021-01-07;728;7;0;1515;19;0;0.1;0.0;0.0
94;2021-01-08;946;10;0;2461;29;0;0.2;0.0;0.0
94;2021-01-09;132;0;0;2593;29;0;0.2;0.0;0.0
94;2021-01-10;100;0;0;2693;29;0;0.2;0.0;0.0
94;2021-01-11;1043;12;0;3736;41;0;0.3;0.0;0.0
94;2021-01-12;1296;17;0;5032;58;0;0.4;0.0;0.0
94;2021-01-13;1311;17;0;6343;75;0;0.5;0.0;0.0
94;2021-01-14;1361;23;0;7704;98;0;0.5;0.0;0.0
94;2021-01-15;1094;19;0;8798;117;0;0.6;0.0;0.0
94;2021-01-16;269;2;0;9067;119;0;0.6;0.0;0.0
94;2021-01-17;134;3;0;9201;122;0;0.7;0.0;0.0
94;2021-01-18;1443;27;0;10644;149;0;0.8;0.0;0.0
94;2021-01-19;1873;23;0;12517;172;0;0.9;0.0;0.0
94;2021-01-20;2165;29;0;14682;201;0;1.0;0.0;0.0
94;2021-01-21;2957;31;0;17639;232;0;1.3;0.0;0.0
94;2021-01-22;2116;19;0;19755;251;0;1.4;0.0;0.0
94;2021-01-23;745;5;0;20500;256;0;1.5;0.0;0.0
94;2021-01-24;272;1;0;20772;257;0;1.5;0.0;0.0
94;2021-01-25;1307;28;0;22079;285;0;1.6;0.0;0.0
94;2021-01-26;1540;27;0;23619;312;0;1.7;0.0;0.0
94;2021-01-27;1953;77;0;25572;389;0;1.8;0.0;0.0
94;2021-01-28;1924;148;0;27496;537;0;2.0;0.0;0.0
94;2021-01-29;1529;189;0;29025;726;0;2.1;0.1;0.0
94;2021-01-30;661;13;0;29686;739;0;2.1;0.1;0.0
94;2021-01-31;126;12;0;29812;751;0;2.1;0.1;0.0
94;2021-02-01;915;239;0;30727;990;0;2.2;0.1;0.0
94;2021-02-02;969;319;0;31696;1309;0;2.3;0.1;0.0
94;2021-02-03;854;395;0;32550;1704;0;2.3;0.1;0.0
94;2021-02-04;998;524;0;33548;2228;0;2.4;0.2;0.0
94;2021-02-05;989;570;0;34537;2798;0;2.5;0.2;0.0
94;2021-02-06;467;71;0;35004;2869;0;2.5;0.2;0.0
94;2021-02-07;115;13;0;35119;2882;0;2.5;0.2;0.0
94;2021-02-08;698;664;0;35817;3546;0;2.5;0.3;0.0
94;2021-02-09;1075;1135;0;36892;4681;0;2.6;0.3;0.0
94;2021-02-10;1104;1228;0;37996;5909;0;2.7;0.4;0.0
94;2021-02-11;1465;1857;0;39461;7766;0;2.8;0.6;0.0
94;2021-02-12;1372;1527;0;40833;9293;0;2.9;0.7;0.0
94;2021-02-13;300;244;0;41133;9537;0;2.9;0.7;0.0
94;2021-02-14;46;82;0;41179;9619;0;2.9;0.7;0.0
94;2021-02-15;679;1518;0;41858;11137;0;3.0;0.8;0.0
94;2021-02-16;693;2247;0;42551;13384;0;3.0;1.0;0.0
94;2021-02-17;642;1575;0;43193;14959;0;3.1;1.1;0.0
94;2021-02-18;943;1895;0;44136;16854;0;3.1;1.2;0.0
94;2021-02-19;920;1571;0;45056;18425;0;3.2;1.3;0.0
94;2021-02-20;180;859;0;45236;19284;0;3.2;1.4;0.0
94;2021-02-21;43;148;0;45279;19432;0;3.2;1.4;0.0
94;2021-02-22;481;1284;0;45760;20716;0;3.3;1.5;0.0
94;2021-02-23;641;1435;0;46401;22151;0;3.3;1.6;0.0
94;2021-02-24;655;1058;0;47056;23209;0;3.3;1.7;0.0
94;2021-02-25;1152;1645;0;48208;24854;0;3.4;1.8;0.0
94;2021-02-26;1312;1212;0;49520;26066;0;3.5;1.9;0.0
94;2021-02-27;594;595;0;50114;26661;0;3.6;1.9;0.0
94;2021-02-28;87;82;0;50201;26743;0;3.6;1.9;0.0
94;2021-03-01;948;999;0;51149;27742;0;3.6;2.0;0.0
94;2021-03-02;1602;1127;0;52751;28869;0;3.8;2.1;0.0
94;2021-03-03;2011;1126;0;54762;29995;0;3.9;2.1;0.0
94;2021-03-04;3024;1266;0;57786;31261;0;4.1;2.2;0.0
94;2021-03-05;4119;1428;0;61905;32689;0;4.4;2.3;0.0
94;2021-03-06;5151;639;0;67056;33328;0;4.8;2.4;0.0
94;2021-03-07;3928;526;0;70984;33854;0;5.0;2.4;0.0
94;2021-03-08;1856;890;0;72840;34744;0;5.2;2.5;0.0
94;2021-03-09;2720;1069;0;75560;35813;0;5.4;2.5;0.0
94;2021-03-10;3193;1123;0;78753;36936;0;5.6;2.6;0.0
94;2021-03-11;4127;1100;0;82880;38036;0;5.9;2.7;0.0
94;2021-03-12;4780;1003;0;87660;39039;0;6.2;2.8;0.0
94;2021-03-13;4444;453;0;92104;39492;0;6.6;2.8;0.0
94;2021-03-14;2159;151;0;94263;39643;0;6.7;2.8;0.0
94;2021-03-15;3311;734;0;97574;40377;0;6.9;2.9;0.0
94;2021-03-16;2807;500;0;100381;40877;0;7.1;2.9;0.0
94;2021-03-17;2896;447;0;103277;41324;0;7.3;2.9;0.0
94;2021-03-18;3395;463;0;106672;41787;0;7.6;3.0;0.0
94;2021-03-19;4444;645;0;111116;42432;0;7.9;3.0;0.0
94;2021-03-20;3695;315;0;114811;42747;0;8.2;3.0;0.0
94;2021-03-21;1165;291;0;115976;43038;0;8.2;3.1;0.0
94;2021-03-22;3423;643;0;119399;43681;0;8.5;3.1;0.0
94;2021-03-23;4742;744;0;124141;44425;0;8.8;3.2;0.0
94;2021-03-24;4921;673;0;129062;45098;0;9.2;3.2;0.0
94;2021-03-25;6583;780;0;135645;45878;0;9.6;3.3;0.0
94;2021-03-26;6335;808;0;141980;46686;0;10.1;3.3;0.0
94;2021-03-27;4514;314;0;146494;47000;0;10.4;3.3;0.0
94;2021-03-28;1499;94;0;147993;47094;0;10.5;3.3;0.0
94;2021-03-29;4101;1145;0;152094;48239;0;10.8;3.4;0.0
94;2021-03-30;5222;1410;0;157316;49649;0;11.2;3.5;0.0
94;2021-03-31;4770;1743;0;162086;51392;0;11.5;3.7;0.0
94;2021-04-01;5720;2355;0;167806;53747;0;11.9;3.8;0.0
94;2021-04-02;5245;2484;0;173051;56231;0;12.3;4.0;0.0
94;2021-04-03;2932;2438;0;175983;58669;0;12.5;4.2;0.0
94;2021-04-04;991;703;0;176974;59372;0;12.6;4.2;0.0
94;2021-04-05;773;189;0;177747;59561;0;12.6;4.2;0.0
94;2021-04-06;3574;2364;0;181321;61925;0;12.9;4.4;0.0
94;2021-04-07;3982;2225;0;185303;64150;0;13.2;4.6;0.0
94;2021-04-08;5008;2156;0;190311;66306;0;13.5;4.7;0.0
94;2021-04-09;5937;2592;0;196248;68898;0;14.0;4.9;0.0
94;2021-04-10;3241;3130;0;199489;72028;0;14.2;5.1;0.0
94;2021-04-11;1015;1594;0;200504;73622;0;14.3;5.2;0.0
94;2021-04-12;3550;2384;0;204054;76006;0;14.5;5.4;0.0
94;2021-04-13;4370;3305;0;208424;79311;0;14.8;5.6;0.0
94;2021-04-14;3810;2837;0;212234;82148;0;15.1;5.8;0.0
94;2021-04-15;4583;3231;0;216817;85379;0;15.4;6.1;0.0
94;2021-04-16;4841;3034;0;221658;88413;0;15.8;6.3;0.0
94;2021-04-17;2777;2590;0;224435;91003;0;16.0;6.5;0.0
94;2021-04-18;942;892;0;225377;91895;0;16.0;6.5;0.0
94;2021-04-19;3070;2619;0;228447;94514;0;16.2;6.7;0.0
94;2021-04-20;3321;3017;0;231768;97531;0;16.5;6.9;0.0
94;2021-04-21;3294;3324;0;235062;100855;0;16.7;7.2;0.0
94;2021-04-22;3911;3778;0;238973;104633;0;17.0;7.4;0.0
94;2021-04-23;4274;3909;0;243247;108542;0;17.3;7.7;0.0
94;2021-04-24;4323;3225;0;247570;111767;0;17.6;7.9;0.0
94;2021-04-25;2234;1100;0;249804;112867;0;17.8;8.0;0.0
94;2021-04-26;3930;3178;0;253734;116045;0;18.0;8.3;0.0
94;2021-04-27;5134;3480;0;258868;119525;0;18.4;8.5;0.0
94;2021-04-28;5168;3742;0;264036;123267;0;18.8;8.8;0.0
94;2021-04-29;6245;3873;0;270281;127140;0;19.2;9.0;0.0
94;2021-04-30;6417;3948;0;276698;131088;0;19.7;9.3;0.0
94;2021-05-01;3995;895;0;280693;131983;0;20.0;9.4;0.0
94;2021-05-02;2267;1137;0;282960;133120;0;20.1;9.5;0.0
94;2021-05-03;5764;5111;0;288724;138231;0;20.5;9.8;0.0
94;2021-05-04;6114;3774;0;294838;142005;0;21.0;10.1;0.0
94;2021-05-05;6195;3632;0;301033;145637;0;21.4;10.4;0.0
94;2021-05-06;6993;3939;0;308026;149576;0;21.9;10.6;0.0
94;2021-05-07;6503;4442;0;314529;154018;0;22.4;11.0;0.0
94;2021-05-08;5298;2446;0;319827;156464;0;22.7;11.1;0.0
94;2021-05-09;3845;1817;0;323672;158281;0;23.0;11.3;0.0
94;2021-05-10;7129;3307;0;330801;161588;0;23.5;11.5;0.0
94;2021-05-11;8451;4072;0;339252;165660;0;24.1;11.8;0.0
94;2021-05-12;9179;3791;0;348431;169451;0;24.8;12.1;0.0
94;2021-05-13;7984;1323;0;356415;170774;0;25.3;12.1;0.0
94;2021-05-14;9481;3232;0;365896;174006;0;26.0;12.4;0.0
94;2021-05-15;8322;2172;0;374218;176178;0;26.6;12.5;0.0
94;2021-05-16;3944;773;0;378162;176951;0;26.9;12.6;0.0
94;2021-05-17;9425;2234;0;387587;179185;0;27.6;12.7;0.0
94;2021-05-18;9884;2410;0;397471;181595;0;28.3;12.9;0.0
94;2021-05-19;9828;3465;0;407299;185060;0;29.0;13.2;0.0
94;2021-05-20;10365;3848;0;417664;188908;0;29.7;13.4;0.0
94;2021-05-21;10165;3022;0;427829;191930;0;30.4;13.7;0.0
94;2021-05-22;8790;1874;0;436619;193804;0;31.1;13.8;0.0
94;2021-05-23;4026;611;0;440645;194415;0;31.3;13.8;0.0
94;2021-05-24;7387;1107;0;448032;195522;0;31.9;13.9;0.0
94;2021-05-25;8259;3917;0;456291;199439;0;32.5;14.2;0.0
94;2021-05-26;8361;3336;0;464652;202775;0;33.0;14.4;0.0
94;2021-05-27;8657;4542;0;473309;207317;0;33.7;14.7;0.0
94;2021-05-28;8670;5003;0;481979;212320;0;34.3;15.1;0.0
94;2021-05-29;7856;3356;0;489835;215676;0;34.8;15.3;0.0
94;2021-05-30;3525;806;0;493360;216482;0;35.1;15.4;0.0
94;2021-05-31;8367;4130;0;501727;220612;0;35.7;15.7;0.0
94;2021-06-01;9000;5116;0;510727;225728;0;36.3;16.1;0.0
94;2021-06-02;8343;4715;0;519070;230443;0;36.9;16.4;0.0
94;2021-06-03;8775;5798;0;527845;236241;0;37.5;16.8;0.0
94;2021-06-04;9100;6597;0;536945;242838;0;38.2;17.3;0.0
94;2021-06-05;7065;5980;0;544010;248818;0;38.7;17.7;0.0
94;2021-06-06;3061;1711;0;547071;250529;0;38.9;17.8;0.0
94;2021-06-07;7334;5815;0;554405;256344;0;39.4;18.2;0.0
94;2021-06-08;7661;6335;0;562066;262679;0;40.0;18.7;0.0
94;2021-06-09;7459;6953;0;569525;269632;0;40.5;19.2;0.0
94;2021-06-10;7663;9768;0;577188;279400;0;41.1;19.9;0.0
94;2021-06-11;7093;7897;0;584281;287297;0;41.6;20.4;0.0
94;2021-06-12;8232;6344;0;592513;293641;0;42.1;20.9;0.0
94;2021-06-13;2735;2652;0;595248;296293;0;42.3;21.1;0.0
94;2021-06-14;5883;7901;0;601131;304194;0;42.8;21.6;0.0
94;2021-06-15;6681;8541;0;607812;312735;0;43.2;22.2;0.0
94;2021-06-16;6269;8028;0;614081;320763;0;43.7;22.8;0.0
94;2021-06-17;5902;8359;0;619983;329122;0;44.1;23.4;0.0
94;2021-06-18;5816;10720;0;625799;339842;0;44.5;24.2;0.0
94;2021-06-19;5162;8552;0;630961;348394;0;44.9;24.8;0.0
94;2021-06-20;1598;3492;0;632559;351886;0;45.0;25.0;0.0
94;2021-06-21;4421;9916;0;636980;361802;0;45.3;25.7;0.0
94;2021-06-22;4512;10095;0;641492;371897;0;45.6;26.4;0.0
94;2021-06-23;4217;10312;0;645709;382209;0;45.9;27.2;0.0
94;2021-06-24;4605;9606;0;650314;391815;0;46.3;27.9;0.0
94;2021-06-25;4178;12646;0;654492;404461;0;46.5;28.8;0.0
94;2021-06-26;3322;10678;0;657814;415139;0;46.8;29.5;0.0
94;2021-06-27;1075;4024;0;658889;419163;0;46.9;29.8;0.0
94;2021-06-28;3339;10395;0;662228;429558;0;47.1;30.6;0.0
94;2021-06-29;3809;11135;0;666037;440693;0;47.4;31.3;0.0
94;2021-06-30;4022;10330;0;670059;451023;0;47.7;32.1;0.0
94;2021-07-01;4674;10179;0;674733;461202;0;48.0;32.8;0.0
94;2021-07-02;4534;10987;0;679267;472189;0;48.3;33.6;0.0
94;2021-07-03;3522;10476;0;682789;482665;0;48.6;34.3;0.0
94;2021-07-04;1430;4103;0;684219;486768;0;48.7;34.6;0.0
94;2021-07-05;3811;9739;0;688030;496507;0;48.9;35.3;0.0
94;2021-07-06;4124;9762;0;692154;506269;0;49.2;36.0;0.0
94;2021-07-07;4311;10017;0;696465;516286;0;49.5;36.7;0.0
94;2021-07-08;4638;9434;0;701103;525720;0;49.9;37.4;0.0
94;2021-07-09;4743;10840;0;705846;536560;0;50.2;38.2;0.0
94;2021-07-10;3837;9669;0;709683;546229;0;50.5;38.8;0.0
94;2021-07-11;1532;3746;0;711215;549975;0;50.6;39.1;0.0
94;2021-07-12;3677;10810;0;714892;560785;0;50.8;39.9;0.0
94;2021-07-13;6243;11626;0;721135;572411;0;51.3;40.7;0.0
94;2021-07-14;4520;5167;0;725655;577578;0;51.6;41.1;0.0
94;2021-07-15;7210;11922;0;732865;589500;0;52.1;41.9;0.0
94;2021-07-16;7774;11140;0;740639;600640;0;52.7;42.7;0.0
94;2021-07-17;5967;10135;0;746606;610775;0;53.1;43.4;0.0
94;2021-07-18;2807;3378;0;749413;614153;0;53.3;43.7;0.0
94;2021-07-19;6536;9816;0;755949;623969;0;53.8;44.4;0.0
94;2021-07-20;8115;9880;0;764064;633849;0;54.3;45.1;0.0
94;2021-07-21;8726;9289;0;772790;643138;0;55.0;45.7;0.0
94;2021-07-22;9529;9062;1;782319;652200;1;55.6;46.4;0.0
94;2021-07-23;9071;9448;0;791390;661648;1;56.3;47.1;0.0
94;2021-07-24;7026;8207;0;798416;669855;1;56.8;47.6;0.0
94;2021-07-25;2491;2655;0;800907;672510;1;57.0;47.8;0.0
94;2021-07-26;7416;7968;0;808323;680478;1;57.5;48.4;0.0
94;2021-07-27;8541;7266;0;816864;687744;1;58.1;48.9;0.0
94;2021-07-28;8675;6790;0;825539;694534;1;58.7;49.4;0.0
94;2021-07-29;8703;6605;0;834242;701139;1;59.3;49.9;0.0
94;2021-07-30;7778;6774;0;842020;707913;1;59.9;50.3;0.0
94;2021-07-31;6357;5919;0;848377;713832;1;60.3;50.8;0.0
94;2021-08-01;2645;1710;0;851022;715542;1;60.5;50.9;0.0
94;2021-08-02;6337;5559;0;857359;721101;1;61.0;51.3;0.0
94;2021-08-03;6098;5524;0;863457;726625;1;61.4;51.7;0.0
94;2021-08-04;5819;5264;0;869276;731889;1;61.8;52.1;0.0
94;2021-08-05;5709;5681;0;874985;737570;1;62.2;52.5;0.0
94;2021-08-06;5318;5754;0;880303;743324;1;62.6;52.9;0.0
94;2021-08-07;4029;4477;0;884332;747801;1;62.9;53.2;0.0
94;2021-08-08;1288;1706;0;885620;749507;1;63.0;53.3;0.0
94;2021-08-09;4513;6268;0;890133;755775;1;63.3;53.8;0.0
94;2021-08-10;4892;6092;0;895025;761867;1;63.7;54.2;0.0
94;2021-08-11;3905;5740;0;898930;767607;1;63.9;54.6;0.0
94;2021-08-12;3994;6251;0;902924;773858;1;64.2;55.0;0.0
94;2021-08-13;3372;5541;0;906296;779399;1;64.5;55.4;0.0
94;2021-08-14;2585;4870;0;908881;784269;1;64.6;55.8;0.0
94;2021-08-15;558;917;0;909439;785186;1;64.7;55.8;0.0
94;2021-08-16;3190;6956;0;912629;792142;1;64.9;56.3;0.0
94;2021-08-17;3134;6911;0;915763;799053;1;65.1;56.8;0.0
94;2021-08-18;2950;6421;0;918713;805474;1;65.3;57.3;0.0
94;2021-08-19;2935;6430;0;921648;811904;1;65.5;57.7;0.0
94;2021-08-20;2790;6569;0;924438;818473;1;65.7;58.2;0.0
94;2021-08-21;2182;5555;0;926620;824028;1;65.9;58.6;0.0
94;2021-08-22;715;2356;0;927335;826384;1;66.0;58.8;0.0
94;2021-08-23;2560;7074;0;929895;833458;1;66.1;59.3;0.0
94;2021-08-24;2834;6982;0;932729;840440;1;66.3;59.8;0.0
94;2021-08-25;2471;6104;0;935200;846544;1;66.5;60.2;0.0
94;2021-08-26;2345;5941;0;937545;852485;1;66.7;60.6;0.0
94;2021-08-27;2398;6283;0;939943;858768;1;66.9;61.1;0.0
94;2021-08-28;2107;5723;0;942050;864491;1;67.0;61.5;0.0
94;2021-08-29;700;1902;0;942750;866393;1;67.0;61.6;0.0
94;2021-08-30;2437;6609;166;945187;873002;167;67.2;62.1;0.0
94;2021-08-31;2391;6452;260;947578;879454;427;67.4;62.5;0.0
94;2021-09-01;2494;4874;558;950072;884328;985;67.6;62.9;0.1
94;2021-09-02;1963;4122;596;952035;888450;1581;67.7;63.2;0.1
94;2021-09-03;1950;4604;623;953985;893054;2204;67.8;63.5;0.2
94;2021-09-04;2127;4535;283;956112;897589;2487;68.0;63.8;0.2
94;2021-09-05;619;1034;156;956731;898623;2643;68.0;63.9;0.2
94;2021-09-06;1438;3002;663;958169;901625;3306;68.1;64.1;0.2
94;2021-09-07;1270;2806;599;959439;904431;3905;68.2;64.3;0.3
94;2021-09-08;1462;2875;496;960901;907306;4401;68.3;64.5;0.3
94;2021-09-09;1172;2424;638;962073;909730;5039;68.4;64.7;0.4
94;2021-09-10;1589;3017;742;963662;912747;5781;68.5;64.9;0.4
94;2021-09-11;1571;3693;258;965233;916440;6039;68.6;65.2;0.4
94;2021-09-12;383;924;92;965616;917364;6131;68.7;65.2;0.4
94;2021-09-13;1195;2095;678;966811;919459;6809;68.8;65.4;0.5
94;2021-09-14;1256;2072;1031;968067;921531;7840;68.9;65.5;0.6
94;2021-09-15;1314;2720;932;969381;924251;8772;68.9;65.7;0.6
94;2021-09-16;997;1782;1102;970378;926033;9874;69.0;65.9;0.7
94;2021-09-17;1186;2295;888;971564;928328;10762;69.1;66.0;0.8
94;2021-09-18;1072;3187;332;972636;931515;11094;69.2;66.3;0.8
94;2021-09-19;265;748;164;972901;932263;11258;69.2;66.3;0.8
94;2021-09-20;812;1646;768;973713;933909;12026;69.3;66.4;0.9
94;2021-09-21;902;1623;954;974615;935532;12980;69.3;66.5;0.9
94;2021-09-22;915;2199;706;975530;937731;13686;69.4;66.7;1.0
94;2021-09-23;767;1455;850;976297;939186;14536;69.4;66.8;1.0
94;2021-09-24;979;1899;821;977276;941085;15357;69.5;66.9;1.1
94;2021-09-25;927;2801;370;978203;943886;15727;69.6;67.1;1.1
94;2021-09-26;231;619;92;978434;944505;15819;69.6;67.2;1.1
94;2021-09-27;636;1368;758;979070;945873;16577;69.6;67.3;1.2
94;2021-09-28;687;1275;872;979757;947148;17449;69.7;67.4;1.2
94;2021-09-29;806;1560;689;980563;948708;18138;69.7;67.5;1.3
94;2021-09-30;949;1139;1010;981512;949847;19148;69.8;67.6;1.4
94;2021-10-01;1315;1605;977;982827;951452;20125;69.9;67.7;1.4
94;2021-10-02;1024;2003;446;983851;953455;20571;70.0;67.8;1.5
94;2021-10-03;217;431;101;984068;953886;20672;70.0;67.8;1.5
94;2021-10-04;656;1035;979;984724;954921;21651;70.0;67.9;1.5
94;2021-10-05;663;1066;933;985387;955987;22584;70.1;68.0;1.6
94;2021-10-06;686;1222;1006;986073;957209;23590;70.1;68.1;1.7
94;2021-10-07;615;993;1282;986688;958202;24872;70.2;68.1;1.8
94;2021-10-08;952;1445;1346;987640;959647;26218;70.2;68.3;1.9
94;2021-10-09;825;1497;634;988465;961144;26852;70.3;68.4;1.9
94;2021-10-10;187;360;241;988652;961504;27093;70.3;68.4;1.9
94;2021-10-11;580;941;1184;989232;962445;28277;70.4;68.5;2.0
94;2021-10-12;634;1088;1345;989866;963533;29622;70.4;68.5;2.1
94;2021-10-13;737;1069;1180;990603;964602;30802;70.5;68.6;2.2
94;2021-10-14;636;1022;1531;991239;965624;32333;70.5;68.7;2.3
94;2021-10-15;868;1276;1617;992107;966900;33950;70.6;68.8;2.4
94;2021-10-16;810;1249;882;992917;968149;34832;70.6;68.9;2.5
94;2021-10-17;172;284;186;993089;968433;35018;70.6;68.9;2.5
94;2021-10-18;483;804;1531;993572;969237;36549;70.7;68.9;2.6
94;2021-10-19;341;710;1523;993913;969947;38072;70.7;69.0;2.7
94;2021-10-20;398;819;1662;994311;970766;39734;70.7;69.0;2.8
94;2021-10-21;341;788;1848;994652;971554;41582;70.7;69.1;3.0
94;2021-10-22;425;1108;1996;995077;972662;43578;70.8;69.2;3.1
94;2021-10-23;462;1001;1240;995539;973663;44818;70.8;69.2;3.2
94;2021-10-24;95;185;294;995634;973848;45112;70.8;69.3;3.2
94;2021-10-25;313;550;1608;995947;974398;46720;70.8;69.3;3.3
94;2021-10-26;304;553;1806;996251;974951;48526;70.9;69.3;3.5
94;2021-10-27;306;624;1595;996557;975575;50121;70.9;69.4;3.6
94;2021-10-28;312;584;1936;996869;976159;52057;70.9;69.4;3.7
94;2021-10-29;314;683;1887;997183;976842;53944;70.9;69.5;3.8
94;2021-10-30;303;648;1158;997486;977490;55102;70.9;69.5;3.9
94;2021-10-31;65;151;255;997551;977641;55357;70.9;69.5;3.9
94;2021-11-01;75;85;65;997626;977726;55422;71.0;69.5;3.9
94;2021-11-02;299;678;1831;997925;978404;57253;71.0;69.6;4.1
94;2021-11-03;290;590;1765;998215;978994;59018;71.0;69.6;4.2
94;2021-11-04;295;579;2206;998510;979573;61224;71.0;69.7;4.4
94;2021-11-05;298;595;2184;998808;980168;63408;71.0;69.7;4.5
94;2021-11-06;308;655;1428;999116;980823;64836;71.1;69.8;4.6
94;2021-11-07;73;152;450;999189;980975;65286;71.1;69.8;4.6
94;2021-11-08;184;496;2058;999373;981471;67344;71.1;69.8;4.8
94;2021-11-09;249;590;2903;999622;982061;70247;71.1;69.8;5.0
94;2021-11-10;342;606;2998;999964;982667;73245;71.1;69.9;5.2
94;2021-11-11;25;89;211;999989;982756;73456;71.1;69.9;5.2
94;2021-11-12;327;630;3325;1000316;983386;76781;71.1;69.9;5.5
94;2021-11-13;327;556;1931;1000643;983942;78712;71.2;70.0;5.6
94;2021-11-14;59;125;380;1000702;984067;79092;71.2;70.0;5.6
94;2021-11-15;180;346;2627;1000882;984413;81719;71.2;70.0;5.8
94;2021-11-16;246;388;3393;1001128;984801;85112;71.2;70.0;6.1
94;2021-11-17;330;497;2918;1001458;985298;88030;71.2;70.1;6.3
94;2021-11-18;291;399;3439;1001749;985697;91469;71.2;70.1;6.5
94;2021-11-19;351;487;3805;1002100;986184;95274;71.3;70.1;6.8
94;2021-11-20;420;558;2265;1002520;986742;97539;71.3;70.2;6.9
94;2021-11-21;71;80;427;1002591;986822;97966;71.3;70.2;7.0
94;2021-11-22;209;318;2853;1002800;987140;100819;71.3;70.2;7.2
94;2021-11-23;246;325;3547;1003046;987465;104366;71.3;70.2;7.4
94;2021-11-24;349;424;3480;1003395;987889;107846;71.4;70.3;7.7
94;2021-11-25;284;357;4704;1003679;988246;112550;71.4;70.3;8.0
94;2021-11-26;345;444;6698;1004024;988690;119248;71.4;70.3;8.5
94;2021-11-27;319;424;5482;1004343;989114;124730;71.4;70.3;8.9
94;2021-11-28;64;88;1929;1004407;989202;126659;71.4;70.4;9.0
94;2021-11-29;153;275;6031;1004560;989477;132690;71.4;70.4;9.4
94;2021-11-30;245;368;9258;1004805;989845;141948;71.5;70.4;10.1
94;2021-12-01;250;432;9529;1005055;990277;151477;71.5;70.4;10.8
94;2021-12-02;218;261;10299;1005273;990538;161776;71.5;70.4;11.5
94;2021-12-03;228;419;11096;1005501;990957;172872;71.5;70.5;12.3
94;2021-12-04;212;418;8606;1005713;991375;181478;71.5;70.5;12.9
94;2021-12-05;69;103;2867;1005782;991478;184345;71.5;70.5;13.1
94;2021-12-06;175;338;9854;1005957;991816;194199;71.5;70.5;13.8
94;2021-12-07;245;391;12882;1006202;992207;207081;71.6;70.6;14.7
94;2021-12-08;245;395;11673;1006447;992602;218754;71.6;70.6;15.6
94;2021-12-09;263;380;13034;1006710;992982;231788;71.6;70.6;16.5
94;2021-12-10;249;477;13584;1006959;993459;245372;71.6;70.7;17.5
94;2021-12-11;252;457;10828;1007211;993916;256200;71.6;70.7;18.2
94;2021-12-12;91;121;5153;1007302;994037;261353;71.6;70.7;18.6
94;2021-12-13;195;323;11666;1007497;994360;273019;71.7;70.7;19.4
94;2021-12-14;254;398;14670;1007751;994758;287689;71.7;70.7;20.5
94;2021-12-15;307;496;13103;1008058;995254;300792;71.7;70.8;21.4
95;2020-12-27;8;0;0;8;0;0;0.0;0.0;0.0
95;2020-12-28;5;0;0;13;0;0;0.0;0.0;0.0
95;2020-12-29;2;0;0;15;0;0;0.0;0.0;0.0
95;2020-12-30;3;0;0;18;0;0;0.0;0.0;0.0
95;2020-12-31;5;0;0;23;0;0;0.0;0.0;0.0
95;2021-01-01;1;0;0;24;0;0;0.0;0.0;0.0
95;2021-01-02;14;0;0;38;0;0;0.0;0.0;0.0
95;2021-01-03;3;0;0;41;0;0;0.0;0.0;0.0
95;2021-01-04;62;0;0;103;0;0;0.0;0.0;0.0
95;2021-01-05;300;1;0;403;1;0;0.0;0.0;0.0
95;2021-01-06;207;1;0;610;2;0;0.0;0.0;0.0
95;2021-01-07;252;3;0;862;5;0;0.1;0.0;0.0
95;2021-01-08;433;3;0;1295;8;0;0.1;0.0;0.0
95;2021-01-09;279;0;0;1574;8;0;0.1;0.0;0.0
95;2021-01-10;334;2;0;1908;10;0;0.2;0.0;0.0
95;2021-01-11;577;13;0;2485;23;0;0.2;0.0;0.0
95;2021-01-12;846;6;0;3331;29;0;0.3;0.0;0.0
95;2021-01-13;862;16;0;4193;45;0;0.3;0.0;0.0
95;2021-01-14;891;15;0;5084;60;0;0.4;0.0;0.0
95;2021-01-15;870;16;0;5954;76;0;0.5;0.0;0.0
95;2021-01-16;303;4;0;6257;80;0;0.5;0.0;0.0
95;2021-01-17;138;1;0;6395;81;0;0.5;0.0;0.0
95;2021-01-18;1309;10;0;7704;91;0;0.6;0.0;0.0
95;2021-01-19;1542;15;0;9246;106;0;0.7;0.0;0.0
95;2021-01-20;1912;11;0;11158;117;0;0.9;0.0;0.0
95;2021-01-21;1858;10;0;13016;127;0;1.0;0.0;0.0
95;2021-01-22;1496;13;0;14512;140;0;1.2;0.0;0.0
95;2021-01-23;564;1;0;15076;141;0;1.2;0.0;0.0
95;2021-01-24;160;0;0;15236;141;0;1.2;0.0;0.0
95;2021-01-25;809;42;0;16045;183;0;1.3;0.0;0.0
95;2021-01-26;1017;152;0;17062;335;0;1.4;0.0;0.0
95;2021-01-27;1277;141;0;18339;476;0;1.5;0.0;0.0
95;2021-01-28;1574;65;0;19913;541;0;1.6;0.0;0.0
95;2021-01-29;1192;193;0;21105;734;0;1.7;0.1;0.0
95;2021-01-30;450;5;0;21555;739;0;1.7;0.1;0.0
95;2021-01-31;170;2;0;21725;741;0;1.7;0.1;0.0
95;2021-02-01;495;253;0;22220;994;0;1.8;0.1;0.0
95;2021-02-02;552;253;0;22772;1247;0;1.8;0.1;0.0
95;2021-02-03;597;461;0;23369;1708;0;1.9;0.1;0.0
95;2021-02-04;949;408;0;24318;2116;0;1.9;0.2;0.0
95;2021-02-05;656;370;0;24974;2486;0;2.0;0.2;0.0
95;2021-02-06;352;232;0;25326;2718;0;2.0;0.2;0.0
95;2021-02-07;126;311;0;25452;3029;0;2.0;0.2;0.0
95;2021-02-08;694;426;0;26146;3455;0;2.1;0.3;0.0
95;2021-02-09;1003;1039;0;27149;4494;0;2.2;0.4;0.0
95;2021-02-10;1143;1373;0;28292;5867;0;2.3;0.5;0.0
95;2021-02-11;1294;1269;0;29586;7136;0;2.4;0.6;0.0
95;2021-02-12;1007;1062;0;30593;8198;0;2.5;0.7;0.0
95;2021-02-13;332;328;0;30925;8526;0;2.5;0.7;0.0
95;2021-02-14;41;102;0;30966;8628;0;2.5;0.7;0.0
95;2021-02-15;365;1062;0;31331;9690;0;2.5;0.8;0.0
95;2021-02-16;502;1055;0;31833;10745;0;2.5;0.9;0.0
95;2021-02-17;589;1141;0;32422;11886;0;2.6;1.0;0.0
95;2021-02-18;727;1659;0;33149;13545;0;2.7;1.1;0.0
95;2021-02-19;770;1330;0;33919;14875;0;2.7;1.2;0.0
95;2021-02-20;286;496;0;34205;15371;0;2.7;1.2;0.0
95;2021-02-21;116;238;0;34321;15609;0;2.7;1.3;0.0
95;2021-02-22;312;944;0;34633;16553;0;2.8;1.3;0.0
95;2021-02-23;355;790;0;34988;17343;0;2.8;1.4;0.0
95;2021-02-24;358;886;0;35346;18229;0;2.8;1.5;0.0
95;2021-02-25;725;1151;0;36071;19380;0;2.9;1.6;0.0
95;2021-02-26;1080;887;0;37151;20267;0;3.0;1.6;0.0
95;2021-02-27;384;411;0;37535;20678;0;3.0;1.7;0.0
95;2021-02-28;51;171;0;37586;20849;0;3.0;1.7;0.0
95;2021-03-01;781;542;0;38367;21391;0;3.1;1.7;0.0
95;2021-03-02;1333;842;0;39700;22233;0;3.2;1.8;0.0
95;2021-03-03;1571;916;0;41271;23149;0;3.3;1.9;0.0
95;2021-03-04;3063;1179;0;44334;24328;0;3.6;1.9;0.0
95;2021-03-05;3465;1062;0;47799;25390;0;3.8;2.0;0.0
95;2021-03-06;3741;489;0;51540;25879;0;4.1;2.1;0.0
95;2021-03-07;3658;328;0;55198;26207;0;4.4;2.1;0.0
95;2021-03-08;1441;805;0;56639;27012;0;4.5;2.2;0.0
95;2021-03-09;2525;538;0;59164;27550;0;4.7;2.2;0.0
95;2021-03-10;2501;858;0;61665;28408;0;4.9;2.3;0.0
95;2021-03-11;3209;1138;0;64874;29546;0;5.2;2.4;0.0
95;2021-03-12;3688;877;0;68562;30423;0;5.5;2.4;0.0
95;2021-03-13;3411;431;0;71973;30854;0;5.8;2.5;0.0
95;2021-03-14;1616;241;0;73589;31095;0;5.9;2.5;0.0
95;2021-03-15;2280;355;0;75869;31450;0;6.1;2.5;0.0
95;2021-03-16;1657;413;0;77526;31863;0;6.2;2.6;0.0
95;2021-03-17;2076;411;0;79602;32274;0;6.4;2.6;0.0
95;2021-03-18;2591;398;0;82193;32672;0;6.6;2.6;0.0
95;2021-03-19;3392;373;0;85585;33045;0;6.9;2.6;0.0
95;2021-03-20;2657;213;0;88242;33258;0;7.1;2.7;0.0
95;2021-03-21;948;212;0;89190;33470;0;7.1;2.7;0.0
95;2021-03-22;2821;326;0;92011;33796;0;7.4;2.7;0.0
95;2021-03-23;3525;459;0;95536;34255;0;7.7;2.7;0.0
95;2021-03-24;3619;493;0;99155;34748;0;7.9;2.8;0.0
95;2021-03-25;5559;648;0;104714;35396;0;8.4;2.8;0.0
95;2021-03-26;5424;673;0;110138;36069;0;8.8;2.9;0.0
95;2021-03-27;3329;219;0;113467;36288;0;9.1;2.9;0.0
95;2021-03-28;1052;72;0;114519;36360;0;9.2;2.9;0.0
95;2021-03-29;2807;585;0;117326;36945;0;9.4;3.0;0.0
95;2021-03-30;3920;1190;0;121246;38135;0;9.7;3.1;0.0
95;2021-03-31;3805;1576;0;125051;39711;0;10.0;3.2;0.0
95;2021-04-01;4904;2201;0;129955;41912;0;10.4;3.4;0.0
95;2021-04-02;3642;2587;0;133597;44499;0;10.7;3.6;0.0
95;2021-04-03;2104;2269;0;135701;46768;0;10.9;3.7;0.0
95;2021-04-04;884;950;0;136585;47718;0;10.9;3.8;0.0
95;2021-04-05;684;88;0;137269;47806;0;11.0;3.8;0.0
95;2021-04-06;2309;1463;0;139578;49269;0;11.2;3.9;0.0
95;2021-04-07;4448;1982;0;144026;51251;0;11.5;4.1;0.0
95;2021-04-08;4967;2272;0;148993;53523;0;11.9;4.3;0.0
95;2021-04-09;5761;2192;0;154754;55715;0;12.4;4.5;0.0
95;2021-04-10;3697;1412;0;158451;57127;0;12.7;4.6;0.0
95;2021-04-11;1137;800;0;159588;57927;0;12.8;4.6;0.0
95;2021-04-12;3084;1610;0;162672;59537;0;13.0;4.8;0.0
95;2021-04-13;3368;1863;0;166040;61400;0;13.3;4.9;0.0
95;2021-04-14;3174;2008;0;169214;63408;0;13.6;5.1;0.0
95;2021-04-15;4140;2949;0;173354;66357;0;13.9;5.3;0.0
95;2021-04-16;4338;2824;0;177692;69181;0;14.2;5.5;0.0
95;2021-04-17;2487;1785;0;180179;70966;0;14.4;5.7;0.0
95;2021-04-18;1056;745;0;181235;71711;0;14.5;5.7;0.0
95;2021-04-19;2542;2192;0;183777;73903;0;14.7;5.9;0.0
95;2021-04-20;2511;2397;0;186288;76300;0;14.9;6.1;0.0
95;2021-04-21;3968;2524;0;190256;78824;0;15.2;6.3;0.0
95;2021-04-22;3555;4071;0;193811;82895;0;15.5;6.6;0.0
95;2021-04-23;3274;3384;0;197085;86279;0;15.8;6.9;0.0
95;2021-04-24;3621;2372;0;200706;88651;0;16.1;7.1;0.0
95;2021-04-25;1860;1034;0;202566;89685;0;16.2;7.2;0.0
95;2021-04-26;3037;2488;0;205603;92173;0;16.5;7.4;0.0
95;2021-04-27;4177;2333;0;209780;94506;0;16.8;7.6;0.0
95;2021-04-28;4211;2825;0;213991;97331;0;17.1;7.8;0.0
95;2021-04-29;6085;4107;0;220076;101438;0;17.6;8.1;0.0
95;2021-04-30;6633;3065;0;226709;104503;0;18.2;8.4;0.0
95;2021-05-01;2464;894;0;229173;105397;0;18.4;8.4;0.0
95;2021-05-02;1938;948;0;231111;106345;0;18.5;8.5;0.0
95;2021-05-03;4882;2705;0;235993;109050;0;18.9;8.7;0.0
95;2021-05-04;5965;2986;0;241958;112036;0;19.4;9.0;0.0
95;2021-05-05;5206;3755;0;247164;115791;0;19.8;9.3;0.0
95;2021-05-06;7206;4531;0;254370;120322;0;20.4;9.6;0.0
95;2021-05-07;5616;4661;0;259986;124983;0;20.8;10.0;0.0
95;2021-05-08;4994;1725;0;264980;126708;0;21.2;10.2;0.0
95;2021-05-09;2577;1415;0;267557;128123;0;21.4;10.3;0.0
95;2021-05-10;8021;3048;0;275578;131171;0;22.1;10.5;0.0
95;2021-05-11;7460;3559;0;283038;134730;0;22.7;10.8;0.0
95;2021-05-12;8288;3249;0;291326;137979;0;23.3;11.1;0.0
95;2021-05-13;6409;1153;0;297735;139132;0;23.9;11.1;0.0
95;2021-05-14;6630;2060;0;304365;141192;0;24.4;11.3;0.0
95;2021-05-15;4655;1243;0;309020;142435;0;24.8;11.4;0.0
95;2021-05-16;3899;743;0;312919;143178;0;25.1;11.5;0.0
95;2021-05-17;6264;1381;0;319183;144559;0;25.6;11.6;0.0
95;2021-05-18;8074;1779;0;327257;146338;0;26.2;11.7;0.0
95;2021-05-19;8312;2662;0;335569;149000;0;26.9;11.9;0.0
95;2021-05-20;10185;2476;0;345754;151476;0;27.7;12.1;0.0
95;2021-05-21;9038;2514;0;354792;153990;0;28.4;12.3;0.0
95;2021-05-22;7832;1513;0;362624;155503;0;29.0;12.5;0.0
95;2021-05-23;3563;868;0;366187;156371;0;29.3;12.5;0.0
95;2021-05-24;2980;604;0;369167;156975;0;29.6;12.6;0.0
95;2021-05-25;6725;2339;0;375892;159314;0;30.1;12.8;0.0
95;2021-05-26;7790;3050;0;383682;162364;0;30.7;13.0;0.0
95;2021-05-27;8832;4362;0;392514;166726;0;31.4;13.4;0.0
95;2021-05-28;6967;4528;0;399481;171254;0;32.0;13.7;0.0
95;2021-05-29;4942;2895;0;404423;174149;0;32.4;14.0;0.0
95;2021-05-30;2945;1296;0;407368;175445;0;32.6;14.1;0.0
95;2021-05-31;5232;3366;0;412600;178811;0;33.1;14.3;0.0
95;2021-06-01;7416;4114;0;420016;182925;0;33.6;14.7;0.0
95;2021-06-02;7382;4478;0;427398;187403;0;34.2;15.0;0.0
95;2021-06-03;7278;6028;0;434676;193431;0;34.8;15.5;0.0
95;2021-06-04;7652;4759;0;442328;198190;0;35.4;15.9;0.0
95;2021-06-05;6571;3895;0;448899;202085;0;36.0;16.2;0.0
95;2021-06-06;3241;1411;0;452140;203496;0;36.2;16.3;0.0
95;2021-06-07;5106;4637;0;457246;208133;0;36.6;16.7;0.0
95;2021-06-08;5887;5524;0;463133;213657;0;37.1;17.1;0.0
95;2021-06-09;5829;6268;0;468962;219925;0;37.6;17.6;0.0
95;2021-06-10;5993;7250;0;474955;227175;0;38.0;18.2;0.0
95;2021-06-11;6127;6427;0;481082;233602;0;38.5;18.7;0.0
95;2021-06-12;5201;4201;0;486283;237803;0;39.0;19.0;0.0
95;2021-06-13;1827;2763;0;488110;240566;0;39.1;19.3;0.0
95;2021-06-14;4016;5852;0;492126;246418;0;39.4;19.7;0.0
95;2021-06-15;4238;7679;0;496364;254097;0;39.8;20.4;0.0
95;2021-06-16;4982;7255;0;501346;261352;0;40.2;20.9;0.0
95;2021-06-17;5713;7697;0;507059;269049;0;40.6;21.6;0.0
95;2021-06-18;5150;7726;0;512209;276775;0;41.0;22.2;0.0
95;2021-06-19;4332;7757;0;516541;284532;0;41.4;22.8;0.0
95;2021-06-20;1239;2985;0;517780;287517;0;41.5;23.0;0.0
95;2021-06-21;2966;7069;0;520746;294586;0;41.7;23.6;0.0
95;2021-06-22;4208;8443;0;524954;303029;0;42.1;24.3;0.0
95;2021-06-23;4140;9901;0;529094;312930;0;42.4;25.1;0.0
95;2021-06-24;4275;9445;0;533369;322375;0;42.7;25.8;0.0
95;2021-06-25;4297;9680;0;537666;332055;0;43.1;26.6;0.0
95;2021-06-26;3630;7833;0;541296;339888;0;43.4;27.2;0.0
95;2021-06-27;836;3437;0;542132;343325;0;43.4;27.5;0.0
95;2021-06-28;2408;8102;0;544540;351427;0;43.6;28.2;0.0
95;2021-06-29;2466;8126;0;547006;359553;0;43.8;28.8;0.0
95;2021-06-30;3654;9393;0;550660;368946;0;44.1;29.6;0.0
95;2021-07-01;4295;9990;0;554955;378936;0;44.5;30.4;0.0
95;2021-07-02;4213;9656;0;559168;388592;0;44.8;31.1;0.0
95;2021-07-03;3305;8292;0;562473;396884;0;45.1;31.8;0.0
95;2021-07-04;1045;3068;0;563518;399952;0;45.1;32.0;0.0
95;2021-07-05;2700;4945;0;566218;404897;0;45.4;32.4;0.0
95;2021-07-06;2939;7578;0;569157;412475;0;45.6;33.0;0.0
95;2021-07-07;3989;9017;0;573146;421492;0;45.9;33.8;0.0
95;2021-07-08;4809;9211;0;577955;430703;0;46.3;34.5;0.0
95;2021-07-09;4707;9650;0;582662;440353;0;46.7;35.3;0.0
95;2021-07-10;3458;7002;0;586120;447355;0;47.0;35.8;0.0
95;2021-07-11;1303;2950;0;587423;450305;0;47.1;36.1;0.0
95;2021-07-12;3243;8636;0;590666;458941;0;47.3;36.8;0.0
95;2021-07-13;6033;9777;0;596699;468718;0;47.8;37.5;0.0
95;2021-07-14;4989;5346;0;601688;474064;0;48.2;38.0;0.0
95;2021-07-15;7670;11321;0;609358;485385;0;48.8;38.9;0.0
95;2021-07-16;8561;11132;0;617919;496517;0;49.5;39.8;0.0
95;2021-07-17;5535;7465;0;623454;503982;0;49.9;40.4;0.0
95;2021-07-18;3308;2591;0;626762;506573;0;50.2;40.6;0.0
95;2021-07-19;5446;6556;0;632208;513129;0;50.6;41.1;0.0
95;2021-07-20;7051;8098;0;639259;521227;0;51.2;41.8;0.0
95;2021-07-21;9208;8878;0;648467;530105;0;51.9;42.5;0.0
95;2021-07-22;10004;9187;0;658471;539292;0;52.7;43.2;0.0
95;2021-07-23;10516;9645;0;668987;548937;0;53.6;44.0;0.0
95;2021-07-24;5627;6222;0;674614;555159;0;54.0;44.5;0.0
95;2021-07-25;2595;2250;0;677209;557409;0;54.2;44.7;0.0
95;2021-07-26;5480;4754;0;682689;562163;0;54.7;45.0;0.0
95;2021-07-27;8614;6951;0;691303;569114;0;55.4;45.6;0.0
95;2021-07-28;9487;7280;0;700790;576394;0;56.1;46.2;0.0
95;2021-07-29;8538;5846;0;709328;582240;0;56.8;46.6;0.0
95;2021-07-30;8493;7157;0;717821;589397;0;57.5;47.2;0.0
95;2021-07-31;4513;3686;0;722334;593083;0;57.9;47.5;0.0
95;2021-08-01;2023;1318;0;724357;594401;0;58.0;47.6;0.0
95;2021-08-02;4842;3958;0;729199;598359;0;58.4;47.9;0.0
95;2021-08-03;5852;5415;0;735051;603774;0;58.9;48.4;0.0
95;2021-08-04;5951;5502;0;741002;609276;0;59.4;48.8;0.0
95;2021-08-05;5855;5156;0;746857;614432;0;59.8;49.2;0.0
95;2021-08-06;5838;6437;0;752695;620869;0;60.3;49.7;0.0
95;2021-08-07;2781;3389;0;755476;624258;0;60.5;50.0;0.0
95;2021-08-08;1180;1894;0;756656;626152;0;60.6;50.2;0.0
95;2021-08-09;4032;4978;0;760688;631130;0;60.9;50.6;0.0
95;2021-08-10;4887;5585;0;765575;636715;0;61.3;51.0;0.0
95;2021-08-11;4639;6142;0;770214;642857;0;61.7;51.5;0.0
95;2021-08-12;4442;6363;0;774656;649220;0;62.1;52.0;0.0
95;2021-08-13;3539;5244;0;778195;654464;0;62.3;52.4;0.0
95;2021-08-14;3070;3741;0;781265;658205;0;62.6;52.7;0.0
95;2021-08-15;409;570;0;781674;658775;0;62.6;52.8;0.0
95;2021-08-16;2756;6040;0;784430;664815;0;62.8;53.3;0.0
95;2021-08-17;3233;6891;0;787663;671706;0;63.1;53.8;0.0
95;2021-08-18;3643;7524;0;791306;679230;0;63.4;54.4;0.0
95;2021-08-19;3127;6277;0;794433;685507;0;63.6;54.9;0.0
95;2021-08-20;3234;7315;0;797667;692822;0;63.9;55.5;0.0
95;2021-08-21;2299;4239;0;799966;697061;0;64.1;55.8;0.0
95;2021-08-22;609;1879;0;800575;698940;0;64.1;56.0;0.0
95;2021-08-23;2322;5971;0;802897;704911;0;64.3;56.5;0.0
95;2021-08-24;2608;6337;0;805505;711248;0;64.5;57.0;0.0
95;2021-08-25;3286;7473;1;808791;718721;1;64.8;57.6;0.0
95;2021-08-26;2623;6600;0;811414;725321;1;65.0;58.1;0.0
95;2021-08-27;2965;7601;0;814379;732922;1;65.2;58.7;0.0
95;2021-08-28;2406;5012;0;816785;737934;1;65.4;59.1;0.0
95;2021-08-29;534;1379;0;817319;739313;1;65.5;59.2;0.0
95;2021-08-30;2424;5702;83;819743;745015;84;65.7;59.7;0.0
95;2021-08-31;2395;5716;206;822138;750731;290;65.9;60.1;0.0
95;2021-09-01;2850;5295;443;824988;756026;733;66.1;60.6;0.1
95;2021-09-02;1886;3919;413;826874;759945;1146;66.2;60.9;0.1
95;2021-09-03;2143;4810;472;829017;764755;1618;66.4;61.3;0.1
95;2021-09-04;2251;4746;218;831268;769501;1836;66.6;61.6;0.1
95;2021-09-05;429;700;24;831697;770201;1860;66.6;61.7;0.1
95;2021-09-06;1266;2898;407;832963;773099;2267;66.7;61.9;0.2
95;2021-09-07;1369;2899;339;834332;775998;2606;66.8;62.2;0.2
95;2021-09-08;1592;3374;362;835924;779372;2968;67.0;62.4;0.2
95;2021-09-09;1197;2794;447;837121;782166;3415;67.1;62.7;0.3
95;2021-09-10;1597;3079;496;838718;785245;3911;67.2;62.9;0.3
95;2021-09-11;1421;3232;245;840139;788477;4156;67.3;63.2;0.3
95;2021-09-12;285;552;105;840424;789029;4261;67.3;63.2;0.3
95;2021-09-13;1178;2185;442;841602;791214;4703;67.4;63.4;0.4
95;2021-09-14;1201;2138;609;842803;793352;5312;67.5;63.6;0.4
95;2021-09-15;1396;3254;771;844199;796606;6083;67.6;63.8;0.5
95;2021-09-16;880;1721;599;845079;798327;6682;67.7;64.0;0.5
95;2021-09-17;1193;2711;672;846272;801038;7354;67.8;64.2;0.6
95;2021-09-18;1186;3622;242;847458;804660;7596;67.9;64.5;0.6
95;2021-09-19;231;544;48;847689;805204;7644;67.9;64.5;0.6
95;2021-09-20;694;1398;589;848383;806602;8233;68.0;64.6;0.7
95;2021-09-21;777;1623;942;849160;808225;9175;68.0;64.7;0.7
95;2021-09-22;936;2741;625;850096;810966;9800;68.1;65.0;0.8
95;2021-09-23;769;1225;687;850865;812191;10487;68.2;65.1;0.8
95;2021-09-24;793;2004;702;851658;814195;11189;68.2;65.2;0.9
95;2021-09-25;1006;3234;337;852664;817429;11526;68.3;65.5;0.9
95;2021-09-26;115;311;31;852779;817740;11557;68.3;65.5;0.9
95;2021-09-27;618;1162;502;853397;818902;12059;68.4;65.6;1.0
95;2021-09-28;681;1271;841;854078;820173;12900;68.4;65.7;1.0
95;2021-09-29;808;1764;664;854886;821937;13564;68.5;65.8;1.1
95;2021-09-30;793;1123;836;855679;823060;14400;68.5;65.9;1.2
95;2021-10-01;1267;1392;838;856946;824452;15238;68.6;66.0;1.2
95;2021-10-02;1266;2110;573;858212;826562;15811;68.7;66.2;1.3
95;2021-10-03;140;244;30;858352;826806;15841;68.8;66.2;1.3
95;2021-10-04;616;887;490;858968;827693;16331;68.8;66.3;1.3
95;2021-10-05;726;1072;878;859694;828765;17209;68.9;66.4;1.4
95;2021-10-06;780;1279;930;860474;830044;18139;68.9;66.5;1.5
95;2021-10-07;541;861;836;861015;830905;18975;69.0;66.6;1.5
95;2021-10-08;875;1350;1170;861890;832255;20145;69.0;66.7;1.6
95;2021-10-09;922;1576;671;862812;833831;20816;69.1;66.8;1.7
95;2021-10-10;150;238;47;862962;834069;20863;69.1;66.8;1.7
95;2021-10-11;482;681;707;863444;834750;21570;69.2;66.9;1.7
95;2021-10-12;535;894;984;863979;835644;22554;69.2;66.9;1.8
95;2021-10-13;797;1133;1102;864776;836777;23656;69.3;67.0;1.9
95;2021-10-14;553;1059;1051;865329;837836;24707;69.3;67.1;2.0
95;2021-10-15;907;1066;1326;866236;838902;26033;69.4;67.2;2.1
95;2021-10-16;839;1238;875;867075;840140;26908;69.5;67.3;2.2
95;2021-10-17;100;198;123;867175;840338;27031;69.5;67.3;2.2
95;2021-10-18;436;623;517;867611;840961;27548;69.5;67.4;2.2
95;2021-10-19;530;812;1225;868141;841773;28773;69.5;67.4;2.3
95;2021-10-20;510;825;1202;868651;842598;29975;69.6;67.5;2.4
95;2021-10-21;373;664;1234;869024;843262;31209;69.6;67.5;2.5
95;2021-10-22;574;1085;1383;869598;844347;32592;69.7;67.6;2.6
95;2021-10-23;618;1105;998;870216;845452;33590;69.7;67.7;2.7
95;2021-10-24;84;148;89;870300;845600;33679;69.7;67.7;2.7
95;2021-10-25;325;490;611;870625;846090;34290;69.7;67.8;2.7
95;2021-10-26;460;643;1310;871085;846733;35600;69.8;67.8;2.9
95;2021-10-27;465;735;1555;871550;847468;37155;69.8;67.9;3.0
95;2021-10-28;405;707;1526;871955;848175;38681;69.8;67.9;3.1
95;2021-10-29;499;759;1518;872454;848934;40199;69.9;68.0;3.2
95;2021-10-30;444;787;1038;872898;849721;41237;69.9;68.1;3.3
95;2021-10-31;87;155;56;872985;849876;41293;69.9;68.1;3.3
95;2021-11-01;157;147;127;873142;850023;41420;69.9;68.1;3.3
95;2021-11-02;445;671;1172;873587;850694;42592;70.0;68.1;3.4
95;2021-11-03;422;671;1340;874009;851365;43932;70.0;68.2;3.5
95;2021-11-04;352;569;1466;874361;851934;45398;70.0;68.2;3.6
95;2021-11-05;415;725;1611;874776;852659;47009;70.1;68.3;3.8
95;2021-11-06;443;839;1166;875219;853498;48175;70.1;68.4;3.9
95;2021-11-07;70;159;115;875289;853657;48290;70.1;68.4;3.9
95;2021-11-08;212;417;1045;875501;854074;49335;70.1;68.4;4.0
95;2021-11-09;384;666;2279;875885;854740;51614;70.2;68.5;4.1
95;2021-11-10;428;707;2695;876313;855447;54309;70.2;68.5;4.4
95;2021-11-11;148;187;684;876461;855634;54993;70.2;68.5;4.4
95;2021-11-12;473;834;3016;876934;856468;58009;70.2;68.6;4.6
95;2021-11-13;424;731;1480;877358;857199;59489;70.3;68.7;4.8
95;2021-11-14;99;133;159;877457;857332;59648;70.3;68.7;4.8
95;2021-11-15;229;399;1446;877686;857731;61094;70.3;68.7;4.9
95;2021-11-16;395;599;2942;878081;858330;64036;70.3;68.8;5.1
95;2021-11-17;390;610;2655;878471;858940;66691;70.4;68.8;5.3
95;2021-11-18;339;504;2603;878810;859444;69294;70.4;68.8;5.6
95;2021-11-19;491;745;3465;879301;860189;72759;70.4;68.9;5.8
95;2021-11-20;495;710;1606;879796;860899;74365;70.5;69.0;6.0
95;2021-11-21;71;192;331;879867;861091;74696;70.5;69.0;6.0
95;2021-11-22;247;390;1809;880114;861481;76505;70.5;69.0;6.1
95;2021-11-23;400;517;3205;880514;861998;79710;70.5;69.1;6.4
95;2021-11-24;440;624;2996;880954;862622;82706;70.6;69.1;6.6
95;2021-11-25;400;480;3474;881354;863102;86180;70.6;69.1;6.9
95;2021-11-26;448;616;5949;881802;863718;92129;70.6;69.2;7.4
95;2021-11-27;396;605;4713;882198;864323;96842;70.7;69.2;7.8
95;2021-11-28;140;168;1267;882338;864491;98109;70.7;69.3;7.9
95;2021-11-29;186;312;3820;882524;864803;101929;70.7;69.3;8.2
95;2021-11-30;283;517;7851;882807;865320;109780;70.7;69.3;8.8
95;2021-12-01;361;557;8591;883168;865877;118371;70.7;69.4;9.5
95;2021-12-02;291;420;10213;883459;866297;128584;70.8;69.4;10.3
95;2021-12-03;403;591;11082;883862;866888;139666;70.8;69.4;11.2
95;2021-12-04;323;549;7725;884185;867437;147391;70.8;69.5;11.8
95;2021-12-05;111;204;3174;884296;867641;150565;70.8;69.5;12.1
95;2021-12-06;180;382;5928;884476;868023;156493;70.9;69.5;12.5
95;2021-12-07;302;512;10863;884778;868535;167356;70.9;69.6;13.4
95;2021-12-08;389;568;10329;885167;869103;177685;70.9;69.6;14.2
95;2021-12-09;327;498;11803;885494;869601;189488;70.9;69.7;15.2
95;2021-12-10;403;590;14290;885897;870191;203778;71.0;69.7;16.3
95;2021-12-11;304;560;9593;886201;870751;213371;71.0;69.8;17.1
95;2021-12-12;174;192;4673;886375;870943;218044;71.0;69.8;17.5
95;2021-12-13;260;443;7972;886635;871386;226016;71.0;69.8;18.1
95;2021-12-14;371;564;12250;887006;871950;238266;71.1;69.8;19.1
95;2021-12-15;392;570;11077;887398;872520;249343;71.1;69.9;20.0
