dep;jour;n_dose1;n_complet;n_rappel;n_cum_dose1;n_cum_complet;n_cum_rappel;couv_dose1;couv_complet;couv_rappel
01;2020-12-27;0;0;0;0;0;0;0.0;0.0;0.0
01;2020-12-28;0;0;0;0;0;0;0.0;0.0;0.0
01;2020-12-29;0;0;0;0;0;0;0.0;0.0;0.0
01;2020-12-30;0;0;0;0;0;0;0.0;0.0;0.0
01;2020-12-31;0;0;0;0;0;0;0.0;0.0;0.0
01;2021-01-01;0;0;0;0;0;0;0.0;0.0;0.0
01;2021-01-02;0;0;0;0;0;0;0.0;0.0;0.0
01;2021-01-03;0;0;0;0;0;0;0.0;0.0;0.0
01;2021-01-04;0;0;0;0;0;0;0.0;0.0;0.0
01;2021-01-05;10;2;0;10;2;0;0.0;0.0;0.0
01;2021-01-06;21;0;0;31;2;0;0.0;0.0;0.0
01;2021-01-07;112;0;0;143;2;0;0.0;0.0;0.0
01;2021-01-08;234;1;0;377;3;0;0.1;0.0;0.0
01;2021-01-09;30;1;0;407;4;0;0.1;0.0;0.0
01;2021-01-10;0;0;0;407;4;0;0.1;0.0;0.0
01;2021-01-11;224;0;0;631;4;0;0.1;0.0;0.0
01;2021-01-12;408;1;0;1039;5;0;0.2;0.0;0.0
01;2021-01-13;534;1;0;1573;6;0;0.2;0.0;0.0
01;2021-01-14;638;6;0;2211;12;0;0.3;0.0;0.0
01;2021-01-15;536;5;0;2747;17;0;0.4;0.0;0.0
01;2021-01-16;222;0;0;2969;17;0;0.5;0.0;0.0
01;2021-01-17;127;0;0;3096;17;0;0.5;0.0;0.0
01;2021-01-18;529;5;0;3625;22;0;0.6;0.0;0.0
01;2021-01-19;1103;3;0;4728;25;0;0.7;0.0;0.0
01;2021-01-20;1348;5;0;6076;30;0;0.9;0.0;0.0
01;2021-01-21;1225;9;0;7301;39;0;1.1;0.0;0.0
01;2021-01-22;828;3;0;8129;42;0;1.2;0.0;0.0
01;2021-01-23;283;2;0;8412;44;0;1.3;0.0;0.0
01;2021-01-24;72;1;0;8484;45;0;1.3;0.0;0.0
01;2021-01-25;635;2;0;9119;47;0;1.4;0.0;0.0
01;2021-01-26;814;5;0;9933;52;0;1.5;0.0;0.0
01;2021-01-27;664;15;0;10597;67;0;1.6;0.0;0.0
01;2021-01-28;753;81;0;11350;148;0;1.7;0.0;0.0
01;2021-01-29;690;140;0;12040;288;0;1.8;0.0;0.0
01;2021-01-30;229;14;0;12269;302;0;1.9;0.0;0.0
01;2021-01-31;57;0;0;12326;302;0;1.9;0.0;0.0
01;2021-02-01;522;130;0;12848;432;0;2.0;0.1;0.0
01;2021-02-02;528;230;0;13376;662;0;2.0;0.1;0.0
01;2021-02-03;450;325;0;13826;987;0;2.1;0.2;0.0
01;2021-02-04;548;484;0;14374;1471;0;2.2;0.2;0.0
01;2021-02-05;471;337;0;14845;1808;0;2.3;0.3;0.0
01;2021-02-06;265;139;0;15110;1947;0;2.3;0.3;0.0
01;2021-02-07;6;103;0;15116;2050;0;2.3;0.3;0.0
01;2021-02-08;553;469;0;15669;2519;0;2.4;0.4;0.0
01;2021-02-09;810;907;0;16479;3426;0;2.5;0.5;0.0
01;2021-02-10;890;763;0;17369;4189;0;2.6;0.6;0.0
01;2021-02-11;852;882;0;18221;5071;0;2.8;0.8;0.0
01;2021-02-12;701;608;0;18922;5679;0;2.9;0.9;0.0
01;2021-02-13;201;175;0;19123;5854;0;2.9;0.9;0.0
01;2021-02-14;6;12;0;19129;5866;0;2.9;0.9;0.0
01;2021-02-15;447;534;0;19576;6400;0;3.0;1.0;0.0
01;2021-02-16;656;499;0;20232;6899;0;3.1;1.1;0.0
01;2021-02-17;534;390;0;20766;7289;0;3.2;1.1;0.0
01;2021-02-18;610;637;0;21376;7926;0;3.3;1.2;0.0
01;2021-02-19;601;332;0;21977;8258;0;3.3;1.3;0.0
01;2021-02-20;170;137;0;22147;8395;0;3.4;1.3;0.0
01;2021-02-21;2;0;0;22149;8395;0;3.4;1.3;0.0
01;2021-02-22;462;639;0;22611;9034;0;3.4;1.4;0.0
01;2021-02-23;484;668;0;23095;9702;0;3.5;1.5;0.0
01;2021-02-24;448;534;0;23543;10236;0;3.6;1.6;0.0
01;2021-02-25;839;692;0;24382;10928;0;3.7;1.7;0.0
01;2021-02-26;969;587;0;25351;11515;0;3.9;1.8;0.0
01;2021-02-27;449;112;0;25800;11627;0;3.9;1.8;0.0
01;2021-02-28;29;8;0;25829;11635;0;3.9;1.8;0.0
01;2021-03-01;651;505;0;26480;12140;0;4.0;1.8;0.0
01;2021-03-02;1065;590;0;27545;12730;0;4.2;1.9;0.0
01;2021-03-03;1072;672;0;28617;13402;0;4.4;2.0;0.0
01;2021-03-04;1380;665;0;29997;14067;0;4.6;2.1;0.0
01;2021-03-05;1517;548;0;31514;14615;0;4.8;2.2;0.0
01;2021-03-06;873;118;0;32387;14733;0;4.9;2.2;0.0
01;2021-03-07;97;3;0;32484;14736;0;4.9;2.2;0.0
01;2021-03-08;846;729;0;33330;15465;0;5.1;2.4;0.0
01;2021-03-09;1517;655;0;34847;16120;0;5.3;2.5;0.0
01;2021-03-10;1316;632;0;36163;16752;0;5.5;2.5;0.0
01;2021-03-11;1919;719;0;38082;17471;0;5.8;2.7;0.0
01;2021-03-12;2331;750;0;40413;18221;0;6.2;2.8;0.0
01;2021-03-13;1683;97;0;42096;18318;0;6.4;2.8;0.0
01;2021-03-14;280;59;0;42376;18377;0;6.5;2.8;0.0
01;2021-03-15;1278;474;0;43654;18851;0;6.6;2.9;0.0
01;2021-03-16;1224;557;0;44878;19408;0;6.8;3.0;0.0
01;2021-03-17;1110;361;0;45988;19769;0;7.0;3.0;0.0
01;2021-03-18;1492;551;0;47480;20320;0;7.2;3.1;0.0
01;2021-03-19;1890;582;0;49370;20902;0;7.5;3.2;0.0
01;2021-03-20;1449;109;0;50819;21011;0;7.7;3.2;0.0
01;2021-03-21;148;12;0;50967;21023;0;7.8;3.2;0.0
01;2021-03-22;1639;534;0;52606;21557;0;8.0;3.3;0.0
01;2021-03-23;2324;656;0;54930;22213;0;8.4;3.4;0.0
01;2021-03-24;1732;487;0;56662;22700;0;8.6;3.5;0.0
01;2021-03-25;3017;661;0;59679;23361;0;9.1;3.6;0.0
01;2021-03-26;3035;590;0;62714;23951;0;9.5;3.6;0.0
01;2021-03-27;1346;144;0;64060;24095;0;9.8;3.7;0.0
01;2021-03-28;79;9;0;64139;24104;0;9.8;3.7;0.0
01;2021-03-29;1932;648;0;66071;24752;0;10.1;3.8;0.0
01;2021-03-30;2539;830;0;68610;25582;0;10.4;3.9;0.0
01;2021-03-31;1970;808;0;70580;26390;0;10.7;4.0;0.0
01;2021-04-01;2720;945;0;73300;27335;0;11.2;4.2;0.0
01;2021-04-02;2920;835;0;76220;28170;0;11.6;4.3;0.0
01;2021-04-03;1356;215;0;77576;28385;0;11.8;4.3;0.0
01;2021-04-04;247;34;0;77823;28419;0;11.8;4.3;0.0
01;2021-04-05;1316;85;0;79139;28504;0;12.0;4.3;0.0
01;2021-04-06;2782;961;0;81921;29465;0;12.5;4.5;0.0
01;2021-04-07;2737;911;0;84658;30376;0;12.9;4.6;0.0
01;2021-04-08;3378;1204;0;88036;31580;0;13.4;4.8;0.0
01;2021-04-09;4034;1506;0;92070;33086;0;14.0;5.0;0.0
01;2021-04-10;1749;360;0;93819;33446;0;14.3;5.1;0.0
01;2021-04-11;156;109;0;93975;33555;0;14.3;5.1;0.0
01;2021-04-12;2728;1341;0;96703;34896;0;14.7;5.3;0.0
01;2021-04-13;2886;1548;0;99589;36444;0;15.2;5.5;0.0
01;2021-04-14;3036;1289;0;102625;37733;0;15.6;5.7;0.0
01;2021-04-15;3139;1552;0;105764;39285;0;16.1;6.0;0.0
01;2021-04-16;2980;1606;0;108744;40891;0;16.6;6.2;0.0
01;2021-04-17;1747;724;0;110491;41615;0;16.8;6.3;0.0
01;2021-04-18;166;61;0;110657;41676;0;16.8;6.3;0.0
01;2021-04-19;2240;1665;0;112897;43341;0;17.2;6.6;0.0
01;2021-04-20;2637;1669;0;115534;45010;0;17.6;6.9;0.0
01;2021-04-21;2726;1519;0;118260;46529;0;18.0;7.1;0.0
01;2021-04-22;2930;1768;0;121190;48297;0;18.4;7.4;0.0
01;2021-04-23;2860;1606;0;124050;49903;0;18.9;7.6;0.0
01;2021-04-24;1337;590;0;125387;50493;0;19.1;7.7;0.0
01;2021-04-25;142;30;0;125529;50523;0;19.1;7.7;0.0
01;2021-04-26;2113;1805;0;127642;52328;0;19.4;8.0;0.0
01;2021-04-27;2654;1656;0;130296;53984;0;19.8;8.2;0.0
01;2021-04-28;2643;1595;0;132939;55579;0;20.2;8.5;0.0
01;2021-04-29;2960;1886;0;135899;57465;0;20.7;8.7;0.0
01;2021-04-30;3278;2398;0;139177;59863;0;21.2;9.1;0.0
01;2021-05-01;1371;793;0;140548;60656;0;21.4;9.2;0.0
01;2021-05-02;673;297;0;141221;60953;0;21.5;9.3;0.0
01;2021-05-03;2572;2655;0;143793;63608;0;21.9;9.7;0.0
01;2021-05-04;2713;2813;0;146506;66421;0;22.3;10.1;0.0
01;2021-05-05;3084;2588;0;149590;69009;0;22.8;10.5;0.0
01;2021-05-06;3499;2732;0;153089;71741;0;23.3;10.9;0.0
01;2021-05-07;3631;2890;0;156720;74631;0;23.9;11.4;0.0
01;2021-05-08;1570;940;0;158290;75571;0;24.1;11.5;0.0
01;2021-05-09;1164;253;0;159454;75824;0;24.3;11.5;0.0
01;2021-05-10;2877;3073;0;162331;78897;0;24.7;12.0;0.0
01;2021-05-11;3993;3136;0;166324;82033;0;25.3;12.5;0.0
01;2021-05-12;4069;3121;0;170393;85154;0;25.9;13.0;0.0
01;2021-05-13;3538;1414;0;173931;86568;0;26.5;13.2;0.0
01;2021-05-14;4457;2401;0;178388;88969;0;27.2;13.5;0.0
01;2021-05-15;3043;1447;0;181431;90416;0;27.6;13.8;0.0
01;2021-05-16;1560;223;0;182991;90639;0;27.9;13.8;0.0
01;2021-05-17;3662;2589;0;186653;93228;0;28.4;14.2;0.0
01;2021-05-18;4288;2227;0;190941;95455;0;29.1;14.5;0.0
01;2021-05-19;4446;2070;0;195387;97525;0;29.7;14.8;0.0
01;2021-05-20;4565;2208;0;199952;99733;0;30.4;15.2;0.0
01;2021-05-21;4490;2377;0;204442;102110;0;31.1;15.5;0.0
01;2021-05-22;3198;1030;0;207640;103140;0;31.6;15.7;0.0
01;2021-05-23;1014;137;0;208654;103277;0;31.8;15.7;0.0
01;2021-05-24;2519;471;0;211173;103748;0;32.1;15.8;0.0
01;2021-05-25;3511;2565;0;214684;106313;0;32.7;16.2;0.0
01;2021-05-26;3620;2384;0;218304;108697;0;33.2;16.5;0.0
01;2021-05-27;3956;2333;0;222260;111030;0;33.8;16.9;0.0
01;2021-05-28;3728;2857;0;225988;113887;0;34.4;17.3;0.0
01;2021-05-29;2825;1525;0;228813;115412;0;34.8;17.6;0.0
01;2021-05-30;720;279;0;229533;115691;0;34.9;17.6;0.0
01;2021-05-31;2919;2564;0;232452;118255;0;35.4;18.0;0.0
01;2021-06-01;3314;2777;0;235766;121032;0;35.9;18.4;0.0
01;2021-06-02;3504;2368;0;239270;123400;0;36.4;18.8;0.0
01;2021-06-03;4094;2625;0;243364;126025;0;37.0;19.2;0.0
01;2021-06-04;4838;3579;0;248202;129604;0;37.8;19.7;0.0
01;2021-06-05;3434;1685;0;251636;131289;0;38.3;20.0;0.0
01;2021-06-06;1100;202;0;252736;131491;0;38.5;20.0;0.0
01;2021-06-07;3971;3070;0;256707;134561;0;39.1;20.5;0.0
01;2021-06-08;4462;3059;0;261169;137620;0;39.8;20.9;0.0
01;2021-06-09;3691;2679;0;264860;140299;0;40.3;21.4;0.0
01;2021-06-10;3648;2484;0;268508;142783;0;40.9;21.7;0.0
01;2021-06-11;4031;3709;0;272539;146492;0;41.5;22.3;0.0
01;2021-06-12;2813;2149;0;275352;148641;0;41.9;22.6;0.0
01;2021-06-13;543;614;0;275895;149255;0;42.0;22.7;0.0
01;2021-06-14;2668;3361;0;278563;152616;0;42.4;23.2;0.0
01;2021-06-15;2736;3646;0;281299;156262;0;42.8;23.8;0.0
01;2021-06-16;2944;3619;0;284243;159881;0;43.3;24.3;0.0
01;2021-06-17;2700;3674;0;286943;163555;0;43.7;24.9;0.0
01;2021-06-18;3284;4648;0;290227;168203;0;44.2;25.6;0.0
01;2021-06-19;2188;2643;0;292415;170846;0;44.5;26.0;0.0
01;2021-06-20;532;824;0;292947;171670;0;44.6;26.1;0.0
01;2021-06-21;2042;4049;0;294989;175719;0;44.9;26.7;0.0
01;2021-06-22;1877;4424;0;296866;180143;0;45.2;27.4;0.0
01;2021-06-23;1952;3993;0;298818;184136;0;45.5;28.0;0.0
01;2021-06-24;1894;4009;0;300712;188145;0;45.8;28.6;0.0
01;2021-06-25;2254;5056;0;302966;193201;0;46.1;29.4;0.0
01;2021-06-26;1340;3034;0;304306;196235;0;46.3;29.9;0.0
01;2021-06-27;357;853;0;304663;197088;0;46.4;30.0;0.0
01;2021-06-28;1542;4534;0;306205;201622;0;46.6;30.7;0.0
01;2021-06-29;1663;4425;0;307868;206047;0;46.9;31.4;0.0
01;2021-06-30;1715;4703;0;309583;210750;0;47.1;32.1;0.0
01;2021-07-01;1923;4455;0;311506;215205;0;47.4;32.8;0.0
01;2021-07-02;2088;5222;0;313594;220427;0;47.7;33.6;0.0
01;2021-07-03;1154;3443;0;314748;223870;0;47.9;34.1;0.0
01;2021-07-04;351;890;0;315099;224760;0;48.0;34.2;0.0
01;2021-07-05;1931;4470;0;317030;229230;0;48.3;34.9;0.0
01;2021-07-06;1555;4780;0;318585;234010;0;48.5;35.6;0.0
01;2021-07-07;2131;4055;0;320716;238065;0;48.8;36.2;0.0
01;2021-07-08;1921;3999;0;322637;242064;0;49.1;36.8;0.0
01;2021-07-09;2295;5019;0;324932;247083;0;49.5;37.6;0.0
01;2021-07-10;1307;3509;0;326239;250592;0;49.7;38.1;0.0
01;2021-07-11;406;751;0;326645;251343;0;49.7;38.3;0.0
01;2021-07-12;1793;4783;0;328438;256126;0;50.0;39.0;0.0
01;2021-07-13;2505;5167;0;330943;261293;0;50.4;39.8;0.0
01;2021-07-14;672;749;0;331615;262042;0;50.5;39.9;0.0
01;2021-07-15;3379;5241;0;334994;267283;0;51.0;40.7;0.0
01;2021-07-16;4204;5759;0;339198;273042;0;51.6;41.6;0.0
01;2021-07-17;2417;3532;0;341615;276574;0;52.0;42.1;0.0
01;2021-07-18;607;1118;0;342222;277692;0;52.1;42.3;0.0
01;2021-07-19;3130;4783;0;345352;282475;0;52.6;43.0;0.0
01;2021-07-20;3766;4765;0;349118;287240;0;53.1;43.7;0.0
01;2021-07-21;4283;4583;0;353401;291823;0;53.8;44.4;0.0
01;2021-07-22;4541;4330;0;357942;296153;0;54.5;45.1;0.0
01;2021-07-23;4466;5202;0;362408;301355;0;55.2;45.9;0.0
01;2021-07-24;2652;3186;0;365060;304541;0;55.6;46.4;0.0
01;2021-07-25;451;531;0;365511;305072;0;55.6;46.4;0.0
01;2021-07-26;3864;4021;0;369375;309093;0;56.2;47.0;0.0
01;2021-07-27;4621;3533;0;373996;312626;0;56.9;47.6;0.0
01;2021-07-28;4576;3395;0;378572;316021;0;57.6;48.1;0.0
01;2021-07-29;5177;3070;0;383749;319091;0;58.4;48.6;0.0
01;2021-07-30;5082;4064;0;388831;323155;0;59.2;49.2;0.0
01;2021-07-31;3601;2123;0;392432;325278;0;59.7;49.5;0.0
01;2021-08-01;821;408;0;393253;325686;0;59.9;49.6;0.0
01;2021-08-02;3672;3030;1;396925;328716;1;60.4;50.0;0.0
01;2021-08-03;3750;2883;0;400675;331599;1;61.0;50.5;0.0
01;2021-08-04;3437;2254;0;404112;333853;1;61.5;50.8;0.0
01;2021-08-05;2931;2793;0;407043;336646;1;62.0;51.2;0.0
01;2021-08-06;3289;3595;0;410332;340241;1;62.5;51.8;0.0
01;2021-08-07;1988;1880;0;412320;342121;1;62.8;52.1;0.0
01;2021-08-08;512;328;0;412832;342449;1;62.8;52.1;0.0
01;2021-08-09;1771;3161;0;414603;345610;1;63.1;52.6;0.0
01;2021-08-10;2057;2997;0;416660;348607;1;63.4;53.1;0.0
01;2021-08-11;1973;3034;0;418633;351641;1;63.7;53.5;0.0
01;2021-08-12;1962;3321;0;420595;354962;1;64.0;54.0;0.0
01;2021-08-13;2146;3391;0;422741;358353;1;64.3;54.5;0.0
01;2021-08-14;1453;2211;0;424194;360564;1;64.6;54.9;0.0
01;2021-08-15;98;259;0;424292;360823;1;64.6;54.9;0.0
01;2021-08-16;1299;3512;0;425591;364335;1;64.8;55.5;0.0
01;2021-08-17;1636;3174;0;427227;367509;1;65.0;55.9;0.0
01;2021-08-18;1385;3240;0;428612;370749;1;65.2;56.4;0.0
01;2021-08-19;1369;2836;0;429981;373585;1;65.5;56.9;0.0
01;2021-08-20;1605;4276;0;431586;377861;1;65.7;57.5;0.0
01;2021-08-21;848;2608;0;432434;380469;1;65.8;57.9;0.0
01;2021-08-22;90;126;0;432524;380595;1;65.8;57.9;0.0
01;2021-08-23;1182;3783;0;433706;384378;1;66.0;58.5;0.0
01;2021-08-24;1372;3854;0;435078;388232;1;66.2;59.1;0.0
01;2021-08-25;1225;3718;0;436303;391950;1;66.4;59.7;0.0
01;2021-08-26;1665;3304;0;437968;395254;1;66.7;60.2;0.0
01;2021-08-27;1636;4352;0;439604;399606;1;66.9;60.8;0.0
01;2021-08-28;927;2717;0;440531;402323;1;67.1;61.2;0.0
01;2021-08-29;76;484;0;440607;402807;1;67.1;61.3;0.0
01;2021-08-30;1244;3500;26;441851;406307;27;67.3;61.8;0.0
01;2021-08-31;1208;2696;71;443059;409003;98;67.4;62.3;0.0
01;2021-09-01;1221;2280;205;444280;411283;303;67.6;62.6;0.0
01;2021-09-02;987;1901;304;445267;413184;607;67.8;62.9;0.1
01;2021-09-03;1237;2717;255;446504;415901;862;68.0;63.3;0.1
01;2021-09-04;778;2184;88;447282;418085;950;68.1;63.6;0.1
01;2021-09-05;185;246;32;447467;418331;982;68.1;63.7;0.1
01;2021-09-06;677;1321;381;448144;419652;1363;68.2;63.9;0.2
01;2021-09-07;611;1268;256;448755;420920;1619;68.3;64.1;0.2
01;2021-09-08;865;1628;249;449620;422548;1868;68.4;64.3;0.3
01;2021-09-09;765;1218;225;450385;423766;2093;68.6;64.5;0.3
01;2021-09-10;1055;1796;364;451440;425562;2457;68.7;64.8;0.4
01;2021-09-11;689;1468;68;452129;427030;2525;68.8;65.0;0.4
01;2021-09-12;43;96;5;452172;427126;2530;68.8;65.0;0.4
01;2021-09-13;616;1175;357;452788;428301;2887;68.9;65.2;0.4
01;2021-09-14;620;1052;515;453408;429353;3402;69.0;65.4;0.5
01;2021-09-15;779;1531;458;454187;430884;3860;69.1;65.6;0.6
01;2021-09-16;564;988;480;454751;431872;4340;69.2;65.7;0.7
01;2021-09-17;729;1572;509;455480;433444;4849;69.3;66.0;0.7
01;2021-09-18;364;1220;56;455844;434664;4905;69.4;66.2;0.7
01;2021-09-19;47;104;16;455891;434768;4921;69.4;66.2;0.7
01;2021-09-20;365;717;503;456256;435485;5424;69.5;66.3;0.8
01;2021-09-21;409;808;692;456665;436293;6116;69.5;66.4;0.9
01;2021-09-22;369;1109;480;457034;437402;6596;69.6;66.6;1.0
01;2021-09-23;344;778;474;457378;438180;7070;69.6;66.7;1.1
01;2021-09-24;408;1077;410;457786;439257;7480;69.7;66.9;1.1
01;2021-09-25;277;969;82;458063;440226;7562;69.7;67.0;1.2
01;2021-09-26;19;115;3;458082;440341;7565;69.7;67.0;1.2
01;2021-09-27;195;603;201;458277;440944;7766;69.8;67.1;1.2
01;2021-09-28;321;1143;548;458598;442087;8314;69.8;67.3;1.3
01;2021-09-29;450;1333;457;459048;443420;8771;69.9;67.5;1.3
01;2021-09-30;375;809;446;459423;444229;9217;69.9;67.6;1.4
01;2021-10-01;546;1203;521;459969;445432;9738;70.0;67.8;1.5
01;2021-10-02;417;1242;178;460386;446674;9916;70.1;68.0;1.5
01;2021-10-03;27;62;13;460413;446736;9929;70.1;68.0;1.5
01;2021-10-04;230;567;380;460643;447303;10309;70.1;68.1;1.6
01;2021-10-05;246;547;547;460889;447850;10856;70.2;68.2;1.7
01;2021-10-06;404;804;498;461293;448654;11354;70.2;68.3;1.7
01;2021-10-07;236;516;506;461529;449170;11860;70.3;68.4;1.8
01;2021-10-08;391;778;585;461920;449948;12445;70.3;68.5;1.9
01;2021-10-09;343;678;269;462263;450626;12714;70.4;68.6;1.9
01;2021-10-10;12;28;2;462275;450654;12716;70.4;68.6;1.9
01;2021-10-11;208;478;541;462483;451132;13257;70.4;68.7;2.0
01;2021-10-12;205;391;538;462688;451523;13795;70.4;68.7;2.1
01;2021-10-13;368;591;818;463056;452114;14613;70.5;68.8;2.2
01;2021-10-14;191;578;509;463247;452692;15122;70.5;68.9;2.3
01;2021-10-15;385;564;765;463632;453256;15887;70.6;69.0;2.4
01;2021-10-16;294;447;318;463926;453703;16205;70.6;69.1;2.5
01;2021-10-17;10;30;1;463936;453733;16206;70.6;69.1;2.5
01;2021-10-18;171;265;662;464107;453998;16868;70.6;69.1;2.6
01;2021-10-19;129;301;635;464236;454299;17503;70.7;69.2;2.7
01;2021-10-20;232;475;932;464468;454774;18435;70.7;69.2;2.8
01;2021-10-21;105;377;623;464573;455151;19058;70.7;69.3;2.9
01;2021-10-22;164;542;766;464737;455693;19824;70.7;69.4;3.0
01;2021-10-23;113;467;375;464850;456160;20199;70.8;69.4;3.1
01;2021-10-24;5;7;8;464855;456167;20207;70.8;69.4;3.1
01;2021-10-25;147;242;781;465002;456409;20988;70.8;69.5;3.2
01;2021-10-26;96;186;640;465098;456595;21628;70.8;69.5;3.3
01;2021-10-27;190;394;907;465288;456989;22535;70.8;69.6;3.4
01;2021-10-28;95;173;598;465383;457162;23133;70.8;69.6;3.5
01;2021-10-29;144;315;898;465527;457477;24031;70.9;69.6;3.7
01;2021-10-30;100;346;470;465627;457823;24501;70.9;69.7;3.7
01;2021-10-31;3;11;12;465630;457834;24513;70.9;69.7;3.7
01;2021-11-01;13;12;7;465643;457846;24520;70.9;69.7;3.7
01;2021-11-02;68;185;636;465711;458031;25156;70.9;69.7;3.8
01;2021-11-03;167;391;1307;465878;458422;26463;70.9;69.8;4.0
01;2021-11-04;93;152;816;465971;458574;27279;70.9;69.8;4.2
01;2021-11-05;152;312;1125;466123;458886;28404;71.0;69.9;4.3
01;2021-11-06;89;297;684;466212;459183;29088;71.0;69.9;4.4
01;2021-11-07;1;14;8;466213;459197;29096;71.0;69.9;4.4
01;2021-11-08;99;229;1378;466312;459426;30474;71.0;69.9;4.6
01;2021-11-09;81;192;1295;466393;459618;31769;71.0;70.0;4.8
01;2021-11-10;190;304;1958;466583;459922;33727;71.0;70.0;5.1
01;2021-11-11;10;11;47;466593;459933;33774;71.0;70.0;5.1
01;2021-11-12;107;203;1528;466700;460136;35302;71.0;70.0;5.4
01;2021-11-13;139;165;1117;466839;460301;36419;71.1;70.1;5.5
01;2021-11-14;6;12;18;466845;460313;36437;71.1;70.1;5.5
01;2021-11-15;83;118;1674;466928;460431;38111;71.1;70.1;5.8
01;2021-11-16;92;159;1727;467020;460590;39838;71.1;70.1;6.1
01;2021-11-17;156;279;2384;467176;460869;42222;71.1;70.2;6.4
01;2021-11-18;94;141;1722;467270;461010;43944;71.1;70.2;6.7
01;2021-11-19;151;245;2259;467421;461255;46203;71.1;70.2;7.0
01;2021-11-20;159;152;1295;467580;461407;47498;71.2;70.2;7.2
01;2021-11-21;4;20;12;467584;461427;47510;71.2;70.2;7.2
01;2021-11-22;77;132;2140;467661;461559;49650;71.2;70.3;7.6
01;2021-11-23;111;113;2260;467772;461672;51910;71.2;70.3;7.9
01;2021-11-24;233;251;2820;468005;461923;54730;71.2;70.3;8.3
01;2021-11-25;99;120;2329;468104;462043;57059;71.3;70.3;8.7
01;2021-11-26;159;183;3634;468263;462226;60693;71.3;70.4;9.2
01;2021-11-27;169;193;2273;468432;462419;62966;71.3;70.4;9.6
01;2021-11-28;4;8;498;468436;462427;63464;71.3;70.4;9.7
01;2021-11-29;91;142;3980;468527;462569;67444;71.3;70.4;10.3
01;2021-11-30;88;118;3856;468615;462687;71300;71.3;70.4;10.9
01;2021-12-01;86;172;3429;468701;462859;74729;71.3;70.5;11.4
01;2021-12-02;88;110;4385;468789;462969;79114;71.4;70.5;12.0
01;2021-12-03;118;187;5639;468907;463156;84753;71.4;70.5;12.9
01;2021-12-04;86;176;3015;468993;463332;87768;71.4;70.5;13.4
01;2021-12-05;15;18;1044;469008;463350;88812;71.4;70.5;13.5
01;2021-12-06;88;133;5174;469096;463483;93986;71.4;70.6;14.3
01;2021-12-07;127;148;6710;469223;463631;100696;71.4;70.6;15.3
01;2021-12-08;104;211;5281;469327;463842;105977;71.4;70.6;16.1
01;2021-12-09;98;121;6119;469425;463963;112096;71.5;70.6;17.1
01;2021-12-10;134;199;7073;469559;464162;119169;71.5;70.7;18.1
01;2021-12-11;85;149;3750;469644;464311;122919;71.5;70.7;18.7
01;2021-12-12;15;20;1057;469659;464331;123976;71.5;70.7;18.9
01;2021-12-13;88;138;7050;469747;464469;131026;71.5;70.7;19.9
01;2021-12-14;133;191;8652;469880;464660;139678;71.5;70.7;21.3
01;2021-12-15;128;223;7613;470008;464883;147291;71.5;70.8;22.4
01;2021-12-16;115;146;8218;470123;465029;155509;71.6;70.8;23.7
01;2021-12-17;130;228;8620;470253;465257;164129;71.6;70.8;25.0
01;2021-12-18;132;187;4714;470385;465444;168843;71.6;70.8;25.7
01;2021-12-19;21;41;1691;470406;465485;170534;71.6;70.9;26.0
01;2021-12-20;156;177;6746;470562;465662;177280;71.6;70.9;27.0
01;2021-12-21;185;170;7031;470747;465832;184311;71.7;70.9;28.1
01;2021-12-22;165;173;5761;470912;466005;190072;71.7;70.9;28.9
02;2020-12-27;1;0;0;1;0;0;0.0;0.0;0.0
02;2020-12-28;0;0;0;1;0;0;0.0;0.0;0.0
02;2020-12-29;0;0;0;1;0;0;0.0;0.0;0.0
02;2020-12-30;0;0;0;1;0;0;0.0;0.0;0.0
02;2020-12-31;0;0;0;1;0;0;0.0;0.0;0.0
02;2021-01-01;0;0;0;1;0;0;0.0;0.0;0.0
02;2021-01-02;0;0;0;1;0;0;0.0;0.0;0.0
02;2021-01-03;0;0;0;1;0;0;0.0;0.0;0.0
02;2021-01-04;1;0;0;2;0;0;0.0;0.0;0.0
02;2021-01-05;2;0;0;4;0;0;0.0;0.0;0.0
02;2021-01-06;25;0;0;29;0;0;0.0;0.0;0.0
02;2021-01-07;262;2;0;291;2;0;0.1;0.0;0.0
02;2021-01-08;502;2;0;793;4;0;0.2;0.0;0.0
02;2021-01-09;77;0;0;870;4;0;0.2;0.0;0.0
02;2021-01-10;52;0;0;922;4;0;0.2;0.0;0.0
02;2021-01-11;267;0;0;1189;4;0;0.2;0.0;0.0
02;2021-01-12;356;1;0;1545;5;0;0.3;0.0;0.0
02;2021-01-13;459;4;0;2004;9;0;0.4;0.0;0.0
02;2021-01-14;654;9;0;2658;18;0;0.5;0.0;0.0
02;2021-01-15;614;7;0;3272;25;0;0.6;0.0;0.0
02;2021-01-16;315;4;0;3587;29;0;0.7;0.0;0.0
02;2021-01-17;56;0;0;3643;29;0;0.7;0.0;0.0
02;2021-01-18;757;8;0;4400;37;0;0.8;0.0;0.0
02;2021-01-19;936;5;0;5336;42;0;1.0;0.0;0.0
02;2021-01-20;1320;7;0;6656;49;0;1.3;0.0;0.0
02;2021-01-21;2337;12;0;8993;61;0;1.7;0.0;0.0
02;2021-01-22;1375;6;0;10368;67;0;2.0;0.0;0.0
02;2021-01-23;296;3;0;10664;70;0;2.0;0.0;0.0
02;2021-01-24;61;1;0;10725;71;0;2.0;0.0;0.0
02;2021-01-25;431;13;0;11156;84;0;2.1;0.0;0.0
02;2021-01-26;648;18;0;11804;102;0;2.2;0.0;0.0
02;2021-01-27;188;4;0;11992;106;0;2.3;0.0;0.0
02;2021-01-28;112;229;0;12104;335;0;2.3;0.1;0.0
02;2021-01-29;142;416;0;12246;751;0;2.3;0.1;0.0
02;2021-01-30;13;16;0;12259;767;0;2.3;0.1;0.0
02;2021-01-31;1;10;0;12260;777;0;2.3;0.1;0.0
02;2021-02-01;18;208;0;12278;985;0;2.3;0.2;0.0
02;2021-02-02;71;307;0;12349;1292;0;2.3;0.2;0.0
02;2021-02-03;142;331;0;12491;1623;0;2.4;0.3;0.0
02;2021-02-04;255;363;0;12746;1986;0;2.4;0.4;0.0
02;2021-02-05;234;415;0;12980;2401;0;2.5;0.5;0.0
02;2021-02-06;65;162;0;13045;2563;0;2.5;0.5;0.0
02;2021-02-07;8;1;0;13053;2564;0;2.5;0.5;0.0
02;2021-02-08;297;428;0;13350;2992;0;2.5;0.6;0.0
02;2021-02-09;328;667;0;13678;3659;0;2.6;0.7;0.0
02;2021-02-10;465;992;0;14143;4651;0;2.7;0.9;0.0
02;2021-02-11;882;1671;0;15025;6322;0;2.9;1.2;0.0
02;2021-02-12;834;1007;0;15859;7329;0;3.0;1.4;0.0
02;2021-02-13;280;157;0;16139;7486;0;3.1;1.4;0.0
02;2021-02-14;1;3;0;16140;7489;0;3.1;1.4;0.0
02;2021-02-15;338;680;0;16478;8169;0;3.1;1.6;0.0
02;2021-02-16;423;552;0;16901;8721;0;3.2;1.7;0.0
02;2021-02-17;501;622;0;17402;9343;0;3.3;1.8;0.0
02;2021-02-18;521;452;0;17923;9795;0;3.4;1.9;0.0
02;2021-02-19;442;559;0;18365;10354;0;3.5;2.0;0.0
02;2021-02-20;365;226;0;18730;10580;0;3.6;2.0;0.0
02;2021-02-21;31;19;0;18761;10599;0;3.6;2.0;0.0
02;2021-02-22;368;335;0;19129;10934;0;3.6;2.1;0.0
02;2021-02-23;445;372;0;19574;11306;0;3.7;2.1;0.0
02;2021-02-24;608;175;0;20182;11481;0;3.8;2.2;0.0
02;2021-02-25;883;183;0;21065;11664;0;4.0;2.2;0.0
02;2021-02-26;835;113;0;21900;11777;0;4.2;2.2;0.0
02;2021-02-27;455;24;0;22355;11801;0;4.2;2.2;0.0
02;2021-02-28;49;1;0;22404;11802;0;4.3;2.2;0.0
02;2021-03-01;665;33;0;23069;11835;0;4.4;2.2;0.0
02;2021-03-02;999;162;0;24068;11997;0;4.6;2.3;0.0
02;2021-03-03;769;206;0;24837;12203;0;4.7;2.3;0.0
02;2021-03-04;1190;629;0;26027;12832;0;4.9;2.4;0.0
02;2021-03-05;1099;512;0;27126;13344;0;5.2;2.5;0.0
02;2021-03-06;2178;118;0;29304;13462;0;5.6;2.6;0.0
02;2021-03-07;1497;56;0;30801;13518;0;5.9;2.6;0.0
02;2021-03-08;610;363;0;31411;13881;0;6.0;2.6;0.0
02;2021-03-09;1016;418;0;32427;14299;0;6.2;2.7;0.0
02;2021-03-10;926;453;0;33353;14752;0;6.3;2.8;0.0
02;2021-03-11;1368;388;0;34721;15140;0;6.6;2.9;0.0
02;2021-03-12;1767;405;0;36488;15545;0;6.9;3.0;0.0
02;2021-03-13;2653;243;0;39141;15788;0;7.4;3.0;0.0
02;2021-03-14;1390;46;0;40531;15834;0;7.7;3.0;0.0
02;2021-03-15;636;407;0;41167;16241;0;7.8;3.1;0.0
02;2021-03-16;883;411;0;42050;16652;0;8.0;3.2;0.0
02;2021-03-17;790;467;0;42840;17119;0;8.1;3.3;0.0
02;2021-03-18;691;642;0;43531;17761;0;8.3;3.4;0.0
02;2021-03-19;1249;307;0;44780;18068;0;8.5;3.4;0.0
02;2021-03-20;2472;164;0;47252;18232;0;9.0;3.5;0.0
02;2021-03-21;1406;78;0;48658;18310;0;9.2;3.5;0.0
02;2021-03-22;801;483;0;49459;18793;0;9.4;3.6;0.0
02;2021-03-23;1270;557;0;50729;19350;0;9.6;3.7;0.0
02;2021-03-24;1674;516;0;52403;19866;0;10.0;3.8;0.0
02;2021-03-25;1836;607;0;54239;20473;0;10.3;3.9;0.0
02;2021-03-26;2508;501;0;56747;20974;0;10.8;4.0;0.0
02;2021-03-27;2525;158;0;59272;21132;0;11.3;4.0;0.0
02;2021-03-28;692;21;0;59964;21153;0;11.4;4.0;0.0
02;2021-03-29;1118;853;0;61082;22006;0;11.6;4.2;0.0
02;2021-03-30;1632;838;0;62714;22844;0;11.9;4.3;0.0
02;2021-03-31;1402;733;0;64116;23577;0;12.2;4.5;0.0
02;2021-04-01;1408;872;0;65524;24449;0;12.5;4.6;0.0
02;2021-04-02;1351;1212;0;66875;25661;0;12.7;4.9;0.0
02;2021-04-03;2644;871;0;69519;26532;0;13.2;5.0;0.0
02;2021-04-04;729;241;0;70248;26773;0;13.4;5.1;0.0
02;2021-04-05;1534;133;0;71782;26906;0;13.6;5.1;0.0
02;2021-04-06;1561;868;0;73343;27774;0;13.9;5.3;0.0
02;2021-04-07;1861;802;0;75204;28576;0;14.3;5.4;0.0
02;2021-04-08;1982;1143;0;77186;29719;0;14.7;5.6;0.0
02;2021-04-09;2573;1142;0;79759;30861;0;15.2;5.9;0.0
02;2021-04-10;2556;1213;0;82315;32074;0;15.6;6.1;0.0
02;2021-04-11;498;422;0;82813;32496;0;15.7;6.2;0.0
02;2021-04-12;1836;646;0;84649;33142;0;16.1;6.3;0.0
02;2021-04-13;1705;947;0;86354;34089;0;16.4;6.5;0.0
02;2021-04-14;2727;1005;0;89081;35094;0;16.9;6.7;0.0
02;2021-04-15;2743;870;0;91824;35964;0;17.5;6.8;0.0
02;2021-04-16;2590;1184;0;94414;37148;0;17.9;7.1;0.0
02;2021-04-17;1922;2131;0;96336;39279;0;18.3;7.5;0.0
02;2021-04-18;272;785;0;96608;40064;0;18.4;7.6;0.0
02;2021-04-19;1228;691;0;97836;40755;0;18.6;7.7;0.0
02;2021-04-20;1718;842;0;99554;41597;0;18.9;7.9;0.0
02;2021-04-21;1664;1102;0;101218;42699;0;19.2;8.1;0.0
02;2021-04-22;1883;841;0;103101;43540;0;19.6;8.3;0.0
02;2021-04-23;2075;1443;0;105176;44983;0;20.0;8.6;0.0
02;2021-04-24;1722;1677;0;106898;46660;0;20.3;8.9;0.0
02;2021-04-25;480;303;0;107378;46963;0;20.4;8.9;0.0
02;2021-04-26;1401;676;0;108779;47639;0;20.7;9.1;0.0
02;2021-04-27;1782;1175;0;110561;48814;0;21.0;9.3;0.0
02;2021-04-28;1786;1490;0;112347;50304;0;21.4;9.6;0.0
02;2021-04-29;2013;1271;0;114360;51575;0;21.7;9.8;0.0
02;2021-04-30;2842;1690;0;117202;53265;0;22.3;10.1;0.0
02;2021-05-01;2208;1245;0;119410;54510;0;22.7;10.4;0.0
02;2021-05-02;1927;549;0;121337;55059;0;23.1;10.5;0.0
02;2021-05-03;2362;1040;0;123699;56099;0;23.5;10.7;0.0
02;2021-05-04;1747;1394;0;125446;57493;0;23.8;10.9;0.0
02;2021-05-05;2631;1934;0;128077;59427;0;24.3;11.3;0.0
02;2021-05-06;2535;1923;0;130612;61350;0;24.8;11.7;0.0
02;2021-05-07;2674;2294;0;133286;63644;0;25.3;12.1;0.0
02;2021-05-08;2940;1068;0;136226;64712;0;25.9;12.3;0.0
02;2021-05-09;1907;445;0;138133;65157;0;26.3;12.4;0.0
02;2021-05-10;2537;1629;0;140670;66786;0;26.7;12.7;0.0
02;2021-05-11;3147;1659;0;143817;68445;0;27.3;13.0;0.0
02;2021-05-12;2940;1779;0;146757;70224;0;27.9;13.3;0.0
02;2021-05-13;3046;1014;0;149803;71238;0;28.5;13.5;0.0
02;2021-05-14;3689;1326;0;153492;72564;0;29.2;13.8;0.0
02;2021-05-15;4410;1206;0;157902;73770;0;30.0;14.0;0.0
02;2021-05-16;2861;222;0;160763;73992;0;30.6;14.1;0.0
02;2021-05-17;2416;773;0;163179;74765;0;31.0;14.2;0.0
02;2021-05-18;3032;1060;0;166211;75825;0;31.6;14.4;0.0
02;2021-05-19;3063;1107;0;169274;76932;0;32.2;14.6;0.0
02;2021-05-20;3672;1301;0;172946;78233;0;32.9;14.9;0.0
02;2021-05-21;3819;1168;0;176765;79401;0;33.6;15.1;0.0
02;2021-05-22;5287;1045;0;182052;80446;0;34.6;15.3;0.0
02;2021-05-23;2584;250;0;184636;80696;0;35.1;15.3;0.0
02;2021-05-24;3267;541;0;187903;81237;0;35.7;15.4;0.0
02;2021-05-25;2318;1278;0;190221;82515;0;36.2;15.7;0.0
02;2021-05-26;3108;1562;0;193329;84077;0;36.8;16.0;0.0
02;2021-05-27;3769;1579;0;197098;85656;0;37.5;16.3;0.0
02;2021-05-28;3631;1739;0;200729;87395;0;38.2;16.6;0.0
02;2021-05-29;3978;1642;0;204707;89037;0;38.9;16.9;0.0
02;2021-05-30;1367;201;0;206074;89238;0;39.2;17.0;0.0
02;2021-05-31;2573;1277;0;208647;90515;0;39.7;17.2;0.0
02;2021-06-01;3001;1913;0;211648;92428;0;40.2;17.6;0.0
02;2021-06-02;3294;1786;0;214942;94214;0;40.9;17.9;0.0
02;2021-06-03;3079;1953;0;218021;96167;0;41.4;18.3;0.0
02;2021-06-04;3361;2155;0;221382;98322;0;42.1;18.7;0.0
02;2021-06-05;3315;1853;0;224697;100175;0;42.7;19.0;0.0
02;2021-06-06;1585;278;0;226282;100453;0;43.0;19.1;0.0
02;2021-06-07;1829;1645;0;228111;102098;0;43.4;19.4;0.0
02;2021-06-08;2189;1975;0;230300;104073;0;43.8;19.8;0.0
02;2021-06-09;2238;1896;0;232538;105969;0;44.2;20.1;0.0
02;2021-06-10;2155;2078;0;234693;108047;0;44.6;20.5;0.0
02;2021-06-11;2299;3229;0;236992;111276;0;45.1;21.2;0.0
02;2021-06-12;2240;2810;0;239232;114086;0;45.5;21.7;0.0
02;2021-06-13;636;1455;0;239868;115541;0;45.6;22.0;0.0
02;2021-06-14;1118;2618;0;240986;118159;0;45.8;22.5;0.0
02;2021-06-15;1705;2697;0;242691;120856;0;46.1;23.0;0.0
02;2021-06-16;1597;2994;0;244288;123850;0;46.4;23.5;0.0
02;2021-06-17;1887;3161;0;246175;127011;0;46.8;24.1;0.0
02;2021-06-18;2324;3828;0;248499;130839;0;47.2;24.9;0.0
02;2021-06-19;1794;3907;0;250293;134746;0;47.6;25.6;0.0
02;2021-06-20;615;1559;0;250908;136305;0;47.7;25.9;0.0
02;2021-06-21;852;3349;0;251760;139654;0;47.9;26.5;0.0
02;2021-06-22;1235;3846;2;252995;143500;2;48.1;27.3;0.0
02;2021-06-23;1403;3730;0;254398;147230;2;48.4;28.0;0.0
02;2021-06-24;1414;3313;0;255812;150543;2;48.6;28.6;0.0
02;2021-06-25;1465;4864;0;257277;155407;2;48.9;29.5;0.0
02;2021-06-26;1322;4440;0;258599;159847;2;49.2;30.4;0.0
02;2021-06-27;565;2342;0;259164;162189;2;49.3;30.8;0.0
02;2021-06-28;903;3267;0;260067;165456;2;49.4;31.5;0.0
02;2021-06-29;1000;3236;0;261067;168692;2;49.6;32.1;0.0
02;2021-06-30;1447;3424;0;262514;172116;2;49.9;32.7;0.0
02;2021-07-01;1370;3767;0;263884;175883;2;50.2;33.4;0.0
02;2021-07-02;1428;5188;0;265312;181071;2;50.4;34.4;0.0
02;2021-07-03;1044;5794;0;266356;186865;2;50.6;35.5;0.0
02;2021-07-04;528;2300;0;266884;189165;2;50.7;36.0;0.0
02;2021-07-05;690;3989;0;267574;193154;2;50.9;36.7;0.0
02;2021-07-06;870;3351;1;268444;196505;3;51.0;37.4;0.0
02;2021-07-07;1407;3854;2;269851;200359;5;51.3;38.1;0.0
02;2021-07-08;1550;3950;0;271401;204309;5;51.6;38.8;0.0
02;2021-07-09;1411;4359;0;272812;208668;5;51.9;39.7;0.0
02;2021-07-10;1382;4483;0;274194;213151;5;52.1;40.5;0.0
02;2021-07-11;491;1865;0;274685;215016;5;52.2;40.9;0.0
02;2021-07-12;1446;3806;0;276131;218822;5;52.5;41.6;0.0
02;2021-07-13;2213;3850;0;278344;222672;5;52.9;42.3;0.0
02;2021-07-14;1528;1630;0;279872;224302;5;53.2;42.6;0.0
02;2021-07-15;2871;3799;0;282743;228101;5;53.7;43.4;0.0
02;2021-07-16;3294;4479;0;286037;232580;5;54.4;44.2;0.0
02;2021-07-17;3442;4269;0;289479;236849;5;55.0;45.0;0.0
02;2021-07-18;1718;1512;0;291197;238361;5;55.4;45.3;0.0
02;2021-07-19;3242;3131;0;294439;241492;5;56.0;45.9;0.0
02;2021-07-20;3548;3502;0;297987;244994;5;56.6;46.6;0.0
02;2021-07-21;3948;3122;0;301935;248116;5;57.4;47.2;0.0
02;2021-07-22;3544;2986;0;305479;251102;5;58.1;47.7;0.0
02;2021-07-23;3487;3693;0;308966;254795;5;58.7;48.4;0.0
02;2021-07-24;4234;3576;0;313200;258371;5;59.5;49.1;0.0
02;2021-07-25;1937;1004;0;315137;259375;5;59.9;49.3;0.0
02;2021-07-26;3781;2279;0;318918;261654;5;60.6;49.7;0.0
02;2021-07-27;3829;2331;0;322747;263985;5;61.4;50.2;0.0
02;2021-07-28;3525;2311;0;326272;266296;5;62.0;50.6;0.0
02;2021-07-29;2998;2343;0;329270;268639;5;62.6;51.1;0.0
02;2021-07-30;3543;2485;0;332813;271124;5;63.3;51.5;0.0
02;2021-07-31;4079;2335;0;336892;273459;5;64.0;52.0;0.0
02;2021-08-01;1444;669;0;338336;274128;5;64.3;52.1;0.0
02;2021-08-02;2324;1684;0;340660;275812;5;64.8;52.4;0.0
02;2021-08-03;2893;2045;0;343553;277857;5;65.3;52.8;0.0
02;2021-08-04;2961;1833;0;346514;279690;5;65.9;53.2;0.0
02;2021-08-05;2228;2400;0;348742;282090;5;66.3;53.6;0.0
02;2021-08-06;2398;2830;0;351140;284920;5;66.8;54.2;0.0
02;2021-08-07;2731;2800;0;353871;287720;5;67.3;54.7;0.0
02;2021-08-08;1011;1346;0;354882;289066;5;67.5;55.0;0.0
02;2021-08-09;1950;2697;0;356832;291763;5;67.8;55.5;0.0
02;2021-08-10;1975;2653;0;358807;294416;5;68.2;56.0;0.0
02;2021-08-11;1760;2253;0;360567;296669;5;68.5;56.4;0.0
02;2021-08-12;1390;2399;0;361957;299068;5;68.8;56.9;0.0
02;2021-08-13;1741;2950;0;363698;302018;5;69.1;57.4;0.0
02;2021-08-14;1805;3621;0;365503;305639;5;69.5;58.1;0.0
02;2021-08-15;207;572;0;365710;306211;5;69.5;58.2;0.0
02;2021-08-16;1335;3713;0;367045;309924;5;69.8;58.9;0.0
02;2021-08-17;1497;2991;0;368542;312915;5;70.1;59.5;0.0
02;2021-08-18;1611;3210;0;370153;316125;5;70.4;60.1;0.0
02;2021-08-19;1201;3339;0;371354;319464;5;70.6;60.7;0.0
02;2021-08-20;1265;3144;0;372619;322608;5;70.8;61.3;0.0
02;2021-08-21;1495;4029;0;374114;326637;5;71.1;62.1;0.0
02;2021-08-22;401;1550;0;374515;328187;5;71.2;62.4;0.0
02;2021-08-23;1126;3163;0;375641;331350;5;71.4;63.0;0.0
02;2021-08-24;964;2496;0;376605;333846;5;71.6;63.5;0.0
02;2021-08-25;1075;2836;0;377680;336682;5;71.8;64.0;0.0
02;2021-08-26;957;2618;0;378637;339300;5;72.0;64.5;0.0
02;2021-08-27;1018;2826;0;379655;342126;5;72.2;65.0;0.0
02;2021-08-28;1275;3587;0;380930;345713;5;72.4;65.7;0.0
02;2021-08-29;318;1173;0;381248;346886;5;72.5;65.9;0.0
02;2021-08-30;951;2643;44;382199;349529;49;72.7;66.4;0.0
02;2021-08-31;876;2300;97;383075;351829;146;72.8;66.9;0.0
02;2021-09-01;742;1663;146;383817;353492;292;73.0;67.2;0.1
02;2021-09-02;673;1721;171;384490;355213;463;73.1;67.5;0.1
02;2021-09-03;679;1893;192;385169;357106;655;73.2;67.9;0.1
02;2021-09-04;872;2974;90;386041;360080;745;73.4;68.4;0.1
02;2021-09-05;229;456;72;386270;360536;817;73.4;68.5;0.2
02;2021-09-06;448;998;157;386718;361534;974;73.5;68.7;0.2
02;2021-09-07;453;1302;218;387171;362836;1192;73.6;69.0;0.2
02;2021-09-08;520;1776;160;387691;364612;1352;73.7;69.3;0.3
02;2021-09-09;435;1230;165;388126;365842;1517;73.8;69.5;0.3
02;2021-09-10;575;1415;212;388701;367257;1729;73.9;69.8;0.3
02;2021-09-11;746;2226;176;389447;369483;1905;74.0;70.2;0.4
02;2021-09-12;98;288;18;389545;369771;1923;74.1;70.3;0.4
02;2021-09-13;439;971;280;389984;370742;2203;74.1;70.5;0.4
02;2021-09-14;441;890;356;390425;371632;2559;74.2;70.6;0.5
02;2021-09-15;445;1361;572;390870;372993;3131;74.3;70.9;0.6
02;2021-09-16;450;846;412;391320;373839;3543;74.4;71.1;0.7
02;2021-09-17;585;979;463;391905;374818;4006;74.5;71.3;0.8
02;2021-09-18;550;2038;229;392455;376856;4235;74.6;71.6;0.8
02;2021-09-19;76;242;27;392531;377098;4262;74.6;71.7;0.8
02;2021-09-20;295;636;484;392826;377734;4746;74.7;71.8;0.9
02;2021-09-21;278;638;504;393104;378372;5250;74.7;71.9;1.0
02;2021-09-22;351;940;533;393455;379312;5783;74.8;72.1;1.1
02;2021-09-23;263;577;522;393718;379889;6305;74.8;72.2;1.2
02;2021-09-24;283;730;383;394001;380619;6688;74.9;72.4;1.3
02;2021-09-25;313;1205;301;394314;381824;6989;75.0;72.6;1.3
02;2021-09-26;39;159;13;394353;381983;7002;75.0;72.6;1.3
02;2021-09-27;169;395;420;394522;382378;7422;75.0;72.7;1.4
02;2021-09-28;166;386;455;394688;382764;7877;75.0;72.8;1.5
02;2021-09-29;227;464;529;394915;383228;8406;75.1;72.9;1.6
02;2021-09-30;232;473;458;395147;383701;8864;75.1;72.9;1.7
02;2021-10-01;357;672;507;395504;384373;9371;75.2;73.1;1.8
02;2021-10-02;393;876;323;395897;385249;9694;75.3;73.2;1.8
02;2021-10-03;33;69;23;395930;385318;9717;75.3;73.2;1.8
02;2021-10-04;157;386;529;396087;385704;10246;75.3;73.3;1.9
02;2021-10-05;177;332;402;396264;386036;10648;75.3;73.4;2.0
02;2021-10-06;254;437;532;396518;386473;11180;75.4;73.5;2.1
02;2021-10-07;219;434;588;396737;386907;11768;75.4;73.5;2.2
02;2021-10-08;311;602;692;397048;387509;12460;75.5;73.7;2.4
02;2021-10-09;315;700;498;397363;388209;12958;75.5;73.8;2.5
02;2021-10-10;31;67;23;397394;388276;12981;75.5;73.8;2.5
02;2021-10-11;177;325;415;397571;388601;13396;75.6;73.9;2.5
02;2021-10-12;140;296;509;397711;388897;13905;75.6;73.9;2.6
02;2021-10-13;240;403;663;397951;389300;14568;75.6;74.0;2.8
02;2021-10-14;210;319;566;398161;389619;15134;75.7;74.1;2.9
02;2021-10-15;283;430;763;398444;390049;15897;75.7;74.1;3.0
02;2021-10-16;307;409;495;398751;390458;16392;75.8;74.2;3.1
02;2021-10-17;15;31;10;398766;390489;16402;75.8;74.2;3.1
02;2021-10-18;158;242;566;398924;390731;16968;75.8;74.3;3.2
02;2021-10-19;121;228;419;399045;390959;17387;75.9;74.3;3.3
02;2021-10-20;259;293;886;399304;391252;18273;75.9;74.4;3.5
02;2021-10-21;151;248;611;399455;391500;18884;75.9;74.4;3.6
02;2021-10-22;294;415;989;399749;391915;19873;76.0;74.5;3.8
02;2021-10-23;226;384;446;399975;392299;20319;76.0;74.6;3.9
02;2021-10-24;6;8;11;399981;392307;20330;76.0;74.6;3.9
02;2021-10-25;147;216;721;400128;392523;21051;76.1;74.6;4.0
02;2021-10-26;80;150;600;400208;392673;21651;76.1;74.6;4.1
02;2021-10-27;168;252;839;400376;392925;22490;76.1;74.7;4.3
02;2021-10-28;160;207;719;400536;393132;23209;76.1;74.7;4.4
02;2021-10-29;270;378;1080;400806;393510;24289;76.2;74.8;4.6
02;2021-10-30;140;290;483;400946;393800;24772;76.2;74.9;4.7
02;2021-10-31;11;15;33;400957;393815;24805;76.2;74.9;4.7
02;2021-11-01;14;13;9;400971;393828;24814;76.2;74.9;4.7
02;2021-11-02;133;195;697;401104;394023;25511;76.2;74.9;4.8
02;2021-11-03;219;285;1043;401323;394308;26554;76.3;75.0;5.0
02;2021-11-04;141;231;746;401464;394539;27300;76.3;75.0;5.2
02;2021-11-05;204;320;1227;401668;394859;28527;76.4;75.1;5.4
02;2021-11-06;153;237;496;401821;395096;29023;76.4;75.1;5.5
02;2021-11-07;23;28;101;401844;395124;29124;76.4;75.1;5.5
02;2021-11-08;102;140;839;401946;395264;29963;76.4;75.1;5.7
02;2021-11-09;114;162;1147;402060;395426;31110;76.4;75.2;5.9
02;2021-11-10;175;282;1458;402235;395708;32568;76.5;75.2;6.2
02;2021-11-11;9;21;72;402244;395729;32640;76.5;75.2;6.2
02;2021-11-12;221;321;1539;402465;396050;34179;76.5;75.3;6.5
02;2021-11-13;175;271;1038;402640;396321;35217;76.5;75.3;6.7
02;2021-11-14;9;9;87;402649;396330;35304;76.5;75.3;6.7
02;2021-11-15;96;138;1174;402745;396468;36478;76.6;75.4;6.9
02;2021-11-16;118;120;1279;402863;396588;37757;76.6;75.4;7.2
02;2021-11-17;220;234;1617;403083;396822;39374;76.6;75.4;7.5
02;2021-11-18;144;201;1840;403227;397023;41214;76.7;75.5;7.8
02;2021-11-19;242;268;1979;403469;397291;43193;76.7;75.5;8.2
02;2021-11-20;175;193;923;403644;397484;44116;76.7;75.6;8.4
02;2021-11-21;7;10;69;403651;397494;44185;76.7;75.6;8.4
02;2021-11-22;165;103;1412;403816;397597;45597;76.8;75.6;8.7
02;2021-11-23;138;114;1279;403954;397711;46876;76.8;75.6;8.9
02;2021-11-24;184;218;1663;404138;397929;48539;76.8;75.6;9.2
02;2021-11-25;173;159;1852;404311;398088;50391;76.9;75.7;9.6
02;2021-11-26;244;239;3319;404555;398327;53710;76.9;75.7;10.2
02;2021-11-27;232;181;2504;404787;398508;56214;76.9;75.8;10.7
02;2021-11-28;40;24;1597;404827;398532;57811;77.0;75.8;11.0
02;2021-11-29;103;111;2650;404930;398643;60461;77.0;75.8;11.5
02;2021-11-30;141;144;3559;405071;398787;64020;77.0;75.8;12.2
02;2021-12-01;150;186;3733;405221;398973;67753;77.0;75.8;12.9
02;2021-12-02;136;81;4164;405357;399054;71917;77.1;75.9;13.7
02;2021-12-03;172;207;5221;405529;399261;77138;77.1;75.9;14.7
02;2021-12-04;134;172;4325;405663;399433;81463;77.1;75.9;15.5
02;2021-12-05;21;20;1097;405684;399453;82560;77.1;75.9;15.7
02;2021-12-06;113;119;3773;405797;399572;86333;77.1;76.0;16.4
02;2021-12-07;132;128;4585;405929;399700;90918;77.2;76.0;17.3
02;2021-12-08;140;164;5295;406069;399864;96213;77.2;76.0;18.3
02;2021-12-09;147;190;4990;406216;400054;101203;77.2;76.0;19.2
02;2021-12-10;184;245;6030;406400;400299;107233;77.3;76.1;20.4
02;2021-12-11;147;202;4971;406547;400501;112204;77.3;76.1;21.3
02;2021-12-12;58;20;1704;406605;400521;113908;77.3;76.1;21.7
02;2021-12-13;110;138;4779;406715;400659;118687;77.3;76.2;22.6
02;2021-12-14;140;167;5491;406855;400826;124178;77.3;76.2;23.6
02;2021-12-15;121;208;5237;406976;401034;129415;77.4;76.2;24.6
02;2021-12-16;164;216;6204;407140;401250;135619;77.4;76.3;25.8
02;2021-12-17;171;259;7125;407311;401509;142744;77.4;76.3;27.1
02;2021-12-18;183;232;5011;407494;401741;147755;77.5;76.4;28.1
02;2021-12-19;80;30;1852;407574;401771;149607;77.5;76.4;28.4
02;2021-12-20;162;162;4460;407736;401933;154067;77.5;76.4;29.3
02;2021-12-21;213;174;6223;407949;402107;160290;77.5;76.4;30.5
02;2021-12-22;226;179;4602;408175;402286;164892;77.6;76.5;31.3
03;2020-12-27;0;0;0;0;0;0;0.0;0.0;0.0
03;2020-12-28;3;0;0;3;0;0;0.0;0.0;0.0
03;2020-12-29;0;0;0;3;0;0;0.0;0.0;0.0
03;2020-12-30;1;0;0;4;0;0;0.0;0.0;0.0
03;2020-12-31;0;0;0;4;0;0;0.0;0.0;0.0
03;2021-01-01;0;0;0;4;0;0;0.0;0.0;0.0
03;2021-01-02;0;0;0;4;0;0;0.0;0.0;0.0
03;2021-01-03;0;0;0;4;0;0;0.0;0.0;0.0
03;2021-01-04;0;0;0;4;0;0;0.0;0.0;0.0
03;2021-01-05;1;0;0;5;0;0;0.0;0.0;0.0
03;2021-01-06;12;0;0;17;0;0;0.0;0.0;0.0
03;2021-01-07;73;0;0;90;0;0;0.0;0.0;0.0
03;2021-01-08;141;1;0;231;1;0;0.1;0.0;0.0
03;2021-01-09;113;0;0;344;1;0;0.1;0.0;0.0
03;2021-01-10;4;0;0;348;1;0;0.1;0.0;0.0
03;2021-01-11;411;1;0;759;2;0;0.2;0.0;0.0
03;2021-01-12;607;1;0;1366;3;0;0.4;0.0;0.0
03;2021-01-13;743;2;0;2109;5;0;0.6;0.0;0.0
03;2021-01-14;837;5;0;2946;10;0;0.9;0.0;0.0
03;2021-01-15;374;3;0;3320;13;0;1.0;0.0;0.0
03;2021-01-16;260;0;0;3580;13;0;1.1;0.0;0.0
03;2021-01-17;37;0;0;3617;13;0;1.1;0.0;0.0
03;2021-01-18;874;1;0;4491;14;0;1.4;0.0;0.0
03;2021-01-19;1190;2;0;5681;16;0;1.7;0.0;0.0
03;2021-01-20;1327;3;0;7008;19;0;2.1;0.0;0.0
03;2021-01-21;1203;3;0;8211;22;0;2.5;0.0;0.0
03;2021-01-22;1108;5;0;9319;27;0;2.8;0.0;0.0
03;2021-01-23;449;1;0;9768;28;0;2.9;0.0;0.0
03;2021-01-24;1;0;0;9769;28;0;2.9;0.0;0.0
03;2021-01-25;214;0;0;9983;28;0;3.0;0.0;0.0
03;2021-01-26;739;14;0;10722;42;0;3.2;0.0;0.0
03;2021-01-27;703;10;0;11425;52;0;3.4;0.0;0.0
03;2021-01-28;1014;56;0;12439;108;0;3.8;0.0;0.0
03;2021-01-29;823;78;0;13262;186;0;4.0;0.1;0.0
03;2021-01-30;556;6;0;13818;192;0;4.2;0.1;0.0
03;2021-01-31;0;1;0;13818;193;0;4.2;0.1;0.0
03;2021-02-01;176;82;0;13994;275;0;4.2;0.1;0.0
03;2021-02-02;731;263;0;14725;538;0;4.4;0.2;0.0
03;2021-02-03;972;455;0;15697;993;0;4.7;0.3;0.0
03;2021-02-04;1514;648;0;17211;1641;0;5.2;0.5;0.0
03;2021-02-05;884;307;0;18095;1948;0;5.5;0.6;0.0
03;2021-02-06;146;15;0;18241;1963;0;5.5;0.6;0.0
03;2021-02-07;2;0;0;18243;1963;0;5.5;0.6;0.0
03;2021-02-08;145;63;0;18388;2026;0;5.6;0.6;0.0
03;2021-02-09;587;431;0;18975;2457;0;5.7;0.7;0.0
03;2021-02-10;490;416;0;19465;2873;0;5.9;0.9;0.0
03;2021-02-11;934;531;0;20399;3404;0;6.2;1.0;0.0
03;2021-02-12;1042;565;0;21441;3969;0;6.5;1.2;0.0
03;2021-02-13;125;160;0;21566;4129;0;6.5;1.2;0.0
03;2021-02-14;4;4;0;21570;4133;0;6.5;1.2;0.0
03;2021-02-15;301;856;0;21871;4989;0;6.6;1.5;0.0
03;2021-02-16;547;1132;0;22418;6121;0;6.8;1.8;0.0
03;2021-02-17;431;1306;0;22849;7427;0;6.9;2.2;0.0
03;2021-02-18;344;1240;0;23193;8667;0;7.0;2.6;0.0
03;2021-02-19;492;767;0;23685;9434;0;7.1;2.8;0.0
03;2021-02-20;115;181;0;23800;9615;0;7.2;2.9;0.0
03;2021-02-21;2;1;0;23802;9616;0;7.2;2.9;0.0
03;2021-02-22;170;210;0;23972;9826;0;7.2;3.0;0.0
03;2021-02-23;657;836;0;24629;10662;0;7.4;3.2;0.0
03;2021-02-24;582;974;0;25211;11636;0;7.6;3.5;0.0
03;2021-02-25;1046;1758;0;26257;13394;0;7.9;4.0;0.0
03;2021-02-26;780;1293;0;27037;14687;0;8.2;4.4;0.0
03;2021-02-27;97;247;0;27134;14934;0;8.2;4.5;0.0
03;2021-02-28;1;16;0;27135;14950;0;8.2;4.5;0.0
03;2021-03-01;186;243;0;27321;15193;0;8.2;4.6;0.0
03;2021-03-02;784;663;0;28105;15856;0;8.5;4.8;0.0
03;2021-03-03;859;454;0;28964;16310;0;8.7;4.9;0.0
03;2021-03-04;1490;583;0;30454;16893;0;9.2;5.1;0.0
03;2021-03-05;1064;714;0;31518;17607;0;9.5;5.3;0.0
03;2021-03-06;895;117;0;32413;17724;0;9.8;5.3;0.0
03;2021-03-07;14;2;0;32427;17726;0;9.8;5.4;0.0
03;2021-03-08;249;249;0;32676;17975;0;9.9;5.4;0.0
03;2021-03-09;942;448;0;33618;18423;0;10.1;5.6;0.0
03;2021-03-10;924;540;0;34542;18963;0;10.4;5.7;0.0
03;2021-03-11;1615;667;0;36157;19630;0;10.9;5.9;0.0
03;2021-03-12;1256;841;0;37413;20471;0;11.3;6.2;0.0
03;2021-03-13;859;112;0;38272;20583;0;11.6;6.2;0.0
03;2021-03-14;12;7;0;38284;20590;0;11.6;6.2;0.0
03;2021-03-15;301;205;0;38585;20795;0;11.6;6.3;0.0
03;2021-03-16;647;405;0;39232;21200;0;11.8;6.4;0.0
03;2021-03-17;1278;420;0;40510;21620;0;12.2;6.5;0.0
03;2021-03-18;1680;405;0;42190;22025;0;12.7;6.6;0.0
03;2021-03-19;1657;347;0;43847;22372;0;13.2;6.8;0.0
03;2021-03-20;303;29;0;44150;22401;0;13.3;6.8;0.0
03;2021-03-21;4;0;0;44154;22401;0;13.3;6.8;0.0
03;2021-03-22;258;392;0;44412;22793;0;13.4;6.9;0.0
03;2021-03-23;1308;361;0;45720;23154;0;13.8;7.0;0.0
03;2021-03-24;1809;337;0;47529;23491;0;14.3;7.1;0.0
03;2021-03-25;2320;545;0;49849;24036;0;15.0;7.3;0.0
03;2021-03-26;2267;438;0;52116;24474;0;15.7;7.4;0.0
03;2021-03-27;818;28;0;52934;24502;0;16.0;7.4;0.0
03;2021-03-28;14;35;0;52948;24537;0;16.0;7.4;0.0
03;2021-03-29;677;176;0;53625;24713;0;16.2;7.5;0.0
03;2021-03-30;1897;450;0;55522;25163;0;16.8;7.6;0.0
03;2021-03-31;1053;925;0;56575;26088;0;17.1;7.9;0.0
03;2021-04-01;1412;1094;0;57987;27182;0;17.5;8.2;0.0
03;2021-04-02;1711;629;0;59698;27811;0;18.0;8.4;0.0
03;2021-04-03;375;109;0;60073;27920;0;18.1;8.4;0.0
03;2021-04-04;32;0;0;60105;27920;0;18.1;8.4;0.0
03;2021-04-05;40;15;0;60145;27935;0;18.2;8.4;0.0
03;2021-04-06;1123;431;0;61268;28366;0;18.5;8.6;0.0
03;2021-04-07;1571;532;0;62839;28898;0;19.0;8.7;0.0
03;2021-04-08;2130;541;0;64969;29439;0;19.6;8.9;0.0
03;2021-04-09;2047;1105;0;67016;30544;0;20.2;9.2;0.0
03;2021-04-10;952;87;0;67968;30631;0;20.5;9.2;0.0
03;2021-04-11;364;11;0;68332;30642;0;20.6;9.2;0.0
03;2021-04-12;1014;253;0;69346;30895;0;20.9;9.3;0.0
03;2021-04-13;1834;962;0;71180;31857;0;21.5;9.6;0.0
03;2021-04-14;2192;1167;0;73372;33024;0;22.1;10.0;0.0
03;2021-04-15;2534;1364;0;75906;34388;0;22.9;10.4;0.0
03;2021-04-16;2671;1175;0;78577;35563;0;23.7;10.7;0.0
03;2021-04-17;1055;419;0;79632;35982;0;24.0;10.9;0.0
03;2021-04-18;26;7;0;79658;35989;0;24.0;10.9;0.0
03;2021-04-19;1164;609;0;80822;36598;0;24.4;11.0;0.0
03;2021-04-20;1704;1273;0;82526;37871;0;24.9;11.4;0.0
03;2021-04-21;1149;1266;0;83675;39137;0;25.3;11.8;0.0
03;2021-04-22;1660;1004;0;85335;40141;0;25.8;12.1;0.0
03;2021-04-23;2372;1283;0;87707;41424;0;26.5;12.5;0.0
03;2021-04-24;1257;921;0;88964;42345;0;26.9;12.8;0.0
03;2021-04-25;370;25;0;89334;42370;0;27.0;12.8;0.0
03;2021-04-26;1301;496;0;90635;42866;0;27.4;12.9;0.0
03;2021-04-27;1686;1580;0;92321;44446;0;27.9;13.4;0.0
03;2021-04-28;1880;1172;0;94201;45618;0;28.4;13.8;0.0
03;2021-04-29;2276;1210;0;96477;46828;0;29.1;14.1;0.0
03;2021-04-30;1819;834;0;98296;47662;0;29.7;14.4;0.0
03;2021-05-01;450;492;0;98746;48154;0;29.8;14.5;0.0
03;2021-05-02;28;12;0;98774;48166;0;29.8;14.5;0.0
03;2021-05-03;1798;789;0;100572;48955;0;30.4;14.8;0.0
03;2021-05-04;2655;1658;0;103227;50613;0;31.2;15.3;0.0
03;2021-05-05;2408;1322;0;105635;51935;0;31.9;15.7;0.0
03;2021-05-06;2852;1929;0;108487;53864;0;32.7;16.3;0.0
03;2021-05-07;4322;1754;0;112809;55618;0;34.0;16.8;0.0
03;2021-05-08;562;344;0;113371;55962;0;34.2;16.9;0.0
03;2021-05-09;56;366;0;113427;56328;0;34.2;17.0;0.0
03;2021-05-10;1752;1504;0;115179;57832;0;34.8;17.5;0.0
03;2021-05-11;3434;1855;0;118613;59687;0;35.8;18.0;0.0
03;2021-05-12;2584;1473;0;121197;61160;0;36.6;18.5;0.0
03;2021-05-13;3434;350;0;124631;61510;0;37.6;18.6;0.0
03;2021-05-14;3131;1642;0;127762;63152;0;38.6;19.1;0.0
03;2021-05-15;1706;472;0;129468;63624;0;39.1;19.2;0.0
03;2021-05-16;508;54;0;129976;63678;0;39.2;19.2;0.0
03;2021-05-17;1219;879;0;131195;64557;0;39.6;19.5;0.0
03;2021-05-18;2870;1491;0;134065;66048;0;40.5;19.9;0.0
03;2021-05-19;2361;933;0;136426;66981;0;41.2;20.2;0.0
03;2021-05-20;2970;1081;0;139396;68062;0;42.1;20.5;0.0
03;2021-05-21;3551;1260;0;142947;69322;0;43.1;20.9;0.0
03;2021-05-22;1741;350;0;144688;69672;0;43.7;21.0;0.0
03;2021-05-23;599;67;0;145287;69739;0;43.9;21.0;0.0
03;2021-05-24;1938;157;0;147225;69896;0;44.4;21.1;0.0
03;2021-05-25;2759;1651;0;149984;71547;0;45.3;21.6;0.0
03;2021-05-26;1967;1035;0;151951;72582;0;45.9;21.9;0.0
03;2021-05-27;2646;1165;0;154597;73747;0;46.7;22.3;0.0
03;2021-05-28;3115;2197;0;157712;75944;0;47.6;22.9;0.0
03;2021-05-29;1312;595;0;159024;76539;0;48.0;23.1;0.0
03;2021-05-30;173;27;0;159197;76566;0;48.1;23.1;0.0
03;2021-05-31;679;597;0;159876;77163;0;48.3;23.3;0.0
03;2021-06-01;2079;2292;0;161955;79455;0;48.9;24.0;0.0
03;2021-06-02;1426;1706;0;163381;81161;0;49.3;24.5;0.0
03;2021-06-03;1874;2589;0;165255;83750;0;49.9;25.3;0.0
03;2021-06-04;1537;2436;0;166792;86186;0;50.3;26.0;0.0
03;2021-06-05;911;1109;0;167703;87295;0;50.6;26.3;0.0
03;2021-06-06;78;23;0;167781;87318;0;50.6;26.4;0.0
03;2021-06-07;633;1822;0;168414;89140;0;50.8;26.9;0.0
03;2021-06-08;1384;2479;0;169798;91619;0;51.2;27.7;0.0
03;2021-06-09;1129;1784;0;170927;93403;0;51.6;28.2;0.0
03;2021-06-10;1226;2022;0;172153;95425;0;52.0;28.8;0.0
03;2021-06-11;1297;3224;0;173450;98649;0;52.4;29.8;0.0
03;2021-06-12;729;830;0;174179;99479;0;52.6;30.0;0.0
03;2021-06-13;42;28;0;174221;99507;0;52.6;30.0;0.0
03;2021-06-14;427;2001;0;174648;101508;0;52.7;30.6;0.0
03;2021-06-15;1169;3534;0;175817;105042;0;53.1;31.7;0.0
03;2021-06-16;773;2656;0;176590;107698;0;53.3;32.5;0.0
03;2021-06-17;1010;3056;0;177600;110754;0;53.6;33.4;0.0
03;2021-06-18;1053;3648;0;178653;114402;0;53.9;34.5;0.0
03;2021-06-19;571;1369;0;179224;115771;0;54.1;34.9;0.0
03;2021-06-20;29;26;0;179253;115797;0;54.1;35.0;0.0
03;2021-06-21;450;2358;0;179703;118155;0;54.2;35.7;0.0
03;2021-06-22;881;3589;0;180584;121744;0;54.5;36.7;0.0
03;2021-06-23;599;2795;0;181183;124539;0;54.7;37.6;0.0
03;2021-06-24;836;3507;0;182019;128046;0;54.9;38.6;0.0
03;2021-06-25;853;3451;0;182872;131497;0;55.2;39.7;0.0
03;2021-06-26;480;1812;0;183352;133309;0;55.3;40.2;0.0
03;2021-06-27;58;488;0;183410;133797;0;55.4;40.4;0.0
03;2021-06-28;606;1865;0;184016;135662;0;55.5;40.9;0.0
03;2021-06-29;973;3141;0;184989;138803;0;55.8;41.9;0.0
03;2021-06-30;773;2842;0;185762;141645;0;56.1;42.8;0.0
03;2021-07-01;907;2756;0;186669;144401;0;56.3;43.6;0.0
03;2021-07-02;880;3628;0;187549;148029;0;56.6;44.7;0.0
03;2021-07-03;450;1640;0;187999;149669;0;56.7;45.2;0.0
03;2021-07-04;35;294;0;188034;149963;0;56.8;45.3;0.0
03;2021-07-05;722;2072;0;188756;152035;0;57.0;45.9;0.0
03;2021-07-06;1073;3183;0;189829;155218;0;57.3;46.8;0.0
03;2021-07-07;789;2279;0;190618;157497;0;57.5;47.5;0.0
03;2021-07-08;942;2765;0;191560;160262;0;57.8;48.4;0.0
03;2021-07-09;1213;3034;0;192773;163296;0;58.2;49.3;0.0
03;2021-07-10;406;1469;0;193179;164765;0;58.3;49.7;0.0
03;2021-07-11;73;386;0;193252;165151;0;58.3;49.8;0.0
03;2021-07-12;833;1239;0;194085;166390;0;58.6;50.2;0.0
03;2021-07-13;2217;2923;0;196302;169313;0;59.2;51.1;0.0
03;2021-07-14;231;84;0;196533;169397;0;59.3;51.1;0.0
03;2021-07-15;2246;2207;0;198779;171604;0;60.0;51.8;0.0
03;2021-07-16;2334;2034;0;201113;173638;0;60.7;52.4;0.0
03;2021-07-17;921;1383;0;202034;175021;0;61.0;52.8;0.0
03;2021-07-18;82;21;0;202116;175042;0;61.0;52.8;0.0
03;2021-07-19;2081;1258;0;204197;176300;0;61.6;53.2;0.0
03;2021-07-20;2699;2826;0;206896;179126;0;62.4;54.1;0.0
03;2021-07-21;2711;1311;0;209607;180437;0;63.3;54.5;0.0
03;2021-07-22;2494;1731;0;212101;182168;0;64.0;55.0;0.0
03;2021-07-23;2732;1182;0;214833;183350;0;64.8;55.3;0.0
03;2021-07-24;648;540;0;215481;183890;0;65.0;55.5;0.0
03;2021-07-25;103;45;0;215584;183935;0;65.1;55.5;0.0
03;2021-07-26;1807;1440;0;217391;185375;0;65.6;56.0;0.0
03;2021-07-27;2915;1913;0;220306;187288;0;66.5;56.5;0.0
03;2021-07-28;2335;995;0;222641;188283;0;67.2;56.8;0.0
03;2021-07-29;2144;1349;0;224785;189632;0;67.8;57.2;0.0
03;2021-07-30;1930;1251;0;226715;190883;0;68.4;57.6;0.0
03;2021-07-31;837;738;0;227552;191621;0;68.7;57.8;0.0
03;2021-08-01;55;31;0;227607;191652;0;68.7;57.8;0.0
03;2021-08-02;1515;1459;0;229122;193111;0;69.2;58.3;0.0
03;2021-08-03;1977;2483;0;231099;195594;0;69.8;59.0;0.0
03;2021-08-04;1826;839;0;232925;196433;0;70.3;59.3;0.0
03;2021-08-05;1233;1653;0;234158;198086;0;70.7;59.8;0.0
03;2021-08-06;1261;977;0;235419;199063;0;71.1;60.1;0.0
03;2021-08-07;564;536;0;235983;199599;0;71.2;60.2;0.0
03;2021-08-08;82;72;0;236065;199671;0;71.3;60.3;0.0
03;2021-08-09;660;1319;0;236725;200990;0;71.5;60.7;0.0
03;2021-08-10;1569;2986;0;238294;203976;0;71.9;61.6;0.0
03;2021-08-11;1210;2124;0;239504;206100;0;72.3;62.2;0.0
03;2021-08-12;1045;2872;0;240549;208972;0;72.6;63.1;0.0
03;2021-08-13;815;1147;0;241364;210119;0;72.9;63.4;0.0
03;2021-08-14;387;594;0;241751;210713;0;73.0;63.6;0.0
03;2021-08-15;18;98;0;241769;210811;0;73.0;63.6;0.0
03;2021-08-16;678;2387;0;242447;213198;0;73.2;64.3;0.0
03;2021-08-17;1006;2795;0;243453;215993;0;73.5;65.2;0.0
03;2021-08-18;1094;1949;0;244547;217942;0;73.8;65.8;0.0
03;2021-08-19;926;2522;0;245473;220464;0;74.1;66.5;0.0
03;2021-08-20;725;1189;0;246198;221653;0;74.3;66.9;0.0
03;2021-08-21;395;722;0;246593;222375;0;74.4;67.1;0.0
03;2021-08-22;23;34;0;246616;222409;0;74.4;67.1;0.0
03;2021-08-23;715;2062;0;247331;224471;0;74.7;67.8;0.0
03;2021-08-24;843;2130;0;248174;226601;0;74.9;68.4;0.0
03;2021-08-25;835;1725;0;249009;228326;0;75.2;68.9;0.0
03;2021-08-26;528;1320;0;249537;229646;0;75.3;69.3;0.0
03;2021-08-27;457;1549;0;249994;231195;0;75.5;69.8;0.0
03;2021-08-28;217;621;0;250211;231816;0;75.5;70.0;0.0
03;2021-08-29;11;17;0;250222;231833;0;75.5;70.0;0.0
03;2021-08-30;717;1331;22;250939;233164;22;75.7;70.4;0.0
03;2021-08-31;682;1868;106;251621;235032;128;75.9;70.9;0.0
03;2021-09-01;573;1266;218;252194;236298;346;76.1;71.3;0.1
03;2021-09-02;452;1002;146;252646;237300;492;76.3;71.6;0.1
03;2021-09-03;482;1098;133;253128;238398;625;76.4;72.0;0.2
03;2021-09-04;252;601;27;253380;238999;652;76.5;72.1;0.2
03;2021-09-05;12;35;3;253392;239034;655;76.5;72.1;0.2
03;2021-09-06;313;690;417;253705;239724;1072;76.6;72.4;0.3
03;2021-09-07;566;1093;468;254271;240817;1540;76.7;72.7;0.5
03;2021-09-08;384;1204;304;254655;242021;1844;76.9;73.0;0.6
03;2021-09-09;242;612;292;254897;242633;2136;76.9;73.2;0.6
03;2021-09-10;409;914;325;255306;243547;2461;77.1;73.5;0.7
03;2021-09-11;200;601;42;255506;244148;2503;77.1;73.7;0.8
03;2021-09-12;7;19;2;255513;244167;2505;77.1;73.7;0.8
03;2021-09-13;275;603;314;255788;244770;2819;77.2;73.9;0.9
03;2021-09-14;412;884;527;256200;245654;3346;77.3;74.1;1.0
03;2021-09-15;337;960;386;256537;246614;3732;77.4;74.4;1.1
03;2021-09-16;200;547;421;256737;247161;4153;77.5;74.6;1.3
03;2021-09-17;166;383;335;256903;247544;4488;77.5;74.7;1.4
03;2021-09-18;144;324;103;257047;247868;4591;77.6;74.8;1.4
03;2021-09-19;3;19;0;257050;247887;4591;77.6;74.8;1.4
03;2021-09-20;181;423;422;257231;248310;5013;77.6;74.9;1.5
03;2021-09-21;239;671;673;257470;248981;5686;77.7;75.1;1.7
03;2021-09-22;259;663;657;257729;249644;6343;77.8;75.3;1.9
03;2021-09-23;160;424;630;257889;250068;6973;77.8;75.5;2.1
03;2021-09-24;146;350;304;258035;250418;7277;77.9;75.6;2.2
03;2021-09-25;61;268;44;258096;250686;7321;77.9;75.7;2.2
03;2021-09-26;2;2;0;258098;250688;7321;77.9;75.7;2.2
03;2021-09-27;120;336;287;258218;251024;7608;77.9;75.8;2.3
03;2021-09-28;171;583;694;258389;251607;8302;78.0;75.9;2.5
03;2021-09-29;195;463;602;258584;252070;8904;78.0;76.1;2.7
03;2021-09-30;119;236;468;258703;252306;9372;78.1;76.2;2.8
03;2021-10-01;165;477;326;258868;252783;9698;78.1;76.3;2.9
03;2021-10-02;89;191;136;258957;252974;9834;78.2;76.4;3.0
03;2021-10-03;0;1;6;258957;252975;9840;78.2;76.4;3.0
03;2021-10-04;51;118;228;259008;253093;10068;78.2;76.4;3.0
03;2021-10-05;158;369;622;259166;253462;10690;78.2;76.5;3.2
03;2021-10-06;260;496;756;259426;253958;11446;78.3;76.7;3.5
03;2021-10-07;95;202;540;259521;254160;11986;78.3;76.7;3.6
03;2021-10-08;137;284;501;259658;254444;12487;78.4;76.8;3.8
03;2021-10-09;105;175;229;259763;254619;12716;78.4;76.9;3.8
03;2021-10-10;6;8;73;259769;254627;12789;78.4;76.9;3.9
03;2021-10-11;168;276;569;259937;254903;13358;78.5;76.9;4.0
03;2021-10-12;167;275;711;260104;255178;14069;78.5;77.0;4.2
03;2021-10-13;243;364;755;260347;255542;14824;78.6;77.1;4.5
03;2021-10-14;90;159;578;260437;255701;15402;78.6;77.2;4.6
03;2021-10-15;97;188;308;260534;255889;15710;78.6;77.2;4.7
03;2021-10-16;72;100;149;260606;255989;15859;78.7;77.3;4.8
03;2021-10-17;2;2;4;260608;255991;15863;78.7;77.3;4.8
03;2021-10-18;71;121;372;260679;256112;16235;78.7;77.3;4.9
03;2021-10-19;92;136;547;260771;256248;16782;78.7;77.3;5.1
03;2021-10-20;165;323;1045;260936;256571;17827;78.8;77.4;5.4
03;2021-10-21;68;102;732;261004;256673;18559;78.8;77.5;5.6
03;2021-10-22;93;184;578;261097;256857;19137;78.8;77.5;5.8
03;2021-10-23;25;91;152;261122;256948;19289;78.8;77.6;5.8
03;2021-10-24;3;1;10;261125;256949;19299;78.8;77.6;5.8
03;2021-10-25;61;57;486;261186;257006;19785;78.8;77.6;6.0
03;2021-10-26;69;116;457;261255;257122;20242;78.9;77.6;6.1
03;2021-10-27;129;263;1285;261384;257385;21527;78.9;77.7;6.5
03;2021-10-28;70;95;691;261454;257480;22218;78.9;77.7;6.7
03;2021-10-29;59;118;491;261513;257598;22709;78.9;77.8;6.9
03;2021-10-30;28;58;149;261541;257656;22858;78.9;77.8;6.9
03;2021-10-31;0;2;5;261541;257658;22863;78.9;77.8;6.9
03;2021-11-01;8;20;34;261549;257678;22897;78.9;77.8;6.9
03;2021-11-02;58;133;643;261607;257811;23540;79.0;77.8;7.1
03;2021-11-03;144;314;1319;261751;258125;24859;79.0;77.9;7.5
03;2021-11-04;46;117;896;261797;258242;25755;79.0;77.9;7.8
03;2021-11-05;79;122;771;261876;258364;26526;79.0;78.0;8.0
03;2021-11-06;20;72;244;261896;258436;26770;79.0;78.0;8.1
03;2021-11-07;1;4;16;261897;258440;26786;79.0;78.0;8.1
03;2021-11-08;40;101;654;261937;258541;27440;79.1;78.0;8.3
03;2021-11-09;58;98;975;261995;258639;28415;79.1;78.1;8.6
03;2021-11-10;146;236;2032;262141;258875;30447;79.1;78.1;9.2
03;2021-11-11;3;5;44;262144;258880;30491;79.1;78.1;9.2
03;2021-11-12;38;97;655;262182;258977;31146;79.1;78.2;9.4
03;2021-11-13;21;23;344;262203;259000;31490;79.1;78.2;9.5
03;2021-11-14;1;5;9;262204;259005;31499;79.1;78.2;9.5
03;2021-11-15;41;63;853;262245;259068;32352;79.2;78.2;9.8
03;2021-11-16;61;82;1244;262306;259150;33596;79.2;78.2;10.1
03;2021-11-17;150;180;1984;262456;259330;35580;79.2;78.3;10.7
03;2021-11-18;69;75;1679;262525;259405;37259;79.2;78.3;11.2
03;2021-11-19;103;116;1455;262628;259521;38714;79.3;78.3;11.7
03;2021-11-20;46;37;570;262674;259558;39284;79.3;78.3;11.9
03;2021-11-21;0;4;16;262674;259562;39300;79.3;78.3;11.9
03;2021-11-22;57;31;934;262731;259593;40234;79.3;78.4;12.1
03;2021-11-23;59;45;1243;262790;259638;41477;79.3;78.4;12.5
03;2021-11-24;136;136;2015;262926;259774;43492;79.4;78.4;13.1
03;2021-11-25;70;67;1796;262996;259841;45288;79.4;78.4;13.7
03;2021-11-26;88;97;1919;263084;259938;47207;79.4;78.5;14.2
03;2021-11-27;32;41;657;263116;259979;47864;79.4;78.5;14.4
03;2021-11-28;1;3;37;263117;259982;47901;79.4;78.5;14.5
03;2021-11-29;42;59;1637;263159;260041;49538;79.4;78.5;15.0
03;2021-11-30;79;72;3143;263238;260113;52681;79.5;78.5;15.9
03;2021-12-01;78;126;3131;263316;260239;55812;79.5;78.5;16.8
03;2021-12-02;53;42;3673;263369;260281;59485;79.5;78.6;18.0
03;2021-12-03;66;60;3142;263435;260341;62627;79.5;78.6;18.9
03;2021-12-04;51;33;1660;263486;260374;64287;79.5;78.6;19.4
03;2021-12-05;1;3;75;263487;260377;64362;79.5;78.6;19.4
03;2021-12-06;39;50;2898;263526;260427;67260;79.5;78.6;20.3
03;2021-12-07;69;77;4307;263595;260504;71567;79.6;78.6;21.6
03;2021-12-08;51;145;3860;263646;260649;75427;79.6;78.7;22.8
03;2021-12-09;79;74;4353;263725;260723;79780;79.6;78.7;24.1
03;2021-12-10;78;111;5125;263803;260834;84905;79.6;78.7;25.6
03;2021-12-11;36;40;2197;263839;260874;87102;79.6;78.7;26.3
03;2021-12-12;2;5;102;263841;260879;87204;79.6;78.7;26.3
03;2021-12-13;56;69;3383;263897;260948;90587;79.7;78.8;27.3
03;2021-12-14;85;88;5061;263982;261036;95648;79.7;78.8;28.9
03;2021-12-15;66;138;4952;264048;261174;100600;79.7;78.8;30.4
03;2021-12-16;67;94;5482;264115;261268;106082;79.7;78.9;32.0
03;2021-12-17;88;129;4808;264203;261397;110890;79.7;78.9;33.5
03;2021-12-18;57;50;2570;264260;261447;113460;79.8;78.9;34.2
03;2021-12-19;17;8;509;264277;261455;113969;79.8;78.9;34.4
03;2021-12-20;74;59;3266;264351;261514;117235;79.8;78.9;35.4
03;2021-12-21;102;92;4392;264453;261606;121627;79.8;79.0;36.7
03;2021-12-22;95;70;3131;264548;261676;124758;79.8;79.0;37.7
04;2020-12-27;0;0;0;0;0;0;0.0;0.0;0.0
04;2020-12-28;0;0;0;0;0;0;0.0;0.0;0.0
04;2020-12-29;0;0;0;0;0;0;0.0;0.0;0.0
04;2020-12-30;0;0;0;0;0;0;0.0;0.0;0.0
04;2020-12-31;0;0;0;0;0;0;0.0;0.0;0.0
04;2021-01-01;0;0;0;0;0;0;0.0;0.0;0.0
04;2021-01-02;0;0;0;0;0;0;0.0;0.0;0.0
04;2021-01-03;0;0;0;0;0;0;0.0;0.0;0.0
04;2021-01-04;1;0;0;1;0;0;0.0;0.0;0.0
04;2021-01-05;4;0;0;5;0;0;0.0;0.0;0.0
04;2021-01-06;2;0;0;7;0;0;0.0;0.0;0.0
04;2021-01-07;53;0;0;60;0;0;0.0;0.0;0.0
04;2021-01-08;91;0;0;151;0;0;0.1;0.0;0.0
04;2021-01-09;29;0;0;180;0;0;0.1;0.0;0.0
04;2021-01-10;0;0;0;180;0;0;0.1;0.0;0.0
04;2021-01-11;75;0;0;255;0;0;0.2;0.0;0.0
04;2021-01-12;356;0;0;611;0;0;0.4;0.0;0.0
04;2021-01-13;209;2;0;820;2;0;0.5;0.0;0.0
04;2021-01-14;95;4;0;915;6;0;0.6;0.0;0.0
04;2021-01-15;172;4;0;1087;10;0;0.7;0.0;0.0
04;2021-01-16;80;2;0;1167;12;0;0.7;0.0;0.0
04;2021-01-17;14;0;0;1181;12;0;0.7;0.0;0.0
04;2021-01-18;223;5;0;1404;17;0;0.8;0.0;0.0
04;2021-01-19;446;4;0;1850;21;0;1.1;0.0;0.0
04;2021-01-20;531;9;0;2381;30;0;1.4;0.0;0.0
04;2021-01-21;531;3;0;2912;33;0;1.8;0.0;0.0
04;2021-01-22;541;1;0;3453;34;0;2.1;0.0;0.0
04;2021-01-23;95;1;0;3548;35;0;2.1;0.0;0.0
04;2021-01-24;0;0;0;3548;35;0;2.1;0.0;0.0
04;2021-01-25;225;0;0;3773;35;0;2.3;0.0;0.0
04;2021-01-26;584;2;0;4357;37;0;2.6;0.0;0.0
04;2021-01-27;449;1;0;4806;38;0;2.9;0.0;0.0
04;2021-01-28;565;22;0;5371;60;0;3.3;0.0;0.0
04;2021-01-29;326;65;0;5697;125;0;3.4;0.1;0.0
04;2021-01-30;49;28;0;5746;153;0;3.5;0.1;0.0
04;2021-01-31;1;3;0;5747;156;0;3.5;0.1;0.0
04;2021-02-01;251;126;0;5998;282;0;3.6;0.2;0.0
04;2021-02-02;513;208;0;6511;490;0;3.9;0.3;0.0
04;2021-02-03;296;134;0;6807;624;0;4.1;0.4;0.0
04;2021-02-04;302;65;0;7109;689;0;4.3;0.4;0.0
04;2021-02-05;352;192;0;7461;881;0;4.5;0.5;0.0
04;2021-02-06;33;74;0;7494;955;0;4.5;0.6;0.0
04;2021-02-07;3;12;0;7497;967;0;4.5;0.6;0.0
04;2021-02-08;159;74;0;7656;1041;0;4.6;0.6;0.0
04;2021-02-09;155;147;0;7811;1188;0;4.7;0.7;0.0
04;2021-02-10;253;177;0;8064;1365;0;4.9;0.8;0.0
04;2021-02-11;321;279;0;8385;1644;0;5.1;1.0;0.0
04;2021-02-12;286;309;0;8671;1953;0;5.2;1.2;0.0
04;2021-02-13;22;88;0;8693;2041;0;5.3;1.2;0.0
04;2021-02-14;0;1;0;8693;2042;0;5.3;1.2;0.0
04;2021-02-15;29;149;0;8722;2191;0;5.3;1.3;0.0
04;2021-02-16;79;455;0;8801;2646;0;5.3;1.6;0.0
04;2021-02-17;64;388;0;8865;3034;0;5.4;1.8;0.0
04;2021-02-18;56;547;0;8921;3581;0;5.4;2.2;0.0
04;2021-02-19;61;327;0;8982;3908;0;5.4;2.4;0.0
04;2021-02-20;7;59;0;8989;3967;0;5.4;2.4;0.0
04;2021-02-21;0;0;0;8989;3967;0;5.4;2.4;0.0
04;2021-02-22;15;284;0;9004;4251;0;5.5;2.6;0.0
04;2021-02-23;29;528;0;9033;4779;0;5.5;2.9;0.0
04;2021-02-24;43;400;0;9076;5179;0;5.5;3.1;0.0
04;2021-02-25;71;327;0;9147;5506;0;5.5;3.3;0.0
04;2021-02-26;206;299;0;9353;5805;0;5.7;3.5;0.0
04;2021-02-27;158;64;0;9511;5869;0;5.8;3.6;0.0
04;2021-02-28;0;0;0;9511;5869;0;5.8;3.6;0.0
04;2021-03-01;24;79;0;9535;5948;0;5.8;3.6;0.0
04;2021-03-02;141;45;0;9676;5993;0;5.9;3.6;0.0
04;2021-03-03;354;553;0;10030;6546;0;6.1;4.0;0.0
04;2021-03-04;212;439;0;10242;6985;0;6.2;4.2;0.0
04;2021-03-05;247;304;0;10489;7289;0;6.3;4.4;0.0
04;2021-03-06;849;61;0;11338;7350;0;6.9;4.4;0.0
04;2021-03-07;468;24;0;11806;7374;0;7.1;4.5;0.0
04;2021-03-08;62;87;0;11868;7461;0;7.2;4.5;0.0
04;2021-03-09;215;208;0;12083;7669;0;7.3;4.6;0.0
04;2021-03-10;400;302;0;12483;7971;0;7.6;4.8;0.0
04;2021-03-11;488;325;0;12971;8296;0;7.9;5.0;0.0
04;2021-03-12;681;207;0;13652;8503;0;8.3;5.1;0.0
04;2021-03-13;994;56;0;14646;8559;0;8.9;5.2;0.0
04;2021-03-14;412;7;0;15058;8566;0;9.1;5.2;0.0
04;2021-03-15;115;14;0;15173;8580;0;9.2;5.2;0.0
04;2021-03-16;88;15;0;15261;8595;0;9.2;5.2;0.0
04;2021-03-17;541;87;0;15802;8682;0;9.6;5.3;0.0
04;2021-03-18;786;34;0;16588;8716;0;10.0;5.3;0.0
04;2021-03-19;719;40;0;17307;8756;0;10.5;5.3;0.0
04;2021-03-20;150;4;0;17457;8760;0;10.6;5.3;0.0
04;2021-03-21;2;0;0;17459;8760;0;10.6;5.3;0.0
04;2021-03-22;151;19;0;17610;8779;0;10.7;5.3;0.0
04;2021-03-23;264;17;0;17874;8796;0;10.8;5.3;0.0
04;2021-03-24;1006;40;0;18880;8836;0;11.4;5.3;0.0
04;2021-03-25;1218;60;0;20098;8896;0;12.2;5.4;0.0
04;2021-03-26;1394;77;0;21492;8973;0;13.0;5.4;0.0
04;2021-03-27;240;17;0;21732;8990;0;13.2;5.4;0.0
04;2021-03-28;11;0;0;21743;8990;0;13.2;5.4;0.0
04;2021-03-29;663;27;0;22406;9017;0;13.6;5.5;0.0
04;2021-03-30;1035;143;0;23441;9160;0;14.2;5.5;0.0
04;2021-03-31;1260;114;0;24701;9274;0;15.0;5.6;0.0
04;2021-04-01;1054;134;0;25755;9408;0;15.6;5.7;0.0
04;2021-04-02;1120;126;0;26875;9534;0;16.3;5.8;0.0
04;2021-04-03;219;29;0;27094;9563;0;16.4;5.8;0.0
04;2021-04-04;12;4;0;27106;9567;0;16.4;5.8;0.0
04;2021-04-05;44;4;0;27150;9571;0;16.4;5.8;0.0
04;2021-04-06;895;153;0;28045;9724;0;17.0;5.9;0.0
04;2021-04-07;840;431;0;28885;10155;0;17.5;6.1;0.0
04;2021-04-08;876;637;0;29761;10792;0;18.0;6.5;0.0
04;2021-04-09;672;424;0;30433;11216;0;18.4;6.8;0.0
04;2021-04-10;238;160;0;30671;11376;0;18.6;6.9;0.0
04;2021-04-11;134;51;0;30805;11427;0;18.6;6.9;0.0
04;2021-04-12;604;127;0;31409;11554;0;19.0;7.0;0.0
04;2021-04-13;1050;238;0;32459;11792;0;19.6;7.1;0.0
04;2021-04-14;911;494;0;33370;12286;0;20.2;7.4;0.0
04;2021-04-15;833;641;0;34203;12927;0;20.7;7.8;0.0
04;2021-04-16;781;468;0;34984;13395;0;21.2;8.1;0.0
04;2021-04-17;217;86;0;35201;13481;0;21.3;8.2;0.0
04;2021-04-18;11;15;0;35212;13496;0;21.3;8.2;0.0
04;2021-04-19;356;297;0;35568;13793;0;21.5;8.3;0.0
04;2021-04-20;892;435;0;36460;14228;0;22.1;8.6;0.0
04;2021-04-21;631;717;0;37091;14945;0;22.5;9.0;0.0
04;2021-04-22;660;773;0;37751;15718;0;22.9;9.5;0.0
04;2021-04-23;676;535;0;38427;16253;0;23.3;9.8;0.0
04;2021-04-24;147;68;0;38574;16321;0;23.4;9.9;0.0
04;2021-04-25;5;8;0;38579;16329;0;23.4;9.9;0.0
04;2021-04-26;201;617;0;38780;16946;0;23.5;10.3;0.0
04;2021-04-27;388;882;0;39168;17828;0;23.7;10.8;0.0
04;2021-04-28;457;1012;0;39625;18840;0;24.0;11.4;0.0
04;2021-04-29;667;1025;0;40292;19865;0;24.4;12.0;0.0
04;2021-04-30;489;814;0;40781;20679;0;24.7;12.5;0.0
04;2021-05-01;96;25;0;40877;20704;0;24.7;12.5;0.0
04;2021-05-02;19;116;0;40896;20820;0;24.8;12.6;0.0
04;2021-05-03;193;545;0;41089;21365;0;24.9;12.9;0.0
04;2021-05-04;537;810;0;41626;22175;0;25.2;13.4;0.0
04;2021-05-05;475;881;0;42101;23056;0;25.5;14.0;0.0
04;2021-05-06;1048;559;0;43149;23615;0;26.1;14.3;0.0
04;2021-05-07;664;707;0;43813;24322;0;26.5;14.7;0.0
04;2021-05-08;88;78;0;43901;24400;0;26.6;14.8;0.0
04;2021-05-09;14;6;0;43915;24406;0;26.6;14.8;0.0
04;2021-05-10;486;359;0;44401;24765;0;26.9;15.0;0.0
04;2021-05-11;1159;851;0;45560;25616;0;27.6;15.5;0.0
04;2021-05-12;1358;680;0;46918;26296;0;28.4;15.9;0.0
04;2021-05-13;400;116;0;47318;26412;0;28.6;16.0;0.0
04;2021-05-14;493;300;0;47811;26712;0;28.9;16.2;0.0
04;2021-05-15;205;128;0;48016;26840;0;29.1;16.2;0.0
04;2021-05-16;50;8;0;48066;26848;0;29.1;16.3;0.0
04;2021-05-17;220;310;0;48286;27158;0;29.2;16.4;0.0
04;2021-05-18;451;923;0;48737;28081;0;29.5;17.0;0.0
04;2021-05-19;792;657;0;49529;28738;0;30.0;17.4;0.0
04;2021-05-20;1190;573;0;50719;29311;0;30.7;17.7;0.0
04;2021-05-21;909;765;0;51628;30076;0;31.3;18.2;0.0
04;2021-05-22;167;130;0;51795;30206;0;31.4;18.3;0.0
04;2021-05-23;24;6;0;51819;30212;0;31.4;18.3;0.0
04;2021-05-24;76;41;0;51895;30253;0;31.4;18.3;0.0
04;2021-05-25;854;549;0;52749;30802;0;31.9;18.6;0.0
04;2021-05-26;1017;757;0;53766;31559;0;32.5;19.1;0.0
04;2021-05-27;1281;607;0;55047;32166;0;33.3;19.5;0.0
04;2021-05-28;1073;649;0;56120;32815;0;34.0;19.9;0.0
04;2021-05-29;149;366;0;56269;33181;0;34.1;20.1;0.0
04;2021-05-30;15;8;0;56284;33189;0;34.1;20.1;0.0
04;2021-05-31;509;443;0;56793;33632;0;34.4;20.4;0.0
04;2021-06-01;729;614;0;57522;34246;0;34.8;20.7;0.0
04;2021-06-02;936;1018;0;58458;35264;0;35.4;21.3;0.0
04;2021-06-03;1130;772;0;59588;36036;0;36.1;21.8;0.0
04;2021-06-04;1008;790;0;60596;36826;0;36.7;22.3;0.0
04;2021-06-05;185;212;0;60781;37038;0;36.8;22.4;0.0
04;2021-06-06;23;27;0;60804;37065;0;36.8;22.4;0.0
04;2021-06-07;587;369;0;61391;37434;0;37.2;22.7;0.0
04;2021-06-08;791;582;0;62182;38016;0;37.6;23.0;0.0
04;2021-06-09;1086;683;0;63268;38699;0;38.3;23.4;0.0
04;2021-06-10;1052;577;0;64320;39276;0;38.9;23.8;0.0
04;2021-06-11;872;661;0;65192;39937;0;39.5;24.2;0.0
04;2021-06-12;255;167;0;65447;40104;0;39.6;24.3;0.0
04;2021-06-13;18;10;0;65465;40114;0;39.6;24.3;0.0
04;2021-06-14;469;386;0;65934;40500;0;39.9;24.5;0.0
04;2021-06-15;621;939;0;66555;41439;0;40.3;25.1;0.0
04;2021-06-16;904;740;0;67459;42179;0;40.8;25.5;0.0
04;2021-06-17;862;891;0;68321;43070;0;41.4;26.1;0.0
04;2021-06-18;713;859;0;69034;43929;0;41.8;26.6;0.0
04;2021-06-19;100;161;0;69134;44090;0;41.8;26.7;0.0
04;2021-06-20;12;22;0;69146;44112;0;41.9;26.7;0.0
04;2021-06-21;295;635;0;69441;44747;0;42.0;27.1;0.0
04;2021-06-22;374;1277;0;69815;46024;0;42.3;27.9;0.0
04;2021-06-23;432;1257;0;70247;47281;0;42.5;28.6;0.0
04;2021-06-24;699;793;0;70946;48074;0;42.9;29.1;0.0
04;2021-06-25;444;693;0;71390;48767;0;43.2;29.5;0.0
04;2021-06-26;79;241;0;71469;49008;0;43.3;29.7;0.0
04;2021-06-27;10;25;0;71479;49033;0;43.3;29.7;0.0
04;2021-06-28;160;416;0;71639;49449;0;43.4;29.9;0.0
04;2021-06-29;364;856;0;72003;50305;0;43.6;30.5;0.0
04;2021-06-30;493;1104;0;72496;51409;0;43.9;31.1;0.0
04;2021-07-01;523;1158;0;73019;52567;0;44.2;31.8;0.0
04;2021-07-02;497;1096;0;73516;53663;0;44.5;32.5;0.0
04;2021-07-03;91;222;0;73607;53885;0;44.6;32.6;0.0
04;2021-07-04;14;28;0;73621;53913;0;44.6;32.6;0.0
04;2021-07-05;155;417;0;73776;54330;0;44.7;32.9;0.0
04;2021-07-06;441;1349;0;74217;55679;0;44.9;33.7;0.0
04;2021-07-07;472;1268;0;74689;56947;0;45.2;34.5;0.0
04;2021-07-08;627;1206;0;75316;58153;0;45.6;35.2;0.0
04;2021-07-09;554;1078;0;75870;59231;0;45.9;35.9;0.0
04;2021-07-10;122;215;0;75992;59446;0;46.0;36.0;0.0
04;2021-07-11;15;46;0;76007;59492;0;46.0;36.0;0.0
04;2021-07-12;154;708;0;76161;60200;0;46.1;36.4;0.0
04;2021-07-13;745;1462;0;76906;61662;0;46.6;37.3;0.0
04;2021-07-14;91;81;0;76997;61743;0;46.6;37.4;0.0
04;2021-07-15;1000;1501;0;77997;63244;0;47.2;38.3;0.0
04;2021-07-16;1049;1140;0;79046;64384;0;47.8;39.0;0.0
04;2021-07-17;455;276;0;79501;64660;0;48.1;39.1;0.0
04;2021-07-18;121;42;0;79622;64702;0;48.2;39.2;0.0
04;2021-07-19;512;694;0;80134;65396;0;48.5;39.6;0.0
04;2021-07-20;1187;1322;0;81321;66718;0;49.2;40.4;0.0
04;2021-07-21;947;1089;0;82268;67807;0;49.8;41.0;0.0
04;2021-07-22;1327;1188;0;83595;68995;0;50.6;41.8;0.0
04;2021-07-23;1149;1096;0;84744;70091;0;51.3;42.4;0.0
04;2021-07-24;594;250;0;85338;70341;0;51.7;42.6;0.0
04;2021-07-25;55;30;0;85393;70371;0;51.7;42.6;0.0
04;2021-07-26;516;637;0;85909;71008;0;52.0;43.0;0.0
04;2021-07-27;1232;927;0;87141;71935;0;52.7;43.5;0.0
04;2021-07-28;1117;990;0;88258;72925;0;53.4;44.1;0.0
04;2021-07-29;1367;1083;0;89625;74008;0;54.3;44.8;0.0
04;2021-07-30;1168;820;0;90793;74828;0;55.0;45.3;0.0
04;2021-07-31;293;193;0;91086;75021;0;55.1;45.4;0.0
04;2021-08-01;55;27;0;91141;75048;0;55.2;45.4;0.0
04;2021-08-02;258;175;0;91399;75223;0;55.3;45.5;0.0
04;2021-08-03;1156;935;0;92555;76158;0;56.0;46.1;0.0
04;2021-08-04;1078;715;0;93633;76873;0;56.7;46.5;0.0
04;2021-08-05;978;563;0;94611;77436;0;57.3;46.9;0.0
04;2021-08-06;576;461;0;95187;77897;0;57.6;47.2;0.0
04;2021-08-07;206;228;0;95393;78125;0;57.7;47.3;0.0
04;2021-08-08;44;25;0;95437;78150;0;57.8;47.3;0.0
04;2021-08-09;204;222;0;95641;78372;0;57.9;47.4;0.0
04;2021-08-10;588;844;0;96229;79216;0;58.3;48.0;0.0
04;2021-08-11;1073;911;0;97302;80127;0;58.9;48.5;0.0
04;2021-08-12;977;1078;0;98279;81205;0;59.5;49.2;0.0
04;2021-08-13;486;438;0;98765;81643;0;59.8;49.4;0.0
04;2021-08-14;144;161;0;98909;81804;0;59.9;49.5;0.0
04;2021-08-15;16;21;0;98925;81825;0;59.9;49.5;0.0
04;2021-08-16;203;306;0;99128;82131;0;60.0;49.7;0.0
04;2021-08-17;456;968;0;99584;83099;0;60.3;50.3;0.0
04;2021-08-18;643;1269;0;100227;84368;0;60.7;51.1;0.0
04;2021-08-19;608;1246;0;100835;85614;0;61.0;51.8;0.0
04;2021-08-20;716;1353;0;101551;86967;0;61.5;52.6;0.0
04;2021-08-21;107;213;0;101658;87180;0;61.5;52.8;0.0
04;2021-08-22;13;47;0;101671;87227;0;61.5;52.8;0.0
04;2021-08-23;105;226;0;101776;87453;0;61.6;52.9;0.0
04;2021-08-24;589;1318;0;102365;88771;0;62.0;53.7;0.0
04;2021-08-25;582;1137;0;102947;89908;0;62.3;54.4;0.0
04;2021-08-26;428;1053;0;103375;90961;0;62.6;55.1;0.0
04;2021-08-27;428;940;0;103803;91901;0;62.8;55.6;0.0
04;2021-08-28;148;285;0;103951;92186;0;62.9;55.8;0.0
04;2021-08-29;31;43;0;103982;92229;0;62.9;55.8;0.0
04;2021-08-30;131;342;8;104113;92571;8;63.0;56.0;0.0
04;2021-08-31;495;923;27;104608;93494;35;63.3;56.6;0.0
04;2021-09-01;493;1134;50;105101;94628;85;63.6;57.3;0.1
04;2021-09-02;323;838;82;105424;95466;167;63.8;57.8;0.1
04;2021-09-03;292;770;56;105716;96236;223;64.0;58.3;0.1
04;2021-09-04;151;282;14;105867;96518;237;64.1;58.4;0.1
04;2021-09-05;26;17;0;105893;96535;237;64.1;58.4;0.1
04;2021-09-06;98;203;5;105991;96738;242;64.2;58.6;0.1
04;2021-09-07;345;770;194;106336;97508;436;64.4;59.0;0.3
04;2021-09-08;331;728;153;106667;98236;589;64.6;59.5;0.4
04;2021-09-09;304;609;204;106971;98845;793;64.8;59.8;0.5
04;2021-09-10;281;674;128;107252;99519;921;64.9;60.2;0.6
04;2021-09-11;105;185;39;107357;99704;960;65.0;60.4;0.6
04;2021-09-12;8;20;3;107365;99724;963;65.0;60.4;0.6
04;2021-09-13;109;117;33;107474;99841;996;65.1;60.4;0.6
04;2021-09-14;319;535;307;107793;100376;1303;65.3;60.8;0.8
04;2021-09-15;282;631;345;108075;101007;1648;65.4;61.1;1.0
04;2021-09-16;274;446;296;108349;101453;1944;65.6;61.4;1.2
04;2021-09-17;186;493;145;108535;101946;2089;65.7;61.7;1.3
04;2021-09-18;54;160;61;108589;102106;2150;65.7;61.8;1.3
04;2021-09-19;7;18;1;108596;102124;2151;65.7;61.8;1.3
04;2021-09-20;86;89;37;108682;102213;2188;65.8;61.9;1.3
04;2021-09-21;171;523;285;108853;102736;2473;65.9;62.2;1.5
04;2021-09-22;149;627;213;109002;103363;2686;66.0;62.6;1.6
04;2021-09-23;165;321;214;109167;103684;2900;66.1;62.8;1.8
04;2021-09-24;157;433;153;109324;104117;3053;66.2;63.0;1.8
04;2021-09-25;47;137;105;109371;104254;3158;66.2;63.1;1.9
04;2021-09-26;4;22;4;109375;104276;3162;66.2;63.1;1.9
04;2021-09-27;33;98;17;109408;104374;3179;66.2;63.2;1.9
04;2021-09-28;120;255;220;109528;104629;3399;66.3;63.3;2.1
04;2021-09-29;135;354;206;109663;104983;3605;66.4;63.6;2.2
04;2021-09-30;108;236;154;109771;105219;3759;66.4;63.7;2.3
04;2021-10-01;158;205;124;109929;105424;3883;66.5;63.8;2.4
04;2021-10-02;70;158;82;109999;105582;3965;66.6;63.9;2.4
04;2021-10-03;0;5;0;109999;105587;3965;66.6;63.9;2.4
04;2021-10-04;49;71;22;110048;105658;3987;66.6;64.0;2.4
04;2021-10-05;159;311;269;110207;105969;4256;66.7;64.1;2.6
04;2021-10-06;165;308;196;110372;106277;4452;66.8;64.3;2.7
04;2021-10-07;99;248;212;110471;106525;4664;66.9;64.5;2.8
04;2021-10-08;124;185;181;110595;106710;4845;66.9;64.6;2.9
04;2021-10-09;38;106;70;110633;106816;4915;67.0;64.7;3.0
04;2021-10-10;5;6;0;110638;106822;4915;67.0;64.7;3.0
04;2021-10-11;45;125;70;110683;106947;4985;67.0;64.7;3.0
04;2021-10-12;111;169;310;110794;107116;5295;67.1;64.8;3.2
04;2021-10-13;151;249;271;110945;107365;5566;67.2;65.0;3.4
04;2021-10-14;82;178;211;111027;107543;5777;67.2;65.1;3.5
04;2021-10-15;80;147;244;111107;107690;6021;67.3;65.2;3.6
04;2021-10-16;37;74;87;111144;107764;6108;67.3;65.2;3.7
04;2021-10-17;1;4;0;111145;107768;6108;67.3;65.2;3.7
04;2021-10-18;64;104;111;111209;107872;6219;67.3;65.3;3.8
04;2021-10-19;71;176;319;111280;108048;6538;67.4;65.4;4.0
04;2021-10-20;111;185;353;111391;108233;6891;67.4;65.5;4.2
04;2021-10-21;53;111;287;111444;108344;7178;67.5;65.6;4.3
04;2021-10-22;70;115;183;111514;108459;7361;67.5;65.7;4.5
04;2021-10-23;55;65;138;111569;108524;7499;67.5;65.7;4.5
04;2021-10-24;3;8;3;111572;108532;7502;67.5;65.7;4.5
04;2021-10-25;35;40;42;111607;108572;7544;67.6;65.7;4.6
04;2021-10-26;72;89;300;111679;108661;7844;67.6;65.8;4.7
04;2021-10-27;107;187;477;111786;108848;8321;67.7;65.9;5.0
04;2021-10-28;69;73;317;111855;108921;8638;67.7;65.9;5.2
04;2021-10-29;62;81;183;111917;109002;8821;67.7;66.0;5.3
04;2021-10-30;59;57;194;111976;109059;9015;67.8;66.0;5.5
04;2021-10-31;3;11;11;111979;109070;9026;67.8;66.0;5.5
04;2021-11-01;17;9;15;111996;109079;9041;67.8;66.0;5.5
04;2021-11-02;59;66;294;112055;109145;9335;67.8;66.1;5.7
04;2021-11-03;78;134;388;112133;109279;9723;67.9;66.2;5.9
04;2021-11-04;55;83;413;112188;109362;10136;67.9;66.2;6.1
04;2021-11-05;72;125;467;112260;109487;10603;68.0;66.3;6.4
04;2021-11-06;44;56;238;112304;109543;10841;68.0;66.3;6.6
04;2021-11-07;23;17;7;112327;109560;10848;68.0;66.3;6.6
04;2021-11-08;35;44;147;112362;109604;10995;68.0;66.3;6.7
04;2021-11-09;59;95;463;112421;109699;11458;68.1;66.4;6.9
04;2021-11-10;86;130;570;112507;109829;12028;68.1;66.5;7.3
04;2021-11-11;11;13;12;112518;109842;12040;68.1;66.5;7.3
04;2021-11-12;63;78;377;112581;109920;12417;68.1;66.5;7.5
04;2021-11-13;29;47;206;112610;109967;12623;68.2;66.6;7.6
04;2021-11-14;3;9;17;112613;109976;12640;68.2;66.6;7.7
04;2021-11-15;51;48;290;112664;110024;12930;68.2;66.6;7.8
04;2021-11-16;49;82;584;112713;110106;13514;68.2;66.7;8.2
04;2021-11-17;84;92;576;112797;110198;14090;68.3;66.7;8.5
04;2021-11-18;73;75;632;112870;110273;14722;68.3;66.8;8.9
04;2021-11-19;89;106;634;112959;110379;15356;68.4;66.8;9.3
04;2021-11-20;70;63;353;113029;110442;15709;68.4;66.9;9.5
04;2021-11-21;4;9;13;113033;110451;15722;68.4;66.9;9.5
04;2021-11-22;39;45;329;113072;110496;16051;68.4;66.9;9.7
04;2021-11-23;54;64;739;113126;110560;16790;68.5;66.9;10.2
04;2021-11-24;93;96;788;113219;110656;17578;68.5;67.0;10.6
04;2021-11-25;77;60;857;113296;110716;18435;68.6;67.0;11.2
04;2021-11-26;99;75;1051;113395;110791;19486;68.6;67.1;11.8
04;2021-11-27;58;64;479;113453;110855;19965;68.7;67.1;12.1
04;2021-11-28;2;15;27;113455;110870;19992;68.7;67.1;12.1
04;2021-11-29;61;63;878;113516;110933;20870;68.7;67.2;12.6
04;2021-11-30;100;75;1481;113616;111008;22351;68.8;67.2;13.5
04;2021-12-01;101;133;1269;113717;111141;23620;68.8;67.3;14.3
04;2021-12-02;59;64;1453;113776;111205;25073;68.9;67.3;15.2
04;2021-12-03;51;82;1304;113827;111287;26377;68.9;67.4;16.0
04;2021-12-04;69;76;947;113896;111363;27324;68.9;67.4;16.5
04;2021-12-05;8;8;152;113904;111371;27476;69.0;67.4;16.6
04;2021-12-06;51;72;719;113955;111443;28195;69.0;67.5;17.1
04;2021-12-07;84;85;1840;114039;111528;30035;69.0;67.5;18.2
04;2021-12-08;95;94;1909;114134;111622;31944;69.1;67.6;19.3
04;2021-12-09;86;70;1612;114220;111692;33556;69.1;67.6;20.3
04;2021-12-10;81;84;1441;114301;111776;34997;69.2;67.7;21.2
04;2021-12-11;66;67;1082;114367;111843;36079;69.2;67.7;21.8
04;2021-12-12;10;13;203;114377;111856;36282;69.2;67.7;22.0
04;2021-12-13;62;67;875;114439;111923;37157;69.3;67.8;22.5
04;2021-12-14;89;114;1805;114528;112037;38962;69.3;67.8;23.6
04;2021-12-15;106;126;2036;114634;112163;40998;69.4;67.9;24.8
04;2021-12-16;87;90;1835;114721;112253;42833;69.4;68.0;25.9
04;2021-12-17;107;122;1704;114828;112375;44537;69.5;68.0;27.0
04;2021-12-18;58;72;925;114886;112447;45462;69.5;68.1;27.5
04;2021-12-19;16;11;112;114902;112458;45574;69.6;68.1;27.6
04;2021-12-20;107;91;986;115009;112549;46560;69.6;68.1;28.2
04;2021-12-21;111;103;1566;115120;112652;48126;69.7;68.2;29.1
04;2021-12-22;160;143;1484;115280;112795;49610;69.8;68.3;30.0
05;2020-12-27;0;0;0;0;0;0;0.0;0.0;0.0
05;2020-12-28;1;0;0;1;0;0;0.0;0.0;0.0
05;2020-12-29;1;0;0;2;0;0;0.0;0.0;0.0
05;2020-12-30;2;0;0;4;0;0;0.0;0.0;0.0
05;2020-12-31;0;0;0;4;0;0;0.0;0.0;0.0
05;2021-01-01;1;0;0;5;0;0;0.0;0.0;0.0
05;2021-01-02;2;0;0;7;0;0;0.0;0.0;0.0
05;2021-01-03;2;0;0;9;0;0;0.0;0.0;0.0
05;2021-01-04;1;0;0;10;0;0;0.0;0.0;0.0
05;2021-01-05;1;0;0;11;0;0;0.0;0.0;0.0
05;2021-01-06;22;0;0;33;0;0;0.0;0.0;0.0
05;2021-01-07;127;0;0;160;0;0;0.1;0.0;0.0
05;2021-01-08;126;1;0;286;1;0;0.2;0.0;0.0
05;2021-01-09;28;0;0;314;1;0;0.2;0.0;0.0
05;2021-01-10;0;0;0;314;1;0;0.2;0.0;0.0
05;2021-01-11;45;0;0;359;1;0;0.3;0.0;0.0
05;2021-01-12;106;0;0;465;1;0;0.3;0.0;0.0
05;2021-01-13;146;0;0;611;1;0;0.4;0.0;0.0
05;2021-01-14;166;0;0;777;1;0;0.5;0.0;0.0
05;2021-01-15;126;2;0;903;3;0;0.6;0.0;0.0
05;2021-01-16;18;0;0;921;3;0;0.6;0.0;0.0
05;2021-01-17;0;0;0;921;3;0;0.6;0.0;0.0
05;2021-01-18;215;3;0;1136;6;0;0.8;0.0;0.0
05;2021-01-19;232;0;0;1368;6;0;1.0;0.0;0.0
05;2021-01-20;214;1;0;1582;7;0;1.1;0.0;0.0
05;2021-01-21;251;0;0;1833;7;0;1.3;0.0;0.0
05;2021-01-22;189;1;0;2022;8;0;1.4;0.0;0.0
05;2021-01-23;112;0;0;2134;8;0;1.5;0.0;0.0
05;2021-01-24;2;0;0;2136;8;0;1.5;0.0;0.0
05;2021-01-25;295;0;0;2431;8;0;1.7;0.0;0.0
05;2021-01-26;452;1;0;2883;9;0;2.0;0.0;0.0
05;2021-01-27;357;5;0;3240;14;0;2.3;0.0;0.0
05;2021-01-28;347;54;0;3587;68;0;2.5;0.0;0.0
05;2021-01-29;350;88;0;3937;156;0;2.8;0.1;0.0
05;2021-01-30;95;8;0;4032;164;0;2.8;0.1;0.0
05;2021-01-31;3;0;0;4035;164;0;2.8;0.1;0.0
05;2021-02-01;175;28;0;4210;192;0;3.0;0.1;0.0
05;2021-02-02;183;127;0;4393;319;0;3.1;0.2;0.0
05;2021-02-03;202;77;0;4595;396;0;3.2;0.3;0.0
05;2021-02-04;192;125;0;4787;521;0;3.4;0.4;0.0
05;2021-02-05;175;106;0;4962;627;0;3.5;0.4;0.0
05;2021-02-06;74;24;0;5036;651;0;3.6;0.5;0.0
05;2021-02-07;0;6;0;5036;657;0;3.6;0.5;0.0
05;2021-02-08;85;124;0;5121;781;0;3.6;0.6;0.0
05;2021-02-09;100;123;0;5221;904;0;3.7;0.6;0.0
05;2021-02-10;81;171;0;5302;1075;0;3.7;0.8;0.0
05;2021-02-11;90;138;0;5392;1213;0;3.8;0.9;0.0
05;2021-02-12;88;137;0;5480;1350;0;3.9;1.0;0.0
05;2021-02-13;77;30;0;5557;1380;0;3.9;1.0;0.0
05;2021-02-14;1;0;0;5558;1380;0;3.9;1.0;0.0
05;2021-02-15;94;187;0;5652;1567;0;4.0;1.1;0.0
05;2021-02-16;113;276;0;5765;1843;0;4.1;1.3;0.0
05;2021-02-17;133;220;0;5898;2063;0;4.2;1.5;0.0
05;2021-02-18;152;284;0;6050;2347;0;4.3;1.7;0.0
05;2021-02-19;158;299;0;6208;2646;0;4.4;1.9;0.0
05;2021-02-20;34;88;0;6242;2734;0;4.4;1.9;0.0
05;2021-02-21;0;0;0;6242;2734;0;4.4;1.9;0.0
05;2021-02-22;66;245;0;6308;2979;0;4.4;2.1;0.0
05;2021-02-23;19;222;0;6327;3201;0;4.5;2.3;0.0
05;2021-02-24;30;183;0;6357;3384;0;4.5;2.4;0.0
05;2021-02-25;75;176;0;6432;3560;0;4.5;2.5;0.0
05;2021-02-26;166;206;0;6598;3766;0;4.7;2.7;0.0
05;2021-02-27;73;156;0;6671;3922;0;4.7;2.8;0.0
05;2021-02-28;10;0;0;6681;3922;0;4.7;2.8;0.0
05;2021-03-01;98;155;0;6779;4077;0;4.8;2.9;0.0
05;2021-03-02;100;192;0;6879;4269;0;4.9;3.0;0.0
05;2021-03-03;125;218;0;7004;4487;0;4.9;3.2;0.0
05;2021-03-04;257;171;0;7261;4658;0;5.1;3.3;0.0
05;2021-03-05;560;188;0;7821;4846;0;5.5;3.4;0.0
05;2021-03-06;654;60;0;8475;4906;0;6.0;3.5;0.0
05;2021-03-07;482;24;0;8957;4930;0;6.3;3.5;0.0
05;2021-03-08;518;137;0;9475;5067;0;6.7;3.6;0.0
05;2021-03-09;516;153;0;9991;5220;0;7.0;3.7;0.0
05;2021-03-10;507;143;0;10498;5363;0;7.4;3.8;0.0
05;2021-03-11;372;134;0;10870;5497;0;7.7;3.9;0.0
05;2021-03-12;450;92;0;11320;5589;0;8.0;3.9;0.0
05;2021-03-13;767;101;0;12087;5690;0;8.5;4.0;0.0
05;2021-03-14;645;12;0;12732;5702;0;9.0;4.0;0.0
05;2021-03-15;340;120;0;13072;5822;0;9.2;4.1;0.0
05;2021-03-16;154;144;0;13226;5966;0;9.3;4.2;0.0
05;2021-03-17;260;126;0;13486;6092;0;9.5;4.3;0.0
05;2021-03-18;352;44;0;13838;6136;0;9.8;4.3;0.0
05;2021-03-19;448;60;0;14286;6196;0;10.1;4.4;0.0
05;2021-03-20;172;34;0;14458;6230;0;10.2;4.4;0.0
05;2021-03-21;1;0;0;14459;6230;0;10.2;4.4;0.0
05;2021-03-22;697;51;0;15156;6281;0;10.7;4.4;0.0
05;2021-03-23;772;22;0;15928;6303;0;11.2;4.4;0.0
05;2021-03-24;770;90;0;16698;6393;0;11.8;4.5;0.0
05;2021-03-25;874;75;0;17572;6468;0;12.4;4.6;0.0
05;2021-03-26;997;56;0;18569;6524;0;13.1;4.6;0.0
05;2021-03-27;457;40;0;19026;6564;0;13.4;4.6;0.0
05;2021-03-28;19;0;0;19045;6564;0;13.4;4.6;0.0
05;2021-03-29;857;62;0;19902;6626;0;14.0;4.7;0.0
05;2021-03-30;1083;87;0;20985;6713;0;14.8;4.7;0.0
05;2021-03-31;773;256;0;21758;6969;0;15.3;4.9;0.0
05;2021-04-01;846;241;0;22604;7210;0;15.9;5.1;0.0
05;2021-04-02;632;370;0;23236;7580;0;16.4;5.3;0.0
05;2021-04-03;508;182;0;23744;7762;0;16.7;5.5;0.0
05;2021-04-04;314;61;0;24058;7823;0;17.0;5.5;0.0
05;2021-04-05;133;12;0;24191;7835;0;17.1;5.5;0.0
05;2021-04-06;600;266;0;24791;8101;0;17.5;5.7;0.0
05;2021-04-07;761;326;0;25552;8427;0;18.0;5.9;0.0
05;2021-04-08;690;339;0;26242;8766;0;18.5;6.2;0.0
05;2021-04-09;834;406;0;27076;9172;0;19.1;6.5;0.0
05;2021-04-10;664;382;0;27740;9554;0;19.6;6.7;0.0
05;2021-04-11;188;161;0;27928;9715;0;19.7;6.9;0.0
05;2021-04-12;681;259;0;28609;9974;0;20.2;7.0;0.0
05;2021-04-13;848;255;0;29457;10229;0;20.8;7.2;0.0
05;2021-04-14;647;324;0;30104;10553;0;21.2;7.4;0.0
05;2021-04-15;729;370;0;30833;10923;0;21.8;7.7;0.0
05;2021-04-16;721;404;0;31554;11327;0;22.3;8.0;0.0
05;2021-04-17;607;234;0;32161;11561;0;22.7;8.2;0.0
05;2021-04-18;293;22;0;32454;11583;0;22.9;8.2;0.0
05;2021-04-19;330;503;0;32784;12086;0;23.1;8.5;0.0
05;2021-04-20;461;617;0;33245;12703;0;23.5;9.0;0.0
05;2021-04-21;467;609;0;33712;13312;0;23.8;9.4;0.0
05;2021-04-22;397;543;0;34109;13855;0;24.1;9.8;0.0
05;2021-04-23;514;644;0;34623;14499;0;24.4;10.2;0.0
05;2021-04-24;315;372;0;34938;14871;0;24.6;10.5;0.0
05;2021-04-25;269;31;0;35207;14902;0;24.8;10.5;0.0
05;2021-04-26;351;666;0;35558;15568;0;25.1;11.0;0.0
05;2021-04-27;636;702;0;36194;16270;0;25.5;11.5;0.0
05;2021-04-28;463;685;0;36657;16955;0;25.9;12.0;0.0
05;2021-04-29;686;693;0;37343;17648;0;26.3;12.4;0.0
05;2021-04-30;528;703;0;37871;18351;0;26.7;12.9;0.0
05;2021-05-01;150;92;0;38021;18443;0;26.8;13.0;0.0
05;2021-05-02;260;104;0;38281;18547;0;27.0;13.1;0.0
05;2021-05-03;453;456;0;38734;19003;0;27.3;13.4;0.0
05;2021-05-04;396;490;0;39130;19493;0;27.6;13.8;0.0
05;2021-05-05;487;645;0;39617;20138;0;27.9;14.2;0.0
05;2021-05-06;647;699;0;40264;20837;0;28.4;14.7;0.0
05;2021-05-07;582;754;0;40846;21591;0;28.8;15.2;0.0
05;2021-05-08;477;175;0;41323;21766;0;29.2;15.4;0.0
05;2021-05-09;207;62;0;41530;21828;0;29.3;15.4;0.0
05;2021-05-10;528;675;0;42058;22503;0;29.7;15.9;0.0
05;2021-05-11;658;896;0;42716;23399;0;30.1;16.5;0.0
05;2021-05-12;659;703;0;43375;24102;0;30.6;17.0;0.0
05;2021-05-13;891;111;0;44266;24213;0;31.2;17.1;0.0
05;2021-05-14;735;473;0;45001;24686;0;31.7;17.4;0.0
05;2021-05-15;976;314;0;45977;25000;0;32.4;17.6;0.0
05;2021-05-16;226;58;0;46203;25058;0;32.6;17.7;0.0
05;2021-05-17;499;411;0;46702;25469;0;32.9;18.0;0.0
05;2021-05-18;510;398;0;47212;25867;0;33.3;18.2;0.0
05;2021-05-19;700;449;0;47912;26316;0;33.8;18.6;0.0
05;2021-05-20;766;451;0;48678;26767;0;34.3;18.9;0.0
05;2021-05-21;689;513;0;49367;27280;0;34.8;19.2;0.0
05;2021-05-22;580;226;0;49947;27506;0;35.2;19.4;0.0
05;2021-05-23;278;59;0;50225;27565;0;35.4;19.4;0.0
05;2021-05-24;494;153;0;50719;27718;0;35.8;19.6;0.0
05;2021-05-25;558;483;0;51277;28201;0;36.2;19.9;0.0
05;2021-05-26;705;369;0;51982;28570;0;36.7;20.2;0.0
05;2021-05-27;804;558;0;52786;29128;0;37.2;20.5;0.0
05;2021-05-28;663;681;0;53449;29809;0;37.7;21.0;0.0
05;2021-05-29;514;507;0;53963;30316;0;38.1;21.4;0.0
05;2021-05-30;200;80;0;54163;30396;0;38.2;21.4;0.0
05;2021-05-31;559;493;0;54722;30889;0;38.6;21.8;0.0
05;2021-06-01;579;581;0;55301;31470;0;39.0;22.2;0.0
05;2021-06-02;657;668;0;55958;32138;0;39.5;22.7;0.0
05;2021-06-03;718;645;0;56676;32783;0;40.0;23.1;0.0
05;2021-06-04;962;792;0;57638;33575;0;40.7;23.7;0.0
05;2021-06-05;769;474;0;58407;34049;0;41.2;24.0;0.0
05;2021-06-06;194;84;0;58601;34133;0;41.3;24.1;0.0
05;2021-06-07;562;812;0;59163;34945;0;41.7;24.7;0.0
05;2021-06-08;655;641;0;59818;35586;0;42.2;25.1;0.0
05;2021-06-09;625;748;0;60443;36334;0;42.6;25.6;0.0
05;2021-06-10;557;697;0;61000;37031;0;43.0;26.1;0.0
05;2021-06-11;723;721;0;61723;37752;0;43.5;26.6;0.0
05;2021-06-12;552;464;0;62275;38216;0;43.9;27.0;0.0
05;2021-06-13;109;96;0;62384;38312;0;44.0;27.0;0.0
05;2021-06-14;359;631;0;62743;38943;0;44.3;27.5;0.0
05;2021-06-15;521;869;0;63264;39812;0;44.6;28.1;0.0
05;2021-06-16;431;666;0;63695;40478;0;44.9;28.6;0.0
05;2021-06-17;364;782;0;64059;41260;0;45.2;29.1;0.0
05;2021-06-18;397;724;0;64456;41984;0;45.5;29.6;0.0
05;2021-06-19;364;573;0;64820;42557;0;45.7;30.0;0.0
05;2021-06-20;54;90;0;64874;42647;0;45.8;30.1;0.0
05;2021-06-21;292;639;0;65166;43286;0;46.0;30.5;0.0
05;2021-06-22;317;791;0;65483;44077;0;46.2;31.1;0.0
05;2021-06-23;341;742;0;65824;44819;0;46.4;31.6;0.0
05;2021-06-24;382;960;0;66206;45779;0;46.7;32.3;0.0
05;2021-06-25;200;841;0;66406;46620;0;46.8;32.9;0.0
05;2021-06-26;251;1011;0;66657;47631;0;47.0;33.6;0.0
05;2021-06-27;111;162;0;66768;47793;0;47.1;33.7;0.0
05;2021-06-28;230;745;0;66998;48538;0;47.3;34.2;0.0
05;2021-06-29;227;756;0;67225;49294;0;47.4;34.8;0.0
05;2021-06-30;330;772;0;67555;50066;0;47.7;35.3;0.0
05;2021-07-01;363;742;0;67918;50808;0;47.9;35.8;0.0
05;2021-07-02;364;871;0;68282;51679;0;48.2;36.5;0.0
05;2021-07-03;270;700;0;68552;52379;0;48.4;37.0;0.0
05;2021-07-04;146;149;0;68698;52528;0;48.5;37.1;0.0
05;2021-07-05;236;723;0;68934;53251;0;48.6;37.6;0.0
05;2021-07-06;314;795;0;69248;54046;0;48.9;38.1;0.0
05;2021-07-07;354;742;0;69602;54788;0;49.1;38.6;0.0
05;2021-07-08;386;786;0;69988;55574;0;49.4;39.2;0.0
05;2021-07-09;372;932;0;70360;56506;0;49.6;39.9;0.0
05;2021-07-10;262;643;0;70622;57149;0;49.8;40.3;0.0
05;2021-07-11;148;120;0;70770;57269;0;49.9;40.4;0.0
05;2021-07-12;336;921;0;71106;58190;0;50.2;41.0;0.0
05;2021-07-13;422;790;0;71528;58980;0;50.5;41.6;0.0
05;2021-07-14;613;249;0;72141;59229;0;50.9;41.8;0.0
05;2021-07-15;649;919;0;72790;60148;0;51.3;42.4;0.0
05;2021-07-16;871;1297;0;73661;61445;0;52.0;43.3;0.0
05;2021-07-17;533;1133;0;74194;62578;0;52.3;44.1;0.0
05;2021-07-18;243;126;0;74437;62704;0;52.5;44.2;0.0
05;2021-07-19;463;695;0;74900;63399;0;52.8;44.7;0.0
05;2021-07-20;637;712;0;75537;64111;0;53.3;45.2;0.0
05;2021-07-21;743;745;0;76280;64856;0;53.8;45.8;0.0
05;2021-07-22;741;787;0;77021;65643;0;54.3;46.3;0.0
05;2021-07-23;1201;1032;0;78222;66675;0;55.2;47.0;0.0
05;2021-07-24;700;678;0;78922;67353;0;55.7;47.5;0.0
05;2021-07-25;252;121;0;79174;67474;0;55.9;47.6;0.0
05;2021-07-26;594;502;0;79768;67976;0;56.3;48.0;0.0
05;2021-07-27;898;575;0;80666;68551;0;56.9;48.4;0.0
05;2021-07-28;1215;577;0;81881;69128;0;57.8;48.8;0.0
05;2021-07-29;1090;583;0;82971;69711;0;58.5;49.2;0.0
05;2021-07-30;825;527;0;83796;70238;0;59.1;49.5;0.0
05;2021-07-31;632;428;0;84428;70666;0;59.6;49.9;0.0
05;2021-08-01;164;146;0;84592;70812;0;59.7;50.0;0.0
05;2021-08-02;657;380;0;85249;71192;0;60.1;50.2;0.0
05;2021-08-03;674;483;0;85923;71675;0;60.6;50.6;0.0
05;2021-08-04;754;577;0;86677;72252;0;61.1;51.0;0.0
05;2021-08-05;817;577;0;87494;72829;0;61.7;51.4;0.0
05;2021-08-06;723;650;0;88217;73479;0;62.2;51.8;0.0
05;2021-08-07;493;467;0;88710;73946;0;62.6;52.2;0.0
05;2021-08-08;175;212;0;88885;74158;0;62.7;52.3;0.0
05;2021-08-09;589;635;0;89474;74793;0;63.1;52.8;0.0
05;2021-08-10;562;532;0;90036;75325;0;63.5;53.1;0.0
05;2021-08-11;581;620;0;90617;75945;0;63.9;53.6;0.0
05;2021-08-12;640;578;0;91257;76523;0;64.4;54.0;0.0
05;2021-08-13;519;704;0;91776;77227;0;64.7;54.5;0.0
05;2021-08-14;327;598;0;92103;77825;0;65.0;54.9;0.0
05;2021-08-15;145;165;0;92248;77990;0;65.1;55.0;0.0
05;2021-08-16;379;805;0;92627;78795;0;65.3;55.6;0.0
05;2021-08-17;365;714;0;92992;79509;0;65.6;56.1;0.0
05;2021-08-18;374;796;0;93366;80305;0;65.9;56.7;0.0
05;2021-08-19;420;773;0;93786;81078;0;66.2;57.2;0.0
05;2021-08-20;403;906;0;94189;81984;0;66.4;57.8;0.0
05;2021-08-21;278;660;0;94467;82644;0;66.6;58.3;0.0
05;2021-08-22;102;224;0;94569;82868;0;66.7;58.5;0.0
05;2021-08-23;280;697;0;94849;83565;0;66.9;58.9;0.0
05;2021-08-24;347;637;0;95196;84202;0;67.2;59.4;0.0
05;2021-08-25;370;792;0;95566;84994;0;67.4;60.0;0.0
05;2021-08-26;273;723;0;95839;85717;0;67.6;60.5;0.0
05;2021-08-27;296;811;0;96135;86528;0;67.8;61.0;0.0
05;2021-08-28;211;552;0;96346;87080;0;68.0;61.4;0.0
05;2021-08-29;60;232;0;96406;87312;0;68.0;61.6;0.0
05;2021-08-30;231;695;20;96637;88007;20;68.2;62.1;0.0
05;2021-08-31;246;647;20;96883;88654;40;68.3;62.5;0.0
05;2021-09-01;290;545;69;97173;89199;109;68.5;62.9;0.1
05;2021-09-02;251;568;84;97424;89767;193;68.7;63.3;0.1
05;2021-09-03;233;501;76;97657;90268;269;68.9;63.7;0.2
05;2021-09-04;189;530;52;97846;90798;321;69.0;64.1;0.2
05;2021-09-05;54;147;19;97900;90945;340;69.1;64.2;0.2
05;2021-09-06;155;284;88;98055;91229;428;69.2;64.4;0.3
05;2021-09-07;196;441;107;98251;91670;535;69.3;64.7;0.4
05;2021-09-08;190;490;65;98441;92160;600;69.4;65.0;0.4
05;2021-09-09;180;400;81;98621;92560;681;69.6;65.3;0.5
05;2021-09-10;182;313;113;98803;92873;794;69.7;65.5;0.6
05;2021-09-11;131;410;17;98934;93283;811;69.8;65.8;0.6
05;2021-09-12;34;98;2;98968;93381;813;69.8;65.9;0.6
05;2021-09-13;155;269;131;99123;93650;944;69.9;66.1;0.7
05;2021-09-14;229;280;115;99352;93930;1059;70.1;66.3;0.7
05;2021-09-15;180;363;173;99532;94293;1232;70.2;66.5;0.9
05;2021-09-16;171;249;140;99703;94542;1372;70.3;66.7;1.0
05;2021-09-17;137;307;135;99840;94849;1507;70.4;66.9;1.1
05;2021-09-18;99;324;61;99939;95173;1568;70.5;67.1;1.1
05;2021-09-19;14;36;12;99953;95209;1580;70.5;67.2;1.1
05;2021-09-20;65;163;87;100018;95372;1667;70.6;67.3;1.2
05;2021-09-21;85;213;95;100103;95585;1762;70.6;67.4;1.2
05;2021-09-22;108;265;72;100211;95850;1834;70.7;67.6;1.3
05;2021-09-23;99;227;112;100310;96077;1946;70.8;67.8;1.4
05;2021-09-24;93;267;101;100403;96344;2047;70.8;68.0;1.4
05;2021-09-25;87;221;30;100490;96565;2077;70.9;68.1;1.5
05;2021-09-26;13;30;15;100503;96595;2092;70.9;68.1;1.5
05;2021-09-27;63;140;66;100566;96735;2158;70.9;68.2;1.5
05;2021-09-28;68;153;80;100634;96888;2238;71.0;68.3;1.6
05;2021-09-29;88;190;77;100722;97078;2315;71.1;68.5;1.6
05;2021-09-30;62;109;163;100784;97187;2478;71.1;68.6;1.7
05;2021-10-01;181;225;149;100965;97412;2627;71.2;68.7;1.9
05;2021-10-02;85;157;65;101050;97569;2692;71.3;68.8;1.9
05;2021-10-03;18;32;15;101068;97601;2707;71.3;68.9;1.9
05;2021-10-04;94;148;116;101162;97749;2823;71.4;69.0;2.0
05;2021-10-05;77;182;128;101239;97931;2951;71.4;69.1;2.1
05;2021-10-06;91;159;218;101330;98090;3169;71.5;69.2;2.2
05;2021-10-07;68;122;136;101398;98212;3305;71.5;69.3;2.3
05;2021-10-08;133;172;147;101531;98384;3452;71.6;69.4;2.4
05;2021-10-09;66;157;120;101597;98541;3572;71.7;69.5;2.5
05;2021-10-10;14;24;5;101611;98565;3577;71.7;69.5;2.5
05;2021-10-11;65;99;214;101676;98664;3791;71.7;69.6;2.7
05;2021-10-12;60;114;119;101736;98778;3910;71.8;69.7;2.8
05;2021-10-13;82;137;180;101818;98915;4090;71.8;69.8;2.9
05;2021-10-14;65;108;138;101883;99023;4228;71.9;69.9;3.0
05;2021-10-15;58;103;113;101941;99126;4341;71.9;69.9;3.1
05;2021-10-16;80;153;141;102021;99279;4482;72.0;70.0;3.2
05;2021-10-17;8;13;17;102029;99292;4499;72.0;70.0;3.2
05;2021-10-18;48;96;270;102077;99388;4769;72.0;70.1;3.4
05;2021-10-19;52;96;236;102129;99484;5005;72.0;70.2;3.5
05;2021-10-20;63;116;391;102192;99600;5396;72.1;70.3;3.8
05;2021-10-21;47;72;233;102239;99672;5629;72.1;70.3;4.0
05;2021-10-22;45;87;145;102284;99759;5774;72.2;70.4;4.1
05;2021-10-23;85;97;213;102369;99856;5987;72.2;70.4;4.2
05;2021-10-24;12;16;38;102381;99872;6025;72.2;70.5;4.3
05;2021-10-25;57;97;248;102438;99969;6273;72.3;70.5;4.4
05;2021-10-26;44;48;245;102482;100017;6518;72.3;70.6;4.6
05;2021-10-27;82;98;435;102564;100115;6953;72.4;70.6;4.9
05;2021-10-28;42;51;247;102606;100166;7200;72.4;70.7;5.1
05;2021-10-29;55;71;259;102661;100237;7459;72.4;70.7;5.3
05;2021-10-30;59;90;274;102720;100327;7733;72.5;70.8;5.5
05;2021-10-31;10;10;57;102730;100337;7790;72.5;70.8;5.5
05;2021-11-01;17;13;19;102747;100350;7809;72.5;70.8;5.5
05;2021-11-02;80;82;284;102827;100432;8093;72.5;70.8;5.7
05;2021-11-03;66;69;297;102893;100501;8390;72.6;70.9;5.9
05;2021-11-04;33;49;230;102926;100550;8620;72.6;70.9;6.1
05;2021-11-05;73;81;328;102999;100631;8948;72.7;71.0;6.3
05;2021-11-06;38;93;286;103037;100724;9234;72.7;71.1;6.5
05;2021-11-07;17;9;36;103054;100733;9270;72.7;71.1;6.5
05;2021-11-08;50;60;297;103104;100793;9567;72.7;71.1;6.7
05;2021-11-09;55;61;491;103159;100854;10058;72.8;71.1;7.1
05;2021-11-10;93;103;813;103252;100957;10871;72.8;71.2;7.7
05;2021-11-11;16;17;106;103268;100974;10977;72.8;71.2;7.7
05;2021-11-12;54;72;326;103322;101046;11303;72.9;71.3;8.0
05;2021-11-13;57;87;352;103379;101133;11655;72.9;71.3;8.2
05;2021-11-14;17;21;55;103396;101154;11710;72.9;71.4;8.3
05;2021-11-15;41;56;383;103437;101210;12093;73.0;71.4;8.5
05;2021-11-16;86;61;632;103523;101271;12725;73.0;71.4;9.0
05;2021-11-17;65;83;477;103588;101354;13202;73.1;71.5;9.3
05;2021-11-18;77;43;429;103665;101397;13631;73.1;71.5;9.6
05;2021-11-19;64;59;505;103729;101456;14136;73.2;71.6;10.0
05;2021-11-20;88;78;428;103817;101534;14564;73.2;71.6;10.3
05;2021-11-21;13;12;53;103830;101546;14617;73.2;71.6;10.3
05;2021-11-22;68;54;386;103898;101600;15003;73.3;71.7;10.6
05;2021-11-23;106;68;727;104004;101668;15730;73.4;71.7;11.1
05;2021-11-24;61;72;562;104065;101740;16292;73.4;71.8;11.5
05;2021-11-25;71;70;570;104136;101810;16862;73.5;71.8;11.9
05;2021-11-26;101;70;691;104237;101880;17553;73.5;71.9;12.4
05;2021-11-27;86;67;777;104323;101947;18330;73.6;71.9;12.9
05;2021-11-28;15;29;169;104338;101976;18499;73.6;71.9;13.0
05;2021-11-29;86;66;791;104424;102042;19290;73.7;72.0;13.6
05;2021-11-30;117;75;1323;104541;102117;20613;73.7;72.0;14.5
05;2021-12-01;114;119;1574;104655;102236;22187;73.8;72.1;15.7
05;2021-12-02;89;70;1115;104744;102306;23302;73.9;72.2;16.4
05;2021-12-03;90;98;1295;104834;102404;24597;74.0;72.2;17.4
05;2021-12-04;87;85;1041;104921;102489;25638;74.0;72.3;18.1
05;2021-12-05;15;23;307;104936;102512;25945;74.0;72.3;18.3
05;2021-12-06;52;60;804;104988;102572;26749;74.1;72.4;18.9
05;2021-12-07;120;107;1812;105108;102679;28561;74.1;72.4;20.1
05;2021-12-08;82;95;1310;105190;102774;29871;74.2;72.5;21.1
05;2021-12-09;89;93;1552;105279;102867;31423;74.3;72.6;22.2
05;2021-12-10;99;82;1363;105378;102949;32786;74.3;72.6;23.1
05;2021-12-11;100;100;1047;105478;103049;33833;74.4;72.7;23.9
05;2021-12-12;18;12;219;105496;103061;34052;74.4;72.7;24.0
05;2021-12-13;69;92;1091;105565;103153;35143;74.5;72.8;24.8
05;2021-12-14;71;138;1828;105636;103291;36971;74.5;72.9;26.1
05;2021-12-15;114;98;1694;105750;103389;38665;74.6;72.9;27.3
05;2021-12-16;70;90;1536;105820;103479;40201;74.6;73.0;28.4
05;2021-12-17;76;104;1425;105896;103583;41626;74.7;73.1;29.4
05;2021-12-18;81;98;1049;105977;103681;42675;74.8;73.1;30.1
05;2021-12-19;25;26;304;106002;103707;42979;74.8;73.2;30.3
05;2021-12-20;75;99;994;106077;103806;43973;74.8;73.2;31.0
05;2021-12-21;100;111;1197;106177;103917;45170;74.9;73.3;31.9
05;2021-12-22;79;87;1023;106256;104004;46193;75.0;73.4;32.6
06;2020-12-27;5;0;0;5;0;0;0.0;0.0;0.0
06;2020-12-28;4;0;0;9;0;0;0.0;0.0;0.0
06;2020-12-29;0;0;0;9;0;0;0.0;0.0;0.0
06;2020-12-30;3;0;0;12;0;0;0.0;0.0;0.0
06;2020-12-31;23;0;0;35;0;0;0.0;0.0;0.0
06;2021-01-01;12;0;0;47;0;0;0.0;0.0;0.0
06;2021-01-02;8;0;0;55;0;0;0.0;0.0;0.0
06;2021-01-03;5;0;0;60;0;0;0.0;0.0;0.0
06;2021-01-04;134;1;0;194;1;0;0.0;0.0;0.0
06;2021-01-05;179;2;0;373;3;0;0.0;0.0;0.0
06;2021-01-06;224;1;0;597;4;0;0.1;0.0;0.0
06;2021-01-07;506;0;0;1103;4;0;0.1;0.0;0.0
06;2021-01-08;678;3;0;1781;7;0;0.2;0.0;0.0
06;2021-01-09;369;4;0;2150;11;0;0.2;0.0;0.0
06;2021-01-10;70;0;0;2220;11;0;0.2;0.0;0.0
06;2021-01-11;1025;6;0;3245;17;0;0.3;0.0;0.0
06;2021-01-12;2134;11;0;5379;28;0;0.5;0.0;0.0
06;2021-01-13;1712;12;0;7091;40;0;0.7;0.0;0.0
06;2021-01-14;2034;23;0;9125;63;0;0.8;0.0;0.0
06;2021-01-15;1667;5;0;10792;68;0;1.0;0.0;0.0
06;2021-01-16;960;7;0;11752;75;0;1.1;0.0;0.0
06;2021-01-17;211;0;0;11963;75;0;1.1;0.0;0.0
06;2021-01-18;2194;22;0;14157;97;0;1.3;0.0;0.0
06;2021-01-19;2664;28;0;16821;125;0;1.6;0.0;0.0
06;2021-01-20;3246;17;0;20067;142;0;1.9;0.0;0.0
06;2021-01-21;2959;32;0;23026;174;0;2.1;0.0;0.0
06;2021-01-22;2959;31;0;25985;205;0;2.4;0.0;0.0
06;2021-01-23;1242;3;0;27227;208;0;2.5;0.0;0.0
06;2021-01-24;33;0;0;27260;208;0;2.5;0.0;0.0
06;2021-01-25;2109;15;0;29369;223;0;2.7;0.0;0.0
06;2021-01-26;3153;49;0;32522;272;0;3.0;0.0;0.0
06;2021-01-27;2462;116;0;34984;388;0;3.2;0.0;0.0
06;2021-01-28;2810;226;0;37794;614;0;3.5;0.1;0.0
06;2021-01-29;2533;327;0;40327;941;0;3.7;0.1;0.0
06;2021-01-30;725;54;0;41052;995;0;3.8;0.1;0.0
06;2021-01-31;11;3;0;41063;998;0;3.8;0.1;0.0
06;2021-02-01;1144;455;0;42207;1453;0;3.9;0.1;0.0
06;2021-02-02;1559;427;0;43766;1880;0;4.1;0.2;0.0
06;2021-02-03;382;154;0;44148;2034;0;4.1;0.2;0.0
06;2021-02-04;810;884;0;44958;2918;0;4.2;0.3;0.0
06;2021-02-05;1075;1099;0;46033;4017;0;4.3;0.4;0.0
06;2021-02-06;185;438;0;46218;4455;0;4.3;0.4;0.0
06;2021-02-07;8;50;0;46226;4505;0;4.3;0.4;0.0
06;2021-02-08;542;1030;0;46768;5535;0;4.3;0.5;0.0
06;2021-02-09;342;766;0;47110;6301;0;4.4;0.6;0.0
06;2021-02-10;418;698;0;47528;6999;0;4.4;0.6;0.0
06;2021-02-11;498;1078;0;48026;8077;0;4.4;0.7;0.0
06;2021-02-12;643;1286;0;48669;9363;0;4.5;0.9;0.0
06;2021-02-13;199;505;0;48868;9868;0;4.5;0.9;0.0
06;2021-02-14;11;5;0;48879;9873;0;4.5;0.9;0.0
06;2021-02-15;438;1238;0;49317;11111;0;4.6;1.0;0.0
06;2021-02-16;844;1956;0;50161;13067;0;4.6;1.2;0.0
06;2021-02-17;809;2073;0;50970;15140;0;4.7;1.4;0.0
06;2021-02-18;1836;2666;0;52806;17806;0;4.9;1.6;0.0
06;2021-02-19;1766;2087;0;54572;19893;0;5.1;1.8;0.0
06;2021-02-20;350;484;0;54922;20377;0;5.1;1.9;0.0
06;2021-02-21;18;60;0;54940;20437;0;5.1;1.9;0.0
06;2021-02-22;1027;1607;0;55967;22044;0;5.2;2.0;0.0
06;2021-02-23;1654;1551;0;57621;23595;0;5.3;2.2;0.0
06;2021-02-24;2006;1298;0;59627;24893;0;5.5;2.3;0.0
06;2021-02-25;3623;1677;0;63250;26570;0;5.9;2.5;0.0
06;2021-02-26;3223;1613;0;66473;28183;0;6.2;2.6;0.0
06;2021-02-27;1343;324;0;67816;28507;0;6.3;2.6;0.0
06;2021-02-28;91;18;0;67907;28525;0;6.3;2.6;0.0
06;2021-03-01;2329;848;0;70236;29373;0;6.5;2.7;0.0
06;2021-03-02;2363;978;0;72599;30351;0;6.7;2.8;0.0
06;2021-03-03;2733;625;0;75332;30976;0;7.0;2.9;0.0
06;2021-03-04;4422;648;0;79754;31624;0;7.4;2.9;0.0
06;2021-03-05;3761;1042;0;83515;32666;0;7.7;3.0;0.0
06;2021-03-06;11099;388;0;94614;33054;0;8.8;3.1;0.0
06;2021-03-07;9495;331;0;104109;33385;0;9.6;3.1;0.0
06;2021-03-08;3838;1190;0;107947;34575;0;10.0;3.2;0.0
06;2021-03-09;4730;945;0;112677;35520;0;10.4;3.3;0.0
06;2021-03-10;4492;908;0;117169;36428;0;10.9;3.4;0.0
06;2021-03-11;6433;946;0;123602;37374;0;11.5;3.5;0.0
06;2021-03-12;6541;1022;0;130143;38396;0;12.1;3.6;0.0
06;2021-03-13;10588;385;0;140731;38781;0;13.0;3.6;0.0
06;2021-03-14;501;60;0;141232;38841;0;13.1;3.6;0.0
06;2021-03-15;4568;762;0;145800;39603;0;13.5;3.7;0.0
06;2021-03-16;3587;1052;0;149387;40655;0;13.8;3.8;0.0
06;2021-03-17;5817;1837;0;155204;42492;0;14.4;3.9;0.0
06;2021-03-18;4917;1786;0;160121;44278;0;14.8;4.1;0.0
06;2021-03-19;6452;1966;0;166573;46244;0;15.4;4.3;0.0
06;2021-03-20;2268;538;0;168841;46782;0;15.6;4.3;0.0
06;2021-03-21;381;24;0;169222;46806;0;15.7;4.3;0.0
06;2021-03-22;3729;699;0;172951;47505;0;16.0;4.4;0.0
06;2021-03-23;5642;1185;0;178593;48690;0;16.5;4.5;0.0
06;2021-03-24;4051;3199;0;182644;51889;0;16.9;4.8;0.0
06;2021-03-25;5635;3143;0;188279;55032;0;17.4;5.1;0.0
06;2021-03-26;5974;1940;0;194253;56972;0;18.0;5.3;0.0
06;2021-03-27;1957;370;0;196210;57342;0;18.2;5.3;0.0
06;2021-03-28;202;8;0;196412;57350;0;18.2;5.3;0.0
06;2021-03-29;3017;2018;0;199429;59368;0;18.5;5.5;0.0
06;2021-03-30;4954;2469;0;204383;61837;0;18.9;5.7;0.0
06;2021-03-31;7512;1698;0;211895;63535;0;19.6;5.9;0.0
06;2021-04-01;7237;2432;0;219132;65967;0;20.3;6.1;0.0
06;2021-04-02;6691;2597;0;225823;68564;0;20.9;6.4;0.0
06;2021-04-03;2535;1323;0;228358;69887;0;21.2;6.5;0.0
06;2021-04-04;281;540;0;228639;70427;0;21.2;6.5;0.0
06;2021-04-05;1335;675;0;229974;71102;0;21.3;6.6;0.0
06;2021-04-06;6202;3258;0;236176;74360;0;21.9;6.9;0.0
06;2021-04-07;5788;3812;0;241964;78172;0;22.4;7.2;0.0
06;2021-04-08;5416;5497;0;247380;83669;0;22.9;7.8;0.0
06;2021-04-09;8767;5658;0;256147;89327;0;23.7;8.3;0.0
06;2021-04-10;2251;2695;0;258398;92022;0;23.9;8.5;0.0
06;2021-04-11;162;97;0;258560;92119;0;24.0;8.5;0.0
06;2021-04-12;4012;3394;0;262572;95513;0;24.3;8.8;0.0
06;2021-04-13;5935;4956;0;268507;100469;0;24.9;9.3;0.0
06;2021-04-14;5004;4227;0;273511;104696;0;25.3;9.7;0.0
06;2021-04-15;5087;4223;0;278598;108919;0;25.8;10.1;0.0
06;2021-04-16;6388;5006;0;284986;113925;0;26.4;10.6;0.0
06;2021-04-17;2562;2927;0;287548;116852;0;26.6;10.8;0.0
06;2021-04-18;226;238;0;287774;117090;0;26.7;10.8;0.0
06;2021-04-19;4802;3883;0;292576;120973;0;27.1;11.2;0.0
06;2021-04-20;4997;4680;0;297573;125653;0;27.6;11.6;0.0
06;2021-04-21;7243;4011;0;304816;129664;0;28.2;12.0;0.0
06;2021-04-22;7427;4077;0;312243;133741;0;28.9;12.4;0.0
06;2021-04-23;7476;4022;0;319719;137763;0;29.6;12.8;0.0
06;2021-04-24;2197;1477;0;321916;139240;0;29.8;12.9;0.0
06;2021-04-25;109;42;0;322025;139282;0;29.8;12.9;0.0
06;2021-04-26;3682;2239;0;325707;141521;0;30.2;13.1;0.0
06;2021-04-27;4156;3924;0;329863;145445;0;30.6;13.5;0.0
06;2021-04-28;3748;4329;0;333611;149774;0;30.9;13.9;0.0
06;2021-04-29;5388;5261;0;338999;155035;0;31.4;14.4;0.0
06;2021-04-30;5892;4928;0;344891;159963;0;32.0;14.8;0.0
06;2021-05-01;3245;795;0;348136;160758;0;32.3;14.9;0.0
06;2021-05-02;474;170;0;348610;160928;0;32.3;14.9;0.0
06;2021-05-03;6061;3387;0;354671;164315;0;32.9;15.2;0.0
06;2021-05-04;5016;5099;0;359687;169414;0;33.3;15.7;0.0
06;2021-05-05;4072;3769;0;363759;173183;0;33.7;16.0;0.0
06;2021-05-06;4683;4561;0;368442;177744;0;34.1;16.5;0.0
06;2021-05-07;5054;5389;0;373496;183133;0;34.6;17.0;0.0
06;2021-05-08;3915;1285;0;377411;184418;0;35.0;17.1;0.0
06;2021-05-09;217;321;0;377628;184739;0;35.0;17.1;0.0
06;2021-05-10;4257;4750;0;381885;189489;0;35.4;17.6;0.0
06;2021-05-11;4224;5228;0;386109;194717;0;35.8;18.0;0.0
06;2021-05-12;7466;4571;0;393575;199288;0;36.5;18.5;0.0
06;2021-05-13;6943;1979;0;400518;201267;0;37.1;18.6;0.0
06;2021-05-14;8771;3069;0;409289;204336;0;37.9;18.9;0.0
06;2021-05-15;7187;1984;0;416476;206320;0;38.6;19.1;0.0
06;2021-05-16;1344;264;0;417820;206584;0;38.7;19.1;0.0
06;2021-05-17;6407;3463;0;424227;210047;0;39.3;19.5;0.0
06;2021-05-18;8159;2978;0;432386;213025;0;40.1;19.7;0.0
06;2021-05-19;6477;2686;0;438863;215711;0;40.7;20.0;0.0
06;2021-05-20;6594;3341;0;445457;219052;0;41.3;20.3;0.0
06;2021-05-21;7155;3621;0;452612;222673;0;41.9;20.6;0.0
06;2021-05-22;2630;1248;0;455242;223921;0;42.2;20.7;0.0
06;2021-05-23;193;627;0;455435;224548;0;42.2;20.8;0.0
06;2021-05-24;2617;899;0;458052;225447;0;42.4;20.9;0.0
06;2021-05-25;4132;4724;0;462184;230171;0;42.8;21.3;0.0
06;2021-05-26;4521;6281;0;466705;236452;0;43.2;21.9;0.0
06;2021-05-27;4550;5946;0;471255;242398;0;43.7;22.5;0.0
06;2021-05-28;3981;6788;0;475236;249186;0;44.0;23.1;0.0
06;2021-05-29;1415;2767;0;476651;251953;0;44.2;23.3;0.0
06;2021-05-30;307;1093;0;476958;253046;0;44.2;23.4;0.0
06;2021-05-31;3556;4748;0;480514;257794;0;44.5;23.9;0.0
06;2021-06-01;4735;6826;0;485249;264620;0;45.0;24.5;0.0
06;2021-06-02;2881;7903;0;488130;272523;0;45.2;25.2;0.0
06;2021-06-03;3791;7632;0;491921;280155;0;45.6;26.0;0.0
06;2021-06-04;4554;7103;0;496475;287258;0;46.0;26.6;0.0
06;2021-06-05;2107;3170;0;498582;290428;0;46.2;26.9;0.0
06;2021-06-06;243;243;0;498825;290671;0;46.2;26.9;0.0
06;2021-06-07;3398;5036;0;502223;295707;0;46.5;27.4;0.0
06;2021-06-08;3639;4852;0;505862;300559;0;46.9;27.8;0.0
06;2021-06-09;3363;6726;0;509225;307285;0;47.2;28.5;0.0
06;2021-06-10;3955;6188;0;513180;313473;0;47.5;29.0;0.0
06;2021-06-11;3078;7512;0;516258;320985;0;47.8;29.7;0.0
06;2021-06-12;1496;3490;0;517754;324475;0;48.0;30.1;0.0
06;2021-06-13;200;433;0;517954;324908;0;48.0;30.1;0.0
06;2021-06-14;2242;7824;0;520196;332732;0;48.2;30.8;0.0
06;2021-06-15;2989;8738;0;523185;341470;0;48.5;31.6;0.0
06;2021-06-16;2824;6347;0;526009;347817;0;48.7;32.2;0.0
06;2021-06-17;3064;6530;0;529073;354347;0;49.0;32.8;0.0
06;2021-06-18;2088;5364;0;531161;359711;0;49.2;33.3;0.0
06;2021-06-19;1160;1529;0;532321;361240;0;49.3;33.5;0.0
06;2021-06-20;216;350;0;532537;361590;0;49.3;33.5;0.0
06;2021-06-21;1466;5575;0;534003;367165;0;49.5;34.0;0.0
06;2021-06-22;1931;6462;0;535934;373627;0;49.7;34.6;0.0
06;2021-06-23;1767;5685;0;537701;379312;0;49.8;35.1;0.0
06;2021-06-24;2858;7959;0;540559;387271;0;50.1;35.9;0.0
06;2021-06-25;1842;8438;0;542401;395709;0;50.3;36.7;0.0
06;2021-06-26;745;2113;0;543146;397822;0;50.3;36.9;0.0
06;2021-06-27;324;1135;0;543470;398957;0;50.3;37.0;0.0
06;2021-06-28;1997;6831;0;545467;405788;0;50.5;37.6;0.0
06;2021-06-29;2014;6625;0;547481;412413;0;50.7;38.2;0.0
06;2021-06-30;1231;6867;0;548712;419280;0;50.8;38.8;0.0
06;2021-07-01;3035;6298;0;551747;425578;0;51.1;39.4;0.0
06;2021-07-02;3561;6997;0;555308;432575;0;51.4;40.1;0.0
06;2021-07-03;1104;3965;0;556412;436540;0;51.5;40.4;0.0
06;2021-07-04;293;327;0;556705;436867;0;51.6;40.5;0.0
06;2021-07-05;3119;4359;0;559824;441226;0;51.9;40.9;0.0
06;2021-07-06;1823;4871;0;561647;446097;0;52.0;41.3;0.0
06;2021-07-07;2877;4784;0;564524;450881;0;52.3;41.8;0.0
06;2021-07-08;2941;5180;0;567465;456061;0;52.6;42.3;0.0
06;2021-07-09;3549;5106;0;571014;461167;0;52.9;42.7;0.0
06;2021-07-10;1460;1996;0;572474;463163;0;53.0;42.9;0.0
06;2021-07-11;320;343;0;572794;463506;0;53.1;42.9;0.0
06;2021-07-12;3260;5664;0;576054;469170;0;53.4;43.5;0.0
06;2021-07-13;5038;7481;0;581092;476651;0;53.8;44.2;0.0
06;2021-07-14;1010;428;0;582102;477079;0;53.9;44.2;0.0
06;2021-07-15;5633;6905;0;587735;483984;0;54.5;44.8;0.0
06;2021-07-16;6619;7849;0;594354;491833;0;55.1;45.6;0.0
06;2021-07-17;2883;4644;0;597237;496477;0;55.3;46.0;0.0
06;2021-07-18;966;4664;0;598203;501141;0;55.4;46.4;0.0
06;2021-07-19;5099;6862;0;603302;508003;0;55.9;47.1;0.0
06;2021-07-20;6433;8574;0;609735;516577;0;56.5;47.9;0.0
06;2021-07-21;6947;7133;0;616682;523710;0;57.1;48.5;0.0
06;2021-07-22;8862;6563;0;625544;530273;0;58.0;49.1;0.0
06;2021-07-23;8113;5732;0;633657;536005;0;58.7;49.7;0.0
06;2021-07-24;2918;2707;0;636575;538712;0;59.0;49.9;0.0
06;2021-07-25;877;457;0;637452;539169;0;59.1;50.0;0.0
06;2021-07-26;6385;5584;0;643837;544753;0;59.6;50.5;0.0
06;2021-07-27;7858;4741;0;651695;549494;0;60.4;50.9;0.0
06;2021-07-28;6644;4331;0;658339;553825;0;61.0;51.3;0.0
06;2021-07-29;7459;4618;0;665798;558443;0;61.7;51.7;0.0
06;2021-07-30;6916;4412;0;672714;562855;0;62.3;52.1;0.0
06;2021-07-31;3108;2491;0;675822;565346;0;62.6;52.4;0.0
06;2021-08-01;704;381;0;676526;565727;0;62.7;52.4;0.0
06;2021-08-02;5487;3647;0;682013;569374;0;63.2;52.7;0.0
06;2021-08-03;5484;4397;0;687497;573771;0;63.7;53.2;0.0
06;2021-08-04;4765;2897;0;692262;576668;0;64.1;53.4;0.0
06;2021-08-05;5360;3730;0;697622;580398;0;64.6;53.8;0.0
06;2021-08-06;4968;5094;0;702590;585492;0;65.1;54.2;0.0
06;2021-08-07;2050;2155;0;704640;587647;0;65.3;54.4;0.0
06;2021-08-08;503;635;0;705143;588282;0;65.3;54.5;0.0
06;2021-08-09;3747;4956;0;708890;593238;0;65.7;55.0;0.0
06;2021-08-10;4411;5727;0;713301;598965;0;66.1;55.5;0.0
06;2021-08-11;3595;5187;0;716896;604152;0;66.4;56.0;0.0
06;2021-08-12;3770;5655;0;720666;609807;0;66.8;56.5;0.0
06;2021-08-13;3071;5536;0;723737;615343;0;67.1;57.0;0.0
06;2021-08-14;1384;2194;0;725121;617537;0;67.2;57.2;0.0
06;2021-08-15;348;570;0;725469;618107;0;67.2;57.3;0.0
06;2021-08-16;2703;5761;0;728172;623868;0;67.5;57.8;0.0
06;2021-08-17;2983;6477;0;731155;630345;0;67.7;58.4;0.0
06;2021-08-18;2535;5494;0;733690;635839;0;68.0;58.9;0.0
06;2021-08-19;3419;6930;0;737109;642769;0;68.3;59.5;0.0
06;2021-08-20;2777;5599;0;739886;648368;0;68.5;60.1;0.0
06;2021-08-21;1476;3109;0;741362;651477;0;68.7;60.4;0.0
06;2021-08-22;321;709;0;741683;652186;0;68.7;60.4;0.0
06;2021-08-23;2081;5457;0;743764;657643;0;68.9;60.9;0.0
06;2021-08-24;2429;5500;0;746193;663143;0;69.1;61.4;0.0
06;2021-08-25;2169;4814;0;748362;667957;0;69.3;61.9;0.0
06;2021-08-26;2306;5573;0;750668;673530;0;69.5;62.4;0.0
06;2021-08-27;2293;5657;0;752961;679187;0;69.8;62.9;0.0
06;2021-08-28;1127;2522;0;754088;681709;0;69.9;63.2;0.0
06;2021-08-29;253;596;0;754341;682305;0;69.9;63.2;0.0
06;2021-08-30;1990;4539;164;756331;686844;164;70.1;63.6;0.0
06;2021-08-31;2215;5016;262;758546;691860;426;70.3;64.1;0.0
06;2021-09-01;2400;3657;521;760946;695517;947;70.5;64.4;0.1
06;2021-09-02;2114;3673;978;763060;699190;1925;70.7;64.8;0.2
06;2021-09-03;1838;3931;991;764898;703121;2916;70.9;65.1;0.3
06;2021-09-04;1177;2254;202;766075;705375;3118;71.0;65.3;0.3
06;2021-09-05;263;392;25;766338;705767;3143;71.0;65.4;0.3
06;2021-09-06;1456;2508;978;767794;708275;4121;71.1;65.6;0.4
06;2021-09-07;1389;2812;1426;769183;711087;5547;71.3;65.9;0.5
06;2021-09-08;1441;2796;1296;770624;713883;6843;71.4;66.1;0.6
06;2021-09-09;1368;2904;1301;771992;716787;8144;71.5;66.4;0.8
06;2021-09-10;1775;3028;1047;773767;719815;9191;71.7;66.7;0.9
06;2021-09-11;961;2060;178;774728;721875;9369;71.8;66.9;0.9
06;2021-09-12;128;301;16;774856;722176;9385;71.8;66.9;0.9
06;2021-09-13;1211;2254;1011;776067;724430;10396;71.9;67.1;1.0
06;2021-09-14;1385;2044;1288;777452;726474;11684;72.0;67.3;1.1
06;2021-09-15;1360;2383;1302;778812;728857;12986;72.2;67.5;1.2
06;2021-09-16;1169;2069;1895;779981;730926;14881;72.3;67.7;1.4
06;2021-09-17;1346;2539;1253;781327;733465;16134;72.4;68.0;1.5
06;2021-09-18;602;1691;225;781929;735156;16359;72.4;68.1;1.5
06;2021-09-19;83;250;21;782012;735406;16380;72.4;68.1;1.5
06;2021-09-20;809;1805;1049;782821;737211;17429;72.5;68.3;1.6
06;2021-09-21;874;2035;1639;783695;739246;19068;72.6;68.5;1.8
06;2021-09-22;929;2170;1025;784624;741416;20093;72.7;68.7;1.9
06;2021-09-23;755;1927;1081;785379;743343;21174;72.8;68.9;2.0
06;2021-09-24;821;2054;1088;786200;745397;22262;72.8;69.1;2.1
06;2021-09-25;401;1500;302;786601;746897;22564;72.9;69.2;2.1
06;2021-09-26;76;204;21;786677;747101;22585;72.9;69.2;2.1
06;2021-09-27;607;1378;1367;787284;748479;23952;72.9;69.3;2.2
06;2021-09-28;506;1350;1233;787790;749829;25185;73.0;69.5;2.3
06;2021-09-29;684;1524;778;788474;751353;25963;73.0;69.6;2.4
06;2021-09-30;661;1426;1475;789135;752779;27438;73.1;69.7;2.5
06;2021-10-01;1424;1687;1312;790559;754466;28750;73.2;69.9;2.7
06;2021-10-02;508;1136;402;791067;755602;29152;73.3;70.0;2.7
06;2021-10-03;97;169;29;791164;755771;29181;73.3;70.0;2.7
06;2021-10-04;911;963;1203;792075;756734;30384;73.4;70.1;2.8
06;2021-10-05;658;1297;1748;792733;758031;32132;73.4;70.2;3.0
06;2021-10-06;755;1420;1993;793488;759451;34125;73.5;70.4;3.2
06;2021-10-07;586;1356;1969;794074;760807;36094;73.6;70.5;3.3
06;2021-10-08;891;1569;2179;794965;762376;38273;73.6;70.6;3.5
06;2021-10-09;483;956;579;795448;763332;38852;73.7;70.7;3.6
06;2021-10-10;101;181;30;795549;763513;38882;73.7;70.7;3.6
06;2021-10-11;542;1080;1762;796091;764593;40644;73.8;70.8;3.8
06;2021-10-12;520;934;2077;796611;765527;42721;73.8;70.9;4.0
06;2021-10-13;716;1183;1809;797327;766710;44530;73.9;71.0;4.1
06;2021-10-14;623;1039;2018;797950;767749;46548;73.9;71.1;4.3
06;2021-10-15;898;1225;2174;798848;768974;48722;74.0;71.2;4.5
06;2021-10-16;501;702;612;799349;769676;49334;74.1;71.3;4.6
06;2021-10-17;68;164;47;799417;769840;49381;74.1;71.3;4.6
06;2021-10-18;497;900;2026;799914;770740;51407;74.1;71.4;4.8
06;2021-10-19;507;729;2410;800421;771469;53817;74.2;71.5;5.0
06;2021-10-20;575;896;2622;800996;772365;56439;74.2;71.6;5.2
06;2021-10-21;497;958;2445;801493;773323;58884;74.3;71.6;5.5
06;2021-10-22;669;1066;2364;802162;774389;61248;74.3;71.7;5.7
06;2021-10-23;378;516;769;802540;774905;62017;74.4;71.8;5.7
06;2021-10-24;17;124;13;802557;775029;62030;74.4;71.8;5.7
06;2021-10-25;427;649;1797;802984;775678;63827;74.4;71.9;5.9
06;2021-10-26;426;694;2538;803410;776372;66365;74.4;71.9;6.1
06;2021-10-27;462;815;2454;803872;777187;68819;74.5;72.0;6.4
06;2021-10-28;407;628;2561;804279;777815;71380;74.5;72.1;6.6
06;2021-10-29;524;730;2340;804803;778545;73720;74.6;72.1;6.8
06;2021-10-30;287;459;857;805090;779004;74577;74.6;72.2;6.9
06;2021-10-31;37;63;51;805127;779067;74628;74.6;72.2;6.9
06;2021-11-01;150;120;28;805277;779187;74656;74.6;72.2;6.9
06;2021-11-02;443;691;2494;805720;779878;77150;74.6;72.3;7.1
06;2021-11-03;507;792;3006;806227;780670;80156;74.7;72.3;7.4
06;2021-11-04;406;636;2786;806633;781306;82942;74.7;72.4;7.7
06;2021-11-05;556;742;2586;807189;782048;85528;74.8;72.5;7.9
06;2021-11-06;327;558;1034;807516;782606;86562;74.8;72.5;8.0
06;2021-11-07;63;115;87;807579;782721;86649;74.8;72.5;8.0
06;2021-11-08;396;681;2680;807975;783402;89329;74.9;72.6;8.3
06;2021-11-09;399;622;3339;808374;784024;92668;74.9;72.6;8.6
06;2021-11-10;599;872;4195;808973;784896;96863;74.9;72.7;9.0
06;2021-11-11;80;146;226;809053;785042;97089;75.0;72.7;9.0
06;2021-11-12;520;785;3313;809573;785827;100402;75.0;72.8;9.3
06;2021-11-13;306;374;1129;809879;786201;101531;75.0;72.8;9.4
06;2021-11-14;77;92;141;809956;786293;101672;75.0;72.8;9.4
06;2021-11-15;384;657;3089;810340;786950;104761;75.1;72.9;9.7
06;2021-11-16;388;605;4333;810728;787555;109094;75.1;73.0;10.1
06;2021-11-17;528;734;3865;811256;788289;112959;75.2;73.0;10.5
06;2021-11-18;428;624;4249;811684;788913;117208;75.2;73.1;10.9
06;2021-11-19;602;819;5135;812286;789732;122343;75.3;73.2;11.3
06;2021-11-20;350;480;1610;812636;790212;123953;75.3;73.2;11.5
06;2021-11-21;57;113;126;812693;790325;124079;75.3;73.2;11.5
06;2021-11-22;427;482;3769;813120;790807;127848;75.3;73.3;11.8
06;2021-11-23;417;526;5285;813537;791333;133133;75.4;73.3;12.3
06;2021-11-24;537;701;4825;814074;792034;137958;75.4;73.4;12.8
06;2021-11-25;497;622;5776;814571;792656;143734;75.5;73.4;13.3
06;2021-11-26;579;746;7268;815150;793402;151002;75.5;73.5;14.0
06;2021-11-27;371;485;3579;815521;793887;154581;75.6;73.5;14.3
06;2021-11-28;65;119;744;815586;794006;155325;75.6;73.6;14.4
06;2021-11-29;393;547;7344;815979;794553;162669;75.6;73.6;15.1
06;2021-11-30;435;595;8568;816414;795148;171237;75.6;73.7;15.9
06;2021-12-01;612;757;10388;817026;795905;181625;75.7;73.7;16.8
06;2021-12-02;470;600;12997;817496;796505;194622;75.7;73.8;18.0
06;2021-12-03;486;820;13402;817982;797325;208024;75.8;73.9;19.3
06;2021-12-04;396;509;6361;818378;797834;214385;75.8;73.9;19.9
06;2021-12-05;119;179;1412;818497;798013;215797;75.8;73.9;20.0
06;2021-12-06;440;677;11008;818937;798690;226805;75.9;74.0;21.0
06;2021-12-07;548;689;14924;819485;799379;241729;75.9;74.1;22.4
06;2021-12-08;562;820;12536;820047;800199;254265;76.0;74.1;23.6
06;2021-12-09;583;781;14000;820630;800980;268265;76.0;74.2;24.9
06;2021-12-10;524;826;14528;821154;801806;282793;76.1;74.3;26.2
06;2021-12-11;327;515;5308;821481;802321;288101;76.1;74.3;26.7
06;2021-12-12;83;153;1258;821564;802474;289359;76.1;74.3;26.8
06;2021-12-13;425;688;11472;821989;803162;300831;76.2;74.4;27.9
06;2021-12-14;471;703;13102;822460;803865;313933;76.2;74.5;29.1
06;2021-12-15;578;791;11826;823038;804656;325759;76.2;74.5;30.2
06;2021-12-16;566;753;12450;823604;805409;338209;76.3;74.6;31.3
06;2021-12-17;641;863;13306;824245;806272;351515;76.4;74.7;32.6
06;2021-12-18;462;483;4546;824707;806755;356061;76.4;74.7;33.0
06;2021-12-19;137;192;1183;824844;806947;357244;76.4;74.8;33.1
06;2021-12-20;712;758;9721;825556;807705;366965;76.5;74.8;34.0
06;2021-12-21;775;832;9558;826331;808537;376523;76.6;74.9;34.9
06;2021-12-22;668;739;7117;826999;809276;383640;76.6;75.0;35.5
07;2020-12-27;0;0;0;0;0;0;0.0;0.0;0.0
07;2020-12-28;0;0;0;0;0;0;0.0;0.0;0.0
07;2020-12-29;0;0;0;0;0;0;0.0;0.0;0.0
07;2020-12-30;0;0;0;0;0;0;0.0;0.0;0.0
07;2020-12-31;0;0;0;0;0;0;0.0;0.0;0.0
07;2021-01-01;5;0;0;5;0;0;0.0;0.0;0.0
07;2021-01-02;0;0;0;5;0;0;0.0;0.0;0.0
07;2021-01-03;0;0;0;5;0;0;0.0;0.0;0.0
07;2021-01-04;0;0;0;5;0;0;0.0;0.0;0.0
07;2021-01-05;0;0;0;5;0;0;0.0;0.0;0.0
07;2021-01-06;31;0;0;36;0;0;0.0;0.0;0.0
07;2021-01-07;133;1;0;169;1;0;0.1;0.0;0.0
07;2021-01-08;68;1;0;237;2;0;0.1;0.0;0.0
07;2021-01-09;14;0;0;251;2;0;0.1;0.0;0.0
07;2021-01-10;0;0;0;251;2;0;0.1;0.0;0.0
07;2021-01-11;175;1;0;426;3;0;0.1;0.0;0.0
07;2021-01-12;309;1;0;735;4;0;0.2;0.0;0.0
07;2021-01-13;308;2;0;1043;6;0;0.3;0.0;0.0
07;2021-01-14;463;0;0;1506;6;0;0.5;0.0;0.0
07;2021-01-15;235;0;0;1741;6;0;0.5;0.0;0.0
07;2021-01-16;42;0;0;1783;6;0;0.5;0.0;0.0
07;2021-01-17;3;0;0;1786;6;0;0.5;0.0;0.0
07;2021-01-18;363;3;0;2149;9;0;0.7;0.0;0.0
07;2021-01-19;796;3;0;2945;12;0;0.9;0.0;0.0
07;2021-01-20;556;4;0;3501;16;0;1.1;0.0;0.0
07;2021-01-21;493;5;0;3994;21;0;1.2;0.0;0.0
07;2021-01-22;352;3;0;4346;24;0;1.3;0.0;0.0
07;2021-01-23;153;2;0;4499;26;0;1.4;0.0;0.0
07;2021-01-24;10;0;0;4509;26;0;1.4;0.0;0.0
07;2021-01-25;232;2;0;4741;28;0;1.5;0.0;0.0
07;2021-01-26;529;4;0;5270;32;0;1.6;0.0;0.0
07;2021-01-27;574;12;0;5844;44;0;1.8;0.0;0.0
07;2021-01-28;1166;111;0;7010;155;0;2.1;0.0;0.0
07;2021-01-29;729;28;0;7739;183;0;2.4;0.1;0.0
07;2021-01-30;236;2;0;7975;185;0;2.4;0.1;0.0
07;2021-01-31;11;0;0;7986;185;0;2.4;0.1;0.0
07;2021-02-01;319;50;0;8305;235;0;2.5;0.1;0.0
07;2021-02-02;640;247;0;8945;482;0;2.7;0.1;0.0
07;2021-02-03;1059;236;0;10004;718;0;3.1;0.2;0.0
07;2021-02-04;686;292;0;10690;1010;0;3.3;0.3;0.0
07;2021-02-05;506;254;0;11196;1264;0;3.4;0.4;0.0
07;2021-02-06;139;17;0;11335;1281;0;3.5;0.4;0.0
07;2021-02-07;29;2;0;11364;1283;0;3.5;0.4;0.0
07;2021-02-08;264;194;0;11628;1477;0;3.6;0.5;0.0
07;2021-02-09;509;365;0;12137;1842;0;3.7;0.6;0.0
07;2021-02-10;536;358;0;12673;2200;0;3.9;0.7;0.0
07;2021-02-11;423;293;0;13096;2493;0;4.0;0.8;0.0
07;2021-02-12;294;213;0;13390;2706;0;4.1;0.8;0.0
07;2021-02-13;118;52;0;13508;2758;0;4.1;0.8;0.0
07;2021-02-14;4;0;0;13512;2758;0;4.1;0.8;0.0
07;2021-02-15;303;175;0;13815;2933;0;4.2;0.9;0.0
07;2021-02-16;352;383;0;14167;3316;0;4.3;1.0;0.0
07;2021-02-17;434;359;0;14601;3675;0;4.5;1.1;0.0
07;2021-02-18;538;714;0;15139;4389;0;4.6;1.3;0.0
07;2021-02-19;458;486;0;15597;4875;0;4.8;1.5;0.0
07;2021-02-20;106;91;0;15703;4966;0;4.8;1.5;0.0
07;2021-02-21;17;11;0;15720;4977;0;4.8;1.5;0.0
07;2021-02-22;412;281;0;16132;5258;0;4.9;1.6;0.0
07;2021-02-23;628;616;0;16760;5874;0;5.1;1.8;0.0
07;2021-02-24;886;782;0;17646;6656;0;5.4;2.0;0.0
07;2021-02-25;715;569;0;18361;7225;0;5.6;2.2;0.0
07;2021-02-26;819;332;0;19180;7557;0;5.9;2.3;0.0
07;2021-02-27;202;196;0;19382;7753;0;5.9;2.4;0.0
07;2021-02-28;2;7;0;19384;7760;0;5.9;2.4;0.0
07;2021-03-01;447;244;0;19831;8004;0;6.1;2.4;0.0
07;2021-03-02;657;548;0;20488;8552;0;6.3;2.6;0.0
07;2021-03-03;709;552;0;21197;9104;0;6.5;2.8;0.0
07;2021-03-04;1104;383;0;22301;9487;0;6.8;2.9;0.0
07;2021-03-05;1124;405;0;23425;9892;0;7.2;3.0;0.0
07;2021-03-06;1307;139;0;24732;10031;0;7.6;3.1;0.0
07;2021-03-07;920;32;0;25652;10063;0;7.8;3.1;0.0
07;2021-03-08;425;355;0;26077;10418;0;8.0;3.2;0.0
07;2021-03-09;1110;465;0;27187;10883;0;8.3;3.3;0.0
07;2021-03-10;900;514;0;28087;11397;0;8.6;3.5;0.0
07;2021-03-11;1438;468;0;29525;11865;0;9.0;3.6;0.0
07;2021-03-12;1642;540;0;31167;12405;0;9.5;3.8;0.0
07;2021-03-13;746;143;0;31913;12548;0;9.8;3.8;0.0
07;2021-03-14;18;10;0;31931;12558;0;9.8;3.8;0.0
07;2021-03-15;582;290;0;32513;12848;0;9.9;3.9;0.0
07;2021-03-16;1233;476;0;33746;13324;0;10.3;4.1;0.0
07;2021-03-17;1168;757;0;34914;14081;0;10.7;4.3;0.0
07;2021-03-18;1198;438;0;36112;14519;0;11.0;4.4;0.0
07;2021-03-19;1244;422;0;37356;14941;0;11.4;4.6;0.0
07;2021-03-20;523;115;0;37879;15056;0;11.6;4.6;0.0
07;2021-03-21;20;4;0;37899;15060;0;11.6;4.6;0.0
07;2021-03-22;833;518;0;38732;15578;0;11.8;4.8;0.0
07;2021-03-23;1441;659;0;40173;16237;0;12.3;5.0;0.0
07;2021-03-24;1252;628;0;41425;16865;0;12.7;5.2;0.0
07;2021-03-25;1835;495;0;43260;17360;0;13.2;5.3;0.0
07;2021-03-26;1817;433;0;45077;17793;0;13.8;5.4;0.0
07;2021-03-27;455;115;0;45532;17908;0;13.9;5.5;0.0
07;2021-03-28;31;4;0;45563;17912;0;13.9;5.5;0.0
07;2021-03-29;840;366;0;46403;18278;0;14.2;5.6;0.0
07;2021-03-30;1587;536;0;47990;18814;0;14.7;5.8;0.0
07;2021-03-31;1482;492;0;49472;19306;0;15.1;5.9;0.0
07;2021-04-01;1661;666;0;51133;19972;0;15.6;6.1;0.0
07;2021-04-02;1495;505;0;52628;20477;0;16.1;6.3;0.0
07;2021-04-03;277;236;0;52905;20713;0;16.2;6.3;0.0
07;2021-04-04;34;93;0;52939;20806;0;16.2;6.4;0.0
07;2021-04-05;79;65;0;53018;20871;0;16.2;6.4;0.0
07;2021-04-06;1158;781;0;54176;21652;0;16.6;6.6;0.0
07;2021-04-07;1254;931;0;55430;22583;0;17.0;6.9;0.0
07;2021-04-08;1909;1142;0;57339;23725;0;17.5;7.3;0.0
07;2021-04-09;2297;603;0;59636;24328;0;18.2;7.4;0.0
07;2021-04-10;829;231;0;60465;24559;0;18.5;7.5;0.0
07;2021-04-11;313;16;0;60778;24575;0;18.6;7.5;0.0
07;2021-04-12;1236;638;0;62014;25213;0;19.0;7.7;0.0
07;2021-04-13;1701;1280;0;63715;26493;0;19.5;8.1;0.0
07;2021-04-14;1535;1032;0;65250;27525;0;20.0;8.4;0.0
07;2021-04-15;1368;858;0;66618;28383;0;20.4;8.7;0.0
07;2021-04-16;1421;893;0;68039;29276;0;20.8;9.0;0.0
07;2021-04-17;896;253;0;68935;29529;0;21.1;9.0;0.0
07;2021-04-18;589;45;0;69524;29574;0;21.3;9.0;0.0
07;2021-04-19;1092;607;0;70616;30181;0;21.6;9.2;0.0
07;2021-04-20;1364;1264;0;71980;31445;0;22.0;9.6;0.0
07;2021-04-21;1613;906;0;73593;32351;0;22.5;9.9;0.0
07;2021-04-22;1639;932;0;75232;33283;0;23.0;10.2;0.0
07;2021-04-23;1351;969;0;76583;34252;0;23.4;10.5;0.0
07;2021-04-24;925;306;0;77508;34558;0;23.7;10.6;0.0
07;2021-04-25;717;81;0;78225;34639;0;23.9;10.6;0.0
07;2021-04-26;1056;768;0;79281;35407;0;24.3;10.8;0.0
07;2021-04-27;1352;1490;0;80633;36897;0;24.7;11.3;0.0
07;2021-04-28;1464;1457;0;82097;38354;0;25.1;11.7;0.0
07;2021-04-29;1842;1460;0;83939;39814;0;25.7;12.2;0.0
07;2021-04-30;1493;1384;0;85432;41198;0;26.1;12.6;0.0
07;2021-05-01;916;144;0;86348;41342;0;26.4;12.6;0.0
07;2021-05-02;749;152;0;87097;41494;0;26.6;12.7;0.0
07;2021-05-03;1282;491;0;88379;41985;0;27.0;12.8;0.0
07;2021-05-04;1943;1552;0;90322;43537;0;27.6;13.3;0.0
07;2021-05-05;1684;1364;0;92006;44901;0;28.1;13.7;0.0
07;2021-05-06;2050;1589;0;94056;46490;0;28.8;14.2;0.0
07;2021-05-07;1633;1487;0;95689;47977;0;29.3;14.7;0.0
07;2021-05-08;1150;415;0;96839;48392;0;29.6;14.8;0.0
07;2021-05-09;887;307;0;97726;48699;0;29.9;14.9;0.0
07;2021-05-10;1467;1124;0;99193;49823;0;30.3;15.2;0.0
07;2021-05-11;2350;1543;0;101543;51366;0;31.1;15.7;0.0
07;2021-05-12;2132;1152;0;103675;52518;0;31.7;16.1;0.0
07;2021-05-13;1656;273;0;105331;52791;0;32.2;16.2;0.0
07;2021-05-14;1733;880;0;107064;53671;0;32.8;16.4;0.0
07;2021-05-15;1708;473;0;108772;54144;0;33.3;16.6;0.0
07;2021-05-16;1490;201;0;110262;54345;0;33.7;16.6;0.0
07;2021-05-17;1794;833;0;112056;55178;0;34.3;16.9;0.0
07;2021-05-18;2240;1230;0;114296;56408;0;35.0;17.3;0.0
07;2021-05-19;2246;919;0;116542;57327;0;35.7;17.5;0.0
07;2021-05-20;2071;1227;0;118613;58554;0;36.3;17.9;0.0
07;2021-05-21;1731;1242;0;120344;59796;0;36.8;18.3;0.0
07;2021-05-22;966;530;0;121310;60326;0;37.1;18.5;0.0
07;2021-05-23;658;146;0;121968;60472;0;37.3;18.5;0.0
07;2021-05-24;1467;343;0;123435;60815;0;37.8;18.6;0.0
07;2021-05-25;1977;1351;0;125412;62166;0;38.4;19.0;0.0
07;2021-05-26;1618;1293;0;127030;63459;0;38.9;19.4;0.0
07;2021-05-27;1882;1414;0;128912;64873;0;39.4;19.8;0.0
07;2021-05-28;1731;2004;0;130643;66877;0;40.0;20.5;0.0
07;2021-05-29;972;724;0;131615;67601;0;40.3;20.7;0.0
07;2021-05-30;415;482;0;132030;68083;0;40.4;20.8;0.0
07;2021-05-31;1163;1192;0;133193;69275;0;40.7;21.2;0.0
07;2021-06-01;1771;1905;0;134964;71180;0;41.3;21.8;0.0
07;2021-06-02;1475;1546;0;136439;72726;0;41.7;22.2;0.0
07;2021-06-03;1587;1319;0;138026;74045;0;42.2;22.7;0.0
07;2021-06-04;1604;1625;0;139630;75670;0;42.7;23.1;0.0
07;2021-06-05;923;920;0;140553;76590;0;43.0;23.4;0.0
07;2021-06-06;388;552;0;140941;77142;0;43.1;23.6;0.0
07;2021-06-07;938;1204;0;141879;78346;0;43.4;24.0;0.0
07;2021-06-08;1437;1689;0;143316;80035;0;43.8;24.5;0.0
07;2021-06-09;1054;1444;0;144370;81479;0;44.2;24.9;0.0
07;2021-06-10;869;1432;0;145239;82911;0;44.4;25.4;0.0
07;2021-06-11;1174;2063;0;146413;84974;0;44.8;26.0;0.0
07;2021-06-12;572;1193;0;146985;86167;0;45.0;26.4;0.0
07;2021-06-13;248;367;0;147233;86534;0;45.0;26.5;0.0
07;2021-06-14;638;1935;0;147871;88469;0;45.2;27.1;0.0
07;2021-06-15;975;2453;0;148846;90922;0;45.5;27.8;0.0
07;2021-06-16;994;1863;0;149840;92785;0;45.8;28.4;0.0
07;2021-06-17;884;1933;0;150724;94718;0;46.1;29.0;0.0
07;2021-06-18;920;2372;0;151644;97090;0;46.4;29.7;0.0
07;2021-06-19;521;1388;0;152165;98478;0;46.6;30.1;0.0
07;2021-06-20;282;637;0;152447;99115;0;46.6;30.3;0.0
07;2021-06-21;531;2131;0;152978;101246;0;46.8;31.0;0.0
07;2021-06-22;656;2579;0;153634;103825;0;47.0;31.8;0.0
07;2021-06-23;680;2066;0;154314;105891;0;47.2;32.4;0.0
07;2021-06-24;642;1907;0;154956;107798;0;47.4;33.0;0.0
07;2021-06-25;664;2356;0;155620;110154;0;47.6;33.7;0.0
07;2021-06-26;339;1598;0;155959;111752;0;47.7;34.2;0.0
07;2021-06-27;203;902;0;156162;112654;0;47.8;34.5;0.0
07;2021-06-28;502;2225;0;156664;114879;0;47.9;35.1;0.0
07;2021-06-29;545;2846;0;157209;117725;0;48.1;36.0;0.0
07;2021-06-30;820;2293;0;158029;120018;0;48.3;36.7;0.0
07;2021-07-01;859;1922;0;158888;121940;0;48.6;37.3;0.0
07;2021-07-02;864;2231;0;159752;124171;0;48.9;38.0;0.0
07;2021-07-03;401;1260;0;160153;125431;0;49.0;38.4;0.0
07;2021-07-04;202;608;0;160355;126039;0;49.1;38.6;0.0
07;2021-07-05;646;1734;0;161001;127773;0;49.3;39.1;0.0
07;2021-07-06;859;2378;0;161860;130151;0;49.5;39.8;0.0
07;2021-07-07;935;1873;0;162795;132024;0;49.8;40.4;0.0
07;2021-07-08;1026;1842;0;163821;133866;0;50.1;41.0;0.0
07;2021-07-09;951;2243;0;164772;136109;0;50.4;41.6;0.0
07;2021-07-10;559;1172;0;165331;137281;0;50.6;42.0;0.0
07;2021-07-11;206;517;0;165537;137798;0;50.6;42.2;0.0
07;2021-07-12;756;1798;0;166293;139596;0;50.9;42.7;0.0
07;2021-07-13;1523;2680;0;167816;142276;0;51.3;43.5;0.0
07;2021-07-14;395;235;0;168211;142511;0;51.5;43.6;0.0
07;2021-07-15;1846;2171;0;170057;144682;0;52.0;44.3;0.0
07;2021-07-16;1975;1963;0;172032;146645;0;52.6;44.9;0.0
07;2021-07-17;1292;1103;0;173324;147748;0;53.0;45.2;0.0
07;2021-07-18;313;221;0;173637;147969;0;53.1;45.3;0.0
07;2021-07-19;1428;1595;0;175065;149564;0;53.6;45.8;0.0
07;2021-07-20;2393;2257;0;177458;151821;0;54.3;46.4;0.0
07;2021-07-21;1894;1818;0;179352;153639;0;54.9;47.0;0.0
07;2021-07-22;1996;1372;0;181348;155011;0;55.5;47.4;0.0
07;2021-07-23;2286;1613;0;183634;156624;0;56.2;47.9;0.0
07;2021-07-24;1508;957;0;185142;157581;0;56.6;48.2;0.0
07;2021-07-25;192;56;0;185334;157637;0;56.7;48.2;0.0
07;2021-07-26;2013;1458;0;187347;159095;0;57.3;48.7;0.0
07;2021-07-27;2756;1597;0;190103;160692;0;58.2;49.2;0.0
07;2021-07-28;1907;1237;0;192010;161929;0;58.7;49.5;0.0
07;2021-07-29;2390;1259;0;194400;163188;0;59.5;49.9;0.0
07;2021-07-30;1706;1460;0;196106;164648;0;60.0;50.4;0.0
07;2021-07-31;1217;748;0;197323;165396;0;60.4;50.6;0.0
07;2021-08-01;118;53;0;197441;165449;0;60.4;50.6;0.0
07;2021-08-02;1563;1117;0;199004;166566;0;60.9;51.0;0.0
07;2021-08-03;2213;1727;0;201217;168293;0;61.6;51.5;0.0
07;2021-08-04;1865;956;0;203082;169249;0;62.1;51.8;0.0
07;2021-08-05;1835;1288;0;204917;170537;0;62.7;52.2;0.0
07;2021-08-06;1858;1645;0;206775;172182;0;63.3;52.7;0.0
07;2021-08-07;733;562;0;207508;172744;0;63.5;52.8;0.0
07;2021-08-08;28;47;0;207536;172791;0;63.5;52.9;0.0
07;2021-08-09;1127;1452;0;208663;174243;0;63.8;53.3;0.0
07;2021-08-10;1416;2140;0;210079;176383;0;64.3;54.0;0.0
07;2021-08-11;1301;1620;0;211380;178003;0;64.7;54.5;0.0
07;2021-08-12;1088;1518;0;212468;179521;0;65.0;54.9;0.0
07;2021-08-13;1137;1713;0;213605;181234;0;65.3;55.4;0.0
07;2021-08-14;424;747;0;214029;181981;0;65.5;55.7;0.0
07;2021-08-15;26;53;0;214055;182034;0;65.5;55.7;0.0
07;2021-08-16;747;1582;0;214802;183616;0;65.7;56.2;0.0
07;2021-08-17;1186;2219;0;215988;185835;0;66.1;56.9;0.0
07;2021-08-18;952;1632;0;216940;187467;0;66.4;57.4;0.0
07;2021-08-19;1101;1731;0;218041;189198;0;66.7;57.9;0.0
07;2021-08-20;920;2121;0;218961;191319;0;67.0;58.5;0.0
07;2021-08-21;349;657;0;219310;191976;0;67.1;58.7;0.0
07;2021-08-22;7;41;0;219317;192017;0;67.1;58.7;0.0
07;2021-08-23;544;1569;0;219861;193586;0;67.3;59.2;0.0
07;2021-08-24;1064;2250;0;220925;195836;0;67.6;59.9;0.0
07;2021-08-25;761;1837;0;221686;197673;0;67.8;60.5;0.0
07;2021-08-26;712;1909;0;222398;199582;0;68.0;61.1;0.0
07;2021-08-27;843;1970;0;223241;201552;0;68.3;61.7;0.0
07;2021-08-28;332;684;0;223573;202236;0;68.4;61.9;0.0
07;2021-08-29;11;71;0;223584;202307;0;68.4;61.9;0.0
07;2021-08-30;494;1533;23;224078;203840;23;68.6;62.4;0.0
07;2021-08-31;1033;2111;74;225111;205951;97;68.9;63.0;0.0
07;2021-09-01;677;1365;68;225788;207316;165;69.1;63.4;0.1
07;2021-09-02;615;1322;171;226403;208638;336;69.3;63.8;0.1
07;2021-09-03;780;1718;131;227183;210356;467;69.5;64.4;0.1
07;2021-09-04;346;653;24;227529;211009;491;69.6;64.6;0.2
07;2021-09-05;19;29;4;227548;211038;495;69.6;64.6;0.2
07;2021-09-06;435;844;152;227983;211882;647;69.7;64.8;0.2
07;2021-09-07;509;1064;166;228492;212946;813;69.9;65.1;0.2
07;2021-09-08;485;1061;144;228977;214007;957;70.1;65.5;0.3
07;2021-09-09;446;859;207;229423;214866;1164;70.2;65.7;0.4
07;2021-09-10;552;1244;197;229975;216110;1361;70.4;66.1;0.4
07;2021-09-11;178;605;40;230153;216715;1401;70.4;66.3;0.4
07;2021-09-12;4;16;3;230157;216731;1404;70.4;66.3;0.4
07;2021-09-13;366;577;136;230523;217308;1540;70.5;66.5;0.5
07;2021-09-14;578;880;333;231101;218188;1873;70.7;66.7;0.6
07;2021-09-15;344;844;203;231445;219032;2076;70.8;67.0;0.6
07;2021-09-16;436;599;320;231881;219631;2396;70.9;67.2;0.7
07;2021-09-17;365;886;314;232246;220517;2710;71.1;67.5;0.8
07;2021-09-18;139;504;59;232385;221021;2769;71.1;67.6;0.8
07;2021-09-19;6;26;4;232391;221047;2773;71.1;67.6;0.8
07;2021-09-20;231;427;406;232622;221474;3179;71.2;67.8;1.0
07;2021-09-21;270;687;364;232892;222161;3543;71.2;68.0;1.1
07;2021-09-22;202;773;201;233094;222934;3744;71.3;68.2;1.1
07;2021-09-23;200;556;343;233294;223490;4087;71.4;68.4;1.3
07;2021-09-24;275;882;365;233569;224372;4452;71.5;68.6;1.4
07;2021-09-25;93;330;63;233662;224702;4515;71.5;68.7;1.4
07;2021-09-26;5;13;6;233667;224715;4521;71.5;68.7;1.4
07;2021-09-27;190;499;325;233857;225214;4846;71.5;68.9;1.5
07;2021-09-28;181;475;531;234038;225689;5377;71.6;69.0;1.6
07;2021-09-29;179;563;378;234217;226252;5755;71.7;69.2;1.8
07;2021-09-30;184;438;345;234401;226690;6100;71.7;69.4;1.9
07;2021-10-01;288;617;367;234689;227307;6467;71.8;69.5;2.0
07;2021-10-02;110;214;59;234799;227521;6526;71.8;69.6;2.0
07;2021-10-03;5;17;2;234804;227538;6528;71.8;69.6;2.0
07;2021-10-04;171;385;362;234975;227923;6890;71.9;69.7;2.1
07;2021-10-05;215;484;480;235190;228407;7370;72.0;69.9;2.3
07;2021-10-06;179;365;500;235369;228772;7870;72.0;70.0;2.4
07;2021-10-07;127;402;358;235496;229174;8228;72.0;70.1;2.5
07;2021-10-08;230;480;511;235726;229654;8739;72.1;70.3;2.7
07;2021-10-09;100;171;140;235826;229825;8879;72.1;70.3;2.7
07;2021-10-10;1;4;2;235827;229829;8881;72.1;70.3;2.7
07;2021-10-11;117;293;495;235944;230122;9376;72.2;70.4;2.9
07;2021-10-12;171;390;515;236115;230512;9891;72.2;70.5;3.0
07;2021-10-13;151;274;403;236266;230786;10294;72.3;70.6;3.1
07;2021-10-14;152;239;369;236418;231025;10663;72.3;70.7;3.3
07;2021-10-15;236;375;567;236654;231400;11230;72.4;70.8;3.4
07;2021-10-16;108;130;175;236762;231530;11405;72.4;70.8;3.5
07;2021-10-17;1;5;1;236763;231535;11406;72.4;70.8;3.5
07;2021-10-18;183;240;389;236946;231775;11795;72.5;70.9;3.6
07;2021-10-19;114;148;564;237060;231923;12359;72.5;71.0;3.8
07;2021-10-20;109;200;443;237169;232123;12802;72.6;71.0;3.9
07;2021-10-21;65;156;546;237234;232279;13348;72.6;71.1;4.1
07;2021-10-22;88;270;623;237322;232549;13971;72.6;71.1;4.3
07;2021-10-23;53;72;133;237375;232621;14104;72.6;71.2;4.3
07;2021-10-24;3;8;2;237378;232629;14106;72.6;71.2;4.3
07;2021-10-25;77;155;367;237455;232784;14473;72.6;71.2;4.4
07;2021-10-26;97;172;747;237552;232956;15220;72.7;71.3;4.7
07;2021-10-27;77;173;407;237629;233129;15627;72.7;71.3;4.8
07;2021-10-28;61;115;405;237690;233244;16032;72.7;71.4;4.9
07;2021-10-29;88;208;732;237778;233452;16764;72.7;71.4;5.1
07;2021-10-30;53;85;191;237831;233537;16955;72.8;71.4;5.2
07;2021-10-31;0;2;3;237831;233539;16958;72.8;71.4;5.2
07;2021-11-01;8;10;17;237839;233549;16975;72.8;71.4;5.2
07;2021-11-02;90;192;700;237929;233741;17675;72.8;71.5;5.4
07;2021-11-03;94;125;630;238023;233866;18305;72.8;71.5;5.6
07;2021-11-04;72;122;680;238095;233988;18985;72.8;71.6;5.8
07;2021-11-05;97;227;822;238192;234215;19807;72.9;71.7;6.1
07;2021-11-06;33;86;230;238225;234301;20037;72.9;71.7;6.1
07;2021-11-07;2;11;2;238227;234312;20039;72.9;71.7;6.1
07;2021-11-08;64;158;767;238291;234470;20806;72.9;71.7;6.4
07;2021-11-09;68;134;1053;238359;234604;21859;72.9;71.8;6.7
07;2021-11-10;78;184;1131;238437;234788;22990;72.9;71.8;7.0
07;2021-11-11;4;3;27;238441;234791;23017;72.9;71.8;7.0
07;2021-11-12;110;167;1179;238551;234958;24196;73.0;71.9;7.4
07;2021-11-13;44;85;275;238595;235043;24471;73.0;71.9;7.5
07;2021-11-14;0;10;10;238595;235053;24481;73.0;71.9;7.5
07;2021-11-15;70;106;1060;238665;235159;25541;73.0;71.9;7.8
07;2021-11-16;84;107;1544;238749;235266;27085;73.0;72.0;8.3
07;2021-11-17;102;124;1155;238851;235390;28240;73.1;72.0;8.6
07;2021-11-18;82;110;1059;238933;235500;29299;73.1;72.0;9.0
07;2021-11-19;94;131;1493;239027;235631;30792;73.1;72.1;9.4
07;2021-11-20;80;56;366;239107;235687;31158;73.1;72.1;9.5
07;2021-11-21;0;2;13;239107;235689;31171;73.1;72.1;9.5
07;2021-11-22;72;55;1137;239179;235744;32308;73.2;72.1;9.9
07;2021-11-23;123;94;1799;239302;235838;34107;73.2;72.1;10.4
07;2021-11-24;135;117;1423;239437;235955;35530;73.3;72.2;10.9
07;2021-11-25;100;92;1906;239537;236047;37436;73.3;72.2;11.5
07;2021-11-26;143;125;2592;239680;236172;40028;73.3;72.3;12.2
07;2021-11-27;71;60;1329;239751;236232;41357;73.3;72.3;12.7
07;2021-11-28;11;7;472;239762;236239;41829;73.3;72.3;12.8
07;2021-11-29;63;69;2154;239825;236308;43983;73.4;72.3;13.5
07;2021-11-30;82;88;3339;239907;236396;47322;73.4;72.3;14.5
07;2021-12-01;101;89;2634;240008;236485;49956;73.4;72.3;15.3
07;2021-12-02;56;58;2927;240064;236543;52883;73.4;72.4;16.2
07;2021-12-03;93;118;3634;240157;236661;56517;73.5;72.4;17.3
07;2021-12-04;60;50;1576;240217;236711;58093;73.5;72.4;17.8
07;2021-12-05;6;12;349;240223;236723;58442;73.5;72.4;17.9
07;2021-12-06;62;73;2713;240285;236796;61155;73.5;72.4;18.7
07;2021-12-07;107;114;4368;240392;236910;65523;73.5;72.5;20.0
07;2021-12-08;87;94;3486;240479;237004;69009;73.6;72.5;21.1
07;2021-12-09;97;83;3582;240576;237087;72591;73.6;72.5;22.2
07;2021-12-10;99;112;4271;240675;237199;76862;73.6;72.6;23.5
07;2021-12-11;69;71;2001;240744;237270;78863;73.7;72.6;24.1
07;2021-12-12;9;7;438;240753;237277;79301;73.7;72.6;24.3
07;2021-12-13;80;87;3091;240833;237364;82392;73.7;72.6;25.2
07;2021-12-14;136;135;4645;240969;237499;87037;73.7;72.7;26.6
07;2021-12-15;92;134;3998;241061;237633;91035;73.7;72.7;27.9
07;2021-12-16;104;104;4271;241165;237737;95306;73.8;72.7;29.2
07;2021-12-17;134;178;4227;241299;237915;99533;73.8;72.8;30.4
07;2021-12-18;111;88;2230;241410;238003;101763;73.9;72.8;31.1
07;2021-12-19;31;23;882;241441;238026;102645;73.9;72.8;31.4
07;2021-12-20;113;100;2550;241554;238126;105195;73.9;72.8;32.2
07;2021-12-21;137;125;3576;241691;238251;108771;73.9;72.9;33.3
07;2021-12-22;113;107;2368;241804;238358;111139;74.0;72.9;34.0
08;2020-12-27;0;0;0;0;0;0;0.0;0.0;0.0
08;2020-12-28;0;0;0;0;0;0;0.0;0.0;0.0
08;2020-12-29;0;0;0;0;0;0;0.0;0.0;0.0
08;2020-12-30;0;0;0;0;0;0;0.0;0.0;0.0
08;2020-12-31;0;0;0;0;0;0;0.0;0.0;0.0
08;2021-01-01;0;0;0;0;0;0;0.0;0.0;0.0
08;2021-01-02;0;0;0;0;0;0;0.0;0.0;0.0
08;2021-01-03;1;0;0;1;0;0;0.0;0.0;0.0
08;2021-01-04;23;0;0;24;0;0;0.0;0.0;0.0
08;2021-01-05;0;0;0;24;0;0;0.0;0.0;0.0
08;2021-01-06;0;0;0;24;0;0;0.0;0.0;0.0
08;2021-01-07;187;0;0;211;0;0;0.1;0.0;0.0
08;2021-01-08;302;0;0;513;0;0;0.2;0.0;0.0
08;2021-01-09;106;0;0;619;0;0;0.2;0.0;0.0
08;2021-01-10;1;0;0;620;0;0;0.2;0.0;0.0
08;2021-01-11;79;1;0;699;1;0;0.3;0.0;0.0
08;2021-01-12;174;0;0;873;1;0;0.3;0.0;0.0
08;2021-01-13;485;1;0;1358;2;0;0.5;0.0;0.0
08;2021-01-14;540;8;0;1898;10;0;0.7;0.0;0.0
08;2021-01-15;294;2;0;2192;12;0;0.8;0.0;0.0
08;2021-01-16;105;0;0;2297;12;0;0.9;0.0;0.0
08;2021-01-17;1;0;0;2298;12;0;0.9;0.0;0.0
08;2021-01-18;385;2;0;2683;14;0;1.0;0.0;0.0
08;2021-01-19;842;1;0;3525;15;0;1.3;0.0;0.0
08;2021-01-20;891;4;0;4416;19;0;1.7;0.0;0.0
08;2021-01-21;729;1;0;5145;20;0;1.9;0.0;0.0
08;2021-01-22;682;2;0;5827;22;0;2.2;0.0;0.0
08;2021-01-23;237;0;0;6064;22;0;2.3;0.0;0.0
08;2021-01-24;1;0;0;6065;22;0;2.3;0.0;0.0
08;2021-01-25;204;0;0;6269;22;0;2.4;0.0;0.0
08;2021-01-26;289;1;0;6558;23;0;2.5;0.0;0.0
08;2021-01-27;415;1;0;6973;24;0;2.6;0.0;0.0
08;2021-01-28;565;173;0;7538;197;0;2.8;0.1;0.0
08;2021-01-29;574;172;0;8112;369;0;3.1;0.1;0.0
08;2021-01-30;207;60;0;8319;429;0;3.1;0.2;0.0
08;2021-01-31;0;0;0;8319;429;0;3.1;0.2;0.0
08;2021-02-01;84;49;0;8403;478;0;3.2;0.2;0.0
08;2021-02-02;202;166;0;8605;644;0;3.2;0.2;0.0
08;2021-02-03;144;169;0;8749;813;0;3.3;0.3;0.0
08;2021-02-04;329;295;0;9078;1108;0;3.4;0.4;0.0
08;2021-02-05;515;343;0;9593;1451;0;3.6;0.5;0.0
08;2021-02-06;142;75;0;9735;1526;0;3.7;0.6;0.0
08;2021-02-07;8;0;0;9743;1526;0;3.7;0.6;0.0
08;2021-02-08;44;175;0;9787;1701;0;3.7;0.6;0.0
08;2021-02-09;217;623;0;10004;2324;0;3.8;0.9;0.0
08;2021-02-10;325;616;0;10329;2940;0;3.9;1.1;0.0
08;2021-02-11;466;357;0;10795;3297;0;4.1;1.2;0.0
08;2021-02-12;663;385;0;11458;3682;0;4.3;1.4;0.0
08;2021-02-13;128;113;0;11586;3795;0;4.4;1.4;0.0
08;2021-02-14;4;61;0;11590;3856;0;4.4;1.5;0.0
08;2021-02-15;226;204;0;11816;4060;0;4.4;1.5;0.0
08;2021-02-16;138;381;0;11954;4441;0;4.5;1.7;0.0
08;2021-02-17;127;410;0;12081;4851;0;4.5;1.8;0.0
08;2021-02-18;229;518;0;12310;5369;0;4.6;2.0;0.0
08;2021-02-19;311;426;0;12621;5795;0;4.8;2.2;0.0
08;2021-02-20;16;205;0;12637;6000;0;4.8;2.3;0.0
08;2021-02-21;0;0;0;12637;6000;0;4.8;2.3;0.0
08;2021-02-22;139;181;0;12776;6181;0;4.8;2.3;0.0
08;2021-02-23;164;324;0;12940;6505;0;4.9;2.4;0.0
08;2021-02-24;169;387;0;13109;6892;0;4.9;2.6;0.0
08;2021-02-25;497;528;0;13606;7420;0;5.1;2.8;0.0
08;2021-02-26;616;631;0;14222;8051;0;5.4;3.0;0.0
08;2021-02-27;308;185;0;14530;8236;0;5.5;3.1;0.0
08;2021-02-28;21;1;0;14551;8237;0;5.5;3.1;0.0
08;2021-03-01;200;103;0;14751;8340;0;5.6;3.1;0.0
08;2021-03-02;623;275;0;15374;8615;0;5.8;3.2;0.0
08;2021-03-03;871;196;0;16245;8811;0;6.1;3.3;0.0
08;2021-03-04;724;345;0;16969;9156;0;6.4;3.4;0.0
08;2021-03-05;1006;546;0;17975;9702;0;6.8;3.7;0.0
08;2021-03-06;652;133;0;18627;9835;0;7.0;3.7;0.0
08;2021-03-07;57;0;0;18684;9835;0;7.0;3.7;0.0
08;2021-03-08;210;126;0;18894;9961;0;7.1;3.8;0.0
08;2021-03-09;686;166;0;19580;10127;0;7.4;3.8;0.0
08;2021-03-10;1043;125;0;20623;10252;0;7.8;3.9;0.0
08;2021-03-11;962;255;0;21585;10507;0;8.1;4.0;0.0
08;2021-03-12;1625;519;0;23210;11026;0;8.7;4.2;0.0
08;2021-03-13;799;112;0;24009;11138;0;9.0;4.2;0.0
08;2021-03-14;28;0;0;24037;11138;0;9.1;4.2;0.0
08;2021-03-15;292;74;0;24329;11212;0;9.2;4.2;0.0
08;2021-03-16;560;43;0;24889;11255;0;9.4;4.2;0.0
08;2021-03-17;802;80;0;25691;11335;0;9.7;4.3;0.0
08;2021-03-18;808;171;0;26499;11506;0;10.0;4.3;0.0
08;2021-03-19;1141;290;0;27640;11796;0;10.4;4.4;0.0
08;2021-03-20;507;27;0;28147;11823;0;10.6;4.5;0.0
08;2021-03-21;17;1;0;28164;11824;0;10.6;4.5;0.0
08;2021-03-22;381;50;0;28545;11874;0;10.8;4.5;0.0
08;2021-03-23;770;69;0;29315;11943;0;11.0;4.5;0.0
08;2021-03-24;1347;76;0;30662;12019;0;11.5;4.5;0.0
08;2021-03-25;1911;104;0;32573;12123;0;12.3;4.6;0.0
08;2021-03-26;2473;175;0;35046;12298;0;13.2;4.6;0.0
08;2021-03-27;912;127;0;35958;12425;0;13.5;4.7;0.0
08;2021-03-28;233;8;0;36191;12433;0;13.6;4.7;0.0
08;2021-03-29;290;182;0;36481;12615;0;13.7;4.8;0.0
08;2021-03-30;846;472;0;37327;13087;0;14.1;4.9;0.0
08;2021-03-31;868;512;0;38195;13599;0;14.4;5.1;0.0
08;2021-04-01;1688;438;0;39883;14037;0;15.0;5.3;0.0
08;2021-04-02;1485;511;0;41368;14548;0;15.6;5.5;0.0
08;2021-04-03;1287;196;0;42655;14744;0;16.1;5.6;0.0
08;2021-04-04;125;5;0;42780;14749;0;16.1;5.6;0.0
08;2021-04-05;14;2;0;42794;14751;0;16.1;5.6;0.0
08;2021-04-06;707;483;0;43501;15234;0;16.4;5.7;0.0
08;2021-04-07;908;692;0;44409;15926;0;16.7;6.0;0.0
08;2021-04-08;1741;520;0;46150;16446;0;17.4;6.2;0.0
08;2021-04-09;2330;728;0;48480;17174;0;18.3;6.5;0.0
08;2021-04-10;1429;228;0;49909;17402;0;18.8;6.6;0.0
08;2021-04-11;16;10;0;49925;17412;0;18.8;6.6;0.0
08;2021-04-12;667;217;0;50592;17629;0;19.1;6.6;0.0
08;2021-04-13;1286;611;0;51878;18240;0;19.5;6.9;0.0
08;2021-04-14;1289;852;0;53167;19092;0;20.0;7.2;0.0
08;2021-04-15;1610;809;0;54777;19901;0;20.6;7.5;0.0
08;2021-04-16;1879;874;0;56656;20775;0;21.3;7.8;0.0
08;2021-04-17;1073;399;0;57729;21174;0;21.7;8.0;0.0
08;2021-04-18;42;16;0;57771;21190;0;21.8;8.0;0.0
08;2021-04-19;1129;313;0;58900;21503;0;22.2;8.1;0.0
08;2021-04-20;1086;571;0;59986;22074;0;22.6;8.3;0.0
08;2021-04-21;1107;769;0;61093;22843;0;23.0;8.6;0.0
08;2021-04-22;1262;885;0;62355;23728;0;23.5;8.9;0.0
08;2021-04-23;1607;1169;0;63962;24897;0;24.1;9.4;0.0
08;2021-04-24;1232;637;0;65194;25534;0;24.6;9.6;0.0
08;2021-04-25;32;204;0;65226;25738;0;24.6;9.7;0.0
08;2021-04-26;947;163;0;66173;25901;0;24.9;9.8;0.0
08;2021-04-27;1258;606;0;67431;26507;0;25.4;10.0;0.0
08;2021-04-28;1372;698;0;68803;27205;0;25.9;10.2;0.0
08;2021-04-29;1105;1306;0;69908;28511;0;26.3;10.7;0.0
08;2021-04-30;1677;1593;0;71585;30104;0;27.0;11.3;0.0
08;2021-05-01;930;474;0;72515;30578;0;27.3;11.5;0.0
08;2021-05-02;581;179;0;73096;30757;0;27.5;11.6;0.0
08;2021-05-03;1093;383;0;74189;31140;0;27.9;11.7;0.0
08;2021-05-04;1272;878;0;75461;32018;0;28.4;12.1;0.0
08;2021-05-05;1513;1313;0;76974;33331;0;29.0;12.6;0.0
08;2021-05-06;1842;1644;0;78816;34975;0;29.7;13.2;0.0
08;2021-05-07;1814;2052;0;80630;37027;0;30.4;13.9;0.0
08;2021-05-08;883;760;0;81513;37787;0;30.7;14.2;0.0
08;2021-05-09;414;60;0;81927;37847;0;30.9;14.3;0.0
08;2021-05-10;1165;666;0;83092;38513;0;31.3;14.5;0.0
08;2021-05-11;1837;969;0;84929;39482;0;32.0;14.9;0.0
08;2021-05-12;1728;1243;0;86657;40725;0;32.6;15.3;0.0
08;2021-05-13;1266;596;0;87923;41321;0;33.1;15.6;0.0
08;2021-05-14;2426;1009;0;90349;42330;0;34.0;15.9;0.0
08;2021-05-15;1739;697;0;92088;43027;0;34.7;16.2;0.0
08;2021-05-16;797;96;0;92885;43123;0;35.0;16.2;0.0
08;2021-05-17;668;886;0;93553;44009;0;35.2;16.6;0.0
08;2021-05-18;1252;837;0;94805;44846;0;35.7;16.9;0.0
08;2021-05-19;1513;961;0;96318;45807;0;36.3;17.3;0.0
08;2021-05-20;1956;947;0;98274;46754;0;37.0;17.6;0.0
08;2021-05-21;2189;1244;0;100463;47998;0;37.8;18.1;0.0
08;2021-05-22;1751;748;0;102214;48746;0;38.5;18.4;0.0
08;2021-05-23;857;89;0;103071;48835;0;38.8;18.4;0.0
08;2021-05-24;749;110;0;103820;48945;0;39.1;18.4;0.0
08;2021-05-25;1318;676;0;105138;49621;0;39.6;18.7;0.0
08;2021-05-26;1435;1022;0;106573;50643;0;40.1;19.1;0.0
08;2021-05-27;1818;1099;0;108391;51742;0;40.8;19.5;0.0
08;2021-05-28;1878;1806;0;110269;53548;0;41.5;20.2;0.0
08;2021-05-29;1582;937;0;111851;54485;0;42.1;20.5;0.0
08;2021-05-30;806;103;0;112657;54588;0;42.4;20.6;0.0
08;2021-05-31;715;556;0;113372;55144;0;42.7;20.8;0.0
08;2021-06-01;1322;889;0;114694;56033;0;43.2;21.1;0.0
08;2021-06-02;1333;1168;0;116027;57201;0;43.7;21.5;0.0
08;2021-06-03;1355;1485;0;117382;58686;0;44.2;22.1;0.0
08;2021-06-04;1726;2340;0;119108;61026;0;44.9;23.0;0.0
08;2021-06-05;1157;1288;0;120265;62314;0;45.3;23.5;0.0
08;2021-06-06;901;105;0;121166;62419;0;45.6;23.5;0.0
08;2021-06-07;701;1115;0;121867;63534;0;45.9;23.9;0.0
08;2021-06-08;926;1447;0;122793;64981;0;46.2;24.5;0.0
08;2021-06-09;867;1359;0;123660;66340;0;46.6;25.0;0.0
08;2021-06-10;1623;1486;0;125283;67826;0;47.2;25.5;0.0
08;2021-06-11;1672;2127;0;126955;69953;0;47.8;26.3;0.0
08;2021-06-12;1273;1428;0;128228;71381;0;48.3;26.9;0.0
08;2021-06-13;388;589;0;128616;71970;0;48.4;27.1;0.0
08;2021-06-14;399;1258;0;129015;73228;0;48.6;27.6;0.0
08;2021-06-15;782;1509;0;129797;74737;0;48.9;28.1;0.0
08;2021-06-16;815;2018;0;130612;76755;0;49.2;28.9;0.0
08;2021-06-17;1259;1784;0;131871;78539;0;49.7;29.6;0.0
08;2021-06-18;1537;2536;0;133408;81075;0;50.2;30.5;0.0
08;2021-06-19;1247;1345;0;134655;82420;0;50.7;31.0;0.0
08;2021-06-20;124;403;0;134779;82823;0;50.8;31.2;0.0
08;2021-06-21;498;1340;0;135277;84163;0;50.9;31.7;0.0
08;2021-06-22;820;1973;0;136097;86136;0;51.3;32.4;0.0
08;2021-06-23;908;1635;0;137005;87771;0;51.6;33.1;0.0
08;2021-06-24;992;1866;0;137997;89637;0;52.0;33.8;0.0
08;2021-06-25;1042;2652;0;139039;92289;0;52.4;34.8;0.0
08;2021-06-26;959;1749;0;139998;94038;0;52.7;35.4;0.0
08;2021-06-27;346;648;0;140344;94686;0;52.9;35.7;0.0
08;2021-06-28;403;1315;0;140747;96001;0;53.0;36.2;0.0
08;2021-06-29;621;1409;0;141368;97410;0;53.2;36.7;0.0
08;2021-06-30;839;1610;0;142207;99020;0;53.6;37.3;0.0
08;2021-07-01;850;2063;0;143057;101083;0;53.9;38.1;0.0
08;2021-07-02;913;2549;0;143970;103632;0;54.2;39.0;0.0
08;2021-07-03;726;2020;0;144696;105652;0;54.5;39.8;0.0
08;2021-07-04;142;850;0;144838;106502;0;54.5;40.1;0.0
08;2021-07-05;117;1186;0;144955;107688;0;54.6;40.6;0.0
08;2021-07-06;445;1705;2;145400;109393;2;54.8;41.2;0.0
08;2021-07-07;410;1726;0;145810;111119;2;54.9;41.8;0.0
08;2021-07-08;672;1838;0;146482;112957;2;55.2;42.5;0.0
08;2021-07-09;728;2368;0;147210;115325;2;55.4;43.4;0.0
08;2021-07-10;611;1848;0;147821;117173;2;55.7;44.1;0.0
08;2021-07-11;236;720;0;148057;117893;2;55.8;44.4;0.0
08;2021-07-12;334;1204;0;148391;119097;2;55.9;44.9;0.0
08;2021-07-13;943;1775;0;149334;120872;2;56.2;45.5;0.0
08;2021-07-14;224;369;0;149558;121241;2;56.3;45.7;0.0
08;2021-07-15;814;2408;0;150372;123649;2;56.6;46.6;0.0
08;2021-07-16;1079;2350;0;151451;125999;2;57.0;47.5;0.0
08;2021-07-17;1031;2017;0;152482;128016;2;57.4;48.2;0.0
08;2021-07-18;348;733;0;152830;128749;2;57.6;48.5;0.0
08;2021-07-19;515;941;0;153345;129690;2;57.8;48.8;0.0
08;2021-07-20;970;1505;0;154315;131195;2;58.1;49.4;0.0
08;2021-07-21;1314;1734;0;155629;132929;2;58.6;50.1;0.0
08;2021-07-22;1309;2088;1;156938;135017;3;59.1;50.8;0.0
08;2021-07-23;1616;2417;0;158554;137434;3;59.7;51.8;0.0
08;2021-07-24;1378;1859;0;159932;139293;3;60.2;52.5;0.0
08;2021-07-25;782;458;0;160714;139751;3;60.5;52.6;0.0
08;2021-07-26;1352;879;0;162066;140630;3;61.0;53.0;0.0
08;2021-07-27;2142;1422;0;164208;142052;3;61.8;53.5;0.0
08;2021-07-28;2346;1489;0;166554;143541;3;62.7;54.1;0.0
08;2021-07-29;2525;1311;0;169079;144852;3;63.7;54.6;0.0
08;2021-07-30;2506;1539;0;171585;146391;3;64.6;55.1;0.0
08;2021-07-31;1875;1029;0;173460;147420;3;65.3;55.5;0.0
08;2021-08-01;900;303;0;174360;147723;3;65.7;55.6;0.0
08;2021-08-02;1266;693;0;175626;148416;3;66.1;55.9;0.0
08;2021-08-03;1659;848;0;177285;149264;3;66.8;56.2;0.0
08;2021-08-04;1514;662;0;178799;149926;3;67.3;56.5;0.0
08;2021-08-05;1813;953;0;180612;150879;3;68.0;56.8;0.0
08;2021-08-06;2414;1109;1;183026;151988;4;68.9;57.2;0.0
08;2021-08-07;1530;1115;0;184556;153103;4;69.5;57.7;0.0
08;2021-08-08;557;370;0;185113;153473;4;69.7;57.8;0.0
08;2021-08-09;680;573;0;185793;154046;4;70.0;58.0;0.0
08;2021-08-10;877;800;0;186670;154846;4;70.3;58.3;0.0
08;2021-08-11;576;834;0;187246;155680;4;70.5;58.6;0.0
08;2021-08-12;1033;1067;0;188279;156747;4;70.9;59.0;0.0
08;2021-08-13;1112;1052;0;189391;157799;4;71.3;59.4;0.0
08;2021-08-14;564;902;0;189955;158701;4;71.5;59.8;0.0
08;2021-08-15;138;262;0;190093;158963;4;71.6;59.9;0.0
08;2021-08-16;241;1256;0;190334;160219;4;71.7;60.3;0.0
08;2021-08-17;522;1263;0;190856;161482;4;71.9;60.8;0.0
08;2021-08-18;329;1319;0;191185;162801;4;72.0;61.3;0.0
08;2021-08-19;588;1826;0;191773;164627;4;72.2;62.0;0.0
08;2021-08-20;677;2177;0;192450;166804;4;72.5;62.8;0.0
08;2021-08-21;266;1328;0;192716;168132;4;72.6;63.3;0.0
08;2021-08-22;107;863;0;192823;168995;4;72.6;63.6;0.0
08;2021-08-23;181;1477;0;193004;170472;4;72.7;64.2;0.0
08;2021-08-24;390;1779;0;193394;172251;4;72.8;64.9;0.0
08;2021-08-25;327;1295;0;193721;173546;4;73.0;65.4;0.0
08;2021-08-26;484;1989;0;194205;175535;4;73.1;66.1;0.0
08;2021-08-27;444;2207;0;194649;177742;4;73.3;66.9;0.0
08;2021-08-28;265;1326;0;194914;179068;4;73.4;67.4;0.0
08;2021-08-29;163;557;0;195077;179625;4;73.5;67.6;0.0
08;2021-08-30;321;1213;11;195398;180838;15;73.6;68.1;0.0
08;2021-08-31;351;1250;42;195749;182088;57;73.7;68.6;0.0
08;2021-09-01;436;1237;115;196185;183325;172;73.9;69.0;0.1
08;2021-09-02;467;1087;150;196652;184412;322;74.1;69.5;0.1
08;2021-09-03;464;1527;149;197116;185939;471;74.2;70.0;0.2
08;2021-09-04;333;1301;57;197449;187240;528;74.4;70.5;0.2
08;2021-09-05;105;165;34;197554;187405;562;74.4;70.6;0.2
08;2021-09-06;188;387;131;197742;187792;693;74.5;70.7;0.3
08;2021-09-07;205;486;148;197947;188278;841;74.5;70.9;0.3
08;2021-09-08;261;517;112;198208;188795;953;74.6;71.1;0.4
08;2021-09-09;316;580;161;198524;189375;1114;74.8;71.3;0.4
08;2021-09-10;479;761;281;199003;190136;1395;74.9;71.6;0.5
08;2021-09-11;348;686;126;199351;190822;1521;75.1;71.9;0.6
08;2021-09-12;48;69;21;199399;190891;1542;75.1;71.9;0.6
08;2021-09-13;358;180;99;199757;191071;1641;75.2;72.0;0.6
08;2021-09-14;236;276;141;199993;191347;1782;75.3;72.1;0.7
08;2021-09-15;231;340;261;200224;191687;2043;75.4;72.2;0.8
08;2021-09-16;215;409;236;200439;192096;2279;75.5;72.3;0.9
08;2021-09-17;313;500;347;200752;192596;2626;75.6;72.5;1.0
08;2021-09-18;175;441;186;200927;193037;2812;75.7;72.7;1.1
08;2021-09-19;24;85;6;200951;193122;2818;75.7;72.7;1.1
08;2021-09-20;62;230;180;201013;193352;2998;75.7;72.8;1.1
08;2021-09-21;120;269;300;201133;193621;3298;75.7;72.9;1.2
08;2021-09-22;131;376;293;201264;193997;3591;75.8;73.1;1.4
08;2021-09-23;170;375;310;201434;194372;3901;75.9;73.2;1.5
08;2021-09-24;164;525;411;201598;194897;4312;75.9;73.4;1.6
08;2021-09-25;105;404;161;201703;195301;4473;76.0;73.6;1.7
08;2021-09-26;20;101;11;201723;195402;4484;76.0;73.6;1.7
08;2021-09-27;48;207;178;201771;195609;4662;76.0;73.7;1.8
08;2021-09-28;80;220;239;201851;195829;4901;76.0;73.7;1.8
08;2021-09-29;114;321;238;201965;196150;5139;76.1;73.9;1.9
08;2021-09-30;143;345;252;202108;196495;5391;76.1;74.0;2.0
08;2021-10-01;171;470;389;202279;196965;5780;76.2;74.2;2.2
08;2021-10-02;133;285;169;202412;197250;5949;76.2;74.3;2.2
08;2021-10-03;24;68;17;202436;197318;5966;76.2;74.3;2.2
08;2021-10-04;80;330;141;202516;197648;6107;76.3;74.4;2.3
08;2021-10-05;78;178;279;202594;197826;6386;76.3;74.5;2.4
08;2021-10-06;96;237;250;202690;198063;6636;76.3;74.6;2.5
08;2021-10-07;100;181;303;202790;198244;6939;76.4;74.7;2.6
08;2021-10-08;157;339;496;202947;198583;7435;76.4;74.8;2.8
08;2021-10-09;128;315;280;203075;198898;7715;76.5;74.9;2.9
08;2021-10-10;32;44;30;203107;198942;7745;76.5;74.9;2.9
08;2021-10-11;59;87;265;203166;199029;8010;76.5;75.0;3.0
08;2021-10-12;79;137;260;203245;199166;8270;76.5;75.0;3.1
08;2021-10-13;112;165;225;203357;199331;8495;76.6;75.1;3.2
08;2021-10-14;60;170;294;203417;199501;8789;76.6;75.1;3.3
08;2021-10-15;211;286;705;203628;199787;9494;76.7;75.2;3.6
08;2021-10-16;73;118;238;203701;199905;9732;76.7;75.3;3.7
08;2021-10-17;34;28;28;203735;199933;9760;76.7;75.3;3.7
08;2021-10-18;78;68;275;203813;200001;10035;76.8;75.3;3.8
08;2021-10-19;60;73;324;203873;200074;10359;76.8;75.3;3.9
08;2021-10-20;109;144;497;203982;200218;10856;76.8;75.4;4.1
08;2021-10-21;72;85;365;204054;200303;11221;76.8;75.4;4.2
08;2021-10-22;141;197;577;204195;200500;11798;76.9;75.5;4.4
08;2021-10-23;69;148;281;204264;200648;12079;76.9;75.6;4.5
08;2021-10-24;20;37;39;204284;200685;12118;76.9;75.6;4.6
08;2021-10-25;68;64;269;204352;200749;12387;77.0;75.6;4.7
08;2021-10-26;82;73;384;204434;200822;12771;77.0;75.6;4.8
08;2021-10-27;79;104;401;204513;200926;13172;77.0;75.7;5.0
08;2021-10-28;84;85;471;204597;201011;13643;77.1;75.7;5.1
08;2021-10-29;147;168;704;204744;201179;14347;77.1;75.8;5.4
08;2021-10-30;54;71;243;204798;201250;14590;77.1;75.8;5.5
08;2021-10-31;15;29;66;204813;201279;14656;77.1;75.8;5.5
08;2021-11-01;2;1;4;204815;201280;14660;77.1;75.8;5.5
08;2021-11-02;66;114;463;204881;201394;15123;77.2;75.8;5.7
08;2021-11-03;77;100;459;204958;201494;15582;77.2;75.9;5.9
08;2021-11-04;72;81;499;205030;201575;16081;77.2;75.9;6.1
08;2021-11-05;85;193;753;205115;201768;16834;77.2;76.0;6.3
08;2021-11-06;68;96;396;205183;201864;17230;77.3;76.0;6.5
08;2021-11-07;10;34;47;205193;201898;17277;77.3;76.0;6.5
08;2021-11-08;36;71;308;205229;201969;17585;77.3;76.1;6.6
08;2021-11-09;77;105;658;205306;202074;18243;77.3;76.1;6.9
08;2021-11-10;81;141;761;205387;202215;19004;77.3;76.2;7.2
08;2021-11-11;4;4;27;205391;202219;19031;77.4;76.2;7.2
08;2021-11-12;133;187;1073;205524;202406;20104;77.4;76.2;7.6
08;2021-11-13;46;62;418;205570;202468;20522;77.4;76.3;7.7
08;2021-11-14;11;17;72;205581;202485;20594;77.4;76.3;7.8
08;2021-11-15;35;69;466;205616;202554;21060;77.4;76.3;7.9
08;2021-11-16;51;77;762;205667;202631;21822;77.5;76.3;8.2
08;2021-11-17;56;86;582;205723;202717;22404;77.5;76.3;8.4
08;2021-11-18;61;112;936;205784;202829;23340;77.5;76.4;8.8
08;2021-11-19;118;198;1370;205902;203027;24710;77.5;76.5;9.3
08;2021-11-20;60;64;534;205962;203091;25244;77.6;76.5;9.5
08;2021-11-21;21;19;100;205983;203110;25344;77.6;76.5;9.5
08;2021-11-22;44;30;533;206027;203140;25877;77.6;76.5;9.7
08;2021-11-23;80;65;887;206107;203205;26764;77.6;76.5;10.1
08;2021-11-24;70;108;842;206177;203313;27606;77.6;76.6;10.4
08;2021-11-25;72;83;1196;206249;203396;28802;77.7;76.6;10.8
08;2021-11-26;142;144;2132;206391;203540;30934;77.7;76.7;11.6
08;2021-11-27;87;66;903;206478;203606;31837;77.8;76.7;12.0
08;2021-11-28;23;21;288;206501;203627;32125;77.8;76.7;12.1
08;2021-11-29;47;33;988;206548;203660;33113;77.8;76.7;12.5
08;2021-11-30;81;84;1820;206629;203744;34933;77.8;76.7;13.2
08;2021-12-01;80;79;1900;206709;203823;36833;77.8;76.8;13.9
08;2021-12-02;65;46;2410;206774;203869;39243;77.9;76.8;14.8
08;2021-12-03;120;154;3003;206894;204023;42246;77.9;76.8;15.9
08;2021-12-04;58;73;1596;206952;204096;43842;77.9;76.9;16.5
08;2021-12-05;12;16;369;206964;204112;44211;77.9;76.9;16.7
08;2021-12-06;29;60;1559;206993;204172;45770;78.0;76.9;17.2
08;2021-12-07;75;70;2593;207068;204242;48363;78.0;76.9;18.2
08;2021-12-08;53;74;1866;207121;204316;50229;78.0;76.9;18.9
08;2021-12-09;63;75;3027;207184;204391;53256;78.0;77.0;20.1
08;2021-12-10;107;123;3992;207291;204514;57248;78.1;77.0;21.6
08;2021-12-11;62;77;2330;207353;204591;59578;78.1;77.0;22.4
08;2021-12-12;13;31;796;207366;204622;60374;78.1;77.1;22.7
08;2021-12-13;42;54;1991;207408;204676;62365;78.1;77.1;23.5
08;2021-12-14;72;82;3186;207480;204758;65551;78.1;77.1;24.7
08;2021-12-15;69;88;3088;207549;204846;68639;78.2;77.1;25.8
08;2021-12-16;101;98;3776;207650;204944;72415;78.2;77.2;27.3
08;2021-12-17;126;160;4577;207776;205104;76992;78.2;77.2;29.0
08;2021-12-18;117;102;3268;207893;205206;80260;78.3;77.3;30.2
08;2021-12-19;18;29;995;207911;205235;81255;78.3;77.3;30.6
08;2021-12-20;89;61;2864;208000;205296;84119;78.3;77.3;31.7
08;2021-12-21;135;89;3278;208135;205385;87397;78.4;77.3;32.9
08;2021-12-22;105;80;3135;208240;205465;90532;78.4;77.4;34.1
09;2020-12-27;0;0;0;0;0;0;0.0;0.0;0.0
09;2020-12-28;1;0;0;1;0;0;0.0;0.0;0.0
09;2020-12-29;0;0;0;1;0;0;0.0;0.0;0.0
09;2020-12-30;0;0;0;1;0;0;0.0;0.0;0.0
09;2020-12-31;0;0;0;1;0;0;0.0;0.0;0.0
09;2021-01-01;0;0;0;1;0;0;0.0;0.0;0.0
09;2021-01-02;0;0;0;1;0;0;0.0;0.0;0.0
09;2021-01-03;0;0;0;1;0;0;0.0;0.0;0.0
09;2021-01-04;1;0;0;2;0;0;0.0;0.0;0.0
09;2021-01-05;1;0;0;3;0;0;0.0;0.0;0.0
09;2021-01-06;4;0;0;7;0;0;0.0;0.0;0.0
09;2021-01-07;231;2;0;238;2;0;0.2;0.0;0.0
09;2021-01-08;195;0;0;433;2;0;0.3;0.0;0.0
09;2021-01-09;88;0;0;521;2;0;0.3;0.0;0.0
09;2021-01-10;55;0;0;576;2;0;0.4;0.0;0.0
09;2021-01-11;177;0;0;753;2;0;0.5;0.0;0.0
09;2021-01-12;282;0;0;1035;2;0;0.7;0.0;0.0
09;2021-01-13;191;0;0;1226;2;0;0.8;0.0;0.0
09;2021-01-14;431;6;0;1657;8;0;1.1;0.0;0.0
09;2021-01-15;223;2;0;1880;10;0;1.2;0.0;0.0
09;2021-01-16;168;2;0;2048;12;0;1.3;0.0;0.0
09;2021-01-17;93;0;0;2141;12;0;1.4;0.0;0.0
09;2021-01-18;272;1;0;2413;13;0;1.6;0.0;0.0
09;2021-01-19;261;1;0;2674;14;0;1.8;0.0;0.0
09;2021-01-20;368;2;0;3042;16;0;2.0;0.0;0.0
09;2021-01-21;326;1;0;3368;17;0;2.2;0.0;0.0
09;2021-01-22;349;1;0;3717;18;0;2.4;0.0;0.0
09;2021-01-23;212;0;0;3929;18;0;2.6;0.0;0.0
09;2021-01-24;73;1;0;4002;19;0;2.6;0.0;0.0
09;2021-01-25;206;9;0;4208;28;0;2.8;0.0;0.0
09;2021-01-26;570;26;0;4778;54;0;3.1;0.0;0.0
09;2021-01-27;407;41;0;5185;95;0;3.4;0.1;0.0
09;2021-01-28;311;188;0;5496;283;0;3.6;0.2;0.0
09;2021-01-29;233;112;0;5729;395;0;3.8;0.3;0.0
09;2021-01-30;141;52;0;5870;447;0;3.9;0.3;0.0
09;2021-01-31;43;10;0;5913;457;0;3.9;0.3;0.0
09;2021-02-01;90;129;0;6003;586;0;3.9;0.4;0.0
09;2021-02-02;75;280;0;6078;866;0;4.0;0.6;0.0
09;2021-02-03;90;182;0;6168;1048;0;4.0;0.7;0.0
09;2021-02-04;59;304;0;6227;1352;0;4.1;0.9;0.0
09;2021-02-05;92;147;0;6319;1499;0;4.1;1.0;0.0
09;2021-02-06;73;47;0;6392;1546;0;4.2;1.0;0.0
09;2021-02-07;9;56;0;6401;1602;0;4.2;1.1;0.0
09;2021-02-08;35;203;0;6436;1805;0;4.2;1.2;0.0
09;2021-02-09;56;283;0;6492;2088;0;4.3;1.4;0.0
09;2021-02-10;33;210;0;6525;2298;0;4.3;1.5;0.0
09;2021-02-11;36;216;0;6561;2514;0;4.3;1.6;0.0
09;2021-02-12;140;184;0;6701;2698;0;4.4;1.8;0.0
09;2021-02-13;8;131;0;6709;2829;0;4.4;1.9;0.0
09;2021-02-14;0;46;0;6709;2875;0;4.4;1.9;0.0
09;2021-02-15;69;137;0;6778;3012;0;4.4;2.0;0.0
09;2021-02-16;206;469;0;6984;3481;0;4.6;2.3;0.0
09;2021-02-17;94;319;0;7078;3800;0;4.6;2.5;0.0
09;2021-02-18;91;434;0;7169;4234;0;4.7;2.8;0.0
09;2021-02-19;54;271;0;7223;4505;0;4.7;3.0;0.0
09;2021-02-20;45;172;0;7268;4677;0;4.8;3.1;0.0
09;2021-02-21;0;46;0;7268;4723;0;4.8;3.1;0.0
09;2021-02-22;119;226;0;7387;4949;0;4.8;3.2;0.0
09;2021-02-23;152;162;0;7539;5111;0;4.9;3.4;0.0
09;2021-02-24;80;181;0;7619;5292;0;5.0;3.5;0.0
09;2021-02-25;206;175;0;7825;5467;0;5.1;3.6;0.0
09;2021-02-26;146;167;0;7971;5634;0;5.2;3.7;0.0
09;2021-02-27;56;68;0;8027;5702;0;5.3;3.7;0.0
09;2021-02-28;25;15;0;8052;5717;0;5.3;3.8;0.0
09;2021-03-01;220;94;0;8272;5811;0;5.4;3.8;0.0
09;2021-03-02;261;88;0;8533;5899;0;5.6;3.9;0.0
09;2021-03-03;216;122;0;8749;6021;0;5.7;4.0;0.0
09;2021-03-04;374;48;0;9123;6069;0;6.0;4.0;0.0
09;2021-03-05;316;75;0;9439;6144;0;6.2;4.0;0.0
09;2021-03-06;353;39;0;9792;6183;0;6.4;4.1;0.0
09;2021-03-07;128;4;0;9920;6187;0;6.5;4.1;0.0
09;2021-03-08;327;68;0;10247;6255;0;6.7;4.1;0.0
09;2021-03-09;418;145;0;10665;6400;0;7.0;4.2;0.0
09;2021-03-10;523;82;0;11188;6482;0;7.3;4.3;0.0
09;2021-03-11;646;91;0;11834;6573;0;7.8;4.3;0.0
09;2021-03-12;627;35;0;12461;6608;0;8.2;4.3;0.0
09;2021-03-13;359;2;0;12820;6610;0;8.4;4.3;0.0
09;2021-03-14;102;5;0;12922;6615;0;8.5;4.3;0.0
09;2021-03-15;415;53;0;13337;6668;0;8.8;4.4;0.0
09;2021-03-16;313;89;0;13650;6757;0;9.0;4.4;0.0
09;2021-03-17;327;76;0;13977;6833;0;9.2;4.5;0.0
09;2021-03-18;390;39;0;14367;6872;0;9.4;4.5;0.0
09;2021-03-19;479;53;0;14846;6925;0;9.7;4.5;0.0
09;2021-03-20;281;37;0;15127;6962;0;9.9;4.6;0.0
09;2021-03-21;79;0;0;15206;6962;0;10.0;4.6;0.0
09;2021-03-22;373;116;0;15579;7078;0;10.2;4.6;0.0
09;2021-03-23;506;156;0;16085;7234;0;10.6;4.7;0.0
09;2021-03-24;664;39;0;16749;7273;0;11.0;4.8;0.0
09;2021-03-25;797;126;0;17546;7399;0;11.5;4.9;0.0
09;2021-03-26;692;41;0;18238;7440;0;12.0;4.9;0.0
09;2021-03-27;540;65;0;18778;7505;0;12.3;4.9;0.0
09;2021-03-28;123;15;0;18901;7520;0;12.4;4.9;0.0
09;2021-03-29;491;233;0;19392;7753;0;12.7;5.1;0.0
09;2021-03-30;786;145;0;20178;7898;0;13.2;5.2;0.0
09;2021-03-31;729;167;0;20907;8065;0;13.7;5.3;0.0
09;2021-04-01;695;226;0;21602;8291;0;14.2;5.4;0.0
09;2021-04-02;618;236;0;22220;8527;0;14.6;5.6;0.0
09;2021-04-03;604;90;0;22824;8617;0;15.0;5.7;0.0
09;2021-04-04;123;51;0;22947;8668;0;15.1;5.7;0.0
09;2021-04-05;207;57;0;23154;8725;0;15.2;5.7;0.0
09;2021-04-06;879;356;0;24033;9081;0;15.8;6.0;0.0
09;2021-04-07;971;321;0;25004;9402;0;16.4;6.2;0.0
09;2021-04-08;1223;374;0;26227;9776;0;17.2;6.4;0.0
09;2021-04-09;1004;352;0;27231;10128;0;17.9;6.6;0.0
09;2021-04-10;990;154;0;28221;10282;0;18.5;6.7;0.0
09;2021-04-11;169;87;0;28390;10369;0;18.6;6.8;0.0
09;2021-04-12;630;298;0;29020;10667;0;19.0;7.0;0.0
09;2021-04-13;915;369;0;29935;11036;0;19.6;7.2;0.0
09;2021-04-14;1123;419;0;31058;11455;0;20.4;7.5;0.0
09;2021-04-15;991;441;0;32049;11896;0;21.0;7.8;0.0
09;2021-04-16;872;363;0;32921;12259;0;21.6;8.0;0.0
09;2021-04-17;966;287;0;33887;12546;0;22.2;8.2;0.0
09;2021-04-18;96;85;0;33983;12631;0;22.3;8.3;0.0
09;2021-04-19;620;354;0;34603;12985;0;22.7;8.5;0.0
09;2021-04-20;738;479;0;35341;13464;0;23.2;8.8;0.0
09;2021-04-21;811;520;0;36152;13984;0;23.7;9.2;0.0
09;2021-04-22;598;534;0;36750;14518;0;24.1;9.5;0.0
09;2021-04-23;715;389;0;37465;14907;0;24.6;9.8;0.0
09;2021-04-24;617;544;0;38082;15451;0;25.0;10.1;0.0
09;2021-04-25;74;112;0;38156;15563;0;25.0;10.2;0.0
09;2021-04-26;382;477;0;38538;16040;0;25.3;10.5;0.0
09;2021-04-27;424;638;0;38962;16678;0;25.6;10.9;0.0
09;2021-04-28;745;687;0;39707;17365;0;26.1;11.4;0.0
09;2021-04-29;540;692;0;40247;18057;0;26.4;11.8;0.0
09;2021-04-30;589;558;0;40836;18615;0;26.8;12.2;0.0
09;2021-05-01;389;313;0;41225;18928;0;27.1;12.4;0.0
09;2021-05-02;59;100;0;41284;19028;0;27.1;12.5;0.0
09;2021-05-03;507;575;0;41791;19603;0;27.4;12.9;0.0
09;2021-05-04;532;1071;0;42323;20674;0;27.8;13.6;0.0
09;2021-05-05;710;984;0;43033;21658;0;28.2;14.2;0.0
09;2021-05-06;761;881;0;43794;22539;0;28.7;14.8;0.0
09;2021-05-07;858;669;0;44652;23208;0;29.3;15.2;0.0
09;2021-05-08;326;349;0;44978;23557;0;29.5;15.5;0.0
09;2021-05-09;197;87;0;45175;23644;0;29.6;15.5;0.0
09;2021-05-10;445;806;0;45620;24450;0;29.9;16.0;0.0
09;2021-05-11;645;883;0;46265;25333;0;30.4;16.6;0.0
09;2021-05-12;1146;1125;0;47411;26458;0;31.1;17.4;0.0
09;2021-05-13;895;322;0;48306;26780;0;31.7;17.6;0.0
09;2021-05-14;688;533;0;48994;27313;0;32.1;17.9;0.0
09;2021-05-15;784;553;0;49778;27866;0;32.7;18.3;0.0
09;2021-05-16;165;44;0;49943;27910;0;32.8;18.3;0.0
09;2021-05-17;597;384;0;50540;28294;0;33.2;18.6;0.0
09;2021-05-18;1005;397;0;51545;28691;0;33.8;18.8;0.0
09;2021-05-19;1072;348;0;52617;29039;0;34.5;19.1;0.0
09;2021-05-20;983;382;0;53600;29421;0;35.2;19.3;0.0
09;2021-05-21;764;429;0;54364;29850;0;35.7;19.6;0.0
09;2021-05-22;908;297;0;55272;30147;0;36.3;19.8;0.0
09;2021-05-23;117;17;0;55389;30164;0;36.3;19.8;0.0
09;2021-05-24;119;80;0;55508;30244;0;36.4;19.8;0.0
09;2021-05-25;759;479;0;56267;30723;0;36.9;20.2;0.0
09;2021-05-26;813;422;0;57080;31145;0;37.5;20.4;0.0
09;2021-05-27;595;366;0;57675;31511;0;37.8;20.7;0.0
09;2021-05-28;619;469;0;58294;31980;0;38.3;21.0;0.0
09;2021-05-29;821;536;0;59115;32516;0;38.8;21.3;0.0
09;2021-05-30;265;180;0;59380;32696;0;39.0;21.5;0.0
09;2021-05-31;438;557;0;59818;33253;0;39.3;21.8;0.0
09;2021-06-01;715;620;0;60533;33873;0;39.7;22.2;0.0
09;2021-06-02;797;782;0;61330;34655;0;40.2;22.7;0.0
09;2021-06-03;596;636;0;61926;35291;0;40.6;23.2;0.0
09;2021-06-04;708;754;0;62634;36045;0;41.1;23.7;0.0
09;2021-06-05;794;733;0;63428;36778;0;41.6;24.1;0.0
09;2021-06-06;179;91;0;63607;36869;0;41.7;24.2;0.0
09;2021-06-07;500;504;0;64107;37373;0;42.1;24.5;0.0
09;2021-06-08;717;488;0;64824;37861;0;42.5;24.8;0.0
09;2021-06-09;584;718;0;65408;38579;0;42.9;25.3;0.0
09;2021-06-10;511;541;0;65919;39120;0;43.3;25.7;0.0
09;2021-06-11;689;705;0;66608;39825;0;43.7;26.1;0.0
09;2021-06-12;429;602;0;67037;40427;0;44.0;26.5;0.0
09;2021-06-13;93;127;0;67130;40554;0;44.0;26.6;0.0
09;2021-06-14;501;661;0;67631;41215;0;44.4;27.0;0.0
09;2021-06-15;700;865;0;68331;42080;0;44.8;27.6;0.0
09;2021-06-16;476;875;0;68807;42955;0;45.1;28.2;0.0
09;2021-06-17;595;692;0;69402;43647;0;45.5;28.6;0.0
09;2021-06-18;524;974;0;69926;44621;0;45.9;29.3;0.0
09;2021-06-19;360;1101;0;70286;45722;0;46.1;30.0;0.0
09;2021-06-20;24;208;0;70310;45930;0;46.1;30.1;0.0
09;2021-06-21;387;609;0;70697;46539;0;46.4;30.5;0.0
09;2021-06-22;377;876;0;71074;47415;0;46.6;31.1;0.0
09;2021-06-23;325;889;0;71399;48304;0;46.9;31.7;0.0
09;2021-06-24;458;620;0;71857;48924;0;47.2;32.1;0.0
09;2021-06-25;370;781;0;72227;49705;0;47.4;32.6;0.0
09;2021-06-26;327;732;0;72554;50437;0;47.6;33.1;0.0
09;2021-06-27;10;154;0;72564;50591;0;47.6;33.2;0.0
09;2021-06-28;204;750;0;72768;51341;0;47.7;33.7;0.0
09;2021-06-29;255;974;0;73023;52315;0;47.9;34.3;0.0
09;2021-06-30;394;1127;0;73417;53442;0;48.2;35.1;0.0
09;2021-07-01;344;1114;0;73761;54556;0;48.4;35.8;0.0
09;2021-07-02;288;822;0;74049;55378;0;48.6;36.3;0.0
09;2021-07-03;175;979;0;74224;56357;0;48.7;37.0;0.0
09;2021-07-04;15;135;0;74239;56492;0;48.7;37.1;0.0
09;2021-07-05;189;559;0;74428;57051;0;48.8;37.4;0.0
09;2021-07-06;269;983;1;74697;58034;1;49.0;38.1;0.0
09;2021-07-07;346;951;0;75043;58985;1;49.2;38.7;0.0
09;2021-07-08;294;813;0;75337;59798;1;49.4;39.2;0.0
09;2021-07-09;287;825;0;75624;60623;1;49.6;39.8;0.0
09;2021-07-10;261;983;0;75885;61606;1;49.8;40.4;0.0
09;2021-07-11;135;231;0;76020;61837;1;49.9;40.6;0.0
09;2021-07-12;169;785;0;76189;62622;1;50.0;41.1;0.0
09;2021-07-13;608;1004;0;76797;63626;1;50.4;41.7;0.0
09;2021-07-14;402;159;0;77199;63785;1;50.7;41.9;0.0
09;2021-07-15;743;848;0;77942;64633;1;51.1;42.4;0.0
09;2021-07-16;560;988;0;78502;65621;1;51.5;43.1;0.0
09;2021-07-17;751;942;0;79253;66563;1;52.0;43.7;0.0
09;2021-07-18;297;183;0;79550;66746;1;52.2;43.8;0.0
09;2021-07-19;451;787;0;80001;67533;1;52.5;44.3;0.0
09;2021-07-20;724;1033;0;80725;68566;1;53.0;45.0;0.0
09;2021-07-21;849;937;0;81574;69503;1;53.5;45.6;0.0
09;2021-07-22;769;762;0;82343;70265;1;54.0;46.1;0.0
09;2021-07-23;679;748;0;83022;71013;1;54.5;46.6;0.0
09;2021-07-24;791;404;0;83813;71417;1;55.0;46.9;0.0
09;2021-07-25;502;129;0;84315;71546;1;55.3;46.9;0.0
09;2021-07-26;563;637;0;84878;72183;1;55.7;47.4;0.0
09;2021-07-27;1001;791;0;85879;72974;1;56.4;47.9;0.0
09;2021-07-28;967;761;0;86846;73735;1;57.0;48.4;0.0
09;2021-07-29;879;599;0;87725;74334;1;57.6;48.8;0.0
09;2021-07-30;688;527;0;88413;74861;1;58.0;49.1;0.0
09;2021-07-31;1116;335;0;89529;75196;1;58.7;49.3;0.0
09;2021-08-01;151;125;0;89680;75321;1;58.8;49.4;0.0
09;2021-08-02;737;418;0;90417;75739;1;59.3;49.7;0.0
09;2021-08-03;1059;686;0;91476;76425;1;60.0;50.1;0.0
09;2021-08-04;1112;525;0;92588;76950;1;60.8;50.5;0.0
09;2021-08-05;803;559;0;93391;77509;1;61.3;50.9;0.0
09;2021-08-06;862;558;0;94253;78067;1;61.8;51.2;0.0
09;2021-08-07;654;349;0;94907;78416;1;62.3;51.5;0.0
09;2021-08-08;122;152;0;95029;78568;1;62.4;51.6;0.0
09;2021-08-09;562;558;0;95591;79126;1;62.7;51.9;0.0
09;2021-08-10;802;619;0;96393;79745;1;63.3;52.3;0.0
09;2021-08-11;720;731;0;97113;80476;1;63.7;52.8;0.0
09;2021-08-12;527;655;0;97640;81131;1;64.1;53.2;0.0
09;2021-08-13;444;574;0;98084;81705;1;64.4;53.6;0.0
09;2021-08-14;282;673;0;98366;82378;1;64.5;54.1;0.0
09;2021-08-15;58;146;0;98424;82524;1;64.6;54.2;0.0
09;2021-08-16;466;553;0;98890;83077;1;64.9;54.5;0.0
09;2021-08-17;601;673;0;99491;83750;1;65.3;55.0;0.0
09;2021-08-18;502;770;0;99993;84520;1;65.6;55.5;0.0
09;2021-08-19;373;602;0;100366;85122;1;65.9;55.9;0.0
09;2021-08-20;338;675;0;100704;85797;1;66.1;56.3;0.0
09;2021-08-21;267;1118;0;100971;86915;1;66.3;57.0;0.0
09;2021-08-22;62;172;0;101033;87087;1;66.3;57.1;0.0
09;2021-08-23;296;684;0;101329;87771;1;66.5;57.6;0.0
09;2021-08-24;356;833;0;101685;88604;1;66.7;58.1;0.0
09;2021-08-25;224;806;0;101909;89410;1;66.9;58.7;0.0
09;2021-08-26;267;813;0;102176;90223;1;67.0;59.2;0.0
09;2021-08-27;224;688;0;102400;90911;1;67.2;59.7;0.0
09;2021-08-28;227;822;0;102627;91733;1;67.3;60.2;0.0
09;2021-08-29;19;138;0;102646;91871;1;67.4;60.3;0.0
09;2021-08-30;244;629;29;102890;92500;30;67.5;60.7;0.0
09;2021-08-31;286;953;69;103176;93453;99;67.7;61.3;0.1
09;2021-09-01;304;640;182;103480;94093;281;67.9;61.7;0.2
09;2021-09-02;153;443;92;103633;94536;373;68.0;62.0;0.2
09;2021-09-03;220;646;122;103853;95182;495;68.1;62.5;0.3
09;2021-09-04;142;416;59;103995;95598;554;68.2;62.7;0.4
09;2021-09-05;23;77;23;104018;95675;577;68.3;62.8;0.4
09;2021-09-06;165;457;121;104183;96132;698;68.4;63.1;0.5
09;2021-09-07;142;494;139;104325;96626;837;68.5;63.4;0.5
09;2021-09-08;178;696;81;104503;97322;918;68.6;63.9;0.6
09;2021-09-09;151;357;110;104654;97679;1028;68.7;64.1;0.7
09;2021-09-10;126;398;41;104780;98077;1069;68.8;64.4;0.7
09;2021-09-11;114;318;75;104894;98395;1144;68.8;64.6;0.8
09;2021-09-12;18;64;8;104912;98459;1152;68.8;64.6;0.8
09;2021-09-13;133;507;132;105045;98966;1284;68.9;64.9;0.8
09;2021-09-14;142;442;162;105187;99408;1446;69.0;65.2;0.9
09;2021-09-15;168;486;124;105355;99894;1570;69.1;65.5;1.0
09;2021-09-16;119;299;170;105474;100193;1740;69.2;65.7;1.1
09;2021-09-17;153;379;115;105627;100572;1855;69.3;66.0;1.2
09;2021-09-18;111;277;72;105738;100849;1927;69.4;66.2;1.3
09;2021-09-19;1;11;0;105739;100860;1927;69.4;66.2;1.3
09;2021-09-20;63;247;124;105802;101107;2051;69.4;66.3;1.3
09;2021-09-21;86;205;127;105888;101312;2178;69.5;66.5;1.4
09;2021-09-22;144;413;120;106032;101725;2298;69.6;66.7;1.5
09;2021-09-23;72;157;116;106104;101882;2414;69.6;66.9;1.6
09;2021-09-24;110;264;97;106214;102146;2511;69.7;67.0;1.6
09;2021-09-25;38;161;42;106252;102307;2553;69.7;67.1;1.7
09;2021-09-26;1;16;3;106253;102323;2556;69.7;67.1;1.7
09;2021-09-27;66;288;88;106319;102611;2644;69.8;67.3;1.7
09;2021-09-28;76;156;156;106395;102767;2800;69.8;67.4;1.8
09;2021-09-29;82;212;97;106477;102979;2897;69.9;67.6;1.9
09;2021-09-30;44;120;286;106521;103099;3183;69.9;67.7;2.1
09;2021-10-01;89;129;89;106610;103228;3272;70.0;67.7;2.1
09;2021-10-02;61;157;56;106671;103385;3328;70.0;67.8;2.2
09;2021-10-03;1;9;0;106672;103394;3328;70.0;67.8;2.2
09;2021-10-04;67;99;134;106739;103493;3462;70.0;67.9;2.3
09;2021-10-05;60;127;212;106799;103620;3674;70.1;68.0;2.4
09;2021-10-06;117;194;186;106916;103814;3860;70.2;68.1;2.5
09;2021-10-07;60;124;201;106976;103938;4061;70.2;68.2;2.7
09;2021-10-08;103;186;143;107079;104124;4204;70.3;68.3;2.8
09;2021-10-09;46;102;62;107125;104226;4266;70.3;68.4;2.8
09;2021-10-10;0;7;9;107125;104233;4275;70.3;68.4;2.8
09;2021-10-11;59;99;150;107184;104332;4425;70.3;68.5;2.9
09;2021-10-12;51;74;152;107235;104406;4577;70.4;68.5;3.0
09;2021-10-13;86;151;182;107321;104557;4759;70.4;68.6;3.1
09;2021-10-14;51;94;142;107372;104651;4901;70.5;68.7;3.2
09;2021-10-15;73;121;212;107445;104772;5113;70.5;68.7;3.4
09;2021-10-16;66;61;104;107511;104833;5217;70.5;68.8;3.4
09;2021-10-17;3;3;7;107514;104836;5224;70.5;68.8;3.4
09;2021-10-18;44;108;175;107558;104944;5399;70.6;68.9;3.5
09;2021-10-19;50;83;135;107608;105027;5534;70.6;68.9;3.6
09;2021-10-20;79;134;265;107687;105161;5799;70.7;69.0;3.8
09;2021-10-21;55;89;158;107742;105250;5957;70.7;69.1;3.9
09;2021-10-22;51;87;177;107793;105337;6134;70.7;69.1;4.0
09;2021-10-23;42;64;176;107835;105401;6310;70.8;69.2;4.1
09;2021-10-24;0;0;17;107835;105401;6327;70.8;69.2;4.2
09;2021-10-25;43;63;225;107878;105464;6552;70.8;69.2;4.3
09;2021-10-26;44;55;196;107922;105519;6748;70.8;69.2;4.4
09;2021-10-27;57;137;289;107979;105656;7037;70.9;69.3;4.6
09;2021-10-28;61;64;273;108040;105720;7310;70.9;69.4;4.8
09;2021-10-29;72;135;269;108112;105855;7579;70.9;69.5;5.0
09;2021-10-30;27;34;85;108139;105889;7664;71.0;69.5;5.0
09;2021-10-31;1;5;0;108140;105894;7664;71.0;69.5;5.0
09;2021-11-01;9;30;32;108149;105924;7696;71.0;69.5;5.0
09;2021-11-02;41;53;190;108190;105977;7886;71.0;69.5;5.2
09;2021-11-03;60;91;350;108250;106068;8236;71.0;69.6;5.4
09;2021-11-04;49;77;351;108299;106145;8587;71.1;69.6;5.6
09;2021-11-05;61;104;371;108360;106249;8958;71.1;69.7;5.9
09;2021-11-06;58;59;286;108418;106308;9244;71.1;69.8;6.1
09;2021-11-07;5;7;23;108423;106315;9267;71.1;69.8;6.1
09;2021-11-08;44;53;320;108467;106368;9587;71.2;69.8;6.3
09;2021-11-09;62;66;500;108529;106434;10087;71.2;69.8;6.6
09;2021-11-10;65;88;490;108594;106522;10577;71.3;69.9;6.9
09;2021-11-11;6;6;78;108600;106528;10655;71.3;69.9;7.0
09;2021-11-12;48;63;445;108648;106591;11100;71.3;69.9;7.3
09;2021-11-13;24;39;200;108672;106630;11300;71.3;70.0;7.4
09;2021-11-14;0;3;2;108672;106633;11302;71.3;70.0;7.4
09;2021-11-15;37;55;431;108709;106688;11733;71.3;70.0;7.7
09;2021-11-16;33;47;534;108742;106735;12267;71.4;70.0;8.0
09;2021-11-17;70;59;623;108812;106794;12890;71.4;70.1;8.5
09;2021-11-18;33;63;607;108845;106857;13497;71.4;70.1;8.9
09;2021-11-19;56;53;618;108901;106910;14115;71.5;70.2;9.3
09;2021-11-20;61;44;307;108962;106954;14422;71.5;70.2;9.5
09;2021-11-21;0;3;5;108962;106957;14427;71.5;70.2;9.5
09;2021-11-22;47;71;524;109009;107028;14951;71.5;70.2;9.8
09;2021-11-23;77;46;608;109086;107074;15559;71.6;70.3;10.2
09;2021-11-24;60;82;576;109146;107156;16135;71.6;70.3;10.6
09;2021-11-25;59;55;734;109205;107211;16869;71.7;70.3;11.1
09;2021-11-26;82;80;791;109287;107291;17660;71.7;70.4;11.6
09;2021-11-27;44;41;360;109331;107332;18020;71.7;70.4;11.8
09;2021-11-28;3;3;32;109334;107335;18052;71.7;70.4;11.8
09;2021-11-29;57;51;683;109391;107386;18735;71.8;70.5;12.3
09;2021-11-30;75;67;1160;109466;107453;19895;71.8;70.5;13.1
09;2021-12-01;38;56;985;109504;107509;20880;71.9;70.5;13.7
09;2021-12-02;66;47;1302;109570;107556;22182;71.9;70.6;14.6
09;2021-12-03;55;45;1148;109625;107601;23330;71.9;70.6;15.3
09;2021-12-04;43;41;465;109668;107642;23795;72.0;70.6;15.6
09;2021-12-05;2;4;195;109670;107646;23990;72.0;70.6;15.7
09;2021-12-06;40;44;903;109710;107690;24893;72.0;70.7;16.3
09;2021-12-07;53;43;1452;109763;107733;26345;72.0;70.7;17.3
09;2021-12-08;81;64;1339;109844;107797;27684;72.1;70.7;18.2
09;2021-12-09;73;62;1552;109917;107859;29236;72.1;70.8;19.2
09;2021-12-10;60;58;1622;109977;107917;30858;72.2;70.8;20.2
09;2021-12-11;72;30;1603;110049;107947;32461;72.2;70.8;21.3
09;2021-12-12;5;13;801;110054;107960;33262;72.2;70.8;21.8
09;2021-12-13;48;61;1166;110102;108021;34428;72.2;70.9;22.6
09;2021-12-14;68;81;1629;110170;108102;36057;72.3;70.9;23.7
09;2021-12-15;81;94;1467;110251;108196;37524;72.3;71.0;24.6
09;2021-12-16;83;69;1937;110334;108265;39461;72.4;71.0;25.9
09;2021-12-17;94;99;1544;110428;108364;41005;72.5;71.1;26.9
09;2021-12-18;73;56;1537;110501;108420;42542;72.5;71.1;27.9
09;2021-12-19;21;25;1012;110522;108445;43554;72.5;71.2;28.6
09;2021-12-20;93;74;1361;110615;108519;44915;72.6;71.2;29.5
09;2021-12-21;101;77;1373;110716;108596;46288;72.6;71.3;30.4
09;2021-12-22;80;76;1219;110796;108672;47507;72.7;71.3;31.2
10;2020-12-27;0;0;0;0;0;0;0.0;0.0;0.0
10;2020-12-28;0;0;0;0;0;0;0.0;0.0;0.0
10;2020-12-29;0;0;0;0;0;0;0.0;0.0;0.0
10;2020-12-30;0;0;0;0;0;0;0.0;0.0;0.0
10;2020-12-31;0;0;0;0;0;0;0.0;0.0;0.0
10;2021-01-01;0;0;0;0;0;0;0.0;0.0;0.0
10;2021-01-02;1;0;0;1;0;0;0.0;0.0;0.0
10;2021-01-03;0;0;0;1;0;0;0.0;0.0;0.0
10;2021-01-04;0;0;0;1;0;0;0.0;0.0;0.0
10;2021-01-05;2;0;0;3;0;0;0.0;0.0;0.0
10;2021-01-06;1;0;0;4;0;0;0.0;0.0;0.0
10;2021-01-07;77;0;0;81;0;0;0.0;0.0;0.0
10;2021-01-08;237;0;0;318;0;0;0.1;0.0;0.0
10;2021-01-09;2;0;0;320;0;0;0.1;0.0;0.0
10;2021-01-10;1;0;0;321;0;0;0.1;0.0;0.0
10;2021-01-11;112;0;0;433;0;0;0.1;0.0;0.0
10;2021-01-12;182;0;0;615;0;0;0.2;0.0;0.0
10;2021-01-13;306;1;0;921;1;0;0.3;0.0;0.0
10;2021-01-14;368;9;0;1289;10;0;0.4;0.0;0.0
10;2021-01-15;367;3;0;1656;13;0;0.5;0.0;0.0
10;2021-01-16;56;0;0;1712;13;0;0.6;0.0;0.0
10;2021-01-17;0;0;0;1712;13;0;0.6;0.0;0.0
10;2021-01-18;625;3;0;2337;16;0;0.8;0.0;0.0
10;2021-01-19;1317;6;0;3654;22;0;1.2;0.0;0.0
10;2021-01-20;1093;8;0;4747;30;0;1.5;0.0;0.0
10;2021-01-21;1119;2;0;5866;32;0;1.9;0.0;0.0
10;2021-01-22;778;2;0;6644;34;0;2.1;0.0;0.0
10;2021-01-23;313;0;0;6957;34;0;2.2;0.0;0.0
10;2021-01-24;0;0;0;6957;34;0;2.2;0.0;0.0
10;2021-01-25;446;7;0;7403;41;0;2.4;0.0;0.0
10;2021-01-26;492;14;0;7895;55;0;2.5;0.0;0.0
10;2021-01-27;454;15;0;8349;70;0;2.7;0.0;0.0
10;2021-01-28;362;47;0;8711;117;0;2.8;0.0;0.0
10;2021-01-29;417;177;0;9128;294;0;2.9;0.1;0.0
10;2021-01-30;33;0;0;9161;294;0;3.0;0.1;0.0
10;2021-01-31;0;0;0;9161;294;0;3.0;0.1;0.0
10;2021-02-01;397;139;0;9558;433;0;3.1;0.1;0.0
10;2021-02-02;183;147;0;9741;580;0;3.1;0.2;0.0
10;2021-02-03;351;188;0;10092;768;0;3.3;0.2;0.0
10;2021-02-04;342;249;0;10434;1017;0;3.4;0.3;0.0
10;2021-02-05;309;308;0;10743;1325;0;3.5;0.4;0.0
10;2021-02-06;6;37;0;10749;1362;0;3.5;0.4;0.0
10;2021-02-07;0;0;0;10749;1362;0;3.5;0.4;0.0
10;2021-02-08;179;392;0;10928;1754;0;3.5;0.6;0.0
10;2021-02-09;454;575;0;11382;2329;0;3.7;0.8;0.0
10;2021-02-10;632;491;0;12014;2820;0;3.9;0.9;0.0
10;2021-02-11;729;577;0;12743;3397;0;4.1;1.1;0.0
10;2021-02-12;570;501;0;13313;3898;0;4.3;1.3;0.0
10;2021-02-13;34;113;0;13347;4011;0;4.3;1.3;0.0
10;2021-02-14;3;2;0;13350;4013;0;4.3;1.3;0.0
10;2021-02-15;137;444;0;13487;4457;0;4.4;1.4;0.0
10;2021-02-16;112;544;0;13599;5001;0;4.4;1.6;0.0
10;2021-02-17;138;599;0;13737;5600;0;4.4;1.8;0.0
10;2021-02-18;213;558;0;13950;6158;0;4.5;2.0;0.0
10;2021-02-19;190;450;0;14140;6608;0;4.6;2.1;0.0
10;2021-02-20;24;193;0;14164;6801;0;4.6;2.2;0.0
10;2021-02-21;0;0;0;14164;6801;0;4.6;2.2;0.0
10;2021-02-22;83;445;0;14247;7246;0;4.6;2.3;0.0
10;2021-02-23;86;553;0;14333;7799;0;4.6;2.5;0.0
10;2021-02-24;125;376;0;14458;8175;0;4.7;2.6;0.0
10;2021-02-25;340;379;0;14798;8554;0;4.8;2.8;0.0
10;2021-02-26;350;283;0;15148;8837;0;4.9;2.9;0.0
10;2021-02-27;255;124;0;15403;8961;0;5.0;2.9;0.0
10;2021-02-28;0;1;0;15403;8962;0;5.0;2.9;0.0
10;2021-03-01;258;324;0;15661;9286;0;5.1;3.0;0.0
10;2021-03-02;437;352;0;16098;9638;0;5.2;3.1;0.0
10;2021-03-03;465;572;0;16563;10210;0;5.3;3.3;0.0
10;2021-03-04;588;470;0;17151;10680;0;5.5;3.4;0.0
10;2021-03-05;678;269;0;17829;10949;0;5.8;3.5;0.0
10;2021-03-06;921;43;0;18750;10992;0;6.1;3.5;0.0
10;2021-03-07;744;6;0;19494;10998;0;6.3;3.5;0.0
10;2021-03-08;507;435;0;20001;11433;0;6.5;3.7;0.0
10;2021-03-09;644;400;0;20645;11833;0;6.7;3.8;0.0
10;2021-03-10;656;359;0;21301;12192;0;6.9;3.9;0.0
10;2021-03-11;1122;225;0;22423;12417;0;7.2;4.0;0.0
10;2021-03-12;1274;246;0;23697;12663;0;7.6;4.1;0.0
10;2021-03-13;881;34;0;24578;12697;0;7.9;4.1;0.0
10;2021-03-14;1326;20;0;25904;12717;0;8.4;4.1;0.0
10;2021-03-15;810;76;0;26714;12793;0;8.6;4.1;0.0
10;2021-03-16;681;64;0;27395;12857;0;8.8;4.1;0.0
10;2021-03-17;770;67;0;28165;12924;0;9.1;4.2;0.0
10;2021-03-18;832;74;0;28997;12998;0;9.4;4.2;0.0
10;2021-03-19;916;76;0;29913;13074;0;9.7;4.2;0.0
10;2021-03-20;536;16;0;30449;13090;0;9.8;4.2;0.0
10;2021-03-21;1767;43;0;32216;13133;0;10.4;4.2;0.0
10;2021-03-22;816;71;0;33032;13204;0;10.7;4.3;0.0
10;2021-03-23;1181;93;0;34213;13297;0;11.0;4.3;0.0
10;2021-03-24;1272;62;0;35485;13359;0;11.5;4.3;0.0
10;2021-03-25;1606;211;0;37091;13570;0;12.0;4.4;0.0
10;2021-03-26;1380;121;0;38471;13691;0;12.4;4.4;0.0
10;2021-03-27;781;75;0;39252;13766;0;12.7;4.4;0.0
10;2021-03-28;1197;29;0;40449;13795;0;13.1;4.5;0.0
10;2021-03-29;653;304;0;41102;14099;0;13.3;4.5;0.0
10;2021-03-30;916;372;0;42018;14471;0;13.6;4.7;0.0
10;2021-03-31;625;360;0;42643;14831;0;13.8;4.8;0.0
10;2021-04-01;896;668;0;43539;15499;0;14.0;5.0;0.0
10;2021-04-02;1077;582;0;44616;16081;0;14.4;5.2;0.0
10;2021-04-03;560;554;0;45176;16635;0;14.6;5.4;0.0
10;2021-04-04;1747;248;0;46923;16883;0;15.1;5.4;0.0
10;2021-04-05;1732;43;0;48655;16926;0;15.7;5.5;0.0
10;2021-04-06;525;627;0;49180;17553;0;15.9;5.7;0.0
10;2021-04-07;580;524;0;49760;18077;0;16.1;5.8;0.0
10;2021-04-08;1058;582;0;50818;18659;0;16.4;6.0;0.0
10;2021-04-09;1143;585;0;51961;19244;0;16.8;6.2;0.0
10;2021-04-10;1726;344;0;53687;19588;0;17.3;6.3;0.0
10;2021-04-11;70;1226;0;53757;20814;0;17.3;6.7;0.0
10;2021-04-12;984;782;0;54741;21596;0;17.7;7.0;0.0
10;2021-04-13;1459;872;0;56200;22468;0;18.1;7.2;0.0
10;2021-04-14;851;597;0;57051;23065;0;18.4;7.4;0.0
10;2021-04-15;1415;847;0;58466;23912;0;18.9;7.7;0.0
10;2021-04-16;1106;678;0;59572;24590;0;19.2;7.9;0.0
10;2021-04-17;2233;353;0;61805;24943;0;19.9;8.0;0.0
10;2021-04-18;1336;1713;0;63141;26656;0;20.4;8.6;0.0
10;2021-04-19;828;773;0;63969;27429;0;20.6;8.9;0.0
10;2021-04-20;557;951;0;64526;28380;0;20.8;9.2;0.0
10;2021-04-21;614;969;0;65140;29349;0;21.0;9.5;0.0
10;2021-04-22;890;942;0;66030;30291;0;21.3;9.8;0.0
10;2021-04-23;2024;755;0;68054;31046;0;22.0;10.0;0.0
10;2021-04-24;2090;400;0;70144;31446;0;22.6;10.1;0.0
10;2021-04-25;1868;1178;0;72012;32624;0;23.2;10.5;0.0
10;2021-04-26;715;636;0;72727;33260;0;23.5;10.7;0.0
10;2021-04-27;851;544;0;73578;33804;0;23.7;10.9;0.0
10;2021-04-28;861;400;0;74439;34204;0;24.0;11.0;0.0
10;2021-04-29;1435;677;0;75874;34881;0;24.5;11.3;0.0
10;2021-04-30;2083;785;0;77957;35666;0;25.2;11.5;0.0
10;2021-05-01;1847;2041;0;79804;37707;0;25.8;12.2;0.0
10;2021-05-02;1833;1810;0;81637;39517;0;26.3;12.8;0.0
10;2021-05-03;567;478;0;82204;39995;0;26.5;12.9;0.0
10;2021-05-04;1078;1241;0;83282;41236;0;26.9;13.3;0.0
10;2021-05-05;1708;1005;0;84990;42241;0;27.4;13.6;0.0
10;2021-05-06;2195;952;0;87185;43193;0;28.1;13.9;0.0
10;2021-05-07;2152;1104;0;89337;44297;0;28.8;14.3;0.0
10;2021-05-08;2166;892;0;91503;45189;0;29.5;14.6;0.0
10;2021-05-09;1884;106;0;93387;45295;0;30.1;14.6;0.0
10;2021-05-10;536;1093;0;93923;46388;0;30.3;15.0;0.0
10;2021-05-11;1056;1029;0;94979;47417;0;30.6;15.3;0.0
10;2021-05-12;1965;869;0;96944;48286;0;31.3;15.6;0.0
10;2021-05-13;2078;419;0;99022;48705;0;32.0;15.7;0.0
10;2021-05-14;2516;643;0;101538;49348;0;32.8;15.9;0.0
10;2021-05-15;2250;1903;0;103788;51251;0;33.5;16.5;0.0
10;2021-05-16;1886;1350;0;105674;52601;0;34.1;17.0;0.0
10;2021-05-17;1421;446;0;107095;53047;0;34.6;17.1;0.0
10;2021-05-18;2384;594;0;109479;53641;0;35.3;17.3;0.0
10;2021-05-19;1517;630;0;110996;54271;0;35.8;17.5;0.0
10;2021-05-20;1784;819;0;112780;55090;0;36.4;17.8;0.0
10;2021-05-21;2174;608;0;114954;55698;0;37.1;18.0;0.0
10;2021-05-22;2018;407;0;116972;56105;0;37.7;18.1;0.0
10;2021-05-23;1550;125;0;118522;56230;0;38.2;18.1;0.0
10;2021-05-24;1691;162;0;120213;56392;0;38.8;18.2;0.0
10;2021-05-25;1751;486;0;121964;56878;0;39.4;18.4;0.0
10;2021-05-26;1493;416;0;123457;57294;0;39.8;18.5;0.0
10;2021-05-27;1515;723;0;124972;58017;0;40.3;18.7;0.0
10;2021-05-28;1580;1143;0;126552;59160;0;40.8;19.1;0.0
10;2021-05-29;1849;615;0;128401;59775;0;41.4;19.3;0.0
10;2021-05-30;893;126;0;129294;59901;0;41.7;19.3;0.0
10;2021-05-31;1015;745;0;130309;60646;0;42.0;19.6;0.0
10;2021-06-01;1123;860;0;131432;61506;0;42.4;19.8;0.0
10;2021-06-02;1024;698;0;132456;62204;0;42.7;20.1;0.0
10;2021-06-03;1364;1029;0;133820;63233;0;43.2;20.4;0.0
10;2021-06-04;1728;2469;0;135548;65702;0;43.7;21.2;0.0
10;2021-06-05;1363;2255;0;136911;67957;0;44.2;21.9;0.0
10;2021-06-06;931;1740;0;137842;69697;0;44.5;22.5;0.0
10;2021-06-07;722;1087;0;138564;70784;0;44.7;22.8;0.0
10;2021-06-08;911;1107;0;139475;71891;0;45.0;23.2;0.0
10;2021-06-09;878;922;0;140353;72813;0;45.3;23.5;0.0
10;2021-06-10;724;1006;0;141077;73819;0;45.5;23.8;0.0
10;2021-06-11;1182;2116;0;142259;75935;0;45.9;24.5;0.0
10;2021-06-12;863;2259;0;143122;78194;0;46.2;25.2;0.0
10;2021-06-13;378;1723;0;143500;79917;0;46.3;25.8;0.0
10;2021-06-14;552;713;0;144052;80630;0;46.5;26.0;0.0
10;2021-06-15;736;2035;0;144788;82665;0;46.7;26.7;0.0
10;2021-06-16;766;1845;0;145554;84510;0;47.0;27.3;0.0
10;2021-06-17;857;2358;0;146411;86868;0;47.2;28.0;0.0
10;2021-06-18;1045;2471;0;147456;89339;0;47.6;28.8;0.0
10;2021-06-19;982;2423;0;148438;91762;0;47.9;29.6;0.0
10;2021-06-20;518;1491;0;148956;93253;0;48.1;30.1;0.0
10;2021-06-21;651;1030;0;149607;94283;0;48.3;30.4;0.0
10;2021-06-22;704;1500;1;150311;95783;1;48.5;30.9;0.0
10;2021-06-23;673;2300;0;150984;98083;1;48.7;31.6;0.0
10;2021-06-24;790;2473;0;151774;100556;1;49.0;32.4;0.0
10;2021-06-25;721;2873;0;152495;103429;1;49.2;33.4;0.0
10;2021-06-26;504;2522;0;152999;105951;1;49.4;34.2;0.0
10;2021-06-27;405;1787;0;153404;107738;1;49.5;34.8;0.0
10;2021-06-28;632;1660;0;154036;109398;1;49.7;35.3;0.0
10;2021-06-29;619;2535;0;154655;111933;1;49.9;36.1;0.0
10;2021-06-30;574;1540;0;155229;113473;1;50.1;36.6;0.0
10;2021-07-01;583;2024;0;155812;115497;1;50.3;37.3;0.0
10;2021-07-02;704;2578;0;156516;118075;1;50.5;38.1;0.0
10;2021-07-03;529;2390;0;157045;120465;1;50.7;38.9;0.0
10;2021-07-04;400;1526;0;157445;121991;1;50.8;39.4;0.0
10;2021-07-05;666;2045;1;158111;124036;2;51.0;40.0;0.0
10;2021-07-06;675;1900;4;158786;125936;6;51.2;40.6;0.0
10;2021-07-07;660;1633;1;159446;127569;7;51.4;41.2;0.0
10;2021-07-08;750;1422;0;160196;128991;7;51.7;41.6;0.0
10;2021-07-09;812;1896;0;161008;130887;7;52.0;42.2;0.0
10;2021-07-10;637;1870;0;161645;132757;7;52.2;42.8;0.0
10;2021-07-11;491;1258;0;162136;134015;7;52.3;43.2;0.0
10;2021-07-12;776;1586;0;162912;135601;7;52.6;43.8;0.0
10;2021-07-13;1125;1832;0;164037;137433;7;52.9;44.3;0.0
10;2021-07-14;1161;1036;0;165198;138469;7;53.3;44.7;0.0
10;2021-07-15;1438;1993;0;166636;140462;7;53.8;45.3;0.0
10;2021-07-16;1303;2197;0;167939;142659;7;54.2;46.0;0.0
10;2021-07-17;1225;1641;0;169164;144300;7;54.6;46.6;0.0
10;2021-07-18;918;1167;0;170082;145467;7;54.9;46.9;0.0
10;2021-07-19;1360;1599;0;171442;147066;7;55.3;47.5;0.0
10;2021-07-20;1688;1469;0;173130;148535;7;55.9;47.9;0.0
10;2021-07-21;1452;1504;0;174582;150039;7;56.3;48.4;0.0
10;2021-07-22;1924;1599;0;176506;151638;7;57.0;48.9;0.0
10;2021-07-23;1697;1581;0;178203;153219;7;57.5;49.4;0.0
10;2021-07-24;1371;1240;0;179574;154459;7;57.9;49.8;0.0
10;2021-07-25;1223;763;0;180797;155222;7;58.3;50.1;0.0
10;2021-07-26;1807;1309;0;182604;156531;7;58.9;50.5;0.0
10;2021-07-27;2097;1079;0;184701;157610;7;59.6;50.9;0.0
10;2021-07-28;2130;1032;0;186831;158642;7;60.3;51.2;0.0
10;2021-07-29;2300;1161;0;189131;159803;7;61.0;51.6;0.0
10;2021-07-30;2156;1259;0;191287;161062;7;61.7;52.0;0.0
10;2021-07-31;1586;950;0;192873;162012;7;62.2;52.3;0.0
10;2021-08-01;1204;562;0;194077;162574;7;62.6;52.5;0.0
10;2021-08-02;1383;1283;0;195460;163857;7;63.1;52.9;0.0
10;2021-08-03;1524;920;0;196984;164777;7;63.6;53.2;0.0
10;2021-08-04;1307;1071;0;198291;165848;7;64.0;53.5;0.0
10;2021-08-05;1568;1278;0;199859;167126;7;64.5;53.9;0.0
10;2021-08-06;1736;1348;0;201595;168474;7;65.1;54.4;0.0
10;2021-08-07;1107;1083;0;202702;169557;7;65.4;54.7;0.0
10;2021-08-08;637;716;0;203339;170273;7;65.6;54.9;0.0
10;2021-08-09;1265;1453;0;204604;171726;7;66.0;55.4;0.0
10;2021-08-10;1532;1359;0;206136;173085;7;66.5;55.9;0.0
10;2021-08-11;828;1128;0;206964;174213;7;66.8;56.2;0.0
10;2021-08-12;996;1274;0;207960;175487;7;67.1;56.6;0.0
10;2021-08-13;742;1157;0;208702;176644;7;67.3;57.0;0.0
10;2021-08-14;587;1198;0;209289;177842;7;67.5;57.4;0.0
10;2021-08-15;270;771;0;209559;178613;7;67.6;57.6;0.0
10;2021-08-16;663;1589;0;210222;180202;7;67.8;58.1;0.0
10;2021-08-17;769;1727;0;210991;181929;7;68.1;58.7;0.0
10;2021-08-18;702;1612;0;211693;183541;7;68.3;59.2;0.0
10;2021-08-19;530;1543;0;212223;185084;7;68.5;59.7;0.0
10;2021-08-20;585;1765;0;212808;186849;7;68.7;60.3;0.0
10;2021-08-21;439;1410;0;213247;188259;7;68.8;60.7;0.0
10;2021-08-22;199;1011;0;213446;189270;7;68.9;61.1;0.0
10;2021-08-23;475;1603;0;213921;190873;7;69.0;61.6;0.0
10;2021-08-24;617;1721;0;214538;192594;7;69.2;62.1;0.0
10;2021-08-25;473;1389;0;215011;193983;7;69.4;62.6;0.0
10;2021-08-26;437;1511;0;215448;195494;7;69.5;63.1;0.0
10;2021-08-27;589;1636;0;216037;197130;7;69.7;63.6;0.0
10;2021-08-28;383;1306;0;216420;198436;7;69.8;64.0;0.0
10;2021-08-29;222;910;0;216642;199346;7;69.9;64.3;0.0
10;2021-08-30;417;1422;15;217059;200768;22;70.0;64.8;0.0
10;2021-08-31;471;1400;24;217530;202168;46;70.2;65.2;0.0
10;2021-09-01;335;1111;101;217865;203279;147;70.3;65.6;0.0
10;2021-09-02;283;937;177;218148;204216;324;70.4;65.9;0.1
10;2021-09-03;431;1074;158;218579;205290;482;70.5;66.2;0.2
10;2021-09-04;332;1023;83;218911;206313;565;70.6;66.6;0.2
10;2021-09-05;161;360;56;219072;206673;621;70.7;66.7;0.2
10;2021-09-06;256;586;166;219328;207259;787;70.8;66.9;0.3
10;2021-09-07;310;581;161;219638;207840;948;70.9;67.1;0.3
10;2021-09-08;272;585;121;219910;208425;1069;71.0;67.3;0.3
10;2021-09-09;313;681;219;220223;209106;1288;71.1;67.5;0.4
10;2021-09-10;411;742;151;220634;209848;1439;71.2;67.7;0.5
10;2021-09-11;273;648;88;220907;210496;1527;71.3;67.9;0.5
10;2021-09-12;85;194;20;220992;210690;1547;71.3;68.0;0.5
10;2021-09-13;215;400;216;221207;211090;1763;71.4;68.1;0.6
10;2021-09-14;238;549;426;221445;211639;2189;71.5;68.3;0.7
10;2021-09-15;224;468;308;221669;212107;2497;71.5;68.4;0.8
10;2021-09-16;272;419;335;221941;212526;2832;71.6;68.6;0.9
10;2021-09-17;246;726;242;222187;213252;3074;71.7;68.8;1.0
10;2021-09-18;197;549;71;222384;213801;3145;71.8;69.0;1.0
10;2021-09-19;53;208;34;222437;214009;3179;71.8;69.1;1.0
10;2021-09-20;128;496;241;222565;214505;3420;71.8;69.2;1.1
10;2021-09-21;155;499;239;222720;215004;3659;71.9;69.4;1.2
10;2021-09-22;136;320;195;222856;215324;3854;71.9;69.5;1.2
10;2021-09-23;207;340;279;223063;215664;4133;72.0;69.6;1.3
10;2021-09-24;216;515;251;223279;216179;4384;72.0;69.8;1.4
10;2021-09-25;124;431;80;223403;216610;4464;72.1;69.9;1.4
10;2021-09-26;50;186;24;223453;216796;4488;72.1;70.0;1.4
10;2021-09-27;219;261;216;223672;217057;4704;72.2;70.0;1.5
10;2021-09-28;194;327;381;223866;217384;5085;72.2;70.1;1.6
10;2021-09-29;191;278;204;224057;217662;5289;72.3;70.2;1.7
10;2021-09-30;164;203;225;224221;217865;5514;72.4;70.3;1.8
10;2021-10-01;207;451;276;224428;218316;5790;72.4;70.4;1.9
10;2021-10-02;172;303;139;224600;218619;5929;72.5;70.5;1.9
10;2021-10-03;56;101;25;224656;218720;5954;72.5;70.6;1.9
10;2021-10-04;119;201;250;224775;218921;6204;72.5;70.6;2.0
10;2021-10-05;112;216;353;224887;219137;6557;72.6;70.7;2.1
10;2021-10-06;126;209;195;225013;219346;6752;72.6;70.8;2.2
10;2021-10-07;129;309;365;225142;219655;7117;72.6;70.9;2.3
10;2021-10-08;170;269;307;225312;219924;7424;72.7;71.0;2.4
10;2021-10-09;145;246;147;225457;220170;7571;72.7;71.0;2.4
10;2021-10-10;49;78;67;225506;220248;7638;72.8;71.1;2.5
10;2021-10-11;113;192;306;225619;220440;7944;72.8;71.1;2.6
10;2021-10-12;118;190;399;225737;220630;8343;72.8;71.2;2.7
10;2021-10-13;131;187;378;225868;220817;8721;72.9;71.3;2.8
10;2021-10-14;122;207;456;225990;221024;9177;72.9;71.3;3.0
10;2021-10-15;145;287;437;226135;221311;9614;73.0;71.4;3.1
10;2021-10-16;118;187;153;226253;221498;9767;73.0;71.5;3.2
10;2021-10-17;40;50;32;226293;221548;9799;73.0;71.5;3.2
10;2021-10-18;101;161;423;226394;221709;10222;73.1;71.5;3.3
10;2021-10-19;105;196;461;226499;221905;10683;73.1;71.6;3.4
10;2021-10-20;119;180;489;226618;222085;11172;73.1;71.7;3.6
10;2021-10-21;103;220;616;226721;222305;11788;73.2;71.7;3.8
10;2021-10-22;147;225;486;226868;222530;12274;73.2;71.8;4.0
10;2021-10-23;87;185;282;226955;222715;12556;73.2;71.9;4.1
10;2021-10-24;36;43;70;226991;222758;12626;73.2;71.9;4.1
10;2021-10-25;96;124;454;227087;222882;13080;73.3;71.9;4.2
10;2021-10-26;99;124;562;227186;223006;13642;73.3;72.0;4.4
10;2021-10-27;74;132;421;227260;223138;14063;73.3;72.0;4.5
10;2021-10-28;51;94;454;227311;223232;14517;73.3;72.0;4.7
10;2021-10-29;97;172;442;227408;223404;14959;73.4;72.1;4.8
10;2021-10-30;81;119;206;227489;223523;15165;73.4;72.1;4.9
10;2021-10-31;27;44;127;227516;223567;15292;73.4;72.1;4.9
10;2021-11-01;26;18;34;227542;223585;15326;73.4;72.1;4.9
10;2021-11-02;106;132;602;227648;223717;15928;73.5;72.2;5.1
10;2021-11-03;77;117;641;227725;223834;16569;73.5;72.2;5.3
10;2021-11-04;88;96;777;227813;223930;17346;73.5;72.3;5.6
10;2021-11-05;129;184;703;227942;224114;18049;73.6;72.3;5.8
10;2021-11-06;84;115;389;228026;224229;18438;73.6;72.4;5.9
10;2021-11-07;23;48;170;228049;224277;18608;73.6;72.4;6.0
10;2021-11-08;63;95;718;228112;224372;19326;73.6;72.4;6.2
10;2021-11-09;82;130;973;228194;224502;20299;73.6;72.4;6.6
10;2021-11-10;95;143;819;228289;224645;21118;73.7;72.5;6.8
10;2021-11-11;6;6;39;228295;224651;21157;73.7;72.5;6.8
10;2021-11-12;101;138;719;228396;224789;21876;73.7;72.5;7.1
10;2021-11-13;83;92;663;228479;224881;22539;73.7;72.6;7.3
10;2021-11-14;34;45;260;228513;224926;22799;73.7;72.6;7.4
10;2021-11-15;78;115;933;228591;225041;23732;73.8;72.6;7.7
10;2021-11-16;81;108;1196;228672;225149;24928;73.8;72.7;8.0
10;2021-11-17;100;100;991;228772;225249;25919;73.8;72.7;8.4
10;2021-11-18;62;99;1028;228834;225348;26947;73.8;72.7;8.7
10;2021-11-19;127;147;1058;228961;225495;28005;73.9;72.8;9.0
10;2021-11-20;109;151;963;229070;225646;28968;73.9;72.8;9.3
10;2021-11-21;48;35;250;229118;225681;29218;73.9;72.8;9.4
10;2021-11-22;79;71;832;229197;225752;30050;74.0;72.8;9.7
10;2021-11-23;86;95;1308;229283;225847;31358;74.0;72.9;10.1
10;2021-11-24;106;96;1004;229389;225943;32362;74.0;72.9;10.4
10;2021-11-25;90;72;1247;229479;226015;33609;74.0;72.9;10.8
10;2021-11-26;143;167;1663;229622;226182;35272;74.1;73.0;11.4
10;2021-11-27;131;117;1498;229753;226299;36770;74.1;73.0;11.9
10;2021-11-28;43;32;519;229796;226331;37289;74.1;73.0;12.0
10;2021-11-29;79;86;2084;229875;226417;39373;74.2;73.1;12.7
10;2021-11-30;126;102;2680;230001;226519;42053;74.2;73.1;13.6
10;2021-12-01;96;86;2273;230097;226605;44326;74.2;73.1;14.3
10;2021-12-02;82;60;2844;230179;226665;47170;74.3;73.1;15.2
10;2021-12-03;111;107;2903;230290;226772;50073;74.3;73.2;16.2
10;2021-12-04;106;102;2065;230396;226874;52138;74.3;73.2;16.8
10;2021-12-05;46;41;1165;230442;226915;53303;74.4;73.2;17.2
10;2021-12-06;71;88;2759;230513;227003;56062;74.4;73.2;18.1
10;2021-12-07;95;88;3684;230608;227091;59746;74.4;73.3;19.3
10;2021-12-08;102;105;2685;230710;227196;62431;74.4;73.3;20.1
10;2021-12-09;87;101;3428;230797;227297;65859;74.5;73.3;21.3
10;2021-12-10;88;113;3777;230885;227410;69636;74.5;73.4;22.5
10;2021-12-11;108;120;2780;230993;227530;72416;74.5;73.4;23.4
10;2021-12-12;24;42;1412;231017;227572;73828;74.5;73.4;23.8
10;2021-12-13;76;107;3370;231093;227679;77198;74.6;73.5;24.9
10;2021-12-14;71;106;3836;231164;227785;81034;74.6;73.5;26.1
10;2021-12-15;66;132;3189;231230;227917;84223;74.6;73.5;27.2
10;2021-12-16;85;89;3340;231315;228006;87563;74.6;73.6;28.3
10;2021-12-17;122;129;3863;231437;228135;91426;74.7;73.6;29.5
10;2021-12-18;90;128;2616;231527;228263;94042;74.7;73.7;30.3
10;2021-12-19;50;54;1684;231577;228317;95726;74.7;73.7;30.9
10;2021-12-20;128;124;3016;231705;228441;98742;74.8;73.7;31.9
10;2021-12-21;139;153;3399;231844;228594;102141;74.8;73.8;33.0
10;2021-12-22;102;111;2430;231946;228705;104571;74.8;73.8;33.7
11;2020-12-27;0;0;0;0;0;0;0.0;0.0;0.0
11;2020-12-28;0;0;0;0;0;0;0.0;0.0;0.0
11;2020-12-29;0;0;0;0;0;0;0.0;0.0;0.0
11;2020-12-30;0;0;0;0;0;0;0.0;0.0;0.0
11;2020-12-31;0;0;0;0;0;0;0.0;0.0;0.0
11;2021-01-01;1;0;0;1;0;0;0.0;0.0;0.0
11;2021-01-02;3;0;0;4;0;0;0.0;0.0;0.0
11;2021-01-03;0;0;0;4;0;0;0.0;0.0;0.0
11;2021-01-04;1;0;0;5;0;0;0.0;0.0;0.0
11;2021-01-05;89;1;0;94;1;0;0.0;0.0;0.0
11;2021-01-06;27;0;0;121;1;0;0.0;0.0;0.0
11;2021-01-07;115;0;0;236;1;0;0.1;0.0;0.0
11;2021-01-08;98;1;0;334;2;0;0.1;0.0;0.0
11;2021-01-09;85;0;0;419;2;0;0.1;0.0;0.0
11;2021-01-10;68;0;0;487;2;0;0.1;0.0;0.0
11;2021-01-11;149;0;0;636;2;0;0.2;0.0;0.0
11;2021-01-12;506;3;0;1142;5;0;0.3;0.0;0.0
11;2021-01-13;412;1;0;1554;6;0;0.4;0.0;0.0
11;2021-01-14;612;8;0;2166;14;0;0.6;0.0;0.0
11;2021-01-15;327;3;0;2493;17;0;0.7;0.0;0.0
11;2021-01-16;79;1;0;2572;18;0;0.7;0.0;0.0
11;2021-01-17;49;2;0;2621;20;0;0.7;0.0;0.0
11;2021-01-18;468;1;0;3089;21;0;0.8;0.0;0.0
11;2021-01-19;631;11;0;3720;32;0;1.0;0.0;0.0
11;2021-01-20;777;7;0;4497;39;0;1.2;0.0;0.0
11;2021-01-21;742;5;0;5239;44;0;1.4;0.0;0.0
11;2021-01-22;649;3;0;5888;47;0;1.6;0.0;0.0
11;2021-01-23;253;2;0;6141;49;0;1.6;0.0;0.0
11;2021-01-24;178;2;0;6319;51;0;1.7;0.0;0.0
11;2021-01-25;457;14;0;6776;65;0;1.8;0.0;0.0
11;2021-01-26;922;80;0;7698;145;0;2.1;0.0;0.0
11;2021-01-27;868;25;0;8566;170;0;2.3;0.0;0.0
11;2021-01-28;747;70;0;9313;240;0;2.5;0.1;0.0
11;2021-01-29;559;122;0;9872;362;0;2.6;0.1;0.0
11;2021-01-30;174;8;0;10046;370;0;2.7;0.1;0.0
11;2021-01-31;114;1;0;10160;371;0;2.7;0.1;0.0
11;2021-02-01;408;199;0;10568;570;0;2.8;0.2;0.0
11;2021-02-02;522;384;0;11090;954;0;3.0;0.3;0.0
11;2021-02-03;487;348;0;11577;1302;0;3.1;0.3;0.0
11;2021-02-04;498;488;0;12075;1790;0;3.2;0.5;0.0
11;2021-02-05;429;335;0;12504;2125;0;3.4;0.6;0.0
11;2021-02-06;238;61;0;12742;2186;0;3.4;0.6;0.0
11;2021-02-07;122;21;0;12864;2207;0;3.5;0.6;0.0
11;2021-02-08;377;207;0;13241;2414;0;3.6;0.6;0.0
11;2021-02-09;368;322;0;13609;2736;0;3.7;0.7;0.0
11;2021-02-10;414;451;0;14023;3187;0;3.8;0.9;0.0
11;2021-02-11;581;653;0;14604;3840;0;3.9;1.0;0.0
11;2021-02-12;483;416;0;15087;4256;0;4.0;1.1;0.0
11;2021-02-13;192;146;0;15279;4402;0;4.1;1.2;0.0
11;2021-02-14;73;60;0;15352;4462;0;4.1;1.2;0.0
11;2021-02-15;262;270;0;15614;4732;0;4.2;1.3;0.0
11;2021-02-16;304;555;0;15918;5287;0;4.3;1.4;0.0
11;2021-02-17;467;666;0;16385;5953;0;4.4;1.6;0.0
11;2021-02-18;469;599;0;16854;6552;0;4.5;1.8;0.0
11;2021-02-19;336;564;0;17190;7116;0;4.6;1.9;0.0
11;2021-02-20;153;126;0;17343;7242;0;4.7;1.9;0.0
11;2021-02-21;62;61;0;17405;7303;0;4.7;2.0;0.0
11;2021-02-22;141;404;0;17546;7707;0;4.7;2.1;0.0
11;2021-02-23;311;426;0;17857;8133;0;4.8;2.2;0.0
11;2021-02-24;272;443;0;18129;8576;0;4.9;2.3;0.0
11;2021-02-25;595;464;0;18724;9040;0;5.0;2.4;0.0
11;2021-02-26;591;414;0;19315;9454;0;5.2;2.5;0.0
11;2021-02-27;337;148;0;19652;9602;0;5.3;2.6;0.0
11;2021-02-28;101;54;0;19753;9656;0;5.3;2.6;0.0
11;2021-03-01;344;335;0;20097;9991;0;5.4;2.7;0.0
11;2021-03-02;554;396;0;20651;10387;0;5.5;2.8;0.0
11;2021-03-03;614;431;0;21265;10818;0;5.7;2.9;0.0
11;2021-03-04;1076;403;0;22341;11221;0;6.0;3.0;0.0
11;2021-03-05;1015;426;0;23356;11647;0;6.3;3.1;0.0
11;2021-03-06;1095;202;0;24451;11849;0;6.6;3.2;0.0
11;2021-03-07;708;39;0;25159;11888;0;6.8;3.2;0.0
11;2021-03-08;428;362;0;25587;12250;0;6.9;3.3;0.0
11;2021-03-09;1004;416;0;26591;12666;0;7.1;3.4;0.0
11;2021-03-10;1193;536;0;27784;13202;0;7.5;3.5;0.0
11;2021-03-11;1569;464;0;29353;13666;0;7.9;3.7;0.0
11;2021-03-12;1476;440;0;30829;14106;0;8.3;3.8;0.0
11;2021-03-13;1155;223;0;31984;14329;0;8.6;3.8;0.0
11;2021-03-14;523;54;0;32507;14383;0;8.7;3.9;0.0
11;2021-03-15;706;247;0;33213;14630;0;8.9;3.9;0.0
11;2021-03-16;853;206;0;34066;14836;0;9.1;4.0;0.0
11;2021-03-17;916;231;0;34982;15067;0;9.4;4.0;0.0
11;2021-03-18;1124;307;0;36106;15374;0;9.7;4.1;0.0
11;2021-03-19;1330;245;0;37436;15619;0;10.0;4.2;0.0
11;2021-03-20;766;164;0;38202;15783;0;10.2;4.2;0.0
11;2021-03-21;218;67;0;38420;15850;0;10.3;4.3;0.0
11;2021-03-22;788;241;0;39208;16091;0;10.5;4.3;0.0
11;2021-03-23;1769;389;0;40977;16480;0;11.0;4.4;0.0
11;2021-03-24;1794;324;0;42771;16804;0;11.5;4.5;0.0
11;2021-03-25;2154;345;0;44925;17149;0;12.1;4.6;0.0
11;2021-03-26;2074;447;0;46999;17596;0;12.6;4.7;0.0
11;2021-03-27;1143;152;0;48142;17748;0;12.9;4.8;0.0
11;2021-03-28;255;50;0;48397;17798;0;13.0;4.8;0.0
11;2021-03-29;1156;244;0;49553;18042;0;13.3;4.8;0.0
11;2021-03-30;1988;330;0;51541;18372;0;13.8;4.9;0.0
11;2021-03-31;1623;385;0;53164;18757;0;14.3;5.0;0.0
11;2021-04-01;2125;440;0;55289;19197;0;14.8;5.2;0.0
11;2021-04-02;1627;447;0;56916;19644;0;15.3;5.3;0.0
11;2021-04-03;722;152;0;57638;19796;0;15.5;5.3;0.0
11;2021-04-04;215;80;0;57853;19876;0;15.5;5.3;0.0
11;2021-04-05;272;14;0;58125;19890;0;15.6;5.3;0.0
11;2021-04-06;1633;576;0;59758;20466;0;16.0;5.5;0.0
11;2021-04-07;1818;611;0;61576;21077;0;16.5;5.7;0.0
11;2021-04-08;1909;676;0;63485;21753;0;17.0;5.8;0.0
11;2021-04-09;2328;622;0;65813;22375;0;17.7;6.0;0.0
11;2021-04-10;1168;209;0;66981;22584;0;18.0;6.1;0.0
11;2021-04-11;594;129;0;67575;22713;0;18.1;6.1;0.0
11;2021-04-12;1591;580;0;69166;23293;0;18.6;6.2;0.0
11;2021-04-13;2310;861;0;71476;24154;0;19.2;6.5;0.0
11;2021-04-14;1735;1021;0;73211;25175;0;19.6;6.8;0.0
11;2021-04-15;1943;1096;0;75154;26271;0;20.2;7.0;0.0
11;2021-04-16;1921;844;0;77075;27115;0;20.7;7.3;0.0
11;2021-04-17;1698;541;0;78773;27656;0;21.1;7.4;0.0
11;2021-04-18;167;147;0;78940;27803;0;21.2;7.5;0.0
11;2021-04-19;1368;714;0;80308;28517;0;21.5;7.7;0.0
11;2021-04-20;1698;1229;0;82006;29746;0;22.0;8.0;0.0
11;2021-04-21;1766;1242;0;83772;30988;0;22.5;8.3;0.0
11;2021-04-22;1814;1285;0;85586;32273;0;23.0;8.7;0.0
11;2021-04-23;1986;1199;0;87572;33472;0;23.5;9.0;0.0
11;2021-04-24;1693;434;0;89265;33906;0;24.0;9.1;0.0
11;2021-04-25;697;173;0;89962;34079;0;24.1;9.1;0.0
11;2021-04-26;1355;810;0;91317;34889;0;24.5;9.4;0.0
11;2021-04-27;1843;1501;0;93160;36390;0;25.0;9.8;0.0
11;2021-04-28;1939;1387;0;95099;37777;0;25.5;10.1;0.0
11;2021-04-29;2206;1656;0;97305;39433;0;26.1;10.6;0.0
11;2021-04-30;2100;1403;0;99405;40836;0;26.7;11.0;0.0
11;2021-05-01;1337;359;0;100742;41195;0;27.0;11.1;0.0
11;2021-05-02;649;345;0;101391;41540;0;27.2;11.1;0.0
11;2021-05-03;1552;762;0;102943;42302;0;27.6;11.3;0.0
11;2021-05-04;1906;1525;0;104849;43827;0;28.1;11.8;0.0
11;2021-05-05;1895;1542;0;106744;45369;0;28.6;12.2;0.0
11;2021-05-06;2129;1545;0;108873;46914;0;29.2;12.6;0.0
11;2021-05-07;2086;1607;0;110959;48521;0;29.8;13.0;0.0
11;2021-05-08;919;735;0;111878;49256;0;30.0;13.2;0.0
11;2021-05-09;668;585;0;112546;49841;0;30.2;13.4;0.0
11;2021-05-10;1406;1673;0;113952;51514;0;30.6;13.8;0.0
11;2021-05-11;2162;1935;0;116114;53449;0;31.2;14.3;0.0
11;2021-05-12;2034;1663;0;118148;55112;0;31.7;14.8;0.0
11;2021-05-13;1516;437;0;119664;55549;0;32.1;14.9;0.0
11;2021-05-14;1751;1186;0;121415;56735;0;32.6;15.2;0.0
11;2021-05-15;1311;863;0;122726;57598;0;32.9;15.5;0.0
11;2021-05-16;972;207;0;123698;57805;0;33.2;15.5;0.0
11;2021-05-17;1638;1037;0;125336;58842;0;33.6;15.8;0.0
11;2021-05-18;2152;1179;0;127488;60021;0;34.2;16.1;0.0
11;2021-05-19;2094;1127;0;129582;61148;0;34.8;16.4;0.0
11;2021-05-20;2279;1126;0;131861;62274;0;35.4;16.7;0.0
11;2021-05-21;2502;1125;0;134363;63399;0;36.1;17.0;0.0
11;2021-05-22;1680;659;0;136043;64058;0;36.5;17.2;0.0
11;2021-05-23;863;85;0;136906;64143;0;36.7;17.2;0.0
11;2021-05-24;1494;226;0;138400;64369;0;37.1;17.3;0.0
11;2021-05-25;1927;1356;0;140327;65725;0;37.7;17.6;0.0
11;2021-05-26;2035;1291;0;142362;67016;0;38.2;18.0;0.0
11;2021-05-27;2087;1713;0;144449;68729;0;38.8;18.4;0.0
11;2021-05-28;1814;1873;0;146263;70602;0;39.2;18.9;0.0
11;2021-05-29;1410;1559;0;147673;72161;0;39.6;19.4;0.0
11;2021-05-30;560;418;0;148233;72579;0;39.8;19.5;0.0
11;2021-05-31;1342;1605;0;149575;74184;0;40.1;19.9;0.0
11;2021-06-01;1861;1896;0;151436;76080;0;40.6;20.4;0.0
11;2021-06-02;1753;2107;0;153189;78187;0;41.1;21.0;0.0
11;2021-06-03;2555;2452;0;155744;80639;0;41.8;21.6;0.0
11;2021-06-04;2091;2617;0;157835;83256;0;42.3;22.3;0.0
11;2021-06-05;1504;1837;0;159339;85093;0;42.8;22.8;0.0
11;2021-06-06;811;869;0;160150;85962;0;43.0;23.1;0.0
11;2021-06-07;1494;1727;0;161644;87689;0;43.4;23.5;0.0
11;2021-06-08;1992;1978;0;163636;89667;0;43.9;24.1;0.0
11;2021-06-09;1798;2178;0;165434;91845;0;44.4;24.6;0.0
11;2021-06-10;1792;2330;0;167226;94175;0;44.9;25.3;0.0
11;2021-06-11;1847;2443;0;169073;96618;0;45.4;25.9;0.0
11;2021-06-12;1325;1595;0;170398;98213;0;45.7;26.4;0.0
11;2021-06-13;683;721;0;171081;98934;0;45.9;26.5;0.0
11;2021-06-14;1071;2035;0;172152;100969;0;46.2;27.1;0.0
11;2021-06-15;1359;2644;0;173511;103613;0;46.6;27.8;0.0
11;2021-06-16;1337;2486;0;174848;106099;0;46.9;28.5;0.0
11;2021-06-17;1460;2497;0;176308;108596;0;47.3;29.1;0.0
11;2021-06-18;1514;2527;0;177822;111123;0;47.7;29.8;0.0
11;2021-06-19;1156;1428;0;178978;112551;0;48.0;30.2;0.0
11;2021-06-20;308;644;0;179286;113195;0;48.1;30.4;0.0
11;2021-06-21;803;2175;0;180089;115370;0;48.3;31.0;0.0
11;2021-06-22;1012;2703;0;181101;118073;0;48.6;31.7;0.0
11;2021-06-23;1082;2223;0;182183;120296;0;48.9;32.3;0.0
11;2021-06-24;899;2310;0;183082;122606;0;49.1;32.9;0.0
11;2021-06-25;967;2623;0;184049;125229;0;49.4;33.6;0.0
11;2021-06-26;720;1754;0;184769;126983;0;49.6;34.1;0.0
11;2021-06-27;227;779;0;184996;127762;0;49.6;34.3;0.0
11;2021-06-28;699;2377;0;185695;130139;0;49.8;34.9;0.0
11;2021-06-29;904;2676;0;186599;132815;0;50.1;35.6;0.0
11;2021-06-30;872;2656;0;187471;135471;0;50.3;36.3;0.0
11;2021-07-01;973;2002;0;188444;137473;0;50.6;36.9;0.0
11;2021-07-02;1012;2672;0;189456;140145;0;50.8;37.6;0.0
11;2021-07-03;668;1899;0;190124;142044;0;51.0;38.1;0.0
11;2021-07-04;331;1165;0;190455;143209;0;51.1;38.4;0.0
11;2021-07-05;707;2187;0;191162;145396;0;51.3;39.0;0.0
11;2021-07-06;941;2505;0;192103;147901;0;51.5;39.7;0.0
11;2021-07-07;928;2546;0;193031;150447;0;51.8;40.4;0.0
11;2021-07-08;1171;1929;0;194202;152376;0;52.1;40.9;0.0
11;2021-07-09;856;1850;0;195058;154226;0;52.3;41.4;0.0
11;2021-07-10;394;1318;0;195452;155544;0;52.4;41.7;0.0
11;2021-07-11;328;623;0;195780;156167;0;52.5;41.9;0.0
11;2021-07-12;520;2612;0;196300;158779;0;52.7;42.6;0.0
11;2021-07-13;1387;2972;0;197687;161751;0;53.0;43.4;0.0
11;2021-07-14;352;298;0;198039;162049;0;53.1;43.5;0.0
11;2021-07-15;1577;2885;0;199616;164934;0;53.6;44.3;0.0
11;2021-07-16;1929;2735;0;201545;167669;0;54.1;45.0;0.0
11;2021-07-17;1103;2075;0;202648;169744;0;54.4;45.5;0.0
11;2021-07-18;662;895;0;203310;170639;0;54.5;45.8;0.0
11;2021-07-19;1370;2021;0;204680;172660;0;54.9;46.3;0.0
11;2021-07-20;2023;2328;0;206703;174988;0;55.5;47.0;0.0
11;2021-07-21;2026;2430;0;208729;177418;0;56.0;47.6;0.0
11;2021-07-22;2308;1907;0;211037;179325;0;56.6;48.1;0.0
11;2021-07-23;2187;2228;0;213224;181553;0;57.2;48.7;0.0
11;2021-07-24;1408;1592;0;214632;183145;0;57.6;49.1;0.0
11;2021-07-25;823;682;0;215455;183827;0;57.8;49.3;0.0
11;2021-07-26;1659;1377;0;217114;185204;0;58.3;49.7;0.0
11;2021-07-27;2324;1895;0;219438;187099;0;58.9;50.2;0.0
11;2021-07-28;2451;1847;0;221889;188946;0;59.5;50.7;0.0
11;2021-07-29;2666;1681;0;224555;190627;0;60.3;51.1;0.0
11;2021-07-30;2483;1692;0;227038;192319;0;60.9;51.6;0.0
11;2021-07-31;1894;1030;0;228932;193349;0;61.4;51.9;0.0
11;2021-08-01;997;465;0;229929;193814;0;61.7;52.0;0.0
11;2021-08-02;1585;1016;0;231514;194830;0;62.1;52.3;0.0
11;2021-08-03;2256;1453;0;233770;196283;0;62.7;52.7;0.0
11;2021-08-04;2373;1148;1;236143;197431;1;63.4;53.0;0.0
11;2021-08-05;2188;1234;0;238331;198665;1;63.9;53.3;0.0
11;2021-08-06;2058;1506;0;240389;200171;1;64.5;53.7;0.0
11;2021-08-07;1543;1088;0;241932;201259;1;64.9;54.0;0.0
11;2021-08-08;528;238;0;242460;201497;1;65.1;54.1;0.0
11;2021-08-09;1005;1390;0;243465;202887;1;65.3;54.4;0.0
11;2021-08-10;1618;1787;0;245083;204674;1;65.8;54.9;0.0
11;2021-08-11;1533;1597;0;246616;206271;1;66.2;55.3;0.0
11;2021-08-12;1548;1712;0;248164;207983;1;66.6;55.8;0.0
11;2021-08-13;1203;1579;0;249367;209562;1;66.9;56.2;0.0
11;2021-08-14;896;1497;0;250263;211059;1;67.1;56.6;0.0
11;2021-08-15;129;154;0;250392;211213;1;67.2;56.7;0.0
11;2021-08-16;695;1875;0;251087;213088;1;67.4;57.2;0.0
11;2021-08-17;978;2190;0;252065;215278;1;67.6;57.8;0.0
11;2021-08-18;1011;1928;1;253076;217206;2;67.9;58.3;0.0
11;2021-08-19;936;2192;0;254012;219398;2;68.2;58.9;0.0
11;2021-08-20;919;2183;0;254931;221581;2;68.4;59.5;0.0
11;2021-08-21;512;1725;0;255443;223306;2;68.5;59.9;0.0
11;2021-08-22;164;530;0;255607;223836;2;68.6;60.1;0.0
11;2021-08-23;499;1765;0;256106;225601;2;68.7;60.5;0.0
11;2021-08-24;763;2150;0;256869;227751;2;68.9;61.1;0.0
11;2021-08-25;750;2102;0;257619;229853;2;69.1;61.7;0.0
11;2021-08-26;686;1966;0;258305;231819;2;69.3;62.2;0.0
11;2021-08-27;669;2169;0;258974;233988;2;69.5;62.8;0.0
11;2021-08-28;408;1715;0;259382;235703;2;69.6;63.2;0.0
11;2021-08-29;145;505;0;259527;236208;2;69.6;63.4;0.0
11;2021-08-30;446;1315;21;259973;237523;23;69.8;63.7;0.0
11;2021-08-31;585;1816;85;260558;239339;108;69.9;64.2;0.0
11;2021-09-01;638;1644;99;261196;240983;207;70.1;64.7;0.1
11;2021-09-02;574;1570;181;261770;242553;388;70.2;65.1;0.1
11;2021-09-03;536;1513;174;262306;244066;562;70.4;65.5;0.2
11;2021-09-04;476;1433;82;262782;245499;644;70.5;65.9;0.2
11;2021-09-05;149;220;48;262931;245719;692;70.5;65.9;0.2
11;2021-09-06;309;693;186;263240;246412;878;70.6;66.1;0.2
11;2021-09-07;366;896;225;263606;247308;1103;70.7;66.4;0.3
11;2021-09-08;456;1151;175;264062;248459;1278;70.9;66.7;0.3
11;2021-09-09;390;854;205;264452;249313;1483;71.0;66.9;0.4
11;2021-09-10;404;967;199;264856;250280;1682;71.1;67.2;0.5
11;2021-09-11;380;974;84;265236;251254;1766;71.2;67.4;0.5
11;2021-09-12;65;118;18;265301;251372;1784;71.2;67.4;0.5
11;2021-09-13;241;562;361;265542;251934;2145;71.2;67.6;0.6
11;2021-09-14;361;626;433;265903;252560;2578;71.3;67.8;0.7
11;2021-09-15;373;957;254;266276;253517;2832;71.4;68.0;0.8
11;2021-09-16;321;562;616;266597;254079;3448;71.5;68.2;0.9
11;2021-09-17;317;670;261;266914;254749;3709;71.6;68.4;1.0
11;2021-09-18;293;755;149;267207;255504;3858;71.7;68.6;1.0
11;2021-09-19;63;113;28;267270;255617;3886;71.7;68.6;1.0
11;2021-09-20;171;367;387;267441;255984;4273;71.8;68.7;1.1
11;2021-09-21;272;411;287;267713;256395;4560;71.8;68.8;1.2
11;2021-09-22;213;742;393;267926;257137;4953;71.9;69.0;1.3
11;2021-09-23;183;406;350;268109;257543;5303;71.9;69.1;1.4
11;2021-09-24;251;506;565;268360;258049;5868;72.0;69.2;1.6
11;2021-09-25;227;630;115;268587;258679;5983;72.1;69.4;1.6
11;2021-09-26;36;133;32;268623;258812;6015;72.1;69.4;1.6
11;2021-09-27;123;386;303;268746;259198;6318;72.1;69.5;1.7
11;2021-09-28;212;356;300;268958;259554;6618;72.2;69.6;1.8
11;2021-09-29;233;541;355;269191;260095;6973;72.2;69.8;1.9
11;2021-09-30;189;354;320;269380;260449;7293;72.3;69.9;2.0
11;2021-10-01;259;384;464;269639;260833;7757;72.3;70.0;2.1
11;2021-10-02;221;456;136;269860;261289;7893;72.4;70.1;2.1
11;2021-10-03;6;15;1;269866;261304;7894;72.4;70.1;2.1
11;2021-10-04;157;303;309;270023;261607;8203;72.4;70.2;2.2
11;2021-10-05;182;320;466;270205;261927;8669;72.5;70.3;2.3
11;2021-10-06;259;443;469;270464;262370;9138;72.6;70.4;2.5
11;2021-10-07;163;302;413;270627;262672;9551;72.6;70.5;2.6
11;2021-10-08;245;424;473;270872;263096;10024;72.7;70.6;2.7
11;2021-10-09;150;363;203;271022;263459;10227;72.7;70.7;2.7
11;2021-10-10;9;7;0;271031;263466;10227;72.7;70.7;2.7
11;2021-10-11;138;252;287;271169;263718;10514;72.8;70.8;2.8
11;2021-10-12;154;308;446;271323;264026;10960;72.8;70.8;2.9
11;2021-10-13;218;295;482;271541;264321;11442;72.9;70.9;3.1
11;2021-10-14;181;248;485;271722;264569;11927;72.9;71.0;3.2
11;2021-10-15;251;327;571;271973;264896;12498;73.0;71.1;3.4
11;2021-10-16;187;258;181;272160;265154;12679;73.0;71.1;3.4
11;2021-10-17;17;28;13;272177;265182;12692;73.0;71.2;3.4
11;2021-10-18;110;157;274;272287;265339;12966;73.1;71.2;3.5
11;2021-10-19;113;192;471;272400;265531;13437;73.1;71.2;3.6
11;2021-10-20;209;287;678;272609;265818;14115;73.1;71.3;3.8
11;2021-10-21;101;219;527;272710;266037;14642;73.2;71.4;3.9
11;2021-10-22;205;321;797;272915;266358;15439;73.2;71.5;4.1
11;2021-10-23;171;254;363;273086;266612;15802;73.3;71.5;4.2
11;2021-10-24;13;10;2;273099;266622;15804;73.3;71.5;4.2
11;2021-10-25;141;156;601;273240;266778;16405;73.3;71.6;4.4
11;2021-10-26;100;157;489;273340;266935;16894;73.3;71.6;4.5
11;2021-10-27;170;254;755;273510;267189;17649;73.4;71.7;4.7
11;2021-10-28;125;148;613;273635;267337;18262;73.4;71.7;4.9
11;2021-10-29;110;185;766;273745;267522;19028;73.4;71.8;5.1
11;2021-10-30;112;183;320;273857;267705;19348;73.5;71.8;5.2
11;2021-10-31;11;13;0;273868;267718;19348;73.5;71.8;5.2
11;2021-11-01;11;5;4;273879;267723;19352;73.5;71.8;5.2
11;2021-11-02;113;150;670;273992;267873;20022;73.5;71.9;5.4
11;2021-11-03;179;270;1165;274171;268143;21187;73.6;71.9;5.7
11;2021-11-04;148;153;699;274319;268296;21886;73.6;72.0;5.9
11;2021-11-05;109;198;912;274428;268494;22798;73.6;72.0;6.1
11;2021-11-06;133;223;426;274561;268717;23224;73.7;72.1;6.2
11;2021-11-07;11;17;8;274572;268734;23232;73.7;72.1;6.2
11;2021-11-08;106;136;731;274678;268870;23963;73.7;72.1;6.4
11;2021-11-09;82;139;1125;274760;269009;25088;73.7;72.2;6.7
11;2021-11-10;163;276;1312;274923;269285;26400;73.8;72.3;7.1
11;2021-11-11;8;12;19;274931;269297;26419;73.8;72.3;7.1
11;2021-11-12;106;158;989;275037;269455;27408;73.8;72.3;7.4
11;2021-11-13;88;140;484;275125;269595;27892;73.8;72.3;7.5
11;2021-11-14;9;4;18;275134;269599;27910;73.8;72.3;7.5
11;2021-11-15;59;131;728;275193;269730;28638;73.8;72.4;7.7
11;2021-11-16;111;134;1541;275304;269864;30179;73.9;72.4;8.1
11;2021-11-17;126;218;1573;275430;270082;31752;73.9;72.5;8.5
11;2021-11-18;155;178;1683;275585;270260;33435;73.9;72.5;9.0
11;2021-11-19;151;142;1619;275736;270402;35054;74.0;72.6;9.4
11;2021-11-20;96;161;419;275832;270563;35473;74.0;72.6;9.5
11;2021-11-21;23;17;166;275855;270580;35639;74.0;72.6;9.6
11;2021-11-22;99;85;926;275954;270665;36565;74.0;72.6;9.8
11;2021-11-23;155;112;1759;276109;270777;38324;74.1;72.7;10.3
11;2021-11-24;171;174;1493;276280;270951;39817;74.1;72.7;10.7
11;2021-11-25;165;170;1843;276445;271121;41660;74.2;72.7;11.2
11;2021-11-26;202;177;2374;276647;271298;44034;74.2;72.8;11.8
11;2021-11-27;94;142;1143;276741;271440;45177;74.3;72.8;12.1
11;2021-11-28;18;13;89;276759;271453;45266;74.3;72.8;12.1
11;2021-11-29;93;92;1744;276852;271545;47010;74.3;72.9;12.6
11;2021-11-30;153;147;2892;277005;271692;49902;74.3;72.9;13.4
11;2021-12-01;151;189;2943;277156;271881;52845;74.4;72.9;14.2
11;2021-12-02;102;113;3392;277258;271994;56237;74.4;73.0;15.1
11;2021-12-03;145;159;3729;277403;272153;59966;74.4;73.0;16.1
11;2021-12-04;89;81;1760;277492;272234;61726;74.5;73.0;16.6
11;2021-12-05;14;23;94;277506;272257;61820;74.5;73.0;16.6
11;2021-12-06;80;79;2385;277586;272336;64205;74.5;73.1;17.2
11;2021-12-07;115;169;4033;277701;272505;68238;74.5;73.1;18.3
11;2021-12-08;151;189;4335;277852;272694;72573;74.6;73.2;19.5
11;2021-12-09;135;155;4491;277987;272849;77064;74.6;73.2;20.7
11;2021-12-10;152;170;4718;278139;273019;81782;74.6;73.3;21.9
11;2021-12-11;114;165;2832;278253;273184;84614;74.7;73.3;22.7
11;2021-12-12;22;34;433;278275;273218;85047;74.7;73.3;22.8
11;2021-12-13;95;123;3041;278370;273341;88088;74.7;73.3;23.6
11;2021-12-14;175;165;4636;278545;273506;92724;74.7;73.4;24.9
11;2021-12-15;233;209;5027;278778;273715;97751;74.8;73.4;26.2
11;2021-12-16;187;200;5274;278965;273915;103025;74.8;73.5;27.6
11;2021-12-17;202;238;4822;279167;274153;107847;74.9;73.6;28.9
11;2021-12-18;158;117;2756;279325;274270;110603;74.9;73.6;29.7
11;2021-12-19;40;25;659;279365;274295;111262;75.0;73.6;29.9
11;2021-12-20;146;156;3206;279511;274451;114468;75.0;73.6;30.7
11;2021-12-21;275;242;4250;279786;274693;118718;75.1;73.7;31.9
11;2021-12-22;290;200;4044;280076;274893;122762;75.1;73.8;32.9
12;2020-12-27;1;0;0;1;0;0;0.0;0.0;0.0
12;2020-12-28;0;0;0;1;0;0;0.0;0.0;0.0
12;2020-12-29;0;0;0;1;0;0;0.0;0.0;0.0
12;2020-12-30;0;0;0;1;0;0;0.0;0.0;0.0
12;2020-12-31;0;0;0;1;0;0;0.0;0.0;0.0
12;2021-01-01;2;0;0;3;0;0;0.0;0.0;0.0
12;2021-01-02;0;0;0;3;0;0;0.0;0.0;0.0
12;2021-01-03;0;0;0;3;0;0;0.0;0.0;0.0
12;2021-01-04;2;0;0;5;0;0;0.0;0.0;0.0
12;2021-01-05;1;0;0;6;0;0;0.0;0.0;0.0
12;2021-01-06;12;1;0;18;1;0;0.0;0.0;0.0
12;2021-01-07;197;0;0;215;1;0;0.1;0.0;0.0
12;2021-01-08;67;0;0;282;1;0;0.1;0.0;0.0
12;2021-01-09;3;0;0;285;1;0;0.1;0.0;0.0
12;2021-01-10;1;0;0;286;1;0;0.1;0.0;0.0
12;2021-01-11;110;1;0;396;2;0;0.1;0.0;0.0
12;2021-01-12;351;1;0;747;3;0;0.3;0.0;0.0
12;2021-01-13;287;0;0;1034;3;0;0.4;0.0;0.0
12;2021-01-14;564;11;0;1598;14;0;0.6;0.0;0.0
12;2021-01-15;374;7;0;1972;21;0;0.7;0.0;0.0
12;2021-01-16;136;1;0;2108;22;0;0.8;0.0;0.0
12;2021-01-17;1;0;0;2109;22;0;0.8;0.0;0.0
12;2021-01-18;410;0;0;2519;22;0;0.9;0.0;0.0
12;2021-01-19;600;4;0;3119;26;0;1.1;0.0;0.0
12;2021-01-20;881;4;0;4000;30;0;1.4;0.0;0.0
12;2021-01-21;764;1;0;4764;31;0;1.7;0.0;0.0
12;2021-01-22;732;1;0;5496;32;0;2.0;0.0;0.0
12;2021-01-23;390;0;0;5886;32;0;2.1;0.0;0.0
12;2021-01-24;2;0;0;5888;32;0;2.1;0.0;0.0
12;2021-01-25;459;0;0;6347;32;0;2.3;0.0;0.0
12;2021-01-26;654;2;0;7001;34;0;2.5;0.0;0.0
12;2021-01-27;1807;38;0;8808;72;0;3.2;0.0;0.0
12;2021-01-28;1856;228;0;10664;300;0;3.8;0.1;0.0
12;2021-01-29;1253;45;0;11917;345;0;4.3;0.1;0.0
12;2021-01-30;374;3;0;12291;348;0;4.4;0.1;0.0
12;2021-01-31;1;0;0;12292;348;0;4.4;0.1;0.0
12;2021-02-01;343;91;0;12635;439;0;4.5;0.2;0.0
12;2021-02-02;459;247;0;13094;686;0;4.7;0.2;0.0
12;2021-02-03;487;168;0;13581;854;0;4.9;0.3;0.0
12;2021-02-04;463;482;0;14044;1336;0;5.0;0.5;0.0
12;2021-02-05;449;184;0;14493;1520;0;5.2;0.5;0.0
12;2021-02-06;202;67;0;14695;1587;0;5.3;0.6;0.0
12;2021-02-07;11;0;0;14706;1587;0;5.3;0.6;0.0
12;2021-02-08;127;291;0;14833;1878;0;5.3;0.7;0.0
12;2021-02-09;207;343;0;15040;2221;0;5.4;0.8;0.0
12;2021-02-10;431;478;0;15471;2699;0;5.6;1.0;0.0
12;2021-02-11;534;367;0;16005;3066;0;5.7;1.1;0.0
12;2021-02-12;569;324;0;16574;3390;0;6.0;1.2;0.0
12;2021-02-13;153;127;0;16727;3517;0;6.0;1.3;0.0
12;2021-02-14;3;1;0;16730;3518;0;6.0;1.3;0.0
12;2021-02-15;174;364;0;16904;3882;0;6.1;1.4;0.0
12;2021-02-16;159;499;0;17063;4381;0;6.1;1.6;0.0
12;2021-02-17;324;1453;0;17387;5834;0;6.2;2.1;0.0
12;2021-02-18;668;1595;0;18055;7429;0;6.5;2.7;0.0
12;2021-02-19;580;958;0;18635;8387;0;6.7;3.0;0.0
12;2021-02-20;100;386;0;18735;8773;0;6.7;3.2;0.0
12;2021-02-21;0;1;0;18735;8774;0;6.7;3.2;0.0
12;2021-02-22;148;417;0;18883;9191;0;6.8;3.3;0.0
12;2021-02-23;168;543;0;19051;9734;0;6.8;3.5;0.0
12;2021-02-24;127;658;0;19178;10392;0;6.9;3.7;0.0
12;2021-02-25;219;784;0;19397;11176;0;7.0;4.0;0.0
12;2021-02-26;324;643;0;19721;11819;0;7.1;4.2;0.0
12;2021-02-27;180;335;0;19901;12154;0;7.1;4.4;0.0
12;2021-02-28;9;2;0;19910;12156;0;7.2;4.4;0.0
12;2021-03-01;65;351;0;19975;12507;0;7.2;4.5;0.0
12;2021-03-02;218;506;0;20193;13013;0;7.3;4.7;0.0
12;2021-03-03;258;387;0;20451;13400;0;7.3;4.8;0.0
12;2021-03-04;308;365;0;20759;13765;0;7.5;4.9;0.0
12;2021-03-05;447;363;0;21206;14128;0;7.6;5.1;0.0
12;2021-03-06;792;114;0;21998;14242;0;7.9;5.1;0.0
12;2021-03-07;138;32;0;22136;14274;0;8.0;5.1;0.0
12;2021-03-08;254;216;0;22390;14490;0;8.0;5.2;0.0
12;2021-03-09;742;274;0;23132;14764;0;8.3;5.3;0.0
12;2021-03-10;785;717;0;23917;15481;0;8.6;5.6;0.0
12;2021-03-11;957;642;0;24874;16123;0;8.9;5.8;0.0
12;2021-03-12;1226;513;0;26100;16636;0;9.4;6.0;0.0
12;2021-03-13;864;126;0;26964;16762;0;9.7;6.0;0.0
12;2021-03-14;43;4;0;27007;16766;0;9.7;6.0;0.0
12;2021-03-15;605;156;0;27612;16922;0;9.9;6.1;0.0
12;2021-03-16;811;152;0;28423;17074;0;10.2;6.1;0.0
12;2021-03-17;1389;179;0;29812;17253;0;10.7;6.2;0.0
12;2021-03-18;978;252;0;30790;17505;0;11.1;6.3;0.0
12;2021-03-19;1328;272;0;32118;17777;0;11.5;6.4;0.0
12;2021-03-20;722;75;0;32840;17852;0;11.8;6.4;0.0
12;2021-03-21;261;10;0;33101;17862;0;11.9;6.4;0.0
12;2021-03-22;609;168;0;33710;18030;0;12.1;6.5;0.0
12;2021-03-23;1203;189;0;34913;18219;0;12.5;6.5;0.0
12;2021-03-24;1369;203;0;36282;18422;0;13.0;6.6;0.0
12;2021-03-25;1776;203;0;38058;18625;0;13.7;6.7;0.0
12;2021-03-26;1922;231;0;39980;18856;0;14.4;6.8;0.0
12;2021-03-27;940;59;0;40920;18915;0;14.7;6.8;0.0
12;2021-03-28;76;7;0;40996;18922;0;14.7;6.8;0.0
12;2021-03-29;1007;95;0;42003;19017;0;15.1;6.8;0.0
12;2021-03-30;1658;134;0;43661;19151;0;15.7;6.9;0.0
12;2021-03-31;1410;124;0;45071;19275;0;16.2;6.9;0.0
12;2021-04-01;1903;187;0;46974;19462;0;16.9;7.0;0.0
12;2021-04-02;1507;346;0;48481;19808;0;17.4;7.1;0.0
12;2021-04-03;820;102;0;49301;19910;0;17.7;7.2;0.0
12;2021-04-04;22;2;0;49323;19912;0;17.7;7.2;0.0
12;2021-04-05;548;12;0;49871;19924;0;17.9;7.2;0.0
12;2021-04-06;1079;543;0;50950;20467;0;18.3;7.4;0.0
12;2021-04-07;1595;629;0;52545;21096;0;18.9;7.6;0.0
12;2021-04-08;1975;578;0;54520;21674;0;19.6;7.8;0.0
12;2021-04-09;1992;645;0;56512;22319;0;20.3;8.0;0.0
12;2021-04-10;1334;203;0;57846;22522;0;20.8;8.1;0.0
12;2021-04-11;126;5;0;57972;22527;0;20.8;8.1;0.0
12;2021-04-12;1726;533;0;59698;23060;0;21.4;8.3;0.0
12;2021-04-13;1859;759;0;61557;23819;0;22.1;8.6;0.0
12;2021-04-14;1764;1211;0;63321;25030;0;22.7;9.0;0.0
12;2021-04-15;1950;884;0;65271;25914;0;23.4;9.3;0.0
12;2021-04-16;1677;1214;0;66948;27128;0;24.1;9.7;0.0
12;2021-04-17;1466;546;0;68414;27674;0;24.6;9.9;0.0
12;2021-04-18;10;2;0;68424;27676;0;24.6;9.9;0.0
12;2021-04-19;1609;556;0;70033;28232;0;25.2;10.1;0.0
12;2021-04-20;1516;977;0;71549;29209;0;25.7;10.5;0.0
12;2021-04-21;1631;1162;0;73180;30371;0;26.3;10.9;0.0
12;2021-04-22;1681;1062;0;74861;31433;0;26.9;11.3;0.0
12;2021-04-23;1366;1295;0;76227;32728;0;27.4;11.8;0.0
12;2021-04-24;1329;676;0;77556;33404;0;27.9;12.0;0.0
12;2021-04-25;72;7;0;77628;33411;0;27.9;12.0;0.0
12;2021-04-26;1353;897;0;78981;34308;0;28.4;12.3;0.0
12;2021-04-27;1261;1250;0;80242;35558;0;28.8;12.8;0.0
12;2021-04-28;1094;1755;0;81336;37313;0;29.2;13.4;0.0
12;2021-04-29;1464;1782;0;82800;39095;0;29.7;14.0;0.0
12;2021-04-30;1748;1714;0;84548;40809;0;30.4;14.7;0.0
12;2021-05-01;1470;255;0;86018;41064;0;30.9;14.8;0.0
12;2021-05-02;95;21;0;86113;41085;0;30.9;14.8;0.0
12;2021-05-03;1669;1156;0;87782;42241;0;31.5;15.2;0.0
12;2021-05-04;1451;1328;0;89233;43569;0;32.1;15.7;0.0
12;2021-05-05;1302;1587;0;90535;45156;0;32.5;16.2;0.0
12;2021-05-06;1729;1369;0;92264;46525;0;33.1;16.7;0.0
12;2021-05-07;1484;1719;0;93748;48244;0;33.7;17.3;0.0
12;2021-05-08;1204;437;0;94952;48681;0;34.1;17.5;0.0
12;2021-05-09;27;42;0;94979;48723;0;34.1;17.5;0.0
12;2021-05-10;796;2134;0;95775;50857;0;34.4;18.3;0.0
12;2021-05-11;883;1827;0;96658;52684;0;34.7;18.9;0.0
12;2021-05-12;934;1796;0;97592;54480;0;35.1;19.6;0.0
12;2021-05-13;1501;789;0;99093;55269;0;35.6;19.9;0.0
12;2021-05-14;1179;1478;0;100272;56747;0;36.0;20.4;0.0
12;2021-05-15;993;1027;0;101265;57774;0;36.4;20.8;0.0
12;2021-05-16;14;19;0;101279;57793;0;36.4;20.8;0.0
12;2021-05-17;979;1737;0;102258;59530;0;36.7;21.4;0.0
12;2021-05-18;1423;1530;0;103681;61060;0;37.2;21.9;0.0
12;2021-05-19;1810;1287;0;105491;62347;0;37.9;22.4;0.0
12;2021-05-20;2207;928;0;107698;63275;0;38.7;22.7;0.0
12;2021-05-21;1759;1228;0;109457;64503;0;39.3;23.2;0.0
12;2021-05-22;1138;929;0;110595;65432;0;39.7;23.5;0.0
12;2021-05-23;39;16;0;110634;65448;0;39.7;23.5;0.0
12;2021-05-24;1723;500;0;112357;65948;0;40.4;23.7;0.0
12;2021-05-25;1680;1152;0;114037;67100;0;41.0;24.1;0.0
12;2021-05-26;1877;780;0;115914;67880;0;41.6;24.4;0.0
12;2021-05-27;2039;756;0;117953;68636;0;42.4;24.7;0.0
12;2021-05-28;1876;1047;0;119829;69683;0;43.0;25.0;0.0
12;2021-05-29;1531;774;0;121360;70457;0;43.6;25.3;0.0
12;2021-05-30;107;39;0;121467;70496;0;43.6;25.3;0.0
12;2021-05-31;1638;822;0;123105;71318;0;44.2;25.6;0.0
12;2021-06-01;1824;1047;0;124929;72365;0;44.9;26.0;0.0
12;2021-06-02;1919;1073;0;126848;73438;0;45.6;26.4;0.0
12;2021-06-03;2020;884;0;128868;74322;0;46.3;26.7;0.0
12;2021-06-04;1901;1341;0;130769;75663;0;47.0;27.2;0.0
12;2021-06-05;1577;904;0;132346;76567;0;47.5;27.5;0.0
12;2021-06-06;44;23;0;132390;76590;0;47.6;27.5;0.0
12;2021-06-07;1088;1737;0;133478;78327;0;48.0;28.1;0.0
12;2021-06-08;1361;1188;0;134839;79515;0;48.4;28.6;0.0
12;2021-06-09;993;1248;0;135832;80763;0;48.8;29.0;0.0
12;2021-06-10;1053;895;0;136885;81658;0;49.2;29.3;0.0
12;2021-06-11;1196;1991;0;138081;83649;0;49.6;30.1;0.0
12;2021-06-12;970;1264;0;139051;84913;0;50.0;30.5;0.0
12;2021-06-13;39;62;0;139090;84975;0;50.0;30.5;0.0
12;2021-06-14;695;1781;0;139785;86756;0;50.2;31.2;0.0
12;2021-06-15;782;1840;0;140567;88596;0;50.5;31.8;0.0
12;2021-06-16;856;1750;0;141423;90346;0;50.8;32.5;0.0
12;2021-06-17;693;998;0;142116;91344;0;51.1;32.8;0.0
12;2021-06-18;1097;1759;0;143213;93103;0;51.4;33.4;0.0
12;2021-06-19;858;1296;0;144071;94399;0;51.8;33.9;0.0
12;2021-06-20;17;24;0;144088;94423;0;51.8;33.9;0.0
12;2021-06-21;520;1642;0;144608;96065;0;51.9;34.5;0.0
12;2021-06-22;508;1475;0;145116;97540;0;52.1;35.0;0.0
12;2021-06-23;586;1296;0;145702;98836;0;52.3;35.5;0.0
12;2021-06-24;273;609;0;145975;99445;0;52.4;35.7;0.0
12;2021-06-25;805;1773;0;146780;101218;0;52.7;36.4;0.0
12;2021-06-26;620;1436;0;147400;102654;0;53.0;36.9;0.0
12;2021-06-27;14;28;0;147414;102682;0;53.0;36.9;0.0
12;2021-06-28;467;2379;0;147881;105061;0;53.1;37.7;0.0
12;2021-06-29;545;1924;0;148426;106985;0;53.3;38.4;0.0
12;2021-06-30;789;2079;0;149215;109064;0;53.6;39.2;0.0
12;2021-07-01;356;1100;0;149571;110164;0;53.7;39.6;0.0
12;2021-07-02;747;2487;0;150318;112651;0;54.0;40.5;0.0
12;2021-07-03;547;1770;0;150865;114421;0;54.2;41.1;0.0
12;2021-07-04;13;33;0;150878;114454;0;54.2;41.1;0.0
12;2021-07-05;439;2292;0;151317;116746;0;54.4;41.9;0.0
12;2021-07-06;628;2413;0;151945;119159;0;54.6;42.8;0.0
12;2021-07-07;678;2068;0;152623;121227;0;54.8;43.6;0.0
12;2021-07-08;315;934;0;152938;122161;0;54.9;43.9;0.0
12;2021-07-09;694;2504;0;153632;124665;0;55.2;44.8;0.0
12;2021-07-10;450;1973;0;154082;126638;0;55.4;45.5;0.0
12;2021-07-11;28;100;0;154110;126738;0;55.4;45.5;0.0
12;2021-07-12;535;2327;0;154645;129065;0;55.6;46.4;0.0
12;2021-07-13;820;2512;0;155465;131577;0;55.9;47.3;0.0
12;2021-07-14;111;69;0;155576;131646;0;55.9;47.3;0.0
12;2021-07-15;835;2037;0;156411;133683;0;56.2;48.0;0.0
12;2021-07-16;1173;2444;0;157584;136127;0;56.6;48.9;0.0
12;2021-07-17;727;1878;0;158311;138005;0;56.9;49.6;0.0
12;2021-07-18;52;52;0;158363;138057;0;56.9;49.6;0.0
12;2021-07-19;1226;1954;0;159589;140011;0;57.3;50.3;0.0
12;2021-07-20;1401;1452;0;160990;141463;0;57.8;50.8;0.0
12;2021-07-21;1086;1032;0;162076;142495;0;58.2;51.2;0.0
12;2021-07-22;2109;1311;0;164185;143806;0;59.0;51.7;0.0
12;2021-07-23;1770;1931;0;165955;145737;0;59.6;52.4;0.0
12;2021-07-24;1529;1436;0;167484;147173;0;60.2;52.9;0.0
12;2021-07-25;170;51;0;167654;147224;0;60.2;52.9;0.0
12;2021-07-26;1721;1319;0;169375;148543;0;60.8;53.4;0.0
12;2021-07-27;2129;1020;0;171504;149563;0;61.6;53.7;0.0
12;2021-07-28;1674;713;0;173178;150276;0;62.2;54.0;0.0
12;2021-07-29;1212;744;0;174390;151020;0;62.6;54.3;0.0
12;2021-07-30;2282;1223;0;176672;152243;0;63.5;54.7;0.0
12;2021-07-31;1751;906;0;178423;153149;0;64.1;55.0;0.0
12;2021-08-01;209;52;0;178632;153201;0;64.2;55.0;0.0
12;2021-08-02;1631;757;0;180263;153958;0;64.8;55.3;0.0
12;2021-08-03;1814;716;0;182077;154674;0;65.4;55.6;0.0
12;2021-08-04;1645;756;0;183722;155430;0;66.0;55.8;0.0
12;2021-08-05;1523;656;0;185245;156086;0;66.5;56.1;0.0
12;2021-08-06;1615;1161;0;186860;157247;0;67.1;56.5;0.0
12;2021-08-07;1286;653;0;188146;157900;0;67.6;56.7;0.0
12;2021-08-08;29;35;0;188175;157935;0;67.6;56.7;0.0
12;2021-08-09;1233;1183;0;189408;159118;0;68.0;57.2;0.0
12;2021-08-10;1222;1156;0;190630;160274;0;68.5;57.6;0.0
12;2021-08-11;823;1133;0;191453;161407;0;68.8;58.0;0.0
12;2021-08-12;742;1075;0;192195;162482;0;69.0;58.4;0.0
12;2021-08-13;985;1270;0;193180;163752;0;69.4;58.8;0.0
12;2021-08-14;662;1244;0;193842;164996;0;69.6;59.3;0.0
12;2021-08-15;197;97;0;194039;165093;0;69.7;59.3;0.0
12;2021-08-16;644;1633;0;194683;166726;0;69.9;59.9;0.0
12;2021-08-17;820;1849;0;195503;168575;0;70.2;60.6;0.0
12;2021-08-18;479;1458;0;195982;170033;0;70.4;61.1;0.0
12;2021-08-19;637;1073;0;196619;171106;0;70.6;61.5;0.0
12;2021-08-20;738;1779;0;197357;172885;0;70.9;62.1;0.0
12;2021-08-21;475;1434;0;197832;174319;0;71.1;62.6;0.0
12;2021-08-22;84;66;0;197916;174385;0;71.1;62.6;0.0
12;2021-08-23;435;1813;0;198351;176198;0;71.3;63.3;0.0
12;2021-08-24;484;1825;0;198835;178023;0;71.4;64.0;0.0
12;2021-08-25;354;1547;0;199189;179570;0;71.6;64.5;0.0
12;2021-08-26;472;1565;0;199661;181135;0;71.7;65.1;0.0
12;2021-08-27;581;1689;0;200242;182824;0;71.9;65.7;0.0
12;2021-08-28;323;1489;0;200565;184313;0;72.1;66.2;0.0
12;2021-08-29;156;149;0;200721;184462;0;72.1;66.3;0.0
12;2021-08-30;533;1803;35;201254;186265;35;72.3;66.9;0.0
12;2021-08-31;430;1300;45;201684;187565;80;72.5;67.4;0.0
12;2021-09-01;412;946;85;202096;188511;165;72.6;67.7;0.1
12;2021-09-02;300;768;90;202396;189279;255;72.7;68.0;0.1
12;2021-09-03;476;1190;194;202872;190469;449;72.9;68.4;0.2
12;2021-09-04;432;1019;101;203304;191488;550;73.0;68.8;0.2
12;2021-09-05;52;170;14;203356;191658;564;73.1;68.9;0.2
12;2021-09-06;236;615;215;203592;192273;779;73.1;69.1;0.3
12;2021-09-07;262;463;195;203854;192736;974;73.2;69.2;0.3
12;2021-09-08;265;506;154;204119;193242;1128;73.3;69.4;0.4
12;2021-09-09;198;445;53;204317;193687;1181;73.4;69.6;0.4
12;2021-09-10;486;973;270;204803;194660;1451;73.6;69.9;0.5
12;2021-09-11;369;880;137;205172;195540;1588;73.7;70.2;0.6
12;2021-09-12;22;75;15;205194;195615;1603;73.7;70.3;0.6
12;2021-09-13;188;391;234;205382;196006;1837;73.8;70.4;0.7
12;2021-09-14;278;367;227;205660;196373;2064;73.9;70.5;0.7
12;2021-09-15;241;439;350;205901;196812;2414;74.0;70.7;0.9
12;2021-09-16;366;417;502;206267;197229;2916;74.1;70.9;1.0
12;2021-09-17;325;518;467;206592;197747;3383;74.2;71.0;1.2
12;2021-09-18;232;679;162;206824;198426;3545;74.3;71.3;1.3
12;2021-09-19;4;22;2;206828;198448;3547;74.3;71.3;1.3
12;2021-09-20;108;437;321;206936;198885;3868;74.3;71.4;1.4
12;2021-09-21;120;253;545;207056;199138;4413;74.4;71.5;1.6
12;2021-09-22;149;561;353;207205;199699;4766;74.4;71.7;1.7
12;2021-09-23;104;186;395;207309;199885;5161;74.5;71.8;1.9
12;2021-09-24;193;540;344;207502;200425;5505;74.5;72.0;2.0
12;2021-09-25;156;640;117;207658;201065;5622;74.6;72.2;2.0
12;2021-09-26;1;11;2;207659;201076;5624;74.6;72.2;2.0
12;2021-09-27;79;259;310;207738;201335;5934;74.6;72.3;2.1
12;2021-09-28;103;259;483;207841;201594;6417;74.7;72.4;2.3
12;2021-09-29;106;320;270;207947;201914;6687;74.7;72.5;2.4
12;2021-09-30;63;141;343;208010;202055;7030;74.7;72.6;2.5
12;2021-10-01;187;410;249;208197;202465;7279;74.8;72.7;2.6
12;2021-10-02;178;454;124;208375;202919;7403;74.9;72.9;2.7
12;2021-10-03;1;9;2;208376;202928;7405;74.9;72.9;2.7
12;2021-10-04;94;190;142;208470;203118;7547;74.9;73.0;2.7
12;2021-10-05;70;199;300;208540;203317;7847;74.9;73.0;2.8
12;2021-10-06;127;253;520;208667;203570;8367;75.0;73.1;3.0
12;2021-10-07;82;309;251;208749;203879;8618;75.0;73.2;3.1
12;2021-10-08;144;380;421;208893;204259;9039;75.0;73.4;3.2
12;2021-10-09;156;322;243;209049;204581;9282;75.1;73.5;3.3
12;2021-10-10;1;9;8;209050;204590;9290;75.1;73.5;3.3
12;2021-10-11;62;113;177;209112;204703;9467;75.1;73.5;3.4
12;2021-10-12;51;118;179;209163;204821;9646;75.1;73.6;3.5
12;2021-10-13;141;276;470;209304;205097;10116;75.2;73.7;3.6
12;2021-10-14;74;140;336;209378;205237;10452;75.2;73.7;3.8
12;2021-10-15;93;188;472;209471;205425;10924;75.3;73.8;3.9
12;2021-10-16;177;234;434;209648;205659;11358;75.3;73.9;4.1
12;2021-10-17;2;8;0;209650;205667;11358;75.3;73.9;4.1
12;2021-10-18;72;97;218;209722;205764;11576;75.3;73.9;4.2
12;2021-10-19;53;82;202;209775;205846;11778;75.4;73.9;4.2
12;2021-10-20;138;190;550;209913;206036;12328;75.4;74.0;4.4
12;2021-10-21;70;52;274;209983;206088;12602;75.4;74.0;4.5
12;2021-10-22;90;119;560;210073;206207;13162;75.5;74.1;4.7
12;2021-10-23;155;235;504;210228;206442;13666;75.5;74.2;4.9
12;2021-10-24;2;4;3;210230;206446;13669;75.5;74.2;4.9
12;2021-10-25;19;32;61;210249;206478;13730;75.5;74.2;4.9
12;2021-10-26;106;124;531;210355;206602;14261;75.6;74.2;5.1
12;2021-10-27;66;103;507;210421;206705;14768;75.6;74.3;5.3
12;2021-10-28;64;66;260;210485;206771;15028;75.6;74.3;5.4
12;2021-10-29;53;104;561;210538;206875;15589;75.6;74.3;5.6
12;2021-10-30;100;166;519;210638;207041;16108;75.7;74.4;5.8
12;2021-10-31;1;1;2;210639;207042;16110;75.7;74.4;5.8
12;2021-11-01;6;6;1;210645;207048;16111;75.7;74.4;5.8
12;2021-11-02;40;54;246;210685;207102;16357;75.7;74.4;5.9
12;2021-11-03;135;204;965;210820;207306;17322;75.7;74.5;6.2
12;2021-11-04;32;67;410;210852;207373;17732;75.7;74.5;6.4
12;2021-11-05;61;84;545;210913;207457;18277;75.8;74.5;6.6
12;2021-11-06;136;178;538;211049;207635;18815;75.8;74.6;6.8
12;2021-11-07;1;4;3;211050;207639;18818;75.8;74.6;6.8
12;2021-11-08;67;94;602;211117;207733;19420;75.8;74.6;7.0
12;2021-11-09;34;60;685;211151;207793;20105;75.9;74.6;7.2
12;2021-11-10;114;152;982;211265;207945;21087;75.9;74.7;7.6
12;2021-11-11;5;2;5;211270;207947;21092;75.9;74.7;7.6
12;2021-11-12;67;85;800;211337;208032;21892;75.9;74.7;7.9
12;2021-11-13;139;173;736;211476;208205;22628;76.0;74.8;8.1
12;2021-11-14;1;2;8;211477;208207;22636;76.0;74.8;8.1
12;2021-11-15;60;60;875;211537;208267;23511;76.0;74.8;8.4
12;2021-11-16;69;81;1377;211606;208348;24888;76.0;74.8;8.9
12;2021-11-17;113;115;1096;211719;208463;25984;76.1;74.9;9.3
12;2021-11-18;65;106;987;211784;208569;26971;76.1;74.9;9.7
12;2021-11-19;78;74;1228;211862;208643;28199;76.1;75.0;10.1
12;2021-11-20;102;116;846;211964;208759;29045;76.1;75.0;10.4
12;2021-11-21;2;5;19;211966;208764;29064;76.1;75.0;10.4
12;2021-11-22;59;42;1144;212025;208806;30208;76.2;75.0;10.9
12;2021-11-23;77;39;1258;212102;208845;31466;76.2;75.0;11.3
12;2021-11-24;95;106;1297;212197;208951;32763;76.2;75.1;11.8
12;2021-11-25;87;81;1458;212284;209032;34221;76.3;75.1;12.3
12;2021-11-26;131;86;1792;212415;209118;36013;76.3;75.1;12.9
12;2021-11-27;72;136;1219;212487;209254;37232;76.3;75.2;13.4
12;2021-11-28;13;7;199;212500;209261;37431;76.3;75.2;13.4
12;2021-11-29;55;56;1545;212555;209317;38976;76.4;75.2;14.0
12;2021-11-30;83;72;2003;212638;209389;40979;76.4;75.2;14.7
12;2021-12-01;79;97;1954;212717;209486;42933;76.4;75.3;15.4
12;2021-12-02;65;53;2046;212782;209539;44979;76.4;75.3;16.2
12;2021-12-03;78;81;2467;212860;209620;47446;76.5;75.3;17.0
12;2021-12-04;88;140;1506;212948;209760;48952;76.5;75.4;17.6
12;2021-12-05;12;11;53;212960;209771;49005;76.5;75.4;17.6
12;2021-12-06;57;74;1814;213017;209845;50819;76.5;75.4;18.3
12;2021-12-07;75;95;3302;213092;209940;54121;76.6;75.4;19.4
12;2021-12-08;72;116;2341;213164;210056;56462;76.6;75.5;20.3
12;2021-12-09;68;68;2911;213232;210124;59373;76.6;75.5;21.3
12;2021-12-10;81;83;3508;213313;210207;62881;76.6;75.5;22.6
12;2021-12-11;75;120;2047;213388;210327;64928;76.7;75.6;23.3
12;2021-12-12;11;6;250;213399;210333;65178;76.7;75.6;23.4
12;2021-12-13;58;81;2683;213457;210414;67861;76.7;75.6;24.4
12;2021-12-14;96;94;4527;213553;210508;72388;76.7;75.6;26.0
12;2021-12-15;70;111;2969;213623;210619;75357;76.7;75.7;27.1
12;2021-12-16;101;105;3773;213724;210724;79130;76.8;75.7;28.4
12;2021-12-17;77;110;3781;213801;210834;82911;76.8;75.7;29.8
12;2021-12-18;67;109;1757;213868;210943;84668;76.8;75.8;30.4
12;2021-12-19;38;21;730;213906;210964;85398;76.8;75.8;30.7
12;2021-12-20;92;83;2547;213998;211047;87945;76.9;75.8;31.6
12;2021-12-21;145;121;3630;214143;211168;91575;76.9;75.9;32.9
12;2021-12-22;124;99;2489;214267;211267;94064;77.0;75.9;33.8
13;2020-12-27;4;0;0;4;0;0;0.0;0.0;0.0
13;2020-12-28;9;0;0;13;0;0;0.0;0.0;0.0
13;2020-12-29;0;0;0;13;0;0;0.0;0.0;0.0
13;2020-12-30;5;0;0;18;0;0;0.0;0.0;0.0
13;2020-12-31;4;0;0;22;0;0;0.0;0.0;0.0
13;2021-01-01;3;0;0;25;0;0;0.0;0.0;0.0
13;2021-01-02;4;1;0;29;1;0;0.0;0.0;0.0
13;2021-01-03;6;1;0;35;2;0;0.0;0.0;0.0
13;2021-01-04;3;1;0;38;3;0;0.0;0.0;0.0
13;2021-01-05;85;1;0;123;4;0;0.0;0.0;0.0
13;2021-01-06;125;1;0;248;5;0;0.0;0.0;0.0
13;2021-01-07;214;1;0;462;6;0;0.0;0.0;0.0
13;2021-01-08;242;0;0;704;6;0;0.0;0.0;0.0
13;2021-01-09;32;0;0;736;6;0;0.0;0.0;0.0
13;2021-01-10;3;0;0;739;6;0;0.0;0.0;0.0
13;2021-01-11;524;2;0;1263;8;0;0.1;0.0;0.0
13;2021-01-12;925;1;0;2188;9;0;0.1;0.0;0.0
13;2021-01-13;1136;2;0;3324;11;0;0.2;0.0;0.0
13;2021-01-14;1661;23;0;4985;34;0;0.2;0.0;0.0
13;2021-01-15;1536;7;0;6521;41;0;0.3;0.0;0.0
13;2021-01-16;458;4;0;6979;45;0;0.3;0.0;0.0
13;2021-01-17;51;0;0;7030;45;0;0.3;0.0;0.0
13;2021-01-18;2312;14;0;9342;59;0;0.5;0.0;0.0
13;2021-01-19;7066;55;0;16408;114;0;0.8;0.0;0.0
13;2021-01-20;5295;27;0;21703;141;0;1.1;0.0;0.0
13;2021-01-21;5340;40;0;27043;181;0;1.3;0.0;0.0
13;2021-01-22;3893;23;0;30936;204;0;1.5;0.0;0.0
13;2021-01-23;1291;8;0;32227;212;0;1.6;0.0;0.0
13;2021-01-24;425;4;0;32652;216;0;1.6;0.0;0.0
13;2021-01-25;2275;25;0;34927;241;0;1.7;0.0;0.0
13;2021-01-26;2799;90;0;37726;331;0;1.9;0.0;0.0
13;2021-01-27;3048;126;0;40774;457;0;2.0;0.0;0.0
13;2021-01-28;3288;226;0;44062;683;0;2.2;0.0;0.0
13;2021-01-29;2548;149;0;46610;832;0;2.3;0.0;0.0
13;2021-01-30;977;29;0;47587;861;0;2.3;0.0;0.0
13;2021-01-31;214;0;0;47801;861;0;2.3;0.0;0.0
13;2021-02-01;1809;309;0;49610;1170;0;2.4;0.1;0.0
13;2021-02-02;2248;676;0;51858;1846;0;2.5;0.1;0.0
13;2021-02-03;1771;587;0;53629;2433;0;2.6;0.1;0.0
13;2021-02-04;1878;958;0;55507;3391;0;2.7;0.2;0.0
13;2021-02-05;2456;1486;0;57963;4877;0;2.8;0.2;0.0
13;2021-02-06;802;337;0;58765;5214;0;2.9;0.3;0.0
13;2021-02-07;250;6;0;59015;5220;0;2.9;0.3;0.0
13;2021-02-08;1797;1512;0;60812;6732;0;3.0;0.3;0.0
13;2021-02-09;3189;4303;0;64001;11035;0;3.1;0.5;0.0
13;2021-02-10;3075;3312;0;67076;14347;0;3.3;0.7;0.0
13;2021-02-11;3492;3526;0;70568;17873;0;3.5;0.9;0.0
13;2021-02-12;2663;3098;0;73231;20971;0;3.6;1.0;0.0
13;2021-02-13;716;608;0;73947;21579;0;3.6;1.1;0.0
13;2021-02-14;69;333;0;74016;21912;0;3.6;1.1;0.0
13;2021-02-15;898;2011;0;74914;23923;0;3.7;1.2;0.0
13;2021-02-16;1266;2580;0;76180;26503;0;3.7;1.3;0.0
13;2021-02-17;1332;2913;0;77512;29416;0;3.8;1.4;0.0
13;2021-02-18;1853;2740;0;79365;32156;0;3.9;1.6;0.0
13;2021-02-19;1505;2258;0;80870;34414;0;4.0;1.7;0.0
13;2021-02-20;436;781;0;81306;35195;0;4.0;1.7;0.0
13;2021-02-21;31;266;0;81337;35461;0;4.0;1.7;0.0
13;2021-02-22;1006;2237;0;82343;37698;0;4.0;1.9;0.0
13;2021-02-23;1243;2496;0;83586;40194;0;4.1;2.0;0.0
13;2021-02-24;1441;2538;0;85027;42732;0;4.2;2.1;0.0
13;2021-02-25;2331;2054;0;87358;44786;0;4.3;2.2;0.0
13;2021-02-26;2401;1999;0;89759;46785;0;4.4;2.3;0.0
13;2021-02-27;957;742;0;90716;47527;0;4.5;2.3;0.0
13;2021-02-28;183;179;0;90899;47706;0;4.5;2.3;0.0
13;2021-03-01;1847;1551;0;92746;49257;0;4.6;2.4;0.0
13;2021-03-02;2919;2617;0;95665;51874;0;4.7;2.5;0.0
13;2021-03-03;3438;2615;0;99103;54489;0;4.9;2.7;0.0
13;2021-03-04;4065;3103;0;103168;57592;0;5.1;2.8;0.0
13;2021-03-05;4030;2713;0;107198;60305;0;5.3;3.0;0.0
13;2021-03-06;5290;820;0;112488;61125;0;5.5;3.0;0.0
13;2021-03-07;4176;372;0;116664;61497;0;5.7;3.0;0.0
13;2021-03-08;3845;1991;0;120509;63488;0;5.9;3.1;0.0
13;2021-03-09;4885;2319;0;125394;65807;0;6.2;3.2;0.0
13;2021-03-10;5185;2074;0;130579;67881;0;6.4;3.3;0.0
13;2021-03-11;7205;2207;0;137784;70088;0;6.8;3.4;0.0
13;2021-03-12;8200;2082;0;145984;72170;0;7.2;3.5;0.0
13;2021-03-13;6215;739;0;152199;72909;0;7.5;3.6;0.0
13;2021-03-14;2223;176;0;154422;73085;0;7.6;3.6;0.0
13;2021-03-15;6159;1248;0;160581;74333;0;7.9;3.7;0.0
13;2021-03-16;4938;1565;0;165519;75898;0;8.1;3.7;0.0
13;2021-03-17;5087;1428;0;170606;77326;0;8.4;3.8;0.0
13;2021-03-18;5712;1807;0;176318;79133;0;8.7;3.9;0.0
13;2021-03-19;6664;1587;0;182982;80720;0;9.0;4.0;0.0
13;2021-03-20;3943;681;0;186925;81401;0;9.2;4.0;0.0
13;2021-03-21;763;91;0;187688;81492;0;9.2;4.0;0.0
13;2021-03-22;6924;1528;0;194612;83020;0;9.6;4.1;0.0
13;2021-03-23;8879;1730;0;203491;84750;0;10.0;4.2;0.0
13;2021-03-24;8612;2149;0;212103;86899;0;10.4;4.3;0.0
13;2021-03-25;10694;2062;0;222797;88961;0;11.0;4.4;0.0
13;2021-03-26;10385;1869;0;233182;90830;0;11.5;4.5;0.0
13;2021-03-27;4693;813;0;237875;91643;0;11.7;4.5;0.0
13;2021-03-28;1089;82;0;238964;91725;0;11.7;4.5;0.0
13;2021-03-29;7172;1958;0;246136;93683;0;12.1;4.6;0.0
13;2021-03-30;11975;2522;0;258111;96205;0;12.7;4.7;0.0
13;2021-03-31;10356;3187;0;268467;99392;0;13.2;4.9;0.0
13;2021-04-01;11744;3053;0;280211;102445;0;13.8;5.0;0.0
13;2021-04-02;9456;3784;0;289667;106229;0;14.2;5.2;0.0
13;2021-04-03;3875;2725;0;293542;108954;0;14.4;5.4;0.0
13;2021-04-04;625;314;0;294167;109268;0;14.5;5.4;0.0
13;2021-04-05;3421;721;0;297588;109989;0;14.6;5.4;0.0
13;2021-04-06;8285;4143;0;305873;114132;0;15.0;5.6;0.0
13;2021-04-07;9724;4600;0;315597;118732;0;15.5;5.8;0.0
13;2021-04-08;9768;5366;0;325365;124098;0;16.0;6.1;0.0
13;2021-04-09;10842;5016;0;336207;129114;0;16.5;6.3;0.0
13;2021-04-10;7022;2123;0;343229;131237;0;16.9;6.5;0.0
13;2021-04-11;1384;555;0;344613;131792;0;16.9;6.5;0.0
13;2021-04-12;7680;4669;0;352293;136461;0;17.3;6.7;0.0
13;2021-04-13;8798;5362;0;361091;141823;0;17.7;7.0;0.0
13;2021-04-14;9224;5708;0;370315;147531;0;18.2;7.3;0.0
13;2021-04-15;9577;5777;0;379892;153308;0;18.7;7.5;0.0
13;2021-04-16;9586;5462;0;389478;158770;0;19.1;7.8;0.0
13;2021-04-17;4020;1991;0;393498;160761;0;19.3;7.9;0.0
13;2021-04-18;2455;1405;0;395953;162166;0;19.5;8.0;0.0
13;2021-04-19;6230;6139;0;402183;168305;0;19.8;8.3;0.0
13;2021-04-20;7208;7291;0;409391;175596;0;20.1;8.6;0.0
13;2021-04-21;7592;7105;0;416983;182701;0;20.5;9.0;0.0
13;2021-04-22;8143;7609;0;425126;190310;0;20.9;9.4;0.0
13;2021-04-23;8120;6617;0;433246;196927;0;21.3;9.7;0.0
13;2021-04-24;4539;3653;0;437785;200580;0;21.5;9.9;0.0
13;2021-04-25;917;533;0;438702;201113;0;21.6;9.9;0.0
13;2021-04-26;6002;6753;0;444704;207866;0;21.9;10.2;0.0
13;2021-04-27;7115;7610;0;451819;215476;0;22.2;10.6;0.0
13;2021-04-28;9162;7443;0;460981;222919;0;22.7;11.0;0.0
13;2021-04-29;11190;7389;0;472171;230308;0;23.2;11.3;0.0
13;2021-04-30;10566;7118;0;482737;237426;0;23.7;11.7;0.0
13;2021-05-01;5085;3587;0;487822;241013;0;24.0;11.8;0.0
13;2021-05-02;2056;736;0;489878;241749;0;24.1;11.9;0.0
13;2021-05-03;6974;7554;0;496852;249303;0;24.4;12.3;0.0
13;2021-05-04;8115;8336;0;504967;257639;0;24.8;12.7;0.0
13;2021-05-05;7963;8723;0;512930;266362;0;25.2;13.1;0.0
13;2021-05-06;9900;8393;0;522830;274755;0;25.7;13.5;0.0
13;2021-05-07;8647;9684;0;531477;284439;0;26.1;14.0;0.0
13;2021-05-08;4467;3773;0;535944;288212;0;26.3;14.2;0.0
13;2021-05-09;981;701;0;536925;288913;0;26.4;14.2;0.0
13;2021-05-10;7429;8490;0;544354;297403;0;26.8;14.6;0.0
13;2021-05-11;10646;9243;0;555000;306646;0;27.3;15.1;0.0
13;2021-05-12;12328;8529;0;567328;315175;0;27.9;15.5;0.0
13;2021-05-13;9166;3505;0;576494;318680;0;28.3;15.7;0.0
13;2021-05-14;12838;6304;0;589332;324984;0;29.0;16.0;0.0
13;2021-05-15;9730;4374;0;599062;329358;0;29.4;16.2;0.0
13;2021-05-16;3173;789;0;602235;330147;0;29.6;16.2;0.0
13;2021-05-17;10032;6648;0;612267;336795;0;30.1;16.6;0.0
13;2021-05-18;11385;6376;0;623652;343171;0;30.7;16.9;0.0
13;2021-05-19;11649;6205;0;635301;349376;0;31.2;17.2;0.0
13;2021-05-20;12673;6242;0;647974;355618;0;31.8;17.5;0.0
13;2021-05-21;12304;6612;0;660278;362230;0;32.5;17.8;0.0
13;2021-05-22;7396;3561;0;667674;365791;0;32.8;18.0;0.0
13;2021-05-23;1112;665;0;668786;366456;0;32.9;18.0;0.0
13;2021-05-24;6470;2363;0;675256;368819;0;33.2;18.1;0.0
13;2021-05-25;8780;7358;0;684036;376177;0;33.6;18.5;0.0
13;2021-05-26;9693;7618;0;693729;383795;0;34.1;18.9;0.0
13;2021-05-27;9781;8209;0;703510;392004;0;34.6;19.3;0.0
13;2021-05-28;8841;8926;0;712351;400930;0;35.0;19.7;0.0
13;2021-05-29;6712;4541;0;719063;405471;0;35.3;19.9;0.0
13;2021-05-30;936;550;0;719999;406021;0;35.4;20.0;0.0
13;2021-05-31;7758;7701;0;727757;413722;0;35.8;20.3;0.0
13;2021-06-01;9282;8960;0;737039;422682;0;36.2;20.8;0.0
13;2021-06-02;9483;8420;0;746522;431102;0;36.7;21.2;0.0
13;2021-06-03;11802;9206;0;758324;440308;0;37.3;21.6;0.0
13;2021-06-04;11519;9777;0;769843;450085;0;37.8;22.1;0.0
13;2021-06-05;7039;5456;0;776882;455541;0;38.2;22.4;0.0
13;2021-06-06;1691;903;0;778573;456444;0;38.3;22.4;0.0
13;2021-06-07;6582;9478;0;785155;465922;0;38.6;22.9;0.0
13;2021-06-08;8154;9672;0;793309;475594;0;39.0;23.4;0.0
13;2021-06-09;8124;9434;0;801433;485028;0;39.4;23.8;0.0
13;2021-06-10;8741;9477;0;810174;494505;0;39.8;24.3;0.0
13;2021-06-11;8024;12121;0;818198;506626;0;40.2;24.9;0.0
13;2021-06-12;5599;6474;0;823797;513100;0;40.5;25.2;0.0
13;2021-06-13;988;1222;0;824785;514322;0;40.5;25.3;0.0
13;2021-06-14;5772;10616;0;830557;524938;0;40.8;25.8;0.0
13;2021-06-15;7038;10928;0;837595;535866;0;41.2;26.3;0.0
13;2021-06-16;6907;9577;0;844502;545443;0;41.5;26.8;0.0
13;2021-06-17;7171;10353;0;851673;555796;0;41.9;27.3;0.0
13;2021-06-18;7086;10668;0;858759;566464;0;42.2;27.8;0.0
13;2021-06-19;4503;7212;0;863262;573676;0;42.4;28.2;0.0
13;2021-06-20;950;1033;0;864212;574709;0;42.5;28.2;0.0
13;2021-06-21;4368;11739;0;868580;586448;0;42.7;28.8;0.0
13;2021-06-22;4691;13490;0;873271;599938;0;42.9;29.5;0.0
13;2021-06-23;4829;13064;0;878100;613002;0;43.2;30.1;0.0
13;2021-06-24;5074;12160;0;883174;625162;0;43.4;30.7;0.0
13;2021-06-25;4884;13953;0;888058;639115;0;43.7;31.4;0.0
13;2021-06-26;2904;9233;0;890962;648348;0;43.8;31.9;0.0
13;2021-06-27;530;1024;0;891492;649372;0;43.8;31.9;0.0
13;2021-06-28;3628;12035;0;895120;661407;0;44.0;32.5;0.0
13;2021-06-29;4276;12549;0;899396;673956;0;44.2;33.1;0.0
13;2021-06-30;4737;12290;0;904133;686246;0;44.4;33.7;0.0
13;2021-07-01;5696;10991;0;909829;697237;0;44.7;34.3;0.0
13;2021-07-02;5587;11898;0;915416;709135;0;45.0;34.9;0.0
13;2021-07-03;3337;8796;0;918753;717931;0;45.2;35.3;0.0
13;2021-07-04;554;986;0;919307;718917;0;45.2;35.3;0.0
13;2021-07-05;3781;10924;0;923088;729841;0;45.4;35.9;0.0
13;2021-07-06;5265;11129;0;928353;740970;0;45.6;36.4;0.0
13;2021-07-07;5368;10225;1;933721;751195;1;45.9;36.9;0.0
13;2021-07-08;5932;9750;2;939653;760945;3;46.2;37.4;0.0
13;2021-07-09;5856;11342;0;945509;772287;3;46.5;38.0;0.0
13;2021-07-10;3115;8320;0;948624;780607;3;46.6;38.4;0.0
13;2021-07-11;538;1092;0;949162;781699;3;46.7;38.4;0.0
13;2021-07-12;4417;10639;0;953579;792338;3;46.9;38.9;0.0
13;2021-07-13;8746;12824;0;962325;805162;3;47.3;39.6;0.0
13;2021-07-14;5447;4566;0;967772;809728;3;47.6;39.8;0.0
13;2021-07-15;10898;12465;0;978670;822193;3;48.1;40.4;0.0
13;2021-07-16;11865;12518;0;990535;834711;3;48.7;41.0;0.0
13;2021-07-17;6472;8283;0;997007;842994;3;49.0;41.4;0.0
13;2021-07-18;936;1126;0;997943;844120;3;49.1;41.5;0.0
13;2021-07-19;9442;10714;0;1007385;854834;3;49.5;42.0;0.0
13;2021-07-20;11634;11143;0;1019019;865977;3;50.1;42.6;0.0
13;2021-07-21;12042;9993;0;1031061;875970;3;50.7;43.1;0.0
13;2021-07-22;13741;9894;0;1044802;885864;3;51.4;43.5;0.0
13;2021-07-23;13780;10563;0;1058582;896427;3;52.0;44.1;0.0
13;2021-07-24;7998;7401;0;1066580;903828;3;52.4;44.4;0.0
13;2021-07-25;1169;836;0;1067749;904664;3;52.5;44.5;0.0
13;2021-07-26;10558;8638;0;1078307;913302;3;53.0;44.9;0.0
13;2021-07-27;12720;8834;0;1091027;922136;3;53.6;45.3;0.0
13;2021-07-28;11858;7784;0;1102885;929920;3;54.2;45.7;0.0
13;2021-07-29;13190;7724;0;1116075;937644;3;54.9;46.1;0.0
13;2021-07-30;12976;8392;0;1129051;946036;3;55.5;46.5;0.0
13;2021-07-31;8187;5622;0;1137238;951658;3;55.9;46.8;0.0
13;2021-08-01;1216;733;0;1138454;952391;3;56.0;46.8;0.0
13;2021-08-02;10088;6479;0;1148542;958870;3;56.5;47.1;0.0
13;2021-08-03;10898;7103;0;1159440;965973;3;57.0;47.5;0.0
13;2021-08-04;9373;6529;0;1168813;972502;3;57.5;47.8;0.0
13;2021-08-05;9128;7304;0;1177941;979806;3;57.9;48.2;0.0
13;2021-08-06;9059;8737;0;1187000;988543;3;58.3;48.6;0.0
13;2021-08-07;5261;5377;0;1192261;993920;3;58.6;48.9;0.0
13;2021-08-08;975;887;0;1193236;994807;3;58.7;48.9;0.0
13;2021-08-09;7913;8605;0;1201149;1003412;3;59.0;49.3;0.0
13;2021-08-10;8546;8655;0;1209695;1012067;3;59.5;49.7;0.0
13;2021-08-11;7485;8377;0;1217180;1020444;3;59.8;50.2;0.0
13;2021-08-12;7330;9235;0;1224510;1029679;3;60.2;50.6;0.0
13;2021-08-13;6639;8671;0;1231149;1038350;3;60.5;51.0;0.0
13;2021-08-14;3773;6277;0;1234922;1044627;3;60.7;51.3;0.0
13;2021-08-15;526;702;0;1235448;1045329;3;60.7;51.4;0.0
13;2021-08-16;6203;10535;0;1241651;1055864;3;61.0;51.9;0.0
13;2021-08-17;6280;10155;0;1247931;1066019;3;61.3;52.4;0.0
13;2021-08-18;6024;9667;0;1253955;1075686;3;61.6;52.9;0.0
13;2021-08-19;6158;10169;0;1260113;1085855;3;61.9;53.4;0.0
13;2021-08-20;5484;10712;0;1265597;1096567;3;62.2;53.9;0.0
13;2021-08-21;2534;6952;0;1268131;1103519;3;62.3;54.2;0.0
13;2021-08-22;402;1010;0;1268533;1104529;3;62.4;54.3;0.0
13;2021-08-23;4594;10759;0;1273127;1115288;3;62.6;54.8;0.0
13;2021-08-24;4987;10608;0;1278114;1125896;3;62.8;55.3;0.0
13;2021-08-25;4772;9805;0;1282886;1135701;3;63.1;55.8;0.0
13;2021-08-26;4673;9432;0;1287559;1145133;3;63.3;56.3;0.0
13;2021-08-27;4690;10288;0;1292249;1155421;3;63.5;56.8;0.0
13;2021-08-28;2278;6386;0;1294527;1161807;3;63.6;57.1;0.0
13;2021-08-29;346;1213;0;1294873;1163020;3;63.6;57.2;0.0
13;2021-08-30;3910;9378;146;1298783;1172398;149;63.8;57.6;0.0
13;2021-08-31;4180;9622;216;1302963;1182020;365;64.0;58.1;0.0
13;2021-09-01;4690;8061;360;1307653;1190081;725;64.3;58.5;0.0
13;2021-09-02;4051;7595;545;1311704;1197676;1270;64.5;58.9;0.1
13;2021-09-03;4104;8279;790;1315808;1205955;2060;64.7;59.3;0.1
13;2021-09-04;2198;5489;182;1318006;1211444;2242;64.8;59.5;0.1
13;2021-09-05;224;468;54;1318230;1211912;2296;64.8;59.6;0.1
13;2021-09-06;3177;5617;714;1321407;1217529;3010;65.0;59.8;0.1
13;2021-09-07;3078;5975;1078;1324485;1223504;4088;65.1;60.1;0.2
13;2021-09-08;3350;6085;851;1327835;1229589;4939;65.3;60.4;0.2
13;2021-09-09;2942;5336;1080;1330777;1234925;6019;65.4;60.7;0.3
13;2021-09-10;3426;6403;1082;1334203;1241328;7101;65.6;61.0;0.3
13;2021-09-11;2250;4980;340;1336453;1246308;7441;65.7;61.3;0.4
13;2021-09-12;266;388;53;1336719;1246696;7494;65.7;61.3;0.4
13;2021-09-13;2530;3978;996;1339249;1250674;8490;65.8;61.5;0.4
13;2021-09-14;3038;4352;1951;1342287;1255026;10441;66.0;61.7;0.5
13;2021-09-15;2804;5058;2015;1345091;1260084;12456;66.1;61.9;0.6
13;2021-09-16;2114;3591;2084;1347205;1263675;14540;66.2;62.1;0.7
13;2021-09-17;2267;4540;1677;1349472;1268215;16217;66.3;62.3;0.8
13;2021-09-18;1513;4070;539;1350985;1272285;16756;66.4;62.5;0.8
13;2021-09-19;101;188;56;1351086;1272473;16812;66.4;62.5;0.8
13;2021-09-20;1474;3045;1526;1352560;1275518;18338;66.5;62.7;0.9
13;2021-09-21;1431;2770;1833;1353991;1278288;20171;66.6;62.8;1.0
13;2021-09-22;1597;4185;1426;1355588;1282473;21597;66.6;63.0;1.1
13;2021-09-23;1505;3347;2077;1357093;1285820;23674;66.7;63.2;1.2
13;2021-09-24;1504;3826;1371;1358597;1289646;25045;66.8;63.4;1.2
13;2021-09-25;1143;3693;484;1359740;1293339;25529;66.8;63.6;1.3
13;2021-09-26;101;256;49;1359841;1293595;25578;66.8;63.6;1.3
13;2021-09-27;1196;2719;1258;1361037;1296314;26836;66.9;63.7;1.3
13;2021-09-28;1226;2424;1288;1362263;1298738;28124;67.0;63.8;1.4
13;2021-09-29;1524;3298;1390;1363787;1302036;29514;67.0;64.0;1.5
13;2021-09-30;1343;2875;1778;1365130;1304911;31292;67.1;64.1;1.5
13;2021-10-01;2244;3143;1644;1367374;1308054;32936;67.2;64.3;1.6
13;2021-10-02;1180;2649;613;1368554;1310703;33549;67.3;64.4;1.6
13;2021-10-03;110;219;30;1368664;1310922;33579;67.3;64.4;1.7
13;2021-10-04;983;1555;1171;1369647;1312477;34750;67.3;64.5;1.7
13;2021-10-05;1214;2308;1995;1370861;1314785;36745;67.4;64.6;1.8
13;2021-10-06;1336;2742;1975;1372197;1317527;38720;67.4;64.8;1.9
13;2021-10-07;1104;2205;2263;1373301;1319732;40983;67.5;64.9;2.0
13;2021-10-08;1489;2748;2406;1374790;1322480;43389;67.6;65.0;2.1
13;2021-10-09;941;2099;917;1375731;1324579;44306;67.6;65.1;2.2
13;2021-10-10;96;139;66;1375827;1324718;44372;67.6;65.1;2.2
13;2021-10-11;980;1695;1901;1376807;1326413;46273;67.7;65.2;2.3
13;2021-10-12;1151;1759;2255;1377958;1328172;48528;67.7;65.3;2.4
13;2021-10-13;1222;2097;2367;1379180;1330269;50895;67.8;65.4;2.5
13;2021-10-14;1051;1788;2448;1380231;1332057;53343;67.8;65.5;2.6
13;2021-10-15;1450;2191;3349;1381681;1334248;56692;67.9;65.6;2.8
13;2021-10-16;907;1530;973;1382588;1335778;57665;68.0;65.7;2.8
13;2021-10-17;80;132;57;1382668;1335910;57722;68.0;65.7;2.8
13;2021-10-18;912;1381;2070;1383580;1337291;59792;68.0;65.7;2.9
13;2021-10-19;941;1463;2573;1384521;1338754;62365;68.1;65.8;3.1
13;2021-10-20;1157;1699;3046;1385678;1340453;65411;68.1;65.9;3.2
13;2021-10-21;906;1467;3012;1386584;1341920;68423;68.2;66.0;3.4
13;2021-10-22;1204;1935;3937;1387788;1343855;72360;68.2;66.1;3.6
13;2021-10-23;730;1177;1330;1388518;1345032;73690;68.2;66.1;3.6
13;2021-10-24;105;134;138;1388623;1345166;73828;68.3;66.1;3.6
13;2021-10-25;807;1125;2699;1389430;1346291;76527;68.3;66.2;3.8
13;2021-10-26;822;1075;2931;1390252;1347366;79458;68.3;66.2;3.9
13;2021-10-27;897;1269;3271;1391149;1348635;82729;68.4;66.3;4.1
13;2021-10-28;736;1038;3332;1391885;1349673;86061;68.4;66.3;4.2
13;2021-10-29;957;1376;3859;1392842;1351049;89920;68.5;66.4;4.4
13;2021-10-30;607;959;1582;1393449;1352008;91502;68.5;66.5;4.5
13;2021-10-31;65;94;128;1393514;1352102;91630;68.5;66.5;4.5
13;2021-11-01;203;166;108;1393717;1352268;91738;68.5;66.5;4.5
13;2021-11-02;814;1198;3263;1394531;1353466;95001;68.5;66.5;4.7
13;2021-11-03;940;1305;3760;1395471;1354771;98761;68.6;66.6;4.9
13;2021-11-04;865;1059;4009;1396336;1355830;102770;68.6;66.6;5.1
13;2021-11-05;975;1347;4439;1397311;1357177;107209;68.7;66.7;5.3
13;2021-11-06;666;922;2004;1397977;1358099;109213;68.7;66.8;5.4
13;2021-11-07;67;128;104;1398044;1358227;109317;68.7;66.8;5.4
13;2021-11-08;636;1061;3703;1398680;1359288;113020;68.7;66.8;5.6
13;2021-11-09;820;1304;5365;1399500;1360592;118385;68.8;66.9;5.8
13;2021-11-10;1057;1527;6478;1400557;1362119;124863;68.8;67.0;6.1
13;2021-11-11;151;207;750;1400708;1362326;125613;68.8;67.0;6.2
13;2021-11-12;858;1220;6461;1401566;1363546;132074;68.9;67.0;6.5
13;2021-11-13;581;785;2348;1402147;1364331;134422;68.9;67.1;6.6
13;2021-11-14;70;151;288;1402217;1364482;134710;68.9;67.1;6.6
13;2021-11-15;634;1054;4857;1402851;1365536;139567;69.0;67.1;6.9
13;2021-11-16;803;1121;6778;1403654;1366657;146345;69.0;67.2;7.2
13;2021-11-17;1020;1177;6970;1404674;1367834;153315;69.0;67.2;7.5
13;2021-11-18;846;1086;6671;1405520;1368920;159986;69.1;67.3;7.9
13;2021-11-19;1001;1203;7677;1406521;1370123;167663;69.1;67.3;8.2
13;2021-11-20;813;951;3435;1407334;1371074;171098;69.2;67.4;8.4
13;2021-11-21;64;105;298;1407398;1371179;171396;69.2;67.4;8.4
13;2021-11-22;753;786;5545;1408151;1371965;176941;69.2;67.4;8.7
13;2021-11-23;870;998;7825;1409021;1372963;184766;69.3;67.5;9.1
13;2021-11-24;1140;1258;8103;1410161;1374221;192869;69.3;67.5;9.5
13;2021-11-25;909;1029;9616;1411070;1375250;202485;69.4;67.6;10.0
13;2021-11-26;1073;1155;11681;1412143;1376405;214166;69.4;67.7;10.5
13;2021-11-27;772;977;6000;1412915;1377382;220166;69.4;67.7;10.8
13;2021-11-28;48;136;453;1412963;1377518;220619;69.5;67.7;10.8
13;2021-11-29;825;932;12297;1413788;1378450;232916;69.5;67.8;11.4
13;2021-11-30;912;975;14566;1414700;1379425;247482;69.5;67.8;12.2
13;2021-12-01;962;1077;17260;1415662;1380502;264742;69.6;67.9;13.0
13;2021-12-02;876;943;16961;1416538;1381445;281703;69.6;67.9;13.8
13;2021-12-03;987;1243;20107;1417525;1382688;301810;69.7;68.0;14.8
13;2021-12-04;654;855;9811;1418179;1383543;311621;69.7;68.0;15.3
13;2021-12-05;109;177;1089;1418288;1383720;312710;69.7;68.0;15.4
13;2021-12-06;771;1003;16998;1419059;1384723;329708;69.8;68.1;16.2
13;2021-12-07;984;1170;21398;1420043;1385893;351106;69.8;68.1;17.3
13;2021-12-08;1086;1372;20540;1421129;1387265;371646;69.9;68.2;18.3
13;2021-12-09;920;1172;18677;1422049;1388437;390323;69.9;68.2;19.2
13;2021-12-10;1090;1285;22292;1423139;1389722;412615;70.0;68.3;20.3
13;2021-12-11;601;928;11582;1423740;1390650;424197;70.0;68.4;20.9
13;2021-12-12;128;186;1515;1423868;1390836;425712;70.0;68.4;20.9
13;2021-12-13;794;996;17610;1424662;1391832;443322;70.0;68.4;21.8
13;2021-12-14;1016;1213;22552;1425678;1393045;465874;70.1;68.5;22.9
13;2021-12-15;1150;1355;21873;1426828;1394400;487747;70.1;68.5;24.0
13;2021-12-16;1092;1220;20347;1427920;1395620;508094;70.2;68.6;25.0
13;2021-12-17;1227;1431;23028;1429147;1397051;531122;70.2;68.7;26.1
13;2021-12-18;756;964;12099;1429903;1398015;543221;70.3;68.7;26.7
13;2021-12-19;159;254;2091;1430062;1398269;545312;70.3;68.7;26.8
13;2021-12-20;1227;1315;16681;1431289;1399584;561993;70.4;68.8;27.6
13;2021-12-21;1567;1367;18747;1432856;1400951;580740;70.4;68.9;28.5
13;2021-12-22;1490;1309;15919;1434346;1402260;596659;70.5;68.9;29.3
14;2020-12-27;0;0;0;0;0;0;0.0;0.0;0.0
14;2020-12-28;1;0;0;1;0;0;0.0;0.0;0.0
14;2020-12-29;0;0;0;1;0;0;0.0;0.0;0.0
14;2020-12-30;0;0;0;1;0;0;0.0;0.0;0.0
14;2020-12-31;5;0;0;6;0;0;0.0;0.0;0.0
14;2021-01-01;3;0;0;9;0;0;0.0;0.0;0.0
14;2021-01-02;2;0;0;11;0;0;0.0;0.0;0.0
14;2021-01-03;0;0;0;11;0;0;0.0;0.0;0.0
14;2021-01-04;5;0;0;16;0;0;0.0;0.0;0.0
14;2021-01-05;28;0;0;44;0;0;0.0;0.0;0.0
14;2021-01-06;351;0;0;395;0;0;0.1;0.0;0.0
14;2021-01-07;421;1;0;816;1;0;0.1;0.0;0.0
14;2021-01-08;651;5;0;1467;6;0;0.2;0.0;0.0
14;2021-01-09;134;0;0;1601;6;0;0.2;0.0;0.0
14;2021-01-10;49;0;0;1650;6;0;0.2;0.0;0.0
14;2021-01-11;678;6;0;2328;12;0;0.3;0.0;0.0
14;2021-01-12;949;6;0;3277;18;0;0.5;0.0;0.0
14;2021-01-13;886;1;0;4163;19;0;0.6;0.0;0.0
14;2021-01-14;2747;29;0;6910;48;0;1.0;0.0;0.0
14;2021-01-15;1832;22;0;8742;70;0;1.3;0.0;0.0
14;2021-01-16;274;3;0;9016;73;0;1.3;0.0;0.0
14;2021-01-17;169;7;0;9185;80;0;1.3;0.0;0.0
14;2021-01-18;1084;6;0;10269;86;0;1.5;0.0;0.0
14;2021-01-19;1155;4;0;11424;90;0;1.7;0.0;0.0
14;2021-01-20;1901;5;0;13325;95;0;1.9;0.0;0.0
14;2021-01-21;1796;9;0;15121;104;0;2.2;0.0;0.0
14;2021-01-22;1432;7;0;16553;111;0;2.4;0.0;0.0
14;2021-01-23;299;1;0;16852;112;0;2.4;0.0;0.0
14;2021-01-24;98;0;0;16950;112;0;2.5;0.0;0.0
14;2021-01-25;929;14;0;17879;126;0;2.6;0.0;0.0
14;2021-01-26;839;42;0;18718;168;0;2.7;0.0;0.0
14;2021-01-27;856;161;0;19574;329;0;2.8;0.0;0.0
14;2021-01-28;755;160;0;20329;489;0;2.9;0.1;0.0
14;2021-01-29;728;245;0;21057;734;0;3.0;0.1;0.0
14;2021-01-30;271;18;0;21328;752;0;3.1;0.1;0.0
14;2021-01-31;62;6;0;21390;758;0;3.1;0.1;0.0
14;2021-02-01;691;233;0;22081;991;0;3.2;0.1;0.0
14;2021-02-02;731;414;0;22812;1405;0;3.3;0.2;0.0
14;2021-02-03;719;431;0;23531;1836;0;3.4;0.3;0.0
14;2021-02-04;1098;1954;0;24629;3790;0;3.6;0.5;0.0
14;2021-02-05;1223;1266;0;25852;5056;0;3.7;0.7;0.0
14;2021-02-06;391;223;0;26243;5279;0;3.8;0.8;0.0
14;2021-02-07;179;80;0;26422;5359;0;3.8;0.8;0.0
14;2021-02-08;728;825;0;27150;6184;0;3.9;0.9;0.0
14;2021-02-09;677;1017;0;27827;7201;0;4.0;1.0;0.0
14;2021-02-10;802;1577;0;28629;8778;0;4.1;1.3;0.0
14;2021-02-11;1281;1445;0;29910;10223;0;4.3;1.5;0.0
14;2021-02-12;1254;1081;0;31164;11304;0;4.5;1.6;0.0
14;2021-02-13;303;223;0;31467;11527;0;4.6;1.7;0.0
14;2021-02-14;84;87;0;31551;11614;0;4.6;1.7;0.0
14;2021-02-15;442;1060;0;31993;12674;0;4.6;1.8;0.0
14;2021-02-16;676;1005;0;32669;13679;0;4.7;2.0;0.0
14;2021-02-17;389;957;0;33058;14636;0;4.8;2.1;0.0
14;2021-02-18;719;882;0;33777;15518;0;4.9;2.2;0.0
14;2021-02-19;708;757;0;34485;16275;0;5.0;2.4;0.0
14;2021-02-20;95;276;0;34580;16551;0;5.0;2.4;0.0
14;2021-02-21;5;101;0;34585;16652;0;5.0;2.4;0.0
14;2021-02-22;416;976;0;35001;17628;0;5.1;2.5;0.0
14;2021-02-23;467;887;0;35468;18515;0;5.1;2.7;0.0
14;2021-02-24;439;890;0;35907;19405;0;5.2;2.8;0.0
14;2021-02-25;1188;1117;0;37095;20522;0;5.4;3.0;0.0
14;2021-02-26;1498;1107;0;38593;21629;0;5.6;3.1;0.0
14;2021-02-27;507;282;0;39100;21911;0;5.7;3.2;0.0
14;2021-02-28;33;49;0;39133;21960;0;5.7;3.2;0.0
14;2021-03-01;520;851;0;39653;22811;0;5.7;3.3;0.0
14;2021-03-02;980;770;0;40633;23581;0;5.9;3.4;0.0
14;2021-03-03;1061;798;0;41694;24379;0;6.0;3.5;0.0
14;2021-03-04;1916;785;0;43610;25164;0;6.3;3.6;0.0
14;2021-03-05;2421;804;0;46031;25968;0;6.7;3.8;0.0
14;2021-03-06;3000;202;0;49031;26170;0;7.1;3.8;0.0
14;2021-03-07;1158;67;0;50189;26237;0;7.3;3.8;0.0
14;2021-03-08;1178;773;0;51367;27010;0;7.4;3.9;0.0
14;2021-03-09;1752;676;0;53119;27686;0;7.7;4.0;0.0
14;2021-03-10;1798;577;0;54917;28263;0;7.9;4.1;0.0
14;2021-03-11;2705;456;0;57622;28719;0;8.3;4.2;0.0
14;2021-03-12;3841;541;0;61463;29260;0;8.9;4.2;0.0
14;2021-03-13;1931;177;0;63394;29437;0;9.2;4.3;0.0
14;2021-03-14;96;42;0;63490;29479;0;9.2;4.3;0.0
14;2021-03-15;1983;143;0;65473;29622;0;9.5;4.3;0.0
14;2021-03-16;1434;280;0;66907;29902;0;9.7;4.3;0.0
14;2021-03-17;1127;192;0;68034;30094;0;9.8;4.4;0.0
14;2021-03-18;1407;288;0;69441;30382;0;10.0;4.4;0.0
14;2021-03-19;2532;261;0;71973;30643;0;10.4;4.4;0.0
14;2021-03-20;2593;45;0;74566;30688;0;10.8;4.4;0.0
14;2021-03-21;480;10;0;75046;30698;0;10.9;4.4;0.0
14;2021-03-22;1813;366;0;76859;31064;0;11.1;4.5;0.0
14;2021-03-23;2203;334;0;79062;31398;0;11.4;4.5;0.0
14;2021-03-24;2431;207;0;81493;31605;0;11.8;4.6;0.0
14;2021-03-25;3212;327;0;84705;31932;0;12.3;4.6;0.0
14;2021-03-26;4464;460;0;89169;32392;0;12.9;4.7;0.0
14;2021-03-27;2337;210;0;91506;32602;0;13.2;4.7;0.0
14;2021-03-28;116;7;0;91622;32609;0;13.3;4.7;0.0
14;2021-03-29;1656;508;0;93278;33117;0;13.5;4.8;0.0
14;2021-03-30;2696;535;0;95974;33652;0;13.9;4.9;0.0
14;2021-03-31;2318;936;0;98292;34588;0;14.2;5.0;0.0
14;2021-04-01;4073;1669;0;102365;36257;0;14.8;5.2;0.0
14;2021-04-02;3701;1267;0;106066;37524;0;15.3;5.4;0.0
14;2021-04-03;1111;1173;0;107177;38697;0;15.5;5.6;0.0
14;2021-04-04;53;443;0;107230;39140;0;15.5;5.7;0.0
14;2021-04-05;1134;304;0;108364;39444;0;15.7;5.7;0.0
14;2021-04-06;2338;1037;0;110702;40481;0;16.0;5.9;0.0
14;2021-04-07;2568;1040;0;113270;41521;0;16.4;6.0;0.0
14;2021-04-08;4122;1135;0;117392;42656;0;17.0;6.2;0.0
14;2021-04-09;5675;1121;0;123067;43777;0;17.8;6.3;0.0
14;2021-04-10;2861;462;0;125928;44239;0;18.2;6.4;0.0
14;2021-04-11;594;157;0;126522;44396;0;18.3;6.4;0.0
14;2021-04-12;2761;1560;0;129283;45956;0;18.7;6.6;0.0
14;2021-04-13;3334;1461;0;132617;47417;0;19.2;6.9;0.0
14;2021-04-14;2949;1148;0;135566;48565;0;19.6;7.0;0.0
14;2021-04-15;4241;1468;0;139807;50033;0;20.2;7.2;0.0
14;2021-04-16;4369;1503;0;144176;51536;0;20.9;7.5;0.0
14;2021-04-17;2350;1623;0;146526;53159;0;21.2;7.7;0.0
14;2021-04-18;520;344;0;147046;53503;0;21.3;7.7;0.0
14;2021-04-19;2643;1645;0;149689;55148;0;21.6;8.0;0.0
14;2021-04-20;3268;1861;0;152957;57009;0;22.1;8.2;0.0
14;2021-04-21;2838;1464;0;155795;58473;0;22.5;8.5;0.0
14;2021-04-22;4002;2072;0;159797;60545;0;23.1;8.8;0.0
14;2021-04-23;4434;2250;0;164231;62795;0;23.8;9.1;0.0
14;2021-04-24;1856;1793;0;166087;64588;0;24.0;9.3;0.0
14;2021-04-25;462;79;0;166549;64667;0;24.1;9.4;0.0
14;2021-04-26;3152;1568;0;169701;66235;0;24.5;9.6;0.0
14;2021-04-27;3382;2501;0;173083;68736;0;25.0;9.9;0.0
14;2021-04-28;3110;1838;0;176193;70574;0;25.5;10.2;0.0
14;2021-04-29;4309;2259;0;180502;72833;0;26.1;10.5;0.0
14;2021-04-30;4872;2606;0;185374;75439;0;26.8;10.9;0.0
14;2021-05-01;3496;222;0;188870;75661;0;27.3;10.9;0.0
14;2021-05-02;1228;76;0;190098;75737;0;27.5;11.0;0.0
14;2021-05-03;2277;2653;0;192375;78390;0;27.8;11.3;0.0
14;2021-05-04;2926;2860;0;195301;81250;0;28.2;11.8;0.0
14;2021-05-05;3523;2595;0;198824;83845;0;28.8;12.1;0.0
14;2021-05-06;4680;3385;0;203504;87230;0;29.4;12.6;0.0
14;2021-05-07;4552;3638;0;208056;90868;0;30.1;13.1;0.0
14;2021-05-08;2788;1219;0;210844;92087;0;30.5;13.3;0.0
14;2021-05-09;1879;615;0;212723;92702;0;30.8;13.4;0.0
14;2021-05-10;3434;3036;0;216157;95738;0;31.3;13.8;0.0
14;2021-05-11;4096;3459;0;220253;99197;0;31.9;14.3;0.0
14;2021-05-12;3964;3102;0;224217;102299;0;32.4;14.8;0.0
14;2021-05-13;4305;1047;0;228522;103346;0;33.0;14.9;0.0
14;2021-05-14;6211;2482;0;234733;105828;0;33.9;15.3;0.0
14;2021-05-15;5109;841;0;239842;106669;0;34.7;15.4;0.0
14;2021-05-16;2382;136;0;242224;106805;0;35.0;15.4;0.0
14;2021-05-17;2750;2121;0;244974;108926;0;35.4;15.8;0.0
14;2021-05-18;3903;2143;0;248877;111069;0;36.0;16.1;0.0
14;2021-05-19;3747;1951;0;252624;113020;0;36.5;16.3;0.0
14;2021-05-20;4383;2620;0;257007;115640;0;37.2;16.7;0.0
14;2021-05-21;4127;3316;0;261134;118956;0;37.8;17.2;0.0
14;2021-05-22;1862;866;0;262996;119822;0;38.0;17.3;0.0
14;2021-05-23;832;83;0;263828;119905;0;38.2;17.3;0.0
14;2021-05-24;2751;688;0;266579;120593;0;38.6;17.4;0.0
14;2021-05-25;3522;3270;0;270101;123863;0;39.1;17.9;0.0
14;2021-05-26;3333;2298;0;273434;126161;0;39.5;18.2;0.0
14;2021-05-27;4530;3146;0;277964;129307;0;40.2;18.7;0.0
14;2021-05-28;4804;3708;0;282768;133015;0;40.9;19.2;0.0
14;2021-05-29;2372;2464;0;285140;135479;0;41.2;19.6;0.0
14;2021-05-30;845;268;0;285985;135747;0;41.4;19.6;0.0
14;2021-05-31;3860;2833;0;289845;138580;0;41.9;20.0;0.0
14;2021-06-01;5384;3121;0;295229;141701;0;42.7;20.5;0.0
14;2021-06-02;4734;2742;0;299963;144443;0;43.4;20.9;0.0
14;2021-06-03;6168;3905;0;306131;148348;0;44.3;21.5;0.0
14;2021-06-04;6058;4929;0;312189;153277;0;45.1;22.2;0.0
14;2021-06-05;4170;1832;0;316359;155109;0;45.8;22.4;0.0
14;2021-06-06;2021;137;0;318380;155246;0;46.0;22.5;0.0
14;2021-06-07;4125;3260;0;322505;158506;0;46.6;22.9;0.0
14;2021-06-08;4929;2967;0;327434;161473;0;47.4;23.4;0.0
14;2021-06-09;4029;2871;0;331463;164344;0;47.9;23.8;0.0
14;2021-06-10;4789;2903;0;336252;167247;0;48.6;24.2;0.0
14;2021-06-11;4640;4676;0;340892;171923;0;49.3;24.9;0.0
14;2021-06-12;3562;4481;0;344454;176404;0;49.8;25.5;0.0
14;2021-06-13;934;1149;0;345388;177553;0;50.0;25.7;0.0
14;2021-06-14;2206;3516;0;347594;181069;0;50.3;26.2;0.0
14;2021-06-15;3194;3728;0;350788;184797;0;50.7;26.7;0.0
14;2021-06-16;3335;4387;0;354123;189184;0;51.2;27.4;0.0
14;2021-06-17;4038;5085;0;358161;194269;0;51.8;28.1;0.0
14;2021-06-18;3674;5827;0;361835;200096;0;52.3;28.9;0.0
14;2021-06-19;2603;2966;0;364438;203062;0;52.7;29.4;0.0
14;2021-06-20;644;1602;0;365082;204664;0;52.8;29.6;0.0
14;2021-06-21;2063;4147;0;367145;208811;0;53.1;30.2;0.0
14;2021-06-22;2446;4980;0;369591;213791;0;53.5;30.9;0.0
14;2021-06-23;2436;4246;0;372027;218037;0;53.8;31.5;0.0
14;2021-06-24;3283;5598;0;375310;223635;0;54.3;32.3;0.0
14;2021-06-25;2642;6951;0;377952;230586;0;54.7;33.3;0.0
14;2021-06-26;2104;4587;0;380056;235173;0;55.0;34.0;0.0
14;2021-06-27;468;1975;0;380524;237148;0;55.0;34.3;0.0
14;2021-06-28;1276;3837;0;381800;240985;0;55.2;34.9;0.0
14;2021-06-29;1722;5125;0;383522;246110;0;55.5;35.6;0.0
14;2021-06-30;1907;4585;0;385429;250695;0;55.7;36.3;0.0
14;2021-07-01;2821;5079;0;388250;255774;0;56.1;37.0;0.0
14;2021-07-02;2466;6405;0;390716;262179;0;56.5;37.9;0.0
14;2021-07-03;1406;2795;0;392122;264974;0;56.7;38.3;0.0
14;2021-07-04;466;908;0;392588;265882;0;56.8;38.5;0.0
14;2021-07-05;1193;4595;0;393781;270477;0;56.9;39.1;0.0
14;2021-07-06;2030;5814;0;395811;276291;0;57.2;40.0;0.0
14;2021-07-07;2141;4388;0;397952;280679;0;57.6;40.6;0.0
14;2021-07-08;2754;5365;0;400706;286044;0;58.0;41.4;0.0
14;2021-07-09;2665;6143;0;403371;292187;0;58.3;42.3;0.0
14;2021-07-10;1937;3233;0;405308;295420;0;58.6;42.7;0.0
14;2021-07-11;928;976;0;406236;296396;0;58.8;42.9;0.0
14;2021-07-12;1523;5653;0;407759;302049;0;59.0;43.7;0.0
14;2021-07-13;2931;7098;0;410690;309147;0;59.4;44.7;0.0
14;2021-07-14;2158;2889;0;412848;312036;0;59.7;45.1;0.0
14;2021-07-15;3908;7243;0;416756;319279;0;60.3;46.2;0.0
14;2021-07-16;4543;7294;0;421299;326573;0;60.9;47.2;0.0
14;2021-07-17;2101;4039;0;423400;330612;0;61.2;47.8;0.0
14;2021-07-18;819;1929;0;424219;332541;0;61.4;48.1;0.0
14;2021-07-19;2577;5808;0;426796;338349;0;61.7;48.9;0.0
14;2021-07-20;3246;6876;0;430042;345225;0;62.2;49.9;0.0
14;2021-07-21;3978;5593;0;434020;350818;0;62.8;50.7;0.0
14;2021-07-22;4851;6208;0;438871;357026;0;63.5;51.6;0.0
14;2021-07-23;5175;6489;0;444046;363515;0;64.2;52.6;0.0
14;2021-07-24;2901;3668;0;446947;367183;0;64.6;53.1;0.0
14;2021-07-25;1459;1308;0;448406;368491;0;64.8;53.3;0.0
14;2021-07-26;4328;3941;0;452734;372432;0;65.5;53.9;0.0
14;2021-07-27;5078;4218;0;457812;376650;0;66.2;54.5;0.0
14;2021-07-28;4914;3804;0;462726;380454;0;66.9;55.0;0.0
14;2021-07-29;6079;4625;0;468805;385079;0;67.8;55.7;0.0
14;2021-07-30;5462;4767;0;474267;389846;0;68.6;56.4;0.0
14;2021-07-31;2739;2447;0;477006;392293;0;69.0;56.7;0.0
14;2021-08-01;1793;943;0;478799;393236;0;69.2;56.9;0.0
14;2021-08-02;3665;4028;0;482464;397264;0;69.8;57.5;0.0
14;2021-08-03;4248;3867;0;486712;401131;0;70.4;58.0;0.0
14;2021-08-04;4209;3313;0;490921;404444;0;71.0;58.5;0.0
14;2021-08-05;4322;3794;0;495243;408238;0;71.6;59.0;0.0
14;2021-08-06;4027;4539;0;499270;412777;0;72.2;59.7;0.0
14;2021-08-07;1944;2171;0;501214;414948;0;72.5;60.0;0.0
14;2021-08-08;673;890;0;501887;415838;0;72.6;60.1;0.0
14;2021-08-09;2074;2832;0;503961;418670;0;72.9;60.5;0.0
14;2021-08-10;3359;3802;0;507320;422472;0;73.4;61.1;0.0
14;2021-08-11;2807;3193;0;510127;425665;0;73.8;61.6;0.0
14;2021-08-12;3097;4179;0;513224;429844;0;74.2;62.2;0.0
14;2021-08-13;2400;3957;0;515624;433801;0;74.6;62.7;0.0
14;2021-08-14;1292;1910;0;516916;435711;0;74.8;63.0;0.0
14;2021-08-15;365;1414;0;517281;437125;0;74.8;63.2;0.0
14;2021-08-16;1692;2812;0;518973;439937;0;75.1;63.6;0.0
14;2021-08-17;2064;4342;0;521037;444279;0;75.4;64.3;0.0
14;2021-08-18;1865;4278;0;522902;448557;0;75.6;64.9;0.0
14;2021-08-19;2147;4844;0;525049;453401;0;75.9;65.6;0.0
14;2021-08-20;1970;5129;0;527019;458530;0;76.2;66.3;0.0
14;2021-08-21;933;2784;0;527952;461314;0;76.4;66.7;0.0
14;2021-08-22;195;1628;0;528147;462942;0;76.4;67.0;0.0
14;2021-08-23;1145;4059;0;529292;467001;0;76.5;67.5;0.0
14;2021-08-24;1246;4211;0;530538;471212;0;76.7;68.1;0.0
14;2021-08-25;1299;4022;0;531837;475234;0;76.9;68.7;0.0
14;2021-08-26;1322;4686;0;533159;479920;0;77.1;69.4;0.0
14;2021-08-27;1347;4973;0;534506;484893;0;77.3;70.1;0.0
14;2021-08-28;714;2821;0;535220;487714;0;77.4;70.5;0.0
14;2021-08-29;201;1049;0;535421;488763;0;77.4;70.7;0.0
14;2021-08-30;921;3385;71;536342;492148;71;77.6;71.2;0.0
14;2021-08-31;1225;4430;155;537567;496578;226;77.7;71.8;0.0
14;2021-09-01;1005;3417;349;538572;499995;575;77.9;72.3;0.1
14;2021-09-02;816;2814;312;539388;502809;887;78.0;72.7;0.1
14;2021-09-03;1053;3501;479;540441;506310;1366;78.2;73.2;0.2
14;2021-09-04;677;2204;144;541118;508514;1510;78.3;73.5;0.2
14;2021-09-05;145;432;54;541263;508946;1564;78.3;73.6;0.2
14;2021-09-06;448;1735;375;541711;510681;1939;78.3;73.9;0.3
14;2021-09-07;474;1799;348;542185;512480;2287;78.4;74.1;0.3
14;2021-09-08;647;2535;430;542832;515015;2717;78.5;74.5;0.4
14;2021-09-09;568;1676;399;543400;516691;3116;78.6;74.7;0.5
14;2021-09-10;732;2291;579;544132;518982;3695;78.7;75.1;0.5
14;2021-09-11;512;1428;143;544644;520410;3838;78.8;75.3;0.6
14;2021-09-12;72;265;51;544716;520675;3889;78.8;75.3;0.6
14;2021-09-13;319;1084;506;545035;521759;4395;78.8;75.5;0.6
14;2021-09-14;635;1224;839;545670;522983;5234;78.9;75.6;0.8
14;2021-09-15;689;1866;713;546359;524849;5947;79.0;75.9;0.9
14;2021-09-16;530;1178;743;546889;526027;6690;79.1;76.1;1.0
14;2021-09-17;570;1324;634;547459;527351;7324;79.2;76.3;1.1
14;2021-09-18;249;985;110;547708;528336;7434;79.2;76.4;1.1
14;2021-09-19;45;150;10;547753;528486;7444;79.2;76.4;1.1
14;2021-09-20;331;728;705;548084;529214;8149;79.3;76.5;1.2
14;2021-09-21;465;766;841;548549;529980;8990;79.3;76.6;1.3
14;2021-09-22;405;1568;811;548954;531548;9801;79.4;76.9;1.4
14;2021-09-23;397;724;774;549351;532272;10575;79.4;77.0;1.5
14;2021-09-24;412;1230;928;549763;533502;11503;79.5;77.2;1.7
14;2021-09-25;200;713;118;549963;534215;11621;79.5;77.3;1.7
14;2021-09-26;41;144;18;550004;534359;11639;79.5;77.3;1.7
14;2021-09-27;270;681;645;550274;535040;12284;79.6;77.4;1.8
14;2021-09-28;345;640;669;550619;535680;12953;79.6;77.5;1.9
14;2021-09-29;301;882;628;550920;536562;13581;79.7;77.6;2.0
14;2021-09-30;313;616;896;551233;537178;14477;79.7;77.7;2.1
14;2021-10-01;441;788;626;551674;537966;15103;79.8;77.8;2.2
14;2021-10-02;264;546;189;551938;538512;15292;79.8;77.9;2.2
14;2021-10-03;35;67;13;551973;538579;15305;79.8;77.9;2.2
14;2021-10-04;268;461;672;552241;539040;15977;79.9;78.0;2.3
14;2021-10-05;261;452;793;552502;539492;16770;79.9;78.0;2.4
14;2021-10-06;366;768;790;552868;540260;17560;80.0;78.1;2.5
14;2021-10-07;218;409;642;553086;540669;18202;80.0;78.2;2.6
14;2021-10-08;380;761;948;553466;541430;19150;80.0;78.3;2.8
14;2021-10-09;193;356;150;553659;541786;19300;80.1;78.4;2.8
14;2021-10-10;8;8;5;553667;541794;19305;80.1;78.4;2.8
14;2021-10-11;173;448;635;553840;542242;19940;80.1;78.4;2.9
14;2021-10-12;287;555;1027;554127;542797;20967;80.1;78.5;3.0
14;2021-10-13;329;471;819;554456;543268;21786;80.2;78.6;3.2
14;2021-10-14;198;418;732;554654;543686;22518;80.2;78.6;3.3
14;2021-10-15;420;551;1375;555074;544237;23893;80.3;78.7;3.5
14;2021-10-16;185;261;552;555259;544498;24445;80.3;78.7;3.5
14;2021-10-17;3;9;11;555262;544507;24456;80.3;78.7;3.5
14;2021-10-18;199;327;729;555461;544834;25185;80.3;78.8;3.6
14;2021-10-19;194;405;980;555655;545239;26165;80.4;78.9;3.8
14;2021-10-20;217;326;902;555872;545565;27067;80.4;78.9;3.9
14;2021-10-21;216;459;975;556088;546024;28042;80.4;79.0;4.1
14;2021-10-22;344;473;1375;556432;546497;29417;80.5;79.0;4.3
14;2021-10-23;166;247;309;556598;546744;29726;80.5;79.1;4.3
14;2021-10-24;10;11;78;556608;546755;29804;80.5;79.1;4.3
14;2021-10-25;194;272;1233;556802;547027;31037;80.5;79.1;4.5
14;2021-10-26;181;218;950;556983;547245;31987;80.6;79.1;4.6
14;2021-10-27;202;436;1447;557185;547681;33434;80.6;79.2;4.8
14;2021-10-28;139;162;823;557324;547843;34257;80.6;79.2;5.0
14;2021-10-29;281;413;1734;557605;548256;35991;80.6;79.3;5.2
14;2021-10-30;97;188;238;557702;548444;36229;80.7;79.3;5.2
14;2021-10-31;2;7;15;557704;548451;36244;80.7;79.3;5.2
14;2021-11-01;8;4;10;557712;548455;36254;80.7;79.3;5.2
14;2021-11-02;185;298;1025;557897;548753;37279;80.7;79.4;5.4
14;2021-11-03;219;319;1443;558116;549072;38722;80.7;79.4;5.6
14;2021-11-04;157;218;1221;558273;549290;39943;80.7;79.4;5.8
14;2021-11-05;257;365;1825;558530;549655;41768;80.8;79.5;6.0
14;2021-11-06;88;150;326;558618;549805;42094;80.8;79.5;6.1
14;2021-11-07;11;14;16;558629;549819;42110;80.8;79.5;6.1
14;2021-11-08;111;243;1710;558740;550062;43820;80.8;79.6;6.3
14;2021-11-09;180;317;2328;558920;550379;46148;80.8;79.6;6.7
14;2021-11-10;260;387;2168;559180;550766;48316;80.9;79.7;7.0
14;2021-11-11;18;22;41;559198;550788;48357;80.9;79.7;7.0
14;2021-11-12;242;376;2138;559440;551164;50495;80.9;79.7;7.3
14;2021-11-13;128;210;696;559568;551374;51191;80.9;79.7;7.4
14;2021-11-14;8;11;30;559576;551385;51221;80.9;79.7;7.4
14;2021-11-15;135;262;2399;559711;551647;53620;80.9;79.8;7.8
14;2021-11-16;173;205;2577;559884;551852;56197;81.0;79.8;8.1
14;2021-11-17;260;313;2838;560144;552165;59035;81.0;79.9;8.5
14;2021-11-18;174;220;2235;560318;552385;61270;81.0;79.9;8.9
14;2021-11-19;361;434;4029;560679;552819;65299;81.1;80.0;9.4
14;2021-11-20;150;157;822;560829;552976;66121;81.1;80.0;9.6
14;2021-11-21;15;19;42;560844;552995;66163;81.1;80.0;9.6
14;2021-11-22;139;139;2392;560983;553134;68555;81.1;80.0;9.9
14;2021-11-23;231;165;3388;561214;553299;71943;81.2;80.0;10.4
14;2021-11-24;333;309;2879;561547;553608;74822;81.2;80.1;10.8
14;2021-11-25;177;143;2651;561724;553751;77473;81.2;80.1;11.2
14;2021-11-26;292;355;6062;562016;554106;83535;81.3;80.1;12.1
14;2021-11-27;146;171;2809;562162;554277;86344;81.3;80.2;12.5
14;2021-11-28;45;25;1570;562207;554302;87914;81.3;80.2;12.7
14;2021-11-29;128;159;4274;562335;554461;92188;81.3;80.2;13.3
14;2021-11-30;239;220;7160;562574;554681;99348;81.4;80.2;14.4
14;2021-12-01;236;224;7166;562810;554905;106514;81.4;80.3;15.4
14;2021-12-02;193;166;7998;563003;555071;114512;81.4;80.3;16.6
14;2021-12-03;211;246;10329;563214;555317;124841;81.5;80.3;18.1
14;2021-12-04;106;137;3922;563320;555454;128763;81.5;80.3;18.6
14;2021-12-05;33;25;2162;563353;555479;130925;81.5;80.3;18.9
14;2021-12-06;116;147;5396;563469;555626;136321;81.5;80.4;19.7
14;2021-12-07;206;200;8778;563675;555826;145099;81.5;80.4;21.0
14;2021-12-08;190;232;7440;563865;556058;152539;81.5;80.4;22.1
14;2021-12-09;195;202;8579;564060;556260;161118;81.6;80.4;23.3
14;2021-12-10;238;350;10492;564298;556610;171610;81.6;80.5;24.8
14;2021-12-11;99;131;3616;564397;556741;175226;81.6;80.5;25.3
14;2021-12-12;48;52;2108;564445;556793;177334;81.6;80.5;25.6
14;2021-12-13;146;185;6527;564591;556978;183861;81.7;80.6;26.6
14;2021-12-14;217;266;9855;564808;557244;193716;81.7;80.6;28.0
14;2021-12-15;210;302;8701;565018;557546;202417;81.7;80.6;29.3
14;2021-12-16;193;218;9171;565211;557764;211588;81.7;80.7;30.6
14;2021-12-17;274;417;12177;565485;558181;223765;81.8;80.7;32.4
14;2021-12-18;155;157;5979;565640;558338;229744;81.8;80.7;33.2
14;2021-12-19;63;64;2298;565703;558402;232042;81.8;80.8;33.6
14;2021-12-20;245;227;7606;565948;558629;239648;81.8;80.8;34.7
14;2021-12-21;325;285;8044;566273;558914;247692;81.9;80.8;35.8
14;2021-12-22;315;256;7453;566588;559170;255145;81.9;80.9;36.9
15;2020-12-27;0;0;0;0;0;0;0.0;0.0;0.0
15;2020-12-28;0;0;0;0;0;0;0.0;0.0;0.0
15;2020-12-29;0;0;0;0;0;0;0.0;0.0;0.0
15;2020-12-30;0;0;0;0;0;0;0.0;0.0;0.0
15;2020-12-31;0;0;0;0;0;0;0.0;0.0;0.0
15;2021-01-01;1;0;0;1;0;0;0.0;0.0;0.0
15;2021-01-02;0;0;0;1;0;0;0.0;0.0;0.0
15;2021-01-03;0;0;0;1;0;0;0.0;0.0;0.0
15;2021-01-04;0;0;0;1;0;0;0.0;0.0;0.0
15;2021-01-05;0;0;0;1;0;0;0.0;0.0;0.0
15;2021-01-06;1;0;0;2;0;0;0.0;0.0;0.0
15;2021-01-07;71;1;0;73;1;0;0.1;0.0;0.0
15;2021-01-08;102;1;0;175;2;0;0.1;0.0;0.0
15;2021-01-09;1;0;0;176;2;0;0.1;0.0;0.0
15;2021-01-10;3;0;0;179;2;0;0.1;0.0;0.0
15;2021-01-11;95;1;0;274;3;0;0.2;0.0;0.0
15;2021-01-12;98;0;0;372;3;0;0.3;0.0;0.0
15;2021-01-13;246;0;0;618;3;0;0.4;0.0;0.0
15;2021-01-14;305;5;0;923;8;0;0.6;0.0;0.0
15;2021-01-15;137;0;0;1060;8;0;0.7;0.0;0.0
15;2021-01-16;83;0;0;1143;8;0;0.8;0.0;0.0
15;2021-01-17;0;0;0;1143;8;0;0.8;0.0;0.0
15;2021-01-18;384;3;0;1527;11;0;1.1;0.0;0.0
15;2021-01-19;483;0;0;2010;11;0;1.4;0.0;0.0
15;2021-01-20;577;2;0;2587;13;0;1.8;0.0;0.0
15;2021-01-21;522;4;0;3109;17;0;2.2;0.0;0.0
15;2021-01-22;496;4;0;3605;21;0;2.5;0.0;0.0
15;2021-01-23;400;1;0;4005;22;0;2.8;0.0;0.0
15;2021-01-24;4;0;0;4009;22;0;2.8;0.0;0.0
15;2021-01-25;382;0;0;4391;22;0;3.1;0.0;0.0
15;2021-01-26;418;0;0;4809;22;0;3.4;0.0;0.0
15;2021-01-27;755;8;0;5564;30;0;3.9;0.0;0.0
15;2021-01-28;634;50;0;6198;80;0;4.3;0.1;0.0
15;2021-01-29;333;73;0;6531;153;0;4.6;0.1;0.0
15;2021-01-30;200;2;0;6731;155;0;4.7;0.1;0.0
15;2021-01-31;0;0;0;6731;155;0;4.7;0.1;0.0
15;2021-02-01;230;90;0;6961;245;0;4.9;0.2;0.0
15;2021-02-02;177;86;0;7138;331;0;5.0;0.2;0.0
15;2021-02-03;263;177;0;7401;508;0;5.2;0.4;0.0
15;2021-02-04;621;196;0;8022;704;0;5.6;0.5;0.0
15;2021-02-05;277;236;0;8299;940;0;5.8;0.7;0.0
15;2021-02-06;89;70;0;8388;1010;0;5.9;0.7;0.0
15;2021-02-07;0;0;0;8388;1010;0;5.9;0.7;0.0
15;2021-02-08;220;106;0;8608;1116;0;6.0;0.8;0.0
15;2021-02-09;192;100;0;8800;1216;0;6.2;0.9;0.0
15;2021-02-10;339;234;0;9139;1450;0;6.4;1.0;0.0
15;2021-02-11;132;211;0;9271;1661;0;6.5;1.2;0.0
15;2021-02-12;141;164;0;9412;1825;0;6.6;1.3;0.0
15;2021-02-13;91;74;0;9503;1899;0;6.7;1.3;0.0
15;2021-02-14;0;0;0;9503;1899;0;6.7;1.3;0.0
15;2021-02-15;62;216;0;9565;2115;0;6.7;1.5;0.0
15;2021-02-16;54;278;0;9619;2393;0;6.7;1.7;0.0
15;2021-02-17;130;448;0;9749;2841;0;6.8;2.0;0.0
15;2021-02-18;105;738;0;9854;3579;0;6.9;2.5;0.0
15;2021-02-19;101;421;0;9955;4000;0;7.0;2.8;0.0
15;2021-02-20;19;242;0;9974;4242;0;7.0;3.0;0.0
15;2021-02-21;0;1;0;9974;4243;0;7.0;3.0;0.0
15;2021-02-22;25;485;0;9999;4728;0;7.0;3.3;0.0
15;2021-02-23;181;448;0;10180;5176;0;7.1;3.6;0.0
15;2021-02-24;48;426;0;10228;5602;0;7.2;3.9;0.0
15;2021-02-25;220;950;0;10448;6552;0;7.3;4.6;0.0
15;2021-02-26;176;446;0;10624;6998;0;7.4;4.9;0.0
15;2021-02-27;123;81;0;10747;7079;0;7.5;5.0;0.0
15;2021-02-28;1;0;0;10748;7079;0;7.5;5.0;0.0
15;2021-03-01;112;214;0;10860;7293;0;7.6;5.1;0.0
15;2021-03-02;249;300;0;11109;7593;0;7.8;5.3;0.0
15;2021-03-03;237;37;0;11346;7630;0;7.9;5.3;0.0
15;2021-03-04;253;265;0;11599;7895;0;8.1;5.5;0.0
15;2021-03-05;348;163;0;11947;8058;0;8.4;5.6;0.0
15;2021-03-06;669;14;0;12616;8072;0;8.8;5.7;0.0
15;2021-03-07;98;3;0;12714;8075;0;8.9;5.7;0.0
15;2021-03-08;102;107;0;12816;8182;0;9.0;5.7;0.0
15;2021-03-09;293;283;0;13109;8465;0;9.2;5.9;0.0
15;2021-03-10;455;174;0;13564;8639;0;9.5;6.0;0.0
15;2021-03-11;417;307;0;13981;8946;0;9.8;6.3;0.0
15;2021-03-12;536;102;0;14517;9048;0;10.2;6.3;0.0
15;2021-03-13;354;9;0;14871;9057;0;10.4;6.3;0.0
15;2021-03-14;18;1;0;14889;9058;0;10.4;6.3;0.0
15;2021-03-15;557;60;0;15446;9118;0;10.8;6.4;0.0
15;2021-03-16;333;31;0;15779;9149;0;11.0;6.4;0.0
15;2021-03-17;204;42;0;15983;9191;0;11.2;6.4;0.0
15;2021-03-18;245;113;0;16228;9304;0;11.4;6.5;0.0
15;2021-03-19;698;48;0;16926;9352;0;11.9;6.5;0.0
15;2021-03-20;140;34;0;17066;9386;0;12.0;6.6;0.0
15;2021-03-21;7;0;0;17073;9386;0;12.0;6.6;0.0
15;2021-03-22;591;79;0;17664;9465;0;12.4;6.6;0.0
15;2021-03-23;774;100;0;18438;9565;0;12.9;6.7;0.0
15;2021-03-24;923;44;0;19361;9609;0;13.6;6.7;0.0
15;2021-03-25;1245;50;0;20606;9659;0;14.4;6.8;0.0
15;2021-03-26;1003;66;0;21609;9725;0;15.1;6.8;0.0
15;2021-03-27;311;8;0;21920;9733;0;15.3;6.8;0.0
15;2021-03-28;25;0;0;21945;9733;0;15.4;6.8;0.0
15;2021-03-29;734;24;0;22679;9757;0;15.9;6.8;0.0
15;2021-03-30;1097;191;0;23776;9948;0;16.6;7.0;0.0
15;2021-03-31;942;41;0;24718;9989;0;17.3;7.0;0.0
15;2021-04-01;1202;103;0;25920;10092;0;18.1;7.1;0.0
15;2021-04-02;1083;70;0;27003;10162;0;18.9;7.1;0.0
15;2021-04-03;133;24;0;27136;10186;0;19.0;7.1;0.0
15;2021-04-04;4;0;0;27140;10186;0;19.0;7.1;0.0
15;2021-04-05;37;2;0;27177;10188;0;19.0;7.1;0.0
15;2021-04-06;783;102;0;27960;10290;0;19.6;7.2;0.0
15;2021-04-07;679;104;0;28639;10394;0;20.1;7.3;0.0
15;2021-04-08;1135;187;0;29774;10581;0;20.8;7.4;0.0
15;2021-04-09;1171;126;0;30945;10707;0;21.7;7.5;0.0
15;2021-04-10;341;41;0;31286;10748;0;21.9;7.5;0.0
15;2021-04-11;35;2;0;31321;10750;0;21.9;7.5;0.0
15;2021-04-12;611;462;0;31932;11212;0;22.4;7.9;0.0
15;2021-04-13;1087;334;0;33019;11546;0;23.1;8.1;0.0
15;2021-04-14;1012;238;0;34031;11784;0;23.8;8.3;0.0
15;2021-04-15;1124;342;0;35155;12126;0;24.6;8.5;0.0
15;2021-04-16;977;562;0;36132;12688;0;25.3;8.9;0.0
15;2021-04-17;414;23;0;36546;12711;0;25.6;8.9;0.0
15;2021-04-18;11;12;0;36557;12723;0;25.6;8.9;0.0
15;2021-04-19;527;529;0;37084;13252;0;26.0;9.3;0.0
15;2021-04-20;799;617;0;37883;13869;0;26.5;9.7;0.0
15;2021-04-21;608;599;0;38491;14468;0;27.0;10.1;0.0
15;2021-04-22;674;789;0;39165;15257;0;27.4;10.7;0.0
15;2021-04-23;718;649;0;39883;15906;0;27.9;11.1;0.0
15;2021-04-24;376;138;0;40259;16044;0;28.2;11.2;0.0
15;2021-04-25;9;9;0;40268;16053;0;28.2;11.2;0.0
15;2021-04-26;328;601;0;40596;16654;0;28.4;11.7;0.0
15;2021-04-27;489;873;0;41085;17527;0;28.8;12.3;0.0
15;2021-04-28;430;755;0;41515;18282;0;29.1;12.8;0.0
15;2021-04-29;647;999;0;42162;19281;0;29.5;13.5;0.0
15;2021-04-30;556;1029;0;42718;20310;0;29.9;14.2;0.0
15;2021-05-01;324;35;0;43042;20345;0;30.1;14.2;0.0
15;2021-05-02;38;5;0;43080;20350;0;30.2;14.2;0.0
15;2021-05-03;850;320;0;43930;20670;0;30.8;14.5;0.0
15;2021-05-04;789;792;0;44719;21462;0;31.3;15.0;0.0
15;2021-05-05;701;653;0;45420;22115;0;31.8;15.5;0.0
15;2021-05-06;857;913;0;46277;23028;0;32.4;16.1;0.0
15;2021-05-07;1115;841;0;47392;23869;0;33.2;16.7;0.0
15;2021-05-08;506;68;0;47898;23937;0;33.5;16.8;0.0
15;2021-05-09;45;25;0;47943;23962;0;33.6;16.8;0.0
15;2021-05-10;627;844;0;48570;24806;0;34.0;17.4;0.0
15;2021-05-11;1111;1140;0;49681;25946;0;34.8;18.2;0.0
15;2021-05-12;1078;813;0;50759;26759;0;35.5;18.7;0.0
15;2021-05-13;1082;398;0;51841;27157;0;36.3;19.0;0.0
15;2021-05-14;1423;561;0;53264;27718;0;37.3;19.4;0.0
15;2021-05-15;1294;396;0;54558;28114;0;38.2;19.7;0.0
15;2021-05-16;23;15;0;54581;28129;0;38.2;19.7;0.0
15;2021-05-17;1031;579;0;55612;28708;0;38.9;20.1;0.0
15;2021-05-18;1212;884;0;56824;29592;0;39.8;20.7;0.0
15;2021-05-19;1050;455;0;57874;30047;0;40.5;21.0;0.0
15;2021-05-20;1230;757;0;59104;30804;0;41.4;21.6;0.0
15;2021-05-21;1322;701;0;60426;31505;0;42.3;22.1;0.0
15;2021-05-22;509;183;0;60935;31688;0;42.7;22.2;0.0
15;2021-05-23;26;19;0;60961;31707;0;42.7;22.2;0.0
15;2021-05-24;671;241;0;61632;31948;0;43.2;22.4;0.0
15;2021-05-25;1124;602;0;62756;32550;0;43.9;22.8;0.0
15;2021-05-26;1094;478;0;63850;33028;0;44.7;23.1;0.0
15;2021-05-27;1269;690;0;65119;33718;0;45.6;23.6;0.0
15;2021-05-28;1468;893;0;66587;34611;0;46.6;24.2;0.0
15;2021-05-29;930;355;0;67517;34966;0;47.3;24.5;0.0
15;2021-05-30;55;34;0;67572;35000;0;47.3;24.5;0.0
15;2021-05-31;1156;488;0;68728;35488;0;48.1;24.8;0.0
15;2021-06-01;1333;580;0;70061;36068;0;49.1;25.3;0.0
15;2021-06-02;860;434;0;70921;36502;0;49.7;25.6;0.0
15;2021-06-03;904;735;0;71825;37237;0;50.3;26.1;0.0
15;2021-06-04;1047;725;0;72872;37962;0;51.0;26.6;0.0
15;2021-06-05;638;268;0;73510;38230;0;51.5;26.8;0.0
15;2021-06-06;35;32;0;73545;38262;0;51.5;26.8;0.0
15;2021-06-07;749;375;0;74294;38637;0;52.0;27.1;0.0
15;2021-06-08;491;418;0;74785;39055;0;52.4;27.3;0.0
15;2021-06-09;441;411;0;75226;39466;0;52.7;27.6;0.0
15;2021-06-10;309;519;0;75535;39985;0;52.9;28.0;0.0
15;2021-06-11;608;1078;0;76143;41063;0;53.3;28.8;0.0
15;2021-06-12;373;486;0;76516;41549;0;53.6;29.1;0.0
15;2021-06-13;25;25;0;76541;41574;0;53.6;29.1;0.0
15;2021-06-14;517;930;0;77058;42504;0;54.0;29.8;0.0
15;2021-06-15;438;1142;0;77496;43646;0;54.3;30.6;0.0
15;2021-06-16;605;900;0;78101;44546;0;54.7;31.2;0.0
15;2021-06-17;305;972;0;78406;45518;0;54.9;31.9;0.0
15;2021-06-18;733;1182;0;79139;46700;0;55.4;32.7;0.0
15;2021-06-19;502;698;0;79641;47398;0;55.8;33.2;0.0
15;2021-06-20;22;18;0;79663;47416;0;55.8;33.2;0.0
15;2021-06-21;280;982;0;79943;48398;0;56.0;33.9;0.0
15;2021-06-22;237;1385;0;80180;49783;0;56.1;34.9;0.0
15;2021-06-23;359;1401;0;80539;51184;0;56.4;35.8;0.0
15;2021-06-24;295;1105;0;80834;52289;0;56.6;36.6;0.0
15;2021-06-25;369;1566;0;81203;53855;0;56.9;37.7;0.0
15;2021-06-26;163;879;0;81366;54734;0;57.0;38.3;0.0
15;2021-06-27;6;27;0;81372;54761;0;57.0;38.3;0.0
15;2021-06-28;188;1236;0;81560;55997;0;57.1;39.2;0.0
15;2021-06-29;280;1224;0;81840;57221;0;57.3;40.1;0.0
15;2021-06-30;300;1017;0;82140;58238;0;57.5;40.8;0.0
15;2021-07-01;373;1205;0;82513;59443;0;57.8;41.6;0.0
15;2021-07-02;397;1332;0;82910;60775;0;58.1;42.6;0.0
15;2021-07-03;240;690;0;83150;61465;0;58.2;43.0;0.0
15;2021-07-04;4;21;0;83154;61486;0;58.2;43.1;0.0
15;2021-07-05;227;1214;0;83381;62700;0;58.4;43.9;0.0
15;2021-07-06;244;1437;0;83625;64137;0;58.6;44.9;0.0
15;2021-07-07;277;1311;0;83902;65448;0;58.8;45.8;0.0
15;2021-07-08;459;1327;0;84361;66775;0;59.1;46.8;0.0
15;2021-07-09;459;1707;0;84820;68482;0;59.4;48.0;0.0
15;2021-07-10;216;871;1;85036;69353;1;59.5;48.6;0.0
15;2021-07-11;9;27;0;85045;69380;1;59.6;48.6;0.0
15;2021-07-12;246;1422;0;85291;70802;1;59.7;49.6;0.0
15;2021-07-13;565;1655;0;85856;72457;1;60.1;50.7;0.0
15;2021-07-14;47;132;0;85903;72589;1;60.2;50.8;0.0
15;2021-07-15;1048;750;0;86951;73339;1;60.9;51.4;0.0
15;2021-07-16;1060;1224;0;88011;74563;1;61.6;52.2;0.0
15;2021-07-17;753;898;0;88764;75461;1;62.2;52.8;0.0
15;2021-07-18;37;18;0;88801;75479;1;62.2;52.9;0.0
15;2021-07-19;973;1158;0;89774;76637;1;62.9;53.7;0.0
15;2021-07-20;1409;553;0;91183;77190;1;63.8;54.1;0.0
15;2021-07-21;1050;595;0;92233;77785;1;64.6;54.5;0.0
15;2021-07-22;817;528;0;93050;78313;1;65.2;54.8;0.0
15;2021-07-23;1221;1013;0;94271;79326;1;66.0;55.5;0.0
15;2021-07-24;615;733;0;94886;80059;1;66.4;56.1;0.0
15;2021-07-25;25;43;0;94911;80102;1;66.5;56.1;0.0
15;2021-07-26;1064;491;0;95975;80593;1;67.2;56.4;0.0
15;2021-07-27;1426;531;0;97401;81124;1;68.2;56.8;0.0
15;2021-07-28;1090;531;0;98491;81655;1;69.0;57.2;0.0
15;2021-07-29;791;433;0;99282;82088;1;69.5;57.5;0.0
15;2021-07-30;912;1030;0;100194;83118;1;70.2;58.2;0.0
15;2021-07-31;563;597;0;100757;83715;1;70.6;58.6;0.0
15;2021-08-01;42;24;0;100799;83739;1;70.6;58.6;0.0
15;2021-08-02;933;486;0;101732;84225;1;71.2;59.0;0.0
15;2021-08-03;981;358;0;102713;84583;1;71.9;59.2;0.0
15;2021-08-04;771;383;0;103484;84966;1;72.5;59.5;0.0
15;2021-08-05;441;311;0;103925;85277;1;72.8;59.7;0.0
15;2021-08-06;750;1131;0;104675;86408;1;73.3;60.5;0.0
15;2021-08-07;249;1064;0;104924;87472;1;73.5;61.3;0.0
15;2021-08-08;9;19;0;104933;87491;1;73.5;61.3;0.0
15;2021-08-09;462;1005;0;105395;88496;1;73.8;62.0;0.0
15;2021-08-10;382;652;0;105777;89148;1;74.1;62.4;0.0
15;2021-08-11;431;872;0;106208;90020;1;74.4;63.0;0.0
15;2021-08-12;488;1097;0;106696;91117;1;74.7;63.8;0.0
15;2021-08-13;610;1002;0;107306;92119;1;75.1;64.5;0.0
15;2021-08-14;170;538;0;107476;92657;1;75.3;64.9;0.0
15;2021-08-15;32;30;0;107508;92687;1;75.3;64.9;0.0
15;2021-08-16;359;981;0;107867;93668;1;75.5;65.6;0.0
15;2021-08-17;366;1017;0;108233;94685;1;75.8;66.3;0.0
15;2021-08-18;392;747;0;108625;95432;1;76.1;66.8;0.0
15;2021-08-19;277;834;0;108902;96266;1;76.3;67.4;0.0
15;2021-08-20;518;1101;0;109420;97367;1;76.6;68.2;0.0
15;2021-08-21;190;766;0;109610;98133;1;76.8;68.7;0.0
15;2021-08-22;17;39;0;109627;98172;1;76.8;68.7;0.0
15;2021-08-23;214;570;0;109841;98742;1;76.9;69.1;0.0
15;2021-08-24;226;534;0;110067;99276;1;77.1;69.5;0.0
15;2021-08-25;200;511;0;110267;99787;1;77.2;69.9;0.0
15;2021-08-26;139;455;0;110406;100242;1;77.3;70.2;0.0
15;2021-08-27;325;1230;0;110731;101472;1;77.5;71.1;0.0
15;2021-08-28;192;806;0;110923;102278;1;77.7;71.6;0.0
15;2021-08-29;14;22;0;110937;102300;1;77.7;71.6;0.0
15;2021-08-30;202;982;2;111139;103282;3;77.8;72.3;0.0
15;2021-08-31;358;651;18;111497;103933;21;78.1;72.8;0.0
15;2021-09-01;183;420;42;111680;104353;63;78.2;73.1;0.0
15;2021-09-02;104;308;36;111784;104661;99;78.3;73.3;0.1
15;2021-09-03;187;815;117;111971;105476;216;78.4;73.9;0.2
15;2021-09-04;148;332;66;112119;105808;282;78.5;74.1;0.2
15;2021-09-05;4;20;1;112123;105828;283;78.5;74.1;0.2
15;2021-09-06;104;320;170;112227;106148;453;78.6;74.3;0.3
15;2021-09-07;106;204;68;112333;106352;521;78.7;74.5;0.4
15;2021-09-08;200;416;186;112533;106768;707;78.8;74.8;0.5
15;2021-09-09;111;366;84;112644;107134;791;78.9;75.0;0.6
15;2021-09-10;212;672;238;112856;107806;1029;79.0;75.5;0.7
15;2021-09-11;92;276;68;112948;108082;1097;79.1;75.7;0.8
15;2021-09-12;4;9;1;112952;108091;1098;79.1;75.7;0.8
15;2021-09-13;93;253;150;113045;108344;1248;79.2;75.9;0.9
15;2021-09-14;127;125;137;113172;108469;1385;79.2;76.0;1.0
15;2021-09-15;74;244;109;113246;108713;1494;79.3;76.1;1.0
15;2021-09-16;45;136;188;113291;108849;1682;79.3;76.2;1.2
15;2021-09-17;238;550;271;113529;109399;1953;79.5;76.6;1.4
15;2021-09-18;71;334;75;113600;109733;2028;79.5;76.8;1.4
15;2021-09-19;2;7;1;113602;109740;2029;79.5;76.8;1.4
15;2021-09-20;103;205;207;113705;109945;2236;79.6;77.0;1.6
15;2021-09-21;41;110;135;113746;110055;2371;79.6;77.1;1.7
15;2021-09-22;79;312;212;113825;110367;2583;79.7;77.3;1.8
15;2021-09-23;41;109;162;113866;110476;2745;79.7;77.4;1.9
15;2021-09-24;128;311;299;113994;110787;3044;79.8;77.6;2.1
15;2021-09-25;38;208;66;114032;110995;3110;79.8;77.7;2.2
15;2021-09-26;2;5;0;114034;111000;3110;79.8;77.7;2.2
15;2021-09-27;84;134;173;114118;111134;3283;79.9;77.8;2.3
15;2021-09-28;79;131;82;114197;111265;3365;80.0;77.9;2.4
15;2021-09-29;67;206;210;114264;111471;3575;80.0;78.1;2.5
15;2021-09-30;31;93;109;114295;111564;3684;80.0;78.1;2.6
15;2021-10-01;113;205;224;114408;111769;3908;80.1;78.3;2.7
15;2021-10-02;29;138;58;114437;111907;3966;80.1;78.4;2.8
15;2021-10-03;0;2;0;114437;111909;3966;80.1;78.4;2.8
15;2021-10-04;54;61;144;114491;111970;4110;80.2;78.4;2.9
15;2021-10-05;32;64;164;114523;112034;4274;80.2;78.4;3.0
15;2021-10-06;71;117;200;114594;112151;4474;80.2;78.5;3.1
15;2021-10-07;40;88;146;114634;112239;4620;80.3;78.6;3.2
15;2021-10-08;52;148;133;114686;112387;4753;80.3;78.7;3.3
15;2021-10-09;53;101;87;114739;112488;4840;80.3;78.8;3.4
15;2021-10-10;1;6;6;114740;112494;4846;80.3;78.8;3.4
15;2021-10-11;48;148;168;114788;112642;5014;80.4;78.9;3.5
15;2021-10-12;37;56;138;114825;112698;5152;80.4;78.9;3.6
15;2021-10-13;74;160;221;114899;112858;5373;80.5;79.0;3.8
15;2021-10-14;25;26;84;114924;112884;5457;80.5;79.0;3.8
15;2021-10-15;61;109;224;114985;112993;5681;80.5;79.1;4.0
15;2021-10-16;47;97;85;115032;113090;5766;80.5;79.2;4.0
15;2021-10-17;1;2;0;115033;113092;5766;80.5;79.2;4.0
15;2021-10-18;44;110;229;115077;113202;5995;80.6;79.3;4.2
15;2021-10-19;22;62;216;115099;113264;6211;80.6;79.3;4.3
15;2021-10-20;28;76;323;115127;113340;6534;80.6;79.4;4.6
15;2021-10-21;28;40;200;115155;113380;6734;80.6;79.4;4.7
15;2021-10-22;16;68;191;115171;113448;6925;80.6;79.4;4.8
15;2021-10-23;15;70;171;115186;113518;7096;80.7;79.5;5.0
15;2021-10-24;0;0;10;115186;113518;7106;80.7;79.5;5.0
15;2021-10-25;28;55;205;115214;113573;7311;80.7;79.5;5.1
15;2021-10-26;15;35;176;115229;113608;7487;80.7;79.6;5.2
15;2021-10-27;31;81;441;115260;113689;7928;80.7;79.6;5.6
15;2021-10-28;14;10;88;115274;113699;8016;80.7;79.6;5.6
15;2021-10-29;18;57;160;115292;113756;8176;80.7;79.7;5.7
15;2021-10-30;13;49;227;115305;113805;8403;80.7;79.7;5.9
15;2021-10-31;1;1;4;115306;113806;8407;80.7;79.7;5.9
15;2021-11-01;0;1;2;115306;113807;8409;80.7;79.7;5.9
15;2021-11-02;18;56;262;115324;113863;8671;80.8;79.7;6.1
15;2021-11-03;40;86;463;115364;113949;9134;80.8;79.8;6.4
15;2021-11-04;39;40;382;115403;113989;9516;80.8;79.8;6.7
15;2021-11-05;20;30;242;115423;114019;9758;80.8;79.8;6.8
15;2021-11-06;19;42;202;115442;114061;9960;80.8;79.9;7.0
15;2021-11-07;0;0;10;115442;114061;9970;80.8;79.9;7.0
15;2021-11-08;36;95;533;115478;114156;10503;80.9;79.9;7.4
15;2021-11-09;16;32;387;115494;114188;10890;80.9;80.0;7.6
15;2021-11-10;32;43;774;115526;114231;11664;80.9;80.0;8.2
15;2021-11-11;0;6;16;115526;114237;11680;80.9;80.0;8.2
15;2021-11-12;13;29;285;115539;114266;11965;80.9;80.0;8.4
15;2021-11-13;29;36;348;115568;114302;12313;80.9;80.0;8.6
15;2021-11-14;0;3;13;115568;114305;12326;80.9;80.0;8.6
15;2021-11-15;14;20;446;115582;114325;12772;80.9;80.1;8.9
15;2021-11-16;22;23;799;115604;114348;13571;80.9;80.1;9.5
15;2021-11-17;42;44;859;115646;114392;14430;81.0;80.1;10.1
15;2021-11-18;27;36;700;115673;114428;15130;81.0;80.1;10.6
15;2021-11-19;23;29;405;115696;114457;15535;81.0;80.1;10.9
15;2021-11-20;27;22;527;115723;114479;16062;81.0;80.2;11.2
15;2021-11-21;0;1;15;115723;114480;16077;81.0;80.2;11.3
15;2021-11-22;17;21;537;115740;114501;16614;81.0;80.2;11.6
15;2021-11-23;23;25;579;115763;114526;17193;81.1;80.2;12.0
15;2021-11-24;47;43;1035;115810;114569;18228;81.1;80.2;12.8
15;2021-11-25;28;14;531;115838;114583;18759;81.1;80.2;13.1
15;2021-11-26;31;26;826;115869;114609;19585;81.1;80.3;13.7
15;2021-11-27;51;35;1172;115920;114644;20757;81.2;80.3;14.5
15;2021-11-28;3;1;54;115923;114645;20811;81.2;80.3;14.6
15;2021-11-29;24;22;826;115947;114667;21637;81.2;80.3;15.2
15;2021-11-30;24;23;1003;115971;114690;22640;81.2;80.3;15.9
15;2021-12-01;24;46;1908;115995;114736;24548;81.2;80.3;17.2
15;2021-12-02;26;28;1199;116021;114764;25747;81.2;80.4;18.0
15;2021-12-03;30;29;949;116051;114793;26696;81.3;80.4;18.7
15;2021-12-04;18;28;1291;116069;114821;27987;81.3;80.4;19.6
15;2021-12-05;4;0;77;116073;114821;28064;81.3;80.4;19.7
15;2021-12-06;23;37;2140;116096;114858;30204;81.3;80.4;21.1
15;2021-12-07;20;19;1405;116116;114877;31609;81.3;80.4;22.1
15;2021-12-08;27;53;2062;116143;114930;33671;81.3;80.5;23.6
15;2021-12-09;20;20;1219;116163;114950;34890;81.3;80.5;24.4
15;2021-12-10;49;27;1805;116212;114977;36695;81.4;80.5;25.7
15;2021-12-11;25;28;1455;116237;115005;38150;81.4;80.5;26.7
15;2021-12-12;3;3;92;116240;115008;38242;81.4;80.5;26.8
15;2021-12-13;32;17;2315;116272;115025;40557;81.4;80.5;28.4
15;2021-12-14;37;22;2019;116309;115047;42576;81.4;80.6;29.8
15;2021-12-15;36;56;2347;116345;115103;44923;81.5;80.6;31.5
15;2021-12-16;29;39;1772;116374;115142;46695;81.5;80.6;32.7
15;2021-12-17;32;27;1957;116406;115169;48652;81.5;80.6;34.1
15;2021-12-18;30;53;1692;116436;115222;50344;81.5;80.7;35.3
15;2021-12-19;0;1;70;116436;115223;50414;81.5;80.7;35.3
15;2021-12-20;39;52;2268;116475;115275;52682;81.6;80.7;36.9
15;2021-12-21;60;36;2062;116535;115311;54744;81.6;80.7;38.3
15;2021-12-22;45;41;1677;116580;115352;56421;81.6;80.8;39.5
16;2020-12-27;0;0;0;0;0;0;0.0;0.0;0.0
16;2020-12-28;0;0;0;0;0;0;0.0;0.0;0.0
16;2020-12-29;0;0;0;0;0;0;0.0;0.0;0.0
16;2020-12-30;1;0;0;1;0;0;0.0;0.0;0.0
16;2020-12-31;0;0;0;1;0;0;0.0;0.0;0.0
16;2021-01-01;0;0;0;1;0;0;0.0;0.0;0.0
16;2021-01-02;0;0;0;1;0;0;0.0;0.0;0.0
16;2021-01-03;0;0;0;1;0;0;0.0;0.0;0.0
16;2021-01-04;2;0;0;3;0;0;0.0;0.0;0.0
16;2021-01-05;10;0;0;13;0;0;0.0;0.0;0.0
16;2021-01-06;81;0;0;94;0;0;0.0;0.0;0.0
16;2021-01-07;237;0;0;331;0;0;0.1;0.0;0.0
16;2021-01-08;428;2;0;759;2;0;0.2;0.0;0.0
16;2021-01-09;2;0;0;761;2;0;0.2;0.0;0.0
16;2021-01-10;2;0;0;763;2;0;0.2;0.0;0.0
16;2021-01-11;300;0;0;1063;2;0;0.3;0.0;0.0
16;2021-01-12;406;1;0;1469;3;0;0.4;0.0;0.0
16;2021-01-13;460;1;0;1929;4;0;0.6;0.0;0.0
16;2021-01-14;576;7;0;2505;11;0;0.7;0.0;0.0
16;2021-01-15;482;4;0;2987;15;0;0.9;0.0;0.0
16;2021-01-16;1;0;0;2988;15;0;0.9;0.0;0.0
16;2021-01-17;0;0;0;2988;15;0;0.9;0.0;0.0
16;2021-01-18;426;5;0;3414;20;0;1.0;0.0;0.0
16;2021-01-19;794;1;0;4208;21;0;1.2;0.0;0.0
16;2021-01-20;1153;2;0;5361;23;0;1.5;0.0;0.0
16;2021-01-21;1337;13;0;6698;36;0;1.9;0.0;0.0
16;2021-01-22;1132;5;0;7830;41;0;2.2;0.0;0.0
16;2021-01-23;173;1;0;8003;42;0;2.3;0.0;0.0
16;2021-01-24;2;0;0;8005;42;0;2.3;0.0;0.0
16;2021-01-25;586;3;0;8591;45;0;2.5;0.0;0.0
16;2021-01-26;935;2;0;9526;47;0;2.7;0.0;0.0
16;2021-01-27;1276;95;0;10802;142;0;3.1;0.0;0.0
16;2021-01-28;1182;72;0;11984;214;0;3.4;0.1;0.0
16;2021-01-29;742;137;0;12726;351;0;3.7;0.1;0.0
16;2021-01-30;41;1;0;12767;352;0;3.7;0.1;0.0
16;2021-01-31;0;1;0;12767;353;0;3.7;0.1;0.0
16;2021-02-01;382;202;0;13149;555;0;3.8;0.2;0.0
16;2021-02-02;555;174;0;13704;729;0;3.9;0.2;0.0
16;2021-02-03;548;318;0;14252;1047;0;4.1;0.3;0.0
16;2021-02-04;491;265;0;14743;1312;0;4.2;0.4;0.0
16;2021-02-05;458;265;0;15201;1577;0;4.4;0.5;0.0
16;2021-02-06;4;74;0;15205;1651;0;4.4;0.5;0.0
16;2021-02-07;37;3;0;15242;1654;0;4.4;0.5;0.0
16;2021-02-08;361;232;0;15603;1886;0;4.5;0.5;0.0
16;2021-02-09;641;370;0;16244;2256;0;4.7;0.6;0.0
16;2021-02-10;684;704;0;16928;2960;0;4.9;0.9;0.0
16;2021-02-11;795;611;0;17723;3571;0;5.1;1.0;0.0
16;2021-02-12;607;784;0;18330;4355;0;5.3;1.3;0.0
16;2021-02-13;44;65;0;18374;4420;0;5.3;1.3;0.0
16;2021-02-14;0;6;0;18374;4426;0;5.3;1.3;0.0
16;2021-02-15;211;642;0;18585;5068;0;5.3;1.5;0.0
16;2021-02-16;367;933;0;18952;6001;0;5.4;1.7;0.0
16;2021-02-17;323;1179;0;19275;7180;0;5.5;2.1;0.0
16;2021-02-18;480;1147;0;19755;8327;0;5.7;2.4;0.0
16;2021-02-19;377;793;0;20132;9120;0;5.8;2.6;0.0
16;2021-02-20;3;12;0;20135;9132;0;5.8;2.6;0.0
16;2021-02-21;3;0;0;20138;9132;0;5.8;2.6;0.0
16;2021-02-22;149;509;0;20287;9641;0;5.8;2.8;0.0
16;2021-02-23;214;888;0;20501;10529;0;5.9;3.0;0.0
16;2021-02-24;252;794;0;20753;11323;0;6.0;3.3;0.0
16;2021-02-25;403;674;0;21156;11997;0;6.1;3.4;0.0
16;2021-02-26;470;478;0;21626;12475;0;6.2;3.6;0.0
16;2021-02-27;239;4;0;21865;12479;0;6.3;3.6;0.0
16;2021-02-28;5;4;0;21870;12483;0;6.3;3.6;0.0
16;2021-03-01;156;326;0;22026;12809;0;6.3;3.7;0.0
16;2021-03-02;258;633;0;22284;13442;0;6.4;3.9;0.0
16;2021-03-03;392;681;0;22676;14123;0;6.5;4.1;0.0
16;2021-03-04;826;560;0;23502;14683;0;6.7;4.2;0.0
16;2021-03-05;1118;544;0;24620;15227;0;7.1;4.4;0.0
16;2021-03-06;699;8;0;25319;15235;0;7.3;4.4;0.0
16;2021-03-07;110;19;0;25429;15254;0;7.3;4.4;0.0
16;2021-03-08;431;319;0;25860;15573;0;7.4;4.5;0.0
16;2021-03-09;790;693;0;26650;16266;0;7.7;4.7;0.0
16;2021-03-10;615;628;0;27265;16894;0;7.8;4.9;0.0
16;2021-03-11;1425;506;0;28690;17400;0;8.2;5.0;0.0
16;2021-03-12;1174;454;0;29864;17854;0;8.6;5.1;0.0
16;2021-03-13;718;13;0;30582;17867;0;8.8;5.1;0.0
16;2021-03-14;5;0;0;30587;17867;0;8.8;5.1;0.0
16;2021-03-15;483;178;0;31070;18045;0;8.9;5.2;0.0
16;2021-03-16;829;407;0;31899;18452;0;9.2;5.3;0.0
16;2021-03-17;585;251;0;32484;18703;0;9.3;5.4;0.0
16;2021-03-18;986;285;0;33470;18988;0;9.6;5.5;0.0
16;2021-03-19;1080;230;0;34550;19218;0;9.9;5.5;0.0
16;2021-03-20;392;9;0;34942;19227;0;10.0;5.5;0.0
16;2021-03-21;11;0;0;34953;19227;0;10.0;5.5;0.0
16;2021-03-22;761;113;0;35714;19340;0;10.3;5.6;0.0
16;2021-03-23;1417;112;0;37131;19452;0;10.7;5.6;0.0
16;2021-03-24;1144;163;0;38275;19615;0;11.0;5.6;0.0
16;2021-03-25;2031;97;0;40306;19712;0;11.6;5.7;0.0
16;2021-03-26;1926;105;0;42232;19817;0;12.1;5.7;0.0
16;2021-03-27;437;23;0;42669;19840;0;12.3;5.7;0.0
16;2021-03-28;1;0;0;42670;19840;0;12.3;5.7;0.0
16;2021-03-29;931;65;0;43601;19905;0;12.5;5.7;0.0
16;2021-03-30;1867;184;0;45468;20089;0;13.1;5.8;0.0
16;2021-03-31;1507;137;0;46975;20226;0;13.5;5.8;0.0
16;2021-04-01;1927;408;0;48902;20634;0;14.0;5.9;0.0
16;2021-04-02;1431;365;0;50333;20999;0;14.5;6.0;0.0
16;2021-04-03;284;7;0;50617;21006;0;14.5;6.0;0.0
16;2021-04-04;7;0;0;50624;21006;0;14.5;6.0;0.0
16;2021-04-05;38;1;0;50662;21007;0;14.6;6.0;0.0
16;2021-04-06;1973;560;0;52635;21567;0;15.1;6.2;0.0
16;2021-04-07;1871;402;0;54506;21969;0;15.7;6.3;0.0
16;2021-04-08;2713;576;0;57219;22545;0;16.4;6.5;0.0
16;2021-04-09;2628;518;0;59847;23063;0;17.2;6.6;0.0
16;2021-04-10;1234;41;0;61081;23104;0;17.5;6.6;0.0
16;2021-04-11;24;3;0;61105;23107;0;17.5;6.6;0.0
16;2021-04-12;1351;326;0;62456;23433;0;17.9;6.7;0.0
16;2021-04-13;2072;795;0;64528;24228;0;18.5;7.0;0.0
16;2021-04-14;1924;621;0;66452;24849;0;19.1;7.1;0.0
16;2021-04-15;1999;959;0;68451;25808;0;19.7;7.4;0.0
16;2021-04-16;2002;768;0;70453;26576;0;20.2;7.6;0.0
16;2021-04-17;1392;98;0;71845;26674;0;20.6;7.7;0.0
16;2021-04-18;210;8;0;72055;26682;0;20.7;7.7;0.0
16;2021-04-19;1309;537;0;73364;27219;0;21.1;7.8;0.0
16;2021-04-20;1953;1188;0;75317;28407;0;21.6;8.2;0.0
16;2021-04-21;1678;754;0;76995;29161;0;22.1;8.4;0.0
16;2021-04-22;2126;1010;0;79121;30171;0;22.7;8.7;0.0
16;2021-04-23;2234;1134;0;81355;31305;0;23.4;9.0;0.0
16;2021-04-24;779;55;0;82134;31360;0;23.6;9.0;0.0
16;2021-04-25;122;10;0;82256;31370;0;23.6;9.0;0.0
16;2021-04-26;1292;802;0;83548;32172;0;24.0;9.2;0.0
16;2021-04-27;1998;1372;0;85546;33544;0;24.6;9.6;0.0
16;2021-04-28;1562;1124;0;87108;34668;0;25.0;10.0;0.0
16;2021-04-29;2152;1434;0;89260;36102;0;25.6;10.4;0.0
16;2021-04-30;2691;1304;0;91951;37406;0;26.4;10.7;0.0
16;2021-05-01;387;77;0;92338;37483;0;26.5;10.8;0.0
16;2021-05-02;156;17;0;92494;37500;0;26.6;10.8;0.0
16;2021-05-03;2462;563;0;94956;38063;0;27.3;10.9;0.0
16;2021-05-04;1955;2007;0;96911;40070;0;27.8;11.5;0.0
16;2021-05-05;1644;1750;0;98555;41820;0;28.3;12.0;0.0
16;2021-05-06;1759;2183;0;100314;44003;0;28.8;12.6;0.0
16;2021-05-07;2827;2046;0;103141;46049;0;29.6;13.2;0.0
16;2021-05-08;1071;438;0;104212;46487;0;29.9;13.4;0.0
16;2021-05-09;475;27;0;104687;46514;0;30.1;13.4;0.0
16;2021-05-10;1785;1532;0;106472;48046;0;30.6;13.8;0.0
16;2021-05-11;2275;1905;0;108747;49951;0;31.2;14.3;0.0
16;2021-05-12;1706;1726;0;110453;51677;0;31.7;14.8;0.0
16;2021-05-13;1380;349;0;111833;52026;0;32.1;14.9;0.0
16;2021-05-14;1872;1477;0;113705;53503;0;32.7;15.4;0.0
16;2021-05-15;590;814;0;114295;54317;0;32.8;15.6;0.0
16;2021-05-16;198;32;0;114493;54349;0;32.9;15.6;0.0
16;2021-05-17;1568;1154;0;116061;55503;0;33.3;15.9;0.0
16;2021-05-18;2651;1342;0;118712;56845;0;34.1;16.3;0.0
16;2021-05-19;1969;1166;0;120681;58011;0;34.7;16.7;0.0
16;2021-05-20;2789;1350;0;123470;59361;0;35.5;17.0;0.0
16;2021-05-21;2860;1377;0;126330;60738;0;36.3;17.4;0.0
16;2021-05-22;488;635;0;126818;61373;0;36.4;17.6;0.0
16;2021-05-23;278;15;0;127096;61388;0;36.5;17.6;0.0
16;2021-05-24;1342;223;0;128438;61611;0;36.9;17.7;0.0
16;2021-05-25;2737;1399;0;131175;63010;0;37.7;18.1;0.0
16;2021-05-26;1845;1139;0;133020;64149;0;38.2;18.4;0.0
16;2021-05-27;2469;1560;0;135489;65709;0;38.9;18.9;0.0
16;2021-05-28;2832;1507;0;138321;67216;0;39.7;19.3;0.0
16;2021-05-29;828;867;0;139149;68083;0;40.0;19.6;0.0
16;2021-05-30;98;10;0;139247;68093;0;40.0;19.6;0.0
16;2021-05-31;1964;1097;0;141211;69190;0;40.6;19.9;0.0
16;2021-06-01;2327;1664;0;143538;70854;0;41.2;20.3;0.0
16;2021-06-02;1902;1448;0;145440;72302;0;41.8;20.8;0.0
16;2021-06-03;2681;1763;0;148121;74065;0;42.5;21.3;0.0
16;2021-06-04;2792;1996;0;150913;76061;0;43.3;21.8;0.0
16;2021-06-05;1041;568;0;151954;76629;0;43.6;22.0;0.0
16;2021-06-06;203;34;0;152157;76663;0;43.7;22.0;0.0
16;2021-06-07;1945;1256;0;154102;77919;0;44.3;22.4;0.0
16;2021-06-08;2378;1933;0;156480;79852;0;44.9;22.9;0.0
16;2021-06-09;2498;1572;0;158978;81424;0;45.7;23.4;0.0
16;2021-06-10;2535;1930;0;161513;83354;0;46.4;23.9;0.0
16;2021-06-11;2158;2585;0;163671;85939;0;47.0;24.7;0.0
16;2021-06-12;1544;539;0;165215;86478;0;47.5;24.8;0.0
16;2021-06-13;290;85;0;165505;86563;0;47.5;24.9;0.0
16;2021-06-14;851;2647;0;166356;89210;0;47.8;25.6;0.0
16;2021-06-15;1847;2506;0;168203;91716;0;48.3;26.3;0.0
16;2021-06-16;1614;1961;0;169817;93677;0;48.8;26.9;0.0
16;2021-06-17;2015;2341;0;171832;96018;0;49.4;27.6;0.0
16;2021-06-18;2006;3023;0;173838;99041;0;49.9;28.4;0.0
16;2021-06-19;1279;1228;0;175117;100269;0;50.3;28.8;0.0
16;2021-06-20;254;66;0;175371;100335;0;50.4;28.8;0.0
16;2021-06-21;1371;2081;0;176742;102416;0;50.8;29.4;0.0
16;2021-06-22;1660;2863;0;178402;105279;0;51.2;30.2;0.0
16;2021-06-23;1506;2021;0;179908;107300;0;51.7;30.8;0.0
16;2021-06-24;1918;2140;0;181826;109440;0;52.2;31.4;0.0
16;2021-06-25;1895;2599;0;183721;112039;0;52.8;32.2;0.0
16;2021-06-26;1007;762;0;184728;112801;0;53.1;32.4;0.0
16;2021-06-27;146;101;0;184874;112902;0;53.1;32.4;0.0
16;2021-06-28;1112;1961;0;185986;114863;0;53.4;33.0;0.0
16;2021-06-29;1196;3347;0;187182;118210;0;53.8;34.0;0.0
16;2021-06-30;1300;2668;0;188482;120878;0;54.1;34.7;0.0
16;2021-07-01;1814;3082;0;190296;123960;0;54.7;35.6;0.0
16;2021-07-02;1375;3528;0;191671;127488;0;55.0;36.6;0.0
16;2021-07-03;647;1126;0;192318;128614;0;55.2;36.9;0.0
16;2021-07-04;27;95;0;192345;128709;0;55.2;37.0;0.0
16;2021-07-05;805;2329;0;193150;131038;0;55.5;37.6;0.0
16;2021-07-06;1239;3325;0;194389;134363;0;55.8;38.6;0.0
16;2021-07-07;860;2337;0;195249;136700;0;56.1;39.3;0.0
16;2021-07-08;1193;2734;0;196442;139434;0;56.4;40.0;0.0
16;2021-07-09;1137;3602;0;197579;143036;0;56.7;41.1;0.0
16;2021-07-10;347;1345;0;197926;144381;0;56.8;41.5;0.0
16;2021-07-11;32;86;0;197958;144467;0;56.9;41.5;0.0
16;2021-07-12;658;2473;0;198616;146940;0;57.0;42.2;0.0
16;2021-07-13;1361;3486;0;199977;150426;0;57.4;43.2;0.0
16;2021-07-14;814;902;0;200791;151328;0;57.7;43.5;0.0
16;2021-07-15;1294;3366;0;202085;154694;0;58.0;44.4;0.0
16;2021-07-16;1558;3365;0;203643;158059;0;58.5;45.4;0.0
16;2021-07-17;614;1234;0;204257;159293;0;58.7;45.8;0.0
16;2021-07-18;60;73;0;204317;159366;0;58.7;45.8;0.0
16;2021-07-19;719;2819;0;205036;162185;0;58.9;46.6;0.0
16;2021-07-20;1255;3216;0;206291;165401;0;59.2;47.5;0.0
16;2021-07-21;1272;2637;0;207563;168038;0;59.6;48.3;0.0
16;2021-07-22;1962;2852;0;209525;170890;0;60.2;49.1;0.0
16;2021-07-23;1637;3465;0;211162;174355;0;60.6;50.1;0.0
16;2021-07-24;735;1214;0;211897;175569;0;60.9;50.4;0.0
16;2021-07-25;103;71;0;212000;175640;0;60.9;50.4;0.0
16;2021-07-26;1612;2132;0;213612;177772;0;61.4;51.1;0.0
16;2021-07-27;2067;2789;0;215679;180561;0;61.9;51.9;0.0
16;2021-07-28;2032;2289;0;217711;182850;0;62.5;52.5;0.0
16;2021-07-29;2448;2418;0;220159;185268;0;63.2;53.2;0.0
16;2021-07-30;2602;3001;0;222761;188269;0;64.0;54.1;0.0
16;2021-07-31;1052;1321;0;223813;189590;0;64.3;54.5;0.0
16;2021-08-01;273;46;0;224086;189636;0;64.4;54.5;0.0
16;2021-08-02;2198;1791;0;226284;191427;0;65.0;55.0;0.0
16;2021-08-03;2294;2277;0;228578;193704;0;65.6;55.6;0.0
16;2021-08-04;2282;1791;0;230860;195495;0;66.3;56.1;0.0
16;2021-08-05;2889;1585;0;233749;197080;0;67.1;56.6;0.0
16;2021-08-06;2616;2307;0;236365;199387;0;67.9;57.3;0.0
16;2021-08-07;885;628;0;237250;200015;0;68.1;57.4;0.0
16;2021-08-08;100;75;0;237350;200090;0;68.2;57.5;0.0
16;2021-08-09;2178;1127;0;239528;201217;0;68.8;57.8;0.0
16;2021-08-10;2859;1551;0;242387;202768;0;69.6;58.2;0.0
16;2021-08-11;2540;1207;0;244927;203975;0;70.3;58.6;0.0
16;2021-08-12;2037;1707;0;246964;205682;0;70.9;59.1;0.0
16;2021-08-13;2488;1424;0;249452;207106;0;71.6;59.5;0.0
16;2021-08-14;769;481;0;250221;207587;0;71.9;59.6;0.0
16;2021-08-15;62;44;0;250283;207631;0;71.9;59.6;0.0
16;2021-08-16;1296;1613;0;251579;209244;0;72.3;60.1;0.0
16;2021-08-17;1640;1686;0;253219;210930;0;72.7;60.6;0.0
16;2021-08-18;1514;1529;0;254733;212459;0;73.2;61.0;0.0
16;2021-08-19;1424;1866;0;256157;214325;0;73.6;61.6;0.0
16;2021-08-20;1452;1974;0;257609;216299;0;74.0;62.1;0.0
16;2021-08-21;525;843;0;258134;217142;0;74.1;62.4;0.0
16;2021-08-22;15;67;0;258149;217209;0;74.1;62.4;0.0
16;2021-08-23;912;2112;0;259061;219321;0;74.4;63.0;0.0
16;2021-08-24;999;2445;0;260060;221766;0;74.7;63.7;0.0
16;2021-08-25;810;1884;0;260870;223650;0;74.9;64.2;0.0
16;2021-08-26;828;2597;0;261698;226247;0;75.2;65.0;0.0
16;2021-08-27;813;2531;0;262511;228778;0;75.4;65.7;0.0
16;2021-08-28;277;847;0;262788;229625;0;75.5;66.0;0.0
16;2021-08-29;15;67;0;262803;229692;0;75.5;66.0;0.0
16;2021-08-30;610;2369;22;263413;232061;22;75.7;66.6;0.0
16;2021-08-31;669;2657;79;264082;234718;101;75.8;67.4;0.0
16;2021-09-01;481;2339;182;264563;237057;283;76.0;68.1;0.1
16;2021-09-02;538;2109;290;265101;239166;573;76.1;68.7;0.2
16;2021-09-03;531;2509;273;265632;241675;846;76.3;69.4;0.2
16;2021-09-04;329;937;56;265961;242612;902;76.4;69.7;0.3
16;2021-09-05;14;55;3;265975;242667;905;76.4;69.7;0.3
16;2021-09-06;287;1400;291;266262;244067;1196;76.5;70.1;0.3
16;2021-09-07;355;1617;319;266617;245684;1515;76.6;70.6;0.4
16;2021-09-08;360;1891;216;266977;247575;1731;76.7;71.1;0.5
16;2021-09-09;335;1478;217;267312;249053;1948;76.8;71.5;0.6
16;2021-09-10;415;1691;317;267727;250744;2265;76.9;72.0;0.7
16;2021-09-11;197;765;69;267924;251509;2334;76.9;72.2;0.7
16;2021-09-12;17;28;1;267941;251537;2335;77.0;72.2;0.7
16;2021-09-13;241;974;348;268182;252511;2683;77.0;72.5;0.8
16;2021-09-14;365;925;650;268547;253436;3333;77.1;72.8;1.0
16;2021-09-15;354;1301;418;268901;254737;3751;77.2;73.2;1.1
16;2021-09-16;319;833;759;269220;255570;4510;77.3;73.4;1.3
16;2021-09-17;471;1254;400;269691;256824;4910;77.5;73.8;1.4
16;2021-09-18;107;511;46;269798;257335;4956;77.5;73.9;1.4
16;2021-09-19;3;17;5;269801;257352;4961;77.5;73.9;1.4
16;2021-09-20;175;635;583;269976;257987;5544;77.5;74.1;1.6
16;2021-09-21;183;663;634;270159;258650;6178;77.6;74.3;1.8
16;2021-09-22;187;923;361;270346;259573;6539;77.6;74.6;1.9
16;2021-09-23;159;518;458;270505;260091;6997;77.7;74.7;2.0
16;2021-09-24;300;974;466;270805;261065;7463;77.8;75.0;2.1
16;2021-09-25;74;424;42;270879;261489;7505;77.8;75.1;2.2
16;2021-09-26;3;10;26;270882;261499;7531;77.8;75.1;2.2
16;2021-09-27;187;541;559;271069;262040;8090;77.9;75.3;2.3
16;2021-09-28;128;509;538;271197;262549;8628;77.9;75.4;2.5
16;2021-09-29;179;556;584;271376;263105;9212;77.9;75.6;2.6
16;2021-09-30;111;455;498;271487;263560;9710;78.0;75.7;2.8
16;2021-10-01;245;481;457;271732;264041;10167;78.0;75.8;2.9
16;2021-10-02;83;308;74;271815;264349;10241;78.1;75.9;2.9
16;2021-10-03;1;12;9;271816;264361;10250;78.1;75.9;2.9
16;2021-10-04;123;323;398;271939;264684;10648;78.1;76.0;3.1
16;2021-10-05;130;357;449;272069;265041;11097;78.1;76.1;3.2
16;2021-10-06;176;482;428;272245;265523;11525;78.2;76.3;3.3
16;2021-10-07;126;311;326;272371;265834;11851;78.2;76.3;3.4
16;2021-10-08;227;624;640;272598;266458;12491;78.3;76.5;3.6
16;2021-10-09;75;167;74;272673;266625;12565;78.3;76.6;3.6
16;2021-10-10;2;13;13;272675;266638;12578;78.3;76.6;3.6
16;2021-10-11;108;247;556;272783;266885;13134;78.3;76.7;3.8
16;2021-10-12;103;229;404;272886;267114;13538;78.4;76.7;3.9
16;2021-10-13;191;324;458;273077;267438;13996;78.4;76.8;4.0
16;2021-10-14;94;182;347;273171;267620;14343;78.5;76.9;4.1
16;2021-10-15;192;397;600;273363;268017;14943;78.5;77.0;4.3
16;2021-10-16;84;107;126;273447;268124;15069;78.5;77.0;4.3
16;2021-10-17;6;6;7;273453;268130;15076;78.5;77.0;4.3
16;2021-10-18;127;268;542;273580;268398;15618;78.6;77.1;4.5
16;2021-10-19;105;145;579;273685;268543;16197;78.6;77.1;4.7
16;2021-10-20;122;214;522;273807;268757;16719;78.6;77.2;4.8
16;2021-10-21;66;138;419;273873;268895;17138;78.7;77.2;4.9
16;2021-10-22;233;323;641;274106;269218;17779;78.7;77.3;5.1
16;2021-10-23;76;106;79;274182;269324;17858;78.7;77.4;5.1
16;2021-10-24;1;4;5;274183;269328;17863;78.7;77.4;5.1
16;2021-10-25;124;170;682;274307;269498;18545;78.8;77.4;5.3
16;2021-10-26;58;124;506;274365;269622;19051;78.8;77.4;5.5
16;2021-10-27;108;159;462;274473;269781;19513;78.8;77.5;5.6
16;2021-10-28;102;124;473;274575;269905;19986;78.9;77.5;5.7
16;2021-10-29;173;222;940;274748;270127;20926;78.9;77.6;6.0
16;2021-10-30;51;86;170;274799;270213;21096;78.9;77.6;6.1
16;2021-10-31;2;5;12;274801;270218;21108;78.9;77.6;6.1
16;2021-11-01;3;3;20;274804;270221;21128;78.9;77.6;6.1
16;2021-11-02;105;149;852;274909;270370;21980;79.0;77.7;6.3
16;2021-11-03;96;142;482;275005;270512;22462;79.0;77.7;6.5
16;2021-11-04;87;114;570;275092;270626;23032;79.0;77.7;6.6
16;2021-11-05;149;197;941;275241;270823;23973;79.1;77.8;6.9
16;2021-11-06;61;80;262;275302;270903;24235;79.1;77.8;7.0
16;2021-11-07;2;10;17;275304;270913;24252;79.1;77.8;7.0
16;2021-11-08;50;119;896;275354;271032;25148;79.1;77.8;7.2
16;2021-11-09;75;112;1008;275429;271144;26156;79.1;77.9;7.5
16;2021-11-10;94;133;971;275523;271277;27127;79.1;77.9;7.8
16;2021-11-11;5;6;27;275528;271283;27154;79.1;77.9;7.8
16;2021-11-12;83;151;1020;275611;271434;28174;79.2;78.0;8.1
16;2021-11-13;38;75;244;275649;271509;28418;79.2;78.0;8.2
16;2021-11-14;0;2;10;275649;271511;28428;79.2;78.0;8.2
16;2021-11-15;48;115;1100;275697;271626;29528;79.2;78.0;8.5
16;2021-11-16;73;102;1051;275770;271728;30579;79.2;78.0;8.8
16;2021-11-17;114;154;1068;275884;271882;31647;79.2;78.1;9.1
16;2021-11-18;79;130;1078;275963;272012;32725;79.3;78.1;9.4
16;2021-11-19;153;227;1468;276116;272239;34193;79.3;78.2;9.8
16;2021-11-20;60;88;483;276176;272327;34676;79.3;78.2;10.0
16;2021-11-21;2;2;34;276178;272329;34710;79.3;78.2;10.0
16;2021-11-22;71;64;1249;276249;272393;35959;79.3;78.2;10.3
16;2021-11-23;100;91;1467;276349;272484;37426;79.4;78.3;10.7
16;2021-11-24;124;123;1434;276473;272607;38860;79.4;78.3;11.2
16;2021-11-25;115;93;1608;276588;272700;40468;79.4;78.3;11.6
16;2021-11-26;143;151;2113;276731;272851;42581;79.5;78.4;12.2
16;2021-11-27;96;121;1715;276827;272972;44296;79.5;78.4;12.7
16;2021-11-28;35;18;1065;276862;272990;45361;79.5;78.4;13.0
16;2021-11-29;77;82;1845;276939;273072;47206;79.5;78.4;13.6
16;2021-11-30;105;97;2556;277044;273169;49762;79.6;78.5;14.3
16;2021-12-01;111;112;2502;277155;273281;52264;79.6;78.5;15.0
16;2021-12-02;102;72;3204;277257;273353;55468;79.6;78.5;15.9
16;2021-12-03;98;119;3185;277355;273472;58653;79.7;78.5;16.8
16;2021-12-04;76;68;1477;277431;273540;60130;79.7;78.6;17.3
16;2021-12-05;6;4;364;277437;273544;60494;79.7;78.6;17.4
16;2021-12-06;61;79;2607;277498;273623;63101;79.7;78.6;18.1
16;2021-12-07;58;80;3209;277556;273703;66310;79.7;78.6;19.0
16;2021-12-08;123;114;3069;277679;273817;69379;79.8;78.6;19.9
16;2021-12-09;103;105;4196;277782;273922;73575;79.8;78.7;21.1
16;2021-12-10;100;145;4324;277882;274067;77899;79.8;78.7;22.4
16;2021-12-11;85;62;2481;277967;274129;80380;79.8;78.7;23.1
16;2021-12-12;34;15;1368;278001;274144;81748;79.8;78.7;23.5
16;2021-12-13;82;98;3444;278083;274242;85192;79.9;78.8;24.5
16;2021-12-14;105;126;4314;278188;274368;89506;79.9;78.8;25.7
16;2021-12-15;113;144;3624;278301;274512;93130;79.9;78.8;26.7
16;2021-12-16;108;108;4548;278409;274620;97678;80.0;78.9;28.1
16;2021-12-17;118;220;4750;278527;274840;102428;80.0;78.9;29.4
16;2021-12-18;106;79;2627;278633;274919;105055;80.0;79.0;30.2
16;2021-12-19;30;18;1053;278663;274937;106108;80.0;79.0;30.5
16;2021-12-20;96;106;3262;278759;275043;109370;80.1;79.0;31.4
16;2021-12-21;119;134;4246;278878;275177;113616;80.1;79.0;32.6
16;2021-12-22;144;113;3179;279022;275290;116795;80.1;79.1;33.5
17;2020-12-27;2;0;0;2;0;0;0.0;0.0;0.0
17;2020-12-28;1;0;0;3;0;0;0.0;0.0;0.0
17;2020-12-29;0;0;0;3;0;0;0.0;0.0;0.0
17;2020-12-30;0;0;0;3;0;0;0.0;0.0;0.0
17;2020-12-31;0;0;0;3;0;0;0.0;0.0;0.0
17;2021-01-01;2;0;0;5;0;0;0.0;0.0;0.0
17;2021-01-02;0;0;0;5;0;0;0.0;0.0;0.0
17;2021-01-03;0;0;0;5;0;0;0.0;0.0;0.0
17;2021-01-04;52;0;0;57;0;0;0.0;0.0;0.0
17;2021-01-05;87;0;0;144;0;0;0.0;0.0;0.0
17;2021-01-06;124;0;0;268;0;0;0.0;0.0;0.0
17;2021-01-07;470;1;0;738;1;0;0.1;0.0;0.0
17;2021-01-08;428;1;0;1166;2;0;0.2;0.0;0.0
17;2021-01-09;8;0;0;1174;2;0;0.2;0.0;0.0
17;2021-01-10;4;0;0;1178;2;0;0.2;0.0;0.0
17;2021-01-11;388;2;0;1566;4;0;0.2;0.0;0.0
17;2021-01-12;704;1;0;2270;5;0;0.4;0.0;0.0
17;2021-01-13;660;2;0;2930;7;0;0.5;0.0;0.0
17;2021-01-14;641;11;0;3571;18;0;0.6;0.0;0.0
17;2021-01-15;718;2;0;4289;20;0;0.7;0.0;0.0
17;2021-01-16;129;2;0;4418;22;0;0.7;0.0;0.0
17;2021-01-17;19;0;0;4437;22;0;0.7;0.0;0.0
17;2021-01-18;847;5;0;5284;27;0;0.8;0.0;0.0
17;2021-01-19;1871;18;0;7155;45;0;1.1;0.0;0.0
17;2021-01-20;2265;3;0;9420;48;0;1.5;0.0;0.0
17;2021-01-21;2409;12;0;11829;60;0;1.8;0.0;0.0
17;2021-01-22;1829;15;0;13658;75;0;2.1;0.0;0.0
17;2021-01-23;709;2;0;14367;77;0;2.2;0.0;0.0
17;2021-01-24;45;0;0;14412;77;0;2.2;0.0;0.0
17;2021-01-25;1374;6;0;15786;83;0;2.4;0.0;0.0
17;2021-01-26;2043;5;0;17829;88;0;2.8;0.0;0.0
17;2021-01-27;1684;38;0;19513;126;0;3.0;0.0;0.0
17;2021-01-28;2438;231;0;21951;357;0;3.4;0.1;0.0
17;2021-01-29;1715;223;0;23666;580;0;3.7;0.1;0.0
17;2021-01-30;517;5;0;24183;585;0;3.7;0.1;0.0
17;2021-01-31;34;5;0;24217;590;0;3.7;0.1;0.0
17;2021-02-01;735;211;0;24952;801;0;3.9;0.1;0.0
17;2021-02-02;1167;343;0;26119;1144;0;4.0;0.2;0.0
17;2021-02-03;1249;412;0;27368;1556;0;4.2;0.2;0.0
17;2021-02-04;1118;502;0;28486;2058;0;4.4;0.3;0.0
17;2021-02-05;615;766;0;29101;2824;0;4.5;0.4;0.0
17;2021-02-06;25;45;0;29126;2869;0;4.5;0.4;0.0
17;2021-02-07;35;3;0;29161;2872;0;4.5;0.4;0.0
17;2021-02-08;690;428;0;29851;3300;0;4.6;0.5;0.0
17;2021-02-09;1104;1261;0;30955;4561;0;4.8;0.7;0.0
17;2021-02-10;839;1243;0;31794;5804;0;4.9;0.9;0.0
17;2021-02-11;1235;1280;0;33029;7084;0;5.1;1.1;0.0
17;2021-02-12;778;985;0;33807;8069;0;5.2;1.2;0.0
17;2021-02-13;50;137;0;33857;8206;0;5.2;1.3;0.0
17;2021-02-14;2;10;0;33859;8216;0;5.2;1.3;0.0
17;2021-02-15;612;1179;0;34471;9395;0;5.3;1.5;0.0
17;2021-02-16;758;1798;0;35229;11193;0;5.4;1.7;0.0
17;2021-02-17;773;1371;0;36002;12564;0;5.6;1.9;0.0
17;2021-02-18;947;2163;0;36949;14727;0;5.7;2.3;0.0
17;2021-02-19;1050;1534;0;37999;16261;0;5.9;2.5;0.0
17;2021-02-20;103;333;0;38102;16594;0;5.9;2.6;0.0
17;2021-02-21;8;0;0;38110;16594;0;5.9;2.6;0.0
17;2021-02-22;641;1593;0;38751;18187;0;6.0;2.8;0.0
17;2021-02-23;728;1510;0;39479;19697;0;6.1;3.0;0.0
17;2021-02-24;1066;1560;0;40545;21257;0;6.3;3.3;0.0
17;2021-02-25;1097;1660;0;41642;22917;0;6.4;3.5;0.0
17;2021-02-26;1320;1279;0;42962;24196;0;6.6;3.7;0.0
17;2021-02-27;517;234;0;43479;24430;0;6.7;3.8;0.0
17;2021-02-28;24;9;0;43503;24439;0;6.7;3.8;0.0
17;2021-03-01;629;1041;0;44132;25480;0;6.8;3.9;0.0
17;2021-03-02;1087;871;0;45219;26351;0;7.0;4.1;0.0
17;2021-03-03;1594;779;0;46813;27130;0;7.2;4.2;0.0
17;2021-03-04;2404;1130;0;49217;28260;0;7.6;4.4;0.0
17;2021-03-05;2606;683;0;51823;28943;0;8.0;4.5;0.0
17;2021-03-06;1058;38;0;52881;28981;0;8.2;4.5;0.0
17;2021-03-07;182;48;0;53063;29029;0;8.2;4.5;0.0
17;2021-03-08;1016;836;0;54079;29865;0;8.4;4.6;0.0
17;2021-03-09;1716;629;0;55795;30494;0;8.6;4.7;0.0
17;2021-03-10;2065;659;0;57860;31153;0;8.9;4.8;0.0
17;2021-03-11;3200;982;0;61060;32135;0;9.4;5.0;0.0
17;2021-03-12;3300;632;0;64360;32767;0;9.9;5.1;0.0
17;2021-03-13;1211;19;0;65571;32786;0;10.1;5.1;0.0
17;2021-03-14;51;1;0;65622;32787;0;10.1;5.1;0.0
17;2021-03-15;1245;979;0;66867;33766;0;10.3;5.2;0.0
17;2021-03-16;906;538;0;67773;34304;0;10.5;5.3;0.0
17;2021-03-17;1483;714;0;69256;35018;0;10.7;5.4;0.0
17;2021-03-18;1693;751;0;70949;35769;0;11.0;5.5;0.0
17;2021-03-19;2080;536;0;73029;36305;0;11.3;5.6;0.0
17;2021-03-20;1095;54;0;74124;36359;0;11.5;5.6;0.0
17;2021-03-21;38;40;0;74162;36399;0;11.5;5.6;0.0
17;2021-03-22;1553;679;0;75715;37078;0;11.7;5.7;0.0
17;2021-03-23;2451;572;0;78166;37650;0;12.1;5.8;0.0
17;2021-03-24;3465;831;0;81631;38481;0;12.6;5.9;0.0
17;2021-03-25;4631;642;0;86262;39123;0;13.3;6.0;0.0
17;2021-03-26;4841;472;0;91103;39595;0;14.1;6.1;0.0
17;2021-03-27;1719;68;0;92822;39663;0;14.3;6.1;0.0
17;2021-03-28;366;42;0;93188;39705;0;14.4;6.1;0.0
17;2021-03-29;2340;559;0;95528;40264;0;14.8;6.2;0.0
17;2021-03-30;2615;977;0;98143;41241;0;15.2;6.4;0.0
17;2021-03-31;3764;892;0;101907;42133;0;15.7;6.5;0.0
17;2021-04-01;3979;1169;0;105886;43302;0;16.4;6.7;0.0
17;2021-04-02;3611;844;0;109497;44146;0;16.9;6.8;0.0
17;2021-04-03;1153;185;0;110650;44331;0;17.1;6.9;0.0
17;2021-04-04;464;12;0;111114;44343;0;17.2;6.9;0.0
17;2021-04-05;436;120;0;111550;44463;0;17.2;6.9;0.0
17;2021-04-06;3365;1028;0;114915;45491;0;17.8;7.0;0.0
17;2021-04-07;4033;1155;0;118948;46646;0;18.4;7.2;0.0
17;2021-04-08;4531;1468;0;123479;48114;0;19.1;7.4;0.0
17;2021-04-09;6321;840;0;129800;48954;0;20.1;7.6;0.0
17;2021-04-10;2557;86;0;132357;49040;0;20.5;7.6;0.0
17;2021-04-11;750;23;0;133107;49063;0;20.6;7.6;0.0
17;2021-04-12;2877;1615;0;135984;50678;0;21.0;7.8;0.0
17;2021-04-13;4092;1271;0;140076;51949;0;21.6;8.0;0.0
17;2021-04-14;4284;1193;0;144360;53142;0;22.3;8.2;0.0
17;2021-04-15;4542;1164;0;148902;54306;0;23.0;8.4;0.0
17;2021-04-16;4183;1166;0;153085;55472;0;23.7;8.6;0.0
17;2021-04-17;1711;377;0;154796;55849;0;23.9;8.6;0.0
17;2021-04-18;440;79;0;155236;55928;0;24.0;8.6;0.0
17;2021-04-19;2323;2007;0;157559;57935;0;24.3;9.0;0.0
17;2021-04-20;2865;2486;0;160424;60421;0;24.8;9.3;0.0
17;2021-04-21;2964;1877;0;163388;62298;0;25.3;9.6;0.0
17;2021-04-22;3173;2307;0;166561;64605;0;25.7;10.0;0.0
17;2021-04-23;2451;2676;0;169012;67281;0;26.1;10.4;0.0
17;2021-04-24;1667;939;0;170679;68220;0;26.4;10.5;0.0
17;2021-04-25;621;227;0;171300;68447;0;26.5;10.6;0.0
17;2021-04-26;2548;2530;0;173848;70977;0;26.9;11.0;0.0
17;2021-04-27;3112;2603;0;176960;73580;0;27.3;11.4;0.0
17;2021-04-28;3131;2881;0;180091;76461;0;27.8;11.8;0.0
17;2021-04-29;4153;2781;0;184244;79242;0;28.5;12.2;0.0
17;2021-04-30;4417;2568;0;188661;81810;0;29.2;12.6;0.0
17;2021-05-01;898;525;0;189559;82335;0;29.3;12.7;0.0
17;2021-05-02;561;760;0;190120;83095;0;29.4;12.8;0.0
17;2021-05-03;2621;2892;0;192741;85987;0;29.8;13.3;0.0
17;2021-05-04;2400;3657;0;195141;89644;0;30.2;13.9;0.0
17;2021-05-05;2951;3693;0;198092;93337;0;30.6;14.4;0.0
17;2021-05-06;4138;3367;0;202230;96704;0;31.3;14.9;0.0
17;2021-05-07;4406;3651;0;206636;100355;0;31.9;15.5;0.0
17;2021-05-08;1376;775;0;208012;101130;0;32.1;15.6;0.0
17;2021-05-09;1280;676;0;209292;101806;0;32.3;15.7;0.0
17;2021-05-10;2761;3639;0;212053;105445;0;32.8;16.3;0.0
17;2021-05-11;3509;3936;0;215562;109381;0;33.3;16.9;0.0
17;2021-05-12;3599;3704;0;219161;113085;0;33.9;17.5;0.0
17;2021-05-13;2666;694;0;221827;113779;0;34.3;17.6;0.0
17;2021-05-14;3124;2385;0;224951;116164;0;34.8;18.0;0.0
17;2021-05-15;2173;707;0;227124;116871;0;35.1;18.1;0.0
17;2021-05-16;1603;305;0;228727;117176;0;35.3;18.1;0.0
17;2021-05-17;4184;1986;0;232911;119162;0;36.0;18.4;0.0
17;2021-05-18;4722;1641;0;237633;120803;0;36.7;18.7;0.0
17;2021-05-19;5044;1300;0;242677;122103;0;37.5;18.9;0.0
17;2021-05-20;4818;1903;0;247495;124006;0;38.2;19.2;0.0
17;2021-05-21;4775;1904;0;252270;125910;0;39.0;19.5;0.0
17;2021-05-22;2104;546;0;254374;126456;0;39.3;19.5;0.0
17;2021-05-23;1555;110;0;255929;126566;0;39.6;19.6;0.0
17;2021-05-24;1268;211;0;257197;126777;0;39.7;19.6;0.0
17;2021-05-25;3797;1752;0;260994;128529;0;40.3;19.9;0.0
17;2021-05-26;4181;1986;0;265175;130515;0;41.0;20.2;0.0
17;2021-05-27;4938;2115;0;270113;132630;0;41.7;20.5;0.0
17;2021-05-28;4228;3283;0;274341;135913;0;42.4;21.0;0.0
17;2021-05-29;1502;1676;0;275843;137589;0;42.6;21.3;0.0
17;2021-05-30;650;369;0;276493;137958;0;42.7;21.3;0.0
17;2021-05-31;2898;2929;0;279391;140887;0;43.2;21.8;0.0
17;2021-06-01;4302;2875;0;283693;143762;0;43.8;22.2;0.0
17;2021-06-02;4311;3136;0;288004;146898;0;44.5;22.7;0.0
17;2021-06-03;5082;3108;0;293086;150006;0;45.3;23.2;0.0
17;2021-06-04;4541;3767;0;297627;153773;0;46.0;23.8;0.0
17;2021-06-05;2062;1577;0;299689;155350;0;46.3;24.0;0.0
17;2021-06-06;815;688;0;300504;156038;0;46.4;24.1;0.0
17;2021-06-07;3193;4178;0;303697;160216;0;46.9;24.8;0.0
17;2021-06-08;3848;4436;0;307545;164652;0;47.5;25.4;0.0
17;2021-06-09;4486;3076;0;312031;167728;0;48.2;25.9;0.0
17;2021-06-10;4881;2827;0;316912;170555;0;49.0;26.4;0.0
17;2021-06-11;4746;3711;0;321658;174266;0;49.7;26.9;0.0
17;2021-06-12;1979;1410;0;323637;175676;0;50.0;27.1;0.0
17;2021-06-13;621;412;0;324258;176088;0;50.1;27.2;0.0
17;2021-06-14;2688;4503;0;326946;180591;0;50.5;27.9;0.0
17;2021-06-15;3522;4326;0;330468;184917;0;51.1;28.6;0.0
17;2021-06-16;3964;3637;0;334432;188554;0;51.7;29.1;0.0
17;2021-06-17;4196;4116;0;338628;192670;0;52.3;29.8;0.0
17;2021-06-18;3939;4397;0;342567;197067;0;52.9;30.5;0.0
17;2021-06-19;1540;2008;0;344107;199075;0;53.2;30.8;0.0
17;2021-06-20;565;988;0;344672;200063;0;53.3;30.9;0.0
17;2021-06-21;2429;4326;0;347101;204389;0;53.6;31.6;0.0
17;2021-06-22;3339;4372;0;350440;208761;0;54.2;32.3;0.0
17;2021-06-23;3592;3987;0;354032;212748;0;54.7;32.9;0.0
17;2021-06-24;3386;3874;0;357418;216622;0;55.2;33.5;0.0
17;2021-06-25;2579;4909;0;359997;221531;0;55.6;34.2;0.0
17;2021-06-26;946;2302;0;360943;223833;0;55.8;34.6;0.0
17;2021-06-27;380;1747;0;361323;225580;0;55.8;34.9;0.0
17;2021-06-28;1446;5251;0;362769;230831;0;56.1;35.7;0.0
17;2021-06-29;1624;5716;0;364393;236547;0;56.3;36.6;0.0
17;2021-06-30;1961;5515;0;366354;242062;0;56.6;37.4;0.0
17;2021-07-01;2144;5359;0;368498;247421;0;56.9;38.2;0.0
17;2021-07-02;2330;5648;0;370828;253069;0;57.3;39.1;0.0
17;2021-07-03;655;2371;0;371483;255440;0;57.4;39.5;0.0
17;2021-07-04;139;1070;0;371622;256510;0;57.4;39.6;0.0
17;2021-07-05;1648;4780;0;373270;261290;0;57.7;40.4;0.0
17;2021-07-06;1954;5245;0;375224;266535;0;58.0;41.2;0.0
17;2021-07-07;2231;5286;0;377455;271821;0;58.3;42.0;0.0
17;2021-07-08;2591;5104;0;380046;276925;0;58.7;42.8;0.0
17;2021-07-09;2288;5738;0;382334;282663;0;59.1;43.7;0.0
17;2021-07-10;827;2401;0;383161;285064;0;59.2;44.1;0.0
17;2021-07-11;310;793;0;383471;285857;0;59.3;44.2;0.0
17;2021-07-12;1694;5304;0;385165;291161;0;59.5;45.0;0.0
17;2021-07-13;2070;6345;0;387235;297506;0;59.8;46.0;0.0
17;2021-07-14;211;240;0;387446;297746;0;59.9;46.0;0.0
17;2021-07-15;2007;6551;0;389453;304297;0;60.2;47.0;0.0
17;2021-07-16;2593;6508;0;392046;310805;0;60.6;48.0;0.0
17;2021-07-17;1055;2325;0;393101;313130;0;60.7;48.4;0.0
17;2021-07-18;320;935;0;393421;314065;0;60.8;48.5;0.0
17;2021-07-19;2351;5643;0;395772;319708;0;61.2;49.4;0.0
17;2021-07-20;2973;6015;0;398745;325723;0;61.6;50.3;0.0
17;2021-07-21;3469;5700;0;402214;331423;0;62.2;51.2;0.0
17;2021-07-22;3822;5799;0;406036;337222;0;62.7;52.1;0.0
17;2021-07-23;3588;6063;0;409624;343285;0;63.3;53.1;0.0
17;2021-07-24;1806;1575;0;411430;344860;0;63.6;53.3;0.0
17;2021-07-25;798;345;0;412228;345205;0;63.7;53.3;0.0
17;2021-07-26;3191;4968;0;415419;350173;0;64.2;54.1;0.0
17;2021-07-27;4208;4900;0;419627;355073;0;64.8;54.9;0.0
17;2021-07-28;4704;4672;0;424331;359745;0;65.6;55.6;0.0
17;2021-07-29;4690;4752;0;429021;364497;0;66.3;56.3;0.0
17;2021-07-30;4835;5000;0;433856;369497;0;67.0;57.1;0.0
17;2021-07-31;1920;1215;0;435776;370712;0;67.3;57.3;0.0
17;2021-08-01;859;298;0;436635;371010;0;67.5;57.3;0.0
17;2021-08-02;4011;3736;0;440646;374746;0;68.1;57.9;0.0
17;2021-08-03;5000;3519;0;445646;378265;0;68.9;58.5;0.0
17;2021-08-04;5492;2723;0;451138;380988;0;69.7;58.9;0.0
17;2021-08-05;5554;2549;0;456692;383537;0;70.6;59.3;0.0
17;2021-08-06;5138;2962;0;461830;386499;0;71.4;59.7;0.0
17;2021-08-07;1840;851;0;463670;387350;0;71.7;59.9;0.0
17;2021-08-08;764;144;0;464434;387494;0;71.8;59.9;0.0
17;2021-08-09;3479;2865;0;467913;390359;0;72.3;60.3;0.0
17;2021-08-10;4559;2824;0;472472;393183;0;73.0;60.8;0.0
17;2021-08-11;4389;3059;0;476861;396242;0;73.7;61.2;0.0
17;2021-08-12;4399;3153;0;481260;399395;0;74.4;61.7;0.0
17;2021-08-13;4044;3334;0;485304;402729;0;75.0;62.2;0.0
17;2021-08-14;1202;1270;0;486506;403999;0;75.2;62.4;0.0
17;2021-08-15;340;235;0;486846;404234;0;75.2;62.5;0.0
17;2021-08-16;2571;3252;0;489417;407486;0;75.6;63.0;0.0
17;2021-08-17;2782;3573;0;492199;411059;0;76.1;63.5;0.0
17;2021-08-18;2402;3839;0;494601;414898;0;76.4;64.1;0.0
17;2021-08-19;2454;3723;0;497055;418621;0;76.8;64.7;0.0
17;2021-08-20;2286;4245;0;499341;422866;0;77.2;65.3;0.0
17;2021-08-21;695;1336;0;500036;424202;0;77.3;65.6;0.0
17;2021-08-22;160;400;0;500196;424602;0;77.3;65.6;0.0
17;2021-08-23;1838;4340;0;502034;428942;0;77.6;66.3;0.0
17;2021-08-24;1799;4542;0;503833;433484;0;77.9;67.0;0.0
17;2021-08-25;1542;4967;0;505375;438451;0;78.1;67.8;0.0
17;2021-08-26;1555;5062;0;506930;443513;0;78.3;68.5;0.0
17;2021-08-27;1438;5451;0;508368;448964;0;78.6;69.4;0.0
17;2021-08-28;528;1496;0;508896;450460;0;78.6;69.6;0.0
17;2021-08-29;90;528;1;508986;450988;1;78.7;69.7;0.0
17;2021-08-30;1361;4731;50;510347;455719;51;78.9;70.4;0.0
17;2021-08-31;1248;4906;120;511595;460625;171;79.1;71.2;0.0
17;2021-09-01;1197;4537;323;512792;465162;494;79.2;71.9;0.1
17;2021-09-02;1081;3970;383;513873;469132;877;79.4;72.5;0.1
17;2021-09-03;1125;4657;385;514998;473789;1262;79.6;73.2;0.2
17;2021-09-04;332;1147;48;515330;474936;1310;79.6;73.4;0.2
17;2021-09-05;52;120;27;515382;475056;1337;79.6;73.4;0.2
17;2021-09-06;723;3064;514;516105;478120;1851;79.8;73.9;0.3
17;2021-09-07;712;2547;584;516817;480667;2435;79.9;74.3;0.4
17;2021-09-08;800;3479;525;517617;484146;2960;80.0;74.8;0.5
17;2021-09-09;778;2345;734;518395;486491;3694;80.1;75.2;0.6
17;2021-09-10;786;3234;590;519181;489725;4284;80.2;75.7;0.7
17;2021-09-11;322;1035;148;519503;490760;4432;80.3;75.8;0.7
17;2021-09-12;15;35;10;519518;490795;4442;80.3;75.8;0.7
17;2021-09-13;608;1891;864;520126;492686;5306;80.4;76.1;0.8
17;2021-09-14;606;1604;1269;520732;494290;6575;80.5;76.4;1.0
17;2021-09-15;867;2261;947;521599;496551;7522;80.6;76.7;1.2
17;2021-09-16;531;1429;894;522130;497980;8416;80.7;77.0;1.3
17;2021-09-17;628;1888;762;522758;499868;9178;80.8;77.2;1.4
17;2021-09-18;209;687;169;522967;500555;9347;80.8;77.4;1.4
17;2021-09-19;15;18;11;522982;500573;9358;80.8;77.4;1.4
17;2021-09-20;412;1217;949;523394;501790;10307;80.9;77.5;1.6
17;2021-09-21;341;875;784;523735;502665;11091;80.9;77.7;1.7
17;2021-09-22;418;1660;790;524153;504325;11881;81.0;77.9;1.8
17;2021-09-23;362;972;1082;524515;505297;12963;81.1;78.1;2.0
17;2021-09-24;386;1773;1164;524901;507070;14127;81.1;78.4;2.2
17;2021-09-25;155;569;237;525056;507639;14364;81.1;78.5;2.2
17;2021-09-26;9;28;2;525065;507667;14366;81.1;78.5;2.2
17;2021-09-27;402;1135;946;525467;508802;15312;81.2;78.6;2.4
17;2021-09-28;257;679;863;525724;509481;16175;81.2;78.7;2.5
17;2021-09-29;454;1217;956;526178;510698;17131;81.3;78.9;2.6
17;2021-09-30;350;694;895;526528;511392;18026;81.4;79.0;2.8
17;2021-10-01;392;767;800;526920;512159;18826;81.4;79.1;2.9
17;2021-10-02;135;378;147;527055;512537;18973;81.5;79.2;2.9
17;2021-10-03;4;30;2;527059;512567;18975;81.5;79.2;2.9
17;2021-10-04;359;812;1064;527418;513379;20039;81.5;79.3;3.1
17;2021-10-05;354;572;919;527772;513951;20958;81.6;79.4;3.2
17;2021-10-06;410;1071;1131;528182;515022;22089;81.6;79.6;3.4
17;2021-10-07;261;531;802;528443;515553;22891;81.7;79.7;3.5
17;2021-10-08;429;868;1060;528872;516421;23951;81.7;79.8;3.7
17;2021-10-09;170;347;215;529042;516768;24166;81.8;79.9;3.7
17;2021-10-10;6;19;5;529048;516787;24171;81.8;79.9;3.7
17;2021-10-11;352;535;814;529400;517322;24985;81.8;79.9;3.9
17;2021-10-12;227;382;834;529627;517704;25819;81.8;80.0;4.0
17;2021-10-13;354;657;1256;529981;518361;27075;81.9;80.1;4.2
17;2021-10-14;232;397;880;530213;518758;27955;81.9;80.2;4.3
17;2021-10-15;384;633;1237;530597;519391;29192;82.0;80.3;4.5
17;2021-10-16;108;176;243;530705;519567;29435;82.0;80.3;4.5
17;2021-10-17;10;12;0;530715;519579;29435;82.0;80.3;4.5
17;2021-10-18;323;338;952;531038;519917;30387;82.1;80.3;4.7
17;2021-10-19;226;346;935;531264;520263;31322;82.1;80.4;4.8
17;2021-10-20;340;580;1469;531604;520843;32791;82.2;80.5;5.1
17;2021-10-21;217;343;999;531821;521186;33790;82.2;80.5;5.2
17;2021-10-22;322;538;1360;532143;521724;35150;82.2;80.6;5.4
17;2021-10-23;96;179;284;532239;521903;35434;82.3;80.7;5.5
17;2021-10-24;0;5;3;532239;521908;35437;82.3;80.7;5.5
17;2021-10-25;233;339;1212;532472;522247;36649;82.3;80.7;5.7
17;2021-10-26;153;253;972;532625;522500;37621;82.3;80.7;5.8
17;2021-10-27;256;440;2062;532881;522940;39683;82.4;80.8;6.1
17;2021-10-28;161;244;1062;533042;523184;40745;82.4;80.9;6.3
17;2021-10-29;232;412;1743;533274;523596;42488;82.4;80.9;6.6
17;2021-10-30;74;131;413;533348;523727;42901;82.4;80.9;6.6
17;2021-10-31;9;8;3;533357;523735;42904;82.4;80.9;6.6
17;2021-11-01;16;16;22;533373;523751;42926;82.4;80.9;6.6
17;2021-11-02;240;318;1221;533613;524069;44147;82.5;81.0;6.8
17;2021-11-03;234;334;1677;533847;524403;45824;82.5;81.0;7.1
17;2021-11-04;137;211;1334;533984;524614;47158;82.5;81.1;7.3
17;2021-11-05;231;340;1645;534215;524954;48803;82.6;81.1;7.5
17;2021-11-06;83;137;359;534298;525091;49162;82.6;81.1;7.6
17;2021-11-07;1;6;8;534299;525097;49170;82.6;81.1;7.6
17;2021-11-08;190;414;2142;534489;525511;51312;82.6;81.2;7.9
17;2021-11-09;199;389;2333;534688;525900;53645;82.6;81.3;8.3
17;2021-11-10;303;466;2832;534991;526366;56477;82.7;81.3;8.7
17;2021-11-11;4;9;73;534995;526375;56550;82.7;81.3;8.7
17;2021-11-12;164;244;2116;535159;526619;58666;82.7;81.4;9.1
17;2021-11-13;61;63;557;535220;526682;59223;82.7;81.4;9.2
17;2021-11-14;2;25;15;535222;526707;59238;82.7;81.4;9.2
17;2021-11-15;188;235;2313;535410;526942;61551;82.7;81.4;9.5
17;2021-11-16;197;263;2485;535607;527205;64036;82.8;81.5;9.9
17;2021-11-17;298;363;2941;535905;527568;66977;82.8;81.5;10.4
17;2021-11-18;228;197;2592;536133;527765;69569;82.9;81.6;10.8
17;2021-11-19;262;366;2830;536395;528131;72399;82.9;81.6;11.2
17;2021-11-20;116;146;649;536511;528277;73048;82.9;81.6;11.3
17;2021-11-21;10;6;27;536521;528283;73075;82.9;81.6;11.3
17;2021-11-22;285;186;2988;536806;528469;76063;83.0;81.7;11.8
17;2021-11-23;280;213;3310;537086;528682;79373;83.0;81.7;12.3
17;2021-11-24;292;346;3223;537378;529028;82596;83.0;81.8;12.8
17;2021-11-25;280;213;3385;537658;529241;85981;83.1;81.8;13.3
17;2021-11-26;307;324;4124;537965;529565;90105;83.1;81.8;13.9
17;2021-11-27;89;104;1044;538054;529669;91149;83.2;81.9;14.1
17;2021-11-28;12;6;156;538066;529675;91305;83.2;81.9;14.1
17;2021-11-29;162;249;4058;538228;529924;95363;83.2;81.9;14.7
17;2021-11-30;236;200;5491;538464;530124;100854;83.2;81.9;15.6
17;2021-12-01;217;328;5539;538681;530452;106393;83.2;82.0;16.4
17;2021-12-02;209;180;5866;538890;530632;112259;83.3;82.0;17.3
17;2021-12-03;233;260;6206;539123;530892;118465;83.3;82.0;18.3
17;2021-12-04;66;78;1580;539189;530970;120045;83.3;82.1;18.6
17;2021-12-05;9;19;235;539198;530989;120280;83.3;82.1;18.6
17;2021-12-06;132;213;5826;539330;531202;126106;83.3;82.1;19.5
17;2021-12-07;196;191;7342;539526;531393;133448;83.4;82.1;20.6
17;2021-12-08;175;318;6914;539701;531711;140362;83.4;82.2;21.7
17;2021-12-09;195;237;7643;539896;531948;148005;83.4;82.2;22.9
17;2021-12-10;181;283;8352;540077;532231;156357;83.5;82.3;24.2
17;2021-12-11;104;108;2348;540181;532339;158705;83.5;82.3;24.5
17;2021-12-12;27;19;527;540208;532358;159232;83.5;82.3;24.6
17;2021-12-13;161;260;6977;540369;532618;166209;83.5;82.3;25.7
17;2021-12-14;239;336;9210;540608;532954;175419;83.5;82.4;27.1
17;2021-12-15;254;360;8371;540862;533314;183790;83.6;82.4;28.4
17;2021-12-16;273;323;9523;541135;533637;193313;83.6;82.5;29.9
17;2021-12-17;293;368;9219;541428;534005;202532;83.7;82.5;31.3
17;2021-12-18;139;144;2873;541567;534149;205405;83.7;82.5;31.7
17;2021-12-19;35;29;650;541602;534178;206055;83.7;82.6;31.8
17;2021-12-20;277;258;6876;541879;534436;212931;83.7;82.6;32.9
17;2021-12-21;315;333;8818;542194;534769;221749;83.8;82.6;34.3
17;2021-12-22;361;320;7633;542555;535089;229382;83.8;82.7;35.4
18;2020-12-27;0;0;0;0;0;0;0.0;0.0;0.0
18;2020-12-28;0;0;0;0;0;0;0.0;0.0;0.0
18;2020-12-29;0;0;0;0;0;0;0.0;0.0;0.0
18;2020-12-30;1;0;0;1;0;0;0.0;0.0;0.0
18;2020-12-31;0;0;0;1;0;0;0.0;0.0;0.0
18;2021-01-01;0;0;0;1;0;0;0.0;0.0;0.0
18;2021-01-02;0;0;0;1;0;0;0.0;0.0;0.0
18;2021-01-03;0;0;0;1;0;0;0.0;0.0;0.0
18;2021-01-04;3;0;0;4;0;0;0.0;0.0;0.0
18;2021-01-05;5;0;0;9;0;0;0.0;0.0;0.0
18;2021-01-06;7;0;0;16;0;0;0.0;0.0;0.0
18;2021-01-07;36;1;0;52;1;0;0.0;0.0;0.0
18;2021-01-08;74;0;0;126;1;0;0.0;0.0;0.0
18;2021-01-09;214;0;0;340;1;0;0.1;0.0;0.0
18;2021-01-10;148;0;0;488;1;0;0.2;0.0;0.0
18;2021-01-11;185;0;0;673;1;0;0.2;0.0;0.0
18;2021-01-12;332;0;0;1005;1;0;0.3;0.0;0.0
18;2021-01-13;243;2;0;1248;3;0;0.4;0.0;0.0
18;2021-01-14;287;2;0;1535;5;0;0.5;0.0;0.0
18;2021-01-15;275;2;0;1810;7;0;0.6;0.0;0.0
18;2021-01-16;169;1;0;1979;8;0;0.7;0.0;0.0
18;2021-01-17;2;0;0;1981;8;0;0.7;0.0;0.0
18;2021-01-18;318;0;0;2299;8;0;0.8;0.0;0.0
18;2021-01-19;1281;4;0;3580;12;0;1.2;0.0;0.0
18;2021-01-20;1074;2;0;4654;14;0;1.6;0.0;0.0
18;2021-01-21;887;1;0;5541;15;0;1.9;0.0;0.0
18;2021-01-22;667;1;0;6208;16;0;2.1;0.0;0.0
18;2021-01-23;210;2;0;6418;18;0;2.2;0.0;0.0
18;2021-01-24;4;0;0;6422;18;0;2.2;0.0;0.0
18;2021-01-25;441;1;0;6863;19;0;2.3;0.0;0.0
18;2021-01-26;380;1;0;7243;20;0;2.4;0.0;0.0
18;2021-01-27;410;11;0;7653;31;0;2.6;0.0;0.0
18;2021-01-28;519;12;0;8172;43;0;2.8;0.0;0.0
18;2021-01-29;440;70;0;8612;113;0;2.9;0.0;0.0
18;2021-01-30;362;154;0;8974;267;0;3.0;0.1;0.0
18;2021-01-31;80;119;0;9054;386;0;3.1;0.1;0.0
18;2021-02-01;270;136;0;9324;522;0;3.1;0.2;0.0
18;2021-02-02;442;229;0;9766;751;0;3.3;0.3;0.0
18;2021-02-03;413;192;0;10179;943;0;3.4;0.3;0.0
18;2021-02-04;595;188;0;10774;1131;0;3.6;0.4;0.0
18;2021-02-05;382;169;0;11156;1300;0;3.8;0.4;0.0
18;2021-02-06;274;98;0;11430;1398;0;3.9;0.5;0.0
18;2021-02-07;108;2;0;11538;1400;0;3.9;0.5;0.0
18;2021-02-08;306;236;0;11844;1636;0;4.0;0.6;0.0
18;2021-02-09;593;740;0;12437;2376;0;4.2;0.8;0.0
18;2021-02-10;752;666;0;13189;3042;0;4.4;1.0;0.0
18;2021-02-11;670;456;0;13859;3498;0;4.7;1.2;0.0
18;2021-02-12;493;291;0;14352;3789;0;4.8;1.3;0.0
18;2021-02-13;274;122;0;14626;3911;0;4.9;1.3;0.0
18;2021-02-14;350;92;0;14976;4003;0;5.1;1.4;0.0
18;2021-02-15;370;404;0;15346;4407;0;5.2;1.5;0.0
18;2021-02-16;390;450;0;15736;4857;0;5.3;1.6;0.0
18;2021-02-17;410;500;0;16146;5357;0;5.4;1.8;0.0
18;2021-02-18;270;556;0;16416;5913;0;5.5;2.0;0.0
18;2021-02-19;323;368;0;16739;6281;0;5.6;2.1;0.0
18;2021-02-20;615;230;0;17354;6511;0;5.9;2.2;0.0
18;2021-02-21;313;5;0;17667;6516;0;6.0;2.2;0.0
18;2021-02-22;215;412;0;17882;6928;0;6.0;2.3;0.0
18;2021-02-23;237;385;0;18119;7313;0;6.1;2.5;0.0
18;2021-02-24;225;284;0;18344;7597;0;6.2;2.6;0.0
18;2021-02-25;329;571;0;18673;8168;0;6.3;2.8;0.0
18;2021-02-26;587;293;0;19260;8461;0;6.5;2.9;0.0
18;2021-02-27;495;390;0;19755;8851;0;6.7;3.0;0.0
18;2021-02-28;6;73;0;19761;8924;0;6.7;3.0;0.0
18;2021-03-01;249;426;0;20010;9350;0;6.8;3.2;0.0
18;2021-03-02;323;560;0;20333;9910;0;6.9;3.3;0.0
18;2021-03-03;360;610;0;20693;10520;0;7.0;3.5;0.0
18;2021-03-04;520;606;0;21213;11126;0;7.2;3.8;0.0
18;2021-03-05;588;365;0;21801;11491;0;7.4;3.9;0.0
18;2021-03-06;1077;341;0;22878;11832;0;7.7;4.0;0.0
18;2021-03-07;51;136;0;22929;11968;0;7.7;4.0;0.0
18;2021-03-08;340;379;0;23269;12347;0;7.9;4.2;0.0
18;2021-03-09;463;398;0;23732;12745;0;8.0;4.3;0.0
18;2021-03-10;493;466;0;24225;13211;0;8.2;4.5;0.0
18;2021-03-11;552;409;0;24777;13620;0;8.4;4.6;0.0
18;2021-03-12;799;322;0;25576;13942;0;8.6;4.7;0.0
18;2021-03-13;1192;241;0;26768;14183;0;9.0;4.8;0.0
18;2021-03-14;298;209;0;27066;14392;0;9.1;4.9;0.0
18;2021-03-15;528;393;0;27594;14785;0;9.3;5.0;0.0
18;2021-03-16;447;319;0;28041;15104;0;9.5;5.1;0.0
18;2021-03-17;408;415;0;28449;15519;0;9.6;5.2;0.0
18;2021-03-18;514;249;0;28963;15768;0;9.8;5.3;0.0
18;2021-03-19;793;243;0;29756;16011;0;10.0;5.4;0.0
18;2021-03-20;967;606;0;30723;16617;0;10.4;5.6;0.0
18;2021-03-21;310;304;0;31033;16921;0;10.5;5.7;0.0
18;2021-03-22;600;286;0;31633;17207;0;10.7;5.8;0.0
18;2021-03-23;830;278;0;32463;17485;0;11.0;5.9;0.0
18;2021-03-24;1118;284;0;33581;17769;0;11.3;6.0;0.0
18;2021-03-25;1242;308;0;34823;18077;0;11.7;6.1;0.0
18;2021-03-26;1314;347;0;36137;18424;0;12.2;6.2;0.0
18;2021-03-27;1479;312;0;37616;18736;0;12.7;6.3;0.0
18;2021-03-28;213;5;0;37829;18741;0;12.8;6.3;0.0
18;2021-03-29;1054;218;0;38883;18959;0;13.1;6.4;0.0
18;2021-03-30;1116;322;0;39999;19281;0;13.5;6.5;0.0
18;2021-03-31;1371;274;0;41370;19555;0;14.0;6.6;0.0
18;2021-04-01;1433;356;0;42803;19911;0;14.4;6.7;0.0
18;2021-04-02;1280;329;0;44083;20240;0;14.9;6.8;0.0
18;2021-04-03;623;174;0;44706;20414;0;15.1;6.9;0.0
18;2021-04-04;78;6;0;44784;20420;0;15.1;6.9;0.0
18;2021-04-05;205;2;0;44989;20422;0;15.2;6.9;0.0
18;2021-04-06;1088;368;0;46077;20790;0;15.5;7.0;0.0
18;2021-04-07;1290;412;0;47367;21202;0;16.0;7.2;0.0
18;2021-04-08;1729;368;0;49096;21570;0;16.6;7.3;0.0
18;2021-04-09;1902;329;0;50998;21899;0;17.2;7.4;0.0
18;2021-04-10;2552;654;0;53550;22553;0;18.1;7.6;0.0
18;2021-04-11;1879;325;0;55429;22878;0;18.7;7.7;0.0
18;2021-04-12;1382;423;0;56811;23301;0;19.2;7.9;0.0
18;2021-04-13;1722;494;0;58533;23795;0;19.7;8.0;0.0
18;2021-04-14;1362;530;0;59895;24325;0;20.2;8.2;0.0
18;2021-04-15;1501;580;0;61396;24905;0;20.7;8.4;0.0
18;2021-04-16;1693;636;0;63089;25541;0;21.3;8.6;0.0
18;2021-04-17;1501;526;0;64590;26067;0;21.8;8.8;0.0
18;2021-04-18;369;235;0;64959;26302;0;21.9;8.9;0.0
18;2021-04-19;1310;591;0;66269;26893;0;22.4;9.1;0.0
18;2021-04-20;1367;799;0;67636;27692;0;22.8;9.3;0.0
18;2021-04-21;1232;963;0;68868;28655;0;23.2;9.7;0.0
18;2021-04-22;1351;848;0;70219;29503;0;23.7;10.0;0.0
18;2021-04-23;1387;761;0;71606;30264;0;24.2;10.2;0.0
18;2021-04-24;1326;1253;0;72932;31517;0;24.6;10.6;0.0
18;2021-04-25;299;206;0;73231;31723;0;24.7;10.7;0.0
18;2021-04-26;1186;891;0;74417;32614;0;25.1;11.0;0.0
18;2021-04-27;1466;801;0;75883;33415;0;25.6;11.3;0.0
18;2021-04-28;1346;974;0;77229;34389;0;26.1;11.6;0.0
18;2021-04-29;1746;808;0;78975;35197;0;26.6;11.9;0.0
18;2021-04-30;1516;1045;0;80491;36242;0;27.2;12.2;0.0
18;2021-05-01;781;225;0;81272;36467;0;27.4;12.3;0.0
18;2021-05-02;764;63;0;82036;36530;0;27.7;12.3;0.0
18;2021-05-03;1637;1006;0;83673;37536;0;28.2;12.7;0.0
18;2021-05-04;1688;1333;0;85361;38869;0;28.8;13.1;0.0
18;2021-05-05;1675;1196;0;87036;40065;0;29.4;13.5;0.0
18;2021-05-06;2161;1377;0;89197;41442;0;30.1;14.0;0.0
18;2021-05-07;1284;1408;0;90481;42850;0;30.5;14.5;0.0
18;2021-05-08;975;1433;0;91456;44283;0;30.9;14.9;0.0
18;2021-05-09;482;2155;0;91938;46438;0;31.0;15.7;0.0
18;2021-05-10;1193;1500;0;93131;47938;0;31.4;16.2;0.0
18;2021-05-11;1740;1696;0;94871;49634;0;32.0;16.7;0.0
18;2021-05-12;1863;1389;0;96734;51023;0;32.6;17.2;0.0
18;2021-05-13;1082;323;0;97816;51346;0;33.0;17.3;0.0
18;2021-05-14;1440;981;0;99256;52327;0;33.5;17.7;0.0
18;2021-05-15;1881;1089;0;101137;53416;0;34.1;18.0;0.0
18;2021-05-16;544;555;0;101681;53971;0;34.3;18.2;0.0
18;2021-05-17;1292;1072;0;102973;55043;0;34.7;18.6;0.0
18;2021-05-18;2100;934;0;105073;55977;0;35.4;18.9;0.0
18;2021-05-19;2105;926;0;107178;56903;0;36.2;19.2;0.0
18;2021-05-20;2182;963;0;109360;57866;0;36.9;19.5;0.0
18;2021-05-21;1567;828;0;110927;58694;0;37.4;19.8;0.0
18;2021-05-22;1691;1044;0;112618;59738;0;38.0;20.2;0.0
18;2021-05-23;495;334;0;113113;60072;0;38.2;20.3;0.0
18;2021-05-24;576;302;0;113689;60374;0;38.4;20.4;0.0
18;2021-05-25;1714;1034;0;115403;61408;0;38.9;20.7;0.0
18;2021-05-26;2032;868;0;117435;62276;0;39.6;21.0;0.0
18;2021-05-27;1992;1164;0;119427;63440;0;40.3;21.4;0.0
18;2021-05-28;1708;1363;0;121135;64803;0;40.9;21.9;0.0
18;2021-05-29;2455;1616;0;123590;66419;0;41.7;22.4;0.0
18;2021-05-30;1481;488;0;125071;66907;0;42.2;22.6;0.0
18;2021-05-31;1587;678;0;126658;67585;0;42.7;22.8;0.0
18;2021-06-01;1932;954;0;128590;68539;0;43.4;23.1;0.0
18;2021-06-02;1877;1006;0;130467;69545;0;44.0;23.5;0.0
18;2021-06-03;2058;1215;0;132525;70760;0;44.7;23.9;0.0
18;2021-06-04;1817;1138;0;134342;71898;0;45.3;24.3;0.0
18;2021-06-05;2326;1396;0;136668;73294;0;46.1;24.7;0.0
18;2021-06-06;372;395;0;137040;73689;0;46.2;24.9;0.0
18;2021-06-07;1213;1188;0;138253;74877;0;46.6;25.3;0.0
18;2021-06-08;1483;1317;0;139736;76194;0;47.1;25.7;0.0
18;2021-06-09;1343;1056;0;141079;77250;0;47.6;26.1;0.0
18;2021-06-10;1548;1349;0;142627;78599;0;48.1;26.5;0.0
18;2021-06-11;1464;1401;0;144091;80000;0;48.6;27.0;0.0
18;2021-06-12;1207;2475;0;145298;82475;0;49.0;27.8;0.0
18;2021-06-13;145;258;0;145443;82733;0;49.1;27.9;0.0
18;2021-06-14;657;1852;0;146100;84585;0;49.3;28.5;0.0
18;2021-06-15;1189;1811;0;147289;86396;0;49.7;29.1;0.0
18;2021-06-16;1287;1444;0;148576;87840;0;50.1;29.6;0.0
18;2021-06-17;1327;1660;0;149903;89500;0;50.6;30.2;0.0
18;2021-06-18;1346;1733;0;151249;91233;0;51.0;30.8;0.0
18;2021-06-19;1512;1210;0;152761;92443;0;51.5;31.2;0.0
18;2021-06-20;251;180;0;153012;92623;0;51.6;31.2;0.0
18;2021-06-21;663;1689;0;153675;94312;0;51.8;31.8;0.0
18;2021-06-22;1096;1750;0;154771;96062;0;52.2;32.4;0.0
18;2021-06-23;1035;1701;0;155806;97763;0;52.6;33.0;0.0
18;2021-06-24;1054;1144;0;156860;98907;0;52.9;33.4;0.0
18;2021-06-25;963;1906;0;157823;100813;0;53.2;34.0;0.0
18;2021-06-26;1053;1534;0;158876;102347;0;53.6;34.5;0.0
18;2021-06-27;34;383;0;158910;102730;0;53.6;34.7;0.0
18;2021-06-28;433;1867;0;159343;104597;0;53.8;35.3;0.0
18;2021-06-29;614;2393;0;159957;106990;0;54.0;36.1;0.0
18;2021-06-30;642;2478;0;160599;109468;0;54.2;36.9;0.0
18;2021-07-01;1017;2056;0;161616;111524;0;54.5;37.6;0.0
18;2021-07-02;650;1664;0;162266;113188;0;54.7;38.2;0.0
18;2021-07-03;700;2436;0;162966;115624;0;55.0;39.0;0.0
18;2021-07-04;166;1006;0;163132;116630;0;55.0;39.3;0.0
18;2021-07-05;752;1819;0;163884;118449;0;55.3;40.0;0.0
18;2021-07-06;652;2306;0;164536;120755;0;55.5;40.7;0.0
18;2021-07-07;745;2059;0;165281;122814;0;55.8;41.4;0.0
18;2021-07-08;959;1875;0;166240;124689;0;56.1;42.1;0.0
18;2021-07-09;744;2346;0;166984;127035;0;56.3;42.9;0.0
18;2021-07-10;774;2984;0;167758;130019;0;56.6;43.9;0.0
18;2021-07-11;116;694;0;167874;130713;0;56.6;44.1;0.0
18;2021-07-12;280;2073;0;168154;132786;0;56.7;44.8;0.0
18;2021-07-13;708;2706;0;168862;135492;0;57.0;45.7;0.0
18;2021-07-14;256;902;0;169118;136394;0;57.1;46.0;0.0
18;2021-07-15;1485;2672;0;170603;139066;0;57.6;46.9;0.0
18;2021-07-16;1433;2178;0;172036;141244;0;58.0;47.7;0.0
18;2021-07-17;1128;2155;0;173164;143399;0;58.4;48.4;0.0
18;2021-07-18;259;335;0;173423;143734;0;58.5;48.5;0.0
18;2021-07-19;1266;1642;0;174689;145376;0;58.9;49.0;0.0
18;2021-07-20;1683;2326;0;176372;147702;0;59.5;49.8;0.0
18;2021-07-21;1867;2010;0;178239;149712;0;60.1;50.5;0.0
18;2021-07-22;2108;1955;0;180347;151667;0;60.8;51.2;0.0
18;2021-07-23;1518;1707;0;181865;153374;0;61.4;51.7;0.0
18;2021-07-24;1032;1516;0;182897;154890;0;61.7;52.3;0.0
18;2021-07-25;229;413;0;183126;155303;0;61.8;52.4;0.0
18;2021-07-26;1433;1493;0;184559;156796;0;62.3;52.9;0.0
18;2021-07-27;1876;1719;0;186435;158515;0;62.9;53.5;0.0
18;2021-07-28;2297;1866;0;188732;160381;0;63.7;54.1;0.0
18;2021-07-29;2208;1822;0;190940;162203;0;64.4;54.7;0.0
18;2021-07-30;1714;1437;0;192654;163640;0;65.0;55.2;0.0
18;2021-07-31;1171;1279;0;193825;164919;0;65.4;55.6;0.0
18;2021-08-01;125;39;0;193950;164958;0;65.4;55.7;0.0
18;2021-08-02;1492;825;0;195442;165783;0;65.9;55.9;0.0
18;2021-08-03;1860;1678;0;197302;167461;0;66.6;56.5;0.0
18;2021-08-04;2240;1101;0;199542;168562;0;67.3;56.9;0.0
18;2021-08-05;1721;1233;0;201263;169795;0;67.9;57.3;0.0
18;2021-08-06;1777;1155;0;203040;170950;0;68.5;57.7;0.0
18;2021-08-07;717;831;0;203757;171781;0;68.7;58.0;0.0
18;2021-08-08;62;79;0;203819;171860;0;68.8;58.0;0.0
18;2021-08-09;1122;1034;0;204941;172894;0;69.1;58.3;0.0
18;2021-08-10;1378;1642;0;206319;174536;0;69.6;58.9;0.0
18;2021-08-11;1707;1536;0;208026;176072;0;70.2;59.4;0.0
18;2021-08-12;1617;1621;0;209643;177693;0;70.7;59.9;0.0
18;2021-08-13;1099;1164;0;210742;178857;0;71.1;60.3;0.0
18;2021-08-14;772;657;0;211514;179514;0;71.4;60.6;0.0
18;2021-08-15;39;36;0;211553;179550;0;71.4;60.6;0.0
18;2021-08-16;815;1410;0;212368;180960;0;71.6;61.1;0.0
18;2021-08-17;1007;1977;0;213375;182937;0;72.0;61.7;0.0
18;2021-08-18;1141;1888;0;214516;184825;0;72.4;62.4;0.0
18;2021-08-19;1041;1725;0;215557;186550;0;72.7;62.9;0.0
18;2021-08-20;906;1764;0;216463;188314;0;73.0;63.5;0.0
18;2021-08-21;436;804;0;216899;189118;0;73.2;63.8;0.0
18;2021-08-22;24;88;0;216923;189206;0;73.2;63.8;0.0
18;2021-08-23;535;1663;0;217458;190869;0;73.4;64.4;0.0
18;2021-08-24;843;1734;0;218301;192603;0;73.6;65.0;0.0
18;2021-08-25;794;1882;0;219095;194485;0;73.9;65.6;0.0
18;2021-08-26;745;1697;0;219840;196182;0;74.2;66.2;0.0
18;2021-08-27;563;2061;0;220403;198243;0;74.4;66.9;0.0
18;2021-08-28;515;934;0;220918;199177;0;74.5;67.2;0.0
18;2021-08-29;92;181;0;221010;199358;0;74.6;67.3;0.0
18;2021-08-30;525;1388;33;221535;200746;33;74.7;67.7;0.0
18;2021-08-31;498;1534;47;222033;202280;80;74.9;68.2;0.0
18;2021-09-01;589;1602;131;222622;203882;211;75.1;68.8;0.1
18;2021-09-02;408;1264;154;223030;205146;365;75.2;69.2;0.1
18;2021-09-03;458;1192;165;223488;206338;530;75.4;69.6;0.2
18;2021-09-04;375;847;76;223863;207185;606;75.5;69.9;0.2
18;2021-09-05;32;62;23;223895;207247;629;75.5;69.9;0.2
18;2021-09-06;267;916;211;224162;208163;840;75.6;70.2;0.3
18;2021-09-07;314;946;163;224476;209109;1003;75.7;70.5;0.3
18;2021-09-08;402;1093;119;224878;210202;1122;75.9;70.9;0.4
18;2021-09-09;352;950;175;225230;211152;1297;76.0;71.2;0.4
18;2021-09-10;415;913;173;225645;212065;1470;76.1;71.5;0.5
18;2021-09-11;261;824;93;225906;212889;1563;76.2;71.8;0.5
18;2021-09-12;7;28;13;225913;212917;1576;76.2;71.8;0.5
18;2021-09-13;334;741;160;226247;213658;1736;76.3;72.1;0.6
18;2021-09-14;284;784;276;226531;214442;2012;76.4;72.3;0.7
18;2021-09-15;337;1031;340;226868;215473;2352;76.5;72.7;0.8
18;2021-09-16;466;853;293;227334;216326;2645;76.7;73.0;0.9
18;2021-09-17;350;704;362;227684;217030;3007;76.8;73.2;1.0
18;2021-09-18;198;655;132;227882;217685;3139;76.9;73.4;1.1
18;2021-09-19;8;10;11;227890;217695;3150;76.9;73.4;1.1
18;2021-09-20;153;546;288;228043;218241;3438;76.9;73.6;1.2
18;2021-09-21;128;453;270;228171;218694;3708;77.0;73.8;1.3
18;2021-09-22;182;776;359;228353;219470;4067;77.0;74.0;1.4
18;2021-09-23;246;442;526;228599;219912;4593;77.1;74.2;1.5
18;2021-09-24;140;492;355;228739;220404;4948;77.2;74.4;1.7
18;2021-09-25;150;712;173;228889;221116;5121;77.2;74.6;1.7
18;2021-09-26;16;96;48;228905;221212;5169;77.2;74.6;1.7
18;2021-09-27;111;323;276;229016;221535;5445;77.3;74.7;1.8
18;2021-09-28;85;287;306;229101;221822;5751;77.3;74.8;1.9
18;2021-09-29;83;299;226;229184;222121;5977;77.3;74.9;2.0
18;2021-09-30;120;281;529;229304;222402;6506;77.4;75.0;2.2
18;2021-10-01;169;303;336;229473;222705;6842;77.4;75.1;2.3
18;2021-10-02;80;212;77;229553;222917;6919;77.4;75.2;2.3
18;2021-10-03;8;13;32;229561;222930;6951;77.4;75.2;2.3
18;2021-10-04;141;423;364;229702;223353;7315;77.5;75.4;2.5
18;2021-10-05;137;311;418;229839;223664;7733;77.5;75.5;2.6
18;2021-10-06;134;424;459;229973;224088;8192;77.6;75.6;2.8
18;2021-10-07;109;383;343;230082;224471;8535;77.6;75.7;2.9
18;2021-10-08;160;503;571;230242;224974;9106;77.7;75.9;3.1
18;2021-10-09;123;298;159;230365;225272;9265;77.7;76.0;3.1
18;2021-10-10;6;13;36;230371;225285;9301;77.7;76.0;3.1
18;2021-10-11;152;201;510;230523;225486;9811;77.8;76.1;3.3
18;2021-10-12;146;198;630;230669;225684;10441;77.8;76.1;3.5
18;2021-10-13;156;226;451;230825;225910;10892;77.9;76.2;3.7
18;2021-10-14;63;231;328;230888;226141;11220;77.9;76.3;3.8
18;2021-10-15;165;288;768;231053;226429;11988;78.0;76.4;4.0
18;2021-10-16;152;245;825;231205;226674;12813;78.0;76.5;4.3
18;2021-10-17;8;19;36;231213;226693;12849;78.0;76.5;4.3
18;2021-10-18;124;169;464;231337;226862;13313;78.0;76.5;4.5
18;2021-10-19;101;106;447;231438;226968;13760;78.1;76.6;4.6
18;2021-10-20;144;131;651;231582;227099;14411;78.1;76.6;4.9
18;2021-10-21;66;82;405;231648;227181;14816;78.2;76.6;5.0
18;2021-10-22;126;188;583;231774;227369;15399;78.2;76.7;5.2
18;2021-10-23;92;91;313;231866;227460;15712;78.2;76.7;5.3
18;2021-10-24;6;7;27;231872;227467;15739;78.2;76.7;5.3
18;2021-10-25;104;145;543;231976;227612;16282;78.3;76.8;5.5
18;2021-10-26;88;146;431;232064;227758;16713;78.3;76.8;5.6
18;2021-10-27;110;160;601;232174;227918;17314;78.3;76.9;5.8
18;2021-10-28;58;78;531;232232;227996;17845;78.3;76.9;6.0
18;2021-10-29;131;166;641;232363;228162;18486;78.4;77.0;6.2
18;2021-10-30;80;114;200;232443;228276;18686;78.4;77.0;6.3
18;2021-10-31;0;1;2;232443;228277;18688;78.4;77.0;6.3
18;2021-11-01;5;10;2;232448;228287;18690;78.4;77.0;6.3
18;2021-11-02;72;145;508;232520;228432;19198;78.4;77.1;6.5
18;2021-11-03;103;219;795;232623;228651;19993;78.5;77.1;6.7
18;2021-11-04;63;73;458;232686;228724;20451;78.5;77.2;6.9
18;2021-11-05;73;134;721;232759;228858;21172;78.5;77.2;7.1
18;2021-11-06;76;144;1284;232835;229002;22456;78.6;77.3;7.6
18;2021-11-07;6;14;45;232841;229016;22501;78.6;77.3;7.6
18;2021-11-08;61;114;906;232902;229130;23407;78.6;77.3;7.9
18;2021-11-09;78;113;885;232980;229243;24292;78.6;77.3;8.2
18;2021-11-10;114;154;1051;233094;229397;25343;78.6;77.4;8.6
18;2021-11-11;1;2;11;233095;229399;25354;78.6;77.4;8.6
18;2021-11-12;67;127;701;233162;229526;26055;78.7;77.4;8.8
18;2021-11-13;50;106;385;233212;229632;26440;78.7;77.5;8.9
18;2021-11-14;0;3;7;233212;229635;26447;78.7;77.5;8.9
18;2021-11-15;73;111;1173;233285;229746;27620;78.7;77.5;9.3
18;2021-11-16;98;96;1453;233383;229842;29073;78.7;77.5;9.8
18;2021-11-17;159;156;1602;233542;229998;30675;78.8;77.6;10.3
18;2021-11-18;58;75;1074;233600;230073;31749;78.8;77.6;10.7
18;2021-11-19;102;147;1326;233702;230220;33075;78.8;77.7;11.2
18;2021-11-20;76;114;905;233778;230334;33980;78.9;77.7;11.5
18;2021-11-21;16;16;75;233794;230350;34055;78.9;77.7;11.5
18;2021-11-22;100;55;1216;233894;230405;35271;78.9;77.7;11.9
18;2021-11-23;113;89;1479;234007;230494;36750;78.9;77.8;12.4
18;2021-11-24;146;107;1503;234153;230601;38253;79.0;77.8;12.9
18;2021-11-25;53;75;1177;234206;230676;39430;79.0;77.8;13.3
18;2021-11-26;130;118;1796;234336;230794;41226;79.1;77.9;13.9
18;2021-11-27;109;81;990;234445;230875;42216;79.1;77.9;14.2
18;2021-11-28;9;13;416;234454;230888;42632;79.1;77.9;14.4
18;2021-11-29;107;75;2007;234561;230963;44639;79.1;77.9;15.1
18;2021-11-30;83;80;2269;234644;231043;46908;79.2;77.9;15.8
18;2021-12-01;78;113;2528;234722;231156;49436;79.2;78.0;16.7
18;2021-12-02;81;59;2753;234803;231215;52189;79.2;78.0;17.6
18;2021-12-03;75;81;2501;234878;231296;54690;79.2;78.0;18.5
18;2021-12-04;41;89;2190;234919;231385;56880;79.3;78.1;19.2
18;2021-12-05;6;3;118;234925;231388;56998;79.3;78.1;19.2
18;2021-12-06;42;91;2568;234967;231479;59566;79.3;78.1;20.1
18;2021-12-07;51;96;3636;235018;231575;63202;79.3;78.1;21.3
18;2021-12-08;61;142;3070;235079;231717;66272;79.3;78.2;22.4
18;2021-12-09;86;102;3327;235165;231819;69599;79.3;78.2;23.5
18;2021-12-10;80;144;3814;235245;231963;73413;79.4;78.3;24.8
18;2021-12-11;66;86;3178;235311;232049;76591;79.4;78.3;25.8
18;2021-12-12;28;21;691;235339;232070;77282;79.4;78.3;26.1
18;2021-12-13;51;114;2780;235390;232184;80062;79.4;78.3;27.0
18;2021-12-14;83;117;4080;235473;232301;84142;79.4;78.4;28.4
18;2021-12-15;105;139;4002;235578;232440;88144;79.5;78.4;29.7
18;2021-12-16;100;84;3805;235678;232524;91949;79.5;78.4;31.0
18;2021-12-17;92;180;3872;235770;232704;95821;79.5;78.5;32.3
18;2021-12-18;83;127;3608;235853;232831;99429;79.6;78.6;33.5
18;2021-12-19;22;19;568;235875;232850;99997;79.6;78.6;33.7
18;2021-12-20;81;112;2548;235956;232962;102545;79.6;78.6;34.6
18;2021-12-21;95;103;3231;236051;233065;105776;79.6;78.6;35.7
18;2021-12-22;101;95;2592;236152;233160;108368;79.7;78.7;36.6
19;2020-12-27;0;0;0;0;0;0;0.0;0.0;0.0
19;2020-12-28;0;0;0;0;0;0;0.0;0.0;0.0
19;2020-12-29;1;0;0;1;0;0;0.0;0.0;0.0
19;2020-12-30;0;0;0;1;0;0;0.0;0.0;0.0
19;2020-12-31;0;0;0;1;0;0;0.0;0.0;0.0
19;2021-01-01;0;0;0;1;0;0;0.0;0.0;0.0
19;2021-01-02;0;0;0;1;0;0;0.0;0.0;0.0
19;2021-01-03;0;0;0;1;0;0;0.0;0.0;0.0
19;2021-01-04;0;0;0;1;0;0;0.0;0.0;0.0
19;2021-01-05;0;0;0;1;0;0;0.0;0.0;0.0
19;2021-01-06;0;0;0;1;0;0;0.0;0.0;0.0
19;2021-01-07;323;2;0;324;2;0;0.1;0.0;0.0
19;2021-01-08;236;1;0;560;3;0;0.2;0.0;0.0
19;2021-01-09;2;0;0;562;3;0;0.2;0.0;0.0
19;2021-01-10;1;0;0;563;3;0;0.2;0.0;0.0
19;2021-01-11;45;0;0;608;3;0;0.3;0.0;0.0
19;2021-01-12;383;2;0;991;5;0;0.4;0.0;0.0
19;2021-01-13;340;2;0;1331;7;0;0.6;0.0;0.0
19;2021-01-14;452;1;0;1783;8;0;0.7;0.0;0.0
19;2021-01-15;229;18;0;2012;26;0;0.8;0.0;0.0
19;2021-01-16;11;0;0;2023;26;0;0.8;0.0;0.0
19;2021-01-17;3;0;0;2026;26;0;0.8;0.0;0.0
19;2021-01-18;262;1;0;2288;27;0;1.0;0.0;0.0
19;2021-01-19;470;0;0;2758;27;0;1.1;0.0;0.0
19;2021-01-20;884;10;0;3642;37;0;1.5;0.0;0.0
19;2021-01-21;469;4;0;4111;41;0;1.7;0.0;0.0
19;2021-01-22;1210;13;0;5321;54;0;2.2;0.0;0.0
19;2021-01-23;269;0;0;5590;54;0;2.3;0.0;0.0
19;2021-01-24;38;0;0;5628;54;0;2.3;0.0;0.0
19;2021-01-25;234;0;0;5862;54;0;2.4;0.0;0.0
19;2021-01-26;540;1;0;6402;55;0;2.7;0.0;0.0
19;2021-01-27;300;2;0;6702;57;0;2.8;0.0;0.0
19;2021-01-28;284;237;0;6986;294;0;2.9;0.1;0.0
19;2021-01-29;315;60;0;7301;354;0;3.0;0.1;0.0
19;2021-01-30;128;20;0;7429;374;0;3.1;0.2;0.0
19;2021-01-31;41;1;0;7470;375;0;3.1;0.2;0.0
19;2021-02-01;164;92;0;7634;467;0;3.2;0.2;0.0
19;2021-02-02;308;399;0;7942;866;0;3.3;0.4;0.0
19;2021-02-03;272;215;0;8214;1081;0;3.4;0.4;0.0
19;2021-02-04;262;353;0;8476;1434;0;3.5;0.6;0.0
19;2021-02-05;312;85;0;8788;1519;0;3.7;0.6;0.0
19;2021-02-06;193;5;0;8981;1524;0;3.7;0.6;0.0
19;2021-02-07;45;2;0;9026;1526;0;3.8;0.6;0.0
19;2021-02-08;182;154;0;9208;1680;0;3.8;0.7;0.0
19;2021-02-09;285;264;0;9493;1944;0;3.9;0.8;0.0
19;2021-02-10;488;277;0;9981;2221;0;4.2;0.9;0.0
19;2021-02-11;411;322;0;10392;2543;0;4.3;1.1;0.0
19;2021-02-12;749;1087;0;11141;3630;0;4.6;1.5;0.0
19;2021-02-13;333;178;0;11474;3808;0;4.8;1.6;0.0
19;2021-02-14;95;12;0;11569;3820;0;4.8;1.6;0.0
19;2021-02-15;195;234;0;11764;4054;0;4.9;1.7;0.0
19;2021-02-16;349;176;0;12113;4230;0;5.0;1.8;0.0
19;2021-02-17;291;487;0;12404;4717;0;5.2;2.0;0.0
19;2021-02-18;182;481;0;12586;5198;0;5.2;2.2;0.0
19;2021-02-19;451;281;0;13037;5479;0;5.4;2.3;0.0
19;2021-02-20;128;194;0;13165;5673;0;5.5;2.4;0.0
19;2021-02-21;21;42;0;13186;5715;0;5.5;2.4;0.0
19;2021-02-22;210;207;0;13396;5922;0;5.6;2.5;0.0
19;2021-02-23;249;324;0;13645;6246;0;5.7;2.6;0.0
19;2021-02-24;333;219;0;13978;6465;0;5.8;2.7;0.0
19;2021-02-25;507;364;0;14485;6829;0;6.0;2.8;0.0
19;2021-02-26;426;327;0;14911;7156;0;6.2;3.0;0.0
19;2021-02-27;352;149;0;15263;7305;0;6.4;3.0;0.0
19;2021-02-28;67;36;0;15330;7341;0;6.4;3.1;0.0
19;2021-03-01;262;217;0;15592;7558;0;6.5;3.1;0.0
19;2021-03-02;409;240;0;16001;7798;0;6.7;3.2;0.0
19;2021-03-03;668;347;0;16669;8145;0;6.9;3.4;0.0
19;2021-03-04;798;321;0;17467;8466;0;7.3;3.5;0.0
19;2021-03-05;901;697;0;18368;9163;0;7.6;3.8;0.0
19;2021-03-06;1041;192;0;19409;9355;0;8.1;3.9;0.0
19;2021-03-07;449;38;0;19858;9393;0;8.3;3.9;0.0
19;2021-03-08;582;179;0;20440;9572;0;8.5;4.0;0.0
19;2021-03-09;852;248;0;21292;9820;0;8.9;4.1;0.0
19;2021-03-10;1096;310;0;22388;10130;0;9.3;4.2;0.0
19;2021-03-11;1280;287;0;23668;10417;0;9.8;4.3;0.0
19;2021-03-12;1243;385;0;24911;10802;0;10.4;4.5;0.0
19;2021-03-13;1080;154;0;25991;10956;0;10.8;4.6;0.0
19;2021-03-14;145;78;0;26136;11034;0;10.9;4.6;0.0
19;2021-03-15;661;151;0;26797;11185;0;11.1;4.7;0.0
19;2021-03-16;653;266;0;27450;11451;0;11.4;4.8;0.0
19;2021-03-17;772;290;0;28222;11741;0;11.7;4.9;0.0
19;2021-03-18;734;259;0;28956;12000;0;12.0;5.0;0.0
19;2021-03-19;991;452;0;29947;12452;0;12.5;5.2;0.0
19;2021-03-20;752;122;0;30699;12574;0;12.8;5.2;0.0
19;2021-03-21;117;4;0;30816;12578;0;12.8;5.2;0.0
19;2021-03-22;554;172;0;31370;12750;0;13.1;5.3;0.0
19;2021-03-23;1003;227;0;32373;12977;0;13.5;5.4;0.0
19;2021-03-24;1113;356;0;33486;13333;0;13.9;5.5;0.0
19;2021-03-25;1209;391;0;34695;13724;0;14.4;5.7;0.0
19;2021-03-26;1331;295;0;36026;14019;0;15.0;5.8;0.0
19;2021-03-27;817;187;0;36843;14206;0;15.3;5.9;0.0
19;2021-03-28;72;59;0;36915;14265;0;15.4;5.9;0.0
19;2021-03-29;605;173;0;37520;14438;0;15.6;6.0;0.0
19;2021-03-30;933;349;0;38453;14787;0;16.0;6.2;0.0
19;2021-03-31;1084;498;0;39537;15285;0;16.5;6.4;0.0
19;2021-04-01;1455;375;0;40992;15660;0;17.1;6.5;0.0
19;2021-04-02;1021;529;0;42013;16189;0;17.5;6.7;0.0
19;2021-04-03;585;261;0;42598;16450;0;17.7;6.8;0.0
19;2021-04-04;135;4;0;42733;16454;0;17.8;6.8;0.0
19;2021-04-05;65;73;0;42798;16527;0;17.8;6.9;0.0
19;2021-04-06;732;576;0;43530;17103;0;18.1;7.1;0.0
19;2021-04-07;925;728;0;44455;17831;0;18.5;7.4;0.0
19;2021-04-08;1126;960;0;45581;18791;0;19.0;7.8;0.0
19;2021-04-09;1629;671;0;47210;19462;0;19.6;8.1;0.0
19;2021-04-10;939;522;0;48149;19984;0;20.0;8.3;0.0
19;2021-04-11;511;66;0;48660;20050;0;20.2;8.3;0.0
19;2021-04-12;715;500;0;49375;20550;0;20.5;8.6;0.0
19;2021-04-13;926;561;0;50301;21111;0;20.9;8.8;0.0
19;2021-04-14;1354;814;0;51655;21925;0;21.5;9.1;0.0
19;2021-04-15;1252;800;0;52907;22725;0;22.0;9.5;0.0
19;2021-04-16;1530;814;0;54437;23539;0;22.7;9.8;0.0
19;2021-04-17;777;459;0;55214;23998;0;23.0;10.0;0.0
19;2021-04-18;583;65;0;55797;24063;0;23.2;10.0;0.0
19;2021-04-19;733;430;0;56530;24493;0;23.5;10.2;0.0
19;2021-04-20;922;699;0;57452;25192;0;23.9;10.5;0.0
19;2021-04-21;1184;700;0;58636;25892;0;24.4;10.8;0.0
19;2021-04-22;1089;879;0;59725;26771;0;24.9;11.1;0.0
19;2021-04-23;1185;977;0;60910;27748;0;25.3;11.5;0.0
19;2021-04-24;660;652;0;61570;28400;0;25.6;11.8;0.0
19;2021-04-25;641;72;0;62211;28472;0;25.9;11.8;0.0
19;2021-04-26;1102;338;0;63313;28810;0;26.3;12.0;0.0
19;2021-04-27;1071;551;0;64384;29361;0;26.8;12.2;0.0
19;2021-04-28;1540;567;0;65924;29928;0;27.4;12.5;0.0
19;2021-04-29;1464;1086;0;67388;31014;0;28.0;12.9;0.0
19;2021-04-30;1920;1082;0;69308;32096;0;28.8;13.4;0.0
19;2021-05-01;673;183;0;69981;32279;0;29.1;13.4;0.0
19;2021-05-02;552;150;0;70533;32429;0;29.3;13.5;0.0
19;2021-05-03;958;546;0;71491;32975;0;29.7;13.7;0.0
19;2021-05-04;1144;713;0;72635;33688;0;30.2;14.0;0.0
19;2021-05-05;1388;759;0;74023;34447;0;30.8;14.3;0.0
19;2021-05-06;1346;1162;0;75369;35609;0;31.4;14.8;0.0
19;2021-05-07;1733;1197;0;77102;36806;0;32.1;15.3;0.0
19;2021-05-08;854;228;0;77956;37034;0;32.4;15.4;0.0
19;2021-05-09;470;510;0;78426;37544;0;32.6;15.6;0.0
19;2021-05-10;1211;742;0;79637;38286;0;33.1;15.9;0.0
19;2021-05-11;1652;878;0;81289;39164;0;33.8;16.3;0.0
19;2021-05-12;1935;1338;0;83224;40502;0;34.6;16.9;0.0
19;2021-05-13;636;294;0;83860;40796;0;34.9;17.0;0.0
19;2021-05-14;1593;972;0;85453;41768;0;35.6;17.4;0.0
19;2021-05-15;1341;584;0;86794;42352;0;36.1;17.6;0.0
19;2021-05-16;287;95;0;87081;42447;0;36.2;17.7;0.0
19;2021-05-17;1432;584;0;88513;43031;0;36.8;17.9;0.0
19;2021-05-18;1644;518;0;90157;43549;0;37.5;18.1;0.0
19;2021-05-19;1972;852;0;92129;44401;0;38.3;18.5;0.0
19;2021-05-20;1758;896;0;93887;45297;0;39.1;18.8;0.0
19;2021-05-21;1967;873;0;95854;46170;0;39.9;19.2;0.0
19;2021-05-22;1203;631;0;97057;46801;0;40.4;19.5;0.0
19;2021-05-23;292;126;0;97349;46927;0;40.5;19.5;0.0
19;2021-05-24;217;57;0;97566;46984;0;40.6;19.5;0.0
19;2021-05-25;1486;554;0;99052;47538;0;41.2;19.8;0.0
19;2021-05-26;1933;691;0;100985;48229;0;42.0;20.1;0.0
19;2021-05-27;1808;878;0;102793;49107;0;42.8;20.4;0.0
19;2021-05-28;1939;1065;0;104732;50172;0;43.6;20.9;0.0
19;2021-05-29;1345;699;0;106077;50871;0;44.1;21.2;0.0
19;2021-05-30;181;458;0;106258;51329;0;44.2;21.4;0.0
19;2021-05-31;1177;550;0;107435;51879;0;44.7;21.6;0.0
19;2021-06-01;1297;899;0;108732;52778;0;45.2;22.0;0.0
19;2021-06-02;1759;1016;0;110491;53794;0;46.0;22.4;0.0
19;2021-06-03;1499;1172;0;111990;54966;0;46.6;22.9;0.0
19;2021-06-04;1834;1396;0;113824;56362;0;47.4;23.5;0.0
19;2021-06-05;1135;794;0;114959;57156;0;47.8;23.8;0.0
19;2021-06-06;102;593;0;115061;57749;0;47.9;24.0;0.0
19;2021-06-07;918;1012;0;115979;58761;0;48.3;24.4;0.0
19;2021-06-08;1103;962;0;117082;59723;0;48.7;24.8;0.0
19;2021-06-09;1245;1461;0;118327;61184;0;49.2;25.5;0.0
19;2021-06-10;1259;1534;0;119586;62718;0;49.8;26.1;0.0
19;2021-06-11;1280;1954;0;120866;64672;0;50.3;26.9;0.0
19;2021-06-12;1255;1298;0;122121;65970;0;50.8;27.4;0.0
19;2021-06-13;472;418;0;122593;66388;0;51.0;27.6;0.0
19;2021-06-14;687;1149;0;123280;67537;0;51.3;28.1;0.0
19;2021-06-15;943;1290;0;124223;68827;0;51.7;28.6;0.0
19;2021-06-16;1168;1514;0;125391;70341;0;52.2;29.3;0.0
19;2021-06-17;871;1854;0;126262;72195;0;52.5;30.0;0.0
19;2021-06-18;1012;2160;0;127274;74355;0;53.0;30.9;0.0
19;2021-06-19;846;1390;0;128120;75745;0;53.3;31.5;0.0
19;2021-06-20;341;318;0;128461;76063;0;53.5;31.6;0.0
19;2021-06-21;503;1149;0;128964;77212;0;53.7;32.1;0.0
19;2021-06-22;651;1551;0;129615;78763;0;53.9;32.8;0.0
19;2021-06-23;681;1994;0;130296;80757;0;54.2;33.6;0.0
19;2021-06-24;653;1595;0;130949;82352;0;54.5;34.3;0.0
19;2021-06-25;558;2174;0;131507;84526;0;54.7;35.2;0.0
19;2021-06-26;454;1668;0;131961;86194;0;54.9;35.9;0.0
19;2021-06-27;252;374;0;132213;86568;0;55.0;36.0;0.0
19;2021-06-28;297;1525;0;132510;88093;0;55.1;36.7;0.0
19;2021-06-29;370;1907;0;132880;90000;0;55.3;37.4;0.0
19;2021-06-30;718;2080;0;133598;92080;0;55.6;38.3;0.0
19;2021-07-01;342;2267;0;133940;94347;0;55.7;39.3;0.0
19;2021-07-02;750;2291;0;134690;96638;0;56.0;40.2;0.0
19;2021-07-03;479;1693;0;135169;98331;0;56.2;40.9;0.0
19;2021-07-04;20;65;0;135189;98396;0;56.2;40.9;0.0
19;2021-07-05;585;1047;0;135774;99443;0;56.5;41.4;0.0
19;2021-07-06;471;1540;0;136245;100983;0;56.7;42.0;0.0
19;2021-07-07;611;2125;0;136856;103108;0;56.9;42.9;0.0
19;2021-07-08;726;2107;0;137582;105215;0;57.2;43.8;0.0
19;2021-07-09;683;2608;0;138265;107823;0;57.5;44.9;0.0
19;2021-07-10;530;1644;0;138795;109467;0;57.8;45.5;0.0
19;2021-07-11;60;215;0;138855;109682;0;57.8;45.6;0.0
19;2021-07-12;445;1502;0;139300;111184;0;58.0;46.3;0.0
19;2021-07-13;665;1832;0;139965;113016;0;58.2;47.0;0.0
19;2021-07-14;219;273;0;140184;113289;0;58.3;47.1;0.0
19;2021-07-15;849;1967;0;141033;115256;0;58.7;48.0;0.0
19;2021-07-16;1117;2350;0;142150;117606;0;59.1;48.9;0.0
19;2021-07-17;717;1582;0;142867;119188;0;59.4;49.6;0.0
19;2021-07-18;312;580;0;143179;119768;0;59.6;49.8;0.0
19;2021-07-19;918;1354;0;144097;121122;0;60.0;50.4;0.0
19;2021-07-20;968;1595;0;145065;122717;0;60.4;51.1;0.0
19;2021-07-21;1053;1625;0;146118;124342;0;60.8;51.7;0.0
19;2021-07-22;1334;1719;0;147452;126061;0;61.4;52.5;0.0
19;2021-07-23;1682;1928;0;149134;127989;0;62.1;53.3;0.0
19;2021-07-24;909;1606;0;150043;129595;0;62.4;53.9;0.0
19;2021-07-25;168;457;0;150211;130052;0;62.5;54.1;0.0
19;2021-07-26;905;921;0;151116;130973;0;62.9;54.5;0.0
19;2021-07-27;1370;1049;0;152486;132022;0;63.4;54.9;0.0
19;2021-07-28;1929;1176;0;154415;133198;0;64.2;55.4;0.0
19;2021-07-29;1563;1124;0;155978;134322;0;64.9;55.9;0.0
19;2021-07-30;1831;1034;0;157809;135356;0;65.7;56.3;0.0
19;2021-07-31;1099;965;0;158908;136321;0;66.1;56.7;0.0
19;2021-08-01;344;320;0;159252;136641;0;66.3;56.9;0.0
19;2021-08-02;1059;747;0;160311;137388;0;66.7;57.2;0.0
19;2021-08-03;1389;938;0;161700;138326;0;67.3;57.6;0.0
19;2021-08-04;1678;643;0;163378;138969;0;68.0;57.8;0.0
19;2021-08-05;1418;851;0;164796;139820;0;68.6;58.2;0.0
19;2021-08-06;1786;1138;0;166582;140958;0;69.3;58.7;0.0
19;2021-08-07;1188;896;0;167770;141854;0;69.8;59.0;0.0
19;2021-08-08;184;184;0;167954;142038;0;69.9;59.1;0.0
19;2021-08-09;932;739;0;168886;142777;0;70.3;59.4;0.0
19;2021-08-10;1117;943;0;170003;143720;0;70.7;59.8;0.0
19;2021-08-11;1168;904;0;171171;144624;0;71.2;60.2;0.0
19;2021-08-12;933;1100;0;172104;145724;0;71.6;60.6;0.0
19;2021-08-13;1071;1112;0;173175;146836;0;72.1;61.1;0.0
19;2021-08-14;845;1066;0;174020;147902;0;72.4;61.5;0.0
19;2021-08-15;40;63;0;174060;147965;0;72.4;61.6;0.0
19;2021-08-16;538;964;0;174598;148929;0;72.6;62.0;0.0
19;2021-08-17;554;1121;0;175152;150050;0;72.9;62.4;0.0
19;2021-08-18;570;910;0;175722;150960;0;73.1;62.8;0.0
19;2021-08-19;438;1194;0;176160;152154;0;73.3;63.3;0.0
19;2021-08-20;784;1760;0;176944;153914;0;73.6;64.0;0.0
19;2021-08-21;420;1256;0;177364;155170;0;73.8;64.6;0.0
19;2021-08-22;49;105;0;177413;155275;0;73.8;64.6;0.0
19;2021-08-23;220;1106;0;177633;156381;0;73.9;65.1;0.0
19;2021-08-24;438;1180;0;178071;157561;0;74.1;65.6;0.0
19;2021-08-25;562;1461;0;178633;159022;0;74.3;66.2;0.0
19;2021-08-26;444;1303;0;179077;160325;0;74.5;66.7;0.0
19;2021-08-27;448;1585;0;179525;161910;0;74.7;67.4;0.0
19;2021-08-28;338;1198;0;179863;163108;0;74.8;67.9;0.0
19;2021-08-29;51;170;0;179914;163278;0;74.9;67.9;0.0
19;2021-08-30;227;1070;5;180141;164348;5;75.0;68.4;0.0
19;2021-08-31;316;1260;97;180457;165608;102;75.1;68.9;0.0
19;2021-09-01;364;1333;43;180821;166941;145;75.2;69.5;0.1
19;2021-09-02;342;1089;117;181163;168030;262;75.4;69.9;0.1
19;2021-09-03;379;1372;93;181542;169402;355;75.5;70.5;0.1
19;2021-09-04;270;1252;26;181812;170654;381;75.6;71.0;0.2
19;2021-09-05;25;98;128;181837;170752;509;75.7;71.0;0.2
19;2021-09-06;189;589;69;182026;171341;578;75.7;71.3;0.2
19;2021-09-07;216;680;70;182242;172021;648;75.8;71.6;0.3
19;2021-09-08;266;715;188;182508;172736;836;75.9;71.9;0.3
19;2021-09-09;252;519;95;182760;173255;931;76.0;72.1;0.4
19;2021-09-10;252;697;147;183012;173952;1078;76.1;72.4;0.4
19;2021-09-11;269;949;95;183281;174901;1173;76.3;72.8;0.5
19;2021-09-12;26;48;74;183307;174949;1247;76.3;72.8;0.5
19;2021-09-13;98;249;244;183405;175198;1491;76.3;72.9;0.6
19;2021-09-14;173;340;253;183578;175538;1744;76.4;73.0;0.7
19;2021-09-15;229;559;312;183807;176097;2056;76.5;73.3;0.9
19;2021-09-16;213;355;257;184020;176452;2313;76.6;73.4;1.0
19;2021-09-17;250;522;171;184270;176974;2484;76.7;73.6;1.0
19;2021-09-18;163;628;87;184433;177602;2571;76.7;73.9;1.1
19;2021-09-19;12;23;4;184445;177625;2575;76.7;73.9;1.1
19;2021-09-20;116;212;285;184561;177837;2860;76.8;74.0;1.2
19;2021-09-21;126;267;418;184687;178104;3278;76.8;74.1;1.4
19;2021-09-22;134;365;272;184821;178469;3550;76.9;74.3;1.5
19;2021-09-23;78;277;241;184899;178746;3791;76.9;74.4;1.6
19;2021-09-24;131;333;375;185030;179079;4166;77.0;74.5;1.7
19;2021-09-25;128;507;127;185158;179586;4293;77.0;74.7;1.8
19;2021-09-26;15;24;4;185173;179610;4297;77.0;74.7;1.8
19;2021-09-27;42;201;288;185215;179811;4585;77.1;74.8;1.9
19;2021-09-28;65;197;280;185280;180008;4865;77.1;74.9;2.0
19;2021-09-29;83;334;263;185363;180342;5128;77.1;75.0;2.1
19;2021-09-30;107;279;226;185470;180621;5354;77.2;75.2;2.2
19;2021-10-01;123;233;217;185593;180854;5571;77.2;75.3;2.3
19;2021-10-02;134;301;185;185727;181155;5756;77.3;75.4;2.4
19;2021-10-03;9;12;10;185736;181167;5766;77.3;75.4;2.4
19;2021-10-04;56;119;208;185792;181286;5974;77.3;75.4;2.5
19;2021-10-05;79;161;325;185871;181447;6299;77.3;75.5;2.6
19;2021-10-06;108;239;311;185979;181686;6610;77.4;75.6;2.8
19;2021-10-07;62;231;289;186041;181917;6899;77.4;75.7;2.9
19;2021-10-08;79;235;268;186120;182152;7167;77.4;75.8;3.0
19;2021-10-09;133;245;263;186253;182397;7430;77.5;75.9;3.1
19;2021-10-10;3;8;22;186256;182405;7452;77.5;75.9;3.1
19;2021-10-11;59;148;257;186315;182553;7709;77.5;76.0;3.2
19;2021-10-12;77;159;443;186392;182712;8152;77.6;76.0;3.4
19;2021-10-13;105;184;326;186497;182896;8478;77.6;76.1;3.5
19;2021-10-14;71;98;349;186568;182994;8827;77.6;76.1;3.7
19;2021-10-15;97;152;278;186665;183146;9105;77.7;76.2;3.8
19;2021-10-16;121;220;275;186786;183366;9380;77.7;76.3;3.9
19;2021-10-17;0;21;1;186786;183387;9381;77.7;76.3;3.9
19;2021-10-18;45;73;309;186831;183460;9690;77.7;76.3;4.0
19;2021-10-19;62;79;418;186893;183539;10108;77.8;76.4;4.2
19;2021-10-20;60;141;463;186953;183680;10571;77.8;76.4;4.4
19;2021-10-21;60;105;435;187013;183785;11006;77.8;76.5;4.6
19;2021-10-22;91;111;366;187104;183896;11372;77.9;76.5;4.7
19;2021-10-23;98;186;443;187202;184082;11815;77.9;76.6;4.9
19;2021-10-24;2;13;9;187204;184095;11824;77.9;76.6;4.9
19;2021-10-25;46;70;381;187250;184165;12205;77.9;76.6;5.1
19;2021-10-26;53;66;479;187303;184231;12684;77.9;76.7;5.3
19;2021-10-27;49;84;520;187352;184315;13204;78.0;76.7;5.5
19;2021-10-28;62;90;523;187414;184405;13727;78.0;76.7;5.7
19;2021-10-29;59;95;360;187473;184500;14087;78.0;76.8;5.9
19;2021-10-30;76;125;425;187549;184625;14512;78.0;76.8;6.0
19;2021-10-31;5;5;32;187554;184630;14544;78.0;76.8;6.1
19;2021-11-01;3;2;8;187557;184632;14552;78.0;76.8;6.1
19;2021-11-02;58;76;589;187615;184708;15141;78.1;76.9;6.3
19;2021-11-03;54;98;532;187669;184806;15673;78.1;76.9;6.5
19;2021-11-04;54;63;522;187723;184869;16195;78.1;76.9;6.7
19;2021-11-05;62;101;519;187785;184970;16714;78.1;77.0;7.0
19;2021-11-06;95;123;470;187880;185093;17184;78.2;77.0;7.1
19;2021-11-07;2;3;11;187882;185096;17195;78.2;77.0;7.2
19;2021-11-08;38;70;481;187920;185166;17676;78.2;77.0;7.4
19;2021-11-09;48;92;885;187968;185258;18561;78.2;77.1;7.7
19;2021-11-10;63;83;742;188031;185341;19303;78.2;77.1;8.0
19;2021-11-11;3;2;13;188034;185343;19316;78.2;77.1;8.0
19;2021-11-12;63;76;579;188097;185419;19895;78.3;77.1;8.3
19;2021-11-13;51;70;488;188148;185489;20383;78.3;77.2;8.5
19;2021-11-14;13;3;39;188161;185492;20422;78.3;77.2;8.5
19;2021-11-15;33;56;544;188194;185548;20966;78.3;77.2;8.7
19;2021-11-16;43;51;1042;188237;185599;22008;78.3;77.2;9.2
19;2021-11-17;57;69;843;188294;185668;22851;78.3;77.3;9.5
19;2021-11-18;51;65;691;188345;185733;23542;78.4;77.3;9.8
19;2021-11-19;89;95;995;188434;185828;24537;78.4;77.3;10.2
19;2021-11-20;80;109;691;188514;185937;25228;78.4;77.4;10.5
19;2021-11-21;10;7;52;188524;185944;25280;78.4;77.4;10.5
19;2021-11-22;49;31;734;188573;185975;26014;78.5;77.4;10.8
19;2021-11-23;73;68;1236;188646;186043;27250;78.5;77.4;11.3
19;2021-11-24;72;70;953;188718;186113;28203;78.5;77.4;11.7
19;2021-11-25;69;58;1018;188787;186171;29221;78.6;77.5;12.2
19;2021-11-26;94;61;1257;188881;186232;30478;78.6;77.5;12.7
19;2021-11-27;91;107;1323;188972;186339;31801;78.6;77.5;13.2
19;2021-11-28;31;17;813;189003;186356;32614;78.6;77.5;13.6
19;2021-11-29;30;28;1105;189033;186384;33719;78.7;77.6;14.0
19;2021-11-30;62;68;1826;189095;186452;35545;78.7;77.6;14.8
19;2021-12-01;33;42;1351;189128;186494;36896;78.7;77.6;15.4
19;2021-12-02;37;30;2122;189165;186524;39018;78.7;77.6;16.2
19;2021-12-03;75;86;2171;189240;186610;41189;78.7;77.6;17.1
19;2021-12-04;46;73;1664;189286;186683;42853;78.8;77.7;17.8
19;2021-12-05;8;12;314;189294;186695;43167;78.8;77.7;18.0
19;2021-12-06;32;34;1502;189326;186729;44669;78.8;77.7;18.6
19;2021-12-07;48;47;2294;189374;186776;46963;78.8;77.7;19.5
19;2021-12-08;47;64;1958;189421;186840;48921;78.8;77.7;20.4
19;2021-12-09;44;60;2163;189465;186900;51084;78.8;77.8;21.3
19;2021-12-10;65;83;2850;189530;186983;53934;78.9;77.8;22.4
19;2021-12-11;35;80;2085;189565;187063;56019;78.9;77.8;23.3
19;2021-12-12;12;10;688;189577;187073;56707;78.9;77.8;23.6
19;2021-12-13;32;58;2038;189609;187131;58745;78.9;77.9;24.4
19;2021-12-14;70;75;3308;189679;187206;62053;78.9;77.9;25.8
19;2021-12-15;60;81;2908;189739;187287;64961;78.9;77.9;27.0
19;2021-12-16;69;81;3391;189808;187368;68352;79.0;78.0;28.4
19;2021-12-17;66;114;3143;189874;187482;71495;79.0;78.0;29.7
19;2021-12-18;73;98;2782;189947;187580;74277;79.0;78.0;30.9
19;2021-12-19;45;30;1335;189992;187610;75612;79.1;78.1;31.5
19;2021-12-20;75;69;2367;190067;187679;77979;79.1;78.1;32.4
19;2021-12-21;87;67;2902;190154;187746;80881;79.1;78.1;33.7
19;2021-12-22;99;69;2467;190253;187815;83348;79.2;78.1;34.7
21;2020-12-27;4;0;0;4;0;0;0.0;0.0;0.0
21;2020-12-28;1;0;0;5;0;0;0.0;0.0;0.0
21;2020-12-29;18;0;0;23;0;0;0.0;0.0;0.0
21;2020-12-30;21;0;0;44;0;0;0.0;0.0;0.0
21;2020-12-31;0;0;0;44;0;0;0.0;0.0;0.0
21;2021-01-01;0;0;0;44;0;0;0.0;0.0;0.0
21;2021-01-02;1;0;0;45;0;0;0.0;0.0;0.0
21;2021-01-03;0;0;0;45;0;0;0.0;0.0;0.0
21;2021-01-04;19;0;0;64;0;0;0.0;0.0;0.0
21;2021-01-05;239;1;0;303;1;0;0.1;0.0;0.0
21;2021-01-06;299;0;0;602;1;0;0.1;0.0;0.0
21;2021-01-07;368;0;0;970;1;0;0.2;0.0;0.0
21;2021-01-08;460;2;0;1430;3;0;0.3;0.0;0.0
21;2021-01-09;248;0;0;1678;3;0;0.3;0.0;0.0
21;2021-01-10;2;0;0;1680;3;0;0.3;0.0;0.0
21;2021-01-11;627;1;0;2307;4;0;0.4;0.0;0.0
21;2021-01-12;637;0;0;2944;4;0;0.6;0.0;0.0
21;2021-01-13;692;1;0;3636;5;0;0.7;0.0;0.0
21;2021-01-14;1138;8;0;4774;13;0;0.9;0.0;0.0
21;2021-01-15;696;4;0;5470;17;0;1.0;0.0;0.0
21;2021-01-16;156;2;0;5626;19;0;1.1;0.0;0.0
21;2021-01-17;5;0;0;5631;19;0;1.1;0.0;0.0
21;2021-01-18;1261;6;0;6892;25;0;1.3;0.0;0.0
21;2021-01-19;1244;4;0;8136;29;0;1.5;0.0;0.0
21;2021-01-20;1202;48;0;9338;77;0;1.8;0.0;0.0
21;2021-01-21;1494;8;0;10832;85;0;2.0;0.0;0.0
21;2021-01-22;1241;5;0;12073;90;0;2.3;0.0;0.0
21;2021-01-23;482;0;0;12555;90;0;2.4;0.0;0.0
21;2021-01-24;125;0;0;12680;90;0;2.4;0.0;0.0
21;2021-01-25;907;17;0;13587;107;0;2.5;0.0;0.0
21;2021-01-26;1479;142;0;15066;249;0;2.8;0.0;0.0
21;2021-01-27;1971;159;0;17037;408;0;3.2;0.1;0.0
21;2021-01-28;1458;230;0;18495;638;0;3.5;0.1;0.0
21;2021-01-29;1047;225;0;19542;863;0;3.7;0.2;0.0
21;2021-01-30;480;38;0;20022;901;0;3.8;0.2;0.0
21;2021-01-31;93;4;0;20115;905;0;3.8;0.2;0.0
21;2021-02-01;470;297;0;20585;1202;0;3.9;0.2;0.0
21;2021-02-02;449;370;0;21034;1572;0;3.9;0.3;0.0
21;2021-02-03;497;291;0;21531;1863;0;4.0;0.3;0.0
21;2021-02-04;437;526;0;21968;2389;0;4.1;0.4;0.0
21;2021-02-05;544;514;0;22512;2903;0;4.2;0.5;0.0
21;2021-02-06;159;216;0;22671;3119;0;4.3;0.6;0.0
21;2021-02-07;1;4;0;22672;3123;0;4.3;0.6;0.0
21;2021-02-08;428;398;0;23100;3521;0;4.3;0.7;0.0
21;2021-02-09;514;542;0;23614;4063;0;4.4;0.8;0.0
21;2021-02-10;468;590;0;24082;4653;0;4.5;0.9;0.0
21;2021-02-11;484;732;0;24566;5385;0;4.6;1.0;0.0
21;2021-02-12;391;951;0;24957;6336;0;4.7;1.2;0.0
21;2021-02-13;337;299;0;25294;6635;0;4.7;1.2;0.0
21;2021-02-14;218;152;0;25512;6787;0;4.8;1.3;0.0
21;2021-02-15;129;1344;0;25641;8131;0;4.8;1.5;0.0
21;2021-02-16;220;1493;0;25861;9624;0;4.9;1.8;0.0
21;2021-02-17;381;1924;0;26242;11548;0;4.9;2.2;0.0
21;2021-02-18;576;1316;0;26818;12864;0;5.0;2.4;0.0
21;2021-02-19;216;1085;0;27034;13949;0;5.1;2.6;0.0
21;2021-02-20;120;382;0;27154;14331;0;5.1;2.7;0.0
21;2021-02-21;0;73;0;27154;14404;0;5.1;2.7;0.0
21;2021-02-22;92;782;0;27246;15186;0;5.1;2.8;0.0
21;2021-02-23;179;1006;0;27425;16192;0;5.1;3.0;0.0
21;2021-02-24;212;738;0;27637;16930;0;5.2;3.2;0.0
21;2021-02-25;637;827;0;28274;17757;0;5.3;3.3;0.0
21;2021-02-26;926;710;0;29200;18467;0;5.5;3.5;0.0
21;2021-02-27;520;306;0;29720;18773;0;5.6;3.5;0.0
21;2021-02-28;24;99;0;29744;18872;0;5.6;3.5;0.0
21;2021-03-01;693;613;0;30437;19485;0;5.7;3.7;0.0
21;2021-03-02;1076;540;0;31513;20025;0;5.9;3.8;0.0
21;2021-03-03;1124;457;0;32637;20482;0;6.1;3.8;0.0
21;2021-03-04;1639;516;0;34276;20998;0;6.4;3.9;0.0
21;2021-03-05;2172;660;0;36448;21658;0;6.8;4.1;0.0
21;2021-03-06;1578;208;0;38026;21866;0;7.1;4.1;0.0
21;2021-03-07;36;24;0;38062;21890;0;7.1;4.1;0.0
21;2021-03-08;746;449;0;38808;22339;0;7.3;4.2;0.0
21;2021-03-09;1571;571;0;40379;22910;0;7.6;4.3;0.0
21;2021-03-10;1629;562;0;42008;23472;0;7.9;4.4;0.0
21;2021-03-11;2155;697;0;44163;24169;0;8.3;4.5;0.0
21;2021-03-12;2861;457;0;47024;24626;0;8.8;4.6;0.0
21;2021-03-13;1908;193;0;48932;24819;0;9.2;4.7;0.0
21;2021-03-14;46;47;0;48978;24866;0;9.2;4.7;0.0
21;2021-03-15;1401;94;0;50379;24960;0;9.5;4.7;0.0
21;2021-03-16;1784;158;0;52163;25118;0;9.8;4.7;0.0
21;2021-03-17;1729;123;0;53892;25241;0;10.1;4.7;0.0
21;2021-03-18;2024;272;0;55916;25513;0;10.5;4.8;0.0
21;2021-03-19;1911;153;0;57827;25666;0;10.9;4.8;0.0
21;2021-03-20;1216;42;0;59043;25708;0;11.1;4.8;0.0
21;2021-03-21;6;0;0;59049;25708;0;11.1;4.8;0.0
21;2021-03-22;1517;95;0;60566;25803;0;11.4;4.8;0.0
21;2021-03-23;2624;119;0;63190;25922;0;11.9;4.9;0.0
21;2021-03-24;2797;156;0;65987;26078;0;12.4;4.9;0.0
21;2021-03-25;3641;254;0;69628;26332;0;13.1;4.9;0.0
21;2021-03-26;3614;207;0;73242;26539;0;13.7;5.0;0.0
21;2021-03-27;1638;65;0;74880;26604;0;14.1;5.0;0.0
21;2021-03-28;204;37;0;75084;26641;0;14.1;5.0;0.0
21;2021-03-29;1737;531;0;76821;27172;0;14.4;5.1;0.0
21;2021-03-30;2271;787;0;79092;27959;0;14.8;5.2;0.0
21;2021-03-31;2671;660;0;81763;28619;0;15.3;5.4;0.0
21;2021-04-01;2636;729;0;84399;29348;0;15.8;5.5;0.0
21;2021-04-02;2247;755;0;86646;30103;0;16.3;5.6;0.0
21;2021-04-03;988;280;0;87634;30383;0;16.4;5.7;0.0
21;2021-04-04;4;16;0;87638;30399;0;16.4;5.7;0.0
21;2021-04-05;20;1;0;87658;30400;0;16.4;5.7;0.0
21;2021-04-06;1323;1139;0;88981;31539;0;16.7;5.9;0.0
21;2021-04-07;1696;968;0;90677;32507;0;17.0;6.1;0.0
21;2021-04-08;3108;1113;0;93785;33620;0;17.6;6.3;0.0
21;2021-04-09;3357;1176;0;97142;34796;0;18.2;6.5;0.0
21;2021-04-10;1336;740;0;98478;35536;0;18.5;6.7;0.0
21;2021-04-11;141;9;0;98619;35545;0;18.5;6.7;0.0
21;2021-04-12;1145;1339;0;99764;36884;0;18.7;6.9;0.0
21;2021-04-13;1691;1722;0;101455;38606;0;19.0;7.2;0.0
21;2021-04-14;1490;1438;0;102945;40044;0;19.3;7.5;0.0
21;2021-04-15;1945;1546;0;104890;41590;0;19.7;7.8;0.0
21;2021-04-16;2337;1264;0;107227;42854;0;20.1;8.0;0.0
21;2021-04-17;1049;977;0;108276;43831;0;20.3;8.2;0.0
21;2021-04-18;27;11;0;108303;43842;0;20.3;8.2;0.0
21;2021-04-19;1140;1328;0;109443;45170;0;20.5;8.5;0.0
21;2021-04-20;1274;1780;0;110717;46950;0;20.8;8.8;0.0
21;2021-04-21;1157;1694;0;111874;48644;0;21.0;9.1;0.0
21;2021-04-22;1314;2150;0;113188;50794;0;21.2;9.5;0.0
21;2021-04-23;2037;1752;0;115225;52546;0;21.6;9.9;0.0
21;2021-04-24;1010;838;0;116235;53384;0;21.8;10.0;0.0
21;2021-04-25;21;164;0;116256;53548;0;21.8;10.0;0.0
21;2021-04-26;1120;1569;0;117376;55117;0;22.0;10.3;0.0
21;2021-04-27;1921;1899;0;119297;57016;0;22.4;10.7;0.0
21;2021-04-28;2383;2202;0;121680;59218;0;22.8;11.1;0.0
21;2021-04-29;3297;2265;0;124977;61483;0;23.5;11.5;0.0
21;2021-04-30;3663;1839;0;128640;63322;0;24.1;11.9;0.0
21;2021-05-01;1017;233;0;129657;63555;0;24.3;11.9;0.0
21;2021-05-02;21;10;0;129678;63565;0;24.3;11.9;0.0
21;2021-05-03;2182;1279;0;131860;64844;0;24.7;12.2;0.0
21;2021-05-04;2665;1605;0;134525;66449;0;25.2;12.5;0.0
21;2021-05-05;2502;1711;0;137027;68160;0;25.7;12.8;0.0
21;2021-05-06;3188;2253;0;140215;70413;0;26.3;13.2;0.0
21;2021-05-07;2915;2117;0;143130;72530;0;26.9;13.6;0.0
21;2021-05-08;1166;277;0;144296;72807;0;27.1;13.7;0.0
21;2021-05-09;58;171;0;144354;72978;0;27.1;13.7;0.0
21;2021-05-10;3182;1731;0;147536;74709;0;27.7;14.0;0.0
21;2021-05-11;4830;2028;0;152366;76737;0;28.6;14.4;0.0
21;2021-05-12;4829;1774;0;157195;78511;0;29.5;14.7;0.0
21;2021-05-13;3755;377;0;160950;78888;0;30.2;14.8;0.0
21;2021-05-14;5115;1511;0;166065;80399;0;31.2;15.1;0.0
21;2021-05-15;3454;673;0;169519;81072;0;31.8;15.2;0.0
21;2021-05-16;88;13;0;169607;81085;0;31.8;15.2;0.0
21;2021-05-17;3998;1247;0;173605;82332;0;32.6;15.5;0.0
21;2021-05-18;4252;1540;0;177857;83872;0;33.4;15.7;0.0
21;2021-05-19;3525;1120;0;181382;84992;0;34.0;15.9;0.0
21;2021-05-20;3947;1375;0;185329;86367;0;34.8;16.2;0.0
21;2021-05-21;3713;2131;0;189042;88498;0;35.5;16.6;0.0
21;2021-05-22;1636;749;0;190678;89247;0;35.8;16.7;0.0
21;2021-05-23;54;33;0;190732;89280;0;35.8;16.8;0.0
21;2021-05-24;1719;257;0;192451;89537;0;36.1;16.8;0.0
21;2021-05-25;2689;2017;0;195140;91554;0;36.6;17.2;0.0
21;2021-05-26;2643;2033;0;197783;93587;0;37.1;17.6;0.0
21;2021-05-27;3936;2138;0;201719;95725;0;37.9;18.0;0.0
21;2021-05-28;3536;2820;0;205255;98545;0;38.5;18.5;0.0
21;2021-05-29;1912;1429;0;207167;99974;0;38.9;18.8;0.0
21;2021-05-30;132;29;0;207299;100003;0;38.9;18.8;0.0
21;2021-05-31;2501;1779;0;209800;101782;0;39.4;19.1;0.0
21;2021-06-01;3386;2246;0;213186;104028;0;40.0;19.5;0.0
21;2021-06-02;2835;1830;0;216021;105858;0;40.5;19.9;0.0
21;2021-06-03;3289;2075;0;219310;107933;0;41.2;20.3;0.0
21;2021-06-04;3448;2674;0;222758;110607;0;41.8;20.8;0.0
21;2021-06-05;2838;1639;0;225596;112246;0;42.3;21.1;0.0
21;2021-06-06;101;98;0;225697;112344;0;42.4;21.1;0.0
21;2021-06-07;4213;1504;0;229910;113848;0;43.1;21.4;0.0
21;2021-06-08;4680;2251;0;234590;116099;0;44.0;21.8;0.0
21;2021-06-09;4467;1789;0;239057;117888;0;44.9;22.1;0.0
21;2021-06-10;3849;2606;0;242906;120494;0;45.6;22.6;0.0
21;2021-06-11;4150;3179;0;247056;123673;0;46.4;23.2;0.0
21;2021-06-12;2120;1653;0;249176;125326;0;46.8;23.5;0.0
21;2021-06-13;72;26;0;249248;125352;0;46.8;23.5;0.0
21;2021-06-14;2222;2677;0;251470;128029;0;47.2;24.0;0.0
21;2021-06-15;2925;3165;0;254395;131194;0;47.7;24.6;0.0
21;2021-06-16;2910;2814;0;257305;134008;0;48.3;25.1;0.0
21;2021-06-17;3316;3112;0;260621;137120;0;48.9;25.7;0.0
21;2021-06-18;2484;3867;0;263105;140987;0;49.4;26.5;0.0
21;2021-06-19;1980;1887;0;265085;142874;0;49.7;26.8;0.0
21;2021-06-20;42;37;0;265127;142911;0;49.8;26.8;0.0
21;2021-06-21;1805;3539;0;266932;146450;0;50.1;27.5;0.0
21;2021-06-22;1847;5809;0;268779;152259;0;50.4;28.6;0.0
21;2021-06-23;2000;5048;0;270779;157307;0;50.8;29.5;0.0
21;2021-06-24;2319;4636;0;273098;161943;0;51.2;30.4;0.0
21;2021-06-25;1512;5866;0;274610;167809;0;51.5;31.5;0.0
21;2021-06-26;1353;3835;0;275963;171644;0;51.8;32.2;0.0
21;2021-06-27;30;160;0;275993;171804;0;51.8;32.2;0.0
21;2021-06-28;1352;4080;0;277345;175884;0;52.0;33.0;0.0
21;2021-06-29;1572;4256;0;278917;180140;0;52.3;33.8;0.0
21;2021-06-30;1576;3506;0;280493;183646;0;52.6;34.5;0.0
21;2021-07-01;1721;4216;0;282214;187862;0;53.0;35.3;0.0
21;2021-07-02;2230;4209;0;284444;192071;0;53.4;36.0;0.0
21;2021-07-03;1096;2021;0;285540;194092;0;53.6;36.4;0.0
21;2021-07-04;57;97;0;285597;194189;0;53.6;36.4;0.0
21;2021-07-05;1582;3657;0;287179;197846;0;53.9;37.1;0.0
21;2021-07-06;1395;3647;0;288574;201493;0;54.2;37.8;0.0
21;2021-07-07;1534;3344;0;290108;204837;0;54.4;38.4;0.0
21;2021-07-08;1893;4097;0;292001;208934;0;54.8;39.2;0.0
21;2021-07-09;2049;4398;0;294050;213332;0;55.2;40.0;0.0
21;2021-07-10;1064;2547;0;295114;215879;0;55.4;40.5;0.0
21;2021-07-11;53;122;0;295167;216001;0;55.4;40.5;0.0
21;2021-07-12;1634;3790;0;296801;219791;0;55.7;41.2;0.0
21;2021-07-13;2310;4995;0;299111;224786;0;56.1;42.2;0.0
21;2021-07-14;2618;1947;0;301729;226733;0;56.6;42.5;0.0
21;2021-07-15;3734;4668;0;305463;231401;0;57.3;43.4;0.0
21;2021-07-16;3810;5197;0;309273;236598;0;58.0;44.4;0.0
21;2021-07-17;2570;3988;0;311843;240586;0;58.5;45.1;0.0
21;2021-07-18;213;140;0;312056;240726;0;58.6;45.2;0.0
21;2021-07-19;2295;4727;0;314351;245453;0;59.0;46.1;0.0
21;2021-07-20;2772;5436;0;317123;250889;0;59.5;47.1;0.0
21;2021-07-21;2905;4809;0;320028;255698;0;60.1;48.0;0.0
21;2021-07-22;3068;4727;0;323096;260425;0;60.6;48.9;0.0
21;2021-07-23;4110;4931;0;327206;265356;0;61.4;49.8;0.0
21;2021-07-24;2933;2891;0;330139;268247;0;62.0;50.3;0.0
21;2021-07-25;127;103;0;330266;268350;0;62.0;50.4;0.0
21;2021-07-26;2653;3630;0;332919;271980;0;62.5;51.0;0.0
21;2021-07-27;3442;3876;0;336361;275856;0;63.1;51.8;0.0
21;2021-07-28;3641;3398;0;340002;279254;0;63.8;52.4;0.0
21;2021-07-29;4081;3394;1;344083;282648;1;64.6;53.0;0.0
21;2021-07-30;4340;3389;0;348423;286037;1;65.4;53.7;0.0
21;2021-07-31;3218;2330;0;351641;288367;1;66.0;54.1;0.0
21;2021-08-01;353;100;0;351994;288467;1;66.1;54.1;0.0
21;2021-08-02;2593;3155;0;354587;291622;1;66.5;54.7;0.0
21;2021-08-03;2669;2761;0;357256;294383;1;67.0;55.2;0.0
21;2021-08-04;2366;2436;0;359622;296819;1;67.5;55.7;0.0
21;2021-08-05;2219;3082;0;361841;299901;1;67.9;56.3;0.0
21;2021-08-06;2586;3386;0;364427;303287;1;68.4;56.9;0.0
21;2021-08-07;1852;2567;0;366279;305854;1;68.7;57.4;0.0
21;2021-08-08;120;130;0;366399;305984;1;68.8;57.4;0.0
21;2021-08-09;1642;2910;0;368041;308894;1;69.1;58.0;0.0
21;2021-08-10;1452;2758;0;369493;311652;1;69.3;58.5;0.0
21;2021-08-11;1696;2474;0;371189;314126;1;69.7;58.9;0.0
21;2021-08-12;1278;2505;0;372467;316631;1;69.9;59.4;0.0
21;2021-08-13;1496;2826;0;373963;319457;1;70.2;59.9;0.0
21;2021-08-14;874;2424;0;374837;321881;1;70.3;60.4;0.0
21;2021-08-15;69;104;0;374906;321985;1;70.4;60.4;0.0
21;2021-08-16;1247;2772;0;376153;324757;1;70.6;60.9;0.0
21;2021-08-17;1204;2810;0;377357;327567;1;70.8;61.5;0.0
21;2021-08-18;1043;2898;0;378400;330465;1;71.0;62.0;0.0
21;2021-08-19;970;3046;0;379370;333511;1;71.2;62.6;0.0
21;2021-08-20;1038;4060;0;380408;337571;1;71.4;63.3;0.0
21;2021-08-21;788;3018;0;381196;340589;1;71.5;63.9;0.0
21;2021-08-22;37;147;0;381233;340736;1;71.5;63.9;0.0
21;2021-08-23;877;3272;0;382110;344008;1;71.7;64.6;0.0
21;2021-08-24;981;2987;0;383091;346995;1;71.9;65.1;0.0
21;2021-08-25;850;2637;0;383941;349632;1;72.0;65.6;0.0
21;2021-08-26;713;2506;0;384654;352138;1;72.2;66.1;0.0
21;2021-08-27;1024;3487;0;385678;355625;1;72.4;66.7;0.0
21;2021-08-28;689;2773;0;386367;358398;1;72.5;67.3;0.0
21;2021-08-29;53;233;0;386420;358631;1;72.5;67.3;0.0
21;2021-08-30;787;2230;57;387207;360861;58;72.7;67.7;0.0
21;2021-08-31;913;1993;117;388120;362854;175;72.8;68.1;0.0
21;2021-09-01;695;1650;185;388815;364504;360;73.0;68.4;0.1
21;2021-09-02;526;1318;266;389341;365822;626;73.1;68.6;0.1
21;2021-09-03;762;1850;325;390103;367672;951;73.2;69.0;0.2
21;2021-09-04;738;1455;234;390841;369127;1185;73.3;69.3;0.2
21;2021-09-05;71;73;27;390912;369200;1212;73.4;69.3;0.2
21;2021-09-06;397;1245;245;391309;370445;1457;73.4;69.5;0.3
21;2021-09-07;370;1006;282;391679;371451;1739;73.5;69.7;0.3
21;2021-09-08;564;1270;329;392243;372721;2068;73.6;69.9;0.4
21;2021-09-09;421;905;452;392664;373626;2520;73.7;70.1;0.5
21;2021-09-10;608;1351;414;393272;374977;2934;73.8;70.4;0.6
21;2021-09-11;438;1249;171;393710;376226;3105;73.9;70.6;0.6
21;2021-09-12;28;37;3;393738;376263;3108;73.9;70.6;0.6
21;2021-09-13;233;666;248;393971;376929;3356;73.9;70.7;0.6
21;2021-09-14;449;943;462;394420;377872;3818;74.0;70.9;0.7
21;2021-09-15;451;907;614;394871;378779;4432;74.1;71.1;0.8
21;2021-09-16;339;750;525;395210;379529;4957;74.2;71.2;0.9
21;2021-09-17;528;1026;484;395738;380555;5441;74.3;71.4;1.0
21;2021-09-18;304;950;189;396042;381505;5630;74.3;71.6;1.1
21;2021-09-19;9;35;2;396051;381540;5632;74.3;71.6;1.1
21;2021-09-20;220;579;270;396271;382119;5902;74.4;71.7;1.1
21;2021-09-21;363;655;568;396634;382774;6470;74.4;71.8;1.2
21;2021-09-22;321;909;431;396955;383683;6901;74.5;72.0;1.3
21;2021-09-23;272;470;458;397227;384153;7359;74.5;72.1;1.4
21;2021-09-24;332;783;660;397559;384936;8019;74.6;72.2;1.5
21;2021-09-25;186;843;215;397745;385779;8234;74.6;72.4;1.5
21;2021-09-26;9;33;7;397754;385812;8241;74.6;72.4;1.5
21;2021-09-27;208;427;488;397962;386239;8729;74.7;72.5;1.6
21;2021-09-28;205;451;600;398167;386690;9329;74.7;72.6;1.8
21;2021-09-29;234;511;430;398401;387201;9759;74.8;72.7;1.8
21;2021-09-30;256;405;653;398657;387606;10412;74.8;72.7;2.0
21;2021-10-01;439;783;806;399096;388389;11218;74.9;72.9;2.1
21;2021-10-02;231;556;195;399327;388945;11413;74.9;73.0;2.1
21;2021-10-03;7;26;7;399334;388971;11420;74.9;73.0;2.1
21;2021-10-04;206;291;386;399540;389262;11806;75.0;73.0;2.2
21;2021-10-05;157;417;594;399697;389679;12400;75.0;73.1;2.3
21;2021-10-06;230;490;591;399927;390169;12991;75.0;73.2;2.4
21;2021-10-07;141;324;530;400068;390493;13521;75.1;73.3;2.5
21;2021-10-08;373;690;994;400441;391183;14515;75.1;73.4;2.7
21;2021-10-09;243;423;491;400684;391606;15006;75.2;73.5;2.8
21;2021-10-10;12;22;6;400696;391628;15012;75.2;73.5;2.8
21;2021-10-11;129;283;437;400825;391911;15449;75.2;73.5;2.9
21;2021-10-12;167;397;707;400992;392308;16156;75.2;73.6;3.0
21;2021-10-13;223;385;722;401215;392693;16878;75.3;73.7;3.2
21;2021-10-14;169;334;608;401384;393027;17486;75.3;73.8;3.3
21;2021-10-15;279;449;1008;401663;393476;18494;75.4;73.8;3.5
21;2021-10-16;195;282;480;401858;393758;18974;75.4;73.9;3.6
21;2021-10-17;6;14;5;401864;393772;18979;75.4;73.9;3.6
21;2021-10-18;114;234;578;401978;394006;19557;75.4;73.9;3.7
21;2021-10-19;113;260;600;402091;394266;20157;75.5;74.0;3.8
21;2021-10-20;254;295;854;402345;394561;21011;75.5;74.0;3.9
21;2021-10-21;122;259;653;402467;394820;21664;75.5;74.1;4.1
21;2021-10-22;269;420;1100;402736;395240;22764;75.6;74.2;4.3
21;2021-10-23;163;244;394;402899;395484;23158;75.6;74.2;4.3
21;2021-10-24;17;14;33;402916;395498;23191;75.6;74.2;4.4
21;2021-10-25;169;228;627;403085;395726;23818;75.6;74.3;4.5
21;2021-10-26;124;145;690;403209;395871;24508;75.7;74.3;4.6
21;2021-10-27;207;271;1215;403416;396142;25723;75.7;74.3;4.8
21;2021-10-28;132;172;747;403548;396314;26470;75.7;74.4;5.0
21;2021-10-29;188;303;1348;403736;396617;27818;75.8;74.4;5.2
21;2021-10-30;112;184;383;403848;396801;28201;75.8;74.5;5.3
21;2021-10-31;2;10;13;403850;396811;28214;75.8;74.5;5.3
21;2021-11-01;13;20;1;403863;396831;28215;75.8;74.5;5.3
21;2021-11-02;145;206;776;404008;397037;28991;75.8;74.5;5.4
21;2021-11-03;174;266;1162;404182;397303;30153;75.8;74.6;5.7
21;2021-11-04;125;143;935;404307;397446;31088;75.9;74.6;5.8
21;2021-11-05;209;329;1608;404516;397775;32696;75.9;74.6;6.1
21;2021-11-06;137;241;808;404653;398016;33504;75.9;74.7;6.3
21;2021-11-07;4;4;1;404657;398020;33505;75.9;74.7;6.3
21;2021-11-08;130;170;1264;404787;398190;34769;76.0;74.7;6.5
21;2021-11-09;115;163;1527;404902;398353;36296;76.0;74.8;6.8
21;2021-11-10;193;276;1864;405095;398629;38160;76.0;74.8;7.2
21;2021-11-11;12;16;38;405107;398645;38198;76.0;74.8;7.2
21;2021-11-12;216;276;1878;405323;398921;40076;76.1;74.9;7.5
21;2021-11-13;134;172;564;405457;399093;40640;76.1;74.9;7.6
21;2021-11-14;2;13;14;405459;399106;40654;76.1;74.9;7.6
21;2021-11-15;117;130;1434;405576;399236;42088;76.1;74.9;7.9
21;2021-11-16;104;151;1546;405680;399387;43634;76.1;74.9;8.2
21;2021-11-17;211;253;1900;405891;399640;45534;76.2;75.0;8.5
21;2021-11-18;127;173;1469;406018;399813;47003;76.2;75.0;8.8
21;2021-11-19;225;305;2476;406243;400118;49479;76.2;75.1;9.3
21;2021-11-20;172;210;810;406415;400328;50289;76.3;75.1;9.4
21;2021-11-21;12;7;8;406427;400335;50297;76.3;75.1;9.4
21;2021-11-22;128;117;1623;406555;400452;51920;76.3;75.1;9.7
21;2021-11-23;109;113;1915;406664;400565;53835;76.3;75.2;10.1
21;2021-11-24;234;246;2323;406898;400811;56158;76.4;75.2;10.5
21;2021-11-25;120;133;2229;407018;400944;58387;76.4;75.2;11.0
21;2021-11-26;258;258;4713;407276;401202;63100;76.4;75.3;11.8
21;2021-11-27;169;173;2626;407445;401375;65726;76.5;75.3;12.3
21;2021-11-28;7;5;261;407452;401380;65987;76.5;75.3;12.4
21;2021-11-29;104;113;3978;407556;401493;69965;76.5;75.3;13.1
21;2021-11-30;136;138;4633;407692;401631;74598;76.5;75.4;14.0
21;2021-12-01;168;203;5059;407860;401834;79657;76.5;75.4;14.9
21;2021-12-02;95;135;4953;407955;401969;84610;76.6;75.4;15.9
21;2021-12-03;187;219;6167;408142;402188;90777;76.6;75.5;17.0
21;2021-12-04;150;188;3457;408292;402376;94234;76.6;75.5;17.7
21;2021-12-05;25;8;635;408317;402384;94869;76.6;75.5;17.8
21;2021-12-06;79;148;4581;408396;402532;99450;76.6;75.5;18.7
21;2021-12-07;147;164;6003;408543;402696;105453;76.7;75.6;19.8
21;2021-12-08;140;202;5529;408683;402898;110982;76.7;75.6;20.8
21;2021-12-09;139;137;5525;408822;403035;116507;76.7;75.6;21.9
21;2021-12-10;171;226;6776;408993;403261;123283;76.8;75.7;23.1
21;2021-12-11;111;169;4028;409104;403430;127311;76.8;75.7;23.9
21;2021-12-12;34;26;685;409138;403456;127996;76.8;75.7;24.0
21;2021-12-13;124;153;4934;409262;403609;132930;76.8;75.7;24.9
21;2021-12-14;136;167;6982;409398;403776;139912;76.8;75.8;26.3
21;2021-12-15;178;220;6627;409576;403996;146539;76.9;75.8;27.5
21;2021-12-16;150;142;6034;409726;404138;152573;76.9;75.8;28.6
21;2021-12-17;180;264;7231;409906;404402;159804;76.9;75.9;30.0
21;2021-12-18;145;183;3888;410051;404585;163692;76.9;75.9;30.7
21;2021-12-19;22;15;844;410073;404600;164536;77.0;75.9;30.9
21;2021-12-20;193;176;5443;410266;404776;169979;77.0;76.0;31.9
21;2021-12-21;233;215;6711;410499;404991;176690;77.0;76.0;33.2
21;2021-12-22;183;201;5283;410682;405192;181973;77.1;76.0;34.1
22;2020-12-27;0;0;0;0;0;0;0.0;0.0;0.0
22;2020-12-28;0;0;0;0;0;0;0.0;0.0;0.0
22;2020-12-29;0;0;0;0;0;0;0.0;0.0;0.0
22;2020-12-30;0;0;0;0;0;0;0.0;0.0;0.0
22;2020-12-31;0;0;0;0;0;0;0.0;0.0;0.0
22;2021-01-01;1;0;0;1;0;0;0.0;0.0;0.0
22;2021-01-02;2;0;0;3;0;0;0.0;0.0;0.0
22;2021-01-03;1;0;0;4;0;0;0.0;0.0;0.0
22;2021-01-04;3;0;0;7;0;0;0.0;0.0;0.0
22;2021-01-05;52;0;0;59;0;0;0.0;0.0;0.0
22;2021-01-06;114;1;0;173;1;0;0.0;0.0;0.0
22;2021-01-07;72;0;0;245;1;0;0.0;0.0;0.0
22;2021-01-08;186;0;0;431;1;0;0.1;0.0;0.0
22;2021-01-09;1;0;0;432;1;0;0.1;0.0;0.0
22;2021-01-10;1;0;0;433;1;0;0.1;0.0;0.0
22;2021-01-11;239;3;0;672;4;0;0.1;0.0;0.0
22;2021-01-12;609;0;0;1281;4;0;0.2;0.0;0.0
22;2021-01-13;663;1;0;1944;5;0;0.3;0.0;0.0
22;2021-01-14;730;8;0;2674;13;0;0.4;0.0;0.0
22;2021-01-15;535;1;0;3209;14;0;0.5;0.0;0.0
22;2021-01-16;101;0;0;3310;14;0;0.6;0.0;0.0
22;2021-01-17;3;0;0;3313;14;0;0.6;0.0;0.0
22;2021-01-18;352;2;0;3665;16;0;0.6;0.0;0.0
22;2021-01-19;753;0;0;4418;16;0;0.7;0.0;0.0
22;2021-01-20;652;2;0;5070;18;0;0.9;0.0;0.0
22;2021-01-21;1003;2;0;6073;20;0;1.0;0.0;0.0
22;2021-01-22;846;2;0;6919;22;0;1.2;0.0;0.0
22;2021-01-23;230;0;0;7149;22;0;1.2;0.0;0.0
22;2021-01-24;12;0;0;7161;22;0;1.2;0.0;0.0
22;2021-01-25;795;11;0;7956;33;0;1.3;0.0;0.0
22;2021-01-26;977;57;0;8933;90;0;1.5;0.0;0.0
22;2021-01-27;3558;115;0;12491;205;0;2.1;0.0;0.0
22;2021-01-28;4257;84;0;16748;289;0;2.8;0.0;0.0
22;2021-01-29;1802;133;0;18550;422;0;3.1;0.1;0.0
22;2021-01-30;282;1;0;18832;423;0;3.2;0.1;0.0
22;2021-01-31;6;0;0;18838;423;0;3.2;0.1;0.0
22;2021-02-01;651;97;0;19489;520;0;3.3;0.1;0.0
22;2021-02-02;870;426;0;20359;946;0;3.4;0.2;0.0
22;2021-02-03;699;486;0;21058;1432;0;3.5;0.2;0.0
22;2021-02-04;938;641;0;21996;2073;0;3.7;0.3;0.0
22;2021-02-05;722;559;0;22718;2632;0;3.8;0.4;0.0
22;2021-02-06;248;2;0;22966;2634;0;3.9;0.4;0.0
22;2021-02-07;13;0;0;22979;2634;0;3.9;0.4;0.0
22;2021-02-08;553;149;0;23532;2783;0;3.9;0.5;0.0
22;2021-02-09;625;426;0;24157;3209;0;4.1;0.5;0.0
22;2021-02-10;451;285;0;24608;3494;0;4.1;0.6;0.0
22;2021-02-11;1059;388;0;25667;3882;0;4.3;0.7;0.0
22;2021-02-12;628;332;0;26295;4214;0;4.4;0.7;0.0
22;2021-02-13;318;92;0;26613;4306;0;4.5;0.7;0.0
22;2021-02-14;4;12;0;26617;4318;0;4.5;0.7;0.0
22;2021-02-15;688;486;0;27305;4804;0;4.6;0.8;0.0
22;2021-02-16;1021;717;0;28326;5521;0;4.8;0.9;0.0
22;2021-02-17;1174;2263;0;29500;7784;0;4.9;1.3;0.0
22;2021-02-18;2088;2847;0;31588;10631;0;5.3;1.8;0.0
22;2021-02-19;1577;1876;0;33165;12507;0;5.6;2.1;0.0
22;2021-02-20;479;210;0;33644;12717;0;5.6;2.1;0.0
22;2021-02-21;13;49;0;33657;12766;0;5.6;2.1;0.0
22;2021-02-22;417;729;0;34074;13495;0;5.7;2.3;0.0
22;2021-02-23;620;944;0;34694;14439;0;5.8;2.4;0.0
22;2021-02-24;711;896;0;35405;15335;0;5.9;2.6;0.0
22;2021-02-25;1203;1199;0;36608;16534;0;6.1;2.8;0.0
22;2021-02-26;1080;716;0;37688;17250;0;6.3;2.9;0.0
22;2021-02-27;575;280;0;38263;17530;0;6.4;2.9;0.0
22;2021-02-28;21;11;0;38284;17541;0;6.4;2.9;0.0
22;2021-03-01;963;555;0;39247;18096;0;6.6;3.0;0.0
22;2021-03-02;1196;879;0;40443;18975;0;6.8;3.2;0.0
22;2021-03-03;1295;863;0;41738;19838;0;7.0;3.3;0.0
22;2021-03-04;1606;914;0;43344;20752;0;7.3;3.5;0.0
22;2021-03-05;2144;810;0;45488;21562;0;7.6;3.6;0.0
22;2021-03-06;1097;285;0;46585;21847;0;7.8;3.7;0.0
22;2021-03-07;224;10;0;46809;21857;0;7.9;3.7;0.0
22;2021-03-08;1282;661;0;48091;22518;0;8.1;3.8;0.0
22;2021-03-09;1819;749;0;49910;23267;0;8.4;3.9;0.0
22;2021-03-10;1945;953;0;51855;24220;0;8.7;4.1;0.0
22;2021-03-11;2367;1597;0;54222;25817;0;9.1;4.3;0.0
22;2021-03-12;3171;967;0;57393;26784;0;9.6;4.5;0.0
22;2021-03-13;1717;284;0;59110;27068;0;9.9;4.5;0.0
22;2021-03-14;258;30;0;59368;27098;0;10.0;4.5;0.0
22;2021-03-15;1596;588;0;60964;27686;0;10.2;4.6;0.0
22;2021-03-16;1554;834;0;62518;28520;0;10.5;4.8;0.0
22;2021-03-17;2459;709;0;64977;29229;0;10.9;4.9;0.0
22;2021-03-18;2437;1105;0;67414;30334;0;11.3;5.1;0.0
22;2021-03-19;3193;812;0;70607;31146;0;11.8;5.2;0.0
22;2021-03-20;2085;282;0;72692;31428;0;12.2;5.3;0.0
22;2021-03-21;45;2;0;72737;31430;0;12.2;5.3;0.0
22;2021-03-22;2284;377;0;75021;31807;0;12.6;5.3;0.0
22;2021-03-23;3025;706;0;78046;32513;0;13.1;5.5;0.0
22;2021-03-24;3380;701;0;81426;33214;0;13.7;5.6;0.0
22;2021-03-25;3818;632;0;85244;33846;0;14.3;5.7;0.0
22;2021-03-26;3870;493;0;89114;34339;0;14.9;5.8;0.0
22;2021-03-27;1925;198;0;91039;34537;0;15.3;5.8;0.0
22;2021-03-28;132;6;0;91171;34543;0;15.3;5.8;0.0
22;2021-03-29;2572;900;0;93743;35443;0;15.7;5.9;0.0
22;2021-03-30;3363;1113;0;97106;36556;0;16.3;6.1;0.0
22;2021-03-31;3314;1060;0;100420;37616;0;16.8;6.3;0.0
22;2021-04-01;4435;1097;0;104855;38713;0;17.6;6.5;0.0
22;2021-04-02;3985;1021;0;108840;39734;0;18.3;6.7;0.0
22;2021-04-03;1664;392;0;110504;40126;0;18.5;6.7;0.0
22;2021-04-04;62;2;0;110566;40128;0;18.5;6.7;0.0
22;2021-04-05;81;19;0;110647;40147;0;18.6;6.7;0.0
22;2021-04-06;2997;1096;0;113644;41243;0;19.1;6.9;0.0
22;2021-04-07;3126;1306;0;116770;42549;0;19.6;7.1;0.0
22;2021-04-08;4107;1267;0;120877;43816;0;20.3;7.3;0.0
22;2021-04-09;4882;1358;0;125759;45174;0;21.1;7.6;0.0
22;2021-04-10;2125;384;0;127884;45558;0;21.5;7.6;0.0
22;2021-04-11;487;26;0;128371;45584;0;21.5;7.6;0.0
22;2021-04-12;2737;1024;0;131108;46608;0;22.0;7.8;0.0
22;2021-04-13;3230;1492;0;134338;48100;0;22.5;8.1;0.0
22;2021-04-14;3081;2323;0;137419;50423;0;23.0;8.5;0.0
22;2021-04-15;3507;2336;0;140926;52759;0;23.6;8.8;0.0
22;2021-04-16;3456;2398;0;144382;55157;0;24.2;9.3;0.0
22;2021-04-17;1671;1648;0;146053;56805;0;24.5;9.5;0.0
22;2021-04-18;53;14;0;146106;56819;0;24.5;9.5;0.0
22;2021-04-19;2818;2109;0;148924;58928;0;25.0;9.9;0.0
22;2021-04-20;3243;2669;0;152167;61597;0;25.5;10.3;0.0
22;2021-04-21;3110;2588;0;155277;64185;0;26.0;10.8;0.0
22;2021-04-22;3434;2997;0;158711;67182;0;26.6;11.3;0.0
22;2021-04-23;3643;2976;0;162354;70158;0;27.2;11.8;0.0
22;2021-04-24;1805;1687;0;164159;71845;0;27.5;12.1;0.0
22;2021-04-25;61;29;0;164220;71874;0;27.5;12.1;0.0
22;2021-04-26;3138;2628;0;167358;74502;0;28.1;12.5;0.0
22;2021-04-27;3397;2809;0;170755;77311;0;28.6;13.0;0.0
22;2021-04-28;3457;2725;0;174212;80036;0;29.2;13.4;0.0
22;2021-04-29;4061;2909;0;178273;82945;0;29.9;13.9;0.0
22;2021-04-30;3935;2829;0;182208;85774;0;30.6;14.4;0.0
22;2021-05-01;140;116;0;182348;85890;0;30.6;14.4;0.0
22;2021-05-02;1241;106;0;183589;85996;0;30.8;14.4;0.0
22;2021-05-03;2062;2432;0;185651;88428;0;31.1;14.8;0.0
22;2021-05-04;2221;2713;0;187872;91141;0;31.5;15.3;0.0
22;2021-05-05;2124;2688;0;189996;93829;0;31.9;15.7;0.0
22;2021-05-06;2608;3273;0;192604;97102;0;32.3;16.3;0.0
22;2021-05-07;2931;3208;0;195535;100310;0;32.8;16.8;0.0
22;2021-05-08;131;165;0;195666;100475;0;32.8;16.9;0.0
22;2021-05-09;643;446;0;196309;100921;0;32.9;16.9;0.0
22;2021-05-10;4307;2529;0;200616;103450;0;33.6;17.4;0.0
22;2021-05-11;4816;2773;0;205432;106223;0;34.5;17.8;0.0
22;2021-05-12;6051;1121;0;211483;107344;0;35.5;18.0;0.0
22;2021-05-13;715;126;0;212198;107470;0;35.6;18.0;0.0
22;2021-05-14;5679;1209;0;217877;108679;0;36.5;18.2;0.0
22;2021-05-15;3577;459;0;221454;109138;0;37.1;18.3;0.0
22;2021-05-16;378;61;0;221832;109199;0;37.2;18.3;0.0
22;2021-05-17;5206;611;0;227038;109810;0;38.1;18.4;0.0
22;2021-05-18;5559;1073;0;232597;110883;0;39.0;18.6;0.0
22;2021-05-19;5711;833;0;238308;111716;0;40.0;18.7;0.0
22;2021-05-20;6136;1449;0;244444;113165;0;41.0;19.0;0.0
22;2021-05-21;5443;1550;0;249887;114715;0;41.9;19.2;0.0
22;2021-05-22;3592;756;0;253479;115471;0;42.5;19.4;0.0
22;2021-05-23;449;28;0;253928;115499;0;42.6;19.4;0.0
22;2021-05-24;4551;245;0;258479;115744;0;43.4;19.4;0.0
22;2021-05-25;4986;1242;0;263465;116986;0;44.2;19.6;0.0
22;2021-05-26;3845;2575;0;267310;119561;0;44.8;20.1;0.0
22;2021-05-27;4151;3568;0;271461;123129;0;45.5;20.7;0.0
22;2021-05-28;4010;4190;0;275471;127319;0;46.2;21.4;0.0
22;2021-05-29;2764;1622;0;278235;128941;0;46.7;21.6;0.0
22;2021-05-30;146;23;0;278381;128964;0;46.7;21.6;0.0
22;2021-05-31;3413;3033;0;281794;131997;0;47.3;22.1;0.0
22;2021-06-01;3451;3570;0;285245;135567;0;47.8;22.7;0.0
22;2021-06-02;2996;3173;0;288241;138740;0;48.3;23.3;0.0
22;2021-06-03;3286;3901;0;291527;142641;0;48.9;23.9;0.0
22;2021-06-04;3366;4421;0;294893;147062;0;49.5;24.7;0.0
22;2021-06-05;3122;1893;0;298015;148955;0;50.0;25.0;0.0
22;2021-06-06;344;55;0;298359;149010;0;50.0;25.0;0.0
22;2021-06-07;2914;3209;0;301273;152219;0;50.5;25.5;0.0
22;2021-06-08;2819;3472;0;304092;155691;0;51.0;26.1;0.0
22;2021-06-09;2644;3503;0;306736;159194;0;51.4;26.7;0.0
22;2021-06-10;2713;4109;0;309449;163303;0;51.9;27.4;0.0
22;2021-06-11;2755;4304;0;312204;167607;0;52.4;28.1;0.0
22;2021-06-12;2213;1398;0;314417;169005;0;52.7;28.3;0.0
22;2021-06-13;303;1125;0;314720;170130;0;52.8;28.5;0.0
22;2021-06-14;2596;2536;0;317316;172666;0;53.2;29.0;0.0
22;2021-06-15;3106;3136;0;320422;175802;0;53.7;29.5;0.0
22;2021-06-16;3045;2917;0;323467;178719;0;54.3;30.0;0.0
22;2021-06-17;2726;3256;0;326193;181975;0;54.7;30.5;0.0
22;2021-06-18;3207;4221;0;329400;186196;0;55.3;31.2;0.0
22;2021-06-19;2755;1418;0;332155;187614;0;55.7;31.5;0.0
22;2021-06-20;239;89;0;332394;187703;0;55.8;31.5;0.0
22;2021-06-21;1888;4884;0;334282;192587;0;56.1;32.3;0.0
22;2021-06-22;2501;5486;0;336783;198073;0;56.5;33.2;0.0
22;2021-06-23;1498;5984;0;338281;204057;0;56.7;34.2;0.0
22;2021-06-24;2700;3907;0;340981;207964;0;57.2;34.9;0.0
22;2021-06-25;1684;6502;0;342665;214466;0;57.5;36.0;0.0
22;2021-06-26;797;3541;0;343462;218007;0;57.6;36.6;0.0
22;2021-06-27;67;475;0;343529;218482;0;57.6;36.6;0.0
22;2021-06-28;1082;5327;0;344611;223809;0;57.8;37.5;0.0
22;2021-06-29;1470;5822;0;346081;229631;0;58.0;38.5;0.0
22;2021-06-30;1242;5652;0;347323;235283;0;58.3;39.5;0.0
22;2021-07-01;1511;5877;0;348834;241160;0;58.5;40.5;0.0
22;2021-07-02;1766;5940;0;350600;247100;0;58.8;41.4;0.0
22;2021-07-03;959;3417;0;351559;250517;0;59.0;42.0;0.0
22;2021-07-04;186;440;0;351745;250957;0;59.0;42.1;0.0
22;2021-07-05;1644;5531;0;353389;256488;0;59.3;43.0;0.0
22;2021-07-06;2302;5771;0;355691;262259;0;59.7;44.0;0.0
22;2021-07-07;2195;4761;0;357886;267020;0;60.0;44.8;0.0
22;2021-07-08;2329;4924;0;360215;271944;0;60.4;45.6;0.0
22;2021-07-09;2320;5249;0;362535;277193;0;60.8;46.5;0.0
22;2021-07-10;1604;3106;0;364139;280299;0;61.1;47.0;0.0
22;2021-07-11;459;144;0;364598;280443;0;61.2;47.0;0.0
22;2021-07-12;2125;4542;0;366723;284985;0;61.5;47.8;0.0
22;2021-07-13;3468;5033;0;370191;290018;0;62.1;48.6;0.0
22;2021-07-14;768;2546;0;370959;292564;0;62.2;49.1;0.0
22;2021-07-15;3395;4677;0;374354;297241;0;62.8;49.9;0.0
22;2021-07-16;3499;5236;0;377853;302477;0;63.4;50.7;0.0
22;2021-07-17;2271;3069;0;380124;305546;0;63.8;51.3;0.0
22;2021-07-18;579;209;0;380703;305755;0;63.9;51.3;0.0
22;2021-07-19;2530;3951;1;383233;309706;1;64.3;51.9;0.0
22;2021-07-20;3541;4052;0;386774;313758;1;64.9;52.6;0.0
22;2021-07-21;3586;3373;0;390360;317131;1;65.5;53.2;0.0
22;2021-07-22;4326;3691;0;394686;320822;1;66.2;53.8;0.0
22;2021-07-23;4033;4242;0;398719;325064;1;66.9;54.5;0.0
22;2021-07-24;1981;2409;0;400700;327473;1;67.2;54.9;0.0
22;2021-07-25;221;278;0;400921;327751;1;67.2;55.0;0.0
22;2021-07-26;2750;3855;0;403671;331606;1;67.7;55.6;0.0
22;2021-07-27;3340;4713;0;407011;336319;1;68.3;56.4;0.0
22;2021-07-28;3353;3582;0;410364;339901;1;68.8;57.0;0.0
22;2021-07-29;3785;3728;0;414149;343629;1;69.5;57.6;0.0
22;2021-07-30;3561;3960;0;417710;347589;1;70.1;58.3;0.0
22;2021-07-31;2033;2655;0;419743;350244;1;70.4;58.7;0.0
22;2021-08-01;246;258;0;419989;350502;1;70.4;58.8;0.0
22;2021-08-02;4192;2433;0;424181;352935;1;71.1;59.2;0.0
22;2021-08-03;4347;3325;0;428528;356260;1;71.9;59.8;0.0
22;2021-08-04;5033;2403;0;433561;358663;1;72.7;60.2;0.0
22;2021-08-05;3721;3546;0;437282;362209;1;73.3;60.8;0.0
22;2021-08-06;3291;3575;0;440573;365784;1;73.9;61.4;0.0
22;2021-08-07;2093;2076;0;442666;367860;1;74.2;61.7;0.0
22;2021-08-08;369;153;0;443035;368013;1;74.3;61.7;0.0
22;2021-08-09;2500;2596;0;445535;370609;1;74.7;62.2;0.0
22;2021-08-10;2598;3318;0;448133;373927;1;75.2;62.7;0.0
22;2021-08-11;2338;2935;0;450471;376862;1;75.6;63.2;0.0
22;2021-08-12;2142;3301;0;452613;380163;1;75.9;63.8;0.0
22;2021-08-13;1974;2896;0;454587;383059;1;76.2;64.3;0.0
22;2021-08-14;1265;1731;0;455852;384790;1;76.5;64.5;0.0
22;2021-08-15;147;270;0;455999;385060;1;76.5;64.6;0.0
22;2021-08-16;1503;3005;0;457502;388065;1;76.7;65.1;0.0
22;2021-08-17;1765;3335;0;459267;391400;1;77.0;65.7;0.0
22;2021-08-18;1490;3135;0;460757;394535;1;77.3;66.2;0.0
22;2021-08-19;1437;3435;0;462194;397970;1;77.5;66.8;0.0
22;2021-08-20;1496;3548;0;463690;401518;1;77.8;67.3;0.0
22;2021-08-21;747;2101;0;464437;403619;1;77.9;67.7;0.0
22;2021-08-22;203;386;0;464640;404005;1;77.9;67.8;0.0
22;2021-08-23;1863;3529;0;466503;407534;1;78.2;68.4;0.0
22;2021-08-24;1412;3233;0;467915;410767;1;78.5;68.9;0.0
22;2021-08-25;866;2595;0;468781;413362;1;78.6;69.3;0.0
22;2021-08-26;1106;4214;0;469887;417576;1;78.8;70.0;0.0
22;2021-08-27;1285;4536;0;471172;422112;1;79.0;70.8;0.0
22;2021-08-28;701;2354;0;471873;424466;1;79.1;71.2;0.0
22;2021-08-29;69;136;0;471942;424602;1;79.2;71.2;0.0
22;2021-08-30;917;3020;52;472859;427622;53;79.3;71.7;0.0
22;2021-08-31;995;3737;68;473854;431359;121;79.5;72.4;0.0
22;2021-09-01;1025;3235;171;474879;434594;292;79.7;72.9;0.0
22;2021-09-02;847;2840;234;475726;437434;526;79.8;73.4;0.1
22;2021-09-03;935;2865;313;476661;440299;839;80.0;73.9;0.1
22;2021-09-04;762;2439;130;477423;442738;969;80.1;74.3;0.2
22;2021-09-05;119;109;29;477542;442847;998;80.1;74.3;0.2
22;2021-09-06;501;1942;320;478043;444789;1318;80.2;74.6;0.2
22;2021-09-07;537;1981;309;478580;446770;1627;80.3;74.9;0.3
22;2021-09-08;627;1961;324;479207;448731;1951;80.4;75.3;0.3
22;2021-09-09;650;1925;407;479857;450656;2358;80.5;75.6;0.4
22;2021-09-10;717;2136;369;480574;452792;2727;80.6;75.9;0.5
22;2021-09-11;537;1556;131;481111;454348;2858;80.7;76.2;0.5
22;2021-09-12;41;123;8;481152;454471;2866;80.7;76.2;0.5
22;2021-09-13;505;2056;593;481657;456527;3459;80.8;76.6;0.6
22;2021-09-14;601;1564;850;482258;458091;4309;80.9;76.8;0.7
22;2021-09-15;456;1716;619;482714;459807;4928;81.0;77.1;0.8
22;2021-09-16;560;1088;998;483274;460895;5926;81.1;77.3;1.0
22;2021-09-17;631;1628;947;483905;462523;6873;81.2;77.6;1.2
22;2021-09-18;280;2015;104;484185;464538;6977;81.2;77.9;1.2
22;2021-09-19;10;57;7;484195;464595;6984;81.2;77.9;1.2
22;2021-09-20;375;736;678;484570;465331;7662;81.3;78.1;1.3
22;2021-09-21;360;913;1011;484930;466244;8673;81.3;78.2;1.5
22;2021-09-22;303;1202;533;485233;467446;9206;81.4;78.4;1.5
22;2021-09-23;390;730;943;485623;468176;10149;81.5;78.5;1.7
22;2021-09-24;375;1150;932;485998;469326;11081;81.5;78.7;1.9
22;2021-09-25;215;1304;176;486213;470630;11257;81.6;78.9;1.9
22;2021-09-26;17;90;15;486230;470720;11272;81.6;79.0;1.9
22;2021-09-27;336;780;700;486566;471500;11972;81.6;79.1;2.0
22;2021-09-28;229;604;702;486795;472104;12674;81.7;79.2;2.1
22;2021-09-29;234;873;937;487029;472977;13611;81.7;79.3;2.3
22;2021-09-30;274;706;1020;487303;473683;14631;81.7;79.5;2.5
22;2021-10-01;329;801;862;487632;474484;15493;81.8;79.6;2.6
22;2021-10-02;306;848;239;487938;475332;15732;81.8;79.7;2.6
22;2021-10-03;5;3;5;487943;475335;15737;81.8;79.7;2.6
22;2021-10-04;149;452;602;488092;475787;16339;81.9;79.8;2.7
22;2021-10-05;217;635;905;488309;476422;17244;81.9;79.9;2.9
22;2021-10-06;234;397;757;488543;476819;18001;81.9;80.0;3.0
22;2021-10-07;233;652;937;488776;477471;18938;82.0;80.1;3.2
22;2021-10-08;314;786;962;489090;478257;19900;82.0;80.2;3.3
22;2021-10-09;226;436;387;489316;478693;20287;82.1;80.3;3.4
22;2021-10-10;6;11;4;489322;478704;20291;82.1;80.3;3.4
22;2021-10-11;158;304;675;489480;479008;20966;82.1;80.3;3.5
22;2021-10-12;106;183;537;489586;479191;21503;82.1;80.4;3.6
22;2021-10-13;184;263;660;489770;479454;22163;82.2;80.4;3.7
22;2021-10-14;209;713;1218;489979;480167;23381;82.2;80.5;3.9
22;2021-10-15;270;482;1363;490249;480649;24744;82.2;80.6;4.2
22;2021-10-16;307;449;670;490556;481098;25414;82.3;80.7;4.3
22;2021-10-17;2;6;3;490558;481104;25417;82.3;80.7;4.3
22;2021-10-18;139;329;1010;490697;481433;26427;82.3;80.8;4.4
22;2021-10-19;70;131;392;490767;481564;26819;82.3;80.8;4.5
22;2021-10-20;167;272;1349;490934;481836;28168;82.3;80.8;4.7
22;2021-10-21;215;419;1738;491149;482255;29906;82.4;80.9;5.0
22;2021-10-22;196;427;1197;491345;482682;31103;82.4;81.0;5.2
22;2021-10-23;234;413;1033;491579;483095;32136;82.5;81.0;5.4
22;2021-10-24;2;10;1;491581;483105;32137;82.5;81.0;5.4
22;2021-10-25;178;162;1505;491759;483267;33642;82.5;81.1;5.6
22;2021-10-26;68;80;420;491827;483347;34062;82.5;81.1;5.7
22;2021-10-27;125;142;1110;491952;483489;35172;82.5;81.1;5.9
22;2021-10-28;205;257;1675;492157;483746;36847;82.6;81.1;6.2
22;2021-10-29;176;337;1414;492333;484083;38261;82.6;81.2;6.4
22;2021-10-30;154;251;889;492487;484334;39150;82.6;81.2;6.6
22;2021-10-31;1;10;7;492488;484344;39157;82.6;81.2;6.6
22;2021-11-01;5;4;9;492493;484348;39166;82.6;81.2;6.6
22;2021-11-02;71;80;539;492564;484428;39705;82.6;81.3;6.7
22;2021-11-03;158;181;1592;492722;484609;41297;82.6;81.3;6.9
22;2021-11-04;214;277;1956;492936;484886;43253;82.7;81.3;7.3
22;2021-11-05;191;316;1784;493127;485202;45037;82.7;81.4;7.6
22;2021-11-06;206;313;1350;493333;485515;46387;82.7;81.4;7.8
22;2021-11-07;3;4;6;493336;485519;46393;82.7;81.4;7.8
22;2021-11-08;110;192;2480;493446;485711;48873;82.8;81.5;8.2
22;2021-11-09;151;161;2114;493597;485872;50987;82.8;81.5;8.6
22;2021-11-10;126;174;1600;493723;486046;52587;82.8;81.5;8.8
22;2021-11-11;1;13;57;493724;486059;52644;82.8;81.5;8.8
22;2021-11-12;196;412;2805;493920;486471;55449;82.8;81.6;9.3
22;2021-11-13;208;301;1671;494128;486772;57120;82.9;81.6;9.6
22;2021-11-14;1;8;2;494129;486780;57122;82.9;81.6;9.6
22;2021-11-15;134;139;2027;494263;486919;59149;82.9;81.7;9.9
22;2021-11-16;139;131;2349;494402;487050;61498;82.9;81.7;10.3
22;2021-11-17;160;167;1956;494562;487217;63454;83.0;81.7;10.6
22;2021-11-18;211;207;2747;494773;487424;66201;83.0;81.8;11.1
22;2021-11-19;235;274;2940;495008;487698;69141;83.0;81.8;11.6
22;2021-11-20;265;271;1253;495273;487969;70394;83.1;81.8;11.8
22;2021-11-21;1;3;1;495274;487972;70395;83.1;81.8;11.8
22;2021-11-22;163;117;2108;495437;488089;72503;83.1;81.9;12.2
22;2021-11-23;183;138;2660;495620;488227;75163;83.1;81.9;12.6
22;2021-11-24;230;197;1980;495850;488424;77143;83.2;81.9;12.9
22;2021-11-25;170;155;3168;496020;488579;80311;83.2;82.0;13.5
22;2021-11-26;229;232;4689;496249;488811;85000;83.2;82.0;14.3
22;2021-11-27;208;256;2060;496457;489067;87060;83.3;82.0;14.6
22;2021-11-28;4;2;53;496461;489069;87113;83.3;82.0;14.6
22;2021-11-29;125;113;4770;496586;489182;91883;83.3;82.1;15.4
22;2021-11-30;161;139;6133;496747;489321;98016;83.3;82.1;16.4
22;2021-12-01;168;147;5452;496915;489468;103468;83.3;82.1;17.4
22;2021-12-02;124;118;5883;497039;489586;109351;83.4;82.1;18.3
22;2021-12-03;146;203;6880;497185;489789;116231;83.4;82.2;19.5
22;2021-12-04;99;257;2433;497284;490046;118664;83.4;82.2;19.9
22;2021-12-05;5;4;120;497289;490050;118784;83.4;82.2;19.9
22;2021-12-06;112;162;5867;497401;490212;124651;83.4;82.2;20.9
22;2021-12-07;128;142;7128;497529;490354;131779;83.5;82.2;22.1
22;2021-12-08;153;190;6822;497682;490544;138601;83.5;82.3;23.2
22;2021-12-09;171;171;7968;497853;490715;146569;83.5;82.3;24.6
22;2021-12-10;206;269;8653;498059;490984;155222;83.5;82.4;26.0
22;2021-12-11;109;263;3825;498168;491247;159047;83.6;82.4;26.7
22;2021-12-12;27;17;1144;498195;491264;160191;83.6;82.4;26.9
22;2021-12-13;132;167;7365;498327;491431;167556;83.6;82.4;28.1
22;2021-12-14;182;183;9164;498509;491614;176720;83.6;82.5;29.6
22;2021-12-15;207;209;7878;498716;491823;184598;83.7;82.5;31.0
22;2021-12-16;176;256;8384;498892;492079;192982;83.7;82.5;32.4
22;2021-12-17;200;296;9017;499092;492375;201999;83.7;82.6;33.9
22;2021-12-18;162;241;3876;499254;492616;205875;83.7;82.6;34.5
22;2021-12-19;35;23;1337;499289;492639;207212;83.7;82.6;34.8
22;2021-12-20;237;147;6482;499526;492786;213694;83.8;82.7;35.8
22;2021-12-21;252;179;7356;499778;492965;221050;83.8;82.7;37.1
22;2021-12-22;240;212;6024;500018;493177;227074;83.9;82.7;38.1
23;2020-12-27;0;0;0;0;0;0;0.0;0.0;0.0
23;2020-12-28;2;0;0;2;0;0;0.0;0.0;0.0
23;2020-12-29;0;0;0;2;0;0;0.0;0.0;0.0
23;2020-12-30;0;0;0;2;0;0;0.0;0.0;0.0
23;2020-12-31;0;0;0;2;0;0;0.0;0.0;0.0
23;2021-01-01;0;0;0;2;0;0;0.0;0.0;0.0
23;2021-01-02;1;0;0;3;0;0;0.0;0.0;0.0
23;2021-01-03;0;0;0;3;0;0;0.0;0.0;0.0
23;2021-01-04;2;0;0;5;0;0;0.0;0.0;0.0
23;2021-01-05;4;0;0;9;0;0;0.0;0.0;0.0
23;2021-01-06;8;0;0;17;0;0;0.0;0.0;0.0
23;2021-01-07;98;1;0;115;1;0;0.1;0.0;0.0
23;2021-01-08;111;0;0;226;1;0;0.2;0.0;0.0
23;2021-01-09;26;0;0;252;1;0;0.2;0.0;0.0
23;2021-01-10;3;0;0;255;1;0;0.2;0.0;0.0
23;2021-01-11;150;1;0;405;2;0;0.3;0.0;0.0
23;2021-01-12;210;5;0;615;7;0;0.5;0.0;0.0
23;2021-01-13;239;0;0;854;7;0;0.7;0.0;0.0
23;2021-01-14;238;3;0;1092;10;0;0.9;0.0;0.0
23;2021-01-15;295;5;0;1387;15;0;1.2;0.0;0.0
23;2021-01-16;154;1;0;1541;16;0;1.3;0.0;0.0
23;2021-01-17;0;0;0;1541;16;0;1.3;0.0;0.0
23;2021-01-18;307;3;0;1848;19;0;1.6;0.0;0.0
23;2021-01-19;451;1;0;2299;20;0;2.0;0.0;0.0
23;2021-01-20;327;1;0;2626;21;0;2.3;0.0;0.0
23;2021-01-21;631;1;0;3257;22;0;2.8;0.0;0.0
23;2021-01-22;444;0;0;3701;22;0;3.2;0.0;0.0
23;2021-01-23;347;1;0;4048;23;0;3.5;0.0;0.0
23;2021-01-24;8;0;0;4056;23;0;3.5;0.0;0.0
23;2021-01-25;360;16;0;4416;39;0;3.8;0.0;0.0
23;2021-01-26;280;6;0;4696;45;0;4.0;0.0;0.0
23;2021-01-27;232;2;0;4928;47;0;4.2;0.0;0.0
23;2021-01-28;229;34;0;5157;81;0;4.4;0.1;0.0
23;2021-01-29;288;99;0;5445;180;0;4.7;0.2;0.0
23;2021-01-30;98;26;0;5543;206;0;4.8;0.2;0.0
23;2021-01-31;2;24;0;5545;230;0;4.8;0.2;0.0
23;2021-02-01;144;93;0;5689;323;0;4.9;0.3;0.0
23;2021-02-02;157;104;0;5846;427;0;5.0;0.4;0.0
23;2021-02-03;99;146;0;5945;573;0;5.1;0.5;0.0
23;2021-02-04;87;209;0;6032;782;0;5.2;0.7;0.0
23;2021-02-05;125;287;0;6157;1069;0;5.3;0.9;0.0
23;2021-02-06;17;163;0;6174;1232;0;5.3;1.1;0.0
23;2021-02-07;1;0;0;6175;1232;0;5.3;1.1;0.0
23;2021-02-08;110;199;0;6285;1431;0;5.4;1.2;0.0
23;2021-02-09;75;276;0;6360;1707;0;5.5;1.5;0.0
23;2021-02-10;88;257;0;6448;1964;0;5.5;1.7;0.0
23;2021-02-11;228;516;0;6676;2480;0;5.7;2.1;0.0
23;2021-02-12;210;252;0;6886;2732;0;5.9;2.3;0.0
23;2021-02-13;8;175;0;6894;2907;0;5.9;2.5;0.0
23;2021-02-14;11;1;0;6905;2908;0;5.9;2.5;0.0
23;2021-02-15;152;330;0;7057;3238;0;6.1;2.8;0.0
23;2021-02-16;95;412;0;7152;3650;0;6.2;3.1;0.0
23;2021-02-17;74;471;0;7226;4121;0;6.2;3.5;0.0
23;2021-02-18;126;372;0;7352;4493;0;6.3;3.9;0.0
23;2021-02-19;107;240;0;7459;4733;0;6.4;4.1;0.0
23;2021-02-20;9;97;0;7468;4830;0;6.4;4.2;0.0
23;2021-02-21;0;0;0;7468;4830;0;6.4;4.2;0.0
23;2021-02-22;99;196;0;7567;5026;0;6.5;4.3;0.0
23;2021-02-23;91;204;0;7658;5230;0;6.6;4.5;0.0
23;2021-02-24;150;152;0;7808;5382;0;6.7;4.6;0.0
23;2021-02-25;164;111;0;7972;5493;0;6.9;4.7;0.0
23;2021-02-26;269;142;0;8241;5635;0;7.1;4.8;0.0
23;2021-02-27;92;15;0;8333;5650;0;7.2;4.9;0.0
23;2021-02-28;3;30;0;8336;5680;0;7.2;4.9;0.0
23;2021-03-01;89;176;0;8425;5856;0;7.2;5.0;0.0
23;2021-03-02;225;128;0;8650;5984;0;7.4;5.1;0.0
23;2021-03-03;139;99;0;8789;6083;0;7.6;5.2;0.0
23;2021-03-04;279;119;0;9068;6202;0;7.8;5.3;0.0
23;2021-03-05;512;129;0;9580;6331;0;8.2;5.4;0.0
23;2021-03-06;493;14;0;10073;6345;0;8.7;5.5;0.0
23;2021-03-07;288;4;0;10361;6349;0;8.9;5.5;0.0
23;2021-03-08;210;78;0;10571;6427;0;9.1;5.5;0.0
23;2021-03-09;360;95;0;10931;6522;0;9.4;5.6;0.0
23;2021-03-10;306;43;0;11237;6565;0;9.7;5.6;0.0
23;2021-03-11;295;53;0;11532;6618;0;9.9;5.7;0.0
23;2021-03-12;528;50;0;12060;6668;0;10.4;5.7;0.0
23;2021-03-13;293;15;0;12353;6683;0;10.6;5.7;0.0
23;2021-03-14;46;34;0;12399;6717;0;10.7;5.8;0.0
23;2021-03-15;219;115;0;12618;6832;0;10.9;5.9;0.0
23;2021-03-16;207;92;0;12825;6924;0;11.0;6.0;0.0
23;2021-03-17;127;100;0;12952;7024;0;11.1;6.0;0.0
23;2021-03-18;189;90;0;13141;7114;0;11.3;6.1;0.0
23;2021-03-19;240;122;0;13381;7236;0;11.5;6.2;0.0
23;2021-03-20;604;34;0;13985;7270;0;12.0;6.3;0.0
23;2021-03-21;107;0;0;14092;7270;0;12.1;6.3;0.0
23;2021-03-22;254;126;0;14346;7396;0;12.3;6.4;0.0
23;2021-03-23;465;86;0;14811;7482;0;12.7;6.4;0.0
23;2021-03-24;427;108;0;15238;7590;0;13.1;6.5;0.0
23;2021-03-25;814;173;0;16052;7763;0;13.8;6.7;0.0
23;2021-03-26;714;172;0;16766;7935;0;14.4;6.8;0.0
23;2021-03-27;506;37;0;17272;7972;0;14.9;6.9;0.0
23;2021-03-28;4;12;0;17276;7984;0;14.9;6.9;0.0
23;2021-03-29;360;106;0;17636;8090;0;15.2;7.0;0.0
23;2021-03-30;538;169;0;18174;8259;0;15.6;7.1;0.0
23;2021-03-31;431;178;0;18605;8437;0;16.0;7.3;0.0
23;2021-04-01;602;169;0;19207;8606;0;16.5;7.4;0.0
23;2021-04-02;509;286;0;19716;8892;0;17.0;7.6;0.0
23;2021-04-03;637;49;0;20353;8941;0;17.5;7.7;0.0
23;2021-04-04;4;1;0;20357;8942;0;17.5;7.7;0.0
23;2021-04-05;7;4;0;20364;8946;0;17.5;7.7;0.0
23;2021-04-06;391;264;0;20755;9210;0;17.9;7.9;0.0
23;2021-04-07;689;261;0;21444;9471;0;18.4;8.1;0.0
23;2021-04-08;784;223;0;22228;9694;0;19.1;8.3;0.0
23;2021-04-09;900;293;0;23128;9987;0;19.9;8.6;0.0
23;2021-04-10;1018;125;0;24146;10112;0;20.8;8.7;0.0
23;2021-04-11;31;5;0;24177;10117;0;20.8;8.7;0.0
23;2021-04-12;638;209;0;24815;10326;0;21.3;8.9;0.0
23;2021-04-13;646;274;0;25461;10600;0;21.9;9.1;0.0
23;2021-04-14;570;181;0;26031;10781;0;22.4;9.3;0.0
23;2021-04-15;878;186;0;26909;10967;0;23.1;9.4;0.0
23;2021-04-16;837;226;0;27746;11193;0;23.9;9.6;0.0
23;2021-04-17;882;531;0;28628;11724;0;24.6;10.1;0.0
23;2021-04-18;20;118;0;28648;11842;0;24.6;10.2;0.0
23;2021-04-19;546;282;0;29194;12124;0;25.1;10.4;0.0
23;2021-04-20;658;299;0;29852;12423;0;25.7;10.7;0.0
23;2021-04-21;673;384;0;30525;12807;0;26.3;11.0;0.0
23;2021-04-22;579;484;0;31104;13291;0;26.8;11.4;0.0
23;2021-04-23;527;342;0;31631;13633;0;27.2;11.7;0.0
23;2021-04-24;767;425;0;32398;14058;0;27.9;12.1;0.0
23;2021-04-25;14;2;0;32412;14060;0;27.9;12.1;0.0
23;2021-04-26;563;267;0;32975;14327;0;28.4;12.3;0.0
23;2021-04-27;634;431;0;33609;14758;0;28.9;12.7;0.0
23;2021-04-28;622;276;0;34231;15034;0;29.4;12.9;0.0
23;2021-04-29;860;378;0;35091;15412;0;30.2;13.3;0.0
23;2021-04-30;665;701;0;35756;16113;0;30.8;13.9;0.0
23;2021-05-01;1151;50;0;36907;16163;0;31.7;13.9;0.0
23;2021-05-02;24;5;0;36931;16168;0;31.8;13.9;0.0
23;2021-05-03;415;502;0;37346;16670;0;32.1;14.3;0.0
23;2021-05-04;617;491;0;37963;17161;0;32.7;14.8;0.0
23;2021-05-05;539;688;0;38502;17849;0;33.1;15.4;0.0
23;2021-05-06;594;676;0;39096;18525;0;33.6;15.9;0.0
23;2021-05-07;661;614;0;39757;19139;0;34.2;16.5;0.0
23;2021-05-08;1063;502;0;40820;19641;0;35.1;16.9;0.0
23;2021-05-09;12;13;0;40832;19654;0;35.1;16.9;0.0
23;2021-05-10;504;640;0;41336;20294;0;35.6;17.5;0.0
23;2021-05-11;562;707;0;41898;21001;0;36.0;18.1;0.0
23;2021-05-12;558;670;0;42456;21671;0;36.5;18.6;0.0
23;2021-05-13;490;60;0;42946;21731;0;36.9;18.7;0.0
23;2021-05-14;627;440;0;43573;22171;0;37.5;19.1;0.0
23;2021-05-15;863;193;0;44436;22364;0;38.2;19.2;0.0
23;2021-05-16;14;4;0;44450;22368;0;38.2;19.2;0.0
23;2021-05-17;500;437;0;44950;22805;0;38.7;19.6;0.0
23;2021-05-18;658;287;0;45608;23092;0;39.2;19.9;0.0
23;2021-05-19;771;259;0;46379;23351;0;39.9;20.1;0.0
23;2021-05-20;717;298;0;47096;23649;0;40.5;20.3;0.0
23;2021-05-21;835;301;0;47931;23950;0;41.2;20.6;0.0
23;2021-05-22;568;119;0;48499;24069;0;41.7;20.7;0.0
23;2021-05-23;10;21;0;48509;24090;0;41.7;20.7;0.0
23;2021-05-24;278;141;0;48787;24231;0;42.0;20.8;0.0
23;2021-05-25;732;334;0;49519;24565;0;42.6;21.1;0.0
23;2021-05-26;871;244;0;50390;24809;0;43.3;21.3;0.0
23;2021-05-27;799;430;0;51189;25239;0;44.0;21.7;0.0
23;2021-05-28;683;663;0;51872;25902;0;44.6;22.3;0.0
23;2021-05-29;530;1003;0;52402;26905;0;45.1;23.1;0.0
23;2021-05-30;23;46;0;52425;26951;0;45.1;23.2;0.0
23;2021-05-31;373;479;0;52798;27430;0;45.4;23.6;0.0
23;2021-06-01;543;757;0;53341;28187;0;45.9;24.2;0.0
23;2021-06-02;535;494;0;53876;28681;0;46.3;24.7;0.0
23;2021-06-03;664;528;0;54540;29209;0;46.9;25.1;0.0
23;2021-06-04;710;550;0;55250;29759;0;47.5;25.6;0.0
23;2021-06-05;477;717;0;55727;30476;0;47.9;26.2;0.0
23;2021-06-06;8;15;0;55735;30491;0;47.9;26.2;0.0
23;2021-06-07;365;631;0;56100;31122;0;48.2;26.8;0.0
23;2021-06-08;338;771;0;56438;31893;0;48.5;27.4;0.0
23;2021-06-09;275;650;0;56713;32543;0;48.8;28.0;0.0
23;2021-06-10;391;684;0;57104;33227;0;49.1;28.6;0.0
23;2021-06-11;377;797;0;57481;34024;0;49.4;29.3;0.0
23;2021-06-12;332;1209;0;57813;35233;0;49.7;30.3;0.0
23;2021-06-13;21;8;0;57834;35241;0;49.7;30.3;0.0
23;2021-06-14;213;555;0;58047;35796;0;49.9;30.8;0.0
23;2021-06-15;247;837;0;58294;36633;0;50.1;31.5;0.0
23;2021-06-16;354;555;0;58648;37188;0;50.4;32.0;0.0
23;2021-06-17;328;718;0;58976;37906;0;50.7;32.6;0.0
23;2021-06-18;370;726;0;59346;38632;0;51.0;33.2;0.0
23;2021-06-19;432;1194;0;59778;39826;0;51.4;34.3;0.0
23;2021-06-20;10;20;0;59788;39846;0;51.4;34.3;0.0
23;2021-06-21;205;583;0;59993;40429;0;51.6;34.8;0.0
23;2021-06-22;227;643;0;60220;41072;0;51.8;35.3;0.0
23;2021-06-23;232;639;0;60452;41711;0;52.0;35.9;0.0
23;2021-06-24;195;582;0;60647;42293;0;52.2;36.4;0.0
23;2021-06-25;291;753;0;60938;43046;0;52.4;37.0;0.0
23;2021-06-26;211;903;0;61149;43949;0;52.6;37.8;0.0
23;2021-06-27;4;15;0;61153;43964;0;52.6;37.8;0.0
23;2021-06-28;110;604;0;61263;44568;0;52.7;38.3;0.0
23;2021-06-29;216;792;0;61479;45360;0;52.9;39.0;0.0
23;2021-06-30;173;777;0;61652;46137;0;53.0;39.7;0.0
23;2021-07-01;183;800;0;61835;46937;0;53.2;40.4;0.0
23;2021-07-02;200;939;0;62035;47876;0;53.4;41.2;0.0
23;2021-07-03;239;828;0;62274;48704;0;53.6;41.9;0.0
23;2021-07-04;0;7;0;62274;48711;0;53.6;41.9;0.0
23;2021-07-05;157;706;0;62431;49417;0;53.7;42.5;0.0
23;2021-07-06;215;886;0;62646;50303;0;53.9;43.3;0.0
23;2021-07-07;220;784;0;62866;51087;0;54.1;43.9;0.0
23;2021-07-08;270;719;0;63136;51806;0;54.3;44.6;0.0
23;2021-07-09;282;991;0;63418;52797;0;54.5;45.4;0.0
23;2021-07-10;230;573;0;63648;53370;0;54.7;45.9;0.0
23;2021-07-11;10;11;0;63658;53381;0;54.8;45.9;0.0
23;2021-07-12;253;658;0;63911;54039;0;55.0;46.5;0.0
23;2021-07-13;486;845;0;64397;54884;0;55.4;47.2;0.0
23;2021-07-14;207;292;0;64604;55176;0;55.6;47.5;0.0
23;2021-07-15;470;753;0;65074;55929;0;56.0;48.1;0.0
23;2021-07-16;765;525;0;65839;56454;0;56.6;48.6;0.0
23;2021-07-17;223;443;0;66062;56897;0;56.8;48.9;0.0
23;2021-07-18;16;15;0;66078;56912;0;56.8;48.9;0.0
23;2021-07-19;668;618;0;66746;57530;0;57.4;49.5;0.0
23;2021-07-20;573;570;0;67319;58100;0;57.9;50.0;0.0
23;2021-07-21;676;616;0;67995;58716;0;58.5;50.5;0.0
23;2021-07-22;823;467;0;68818;59183;0;59.2;50.9;0.0
23;2021-07-23;813;546;0;69631;59729;0;59.9;51.4;0.0
23;2021-07-24;845;419;0;70476;60148;0;60.6;51.7;0.0
23;2021-07-25;20;27;0;70496;60175;0;60.6;51.8;0.0
23;2021-07-26;706;544;0;71202;60719;0;61.2;52.2;0.0
23;2021-07-27;873;445;0;72075;61164;0;62.0;52.6;0.0
23;2021-07-28;838;415;0;72913;61579;0;62.7;53.0;0.0
23;2021-07-29;958;379;0;73871;61958;0;63.5;53.3;0.0
23;2021-07-30;813;488;0;74684;62446;0;64.2;53.7;0.0
23;2021-07-31;910;284;0;75594;62730;0;65.0;54.0;0.0
23;2021-08-01;21;21;0;75615;62751;0;65.0;54.0;0.0
23;2021-08-02;596;495;0;76211;63246;0;65.5;54.4;0.0
23;2021-08-03;726;500;0;76937;63746;0;66.2;54.8;0.0
23;2021-08-04;613;290;0;77550;64036;0;66.7;55.1;0.0
23;2021-08-05;639;336;0;78189;64372;0;67.2;55.4;0.0
23;2021-08-06;435;474;0;78624;64846;0;67.6;55.8;0.0
23;2021-08-07;278;208;0;78902;65054;0;67.9;56.0;0.0
23;2021-08-08;130;36;0;79032;65090;0;68.0;56.0;0.0
23;2021-08-09;436;433;0;79468;65523;0;68.3;56.4;0.0
23;2021-08-10;447;655;0;79915;66178;0;68.7;56.9;0.0
23;2021-08-11;372;468;0;80287;66646;0;69.1;57.3;0.0
23;2021-08-12;484;594;0;80771;67240;0;69.5;57.8;0.0
23;2021-08-13;407;547;0;81178;67787;0;69.8;58.3;0.0
23;2021-08-14;259;366;0;81437;68153;0;70.0;58.6;0.0
23;2021-08-15;27;19;0;81464;68172;0;70.1;58.6;0.0
23;2021-08-16;279;655;0;81743;68827;0;70.3;59.2;0.0
23;2021-08-17;263;732;0;82006;69559;0;70.5;59.8;0.0
23;2021-08-18;196;624;0;82202;70183;0;70.7;60.4;0.0
23;2021-08-19;271;753;0;82473;70936;0;70.9;61.0;0.0
23;2021-08-20;222;666;0;82695;71602;0;71.1;61.6;0.0
23;2021-08-21;135;452;0;82830;72054;0;71.2;62.0;0.0
23;2021-08-22;50;39;0;82880;72093;0;71.3;62.0;0.0
23;2021-08-23;152;779;0;83032;72872;0;71.4;62.7;0.0
23;2021-08-24;265;849;0;83297;73721;0;71.6;63.4;0.0
23;2021-08-25;198;765;0;83495;74486;0;71.8;64.1;0.0
23;2021-08-26;210;699;0;83705;75185;0;72.0;64.7;0.0
23;2021-08-27;205;663;1;83910;75848;1;72.2;65.2;0.0
23;2021-08-28;206;429;0;84116;76277;1;72.3;65.6;0.0
23;2021-08-29;16;73;0;84132;76350;1;72.4;65.7;0.0
23;2021-08-30;189;617;11;84321;76967;12;72.5;66.2;0.0
23;2021-08-31;239;630;12;84560;77597;24;72.7;66.7;0.0
23;2021-09-01;164;391;37;84724;77988;61;72.9;67.1;0.1
23;2021-09-02;128;316;42;84852;78304;103;73.0;67.3;0.1
23;2021-09-03;210;518;69;85062;78822;172;73.2;67.8;0.1
23;2021-09-04;154;687;51;85216;79509;223;73.3;68.4;0.2
23;2021-09-05;5;9;2;85221;79518;225;73.3;68.4;0.2
23;2021-09-06;134;379;101;85355;79897;326;73.4;68.7;0.3
23;2021-09-07;91;368;169;85446;80265;495;73.5;69.0;0.4
23;2021-09-08;107;361;112;85553;80626;607;73.6;69.3;0.5
23;2021-09-09;110;319;74;85663;80945;681;73.7;69.6;0.6
23;2021-09-10;156;329;136;85819;81274;817;73.8;69.9;0.7
23;2021-09-11;99;211;22;85918;81485;839;73.9;70.1;0.7
23;2021-09-12;4;10;8;85922;81495;847;73.9;70.1;0.7
23;2021-09-13;111;319;80;86033;81814;927;74.0;70.4;0.8
23;2021-09-14;101;295;173;86134;82109;1100;74.1;70.6;0.9
23;2021-09-15;87;269;85;86221;82378;1185;74.2;70.9;1.0
23;2021-09-16;119;150;144;86340;82528;1329;74.3;71.0;1.1
23;2021-09-17;152;245;127;86492;82773;1456;74.4;71.2;1.3
23;2021-09-18;40;213;26;86532;82986;1482;74.4;71.4;1.3
23;2021-09-19;6;6;1;86538;82992;1483;74.4;71.4;1.3
23;2021-09-20;61;212;138;86599;83204;1621;74.5;71.6;1.4
23;2021-09-21;75;180;222;86674;83384;1843;74.5;71.7;1.6
23;2021-09-22;68;255;187;86742;83639;2030;74.6;71.9;1.7
23;2021-09-23;64;139;216;86806;83778;2246;74.7;72.1;1.9
23;2021-09-24;80;231;174;86886;84009;2420;74.7;72.3;2.1
23;2021-09-25;37;136;57;86923;84145;2477;74.8;72.4;2.1
23;2021-09-26;1;2;3;86924;84147;2480;74.8;72.4;2.1
23;2021-09-27;37;153;158;86961;84300;2638;74.8;72.5;2.3
23;2021-09-28;44;121;180;87005;84421;2818;74.8;72.6;2.4
23;2021-09-29;66;154;234;87071;84575;3052;74.9;72.7;2.6
23;2021-09-30;47;63;139;87118;84638;3191;74.9;72.8;2.7
23;2021-10-01;93;179;204;87211;84817;3395;75.0;72.9;2.9
23;2021-10-02;28;96;50;87239;84913;3445;75.0;73.0;3.0
23;2021-10-03;2;6;17;87241;84919;3462;75.0;73.0;3.0
23;2021-10-04;46;82;177;87287;85001;3639;75.1;73.1;3.1
23;2021-10-05;36;83;214;87323;85084;3853;75.1;73.2;3.3
23;2021-10-06;50;95;128;87373;85179;3981;75.1;73.3;3.4
23;2021-10-07;60;119;203;87433;85298;4184;75.2;73.4;3.6
23;2021-10-08;59;191;223;87492;85489;4407;75.2;73.5;3.8
23;2021-10-09;22;50;43;87514;85539;4450;75.3;73.6;3.8
23;2021-10-10;0;0;0;87514;85539;4450;75.3;73.6;3.8
23;2021-10-11;20;93;214;87534;85632;4664;75.3;73.6;4.0
23;2021-10-12;50;87;171;87584;85719;4835;75.3;73.7;4.2
23;2021-10-13;46;76;176;87630;85795;5011;75.4;73.8;4.3
23;2021-10-14;38;68;106;87668;85863;5117;75.4;73.8;4.4
23;2021-10-15;76;101;211;87744;85964;5328;75.5;73.9;4.6
23;2021-10-16;34;43;53;87778;86007;5381;75.5;74.0;4.6
23;2021-10-17;1;3;1;87779;86010;5382;75.5;74.0;4.6
23;2021-10-18;49;71;216;87828;86081;5598;75.5;74.0;4.8
23;2021-10-19;35;42;171;87863;86123;5769;75.6;74.1;5.0
23;2021-10-20;46;52;187;87909;86175;5956;75.6;74.1;5.1
23;2021-10-21;24;62;155;87933;86237;6111;75.6;74.2;5.3
23;2021-10-22;36;123;296;87969;86360;6407;75.7;74.3;5.5
23;2021-10-23;27;45;86;87996;86405;6493;75.7;74.3;5.6
23;2021-10-24;6;3;9;88002;86408;6502;75.7;74.3;5.6
23;2021-10-25;43;58;292;88045;86466;6794;75.7;74.4;5.8
23;2021-10-26;34;39;280;88079;86505;7074;75.8;74.4;6.1
23;2021-10-27;20;33;211;88099;86538;7285;75.8;74.4;6.3
23;2021-10-28;31;41;253;88130;86579;7538;75.8;74.5;6.5
23;2021-10-29;45;76;277;88175;86655;7815;75.8;74.5;6.7
23;2021-10-30;33;17;32;88208;86672;7847;75.9;74.5;6.7
23;2021-10-31;1;0;0;88209;86672;7847;75.9;74.5;6.7
23;2021-11-01;0;0;0;88209;86672;7847;75.9;74.5;6.7
23;2021-11-02;37;45;350;88246;86717;8197;75.9;74.6;7.0
23;2021-11-03;26;40;293;88272;86757;8490;75.9;74.6;7.3
23;2021-11-04;25;33;240;88297;86790;8730;75.9;74.6;7.5
23;2021-11-05;44;86;456;88341;86876;9186;76.0;74.7;7.9
23;2021-11-06;22;23;114;88363;86899;9300;76.0;74.7;8.0
23;2021-11-07;3;8;28;88366;86907;9328;76.0;74.7;8.0
23;2021-11-08;21;42;341;88387;86949;9669;76.0;74.8;8.3
23;2021-11-09;40;47;495;88427;86996;10164;76.1;74.8;8.7
23;2021-11-10;33;62;284;88460;87058;10448;76.1;74.9;9.0
23;2021-11-11;0;1;21;88460;87059;10469;76.1;74.9;9.0
23;2021-11-12;31;56;447;88491;87115;10916;76.1;74.9;9.4
23;2021-11-13;14;30;131;88505;87145;11047;76.1;75.0;9.5
23;2021-11-14;0;1;2;88505;87146;11049;76.1;75.0;9.5
23;2021-11-15;26;41;342;88531;87187;11391;76.1;75.0;9.8
23;2021-11-16;25;48;594;88556;87235;11985;76.2;75.0;10.3
23;2021-11-17;30;39;385;88586;87274;12370;76.2;75.1;10.6
23;2021-11-18;39;35;484;88625;87309;12854;76.2;75.1;11.1
23;2021-11-19;49;69;573;88674;87378;13427;76.3;75.2;11.5
23;2021-11-20;19;29;190;88693;87407;13617;76.3;75.2;11.7
23;2021-11-21;0;2;12;88693;87409;13629;76.3;75.2;11.7
23;2021-11-22;32;17;392;88725;87426;14021;76.3;75.2;12.1
23;2021-11-23;40;34;673;88765;87460;14694;76.3;75.2;12.6
23;2021-11-24;49;36;598;88814;87496;15292;76.4;75.3;13.2
23;2021-11-25;35;20;486;88849;87516;15778;76.4;75.3;13.6
23;2021-11-26;60;57;806;88909;87573;16584;76.5;75.3;14.3
23;2021-11-27;38;36;545;88947;87609;17129;76.5;75.3;14.7
23;2021-11-28;5;1;19;88952;87610;17148;76.5;75.4;14.7
23;2021-11-29;15;21;535;88967;87631;17683;76.5;75.4;15.2
23;2021-11-30;46;48;988;89013;87679;18671;76.6;75.4;16.1
23;2021-12-01;49;34;1177;89062;87713;19848;76.6;75.4;17.1
23;2021-12-02;30;18;1222;89092;87731;21070;76.6;75.5;18.1
23;2021-12-03;42;27;1169;89134;87758;22239;76.7;75.5;19.1
23;2021-12-04;32;27;947;89166;87785;23186;76.7;75.5;19.9
23;2021-12-05;8;0;256;89174;87785;23442;76.7;75.5;20.2
23;2021-12-06;18;24;678;89192;87809;24120;76.7;75.5;20.7
23;2021-12-07;32;20;1275;89224;87829;25395;76.7;75.5;21.8
23;2021-12-08;44;39;1398;89268;87868;26793;76.8;75.6;23.0
23;2021-12-09;27;34;1255;89295;87902;28048;76.8;75.6;24.1
23;2021-12-10;38;45;1393;89333;87947;29441;76.8;75.6;25.3
23;2021-12-11;41;29;1314;89374;87976;30755;76.9;75.7;26.5
23;2021-12-12;4;4;67;89378;87980;30822;76.9;75.7;26.5
23;2021-12-13;21;26;1097;89399;88006;31919;76.9;75.7;27.5
23;2021-12-14;57;39;1796;89456;88045;33715;76.9;75.7;29.0
23;2021-12-15;30;41;1331;89486;88086;35046;77.0;75.8;30.1
23;2021-12-16;57;56;1289;89543;88142;36335;77.0;75.8;31.3
23;2021-12-17;48;65;1504;89591;88207;37839;77.1;75.9;32.5
23;2021-12-18;49;46;1233;89640;88253;39072;77.1;75.9;33.6
23;2021-12-19;5;1;259;89645;88254;39331;77.1;75.9;33.8
23;2021-12-20;37;26;1290;89682;88280;40621;77.1;75.9;34.9
23;2021-12-21;55;49;1725;89737;88329;42346;77.2;76.0;36.4
23;2021-12-22;47;50;1084;89784;88379;43430;77.2;76.0;37.4
24;2020-12-27;0;0;0;0;0;0;0.0;0.0;0.0
24;2020-12-28;0;0;0;0;0;0;0.0;0.0;0.0
24;2020-12-29;2;0;0;2;0;0;0.0;0.0;0.0
24;2020-12-30;1;0;0;3;0;0;0.0;0.0;0.0
24;2020-12-31;0;0;0;3;0;0;0.0;0.0;0.0
24;2021-01-01;1;0;0;4;0;0;0.0;0.0;0.0
24;2021-01-02;0;0;0;4;0;0;0.0;0.0;0.0
24;2021-01-03;1;0;0;5;0;0;0.0;0.0;0.0
24;2021-01-04;1;0;0;6;0;0;0.0;0.0;0.0
24;2021-01-05;1;0;0;7;0;0;0.0;0.0;0.0
24;2021-01-06;4;0;0;11;0;0;0.0;0.0;0.0
24;2021-01-07;201;0;0;212;0;0;0.1;0.0;0.0
24;2021-01-08;284;0;0;496;0;0;0.1;0.0;0.0
24;2021-01-09;184;13;0;680;13;0;0.2;0.0;0.0
24;2021-01-10;36;0;0;716;13;0;0.2;0.0;0.0
24;2021-01-11;258;0;0;974;13;0;0.2;0.0;0.0
24;2021-01-12;309;0;0;1283;13;0;0.3;0.0;0.0
24;2021-01-13;263;1;0;1546;14;0;0.4;0.0;0.0
24;2021-01-14;982;24;0;2528;38;0;0.6;0.0;0.0
24;2021-01-15;601;6;0;3129;44;0;0.8;0.0;0.0
24;2021-01-16;92;0;0;3221;44;0;0.8;0.0;0.0
24;2021-01-17;4;1;0;3225;45;0;0.8;0.0;0.0
24;2021-01-18;348;2;0;3573;47;0;0.9;0.0;0.0
24;2021-01-19;512;2;0;4085;49;0;1.0;0.0;0.0
24;2021-01-20;585;0;0;4670;49;0;1.1;0.0;0.0
24;2021-01-21;690;5;0;5360;54;0;1.3;0.0;0.0
24;2021-01-22;585;1;0;5945;55;0;1.5;0.0;0.0
24;2021-01-23;163;1;0;6108;56;0;1.5;0.0;0.0
24;2021-01-24;13;0;0;6121;56;0;1.5;0.0;0.0
24;2021-01-25;488;0;0;6609;56;0;1.6;0.0;0.0
24;2021-01-26;681;64;0;7290;120;0;1.8;0.0;0.0
24;2021-01-27;1162;14;0;8452;134;0;2.1;0.0;0.0
24;2021-01-28;1000;115;0;9452;249;0;2.3;0.1;0.0
24;2021-01-29;912;140;0;10364;389;0;2.5;0.1;0.0
24;2021-01-30;268;1;0;10632;390;0;2.6;0.1;0.0
24;2021-01-31;10;4;0;10642;394;0;2.6;0.1;0.0
24;2021-02-01;397;176;0;11039;570;0;2.7;0.1;0.0
24;2021-02-02;624;323;0;11663;893;0;2.9;0.2;0.0
24;2021-02-03;648;488;0;12311;1381;0;3.0;0.3;0.0
24;2021-02-04;984;426;0;13295;1807;0;3.3;0.4;0.0
24;2021-02-05;667;418;0;13962;2225;0;3.4;0.5;0.0
24;2021-02-06;143;35;0;14105;2260;0;3.5;0.6;0.0
24;2021-02-07;31;3;0;14136;2263;0;3.5;0.6;0.0
24;2021-02-08;330;246;0;14466;2509;0;3.5;0.6;0.0
24;2021-02-09;480;252;0;14946;2761;0;3.7;0.7;0.0
24;2021-02-10;429;195;0;15375;2956;0;3.8;0.7;0.0
24;2021-02-11;589;569;0;15964;3525;0;3.9;0.9;0.0
24;2021-02-12;515;399;0;16479;3924;0;4.0;1.0;0.0
24;2021-02-13;199;51;0;16678;3975;0;4.1;1.0;0.0
24;2021-02-14;90;8;0;16768;3983;0;4.1;1.0;0.0
24;2021-02-15;201;275;0;16969;4258;0;4.2;1.0;0.0
24;2021-02-16;338;540;0;17307;4798;0;4.2;1.2;0.0
24;2021-02-17;547;827;0;17854;5625;0;4.4;1.4;0.0
24;2021-02-18;435;771;0;18289;6396;0;4.5;1.6;0.0
24;2021-02-19;473;677;0;18762;7073;0;4.6;1.7;0.0
24;2021-02-20;164;151;0;18926;7224;0;4.6;1.8;0.0
24;2021-02-21;107;3;0;19033;7227;0;4.7;1.8;0.0
24;2021-02-22;447;518;0;19480;7745;0;4.8;1.9;0.0
24;2021-02-23;545;677;0;20025;8422;0;4.9;2.1;0.0
24;2021-02-24;535;796;0;20560;9218;0;5.0;2.3;0.0
24;2021-02-25;753;881;0;21313;10099;0;5.2;2.5;0.0
24;2021-02-26;1010;930;0;22323;11029;0;5.5;2.7;0.0
24;2021-02-27;384;265;0;22707;11294;0;5.6;2.8;0.0
24;2021-02-28;19;14;0;22726;11308;0;5.6;2.8;0.0
24;2021-03-01;347;413;0;23073;11721;0;5.6;2.9;0.0
24;2021-03-02;559;477;0;23632;12198;0;5.8;3.0;0.0
24;2021-03-03;678;368;0;24310;12566;0;6.0;3.1;0.0
24;2021-03-04;944;546;0;25254;13112;0;6.2;3.2;0.0
24;2021-03-05;1059;577;0;26313;13689;0;6.4;3.4;0.0
24;2021-03-06;1166;147;0;27479;13836;0;6.7;3.4;0.0
24;2021-03-07;201;62;0;27680;13898;0;6.8;3.4;0.0
24;2021-03-08;613;284;0;28293;14182;0;6.9;3.5;0.0
24;2021-03-09;1172;462;0;29465;14644;0;7.2;3.6;0.0
24;2021-03-10;1194;479;0;30659;15123;0;7.5;3.7;0.0
24;2021-03-11;1701;497;0;32360;15620;0;7.9;3.8;0.0
24;2021-03-12;2185;459;0;34545;16079;0;8.5;3.9;0.0
24;2021-03-13;1425;188;0;35970;16267;0;8.8;4.0;0.0
24;2021-03-14;132;96;0;36102;16363;0;8.8;4.0;0.0
24;2021-03-15;1031;196;0;37133;16559;0;9.1;4.1;0.0
24;2021-03-16;1221;237;0;38354;16796;0;9.4;4.1;0.0
24;2021-03-17;1237;284;0;39591;17080;0;9.7;4.2;0.0
24;2021-03-18;1138;540;0;40729;17620;0;10.0;4.3;0.0
24;2021-03-19;1328;529;0;42057;18149;0;10.3;4.4;0.0
24;2021-03-20;1002;155;0;43059;18304;0;10.5;4.5;0.0
24;2021-03-21;29;12;0;43088;18316;0;10.6;4.5;0.0
24;2021-03-22;1367;429;0;44455;18745;0;10.9;4.6;0.0
24;2021-03-23;1986;397;0;46441;19142;0;11.4;4.7;0.0
24;2021-03-24;1918;384;0;48359;19526;0;11.8;4.8;0.0
24;2021-03-25;2095;511;0;50454;20037;0;12.4;4.9;0.0
24;2021-03-26;2410;297;0;52864;20334;0;12.9;5.0;0.0
24;2021-03-27;1383;44;0;54247;20378;0;13.3;5.0;0.0
24;2021-03-28;74;8;0;54321;20386;0;13.3;5.0;0.0
24;2021-03-29;1720;354;0;56041;20740;0;13.7;5.1;0.0
24;2021-03-30;2489;422;0;58530;21162;0;14.3;5.2;0.0
24;2021-03-31;2183;326;0;60713;21488;0;14.9;5.3;0.0
24;2021-04-01;2281;346;0;62994;21834;0;15.4;5.3;0.0
24;2021-04-02;2131;454;0;65125;22288;0;15.9;5.5;0.0
24;2021-04-03;1331;154;0;66456;22442;0;16.3;5.5;0.0
24;2021-04-04;73;7;0;66529;22449;0;16.3;5.5;0.0
24;2021-04-05;891;68;0;67420;22517;0;16.5;5.5;0.0
24;2021-04-06;2277;786;0;69697;23303;0;17.1;5.7;0.0
24;2021-04-07;2665;714;0;72362;24017;0;17.7;5.9;0.0
24;2021-04-08;2971;1035;0;75333;25052;0;18.4;6.1;0.0
24;2021-04-09;3338;1065;0;78671;26117;0;19.3;6.4;0.0
24;2021-04-10;2481;358;0;81152;26475;0;19.9;6.5;0.0
24;2021-04-11;1016;24;0;82168;26499;0;20.1;6.5;0.0
24;2021-04-12;2377;900;0;84545;27399;0;20.7;6.7;0.0
24;2021-04-13;2806;1242;0;87351;28641;0;21.4;7.0;0.0
24;2021-04-14;2908;1206;0;90259;29847;0;22.1;7.3;0.0
24;2021-04-15;2813;1175;0;93072;31022;0;22.8;7.6;0.0
24;2021-04-16;3229;1052;0;96301;32074;0;23.6;7.9;0.0
24;2021-04-17;2246;452;0;98547;32526;0;24.1;8.0;0.0
24;2021-04-18;437;3;0;98984;32529;0;24.2;8.0;0.0
24;2021-04-19;1636;1120;0;100620;33649;0;24.6;8.2;0.0
24;2021-04-20;2330;1540;0;102950;35189;0;25.2;8.6;0.0
24;2021-04-21;2347;1483;0;105297;36672;0;25.8;9.0;0.0
24;2021-04-22;2237;1400;0;107534;38072;0;26.3;9.3;0.0
24;2021-04-23;1986;1443;0;109520;39515;0;26.8;9.7;0.0
24;2021-04-24;738;736;0;110258;40251;0;27.0;9.9;0.0
24;2021-04-25;66;10;0;110324;40261;0;27.0;9.9;0.0
24;2021-04-26;1417;1501;0;111741;41762;0;27.4;10.2;0.0
24;2021-04-27;1917;1922;0;113658;43684;0;27.8;10.7;0.0
24;2021-04-28;1675;1949;0;115333;45633;0;28.2;11.2;0.0
24;2021-04-29;1824;1945;0;117157;47578;0;28.7;11.7;0.0
24;2021-04-30;2331;1776;0;119488;49354;0;29.3;12.1;0.0
24;2021-05-01;1917;1012;0;121405;50366;0;29.7;12.3;0.0
24;2021-05-02;1835;207;0;123240;50573;0;30.2;12.4;0.0
24;2021-05-03;1675;1784;0;124915;52357;0;30.6;12.8;0.0
24;2021-05-04;2397;2271;0;127312;54628;0;31.2;13.4;0.0
24;2021-05-05;2051;2671;0;129363;57299;0;31.7;14.0;0.0
24;2021-05-06;2146;2712;0;131509;60011;0;32.2;14.7;0.0
24;2021-05-07;2450;2744;0;133959;62755;0;32.8;15.4;0.0
24;2021-05-08;1339;1100;0;135298;63855;0;33.1;15.6;0.0
24;2021-05-09;1113;821;0;136411;64676;0;33.4;15.8;0.0
24;2021-05-10;1371;2542;0;137782;67218;0;33.7;16.5;0.0
24;2021-05-11;2232;2681;0;140014;69899;0;34.3;17.1;0.0
24;2021-05-12;2059;2299;0;142073;72198;0;34.8;17.7;0.0
24;2021-05-13;1592;1169;0;143665;73367;0;35.2;18.0;0.0
24;2021-05-14;2575;1397;0;146240;74764;0;35.8;18.3;0.0
24;2021-05-15;2074;867;0;148314;75631;0;36.3;18.5;0.0
24;2021-05-16;1095;351;0;149409;75982;0;36.6;18.6;0.0
24;2021-05-17;2297;1291;0;151706;77273;0;37.1;18.9;0.0
24;2021-05-18;2605;1797;0;154311;79070;0;37.8;19.4;0.0
24;2021-05-19;2399;1365;0;156710;80435;0;38.4;19.7;0.0
24;2021-05-20;2600;1538;0;159310;81973;0;39.0;20.1;0.0
24;2021-05-21;2556;1379;0;161866;83352;0;39.6;20.4;0.0
24;2021-05-22;1696;455;0;163562;83807;0;40.1;20.5;0.0
24;2021-05-23;818;64;0;164380;83871;0;40.3;20.5;0.0
24;2021-05-24;1367;304;0;165747;84175;0;40.6;20.6;0.0
24;2021-05-25;2252;1411;0;167999;85586;0;41.1;21.0;0.0
24;2021-05-26;2172;1342;0;170171;86928;0;41.7;21.3;0.0
24;2021-05-27;1899;2134;0;172070;89062;0;42.1;21.8;0.0
24;2021-05-28;2183;2029;0;174253;91091;0;42.7;22.3;0.0
24;2021-05-29;1119;2062;0;175372;93153;0;42.9;22.8;0.0
24;2021-05-30;1149;163;0;176521;93316;0;43.2;22.8;0.0
24;2021-05-31;1733;1414;0;178254;94730;0;43.6;23.2;0.0
24;2021-06-01;2634;2006;0;180888;96736;0;44.3;23.7;0.0
24;2021-06-02;2600;1882;0;183488;98618;0;44.9;24.1;0.0
24;2021-06-03;2282;1549;0;185770;100167;0;45.5;24.5;0.0
24;2021-06-04;2373;2021;0;188143;102188;0;46.1;25.0;0.0
24;2021-06-05;1822;1399;0;189965;103587;0;46.5;25.4;0.0
24;2021-06-06;690;222;0;190655;103809;0;46.7;25.4;0.0
24;2021-06-07;1465;1651;0;192120;105460;0;47.0;25.8;0.0
24;2021-06-08;1677;2111;0;193797;107571;0;47.5;26.3;0.0
24;2021-06-09;1421;1728;0;195218;109299;0;47.8;26.8;0.0
24;2021-06-10;1701;1946;0;196919;111245;0;48.2;27.2;0.0
24;2021-06-11;1375;2317;0;198294;113562;0;48.6;27.8;0.0
24;2021-06-12;1099;2508;0;199393;116070;0;48.8;28.4;0.0
24;2021-06-13;1053;882;0;200446;116952;0;49.1;28.6;0.0
24;2021-06-14;1165;2104;0;201611;119056;0;49.4;29.2;0.0
24;2021-06-15;1544;3245;0;203155;122301;0;49.7;29.9;0.0
24;2021-06-16;1719;2861;0;204874;125162;0;50.2;30.6;0.0
24;2021-06-17;1593;2298;0;206467;127460;0;50.6;31.2;0.0
24;2021-06-18;1496;3037;0;207963;130497;0;50.9;32.0;0.0
24;2021-06-19;1202;1608;0;209165;132105;0;51.2;32.3;0.0
24;2021-06-20;471;466;0;209636;132571;0;51.3;32.5;0.0
24;2021-06-21;920;2060;0;210556;134631;0;51.6;33.0;0.0
24;2021-06-22;1349;2638;0;211905;137269;0;51.9;33.6;0.0
24;2021-06-23;1354;2516;0;213259;139785;0;52.2;34.2;0.0
24;2021-06-24;1174;2042;0;214433;141827;0;52.5;34.7;0.0
24;2021-06-25;1023;3007;0;215456;144834;0;52.8;35.5;0.0
24;2021-06-26;803;2159;0;216259;146993;0;53.0;36.0;0.0
24;2021-06-27;385;924;0;216644;147917;0;53.0;36.2;0.0
24;2021-06-28;799;2659;0;217443;150576;0;53.2;36.9;0.0
24;2021-06-29;936;3024;0;218379;153600;0;53.5;37.6;0.0
24;2021-06-30;1078;2649;0;219457;156249;0;53.7;38.3;0.0
24;2021-07-01;1150;2456;0;220607;158705;0;54.0;38.9;0.0
24;2021-07-02;1088;2838;0;221695;161543;0;54.3;39.6;0.0
24;2021-07-03;752;1862;0;222447;163405;0;54.5;40.0;0.0
24;2021-07-04;357;908;0;222804;164313;0;54.6;40.2;0.0
24;2021-07-05;759;2359;0;223563;166672;0;54.7;40.8;0.0
24;2021-07-06;892;3411;0;224455;170083;0;55.0;41.6;0.0
24;2021-07-07;1026;3065;0;225481;173148;0;55.2;42.4;0.0
24;2021-07-08;1345;2154;0;226826;175302;0;55.5;42.9;0.0
24;2021-07-09;1114;3183;0;227940;178485;0;55.8;43.7;0.0
24;2021-07-10;486;1886;0;228426;180371;0;55.9;44.2;0.0
24;2021-07-11;538;983;0;228964;181354;0;56.1;44.4;0.0
24;2021-07-12;865;2573;0;229829;183927;0;56.3;45.0;0.0
24;2021-07-13;1324;3231;0;231153;187158;0;56.6;45.8;0.0
24;2021-07-14;629;1066;0;231782;188224;0;56.8;46.1;0.0
24;2021-07-15;1622;2724;0;233404;190948;0;57.2;46.8;0.0
24;2021-07-16;2103;2535;0;235507;193483;0;57.7;47.4;0.0
24;2021-07-17;1376;2091;0;236883;195574;0;58.0;47.9;0.0
24;2021-07-18;645;805;0;237528;196379;0;58.2;48.1;0.0
24;2021-07-19;1555;2210;0;239083;198589;0;58.5;48.6;0.0
24;2021-07-20;2004;2500;0;241087;201089;0;59.0;49.2;0.0
24;2021-07-21;1925;2310;0;243012;203399;0;59.5;49.8;0.0
24;2021-07-22;2492;2433;0;245504;205832;0;60.1;50.4;0.0
24;2021-07-23;2310;2537;0;247814;208369;0;60.7;51.0;0.0
24;2021-07-24;1735;1529;0;249549;209898;0;61.1;51.4;0.0
24;2021-07-25;796;760;0;250345;210658;0;61.3;51.6;0.0
24;2021-07-26;1553;2004;0;251898;212662;0;61.7;52.1;0.0
24;2021-07-27;2815;2216;0;254713;214878;0;62.4;52.6;0.0
24;2021-07-28;2643;1858;0;257356;216736;0;63.0;53.1;0.0
24;2021-07-29;2982;2164;0;260338;218900;0;63.7;53.6;0.0
24;2021-07-30;2541;1914;0;262879;220814;0;64.4;54.1;0.0
24;2021-07-31;1580;1463;0;264459;222277;0;64.8;54.4;0.0
24;2021-08-01;1018;587;0;265477;222864;0;65.0;54.6;0.0
24;2021-08-02;1947;1580;0;267424;224444;0;65.5;55.0;0.0
24;2021-08-03;2738;1826;0;270162;226270;0;66.2;55.4;0.0
24;2021-08-04;2884;1468;0;273046;227738;0;66.9;55.8;0.0
24;2021-08-05;2851;1348;0;275897;229086;0;67.6;56.1;0.0
24;2021-08-06;2391;1463;0;278288;230549;0;68.1;56.5;0.0
24;2021-08-07;1724;1040;0;280012;231589;0;68.6;56.7;0.0
24;2021-08-08;1005;562;0;281017;232151;0;68.8;56.8;0.0
24;2021-08-09;1583;1339;0;282600;233490;0;69.2;57.2;0.0
24;2021-08-10;2204;1747;0;284804;235237;0;69.7;57.6;0.0
24;2021-08-11;2128;1610;0;286932;236847;0;70.3;58.0;0.0
24;2021-08-12;1873;1867;0;288805;238714;0;70.7;58.5;0.0
24;2021-08-13;1536;1583;0;290341;240297;0;71.1;58.8;0.0
24;2021-08-14;1095;1166;0;291436;241463;0;71.4;59.1;0.0
24;2021-08-15;624;488;0;292060;241951;0;71.5;59.2;0.0
24;2021-08-16;1138;1610;0;293198;243561;0;71.8;59.6;0.0
24;2021-08-17;1541;2031;0;294739;245592;0;72.2;60.1;0.0
24;2021-08-18;1412;1783;0;296151;247375;0;72.5;60.6;0.0
24;2021-08-19;1110;2461;0;297261;249836;0;72.8;61.2;0.0
24;2021-08-20;1092;2412;0;298353;252248;0;73.1;61.8;0.0
24;2021-08-21;783;1564;0;299136;253812;0;73.2;62.1;0.0
24;2021-08-22;290;974;0;299426;254786;0;73.3;62.4;0.0
24;2021-08-23;701;2059;0;300127;256845;0;73.5;62.9;0.0
24;2021-08-24;833;2355;0;300960;259200;0;73.7;63.5;0.0
24;2021-08-25;818;2309;0;301778;261509;0;73.9;64.0;0.0
24;2021-08-26;750;2713;0;302528;264222;0;74.1;64.7;0.0
24;2021-08-27;824;2813;0;303352;267035;0;74.3;65.4;0.0
24;2021-08-28;505;1804;0;303857;268839;0;74.4;65.8;0.0
24;2021-08-29;157;897;0;304014;269736;0;74.4;66.0;0.0
24;2021-08-30;431;2066;16;304445;271802;16;74.5;66.6;0.0
24;2021-08-31;634;2495;55;305079;274297;71;74.7;67.2;0.0
24;2021-09-01;663;2284;101;305742;276581;172;74.9;67.7;0.0
24;2021-09-02;490;1857;122;306232;278438;294;75.0;68.2;0.1
24;2021-09-03;576;2152;180;306808;280590;474;75.1;68.7;0.1
24;2021-09-04;366;1848;64;307174;282438;538;75.2;69.2;0.1
24;2021-09-05;229;848;45;307403;283286;583;75.3;69.4;0.1
24;2021-09-06;324;1462;165;307727;284748;748;75.4;69.7;0.2
24;2021-09-07;485;1676;260;308212;286424;1008;75.5;70.1;0.2
24;2021-09-08;428;1773;172;308640;288197;1180;75.6;70.6;0.3
24;2021-09-09;367;1118;232;309007;289315;1412;75.7;70.8;0.3
24;2021-09-10;408;1643;207;309415;290958;1619;75.8;71.2;0.4
24;2021-09-11;319;1571;70;309734;292529;1689;75.8;71.6;0.4
24;2021-09-12;93;315;59;309827;292844;1748;75.9;71.7;0.4
24;2021-09-13;315;981;222;310142;293825;1970;75.9;71.9;0.5
24;2021-09-14;442;916;306;310584;294741;2276;76.1;72.2;0.6
24;2021-09-15;451;1293;398;311035;296034;2674;76.2;72.5;0.7
24;2021-09-16;290;889;269;311325;296923;2943;76.2;72.7;0.7
24;2021-09-17;413;1048;331;311738;297971;3274;76.3;73.0;0.8
24;2021-09-18;302;1070;152;312040;299041;3426;76.4;73.2;0.8
24;2021-09-19;52;343;34;312092;299384;3460;76.4;73.3;0.8
24;2021-09-20;158;560;255;312250;299944;3715;76.5;73.4;0.9
24;2021-09-21;366;442;436;312616;300386;4151;76.5;73.6;1.0
24;2021-09-22;225;738;440;312841;301124;4591;76.6;73.7;1.1
24;2021-09-23;160;410;414;313001;301534;5005;76.6;73.8;1.2
24;2021-09-24;251;823;369;313252;302357;5374;76.7;74.0;1.3
24;2021-09-25;209;583;120;313461;302940;5494;76.8;74.2;1.3
24;2021-09-26;23;92;14;313484;303032;5508;76.8;74.2;1.3
24;2021-09-27;175;444;312;313659;303476;5820;76.8;74.3;1.4
24;2021-09-28;212;340;586;313871;303816;6406;76.9;74.4;1.6
24;2021-09-29;208;577;392;314079;304393;6798;76.9;74.5;1.7
24;2021-09-30;234;448;480;314313;304841;7278;77.0;74.6;1.8
24;2021-10-01;255;512;406;314568;305353;7684;77.0;74.8;1.9
24;2021-10-02;193;488;177;314761;305841;7861;77.1;74.9;1.9
24;2021-10-03;16;43;4;314777;305884;7865;77.1;74.9;1.9
24;2021-10-04;158;302;316;314935;306186;8181;77.1;75.0;2.0
24;2021-10-05;117;362;340;315052;306548;8521;77.1;75.1;2.1
24;2021-10-06;221;470;589;315273;307018;9110;77.2;75.2;2.2
24;2021-10-07;118;229;417;315391;307247;9527;77.2;75.2;2.3
24;2021-10-08;197;443;553;315588;307690;10080;77.3;75.3;2.5
24;2021-10-09;166;427;413;315754;308117;10493;77.3;75.4;2.6
24;2021-10-10;20;26;18;315774;308143;10511;77.3;75.5;2.6
24;2021-10-11;98;217;398;315872;308360;10909;77.3;75.5;2.7
24;2021-10-12;144;392;708;316016;308752;11617;77.4;75.6;2.8
24;2021-10-13;144;297;557;316160;309049;12174;77.4;75.7;3.0
24;2021-10-14;129;214;527;316289;309263;12701;77.4;75.7;3.1
24;2021-10-15;272;417;1021;316561;309680;13722;77.5;75.8;3.4
24;2021-10-16;173;327;304;316734;310007;14026;77.6;75.9;3.4
24;2021-10-17;14;30;11;316748;310037;14037;77.6;75.9;3.4
24;2021-10-18;105;154;420;316853;310191;14457;77.6;76.0;3.5
24;2021-10-19;130;250;667;316983;310441;15124;77.6;76.0;3.7
24;2021-10-20;134;242;678;317117;310683;15802;77.6;76.1;3.9
24;2021-10-21;93;242;539;317210;310925;16341;77.7;76.1;4.0
24;2021-10-22;145;221;857;317355;311146;17198;77.7;76.2;4.2
24;2021-10-23;98;209;371;317453;311355;17569;77.7;76.2;4.3
24;2021-10-24;10;12;9;317463;311367;17578;77.7;76.2;4.3
24;2021-10-25;95;133;684;317558;311500;18262;77.8;76.3;4.5
24;2021-10-26;86;132;642;317644;311632;18904;77.8;76.3;4.6
24;2021-10-27;134;184;836;317778;311816;19740;77.8;76.4;4.8
24;2021-10-28;82;143;685;317860;311959;20425;77.8;76.4;5.0
24;2021-10-29;142;190;1043;318002;312149;21468;77.9;76.4;5.3
24;2021-10-30;81;169;384;318083;312318;21852;77.9;76.5;5.4
24;2021-10-31;10;14;28;318093;312332;21880;77.9;76.5;5.4
24;2021-11-01;20;14;90;318113;312346;21970;77.9;76.5;5.4
24;2021-11-02;98;109;771;318211;312455;22741;77.9;76.5;5.6
24;2021-11-03;116;175;962;318327;312630;23703;77.9;76.6;5.8
24;2021-11-04;90;121;868;318417;312751;24571;78.0;76.6;6.0
24;2021-11-05;178;218;1218;318595;312969;25789;78.0;76.6;6.3
24;2021-11-06;101;193;633;318696;313162;26422;78.0;76.7;6.5
24;2021-11-07;11;12;55;318707;313174;26477;78.0;76.7;6.5
24;2021-11-08;77;129;877;318784;313303;27354;78.1;76.7;6.7
24;2021-11-09;116;187;1505;318900;313490;28859;78.1;76.8;7.1
24;2021-11-10;125;172;1504;319025;313662;30363;78.1;76.8;7.4
24;2021-11-11;33;38;256;319058;313700;30619;78.1;76.8;7.5
24;2021-11-12;94;168;1300;319152;313868;31919;78.1;76.9;7.8
24;2021-11-13;85;154;769;319237;314022;32688;78.2;76.9;8.0
24;2021-11-14;8;23;60;319245;314045;32748;78.2;76.9;8.0
24;2021-11-15;69;116;1068;319314;314161;33816;78.2;76.9;8.3
24;2021-11-16;100;137;1924;319414;314298;35740;78.2;77.0;8.8
24;2021-11-17;114;141;1654;319528;314439;37394;78.2;77.0;9.2
24;2021-11-18;84;93;1576;319612;314532;38970;78.3;77.0;9.5
24;2021-11-19;171;180;2207;319783;314712;41177;78.3;77.1;10.1
24;2021-11-20;128;129;1150;319911;314841;42327;78.3;77.1;10.4
24;2021-11-21;19;21;198;319930;314862;42525;78.3;77.1;10.4
24;2021-11-22;108;78;1356;320038;314940;43881;78.4;77.1;10.7
24;2021-11-23;127;131;2108;320165;315071;45989;78.4;77.1;11.3
24;2021-11-24;151;140;2083;320316;315211;48072;78.4;77.2;11.8
24;2021-11-25;125;109;2115;320441;315320;50187;78.5;77.2;12.3
24;2021-11-26;152;170;2972;320593;315490;53159;78.5;77.3;13.0
24;2021-11-27;140;147;1763;320733;315637;54922;78.5;77.3;13.4
24;2021-11-28;27;18;711;320760;315655;55633;78.5;77.3;13.6
24;2021-11-29;105;118;2508;320865;315773;58141;78.6;77.3;14.2
24;2021-11-30;139;130;3637;321004;315903;61778;78.6;77.4;15.1
24;2021-12-01;149;119;3510;321153;316022;65288;78.6;77.4;16.0
24;2021-12-02;110;91;3799;321263;316113;69087;78.7;77.4;16.9
24;2021-12-03;151;163;3977;321414;316276;73064;78.7;77.4;17.9
24;2021-12-04;94;108;2540;321508;316384;75604;78.7;77.5;18.5
24;2021-12-05;32;22;1001;321540;316406;76605;78.7;77.5;18.8
24;2021-12-06;99;89;3141;321639;316495;79746;78.8;77.5;19.5
24;2021-12-07;134;114;4715;321773;316609;84461;78.8;77.5;20.7
24;2021-12-08;144;117;4231;321917;316726;88692;78.8;77.6;21.7
24;2021-12-09;124;128;4148;322041;316854;92840;78.9;77.6;22.7
24;2021-12-10;147;148;4629;322188;317002;97469;78.9;77.6;23.9
24;2021-12-11;111;102;2872;322299;317104;100341;78.9;77.6;24.6
24;2021-12-12;34;31;1075;322333;317135;101416;78.9;77.7;24.8
24;2021-12-13;126;111;4161;322459;317246;105577;79.0;77.7;25.9
24;2021-12-14;150;146;5898;322609;317392;111475;79.0;77.7;27.3
24;2021-12-15;132;167;5287;322741;317559;116762;79.0;77.8;28.6
24;2021-12-16;145;155;5655;322886;317714;122417;79.1;77.8;30.0
24;2021-12-17;160;168;5494;323046;317882;127911;79.1;77.8;31.3
24;2021-12-18;137;151;3160;323183;318033;131071;79.1;77.9;32.1
24;2021-12-19;43;47;1638;323226;318080;132709;79.1;77.9;32.5
24;2021-12-20;143;193;4189;323369;318273;136898;79.2;77.9;33.5
24;2021-12-21;234;192;5162;323603;318465;142060;79.2;78.0;34.8
24;2021-12-22;204;175;4115;323807;318640;146175;79.3;78.0;35.8
25;2020-12-27;0;0;0;0;0;0;0.0;0.0;0.0
25;2020-12-28;0;0;0;0;0;0;0.0;0.0;0.0
25;2020-12-29;0;0;0;0;0;0;0.0;0.0;0.0
25;2020-12-30;0;0;0;0;0;0;0.0;0.0;0.0
25;2020-12-31;2;0;0;2;0;0;0.0;0.0;0.0
25;2021-01-01;0;0;0;2;0;0;0.0;0.0;0.0
25;2021-01-02;2;0;0;4;0;0;0.0;0.0;0.0
25;2021-01-03;0;0;0;4;0;0;0.0;0.0;0.0
25;2021-01-04;3;0;0;7;0;0;0.0;0.0;0.0
25;2021-01-05;1;0;0;8;0;0;0.0;0.0;0.0
25;2021-01-06;86;1;0;94;1;0;0.0;0.0;0.0
25;2021-01-07;222;1;0;316;2;0;0.1;0.0;0.0
25;2021-01-08;393;1;0;709;3;0;0.1;0.0;0.0
25;2021-01-09;110;0;0;819;3;0;0.2;0.0;0.0
25;2021-01-10;1;0;0;820;3;0;0.2;0.0;0.0
25;2021-01-11;532;6;0;1352;9;0;0.3;0.0;0.0
25;2021-01-12;730;2;0;2082;11;0;0.4;0.0;0.0
25;2021-01-13;669;12;0;2751;23;0;0.5;0.0;0.0
25;2021-01-14;924;19;0;3675;42;0;0.7;0.0;0.0
25;2021-01-15;826;8;0;4501;50;0;0.8;0.0;0.0
25;2021-01-16;222;1;0;4723;51;0;0.9;0.0;0.0
25;2021-01-17;102;0;0;4825;51;0;0.9;0.0;0.0
25;2021-01-18;1277;6;0;6102;57;0;1.1;0.0;0.0
25;2021-01-19;1401;3;0;7503;60;0;1.4;0.0;0.0
25;2021-01-20;1480;7;0;8983;67;0;1.7;0.0;0.0
25;2021-01-21;1846;5;0;10829;72;0;2.0;0.0;0.0
25;2021-01-22;1478;8;0;12307;80;0;2.3;0.0;0.0
25;2021-01-23;488;1;0;12795;81;0;2.4;0.0;0.0
25;2021-01-24;113;0;0;12908;81;0;2.4;0.0;0.0
25;2021-01-25;1006;2;0;13914;83;0;2.6;0.0;0.0
25;2021-01-26;1429;41;0;15343;124;0;2.8;0.0;0.0
25;2021-01-27;1272;67;0;16615;191;0;3.1;0.0;0.0
25;2021-01-28;1123;85;0;17738;276;0;3.3;0.1;0.0
25;2021-01-29;978;272;0;18716;548;0;3.5;0.1;0.0
25;2021-01-30;318;103;0;19034;651;0;3.5;0.1;0.0
25;2021-01-31;7;0;0;19041;651;0;3.5;0.1;0.0
25;2021-02-01;623;261;0;19664;912;0;3.6;0.2;0.0
25;2021-02-02;679;450;0;20343;1362;0;3.8;0.3;0.0
25;2021-02-03;801;320;0;21144;1682;0;3.9;0.3;0.0
25;2021-02-04;737;495;0;21881;2177;0;4.1;0.4;0.0
25;2021-02-05;551;475;0;22432;2652;0;4.2;0.5;0.0
25;2021-02-06;217;173;0;22649;2825;0;4.2;0.5;0.0
25;2021-02-07;2;34;0;22651;2859;0;4.2;0.5;0.0
25;2021-02-08;616;546;0;23267;3405;0;4.3;0.6;0.0
25;2021-02-09;639;516;0;23906;3921;0;4.4;0.7;0.0
25;2021-02-10;769;522;0;24675;4443;0;4.6;0.8;0.0
25;2021-02-11;636;829;0;25311;5272;0;4.7;1.0;0.0
25;2021-02-12;448;559;0;25759;5831;0;4.8;1.1;0.0
25;2021-02-13;97;141;0;25856;5972;0;4.8;1.1;0.0
25;2021-02-14;1;3;0;25857;5975;0;4.8;1.1;0.0
25;2021-02-15;182;1053;0;26039;7028;0;4.8;1.3;0.0
25;2021-02-16;221;1429;0;26260;8457;0;4.9;1.6;0.0
25;2021-02-17;165;1351;0;26425;9808;0;4.9;1.8;0.0
25;2021-02-18;156;1336;0;26581;11144;0;4.9;2.1;0.0
25;2021-02-19;121;1272;0;26702;12416;0;4.9;2.3;0.0
25;2021-02-20;25;472;0;26727;12888;0;5.0;2.4;0.0
25;2021-02-21;0;136;0;26727;13024;0;5.0;2.4;0.0
25;2021-02-22;117;1092;0;26844;14116;0;5.0;2.6;0.0
25;2021-02-23;201;1147;0;27045;15263;0;5.0;2.8;0.0
25;2021-02-24;153;1034;0;27198;16297;0;5.0;3.0;0.0
25;2021-02-25;505;1061;0;27703;17358;0;5.1;3.2;0.0
25;2021-02-26;605;1080;0;28308;18438;0;5.2;3.4;0.0
25;2021-02-27;227;375;0;28535;18813;0;5.3;3.5;0.0
25;2021-02-28;6;5;0;28541;18818;0;5.3;3.5;0.0
25;2021-03-01;480;628;0;29021;19446;0;5.4;3.6;0.0
25;2021-03-02;632;837;0;29653;20283;0;5.5;3.8;0.0
25;2021-03-03;590;780;0;30243;21063;0;5.6;3.9;0.0
25;2021-03-04;1196;684;0;31439;21747;0;5.8;4.0;0.0
25;2021-03-05;1868;407;0;33307;22154;0;6.2;4.1;0.0
25;2021-03-06;1225;251;0;34532;22405;0;6.4;4.2;0.0
25;2021-03-07;30;15;0;34562;22420;0;6.4;4.2;0.0
25;2021-03-08;597;700;0;35159;23120;0;6.5;4.3;0.0
25;2021-03-09;1115;781;0;36274;23901;0;6.7;4.4;0.0
25;2021-03-10;1212;654;0;37486;24555;0;6.9;4.6;0.0
25;2021-03-11;1648;586;0;39134;25141;0;7.3;4.7;0.0
25;2021-03-12;2004;477;0;41138;25618;0;7.6;4.7;0.0
25;2021-03-13;1146;102;0;42284;25720;0;7.8;4.8;0.0
25;2021-03-14;51;2;0;42335;25722;0;7.8;4.8;0.0
25;2021-03-15;1153;157;0;43488;25879;0;8.1;4.8;0.0
25;2021-03-16;1276;131;0;44764;26010;0;8.3;4.8;0.0
25;2021-03-17;1471;154;0;46235;26164;0;8.6;4.9;0.0
25;2021-03-18;1551;91;0;47786;26255;0;8.9;4.9;0.0
25;2021-03-19;1689;135;0;49475;26390;0;9.2;4.9;0.0
25;2021-03-20;841;42;0;50316;26432;0;9.3;4.9;0.0
25;2021-03-21;26;0;0;50342;26432;0;9.3;4.9;0.0
25;2021-03-22;1488;105;0;51830;26537;0;9.6;4.9;0.0
25;2021-03-23;2215;172;0;54045;26709;0;10.0;5.0;0.0
25;2021-03-24;2484;112;0;56529;26821;0;10.5;5.0;0.0
25;2021-03-25;2926;217;0;59455;27038;0;11.0;5.0;0.0
25;2021-03-26;3221;209;0;62676;27247;0;11.6;5.1;0.0
25;2021-03-27;1193;110;0;63869;27357;0;11.8;5.1;0.0
25;2021-03-28;119;61;0;63988;27418;0;11.9;5.1;0.0
25;2021-03-29;1844;301;0;65832;27719;0;12.2;5.1;0.0
25;2021-03-30;2286;462;0;68118;28181;0;12.6;5.2;0.0
25;2021-03-31;2219;416;0;70337;28597;0;13.0;5.3;0.0
25;2021-04-01;2515;566;0;72852;29163;0;13.5;5.4;0.0
25;2021-04-02;2117;624;0;74969;29787;0;13.9;5.5;0.0
25;2021-04-03;519;134;0;75488;29921;0;14.0;5.5;0.0
25;2021-04-04;42;20;0;75530;29941;0;14.0;5.6;0.0
25;2021-04-05;146;5;0;75676;29946;0;14.0;5.6;0.0
25;2021-04-06;1927;727;0;77603;30673;0;14.4;5.7;0.0
25;2021-04-07;1971;929;0;79574;31602;0;14.8;5.9;0.0
25;2021-04-08;2470;937;0;82044;32539;0;15.2;6.0;0.0
25;2021-04-09;2643;1049;0;84687;33588;0;15.7;6.2;0.0
25;2021-04-10;1001;322;0;85688;33910;0;15.9;6.3;0.0
25;2021-04-11;98;31;0;85786;33941;0;15.9;6.3;0.0
25;2021-04-12;1659;1029;0;87445;34970;0;16.2;6.5;0.0
25;2021-04-13;2056;1416;0;89501;36386;0;16.6;6.7;0.0
25;2021-04-14;1886;1279;0;91387;37665;0;16.9;7.0;0.0
25;2021-04-15;2061;1390;0;93448;39055;0;17.3;7.2;0.0
25;2021-04-16;2135;1061;0;95583;40116;0;17.7;7.4;0.0
25;2021-04-17;1131;472;0;96714;40588;0;17.9;7.5;0.0
25;2021-04-18;126;20;0;96840;40608;0;18.0;7.5;0.0
25;2021-04-19;1370;1291;0;98210;41899;0;18.2;7.8;0.0
25;2021-04-20;1658;1534;0;99868;43433;0;18.5;8.1;0.0
25;2021-04-21;1753;1719;0;101621;45152;0;18.8;8.4;0.0
25;2021-04-22;1934;1683;0;103555;46835;0;19.2;8.7;0.0
25;2021-04-23;1955;1809;0;105510;48644;0;19.6;9.0;0.0
25;2021-04-24;1324;768;0;106834;49412;0;19.8;9.2;0.0
25;2021-04-25;131;110;0;106965;49522;0;19.8;9.2;0.0
25;2021-04-26;1791;1774;0;108756;51296;0;20.2;9.5;0.0
25;2021-04-27;2823;1617;0;111579;52913;0;20.7;9.8;0.0
25;2021-04-28;2545;1556;0;114124;54469;0;21.2;10.1;0.0
25;2021-04-29;2775;1974;0;116899;56443;0;21.7;10.5;0.0
25;2021-04-30;3265;1634;0;120164;58077;0;22.3;10.8;0.0
25;2021-05-01;1724;315;0;121888;58392;0;22.6;10.8;0.0
25;2021-05-02;409;25;0;122297;58417;0;22.7;10.8;0.0
25;2021-05-03;2882;887;0;125179;59304;0;23.2;11.0;0.0
25;2021-05-04;2613;1910;0;127792;61214;0;23.7;11.3;0.0
25;2021-05-05;2630;1719;0;130422;62933;0;24.2;11.7;0.0
25;2021-05-06;2919;2289;0;133341;65222;0;24.7;12.1;0.0
25;2021-05-07;3019;2173;0;136360;67395;0;25.3;12.5;0.0
25;2021-05-08;1335;246;0;137695;67641;0;25.5;12.5;0.0
25;2021-05-09;227;81;0;137922;67722;0;25.6;12.6;0.0
25;2021-05-10;2959;1699;0;140881;69421;0;26.1;12.9;0.0
25;2021-05-11;3544;2028;0;144425;71449;0;26.8;13.2;0.0
25;2021-05-12;3421;1894;0;147846;73343;0;27.4;13.6;0.0
25;2021-05-13;3149;590;0;150995;73933;0;28.0;13.7;0.0
25;2021-05-14;4075;1341;0;155070;75274;0;28.7;14.0;0.0
25;2021-05-15;2946;723;0;158016;75997;0;29.3;14.1;0.0
25;2021-05-16;721;94;0;158737;76091;0;29.4;14.1;0.0
25;2021-05-17;3705;1103;0;162442;77194;0;30.1;14.3;0.0
25;2021-05-18;4455;1252;0;166897;78446;0;30.9;14.5;0.0
25;2021-05-19;4734;1158;0;171631;79604;0;31.8;14.8;0.0
25;2021-05-20;4628;1425;0;176259;81029;0;32.7;15.0;0.0
25;2021-05-21;5211;1932;0;181470;82961;0;33.6;15.4;0.0
25;2021-05-22;2728;715;0;184198;83676;0;34.1;15.5;0.0
25;2021-05-23;702;116;0;184900;83792;0;34.3;15.5;0.0
25;2021-05-24;1456;187;0;186356;83979;0;34.5;15.6;0.0
25;2021-05-25;3111;1729;0;189467;85708;0;35.1;15.9;0.0
25;2021-05-26;3450;1630;0;192917;87338;0;35.8;16.2;0.0
25;2021-05-27;4011;1895;0;196928;89233;0;36.5;16.5;0.0
25;2021-05-28;3609;2675;0;200537;91908;0;37.2;17.0;0.0
25;2021-05-29;1888;1009;0;202425;92917;0;37.5;17.2;0.0
25;2021-05-30;184;92;0;202609;93009;0;37.6;17.2;0.0
25;2021-05-31;2389;1798;0;204998;94807;0;38.0;17.6;0.0
25;2021-06-01;2581;2201;0;207579;97008;0;38.5;18.0;0.0
25;2021-06-02;2602;2367;0;210181;99375;0;39.0;18.4;0.0
25;2021-06-03;3240;2145;0;213421;101520;0;39.6;18.8;0.0
25;2021-06-04;2973;2501;0;216394;104021;0;40.1;19.3;0.0
25;2021-06-05;1427;1430;0;217821;105451;0;40.4;19.5;0.0
25;2021-06-06;945;254;0;218766;105705;0;40.6;19.6;0.0
25;2021-06-07;2671;2619;0;221437;108324;0;41.0;20.1;0.0
25;2021-06-08;2594;2837;0;224031;111161;0;41.5;20.6;0.0
25;2021-06-09;2443;2785;0;226474;113946;0;42.0;21.1;0.0
25;2021-06-10;2399;2602;0;228873;116548;0;42.4;21.6;0.0
25;2021-06-11;2646;3357;0;231519;119905;0;42.9;22.2;0.0
25;2021-06-12;1546;1798;0;233065;121703;0;43.2;22.6;0.0
25;2021-06-13;446;246;0;233511;121949;0;43.3;22.6;0.0
25;2021-06-14;1405;3664;0;234916;125613;0;43.5;23.3;0.0
25;2021-06-15;1573;3459;0;236489;129072;0;43.8;23.9;0.0
25;2021-06-16;2035;3186;0;238524;132258;0;44.2;24.5;0.0
25;2021-06-17;1612;3242;0;240136;135500;0;44.5;25.1;0.0
25;2021-06-18;2266;4181;0;242402;139681;0;44.9;25.9;0.0
25;2021-06-19;1307;1935;0;243709;141616;0;45.2;26.3;0.0
25;2021-06-20;73;235;0;243782;141851;0;45.2;26.3;0.0
25;2021-06-21;1118;3907;0;244900;145758;0;45.4;27.0;0.0
25;2021-06-22;1169;4329;0;246069;150087;0;45.6;27.8;0.0
25;2021-06-23;1453;3837;0;247522;153924;0;45.9;28.5;0.0
25;2021-06-24;1278;3864;0;248800;157788;0;46.1;29.2;0.0
25;2021-06-25;1607;5283;0;250407;163071;0;46.4;30.2;0.0
25;2021-06-26;664;3034;0;251071;166105;0;46.5;30.8;0.0
25;2021-06-27;389;857;0;251460;166962;0;46.6;31.0;0.0
25;2021-06-28;882;4065;0;252342;171027;0;46.8;31.7;0.0
25;2021-06-29;1120;4895;0;253462;175922;0;47.0;32.6;0.0
25;2021-06-30;1306;5086;0;254768;181008;0;47.2;33.6;0.0
25;2021-07-01;1730;4923;0;256498;185931;0;47.5;34.5;0.0
25;2021-07-02;1731;4699;0;258229;190630;0;47.9;35.3;0.0
25;2021-07-03;1005;2480;0;259234;193110;0;48.1;35.8;0.0
25;2021-07-04;383;691;0;259617;193801;0;48.1;35.9;0.0
25;2021-07-05;1286;2502;0;260903;196303;0;48.4;36.4;0.0
25;2021-07-06;1561;4344;0;262464;200647;0;48.7;37.2;0.0
25;2021-07-07;1509;4117;0;263973;204764;0;48.9;38.0;0.0
25;2021-07-08;1548;3716;0;265521;208480;0;49.2;38.6;0.0
25;2021-07-09;1695;4194;0;267216;212674;0;49.5;39.4;0.0
25;2021-07-10;810;2177;0;268026;214851;0;49.7;39.8;0.0
25;2021-07-11;131;307;0;268157;215158;0;49.7;39.9;0.0
25;2021-07-12;1371;3656;0;269528;218814;0;50.0;40.6;0.0
25;2021-07-13;2409;4580;0;271937;223394;0;50.4;41.4;0.0
25;2021-07-14;480;580;0;272417;223974;0;50.5;41.5;0.0
25;2021-07-15;2586;3836;0;275003;227810;0;51.0;42.2;0.0
25;2021-07-16;3461;3801;0;278464;231611;0;51.6;42.9;0.0
25;2021-07-17;2303;2054;0;280767;233665;0;52.0;43.3;0.0
25;2021-07-18;857;1222;0;281624;234887;0;52.2;43.5;0.0
25;2021-07-19;2635;4142;0;284259;239029;0;52.7;44.3;0.0
25;2021-07-20;3435;3711;0;287694;242740;0;53.3;45.0;0.0
25;2021-07-21;3552;3574;0;291246;246314;0;54.0;45.7;0.0
25;2021-07-22;3514;3141;0;294760;249455;0;54.6;46.2;0.0
25;2021-07-23;3724;3386;0;298484;252841;0;55.3;46.9;0.0
25;2021-07-24;1643;2180;0;300127;255021;0;55.6;47.3;0.0
25;2021-07-25;606;608;0;300733;255629;0;55.7;47.4;0.0
25;2021-07-26;3055;2946;0;303788;258575;0;56.3;47.9;0.0
25;2021-07-27;3809;2164;0;307597;260739;0;57.0;48.3;0.0
25;2021-07-28;3793;2349;0;311390;263088;0;57.7;48.8;0.0
25;2021-07-29;4334;2241;0;315724;265329;0;58.5;49.2;0.0
25;2021-07-30;4184;2489;0;319908;267818;0;59.3;49.6;0.0
25;2021-07-31;1939;1465;0;321847;269283;0;59.7;49.9;0.0
25;2021-08-01;1174;210;0;323021;269493;0;59.9;50.0;0.0
25;2021-08-02;2761;2124;0;325782;271617;0;60.4;50.4;0.0
25;2021-08-03;2903;2193;0;328685;273810;0;60.9;50.8;0.0
25;2021-08-04;2997;1583;0;331682;275393;0;61.5;51.1;0.0
25;2021-08-05;2302;1812;0;333984;277205;0;61.9;51.4;0.0
25;2021-08-06;2351;2381;0;336335;279586;0;62.3;51.8;0.0
25;2021-08-07;1284;1166;0;337619;280752;0;62.6;52.0;0.0
25;2021-08-08;303;446;0;337922;281198;0;62.6;52.1;0.0
25;2021-08-09;2017;2268;0;339939;283466;0;63.0;52.5;0.0
25;2021-08-10;1962;2558;0;341901;286024;0;63.4;53.0;0.0
25;2021-08-11;1841;2144;0;343742;288168;0;63.7;53.4;0.0
25;2021-08-12;2194;2563;0;345936;290731;0;64.1;53.9;0.0
25;2021-08-13;1689;2192;0;347625;292923;0;64.4;54.3;0.0
25;2021-08-14;929;1826;0;348554;294749;0;64.6;54.6;0.0
25;2021-08-15;25;64;0;348579;294813;0;64.6;54.7;0.0
25;2021-08-16;1256;3239;0;349835;298052;0;64.9;55.3;0.0
25;2021-08-17;1438;3311;0;351273;301363;0;65.1;55.9;0.0
25;2021-08-18;1237;2906;0;352510;304269;0;65.3;56.4;0.0
25;2021-08-19;1014;2817;0;353524;307086;0;65.5;56.9;0.0
25;2021-08-20;1403;3677;0;354927;310763;0;65.8;57.6;0.0
25;2021-08-21;560;1782;0;355487;312545;0;65.9;57.9;0.0
25;2021-08-22;180;1082;0;355667;313627;0;65.9;58.1;0.0
25;2021-08-23;1073;3211;0;356740;316838;0;66.1;58.7;0.0
25;2021-08-24;1057;3172;0;357797;320010;0;66.3;59.3;0.0
25;2021-08-25;1019;3047;0;358816;323057;0;66.5;59.9;0.0
25;2021-08-26;1134;3142;0;359950;326199;0;66.7;60.5;0.0
25;2021-08-27;1163;3106;0;361113;329305;0;66.9;61.0;0.0
25;2021-08-28;547;1801;0;361660;331106;0;67.0;61.4;0.0
25;2021-08-29;129;461;0;361789;331567;0;67.1;61.5;0.0
25;2021-08-30;897;2732;37;362686;334299;37;67.2;62.0;0.0
25;2021-08-31;945;2308;110;363631;336607;147;67.4;62.4;0.0
25;2021-09-01;920;2283;334;364551;338890;481;67.6;62.8;0.1
25;2021-09-02;783;1710;272;365334;340600;753;67.7;63.1;0.1
25;2021-09-03;773;1855;309;366107;342455;1062;67.9;63.5;0.2
25;2021-09-04;622;1275;185;366729;343730;1247;68.0;63.7;0.2
25;2021-09-05;113;152;51;366842;343882;1298;68.0;63.7;0.2
25;2021-09-06;637;1361;489;367479;345243;1787;68.1;64.0;0.3
25;2021-09-07;520;1114;323;367999;346357;2110;68.2;64.2;0.4
25;2021-09-08;618;1582;397;368617;347939;2507;68.3;64.5;0.5
25;2021-09-09;444;1042;382;369061;348981;2889;68.4;64.7;0.5
25;2021-09-10;818;1610;436;369879;350591;3325;68.6;65.0;0.6
25;2021-09-11;374;1007;114;370253;351598;3439;68.6;65.2;0.6
25;2021-09-12;93;181;26;370346;351779;3465;68.7;65.2;0.6
25;2021-09-13;701;943;390;371047;352722;3855;68.8;65.4;0.7
25;2021-09-14;615;867;495;371662;353589;4350;68.9;65.5;0.8
25;2021-09-15;752;1476;438;372414;355065;4788;69.0;65.8;0.9
25;2021-09-16;514;807;415;372928;355872;5203;69.1;66.0;1.0
25;2021-09-17;726;1317;431;373654;357189;5634;69.3;66.2;1.0
25;2021-09-18;317;831;89;373971;358020;5723;69.3;66.4;1.1
25;2021-09-19;63;143;9;374034;358163;5732;69.3;66.4;1.1
25;2021-09-20;434;729;448;374468;358892;6180;69.4;66.5;1.1
25;2021-09-21;204;584;371;374672;359476;6551;69.5;66.6;1.2
25;2021-09-22;440;1148;484;375112;360624;7035;69.5;66.9;1.3
25;2021-09-23;244;481;334;375356;361105;7369;69.6;66.9;1.4
25;2021-09-24;487;1005;536;375843;362110;7905;69.7;67.1;1.5
25;2021-09-25;246;803;97;376089;362913;8002;69.7;67.3;1.5
25;2021-09-26;13;12;15;376102;362925;8017;69.7;67.3;1.5
25;2021-09-27;302;564;342;376404;363489;8359;69.8;67.4;1.5
25;2021-09-28;220;427;414;376624;363916;8773;69.8;67.5;1.6
25;2021-09-29;429;798;505;377053;364714;9278;69.9;67.6;1.7
25;2021-09-30;266;349;341;377319;365063;9619;69.9;67.7;1.8
25;2021-10-01;604;825;503;377923;365888;10122;70.1;67.8;1.9
25;2021-10-02;265;534;133;378188;366422;10255;70.1;67.9;1.9
25;2021-10-03;10;12;0;378198;366434;10255;70.1;67.9;1.9
25;2021-10-04;349;714;473;378547;367148;10728;70.2;68.1;2.0
25;2021-10-05;156;366;312;378703;367514;11040;70.2;68.1;2.0
25;2021-10-06;411;718;560;379114;368232;11600;70.3;68.3;2.2
25;2021-10-07;156;302;442;379270;368534;12042;70.3;68.3;2.2
25;2021-10-08;479;870;687;379749;369404;12729;70.4;68.5;2.4
25;2021-10-09;287;488;198;380036;369892;12927;70.4;68.6;2.4
25;2021-10-10;5;13;12;380041;369905;12939;70.4;68.6;2.4
25;2021-10-11;247;545;606;380288;370450;13545;70.5;68.7;2.5
25;2021-10-12;163;240;363;380451;370690;13908;70.5;68.7;2.6
25;2021-10-13;469;756;687;380920;371446;14595;70.6;68.9;2.7
25;2021-10-14;146;209;387;381066;371655;14982;70.6;68.9;2.8
25;2021-10-15;516;622;859;381582;372277;15841;70.7;69.0;2.9
25;2021-10-16;282;393;276;381864;372670;16117;70.8;69.1;3.0
25;2021-10-17;8;9;2;381872;372679;16119;70.8;69.1;3.0
25;2021-10-18;225;330;465;382097;373009;16584;70.8;69.1;3.1
25;2021-10-19;106;165;370;382203;373174;16954;70.9;69.2;3.1
25;2021-10-20;322;522;894;382525;373696;17848;70.9;69.3;3.3
25;2021-10-21;141;192;382;382666;373888;18230;70.9;69.3;3.4
25;2021-10-22;442;514;986;383108;374402;19216;71.0;69.4;3.6
25;2021-10-23;243;306;389;383351;374708;19605;71.1;69.5;3.6
25;2021-10-24;3;17;7;383354;374725;19612;71.1;69.5;3.6
25;2021-10-25;257;333;710;383611;375058;20322;71.1;69.5;3.8
25;2021-10-26;151;185;667;383762;375243;20989;71.1;69.6;3.9
25;2021-10-27;297;417;1057;384059;375660;22046;71.2;69.6;4.1
25;2021-10-28;94;131;388;384153;375791;22434;71.2;69.7;4.2
25;2021-10-29;343;454;1150;384496;376245;23584;71.3;69.7;4.4
25;2021-10-30;150;282;299;384646;376527;23883;71.3;69.8;4.4
25;2021-10-31;4;4;13;384650;376531;23896;71.3;69.8;4.4
25;2021-11-01;50;14;10;384700;376545;23906;71.3;69.8;4.4
25;2021-11-02;178;259;700;384878;376804;24606;71.3;69.8;4.6
25;2021-11-03;247;422;1260;385125;377226;25866;71.4;69.9;4.8
25;2021-11-04;135;169;676;385260;377395;26542;71.4;70.0;4.9
25;2021-11-05;281;451;1355;385541;377846;27897;71.5;70.0;5.2
25;2021-11-06;186;286;588;385727;378132;28485;71.5;70.1;5.3
25;2021-11-07;13;20;5;385740;378152;28490;71.5;70.1;5.3
25;2021-11-08;138;205;1018;385878;378357;29508;71.5;70.1;5.5
25;2021-11-09;106;157;1143;385984;378514;30651;71.6;70.2;5.7
25;2021-11-10;247;403;1762;386231;378917;32413;71.6;70.2;6.0
25;2021-11-11;2;23;10;386233;378940;32423;71.6;70.2;6.0
25;2021-11-12;278;456;1794;386511;379396;34217;71.6;70.3;6.3
25;2021-11-13;137;243;689;386648;379639;34906;71.7;70.4;6.5
25;2021-11-14;8;23;17;386656;379662;34923;71.7;70.4;6.5
25;2021-11-15;147;262;1694;386803;379924;36617;71.7;70.4;6.8
25;2021-11-16;145;180;1268;386948;380104;37885;71.7;70.5;7.0
25;2021-11-17;288;354;2212;387236;380458;40097;71.8;70.5;7.4
25;2021-11-18;100;128;1056;387336;380586;41153;71.8;70.6;7.6
25;2021-11-19;351;451;2313;387687;381037;43466;71.9;70.6;8.1
25;2021-11-20;220;264;855;387907;381301;44321;71.9;70.7;8.2
25;2021-11-21;3;13;9;387910;381314;44330;71.9;70.7;8.2
25;2021-11-22;227;168;1784;388137;381482;46114;72.0;70.7;8.5
25;2021-11-23;124;121;1421;388261;381603;47535;72.0;70.7;8.8
25;2021-11-24;289;339;2150;388550;381942;49685;72.0;70.8;9.2
25;2021-11-25;97;102;1177;388647;382044;50862;72.0;70.8;9.4
25;2021-11-26;318;347;3709;388965;382391;54571;72.1;70.9;10.1
25;2021-11-27;169;222;1315;389134;382613;55886;72.1;70.9;10.4
25;2021-11-28;5;20;37;389139;382633;55923;72.1;70.9;10.4
25;2021-11-29;177;185;3413;389316;382818;59336;72.2;71.0;11.0
25;2021-11-30;179;186;3729;389495;383004;63065;72.2;71.0;11.7
25;2021-12-01;184;271;4362;389679;383275;67427;72.2;71.0;12.5
25;2021-12-02;146;131;4609;389825;383406;72036;72.3;71.1;13.4
25;2021-12-03;198;339;5063;390023;383745;77099;72.3;71.1;14.3
25;2021-12-04;117;188;2056;390140;383933;79155;72.3;71.2;14.7
25;2021-12-05;6;12;78;390146;383945;79233;72.3;71.2;14.7
25;2021-12-06;142;175;4398;390288;384120;83631;72.3;71.2;15.5
25;2021-12-07;163;201;5527;390451;384321;89158;72.4;71.2;16.5
25;2021-12-08;199;318;5026;390650;384639;94184;72.4;71.3;17.5
25;2021-12-09;173;159;5227;390823;384798;99411;72.4;71.3;18.4
25;2021-12-10;170;299;6168;390993;385097;105579;72.5;71.4;19.6
25;2021-12-11;97;211;2904;391090;385308;108483;72.5;71.4;20.1
25;2021-12-12;13;26;234;391103;385334;108717;72.5;71.4;20.2
25;2021-12-13;130;223;4954;391233;385557;113671;72.5;71.5;21.1
25;2021-12-14;171;209;6055;391404;385766;119726;72.6;71.5;22.2
25;2021-12-15;168;353;5567;391572;386119;125293;72.6;71.6;23.2
25;2021-12-16;152;181;5940;391724;386300;131233;72.6;71.6;24.3
25;2021-12-17;229;350;6215;391953;386650;137448;72.7;71.7;25.5
25;2021-12-18;188;222;3397;392141;386872;140845;72.7;71.7;26.1
25;2021-12-19;10;18;450;392151;386890;141295;72.7;71.7;26.2
25;2021-12-20;231;237;5082;392382;387127;146377;72.7;71.8;27.1
25;2021-12-21;267;250;6334;392649;387377;152711;72.8;71.8;28.3
25;2021-12-22;256;296;4787;392905;387673;157498;72.8;71.9;29.2
26;2020-12-27;0;0;0;0;0;0;0.0;0.0;0.0
26;2020-12-28;0;0;0;0;0;0;0.0;0.0;0.0
26;2020-12-29;0;0;0;0;0;0;0.0;0.0;0.0
26;2020-12-30;0;0;0;0;0;0;0.0;0.0;0.0
26;2020-12-31;0;0;0;0;0;0;0.0;0.0;0.0
26;2021-01-01;2;0;0;2;0;0;0.0;0.0;0.0
26;2021-01-02;0;0;0;2;0;0;0.0;0.0;0.0
26;2021-01-03;1;0;0;3;0;0;0.0;0.0;0.0
26;2021-01-04;0;0;0;3;0;0;0.0;0.0;0.0
26;2021-01-05;0;0;0;3;0;0;0.0;0.0;0.0
26;2021-01-06;4;0;0;7;0;0;0.0;0.0;0.0
26;2021-01-07;176;0;0;183;0;0;0.0;0.0;0.0
26;2021-01-08;133;0;0;316;0;0;0.1;0.0;0.0
26;2021-01-09;5;0;0;321;0;0;0.1;0.0;0.0
26;2021-01-10;0;0;0;321;0;0;0.1;0.0;0.0
26;2021-01-11;256;2;0;577;2;0;0.1;0.0;0.0
26;2021-01-12;206;1;0;783;3;0;0.2;0.0;0.0
26;2021-01-13;409;1;0;1192;4;0;0.2;0.0;0.0
26;2021-01-14;501;1;0;1693;5;0;0.3;0.0;0.0
26;2021-01-15;537;2;0;2230;7;0;0.4;0.0;0.0
26;2021-01-16;237;1;0;2467;8;0;0.5;0.0;0.0
26;2021-01-17;0;0;0;2467;8;0;0.5;0.0;0.0
26;2021-01-18;636;2;0;3103;10;0;0.6;0.0;0.0
26;2021-01-19;788;3;0;3891;13;0;0.7;0.0;0.0
26;2021-01-20;794;2;0;4685;15;0;0.9;0.0;0.0
26;2021-01-21;794;2;0;5479;17;0;1.1;0.0;0.0
26;2021-01-22;732;2;0;6211;19;0;1.2;0.0;0.0
26;2021-01-23;473;1;0;6684;20;0;1.3;0.0;0.0
26;2021-01-24;15;0;0;6699;20;0;1.3;0.0;0.0
26;2021-01-25;624;1;0;7323;21;0;1.4;0.0;0.0
26;2021-01-26;769;6;0;8092;27;0;1.6;0.0;0.0
26;2021-01-27;815;9;0;8907;36;0;1.7;0.0;0.0
26;2021-01-28;1259;169;0;10166;205;0;2.0;0.0;0.0
26;2021-01-29;928;68;0;11094;273;0;2.1;0.1;0.0
26;2021-01-30;552;8;0;11646;281;0;2.2;0.1;0.0
26;2021-01-31;11;0;0;11657;281;0;2.2;0.1;0.0
26;2021-02-01;643;172;0;12300;453;0;2.4;0.1;0.0
26;2021-02-02;1214;211;0;13514;664;0;2.6;0.1;0.0
26;2021-02-03;1214;291;0;14728;955;0;2.8;0.2;0.0
26;2021-02-04;944;437;0;15672;1392;0;3.0;0.3;0.0
26;2021-02-05;633;325;0;16305;1717;0;3.1;0.3;0.0
26;2021-02-06;324;219;0;16629;1936;0;3.2;0.4;0.0
26;2021-02-07;36;3;0;16665;1939;0;3.2;0.4;0.0
26;2021-02-08;516;402;0;17181;2341;0;3.3;0.4;0.0
26;2021-02-09;581;439;0;17762;2780;0;3.4;0.5;0.0
26;2021-02-10;652;373;0;18414;3153;0;3.5;0.6;0.0
26;2021-02-11;730;344;0;19144;3497;0;3.7;0.7;0.0
26;2021-02-12;561;444;0;19705;3941;0;3.8;0.8;0.0
26;2021-02-13;317;303;0;20022;4244;0;3.8;0.8;0.0
26;2021-02-14;31;2;0;20053;4246;0;3.9;0.8;0.0
26;2021-02-15;381;508;0;20434;4754;0;3.9;0.9;0.0
26;2021-02-16;294;527;0;20728;5281;0;4.0;1.0;0.0
26;2021-02-17;238;733;0;20966;6014;0;4.0;1.2;0.0
26;2021-02-18;401;897;0;21367;6911;0;4.1;1.3;0.0
26;2021-02-19;342;811;0;21709;7722;0;4.2;1.5;0.0
26;2021-02-20;86;441;0;21795;8163;0;4.2;1.6;0.0
26;2021-02-21;3;12;0;21798;8175;0;4.2;1.6;0.0
26;2021-02-22;160;648;0;21958;8823;0;4.2;1.7;0.0
26;2021-02-23;393;964;0;22351;9787;0;4.3;1.9;0.0
26;2021-02-24;376;1153;0;22727;10940;0;4.4;2.1;0.0
26;2021-02-25;678;1001;0;23405;11941;0;4.5;2.3;0.0
26;2021-02-26;859;608;0;24264;12549;0;4.7;2.4;0.0
26;2021-02-27;304;434;0;24568;12983;0;4.7;2.5;0.0
26;2021-02-28;11;17;0;24579;13000;0;4.7;2.5;0.0
26;2021-03-01;462;628;0;25041;13628;0;4.8;2.6;0.0
26;2021-03-02;682;630;0;25723;14258;0;4.9;2.7;0.0
26;2021-03-03;712;677;0;26435;14935;0;5.1;2.9;0.0
26;2021-03-04;994;559;0;27429;15494;0;5.3;3.0;0.0
26;2021-03-05;1697;517;0;29126;16011;0;5.6;3.1;0.0
26;2021-03-06;2576;437;0;31702;16448;0;6.1;3.2;0.0
26;2021-03-07;2584;196;0;34286;16644;0;6.6;3.2;0.0
26;2021-03-08;898;614;0;35184;17258;0;6.8;3.3;0.0
26;2021-03-09;1299;553;0;36483;17811;0;7.0;3.4;0.0
26;2021-03-10;1193;499;0;37676;18310;0;7.2;3.5;0.0
26;2021-03-11;1533;624;0;39209;18934;0;7.5;3.6;0.0
26;2021-03-12;2171;499;0;41380;19433;0;7.9;3.7;0.0
26;2021-03-13;1769;288;0;43149;19721;0;8.3;3.8;0.0
26;2021-03-14;66;27;0;43215;19748;0;8.3;3.8;0.0
26;2021-03-15;1565;257;0;44780;20005;0;8.6;3.8;0.0
26;2021-03-16;1164;491;0;45944;20496;0;8.8;3.9;0.0
26;2021-03-17;1318;329;0;47262;20825;0;9.1;4.0;0.0
26;2021-03-18;1527;306;0;48789;21131;0;9.4;4.1;0.0
26;2021-03-19;2351;358;0;51140;21489;0;9.8;4.1;0.0
26;2021-03-20;1200;138;0;52340;21627;0;10.1;4.2;0.0
26;2021-03-21;63;21;0;52403;21648;0;10.1;4.2;0.0
26;2021-03-22;1729;215;0;54132;21863;0;10.4;4.2;0.0
26;2021-03-23;2469;324;0;56601;22187;0;10.9;4.3;0.0
26;2021-03-24;2494;278;0;59095;22465;0;11.4;4.3;0.0
26;2021-03-25;2972;345;0;62067;22810;0;11.9;4.4;0.0
26;2021-03-26;2940;359;0;65007;23169;0;12.5;4.5;0.0
26;2021-03-27;1131;152;0;66138;23321;0;12.7;4.5;0.0
26;2021-03-28;78;5;0;66216;23326;0;12.7;4.5;0.0
26;2021-03-29;1785;425;0;68001;23751;0;13.1;4.6;0.0
26;2021-03-30;2226;498;0;70227;24249;0;13.5;4.7;0.0
26;2021-03-31;2344;568;0;72571;24817;0;13.9;4.8;0.0
26;2021-04-01;2185;761;0;74756;25578;0;14.4;4.9;0.0
26;2021-04-02;2173;934;0;76929;26512;0;14.8;5.1;0.0
26;2021-04-03;511;980;0;77440;27492;0;14.9;5.3;0.0
26;2021-04-04;205;737;0;77645;28229;0;14.9;5.4;0.0
26;2021-04-05;472;47;0;78117;28276;0;15.0;5.4;0.0
26;2021-04-06;1446;781;0;79563;29057;0;15.3;5.6;0.0
26;2021-04-07;1754;873;0;81317;29930;0;15.6;5.7;0.0
26;2021-04-08;2949;950;0;84266;30880;0;16.2;5.9;0.0
26;2021-04-09;3414;996;0;87680;31876;0;16.8;6.1;0.0
26;2021-04-10;1258;823;0;88938;32699;0;17.1;6.3;0.0
26;2021-04-11;95;31;0;89033;32730;0;17.1;6.3;0.0
26;2021-04-12;1715;1078;0;90748;33808;0;17.4;6.5;0.0
26;2021-04-13;2676;1461;0;93424;35269;0;17.9;6.8;0.0
26;2021-04-14;2247;1412;0;95671;36681;0;18.4;7.0;0.0
26;2021-04-15;2291;1523;0;97962;38204;0;18.8;7.3;0.0
26;2021-04-16;2222;1561;0;100184;39765;0;19.2;7.6;0.0
26;2021-04-17;995;750;0;101179;40515;0;19.4;7.8;0.0
26;2021-04-18;65;46;0;101244;40561;0;19.4;7.8;0.0
26;2021-04-19;1453;1474;0;102697;42035;0;19.7;8.1;0.0
26;2021-04-20;1685;1740;0;104382;43775;0;20.1;8.4;0.0
26;2021-04-21;1865;1440;0;106247;45215;0;20.4;8.7;0.0
26;2021-04-22;2292;1577;0;108539;46792;0;20.9;9.0;0.0
26;2021-04-23;1959;1554;0;110498;48346;0;21.2;9.3;0.0
26;2021-04-24;1388;758;0;111886;49104;0;21.5;9.4;0.0
26;2021-04-25;510;81;0;112396;49185;0;21.6;9.4;0.0
26;2021-04-26;1307;1443;0;113703;50628;0;21.8;9.7;0.0
26;2021-04-27;1832;1653;0;115535;52281;0;22.2;10.0;0.0
26;2021-04-28;1782;1742;0;117317;54023;0;22.5;10.4;0.0
26;2021-04-29;2737;1888;0;120054;55911;0;23.1;10.7;0.0
26;2021-04-30;2598;1814;0;122652;57725;0;23.6;11.1;0.0
26;2021-05-01;1292;335;0;123944;58060;0;23.8;11.2;0.0
26;2021-05-02;910;116;0;124854;58176;0;24.0;11.2;0.0
26;2021-05-03;2020;1696;0;126874;59872;0;24.4;11.5;0.0
26;2021-05-04;2488;2250;0;129362;62122;0;24.9;11.9;0.0
26;2021-05-05;2520;2088;0;131882;64210;0;25.3;12.3;0.0
26;2021-05-06;3129;2137;0;135011;66347;0;25.9;12.7;0.0
26;2021-05-07;2615;2322;0;137626;68669;0;26.4;13.2;0.0
26;2021-05-08;1802;506;0;139428;69175;0;26.8;13.3;0.0
26;2021-05-09;589;121;0;140017;69296;0;26.9;13.3;0.0
26;2021-05-10;2698;1832;0;142715;71128;0;27.4;13.7;0.0
26;2021-05-11;3980;2215;0;146695;73343;0;28.2;14.1;0.0
26;2021-05-12;4193;1785;0;150888;75128;0;29.0;14.4;0.0
26;2021-05-13;3712;527;0;154600;75655;0;29.7;14.5;0.0
26;2021-05-14;3985;1457;0;158585;77112;0;30.5;14.8;0.0
26;2021-05-15;3468;545;0;162053;77657;0;31.1;14.9;0.0
26;2021-05-16;2791;281;0;164844;77938;0;31.7;15.0;0.0
26;2021-05-17;3141;1418;0;167985;79356;0;32.3;15.2;0.0
26;2021-05-18;3859;1657;0;171844;81013;0;33.0;15.6;0.0
26;2021-05-19;3802;1377;0;175646;82390;0;33.7;15.8;0.0
26;2021-05-20;3992;1676;0;179638;84066;0;34.5;16.1;0.0
26;2021-05-21;3984;1772;0;183622;85838;0;35.3;16.5;0.0
26;2021-05-22;2422;623;0;186044;86461;0;35.7;16.6;0.0
26;2021-05-23;1223;153;0;187267;86614;0;36.0;16.6;0.0
26;2021-05-24;2948;601;0;190215;87215;0;36.5;16.8;0.0
26;2021-05-25;2973;2298;0;193188;89513;0;37.1;17.2;0.0
26;2021-05-26;3354;2167;0;196542;91680;0;37.8;17.6;0.0
26;2021-05-27;3575;2326;0;200117;94006;0;38.4;18.1;0.0
26;2021-05-28;3143;2620;0;203260;96626;0;39.0;18.6;0.0
26;2021-05-29;2223;1435;0;205483;98061;0;39.5;18.8;0.0
26;2021-05-30;367;88;0;205850;98149;0;39.5;18.9;0.0
26;2021-05-31;2490;1768;0;208340;99917;0;40.0;19.2;0.0
26;2021-06-01;2891;2173;0;211231;102090;0;40.6;19.6;0.0
26;2021-06-02;2509;2087;0;213740;104177;0;41.1;20.0;0.0
26;2021-06-03;2676;2294;0;216416;106471;0;41.6;20.5;0.0
26;2021-06-04;2578;2720;0;218994;109191;0;42.1;21.0;0.0
26;2021-06-05;1432;1431;0;220426;110622;0;42.3;21.3;0.0
26;2021-06-06;81;39;0;220507;110661;0;42.4;21.3;0.0
26;2021-06-07;2029;2234;0;222536;112895;0;42.7;21.7;0.0
26;2021-06-08;2265;2098;0;224801;114993;0;43.2;22.1;0.0
26;2021-06-09;1881;2164;0;226682;117157;0;43.5;22.5;0.0
26;2021-06-10;1821;2542;0;228503;119699;0;43.9;23.0;0.0
26;2021-06-11;1717;2972;0;230220;122671;0;44.2;23.6;0.0
26;2021-06-12;1096;1593;0;231316;124264;0;44.4;23.9;0.0
26;2021-06-13;130;211;0;231446;124475;0;44.5;23.9;0.0
26;2021-06-14;1249;3201;0;232695;127676;0;44.7;24.5;0.0
26;2021-06-15;1480;3666;0;234175;131342;0;45.0;25.2;0.0
26;2021-06-16;1638;3216;0;235813;134558;0;45.3;25.8;0.0
26;2021-06-17;1450;2922;0;237263;137480;0;45.6;26.4;0.0
26;2021-06-18;1659;3983;0;238922;141463;0;45.9;27.2;0.0
26;2021-06-19;864;2717;0;239786;144180;0;46.1;27.7;0.0
26;2021-06-20;250;749;0;240036;144929;0;46.1;27.8;0.0
26;2021-06-21;895;4013;0;240931;148942;0;46.3;28.6;0.0
26;2021-06-22;981;4703;0;241912;153645;0;46.5;29.5;0.0
26;2021-06-23;1131;4421;0;243043;158066;0;46.7;30.4;0.0
26;2021-06-24;1252;3987;0;244295;162053;0;46.9;31.1;0.0
26;2021-06-25;1032;4802;0;245327;166855;0;47.1;32.1;0.0
26;2021-06-26;629;3129;0;245956;169984;0;47.2;32.7;0.0
26;2021-06-27;289;1107;0;246245;171091;0;47.3;32.9;0.0
26;2021-06-28;757;4117;0;247002;175208;0;47.4;33.7;0.0
26;2021-06-29;1004;4360;0;248006;179568;0;47.6;34.5;0.0
26;2021-06-30;1352;4190;0;249358;183758;0;47.9;35.3;0.0
26;2021-07-01;1628;3890;0;250986;187648;0;48.2;36.0;0.0
26;2021-07-02;1330;4507;0;252316;192155;0;48.5;36.9;0.0
26;2021-07-03;663;2568;0;252979;194723;0;48.6;37.4;0.0
26;2021-07-04;270;487;0;253249;195210;0;48.6;37.5;0.0
26;2021-07-05;868;3858;0;254117;199068;0;48.8;38.2;0.0
26;2021-07-06;1244;3724;0;255361;202792;0;49.1;39.0;0.0
26;2021-07-07;1394;3326;0;256755;206118;0;49.3;39.6;0.0
26;2021-07-08;2193;3039;0;258948;209157;0;49.7;40.2;0.0
26;2021-07-09;1489;4102;0;260437;213259;0;50.0;41.0;0.0
26;2021-07-10;804;2210;0;261241;215469;0;50.2;41.4;0.0
26;2021-07-11;262;283;0;261503;215752;0;50.2;41.4;0.0
26;2021-07-12;1043;3613;0;262546;219365;0;50.4;42.1;0.0
26;2021-07-13;2117;4098;0;264663;223463;0;50.8;42.9;0.0
26;2021-07-14;848;730;0;265511;224193;0;51.0;43.1;0.0
26;2021-07-15;2884;3413;0;268395;227606;0;51.6;43.7;0.0
26;2021-07-16;2806;3319;0;271201;230925;0;52.1;44.4;0.0
26;2021-07-17;1661;1519;0;272862;232444;0;52.4;44.7;0.0
26;2021-07-18;206;111;0;273068;232555;0;52.5;44.7;0.0
26;2021-07-19;2373;2843;0;275441;235398;0;52.9;45.2;0.0
26;2021-07-20;3306;3302;0;278747;238700;0;53.5;45.9;0.0
26;2021-07-21;3131;2802;0;281878;241502;0;54.1;46.4;0.0
26;2021-07-22;3602;2714;0;285480;244216;0;54.8;46.9;0.0
26;2021-07-23;3432;3063;0;288912;247279;0;55.5;47.5;0.0
26;2021-07-24;2036;1211;0;290948;248490;0;55.9;47.7;0.0
26;2021-07-25;461;112;0;291409;248602;0;56.0;47.8;0.0
26;2021-07-26;3058;2312;0;294467;250914;0;56.6;48.2;0.0
26;2021-07-27;4379;2529;0;298846;253443;0;57.4;48.7;0.0
26;2021-07-28;3931;2165;0;302777;255608;0;58.2;49.1;0.0
26;2021-07-29;3485;2613;0;306262;258221;0;58.8;49.6;0.0
26;2021-07-30;3169;2448;0;309431;260669;0;59.4;50.1;0.0
26;2021-07-31;1104;991;0;310535;261660;0;59.7;50.3;0.0
26;2021-08-01;401;128;0;310936;261788;0;59.7;50.3;0.0
26;2021-08-02;2639;2099;0;313575;263887;0;60.2;50.7;0.0
26;2021-08-03;3163;2122;0;316738;266009;0;60.8;51.1;0.0
26;2021-08-04;3553;1758;0;320291;267767;0;61.5;51.4;0.0
26;2021-08-05;2946;1953;0;323237;269720;0;62.1;51.8;0.0
26;2021-08-06;2945;2399;1;326182;272119;1;62.7;52.3;0.0
26;2021-08-07;682;746;0;326864;272865;1;62.8;52.4;0.0
26;2021-08-08;68;73;0;326932;272938;1;62.8;52.4;0.0
26;2021-08-09;2006;2561;0;328938;275499;1;63.2;52.9;0.0
26;2021-08-10;2298;2745;0;331236;278244;1;63.6;53.5;0.0
26;2021-08-11;2060;2433;0;333296;280677;1;64.0;53.9;0.0
26;2021-08-12;1779;2352;0;335075;283029;1;64.4;54.4;0.0
26;2021-08-13;1707;2232;0;336782;285261;1;64.7;54.8;0.0
26;2021-08-14;409;847;0;337191;286108;1;64.8;55.0;0.0
26;2021-08-15;42;61;0;337233;286169;1;64.8;55.0;0.0
26;2021-08-16;1129;2777;0;338362;288946;1;65.0;55.5;0.0
26;2021-08-17;1633;2915;0;339995;291861;1;65.3;56.1;0.0
26;2021-08-18;1560;3066;0;341555;294927;1;65.6;56.7;0.0
26;2021-08-19;1526;2736;0;343081;297663;1;65.9;57.2;0.0
26;2021-08-20;1311;2696;0;344392;300359;1;66.2;57.7;0.0
26;2021-08-21;528;999;0;344920;301358;1;66.3;57.9;0.0
26;2021-08-22;67;339;0;344987;301697;1;66.3;58.0;0.0
26;2021-08-23;1430;3124;0;346417;304821;1;66.5;58.6;0.0
26;2021-08-24;1631;3337;0;348048;308158;1;66.9;59.2;0.0
26;2021-08-25;1458;3293;0;349506;311451;1;67.1;59.8;0.0
26;2021-08-26;1367;3013;0;350873;314464;1;67.4;60.4;0.0
26;2021-08-27;1464;3309;0;352337;317773;1;67.7;61.0;0.0
26;2021-08-28;392;1056;0;352729;318829;1;67.8;61.2;0.0
26;2021-08-29;22;64;0;352751;318893;1;67.8;61.3;0.0
26;2021-08-30;1365;2957;61;354116;321850;62;68.0;61.8;0.0
26;2021-08-31;1256;3166;123;355372;325016;185;68.3;62.4;0.0
26;2021-09-01;1365;2459;215;356737;327475;400;68.5;62.9;0.1
26;2021-09-02;1076;1888;260;357813;329363;660;68.7;63.3;0.1
26;2021-09-03;1075;2446;277;358888;331809;937;68.9;63.7;0.2
26;2021-09-04;406;703;84;359294;332512;1021;69.0;63.9;0.2
26;2021-09-05;46;49;10;359340;332561;1031;69.0;63.9;0.2
26;2021-09-06;672;1383;380;360012;333944;1411;69.2;64.2;0.3
26;2021-09-07;773;1561;335;360785;335505;1746;69.3;64.5;0.3
26;2021-09-08;819;1683;286;361604;337188;2032;69.5;64.8;0.4
26;2021-09-09;585;1348;319;362189;338536;2351;69.6;65.0;0.5
26;2021-09-10;776;1740;313;362965;340276;2664;69.7;65.4;0.5
26;2021-09-11;306;698;81;363271;340974;2745;69.8;65.5;0.5
26;2021-09-12;14;24;2;363285;340998;2747;69.8;65.5;0.5
26;2021-09-13;536;1204;414;363821;342202;3161;69.9;65.7;0.6
26;2021-09-14;676;1279;423;364497;343481;3584;70.0;66.0;0.7
26;2021-09-15;683;1709;470;365180;345190;4054;70.2;66.3;0.8
26;2021-09-16;525;977;421;365705;346167;4475;70.3;66.5;0.9
26;2021-09-17;611;1650;424;366316;347817;4899;70.4;66.8;0.9
26;2021-09-18;234;661;100;366550;348478;4999;70.4;66.9;1.0
26;2021-09-19;5;36;1;366555;348514;5000;70.4;66.9;1.0
26;2021-09-20;324;1013;491;366879;349527;5491;70.5;67.1;1.1
26;2021-09-21;371;966;425;367250;350493;5916;70.5;67.3;1.1
26;2021-09-22;394;1406;455;367644;351899;6371;70.6;67.6;1.2
26;2021-09-23;352;773;265;367996;352672;6636;70.7;67.7;1.3
26;2021-09-24;431;1357;478;368427;354029;7114;70.8;68.0;1.4
26;2021-09-25;161;536;69;368588;354565;7183;70.8;68.1;1.4
26;2021-09-26;11;30;1;368599;354595;7184;70.8;68.1;1.4
26;2021-09-27;289;730;389;368888;355325;7573;70.9;68.3;1.5
26;2021-09-28;223;633;325;369111;355958;7898;70.9;68.4;1.5
26;2021-09-29;353;1019;338;369464;356977;8236;71.0;68.6;1.6
26;2021-09-30;231;573;461;369695;357550;8697;71.0;68.7;1.7
26;2021-10-01;461;936;564;370156;358486;9261;71.1;68.9;1.8
26;2021-10-02;189;308;99;370345;358794;9360;71.1;68.9;1.8
26;2021-10-03;11;19;3;370356;358813;9363;71.1;68.9;1.8
26;2021-10-04;313;577;554;370669;359390;9917;71.2;69.0;1.9
26;2021-10-05;162;512;536;370831;359902;10453;71.2;69.1;2.0
26;2021-10-06;386;784;575;371217;360686;11028;71.3;69.3;2.1
26;2021-10-07;196;423;472;371413;361109;11500;71.3;69.4;2.2
26;2021-10-08;373;807;670;371786;361916;12170;71.4;69.5;2.3
26;2021-10-09;181;276;165;371967;362192;12335;71.5;69.6;2.4
26;2021-10-10;2;22;3;371969;362214;12338;71.5;69.6;2.4
26;2021-10-11;242;498;763;372211;362712;13101;71.5;69.7;2.5
26;2021-10-12;200;358;548;372411;363070;13649;71.5;69.7;2.6
26;2021-10-13;301;565;684;372712;363635;14333;71.6;69.9;2.8
26;2021-10-14;213;411;594;372925;364046;14927;71.6;69.9;2.9
26;2021-10-15;383;588;816;373308;364634;15743;71.7;70.0;3.0
26;2021-10-16;168;166;178;373476;364800;15921;71.7;70.1;3.1
26;2021-10-17;7;13;13;373483;364813;15934;71.7;70.1;3.1
26;2021-10-18;226;368;758;373709;365181;16692;71.8;70.2;3.2
26;2021-10-19;90;201;529;373799;365382;17221;71.8;70.2;3.3
26;2021-10-20;174;356;708;373973;365738;17929;71.8;70.3;3.4
26;2021-10-21;144;305;887;374117;366043;18816;71.9;70.3;3.6
26;2021-10-22;146;450;826;374263;366493;19642;71.9;70.4;3.8
26;2021-10-23;75;122;122;374338;366615;19764;71.9;70.4;3.8
26;2021-10-24;3;16;12;374341;366631;19776;71.9;70.4;3.8
26;2021-10-25;151;334;888;374492;366965;20664;71.9;70.5;4.0
26;2021-10-26;105;158;649;374597;367123;21313;72.0;70.5;4.1
26;2021-10-27;160;364;902;374757;367487;22215;72.0;70.6;4.3
26;2021-10-28;148;204;953;374905;367691;23168;72.0;70.6;4.5
26;2021-10-29;147;343;877;375052;368034;24045;72.0;70.7;4.6
26;2021-10-30;54;126;309;375106;368160;24354;72.1;70.7;4.7
26;2021-10-31;1;3;3;375107;368163;24357;72.1;70.7;4.7
26;2021-11-01;19;9;16;375126;368172;24373;72.1;70.7;4.7
26;2021-11-02;86;216;729;375212;368388;25102;72.1;70.8;4.8
26;2021-11-03;152;409;1123;375364;368797;26225;72.1;70.8;5.0
26;2021-11-04;106;216;1178;375470;369013;27403;72.1;70.9;5.3
26;2021-11-05;152;294;963;375622;369307;28366;72.2;70.9;5.4
26;2021-11-06;74;158;331;375696;369465;28697;72.2;71.0;5.5
26;2021-11-07;0;12;4;375696;369477;28701;72.2;71.0;5.5
26;2021-11-08;101;255;1250;375797;369732;29951;72.2;71.0;5.8
26;2021-11-09;96;168;1073;375893;369900;31024;72.2;71.1;6.0
26;2021-11-10;167;253;1739;376060;370153;32763;72.2;71.1;6.3
26;2021-11-11;9;16;20;376069;370169;32783;72.2;71.1;6.3
26;2021-11-12;122;236;1390;376191;370405;34173;72.3;71.2;6.6
26;2021-11-13;48;85;428;376239;370490;34601;72.3;71.2;6.6
26;2021-11-14;4;7;4;376243;370497;34605;72.3;71.2;6.6
26;2021-11-15;136;168;1794;376379;370665;36399;72.3;71.2;7.0
26;2021-11-16;116;153;1707;376495;370818;38106;72.3;71.2;7.3
26;2021-11-17;202;245;1836;376697;371063;39942;72.4;71.3;7.7
26;2021-11-18;117;157;1685;376814;371220;41627;72.4;71.3;8.0
26;2021-11-19;158;177;1652;376972;371397;43279;72.4;71.3;8.3
26;2021-11-20;88;102;709;377060;371499;43988;72.4;71.4;8.5
26;2021-11-21;16;21;262;377076;371520;44250;72.4;71.4;8.5
26;2021-11-22;91;76;1767;377167;371596;46017;72.5;71.4;8.8
26;2021-11-23;122;115;2078;377289;371711;48095;72.5;71.4;9.2
26;2021-11-24;170;176;2111;377459;371887;50206;72.5;71.4;9.6
26;2021-11-25;137;125;2198;377596;372012;52404;72.5;71.5;10.1
26;2021-11-26;174;192;2973;377770;372204;55377;72.6;71.5;10.6
26;2021-11-27;82;115;1023;377852;372319;56400;72.6;71.5;10.8
26;2021-11-28;3;6;33;377855;372325;56433;72.6;71.5;10.8
26;2021-11-29;89;109;3122;377944;372434;59555;72.6;71.5;11.4
26;2021-11-30;118;105;3588;378062;372539;63143;72.6;71.6;12.1
26;2021-12-01;130;172;4242;378192;372711;67385;72.7;71.6;12.9
26;2021-12-02;101;109;3851;378293;372820;71236;72.7;71.6;13.7
26;2021-12-03;101;151;4542;378394;372971;75778;72.7;71.6;14.6
26;2021-12-04;75;75;1914;378469;373046;77692;72.7;71.7;14.9
26;2021-12-05;13;25;841;378482;373071;78533;72.7;71.7;15.1
26;2021-12-06;102;167;4151;378584;373238;82684;72.7;71.7;15.9
26;2021-12-07;128;158;5414;378712;373396;88098;72.8;71.7;16.9
26;2021-12-08;159;193;5547;378871;373589;93645;72.8;71.8;18.0
26;2021-12-09;135;143;5982;379006;373732;99627;72.8;71.8;19.1
26;2021-12-10;121;161;6106;379127;373893;105733;72.8;71.8;20.3
26;2021-12-11;86;78;2732;379213;373971;108465;72.8;71.8;20.8
26;2021-12-12;23;12;464;379236;373983;108929;72.9;71.8;20.9
26;2021-12-13;116;150;5414;379352;374133;114343;72.9;71.9;22.0
26;2021-12-14;144;170;6687;379496;374303;121030;72.9;71.9;23.2
26;2021-12-15;161;196;6234;379657;374499;127264;72.9;71.9;24.4
26;2021-12-16;156;176;6543;379813;374675;133807;73.0;72.0;25.7
26;2021-12-17;144;205;6337;379957;374880;140144;73.0;72.0;26.9
26;2021-12-18;188;147;4308;380145;375027;144452;73.0;72.0;27.7
26;2021-12-19;101;45;2353;380246;375072;146805;73.0;72.1;28.2
26;2021-12-20;163;184;4974;380409;375256;151779;73.1;72.1;29.2
26;2021-12-21;201;161;5351;380610;375417;157130;73.1;72.1;30.2
26;2021-12-22;168;141;4289;380778;375558;161419;73.1;72.1;31.0
27;2020-12-27;0;0;0;0;0;0;0.0;0.0;0.0
27;2020-12-28;0;0;0;0;0;0;0.0;0.0;0.0
27;2020-12-29;1;0;0;1;0;0;0.0;0.0;0.0
27;2020-12-30;0;0;0;1;0;0;0.0;0.0;0.0
27;2020-12-31;0;0;0;1;0;0;0.0;0.0;0.0
27;2021-01-01;0;0;0;1;0;0;0.0;0.0;0.0
27;2021-01-02;0;0;0;1;0;0;0.0;0.0;0.0
27;2021-01-03;1;0;0;2;0;0;0.0;0.0;0.0
27;2021-01-04;4;0;0;6;0;0;0.0;0.0;0.0
27;2021-01-05;23;0;0;29;0;0;0.0;0.0;0.0
27;2021-01-06;200;0;0;229;0;0;0.0;0.0;0.0
27;2021-01-07;465;0;0;694;0;0;0.1;0.0;0.0
27;2021-01-08;501;3;0;1195;3;0;0.2;0.0;0.0
27;2021-01-09;92;2;0;1287;5;0;0.2;0.0;0.0
27;2021-01-10;103;0;0;1390;5;0;0.2;0.0;0.0
27;2021-01-11;406;0;0;1796;5;0;0.3;0.0;0.0
27;2021-01-12;492;2;0;2288;7;0;0.4;0.0;0.0
27;2021-01-13;844;3;0;3132;10;0;0.5;0.0;0.0
27;2021-01-14;1646;32;0;4778;42;0;0.8;0.0;0.0
27;2021-01-15;1218;8;0;5996;50;0;1.0;0.0;0.0
27;2021-01-16;309;2;0;6305;52;0;1.0;0.0;0.0
27;2021-01-17;220;2;0;6525;54;0;1.1;0.0;0.0
27;2021-01-18;788;5;0;7313;59;0;1.2;0.0;0.0
27;2021-01-19;871;5;0;8184;64;0;1.4;0.0;0.0
27;2021-01-20;906;1;0;9090;65;0;1.5;0.0;0.0
27;2021-01-21;710;6;0;9800;71;0;1.6;0.0;0.0
27;2021-01-22;807;6;0;10607;77;0;1.8;0.0;0.0
27;2021-01-23;328;0;0;10935;77;0;1.8;0.0;0.0
27;2021-01-24;137;4;0;11072;81;0;1.8;0.0;0.0
27;2021-01-25;621;16;0;11693;97;0;1.9;0.0;0.0
27;2021-01-26;546;27;0;12239;124;0;2.0;0.0;0.0
27;2021-01-27;569;133;0;12808;257;0;2.1;0.0;0.0
27;2021-01-28;593;339;0;13401;596;0;2.2;0.1;0.0
27;2021-01-29;530;146;0;13931;742;0;2.3;0.1;0.0
27;2021-01-30;224;29;0;14155;771;0;2.4;0.1;0.0
27;2021-01-31;27;26;0;14182;797;0;2.4;0.1;0.0
27;2021-02-01;382;242;0;14564;1039;0;2.4;0.2;0.0
27;2021-02-02;324;327;0;14888;1366;0;2.5;0.2;0.0
27;2021-02-03;461;404;0;15349;1770;0;2.6;0.3;0.0
27;2021-02-04;719;912;0;16068;2682;0;2.7;0.4;0.0
27;2021-02-05;668;1059;0;16736;3741;0;2.8;0.6;0.0
27;2021-02-06;72;211;0;16808;3952;0;2.8;0.7;0.0
27;2021-02-07;43;103;0;16851;4055;0;2.8;0.7;0.0
27;2021-02-08;389;437;0;17240;4492;0;2.9;0.7;0.0
27;2021-02-09;381;584;0;17621;5076;0;2.9;0.8;0.0
27;2021-02-10;350;543;0;17971;5619;0;3.0;0.9;0.0
27;2021-02-11;384;536;0;18355;6155;0;3.1;1.0;0.0
27;2021-02-12;353;598;0;18708;6753;0;3.1;1.1;0.0
27;2021-02-13;139;128;0;18847;6881;0;3.1;1.1;0.0
27;2021-02-14;7;85;0;18854;6966;0;3.1;1.2;0.0
27;2021-02-15;403;645;0;19257;7611;0;3.2;1.3;0.0
27;2021-02-16;349;776;0;19606;8387;0;3.3;1.4;0.0
27;2021-02-17;288;691;0;19894;9078;0;3.3;1.5;0.0
27;2021-02-18;388;754;0;20282;9832;0;3.4;1.6;0.0
27;2021-02-19;287;713;0;20569;10545;0;3.4;1.8;0.0
27;2021-02-20;127;230;0;20696;10775;0;3.4;1.8;0.0
27;2021-02-21;11;122;0;20707;10897;0;3.4;1.8;0.0
27;2021-02-22;450;622;0;21157;11519;0;3.5;1.9;0.0
27;2021-02-23;453;656;0;21610;12175;0;3.6;2.0;0.0
27;2021-02-24;431;640;0;22041;12815;0;3.7;2.1;0.0
27;2021-02-25;789;725;0;22830;13540;0;3.8;2.3;0.0
27;2021-02-26;798;718;0;23628;14258;0;3.9;2.4;0.0
27;2021-02-27;367;152;0;23995;14410;0;4.0;2.4;0.0
27;2021-02-28;105;24;0;24100;14434;0;4.0;2.4;0.0
27;2021-03-01;402;518;0;24502;14952;0;4.1;2.5;0.0
27;2021-03-02;679;412;0;25181;15364;0;4.2;2.6;0.0
27;2021-03-03;761;387;0;25942;15751;0;4.3;2.6;0.0
27;2021-03-04;868;275;0;26810;16026;0;4.5;2.7;0.0
27;2021-03-05;1367;294;0;28177;16320;0;4.7;2.7;0.0
27;2021-03-06;1437;99;0;29614;16419;0;4.9;2.7;0.0
27;2021-03-07;508;22;0;30122;16441;0;5.0;2.7;0.0
27;2021-03-08;1066;345;0;31188;16786;0;5.2;2.8;0.0
27;2021-03-09;1658;312;0;32846;17098;0;5.5;2.8;0.0
27;2021-03-10;1912;372;0;34758;17470;0;5.8;2.9;0.0
27;2021-03-11;1942;270;0;36700;17740;0;6.1;3.0;0.0
27;2021-03-12;2726;258;0;39426;17998;0;6.6;3.0;0.0
27;2021-03-13;1753;111;0;41179;18109;0;6.9;3.0;0.0
27;2021-03-14;544;17;0;41723;18126;0;6.9;3.0;0.0
27;2021-03-15;1418;216;0;43141;18342;0;7.2;3.1;0.0
27;2021-03-16;1311;245;0;44452;18587;0;7.4;3.1;0.0
27;2021-03-17;1507;334;0;45959;18921;0;7.7;3.1;0.0
27;2021-03-18;1400;344;0;47359;19265;0;7.9;3.2;0.0
27;2021-03-19;1656;193;0;49015;19458;0;8.2;3.2;0.0
27;2021-03-20;909;50;0;49924;19508;0;8.3;3.2;0.0
27;2021-03-21;296;6;0;50220;19514;0;8.4;3.2;0.0
27;2021-03-22;1291;420;0;51511;19934;0;8.6;3.3;0.0
27;2021-03-23;1769;395;0;53280;20329;0;8.9;3.4;0.0
27;2021-03-24;1678;377;0;54958;20706;0;9.1;3.4;0.0
27;2021-03-25;2231;394;0;57189;21100;0;9.5;3.5;0.0
27;2021-03-26;2800;358;0;59989;21458;0;10.0;3.6;0.0
27;2021-03-27;1646;162;0;61635;21620;0;10.3;3.6;0.0
27;2021-03-28;1047;41;0;62682;21661;0;10.4;3.6;0.0
27;2021-03-29;1675;653;0;64357;22314;0;10.7;3.7;0.0
27;2021-03-30;1744;724;0;66101;23038;0;11.0;3.8;0.0
27;2021-03-31;1830;745;0;67931;23783;0;11.3;4.0;0.0
27;2021-04-01;2417;711;0;70348;24494;0;11.7;4.1;0.0
27;2021-04-02;2278;1000;0;72626;25494;0;12.1;4.2;0.0
27;2021-04-03;1570;576;0;74196;26070;0;12.4;4.3;0.0
27;2021-04-04;879;154;0;75075;26224;0;12.5;4.4;0.0
27;2021-04-05;432;35;0;75507;26259;0;12.6;4.4;0.0
27;2021-04-06;1668;1437;0;77175;27696;0;12.8;4.6;0.0
27;2021-04-07;1669;1457;0;78844;29153;0;13.1;4.9;0.0
27;2021-04-08;2137;1438;0;80981;30591;0;13.5;5.1;0.0
27;2021-04-09;3321;1354;0;84302;31945;0;14.0;5.3;0.0
27;2021-04-10;2244;830;0;86546;32775;0;14.4;5.5;0.0
27;2021-04-11;918;216;0;87464;32991;0;14.6;5.5;0.0
27;2021-04-12;2641;1318;0;90105;34309;0;15.0;5.7;0.0
27;2021-04-13;2655;1404;0;92760;35713;0;15.4;5.9;0.0
27;2021-04-14;2279;1340;0;95039;37053;0;15.8;6.2;0.0
27;2021-04-15;2156;1460;0;97195;38513;0;16.2;6.4;0.0
27;2021-04-16;3061;1099;0;100256;39612;0;16.7;6.6;0.0
27;2021-04-17;2192;471;0;102448;40083;0;17.1;6.7;0.0
27;2021-04-18;408;27;0;102856;40110;0;17.1;6.7;0.0
27;2021-04-19;1823;1257;0;104679;41367;0;17.4;6.9;0.0
27;2021-04-20;2426;1371;0;107105;42738;0;17.8;7.1;0.0
27;2021-04-21;2247;1265;0;109352;44003;0;18.2;7.3;0.0
27;2021-04-22;2301;1543;0;111653;45546;0;18.6;7.6;0.0
27;2021-04-23;2640;1378;0;114293;46924;0;19.0;7.8;0.0
27;2021-04-24;3195;1206;0;117488;48130;0;19.6;8.0;0.0
27;2021-04-25;921;942;0;118409;49072;0;19.7;8.2;0.0
27;2021-04-26;1993;1348;0;120402;50420;0;20.0;8.4;0.0
27;2021-04-27;2545;1405;0;122947;51825;0;20.5;8.6;0.0
27;2021-04-28;2488;1578;0;125435;53403;0;20.9;8.9;0.0
27;2021-04-29;2558;1738;0;127993;55141;0;21.3;9.2;0.0
27;2021-04-30;2631;1829;0;130624;56970;0;21.7;9.5;0.0
27;2021-05-01;2656;884;0;133280;57854;0;22.2;9.6;0.0
27;2021-05-02;1434;787;0;134714;58641;0;22.4;9.8;0.0
27;2021-05-03;2935;1206;0;137649;59847;0;22.9;10.0;0.0
27;2021-05-04;2785;1952;0;140434;61799;0;23.4;10.3;0.0
27;2021-05-05;2886;1960;0;143320;63759;0;23.9;10.6;0.0
27;2021-05-06;3168;1629;0;146488;65388;0;24.4;10.9;0.0
27;2021-05-07;3250;2343;0;149738;67731;0;24.9;11.3;0.0
27;2021-05-08;2756;1380;0;152494;69111;0;25.4;11.5;0.0
27;2021-05-09;1295;318;0;153789;69429;0;25.6;11.6;0.0
27;2021-05-10;2870;2487;0;156659;71916;0;26.1;12.0;0.0
27;2021-05-11;3239;2131;0;159898;74047;0;26.6;12.3;0.0
27;2021-05-12;3380;1883;0;163278;75930;0;27.2;12.6;0.0
27;2021-05-13;2391;361;0;165669;76291;0;27.6;12.7;0.0
27;2021-05-14;3799;1902;0;169468;78193;0;28.2;13.0;0.0
27;2021-05-15;5709;919;0;175177;79112;0;29.2;13.2;0.0
27;2021-05-16;2991;346;0;178168;79458;0;29.7;13.2;0.0
27;2021-05-17;2865;1321;0;181033;80779;0;30.1;13.4;0.0
27;2021-05-18;3721;1425;0;184754;82204;0;30.8;13.7;0.0
27;2021-05-19;3942;1255;0;188696;83459;0;31.4;13.9;0.0
27;2021-05-20;3966;1275;0;192662;84734;0;32.1;14.1;0.0
27;2021-05-21;3882;1837;0;196544;86571;0;32.7;14.4;0.0
27;2021-05-22;4146;843;0;200690;87414;0;33.4;14.6;0.0
27;2021-05-23;1073;173;0;201763;87587;0;33.6;14.6;0.0
27;2021-05-24;1827;411;0;203590;87998;0;33.9;14.6;0.0
27;2021-05-25;3309;1690;0;206899;89688;0;34.4;14.9;0.0
27;2021-05-26;3627;1809;0;210526;91497;0;35.0;15.2;0.0
27;2021-05-27;3605;1618;0;214131;93115;0;35.6;15.5;0.0
27;2021-05-28;3529;2725;0;217660;95840;0;36.2;16.0;0.0
27;2021-05-29;4192;2167;0;221852;98007;0;36.9;16.3;0.0
27;2021-05-30;984;247;0;222836;98254;0;37.1;16.4;0.0
27;2021-05-31;3300;2372;0;226136;100626;0;37.6;16.8;0.0
27;2021-06-01;3929;2308;0;230065;102934;0;38.3;17.1;0.0
27;2021-06-02;3521;2159;0;233586;105093;0;38.9;17.5;0.0
27;2021-06-03;4445;2145;0;238031;107238;0;39.6;17.9;0.0
27;2021-06-04;3781;3053;0;241812;110291;0;40.3;18.4;0.0
27;2021-06-05;3083;3154;0;244895;113445;0;40.8;18.9;0.0
27;2021-06-06;1543;761;0;246438;114206;0;41.0;19.0;0.0
27;2021-06-07;2958;2336;0;249396;116542;0;41.5;19.4;0.0
27;2021-06-08;3563;2463;0;252959;119005;0;42.1;19.8;0.0
27;2021-06-09;2629;2490;0;255588;121495;0;42.5;20.2;0.0
27;2021-06-10;2920;2154;0;258508;123649;0;43.0;20.6;0.0
27;2021-06-11;3461;3789;0;261969;127438;0;43.6;21.2;0.0
27;2021-06-12;2374;3963;0;264343;131401;0;44.0;21.9;0.0
27;2021-06-13;1089;2119;0;265432;133520;0;44.2;22.2;0.0
27;2021-06-14;2250;3176;0;267682;136696;0;44.6;22.8;0.0
27;2021-06-15;2934;3244;0;270616;139940;0;45.1;23.3;0.0
27;2021-06-16;2821;3366;0;273437;143306;0;45.5;23.9;0.0
27;2021-06-17;2676;3333;0;276113;146639;0;46.0;24.4;0.0
27;2021-06-18;3153;4433;0;279266;151072;0;46.5;25.1;0.0
27;2021-06-19;2224;2999;0;281490;154071;0;46.9;25.6;0.0
27;2021-06-20;668;711;0;282158;154782;0;47.0;25.8;0.0
27;2021-06-21;1924;3569;0;284082;158351;0;47.3;26.4;0.0
27;2021-06-22;2564;3881;0;286646;162232;0;47.7;27.0;0.0
27;2021-06-23;2111;3697;0;288757;165929;0;48.1;27.6;0.0
27;2021-06-24;2380;3462;0;291137;169391;0;48.5;28.2;0.0
27;2021-06-25;2106;4516;0;293243;173907;0;48.8;29.0;0.0
27;2021-06-26;1136;4920;0;294379;178827;0;49.0;29.8;0.0
27;2021-06-27;419;1551;0;294798;180378;0;49.1;30.0;0.0
27;2021-06-28;1435;3810;0;296233;184188;0;49.3;30.7;0.0
27;2021-06-29;1807;4536;0;298040;188724;0;49.6;31.4;0.0
27;2021-06-30;2205;4335;0;300245;193059;0;50.0;32.1;0.0
27;2021-07-01;2436;4035;0;302681;197094;0;50.4;32.8;0.0
27;2021-07-02;1771;5040;0;304452;202134;0;50.7;33.7;0.0
27;2021-07-03;1371;4616;0;305823;206750;0;50.9;34.4;0.0
27;2021-07-04;500;1542;0;306323;208292;0;51.0;34.7;0.0
27;2021-07-05;1719;3895;0;308042;212187;0;51.3;35.3;0.0
27;2021-07-06;1636;4238;0;309678;216425;0;51.6;36.0;0.0
27;2021-07-07;2011;4860;0;311689;221285;0;51.9;36.8;0.0
27;2021-07-08;2310;4401;0;313999;225686;0;52.3;37.6;0.0
27;2021-07-09;2264;5393;0;316263;231079;0;52.7;38.5;0.0
27;2021-07-10;1282;4243;0;317545;235322;0;52.9;39.2;0.0
27;2021-07-11;409;1033;0;317954;236355;0;52.9;39.3;0.0
27;2021-07-12;1385;4482;0;319339;240837;0;53.2;40.1;0.0
27;2021-07-13;2865;5555;0;322204;246392;0;53.6;41.0;0.0
27;2021-07-14;1881;2172;0;324085;248564;0;54.0;41.4;0.0
27;2021-07-15;3391;5617;0;327476;254181;0;54.5;42.3;0.0
27;2021-07-16;4013;5491;0;331489;259672;0;55.2;43.2;0.0
27;2021-07-17;3025;4007;0;334514;263679;0;55.7;43.9;0.0
27;2021-07-18;620;1166;0;335134;264845;0;55.8;44.1;0.0
27;2021-07-19;3403;4475;0;338537;269320;0;56.4;44.8;0.0
27;2021-07-20;3465;4334;0;342002;273654;0;56.9;45.6;0.0
27;2021-07-21;4057;4432;0;346059;278086;0;57.6;46.3;0.0
27;2021-07-22;4742;4321;0;350801;282407;0;58.4;47.0;0.0
27;2021-07-23;3964;4190;0;354765;286597;0;59.1;47.7;0.0
27;2021-07-24;3374;2761;0;358139;289358;0;59.6;48.2;0.0
27;2021-07-25;556;608;0;358695;289966;0;59.7;48.3;0.0
27;2021-07-26;3320;3831;0;362015;293797;0;60.3;48.9;0.0
27;2021-07-27;3908;3665;0;365923;297462;0;60.9;49.5;0.0
27;2021-07-28;3862;3669;0;369785;301131;0;61.6;50.1;0.0
27;2021-07-29;4854;3726;0;374639;304857;0;62.4;50.8;0.0
27;2021-07-30;4212;3694;0;378851;308551;0;63.1;51.4;0.0
27;2021-07-31;3212;2841;0;382063;311392;0;63.6;51.8;0.0
27;2021-08-01;572;581;0;382635;311973;0;63.7;51.9;0.0
27;2021-08-02;3500;2895;0;386135;314868;0;64.3;52.4;0.0
27;2021-08-03;3686;3048;0;389821;317916;0;64.9;52.9;0.0
27;2021-08-04;3467;2680;0;393288;320596;0;65.5;53.4;0.0
27;2021-08-05;3141;2800;0;396429;323396;0;66.0;53.8;0.0
27;2021-08-06;3593;3535;0;400022;326931;0;66.6;54.4;0.0
27;2021-08-07;2259;2648;0;402281;329579;0;67.0;54.9;0.0
27;2021-08-08;376;332;0;402657;329911;0;67.0;54.9;0.0
27;2021-08-09;2629;3312;0;405286;333223;0;67.5;55.5;0.0
27;2021-08-10;3023;3461;0;408309;336684;0;68.0;56.0;0.0
27;2021-08-11;2841;3028;0;411150;339712;0;68.4;56.6;0.0
27;2021-08-12;2560;3697;0;413710;343409;0;68.9;57.2;0.0
27;2021-08-13;2022;2945;0;415732;346354;0;69.2;57.7;0.0
27;2021-08-14;1336;2852;0;417068;349206;0;69.4;58.1;0.0
27;2021-08-15;114;134;0;417182;349340;0;69.5;58.2;0.0
27;2021-08-16;1867;3994;0;419049;353334;0;69.8;58.8;0.0
27;2021-08-17;2023;3597;0;421072;356931;0;70.1;59.4;0.0
27;2021-08-18;1744;3294;0;422816;360225;0;70.4;60.0;0.0
27;2021-08-19;1839;3671;0;424655;363896;0;70.7;60.6;0.0
27;2021-08-20;1699;3788;0;426354;367684;0;71.0;61.2;0.0
27;2021-08-21;1077;2791;0;427431;370475;0;71.2;61.7;0.0
27;2021-08-22;201;323;0;427632;370798;0;71.2;61.7;0.0
27;2021-08-23;1226;3960;0;428858;374758;0;71.4;62.4;0.0
27;2021-08-24;1469;3990;0;430327;378748;0;71.6;63.1;0.0
27;2021-08-25;1598;3496;0;431925;382244;0;71.9;63.6;0.0
27;2021-08-26;1185;3078;0;433110;385322;0;72.1;64.1;0.0
27;2021-08-27;1302;3631;0;434412;388953;0;72.3;64.8;0.0
27;2021-08-28;969;2993;0;435381;391946;0;72.5;65.2;0.0
27;2021-08-29;114;316;0;435495;392262;0;72.5;65.3;0.0
27;2021-08-30;1008;3656;39;436503;395918;39;72.7;65.9;0.0
27;2021-08-31;1256;3535;115;437759;399453;154;72.9;66.5;0.0
27;2021-09-01;1155;3189;238;438914;402642;392;73.1;67.0;0.1
27;2021-09-02;929;2428;267;439843;405070;659;73.2;67.4;0.1
27;2021-09-03;924;2507;286;440767;407577;945;73.4;67.9;0.2
27;2021-09-04;792;2093;136;441559;409670;1081;73.5;68.2;0.2
27;2021-09-05;85;260;11;441644;409930;1092;73.5;68.2;0.2
27;2021-09-06;617;1719;351;442261;411649;1443;73.6;68.5;0.2
27;2021-09-07;715;2115;267;442976;413764;1710;73.7;68.9;0.3
27;2021-09-08;788;2328;289;443764;416092;1999;73.9;69.3;0.3
27;2021-09-09;665;1718;268;444429;417810;2267;74.0;69.6;0.4
27;2021-09-10;904;2049;438;445333;419859;2705;74.1;69.9;0.5
27;2021-09-11;619;1872;130;445952;421731;2835;74.2;70.2;0.5
27;2021-09-12;67;209;14;446019;421940;2849;74.3;70.2;0.5
27;2021-09-13;441;1134;406;446460;423074;3255;74.3;70.4;0.5
27;2021-09-14;615;1152;427;447075;424226;3682;74.4;70.6;0.6
27;2021-09-15;606;1714;381;447681;425940;4063;74.5;70.9;0.7
27;2021-09-16;596;1148;379;448277;427088;4442;74.6;71.1;0.7
27;2021-09-17;773;1401;400;449050;428489;4842;74.8;71.3;0.8
27;2021-09-18;362;1283;154;449412;429772;4996;74.8;71.5;0.8
27;2021-09-19;59;193;26;449471;429965;5022;74.8;71.6;0.8
27;2021-09-20;305;912;496;449776;430877;5518;74.9;71.7;0.9
27;2021-09-21;412;966;475;450188;431843;5993;74.9;71.9;1.0
27;2021-09-22;326;1148;446;450514;432991;6439;75.0;72.1;1.1
27;2021-09-23;388;795;723;450902;433786;7162;75.1;72.2;1.2
27;2021-09-24;623;1264;521;451525;435050;7683;75.2;72.4;1.3
27;2021-09-25;278;1101;186;451803;436151;7869;75.2;72.6;1.3
27;2021-09-26;18;33;21;451821;436184;7890;75.2;72.6;1.3
27;2021-09-27;216;589;417;452037;436773;8307;75.3;72.7;1.4
27;2021-09-28;314;772;579;452351;437545;8886;75.3;72.8;1.5
27;2021-09-29;266;791;397;452617;438336;9283;75.3;73.0;1.5
27;2021-09-30;173;551;329;452790;438887;9612;75.4;73.1;1.6
27;2021-10-01;452;994;596;453242;439881;10208;75.5;73.2;1.7
27;2021-10-02;363;828;313;453605;440709;10521;75.5;73.4;1.8
27;2021-10-03;14;28;28;453619;440737;10549;75.5;73.4;1.8
27;2021-10-04;243;431;473;453862;441168;11022;75.6;73.4;1.8
27;2021-10-05;317;513;599;454179;441681;11621;75.6;73.5;1.9
27;2021-10-06;308;678;598;454487;442359;12219;75.7;73.6;2.0
27;2021-10-07;162;321;475;454649;442680;12694;75.7;73.7;2.1
27;2021-10-08;369;826;929;455018;443506;13623;75.7;73.8;2.3
27;2021-10-09;283;559;314;455301;444065;13937;75.8;73.9;2.3
27;2021-10-10;18;49;21;455319;444114;13958;75.8;73.9;2.3
27;2021-10-11;225;429;412;455544;444543;14370;75.8;74.0;2.4
27;2021-10-12;271;442;925;455815;444985;15295;75.9;74.1;2.5
27;2021-10-13;308;462;662;456123;445447;15957;75.9;74.2;2.7
27;2021-10-14;159;399;618;456282;445846;16575;76.0;74.2;2.8
27;2021-10-15;391;810;976;456673;446656;17551;76.0;74.4;2.9
27;2021-10-16;323;455;545;456996;447111;18096;76.1;74.4;3.0
27;2021-10-17;27;36;43;457023;447147;18139;76.1;74.4;3.0
27;2021-10-18;210;293;556;457233;447440;18695;76.1;74.5;3.1
27;2021-10-19;220;373;884;457453;447813;19579;76.2;74.6;3.3
27;2021-10-20;255;374;785;457708;448187;20364;76.2;74.6;3.4
27;2021-10-21;165;391;938;457873;448578;21302;76.2;74.7;3.5
27;2021-10-22;279;503;1194;458152;449081;22496;76.3;74.8;3.7
27;2021-10-23;211;436;481;458363;449517;22977;76.3;74.8;3.8
27;2021-10-24;7;12;35;458370;449529;23012;76.3;74.8;3.8
27;2021-10-25;168;215;645;458538;449744;23657;76.3;74.9;3.9
27;2021-10-26;174;252;850;458712;449996;24507;76.4;74.9;4.1
27;2021-10-27;189;320;822;458901;450316;25329;76.4;75.0;4.2
27;2021-10-28;139;177;746;459040;450493;26075;76.4;75.0;4.3
27;2021-10-29;257;440;1256;459297;450933;27331;76.5;75.1;4.5
27;2021-10-30;156;231;438;459453;451164;27769;76.5;75.1;4.6
27;2021-10-31;6;13;13;459459;451177;27782;76.5;75.1;4.6
27;2021-11-01;21;13;22;459480;451190;27804;76.5;75.1;4.6
27;2021-11-02;196;289;855;459676;451479;28659;76.5;75.2;4.8
27;2021-11-03;187;362;1080;459863;451841;29739;76.6;75.2;5.0
27;2021-11-04;168;201;751;460031;452042;30490;76.6;75.3;5.1
27;2021-11-05;255;345;1476;460286;452387;31966;76.6;75.3;5.3
27;2021-11-06;202;358;695;460488;452745;32661;76.7;75.4;5.4
27;2021-11-07;22;30;83;460510;452775;32744;76.7;75.4;5.5
27;2021-11-08;127;208;1044;460637;452983;33788;76.7;75.4;5.6
27;2021-11-09;181;284;1434;460818;453267;35222;76.7;75.5;5.9
27;2021-11-10;242;324;1720;461060;453591;36942;76.8;75.5;6.1
27;2021-11-11;11;12;36;461071;453603;36978;76.8;75.5;6.2
27;2021-11-12;219;290;1625;461290;453893;38603;76.8;75.6;6.4
27;2021-11-13;199;260;893;461489;454153;39496;76.8;75.6;6.6
27;2021-11-14;11;19;51;461500;454172;39547;76.8;75.6;6.6
27;2021-11-15;130;181;1328;461630;454353;40875;76.9;75.6;6.8
27;2021-11-16;182;231;2413;461812;454584;43288;76.9;75.7;7.2
27;2021-11-17;231;247;1909;462043;454831;45197;76.9;75.7;7.5
27;2021-11-18;148;133;1390;462191;454964;46587;76.9;75.7;7.8
27;2021-11-19;230;274;2212;462421;455238;48799;77.0;75.8;8.1
27;2021-11-20;234;269;914;462655;455507;49713;77.0;75.8;8.3
27;2021-11-21;3;7;69;462658;455514;49782;77.0;75.8;8.3
27;2021-11-22;187;108;1645;462845;455622;51427;77.1;75.9;8.6
27;2021-11-23;229;195;2497;463074;455817;53924;77.1;75.9;9.0
27;2021-11-24;257;277;2253;463331;456094;56177;77.1;75.9;9.4
27;2021-11-25;124;123;1751;463455;456217;57928;77.2;75.9;9.6
27;2021-11-26;232;298;3275;463687;456515;61203;77.2;76.0;10.2
27;2021-11-27;199;261;1714;463886;456776;62917;77.2;76.0;10.5
27;2021-11-28;10;16;150;463896;456792;63067;77.2;76.0;10.5
27;2021-11-29;141;139;2921;464037;456931;65988;77.3;76.1;11.0
27;2021-11-30;184;194;5113;464221;457125;71101;77.3;76.1;11.8
27;2021-12-01;187;224;4656;464408;457349;75757;77.3;76.1;12.6
27;2021-12-02;165;100;4436;464573;457449;80193;77.3;76.2;13.4
27;2021-12-03;168;247;5788;464741;457696;85981;77.4;76.2;14.3
27;2021-12-04;204;280;4471;464945;457976;90452;77.4;76.2;15.1
27;2021-12-05;31;36;1179;464976;458012;91631;77.4;76.2;15.3
27;2021-12-06;110;170;4842;465086;458182;96473;77.4;76.3;16.1
27;2021-12-07;148;196;6933;465234;458378;103406;77.5;76.3;17.2
27;2021-12-08;165;237;5771;465399;458615;109177;77.5;76.3;18.2
27;2021-12-09;161;151;7265;465560;458766;116442;77.5;76.4;19.4
27;2021-12-10;161;218;7230;465721;458984;123672;77.5;76.4;20.6
27;2021-12-11;193;286;5268;465914;459270;128940;77.6;76.5;21.5
27;2021-12-12;39;29;1273;465953;459299;130213;77.6;76.5;21.7
27;2021-12-13;117;185;5369;466070;459484;135582;77.6;76.5;22.6
27;2021-12-14;176;269;7742;466246;459753;143324;77.6;76.5;23.9
27;2021-12-15;159;266;5958;466405;460019;149282;77.6;76.6;24.9
27;2021-12-16;218;233;7790;466623;460252;157072;77.7;76.6;26.1
27;2021-12-17;197;266;7763;466820;460518;164835;77.7;76.7;27.4
27;2021-12-18;214;222;5547;467034;460740;170382;77.7;76.7;28.4
27;2021-12-19;68;38;1843;467102;460778;172225;77.8;76.7;28.7
27;2021-12-20;210;192;5839;467312;460970;178064;77.8;76.7;29.6
27;2021-12-21;254;242;6593;467566;461212;184657;77.8;76.8;30.7
27;2021-12-22;241;206;4958;467807;461418;189615;77.9;76.8;31.6
28;2020-12-27;0;0;0;0;0;0;0.0;0.0;0.0
28;2020-12-28;0;0;0;0;0;0;0.0;0.0;0.0
28;2020-12-29;0;0;0;0;0;0;0.0;0.0;0.0
28;2020-12-30;1;0;0;1;0;0;0.0;0.0;0.0
28;2020-12-31;0;0;0;1;0;0;0.0;0.0;0.0
28;2021-01-01;1;0;0;2;0;0;0.0;0.0;0.0
28;2021-01-02;0;0;0;2;0;0;0.0;0.0;0.0
28;2021-01-03;0;0;0;2;0;0;0.0;0.0;0.0
28;2021-01-04;3;0;0;5;0;0;0.0;0.0;0.0
28;2021-01-05;14;0;0;19;0;0;0.0;0.0;0.0
28;2021-01-06;84;0;0;103;0;0;0.0;0.0;0.0
28;2021-01-07;116;0;0;219;0;0;0.1;0.0;0.0
28;2021-01-08;157;2;0;376;2;0;0.1;0.0;0.0
28;2021-01-09;78;0;0;454;2;0;0.1;0.0;0.0
28;2021-01-10;7;0;0;461;2;0;0.1;0.0;0.0
28;2021-01-11;195;1;0;656;3;0;0.2;0.0;0.0
28;2021-01-12;287;2;0;943;5;0;0.2;0.0;0.0
28;2021-01-13;391;3;0;1334;8;0;0.3;0.0;0.0
28;2021-01-14;449;6;0;1783;14;0;0.4;0.0;0.0
28;2021-01-15;403;4;0;2186;18;0;0.5;0.0;0.0
28;2021-01-16;191;2;0;2377;20;0;0.6;0.0;0.0
28;2021-01-17;34;0;0;2411;20;0;0.6;0.0;0.0
28;2021-01-18;417;2;0;2828;22;0;0.7;0.0;0.0
28;2021-01-19;504;3;0;3332;25;0;0.8;0.0;0.0
28;2021-01-20;644;3;0;3976;28;0;0.9;0.0;0.0
28;2021-01-21;826;3;0;4802;31;0;1.1;0.0;0.0
28;2021-01-22;517;2;0;5319;33;0;1.2;0.0;0.0
28;2021-01-23;307;0;0;5626;33;0;1.3;0.0;0.0
28;2021-01-24;11;0;0;5637;33;0;1.3;0.0;0.0
28;2021-01-25;454;5;0;6091;38;0;1.4;0.0;0.0
28;2021-01-26;686;10;0;6777;48;0;1.6;0.0;0.0
28;2021-01-27;1124;54;0;7901;102;0;1.8;0.0;0.0
28;2021-01-28;1460;97;0;9361;199;0;2.2;0.0;0.0
28;2021-01-29;841;101;0;10202;300;0;2.4;0.1;0.0
28;2021-01-30;225;54;0;10427;354;0;2.4;0.1;0.0
28;2021-01-31;1;21;0;10428;375;0;2.4;0.1;0.0
28;2021-02-01;342;97;0;10770;472;0;2.5;0.1;0.0
28;2021-02-02;378;203;0;11148;675;0;2.6;0.2;0.0
28;2021-02-03;466;248;0;11614;923;0;2.7;0.2;0.0
28;2021-02-04;476;252;0;12090;1175;0;2.8;0.3;0.0
28;2021-02-05;405;227;0;12495;1402;0;2.9;0.3;0.0
28;2021-02-06;198;118;0;12693;1520;0;3.0;0.4;0.0
28;2021-02-07;4;4;0;12697;1524;0;3.0;0.4;0.0
28;2021-02-08;314;237;0;13011;1761;0;3.0;0.4;0.0
28;2021-02-09;305;350;0;13316;2111;0;3.1;0.5;0.0
28;2021-02-10;464;425;0;13780;2536;0;3.2;0.6;0.0
28;2021-02-11;576;536;0;14356;3072;0;3.3;0.7;0.0
28;2021-02-12;464;414;0;14820;3486;0;3.5;0.8;0.0
28;2021-02-13;146;192;0;14966;3678;0;3.5;0.9;0.0
28;2021-02-14;0;11;0;14966;3689;0;3.5;0.9;0.0
28;2021-02-15;301;475;0;15267;4164;0;3.6;1.0;0.0
28;2021-02-16;379;704;0;15646;4868;0;3.6;1.1;0.0
28;2021-02-17;566;1078;0;16212;5946;0;3.8;1.4;0.0
28;2021-02-18;695;1393;0;16907;7339;0;3.9;1.7;0.0
28;2021-02-19;577;773;0;17484;8112;0;4.1;1.9;0.0
28;2021-02-20;113;152;0;17597;8264;0;4.1;1.9;0.0
28;2021-02-21;6;35;0;17603;8299;0;4.1;1.9;0.0
28;2021-02-22;248;492;0;17851;8791;0;4.2;2.0;0.0
28;2021-02-23;219;430;0;18070;9221;0;4.2;2.1;0.0
28;2021-02-24;279;464;0;18349;9685;0;4.3;2.3;0.0
28;2021-02-25;567;441;0;18916;10126;0;4.4;2.4;0.0
28;2021-02-26;754;379;0;19670;10505;0;4.6;2.4;0.0
28;2021-02-27;277;76;0;19947;10581;0;4.6;2.5;0.0
28;2021-02-28;22;22;0;19969;10603;0;4.7;2.5;0.0
28;2021-03-01;307;247;0;20276;10850;0;4.7;2.5;0.0
28;2021-03-02;421;300;0;20697;11150;0;4.8;2.6;0.0
28;2021-03-03;440;398;0;21137;11548;0;4.9;2.7;0.0
28;2021-03-04;721;425;0;21858;11973;0;5.1;2.8;0.0
28;2021-03-05;1377;389;0;23235;12362;0;5.4;2.9;0.0
28;2021-03-06;2025;104;0;25260;12466;0;5.9;2.9;0.0
28;2021-03-07;981;46;0;26241;12512;0;6.1;2.9;0.0
28;2021-03-08;448;296;0;26689;12808;0;6.2;3.0;0.0
28;2021-03-09;1030;330;0;27719;13138;0;6.5;3.1;0.0
28;2021-03-10;1386;547;0;29105;13685;0;6.8;3.2;0.0
28;2021-03-11;1558;670;0;30663;14355;0;7.1;3.3;0.0
28;2021-03-12;2314;591;0;32977;14946;0;7.7;3.5;0.0
28;2021-03-13;1124;82;0;34101;15028;0;7.9;3.5;0.0
28;2021-03-14;505;23;0;34606;15051;0;8.1;3.5;0.0
28;2021-03-15;828;245;0;35434;15296;0;8.3;3.6;0.0
28;2021-03-16;778;230;0;36212;15526;0;8.4;3.6;0.0
28;2021-03-17;802;300;0;37014;15826;0;8.6;3.7;0.0
28;2021-03-18;1222;277;0;38236;16103;0;8.9;3.7;0.0
28;2021-03-19;1589;318;0;39825;16421;0;9.3;3.8;0.0
28;2021-03-20;685;28;0;40510;16449;0;9.4;3.8;0.0
28;2021-03-21;18;9;0;40528;16458;0;9.4;3.8;0.0
28;2021-03-22;865;333;0;41393;16791;0;9.6;3.9;0.0
28;2021-03-23;1136;206;0;42529;16997;0;9.9;4.0;0.0
28;2021-03-24;1374;265;0;43903;17262;0;10.2;4.0;0.0
28;2021-03-25;1809;295;0;45712;17557;0;10.6;4.1;0.0
28;2021-03-26;2196;344;0;47908;17901;0;11.2;4.2;0.0
28;2021-03-27;499;50;0;48407;17951;0;11.3;4.2;0.0
28;2021-03-28;41;3;0;48448;17954;0;11.3;4.2;0.0
28;2021-03-29;1176;385;0;49624;18339;0;11.6;4.3;0.0
28;2021-03-30;1794;279;0;51418;18618;0;12.0;4.3;0.0
28;2021-03-31;2020;477;0;53438;19095;0;12.4;4.4;0.0
28;2021-04-01;1919;629;0;55357;19724;0;12.9;4.6;0.0
28;2021-04-02;1671;1330;0;57028;21054;0;13.3;4.9;0.0
28;2021-04-03;636;1073;0;57664;22127;0;13.4;5.2;0.0
28;2021-04-04;58;307;0;57722;22434;0;13.4;5.2;0.0
28;2021-04-05;69;4;0;57791;22438;0;13.5;5.2;0.0
28;2021-04-06;1242;558;0;59033;22996;0;13.7;5.4;0.0
28;2021-04-07;1851;1054;0;60884;24050;0;14.2;5.6;0.0
28;2021-04-08;2111;1117;0;62995;25167;0;14.7;5.9;0.0
28;2021-04-09;3271;941;0;66266;26108;0;15.4;6.1;0.0
28;2021-04-10;1655;196;0;67921;26304;0;15.8;6.1;0.0
28;2021-04-11;157;440;0;68078;26744;0;15.9;6.2;0.0
28;2021-04-12;1692;637;0;69770;27381;0;16.2;6.4;0.0
28;2021-04-13;1995;733;0;71765;28114;0;16.7;6.5;0.0
28;2021-04-14;2862;964;0;74627;29078;0;17.4;6.8;0.0
28;2021-04-15;2563;1214;0;77190;30292;0;18.0;7.1;0.0
28;2021-04-16;2524;889;0;79714;31181;0;18.6;7.3;0.0
28;2021-04-17;2232;188;0;81946;31369;0;19.1;7.3;0.0
28;2021-04-18;48;9;0;81994;31378;0;19.1;7.3;0.0
28;2021-04-19;1558;714;0;83552;32092;0;19.5;7.5;0.0
28;2021-04-20;1824;728;0;85376;32820;0;19.9;7.6;0.0
28;2021-04-21;2602;972;0;87978;33792;0;20.5;7.9;0.0
28;2021-04-22;1837;1239;0;89815;35031;0;20.9;8.2;0.0
28;2021-04-23;2338;1146;0;92153;36177;0;21.5;8.4;0.0
28;2021-04-24;3452;208;0;95605;36385;0;22.3;8.5;0.0
28;2021-04-25;901;71;0;96506;36456;0;22.5;8.5;0.0
28;2021-04-26;1345;947;0;97851;37403;0;22.8;8.7;0.0
28;2021-04-27;1520;1386;0;99371;38789;0;23.1;9.0;0.0
28;2021-04-28;2450;1796;0;101821;40585;0;23.7;9.5;0.0
28;2021-04-29;2261;1498;0;104082;42083;0;24.2;9.8;0.0
28;2021-04-30;3069;1257;0;107151;43340;0;25.0;10.1;0.0
28;2021-05-01;251;141;0;107402;43481;0;25.0;10.1;0.0
28;2021-05-02;188;103;0;107590;43584;0;25.1;10.1;0.0
28;2021-05-03;1322;1079;0;108912;44663;0;25.4;10.4;0.0
28;2021-05-04;1594;1692;0;110506;46355;0;25.7;10.8;0.0
28;2021-05-05;3038;1666;0;113544;48021;0;26.4;11.2;0.0
28;2021-05-06;2620;1478;0;116164;49499;0;27.1;11.5;0.0
28;2021-05-07;2445;1990;0;118609;51489;0;27.6;12.0;0.0
28;2021-05-08;1447;161;0;120056;51650;0;28.0;12.0;0.0
28;2021-05-09;237;624;0;120293;52274;0;28.0;12.2;0.0
28;2021-05-10;1524;1929;0;121817;54203;0;28.4;12.6;0.0
28;2021-05-11;2241;2347;0;124058;56550;0;28.9;13.2;0.0
28;2021-05-12;2736;3185;0;126794;59735;0;29.5;13.9;0.0
28;2021-05-13;697;449;0;127491;60184;0;29.7;14.0;0.0
28;2021-05-14;2158;1574;0;129649;61758;0;30.2;14.4;0.0
28;2021-05-15;1579;1630;0;131228;63388;0;30.6;14.8;0.0
28;2021-05-16;1970;142;0;133198;63530;0;31.0;14.8;0.0
28;2021-05-17;2780;1478;0;135978;65008;0;31.7;15.1;0.0
28;2021-05-18;3190;1337;0;139168;66345;0;32.4;15.4;0.0
28;2021-05-19;4662;1321;0;143830;67666;0;33.5;15.8;0.0
28;2021-05-20;3958;1266;0;147788;68932;0;34.4;16.1;0.0
28;2021-05-21;3321;1595;0;151109;70527;0;35.2;16.4;0.0
28;2021-05-22;879;1144;0;151988;71671;0;35.4;16.7;0.0
28;2021-05-23;1903;137;0;153891;71808;0;35.8;16.7;0.0
28;2021-05-24;1663;390;0;155554;72198;0;36.2;16.8;0.0
28;2021-05-25;2016;1427;0;157570;73625;0;36.7;17.1;0.0
28;2021-05-26;2677;1370;0;160247;74995;0;37.3;17.5;0.0
28;2021-05-27;2909;1267;0;163156;76262;0;38.0;17.8;0.0
28;2021-05-28;3190;1833;0;166346;78095;0;38.7;18.2;0.0
28;2021-05-29;2028;947;0;168374;79042;0;39.2;18.4;0.0
28;2021-05-30;76;60;0;168450;79102;0;39.2;18.4;0.0
28;2021-05-31;2336;1011;0;170786;80113;0;39.8;18.7;0.0
28;2021-06-01;2633;1760;0;173419;81873;0;40.4;19.1;0.0
28;2021-06-02;2450;2466;0;175869;84339;0;41.0;19.6;0.0
28;2021-06-03;2913;1651;0;178782;85990;0;41.6;20.0;0.0
28;2021-06-04;2810;2452;0;181592;88442;0;42.3;20.6;0.0
28;2021-06-05;2002;2493;0;183594;90935;0;42.8;21.2;0.0
28;2021-06-06;1076;946;0;184670;91881;0;43.0;21.4;0.0
28;2021-06-07;3484;1689;0;188154;93570;0;43.8;21.8;0.0
28;2021-06-08;3234;1648;0;191388;95218;0;44.6;22.2;0.0
28;2021-06-09;3726;2249;0;195114;97467;0;45.4;22.7;0.0
28;2021-06-10;3163;1475;0;198277;98942;0;46.2;23.0;0.0
28;2021-06-11;3739;2308;0;202016;101250;0;47.0;23.6;0.0
28;2021-06-12;1300;678;0;203316;101928;0;47.3;23.7;0.0
28;2021-06-13;389;230;0;203705;102158;0;47.4;23.8;0.0
28;2021-06-14;2153;2275;0;205858;104433;0;47.9;24.3;0.0
28;2021-06-15;2080;2465;0;207938;106898;0;48.4;24.9;0.0
28;2021-06-16;2486;4039;0;210424;110937;0;49.0;25.8;0.0
28;2021-06-17;1979;3231;0;212403;114168;0;49.5;26.6;0.0
28;2021-06-18;2462;3834;0;214865;118002;0;50.0;27.5;0.0
28;2021-06-19;819;1880;0;215684;119882;0;50.2;27.9;0.0
28;2021-06-20;60;150;0;215744;120032;0;50.2;28.0;0.0
28;2021-06-21;1684;2226;0;217428;122258;0;50.6;28.5;0.0
28;2021-06-22;1350;2384;0;218778;124642;0;50.9;29.0;0.0
28;2021-06-23;1720;3209;0;220498;127851;0;51.3;29.8;0.0
28;2021-06-24;815;1332;0;221313;129183;0;51.5;30.1;0.0
28;2021-06-25;1871;3252;0;223184;132435;0;52.0;30.8;0.0
28;2021-06-26;403;2135;0;223587;134570;0;52.1;31.3;0.0
28;2021-06-27;499;1195;0;224086;135765;0;52.2;31.6;0.0
28;2021-06-28;1181;3570;0;225267;139335;0;52.5;32.4;0.0
28;2021-06-29;1266;3673;0;226533;143008;0;52.8;33.3;0.0
28;2021-06-30;1421;3999;0;227954;147007;0;53.1;34.2;0.0
28;2021-07-01;1242;3396;0;229196;150403;0;53.4;35.0;0.0
28;2021-07-02;1323;4502;0;230519;154905;0;53.7;36.1;0.0
28;2021-07-03;1106;2439;0;231625;157344;0;53.9;36.6;0.0
28;2021-07-04;184;1267;0;231809;158611;0;54.0;36.9;0.0
28;2021-07-05;1344;2785;0;233153;161396;0;54.3;37.6;0.0
28;2021-07-06;1529;3072;0;234682;164468;0;54.7;38.3;0.0
28;2021-07-07;1557;4024;0;236239;168492;0;55.0;39.2;0.0
28;2021-07-08;1487;3376;0;237726;171868;0;55.4;40.0;0.0
28;2021-07-09;1326;4617;0;239052;176485;0;55.7;41.1;0.0
28;2021-07-10;485;2265;0;239537;178750;0;55.8;41.6;0.0
28;2021-07-11;45;94;0;239582;178844;0;55.8;41.6;0.0
28;2021-07-12;1308;4024;0;240890;182868;0;56.1;42.6;0.0
28;2021-07-13;2005;4283;0;242895;187151;0;56.6;43.6;0.0
28;2021-07-14;1161;1431;0;244056;188582;0;56.8;43.9;0.0
28;2021-07-15;2589;4033;0;246645;192615;0;57.4;44.9;0.0
28;2021-07-16;2288;4812;0;248933;197427;0;58.0;46.0;0.0
28;2021-07-17;1377;2506;0;250310;199933;0;58.3;46.6;0.0
28;2021-07-18;396;952;0;250706;200885;0;58.4;46.8;0.0
28;2021-07-19;1766;4177;0;252472;205062;0;58.8;47.8;0.0
28;2021-07-20;2387;4040;0;254859;209102;0;59.3;48.7;0.0
28;2021-07-21;2749;4325;1;257608;213427;1;60.0;49.7;0.0
28;2021-07-22;3383;3541;0;260991;216968;1;60.8;50.5;0.0
28;2021-07-23;2904;3952;0;263895;220920;1;61.5;51.4;0.0
28;2021-07-24;1790;1422;0;265685;222342;1;61.9;51.8;0.0
28;2021-07-25;146;109;0;265831;222451;1;61.9;51.8;0.0
28;2021-07-26;2745;3200;0;268576;225651;1;62.5;52.5;0.0
28;2021-07-27;3530;2578;0;272106;228229;1;63.4;53.1;0.0
28;2021-07-28;3722;2625;0;275828;230854;1;64.2;53.8;0.0
28;2021-07-29;4025;2118;0;279853;232972;1;65.2;54.3;0.0
28;2021-07-30;3518;2764;0;283371;235736;1;66.0;54.9;0.0
28;2021-07-31;891;810;0;284262;236546;1;66.2;55.1;0.0
28;2021-08-01;410;97;0;284672;236643;1;66.3;55.1;0.0
28;2021-08-02;1716;1449;0;286388;238092;1;66.7;55.4;0.0
28;2021-08-03;2547;2030;0;288935;240122;1;67.3;55.9;0.0
28;2021-08-04;2024;2114;0;290959;242236;1;67.8;56.4;0.0
28;2021-08-05;1807;1773;0;292766;244009;1;68.2;56.8;0.0
28;2021-08-06;1745;2064;0;294511;246073;1;68.6;57.3;0.0
28;2021-08-07;893;1143;0;295404;247216;1;68.8;57.6;0.0
28;2021-08-08;84;97;0;295488;247313;1;68.8;57.6;0.0
28;2021-08-09;1408;1303;0;296896;248616;1;69.1;57.9;0.0
28;2021-08-10;1817;2017;0;298713;250633;1;69.6;58.4;0.0
28;2021-08-11;1408;1821;0;300121;252454;1;69.9;58.8;0.0
28;2021-08-12;1352;2064;0;301473;254518;1;70.2;59.3;0.0
28;2021-08-13;1416;1809;0;302889;256327;1;70.5;59.7;0.0
28;2021-08-14;727;1009;0;303616;257336;1;70.7;59.9;0.0
28;2021-08-15;254;100;0;303870;257436;1;70.8;59.9;0.0
28;2021-08-16;958;2080;0;304828;259516;1;71.0;60.4;0.0
28;2021-08-17;1188;2755;0;306016;262271;1;71.3;61.1;0.0
28;2021-08-18;911;2499;0;306927;264770;1;71.5;61.7;0.0
28;2021-08-19;931;2639;0;307858;267409;1;71.7;62.3;0.0
28;2021-08-20;930;2709;0;308788;270118;1;71.9;62.9;0.0
28;2021-08-21;440;1194;0;309228;271312;1;72.0;63.2;0.0
28;2021-08-22;38;101;0;309266;271413;1;72.0;63.2;0.0
28;2021-08-23;986;2060;0;310252;273473;1;72.2;63.7;0.0
28;2021-08-24;872;2596;0;311124;276069;1;72.5;64.3;0.0
28;2021-08-25;997;2237;0;312121;278306;1;72.7;64.8;0.0
28;2021-08-26;732;1984;0;312853;280290;1;72.9;65.3;0.0
28;2021-08-27;788;2426;0;313641;282716;1;73.0;65.8;0.0
28;2021-08-28;546;1247;0;314187;283963;1;73.2;66.1;0.0
28;2021-08-29;43;81;0;314230;284044;1;73.2;66.1;0.0
28;2021-08-30;928;2030;23;315158;286074;24;73.4;66.6;0.0
28;2021-08-31;746;2204;55;315904;288278;79;73.6;67.1;0.0
28;2021-09-01;754;2286;174;316658;290564;253;73.7;67.7;0.1
28;2021-09-02;582;1986;170;317240;292550;423;73.9;68.1;0.1
28;2021-09-03;724;2322;211;317964;294872;634;74.0;68.7;0.1
28;2021-09-04;611;2313;95;318575;297185;729;74.2;69.2;0.2
28;2021-09-05;178;145;97;318753;297330;826;74.2;69.2;0.2
28;2021-09-06;442;1301;240;319195;298631;1066;74.3;69.5;0.2
28;2021-09-07;385;1376;166;319580;300007;1232;74.4;69.9;0.3
28;2021-09-08;554;1390;181;320134;301397;1413;74.5;70.2;0.3
28;2021-09-09;345;1047;166;320479;302444;1579;74.6;70.4;0.4
28;2021-09-10;606;1380;243;321085;303824;1822;74.8;70.8;0.4
28;2021-09-11;332;1217;75;321417;305041;1897;74.8;71.0;0.4
28;2021-09-12;53;58;29;321470;305099;1926;74.9;71.0;0.4
28;2021-09-13;328;714;308;321798;305813;2234;74.9;71.2;0.5
28;2021-09-14;363;895;341;322161;306708;2575;75.0;71.4;0.6
28;2021-09-15;540;1034;392;322701;307742;2967;75.1;71.7;0.7
28;2021-09-16;277;735;404;322978;308477;3371;75.2;71.8;0.8
28;2021-09-17;319;1042;395;323297;309519;3766;75.3;72.1;0.9
28;2021-09-18;180;359;83;323477;309878;3849;75.3;72.2;0.9
28;2021-09-19;15;29;5;323492;309907;3854;75.3;72.2;0.9
28;2021-09-20;167;487;298;323659;310394;4152;75.4;72.3;1.0
28;2021-09-21;321;874;437;323980;311268;4589;75.4;72.5;1.1
28;2021-09-22;330;977;524;324310;312245;5113;75.5;72.7;1.2
28;2021-09-23;189;498;493;324499;312743;5606;75.6;72.8;1.3
28;2021-09-24;257;967;405;324756;313710;6011;75.6;73.1;1.4
28;2021-09-25;134;423;129;324890;314133;6140;75.7;73.2;1.4
28;2021-09-26;22;49;15;324912;314182;6155;75.7;73.2;1.4
28;2021-09-27;165;680;365;325077;314862;6520;75.7;73.3;1.5
28;2021-09-28;172;466;629;325249;315328;7149;75.7;73.4;1.7
28;2021-09-29;363;733;399;325612;316061;7548;75.8;73.6;1.8
28;2021-09-30;238;452;711;325850;316513;8259;75.9;73.7;1.9
28;2021-10-01;303;697;485;326153;317210;8744;76.0;73.9;2.0
28;2021-10-02;121;222;76;326274;317432;8820;76.0;73.9;2.1
28;2021-10-03;8;22;4;326282;317454;8824;76.0;73.9;2.1
28;2021-10-04;158;255;447;326440;317709;9271;76.0;74.0;2.2
28;2021-10-05;176;394;581;326616;318103;9852;76.1;74.1;2.3
28;2021-10-06;221;626;504;326837;318729;10356;76.1;74.2;2.4
28;2021-10-07;136;294;490;326973;319023;10846;76.1;74.3;2.5
28;2021-10-08;260;516;545;327233;319539;11391;76.2;74.4;2.7
28;2021-10-09;98;204;164;327331;319743;11555;76.2;74.5;2.7
28;2021-10-10;13;26;14;327344;319769;11569;76.2;74.5;2.7
28;2021-10-11;166;226;440;327510;319995;12009;76.3;74.5;2.8
28;2021-10-12;174;322;534;327684;320317;12543;76.3;74.6;2.9
28;2021-10-13;200;406;590;327884;320723;13133;76.4;74.7;3.1
28;2021-10-14;171;263;552;328055;320986;13685;76.4;74.7;3.2
28;2021-10-15;228;374;644;328283;321360;14329;76.4;74.8;3.3
28;2021-10-16;77;160;125;328360;321520;14454;76.5;74.9;3.4
28;2021-10-17;22;22;51;328382;321542;14505;76.5;74.9;3.4
28;2021-10-18;131;142;328;328513;321684;14833;76.5;74.9;3.5
28;2021-10-19;176;261;634;328689;321945;15467;76.5;75.0;3.6
28;2021-10-20;189;413;748;328878;322358;16215;76.6;75.1;3.8
28;2021-10-21;131;173;579;329009;322531;16794;76.6;75.1;3.9
28;2021-10-22;220;302;598;329229;322833;17392;76.7;75.2;4.1
28;2021-10-23;73;126;132;329302;322959;17524;76.7;75.2;4.1
28;2021-10-24;5;13;7;329307;322972;17531;76.7;75.2;4.1
28;2021-10-25;166;204;601;329473;323176;18132;76.7;75.3;4.2
28;2021-10-26;97;181;540;329570;323357;18672;76.7;75.3;4.3
28;2021-10-27;152;228;671;329722;323585;19343;76.8;75.4;4.5
28;2021-10-28;99;158;657;329821;323743;20000;76.8;75.4;4.7
28;2021-10-29;201;270;777;330022;324013;20777;76.9;75.5;4.8
28;2021-10-30;63;79;113;330085;324092;20890;76.9;75.5;4.9
28;2021-10-31;5;8;8;330090;324100;20898;76.9;75.5;4.9
28;2021-11-01;32;33;64;330122;324133;20962;76.9;75.5;4.9
28;2021-11-02;161;216;684;330283;324349;21646;76.9;75.5;5.0
28;2021-11-03;154;221;879;330437;324570;22525;76.9;75.6;5.2
28;2021-11-04;95;174;874;330532;324744;23399;77.0;75.6;5.4
28;2021-11-05;143;231;1002;330675;324975;24401;77.0;75.7;5.7
28;2021-11-06;82;114;280;330757;325089;24681;77.0;75.7;5.7
28;2021-11-07;3;27;32;330760;325116;24713;77.0;75.7;5.8
28;2021-11-08;119;175;1233;330879;325291;25946;77.1;75.8;6.0
28;2021-11-09;128;212;1222;331007;325503;27168;77.1;75.8;6.3
28;2021-11-10;159;205;1634;331166;325708;28802;77.1;75.8;6.7
28;2021-11-11;38;55;242;331204;325763;29044;77.1;75.9;6.8
28;2021-11-12;129;175;1184;331333;325938;30228;77.2;75.9;7.0
28;2021-11-13;70;82;378;331403;326020;30606;77.2;75.9;7.1
28;2021-11-14;3;2;8;331406;326022;30614;77.2;75.9;7.1
28;2021-11-15;120;166;1503;331526;326188;32117;77.2;76.0;7.5
28;2021-11-16;134;156;1793;331660;326344;33910;77.2;76.0;7.9
28;2021-11-17;163;202;1728;331823;326546;35638;77.3;76.0;8.3
28;2021-11-18;139;151;1633;331962;326697;37271;77.3;76.1;8.7
28;2021-11-19;198;250;1878;332160;326947;39149;77.3;76.1;9.1
28;2021-11-20;91;128;474;332251;327075;39623;77.4;76.2;9.2
28;2021-11-21;24;10;145;332275;327085;39768;77.4;76.2;9.3
28;2021-11-22;152;116;1755;332427;327201;41523;77.4;76.2;9.7
28;2021-11-23;127;123;1558;332554;327324;43081;77.4;76.2;10.0
28;2021-11-24;170;207;1561;332724;327531;44642;77.5;76.3;10.4
28;2021-11-25;140;149;2296;332864;327680;46938;77.5;76.3;10.9
28;2021-11-26;175;219;2907;333039;327899;49845;77.6;76.4;11.6
28;2021-11-27;66;99;780;333105;327998;50625;77.6;76.4;11.8
28;2021-11-28;4;11;74;333109;328009;50699;77.6;76.4;11.8
28;2021-11-29;127;124;2904;333236;328133;53603;77.6;76.4;12.5
28;2021-11-30;97;143;3636;333333;328276;57239;77.6;76.4;13.3
28;2021-12-01;128;182;3755;333461;328458;60994;77.7;76.5;14.2
28;2021-12-02;107;104;4316;333568;328562;65310;77.7;76.5;15.2
28;2021-12-03;142;182;5024;333710;328744;70334;77.7;76.6;16.4
28;2021-12-04;59;74;1511;333769;328818;71845;77.7;76.6;16.7
28;2021-12-05;20;21;991;333789;328839;72836;77.7;76.6;17.0
28;2021-12-06;100;149;4454;333889;328988;77290;77.8;76.6;18.0
28;2021-12-07;102;137;4791;333991;329125;82081;77.8;76.6;19.1
28;2021-12-08;148;165;4485;334139;329290;86566;77.8;76.7;20.2
28;2021-12-09;95;125;5610;334234;329415;92176;77.8;76.7;21.5
28;2021-12-10;122;193;5462;334356;329608;97638;77.9;76.8;22.7
28;2021-12-11;65;68;2058;334421;329676;99696;77.9;76.8;23.2
28;2021-12-12;14;12;397;334435;329688;100093;77.9;76.8;23.3
28;2021-12-13;101;134;4686;334536;329822;104779;77.9;76.8;24.4
28;2021-12-14;109;157;7632;334645;329979;112411;77.9;76.8;26.2
28;2021-12-15;116;206;6909;334761;330185;119320;78.0;76.9;27.8
28;2021-12-16;129;189;6145;334890;330374;125465;78.0;76.9;29.2
28;2021-12-17;144;215;6123;335034;330589;131588;78.0;77.0;30.6
28;2021-12-18;103;103;2540;335137;330692;134128;78.0;77.0;31.2
28;2021-12-19;43;17;1516;335180;330709;135644;78.1;77.0;31.6
28;2021-12-20;117;120;3460;335297;330829;139104;78.1;77.0;32.4
28;2021-12-21;133;128;3775;335430;330957;142879;78.1;77.1;33.3
28;2021-12-22;162;132;3201;335592;331089;146080;78.1;77.1;34.0
29;2020-12-27;0;0;0;0;0;0;0.0;0.0;0.0
29;2020-12-28;1;0;0;1;0;0;0.0;0.0;0.0
29;2020-12-29;0;0;0;1;0;0;0.0;0.0;0.0
29;2020-12-30;0;0;0;1;0;0;0.0;0.0;0.0
29;2020-12-31;1;0;0;2;0;0;0.0;0.0;0.0
29;2021-01-01;4;0;0;6;0;0;0.0;0.0;0.0
29;2021-01-02;2;0;0;8;0;0;0.0;0.0;0.0
29;2021-01-03;1;0;0;9;0;0;0.0;0.0;0.0
29;2021-01-04;34;0;0;43;0;0;0.0;0.0;0.0
29;2021-01-05;33;0;0;76;0;0;0.0;0.0;0.0
29;2021-01-06;44;0;0;120;0;0;0.0;0.0;0.0
29;2021-01-07;151;0;0;271;0;0;0.0;0.0;0.0
29;2021-01-08;407;1;0;678;1;0;0.1;0.0;0.0
29;2021-01-09;2;0;0;680;1;0;0.1;0.0;0.0
29;2021-01-10;5;0;0;685;1;0;0.1;0.0;0.0
29;2021-01-11;669;0;0;1354;1;0;0.1;0.0;0.0
29;2021-01-12;1126;0;0;2480;1;0;0.3;0.0;0.0
29;2021-01-13;1085;2;0;3565;3;0;0.4;0.0;0.0
29;2021-01-14;934;5;0;4499;8;0;0.5;0.0;0.0
29;2021-01-15;1278;7;0;5777;15;0;0.6;0.0;0.0
29;2021-01-16;174;1;0;5951;16;0;0.7;0.0;0.0
29;2021-01-17;115;1;0;6066;17;0;0.7;0.0;0.0
29;2021-01-18;919;5;0;6985;22;0;0.8;0.0;0.0
29;2021-01-19;1354;5;0;8339;27;0;0.9;0.0;0.0
29;2021-01-20;2365;3;0;10704;30;0;1.2;0.0;0.0
29;2021-01-21;5552;19;0;16256;49;0;1.8;0.0;0.0
29;2021-01-22;3719;8;0;19975;57;0;2.2;0.0;0.0
29;2021-01-23;539;0;0;20514;57;0;2.3;0.0;0.0
29;2021-01-24;191;0;0;20705;57;0;2.3;0.0;0.0
29;2021-01-25;607;7;0;21312;64;0;2.4;0.0;0.0
29;2021-01-26;962;33;0;22274;97;0;2.5;0.0;0.0
29;2021-01-27;1354;52;0;23628;149;0;2.6;0.0;0.0
29;2021-01-28;893;139;0;24521;288;0;2.7;0.0;0.0
29;2021-01-29;837;204;0;25358;492;0;2.8;0.1;0.0
29;2021-01-30;279;4;0;25637;496;0;2.8;0.1;0.0
29;2021-01-31;67;3;0;25704;499;0;2.8;0.1;0.0
29;2021-02-01;435;441;0;26139;940;0;2.9;0.1;0.0
29;2021-02-02;925;803;0;27064;1743;0;3.0;0.2;0.0
29;2021-02-03;833;869;0;27897;2612;0;3.1;0.3;0.0
29;2021-02-04;948;629;0;28845;3241;0;3.2;0.4;0.0
29;2021-02-05;724;596;0;29569;3837;0;3.3;0.4;0.0
29;2021-02-06;267;105;0;29836;3942;0;3.3;0.4;0.0
29;2021-02-07;75;108;0;29911;4050;0;3.3;0.4;0.0
29;2021-02-08;379;462;0;30290;4512;0;3.3;0.5;0.0
29;2021-02-09;887;832;0;31177;5344;0;3.4;0.6;0.0
29;2021-02-10;1157;1033;0;32334;6377;0;3.6;0.7;0.0
29;2021-02-11;1797;4095;0;34131;10472;0;3.8;1.2;0.0
29;2021-02-12;2310;2508;0;36441;12980;0;4.0;1.4;0.0
29;2021-02-13;623;376;0;37064;13356;0;4.1;1.5;0.0
29;2021-02-14;12;226;0;37076;13582;0;4.1;1.5;0.0
29;2021-02-15;289;1029;0;37365;14611;0;4.1;1.6;0.0
29;2021-02-16;916;1038;0;38281;15649;0;4.2;1.7;0.0
29;2021-02-17;867;902;0;39148;16551;0;4.3;1.8;0.0
29;2021-02-18;1537;877;0;40685;17428;0;4.5;1.9;0.0
29;2021-02-19;1388;1040;0;42073;18468;0;4.6;2.0;0.0
29;2021-02-20;208;360;0;42281;18828;0;4.7;2.1;0.0
29;2021-02-21;155;161;0;42436;18989;0;4.7;2.1;0.0
29;2021-02-22;777;585;0;43213;19574;0;4.8;2.2;0.0
29;2021-02-23;1248;907;0;44461;20481;0;4.9;2.3;0.0
29;2021-02-24;1475;897;0;45936;21378;0;5.1;2.4;0.0
29;2021-02-25;2451;948;0;48387;22326;0;5.3;2.5;0.0
29;2021-02-26;2715;766;0;51102;23092;0;5.6;2.5;0.0
29;2021-02-27;1279;277;0;52381;23369;0;5.8;2.6;0.0
29;2021-02-28;191;69;0;52572;23438;0;5.8;2.6;0.0
29;2021-03-01;942;485;0;53514;23923;0;5.9;2.6;0.0
29;2021-03-02;1834;845;0;55348;24768;0;6.1;2.7;0.0
29;2021-03-03;2126;1056;0;57474;25824;0;6.3;2.8;0.0
29;2021-03-04;2844;1602;0;60318;27426;0;6.7;3.0;0.0
29;2021-03-05;3547;1693;0;63865;29119;0;7.0;3.2;0.0
29;2021-03-06;2008;437;0;65873;29556;0;7.3;3.3;0.0
29;2021-03-07;419;80;0;66292;29636;0;7.3;3.3;0.0
29;2021-03-08;1311;594;0;67603;30230;0;7.5;3.3;0.0
29;2021-03-09;2613;983;0;70216;31213;0;7.7;3.4;0.0
29;2021-03-10;2450;901;0;72666;32114;0;8.0;3.5;0.0
29;2021-03-11;4438;1021;0;77104;33135;0;8.5;3.7;0.0
29;2021-03-12;5252;966;0;82356;34101;0;9.1;3.8;0.0
29;2021-03-13;2799;411;0;85155;34512;0;9.4;3.8;0.0
29;2021-03-14;354;4;0;85509;34516;0;9.4;3.8;0.0
29;2021-03-15;2085;278;0;87594;34794;0;9.7;3.8;0.0
29;2021-03-16;1876;788;0;89470;35582;0;9.9;3.9;0.0
29;2021-03-17;1922;732;0;91392;36314;0;10.1;4.0;0.0
29;2021-03-18;1928;1045;0;93320;37359;0;10.3;4.1;0.0
29;2021-03-19;3322;902;0;96642;38261;0;10.7;4.2;0.0
29;2021-03-20;1936;223;0;98578;38484;0;10.9;4.2;0.0
29;2021-03-21;132;12;0;98710;38496;0;10.9;4.2;0.0
29;2021-03-22;1683;610;0;100393;39106;0;11.1;4.3;0.0
29;2021-03-23;3532;1062;0;103925;40168;0;11.5;4.4;0.0
29;2021-03-24;3860;1009;0;107785;41177;0;11.9;4.5;0.0
29;2021-03-25;4886;1070;0;112671;42247;0;12.4;4.7;0.0
29;2021-03-26;5386;1172;0;118057;43419;0;13.0;4.8;0.0
29;2021-03-27;2484;324;0;120541;43743;0;13.3;4.8;0.0
29;2021-03-28;181;47;0;120722;43790;0;13.3;4.8;0.0
29;2021-03-29;2126;838;0;122848;44628;0;13.6;4.9;0.0
29;2021-03-30;4136;1363;0;126984;45991;0;14.0;5.1;0.0
29;2021-03-31;4138;1170;0;131122;47161;0;14.5;5.2;0.0
29;2021-04-01;5227;1170;0;136349;48331;0;15.0;5.3;0.0
29;2021-04-02;4918;1196;0;141267;49527;0;15.6;5.5;0.0
29;2021-04-03;2670;542;0;143937;50069;0;15.9;5.5;0.0
29;2021-04-04;147;31;0;144084;50100;0;15.9;5.5;0.0
29;2021-04-05;928;313;0;145012;50413;0;16.0;5.6;0.0
29;2021-04-06;3352;1278;0;148364;51691;0;16.4;5.7;0.0
29;2021-04-07;3784;997;0;152148;52688;0;16.8;5.8;0.0
29;2021-04-08;5342;2027;0;157490;54715;0;17.4;6.0;0.0
29;2021-04-09;6828;1583;0;164318;56298;0;18.1;6.2;0.0
29;2021-04-10;3555;714;0;167873;57012;0;18.5;6.3;0.0
29;2021-04-11;116;73;0;167989;57085;0;18.5;6.3;0.0
29;2021-04-12;4001;1528;0;171990;58613;0;19.0;6.5;0.0
29;2021-04-13;5989;1812;0;177979;60425;0;19.6;6.7;0.0
29;2021-04-14;4883;1778;0;182862;62203;0;20.2;6.9;0.0
29;2021-04-15;7228;1797;0;190090;64000;0;21.0;7.1;0.0
29;2021-04-16;6690;1399;0;196780;65399;0;21.7;7.2;0.0
29;2021-04-17;3751;1014;0;200531;66413;0;22.1;7.3;0.0
29;2021-04-18;461;43;0;200992;66456;0;22.2;7.3;0.0
29;2021-04-19;3939;1483;0;204931;67939;0;22.6;7.5;0.0
29;2021-04-20;4478;2241;0;209409;70180;0;23.1;7.7;0.0
29;2021-04-21;4450;2295;0;213859;72475;0;23.6;8.0;0.0
29;2021-04-22;6696;2913;0;220555;75388;0;24.3;8.3;0.0
29;2021-04-23;6103;2283;0;226658;77671;0;25.0;8.6;0.0
29;2021-04-24;3953;1423;0;230611;79094;0;25.4;8.7;0.0
29;2021-04-25;424;159;0;231035;79253;0;25.5;8.7;0.0
29;2021-04-26;5340;1956;0;236375;81209;0;26.1;9.0;0.0
29;2021-04-27;5416;3349;0;241791;84558;0;26.7;9.3;0.0
29;2021-04-28;5527;3089;0;247318;87647;0;27.3;9.7;0.0
29;2021-04-29;6630;3532;0;253948;91179;0;28.0;10.1;0.0
29;2021-04-30;6275;4107;0;260223;95286;0;28.7;10.5;0.0
29;2021-05-01;1973;953;0;262196;96239;0;28.9;10.6;0.0
29;2021-05-02;1219;168;0;263415;96407;0;29.1;10.6;0.0
29;2021-05-03;4544;2370;0;267959;98777;0;29.6;10.9;0.0
29;2021-05-04;4192;3878;0;272151;102655;0;30.0;11.3;0.0
29;2021-05-05;4616;3566;0;276767;106221;0;30.5;11.7;0.0
29;2021-05-06;6198;3829;0;282965;110050;0;31.2;12.1;0.0
29;2021-05-07;5986;4692;0;288951;114742;0;31.9;12.7;0.0
29;2021-05-08;2100;557;0;291051;115299;0;32.1;12.7;0.0
29;2021-05-09;1672;146;0;292723;115445;0;32.3;12.7;0.0
29;2021-05-10;4873;3810;0;297596;119255;0;32.8;13.2;0.0
29;2021-05-11;4839;5105;0;302435;124360;0;33.4;13.7;0.0
29;2021-05-12;5190;4473;0;307625;128833;0;33.9;14.2;0.0
29;2021-05-13;3404;1494;0;311029;130327;0;34.3;14.4;0.0
29;2021-05-14;5770;3979;0;316799;134306;0;34.9;14.8;0.0
29;2021-05-15;4129;2271;0;320928;136577;0;35.4;15.1;0.0
29;2021-05-16;1531;282;0;322459;136859;0;35.6;15.1;0.0
29;2021-05-17;5509;3121;0;327968;139980;0;36.2;15.4;0.0
29;2021-05-18;5763;3122;0;333731;143102;0;36.8;15.8;0.0
29;2021-05-19;6116;3023;0;339847;146125;0;37.5;16.1;0.0
29;2021-05-20;7125;4610;0;346972;150735;0;38.3;16.6;0.0
29;2021-05-21;7123;3890;0;354095;154625;0;39.1;17.1;0.0
29;2021-05-22;5338;2080;0;359433;156705;0;39.6;17.3;0.0
29;2021-05-23;1635;69;0;361068;156774;0;39.8;17.3;0.0
29;2021-05-24;3588;544;0;364656;157318;0;40.2;17.4;0.0
29;2021-05-25;5857;3144;0;370513;160462;0;40.9;17.7;0.0
29;2021-05-26;5878;3173;0;376391;163635;0;41.5;18.1;0.0
29;2021-05-27;6751;4099;0;383142;167734;0;42.3;18.5;0.0
29;2021-05-28;6528;4626;0;389670;172360;0;43.0;19.0;0.0
29;2021-05-29;4348;2797;0;394018;175157;0;43.5;19.3;0.0
29;2021-05-30;1107;364;0;395125;175521;0;43.6;19.4;0.0
29;2021-05-31;6225;3597;0;401350;179118;0;44.3;19.8;0.0
29;2021-06-01;6637;4428;0;407987;183546;0;45.0;20.2;0.0
29;2021-06-02;6177;4149;0;414164;187695;0;45.7;20.7;0.0
29;2021-06-03;7613;4479;0;421777;192174;0;46.5;21.2;0.0
29;2021-06-04;6886;6155;0;428663;198329;0;47.3;21.9;0.0
29;2021-06-05;5496;3035;0;434159;201364;0;47.9;22.2;0.0
29;2021-06-06;1267;532;0;435426;201896;0;48.0;22.3;0.0
29;2021-06-07;4759;5541;0;440185;207437;0;48.6;22.9;0.0
29;2021-06-08;7090;5195;0;447275;212632;0;49.3;23.5;0.0
29;2021-06-09;6442;4703;0;453717;217335;0;50.0;24.0;0.0
29;2021-06-10;7733;4962;0;461450;222297;0;50.9;24.5;0.0
29;2021-06-11;8203;5753;0;469653;228050;0;51.8;25.2;0.0
29;2021-06-12;6369;2739;0;476022;230789;0;52.5;25.5;0.0
29;2021-06-13;2221;1328;0;478243;232117;0;52.8;25.6;0.0
29;2021-06-14;3971;6266;0;482214;238383;0;53.2;26.3;0.0
29;2021-06-15;5338;6092;0;487552;244475;0;53.8;27.0;0.0
29;2021-06-16;5430;5609;0;492982;250084;0;54.4;27.6;0.0
29;2021-06-17;6193;6295;0;499175;256379;0;55.1;28.3;0.0
29;2021-06-18;6004;7448;0;505179;263827;0;55.7;29.1;0.0
29;2021-06-19;4536;3475;0;509715;267302;0;56.2;29.5;0.0
29;2021-06-20;851;1428;0;510566;268730;0;56.3;29.6;0.0
29;2021-06-21;3642;6475;0;514208;275205;0;56.7;30.4;0.0
29;2021-06-22;4305;6353;0;518513;281558;0;57.2;31.1;0.0
29;2021-06-23;4470;6145;0;522983;287703;0;57.7;31.7;0.0
29;2021-06-24;4589;6687;0;527572;294390;0;58.2;32.5;0.0
29;2021-06-25;3508;7489;0;531080;301879;0;58.6;33.3;0.0
29;2021-06-26;2045;4074;0;533125;305953;0;58.8;33.7;0.0
29;2021-06-27;936;1574;0;534061;307527;0;58.9;33.9;0.0
29;2021-06-28;2672;6809;0;536733;314336;0;59.2;34.7;0.0
29;2021-06-29;2729;7645;0;539462;321981;0;59.5;35.5;0.0
29;2021-06-30;2930;7361;0;542392;329342;0;59.8;36.3;0.0
29;2021-07-01;3672;8223;0;546064;337565;0;60.2;37.2;0.0
29;2021-07-02;3419;9413;0;549483;346978;0;60.6;38.3;0.0
29;2021-07-03;2277;5977;0;551760;352955;0;60.9;38.9;0.0
29;2021-07-04;807;1707;0;552567;354662;0;61.0;39.1;0.0
29;2021-07-05;1835;7166;0;554402;361828;0;61.2;39.9;0.0
29;2021-07-06;1602;8052;0;556004;369880;0;61.3;40.8;0.0
29;2021-07-07;1755;6975;0;557759;376855;0;61.5;41.6;0.0
29;2021-07-08;2419;8030;0;560178;384885;0;61.8;42.5;0.0
29;2021-07-09;2585;8961;0;562763;393846;0;62.1;43.4;0.0
29;2021-07-10;1863;6000;0;564626;399846;0;62.3;44.1;0.0
29;2021-07-11;447;1073;0;565073;400919;0;62.3;44.2;0.0
29;2021-07-12;1973;8142;0;567046;409061;0;62.5;45.1;0.0
29;2021-07-13;2796;8600;0;569842;417661;0;62.9;46.1;0.0
29;2021-07-14;2054;3322;0;571896;420983;0;63.1;46.4;0.0
29;2021-07-15;3806;9443;0;575702;430426;0;63.5;47.5;0.0
29;2021-07-16;4498;9039;0;580200;439465;0;64.0;48.5;0.0
29;2021-07-17;3187;5978;0;583387;445443;0;64.4;49.1;0.0
29;2021-07-18;650;1070;0;584037;446513;0;64.4;49.3;0.0
29;2021-07-19;3180;7377;0;587217;453890;0;64.8;50.1;0.0
29;2021-07-20;3671;9181;0;590888;463071;0;65.2;51.1;0.0
29;2021-07-21;3698;7663;0;594586;470734;0;65.6;51.9;0.0
29;2021-07-22;3584;8337;0;598170;479071;0;66.0;52.8;0.0
29;2021-07-23;4121;10372;0;602291;489443;0;66.4;54.0;0.0
29;2021-07-24;2514;5778;0;604805;495221;0;66.7;54.6;0.0
29;2021-07-25;651;2296;0;605456;497517;0;66.8;54.9;0.0
29;2021-07-26;3416;6942;0;608872;504459;0;67.2;55.6;0.0
29;2021-07-27;3864;6932;0;612736;511391;0;67.6;56.4;0.0
29;2021-07-28;4287;5805;0;617023;517196;0;68.1;57.1;0.0
29;2021-07-29;5669;6107;0;622692;523303;0;68.7;57.7;0.0
29;2021-07-30;5375;6223;0;628067;529526;0;69.3;58.4;0.0
29;2021-07-31;2971;4679;0;631038;534205;0;69.6;58.9;0.0
29;2021-08-01;703;859;0;631741;535064;0;69.7;59.0;0.0
29;2021-08-02;4223;4931;0;635964;539995;0;70.2;59.6;0.0
29;2021-08-03;5374;4133;0;641338;544128;0;70.7;60.0;0.0
29;2021-08-04;5523;3499;0;646861;547627;0;71.4;60.4;0.0
29;2021-08-05;6287;3767;0;653148;551394;0;72.0;60.8;0.0
29;2021-08-06;5799;4093;0;658947;555487;0;72.7;61.3;0.0
29;2021-08-07;3916;2726;1;662863;558213;1;73.1;61.6;0.0
29;2021-08-08;835;676;0;663698;558889;1;73.2;61.6;0.0
29;2021-08-09;3034;4408;0;666732;563297;1;73.5;62.1;0.0
29;2021-08-10;4270;3660;0;671002;566957;1;74.0;62.5;0.0
29;2021-08-11;3858;3084;0;674860;570041;1;74.4;62.9;0.0
29;2021-08-12;4437;4258;0;679297;574299;1;74.9;63.3;0.0
29;2021-08-13;4071;3645;0;683368;577944;1;75.4;63.8;0.0
29;2021-08-14;2705;2682;0;686073;580626;1;75.7;64.0;0.0
29;2021-08-15;355;422;0;686428;581048;1;75.7;64.1;0.0
29;2021-08-16;3096;4213;0;689524;585261;1;76.1;64.6;0.0
29;2021-08-17;4088;3345;0;693612;588606;1;76.5;64.9;0.0
29;2021-08-18;3476;3585;0;697088;592191;1;76.9;65.3;0.0
29;2021-08-19;3603;4400;0;700691;596591;1;77.3;65.8;0.0
29;2021-08-20;3248;4492;0;703939;601083;1;77.6;66.3;0.0
29;2021-08-21;2071;3021;0;706010;604104;1;77.9;66.6;0.0
29;2021-08-22;221;421;0;706231;604525;1;77.9;66.7;0.0
29;2021-08-23;2243;4445;0;708474;608970;1;78.2;67.2;0.0
29;2021-08-24;2356;4836;0;710830;613806;1;78.4;67.7;0.0
29;2021-08-25;2058;4202;0;712888;618008;1;78.6;68.2;0.0
29;2021-08-26;2167;5220;0;715055;623228;1;78.9;68.7;0.0
29;2021-08-27;1876;5754;0;716931;628982;1;79.1;69.4;0.0
29;2021-08-28;1360;3855;0;718291;632837;1;79.2;69.8;0.0
29;2021-08-29;384;1264;0;718675;634101;1;79.3;69.9;0.0
29;2021-08-30;1369;4127;66;720044;638228;67;79.4;70.4;0.0
29;2021-08-31;1438;4321;116;721482;642549;183;79.6;70.9;0.0
29;2021-09-01;1314;3747;229;722796;646296;412;79.7;71.3;0.0
29;2021-09-02;1069;3958;338;723865;650254;750;79.8;71.7;0.1
29;2021-09-03;1369;4692;499;725234;654946;1249;80.0;72.2;0.1
29;2021-09-04;1321;3679;257;726555;658625;1506;80.1;72.7;0.2
29;2021-09-05;195;658;44;726750;659283;1550;80.2;72.7;0.2
29;2021-09-06;704;3250;361;727454;662533;1911;80.2;73.1;0.2
29;2021-09-07;867;3341;575;728321;665874;2486;80.3;73.5;0.3
29;2021-09-08;846;3369;488;729167;669243;2974;80.4;73.8;0.3
29;2021-09-09;900;3309;489;730067;672552;3463;80.5;74.2;0.4
29;2021-09-10;1154;4268;730;731221;676820;4193;80.7;74.7;0.5
29;2021-09-11;662;3309;198;731883;680129;4391;80.7;75.0;0.5
29;2021-09-12;109;391;28;731992;680520;4419;80.7;75.1;0.5
29;2021-09-13;794;3082;679;732786;683602;5098;80.8;75.4;0.6
29;2021-09-14;714;2909;1101;733500;686511;6199;80.9;75.7;0.7
29;2021-09-15;690;3160;696;734190;689671;6895;81.0;76.1;0.8
29;2021-09-16;802;2615;1380;734992;692286;8275;81.1;76.4;0.9
29;2021-09-17;857;3069;978;735849;695355;9253;81.2;76.7;1.0
29;2021-09-18;566;3300;502;736415;698655;9755;81.2;77.1;1.1
29;2021-09-19;68;370;38;736483;699025;9793;81.2;77.1;1.1
29;2021-09-20;449;2038;796;736932;701063;10589;81.3;77.3;1.2
29;2021-09-21;433;1775;1146;737365;702838;11735;81.3;77.5;1.3
29;2021-09-22;362;2150;1212;737727;704988;12947;81.4;77.8;1.4
29;2021-09-23;444;1672;1774;738171;706660;14721;81.4;78.0;1.6
29;2021-09-24;461;2104;1367;738632;708764;16088;81.5;78.2;1.8
29;2021-09-25;338;2584;401;738970;711348;16489;81.5;78.5;1.8
29;2021-09-26;51;216;27;739021;711564;16516;81.5;78.5;1.8
29;2021-09-27;305;1499;753;739326;713063;17269;81.6;78.7;1.9
29;2021-09-28;247;1437;785;739573;714500;18054;81.6;78.8;2.0
29;2021-09-29;394;1611;1054;739967;716111;19108;81.6;79.0;2.1
29;2021-09-30;296;1219;1080;740263;717330;20188;81.7;79.1;2.2
29;2021-10-01;504;1445;1307;740767;718775;21495;81.7;79.3;2.4
29;2021-10-02;339;1565;362;741106;720340;21857;81.7;79.5;2.4
29;2021-10-03;13;35;10;741119;720375;21867;81.8;79.5;2.4
29;2021-10-04;313;1199;676;741432;721574;22543;81.8;79.6;2.5
29;2021-10-05;231;1002;861;741663;722576;23404;81.8;79.7;2.6
29;2021-10-06;316;1103;1015;741979;723679;24419;81.8;79.8;2.7
29;2021-10-07;283;877;895;742262;724556;25314;81.9;79.9;2.8
29;2021-10-08;460;1208;1383;742722;725764;26697;81.9;80.1;2.9
29;2021-10-09;313;934;519;743035;726698;27216;82.0;80.2;3.0
29;2021-10-10;5;18;11;743040;726716;27227;82.0;80.2;3.0
29;2021-10-11;278;836;917;743318;727552;28144;82.0;80.3;3.1
29;2021-10-12;229;580;978;743547;728132;29122;82.0;80.3;3.2
29;2021-10-13;293;723;1121;743840;728855;30243;82.1;80.4;3.3
29;2021-10-14;277;640;1119;744117;729495;31362;82.1;80.5;3.5
29;2021-10-15;362;702;1260;744479;730197;32622;82.1;80.5;3.6
29;2021-10-16;303;575;639;744782;730772;33261;82.2;80.6;3.7
29;2021-10-17;13;27;29;744795;730799;33290;82.2;80.6;3.7
29;2021-10-18;207;521;858;745002;731320;34148;82.2;80.7;3.8
29;2021-10-19;203;348;950;745205;731668;35098;82.2;80.7;3.9
29;2021-10-20;306;524;1490;745511;732192;36588;82.2;80.8;4.0
29;2021-10-21;217;397;1143;745728;732589;37731;82.3;80.8;4.2
29;2021-10-22;307;554;1441;746035;733143;39172;82.3;80.9;4.3
29;2021-10-23;274;445;932;746309;733588;40104;82.3;80.9;4.4
29;2021-10-24;1;16;3;746310;733604;40107;82.3;80.9;4.4
29;2021-10-25;168;327;843;746478;733931;40950;82.3;81.0;4.5
29;2021-10-26;172;261;966;746650;734192;41916;82.4;81.0;4.6
29;2021-10-27;317;408;1841;746967;734600;43757;82.4;81.0;4.8
29;2021-10-28;268;329;1398;747235;734929;45155;82.4;81.1;5.0
29;2021-10-29;266;418;1668;747501;735347;46823;82.5;81.1;5.2
29;2021-10-30;209;376;1258;747710;735723;48081;82.5;81.2;5.3
29;2021-10-31;6;14;20;747716;735737;48101;82.5;81.2;5.3
29;2021-11-01;23;8;22;747739;735745;48123;82.5;81.2;5.3
29;2021-11-02;170;272;1205;747909;736017;49328;82.5;81.2;5.4
29;2021-11-03;196;267;1381;748105;736284;50709;82.5;81.2;5.6
29;2021-11-04;212;354;1556;748317;736638;52265;82.5;81.3;5.8
29;2021-11-05;272;395;2464;748589;737033;54729;82.6;81.3;6.0
29;2021-11-06;258;397;1382;748847;737430;56111;82.6;81.3;6.2
29;2021-11-07;10;28;66;748857;737458;56177;82.6;81.3;6.2
29;2021-11-08;157;272;1818;749014;737730;57995;82.6;81.4;6.4
29;2021-11-09;162;261;2251;749176;737991;60246;82.6;81.4;6.6
29;2021-11-10;221;323;2842;749397;738314;63088;82.7;81.4;7.0
29;2021-11-11;8;13;62;749405;738327;63150;82.7;81.4;7.0
29;2021-11-12;200;356;2468;749605;738683;65618;82.7;81.5;7.2
29;2021-11-13;242;329;1684;749847;739012;67302;82.7;81.5;7.4
29;2021-11-14;11;11;70;749858;739023;67372;82.7;81.5;7.4
29;2021-11-15;181;218;2744;750039;739241;70116;82.7;81.5;7.7
29;2021-11-16;196;209;3385;750235;739450;73501;82.8;81.6;8.1
29;2021-11-17;303;316;3373;750538;739766;76874;82.8;81.6;8.5
29;2021-11-18;242;283;3920;750780;740049;80794;82.8;81.6;8.9
29;2021-11-19;340;423;5079;751120;740472;85873;82.9;81.7;9.5
29;2021-11-20;310;284;2357;751430;740756;88230;82.9;81.7;9.7
29;2021-11-21;35;23;134;751465;740779;88364;82.9;81.7;9.7
29;2021-11-22;216;177;3325;751681;740956;91689;82.9;81.7;10.1
29;2021-11-23;224;178;3828;751905;741134;95517;82.9;81.8;10.5
29;2021-11-24;297;289;3997;752202;741423;99514;83.0;81.8;11.0
29;2021-11-25;264;208;4844;752466;741631;104358;83.0;81.8;11.5
29;2021-11-26;323;447;7229;752789;742078;111587;83.0;81.9;12.3
29;2021-11-27;264;296;4026;753053;742374;115613;83.1;81.9;12.8
29;2021-11-28;21;21;405;753074;742395;116018;83.1;81.9;12.8
29;2021-11-29;182;206;4756;753256;742601;120774;83.1;81.9;13.3
29;2021-11-30;248;218;7937;753504;742819;128711;83.1;81.9;14.2
29;2021-12-01;212;238;7522;753716;743057;136233;83.1;82.0;15.0
29;2021-12-02;217;210;9785;753933;743267;146018;83.2;82.0;16.1
29;2021-12-03;217;284;10400;754150;743551;156418;83.2;82.0;17.3
29;2021-12-04;146;330;4902;754296;743881;161320;83.2;82.1;17.8
29;2021-12-05;12;27;782;754308;743908;162102;83.2;82.1;17.9
29;2021-12-06;169;268;7794;754477;744176;169896;83.2;82.1;18.7
29;2021-12-07;213;251;11014;754690;744427;180910;83.2;82.1;20.0
29;2021-12-08;194;326;9061;754884;744753;189971;83.3;82.2;21.0
29;2021-12-09;228;247;12336;755112;745000;202307;83.3;82.2;22.3
29;2021-12-10;281;402;13843;755393;745402;216150;83.3;82.2;23.8
29;2021-12-11;172;363;7271;755565;745765;223421;83.3;82.3;24.6
29;2021-12-12;40;64;1681;755605;745829;225102;83.3;82.3;24.8
29;2021-12-13;196;243;8808;755801;746072;233910;83.4;82.3;25.8
29;2021-12-14;217;291;13225;756018;746363;247135;83.4;82.3;27.3
29;2021-12-15;273;283;12479;756291;746646;259614;83.4;82.4;28.6
29;2021-12-16;252;318;14190;756543;746964;273804;83.5;82.4;30.2
29;2021-12-17;319;466;15381;756862;747430;289185;83.5;82.4;31.9
29;2021-12-18;243;355;8701;757105;747785;297886;83.5;82.5;32.9
29;2021-12-19;56;79;2256;757161;747864;300142;83.5;82.5;33.1
29;2021-12-20;344;390;10931;757505;748254;311073;83.6;82.5;34.3
29;2021-12-21;376;350;12474;757881;748604;323547;83.6;82.6;35.7
29;2021-12-22;371;398;10430;758252;749002;333977;83.6;82.6;36.8
2A;2020-12-27;0;0;0;0;0;0;0.0;0.0;0.0
2A;2020-12-28;0;0;0;0;0;0;0.0;0.0;0.0
2A;2020-12-29;0;0;0;0;0;0;0.0;0.0;0.0
2A;2020-12-30;0;0;0;0;0;0;0.0;0.0;0.0
2A;2020-12-31;0;0;0;0;0;0;0.0;0.0;0.0
2A;2021-01-01;0;0;0;0;0;0;0.0;0.0;0.0
2A;2021-01-02;0;0;0;0;0;0;0.0;0.0;0.0
2A;2021-01-03;0;0;0;0;0;0;0.0;0.0;0.0
2A;2021-01-04;0;0;0;0;0;0;0.0;0.0;0.0
2A;2021-01-05;1;0;0;1;0;0;0.0;0.0;0.0
2A;2021-01-06;6;0;0;7;0;0;0.0;0.0;0.0
2A;2021-01-07;109;1;0;116;1;0;0.1;0.0;0.0
2A;2021-01-08;108;1;0;224;2;0;0.1;0.0;0.0
2A;2021-01-09;38;0;0;262;2;0;0.2;0.0;0.0
2A;2021-01-10;28;0;0;290;2;0;0.2;0.0;0.0
2A;2021-01-11;76;0;0;366;2;0;0.2;0.0;0.0
2A;2021-01-12;82;0;0;448;2;0;0.3;0.0;0.0
2A;2021-01-13;114;1;0;562;3;0;0.3;0.0;0.0
2A;2021-01-14;191;1;0;753;4;0;0.5;0.0;0.0
2A;2021-01-15;136;0;0;889;4;0;0.5;0.0;0.0
2A;2021-01-16;141;2;0;1030;6;0;0.6;0.0;0.0
2A;2021-01-17;72;1;0;1102;7;0;0.7;0.0;0.0
2A;2021-01-18;193;2;0;1295;9;0;0.8;0.0;0.0
2A;2021-01-19;461;5;0;1756;14;0;1.1;0.0;0.0
2A;2021-01-20;349;2;0;2105;16;0;1.3;0.0;0.0
2A;2021-01-21;435;1;0;2540;17;0;1.6;0.0;0.0
2A;2021-01-22;352;0;0;2892;17;0;1.8;0.0;0.0
2A;2021-01-23;171;0;0;3063;17;0;1.9;0.0;0.0
2A;2021-01-24;110;1;0;3173;18;0;2.0;0.0;0.0
2A;2021-01-25;206;0;0;3379;18;0;2.1;0.0;0.0
2A;2021-01-26;400;9;0;3779;27;0;2.3;0.0;0.0
2A;2021-01-27;295;6;0;4074;33;0;2.5;0.0;0.0
2A;2021-01-28;317;72;0;4391;105;0;2.7;0.1;0.0
2A;2021-01-29;329;59;0;4720;164;0;2.9;0.1;0.0
2A;2021-01-30;112;33;0;4832;197;0;3.0;0.1;0.0
2A;2021-01-31;73;11;0;4905;208;0;3.0;0.1;0.0
2A;2021-02-01;216;50;0;5121;258;0;3.2;0.2;0.0
2A;2021-02-02;282;117;0;5403;375;0;3.3;0.2;0.0
2A;2021-02-03;257;72;0;5660;447;0;3.5;0.3;0.0
2A;2021-02-04;247;128;0;5907;575;0;3.6;0.4;0.0
2A;2021-02-05;260;96;0;6167;671;0;3.8;0.4;0.0
2A;2021-02-06;115;58;0;6282;729;0;3.9;0.4;0.0
2A;2021-02-07;49;45;0;6331;774;0;3.9;0.5;0.0
2A;2021-02-08;95;191;0;6426;965;0;4.0;0.6;0.0
2A;2021-02-09;147;285;0;6573;1250;0;4.0;0.8;0.0
2A;2021-02-10;170;214;0;6743;1464;0;4.2;0.9;0.0
2A;2021-02-11;292;324;0;7035;1788;0;4.3;1.1;0.0
2A;2021-02-12;319;283;0;7354;2071;0;4.5;1.3;0.0
2A;2021-02-13;211;58;0;7565;2129;0;4.7;1.3;0.0
2A;2021-02-14;114;70;0;7679;2199;0;4.7;1.4;0.0
2A;2021-02-15;187;180;0;7866;2379;0;4.8;1.5;0.0
2A;2021-02-16;359;319;0;8225;2698;0;5.1;1.7;0.0
2A;2021-02-17;269;181;0;8494;2879;0;5.2;1.8;0.0
2A;2021-02-18;325;198;0;8819;3077;0;5.4;1.9;0.0
2A;2021-02-19;147;286;0;8966;3363;0;5.5;2.1;0.0
2A;2021-02-20;221;117;0;9187;3480;0;5.7;2.1;0.0
2A;2021-02-21;47;42;0;9234;3522;0;5.7;2.2;0.0
2A;2021-02-22;79;203;0;9313;3725;0;5.7;2.3;0.0
2A;2021-02-23;114;284;0;9427;4009;0;5.8;2.5;0.0
2A;2021-02-24;84;280;0;9511;4289;0;5.9;2.6;0.0
2A;2021-02-25;112;258;0;9623;4547;0;5.9;2.8;0.0
2A;2021-02-26;121;251;0;9744;4798;0;6.0;3.0;0.0
2A;2021-02-27;289;66;0;10033;4864;0;6.2;3.0;0.0
2A;2021-02-28;60;54;0;10093;4918;0;6.2;3.0;0.0
2A;2021-03-01;116;140;0;10209;5058;0;6.3;3.1;0.0
2A;2021-03-02;197;269;0;10406;5327;0;6.4;3.3;0.0
2A;2021-03-03;232;242;0;10638;5569;0;6.5;3.4;0.0
2A;2021-03-04;493;206;0;11131;5775;0;6.9;3.6;0.0
2A;2021-03-05;929;287;0;12060;6062;0;7.4;3.7;0.0
2A;2021-03-06;1096;76;0;13156;6138;0;8.1;3.8;0.0
2A;2021-03-07;917;41;0;14073;6179;0;8.7;3.8;0.0
2A;2021-03-08;874;97;0;14947;6276;0;9.2;3.9;0.0
2A;2021-03-09;882;166;0;15829;6442;0;9.7;4.0;0.0
2A;2021-03-10;612;139;0;16441;6581;0;10.1;4.1;0.0
2A;2021-03-11;685;274;0;17126;6855;0;10.5;4.2;0.0
2A;2021-03-12;563;298;0;17689;7153;0;10.9;4.4;0.0
2A;2021-03-13;578;192;0;18267;7345;0;11.2;4.5;0.0
2A;2021-03-14;298;108;0;18565;7453;0;11.4;4.6;0.0
2A;2021-03-15;380;192;0;18945;7645;0;11.7;4.7;0.0
2A;2021-03-16;484;345;0;19429;7990;0;12.0;4.9;0.0
2A;2021-03-17;681;255;0;20110;8245;0;12.4;5.1;0.0
2A;2021-03-18;438;294;0;20548;8539;0;12.7;5.3;0.0
2A;2021-03-19;515;149;0;21063;8688;0;13.0;5.3;0.0
2A;2021-03-20;1005;246;0;22068;8934;0;13.6;5.5;0.0
2A;2021-03-21;631;49;0;22699;8983;0;14.0;5.5;0.0
2A;2021-03-22;333;67;0;23032;9050;0;14.2;5.6;0.0
2A;2021-03-23;493;55;0;23525;9105;0;14.5;5.6;0.0
2A;2021-03-24;825;90;0;24350;9195;0;15.0;5.7;0.0
2A;2021-03-25;901;136;0;25251;9331;0;15.5;5.7;0.0
2A;2021-03-26;1026;152;0;26277;9483;0;16.2;5.8;0.0
2A;2021-03-27;1118;191;0;27395;9674;0;16.9;6.0;0.0
2A;2021-03-28;232;86;0;27627;9760;0;17.0;6.0;0.0
2A;2021-03-29;289;126;0;27916;9886;0;17.2;6.1;0.0
2A;2021-03-30;385;233;0;28301;10119;0;17.4;6.2;0.0
2A;2021-03-31;453;225;0;28754;10344;0;17.7;6.4;0.0
2A;2021-04-01;604;424;0;29358;10768;0;18.1;6.6;0.0
2A;2021-04-02;846;761;0;30204;11529;0;18.6;7.1;0.0
2A;2021-04-03;616;923;0;30820;12452;0;19.0;7.7;0.0
2A;2021-04-04;528;694;0;31348;13146;0;19.3;8.1;0.0
2A;2021-04-05;476;639;0;31824;13785;0;19.6;8.5;0.0
2A;2021-04-06;497;522;0;32321;14307;0;19.9;8.8;0.0
2A;2021-04-07;708;417;0;33029;14724;0;20.3;9.1;0.0
2A;2021-04-08;955;353;0;33984;15077;0;20.9;9.3;0.0
2A;2021-04-09;865;389;0;34849;15466;0;21.5;9.5;0.0
2A;2021-04-10;953;364;0;35802;15830;0;22.0;9.7;0.0
2A;2021-04-11;327;242;0;36129;16072;0;22.2;9.9;0.0
2A;2021-04-12;614;355;0;36743;16427;0;22.6;10.1;0.0
2A;2021-04-13;303;377;0;37046;16804;0;22.8;10.3;0.0
2A;2021-04-14;961;572;0;38007;17376;0;23.4;10.7;0.0
2A;2021-04-15;921;514;0;38928;17890;0;24.0;11.0;0.0
2A;2021-04-16;788;380;0;39716;18270;0;24.5;11.2;0.0
2A;2021-04-17;1214;875;0;40930;19145;0;25.2;11.8;0.0
2A;2021-04-18;868;852;0;41798;19997;0;25.7;12.3;0.0
2A;2021-04-19;230;330;0;42028;20327;0;25.9;12.5;0.0
2A;2021-04-20;305;343;0;42333;20670;0;26.1;12.7;0.0
2A;2021-04-21;647;702;0;42980;21372;0;26.5;13.2;0.0
2A;2021-04-22;794;628;0;43774;22000;0;27.0;13.5;0.0
2A;2021-04-23;875;732;0;44649;22732;0;27.5;14.0;0.0
2A;2021-04-24;1542;914;0;46191;23646;0;28.4;14.6;0.0
2A;2021-04-25;844;277;0;47035;23923;0;29.0;14.7;0.0
2A;2021-04-26;298;218;0;47333;24141;0;29.1;14.9;0.0
2A;2021-04-27;302;355;0;47635;24496;0;29.3;15.1;0.0
2A;2021-04-28;1475;411;0;49110;24907;0;30.2;15.3;0.0
2A;2021-04-29;949;360;0;50059;25267;0;30.8;15.6;0.0
2A;2021-04-30;1020;970;0;51079;26237;0;31.4;16.2;0.0
2A;2021-05-01;868;546;0;51947;26783;0;32.0;16.5;0.0
2A;2021-05-02;574;632;0;52521;27415;0;32.3;16.9;0.0
2A;2021-05-03;545;530;0;53066;27945;0;32.7;17.2;0.0
2A;2021-05-04;670;504;0;53736;28449;0;33.1;17.5;0.0
2A;2021-05-05;880;918;0;54616;29367;0;33.6;18.1;0.0
2A;2021-05-06;788;845;0;55404;30212;0;34.1;18.6;0.0
2A;2021-05-07;949;745;0;56353;30957;0;34.7;19.1;0.0
2A;2021-05-08;372;456;0;56725;31413;0;34.9;19.3;0.0
2A;2021-05-09;635;580;0;57360;31993;0;35.3;19.7;0.0
2A;2021-05-10;375;687;0;57735;32680;0;35.5;20.1;0.0
2A;2021-05-11;503;391;0;58238;33071;0;35.9;20.4;0.0
2A;2021-05-12;696;441;0;58934;33512;0;36.3;20.6;0.0
2A;2021-05-13;667;101;0;59601;33613;0;36.7;20.7;0.0
2A;2021-05-14;560;587;0;60161;34200;0;37.0;21.1;0.0
2A;2021-05-15;623;584;0;60784;34784;0;37.4;21.4;0.0
2A;2021-05-16;548;422;0;61332;35206;0;37.8;21.7;0.0
2A;2021-05-17;449;504;0;61781;35710;0;38.0;22.0;0.0
2A;2021-05-18;494;450;0;62275;36160;0;38.3;22.3;0.0
2A;2021-05-19;635;426;0;62910;36586;0;38.7;22.5;0.0
2A;2021-05-20;581;486;0;63491;37072;0;39.1;22.8;0.0
2A;2021-05-21;421;420;0;63912;37492;0;39.3;23.1;0.0
2A;2021-05-22;338;258;0;64250;37750;0;39.6;23.2;0.0
2A;2021-05-23;390;220;0;64640;37970;0;39.8;23.4;0.0
2A;2021-05-24;84;33;0;64724;38003;0;39.8;23.4;0.0
2A;2021-05-25;338;430;0;65062;38433;0;40.1;23.7;0.0
2A;2021-05-26;341;1060;0;65403;39493;0;40.3;24.3;0.0
2A;2021-05-27;361;1022;0;65764;40515;0;40.5;24.9;0.0
2A;2021-05-28;259;834;0;66023;41349;0;40.6;25.5;0.0
2A;2021-05-29;263;816;0;66286;42165;0;40.8;26.0;0.0
2A;2021-05-30;128;446;0;66414;42611;0;40.9;26.2;0.0
2A;2021-05-31;163;397;0;66577;43008;0;41.0;26.5;0.0
2A;2021-06-01;295;635;0;66872;43643;0;41.2;26.9;0.0
2A;2021-06-02;266;867;0;67138;44510;0;41.3;27.4;0.0
2A;2021-06-03;266;800;0;67404;45310;0;41.5;27.9;0.0
2A;2021-06-04;271;959;0;67675;46269;0;41.7;28.5;0.0
2A;2021-06-05;257;1322;0;67932;47591;0;41.8;29.3;0.0
2A;2021-06-06;130;803;0;68062;48394;0;41.9;29.8;0.0
2A;2021-06-07;145;582;0;68207;48976;0;42.0;30.2;0.0
2A;2021-06-08;297;591;0;68504;49567;0;42.2;30.5;0.0
2A;2021-06-09;304;1198;0;68808;50765;0;42.4;31.3;0.0
2A;2021-06-10;316;780;0;69124;51545;0;42.6;31.7;0.0
2A;2021-06-11;251;912;0;69375;52457;0;42.7;32.3;0.0
2A;2021-06-12;189;611;0;69564;53068;0;42.8;32.7;0.0
2A;2021-06-13;133;679;0;69697;53747;0;42.9;33.1;0.0
2A;2021-06-14;217;789;0;69914;54536;0;43.0;33.6;0.0
2A;2021-06-15;213;467;0;70127;55003;0;43.2;33.9;0.0
2A;2021-06-16;184;679;0;70311;55682;0;43.3;34.3;0.0
2A;2021-06-17;202;513;0;70513;56195;0;43.4;34.6;0.0
2A;2021-06-18;229;713;0;70742;56908;0;43.6;35.0;0.0
2A;2021-06-19;186;571;0;70928;57479;0;43.7;35.4;0.0
2A;2021-06-20;121;586;0;71049;58065;0;43.7;35.7;0.0
2A;2021-06-21;163;674;0;71212;58739;0;43.8;36.2;0.0
2A;2021-06-22;218;697;0;71430;59436;0;44.0;36.6;0.0
2A;2021-06-23;182;489;0;71612;59925;0;44.1;36.9;0.0
2A;2021-06-24;130;330;0;71742;60255;0;44.2;37.1;0.0
2A;2021-06-25;164;434;0;71906;60689;0;44.3;37.4;0.0
2A;2021-06-26;160;714;0;72066;61403;0;44.4;37.8;0.0
2A;2021-06-27;149;645;0;72215;62048;0;44.5;38.2;0.0
2A;2021-06-28;164;556;0;72379;62604;0;44.6;38.5;0.0
2A;2021-06-29;192;585;0;72571;63189;0;44.7;38.9;0.0
2A;2021-06-30;196;420;0;72767;63609;0;44.8;39.2;0.0
2A;2021-07-01;219;433;0;72986;64042;0;44.9;39.4;0.0
2A;2021-07-02;194;334;0;73180;64376;0;45.1;39.6;0.0
2A;2021-07-03;172;520;0;73352;64896;0;45.2;40.0;0.0
2A;2021-07-04;130;501;0;73482;65397;0;45.2;40.3;0.0
2A;2021-07-05;165;222;0;73647;65619;0;45.3;40.4;0.0
2A;2021-07-06;214;334;0;73861;65953;0;45.5;40.6;0.0
2A;2021-07-07;345;507;0;74206;66460;0;45.7;40.9;0.0
2A;2021-07-08;471;511;0;74677;66971;0;46.0;41.2;0.0
2A;2021-07-09;313;351;0;74990;67322;0;46.2;41.4;0.0
2A;2021-07-10;260;313;0;75250;67635;0;46.3;41.6;0.0
2A;2021-07-11;62;104;0;75312;67739;0;46.4;41.7;0.0
2A;2021-07-12;279;313;0;75591;68052;0;46.5;41.9;0.0
2A;2021-07-13;950;440;0;76541;68492;0;47.1;42.2;0.0
2A;2021-07-14;1301;227;0;77842;68719;0;47.9;42.3;0.0
2A;2021-07-15;1092;549;0;78934;69268;0;48.6;42.6;0.0
2A;2021-07-16;871;331;0;79805;69599;0;49.1;42.9;0.0
2A;2021-07-17;865;289;0;80670;69888;0;49.7;43.0;0.0
2A;2021-07-18;427;89;0;81097;69977;0;49.9;43.1;0.0
2A;2021-07-19;696;321;0;81793;70298;0;50.4;43.3;0.0
2A;2021-07-20;900;347;0;82693;70645;0;50.9;43.5;0.0
2A;2021-07-21;1028;492;0;83721;71137;0;51.5;43.8;0.0
2A;2021-07-22;943;503;0;84664;71640;0;52.1;44.1;0.0
2A;2021-07-23;1012;315;0;85676;71955;0;52.7;44.3;0.0
2A;2021-07-24;666;214;0;86342;72169;0;53.2;44.4;0.0
2A;2021-07-25;282;56;0;86624;72225;0;53.3;44.5;0.0
2A;2021-07-26;732;311;0;87356;72536;0;53.8;44.7;0.0
2A;2021-07-27;813;361;0;88169;72897;0;54.3;44.9;0.0
2A;2021-07-28;870;404;0;89039;73301;0;54.8;45.1;0.0
2A;2021-07-29;848;417;0;89887;73718;0;55.3;45.4;0.0
2A;2021-07-30;638;423;0;90525;74141;0;55.7;45.6;0.0
2A;2021-07-31;396;254;0;90921;74395;0;56.0;45.8;0.0
2A;2021-08-01;312;54;0;91233;74449;0;56.2;45.8;0.0
2A;2021-08-02;304;344;0;91537;74793;0;56.4;46.0;0.0
2A;2021-08-03;548;657;0;92085;75450;0;56.7;46.5;0.0
2A;2021-08-04;538;897;0;92623;76347;0;57.0;47.0;0.0
2A;2021-08-05;635;969;0;93258;77316;0;57.4;47.6;0.0
2A;2021-08-06;342;596;0;93600;77912;0;57.6;48.0;0.0
2A;2021-08-07;267;713;0;93867;78625;0;57.8;48.4;0.0
2A;2021-08-08;73;172;0;93940;78797;0;57.8;48.5;0.0
2A;2021-08-09;497;826;0;94437;79623;0;58.1;49.0;0.0
2A;2021-08-10;477;820;0;94914;80443;0;58.4;49.5;0.0
2A;2021-08-11;485;754;0;95399;81197;0;58.7;50.0;0.0
2A;2021-08-12;549;1056;0;95948;82253;0;59.1;50.6;0.0
2A;2021-08-13;397;806;0;96345;83059;0;59.3;51.1;0.0
2A;2021-08-14;338;572;0;96683;83631;0;59.5;51.5;0.0
2A;2021-08-15;27;26;0;96710;83657;0;59.5;51.5;0.0
2A;2021-08-16;401;919;0;97111;84576;0;59.8;52.1;0.0
2A;2021-08-17;647;904;0;97758;85480;0;60.2;52.6;0.0
2A;2021-08-18;426;837;0;98184;86317;0;60.5;53.1;0.0
2A;2021-08-19;341;711;0;98525;87028;0;60.7;53.6;0.0
2A;2021-08-20;293;451;0;98818;87479;0;60.8;53.9;0.0
2A;2021-08-21;182;407;0;99000;87886;0;61.0;54.1;0.0
2A;2021-08-22;115;350;0;99115;88236;0;61.0;54.3;0.0
2A;2021-08-23;286;528;0;99401;88764;0;61.2;54.7;0.0
2A;2021-08-24;279;623;0;99680;89387;0;61.4;55.0;0.0
2A;2021-08-25;324;674;0;100004;90061;0;61.6;55.4;0.0
2A;2021-08-26;309;619;0;100313;90680;0;61.8;55.8;0.0
2A;2021-08-27;208;575;0;100521;91255;0;61.9;56.2;0.0
2A;2021-08-28;213;294;0;100734;91549;0;62.0;56.4;0.0
2A;2021-08-29;78;96;0;100812;91645;0;62.1;56.4;0.0
2A;2021-08-30;236;468;27;101048;92113;27;62.2;56.7;0.0
2A;2021-08-31;168;449;29;101216;92562;56;62.3;57.0;0.0
2A;2021-09-01;333;595;56;101549;93157;112;62.5;57.4;0.1
2A;2021-09-02;258;521;81;101807;93678;193;62.7;57.7;0.1
2A;2021-09-03;210;418;130;102017;94096;323;62.8;57.9;0.2
2A;2021-09-04;130;338;32;102147;94434;355;62.9;58.1;0.2
2A;2021-09-05;28;23;17;102175;94457;372;62.9;58.2;0.2
2A;2021-09-06;111;303;80;102286;94760;452;63.0;58.3;0.3
2A;2021-09-07;193;464;148;102479;95224;600;63.1;58.6;0.4
2A;2021-09-08;207;553;123;102686;95777;723;63.2;59.0;0.4
2A;2021-09-09;199;413;114;102885;96190;837;63.3;59.2;0.5
2A;2021-09-10;171;334;122;103056;96524;959;63.4;59.4;0.6
2A;2021-09-11;130;258;50;103186;96782;1009;63.5;59.6;0.6
2A;2021-09-12;36;66;46;103222;96848;1055;63.6;59.6;0.6
2A;2021-09-13;122;179;57;103344;97027;1112;63.6;59.7;0.7
2A;2021-09-14;212;213;176;103556;97240;1288;63.8;59.9;0.8
2A;2021-09-15;182;456;143;103738;97696;1431;63.9;60.1;0.9
2A;2021-09-16;205;324;175;103943;98020;1606;64.0;60.3;1.0
2A;2021-09-17;127;184;84;104070;98204;1690;64.1;60.5;1.0
2A;2021-09-18;87;250;106;104157;98454;1796;64.1;60.6;1.1
2A;2021-09-19;11;47;14;104168;98501;1810;64.1;60.6;1.1
2A;2021-09-20;48;155;101;104216;98656;1911;64.2;60.7;1.2
2A;2021-09-21;81;222;210;104297;98878;2121;64.2;60.9;1.3
2A;2021-09-22;96;378;225;104393;99256;2346;64.3;61.1;1.4
2A;2021-09-23;85;273;159;104478;99529;2505;64.3;61.3;1.5
2A;2021-09-24;66;269;102;104544;99798;2607;64.4;61.4;1.6
2A;2021-09-25;75;141;41;104619;99939;2648;64.4;61.5;1.6
2A;2021-09-26;14;31;2;104633;99970;2650;64.4;61.5;1.6
2A;2021-09-27;43;104;69;104676;100074;2719;64.4;61.6;1.7
2A;2021-09-28;82;134;133;104758;100208;2852;64.5;61.7;1.8
2A;2021-09-29;115;286;132;104873;100494;2984;64.6;61.9;1.8
2A;2021-09-30;77;201;219;104950;100695;3203;64.6;62.0;2.0
2A;2021-10-01;126;125;210;105076;100820;3413;64.7;62.1;2.1
2A;2021-10-02;83;136;68;105159;100956;3481;64.7;62.2;2.1
2A;2021-10-03;17;38;23;105176;100994;3504;64.8;62.2;2.2
2A;2021-10-04;73;79;107;105249;101073;3611;64.8;62.2;2.2
2A;2021-10-05;51;124;118;105300;101197;3729;64.8;62.3;2.3
2A;2021-10-06;69;128;156;105369;101325;3885;64.9;62.4;2.4
2A;2021-10-07;62;119;147;105431;101444;4032;64.9;62.5;2.5
2A;2021-10-08;73;131;127;105504;101575;4159;65.0;62.5;2.6
2A;2021-10-09;75;220;212;105579;101795;4371;65.0;62.7;2.7
2A;2021-10-10;56;71;171;105635;101866;4542;65.0;62.7;2.8
2A;2021-10-11;44;78;110;105679;101944;4652;65.1;62.8;2.9
2A;2021-10-12;46;70;107;105725;102014;4759;65.1;62.8;2.9
2A;2021-10-13;66;127;234;105791;102141;4993;65.1;62.9;3.1
2A;2021-10-14;73;129;206;105864;102270;5199;65.2;63.0;3.2
2A;2021-10-15;85;94;193;105949;102364;5392;65.2;63.0;3.3
2A;2021-10-16;82;154;332;106031;102518;5724;65.3;63.1;3.5
2A;2021-10-17;38;37;109;106069;102555;5833;65.3;63.1;3.6
2A;2021-10-18;59;82;155;106128;102637;5988;65.3;63.2;3.7
2A;2021-10-19;45;75;207;106173;102712;6195;65.4;63.2;3.8
2A;2021-10-20;82;90;272;106255;102802;6467;65.4;63.3;4.0
2A;2021-10-21;62;79;312;106317;102881;6779;65.5;63.3;4.2
2A;2021-10-22;64;107;287;106381;102988;7066;65.5;63.4;4.4
2A;2021-10-23;60;96;203;106441;103084;7269;65.5;63.5;4.5
2A;2021-10-24;32;45;128;106473;103129;7397;65.6;63.5;4.6
2A;2021-10-25;50;55;181;106523;103184;7578;65.6;63.5;4.7
2A;2021-10-26;41;60;216;106564;103244;7794;65.6;63.6;4.8
2A;2021-10-27;71;93;333;106635;103337;8127;65.7;63.6;5.0
2A;2021-10-28;48;74;276;106683;103411;8403;65.7;63.7;5.2
2A;2021-10-29;53;78;353;106736;103489;8756;65.7;63.7;5.4
2A;2021-10-30;51;81;255;106787;103570;9011;65.7;63.8;5.5
2A;2021-10-31;27;61;96;106814;103631;9107;65.8;63.8;5.6
2A;2021-11-01;14;9;6;106828;103640;9113;65.8;63.8;5.6
2A;2021-11-02;50;49;140;106878;103689;9253;65.8;63.8;5.7
2A;2021-11-03;60;69;340;106938;103758;9593;65.8;63.9;5.9
2A;2021-11-04;54;64;358;106992;103822;9951;65.9;63.9;6.1
2A;2021-11-05;58;94;500;107050;103916;10451;65.9;64.0;6.4
2A;2021-11-06;88;74;303;107138;103990;10754;66.0;64.0;6.6
2A;2021-11-07;31;43;124;107169;104033;10878;66.0;64.1;6.7
2A;2021-11-08;39;73;338;107208;104106;11216;66.0;64.1;6.9
2A;2021-11-09;44;62;456;107252;104168;11672;66.0;64.1;7.2
2A;2021-11-10;73;76;515;107325;104244;12187;66.1;64.2;7.5
2A;2021-11-11;20;12;82;107345;104256;12269;66.1;64.2;7.6
2A;2021-11-12;40;70;518;107385;104326;12787;66.1;64.2;7.9
2A;2021-11-13;69;71;711;107454;104397;13498;66.2;64.3;8.3
2A;2021-11-14;35;53;265;107489;104450;13763;66.2;64.3;8.5
2A;2021-11-15;47;74;538;107536;104524;14301;66.2;64.4;8.8
2A;2021-11-16;60;86;517;107596;104610;14818;66.2;64.4;9.1
2A;2021-11-17;58;79;622;107654;104689;15440;66.3;64.5;9.5
2A;2021-11-18;62;48;662;107716;104737;16102;66.3;64.5;9.9
2A;2021-11-19;74;87;720;107790;104824;16822;66.4;64.5;10.4
2A;2021-11-20;100;83;551;107890;104907;17373;66.4;64.6;10.7
2A;2021-11-21;65;39;370;107955;104946;17743;66.5;64.6;10.9
2A;2021-11-22;55;53;648;108010;104999;18391;66.5;64.6;11.3
2A;2021-11-23;53;62;772;108063;105061;19163;66.5;64.7;11.8
2A;2021-11-24;90;74;731;108153;105135;19894;66.6;64.7;12.2
2A;2021-11-25;75;97;1041;108228;105232;20935;66.6;64.8;12.9
2A;2021-11-26;63;83;1478;108291;105315;22413;66.7;64.8;13.8
2A;2021-11-27;124;110;1470;108415;105425;23883;66.7;64.9;14.7
2A;2021-11-28;66;42;1012;108481;105467;24895;66.8;64.9;15.3
2A;2021-11-29;72;71;1135;108553;105538;26030;66.8;65.0;16.0
2A;2021-11-30;73;59;1261;108626;105597;27291;66.9;65.0;16.8
2A;2021-12-01;93;93;1264;108719;105690;28555;66.9;65.1;17.6
2A;2021-12-02;62;65;1587;108781;105755;30142;67.0;65.1;18.6
2A;2021-12-03;88;82;1734;108869;105837;31876;67.0;65.2;19.6
2A;2021-12-04;90;104;1857;108959;105941;33733;67.1;65.2;20.8
2A;2021-12-05;46;55;950;109005;105996;34683;67.1;65.3;21.4
2A;2021-12-06;77;75;1175;109082;106071;35858;67.2;65.3;22.1
2A;2021-12-07;57;84;1295;109139;106155;37153;67.2;65.4;22.9
2A;2021-12-08;53;93;1275;109192;106248;38428;67.2;65.4;23.7
2A;2021-12-09;55;92;1450;109247;106340;39878;67.3;65.5;24.6
2A;2021-12-10;76;113;1516;109323;106453;41394;67.3;65.5;25.5
2A;2021-12-11;66;99;1471;109389;106552;42865;67.3;65.6;26.4
2A;2021-12-12;55;95;798;109444;106647;43663;67.4;65.7;26.9
2A;2021-12-13;44;73;1138;109488;106720;44801;67.4;65.7;27.6
2A;2021-12-14;47;82;1337;109535;106802;46138;67.4;65.8;28.4
2A;2021-12-15;84;118;1322;109619;106920;47460;67.5;65.8;29.2
2A;2021-12-16;71;109;1457;109690;107029;48917;67.5;65.9;30.1
2A;2021-12-17;80;102;1334;109770;107131;50251;67.6;66.0;30.9
2A;2021-12-18;113;131;1272;109883;107262;51523;67.7;66.0;31.7
2A;2021-12-19;82;88;967;109965;107350;52490;67.7;66.1;32.3
2A;2021-12-20;93;106;807;110058;107456;53297;67.8;66.2;32.8
2A;2021-12-21;74;101;817;110132;107557;54114;67.8;66.2;33.3
2A;2021-12-22;77;91;705;110209;107648;54819;67.9;66.3;33.8
2B;2020-12-27;0;0;0;0;0;0;0.0;0.0;0.0
2B;2020-12-28;3;0;0;3;0;0;0.0;0.0;0.0
2B;2020-12-29;0;0;0;3;0;0;0.0;0.0;0.0
2B;2020-12-30;0;0;0;3;0;0;0.0;0.0;0.0
2B;2020-12-31;0;0;0;3;0;0;0.0;0.0;0.0
2B;2021-01-01;0;0;0;3;0;0;0.0;0.0;0.0
2B;2021-01-02;0;0;0;3;0;0;0.0;0.0;0.0
2B;2021-01-03;0;0;0;3;0;0;0.0;0.0;0.0
2B;2021-01-04;1;0;0;4;0;0;0.0;0.0;0.0
2B;2021-01-05;0;0;0;4;0;0;0.0;0.0;0.0
2B;2021-01-06;48;1;0;52;1;0;0.0;0.0;0.0
2B;2021-01-07;203;0;0;255;1;0;0.1;0.0;0.0
2B;2021-01-08;189;5;0;444;6;0;0.2;0.0;0.0
2B;2021-01-09;42;1;0;486;7;0;0.3;0.0;0.0
2B;2021-01-10;5;0;0;491;7;0;0.3;0.0;0.0
2B;2021-01-11;70;0;0;561;7;0;0.3;0.0;0.0
2B;2021-01-12;129;1;0;690;8;0;0.4;0.0;0.0
2B;2021-01-13;95;0;0;785;8;0;0.4;0.0;0.0
2B;2021-01-14;72;0;0;857;8;0;0.5;0.0;0.0
2B;2021-01-15;258;2;0;1115;10;0;0.6;0.0;0.0
2B;2021-01-16;51;0;0;1166;10;0;0.6;0.0;0.0
2B;2021-01-17;10;0;0;1176;10;0;0.6;0.0;0.0
2B;2021-01-18;265;1;0;1441;11;0;0.8;0.0;0.0
2B;2021-01-19;485;2;0;1926;13;0;1.1;0.0;0.0
2B;2021-01-20;427;3;0;2353;16;0;1.3;0.0;0.0
2B;2021-01-21;345;0;0;2698;16;0;1.5;0.0;0.0
2B;2021-01-22;374;1;0;3072;17;0;1.7;0.0;0.0
2B;2021-01-23;63;0;0;3135;17;0;1.7;0.0;0.0
2B;2021-01-24;26;0;0;3161;17;0;1.7;0.0;0.0
2B;2021-01-25;204;2;0;3365;19;0;1.8;0.0;0.0
2B;2021-01-26;367;1;0;3732;20;0;2.0;0.0;0.0
2B;2021-01-27;323;48;0;4055;68;0;2.2;0.0;0.0
2B;2021-01-28;342;138;0;4397;206;0;2.4;0.1;0.0
2B;2021-01-29;292;158;0;4689;364;0;2.6;0.2;0.0
2B;2021-01-30;86;35;0;4775;399;0;2.6;0.2;0.0
2B;2021-01-31;66;0;0;4841;399;0;2.7;0.2;0.0
2B;2021-02-01;223;91;0;5064;490;0;2.8;0.3;0.0
2B;2021-02-02;331;77;0;5395;567;0;3.0;0.3;0.0
2B;2021-02-03;490;88;0;5885;655;0;3.2;0.4;0.0
2B;2021-02-04;433;164;0;6318;819;0;3.5;0.4;0.0
2B;2021-02-05;375;101;0;6693;920;0;3.7;0.5;0.0
2B;2021-02-06;81;18;0;6774;938;0;3.7;0.5;0.0
2B;2021-02-07;59;3;0;6833;941;0;3.7;0.5;0.0
2B;2021-02-08;222;149;0;7055;1090;0;3.9;0.6;0.0
2B;2021-02-09;530;292;0;7585;1382;0;4.2;0.8;0.0
2B;2021-02-10;441;211;0;8026;1593;0;4.4;0.9;0.0
2B;2021-02-11;358;134;0;8384;1727;0;4.6;0.9;0.0
2B;2021-02-12;284;123;0;8668;1850;0;4.8;1.0;0.0
2B;2021-02-13;77;15;0;8745;1865;0;4.8;1.0;0.0
2B;2021-02-14;64;4;0;8809;1869;0;4.8;1.0;0.0
2B;2021-02-15;185;129;0;8994;1998;0;4.9;1.1;0.0
2B;2021-02-16;236;274;0;9230;2272;0;5.1;1.2;0.0
2B;2021-02-17;295;276;0;9525;2548;0;5.2;1.4;0.0
2B;2021-02-18;207;330;0;9732;2878;0;5.3;1.6;0.0
2B;2021-02-19;163;285;0;9895;3163;0;5.4;1.7;0.0
2B;2021-02-20;35;66;0;9930;3229;0;5.4;1.8;0.0
2B;2021-02-21;24;28;0;9954;3257;0;5.5;1.8;0.0
2B;2021-02-22;134;172;0;10088;3429;0;5.5;1.9;0.0
2B;2021-02-23;228;333;0;10316;3762;0;5.7;2.1;0.0
2B;2021-02-24;218;279;0;10534;4041;0;5.8;2.2;0.0
2B;2021-02-25;239;321;0;10773;4362;0;5.9;2.4;0.0
2B;2021-02-26;302;274;0;11075;4636;0;6.1;2.5;0.0
2B;2021-02-27;64;87;0;11139;4723;0;6.1;2.6;0.0
2B;2021-02-28;5;62;0;11144;4785;0;6.1;2.6;0.0
2B;2021-03-01;239;254;0;11383;5039;0;6.2;2.8;0.0
2B;2021-03-02;332;361;0;11715;5400;0;6.4;3.0;0.0
2B;2021-03-03;299;413;0;12014;5813;0;6.6;3.2;0.0
2B;2021-03-04;412;384;0;12426;6197;0;6.8;3.4;0.0
2B;2021-03-05;592;359;0;13018;6556;0;7.1;3.6;0.0
2B;2021-03-06;678;97;0;13696;6653;0;7.5;3.7;0.0
2B;2021-03-07;361;60;0;14057;6713;0;7.7;3.7;0.0
2B;2021-03-08;300;236;0;14357;6949;0;7.9;3.8;0.0
2B;2021-03-09;384;463;0;14741;7412;0;8.1;4.1;0.0
2B;2021-03-10;602;408;0;15343;7820;0;8.4;4.3;0.0
2B;2021-03-11;593;335;0;15936;8155;0;8.7;4.5;0.0
2B;2021-03-12;914;225;0;16850;8380;0;9.2;4.6;0.0
2B;2021-03-13;493;105;0;17343;8485;0;9.5;4.7;0.0
2B;2021-03-14;222;67;0;17565;8552;0;9.6;4.7;0.0
2B;2021-03-15;479;201;0;18044;8753;0;9.9;4.8;0.0
2B;2021-03-16;537;270;0;18581;9023;0;10.2;5.0;0.0
2B;2021-03-17;514;246;0;19095;9269;0;10.5;5.1;0.0
2B;2021-03-18;522;219;0;19617;9488;0;10.8;5.2;0.0
2B;2021-03-19;738;197;0;20355;9685;0;11.2;5.3;0.0
2B;2021-03-20;643;37;0;20998;9722;0;11.5;5.3;0.0
2B;2021-03-21;418;34;0;21416;9756;0;11.8;5.4;0.0
2B;2021-03-22;513;129;0;21929;9885;0;12.0;5.4;0.0
2B;2021-03-23;757;247;0;22686;10132;0;12.4;5.6;0.0
2B;2021-03-24;811;214;0;23497;10346;0;12.9;5.7;0.0
2B;2021-03-25;774;154;0;24271;10500;0;13.3;5.8;0.0
2B;2021-03-26;918;179;0;25189;10679;0;13.8;5.9;0.0
2B;2021-03-27;1040;38;0;26229;10717;0;14.4;5.9;0.0
2B;2021-03-28;800;127;0;27029;10844;0;14.8;5.9;0.0
2B;2021-03-29;705;184;0;27734;11028;0;15.2;6.1;0.0
2B;2021-03-30;896;304;0;28630;11332;0;15.7;6.2;0.0
2B;2021-03-31;919;256;0;29549;11588;0;16.2;6.4;0.0
2B;2021-04-01;971;214;0;30520;11802;0;16.7;6.5;0.0
2B;2021-04-02;932;392;0;31452;12194;0;17.3;6.7;0.0
2B;2021-04-03;1190;171;0;32642;12365;0;17.9;6.8;0.0
2B;2021-04-04;190;88;0;32832;12453;0;18.0;6.8;0.0
2B;2021-04-05;122;113;0;32954;12566;0;18.1;6.9;0.0
2B;2021-04-06;932;361;0;33886;12927;0;18.6;7.1;0.0
2B;2021-04-07;1151;418;0;35037;13345;0;19.2;7.3;0.0
2B;2021-04-08;1057;399;0;36094;13744;0;19.8;7.5;0.0
2B;2021-04-09;1111;542;0;37205;14286;0;20.4;7.8;0.0
2B;2021-04-10;1266;251;0;38471;14537;0;21.1;8.0;0.0
2B;2021-04-11;773;78;0;39244;14615;0;21.5;8.0;0.0
2B;2021-04-12;803;516;0;40047;15131;0;22.0;8.3;0.0
2B;2021-04-13;995;602;0;41042;15733;0;22.5;8.6;0.0
2B;2021-04-14;979;466;0;42021;16199;0;23.1;8.9;0.0
2B;2021-04-15;857;505;0;42878;16704;0;23.5;9.2;0.0
2B;2021-04-16;855;598;0;43733;17302;0;24.0;9.5;0.0
2B;2021-04-17;367;433;0;44100;17735;0;24.2;9.7;0.0
2B;2021-04-18;241;332;0;44341;18067;0;24.3;9.9;0.0
2B;2021-04-19;768;424;0;45109;18491;0;24.8;10.1;0.0
2B;2021-04-20;846;793;0;45955;19284;0;25.2;10.6;0.0
2B;2021-04-21;964;585;0;46919;19869;0;25.7;10.9;0.0
2B;2021-04-22;870;701;0;47789;20570;0;26.2;11.3;0.0
2B;2021-04-23;590;599;0;48379;21169;0;26.5;11.6;0.0
2B;2021-04-24;281;743;0;48660;21912;0;26.7;12.0;0.0
2B;2021-04-25;261;457;0;48921;22369;0;26.8;12.3;0.0
2B;2021-04-26;638;864;0;49559;23233;0;27.2;12.7;0.0
2B;2021-04-27;922;830;0;50481;24063;0;27.7;13.2;0.0
2B;2021-04-28;855;809;0;51336;24872;0;28.2;13.6;0.0
2B;2021-04-29;895;830;0;52231;25702;0;28.7;14.1;0.0
2B;2021-04-30;1071;789;0;53302;26491;0;29.2;14.5;0.0
2B;2021-05-01;425;1070;0;53727;27561;0;29.5;15.1;0.0
2B;2021-05-02;300;231;0;54027;27792;0;29.6;15.2;0.0
2B;2021-05-03;911;462;0;54938;28254;0;30.1;15.5;0.0
2B;2021-05-04;735;1063;0;55673;29317;0;30.5;16.1;0.0
2B;2021-05-05;770;1285;0;56443;30602;0;31.0;16.8;0.0
2B;2021-05-06;1165;847;0;57608;31449;0;31.6;17.3;0.0
2B;2021-05-07;964;939;0;58572;32388;0;32.1;17.8;0.0
2B;2021-05-08;387;811;0;58959;33199;0;32.3;18.2;0.0
2B;2021-05-09;369;647;0;59328;33846;0;32.6;18.6;0.0
2B;2021-05-10;823;776;0;60151;34622;0;33.0;19.0;0.0
2B;2021-05-11;793;1064;0;60944;35686;0;33.4;19.6;0.0
2B;2021-05-12;759;843;0;61703;36529;0;33.9;20.0;0.0
2B;2021-05-13;857;348;0;62560;36877;0;34.3;20.2;0.0
2B;2021-05-14;588;522;0;63148;37399;0;34.6;20.5;0.0
2B;2021-05-15;571;325;0;63719;37724;0;35.0;20.7;0.0
2B;2021-05-16;220;169;0;63939;37893;0;35.1;20.8;0.0
2B;2021-05-17;882;374;0;64821;38267;0;35.6;21.0;0.0
2B;2021-05-18;848;348;0;65669;38615;0;36.0;21.2;0.0
2B;2021-05-19;660;375;0;66329;38990;0;36.4;21.4;0.0
2B;2021-05-20;602;343;0;66931;39333;0;36.7;21.6;0.0
2B;2021-05-21;586;472;0;67517;39805;0;37.0;21.8;0.0
2B;2021-05-22;471;353;0;67988;40158;0;37.3;22.0;0.0
2B;2021-05-23;130;41;0;68118;40199;0;37.4;22.1;0.0
2B;2021-05-24;57;109;0;68175;40308;0;37.4;22.1;0.0
2B;2021-05-25;459;323;0;68634;40631;0;37.7;22.3;0.0
2B;2021-05-26;471;720;0;69105;41351;0;37.9;22.7;0.0
2B;2021-05-27;379;1074;0;69484;42425;0;38.1;23.3;0.0
2B;2021-05-28;430;830;0;69914;43255;0;38.4;23.7;0.0
2B;2021-05-29;250;319;0;70164;43574;0;38.5;23.9;0.0
2B;2021-05-30;35;48;0;70199;43622;0;38.5;23.9;0.0
2B;2021-05-31;338;766;0;70537;44388;0;38.7;24.4;0.0
2B;2021-06-01;362;951;0;70899;45339;0;38.9;24.9;0.0
2B;2021-06-02;319;929;0;71218;46268;0;39.1;25.4;0.0
2B;2021-06-03;452;733;0;71670;47001;0;39.3;25.8;0.0
2B;2021-06-04;314;1135;0;71984;48136;0;39.5;26.4;0.0
2B;2021-06-05;238;450;0;72222;48586;0;39.6;26.7;0.0
2B;2021-06-06;38;131;0;72260;48717;0;39.6;26.7;0.0
2B;2021-06-07;269;885;0;72529;49602;0;39.8;27.2;0.0
2B;2021-06-08;341;1093;0;72870;50695;0;40.0;27.8;0.0
2B;2021-06-09;453;1089;0;73323;51784;0;40.2;28.4;0.0
2B;2021-06-10;336;882;0;73659;52666;0;40.4;28.9;0.0
2B;2021-06-11;386;1155;0;74045;53821;0;40.6;29.5;0.0
2B;2021-06-12;140;500;0;74185;54321;0;40.7;29.8;0.0
2B;2021-06-13;29;71;0;74214;54392;0;40.7;29.8;0.0
2B;2021-06-14;175;1001;0;74389;55393;0;40.8;30.4;0.0
2B;2021-06-15;328;1116;0;74717;56509;0;41.0;31.0;0.0
2B;2021-06-16;347;854;0;75064;57363;0;41.2;31.5;0.0
2B;2021-06-17;347;919;0;75411;58282;0;41.4;32.0;0.0
2B;2021-06-18;298;844;0;75709;59126;0;41.5;32.4;0.0
2B;2021-06-19;137;311;0;75846;59437;0;41.6;32.6;0.0
2B;2021-06-20;45;194;0;75891;59631;0;41.6;32.7;0.0
2B;2021-06-21;246;878;0;76137;60509;0;41.8;33.2;0.0
2B;2021-06-22;273;1017;0;76410;61526;0;41.9;33.8;0.0
2B;2021-06-23;199;792;0;76609;62318;0;42.0;34.2;0.0
2B;2021-06-24;281;682;0;76890;63000;0;42.2;34.6;0.0
2B;2021-06-25;194;923;0;77084;63923;0;42.3;35.1;0.0
2B;2021-06-26;96;477;0;77180;64400;0;42.3;35.3;0.0
2B;2021-06-27;26;195;0;77206;64595;0;42.4;35.4;0.0
2B;2021-06-28;292;857;0;77498;65452;0;42.5;35.9;0.0
2B;2021-06-29;240;860;0;77738;66312;0;42.7;36.4;0.0
2B;2021-06-30;321;825;0;78059;67137;0;42.8;36.8;0.0
2B;2021-07-01;218;442;0;78277;67579;0;42.9;37.1;0.0
2B;2021-07-02;191;474;0;78468;68053;0;43.1;37.3;0.0
2B;2021-07-03;87;362;0;78555;68415;0;43.1;37.5;0.0
2B;2021-07-04;6;11;0;78561;68426;0;43.1;37.5;0.0
2B;2021-07-05;239;590;0;78800;69016;0;43.2;37.9;0.0
2B;2021-07-06;404;606;0;79204;69622;0;43.5;38.2;0.0
2B;2021-07-07;355;764;0;79559;70386;0;43.7;38.6;0.0
2B;2021-07-08;171;289;0;79730;70675;0;43.7;38.8;0.0
2B;2021-07-09;216;329;0;79946;71004;0;43.9;39.0;0.0
2B;2021-07-10;161;153;0;80107;71157;0;44.0;39.0;0.0
2B;2021-07-11;19;26;0;80126;71183;0;44.0;39.1;0.0
2B;2021-07-12;428;640;0;80554;71823;0;44.2;39.4;0.0
2B;2021-07-13;732;854;0;81286;72677;0;44.6;39.9;0.0
2B;2021-07-14;294;75;0;81580;72752;0;44.8;39.9;0.0
2B;2021-07-15;1130;509;0;82710;73261;0;45.4;40.2;0.0
2B;2021-07-16;1003;481;0;83713;73742;0;45.9;40.5;0.0
2B;2021-07-17;646;285;0;84359;74027;0;46.3;40.6;0.0
2B;2021-07-18;152;40;0;84511;74067;0;46.4;40.6;0.0
2B;2021-07-19;780;604;0;85291;74671;0;46.8;41.0;0.0
2B;2021-07-20;1049;529;0;86340;75200;0;47.4;41.3;0.0
2B;2021-07-21;1183;602;0;87523;75802;0;48.0;41.6;0.0
2B;2021-07-22;1105;461;0;88628;76263;0;48.6;41.8;0.0
2B;2021-07-23;1112;387;0;89740;76650;0;49.2;42.1;0.0
2B;2021-07-24;457;254;0;90197;76904;0;49.5;42.2;0.0
2B;2021-07-25;167;40;0;90364;76944;0;49.6;42.2;0.0
2B;2021-07-26;795;507;0;91159;77451;0;50.0;42.5;0.0
2B;2021-07-27;1308;553;0;92467;78004;0;50.7;42.8;0.0
2B;2021-07-28;997;487;0;93464;78491;0;51.3;43.1;0.0
2B;2021-07-29;929;356;0;94393;78847;0;51.8;43.3;0.0
2B;2021-07-30;660;295;0;95053;79142;0;52.2;43.4;0.0
2B;2021-07-31;502;187;0;95555;79329;0;52.4;43.5;0.0
2B;2021-08-01;203;31;0;95758;79360;0;52.5;43.5;0.0
2B;2021-08-02;664;388;0;96422;79748;0;52.9;43.8;0.0
2B;2021-08-03;940;571;0;97362;80319;0;53.4;44.1;0.0
2B;2021-08-04;691;372;0;98053;80691;0;53.8;44.3;0.0
2B;2021-08-05;880;433;0;98933;81124;0;54.3;44.5;0.0
2B;2021-08-06;597;429;0;99530;81553;0;54.6;44.7;0.0
2B;2021-08-07;276;304;0;99806;81857;0;54.8;44.9;0.0
2B;2021-08-08;82;70;0;99888;81927;0;54.8;45.0;0.0
2B;2021-08-09;461;632;0;100349;82559;0;55.1;45.3;0.0
2B;2021-08-10;608;944;0;100957;83503;0;55.4;45.8;0.0
2B;2021-08-11;632;717;0;101589;84220;0;55.7;46.2;0.0
2B;2021-08-12;625;884;0;102214;85104;0;56.1;46.7;0.0
2B;2021-08-13;396;771;0;102610;85875;0;56.3;47.1;0.0
2B;2021-08-14;175;349;0;102785;86224;0;56.4;47.3;0.0
2B;2021-08-15;96;107;0;102881;86331;0;56.4;47.4;0.0
2B;2021-08-16;462;925;0;103343;87256;0;56.7;47.9;0.0
2B;2021-08-17;527;1099;0;103870;88355;0;57.0;48.5;0.0
2B;2021-08-18;442;992;0;104312;89347;0;57.2;49.0;0.0
2B;2021-08-19;372;737;0;104684;90084;0;57.4;49.4;0.0
2B;2021-08-20;292;710;0;104976;90794;0;57.6;49.8;0.0
2B;2021-08-21;135;429;0;105111;91223;0;57.7;50.1;0.0
2B;2021-08-22;71;174;0;105182;91397;0;57.7;50.1;0.0
2B;2021-08-23;336;829;0;105518;92226;0;57.9;50.6;0.0
2B;2021-08-24;419;992;0;105937;93218;0;58.1;51.1;0.0
2B;2021-08-25;300;866;0;106237;94084;0;58.3;51.6;0.0
2B;2021-08-26;374;707;0;106611;94791;0;58.5;52.0;0.0
2B;2021-08-27;234;508;0;106845;95299;0;58.6;52.3;0.0
2B;2021-08-28;148;373;0;106993;95672;0;58.7;52.5;0.0
2B;2021-08-29;51;106;0;107044;95778;0;58.7;52.6;0.0
2B;2021-08-30;330;740;18;107374;96518;18;58.9;53.0;0.0
2B;2021-08-31;340;777;47;107714;97295;65;59.1;53.4;0.0
2B;2021-09-01;381;832;62;108095;98127;127;59.3;53.8;0.1
2B;2021-09-02;289;575;73;108384;98702;200;59.5;54.2;0.1
2B;2021-09-03;217;384;69;108601;99086;269;59.6;54.4;0.1
2B;2021-09-04;123;288;40;108724;99374;309;59.7;54.5;0.2
2B;2021-09-05;14;96;25;108738;99470;334;59.7;54.6;0.2
2B;2021-09-06;173;533;84;108911;100003;418;59.8;54.9;0.2
2B;2021-09-07;231;685;200;109142;100688;618;59.9;55.2;0.3
2B;2021-09-08;193;580;110;109335;101268;728;60.0;55.6;0.4
2B;2021-09-09;174;351;112;109509;101619;840;60.1;55.8;0.5
2B;2021-09-10;198;334;110;109707;101953;950;60.2;55.9;0.5
2B;2021-09-11;129;233;54;109836;102186;1004;60.3;56.1;0.6
2B;2021-09-12;15;86;24;109851;102272;1028;60.3;56.1;0.6
2B;2021-09-13;177;438;61;110028;102710;1089;60.4;56.4;0.6
2B;2021-09-14;267;579;274;110295;103289;1363;60.5;56.7;0.7
2B;2021-09-15;158;551;107;110453;103840;1470;60.6;57.0;0.8
2B;2021-09-16;206;288;327;110659;104128;1797;60.7;57.1;1.0
2B;2021-09-17;122;188;134;110781;104316;1931;60.8;57.2;1.1
2B;2021-09-18;58;165;81;110839;104481;2012;60.8;57.3;1.1
2B;2021-09-19;14;21;23;110853;104502;2035;60.8;57.3;1.1
2B;2021-09-20;104;376;122;110957;104878;2157;60.9;57.5;1.2
2B;2021-09-21;103;368;192;111060;105246;2349;60.9;57.7;1.3
2B;2021-09-22;121;403;184;111181;105649;2533;61.0;58.0;1.4
2B;2021-09-23;99;214;207;111280;105863;2740;61.1;58.1;1.5
2B;2021-09-24;92;198;164;111372;106061;2904;61.1;58.2;1.6
2B;2021-09-25;42;127;67;111414;106188;2971;61.1;58.3;1.6
2B;2021-09-26;3;28;28;111417;106216;2999;61.1;58.3;1.6
2B;2021-09-27;66;225;97;111483;106441;3096;61.2;58.4;1.7
2B;2021-09-28;84;189;106;111567;106630;3202;61.2;58.5;1.8
2B;2021-09-29;120;322;133;111687;106952;3335;61.3;58.7;1.8
2B;2021-09-30;71;119;123;111758;107071;3458;61.3;58.7;1.9
2B;2021-10-01;143;162;114;111901;107233;3572;61.4;58.8;2.0
2B;2021-10-02;56;109;117;111957;107342;3689;61.4;58.9;2.0
2B;2021-10-03;8;15;7;111965;107357;3696;61.4;58.9;2.0
2B;2021-10-04;99;149;115;112064;107506;3811;61.5;59.0;2.1
2B;2021-10-05;89;216;218;112153;107722;4029;61.5;59.1;2.2
2B;2021-10-06;126;261;220;112279;107983;4249;61.6;59.2;2.3
2B;2021-10-07;48;121;256;112327;108104;4505;61.6;59.3;2.5
2B;2021-10-08;85;172;146;112412;108276;4651;61.7;59.4;2.6
2B;2021-10-09;79;116;203;112491;108392;4854;61.7;59.5;2.7
2B;2021-10-10;12;23;7;112503;108415;4861;61.7;59.5;2.7
2B;2021-10-11;61;137;163;112564;108552;5024;61.8;59.6;2.8
2B;2021-10-12;82;161;262;112646;108713;5286;61.8;59.6;2.9
2B;2021-10-13;123;235;284;112769;108948;5570;61.9;59.8;3.1
2B;2021-10-14;97;171;336;112866;109119;5906;61.9;59.9;3.2
2B;2021-10-15;83;125;215;112949;109244;6121;62.0;59.9;3.4
2B;2021-10-16;71;100;183;113020;109344;6304;62.0;60.0;3.5
2B;2021-10-17;15;2;14;113035;109346;6318;62.0;60.0;3.5
2B;2021-10-18;72;95;208;113107;109441;6526;62.1;60.0;3.6
2B;2021-10-19;66;85;268;113173;109526;6794;62.1;60.1;3.7
2B;2021-10-20;83;162;429;113256;109688;7223;62.1;60.2;4.0
2B;2021-10-21;76;113;375;113332;109801;7598;62.2;60.2;4.2
2B;2021-10-22;82;114;269;113414;109915;7867;62.2;60.3;4.3
2B;2021-10-23;53;63;172;113467;109978;8039;62.3;60.3;4.4
2B;2021-10-24;0;14;15;113467;109992;8054;62.3;60.3;4.4
2B;2021-10-25;72;107;253;113539;110099;8307;62.3;60.4;4.6
2B;2021-10-26;37;111;347;113576;110210;8654;62.3;60.5;4.7
2B;2021-10-27;62;126;478;113638;110336;9132;62.4;60.5;5.0
2B;2021-10-28;50;69;259;113688;110405;9391;62.4;60.6;5.2
2B;2021-10-29;56;94;464;113744;110499;9855;62.4;60.6;5.4
2B;2021-10-30;43;78;264;113787;110577;10119;62.4;60.7;5.6
2B;2021-10-31;4;12;23;113791;110589;10142;62.4;60.7;5.6
2B;2021-11-01;12;5;7;113803;110594;10149;62.4;60.7;5.6
2B;2021-11-02;76;109;367;113879;110703;10516;62.5;60.7;5.8
2B;2021-11-03;59;105;510;113938;110808;11026;62.5;60.8;6.0
2B;2021-11-04;57;88;454;113995;110896;11480;62.5;60.8;6.3
2B;2021-11-05;63;84;359;114058;110980;11839;62.6;60.9;6.5
2B;2021-11-06;57;55;302;114115;111035;12141;62.6;60.9;6.7
2B;2021-11-07;4;15;13;114119;111050;12154;62.6;60.9;6.7
2B;2021-11-08;39;78;374;114158;111128;12528;62.6;61.0;6.9
2B;2021-11-09;67;92;517;114225;111220;13045;62.7;61.0;7.2
2B;2021-11-10;69;132;660;114294;111352;13705;62.7;61.1;7.5
2B;2021-11-11;12;10;33;114306;111362;13738;62.7;61.1;7.5
2B;2021-11-12;70;93;724;114376;111455;14462;62.8;61.2;7.9
2B;2021-11-13;22;74;397;114398;111529;14859;62.8;61.2;8.2
2B;2021-11-14;14;10;110;114412;111539;14969;62.8;61.2;8.2
2B;2021-11-15;69;71;524;114481;111610;15493;62.8;61.2;8.5
2B;2021-11-16;55;77;683;114536;111687;16176;62.8;61.3;8.9
2B;2021-11-17;80;95;749;114616;111782;16925;62.9;61.3;9.3
2B;2021-11-18;70;68;890;114686;111850;17815;62.9;61.4;9.8
2B;2021-11-19;96;76;692;114782;111926;18507;63.0;61.4;10.2
2B;2021-11-20;38;59;456;114820;111985;18963;63.0;61.4;10.4
2B;2021-11-21;16;17;171;114836;112002;19134;63.0;61.5;10.5
2B;2021-11-22;90;52;669;114926;112054;19803;63.1;61.5;10.9
2B;2021-11-23;82;65;1010;115008;112119;20813;63.1;61.5;11.4
2B;2021-11-24;91;81;947;115099;112200;21760;63.2;61.6;11.9
2B;2021-11-25;76;69;989;115175;112269;22749;63.2;61.6;12.5
2B;2021-11-26;83;94;1319;115258;112363;24068;63.2;61.7;13.2
2B;2021-11-27;91;72;1088;115349;112435;25156;63.3;61.7;13.8
2B;2021-11-28;15;12;199;115364;112447;25355;63.3;61.7;13.9
2B;2021-11-29;68;51;1377;115432;112498;26732;63.3;61.7;14.7
2B;2021-11-30;114;87;1784;115546;112585;28516;63.4;61.8;15.6
2B;2021-12-01;97;102;1794;115643;112687;30310;63.5;61.8;16.6
2B;2021-12-02;109;54;2232;115752;112741;32542;63.5;61.9;17.9
2B;2021-12-03;107;75;2131;115859;112816;34673;63.6;61.9;19.0
2B;2021-12-04;78;67;1257;115937;112883;35930;63.6;61.9;19.7
2B;2021-12-05;9;22;245;115946;112905;36175;63.6;61.9;19.8
2B;2021-12-06;73;86;1282;116019;112991;37457;63.7;62.0;20.6
2B;2021-12-07;78;78;1759;116097;113069;39216;63.7;62.0;21.5
2B;2021-12-08;84;137;1804;116181;113206;41020;63.7;62.1;22.5
2B;2021-12-09;82;83;1667;116263;113289;42687;63.8;62.2;23.4
2B;2021-12-10;121;106;1816;116384;113395;44503;63.9;62.2;24.4
2B;2021-12-11;70;59;1167;116454;113454;45670;63.9;62.2;25.1
2B;2021-12-12;16;22;343;116470;113476;46013;63.9;62.3;25.2
2B;2021-12-13;82;115;1304;116552;113591;47317;63.9;62.3;26.0
2B;2021-12-14;91;118;1712;116643;113709;49029;64.0;62.4;26.9
2B;2021-12-15;124;144;1723;116767;113853;50752;64.1;62.5;27.8
2B;2021-12-16;101;103;1559;116868;113956;52311;64.1;62.5;28.7
2B;2021-12-17;109;133;1570;116977;114089;53881;64.2;62.6;29.6
2B;2021-12-18;100;76;931;117077;114165;54812;64.2;62.6;30.1
2B;2021-12-19;34;27;248;117111;114192;55060;64.3;62.7;30.2
2B;2021-12-20;124;109;1141;117235;114301;56201;64.3;62.7;30.8
2B;2021-12-21;145;145;1194;117380;114446;57395;64.4;62.8;31.5
2B;2021-12-22;135;170;983;117515;114616;58378;64.5;62.9;32.0
30;2020-12-27;0;0;0;0;0;0;0.0;0.0;0.0
30;2020-12-28;0;0;0;0;0;0;0.0;0.0;0.0
30;2020-12-29;0;0;0;0;0;0;0.0;0.0;0.0
30;2020-12-30;1;0;0;1;0;0;0.0;0.0;0.0
30;2020-12-31;0;0;0;1;0;0;0.0;0.0;0.0
30;2021-01-01;1;0;0;2;0;0;0.0;0.0;0.0
30;2021-01-02;1;0;0;3;0;0;0.0;0.0;0.0
30;2021-01-03;0;0;0;3;0;0;0.0;0.0;0.0
30;2021-01-04;2;0;0;5;0;0;0.0;0.0;0.0
30;2021-01-05;6;0;0;11;0;0;0.0;0.0;0.0
30;2021-01-06;122;1;0;133;1;0;0.0;0.0;0.0
30;2021-01-07;307;0;0;440;1;0;0.1;0.0;0.0
30;2021-01-08;476;1;0;916;2;0;0.1;0.0;0.0
30;2021-01-09;259;0;0;1175;2;0;0.2;0.0;0.0
30;2021-01-10;4;0;0;1179;2;0;0.2;0.0;0.0
30;2021-01-11;512;1;0;1691;3;0;0.2;0.0;0.0
30;2021-01-12;788;3;0;2479;6;0;0.3;0.0;0.0
30;2021-01-13;633;1;0;3112;7;0;0.4;0.0;0.0
30;2021-01-14;714;5;0;3826;12;0;0.5;0.0;0.0
30;2021-01-15;772;4;0;4598;16;0;0.6;0.0;0.0
30;2021-01-16;305;1;0;4903;17;0;0.7;0.0;0.0
30;2021-01-17;2;0;0;4905;17;0;0.7;0.0;0.0
30;2021-01-18;918;7;0;5823;24;0;0.8;0.0;0.0
30;2021-01-19;1735;8;0;7558;32;0;1.0;0.0;0.0
30;2021-01-20;1353;4;0;8911;36;0;1.2;0.0;0.0
30;2021-01-21;1303;5;0;10214;41;0;1.4;0.0;0.0
30;2021-01-22;1116;5;0;11330;46;0;1.5;0.0;0.0
30;2021-01-23;646;1;0;11976;47;0;1.6;0.0;0.0
30;2021-01-24;3;0;0;11979;47;0;1.6;0.0;0.0
30;2021-01-25;841;4;0;12820;51;0;1.7;0.0;0.0
30;2021-01-26;1091;17;0;13911;68;0;1.9;0.0;0.0
30;2021-01-27;1006;97;0;14917;165;0;2.0;0.0;0.0
30;2021-01-28;839;251;0;15756;416;0;2.1;0.1;0.0
30;2021-01-29;778;373;0;16534;789;0;2.2;0.1;0.0
30;2021-01-30;485;266;0;17019;1055;0;2.3;0.1;0.0
30;2021-01-31;3;7;0;17022;1062;0;2.3;0.1;0.0
30;2021-02-01;815;412;0;17837;1474;0;2.4;0.2;0.0
30;2021-02-02;1809;631;0;19646;2105;0;2.6;0.3;0.0
30;2021-02-03;1263;463;0;20909;2568;0;2.8;0.3;0.0
30;2021-02-04;1067;662;0;21976;3230;0;2.9;0.4;0.0
30;2021-02-05;709;732;0;22685;3962;0;3.0;0.5;0.0
30;2021-02-06;318;236;0;23003;4198;0;3.1;0.6;0.0
30;2021-02-07;5;10;0;23008;4208;0;3.1;0.6;0.0
30;2021-02-08;606;718;0;23614;4926;0;3.2;0.7;0.0
30;2021-02-09;982;1036;0;24596;5962;0;3.3;0.8;0.0
30;2021-02-10;995;1067;0;25591;7029;0;3.4;0.9;0.0
30;2021-02-11;995;1013;0;26586;8042;0;3.6;1.1;0.0
30;2021-02-12;725;932;0;27311;8974;0;3.6;1.2;0.0
30;2021-02-13;425;401;0;27736;9375;0;3.7;1.3;0.0
30;2021-02-14;3;22;0;27739;9397;0;3.7;1.3;0.0
30;2021-02-15;460;656;0;28199;10053;0;3.8;1.3;0.0
30;2021-02-16;457;931;0;28656;10984;0;3.8;1.5;0.0
30;2021-02-17;696;642;0;29352;11626;0;3.9;1.6;0.0
30;2021-02-18;807;654;0;30159;12280;0;4.0;1.6;0.0
30;2021-02-19;625;768;0;30784;13048;0;4.1;1.7;0.0
30;2021-02-20;230;235;0;31014;13283;0;4.1;1.8;0.0
30;2021-02-21;4;6;0;31018;13289;0;4.1;1.8;0.0
30;2021-02-22;508;786;0;31526;14075;0;4.2;1.9;0.0
30;2021-02-23;961;1482;0;32487;15557;0;4.3;2.1;0.0
30;2021-02-24;901;1170;0;33388;16727;0;4.5;2.2;0.0
30;2021-02-25;1198;983;0;34586;17710;0;4.6;2.4;0.0
30;2021-02-26;1326;697;0;35912;18407;0;4.8;2.5;0.0
30;2021-02-27;529;511;0;36441;18918;0;4.9;2.5;0.0
30;2021-02-28;7;9;0;36448;18927;0;4.9;2.5;0.0
30;2021-03-01;1203;861;0;37651;19788;0;5.0;2.6;0.0
30;2021-03-02;1553;949;0;39204;20737;0;5.2;2.8;0.0
30;2021-03-03;2041;858;0;41245;21595;0;5.5;2.9;0.0
30;2021-03-04;2403;953;0;43648;22548;0;5.8;3.0;0.0
30;2021-03-05;2528;704;0;46176;23252;0;6.2;3.1;0.0
30;2021-03-06;2694;367;0;48870;23619;0;6.5;3.2;0.0
30;2021-03-07;1698;45;0;50568;23664;0;6.8;3.2;0.0
30;2021-03-08;1474;795;0;52042;24459;0;7.0;3.3;0.0
30;2021-03-09;2162;930;0;54204;25389;0;7.2;3.4;0.0
30;2021-03-10;2317;720;0;56521;26109;0;7.6;3.5;0.0
30;2021-03-11;2921;747;0;59442;26856;0;7.9;3.6;0.0
30;2021-03-12;3028;482;0;62470;27338;0;8.3;3.7;0.0
30;2021-03-13;2138;299;0;64608;27637;0;8.6;3.7;0.0
30;2021-03-14;102;7;0;64710;27644;0;8.6;3.7;0.0
30;2021-03-15;1547;594;0;66257;28238;0;8.9;3.8;0.0
30;2021-03-16;1287;1053;0;67544;29291;0;9.0;3.9;0.0
30;2021-03-17;1394;676;0;68938;29967;0;9.2;4.0;0.0
30;2021-03-18;1626;712;0;70564;30679;0;9.4;4.1;0.0
30;2021-03-19;2249;550;0;72813;31229;0;9.7;4.2;0.0
30;2021-03-20;1320;137;0;74133;31366;0;9.9;4.2;0.0
30;2021-03-21;95;6;0;74228;31372;0;9.9;4.2;0.0
30;2021-03-22;2347;710;0;76575;32082;0;10.2;4.3;0.0
30;2021-03-23;3427;806;0;80002;32888;0;10.7;4.4;0.0
30;2021-03-24;3474;805;0;83476;33693;0;11.2;4.5;0.0
30;2021-03-25;4322;817;0;87798;34510;0;11.7;4.6;0.0
30;2021-03-26;4353;634;0;92151;35144;0;12.3;4.7;0.0
30;2021-03-27;1869;339;0;94020;35483;0;12.6;4.7;0.0
30;2021-03-28;66;5;0;94086;35488;0;12.6;4.7;0.0
30;2021-03-29;2775;1426;0;96861;36914;0;12.9;4.9;0.0
30;2021-03-30;3848;1641;0;100709;38555;0;13.5;5.2;0.0
30;2021-03-31;3436;1438;0;104145;39993;0;13.9;5.3;0.0
30;2021-04-01;4023;1345;0;108168;41338;0;14.5;5.5;0.0
30;2021-04-02;3538;1136;0;111706;42474;0;14.9;5.7;0.0
30;2021-04-03;992;1054;0;112698;43528;0;15.1;5.8;0.0
30;2021-04-04;44;196;0;112742;43724;0;15.1;5.8;0.0
30;2021-04-05;704;266;0;113446;43990;0;15.2;5.9;0.0
30;2021-04-06;2842;1482;0;116288;45472;0;15.5;6.1;0.0
30;2021-04-07;2612;1497;0;118900;46969;0;15.9;6.3;0.0
30;2021-04-08;3829;1451;0;122729;48420;0;16.4;6.5;0.0
30;2021-04-09;4729;1445;0;127458;49865;0;17.0;6.7;0.0
30;2021-04-10;2253;1047;0;129711;50912;0;17.3;6.8;0.0
30;2021-04-11;799;61;0;130510;50973;0;17.4;6.8;0.0
30;2021-04-12;2974;1429;0;133484;52402;0;17.8;7.0;0.0
30;2021-04-13;3816;1828;0;137300;54230;0;18.3;7.2;0.0
30;2021-04-14;3367;1520;0;140667;55750;0;18.8;7.4;0.0
30;2021-04-15;3766;1522;0;144433;57272;0;19.3;7.7;0.0
30;2021-04-16;3618;1540;0;148051;58812;0;19.8;7.9;0.0
30;2021-04-17;1477;868;0;149528;59680;0;20.0;8.0;0.0
30;2021-04-18;788;90;0;150316;59770;0;20.1;8.0;0.0
30;2021-04-19;2423;2245;0;152739;62015;0;20.4;8.3;0.0
30;2021-04-20;2778;2751;0;155517;64766;0;20.8;8.7;0.0
30;2021-04-21;2611;2456;0;158128;67222;0;21.1;9.0;0.0
30;2021-04-22;3564;2353;0;161692;69575;0;21.6;9.3;0.0
30;2021-04-23;3557;2337;0;165249;71912;0;22.1;9.6;0.0
30;2021-04-24;1378;1137;0;166627;73049;0;22.3;9.8;0.0
30;2021-04-25;667;107;0;167294;73156;0;22.4;9.8;0.0
30;2021-04-26;2029;2319;0;169323;75475;0;22.6;10.1;0.0
30;2021-04-27;3007;2608;0;172330;78083;0;23.0;10.4;0.0
30;2021-04-28;2978;2451;0;175308;80534;0;23.4;10.8;0.0
30;2021-04-29;3744;2358;0;179052;82892;0;23.9;11.1;0.0
30;2021-04-30;3561;2081;0;182613;84973;0;24.4;11.4;0.0
30;2021-05-01;1680;550;0;184293;85523;0;24.6;11.4;0.0
30;2021-05-02;641;242;0;184934;85765;0;24.7;11.5;0.0
30;2021-05-03;3832;2403;0;188766;88168;0;25.2;11.8;0.0
30;2021-05-04;4107;3351;0;192873;91519;0;25.8;12.2;0.0
30;2021-05-05;4117;2991;0;196990;94510;0;26.3;12.6;0.0
30;2021-05-06;4355;3221;0;201345;97731;0;26.9;13.1;0.0
30;2021-05-07;4187;3088;0;205532;100819;0;27.5;13.5;0.0
30;2021-05-08;1659;706;0;207191;101525;0;27.7;13.6;0.0
30;2021-05-09;372;522;0;207563;102047;0;27.7;13.6;0.0
30;2021-05-10;3092;2996;0;210655;105043;0;28.1;14.0;0.0
30;2021-05-11;5481;3624;0;216136;108667;0;28.9;14.5;0.0
30;2021-05-12;5318;3085;0;221454;111752;0;29.6;14.9;0.0
30;2021-05-13;3426;982;0;224880;112734;0;30.0;15.1;0.0
30;2021-05-14;5042;2304;0;229922;115038;0;30.7;15.4;0.0
30;2021-05-15;3505;1168;0;233427;116206;0;31.2;15.5;0.0
30;2021-05-16;739;323;0;234166;116529;0;31.3;15.6;0.0
30;2021-05-17;4001;2919;0;238167;119448;0;31.8;16.0;0.0
30;2021-05-18;4874;2919;0;243041;122367;0;32.5;16.3;0.0
30;2021-05-19;5079;2472;0;248120;124839;0;33.2;16.7;0.0
30;2021-05-20;5210;2542;0;253330;127381;0;33.8;17.0;0.0
30;2021-05-21;5078;2455;0;258408;129836;0;34.5;17.3;0.0
30;2021-05-22;3113;1231;0;261521;131067;0;34.9;17.5;0.0
30;2021-05-23;440;303;0;261961;131370;0;35.0;17.6;0.0
30;2021-05-24;1046;749;0;263007;132119;0;35.1;17.7;0.0
30;2021-05-25;3241;3139;0;266248;135258;0;35.6;18.1;0.0
30;2021-05-26;3373;2614;0;269621;137872;0;36.0;18.4;0.0
30;2021-05-27;4248;2733;0;273869;140605;0;36.6;18.8;0.0
30;2021-05-28;3683;3321;0;277552;143926;0;37.1;19.2;0.0
30;2021-05-29;1833;1837;0;279385;145763;0;37.3;19.5;0.0
30;2021-05-30;379;541;0;279764;146304;0;37.4;19.5;0.0
30;2021-05-31;3053;2460;0;282817;148764;0;37.8;19.9;0.0
30;2021-06-01;4102;2967;0;286919;151731;0;38.3;20.3;0.0
30;2021-06-02;3733;2713;0;290652;154444;0;38.8;20.6;0.0
30;2021-06-03;4542;3416;0;295194;157860;0;39.4;21.1;0.0
30;2021-06-04;4154;3502;0;299348;161362;0;40.0;21.6;0.0
30;2021-06-05;2038;1431;0;301386;162793;0;40.3;21.8;0.0
30;2021-06-06;769;282;0;302155;163075;0;40.4;21.8;0.0
30;2021-06-07;4710;2732;0;306865;165807;0;41.0;22.2;0.0
30;2021-06-08;4782;3504;0;311647;169311;0;41.6;22.6;0.0
30;2021-06-09;4226;3202;0;315873;172513;0;42.2;23.0;0.0
30;2021-06-10;4655;3448;0;320528;175961;0;42.8;23.5;0.0
30;2021-06-11;4630;4036;0;325158;179997;0;43.4;24.0;0.0
30;2021-06-12;2540;1745;0;327698;181742;0;43.8;24.3;0.0
30;2021-06-13;582;374;0;328280;182116;0;43.9;24.3;0.0
30;2021-06-14;2477;4793;0;330757;186909;0;44.2;25.0;0.0
30;2021-06-15;3275;5441;0;334032;192350;0;44.6;25.7;0.0
30;2021-06-16;3149;4793;0;337181;197143;0;45.0;26.3;0.0
30;2021-06-17;3844;4405;0;341025;201548;0;45.6;26.9;0.0
30;2021-06-18;3711;4834;0;344736;206382;0;46.1;27.6;0.0
30;2021-06-19;1430;2057;0;346166;208439;0;46.2;27.8;0.0
30;2021-06-20;409;554;0;346575;208993;0;46.3;27.9;0.0
30;2021-06-21;2237;5006;0;348812;213999;0;46.6;28.6;0.0
30;2021-06-22;2311;5918;0;351123;219917;0;46.9;29.4;0.0
30;2021-06-23;2489;5475;0;353612;225392;0;47.2;30.1;0.0
30;2021-06-24;2296;4922;0;355908;230314;0;47.6;30.8;0.0
30;2021-06-25;2539;5809;0;358447;236123;0;47.9;31.5;0.0
30;2021-06-26;905;2938;0;359352;239061;0;48.0;31.9;0.0
30;2021-06-27;242;628;0;359594;239689;0;48.0;32.0;0.0
30;2021-06-28;1595;6204;0;361189;245893;0;48.3;32.9;0.0
30;2021-06-29;1837;6209;0;363026;252102;0;48.5;33.7;0.0
30;2021-06-30;2005;5590;0;365031;257692;0;48.8;34.4;0.0
30;2021-07-01;3025;4916;0;368056;262608;0;49.2;35.1;0.0
30;2021-07-02;2855;4768;0;370911;267376;0;49.6;35.7;0.0
30;2021-07-03;1140;3122;0;372051;270498;0;49.7;36.1;0.0
30;2021-07-04;154;512;0;372205;271010;0;49.7;36.2;0.0
30;2021-07-05;1963;4154;0;374168;275164;0;50.0;36.8;0.0
30;2021-07-06;2535;5336;0;376703;280500;0;50.3;37.5;0.0
30;2021-07-07;2398;4410;0;379101;284910;0;50.7;38.1;0.0
30;2021-07-08;1994;3729;0;381095;288639;0;50.9;38.6;0.0
30;2021-07-09;2287;5438;0;383382;294077;0;51.2;39.3;0.0
30;2021-07-10;1349;2146;0;384731;296223;0;51.4;39.6;0.0
30;2021-07-11;101;502;0;384832;296725;0;51.4;39.6;0.0
30;2021-07-12;2272;5177;0;387104;301902;0;51.7;40.3;0.0
30;2021-07-13;3068;6142;0;390172;308044;0;52.1;41.2;0.0
30;2021-07-14;618;672;0;390790;308716;0;52.2;41.2;0.0
30;2021-07-15;3802;5654;0;394592;314370;0;52.7;42.0;0.0
30;2021-07-16;4355;5747;0;398947;320117;0;53.3;42.8;0.0
30;2021-07-17;1680;2492;0;400627;322609;0;53.5;43.1;0.0
30;2021-07-18;236;651;0;400863;323260;0;53.6;43.2;0.0
30;2021-07-19;3201;6097;0;404064;329357;0;54.0;44.0;0.0
30;2021-07-20;4279;6302;0;408343;335659;0;54.6;44.8;0.0
30;2021-07-21;3871;5340;0;412214;340999;0;55.1;45.6;0.0
30;2021-07-22;4598;5575;0;416812;346574;0;55.7;46.3;0.0
30;2021-07-23;4794;5846;0;421606;352420;0;56.3;47.1;0.0
30;2021-07-24;2135;3194;0;423741;355614;0;56.6;47.5;0.0
30;2021-07-25;331;384;0;424072;355998;0;56.7;47.6;0.0
30;2021-07-26;4144;4003;0;428216;360001;0;57.2;48.1;0.0
30;2021-07-27;4722;4518;0;432938;364519;0;57.8;48.7;0.0
30;2021-07-28;4750;3838;0;437688;368357;0;58.5;49.2;0.0
30;2021-07-29;5868;3925;0;443556;372282;0;59.3;49.7;0.0
30;2021-07-30;5331;4163;0;448887;376445;0;60.0;50.3;0.0
30;2021-07-31;2536;1827;0;451423;378272;0;60.3;50.5;0.0
30;2021-08-01;758;319;0;452181;378591;0;60.4;50.6;0.0
30;2021-08-02;3765;3740;0;455946;382331;0;60.9;51.1;0.0
30;2021-08-03;4780;3553;0;460726;385884;0;61.6;51.6;0.0
30;2021-08-04;5207;2815;0;465933;388699;0;62.3;51.9;0.0
30;2021-08-05;4532;3436;0;470465;392135;0;62.9;52.4;0.0
30;2021-08-06;4133;3645;0;474598;395780;0;63.4;52.9;0.0
30;2021-08-07;1798;1857;0;476396;397637;0;63.6;53.1;0.0
30;2021-08-08;569;296;0;476965;397933;0;63.7;53.2;0.0
30;2021-08-09;3298;3439;0;480263;401372;0;64.2;53.6;0.0
30;2021-08-10;3903;3926;0;484166;405298;0;64.7;54.2;0.0
30;2021-08-11;3303;3266;0;487469;408564;0;65.1;54.6;0.0
30;2021-08-12;3566;3741;0;491035;412305;0;65.6;55.1;0.0
30;2021-08-13;3070;3058;0;494105;415363;0;66.0;55.5;0.0
30;2021-08-14;1029;1871;0;495134;417234;0;66.2;55.7;0.0
30;2021-08-15;251;159;0;495385;417393;0;66.2;55.8;0.0
30;2021-08-16;2082;4465;0;497467;421858;0;66.5;56.4;0.0
30;2021-08-17;2566;3913;0;500033;425771;0;66.8;56.9;0.0
30;2021-08-18;2621;3664;0;502654;429435;0;67.2;57.4;0.0
30;2021-08-19;2635;4064;0;505289;433499;0;67.5;57.9;0.0
30;2021-08-20;2411;4334;0;507700;437833;0;67.8;58.5;0.0
30;2021-08-21;919;2656;0;508619;440489;0;68.0;58.9;0.0
30;2021-08-22;203;515;0;508822;441004;0;68.0;58.9;0.0
30;2021-08-23;1574;4220;0;510396;445224;0;68.2;59.5;0.0
30;2021-08-24;1866;4406;0;512262;449630;0;68.4;60.1;0.0
30;2021-08-25;1616;4363;0;513878;453993;0;68.7;60.7;0.0
30;2021-08-26;1790;4267;0;515668;458260;0;68.9;61.2;0.0
30;2021-08-27;1657;4327;0;517325;462587;0;69.1;61.8;0.0
30;2021-08-28;668;2343;0;517993;464930;0;69.2;62.1;0.0
30;2021-08-29;182;607;0;518175;465537;0;69.2;62.2;0.0
30;2021-08-30;1343;4224;58;519518;469761;58;69.4;62.8;0.0
30;2021-08-31;1330;4120;121;520848;473881;179;69.6;63.3;0.0
30;2021-09-01;1346;3481;178;522194;477362;357;69.8;63.8;0.0
30;2021-09-02;1336;3241;276;523530;480603;633;69.9;64.2;0.1
30;2021-09-03;1467;3546;423;524997;484149;1056;70.1;64.7;0.1
30;2021-09-04;657;1803;154;525654;485952;1210;70.2;64.9;0.2
30;2021-09-05;131;468;41;525785;486420;1251;70.2;65.0;0.2
30;2021-09-06;830;2291;457;526615;488711;1708;70.4;65.3;0.2
30;2021-09-07;813;2163;533;527428;490874;2241;70.5;65.6;0.3
30;2021-09-08;939;2550;318;528367;493424;2559;70.6;65.9;0.3
30;2021-09-09;919;2133;369;529286;495557;2928;70.7;66.2;0.4
30;2021-09-10;987;2536;475;530273;498093;3403;70.8;66.5;0.5
30;2021-09-11;538;1499;136;530811;499592;3539;70.9;66.7;0.5
30;2021-09-12;94;240;35;530905;499832;3574;70.9;66.8;0.5
30;2021-09-13;781;1569;460;531686;501401;4034;71.0;67.0;0.5
30;2021-09-14;685;1513;605;532371;502914;4639;71.1;67.2;0.6
30;2021-09-15;823;1863;494;533194;504777;5133;71.2;67.4;0.7
30;2021-09-16;763;1437;750;533957;506214;5883;71.3;67.6;0.8
30;2021-09-17;809;1862;766;534766;508076;6649;71.4;67.9;0.9
30;2021-09-18;412;1010;155;535178;509086;6804;71.5;68.0;0.9
30;2021-09-19;66;156;27;535244;509242;6831;71.5;68.0;0.9
30;2021-09-20;434;1172;588;535678;510414;7419;71.6;68.2;1.0
30;2021-09-21;452;1161;921;536130;511575;8340;71.6;68.3;1.1
30;2021-09-22;504;1413;536;536634;512988;8876;71.7;68.5;1.2
30;2021-09-23;644;1130;806;537278;514118;9682;71.8;68.7;1.3
30;2021-09-24;548;1565;613;537826;515683;10295;71.9;68.9;1.4
30;2021-09-25;339;870;119;538165;516553;10414;71.9;69.0;1.4
30;2021-09-26;54;135;24;538219;516688;10438;71.9;69.0;1.4
30;2021-09-27;398;890;617;538617;517578;11055;72.0;69.2;1.5
30;2021-09-28;534;936;832;539151;518514;11887;72.0;69.3;1.6
30;2021-09-29;468;1111;498;539619;519625;12385;72.1;69.4;1.7
30;2021-09-30;411;917;676;540030;520542;13061;72.2;69.5;1.7
30;2021-10-01;685;1002;836;540715;521544;13897;72.2;69.7;1.9
30;2021-10-02;301;543;228;541016;522087;14125;72.3;69.8;1.9
30;2021-10-03;21;52;4;541037;522139;14129;72.3;69.8;1.9
30;2021-10-04;436;796;848;541473;522935;14977;72.3;69.9;2.0
30;2021-10-05;373;723;908;541846;523658;15885;72.4;70.0;2.1
30;2021-10-06;494;868;940;542340;524526;16825;72.5;70.1;2.2
30;2021-10-07;401;853;848;542741;525379;17673;72.5;70.2;2.4
30;2021-10-08;500;1070;974;543241;526449;18647;72.6;70.3;2.5
30;2021-10-09;314;549;309;543555;526998;18956;72.6;70.4;2.5
30;2021-10-10;11;28;12;543566;527026;18968;72.6;70.4;2.5
30;2021-10-11;288;561;797;543854;527587;19765;72.7;70.5;2.6
30;2021-10-12;387;690;1058;544241;528277;20823;72.7;70.6;2.8
30;2021-10-13;357;680;782;544598;528957;21605;72.8;70.7;2.9
30;2021-10-14;383;677;1090;544981;529634;22695;72.8;70.8;3.0
30;2021-10-15;460;704;1043;545441;530338;23738;72.9;70.9;3.2
30;2021-10-16;216;418;285;545657;530756;24023;72.9;70.9;3.2
30;2021-10-17;12;31;6;545669;530787;24029;72.9;70.9;3.2
30;2021-10-18;305;497;828;545974;531284;24857;72.9;71.0;3.3
30;2021-10-19;307;555;1363;546281;531839;26220;73.0;71.1;3.5
30;2021-10-20;314;447;1080;546595;532286;27300;73.0;71.1;3.6
30;2021-10-21;341;533;1666;546936;532819;28966;73.1;71.2;3.9
30;2021-10-22;369;634;1222;547305;533453;30188;73.1;71.3;4.0
30;2021-10-23;159;296;674;547464;533749;30862;73.1;71.3;4.1
30;2021-10-24;10;21;3;547474;533770;30865;73.1;71.3;4.1
30;2021-10-25;289;405;920;547763;534175;31785;73.2;71.4;4.2
30;2021-10-26;288;354;1299;548051;534529;33084;73.2;71.4;4.4
30;2021-10-27;338;426;1118;548389;534955;34202;73.3;71.5;4.6
30;2021-10-28;309;328;1371;548698;535283;35573;73.3;71.5;4.8
30;2021-10-29;379;483;1462;549077;535766;37035;73.4;71.6;4.9
30;2021-10-30;144;286;511;549221;536052;37546;73.4;71.6;5.0
30;2021-10-31;7;17;6;549228;536069;37552;73.4;71.6;5.0
30;2021-11-01;48;38;22;549276;536107;37574;73.4;71.6;5.0
30;2021-11-02;230;403;1017;549506;536510;38591;73.4;71.7;5.2
30;2021-11-03;368;447;1755;549874;536957;40346;73.5;71.7;5.4
30;2021-11-04;249;342;1514;550123;537299;41860;73.5;71.8;5.6
30;2021-11-05;363;524;1964;550486;537823;43824;73.5;71.9;5.9
30;2021-11-06;169;237;435;550655;538060;44259;73.6;71.9;5.9
30;2021-11-07;16;37;30;550671;538097;44289;73.6;71.9;5.9
30;2021-11-08;176;310;1569;550847;538407;45858;73.6;71.9;6.1
30;2021-11-09;248;394;2209;551095;538801;48067;73.6;72.0;6.4
30;2021-11-10;326;426;2434;551421;539227;50501;73.7;72.0;6.7
30;2021-11-11;30;51;119;551451;539278;50620;73.7;72.1;6.8
30;2021-11-12;268;360;2086;551719;539638;52706;73.7;72.1;7.0
30;2021-11-13;123;200;660;551842;539838;53366;73.7;72.1;7.1
30;2021-11-14;14;28;31;551856;539866;53397;73.7;72.1;7.1
30;2021-11-15;187;332;1991;552043;540198;55388;73.8;72.2;7.4
30;2021-11-16;227;289;2774;552270;540487;58162;73.8;72.2;7.8
30;2021-11-17;300;400;2985;552570;540887;61147;73.8;72.3;8.2
30;2021-11-18;238;368;2669;552808;541255;63816;73.9;72.3;8.5
30;2021-11-19;426;459;3422;553234;541714;67238;73.9;72.4;9.0
30;2021-11-20;138;236;730;553372;541950;67968;73.9;72.4;9.1
30;2021-11-21;6;17;29;553378;541967;67997;73.9;72.4;9.1
30;2021-11-22;225;274;2458;553603;542241;70455;74.0;72.4;9.4
30;2021-11-23;293;245;3011;553896;542486;73466;74.0;72.5;9.8
30;2021-11-24;306;406;3039;554202;542892;76505;74.0;72.5;10.2
30;2021-11-25;328;346;3524;554530;543238;80029;74.1;72.6;10.7
30;2021-11-26;454;483;5436;554984;543721;85465;74.1;72.6;11.4
30;2021-11-27;167;239;1706;555151;543960;87171;74.2;72.7;11.6
30;2021-11-28;29;50;323;555180;544010;87494;74.2;72.7;11.7
30;2021-11-29;200;248;4042;555380;544258;91536;74.2;72.7;12.2
30;2021-11-30;276;328;5727;555656;544586;97263;74.2;72.8;13.0
30;2021-12-01;269;384;5437;555925;544970;102700;74.3;72.8;13.7
30;2021-12-02;266;245;5874;556191;545215;108574;74.3;72.8;14.5
30;2021-12-03;292;350;7317;556483;545565;115891;74.3;72.9;15.5
30;2021-12-04;147;186;2527;556630;545751;118418;74.4;72.9;15.8
30;2021-12-05;29;62;423;556659;545813;118841;74.4;72.9;15.9
30;2021-12-06;218;334;6438;556877;546147;125279;74.4;73.0;16.7
30;2021-12-07;343;353;9238;557220;546500;134517;74.4;73.0;18.0
30;2021-12-08;278;355;8188;557498;546855;142705;74.5;73.1;19.1
30;2021-12-09;326;291;8774;557824;547146;151479;74.5;73.1;20.2
30;2021-12-10;361;399;9661;558185;547545;161140;74.6;73.2;21.5
30;2021-12-11;190;200;3988;558375;547745;165128;74.6;73.2;22.1
30;2021-12-12;16;53;466;558391;547798;165594;74.6;73.2;22.1
30;2021-12-13;257;304;7618;558648;548102;173212;74.6;73.2;23.1
30;2021-12-14;355;377;10889;559003;548479;184101;74.7;73.3;24.6
30;2021-12-15;321;382;8831;559324;548861;192932;74.7;73.3;25.8
30;2021-12-16;367;403;9100;559691;549264;202032;74.8;73.4;27.0
30;2021-12-17;446;594;10489;560137;549858;212521;74.8;73.5;28.4
30;2021-12-18;227;234;3941;560364;550092;216462;74.9;73.5;28.9
30;2021-12-19;58;54;819;560422;550146;217281;74.9;73.5;29.0
30;2021-12-20;317;310;5916;560739;550456;223197;74.9;73.5;29.8
30;2021-12-21;438;364;7305;561177;550820;230502;75.0;73.6;30.8
30;2021-12-22;339;301;5499;561516;551121;236001;75.0;73.6;31.5
31;2020-12-27;1;0;0;1;0;0;0.0;0.0;0.0
31;2020-12-28;1;0;0;2;0;0;0.0;0.0;0.0
31;2020-12-29;0;0;0;2;0;0;0.0;0.0;0.0
31;2020-12-30;0;0;0;2;0;0;0.0;0.0;0.0
31;2020-12-31;1;0;0;3;0;0;0.0;0.0;0.0
31;2021-01-01;4;0;0;7;0;0;0.0;0.0;0.0
31;2021-01-02;0;0;0;7;0;0;0.0;0.0;0.0
31;2021-01-03;2;0;0;9;0;0;0.0;0.0;0.0
31;2021-01-04;3;1;0;12;1;0;0.0;0.0;0.0
31;2021-01-05;55;0;0;67;1;0;0.0;0.0;0.0
31;2021-01-06;203;1;0;270;2;0;0.0;0.0;0.0
31;2021-01-07;321;1;0;591;3;0;0.0;0.0;0.0
31;2021-01-08;556;0;0;1147;3;0;0.1;0.0;0.0
31;2021-01-09;288;0;0;1435;3;0;0.1;0.0;0.0
31;2021-01-10;278;0;0;1713;3;0;0.1;0.0;0.0
31;2021-01-11;972;4;0;2685;7;0;0.2;0.0;0.0
31;2021-01-12;1157;1;0;3842;8;0;0.3;0.0;0.0
31;2021-01-13;1141;5;0;4983;13;0;0.4;0.0;0.0
31;2021-01-14;1249;19;0;6232;32;0;0.4;0.0;0.0
31;2021-01-15;1061;5;0;7293;37;0;0.5;0.0;0.0
31;2021-01-16;273;2;0;7566;39;0;0.5;0.0;0.0
31;2021-01-17;200;0;0;7766;39;0;0.6;0.0;0.0
31;2021-01-18;1693;7;0;9459;46;0;0.7;0.0;0.0
31;2021-01-19;2916;12;0;12375;58;0;0.9;0.0;0.0
31;2021-01-20;3596;12;0;15971;70;0;1.1;0.0;0.0
31;2021-01-21;3031;10;0;19002;80;0;1.4;0.0;0.0
31;2021-01-22;2303;6;0;21305;86;0;1.5;0.0;0.0
31;2021-01-23;723;2;0;22028;88;0;1.6;0.0;0.0
31;2021-01-24;223;1;0;22251;89;0;1.6;0.0;0.0
31;2021-01-25;1763;13;0;24014;102;0;1.7;0.0;0.0
31;2021-01-26;1995;59;0;26009;161;0;1.9;0.0;0.0
31;2021-01-27;1699;153;0;27708;314;0;2.0;0.0;0.0
31;2021-01-28;1512;288;0;29220;602;0;2.1;0.0;0.0
31;2021-01-29;1399;373;0;30619;975;0;2.2;0.1;0.0
31;2021-01-30;457;180;0;31076;1155;0;2.2;0.1;0.0
31;2021-01-31;78;200;0;31154;1355;0;2.2;0.1;0.0
31;2021-02-01;1249;740;0;32403;2095;0;2.3;0.1;0.0
31;2021-02-02;2997;800;0;35400;2895;0;2.5;0.2;0.0
31;2021-02-03;1875;718;0;37275;3613;0;2.7;0.3;0.0
31;2021-02-04;1882;931;0;39157;4544;0;2.8;0.3;0.0
31;2021-02-05;1393;636;0;40550;5180;0;2.9;0.4;0.0
31;2021-02-06;437;71;0;40987;5251;0;2.9;0.4;0.0
31;2021-02-07;56;59;0;41043;5310;0;2.9;0.4;0.0
31;2021-02-08;1105;680;0;42148;5990;0;3.0;0.4;0.0
31;2021-02-09;1641;1547;0;43789;7537;0;3.1;0.5;0.0
31;2021-02-10;1916;2391;0;45705;9928;0;3.3;0.7;0.0
31;2021-02-11;1795;1792;0;47500;11720;0;3.4;0.8;0.0
31;2021-02-12;1635;863;0;49135;12583;0;3.5;0.9;0.0
31;2021-02-13;513;247;0;49648;12830;0;3.5;0.9;0.0
31;2021-02-14;58;218;0;49706;13048;0;3.5;0.9;0.0
31;2021-02-15;435;1409;0;50141;14457;0;3.6;1.0;0.0
31;2021-02-16;502;1620;0;50643;16077;0;3.6;1.1;0.0
31;2021-02-17;470;1682;0;51113;17759;0;3.6;1.3;0.0
31;2021-02-18;526;1836;0;51639;19595;0;3.7;1.4;0.0
31;2021-02-19;463;1611;0;52102;21206;0;3.7;1.5;0.0
31;2021-02-20;96;537;0;52198;21743;0;3.7;1.6;0.0
31;2021-02-21;73;168;0;52271;21911;0;3.7;1.6;0.0
31;2021-02-22;441;1795;0;52712;23706;0;3.8;1.7;0.0
31;2021-02-23;877;2888;0;53589;26594;0;3.8;1.9;0.0
31;2021-02-24;627;2072;0;54216;28666;0;3.9;2.0;0.0
31;2021-02-25;1436;1889;0;55652;30555;0;4.0;2.2;0.0
31;2021-02-26;1721;1308;0;57373;31863;0;4.1;2.3;0.0
31;2021-02-27;654;416;0;58027;32279;0;4.1;2.3;0.0
31;2021-02-28;92;59;0;58119;32338;0;4.1;2.3;0.0
31;2021-03-01;896;1143;0;59015;33481;0;4.2;2.4;0.0
31;2021-03-02;1284;1660;0;60299;35141;0;4.3;2.5;0.0
31;2021-03-03;1382;1763;0;61681;36904;0;4.4;2.6;0.0
31;2021-03-04;2447;1478;0;64128;38382;0;4.6;2.7;0.0
31;2021-03-05;3056;1575;0;67184;39957;0;4.8;2.9;0.0
31;2021-03-06;2875;421;0;70059;40378;0;5.0;2.9;0.0
31;2021-03-07;5209;114;0;75268;40492;0;5.4;2.9;0.0
31;2021-03-08;1670;1087;0;76938;41579;0;5.5;3.0;0.0
31;2021-03-09;2776;1207;0;79714;42786;0;5.7;3.1;0.0
31;2021-03-10;2592;1085;0;82306;43871;0;5.9;3.1;0.0
31;2021-03-11;4415;1186;0;86721;45057;0;6.2;3.2;0.0
31;2021-03-12;5309;1216;0;92030;46273;0;6.6;3.3;0.0
31;2021-03-13;2860;524;0;94890;46797;0;6.8;3.3;0.0
31;2021-03-14;262;53;0;95152;46850;0;6.8;3.3;0.0
31;2021-03-15;2587;432;0;97739;47282;0;7.0;3.4;0.0
31;2021-03-16;1776;807;0;99515;48089;0;7.1;3.4;0.0
31;2021-03-17;1744;570;0;101259;48659;0;7.2;3.5;0.0
31;2021-03-18;2074;744;0;103333;49403;0;7.4;3.5;0.0
31;2021-03-19;3270;561;0;106603;49964;0;7.6;3.6;0.0
31;2021-03-20;1870;160;0;108473;50124;0;7.7;3.6;0.0
31;2021-03-21;269;33;0;108742;50157;0;7.8;3.6;0.0
31;2021-03-22;2688;397;0;111430;50554;0;8.0;3.6;0.0
31;2021-03-23;4137;364;0;115567;50918;0;8.2;3.6;0.0
31;2021-03-24;4391;308;0;119958;51226;0;8.6;3.7;0.0
31;2021-03-25;6071;543;0;126029;51769;0;9.0;3.7;0.0
31;2021-03-26;5599;553;0;131628;52322;0;9.4;3.7;0.0
31;2021-03-27;4478;220;0;136106;52542;0;9.7;3.8;0.0
31;2021-03-28;2259;50;0;138365;52592;0;9.9;3.8;0.0
31;2021-03-29;4416;493;0;142781;53085;0;10.2;3.8;0.0
31;2021-03-30;6564;580;0;149345;53665;0;10.7;3.8;0.0
31;2021-03-31;5821;434;0;155166;54099;0;11.1;3.9;0.0
31;2021-04-01;7103;626;0;162269;54725;0;11.6;3.9;0.0
31;2021-04-02;6247;645;0;168516;55370;0;12.0;4.0;0.0
31;2021-04-03;4112;214;0;172628;55584;0;12.3;4.0;0.0
31;2021-04-04;2048;116;0;174676;55700;0;12.5;4.0;0.0
31;2021-04-05;613;80;0;175289;55780;0;12.5;4.0;0.0
31;2021-04-06;4352;1201;0;179641;56981;0;12.8;4.1;0.0
31;2021-04-07;6405;1071;0;186046;58052;0;13.3;4.1;0.0
31;2021-04-08;7726;1117;0;193772;59169;0;13.8;4.2;0.0
31;2021-04-09;8492;1341;0;202264;60510;0;14.4;4.3;0.0
31;2021-04-10;5187;611;0;207451;61121;0;14.8;4.4;0.0
31;2021-04-11;2111;148;0;209562;61269;0;15.0;4.4;0.0
31;2021-04-12;6063;1868;0;215625;63137;0;15.4;4.5;0.0
31;2021-04-13;8024;2110;0;223649;65247;0;16.0;4.7;0.0
31;2021-04-14;6752;2045;0;230401;67292;0;16.4;4.8;0.0
31;2021-04-15;7844;2289;0;238245;69581;0;17.0;5.0;0.0
31;2021-04-16;7333;2162;0;245578;71743;0;17.5;5.1;0.0
31;2021-04-17;4602;1003;0;250180;72746;0;17.9;5.2;0.0
31;2021-04-18;2485;398;0;252665;73144;0;18.0;5.2;0.0
31;2021-04-19;5305;2188;0;257970;75332;0;18.4;5.4;0.0
31;2021-04-20;6120;2932;0;264090;78264;0;18.9;5.6;0.0
31;2021-04-21;6055;2916;0;270145;81180;0;19.3;5.8;0.0
31;2021-04-22;6470;3275;0;276615;84455;0;19.7;6.0;0.0
31;2021-04-23;6355;2770;0;282970;87225;0;20.2;6.2;0.0
31;2021-04-24;2031;3355;0;285001;90580;0;20.3;6.5;0.0
31;2021-04-25;808;2096;0;285809;92676;0;20.4;6.6;0.0
31;2021-04-26;3960;3631;0;289769;96307;0;20.7;6.9;0.0
31;2021-04-27;4728;4069;0;294497;100376;0;21.0;7.2;0.0
31;2021-04-28;4726;3791;0;299223;104167;0;21.4;7.4;0.0
31;2021-04-29;5464;4222;0;304687;108389;0;21.7;7.7;0.0
31;2021-04-30;5261;4392;0;309948;112781;0;22.1;8.1;0.0
31;2021-05-01;1956;3205;0;311904;115986;0;22.3;8.3;0.0
31;2021-05-02;1482;1985;0;313386;117971;0;22.4;8.4;0.0
31;2021-05-03;5667;2827;0;319053;120798;0;22.8;8.6;0.0
31;2021-05-04;5038;5041;0;324091;125839;0;23.1;9.0;0.0
31;2021-05-05;3564;6020;0;327655;131859;0;23.4;9.4;0.0
31;2021-05-06;4045;7448;0;331700;139307;0;23.7;9.9;0.0
31;2021-05-07;5876;7242;0;337576;146549;0;24.1;10.5;0.0
31;2021-05-08;4033;3115;0;341609;149664;0;24.4;10.7;0.0
31;2021-05-09;3845;2358;0;345454;152022;0;24.7;10.9;0.0
31;2021-05-10;6455;5750;0;351909;157772;0;25.1;11.3;0.0
31;2021-05-11;6992;6847;0;358901;164619;0;25.6;11.8;0.0
31;2021-05-12;7547;6159;0;366448;170778;0;26.2;12.2;0.0
31;2021-05-13;5695;2165;0;372143;172943;0;26.6;12.3;0.0
31;2021-05-14;8607;4249;0;380750;177192;0;27.2;12.6;0.0
31;2021-05-15;6555;2111;0;387305;179303;0;27.6;12.8;0.0
31;2021-05-16;3842;656;0;391147;179959;0;27.9;12.8;0.0
31;2021-05-17;5992;4258;0;397139;184217;0;28.3;13.1;0.0
31;2021-05-18;6745;4321;0;403884;188538;0;28.8;13.5;0.0
31;2021-05-19;7328;3833;0;411212;192371;0;29.4;13.7;0.0
31;2021-05-20;8277;4889;0;419489;197260;0;29.9;14.1;0.0
31;2021-05-21;8332;4960;0;427821;202220;0;30.5;14.4;0.0
31;2021-05-22;6156;1877;0;433977;204097;0;31.0;14.6;0.0
31;2021-05-23;4411;369;0;438388;204466;0;31.3;14.6;0.0
31;2021-05-24;4777;805;0;443165;205271;0;31.6;14.7;0.0
31;2021-05-25;7381;3868;0;450546;209139;0;32.2;14.9;0.0
31;2021-05-26;7491;4768;0;458037;213907;0;32.7;15.3;0.0
31;2021-05-27;7083;6229;0;465120;220136;0;33.2;15.7;0.0
31;2021-05-28;6563;6508;0;471683;226644;0;33.7;16.2;0.0
31;2021-05-29;4078;4260;0;475761;230904;0;34.0;16.5;0.0
31;2021-05-30;1385;2340;0;477146;233244;0;34.1;16.6;0.0
31;2021-05-31;5942;5249;0;483088;238493;0;34.5;17.0;0.0
31;2021-06-01;7148;6714;0;490236;245207;0;35.0;17.5;0.0
31;2021-06-02;7328;6496;0;497564;251703;0;35.5;18.0;0.0
31;2021-06-03;8261;8244;0;505825;259947;0;36.1;18.6;0.0
31;2021-06-04;9254;7436;0;515079;267383;0;36.8;19.1;0.0
31;2021-06-05;10596;3240;0;525675;270623;0;37.5;19.3;0.0
31;2021-06-06;7907;1566;0;533582;272189;0;38.1;19.4;0.0
31;2021-06-07;8506;5729;0;542088;277918;0;38.7;19.8;0.0
31;2021-06-08;9517;6363;0;551605;284281;0;39.4;20.3;0.0
31;2021-06-09;9901;5813;0;561506;290094;0;40.1;20.7;0.0
31;2021-06-10;10050;6535;0;571556;296629;0;40.8;21.2;0.0
31;2021-06-11;10747;7021;0;582303;303650;0;41.6;21.7;0.0
31;2021-06-12;9663;3771;0;591966;307421;0;42.3;21.9;0.0
31;2021-06-13;7940;1985;0;599906;309406;0;42.8;22.1;0.0
31;2021-06-14;8379;7028;0;608285;316434;0;43.4;22.6;0.0
31;2021-06-15;9872;7735;0;618157;324169;0;44.1;23.1;0.0
31;2021-06-16;8907;5963;0;627064;330132;0;44.8;23.6;0.0
31;2021-06-17;8408;6955;0;635472;337087;0;45.4;24.1;0.0
31;2021-06-18;8814;8543;0;644286;345630;0;46.0;24.7;0.0
31;2021-06-19;7917;6306;0;652203;351936;0;46.6;25.1;0.0
31;2021-06-20;5274;3840;0;657477;355776;0;46.9;25.4;0.0
31;2021-06-21;5350;7882;0;662827;363658;0;47.3;26.0;0.0
31;2021-06-22;5044;8813;0;667871;372471;0;47.7;26.6;0.0
31;2021-06-23;5179;8428;0;673050;380899;0;48.0;27.2;0.0
31;2021-06-24;4549;8848;0;677599;389747;0;48.4;27.8;0.0
31;2021-06-25;5058;10972;0;682657;400719;0;48.7;28.6;0.0
31;2021-06-26;4427;7745;0;687084;408464;0;49.0;29.2;0.0
31;2021-06-27;3330;4570;0;690414;413034;0;49.3;29.5;0.0
31;2021-06-28;3998;7692;0;694412;420726;0;49.6;30.0;0.0
31;2021-06-29;3856;8659;0;698268;429385;0;49.8;30.6;0.0
31;2021-06-30;4344;9352;0;702612;438737;0;50.2;31.3;0.0
31;2021-07-01;4174;9625;0;706786;448362;0;50.5;32.0;0.0
31;2021-07-02;4254;10894;0;711040;459256;0;50.8;32.8;0.0
31;2021-07-03;3995;8186;0;715035;467442;0;51.0;33.4;0.0
31;2021-07-04;2953;5043;0;717988;472485;0;51.3;33.7;0.0
31;2021-07-05;3935;7922;0;721923;480407;0;51.5;34.3;0.0
31;2021-07-06;3826;9424;5;725749;489831;5;51.8;35.0;0.0
31;2021-07-07;4029;9458;0;729778;499289;5;52.1;35.6;0.0
31;2021-07-08;3963;9404;4;733741;508693;9;52.4;36.3;0.0
31;2021-07-09;4512;10499;0;738253;519192;9;52.7;37.1;0.0
31;2021-07-10;3862;7062;0;742115;526254;9;53.0;37.6;0.0
31;2021-07-11;2854;4310;0;744969;530564;9;53.2;37.9;0.0
31;2021-07-12;3756;9850;0;748725;540414;9;53.4;38.6;0.0
31;2021-07-13;6764;10558;0;755489;550972;9;53.9;39.3;0.0
31;2021-07-14;5772;4187;0;761261;555159;9;54.3;39.6;0.0
31;2021-07-15;8267;10132;0;769528;565291;9;54.9;40.4;0.0
31;2021-07-16;7825;11104;0;777353;576395;9;55.5;41.1;0.0
31;2021-07-17;7855;11428;0;785208;587823;9;56.0;42.0;0.0
31;2021-07-18;5762;8914;0;790970;596737;9;56.5;42.6;0.0
31;2021-07-19;5126;11323;0;796096;608060;9;56.8;43.4;0.0
31;2021-07-20;7200;11760;0;803296;619820;9;57.3;44.2;0.0
31;2021-07-21;7213;11894;0;810509;631714;9;57.9;45.1;0.0
31;2021-07-22;7815;11591;0;818324;643305;9;58.4;45.9;0.0
31;2021-07-23;7233;12327;0;825557;655632;9;58.9;46.8;0.0
31;2021-07-24;8979;10368;0;834536;666000;9;59.6;47.5;0.0
31;2021-07-25;6456;8099;0;840992;674099;9;60.0;48.1;0.0
31;2021-07-26;5660;9789;0;846652;683888;9;60.4;48.8;0.0
31;2021-07-27;7901;9476;0;854553;693364;9;61.0;49.5;0.0
31;2021-07-28;8256;8491;0;862809;701855;9;61.6;50.1;0.0
31;2021-07-29;8531;8249;0;871340;710104;9;62.2;50.7;0.0
31;2021-07-30;7476;8254;0;878816;718358;9;62.7;51.3;0.0
31;2021-07-31;5704;7006;0;884520;725364;9;63.1;51.8;0.0
31;2021-08-01;3993;3988;0;888513;729352;9;63.4;52.1;0.0
31;2021-08-02;5623;5542;0;894136;734894;9;63.8;52.5;0.0
31;2021-08-03;5990;5455;0;900126;740349;9;64.3;52.8;0.0
31;2021-08-04;6038;4962;1;906164;745311;10;64.7;53.2;0.0
31;2021-08-05;5579;7226;0;911743;752537;10;65.1;53.7;0.0
31;2021-08-06;5448;7326;0;917191;759863;10;65.5;54.2;0.0
31;2021-08-07;4385;6426;0;921576;766289;10;65.8;54.7;0.0
31;2021-08-08;2983;4892;0;924559;771181;10;66.0;55.0;0.0
31;2021-08-09;4381;7021;0;928940;778202;10;66.3;55.5;0.0
31;2021-08-10;4710;6474;0;933650;784676;10;66.6;56.0;0.0
31;2021-08-11;4519;5951;0;938169;790627;10;67.0;56.4;0.0
31;2021-08-12;4433;6723;0;942602;797350;10;67.3;56.9;0.0
31;2021-08-13;3945;6087;0;946547;803437;10;67.6;57.4;0.0
31;2021-08-14;2865;6115;0;949412;809552;10;67.8;57.8;0.0
31;2021-08-15;1099;3642;0;950511;813194;10;67.8;58.0;0.0
31;2021-08-16;3199;7994;0;953710;821188;10;68.1;58.6;0.0
31;2021-08-17;3451;7174;0;957161;828362;10;68.3;59.1;0.0
31;2021-08-18;3253;6893;2;960414;835255;12;68.6;59.6;0.0
31;2021-08-19;2944;6971;0;963358;842226;12;68.8;60.1;0.0
31;2021-08-20;2893;7212;0;966251;849438;12;69.0;60.6;0.0
31;2021-08-21;1891;6499;0;968142;855937;12;69.1;61.1;0.0
31;2021-08-22;1270;4864;1;969412;860801;13;69.2;61.4;0.0
31;2021-08-23;2250;7448;0;971662;868249;13;69.4;62.0;0.0
31;2021-08-24;2403;6275;0;974065;874524;13;69.5;62.4;0.0
31;2021-08-25;2291;5719;0;976356;880243;13;69.7;62.8;0.0
31;2021-08-26;2193;5862;0;978549;886105;13;69.8;63.3;0.0
31;2021-08-27;2327;6681;0;980876;892786;13;70.0;63.7;0.0
31;2021-08-28;1711;6348;0;982587;899134;13;70.1;64.2;0.0
31;2021-08-29;1122;4455;0;983709;903589;13;70.2;64.5;0.0
31;2021-08-30;2008;6436;51;985717;910025;64;70.4;65.0;0.0
31;2021-08-31;2116;5367;138;987833;915392;202;70.5;65.3;0.0
31;2021-09-01;1915;4576;457;989748;919968;659;70.6;65.7;0.0
31;2021-09-02;1716;4037;518;991464;924005;1177;70.8;66.0;0.1
31;2021-09-03;1768;4584;532;993232;928589;1709;70.9;66.3;0.1
31;2021-09-04;1928;5274;282;995160;933863;1991;71.0;66.7;0.1
31;2021-09-05;941;1900;246;996101;935763;2237;71.1;66.8;0.2
31;2021-09-06;1352;2900;633;997453;938663;2870;71.2;67.0;0.2
31;2021-09-07;1187;2847;582;998640;941510;3452;71.3;67.2;0.2
31;2021-09-08;1344;3463;617;999984;944973;4069;71.4;67.5;0.3
31;2021-09-09;1007;2468;616;1000991;947441;4685;71.5;67.6;0.3
31;2021-09-10;1509;3147;614;1002500;950588;5299;71.6;67.9;0.4
31;2021-09-11;1246;3453;263;1003746;954041;5562;71.6;68.1;0.4
31;2021-09-12;475;1468;132;1004221;955509;5694;71.7;68.2;0.4
31;2021-09-13;1007;1973;755;1005228;957482;6449;71.8;68.3;0.5
31;2021-09-14;1191;1931;977;1006419;959413;7426;71.8;68.5;0.5
31;2021-09-15;1057;2549;862;1007476;961962;8288;71.9;68.7;0.6
31;2021-09-16;911;1640;1132;1008387;963602;9420;72.0;68.8;0.7
31;2021-09-17;1066;2441;865;1009453;966043;10285;72.1;69.0;0.7
31;2021-09-18;834;2671;252;1010287;968714;10537;72.1;69.1;0.8
31;2021-09-19;279;1070;129;1010566;969784;10666;72.1;69.2;0.8
31;2021-09-20;593;1464;726;1011159;971248;11392;72.2;69.3;0.8
31;2021-09-21;797;1566;1253;1011956;972814;12645;72.2;69.4;0.9
31;2021-09-22;805;2047;991;1012761;974861;13636;72.3;69.6;1.0
31;2021-09-23;721;1457;1233;1013482;976318;14869;72.3;69.7;1.1
31;2021-09-24;803;1982;989;1014285;978300;15858;72.4;69.8;1.1
31;2021-09-25;635;2409;229;1014920;980709;16087;72.4;70.0;1.1
31;2021-09-26;228;938;107;1015148;981647;16194;72.5;70.1;1.2
31;2021-09-27;627;1407;743;1015775;983054;16937;72.5;70.2;1.2
31;2021-09-28;707;1263;947;1016482;984317;17884;72.6;70.3;1.3
31;2021-09-29;722;1553;882;1017204;985870;18766;72.6;70.4;1.3
31;2021-09-30;676;1084;1101;1017880;986954;19867;72.7;70.4;1.4
31;2021-10-01;997;1770;916;1018877;988724;20783;72.7;70.6;1.5
31;2021-10-02;748;1646;310;1019625;990370;21093;72.8;70.7;1.5
31;2021-10-03;97;296;26;1019722;990666;21119;72.8;70.7;1.5
31;2021-10-04;453;674;609;1020175;991340;21728;72.8;70.8;1.6
31;2021-10-05;556;1201;1171;1020731;992541;22899;72.9;70.8;1.6
31;2021-10-06;658;1116;848;1021389;993657;23747;72.9;70.9;1.7
31;2021-10-07;620;1309;1187;1022009;994966;24934;73.0;71.0;1.8
31;2021-10-08;833;1169;1149;1022842;996135;26083;73.0;71.1;1.9
31;2021-10-09;495;1189;376;1023337;997324;26459;73.0;71.2;1.9
31;2021-10-10;26;63;28;1023363;997387;26487;73.0;71.2;1.9
31;2021-10-11;419;530;567;1023782;997917;27054;73.1;71.2;1.9
31;2021-10-12;563;1003;1220;1024345;998920;28274;73.1;71.3;2.0
31;2021-10-13;567;1052;957;1024912;999972;29231;73.2;71.4;2.1
31;2021-10-14;614;1051;1227;1025526;1001023;30458;73.2;71.5;2.2
31;2021-10-15;738;1044;1340;1026264;1002067;31798;73.3;71.5;2.3
31;2021-10-16;465;949;587;1026729;1003016;32385;73.3;71.6;2.3
31;2021-10-17;17;38;14;1026746;1003054;32399;73.3;71.6;2.3
31;2021-10-18;331;498;732;1027077;1003552;33131;73.3;71.6;2.4
31;2021-10-19;497;891;1245;1027574;1004443;34376;73.3;71.7;2.5
31;2021-10-20;555;830;1355;1028129;1005273;35731;73.4;71.8;2.6
31;2021-10-21;556;949;1651;1028685;1006222;37382;73.4;71.8;2.7
31;2021-10-22;608;968;1561;1029293;1007190;38943;73.5;71.9;2.8
31;2021-10-23;403;1034;690;1029696;1008224;39633;73.5;72.0;2.8
31;2021-10-24;19;47;18;1029715;1008271;39651;73.5;72.0;2.8
31;2021-10-25;320;386;1110;1030035;1008657;40761;73.5;72.0;2.9
31;2021-10-26;443;538;1521;1030478;1009195;42282;73.6;72.0;3.0
31;2021-10-27;491;704;1977;1030969;1009899;44259;73.6;72.1;3.2
31;2021-10-28;443;564;1815;1031412;1010463;46074;73.6;72.1;3.3
31;2021-10-29;529;766;2004;1031941;1011229;48078;73.7;72.2;3.4
31;2021-10-30;306;503;656;1032247;1011732;48734;73.7;72.2;3.5
31;2021-10-31;26;34;19;1032273;1011766;48753;73.7;72.2;3.5
31;2021-11-01;62;39;37;1032335;1011805;48790;73.7;72.2;3.5
31;2021-11-02;484;620;1768;1032819;1012425;50558;73.7;72.3;3.6
31;2021-11-03;438;654;1962;1033257;1013079;52520;73.8;72.3;3.7
31;2021-11-04;403;557;2156;1033660;1013636;54676;73.8;72.4;3.9
31;2021-11-05;544;764;2648;1034204;1014400;57324;73.8;72.4;4.1
31;2021-11-06;316;445;882;1034520;1014845;58206;73.8;72.4;4.2
31;2021-11-07;28;44;70;1034548;1014889;58276;73.8;72.4;4.2
31;2021-11-08;287;437;1781;1034835;1015326;60057;73.9;72.5;4.3
31;2021-11-09;478;621;3828;1035313;1015947;63885;73.9;72.5;4.6
31;2021-11-10;498;746;3756;1035811;1016693;67641;73.9;72.6;4.8
31;2021-11-11;24;62;96;1035835;1016755;67737;73.9;72.6;4.8
31;2021-11-12;512;729;3719;1036347;1017484;71456;74.0;72.6;5.1
31;2021-11-13;315;430;1218;1036662;1017914;72674;74.0;72.7;5.2
31;2021-11-14;14;22;52;1036676;1017936;72726;74.0;72.7;5.2
31;2021-11-15;309;398;2476;1036985;1018334;75202;74.0;72.7;5.4
31;2021-11-16;489;654;4739;1037474;1018988;79941;74.1;72.7;5.7
31;2021-11-17;498;566;4011;1037972;1019554;83952;74.1;72.8;6.0
31;2021-11-18;444;504;4270;1038416;1020058;88222;74.1;72.8;6.3
31;2021-11-19;581;676;4998;1038997;1020734;93220;74.2;72.9;6.7
31;2021-11-20;469;459;1836;1039466;1021193;95056;74.2;72.9;6.8
31;2021-11-21;31;50;72;1039497;1021243;95128;74.2;72.9;6.8
31;2021-11-22;327;293;3032;1039824;1021536;98160;74.2;72.9;7.0
31;2021-11-23;479;513;5511;1040303;1022049;103671;74.3;73.0;7.4
31;2021-11-24;495;497;4557;1040798;1022546;108228;74.3;73.0;7.7
31;2021-11-25;438;470;5990;1041236;1023016;114218;74.3;73.0;8.2
31;2021-11-26;540;601;8315;1041776;1023617;122533;74.4;73.1;8.7
31;2021-11-27;371;485;4796;1042147;1024102;127329;74.4;73.1;9.1
31;2021-11-28;30;86;874;1042177;1024188;128203;74.4;73.1;9.2
31;2021-11-29;284;333;5839;1042461;1024521;134042;74.4;73.1;9.6
31;2021-11-30;419;555;9689;1042880;1025076;143731;74.4;73.2;10.3
31;2021-12-01;393;502;9096;1043273;1025578;152827;74.5;73.2;10.9
31;2021-12-02;384;361;11401;1043657;1025939;164228;74.5;73.2;11.7
31;2021-12-03;394;538;12060;1044051;1026477;176288;74.5;73.3;12.6
31;2021-12-04;253;476;6126;1044304;1026953;182414;74.5;73.3;13.0
31;2021-12-05;72;96;1989;1044376;1027049;184403;74.5;73.3;13.2
31;2021-12-06;261;380;9484;1044637;1027429;193887;74.6;73.3;13.8
31;2021-12-07;446;546;12953;1045083;1027975;206840;74.6;73.4;14.8
31;2021-12-08;409;623;11651;1045492;1028598;218491;74.6;73.4;15.6
31;2021-12-09;464;574;15294;1045956;1029172;233785;74.7;73.5;16.7
31;2021-12-10;523;642;16048;1046479;1029814;249833;74.7;73.5;17.8
31;2021-12-11;350;489;9895;1046829;1030303;259728;74.7;73.5;18.5
31;2021-12-12;155;115;4629;1046984;1030418;264357;74.7;73.6;18.9
31;2021-12-13;374;455;12880;1047358;1030873;277237;74.8;73.6;19.8
31;2021-12-14;552;651;17276;1047910;1031524;294513;74.8;73.6;21.0
31;2021-12-15;560;670;15065;1048470;1032194;309578;74.8;73.7;22.1
31;2021-12-16;476;649;16637;1048946;1032843;326215;74.9;73.7;23.3
31;2021-12-17;570;679;17402;1049516;1033522;343617;74.9;73.8;24.5
31;2021-12-18;484;485;10628;1050000;1034007;354245;74.9;73.8;25.3
31;2021-12-19;189;160;5325;1050189;1034167;359570;75.0;73.8;25.7
31;2021-12-20;600;650;13929;1050789;1034817;373499;75.0;73.9;26.7
31;2021-12-21;799;687;15815;1051588;1035504;389314;75.1;73.9;27.8
31;2021-12-22;773;597;13295;1052361;1036101;402609;75.1;74.0;28.7
32;2020-12-27;0;0;0;0;0;0;0.0;0.0;0.0
32;2020-12-28;0;0;0;0;0;0;0.0;0.0;0.0
32;2020-12-29;1;0;0;1;0;0;0.0;0.0;0.0
32;2020-12-30;0;0;0;1;0;0;0.0;0.0;0.0
32;2020-12-31;0;0;0;1;0;0;0.0;0.0;0.0
32;2021-01-01;1;0;0;2;0;0;0.0;0.0;0.0
32;2021-01-02;0;0;0;2;0;0;0.0;0.0;0.0
32;2021-01-03;0;0;0;2;0;0;0.0;0.0;0.0
32;2021-01-04;2;0;0;4;0;0;0.0;0.0;0.0
32;2021-01-05;4;0;0;8;0;0;0.0;0.0;0.0
32;2021-01-06;6;0;0;14;0;0;0.0;0.0;0.0
32;2021-01-07;148;0;0;162;0;0;0.1;0.0;0.0
32;2021-01-08;78;0;0;240;0;0;0.1;0.0;0.0
32;2021-01-09;7;0;0;247;0;0;0.1;0.0;0.0
32;2021-01-10;2;0;0;249;0;0;0.1;0.0;0.0
32;2021-01-11;35;1;0;284;1;0;0.1;0.0;0.0
32;2021-01-12;94;0;0;378;1;0;0.2;0.0;0.0
32;2021-01-13;296;1;0;674;2;0;0.4;0.0;0.0
32;2021-01-14;347;3;0;1021;5;0;0.5;0.0;0.0
32;2021-01-15;415;2;0;1436;7;0;0.8;0.0;0.0
32;2021-01-16;26;1;0;1462;8;0;0.8;0.0;0.0
32;2021-01-17;2;0;0;1464;8;0;0.8;0.0;0.0
32;2021-01-18;312;2;0;1776;10;0;0.9;0.0;0.0
32;2021-01-19;433;0;0;2209;10;0;1.2;0.0;0.0
32;2021-01-20;392;0;0;2601;10;0;1.4;0.0;0.0
32;2021-01-21;605;1;0;3206;11;0;1.7;0.0;0.0
32;2021-01-22;382;1;0;3588;12;0;1.9;0.0;0.0
32;2021-01-23;178;0;0;3766;12;0;2.0;0.0;0.0
32;2021-01-24;6;0;0;3772;12;0;2.0;0.0;0.0
32;2021-01-25;485;1;0;4257;13;0;2.2;0.0;0.0
32;2021-01-26;621;3;0;4878;16;0;2.6;0.0;0.0
32;2021-01-27;673;8;0;5551;24;0;2.9;0.0;0.0
32;2021-01-28;618;24;0;6169;48;0;3.2;0.0;0.0
32;2021-01-29;451;46;0;6620;94;0;3.5;0.0;0.0
32;2021-01-30;270;2;0;6890;96;0;3.6;0.1;0.0
32;2021-01-31;3;6;0;6893;102;0;3.6;0.1;0.0
32;2021-02-01;315;73;0;7208;175;0;3.8;0.1;0.0
32;2021-02-02;643;126;0;7851;301;0;4.1;0.2;0.0
32;2021-02-03;373;175;0;8224;476;0;4.3;0.3;0.0
32;2021-02-04;432;262;0;8656;738;0;4.6;0.4;0.0
32;2021-02-05;345;321;0;9001;1059;0;4.7;0.6;0.0
32;2021-02-06;147;5;0;9148;1064;0;4.8;0.6;0.0
32;2021-02-07;0;32;0;9148;1096;0;4.8;0.6;0.0
32;2021-02-08;305;124;0;9453;1220;0;5.0;0.6;0.0
32;2021-02-09;341;233;0;9794;1453;0;5.2;0.8;0.0
32;2021-02-10;309;260;0;10103;1713;0;5.3;0.9;0.0
32;2021-02-11;366;324;0;10469;2037;0;5.5;1.1;0.0
32;2021-02-12;313;268;0;10782;2305;0;5.7;1.2;0.0
32;2021-02-13;261;1;0;11043;2306;0;5.8;1.2;0.0
32;2021-02-14;0;28;0;11043;2334;0;5.8;1.2;0.0
32;2021-02-15;39;239;0;11082;2573;0;5.8;1.4;0.0
32;2021-02-16;407;384;0;11489;2957;0;6.0;1.6;0.0
32;2021-02-17;199;466;0;11688;3423;0;6.2;1.8;0.0
32;2021-02-18;321;484;0;12009;3907;0;6.3;2.1;0.0
32;2021-02-19;182;293;0;12191;4200;0;6.4;2.2;0.0
32;2021-02-20;10;148;0;12201;4348;0;6.4;2.3;0.0
32;2021-02-21;0;5;0;12201;4353;0;6.4;2.3;0.0
32;2021-02-22;163;421;0;12364;4774;0;6.5;2.5;0.0
32;2021-02-23;434;590;0;12798;5364;0;6.7;2.8;0.0
32;2021-02-24;295;383;0;13093;5747;0;6.9;3.0;0.0
32;2021-02-25;487;521;0;13580;6268;0;7.1;3.3;0.0
32;2021-02-26;456;358;0;14036;6626;0;7.4;3.5;0.0
32;2021-02-27;169;254;0;14205;6880;0;7.5;3.6;0.0
32;2021-02-28;6;1;0;14211;6881;0;7.5;3.6;0.0
32;2021-03-01;74;325;0;14285;7206;0;7.5;3.8;0.0
32;2021-03-02;419;453;0;14704;7659;0;7.7;4.0;0.0
32;2021-03-03;301;332;0;15005;7991;0;7.9;4.2;0.0
32;2021-03-04;551;355;0;15556;8346;0;8.2;4.4;0.0
32;2021-03-05;472;274;0;16028;8620;0;8.4;4.5;0.0
32;2021-03-06;568;174;0;16596;8794;0;8.7;4.6;0.0
32;2021-03-07;65;5;0;16661;8799;0;8.8;4.6;0.0
32;2021-03-08;265;305;0;16926;9104;0;8.9;4.8;0.0
32;2021-03-09;700;376;0;17626;9480;0;9.3;5.0;0.0
32;2021-03-10;515;353;0;18141;9833;0;9.5;5.2;0.0
32;2021-03-11;899;310;0;19040;10143;0;10.0;5.3;0.0
32;2021-03-12;934;355;0;19974;10498;0;10.5;5.5;0.0
32;2021-03-13;500;250;0;20474;10748;0;10.8;5.7;0.0
32;2021-03-14;3;0;0;20477;10748;0;10.8;5.7;0.0
32;2021-03-15;347;43;0;20824;10791;0;11.0;5.7;0.0
32;2021-03-16;323;318;0;21147;11109;0;11.1;5.8;0.0
32;2021-03-17;201;158;0;21348;11267;0;11.2;5.9;0.0
32;2021-03-18;436;306;0;21784;11573;0;11.5;6.1;0.0
32;2021-03-19;456;176;0;22240;11749;0;11.7;6.2;0.0
32;2021-03-20;182;32;0;22422;11781;0;11.8;6.2;0.0
32;2021-03-21;17;0;0;22439;11781;0;11.8;6.2;0.0
32;2021-03-22;398;174;0;22837;11955;0;12.0;6.3;0.0
32;2021-03-23;655;400;0;23492;12355;0;12.4;6.5;0.0
32;2021-03-24;717;277;0;24209;12632;0;12.7;6.6;0.0
32;2021-03-25;990;419;0;25199;13051;0;13.3;6.9;0.0
32;2021-03-26;730;301;0;25929;13352;0;13.6;7.0;0.0
32;2021-03-27;226;8;0;26155;13360;0;13.8;7.0;0.0
32;2021-03-28;13;2;0;26168;13362;0;13.8;7.0;0.0
32;2021-03-29;434;70;0;26602;13432;0;14.0;7.1;0.0
32;2021-03-30;884;294;0;27486;13726;0;14.5;7.2;0.0
32;2021-03-31;727;186;0;28213;13912;0;14.8;7.3;0.0
32;2021-04-01;1344;339;0;29557;14251;0;15.6;7.5;0.0
32;2021-04-02;682;190;0;30239;14441;0;15.9;7.6;0.0
32;2021-04-03;182;7;0;30421;14448;0;16.0;7.6;0.0
32;2021-04-04;18;3;0;30439;14451;0;16.0;7.6;0.0
32;2021-04-05;46;3;0;30485;14454;0;16.0;7.6;0.0
32;2021-04-06;2635;365;0;33120;14819;0;17.4;7.8;0.0
32;2021-04-07;1304;235;0;34424;15054;0;18.1;7.9;0.0
32;2021-04-08;1856;420;0;36280;15474;0;19.1;8.1;0.0
32;2021-04-09;976;236;0;37256;15710;0;19.6;8.3;0.0
32;2021-04-10;904;45;0;38160;15755;0;20.1;8.3;0.0
32;2021-04-11;43;3;0;38203;15758;0;20.1;8.3;0.0
32;2021-04-12;589;65;0;38792;15823;0;20.4;8.3;0.0
32;2021-04-13;2560;405;0;41352;16228;0;21.8;8.5;0.0
32;2021-04-14;1332;294;0;42684;16522;0;22.5;8.7;0.0
32;2021-04-15;1803;456;0;44487;16978;0;23.4;8.9;0.0
32;2021-04-16;732;341;0;45219;17319;0;23.8;9.1;0.0
32;2021-04-17;838;61;0;46057;17380;0;24.2;9.1;0.0
32;2021-04-18;31;6;0;46088;17386;0;24.3;9.1;0.0
32;2021-04-19;537;117;0;46625;17503;0;24.5;9.2;0.0
32;2021-04-20;2378;484;0;49003;17987;0;25.8;9.5;0.0
32;2021-04-21;1005;398;0;50008;18385;0;26.3;9.7;0.0
32;2021-04-22;1651;429;0;51659;18814;0;27.2;9.9;0.0
32;2021-04-23;558;229;0;52217;19043;0;27.5;10.0;0.0
32;2021-04-24;1345;104;0;53562;19147;0;28.2;10.1;0.0
32;2021-04-25;13;18;0;53575;19165;0;28.2;10.1;0.0
32;2021-04-26;360;440;0;53935;19605;0;28.4;10.3;0.0
32;2021-04-27;2298;675;0;56233;20280;0;29.6;10.7;0.0
32;2021-04-28;913;452;0;57146;20732;0;30.1;10.9;0.0
32;2021-04-29;1017;984;0;58163;21716;0;30.6;11.4;0.0
32;2021-04-30;507;435;0;58670;22151;0;30.9;11.7;0.0
32;2021-05-01;2406;120;0;61076;22271;0;32.1;11.7;0.0
32;2021-05-02;16;10;0;61092;22281;0;32.1;11.7;0.0
32;2021-05-03;271;489;0;61363;22770;0;32.3;12.0;0.0
32;2021-05-04;814;2530;0;62177;25300;0;32.7;13.3;0.0
32;2021-05-05;2104;1198;0;64281;26498;0;33.8;13.9;0.0
32;2021-05-06;614;1765;0;64895;28263;0;34.1;14.9;0.0
32;2021-05-07;2002;671;0;66897;28934;0;35.2;15.2;0.0
32;2021-05-08;141;478;0;67038;29412;0;35.3;15.5;0.0
32;2021-05-09;40;201;0;67078;29613;0;35.3;15.6;0.0
32;2021-05-10;1572;625;0;68650;30238;0;36.1;15.9;0.0
32;2021-05-11;771;2308;0;69421;32546;0;36.5;17.1;0.0
32;2021-05-12;1880;1132;0;71301;33678;0;37.5;17.7;0.0
32;2021-05-13;396;1376;0;71697;35054;0;37.7;18.4;0.0
32;2021-05-14;1648;371;0;73345;35425;0;38.6;18.6;0.0
32;2021-05-15;251;730;0;73596;36155;0;38.7;19.0;0.0
32;2021-05-16;49;5;0;73645;36160;0;38.8;19.0;0.0
32;2021-05-17;361;263;0;74006;36423;0;38.9;19.2;0.0
32;2021-05-18;1454;336;0;75460;36759;0;39.7;19.3;0.0
32;2021-05-19;2065;305;0;77525;37064;0;40.8;19.5;0.0
32;2021-05-20;2040;459;0;79565;37523;0;41.9;19.7;0.0
32;2021-05-21;1450;490;0;81015;38013;0;42.6;20.0;0.0
32;2021-05-22;421;137;0;81436;38150;0;42.9;20.1;0.0
32;2021-05-23;36;18;0;81472;38168;0;42.9;20.1;0.0
32;2021-05-24;105;14;0;81577;38182;0;42.9;20.1;0.0
32;2021-05-25;1533;436;0;83110;38618;0;43.7;20.3;0.0
32;2021-05-26;1868;593;0;84978;39211;0;44.7;20.6;0.0
32;2021-05-27;1833;693;0;86811;39904;0;45.7;21.0;0.0
32;2021-05-28;1251;828;0;88062;40732;0;46.3;21.4;0.0
32;2021-05-29;411;370;0;88473;41102;0;46.6;21.6;0.0
32;2021-05-30;12;13;0;88485;41115;0;46.6;21.6;0.0
32;2021-05-31;883;645;0;89368;41760;0;47.0;22.0;0.0
32;2021-06-01;671;2746;0;90039;44506;0;47.4;23.4;0.0
32;2021-06-02;1157;1264;0;91196;45770;0;48.0;24.1;0.0
32;2021-06-03;570;2020;0;91766;47790;0;48.3;25.1;0.0
32;2021-06-04;1323;870;0;93089;48660;0;49.0;25.6;0.0
32;2021-06-05;295;1603;0;93384;50263;0;49.1;26.4;0.0
32;2021-06-06;56;29;0;93440;50292;0;49.2;26.5;0.0
32;2021-06-07;265;460;0;93705;50752;0;49.3;26.7;0.0
32;2021-06-08;733;2334;0;94438;53086;0;49.7;27.9;0.0
32;2021-06-09;1052;981;0;95490;54067;0;50.2;28.5;0.0
32;2021-06-10;731;1142;0;96221;55209;0;50.6;29.1;0.0
32;2021-06-11;881;683;0;97102;55892;0;51.1;29.4;0.0
32;2021-06-12;259;2483;0;97361;58375;0;51.2;30.7;0.0
32;2021-06-13;76;14;0;97437;58389;0;51.3;30.7;0.0
32;2021-06-14;505;376;0;97942;58765;0;51.5;30.9;0.0
32;2021-06-15;1547;1056;0;99489;59821;0;52.4;31.5;0.0
32;2021-06-16;870;2535;0;100359;62356;0;52.8;32.8;0.0
32;2021-06-17;750;881;0;101109;63237;0;53.2;33.3;0.0
32;2021-06-18;311;2419;0;101420;65656;0;53.4;34.5;0.0
32;2021-06-19;948;508;0;102368;66164;0;53.9;34.8;0.0
32;2021-06-20;52;36;0;102420;66200;0;53.9;34.8;0.0
32;2021-06-21;158;1659;0;102578;67859;0;54.0;35.7;0.0
32;2021-06-22;981;1050;0;103559;68909;0;54.5;36.3;0.0
32;2021-06-23;550;1825;0;104109;70734;0;54.8;37.2;0.0
32;2021-06-24;606;642;0;104715;71376;0;55.1;37.6;0.0
32;2021-06-25;501;1838;0;105216;73214;0;55.4;38.5;0.0
32;2021-06-26;175;308;0;105391;73522;0;55.5;38.7;0.0
32;2021-06-27;46;62;0;105437;73584;0;55.5;38.7;0.0
32;2021-06-28;630;599;0;106067;74183;0;55.8;39.0;0.0
32;2021-06-29;797;1793;0;106864;75976;0;56.2;40.0;0.0
32;2021-06-30;775;2325;0;107639;78301;0;56.6;41.2;0.0
32;2021-07-01;579;2130;0;108218;80431;0;56.9;42.3;0.0
32;2021-07-02;654;1756;0;108872;82187;0;57.3;43.2;0.0
32;2021-07-03;506;594;0;109378;82781;0;57.6;43.6;0.0
32;2021-07-04;37;48;0;109415;82829;0;57.6;43.6;0.0
32;2021-07-05;192;418;0;109607;83247;0;57.7;43.8;0.0
32;2021-07-06;834;1868;0;110441;85115;0;58.1;44.8;0.0
32;2021-07-07;804;2195;0;111245;87310;0;58.5;45.9;0.0
32;2021-07-08;518;1828;0;111763;89138;0;58.8;46.9;0.0
32;2021-07-09;640;1624;0;112403;90762;0;59.1;47.8;0.0
32;2021-07-10;535;598;0;112938;91360;0;59.4;48.1;0.0
32;2021-07-11;24;37;0;112962;91397;0;59.4;48.1;0.0
32;2021-07-12;505;1114;0;113467;92511;0;59.7;48.7;0.0
32;2021-07-13;1499;1684;0;114966;94195;0;60.5;49.6;0.0
32;2021-07-14;549;103;0;115515;94298;0;60.8;49.6;0.0
32;2021-07-15;1642;941;0;117157;95239;0;61.6;50.1;0.0
32;2021-07-16;1048;1687;0;118205;96926;0;62.2;51.0;0.0
32;2021-07-17;200;313;0;118405;97239;0;62.3;51.2;0.0
32;2021-07-18;75;80;0;118480;97319;0;62.3;51.2;0.0
32;2021-07-19;1550;374;0;120030;97693;0;63.2;51.4;0.0
32;2021-07-20;1624;1299;0;121654;98992;0;64.0;52.1;0.0
32;2021-07-21;1344;1578;0;122998;100570;0;64.7;52.9;0.0
32;2021-07-22;1613;648;1;124611;101218;1;65.6;53.3;0.0
32;2021-07-23;1121;1630;0;125732;102848;1;66.2;54.1;0.0
32;2021-07-24;263;298;0;125995;103146;1;66.3;54.3;0.0
32;2021-07-25;133;65;0;126128;103211;1;66.4;54.3;0.0
32;2021-07-26;910;1054;0;127038;104265;1;66.8;54.9;0.0
32;2021-07-27;1392;1867;0;128430;106132;1;67.6;55.8;0.0
32;2021-07-28;731;996;0;129161;107128;1;68.0;56.4;0.0
32;2021-07-29;1467;1343;0;130628;108471;1;68.7;57.1;0.0
32;2021-07-30;510;484;0;131138;108955;1;69.0;57.3;0.0
32;2021-07-31;316;450;0;131454;109405;1;69.2;57.6;0.0
32;2021-08-01;62;35;0;131516;109440;1;69.2;57.6;0.0
32;2021-08-02;258;202;0;131774;109642;1;69.3;57.7;0.0
32;2021-08-03;1091;1664;0;132865;111306;1;69.9;58.6;0.0
32;2021-08-04;664;671;0;133529;111977;1;70.3;58.9;0.0
32;2021-08-05;1074;1772;0;134603;113749;1;70.8;59.9;0.0
32;2021-08-06;617;588;0;135220;114337;1;71.2;60.2;0.0
32;2021-08-07;250;225;0;135470;114562;1;71.3;60.3;0.0
32;2021-08-08;45;55;0;135515;114617;1;71.3;60.3;0.0
32;2021-08-09;347;1621;0;135862;116238;1;71.5;61.2;0.0
32;2021-08-10;617;1850;0;136479;118088;1;71.8;62.1;0.0
32;2021-08-11;610;548;0;137089;118636;1;72.1;62.4;0.0
32;2021-08-12;893;1864;0;137982;120500;1;72.6;63.4;0.0
32;2021-08-13;280;386;0;138262;120886;1;72.8;63.6;0.0
32;2021-08-14;225;267;0;138487;121153;1;72.9;63.8;0.0
32;2021-08-15;16;74;0;138503;121227;1;72.9;63.8;0.0
32;2021-08-16;172;240;0;138675;121467;1;73.0;63.9;0.0
32;2021-08-17;514;2097;0;139189;123564;1;73.2;65.0;0.0
32;2021-08-18;373;595;0;139562;124159;1;73.4;65.3;0.0
32;2021-08-19;900;1267;0;140462;125426;1;73.9;66.0;0.0
32;2021-08-20;234;362;0;140696;125788;1;74.0;66.2;0.0
32;2021-08-21;192;334;0;140888;126122;1;74.1;66.4;0.0
32;2021-08-22;23;76;0;140911;126198;1;74.1;66.4;0.0
32;2021-08-23;102;319;0;141013;126517;1;74.2;66.6;0.0
32;2021-08-24;571;1395;0;141584;127912;1;74.5;67.3;0.0
32;2021-08-25;148;357;0;141732;128269;1;74.6;67.5;0.0
32;2021-08-26;341;1982;0;142073;130251;1;74.8;68.5;0.0
32;2021-08-27;314;633;0;142387;130884;1;74.9;68.9;0.0
32;2021-08-28;127;240;0;142514;131124;1;75.0;69.0;0.0
32;2021-08-29;17;59;0;142531;131183;1;75.0;69.0;0.0
32;2021-08-30;67;251;2;142598;131434;3;75.0;69.2;0.0
32;2021-08-31;232;1479;23;142830;132913;26;75.2;69.9;0.0
32;2021-09-01;614;786;48;143444;133699;74;75.5;70.4;0.0
32;2021-09-02;304;1398;150;143748;135097;224;75.6;71.1;0.1
32;2021-09-03;210;434;28;143958;135531;252;75.8;71.3;0.1
32;2021-09-04;77;284;17;144035;135815;269;75.8;71.5;0.1
32;2021-09-05;32;32;0;144067;135847;269;75.8;71.5;0.1
32;2021-09-06;87;176;44;144154;136023;313;75.9;71.6;0.2
32;2021-09-07;426;723;112;144580;136746;425;76.1;72.0;0.2
32;2021-09-08;267;541;79;144847;137287;504;76.2;72.2;0.3
32;2021-09-09;200;840;191;145047;138127;695;76.3;72.7;0.4
32;2021-09-10;210;270;55;145257;138397;750;76.4;72.8;0.4
32;2021-09-11;110;257;30;145367;138654;780;76.5;73.0;0.4
32;2021-09-12;6;20;1;145373;138674;781;76.5;73.0;0.4
32;2021-09-13;35;72;22;145408;138746;803;76.5;73.0;0.4
32;2021-09-14;309;545;304;145717;139291;1107;76.7;73.3;0.6
32;2021-09-15;221;239;140;145938;139530;1247;76.8;73.4;0.7
32;2021-09-16;178;240;177;146116;139770;1424;76.9;73.5;0.7
32;2021-09-17;197;376;220;146313;140146;1644;77.0;73.7;0.9
32;2021-09-18;62;144;24;146375;140290;1668;77.0;73.8;0.9
32;2021-09-19;4;21;0;146379;140311;1668;77.0;73.8;0.9
32;2021-09-20;20;51;62;146399;140362;1730;77.0;73.9;0.9
32;2021-09-21;234;386;338;146633;140748;2068;77.2;74.1;1.1
32;2021-09-22;208;542;198;146841;141290;2266;77.3;74.3;1.2
32;2021-09-23;128;213;207;146969;141503;2473;77.3;74.5;1.3
32;2021-09-24;102;296;224;147071;141799;2697;77.4;74.6;1.4
32;2021-09-25;63;125;28;147134;141924;2725;77.4;74.7;1.4
32;2021-09-26;5;23;3;147139;141947;2728;77.4;74.7;1.4
32;2021-09-27;33;75;136;147172;142022;2864;77.4;74.7;1.5
32;2021-09-28;102;459;599;147274;142481;3463;77.5;75.0;1.8
32;2021-09-29;92;359;469;147366;142840;3932;77.5;75.2;2.1
32;2021-09-30;122;179;260;147488;143019;4192;77.6;75.3;2.2
32;2021-10-01;125;262;197;147613;143281;4389;77.7;75.4;2.3
32;2021-10-02;41;130;46;147654;143411;4435;77.7;75.5;2.3
32;2021-10-03;2;8;7;147656;143419;4442;77.7;75.5;2.3
32;2021-10-04;24;35;59;147680;143454;4501;77.7;75.5;2.4
32;2021-10-05;72;268;437;147752;143722;4938;77.7;75.6;2.6
32;2021-10-06;65;272;306;147817;143994;5244;77.8;75.8;2.8
32;2021-10-07;55;190;319;147872;144184;5563;77.8;75.9;2.9
32;2021-10-08;71;249;245;147943;144433;5808;77.8;76.0;3.1
32;2021-10-09;43;88;56;147986;144521;5864;77.9;76.0;3.1
32;2021-10-10;0;0;0;147986;144521;5864;77.9;76.0;3.1
32;2021-10-11;21;31;41;148007;144552;5905;77.9;76.1;3.1
32;2021-10-12;65;156;305;148072;144708;6210;77.9;76.1;3.3
32;2021-10-13;74;178;219;148146;144886;6429;78.0;76.2;3.4
32;2021-10-14;95;257;440;148241;145143;6869;78.0;76.4;3.6
32;2021-10-15;81;160;286;148322;145303;7155;78.0;76.5;3.8
32;2021-10-16;44;71;61;148366;145374;7216;78.1;76.5;3.8
32;2021-10-17;2;2;0;148368;145376;7216;78.1;76.5;3.8
32;2021-10-18;19;33;67;148387;145409;7283;78.1;76.5;3.8
32;2021-10-19;81;126;406;148468;145535;7689;78.1;76.6;4.0
32;2021-10-20;44;68;335;148512;145603;8024;78.1;76.6;4.2
32;2021-10-21;48;192;444;148560;145795;8468;78.2;76.7;4.5
32;2021-10-22;55;121;289;148615;145916;8757;78.2;76.8;4.6
32;2021-10-23;40;48;89;148655;145964;8846;78.2;76.8;4.7
32;2021-10-24;3;2;1;148658;145966;8847;78.2;76.8;4.7
32;2021-10-25;17;31;56;148675;145997;8903;78.2;76.8;4.7
32;2021-10-26;59;72;470;148734;146069;9373;78.3;76.9;4.9
32;2021-10-27;36;59;212;148770;146128;9585;78.3;76.9;5.0
32;2021-10-28;52;62;374;148822;146190;9959;78.3;76.9;5.2
32;2021-10-29;61;77;236;148883;146267;10195;78.3;77.0;5.4
32;2021-10-30;33;40;51;148916;146307;10246;78.4;77.0;5.4
32;2021-10-31;0;1;3;148916;146308;10249;78.4;77.0;5.4
32;2021-11-01;7;1;2;148923;146309;10251;78.4;77.0;5.4
32;2021-11-02;53;67;370;148976;146376;10621;78.4;77.0;5.6
32;2021-11-03;40;52;254;149016;146428;10875;78.4;77.1;5.7
32;2021-11-04;40;63;461;149056;146491;11336;78.4;77.1;6.0
32;2021-11-05;45;73;401;149101;146564;11737;78.5;77.1;6.2
32;2021-11-06;28;54;96;149129;146618;11833;78.5;77.2;6.2
32;2021-11-07;3;11;14;149132;146629;11847;78.5;77.2;6.2
32;2021-11-08;35;46;239;149167;146675;12086;78.5;77.2;6.4
32;2021-11-09;68;97;885;149235;146772;12971;78.5;77.2;6.8
32;2021-11-10;54;77;563;149289;146849;13534;78.6;77.3;7.1
32;2021-11-11;10;10;20;149299;146859;13554;78.6;77.3;7.1
32;2021-11-12;57;80;662;149356;146939;14216;78.6;77.3;7.5
32;2021-11-13;25;32;124;149381;146971;14340;78.6;77.3;7.5
32;2021-11-14;0;3;1;149381;146974;14341;78.6;77.3;7.5
32;2021-11-15;32;25;520;149413;146999;14861;78.6;77.4;7.8
32;2021-11-16;79;95;1272;149492;147094;16133;78.7;77.4;8.5
32;2021-11-17;66;63;774;149558;147157;16907;78.7;77.4;8.9
32;2021-11-18;50;66;1107;149608;147223;18014;78.7;77.5;9.5
32;2021-11-19;78;96;928;149686;147319;18942;78.8;77.5;10.0
32;2021-11-20;43;60;281;149729;147379;19223;78.8;77.6;10.1
32;2021-11-21;4;5;2;149733;147384;19225;78.8;77.6;10.1
32;2021-11-22;27;33;454;149760;147417;19679;78.8;77.6;10.4
32;2021-11-23;73;55;1307;149833;147472;20986;78.8;77.6;11.0
32;2021-11-24;56;53;776;149889;147525;21762;78.9;77.6;11.5
32;2021-11-25;69;59;1371;149958;147584;23133;78.9;77.7;12.2
32;2021-11-26;93;70;1633;150051;147654;24766;79.0;77.7;13.0
32;2021-11-27;58;39;746;150109;147693;25512;79.0;77.7;13.4
32;2021-11-28;1;5;15;150110;147698;25527;79.0;77.7;13.4
32;2021-11-29;45;44;1099;150155;147742;26626;79.0;77.7;14.0
32;2021-11-30;93;69;2543;150248;147811;29169;79.1;77.8;15.3
32;2021-12-01;59;63;1913;150307;147874;31082;79.1;77.8;16.4
32;2021-12-02;53;42;2618;150360;147916;33700;79.1;77.8;17.7
32;2021-12-03;48;62;1873;150408;147978;35573;79.1;77.9;18.7
32;2021-12-04;28;33;562;150436;148011;36135;79.2;77.9;19.0
32;2021-12-05;6;5;102;150442;148016;36237;79.2;77.9;19.1
32;2021-12-06;43;36;1687;150485;148052;37924;79.2;77.9;20.0
32;2021-12-07;86;88;3714;150571;148140;41638;79.2;78.0;21.9
32;2021-12-08;95;87;3042;150666;148227;44680;79.3;78.0;23.5
32;2021-12-09;70;50;2903;150736;148277;47583;79.3;78.0;25.0
32;2021-12-10;66;79;2642;150802;148356;50225;79.4;78.1;26.4
32;2021-12-11;32;43;730;150834;148399;50955;79.4;78.1;26.8
32;2021-12-12;2;5;119;150836;148404;51074;79.4;78.1;26.9
32;2021-12-13;65;40;2062;150901;148444;53136;79.4;78.1;28.0
32;2021-12-14;100;92;3627;151001;148536;56763;79.5;78.2;29.9
32;2021-12-15;81;75;2726;151082;148611;59489;79.5;78.2;31.3
32;2021-12-16;78;87;3207;151160;148698;62696;79.5;78.2;33.0
32;2021-12-17;91;98;2340;151251;148796;65036;79.6;78.3;34.2
32;2021-12-18;52;62;870;151303;148858;65906;79.6;78.3;34.7
32;2021-12-19;7;5;136;151310;148863;66042;79.6;78.3;34.8
32;2021-12-20;83;58;1843;151393;148921;67885;79.7;78.4;35.7
32;2021-12-21;117;101;2794;151510;149022;70679;79.7;78.4;37.2
32;2021-12-22;99;75;1637;151609;149097;72316;79.8;78.5;38.1
33;2020-12-27;2;0;0;2;0;0;0.0;0.0;0.0
33;2020-12-28;2;0;0;4;0;0;0.0;0.0;0.0
33;2020-12-29;0;0;0;4;0;0;0.0;0.0;0.0
33;2020-12-30;3;0;0;7;0;0;0.0;0.0;0.0
33;2020-12-31;1;0;0;8;0;0;0.0;0.0;0.0
33;2021-01-01;1;0;0;9;0;0;0.0;0.0;0.0
33;2021-01-02;1;1;0;10;1;0;0.0;0.0;0.0
33;2021-01-03;1;0;0;11;1;0;0.0;0.0;0.0
33;2021-01-04;2;0;0;13;1;0;0.0;0.0;0.0
33;2021-01-05;3;0;0;16;1;0;0.0;0.0;0.0
33;2021-01-06;149;1;0;165;2;0;0.0;0.0;0.0
33;2021-01-07;1344;4;0;1509;6;0;0.1;0.0;0.0
33;2021-01-08;1204;3;0;2713;9;0;0.2;0.0;0.0
33;2021-01-09;296;1;0;3009;10;0;0.2;0.0;0.0
33;2021-01-10;225;0;0;3234;10;0;0.2;0.0;0.0
33;2021-01-11;650;0;0;3884;10;0;0.2;0.0;0.0
33;2021-01-12;1437;2;0;5321;12;0;0.3;0.0;0.0
33;2021-01-13;1376;9;0;6697;21;0;0.4;0.0;0.0
33;2021-01-14;1341;16;0;8038;37;0;0.5;0.0;0.0
33;2021-01-15;1596;16;0;9634;53;0;0.6;0.0;0.0
33;2021-01-16;567;9;0;10201;62;0;0.6;0.0;0.0
33;2021-01-17;403;4;0;10604;66;0;0.6;0.0;0.0
33;2021-01-18;1226;13;0;11830;79;0;0.7;0.0;0.0
33;2021-01-19;2961;11;0;14791;90;0;0.9;0.0;0.0
33;2021-01-20;3342;16;0;18133;106;0;1.1;0.0;0.0
33;2021-01-21;2856;5;0;20989;111;0;1.3;0.0;0.0
33;2021-01-22;2305;8;0;23294;119;0;1.4;0.0;0.0
33;2021-01-23;847;3;0;24141;122;0;1.5;0.0;0.0
33;2021-01-24;508;2;0;24649;124;0;1.5;0.0;0.0
33;2021-01-25;2139;62;0;26788;186;0;1.6;0.0;0.0
33;2021-01-26;2287;167;0;29075;353;0;1.8;0.0;0.0
33;2021-01-27;2330;214;0;31405;567;0;1.9;0.0;0.0
33;2021-01-28;2213;481;0;33618;1048;0;2.1;0.1;0.0
33;2021-01-29;1778;706;0;35396;1754;0;2.2;0.1;0.0
33;2021-01-30;710;171;0;36106;1925;0;2.2;0.1;0.0
33;2021-01-31;370;155;0;36476;2080;0;2.2;0.1;0.0
33;2021-02-01;1355;659;0;37831;2739;0;2.3;0.2;0.0
33;2021-02-02;2562;1114;0;40393;3853;0;2.5;0.2;0.0
33;2021-02-03;2781;885;0;43174;4738;0;2.6;0.3;0.0
33;2021-02-04;3906;1346;0;47080;6084;0;2.9;0.4;0.0
33;2021-02-05;2140;1163;0;49220;7247;0;3.0;0.4;0.0
33;2021-02-06;650;204;0;49870;7451;0;3.1;0.5;0.0
33;2021-02-07;224;229;0;50094;7680;0;3.1;0.5;0.0
33;2021-02-08;1225;759;0;51319;8439;0;3.1;0.5;0.0
33;2021-02-09;1346;1659;0;52665;10098;0;3.2;0.6;0.0
33;2021-02-10;1287;1698;0;53952;11796;0;3.3;0.7;0.0
33;2021-02-11;1312;1523;0;55264;13319;0;3.4;0.8;0.0
33;2021-02-12;1172;1277;0;56436;14596;0;3.5;0.9;0.0
33;2021-02-13;223;300;0;56659;14896;0;3.5;0.9;0.0
33;2021-02-14;32;238;0;56691;15134;0;3.5;0.9;0.0
33;2021-02-15;684;1703;0;57375;16837;0;3.5;1.0;0.0
33;2021-02-16;835;2053;0;58210;18890;0;3.6;1.2;0.0
33;2021-02-17;727;2081;0;58937;20971;0;3.6;1.3;0.0
33;2021-02-18;930;2234;0;59867;23205;0;3.7;1.4;0.0
33;2021-02-19;923;1990;0;60790;25195;0;3.7;1.5;0.0
33;2021-02-20;83;656;0;60873;25851;0;3.7;1.6;0.0
33;2021-02-21;36;449;0;60909;26300;0;3.7;1.6;0.0
33;2021-02-22;686;1888;0;61595;28188;0;3.8;1.7;0.0
33;2021-02-23;1191;2725;0;62786;30913;0;3.8;1.9;0.0
33;2021-02-24;1321;2505;0;64107;33418;0;3.9;2.0;0.0
33;2021-02-25;2765;3694;0;66872;37112;0;4.1;2.3;0.0
33;2021-02-26;3955;2314;0;70827;39426;0;4.3;2.4;0.0
33;2021-02-27;1338;721;0;72165;40147;0;4.4;2.5;0.0
33;2021-02-28;116;488;0;72281;40635;0;4.4;2.5;0.0
33;2021-03-01;1487;1793;0;73768;42428;0;4.5;2.6;0.0
33;2021-03-02;2276;1753;0;76044;44181;0;4.7;2.7;0.0
33;2021-03-03;2269;1749;0;78313;45930;0;4.8;2.8;0.0
33;2021-03-04;3867;1665;0;82180;47595;0;5.0;2.9;0.0
33;2021-03-05;5684;1779;0;87864;49374;0;5.4;3.0;0.0
33;2021-03-06;3425;560;0;91289;49934;0;5.6;3.1;0.0
33;2021-03-07;786;158;0;92075;50092;0;5.6;3.1;0.0
33;2021-03-08;2607;1139;0;94682;51231;0;5.8;3.1;0.0
33;2021-03-09;4379;1342;0;99061;52573;0;6.1;3.2;0.0
33;2021-03-10;5053;1278;0;104114;53851;0;6.4;3.3;0.0
33;2021-03-11;7372;1268;0;111486;55119;0;6.8;3.4;0.0
33;2021-03-12;9840;1201;0;121326;56320;0;7.4;3.4;0.0
33;2021-03-13;5075;233;0;126401;56553;0;7.7;3.5;0.0
33;2021-03-14;697;27;0;127098;56580;0;7.8;3.5;0.0
33;2021-03-15;4236;675;0;131334;57255;0;8.0;3.5;0.0
33;2021-03-16;3462;873;0;134796;58128;0;8.3;3.6;0.0
33;2021-03-17;3593;949;0;138389;59077;0;8.5;3.6;0.0
33;2021-03-18;3925;1417;0;142314;60494;0;8.7;3.7;0.0
33;2021-03-19;6096;1044;0;148410;61538;0;9.1;3.8;0.0
33;2021-03-20;3293;118;0;151703;61656;0;9.3;3.8;0.0
33;2021-03-21;460;29;0;152163;61685;0;9.3;3.8;0.0
33;2021-03-22;4674;456;0;156837;62141;0;9.6;3.8;0.0
33;2021-03-23;6018;596;0;162855;62737;0;10.0;3.8;0.0
33;2021-03-24;6928;545;0;169783;63282;0;10.4;3.9;0.0
33;2021-03-25;8669;644;0;178452;63926;0;10.9;3.9;0.0
33;2021-03-26;9822;848;0;188274;64774;0;11.5;4.0;0.0
33;2021-03-27;3558;88;0;191832;64862;0;11.7;4.0;0.0
33;2021-03-28;580;31;0;192412;64893;0;11.8;4.0;0.0
33;2021-03-29;6561;688;0;198973;65581;0;12.2;4.0;0.0
33;2021-03-30;7843;1024;0;206816;66605;0;12.7;4.1;0.0
33;2021-03-31;7385;1070;0;214201;67675;0;13.1;4.1;0.0
33;2021-04-01;8600;1170;0;222801;68845;0;13.6;4.2;0.0
33;2021-04-02;8158;1526;0;230959;70371;0;14.1;4.3;0.0
33;2021-04-03;2796;550;0;233755;70921;0;14.3;4.3;0.0
33;2021-04-04;232;165;0;233987;71086;0;14.3;4.4;0.0
33;2021-04-05;763;117;0;234750;71203;0;14.4;4.4;0.0
33;2021-04-06;5852;2608;0;240602;73811;0;14.7;4.5;0.0
33;2021-04-07;7189;2546;0;247791;76357;0;15.2;4.7;0.0
33;2021-04-08;10013;2710;0;257804;79067;0;15.8;4.8;0.0
33;2021-04-09;12353;3011;0;270157;82078;0;16.5;5.0;0.0
33;2021-04-10;5216;1371;0;275373;83449;0;16.9;5.1;0.0
33;2021-04-11;993;343;0;276366;83792;0;16.9;5.1;0.0
33;2021-04-12;7243;3129;0;283609;86921;0;17.4;5.3;0.0
33;2021-04-13;9079;3380;0;292688;90301;0;17.9;5.5;0.0
33;2021-04-14;8798;3609;0;301486;93910;0;18.5;5.7;0.0
33;2021-04-15;9899;3768;0;311385;97678;0;19.1;6.0;0.0
33;2021-04-16;9472;4075;0;320857;101753;0;19.6;6.2;0.0
33;2021-04-17;4537;1607;0;325394;103360;0;19.9;6.3;0.0
33;2021-04-18;932;410;0;326326;103770;0;20.0;6.4;0.0
33;2021-04-19;5400;3626;0;331726;107396;0;20.3;6.6;0.0
33;2021-04-20;7096;4104;0;338822;111500;0;20.7;6.8;0.0
33;2021-04-21;6377;4220;0;345199;115720;0;21.1;7.1;0.0
33;2021-04-22;7122;4324;0;352321;120044;0;21.6;7.3;0.0
33;2021-04-23;7485;4636;0;359806;124680;0;22.0;7.6;0.0
33;2021-04-24;4423;1748;0;364229;126428;0;22.3;7.7;0.0
33;2021-04-25;1603;424;0;365832;126852;0;22.4;7.8;0.0
33;2021-04-26;4999;4921;0;370831;131773;0;22.7;8.1;0.0
33;2021-04-27;6380;5500;0;377211;137273;0;23.1;8.4;0.0
33;2021-04-28;6538;5370;0;383749;142643;0;23.5;8.7;0.0
33;2021-04-29;8128;6078;0;391877;148721;0;24.0;9.1;0.0
33;2021-04-30;8486;6004;0;400363;154725;0;24.5;9.5;0.0
33;2021-05-01;2846;575;0;403209;155300;0;24.7;9.5;0.0
33;2021-05-02;1802;346;0;405011;155646;0;24.8;9.5;0.0
33;2021-05-03;6809;5067;0;411820;160713;0;25.2;9.8;0.0
33;2021-05-04;6640;6445;0;418460;167158;0;25.6;10.2;0.0
33;2021-05-05;7083;7347;0;425543;174505;0;26.1;10.7;0.0
33;2021-05-06;8387;8073;0;433930;182578;0;26.6;11.2;0.0
33;2021-05-07;8438;8688;0;442368;191266;0;27.1;11.7;0.0
33;2021-05-08;3540;1601;0;445908;192867;0;27.3;11.8;0.0
33;2021-05-09;1139;976;0;447047;193843;0;27.4;11.9;0.0
33;2021-05-10;6602;7101;0;453649;200944;0;27.8;12.3;0.0
33;2021-05-11;8448;7651;0;462097;208595;0;28.3;12.8;0.0
33;2021-05-12;9030;6496;0;471127;215091;0;28.8;13.2;0.0
33;2021-05-13;5333;2062;0;476460;217153;0;29.2;13.3;0.0
33;2021-05-14;8259;5224;0;484719;222377;0;29.7;13.6;0.0
33;2021-05-15;5320;2847;0;490039;225224;0;30.0;13.8;0.0
33;2021-05-16;1938;791;0;491977;226015;0;30.1;13.8;0.0
33;2021-05-17;8765;4928;0;500742;230943;0;30.7;14.1;0.0
33;2021-05-18;10635;4723;0;511377;235666;0;31.3;14.4;0.0
33;2021-05-19;10899;4693;0;522276;240359;0;32.0;14.7;0.0
33;2021-05-20;11092;5452;0;533368;245811;0;32.7;15.0;0.0
33;2021-05-21;11049;6135;0;544417;251946;0;33.3;15.4;0.0
33;2021-05-22;5574;2725;0;549991;254671;0;33.7;15.6;0.0
33;2021-05-23;2058;402;0;552049;255073;0;33.8;15.6;0.0
33;2021-05-24;5856;1008;0;557905;256081;0;34.2;15.7;0.0
33;2021-05-25;9820;5634;0;567725;261715;0;34.8;16.0;0.0
33;2021-05-26;9923;5917;0;577648;267632;0;35.4;16.4;0.0
33;2021-05-27;11109;7633;0;588757;275265;0;36.0;16.9;0.0
33;2021-05-28;10193;9403;0;598950;284668;0;36.7;17.4;0.0
33;2021-05-29;5511;4089;0;604461;288757;0;37.0;17.7;0.0
33;2021-05-30;1997;677;0;606458;289434;0;37.1;17.7;0.0
33;2021-05-31;8573;6271;0;615031;295705;0;37.7;18.1;0.0
33;2021-06-01;11791;8524;0;626822;304229;0;38.4;18.6;0.0
33;2021-06-02;11772;8013;0;638594;312242;0;39.1;19.1;0.0
33;2021-06-03;12782;9058;0;651376;321300;0;39.9;19.7;0.0
33;2021-06-04;13068;10671;0;664444;331971;0;40.7;20.3;0.0
33;2021-06-05;5764;5013;0;670208;336984;0;41.0;20.6;0.0
33;2021-06-06;2617;1189;0;672825;338173;0;41.2;20.7;0.0
33;2021-06-07;9669;8182;0;682494;346355;0;41.8;21.2;0.0
33;2021-06-08;11679;9138;0;694173;355493;0;42.5;21.8;0.0
33;2021-06-09;11616;8351;0;705789;363844;0;43.2;22.3;0.0
33;2021-06-10;12821;8233;0;718610;372077;0;44.0;22.8;0.0
33;2021-06-11;12434;10843;0;731044;382920;0;44.8;23.4;0.0
33;2021-06-12;6497;4444;0;737541;387364;0;45.2;23.7;0.0
33;2021-06-13;2739;1317;0;740280;388681;0;45.3;23.8;0.0
33;2021-06-14;8340;9857;0;748620;398538;0;45.8;24.4;0.0
33;2021-06-15;11619;9994;1;760239;408532;1;46.5;25.0;0.0
33;2021-06-16;11625;8738;0;771864;417270;1;47.3;25.5;0.0
33;2021-06-17;12729;9387;0;784593;426657;1;48.0;26.1;0.0
33;2021-06-18;11439;11169;0;796032;437826;1;48.7;26.8;0.0
33;2021-06-19;5696;4876;0;801728;442702;1;49.1;27.1;0.0
33;2021-06-20;2874;1495;0;804602;444197;1;49.3;27.2;0.0
33;2021-06-21;7656;9870;0;812258;454067;1;49.7;27.8;0.0
33;2021-06-22;8632;10948;0;820890;465015;1;50.3;28.5;0.0
33;2021-06-23;8355;10670;0;829245;475685;1;50.8;29.1;0.0
33;2021-06-24;9304;9825;0;838549;485510;1;51.3;29.7;0.0
33;2021-06-25;7629;13501;0;846178;499011;1;51.8;30.5;0.0
33;2021-06-26;4241;6128;0;850419;505139;1;52.1;30.9;0.0
33;2021-06-27;2362;2069;0;852781;507208;1;52.2;31.1;0.0
33;2021-06-28;4630;12669;0;857411;519877;1;52.5;31.8;0.0
33;2021-06-29;6167;13427;0;863578;533304;1;52.9;32.6;0.0
33;2021-06-30;6433;13193;0;870011;546497;1;53.3;33.5;0.0
33;2021-07-01;7804;11732;0;877815;558229;1;53.7;34.2;0.0
33;2021-07-02;6679;15078;0;884494;573307;1;54.1;35.1;0.0
33;2021-07-03;3200;7220;0;887694;580527;1;54.3;35.5;0.0
33;2021-07-04;1967;2500;0;889661;583027;1;54.5;35.7;0.0
33;2021-07-05;4215;12784;0;893876;595811;1;54.7;36.5;0.0
33;2021-07-06;5816;14433;0;899692;610244;1;55.1;37.4;0.0
33;2021-07-07;6467;12946;0;906159;623190;1;55.5;38.2;0.0
33;2021-07-08;7557;12714;0;913716;635904;1;55.9;38.9;0.0
33;2021-07-09;6159;14969;0;919875;650873;1;56.3;39.8;0.0
33;2021-07-10;3115;7457;0;922990;658330;1;56.5;40.3;0.0
33;2021-07-11;1776;2383;0;924766;660713;1;56.6;40.4;0.0
33;2021-07-12;3820;14565;3;928586;675278;4;56.8;41.3;0.0
33;2021-07-13;6946;15894;1;935532;691172;5;57.3;42.3;0.0
33;2021-07-14;3891;5404;0;939423;696576;5;57.5;42.6;0.0
33;2021-07-15;7451;15737;0;946874;712313;5;58.0;43.6;0.0
33;2021-07-16;8286;14991;0;955160;727304;5;58.5;44.5;0.0
33;2021-07-17;3532;6761;0;958692;734065;5;58.7;44.9;0.0
33;2021-07-18;1757;3216;0;960449;737281;5;58.8;45.1;0.0
33;2021-07-19;5813;14860;0;966262;752141;5;59.2;46.0;0.0
33;2021-07-20;7466;15799;0;973728;767940;5;59.6;47.0;0.0
33;2021-07-21;8290;14295;0;982018;782235;5;60.1;47.9;0.0
33;2021-07-22;9237;14763;0;991255;796998;5;60.7;48.8;0.0
33;2021-07-23;9476;16104;0;1000731;813102;5;61.3;49.8;0.0
33;2021-07-24;4143;7677;0;1004874;820779;5;61.5;50.2;0.0
33;2021-07-25;2172;2683;0;1007046;823462;5;61.7;50.4;0.0
33;2021-07-26;6910;13085;0;1013956;836547;5;62.1;51.2;0.0
33;2021-07-27;9773;12981;0;1023729;849528;5;62.7;52.0;0.0
33;2021-07-28;10641;11597;0;1034370;861125;5;63.3;52.7;0.0
33;2021-07-29;11427;11556;0;1045797;872681;5;64.0;53.4;0.0
33;2021-07-30;11035;11848;0;1056832;884529;5;64.7;54.2;0.0
33;2021-07-31;4839;5777;0;1061671;890306;5;65.0;54.5;0.0
33;2021-08-01;2523;1936;0;1064194;892242;5;65.2;54.6;0.0
33;2021-08-02;8326;9540;0;1072520;901782;5;65.7;55.2;0.0
33;2021-08-03;11115;8667;0;1083635;910449;5;66.3;55.7;0.0
33;2021-08-04;11233;7069;0;1094868;917518;5;67.0;56.2;0.0
33;2021-08-05;11346;7686;0;1106214;925204;5;67.7;56.6;0.0
33;2021-08-06;10530;8572;0;1116744;933776;5;68.4;57.2;0.0
33;2021-08-07;5742;4436;0;1122486;938212;5;68.7;57.4;0.0
33;2021-08-08;2943;1698;0;1125429;939910;5;68.9;57.5;0.0
33;2021-08-09;8170;8320;0;1133599;948230;5;69.4;58.1;0.0
33;2021-08-10;8815;7981;1;1142414;956211;6;69.9;58.5;0.0
33;2021-08-11;7515;7098;1;1149929;963309;7;70.4;59.0;0.0
33;2021-08-12;7482;7588;0;1157411;970897;7;70.9;59.4;0.0
33;2021-08-13;7222;7229;0;1164633;978126;7;71.3;59.9;0.0
33;2021-08-14;3347;4224;0;1167980;982350;7;71.5;60.1;0.0
33;2021-08-15;1036;1518;0;1169016;983868;7;71.6;60.2;0.0
33;2021-08-16;5949;8123;0;1174965;991991;7;71.9;60.7;0.0
33;2021-08-17;6072;8653;1;1181037;1000644;8;72.3;61.3;0.0
33;2021-08-18;5097;8348;0;1186134;1008992;8;72.6;61.8;0.0
33;2021-08-19;5168;8830;0;1191302;1017822;8;72.9;62.3;0.0
33;2021-08-20;4625;9321;0;1195927;1027143;8;73.2;62.9;0.0
33;2021-08-21;2030;4900;0;1197957;1032043;8;73.3;63.2;0.0
33;2021-08-22;544;2256;0;1198501;1034299;8;73.4;63.3;0.0
33;2021-08-23;3572;9775;0;1202073;1044074;8;73.6;63.9;0.0
33;2021-08-24;3865;10542;0;1205938;1054616;8;73.8;64.6;0.0
33;2021-08-25;3427;9924;0;1209365;1064540;8;74.0;65.2;0.0
33;2021-08-26;3348;10578;0;1212713;1075118;8;74.2;65.8;0.0
33;2021-08-27;3510;11916;0;1216223;1087034;8;74.5;66.5;0.0
33;2021-08-28;1514;6439;0;1217737;1093473;8;74.6;66.9;0.0
33;2021-08-29;401;2281;0;1218138;1095754;8;74.6;67.1;0.0
33;2021-08-30;2205;10011;68;1220343;1105765;76;74.7;67.7;0.0
33;2021-08-31;2980;10255;217;1223323;1116020;293;74.9;68.3;0.0
33;2021-09-01;2871;7927;608;1226194;1123947;901;75.1;68.8;0.1
33;2021-09-02;2564;7342;632;1228758;1131289;1533;75.2;69.3;0.1
33;2021-09-03;2893;8789;804;1231651;1140078;2337;75.4;69.8;0.1
33;2021-09-04;1580;5603;275;1233231;1145681;2612;75.5;70.1;0.2
33;2021-09-05;380;1294;61;1233611;1146975;2673;75.5;70.2;0.2
33;2021-09-06;1548;6018;756;1235159;1152993;3429;75.6;70.6;0.2
33;2021-09-07;1927;5294;889;1237086;1158287;4318;75.7;70.9;0.3
33;2021-09-08;1711;5569;695;1238797;1163856;5013;75.8;71.3;0.3
33;2021-09-09;1702;5170;1148;1240499;1169026;6161;75.9;71.6;0.4
33;2021-09-10;1960;5688;1089;1242459;1174714;7250;76.1;71.9;0.4
33;2021-09-11;988;3915;269;1243447;1178629;7519;76.1;72.2;0.5
33;2021-09-12;125;472;52;1243572;1179101;7571;76.1;72.2;0.5
33;2021-09-13;1363;3299;1269;1244935;1182400;8840;76.2;72.4;0.5
33;2021-09-14;1414;3232;1934;1246349;1185632;10774;76.3;72.6;0.7
33;2021-09-15;1468;4176;1438;1247817;1189808;12212;76.4;72.8;0.7
33;2021-09-16;1375;3072;1957;1249192;1192880;14169;76.5;73.0;0.9
33;2021-09-17;1667;4212;1564;1250859;1197092;15733;76.6;73.3;1.0
33;2021-09-18;626;2931;344;1251485;1200023;16077;76.6;73.5;1.0
33;2021-09-19;109;355;26;1251594;1200378;16103;76.6;73.5;1.0
33;2021-09-20;968;1996;1363;1252562;1202374;17466;76.7;73.6;1.1
33;2021-09-21;898;2288;1751;1253460;1204662;19217;76.7;73.8;1.2
33;2021-09-22;903;3276;1418;1254363;1207938;20635;76.8;74.0;1.3
33;2021-09-23;843;2172;1493;1255206;1210110;22128;76.8;74.1;1.4
33;2021-09-24;1195;3484;1663;1256401;1213594;23791;76.9;74.3;1.5
33;2021-09-25;529;2289;382;1256930;1215883;24173;76.9;74.4;1.5
33;2021-09-26;70;314;34;1257000;1216197;24207;77.0;74.5;1.5
33;2021-09-27;597;1853;1106;1257597;1218050;25313;77.0;74.6;1.5
33;2021-09-28;763;1949;1543;1258360;1219999;26856;77.0;74.7;1.6
33;2021-09-29;841;2097;1084;1259201;1222096;27940;77.1;74.8;1.7
33;2021-09-30;649;1539;1398;1259850;1223635;29338;77.1;74.9;1.8
33;2021-10-01;1192;2478;1322;1261042;1226113;30660;77.2;75.1;1.9
33;2021-10-02;580;1330;447;1261622;1227443;31107;77.2;75.1;1.9
33;2021-10-03;14;51;4;1261636;1227494;31111;77.2;75.1;1.9
33;2021-10-04;658;1273;1379;1262294;1228767;32490;77.3;75.2;2.0
33;2021-10-05;583;1341;1343;1262877;1230108;33833;77.3;75.3;2.1
33;2021-10-06;751;1611;1312;1263628;1231719;35145;77.4;75.4;2.2
33;2021-10-07;553;1367;1562;1264181;1233086;36707;77.4;75.5;2.2
33;2021-10-08;857;1982;1685;1265038;1235068;38392;77.4;75.6;2.4
33;2021-10-09;516;968;582;1265554;1236036;38974;77.5;75.7;2.4
33;2021-10-10;15;45;14;1265569;1236081;38988;77.5;75.7;2.4
33;2021-10-11;491;1028;1636;1266060;1237109;40624;77.5;75.7;2.5
33;2021-10-12;560;1119;1734;1266620;1238228;42358;77.5;75.8;2.6
33;2021-10-13;732;1279;1639;1267352;1239507;43997;77.6;75.9;2.7
33;2021-10-14;524;1051;1924;1267876;1240558;45921;77.6;75.9;2.8
33;2021-10-15;876;1487;2536;1268752;1242045;48457;77.7;76.0;3.0
33;2021-10-16;444;685;667;1269196;1242730;49124;77.7;76.1;3.0
33;2021-10-17;27;35;20;1269223;1242765;49144;77.7;76.1;3.0
33;2021-10-18;537;647;1789;1269760;1243412;50933;77.7;76.1;3.1
33;2021-10-19;574;932;1844;1270334;1244344;52777;77.8;76.2;3.2
33;2021-10-20;601;1009;2118;1270935;1245353;54895;77.8;76.2;3.4
33;2021-10-21;498;728;1976;1271433;1246081;56871;77.8;76.3;3.5
33;2021-10-22;730;1254;2630;1272163;1247335;59501;77.9;76.4;3.6
33;2021-10-23;379;658;726;1272542;1247993;60227;77.9;76.4;3.7
33;2021-10-24;19;27;8;1272561;1248020;60235;77.9;76.4;3.7
33;2021-10-25;506;675;2146;1273067;1248695;62381;77.9;76.4;3.8
33;2021-10-26;465;589;2240;1273532;1249284;64621;78.0;76.5;4.0
33;2021-10-27;586;858;2698;1274118;1250142;67319;78.0;76.5;4.1
33;2021-10-28;453;554;2381;1274571;1250696;69700;78.0;76.6;4.3
33;2021-10-29;605;852;3240;1275176;1251548;72940;78.1;76.6;4.5
33;2021-10-30;299;428;895;1275475;1251976;73835;78.1;76.6;4.5
33;2021-10-31;12;25;22;1275487;1252001;73857;78.1;76.6;4.5
33;2021-11-01;101;65;81;1275588;1252066;73938;78.1;76.7;4.5
33;2021-11-02;487;711;2388;1276075;1252777;76326;78.1;76.7;4.7
33;2021-11-03;520;688;2593;1276595;1253465;78919;78.2;76.7;4.8
33;2021-11-04;429;570;3169;1277024;1254035;82088;78.2;76.8;5.0
33;2021-11-05;581;827;3839;1277605;1254862;85927;78.2;76.8;5.3
33;2021-11-06;268;415;1020;1277873;1255277;86947;78.2;76.8;5.3
33;2021-11-07;15;35;37;1277888;1255312;86984;78.2;76.9;5.3
33;2021-11-08;391;702;3370;1278279;1256014;90354;78.3;76.9;5.5
33;2021-11-09;519;725;4473;1278798;1256739;94827;78.3;76.9;5.8
33;2021-11-10;490;704;4630;1279288;1257443;99457;78.3;77.0;6.1
33;2021-11-11;118;101;392;1279406;1257544;99849;78.3;77.0;6.1
33;2021-11-12;554;762;4600;1279960;1258306;104449;78.4;77.0;6.4
33;2021-11-13;371;388;1481;1280331;1258694;105930;78.4;77.1;6.5
33;2021-11-14;27;48;99;1280358;1258742;106029;78.4;77.1;6.5
33;2021-11-15;446;558;4371;1280804;1259300;110400;78.4;77.1;6.8
33;2021-11-16;515;683;5471;1281319;1259983;115871;78.4;77.1;7.1
33;2021-11-17;492;614;4997;1281811;1260597;120868;78.5;77.2;7.4
33;2021-11-18;522;544;5729;1282333;1261141;126597;78.5;77.2;7.8
33;2021-11-19;725;876;6976;1283058;1262017;133573;78.5;77.3;8.2
33;2021-11-20;368;414;2009;1283426;1262431;135582;78.6;77.3;8.3
33;2021-11-21;19;41;162;1283445;1262472;135744;78.6;77.3;8.3
33;2021-11-22;503;445;4819;1283948;1262917;140563;78.6;77.3;8.6
33;2021-11-23;545;550;6787;1284493;1263467;147350;78.6;77.4;9.0
33;2021-11-24;553;561;5786;1285046;1264028;153136;78.7;77.4;9.4
33;2021-11-25;542;458;7447;1285588;1264486;160583;78.7;77.4;9.8
33;2021-11-26;698;790;10629;1286286;1265276;171212;78.7;77.5;10.5
33;2021-11-27;389;439;4570;1286675;1265715;175782;78.8;77.5;10.8
33;2021-11-28;33;70;1033;1286708;1265785;176815;78.8;77.5;10.8
33;2021-11-29;465;552;9403;1287173;1266337;186218;78.8;77.5;11.4
33;2021-11-30;562;658;12392;1287735;1266995;198610;78.8;77.6;12.2
33;2021-12-01;518;582;11605;1288253;1267577;210215;78.9;77.6;12.9
33;2021-12-02;427;416;14803;1288680;1267993;225018;78.9;77.6;13.8
33;2021-12-03;492;733;16184;1289172;1268726;241202;78.9;77.7;14.8
33;2021-12-04;289;432;7241;1289461;1269158;248443;78.9;77.7;15.2
33;2021-12-05;71;80;2225;1289532;1269238;250668;78.9;77.7;15.3
33;2021-12-06;343;499;12955;1289875;1269737;263623;79.0;77.7;16.1
33;2021-12-07;421;585;16742;1290296;1270322;280365;79.0;77.8;17.2
33;2021-12-08;436;530;15787;1290732;1270852;296152;79.0;77.8;18.1
33;2021-12-09;468;669;18248;1291200;1271521;314400;79.0;77.8;19.2
33;2021-12-10;517;742;19894;1291717;1272263;334294;79.1;77.9;20.5
33;2021-12-11;404;481;11004;1292121;1272744;345298;79.1;77.9;21.1
33;2021-12-12;73;79;2915;1292194;1272823;348213;79.1;77.9;21.3
33;2021-12-13;452;622;17079;1292646;1273445;365292;79.1;78.0;22.4
33;2021-12-14;499;669;21938;1293145;1274114;387230;79.2;78.0;23.7
33;2021-12-15;598;713;20791;1293743;1274827;408021;79.2;78.0;25.0
33;2021-12-16;604;729;22846;1294347;1275556;430867;79.2;78.1;26.4
33;2021-12-17;642;886;24156;1294989;1276442;455023;79.3;78.1;27.9
33;2021-12-18;432;454;11626;1295421;1276896;466649;79.3;78.2;28.6
33;2021-12-19;126;102;3663;1295547;1276998;470312;79.3;78.2;28.8
33;2021-12-20;692;687;17365;1296239;1277685;487677;79.4;78.2;29.9
33;2021-12-21;770;745;20483;1297009;1278430;508160;79.4;78.3;31.1
33;2021-12-22;747;674;18319;1297756;1279104;526479;79.4;78.3;32.2
34;2020-12-27;0;0;0;0;0;0;0.0;0.0;0.0
34;2020-12-28;1;0;0;1;0;0;0.0;0.0;0.0
34;2020-12-29;1;0;0;2;0;0;0.0;0.0;0.0
34;2020-12-30;0;0;0;2;0;0;0.0;0.0;0.0
34;2020-12-31;0;0;0;2;0;0;0.0;0.0;0.0
34;2021-01-01;4;0;0;6;0;0;0.0;0.0;0.0
34;2021-01-02;0;0;0;6;0;0;0.0;0.0;0.0
34;2021-01-03;0;0;0;6;0;0;0.0;0.0;0.0
34;2021-01-04;23;0;0;29;0;0;0.0;0.0;0.0
34;2021-01-05;113;2;0;142;2;0;0.0;0.0;0.0
34;2021-01-06;186;5;0;328;7;0;0.0;0.0;0.0
34;2021-01-07;390;0;0;718;7;0;0.1;0.0;0.0
34;2021-01-08;626;0;0;1344;7;0;0.1;0.0;0.0
34;2021-01-09;254;1;0;1598;8;0;0.1;0.0;0.0
34;2021-01-10;92;1;0;1690;9;0;0.1;0.0;0.0
34;2021-01-11;589;2;0;2279;11;0;0.2;0.0;0.0
34;2021-01-12;1046;2;0;3325;13;0;0.3;0.0;0.0
34;2021-01-13;1094;7;0;4419;20;0;0.4;0.0;0.0
34;2021-01-14;1934;13;0;6353;33;0;0.5;0.0;0.0
34;2021-01-15;1506;6;0;7859;39;0;0.7;0.0;0.0
34;2021-01-16;329;6;0;8188;45;0;0.7;0.0;0.0
34;2021-01-17;226;1;0;8414;46;0;0.7;0.0;0.0
34;2021-01-18;1138;4;0;9552;50;0;0.8;0.0;0.0
34;2021-01-19;1669;8;0;11221;58;0;1.0;0.0;0.0
34;2021-01-20;2065;24;0;13286;82;0;1.1;0.0;0.0
34;2021-01-21;4033;20;0;17319;102;0;1.5;0.0;0.0
34;2021-01-22;2482;11;0;19801;113;0;1.7;0.0;0.0
34;2021-01-23;567;2;0;20368;115;0;1.7;0.0;0.0
34;2021-01-24;13;0;0;20381;115;0;1.7;0.0;0.0
34;2021-01-25;1236;11;0;21617;126;0;1.8;0.0;0.0
34;2021-01-26;1415;26;0;23032;152;0;2.0;0.0;0.0
34;2021-01-27;1411;38;0;24443;190;0;2.1;0.0;0.0
34;2021-01-28;1377;131;0;25820;321;0;2.2;0.0;0.0
34;2021-01-29;1254;175;0;27074;496;0;2.3;0.0;0.0
34;2021-01-30;478;15;0;27552;511;0;2.3;0.0;0.0
34;2021-01-31;5;0;0;27557;511;0;2.3;0.0;0.0
34;2021-02-01;994;272;0;28551;783;0;2.4;0.1;0.0
34;2021-02-02;1461;498;0;30012;1281;0;2.6;0.1;0.0
34;2021-02-03;2490;557;0;32502;1838;0;2.8;0.2;0.0
34;2021-02-04;2252;898;0;34754;2736;0;3.0;0.2;0.0
34;2021-02-05;1856;1196;0;36610;3932;0;3.1;0.3;0.0
34;2021-02-06;501;240;0;37111;4172;0;3.2;0.4;0.0
34;2021-02-07;35;108;0;37146;4280;0;3.2;0.4;0.0
34;2021-02-08;853;1067;0;37999;5347;0;3.2;0.5;0.0
34;2021-02-09;1038;1306;0;39037;6653;0;3.3;0.6;0.0
34;2021-02-10;1298;1499;0;40335;8152;0;3.4;0.7;0.0
34;2021-02-11;1780;2646;0;42115;10798;0;3.6;0.9;0.0
34;2021-02-12;1835;1640;0;43950;12438;0;3.7;1.1;0.0
34;2021-02-13;361;498;0;44311;12936;0;3.8;1.1;0.0
34;2021-02-14;27;283;0;44338;13219;0;3.8;1.1;0.0
34;2021-02-15;682;1177;0;45020;14396;0;3.8;1.2;0.0
34;2021-02-16;673;1514;0;45693;15910;0;3.9;1.4;0.0
34;2021-02-17;718;1491;0;46411;17401;0;3.9;1.5;0.0
34;2021-02-18;877;1480;0;47288;18881;0;4.0;1.6;0.0
34;2021-02-19;829;1232;0;48117;20113;0;4.1;1.7;0.0
34;2021-02-20;314;478;0;48431;20591;0;4.1;1.8;0.0
34;2021-02-21;66;22;0;48497;20613;0;4.1;1.8;0.0
34;2021-02-22;652;1282;0;49149;21895;0;4.2;1.9;0.0
34;2021-02-23;584;1475;0;49733;23370;0;4.2;2.0;0.0
34;2021-02-24;915;2288;0;50648;25658;0;4.3;2.2;0.0
34;2021-02-25;1606;2183;0;52254;27841;0;4.4;2.4;0.0
34;2021-02-26;1874;1602;0;54128;29443;0;4.6;2.5;0.0
34;2021-02-27;732;440;0;54860;29883;0;4.7;2.5;0.0
34;2021-02-28;88;61;0;54948;29944;0;4.7;2.5;0.0
34;2021-03-01;1009;1170;0;55957;31114;0;4.8;2.6;0.0
34;2021-03-02;1725;1279;0;57682;32393;0;4.9;2.8;0.0
34;2021-03-03;1966;1397;0;59648;33790;0;5.1;2.9;0.0
34;2021-03-04;2932;1652;0;62580;35442;0;5.3;3.0;0.0
34;2021-03-05;3814;1529;0;66394;36971;0;5.6;3.1;0.0
34;2021-03-06;2766;241;0;69160;37212;0;5.9;3.2;0.0
34;2021-03-07;1273;80;0;70433;37292;0;6.0;3.2;0.0
34;2021-03-08;2744;998;0;73177;38290;0;6.2;3.3;0.0
34;2021-03-09;4015;1410;0;77192;39700;0;6.6;3.4;0.0
34;2021-03-10;3973;1336;0;81165;41036;0;6.9;3.5;0.0
34;2021-03-11;5427;1303;0;86592;42339;0;7.4;3.6;0.0
34;2021-03-12;6505;942;0;93097;43281;0;7.9;3.7;0.0
34;2021-03-13;3266;193;0;96363;43474;0;8.2;3.7;0.0
34;2021-03-14;985;51;0;97348;43525;0;8.3;3.7;0.0
34;2021-03-15;3291;585;0;100639;44110;0;8.6;3.8;0.0
34;2021-03-16;2928;685;0;103567;44795;0;8.8;3.8;0.0
34;2021-03-17;3299;710;0;106866;45505;0;9.1;3.9;0.0
34;2021-03-18;3434;962;0;110300;46467;0;9.4;4.0;0.0
34;2021-03-19;4654;806;0;114954;47273;0;9.8;4.0;0.0
34;2021-03-20;3161;86;0;118115;47359;0;10.0;4.0;0.0
34;2021-03-21;1904;49;0;120019;47408;0;10.2;4.0;0.0
34;2021-03-22;3682;502;0;123701;47910;0;10.5;4.1;0.0
34;2021-03-23;4922;560;0;128623;48470;0;10.9;4.1;0.0
34;2021-03-24;5239;683;0;133862;49153;0;11.4;4.2;0.0
34;2021-03-25;7212;768;0;141074;49921;0;12.0;4.2;0.0
34;2021-03-26;7130;576;0;148204;50497;0;12.6;4.3;0.0
34;2021-03-27;2438;116;0;150642;50613;0;12.8;4.3;0.0
34;2021-03-28;686;26;0;151328;50639;0;12.9;4.3;0.0
34;2021-03-29;4176;901;0;155504;51540;0;13.2;4.4;0.0
34;2021-03-30;5244;1113;0;160748;52653;0;13.7;4.5;0.0
34;2021-03-31;5093;1351;0;165841;54004;0;14.1;4.6;0.0
34;2021-04-01;7036;1184;0;172877;55188;0;14.7;4.7;0.0
34;2021-04-02;5864;1304;0;178741;56492;0;15.2;4.8;0.0
34;2021-04-03;1219;254;0;179960;56746;0;15.3;4.8;0.0
34;2021-04-04;178;9;0;180138;56755;0;15.3;4.8;0.0
34;2021-04-05;587;63;0;180725;56818;0;15.4;4.8;0.0
34;2021-04-06;3372;2513;0;184097;59331;0;15.7;5.0;0.0
34;2021-04-07;3544;2672;0;187641;62003;0;16.0;5.3;0.0
34;2021-04-08;5389;2866;0;193030;64869;0;16.4;5.5;0.0
34;2021-04-09;8138;2556;0;201168;67425;0;17.1;5.7;0.0
34;2021-04-10;3302;1448;0;204470;68873;0;17.4;5.9;0.0
34;2021-04-11;1755;779;0;206225;69652;0;17.5;5.9;0.0
34;2021-04-12;4615;2552;0;210840;72204;0;17.9;6.1;0.0
34;2021-04-13;5404;3181;0;216244;75385;0;18.4;6.4;0.0
34;2021-04-14;5701;3300;0;221945;78685;0;18.9;6.7;0.0
34;2021-04-15;7061;3195;0;229006;81880;0;19.5;7.0;0.0
34;2021-04-16;6624;3155;0;235630;85035;0;20.0;7.2;0.0
34;2021-04-17;2622;2106;0;238252;87141;0;20.3;7.4;0.0
34;2021-04-18;1086;1657;0;239338;88798;0;20.3;7.5;0.0
34;2021-04-19;3556;3137;0;242894;91935;0;20.7;7.8;0.0
34;2021-04-20;3951;3678;0;246845;95613;0;21.0;8.1;0.0
34;2021-04-21;4454;3769;0;251299;99382;0;21.4;8.4;0.0
34;2021-04-22;4648;4640;0;255947;104022;0;21.8;8.8;0.0
34;2021-04-23;5562;3527;0;261509;107549;0;22.2;9.1;0.0
34;2021-04-24;3271;1662;0;264780;109211;0;22.5;9.3;0.0
34;2021-04-25;1883;624;0;266663;109835;0;22.7;9.3;0.0
34;2021-04-26;4258;3505;0;270921;113340;0;23.0;9.6;0.0
34;2021-04-27;5157;4086;0;276078;117426;0;23.5;10.0;0.0
34;2021-04-28;5760;3619;0;281838;121045;0;24.0;10.3;0.0
34;2021-04-29;6506;3981;0;288344;125026;0;24.5;10.6;0.0
34;2021-04-30;7845;3412;0;296189;128438;0;25.2;10.9;0.0
34;2021-05-01;2600;571;0;298789;129009;0;25.4;11.0;0.0
34;2021-05-02;3203;345;0;301992;129354;0;25.7;11.0;0.0
34;2021-05-03;6507;3081;0;308499;132435;0;26.2;11.3;0.0
34;2021-05-04;6981;4033;0;315480;136468;0;26.8;11.6;0.0
34;2021-05-05;6385;4647;0;321865;141115;0;27.4;12.0;0.0
34;2021-05-06;6946;5336;0;328811;146451;0;28.0;12.5;0.0
34;2021-05-07;6824;5770;0;335635;152221;0;28.5;12.9;0.0
34;2021-05-08;3658;1245;0;339293;153466;0;28.8;13.0;0.0
34;2021-05-09;2108;1275;0;341401;154741;0;29.0;13.2;0.0
34;2021-05-10;5683;4930;0;347084;159671;0;29.5;13.6;0.0
34;2021-05-11;7134;5455;0;354218;165126;0;30.1;14.0;0.0
34;2021-05-12;7573;4670;0;361791;169796;0;30.8;14.4;0.0
34;2021-05-13;6110;888;0;367901;170684;0;31.3;14.5;0.0
34;2021-05-14;7388;3896;0;375289;174580;0;31.9;14.8;0.0
34;2021-05-15;4826;1861;0;380115;176441;0;32.3;15.0;0.0
34;2021-05-16;4599;511;0;384714;176952;0;32.7;15.0;0.0
34;2021-05-17;8091;2187;0;392805;179139;0;33.4;15.2;0.0
34;2021-05-18;8631;2218;0;401436;181357;0;34.1;15.4;0.0
34;2021-05-19;8176;2052;0;409612;183409;0;34.8;15.6;0.0
34;2021-05-20;8388;2614;0;418000;186023;0;35.5;15.8;0.0
34;2021-05-21;8213;3287;0;426213;189310;0;36.2;16.1;0.0
34;2021-05-22;5537;1241;0;431750;190551;0;36.7;16.2;0.0
34;2021-05-23;3508;540;0;435258;191091;0;37.0;16.2;0.0
34;2021-05-24;1904;846;0;437162;191937;0;37.2;16.3;0.0
34;2021-05-25;6641;3789;0;443803;195726;0;37.7;16.6;0.0
34;2021-05-26;7773;3023;0;451576;198749;0;38.4;16.9;0.0
34;2021-05-27;7762;4245;0;459338;202994;0;39.1;17.3;0.0
34;2021-05-28;7501;5372;0;466839;208366;0;39.7;17.7;0.0
34;2021-05-29;3889;3124;0;470728;211490;0;40.0;18.0;0.0
34;2021-05-30;1800;1361;0;472528;212851;0;40.2;18.1;0.0
34;2021-05-31;5503;5089;0;478031;217940;0;40.6;18.5;0.0
34;2021-06-01;6607;5905;0;484638;223845;0;41.2;19.0;0.0
34;2021-06-02;5995;5666;0;490633;229511;0;41.7;19.5;0.0
34;2021-06-03;7323;6339;0;497956;235850;0;42.3;20.1;0.0
34;2021-06-04;7348;7579;0;505304;243429;0;43.0;20.7;0.0
34;2021-06-05;3941;3666;0;509245;247095;0;43.3;21.0;0.0
34;2021-06-06;3094;1793;0;512339;248888;0;43.6;21.2;0.0
34;2021-06-07;4269;6579;0;516608;255467;0;43.9;21.7;0.0
34;2021-06-08;5553;6599;0;522161;262066;0;44.4;22.3;0.0
34;2021-06-09;5547;6696;0;527708;268762;0;44.9;22.9;0.0
34;2021-06-10;5982;6750;0;533690;275512;0;45.4;23.4;0.0
34;2021-06-11;5313;9066;0;539003;284578;0;45.8;24.2;0.0
34;2021-06-12;3078;4634;0;542081;289212;0;46.1;24.6;0.0
34;2021-06-13;1054;1839;0;543135;291051;0;46.2;24.7;0.0
34;2021-06-14;3356;7665;0;546491;298716;0;46.5;25.4;0.0
34;2021-06-15;3907;8612;0;550398;307328;0;46.8;26.1;0.0
34;2021-06-16;4497;7790;0;554895;315118;0;47.2;26.8;0.0
34;2021-06-17;4094;7743;0;558989;322861;0;47.5;27.5;0.0
34;2021-06-18;4361;9077;0;563350;331938;0;47.9;28.2;0.0
34;2021-06-19;2651;4343;0;566001;336281;0;48.1;28.6;0.0
34;2021-06-20;870;2705;0;566871;338986;0;48.2;28.8;0.0
34;2021-06-21;2205;8349;0;569076;347335;0;48.4;29.5;0.0
34;2021-06-22;2840;9018;0;571916;356353;0;48.6;30.3;0.0
34;2021-06-23;3349;8688;0;575265;365041;0;48.9;31.0;0.0
34;2021-06-24;3351;8371;0;578616;373412;0;49.2;31.7;0.0
34;2021-06-25;3260;10190;0;581876;383602;0;49.5;32.6;0.0
34;2021-06-26;1592;6053;0;583468;389655;0;49.6;33.1;0.0
34;2021-06-27;328;3973;0;583796;393628;0;49.6;33.5;0.0
34;2021-06-28;2158;8958;0;585954;402586;0;49.8;34.2;0.0
34;2021-06-29;2589;9798;0;588543;412384;0;50.0;35.1;0.0
34;2021-06-30;3193;9096;0;591736;421480;0;50.3;35.8;0.0
34;2021-07-01;3497;8984;0;595233;430464;0;50.6;36.6;0.0
34;2021-07-02;3491;9228;0;598724;439692;0;50.9;37.4;0.0
34;2021-07-03;1649;5965;0;600373;445657;0;51.0;37.9;0.0
34;2021-07-04;343;2532;0;600716;448189;0;51.1;38.1;0.0
34;2021-07-05;3058;7655;0;603774;455844;0;51.3;38.8;0.0
34;2021-07-06;3298;8666;0;607072;464510;0;51.6;39.5;0.0
34;2021-07-07;3190;8226;0;610262;472736;0;51.9;40.2;0.0
34;2021-07-08;4047;8284;0;614309;481020;0;52.2;40.9;0.0
34;2021-07-09;3813;8987;0;618122;490007;0;52.6;41.7;0.0
34;2021-07-10;2137;5551;0;620259;495558;0;52.7;42.1;0.0
34;2021-07-11;860;2303;0;621119;497861;0;52.8;42.3;0.0
34;2021-07-12;2748;8514;0;623867;506375;0;53.0;43.1;0.0
34;2021-07-13;4508;9475;0;628375;515850;0;53.4;43.9;0.0
34;2021-07-14;894;576;0;629269;516426;0;53.5;43.9;0.0
34;2021-07-15;5710;9803;0;634979;526229;0;54.0;44.7;0.0
34;2021-07-16;5865;10126;0;640844;536355;0;54.5;45.6;0.0
34;2021-07-17;4425;4520;0;645269;540875;0;54.9;46.0;0.0
34;2021-07-18;395;345;0;645664;541220;0;54.9;46.0;0.0
34;2021-07-19;4981;7896;0;650645;549116;0;55.3;46.7;0.0
34;2021-07-20;6588;7859;0;657233;556975;0;55.9;47.4;0.0
34;2021-07-21;7241;7372;0;664474;564347;0;56.5;48.0;0.0
34;2021-07-22;7254;7540;0;671728;571887;0;57.1;48.6;0.0
34;2021-07-23;7689;7605;0;679417;579492;0;57.8;49.3;0.0
34;2021-07-24;5769;3163;0;685186;582655;0;58.3;49.5;0.0
34;2021-07-25;2796;556;0;687982;583211;0;58.5;49.6;0.0
34;2021-07-26;5965;6015;0;693947;589226;0;59.0;50.1;0.0
34;2021-07-27;7904;5542;0;701851;594768;0;59.7;50.6;0.0
34;2021-07-28;8604;5566;0;710455;600334;0;60.4;51.0;0.0
34;2021-07-29;10243;5577;0;720698;605911;0;61.3;51.5;0.0
34;2021-07-30;9004;6007;0;729702;611918;0;62.0;52.0;0.0
34;2021-07-31;5982;2245;0;735684;614163;0;62.6;52.2;0.0
34;2021-08-01;2913;623;0;738597;614786;0;62.8;52.3;0.0
34;2021-08-02;6763;4632;0;745360;619418;0;63.4;52.7;0.0
34;2021-08-03;7305;4947;0;752665;624365;0;64.0;53.1;0.0
34;2021-08-04;7286;3842;0;759951;628207;0;64.6;53.4;0.0
34;2021-08-05;6349;4390;0;766300;632597;0;65.2;53.8;0.0
34;2021-08-06;5474;4670;0;771774;637267;0;65.6;54.2;0.0
34;2021-08-07;3015;2351;0;774789;639618;0;65.9;54.4;0.0
34;2021-08-08;264;291;0;775053;639909;0;65.9;54.4;0.0
34;2021-08-09;4321;5520;0;779374;645429;0;66.3;54.9;0.0
34;2021-08-10;4649;5731;0;784023;651160;0;66.7;55.4;0.0
34;2021-08-11;4289;5668;0;788312;656828;0;67.0;55.8;0.0
34;2021-08-12;4060;5602;0;792372;662430;0;67.4;56.3;0.0
34;2021-08-13;3677;5237;0;796049;667667;0;67.7;56.8;0.0
34;2021-08-14;1804;2885;0;797853;670552;0;67.8;57.0;0.0
34;2021-08-15;244;290;0;798097;670842;0;67.9;57.0;0.0
34;2021-08-16;2604;6968;0;800701;677810;0;68.1;57.6;0.0
34;2021-08-17;3256;7536;0;803957;685346;0;68.4;58.3;0.0
34;2021-08-18;2905;6792;0;806862;692138;0;68.6;58.8;0.0
34;2021-08-19;2986;6909;0;809848;699047;0;68.9;59.4;0.0
34;2021-08-20;2573;7150;0;812421;706197;0;69.1;60.0;0.0
34;2021-08-21;1333;3602;0;813754;709799;0;69.2;60.3;0.0
34;2021-08-22;178;385;0;813932;710184;0;69.2;60.4;0.0
34;2021-08-23;2198;7877;0;816130;718061;0;69.4;61.1;0.0
34;2021-08-24;2475;8128;0;818605;726189;0;69.6;61.7;0.0
34;2021-08-25;2141;7778;0;820746;733967;0;69.8;62.4;0.0
34;2021-08-26;2361;7153;1;823107;741120;1;70.0;63.0;0.0
34;2021-08-27;2113;6920;1;825220;748040;2;70.2;63.6;0.0
34;2021-08-28;1087;3381;0;826307;751421;2;70.3;63.9;0.0
34;2021-08-29;301;1041;0;826608;752462;2;70.3;64.0;0.0
34;2021-08-30;1887;6299;111;828495;758761;113;70.4;64.5;0.0
34;2021-08-31;1944;6096;243;830439;764857;356;70.6;65.0;0.0
34;2021-09-01;2201;5340;541;832640;770197;897;70.8;65.5;0.1
34;2021-09-02;1635;3812;722;834275;774009;1619;70.9;65.8;0.1
34;2021-09-03;1743;4700;667;836018;778709;2286;71.1;66.2;0.2
34;2021-09-04;1325;3121;274;837343;781830;2560;71.2;66.5;0.2
34;2021-09-05;133;242;23;837476;782072;2583;71.2;66.5;0.2
34;2021-09-06;1156;2849;865;838632;784921;3448;71.3;66.7;0.3
34;2021-09-07;1207;2976;828;839839;787897;4276;71.4;67.0;0.4
34;2021-09-08;1504;3675;709;841343;791572;4985;71.5;67.3;0.4
34;2021-09-09;1110;2891;801;842453;794463;5786;71.6;67.5;0.5
34;2021-09-10;1499;3117;856;843952;797580;6642;71.8;67.8;0.6
34;2021-09-11;1214;1835;233;845166;799415;6875;71.9;68.0;0.6
34;2021-09-12;72;106;11;845238;799521;6886;71.9;68.0;0.6
34;2021-09-13;960;2286;807;846198;801807;7693;71.9;68.2;0.7
34;2021-09-14;1164;2078;1188;847362;803885;8881;72.0;68.3;0.8
34;2021-09-15;1399;2736;1075;848761;806621;9956;72.2;68.6;0.8
34;2021-09-16;871;1751;1029;849632;808372;10985;72.2;68.7;0.9
34;2021-09-17;1054;2306;1063;850686;810678;12048;72.3;68.9;1.0
34;2021-09-18;768;1704;267;851454;812382;12315;72.4;69.1;1.0
34;2021-09-19;49;67;33;851503;812449;12348;72.4;69.1;1.0
34;2021-09-20;613;1762;989;852116;814211;13337;72.4;69.2;1.1
34;2021-09-21;573;1571;986;852689;815782;14323;72.5;69.4;1.2
34;2021-09-22;774;2375;1068;853463;818157;15391;72.6;69.6;1.3
34;2021-09-23;628;1507;928;854091;819664;16319;72.6;69.7;1.4
34;2021-09-24;805;2080;1070;854896;821744;17389;72.7;69.9;1.5
34;2021-09-25;468;1472;225;855364;823216;17614;72.7;70.0;1.5
34;2021-09-26;39;150;18;855403;823366;17632;72.7;70.0;1.5
34;2021-09-27;568;1282;598;855971;824648;18230;72.8;70.1;1.5
34;2021-09-28;569;1015;612;856540;825663;18842;72.8;70.2;1.6
34;2021-09-29;809;1725;778;857349;827388;19620;72.9;70.3;1.7
34;2021-09-30;587;1243;991;857936;828631;20611;72.9;70.5;1.8
34;2021-10-01;1011;1407;1016;858947;830038;21627;73.0;70.6;1.8
34;2021-10-02;682;1365;371;859629;831403;21998;73.1;70.7;1.9
34;2021-10-03;58;150;20;859687;831553;22018;73.1;70.7;1.9
34;2021-10-04;665;969;873;860352;832522;22891;73.2;70.8;1.9
34;2021-10-05;515;912;958;860867;833434;23849;73.2;70.9;2.0
34;2021-10-06;868;1557;1355;861735;834991;25204;73.3;71.0;2.1
34;2021-10-07;552;963;1286;862287;835954;26490;73.3;71.1;2.3
34;2021-10-08;845;1327;1542;863132;837281;28032;73.4;71.2;2.4
34;2021-10-09;543;962;469;863675;838243;28501;73.4;71.3;2.4
34;2021-10-10;73;93;26;863748;838336;28527;73.4;71.3;2.4
34;2021-10-11;626;923;1466;864374;839259;29993;73.5;71.4;2.6
34;2021-10-12;478;669;1305;864852;839928;31298;73.5;71.4;2.7
34;2021-10-13;608;1017;1503;865460;840945;32801;73.6;71.5;2.8
34;2021-10-14;511;643;1204;865971;841588;34005;73.6;71.6;2.9
34;2021-10-15;812;1140;1832;866783;842728;35837;73.7;71.7;3.0
34;2021-10-16;456;659;592;867239;843387;36429;73.7;71.7;3.1
34;2021-10-17;69;59;33;867308;843446;36462;73.7;71.7;3.1
34;2021-10-18;582;735;1745;867890;844181;38207;73.8;71.8;3.2
34;2021-10-19;432;626;1537;868322;844807;39744;73.8;71.8;3.4
34;2021-10-20;542;814;2045;868864;845621;41789;73.9;71.9;3.6
34;2021-10-21;418;606;1915;869282;846227;43704;73.9;71.9;3.7
34;2021-10-22;669;955;2095;869951;847182;45799;74.0;72.0;3.9
34;2021-10-23;265;572;694;870216;847754;46493;74.0;72.1;4.0
34;2021-10-24;59;62;54;870275;847816;46547;74.0;72.1;4.0
34;2021-10-25;598;824;2227;870873;848640;48774;74.0;72.2;4.1
34;2021-10-26;362;518;1674;871235;849158;50448;74.1;72.2;4.3
34;2021-10-27;472;724;2186;871707;849882;52634;74.1;72.3;4.5
34;2021-10-28;371;517;1875;872078;850399;54509;74.1;72.3;4.6
34;2021-10-29;544;725;2130;872622;851124;56639;74.2;72.4;4.8
34;2021-10-30;278;564;937;872900;851688;57576;74.2;72.4;4.9
34;2021-10-31;62;35;81;872962;851723;57657;74.2;72.4;4.9
34;2021-11-01;81;50;61;873043;851773;57718;74.2;72.4;4.9
34;2021-11-02;437;749;2008;873480;852522;59726;74.3;72.5;5.1
34;2021-11-03;441;675;2382;873921;853197;62108;74.3;72.5;5.3
34;2021-11-04;340;490;2353;874261;853687;64461;74.3;72.6;5.5
34;2021-11-05;521;650;2785;874782;854337;67246;74.4;72.6;5.7
34;2021-11-06;340;569;1066;875122;854906;68312;74.4;72.7;5.8
34;2021-11-07;60;63;66;875182;854969;68378;74.4;72.7;5.8
34;2021-11-08;376;608;2634;875558;855577;71012;74.4;72.7;6.0
34;2021-11-09;344;534;2791;875902;856111;73803;74.5;72.8;6.3
34;2021-11-10;473;723;3825;876375;856834;77628;74.5;72.9;6.6
34;2021-11-11;55;82;276;876430;856916;77904;74.5;72.9;6.6
34;2021-11-12;451;615;3668;876881;857531;81572;74.6;72.9;6.9
34;2021-11-13;275;369;1457;877156;857900;83029;74.6;72.9;7.1
34;2021-11-14;66;38;111;877222;857938;83140;74.6;72.9;7.1
34;2021-11-15;390;545;3312;877612;858483;86452;74.6;73.0;7.4
34;2021-11-16;347;506;3460;877959;858989;89912;74.6;73.0;7.6
34;2021-11-17;471;618;3811;878430;859607;93723;74.7;73.1;8.0
34;2021-11-18;407;510;3709;878837;860117;97432;74.7;73.1;8.3
34;2021-11-19;575;734;4718;879412;860851;102150;74.8;73.2;8.7
34;2021-11-20;314;443;1536;879726;861294;103686;74.8;73.2;8.8
34;2021-11-21;16;98;124;879742;861392;103810;74.8;73.2;8.8
34;2021-11-22;448;399;3848;880190;861791;107658;74.8;73.3;9.2
34;2021-11-23;409;464;4052;880599;862255;111710;74.9;73.3;9.5
34;2021-11-24;500;583;4256;881099;862838;115966;74.9;73.4;9.9
34;2021-11-25;432;433;4968;881531;863271;120934;75.0;73.4;10.3
34;2021-11-26;642;642;7411;882173;863913;128345;75.0;73.5;10.9
34;2021-11-27;346;418;3313;882519;864331;131658;75.0;73.5;11.2
34;2021-11-28;48;114;627;882567;864445;132285;75.0;73.5;11.2
34;2021-11-29;372;485;6563;882939;864930;138848;75.1;73.5;11.8
34;2021-11-30;440;466;8756;883379;865396;147604;75.1;73.6;12.5
34;2021-12-01;338;516;8410;883717;865912;156014;75.1;73.6;13.3
34;2021-12-02;349;389;10546;884066;866301;166560;75.2;73.7;14.2
34;2021-12-03;349;506;10392;884415;866807;176952;75.2;73.7;15.0
34;2021-12-04;207;320;4625;884622;867127;181577;75.2;73.7;15.4
34;2021-12-05;40;97;818;884662;867224;182395;75.2;73.7;15.5
34;2021-12-06;370;539;9941;885032;867763;192336;75.2;73.8;16.4
34;2021-12-07;466;530;12661;885498;868293;204997;75.3;73.8;17.4
34;2021-12-08;457;658;11261;885955;868951;216258;75.3;73.9;18.4
34;2021-12-09;377;478;13156;886332;869429;229414;75.4;73.9;19.5
34;2021-12-10;463;605;14402;886795;870034;243816;75.4;74.0;20.7
34;2021-12-11;276;486;6775;887071;870520;250591;75.4;74.0;21.3
34;2021-12-12;46;57;1219;887117;870577;251810;75.4;74.0;21.4
34;2021-12-13;358;507;11751;887475;871084;263561;75.5;74.1;22.4
34;2021-12-14;473;601;16385;887948;871685;279946;75.5;74.1;23.8
34;2021-12-15;444;628;14013;888392;872313;293959;75.5;74.2;25.0
34;2021-12-16;505;612;15909;888897;872925;309868;75.6;74.2;26.3
34;2021-12-17;520;718;16093;889417;873643;325961;75.6;74.3;27.7
34;2021-12-18;308;419;7279;889725;874062;333240;75.6;74.3;28.3
34;2021-12-19;82;99;1442;889807;874161;334682;75.7;74.3;28.5
34;2021-12-20;589;629;12067;890396;874790;346749;75.7;74.4;29.5
34;2021-12-21;707;650;13228;891103;875440;359977;75.8;74.4;30.6
34;2021-12-22;612;628;11298;891715;876068;371275;75.8;74.5;31.6
35;2020-12-27;1;0;0;1;0;0;0.0;0.0;0.0
35;2020-12-28;0;0;0;1;0;0;0.0;0.0;0.0
35;2020-12-29;1;0;0;2;0;0;0.0;0.0;0.0
35;2020-12-30;0;0;0;2;0;0;0.0;0.0;0.0
35;2020-12-31;0;0;0;2;0;0;0.0;0.0;0.0
35;2021-01-01;3;0;0;5;0;0;0.0;0.0;0.0
35;2021-01-02;0;0;0;5;0;0;0.0;0.0;0.0
35;2021-01-03;0;0;0;5;0;0;0.0;0.0;0.0
35;2021-01-04;10;0;0;15;0;0;0.0;0.0;0.0
35;2021-01-05;117;0;0;132;0;0;0.0;0.0;0.0
35;2021-01-06;174;0;0;306;0;0;0.0;0.0;0.0
35;2021-01-07;462;1;0;768;1;0;0.1;0.0;0.0
35;2021-01-08;492;1;0;1260;2;0;0.1;0.0;0.0
35;2021-01-09;39;0;0;1299;2;0;0.1;0.0;0.0
35;2021-01-10;4;0;0;1303;2;0;0.1;0.0;0.0
35;2021-01-11;537;0;0;1840;2;0;0.2;0.0;0.0
35;2021-01-12;865;3;0;2705;5;0;0.2;0.0;0.0
35;2021-01-13;922;4;0;3627;9;0;0.3;0.0;0.0
35;2021-01-14;1259;15;0;4886;24;0;0.5;0.0;0.0
35;2021-01-15;703;2;0;5589;26;0;0.5;0.0;0.0
35;2021-01-16;190;2;0;5779;28;0;0.5;0.0;0.0
35;2021-01-17;54;0;0;5833;28;0;0.5;0.0;0.0
35;2021-01-18;1154;2;0;6987;30;0;0.6;0.0;0.0
35;2021-01-19;5127;17;0;12114;47;0;1.1;0.0;0.0
35;2021-01-20;3163;10;0;15277;57;0;1.4;0.0;0.0
35;2021-01-21;3528;13;0;18805;70;0;1.7;0.0;0.0
35;2021-01-22;2024;7;0;20829;77;0;1.9;0.0;0.0
35;2021-01-23;412;1;0;21241;78;0;2.0;0.0;0.0
35;2021-01-24;50;0;0;21291;78;0;2.0;0.0;0.0
35;2021-01-25;874;17;0;22165;95;0;2.0;0.0;0.0
35;2021-01-26;1154;135;0;23319;230;0;2.2;0.0;0.0
35;2021-01-27;1175;130;0;24494;360;0;2.3;0.0;0.0
35;2021-01-28;957;318;0;25451;678;0;2.4;0.1;0.0
35;2021-01-29;750;297;0;26201;975;0;2.4;0.1;0.0
35;2021-01-30;155;21;0;26356;996;0;2.4;0.1;0.0
35;2021-01-31;1;1;0;26357;997;0;2.4;0.1;0.0
35;2021-02-01;646;331;0;27003;1328;0;2.5;0.1;0.0
35;2021-02-02;769;501;0;27772;1829;0;2.6;0.2;0.0
35;2021-02-03;662;519;0;28434;2348;0;2.6;0.2;0.0
35;2021-02-04;649;643;0;29083;2991;0;2.7;0.3;0.0
35;2021-02-05;691;525;0;29774;3516;0;2.8;0.3;0.0
35;2021-02-06;179;12;0;29953;3528;0;2.8;0.3;0.0
35;2021-02-07;4;8;0;29957;3536;0;2.8;0.3;0.0
35;2021-02-08;442;620;0;30399;4156;0;2.8;0.4;0.0
35;2021-02-09;1656;3403;0;32055;7559;0;3.0;0.7;0.0
35;2021-02-10;1279;2613;0;33334;10172;0;3.1;0.9;0.0
35;2021-02-11;1907;3100;0;35241;13272;0;3.3;1.2;0.0
35;2021-02-12;1611;1704;0;36852;14976;0;3.4;1.4;0.0
35;2021-02-13;76;270;0;36928;15246;0;3.4;1.4;0.0
35;2021-02-14;9;72;0;36937;15318;0;3.4;1.4;0.0
35;2021-02-15;743;1032;0;37680;16350;0;3.5;1.5;0.0
35;2021-02-16;929;1122;0;38609;17472;0;3.6;1.6;0.0
35;2021-02-17;891;1181;0;39500;18653;0;3.7;1.7;0.0
35;2021-02-18;1006;1047;0;40506;19700;0;3.7;1.8;0.0
35;2021-02-19;1027;1005;0;41533;20705;0;3.8;1.9;0.0
35;2021-02-20;165;58;0;41698;20763;0;3.9;1.9;0.0
35;2021-02-21;3;3;0;41701;20766;0;3.9;1.9;0.0
35;2021-02-22;713;819;0;42414;21585;0;3.9;2.0;0.0
35;2021-02-23;1377;941;0;43791;22526;0;4.0;2.1;0.0
35;2021-02-24;1295;878;0;45086;23404;0;4.2;2.2;0.0
35;2021-02-25;2148;860;0;47234;24264;0;4.4;2.2;0.0
35;2021-02-26;2500;761;0;49734;25025;0;4.6;2.3;0.0
35;2021-02-27;863;128;0;50597;25153;0;4.7;2.3;0.0
35;2021-02-28;10;2;0;50607;25155;0;4.7;2.3;0.0
35;2021-03-01;881;650;0;51488;25805;0;4.8;2.4;0.0
35;2021-03-02;1589;1886;0;53077;27691;0;4.9;2.6;0.0
35;2021-03-03;1845;942;0;54922;28633;0;5.1;2.6;0.0
35;2021-03-04;2749;1409;0;57671;30042;0;5.3;2.8;0.0
35;2021-03-05;3589;1349;0;61260;31391;0;5.7;2.9;0.0
35;2021-03-06;1350;105;0;62610;31496;0;5.8;2.9;0.0
35;2021-03-07;65;42;0;62675;31538;0;5.8;2.9;0.0
35;2021-03-08;1372;583;0;64047;32121;0;5.9;3.0;0.0
35;2021-03-09;3050;638;0;67097;32759;0;6.2;3.0;0.0
35;2021-03-10;2825;591;0;69922;33350;0;6.5;3.1;0.0
35;2021-03-11;4079;720;0;74001;34070;0;6.8;3.1;0.0
35;2021-03-12;5799;585;0;79800;34655;0;7.4;3.2;0.0
35;2021-03-13;2422;137;0;82222;34792;0;7.6;3.2;0.0
35;2021-03-14;60;27;0;82282;34819;0;7.6;3.2;0.0
35;2021-03-15;1849;627;0;84131;35446;0;7.8;3.3;0.0
35;2021-03-16;2385;676;0;86516;36122;0;8.0;3.3;0.0
35;2021-03-17;2307;584;0;88823;36706;0;8.2;3.4;0.0
35;2021-03-18;2238;586;0;91061;37292;0;8.4;3.4;0.0
35;2021-03-19;3434;515;0;94495;37807;0;8.7;3.5;0.0
35;2021-03-20;1549;124;0;96044;37931;0;8.9;3.5;0.0
35;2021-03-21;53;2;0;96097;37933;0;8.9;3.5;0.0
35;2021-03-22;1709;783;0;97806;38716;0;9.0;3.6;0.0
35;2021-03-23;3500;1190;0;101306;39906;0;9.4;3.7;0.0
35;2021-03-24;3646;932;0;104952;40838;0;9.7;3.8;0.0
35;2021-03-25;5170;946;0;110122;41784;0;10.2;3.9;0.0
35;2021-03-26;5666;765;0;115788;42549;0;10.7;3.9;0.0
35;2021-03-27;1431;224;0;117219;42773;0;10.8;4.0;0.0
35;2021-03-28;24;0;0;117243;42773;0;10.8;4.0;0.0
35;2021-03-29;2761;855;0;120004;43628;0;11.1;4.0;0.0
35;2021-03-30;4200;1244;0;124204;44872;0;11.5;4.1;0.0
35;2021-03-31;3525;1304;0;127729;46176;0;11.8;4.3;0.0
35;2021-04-01;4302;1211;0;132031;47387;0;12.2;4.4;0.0
35;2021-04-02;4927;1148;0;136958;48535;0;12.7;4.5;0.0
35;2021-04-03;839;236;0;137797;48771;0;12.7;4.5;0.0
35;2021-04-04;23;19;0;137820;48790;0;12.7;4.5;0.0
35;2021-04-05;66;3;0;137886;48793;0;12.7;4.5;0.0
35;2021-04-06;3200;1951;0;141086;50744;0;13.0;4.7;0.0
35;2021-04-07;3911;1783;0;144997;52527;0;13.4;4.9;0.0
35;2021-04-08;5683;1576;0;150680;54103;0;13.9;5.0;0.0
35;2021-04-09;7360;1383;0;158040;55486;0;14.6;5.1;0.0
35;2021-04-10;2110;290;0;160150;55776;0;14.8;5.2;0.0
35;2021-04-11;70;37;0;160220;55813;0;14.8;5.2;0.0
35;2021-04-12;5000;1467;0;165220;57280;0;15.3;5.3;0.0
35;2021-04-13;7288;2660;0;172508;59940;0;15.9;5.5;0.0
35;2021-04-14;6044;2217;0;178552;62157;0;16.5;5.7;0.0
35;2021-04-15;7246;2183;0;185798;64340;0;17.2;5.9;0.0
35;2021-04-16;7751;1727;0;193549;66067;0;17.9;6.1;0.0
35;2021-04-17;1779;281;0;195328;66348;0;18.1;6.1;0.0
35;2021-04-18;44;11;0;195372;66359;0;18.1;6.1;0.0
35;2021-04-19;4594;1596;0;199966;67955;0;18.5;6.3;0.0
35;2021-04-20;4920;2553;0;204886;70508;0;18.9;6.5;0.0
35;2021-04-21;4921;2168;0;209807;72676;0;19.4;6.7;0.0
35;2021-04-22;6082;2280;0;215889;74956;0;20.0;6.9;0.0
35;2021-04-23;6461;2265;0;222350;77221;0;20.5;7.1;0.0
35;2021-04-24;1270;389;0;223620;77610;0;20.7;7.2;0.0
35;2021-04-25;59;26;0;223679;77636;0;20.7;7.2;0.0
35;2021-04-26;4768;2176;0;228447;79812;0;21.1;7.4;0.0
35;2021-04-27;5710;3126;0;234157;82938;0;21.6;7.7;0.0
35;2021-04-28;5781;2608;1;239938;85546;1;22.2;7.9;0.0
35;2021-04-29;6779;2760;0;246717;88306;1;22.8;8.2;0.0
35;2021-04-30;7126;2664;0;253843;90970;1;23.5;8.4;0.0
35;2021-05-01;666;266;0;254509;91236;1;23.5;8.4;0.0
35;2021-05-02;49;46;0;254558;91282;1;23.5;8.4;0.0
35;2021-05-03;5079;2394;0;259637;93676;1;24.0;8.7;0.0
35;2021-05-04;4860;5182;0;264497;98858;1;24.4;9.1;0.0
35;2021-05-05;4703;4366;0;269200;103224;1;24.9;9.5;0.0
35;2021-05-06;5960;5122;0;275160;108346;1;25.4;10.0;0.0
35;2021-05-07;5414;5071;0;280574;113417;1;25.9;10.5;0.0
35;2021-05-08;1855;172;0;282429;113589;1;26.1;10.5;0.0
35;2021-05-09;733;114;0;283162;113703;1;26.2;10.5;0.0
35;2021-05-10;3811;4722;0;286973;118425;1;26.5;10.9;0.0
35;2021-05-11;5077;5553;0;292050;123978;1;27.0;11.5;0.0
35;2021-05-12;5676;5174;0;297726;129152;1;27.5;11.9;0.0
35;2021-05-13;2715;1392;0;300441;130544;1;27.8;12.1;0.0
35;2021-05-14;5953;4001;0;306394;134545;1;28.3;12.4;0.0
35;2021-05-15;3448;731;0;309842;135276;1;28.6;12.5;0.0
35;2021-05-16;1228;91;0;311070;135367;1;28.7;12.5;0.0
35;2021-05-17;4982;3655;0;316052;139022;1;29.2;12.8;0.0
35;2021-05-18;6282;4056;0;322334;143078;1;29.8;13.2;0.0
35;2021-05-19;6289;3385;0;328623;146463;1;30.4;13.5;0.0
35;2021-05-20;7091;3727;0;335714;150190;1;31.0;13.9;0.0
35;2021-05-21;6594;4505;0;342308;154695;1;31.6;14.3;0.0
35;2021-05-22;2767;795;0;345075;155490;1;31.9;14.4;0.0
35;2021-05-23;875;74;0;345950;155564;1;32.0;14.4;0.0
35;2021-05-24;3520;1232;0;349470;156796;1;32.3;14.5;0.0
35;2021-05-25;6200;4024;0;355670;160820;1;32.9;14.9;0.0
35;2021-05-26;6380;4057;0;362050;164877;1;33.5;15.2;0.0
35;2021-05-27;7139;4717;0;369189;169594;1;34.1;15.7;0.0
35;2021-05-28;6895;5507;0;376084;175101;1;34.8;16.2;0.0
35;2021-05-29;3614;1265;0;379698;176366;1;35.1;16.3;0.0
35;2021-05-30;946;66;0;380644;176432;1;35.2;16.3;0.0
35;2021-05-31;6864;4180;0;387508;180612;1;35.8;16.7;0.0
35;2021-06-01;8008;4928;0;395516;185540;1;36.6;17.1;0.0
35;2021-06-02;7866;3862;0;403382;189402;1;37.3;17.5;0.0
35;2021-06-03;8681;4912;0;412063;194314;1;38.1;18.0;0.0
35;2021-06-04;7663;7239;0;419726;201553;1;38.8;18.6;0.0
35;2021-06-05;4483;1646;0;424209;203199;1;39.2;18.8;0.0
35;2021-06-06;2755;186;0;426964;203385;1;39.5;18.8;0.0
35;2021-06-07;6324;5443;0;433288;208828;1;40.0;19.3;0.0
35;2021-06-08;7993;5713;0;441281;214541;1;40.8;19.8;0.0
35;2021-06-09;8649;4629;0;449930;219170;1;41.6;20.3;0.0
35;2021-06-10;9501;4671;0;459431;223841;1;42.5;20.7;0.0
35;2021-06-11;8909;7184;0;468340;231025;1;43.3;21.4;0.0
35;2021-06-12;5135;1385;0;473475;232410;1;43.8;21.5;0.0
35;2021-06-13;3163;245;0;476638;232655;1;44.0;21.5;0.0
35;2021-06-14;6288;6315;0;482926;238970;1;44.6;22.1;0.0
35;2021-06-15;7466;6696;0;490392;245666;1;45.3;22.7;0.0
35;2021-06-16;8212;5557;0;498604;251223;1;46.1;23.2;0.0
35;2021-06-17;8619;5751;0;507223;256974;1;46.9;23.7;0.0
35;2021-06-18;8587;7910;0;515810;264884;1;47.7;24.5;0.0
35;2021-06-19;1922;2832;0;517732;267716;1;47.8;24.7;0.0
35;2021-06-20;2569;919;0;520301;268635;1;48.1;24.8;0.0
35;2021-06-21;5709;6304;0;526010;274939;1;48.6;25.4;0.0
35;2021-06-22;6643;7577;0;532653;282516;1;49.2;26.1;0.0
35;2021-06-23;6897;6351;0;539550;288867;1;49.9;26.7;0.0
35;2021-06-24;7975;6043;0;547525;294910;1;50.6;27.3;0.0
35;2021-06-25;6473;8780;0;553998;303690;1;51.2;28.1;0.0
35;2021-06-26;1389;3603;0;555387;307293;1;51.3;28.4;0.0
35;2021-06-27;2274;1216;0;557661;308509;1;51.5;28.5;0.0
35;2021-06-28;4153;7968;0;561814;316477;1;51.9;29.2;0.0
35;2021-06-29;4873;8266;0;566687;324743;1;52.4;30.0;0.0
35;2021-06-30;5383;8092;0;572070;332835;1;52.9;30.8;0.0
35;2021-07-01;6199;7798;0;578269;340633;1;53.4;31.5;0.0
35;2021-07-02;5230;9915;0;583499;350548;1;53.9;32.4;0.0
35;2021-07-03;1131;3592;0;584630;354140;1;54.0;32.7;0.0
35;2021-07-04;1837;1639;0;586467;355779;1;54.2;32.9;0.0
35;2021-07-05;3753;8455;0;590220;364234;1;54.5;33.7;0.0
35;2021-07-06;4612;9718;0;594832;373952;1;55.0;34.6;0.0
35;2021-07-07;4977;8679;0;599809;382631;1;55.4;35.4;0.0
35;2021-07-08;5332;8848;0;605141;391479;1;55.9;36.2;0.0
35;2021-07-09;4054;11788;0;609195;403267;1;56.3;37.3;0.0
35;2021-07-10;1105;3790;0;610300;407057;1;56.4;37.6;0.0
35;2021-07-11;1181;2257;0;611481;409314;1;56.5;37.8;0.0
35;2021-07-12;3108;9533;0;614589;418847;1;56.8;38.7;0.0
35;2021-07-13;4159;11143;0;618748;429990;1;57.2;39.7;0.0
35;2021-07-14;2283;4361;0;621031;434351;1;57.4;40.1;0.0
35;2021-07-15;4789;10470;0;625820;444821;1;57.8;41.1;0.0
35;2021-07-16;5187;11287;0;631007;456108;1;58.3;42.2;0.0
35;2021-07-17;2549;4521;0;633556;460629;1;58.6;42.6;0.0
35;2021-07-18;990;2432;0;634546;463061;1;58.6;42.8;0.0
35;2021-07-19;3677;9404;0;638223;472465;1;59.0;43.7;0.0
35;2021-07-20;5185;11025;0;643408;483490;1;59.5;44.7;0.0
35;2021-07-21;4911;9686;0;648319;493176;1;59.9;45.6;0.0
35;2021-07-22;5274;9834;0;653593;503010;1;60.4;46.5;0.0
35;2021-07-23;5069;11230;0;658662;514240;1;60.9;47.5;0.0
35;2021-07-24;2297;4713;0;660959;518953;1;61.1;48.0;0.0
35;2021-07-25;862;2677;0;661821;521630;1;61.2;48.2;0.0
35;2021-07-26;4318;8750;0;666139;530380;1;61.6;49.0;0.0
35;2021-07-27;5976;9810;0;672115;540190;1;62.1;49.9;0.0
35;2021-07-28;5845;8783;0;677960;548973;1;62.7;50.7;0.0
35;2021-07-29;6763;8391;0;684723;557364;1;63.3;51.5;0.0
35;2021-07-30;6399;9142;0;691122;566506;1;63.9;52.4;0.0
35;2021-07-31;2864;3841;0;693986;570347;1;64.1;52.7;0.0
35;2021-08-01;1483;2263;0;695469;572610;1;64.3;52.9;0.0
35;2021-08-02;5288;6910;0;700757;579520;1;64.8;53.6;0.0
35;2021-08-03;7219;7522;0;707976;587042;1;65.4;54.3;0.0
35;2021-08-04;7263;6611;0;715239;593653;1;66.1;54.9;0.0
35;2021-08-05;7150;6900;0;722389;600553;1;66.8;55.5;0.0
35;2021-08-06;6516;7207;0;728905;607760;1;67.4;56.2;0.0
35;2021-08-07;2585;3270;0;731490;611030;1;67.6;56.5;0.0
35;2021-08-08;1583;2064;0;733073;613094;1;67.7;56.7;0.0
35;2021-08-09;4872;5555;0;737945;618649;1;68.2;57.2;0.0
35;2021-08-10;6525;6353;0;744470;625002;1;68.8;57.8;0.0
35;2021-08-11;6344;5758;0;750814;630760;1;69.4;58.3;0.0
35;2021-08-12;6571;5490;0;757385;636250;1;70.0;58.8;0.0
35;2021-08-13;6302;5074;0;763687;641324;1;70.6;59.3;0.0
35;2021-08-14;2892;2156;0;766579;643480;1;70.8;59.5;0.0
35;2021-08-15;1961;1153;0;768540;644633;1;71.0;59.6;0.0
35;2021-08-16;4432;5163;0;772972;649796;1;71.4;60.1;0.0
35;2021-08-17;5825;6078;0;778797;655874;1;72.0;60.6;0.0
35;2021-08-18;5882;5475;0;784679;661349;1;72.5;61.1;0.0
35;2021-08-19;5517;5770;0;790196;667119;1;73.0;61.7;0.0
35;2021-08-20;4680;6229;0;794876;673348;1;73.5;62.2;0.0
35;2021-08-21;2088;2810;0;796964;676158;1;73.7;62.5;0.0
35;2021-08-22;1465;1661;0;798429;677819;1;73.8;62.6;0.0
35;2021-08-23;2802;6015;0;801231;683834;1;74.0;63.2;0.0
35;2021-08-24;3127;7133;0;804358;690967;1;74.3;63.9;0.0
35;2021-08-25;2986;6552;0;807344;697519;1;74.6;64.5;0.0
35;2021-08-26;2432;6822;0;809776;704341;1;74.8;65.1;0.0
35;2021-08-27;2518;7113;0;812294;711454;1;75.1;65.7;0.0
35;2021-08-28;1076;3126;0;813370;714580;1;75.2;66.0;0.0
35;2021-08-29;443;1637;0;813813;716217;1;75.2;66.2;0.0
35;2021-08-30;1827;5295;100;815640;721512;101;75.4;66.7;0.0
35;2021-08-31;2174;6229;148;817814;727741;249;75.6;67.3;0.0
35;2021-09-01;1813;5621;309;819627;733362;558;75.7;67.8;0.1
35;2021-09-02;1750;5466;386;821377;738828;944;75.9;68.3;0.1
35;2021-09-03;1903;6359;386;823280;745187;1330;76.1;68.9;0.1
35;2021-09-04;1064;3804;86;824344;748991;1416;76.2;69.2;0.1
35;2021-09-05;407;1759;63;824751;750750;1479;76.2;69.4;0.1
35;2021-09-06;1060;4359;409;825811;755109;1888;76.3;69.8;0.2
35;2021-09-07;1224;4633;506;827035;759742;2394;76.4;70.2;0.2
35;2021-09-08;1266;5513;445;828301;765255;2839;76.5;70.7;0.3
35;2021-09-09;1194;4410;475;829495;769665;3314;76.7;71.1;0.3
35;2021-09-10;1464;5545;606;830959;775210;3920;76.8;71.6;0.4
35;2021-09-11;583;3613;113;831542;778823;4033;76.8;72.0;0.4
35;2021-09-12;217;1943;48;831759;780766;4081;76.9;72.2;0.4
35;2021-09-13;1164;3418;579;832923;784184;4660;77.0;72.5;0.4
35;2021-09-14;1243;3015;1228;834166;787199;5888;77.1;72.7;0.5
35;2021-09-15;1104;4210;858;835270;791409;6746;77.2;73.1;0.6
35;2021-09-16;962;2544;998;836232;793953;7744;77.3;73.4;0.7
35;2021-09-17;1174;3462;999;837406;797415;8743;77.4;73.7;0.8
35;2021-09-18;500;2664;165;837906;800079;8908;77.4;73.9;0.8
35;2021-09-19;104;761;28;838010;800840;8936;77.4;74.0;0.8
35;2021-09-20;1043;2284;815;839053;803124;9751;77.5;74.2;0.9
35;2021-09-21;638;1771;1067;839691;804895;10818;77.6;74.4;1.0
35;2021-09-22;752;3263;947;840443;808158;11765;77.7;74.7;1.1
35;2021-09-23;575;1489;1163;841018;809647;12928;77.7;74.8;1.2
35;2021-09-24;852;2701;1026;841870;812348;13954;77.8;75.1;1.3
35;2021-09-25;364;1678;166;842234;814026;14120;77.8;75.2;1.3
35;2021-09-26;8;116;11;842242;814142;14131;77.8;75.2;1.3
35;2021-09-27;485;1464;885;842727;815606;15016;77.9;75.4;1.4
35;2021-09-28;442;1122;1004;843169;816728;16020;77.9;75.5;1.5
35;2021-09-29;551;1825;904;843720;818553;16924;78.0;75.6;1.6
35;2021-09-30;359;854;854;844079;819407;17778;78.0;75.7;1.6
35;2021-10-01;796;2004;1120;844875;821411;18898;78.1;75.9;1.7
35;2021-10-02;333;1026;202;845208;822437;19100;78.1;76.0;1.8
35;2021-10-03;7;29;3;845215;822466;19103;78.1;76.0;1.8
35;2021-10-04;479;941;815;845694;823407;19918;78.2;76.1;1.8
35;2021-10-05;408;876;1061;846102;824283;20979;78.2;76.2;1.9
35;2021-10-06;529;1208;886;846631;825491;21865;78.2;76.3;2.0
35;2021-10-07;353;864;1049;846984;826355;22914;78.3;76.4;2.1
35;2021-10-08;622;1862;1269;847606;828217;24183;78.3;76.5;2.2
35;2021-10-09;349;870;355;847955;829087;24538;78.4;76.6;2.3
35;2021-10-10;6;6;2;847961;829093;24540;78.4;76.6;2.3
35;2021-10-11;392;769;841;848353;829862;25381;78.4;76.7;2.3
35;2021-10-12;366;644;936;848719;830506;26317;78.4;76.8;2.4
35;2021-10-13;460;735;876;849179;831241;27193;78.5;76.8;2.5
35;2021-10-14;297;646;827;849476;831887;28020;78.5;76.9;2.6
35;2021-10-15;597;1423;1637;850073;833310;29657;78.6;77.0;2.7
35;2021-10-16;359;596;462;850432;833906;30119;78.6;77.1;2.8
35;2021-10-17;5;12;0;850437;833918;30119;78.6;77.1;2.8
35;2021-10-18;347;674;857;850784;834592;30976;78.6;77.1;2.9
35;2021-10-19;324;651;943;851108;835243;31919;78.7;77.2;2.9
35;2021-10-20;446;790;1472;851554;836033;33391;78.7;77.3;3.1
35;2021-10-21;279;474;1180;851833;836507;34571;78.7;77.3;3.2
35;2021-10-22;457;883;1796;852290;837390;36367;78.8;77.4;3.4
35;2021-10-23;259;410;581;852549;837800;36948;78.8;77.4;3.4
35;2021-10-24;0;13;10;852549;837813;36958;78.8;77.4;3.4
35;2021-10-25;333;474;1186;852882;838287;38144;78.8;77.5;3.5
35;2021-10-26;282;400;1094;853164;838687;39238;78.8;77.5;3.6
35;2021-10-27;293;474;1312;853457;839161;40550;78.9;77.6;3.7
35;2021-10-28;315;453;1192;853772;839614;41742;78.9;77.6;3.9
35;2021-10-29;462;656;1906;854234;840270;43648;78.9;77.7;4.0
35;2021-10-30;177;283;415;854411;840553;44063;79.0;77.7;4.1
35;2021-10-31;5;10;5;854416;840563;44068;79.0;77.7;4.1
35;2021-11-01;26;14;9;854442;840577;44077;79.0;77.7;4.1
35;2021-11-02;348;559;1404;854790;841136;45481;79.0;77.7;4.2
35;2021-11-03;286;479;1759;855076;841615;47240;79.0;77.8;4.4
35;2021-11-04;254;338;1623;855330;841953;48863;79.0;77.8;4.5
35;2021-11-05;371;574;2482;855701;842527;51345;79.1;77.9;4.7
35;2021-11-06;153;308;596;855854;842835;51941;79.1;77.9;4.8
35;2021-11-07;3;7;3;855857;842842;51944;79.1;77.9;4.8
35;2021-11-08;251;421;2158;856108;843263;54102;79.1;77.9;5.0
35;2021-11-09;332;461;2617;856440;843724;56719;79.1;78.0;5.2
35;2021-11-10;418;530;3015;856858;844254;59734;79.2;78.0;5.5
35;2021-11-11;14;15;58;856872;844269;59792;79.2;78.0;5.5
35;2021-11-12;297;508;2992;857169;844777;62784;79.2;78.1;5.8
35;2021-11-13;169;276;852;857338;845053;63636;79.2;78.1;5.9
35;2021-11-14;6;6;20;857344;845059;63656;79.2;78.1;5.9
35;2021-11-15;243;386;3095;857587;845445;66751;79.3;78.1;6.2
35;2021-11-16;291;351;3494;857878;845796;70245;79.3;78.2;6.5
35;2021-11-17;435;440;3606;858313;846236;73851;79.3;78.2;6.8
35;2021-11-18;318;308;3340;858631;846544;77191;79.4;78.2;7.1
35;2021-11-19;461;550;4437;859092;847094;81628;79.4;78.3;7.5
35;2021-11-20;181;230;1122;859273;847324;82750;79.4;78.3;7.6
35;2021-11-21;4;12;18;859277;847336;82768;79.4;78.3;7.6
35;2021-11-22;303;209;3432;859580;847545;86200;79.4;78.3;8.0
35;2021-11-23;362;275;4142;859942;847820;90342;79.5;78.4;8.3
35;2021-11-24;451;417;3946;860393;848237;94288;79.5;78.4;8.7
35;2021-11-25;303;295;4287;860696;848532;98575;79.5;78.4;9.1
35;2021-11-26;383;437;6624;861079;848969;105199;79.6;78.5;9.7
35;2021-11-27;157;206;1801;861236;849175;107000;79.6;78.5;9.9
35;2021-11-28;8;16;155;861244;849191;107155;79.6;78.5;9.9
35;2021-11-29;197;299;5682;861441;849490;112837;79.6;78.5;10.4
35;2021-11-30;269;351;7404;861710;849841;120241;79.6;78.5;11.1
35;2021-12-01;251;381;7413;861961;850222;127654;79.7;78.6;11.8
35;2021-12-02;228;217;8249;862189;850439;135903;79.7;78.6;12.6
35;2021-12-03;231;369;10696;862420;850808;146599;79.7;78.6;13.5
35;2021-12-04;167;218;3932;862587;851026;150531;79.7;78.6;13.9
35;2021-12-05;36;30;1268;862623;851056;151799;79.7;78.7;14.0
35;2021-12-06;199;264;10304;862822;851320;162103;79.7;78.7;15.0
35;2021-12-07;238;336;12871;863060;851656;174974;79.8;78.7;16.2
35;2021-12-08;274;439;11018;863334;852095;185992;79.8;78.7;17.2
35;2021-12-09;259;327;12170;863593;852422;198162;79.8;78.8;18.3
35;2021-12-10;291;483;14500;863884;852905;212662;79.8;78.8;19.7
35;2021-12-11;182;238;5157;864066;853143;217819;79.9;78.8;20.1
35;2021-12-12;40;25;1682;864106;853168;219501;79.9;78.8;20.3
35;2021-12-13;205;326;12014;864311;853494;231515;79.9;78.9;21.4
35;2021-12-14;269;383;14711;864580;853877;246226;79.9;78.9;22.8
35;2021-12-15;294;473;12927;864874;854350;259153;79.9;79.0;23.9
35;2021-12-16;260;413;15122;865134;854763;274275;80.0;79.0;25.3
35;2021-12-17;308;493;15852;865442;855256;290127;80.0;79.0;26.8
35;2021-12-18;189;192;5603;865631;855448;295730;80.0;79.1;27.3
35;2021-12-19;47;37;2114;865678;855485;297844;80.0;79.1;27.5
35;2021-12-20;344;356;12017;866022;855841;309861;80.0;79.1;28.6
35;2021-12-21;367;354;14051;866389;856195;323912;80.1;79.1;29.9
35;2021-12-22;373;371;11281;866762;856566;335193;80.1;79.2;31.0
36;2020-12-27;0;0;0;0;0;0;0.0;0.0;0.0
36;2020-12-28;1;0;0;1;0;0;0.0;0.0;0.0
36;2020-12-29;0;0;0;1;0;0;0.0;0.0;0.0
36;2020-12-30;0;0;0;1;0;0;0.0;0.0;0.0
36;2020-12-31;0;0;0;1;0;0;0.0;0.0;0.0
36;2021-01-01;0;0;0;1;0;0;0.0;0.0;0.0
36;2021-01-02;0;0;0;1;0;0;0.0;0.0;0.0
36;2021-01-03;0;0;0;1;0;0;0.0;0.0;0.0
36;2021-01-04;0;0;0;1;0;0;0.0;0.0;0.0
36;2021-01-05;0;0;0;1;0;0;0.0;0.0;0.0
36;2021-01-06;20;0;0;21;0;0;0.0;0.0;0.0
36;2021-01-07;51;0;0;72;0;0;0.0;0.0;0.0
36;2021-01-08;110;0;0;182;0;0;0.1;0.0;0.0
36;2021-01-09;84;1;0;266;1;0;0.1;0.0;0.0
36;2021-01-10;135;0;0;401;1;0;0.2;0.0;0.0
36;2021-01-11;213;1;0;614;2;0;0.3;0.0;0.0
36;2021-01-12;280;0;0;894;2;0;0.4;0.0;0.0
36;2021-01-13;187;2;0;1081;4;0;0.5;0.0;0.0
36;2021-01-14;472;4;0;1553;8;0;0.7;0.0;0.0
36;2021-01-15;178;1;0;1731;9;0;0.8;0.0;0.0
36;2021-01-16;24;1;0;1755;10;0;0.8;0.0;0.0
36;2021-01-17;13;1;0;1768;11;0;0.8;0.0;0.0
36;2021-01-18;606;5;0;2374;16;0;1.1;0.0;0.0
36;2021-01-19;1135;1;0;3509;17;0;1.6;0.0;0.0
36;2021-01-20;1087;4;0;4596;21;0;2.1;0.0;0.0
36;2021-01-21;696;1;0;5292;22;0;2.4;0.0;0.0
36;2021-01-22;837;2;0;6129;24;0;2.8;0.0;0.0
36;2021-01-23;291;0;0;6420;24;0;3.0;0.0;0.0
36;2021-01-24;158;1;0;6578;25;0;3.0;0.0;0.0
36;2021-01-25;578;4;0;7156;29;0;3.3;0.0;0.0
36;2021-01-26;570;2;0;7726;31;0;3.6;0.0;0.0
36;2021-01-27;797;14;0;8523;45;0;3.9;0.0;0.0
36;2021-01-28;439;46;0;8962;91;0;4.1;0.0;0.0
36;2021-01-29;473;91;0;9435;182;0;4.3;0.1;0.0
36;2021-01-30;242;71;0;9677;253;0;4.5;0.1;0.0
36;2021-01-31;106;124;0;9783;377;0;4.5;0.2;0.0
36;2021-02-01;323;90;0;10106;467;0;4.7;0.2;0.0
36;2021-02-02;371;162;0;10477;629;0;4.8;0.3;0.0
36;2021-02-03;411;245;0;10888;874;0;5.0;0.4;0.0
36;2021-02-04;248;264;0;11136;1138;0;5.1;0.5;0.0
36;2021-02-05;260;153;0;11396;1291;0;5.2;0.6;0.0
36;2021-02-06;3;1;0;11399;1292;0;5.2;0.6;0.0
36;2021-02-07;2;0;0;11401;1292;0;5.3;0.6;0.0
36;2021-02-08;235;255;0;11636;1547;0;5.4;0.7;0.0
36;2021-02-09;325;591;0;11961;2138;0;5.5;1.0;0.0
36;2021-02-10;473;634;0;12434;2772;0;5.7;1.3;0.0
36;2021-02-11;366;558;0;12800;3330;0;5.9;1.5;0.0
36;2021-02-12;311;443;0;13111;3773;0;6.0;1.7;0.0
36;2021-02-13;128;81;0;13239;3854;0;6.1;1.8;0.0
36;2021-02-14;26;43;0;13265;3897;0;6.1;1.8;0.0
36;2021-02-15;49;545;0;13314;4442;0;6.1;2.0;0.0
36;2021-02-16;114;403;0;13428;4845;0;6.2;2.2;0.0
36;2021-02-17;125;594;0;13553;5439;0;6.2;2.5;0.0
36;2021-02-18;178;576;0;13731;6015;0;6.3;2.8;0.0
36;2021-02-19;169;501;0;13900;6516;0;6.4;3.0;0.0
36;2021-02-20;83;226;0;13983;6742;0;6.4;3.1;0.0
36;2021-02-21;83;146;0;14066;6888;0;6.5;3.2;0.0
36;2021-02-22;162;447;0;14228;7335;0;6.6;3.4;0.0
36;2021-02-23;65;547;0;14293;7882;0;6.6;3.6;0.0
36;2021-02-24;123;656;0;14416;8538;0;6.6;3.9;0.0
36;2021-02-25;266;294;0;14682;8832;0;6.8;4.1;0.0
36;2021-02-26;341;414;0;15023;9246;0;6.9;4.3;0.0
36;2021-02-27;75;262;0;15098;9508;0;7.0;4.4;0.0
36;2021-02-28;13;89;0;15111;9597;0;7.0;4.4;0.0
36;2021-03-01;203;306;0;15314;9903;0;7.1;4.6;0.0
36;2021-03-02;346;342;0;15660;10245;0;7.2;4.7;0.0
36;2021-03-03;385;469;0;16045;10714;0;7.4;4.9;0.0
36;2021-03-04;652;346;0;16697;11060;0;7.7;5.1;0.0
36;2021-03-05;768;278;0;17465;11338;0;8.0;5.2;0.0
36;2021-03-06;403;18;0;17868;11356;0;8.2;5.2;0.0
36;2021-03-07;338;17;0;18206;11373;0;8.4;5.2;0.0
36;2021-03-08;272;265;0;18478;11638;0;8.5;5.4;0.0
36;2021-03-09;454;262;0;18932;11900;0;8.7;5.5;0.0
36;2021-03-10;699;389;0;19631;12289;0;9.0;5.7;0.0
36;2021-03-11;803;253;0;20434;12542;0;9.4;5.8;0.0
36;2021-03-12;1385;279;0;21819;12821;0;10.0;5.9;0.0
36;2021-03-13;554;131;0;22373;12952;0;10.3;6.0;0.0
36;2021-03-14;111;2;0;22484;12954;0;10.4;6.0;0.0
36;2021-03-15;644;159;0;23128;13113;0;10.7;6.0;0.0
36;2021-03-16;440;73;0;23568;13186;0;10.9;6.1;0.0
36;2021-03-17;750;98;0;24318;13284;0;11.2;6.1;0.0
36;2021-03-18;420;80;0;24738;13364;0;11.4;6.2;0.0
36;2021-03-19;714;48;0;25452;13412;0;11.7;6.2;0.0
36;2021-03-20;450;31;0;25902;13443;0;11.9;6.2;0.0
36;2021-03-21;2;0;0;25904;13443;0;11.9;6.2;0.0
36;2021-03-22;500;60;0;26404;13503;0;12.2;6.2;0.0
36;2021-03-23;732;69;0;27136;13572;0;12.5;6.3;0.0
36;2021-03-24;1059;83;0;28195;13655;0;13.0;6.3;0.0
36;2021-03-25;1313;99;0;29508;13754;0;13.6;6.3;0.0
36;2021-03-26;1401;163;0;30909;13917;0;14.2;6.4;0.0
36;2021-03-27;473;45;0;31382;13962;0;14.5;6.4;0.0
36;2021-03-28;68;56;0;31450;14018;0;14.5;6.5;0.0
36;2021-03-29;535;172;0;31985;14190;0;14.7;6.5;0.0
36;2021-03-30;614;256;0;32599;14446;0;15.0;6.7;0.0
36;2021-03-31;1197;167;0;33796;14613;0;15.6;6.7;0.0
36;2021-04-01;1101;420;0;34897;15033;0;16.1;6.9;0.0
36;2021-04-02;903;148;0;35800;15181;0;16.5;7.0;0.0
36;2021-04-03;265;206;0;36065;15387;0;16.6;7.1;0.0
36;2021-04-04;45;2;0;36110;15389;0;16.6;7.1;0.0
36;2021-04-05;16;45;0;36126;15434;0;16.6;7.1;0.0
36;2021-04-06;768;350;0;36894;15784;0;17.0;7.3;0.0
36;2021-04-07;1014;527;0;37908;16311;0;17.5;7.5;0.0
36;2021-04-08;1337;454;0;39245;16765;0;18.1;7.7;0.0
36;2021-04-09;1805;419;0;41050;17184;0;18.9;7.9;0.0
36;2021-04-10;614;227;0;41664;17411;0;19.2;8.0;0.0
36;2021-04-11;236;82;0;41900;17493;0;19.3;8.1;0.0
36;2021-04-12;831;549;0;42731;18042;0;19.7;8.3;0.0
36;2021-04-13;1116;510;0;43847;18552;0;20.2;8.5;0.0
36;2021-04-14;1501;832;0;45348;19384;0;20.9;8.9;0.0
36;2021-04-15;1538;483;0;46886;19867;0;21.6;9.1;0.0
36;2021-04-16;1443;451;0;48329;20318;0;22.3;9.4;0.0
36;2021-04-17;860;255;0;49189;20573;0;22.7;9.5;0.0
36;2021-04-18;345;8;0;49534;20581;0;22.8;9.5;0.0
36;2021-04-19;827;433;0;50361;21014;0;23.2;9.7;0.0
36;2021-04-20;1083;499;0;51444;21513;0;23.7;9.9;0.0
36;2021-04-21;1191;833;0;52635;22346;0;24.2;10.3;0.0
36;2021-04-22;1437;847;0;54072;23193;0;24.9;10.7;0.0
36;2021-04-23;1206;624;0;55278;23817;0;25.5;11.0;0.0
36;2021-04-24;661;380;0;55939;24197;0;25.8;11.1;0.0
36;2021-04-25;374;104;0;56313;24301;0;25.9;11.2;0.0
36;2021-04-26;1067;455;0;57380;24756;0;26.4;11.4;0.0
36;2021-04-27;1139;555;0;58519;25311;0;27.0;11.7;0.0
36;2021-04-28;1306;979;0;59825;26290;0;27.6;12.1;0.0
36;2021-04-29;1700;711;0;61525;27001;0;28.3;12.4;0.0
36;2021-04-30;1374;444;0;62899;27445;0;29.0;12.6;0.0
36;2021-05-01;692;61;0;63591;27506;0;29.3;12.7;0.0
36;2021-05-02;461;64;0;64052;27570;0;29.5;12.7;0.0
36;2021-05-03;1242;322;0;65294;27892;0;30.1;12.8;0.0
36;2021-05-04;753;773;0;66047;28665;0;30.4;13.2;0.0
36;2021-05-05;1221;1256;0;67268;29921;0;31.0;13.8;0.0
36;2021-05-06;1959;780;0;69227;30701;0;31.9;14.1;0.0
36;2021-05-07;1340;755;0;70567;31456;0;32.5;14.5;0.0
36;2021-05-08;344;123;0;70911;31579;0;32.7;14.5;0.0
36;2021-05-09;183;324;0;71094;31903;0;32.7;14.7;0.0
36;2021-05-10;1185;800;0;72279;32703;0;33.3;15.1;0.0
36;2021-05-11;1630;1192;0;73909;33895;0;34.0;15.6;0.0
36;2021-05-12;1691;1366;0;75600;35261;0;34.8;16.2;0.0
36;2021-05-13;592;307;0;76192;35568;0;35.1;16.4;0.0
36;2021-05-14;713;896;0;76905;36464;0;35.4;16.8;0.0
36;2021-05-15;651;584;0;77556;37048;0;35.7;17.1;0.0
36;2021-05-16;336;340;0;77892;37388;0;35.9;17.2;0.0
36;2021-05-17;678;905;0;78570;38293;0;36.2;17.6;0.0
36;2021-05-18;948;947;0;79518;39240;0;36.6;18.1;0.0
36;2021-05-19;1372;816;0;80890;40056;0;37.3;18.4;0.0
36;2021-05-20;1643;1075;0;82533;41131;0;38.0;18.9;0.0
36;2021-05-21;1229;963;0;83762;42094;0;38.6;19.4;0.0
36;2021-05-22;779;342;0;84541;42436;0;38.9;19.5;0.0
36;2021-05-23;428;287;0;84969;42723;0;39.1;19.7;0.0
36;2021-05-24;593;438;0;85562;43161;0;39.4;19.9;0.0
36;2021-05-25;1122;660;0;86684;43821;0;39.9;20.2;0.0
36;2021-05-26;1524;1045;0;88208;44866;0;40.6;20.7;0.0
36;2021-05-27;1520;945;0;89728;45811;0;41.3;21.1;0.0
36;2021-05-28;1012;1396;0;90740;47207;0;41.8;21.7;0.0
36;2021-05-29;778;516;0;91518;47723;0;42.1;22.0;0.0
36;2021-05-30;133;543;0;91651;48266;0;42.2;22.2;0.0
36;2021-05-31;1236;738;0;92887;49004;0;42.8;22.6;0.0
36;2021-06-01;1465;815;0;94352;49819;0;43.5;22.9;0.0
36;2021-06-02;2003;586;0;96355;50405;0;44.4;23.2;0.0
36;2021-06-03;1825;1152;0;98180;51557;0;45.2;23.7;0.0
36;2021-06-04;1765;1030;0;99945;52587;0;46.0;24.2;0.0
36;2021-06-05;827;681;0;100772;53268;0;46.4;24.5;0.0
36;2021-06-06;351;247;0;101123;53515;0;46.6;24.6;0.0
36;2021-06-07;1008;800;0;102131;54315;0;47.0;25.0;0.0
36;2021-06-08;983;913;0;103114;55228;0;47.5;25.4;0.0
36;2021-06-09;1613;956;0;104727;56184;0;48.2;25.9;0.0
36;2021-06-10;1491;1315;0;106218;57499;0;48.9;26.5;0.0
36;2021-06-11;1313;1393;0;107531;58892;0;49.5;27.1;0.0
36;2021-06-12;951;746;0;108482;59638;0;50.0;27.5;0.0
36;2021-06-13;334;270;0;108816;59908;0;50.1;27.6;0.0
36;2021-06-14;601;1201;0;109417;61109;0;50.4;28.1;0.0
36;2021-06-15;695;1149;0;110112;62258;0;50.7;28.7;0.0
36;2021-06-16;881;1412;0;110993;63670;0;51.1;29.3;0.0
36;2021-06-17;769;1805;0;111762;65475;0;51.5;30.2;0.0
36;2021-06-18;719;1788;0;112481;67263;0;51.8;31.0;0.0
36;2021-06-19;348;455;0;112829;67718;0;52.0;31.2;0.0
36;2021-06-20;234;318;0;113063;68036;0;52.1;31.3;0.0
36;2021-06-21;668;1379;0;113731;69415;0;52.4;32.0;0.0
36;2021-06-22;806;1541;0;114537;70956;0;52.7;32.7;0.0
36;2021-06-23;733;1708;0;115270;72664;0;53.1;33.5;0.0
36;2021-06-24;804;1489;0;116074;74153;0;53.5;34.2;0.0
36;2021-06-25;888;1215;0;116962;75368;0;53.9;34.7;0.0
36;2021-06-26;362;633;0;117324;76001;0;54.0;35.0;0.0
36;2021-06-27;107;272;0;117431;76273;0;54.1;35.1;0.0
36;2021-06-28;633;967;0;118064;77240;0;54.4;35.6;0.0
36;2021-06-29;653;1484;0;118717;78724;0;54.7;36.3;0.0
36;2021-06-30;780;2107;0;119497;80831;0;55.0;37.2;0.0
36;2021-07-01;389;1139;0;119886;81970;0;55.2;37.8;0.0
36;2021-07-02;736;1902;0;120622;83872;0;55.6;38.6;0.0
36;2021-07-03;438;1005;0;121060;84877;0;55.8;39.1;0.0
36;2021-07-04;188;339;0;121248;85216;0;55.8;39.2;0.0
36;2021-07-05;459;1417;0;121707;86633;0;56.1;39.9;0.0
36;2021-07-06;502;1295;0;122209;87928;0;56.3;40.5;0.0
36;2021-07-07;554;1851;0;122763;89779;0;56.5;41.3;0.0
36;2021-07-08;547;1735;0;123310;91514;0;56.8;42.1;0.0
36;2021-07-09;720;1659;0;124030;93173;0;57.1;42.9;0.0
36;2021-07-10;459;1189;0;124489;94362;0;57.3;43.5;0.0
36;2021-07-11;250;171;0;124739;94533;0;57.4;43.5;0.0
36;2021-07-12;326;1730;0;125065;96263;0;57.6;44.3;0.0
36;2021-07-13;318;1965;0;125383;98228;0;57.7;45.2;0.0
36;2021-07-14;379;764;0;125762;98992;0;57.9;45.6;0.0
36;2021-07-15;928;2084;0;126690;101076;0;58.3;46.5;0.0
36;2021-07-16;658;1873;0;127348;102949;0;58.6;47.4;0.0
36;2021-07-17;458;1001;0;127806;103950;0;58.9;47.9;0.0
36;2021-07-18;192;396;0;127998;104346;0;58.9;48.1;0.0
36;2021-07-19;641;1514;0;128639;105860;0;59.2;48.8;0.0
36;2021-07-20;863;1406;0;129502;107266;0;59.6;49.4;0.0
36;2021-07-21;897;1936;0;130399;109202;0;60.1;50.3;0.0
36;2021-07-22;1283;1568;0;131682;110770;0;60.6;51.0;0.0
36;2021-07-23;1060;1681;0;132742;112451;0;61.1;51.8;0.0
36;2021-07-24;686;850;0;133428;113301;0;61.4;52.2;0.0
36;2021-07-25;156;401;0;133584;113702;0;61.5;52.4;0.0
36;2021-07-26;1153;1074;0;134737;114776;0;62.1;52.9;0.0
36;2021-07-27;1057;1296;0;135794;116072;0;62.5;53.5;0.0
36;2021-07-28;1548;1374;0;137342;117446;0;63.3;54.1;0.0
36;2021-07-29;1779;1225;0;139121;118671;0;64.1;54.7;0.0
36;2021-07-30;1581;1293;0;140702;119964;0;64.8;55.2;0.0
36;2021-07-31;1009;572;0;141711;120536;0;65.3;55.5;0.0
36;2021-08-01;224;241;0;141935;120777;0;65.4;55.6;0.0
36;2021-08-02;1149;900;0;143084;121677;0;65.9;56.0;0.0
36;2021-08-03;1356;961;0;144440;122638;0;66.5;56.5;0.0
36;2021-08-04;1720;929;0;146160;123567;0;67.3;56.9;0.0
36;2021-08-05;1695;879;0;147855;124446;0;68.1;57.3;0.0
36;2021-08-06;1351;862;0;149206;125308;0;68.7;57.7;0.0
36;2021-08-07;567;553;0;149773;125861;0;69.0;58.0;0.0
36;2021-08-08;289;156;0;150062;126017;0;69.1;58.0;0.0
36;2021-08-09;843;829;0;150905;126846;0;69.5;58.4;0.0
36;2021-08-10;994;1013;0;151899;127859;0;70.0;58.9;0.0
36;2021-08-11;1291;894;0;153190;128753;0;70.5;59.3;0.0
36;2021-08-12;1093;940;0;154283;129693;0;71.1;59.7;0.0
36;2021-08-13;1126;803;0;155409;130496;0;71.6;60.1;0.0
36;2021-08-14;448;810;0;155857;131306;0;71.8;60.5;0.0
36;2021-08-15;343;97;0;156200;131403;0;71.9;60.5;0.0
36;2021-08-16;608;1023;0;156808;132426;0;72.2;61.0;0.0
36;2021-08-17;733;1152;0;157541;133578;0;72.6;61.5;0.0
36;2021-08-18;924;1211;0;158465;134789;0;73.0;62.1;0.0
36;2021-08-19;767;1219;0;159232;136008;0;73.3;62.6;0.0
36;2021-08-20;463;1523;0;159695;137531;0;73.5;63.3;0.0
36;2021-08-21;295;508;0;159990;138039;0;73.7;63.6;0.0
36;2021-08-22;32;73;0;160022;138112;0;73.7;63.6;0.0
36;2021-08-23;502;1272;0;160524;139384;0;73.9;64.2;0.0
36;2021-08-24;542;1258;0;161066;140642;0;74.2;64.8;0.0
36;2021-08-25;458;1148;0;161524;141790;0;74.4;65.3;0.0
36;2021-08-26;587;1507;0;162111;143297;0;74.7;66.0;0.0
36;2021-08-27;512;1430;0;162623;144727;0;74.9;66.7;0.0
36;2021-08-28;348;649;0;162971;145376;0;75.1;67.0;0.0
36;2021-08-29;209;254;0;163180;145630;0;75.2;67.1;0.0
36;2021-08-30;234;809;23;163414;146439;23;75.3;67.4;0.0
36;2021-08-31;362;889;88;163776;147328;111;75.4;67.8;0.1
36;2021-09-01;398;1015;151;164174;148343;262;75.6;68.3;0.1
36;2021-09-02;319;912;142;164493;149255;404;75.8;68.7;0.2
36;2021-09-03;300;1344;134;164793;150599;538;75.9;69.4;0.2
36;2021-09-04;235;800;85;165028;151399;623;76.0;69.7;0.3
36;2021-09-05;120;312;57;165148;151711;680;76.1;69.9;0.3
36;2021-09-06;169;837;179;165317;152548;859;76.1;70.3;0.4
36;2021-09-07;178;693;160;165495;153241;1019;76.2;70.6;0.5
36;2021-09-08;230;1010;177;165725;154251;1196;76.3;71.0;0.6
36;2021-09-09;266;792;185;165991;155043;1381;76.4;71.4;0.6
36;2021-09-10;284;954;182;166275;155997;1563;76.6;71.8;0.7
36;2021-09-11;143;742;41;166418;156739;1604;76.6;72.2;0.7
36;2021-09-12;81;187;45;166499;156926;1649;76.7;72.3;0.8
36;2021-09-13;178;522;169;166677;157448;1818;76.8;72.5;0.8
36;2021-09-14;169;432;385;166846;157880;2203;76.8;72.7;1.0
36;2021-09-15;286;536;352;167132;158416;2555;77.0;73.0;1.2
36;2021-09-16;236;620;269;167368;159036;2824;77.1;73.2;1.3
36;2021-09-17;261;558;150;167629;159594;2974;77.2;73.5;1.4
36;2021-09-18;117;409;90;167746;160003;3064;77.3;73.7;1.4
36;2021-09-19;35;197;22;167781;160200;3086;77.3;73.8;1.4
36;2021-09-20;130;294;273;167911;160494;3359;77.3;73.9;1.5
36;2021-09-21;133;307;238;168044;160801;3597;77.4;74.1;1.7
36;2021-09-22;112;602;296;168156;161403;3893;77.4;74.3;1.8
36;2021-09-23;131;412;364;168287;161815;4257;77.5;74.5;2.0
36;2021-09-24;118;470;319;168405;162285;4576;77.6;74.7;2.1
36;2021-09-25;112;491;130;168517;162776;4706;77.6;75.0;2.2
36;2021-09-26;19;305;55;168536;163081;4761;77.6;75.1;2.2
36;2021-09-27;63;231;192;168599;163312;4953;77.6;75.2;2.3
36;2021-09-28;69;216;221;168668;163528;5174;77.7;75.3;2.4
36;2021-09-29;97;364;287;168765;163892;5461;77.7;75.5;2.5
36;2021-09-30;98;241;371;168863;164133;5832;77.8;75.6;2.7
36;2021-10-01;170;296;282;169033;164429;6114;77.8;75.7;2.8
36;2021-10-02;50;189;133;169083;164618;6247;77.9;75.8;2.9
36;2021-10-03;4;21;8;169087;164639;6255;77.9;75.8;2.9
36;2021-10-04;59;203;356;169146;164842;6611;77.9;75.9;3.0
36;2021-10-05;116;149;328;169262;164991;6939;78.0;76.0;3.2
36;2021-10-06;109;291;294;169371;165282;7233;78.0;76.1;3.3
36;2021-10-07;84;189;268;169455;165471;7501;78.0;76.2;3.5
36;2021-10-08;129;277;483;169584;165748;7984;78.1;76.3;3.7
36;2021-10-09;86;203;188;169670;165951;8172;78.1;76.4;3.8
36;2021-10-10;5;12;17;169675;165963;8189;78.1;76.4;3.8
36;2021-10-11;80;133;251;169755;166096;8440;78.2;76.5;3.9
36;2021-10-12;65;94;341;169820;166190;8781;78.2;76.5;4.0
36;2021-10-13;130;248;513;169950;166438;9294;78.3;76.7;4.3
36;2021-10-14;55;73;360;170005;166511;9654;78.3;76.7;4.4
36;2021-10-15;104;230;431;170109;166741;10085;78.3;76.8;4.6
36;2021-10-16;90;149;182;170199;166890;10267;78.4;76.9;4.7
36;2021-10-17;4;7;13;170203;166897;10280;78.4;76.9;4.7
36;2021-10-18;38;114;193;170241;167011;10473;78.4;76.9;4.8
36;2021-10-19;20;54;139;170261;167065;10612;78.4;76.9;4.9
36;2021-10-20;121;178;513;170382;167243;11125;78.5;77.0;5.1
36;2021-10-21;44;194;304;170426;167437;11429;78.5;77.1;5.3
36;2021-10-22;99;205;414;170525;167642;11843;78.5;77.2;5.5
36;2021-10-23;39;52;198;170564;167694;12041;78.6;77.2;5.5
36;2021-10-24;50;53;60;170614;167747;12101;78.6;77.3;5.6
36;2021-10-25;64;64;312;170678;167811;12413;78.6;77.3;5.7
36;2021-10-26;42;48;244;170720;167859;12657;78.6;77.3;5.8
36;2021-10-27;99;125;475;170819;167984;13132;78.7;77.4;6.0
36;2021-10-28;49;79;457;170868;168063;13589;78.7;77.4;6.3
36;2021-10-29;60;89;237;170928;168152;13826;78.7;77.4;6.4
36;2021-10-30;60;140;321;170988;168292;14147;78.7;77.5;6.5
36;2021-10-31;7;6;4;170995;168298;14151;78.7;77.5;6.5
36;2021-11-01;0;2;2;170995;168300;14153;78.7;77.5;6.5
36;2021-11-02;48;99;313;171043;168399;14466;78.8;77.6;6.7
36;2021-11-03;44;64;335;171087;168463;14801;78.8;77.6;6.8
36;2021-11-04;79;100;587;171166;168563;15388;78.8;77.6;7.1
36;2021-11-05;65;110;570;171231;168673;15958;78.9;77.7;7.3
36;2021-11-06;79;131;443;171310;168804;16401;78.9;77.7;7.6
36;2021-11-07;0;6;13;171310;168810;16414;78.9;77.7;7.6
36;2021-11-08;32;57;435;171342;168867;16849;78.9;77.8;7.8
36;2021-11-09;37;55;441;171379;168922;17290;78.9;77.8;8.0
36;2021-11-10;84;103;634;171463;169025;17924;79.0;77.8;8.3
36;2021-11-11;0;3;27;171463;169028;17951;79.0;77.8;8.3
36;2021-11-12;34;76;456;171497;169104;18407;79.0;77.9;8.5
36;2021-11-13;58;88;488;171555;169192;18895;79.0;77.9;8.7
36;2021-11-14;2;9;26;171557;169201;18921;79.0;77.9;8.7
36;2021-11-15;32;68;598;171589;169269;19519;79.0;78.0;9.0
36;2021-11-16;58;84;802;171647;169353;20321;79.0;78.0;9.4
36;2021-11-17;90;78;782;171737;169431;21103;79.1;78.0;9.7
36;2021-11-18;36;61;569;171773;169492;21672;79.1;78.1;10.0
36;2021-11-19;67;89;972;171840;169581;22644;79.1;78.1;10.4
36;2021-11-20;28;41;372;171868;169622;23016;79.2;78.1;10.6
36;2021-11-21;35;28;213;171903;169650;23229;79.2;78.1;10.7
36;2021-11-22;28;33;529;171931;169683;23758;79.2;78.1;10.9
36;2021-11-23;44;46;822;171975;169729;24580;79.2;78.2;11.3
36;2021-11-24;93;77;1114;172068;169806;25694;79.2;78.2;11.8
36;2021-11-25;65;43;1066;172133;169849;26760;79.3;78.2;12.3
36;2021-11-26;77;81;1478;172210;169930;28238;79.3;78.3;13.0
36;2021-11-27;56;119;691;172266;170049;28929;79.3;78.3;13.3
36;2021-11-28;2;5;52;172268;170054;28981;79.3;78.3;13.3
36;2021-11-29;39;54;1024;172307;170108;30005;79.4;78.3;13.8
36;2021-11-30;54;43;1289;172361;170151;31294;79.4;78.4;14.4
36;2021-12-01;69;50;1613;172430;170201;32907;79.4;78.4;15.2
36;2021-12-02;92;41;2088;172522;170242;34995;79.5;78.4;16.1
36;2021-12-03;56;103;2155;172578;170345;37150;79.5;78.4;17.1
36;2021-12-04;45;31;898;172623;170376;38048;79.5;78.5;17.5
36;2021-12-05;18;27;322;172641;170403;38370;79.5;78.5;17.7
36;2021-12-06;34;33;1263;172675;170436;39633;79.5;78.5;18.3
36;2021-12-07;72;48;2097;172747;170484;41730;79.6;78.5;19.2
36;2021-12-08;62;68;2158;172809;170552;43888;79.6;78.5;20.2
36;2021-12-09;65;53;2861;172874;170605;46749;79.6;78.6;21.5
36;2021-12-10;90;72;2857;172964;170677;49606;79.7;78.6;22.8
36;2021-12-11;33;48;1037;172997;170725;50643;79.7;78.6;23.3
36;2021-12-12;6;6;442;173003;170731;51085;79.7;78.6;23.5
36;2021-12-13;27;84;1582;173030;170815;52667;79.7;78.7;24.3
36;2021-12-14;52;55;2594;173082;170870;55261;79.7;78.7;25.4
36;2021-12-15;68;83;2874;173150;170953;58135;79.7;78.7;26.8
36;2021-12-16;97;84;3220;173247;171037;61355;79.8;78.8;28.3
36;2021-12-17;68;96;3164;173315;171133;64519;79.8;78.8;29.7
36;2021-12-18;34;56;1330;173349;171189;65849;79.8;78.8;30.3
36;2021-12-19;20;28;504;173369;171217;66353;79.8;78.9;30.6
36;2021-12-20;56;44;1729;173425;171261;68082;79.9;78.9;31.4
36;2021-12-21;77;47;2392;173502;171308;70474;79.9;78.9;32.5
36;2021-12-22;89;80;2205;173591;171388;72679;79.9;78.9;33.5
37;2020-12-27;0;0;0;0;0;0;0.0;0.0;0.0
37;2020-12-28;16;0;0;16;0;0;0.0;0.0;0.0
37;2020-12-29;9;0;0;25;0;0;0.0;0.0;0.0
37;2020-12-30;0;0;0;25;0;0;0.0;0.0;0.0
37;2020-12-31;0;0;0;25;0;0;0.0;0.0;0.0
37;2021-01-01;0;0;0;25;0;0;0.0;0.0;0.0
37;2021-01-02;0;0;0;25;0;0;0.0;0.0;0.0
37;2021-01-03;0;0;0;25;0;0;0.0;0.0;0.0
37;2021-01-04;23;0;0;48;0;0;0.0;0.0;0.0
37;2021-01-05;44;0;0;92;0;0;0.0;0.0;0.0
37;2021-01-06;89;0;0;181;0;0;0.0;0.0;0.0
37;2021-01-07;128;1;0;309;1;0;0.1;0.0;0.0
37;2021-01-08;456;2;0;765;3;0;0.1;0.0;0.0
37;2021-01-09;80;2;0;845;5;0;0.1;0.0;0.0
37;2021-01-10;83;0;0;928;5;0;0.2;0.0;0.0
37;2021-01-11;290;0;0;1218;5;0;0.2;0.0;0.0
37;2021-01-12;660;6;0;1878;11;0;0.3;0.0;0.0
37;2021-01-13;539;1;0;2417;12;0;0.4;0.0;0.0
37;2021-01-14;534;3;0;2951;15;0;0.5;0.0;0.0
37;2021-01-15;636;2;0;3587;17;0;0.6;0.0;0.0
37;2021-01-16;291;2;0;3878;19;0;0.6;0.0;0.0
37;2021-01-17;245;1;0;4123;20;0;0.7;0.0;0.0
37;2021-01-18;752;11;0;4875;31;0;0.8;0.0;0.0
37;2021-01-19;1238;11;0;6113;42;0;1.0;0.0;0.0
37;2021-01-20;1051;5;0;7164;47;0;1.2;0.0;0.0
37;2021-01-21;903;0;0;8067;47;0;1.3;0.0;0.0
37;2021-01-22;789;1;0;8856;48;0;1.5;0.0;0.0
37;2021-01-23;178;0;0;9034;48;0;1.5;0.0;0.0
37;2021-01-24;14;0;0;9048;48;0;1.5;0.0;0.0
37;2021-01-25;560;19;0;9608;67;0;1.6;0.0;0.0
37;2021-01-26;1753;69;0;11361;136;0;1.9;0.0;0.0
37;2021-01-27;1439;77;0;12800;213;0;2.1;0.0;0.0
37;2021-01-28;1500;99;0;14300;312;0;2.4;0.1;0.0
37;2021-01-29;658;306;0;14958;618;0;2.5;0.1;0.0
37;2021-01-30;240;60;0;15198;678;0;2.5;0.1;0.0
37;2021-01-31;14;64;0;15212;742;0;2.5;0.1;0.0
37;2021-02-01;363;211;0;15575;953;0;2.6;0.2;0.0
37;2021-02-02;500;514;0;16075;1467;0;2.7;0.2;0.0
37;2021-02-03;655;361;0;16730;1828;0;2.8;0.3;0.0
37;2021-02-04;594;407;0;17324;2235;0;2.9;0.4;0.0
37;2021-02-05;466;462;0;17790;2697;0;2.9;0.4;0.0
37;2021-02-06;198;6;0;17988;2703;0;3.0;0.4;0.0
37;2021-02-07;24;1;0;18012;2704;0;3.0;0.4;0.0
37;2021-02-08;341;354;0;18353;3058;0;3.0;0.5;0.0
37;2021-02-09;610;728;0;18963;3786;0;3.1;0.6;0.0
37;2021-02-10;659;533;0;19622;4319;0;3.2;0.7;0.0
37;2021-02-11;654;598;0;20276;4917;0;3.3;0.8;0.0
37;2021-02-12;547;579;0;20823;5496;0;3.4;0.9;0.0
37;2021-02-13;152;200;0;20975;5696;0;3.5;0.9;0.0
37;2021-02-14;3;57;0;20978;5753;0;3.5;1.0;0.0
37;2021-02-15;415;496;0;21393;6249;0;3.5;1.0;0.0
37;2021-02-16;826;1391;0;22219;7640;0;3.7;1.3;0.0
37;2021-02-17;626;1311;0;22845;8951;0;3.8;1.5;0.0
37;2021-02-18;895;1386;0;23740;10337;0;3.9;1.7;0.0
37;2021-02-19;804;809;0;24544;11146;0;4.1;1.8;0.0
37;2021-02-20;234;216;0;24778;11362;0;4.1;1.9;0.0
37;2021-02-21;6;13;0;24784;11375;0;4.1;1.9;0.0
37;2021-02-22;329;614;0;25113;11989;0;4.1;2.0;0.0
37;2021-02-23;605;633;0;25718;12622;0;4.2;2.1;0.0
37;2021-02-24;552;645;0;26270;13267;0;4.3;2.2;0.0
37;2021-02-25;857;655;0;27127;13922;0;4.5;2.3;0.0
37;2021-02-26;1082;572;0;28209;14494;0;4.7;2.4;0.0
37;2021-02-27;569;196;0;28778;14690;0;4.8;2.4;0.0
37;2021-02-28;24;5;0;28802;14695;0;4.8;2.4;0.0
37;2021-03-01;601;378;0;29403;15073;0;4.9;2.5;0.0
37;2021-03-02;1083;558;0;30486;15631;0;5.0;2.6;0.0
37;2021-03-03;1002;575;0;31488;16206;0;5.2;2.7;0.0
37;2021-03-04;1574;529;0;33062;16735;0;5.5;2.8;0.0
37;2021-03-05;2149;590;0;35211;17325;0;5.8;2.9;0.0
37;2021-03-06;1204;223;0;36415;17548;0;6.0;2.9;0.0
37;2021-03-07;494;76;0;36909;17624;0;6.1;2.9;0.0
37;2021-03-08;679;420;0;37588;18044;0;6.2;3.0;0.0
37;2021-03-09;1623;702;0;39211;18746;0;6.5;3.1;0.0
37;2021-03-10;1606;754;0;40817;19500;0;6.7;3.2;0.0
37;2021-03-11;2096;722;0;42913;20222;0;7.1;3.3;0.0
37;2021-03-12;3239;530;0;46152;20752;0;7.6;3.4;0.0
37;2021-03-13;1945;193;0;48097;20945;0;7.9;3.5;0.0
37;2021-03-14;226;5;0;48323;20950;0;8.0;3.5;0.0
37;2021-03-15;1050;261;0;49373;21211;0;8.2;3.5;0.0
37;2021-03-16;1070;518;0;50443;21729;0;8.3;3.6;0.0
37;2021-03-17;981;285;0;51424;22014;0;8.5;3.6;0.0
37;2021-03-18;1067;522;0;52491;22536;0;8.7;3.7;0.0
37;2021-03-19;2252;342;0;54743;22878;0;9.0;3.8;0.0
37;2021-03-20;1333;143;0;56076;23021;0;9.3;3.8;0.0
37;2021-03-21;195;5;0;56271;23026;0;9.3;3.8;0.0
37;2021-03-22;1295;251;0;57566;23277;0;9.5;3.8;0.0
37;2021-03-23;2285;569;0;59851;23846;0;9.9;3.9;0.0
37;2021-03-24;2287;469;0;62138;24315;0;10.3;4.0;0.0
37;2021-03-25;3085;443;0;65223;24758;0;10.8;4.1;0.0
37;2021-03-26;3574;425;0;68797;25183;0;11.4;4.2;0.0
37;2021-03-27;1206;126;0;70003;25309;0;11.6;4.2;0.0
37;2021-03-28;145;15;0;70148;25324;0;11.6;4.2;0.0
37;2021-03-29;1626;362;0;71774;25686;0;11.9;4.2;0.0
37;2021-03-30;2570;667;0;74344;26353;0;12.3;4.4;0.0
37;2021-03-31;2136;506;0;76480;26859;0;12.6;4.4;0.0
37;2021-04-01;2642;991;0;79122;27850;0;13.1;4.6;0.0
37;2021-04-02;2844;697;0;81966;28547;0;13.5;4.7;0.0
37;2021-04-03;809;244;0;82775;28791;0;13.7;4.8;0.0
37;2021-04-04;107;14;0;82882;28805;0;13.7;4.8;0.0
37;2021-04-05;40;3;0;82922;28808;0;13.7;4.8;0.0
37;2021-04-06;2247;788;0;85169;29596;0;14.1;4.9;0.0
37;2021-04-07;3201;902;0;88370;30498;0;14.6;5.0;0.0
37;2021-04-08;3984;1011;0;92354;31509;0;15.3;5.2;0.0
37;2021-04-09;4523;999;0;96877;32508;0;16.0;5.4;0.0
37;2021-04-10;1341;460;0;98218;32968;0;16.2;5.4;0.0
37;2021-04-11;115;23;0;98333;32991;0;16.2;5.4;0.0
37;2021-04-12;2590;695;0;100923;33686;0;16.7;5.6;0.0
37;2021-04-13;4094;1224;0;105017;34910;0;17.3;5.8;0.0
37;2021-04-14;3076;931;0;108093;35841;0;17.9;5.9;0.0
37;2021-04-15;3779;1030;0;111872;36871;0;18.5;6.1;0.0
37;2021-04-16;4282;1236;0;116154;38107;0;19.2;6.3;0.0
37;2021-04-17;1177;253;0;117331;38360;0;19.4;6.3;0.0
37;2021-04-18;115;12;0;117446;38372;0;19.4;6.3;0.0
37;2021-04-19;2470;882;0;119916;39254;0;19.8;6.5;0.0
37;2021-04-20;3220;1377;0;123136;40631;0;20.3;6.7;0.0
37;2021-04-21;2972;1254;0;126108;41885;0;20.8;6.9;0.0
37;2021-04-22;3554;1520;0;129662;43405;0;21.4;7.2;0.0
37;2021-04-23;3717;1832;0;133379;45237;0;22.0;7.5;0.0
37;2021-04-24;1153;446;0;134532;45683;0;22.2;7.5;0.0
37;2021-04-25;173;11;0;134705;45694;0;22.3;7.5;0.0
37;2021-04-26;2983;1370;0;137688;47064;0;22.7;7.8;0.0
37;2021-04-27;4279;1874;0;141967;48938;0;23.5;8.1;0.0
37;2021-04-28;3626;1951;0;145593;50889;0;24.0;8.4;0.0
37;2021-04-29;4762;2042;0;150355;52931;0;24.8;8.7;0.0
37;2021-04-30;5028;2037;0;155383;54968;0;25.7;9.1;0.0
37;2021-05-01;647;200;0;156030;55168;0;25.8;9.1;0.0
37;2021-05-02;132;29;0;156162;55197;0;25.8;9.1;0.0
37;2021-05-03;2785;1915;0;158947;57112;0;26.3;9.4;0.0
37;2021-05-04;3772;2749;0;162719;59861;0;26.9;9.9;0.0
37;2021-05-05;3641;2117;0;166360;61978;0;27.5;10.2;0.0
37;2021-05-06;5044;2021;0;171404;63999;0;28.3;10.6;0.0
37;2021-05-07;4650;2846;0;176054;66845;0;29.1;11.0;0.0
37;2021-05-08;645;318;0;176699;67163;0;29.2;11.1;0.0
37;2021-05-09;144;67;0;176843;67230;0;29.2;11.1;0.0
37;2021-05-10;2354;3423;0;179197;70653;0;29.6;11.7;0.0
37;2021-05-11;4073;3945;0;183270;74598;0;30.3;12.3;0.0
37;2021-05-12;4326;2659;0;187596;77257;0;31.0;12.8;0.0
37;2021-05-13;1435;534;0;189031;77791;0;31.2;12.8;0.0
37;2021-05-14;4163;2627;0;193194;80418;0;31.9;13.3;0.0
37;2021-05-15;2549;782;0;195743;81200;0;32.3;13.4;0.0
37;2021-05-16;205;113;0;195948;81313;0;32.4;13.4;0.0
37;2021-05-17;3005;2045;0;198953;83358;0;32.9;13.8;0.0
37;2021-05-18;4172;2395;0;203125;85753;0;33.6;14.2;0.0
37;2021-05-19;3887;1870;0;207012;87623;0;34.2;14.5;0.0
37;2021-05-20;5098;1905;0;212110;89528;0;35.0;14.8;0.0
37;2021-05-21;4718;2582;0;216828;92110;0;35.8;15.2;0.0
37;2021-05-22;1375;748;0;218203;92858;0;36.0;15.3;0.0
37;2021-05-23;149;91;0;218352;92949;0;36.1;15.4;0.0
37;2021-05-24;890;121;0;219242;93070;0;36.2;15.4;0.0
37;2021-05-25;5176;2182;0;224418;95252;0;37.1;15.7;0.0
37;2021-05-26;5108;2187;0;229526;97439;0;37.9;16.1;0.0
37;2021-05-27;6094;2418;0;235620;99857;0;38.9;16.5;0.0
37;2021-05-28;6004;3268;0;241624;103125;0;39.9;17.0;0.0
37;2021-05-29;1744;1187;0;243368;104312;0;40.2;17.2;0.0
37;2021-05-30;131;169;0;243499;104481;0;40.2;17.3;0.0
37;2021-05-31;3726;2526;0;247225;107007;0;40.8;17.7;0.0
37;2021-06-01;5857;3542;0;253082;110549;0;41.8;18.3;0.0
37;2021-06-02;5219;2562;0;258301;113111;0;42.7;18.7;0.0
37;2021-06-03;6204;2959;0;264505;116070;0;43.7;19.2;0.0
37;2021-06-04;5634;4215;0;270139;120285;0;44.6;19.9;0.0
37;2021-06-05;2040;1434;0;272179;121719;0;45.0;20.1;0.0
37;2021-06-06;134;292;0;272313;122011;0;45.0;20.2;0.0
37;2021-06-07;3121;4166;0;275434;126177;0;45.5;20.8;0.0
37;2021-06-08;4191;4670;0;279625;130847;0;46.2;21.6;0.0
37;2021-06-09;3947;3775;0;283572;134622;0;46.8;22.2;0.0
37;2021-06-10;5174;3717;0;288746;138339;0;47.7;22.9;0.0
37;2021-06-11;4883;4843;0;293629;143182;0;48.5;23.7;0.0
37;2021-06-12;3543;1369;0;297172;144551;0;49.1;23.9;0.0
37;2021-06-13;84;297;0;297256;144848;0;49.1;23.9;0.0
37;2021-06-14;2625;4124;0;299881;148972;0;49.5;24.6;0.0
37;2021-06-15;3860;4796;0;303741;153768;0;50.2;25.4;0.0
37;2021-06-16;3235;3730;0;306976;157498;0;50.7;26.0;0.0
37;2021-06-17;3905;4557;0;310881;162055;0;51.4;26.8;0.0
37;2021-06-18;4474;5117;0;315355;167172;0;52.1;27.6;0.0
37;2021-06-19;2454;1248;0;317809;168420;0;52.5;27.8;0.0
37;2021-06-20;44;245;0;317853;168665;0;52.5;27.9;0.0
37;2021-06-21;2373;3945;0;320226;172610;0;52.9;28.5;0.0
37;2021-06-22;2876;5188;0;323102;177798;0;53.4;29.4;0.0
37;2021-06-23;2587;3958;0;325689;181756;0;53.8;30.0;0.0
37;2021-06-24;2792;3666;0;328481;185422;0;54.3;30.6;0.0
37;2021-06-25;3209;4947;0;331690;190369;0;54.8;31.4;0.0
37;2021-06-26;1204;3183;0;332894;193552;0;55.0;32.0;0.0
37;2021-06-27;51;236;0;332945;193788;0;55.0;32.0;0.0
37;2021-06-28;1688;4687;0;334633;198475;0;55.3;32.8;0.0
37;2021-06-29;1848;6418;0;336481;204893;0;55.6;33.8;0.0
37;2021-06-30;1880;4752;0;338361;209645;0;55.9;34.6;0.0
37;2021-07-01;2099;4949;0;340460;214594;0;56.2;35.4;0.0
37;2021-07-02;2655;5729;0;343115;220323;0;56.7;36.4;0.0
37;2021-07-03;887;2294;0;344002;222617;0;56.8;36.8;0.0
37;2021-07-04;30;184;0;344032;222801;0;56.8;36.8;0.0
37;2021-07-05;1598;5194;0;345630;227995;0;57.1;37.7;0.0
37;2021-07-06;1887;6756;0;347517;234751;0;57.4;38.8;0.0
37;2021-07-07;1831;5518;0;349348;240269;0;57.7;39.7;0.0
37;2021-07-08;2358;6690;0;351706;246959;0;58.1;40.8;0.0
37;2021-07-09;1987;7578;0;353693;254537;0;58.4;42.0;0.0
37;2021-07-10;1017;2788;0;354710;257325;0;58.6;42.5;0.0
37;2021-07-11;56;168;0;354766;257493;0;58.6;42.5;0.0
37;2021-07-12;1161;6010;0;355927;263503;0;58.8;43.5;0.0
37;2021-07-13;1704;7776;0;357631;271279;0;59.1;44.8;0.0
37;2021-07-14;623;601;0;358254;271880;0;59.2;44.9;0.0
37;2021-07-15;2622;7549;0;360876;279429;0;59.6;46.2;0.0
37;2021-07-16;2743;7696;0;363619;287125;0;60.1;47.4;0.0
37;2021-07-17;1242;2580;0;364861;289705;0;60.3;47.9;0.0
37;2021-07-18;144;147;0;365005;289852;0;60.3;47.9;0.0
37;2021-07-19;1750;6131;0;366755;295983;0;60.6;48.9;0.0
37;2021-07-20;2993;6961;0;369748;302944;0;61.1;50.0;0.0
37;2021-07-21;3088;5637;0;372836;308581;0;61.6;51.0;0.0
37;2021-07-22;4034;6352;0;376870;314933;0;62.3;52.0;0.0
37;2021-07-23;3854;6898;0;380724;321831;0;62.9;53.2;0.0
37;2021-07-24;1806;3179;0;382530;325010;0;63.2;53.7;0.0
37;2021-07-25;146;145;0;382676;325155;0;63.2;53.7;0.0
37;2021-07-26;3301;4294;0;385977;329449;0;63.8;54.4;0.0
37;2021-07-27;4289;4881;0;390266;334330;0;64.5;55.2;0.0
37;2021-07-28;4164;3679;0;394430;338009;0;65.2;55.8;0.0
37;2021-07-29;4992;4211;0;399422;342220;0;66.0;56.5;0.0
37;2021-07-30;5028;4805;0;404450;347025;0;66.8;57.3;0.0
37;2021-07-31;1944;1810;0;406394;348835;0;67.1;57.6;0.0
37;2021-08-01;120;72;0;406514;348907;0;67.2;57.6;0.0
37;2021-08-02;3360;3193;0;409874;352100;0;67.7;58.2;0.0
37;2021-08-03;5031;3069;0;414905;355169;0;68.5;58.7;0.0
37;2021-08-04;4506;1969;0;419411;357138;0;69.3;59.0;0.0
37;2021-08-05;4680;2582;0;424091;359720;0;70.1;59.4;0.0
37;2021-08-06;4607;3229;0;428698;362949;0;70.8;60.0;0.0
37;2021-08-07;1633;1113;0;430331;364062;0;71.1;60.1;0.0
37;2021-08-08;104;201;0;430435;364263;0;71.1;60.2;0.0
37;2021-08-09;2354;2148;0;432789;366411;0;71.5;60.5;0.0
37;2021-08-10;2974;2645;0;435763;369056;0;72.0;61.0;0.0
37;2021-08-11;2073;2199;0;437836;371255;0;72.3;61.3;0.0
37;2021-08-12;2408;2641;0;440244;373896;0;72.7;61.8;0.0
37;2021-08-13;2362;2792;0;442606;376688;0;73.1;62.2;0.0
37;2021-08-14;755;877;0;443361;377565;0;73.2;62.4;0.0
37;2021-08-15;42;101;0;443403;377666;0;73.2;62.4;0.0
37;2021-08-16;1466;3174;0;444869;380840;0;73.5;62.9;0.0
37;2021-08-17;1783;3868;0;446652;384708;0;73.8;63.5;0.0
37;2021-08-18;1414;3171;0;448066;387879;0;74.0;64.1;0.0
37;2021-08-19;1500;3664;0;449566;391543;0;74.3;64.7;0.0
37;2021-08-20;1557;4444;0;451123;395987;0;74.5;65.4;0.0
37;2021-08-21;646;1261;0;451769;397248;0;74.6;65.6;0.0
37;2021-08-22;25;100;0;451794;397348;0;74.6;65.6;0.0
37;2021-08-23;1259;3968;0;453053;401316;0;74.8;66.3;0.0
37;2021-08-24;1529;4725;0;454582;406041;0;75.1;67.1;0.0
37;2021-08-25;1032;4159;0;455614;410200;0;75.3;67.8;0.0
37;2021-08-26;1258;4256;0;456872;414456;0;75.5;68.5;0.0
37;2021-08-27;1389;5382;0;458261;419838;0;75.7;69.4;0.0
37;2021-08-28;413;1473;0;458674;421311;0;75.8;69.6;0.0
37;2021-08-29;11;57;0;458685;421368;0;75.8;69.6;0.0
37;2021-08-30;1042;3735;68;459727;425103;68;75.9;70.2;0.0
37;2021-08-31;1238;3641;123;460965;428744;191;76.1;70.8;0.0
37;2021-09-01;991;2501;196;461956;431245;387;76.3;71.2;0.1
37;2021-09-02;879;2403;288;462835;433648;675;76.5;71.6;0.1
37;2021-09-03;978;3321;390;463813;436969;1065;76.6;72.2;0.2
37;2021-09-04;657;1331;138;464470;438300;1203;76.7;72.4;0.2
37;2021-09-05;7;42;2;464477;438342;1205;76.7;72.4;0.2
37;2021-09-06;376;1134;218;464853;439476;1423;76.8;72.6;0.2
37;2021-09-07;515;1301;232;465368;440777;1655;76.9;72.8;0.3
37;2021-09-08;806;1815;229;466174;442592;1884;77.0;73.1;0.3
37;2021-09-09;543;1299;283;466717;443891;2167;77.1;73.3;0.4
37;2021-09-10;756;1547;310;467473;445438;2477;77.2;73.6;0.4
37;2021-09-11;385;1028;78;467858;446466;2555;77.3;73.7;0.4
37;2021-09-12;16;44;10;467874;446510;2565;77.3;73.8;0.4
37;2021-09-13;435;1077;373;468309;447587;2938;77.4;73.9;0.5
37;2021-09-14;500;1113;495;468809;448700;3433;77.4;74.1;0.6
37;2021-09-15;614;1450;573;469423;450150;4006;77.5;74.4;0.7
37;2021-09-16;360;815;574;469783;450965;4580;77.6;74.5;0.8
37;2021-09-17;594;1426;536;470377;452391;5116;77.7;74.7;0.8
37;2021-09-18;293;869;134;470670;453260;5250;77.7;74.9;0.9
37;2021-09-19;23;55;20;470693;453315;5270;77.8;74.9;0.9
37;2021-09-20;269;667;423;470962;453982;5693;77.8;75.0;0.9
37;2021-09-21;387;1218;915;471349;455200;6608;77.9;75.2;1.1
37;2021-09-22;393;1235;468;471742;456435;7076;77.9;75.4;1.2
37;2021-09-23;407;1009;556;472149;457444;7632;78.0;75.6;1.3
37;2021-09-24;476;1299;545;472625;458743;8177;78.1;75.8;1.4
37;2021-09-25;221;766;103;472846;459509;8280;78.1;75.9;1.4
37;2021-09-26;6;28;2;472852;459537;8282;78.1;75.9;1.4
37;2021-09-27;272;656;385;473124;460193;8667;78.2;76.0;1.4
37;2021-09-28;381;626;467;473505;460819;9134;78.2;76.1;1.5
37;2021-09-29;357;907;570;473862;461726;9704;78.3;76.3;1.6
37;2021-09-30;370;488;691;474232;462214;10395;78.3;76.4;1.7
37;2021-10-01;461;776;637;474693;462990;11032;78.4;76.5;1.8
37;2021-10-02;228;535;190;474921;463525;11222;78.5;76.6;1.9
37;2021-10-03;16;26;1;474937;463551;11223;78.5;76.6;1.9
37;2021-10-04;259;501;418;475196;464052;11641;78.5;76.7;1.9
37;2021-10-05;310;407;660;475506;464459;12301;78.5;76.7;2.0
37;2021-10-06;347;650;568;475853;465109;12869;78.6;76.8;2.1
37;2021-10-07;271;397;666;476124;465506;13535;78.6;76.9;2.2
37;2021-10-08;405;622;690;476529;466128;14225;78.7;77.0;2.3
37;2021-10-09;199;460;182;476728;466588;14407;78.7;77.1;2.4
37;2021-10-10;6;16;2;476734;466604;14409;78.7;77.1;2.4
37;2021-10-11;214;339;481;476948;466943;14890;78.8;77.1;2.5
37;2021-10-12;216;403;675;477164;467346;15565;78.8;77.2;2.6
37;2021-10-13;300;489;601;477464;467835;16166;78.9;77.3;2.7
37;2021-10-14;209;388;723;477673;468223;16889;78.9;77.3;2.8
37;2021-10-15;372;674;902;478045;468897;17791;79.0;77.5;2.9
37;2021-10-16;223;317;183;478268;469214;17974;79.0;77.5;3.0
37;2021-10-17;9;4;1;478277;469218;17975;79.0;77.5;3.0
37;2021-10-18;205;277;491;478482;469495;18466;79.0;77.6;3.1
37;2021-10-19;178;337;851;478660;469832;19317;79.1;77.6;3.2
37;2021-10-20;247;392;898;478907;470224;20215;79.1;77.7;3.3
37;2021-10-21;167;384;840;479074;470608;21055;79.1;77.7;3.5
37;2021-10-22;355;566;1139;479429;471174;22194;79.2;77.8;3.7
37;2021-10-23;127;186;266;479556;471360;22460;79.2;77.9;3.7
37;2021-10-24;7;12;4;479563;471372;22464;79.2;77.9;3.7
37;2021-10-25;180;230;689;479743;471602;23153;79.2;77.9;3.8
37;2021-10-26;163;240;773;479906;471842;23926;79.3;77.9;4.0
37;2021-10-27;221;406;1101;480127;472248;25027;79.3;78.0;4.1
37;2021-10-28;165;195;696;480292;472443;25723;79.3;78.0;4.2
37;2021-10-29;246;392;1171;480538;472835;26894;79.4;78.1;4.4
37;2021-10-30;97;134;282;480635;472969;27176;79.4;78.1;4.5
37;2021-10-31;3;9;1;480638;472978;27177;79.4;78.1;4.5
37;2021-11-01;11;8;10;480649;472986;27187;79.4;78.1;4.5
37;2021-11-02;215;342;1024;480864;473328;28211;79.4;78.2;4.7
37;2021-11-03;195;298;1206;481059;473626;29417;79.5;78.2;4.9
37;2021-11-04;124;199;1113;481183;473825;30530;79.5;78.3;5.0
37;2021-11-05;305;402;1569;481488;474227;32099;79.5;78.3;5.3
37;2021-11-06;120;203;502;481608;474430;32601;79.6;78.4;5.4
37;2021-11-07;0;11;11;481608;474441;32612;79.6;78.4;5.4
37;2021-11-08;140;234;1041;481748;474675;33653;79.6;78.4;5.6
37;2021-11-09;148;274;2418;481896;474949;36071;79.6;78.5;6.0
37;2021-11-10;211;316;1877;482107;475265;37948;79.6;78.5;6.3
37;2021-11-11;13;12;66;482120;475277;38014;79.6;78.5;6.3
37;2021-11-12;222;428;1844;482342;475705;39858;79.7;78.6;6.6
37;2021-11-13;61;124;501;482403;475829;40359;79.7;78.6;6.7
37;2021-11-14;4;11;5;482407;475840;40364;79.7;78.6;6.7
37;2021-11-15;105;206;1750;482512;476046;42114;79.7;78.6;7.0
37;2021-11-16;208;216;2704;482720;476262;44818;79.7;78.7;7.4
37;2021-11-17;240;256;2240;482960;476518;47058;79.8;78.7;7.8
37;2021-11-18;158;179;2095;483118;476697;49153;79.8;78.7;8.1
37;2021-11-19;303;352;3335;483421;477049;52488;79.9;78.8;8.7
37;2021-11-20;153;164;857;483574;477213;53345;79.9;78.8;8.8
37;2021-11-21;0;7;11;483574;477220;53356;79.9;78.8;8.8
37;2021-11-22;144;90;1567;483718;477310;54923;79.9;78.8;9.1
37;2021-11-23;209;187;2725;483927;477497;57648;79.9;78.9;9.5
37;2021-11-24;265;227;2294;484192;477724;59942;80.0;78.9;9.9
37;2021-11-25;137;155;2621;484329;477879;62563;80.0;78.9;10.3
37;2021-11-26;286;347;4638;484615;478226;67201;80.1;79.0;11.1
37;2021-11-27;123;142;1408;484738;478368;68609;80.1;79.0;11.3
37;2021-11-28;3;16;72;484741;478384;68681;80.1;79.0;11.3
37;2021-11-29;83;157;2937;484824;478541;71618;80.1;79.0;11.8
37;2021-11-30;191;158;4724;485015;478699;76342;80.1;79.1;12.6
37;2021-12-01;172;215;4835;485187;478914;81177;80.1;79.1;13.4
37;2021-12-02;109;118;5998;485296;479032;87175;80.2;79.1;14.4
37;2021-12-03;211;237;7420;485507;479269;94595;80.2;79.2;15.6
37;2021-12-04;68;90;3009;485575;479359;97604;80.2;79.2;16.1
37;2021-12-05;7;10;151;485582;479369;97755;80.2;79.2;16.1
37;2021-12-06;110;136;5093;485692;479505;102848;80.2;79.2;17.0
37;2021-12-07;152;211;7017;485844;479716;109865;80.3;79.2;18.1
37;2021-12-08;113;221;5774;485957;479937;115639;80.3;79.3;19.1
37;2021-12-09;146;166;7395;486103;480103;123034;80.3;79.3;20.3
37;2021-12-10;146;324;8486;486249;480427;131520;80.3;79.4;21.7
37;2021-12-11;91;141;4053;486340;480568;135573;80.3;79.4;22.4
37;2021-12-12;12;9;370;486352;480577;135943;80.3;79.4;22.5
37;2021-12-13;99;180;5632;486451;480757;141575;80.4;79.4;23.4
37;2021-12-14;199;251;8970;486650;481008;150545;80.4;79.5;24.9
37;2021-12-15;154;284;7144;486804;481292;157689;80.4;79.5;26.0
37;2021-12-16;192;206;8329;486996;481498;166018;80.4;79.5;27.4
37;2021-12-17;219;338;9333;487215;481836;175351;80.5;79.6;29.0
37;2021-12-18;135;129;4224;487350;481965;179575;80.5;79.6;29.7
37;2021-12-19;24;18;809;487374;481983;180384;80.5;79.6;29.8
37;2021-12-20;169;177;5835;487543;482160;186219;80.5;79.6;30.8
37;2021-12-21;260;241;7991;487803;482401;194210;80.6;79.7;32.1
37;2021-12-22;225;196;6224;488028;482597;200434;80.6;79.7;33.1
38;2020-12-27;1;0;0;1;0;0;0.0;0.0;0.0
38;2020-12-28;0;0;0;1;0;0;0.0;0.0;0.0
38;2020-12-29;0;0;0;1;0;0;0.0;0.0;0.0
38;2020-12-30;0;0;0;1;0;0;0.0;0.0;0.0
38;2020-12-31;5;0;0;6;0;0;0.0;0.0;0.0
38;2021-01-01;2;0;0;8;0;0;0.0;0.0;0.0
38;2021-01-02;0;0;0;8;0;0;0.0;0.0;0.0
38;2021-01-03;1;1;0;9;1;0;0.0;0.0;0.0
38;2021-01-04;156;0;0;165;1;0;0.0;0.0;0.0
38;2021-01-05;263;1;0;428;2;0;0.0;0.0;0.0
38;2021-01-06;384;0;0;812;2;0;0.1;0.0;0.0
38;2021-01-07;677;1;0;1489;3;0;0.1;0.0;0.0
38;2021-01-08;716;0;0;2205;3;0;0.2;0.0;0.0
38;2021-01-09;39;0;0;2244;3;0;0.2;0.0;0.0
38;2021-01-10;1;0;0;2245;3;0;0.2;0.0;0.0
38;2021-01-11;849;3;0;3094;6;0;0.2;0.0;0.0
38;2021-01-12;1498;4;0;4592;10;0;0.4;0.0;0.0
38;2021-01-13;1154;8;0;5746;18;0;0.5;0.0;0.0
38;2021-01-14;1723;16;0;7469;34;0;0.6;0.0;0.0
38;2021-01-15;1687;9;0;9156;43;0;0.7;0.0;0.0
38;2021-01-16;319;2;0;9475;45;0;0.7;0.0;0.0
38;2021-01-17;10;0;0;9485;45;0;0.7;0.0;0.0
38;2021-01-18;1228;7;0;10713;52;0;0.8;0.0;0.0
38;2021-01-19;2310;9;0;13023;61;0;1.0;0.0;0.0
38;2021-01-20;2044;11;0;15067;72;0;1.2;0.0;0.0
38;2021-01-21;1776;15;0;16843;87;0;1.3;0.0;0.0
38;2021-01-22;1492;9;0;18335;96;0;1.4;0.0;0.0
38;2021-01-23;487;4;0;18822;100;0;1.5;0.0;0.0
38;2021-01-24;11;0;0;18833;100;0;1.5;0.0;0.0
38;2021-01-25;906;102;0;19739;202;0;1.6;0.0;0.0
38;2021-01-26;993;181;0;20732;383;0;1.6;0.0;0.0
38;2021-01-27;1255;277;0;21987;660;0;1.7;0.1;0.0
38;2021-01-28;1388;484;0;23375;1144;0;1.8;0.1;0.0
38;2021-01-29;1070;380;0;24445;1524;0;1.9;0.1;0.0
38;2021-01-30;383;1;0;24828;1525;0;2.0;0.1;0.0
38;2021-01-31;12;0;0;24840;1525;0;2.0;0.1;0.0
38;2021-02-01;775;592;0;25615;2117;0;2.0;0.2;0.0
38;2021-02-02;1102;959;0;26717;3076;0;2.1;0.2;0.0
38;2021-02-03;1276;725;0;27993;3801;0;2.2;0.3;0.0
38;2021-02-04;1378;999;0;29371;4800;0;2.3;0.4;0.0
38;2021-02-05;1453;867;0;30824;5667;0;2.4;0.4;0.0
38;2021-02-06;251;97;0;31075;5764;0;2.5;0.5;0.0
38;2021-02-07;6;50;0;31081;5814;0;2.5;0.5;0.0
38;2021-02-08;917;886;0;31998;6700;0;2.5;0.5;0.0
38;2021-02-09;1652;1395;0;33650;8095;0;2.7;0.6;0.0
38;2021-02-10;1681;1361;0;35331;9456;0;2.8;0.7;0.0
38;2021-02-11;1905;1243;0;37236;10699;0;2.9;0.8;0.0
38;2021-02-12;1591;1185;0;38827;11884;0;3.1;0.9;0.0
38;2021-02-13;503;221;0;39330;12105;0;3.1;1.0;0.0
38;2021-02-14;7;12;0;39337;12117;0;3.1;1.0;0.0
38;2021-02-15;1021;990;0;40358;13107;0;3.2;1.0;0.0
38;2021-02-16;1385;1073;0;41743;14180;0;3.3;1.1;0.0
38;2021-02-17;1373;1203;0;43116;15383;0;3.4;1.2;0.0
38;2021-02-18;1777;1220;0;44893;16603;0;3.5;1.3;0.0
38;2021-02-19;1272;979;0;46165;17582;0;3.6;1.4;0.0
38;2021-02-20;485;383;0;46650;17965;0;3.7;1.4;0.0
38;2021-02-21;3;8;0;46653;17973;0;3.7;1.4;0.0
38;2021-02-22;1104;994;0;47757;18967;0;3.8;1.5;0.0
38;2021-02-23;1550;1088;0;49307;20055;0;3.9;1.6;0.0
38;2021-02-24;1718;1262;0;51025;21317;0;4.0;1.7;0.0
38;2021-02-25;2573;1205;0;53598;22522;0;4.2;1.8;0.0
38;2021-02-26;3392;1105;0;56990;23627;0;4.5;1.9;0.0
38;2021-02-27;1532;507;0;58522;24134;0;4.6;1.9;0.0
38;2021-02-28;28;15;0;58550;24149;0;4.6;1.9;0.0
38;2021-03-01;2472;873;0;61022;25022;0;4.8;2.0;0.0
38;2021-03-02;4030;1203;0;65052;26225;0;5.1;2.1;0.0
38;2021-03-03;3375;1365;0;68427;27590;0;5.4;2.2;0.0
38;2021-03-04;4534;1463;0;72961;29053;0;5.8;2.3;0.0
38;2021-03-05;5300;1319;0;78261;30372;0;6.2;2.4;0.0
38;2021-03-06;3177;297;0;81438;30669;0;6.4;2.4;0.0
38;2021-03-07;309;34;0;81747;30703;0;6.5;2.4;0.0
38;2021-03-08;2464;933;0;84211;31636;0;6.7;2.5;0.0
38;2021-03-09;4061;1370;0;88272;33006;0;7.0;2.6;0.0
38;2021-03-10;3602;1162;0;91874;34168;0;7.3;2.7;0.0
38;2021-03-11;5199;1641;0;97073;35809;0;7.7;2.8;0.0
38;2021-03-12;7278;1265;0;104351;37074;0;8.2;2.9;0.0
38;2021-03-13;3906;266;0;108257;37340;0;8.6;3.0;0.0
38;2021-03-14;617;22;0;108874;37362;0;8.6;3.0;0.0
38;2021-03-15;2783;1033;0;111657;38395;0;8.8;3.0;0.0
38;2021-03-16;2207;1384;0;113864;39779;0;9.0;3.1;0.0
38;2021-03-17;2127;1212;0;115991;40991;0;9.2;3.2;0.0
38;2021-03-18;2900;1405;0;118891;42396;0;9.4;3.4;0.0
38;2021-03-19;4269;1148;0;123160;43544;0;9.7;3.4;0.0
38;2021-03-20;1987;259;0;125147;43803;0;9.9;3.5;0.0
38;2021-03-21;248;21;0;125395;43824;0;9.9;3.5;0.0
38;2021-03-22;3075;995;0;128470;44819;0;10.2;3.5;0.0
38;2021-03-23;5036;1520;0;133506;46339;0;10.6;3.7;0.0
38;2021-03-24;3963;1588;0;137469;47927;0;10.9;3.8;0.0
38;2021-03-25;6153;1574;0;143622;49501;0;11.4;3.9;0.0
38;2021-03-26;6874;1763;0;150496;51264;0;11.9;4.1;0.0
38;2021-03-27;2660;778;0;153156;52042;0;12.1;4.1;0.0
38;2021-03-28;1025;46;0;154181;52088;0;12.2;4.1;0.0
38;2021-03-29;2907;1856;0;157088;53944;0;12.4;4.3;0.0
38;2021-03-30;4857;2575;0;161945;56519;0;12.8;4.5;0.0
38;2021-03-31;3971;2287;0;165916;58806;0;13.1;4.6;0.0
38;2021-04-01;5490;2605;0;171406;61411;0;13.6;4.9;0.0
38;2021-04-02;4265;2576;0;175671;63987;0;13.9;5.1;0.0
38;2021-04-03;1723;1087;0;177394;65074;0;14.0;5.1;0.0
38;2021-04-04;818;105;0;178212;65179;0;14.1;5.2;0.0
38;2021-04-05;2530;378;0;180742;65557;0;14.3;5.2;0.0
38;2021-04-06;4584;2475;0;185326;68032;0;14.7;5.4;0.0
38;2021-04-07;4618;2868;0;189944;70900;0;15.0;5.6;0.0
38;2021-04-08;5892;2787;0;195836;73687;0;15.5;5.8;0.0
38;2021-04-09;8650;2767;0;204486;76454;0;16.2;6.0;0.0
38;2021-04-10;3632;1609;0;208118;78063;0;16.5;6.2;0.0
38;2021-04-11;1128;198;0;209246;78261;0;16.5;6.2;0.0
38;2021-04-12;4333;2362;0;213579;80623;0;16.9;6.4;0.0
38;2021-04-13;6325;2617;0;219904;83240;0;17.4;6.6;0.0
38;2021-04-14;5354;2643;0;225258;85883;0;17.8;6.8;0.0
38;2021-04-15;6640;3079;0;231898;88962;0;18.3;7.0;0.0
38;2021-04-16;6386;2952;0;238284;91914;0;18.8;7.3;0.0
38;2021-04-17;2855;1133;0;241139;93047;0;19.1;7.4;0.0
38;2021-04-18;1438;159;0;242577;93206;0;19.2;7.4;0.0
38;2021-04-19;4324;3028;0;246901;96234;0;19.5;7.6;0.0
38;2021-04-20;5542;3158;0;252443;99392;0;20.0;7.9;0.0
38;2021-04-21;5139;3010;0;257582;102402;0;20.4;8.1;0.0
38;2021-04-22;5898;3085;0;263480;105487;0;20.8;8.3;0.0
38;2021-04-23;6264;3101;0;269744;108588;0;21.3;8.6;0.0
38;2021-04-24;2992;1502;0;272736;110090;0;21.6;8.7;0.0
38;2021-04-25;889;674;0;273625;110764;0;21.6;8.8;0.0
38;2021-04-26;4553;2678;0;278178;113442;0;22.0;9.0;0.0
38;2021-04-27;6068;3021;0;284246;116463;0;22.5;9.2;0.0
38;2021-04-28;6200;2800;0;290446;119263;0;23.0;9.4;0.0
38;2021-04-29;8241;3370;0;298687;122633;0;23.6;9.7;0.0
38;2021-04-30;7599;4241;0;306286;126874;0;24.2;10.0;0.0
38;2021-05-01;1981;275;0;308267;127149;0;24.4;10.1;0.0
38;2021-05-02;966;485;0;309233;127634;0;24.4;10.1;0.0
38;2021-05-03;5328;3994;0;314561;131628;0;24.9;10.4;0.0
38;2021-05-04;6305;5527;0;320866;137155;0;25.4;10.8;0.0
38;2021-05-05;6521;4789;0;327387;141944;0;25.9;11.2;0.0
38;2021-05-06;7285;5500;0;334672;147444;0;26.5;11.7;0.0
38;2021-05-07;7760;6596;0;342432;154040;0;27.1;12.2;0.0
38;2021-05-08;3913;837;0;346345;154877;0;27.4;12.2;0.0
38;2021-05-09;3271;2038;0;349616;156915;0;27.6;12.4;0.0
38;2021-05-10;6230;5493;0;355846;162408;0;28.1;12.8;0.0
38;2021-05-11;8536;6234;0;364382;168642;0;28.8;13.3;0.0
38;2021-05-12;9730;4935;0;374112;173577;0;29.6;13.7;0.0
38;2021-05-13;7588;1569;0;381700;175146;0;30.2;13.8;0.0
38;2021-05-14;10263;3651;0;391963;178797;0;31.0;14.1;0.0
38;2021-05-15;7410;1582;0;399373;180379;0;31.6;14.3;0.0
38;2021-05-16;6081;706;0;405454;181085;0;32.1;14.3;0.0
38;2021-05-17;8045;3228;0;413499;184313;0;32.7;14.6;0.0
38;2021-05-18;9360;4210;0;422859;188523;0;33.4;14.9;0.0
38;2021-05-19;8854;3576;0;431713;192099;0;34.1;15.2;0.0
38;2021-05-20;9455;4673;0;441168;196772;0;34.9;15.6;0.0
38;2021-05-21;10137;4733;0;451305;201505;0;35.7;15.9;0.0
38;2021-05-22;7497;1985;0;458802;203490;0;36.3;16.1;0.0
38;2021-05-23;5219;620;0;464021;204110;0;36.7;16.1;0.0
38;2021-05-24;7649;1672;0;471670;205782;0;37.3;16.3;0.0
38;2021-05-25;9394;5001;0;481064;210783;0;38.0;16.7;0.0
38;2021-05-26;8187;4990;0;489251;215773;0;38.7;17.1;0.0
38;2021-05-27;9350;5789;0;498601;221562;0;39.4;17.5;0.0
38;2021-05-28;9022;6728;0;507623;228290;0;40.1;18.0;0.0
38;2021-05-29;6012;3635;0;513635;231925;0;40.6;18.3;0.0
38;2021-05-30;2753;1743;0;516388;233668;0;40.8;18.5;0.0
38;2021-05-31;8076;5362;0;524464;239030;0;41.5;18.9;0.0
38;2021-06-01;7889;6557;0;532353;245587;0;42.1;19.4;0.0
38;2021-06-02;7323;5913;0;539676;251500;0;42.7;19.9;0.0
38;2021-06-03;7814;6968;0;547490;258468;0;43.3;20.4;0.0
38;2021-06-04;8380;7678;0;555870;266146;0;43.9;21.0;0.0
38;2021-06-05;6123;4168;0;561993;270314;0;44.4;21.4;0.0
38;2021-06-06;2762;1512;0;564755;271826;0;44.6;21.5;0.0
38;2021-06-07;5884;6980;0;570639;278806;0;45.1;22.0;0.0
38;2021-06-08;6341;7627;0;576980;286433;0;45.6;22.6;0.0
38;2021-06-09;5478;6555;0;582458;292988;0;46.0;23.2;0.0
38;2021-06-10;5837;6862;0;588295;299850;0;46.5;23.7;0.0
38;2021-06-11;6295;7928;0;594590;307778;0;47.0;24.3;0.0
38;2021-06-12;4294;3424;0;598884;311202;0;47.3;24.6;0.0
38;2021-06-13;1259;1358;0;600143;312560;0;47.4;24.7;0.0
38;2021-06-14;3893;7868;0;604036;320428;0;47.8;25.3;0.0
38;2021-06-15;5355;8406;0;609391;328834;0;48.2;26.0;0.0
38;2021-06-16;5302;7860;0;614693;336694;0;48.6;26.6;0.0
38;2021-06-17;4757;7564;0;619450;344258;0;49.0;27.2;0.0
38;2021-06-18;6200;9802;0;625650;354060;0;49.5;28.0;0.0
38;2021-06-19;3777;5644;0;629427;359704;0;49.8;28.4;0.0
38;2021-06-20;1194;2973;0;630621;362677;0;49.9;28.7;0.0
38;2021-06-21;3817;9028;0;634438;371705;0;50.2;29.4;0.0
38;2021-06-22;3740;10683;0;638178;382388;0;50.4;30.2;0.0
38;2021-06-23;3311;10181;0;641489;392569;0;50.7;31.0;0.0
38;2021-06-24;3554;9339;0;645043;401908;0;51.0;31.8;0.0
38;2021-06-25;3939;12009;0;648982;413917;0;51.3;32.7;0.0
38;2021-06-26;2284;8324;0;651266;422241;0;51.5;33.4;0.0
38;2021-06-27;1177;4715;0;652443;426956;0;51.6;33.8;0.0
38;2021-06-28;2706;10764;0;655149;437720;0;51.8;34.6;0.0
38;2021-06-29;3561;11124;0;658710;448844;0;52.1;35.5;0.0
38;2021-06-30;3890;10511;0;662600;459355;0;52.4;36.3;0.0
38;2021-07-01;3848;9260;0;666448;468615;0;52.7;37.0;0.0
38;2021-07-02;3953;11900;0;670401;480515;0;53.0;38.0;0.0
38;2021-07-03;2014;8763;0;672415;489278;0;53.2;38.7;0.0
38;2021-07-04;1321;3361;0;673736;492639;0;53.3;38.9;0.0
38;2021-07-05;3026;10699;0;676762;503338;0;53.5;39.8;0.0
38;2021-07-06;3535;10432;0;680297;513770;0;53.8;40.6;0.0
38;2021-07-07;3783;9665;0;684080;523435;0;54.1;41.4;0.0
38;2021-07-08;3736;8561;0;687816;531996;0;54.4;42.1;0.0
38;2021-07-09;4278;11000;0;692094;542996;0;54.7;42.9;0.0
38;2021-07-10;2558;8109;0;694652;551105;0;54.9;43.6;0.0
38;2021-07-11;1044;2280;0;695696;553385;0;55.0;43.7;0.0
38;2021-07-12;3586;10777;0;699282;564162;0;55.3;44.6;0.0
38;2021-07-13;6722;11269;0;706004;575431;0;55.8;45.5;0.0
38;2021-07-14;4622;3401;0;710626;578832;0;56.2;45.8;0.0
38;2021-07-15;8858;10194;0;719484;589026;0;56.9;46.6;0.0
38;2021-07-16;9153;10985;0;728637;600011;0;57.6;47.4;0.0
38;2021-07-17;5192;7742;0;733829;607753;0;58.0;48.0;0.0
38;2021-07-18;2794;2751;0;736623;610504;0;58.2;48.3;0.0
38;2021-07-19;6317;9421;0;742940;619925;0;58.7;49.0;0.0
38;2021-07-20;6827;8787;0;749767;628712;0;59.3;49.7;0.0
38;2021-07-21;8411;8531;0;758178;637243;0;59.9;50.4;0.0
38;2021-07-22;8236;7438;0;766414;644681;0;60.6;51.0;0.0
38;2021-07-23;9411;9371;0;775825;654052;0;61.3;51.7;0.0
38;2021-07-24;5933;5811;0;781758;659863;0;61.8;52.2;0.0
38;2021-07-25;2807;1893;0;784565;661756;0;62.0;52.3;0.0
38;2021-07-26;8086;7308;0;792651;669064;0;62.7;52.9;0.0
38;2021-07-27;8237;6475;0;800888;675539;0;63.3;53.4;0.0
38;2021-07-28;9141;5927;0;810029;681466;0;64.0;53.9;0.0
38;2021-07-29;8344;5152;0;818373;686618;0;64.7;54.3;0.0
38;2021-07-30;8246;6919;0;826619;693537;0;65.3;54.8;0.0
38;2021-07-31;4969;3885;0;831588;697422;0;65.7;55.1;0.0
38;2021-08-01;1564;1370;0;833152;698792;0;65.9;55.2;0.0
38;2021-08-02;5173;4870;0;838325;703662;0;66.3;55.6;0.0
38;2021-08-03;5473;5086;0;843798;708748;0;66.7;56.0;0.0
38;2021-08-04;5416;4715;0;849214;713463;0;67.1;56.4;0.0
38;2021-08-05;4407;4940;0;853621;718403;0;67.5;56.8;0.0
38;2021-08-06;4612;6370;0;858233;724773;0;67.8;57.3;0.0
38;2021-08-07;2847;3955;0;861080;728728;0;68.1;57.6;0.0
38;2021-08-08;966;2085;0;862046;730813;0;68.1;57.8;0.0
38;2021-08-09;3910;6227;0;865956;737040;0;68.5;58.3;0.0
38;2021-08-10;5007;6529;0;870963;743569;0;68.9;58.8;0.0
38;2021-08-11;4043;5399;0;875006;748968;0;69.2;59.2;0.0
38;2021-08-12;3696;5289;0;878702;754257;0;69.5;59.6;0.0
38;2021-08-13;4228;6440;0;882930;760697;0;69.8;60.1;0.0
38;2021-08-14;2078;4423;0;885008;765120;0;70.0;60.5;0.0
38;2021-08-15;547;1803;0;885555;766923;0;70.0;60.6;0.0
38;2021-08-16;3029;8259;0;888584;775182;0;70.2;61.3;0.0
38;2021-08-17;3432;6428;0;892016;781610;0;70.5;61.8;0.0
38;2021-08-18;3020;7607;0;895036;789217;0;70.8;62.4;0.0
38;2021-08-19;2788;5390;0;897824;794607;0;71.0;62.8;0.0
38;2021-08-20;2997;8537;0;900821;803144;0;71.2;63.5;0.0
38;2021-08-21;1261;5221;0;902082;808365;0;71.3;63.9;0.0
38;2021-08-22;518;1586;0;902600;809951;0;71.4;64.0;0.0
38;2021-08-23;2613;8034;0;905213;817985;0;71.6;64.7;0.0
38;2021-08-24;2767;6048;0;907980;824033;0;71.8;65.1;0.0
38;2021-08-25;2612;6463;0;910592;830496;0;72.0;65.7;0.0
38;2021-08-26;2332;4848;0;912924;835344;0;72.2;66.0;0.0
38;2021-08-27;2627;6579;0;915551;841923;0;72.4;66.6;0.0
38;2021-08-28;1436;4257;0;916987;846180;0;72.5;66.9;0.0
38;2021-08-29;428;1447;0;917415;847627;0;72.5;67.0;0.0
38;2021-08-30;2327;6111;109;919742;853738;109;72.7;67.5;0.0
38;2021-08-31;2339;5042;162;922081;858780;271;72.9;67.9;0.0
38;2021-09-01;2530;4381;362;924611;863161;633;73.1;68.2;0.1
38;2021-09-02;1789;3434;415;926400;866595;1048;73.2;68.5;0.1
38;2021-09-03;2051;4974;511;928451;871569;1559;73.4;68.9;0.1
38;2021-09-04;1241;3195;185;929692;874764;1744;73.5;69.2;0.1
38;2021-09-05;394;786;66;930086;875550;1810;73.5;69.2;0.1
38;2021-09-06;1261;3036;494;931347;878586;2304;73.6;69.5;0.2
38;2021-09-07;1360;2996;607;932707;881582;2911;73.7;69.7;0.2
38;2021-09-08;1803;3380;460;934510;884962;3371;73.9;70.0;0.3
38;2021-09-09;1136;2185;424;935646;887147;3795;74.0;70.1;0.3
38;2021-09-10;1647;3364;696;937293;890511;4491;74.1;70.4;0.4
38;2021-09-11;1099;2433;142;938392;892944;4633;74.2;70.6;0.4
38;2021-09-12;217;555;27;938609;893499;4660;74.2;70.6;0.4
38;2021-09-13;963;2275;757;939572;895774;5417;74.3;70.8;0.4
38;2021-09-14;1003;2124;897;940575;897898;6314;74.4;71.0;0.5
38;2021-09-15;1332;2809;808;941907;900707;7122;74.5;71.2;0.6
38;2021-09-16;764;1683;769;942671;902390;7891;74.5;71.3;0.6
38;2021-09-17;938;2636;792;943609;905026;8683;74.6;71.5;0.7
38;2021-09-18;763;2287;200;944372;907313;8883;74.7;71.7;0.7
38;2021-09-19;116;418;30;944488;907731;8913;74.7;71.8;0.7
38;2021-09-20;609;1741;964;945097;909472;9877;74.7;71.9;0.8
38;2021-09-21;527;1520;1061;945624;910992;10938;74.8;72.0;0.9
38;2021-09-22;729;2713;876;946353;913705;11814;74.8;72.2;0.9
38;2021-09-23;478;1462;1004;946831;915167;12818;74.8;72.3;1.0
38;2021-09-24;777;2281;1007;947608;917448;13825;74.9;72.5;1.1
38;2021-09-25;517;1932;205;948125;919380;14030;75.0;72.7;1.1
38;2021-09-26;100;392;22;948225;919772;14052;75.0;72.7;1.1
38;2021-09-27;432;1223;786;948657;920995;14838;75.0;72.8;1.2
38;2021-09-28;535;1204;972;949192;922199;15810;75.0;72.9;1.2
38;2021-09-29;687;1984;1101;949879;924183;16911;75.1;73.1;1.3
38;2021-09-30;459;912;945;950338;925095;17856;75.1;73.1;1.4
38;2021-10-01;877;1556;1047;951215;926651;18903;75.2;73.3;1.5
38;2021-10-02;519;1232;310;951734;927883;19213;75.2;73.4;1.5
38;2021-10-03;83;208;19;951817;928091;19232;75.2;73.4;1.5
38;2021-10-04;585;1011;1234;952402;929102;20466;75.3;73.4;1.6
38;2021-10-05;463;953;1293;952865;930055;21759;75.3;73.5;1.7
38;2021-10-06;663;1364;1217;953528;931419;22976;75.4;73.6;1.8
38;2021-10-07;435;873;1175;953963;932292;24151;75.4;73.7;1.9
38;2021-10-08;747;1365;1557;954710;933657;25708;75.5;73.8;2.0
38;2021-10-09;513;890;365;955223;934547;26073;75.5;73.9;2.1
38;2021-10-10;43;118;61;955266;934665;26134;75.5;73.9;2.1
38;2021-10-11;382;845;1357;955648;935510;27491;75.5;74.0;2.2
38;2021-10-12;495;698;1305;956143;936208;28796;75.6;74.0;2.3
38;2021-10-13;580;1045;1720;956723;937253;30516;75.6;74.1;2.4
38;2021-10-14;409;617;1533;957132;937870;32049;75.7;74.1;2.5
38;2021-10-15;621;1105;1959;957753;938975;34008;75.7;74.2;2.7
38;2021-10-16;447;688;436;958200;939663;34444;75.7;74.3;2.7
38;2021-10-17;12;46;13;958212;939709;34457;75.7;74.3;2.7
38;2021-10-18;408;597;1330;958620;940306;35787;75.8;74.3;2.8
38;2021-10-19;232;520;1605;958852;940826;37392;75.8;74.4;3.0
38;2021-10-20;362;710;1997;959214;941536;39389;75.8;74.4;3.1
38;2021-10-21;189;387;1374;959403;941923;40763;75.8;74.5;3.2
38;2021-10-22;365;773;2234;959768;942696;42997;75.9;74.5;3.4
38;2021-10-23;257;554;599;960025;943250;43596;75.9;74.6;3.4
38;2021-10-24;29;86;64;960054;943336;43660;75.9;74.6;3.5
38;2021-10-25;253;495;1696;960307;943831;45356;75.9;74.6;3.6
38;2021-10-26;213;402;1889;960520;944233;47245;75.9;74.6;3.7
38;2021-10-27;274;624;2047;960794;944857;49292;76.0;74.7;3.9
38;2021-10-28;200;387;1685;960994;945244;50977;76.0;74.7;4.0
38;2021-10-29;279;712;2265;961273;945956;53242;76.0;74.8;4.2
38;2021-10-30;128;444;709;961401;946400;53951;76.0;74.8;4.3
38;2021-10-31;10;27;18;961411;946427;53969;76.0;74.8;4.3
38;2021-11-01;70;46;43;961481;946473;54012;76.0;74.8;4.3
38;2021-11-02;277;567;2041;961758;947040;56053;76.0;74.9;4.4
38;2021-11-03;258;503;2553;962016;947543;58606;76.0;74.9;4.6
38;2021-11-04;232;410;1999;962248;947953;60605;76.1;74.9;4.8
38;2021-11-05;303;569;2761;962551;948522;63366;76.1;75.0;5.0
38;2021-11-06;210;438;1029;962761;948960;64395;76.1;75.0;5.1
38;2021-11-07;6;14;53;962767;948974;64448;76.1;75.0;5.1
38;2021-11-08;172;359;2298;962939;949333;66746;76.1;75.0;5.3
38;2021-11-09;207;419;3437;963146;949752;70183;76.1;75.1;5.5
38;2021-11-10;324;558;4043;963470;950310;74226;76.2;75.1;5.9
38;2021-11-11;15;48;120;963485;950358;74346;76.2;75.1;5.9
38;2021-11-12;292;440;3810;963777;950798;78156;76.2;75.2;6.2
38;2021-11-13;204;254;1193;963981;951052;79349;76.2;75.2;6.3
38;2021-11-14;9;18;78;963990;951070;79427;76.2;75.2;6.3
38;2021-11-15;163;274;3067;964153;951344;82494;76.2;75.2;6.5
38;2021-11-16;176;285;3942;964329;951629;86436;76.2;75.2;6.8
38;2021-11-17;324;396;3941;964653;952025;90377;76.3;75.3;7.1
38;2021-11-18;214;301;3373;964867;952326;93750;76.3;75.3;7.4
38;2021-11-19;261;386;4951;965128;952712;98701;76.3;75.3;7.8
38;2021-11-20;216;308;1495;965344;953020;100196;76.3;75.3;7.9
38;2021-11-21;15;24;183;965359;953044;100379;76.3;75.3;7.9
38;2021-11-22;193;171;3339;965552;953215;103718;76.3;75.4;8.2
38;2021-11-23;230;238;4565;965782;953453;108283;76.3;75.4;8.6
38;2021-11-24;307;425;4672;966089;953878;112955;76.4;75.4;8.9
38;2021-11-25;211;243;5032;966300;954121;117987;76.4;75.4;9.3
38;2021-11-26;278;352;7720;966578;954473;125707;76.4;75.5;9.9
38;2021-11-27;273;276;3862;966851;954749;129569;76.4;75.5;10.2
38;2021-11-28;15;25;309;966866;954774;129878;76.4;75.5;10.3
38;2021-11-29;140;201;6585;967006;954975;136463;76.4;75.5;10.8
38;2021-11-30;196;272;9356;967202;955247;145819;76.5;75.5;11.5
38;2021-12-01;226;380;8885;967428;955627;154704;76.5;75.5;12.2
38;2021-12-02;164;208;9823;967592;955835;164527;76.5;75.6;13.0
38;2021-12-03;210;399;11526;967802;956234;176053;76.5;75.6;13.9
38;2021-12-04;166;258;5957;967968;956492;182010;76.5;75.6;14.4
38;2021-12-05;50;50;2044;968018;956542;184054;76.5;75.6;14.5
38;2021-12-06;135;223;9514;968153;956765;193568;76.5;75.6;15.3
38;2021-12-07;178;263;12075;968331;957028;205643;76.5;75.7;16.3
38;2021-12-08;272;386;10671;968603;957414;216314;76.6;75.7;17.1
38;2021-12-09;165;275;12430;968768;957689;228744;76.6;75.7;18.1
38;2021-12-10;260;356;15066;969028;958045;243810;76.6;75.7;19.3
38;2021-12-11;231;330;9948;969259;958375;253758;76.6;75.8;20.1
38;2021-12-12;58;50;4009;969317;958425;257767;76.6;75.8;20.4
38;2021-12-13;191;256;13098;969508;958681;270865;76.6;75.8;21.4
38;2021-12-14;259;285;16277;969767;958966;287142;76.7;75.8;22.7
38;2021-12-15;273;361;15043;970040;959327;302185;76.7;75.8;23.9
38;2021-12-16;299;329;16023;970339;959656;318208;76.7;75.9;25.2
38;2021-12-17;323;361;16942;970662;960017;335150;76.7;75.9;26.5
38;2021-12-18;267;346;10838;970929;960363;345988;76.8;75.9;27.4
38;2021-12-19;107;64;4386;971036;960427;350374;76.8;75.9;27.7
38;2021-12-20;295;325;13682;971331;960752;364056;76.8;76.0;28.8
38;2021-12-21;380;353;14375;971711;961105;378431;76.8;76.0;29.9
38;2021-12-22;350;331;12310;972061;961436;390741;76.8;76.0;30.9
39;2020-12-27;0;0;0;0;0;0;0.0;0.0;0.0
39;2020-12-28;0;0;0;0;0;0;0.0;0.0;0.0
39;2020-12-29;0;0;0;0;0;0;0.0;0.0;0.0
39;2020-12-30;0;0;0;0;0;0;0.0;0.0;0.0
39;2020-12-31;0;0;0;0;0;0;0.0;0.0;0.0
39;2021-01-01;1;0;0;1;0;0;0.0;0.0;0.0
39;2021-01-02;0;0;0;1;0;0;0.0;0.0;0.0
39;2021-01-03;0;0;0;1;0;0;0.0;0.0;0.0
39;2021-01-04;2;0;0;3;0;0;0.0;0.0;0.0
39;2021-01-05;3;0;0;6;0;0;0.0;0.0;0.0
39;2021-01-06;48;3;0;54;3;0;0.0;0.0;0.0
39;2021-01-07;332;2;0;386;5;0;0.1;0.0;0.0
39;2021-01-08;611;2;0;997;7;0;0.4;0.0;0.0
39;2021-01-09;170;0;0;1167;7;0;0.5;0.0;0.0
39;2021-01-10;1;0;0;1168;7;0;0.5;0.0;0.0
39;2021-01-11;448;1;0;1616;8;0;0.6;0.0;0.0
39;2021-01-12;433;1;0;2049;9;0;0.8;0.0;0.0
39;2021-01-13;409;2;0;2458;11;0;1.0;0.0;0.0
39;2021-01-14;571;3;0;3029;14;0;1.2;0.0;0.0
39;2021-01-15;454;2;0;3483;16;0;1.4;0.0;0.0
39;2021-01-16;138;0;0;3621;16;0;1.4;0.0;0.0
39;2021-01-17;4;1;0;3625;17;0;1.4;0.0;0.0
39;2021-01-18;894;7;0;4519;24;0;1.8;0.0;0.0
39;2021-01-19;1127;9;0;5646;33;0;2.2;0.0;0.0
39;2021-01-20;885;5;0;6531;38;0;2.5;0.0;0.0
39;2021-01-21;1176;3;0;7707;41;0;3.0;0.0;0.0
39;2021-01-22;954;3;0;8661;44;0;3.4;0.0;0.0
39;2021-01-23;368;1;0;9029;45;0;3.5;0.0;0.0
39;2021-01-24;0;0;0;9029;45;0;3.5;0.0;0.0
39;2021-01-25;634;2;0;9663;47;0;3.7;0.0;0.0
39;2021-01-26;1030;15;0;10693;62;0;4.1;0.0;0.0
39;2021-01-27;845;20;0;11538;82;0;4.5;0.0;0.0
39;2021-01-28;679;231;0;12217;313;0;4.7;0.1;0.0
39;2021-01-29;522;391;0;12739;704;0;4.9;0.3;0.0
39;2021-01-30;236;105;0;12975;809;0;5.0;0.3;0.0
39;2021-01-31;1;0;0;12976;809;0;5.0;0.3;0.0
39;2021-02-01;534;254;0;13510;1063;0;5.2;0.4;0.0
39;2021-02-02;716;314;0;14226;1377;0;5.5;0.5;0.0
39;2021-02-03;468;493;0;14694;1870;0;5.7;0.7;0.0
39;2021-02-04;505;437;0;15199;2307;0;5.9;0.9;0.0
39;2021-02-05;413;414;0;15612;2721;0;6.1;1.1;0.0
39;2021-02-06;233;105;0;15845;2826;0;6.1;1.1;0.0
39;2021-02-07;0;2;0;15845;2828;0;6.1;1.1;0.0
39;2021-02-08;307;362;0;16152;3190;0;6.3;1.2;0.0
39;2021-02-09;314;452;0;16466;3642;0;6.4;1.4;0.0
39;2021-02-10;244;339;0;16710;3981;0;6.5;1.5;0.0
39;2021-02-11;545;503;0;17255;4484;0;6.7;1.7;0.0
39;2021-02-12;346;398;0;17601;4882;0;6.8;1.9;0.0
39;2021-02-13;99;65;0;17700;4947;0;6.9;1.9;0.0
39;2021-02-14;1;1;0;17701;4948;0;6.9;1.9;0.0
39;2021-02-15;101;741;0;17802;5689;0;6.9;2.2;0.0
39;2021-02-16;108;877;0;17910;6566;0;6.9;2.5;0.0
39;2021-02-17;59;668;0;17969;7234;0;7.0;2.8;0.0
39;2021-02-18;107;831;0;18076;8065;0;7.0;3.1;0.0
39;2021-02-19;58;484;0;18134;8549;0;7.0;3.3;0.0
39;2021-02-20;20;353;0;18154;8902;0;7.0;3.5;0.0
39;2021-02-21;0;1;0;18154;8903;0;7.0;3.5;0.0
39;2021-02-22;97;676;0;18251;9579;0;7.1;3.7;0.0
39;2021-02-23;19;686;0;18270;10265;0;7.1;4.0;0.0
39;2021-02-24;115;773;0;18385;11038;0;7.1;4.3;0.0
39;2021-02-25;213;700;0;18598;11738;0;7.2;4.6;0.0
39;2021-02-26;202;432;0;18800;12170;0;7.3;4.7;0.0
39;2021-02-27;167;267;0;18967;12437;0;7.4;4.8;0.0
39;2021-02-28;4;0;0;18971;12437;0;7.4;4.8;0.0
39;2021-03-01;258;616;0;19229;13053;0;7.5;5.1;0.0
39;2021-03-02;344;774;0;19573;13827;0;7.6;5.4;0.0
39;2021-03-03;570;475;0;20143;14302;0;7.8;5.5;0.0
39;2021-03-04;638;452;0;20781;14754;0;8.1;5.7;0.0
39;2021-03-05;636;323;0;21417;15077;0;8.3;5.8;0.0
39;2021-03-06;727;217;0;22144;15294;0;8.6;5.9;0.0
39;2021-03-07;200;69;0;22344;15363;0;8.7;6.0;0.0
39;2021-03-08;277;421;0;22621;15784;0;8.8;6.1;0.0
39;2021-03-09;771;418;0;23392;16202;0;9.1;6.3;0.0
39;2021-03-10;930;285;0;24322;16487;0;9.4;6.4;0.0
39;2021-03-11;758;445;0;25080;16932;0;9.7;6.6;0.0
39;2021-03-12;764;281;0;25844;17213;0;10.0;6.7;0.0
39;2021-03-13;746;95;0;26590;17308;0;10.3;6.7;0.0
39;2021-03-14;45;8;0;26635;17316;0;10.3;6.7;0.0
39;2021-03-15;454;114;0;27089;17430;0;10.5;6.8;0.0
39;2021-03-16;492;53;0;27581;17483;0;10.7;6.8;0.0
39;2021-03-17;572;71;0;28153;17554;0;10.9;6.8;0.0
39;2021-03-18;590;73;0;28743;17627;0;11.1;6.8;0.0
39;2021-03-19;424;80;0;29167;17707;0;11.3;6.9;0.0
39;2021-03-20;335;22;0;29502;17729;0;11.4;6.9;0.0
39;2021-03-21;9;1;0;29511;17730;0;11.4;6.9;0.0
39;2021-03-22;734;121;0;30245;17851;0;11.7;6.9;0.0
39;2021-03-23;1071;63;0;31316;17914;0;12.1;6.9;0.0
39;2021-03-24;1124;103;0;32440;18017;0;12.6;7.0;0.0
39;2021-03-25;1960;140;0;34400;18157;0;13.3;7.0;0.0
39;2021-03-26;828;127;0;35228;18284;0;13.7;7.1;0.0
39;2021-03-27;358;11;0;35586;18295;0;13.8;7.1;0.0
39;2021-03-28;37;4;0;35623;18299;0;13.8;7.1;0.0
39;2021-03-29;1010;195;0;36633;18494;0;14.2;7.2;0.0
39;2021-03-30;1341;278;0;37974;18772;0;14.7;7.3;0.0
39;2021-03-31;669;459;0;38643;19231;0;15.0;7.5;0.0
39;2021-04-01;1171;292;0;39814;19523;0;15.4;7.6;0.0
39;2021-04-02;636;139;0;40450;19662;0;15.7;7.6;0.0
39;2021-04-03;202;13;0;40652;19675;0;15.8;7.6;0.0
39;2021-04-04;4;2;0;40656;19677;0;15.8;7.6;0.0
39;2021-04-05;14;2;0;40670;19679;0;15.8;7.6;0.0
39;2021-04-06;813;579;0;41483;20258;0;16.1;7.9;0.0
39;2021-04-07;1069;614;0;42552;20872;0;16.5;8.1;0.0
39;2021-04-08;1655;517;0;44207;21389;0;17.1;8.3;0.0
39;2021-04-09;1641;299;0;45848;21688;0;17.8;8.4;0.0
39;2021-04-10;366;155;0;46214;21843;0;17.9;8.5;0.0
39;2021-04-11;10;1;0;46224;21844;0;17.9;8.5;0.0
39;2021-04-12;677;345;0;46901;22189;0;18.2;8.6;0.0
39;2021-04-13;1167;527;0;48068;22716;0;18.6;8.8;0.0
39;2021-04-14;796;592;0;48864;23308;0;19.0;9.0;0.0
39;2021-04-15;1374;681;0;50238;23989;0;19.5;9.3;0.0
39;2021-04-16;1050;223;0;51288;24212;0;19.9;9.4;0.0
39;2021-04-17;262;74;0;51550;24286;0;20.0;9.4;0.0
39;2021-04-18;6;2;0;51556;24288;0;20.0;9.4;0.0
39;2021-04-19;539;664;0;52095;24952;0;20.2;9.7;0.0
39;2021-04-20;804;552;0;52899;25504;0;20.5;9.9;0.0
39;2021-04-21;1001;663;0;53900;26167;0;20.9;10.1;0.0
39;2021-04-22;1006;1068;0;54906;27235;0;21.3;10.6;0.0
39;2021-04-23;477;378;0;55383;27613;0;21.5;10.7;0.0
39;2021-04-24;304;146;0;55687;27759;0;21.6;10.8;0.0
39;2021-04-25;19;4;0;55706;27763;0;21.6;10.8;0.0
39;2021-04-26;565;1018;0;56271;28781;0;21.8;11.2;0.0
39;2021-04-27;802;954;0;57073;29735;0;22.1;11.5;0.0
39;2021-04-28;1513;432;0;58586;30167;0;22.7;11.7;0.0
39;2021-04-29;2415;860;0;61001;31027;0;23.7;12.0;0.0
39;2021-04-30;2238;421;0;63239;31448;0;24.5;12.2;0.0
39;2021-05-01;86;65;0;63325;31513;0;24.6;12.2;0.0
39;2021-05-02;24;3;0;63349;31516;0;24.6;12.2;0.0
39;2021-05-03;936;768;0;64285;32284;0;24.9;12.5;0.0
39;2021-05-04;994;1078;0;65279;33362;0;25.3;12.9;0.0
39;2021-05-05;1757;867;0;67036;34229;0;26.0;13.3;0.0
39;2021-05-06;2230;1226;0;69266;35455;0;26.9;13.8;0.0
39;2021-05-07;1282;623;0;70548;36078;0;27.4;14.0;0.0
39;2021-05-08;175;51;0;70723;36129;0;27.4;14.0;0.0
39;2021-05-09;24;21;0;70747;36150;0;27.4;14.0;0.0
39;2021-05-10;1709;868;0;72456;37018;0;28.1;14.4;0.0
39;2021-05-11;1769;1464;0;74225;38482;0;28.8;14.9;0.0
39;2021-05-12;1656;1374;0;75881;39856;0;29.4;15.5;0.0
39;2021-05-13;262;48;0;76143;39904;0;29.5;15.5;0.0
39;2021-05-14;2261;360;0;78404;40264;0;30.4;15.6;0.0
39;2021-05-15;1533;262;0;79937;40526;0;31.0;15.7;0.0
39;2021-05-16;37;6;0;79974;40532;0;31.0;15.7;0.0
39;2021-05-17;1924;712;0;81898;41244;0;31.8;16.0;0.0
39;2021-05-18;1707;1121;0;83605;42365;0;32.4;16.4;0.0
39;2021-05-19;2299;540;0;85904;42905;0;33.3;16.6;0.0
39;2021-05-20;2169;787;0;88073;43692;0;34.2;16.9;0.0
39;2021-05-21;1792;585;0;89865;44277;0;34.9;17.2;0.0
39;2021-05-22;322;232;0;90187;44509;0;35.0;17.3;0.0
39;2021-05-23;36;65;0;90223;44574;0;35.0;17.3;0.0
39;2021-05-24;169;52;0;90392;44626;0;35.1;17.3;0.0
39;2021-05-25;1641;1183;0;92033;45809;0;35.7;17.8;0.0
39;2021-05-26;1603;1300;0;93636;47109;0;36.3;18.3;0.0
39;2021-05-27;1474;1538;0;95110;48647;0;36.9;18.9;0.0
39;2021-05-28;974;1254;0;96084;49901;0;37.3;19.4;0.0
39;2021-05-29;352;311;0;96436;50212;0;37.4;19.5;0.0
39;2021-05-30;19;44;0;96455;50256;0;37.4;19.5;0.0
39;2021-05-31;1534;1208;0;97989;51464;0;38.0;20.0;0.0
39;2021-06-01;1794;1328;0;99783;52792;0;38.7;20.5;0.0
39;2021-06-02;1656;1017;0;101439;53809;0;39.3;20.9;0.0
39;2021-06-03;1327;1130;0;102766;54939;0;39.9;21.3;0.0
39;2021-06-04;1018;1076;0;103784;56015;0;40.2;21.7;0.0
39;2021-06-05;673;551;0;104457;56566;0;40.5;21.9;0.0
39;2021-06-06;62;44;0;104519;56610;0;40.5;22.0;0.0
39;2021-06-07;1945;893;0;106464;57503;0;41.3;22.3;0.0
39;2021-06-08;2050;1120;0;108514;58623;0;42.1;22.7;0.0
39;2021-06-09;1656;1174;0;110170;59797;0;42.7;23.2;0.0
39;2021-06-10;1612;1929;0;111782;61726;0;43.4;23.9;0.0
39;2021-06-11;1529;1193;0;113311;62919;0;43.9;24.4;0.0
39;2021-06-12;1097;397;0;114408;63316;0;44.4;24.6;0.0
39;2021-06-13;33;29;0;114441;63345;0;44.4;24.6;0.0
39;2021-06-14;1289;1819;0;115730;65164;0;44.9;25.3;0.0
39;2021-06-15;1329;1286;0;117059;66450;0;45.4;25.8;0.0
39;2021-06-16;1176;1414;0;118235;67864;0;45.9;26.3;0.0
39;2021-06-17;1023;1617;0;119258;69481;0;46.3;26.9;0.0
39;2021-06-18;1502;1191;0;120760;70672;0;46.8;27.4;0.0
39;2021-06-19;346;418;0;121106;71090;0;47.0;27.6;0.0
39;2021-06-20;24;33;0;121130;71123;0;47.0;27.6;0.0
39;2021-06-21;404;2410;0;121534;73533;0;47.1;28.5;0.0
39;2021-06-22;799;2249;0;122333;75782;0;47.4;29.4;0.0
39;2021-06-23;1111;1237;0;123444;77019;0;47.9;29.9;0.0
39;2021-06-24;758;1072;0;124202;78091;0;48.2;30.3;0.0
39;2021-06-25;689;2743;0;124891;80834;0;48.4;31.3;0.0
39;2021-06-26;223;1410;0;125114;82244;0;48.5;31.9;0.0
39;2021-06-27;23;30;0;125137;82274;0;48.5;31.9;0.0
39;2021-06-28;336;2627;0;125473;84901;0;48.7;32.9;0.0
39;2021-06-29;520;2629;0;125993;87530;0;48.9;33.9;0.0
39;2021-06-30;819;2249;0;126812;89779;0;49.2;34.8;0.0
39;2021-07-01;700;1765;0;127512;91544;0;49.5;35.5;0.0
39;2021-07-02;1046;1461;0;128558;93005;0;49.9;36.1;0.0
39;2021-07-03;529;509;0;129087;93514;0;50.1;36.3;0.0
39;2021-07-04;24;37;0;129111;93551;0;50.1;36.3;0.0
39;2021-07-05;556;2470;0;129667;96021;0;50.3;37.2;0.0
39;2021-07-06;818;1859;0;130485;97880;0;50.6;38.0;0.0
39;2021-07-07;611;1369;0;131096;99249;0;50.8;38.5;0.0
39;2021-07-08;685;1007;0;131781;100256;0;51.1;38.9;0.0
39;2021-07-09;1026;1594;0;132807;101850;0;51.5;39.5;0.0
39;2021-07-10;647;587;0;133454;102437;0;51.8;39.7;0.0
39;2021-07-11;24;20;0;133478;102457;0;51.8;39.7;0.0
39;2021-07-12;521;2441;0;133999;104898;0;52.0;40.7;0.0
39;2021-07-13;1487;2553;0;135486;107451;0;52.5;41.7;0.0
39;2021-07-14;82;84;0;135568;107535;0;52.6;41.7;0.0
39;2021-07-15;1579;1792;0;137147;109327;0;53.2;42.4;0.0
39;2021-07-16;2721;1991;0;139868;111318;0;54.2;43.2;0.0
39;2021-07-17;1681;944;0;141549;112262;0;54.9;43.5;0.0
39;2021-07-18;157;87;0;141706;112349;0;55.0;43.6;0.0
39;2021-07-19;1245;2763;0;142951;115112;0;55.4;44.6;0.0
39;2021-07-20;1595;2585;0;144546;117697;0;56.1;45.6;0.0
39;2021-07-21;2091;2365;0;146637;120062;0;56.9;46.6;0.0
39;2021-07-22;1618;1815;0;148255;121877;0;57.5;47.3;0.0
39;2021-07-23;1559;1822;0;149814;123699;0;58.1;48.0;0.0
39;2021-07-24;1092;1229;0;150906;124928;0;58.5;48.5;0.0
39;2021-07-25;53;46;0;150959;124974;0;58.5;48.5;0.0
39;2021-07-26;1112;1870;0;152071;126844;0;59.0;49.2;0.0
39;2021-07-27;1911;1800;0;153982;128644;0;59.7;49.9;0.0
39;2021-07-28;2157;1355;0;156139;129999;0;60.6;50.4;0.0
39;2021-07-29;1916;1507;0;158055;131506;0;61.3;51.0;0.0
39;2021-07-30;1771;1317;0;159826;132823;0;62.0;51.5;0.0
39;2021-07-31;1140;648;0;160966;133471;0;62.4;51.8;0.0
39;2021-08-01;78;31;0;161044;133502;0;62.5;51.8;0.0
39;2021-08-02;1099;1225;0;162143;134727;0;62.9;52.3;0.0
39;2021-08-03;1637;1205;0;163780;135932;0;63.5;52.7;0.0
39;2021-08-04;980;664;0;164760;136596;0;63.9;53.0;0.0
39;2021-08-05;1126;721;0;165886;137317;0;64.3;53.3;0.0
39;2021-08-06;1214;1979;0;167100;139296;0;64.8;54.0;0.0
39;2021-08-07;860;1025;0;167960;140321;0;65.1;54.4;0.0
39;2021-08-08;48;40;0;168008;140361;0;65.2;54.4;0.0
39;2021-08-09;482;392;0;168490;140753;0;65.3;54.6;0.0
39;2021-08-10;1152;941;0;169642;141694;0;65.8;55.0;0.0
39;2021-08-11;874;1369;0;170516;143063;0;66.1;55.5;0.0
39;2021-08-12;1401;1869;0;171917;144932;0;66.7;56.2;0.0
39;2021-08-13;1202;1850;0;173119;146782;0;67.1;56.9;0.0
39;2021-08-14;350;934;0;173469;147716;0;67.3;57.3;0.0
39;2021-08-15;11;15;0;173480;147731;0;67.3;57.3;0.0
39;2021-08-16;504;725;0;173984;148456;0;67.5;57.6;0.0
39;2021-08-17;598;1338;0;174582;149794;0;67.7;58.1;0.0
39;2021-08-18;780;1488;0;175362;151282;0;68.0;58.7;0.0
39;2021-08-19;844;1385;0;176206;152667;0;68.3;59.2;0.0
39;2021-08-20;642;2148;0;176848;154815;0;68.6;60.0;0.0
39;2021-08-21;441;1101;0;177289;155916;0;68.8;60.5;0.0
39;2021-08-22;17;56;0;177306;155972;0;68.8;60.5;0.0
39;2021-08-23;296;919;0;177602;156891;0;68.9;60.8;0.0
39;2021-08-24;441;1463;0;178043;158354;0;69.0;61.4;0.0
39;2021-08-25;605;1465;0;178648;159819;0;69.3;62.0;0.0
39;2021-08-26;677;1613;0;179325;161432;0;69.5;62.6;0.0
39;2021-08-27;411;1778;0;179736;163210;0;69.7;63.3;0.0
39;2021-08-28;324;1159;0;180060;164369;0;69.8;63.7;0.0
39;2021-08-29;10;29;0;180070;164398;0;69.8;63.8;0.0
39;2021-08-30;359;954;9;180429;165352;9;70.0;64.1;0.0
39;2021-08-31;430;1013;36;180859;166365;45;70.1;64.5;0.0
39;2021-09-01;545;1321;157;181404;167686;202;70.4;65.0;0.1
39;2021-09-02;344;1248;130;181748;168934;332;70.5;65.5;0.1
39;2021-09-03;484;1958;163;182232;170892;495;70.7;66.3;0.2
39;2021-09-04;171;255;26;182403;171147;521;70.7;66.4;0.2
39;2021-09-05;9;17;0;182412;171164;521;70.7;66.4;0.2
39;2021-09-06;282;520;98;182694;171684;619;70.9;66.6;0.2
39;2021-09-07;251;343;99;182945;172027;718;71.0;66.7;0.3
39;2021-09-08;460;682;305;183405;172709;1023;71.1;67.0;0.4
39;2021-09-09;428;793;406;183833;173502;1429;71.3;67.3;0.6
39;2021-09-10;245;618;185;184078;174120;1614;71.4;67.5;0.6
39;2021-09-11;269;763;114;184347;174883;1728;71.5;67.8;0.7
39;2021-09-12;10;31;1;184357;174914;1729;71.5;67.8;0.7
39;2021-09-13;192;218;97;184549;175132;1826;71.6;67.9;0.7
39;2021-09-14;225;355;123;184774;175487;1949;71.7;68.1;0.8
39;2021-09-15;276;565;608;185050;176052;2557;71.8;68.3;1.0
39;2021-09-16;434;961;444;185484;177013;3001;71.9;68.6;1.2
39;2021-09-17;432;688;285;185916;177701;3286;72.1;68.9;1.3
39;2021-09-18;109;259;81;186025;177960;3367;72.1;69.0;1.3
39;2021-09-19;3;13;1;186028;177973;3368;72.1;69.0;1.3
39;2021-09-20;111;172;115;186139;178145;3483;72.2;69.1;1.4
39;2021-09-21;117;176;275;186256;178321;3758;72.2;69.2;1.5
39;2021-09-22;279;765;432;186535;179086;4190;72.3;69.5;1.6
39;2021-09-23;184;322;393;186719;179408;4583;72.4;69.6;1.8
39;2021-09-24;225;588;317;186944;179996;4900;72.5;69.8;1.9
39;2021-09-25;82;263;92;187026;180259;4992;72.5;69.9;1.9
39;2021-09-26;1;3;1;187027;180262;4993;72.5;69.9;1.9
39;2021-09-27;130;329;219;187157;180591;5212;72.6;70.0;2.0
39;2021-09-28;73;182;285;187230;180773;5497;72.6;70.1;2.1
39;2021-09-29;203;539;398;187433;181312;5895;72.7;70.3;2.3
39;2021-09-30;186;426;377;187619;181738;6272;72.8;70.5;2.4
39;2021-10-01;161;241;300;187780;181979;6572;72.8;70.6;2.5
39;2021-10-02;118;238;149;187898;182217;6721;72.9;70.7;2.6
39;2021-10-03;1;7;0;187899;182224;6721;72.9;70.7;2.6
39;2021-10-04;77;161;119;187976;182385;6840;72.9;70.7;2.7
39;2021-10-05;80;151;313;188056;182536;7153;72.9;70.8;2.8
39;2021-10-06;211;335;433;188267;182871;7586;73.0;70.9;2.9
39;2021-10-07;138;430;433;188405;183301;8019;73.1;71.1;3.1
39;2021-10-08;240;482;570;188645;183783;8589;73.2;71.3;3.3
39;2021-10-09;64;75;59;188709;183858;8648;73.2;71.3;3.4
39;2021-10-10;0;5;3;188709;183863;8651;73.2;71.3;3.4
39;2021-10-11;49;103;93;188758;183966;8744;73.2;71.3;3.4
39;2021-10-12;102;117;293;188860;184083;9037;73.2;71.4;3.5
39;2021-10-13;109;197;256;188969;184280;9293;73.3;71.5;3.6
39;2021-10-14;135;244;390;189104;184524;9683;73.3;71.6;3.8
39;2021-10-15;325;480;750;189429;185004;10433;73.5;71.7;4.0
39;2021-10-16;62;98;92;189491;185102;10525;73.5;71.8;4.1
39;2021-10-17;3;8;0;189494;185110;10525;73.5;71.8;4.1
39;2021-10-18;35;56;113;189529;185166;10638;73.5;71.8;4.1
39;2021-10-19;63;78;180;189592;185244;10818;73.5;71.8;4.2
39;2021-10-20;64;89;159;189656;185333;10977;73.6;71.9;4.3
39;2021-10-21;122;219;473;189778;185552;11450;73.6;72.0;4.4
39;2021-10-22;313;445;938;190091;185997;12388;73.7;72.1;4.8
39;2021-10-23;65;140;183;190156;186137;12571;73.7;72.2;4.9
39;2021-10-24;2;5;0;190158;186142;12571;73.7;72.2;4.9
39;2021-10-25;34;63;126;190192;186205;12697;73.8;72.2;4.9
39;2021-10-26;52;63;224;190244;186268;12921;73.8;72.2;5.0
39;2021-10-27;102;168;332;190346;186436;13253;73.8;72.3;5.1
39;2021-10-28;166;190;531;190512;186626;13784;73.9;72.4;5.3
39;2021-10-29;127;169;517;190639;186795;14301;73.9;72.4;5.5
39;2021-10-30;38;64;245;190677;186859;14546;73.9;72.5;5.6
39;2021-10-31;0;6;0;190677;186865;14546;73.9;72.5;5.6
39;2021-11-01;8;7;3;190685;186872;14549;74.0;72.5;5.6
39;2021-11-02;44;100;220;190729;186972;14769;74.0;72.5;5.7
39;2021-11-03;93;121;450;190822;187093;15219;74.0;72.6;5.9
39;2021-11-04;70;119;688;190892;187212;15907;74.0;72.6;6.2
39;2021-11-05;212;315;1076;191104;187527;16983;74.1;72.7;6.6
39;2021-11-06;30;49;120;191134;187576;17103;74.1;72.7;6.6
39;2021-11-07;0;4;3;191134;187580;17106;74.1;72.7;6.6
39;2021-11-08;37;69;280;191171;187649;17386;74.1;72.8;6.7
39;2021-11-09;65;92;719;191236;187741;18105;74.2;72.8;7.0
39;2021-11-10;189;183;1276;191425;187924;19381;74.2;72.9;7.5
39;2021-11-11;5;10;25;191430;187934;19406;74.2;72.9;7.5
39;2021-11-12;91;150;615;191521;188084;20021;74.3;72.9;7.8
39;2021-11-13;44;74;346;191565;188158;20367;74.3;73.0;7.9
39;2021-11-14;5;1;11;191570;188159;20378;74.3;73.0;7.9
39;2021-11-15;21;55;260;191591;188214;20638;74.3;73.0;8.0
39;2021-11-16;106;97;1046;191697;188311;21684;74.3;73.0;8.4
39;2021-11-17;96;195;1047;191793;188506;22731;74.4;73.1;8.8
39;2021-11-18;112;117;811;191905;188623;23542;74.4;73.2;9.1
39;2021-11-19;161;237;1403;192066;188860;24945;74.5;73.2;9.7
39;2021-11-20;82;51;378;192148;188911;25323;74.5;73.3;9.8
39;2021-11-21;2;2;2;192150;188913;25325;74.5;73.3;9.8
39;2021-11-22;34;55;334;192184;188968;25659;74.5;73.3;10.0
39;2021-11-23;118;86;1080;192302;189054;26739;74.6;73.3;10.4
39;2021-11-24;140;154;1276;192442;189208;28015;74.6;73.4;10.9
39;2021-11-25;127;86;1186;192569;189294;29201;74.7;73.4;11.3
39;2021-11-26;138;139;1977;192707;189433;31178;74.7;73.5;12.1
39;2021-11-27;47;71;614;192754;189504;31792;74.8;73.5;12.3
39;2021-11-28;5;4;27;192759;189508;31819;74.8;73.5;12.3
39;2021-11-29;51;65;1254;192810;189573;33073;74.8;73.5;12.8
39;2021-11-30;89;106;2338;192899;189679;35411;74.8;73.6;13.7
39;2021-12-01;94;164;2489;192993;189843;37900;74.8;73.6;14.7
39;2021-12-02;85;88;3173;193078;189931;41073;74.9;73.7;15.9
39;2021-12-03;94;146;2799;193172;190077;43872;74.9;73.7;17.0
39;2021-12-04;48;63;1057;193220;190140;44929;74.9;73.7;17.4
39;2021-12-05;2;5;47;193222;190145;44976;74.9;73.7;17.4
39;2021-12-06;55;58;1971;193277;190203;46947;75.0;73.8;18.2
39;2021-12-07;105;114;2982;193382;190317;49929;75.0;73.8;19.4
39;2021-12-08;118;89;3186;193500;190406;53115;75.0;73.8;20.6
39;2021-12-09;120;132;3562;193620;190538;56677;75.1;73.9;22.0
39;2021-12-10;97;178;3361;193717;190716;60038;75.1;74.0;23.3
39;2021-12-11;50;94;1078;193767;190810;61116;75.1;74.0;23.7
39;2021-12-12;5;5;52;193772;190815;61168;75.1;74.0;23.7
39;2021-12-13;92;67;2397;193864;190882;63565;75.2;74.0;24.7
39;2021-12-14;83;127;3262;193947;191009;66827;75.2;74.1;25.9
39;2021-12-15;119;153;3422;194066;191162;70249;75.3;74.1;27.2
39;2021-12-16;87;148;3404;194153;191310;73653;75.3;74.2;28.6
39;2021-12-17;135;168;3323;194288;191478;76976;75.3;74.3;29.9
39;2021-12-18;106;79;1505;194394;191557;78481;75.4;74.3;30.4
39;2021-12-19;7;2;105;194401;191559;78586;75.4;74.3;30.5
39;2021-12-20;106;85;2395;194507;191644;80981;75.4;74.3;31.4
39;2021-12-21;168;167;3155;194675;191811;84136;75.5;74.4;32.6
39;2021-12-22;144;137;2279;194819;191948;86415;75.6;74.4;33.5
40;2020-12-27;0;0;0;0;0;0;0.0;0.0;0.0
40;2020-12-28;0;0;0;0;0;0;0.0;0.0;0.0
40;2020-12-29;0;0;0;0;0;0;0.0;0.0;0.0
40;2020-12-30;0;0;0;0;0;0;0.0;0.0;0.0
40;2020-12-31;0;0;0;0;0;0;0.0;0.0;0.0
40;2021-01-01;0;0;0;0;0;0;0.0;0.0;0.0
40;2021-01-02;2;0;0;2;0;0;0.0;0.0;0.0
40;2021-01-03;0;0;0;2;0;0;0.0;0.0;0.0
40;2021-01-04;1;0;0;3;0;0;0.0;0.0;0.0
40;2021-01-05;1;0;0;4;0;0;0.0;0.0;0.0
40;2021-01-06;5;0;0;9;0;0;0.0;0.0;0.0
40;2021-01-07;238;1;0;247;1;0;0.1;0.0;0.0
40;2021-01-08;437;4;0;684;5;0;0.2;0.0;0.0
40;2021-01-09;4;0;0;688;5;0;0.2;0.0;0.0
40;2021-01-10;4;0;0;692;5;0;0.2;0.0;0.0
40;2021-01-11;130;0;0;822;5;0;0.2;0.0;0.0
40;2021-01-12;63;0;0;885;5;0;0.2;0.0;0.0
40;2021-01-13;708;6;0;1593;11;0;0.4;0.0;0.0
40;2021-01-14;918;8;0;2511;19;0;0.6;0.0;0.0
40;2021-01-15;855;3;0;3366;22;0;0.8;0.0;0.0
40;2021-01-16;156;0;0;3522;22;0;0.9;0.0;0.0
40;2021-01-17;3;0;0;3525;22;0;0.9;0.0;0.0
40;2021-01-18;477;1;0;4002;23;0;1.0;0.0;0.0
40;2021-01-19;1216;4;0;5218;27;0;1.3;0.0;0.0
40;2021-01-20;945;3;0;6163;30;0;1.5;0.0;0.0
40;2021-01-21;1373;5;0;7536;35;0;1.8;0.0;0.0
40;2021-01-22;906;4;0;8442;39;0;2.0;0.0;0.0
40;2021-01-23;313;0;0;8755;39;0;2.1;0.0;0.0
40;2021-01-24;32;0;0;8787;39;0;2.1;0.0;0.0
40;2021-01-25;453;3;0;9240;42;0;2.2;0.0;0.0
40;2021-01-26;856;5;0;10096;47;0;2.5;0.0;0.0
40;2021-01-27;1131;14;0;11227;61;0;2.7;0.0;0.0
40;2021-01-28;783;131;0;12010;192;0;2.9;0.0;0.0
40;2021-01-29;625;268;0;12635;460;0;3.1;0.1;0.0
40;2021-01-30;252;8;0;12887;468;0;3.1;0.1;0.0
40;2021-01-31;22;2;0;12909;470;0;3.1;0.1;0.0
40;2021-02-01;403;132;0;13312;602;0;3.2;0.1;0.0
40;2021-02-02;935;89;0;14247;691;0;3.5;0.2;0.0
40;2021-02-03;918;322;0;15165;1013;0;3.7;0.2;0.0
40;2021-02-04;1111;607;0;16276;1620;0;4.0;0.4;0.0
40;2021-02-05;813;416;0;17089;2036;0;4.1;0.5;0.0
40;2021-02-06;397;83;0;17486;2119;0;4.2;0.5;0.0
40;2021-02-07;26;1;0;17512;2120;0;4.3;0.5;0.0
40;2021-02-08;426;142;0;17938;2262;0;4.4;0.5;0.0
40;2021-02-09;811;559;0;18749;2821;0;4.6;0.7;0.0
40;2021-02-10;760;532;0;19509;3353;0;4.7;0.8;0.0
40;2021-02-11;800;721;0;20309;4074;0;4.9;1.0;0.0
40;2021-02-12;614;731;0;20923;4805;0;5.1;1.2;0.0
40;2021-02-13;355;108;0;21278;4913;0;5.2;1.2;0.0
40;2021-02-14;10;8;0;21288;4921;0;5.2;1.2;0.0
40;2021-02-15;52;433;0;21340;5354;0;5.2;1.3;0.0
40;2021-02-16;287;643;0;21627;5997;0;5.2;1.5;0.0
40;2021-02-17;343;898;0;21970;6895;0;5.3;1.7;0.0
40;2021-02-18;398;839;0;22368;7734;0;5.4;1.9;0.0
40;2021-02-19;163;679;0;22531;8413;0;5.5;2.0;0.0
40;2021-02-20;45;147;0;22576;8560;0;5.5;2.1;0.0
40;2021-02-21;6;87;0;22582;8647;0;5.5;2.1;0.0
40;2021-02-22;101;592;0;22683;9239;0;5.5;2.2;0.0
40;2021-02-23;246;880;0;22929;10119;0;5.6;2.5;0.0
40;2021-02-24;323;735;0;23252;10854;0;5.6;2.6;0.0
40;2021-02-25;764;1009;0;24016;11863;0;5.8;2.9;0.0
40;2021-02-26;724;703;0;24740;12566;0;6.0;3.1;0.0
40;2021-02-27;406;174;0;25146;12740;0;6.1;3.1;0.0
40;2021-02-28;5;24;0;25151;12764;0;6.1;3.1;0.0
40;2021-03-01;451;533;0;25602;13297;0;6.2;3.2;0.0
40;2021-03-02;779;1046;0;26381;14343;0;6.4;3.5;0.0
40;2021-03-03;962;939;0;27343;15282;0;6.6;3.7;0.0
40;2021-03-04;1372;872;0;28715;16154;0;7.0;3.9;0.0
40;2021-03-05;1298;768;0;30013;16922;0;7.3;4.1;0.0
40;2021-03-06;908;382;0;30921;17304;0;7.5;4.2;0.0
40;2021-03-07;125;32;0;31046;17336;0;7.5;4.2;0.0
40;2021-03-08;908;527;0;31954;17863;0;7.8;4.3;0.0
40;2021-03-09;1554;645;0;33508;18508;0;8.1;4.5;0.0
40;2021-03-10;1809;725;0;35317;19233;0;8.6;4.7;0.0
40;2021-03-11;2071;686;0;37388;19919;0;9.1;4.8;0.0
40;2021-03-12;2213;493;0;39601;20412;0;9.6;5.0;0.0
40;2021-03-13;1111;226;0;40712;20638;0;9.9;5.0;0.0
40;2021-03-14;143;2;0;40855;20640;0;9.9;5.0;0.0
40;2021-03-15;1029;98;0;41884;20738;0;10.2;5.0;0.0
40;2021-03-16;1039;289;0;42923;21027;0;10.4;5.1;0.0
40;2021-03-17;1613;332;0;44536;21359;0;10.8;5.2;0.0
40;2021-03-18;1649;335;0;46185;21694;0;11.2;5.3;0.0
40;2021-03-19;1871;166;0;48056;21860;0;11.7;5.3;0.0
40;2021-03-20;809;15;0;48865;21875;0;11.9;5.3;0.0
40;2021-03-21;110;3;0;48975;21878;0;11.9;5.3;0.0
40;2021-03-22;1243;58;0;50218;21936;0;12.2;5.3;0.0
40;2021-03-23;2377;205;0;52595;22141;0;12.8;5.4;0.0
40;2021-03-24;2418;267;0;55013;22408;0;13.4;5.4;0.0
40;2021-03-25;2873;405;0;57886;22813;0;14.1;5.5;0.0
40;2021-03-26;3151;257;0;61037;23070;0;14.8;5.6;0.0
40;2021-03-27;977;74;0;62014;23144;0;15.1;5.6;0.0
40;2021-03-28;259;36;0;62273;23180;0;15.1;5.6;0.0
40;2021-03-29;1245;398;0;63518;23578;0;15.4;5.7;0.0
40;2021-03-30;2395;447;0;65913;24025;0;16.0;5.8;0.0
40;2021-03-31;2090;352;0;68003;24377;0;16.5;5.9;0.0
40;2021-04-01;2561;377;0;70564;24754;0;17.1;6.0;0.0
40;2021-04-02;2455;254;0;73019;25008;0;17.7;6.1;0.0
40;2021-04-03;760;142;0;73779;25150;0;17.9;6.1;0.0
40;2021-04-04;366;21;0;74145;25171;0;18.0;6.1;0.0
40;2021-04-05;586;57;0;74731;25228;0;18.1;6.1;0.0
40;2021-04-06;2176;871;0;76907;26099;0;18.7;6.3;0.0
40;2021-04-07;2680;968;0;79587;27067;0;19.3;6.6;0.0
40;2021-04-08;3134;982;0;82721;28049;0;20.1;6.8;0.0
40;2021-04-09;3909;690;0;86630;28739;0;21.0;7.0;0.0
40;2021-04-10;1680;428;0;88310;29167;0;21.4;7.1;0.0
40;2021-04-11;91;35;0;88401;29202;0;21.5;7.1;0.0
40;2021-04-12;2237;808;0;90638;30010;0;22.0;7.3;0.0
40;2021-04-13;2678;1213;0;93316;31223;0;22.7;7.6;0.0
40;2021-04-14;2616;1481;0;95932;32704;0;23.3;7.9;0.0
40;2021-04-15;3053;1571;0;98985;34275;0;24.0;8.3;0.0
40;2021-04-16;2956;1246;0;101941;35521;0;24.7;8.6;0.0
40;2021-04-17;1506;439;0;103447;35960;0;25.1;8.7;0.0
40;2021-04-18;126;86;0;103573;36046;0;25.1;8.7;0.0
40;2021-04-19;1231;1135;0;104804;37181;0;25.4;9.0;0.0
40;2021-04-20;1756;1808;0;106560;38989;0;25.9;9.5;0.0
40;2021-04-21;1911;1765;0;108471;40754;0;26.3;9.9;0.0
40;2021-04-22;2173;1858;0;110644;42612;0;26.9;10.3;0.0
40;2021-04-23;2266;1421;0;112910;44033;0;27.4;10.7;0.0
40;2021-04-24;1423;656;0;114333;44689;0;27.8;10.8;0.0
40;2021-04-25;102;94;0;114435;44783;0;27.8;10.9;0.0
40;2021-04-26;1402;1162;0;115837;45945;0;28.1;11.2;0.0
40;2021-04-27;1682;2053;0;117519;47998;0;28.5;11.7;0.0
40;2021-04-28;2236;1479;0;119755;49477;0;29.1;12.0;0.0
40;2021-04-29;2774;1938;0;122529;51415;0;29.7;12.5;0.0
40;2021-04-30;2836;1684;0;125365;53099;0;30.4;12.9;0.0
40;2021-05-01;1349;766;0;126714;53865;0;30.8;13.1;0.0
40;2021-05-02;216;309;0;126930;54174;0;30.8;13.1;0.0
40;2021-05-03;1965;1589;0;128895;55763;0;31.3;13.5;0.0
40;2021-05-04;2091;2600;0;130986;58363;0;31.8;14.2;0.0
40;2021-05-05;2391;2662;0;133377;61025;0;32.4;14.8;0.0
40;2021-05-06;2514;2891;0;135891;63916;0;33.0;15.5;0.0
40;2021-05-07;2153;3070;0;138044;66986;0;33.5;16.3;0.0
40;2021-05-08;791;471;0;138835;67457;0;33.7;16.4;0.0
40;2021-05-09;393;65;0;139228;67522;0;33.8;16.4;0.0
40;2021-05-10;1560;2233;0;140788;69755;0;34.2;16.9;0.0
40;2021-05-11;2449;2713;0;143237;72468;0;34.8;17.6;0.0
40;2021-05-12;2932;2076;0;146169;74544;0;35.5;18.1;0.0
40;2021-05-13;2113;532;0;148282;75076;0;36.0;18.2;0.0
40;2021-05-14;2485;1768;0;150767;76844;0;36.6;18.7;0.0
40;2021-05-15;1504;1009;0;152271;77853;0;37.0;18.9;0.0
40;2021-05-16;487;82;0;152758;77935;0;37.1;18.9;0.0
40;2021-05-17;2348;1470;0;155106;79405;0;37.6;19.3;0.0
40;2021-05-18;2716;1498;0;157822;80903;0;38.3;19.6;0.0
40;2021-05-19;3149;1186;0;160971;82089;0;39.1;19.9;0.0
40;2021-05-20;3734;1292;0;164705;83381;0;40.0;20.2;0.0
40;2021-05-21;3081;1428;0;167786;84809;0;40.7;20.6;0.0
40;2021-05-22;1376;865;0;169162;85674;0;41.1;20.8;0.0
40;2021-05-23;623;67;0;169785;85741;0;41.2;20.8;0.0
40;2021-05-24;1318;457;0;171103;86198;0;41.5;20.9;0.0
40;2021-05-25;2339;1444;0;173442;87642;0;42.1;21.3;0.0
40;2021-05-26;2800;1655;0;176242;89297;0;42.8;21.7;0.0
40;2021-05-27;2882;2042;0;179124;91339;0;43.5;22.2;0.0
40;2021-05-28;2795;2347;0;181919;93686;0;44.2;22.7;0.0
40;2021-05-29;1732;1329;0;183651;95015;0;44.6;23.1;0.0
40;2021-05-30;99;84;0;183750;95099;0;44.6;23.1;0.0
40;2021-05-31;2726;1348;0;186476;96447;0;45.3;23.4;0.0
40;2021-06-01;3174;1915;0;189650;98362;0;46.0;23.9;0.0
40;2021-06-02;3304;2102;0;192954;100464;0;46.8;24.4;0.0
40;2021-06-03;3750;2361;0;196704;102825;0;47.7;25.0;0.0
40;2021-06-04;3202;2865;0;199906;105690;0;48.5;25.7;0.0
40;2021-06-05;1951;1454;0;201857;107144;0;49.0;26.0;0.0
40;2021-06-06;568;108;0;202425;107252;0;49.1;26.0;0.0
40;2021-06-07;2348;2086;0;204773;109338;0;49.7;26.5;0.0
40;2021-06-08;3206;2234;0;207979;111572;0;50.5;27.1;0.0
40;2021-06-09;3335;2341;0;211314;113913;0;51.3;27.7;0.0
40;2021-06-10;3178;2123;0;214492;116036;0;52.1;28.2;0.0
40;2021-06-11;3267;2970;0;217759;119006;0;52.9;28.9;0.0
40;2021-06-12;2057;1719;0;219816;120725;0;53.4;29.3;0.0
40;2021-06-13;650;199;0;220466;120924;0;53.5;29.4;0.0
40;2021-06-14;1604;2699;0;222070;123623;0;53.9;30.0;0.0
40;2021-06-15;2338;2977;0;224408;126600;0;54.5;30.7;0.0
40;2021-06-16;2691;2687;0;227099;129287;0;55.1;31.4;0.0
40;2021-06-17;2537;2614;0;229636;131901;0;55.7;32.0;0.0
40;2021-06-18;2442;3076;0;232078;134977;0;56.3;32.8;0.0
40;2021-06-19;1811;1336;0;233889;136313;0;56.8;33.1;0.0
40;2021-06-20;338;320;0;234227;136633;0;56.9;33.2;0.0
40;2021-06-21;1339;2610;0;235566;139243;0;57.2;33.8;0.0
40;2021-06-22;1716;3213;0;237282;142456;0;57.6;34.6;0.0
40;2021-06-23;1651;3531;0;238933;145987;0;58.0;35.4;0.0
40;2021-06-24;1728;2372;0;240661;148359;0;58.4;36.0;0.0
40;2021-06-25;1832;3402;0;242493;151761;0;58.9;36.8;0.0
40;2021-06-26;1333;1838;0;243826;153599;0;59.2;37.3;0.0
40;2021-06-27;296;427;0;244122;154026;0;59.3;37.4;0.0
40;2021-06-28;1359;3067;0;245481;157093;0;59.6;38.1;0.0
40;2021-06-29;1605;3653;0;247086;160746;0;60.0;39.0;0.0
40;2021-06-30;1796;3816;0;248882;164562;0;60.4;39.9;0.0
40;2021-07-01;1742;4021;0;250624;168583;0;60.8;40.9;0.0
40;2021-07-02;1547;3968;0;252171;172551;0;61.2;41.9;0.0
40;2021-07-03;718;2067;0;252889;174618;0;61.4;42.4;0.0
40;2021-07-04;219;586;0;253108;175204;0;61.4;42.5;0.0
40;2021-07-05;1382;3083;0;254490;178287;0;61.8;43.3;0.0
40;2021-07-06;1664;3679;0;256154;181966;0;62.2;44.2;0.0
40;2021-07-07;1829;3876;0;257983;185842;0;62.6;45.1;0.0
40;2021-07-08;1877;3349;0;259860;189191;0;63.1;45.9;0.0
40;2021-07-09;1679;3992;0;261539;193183;0;63.5;46.9;0.0
40;2021-07-10;841;2225;0;262380;195408;0;63.7;47.4;0.0
40;2021-07-11;160;331;0;262540;195739;0;63.7;47.5;0.0
40;2021-07-12;1068;3910;0;263608;199649;0;64.0;48.5;0.0
40;2021-07-13;1979;4560;0;265587;204209;0;64.5;49.6;0.0
40;2021-07-14;1741;1934;0;267328;206143;0;64.9;50.0;0.0
40;2021-07-15;2254;4695;0;269582;210838;0;65.4;51.2;0.0
40;2021-07-16;2646;3761;0;272228;214599;0;66.1;52.1;0.0
40;2021-07-17;1617;2621;0;273845;217220;0;66.5;52.7;0.0
40;2021-07-18;318;596;0;274163;217816;0;66.5;52.9;0.0
40;2021-07-19;1905;3578;0;276068;221394;0;67.0;53.7;0.0
40;2021-07-20;2310;3783;0;278378;225177;0;67.6;54.7;0.0
40;2021-07-21;2506;3712;0;280884;228889;0;68.2;55.6;0.0
40;2021-07-22;2873;3689;0;283757;232578;0;68.9;56.5;0.0
40;2021-07-23;3098;3847;0;286855;236425;0;69.6;57.4;0.0
40;2021-07-24;2026;2014;0;288881;238439;0;70.1;57.9;0.0
40;2021-07-25;686;465;0;289567;238904;0;70.3;58.0;0.0
40;2021-07-26;2184;2721;0;291751;241625;0;70.8;58.6;0.0
40;2021-07-27;2579;3202;0;294330;244827;0;71.4;59.4;0.0
40;2021-07-28;2702;2981;0;297032;247808;0;72.1;60.2;0.0
40;2021-07-29;2766;2992;0;299798;250800;0;72.8;60.9;0.0
40;2021-07-30;2515;2940;0;302313;253740;0;73.4;61.6;0.0
40;2021-07-31;1472;1706;0;303785;255446;0;73.7;62.0;0.0
40;2021-08-01;233;194;0;304018;255640;0;73.8;62.1;0.0
40;2021-08-02;1636;1945;0;305654;257585;0;74.2;62.5;0.0
40;2021-08-03;1962;2208;0;307616;259793;0;74.7;63.1;0.0
40;2021-08-04;1787;1932;0;309403;261725;0;75.1;63.5;0.0
40;2021-08-05;1675;2208;0;311078;263933;0;75.5;64.1;0.0
40;2021-08-06;1594;2497;0;312672;266430;0;75.9;64.7;0.0
40;2021-08-07;1086;1512;0;313758;267942;0;76.2;65.0;0.0
40;2021-08-08;97;136;0;313855;268078;0;76.2;65.1;0.0
40;2021-08-09;1319;2283;0;315174;270361;0;76.5;65.6;0.0
40;2021-08-10;1263;2394;0;316437;272755;0;76.8;66.2;0.0
40;2021-08-11;1183;2039;0;317620;274794;0;77.1;66.7;0.0
40;2021-08-12;1103;2287;0;318723;277081;0;77.4;67.3;0.0
40;2021-08-13;979;2194;0;319702;279275;0;77.6;67.8;0.0
40;2021-08-14;566;1694;0;320268;280969;0;77.7;68.2;0.0
40;2021-08-15;27;219;0;320295;281188;0;77.7;68.3;0.0
40;2021-08-16;946;2557;0;321241;283745;0;78.0;68.9;0.0
40;2021-08-17;1015;2674;0;322256;286419;0;78.2;69.5;0.0
40;2021-08-18;853;2702;0;323109;289121;0;78.4;70.2;0.0
40;2021-08-19;789;2432;0;323898;291553;0;78.6;70.8;0.0
40;2021-08-20;757;2524;0;324655;294077;0;78.8;71.4;0.0
40;2021-08-21;456;1598;0;325111;295675;0;78.9;71.8;0.0
40;2021-08-22;79;394;0;325190;296069;0;78.9;71.9;0.0
40;2021-08-23;647;2425;0;325837;298494;0;79.1;72.5;0.0
40;2021-08-24;614;2257;0;326451;300751;0;79.2;73.0;0.0
40;2021-08-25;600;1808;0;327051;302559;0;79.4;73.4;0.0
40;2021-08-26;448;1552;0;327499;304111;0;79.5;73.8;0.0
40;2021-08-27;596;2231;0;328095;306342;0;79.6;74.4;0.0
40;2021-08-28;303;1147;0;328398;307489;0;79.7;74.6;0.0
40;2021-08-29;12;67;0;328410;307556;0;79.7;74.7;0.0
40;2021-08-30;571;1956;46;328981;309512;46;79.9;75.1;0.0
40;2021-08-31;464;1427;84;329445;310939;130;80.0;75.5;0.0
40;2021-09-01;475;1313;196;329920;312252;326;80.1;75.8;0.1
40;2021-09-02;425;1277;325;330345;313529;651;80.2;76.1;0.2
40;2021-09-03;441;1337;296;330786;314866;947;80.3;76.4;0.2
40;2021-09-04;352;977;133;331138;315843;1080;80.4;76.7;0.3
40;2021-09-05;12;41;24;331150;315884;1104;80.4;76.7;0.3
40;2021-09-06;254;704;198;331404;316588;1302;80.4;76.8;0.3
40;2021-09-07;273;789;217;331677;317377;1519;80.5;77.0;0.4
40;2021-09-08;372;917;322;332049;318294;1841;80.6;77.3;0.4
40;2021-09-09;279;721;310;332328;319015;2151;80.7;77.4;0.5
40;2021-09-10;371;986;341;332699;320001;2492;80.8;77.7;0.6
40;2021-09-11;263;703;123;332962;320704;2615;80.8;77.8;0.6
40;2021-09-12;25;31;2;332987;320735;2617;80.8;77.9;0.6
40;2021-09-13;353;576;405;333340;321311;3022;80.9;78.0;0.7
40;2021-09-14;316;401;549;333656;321712;3571;81.0;78.1;0.9
40;2021-09-15;414;849;602;334070;322561;4173;81.1;78.3;1.0
40;2021-09-16;257;347;358;334327;322908;4531;81.2;78.4;1.1
40;2021-09-17;353;795;625;334680;323703;5156;81.2;78.6;1.3
40;2021-09-18;189;599;161;334869;324302;5317;81.3;78.7;1.3
40;2021-09-19;3;17;21;334872;324319;5338;81.3;78.7;1.3
40;2021-09-20;166;398;379;335038;324717;5717;81.3;78.8;1.4
40;2021-09-21;161;268;474;335199;324985;6191;81.4;78.9;1.5
40;2021-09-22;233;584;442;335432;325569;6633;81.4;79.0;1.6
40;2021-09-23;160;296;669;335592;325865;7302;81.5;79.1;1.8
40;2021-09-24;240;590;405;335832;326455;7707;81.5;79.2;1.9
40;2021-09-25;137;416;151;335969;326871;7858;81.6;79.3;1.9
40;2021-09-26;1;9;3;335970;326880;7861;81.6;79.3;1.9
40;2021-09-27;106;252;236;336076;327132;8097;81.6;79.4;2.0
40;2021-09-28;77;237;406;336153;327369;8503;81.6;79.5;2.1
40;2021-09-29;219;550;361;336372;327919;8864;81.6;79.6;2.2
40;2021-09-30;107;226;379;336479;328145;9243;81.7;79.7;2.2
40;2021-10-01;265;403;469;336744;328548;9712;81.7;79.7;2.4
40;2021-10-02;198;342;142;336942;328890;9854;81.8;79.8;2.4
40;2021-10-03;1;11;0;336943;328901;9854;81.8;79.8;2.4
40;2021-10-04;121;245;323;337064;329146;10177;81.8;79.9;2.5
40;2021-10-05;102;243;390;337166;329389;10567;81.8;80.0;2.6
40;2021-10-06;265;425;684;337431;329814;11251;81.9;80.1;2.7
40;2021-10-07;112;228;461;337543;330042;11712;81.9;80.1;2.8
40;2021-10-08;207;447;817;337750;330489;12529;82.0;80.2;3.0
40;2021-10-09;139;225;223;337889;330714;12752;82.0;80.3;3.1
40;2021-10-10;3;15;4;337892;330729;12756;82.0;80.3;3.1
40;2021-10-11;82;172;341;337974;330901;13097;82.0;80.3;3.2
40;2021-10-12;101;166;415;338075;331067;13512;82.1;80.4;3.3
40;2021-10-13;210;371;800;338285;331438;14312;82.1;80.5;3.5
40;2021-10-14;77;152;660;338362;331590;14972;82.1;80.5;3.6
40;2021-10-15;148;325;775;338510;331915;15747;82.2;80.6;3.8
40;2021-10-16;116;184;240;338626;332099;15987;82.2;80.6;3.9
40;2021-10-17;2;2;3;338628;332101;15990;82.2;80.6;3.9
40;2021-10-18;76;165;452;338704;332266;16442;82.2;80.7;4.0
40;2021-10-19;92;127;507;338796;332393;16949;82.2;80.7;4.1
40;2021-10-20;192;266;1212;338988;332659;18161;82.3;80.7;4.4
40;2021-10-21;107;149;650;339095;332808;18811;82.3;80.8;4.6
40;2021-10-22;157;232;949;339252;333040;19760;82.3;80.8;4.8
40;2021-10-23;130;218;411;339382;333258;20171;82.4;80.9;4.9
40;2021-10-24;2;4;12;339384;333262;20183;82.4;80.9;4.9
40;2021-10-25;90;125;555;339474;333387;20738;82.4;80.9;5.0
40;2021-10-26;90;95;670;339564;333482;21408;82.4;80.9;5.2
40;2021-10-27;167;267;1307;339731;333749;22715;82.5;81.0;5.5
40;2021-10-28;82;98;688;339813;333847;23403;82.5;81.0;5.7
40;2021-10-29;134;190;1132;339947;334037;24535;82.5;81.1;6.0
40;2021-10-30;106;151;386;340053;334188;24921;82.5;81.1;6.0
40;2021-10-31;2;5;5;340055;334193;24926;82.5;81.1;6.1
40;2021-11-01;18;7;7;340073;334200;24933;82.5;81.1;6.1
40;2021-11-02;92;155;689;340165;334355;25622;82.6;81.2;6.2
40;2021-11-03;162;197;1457;340327;334552;27079;82.6;81.2;6.6
40;2021-11-04;107;131;913;340434;334683;27992;82.6;81.2;6.8
40;2021-11-05;116;168;1438;340550;334851;29430;82.7;81.3;7.1
40;2021-11-06;74;90;377;340624;334941;29807;82.7;81.3;7.2
40;2021-11-07;0;6;3;340624;334947;29810;82.7;81.3;7.2
40;2021-11-08;69;105;970;340693;335052;30780;82.7;81.3;7.5
40;2021-11-09;108;147;1486;340801;335199;32266;82.7;81.4;7.8
40;2021-11-10;152;198;1873;340953;335397;34139;82.8;81.4;8.3
40;2021-11-11;27;20;140;340980;335417;34279;82.8;81.4;8.3
40;2021-11-12;155;207;1928;341135;335624;36207;82.8;81.5;8.8
40;2021-11-13;66;103;450;341201;335727;36657;82.8;81.5;8.9
40;2021-11-14;2;8;6;341203;335735;36663;82.8;81.5;8.9
40;2021-11-15;100;87;1072;341303;335822;37735;82.8;81.5;9.2
40;2021-11-16;110;102;1914;341413;335924;39649;82.9;81.5;9.6
40;2021-11-17;168;168;2006;341581;336092;41655;82.9;81.6;10.1
40;2021-11-18;106;109;1638;341687;336201;43293;82.9;81.6;10.5
40;2021-11-19;166;197;2287;341853;336398;45580;83.0;81.7;11.1
40;2021-11-20;117;151;723;341970;336549;46303;83.0;81.7;11.2
40;2021-11-21;1;7;3;341971;336556;46306;83.0;81.7;11.2
40;2021-11-22;69;47;1357;342040;336603;47663;83.0;81.7;11.6
40;2021-11-23;138;109;2209;342178;336712;49872;83.1;81.7;12.1
40;2021-11-24;202;210;2249;342380;336922;52121;83.1;81.8;12.7
40;2021-11-25;115;120;2049;342495;337042;54170;83.1;81.8;13.1
40;2021-11-26;160;193;3016;342655;337235;57186;83.2;81.9;13.9
40;2021-11-27;80;112;907;342735;337347;58093;83.2;81.9;14.1
40;2021-11-28;9;8;266;342744;337355;58359;83.2;81.9;14.2
40;2021-11-29;73;99;2426;342817;337454;60785;83.2;81.9;14.8
40;2021-11-30;164;129;3681;342981;337583;64466;83.3;81.9;15.6
40;2021-12-01;134;175;4111;343115;337758;68577;83.3;82.0;16.6
40;2021-12-02;97;108;4225;343212;337866;72802;83.3;82.0;17.7
40;2021-12-03;138;205;4733;343350;338071;77535;83.3;82.1;18.8
40;2021-12-04;72;96;1569;343422;338167;79104;83.4;82.1;19.2
40;2021-12-05;9;9;269;343431;338176;79373;83.4;82.1;19.3
40;2021-12-06;127;158;4131;343558;338334;83504;83.4;82.1;20.3
40;2021-12-07;130;163;5729;343688;338497;89233;83.4;82.2;21.7
40;2021-12-08;138;184;4816;343826;338681;94049;83.5;82.2;22.8
40;2021-12-09;122;135;6071;343948;338816;100120;83.5;82.2;24.3
40;2021-12-10;137;195;5860;344085;339011;105980;83.5;82.3;25.7
40;2021-12-11;87;158;2284;344172;339169;108264;83.5;82.3;26.3
40;2021-12-12;19;8;384;344191;339177;108648;83.5;82.3;26.4
40;2021-12-13;100;128;4553;344291;339305;113201;83.6;82.4;27.5
40;2021-12-14;141;173;6158;344432;339478;119359;83.6;82.4;29.0
40;2021-12-15;143;217;5493;344575;339695;124852;83.6;82.5;30.3
40;2021-12-16;126;159;6478;344701;339854;131330;83.7;82.5;31.9
40;2021-12-17;171;235;6178;344872;340089;137508;83.7;82.6;33.4
40;2021-12-18;97;99;2931;344969;340188;140439;83.7;82.6;34.1
40;2021-12-19;19;13;540;344988;340201;140979;83.7;82.6;34.2
40;2021-12-20;141;137;4813;345129;340338;145792;83.8;82.6;35.4
40;2021-12-21;209;234;6004;345338;340572;151796;83.8;82.7;36.8
40;2021-12-22;184;184;4870;345522;340756;156666;83.9;82.7;38.0
41;2020-12-27;0;0;0;0;0;0;0.0;0.0;0.0
41;2020-12-28;0;0;0;0;0;0;0.0;0.0;0.0
41;2020-12-29;1;0;0;1;0;0;0.0;0.0;0.0
41;2020-12-30;0;0;0;1;0;0;0.0;0.0;0.0
41;2020-12-31;0;0;0;1;0;0;0.0;0.0;0.0
41;2021-01-01;1;0;0;2;0;0;0.0;0.0;0.0
41;2021-01-02;0;0;0;2;0;0;0.0;0.0;0.0
41;2021-01-03;0;0;0;2;0;0;0.0;0.0;0.0
41;2021-01-04;0;0;0;2;0;0;0.0;0.0;0.0
41;2021-01-05;39;0;0;41;0;0;0.0;0.0;0.0
41;2021-01-06;51;0;0;92;0;0;0.0;0.0;0.0
41;2021-01-07;30;0;0;122;0;0;0.0;0.0;0.0
41;2021-01-08;10;0;0;132;0;0;0.0;0.0;0.0
41;2021-01-09;5;0;0;137;0;0;0.0;0.0;0.0
41;2021-01-10;2;0;0;139;0;0;0.0;0.0;0.0
41;2021-01-11;150;0;0;289;0;0;0.1;0.0;0.0
41;2021-01-12;318;1;0;607;1;0;0.2;0.0;0.0
41;2021-01-13;295;1;0;902;2;0;0.3;0.0;0.0
41;2021-01-14;307;2;0;1209;4;0;0.4;0.0;0.0
41;2021-01-15;236;2;0;1445;6;0;0.4;0.0;0.0
41;2021-01-16;3;0;0;1448;6;0;0.4;0.0;0.0
41;2021-01-17;17;0;0;1465;6;0;0.4;0.0;0.0
41;2021-01-18;412;1;0;1877;7;0;0.6;0.0;0.0
41;2021-01-19;844;2;0;2721;9;0;0.8;0.0;0.0
41;2021-01-20;1102;6;0;3823;15;0;1.2;0.0;0.0
41;2021-01-21;1511;10;0;5334;25;0;1.6;0.0;0.0
41;2021-01-22;858;1;0;6192;26;0;1.9;0.0;0.0
41;2021-01-23;92;0;0;6284;26;0;1.9;0.0;0.0
41;2021-01-24;2;0;0;6286;26;0;1.9;0.0;0.0
41;2021-01-25;414;5;0;6700;31;0;2.0;0.0;0.0
41;2021-01-26;534;9;0;7234;40;0;2.2;0.0;0.0
41;2021-01-27;439;3;0;7673;43;0;2.3;0.0;0.0
41;2021-01-28;606;63;0;8279;106;0;2.5;0.0;0.0
41;2021-01-29;280;27;0;8559;133;0;2.6;0.0;0.0
41;2021-01-30;9;2;0;8568;135;0;2.6;0.0;0.0
41;2021-01-31;0;0;0;8568;135;0;2.6;0.0;0.0
41;2021-02-01;347;143;0;8915;278;0;2.7;0.1;0.0
41;2021-02-02;458;240;0;9373;518;0;2.9;0.2;0.0
41;2021-02-03;363;214;0;9736;732;0;3.0;0.2;0.0
41;2021-02-04;499;189;0;10235;921;0;3.1;0.3;0.0
41;2021-02-05;360;208;0;10595;1129;0;3.2;0.3;0.0
41;2021-02-06;10;5;0;10605;1134;0;3.2;0.3;0.0
41;2021-02-07;4;1;0;10609;1135;0;3.2;0.3;0.0
41;2021-02-08;334;299;0;10943;1434;0;3.3;0.4;0.0
41;2021-02-09;548;435;0;11491;1869;0;3.5;0.6;0.0
41;2021-02-10;501;651;0;11992;2520;0;3.7;0.8;0.0
41;2021-02-11;987;1083;0;12979;3603;0;4.0;1.1;0.0
41;2021-02-12;671;364;0;13650;3967;0;4.2;1.2;0.0
41;2021-02-13;17;14;0;13667;3981;0;4.2;1.2;0.0
41;2021-02-14;1;41;0;13668;4022;0;4.2;1.2;0.0
41;2021-02-15;323;320;0;13991;4342;0;4.3;1.3;0.0
41;2021-02-16;363;556;0;14354;4898;0;4.4;1.5;0.0
41;2021-02-17;344;475;0;14698;5373;0;4.5;1.6;0.0
41;2021-02-18;582;384;0;15280;5757;0;4.7;1.8;0.0
41;2021-02-19;460;353;0;15740;6110;0;4.8;1.9;0.0
41;2021-02-20;82;57;0;15822;6167;0;4.8;1.9;0.0
41;2021-02-21;0;0;0;15822;6167;0;4.8;1.9;0.0
41;2021-02-22;339;411;0;16161;6578;0;4.9;2.0;0.0
41;2021-02-23;482;355;0;16643;6933;0;5.1;2.1;0.0
41;2021-02-24;317;451;0;16960;7384;0;5.2;2.3;0.0
41;2021-02-25;667;469;0;17627;7853;0;5.4;2.4;0.0
41;2021-02-26;638;271;0;18265;8124;0;5.6;2.5;0.0
41;2021-02-27;178;15;0;18443;8139;0;5.6;2.5;0.0
41;2021-02-28;3;30;0;18446;8169;0;5.6;2.5;0.0
41;2021-03-01;333;336;0;18779;8505;0;5.7;2.6;0.0
41;2021-03-02;595;425;0;19374;8930;0;5.9;2.7;0.0
41;2021-03-03;534;467;0;19908;9397;0;6.1;2.9;0.0
41;2021-03-04;794;793;0;20702;10190;0;6.3;3.1;0.0
41;2021-03-05;858;652;0;21560;10842;0;6.6;3.3;0.0
41;2021-03-06;745;24;0;22305;10866;0;6.8;3.3;0.0
41;2021-03-07;468;26;0;22773;10892;0;6.9;3.3;0.0
41;2021-03-08;312;377;0;23085;11269;0;7.0;3.4;0.0
41;2021-03-09;1043;450;0;24128;11719;0;7.4;3.6;0.0
41;2021-03-10;776;464;0;24904;12183;0;7.6;3.7;0.0
41;2021-03-11;1176;678;0;26080;12861;0;8.0;3.9;0.0
41;2021-03-12;1188;413;0;27268;13274;0;8.3;4.0;0.0
41;2021-03-13;1191;25;0;28459;13299;0;8.7;4.1;0.0
41;2021-03-14;357;6;0;28816;13305;0;8.8;4.1;0.0
41;2021-03-15;786;354;0;29602;13659;0;9.0;4.2;0.0
41;2021-03-16;940;420;0;30542;14079;0;9.3;4.3;0.0
41;2021-03-17;585;256;0;31127;14335;0;9.5;4.4;0.0
41;2021-03-18;881;398;0;32008;14733;0;9.8;4.5;0.0
41;2021-03-19;915;332;0;32923;15065;0;10.0;4.6;0.0
41;2021-03-20;531;22;0;33454;15087;0;10.2;4.6;0.0
41;2021-03-21;8;0;0;33462;15087;0;10.2;4.6;0.0
41;2021-03-22;781;312;0;34243;15399;0;10.4;4.7;0.0
41;2021-03-23;1201;521;0;35444;15920;0;10.8;4.9;0.0
41;2021-03-24;1255;397;0;36699;16317;0;11.2;5.0;0.0
41;2021-03-25;1890;421;0;38589;16738;0;11.8;5.1;0.0
41;2021-03-26;1578;339;0;40167;17077;0;12.3;5.2;0.0
41;2021-03-27;467;68;0;40634;17145;0;12.4;5.2;0.0
41;2021-03-28;7;1;0;40641;17146;0;12.4;5.2;0.0
41;2021-03-29;928;312;0;41569;17458;0;12.7;5.3;0.0
41;2021-03-30;1463;542;0;43032;18000;0;13.1;5.5;0.0
41;2021-03-31;1140;516;0;44172;18516;0;13.5;5.6;0.0
41;2021-04-01;2105;540;0;46277;19056;0;14.1;5.8;0.0
41;2021-04-02;1251;469;0;47528;19525;0;14.5;6.0;0.0
41;2021-04-03;347;28;0;47875;19553;0;14.6;6.0;0.0
41;2021-04-04;54;3;0;47929;19556;0;14.6;6.0;0.0
41;2021-04-05;144;2;0;48073;19558;0;14.7;6.0;0.0
41;2021-04-06;1299;607;0;49372;20165;0;15.1;6.2;0.0
41;2021-04-07;1857;666;0;51229;20831;0;15.6;6.4;0.0
41;2021-04-08;2219;882;0;53448;21713;0;16.3;6.6;0.0
41;2021-04-09;2522;603;0;55970;22316;0;17.1;6.8;0.0
41;2021-04-10;1053;466;0;57023;22782;0;17.4;6.9;0.0
41;2021-04-11;293;346;0;57316;23128;0;17.5;7.1;0.0
41;2021-04-12;1714;634;0;59030;23762;0;18.0;7.2;0.0
41;2021-04-13;2249;897;0;61279;24659;0;18.7;7.5;0.0
41;2021-04-14;1845;558;0;63124;25217;0;19.3;7.7;0.0
41;2021-04-15;2396;935;0;65520;26152;0;20.0;8.0;0.0
41;2021-04-16;1983;620;0;67503;26772;0;20.6;8.2;0.0
41;2021-04-17;761;120;0;68264;26892;0;20.8;8.2;0.0
41;2021-04-18;26;9;0;68290;26901;0;20.8;8.2;0.0
41;2021-04-19;1299;662;0;69589;27563;0;21.2;8.4;0.0
41;2021-04-20;1967;1040;0;71556;28603;0;21.8;8.7;0.0
41;2021-04-21;1549;827;0;73105;29430;0;22.3;9.0;0.0
41;2021-04-22;2197;1385;0;75302;30815;0;23.0;9.4;0.0
41;2021-04-23;1737;1023;0;77039;31838;0;23.5;9.7;0.0
41;2021-04-24;1421;279;0;78460;32117;0;23.9;9.8;0.0
41;2021-04-25;792;15;0;79252;32132;0;24.2;9.8;0.0
41;2021-04-26;1382;638;0;80634;32770;0;24.6;10.0;0.0
41;2021-04-27;2113;1027;0;82747;33797;0;25.2;10.3;0.0
41;2021-04-28;1622;892;0;84369;34689;0;25.7;10.6;0.0
41;2021-04-29;2208;1312;0;86577;36001;0;26.4;11.0;0.0
41;2021-04-30;1993;870;0;88570;36871;0;27.0;11.2;0.0
41;2021-05-01;216;26;0;88786;36897;0;27.1;11.3;0.0
41;2021-05-02;134;22;0;88920;36919;0;27.1;11.3;0.0
41;2021-05-03;1828;953;0;90748;37872;0;27.7;11.6;0.0
41;2021-05-04;2044;1528;0;92792;39400;0;28.3;12.0;0.0
41;2021-05-05;1923;1230;0;94715;40630;0;28.9;12.4;0.0
41;2021-05-06;2352;1654;0;97067;42284;0;29.6;12.9;0.0
41;2021-05-07;2004;1814;0;99071;44098;0;30.2;13.5;0.0
41;2021-05-08;228;172;0;99299;44270;0;30.3;13.5;0.0
41;2021-05-09;34;373;0;99333;44643;0;30.3;13.6;0.0
41;2021-05-10;1585;1595;0;100918;46238;0;30.8;14.1;0.0
41;2021-05-11;1999;2057;0;102917;48295;0;31.4;14.7;0.0
41;2021-05-12;1954;1688;0;104871;49983;0;32.0;15.2;0.0
41;2021-05-13;1283;896;0;106154;50879;0;32.4;15.5;0.0
41;2021-05-14;1570;1348;0;107724;52227;0;32.9;15.9;0.0
41;2021-05-15;381;354;0;108105;52581;0;33.0;16.0;0.0
41;2021-05-16;41;13;0;108146;52594;0;33.0;16.0;0.0
41;2021-05-17;2363;618;0;110509;53212;0;33.7;16.2;0.0
41;2021-05-18;3026;1005;0;113535;54217;0;34.6;16.5;0.0
41;2021-05-19;2535;724;0;116070;54941;0;35.4;16.8;0.0
41;2021-05-20;3130;1107;0;119200;56048;0;36.4;17.1;0.0
41;2021-05-21;2560;1015;0;121760;57063;0;37.1;17.4;0.0
41;2021-05-22;528;259;0;122288;57322;0;37.3;17.5;0.0
41;2021-05-23;40;10;0;122328;57332;0;37.3;17.5;0.0
41;2021-05-24;2197;130;0;124525;57462;0;38.0;17.5;0.0
41;2021-05-25;2779;637;0;127304;58099;0;38.8;17.7;0.0
41;2021-05-26;2826;751;0;130130;58850;0;39.7;18.0;0.0
41;2021-05-27;3053;1168;0;133183;60018;0;40.6;18.3;0.0
41;2021-05-28;2978;1113;0;136161;61131;0;41.5;18.6;0.0
41;2021-05-29;2045;480;0;138206;61611;0;42.2;18.8;0.0
41;2021-05-30;316;41;0;138522;61652;0;42.3;18.8;0.0
41;2021-05-31;1838;1573;0;140360;63225;0;42.8;19.3;0.0
41;2021-06-01;2327;1932;0;142687;65157;0;43.5;19.9;0.0
41;2021-06-02;1977;1331;0;144664;66488;0;44.1;20.3;0.0
41;2021-06-03;2639;1892;0;147303;68380;0;44.9;20.9;0.0
41;2021-06-04;2326;1964;0;149629;70344;0;45.6;21.5;0.0
41;2021-06-05;889;1401;0;150518;71745;0;45.9;21.9;0.0
41;2021-06-06;135;742;0;150653;72487;0;46.0;22.1;0.0
41;2021-06-07;1664;1640;0;152317;74127;0;46.5;22.6;0.0
41;2021-06-08;1889;2322;0;154206;76449;0;47.0;23.3;0.0
41;2021-06-09;1816;1655;0;156022;78104;0;47.6;23.8;0.0
41;2021-06-10;2144;1813;0;158166;79917;0;48.2;24.4;0.0
41;2021-06-11;1738;1834;0;159904;81751;0;48.8;24.9;0.0
41;2021-06-12;912;739;0;160816;82490;0;49.1;25.2;0.0
41;2021-06-13;60;84;0;160876;82574;0;49.1;25.2;0.0
41;2021-06-14;1466;1989;0;162342;84563;0;49.5;25.8;0.0
41;2021-06-15;1989;2679;0;164331;87242;0;50.1;26.6;0.0
41;2021-06-16;1918;2333;0;166249;89575;0;50.7;27.3;0.0
41;2021-06-17;2008;2469;0;168257;92044;0;51.3;28.1;0.0
41;2021-06-18;1801;2361;0;170058;94405;0;51.9;28.8;0.0
41;2021-06-19;667;612;0;170725;95017;0;52.1;29.0;0.0
41;2021-06-20;34;49;0;170759;95066;0;52.1;29.0;0.0
41;2021-06-21;1437;1828;0;172196;96894;0;52.5;29.6;0.0
41;2021-06-22;1705;2472;0;173901;99366;0;53.0;30.3;0.0
41;2021-06-23;1519;2059;0;175420;101425;0;53.5;30.9;0.0
41;2021-06-24;1494;2165;0;176914;103590;0;54.0;31.6;0.0
41;2021-06-25;1343;2603;0;178257;106193;0;54.4;32.4;0.0
41;2021-06-26;614;780;0;178871;106973;0;54.6;32.6;0.0
41;2021-06-27;13;50;0;178884;107023;0;54.6;32.6;0.0
41;2021-06-28;569;2713;0;179453;109736;0;54.7;33.5;0.0
41;2021-06-29;824;3366;0;180277;113102;0;55.0;34.5;0.0
41;2021-06-30;731;3073;0;181008;116175;0;55.2;35.4;0.0
41;2021-07-01;879;3017;0;181887;119192;0;55.5;36.4;0.0
41;2021-07-02;792;3381;0;182679;122573;0;55.7;37.4;0.0
41;2021-07-03;405;852;0;183084;123425;0;55.8;37.6;0.0
41;2021-07-04;14;36;0;183098;123461;0;55.9;37.7;0.0
41;2021-07-05;540;2822;0;183638;126283;0;56.0;38.5;0.0
41;2021-07-06;826;3475;0;184464;129758;0;56.3;39.6;0.0
41;2021-07-07;742;3155;0;185206;132913;0;56.5;40.5;0.0
41;2021-07-08;1126;3372;0;186332;136285;0;56.8;41.6;0.0
41;2021-07-09;761;3628;0;187093;139913;0;57.1;42.7;0.0
41;2021-07-10;437;2180;0;187530;142093;0;57.2;43.3;0.0
41;2021-07-11;18;287;0;187548;142380;0;57.2;43.4;0.0
41;2021-07-12;993;2586;0;188541;144966;0;57.5;44.2;0.0
41;2021-07-13;1370;3479;0;189911;148445;0;57.9;45.3;0.0
41;2021-07-14;247;1057;0;190158;149502;0;58.0;45.6;0.0
41;2021-07-15;1543;3477;0;191701;152979;0;58.5;46.7;0.0
41;2021-07-16;1330;3491;0;193031;156470;0;58.9;47.7;0.0
41;2021-07-17;602;1106;0;193633;157576;0;59.1;48.1;0.0
41;2021-07-18;55;67;0;193688;157643;0;59.1;48.1;0.0
41;2021-07-19;1366;2534;0;195054;160177;0;59.5;48.9;0.0
41;2021-07-20;1826;2929;0;196880;163106;0;60.1;49.8;0.0
41;2021-07-21;2012;2453;0;198892;165559;0;60.7;50.5;0.0
41;2021-07-22;2496;2591;0;201388;168150;0;61.4;51.3;0.0
41;2021-07-23;2308;2721;0;203696;170871;0;62.1;52.1;0.0
41;2021-07-24;538;1227;0;204234;172098;0;62.3;52.5;0.0
41;2021-07-25;58;50;0;204292;172148;0;62.3;52.5;0.0
41;2021-07-26;1947;2017;0;206239;174165;0;62.9;53.1;0.0
41;2021-07-27;2709;2504;0;208948;176669;0;63.7;53.9;0.0
41;2021-07-28;2445;2068;0;211393;178737;0;64.5;54.5;0.0
41;2021-07-29;2558;2268;0;213951;181005;0;65.3;55.2;0.0
41;2021-07-30;2316;2310;0;216267;183315;0;66.0;55.9;0.0
41;2021-07-31;678;815;0;216945;184130;0;66.2;56.2;0.0
41;2021-08-01;54;30;0;216999;184160;0;66.2;56.2;0.0
41;2021-08-02;1662;1843;0;218661;186003;0;66.7;56.7;0.0
41;2021-08-03;2607;2014;0;221268;188017;0;67.5;57.4;0.0
41;2021-08-04;2537;1404;0;223805;189421;0;68.3;57.8;0.0
41;2021-08-05;2891;1379;0;226696;190800;0;69.1;58.2;0.0
41;2021-08-06;2217;1361;0;228913;192161;0;69.8;58.6;0.0
41;2021-08-07;640;441;0;229553;192602;0;70.0;58.7;0.0
41;2021-08-08;46;39;0;229599;192641;0;70.0;58.8;0.0
41;2021-08-09;1688;1363;0;231287;194004;0;70.5;59.2;0.0
41;2021-08-10;2388;1488;0;233675;195492;0;71.3;59.6;0.0
41;2021-08-11;1554;1539;0;235229;197031;0;71.8;60.1;0.0
41;2021-08-12;1858;1460;0;237087;198491;0;72.3;60.5;0.0
41;2021-08-13;1427;1712;0;238514;200203;0;72.8;61.1;0.0
41;2021-08-14;410;344;0;238924;200547;0;72.9;61.2;0.0
41;2021-08-15;13;28;0;238937;200575;0;72.9;61.2;0.0
41;2021-08-16;889;2058;0;239826;202633;0;73.2;61.8;0.0
41;2021-08-17;1446;1818;0;241272;204451;0;73.6;62.4;0.0
41;2021-08-18;1170;2106;0;242442;206557;0;74.0;63.0;0.0
41;2021-08-19;1208;1735;0;243650;208292;0;74.3;63.5;0.0
41;2021-08-20;945;2383;0;244595;210675;0;74.6;64.3;0.0
41;2021-08-21;233;410;0;244828;211085;0;74.7;64.4;0.0
41;2021-08-22;7;54;0;244835;211139;0;74.7;64.4;0.0
41;2021-08-23;696;2288;0;245531;213427;0;74.9;65.1;0.0
41;2021-08-24;1223;2247;0;246754;215674;0;75.3;65.8;0.0
41;2021-08-25;643;2285;0;247397;217959;0;75.5;66.5;0.0
41;2021-08-26;774;2627;0;248171;220586;0;75.7;67.3;0.0
41;2021-08-27;619;2757;0;248790;223343;0;75.9;68.1;0.0
41;2021-08-28;141;773;0;248931;224116;0;75.9;68.4;0.0
41;2021-08-29;43;44;0;248974;224160;0;75.9;68.4;0.0
41;2021-08-30;712;2193;7;249686;226353;7;76.2;69.0;0.0
41;2021-08-31;708;2458;45;250394;228811;52;76.4;69.8;0.0
41;2021-09-01;571;1861;118;250965;230672;170;76.6;70.4;0.1
41;2021-09-02;514;1924;120;251479;232596;290;76.7;70.9;0.1
41;2021-09-03;630;2056;125;252109;234652;415;76.9;71.6;0.1
41;2021-09-04;232;729;39;252341;235381;454;77.0;71.8;0.1
41;2021-09-05;7;23;7;252348;235404;461;77.0;71.8;0.1
41;2021-09-06;318;1032;145;252666;236436;606;77.1;72.1;0.2
41;2021-09-07;389;1130;174;253055;237566;780;77.2;72.5;0.2
41;2021-09-08;376;1281;116;253431;238847;896;77.3;72.9;0.3
41;2021-09-09;302;1102;143;253733;239949;1039;77.4;73.2;0.3
41;2021-09-10;435;1250;191;254168;241199;1230;77.5;73.6;0.4
41;2021-09-11;155;528;30;254323;241727;1260;77.6;73.7;0.4
41;2021-09-12;5;8;1;254328;241735;1261;77.6;73.7;0.4
41;2021-09-13;236;637;247;254564;242372;1508;77.7;73.9;0.5
41;2021-09-14;333;734;255;254897;243106;1763;77.8;74.2;0.5
41;2021-09-15;298;1129;244;255195;244235;2007;77.8;74.5;0.6
41;2021-09-16;241;800;237;255436;245035;2244;77.9;74.7;0.7
41;2021-09-17;379;738;281;255815;245773;2525;78.0;75.0;0.8
41;2021-09-18;129;262;21;255944;246035;2546;78.1;75.0;0.8
41;2021-09-19;3;19;0;255947;246054;2546;78.1;75.1;0.8
41;2021-09-20;189;562;262;256136;246616;2808;78.1;75.2;0.9
41;2021-09-21;180;487;287;256316;247103;3095;78.2;75.4;0.9
41;2021-09-22;278;876;347;256594;247979;3442;78.3;75.6;1.0
41;2021-09-23;223;612;587;256817;248591;4029;78.3;75.8;1.2
41;2021-09-24;315;648;469;257132;249239;4498;78.4;76.0;1.4
41;2021-09-25;104;322;83;257236;249561;4581;78.5;76.1;1.4
41;2021-09-26;0;9;6;257236;249570;4587;78.5;76.1;1.4
41;2021-09-27;162;380;294;257398;249950;4881;78.5;76.2;1.5
41;2021-09-28;163;395;400;257561;250345;5281;78.6;76.4;1.6
41;2021-09-29;176;530;280;257737;250875;5561;78.6;76.5;1.7
41;2021-09-30;117;326;482;257854;251201;6043;78.7;76.6;1.8
41;2021-10-01;235;406;380;258089;251607;6423;78.7;76.7;2.0
41;2021-10-02;100;196;65;258189;251803;6488;78.8;76.8;2.0
41;2021-10-03;4;5;1;258193;251808;6489;78.8;76.8;2.0
41;2021-10-04;119;259;394;258312;252067;6883;78.8;76.9;2.1
41;2021-10-05;123;262;547;258435;252329;7430;78.8;77.0;2.3
41;2021-10-06;238;433;524;258673;252762;7954;78.9;77.1;2.4
41;2021-10-07;119;178;539;258792;252940;8493;78.9;77.2;2.6
41;2021-10-08;201;475;635;258993;253415;9128;79.0;77.3;2.8
41;2021-10-09;80;219;135;259073;253634;9263;79.0;77.4;2.8
41;2021-10-10;4;13;3;259077;253647;9266;79.0;77.4;2.8
41;2021-10-11;126;218;461;259203;253865;9727;79.1;77.4;3.0
41;2021-10-12;73;169;405;259276;254034;10132;79.1;77.5;3.1
41;2021-10-13;188;315;522;259464;254349;10654;79.1;77.6;3.2
41;2021-10-14;78;133;435;259542;254482;11089;79.2;77.6;3.4
41;2021-10-15;177;458;675;259719;254940;11764;79.2;77.8;3.6
41;2021-10-16;54;115;107;259773;255055;11871;79.2;77.8;3.6
41;2021-10-17;1;3;2;259774;255058;11873;79.2;77.8;3.6
41;2021-10-18;140;221;503;259914;255279;12376;79.3;77.9;3.8
41;2021-10-19;76;146;441;259990;255425;12817;79.3;77.9;3.9
41;2021-10-20;166;269;674;260156;255694;13491;79.4;78.0;4.1
41;2021-10-21;62;72;340;260218;255766;13831;79.4;78.0;4.2
41;2021-10-22;126;315;682;260344;256081;14513;79.4;78.1;4.4
41;2021-10-23;52;69;149;260396;256150;14662;79.4;78.1;4.5
41;2021-10-24;2;5;1;260398;256155;14663;79.4;78.1;4.5
41;2021-10-25;137;157;622;260535;256312;15285;79.5;78.2;4.7
41;2021-10-26;72;88;430;260607;256400;15715;79.5;78.2;4.8
41;2021-10-27;170;235;825;260777;256635;16540;79.5;78.3;5.0
41;2021-10-28;58;137;291;260835;256772;16831;79.6;78.3;5.1
41;2021-10-29;149;232;900;260984;257004;17731;79.6;78.4;5.4
41;2021-10-30;35;55;142;261019;257059;17873;79.6;78.4;5.5
41;2021-10-31;2;7;0;261021;257066;17873;79.6;78.4;5.5
41;2021-11-01;8;10;10;261029;257076;17883;79.6;78.4;5.5
41;2021-11-02;45;81;268;261074;257157;18151;79.6;78.4;5.5
41;2021-11-03;116;179;586;261190;257336;18737;79.7;78.5;5.7
41;2021-11-04;55;79;435;261245;257415;19172;79.7;78.5;5.8
41;2021-11-05;127;204;1225;261372;257619;20397;79.7;78.6;6.2
41;2021-11-06;60;75;317;261432;257694;20714;79.7;78.6;6.3
41;2021-11-07;0;7;8;261432;257701;20722;79.7;78.6;6.3
41;2021-11-08;60;160;1142;261492;257861;21864;79.8;78.7;6.7
41;2021-11-09;76;79;801;261568;257940;22665;79.8;78.7;6.9
41;2021-11-10;102;137;1010;261670;258077;23675;79.8;78.7;7.2
41;2021-11-11;2;11;15;261672;258088;23690;79.8;78.7;7.2
41;2021-11-12;98;122;926;261770;258210;24616;79.8;78.8;7.5
41;2021-11-13;57;84;287;261827;258294;24903;79.9;78.8;7.6
41;2021-11-14;4;6;5;261831;258300;24908;79.9;78.8;7.6
41;2021-11-15;81;85;978;261912;258385;25886;79.9;78.8;7.9
41;2021-11-16;74;70;1175;261986;258455;27061;79.9;78.8;8.3
41;2021-11-17;117;158;1106;262103;258613;28167;79.9;78.9;8.6
41;2021-11-18;100;114;1135;262203;258727;29302;80.0;78.9;8.9
41;2021-11-19;124;125;1527;262327;258852;30829;80.0;79.0;9.4
41;2021-11-20;80;83;498;262407;258935;31327;80.0;79.0;9.6
41;2021-11-21;2;2;28;262409;258937;31355;80.0;79.0;9.6
41;2021-11-22;69;63;1321;262478;259000;32676;80.1;79.0;10.0
41;2021-11-23;81;67;1188;262559;259067;33864;80.1;79.0;10.3
41;2021-11-24;116;112;1477;262675;259179;35341;80.1;79.1;10.8
41;2021-11-25;86;73;1409;262761;259252;36750;80.2;79.1;11.2
41;2021-11-26;139;137;2505;262900;259389;39255;80.2;79.1;12.0
41;2021-11-27;82;80;818;262982;259469;40073;80.2;79.1;12.2
41;2021-11-28;2;5;30;262984;259474;40103;80.2;79.1;12.2
41;2021-11-29;77;65;2345;263061;259539;42448;80.2;79.2;12.9
41;2021-11-30;65;86;1858;263126;259625;44306;80.3;79.2;13.5
41;2021-12-01;88;115;3250;263214;259740;47556;80.3;79.2;14.5
41;2021-12-02;93;75;2901;263307;259815;50457;80.3;79.3;15.4
41;2021-12-03;90;109;3517;263397;259924;53974;80.3;79.3;16.5
41;2021-12-04;57;81;1281;263454;260005;55255;80.4;79.3;16.9
41;2021-12-05;12;8;223;263466;260013;55478;80.4;79.3;16.9
41;2021-12-06;50;61;3562;263516;260074;59040;80.4;79.3;18.0
41;2021-12-07;102;120;4448;263618;260194;63488;80.4;79.4;19.4
41;2021-12-08;95;118;3930;263713;260312;67418;80.4;79.4;20.6
41;2021-12-09;106;106;4246;263819;260418;71664;80.5;79.4;21.9
41;2021-12-10;103;142;4442;263922;260560;76106;80.5;79.5;23.2
41;2021-12-11;54;62;1681;263976;260622;77787;80.5;79.5;23.7
41;2021-12-12;8;7;276;263984;260629;78063;80.5;79.5;23.8
41;2021-12-13;52;85;3674;264036;260714;81737;80.5;79.5;24.9
41;2021-12-14;94;113;5343;264130;260827;87080;80.6;79.6;26.6
41;2021-12-15;100;114;4466;264230;260941;91546;80.6;79.6;27.9
41;2021-12-16;123;131;5040;264353;261072;96586;80.6;79.6;29.5
41;2021-12-17;146;190;5455;264499;261262;102041;80.7;79.7;31.1
41;2021-12-18;108;88;3170;264607;261350;105211;80.7;79.7;32.1
41;2021-12-19;8;8;559;264615;261358;105770;80.7;79.7;32.3
41;2021-12-20;88;100;3420;264703;261458;109190;80.7;79.8;33.3
41;2021-12-21;163;120;4212;264866;261578;113402;80.8;79.8;34.6
41;2021-12-22;152;123;3718;265018;261701;117120;80.8;79.8;35.7
42;2020-12-27;0;0;0;0;0;0;0.0;0.0;0.0
42;2020-12-28;3;0;0;3;0;0;0.0;0.0;0.0
42;2020-12-29;1;0;0;4;0;0;0.0;0.0;0.0
42;2020-12-30;0;0;0;4;0;0;0.0;0.0;0.0
42;2020-12-31;0;0;0;4;0;0;0.0;0.0;0.0
42;2021-01-01;0;0;0;4;0;0;0.0;0.0;0.0
42;2021-01-02;0;0;0;4;0;0;0.0;0.0;0.0
42;2021-01-03;0;0;0;4;0;0;0.0;0.0;0.0
42;2021-01-04;2;0;0;6;0;0;0.0;0.0;0.0
42;2021-01-05;3;0;0;9;0;0;0.0;0.0;0.0
42;2021-01-06;169;1;0;178;1;0;0.0;0.0;0.0
42;2021-01-07;252;0;0;430;1;0;0.1;0.0;0.0
42;2021-01-08;260;4;0;690;5;0;0.1;0.0;0.0
42;2021-01-09;130;1;0;820;6;0;0.1;0.0;0.0
42;2021-01-10;0;0;0;820;6;0;0.1;0.0;0.0
42;2021-01-11;282;2;0;1102;8;0;0.1;0.0;0.0
42;2021-01-12;403;1;0;1505;9;0;0.2;0.0;0.0
42;2021-01-13;501;2;0;2006;11;0;0.3;0.0;0.0
42;2021-01-14;755;5;0;2761;16;0;0.4;0.0;0.0
42;2021-01-15;692;3;0;3453;19;0;0.5;0.0;0.0
42;2021-01-16;281;2;0;3734;21;0;0.5;0.0;0.0
42;2021-01-17;211;0;0;3945;21;0;0.5;0.0;0.0
42;2021-01-18;952;0;0;4897;21;0;0.6;0.0;0.0
42;2021-01-19;1262;10;0;6159;31;0;0.8;0.0;0.0
42;2021-01-20;938;4;0;7097;35;0;0.9;0.0;0.0
42;2021-01-21;992;3;0;8089;38;0;1.1;0.0;0.0
42;2021-01-22;962;6;0;9051;44;0;1.2;0.0;0.0
42;2021-01-23;400;0;0;9451;44;0;1.2;0.0;0.0
42;2021-01-24;346;0;0;9797;44;0;1.3;0.0;0.0
42;2021-01-25;1090;11;0;10887;55;0;1.4;0.0;0.0
42;2021-01-26;1666;18;0;12553;73;0;1.6;0.0;0.0
42;2021-01-27;1410;118;0;13963;191;0;1.8;0.0;0.0
42;2021-01-28;1615;138;0;15578;329;0;2.0;0.0;0.0
42;2021-01-29;929;107;0;16507;436;0;2.2;0.1;0.0
42;2021-01-30;259;109;0;16766;545;0;2.2;0.1;0.0
42;2021-01-31;247;2;0;17013;547;0;2.2;0.1;0.0
42;2021-02-01;709;65;0;17722;612;0;2.3;0.1;0.0
42;2021-02-02;1809;307;0;19531;919;0;2.6;0.1;0.0
42;2021-02-03;1456;470;0;20987;1389;0;2.7;0.2;0.0
42;2021-02-04;1240;595;0;22227;1984;0;2.9;0.3;0.0
42;2021-02-05;694;491;0;22921;2475;0;3.0;0.3;0.0
42;2021-02-06;303;133;0;23224;2608;0;3.0;0.3;0.0
42;2021-02-07;251;143;0;23475;2751;0;3.1;0.4;0.0
42;2021-02-08;512;591;0;23987;3342;0;3.1;0.4;0.0
42;2021-02-09;710;792;0;24697;4134;0;3.2;0.5;0.0
42;2021-02-10;739;683;0;25436;4817;0;3.3;0.6;0.0
42;2021-02-11;754;714;0;26190;5531;0;3.4;0.7;0.0
42;2021-02-12;680;744;0;26870;6275;0;3.5;0.8;0.0
42;2021-02-13;310;258;0;27180;6533;0;3.6;0.9;0.0
42;2021-02-14;178;207;0;27358;6740;0;3.6;0.9;0.0
42;2021-02-15;516;792;0;27874;7532;0;3.6;1.0;0.0
42;2021-02-16;494;1152;0;28368;8684;0;3.7;1.1;0.0
42;2021-02-17;535;1472;0;28903;10156;0;3.8;1.3;0.0
42;2021-02-18;750;1331;0;29653;11487;0;3.9;1.5;0.0
42;2021-02-19;751;952;0;30404;12439;0;4.0;1.6;0.0
42;2021-02-20;228;411;0;30632;12850;0;4.0;1.7;0.0
42;2021-02-21;61;317;0;30693;13167;0;4.0;1.7;0.0
42;2021-02-22;535;906;0;31228;14073;0;4.1;1.8;0.0
42;2021-02-23;1158;1395;0;32386;15468;0;4.2;2.0;0.0
42;2021-02-24;1199;1209;0;33585;16677;0;4.4;2.2;0.0
42;2021-02-25;1583;1337;0;35168;18014;0;4.6;2.4;0.0
42;2021-02-26;1575;940;0;36743;18954;0;4.8;2.5;0.0
42;2021-02-27;520;270;0;37263;19224;0;4.9;2.5;0.0
42;2021-02-28;159;120;0;37422;19344;0;4.9;2.5;0.0
42;2021-03-01;785;808;0;38207;20152;0;5.0;2.6;0.0
42;2021-03-02;1254;814;0;39461;20966;0;5.2;2.7;0.0
42;2021-03-03;1396;822;0;40857;21788;0;5.3;2.8;0.0
42;2021-03-04;1686;742;0;42543;22530;0;5.6;2.9;0.0
42;2021-03-05;2498;672;0;45041;23202;0;5.9;3.0;0.0
42;2021-03-06;1810;282;0;46851;23484;0;6.1;3.1;0.0
42;2021-03-07;1358;95;0;48209;23579;0;6.3;3.1;0.0
42;2021-03-08;1350;530;0;49559;24109;0;6.5;3.2;0.0
42;2021-03-09;1965;481;0;51524;24590;0;6.7;3.2;0.0
42;2021-03-10;2072;542;0;53596;25132;0;7.0;3.3;0.0
42;2021-03-11;2976;647;0;56572;25779;0;7.4;3.4;0.0
42;2021-03-12;3005;833;0;59577;26612;0;7.8;3.5;0.0
42;2021-03-13;1493;350;0;61070;26962;0;8.0;3.5;0.0
42;2021-03-14;454;170;0;61524;27132;0;8.0;3.5;0.0
42;2021-03-15;1593;587;0;63117;27719;0;8.3;3.6;0.0
42;2021-03-16;1459;778;0;64576;28497;0;8.4;3.7;0.0
42;2021-03-17;1683;1020;0;66259;29517;0;8.7;3.9;0.0
42;2021-03-18;1788;980;0;68047;30497;0;8.9;4.0;0.0
42;2021-03-19;2547;690;0;70594;31187;0;9.2;4.1;0.0
42;2021-03-20;1581;230;0;72175;31417;0;9.4;4.1;0.0
42;2021-03-21;496;99;0;72671;31516;0;9.5;4.1;0.0
42;2021-03-22;1457;743;0;74128;32259;0;9.7;4.2;0.0
42;2021-03-23;2488;869;0;76616;33128;0;10.0;4.3;0.0
42;2021-03-24;2757;797;0;79373;33925;0;10.4;4.4;0.0
42;2021-03-25;3732;939;0;83105;34864;0;10.9;4.6;0.0
42;2021-03-26;3774;791;0;86879;35655;0;11.4;4.7;0.0
42;2021-03-27;1819;430;0;88698;36085;0;11.6;4.7;0.0
42;2021-03-28;997;204;0;89695;36289;0;11.7;4.7;0.0
42;2021-03-29;2094;921;0;91789;37210;0;12.0;4.9;0.0
42;2021-03-30;3188;870;0;94977;38080;0;12.4;5.0;0.0
42;2021-03-31;2497;1099;0;97474;39179;0;12.7;5.1;0.0
42;2021-04-01;3387;1050;0;100861;40229;0;13.2;5.3;0.0
42;2021-04-02;2862;1196;0;103723;41425;0;13.6;5.4;0.0
42;2021-04-03;1369;586;0;105092;42011;0;13.7;5.5;0.0
42;2021-04-04;1341;366;0;106433;42377;0;13.9;5.5;0.0
42;2021-04-05;1847;286;0;108280;42663;0;14.2;5.6;0.0
42;2021-04-06;2236;1414;0;110516;44077;0;14.5;5.8;0.0
42;2021-04-07;2693;1834;0;113209;45911;0;14.8;6.0;0.0
42;2021-04-08;3990;1586;0;117199;47497;0;15.3;6.2;0.0
42;2021-04-09;5048;1528;0;122247;49025;0;16.0;6.4;0.0
42;2021-04-10;2566;762;0;124813;49787;0;16.3;6.5;0.0
42;2021-04-11;1844;412;0;126657;50199;0;16.6;6.6;0.0
42;2021-04-12;3571;1546;0;130228;51745;0;17.0;6.8;0.0
42;2021-04-13;4427;1799;0;134655;53544;0;17.6;7.0;0.0
42;2021-04-14;4099;1881;0;138754;55425;0;18.1;7.2;0.0
42;2021-04-15;4616;1824;0;143370;57249;0;18.7;7.5;0.0
42;2021-04-16;4370;1875;0;147740;59124;0;19.3;7.7;0.0
42;2021-04-17;2778;1024;0;150518;60148;0;19.7;7.9;0.0
42;2021-04-18;1619;395;0;152137;60543;0;19.9;7.9;0.0
42;2021-04-19;2829;1521;0;154966;62064;0;20.3;8.1;0.0
42;2021-04-20;3285;1945;0;158251;64009;0;20.7;8.4;0.0
42;2021-04-21;3280;1778;0;161531;65787;0;21.1;8.6;0.0
42;2021-04-22;3521;1933;0;165052;67720;0;21.6;8.9;0.0
42;2021-04-23;3545;2027;0;168597;69747;0;22.0;9.1;0.0
42;2021-04-24;2123;1494;0;170720;71241;0;22.3;9.3;0.0
42;2021-04-25;1372;894;0;172092;72135;0;22.5;9.4;0.0
42;2021-04-26;2956;1735;0;175048;73870;0;22.9;9.7;0.0
42;2021-04-27;2994;2249;0;178042;76119;0;23.3;10.0;0.0
42;2021-04-28;3190;2590;0;181232;78709;0;23.7;10.3;0.0
42;2021-04-29;3599;2747;0;184831;81456;0;24.2;10.7;0.0
42;2021-04-30;3167;2996;0;187998;84452;0;24.6;11.0;0.0
42;2021-05-01;2587;1003;0;190585;85455;0;24.9;11.2;0.0
42;2021-05-02;1728;1218;0;192313;86673;0;25.1;11.3;0.0
42;2021-05-03;2724;2715;0;195037;89388;0;25.5;11.7;0.0
42;2021-05-04;3274;3080;0;198311;92468;0;25.9;12.1;0.0
42;2021-05-05;3178;3262;0;201489;95730;0;26.3;12.5;0.0
42;2021-05-06;3708;3669;0;205197;99399;0;26.8;13.0;0.0
42;2021-05-07;3508;3916;0;208705;103315;0;27.3;13.5;0.0
42;2021-05-08;2804;1006;0;211509;104321;0;27.7;13.6;0.0
42;2021-05-09;1436;2012;0;212945;106333;0;27.8;13.9;0.0
42;2021-05-10;3043;3681;0;215988;110014;0;28.2;14.4;0.0
42;2021-05-11;4965;3738;0;220953;113752;0;28.9;14.9;0.0
42;2021-05-12;4711;3419;0;225664;117171;0;29.5;15.3;0.0
42;2021-05-13;4911;1116;0;230575;118287;0;30.2;15.5;0.0
42;2021-05-14;4749;2769;0;235324;121056;0;30.8;15.8;0.0
42;2021-05-15;4274;1954;0;239598;123010;0;31.3;16.1;0.0
42;2021-05-16;2462;943;0;242060;123953;0;31.7;16.2;0.0
42;2021-05-17;5304;2705;0;247364;126658;0;32.3;16.6;0.0
42;2021-05-18;5607;2863;0;252971;129521;0;33.1;16.9;0.0
42;2021-05-19;5686;2616;0;258657;132137;0;33.8;17.3;0.0
42;2021-05-20;6081;2778;0;264738;134915;0;34.6;17.6;0.0
42;2021-05-21;5352;3070;0;270090;137985;0;35.3;18.0;0.0
42;2021-05-22;4322;1955;0;274412;139940;0;35.9;18.3;0.0
42;2021-05-23;2191;763;0;276603;140703;0;36.2;18.4;0.0
42;2021-05-24;3862;1226;0;280465;141929;0;36.7;18.6;0.0
42;2021-05-25;4330;3677;0;284795;145606;0;37.2;19.0;0.0
42;2021-05-26;4381;3198;0;289176;148804;0;37.8;19.5;0.0
42;2021-05-27;4647;3426;0;293823;152230;0;38.4;19.9;0.0
42;2021-05-28;4369;3948;0;298192;156178;0;39.0;20.4;0.0
42;2021-05-29;3325;2653;0;301517;158831;0;39.4;20.8;0.0
42;2021-05-30;1527;1066;0;303044;159897;0;39.6;20.9;0.0
42;2021-05-31;3654;3140;0;306698;163037;0;40.1;21.3;0.0
42;2021-06-01;4175;3387;0;310873;166424;0;40.7;21.8;0.0
42;2021-06-02;3914;2806;0;314787;169230;0;41.2;22.1;0.0
42;2021-06-03;4402;3634;0;319189;172864;0;41.7;22.6;0.0
42;2021-06-04;4348;3925;0;323537;176789;0;42.3;23.1;0.0
42;2021-06-05;2950;2153;0;326487;178942;0;42.7;23.4;0.0
42;2021-06-06;1206;1099;0;327693;180041;0;42.9;23.5;0.0
42;2021-06-07;3593;3060;0;331286;183101;0;43.3;23.9;0.0
42;2021-06-08;3200;3080;0;334486;186181;0;43.7;24.3;0.0
42;2021-06-09;2856;3005;0;337342;189186;0;44.1;24.7;0.0
42;2021-06-10;3106;2848;0;340448;192034;0;44.5;25.1;0.0
42;2021-06-11;3423;3844;0;343871;195878;0;45.0;25.6;0.0
42;2021-06-12;2507;2629;0;346378;198507;0;45.3;26.0;0.0
42;2021-06-13;884;1155;0;347262;199662;0;45.4;26.1;0.0
42;2021-06-14;2258;3829;0;349520;203491;0;45.7;26.6;0.0
42;2021-06-15;2691;3902;0;352211;207393;0;46.1;27.1;0.0
42;2021-06-16;2821;3376;0;355032;210769;0;46.4;27.6;0.0
42;2021-06-17;2529;3640;0;357561;214409;0;46.8;28.0;0.0
42;2021-06-18;3058;4865;0;360619;219274;0;47.2;28.7;0.0
42;2021-06-19;2504;3710;0;363123;222984;0;47.5;29.2;0.0
42;2021-06-20;809;1667;0;363932;224651;0;47.6;29.4;0.0
42;2021-06-21;1846;5685;0;365778;230336;0;47.8;30.1;0.0
42;2021-06-22;1813;5487;0;367591;235823;0;48.1;30.8;0.0
42;2021-06-23;1818;4953;0;369409;240776;0;48.3;31.5;0.0
42;2021-06-24;1803;4388;0;371212;245164;0;48.5;32.1;0.0
42;2021-06-25;1964;6396;0;373176;251560;0;48.8;32.9;0.0
42;2021-06-26;1296;5048;0;374472;256608;0;49.0;33.6;0.0
42;2021-06-27;689;2500;0;375161;259108;0;49.1;33.9;0.0
42;2021-06-28;1674;6297;0;376835;265405;0;49.3;34.7;0.0
42;2021-06-29;1474;5918;0;378309;271323;0;49.5;35.5;0.0
42;2021-06-30;1852;5171;0;380161;276494;0;49.7;36.2;0.0
42;2021-07-01;1881;4717;0;382042;281211;0;50.0;36.8;0.0
42;2021-07-02;2200;6090;0;384242;287301;0;50.2;37.6;0.0
42;2021-07-03;1580;4825;0;385822;292126;0;50.5;38.2;0.0
42;2021-07-04;811;2083;0;386633;294209;0;50.6;38.5;0.0
42;2021-07-05;1743;5574;0;388376;299783;0;50.8;39.2;0.0
42;2021-07-06;2026;5053;0;390402;304836;0;51.1;39.9;0.0
42;2021-07-07;2295;4272;0;392697;309108;0;51.4;40.4;0.0
42;2021-07-08;2246;3737;0;394943;312845;0;51.6;40.9;0.0
42;2021-07-09;2413;5602;0;397356;318447;0;52.0;41.6;0.0
42;2021-07-10;1544;4685;0;398900;323132;0;52.2;42.3;0.0
42;2021-07-11;875;1932;0;399775;325064;0;52.3;42.5;0.0
42;2021-07-12;1706;5649;0;401481;330713;0;52.5;43.2;0.0
42;2021-07-13;3380;5879;0;404861;336592;0;52.9;44.0;0.0
42;2021-07-14;3792;1826;0;408653;338418;0;53.4;44.3;0.0
42;2021-07-15;4346;5413;0;412999;343831;0;54.0;45.0;0.0
42;2021-07-16;4180;5836;0;417179;349667;0;54.6;45.7;0.0
42;2021-07-17;2999;4169;0;420178;353836;0;54.9;46.3;0.0
42;2021-07-18;1749;1659;0;421927;355495;0;55.2;46.5;0.0
42;2021-07-19;3432;4808;0;425359;360303;0;55.6;47.1;0.0
42;2021-07-20;4329;4680;0;429688;364983;0;56.2;47.7;0.0
42;2021-07-21;4674;4418;0;434362;369401;0;56.8;48.3;0.0
42;2021-07-22;5110;3864;0;439472;373265;0;57.5;48.8;0.0
42;2021-07-23;5022;4944;0;444494;378209;0;58.1;49.5;0.0
42;2021-07-24;3476;3533;0;447970;381742;0;58.6;49.9;0.0
42;2021-07-25;1443;1267;0;449413;383009;0;58.8;50.1;0.0
42;2021-07-26;4334;4103;0;453747;387112;0;59.3;50.6;0.0
42;2021-07-27;5038;3869;0;458785;390981;0;60.0;51.1;0.0
42;2021-07-28;5262;3537;0;464047;394518;0;60.7;51.6;0.0
42;2021-07-29;5293;3320;0;469340;397838;0;61.4;52.0;0.0
42;2021-07-30;4781;3692;0;474121;401530;0;62.0;52.5;0.0
42;2021-07-31;4144;2847;0;478265;404377;0;62.5;52.9;0.0
42;2021-08-01;2268;1211;0;480533;405588;0;62.8;53.0;0.0
42;2021-08-02;4141;2939;0;484674;408527;0;63.4;53.4;0.0
42;2021-08-03;3708;3150;0;488382;411677;0;63.9;53.8;0.0
42;2021-08-04;3447;3064;0;491829;414741;0;64.3;54.2;0.0
42;2021-08-05;3345;3172;0;495174;417913;0;64.8;54.6;0.0
42;2021-08-06;3602;3872;0;498776;421785;0;65.2;55.2;0.0
42;2021-08-07;2711;2777;0;501487;424562;0;65.6;55.5;0.0
42;2021-08-08;1086;1609;0;502573;426171;0;65.7;55.7;0.0
42;2021-08-09;2753;3712;0;505326;429883;0;66.1;56.2;0.0
42;2021-08-10;3049;3594;0;508375;433477;0;66.5;56.7;0.0
42;2021-08-11;2514;3349;0;510889;436826;0;66.8;57.1;0.0
42;2021-08-12;2401;3438;0;513290;440264;0;67.1;57.6;0.0
42;2021-08-13;2283;3694;0;515573;443958;0;67.4;58.1;0.0
42;2021-08-14;1519;2910;0;517092;446868;0;67.6;58.4;0.0
42;2021-08-15;577;943;0;517669;447811;0;67.7;58.6;0.0
42;2021-08-16;2006;4259;0;519675;452070;0;68.0;59.1;0.0
42;2021-08-17;2169;4078;0;521844;456148;0;68.2;59.6;0.0
42;2021-08-18;1911;4030;0;523755;460178;0;68.5;60.2;0.0
42;2021-08-19;1820;3305;0;525575;463483;0;68.7;60.6;0.0
42;2021-08-20;2115;4367;0;527690;467850;0;69.0;61.2;0.0
42;2021-08-21;1015;3427;0;528705;471277;0;69.1;61.6;0.0
42;2021-08-22;434;1770;0;529139;473047;0;69.2;61.9;0.0
42;2021-08-23;1527;4415;0;530666;477462;0;69.4;62.4;0.0
42;2021-08-24;1676;3942;0;532342;481404;0;69.6;63.0;0.0
42;2021-08-25;1656;3785;0;533998;485189;0;69.8;63.4;0.0
42;2021-08-26;1399;3106;0;535397;488295;0;70.0;63.9;0.0
42;2021-08-27;1689;4376;0;537086;492671;0;70.2;64.4;0.0
42;2021-08-28;1170;3281;0;538256;495952;0;70.4;64.9;0.0
42;2021-08-29;339;1331;0;538595;497283;0;70.4;65.0;0.0
42;2021-08-30;1242;3295;89;539837;500578;89;70.6;65.5;0.0
42;2021-08-31;1209;2691;145;541046;503269;234;70.7;65.8;0.0
42;2021-09-01;1359;2726;216;542405;505995;450;70.9;66.2;0.1
42;2021-09-02;1351;2592;331;543756;508587;781;71.1;66.5;0.1
42;2021-09-03;1526;2932;357;545282;511519;1138;71.3;66.9;0.1
42;2021-09-04;996;2561;182;546278;514080;1320;71.4;67.2;0.2
42;2021-09-05;329;701;136;546607;514781;1456;71.5;67.3;0.2
42;2021-09-06;770;1777;387;547377;516558;1843;71.6;67.5;0.2
42;2021-09-07;837;1640;382;548214;518198;2225;71.7;67.8;0.3
42;2021-09-08;860;1852;332;549074;520050;2557;71.8;68.0;0.3
42;2021-09-09;639;1431;349;549713;521481;2906;71.9;68.2;0.4
42;2021-09-10;916;1935;352;550629;523416;3258;72.0;68.4;0.4
42;2021-09-11;686;2145;117;551315;525561;3375;72.1;68.7;0.4
42;2021-09-12;143;447;36;551458;526008;3411;72.1;68.8;0.4
42;2021-09-13;561;1116;584;552019;527124;3995;72.2;68.9;0.5
42;2021-09-14;763;1284;775;552782;528408;4770;72.3;69.1;0.6
42;2021-09-15;720;1560;599;553502;529968;5369;72.4;69.3;0.7
42;2021-09-16;528;873;738;554030;530841;6107;72.4;69.4;0.8
42;2021-09-17;702;1588;668;554732;532429;6775;72.5;69.6;0.9
42;2021-09-18;544;1705;147;555276;534134;6922;72.6;69.8;0.9
42;2021-09-19;88;346;38;555364;534480;6960;72.6;69.9;0.9
42;2021-09-20;408;851;716;555772;535331;7676;72.7;70.0;1.0
42;2021-09-21;343;807;778;556115;536138;8454;72.7;70.1;1.1
42;2021-09-22;482;1357;773;556597;537495;9227;72.8;70.3;1.2
42;2021-09-23;378;815;743;556975;538310;9970;72.8;70.4;1.3
42;2021-09-24;473;1497;610;557448;539807;10580;72.9;70.6;1.4
42;2021-09-25;350;1169;208;557798;540976;10788;72.9;70.7;1.4
42;2021-09-26;58;260;17;557856;541236;10805;72.9;70.8;1.4
42;2021-09-27;298;795;666;558154;542031;11471;73.0;70.9;1.5
42;2021-09-28;371;720;729;558525;542751;12200;73.0;71.0;1.6
42;2021-09-29;395;954;587;558920;543705;12787;73.1;71.1;1.7
42;2021-09-30;330;638;544;559250;544343;13331;73.1;71.2;1.7
42;2021-10-01;541;991;688;559791;545334;14019;73.2;71.3;1.8
42;2021-10-02;371;753;187;560162;546087;14206;73.2;71.4;1.9
42;2021-10-03;81;158;14;560243;546245;14220;73.3;71.4;1.9
42;2021-10-04;273;527;881;560516;546772;15101;73.3;71.5;2.0
42;2021-10-05;291;524;628;560807;547296;15729;73.3;71.6;2.1
42;2021-10-06;436;843;901;561243;548139;16630;73.4;71.7;2.2
42;2021-10-07;304;555;766;561547;548694;17396;73.4;71.7;2.3
42;2021-10-08;441;844;769;561988;549538;18165;73.5;71.9;2.4
42;2021-10-09;364;633;393;562352;550171;18558;73.5;71.9;2.4
42;2021-10-10;69;106;91;562421;550277;18649;73.5;72.0;2.4
42;2021-10-11;254;455;846;562675;550732;19495;73.6;72.0;2.5
42;2021-10-12;230;428;660;562905;551160;20155;73.6;72.1;2.6
42;2021-10-13;442;644;976;563347;551804;21131;73.7;72.2;2.8
42;2021-10-14;300;400;892;563647;552204;22023;73.7;72.2;2.9
42;2021-10-15;413;584;1073;564060;552788;23096;73.8;72.3;3.0
42;2021-10-16;302;446;435;564362;553234;23531;73.8;72.3;3.1
42;2021-10-17;64;96;82;564426;553330;23613;73.8;72.4;3.1
42;2021-10-18;227;461;921;564653;553791;24534;73.8;72.4;3.2
42;2021-10-19;153;337;925;564806;554128;25459;73.9;72.5;3.3
42;2021-10-20;204;465;1100;565010;554593;26559;73.9;72.5;3.5
42;2021-10-21;139;327;874;565149;554920;27433;73.9;72.6;3.6
42;2021-10-22;177;416;1091;565326;555336;28524;73.9;72.6;3.7
42;2021-10-23;180;375;520;565506;555711;29044;73.9;72.7;3.8
42;2021-10-24;31;72;103;565537;555783;29147;74.0;72.7;3.8
42;2021-10-25;159;328;1028;565696;556111;30175;74.0;72.7;3.9
42;2021-10-26;118;239;949;565814;556350;31124;74.0;72.8;4.1
42;2021-10-27;201;433;1496;566015;556783;32620;74.0;72.8;4.3
42;2021-10-28;152;224;936;566167;557007;33556;74.0;72.8;4.4
42;2021-10-29;190;373;1535;566357;557380;35091;74.1;72.9;4.6
42;2021-10-30;107;323;572;566464;557703;35663;74.1;72.9;4.7
42;2021-10-31;30;91;123;566494;557794;35786;74.1;72.9;4.7
42;2021-11-01;35;29;37;566529;557823;35823;74.1;72.9;4.7
42;2021-11-02;140;271;1127;566669;558094;36950;74.1;73.0;4.8
42;2021-11-03;192;435;1872;566861;558529;38822;74.1;73.0;5.1
42;2021-11-04;117;230;1322;566978;558759;40144;74.1;73.1;5.2
42;2021-11-05;167;328;1893;567145;559087;42037;74.2;73.1;5.5
42;2021-11-06;140;271;553;567285;559358;42590;74.2;73.1;5.6
42;2021-11-07;27;68;142;567312;559426;42732;74.2;73.2;5.6
42;2021-11-08;89;224;1940;567401;559650;44672;74.2;73.2;5.8
42;2021-11-09;107;202;1968;567508;559852;46640;74.2;73.2;6.1
42;2021-11-10;216;257;2406;567724;560109;49046;74.2;73.2;6.4
42;2021-11-11;33;27;150;567757;560136;49196;74.2;73.2;6.4
42;2021-11-12;154;273;2486;567911;560409;51682;74.3;73.3;6.8
42;2021-11-13;142;175;1039;568053;560584;52721;74.3;73.3;6.9
42;2021-11-14;46;28;413;568099;560612;53134;74.3;73.3;6.9
42;2021-11-15;97;182;2489;568196;560794;55623;74.3;73.3;7.3
42;2021-11-16;80;140;2401;568276;560934;58024;74.3;73.3;7.6
42;2021-11-17;210;275;2762;568486;561209;60786;74.3;73.4;7.9
42;2021-11-18;125;172;2443;568611;561381;63229;74.4;73.4;8.3
42;2021-11-19;146;201;2709;568757;561582;65938;74.4;73.4;8.6
42;2021-11-20;240;248;1605;568997;561830;67543;74.4;73.5;8.8
42;2021-11-21;12;23;134;569009;561853;67677;74.4;73.5;8.8
42;2021-11-22;131;121;2878;569140;561974;70555;74.4;73.5;9.2
42;2021-11-23;103;131;2737;569243;562105;73292;74.4;73.5;9.6
42;2021-11-24;230;253;3305;569473;562358;76597;74.5;73.5;10.0
42;2021-11-25;124;133;3032;569597;562491;79629;74.5;73.6;10.4
42;2021-11-26;137;235;4079;569734;562726;83708;74.5;73.6;10.9
42;2021-11-27;182;213;2708;569916;562939;86416;74.5;73.6;11.3
42;2021-11-28;19;28;461;569935;562967;86877;74.5;73.6;11.4
42;2021-11-29;97;133;4697;570032;563100;91574;74.5;73.6;12.0
42;2021-11-30;105;140;4754;570137;563240;96328;74.6;73.7;12.6
42;2021-12-01;103;203;5508;570240;563443;101836;74.6;73.7;13.3
42;2021-12-02;90;119;6173;570330;563562;108009;74.6;73.7;14.1
42;2021-12-03;128;161;6858;570458;563723;114867;74.6;73.7;15.0
42;2021-12-04;99;209;3740;570557;563932;118607;74.6;73.7;15.5
42;2021-12-05;12;25;594;570569;563957;119201;74.6;73.7;15.6
42;2021-12-06;104;156;5677;570673;564113;124878;74.6;73.8;16.3
42;2021-12-07;98;125;6018;570771;564238;130896;74.6;73.8;17.1
42;2021-12-08;150;229;6770;570921;564467;137666;74.7;73.8;18.0
42;2021-12-09;118;164;7202;571039;564631;144868;74.7;73.8;18.9
42;2021-12-10;157;193;7638;571196;564824;152506;74.7;73.9;19.9
42;2021-12-11;83;215;5103;571279;565039;157609;74.7;73.9;20.6
42;2021-12-12;34;56;2496;571313;565095;160105;74.7;73.9;20.9
42;2021-12-13;140;189;7653;571453;565284;167758;74.7;73.9;21.9
42;2021-12-14;179;180;10252;571632;565464;178010;74.7;73.9;23.3
42;2021-12-15;163;247;9162;571795;565711;187172;74.8;74.0;24.5
42;2021-12-16;149;141;9589;571944;565852;196761;74.8;74.0;25.7
42;2021-12-17;187;188;10269;572131;566040;207030;74.8;74.0;27.1
42;2021-12-18;126;200;6200;572257;566240;213230;74.8;74.0;27.9
42;2021-12-19;34;34;2818;572291;566274;216048;74.8;74.0;28.3
42;2021-12-20;191;203;7701;572482;566477;223749;74.9;74.1;29.3
42;2021-12-21;183;170;7871;572665;566647;231620;74.9;74.1;30.3
42;2021-12-22;201;169;7201;572866;566816;238821;74.9;74.1;31.2
43;2020-12-27;0;0;0;0;0;0;0.0;0.0;0.0
43;2020-12-28;0;0;0;0;0;0;0.0;0.0;0.0
43;2020-12-29;0;0;0;0;0;0;0.0;0.0;0.0
43;2020-12-30;0;0;0;0;0;0;0.0;0.0;0.0
43;2020-12-31;0;0;0;0;0;0;0.0;0.0;0.0
43;2021-01-01;3;0;0;3;0;0;0.0;0.0;0.0
43;2021-01-02;0;0;0;3;0;0;0.0;0.0;0.0
43;2021-01-03;0;0;0;3;0;0;0.0;0.0;0.0
43;2021-01-04;2;0;0;5;0;0;0.0;0.0;0.0
43;2021-01-05;0;0;0;5;0;0;0.0;0.0;0.0
43;2021-01-06;8;0;0;13;0;0;0.0;0.0;0.0
43;2021-01-07;163;0;0;176;0;0;0.1;0.0;0.0
43;2021-01-08;148;1;0;324;1;0;0.1;0.0;0.0
43;2021-01-09;6;0;0;330;1;0;0.1;0.0;0.0
43;2021-01-10;2;0;0;332;1;0;0.1;0.0;0.0
43;2021-01-11;144;0;0;476;1;0;0.2;0.0;0.0
43;2021-01-12;258;2;0;734;3;0;0.3;0.0;0.0
43;2021-01-13;259;2;0;993;5;0;0.4;0.0;0.0
43;2021-01-14;312;1;0;1305;6;0;0.6;0.0;0.0
43;2021-01-15;312;2;0;1617;8;0;0.7;0.0;0.0
43;2021-01-16;41;0;0;1658;8;0;0.7;0.0;0.0
43;2021-01-17;5;0;0;1663;8;0;0.7;0.0;0.0
43;2021-01-18;737;7;0;2400;15;0;1.1;0.0;0.0
43;2021-01-19;781;4;0;3181;19;0;1.4;0.0;0.0
43;2021-01-20;548;2;0;3729;21;0;1.6;0.0;0.0
43;2021-01-21;491;2;0;4220;23;0;1.9;0.0;0.0
43;2021-01-22;480;7;0;4700;30;0;2.1;0.0;0.0
43;2021-01-23;6;0;0;4706;30;0;2.1;0.0;0.0
43;2021-01-24;9;0;0;4715;30;0;2.1;0.0;0.0
43;2021-01-25;533;0;0;5248;30;0;2.3;0.0;0.0
43;2021-01-26;585;7;0;5833;37;0;2.6;0.0;0.0
43;2021-01-27;712;5;0;6545;42;0;2.9;0.0;0.0
43;2021-01-28;729;34;0;7274;76;0;3.2;0.0;0.0
43;2021-01-29;688;82;0;7962;158;0;3.5;0.1;0.0
43;2021-01-30;111;1;0;8073;159;0;3.6;0.1;0.0
43;2021-01-31;7;0;0;8080;159;0;3.6;0.1;0.0
43;2021-02-01;391;101;0;8471;260;0;3.7;0.1;0.0
43;2021-02-02;689;158;0;9160;418;0;4.0;0.2;0.0
43;2021-02-03;692;67;0;9852;485;0;4.3;0.2;0.0
43;2021-02-04;538;189;0;10390;674;0;4.6;0.3;0.0
43;2021-02-05;539;184;0;10929;858;0;4.8;0.4;0.0
43;2021-02-06;166;32;0;11095;890;0;4.9;0.4;0.0
43;2021-02-07;7;7;0;11102;897;0;4.9;0.4;0.0
43;2021-02-08;397;303;0;11499;1200;0;5.1;0.5;0.0
43;2021-02-09;346;442;0;11845;1642;0;5.2;0.7;0.0
43;2021-02-10;393;360;0;12238;2002;0;5.4;0.9;0.0
43;2021-02-11;364;374;0;12602;2376;0;5.6;1.0;0.0
43;2021-02-12;424;222;0;13026;2598;0;5.7;1.1;0.0
43;2021-02-13;640;62;0;13666;2660;0;6.0;1.2;0.0
43;2021-02-14;5;12;0;13671;2672;0;6.0;1.2;0.0
43;2021-02-15;62;474;0;13733;3146;0;6.1;1.4;0.0
43;2021-02-16;46;387;0;13779;3533;0;6.1;1.6;0.0
43;2021-02-17;84;497;0;13863;4030;0;6.1;1.8;0.0
43;2021-02-18;158;413;0;14021;4443;0;6.2;2.0;0.0
43;2021-02-19;273;488;0;14294;4931;0;6.3;2.2;0.0
43;2021-02-20;29;17;0;14323;4948;0;6.3;2.2;0.0
43;2021-02-21;0;7;0;14323;4955;0;6.3;2.2;0.0
43;2021-02-22;36;501;0;14359;5456;0;6.3;2.4;0.0
43;2021-02-23;226;754;0;14585;6210;0;6.4;2.7;0.0
43;2021-02-24;164;703;0;14749;6913;0;6.5;3.0;0.0
43;2021-02-25;267;701;0;15016;7614;0;6.6;3.4;0.0
43;2021-02-26;260;669;0;15276;8283;0;6.7;3.7;0.0
43;2021-02-27;144;77;0;15420;8360;0;6.8;3.7;0.0
43;2021-02-28;8;5;0;15428;8365;0;6.8;3.7;0.0
43;2021-03-01;230;471;0;15658;8836;0;6.9;3.9;0.0
43;2021-03-02;364;563;0;16022;9399;0;7.1;4.1;0.0
43;2021-03-03;344;559;0;16366;9958;0;7.2;4.4;0.0
43;2021-03-04;536;455;0;16902;10413;0;7.4;4.6;0.0
43;2021-03-05;596;465;0;17498;10878;0;7.7;4.8;0.0
43;2021-03-06;517;180;0;18015;11058;0;7.9;4.9;0.0
43;2021-03-07;59;2;0;18074;11060;0;8.0;4.9;0.0
43;2021-03-08;489;428;0;18563;11488;0;8.2;5.1;0.0
43;2021-03-09;638;347;0;19201;11835;0;8.5;5.2;0.0
43;2021-03-10;658;477;0;19859;12312;0;8.8;5.4;0.0
43;2021-03-11;928;435;0;20787;12747;0;9.2;5.6;0.0
43;2021-03-12;907;425;0;21694;13172;0;9.6;5.8;0.0
43;2021-03-13;698;126;0;22392;13298;0;9.9;5.9;0.0
43;2021-03-14;10;5;0;22402;13303;0;9.9;5.9;0.0
43;2021-03-15;704;147;0;23106;13450;0;10.2;5.9;0.0
43;2021-03-16;817;273;0;23923;13723;0;10.5;6.0;0.0
43;2021-03-17;634;158;0;24557;13881;0;10.8;6.1;0.0
43;2021-03-18;697;164;0;25254;14045;0;11.1;6.2;0.0
43;2021-03-19;849;131;0;26103;14176;0;11.5;6.2;0.0
43;2021-03-20;430;53;0;26533;14229;0;11.7;6.3;0.0
43;2021-03-21;8;1;0;26541;14230;0;11.7;6.3;0.0
43;2021-03-22;683;50;0;27224;14280;0;12.0;6.3;0.0
43;2021-03-23;869;53;0;28093;14333;0;12.4;6.3;0.0
43;2021-03-24;1169;115;0;29262;14448;0;12.9;6.4;0.0
43;2021-03-25;1519;174;0;30781;14622;0;13.6;6.4;0.0
43;2021-03-26;1568;208;0;32349;14830;0;14.3;6.5;0.0
43;2021-03-27;1274;85;0;33623;14915;0;14.8;6.6;0.0
43;2021-03-28;409;31;0;34032;14946;0;15.0;6.6;0.0
43;2021-03-29;1033;181;0;35065;15127;0;15.5;6.7;0.0
43;2021-03-30;1255;259;0;36320;15386;0;16.0;6.8;0.0
43;2021-03-31;1213;274;0;37533;15660;0;16.5;6.9;0.0
43;2021-04-01;1284;328;0;38817;15988;0;17.1;7.0;0.0
43;2021-04-02;1011;338;0;39828;16326;0;17.6;7.2;0.0
43;2021-04-03;315;190;0;40143;16516;0;17.7;7.3;0.0
43;2021-04-04;20;6;0;40163;16522;0;17.7;7.3;0.0
43;2021-04-05;46;6;0;40209;16528;0;17.7;7.3;0.0
43;2021-04-06;621;576;0;40830;17104;0;18.0;7.5;0.0
43;2021-04-07;812;562;0;41642;17666;0;18.4;7.8;0.0
43;2021-04-08;990;447;0;42632;18113;0;18.8;8.0;0.0
43;2021-04-09;1121;632;0;43753;18745;0;19.3;8.3;0.0
43;2021-04-10;585;224;0;44338;18969;0;19.5;8.4;0.0
43;2021-04-11;47;6;0;44385;18975;0;19.6;8.4;0.0
43;2021-04-12;706;623;0;45091;19598;0;19.9;8.6;0.0
43;2021-04-13;914;727;0;46005;20325;0;20.3;9.0;0.0
43;2021-04-14;835;665;0;46840;20990;0;20.6;9.3;0.0
43;2021-04-15;1016;702;0;47856;21692;0;21.1;9.6;0.0
43;2021-04-16;1000;708;0;48856;22400;0;21.5;9.9;0.0
43;2021-04-17;423;293;0;49279;22693;0;21.7;10.0;0.0
43;2021-04-18;91;11;0;49370;22704;0;21.8;10.0;0.0
43;2021-04-19;678;562;0;50048;23266;0;22.1;10.3;0.0
43;2021-04-20;822;654;0;50870;23920;0;22.4;10.5;0.0
43;2021-04-21;410;913;0;51280;24833;0;22.6;10.9;0.0
43;2021-04-22;705;963;0;51985;25796;0;22.9;11.4;0.0
43;2021-04-23;513;1056;0;52498;26852;0;23.1;11.8;0.0
43;2021-04-24;390;914;0;52888;27766;0;23.3;12.2;0.0
43;2021-04-25;111;404;0;52999;28170;0;23.4;12.4;0.0
43;2021-04-26;482;919;0;53481;29089;0;23.6;12.8;0.0
43;2021-04-27;872;965;0;54353;30054;0;24.0;13.2;0.0
43;2021-04-28;908;1066;0;55261;31120;0;24.4;13.7;0.0
43;2021-04-29;1222;1062;0;56483;32182;0;24.9;14.2;0.0
43;2021-04-30;1189;1044;0;57672;33226;0;25.4;14.6;0.0
43;2021-05-01;450;52;0;58122;33278;0;25.6;14.7;0.0
43;2021-05-02;85;40;0;58207;33318;0;25.7;14.7;0.0
43;2021-05-03;1279;403;0;59486;33721;0;26.2;14.9;0.0
43;2021-05-04;1276;865;0;60762;34586;0;26.8;15.2;0.0
43;2021-05-05;1209;817;0;61971;35403;0;27.3;15.6;0.0
43;2021-05-06;1443;937;0;63414;36340;0;27.9;16.0;0.0
43;2021-05-07;1122;1152;0;64536;37492;0;28.4;16.5;0.0
43;2021-05-08;573;156;0;65109;37648;0;28.7;16.6;0.0
43;2021-05-09;58;72;0;65167;37720;0;28.7;16.6;0.0
43;2021-05-10;1118;733;0;66285;38453;0;29.2;16.9;0.0
43;2021-05-11;1644;1008;0;67929;39461;0;29.9;17.4;0.0
43;2021-05-12;1544;853;0;69473;40314;0;30.6;17.8;0.0
43;2021-05-13;989;394;0;70462;40708;0;31.1;17.9;0.0
43;2021-05-14;2122;1087;0;72584;41795;0;32.0;18.4;0.0
43;2021-05-15;1175;310;0;73759;42105;0;32.5;18.6;0.0
43;2021-05-16;348;70;0;74107;42175;0;32.7;18.6;0.0
43;2021-05-17;1704;657;0;75811;42832;0;33.4;18.9;0.0
43;2021-05-18;1947;711;0;77758;43543;0;34.3;19.2;0.0
43;2021-05-19;2043;610;0;79801;44153;0;35.2;19.5;0.0
43;2021-05-20;2296;809;0;82097;44962;0;36.2;19.8;0.0
43;2021-05-21;2352;725;0;84449;45687;0;37.2;20.1;0.0
43;2021-05-22;1065;332;0;85514;46019;0;37.7;20.3;0.0
43;2021-05-23;78;31;0;85592;46050;0;37.7;20.3;0.0
43;2021-05-24;441;146;0;86033;46196;0;37.9;20.4;0.0
43;2021-05-25;1368;690;0;87401;46886;0;38.5;20.7;0.0
43;2021-05-26;1366;611;0;88767;47497;0;39.1;20.9;0.0
43;2021-05-27;1387;752;0;90154;48249;0;39.7;21.3;0.0
43;2021-05-28;1368;810;0;91522;49059;0;40.3;21.6;0.0
43;2021-05-29;1105;607;0;92627;49666;0;40.8;21.9;0.0
43;2021-05-30;193;67;0;92820;49733;0;40.9;21.9;0.0
43;2021-05-31;1203;521;0;94023;50254;0;41.4;22.1;0.0
43;2021-06-01;1259;1002;0;95282;51256;0;42.0;22.6;0.0
43;2021-06-02;1099;758;0;96381;52014;0;42.5;22.9;0.0
43;2021-06-03;1244;852;0;97625;52866;0;43.0;23.3;0.0
43;2021-06-04;1378;912;0;99003;53778;0;43.6;23.7;0.0
43;2021-06-05;729;487;0;99732;54265;0;44.0;23.9;0.0
43;2021-06-06;44;53;0;99776;54318;0;44.0;23.9;0.0
43;2021-06-07;826;624;0;100602;54942;0;44.3;24.2;0.0
43;2021-06-08;715;762;0;101317;55704;0;44.7;24.5;0.0
43;2021-06-09;638;824;0;101955;56528;0;44.9;24.9;0.0
43;2021-06-10;876;1105;0;102831;57633;0;45.3;25.4;0.0
43;2021-06-11;833;1362;0;103664;58995;0;45.7;26.0;0.0
43;2021-06-12;822;517;0;104486;59512;0;46.0;26.2;0.0
43;2021-06-13;32;84;0;104518;59596;0;46.1;26.3;0.0
43;2021-06-14;477;1192;0;104995;60788;0;46.3;26.8;0.0
43;2021-06-15;629;1218;0;105624;62006;0;46.6;27.3;0.0
43;2021-06-16;593;1032;0;106217;63038;0;46.8;27.8;0.0
43;2021-06-17;633;1472;0;106850;64510;0;47.1;28.4;0.0
43;2021-06-18;881;1517;0;107731;66027;0;47.5;29.1;0.0
43;2021-06-19;437;809;0;108168;66836;0;47.7;29.5;0.0
43;2021-06-20;29;86;0;108197;66922;0;47.7;29.5;0.0
43;2021-06-21;447;1378;0;108644;68300;0;47.9;30.1;0.0
43;2021-06-22;511;1962;0;109155;70262;0;48.1;31.0;0.0
43;2021-06-23;397;1741;0;109552;72003;0;48.3;31.7;0.0
43;2021-06-24;516;1477;0;110068;73480;0;48.5;32.4;0.0
43;2021-06-25;581;2298;0;110649;75778;0;48.8;33.4;0.0
43;2021-06-26;483;1199;0;111132;76977;0;49.0;33.9;0.0
43;2021-06-27;57;143;0;111189;77120;0;49.0;34.0;0.0
43;2021-06-28;350;1869;0;111539;78989;0;49.2;34.8;0.0
43;2021-06-29;534;2325;0;112073;81314;0;49.4;35.8;0.0
43;2021-06-30;479;2211;0;112552;83525;0;49.6;36.8;0.0
43;2021-07-01;499;1838;0;113051;85363;0;49.8;37.6;0.0
43;2021-07-02;512;1936;0;113563;87299;0;50.0;38.5;0.0
43;2021-07-03;265;1052;0;113828;88351;0;50.2;38.9;0.0
43;2021-07-04;30;60;0;113858;88411;0;50.2;39.0;0.0
43;2021-07-05;531;1273;0;114389;89684;0;50.4;39.5;0.0
43;2021-07-06;617;1636;0;115006;91320;0;50.7;40.2;0.0
43;2021-07-07;577;1417;0;115583;92737;0;50.9;40.9;0.0
43;2021-07-08;778;1412;0;116361;94149;0;51.3;41.5;0.0
43;2021-07-09;586;1543;0;116947;95692;0;51.5;42.2;0.0
43;2021-07-10;359;1277;0;117306;96969;0;51.7;42.7;0.0
43;2021-07-11;54;167;0;117360;97136;0;51.7;42.8;0.0
43;2021-07-12;581;1729;0;117941;98865;0;52.0;43.6;0.0
43;2021-07-13;1171;1858;0;119112;100723;0;52.5;44.4;0.0
43;2021-07-14;951;254;0;120063;100977;0;52.9;44.5;0.0
43;2021-07-15;1797;1833;0;121860;102810;0;53.7;45.3;0.0
43;2021-07-16;1597;1618;0;123457;104428;0;54.4;46.0;0.0
43;2021-07-17;1358;1062;0;124815;105490;0;55.0;46.5;0.0
43;2021-07-18;82;92;0;124897;105582;0;55.0;46.5;0.0
43;2021-07-19;1374;1303;0;126271;106885;0;55.7;47.1;0.0
43;2021-07-20;1752;1397;0;128023;108282;0;56.4;47.7;0.0
43;2021-07-21;1767;1156;0;129790;109438;0;57.2;48.2;0.0
43;2021-07-22;1951;1298;0;131741;110736;0;58.1;48.8;0.0
43;2021-07-23;1528;1296;0;133269;112032;0;58.7;49.4;0.0
43;2021-07-24;580;914;0;133849;112946;0;59.0;49.8;0.0
43;2021-07-25;77;62;0;133926;113008;0;59.0;49.8;0.0
43;2021-07-26;1502;1054;0;135428;114062;0;59.7;50.3;0.0
43;2021-07-27;1967;1104;0;137395;115166;0;60.6;50.8;0.0
43;2021-07-28;1830;1053;0;139225;116219;0;61.4;51.2;0.0
43;2021-07-29;1830;997;0;141055;117216;0;62.2;51.7;0.0
43;2021-07-30;1724;1260;0;142779;118476;0;62.9;52.2;0.0
43;2021-07-31;707;560;0;143486;119036;0;63.2;52.5;0.0
43;2021-08-01;98;57;0;143584;119093;0;63.3;52.5;0.0
43;2021-08-02;1489;932;0;145073;120025;0;63.9;52.9;0.0
43;2021-08-03;1265;1081;0;146338;121106;0;64.5;53.4;0.0
43;2021-08-04;1189;1121;0;147527;122227;0;65.0;53.9;0.0
43;2021-08-05;1138;1239;0;148665;123466;0;65.5;54.4;0.0
43;2021-08-06;1098;1404;0;149763;124870;0;66.0;55.0;0.0
43;2021-08-07;492;721;0;150255;125591;0;66.2;55.4;0.0
43;2021-08-08;42;66;0;150297;125657;0;66.2;55.4;0.0
43;2021-08-09;793;1525;0;151090;127182;0;66.6;56.1;0.0
43;2021-08-10;955;1465;0;152045;128647;0;67.0;56.7;0.0
43;2021-08-11;698;1292;0;152743;129939;0;67.3;57.3;0.0
43;2021-08-12;820;1451;0;153563;131390;0;67.7;57.9;0.0
43;2021-08-13;675;1172;0;154238;132562;0;68.0;58.4;0.0
43;2021-08-14;326;554;0;154564;133116;0;68.1;58.7;0.0
43;2021-08-15;16;49;0;154580;133165;0;68.1;58.7;0.0
43;2021-08-16;668;1596;0;155248;134761;0;68.4;59.4;0.0
43;2021-08-17;654;1414;0;155902;136175;0;68.7;60.0;0.0
43;2021-08-18;536;1439;0;156438;137614;0;68.9;60.6;0.0
43;2021-08-19;602;1463;0;157040;139077;0;69.2;61.3;0.0
43;2021-08-20;522;1525;0;157562;140602;0;69.4;62.0;0.0
43;2021-08-21;212;514;0;157774;141116;0;69.5;62.2;0.0
43;2021-08-22;14;80;0;157788;141196;0;69.5;62.2;0.0
43;2021-08-23;490;1547;0;158278;142743;0;69.8;62.9;0.0
43;2021-08-24;498;1321;0;158776;144064;0;70.0;63.5;0.0
43;2021-08-25;473;1276;0;159249;145340;0;70.2;64.1;0.0
43;2021-08-26;451;1110;0;159700;146450;0;70.4;64.5;0.0
43;2021-08-27;539;1301;0;160239;147751;0;70.6;65.1;0.0
43;2021-08-28;182;492;0;160421;148243;0;70.7;65.3;0.0
43;2021-08-29;6;55;0;160427;148298;0;70.7;65.4;0.0
43;2021-08-30;490;1091;21;160917;149389;21;70.9;65.8;0.0
43;2021-08-31;383;871;52;161300;150260;73;71.1;66.2;0.0
43;2021-09-01;320;931;72;161620;151191;145;71.2;66.6;0.1
43;2021-09-02;352;844;102;161972;152035;247;71.4;67.0;0.1
43;2021-09-03;527;920;102;162499;152955;349;71.6;67.4;0.2
43;2021-09-04;306;496;22;162805;153451;371;71.8;67.6;0.2
43;2021-09-05;54;34;15;162859;153485;386;71.8;67.6;0.2
43;2021-09-06;257;674;80;163116;154159;466;71.9;67.9;0.2
43;2021-09-07;242;585;101;163358;154744;567;72.0;68.2;0.2
43;2021-09-08;252;553;95;163610;155297;662;72.1;68.4;0.3
43;2021-09-09;259;569;149;163869;155866;811;72.2;68.7;0.4
43;2021-09-10;333;617;106;164202;156483;917;72.4;69.0;0.4
43;2021-09-11;252;369;51;164454;156852;968;72.5;69.1;0.4
43;2021-09-12;3;16;0;164457;156868;968;72.5;69.1;0.4
43;2021-09-13;169;387;162;164626;157255;1130;72.6;69.3;0.5
43;2021-09-14;219;353;298;164845;157608;1428;72.7;69.5;0.6
43;2021-09-15;240;502;251;165085;158110;1679;72.8;69.7;0.7
43;2021-09-16;183;329;282;165268;158439;1961;72.8;69.8;0.9
43;2021-09-17;229;527;351;165497;158966;2312;72.9;70.1;1.0
43;2021-09-18;149;337;68;165646;159303;2380;73.0;70.2;1.0
43;2021-09-19;6;9;1;165652;159312;2381;73.0;70.2;1.0
43;2021-09-20;116;323;264;165768;159635;2645;73.1;70.4;1.2
43;2021-09-21;147;328;462;165915;159963;3107;73.1;70.5;1.4
43;2021-09-22;133;423;261;166048;160386;3368;73.2;70.7;1.5
43;2021-09-23;82;298;269;166130;160684;3637;73.2;70.8;1.6
43;2021-09-24;182;525;204;166312;161209;3841;73.3;71.0;1.7
43;2021-09-25;101;292;65;166413;161501;3906;73.3;71.2;1.7
43;2021-09-26;2;19;0;166415;161520;3906;73.3;71.2;1.7
43;2021-09-27;138;338;324;166553;161858;4230;73.4;71.3;1.9
43;2021-09-28;352;200;251;166905;162058;4481;73.6;71.4;2.0
43;2021-09-29;155;292;134;167060;162350;4615;73.6;71.6;2.0
43;2021-09-30;88;187;284;167148;162537;4899;73.7;71.6;2.2
43;2021-10-01;142;322;249;167290;162859;5148;73.7;71.8;2.3
43;2021-10-02;101;234;58;167391;163093;5206;73.8;71.9;2.3
43;2021-10-03;8;18;0;167399;163111;5206;73.8;71.9;2.3
43;2021-10-04;118;204;280;167517;163315;5486;73.8;72.0;2.4
43;2021-10-05;122;181;338;167639;163496;5824;73.9;72.1;2.6
43;2021-10-06;129;258;250;167768;163754;6074;73.9;72.2;2.7
43;2021-10-07;71;140;281;167839;163894;6355;74.0;72.2;2.8
43;2021-10-08;177;319;311;168016;164213;6666;74.0;72.4;2.9
43;2021-10-09;104;202;111;168120;164415;6777;74.1;72.5;3.0
43;2021-10-10;6;7;3;168126;164422;6780;74.1;72.5;3.0
43;2021-10-11;113;154;325;168239;164576;7105;74.1;72.5;3.1
43;2021-10-12;108;180;325;168347;164756;7430;74.2;72.6;3.3
43;2021-10-13;110;121;187;168457;164877;7617;74.2;72.7;3.4
43;2021-10-14;99;152;270;168556;165029;7887;74.3;72.7;3.5
43;2021-10-15;168;204;543;168724;165233;8430;74.4;72.8;3.7
43;2021-10-16;101;135;109;168825;165368;8539;74.4;72.9;3.8
43;2021-10-17;2;7;1;168827;165375;8540;74.4;72.9;3.8
43;2021-10-18;102;161;351;168929;165536;8891;74.5;73.0;3.9
43;2021-10-19;72;331;428;169001;165867;9319;74.5;73.1;4.1
43;2021-10-20;59;160;260;169060;166027;9579;74.5;73.2;4.2
43;2021-10-21;46;105;367;169106;166132;9946;74.5;73.2;4.4
43;2021-10-22;62;132;478;169168;166264;10424;74.6;73.3;4.6
43;2021-10-23;34;110;148;169202;166374;10572;74.6;73.3;4.7
43;2021-10-24;2;4;0;169204;166378;10572;74.6;73.3;4.7
43;2021-10-25;42;90;529;169246;166468;11101;74.6;73.4;4.9
43;2021-10-26;71;107;665;169317;166575;11766;74.6;73.4;5.2
43;2021-10-27;55;112;535;169372;166687;12301;74.6;73.5;5.4
43;2021-10-28;35;65;321;169407;166752;12622;74.7;73.5;5.6
43;2021-10-29;96;173;657;169503;166925;13279;74.7;73.6;5.9
43;2021-10-30;35;97;157;169538;167022;13436;74.7;73.6;5.9
43;2021-10-31;0;4;1;169538;167026;13437;74.7;73.6;5.9
43;2021-11-01;1;2;5;169539;167028;13442;74.7;73.6;5.9
43;2021-11-02;78;133;585;169617;167161;14027;74.8;73.7;6.2
43;2021-11-03;65;141;506;169682;167302;14533;74.8;73.7;6.4
43;2021-11-04;50;80;544;169732;167382;15077;74.8;73.8;6.6
43;2021-11-05;63;109;641;169795;167491;15718;74.8;73.8;6.9
43;2021-11-06;34;80;226;169829;167571;15944;74.8;73.9;7.0
43;2021-11-07;1;2;1;169830;167573;15945;74.8;73.9;7.0
43;2021-11-08;44;122;635;169874;167695;16580;74.9;73.9;7.3
43;2021-11-09;64;72;910;169938;167767;17490;74.9;73.9;7.7
43;2021-11-10;70;93;647;170008;167860;18137;74.9;74.0;8.0
43;2021-11-11;0;2;3;170008;167862;18140;74.9;74.0;8.0
43;2021-11-12;63;93;1025;170071;167955;19165;75.0;74.0;8.4
43;2021-11-13;20;28;322;170091;167983;19487;75.0;74.0;8.6
43;2021-11-14;1;12;14;170092;167995;19501;75.0;74.0;8.6
43;2021-11-15;36;42;714;170128;168037;20215;75.0;74.1;8.9
43;2021-11-16;80;82;1179;170208;168119;21394;75.0;74.1;9.4
43;2021-11-17;69;66;761;170277;168185;22155;75.0;74.1;9.8
43;2021-11-18;38;38;752;170315;168223;22907;75.1;74.1;10.1
43;2021-11-19;67;81;988;170382;168304;23895;75.1;74.2;10.5
43;2021-11-20;45;50;281;170427;168354;24176;75.1;74.2;10.7
43;2021-11-21;2;1;20;170429;168355;24196;75.1;74.2;10.7
43;2021-11-22;60;35;820;170489;168390;25016;75.1;74.2;11.0
43;2021-11-23;65;49;1136;170554;168439;26152;75.2;74.2;11.5
43;2021-11-24;73;78;773;170627;168517;26925;75.2;74.3;11.9
43;2021-11-25;54;45;1117;170681;168562;28042;75.2;74.3;12.4
43;2021-11-26;86;65;1489;170767;168627;29531;75.3;74.3;13.0
43;2021-11-27;48;47;731;170815;168674;30262;75.3;74.3;13.3
43;2021-11-28;3;1;29;170818;168675;30291;75.3;74.3;13.3
43;2021-11-29;47;46;1449;170865;168721;31740;75.3;74.4;14.0
43;2021-11-30;67;63;2103;170932;168784;33843;75.3;74.4;14.9
43;2021-12-01;48;61;1846;170980;168845;35689;75.4;74.4;15.7
43;2021-12-02;44;38;2176;171024;168883;37865;75.4;74.4;16.7
43;2021-12-03;69;67;2118;171093;168950;39983;75.4;74.5;17.6
43;2021-12-04;51;39;1507;171144;168989;41490;75.4;74.5;18.3
43;2021-12-05;0;0;27;171144;168989;41517;75.4;74.5;18.3
43;2021-12-06;41;44;2157;171185;169033;43674;75.4;74.5;19.2
43;2021-12-07;62;50;2408;171247;169083;46082;75.5;74.5;20.3
43;2021-12-08;56;56;1930;171303;169139;48012;75.5;74.5;21.2
43;2021-12-09;72;65;2536;171375;169204;50548;75.5;74.6;22.3
43;2021-12-10;47;72;2410;171422;169276;52958;75.5;74.6;23.3
43;2021-12-11;37;63;1162;171459;169339;54120;75.6;74.6;23.9
43;2021-12-12;2;6;62;171461;169345;54182;75.6;74.6;23.9
43;2021-12-13;47;67;2378;171508;169412;56560;75.6;74.7;24.9
43;2021-12-14;67;74;3024;171575;169486;59584;75.6;74.7;26.3
43;2021-12-15;32;72;2327;171607;169558;61911;75.6;74.7;27.3
43;2021-12-16;57;67;2940;171664;169625;64851;75.7;74.8;28.6
43;2021-12-17;59;88;2462;171723;169713;67313;75.7;74.8;29.7
43;2021-12-18;54;62;1235;171777;169775;68548;75.7;74.8;30.2
43;2021-12-19;1;6;103;171778;169781;68651;75.7;74.8;30.3
43;2021-12-20;71;61;2082;171849;169842;70733;75.7;74.9;31.2
43;2021-12-21;71;58;2328;171920;169900;73061;75.8;74.9;32.2
43;2021-12-22;67;69;1808;171987;169969;74869;75.8;74.9;33.0
44;2020-12-27;2;0;0;2;0;0;0.0;0.0;0.0
44;2020-12-28;4;1;0;6;1;0;0.0;0.0;0.0
44;2020-12-29;1;0;0;7;1;0;0.0;0.0;0.0
44;2020-12-30;1;0;0;8;1;0;0.0;0.0;0.0
44;2020-12-31;0;0;0;8;1;0;0.0;0.0;0.0
44;2021-01-01;2;1;0;10;2;0;0.0;0.0;0.0
44;2021-01-02;0;0;0;10;2;0;0.0;0.0;0.0
44;2021-01-03;3;0;0;13;2;0;0.0;0.0;0.0
44;2021-01-04;4;0;0;17;2;0;0.0;0.0;0.0
44;2021-01-05;5;0;0;22;2;0;0.0;0.0;0.0
44;2021-01-06;32;1;0;54;3;0;0.0;0.0;0.0
44;2021-01-07;204;0;0;258;3;0;0.0;0.0;0.0
44;2021-01-08;551;0;0;809;3;0;0.1;0.0;0.0
44;2021-01-09;475;0;0;1284;3;0;0.1;0.0;0.0
44;2021-01-10;443;1;0;1727;4;0;0.1;0.0;0.0
44;2021-01-11;811;1;0;2538;5;0;0.2;0.0;0.0
44;2021-01-12;957;1;0;3495;6;0;0.2;0.0;0.0
44;2021-01-13;1074;2;0;4569;8;0;0.3;0.0;0.0
44;2021-01-14;1146;9;0;5715;17;0;0.4;0.0;0.0
44;2021-01-15;1052;5;0;6767;22;0;0.5;0.0;0.0
44;2021-01-16;341;3;0;7108;25;0;0.5;0.0;0.0
44;2021-01-17;307;2;0;7415;27;0;0.5;0.0;0.0
44;2021-01-18;831;4;0;8246;31;0;0.6;0.0;0.0
44;2021-01-19;2613;12;0;10859;43;0;0.8;0.0;0.0
44;2021-01-20;2689;7;0;13548;50;0;0.9;0.0;0.0
44;2021-01-21;4564;12;0;18112;62;0;1.3;0.0;0.0
44;2021-01-22;2480;10;0;20592;72;0;1.4;0.0;0.0
44;2021-01-23;768;0;0;21360;72;0;1.5;0.0;0.0
44;2021-01-24;123;0;0;21483;72;0;1.5;0.0;0.0
44;2021-01-25;858;9;0;22341;81;0;1.6;0.0;0.0
44;2021-01-26;2481;22;0;24822;103;0;1.7;0.0;0.0
44;2021-01-27;2078;69;0;26900;172;0;1.9;0.0;0.0
44;2021-01-28;3606;201;0;30506;373;0;2.1;0.0;0.0
44;2021-01-29;2302;488;0;32808;861;0;2.3;0.1;0.0
44;2021-01-30;623;205;0;33431;1066;0;2.3;0.1;0.0
44;2021-01-31;19;204;0;33450;1270;0;2.3;0.1;0.0
44;2021-02-01;560;547;0;34010;1817;0;2.4;0.1;0.0
44;2021-02-02;888;771;0;34898;2588;0;2.4;0.2;0.0
44;2021-02-03;910;879;0;35808;3467;0;2.5;0.2;0.0
44;2021-02-04;981;745;0;36789;4212;0;2.6;0.3;0.0
44;2021-02-05;913;678;0;37702;4890;0;2.6;0.3;0.0
44;2021-02-06;472;272;0;38174;5162;0;2.7;0.4;0.0
44;2021-02-07;65;194;0;38239;5356;0;2.7;0.4;0.0
44;2021-02-08;542;485;0;38781;5841;0;2.7;0.4;0.0
44;2021-02-09;1000;1276;0;39781;7117;0;2.8;0.5;0.0
44;2021-02-10;1173;1265;0;40954;8382;0;2.8;0.6;0.0
44;2021-02-11;2302;3169;0;43256;11551;0;3.0;0.8;0.0
44;2021-02-12;1680;1770;0;44936;13321;0;3.1;0.9;0.0
44;2021-02-13;447;521;0;45383;13842;0;3.2;1.0;0.0
44;2021-02-14;12;178;0;45395;14020;0;3.2;1.0;0.0
44;2021-02-15;484;1098;0;45879;15118;0;3.2;1.1;0.0
44;2021-02-16;1431;2546;0;47310;17664;0;3.3;1.2;0.0
44;2021-02-17;1136;2153;0;48446;19817;0;3.4;1.4;0.0
44;2021-02-18;1983;3652;0;50429;23469;0;3.5;1.6;0.0
44;2021-02-19;1589;2451;0;52018;25920;0;3.6;1.8;0.0
44;2021-02-20;395;632;0;52413;26552;0;3.6;1.8;0.0
44;2021-02-21;7;181;0;52420;26733;0;3.6;1.9;0.0
44;2021-02-22;740;823;0;53160;27556;0;3.7;1.9;0.0
44;2021-02-23;1183;1127;0;54343;28683;0;3.8;2.0;0.0
44;2021-02-24;1245;1057;0;55588;29740;0;3.9;2.1;0.0
44;2021-02-25;2482;1109;0;58070;30849;0;4.0;2.1;0.0
44;2021-02-26;2332;1000;0;60402;31849;0;4.2;2.2;0.0
44;2021-02-27;954;432;0;61356;32281;0;4.3;2.2;0.0
44;2021-02-28;6;34;0;61362;32315;0;4.3;2.2;0.0
44;2021-03-01;1001;554;0;62363;32869;0;4.3;2.3;0.0
44;2021-03-02;1795;1089;0;64158;33958;0;4.5;2.4;0.0
44;2021-03-03;1877;1159;0;66035;35117;0;4.6;2.4;0.0
44;2021-03-04;2890;1624;0;68925;36741;0;4.8;2.6;0.0
44;2021-03-05;3505;1313;0;72430;38054;0;5.0;2.6;0.0
44;2021-03-06;2496;484;0;74926;38538;0;5.2;2.7;0.0
44;2021-03-07;989;91;0;75915;38629;0;5.3;2.7;0.0
44;2021-03-08;1825;642;0;77740;39271;0;5.4;2.7;0.0
44;2021-03-09;3393;1155;0;81133;40426;0;5.6;2.8;0.0
44;2021-03-10;3095;1147;0;84228;41573;0;5.9;2.9;0.0
44;2021-03-11;4445;1786;0;88673;43359;0;6.2;3.0;0.0
44;2021-03-12;6006;1344;0;94679;44703;0;6.6;3.1;0.0
44;2021-03-13;3581;315;0;98260;45018;0;6.8;3.1;0.0
44;2021-03-14;435;56;0;98695;45074;0;6.9;3.1;0.0
44;2021-03-15;2657;415;0;101352;45489;0;7.1;3.2;0.0
44;2021-03-16;2195;664;0;103547;46153;0;7.2;3.2;0.0
44;2021-03-17;2069;690;0;105616;46843;0;7.3;3.3;0.0
44;2021-03-18;2289;661;0;107905;47504;0;7.5;3.3;0.0
44;2021-03-19;3813;416;0;111718;47920;0;7.8;3.3;0.0
44;2021-03-20;3192;312;0;114910;48232;0;8.0;3.4;0.0
44;2021-03-21;898;23;0;115808;48255;0;8.1;3.4;0.0
44;2021-03-22;2473;497;0;118281;48752;0;8.2;3.4;0.0
44;2021-03-23;3987;696;0;122268;49448;0;8.5;3.4;0.0
44;2021-03-24;4381;663;0;126649;50111;0;8.8;3.5;0.0
44;2021-03-25;5684;958;0;132333;51069;0;9.2;3.6;0.0
44;2021-03-26;6608;764;0;138941;51833;0;9.7;3.6;0.0
44;2021-03-27;3213;442;0;142154;52275;0;9.9;3.6;0.0
44;2021-03-28;1211;46;0;143365;52321;0;10.0;3.6;0.0
44;2021-03-29;3233;841;0;146598;53162;0;10.2;3.7;0.0
44;2021-03-30;5210;1163;0;151808;54325;0;10.6;3.8;0.0
44;2021-03-31;4665;1357;0;156473;55682;0;10.9;3.9;0.0
44;2021-04-01;6289;1047;0;162762;56729;0;11.3;3.9;0.0
44;2021-04-02;5846;1019;0;168608;57748;0;11.7;4.0;0.0
44;2021-04-03;2403;650;0;171011;58398;0;11.9;4.1;0.0
44;2021-04-04;663;22;0;171674;58420;0;11.9;4.1;0.0
44;2021-04-05;677;290;0;172351;58710;0;12.0;4.1;0.0
44;2021-04-06;4325;1451;0;176676;60161;0;12.3;4.2;0.0
44;2021-04-07;5288;1692;0;181964;61853;0;12.7;4.3;0.0
44;2021-04-08;7265;1744;0;189229;63597;0;13.2;4.4;0.0
44;2021-04-09;10177;1897;0;199406;65494;0;13.9;4.6;0.0
44;2021-04-10;4616;1436;0;204022;66930;0;14.2;4.7;0.0
44;2021-04-11;2092;422;0;206114;67352;0;14.3;4.7;0.0
44;2021-04-12;5636;1747;0;211750;69099;0;14.7;4.8;0.0
44;2021-04-13;6896;2340;0;218646;71439;0;15.2;5.0;0.0
44;2021-04-14;6070;2305;0;224716;73744;0;15.6;5.1;0.0
44;2021-04-15;7049;2249;0;231765;75993;0;16.1;5.3;0.0
44;2021-04-16;8022;2125;0;239787;78118;0;16.7;5.4;0.0
44;2021-04-17;4334;1398;0;244121;79516;0;17.0;5.5;0.0
44;2021-04-18;2197;799;0;246318;80315;0;17.1;5.6;0.0
44;2021-04-19;5065;2014;0;251383;82329;0;17.5;5.7;0.0
44;2021-04-20;6269;2689;0;257652;85018;0;17.9;5.9;0.0
44;2021-04-21;6085;2856;0;263737;87874;0;18.4;6.1;0.0
44;2021-04-22;7017;2597;0;270754;90471;0;18.8;6.3;0.0
44;2021-04-23;7332;3242;0;278086;93713;0;19.3;6.5;0.0
44;2021-04-24;4001;2042;0;282087;95755;0;19.6;6.7;0.0
44;2021-04-25;2028;1036;0;284115;96791;0;19.8;6.7;0.0
44;2021-04-26;5659;2863;0;289774;99654;0;20.2;6.9;0.0
44;2021-04-27;7482;4222;0;297256;103876;0;20.7;7.2;0.0
44;2021-04-28;7673;3782;0;304929;107658;0;21.2;7.5;0.0
44;2021-04-29;9063;4370;0;313992;112028;0;21.8;7.8;0.0
44;2021-04-30;9568;4731;0;323560;116759;0;22.5;8.1;0.0
44;2021-05-01;2968;889;0;326528;117648;0;22.7;8.2;0.0
44;2021-05-02;1970;612;0;328498;118260;0;22.9;8.2;0.0
44;2021-05-03;5552;4221;0;334050;122481;0;23.2;8.5;0.0
44;2021-05-04;6327;5323;0;340377;127804;0;23.7;8.9;0.0
44;2021-05-05;6027;4778;0;346404;132582;0;24.1;9.2;0.0
44;2021-05-06;7418;5072;0;353822;137654;0;24.6;9.6;0.0
44;2021-05-07;7402;5958;0;361224;143612;0;25.1;10.0;0.0
44;2021-05-08;2684;1283;0;363908;144895;0;25.3;10.1;0.0
44;2021-05-09;1888;1791;0;365796;146686;0;25.5;10.2;0.0
44;2021-05-10;6349;6016;0;372145;152702;0;25.9;10.6;0.0
44;2021-05-11;7605;6488;0;379750;159190;0;26.4;11.1;0.0
44;2021-05-12;8124;5962;0;387874;165152;0;27.0;11.5;0.0
44;2021-05-13;5769;1214;0;393643;166366;0;27.4;11.6;0.0
44;2021-05-14;7743;4141;0;401386;170507;0;27.9;11.9;0.0
44;2021-05-15;5050;2244;0;406436;172751;0;28.3;12.0;0.0
44;2021-05-16;3064;769;0;409500;173520;0;28.5;12.1;0.0
44;2021-05-17;6850;5249;0;416350;178769;0;29.0;12.4;0.0
44;2021-05-18;8218;5297;0;424568;184066;0;29.5;12.8;0.0
44;2021-05-19;8619;4401;0;433187;188467;0;30.1;13.1;0.0
44;2021-05-20;8981;4701;0;442168;193168;0;30.8;13.4;0.0
44;2021-05-21;9282;5269;0;451450;198437;0;31.4;13.8;0.0
44;2021-05-22;5567;2288;0;457017;200725;0;31.8;14.0;0.0
44;2021-05-23;2160;851;0;459177;201576;0;32.0;14.0;0.0
44;2021-05-24;5493;1637;0;464670;203213;0;32.3;14.1;0.0
44;2021-05-25;8254;5583;0;472924;208796;0;32.9;14.5;0.0
44;2021-05-26;8646;5134;0;481570;213930;0;33.5;14.9;0.0
44;2021-05-27;10201;5353;0;491771;219283;0;34.2;15.3;0.0
44;2021-05-28;9646;6897;0;501417;226180;0;34.9;15.7;0.0
44;2021-05-29;6432;3317;0;507849;229497;0;35.3;16.0;0.0
44;2021-05-30;2279;724;0;510128;230221;0;35.5;16.0;0.0
44;2021-05-31;8523;6117;0;518651;236338;0;36.1;16.4;0.0
44;2021-06-01;10507;6559;0;529158;242897;0;36.8;16.9;0.0
44;2021-06-02;10066;5649;0;539224;248546;0;37.5;17.3;0.0
44;2021-06-03;11348;5872;0;550572;254418;0;38.3;17.7;0.0
44;2021-06-04;10549;8132;0;561121;262550;0;39.0;18.3;0.0
44;2021-06-05;6406;4353;0;567527;266903;0;39.5;18.6;0.0
44;2021-06-06;2699;1107;0;570226;268010;0;39.7;18.6;0.0
44;2021-06-07;9487;6984;0;579713;274994;0;40.3;19.1;0.0
44;2021-06-08;11142;7615;0;590855;282609;0;41.1;19.7;0.0
44;2021-06-09;10774;6518;0;601629;289127;0;41.9;20.1;0.0
44;2021-06-10;11584;6077;0;613213;295204;0;42.7;20.5;0.0
44;2021-06-11;11839;8717;0;625052;303921;0;43.5;21.1;0.0
44;2021-06-12;7843;4064;0;632895;307985;0;44.0;21.4;0.0
44;2021-06-13;3356;1062;0;636251;309047;0;44.3;21.5;0.0
44;2021-06-14;8461;8403;0;644712;317450;0;44.9;22.1;0.0
44;2021-06-15;10959;8314;0;655671;325764;0;45.6;22.7;0.0
44;2021-06-16;10721;7648;0;666392;333412;0;46.4;23.2;0.0
44;2021-06-17;11516;8661;0;677908;342073;0;47.2;23.8;0.0
44;2021-06-18;10499;10015;1;688407;352088;1;47.9;24.5;0.0
44;2021-06-19;5922;4287;0;694329;356375;1;48.3;24.8;0.0
44;2021-06-20;2602;1365;0;696931;357740;1;48.5;24.9;0.0
44;2021-06-21;7028;9896;0;703959;367636;1;49.0;25.6;0.0
44;2021-06-22;8126;10575;0;712085;378211;1;49.5;26.3;0.0
44;2021-06-23;8249;9143;0;720334;387354;1;50.1;27.0;0.0
44;2021-06-24;8957;8640;0;729291;395994;1;50.7;27.6;0.0
44;2021-06-25;7275;10828;0;736566;406822;1;51.3;28.3;0.0
44;2021-06-26;2951;6470;0;739517;413292;1;51.5;28.8;0.0
44;2021-06-27;935;2514;0;740452;415806;1;51.5;28.9;0.0
44;2021-06-28;4960;10168;0;745412;425974;1;51.9;29.6;0.0
44;2021-06-29;5979;12148;0;751391;438122;1;52.3;30.5;0.0
44;2021-06-30;5874;10669;2;757265;448791;3;52.7;31.2;0.0
44;2021-07-01;6593;10706;0;763858;459497;3;53.2;32.0;0.0
44;2021-07-02;6056;12762;2;769914;472259;5;53.6;32.9;0.0
44;2021-07-03;2566;7060;1;772480;479319;6;53.8;33.4;0.0
44;2021-07-04;1068;2327;0;773548;481646;6;53.8;33.5;0.0
44;2021-07-05;4794;11937;2;778342;493583;8;54.2;34.3;0.0
44;2021-07-06;5397;12772;1;783739;506355;9;54.5;35.2;0.0
44;2021-07-07;5965;11244;1;789704;517599;10;54.9;36.0;0.0
44;2021-07-08;6764;12006;1;796468;529605;11;55.4;36.9;0.0
44;2021-07-09;5625;14293;1;802093;543898;12;55.8;37.8;0.0
44;2021-07-10;2277;7179;0;804370;551077;12;56.0;38.3;0.0
44;2021-07-11;869;2647;0;805239;553724;12;56.0;38.5;0.0
44;2021-07-12;3974;14081;0;809213;567805;12;56.3;39.5;0.0
44;2021-07-13;5459;14857;2;814672;582662;14;56.7;40.5;0.0
44;2021-07-14;3638;6120;0;818310;588782;14;56.9;41.0;0.0
44;2021-07-15;6945;14354;0;825255;603136;14;57.4;42.0;0.0
44;2021-07-16;7862;14913;1;833117;618049;15;58.0;43.0;0.0
44;2021-07-17;3286;7751;1;836403;625800;16;58.2;43.5;0.0
44;2021-07-18;2000;2881;0;838403;628681;16;58.3;43.7;0.0
44;2021-07-19;4830;14641;0;843233;643322;16;58.7;44.8;0.0
44;2021-07-20;6368;15613;0;849601;658935;16;59.1;45.9;0.0
44;2021-07-21;6284;14070;1;855885;673005;17;59.6;46.8;0.0
44;2021-07-22;7255;13634;0;863140;686639;17;60.1;47.8;0.0
44;2021-07-23;6633;15413;0;869773;702052;17;60.5;48.9;0.0
44;2021-07-24;3187;8565;0;872960;710617;17;60.7;49.4;0.0
44;2021-07-25;1122;3123;0;874082;713740;17;60.8;49.7;0.0
44;2021-07-26;6718;12519;1;880800;726259;18;61.3;50.5;0.0
44;2021-07-27;10277;12012;2;891077;738271;20;62.0;51.4;0.0
44;2021-07-28;9789;10624;0;900866;748895;20;62.7;52.1;0.0
44;2021-07-29;10913;10653;0;911779;759548;20;63.4;52.9;0.0
44;2021-07-30;9787;10708;1;921566;770256;21;64.1;53.6;0.0
44;2021-07-31;5139;5386;0;926705;775642;21;64.5;54.0;0.0
44;2021-08-01;2697;1455;0;929402;777097;21;64.7;54.1;0.0
44;2021-08-02;7168;9190;0;936570;786287;21;65.2;54.7;0.0
44;2021-08-03;9231;8133;0;945801;794420;21;65.8;55.3;0.0
44;2021-08-04;9792;6774;0;955593;801194;21;66.5;55.7;0.0
44;2021-08-05;11776;7210;0;967369;808404;21;67.3;56.3;0.0
44;2021-08-06;10169;7963;0;977538;816367;21;68.0;56.8;0.0
44;2021-08-07;4741;3681;0;982279;820048;21;68.3;57.1;0.0
44;2021-08-08;2590;1515;0;984869;821563;21;68.5;57.2;0.0
44;2021-08-09;8455;7344;2;993324;828907;23;69.1;57.7;0.0
44;2021-08-10;9772;7075;0;1003096;835982;23;69.8;58.2;0.0
44;2021-08-11;9684;6243;1;1012780;842225;24;70.5;58.6;0.0
44;2021-08-12;9596;6713;0;1022376;848938;24;71.1;59.1;0.0
44;2021-08-13;7842;5955;1;1030218;854893;25;71.7;59.5;0.0
44;2021-08-14;2938;3058;0;1033156;857951;25;71.9;59.7;0.0
44;2021-08-15;830;953;0;1033986;858904;25;71.9;59.8;0.0
44;2021-08-16;5293;7880;0;1039279;866784;25;72.3;60.3;0.0
44;2021-08-17;5363;8151;2;1044642;874935;27;72.7;60.9;0.0
44;2021-08-18;4725;7563;0;1049367;882498;27;73.0;61.4;0.0
44;2021-08-19;4653;8195;0;1054020;890693;27;73.3;62.0;0.0
44;2021-08-20;4286;8871;0;1058306;899564;27;73.6;62.6;0.0
44;2021-08-21;1862;4620;0;1060168;904184;27;73.8;62.9;0.0
44;2021-08-22;803;2538;0;1060971;906722;27;73.8;63.1;0.0
44;2021-08-23;3426;9305;0;1064397;916027;27;74.1;63.7;0.0
44;2021-08-24;3398;8776;0;1067795;924803;27;74.3;64.4;0.0
44;2021-08-25;2970;8532;0;1070765;933335;27;74.5;64.9;0.0
44;2021-08-26;2689;10002;2;1073454;943337;29;74.7;65.6;0.0
44;2021-08-27;2903;10471;1;1076357;953808;30;74.9;66.4;0.0
44;2021-08-28;1329;5712;0;1077686;959520;30;75.0;66.8;0.0
44;2021-08-29;519;2763;0;1078205;962283;30;75.0;67.0;0.0
44;2021-08-30;2386;10400;91;1080591;972683;121;75.2;67.7;0.0
44;2021-08-31;2602;10476;244;1083193;983159;365;75.4;68.4;0.0
44;2021-09-01;2552;8995;419;1085745;992154;784;75.5;69.0;0.1
44;2021-09-02;2175;7642;481;1087920;999796;1265;75.7;69.6;0.1
44;2021-09-03;1997;8989;502;1089917;1008785;1767;75.8;70.2;0.1
44;2021-09-04;1317;5467;193;1091234;1014252;1960;75.9;70.6;0.1
44;2021-09-05;455;1255;131;1091689;1015507;2091;76.0;70.7;0.1
44;2021-09-06;1485;5485;585;1093174;1020992;2676;76.1;71.0;0.2
44;2021-09-07;1386;4793;576;1094560;1025785;3252;76.2;71.4;0.2
44;2021-09-08;1734;5645;485;1096294;1031430;3737;76.3;71.8;0.3
44;2021-09-09;1359;4124;662;1097653;1035554;4399;76.4;72.1;0.3
44;2021-09-10;1755;5557;687;1099408;1041111;5086;76.5;72.4;0.4
44;2021-09-11;1004;3744;224;1100412;1044855;5310;76.6;72.7;0.4
44;2021-09-12;210;862;36;1100622;1045717;5346;76.6;72.8;0.4
44;2021-09-13;1096;3289;899;1101718;1049006;6245;76.7;73.0;0.4
44;2021-09-14;1060;3047;1339;1102778;1052053;7584;76.7;73.2;0.5
44;2021-09-15;1386;4272;1045;1104164;1056325;8629;76.8;73.5;0.6
44;2021-09-16;930;2226;1175;1105094;1058551;9804;76.9;73.7;0.7
44;2021-09-17;1158;3719;1202;1106252;1062270;11006;77.0;73.9;0.8
44;2021-09-18;675;2958;202;1106927;1065228;11208;77.0;74.1;0.8
44;2021-09-19;175;688;53;1107102;1065916;11261;77.0;74.2;0.8
44;2021-09-20;832;2031;1141;1107934;1067947;12402;77.1;74.3;0.9
44;2021-09-21;717;1799;1086;1108651;1069746;13488;77.1;74.4;0.9
44;2021-09-22;886;3286;933;1109537;1073032;14421;77.2;74.7;1.0
44;2021-09-23;798;1835;1443;1110335;1074867;15864;77.3;74.8;1.1
44;2021-09-24;1003;2820;1154;1111338;1077687;17018;77.3;75.0;1.2
44;2021-09-25;462;2158;256;1111800;1079845;17274;77.4;75.1;1.2
44;2021-09-26;165;472;54;1111965;1080317;17328;77.4;75.2;1.2
44;2021-09-27;720;1661;1048;1112685;1081978;18376;77.4;75.3;1.3
44;2021-09-28;587;1508;1413;1113272;1083486;19789;77.5;75.4;1.4
44;2021-09-29;919;2385;1192;1114191;1085871;20981;77.5;75.6;1.5
44;2021-09-30;665;1427;1616;1114856;1087298;22597;77.6;75.7;1.6
44;2021-10-01;894;2070;1346;1115750;1089368;23943;77.6;75.8;1.7
44;2021-10-02;461;1220;241;1116211;1090588;24184;77.7;75.9;1.7
44;2021-10-03;184;323;58;1116395;1090911;24242;77.7;75.9;1.7
44;2021-10-04;488;882;558;1116883;1091793;24800;77.7;76.0;1.7
44;2021-10-05;469;909;1041;1117352;1092702;25841;77.7;76.0;1.8
44;2021-10-06;691;1470;940;1118043;1094172;26781;77.8;76.1;1.9
44;2021-10-07;524;1012;1323;1118567;1095184;28104;77.8;76.2;2.0
44;2021-10-08;796;1461;1256;1119363;1096645;29360;77.9;76.3;2.0
44;2021-10-09;353;842;338;1119716;1097487;29698;77.9;76.4;2.1
44;2021-10-10;98;188;124;1119814;1097675;29822;77.9;76.4;2.1
44;2021-10-11;494;960;1182;1120308;1098635;31004;78.0;76.4;2.2
44;2021-10-12;441;795;1327;1120749;1099430;32331;78.0;76.5;2.2
44;2021-10-13;598;1050;1065;1121347;1100480;33396;78.0;76.6;2.3
44;2021-10-14;535;893;1372;1121882;1101373;34768;78.1;76.6;2.4
44;2021-10-15;669;1227;1558;1122551;1102600;36326;78.1;76.7;2.5
44;2021-10-16;311;588;301;1122862;1103188;36627;78.1;76.8;2.5
44;2021-10-17;81;163;82;1122943;1103351;36709;78.1;76.8;2.6
44;2021-10-18;559;743;1360;1123502;1104094;38069;78.2;76.8;2.6
44;2021-10-19;217;637;1582;1123719;1104731;39651;78.2;76.9;2.8
44;2021-10-20;325;959;1709;1124044;1105690;41360;78.2;76.9;2.9
44;2021-10-21;209;646;1373;1124253;1106336;42733;78.2;77.0;3.0
44;2021-10-22;255;975;1862;1124508;1107311;44595;78.2;77.0;3.1
44;2021-10-23;123;475;451;1124631;1107786;45046;78.3;77.1;3.1
44;2021-10-24;32;183;111;1124663;1107969;45157;78.3;77.1;3.1
44;2021-10-25;238;526;1523;1124901;1108495;46680;78.3;77.1;3.2
44;2021-10-26;181;418;1489;1125082;1108913;48169;78.3;77.2;3.4
44;2021-10-27;268;598;1898;1125350;1109511;50067;78.3;77.2;3.5
44;2021-10-28;200;454;1884;1125550;1109965;51951;78.3;77.2;3.6
44;2021-10-29;259;705;2417;1125809;1110670;54368;78.3;77.3;3.8
44;2021-10-30;77;292;564;1125886;1110962;54932;78.3;77.3;3.8
44;2021-10-31;31;118;174;1125917;1111080;55106;78.3;77.3;3.8
44;2021-11-01;20;32;17;1125937;1111112;55123;78.3;77.3;3.8
44;2021-11-02;195;411;1588;1126132;1111523;56711;78.4;77.3;3.9
44;2021-11-03;209;535;1858;1126341;1112058;58569;78.4;77.4;4.1
44;2021-11-04;214;449;2169;1126555;1112507;60738;78.4;77.4;4.2
44;2021-11-05;237;651;2510;1126792;1113158;63248;78.4;77.5;4.4
44;2021-11-06;85;257;845;1126877;1113415;64093;78.4;77.5;4.5
44;2021-11-07;13;104;42;1126890;1113519;64135;78.4;77.5;4.5
44;2021-11-08;161;509;2275;1127051;1114028;66410;78.4;77.5;4.6
44;2021-11-09;171;482;3657;1127222;1114510;70067;78.4;77.6;4.9
44;2021-11-10;247;532;3522;1127469;1115042;73589;78.5;77.6;5.1
44;2021-11-11;16;23;60;1127485;1115065;73649;78.5;77.6;5.1
44;2021-11-12;253;507;3810;1127738;1115572;77459;78.5;77.6;5.4
44;2021-11-13;99;213;919;1127837;1115785;78378;78.5;77.6;5.5
44;2021-11-14;1;7;8;1127838;1115792;78386;78.5;77.6;5.5
44;2021-11-15;151;289;3467;1127989;1116081;81853;78.5;77.7;5.7
44;2021-11-16;171;290;4806;1128160;1116371;86659;78.5;77.7;6.0
44;2021-11-17;266;374;4270;1128426;1116745;90929;78.5;77.7;6.3
44;2021-11-18;171;302;4848;1128597;1117047;95777;78.5;77.7;6.7
44;2021-11-19;236;357;5181;1128833;1117404;100958;78.5;77.8;7.0
44;2021-11-20;160;170;1241;1128993;1117574;102199;78.6;77.8;7.1
44;2021-11-21;5;16;10;1128998;1117590;102209;78.6;77.8;7.1
44;2021-11-22;152;178;3949;1129150;1117768;106158;78.6;77.8;7.4
44;2021-11-23;218;200;5930;1129368;1117968;112088;78.6;77.8;7.8
44;2021-11-24;360;305;5402;1129728;1118273;117490;78.6;77.8;8.2
44;2021-11-25;203;238;6308;1129931;1118511;123798;78.6;77.8;8.6
44;2021-11-26;258;355;8269;1130189;1118866;132067;78.6;77.9;9.2
44;2021-11-27;127;198;3007;1130316;1119064;135074;78.7;77.9;9.4
44;2021-11-28;11;19;635;1130327;1119083;135709;78.7;77.9;9.4
44;2021-11-29;159;200;6663;1130486;1119283;142372;78.7;77.9;9.9
44;2021-11-30;211;219;9982;1130697;1119502;152354;78.7;77.9;10.6
44;2021-12-01;187;236;8777;1130884;1119738;161131;78.7;77.9;11.2
44;2021-12-02;149;178;11074;1131033;1119916;172205;78.7;77.9;12.0
44;2021-12-03;169;273;12090;1131202;1120189;184295;78.7;77.9;12.8
44;2021-12-04;82;130;4646;1131284;1120319;188941;78.7;78.0;13.1
44;2021-12-05;13;11;1011;1131297;1120330;189952;78.7;78.0;13.2
44;2021-12-06;105;181;10014;1131402;1120511;199966;78.7;78.0;13.9
44;2021-12-07;173;209;13342;1131575;1120720;213308;78.7;78.0;14.8
44;2021-12-08;193;286;11428;1131768;1121006;224736;78.8;78.0;15.6
44;2021-12-09;156;252;13777;1131924;1121258;238513;78.8;78.0;16.6
44;2021-12-10;165;281;14925;1132089;1121539;253438;78.8;78.0;17.6
44;2021-12-11;112;199;6829;1132201;1121738;260267;78.8;78.1;18.1
44;2021-12-12;14;28;2184;1132215;1121766;262451;78.8;78.1;18.3
44;2021-12-13;161;209;13022;1132376;1121975;275473;78.8;78.1;19.2
44;2021-12-14;195;249;17915;1132571;1122224;293388;78.8;78.1;20.4
44;2021-12-15;247;343;14853;1132818;1122567;308241;78.8;78.1;21.4
44;2021-12-16;173;259;17552;1132991;1122826;325793;78.8;78.1;22.7
44;2021-12-17;234;354;19800;1133225;1123180;345593;78.9;78.2;24.0
44;2021-12-18;163;209;8979;1133388;1123389;354572;78.9;78.2;24.7
44;2021-12-19;33;35;3390;1133421;1123424;357962;78.9;78.2;24.9
44;2021-12-20;258;305;15858;1133679;1123729;373820;78.9;78.2;26.0
44;2021-12-21;320;321;18182;1133999;1124050;392002;78.9;78.2;27.3
44;2021-12-22;297;276;15736;1134296;1124326;407738;78.9;78.2;28.4
45;2020-12-27;3;1;0;3;1;0;0.0;0.0;0.0
45;2020-12-28;0;0;0;3;1;0;0.0;0.0;0.0
45;2020-12-29;0;0;0;3;1;0;0.0;0.0;0.0
45;2020-12-30;0;0;0;3;1;0;0.0;0.0;0.0
45;2020-12-31;0;0;0;3;1;0;0.0;0.0;0.0
45;2021-01-01;0;0;0;3;1;0;0.0;0.0;0.0
45;2021-01-02;0;0;0;3;1;0;0.0;0.0;0.0
45;2021-01-03;0;0;0;3;1;0;0.0;0.0;0.0
45;2021-01-04;0;0;0;3;1;0;0.0;0.0;0.0
45;2021-01-05;73;0;0;76;1;0;0.0;0.0;0.0
45;2021-01-06;86;0;0;162;1;0;0.0;0.0;0.0
45;2021-01-07;226;1;0;388;2;0;0.1;0.0;0.0
45;2021-01-08;215;0;0;603;2;0;0.1;0.0;0.0
45;2021-01-09;38;0;0;641;2;0;0.1;0.0;0.0
45;2021-01-10;22;0;0;663;2;0;0.1;0.0;0.0
45;2021-01-11;267;1;0;930;3;0;0.1;0.0;0.0
45;2021-01-12;618;3;0;1548;6;0;0.2;0.0;0.0
45;2021-01-13;506;1;0;2054;7;0;0.3;0.0;0.0
45;2021-01-14;507;37;0;2561;44;0;0.4;0.0;0.0
45;2021-01-15;396;2;0;2957;46;0;0.4;0.0;0.0
45;2021-01-16;48;1;0;3005;47;0;0.4;0.0;0.0
45;2021-01-17;25;0;0;3030;47;0;0.4;0.0;0.0
45;2021-01-18;749;1;0;3779;48;0;0.6;0.0;0.0
45;2021-01-19;1153;6;0;4932;54;0;0.7;0.0;0.0
45;2021-01-20;2030;14;0;6962;68;0;1.0;0.0;0.0
45;2021-01-21;2461;6;0;9423;74;0;1.4;0.0;0.0
45;2021-01-22;1387;6;0;10810;80;0;1.6;0.0;0.0
45;2021-01-23;154;1;0;10964;81;0;1.6;0.0;0.0
45;2021-01-24;34;0;0;10998;81;0;1.6;0.0;0.0
45;2021-01-25;567;4;0;11565;85;0;1.7;0.0;0.0
45;2021-01-26;885;20;0;12450;105;0;1.8;0.0;0.0
45;2021-01-27;890;41;0;13340;146;0;2.0;0.0;0.0
45;2021-01-28;945;206;0;14285;352;0;2.1;0.1;0.0
45;2021-01-29;612;131;0;14897;483;0;2.2;0.1;0.0
45;2021-01-30;61;33;0;14958;516;0;2.2;0.1;0.0
45;2021-01-31;39;23;0;14997;539;0;2.2;0.1;0.0
45;2021-02-01;485;204;0;15482;743;0;2.3;0.1;0.0
45;2021-02-02;764;451;0;16246;1194;0;2.4;0.2;0.0
45;2021-02-03;746;472;0;16992;1666;0;2.5;0.2;0.0
45;2021-02-04;738;275;0;17730;1941;0;2.6;0.3;0.0
45;2021-02-05;438;153;0;18168;2094;0;2.7;0.3;0.0
45;2021-02-06;43;27;0;18211;2121;0;2.7;0.3;0.0
45;2021-02-07;6;29;0;18217;2150;0;2.7;0.3;0.0
45;2021-02-08;459;183;0;18676;2333;0;2.7;0.3;0.0
45;2021-02-09;976;415;0;19652;2748;0;2.9;0.4;0.0
45;2021-02-10;1212;796;0;20864;3544;0;3.1;0.5;0.0
45;2021-02-11;1349;1484;0;22213;5028;0;3.3;0.7;0.0
45;2021-02-12;1033;1120;0;23246;6148;0;3.4;0.9;0.0
45;2021-02-13;89;149;0;23335;6297;0;3.4;0.9;0.0
45;2021-02-14;40;13;0;23375;6310;0;3.4;0.9;0.0
45;2021-02-15;528;617;0;23903;6927;0;3.5;1.0;0.0
45;2021-02-16;773;975;0;24676;7902;0;3.6;1.2;0.0
45;2021-02-17;617;1070;0;25293;8972;0;3.7;1.3;0.0
45;2021-02-18;840;916;0;26133;9888;0;3.8;1.4;0.0
45;2021-02-19;827;804;0;26960;10692;0;3.9;1.6;0.0
45;2021-02-20;59;96;0;27019;10788;0;4.0;1.6;0.0
45;2021-02-21;18;46;0;27037;10834;0;4.0;1.6;0.0
45;2021-02-22;382;631;0;27419;11465;0;4.0;1.7;0.0
45;2021-02-23;768;797;0;28187;12262;0;4.1;1.8;0.0
45;2021-02-24;610;922;0;28797;13184;0;4.2;1.9;0.0
45;2021-02-25;948;831;0;29745;14015;0;4.4;2.1;0.0
45;2021-02-26;1027;704;0;30772;14719;0;4.5;2.2;0.0
45;2021-02-27;295;62;0;31067;14781;0;4.5;2.2;0.0
45;2021-02-28;26;9;0;31093;14790;0;4.6;2.2;0.0
45;2021-03-01;536;360;0;31629;15150;0;4.6;2.2;0.0
45;2021-03-02;713;706;0;32342;15856;0;4.7;2.3;0.0
45;2021-03-03;949;856;0;33291;16712;0;4.9;2.4;0.0
45;2021-03-04;1123;966;0;34414;17678;0;5.0;2.6;0.0
45;2021-03-05;1448;887;0;35862;18565;0;5.3;2.7;0.0
45;2021-03-06;2080;140;0;37942;18705;0;5.6;2.7;0.0
45;2021-03-07;190;67;0;38132;18772;0;5.6;2.7;0.0
45;2021-03-08;779;785;0;38911;19557;0;5.7;2.9;0.0
45;2021-03-09;1300;718;0;40211;20275;0;5.9;3.0;0.0
45;2021-03-10;1607;921;0;41818;21196;0;6.1;3.1;0.0
45;2021-03-11;1767;759;0;43585;21955;0;6.4;3.2;0.0
45;2021-03-12;2093;647;0;45678;22602;0;6.7;3.3;0.0
45;2021-03-13;1072;55;0;46750;22657;0;6.8;3.3;0.0
45;2021-03-14;67;49;0;46817;22706;0;6.9;3.3;0.0
45;2021-03-15;884;552;0;47701;23258;0;7.0;3.4;0.0
45;2021-03-16;1033;808;0;48734;24066;0;7.1;3.5;0.0
45;2021-03-17;1092;627;0;49826;24693;0;7.3;3.6;0.0
45;2021-03-18;1079;575;0;50905;25268;0;7.5;3.7;0.0
45;2021-03-19;1733;425;0;52638;25693;0;7.7;3.8;0.0
45;2021-03-20;581;82;0;53219;25775;0;7.8;3.8;0.0
45;2021-03-21;34;36;0;53253;25811;0;7.8;3.8;0.0
45;2021-03-22;1009;490;0;54262;26301;0;7.9;3.9;0.0
45;2021-03-23;2090;703;0;56352;27004;0;8.3;4.0;0.0
45;2021-03-24;1971;516;0;58323;27520;0;8.5;4.0;0.0
45;2021-03-25;3167;456;0;61490;27976;0;9.0;4.1;0.0
45;2021-03-26;3527;492;0;65017;28468;0;9.5;4.2;0.0
45;2021-03-27;1857;122;0;66874;28590;0;9.8;4.2;0.0
45;2021-03-28;91;38;0;66965;28628;0;9.8;4.2;0.0
45;2021-03-29;1626;555;0;68591;29183;0;10.0;4.3;0.0
45;2021-03-30;2830;822;0;71421;30005;0;10.5;4.4;0.0
45;2021-03-31;2249;594;0;73670;30599;0;10.8;4.5;0.0
45;2021-04-01;3146;597;0;76816;31196;0;11.2;4.6;0.0
45;2021-04-02;2912;541;0;79728;31737;0;11.7;4.6;0.0
45;2021-04-03;853;105;0;80581;31842;0;11.8;4.7;0.0
45;2021-04-04;123;38;0;80704;31880;0;11.8;4.7;0.0
45;2021-04-05;50;2;0;80754;31882;0;11.8;4.7;0.0
45;2021-04-06;1871;813;0;82625;32695;0;12.1;4.8;0.0
45;2021-04-07;1983;1180;0;84608;33875;0;12.4;5.0;0.0
45;2021-04-08;2993;1067;0;87601;34942;0;12.8;5.1;0.0
45;2021-04-09;3778;693;0;91379;35635;0;13.4;5.2;0.0
45;2021-04-10;2409;200;0;93788;35835;0;13.7;5.2;0.0
45;2021-04-11;184;47;0;93972;35882;0;13.8;5.3;0.0
45;2021-04-12;2631;696;0;96603;36578;0;14.1;5.4;0.0
45;2021-04-13;3975;1176;0;100578;37754;0;14.7;5.5;0.0
45;2021-04-14;3050;1286;0;103628;39040;0;15.2;5.7;0.0
45;2021-04-15;3666;1113;0;107294;40153;0;15.7;5.9;0.0
45;2021-04-16;3904;779;0;111198;40932;0;16.3;6.0;0.0
45;2021-04-17;1612;164;0;112810;41096;0;16.5;6.0;0.0
45;2021-04-18;205;47;0;113015;41143;0;16.5;6.0;0.0
45;2021-04-19;1997;992;0;115012;42135;0;16.8;6.2;0.0
45;2021-04-20;3196;1767;0;118208;43902;0;17.3;6.4;0.0
45;2021-04-21;2835;1395;0;121043;45297;0;17.7;6.6;0.0
45;2021-04-22;3489;1991;0;124532;47288;0;18.2;6.9;0.0
45;2021-04-23;3454;1854;0;127986;49142;0;18.7;7.2;0.0
45;2021-04-24;2278;932;0;130264;50074;0;19.1;7.3;0.0
45;2021-04-25;443;97;0;130707;50171;0;19.1;7.3;0.0
45;2021-04-26;2379;1217;0;133086;51388;0;19.5;7.5;0.0
45;2021-04-27;3584;2375;0;136670;53763;0;20.0;7.9;0.0
45;2021-04-28;3004;2072;0;139674;55835;0;20.5;8.2;0.0
45;2021-04-29;4142;2435;0;143816;58270;0;21.1;8.5;0.0
45;2021-04-30;4595;1878;0;148411;60148;0;21.7;8.8;0.0
45;2021-05-01;515;95;0;148926;60243;0;21.8;8.8;0.0
45;2021-05-02;640;126;0;149566;60369;0;21.9;8.8;0.0
45;2021-05-03;3011;1126;0;152577;61495;0;22.3;9.0;0.0
45;2021-05-04;3480;2472;0;156057;63967;0;22.9;9.4;0.0
45;2021-05-05;2989;2259;0;159046;66226;0;23.3;9.7;0.0
45;2021-05-06;3693;2682;0;162739;68908;0;23.8;10.1;0.0
45;2021-05-07;3162;3242;0;165901;72150;0;24.3;10.6;0.0
45;2021-05-08;868;324;0;166769;72474;0;24.4;10.6;0.0
45;2021-05-09;1473;169;0;168242;72643;0;24.6;10.6;0.0
45;2021-05-10;4193;3064;0;172435;75707;0;25.3;11.1;0.0
45;2021-05-11;5120;3155;0;177555;78862;0;26.0;11.5;0.0
45;2021-05-12;6109;2999;0;183664;81861;0;26.9;12.0;0.0
45;2021-05-13;2779;633;0;186443;82494;0;27.3;12.1;0.0
45;2021-05-14;5193;1724;0;191636;84218;0;28.1;12.3;0.0
45;2021-05-15;4359;664;0;195995;84882;0;28.7;12.4;0.0
45;2021-05-16;386;58;0;196381;84940;0;28.8;12.4;0.0
45;2021-05-17;3700;1611;0;200081;86551;0;29.3;12.7;0.0
45;2021-05-18;5634;1811;0;205715;88362;0;30.1;12.9;0.0
45;2021-05-19;5088;2130;0;210803;90492;0;30.9;13.3;0.0
45;2021-05-20;5864;2196;0;216667;92688;0;31.7;13.6;0.0
45;2021-05-21;5663;2336;0;222330;95024;0;32.6;13.9;0.0
45;2021-05-22;3396;668;0;225726;95692;0;33.1;14.0;0.0
45;2021-05-23;225;105;0;225951;95797;0;33.1;14.0;0.0
45;2021-05-24;3195;255;0;229146;96052;0;33.6;14.1;0.0
45;2021-05-25;5546;3066;0;234692;99118;0;34.4;14.5;0.0
45;2021-05-26;5852;2411;0;240544;101529;0;35.2;14.9;0.0
45;2021-05-27;5811;3336;0;246355;104865;0;36.1;15.4;0.0
45;2021-05-28;5944;3572;0;252299;108437;0;36.9;15.9;0.0
45;2021-05-29;3935;1331;0;256234;109768;0;37.5;16.1;0.0
45;2021-05-30;139;185;0;256373;109953;0;37.5;16.1;0.0
45;2021-05-31;4308;2568;0;260681;112521;0;38.2;16.5;0.0
45;2021-06-01;6176;3232;0;266857;115753;0;39.1;17.0;0.0
45;2021-06-02;4982;3249;0;271839;119002;0;39.8;17.4;0.0
45;2021-06-03;5824;3372;0;277663;122374;0;40.7;17.9;0.0
45;2021-06-04;5893;3324;0;283556;125698;0;41.5;18.4;0.0
45;2021-06-05;2424;1601;0;285980;127299;0;41.9;18.6;0.0
45;2021-06-06;276;340;0;286256;127639;0;41.9;18.7;0.0
45;2021-06-07;4025;2849;0;290281;130488;0;42.5;19.1;0.0
45;2021-06-08;4678;4350;0;294959;134838;0;43.2;19.7;0.0
45;2021-06-09;4473;3509;0;299432;138347;0;43.8;20.3;0.0
45;2021-06-10;4843;2997;0;304275;141344;0;44.6;20.7;0.0
45;2021-06-11;4159;3871;0;308434;145215;0;45.2;21.3;0.0
45;2021-06-12;2717;1601;0;311151;146816;0;45.6;21.5;0.0
45;2021-06-13;128;483;0;311279;147299;0;45.6;21.6;0.0
45;2021-06-14;3048;4371;0;314327;151670;0;46.0;22.2;0.0
45;2021-06-15;3412;4668;0;317739;156338;0;46.5;22.9;0.0
45;2021-06-16;3816;3726;1;321555;160064;1;47.1;23.4;0.0
45;2021-06-17;3473;3835;0;325028;163899;1;47.6;24.0;0.0
45;2021-06-18;3823;5191;0;328851;169090;1;48.2;24.8;0.0
45;2021-06-19;2446;2014;0;331297;171104;1;48.5;25.1;0.0
45;2021-06-20;112;183;0;331409;171287;1;48.5;25.1;0.0
45;2021-06-21;2150;5967;0;333559;177254;1;48.8;26.0;0.0
45;2021-06-22;2448;6792;0;336007;184046;1;49.2;27.0;0.0
45;2021-06-23;2300;5811;0;338307;189857;1;49.5;27.8;0.0
45;2021-06-24;2205;3843;0;340512;193700;1;49.9;28.4;0.0
45;2021-06-25;2426;6594;0;342938;200294;1;50.2;29.3;0.0
45;2021-06-26;1857;3407;0;344795;203701;1;50.5;29.8;0.0
45;2021-06-27;92;240;0;344887;203941;1;50.5;29.9;0.0
45;2021-06-28;2024;5204;0;346911;209145;1;50.8;30.6;0.0
45;2021-06-29;2650;7243;0;349561;216388;1;51.2;31.7;0.0
45;2021-06-30;2881;6263;0;352442;222651;1;51.6;32.6;0.0
45;2021-07-01;2431;5465;0;354873;228116;1;52.0;33.4;0.0
45;2021-07-02;2351;6627;0;357224;234743;1;52.3;34.4;0.0
45;2021-07-03;827;3015;0;358051;237758;1;52.4;34.8;0.0
45;2021-07-04;75;197;0;358126;237955;1;52.4;34.8;0.0
45;2021-07-05;2011;5164;0;360137;243119;1;52.7;35.6;0.0
45;2021-07-06;2661;7184;0;362798;250303;1;53.1;36.7;0.0
45;2021-07-07;2302;6588;0;365100;256891;1;53.5;37.6;0.0
45;2021-07-08;2694;5611;0;367794;262502;1;53.9;38.4;0.0
45;2021-07-09;2192;7108;0;369986;269610;1;54.2;39.5;0.0
45;2021-07-10;1551;4196;0;371537;273806;1;54.4;40.1;0.0
45;2021-07-11;94;171;0;371631;273977;1;54.4;40.1;0.0
45;2021-07-12;1609;5936;0;373240;279913;1;54.7;41.0;0.0
45;2021-07-13;3086;8327;0;376326;288240;1;55.1;42.2;0.0
45;2021-07-14;1553;1710;0;377879;289950;1;55.3;42.5;0.0
45;2021-07-15;3929;7413;0;381808;297363;1;55.9;43.5;0.0
45;2021-07-16;3466;7349;0;385274;304712;1;56.4;44.6;0.0
45;2021-07-17;1485;2730;0;386759;307442;1;56.6;45.0;0.0
45;2021-07-18;251;236;0;387010;307678;1;56.7;45.1;0.0
45;2021-07-19;2108;5891;0;389118;313569;1;57.0;45.9;0.0
45;2021-07-20;4801;6832;0;393919;320401;1;57.7;46.9;0.0
45;2021-07-21;5196;5499;0;399115;325900;1;58.4;47.7;0.0
45;2021-07-22;6265;5067;0;405380;330967;1;59.4;48.5;0.0
45;2021-07-23;4457;5653;0;409837;336620;1;60.0;49.3;0.0
45;2021-07-24;2048;2920;0;411885;339540;1;60.3;49.7;0.0
45;2021-07-25;287;159;0;412172;339699;1;60.4;49.7;0.0
45;2021-07-26;3068;4901;0;415240;344600;1;60.8;50.5;0.0
45;2021-07-27;5445;5052;0;420685;349652;1;61.6;51.2;0.0
45;2021-07-28;4843;4053;0;425528;353705;1;62.3;51.8;0.0
45;2021-07-29;5260;3390;0;430788;357095;1;63.1;52.3;0.0
45;2021-07-30;4929;4783;0;435717;361878;1;63.8;53.0;0.0
45;2021-07-31;1301;2255;0;437018;364133;1;64.0;53.3;0.0
45;2021-08-01;283;98;0;437301;364231;1;64.0;53.3;0.0
45;2021-08-02;3681;3233;0;440982;367464;1;64.6;53.8;0.0
45;2021-08-03;4776;3045;0;445758;370509;1;65.3;54.3;0.0
45;2021-08-04;3580;2406;0;449338;372915;1;65.8;54.6;0.0
45;2021-08-05;3283;2719;0;452621;375634;1;66.3;55.0;0.0
45;2021-08-06;3625;3336;0;456246;378970;1;66.8;55.5;0.0
45;2021-08-07;1705;1258;0;457951;380228;1;67.1;55.7;0.0
45;2021-08-08;136;166;0;458087;380394;1;67.1;55.7;0.0
45;2021-08-09;2617;3232;0;460704;383626;1;67.5;56.2;0.0
45;2021-08-10;3338;3890;0;464042;387516;1;68.0;56.7;0.0
45;2021-08-11;2616;3692;0;466658;391208;1;68.3;57.3;0.0
45;2021-08-12;2145;3546;0;468803;394754;1;68.6;57.8;0.0
45;2021-08-13;1786;4178;0;470589;398932;1;68.9;58.4;0.0
45;2021-08-14;758;1268;0;471347;400200;1;69.0;58.6;0.0
45;2021-08-15;85;91;0;471432;400291;1;69.0;58.6;0.0
45;2021-08-16;1193;2608;0;472625;402899;1;69.2;59.0;0.0
45;2021-08-17;1838;3701;0;474463;406600;1;69.5;59.5;0.0
45;2021-08-18;1690;3907;0;476153;410507;1;69.7;60.1;0.0
45;2021-08-19;1482;4147;0;477635;414654;1;69.9;60.7;0.0
45;2021-08-20;1429;3625;0;479064;418279;1;70.2;61.3;0.0
45;2021-08-21;873;1438;0;479937;419717;1;70.3;61.5;0.0
45;2021-08-22;50;243;0;479987;419960;1;70.3;61.5;0.0
45;2021-08-23;1198;4294;0;481185;424254;1;70.5;62.1;0.0
45;2021-08-24;1673;4635;0;482858;428889;1;70.7;62.8;0.0
45;2021-08-25;1496;3644;0;484354;432533;1;70.9;63.3;0.0
45;2021-08-26;1044;3528;0;485398;436061;1;71.1;63.9;0.0
45;2021-08-27;1389;4805;0;486787;440866;1;71.3;64.6;0.0
45;2021-08-28;845;2118;0;487632;442984;1;71.4;64.9;0.0
45;2021-08-29;117;228;0;487749;443212;1;71.4;64.9;0.0
45;2021-08-30;1133;3977;72;488882;447189;73;71.6;65.5;0.0
45;2021-08-31;1071;4269;131;489953;451458;204;71.7;66.1;0.0
45;2021-09-01;1119;3311;167;491072;454769;371;71.9;66.6;0.1
45;2021-09-02;952;3040;250;492024;457809;621;72.1;67.0;0.1
45;2021-09-03;1041;3524;253;493065;461333;874;72.2;67.6;0.1
45;2021-09-04;549;1435;54;493614;462768;928;72.3;67.8;0.1
45;2021-09-05;23;72;1;493637;462840;929;72.3;67.8;0.1
45;2021-09-06;844;2311;463;494481;465151;1392;72.4;68.1;0.2
45;2021-09-07;720;1735;497;495201;466886;1889;72.5;68.4;0.3
45;2021-09-08;830;2138;395;496031;469024;2284;72.6;68.7;0.3
45;2021-09-09;766;1461;257;496797;470485;2541;72.7;68.9;0.4
45;2021-09-10;773;1604;298;497570;472089;2839;72.9;69.1;0.4
45;2021-09-11;427;1546;108;497997;473635;2947;72.9;69.4;0.4
45;2021-09-12;344;207;179;498341;473842;3126;73.0;69.4;0.5
45;2021-09-13;443;921;340;498784;474763;3466;73.0;69.5;0.5
45;2021-09-14;764;1451;718;499548;476214;4184;73.2;69.7;0.6
45;2021-09-15;738;1704;604;500286;477918;4788;73.3;70.0;0.7
45;2021-09-16;761;990;506;501047;478908;5294;73.4;70.1;0.8
45;2021-09-17;743;1586;535;501790;480494;5829;73.5;70.4;0.9
45;2021-09-18;453;986;188;502243;481480;6017;73.5;70.5;0.9
45;2021-09-19;12;61;1;502255;481541;6018;73.5;70.5;0.9
45;2021-09-20;392;930;674;502647;482471;6692;73.6;70.7;1.0
45;2021-09-21;454;761;642;503101;483232;7334;73.7;70.8;1.1
45;2021-09-22;415;1573;739;503516;484805;8073;73.7;71.0;1.2
45;2021-09-23;504;874;749;504020;485679;8822;73.8;71.1;1.3
45;2021-09-24;539;1290;483;504559;486969;9305;73.9;71.3;1.4
45;2021-09-25;312;762;178;504871;487731;9483;73.9;71.4;1.4
45;2021-09-26;12;30;6;504883;487761;9489;73.9;71.4;1.4
45;2021-09-27;415;730;550;505298;488491;10039;74.0;71.5;1.5
45;2021-09-28;424;765;742;505722;489256;10781;74.1;71.6;1.6
45;2021-09-29;468;936;751;506190;490192;11532;74.1;71.8;1.7
45;2021-09-30;391;812;594;506581;491004;12126;74.2;71.9;1.8
45;2021-10-01;399;748;355;506980;491752;12481;74.2;72.0;1.8
45;2021-10-02;313;561;259;507293;492313;12740;74.3;72.1;1.9
45;2021-10-03;87;335;149;507380;492648;12889;74.3;72.1;1.9
45;2021-10-04;222;367;457;507602;493015;13346;74.3;72.2;2.0
45;2021-10-05;396;681;830;507998;493696;14176;74.4;72.3;2.1
45;2021-10-06;442;719;690;508440;494415;14866;74.5;72.4;2.2
45;2021-10-07;283;703;730;508723;495118;15596;74.5;72.5;2.3
45;2021-10-08;377;726;677;509100;495844;16273;74.6;72.6;2.4
45;2021-10-09;382;633;332;509482;496477;16605;74.6;72.7;2.4
45;2021-10-10;13;14;5;509495;496491;16610;74.6;72.7;2.4
45;2021-10-11;244;399;479;509739;496890;17089;74.6;72.8;2.5
45;2021-10-12;323;552;1011;510062;497442;18100;74.7;72.8;2.7
45;2021-10-13;321;573;886;510383;498015;18986;74.7;72.9;2.8
45;2021-10-14;256;395;621;510639;498410;19607;74.8;73.0;2.9
45;2021-10-15;398;658;858;511037;499068;20465;74.8;73.1;3.0
45;2021-10-16;333;444;309;511370;499512;20774;74.9;73.1;3.0
45;2021-10-17;3;13;9;511373;499525;20783;74.9;73.1;3.0
45;2021-10-18;225;344;476;511598;499869;21259;74.9;73.2;3.1
45;2021-10-19;202;529;844;511800;500398;22103;74.9;73.3;3.2
45;2021-10-20;309;464;923;512109;500862;23026;75.0;73.3;3.4
45;2021-10-21;240;424;956;512349;501286;23982;75.0;73.4;3.5
45;2021-10-22;270;522;902;512619;501808;24884;75.1;73.5;3.6
45;2021-10-23;242;380;383;512861;502188;25267;75.1;73.5;3.7
45;2021-10-24;5;19;3;512866;502207;25270;75.1;73.5;3.7
45;2021-10-25;197;295;716;513063;502502;25986;75.1;73.6;3.8
45;2021-10-26;224;386;1110;513287;502888;27096;75.2;73.6;4.0
45;2021-10-27;242;474;1079;513529;503362;28175;75.2;73.7;4.1
45;2021-10-28;183;253;889;513712;503615;29064;75.2;73.7;4.3
45;2021-10-29;228;351;890;513940;503966;29954;75.3;73.8;4.4
45;2021-10-30;152;279;441;514092;504245;30395;75.3;73.8;4.5
45;2021-10-31;3;6;2;514095;504251;30397;75.3;73.8;4.5
45;2021-11-01;28;30;17;514123;504281;30414;75.3;73.8;4.5
45;2021-11-02;236;430;1095;514359;504711;31509;75.3;73.9;4.6
45;2021-11-03;231;380;1161;514590;505091;32670;75.4;74.0;4.8
45;2021-11-04;181;205;1292;514771;505296;33962;75.4;74.0;5.0
45;2021-11-05;238;357;1267;515009;505653;35229;75.4;74.0;5.2
45;2021-11-06;166;317;553;515175;505970;35782;75.4;74.1;5.2
45;2021-11-07;5;23;19;515180;505993;35801;75.4;74.1;5.2
45;2021-11-08;177;265;1258;515357;506258;37059;75.5;74.1;5.4
45;2021-11-09;154;285;1858;515511;506543;38917;75.5;74.2;5.7
45;2021-11-10;272;411;2032;515783;506954;40949;75.5;74.2;6.0
45;2021-11-11;48;51;184;515831;507005;41133;75.5;74.2;6.0
45;2021-11-12;284;369;2072;516115;507374;43205;75.6;74.3;6.3
45;2021-11-13;199;261;814;516314;507635;44019;75.6;74.3;6.4
45;2021-11-14;6;24;12;516320;507659;44031;75.6;74.3;6.4
45;2021-11-15;159;233;1745;516479;507892;45776;75.6;74.4;6.7
45;2021-11-16;202;249;2319;516681;508141;48095;75.7;74.4;7.0
45;2021-11-17;288;293;2207;516969;508434;50302;75.7;74.5;7.4
45;2021-11-18;173;183;2095;517142;508617;52397;75.7;74.5;7.7
45;2021-11-19;257;334;2155;517399;508951;54552;75.8;74.5;8.0
45;2021-11-20;278;310;963;517677;509261;55515;75.8;74.6;8.1
45;2021-11-21;3;3;29;517680;509264;55544;75.8;74.6;8.1
45;2021-11-22;177;152;2120;517857;509416;57664;75.8;74.6;8.4
45;2021-11-23;232;228;2901;518089;509644;60565;75.9;74.6;8.9
45;2021-11-24;300;283;2638;518389;509927;63203;75.9;74.7;9.3
45;2021-11-25;189;243;3315;518578;510170;66518;75.9;74.7;9.7
45;2021-11-26;230;239;3949;518808;510409;70467;76.0;74.7;10.3
45;2021-11-27;196;226;2199;519004;510635;72666;76.0;74.8;10.6
45;2021-11-28;31;50;1781;519035;510685;74447;76.0;74.8;10.9
45;2021-11-29;109;188;3739;519144;510873;78186;76.0;74.8;11.4
45;2021-11-30;149;172;5036;519293;511045;83222;76.0;74.8;12.2
45;2021-12-01;127;222;5132;519420;511267;88354;76.1;74.9;12.9
45;2021-12-02;120;164;5367;519540;511431;93721;76.1;74.9;13.7
45;2021-12-03;134;251;5066;519674;511682;98787;76.1;74.9;14.5
45;2021-12-04;112;189;2916;519786;511871;101703;76.1;75.0;14.9
45;2021-12-05;11;20;575;519797;511891;102278;76.1;75.0;15.0
45;2021-12-06;90;192;5630;519887;512083;107908;76.1;75.0;15.8
45;2021-12-07;192;236;7915;520079;512319;115823;76.2;75.0;17.0
45;2021-12-08;182;292;7251;520261;512611;123074;76.2;75.1;18.0
45;2021-12-09;147;222;7779;520408;512833;130853;76.2;75.1;19.2
45;2021-12-10;207;277;7488;520615;513110;138341;76.2;75.1;20.3
45;2021-12-11;152;232;4689;520767;513342;143030;76.3;75.2;20.9
45;2021-12-12;57;50;2883;520824;513392;145913;76.3;75.2;21.4
45;2021-12-13;122;209;7081;520946;513601;152994;76.3;75.2;22.4
45;2021-12-14;193;270;10334;521139;513871;163328;76.3;75.2;23.9
45;2021-12-15;177;315;8896;521316;514186;172224;76.3;75.3;25.2
45;2021-12-16;179;275;9589;521495;514461;181813;76.4;75.3;26.6
45;2021-12-17;183;283;8719;521678;514744;190532;76.4;75.4;27.9
45;2021-12-18;165;207;5595;521843;514951;196127;76.4;75.4;28.7
45;2021-12-19;35;35;1041;521878;514986;197168;76.4;75.4;28.9
45;2021-12-20;245;231;7349;522123;515217;204517;76.5;75.4;29.9
45;2021-12-21;306;250;9253;522429;515467;213770;76.5;75.5;31.3
45;2021-12-22;316;245;7531;522745;515712;221301;76.5;75.5;32.4
46;2020-12-27;1;0;0;1;0;0;0.0;0.0;0.0
46;2020-12-28;0;0;0;1;0;0;0.0;0.0;0.0
46;2020-12-29;0;0;0;1;0;0;0.0;0.0;0.0
46;2020-12-30;0;0;0;1;0;0;0.0;0.0;0.0
46;2020-12-31;0;0;0;1;0;0;0.0;0.0;0.0
46;2021-01-01;0;0;0;1;0;0;0.0;0.0;0.0
46;2021-01-02;0;0;0;1;0;0;0.0;0.0;0.0
46;2021-01-03;0;0;0;1;0;0;0.0;0.0;0.0
46;2021-01-04;0;0;0;1;0;0;0.0;0.0;0.0
46;2021-01-05;0;0;0;1;0;0;0.0;0.0;0.0
46;2021-01-06;3;0;0;4;0;0;0.0;0.0;0.0
46;2021-01-07;127;1;0;131;1;0;0.1;0.0;0.0
46;2021-01-08;169;0;0;300;1;0;0.2;0.0;0.0
46;2021-01-09;1;0;0;301;1;0;0.2;0.0;0.0
46;2021-01-10;2;0;0;303;1;0;0.2;0.0;0.0
46;2021-01-11;96;0;0;399;1;0;0.2;0.0;0.0
46;2021-01-12;137;0;0;536;1;0;0.3;0.0;0.0
46;2021-01-13;221;2;0;757;3;0;0.4;0.0;0.0
46;2021-01-14;236;1;0;993;4;0;0.6;0.0;0.0
46;2021-01-15;292;2;0;1285;6;0;0.7;0.0;0.0
46;2021-01-16;17;0;0;1302;6;0;0.8;0.0;0.0
46;2021-01-17;2;0;0;1304;6;0;0.8;0.0;0.0
46;2021-01-18;277;3;0;1581;9;0;0.9;0.0;0.0
46;2021-01-19;390;0;0;1971;9;0;1.1;0.0;0.0
46;2021-01-20;916;3;0;2887;12;0;1.7;0.0;0.0
46;2021-01-21;917;1;0;3804;13;0;2.2;0.0;0.0
46;2021-01-22;409;1;0;4213;14;0;2.4;0.0;0.0
46;2021-01-23;17;0;0;4230;14;0;2.4;0.0;0.0
46;2021-01-24;1;0;0;4231;14;0;2.4;0.0;0.0
46;2021-01-25;225;2;0;4456;16;0;2.6;0.0;0.0
46;2021-01-26;299;2;0;4755;18;0;2.7;0.0;0.0
46;2021-01-27;277;1;0;5032;19;0;2.9;0.0;0.0
46;2021-01-28;308;44;0;5340;63;0;3.1;0.0;0.0
46;2021-01-29;255;83;0;5595;146;0;3.2;0.1;0.0
46;2021-01-30;9;2;0;5604;148;0;3.2;0.1;0.0
46;2021-01-31;0;0;0;5604;148;0;3.2;0.1;0.0
46;2021-02-01;207;149;0;5811;297;0;3.4;0.2;0.0
46;2021-02-02;205;209;0;6016;506;0;3.5;0.3;0.0
46;2021-02-03;251;91;0;6267;597;0;3.6;0.3;0.0
46;2021-02-04;342;87;0;6609;684;0;3.8;0.4;0.0
46;2021-02-05;205;169;0;6814;853;0;3.9;0.5;0.0
46;2021-02-06;16;3;0;6830;856;0;3.9;0.5;0.0
46;2021-02-07;34;0;0;6864;856;0;4.0;0.5;0.0
46;2021-02-08;192;146;0;7056;1002;0;4.1;0.6;0.0
46;2021-02-09;251;224;0;7307;1226;0;4.2;0.7;0.0
46;2021-02-10;324;524;0;7631;1750;0;4.4;1.0;0.0
46;2021-02-11;576;531;0;8207;2281;0;4.7;1.3;0.0
46;2021-02-12;306;341;0;8513;2622;0;4.9;1.5;0.0
46;2021-02-13;8;8;0;8521;2630;0;4.9;1.5;0.0
46;2021-02-14;0;57;0;8521;2687;0;4.9;1.6;0.0
46;2021-02-15;184;299;0;8705;2986;0;5.0;1.7;0.0
46;2021-02-16;211;279;0;8916;3265;0;5.1;1.9;0.0
46;2021-02-17;227;342;0;9143;3607;0;5.3;2.1;0.0
46;2021-02-18;355;296;0;9498;3903;0;5.5;2.3;0.0
46;2021-02-19;244;240;0;9742;4143;0;5.6;2.4;0.0
46;2021-02-20;3;11;0;9745;4154;0;5.6;2.4;0.0
46;2021-02-21;0;0;0;9745;4154;0;5.6;2.4;0.0
46;2021-02-22;153;212;0;9898;4366;0;5.7;2.5;0.0
46;2021-02-23;243;242;0;10141;4608;0;5.9;2.7;0.0
46;2021-02-24;199;356;0;10340;4964;0;6.0;2.9;0.0
46;2021-02-25;255;300;0;10595;5264;0;6.1;3.0;0.0
46;2021-02-26;380;327;0;10975;5591;0;6.3;3.2;0.0
46;2021-02-27;114;6;0;11089;5597;0;6.4;3.2;0.0
46;2021-02-28;7;3;0;11096;5600;0;6.4;3.2;0.0
46;2021-03-01;175;161;0;11271;5761;0;6.5;3.3;0.0
46;2021-03-02;383;203;0;11654;5964;0;6.7;3.4;0.0
46;2021-03-03;436;292;0;12090;6256;0;7.0;3.6;0.0
46;2021-03-04;571;408;0;12661;6664;0;7.3;3.8;0.0
46;2021-03-05;727;346;0;13388;7010;0;7.7;4.0;0.0
46;2021-03-06;467;20;0;13855;7030;0;8.0;4.1;0.0
46;2021-03-07;107;18;0;13962;7048;0;8.1;4.1;0.0
46;2021-03-08;331;237;0;14293;7285;0;8.3;4.2;0.0
46;2021-03-09;704;241;0;14997;7526;0;8.7;4.3;0.0
46;2021-03-10;643;238;0;15640;7764;0;9.0;4.5;0.0
46;2021-03-11;788;243;0;16428;8007;0;9.5;4.6;0.0
46;2021-03-12;852;225;0;17280;8232;0;10.0;4.8;0.0
46;2021-03-13;503;8;0;17783;8240;0;10.3;4.8;0.0
46;2021-03-14;16;0;0;17799;8240;0;10.3;4.8;0.0
46;2021-03-15;474;158;0;18273;8398;0;10.6;4.8;0.0
46;2021-03-16;668;162;0;18941;8560;0;10.9;4.9;0.0
46;2021-03-17;602;189;0;19543;8749;0;11.3;5.1;0.0
46;2021-03-18;684;202;0;20227;8951;0;11.7;5.2;0.0
46;2021-03-19;733;149;0;20960;9100;0;12.1;5.3;0.0
46;2021-03-20;262;4;0;21222;9104;0;12.3;5.3;0.0
46;2021-03-21;6;1;0;21228;9105;0;12.3;5.3;0.0
46;2021-03-22;497;243;0;21725;9348;0;12.5;5.4;0.0
46;2021-03-23;652;221;0;22377;9569;0;12.9;5.5;0.0
46;2021-03-24;627;230;0;23004;9799;0;13.3;5.7;0.0
46;2021-03-25;1041;183;0;24045;9982;0;13.9;5.8;0.0
46;2021-03-26;934;319;0;24979;10301;0;14.4;5.9;0.0
46;2021-03-27;390;67;0;25369;10368;0;14.7;6.0;0.0
46;2021-03-28;126;1;0;25495;10369;0;14.7;6.0;0.0
46;2021-03-29;660;251;0;26155;10620;0;15.1;6.1;0.0
46;2021-03-30;733;341;0;26888;10961;0;15.5;6.3;0.0
46;2021-03-31;825;380;0;27713;11341;0;16.0;6.5;0.0
46;2021-04-01;1104;337;0;28817;11678;0;16.6;6.7;0.0
46;2021-04-02;834;360;0;29651;12038;0;17.1;7.0;0.0
46;2021-04-03;171;151;0;29822;12189;0;17.2;7.0;0.0
46;2021-04-04;2;62;0;29824;12251;0;17.2;7.1;0.0
46;2021-04-05;12;1;0;29836;12252;0;17.2;7.1;0.0
46;2021-04-06;524;469;0;30360;12721;0;17.5;7.3;0.0
46;2021-04-07;740;593;0;31100;13314;0;18.0;7.7;0.0
46;2021-04-08;933;486;0;32033;13800;0;18.5;8.0;0.0
46;2021-04-09;951;464;0;32984;14264;0;19.0;8.2;0.0
46;2021-04-10;490;180;0;33474;14444;0;19.3;8.3;0.0
46;2021-04-11;242;2;0;33716;14446;0;19.5;8.3;0.0
46;2021-04-12;779;512;0;34495;14958;0;19.9;8.6;0.0
46;2021-04-13;1079;650;0;35574;15608;0;20.5;9.0;0.0
46;2021-04-14;1354;555;0;36928;16163;0;21.3;9.3;0.0
46;2021-04-15;1340;603;0;38268;16766;0;22.1;9.7;0.0
46;2021-04-16;1389;489;0;39657;17255;0;22.9;10.0;0.0
46;2021-04-17;846;124;0;40503;17379;0;23.4;10.0;0.0
46;2021-04-18;430;11;0;40933;17390;0;23.6;10.0;0.0
46;2021-04-19;928;519;0;41861;17909;0;24.2;10.3;0.0
46;2021-04-20;1016;651;0;42877;18560;0;24.8;10.7;0.0
46;2021-04-21;1009;623;0;43886;19183;0;25.3;11.1;0.0
46;2021-04-22;1165;618;0;45051;19801;0;26.0;11.4;0.0
46;2021-04-23;941;645;0;45992;20446;0;26.6;11.8;0.0
46;2021-04-24;447;37;0;46439;20483;0;26.8;11.8;0.0
46;2021-04-25;267;10;0;46706;20493;0;27.0;11.8;0.0
46;2021-04-26;684;636;0;47390;21129;0;27.4;12.2;0.0
46;2021-04-27;1057;592;0;48447;21721;0;28.0;12.5;0.0
46;2021-04-28;1095;659;0;49542;22380;0;28.6;12.9;0.0
46;2021-04-29;1235;530;0;50777;22910;0;29.3;13.2;0.0
46;2021-04-30;1254;527;0;52031;23437;0;30.0;13.5;0.0
46;2021-05-01;589;60;0;52620;23497;0;30.4;13.6;0.0
46;2021-05-02;217;1;0;52837;23498;0;30.5;13.6;0.0
46;2021-05-03;691;525;0;53528;24023;0;30.9;13.9;0.0
46;2021-05-04;817;985;0;54345;25008;0;31.4;14.4;0.0
46;2021-05-05;1038;745;0;55383;25753;0;32.0;14.9;0.0
46;2021-05-06;1082;744;0;56465;26497;0;32.6;15.3;0.0
46;2021-05-07;1119;734;0;57584;27231;0;33.3;15.7;0.0
46;2021-05-08;264;373;0;57848;27604;0;33.4;15.9;0.0
46;2021-05-09;42;234;0;57890;27838;0;33.4;16.1;0.0
46;2021-05-10;450;1006;0;58340;28844;0;33.7;16.7;0.0
46;2021-05-11;940;1136;0;59280;29980;0;34.2;17.3;0.0
46;2021-05-12;851;1340;0;60131;31320;0;34.7;18.1;0.0
46;2021-05-13;488;116;0;60619;31436;0;35.0;18.2;0.0
46;2021-05-14;758;932;0;61377;32368;0;35.4;18.7;0.0
46;2021-05-15;273;504;0;61650;32872;0;35.6;19.0;0.0
46;2021-05-16;114;219;0;61764;33091;0;35.7;19.1;0.0
46;2021-05-17;641;825;0;62405;33916;0;36.0;19.6;0.0
46;2021-05-18;1168;854;0;63573;34770;0;36.7;20.1;0.0
46;2021-05-19;1096;772;0;64669;35542;0;37.3;20.5;0.0
46;2021-05-20;1182;697;0;65851;36239;0;38.0;20.9;0.0
46;2021-05-21;865;958;0;66716;37197;0;38.5;21.5;0.0
46;2021-05-22;180;350;0;66896;37547;0;38.6;21.7;0.0
46;2021-05-23;409;28;0;67305;37575;0;38.9;21.7;0.0
46;2021-05-24;377;115;0;67682;37690;0;39.1;21.8;0.0
46;2021-05-25;839;1060;0;68521;38750;0;39.6;22.4;0.0
46;2021-05-26;1043;983;0;69564;39733;0;40.2;22.9;0.0
46;2021-05-27;1213;1048;0;70777;40781;0;40.9;23.6;0.0
46;2021-05-28;1182;1013;0;71959;41794;0;41.6;24.1;0.0
46;2021-05-29;868;384;0;72827;42178;0;42.1;24.4;0.0
46;2021-05-30;293;49;0;73120;42227;0;42.2;24.4;0.0
46;2021-05-31;830;883;0;73950;43110;0;42.7;24.9;0.0
46;2021-06-01;1078;879;0;75028;43989;0;43.3;25.4;0.0
46;2021-06-02;1107;961;0;76135;44950;0;44.0;26.0;0.0
46;2021-06-03;1184;910;0;77319;45860;0;44.7;26.5;0.0
46;2021-06-04;1122;849;0;78441;46709;0;45.3;27.0;0.0
46;2021-06-05;387;395;0;78828;47104;0;45.5;27.2;0.0
46;2021-06-06;169;76;0;78997;47180;0;45.6;27.2;0.0
46;2021-06-07;721;522;0;79718;47702;0;46.0;27.5;0.0
46;2021-06-08;895;811;0;80613;48513;0;46.6;28.0;0.0
46;2021-06-09;1229;861;0;81842;49374;0;47.3;28.5;0.0
46;2021-06-10;903;784;0;82745;50158;0;47.8;29.0;0.0
46;2021-06-11;861;1172;0;83606;51330;0;48.3;29.6;0.0
46;2021-06-12;434;481;0;84040;51811;0;48.5;29.9;0.0
46;2021-06-13;49;73;0;84089;51884;0;48.6;30.0;0.0
46;2021-06-14;519;890;0;84608;52774;0;48.9;30.5;0.0
46;2021-06-15;663;988;0;85271;53762;0;49.2;31.0;0.0
46;2021-06-16;833;892;0;86104;54654;0;49.7;31.6;0.0
46;2021-06-17;505;803;0;86609;55457;0;50.0;32.0;0.0
46;2021-06-18;569;1072;0;87178;56529;0;50.3;32.6;0.0
46;2021-06-19;397;255;0;87575;56784;0;50.6;32.8;0.0
46;2021-06-20;47;164;0;87622;56948;0;50.6;32.9;0.0
46;2021-06-21;387;786;0;88009;57734;0;50.8;33.3;0.0
46;2021-06-22;327;1052;0;88336;58786;0;51.0;33.9;0.0
46;2021-06-23;438;964;0;88774;59750;0;51.3;34.5;0.0
46;2021-06-24;264;753;0;89038;60503;0;51.4;34.9;0.0
46;2021-06-25;447;988;0;89485;61491;0;51.7;35.5;0.0
46;2021-06-26;354;511;0;89839;62002;0;51.9;35.8;0.0
46;2021-06-27;11;41;0;89850;62043;0;51.9;35.8;0.0
46;2021-06-28;287;1147;0;90137;63190;0;52.1;36.5;0.0
46;2021-06-29;328;1453;0;90465;64643;0;52.2;37.3;0.0
46;2021-06-30;461;1315;0;90926;65958;0;52.5;38.1;0.0
46;2021-07-01;329;1065;0;91255;67023;0;52.7;38.7;0.0
46;2021-07-02;424;992;0;91679;68015;0;52.9;39.3;0.0
46;2021-07-03;138;436;0;91817;68451;0;53.0;39.5;0.0
46;2021-07-04;54;127;0;91871;68578;0;53.1;39.6;0.0
46;2021-07-05;302;1033;0;92173;69611;0;53.2;40.2;0.0
46;2021-07-06;316;1249;0;92489;70860;0;53.4;40.9;0.0
46;2021-07-07;530;1482;0;93019;72342;0;53.7;41.8;0.0
46;2021-07-08;342;1021;0;93361;73363;0;53.9;42.4;0.0
46;2021-07-09;373;1451;0;93734;74814;0;54.1;43.2;0.0
46;2021-07-10;313;919;0;94047;75733;0;54.3;43.7;0.0
46;2021-07-11;17;278;0;94064;76011;0;54.3;43.9;0.0
46;2021-07-12;220;1099;0;94284;77110;0;54.4;44.5;0.0
46;2021-07-13;581;1407;0;94865;78517;0;54.8;45.3;0.0
46;2021-07-14;95;169;0;94960;78686;0;54.8;45.4;0.0
46;2021-07-15;784;1268;0;95744;79954;0;55.3;46.2;0.0
46;2021-07-16;651;1219;0;96395;81173;0;55.7;46.9;0.0
46;2021-07-17;333;548;0;96728;81721;0;55.9;47.2;0.0
46;2021-07-18;38;33;0;96766;81754;0;55.9;47.2;0.0
46;2021-07-19;590;1054;0;97356;82808;0;56.2;47.8;0.0
46;2021-07-20;850;1277;0;98206;84085;0;56.7;48.6;0.0
46;2021-07-21;781;1172;0;98987;85257;0;57.2;49.2;0.0
46;2021-07-22;1051;947;0;100038;86204;0;57.8;49.8;0.0
46;2021-07-23;674;1211;0;100712;87415;0;58.2;50.5;0.0
46;2021-07-24;809;633;0;101521;88048;0;58.6;50.8;0.0
46;2021-07-25;140;43;0;101661;88091;0;58.7;50.9;0.0
46;2021-07-26;762;753;0;102423;88844;0;59.1;51.3;0.0
46;2021-07-27;998;790;0;103421;89634;0;59.7;51.8;0.0
46;2021-07-28;1023;880;0;104444;90514;0;60.3;52.3;0.0
46;2021-07-29;1294;714;0;105738;91228;0;61.1;52.7;0.0
46;2021-07-30;1515;758;1;107253;91986;1;61.9;53.1;0.0
46;2021-07-31;778;587;0;108031;92573;1;62.4;53.5;0.0
46;2021-08-01;67;26;0;108098;92599;1;62.4;53.5;0.0
46;2021-08-02;856;511;0;108954;93110;1;62.9;53.8;0.0
46;2021-08-03;1052;505;0;110006;93615;1;63.5;54.1;0.0
46;2021-08-04;1231;408;0;111237;94023;1;64.2;54.3;0.0
46;2021-08-05;1105;679;0;112342;94702;1;64.9;54.7;0.0
46;2021-08-06;1071;615;0;113413;95317;1;65.5;55.0;0.0
46;2021-08-07;533;420;0;113946;95737;1;65.8;55.3;0.0
46;2021-08-08;116;53;0;114062;95790;1;65.9;55.3;0.0
46;2021-08-09;774;555;0;114836;96345;1;66.3;55.6;0.0
46;2021-08-10;966;727;0;115802;97072;1;66.9;56.1;0.0
46;2021-08-11;950;718;0;116752;97790;1;67.4;56.5;0.0
46;2021-08-12;795;596;0;117547;98386;1;67.9;56.8;0.0
46;2021-08-13;760;736;0;118307;99122;1;68.3;57.2;0.0
46;2021-08-14;459;624;0;118766;99746;1;68.6;57.6;0.0
46;2021-08-15;41;53;0;118807;99799;1;68.6;57.6;0.0
46;2021-08-16;634;658;0;119441;100457;1;69.0;58.0;0.0
46;2021-08-17;744;988;0;120185;101445;1;69.4;58.6;0.0
46;2021-08-18;583;841;0;120768;102286;1;69.7;59.1;0.0
46;2021-08-19;529;1076;0;121297;103362;1;70.0;59.7;0.0
46;2021-08-20;439;1199;0;121736;104561;1;70.3;60.4;0.0
46;2021-08-21;304;521;0;122040;105082;1;70.5;60.7;0.0
46;2021-08-22;19;48;0;122059;105130;1;70.5;60.7;0.0
46;2021-08-23;361;1023;0;122420;106153;1;70.7;61.3;0.0
46;2021-08-24;461;1136;0;122881;107289;1;71.0;62.0;0.0
46;2021-08-25;396;1053;0;123277;108342;1;71.2;62.6;0.0
46;2021-08-26;353;904;0;123630;109246;1;71.4;63.1;0.0
46;2021-08-27;379;1305;0;124009;110551;1;71.6;63.8;0.0
46;2021-08-28;232;550;0;124241;111101;1;71.7;64.2;0.0
46;2021-08-29;14;42;0;124255;111143;1;71.8;64.2;0.0
46;2021-08-30;278;958;17;124533;112101;18;71.9;64.7;0.0
46;2021-08-31;300;1078;33;124833;113179;51;72.1;65.4;0.0
46;2021-09-01;377;948;50;125210;114127;101;72.3;65.9;0.1
46;2021-09-02;247;839;41;125457;114966;142;72.4;66.4;0.1
46;2021-09-03;292;966;100;125749;115932;242;72.6;66.9;0.1
46;2021-09-04;197;542;32;125946;116474;274;72.7;67.3;0.2
46;2021-09-05;12;40;3;125958;116514;277;72.7;67.3;0.2
46;2021-09-06;201;586;82;126159;117100;359;72.9;67.6;0.2
46;2021-09-07;226;677;93;126385;117777;452;73.0;68.0;0.3
46;2021-09-08;240;679;91;126625;118456;543;73.1;68.4;0.3
46;2021-09-09;190;458;101;126815;118914;644;73.2;68.7;0.4
46;2021-09-10;269;729;151;127084;119643;795;73.4;69.1;0.5
46;2021-09-11;153;338;34;127237;119981;829;73.5;69.3;0.5
46;2021-09-12;8;31;4;127245;120012;833;73.5;69.3;0.5
46;2021-09-13;166;435;163;127411;120447;996;73.6;69.6;0.6
46;2021-09-14;253;385;340;127664;120832;1336;73.7;69.8;0.8
46;2021-09-15;229;545;183;127893;121377;1519;73.9;70.1;0.9
46;2021-09-16;126;240;119;128019;121617;1638;73.9;70.2;0.9
46;2021-09-17;217;445;208;128236;122062;1846;74.1;70.5;1.1
46;2021-09-18;96;357;31;128332;122419;1877;74.1;70.7;1.1
46;2021-09-19;4;21;0;128336;122440;1877;74.1;70.7;1.1
46;2021-09-20;65;324;141;128401;122764;2018;74.1;70.9;1.2
46;2021-09-21;81;212;210;128482;122976;2228;74.2;71.0;1.3
46;2021-09-22;114;443;273;128596;123419;2501;74.3;71.3;1.4
46;2021-09-23;81;204;384;128677;123623;2885;74.3;71.4;1.7
46;2021-09-24;90;366;225;128767;123989;3110;74.4;71.6;1.8
46;2021-09-25;74;223;41;128841;124212;3151;74.4;71.7;1.8
46;2021-09-26;5;11;4;128846;124223;3155;74.4;71.7;1.8
46;2021-09-27;74;214;200;128920;124437;3355;74.4;71.9;1.9
46;2021-09-28;53;215;150;128973;124652;3505;74.5;72.0;2.0
46;2021-09-29;74;271;182;129047;124923;3687;74.5;72.1;2.1
46;2021-09-30;62;140;206;129109;125063;3893;74.6;72.2;2.2
46;2021-10-01;112;265;142;129221;125328;4035;74.6;72.4;2.3
46;2021-10-02;85;191;57;129306;125519;4092;74.7;72.5;2.4
46;2021-10-03;0;1;0;129306;125520;4092;74.7;72.5;2.4
46;2021-10-04;67;171;204;129373;125691;4296;74.7;72.6;2.5
46;2021-10-05;64;215;202;129437;125906;4498;74.7;72.7;2.6
46;2021-10-06;67;196;197;129504;126102;4695;74.8;72.8;2.7
46;2021-10-07;65;165;275;129569;126267;4970;74.8;72.9;2.9
46;2021-10-08;115;259;321;129684;126526;5291;74.9;73.1;3.1
46;2021-10-09;73;139;112;129757;126665;5403;74.9;73.1;3.1
46;2021-10-10;0;7;0;129757;126672;5403;74.9;73.2;3.1
46;2021-10-11;65;131;233;129822;126803;5636;75.0;73.2;3.3
46;2021-10-12;45;82;262;129867;126885;5898;75.0;73.3;3.4
46;2021-10-13;68;146;292;129935;127031;6190;75.0;73.4;3.6
46;2021-10-14;59;120;321;129994;127151;6511;75.1;73.4;3.8
46;2021-10-15;96;188;293;130090;127339;6804;75.1;73.5;3.9
46;2021-10-16;56;99;108;130146;127438;6912;75.2;73.6;4.0
46;2021-10-17;1;7;1;130147;127445;6913;75.2;73.6;4.0
46;2021-10-18;33;69;251;130180;127514;7164;75.2;73.6;4.1
46;2021-10-19;43;54;263;130223;127568;7427;75.2;73.7;4.3
46;2021-10-20;53;96;356;130276;127664;7783;75.2;73.7;4.5
46;2021-10-21;37;64;211;130313;127728;7994;75.3;73.8;4.6
46;2021-10-22;80;118;433;130393;127846;8427;75.3;73.8;4.9
46;2021-10-23;43;69;126;130436;127915;8553;75.3;73.9;4.9
46;2021-10-24;4;6;3;130440;127921;8556;75.3;73.9;4.9
46;2021-10-25;41;49;250;130481;127970;8806;75.4;73.9;5.1
46;2021-10-26;41;49;286;130522;128019;9092;75.4;73.9;5.3
46;2021-10-27;56;104;357;130578;128123;9449;75.4;74.0;5.5
46;2021-10-28;59;66;195;130637;128189;9644;75.4;74.0;5.6
46;2021-10-29;59;105;315;130696;128294;9959;75.5;74.1;5.8
46;2021-10-30;42;72;188;130738;128366;10147;75.5;74.1;5.9
46;2021-10-31;4;0;5;130742;128366;10152;75.5;74.1;5.9
46;2021-11-01;4;2;18;130746;128368;10170;75.5;74.1;5.9
46;2021-11-02;39;75;358;130785;128443;10528;75.5;74.2;6.1
46;2021-11-03;43;95;416;130828;128538;10944;75.6;74.2;6.3
46;2021-11-04;21;47;218;130849;128585;11162;75.6;74.3;6.4
46;2021-11-05;53;103;440;130902;128688;11602;75.6;74.3;6.7
46;2021-11-06;52;78;328;130954;128766;11930;75.6;74.4;6.9
46;2021-11-07;3;1;11;130957;128767;11941;75.6;74.4;6.9
46;2021-11-08;21;52;398;130978;128819;12339;75.6;74.4;7.1
46;2021-11-09;51;59;573;131029;128878;12912;75.7;74.4;7.5
46;2021-11-10;65;66;655;131094;128944;13567;75.7;74.5;7.8
46;2021-11-11;4;2;19;131098;128946;13586;75.7;74.5;7.8
46;2021-11-12;41;70;505;131139;129016;14091;75.7;74.5;8.1
46;2021-11-13;37;55;243;131176;129071;14334;75.8;74.5;8.3
46;2021-11-14;4;3;18;131180;129074;14352;75.8;74.5;8.3
46;2021-11-15;36;41;444;131216;129115;14796;75.8;74.6;8.5
46;2021-11-16;49;40;644;131265;129155;15440;75.8;74.6;8.9
46;2021-11-17;73;77;739;131338;129232;16179;75.8;74.6;9.3
46;2021-11-18;33;48;524;131371;129280;16703;75.9;74.7;9.6
46;2021-11-19;58;70;760;131429;129350;17463;75.9;74.7;10.1
46;2021-11-20;60;51;409;131489;129401;17872;75.9;74.7;10.3
46;2021-11-21;7;6;15;131496;129407;17887;75.9;74.7;10.3
46;2021-11-22;22;36;561;131518;129443;18448;75.9;74.8;10.7
46;2021-11-23;57;33;730;131575;129476;19178;76.0;74.8;11.1
46;2021-11-24;42;57;840;131617;129533;20018;76.0;74.8;11.6
46;2021-11-25;70;42;1169;131687;129575;21187;76.0;74.8;12.2
46;2021-11-26;62;57;1224;131749;129632;22411;76.1;74.9;12.9
46;2021-11-27;64;59;984;131813;129691;23395;76.1;74.9;13.5
46;2021-11-28;18;10;456;131831;129701;23851;76.1;74.9;13.8
46;2021-11-29;34;28;841;131865;129729;24692;76.1;74.9;14.3
46;2021-11-30;50;34;1568;131915;129763;26260;76.2;74.9;15.2
46;2021-12-01;68;68;1332;131983;129831;27592;76.2;75.0;15.9
46;2021-12-02;44;41;1525;132027;129872;29117;76.2;75.0;16.8
46;2021-12-03;62;67;1720;132089;129939;30837;76.3;75.0;17.8
46;2021-12-04;48;47;1303;132137;129986;32140;76.3;75.1;18.6
46;2021-12-05;24;3;463;132161;129989;32603;76.3;75.1;18.8
46;2021-12-06;56;62;1711;132217;130051;34314;76.4;75.1;19.8
46;2021-12-07;42;53;2000;132259;130104;36314;76.4;75.1;21.0
46;2021-12-08;58;77;1812;132317;130181;38126;76.4;75.2;22.0
46;2021-12-09;51;46;1872;132368;130227;39998;76.4;75.2;23.1
46;2021-12-10;58;55;2295;132426;130282;42293;76.5;75.2;24.4
46;2021-12-11;50;59;1123;132476;130341;43416;76.5;75.3;25.1
46;2021-12-12;9;8;252;132485;130349;43668;76.5;75.3;25.2
46;2021-12-13;64;50;1800;132549;130399;45468;76.5;75.3;26.3
46;2021-12-14;76;65;2736;132625;130464;48204;76.6;75.3;27.8
46;2021-12-15;61;67;2308;132686;130531;50512;76.6;75.4;29.2
46;2021-12-16;87;81;2489;132773;130612;53001;76.7;75.4;30.6
46;2021-12-17;99;81;2535;132872;130693;55536;76.7;75.5;32.1
46;2021-12-18;54;58;1336;132926;130751;56872;76.8;75.5;32.8
46;2021-12-19;15;6;274;132941;130757;57146;76.8;75.5;33.0
46;2021-12-20;69;69;1526;133010;130826;58672;76.8;75.5;33.9
46;2021-12-21;69;76;1929;133079;130902;60601;76.9;75.6;35.0
46;2021-12-22;81;64;1488;133160;130966;62089;76.9;75.6;35.9
47;2020-12-27;0;0;0;0;0;0;0.0;0.0;0.0
47;2020-12-28;0;0;0;0;0;0;0.0;0.0;0.0
47;2020-12-29;0;0;0;0;0;0;0.0;0.0;0.0
47;2020-12-30;0;0;0;0;0;0;0.0;0.0;0.0
47;2020-12-31;0;0;0;0;0;0;0.0;0.0;0.0
47;2021-01-01;4;0;0;4;0;0;0.0;0.0;0.0
47;2021-01-02;0;0;0;4;0;0;0.0;0.0;0.0
47;2021-01-03;0;0;0;4;0;0;0.0;0.0;0.0
47;2021-01-04;2;0;0;6;0;0;0.0;0.0;0.0
47;2021-01-05;2;0;0;8;0;0;0.0;0.0;0.0
47;2021-01-06;1;0;0;9;0;0;0.0;0.0;0.0
47;2021-01-07;74;1;0;83;1;0;0.0;0.0;0.0
47;2021-01-08;304;0;0;387;1;0;0.1;0.0;0.0
47;2021-01-09;113;0;0;500;1;0;0.2;0.0;0.0
47;2021-01-10;1;0;0;501;1;0;0.2;0.0;0.0
47;2021-01-11;231;0;0;732;1;0;0.2;0.0;0.0
47;2021-01-12;311;0;0;1043;1;0;0.3;0.0;0.0
47;2021-01-13;343;0;0;1386;1;0;0.4;0.0;0.0
47;2021-01-14;365;5;0;1751;6;0;0.5;0.0;0.0
47;2021-01-15;269;1;0;2020;7;0;0.6;0.0;0.0
47;2021-01-16;170;4;0;2190;11;0;0.7;0.0;0.0
47;2021-01-17;2;0;0;2192;11;0;0.7;0.0;0.0
47;2021-01-18;478;3;0;2670;14;0;0.8;0.0;0.0
47;2021-01-19;479;3;0;3149;17;0;1.0;0.0;0.0
47;2021-01-20;520;2;0;3669;19;0;1.1;0.0;0.0
47;2021-01-21;576;2;0;4245;21;0;1.3;0.0;0.0
47;2021-01-22;449;1;0;4694;22;0;1.4;0.0;0.0
47;2021-01-23;375;0;0;5069;22;0;1.5;0.0;0.0
47;2021-01-24;0;0;0;5069;22;0;1.5;0.0;0.0
47;2021-01-25;426;0;0;5495;22;0;1.7;0.0;0.0
47;2021-01-26;743;6;0;6238;28;0;1.9;0.0;0.0
47;2021-01-27;743;2;0;6981;30;0;2.1;0.0;0.0
47;2021-01-28;526;65;0;7507;95;0;2.3;0.0;0.0
47;2021-01-29;436;164;0;7943;259;0;2.4;0.1;0.0
47;2021-01-30;289;40;0;8232;299;0;2.5;0.1;0.0
47;2021-01-31;0;0;0;8232;299;0;2.5;0.1;0.0
47;2021-02-01;349;111;0;8581;410;0;2.6;0.1;0.0
47;2021-02-02;700;307;0;9281;717;0;2.8;0.2;0.0
47;2021-02-03;417;164;0;9698;881;0;2.9;0.3;0.0
47;2021-02-04;385;312;0;10083;1193;0;3.1;0.4;0.0
47;2021-02-05;309;290;0;10392;1483;0;3.1;0.4;0.0
47;2021-02-06;285;96;0;10677;1579;0;3.2;0.5;0.0
47;2021-02-07;1;2;0;10678;1581;0;3.2;0.5;0.0
47;2021-02-08;184;277;0;10862;1858;0;3.3;0.6;0.0
47;2021-02-09;224;274;0;11086;2132;0;3.4;0.6;0.0
47;2021-02-10;262;225;0;11348;2357;0;3.4;0.7;0.0
47;2021-02-11;340;325;0;11688;2682;0;3.5;0.8;0.0
47;2021-02-12;264;390;0;11952;3072;0;3.6;0.9;0.0
47;2021-02-13;223;103;0;12175;3175;0;3.7;1.0;0.0
47;2021-02-14;6;0;0;12181;3175;0;3.7;1.0;0.0
47;2021-02-15;176;377;0;12357;3552;0;3.7;1.1;0.0
47;2021-02-16;298;540;0;12655;4092;0;3.8;1.2;0.0
47;2021-02-17;295;456;0;12950;4548;0;3.9;1.4;0.0
47;2021-02-18;210;557;0;13160;5105;0;4.0;1.5;0.0
47;2021-02-19;212;358;0;13372;5463;0;4.0;1.7;0.0
47;2021-02-20;118;249;0;13490;5712;0;4.1;1.7;0.0
47;2021-02-21;1;0;0;13491;5712;0;4.1;1.7;0.0
47;2021-02-22;76;405;0;13567;6117;0;4.1;1.9;0.0
47;2021-02-23;165;598;0;13732;6715;0;4.2;2.0;0.0
47;2021-02-24;259;562;0;13991;7277;0;4.2;2.2;0.0
47;2021-02-25;356;444;0;14347;7721;0;4.3;2.3;0.0
47;2021-02-26;482;316;0;14829;8037;0;4.5;2.4;0.0
47;2021-02-27;318;212;0;15147;8249;0;4.6;2.5;0.0
47;2021-02-28;0;2;0;15147;8251;0;4.6;2.5;0.0
47;2021-03-01;144;394;0;15291;8645;0;4.6;2.6;0.0
47;2021-03-02;237;368;0;15528;9013;0;4.7;2.7;0.0
47;2021-03-03;265;355;0;15793;9368;0;4.8;2.8;0.0
47;2021-03-04;643;334;0;16436;9702;0;5.0;2.9;0.0
47;2021-03-05;874;288;0;17310;9990;0;5.2;3.0;0.0
47;2021-03-06;509;187;0;17819;10177;0;5.4;3.1;0.0
47;2021-03-07;318;9;0;18137;10186;0;5.5;3.1;0.0
47;2021-03-08;482;222;0;18619;10408;0;5.6;3.2;0.0
47;2021-03-09;523;460;0;19142;10868;0;5.8;3.3;0.0
47;2021-03-10;673;308;0;19815;11176;0;6.0;3.4;0.0
47;2021-03-11;963;386;0;20778;11562;0;6.3;3.5;0.0
47;2021-03-12;1409;316;0;22187;11878;0;6.7;3.6;0.0
47;2021-03-13;914;107;0;23101;11985;0;7.0;3.6;0.0
47;2021-03-14;48;0;0;23149;11985;0;7.0;3.6;0.0
47;2021-03-15;629;154;0;23778;12139;0;7.2;3.7;0.0
47;2021-03-16;783;202;0;24561;12341;0;7.4;3.7;0.0
47;2021-03-17;864;223;0;25425;12564;0;7.7;3.8;0.0
47;2021-03-18;930;190;0;26355;12754;0;8.0;3.9;0.0
47;2021-03-19;1283;135;0;27638;12889;0;8.4;3.9;0.0
47;2021-03-20;1055;58;0;28693;12947;0;8.7;3.9;0.0
47;2021-03-21;335;1;0;29028;12948;0;8.8;3.9;0.0
47;2021-03-22;1027;120;0;30055;13068;0;9.1;4.0;0.0
47;2021-03-23;1186;183;0;31241;13251;0;9.5;4.0;0.0
47;2021-03-24;1233;162;0;32474;13413;0;9.8;4.1;0.0
47;2021-03-25;1555;164;0;34029;13577;0;10.3;4.1;0.0
47;2021-03-26;1886;222;0;35915;13799;0;10.9;4.2;0.0
47;2021-03-27;967;127;0;36882;13926;0;11.2;4.2;0.0
47;2021-03-28;671;7;0;37553;13933;0;11.4;4.2;0.0
47;2021-03-29;1490;114;0;39043;14047;0;11.8;4.3;0.0
47;2021-03-30;1645;149;0;40688;14196;0;12.3;4.3;0.0
47;2021-03-31;1627;185;0;42315;14381;0;12.8;4.4;0.0
47;2021-04-01;1749;278;0;44064;14659;0;13.3;4.4;0.0
47;2021-04-02;1969;451;0;46033;15110;0;13.9;4.6;0.0
47;2021-04-03;1203;183;0;47236;15293;0;14.3;4.6;0.0
47;2021-04-04;469;14;0;47705;15307;0;14.4;4.6;0.0
47;2021-04-05;1190;54;0;48895;15361;0;14.8;4.7;0.0
47;2021-04-06;1427;404;0;50322;15765;0;15.2;4.8;0.0
47;2021-04-07;1698;631;0;52020;16396;0;15.7;5.0;0.0
47;2021-04-08;1866;514;0;53886;16910;0;16.3;5.1;0.0
47;2021-04-09;2232;549;0;56118;17459;0;17.0;5.3;0.0
47;2021-04-10;1581;326;0;57699;17785;0;17.5;5.4;0.0
47;2021-04-11;522;13;0;58221;17798;0;17.6;5.4;0.0
47;2021-04-12;1495;636;0;59716;18434;0;18.1;5.6;0.0
47;2021-04-13;1876;796;0;61592;19230;0;18.6;5.8;0.0
47;2021-04-14;1814;735;0;63406;19965;0;19.2;6.0;0.0
47;2021-04-15;2030;862;0;65436;20827;0;19.8;6.3;0.0
47;2021-04-16;1818;897;0;67254;21724;0;20.4;6.6;0.0
47;2021-04-17;1457;945;0;68711;22669;0;20.8;6.9;0.0
47;2021-04-18;29;5;0;68740;22674;0;20.8;6.9;0.0
47;2021-04-19;1336;946;0;70076;23620;0;21.2;7.2;0.0
47;2021-04-20;1744;913;0;71820;24533;0;21.7;7.4;0.0
47;2021-04-21;1634;806;0;73454;25339;0;22.2;7.7;0.0
47;2021-04-22;1878;1025;0;75332;26364;0;22.8;8.0;0.0
47;2021-04-23;1724;1104;0;77056;27468;0;23.3;8.3;0.0
47;2021-04-24;1520;781;0;78576;28249;0;23.8;8.6;0.0
47;2021-04-25;260;336;0;78836;28585;0;23.9;8.7;0.0
47;2021-04-26;1435;1352;0;80271;29937;0;24.3;9.1;0.0
47;2021-04-27;1890;1466;0;82161;31403;0;24.9;9.5;0.0
47;2021-04-28;2008;1600;0;84169;33003;0;25.5;10.0;0.0
47;2021-04-29;2445;1514;0;86614;34517;0;26.2;10.4;0.0
47;2021-04-30;1982;1776;0;88596;36293;0;26.8;11.0;0.0
47;2021-05-01;2139;940;0;90735;37233;0;27.5;11.3;0.0
47;2021-05-02;40;357;0;90775;37590;0;27.5;11.4;0.0
47;2021-05-03;1520;1393;0;92295;38983;0;27.9;11.8;0.0
47;2021-05-04;1588;1744;0;93883;40727;0;28.4;12.3;0.0
47;2021-05-05;1833;1632;0;95716;42359;0;29.0;12.8;0.0
47;2021-05-06;1962;1518;0;97678;43877;0;29.6;13.3;0.0
47;2021-05-07;1924;1688;0;99602;45565;0;30.2;13.8;0.0
47;2021-05-08;1960;545;0;101562;46110;0;30.7;14.0;0.0
47;2021-05-09;32;362;0;101594;46472;0;30.8;14.1;0.0
47;2021-05-10;1104;1718;0;102698;48190;0;31.1;14.6;0.0
47;2021-05-11;1996;2023;0;104694;50213;0;31.7;15.2;0.0
47;2021-05-12;2342;1476;0;107036;51689;0;32.4;15.6;0.0
47;2021-05-13;1961;604;0;108997;52293;0;33.0;15.8;0.0
47;2021-05-14;1762;841;0;110759;53134;0;33.5;16.1;0.0
47;2021-05-15;1666;850;0;112425;53984;0;34.0;16.3;0.0
47;2021-05-16;310;11;0;112735;53995;0;34.1;16.3;0.0
47;2021-05-17;1679;1162;0;114414;55157;0;34.6;16.7;0.0
47;2021-05-18;2076;1210;0;116490;56367;0;35.3;17.1;0.0
47;2021-05-19;2124;762;0;118614;57129;0;35.9;17.3;0.0
47;2021-05-20;2367;998;0;120981;58127;0;36.6;17.6;0.0
47;2021-05-21;1412;1161;0;122393;59288;0;37.1;17.9;0.0
47;2021-05-22;2145;823;0;124538;60111;0;37.7;18.2;0.0
47;2021-05-23;46;186;0;124584;60297;0;37.7;18.3;0.0
47;2021-05-24;1357;254;0;125941;60551;0;38.1;18.3;0.0
47;2021-05-25;1391;1327;0;127332;61878;0;38.5;18.7;0.0
47;2021-05-26;1519;1117;0;128851;62995;0;39.0;19.1;0.0
47;2021-05-27;1840;1279;0;130691;64274;0;39.6;19.5;0.0
47;2021-05-28;1411;1562;0;132102;65836;0;40.0;19.9;0.0
47;2021-05-29;1054;1110;0;133156;66946;0;40.3;20.3;0.0
47;2021-05-30;27;50;0;133183;66996;0;40.3;20.3;0.0
47;2021-05-31;1770;1396;0;134953;68392;0;40.9;20.7;0.0
47;2021-06-01;1818;1386;0;136771;69778;0;41.4;21.1;0.0
47;2021-06-02;1937;1311;0;138708;71089;0;42.0;21.5;0.0
47;2021-06-03;2307;1593;0;141015;72682;0;42.7;22.0;0.0
47;2021-06-04;1846;2074;0;142861;74756;0;43.2;22.6;0.0
47;2021-06-05;1481;1443;0;144342;76199;0;43.7;23.1;0.0
47;2021-06-06;223;80;0;144565;76279;0;43.8;23.1;0.0
47;2021-06-07;1543;2141;0;146108;78420;0;44.2;23.7;0.0
47;2021-06-08;1549;1826;0;147657;80246;0;44.7;24.3;0.0
47;2021-06-09;1661;2034;0;149318;82280;0;45.2;24.9;0.0
47;2021-06-10;2207;1604;0;151525;83884;0;45.9;25.4;0.0
47;2021-06-11;1731;2038;0;153256;85922;0;46.4;26.0;0.0
47;2021-06-12;1176;2021;0;154432;87943;0;46.7;26.6;0.0
47;2021-06-13;39;26;0;154471;87969;0;46.8;26.6;0.0
47;2021-06-14;1195;2320;0;155666;90289;0;47.1;27.3;0.0
47;2021-06-15;1382;1968;0;157048;92257;0;47.5;27.9;0.0
47;2021-06-16;1112;2068;0;158160;94325;0;47.9;28.6;0.0
47;2021-06-17;1529;1484;0;159689;95809;0;48.3;29.0;0.0
47;2021-06-18;1354;2433;0;161043;98242;0;48.8;29.7;0.0
47;2021-06-19;1349;2202;0;162392;100444;0;49.2;30.4;0.0
47;2021-06-20;22;50;0;162414;100494;0;49.2;30.4;0.0
47;2021-06-21;996;2274;0;163410;102768;0;49.5;31.1;0.0
47;2021-06-22;767;2340;0;164177;105108;0;49.7;31.8;0.0
47;2021-06-23;968;1897;0;165145;107005;0;50.0;32.4;0.0
47;2021-06-24;1164;1859;0;166309;108864;0;50.3;33.0;0.0
47;2021-06-25;941;2445;0;167250;111309;0;50.6;33.7;0.0
47;2021-06-26;879;2422;0;168129;113731;0;50.9;34.4;0.0
47;2021-06-27;24;300;0;168153;114031;0;50.9;34.5;0.0
47;2021-06-28;765;2202;0;168918;116233;0;51.1;35.2;0.0
47;2021-06-29;770;2194;0;169688;118427;0;51.4;35.9;0.0
47;2021-06-30;734;2124;0;170422;120551;0;51.6;36.5;0.0
47;2021-07-01;816;2000;0;171238;122551;0;51.8;37.1;0.0
47;2021-07-02;838;2124;0;172076;124675;0;52.1;37.7;0.0
47;2021-07-03;662;2761;0;172738;127436;0;52.3;38.6;0.0
47;2021-07-04;46;32;0;172784;127468;0;52.3;38.6;0.0
47;2021-07-05;874;2017;0;173658;129485;0;52.6;39.2;0.0
47;2021-07-06;868;1914;0;174526;131399;0;52.8;39.8;0.0
47;2021-07-07;1253;1947;0;175779;133346;0;53.2;40.4;0.0
47;2021-07-08;1067;2091;0;176846;135437;0;53.5;41.0;0.0
47;2021-07-09;969;2277;0;177815;137714;0;53.8;41.7;0.0
47;2021-07-10;830;1894;0;178645;139608;0;54.1;42.3;0.0
47;2021-07-11;13;43;0;178658;139651;0;54.1;42.3;0.0
47;2021-07-12;558;2363;0;179216;142014;0;54.3;43.0;0.0
47;2021-07-13;1047;2396;0;180263;144410;0;54.6;43.7;0.0
47;2021-07-14;975;1395;0;181238;145805;0;54.9;44.1;0.0
47;2021-07-15;1575;2923;0;182813;148728;0;55.3;45.0;0.0
47;2021-07-16;1604;2501;0;184417;151229;0;55.8;45.8;0.0
47;2021-07-17;1135;2211;0;185552;153440;0;56.2;46.4;0.0
47;2021-07-18;71;221;0;185623;153661;0;56.2;46.5;0.0
47;2021-07-19;979;2313;0;186602;155974;0;56.5;47.2;0.0
47;2021-07-20;1504;2244;0;188106;158218;0;56.9;47.9;0.0
47;2021-07-21;1931;2129;0;190037;160347;0;57.5;48.5;0.0
47;2021-07-22;2076;2195;0;192113;162542;0;58.2;49.2;0.0
47;2021-07-23;1975;2064;0;194088;164606;0;58.8;49.8;0.0
47;2021-07-24;1029;1647;0;195117;166253;0;59.1;50.3;0.0
47;2021-07-25;78;47;0;195195;166300;0;59.1;50.3;0.0
47;2021-07-26;1239;1780;0;196434;168080;0;59.5;50.9;0.0
47;2021-07-27;2052;1529;0;198486;169609;0;60.1;51.3;0.0
47;2021-07-28;1800;1617;0;200286;171226;0;60.6;51.8;0.0
47;2021-07-29;2230;1591;0;202516;172817;0;61.3;52.3;0.0
47;2021-07-30;1860;1567;0;204376;174384;0;61.9;52.8;0.0
47;2021-07-31;1322;1443;0;205698;175827;0;62.3;53.2;0.0
47;2021-08-01;66;36;0;205764;175863;0;62.3;53.2;0.0
47;2021-08-02;1855;1127;0;207619;176990;0;62.9;53.6;0.0
47;2021-08-03;1953;1053;0;209572;178043;0;63.4;53.9;0.0
47;2021-08-04;2056;1291;0;211628;179334;0;64.1;54.3;0.0
47;2021-08-05;2216;1324;0;213844;180658;0;64.7;54.7;0.0
47;2021-08-06;1837;1685;0;215681;182343;0;65.3;55.2;0.0
47;2021-08-07;1372;1180;0;217053;183523;0;65.7;55.6;0.0
47;2021-08-08;56;42;0;217109;183565;0;65.7;55.6;0.0
47;2021-08-09;1730;1132;0;218839;184697;0;66.2;55.9;0.0
47;2021-08-10;1753;1195;0;220592;185892;0;66.8;56.3;0.0
47;2021-08-11;1671;1321;0;222263;187213;0;67.3;56.7;0.0
47;2021-08-12;1794;1226;0;224057;188439;0;67.8;57.0;0.0
47;2021-08-13;1295;1514;0;225352;189953;0;68.2;57.5;0.0
47;2021-08-14;1161;1256;0;226513;191209;0;68.6;57.9;0.0
47;2021-08-15;29;43;0;226542;191252;0;68.6;57.9;0.0
47;2021-08-16;1259;1303;0;227801;192555;0;69.0;58.3;0.0
47;2021-08-17;1066;1597;0;228867;194152;0;69.3;58.8;0.0
47;2021-08-18;1143;1678;0;230010;195830;0;69.6;59.3;0.0
47;2021-08-19;942;1645;0;230952;197475;0;69.9;59.8;0.0
47;2021-08-20;927;1657;0;231879;199132;0;70.2;60.3;0.0
47;2021-08-21;750;1194;0;232629;200326;0;70.4;60.6;0.0
47;2021-08-22;23;57;0;232652;200383;0;70.4;60.7;0.0
47;2021-08-23;594;1761;0;233246;202144;0;70.6;61.2;0.0
47;2021-08-24;793;1605;0;234039;203749;0;70.8;61.7;0.0
47;2021-08-25;747;1779;0;234786;205528;0;71.1;62.2;0.0
47;2021-08-26;704;2042;0;235490;207570;0;71.3;62.8;0.0
47;2021-08-27;681;1844;0;236171;209414;0;71.5;63.4;0.0
47;2021-08-28;507;1497;0;236678;210911;0;71.6;63.8;0.0
47;2021-08-29;19;66;0;236697;210977;0;71.7;63.9;0.0
47;2021-08-30;449;1799;19;237146;212776;19;71.8;64.4;0.0
47;2021-08-31;531;1740;27;237677;214516;46;72.0;64.9;0.0
47;2021-09-01;446;1844;64;238123;216360;110;72.1;65.5;0.0
47;2021-09-02;467;1812;81;238590;218172;191;72.2;66.0;0.1
47;2021-09-03;507;1700;113;239097;219872;304;72.4;66.6;0.1
47;2021-09-04;442;1485;76;239539;221357;380;72.5;67.0;0.1
47;2021-09-05;19;58;2;239558;221415;382;72.5;67.0;0.1
47;2021-09-06;347;1211;172;239905;222626;554;72.6;67.4;0.2
47;2021-09-07;452;1074;159;240357;223700;713;72.8;67.7;0.2
47;2021-09-08;421;1406;142;240778;225106;855;72.9;68.1;0.3
47;2021-09-09;420;1017;249;241198;226123;1104;73.0;68.5;0.3
47;2021-09-10;455;1147;183;241653;227270;1287;73.2;68.8;0.4
47;2021-09-11;380;1234;57;242033;228504;1344;73.3;69.2;0.4
47;2021-09-12;6;18;2;242039;228522;1346;73.3;69.2;0.4
47;2021-09-13;253;772;267;242292;229294;1613;73.3;69.4;0.5
47;2021-09-14;389;765;359;242681;230059;1972;73.5;69.6;0.6
47;2021-09-15;330;868;192;243011;230927;2164;73.6;69.9;0.7
47;2021-09-16;335;559;396;243346;231486;2560;73.7;70.1;0.8
47;2021-09-17;378;652;224;243724;232138;2784;73.8;70.3;0.8
47;2021-09-18;237;881;78;243961;233019;2862;73.9;70.5;0.9
47;2021-09-19;7;14;6;243968;233033;2868;73.9;70.5;0.9
47;2021-09-20;184;498;365;244152;233531;3233;73.9;70.7;1.0
47;2021-09-21;250;397;358;244402;233928;3591;74.0;70.8;1.1
47;2021-09-22;203;608;269;244605;234536;3860;74.0;71.0;1.2
47;2021-09-23;192;387;423;244797;234923;4283;74.1;71.1;1.3
47;2021-09-24;270;606;324;245067;235529;4607;74.2;71.3;1.4
47;2021-09-25;182;565;80;245249;236094;4687;74.2;71.5;1.4
47;2021-09-26;3;9;3;245252;236103;4690;74.2;71.5;1.4
47;2021-09-27;111;375;161;245363;236478;4851;74.3;71.6;1.5
47;2021-09-28;129;358;227;245492;236836;5078;74.3;71.7;1.5
47;2021-09-29;158;444;211;245650;237280;5289;74.4;71.8;1.6
47;2021-09-30;161;354;386;245811;237634;5675;74.4;71.9;1.7
47;2021-10-01;229;522;207;246040;238156;5882;74.5;72.1;1.8
47;2021-10-02;191;433;120;246231;238589;6002;74.5;72.2;1.8
47;2021-10-03;0;6;0;246231;238595;6002;74.5;72.2;1.8
47;2021-10-04;134;329;291;246365;238924;6293;74.6;72.3;1.9
47;2021-10-05;114;309;226;246479;239233;6519;74.6;72.4;2.0
47;2021-10-06;217;416;275;246696;239649;6794;74.7;72.5;2.1
47;2021-10-07;145;359;343;246841;240008;7137;74.7;72.7;2.2
47;2021-10-08;179;398;315;247020;240406;7452;74.8;72.8;2.3
47;2021-10-09;214;327;193;247234;240733;7645;74.8;72.9;2.3
47;2021-10-10;1;9;14;247235;240742;7659;74.8;72.9;2.3
47;2021-10-11;127;214;296;247362;240956;7955;74.9;72.9;2.4
47;2021-10-12;124;263;382;247486;241219;8337;74.9;73.0;2.5
47;2021-10-13;139;262;256;247625;241481;8593;75.0;73.1;2.6
47;2021-10-14;92;209;312;247717;241690;8905;75.0;73.2;2.7
47;2021-10-15;162;354;409;247879;242044;9314;75.0;73.3;2.8
47;2021-10-16;175;224;246;248054;242268;9560;75.1;73.3;2.9
47;2021-10-17;1;7;4;248055;242275;9564;75.1;73.3;2.9
47;2021-10-18;125;200;445;248180;242475;10009;75.1;73.4;3.0
47;2021-10-19;114;180;393;248294;242655;10402;75.2;73.5;3.1
47;2021-10-20;134;174;432;248428;242829;10834;75.2;73.5;3.3
47;2021-10-21;108;135;435;248536;242964;11269;75.2;73.6;3.4
47;2021-10-22;117;188;494;248653;243152;11763;75.3;73.6;3.6
47;2021-10-23;160;221;311;248813;243373;12074;75.3;73.7;3.7
47;2021-10-24;2;7;4;248815;243380;12078;75.3;73.7;3.7
47;2021-10-25;116;149;488;248931;243529;12566;75.4;73.7;3.8
47;2021-10-26;83;140;618;249014;243669;13184;75.4;73.8;4.0
47;2021-10-27;132;179;520;249146;243848;13704;75.4;73.8;4.1
47;2021-10-28;88;154;477;249234;244002;14181;75.4;73.9;4.3
47;2021-10-29;89;177;640;249323;244179;14821;75.5;73.9;4.5
47;2021-10-30;84;200;328;249407;244379;15149;75.5;74.0;4.6
47;2021-10-31;0;4;5;249407;244383;15154;75.5;74.0;4.6
47;2021-11-01;21;15;105;249428;244398;15259;75.5;74.0;4.6
47;2021-11-02;117;147;635;249545;244545;15894;75.5;74.0;4.8
47;2021-11-03;97;176;709;249642;244721;16603;75.6;74.1;5.0
47;2021-11-04;89;117;781;249731;244838;17384;75.6;74.1;5.3
47;2021-11-05;119;163;783;249850;245001;18167;75.6;74.2;5.5
47;2021-11-06;115;208;484;249965;245209;18651;75.7;74.2;5.6
47;2021-11-07;2;13;16;249967;245222;18667;75.7;74.2;5.7
47;2021-11-08;64;139;846;250031;245361;19513;75.7;74.3;5.9
47;2021-11-09;99;150;1101;250130;245511;20614;75.7;74.3;6.2
47;2021-11-10;113;175;987;250243;245686;21601;75.8;74.4;6.5
47;2021-11-11;39;29;283;250282;245715;21884;75.8;74.4;6.6
47;2021-11-12;90;144;1075;250372;245859;22959;75.8;74.4;7.0
47;2021-11-13;114;169;560;250486;246028;23519;75.8;74.5;7.1
47;2021-11-14;1;6;17;250487;246034;23536;75.8;74.5;7.1
47;2021-11-15;82;104;1469;250569;246138;25005;75.9;74.5;7.6
47;2021-11-16;97;131;1592;250666;246269;26597;75.9;74.6;8.1
47;2021-11-17;139;143;1176;250805;246412;27773;75.9;74.6;8.4
47;2021-11-18;88;89;1147;250893;246501;28920;76.0;74.6;8.8
47;2021-11-19;127;125;1398;251020;246626;30318;76.0;74.7;9.2
47;2021-11-20;145;150;844;251165;246776;31162;76.0;74.7;9.4
47;2021-11-21;8;10;20;251173;246786;31182;76.0;74.7;9.4
47;2021-11-22;69;59;1052;251242;246845;32234;76.1;74.7;9.8
47;2021-11-23;117;88;1704;251359;246933;33938;76.1;74.8;10.3
47;2021-11-24;154;155;1364;251513;247088;35302;76.1;74.8;10.7
47;2021-11-25;127;98;1525;251640;247186;36827;76.2;74.8;11.1
47;2021-11-26;128;130;1855;251768;247316;38682;76.2;74.9;11.7
47;2021-11-27;140;140;1553;251908;247456;40235;76.3;74.9;12.2
47;2021-11-28;9;9;168;251917;247465;40403;76.3;74.9;12.2
47;2021-11-29;84;91;2322;252001;247556;42725;76.3;74.9;12.9
47;2021-11-30;132;128;3116;252133;247684;45841;76.3;75.0;13.9
47;2021-12-01;111;134;2785;252244;247818;48626;76.4;75.0;14.7
47;2021-12-02;116;92;2974;252360;247910;51600;76.4;75.0;15.6
47;2021-12-03;123;120;3328;252483;248030;54928;76.4;75.1;16.6
47;2021-12-04;88;127;2196;252571;248157;57124;76.5;75.1;17.3
47;2021-12-05;62;23;1213;252633;248180;58337;76.5;75.1;17.7
47;2021-12-06;88;90;2842;252721;248270;61179;76.5;75.2;18.5
47;2021-12-07;122;118;4166;252843;248388;65345;76.5;75.2;19.8
47;2021-12-08;124;135;3475;252967;248523;68820;76.6;75.2;20.8
47;2021-12-09;121;105;3616;253088;248628;72436;76.6;75.3;21.9
47;2021-12-10;133;145;3755;253221;248773;76191;76.7;75.3;23.1
47;2021-12-11;115;142;2995;253336;248915;79186;76.7;75.4;24.0
47;2021-12-12;9;9;344;253345;248924;79530;76.7;75.4;24.1
47;2021-12-13;97;109;3171;253442;249033;82701;76.7;75.4;25.0
47;2021-12-14;119;136;4126;253561;249169;86827;76.8;75.4;26.3
47;2021-12-15;125;171;3188;253686;249340;90015;76.8;75.5;27.2
47;2021-12-16;134;132;3949;253820;249472;93964;76.8;75.5;28.4
47;2021-12-17;139;177;4271;253959;249649;98235;76.9;75.6;29.7
47;2021-12-18;169;176;2852;254128;249825;101087;76.9;75.6;30.6
47;2021-12-19;50;23;1020;254178;249848;102107;76.9;75.6;30.9
47;2021-12-20;142;115;3002;254320;249963;105109;77.0;75.7;31.8
47;2021-12-21;148;149;3271;254468;250112;108380;77.0;75.7;32.8
47;2021-12-22;180;143;2742;254648;250255;111122;77.1;75.8;33.6
48;2020-12-27;0;0;0;0;0;0;0.0;0.0;0.0
48;2020-12-28;0;0;0;0;0;0;0.0;0.0;0.0
48;2020-12-29;1;0;0;1;0;0;0.0;0.0;0.0
48;2020-12-30;0;0;0;1;0;0;0.0;0.0;0.0
48;2020-12-31;0;0;0;1;0;0;0.0;0.0;0.0
48;2021-01-01;1;0;0;2;0;0;0.0;0.0;0.0
48;2021-01-02;0;0;0;2;0;0;0.0;0.0;0.0
48;2021-01-03;0;0;0;2;0;0;0.0;0.0;0.0
48;2021-01-04;1;0;0;3;0;0;0.0;0.0;0.0
48;2021-01-05;0;0;0;3;0;0;0.0;0.0;0.0
48;2021-01-06;0;0;0;3;0;0;0.0;0.0;0.0
48;2021-01-07;53;0;0;56;0;0;0.1;0.0;0.0
48;2021-01-08;88;1;0;144;1;0;0.2;0.0;0.0
48;2021-01-09;1;0;0;145;1;0;0.2;0.0;0.0
48;2021-01-10;0;0;0;145;1;0;0.2;0.0;0.0
48;2021-01-11;14;0;0;159;1;0;0.2;0.0;0.0
48;2021-01-12;24;1;0;183;2;0;0.2;0.0;0.0
48;2021-01-13;89;0;0;272;2;0;0.4;0.0;0.0
48;2021-01-14;94;1;0;366;3;0;0.5;0.0;0.0
48;2021-01-15;62;0;0;428;3;0;0.6;0.0;0.0
48;2021-01-16;0;0;0;428;3;0;0.6;0.0;0.0
48;2021-01-17;0;0;0;428;3;0;0.6;0.0;0.0
48;2021-01-18;116;0;0;544;3;0;0.7;0.0;0.0
48;2021-01-19;297;2;0;841;5;0;1.1;0.0;0.0
48;2021-01-20;260;0;0;1101;5;0;1.4;0.0;0.0
48;2021-01-21;437;1;0;1538;6;0;2.0;0.0;0.0
48;2021-01-22;236;0;0;1774;6;0;2.3;0.0;0.0
48;2021-01-23;45;0;0;1819;6;0;2.4;0.0;0.0
48;2021-01-24;2;0;0;1821;6;0;2.4;0.0;0.0
48;2021-01-25;119;2;0;1940;8;0;2.5;0.0;0.0
48;2021-01-26;254;0;0;2194;8;0;2.9;0.0;0.0
48;2021-01-27;243;2;0;2437;10;0;3.2;0.0;0.0
48;2021-01-28;220;10;0;2657;20;0;3.5;0.0;0.0
48;2021-01-29;180;59;0;2837;79;0;3.7;0.1;0.0
48;2021-01-30;11;7;0;2848;86;0;3.7;0.1;0.0
48;2021-01-31;0;7;0;2848;93;0;3.7;0.1;0.0
48;2021-02-01;89;45;0;2937;138;0;3.8;0.2;0.0
48;2021-02-02;191;38;0;3128;176;0;4.1;0.2;0.0
48;2021-02-03;186;73;0;3314;249;0;4.3;0.3;0.0
48;2021-02-04;211;14;0;3525;263;0;4.6;0.3;0.0
48;2021-02-05;150;40;0;3675;303;0;4.8;0.4;0.0
48;2021-02-06;31;1;0;3706;304;0;4.9;0.4;0.0
48;2021-02-07;0;0;0;3706;304;0;4.9;0.4;0.0
48;2021-02-08;49;60;0;3755;364;0;4.9;0.5;0.0
48;2021-02-09;84;135;0;3839;499;0;5.0;0.7;0.0
48;2021-02-10;85;183;0;3924;682;0;5.1;0.9;0.0
48;2021-02-11;153;371;0;4077;1053;0;5.3;1.4;0.0
48;2021-02-12;125;148;0;4202;1201;0;5.5;1.6;0.0
48;2021-02-13;20;54;0;4222;1255;0;5.5;1.6;0.0
48;2021-02-14;0;0;0;4222;1255;0;5.5;1.6;0.0
48;2021-02-15;57;103;0;4279;1358;0;5.6;1.8;0.0
48;2021-02-16;65;150;0;4344;1508;0;5.7;2.0;0.0
48;2021-02-17;58;217;0;4402;1725;0;5.8;2.3;0.0
48;2021-02-18;221;118;0;4623;1843;0;6.1;2.4;0.0
48;2021-02-19;81;178;0;4704;2021;0;6.2;2.6;0.0
48;2021-02-20;1;5;0;4705;2026;0;6.2;2.7;0.0
48;2021-02-21;0;14;0;4705;2040;0;6.2;2.7;0.0
48;2021-02-22;29;118;0;4734;2158;0;6.2;2.8;0.0
48;2021-02-23;52;225;0;4786;2383;0;6.3;3.1;0.0
48;2021-02-24;66;284;0;4852;2667;0;6.4;3.5;0.0
48;2021-02-25;143;239;0;4995;2906;0;6.5;3.8;0.0
48;2021-02-26;57;228;0;5052;3134;0;6.6;4.1;0.0
48;2021-02-27;28;4;0;5080;3138;0;6.7;4.1;0.0
48;2021-02-28;3;13;0;5083;3151;0;6.7;4.1;0.0
48;2021-03-01;108;98;0;5191;3249;0;6.8;4.3;0.0
48;2021-03-02;198;90;0;5389;3339;0;7.1;4.4;0.0
48;2021-03-03;152;109;0;5541;3448;0;7.3;4.5;0.0
48;2021-03-04;211;176;0;5752;3624;0;7.5;4.8;0.0
48;2021-03-05;156;133;0;5908;3757;0;7.7;4.9;0.0
48;2021-03-06;200;53;0;6108;3810;0;8.0;5.0;0.0
48;2021-03-07;57;1;0;6165;3811;0;8.1;5.0;0.0
48;2021-03-08;244;115;0;6409;3926;0;8.4;5.1;0.0
48;2021-03-09;354;94;0;6763;4020;0;8.9;5.3;0.0
48;2021-03-10;228;60;0;6991;4080;0;9.2;5.3;0.0
48;2021-03-11;320;88;0;7311;4168;0;9.6;5.5;0.0
48;2021-03-12;271;131;0;7582;4299;0;9.9;5.6;0.0
48;2021-03-13;311;10;0;7893;4309;0;10.3;5.6;0.0
48;2021-03-14;9;0;0;7902;4309;0;10.4;5.6;0.0
48;2021-03-15;172;68;0;8074;4377;0;10.6;5.7;0.0
48;2021-03-16;179;70;0;8253;4447;0;10.8;5.8;0.0
48;2021-03-17;176;103;0;8429;4550;0;11.0;6.0;0.0
48;2021-03-18;178;98;0;8607;4648;0;11.3;6.1;0.0
48;2021-03-19;140;87;0;8747;4735;0;11.5;6.2;0.0
48;2021-03-20;141;5;0;8888;4740;0;11.7;6.2;0.0
48;2021-03-21;2;0;0;8890;4740;0;11.7;6.2;0.0
48;2021-03-22;172;23;0;9062;4763;0;11.9;6.2;0.0
48;2021-03-23;341;98;0;9403;4861;0;12.3;6.4;0.0
48;2021-03-24;363;99;0;9766;4960;0;12.8;6.5;0.0
48;2021-03-25;731;115;0;10497;5075;0;13.8;6.7;0.0
48;2021-03-26;291;65;0;10788;5140;0;14.1;6.7;0.0
48;2021-03-27;108;2;0;10896;5142;0;14.3;6.7;0.0
48;2021-03-28;69;12;0;10965;5154;0;14.4;6.8;0.0
48;2021-03-29;310;86;0;11275;5240;0;14.8;6.9;0.0
48;2021-03-30;361;151;0;11636;5391;0;15.3;7.1;0.0
48;2021-03-31;484;96;0;12120;5487;0;15.9;7.2;0.0
48;2021-04-01;736;85;0;12856;5572;0;16.9;7.3;0.0
48;2021-04-02;508;133;0;13364;5705;0;17.5;7.5;0.0
48;2021-04-03;153;93;0;13517;5798;0;17.7;7.6;0.0
48;2021-04-04;2;1;0;13519;5799;0;17.7;7.6;0.0
48;2021-04-05;54;1;0;13573;5800;0;17.8;7.6;0.0
48;2021-04-06;473;165;0;14046;5965;0;18.4;7.8;0.0
48;2021-04-07;435;146;0;14481;6111;0;19.0;8.0;0.0
48;2021-04-08;628;188;0;15109;6299;0;19.8;8.3;0.0
48;2021-04-09;470;138;0;15579;6437;0;20.4;8.4;0.0
48;2021-04-10;127;71;0;15706;6508;0;20.6;8.5;0.0
48;2021-04-11;3;0;0;15709;6508;0;20.6;8.5;0.0
48;2021-04-12;389;79;0;16098;6587;0;21.1;8.6;0.0
48;2021-04-13;358;120;0;16456;6707;0;21.6;8.8;0.0
48;2021-04-14;594;206;0;17050;6913;0;22.4;9.1;0.0
48;2021-04-15;639;352;0;17689;7265;0;23.2;9.5;0.0
48;2021-04-16;489;210;0;18178;7475;0;23.8;9.8;0.0
48;2021-04-17;92;83;0;18270;7558;0;23.9;9.9;0.0
48;2021-04-18;4;0;0;18274;7558;0;24.0;9.9;0.0
48;2021-04-19;223;110;0;18497;7668;0;24.2;10.1;0.0
48;2021-04-20;224;203;0;18721;7871;0;24.5;10.3;0.0
48;2021-04-21;302;280;0;19023;8151;0;24.9;10.7;0.0
48;2021-04-22;302;486;0;19325;8637;0;25.3;11.3;0.0
48;2021-04-23;251;274;0;19576;8911;0;25.7;11.7;0.0
48;2021-04-24;117;104;0;19693;9015;0;25.8;11.8;0.0
48;2021-04-25;6;13;0;19699;9028;0;25.8;11.8;0.0
48;2021-04-26;129;237;0;19828;9265;0;26.0;12.1;0.0
48;2021-04-27;200;310;0;20028;9575;0;26.3;12.6;0.0
48;2021-04-28;171;446;0;20199;10021;0;26.5;13.1;0.0
48;2021-04-29;220;509;0;20419;10530;0;26.8;13.8;0.0
48;2021-04-30;206;259;0;20625;10789;0;27.0;14.1;0.0
48;2021-05-01;77;9;0;20702;10798;0;27.1;14.2;0.0
48;2021-05-02;1;0;0;20703;10798;0;27.1;14.2;0.0
48;2021-05-03;136;400;0;20839;11198;0;27.3;14.7;0.0
48;2021-05-04;224;410;0;21063;11608;0;27.6;15.2;0.0
48;2021-05-05;120;494;0;21183;12102;0;27.8;15.9;0.0
48;2021-05-06;751;613;0;21934;12715;0;28.8;16.7;0.0
48;2021-05-07;141;511;0;22075;13226;0;28.9;17.3;0.0
48;2021-05-08;325;51;0;22400;13277;0;29.4;17.4;0.0
48;2021-05-09;262;11;0;22662;13288;0;29.7;17.4;0.0
48;2021-05-10;140;349;0;22802;13637;0;29.9;17.9;0.0
48;2021-05-11;259;294;0;23061;13931;0;30.2;18.3;0.0
48;2021-05-12;308;299;0;23369;14230;0;30.6;18.7;0.0
48;2021-05-13;452;155;0;23821;14385;0;31.2;18.9;0.0
48;2021-05-14;283;242;0;24104;14627;0;31.6;19.2;0.0
48;2021-05-15;143;59;0;24247;14686;0;31.8;19.3;0.0
48;2021-05-16;31;7;0;24278;14693;0;31.8;19.3;0.0
48;2021-05-17;490;270;0;24768;14963;0;32.5;19.6;0.0
48;2021-05-18;318;256;0;25086;15219;0;32.9;19.9;0.0
48;2021-05-19;294;304;0;25380;15523;0;33.3;20.3;0.0
48;2021-05-20;400;265;0;25780;15788;0;33.8;20.7;0.0
48;2021-05-21;238;276;0;26018;16064;0;34.1;21.1;0.0
48;2021-05-22;87;54;0;26105;16118;0;34.2;21.1;0.0
48;2021-05-23;7;7;0;26112;16125;0;34.2;21.1;0.0
48;2021-05-24;71;24;0;26183;16149;0;34.3;21.2;0.0
48;2021-05-25;247;291;0;26430;16440;0;34.6;21.6;0.0
48;2021-05-26;476;286;0;26906;16726;0;35.3;21.9;0.0
48;2021-05-27;1238;352;0;28144;17078;0;36.9;22.4;0.0
48;2021-05-28;365;335;0;28509;17413;0;37.4;22.8;0.0
48;2021-05-29;204;100;0;28713;17513;0;37.6;23.0;0.0
48;2021-05-30;7;8;0;28720;17521;0;37.6;23.0;0.0
48;2021-05-31;658;222;0;29378;17743;0;38.5;23.3;0.0
48;2021-06-01;316;288;0;29694;18031;0;38.9;23.6;0.0
48;2021-06-02;444;381;0;30138;18412;0;39.5;24.1;0.0
48;2021-06-03;638;379;0;30776;18791;0;40.3;24.6;0.0
48;2021-06-04;324;286;0;31100;19077;0;40.8;25.0;0.0
48;2021-06-05;160;100;0;31260;19177;0;41.0;25.1;0.0
48;2021-06-06;13;1;0;31273;19178;0;41.0;25.1;0.0
48;2021-06-07;397;158;0;31670;19336;0;41.5;25.3;0.0
48;2021-06-08;650;336;0;32320;19672;0;42.4;25.8;0.0
48;2021-06-09;381;232;0;32701;19904;0;42.9;26.1;0.0
48;2021-06-10;927;230;0;33628;20134;0;44.1;26.4;0.0
48;2021-06-11;382;192;0;34010;20326;0;44.6;26.6;0.0
48;2021-06-12;110;80;0;34120;20406;0;44.7;26.7;0.0
48;2021-06-13;12;6;0;34132;20412;0;44.7;26.8;0.0
48;2021-06-14;140;153;0;34272;20565;0;44.9;27.0;0.0
48;2021-06-15;402;393;0;34674;20958;0;45.5;27.5;0.0
48;2021-06-16;253;179;0;34927;21137;0;45.8;27.7;0.0
48;2021-06-17;453;561;0;35380;21698;0;46.4;28.4;0.0
48;2021-06-18;268;319;0;35648;22017;0;46.7;28.9;0.0
48;2021-06-19;65;321;0;35713;22338;0;46.8;29.3;0.0
48;2021-06-20;112;214;0;35825;22552;0;47.0;29.6;0.0
48;2021-06-21;141;225;0;35966;22777;0;47.1;29.9;0.0
48;2021-06-22;246;379;0;36212;23156;0;47.5;30.4;0.0
48;2021-06-23;110;583;0;36322;23739;0;47.6;31.1;0.0
48;2021-06-24;316;557;0;36638;24296;0;48.0;31.8;0.0
48;2021-06-25;131;279;0;36769;24575;0;48.2;32.2;0.0
48;2021-06-26;29;91;0;36798;24666;0;48.2;32.3;0.0
48;2021-06-27;1;20;0;36799;24686;0;48.2;32.4;0.0
48;2021-06-28;91;262;0;36890;24948;0;48.4;32.7;0.0
48;2021-06-29;297;479;0;37187;25427;0;48.7;33.3;0.0
48;2021-06-30;116;530;0;37303;25957;0;48.9;34.0;0.0
48;2021-07-01;192;630;0;37495;26587;0;49.2;34.9;0.0
48;2021-07-02;161;385;0;37656;26972;0;49.4;35.4;0.0
48;2021-07-03;56;146;0;37712;27118;0;49.4;35.5;0.0
48;2021-07-04;10;7;0;37722;27125;0;49.4;35.6;0.0
48;2021-07-05;78;245;0;37800;27370;0;49.6;35.9;0.0
48;2021-07-06;298;626;0;38098;27996;0;49.9;36.7;0.0
48;2021-07-07;210;523;0;38308;28519;0;50.2;37.4;0.0
48;2021-07-08;227;1171;0;38535;29690;0;50.5;38.9;0.0
48;2021-07-09;166;565;0;38701;30255;0;50.7;39.7;0.0
48;2021-07-10;90;212;0;38791;30467;0;50.8;39.9;0.0
48;2021-07-11;2;19;0;38793;30486;0;50.9;40.0;0.0
48;2021-07-12;152;710;0;38945;31196;0;51.1;40.9;0.0
48;2021-07-13;214;464;0;39159;31660;0;51.3;41.5;0.0
48;2021-07-14;152;126;0;39311;31786;0;51.5;41.7;0.0
48;2021-07-15;232;463;0;39543;32249;0;51.8;42.3;0.0
48;2021-07-16;323;372;0;39866;32621;0;52.3;42.8;0.0
48;2021-07-17;180;165;0;40046;32786;0;52.5;43.0;0.0
48;2021-07-18;10;16;0;40056;32802;0;52.5;43.0;0.0
48;2021-07-19;186;324;0;40242;33126;0;52.8;43.4;0.0
48;2021-07-20;696;1004;0;40938;34130;0;53.7;44.7;0.0
48;2021-07-21;155;341;0;41093;34471;0;53.9;45.2;0.0
48;2021-07-22;749;1008;0;41842;35479;0;54.8;46.5;0.0
48;2021-07-23;432;456;0;42274;35935;0;55.4;47.1;0.0
48;2021-07-24;490;200;0;42764;36135;0;56.1;47.4;0.0
48;2021-07-25;145;51;0;42909;36186;0;56.2;47.4;0.0
48;2021-07-26;238;267;0;43147;36453;0;56.6;47.8;0.0
48;2021-07-27;1094;613;0;44241;37066;0;58.0;48.6;0.0
48;2021-07-28;253;314;0;44494;37380;0;58.3;49.0;0.0
48;2021-07-29;691;594;0;45185;37974;0;59.2;49.8;0.0
48;2021-07-30;290;303;0;45475;38277;0;59.6;50.2;0.0
48;2021-07-31;325;167;0;45800;38444;0;60.0;50.4;0.0
48;2021-08-01;34;37;0;45834;38481;0;60.1;50.4;0.0
48;2021-08-02;262;189;0;46096;38670;0;60.4;50.7;0.0
48;2021-08-03;783;483;0;46879;39153;0;61.5;51.3;0.0
48;2021-08-04;312;185;0;47191;39338;0;61.9;51.6;0.0
48;2021-08-05;528;404;0;47719;39742;0;62.6;52.1;0.0
48;2021-08-06;436;315;0;48155;40057;0;63.1;52.5;0.0
48;2021-08-07;243;132;0;48398;40189;0;63.4;52.7;0.0
48;2021-08-08;11;20;0;48409;40209;0;63.5;52.7;0.0
48;2021-08-09;185;191;0;48594;40400;0;63.7;53.0;0.0
48;2021-08-10;590;477;0;49184;40877;0;64.5;53.6;0.0
48;2021-08-11;276;234;0;49460;41111;0;64.8;53.9;0.0
48;2021-08-12;343;389;0;49803;41500;0;65.3;54.4;0.0
48;2021-08-13;238;267;0;50041;41767;0;65.6;54.8;0.0
48;2021-08-14;130;188;0;50171;41955;0;65.8;55.0;0.0
48;2021-08-15;89;49;0;50260;42004;0;65.9;55.1;0.0
48;2021-08-16;125;271;0;50385;42275;0;66.0;55.4;0.0
48;2021-08-17;310;1072;0;50695;43347;0;66.5;56.8;0.0
48;2021-08-18;177;246;0;50872;43593;0;66.7;57.1;0.0
48;2021-08-19;222;342;0;51094;43935;0;67.0;57.6;0.0
48;2021-08-20;211;300;0;51305;44235;0;67.3;58.0;0.0
48;2021-08-21;75;255;0;51380;44490;0;67.4;58.3;0.0
48;2021-08-22;5;17;0;51385;44507;0;67.4;58.3;0.0
48;2021-08-23;76;241;0;51461;44748;0;67.5;58.7;0.0
48;2021-08-24;281;861;0;51742;45609;0;67.8;59.8;0.0
48;2021-08-25;160;369;0;51902;45978;0;68.0;60.3;0.0
48;2021-08-26;167;439;0;52069;46417;0;68.3;60.8;0.0
48;2021-08-27;148;369;0;52217;46786;0;68.4;61.3;0.0
48;2021-08-28;121;306;0;52338;47092;0;68.6;61.7;0.0
48;2021-08-29;0;6;0;52338;47098;0;68.6;61.7;0.0
48;2021-08-30;71;189;5;52409;47287;5;68.7;62.0;0.0
48;2021-08-31;246;957;15;52655;48244;20;69.0;63.2;0.0
48;2021-09-01;129;345;15;52784;48589;35;69.2;63.7;0.0
48;2021-09-02;133;353;15;52917;48942;50;69.4;64.2;0.1
48;2021-09-03;125;329;30;53042;49271;80;69.5;64.6;0.1
48;2021-09-04;113;204;33;53155;49475;113;69.7;64.9;0.1
48;2021-09-05;7;68;0;53162;49543;113;69.7;64.9;0.1
48;2021-09-06;38;147;19;53200;49690;132;69.7;65.1;0.2
48;2021-09-07;136;319;39;53336;50009;171;69.9;65.6;0.2
48;2021-09-08;94;184;29;53430;50193;200;70.0;65.8;0.3
48;2021-09-09;90;216;64;53520;50409;264;70.2;66.1;0.3
48;2021-09-10;128;252;126;53648;50661;390;70.3;66.4;0.5
48;2021-09-11;89;188;26;53737;50849;416;70.4;66.7;0.5
48;2021-09-12;3;2;1;53740;50851;417;70.4;66.7;0.5
48;2021-09-13;77;79;80;53817;50930;497;70.5;66.8;0.7
48;2021-09-14;157;240;98;53974;51170;595;70.8;67.1;0.8
48;2021-09-15;68;178;60;54042;51348;655;70.8;67.3;0.9
48;2021-09-16;104;193;72;54146;51541;727;71.0;67.6;1.0
48;2021-09-17;103;182;79;54249;51723;806;71.1;67.8;1.1
48;2021-09-18;32;93;13;54281;51816;819;71.2;67.9;1.1
48;2021-09-19;0;2;4;54281;51818;823;71.2;67.9;1.1
48;2021-09-20;36;87;126;54317;51905;949;71.2;68.0;1.2
48;2021-09-21;56;170;135;54373;52075;1084;71.3;68.3;1.4
48;2021-09-22;51;154;57;54424;52229;1141;71.3;68.5;1.5
48;2021-09-23;32;95;58;54456;52324;1199;71.4;68.6;1.6
48;2021-09-24;45;116;80;54501;52440;1279;71.4;68.7;1.7
48;2021-09-25;23;82;15;54524;52522;1294;71.5;68.8;1.7
48;2021-09-26;1;6;0;54525;52528;1294;71.5;68.9;1.7
48;2021-09-27;15;44;59;54540;52572;1353;71.5;68.9;1.8
48;2021-09-28;61;137;156;54601;52709;1509;71.6;69.1;2.0
48;2021-09-29;48;124;69;54649;52833;1578;71.6;69.3;2.1
48;2021-09-30;29;81;127;54678;52914;1705;71.7;69.4;2.2
48;2021-10-01;53;128;78;54731;53042;1783;71.7;69.5;2.3
48;2021-10-02;34;50;27;54765;53092;1810;71.8;69.6;2.4
48;2021-10-03;0;1;0;54765;53093;1810;71.8;69.6;2.4
48;2021-10-04;15;63;36;54780;53156;1846;71.8;69.7;2.4
48;2021-10-05;42;119;59;54822;53275;1905;71.9;69.8;2.5
48;2021-10-06;57;82;196;54879;53357;2101;71.9;69.9;2.8
48;2021-10-07;29;99;162;54908;53456;2263;72.0;70.1;3.0
48;2021-10-08;42;128;114;54950;53584;2377;72.0;70.2;3.1
48;2021-10-09;16;64;42;54966;53648;2419;72.1;70.3;3.2
48;2021-10-10;0;1;0;54966;53649;2419;72.1;70.3;3.2
48;2021-10-11;7;28;55;54973;53677;2474;72.1;70.4;3.2
48;2021-10-12;24;70;127;54997;53747;2601;72.1;70.5;3.4
48;2021-10-13;37;86;146;55034;53833;2747;72.1;70.6;3.6
48;2021-10-14;39;60;75;55073;53893;2822;72.2;70.6;3.7
48;2021-10-15;28;50;148;55101;53943;2970;72.2;70.7;3.9
48;2021-10-16;10;19;27;55111;53962;2997;72.2;70.7;3.9
48;2021-10-17;3;3;3;55114;53965;3000;72.2;70.7;3.9
48;2021-10-18;9;20;83;55123;53985;3083;72.3;70.8;4.0
48;2021-10-19;33;49;121;55156;54034;3204;72.3;70.8;4.2
48;2021-10-20;43;43;169;55199;54077;3373;72.4;70.9;4.4
48;2021-10-21;17;38;178;55216;54115;3551;72.4;70.9;4.7
48;2021-10-22;30;63;130;55246;54178;3681;72.4;71.0;4.8
48;2021-10-23;26;30;42;55272;54208;3723;72.5;71.1;4.9
48;2021-10-24;0;0;0;55272;54208;3723;72.5;71.1;4.9
48;2021-10-25;16;16;79;55288;54224;3802;72.5;71.1;5.0
48;2021-10-26;35;38;145;55323;54262;3947;72.5;71.1;5.2
48;2021-10-27;36;66;199;55359;54328;4146;72.6;71.2;5.4
48;2021-10-28;31;29;294;55390;54357;4440;72.6;71.3;5.8
48;2021-10-29;21;28;149;55411;54385;4589;72.6;71.3;6.0
48;2021-10-30;7;18;30;55418;54403;4619;72.6;71.3;6.1
48;2021-10-31;0;2;0;55418;54405;4619;72.6;71.3;6.1
48;2021-11-01;3;1;2;55421;54406;4621;72.6;71.3;6.1
48;2021-11-02;27;32;124;55448;54438;4745;72.7;71.4;6.2
48;2021-11-03;20;38;142;55468;54476;4887;72.7;71.4;6.4
48;2021-11-04;28;36;165;55496;54512;5052;72.7;71.5;6.6
48;2021-11-05;15;25;119;55511;54537;5171;72.8;71.5;6.8
48;2021-11-06;16;19;66;55527;54556;5237;72.8;71.5;6.9
48;2021-11-07;2;1;0;55529;54557;5237;72.8;71.5;6.9
48;2021-11-08;8;17;53;55537;54574;5290;72.8;71.5;6.9
48;2021-11-09;37;55;277;55574;54629;5567;72.8;71.6;7.3
48;2021-11-10;25;52;305;55599;54681;5872;72.9;71.7;7.7
48;2021-11-11;1;4;41;55600;54685;5913;72.9;71.7;7.8
48;2021-11-12;17;41;220;55617;54726;6133;72.9;71.7;8.0
48;2021-11-13;14;20;74;55631;54746;6207;72.9;71.8;8.1
48;2021-11-14;0;0;3;55631;54746;6210;72.9;71.8;8.1
48;2021-11-15;7;10;157;55638;54756;6367;72.9;71.8;8.3
48;2021-11-16;29;38;367;55667;54794;6734;73.0;71.8;8.8
48;2021-11-17;24;30;348;55691;54824;7082;73.0;71.9;9.3
48;2021-11-18;20;29;440;55711;54853;7522;73.0;71.9;9.9
48;2021-11-19;25;28;321;55736;54881;7843;73.1;71.9;10.3
48;2021-11-20;33;16;118;55769;54897;7961;73.1;72.0;10.4
48;2021-11-21;0;1;1;55769;54898;7962;73.1;72.0;10.4
48;2021-11-22;7;11;235;55776;54909;8197;73.1;72.0;10.7
48;2021-11-23;34;21;321;55810;54930;8518;73.2;72.0;11.2
48;2021-11-24;36;32;322;55846;54962;8840;73.2;72.0;11.6
48;2021-11-25;27;27;441;55873;54989;9281;73.2;72.1;12.2
48;2021-11-26;35;27;499;55908;55016;9780;73.3;72.1;12.8
48;2021-11-27;29;24;295;55937;55040;10075;73.3;72.1;13.2
48;2021-11-28;1;1;6;55938;55041;10081;73.3;72.2;13.2
48;2021-11-29;15;8;476;55953;55049;10557;73.3;72.2;13.8
48;2021-11-30;20;38;513;55973;55087;11070;73.4;72.2;14.5
48;2021-12-01;22;28;410;55995;55115;11480;73.4;72.2;15.0
48;2021-12-02;12;21;442;56007;55136;11922;73.4;72.3;15.6
48;2021-12-03;35;24;664;56042;55160;12586;73.5;72.3;16.5
48;2021-12-04;21;25;358;56063;55185;12944;73.5;72.3;17.0
48;2021-12-05;2;1;10;56065;55186;12954;73.5;72.3;17.0
48;2021-12-06;13;17;591;56078;55203;13545;73.5;72.4;17.8
48;2021-12-07;22;17;873;56100;55220;14418;73.5;72.4;18.9
48;2021-12-08;29;29;633;56129;55249;15051;73.6;72.4;19.7
48;2021-12-09;18;20;673;56147;55269;15724;73.6;72.4;20.6
48;2021-12-10;28;50;1006;56175;55319;16730;73.6;72.5;21.9
48;2021-12-11;30;39;636;56205;55358;17366;73.7;72.6;22.8
48;2021-12-12;1;0;20;56206;55358;17386;73.7;72.6;22.8
48;2021-12-13;21;19;725;56227;55377;18111;73.7;72.6;23.7
48;2021-12-14;35;33;975;56262;55410;19086;73.8;72.6;25.0
48;2021-12-15;39;31;694;56301;55441;19780;73.8;72.7;25.9
48;2021-12-16;26;25;705;56327;55466;20485;73.8;72.7;26.9
48;2021-12-17;30;50;1078;56357;55516;21563;73.9;72.8;28.3
48;2021-12-18;18;24;386;56375;55540;21949;73.9;72.8;28.8
48;2021-12-19;2;1;30;56377;55541;21979;73.9;72.8;28.8
48;2021-12-20;29;44;846;56406;55585;22825;73.9;72.9;29.9
48;2021-12-21;27;28;781;56433;55613;23606;74.0;72.9;30.9
48;2021-12-22;21;26;586;56454;55639;24192;74.0;72.9;31.7
49;2020-12-27;1;0;0;1;0;0;0.0;0.0;0.0
49;2020-12-28;1;0;0;2;0;0;0.0;0.0;0.0
49;2020-12-29;0;0;0;2;0;0;0.0;0.0;0.0
49;2020-12-30;0;0;0;2;0;0;0.0;0.0;0.0
49;2020-12-31;0;0;0;2;0;0;0.0;0.0;0.0
49;2021-01-01;2;0;0;4;0;0;0.0;0.0;0.0
49;2021-01-02;1;1;0;5;1;0;0.0;0.0;0.0
49;2021-01-03;0;0;0;5;1;0;0.0;0.0;0.0
49;2021-01-04;9;0;0;14;1;0;0.0;0.0;0.0
49;2021-01-05;66;0;0;80;1;0;0.0;0.0;0.0
49;2021-01-06;200;0;0;280;1;0;0.0;0.0;0.0
49;2021-01-07;350;1;0;630;2;0;0.1;0.0;0.0
49;2021-01-08;316;1;0;946;3;0;0.1;0.0;0.0
49;2021-01-09;123;0;0;1069;3;0;0.1;0.0;0.0
49;2021-01-10;113;0;0;1182;3;0;0.1;0.0;0.0
49;2021-01-11;297;0;0;1479;3;0;0.2;0.0;0.0
49;2021-01-12;596;2;0;2075;5;0;0.3;0.0;0.0
49;2021-01-13;603;2;0;2678;7;0;0.3;0.0;0.0
49;2021-01-14;611;9;0;3289;16;0;0.4;0.0;0.0
49;2021-01-15;740;1;0;4029;17;0;0.5;0.0;0.0
49;2021-01-16;145;0;0;4174;17;0;0.5;0.0;0.0
49;2021-01-17;112;2;0;4286;19;0;0.5;0.0;0.0
49;2021-01-18;683;0;0;4969;19;0;0.6;0.0;0.0
49;2021-01-19;1237;7;0;6206;26;0;0.8;0.0;0.0
49;2021-01-20;1506;6;0;7712;32;0;0.9;0.0;0.0
49;2021-01-21;1951;13;0;9663;45;0;1.2;0.0;0.0
49;2021-01-22;1308;6;0;10971;51;0;1.3;0.0;0.0
49;2021-01-23;268;2;0;11239;53;0;1.4;0.0;0.0
49;2021-01-24;0;0;0;11239;53;0;1.4;0.0;0.0
49;2021-01-25;577;5;0;11816;58;0;1.4;0.0;0.0
49;2021-01-26;1018;55;0;12834;113;0;1.6;0.0;0.0
49;2021-01-27;1834;46;0;14668;159;0;1.8;0.0;0.0
49;2021-01-28;2813;81;0;17481;240;0;2.1;0.0;0.0
49;2021-01-29;1638;97;0;19119;337;0;2.3;0.0;0.0
49;2021-01-30;294;47;0;19413;384;0;2.4;0.0;0.0
49;2021-01-31;52;52;0;19465;436;0;2.4;0.1;0.0
49;2021-02-01;662;168;0;20127;604;0;2.5;0.1;0.0
49;2021-02-02;747;348;0;20874;952;0;2.6;0.1;0.0
49;2021-02-03;714;367;0;21588;1319;0;2.6;0.2;0.0
49;2021-02-04;781;444;0;22369;1763;0;2.7;0.2;0.0
49;2021-02-05;744;571;0;23113;2334;0;2.8;0.3;0.0
49;2021-02-06;234;108;0;23347;2442;0;2.9;0.3;0.0
49;2021-02-07;66;83;0;23413;2525;0;2.9;0.3;0.0
49;2021-02-08;542;474;0;23955;2999;0;2.9;0.4;0.0
49;2021-02-09;765;662;0;24720;3661;0;3.0;0.4;0.0
49;2021-02-10;847;945;0;25567;4606;0;3.1;0.6;0.0
49;2021-02-11;1066;1415;0;26633;6021;0;3.3;0.7;0.0
49;2021-02-12;877;988;0;27510;7009;0;3.4;0.9;0.0
49;2021-02-13;261;129;0;27771;7138;0;3.4;0.9;0.0
49;2021-02-14;9;90;0;27780;7228;0;3.4;0.9;0.0
49;2021-02-15;704;688;0;28484;7916;0;3.5;1.0;0.0
49;2021-02-16;1125;1076;0;29609;8992;0;3.6;1.1;0.0
49;2021-02-17;1126;1857;0;30735;10849;0;3.8;1.3;0.0
49;2021-02-18;1792;2340;0;32527;13189;0;4.0;1.6;0.0
49;2021-02-19;1344;1162;0;33871;14351;0;4.2;1.8;0.0
49;2021-02-20;218;370;0;34089;14721;0;4.2;1.8;0.0
49;2021-02-21;1;59;0;34090;14780;0;4.2;1.8;0.0
49;2021-02-22;624;613;0;34714;15393;0;4.3;1.9;0.0
49;2021-02-23;711;852;0;35425;16245;0;4.3;2.0;0.0
49;2021-02-24;818;687;0;36243;16932;0;4.4;2.1;0.0
49;2021-02-25;1194;852;0;37437;17784;0;4.6;2.2;0.0
49;2021-02-26;1606;839;0;39043;18623;0;4.8;2.3;0.0
49;2021-02-27;421;289;0;39464;18912;0;4.8;2.3;0.0
49;2021-02-28;46;33;0;39510;18945;0;4.8;2.3;0.0
49;2021-03-01;750;621;0;40260;19566;0;4.9;2.4;0.0
49;2021-03-02;1055;727;0;41315;20293;0;5.1;2.5;0.0
49;2021-03-03;1512;726;0;42827;21019;0;5.2;2.6;0.0
49;2021-03-04;1755;969;0;44582;21988;0;5.5;2.7;0.0
49;2021-03-05;2226;742;0;46808;22730;0;5.7;2.8;0.0
49;2021-03-06;731;199;0;47539;22929;0;5.8;2.8;0.0
49;2021-03-07;639;15;0;48178;22944;0;5.9;2.8;0.0
49;2021-03-08;1406;717;0;49584;23661;0;6.1;2.9;0.0
49;2021-03-09;2019;755;0;51603;24416;0;6.3;3.0;0.0
49;2021-03-10;2454;923;0;54057;25339;0;6.6;3.1;0.0
49;2021-03-11;3129;1553;0;57186;26892;0;7.0;3.3;0.0
49;2021-03-12;3688;1012;0;60874;27904;0;7.5;3.4;0.0
49;2021-03-13;1511;215;0;62385;28119;0;7.6;3.4;0.0
49;2021-03-14;13;2;0;62398;28121;0;7.6;3.4;0.0
49;2021-03-15;2079;535;0;64477;28656;0;7.9;3.5;0.0
49;2021-03-16;1700;960;0;66177;29616;0;8.1;3.6;0.0
49;2021-03-17;1757;681;0;67934;30297;0;8.3;3.7;0.0
49;2021-03-18;2183;716;0;70117;31013;0;8.6;3.8;0.0
49;2021-03-19;3304;564;0;73421;31577;0;9.0;3.9;0.0
49;2021-03-20;1710;212;0;75131;31789;0;9.2;3.9;0.0
49;2021-03-21;488;22;0;75619;31811;0;9.3;3.9;0.0
49;2021-03-22;2213;555;0;77832;32366;0;9.5;4.0;0.0
49;2021-03-23;3371;663;0;81203;33029;0;10.0;4.0;0.0
49;2021-03-24;3493;481;0;84696;33510;0;10.4;4.1;0.0
49;2021-03-25;4202;647;0;88898;34157;0;10.9;4.2;0.0
49;2021-03-26;4791;507;0;93689;34664;0;11.5;4.2;0.0
49;2021-03-27;1695;109;0;95384;34773;0;11.7;4.3;0.0
49;2021-03-28;380;26;0;95764;34799;0;11.7;4.3;0.0
49;2021-03-29;2475;606;0;98239;35405;0;12.0;4.3;0.0
49;2021-03-30;3339;933;0;101578;36338;0;12.5;4.5;0.0
49;2021-03-31;3008;756;0;104586;37094;0;12.8;4.5;0.0
49;2021-04-01;4115;882;0;108701;37976;0;13.3;4.7;0.0
49;2021-04-02;4275;961;0;112976;38937;0;13.8;4.8;0.0
49;2021-04-03;986;206;0;113962;39143;0;14.0;4.8;0.0
49;2021-04-04;328;6;0;114290;39149;0;14.0;4.8;0.0
49;2021-04-05;899;28;0;115189;39177;0;14.1;4.8;0.0
49;2021-04-06;2443;1329;0;117632;40506;0;14.4;5.0;0.0
49;2021-04-07;3355;1384;0;120987;41890;0;14.8;5.1;0.0
49;2021-04-08;5130;1405;0;126117;43295;0;15.5;5.3;0.0
49;2021-04-09;6183;1424;0;132300;44719;0;16.2;5.5;0.0
49;2021-04-10;2020;502;0;134320;45221;0;16.5;5.5;0.0
49;2021-04-11;390;12;0;134710;45233;0;16.5;5.5;0.0
49;2021-04-12;3983;1545;0;138693;46778;0;17.0;5.7;0.0
49;2021-04-13;5212;1886;0;143905;48664;0;17.6;6.0;0.0
49;2021-04-14;4338;1856;0;148243;50520;0;18.2;6.2;0.0
49;2021-04-15;5114;1883;0;153357;52403;0;18.8;6.4;0.0
49;2021-04-16;5383;2149;0;158740;54552;0;19.5;6.7;0.0
49;2021-04-17;2976;816;0;161716;55368;0;19.8;6.8;0.0
49;2021-04-18;386;468;0;162102;55836;0;19.9;6.8;0.0
49;2021-04-19;3418;2025;0;165520;57861;0;20.3;7.1;0.0
49;2021-04-20;4059;2077;0;169579;59938;0;20.8;7.3;0.0
49;2021-04-21;3564;2127;0;173143;62065;0;21.2;7.6;0.0
49;2021-04-22;4494;2103;0;177637;64168;0;21.8;7.9;0.0
49;2021-04-23;4383;2283;0;182020;66451;0;22.3;8.1;0.0
49;2021-04-24;2612;1190;0;184632;67641;0;22.6;8.3;0.0
49;2021-04-25;59;294;0;184691;67935;0;22.6;8.3;0.0
49;2021-04-26;3399;2179;0;188090;70114;0;23.1;8.6;0.0
49;2021-04-27;4000;2545;0;192090;72659;0;23.5;8.9;0.0
49;2021-04-28;4132;2454;0;196222;75113;0;24.1;9.2;0.0
49;2021-04-29;4713;3040;0;200935;78153;0;24.6;9.6;0.0
49;2021-04-30;4993;3118;0;205928;81271;0;25.2;10.0;0.0
49;2021-05-01;2182;670;0;208110;81941;0;25.5;10.0;0.0
49;2021-05-02;45;51;0;208155;81992;0;25.5;10.0;0.0
49;2021-05-03;4561;2348;0;212716;84340;0;26.1;10.3;0.0
49;2021-05-04;4615;3137;0;217331;87477;0;26.6;10.7;0.0
49;2021-05-05;4430;3028;0;221761;90505;0;27.2;11.1;0.0
49;2021-05-06;4905;3098;0;226666;93603;0;27.8;11.5;0.0
49;2021-05-07;4008;4954;0;230674;98557;0;28.3;12.1;0.0
49;2021-05-08;3373;477;0;234047;99034;0;28.7;12.1;0.0
49;2021-05-09;58;67;0;234105;99101;0;28.7;12.1;0.0
49;2021-05-10;4426;4033;0;238531;103134;0;29.2;12.6;0.0
49;2021-05-11;4990;4776;0;243521;107910;0;29.8;13.2;0.0
49;2021-05-12;4391;4308;0;247912;112218;0;30.4;13.8;0.0
49;2021-05-13;4439;650;0;252351;112868;0;30.9;13.8;0.0
49;2021-05-14;4604;3063;0;256955;115931;0;31.5;14.2;0.0
49;2021-05-15;3735;1650;0;260690;117581;0;32.0;14.4;0.0
49;2021-05-16;2401;92;0;263091;117673;0;32.2;14.4;0.0
49;2021-05-17;4399;3333;0;267490;121006;0;32.8;14.8;0.0
49;2021-05-18;4851;3529;0;272341;124535;0;33.4;15.3;0.0
49;2021-05-19;5175;2976;0;277516;127511;0;34.0;15.6;0.0
49;2021-05-20;5986;2756;0;283502;130267;0;34.7;16.0;0.0
49;2021-05-21;5799;3395;0;289301;133662;0;35.5;16.4;0.0
49;2021-05-22;4454;1125;0;293755;134787;0;36.0;16.5;0.0
49;2021-05-23;73;16;0;293828;134803;0;36.0;16.5;0.0
49;2021-05-24;3788;401;0;297616;135204;0;36.5;16.6;0.0
49;2021-05-25;5578;3168;0;303194;138372;0;37.2;17.0;0.0
49;2021-05-26;5482;2515;0;308676;140887;0;37.8;17.3;0.0
49;2021-05-27;6193;2633;0;314869;143520;0;38.6;17.6;0.0
49;2021-05-28;6157;3792;0;321026;147312;0;39.3;18.1;0.0
49;2021-05-29;4286;1743;0;325312;149055;0;39.9;18.3;0.0
49;2021-05-30;119;32;0;325431;149087;0;39.9;18.3;0.0
49;2021-05-31;5363;2901;0;330794;151988;0;40.5;18.6;0.0
49;2021-06-01;5983;3730;0;336777;155718;0;41.3;19.1;0.0
49;2021-06-02;5256;3448;0;342033;159166;0;41.9;19.5;0.0
49;2021-06-03;5953;3312;0;347986;162478;0;42.7;19.9;0.0
49;2021-06-04;6009;4583;0;353995;167061;0;43.4;20.5;0.0
49;2021-06-05;4061;2480;0;358056;169541;0;43.9;20.8;0.0
49;2021-06-06;194;73;0;358250;169614;0;43.9;20.8;0.0
49;2021-06-07;4289;4300;0;362539;173914;0;44.4;21.3;0.0
49;2021-06-08;5000;4649;0;367539;178563;0;45.0;21.9;0.0
49;2021-06-09;4996;4105;0;372535;182668;0;45.7;22.4;0.0
49;2021-06-10;5671;3670;0;378206;186338;0;46.4;22.8;0.0
49;2021-06-11;4677;5642;0;382883;191980;0;46.9;23.5;0.0
49;2021-06-12;3712;2925;0;386595;194905;0;47.4;23.9;0.0
49;2021-06-13;132;787;0;386727;195692;0;47.4;24.0;0.0
49;2021-06-14;3368;5526;0;390095;201218;0;47.8;24.7;0.0
49;2021-06-15;4170;5964;0;394265;207182;0;48.3;25.4;0.0
49;2021-06-16;4088;5428;0;398353;212610;0;48.8;26.1;0.0
49;2021-06-17;4868;4966;0;403221;217576;0;49.4;26.7;0.0
49;2021-06-18;4019;6472;0;407240;224048;0;49.9;27.5;0.0
49;2021-06-19;3329;3673;0;410569;227721;0;50.3;27.9;0.0
49;2021-06-20;77;72;0;410646;227793;0;50.3;27.9;0.0
49;2021-06-21;2768;6024;0;413414;233817;0;50.7;28.7;0.0
49;2021-06-22;3134;6572;0;416548;240389;0;51.1;29.5;0.0
49;2021-06-23;3072;5906;0;419620;246295;0;51.4;30.2;0.0
49;2021-06-24;4134;4725;0;423754;251020;0;51.9;30.8;0.0
49;2021-06-25;3237;6903;0;426991;257923;0;52.3;31.6;0.0
49;2021-06-26;2432;4189;0;429423;262112;0;52.6;32.1;0.0
49;2021-06-27;39;1479;0;429462;263591;0;52.6;32.3;0.0
49;2021-06-28;2131;6629;0;431593;270220;0;52.9;33.1;0.0
49;2021-06-29;2849;6775;0;434442;276995;0;53.2;34.0;0.0
49;2021-06-30;2735;6329;0;437177;283324;0;53.6;34.7;0.0
49;2021-07-01;3088;6088;0;440265;289412;0;54.0;35.5;0.0
49;2021-07-02;2889;7575;0;443154;296987;0;54.3;36.4;0.0
49;2021-07-03;1969;4997;0;445123;301984;0;54.6;37.0;0.0
49;2021-07-04;49;157;0;445172;302141;0;54.6;37.0;0.0
49;2021-07-05;1695;6544;0;446867;308685;0;54.8;37.8;0.0
49;2021-07-06;2074;7168;1;448941;315853;1;55.0;38.7;0.0
49;2021-07-07;2206;6172;0;451147;322025;1;55.3;39.5;0.0
49;2021-07-08;2692;6105;0;453839;328130;1;55.6;40.2;0.0
49;2021-07-09;2500;7848;0;456339;335978;1;55.9;41.2;0.0
49;2021-07-10;1943;4918;0;458282;340896;1;56.2;41.8;0.0
49;2021-07-11;62;125;0;458344;341021;1;56.2;41.8;0.0
49;2021-07-12;2054;7225;0;460398;348246;1;56.4;42.7;0.0
49;2021-07-13;2743;7968;1;463141;356214;2;56.8;43.7;0.0
49;2021-07-14;2827;3298;0;465968;359512;2;57.1;44.1;0.0
49;2021-07-15;3377;7247;0;469345;366759;2;57.5;45.0;0.0
49;2021-07-16;3611;7988;0;472956;374747;2;58.0;45.9;0.0
49;2021-07-17;2162;5118;0;475118;379865;2;58.2;46.6;0.0
49;2021-07-18;3174;576;0;478292;380441;2;58.6;46.6;0.0
49;2021-07-19;2634;7120;0;480926;387561;2;58.9;47.5;0.0
49;2021-07-20;3455;7380;0;484381;394941;2;59.4;48.4;0.0
49;2021-07-21;3863;6336;0;488244;401277;2;59.8;49.2;0.0
49;2021-07-22;4424;5925;0;492668;407202;2;60.4;49.9;0.0
49;2021-07-23;4757;6632;0;497425;413834;2;61.0;50.7;0.0
49;2021-07-24;3045;4737;0;500470;418571;2;61.3;51.3;0.0
49;2021-07-25;123;160;0;500593;418731;2;61.4;51.3;0.0
49;2021-07-26;3988;5769;0;504581;424500;2;61.8;52.0;0.0
49;2021-07-27;5607;5398;0;510188;429898;2;62.5;52.7;0.0
49;2021-07-28;5721;4402;0;515909;434300;2;63.2;53.2;0.0
49;2021-07-29;6048;4256;0;521957;438556;2;64.0;53.8;0.0
49;2021-07-30;5801;4824;0;527758;443380;2;64.7;54.3;0.0
49;2021-07-31;3663;3370;0;531421;446750;2;65.1;54.8;0.0
49;2021-08-01;157;77;0;531578;446827;2;65.2;54.8;0.0
49;2021-08-02;4306;4617;0;535884;451444;2;65.7;55.3;0.0
49;2021-08-03;5520;3873;0;541404;455317;2;66.4;55.8;0.0
49;2021-08-04;5241;3723;0;546645;459040;2;67.0;56.3;0.0
49;2021-08-05;5340;3506;0;551985;462546;2;67.7;56.7;0.0
49;2021-08-06;5545;4422;0;557530;466968;2;68.3;57.2;0.0
49;2021-08-07;3592;3023;0;561122;469991;2;68.8;57.6;0.0
49;2021-08-08;90;113;0;561212;470104;2;68.8;57.6;0.0
49;2021-08-09;3530;4718;0;564742;474822;2;69.2;58.2;0.0
49;2021-08-10;4224;3943;0;568966;478765;2;69.7;58.7;0.0
49;2021-08-11;3952;3693;0;572918;482458;2;70.2;59.1;0.0
49;2021-08-12;3072;3267;0;575990;485725;2;70.6;59.5;0.0
49;2021-08-13;3917;4133;0;579907;489858;2;71.1;60.0;0.0
49;2021-08-14;2144;2945;0;582051;492803;2;71.3;60.4;0.0
49;2021-08-15;65;74;0;582116;492877;2;71.3;60.4;0.0
49;2021-08-16;2859;4966;0;584975;497843;2;71.7;61.0;0.0
49;2021-08-17;3181;4823;0;588156;502666;2;72.1;61.6;0.0
49;2021-08-18;2862;4291;0;591018;506957;2;72.4;62.1;0.0
49;2021-08-19;1924;3905;0;592942;510862;2;72.7;62.6;0.0
49;2021-08-20;2739;5498;0;595681;516360;2;73.0;63.3;0.0
49;2021-08-21;1362;3840;0;597043;520200;2;73.2;63.8;0.0
49;2021-08-22;37;168;0;597080;520368;2;73.2;63.8;0.0
49;2021-08-23;2224;5295;0;599304;525663;2;73.5;64.4;0.0
49;2021-08-24;2654;5474;0;601958;531137;2;73.8;65.1;0.0
49;2021-08-25;2291;5226;0;604249;536363;2;74.1;65.7;0.0
49;2021-08-26;1783;4689;1;606032;541052;3;74.3;66.3;0.0
49;2021-08-27;2225;6353;0;608257;547405;3;74.6;67.1;0.0
49;2021-08-28;904;3704;0;609161;551109;3;74.7;67.5;0.0
49;2021-08-29;34;162;0;609195;551271;3;74.7;67.6;0.0
49;2021-08-30;1275;4013;47;610470;555284;50;74.8;68.1;0.0
49;2021-08-31;2136;5532;100;612606;560816;150;75.1;68.7;0.0
49;2021-09-01;1637;3941;234;614243;564757;384;75.3;69.2;0.0
49;2021-09-02;1082;2967;208;615325;567724;592;75.4;69.6;0.1
49;2021-09-03;1412;4022;281;616737;571746;873;75.6;70.1;0.1
49;2021-09-04;1179;3229;127;617916;574975;1000;75.7;70.5;0.1
49;2021-09-05;23;44;5;617939;575019;1005;75.7;70.5;0.1
49;2021-09-06;1030;2638;377;618969;577657;1382;75.9;70.8;0.2
49;2021-09-07;1109;2536;387;620078;580193;1769;76.0;71.1;0.2
49;2021-09-08;947;2866;277;621025;583059;2046;76.1;71.5;0.3
49;2021-09-09;742;1734;185;621767;584793;2231;76.2;71.7;0.3
49;2021-09-10;990;2924;252;622757;587717;2483;76.3;72.0;0.3
49;2021-09-11;734;2469;119;623491;590186;2602;76.4;72.3;0.3
49;2021-09-12;16;47;3;623507;590233;2605;76.4;72.3;0.3
49;2021-09-13;724;2019;556;624231;592252;3161;76.5;72.6;0.4
49;2021-09-14;658;1690;689;624889;593942;3850;76.6;72.8;0.5
49;2021-09-15;615;2147;663;625504;596089;4513;76.7;73.1;0.6
49;2021-09-16;544;1348;609;626048;597437;5122;76.7;73.2;0.6
49;2021-09-17;919;2444;632;626967;599881;5754;76.8;73.5;0.7
49;2021-09-18;523;2009;148;627490;601890;5902;76.9;73.8;0.7
49;2021-09-19;8;22;6;627498;601912;5908;76.9;73.8;0.7
49;2021-09-20;500;1248;687;627998;603160;6595;77.0;73.9;0.8
49;2021-09-21;415;1546;799;628413;604706;7394;77.0;74.1;0.9
49;2021-09-22;348;2059;640;628761;606765;8034;77.1;74.4;1.0
49;2021-09-23;299;1094;852;629060;607859;8886;77.1;74.5;1.1
49;2021-09-24;558;2204;930;629618;610063;9816;77.2;74.8;1.2
49;2021-09-25;202;1099;101;629820;611162;9917;77.2;74.9;1.2
49;2021-09-26;4;24;0;629824;611186;9917;77.2;74.9;1.2
49;2021-09-27;355;1314;893;630179;612500;10810;77.2;75.1;1.3
49;2021-09-28;395;1010;740;630574;613510;11550;77.3;75.2;1.4
49;2021-09-29;369;1204;636;630943;614714;12186;77.3;75.3;1.5
49;2021-09-30;332;680;859;631275;615394;13045;77.4;75.4;1.6
49;2021-10-01;527;1500;739;631802;616894;13784;77.4;75.6;1.7
49;2021-10-02;334;1101;163;632136;617995;13947;77.5;75.7;1.7
49;2021-10-03;12;24;4;632148;618019;13951;77.5;75.7;1.7
49;2021-10-04;298;750;688;632446;618769;14639;77.5;75.8;1.8
49;2021-10-05;205;570;753;632651;619339;15392;77.5;75.9;1.9
49;2021-10-06;369;718;672;633020;620057;16064;77.6;76.0;2.0
49;2021-10-07;224;442;801;633244;620499;16865;77.6;76.1;2.1
49;2021-10-08;551;1265;1167;633795;621764;18032;77.7;76.2;2.2
49;2021-10-09;250;657;306;634045;622421;18338;77.7;76.3;2.2
49;2021-10-10;7;11;5;634052;622432;18343;77.7;76.3;2.2
49;2021-10-11;299;662;944;634351;623094;19287;77.8;76.4;2.4
49;2021-10-12;257;345;1147;634608;623439;20434;77.8;76.4;2.5
49;2021-10-13;319;527;1060;634927;623966;21494;77.8;76.5;2.6
49;2021-10-14;222;372;953;635149;624338;22447;77.8;76.5;2.8
49;2021-10-15;450;799;1339;635599;625137;23786;77.9;76.6;2.9
49;2021-10-16;229;398;347;635828;625535;24133;77.9;76.7;3.0
49;2021-10-17;3;12;12;635831;625547;24145;77.9;76.7;3.0
49;2021-10-18;272;315;715;636103;625862;24860;78.0;76.7;3.0
49;2021-10-19;114;338;874;636217;626200;25734;78.0;76.8;3.2
49;2021-10-20;147;322;793;636364;626522;26527;78.0;76.8;3.3
49;2021-10-21;91;240;805;636455;626762;27332;78.0;76.8;3.3
49;2021-10-22;189;651;1627;636644;627413;28959;78.0;76.9;3.5
49;2021-10-23;86;296;338;636730;627709;29297;78.0;76.9;3.6
49;2021-10-24;1;13;12;636731;627722;29309;78.0;76.9;3.6
49;2021-10-25;143;304;878;636874;628026;30187;78.1;77.0;3.7
49;2021-10-26;113;204;808;636987;628230;30995;78.1;77.0;3.8
49;2021-10-27;121;277;988;637108;628507;31983;78.1;77.0;3.9
49;2021-10-28;99;211;979;637207;628718;32962;78.1;77.1;4.0
49;2021-10-29;197;579;1816;637404;629297;34778;78.1;77.1;4.3
49;2021-10-30;62;200;342;637466;629497;35120;78.1;77.2;4.3
49;2021-10-31;4;11;18;637470;629508;35138;78.1;77.2;4.3
49;2021-11-01;4;2;15;637474;629510;35153;78.1;77.2;4.3
49;2021-11-02;153;295;1562;637627;629805;36715;78.2;77.2;4.5
49;2021-11-03;122;289;1582;637749;630094;38297;78.2;77.2;4.7
49;2021-11-04;79;167;1312;637828;630261;39609;78.2;77.2;4.9
49;2021-11-05;181;440;2143;638009;630701;41752;78.2;77.3;5.1
49;2021-11-06;84;188;545;638093;630889;42297;78.2;77.3;5.2
49;2021-11-07;3;20;17;638096;630909;42314;78.2;77.3;5.2
49;2021-11-08;84;272;1934;638180;631181;44248;78.2;77.4;5.4
49;2021-11-09;89;225;2827;638269;631406;47075;78.2;77.4;5.8
49;2021-11-10;160;303;3034;638429;631709;50109;78.3;77.4;6.1
49;2021-11-11;5;4;56;638434;631713;50165;78.3;77.4;6.1
49;2021-11-12;165;285;2910;638599;631998;53075;78.3;77.5;6.5
49;2021-11-13;99;134;817;638698;632132;53892;78.3;77.5;6.6
49;2021-11-14;0;1;19;638698;632133;53911;78.3;77.5;6.6
49;2021-11-15;80;154;2363;638778;632287;56274;78.3;77.5;6.9
49;2021-11-16;82;163;3329;638860;632450;59603;78.3;77.5;7.3
49;2021-11-17;142;207;2929;639002;632657;62532;78.3;77.5;7.7
49;2021-11-18;73;123;2897;639075;632780;65429;78.3;77.6;8.0
49;2021-11-19;178;221;3936;639253;633001;69365;78.4;77.6;8.5
49;2021-11-20;104;83;1109;639357;633084;70474;78.4;77.6;8.6
49;2021-11-21;2;5;12;639359;633089;70486;78.4;77.6;8.6
49;2021-11-22;62;108;2398;639421;633197;72884;78.4;77.6;8.9
49;2021-11-23;138;119;3958;639559;633316;76842;78.4;77.6;9.4
49;2021-11-24;173;189;3491;639732;633505;80333;78.4;77.6;9.8
49;2021-11-25;104;101;3624;639836;633606;83957;78.4;77.7;10.3
49;2021-11-26;209;242;5701;640045;633848;89658;78.4;77.7;11.0
49;2021-11-27;137;148;2477;640182;633996;92135;78.5;77.7;11.3
49;2021-11-28;8;13;791;640190;634009;92926;78.5;77.7;11.4
49;2021-11-29;98;112;4787;640288;634121;97713;78.5;77.7;12.0
49;2021-11-30;137;121;6149;640425;634242;103862;78.5;77.7;12.7
49;2021-12-01;122;137;5945;640547;634379;109807;78.5;77.8;13.5
49;2021-12-02;82;75;5904;640629;634454;115711;78.5;77.8;14.2
49;2021-12-03;150;174;7866;640779;634628;123577;78.5;77.8;15.1
49;2021-12-04;65;111;2924;640844;634739;126501;78.5;77.8;15.5
49;2021-12-05;6;13;790;640850;634752;127291;78.5;77.8;15.6
49;2021-12-06;61;103;7385;640911;634855;134676;78.6;77.8;16.5
49;2021-12-07;112;120;9234;641023;634975;143910;78.6;77.8;17.6
49;2021-12-08;121;183;8006;641144;635158;151916;78.6;77.8;18.6
49;2021-12-09;111;125;9345;641255;635283;161261;78.6;77.9;19.8
49;2021-12-10;112;185;10170;641367;635468;171431;78.6;77.9;21.0
49;2021-12-11;70;146;4529;641437;635614;175960;78.6;77.9;21.6
49;2021-12-12;15;14;1486;641452;635628;177446;78.6;77.9;21.7
49;2021-12-13;70;114;8433;641522;635742;185879;78.6;77.9;22.8
49;2021-12-14;125;173;10527;641647;635915;196406;78.6;77.9;24.1
49;2021-12-15;110;174;9463;641757;636089;205869;78.7;78.0;25.2
49;2021-12-16;94;128;10506;641851;636217;216375;78.7;78.0;26.5
49;2021-12-17;137;267;11393;641988;636484;227768;78.7;78.0;27.9
49;2021-12-18;78;127;5339;642066;636611;233107;78.7;78.0;28.6
49;2021-12-19;14;11;1700;642080;636622;234807;78.7;78.0;28.8
49;2021-12-20;128;162;8766;642208;636784;243573;78.7;78.0;29.9
49;2021-12-21;173;196;10157;642381;636980;253730;78.7;78.1;31.1
49;2021-12-22;161;183;8118;642542;637163;261848;78.8;78.1;32.1
50;2020-12-27;0;0;0;0;0;0;0.0;0.0;0.0
50;2020-12-28;1;0;0;1;0;0;0.0;0.0;0.0
50;2020-12-29;1;0;0;2;0;0;0.0;0.0;0.0
50;2020-12-30;0;0;0;2;0;0;0.0;0.0;0.0
50;2020-12-31;0;0;0;2;0;0;0.0;0.0;0.0
50;2021-01-01;1;0;0;3;0;0;0.0;0.0;0.0
50;2021-01-02;0;0;0;3;0;0;0.0;0.0;0.0
50;2021-01-03;0;0;0;3;0;0;0.0;0.0;0.0
50;2021-01-04;1;0;0;4;0;0;0.0;0.0;0.0
50;2021-01-05;0;0;0;4;0;0;0.0;0.0;0.0
50;2021-01-06;122;0;0;126;0;0;0.0;0.0;0.0
50;2021-01-07;311;0;0;437;0;0;0.1;0.0;0.0
50;2021-01-08;428;2;0;865;2;0;0.2;0.0;0.0
50;2021-01-09;227;0;0;1092;2;0;0.2;0.0;0.0
50;2021-01-10;22;0;0;1114;2;0;0.2;0.0;0.0
50;2021-01-11;368;0;0;1482;2;0;0.3;0.0;0.0
50;2021-01-12;597;0;0;2079;2;0;0.4;0.0;0.0
50;2021-01-13;682;5;0;2761;7;0;0.6;0.0;0.0
50;2021-01-14;979;8;0;3740;15;0;0.8;0.0;0.0
50;2021-01-15;693;5;0;4433;20;0;0.9;0.0;0.0
50;2021-01-16;219;3;0;4652;23;0;0.9;0.0;0.0
50;2021-01-17;9;0;0;4661;23;0;0.9;0.0;0.0
50;2021-01-18;646;1;0;5307;24;0;1.1;0.0;0.0
50;2021-01-19;911;9;0;6218;33;0;1.3;0.0;0.0
50;2021-01-20;968;2;0;7186;35;0;1.5;0.0;0.0
50;2021-01-21;912;3;0;8098;38;0;1.7;0.0;0.0
50;2021-01-22;769;2;0;8867;40;0;1.8;0.0;0.0
50;2021-01-23;658;4;0;9525;44;0;1.9;0.0;0.0
50;2021-01-24;846;3;0;10371;47;0;2.1;0.0;0.0
50;2021-01-25;2577;18;0;12948;65;0;2.6;0.0;0.0
50;2021-01-26;1289;15;0;14237;80;0;2.9;0.0;0.0
50;2021-01-27;750;52;0;14987;132;0;3.1;0.0;0.0
50;2021-01-28;753;166;0;15740;298;0;3.2;0.1;0.0
50;2021-01-29;602;303;0;16342;601;0;3.3;0.1;0.0
50;2021-01-30;375;161;0;16717;762;0;3.4;0.2;0.0
50;2021-01-31;5;0;0;16722;762;0;3.4;0.2;0.0
50;2021-02-01;459;215;0;17181;977;0;3.5;0.2;0.0
50;2021-02-02;463;253;0;17644;1230;0;3.6;0.3;0.0
50;2021-02-03;427;369;0;18071;1599;0;3.7;0.3;0.0
50;2021-02-04;510;456;0;18581;2055;0;3.8;0.4;0.0
50;2021-02-05;448;463;0;19029;2518;0;3.9;0.5;0.0
50;2021-02-06;194;112;0;19223;2630;0;3.9;0.5;0.0
50;2021-02-07;1;5;0;19224;2635;0;3.9;0.5;0.0
50;2021-02-08;284;491;0;19508;3126;0;4.0;0.6;0.0
50;2021-02-09;283;648;0;19791;3774;0;4.0;0.8;0.0
50;2021-02-10;576;564;0;20367;4338;0;4.2;0.9;0.0
50;2021-02-11;485;865;0;20852;5203;0;4.2;1.1;0.0
50;2021-02-12;400;673;0;21252;5876;0;4.3;1.2;0.0
50;2021-02-13;300;445;0;21552;6321;0;4.4;1.3;0.0
50;2021-02-14;180;798;0;21732;7119;0;4.4;1.5;0.0
50;2021-02-15;637;1959;0;22369;9078;0;4.6;1.9;0.0
50;2021-02-16;707;1540;0;23076;10618;0;4.7;2.2;0.0
50;2021-02-17;616;837;0;23692;11455;0;4.8;2.3;0.0
50;2021-02-18;529;841;0;24221;12296;0;4.9;2.5;0.0
50;2021-02-19;639;538;0;24860;12834;0;5.1;2.6;0.0
50;2021-02-20;409;205;0;25269;13039;0;5.1;2.7;0.0
50;2021-02-21;79;30;0;25348;13069;0;5.2;2.7;0.0
50;2021-02-22;305;741;0;25653;13810;0;5.2;2.8;0.0
50;2021-02-23;495;573;0;26148;14383;0;5.3;2.9;0.0
50;2021-02-24;632;562;0;26780;14945;0;5.5;3.0;0.0
50;2021-02-25;797;620;0;27577;15565;0;5.6;3.2;0.0
50;2021-02-26;994;405;0;28571;15970;0;5.8;3.3;0.0
50;2021-02-27;841;120;0;29412;16090;0;6.0;3.3;0.0
50;2021-02-28;102;5;0;29514;16095;0;6.0;3.3;0.0
50;2021-03-01;496;595;0;30010;16690;0;6.1;3.4;0.0
50;2021-03-02;635;549;0;30645;17239;0;6.2;3.5;0.0
50;2021-03-03;795;523;0;31440;17762;0;6.4;3.6;0.0
50;2021-03-04;1257;366;0;32697;18128;0;6.7;3.7;0.0
50;2021-03-05;1560;389;0;34257;18517;0;7.0;3.8;0.0
50;2021-03-06;1323;177;0;35580;18694;0;7.3;3.8;0.0
50;2021-03-07;542;40;0;36122;18734;0;7.4;3.8;0.0
50;2021-03-08;1025;618;0;37147;19352;0;7.6;3.9;0.0
50;2021-03-09;1533;583;0;38680;19935;0;7.9;4.1;0.0
50;2021-03-10;1586;337;0;40266;20272;0;8.2;4.1;0.0
50;2021-03-11;2337;377;0;42603;20649;0;8.7;4.2;0.0
50;2021-03-12;2924;281;0;45527;20930;0;9.3;4.3;0.0
50;2021-03-13;1931;143;0;47458;21073;0;9.7;4.3;0.0
50;2021-03-14;265;39;0;47723;21112;0;9.7;4.3;0.0
50;2021-03-15;1411;310;0;49134;21422;0;10.0;4.4;0.0
50;2021-03-16;1309;283;0;50443;21705;0;10.3;4.4;0.0
50;2021-03-17;1303;408;0;51746;22113;0;10.5;4.5;0.0
50;2021-03-18;1185;422;0;52931;22535;0;10.8;4.6;0.0
50;2021-03-19;1795;589;0;54726;23124;0;11.2;4.7;0.0
50;2021-03-20;1697;224;0;56423;23348;0;11.5;4.8;0.0
50;2021-03-21;776;13;0;57199;23361;0;11.7;4.8;0.0
50;2021-03-22;1514;345;0;58713;23706;0;12.0;4.8;0.0
50;2021-03-23;2065;400;0;60778;24106;0;12.4;4.9;0.0
50;2021-03-24;2283;563;0;63061;24669;0;12.9;5.0;0.0
50;2021-03-25;2844;483;0;65905;25152;0;13.4;5.1;0.0
50;2021-03-26;3248;473;0;69153;25625;0;14.1;5.2;0.0
50;2021-03-27;1724;355;0;70877;25980;0;14.4;5.3;0.0
50;2021-03-28;392;19;0;71269;25999;0;14.5;5.3;0.0
50;2021-03-29;2126;700;0;73395;26699;0;15.0;5.4;0.0
50;2021-03-30;2287;632;0;75682;27331;0;15.4;5.6;0.0
50;2021-03-31;2481;564;0;78163;27895;0;15.9;5.7;0.0
50;2021-04-01;3090;880;0;81253;28775;0;16.6;5.9;0.0
50;2021-04-02;2892;904;0;84145;29679;0;17.1;6.0;0.0
50;2021-04-03;1206;662;0;85351;30341;0;17.4;6.2;0.0
50;2021-04-04;304;132;0;85655;30473;0;17.5;6.2;0.0
50;2021-04-05;385;32;0;86040;30505;0;17.5;6.2;0.0
50;2021-04-06;2068;1195;0;88108;31700;0;18.0;6.5;0.0
50;2021-04-07;2571;1186;0;90679;32886;0;18.5;6.7;0.0
50;2021-04-08;3609;1226;0;94288;34112;0;19.2;7.0;0.0
50;2021-04-09;3854;1291;0;98142;35403;0;20.0;7.2;0.0
50;2021-04-10;2416;850;0;100558;36253;0;20.5;7.4;0.0
50;2021-04-11;383;144;0;100941;36397;0;20.6;7.4;0.0
50;2021-04-12;2405;1393;0;103346;37790;0;21.1;7.7;0.0
50;2021-04-13;2644;1524;0;105990;39314;0;21.6;8.0;0.0
50;2021-04-14;2552;1356;0;108542;40670;0;22.1;8.3;0.0
50;2021-04-15;3084;1152;0;111626;41822;0;22.7;8.5;0.0
50;2021-04-16;3220;1131;0;114846;42953;0;23.4;8.8;0.0
50;2021-04-17;2319;1184;0;117165;44137;0;23.9;9.0;0.0
50;2021-04-18;456;650;0;117621;44787;0;24.0;9.1;0.0
50;2021-04-19;1924;1467;0;119545;46254;0;24.4;9.4;0.0
50;2021-04-20;2180;1557;0;121725;47811;0;24.8;9.7;0.0
50;2021-04-21;2420;1755;0;124145;49566;0;25.3;10.1;0.0
50;2021-04-22;2989;1795;0;127134;51361;0;25.9;10.5;0.0
50;2021-04-23;2654;1931;0;129788;53292;0;26.5;10.9;0.0
50;2021-04-24;1821;1378;0;131609;54670;0;26.8;11.1;0.0
50;2021-04-25;491;269;0;132100;54939;0;26.9;11.2;0.0
50;2021-04-26;2078;1875;0;134178;56814;0;27.3;11.6;0.0
50;2021-04-27;2343;1980;0;136521;58794;0;27.8;12.0;0.0
50;2021-04-28;2570;1970;0;139091;60764;0;28.3;12.4;0.0
50;2021-04-29;3208;2085;0;142299;62849;0;29.0;12.8;0.0
50;2021-04-30;2945;1852;0;145244;64701;0;29.6;13.2;0.0
50;2021-05-01;1001;572;0;146245;65273;0;29.8;13.3;0.0
50;2021-05-02;522;415;0;146767;65688;0;29.9;13.4;0.0
50;2021-05-03;1858;1765;0;148625;67453;0;30.3;13.7;0.0
50;2021-05-04;1827;2266;0;150452;69719;0;30.7;14.2;0.0
50;2021-05-05;1723;2911;0;152175;72630;0;31.0;14.8;0.0
50;2021-05-06;2541;2613;0;154716;75243;0;31.5;15.3;0.0
50;2021-05-07;2244;2850;0;156960;78093;0;32.0;15.9;0.0
50;2021-05-08;1014;780;0;157974;78873;0;32.2;16.1;0.0
50;2021-05-09;625;355;0;158599;79228;0;32.3;16.1;0.0
50;2021-05-10;1789;2552;0;160388;81780;0;32.7;16.7;0.0
50;2021-05-11;2633;2750;0;163021;84530;0;33.2;17.2;0.0
50;2021-05-12;3118;2386;0;166139;86916;0;33.9;17.7;0.0
50;2021-05-13;3265;591;0;169404;87507;0;34.5;17.8;0.0
50;2021-05-14;3512;2208;0;172916;89715;0;35.2;18.3;0.0
50;2021-05-15;3496;1752;0;176412;91467;0;36.0;18.6;0.0
50;2021-05-16;968;262;0;177380;91729;0;36.2;18.7;0.0
50;2021-05-17;2219;1823;0;179599;93552;0;36.6;19.1;0.0
50;2021-05-18;2664;1573;0;182263;95125;0;37.1;19.4;0.0
50;2021-05-19;2628;1402;0;184891;96527;0;37.7;19.7;0.0
50;2021-05-20;3350;1586;0;188241;98113;0;38.4;20.0;0.0
50;2021-05-21;3265;1884;0;191506;99997;0;39.0;20.4;0.0
50;2021-05-22;2598;1261;0;194104;101258;0;39.6;20.6;0.0
50;2021-05-23;583;257;0;194687;101515;0;39.7;20.7;0.0
50;2021-05-24;1527;480;0;196214;101995;0;40.0;20.8;0.0
50;2021-05-25;2598;1635;0;198812;103630;0;40.5;21.1;0.0
50;2021-05-26;3110;1427;0;201922;105057;0;41.2;21.4;0.0
50;2021-05-27;3131;1900;0;205053;106957;0;41.8;21.8;0.0
50;2021-05-28;3031;2132;0;208084;109089;0;42.4;22.2;0.0
50;2021-05-29;2564;1326;0;210648;110415;0;42.9;22.5;0.0
50;2021-05-30;822;300;0;211470;110715;0;43.1;22.6;0.0
50;2021-05-31;2769;1787;0;214239;112502;0;43.7;22.9;0.0
50;2021-06-01;3402;2045;0;217641;114547;0;44.4;23.3;0.0
50;2021-06-02;3288;1824;0;220929;116371;0;45.0;23.7;0.0
50;2021-06-03;4014;2063;0;224943;118434;0;45.8;24.1;0.0
50;2021-06-04;3840;2929;0;228783;121363;0;46.6;24.7;0.0
50;2021-06-05;2827;1834;0;231610;123197;0;47.2;25.1;0.0
50;2021-06-06;832;428;0;232442;123625;0;47.4;25.2;0.0
50;2021-06-07;3448;2077;0;235890;125702;0;48.1;25.6;0.0
50;2021-06-08;4020;2214;0;239910;127916;0;48.9;26.1;0.0
50;2021-06-09;4223;1951;0;244133;129867;0;49.8;26.5;0.0
50;2021-06-10;4134;2145;0;248267;132012;0;50.6;26.9;0.0
50;2021-06-11;4062;2786;0;252329;134798;0;51.4;27.5;0.0
50;2021-06-12;3419;1567;0;255748;136365;0;52.1;27.8;0.0
50;2021-06-13;1009;454;0;256757;136819;0;52.3;27.9;0.0
50;2021-06-14;2555;2997;0;259312;139816;0;52.8;28.5;0.0
50;2021-06-15;2895;2635;0;262207;142451;0;53.4;29.0;0.0
50;2021-06-16;3002;1979;0;265209;144430;0;54.1;29.4;0.0
50;2021-06-17;2708;2521;0;267917;146951;0;54.6;29.9;0.0
50;2021-06-18;3108;3127;0;271025;150078;0;55.2;30.6;0.0
50;2021-06-19;2900;1766;0;273925;151844;0;55.8;30.9;0.0
50;2021-06-20;658;666;0;274583;152510;0;56.0;31.1;0.0
50;2021-06-21;1767;3124;0;276350;155634;0;56.3;31.7;0.0
50;2021-06-22;2017;3388;0;278367;159022;0;56.7;32.4;0.0
50;2021-06-23;1866;3835;0;280233;162857;0;57.1;33.2;0.0
50;2021-06-24;1690;3966;0;281923;166823;0;57.5;34.0;0.0
50;2021-06-25;2044;4074;0;283967;170897;0;57.9;34.8;0.0
50;2021-06-26;1824;3380;0;285791;174277;0;58.2;35.5;0.0
50;2021-06-27;553;865;0;286344;175142;0;58.4;35.7;0.0
50;2021-06-28;1794;3426;0;288138;178568;0;58.7;36.4;0.0
50;2021-06-29;1793;3513;0;289931;182081;0;59.1;37.1;0.0
50;2021-06-30;2068;3446;0;291999;185527;0;59.5;37.8;0.0
50;2021-07-01;1840;3259;0;293839;188786;0;59.9;38.5;0.0
50;2021-07-02;1783;3912;0;295622;192698;0;60.2;39.3;0.0
50;2021-07-03;1275;3250;0;296897;195948;0;60.5;39.9;0.0
50;2021-07-04;381;1004;0;297278;196952;0;60.6;40.1;0.0
50;2021-07-05;1189;3453;0;298467;200405;0;60.8;40.8;0.0
50;2021-07-06;1472;3890;0;299939;204295;0;61.1;41.6;0.0
50;2021-07-07;1700;3611;0;301639;207906;0;61.5;42.4;0.0
50;2021-07-08;1283;4008;0;302922;211914;0;61.7;43.2;0.0
50;2021-07-09;1333;4534;0;304255;216448;0;62.0;44.1;0.0
50;2021-07-10;967;3370;0;305222;219818;0;62.2;44.8;0.0
50;2021-07-11;289;946;0;305511;220764;0;62.3;45.0;0.0
50;2021-07-12;1215;4564;0;306726;225328;0;62.5;45.9;0.0
50;2021-07-13;1543;4789;0;308269;230117;0;62.8;46.9;0.0
50;2021-07-14;1224;2215;0;309493;232332;0;63.1;47.4;0.0
50;2021-07-15;1672;5007;0;311165;237339;0;63.4;48.4;0.0
50;2021-07-16;2725;5088;0;313890;242427;0;64.0;49.4;0.0
50;2021-07-17;1875;3565;0;315765;245992;0;64.4;50.1;0.0
50;2021-07-18;393;1001;0;316158;246993;0;64.4;50.3;0.0
50;2021-07-19;1474;5041;0;317632;252034;0;64.7;51.4;0.0
50;2021-07-20;1448;5251;0;319080;257285;0;65.0;52.4;0.0
50;2021-07-21;1787;5139;0;320867;262424;0;65.4;53.5;0.0
50;2021-07-22;1990;4858;0;322857;267282;0;65.8;54.5;0.0
50;2021-07-23;2156;5169;0;325013;272451;0;66.2;55.5;0.0
50;2021-07-24;1259;3555;0;326272;276006;0;66.5;56.3;0.0
50;2021-07-25;295;947;0;326567;276953;0;66.6;56.4;0.0
50;2021-07-26;2250;3329;0;328817;280282;0;67.0;57.1;0.0
50;2021-07-27;2834;3135;0;331651;283417;0;67.6;57.8;0.0
50;2021-07-28;2943;3296;0;334594;286713;0;68.2;58.4;0.0
50;2021-07-29;3544;3059;0;338138;289772;0;68.9;59.1;0.0
50;2021-07-30;2987;2857;0;341125;292629;0;69.5;59.6;0.0
50;2021-07-31;2230;2404;0;343355;295033;0;70.0;60.1;0.0
50;2021-08-01;513;589;0;343868;295622;0;70.1;60.2;0.0
50;2021-08-02;2354;2578;0;346222;298200;0;70.6;60.8;0.0
50;2021-08-03;3245;2326;0;349467;300526;0;71.2;61.2;0.0
50;2021-08-04;3428;2263;0;352895;302789;0;71.9;61.7;0.0
50;2021-08-05;2996;1989;0;355891;304778;0;72.5;62.1;0.0
50;2021-08-06;3345;2549;0;359236;307327;0;73.2;62.6;0.0
50;2021-08-07;2179;1898;0;361415;309225;0;73.7;63.0;0.0
50;2021-08-08;443;628;0;361858;309853;0;73.7;63.1;0.0
50;2021-08-09;2289;2019;0;364147;311872;0;74.2;63.6;0.0
50;2021-08-10;2706;2011;0;366853;313883;0;74.8;64.0;0.0
50;2021-08-11;2590;1890;1;369443;315773;1;75.3;64.4;0.0
50;2021-08-12;2322;2255;0;371765;318028;1;75.8;64.8;0.0
50;2021-08-13;2279;1858;0;374044;319886;1;76.2;65.2;0.0
50;2021-08-14;1639;1595;0;375683;321481;1;76.6;65.5;0.0
50;2021-08-15;354;316;0;376037;321797;1;76.6;65.6;0.0
50;2021-08-16;1599;2078;0;377636;323875;1;77.0;66.0;0.0
50;2021-08-17;1756;2437;0;379392;326312;1;77.3;66.5;0.0
50;2021-08-18;1618;2391;0;381010;328703;1;77.7;67.0;0.0
50;2021-08-19;1524;2446;0;382534;331149;1;78.0;67.5;0.0
50;2021-08-20;1440;2596;0;383974;333745;1;78.3;68.0;0.0
50;2021-08-21;905;2479;0;384879;336224;1;78.4;68.5;0.0
50;2021-08-22;315;464;0;385194;336688;1;78.5;68.6;0.0
50;2021-08-23;1028;2801;0;386222;339489;1;78.7;69.2;0.0
50;2021-08-24;1133;3042;0;387355;342531;1;78.9;69.8;0.0
50;2021-08-25;982;2651;0;388337;345182;1;79.1;70.3;0.0
50;2021-08-26;823;3147;0;389160;348329;1;79.3;71.0;0.0
50;2021-08-27;885;3114;0;390045;351443;1;79.5;71.6;0.0
50;2021-08-28;711;2708;0;390756;354151;1;79.6;72.2;0.0
50;2021-08-29;237;514;0;390993;354665;1;79.7;72.3;0.0
50;2021-08-30;738;2761;62;391731;357426;63;79.8;72.8;0.0
50;2021-08-31;779;2809;99;392510;360235;162;80.0;73.4;0.0
50;2021-09-01;646;2545;223;393156;362780;385;80.1;73.9;0.1
50;2021-09-02;489;2108;301;393645;364888;686;80.2;74.4;0.1
50;2021-09-03;671;2467;324;394316;367355;1010;80.4;74.9;0.2
50;2021-09-04;577;2680;132;394893;370035;1142;80.5;75.4;0.2
50;2021-09-05;158;586;58;395051;370621;1200;80.5;75.5;0.2
50;2021-09-06;366;1792;285;395417;372413;1485;80.6;75.9;0.3
50;2021-09-07;278;1385;275;395695;373798;1760;80.6;76.2;0.4
50;2021-09-08;432;1793;200;396127;375591;1960;80.7;76.5;0.4
50;2021-09-09;380;1209;231;396507;376800;2191;80.8;76.8;0.4
50;2021-09-10;480;1647;368;396987;378447;2559;80.9;77.1;0.5
50;2021-09-11;340;2013;270;397327;380460;2829;81.0;77.5;0.6
50;2021-09-12;63;321;16;397390;380781;2845;81.0;77.6;0.6
50;2021-09-13;370;941;358;397760;381722;3203;81.1;77.8;0.7
50;2021-09-14;397;854;465;398157;382576;3668;81.1;78.0;0.7
50;2021-09-15;410;982;384;398567;383558;4052;81.2;78.2;0.8
50;2021-09-16;440;696;410;399007;384254;4462;81.3;78.3;0.9
50;2021-09-17;439;994;443;399446;385248;4905;81.4;78.5;1.0
50;2021-09-18;286;1323;180;399732;386571;5085;81.5;78.8;1.0
50;2021-09-19;39;246;20;399771;386817;5105;81.5;78.8;1.0
50;2021-09-20;361;561;415;400132;387378;5520;81.5;78.9;1.1
50;2021-09-21;425;575;555;400557;387953;6075;81.6;79.1;1.2
50;2021-09-22;190;822;416;400747;388775;6491;81.7;79.2;1.3
50;2021-09-23;265;382;641;401012;389157;7132;81.7;79.3;1.5
50;2021-09-24;216;769;543;401228;389926;7675;81.8;79.5;1.6
50;2021-09-25;193;872;154;401421;390798;7829;81.8;79.6;1.6
50;2021-09-26;18;150;34;401439;390948;7863;81.8;79.7;1.6
50;2021-09-27;108;383;548;401547;391331;8411;81.8;79.8;1.7
50;2021-09-28;170;381;579;401717;391712;8990;81.9;79.8;1.8
50;2021-09-29;149;454;511;401866;392166;9501;81.9;79.9;1.9
50;2021-09-30;161;398;610;402027;392564;10111;81.9;80.0;2.1
50;2021-10-01;233;534;614;402260;393098;10725;82.0;80.1;2.2
50;2021-10-02;220;487;239;402480;393585;10964;82.0;80.2;2.2
50;2021-10-03;6;8;22;402486;393593;10986;82.0;80.2;2.2
50;2021-10-04;189;388;673;402675;393981;11659;82.1;80.3;2.4
50;2021-10-05;131;326;690;402806;394307;12349;82.1;80.4;2.5
50;2021-10-06;182;426;449;402988;394733;12798;82.1;80.4;2.6
50;2021-10-07;116;314;605;403104;395047;13403;82.2;80.5;2.7
50;2021-10-08;205;426;553;403309;395473;13956;82.2;80.6;2.8
50;2021-10-09;218;466;372;403527;395939;14328;82.2;80.7;2.9
50;2021-10-10;0;2;1;403527;395941;14329;82.2;80.7;2.9
50;2021-10-11;107;207;622;403634;396148;14951;82.3;80.7;3.0
50;2021-10-12;133;334;806;403767;396482;15757;82.3;80.8;3.2
50;2021-10-13;150;281;622;403917;396763;16379;82.3;80.9;3.3
50;2021-10-14;102;284;764;404019;397047;17143;82.3;80.9;3.5
50;2021-10-15;227;346;922;404246;397393;18065;82.4;81.0;3.7
50;2021-10-16;205;306;663;404451;397699;18728;82.4;81.1;3.8
50;2021-10-17;10;14;91;404461;397713;18819;82.4;81.1;3.8
50;2021-10-18;100;293;423;404561;398006;19242;82.5;81.1;3.9
50;2021-10-19;101;233;555;404662;398239;19797;82.5;81.2;4.0
50;2021-10-20;175;267;886;404837;398506;20683;82.5;81.2;4.2
50;2021-10-21;99;229;698;404936;398735;21381;82.5;81.3;4.4
50;2021-10-22;206;328;895;405142;399063;22276;82.6;81.3;4.5
50;2021-10-23;145;224;546;405287;399287;22822;82.6;81.4;4.7
50;2021-10-24;10;10;31;405297;399297;22853;82.6;81.4;4.7
50;2021-10-25;103;137;567;405400;399434;23420;82.6;81.4;4.8
50;2021-10-26;82;115;765;405482;399549;24185;82.6;81.4;4.9
50;2021-10-27;150;217;1533;405632;399766;25718;82.7;81.5;5.2
50;2021-10-28;76;77;888;405708;399843;26606;82.7;81.5;5.4
50;2021-10-29;154;207;1013;405862;400050;27619;82.7;81.5;5.6
50;2021-10-30;137;220;688;405999;400270;28307;82.7;81.6;5.8
50;2021-10-31;6;5;46;406005;400275;28353;82.7;81.6;5.8
50;2021-11-01;2;1;3;406007;400276;28356;82.7;81.6;5.8
50;2021-11-02;96;120;950;406103;400396;29306;82.8;81.6;6.0
50;2021-11-03;167;253;1474;406270;400649;30780;82.8;81.7;6.3
50;2021-11-04;66;77;744;406336;400726;31524;82.8;81.7;6.4
50;2021-11-05;166;258;1553;406502;400984;33077;82.8;81.7;6.7
50;2021-11-06;151;292;1090;406653;401276;34167;82.9;81.8;7.0
50;2021-11-07;5;6;29;406658;401282;34196;82.9;81.8;7.0
50;2021-11-08;78;141;1141;406736;401423;35337;82.9;81.8;7.2
50;2021-11-09;84;161;1443;406820;401584;36780;82.9;81.8;7.5
50;2021-11-10;135;169;1782;406955;401753;38562;82.9;81.9;7.9
50;2021-11-11;5;4;281;406960;401757;38843;82.9;81.9;7.9
50;2021-11-12;129;185;1734;407089;401942;40577;83.0;81.9;8.3
50;2021-11-13;133;176;1253;407222;402118;41830;83.0;82.0;8.5
50;2021-11-14;4;6;452;407226;402124;42282;83.0;82.0;8.6
50;2021-11-15;112;125;1868;407338;402249;44150;83.0;82.0;9.0
50;2021-11-16;87;75;1932;407425;402324;46082;83.0;82.0;9.4
50;2021-11-17;109;160;2108;407534;402484;48190;83.1;82.0;9.8
50;2021-11-18;87;113;2082;407621;402597;50272;83.1;82.1;10.2
50;2021-11-19;134;172;2366;407755;402769;52638;83.1;82.1;10.7
50;2021-11-20;195;191;1504;407950;402960;54142;83.1;82.1;11.0
50;2021-11-21;1;4;10;407951;402964;54152;83.1;82.1;11.0
50;2021-11-22;118;66;2306;408069;403030;56458;83.2;82.1;11.5
50;2021-11-23;133;96;2624;408202;403126;59082;83.2;82.2;12.0
50;2021-11-24;190;203;2586;408392;403329;61668;83.2;82.2;12.6
50;2021-11-25;128;91;2354;408520;403420;64022;83.3;82.2;13.0
50;2021-11-26;143;145;2864;408663;403565;66886;83.3;82.2;13.6
50;2021-11-27;237;215;2376;408900;403780;69262;83.3;82.3;14.1
50;2021-11-28;53;31;1512;408953;403811;70774;83.3;82.3;14.4
50;2021-11-29;120;109;3337;409073;403920;74111;83.4;82.3;15.1
50;2021-11-30;114;112;4588;409187;404032;78699;83.4;82.3;16.0
50;2021-12-01;122;130;4362;409309;404162;83061;83.4;82.4;16.9
50;2021-12-02;124;80;5265;409433;404242;88326;83.4;82.4;18.0
50;2021-12-03;138;162;5179;409571;404404;93505;83.5;82.4;19.1
50;2021-12-04;99;162;3081;409670;404566;96586;83.5;82.5;19.7
50;2021-12-05;8;15;818;409678;404581;97404;83.5;82.5;19.9
50;2021-12-06;98;102;5317;409776;404683;102721;83.5;82.5;20.9
50;2021-12-07;138;119;6520;409914;404802;109241;83.5;82.5;22.3
50;2021-12-08;198;148;6487;410112;404950;115728;83.6;82.5;23.6
50;2021-12-09;170;94;6953;410282;405044;122681;83.6;82.5;25.0
50;2021-12-10;202;168;7573;410484;405212;130254;83.7;82.6;26.5
50;2021-12-11;104;189;4180;410588;405401;134434;83.7;82.6;27.4
50;2021-12-12;24;9;805;410612;405410;135239;83.7;82.6;27.6
50;2021-12-13;124;143;6115;410736;405553;141354;83.7;82.7;28.8
50;2021-12-14;181;131;7778;410917;405684;149132;83.7;82.7;30.4
50;2021-12-15;185;197;6308;411102;405881;155440;83.8;82.7;31.7
50;2021-12-16;166;143;7585;411268;406024;163025;83.8;82.7;33.2
50;2021-12-17;199;183;7944;411467;406207;170969;83.9;82.8;34.8
50;2021-12-18;156;247;5054;411623;406454;176023;83.9;82.8;35.9
50;2021-12-19;30;23;876;411653;406477;176899;83.9;82.8;36.1
50;2021-12-20;165;155;5477;411818;406632;182376;83.9;82.9;37.2
50;2021-12-21;222;158;6408;412040;406790;188784;84.0;82.9;38.5
50;2021-12-22;234;163;4905;412274;406953;193689;84.0;82.9;39.5
51;2020-12-27;0;0;0;0;0;0;0.0;0.0;0.0
51;2020-12-28;0;0;0;0;0;0;0.0;0.0;0.0
51;2020-12-29;0;0;0;0;0;0;0.0;0.0;0.0
51;2020-12-30;1;0;0;1;0;0;0.0;0.0;0.0
51;2020-12-31;1;0;0;2;0;0;0.0;0.0;0.0
51;2021-01-01;0;0;0;2;0;0;0.0;0.0;0.0
51;2021-01-02;0;0;0;2;0;0;0.0;0.0;0.0
51;2021-01-03;0;0;0;2;0;0;0.0;0.0;0.0
51;2021-01-04;2;0;0;4;0;0;0.0;0.0;0.0
51;2021-01-05;3;0;0;7;0;0;0.0;0.0;0.0
51;2021-01-06;9;0;0;16;0;0;0.0;0.0;0.0
51;2021-01-07;261;1;0;277;1;0;0.0;0.0;0.0
51;2021-01-08;508;1;0;785;2;0;0.1;0.0;0.0
51;2021-01-09;95;1;0;880;3;0;0.2;0.0;0.0
51;2021-01-10;3;0;0;883;3;0;0.2;0.0;0.0
51;2021-01-11;550;1;0;1433;4;0;0.3;0.0;0.0
51;2021-01-12;1428;5;0;2861;9;0;0.5;0.0;0.0
51;2021-01-13;1245;8;0;4106;17;0;0.7;0.0;0.0
51;2021-01-14;1431;10;0;5537;27;0;1.0;0.0;0.0
51;2021-01-15;614;5;0;6151;32;0;1.1;0.0;0.0
51;2021-01-16;176;1;0;6327;33;0;1.1;0.0;0.0
51;2021-01-17;101;0;0;6428;33;0;1.1;0.0;0.0
51;2021-01-18;886;5;0;7314;38;0;1.3;0.0;0.0
51;2021-01-19;1015;6;0;8329;44;0;1.5;0.0;0.0
51;2021-01-20;1023;10;0;9352;54;0;1.7;0.0;0.0
51;2021-01-21;859;3;0;10211;57;0;1.8;0.0;0.0
51;2021-01-22;393;2;0;10604;59;0;1.9;0.0;0.0
51;2021-01-23;294;0;0;10898;59;0;1.9;0.0;0.0
51;2021-01-24;139;1;0;11037;60;0;2.0;0.0;0.0
51;2021-01-25;686;2;0;11723;62;0;2.1;0.0;0.0
51;2021-01-26;754;4;0;12477;66;0;2.2;0.0;0.0
51;2021-01-27;657;5;0;13134;71;0;2.3;0.0;0.0
51;2021-01-28;644;65;0;13778;136;0;2.4;0.0;0.0
51;2021-01-29;474;164;0;14252;300;0;2.5;0.1;0.0
51;2021-01-30;130;7;0;14382;307;0;2.6;0.1;0.0
51;2021-01-31;81;0;0;14463;307;0;2.6;0.1;0.0
51;2021-02-01;282;79;0;14745;386;0;2.6;0.1;0.0
51;2021-02-02;685;710;0;15430;1096;0;2.7;0.2;0.0
51;2021-02-03;597;434;0;16027;1530;0;2.8;0.3;0.0
51;2021-02-04;926;780;0;16953;2310;0;3.0;0.4;0.0
51;2021-02-05;906;524;0;17859;2834;0;3.2;0.5;0.0
51;2021-02-06;37;142;0;17896;2976;0;3.2;0.5;0.0
51;2021-02-07;1;18;0;17897;2994;0;3.2;0.5;0.0
51;2021-02-08;116;421;0;18013;3415;0;3.2;0.6;0.0
51;2021-02-09;243;508;0;18256;3923;0;3.2;0.7;0.0
51;2021-02-10;259;649;0;18515;4572;0;3.3;0.8;0.0
51;2021-02-11;327;575;0;18842;5147;0;3.3;0.9;0.0
51;2021-02-12;369;573;0;19211;5720;0;3.4;1.0;0.0
51;2021-02-13;15;110;0;19226;5830;0;3.4;1.0;0.0
51;2021-02-14;8;167;0;19234;5997;0;3.4;1.1;0.0
51;2021-02-15;254;837;0;19488;6834;0;3.5;1.2;0.0
51;2021-02-16;375;941;0;19863;7775;0;3.5;1.4;0.0
51;2021-02-17;347;903;0;20210;8678;0;3.6;1.5;0.0
51;2021-02-18;410;612;0;20620;9290;0;3.7;1.6;0.0
51;2021-02-19;499;397;0;21119;9687;0;3.7;1.7;0.0
51;2021-02-20;202;295;0;21321;9982;0;3.8;1.8;0.0
51;2021-02-21;10;106;0;21331;10088;0;3.8;1.8;0.0
51;2021-02-22;191;682;0;21522;10770;0;3.8;1.9;0.0
51;2021-02-23;239;1031;0;21761;11801;0;3.9;2.1;0.0
51;2021-02-24;403;689;0;22164;12490;0;3.9;2.2;0.0
51;2021-02-25;1007;850;0;23171;13340;0;4.1;2.4;0.0
51;2021-02-26;1191;639;0;24362;13979;0;4.3;2.5;0.0
51;2021-02-27;603;129;0;24965;14108;0;4.4;2.5;0.0
51;2021-02-28;13;69;0;24978;14177;0;4.4;2.5;0.0
51;2021-03-01;755;313;0;25733;14490;0;4.6;2.6;0.0
51;2021-03-02;1117;467;0;26850;14957;0;4.8;2.7;0.0
51;2021-03-03;1172;469;0;28022;15426;0;5.0;2.7;0.0
51;2021-03-04;1088;700;0;29110;16126;0;5.2;2.9;0.0
51;2021-03-05;1566;646;0;30676;16772;0;5.4;3.0;0.0
51;2021-03-06;1476;66;0;32152;16838;0;5.7;3.0;0.0
51;2021-03-07;292;8;0;32444;16846;0;5.8;3.0;0.0
51;2021-03-08;1017;119;0;33461;16965;0;5.9;3.0;0.0
51;2021-03-09;1671;206;0;35132;17171;0;6.2;3.0;0.0
51;2021-03-10;1965;138;0;37097;17309;0;6.6;3.1;0.0
51;2021-03-11;2407;180;0;39504;17489;0;7.0;3.1;0.0
51;2021-03-12;3242;186;0;42746;17675;0;7.6;3.1;0.0
51;2021-03-13;2504;58;0;45250;17733;0;8.0;3.1;0.0
51;2021-03-14;223;5;0;45473;17738;0;8.1;3.1;0.0
51;2021-03-15;1602;167;0;47075;17905;0;8.3;3.2;0.0
51;2021-03-16;1447;184;0;48522;18089;0;8.6;3.2;0.0
51;2021-03-17;1495;203;0;50017;18292;0;8.9;3.2;0.0
51;2021-03-18;1594;265;0;51611;18557;0;9.2;3.3;0.0
51;2021-03-19;2233;296;0;53844;18853;0;9.5;3.3;0.0
51;2021-03-20;1591;214;0;55435;19067;0;9.8;3.4;0.0
51;2021-03-21;147;7;0;55582;19074;0;9.9;3.4;0.0
51;2021-03-22;1387;132;0;56969;19206;0;10.1;3.4;0.0
51;2021-03-23;2410;180;0;59379;19386;0;10.5;3.4;0.0
51;2021-03-24;2773;123;0;62152;19509;0;11.0;3.5;0.0
51;2021-03-25;3182;343;0;65334;19852;0;11.6;3.5;0.0
51;2021-03-26;3350;501;0;68684;20353;0;12.2;3.6;0.0
51;2021-03-27;1765;253;0;70449;20606;0;12.5;3.7;0.0
51;2021-03-28;246;4;0;70695;20610;0;12.5;3.7;0.0
51;2021-03-29;971;632;0;71666;21242;0;12.7;3.8;0.0
51;2021-03-30;1755;853;0;73421;22095;0;13.0;3.9;0.0
51;2021-03-31;1774;763;0;75195;22858;0;13.3;4.1;0.0
51;2021-04-01;2195;482;0;77390;23340;0;13.7;4.1;0.0
51;2021-04-02;2382;655;0;79772;23995;0;14.1;4.3;0.0
51;2021-04-03;1169;440;0;80941;24435;0;14.4;4.3;0.0
51;2021-04-04;139;13;0;81080;24448;0;14.4;4.3;0.0
51;2021-04-05;126;140;0;81206;24588;0;14.4;4.4;0.0
51;2021-04-06;806;1234;0;82012;25822;0;14.5;4.6;0.0
51;2021-04-07;1341;1412;0;83353;27234;0;14.8;4.8;0.0
51;2021-04-08;2266;1758;0;85619;28992;0;15.2;5.1;0.0
51;2021-04-09;2900;1730;0;88519;30722;0;15.7;5.4;0.0
51;2021-04-10;2182;499;0;90701;31221;0;16.1;5.5;0.0
51;2021-04-11;144;106;0;90845;31327;0;16.1;5.6;0.0
51;2021-04-12;1520;1353;0;92365;32680;0;16.4;5.8;0.0
51;2021-04-13;1980;1682;0;94345;34362;0;16.7;6.1;0.0
51;2021-04-14;2385;1497;0;96730;35859;0;17.2;6.4;0.0
51;2021-04-15;2835;1668;0;99565;37527;0;17.7;6.7;0.0
51;2021-04-16;3178;1561;0;102743;39088;0;18.2;6.9;0.0
51;2021-04-17;1977;734;0;104720;39822;0;18.6;7.1;0.0
51;2021-04-18;350;129;0;105070;39951;0;18.6;7.1;0.0
51;2021-04-19;1633;1159;0;106703;41110;0;18.9;7.3;0.0
51;2021-04-20;1860;1626;0;108563;42736;0;19.3;7.6;0.0
51;2021-04-21;2027;1736;0;110590;44472;0;19.6;7.9;0.0
51;2021-04-22;2465;1602;0;113055;46074;0;20.1;8.2;0.0
51;2021-04-23;3024;1763;0;116079;47837;0;20.6;8.5;0.0
51;2021-04-24;1831;941;0;117910;48778;0;20.9;8.7;0.0
51;2021-04-25;193;179;0;118103;48957;0;20.9;8.7;0.0
51;2021-04-26;1973;728;0;120076;49685;0;21.3;8.8;0.0
51;2021-04-27;2478;1223;0;122554;50908;0;21.7;9.0;0.0
51;2021-04-28;2629;1283;0;125183;52191;0;22.2;9.3;0.0
51;2021-04-29;2822;1464;0;128005;53655;0;22.7;9.5;0.0
51;2021-04-30;3065;1677;0;131070;55332;0;23.2;9.8;0.0
51;2021-05-01;1475;417;0;132545;55749;0;23.5;9.9;0.0
51;2021-05-02;262;142;0;132807;55891;0;23.6;9.9;0.0
51;2021-05-03;2652;809;0;135459;56700;0;24.0;10.1;0.0
51;2021-05-04;2843;1400;0;138302;58100;0;24.5;10.3;0.0
51;2021-05-05;2917;1628;0;141219;59728;0;25.0;10.6;0.0
51;2021-05-06;5429;1951;0;146648;61679;0;26.0;10.9;0.0
51;2021-05-07;3807;1952;0;150455;63631;0;26.7;11.3;0.0
51;2021-05-08;2815;790;0;153270;64421;0;27.2;11.4;0.0
51;2021-05-09;311;140;0;153581;64561;0;27.2;11.5;0.0
51;2021-05-10;3296;1842;0;156877;66403;0;27.8;11.8;0.0
51;2021-05-11;3613;2050;0;160490;68453;0;28.5;12.1;0.0
51;2021-05-12;4251;2248;0;164741;70701;0;29.2;12.5;0.0
51;2021-05-13;1761;513;0;166502;71214;0;29.5;12.6;0.0
51;2021-05-14;5208;1718;0;171710;72932;0;30.5;12.9;0.0
51;2021-05-15;4009;1326;0;175719;74258;0;31.2;13.2;0.0
51;2021-05-16;437;97;0;176156;74355;0;31.2;13.2;0.0
51;2021-05-17;3189;1501;0;179345;75856;0;31.8;13.5;0.0
51;2021-05-18;3876;1703;0;183221;77559;0;32.5;13.8;0.0
51;2021-05-19;4112;1655;0;187333;79214;0;33.2;14.0;0.0
51;2021-05-20;4741;1959;0;192074;81173;0;34.1;14.4;0.0
51;2021-05-21;3790;2412;0;195864;83585;0;34.7;14.8;0.0
51;2021-05-22;2244;1464;0;198108;85049;0;35.1;15.1;0.0
51;2021-05-23;524;223;0;198632;85272;0;35.2;15.1;0.0
51;2021-05-24;2096;704;0;200728;85976;0;35.6;15.2;0.0
51;2021-05-25;3519;1794;0;204247;87770;0;36.2;15.6;0.0
51;2021-05-26;3521;1696;0;207768;89466;0;36.8;15.9;0.0
51;2021-05-27;3497;2093;0;211265;91559;0;37.5;16.2;0.0
51;2021-05-28;3730;2848;0;214995;94407;0;38.1;16.7;0.0
51;2021-05-29;2554;1967;0;217549;96374;0;38.6;17.1;0.0
51;2021-05-30;534;157;0;218083;96531;0;38.7;17.1;0.0
51;2021-05-31;3452;1833;0;221535;98364;0;39.3;17.4;0.0
51;2021-06-01;3880;2405;0;225415;100769;0;40.0;17.9;0.0
51;2021-06-02;5785;2377;0;231200;103146;0;41.0;18.3;0.0
51;2021-06-03;3543;2482;0;234743;105628;0;41.6;18.7;0.0
51;2021-06-04;6143;3012;0;240886;108640;0;42.7;19.3;0.0
51;2021-06-05;2540;1863;0;243426;110503;0;43.2;19.6;0.0
51;2021-06-06;305;225;0;243731;110728;0;43.2;19.6;0.0
51;2021-06-07;3965;2210;0;247696;112938;0;43.9;20.0;0.0
51;2021-06-08;3840;2662;0;251536;115600;0;44.6;20.5;0.0
51;2021-06-09;3839;2730;0;255375;118330;0;45.3;21.0;0.0
51;2021-06-10;3175;2569;0;258550;120899;0;45.9;21.4;0.0
51;2021-06-11;3280;3482;0;261830;124381;0;46.4;22.1;0.0
51;2021-06-12;2204;2161;0;264034;126542;0;46.8;22.4;0.0
51;2021-06-13;248;228;0;264282;126770;0;46.9;22.5;0.0
51;2021-06-14;1563;3450;0;265845;130220;0;47.2;23.1;0.0
51;2021-06-15;2939;3682;0;268784;133902;0;47.7;23.7;0.0
51;2021-06-16;2146;3777;0;270930;137679;0;48.1;24.4;0.0
51;2021-06-17;2546;5436;0;273476;143115;0;48.5;25.4;0.0
51;2021-06-18;2339;5298;0;275815;148413;0;48.9;26.3;0.0
51;2021-06-19;1656;4343;0;277471;152756;0;49.2;27.1;0.0
51;2021-06-20;221;318;0;277692;153074;0;49.3;27.1;0.0
51;2021-06-21;1268;4416;0;278960;157490;0;49.5;27.9;0.0
51;2021-06-22;1531;4036;3;280491;161526;3;49.7;28.6;0.0
51;2021-06-23;3301;4283;0;283792;165809;3;50.3;29.4;0.0
51;2021-06-24;2136;3176;0;285928;168985;3;50.7;30.0;0.0
51;2021-06-25;1811;6325;0;287739;175310;3;51.0;31.1;0.0
51;2021-06-26;1124;4790;0;288863;180100;3;51.2;31.9;0.0
51;2021-06-27;137;435;0;289000;180535;3;51.3;32.0;0.0
51;2021-06-28;1325;4398;0;290325;184933;3;51.5;32.8;0.0
51;2021-06-29;1122;4551;0;291447;189484;3;51.7;33.6;0.0
51;2021-06-30;1613;5876;0;293060;195360;3;52.0;34.6;0.0
51;2021-07-01;1898;3920;0;294958;199280;3;52.3;35.3;0.0
51;2021-07-02;1791;6894;0;296749;206174;3;52.6;36.6;0.0
51;2021-07-03;1002;3300;0;297751;209474;3;52.8;37.2;0.0
51;2021-07-04;190;424;0;297941;209898;3;52.8;37.2;0.0
51;2021-07-05;800;5415;0;298741;215313;3;53.0;38.2;0.0
51;2021-07-06;1211;4912;10;299952;220225;13;53.2;39.1;0.0
51;2021-07-07;1544;4924;5;301496;225149;18;53.5;39.9;0.0
51;2021-07-08;2007;3504;3;303503;228653;21;53.8;40.6;0.0
51;2021-07-09;1801;5119;1;305304;233772;22;54.1;41.5;0.0
51;2021-07-10;1221;3271;0;306525;237043;22;54.4;42.0;0.0
51;2021-07-11;229;387;0;306754;237430;22;54.4;42.1;0.0
51;2021-07-12;1012;4447;0;307766;241877;22;54.6;42.9;0.0
51;2021-07-13;1562;4746;0;309328;246623;22;54.9;43.7;0.0
51;2021-07-14;1069;1602;0;310397;248225;22;55.1;44.0;0.0
51;2021-07-15;2922;4909;0;313319;253134;22;55.6;44.9;0.0
51;2021-07-16;2479;5263;0;315798;258397;22;56.0;45.8;0.0
51;2021-07-17;1820;3388;0;317618;261785;22;56.3;46.4;0.0
51;2021-07-18;284;420;0;317902;262205;22;56.4;46.5;0.0
51;2021-07-19;1970;3973;1;319872;266178;23;56.7;47.2;0.0
51;2021-07-20;2582;4864;0;322454;271042;23;57.2;48.1;0.0
51;2021-07-21;3576;3994;0;326030;275036;23;57.8;48.8;0.0
51;2021-07-22;4344;3768;0;330374;278804;23;58.6;49.4;0.0
51;2021-07-23;3593;4340;0;333967;283144;23;59.2;50.2;0.0
51;2021-07-24;2013;2705;0;335980;285849;23;59.6;50.7;0.0
51;2021-07-25;479;371;0;336459;286220;23;59.7;50.8;0.0
51;2021-07-26;3130;2733;0;339589;288953;23;60.2;51.2;0.0
51;2021-07-27;5495;3167;0;345084;292120;23;61.2;51.8;0.0
51;2021-07-28;3973;4132;0;349057;296252;23;61.9;52.5;0.0
51;2021-07-29;4546;2770;0;353603;299022;23;62.7;53.0;0.0
51;2021-07-30;3675;3109;0;357278;302131;23;63.4;53.6;0.0
51;2021-07-31;2368;1992;0;359646;304123;23;63.8;53.9;0.0
51;2021-08-01;487;313;0;360133;304436;23;63.9;54.0;0.0
51;2021-08-02;3163;2284;0;363296;306720;23;64.4;54.4;0.0
51;2021-08-03;3546;1905;0;366842;308625;23;65.1;54.7;0.0
51;2021-08-04;4059;2113;0;370901;310738;23;65.8;55.1;0.0
51;2021-08-05;2480;1599;0;373381;312337;23;66.2;55.4;0.0
51;2021-08-06;2971;2561;0;376352;314898;23;66.8;55.9;0.0
51;2021-08-07;1938;1632;0;378290;316530;23;67.1;56.1;0.0
51;2021-08-08;417;298;0;378707;316828;23;67.2;56.2;0.0
51;2021-08-09;2419;1917;0;381126;318745;23;67.6;56.5;0.0
51;2021-08-10;2266;1976;0;383392;320721;23;68.0;56.9;0.0
51;2021-08-11;2612;2342;0;386004;323063;23;68.5;57.3;0.0
51;2021-08-12;1740;2041;0;387744;325104;23;68.8;57.7;0.0
51;2021-08-13;1956;2748;0;389700;327852;23;69.1;58.1;0.0
51;2021-08-14;1415;1889;0;391115;329741;23;69.4;58.5;0.0
51;2021-08-15;161;198;0;391276;329939;23;69.4;58.5;0.0
51;2021-08-16;1298;2966;0;392574;332905;23;69.6;59.0;0.0
51;2021-08-17;1495;3153;0;394069;336058;23;69.9;59.6;0.0
51;2021-08-18;1743;3533;0;395812;339591;23;70.2;60.2;0.0
51;2021-08-19;1332;2521;0;397144;342112;23;70.4;60.7;0.0
51;2021-08-20;1586;3847;0;398730;345959;23;70.7;61.4;0.0
51;2021-08-21;898;2276;0;399628;348235;23;70.9;61.8;0.0
51;2021-08-22;112;427;0;399740;348662;23;70.9;61.8;0.0
51;2021-08-23;1100;3488;0;400840;352150;23;71.1;62.5;0.0
51;2021-08-24;1113;3517;0;401953;355667;23;71.3;63.1;0.0
51;2021-08-25;1206;4166;0;403159;359833;23;71.5;63.8;0.0
51;2021-08-26;1000;2490;0;404159;362323;23;71.7;64.3;0.0
51;2021-08-27;1150;3961;0;405309;366284;23;71.9;65.0;0.0
51;2021-08-28;609;2271;0;405918;368555;23;72.0;65.4;0.0
51;2021-08-29;88;411;0;406006;368966;23;72.0;65.4;0.0
51;2021-08-30;1200;4394;47;407206;373360;70;72.2;66.2;0.0
51;2021-08-31;753;2846;93;407959;376206;163;72.4;66.7;0.0
51;2021-09-01;751;2928;165;408710;379134;328;72.5;67.2;0.1
51;2021-09-02;756;1966;178;409466;381100;506;72.6;67.6;0.1
51;2021-09-03;891;2581;286;410357;383681;792;72.8;68.0;0.1
51;2021-09-04;590;2484;94;410947;386165;886;72.9;68.5;0.2
51;2021-09-05;128;216;35;411075;386381;921;72.9;68.5;0.2
51;2021-09-06;413;1449;474;411488;387830;1395;73.0;68.8;0.2
51;2021-09-07;503;1188;425;411991;389018;1820;73.1;69.0;0.3
51;2021-09-08;563;1752;251;412554;390770;2071;73.2;69.3;0.4
51;2021-09-09;455;1175;171;413009;391945;2242;73.3;69.5;0.4
51;2021-09-10;675;1738;303;413684;393683;2545;73.4;69.8;0.5
51;2021-09-11;528;1616;103;414212;395299;2648;73.5;70.1;0.5
51;2021-09-12;29;88;8;414241;395387;2656;73.5;70.1;0.5
51;2021-09-13;424;841;294;414665;396228;2950;73.5;70.3;0.5
51;2021-09-14;572;817;546;415237;397045;3496;73.6;70.4;0.6
51;2021-09-15;491;1327;401;415728;398372;3897;73.7;70.7;0.7
51;2021-09-16;318;642;415;416046;399014;4312;73.8;70.8;0.8
51;2021-09-17;551;1177;552;416597;400191;4864;73.9;71.0;0.9
51;2021-09-18;440;1267;149;417037;401458;5013;74.0;71.2;0.9
51;2021-09-19;16;75;10;417053;401533;5023;74.0;71.2;0.9
51;2021-09-20;278;567;299;417331;402100;5322;74.0;71.3;0.9
51;2021-09-21;239;519;352;417570;402619;5674;74.1;71.4;1.0
51;2021-09-22;309;1246;477;417879;403865;6151;74.1;71.6;1.1
51;2021-09-23;206;607;386;418085;404472;6537;74.2;71.7;1.2
51;2021-09-24;361;956;595;418446;405428;7132;74.2;71.9;1.3
51;2021-09-25;262;895;202;418708;406323;7334;74.3;72.1;1.3
51;2021-09-26;9;126;12;418717;406449;7346;74.3;72.1;1.3
51;2021-09-27;238;413;286;418955;406862;7632;74.3;72.2;1.4
51;2021-09-28;282;374;367;419237;407236;7999;74.4;72.2;1.4
51;2021-09-29;338;713;414;419575;407949;8413;74.4;72.4;1.5
51;2021-09-30;233;400;379;419808;408349;8792;74.5;72.4;1.6
51;2021-10-01;374;704;523;420182;409053;9315;74.5;72.5;1.7
51;2021-10-02;360;699;331;420542;409752;9646;74.6;72.7;1.7
51;2021-10-03;3;5;2;420545;409757;9648;74.6;72.7;1.7
51;2021-10-04;194;407;405;420739;410164;10053;74.6;72.7;1.8
51;2021-10-05;230;430;504;420969;410594;10557;74.7;72.8;1.9
51;2021-10-06;318;536;631;421287;411130;11188;74.7;72.9;2.0
51;2021-10-07;170;370;605;421457;411500;11793;74.7;73.0;2.1
51;2021-10-08;333;606;845;421790;412106;12638;74.8;73.1;2.2
51;2021-10-09;319;557;443;422109;412663;13081;74.9;73.2;2.3
51;2021-10-10;9;12;3;422118;412675;13084;74.9;73.2;2.3
51;2021-10-11;174;309;553;422292;412984;13637;74.9;73.2;2.4
51;2021-10-12;148;363;636;422440;413347;14273;74.9;73.3;2.5
51;2021-10-13;286;419;781;422726;413766;15054;75.0;73.4;2.7
51;2021-10-14;149;198;527;422875;413964;15581;75.0;73.4;2.8
51;2021-10-15;345;514;1231;423220;414478;16812;75.1;73.5;3.0
51;2021-10-16;294;369;487;423514;414847;17299;75.1;73.6;3.1
51;2021-10-17;5;4;8;423519;414851;17307;75.1;73.6;3.1
51;2021-10-18;143;255;656;423662;415106;17963;75.1;73.6;3.2
51;2021-10-19;146;289;661;423808;415395;18624;75.2;73.7;3.3
51;2021-10-20;278;385;987;424086;415780;19611;75.2;73.7;3.5
51;2021-10-21;151;251;643;424237;416031;20254;75.2;73.8;3.6
51;2021-10-22;223;384;1162;424460;416415;21416;75.3;73.9;3.8
51;2021-10-23;206;374;483;424666;416789;21899;75.3;73.9;3.9
51;2021-10-24;1;4;7;424667;416793;21906;75.3;73.9;3.9
51;2021-10-25;157;190;760;424824;416983;22666;75.3;74.0;4.0
51;2021-10-26;119;183;739;424943;417166;23405;75.4;74.0;4.2
51;2021-10-27;225;331;840;425168;417497;24245;75.4;74.0;4.3
51;2021-10-28;128;170;681;425296;417667;24926;75.4;74.1;4.4
51;2021-10-29;177;305;1168;425473;417972;26094;75.5;74.1;4.6
51;2021-10-30;158;299;406;425631;418271;26500;75.5;74.2;4.7
51;2021-10-31;1;6;1;425632;418277;26501;75.5;74.2;4.7
51;2021-11-01;13;8;6;425645;418285;26507;75.5;74.2;4.7
51;2021-11-02;163;228;794;425808;418513;27301;75.5;74.2;4.8
51;2021-11-03;192;231;996;426000;418744;28297;75.6;74.3;5.0
51;2021-11-04;99;155;737;426099;418899;29034;75.6;74.3;5.1
51;2021-11-05;277;372;1424;426376;419271;30458;75.6;74.4;5.4
51;2021-11-06;162;248;688;426538;419519;31146;75.7;74.4;5.5
51;2021-11-07;7;11;16;426545;419530;31162;75.7;74.4;5.5
51;2021-11-08;92;141;901;426637;419671;32063;75.7;74.4;5.7
51;2021-11-09;122;226;1177;426759;419897;33240;75.7;74.5;5.9
51;2021-11-10;197;252;1454;426956;420149;34694;75.7;74.5;6.2
51;2021-11-11;4;25;39;426960;420174;34733;75.7;74.5;6.2
51;2021-11-12;239;346;1785;427199;420520;36518;75.8;74.6;6.5
51;2021-11-13;121;156;692;427320;420676;37210;75.8;74.6;6.6
51;2021-11-14;0;6;14;427320;420682;37224;75.8;74.6;6.6
51;2021-11-15;118;162;1394;427438;420844;38618;75.8;74.6;6.8
51;2021-11-16;122;170;1768;427560;421014;40386;75.8;74.7;7.2
51;2021-11-17;171;220;1754;427731;421234;42140;75.9;74.7;7.5
51;2021-11-18;108;136;1517;427839;421370;43657;75.9;74.7;7.7
51;2021-11-19;258;311;2438;428097;421681;46095;75.9;74.8;8.2
51;2021-11-20;154;230;1160;428251;421911;47255;76.0;74.8;8.4
51;2021-11-21;6;7;46;428257;421918;47301;76.0;74.8;8.4
51;2021-11-22;158;126;1540;428415;422044;48841;76.0;74.9;8.7
51;2021-11-23;159;170;1980;428574;422214;50821;76.0;74.9;9.0
51;2021-11-24;281;201;1864;428855;422415;52685;76.1;74.9;9.3
51;2021-11-25;132;141;2057;428987;422556;54742;76.1;74.9;9.7
51;2021-11-26;246;240;3643;429233;422796;58385;76.1;75.0;10.4
51;2021-11-27;169;196;1803;429402;422992;60188;76.2;75.0;10.7
51;2021-11-28;2;7;136;429404;422999;60324;76.2;75.0;10.7
51;2021-11-29;119;139;3021;429523;423138;63345;76.2;75.0;11.2
51;2021-11-30;164;147;4476;429687;423285;67821;76.2;75.1;12.0
51;2021-12-01;130;173;4206;429817;423458;72027;76.2;75.1;12.8
51;2021-12-02;117;103;4747;429934;423561;76774;76.3;75.1;13.6
51;2021-12-03;159;222;5935;430093;423783;82709;76.3;75.2;14.7
51;2021-12-04;183;157;3999;430276;423940;86708;76.3;75.2;15.4
51;2021-12-05;13;18;385;430289;423958;87093;76.3;75.2;15.4
51;2021-12-06;98;151;4493;430387;424109;91586;76.3;75.2;16.2
51;2021-12-07;145;147;5859;430532;424256;97445;76.4;75.2;17.3
51;2021-12-08;137;187;5245;430669;424443;102690;76.4;75.3;18.2
51;2021-12-09;125;154;6541;430794;424597;109231;76.4;75.3;19.4
51;2021-12-10;189;238;7956;430983;424835;117187;76.4;75.3;20.8
51;2021-12-11;172;168;5057;431155;425003;122244;76.5;75.4;21.7
51;2021-12-12;10;8;498;431165;425011;122742;76.5;75.4;21.8
51;2021-12-13;108;184;5632;431273;425195;128374;76.5;75.4;22.8
51;2021-12-14;136;170;7170;431409;425365;135544;76.5;75.4;24.0
51;2021-12-15;153;244;7644;431562;425609;143188;76.5;75.5;25.4
51;2021-12-16;156;199;8056;431718;425808;151244;76.6;75.5;26.8
51;2021-12-17;204;310;8873;431922;426118;160117;76.6;75.6;28.4
51;2021-12-18;193;239;5612;432115;426357;165729;76.6;75.6;29.4
51;2021-12-19;37;29;960;432152;426386;166689;76.6;75.6;29.6
51;2021-12-20;178;178;6176;432330;426564;172865;76.7;75.7;30.7
51;2021-12-21;239;205;6864;432569;426769;179729;76.7;75.7;31.9
51;2021-12-22;232;223;6737;432801;426992;186466;76.8;75.7;33.1
52;2020-12-27;0;0;0;0;0;0;0.0;0.0;0.0
52;2020-12-28;0;0;0;0;0;0;0.0;0.0;0.0
52;2020-12-29;0;0;0;0;0;0;0.0;0.0;0.0
52;2020-12-30;0;0;0;0;0;0;0.0;0.0;0.0
52;2020-12-31;0;0;0;0;0;0;0.0;0.0;0.0
52;2021-01-01;0;0;0;0;0;0;0.0;0.0;0.0
52;2021-01-02;0;0;0;0;0;0;0.0;0.0;0.0
52;2021-01-03;0;0;0;0;0;0;0.0;0.0;0.0
52;2021-01-04;0;0;0;0;0;0;0.0;0.0;0.0
52;2021-01-05;3;0;0;3;0;0;0.0;0.0;0.0
52;2021-01-06;1;0;0;4;0;0;0.0;0.0;0.0
52;2021-01-07;2;0;0;6;0;0;0.0;0.0;0.0
52;2021-01-08;160;1;0;166;1;0;0.1;0.0;0.0
52;2021-01-09;89;0;0;255;1;0;0.2;0.0;0.0
52;2021-01-10;0;0;0;255;1;0;0.2;0.0;0.0
52;2021-01-11;167;0;0;422;1;0;0.2;0.0;0.0
52;2021-01-12;154;0;0;576;1;0;0.3;0.0;0.0
52;2021-01-13;465;0;0;1041;1;0;0.6;0.0;0.0
52;2021-01-14;614;9;0;1655;10;0;1.0;0.0;0.0
52;2021-01-15;373;1;0;2028;11;0;1.2;0.0;0.0
52;2021-01-16;17;0;0;2045;11;0;1.2;0.0;0.0
52;2021-01-17;1;0;0;2046;11;0;1.2;0.0;0.0
52;2021-01-18;380;0;0;2426;11;0;1.4;0.0;0.0
52;2021-01-19;392;1;0;2818;12;0;1.7;0.0;0.0
52;2021-01-20;404;2;0;3222;14;0;1.9;0.0;0.0
52;2021-01-21;406;1;0;3628;15;0;2.1;0.0;0.0
52;2021-01-22;320;2;0;3948;17;0;2.3;0.0;0.0
52;2021-01-23;69;2;0;4017;19;0;2.4;0.0;0.0
52;2021-01-24;2;0;0;4019;19;0;2.4;0.0;0.0
52;2021-01-25;261;1;0;4280;20;0;2.5;0.0;0.0
52;2021-01-26;304;1;0;4584;21;0;2.7;0.0;0.0
52;2021-01-27;243;1;0;4827;22;0;2.9;0.0;0.0
52;2021-01-28;186;4;0;5013;26;0;3.0;0.0;0.0
52;2021-01-29;81;92;0;5094;118;0;3.0;0.1;0.0
52;2021-01-30;90;90;0;5184;208;0;3.1;0.1;0.0
52;2021-01-31;0;0;0;5184;208;0;3.1;0.1;0.0
52;2021-02-01;116;145;0;5300;353;0;3.1;0.2;0.0
52;2021-02-02;75;142;0;5375;495;0;3.2;0.3;0.0
52;2021-02-03;81;340;0;5456;835;0;3.2;0.5;0.0
52;2021-02-04;209;519;0;5665;1354;0;3.3;0.8;0.0
52;2021-02-05;110;444;0;5775;1798;0;3.4;1.1;0.0
52;2021-02-06;26;0;0;5801;1798;0;3.4;1.1;0.0
52;2021-02-07;0;0;0;5801;1798;0;3.4;1.1;0.0
52;2021-02-08;39;187;0;5840;1985;0;3.5;1.2;0.0
52;2021-02-09;57;196;0;5897;2181;0;3.5;1.3;0.0
52;2021-02-10;99;179;0;5996;2360;0;3.5;1.4;0.0
52;2021-02-11;128;128;0;6124;2488;0;3.6;1.5;0.0
52;2021-02-12;179;136;0;6303;2624;0;3.7;1.6;0.0
52;2021-02-13;7;3;0;6310;2627;0;3.7;1.6;0.0
52;2021-02-14;6;19;0;6316;2646;0;3.7;1.6;0.0
52;2021-02-15;83;272;0;6399;2918;0;3.8;1.7;0.0
52;2021-02-16;66;327;0;6465;3245;0;3.8;1.9;0.0
52;2021-02-17;47;318;0;6512;3563;0;3.8;2.1;0.0
52;2021-02-18;83;250;0;6595;3813;0;3.9;2.3;0.0
52;2021-02-19;60;211;0;6655;4024;0;3.9;2.4;0.0
52;2021-02-20;16;99;0;6671;4123;0;3.9;2.4;0.0
52;2021-02-21;1;7;0;6672;4130;0;3.9;2.4;0.0
52;2021-02-22;40;364;0;6712;4494;0;4.0;2.7;0.0
52;2021-02-23;59;270;0;6771;4764;0;4.0;2.8;0.0
52;2021-02-24;89;217;0;6860;4981;0;4.1;2.9;0.0
52;2021-02-25;152;213;0;7012;5194;0;4.1;3.1;0.0
52;2021-02-26;302;162;0;7314;5356;0;4.3;3.2;0.0
52;2021-02-27;156;48;0;7470;5404;0;4.4;3.2;0.0
52;2021-02-28;1;1;0;7471;5405;0;4.4;3.2;0.0
52;2021-03-01;159;30;0;7630;5435;0;4.5;3.2;0.0
52;2021-03-02;156;66;0;7786;5501;0;4.6;3.3;0.0
52;2021-03-03;363;54;0;8149;5555;0;4.8;3.3;0.0
52;2021-03-04;401;67;0;8550;5622;0;5.1;3.3;0.0
52;2021-03-05;503;58;0;9053;5680;0;5.3;3.4;0.0
52;2021-03-06;428;40;0;9481;5720;0;5.6;3.4;0.0
52;2021-03-07;30;1;0;9511;5721;0;5.6;3.4;0.0
52;2021-03-08;387;114;0;9898;5835;0;5.8;3.4;0.0
52;2021-03-09;534;126;0;10432;5961;0;6.2;3.5;0.0
52;2021-03-10;339;111;0;10771;6072;0;6.4;3.6;0.0
52;2021-03-11;621;46;0;11392;6118;0;6.7;3.6;0.0
52;2021-03-12;549;61;0;11941;6179;0;7.1;3.7;0.0
52;2021-03-13;523;14;0;12464;6193;0;7.4;3.7;0.0
52;2021-03-14;23;2;0;12487;6195;0;7.4;3.7;0.0
52;2021-03-15;348;32;0;12835;6227;0;7.6;3.7;0.0
52;2021-03-16;247;22;0;13082;6249;0;7.7;3.7;0.0
52;2021-03-17;426;26;0;13508;6275;0;8.0;3.7;0.0
52;2021-03-18;488;25;0;13996;6300;0;8.3;3.7;0.0
52;2021-03-19;509;57;0;14505;6357;0;8.6;3.8;0.0
52;2021-03-20;263;13;0;14768;6370;0;8.7;3.8;0.0
52;2021-03-21;30;1;0;14798;6371;0;8.7;3.8;0.0
52;2021-03-22;386;51;0;15184;6422;0;9.0;3.8;0.0
52;2021-03-23;766;53;0;15950;6475;0;9.4;3.8;0.0
52;2021-03-24;818;73;0;16768;6548;0;9.9;3.9;0.0
52;2021-03-25;1144;100;0;17912;6648;0;10.6;3.9;0.0
52;2021-03-26;1023;137;0;18935;6785;0;11.2;4.0;0.0
52;2021-03-27;498;78;0;19433;6863;0;11.5;4.1;0.0
52;2021-03-28;61;0;0;19494;6863;0;11.5;4.1;0.0
52;2021-03-29;523;190;0;20017;7053;0;11.8;4.2;0.0
52;2021-03-30;881;246;0;20898;7299;0;12.3;4.3;0.0
52;2021-03-31;984;285;0;21882;7584;0;12.9;4.5;0.0
52;2021-04-01;1171;219;0;23053;7803;0;13.6;4.6;0.0
52;2021-04-02;996;111;0;24049;7914;0;14.2;4.7;0.0
52;2021-04-03;437;15;0;24486;7929;0;14.5;4.7;0.0
52;2021-04-04;7;3;0;24493;7932;0;14.5;4.7;0.0
52;2021-04-05;20;0;0;24513;7932;0;14.5;4.7;0.0
52;2021-04-06;487;289;0;25000;8221;0;14.8;4.9;0.0
52;2021-04-07;610;454;0;25610;8675;0;15.1;5.1;0.0
52;2021-04-08;932;270;0;26542;8945;0;15.7;5.3;0.0
52;2021-04-09;1116;157;0;27658;9102;0;16.3;5.4;0.0
52;2021-04-10;796;102;0;28454;9204;0;16.8;5.4;0.0
52;2021-04-11;55;11;0;28509;9215;0;16.8;5.4;0.0
52;2021-04-12;945;319;0;29454;9534;0;17.4;5.6;0.0
52;2021-04-13;1244;409;0;30698;9943;0;18.1;5.9;0.0
52;2021-04-14;1258;512;0;31956;10455;0;18.9;6.2;0.0
52;2021-04-15;1421;477;0;33377;10932;0;19.7;6.5;0.0
52;2021-04-16;1539;366;0;34916;11298;0;20.6;6.7;0.0
52;2021-04-17;1403;134;0;36319;11432;0;21.5;6.8;0.0
52;2021-04-18;504;41;0;36823;11473;0;21.8;6.8;0.0
52;2021-04-19;566;618;0;37389;12091;0;22.1;7.1;0.0
52;2021-04-20;950;710;0;38339;12801;0;22.7;7.6;0.0
52;2021-04-21;1043;704;0;39382;13505;0;23.3;8.0;0.0
52;2021-04-22;1413;695;0;40795;14200;0;24.1;8.4;0.0
52;2021-04-23;1336;642;0;42131;14842;0;24.9;8.8;0.0
52;2021-04-24;528;307;0;42659;15149;0;25.2;9.0;0.0
52;2021-04-25;20;86;0;42679;15235;0;25.2;9.0;0.0
52;2021-04-26;610;501;0;43289;15736;0;25.6;9.3;0.0
52;2021-04-27;919;731;0;44208;16467;0;26.1;9.7;0.0
52;2021-04-28;1379;612;0;45587;17079;0;26.9;10.1;0.0
52;2021-04-29;1300;612;0;46887;17691;0;27.7;10.5;0.0
52;2021-04-30;1246;673;0;48133;18364;0;28.4;10.9;0.0
52;2021-05-01;39;260;0;48172;18624;0;28.5;11.0;0.0
52;2021-05-02;8;6;0;48180;18630;0;28.5;11.0;0.0
52;2021-05-03;1062;633;0;49242;19263;0;29.1;11.4;0.0
52;2021-05-04;1279;746;0;50521;20009;0;29.8;11.8;0.0
52;2021-05-05;1593;704;0;52114;20713;0;30.8;12.2;0.0
52;2021-05-06;1706;577;0;53820;21290;0;31.8;12.6;0.0
52;2021-05-07;1427;1191;0;55247;22481;0;32.6;13.3;0.0
52;2021-05-08;587;267;0;55834;22748;0;33.0;13.4;0.0
52;2021-05-09;50;79;0;55884;22827;0;33.0;13.5;0.0
52;2021-05-10;755;1094;0;56639;23921;0;33.5;14.1;0.0
52;2021-05-11;863;1330;0;57502;25251;0;34.0;14.9;0.0
52;2021-05-12;1133;1301;0;58635;26552;0;34.6;15.7;0.0
52;2021-05-13;179;186;0;58814;26738;0;34.7;15.8;0.0
52;2021-05-14;1123;1372;0;59937;28110;0;35.4;16.6;0.0
52;2021-05-15;579;916;0;60516;29026;0;35.8;17.1;0.0
52;2021-05-16;124;60;0;60640;29086;0;35.8;17.2;0.0
52;2021-05-17;1031;694;0;61671;29780;0;36.4;17.6;0.0
52;2021-05-18;1143;671;0;62814;30451;0;37.1;18.0;0.0
52;2021-05-19;1422;430;0;64236;30881;0;38.0;18.2;0.0
52;2021-05-20;1547;448;0;65783;31329;0;38.9;18.5;0.0
52;2021-05-21;1535;611;0;67318;31940;0;39.8;18.9;0.0
52;2021-05-22;1078;212;0;68396;32152;0;40.4;19.0;0.0
52;2021-05-23;18;3;0;68414;32155;0;40.4;19.0;0.0
52;2021-05-24;508;39;0;68922;32194;0;40.7;19.0;0.0
52;2021-05-25;1278;381;0;70200;32575;0;41.5;19.2;0.0
52;2021-05-26;1339;672;0;71539;33247;0;42.3;19.6;0.0
52;2021-05-27;1375;790;0;72914;34037;0;43.1;20.1;0.0
52;2021-05-28;1412;704;0;74326;34741;0;43.9;20.5;0.0
52;2021-05-29;746;866;0;75072;35607;0;44.4;21.0;0.0
52;2021-05-30;32;552;0;75104;36159;0;44.4;21.4;0.0
52;2021-05-31;732;779;0;75836;36938;0;44.8;21.8;0.0
52;2021-06-01;862;830;0;76698;37768;0;45.3;22.3;0.0
52;2021-06-02;817;728;0;77515;38496;0;45.8;22.7;0.0
52;2021-06-03;792;754;0;78307;39250;0;46.3;23.2;0.0
52;2021-06-04;916;1368;0;79223;40618;0;46.8;24.0;0.0
52;2021-06-05;649;644;0;79872;41262;0;47.2;24.4;0.0
52;2021-06-06;31;57;0;79903;41319;0;47.2;24.4;0.0
52;2021-06-07;435;936;0;80338;42255;0;47.5;25.0;0.0
52;2021-06-08;586;1321;0;80924;43576;0;47.8;25.7;0.0
52;2021-06-09;689;1410;0;81613;44986;0;48.2;26.6;0.0
52;2021-06-10;792;955;0;82405;45941;0;48.7;27.1;0.0
52;2021-06-11;843;1319;0;83248;47260;0;49.2;27.9;0.0
52;2021-06-12;465;605;0;83713;47865;0;49.5;28.3;0.0
52;2021-06-13;13;11;0;83726;47876;0;49.5;28.3;0.0
52;2021-06-14;236;1334;0;83962;49210;0;49.6;29.1;0.0
52;2021-06-15;302;1620;0;84264;50830;0;49.8;30.0;0.0
52;2021-06-16;412;1749;0;84676;52579;0;50.0;31.1;0.0
52;2021-06-17;299;1059;0;84975;53638;0;50.2;31.7;0.0
52;2021-06-18;401;1590;0;85376;55228;0;50.4;32.6;0.0
52;2021-06-19;579;725;0;85955;55953;0;50.8;33.1;0.0
52;2021-06-20;4;24;0;85959;55977;0;50.8;33.1;0.0
52;2021-06-21;495;873;0;86454;56850;0;51.1;33.6;0.0
52;2021-06-22;467;1014;0;86921;57864;0;51.4;34.2;0.0
52;2021-06-23;512;1033;0;87433;58897;0;51.7;34.8;0.0
52;2021-06-24;576;782;0;88009;59679;0;52.0;35.3;0.0
52;2021-06-25;635;1334;0;88644;61013;0;52.4;36.0;0.0
52;2021-06-26;327;809;0;88971;61822;0;52.6;36.5;0.0
52;2021-06-27;5;54;0;88976;61876;0;52.6;36.6;0.0
52;2021-06-28;186;1386;0;89162;63262;0;52.7;37.4;0.0
52;2021-06-29;181;1296;0;89343;64558;0;52.8;38.1;0.0
52;2021-06-30;247;1344;0;89590;65902;0;52.9;38.9;0.0
52;2021-07-01;337;1045;0;89927;66947;0;53.1;39.6;0.0
52;2021-07-02;466;1491;0;90393;68438;0;53.4;40.4;0.0
52;2021-07-03;369;1161;0;90762;69599;0;53.6;41.1;0.0
52;2021-07-04;7;45;0;90769;69644;0;53.6;41.1;0.0
52;2021-07-05;228;1378;0;90997;71022;0;53.8;42.0;0.0
52;2021-07-06;333;1368;0;91330;72390;0;54.0;42.8;0.0
52;2021-07-07;339;1143;0;91669;73533;0;54.2;43.4;0.0
52;2021-07-08;460;1173;0;92129;74706;0;54.4;44.1;0.0
52;2021-07-09;349;1558;0;92478;76264;0;54.6;45.1;0.0
52;2021-07-10;208;857;0;92686;77121;0;54.8;45.6;0.0
52;2021-07-11;17;31;0;92703;77152;0;54.8;45.6;0.0
52;2021-07-12;310;1348;0;93013;78500;0;55.0;46.4;0.0
52;2021-07-13;583;1313;0;93596;79813;0;55.3;47.2;0.0
52;2021-07-14;489;192;0;94085;80005;0;55.6;47.3;0.0
52;2021-07-15;634;1344;0;94719;81349;0;56.0;48.1;0.0
52;2021-07-16;940;1363;0;95659;82712;0;56.5;48.9;0.0
52;2021-07-17;661;449;0;96320;83161;0;56.9;49.1;0.0
52;2021-07-18;135;45;0;96455;83206;0;57.0;49.2;0.0
52;2021-07-19;683;982;0;97138;84188;0;57.4;49.7;0.0
52;2021-07-20;1059;911;0;98197;85099;0;58.0;50.3;0.0
52;2021-07-21;1086;787;0;99283;85886;0;58.7;50.7;0.0
52;2021-07-22;1351;912;0;100634;86798;0;59.5;51.3;0.0
52;2021-07-23;1361;1058;0;101995;87856;0;60.3;51.9;0.0
52;2021-07-24;925;551;0;102920;88407;0;60.8;52.2;0.0
52;2021-07-25;45;30;0;102965;88437;0;60.8;52.3;0.0
52;2021-07-26;930;643;0;103895;89080;0;61.4;52.6;0.0
52;2021-07-27;1256;672;0;105151;89752;0;62.1;53.0;0.0
52;2021-07-28;1294;655;0;106445;90407;0;62.9;53.4;0.0
52;2021-07-29;1216;620;0;107661;91027;0;63.6;53.8;0.0
52;2021-07-30;1377;779;0;109038;91806;0;64.4;54.2;0.0
52;2021-07-31;980;594;0;110018;92400;0;65.0;54.6;0.0
52;2021-08-01;21;18;0;110039;92418;0;65.0;54.6;0.0
52;2021-08-02;1155;606;0;111194;93024;0;65.7;55.0;0.0
52;2021-08-03;1303;586;0;112497;93610;0;66.5;55.3;0.0
52;2021-08-04;1131;583;0;113628;94193;0;67.1;55.7;0.0
52;2021-08-05;973;585;0;114601;94778;0;67.7;56.0;0.0
52;2021-08-06;1042;759;0;115643;95537;0;68.3;56.4;0.0
52;2021-08-07;666;505;0;116309;96042;0;68.7;56.7;0.0
52;2021-08-08;14;18;0;116323;96060;0;68.7;56.8;0.0
52;2021-08-09;460;812;0;116783;96872;0;69.0;57.2;0.0
52;2021-08-10;713;793;0;117496;97665;0;69.4;57.7;0.0
52;2021-08-11;564;817;0;118060;98482;0;69.8;58.2;0.0
52;2021-08-12;642;815;0;118702;99297;0;70.1;58.7;0.0
52;2021-08-13;454;1047;0;119156;100344;0;70.4;59.3;0.0
52;2021-08-14;425;394;0;119581;100738;0;70.7;59.5;0.0
52;2021-08-15;36;26;0;119617;100764;0;70.7;59.5;0.0
52;2021-08-16;366;935;0;119983;101699;0;70.9;60.1;0.0
52;2021-08-17;394;908;0;120377;102607;0;71.1;60.6;0.0
52;2021-08-18;475;939;0;120852;103546;0;71.4;61.2;0.0
52;2021-08-19;430;855;0;121282;104401;0;71.7;61.7;0.0
52;2021-08-20;370;1228;0;121652;105629;0;71.9;62.4;0.0
52;2021-08-21;374;672;0;122026;106301;0;72.1;62.8;0.0
52;2021-08-22;10;26;0;122036;106327;0;72.1;62.8;0.0
52;2021-08-23;400;1024;0;122436;107351;0;72.3;63.4;0.0
52;2021-08-24;292;1040;0;122728;108391;0;72.5;64.0;0.0
52;2021-08-25;243;1060;0;122971;109451;0;72.7;64.7;0.0
52;2021-08-26;297;945;0;123268;110396;0;72.8;65.2;0.0
52;2021-08-27;412;1313;0;123680;111709;0;73.1;66.0;0.0
52;2021-08-28;258;584;0;123938;112293;0;73.2;66.3;0.0
52;2021-08-29;9;22;0;123947;112315;0;73.2;66.4;0.0
52;2021-08-30;216;935;21;124163;113250;21;73.4;66.9;0.0
52;2021-08-31;204;963;18;124367;114213;39;73.5;67.5;0.0
52;2021-09-01;191;958;35;124558;115171;74;73.6;68.0;0.0
52;2021-09-02;189;700;67;124747;115871;141;73.7;68.5;0.1
52;2021-09-03;256;850;100;125003;116721;241;73.9;69.0;0.1
52;2021-09-04;206;598;30;125209;117319;271;74.0;69.3;0.2
52;2021-09-05;8;25;3;125217;117344;274;74.0;69.3;0.2
52;2021-09-06;146;504;39;125363;117848;313;74.1;69.6;0.2
52;2021-09-07;178;418;110;125541;118266;423;74.2;69.9;0.2
52;2021-09-08;161;591;54;125702;118857;477;74.3;70.2;0.3
52;2021-09-09;144;360;83;125846;119217;560;74.4;70.4;0.3
52;2021-09-10;257;590;108;126103;119807;668;74.5;70.8;0.4
52;2021-09-11;157;334;31;126260;120141;699;74.6;71.0;0.4
52;2021-09-12;4;15;3;126264;120156;702;74.6;71.0;0.4
52;2021-09-13;179;465;129;126443;120621;831;74.7;71.3;0.5
52;2021-09-14;151;304;145;126594;120925;976;74.8;71.4;0.6
52;2021-09-15;151;424;103;126745;121349;1079;74.9;71.7;0.6
52;2021-09-16;136;288;156;126881;121637;1235;75.0;71.9;0.7
52;2021-09-17;218;485;165;127099;122122;1400;75.1;72.2;0.8
52;2021-09-18;135;271;69;127234;122393;1469;75.2;72.3;0.9
52;2021-09-19;6;24;4;127240;122417;1473;75.2;72.3;0.9
52;2021-09-20;108;321;93;127348;122738;1566;75.2;72.5;0.9
52;2021-09-21;81;205;145;127429;122943;1711;75.3;72.6;1.0
52;2021-09-22;97;286;119;127526;123229;1830;75.3;72.8;1.1
52;2021-09-23;143;213;179;127669;123442;2009;75.4;72.9;1.2
52;2021-09-24;125;288;206;127794;123730;2215;75.5;73.1;1.3
52;2021-09-25;92;252;150;127886;123982;2365;75.6;73.3;1.4
52;2021-09-26;4;6;0;127890;123988;2365;75.6;73.3;1.4
52;2021-09-27;116;177;154;128006;124165;2519;75.6;73.4;1.5
52;2021-09-28;105;122;141;128111;124287;2660;75.7;73.4;1.6
52;2021-09-29;97;217;79;128208;124504;2739;75.8;73.6;1.6
52;2021-09-30;113;127;80;128321;124631;2819;75.8;73.6;1.7
52;2021-10-01;119;230;168;128440;124861;2987;75.9;73.8;1.8
52;2021-10-02;64;164;40;128504;125025;3027;75.9;73.9;1.8
52;2021-10-03;3;7;3;128507;125032;3030;75.9;73.9;1.8
52;2021-10-04;82;177;171;128589;125209;3201;76.0;74.0;1.9
52;2021-10-05;61;142;82;128650;125351;3283;76.0;74.1;1.9
52;2021-10-06;110;162;128;128760;125513;3411;76.1;74.2;2.0
52;2021-10-07;51;111;237;128811;125624;3648;76.1;74.2;2.2
52;2021-10-08;110;212;239;128921;125836;3887;76.2;74.3;2.3
52;2021-10-09;71;132;59;128992;125968;3946;76.2;74.4;2.3
52;2021-10-10;3;5;0;128995;125973;3946;76.2;74.4;2.3
52;2021-10-11;44;154;125;129039;126127;4071;76.2;74.5;2.4
52;2021-10-12;68;103;177;129107;126230;4248;76.3;74.6;2.5
52;2021-10-13;70;96;150;129177;126326;4398;76.3;74.6;2.6
52;2021-10-14;41;51;112;129218;126377;4510;76.3;74.7;2.7
52;2021-10-15;85;231;210;129303;126608;4720;76.4;74.8;2.8
52;2021-10-16;61;111;115;129364;126719;4835;76.4;74.9;2.9
52;2021-10-17;0;3;0;129364;126722;4835;76.4;74.9;2.9
52;2021-10-18;49;167;161;129413;126889;4996;76.5;75.0;3.0
52;2021-10-19;57;106;157;129470;126995;5153;76.5;75.0;3.0
52;2021-10-20;60;75;240;129530;127070;5393;76.5;75.1;3.2
52;2021-10-21;27;73;165;129557;127143;5558;76.5;75.1;3.3
52;2021-10-22;64;152;326;129621;127295;5884;76.6;75.2;3.5
52;2021-10-23;37;83;101;129658;127378;5985;76.6;75.3;3.5
52;2021-10-24;1;0;9;129659;127378;5994;76.6;75.3;3.5
52;2021-10-25;59;88;347;129718;127466;6341;76.6;75.3;3.7
52;2021-10-26;35;53;273;129753;127519;6614;76.7;75.3;3.9
52;2021-10-27;50;67;290;129803;127586;6904;76.7;75.4;4.1
52;2021-10-28;26;32;316;129829;127618;7220;76.7;75.4;4.3
52;2021-10-29;62;108;291;129891;127726;7511;76.7;75.5;4.4
52;2021-10-30;43;77;139;129934;127803;7650;76.8;75.5;4.5
52;2021-10-31;1;4;1;129935;127807;7651;76.8;75.5;4.5
52;2021-11-01;1;1;6;129936;127808;7657;76.8;75.5;4.5
52;2021-11-02;57;67;307;129993;127875;7964;76.8;75.6;4.7
52;2021-11-03;66;85;355;130059;127960;8319;76.8;75.6;4.9
52;2021-11-04;25;35;279;130084;127995;8598;76.9;75.6;5.1
52;2021-11-05;77;117;425;130161;128112;9023;76.9;75.7;5.3
52;2021-11-06;53;62;196;130214;128174;9219;76.9;75.7;5.4
52;2021-11-07;0;1;0;130214;128175;9219;76.9;75.7;5.4
52;2021-11-08;37;68;382;130251;128243;9601;77.0;75.8;5.7
52;2021-11-09;37;67;466;130288;128310;10067;77.0;75.8;5.9
52;2021-11-10;57;94;826;130345;128404;10893;77.0;75.9;6.4
52;2021-11-11;0;6;6;130345;128410;10899;77.0;75.9;6.4
52;2021-11-12;53;88;595;130398;128498;11494;77.0;75.9;6.8
52;2021-11-13;38;47;342;130436;128545;11836;77.1;75.9;7.0
52;2021-11-14;3;1;4;130439;128546;11840;77.1;76.0;7.0
52;2021-11-15;25;56;548;130464;128602;12388;77.1;76.0;7.3
52;2021-11-16;52;72;973;130516;128674;13361;77.1;76.0;7.9
52;2021-11-17;54;55;763;130570;128729;14124;77.1;76.1;8.3
52;2021-11-18;32;39;442;130602;128768;14566;77.2;76.1;8.6
52;2021-11-19;68;73;758;130670;128841;15324;77.2;76.1;9.1
52;2021-11-20;56;55;444;130726;128896;15768;77.2;76.2;9.3
52;2021-11-21;1;1;18;130727;128897;15786;77.2;76.2;9.3
52;2021-11-22;37;24;845;130764;128921;16631;77.3;76.2;9.8
52;2021-11-23;51;28;828;130815;128949;17459;77.3;76.2;10.3
52;2021-11-24;84;63;770;130899;129012;18229;77.3;76.2;10.8
52;2021-11-25;30;24;523;130929;129036;18752;77.4;76.2;11.1
52;2021-11-26;72;69;1355;131001;129105;20107;77.4;76.3;11.9
52;2021-11-27;47;64;932;131048;129169;21039;77.4;76.3;12.4
52;2021-11-28;2;2;17;131050;129171;21056;77.4;76.3;12.4
52;2021-11-29;52;49;1092;131102;129220;22148;77.5;76.3;13.1
52;2021-11-30;58;33;1460;131160;129253;23608;77.5;76.4;13.9
52;2021-12-01;54;40;1345;131214;129293;24953;77.5;76.4;14.7
52;2021-12-02;31;51;1434;131245;129344;26387;77.5;76.4;15.6
52;2021-12-03;46;97;1980;131291;129441;28367;77.6;76.5;16.8
52;2021-12-04;30;47;804;131321;129488;29171;77.6;76.5;17.2
52;2021-12-05;12;9;200;131333;129497;29371;77.6;76.5;17.4
52;2021-12-06;35;45;1541;131368;129542;30912;77.6;76.5;18.3
52;2021-12-07;44;52;2063;131412;129594;32975;77.6;76.6;19.5
52;2021-12-08;38;69;2035;131450;129663;35010;77.7;76.6;20.7
52;2021-12-09;49;48;2185;131499;129711;37195;77.7;76.6;22.0
52;2021-12-10;49;60;2624;131548;129771;39819;77.7;76.7;23.5
52;2021-12-11;50;50;1378;131598;129821;41197;77.8;76.7;24.3
52;2021-12-12;6;9;271;131604;129830;41468;77.8;76.7;24.5
52;2021-12-13;46;50;2050;131650;129880;43518;77.8;76.7;25.7
52;2021-12-14;63;65;2801;131713;129945;46319;77.8;76.8;27.4
52;2021-12-15;36;80;2627;131749;130025;48946;77.8;76.8;28.9
52;2021-12-16;38;80;2382;131787;130105;51328;77.9;76.9;30.3
52;2021-12-17;74;104;2611;131861;130209;53939;77.9;76.9;31.9
52;2021-12-18;30;58;1075;131891;130267;55014;77.9;77.0;32.5
52;2021-12-19;11;9;285;131902;130276;55299;77.9;77.0;32.7
52;2021-12-20;59;64;1850;131961;130340;57149;78.0;77.0;33.8
52;2021-12-21;77;52;1813;132038;130392;58962;78.0;77.0;34.8
52;2021-12-22;86;70;1846;132124;130462;60808;78.1;77.1;35.9
53;2020-12-27;0;0;0;0;0;0;0.0;0.0;0.0
53;2020-12-28;0;0;0;0;0;0;0.0;0.0;0.0
53;2020-12-29;0;0;0;0;0;0;0.0;0.0;0.0
53;2020-12-30;0;0;0;0;0;0;0.0;0.0;0.0
53;2020-12-31;0;0;0;0;0;0;0.0;0.0;0.0
53;2021-01-01;0;0;0;0;0;0;0.0;0.0;0.0
53;2021-01-02;3;1;0;3;1;0;0.0;0.0;0.0
53;2021-01-03;0;0;0;3;1;0;0.0;0.0;0.0
53;2021-01-04;0;0;0;3;1;0;0.0;0.0;0.0
53;2021-01-05;0;0;0;3;1;0;0.0;0.0;0.0
53;2021-01-06;1;0;0;4;1;0;0.0;0.0;0.0
53;2021-01-07;99;0;0;103;1;0;0.0;0.0;0.0
53;2021-01-08;266;1;0;369;2;0;0.1;0.0;0.0
53;2021-01-09;133;1;0;502;3;0;0.2;0.0;0.0
53;2021-01-10;17;0;0;519;3;0;0.2;0.0;0.0
53;2021-01-11;176;1;0;695;4;0;0.2;0.0;0.0
53;2021-01-12;350;2;0;1045;6;0;0.3;0.0;0.0
53;2021-01-13;246;0;0;1291;6;0;0.4;0.0;0.0
53;2021-01-14;279;5;0;1570;11;0;0.5;0.0;0.0
53;2021-01-15;337;5;0;1907;16;0;0.6;0.0;0.0
53;2021-01-16;64;0;0;1971;16;0;0.6;0.0;0.0
53;2021-01-17;34;0;0;2005;16;0;0.7;0.0;0.0
53;2021-01-18;369;0;0;2374;16;0;0.8;0.0;0.0
53;2021-01-19;564;0;0;2938;16;0;1.0;0.0;0.0
53;2021-01-20;590;0;0;3528;16;0;1.2;0.0;0.0
53;2021-01-21;666;3;0;4194;19;0;1.4;0.0;0.0
53;2021-01-22;573;9;0;4767;28;0;1.6;0.0;0.0
53;2021-01-23;159;1;0;4926;29;0;1.6;0.0;0.0
53;2021-01-24;8;0;0;4934;29;0;1.6;0.0;0.0
53;2021-01-25;511;0;0;5445;29;0;1.8;0.0;0.0
53;2021-01-26;1149;7;0;6594;36;0;2.2;0.0;0.0
53;2021-01-27;691;5;0;7285;41;0;2.4;0.0;0.0
53;2021-01-28;676;91;0;7961;132;0;2.6;0.0;0.0
53;2021-01-29;415;171;0;8376;303;0;2.7;0.1;0.0
53;2021-01-30;141;0;0;8517;303;0;2.8;0.1;0.0
53;2021-01-31;0;0;0;8517;303;0;2.8;0.1;0.0
53;2021-02-01;311;145;0;8828;448;0;2.9;0.1;0.0
53;2021-02-02;315;198;0;9143;646;0;3.0;0.2;0.0
53;2021-02-03;228;305;0;9371;951;0;3.1;0.3;0.0
53;2021-02-04;183;315;0;9554;1266;0;3.1;0.4;0.0
53;2021-02-05;242;274;0;9796;1540;0;3.2;0.5;0.0
53;2021-02-06;151;26;0;9947;1566;0;3.3;0.5;0.0
53;2021-02-07;1;1;0;9948;1567;0;3.3;0.5;0.0
53;2021-02-08;178;120;0;10126;1687;0;3.3;0.6;0.0
53;2021-02-09;338;173;0;10464;1860;0;3.4;0.6;0.0
53;2021-02-10;190;312;0;10654;2172;0;3.5;0.7;0.0
53;2021-02-11;378;383;0;11032;2555;0;3.6;0.8;0.0
53;2021-02-12;316;487;0;11348;3042;0;3.7;1.0;0.0
53;2021-02-13;104;112;0;11452;3154;0;3.8;1.0;0.0
53;2021-02-14;0;77;0;11452;3231;0;3.8;1.1;0.0
53;2021-02-15;261;426;0;11713;3657;0;3.8;1.2;0.0
53;2021-02-16;494;782;0;12207;4439;0;4.0;1.5;0.0
53;2021-02-17;390;611;0;12597;5050;0;4.1;1.7;0.0
53;2021-02-18;525;545;0;13122;5595;0;4.3;1.8;0.0
53;2021-02-19;858;370;0;13980;5965;0;4.6;2.0;0.0
53;2021-02-20;143;114;0;14123;6079;0;4.6;2.0;0.0
53;2021-02-21;0;15;0;14123;6094;0;4.6;2.0;0.0
53;2021-02-22;178;517;0;14301;6611;0;4.7;2.2;0.0
53;2021-02-23;83;615;0;14384;7226;0;4.7;2.4;0.0
53;2021-02-24;149;480;0;14533;7706;0;4.8;2.5;0.0
53;2021-02-25;490;353;0;15023;8059;0;4.9;2.6;0.0
53;2021-02-26;460;262;0;15483;8321;0;5.1;2.7;0.0
53;2021-02-27;103;126;0;15586;8447;0;5.1;2.8;0.0
53;2021-02-28;2;5;0;15588;8452;0;5.1;2.8;0.0
53;2021-03-01;242;298;0;15830;8750;0;5.2;2.9;0.0
53;2021-03-02;267;275;0;16097;9025;0;5.3;3.0;0.0
53;2021-03-03;352;351;0;16449;9376;0;5.4;3.1;0.0
53;2021-03-04;892;309;0;17341;9685;0;5.7;3.2;0.0
53;2021-03-05;676;272;0;18017;9957;0;5.9;3.3;0.0
53;2021-03-06;454;212;0;18471;10169;0;6.0;3.3;0.0
53;2021-03-07;294;7;0;18765;10176;0;6.1;3.3;0.0
53;2021-03-08;372;179;0;19137;10355;0;6.3;3.4;0.0
53;2021-03-09;925;225;0;20062;10580;0;6.6;3.5;0.0
53;2021-03-10;856;116;0;20918;10696;0;6.9;3.5;0.0
53;2021-03-11;1307;214;0;22225;10910;0;7.3;3.6;0.0
53;2021-03-12;1639;165;0;23864;11075;0;7.8;3.6;0.0
53;2021-03-13;823;23;0;24687;11098;0;8.1;3.6;0.0
53;2021-03-14;6;4;0;24693;11102;0;8.1;3.6;0.0
53;2021-03-15;981;305;0;25674;11407;0;8.4;3.7;0.0
53;2021-03-16;1010;323;0;26684;11730;0;8.7;3.8;0.0
53;2021-03-17;742;266;0;27426;11996;0;9.0;3.9;0.0
53;2021-03-18;1004;356;0;28430;12352;0;9.3;4.0;0.0
53;2021-03-19;1313;585;0;29743;12937;0;9.7;4.2;0.0
53;2021-03-20;614;19;0;30357;12956;0;9.9;4.2;0.0
53;2021-03-21;4;0;0;30361;12956;0;9.9;4.2;0.0
53;2021-03-22;1182;166;0;31543;13122;0;10.3;4.3;0.0
53;2021-03-23;1697;85;0;33240;13207;0;10.9;4.3;0.0
53;2021-03-24;1356;133;0;34596;13340;0;11.3;4.4;0.0
53;2021-03-25;2248;247;0;36844;13587;0;12.1;4.4;0.0
53;2021-03-26;1915;170;0;38759;13757;0;12.7;4.5;0.0
53;2021-03-27;360;14;0;39119;13771;0;12.8;4.5;0.0
53;2021-03-28;14;3;0;39133;13774;0;12.8;4.5;0.0
53;2021-03-29;1352;225;0;40485;13999;0;13.3;4.6;0.0
53;2021-03-30;1838;218;0;42323;14217;0;13.9;4.7;0.0
53;2021-03-31;1657;226;0;43980;14443;0;14.4;4.7;0.0
53;2021-04-01;1797;661;0;45777;15104;0;15.0;4.9;0.0
53;2021-04-02;1929;213;0;47706;15317;0;15.6;5.0;0.0
53;2021-04-03;395;13;0;48101;15330;0;15.8;5.0;0.0
53;2021-04-04;12;3;0;48113;15333;0;15.8;5.0;0.0
53;2021-04-05;15;13;0;48128;15346;0;15.8;5.0;0.0
53;2021-04-06;1183;538;0;49311;15884;0;16.1;5.2;0.0
53;2021-04-07;1134;955;0;50445;16839;0;16.5;5.5;0.0
53;2021-04-08;1669;1031;0;52114;17870;0;17.1;5.9;0.0
53;2021-04-09;1829;452;0;53943;18322;0;17.7;6.0;0.0
53;2021-04-10;561;15;0;54504;18337;0;17.8;6.0;0.0
53;2021-04-11;23;5;0;54527;18342;0;17.9;6.0;0.0
53;2021-04-12;767;1058;0;55294;19400;0;18.1;6.4;0.0
53;2021-04-13;1543;1102;0;56837;20502;0;18.6;6.7;0.0
53;2021-04-14;1041;780;0;57878;21282;0;19.0;7.0;0.0
53;2021-04-15;1257;1111;0;59135;22393;0;19.4;7.3;0.0
53;2021-04-16;1449;787;0;60584;23180;0;19.8;7.6;0.0
53;2021-04-17;435;304;0;61019;23484;0;20.0;7.7;0.0
53;2021-04-18;33;5;0;61052;23489;0;20.0;7.7;0.0
53;2021-04-19;754;990;0;61806;24479;0;20.2;8.0;0.0
53;2021-04-20;993;1456;0;62799;25935;0;20.6;8.5;0.0
53;2021-04-21;967;1030;0;63766;26965;0;20.9;8.8;0.0
53;2021-04-22;1181;1589;0;64947;28554;0;21.3;9.4;0.0
53;2021-04-23;1431;998;0;66378;29552;0;21.7;9.7;0.0
53;2021-04-24;182;34;0;66560;29586;0;21.8;9.7;0.0
53;2021-04-25;44;44;0;66604;29630;0;21.8;9.7;0.0
53;2021-04-26;484;1119;0;67088;30749;0;22.0;10.1;0.0
53;2021-04-27;932;1787;0;68020;32536;0;22.3;10.7;0.0
53;2021-04-28;1163;1320;0;69183;33856;0;22.7;11.1;0.0
53;2021-04-29;1233;1596;0;70416;35452;0;23.1;11.6;0.0
53;2021-04-30;1552;1279;0;71968;36731;0;23.6;12.0;0.0
53;2021-05-01;156;69;0;72124;36800;0;23.6;12.1;0.0
53;2021-05-02;69;11;0;72193;36811;0;23.6;12.1;0.0
53;2021-05-03;1666;698;0;73859;37509;0;24.2;12.3;0.0
53;2021-05-04;1393;1298;0;75252;38807;0;24.6;12.7;0.0
53;2021-05-05;1699;807;0;76951;39614;0;25.2;13.0;0.0
53;2021-05-06;1509;1323;0;78460;40937;0;25.7;13.4;0.0
53;2021-05-07;1573;1360;0;80033;42297;0;26.2;13.9;0.0
53;2021-05-08;979;70;0;81012;42367;0;26.5;13.9;0.0
53;2021-05-09;70;18;0;81082;42385;0;26.6;13.9;0.0
53;2021-05-10;2451;882;0;83533;43267;0;27.4;14.2;0.0
53;2021-05-11;3111;1342;0;86644;44609;0;28.4;14.6;0.0
53;2021-05-12;2686;1160;0;89330;45769;0;29.3;15.0;0.0
53;2021-05-13;377;49;0;89707;45818;0;29.4;15.0;0.0
53;2021-05-14;1943;711;0;91650;46529;0;30.0;15.2;0.0
53;2021-05-15;1163;130;0;92813;46659;0;30.4;15.3;0.0
53;2021-05-16;100;13;0;92913;46672;0;30.4;15.3;0.0
53;2021-05-17;1695;1308;0;94608;47980;0;31.0;15.7;0.0
53;2021-05-18;1913;1545;0;96521;49525;0;31.6;16.2;0.0
53;2021-05-19;2446;797;0;98967;50322;0;32.4;16.5;0.0
53;2021-05-20;3058;928;0;102025;51250;0;33.4;16.8;0.0
53;2021-05-21;2665;942;0;104690;52192;0;34.3;17.1;0.0
53;2021-05-22;246;108;0;104936;52300;0;34.4;17.1;0.0
53;2021-05-23;79;3;0;105015;52303;0;34.4;17.1;0.0
53;2021-05-24;145;17;0;105160;52320;0;34.4;17.1;0.0
53;2021-05-25;1799;846;0;106959;53166;0;35.0;17.4;0.0
53;2021-05-26;1817;941;0;108776;54107;0;35.6;17.7;0.0
53;2021-05-27;2968;1101;0;111744;55208;0;36.6;18.1;0.0
53;2021-05-28;2485;1028;0;114229;56236;0;37.4;18.4;0.0
53;2021-05-29;972;283;0;115201;56519;0;37.7;18.5;0.0
53;2021-05-30;45;12;0;115246;56531;0;37.7;18.5;0.0
53;2021-05-31;2457;903;0;117703;57434;0;38.5;18.8;0.0
53;2021-06-01;3224;1316;0;120927;58750;0;39.6;19.2;0.0
53;2021-06-02;2847;623;0;123774;59373;0;40.5;19.4;0.0
53;2021-06-03;3741;857;0;127515;60230;0;41.8;19.7;0.0
53;2021-06-04;2892;1369;0;130407;61599;0;42.7;20.2;0.0
53;2021-06-05;340;342;0;130747;61941;0;42.8;20.3;0.0
53;2021-06-06;35;47;0;130782;61988;0;42.8;20.3;0.0
53;2021-06-07;2478;1081;0;133260;63069;0;43.6;20.7;0.0
53;2021-06-08;3183;1239;0;136443;64308;0;44.7;21.1;0.0
53;2021-06-09;2248;1023;0;138691;65331;0;45.4;21.4;0.0
53;2021-06-10;3136;930;0;141827;66261;0;46.4;21.7;0.0
53;2021-06-11;2688;1384;0;144515;67645;0;47.3;22.2;0.0
53;2021-06-12;263;268;0;144778;67913;0;47.4;22.2;0.0
53;2021-06-13;56;60;0;144834;67973;0;47.4;22.3;0.0
53;2021-06-14;1502;1877;0;146336;69850;0;47.9;22.9;0.0
53;2021-06-15;1818;2343;0;148154;72193;0;48.5;23.6;0.0
53;2021-06-16;1711;1842;0;149865;74035;0;49.1;24.2;0.0
53;2021-06-17;2728;1680;0;152593;75715;0;50.0;24.8;0.0
53;2021-06-18;2510;1838;0;155103;77553;0;50.8;25.4;0.0
53;2021-06-19;744;1218;0;155847;78771;0;51.0;25.8;0.0
53;2021-06-20;35;465;0;155882;79236;0;51.0;25.9;0.0
53;2021-06-21;946;2623;0;156828;81859;0;51.4;26.8;0.0
53;2021-06-22;1298;3440;0;158126;85299;0;51.8;27.9;0.0
53;2021-06-23;1326;2865;0;159452;88164;0;52.2;28.9;0.0
53;2021-06-24;1686;2069;0;161138;90233;0;52.8;29.5;0.0
53;2021-06-25;1707;2184;0;162845;92417;0;53.3;30.3;0.0
53;2021-06-26;984;483;0;163829;92900;0;53.7;30.4;0.0
53;2021-06-27;23;92;0;163852;92992;0;53.7;30.5;0.0
53;2021-06-28;661;2944;0;164513;95936;0;53.9;31.4;0.0
53;2021-06-29;876;3583;0;165389;99519;0;54.2;32.6;0.0
53;2021-06-30;784;1639;0;166173;101158;0;54.4;33.1;0.0
53;2021-07-01;1406;2556;1;167579;103714;1;54.9;34.0;0.0
53;2021-07-02;1470;2077;0;169049;105791;1;55.4;34.6;0.0
53;2021-07-03;851;722;0;169900;106513;1;55.6;34.9;0.0
53;2021-07-04;12;90;0;169912;106603;1;55.6;34.9;0.0
53;2021-07-05;581;2130;0;170493;108733;1;55.8;35.6;0.0
53;2021-07-06;857;3524;0;171350;112257;1;56.1;36.8;0.0
53;2021-07-07;1016;2609;0;172366;114866;1;56.4;37.6;0.0
53;2021-07-08;1236;2989;0;173602;117855;1;56.9;38.6;0.0
53;2021-07-09;1021;3284;0;174623;121139;1;57.2;39.7;0.0
53;2021-07-10;387;1080;0;175010;122219;1;57.3;40.0;0.0
53;2021-07-11;40;66;0;175050;122285;1;57.3;40.0;0.0
53;2021-07-12;522;3517;0;175572;125802;1;57.5;41.2;0.0
53;2021-07-13;902;4416;0;176474;130218;1;57.8;42.6;0.0
53;2021-07-14;206;267;0;176680;130485;1;57.9;42.7;0.0
53;2021-07-15;1160;4039;0;177840;134524;1;58.2;44.1;0.0
53;2021-07-16;1260;3658;0;179100;138182;1;58.7;45.3;0.0
53;2021-07-17;1375;564;0;180475;138746;1;59.1;45.4;0.0
53;2021-07-18;168;65;0;180643;138811;1;59.2;45.5;0.0
53;2021-07-19;821;3283;0;181464;142094;1;59.4;46.5;0.0
53;2021-07-20;1061;3840;0;182525;145934;1;59.8;47.8;0.0
53;2021-07-21;915;3089;0;183440;149023;1;60.1;48.8;0.0
53;2021-07-22;1600;3246;0;185040;152269;1;60.6;49.9;0.0
53;2021-07-23;1607;3576;0;186647;155845;1;61.1;51.0;0.0
53;2021-07-24;919;476;0;187566;156321;1;61.4;51.2;0.0
53;2021-07-25;103;78;0;187669;156399;1;61.5;51.2;0.0
53;2021-07-26;1644;1957;0;189313;158356;1;62.0;51.9;0.0
53;2021-07-27;2268;2680;0;191581;161036;1;62.7;52.7;0.0
53;2021-07-28;2040;2644;0;193621;163680;1;63.4;53.6;0.0
53;2021-07-29;2366;2393;0;195987;166073;1;64.2;54.4;0.0
53;2021-07-30;1870;2491;0;197857;168564;1;64.8;55.2;0.0
53;2021-07-31;741;400;0;198598;168964;1;65.0;55.3;0.0
53;2021-08-01;131;61;0;198729;169025;1;65.1;55.4;0.0
53;2021-08-02;1915;1710;0;200644;170735;1;65.7;55.9;0.0
53;2021-08-03;2294;1914;0;202938;172649;1;66.5;56.5;0.0
53;2021-08-04;2457;1741;0;205395;174390;1;67.3;57.1;0.0
53;2021-08-05;2615;1430;0;208010;175820;1;68.1;57.6;0.0
53;2021-08-06;2301;1688;0;210311;177508;1;68.9;58.1;0.0
53;2021-08-07;572;344;0;210883;177852;1;69.1;58.2;0.0
53;2021-08-08;81;79;0;210964;177931;1;69.1;58.3;0.0
53;2021-08-09;1721;1600;0;212685;179531;1;69.6;58.8;0.0
53;2021-08-10;2215;1684;0;214900;181215;1;70.4;59.3;0.0
53;2021-08-11;1679;958;0;216579;182173;1;70.9;59.7;0.0
53;2021-08-12;1877;1049;0;218456;183222;1;71.5;60.0;0.0
53;2021-08-13;1867;1295;0;220323;184517;1;72.2;60.4;0.0
53;2021-08-14;180;256;0;220503;184773;1;72.2;60.5;0.0
53;2021-08-15;26;20;0;220529;184793;1;72.2;60.5;0.0
53;2021-08-16;1253;1647;0;221782;186440;1;72.6;61.1;0.0
53;2021-08-17;1462;1667;0;223244;188107;1;73.1;61.6;0.0
53;2021-08-18;1449;1615;0;224693;189722;1;73.6;62.1;0.0
53;2021-08-19;1300;1817;0;225993;191539;1;74.0;62.7;0.0
53;2021-08-20;1068;2043;0;227061;193582;1;74.4;63.4;0.0
53;2021-08-21;208;471;0;227269;194053;1;74.4;63.5;0.0
53;2021-08-22;24;72;0;227293;194125;1;74.4;63.6;0.0
53;2021-08-23;828;1925;0;228121;196050;1;74.7;64.2;0.0
53;2021-08-24;919;2147;0;229040;198197;1;75.0;64.9;0.0
53;2021-08-25;877;2137;0;229917;200334;1;75.3;65.6;0.0
53;2021-08-26;612;2373;0;230529;202707;1;75.5;66.4;0.0
53;2021-08-27;740;2465;0;231269;205172;1;75.7;67.2;0.0
53;2021-08-28;121;407;0;231390;205579;1;75.8;67.3;0.0
53;2021-08-29;15;80;0;231405;205659;1;75.8;67.3;0.0
53;2021-08-30;593;2053;25;231998;207712;26;76.0;68.0;0.0
53;2021-08-31;744;2650;63;232742;210362;89;76.2;68.9;0.0
53;2021-09-01;396;1580;96;233138;211942;185;76.3;69.4;0.1
53;2021-09-02;435;1579;115;233573;213521;300;76.5;69.9;0.1
53;2021-09-03;456;2170;162;234029;215691;462;76.6;70.6;0.2
53;2021-09-04;160;415;33;234189;216106;495;76.7;70.8;0.2
53;2021-09-05;8;34;2;234197;216140;497;76.7;70.8;0.2
53;2021-09-06;310;1386;193;234507;217526;690;76.8;71.2;0.2
53;2021-09-07;287;1633;165;234794;219159;855;76.9;71.8;0.3
53;2021-09-08;425;1908;160;235219;221067;1015;77.0;72.4;0.3
53;2021-09-09;255;1316;116;235474;222383;1131;77.1;72.8;0.4
53;2021-09-10;383;1661;233;235857;224044;1364;77.2;73.4;0.4
53;2021-09-11;82;282;40;235939;224326;1404;77.3;73.5;0.5
53;2021-09-12;1;14;1;235940;224340;1405;77.3;73.5;0.5
53;2021-09-13;256;954;228;236196;225294;1633;77.3;73.8;0.5
53;2021-09-14;232;822;186;236428;226116;1819;77.4;74.0;0.6
53;2021-09-15;357;1077;342;236785;227193;2161;77.5;74.4;0.7
53;2021-09-16;300;409;283;237085;227602;2444;77.6;74.5;0.8
53;2021-09-17;399;963;310;237484;228565;2754;77.8;74.8;0.9
53;2021-09-18;73;207;30;237557;228772;2784;77.8;74.9;0.9
53;2021-09-19;12;15;0;237569;228787;2784;77.8;74.9;0.9
53;2021-09-20;146;391;173;237715;229178;2957;77.8;75.1;1.0
53;2021-09-21;228;620;244;237943;229798;3201;77.9;75.3;1.0
53;2021-09-22;199;699;229;238142;230497;3430;78.0;75.5;1.1
53;2021-09-23;138;374;663;238280;230871;4093;78.0;75.6;1.3
53;2021-09-24;206;648;257;238486;231519;4350;78.1;75.8;1.4
53;2021-09-25;47;155;45;238533;231674;4395;78.1;75.9;1.4
53;2021-09-26;0;4;0;238533;231678;4395;78.1;75.9;1.4
53;2021-09-27;156;380;308;238689;232058;4703;78.2;76.0;1.5
53;2021-09-28;172;303;323;238861;232361;5026;78.2;76.1;1.6
53;2021-09-29;163;503;301;239024;232864;5327;78.3;76.3;1.7
53;2021-09-30;98;220;267;239122;233084;5594;78.3;76.3;1.8
53;2021-10-01;259;588;415;239381;233672;6009;78.4;76.5;2.0
53;2021-10-02;55;114;31;239436;233786;6040;78.4;76.6;2.0
53;2021-10-03;6;8;4;239442;233794;6044;78.4;76.6;2.0
53;2021-10-04;135;276;459;239577;234070;6503;78.5;76.7;2.1
53;2021-10-05;116;216;472;239693;234286;6975;78.5;76.7;2.3
53;2021-10-06;194;366;425;239887;234652;7400;78.6;76.8;2.4
53;2021-10-07;89;295;154;239976;234947;7554;78.6;76.9;2.5
53;2021-10-08;238;494;571;240214;235441;8125;78.7;77.1;2.7
53;2021-10-09;41;73;22;240255;235514;8147;78.7;77.1;2.7
53;2021-10-10;1;2;1;240256;235516;8148;78.7;77.1;2.7
53;2021-10-11;111;172;485;240367;235688;8633;78.7;77.2;2.8
53;2021-10-12;103;221;472;240470;235909;9105;78.7;77.3;3.0
53;2021-10-13;121;235;471;240591;236144;9576;78.8;77.3;3.1
53;2021-10-14;82;129;267;240673;236273;9843;78.8;77.4;3.2
53;2021-10-15;214;350;754;240887;236623;10597;78.9;77.5;3.5
53;2021-10-16;42;68;35;240929;236691;10632;78.9;77.5;3.5
53;2021-10-17;1;2;0;240930;236693;10632;78.9;77.5;3.5
53;2021-10-18;160;205;602;241090;236898;11234;79.0;77.6;3.7
53;2021-10-19;75;192;520;241165;237090;11754;79.0;77.6;3.8
53;2021-10-20;68;149;594;241233;237239;12348;79.0;77.7;4.0
53;2021-10-21;26;83;349;241259;237322;12697;79.0;77.7;4.2
53;2021-10-22;72;292;696;241331;237614;13393;79.0;77.8;4.4
53;2021-10-23;15;49;53;241346;237663;13446;79.0;77.8;4.4
53;2021-10-24;2;2;0;241348;237665;13446;79.0;77.8;4.4
53;2021-10-25;54;120;623;241402;237785;14069;79.1;77.9;4.6
53;2021-10-26;47;94;598;241449;237879;14667;79.1;77.9;4.8
53;2021-10-27;69;149;810;241518;238028;15477;79.1;77.9;5.1
53;2021-10-28;32;66;524;241550;238094;16001;79.1;78.0;5.2
53;2021-10-29;69;247;829;241619;238341;16830;79.1;78.1;5.5
53;2021-10-30;12;32;70;241631;238373;16900;79.1;78.1;5.5
53;2021-10-31;0;2;0;241631;238375;16900;79.1;78.1;5.5
53;2021-11-01;0;2;5;241631;238377;16905;79.1;78.1;5.5
53;2021-11-02;65;150;878;241696;238527;17783;79.1;78.1;5.8
53;2021-11-03;75;132;702;241771;238659;18485;79.2;78.2;6.1
53;2021-11-04;42;95;679;241813;238754;19164;79.2;78.2;6.3
53;2021-11-05;82;217;956;241895;238971;20120;79.2;78.3;6.6
53;2021-11-06;12;49;98;241907;239020;20218;79.2;78.3;6.6
53;2021-11-07;0;1;11;241907;239021;20229;79.2;78.3;6.6
53;2021-11-08;31;147;906;241938;239168;21135;79.2;78.3;6.9
53;2021-11-09;45;124;1132;241983;239292;22267;79.2;78.4;7.3
53;2021-11-10;78;113;1072;242061;239405;23339;79.3;78.4;7.6
53;2021-11-11;3;1;29;242064;239406;23368;79.3;78.4;7.7
53;2021-11-12;35;44;563;242099;239450;23931;79.3;78.4;7.8
53;2021-11-13;11;32;131;242110;239482;24062;79.3;78.4;7.9
53;2021-11-14;0;2;6;242110;239484;24068;79.3;78.4;7.9
53;2021-11-15;45;67;1184;242155;239551;25252;79.3;78.4;8.3
53;2021-11-16;30;58;792;242185;239609;26044;79.3;78.5;8.5
53;2021-11-17;60;66;1082;242245;239675;27126;79.3;78.5;8.9
53;2021-11-18;38;63;1112;242283;239738;28238;79.3;78.5;9.2
53;2021-11-19;82;113;1472;242365;239851;29710;79.4;78.5;9.7
53;2021-11-20;15;18;127;242380;239869;29837;79.4;78.6;9.8
53;2021-11-21;2;0;8;242382;239869;29845;79.4;78.6;9.8
53;2021-11-22;45;25;1199;242427;239894;31044;79.4;78.6;10.2
53;2021-11-23;40;35;1112;242467;239929;32156;79.4;78.6;10.5
53;2021-11-24;79;104;1159;242546;240033;33315;79.4;78.6;10.9
53;2021-11-25;49;54;1237;242595;240087;34552;79.4;78.6;11.3
53;2021-11-26;116;97;2388;242711;240184;36940;79.5;78.7;12.1
53;2021-11-27;15;24;280;242726;240208;37220;79.5;78.7;12.2
53;2021-11-28;4;1;62;242730;240209;37282;79.5;78.7;12.2
53;2021-11-29;52;57;2460;242782;240266;39742;79.5;78.7;13.0
53;2021-11-30;35;50;2113;242817;240316;41855;79.5;78.7;13.7
53;2021-12-01;65;81;2494;242882;240397;44349;79.5;78.7;14.5
53;2021-12-02;36;19;2134;242918;240416;46483;79.6;78.7;15.2
53;2021-12-03;63;80;3578;242981;240496;50061;79.6;78.8;16.4
53;2021-12-04;28;24;1111;243009;240520;51172;79.6;78.8;16.8
53;2021-12-05;0;3;77;243009;240523;51249;79.6;78.8;16.8
53;2021-12-06;33;45;3316;243042;240568;54565;79.6;78.8;17.9
53;2021-12-07;44;35;3266;243086;240603;57831;79.6;78.8;18.9
53;2021-12-08;43;83;2849;243129;240686;60680;79.6;78.8;19.9
53;2021-12-09;54;36;4367;243183;240722;65047;79.6;78.8;21.3
53;2021-12-10;54;71;3873;243237;240793;68920;79.7;78.9;22.6
53;2021-12-11;32;21;1557;243269;240814;70477;79.7;78.9;23.1
53;2021-12-12;7;5;152;243276;240819;70629;79.7;78.9;23.1
53;2021-12-13;27;52;3675;243303;240871;74304;79.7;78.9;24.3
53;2021-12-14;42;53;3637;243345;240924;77941;79.7;78.9;25.5
53;2021-12-15;34;79;3375;243379;241003;81316;79.7;78.9;26.6
53;2021-12-16;52;53;4327;243431;241056;85643;79.7;78.9;28.0
53;2021-12-17;57;123;5000;243488;241179;90643;79.7;79.0;29.7
53;2021-12-18;25;31;1932;243513;241210;92575;79.7;79.0;30.3
53;2021-12-19;4;2;106;243517;241212;92681;79.7;79.0;30.4
53;2021-12-20;50;74;4370;243567;241286;97051;79.8;79.0;31.8
53;2021-12-21;84;76;4468;243651;241362;101519;79.8;79.0;33.2
53;2021-12-22;74;69;3353;243725;241431;104872;79.8;79.1;34.3
54;2020-12-27;0;0;0;0;0;0;0.0;0.0;0.0
54;2020-12-28;3;0;0;3;0;0;0.0;0.0;0.0
54;2020-12-29;0;0;0;3;0;0;0.0;0.0;0.0
54;2020-12-30;2;0;0;5;0;0;0.0;0.0;0.0
54;2020-12-31;9;0;0;14;0;0;0.0;0.0;0.0
54;2021-01-01;1;0;0;15;0;0;0.0;0.0;0.0
54;2021-01-02;0;0;0;15;0;0;0.0;0.0;0.0
54;2021-01-03;2;0;0;17;0;0;0.0;0.0;0.0
54;2021-01-04;156;0;0;173;0;0;0.0;0.0;0.0
54;2021-01-05;387;1;0;560;1;0;0.1;0.0;0.0
54;2021-01-06;621;1;0;1181;2;0;0.2;0.0;0.0
54;2021-01-07;800;2;0;1981;4;0;0.3;0.0;0.0
54;2021-01-08;693;3;0;2674;7;0;0.4;0.0;0.0
54;2021-01-09;109;0;0;2783;7;0;0.4;0.0;0.0
54;2021-01-10;72;0;0;2855;7;0;0.4;0.0;0.0
54;2021-01-11;950;3;0;3805;10;0;0.5;0.0;0.0
54;2021-01-12;1165;2;0;4970;12;0;0.7;0.0;0.0
54;2021-01-13;2396;7;0;7366;19;0;1.0;0.0;0.0
54;2021-01-14;3264;26;0;10630;45;0;1.5;0.0;0.0
54;2021-01-15;2618;19;0;13248;64;0;1.8;0.0;0.0
54;2021-01-16;813;4;0;14061;68;0;1.9;0.0;0.0
54;2021-01-17;218;0;0;14279;68;0;2.0;0.0;0.0
54;2021-01-18;1575;6;0;15854;74;0;2.2;0.0;0.0
54;2021-01-19;1676;2;0;17530;76;0;2.4;0.0;0.0
54;2021-01-20;1572;5;0;19102;81;0;2.6;0.0;0.0
54;2021-01-21;1453;4;0;20555;85;0;2.8;0.0;0.0
54;2021-01-22;1144;8;0;21699;93;0;3.0;0.0;0.0
54;2021-01-23;479;1;0;22178;94;0;3.0;0.0;0.0
54;2021-01-24;76;0;0;22254;94;0;3.0;0.0;0.0
54;2021-01-25;974;41;0;23228;135;0;3.2;0.0;0.0
54;2021-01-26;223;18;0;23451;153;0;3.2;0.0;0.0
54;2021-01-27;94;175;0;23545;328;0;3.2;0.0;0.0
54;2021-01-28;118;245;0;23663;573;0;3.2;0.1;0.0
54;2021-01-29;61;287;0;23724;860;0;3.2;0.1;0.0
54;2021-01-30;30;14;0;23754;874;0;3.3;0.1;0.0
54;2021-01-31;2;0;0;23756;874;0;3.3;0.1;0.0
54;2021-02-01;45;783;0;23801;1657;0;3.3;0.2;0.0
54;2021-02-02;77;961;0;23878;2618;0;3.3;0.4;0.0
54;2021-02-03;393;1496;0;24271;4114;0;3.3;0.6;0.0
54;2021-02-04;728;2368;0;24999;6482;0;3.4;0.9;0.0
54;2021-02-05;775;1800;0;25774;8282;0;3.5;1.1;0.0
54;2021-02-06;224;349;0;25998;8631;0;3.6;1.2;0.0
54;2021-02-07;5;130;0;26003;8761;0;3.6;1.2;0.0
54;2021-02-08;169;1031;0;26172;9792;0;3.6;1.3;0.0
54;2021-02-09;361;1074;0;26533;10866;0;3.6;1.5;0.0
54;2021-02-10;405;821;0;26938;11687;0;3.7;1.6;0.0
54;2021-02-11;371;895;0;27309;12582;0;3.7;1.7;0.0
54;2021-02-12;513;1301;0;27822;13883;0;3.8;1.9;0.0
54;2021-02-13;174;240;0;27996;14123;0;3.8;1.9;0.0
54;2021-02-14;32;24;0;28028;14147;0;3.8;1.9;0.0
54;2021-02-15;433;1147;0;28461;15294;0;3.9;2.1;0.0
54;2021-02-16;449;1217;0;28910;16511;0;4.0;2.3;0.0
54;2021-02-17;568;1004;0;29478;17515;0;4.0;2.4;0.0
54;2021-02-18;627;851;0;30105;18366;0;4.1;2.5;0.0
54;2021-02-19;558;762;0;30663;19128;0;4.2;2.6;0.0
54;2021-02-20;73;302;0;30736;19430;0;4.2;2.7;0.0
54;2021-02-21;7;25;0;30743;19455;0;4.2;2.7;0.0
54;2021-02-22;538;660;0;31281;20115;0;4.3;2.8;0.0
54;2021-02-23;827;554;0;32108;20669;0;4.4;2.8;0.0
54;2021-02-24;828;396;0;32936;21065;0;4.5;2.9;0.0
54;2021-02-25;1541;722;0;34477;21787;0;4.7;3.0;0.0
54;2021-02-26;1932;768;0;36409;22555;0;5.0;3.1;0.0
54;2021-02-27;899;132;0;37308;22687;0;5.1;3.1;0.0
54;2021-02-28;106;31;0;37414;22718;0;5.1;3.1;0.0
54;2021-03-01;697;244;0;38111;22962;0;5.2;3.1;0.0
54;2021-03-02;1574;222;0;39685;23184;0;5.4;3.2;0.0
54;2021-03-03;1813;116;0;41498;23300;0;5.7;3.2;0.0
54;2021-03-04;2109;168;0;43607;23468;0;6.0;3.2;0.0
54;2021-03-05;2934;200;0;46541;23668;0;6.4;3.2;0.0
54;2021-03-06;4305;136;0;50846;23804;0;7.0;3.3;0.0
54;2021-03-07;2827;81;0;53673;23885;0;7.3;3.3;0.0
54;2021-03-08;1341;118;0;55014;24003;0;7.5;3.3;0.0
54;2021-03-09;2689;162;0;57703;24165;0;7.9;3.3;0.0
54;2021-03-10;3182;152;0;60885;24317;0;8.3;3.3;0.0
54;2021-03-11;3404;166;0;64289;24483;0;8.8;3.4;0.0
54;2021-03-12;5015;240;0;69304;24723;0;9.5;3.4;0.0
54;2021-03-13;4256;157;0;73560;24880;0;10.1;3.4;0.0
54;2021-03-14;559;50;0;74119;24930;0;10.1;3.4;0.0
54;2021-03-15;1695;135;0;75814;25065;0;10.4;3.4;0.0
54;2021-03-16;1790;225;0;77604;25290;0;10.6;3.5;0.0
54;2021-03-17;2001;209;0;79605;25499;0;10.9;3.5;0.0
54;2021-03-18;2047;236;0;81652;25735;0;11.2;3.5;0.0
54;2021-03-19;3337;321;0;84989;26056;0;11.6;3.6;0.0
54;2021-03-20;2396;99;0;87385;26155;0;12.0;3.6;0.0
54;2021-03-21;318;19;0;87703;26174;0;12.0;3.6;0.0
54;2021-03-22;1198;379;0;88901;26553;0;12.2;3.6;0.0
54;2021-03-23;2007;645;0;90908;27198;0;12.4;3.7;0.0
54;2021-03-24;2216;748;0;93124;27946;0;12.7;3.8;0.0
54;2021-03-25;3286;799;0;96410;28745;0;13.2;3.9;0.0
54;2021-03-26;3647;893;0;100057;29638;0;13.7;4.1;0.0
54;2021-03-27;2306;434;0;102363;30072;0;14.0;4.1;0.0
54;2021-03-28;264;110;0;102627;30182;0;14.1;4.1;0.0
54;2021-03-29;1694;455;0;104321;30637;0;14.3;4.2;0.0
54;2021-03-30;2567;1113;0;106888;31750;0;14.6;4.3;0.0
54;2021-03-31;2577;1224;0;109465;32974;0;15.0;4.5;0.0
54;2021-04-01;3109;1365;0;112574;34339;0;15.4;4.7;0.0
54;2021-04-02;2941;1798;0;115515;36137;0;15.8;4.9;0.0
54;2021-04-03;1344;1447;0;116859;37584;0;16.0;5.1;0.0
54;2021-04-04;146;425;0;117005;38009;0;16.0;5.2;0.0
54;2021-04-05;240;566;0;117245;38575;0;16.1;5.3;0.0
54;2021-04-06;1391;1708;0;118636;40283;0;16.2;5.5;0.0
54;2021-04-07;1196;2343;0;119832;42626;0;16.4;5.8;0.0
54;2021-04-08;2605;2505;0;122437;45131;0;16.8;6.2;0.0
54;2021-04-09;4359;3098;0;126796;48229;0;17.4;6.6;0.0
54;2021-04-10;3198;1853;0;129994;50082;0;17.8;6.9;0.0
54;2021-04-11;203;986;0;130197;51068;0;17.8;7.0;0.0
54;2021-04-12;2316;1565;0;132513;52633;0;18.1;7.2;0.0
54;2021-04-13;3122;1966;0;135635;54599;0;18.6;7.5;0.0
54;2021-04-14;3395;1882;0;139030;56481;0;19.0;7.7;0.0
54;2021-04-15;3090;2348;0;142120;58829;0;19.5;8.1;0.0
54;2021-04-16;3190;2691;0;145310;61520;0;19.9;8.4;0.0
54;2021-04-17;3294;1541;0;148604;63061;0;20.3;8.6;0.0
54;2021-04-18;185;273;0;148789;63334;0;20.4;8.7;0.0
54;2021-04-19;2529;1133;0;151318;64467;0;20.7;8.8;0.0
54;2021-04-20;3066;1336;0;154384;65803;0;21.1;9.0;0.0
54;2021-04-21;3794;1604;0;158178;67407;0;21.7;9.2;0.0
54;2021-04-22;3584;2356;0;161762;69763;0;22.1;9.6;0.0
54;2021-04-23;3769;2190;0;165531;71953;0;22.7;9.9;0.0
54;2021-04-24;2267;995;0;167798;72948;0;23.0;10.0;0.0
54;2021-04-25;289;276;0;168087;73224;0;23.0;10.0;0.0
54;2021-04-26;2284;1376;0;170371;74600;0;23.3;10.2;0.0
54;2021-04-27;3164;1402;0;173535;76002;0;23.8;10.4;0.0
54;2021-04-28;2702;1945;0;176237;77947;0;24.1;10.7;0.0
54;2021-04-29;3710;2116;0;179947;80063;0;24.6;11.0;0.0
54;2021-04-30;4484;2070;0;184431;82133;0;25.3;11.2;0.0
54;2021-05-01;2191;800;0;186622;82933;0;25.6;11.4;0.0
54;2021-05-02;276;89;0;186898;83022;0;25.6;11.4;0.0
54;2021-05-03;3059;1093;0;189957;84115;0;26.0;11.5;0.0
54;2021-05-04;3513;1641;0;193470;85756;0;26.5;11.7;0.0
54;2021-05-05;4832;1693;0;198302;87449;0;27.1;12.0;0.0
54;2021-05-06;4541;2875;0;202843;90324;0;27.8;12.4;0.0
54;2021-05-07;5011;3506;0;207854;93830;0;28.5;12.8;0.0
54;2021-05-08;2073;670;0;209927;94500;0;28.7;12.9;0.0
54;2021-05-09;502;184;0;210429;94684;0;28.8;13.0;0.0
54;2021-05-10;3195;2359;0;213624;97043;0;29.2;13.3;0.0
54;2021-05-11;5425;3115;0;219049;100158;0;30.0;13.7;0.0
54;2021-05-12;4216;3507;0;223265;103665;0;30.6;14.2;0.0
54;2021-05-13;2732;517;0;225997;104182;0;30.9;14.3;0.0
54;2021-05-14;6808;2081;0;232805;106263;0;31.9;14.5;0.0
54;2021-05-15;5332;1315;0;238137;107578;0;32.6;14.7;0.0
54;2021-05-16;1066;117;0;239203;107695;0;32.7;14.7;0.0
54;2021-05-17;3721;903;0;242924;108598;0;33.3;14.9;0.0
54;2021-05-18;3413;1225;0;246337;109823;0;33.7;15.0;0.0
54;2021-05-19;3660;1543;0;249997;111366;0;34.2;15.2;0.0
54;2021-05-20;4496;1674;0;254493;113040;0;34.8;15.5;0.0
54;2021-05-21;6439;2544;0;260932;115584;0;35.7;15.8;0.0
54;2021-05-22;5224;1379;0;266156;116963;0;36.4;16.0;0.0
54;2021-05-23;517;89;0;266673;117052;0;36.5;16.0;0.0
54;2021-05-24;1426;352;0;268099;117404;0;36.7;16.1;0.0
54;2021-05-25;4061;1627;0;272160;119031;0;37.3;16.3;0.0
54;2021-05-26;3433;2265;0;275593;121296;0;37.7;16.6;0.0
54;2021-05-27;3867;2439;0;279460;123735;0;38.3;16.9;0.0
54;2021-05-28;4919;3666;0;284379;127401;0;38.9;17.4;0.0
54;2021-05-29;3794;3908;0;288173;131309;0;39.5;18.0;0.0
54;2021-05-30;204;146;0;288377;131455;0;39.5;18.0;0.0
54;2021-05-31;2911;3073;0;291288;134528;0;39.9;18.4;0.0
54;2021-06-01;2919;4175;0;294207;138703;0;40.3;19.0;0.0
54;2021-06-02;2533;3804;0;296740;142507;0;40.6;19.5;0.0
54;2021-06-03;3178;5200;0;299918;147707;0;41.1;20.2;0.0
54;2021-06-04;5221;5359;0;305139;153066;0;41.8;21.0;0.0
54;2021-06-05;2591;3209;0;307730;156275;0;42.1;21.4;0.0
54;2021-06-06;195;259;0;307925;156534;0;42.2;21.4;0.0
54;2021-06-07;3623;2873;0;311548;159407;0;42.7;21.8;0.0
54;2021-06-08;4497;4124;0;316045;163531;0;43.3;22.4;0.0
54;2021-06-09;5769;3142;0;321814;166673;0;44.1;22.8;0.0
54;2021-06-10;5172;4368;0;326986;171041;0;44.8;23.4;0.0
54;2021-06-11;4866;4925;0;331852;175966;0;45.4;24.1;0.0
54;2021-06-12;3959;3118;0;335811;179084;0;46.0;24.5;0.0
54;2021-06-13;142;254;0;335953;179338;0;46.0;24.6;0.0
54;2021-06-14;2351;3637;0;338304;182975;0;46.3;25.1;0.0
54;2021-06-15;2946;4807;0;341250;187782;0;46.7;25.7;0.0
54;2021-06-16;3355;5598;0;344605;193380;0;47.2;26.5;0.0
54;2021-06-17;3107;5277;0;347712;198657;0;47.6;27.2;0.0
54;2021-06-18;3987;6234;0;351699;204891;0;48.2;28.1;0.0
54;2021-06-19;2626;3105;0;354325;207996;0;48.5;28.5;0.0
54;2021-06-20;125;336;0;354450;208332;0;48.5;28.5;0.0
54;2021-06-21;2340;4698;0;356790;213030;0;48.8;29.2;0.0
54;2021-06-22;1955;6176;0;358745;219206;0;49.1;30.0;0.0
54;2021-06-23;2195;5545;0;360940;224751;0;49.4;30.8;0.0
54;2021-06-24;1959;3477;0;362899;228228;0;49.7;31.2;0.0
54;2021-06-25;2182;7082;0;365081;235310;0;50.0;32.2;0.0
54;2021-06-26;2240;5505;0;367321;240815;0;50.3;33.0;0.0
54;2021-06-27;190;727;0;367511;241542;0;50.3;33.1;0.0
54;2021-06-28;1770;4324;0;369281;245866;0;50.6;33.7;0.0
54;2021-06-29;1803;5211;0;371084;251077;0;50.8;34.4;0.0
54;2021-06-30;1921;5151;1;373005;256228;1;51.1;35.1;0.0
54;2021-07-01;2130;5714;0;375135;261942;1;51.4;35.9;0.0
54;2021-07-02;2779;7252;0;377914;269194;1;51.7;36.9;0.0
54;2021-07-03;2624;4003;0;380538;273197;1;52.1;37.4;0.0
54;2021-07-04;209;545;0;380747;273742;1;52.1;37.5;0.0
54;2021-07-05;1538;4154;0;382285;277896;1;52.3;38.0;0.0
54;2021-07-06;1936;5029;0;384221;282925;1;52.6;38.7;0.0
54;2021-07-07;1880;4739;0;386101;287664;1;52.9;39.4;0.0
54;2021-07-08;1649;3971;0;387750;291635;1;53.1;39.9;0.0
54;2021-07-09;3054;6126;0;390804;297761;1;53.5;40.8;0.0
54;2021-07-10;2394;4269;0;393198;302030;1;53.8;41.4;0.0
54;2021-07-11;58;164;0;393256;302194;1;53.8;41.4;0.0
54;2021-07-12;2073;4759;0;395329;306953;1;54.1;42.0;0.0
54;2021-07-13;2720;5174;0;398049;312127;1;54.5;42.7;0.0
54;2021-07-14;1564;1532;0;399613;313659;1;54.7;42.9;0.0
54;2021-07-15;3218;5092;0;402831;318751;1;55.2;43.6;0.0
54;2021-07-16;4643;6533;0;407474;325284;1;55.8;44.5;0.0
54;2021-07-17;4062;4717;0;411536;330001;1;56.3;45.2;0.0
54;2021-07-18;1567;1582;0;413103;331583;1;56.6;45.4;0.0
54;2021-07-19;2601;4175;0;415704;335758;1;56.9;46.0;0.0
54;2021-07-20;3173;4851;0;418877;340609;1;57.3;46.6;0.0
54;2021-07-21;3510;6219;0;422387;346828;1;57.8;47.5;0.0
54;2021-07-22;3658;5581;0;426045;352409;1;58.3;48.2;0.0
54;2021-07-23;4269;6823;0;430314;359232;1;58.9;49.2;0.0
54;2021-07-24;2905;5059;0;433219;364291;1;59.3;49.9;0.0
54;2021-07-25;216;139;0;433435;364430;1;59.3;49.9;0.0
54;2021-07-26;3012;4102;0;436447;368532;1;59.8;50.5;0.0
54;2021-07-27;3986;4027;0;440433;372559;1;60.3;51.0;0.0
54;2021-07-28;5225;3835;0;445658;376394;1;61.0;51.5;0.0
54;2021-07-29;5160;3148;0;450818;379542;1;61.7;52.0;0.0
54;2021-07-30;5008;4747;0;455826;384289;1;62.4;52.6;0.0
54;2021-07-31;4224;3076;0;460050;387365;1;63.0;53.0;0.0
54;2021-08-01;368;141;0;460418;387506;1;63.0;53.1;0.0
54;2021-08-02;3033;3608;0;463451;391114;1;63.5;53.5;0.0
54;2021-08-03;4200;2951;0;467651;394065;1;64.0;54.0;0.0
54;2021-08-04;4412;2700;0;472063;396765;1;64.6;54.3;0.0
54;2021-08-05;4580;2467;0;476643;399232;1;65.3;54.7;0.0
54;2021-08-06;5306;4036;0;481949;403268;1;66.0;55.2;0.0
54;2021-08-07;3568;2902;0;485517;406170;1;66.5;55.6;0.0
54;2021-08-08;327;208;0;485844;406378;1;66.5;55.6;0.0
54;2021-08-09;2808;2728;0;488652;409106;1;66.9;56.0;0.0
54;2021-08-10;2479;3836;0;491131;412942;1;67.2;56.5;0.0
54;2021-08-11;2278;2759;0;493409;415701;1;67.6;56.9;0.0
54;2021-08-12;2106;3176;0;495515;418877;1;67.8;57.3;0.0
54;2021-08-13;2468;4404;0;497983;423281;1;68.2;58.0;0.0
54;2021-08-14;1322;2163;0;499305;425444;1;68.4;58.2;0.0
54;2021-08-15;80;111;0;499385;425555;1;68.4;58.3;0.0
54;2021-08-16;1685;3341;0;501070;428896;1;68.6;58.7;0.0
54;2021-08-17;1888;3480;0;502958;432376;1;68.9;59.2;0.0
54;2021-08-18;1462;4099;0;504420;436475;1;69.1;59.8;0.0
54;2021-08-19;1218;2920;0;505638;439395;1;69.2;60.2;0.0
54;2021-08-20;1673;4838;0;507311;444233;1;69.5;60.8;0.0
54;2021-08-21;1324;3879;0;508635;448112;1;69.6;61.4;0.0
54;2021-08-22;68;92;0;508703;448204;1;69.6;61.4;0.0
54;2021-08-23;1140;3709;0;509843;451913;1;69.8;61.9;0.0
54;2021-08-24;1118;3357;0;510961;455270;1;70.0;62.3;0.0
54;2021-08-25;1305;4340;0;512266;459610;1;70.1;62.9;0.0
54;2021-08-26;985;3151;0;513251;462761;1;70.3;63.4;0.0
54;2021-08-27;1452;5168;0;514703;467929;1;70.5;64.1;0.0
54;2021-08-28;1065;4091;0;515768;472020;1;70.6;64.6;0.0
54;2021-08-29;46;151;0;515814;472171;1;70.6;64.6;0.0
54;2021-08-30;1116;3879;84;516930;476050;85;70.8;65.2;0.0
54;2021-08-31;969;4212;253;517899;480262;338;70.9;65.8;0.0
54;2021-09-01;1163;3270;378;519062;483532;716;71.1;66.2;0.1
54;2021-09-02;741;1973;228;519803;485505;944;71.2;66.5;0.1
54;2021-09-03;948;2915;294;520751;488420;1238;71.3;66.9;0.2
54;2021-09-04;1002;2833;311;521753;491253;1549;71.4;67.3;0.2
54;2021-09-05;41;67;13;521794;491320;1562;71.4;67.3;0.2
54;2021-09-06;516;1290;175;522310;492610;1737;71.5;67.4;0.2
54;2021-09-07;555;1454;184;522865;494064;1921;71.6;67.6;0.3
54;2021-09-08;638;1591;298;523503;495655;2219;71.7;67.9;0.3
54;2021-09-09;900;1659;431;524403;497314;2650;71.8;68.1;0.4
54;2021-09-10;940;2198;512;525343;499512;3162;71.9;68.4;0.4
54;2021-09-11;691;2322;179;526034;501834;3341;72.0;68.7;0.5
54;2021-09-12;80;119;31;526114;501953;3372;72.0;68.7;0.5
54;2021-09-13;655;908;396;526769;502861;3768;72.1;68.8;0.5
54;2021-09-14;637;938;617;527406;503799;4385;72.2;69.0;0.6
54;2021-09-15;626;1639;938;528032;505438;5323;72.3;69.2;0.7
54;2021-09-16;622;671;460;528654;506109;5783;72.4;69.3;0.8
54;2021-09-17;829;1427;598;529483;507536;6381;72.5;69.5;0.9
54;2021-09-18;439;1300;212;529922;508836;6593;72.6;69.7;0.9
54;2021-09-19;29;52;24;529951;508888;6617;72.6;69.7;0.9
54;2021-09-20;372;631;366;530323;509519;6983;72.6;69.8;1.0
54;2021-09-21;432;870;506;530755;510389;7489;72.7;69.9;1.0
54;2021-09-22;415;1073;640;531170;511462;8129;72.7;70.0;1.1
54;2021-09-23;323;793;603;531493;512255;8732;72.8;70.1;1.2
54;2021-09-24;515;1106;626;532008;513361;9358;72.8;70.3;1.3
54;2021-09-25;332;1026;223;532340;514387;9581;72.9;70.4;1.3
54;2021-09-26;13;41;8;532353;514428;9589;72.9;70.4;1.3
54;2021-09-27;228;677;513;532581;515105;10102;72.9;70.5;1.4
54;2021-09-28;296;569;664;532877;515674;10766;73.0;70.6;1.5
54;2021-09-29;387;775;801;533264;516449;11567;73.0;70.7;1.6
54;2021-09-30;217;455;627;533481;516904;12194;73.0;70.8;1.7
54;2021-10-01;580;946;1033;534061;517850;13227;73.1;70.9;1.8
54;2021-10-02;355;882;445;534416;518732;13672;73.2;71.0;1.9
54;2021-10-03;13;23;11;534429;518755;13683;73.2;71.0;1.9
54;2021-10-04;266;503;444;534695;519258;14127;73.2;71.1;1.9
54;2021-10-05;292;861;733;534987;520119;14860;73.2;71.2;2.0
54;2021-10-06;375;758;818;535362;520877;15678;73.3;71.3;2.1
54;2021-10-07;251;636;964;535613;521513;16642;73.3;71.4;2.3
54;2021-10-08;412;867;1324;536025;522380;17966;73.4;71.5;2.5
54;2021-10-09;365;637;631;536390;523017;18597;73.4;71.6;2.5
54;2021-10-10;17;26;32;536407;523043;18629;73.4;71.6;2.6
54;2021-10-11;261;408;842;536668;523451;19471;73.5;71.7;2.7
54;2021-10-12;245;573;990;536913;524024;20461;73.5;71.7;2.8
54;2021-10-13;333;508;1292;537246;524532;21753;73.6;71.8;3.0
54;2021-10-14;264;520;743;537510;525052;22496;73.6;71.9;3.1
54;2021-10-15;422;638;1463;537932;525690;23959;73.6;72.0;3.3
54;2021-10-16;379;521;748;538311;526211;24707;73.7;72.0;3.4
54;2021-10-17;9;19;12;538320;526230;24719;73.7;72.0;3.4
54;2021-10-18;251;392;677;538571;526622;25396;73.7;72.1;3.5
54;2021-10-19;234;325;1096;538805;526947;26492;73.8;72.1;3.6
54;2021-10-20;322;451;1372;539127;527398;27864;73.8;72.2;3.8
54;2021-10-21;139;257;827;539266;527655;28691;73.8;72.2;3.9
54;2021-10-22;369;566;1586;539635;528221;30277;73.9;72.3;4.1
54;2021-10-23;297;415;664;539932;528636;30941;73.9;72.4;4.2
54;2021-10-24;9;5;1;539941;528641;30942;73.9;72.4;4.2
54;2021-10-25;222;265;863;540163;528906;31805;74.0;72.4;4.4
54;2021-10-26;158;201;1019;540321;529107;32824;74.0;72.4;4.5
54;2021-10-27;287;371;1479;540608;529478;34303;74.0;72.5;4.7
54;2021-10-28;141;195;898;540749;529673;35201;74.0;72.5;4.8
54;2021-10-29;272;419;1777;541021;530092;36978;74.1;72.6;5.1
54;2021-10-30;251;366;1075;541272;530458;38053;74.1;72.6;5.2
54;2021-10-31;5;19;14;541277;530477;38067;74.1;72.6;5.2
54;2021-11-01;86;37;113;541363;530514;38180;74.1;72.6;5.2
54;2021-11-02;198;322;979;541561;530836;39159;74.1;72.7;5.4
54;2021-11-03;327;456;1635;541888;531292;40794;74.2;72.7;5.6
54;2021-11-04;192;244;1067;542080;531536;41861;74.2;72.8;5.7
54;2021-11-05;315;438;1952;542395;531974;43813;74.3;72.8;6.0
54;2021-11-06;268;416;1171;542663;532390;44984;74.3;72.9;6.2
54;2021-11-07;10;18;72;542673;532408;45056;74.3;72.9;6.2
54;2021-11-08;197;276;1410;542870;532684;46466;74.3;72.9;6.4
54;2021-11-09;176;282;1788;543046;532966;48254;74.3;73.0;6.6
54;2021-11-10;334;379;2500;543380;533345;50754;74.4;73.0;6.9
54;2021-11-11;78;91;287;543458;533436;51041;74.4;73.0;7.0
54;2021-11-12;306;440;2592;543764;533876;53633;74.4;73.1;7.3
54;2021-11-13;209;329;1348;543973;534205;54981;74.5;73.1;7.5
54;2021-11-14;3;12;15;543976;534217;54996;74.5;73.1;7.5
54;2021-11-15;179;244;1820;544155;534461;56816;74.5;73.2;7.8
54;2021-11-16;167;221;1966;544322;534682;58782;74.5;73.2;8.0
54;2021-11-17;279;319;2594;544601;535001;61376;74.6;73.2;8.4
54;2021-11-18;150;178;2058;544751;535179;63434;74.6;73.3;8.7
54;2021-11-19;320;382;3022;545071;535561;66456;74.6;73.3;9.1
54;2021-11-20;257;350;1582;545328;535911;68038;74.7;73.4;9.3
54;2021-11-21;25;27;183;545353;535938;68221;74.7;73.4;9.3
54;2021-11-22;224;204;1768;545577;536142;69989;74.7;73.4;9.6
54;2021-11-23;187;180;2115;545764;536322;72104;74.7;73.4;9.9
54;2021-11-24;319;314;2640;546083;536636;74744;74.8;73.5;10.2
54;2021-11-25;180;169;2784;546263;536805;77528;74.8;73.5;10.6
54;2021-11-26;313;359;5187;546576;537164;82715;74.8;73.5;11.3
54;2021-11-27;279;331;3783;546855;537495;86498;74.9;73.6;11.8
54;2021-11-28;18;26;584;546873;537521;87082;74.9;73.6;11.9
54;2021-11-29;148;208;4189;547021;537729;91271;74.9;73.6;12.5
54;2021-11-30;160;183;4789;547181;537912;96060;74.9;73.6;13.2
54;2021-12-01;226;331;7637;547407;538243;103697;74.9;73.7;14.2
54;2021-12-02;175;167;6295;547582;538410;109992;75.0;73.7;15.1
54;2021-12-03;286;351;8893;547868;538761;118885;75.0;73.8;16.3
54;2021-12-04;221;311;5322;548089;539072;124207;75.0;73.8;17.0
54;2021-12-05;20;14;495;548109;539086;124702;75.0;73.8;17.1
54;2021-12-06;249;268;6871;548358;539354;131573;75.1;73.8;18.0
54;2021-12-07;204;242;7257;548562;539596;138830;75.1;73.9;19.0
54;2021-12-08;284;358;8450;548846;539954;147280;75.1;73.9;20.2
54;2021-12-09;207;247;8006;549053;540201;155286;75.2;74.0;21.3
54;2021-12-10;328;328;10147;549381;540529;165433;75.2;74.0;22.6
54;2021-12-11;259;322;6101;549640;540851;171534;75.3;74.0;23.5
54;2021-12-12;35;39;582;549675;540890;172116;75.3;74.1;23.6
54;2021-12-13;276;282;7307;549951;541172;179423;75.3;74.1;24.6
54;2021-12-14;265;294;8329;550216;541466;187752;75.3;74.1;25.7
54;2021-12-15;403;393;9752;550619;541859;197504;75.4;74.2;27.0
54;2021-12-16;236;271;8902;550855;542130;206406;75.4;74.2;28.3
54;2021-12-17;409;392;11533;551264;542522;217939;75.5;74.3;29.8
54;2021-12-18;371;342;6516;551635;542864;224455;75.5;74.3;30.7
54;2021-12-19;65;48;965;551700;542912;225420;75.5;74.3;30.9
54;2021-12-20;369;343;7892;552069;543255;233312;75.6;74.4;31.9
54;2021-12-21;325;286;8048;552394;543541;241360;75.6;74.4;33.0
54;2021-12-22;382;330;7393;552776;543871;248753;75.7;74.5;34.1
55;2020-12-27;0;0;0;0;0;0;0.0;0.0;0.0
55;2020-12-28;2;0;0;2;0;0;0.0;0.0;0.0
55;2020-12-29;0;0;0;2;0;0;0.0;0.0;0.0
55;2020-12-30;0;0;0;2;0;0;0.0;0.0;0.0
55;2020-12-31;0;0;0;2;0;0;0.0;0.0;0.0
55;2021-01-01;0;0;0;2;0;0;0.0;0.0;0.0
55;2021-01-02;0;0;0;2;0;0;0.0;0.0;0.0
55;2021-01-03;0;0;0;2;0;0;0.0;0.0;0.0
55;2021-01-04;2;0;0;4;0;0;0.0;0.0;0.0
55;2021-01-05;4;0;0;8;0;0;0.0;0.0;0.0
55;2021-01-06;7;0;0;15;0;0;0.0;0.0;0.0
55;2021-01-07;121;0;0;136;0;0;0.1;0.0;0.0
55;2021-01-08;145;0;0;281;0;0;0.2;0.0;0.0
55;2021-01-09;28;0;0;309;0;0;0.2;0.0;0.0
55;2021-01-10;1;0;0;310;0;0;0.2;0.0;0.0
55;2021-01-11;155;1;0;465;1;0;0.3;0.0;0.0
55;2021-01-12;136;0;0;601;1;0;0.3;0.0;0.0
55;2021-01-13;177;0;0;778;1;0;0.4;0.0;0.0
55;2021-01-14;642;7;0;1420;8;0;0.8;0.0;0.0
55;2021-01-15;270;0;0;1690;8;0;0.9;0.0;0.0
55;2021-01-16;67;0;0;1757;8;0;1.0;0.0;0.0
55;2021-01-17;3;0;0;1760;8;0;1.0;0.0;0.0
55;2021-01-18;461;1;0;2221;9;0;1.2;0.0;0.0
55;2021-01-19;383;4;0;2604;13;0;1.4;0.0;0.0
55;2021-01-20;452;2;0;3056;15;0;1.7;0.0;0.0
55;2021-01-21;439;2;0;3495;17;0;1.9;0.0;0.0
55;2021-01-22;388;0;0;3883;17;0;2.1;0.0;0.0
55;2021-01-23;54;0;0;3937;17;0;2.2;0.0;0.0
55;2021-01-24;1;0;0;3938;17;0;2.2;0.0;0.0
55;2021-01-25;408;0;0;4346;17;0;2.4;0.0;0.0
55;2021-01-26;439;0;0;4785;17;0;2.6;0.0;0.0
55;2021-01-27;384;1;0;5169;18;0;2.8;0.0;0.0
55;2021-01-28;477;91;0;5646;109;0;3.1;0.1;0.0
55;2021-01-29;155;76;0;5801;185;0;3.2;0.1;0.0
55;2021-01-30;99;19;0;5900;204;0;3.2;0.1;0.0
55;2021-01-31;0;0;0;5900;204;0;3.2;0.1;0.0
55;2021-02-01;139;178;0;6039;382;0;3.3;0.2;0.0
55;2021-02-02;164;157;0;6203;539;0;3.4;0.3;0.0
55;2021-02-03;61;182;0;6264;721;0;3.4;0.4;0.0
55;2021-02-04;230;418;0;6494;1139;0;3.6;0.6;0.0
55;2021-02-05;197;175;0;6691;1314;0;3.7;0.7;0.0
55;2021-02-06;60;58;0;6751;1372;0;3.7;0.8;0.0
55;2021-02-07;4;48;0;6755;1420;0;3.7;0.8;0.0
55;2021-02-08;11;46;0;6766;1466;0;3.7;0.8;0.0
55;2021-02-09;106;132;0;6872;1598;0;3.8;0.9;0.0
55;2021-02-10;81;36;0;6953;1634;0;3.8;0.9;0.0
55;2021-02-11;174;82;0;7127;1716;0;3.9;0.9;0.0
55;2021-02-12;115;47;0;7242;1763;0;4.0;1.0;0.0
55;2021-02-13;12;5;0;7254;1768;0;4.0;1.0;0.0
55;2021-02-14;5;1;0;7259;1769;0;4.0;1.0;0.0
55;2021-02-15;24;434;0;7283;2203;0;4.0;1.2;0.0
55;2021-02-16;141;420;0;7424;2623;0;4.1;1.4;0.0
55;2021-02-17;34;494;0;7458;3117;0;4.1;1.7;0.0
55;2021-02-18;33;338;0;7491;3455;0;4.1;1.9;0.0
55;2021-02-19;145;292;0;7636;3747;0;4.2;2.1;0.0
55;2021-02-20;12;6;0;7648;3753;0;4.2;2.1;0.0
55;2021-02-21;0;0;0;7648;3753;0;4.2;2.1;0.0
55;2021-02-22;61;425;0;7709;4178;0;4.2;2.3;0.0
55;2021-02-23;88;442;0;7797;4620;0;4.3;2.5;0.0
55;2021-02-24;93;382;0;7890;5002;0;4.3;2.8;0.0
55;2021-02-25;282;687;0;8172;5689;0;4.5;3.1;0.0
55;2021-02-26;351;241;0;8523;5930;0;4.7;3.3;0.0
55;2021-02-27;138;87;0;8661;6017;0;4.8;3.3;0.0
55;2021-02-28;9;6;0;8670;6023;0;4.8;3.3;0.0
55;2021-03-01;108;148;0;8778;6171;0;4.8;3.4;0.0
55;2021-03-02;173;179;0;8951;6350;0;4.9;3.5;0.0
55;2021-03-03;232;13;0;9183;6363;0;5.1;3.5;0.0
55;2021-03-04;276;52;0;9459;6415;0;5.2;3.5;0.0
55;2021-03-05;427;63;0;9886;6478;0;5.4;3.6;0.0
55;2021-03-06;310;13;0;10196;6491;0;5.6;3.6;0.0
55;2021-03-07;141;3;0;10337;6494;0;5.7;3.6;0.0
55;2021-03-08;375;53;0;10712;6547;0;5.9;3.6;0.0
55;2021-03-09;669;60;0;11381;6607;0;6.3;3.6;0.0
55;2021-03-10;440;36;0;11821;6643;0;6.5;3.7;0.0
55;2021-03-11;622;152;0;12443;6795;0;6.9;3.7;0.0
55;2021-03-12;876;107;0;13319;6902;0;7.3;3.8;0.0
55;2021-03-13;586;25;0;13905;6927;0;7.7;3.8;0.0
55;2021-03-14;51;2;0;13956;6929;0;7.7;3.8;0.0
55;2021-03-15;425;33;0;14381;6962;0;7.9;3.8;0.0
55;2021-03-16;617;117;0;14998;7079;0;8.3;3.9;0.0
55;2021-03-17;728;28;0;15726;7107;0;8.7;3.9;0.0
55;2021-03-18;391;33;0;16117;7140;0;8.9;3.9;0.0
55;2021-03-19;513;72;0;16630;7212;0;9.2;4.0;0.0
55;2021-03-20;294;16;0;16924;7228;0;9.3;4.0;0.0
55;2021-03-21;9;1;0;16933;7229;0;9.3;4.0;0.0
55;2021-03-22;517;30;0;17450;7259;0;9.6;4.0;0.0
55;2021-03-23;1036;78;0;18486;7337;0;10.2;4.0;0.0
55;2021-03-24;852;67;0;19338;7404;0;10.6;4.1;0.0
55;2021-03-25;1145;91;0;20483;7495;0;11.3;4.1;0.0
55;2021-03-26;678;61;0;21161;7556;0;11.6;4.2;0.0
55;2021-03-27;309;37;0;21470;7593;0;11.8;4.2;0.0
55;2021-03-28;2;6;0;21472;7599;0;11.8;4.2;0.0
55;2021-03-29;933;67;0;22405;7666;0;12.3;4.2;0.0
55;2021-03-30;1419;102;0;23824;7768;0;13.1;4.3;0.0
55;2021-03-31;1441;104;0;25265;7872;0;13.9;4.3;0.0
55;2021-04-01;1217;174;0;26482;8046;0;14.6;4.4;0.0
55;2021-04-02;903;102;0;27385;8148;0;15.1;4.5;0.0
55;2021-04-03;220;37;0;27605;8185;0;15.2;4.5;0.0
55;2021-04-04;15;16;0;27620;8201;0;15.2;4.5;0.0
55;2021-04-05;9;20;0;27629;8221;0;15.2;4.5;0.0
55;2021-04-06;895;319;0;28524;8540;0;15.7;4.7;0.0
55;2021-04-07;903;291;0;29427;8831;0;16.2;4.9;0.0
55;2021-04-08;1568;444;0;30995;9275;0;17.1;5.1;0.0
55;2021-04-09;1353;302;0;32348;9577;0;17.8;5.3;0.0
55;2021-04-10;270;210;0;32618;9787;0;18.0;5.4;0.0
55;2021-04-11;507;50;0;33125;9837;0;18.2;5.4;0.0
55;2021-04-12;786;370;0;33911;10207;0;18.7;5.6;0.0
55;2021-04-13;1214;564;0;35125;10771;0;19.3;5.9;0.0
55;2021-04-14;1288;778;0;36413;11549;0;20.0;6.4;0.0
55;2021-04-15;1507;491;0;37920;12040;0;20.9;6.6;0.0
55;2021-04-16;730;402;0;38650;12442;0;21.3;6.8;0.0
55;2021-04-17;713;83;0;39363;12525;0;21.7;6.9;0.0
55;2021-04-18;41;26;0;39404;12551;0;21.7;6.9;0.0
55;2021-04-19;853;424;0;40257;12975;0;22.2;7.1;0.0
55;2021-04-20;1078;802;0;41335;13777;0;22.8;7.6;0.0
55;2021-04-21;900;679;0;42235;14456;0;23.3;8.0;0.0
55;2021-04-22;1002;739;0;43237;15195;0;23.8;8.4;0.0
55;2021-04-23;1311;633;0;44548;15828;0;24.5;8.7;0.0
55;2021-04-24;365;158;0;44913;15986;0;24.7;8.8;0.0
55;2021-04-25;341;49;0;45254;16035;0;24.9;8.8;0.0
55;2021-04-26;435;793;0;45689;16828;0;25.2;9.3;0.0
55;2021-04-27;562;983;0;46251;17811;0;25.5;9.8;0.0
55;2021-04-28;869;827;0;47120;18638;0;25.9;10.3;0.0
55;2021-04-29;1068;842;0;48188;19480;0;26.5;10.7;0.0
55;2021-04-30;1243;621;0;49431;20101;0;27.2;11.1;0.0
55;2021-05-01;137;136;0;49568;20237;0;27.3;11.1;0.0
55;2021-05-02;13;6;0;49581;20243;0;27.3;11.1;0.0
55;2021-05-03;1160;627;0;50741;20870;0;27.9;11.5;0.0
55;2021-05-04;735;1081;0;51476;21951;0;28.3;12.1;0.0
55;2021-05-05;802;947;0;52278;22898;0;28.8;12.6;0.0
55;2021-05-06;1461;1084;0;53739;23982;0;29.6;13.2;0.0
55;2021-05-07;1441;568;0;55180;24550;0;30.4;13.5;0.0
55;2021-05-08;165;78;0;55345;24628;0;30.5;13.6;0.0
55;2021-05-09;133;451;0;55478;25079;0;30.5;13.8;0.0
55;2021-05-10;913;930;0;56391;26009;0;31.0;14.3;0.0
55;2021-05-11;1201;1257;0;57592;27266;0;31.7;15.0;0.0
55;2021-05-12;1108;1600;0;58700;28866;0;32.3;15.9;0.0
55;2021-05-13;288;88;0;58988;28954;0;32.5;15.9;0.0
55;2021-05-14;597;570;0;59585;29524;0;32.8;16.3;0.0
55;2021-05-15;417;501;0;60002;30025;0;33.0;16.5;0.0
55;2021-05-16;83;17;0;60085;30042;0;33.1;16.5;0.0
55;2021-05-17;1114;774;0;61199;30816;0;33.7;17.0;0.0
55;2021-05-18;1631;837;0;62830;31653;0;34.6;17.4;0.0
55;2021-05-19;1791;735;0;64621;32388;0;35.6;17.8;0.0
55;2021-05-20;2297;693;0;66918;33081;0;36.8;18.2;0.0
55;2021-05-21;1979;795;0;68897;33876;0;37.9;18.6;0.0
55;2021-05-22;325;198;0;69222;34074;0;38.1;18.8;0.0
55;2021-05-23;58;99;0;69280;34173;0;38.1;18.8;0.0
55;2021-05-24;96;8;0;69376;34181;0;38.2;18.8;0.0
55;2021-05-25;1330;628;0;70706;34809;0;38.9;19.2;0.0
55;2021-05-26;1572;965;0;72278;35774;0;39.8;19.7;0.0
55;2021-05-27;1376;968;0;73654;36742;0;40.5;20.2;0.0
55;2021-05-28;1533;918;0;75187;37660;0;41.4;20.7;0.0
55;2021-05-29;1221;662;0;76408;38322;0;42.1;21.1;0.0
55;2021-05-30;27;197;0;76435;38519;0;42.1;21.2;0.0
55;2021-05-31;1002;1038;0;77437;39557;0;42.6;21.8;0.0
55;2021-06-01;891;889;0;78328;40446;0;43.1;22.3;0.0
55;2021-06-02;1136;955;0;79464;41401;0;43.7;22.8;0.0
55;2021-06-03;822;587;0;80286;41988;0;44.2;23.1;0.0
55;2021-06-04;1381;1074;0;81667;43062;0;45.0;23.7;0.0
55;2021-06-05;1241;302;0;82908;43364;0;45.6;23.9;0.0
55;2021-06-06;15;6;0;82923;43370;0;45.7;23.9;0.0
55;2021-06-07;833;703;0;83756;44073;0;46.1;24.3;0.0
55;2021-06-08;803;1043;0;84559;45116;0;46.6;24.8;0.0
55;2021-06-09;942;817;0;85501;45933;0;47.1;25.3;0.0
55;2021-06-10;551;373;0;86052;46306;0;47.4;25.5;0.0
55;2021-06-11;634;1267;0;86686;47573;0;47.7;26.2;0.0
55;2021-06-12;772;534;0;87458;48107;0;48.1;26.5;0.0
55;2021-06-13;261;42;0;87719;48149;0;48.3;26.5;0.0
55;2021-06-14;434;1318;0;88153;49467;0;48.5;27.2;0.0
55;2021-06-15;611;1328;0;88764;50795;0;48.9;28.0;0.0
55;2021-06-16;787;970;0;89551;51765;0;49.3;28.5;0.0
55;2021-06-17;492;960;0;90043;52725;0;49.6;29.0;0.0
55;2021-06-18;697;1558;0;90740;54283;0;50.0;29.9;0.0
55;2021-06-19;651;504;0;91391;54787;0;50.3;30.2;0.0
55;2021-06-20;17;40;0;91408;54827;0;50.3;30.2;0.0
55;2021-06-21;474;1163;0;91882;55990;0;50.6;30.8;0.0
55;2021-06-22;409;1168;0;92291;57158;0;50.8;31.5;0.0
55;2021-06-23;683;1282;0;92974;58440;0;51.2;32.2;0.0
55;2021-06-24;250;591;0;93224;59031;0;51.3;32.5;0.0
55;2021-06-25;693;1392;0;93917;60423;0;51.7;33.3;0.0
55;2021-06-26;492;479;0;94409;60902;0;52.0;33.5;0.0
55;2021-06-27;7;50;0;94416;60952;0;52.0;33.6;0.0
55;2021-06-28;203;1460;0;94619;62412;0;52.1;34.4;0.0
55;2021-06-29;256;1376;0;94875;63788;0;52.2;35.1;0.0
55;2021-06-30;326;2003;0;95201;65791;0;52.4;36.2;0.0
55;2021-07-01;446;2034;0;95647;67825;0;52.7;37.3;0.0
55;2021-07-02;454;1804;0;96101;69629;0;52.9;38.3;0.0
55;2021-07-03;209;362;0;96310;69991;0;53.0;38.5;0.0
55;2021-07-04;38;56;0;96348;70047;0;53.0;38.6;0.0
55;2021-07-05;256;1552;0;96604;71599;0;53.2;39.4;0.0
55;2021-07-06;376;1043;0;96980;72642;0;53.4;40.0;0.0
55;2021-07-07;419;1834;0;97399;74476;0;53.6;41.0;0.0
55;2021-07-08;631;1633;0;98030;76109;0;54.0;41.9;0.0
55;2021-07-09;551;1587;0;98581;77696;0;54.3;42.8;0.0
55;2021-07-10;399;1066;0;98980;78762;0;54.5;43.4;0.0
55;2021-07-11;6;25;0;98986;78787;0;54.5;43.4;0.0
55;2021-07-12;633;1242;0;99619;80029;0;54.8;44.1;0.0
55;2021-07-13;718;1507;0;100337;81536;0;55.2;44.9;0.0
55;2021-07-14;91;75;0;100428;81611;0;55.3;44.9;0.0
55;2021-07-15;866;1704;0;101294;83315;0;55.8;45.9;0.0
55;2021-07-16;1263;1816;0;102557;85131;0;56.5;46.9;0.0
55;2021-07-17;1315;920;0;103872;86051;0;57.2;47.4;0.0
55;2021-07-18;39;36;0;103911;86087;0;57.2;47.4;0.0
55;2021-07-19;653;926;0;104564;87013;0;57.6;47.9;0.0
55;2021-07-20;1065;1152;0;105629;88165;0;58.2;48.5;0.0
55;2021-07-21;1478;1408;0;107107;89573;0;59.0;49.3;0.0
55;2021-07-22;1288;772;0;108395;90345;0;59.7;49.7;0.0
55;2021-07-23;1262;1496;0;109657;91841;0;60.4;50.6;0.0
55;2021-07-24;860;829;0;110517;92670;0;60.8;51.0;0.0
55;2021-07-25;131;233;0;110648;92903;0;60.9;51.1;0.0
55;2021-07-26;760;586;0;111408;93489;0;61.3;51.5;0.0
55;2021-07-27;1259;617;0;112667;94106;0;62.0;51.8;0.0
55;2021-07-28;1230;1153;0;113897;95259;0;62.7;52.4;0.0
55;2021-07-29;920;596;0;114817;95855;0;63.2;52.8;0.0
55;2021-07-30;1420;1091;0;116237;96946;0;64.0;53.4;0.0
55;2021-07-31;873;707;0;117110;97653;0;64.5;53.8;0.0
55;2021-08-01;57;16;0;117167;97669;0;64.5;53.8;0.0
55;2021-08-02;756;535;0;117923;98204;0;64.9;54.1;0.0
55;2021-08-03;833;528;0;118756;98732;0;65.4;54.4;0.0
55;2021-08-04;1403;952;0;120159;99684;0;66.2;54.9;0.0
55;2021-08-05;1179;403;0;121338;100087;0;66.8;55.1;0.0
55;2021-08-06;1043;1162;0;122381;101249;0;67.4;55.7;0.0
55;2021-08-07;697;446;0;123078;101695;0;67.8;56.0;0.0
55;2021-08-08;63;16;0;123141;101711;0;67.8;56.0;0.0
55;2021-08-09;500;464;0;123641;102175;0;68.1;56.3;0.0
55;2021-08-10;536;836;0;124177;103011;0;68.4;56.7;0.0
55;2021-08-11;726;726;0;124903;103737;0;68.8;57.1;0.0
55;2021-08-12;500;623;0;125403;104360;0;69.0;57.5;0.0
55;2021-08-13;553;1210;0;125956;105570;0;69.3;58.1;0.0
55;2021-08-14;254;344;0;126210;105914;0;69.5;58.3;0.0
55;2021-08-15;39;26;0;126249;105940;0;69.5;58.3;0.0
55;2021-08-16;325;815;0;126574;106755;0;69.7;58.8;0.0
55;2021-08-17;355;450;0;126929;107205;0;69.9;59.0;0.0
55;2021-08-18;569;1322;0;127498;108527;0;70.2;59.7;0.0
55;2021-08-19;528;1040;0;128026;109567;0;70.5;60.3;0.0
55;2021-08-20;618;1171;0;128644;110738;0;70.8;61.0;0.0
55;2021-08-21;344;804;0;128988;111542;0;71.0;61.4;0.0
55;2021-08-22;18;41;0;129006;111583;0;71.0;61.4;0.0
55;2021-08-23;332;728;0;129338;112311;0;71.2;61.8;0.0
55;2021-08-24;335;891;0;129673;113202;0;71.4;62.3;0.0
55;2021-08-25;705;1253;0;130378;114455;0;71.8;63.0;0.0
55;2021-08-26;450;1335;0;130828;115790;0;72.0;63.7;0.0
55;2021-08-27;352;1476;0;131180;117266;0;72.2;64.6;0.0
55;2021-08-28;374;739;0;131554;118005;0;72.4;65.0;0.0
55;2021-08-29;191;57;0;131745;118062;0;72.5;65.0;0.0
55;2021-08-30;142;799;9;131887;118861;9;72.6;65.4;0.0
55;2021-08-31;306;941;24;132193;119802;33;72.8;66.0;0.0
55;2021-09-01;546;1339;62;132739;121141;95;73.1;66.7;0.1
55;2021-09-02;246;999;82;132985;122140;177;73.2;67.2;0.1
55;2021-09-03;399;1144;208;133384;123284;385;73.4;67.9;0.2
55;2021-09-04;299;721;22;133683;124005;407;73.6;68.3;0.2
55;2021-09-05;17;89;1;133700;124094;408;73.6;68.3;0.2
55;2021-09-06;78;223;9;133778;124317;417;73.6;68.4;0.2
55;2021-09-07;265;470;188;134043;124787;605;73.8;68.7;0.3
55;2021-09-08;224;378;64;134267;125165;669;73.9;68.9;0.4
55;2021-09-09;218;622;70;134485;125787;739;74.0;69.3;0.4
55;2021-09-10;209;543;139;134694;126330;878;74.2;69.5;0.5
55;2021-09-11;134;399;42;134828;126729;920;74.2;69.8;0.5
55;2021-09-12;3;10;0;134831;126739;920;74.2;69.8;0.5
55;2021-09-13;119;355;123;134950;127094;1043;74.3;70.0;0.6
55;2021-09-14;293;225;126;135243;127319;1169;74.5;70.1;0.6
55;2021-09-15;285;703;228;135528;128022;1397;74.6;70.5;0.8
55;2021-09-16;116;222;117;135644;128244;1514;74.7;70.6;0.8
55;2021-09-17;118;195;127;135762;128439;1641;74.7;70.7;0.9
55;2021-09-18;144;428;79;135906;128867;1720;74.8;70.9;0.9
55;2021-09-19;4;12;3;135910;128879;1723;74.8;71.0;0.9
55;2021-09-20;73;166;34;135983;129045;1757;74.9;71.0;1.0
55;2021-09-21;119;283;243;136102;129328;2000;74.9;71.2;1.1
55;2021-09-22;122;378;102;136224;129706;2102;75.0;71.4;1.2
55;2021-09-23;101;373;272;136325;130079;2374;75.1;71.6;1.3
55;2021-09-24;100;340;202;136425;130419;2576;75.1;71.8;1.4
55;2021-09-25;67;201;54;136492;130620;2630;75.1;71.9;1.4
55;2021-09-26;1;1;0;136493;130621;2630;75.1;71.9;1.4
55;2021-09-27;51;136;132;136544;130757;2762;75.2;72.0;1.5
55;2021-09-28;65;95;105;136609;130852;2867;75.2;72.0;1.6
55;2021-09-29;154;792;199;136763;131644;3066;75.3;72.5;1.7
55;2021-09-30;71;312;174;136834;131956;3240;75.3;72.6;1.8
55;2021-10-01;74;222;156;136908;132178;3396;75.4;72.8;1.9
55;2021-10-02;118;389;82;137026;132567;3478;75.4;73.0;1.9
55;2021-10-03;3;3;0;137029;132570;3478;75.4;73.0;1.9
55;2021-10-04;111;255;255;137140;132825;3733;75.5;73.1;2.1
55;2021-10-05;75;194;186;137215;133019;3919;75.5;73.2;2.2
55;2021-10-06;106;329;175;137321;133348;4094;75.6;73.4;2.3
55;2021-10-07;67;93;184;137388;133441;4278;75.6;73.5;2.4
55;2021-10-08;80;145;127;137468;133586;4405;75.7;73.5;2.4
55;2021-10-09;88;226;118;137556;133812;4523;75.7;73.7;2.5
55;2021-10-10;18;161;20;137574;133973;4543;75.7;73.8;2.5
55;2021-10-11;73;115;134;137647;134088;4677;75.8;73.8;2.6
55;2021-10-12;88;322;257;137735;134410;4934;75.8;74.0;2.7
55;2021-10-13;110;137;281;137845;134547;5215;75.9;74.1;2.9
55;2021-10-14;38;76;118;137883;134623;5333;75.9;74.1;2.9
55;2021-10-15;72;141;150;137955;134764;5483;75.9;74.2;3.0
55;2021-10-16;63;94;95;138018;134858;5578;76.0;74.2;3.1
55;2021-10-17;10;18;11;138028;134876;5589;76.0;74.3;3.1
55;2021-10-18;73;102;277;138101;134978;5866;76.0;74.3;3.2
55;2021-10-19;48;70;197;138149;135048;6063;76.1;74.3;3.3
55;2021-10-20;53;144;307;138202;135192;6370;76.1;74.4;3.5
55;2021-10-21;40;123;199;138242;135315;6569;76.1;74.5;3.6
55;2021-10-22;58;74;187;138300;135389;6756;76.1;74.5;3.7
55;2021-10-23;89;180;333;138389;135569;7089;76.2;74.6;3.9
55;2021-10-24;1;4;5;138390;135573;7094;76.2;74.6;3.9
55;2021-10-25;82;107;337;138472;135680;7431;76.2;74.7;4.1
55;2021-10-26;39;47;172;138511;135727;7603;76.3;74.7;4.2
55;2021-10-27;74;138;293;138585;135865;7896;76.3;74.8;4.3
55;2021-10-28;43;33;222;138628;135898;8118;76.3;74.8;4.5
55;2021-10-29;67;79;313;138695;135977;8431;76.4;74.9;4.6
55;2021-10-30;18;52;84;138713;136029;8515;76.4;74.9;4.7
55;2021-10-31;0;3;2;138713;136032;8517;76.4;74.9;4.7
55;2021-11-01;9;4;1;138722;136036;8518;76.4;74.9;4.7
55;2021-11-02;28;35;108;138750;136071;8626;76.4;74.9;4.7
55;2021-11-03;42;80;287;138792;136151;8913;76.4;75.0;4.9
55;2021-11-04;110;109;865;138902;136260;9778;76.5;75.0;5.4
55;2021-11-05;19;75;206;138921;136335;9984;76.5;75.1;5.5
55;2021-11-06;85;111;422;139006;136446;10406;76.5;75.1;5.7
55;2021-11-07;5;6;31;139011;136452;10437;76.5;75.1;5.7
55;2021-11-08;70;114;620;139081;136566;11057;76.6;75.2;6.1
55;2021-11-09;29;62;455;139110;136628;11512;76.6;75.2;6.3
55;2021-11-10;61;83;774;139171;136711;12286;76.6;75.3;6.8
55;2021-11-11;2;1;24;139173;136712;12310;76.6;75.3;6.8
55;2021-11-12;41;65;403;139214;136777;12713;76.6;75.3;7.0
55;2021-11-13;35;40;136;139249;136817;12849;76.7;75.3;7.1
55;2021-11-14;4;1;16;139253;136818;12865;76.7;75.3;7.1
55;2021-11-15;58;121;866;139311;136939;13731;76.7;75.4;7.6
55;2021-11-16;35;57;515;139346;136996;14246;76.7;75.4;7.8
55;2021-11-17;77;65;782;139423;137061;15028;76.8;75.5;8.3
55;2021-11-18;51;77;563;139474;137138;15591;76.8;75.5;8.6
55;2021-11-19;58;70;615;139532;137208;16206;76.8;75.5;8.9
55;2021-11-20;66;79;638;139598;137287;16844;76.9;75.6;9.3
55;2021-11-21;3;0;3;139601;137287;16847;76.9;75.6;9.3
55;2021-11-22;46;41;959;139647;137328;17806;76.9;75.6;9.8
55;2021-11-23;57;41;922;139704;137369;18728;76.9;75.6;10.3
55;2021-11-24;60;66;904;139764;137435;19632;76.9;75.7;10.8
55;2021-11-25;48;47;566;139812;137482;20198;77.0;75.7;11.1
55;2021-11-26;88;70;1277;139900;137552;21475;77.0;75.7;11.8
55;2021-11-27;61;66;828;139961;137618;22303;77.1;75.8;12.3
55;2021-11-28;4;7;87;139965;137625;22390;77.1;75.8;12.3
55;2021-11-29;59;117;1106;140024;137742;23496;77.1;75.8;12.9
55;2021-11-30;51;35;1010;140075;137777;24506;77.1;75.9;13.5
55;2021-12-01;53;109;1532;140128;137886;26038;77.1;75.9;14.3
55;2021-12-02;51;30;2031;140179;137916;28069;77.2;75.9;15.5
55;2021-12-03;89;66;1927;140268;137982;29996;77.2;76.0;16.5
55;2021-12-04;74;53;826;140342;138035;30822;77.3;76.0;17.0
55;2021-12-05;8;5;301;140350;138040;31123;77.3;76.0;17.1
55;2021-12-06;38;74;1838;140388;138114;32961;77.3;76.0;18.1
55;2021-12-07;46;37;1528;140434;138151;34489;77.3;76.1;19.0
55;2021-12-08;98;61;2202;140532;138212;36691;77.4;76.1;20.2
55;2021-12-09;66;30;1758;140598;138242;38449;77.4;76.1;21.2
55;2021-12-10;69;58;2127;140667;138300;40576;77.4;76.1;22.3
55;2021-12-11;72;96;2314;140739;138396;42890;77.5;76.2;23.6
55;2021-12-12;8;4;94;140747;138400;42984;77.5;76.2;23.7
55;2021-12-13;53;48;1375;140800;138448;44359;77.5;76.2;24.4
55;2021-12-14;68;63;2390;140868;138511;46749;77.6;76.3;25.7
55;2021-12-15;73;61;1807;140941;138572;48556;77.6;76.3;26.7
55;2021-12-16;68;70;3024;141009;138642;51580;77.6;76.3;28.4
55;2021-12-17;86;108;3108;141095;138750;54688;77.7;76.4;30.1
55;2021-12-18;99;78;1857;141194;138828;56545;77.7;76.4;31.1
55;2021-12-19;25;13;452;141219;138841;56997;77.7;76.4;31.4
55;2021-12-20;70;82;2093;141289;138923;59090;77.8;76.5;32.5
55;2021-12-21;75;81;2464;141364;139004;61554;77.8;76.5;33.9
55;2021-12-22;97;85;1877;141461;139089;63431;77.9;76.6;34.9
56;2020-12-27;0;0;0;0;0;0;0.0;0.0;0.0
56;2020-12-28;2;0;0;2;0;0;0.0;0.0;0.0
56;2020-12-29;0;0;0;2;0;0;0.0;0.0;0.0
56;2020-12-30;0;0;0;2;0;0;0.0;0.0;0.0
56;2020-12-31;1;0;0;3;0;0;0.0;0.0;0.0
56;2021-01-01;1;0;0;4;0;0;0.0;0.0;0.0
56;2021-01-02;1;0;0;5;0;0;0.0;0.0;0.0
56;2021-01-03;0;0;0;5;0;0;0.0;0.0;0.0
56;2021-01-04;1;0;0;6;0;0;0.0;0.0;0.0
56;2021-01-05;3;0;0;9;0;0;0.0;0.0;0.0
56;2021-01-06;10;0;0;19;0;0;0.0;0.0;0.0
56;2021-01-07;185;0;0;204;0;0;0.0;0.0;0.0
56;2021-01-08;149;1;0;353;1;0;0.0;0.0;0.0
56;2021-01-09;2;0;0;355;1;0;0.0;0.0;0.0
56;2021-01-10;3;0;0;358;1;0;0.0;0.0;0.0
56;2021-01-11;255;0;0;613;1;0;0.1;0.0;0.0
56;2021-01-12;738;15;0;1351;16;0;0.2;0.0;0.0
56;2021-01-13;656;1;0;2007;17;0;0.3;0.0;0.0
56;2021-01-14;961;19;0;2968;36;0;0.4;0.0;0.0
56;2021-01-15;810;6;0;3778;42;0;0.5;0.0;0.0
56;2021-01-16;231;4;0;4009;46;0;0.5;0.0;0.0
56;2021-01-17;28;0;0;4037;46;0;0.5;0.0;0.0
56;2021-01-18;955;2;0;4992;48;0;0.7;0.0;0.0
56;2021-01-19;860;23;0;5852;71;0;0.8;0.0;0.0
56;2021-01-20;905;1;0;6757;72;0;0.9;0.0;0.0
56;2021-01-21;1451;19;0;8208;91;0;1.1;0.0;0.0
56;2021-01-22;1227;4;0;9435;95;0;1.2;0.0;0.0
56;2021-01-23;306;4;0;9741;99;0;1.3;0.0;0.0
56;2021-01-24;7;1;0;9748;100;0;1.3;0.0;0.0
56;2021-01-25;795;5;0;10543;105;0;1.4;0.0;0.0
56;2021-01-26;1001;8;0;11544;113;0;1.5;0.0;0.0
56;2021-01-27;1037;65;0;12581;178;0;1.7;0.0;0.0
56;2021-01-28;1033;110;0;13614;288;0;1.8;0.0;0.0
56;2021-01-29;853;111;0;14467;399;0;1.9;0.1;0.0
56;2021-01-30;145;18;0;14612;417;0;1.9;0.1;0.0
56;2021-01-31;5;3;0;14617;420;0;1.9;0.1;0.0
56;2021-02-01;480;149;0;15097;569;0;2.0;0.1;0.0
56;2021-02-02;844;237;0;15941;806;0;2.1;0.1;0.0
56;2021-02-03;901;250;0;16842;1056;0;2.2;0.1;0.0
56;2021-02-04;4358;378;0;21200;1434;0;2.8;0.2;0.0
56;2021-02-05;3388;465;0;24588;1899;0;3.3;0.3;0.0
56;2021-02-06;524;172;0;25112;2071;0;3.3;0.3;0.0
56;2021-02-07;125;23;0;25237;2094;0;3.3;0.3;0.0
56;2021-02-08;303;308;0;25540;2402;0;3.4;0.3;0.0
56;2021-02-09;772;476;0;26312;2878;0;3.5;0.4;0.0
56;2021-02-10;853;743;0;27165;3621;0;3.6;0.5;0.0
56;2021-02-11;987;1107;0;28152;4728;0;3.7;0.6;0.0
56;2021-02-12;1119;643;0;29271;5371;0;3.9;0.7;0.0
56;2021-02-13;215;125;0;29486;5496;0;3.9;0.7;0.0
56;2021-02-14;6;44;0;29492;5540;0;3.9;0.7;0.0
56;2021-02-15;617;1013;0;30109;6553;0;4.0;0.9;0.0
56;2021-02-16;1189;684;0;31298;7237;0;4.1;1.0;0.0
56;2021-02-17;1137;914;0;32435;8151;0;4.3;1.1;0.0
56;2021-02-18;1368;924;0;33803;9075;0;4.5;1.2;0.0
56;2021-02-19;1392;924;0;35195;9999;0;4.7;1.3;0.0
56;2021-02-20;358;262;0;35553;10261;0;4.7;1.4;0.0
56;2021-02-21;2;2;0;35555;10263;0;4.7;1.4;0.0
56;2021-02-22;395;685;0;35950;10948;0;4.8;1.4;0.0
56;2021-02-23;699;863;0;36649;11811;0;4.9;1.6;0.0
56;2021-02-24;933;1094;0;37582;12905;0;5.0;1.7;0.0
56;2021-02-25;2088;4022;0;39670;16927;0;5.3;2.2;0.0
56;2021-02-26;2293;2101;0;41963;19028;0;5.6;2.5;0.0
56;2021-02-27;732;454;0;42695;19482;0;5.7;2.6;0.0
56;2021-02-28;17;111;0;42712;19593;0;5.7;2.6;0.0
56;2021-03-01;723;552;0;43435;20145;0;5.7;2.7;0.0
56;2021-03-02;1012;788;0;44447;20933;0;5.9;2.8;0.0
56;2021-03-03;1163;897;0;45610;21830;0;6.0;2.9;0.0
56;2021-03-04;1980;1001;0;47590;22831;0;6.3;3.0;0.0
56;2021-03-05;2570;1415;0;50160;24246;0;6.6;3.2;0.0
56;2021-03-06;1216;221;0;51376;24467;0;6.8;3.2;0.0
56;2021-03-07;283;27;0;51659;24494;0;6.8;3.2;0.0
56;2021-03-08;1151;418;0;52810;24912;0;7.0;3.3;0.0
56;2021-03-09;2052;642;0;54862;25554;0;7.3;3.4;0.0
56;2021-03-10;1994;922;0;56856;26476;0;7.5;3.5;0.0
56;2021-03-11;3261;769;0;60117;27245;0;8.0;3.6;0.0
56;2021-03-12;4193;807;0;64310;28052;0;8.5;3.7;0.0
56;2021-03-13;1907;162;0;66217;28214;0;8.8;3.7;0.0
56;2021-03-14;182;6;0;66399;28220;0;8.8;3.7;0.0
56;2021-03-15;1374;541;0;67773;28761;0;9.0;3.8;0.0
56;2021-03-16;1084;1049;0;68857;29810;0;9.1;3.9;0.0
56;2021-03-17;1338;782;0;70195;30592;0;9.3;4.0;0.0
56;2021-03-18;1980;1798;0;72175;32390;0;9.6;4.3;0.0
56;2021-03-19;2927;1381;0;75102;33771;0;9.9;4.5;0.0
56;2021-03-20;1460;198;0;76562;33969;0;10.1;4.5;0.0
56;2021-03-21;186;21;0;76748;33990;0;10.2;4.5;0.0
56;2021-03-22;1597;385;0;78345;34375;0;10.4;4.5;0.0
56;2021-03-23;2772;699;0;81117;35074;0;10.7;4.6;0.0
56;2021-03-24;3389;554;0;84506;35628;0;11.2;4.7;0.0
56;2021-03-25;4210;745;0;88716;36373;0;11.7;4.8;0.0
56;2021-03-26;5083;803;0;93799;37176;0;12.4;4.9;0.0
56;2021-03-27;1488;286;0;95287;37462;0;12.6;5.0;0.0
56;2021-03-28;216;11;0;95503;37473;0;12.6;5.0;0.0
56;2021-03-29;2200;557;0;97703;38030;0;12.9;5.0;0.0
56;2021-03-30;3441;827;0;101144;38857;0;13.4;5.1;0.0
56;2021-03-31;3067;739;0;104211;39596;0;13.8;5.2;0.0
56;2021-04-01;4158;846;0;108369;40442;0;14.3;5.4;0.0
56;2021-04-02;3921;1019;0;112290;41461;0;14.9;5.5;0.0
56;2021-04-03;1152;277;0;113442;41738;0;15.0;5.5;0.0
56;2021-04-04;224;10;0;113666;41748;0;15.0;5.5;0.0
56;2021-04-05;214;13;0;113880;41761;0;15.1;5.5;0.0
56;2021-04-06;2719;1224;0;116599;42985;0;15.4;5.7;0.0
56;2021-04-07;3924;1172;0;120523;44157;0;16.0;5.8;0.0
56;2021-04-08;5277;1197;0;125800;45354;0;16.6;6.0;0.0
56;2021-04-09;7149;1260;0;132949;46614;0;17.6;6.2;0.0
56;2021-04-10;2457;397;0;135406;47011;0;17.9;6.2;0.0
56;2021-04-11;189;104;0;135595;47115;0;17.9;6.2;0.0
56;2021-04-12;3765;870;0;139360;47985;0;18.4;6.4;0.0
56;2021-04-13;5706;1247;0;145066;49232;0;19.2;6.5;0.0
56;2021-04-14;4994;1439;0;150060;50671;0;19.9;6.7;0.0
56;2021-04-15;6833;1732;0;156893;52403;0;20.8;6.9;0.0
56;2021-04-16;7679;1953;0;164572;54356;0;21.8;7.2;0.0
56;2021-04-17;2958;625;0;167530;54981;0;22.2;7.3;0.0
56;2021-04-18;508;105;0;168038;55086;0;22.2;7.3;0.0
56;2021-04-19;3596;1244;0;171634;56330;0;22.7;7.5;0.0
56;2021-04-20;3953;1916;0;175587;58246;0;23.2;7.7;0.0
56;2021-04-21;3930;2322;0;179517;60568;0;23.8;8.0;0.0
56;2021-04-22;5048;1937;0;184565;62505;0;24.4;8.3;0.0
56;2021-04-23;5105;2487;0;189670;64992;0;25.1;8.6;0.0
56;2021-04-24;2806;633;0;192476;65625;0;25.5;8.7;0.0
56;2021-04-25;458;144;0;192934;65769;0;25.5;8.7;0.0
56;2021-04-26;4432;1660;0;197366;67429;0;26.1;8.9;0.0
56;2021-04-27;4893;2478;0;202259;69907;0;26.8;9.3;0.0
56;2021-04-28;4764;2212;0;207023;72119;0;27.4;9.5;0.0
56;2021-04-29;5687;2954;0;212710;75073;0;28.2;9.9;0.0
56;2021-04-30;6088;2706;0;218798;77779;0;29.0;10.3;0.0
56;2021-05-01;2300;339;0;221098;78118;0;29.3;10.3;0.0
56;2021-05-02;257;250;0;221355;78368;0;29.3;10.4;0.0
56;2021-05-03;3708;2009;0;225063;80377;0;29.8;10.6;0.0
56;2021-05-04;4235;3739;0;229298;84116;0;30.3;11.1;0.0
56;2021-05-05;3444;3786;0;232742;87902;0;30.8;11.6;0.0
56;2021-05-06;4316;5299;0;237058;93201;0;31.4;12.3;0.0
56;2021-05-07;4210;4874;0;241268;98075;0;31.9;13.0;0.0
56;2021-05-08;1564;306;0;242832;98381;0;32.1;13.0;0.0
56;2021-05-09;523;229;0;243355;98610;0;32.2;13.1;0.0
56;2021-05-10;3596;3795;0;246951;102405;0;32.7;13.6;0.0
56;2021-05-11;4095;4903;0;251046;107308;0;33.2;14.2;0.0
56;2021-05-12;4201;4548;0;255247;111856;0;33.8;14.8;0.0
56;2021-05-13;2412;962;0;257659;112818;0;34.1;14.9;0.0
56;2021-05-14;4141;4194;0;261800;117012;0;34.6;15.5;0.0
56;2021-05-15;2472;1747;0;264272;118759;0;35.0;15.7;0.0
56;2021-05-16;308;466;0;264580;119225;0;35.0;15.8;0.0
56;2021-05-17;2644;3585;0;267224;122810;0;35.4;16.3;0.0
56;2021-05-18;3673;3980;0;270897;126790;0;35.9;16.8;0.0
56;2021-05-19;3712;3264;0;274609;130054;0;36.3;17.2;0.0
56;2021-05-20;4129;4709;0;278738;134763;0;36.9;17.8;0.0
56;2021-05-21;4001;4979;0;282739;139742;0;37.4;18.5;0.0
56;2021-05-22;1720;2075;0;284459;141817;0;37.6;18.8;0.0
56;2021-05-23;340;184;0;284799;142001;0;37.7;18.8;0.0
56;2021-05-24;2325;496;0;287124;142497;0;38.0;18.9;0.0
56;2021-05-25;3369;4306;0;290493;146803;0;38.4;19.4;0.0
56;2021-05-26;3926;3850;0;294419;150653;0;39.0;19.9;0.0
56;2021-05-27;4602;4779;0;299021;155432;0;39.6;20.6;0.0
56;2021-05-28;4762;5758;0;303783;161190;0;40.2;21.3;0.0
56;2021-05-29;1938;1608;0;305721;162798;0;40.5;21.5;0.0
56;2021-05-30;360;74;0;306081;162872;0;40.5;21.6;0.0
56;2021-05-31;4629;3082;0;310710;165954;0;41.1;22.0;0.0
56;2021-06-01;5702;3368;0;316412;169322;0;41.9;22.4;0.0
56;2021-06-02;5736;2935;0;322148;172257;0;42.6;22.8;0.0
56;2021-06-03;6257;3306;0;328405;175563;0;43.5;23.2;0.0
56;2021-06-04;5875;4353;0;334280;179916;0;44.2;23.8;0.0
56;2021-06-05;4282;2345;0;338562;182261;0;44.8;24.1;0.0
56;2021-06-06;729;621;0;339291;182882;0;44.9;24.2;0.0
56;2021-06-07;5042;3229;0;344333;186111;0;45.6;24.6;0.0
56;2021-06-08;6025;3410;0;350358;189521;0;46.4;25.1;0.0
56;2021-06-09;6313;2845;0;356671;192366;0;47.2;25.5;0.0
56;2021-06-10;7369;2986;0;364040;195352;0;48.2;25.9;0.0
56;2021-06-11;6748;3888;0;370788;199240;0;49.1;26.4;0.0
56;2021-06-12;4999;1984;0;375787;201224;0;49.7;26.6;0.0
56;2021-06-13;2049;399;0;377836;201623;0;50.0;26.7;0.0
56;2021-06-14;3402;4561;1;381238;206184;1;50.5;27.3;0.0
56;2021-06-15;4311;4793;0;385549;210977;1;51.0;27.9;0.0
56;2021-06-16;4659;4351;0;390208;215328;1;51.6;28.5;0.0
56;2021-06-17;4447;4650;0;394655;219978;1;52.2;29.1;0.0
56;2021-06-18;4630;5809;0;399285;225787;1;52.8;29.9;0.0
56;2021-06-19;3755;2078;0;403040;227865;1;53.3;30.2;0.0
56;2021-06-20;1646;355;0;404686;228220;1;53.6;30.2;0.0
56;2021-06-21;3347;4484;0;408033;232704;1;54.0;30.8;0.0
56;2021-06-22;3586;5436;0;411619;238140;1;54.5;31.5;0.0
56;2021-06-23;3889;5049;0;415508;243189;1;55.0;32.2;0.0
56;2021-06-24;3615;5255;0;419123;248444;1;55.5;32.9;0.0
56;2021-06-25;3972;6151;0;423095;254595;1;56.0;33.7;0.0
56;2021-06-26;3139;2918;0;426234;257513;1;56.4;34.1;0.0
56;2021-06-27;506;255;0;426740;257768;1;56.5;34.1;0.0
56;2021-06-28;1663;4140;0;428403;261908;1;56.7;34.7;0.0
56;2021-06-29;2455;5805;0;430858;267713;1;57.0;35.4;0.0
56;2021-06-30;2585;5678;0;433443;273391;1;57.4;36.2;0.0
56;2021-07-01;2886;5084;2;436329;278475;3;57.7;36.9;0.0
56;2021-07-02;2697;6229;0;439026;284704;3;58.1;37.7;0.0
56;2021-07-03;2204;2686;0;441230;287390;3;58.4;38.0;0.0
56;2021-07-04;878;825;0;442108;288215;3;58.5;38.1;0.0
56;2021-07-05;1806;5566;0;443914;293781;3;58.8;38.9;0.0
56;2021-07-06;2160;5986;0;446074;299767;3;59.0;39.7;0.0
56;2021-07-07;2729;5677;0;448803;305444;3;59.4;40.4;0.0
56;2021-07-08;3016;6044;1;451819;311488;4;59.8;41.2;0.0
56;2021-07-09;2144;7096;0;453963;318584;4;60.1;42.2;0.0
56;2021-07-10;1199;3047;0;455162;321631;4;60.2;42.6;0.0
56;2021-07-11;380;475;0;455542;322106;4;60.3;42.6;0.0
56;2021-07-12;2037;6810;1;457579;328916;5;60.6;43.5;0.0
56;2021-07-13;2962;7522;0;460541;336438;5;61.0;44.5;0.0
56;2021-07-14;1673;2575;0;462214;339013;5;61.2;44.9;0.0
56;2021-07-15;3535;7002;0;465749;346015;5;61.6;45.8;0.0
56;2021-07-16;3808;7953;0;469557;353968;5;62.1;46.8;0.0
56;2021-07-17;2125;3595;0;471682;357563;5;62.4;47.3;0.0
56;2021-07-18;280;646;0;471962;358209;5;62.5;47.4;0.0
56;2021-07-19;2643;6378;0;474605;364587;5;62.8;48.3;0.0
56;2021-07-20;3339;7872;0;477944;372459;5;63.3;49.3;0.0
56;2021-07-21;2913;7382;0;480857;379841;5;63.6;50.3;0.0
56;2021-07-22;4117;7853;0;484974;387694;5;64.2;51.3;0.0
56;2021-07-23;4176;8240;0;489150;395934;5;64.7;52.4;0.0
56;2021-07-24;1682;4602;0;490832;400536;5;65.0;53.0;0.0
56;2021-07-25;585;1940;0;491417;402476;5;65.0;53.3;0.0
56;2021-07-26;3351;5451;0;494768;407927;5;65.5;54.0;0.0
56;2021-07-27;4824;6065;0;499592;413992;5;66.1;54.8;0.0
56;2021-07-28;4351;5358;0;503943;419350;5;66.7;55.5;0.0
56;2021-07-29;4924;5491;0;508867;424841;5;67.3;56.2;0.0
56;2021-07-30;5075;5665;0;513942;430506;5;68.0;57.0;0.0
56;2021-07-31;2053;2721;0;515995;433227;5;68.3;57.3;0.0
56;2021-08-01;1201;990;0;517196;434217;5;68.5;57.5;0.0
56;2021-08-02;3921;4433;0;521117;438650;5;69.0;58.1;0.0
56;2021-08-03;5417;4671;0;526534;443321;5;69.7;58.7;0.0
56;2021-08-04;5129;3989;0;531663;447310;5;70.4;59.2;0.0
56;2021-08-05;5288;4160;0;536951;451470;5;71.1;59.8;0.0
56;2021-08-06;4979;4379;0;541930;455849;5;71.7;60.3;0.0
56;2021-08-07;2435;2132;0;544365;457981;5;72.0;60.6;0.0
56;2021-08-08;1547;567;0;545912;458548;5;72.3;60.7;0.0
56;2021-08-09;3277;3876;0;549189;462424;5;72.7;61.2;0.0
56;2021-08-10;4240;4120;0;553429;466544;5;73.2;61.7;0.0
56;2021-08-11;3869;3593;0;557298;470137;5;73.8;62.2;0.0
56;2021-08-12;4011;3938;0;561309;474075;5;74.3;62.7;0.0
56;2021-08-13;3656;4056;0;564965;478131;5;74.8;63.3;0.0
56;2021-08-14;1728;2012;0;566693;480143;5;75.0;63.5;0.0
56;2021-08-15;466;480;1;567159;480623;6;75.1;63.6;0.0
56;2021-08-16;2858;4004;0;570017;484627;6;75.4;64.1;0.0
56;2021-08-17;3432;4297;0;573449;488924;6;75.9;64.7;0.0
56;2021-08-18;3383;3958;2;576832;492882;8;76.3;65.2;0.0
56;2021-08-19;2872;4468;0;579704;497350;8;76.7;65.8;0.0
56;2021-08-20;2707;4632;0;582411;501982;8;77.1;66.4;0.0
56;2021-08-21;1216;2180;0;583627;504162;8;77.2;66.7;0.0
56;2021-08-22;261;540;0;583888;504702;8;77.3;66.8;0.0
56;2021-08-23;1883;4524;0;585771;509226;8;77.5;67.4;0.0
56;2021-08-24;1895;4984;0;587666;514210;8;77.8;68.1;0.0
56;2021-08-25;1670;4620;0;589336;518830;8;78.0;68.7;0.0
56;2021-08-26;1412;4929;0;590748;523759;8;78.2;69.3;0.0
56;2021-08-27;1732;5417;0;592480;529176;8;78.4;70.0;0.0
56;2021-08-28;655;2682;0;593135;531858;8;78.5;70.4;0.0
56;2021-08-29;145;505;0;593280;532363;8;78.5;70.5;0.0
56;2021-08-30;1361;4386;123;594641;536749;131;78.7;71.0;0.0
56;2021-08-31;1471;4402;141;596112;541151;272;78.9;71.6;0.0
56;2021-09-01;1363;3723;241;597475;544874;513;79.1;72.1;0.1
56;2021-09-02;1097;3600;316;598572;548474;829;79.2;72.6;0.1
56;2021-09-03;1116;4054;352;599688;552528;1181;79.4;73.1;0.2
56;2021-09-04;791;2340;98;600479;554868;1279;79.5;73.4;0.2
56;2021-09-05;160;461;15;600639;555329;1294;79.5;73.5;0.2
56;2021-09-06;852;3000;467;601491;558329;1761;79.6;73.9;0.2
56;2021-09-07;801;2897;474;602292;561226;2235;79.7;74.3;0.3
56;2021-09-08;976;3166;229;603268;564392;2464;79.8;74.7;0.3
56;2021-09-09;811;2612;376;604079;567004;2840;80.0;75.0;0.4
56;2021-09-10;914;3090;365;604993;570094;3205;80.1;75.5;0.4
56;2021-09-11;503;2052;96;605496;572146;3301;80.1;75.7;0.4
56;2021-09-12;72;309;8;605568;572455;3309;80.1;75.8;0.4
56;2021-09-13;756;2113;572;606324;574568;3881;80.2;76.0;0.5
56;2021-09-14;715;1926;1019;607039;576494;4900;80.3;76.3;0.6
56;2021-09-15;723;2564;550;607762;579058;5450;80.4;76.6;0.7
56;2021-09-16;703;1629;1005;608465;580687;6455;80.5;76.9;0.9
56;2021-09-17;774;2167;739;609239;582854;7194;80.6;77.1;1.0
56;2021-09-18;313;1812;168;609552;584666;7362;80.7;77.4;1.0
56;2021-09-19;73;280;17;609625;584946;7379;80.7;77.4;1.0
56;2021-09-20;457;1335;808;610082;586281;8187;80.7;77.6;1.1
56;2021-09-21;483;1203;916;610565;587484;9103;80.8;77.8;1.2
56;2021-09-22;470;1797;589;611035;589281;9692;80.9;78.0;1.3
56;2021-09-23;500;1038;1156;611535;590319;10848;80.9;78.1;1.4
56;2021-09-24;570;1639;984;612105;591958;11832;81.0;78.3;1.6
56;2021-09-25;290;1165;216;612395;593123;12048;81.1;78.5;1.6
56;2021-09-26;19;118;19;612414;593241;12067;81.1;78.5;1.6
56;2021-09-27;439;1000;785;612853;594241;12852;81.1;78.6;1.7
56;2021-09-28;442;938;883;613295;595179;13735;81.2;78.8;1.8
56;2021-09-29;412;1190;645;613707;596369;14380;81.2;78.9;1.9
56;2021-09-30;338;622;861;614045;596991;15241;81.3;79.0;2.0
56;2021-10-01;523;1193;1248;614568;598184;16489;81.3;79.2;2.2
56;2021-10-02;209;485;202;614777;598669;16691;81.4;79.2;2.2
56;2021-10-03;5;68;9;614782;598737;16700;81.4;79.2;2.2
56;2021-10-04;312;769;794;615094;599506;17494;81.4;79.3;2.3
56;2021-10-05;256;651;762;615350;600157;18256;81.4;79.4;2.4
56;2021-10-06;406;955;625;615756;601112;18881;81.5;79.6;2.5
56;2021-10-07;300;863;1173;616056;601975;20054;81.5;79.7;2.7
56;2021-10-08;444;932;976;616500;602907;21030;81.6;79.8;2.8
56;2021-10-09;156;395;235;616656;603302;21265;81.6;79.8;2.8
56;2021-10-10;8;58;9;616664;603360;21274;81.6;79.9;2.8
56;2021-10-11;269;628;626;616933;603988;21900;81.7;79.9;2.9
56;2021-10-12;297;648;901;617230;604636;22801;81.7;80.0;3.0
56;2021-10-13;252;435;446;617482;605071;23247;81.7;80.1;3.1
56;2021-10-14;280;669;945;617762;605740;24192;81.8;80.2;3.2
56;2021-10-15;494;867;1410;618256;606607;25602;81.8;80.3;3.4
56;2021-10-16;164;234;249;618420;606841;25851;81.8;80.3;3.4
56;2021-10-17;7;26;18;618427;606867;25869;81.8;80.3;3.4
56;2021-10-18;326;523;932;618753;607390;26801;81.9;80.4;3.5
56;2021-10-19;217;504;921;618970;607894;27722;81.9;80.5;3.7
56;2021-10-20;154;251;572;619124;608145;28294;81.9;80.5;3.7
56;2021-10-21;255;426;1229;619379;608571;29523;82.0;80.5;3.9
56;2021-10-22;301;729;1404;619680;609300;30927;82.0;80.6;4.1
56;2021-10-23;123;217;197;619803;609517;31124;82.0;80.7;4.1
56;2021-10-24;1;15;2;619804;609532;31126;82.0;80.7;4.1
56;2021-10-25;221;304;964;620025;609836;32090;82.1;80.7;4.2
56;2021-10-26;192;361;1074;620217;610197;33164;82.1;80.8;4.4
56;2021-10-27;192;334;1037;620409;610531;34201;82.1;80.8;4.5
56;2021-10-28;194;279;1089;620603;610810;35290;82.1;80.8;4.7
56;2021-10-29;323;505;1641;620926;611315;36931;82.2;80.9;4.9
56;2021-10-30;82;135;311;621008;611450;37242;82.2;80.9;4.9
56;2021-10-31;5;12;5;621013;611462;37247;82.2;80.9;4.9
56;2021-11-01;12;14;3;621025;611476;37250;82.2;80.9;4.9
56;2021-11-02;326;446;1337;621351;611922;38587;82.2;81.0;5.1
56;2021-11-03;172;178;1013;621523;612100;39600;82.3;81.0;5.2
56;2021-11-04;321;408;1822;621844;612508;41422;82.3;81.1;5.5
56;2021-11-05;231;437;1724;622075;612945;43146;82.3;81.1;5.7
56;2021-11-06;78;117;467;622153;613062;43613;82.3;81.1;5.8
56;2021-11-07;1;6;15;622154;613068;43628;82.3;81.1;5.8
56;2021-11-08;237;369;2189;622391;613437;45817;82.4;81.2;6.1
56;2021-11-09;221;279;2059;622612;613716;47876;82.4;81.2;6.3
56;2021-11-10;191;280;1923;622803;613996;49799;82.4;81.3;6.6
56;2021-11-11;6;14;63;622809;614010;49862;82.4;81.3;6.6
56;2021-11-12;295;503;3051;623104;614513;52913;82.5;81.3;7.0
56;2021-11-13;105;127;979;623209;614640;53892;82.5;81.3;7.1
56;2021-11-14;3;2;8;623212;614642;53900;82.5;81.3;7.1
56;2021-11-15;169;242;2401;623381;614884;56301;82.5;81.4;7.5
56;2021-11-16;173;220;2580;623554;615104;58881;82.5;81.4;7.8
56;2021-11-17;194;250;2319;623748;615354;61200;82.6;81.4;8.1
56;2021-11-18;229;216;3115;623977;615570;64315;82.6;81.5;8.5
56;2021-11-19;358;427;5314;624335;615997;69629;82.6;81.5;9.2
56;2021-11-20;128;123;922;624463;616120;70551;82.6;81.5;9.3
56;2021-11-21;8;8;8;624471;616128;70559;82.6;81.5;9.3
56;2021-11-22;249;150;3460;624720;616278;74019;82.7;81.6;9.8
56;2021-11-23;170;198;3398;624890;616476;77417;82.7;81.6;10.2
56;2021-11-24;210;215;3015;625100;616691;80432;82.7;81.6;10.6
56;2021-11-25;251;232;4824;625351;616923;85256;82.8;81.7;11.3
56;2021-11-26;387;401;6255;625738;617324;91511;82.8;81.7;12.1
56;2021-11-27;105;104;1468;625843;617428;92979;82.8;81.7;12.3
56;2021-11-28;14;14;74;625857;617442;93053;82.8;81.7;12.3
56;2021-11-29;271;227;4694;626128;617669;97747;82.9;81.7;12.9
56;2021-11-30;222;250;6285;626350;617919;104032;82.9;81.8;13.8
56;2021-12-01;275;223;6260;626625;618142;110292;82.9;81.8;14.6
56;2021-12-02;161;138;6848;626786;618280;117140;83.0;81.8;15.5
56;2021-12-03;247;303;8593;627033;618583;125733;83.0;81.9;16.6
56;2021-12-04;176;144;3699;627209;618727;129432;83.0;81.9;17.1
56;2021-12-05;7;15;429;627216;618742;129861;83.0;81.9;17.2
56;2021-12-06;185;199;6418;627401;618941;136279;83.0;81.9;18.0
56;2021-12-07;212;269;8852;627613;619210;145131;83.1;82.0;19.2
56;2021-12-08;257;249;7462;627870;619459;152593;83.1;82.0;20.2
56;2021-12-09;239;260;9768;628109;619719;162361;83.1;82.0;21.5
56;2021-12-10;298;379;10582;628407;620098;172943;83.2;82.1;22.9
56;2021-12-11;171;145;5261;628578;620243;178204;83.2;82.1;23.6
56;2021-12-12;30;19;736;628608;620262;178940;83.2;82.1;23.7
56;2021-12-13;191;261;8404;628799;620523;187344;83.2;82.1;24.8
56;2021-12-14;257;218;11042;629056;620741;198386;83.3;82.2;26.3
56;2021-12-15;246;286;9671;629302;621027;208057;83.3;82.2;27.5
56;2021-12-16;251;312;11526;629553;621339;219583;83.3;82.2;29.1
56;2021-12-17;323;383;11968;629876;621722;231551;83.4;82.3;30.6
56;2021-12-18;273;200;6355;630149;621922;237906;83.4;82.3;31.5
56;2021-12-19;17;16;482;630166;621938;238388;83.4;82.3;31.6
56;2021-12-20;245;336;8051;630411;622274;246439;83.4;82.4;32.6
56;2021-12-21;343;307;9171;630754;622581;255610;83.5;82.4;33.8
56;2021-12-22;281;261;7767;631035;622842;263377;83.5;82.4;34.9
57;2020-12-27;0;0;0;0;0;0;0.0;0.0;0.0
57;2020-12-28;5;0;0;5;0;0;0.0;0.0;0.0
57;2020-12-29;8;0;0;13;0;0;0.0;0.0;0.0
57;2020-12-30;7;0;0;20;0;0;0.0;0.0;0.0
57;2020-12-31;2;0;0;22;0;0;0.0;0.0;0.0
57;2021-01-01;4;1;0;26;1;0;0.0;0.0;0.0
57;2021-01-02;5;0;0;31;1;0;0.0;0.0;0.0
57;2021-01-03;0;0;0;31;1;0;0.0;0.0;0.0
57;2021-01-04;22;0;0;53;1;0;0.0;0.0;0.0
57;2021-01-05;198;0;0;251;1;0;0.0;0.0;0.0
57;2021-01-06;229;0;0;480;1;0;0.0;0.0;0.0
57;2021-01-07;578;2;0;1058;3;0;0.1;0.0;0.0
57;2021-01-08;520;2;0;1578;5;0;0.2;0.0;0.0
57;2021-01-09;197;0;0;1775;5;0;0.2;0.0;0.0
57;2021-01-10;111;1;0;1886;6;0;0.2;0.0;0.0
57;2021-01-11;476;1;0;2362;7;0;0.2;0.0;0.0
57;2021-01-12;628;6;0;2990;13;0;0.3;0.0;0.0
57;2021-01-13;704;2;0;3694;15;0;0.4;0.0;0.0
57;2021-01-14;785;8;0;4479;23;0;0.4;0.0;0.0
57;2021-01-15;695;5;0;5174;28;0;0.5;0.0;0.0
57;2021-01-16;439;1;0;5613;29;0;0.5;0.0;0.0
57;2021-01-17;477;1;0;6090;30;0;0.6;0.0;0.0
57;2021-01-18;2637;23;0;8727;53;0;0.8;0.0;0.0
57;2021-01-19;2589;20;0;11316;73;0;1.1;0.0;0.0
57;2021-01-20;2740;26;0;14056;99;0;1.4;0.0;0.0
57;2021-01-21;1773;11;0;15829;110;0;1.5;0.0;0.0
57;2021-01-22;1321;8;0;17150;118;0;1.7;0.0;0.0
57;2021-01-23;574;17;0;17724;135;0;1.7;0.0;0.0
57;2021-01-24;4;0;0;17728;135;0;1.7;0.0;0.0
57;2021-01-25;938;179;0;18666;314;0;1.8;0.0;0.0
57;2021-01-26;1092;200;0;19758;514;0;1.9;0.0;0.0
57;2021-01-27;1072;170;0;20830;684;0;2.0;0.1;0.0
57;2021-01-28;1097;287;0;21927;971;0;2.1;0.1;0.0
57;2021-01-29;1015;376;0;22942;1347;0;2.2;0.1;0.0
57;2021-01-30;449;90;0;23391;1437;0;2.3;0.1;0.0
57;2021-01-31;17;27;0;23408;1464;0;2.3;0.1;0.0
57;2021-02-01;848;365;0;24256;1829;0;2.3;0.2;0.0
57;2021-02-02;1029;376;0;25285;2205;0;2.4;0.2;0.0
57;2021-02-03;997;338;0;26282;2543;0;2.5;0.2;0.0
57;2021-02-04;1174;815;0;27456;3358;0;2.7;0.3;0.0
57;2021-02-05;983;392;0;28439;3750;0;2.7;0.4;0.0
57;2021-02-06;489;326;0;28928;4076;0;2.8;0.4;0.0
57;2021-02-07;104;331;0;29032;4407;0;2.8;0.4;0.0
57;2021-02-08;1211;1454;0;30243;5861;0;2.9;0.6;0.0
57;2021-02-09;1694;1623;0;31937;7484;0;3.1;0.7;0.0
57;2021-02-10;1683;2015;0;33620;9499;0;3.2;0.9;0.0
57;2021-02-11;1457;1265;0;35077;10764;0;3.4;1.0;0.0
57;2021-02-12;1204;678;0;36281;11442;0;3.5;1.1;0.0
57;2021-02-13;1112;185;0;37393;11627;0;3.6;1.1;0.0
57;2021-02-14;1157;28;0;38550;11655;0;3.7;1.1;0.0
57;2021-02-15;766;868;0;39316;12523;0;3.8;1.2;0.0
57;2021-02-16;1065;874;0;40381;13397;0;3.9;1.3;0.0
57;2021-02-17;954;1017;0;41335;14414;0;4.0;1.4;0.0
57;2021-02-18;953;1228;0;42288;15642;0;4.1;1.5;0.0
57;2021-02-19;975;987;0;43263;16629;0;4.2;1.6;0.0
57;2021-02-20;1121;611;0;44384;17240;0;4.3;1.7;0.0
57;2021-02-21;321;22;0;44705;17262;0;4.3;1.7;0.0
57;2021-02-22;1162;925;0;45867;18187;0;4.4;1.8;0.0
57;2021-02-23;2057;1155;0;47924;19342;0;4.6;1.9;0.0
57;2021-02-24;2163;1020;0;50087;20362;0;4.8;2.0;0.0
57;2021-02-25;3190;1143;0;53277;21505;0;5.1;2.1;0.0
57;2021-02-26;3391;978;0;56668;22483;0;5.5;2.2;0.0
57;2021-02-27;3447;542;0;60115;23025;0;5.8;2.2;0.0
57;2021-02-28;1763;61;0;61878;23086;0;6.0;2.2;0.0
57;2021-03-01;1977;1326;0;63855;24412;0;6.2;2.4;0.0
57;2021-03-02;2774;1591;0;66629;26003;0;6.4;2.5;0.0
57;2021-03-03;2741;1614;0;69370;27617;0;6.7;2.7;0.0
57;2021-03-04;3200;1303;0;72570;28920;0;7.0;2.8;0.0
57;2021-03-05;4302;1249;0;76872;30169;0;7.4;2.9;0.0
57;2021-03-06;6906;796;0;83778;30965;0;8.1;3.0;0.0
57;2021-03-07;5678;280;0;89456;31245;0;8.6;3.0;0.0
57;2021-03-08;2289;1005;0;91745;32250;0;8.9;3.1;0.0
57;2021-03-09;3307;1280;0;95052;33530;0;9.2;3.2;0.0
57;2021-03-10;3579;968;0;98631;34498;0;9.5;3.3;0.0
57;2021-03-11;4023;1193;0;102654;35691;0;9.9;3.4;0.0
57;2021-03-12;5086;1216;0;107740;36907;0;10.4;3.6;0.0
57;2021-03-13;6110;965;0;113850;37872;0;11.0;3.7;0.0
57;2021-03-14;2335;419;0;116185;38291;0;11.2;3.7;0.0
57;2021-03-15;2988;867;0;119173;39158;0;11.5;3.8;0.0
57;2021-03-16;2957;1250;0;122130;40408;0;11.8;3.9;0.0
57;2021-03-17;3094;1111;0;125224;41519;0;12.1;4.0;0.0
57;2021-03-18;3404;1026;0;128628;42545;0;12.4;4.1;0.0
57;2021-03-19;4567;1006;0;133195;43551;0;12.9;4.2;0.0
57;2021-03-20;4553;998;0;137748;44549;0;13.3;4.3;0.0
57;2021-03-21;1840;251;0;139588;44800;0;13.5;4.3;0.0
57;2021-03-22;2413;1402;0;142001;46202;0;13.7;4.5;0.0
57;2021-03-23;3425;2231;0;145426;48433;0;14.0;4.7;0.0
57;2021-03-24;3919;2085;0;149345;50518;0;14.4;4.9;0.0
57;2021-03-25;4760;2513;0;154105;53031;0;14.9;5.1;0.0
57;2021-03-26;4824;2168;0;158929;55199;0;15.3;5.3;0.0
57;2021-03-27;3794;2968;0;162723;58167;0;15.7;5.6;0.0
57;2021-03-28;1399;1715;0;164122;59882;0;15.8;5.8;0.0
57;2021-03-29;2054;2085;0;166176;61967;0;16.0;6.0;0.0
57;2021-03-30;3443;2380;0;169619;64347;0;16.4;6.2;0.0
57;2021-03-31;2976;2256;0;172595;66603;0;16.7;6.4;0.0
57;2021-04-01;3421;3054;0;176016;69657;0;17.0;6.7;0.0
57;2021-04-02;2528;2456;0;178544;72113;0;17.2;7.0;0.0
57;2021-04-03;2600;2503;0;181144;74616;0;17.5;7.2;0.0
57;2021-04-04;569;915;0;181713;75531;0;17.5;7.3;0.0
57;2021-04-05;1838;674;0;183551;76205;0;17.7;7.4;0.0
57;2021-04-06;2413;2730;0;185964;78935;0;18.0;7.6;0.0
57;2021-04-07;3709;2991;0;189673;81926;0;18.3;7.9;0.0
57;2021-04-08;5470;2873;0;195143;84799;0;18.8;8.2;0.0
57;2021-04-09;5056;2777;0;200199;87576;0;19.3;8.5;0.0
57;2021-04-10;2453;3451;0;202652;91027;0;19.6;8.8;0.0
57;2021-04-11;1068;1842;0;203720;92869;0;19.7;9.0;0.0
57;2021-04-12;1862;2731;0;205582;95600;0;19.8;9.2;0.0
57;2021-04-13;2102;3032;0;207684;98632;0;20.0;9.5;0.0
57;2021-04-14;2120;3011;0;209804;101643;0;20.3;9.8;0.0
57;2021-04-15;2553;3393;0;212357;105036;0;20.5;10.1;0.0
57;2021-04-16;2771;3278;0;215128;108314;0;20.8;10.5;0.0
57;2021-04-17;2680;3121;0;217808;111435;0;21.0;10.8;0.0
57;2021-04-18;1147;1718;0;218955;113153;0;21.1;10.9;0.0
57;2021-04-19;2357;2331;0;221312;115484;0;21.4;11.1;0.0
57;2021-04-20;2723;2801;0;224035;118285;0;21.6;11.4;0.0
57;2021-04-21;3370;2455;0;227405;120740;0;22.0;11.7;0.0
57;2021-04-22;3430;2324;0;230835;123064;0;22.3;11.9;0.0
57;2021-04-23;4234;2631;0;235069;125695;0;22.7;12.1;0.0
57;2021-04-24;3529;2612;0;238598;128307;0;23.0;12.4;0.0
57;2021-04-25;805;1121;0;239403;129428;0;23.1;12.5;0.0
57;2021-04-26;3129;2135;0;242532;131563;0;23.4;12.7;0.0
57;2021-04-27;4057;2511;0;246589;134074;0;23.8;12.9;0.0
57;2021-04-28;4675;2660;0;251264;136734;0;24.3;13.2;0.0
57;2021-04-29;5657;3472;0;256921;140206;0;24.8;13.5;0.0
57;2021-04-30;4981;3525;0;261902;143731;0;25.3;13.9;0.0
57;2021-05-01;2456;1707;0;264358;145438;0;25.5;14.0;0.0
57;2021-05-02;839;898;0;265197;146336;0;25.6;14.1;0.0
57;2021-05-03;3828;3026;0;269025;149362;0;26.0;14.4;0.0
57;2021-05-04;4992;3173;0;274017;152535;0;26.5;14.7;0.0
57;2021-05-05;6334;3154;0;280351;155689;0;27.1;15.0;0.0
57;2021-05-06;6108;3327;0;286459;159016;0;27.7;15.4;0.0
57;2021-05-07;6850;3477;0;293309;162493;0;28.3;15.7;0.0
57;2021-05-08;4015;1578;0;297324;164071;0;28.7;15.8;0.0
57;2021-05-09;2048;1051;0;299372;165122;0;28.9;15.9;0.0
57;2021-05-10;5206;3112;0;304578;168234;0;29.4;16.2;0.0
57;2021-05-11;7471;2923;0;312049;171157;0;30.1;16.5;0.0
57;2021-05-12;7757;3421;0;319806;174578;0;30.9;16.9;0.0
57;2021-05-13;4607;930;0;324413;175508;0;31.3;16.9;0.0
57;2021-05-14;7740;2693;0;332153;178201;0;32.1;17.2;0.0
57;2021-05-15;5849;2137;0;338002;180338;0;32.6;17.4;0.0
57;2021-05-16;3358;579;0;341360;180917;0;33.0;17.5;0.0
57;2021-05-17;3982;2200;0;345342;183117;0;33.3;17.7;0.0
57;2021-05-18;6272;2161;0;351614;185278;0;33.9;17.9;0.0
57;2021-05-19;6987;2425;0;358601;187703;0;34.6;18.1;0.0
57;2021-05-20;6284;2265;0;364885;189968;0;35.2;18.3;0.0
57;2021-05-21;7742;2968;0;372627;192936;0;36.0;18.6;0.0
57;2021-05-22;5088;2195;0;377715;195131;0;36.5;18.8;0.0
57;2021-05-23;1964;426;0;379679;195557;0;36.7;18.9;0.0
57;2021-05-24;3115;1072;0;382794;196629;0;37.0;19.0;0.0
57;2021-05-25;5637;2851;0;388431;199480;0;37.5;19.3;0.0
57;2021-05-26;6517;3323;0;394948;202803;0;38.1;19.6;0.0
57;2021-05-27;6249;3266;0;401197;206069;0;38.7;19.9;0.0
57;2021-05-28;6968;4743;0;408165;210812;0;39.4;20.4;0.0
57;2021-05-29;5318;4393;0;413483;215205;0;39.9;20.8;0.0
57;2021-05-30;1901;1685;0;415384;216890;0;40.1;20.9;0.0
57;2021-05-31;4399;3488;0;419783;220378;0;40.5;21.3;0.0
57;2021-06-01;5880;3841;0;425663;224219;0;41.1;21.6;0.0
57;2021-06-02;6292;4287;0;431955;228506;0;41.7;22.1;0.0
57;2021-06-03;6183;4126;0;438138;232632;0;42.3;22.5;0.0
57;2021-06-04;7402;5152;0;445540;237784;0;43.0;23.0;0.0
57;2021-06-05;4708;4137;0;450248;241921;0;43.5;23.4;0.0
57;2021-06-06;1925;897;0;452173;242818;0;43.7;23.4;0.0
57;2021-06-07;4346;4179;0;456519;246997;0;44.1;23.8;0.0
57;2021-06-08;6403;4629;0;462922;251626;0;44.7;24.3;0.0
57;2021-06-09;6692;4441;0;469614;256067;0;45.3;24.7;0.0
57;2021-06-10;6011;4777;0;475625;260844;0;45.9;25.2;0.0
57;2021-06-11;5238;5461;0;480863;266305;0;46.4;25.7;0.0
57;2021-06-12;5430;4526;0;486293;270831;0;46.9;26.1;0.0
57;2021-06-13;1409;1140;0;487702;271971;0;47.1;26.3;0.0
57;2021-06-14;3273;4926;0;490975;276897;0;47.4;26.7;0.0
57;2021-06-15;3816;6074;0;494791;282971;0;47.8;27.3;0.0
57;2021-06-16;4339;6696;0;499130;289667;0;48.2;28.0;0.0
57;2021-06-17;4205;6129;0;503335;295796;0;48.6;28.6;0.0
57;2021-06-18;4304;7385;0;507639;303181;0;49.0;29.3;0.0
57;2021-06-19;4026;6268;0;511665;309449;0;49.4;29.9;0.0
57;2021-06-20;951;1650;0;512616;311099;0;49.5;30.0;0.0
57;2021-06-21;2187;6104;0;514803;317203;0;49.7;30.6;0.0
57;2021-06-22;2640;8040;0;517443;325243;0;50.0;31.4;0.0
57;2021-06-23;3077;8393;0;520520;333636;0;50.2;32.2;0.0
57;2021-06-24;2573;5399;0;523093;339035;0;50.5;32.7;0.0
57;2021-06-25;2816;7835;0;525909;346870;0;50.8;33.5;0.0
57;2021-06-26;2794;7128;0;528703;353998;0;51.0;34.2;0.0
57;2021-06-27;718;2797;0;529421;356795;0;51.1;34.4;0.0
57;2021-06-28;1668;5284;0;531089;362079;0;51.3;35.0;0.0
57;2021-06-29;2097;6921;0;533186;369000;0;51.5;35.6;0.0
57;2021-06-30;3068;7399;2;536254;376399;2;51.8;36.3;0.0
57;2021-07-01;2738;6198;0;538992;382597;2;52.0;36.9;0.0
57;2021-07-02;2699;8194;0;541691;390791;2;52.3;37.7;0.0
57;2021-07-03;3131;6424;0;544822;397215;2;52.6;38.3;0.0
57;2021-07-04;888;2436;0;545710;399651;2;52.7;38.6;0.0
57;2021-07-05;1838;4806;0;547548;404457;2;52.9;39.0;0.0
57;2021-07-06;2511;6508;0;550059;410965;2;53.1;39.7;0.0
57;2021-07-07;2777;7180;0;552836;418145;2;53.4;40.4;0.0
57;2021-07-08;2643;6109;0;555479;424254;2;53.6;41.0;0.0
57;2021-07-09;3413;8361;0;558892;432615;2;54.0;41.8;0.0
57;2021-07-10;2989;6867;0;561881;439482;2;54.2;42.4;0.0
57;2021-07-11;815;2188;0;562696;441670;2;54.3;42.6;0.0
57;2021-07-12;2403;6473;0;565099;448143;2;54.6;43.3;0.0
57;2021-07-13;4281;7507;0;569380;455650;2;55.0;44.0;0.0
57;2021-07-14;2754;3775;0;572134;459425;2;55.2;44.4;0.0
57;2021-07-15;4005;7700;0;576139;467125;2;55.6;45.1;0.0
57;2021-07-16;5558;9485;0;581697;476610;2;56.2;46.0;0.0
57;2021-07-17;5480;7024;0;587177;483634;2;56.7;46.7;0.0
57;2021-07-18;1547;2621;0;588724;486255;2;56.8;46.9;0.0
57;2021-07-19;2570;6187;0;591294;492442;2;57.1;47.5;0.0
57;2021-07-20;4265;6959;0;595559;499401;2;57.5;48.2;0.0
57;2021-07-21;5041;6870;0;600600;506271;2;58.0;48.9;0.0
57;2021-07-22;5570;5874;0;606170;512145;2;58.5;49.4;0.0
57;2021-07-23;6575;6379;0;612745;518524;2;59.2;50.1;0.0
57;2021-07-24;4380;6861;0;617125;525385;2;59.6;50.7;0.0
57;2021-07-25;1322;1714;0;618447;527099;2;59.7;50.9;0.0
57;2021-07-26;3710;4559;0;622157;531658;2;60.1;51.3;0.0
57;2021-07-27;6633;5075;0;628790;536733;2;60.7;51.8;0.0
57;2021-07-28;7169;4557;0;635959;541290;2;61.4;52.3;0.0
57;2021-07-29;7439;4616;0;643398;545906;2;62.1;52.7;0.0
57;2021-07-30;6734;5035;0;650132;550941;2;62.8;53.2;0.0
57;2021-07-31;5508;4965;0;655640;555906;2;63.3;53.7;0.0
57;2021-08-01;1963;1106;0;657603;557012;2;63.5;53.8;0.0
57;2021-08-02;3701;3321;0;661304;560333;2;63.8;54.1;0.0
57;2021-08-03;5406;4310;0;666710;564643;2;64.4;54.5;0.0
57;2021-08-04;5025;3517;0;671735;568160;2;64.8;54.8;0.0
57;2021-08-05;5146;3786;0;676881;571946;2;65.3;55.2;0.0
57;2021-08-06;5403;4814;0;682284;576760;2;65.9;55.7;0.0
57;2021-08-07;4256;5024;1;686540;581784;3;66.3;56.2;0.0
57;2021-08-08;1441;1470;0;687981;583254;3;66.4;56.3;0.0
57;2021-08-09;2579;3296;1;690560;586550;4;66.7;56.6;0.0
57;2021-08-10;3478;3882;0;694038;590432;4;67.0;57.0;0.0
57;2021-08-11;3543;3961;0;697581;594393;4;67.3;57.4;0.0
57;2021-08-12;3063;5071;0;700644;599464;4;67.6;57.9;0.0
57;2021-08-13;3300;4691;0;703944;604155;4;68.0;58.3;0.0
57;2021-08-14;2145;4984;0;706089;609139;4;68.2;58.8;0.0
57;2021-08-15;491;1078;0;706580;610217;4;68.2;58.9;0.0
57;2021-08-16;1841;3613;0;708421;613830;4;68.4;59.3;0.0
57;2021-08-17;2320;5314;0;710741;619144;4;68.6;59.8;0.0
57;2021-08-18;2325;5181;0;713066;624325;4;68.8;60.3;0.0
57;2021-08-19;2206;5398;0;715272;629723;4;69.1;60.8;0.0
57;2021-08-20;2037;5972;0;717309;635695;4;69.2;61.4;0.0
57;2021-08-21;1800;5293;0;719109;640988;4;69.4;61.9;0.0
57;2021-08-22;431;1486;0;719540;642474;4;69.5;62.0;0.0
57;2021-08-23;1167;3874;0;720707;646348;4;69.6;62.4;0.0
57;2021-08-24;1766;5485;0;722473;651833;4;69.7;62.9;0.0
57;2021-08-25;1613;5126;0;724086;656959;4;69.9;63.4;0.0
57;2021-08-26;1539;4540;0;725625;661499;4;70.1;63.9;0.0
57;2021-08-27;1732;5723;0;727357;667222;4;70.2;64.4;0.0
57;2021-08-28;1959;5224;0;729316;672446;4;70.4;64.9;0.0
57;2021-08-29;344;1086;0;729660;673532;4;70.4;65.0;0.0
57;2021-08-30;1066;3206;50;730726;676738;54;70.5;65.3;0.0
57;2021-08-31;1433;4166;159;732159;680904;213;70.7;65.7;0.0
57;2021-09-01;1664;3735;338;733823;684639;551;70.8;66.1;0.1
57;2021-09-02;1172;3001;321;734995;687640;872;71.0;66.4;0.1
57;2021-09-03;1543;3915;422;736538;691555;1294;71.1;66.8;0.1
57;2021-09-04;1613;3670;289;738151;695225;1583;71.3;67.1;0.2
57;2021-09-05;348;797;96;738499;696022;1679;71.3;67.2;0.2
57;2021-09-06;817;1778;375;739316;697800;2054;71.4;67.4;0.2
57;2021-09-07;728;1871;402;740044;699671;2456;71.4;67.5;0.2
57;2021-09-08;944;2428;443;740988;702099;2899;71.5;67.8;0.3
57;2021-09-09;678;1932;437;741666;704031;3336;71.6;68.0;0.3
57;2021-09-10;1157;2414;567;742823;706445;3903;71.7;68.2;0.4
57;2021-09-11;1169;2945;335;743992;709390;4238;71.8;68.5;0.4
57;2021-09-12;241;468;66;744233;709858;4304;71.8;68.5;0.4
57;2021-09-13;652;1235;491;744885;711093;4795;71.9;68.6;0.5
57;2021-09-14;777;1490;711;745662;712583;5506;72.0;68.8;0.5
57;2021-09-15;775;1941;753;746437;714524;6259;72.1;69.0;0.6
57;2021-09-16;717;1193;735;747154;715717;6994;72.1;69.1;0.7
57;2021-09-17;1114;1795;636;748268;717512;7630;72.2;69.3;0.7
57;2021-09-18;825;2513;422;749093;720025;8052;72.3;69.5;0.8
57;2021-09-19;118;325;73;749211;720350;8125;72.3;69.5;0.8
57;2021-09-20;455;893;753;749666;721243;8878;72.4;69.6;0.9
57;2021-09-21;490;840;815;750156;722083;9693;72.4;69.7;0.9
57;2021-09-22;512;1309;743;750668;723392;10436;72.5;69.8;1.0
57;2021-09-23;459;1174;757;751127;724566;11193;72.5;69.9;1.1
57;2021-09-24;762;1452;987;751889;726018;12180;72.6;70.1;1.2
57;2021-09-25;520;1936;526;752409;727954;12706;72.6;70.3;1.2
57;2021-09-26;110;306;88;752519;728260;12794;72.6;70.3;1.2
57;2021-09-27;419;837;792;752938;729097;13586;72.7;70.4;1.3
57;2021-09-28;316;607;946;753254;729704;14532;72.7;70.4;1.4
57;2021-09-29;518;1075;1136;753772;730779;15668;72.8;70.5;1.5
57;2021-09-30;333;622;1020;754105;731401;16688;72.8;70.6;1.6
57;2021-10-01;829;1312;1649;754934;732713;18337;72.9;70.7;1.8
57;2021-10-02;698;1499;844;755632;734212;19181;72.9;70.9;1.9
57;2021-10-03;118;217;143;755750;734429;19324;73.0;70.9;1.9
57;2021-10-04;540;605;1087;756290;735034;20411;73.0;71.0;2.0
57;2021-10-05;369;566;1157;756659;735600;21568;73.0;71.0;2.1
57;2021-10-06;521;750;1329;757180;736350;22897;73.1;71.1;2.2
57;2021-10-07;365;621;1139;757545;736971;24036;73.1;71.1;2.3
57;2021-10-08;559;1049;1960;758104;738020;25996;73.2;71.2;2.5
57;2021-10-09;625;1143;1358;758729;739163;27354;73.2;71.4;2.6
57;2021-10-10;97;123;112;758826;739286;27466;73.3;71.4;2.7
57;2021-10-11;423;593;1175;759249;739879;28641;73.3;71.4;2.8
57;2021-10-12;356;478;1103;759605;740357;29744;73.3;71.5;2.9
57;2021-10-13;603;704;1422;760208;741061;31166;73.4;71.5;3.0
57;2021-10-14;351;480;1129;760559;741541;32295;73.4;71.6;3.1
57;2021-10-15;662;996;2572;761221;742537;34867;73.5;71.7;3.4
57;2021-10-16;653;750;1715;761874;743287;36582;73.5;71.8;3.5
57;2021-10-17;98;129;216;761972;743416;36798;73.6;71.8;3.6
57;2021-10-18;433;546;1405;762405;743962;38203;73.6;71.8;3.7
57;2021-10-19;329;416;1165;762734;744378;39368;73.6;71.9;3.8
57;2021-10-20;469;498;1667;763203;744876;41035;73.7;71.9;4.0
57;2021-10-21;296;461;1043;763499;745337;42078;73.7;72.0;4.1
57;2021-10-22;624;745;2675;764123;746082;44753;73.8;72.0;4.3
57;2021-10-23;573;733;1719;764696;746815;46472;73.8;72.1;4.5
57;2021-10-24;84;109;163;764780;746924;46635;73.8;72.1;4.5
57;2021-10-25;355;437;1546;765135;747361;48181;73.9;72.1;4.7
57;2021-10-26;249;311;1349;765384;747672;49530;73.9;72.2;4.8
57;2021-10-27;385;467;1793;765769;748139;51323;73.9;72.2;5.0
57;2021-10-28;250;283;1252;766019;748422;52575;73.9;72.3;5.1
57;2021-10-29;471;583;2362;766490;749005;54937;74.0;72.3;5.3
57;2021-10-30;405;549;1413;766895;749554;56350;74.0;72.4;5.4
57;2021-10-31;53;90;140;766948;749644;56490;74.0;72.4;5.5
57;2021-11-01;135;79;90;767083;749723;56580;74.1;72.4;5.5
57;2021-11-02;382;422;1424;767465;750145;58004;74.1;72.4;5.6
57;2021-11-03;389;559;2245;767854;750704;60249;74.1;72.5;5.8
57;2021-11-04;286;405;1827;768140;751109;62076;74.2;72.5;6.0
57;2021-11-05;485;655;2762;768625;751764;64838;74.2;72.6;6.3
57;2021-11-06;437;715;2009;769062;752479;66847;74.2;72.6;6.5
57;2021-11-07;50;80;170;769112;752559;67017;74.2;72.7;6.5
57;2021-11-08;303;508;2899;769415;753067;69916;74.3;72.7;6.7
57;2021-11-09;264;334;2599;769679;753401;72515;74.3;72.7;7.0
57;2021-11-10;394;531;3240;770073;753932;75755;74.3;72.8;7.3
57;2021-11-11;54;95;337;770127;754027;76092;74.3;72.8;7.3
57;2021-11-12;471;713;4405;770598;754740;80497;74.4;72.9;7.8
57;2021-11-13;397;608;2861;770995;755348;83358;74.4;72.9;8.0
57;2021-11-14;67;118;487;771062;755466;83845;74.4;72.9;8.1
57;2021-11-15;296;424;2881;771358;755890;86726;74.5;73.0;8.4
57;2021-11-16;296;350;2730;771654;756240;89456;74.5;73.0;8.6
57;2021-11-17;430;479;3167;772084;756719;92623;74.5;73.1;8.9
57;2021-11-18;281;335;3057;772365;757054;95680;74.6;73.1;9.2
57;2021-11-19;494;590;4495;772859;757644;100175;74.6;73.1;9.7
57;2021-11-20;509;520;3059;773368;758164;103234;74.7;73.2;10.0
57;2021-11-21;48;56;203;773416;758220;103437;74.7;73.2;10.0
57;2021-11-22;318;256;3418;773734;758476;106855;74.7;73.2;10.3
57;2021-11-23;420;403;3452;774154;758879;110307;74.7;73.3;10.6
57;2021-11-24;385;480;3695;774539;759359;114002;74.8;73.3;11.0
57;2021-11-25;377;372;4374;774916;759731;118376;74.8;73.3;11.4
57;2021-11-26;467;565;7010;775383;760296;125386;74.9;73.4;12.1
57;2021-11-27;454;595;6081;775837;760891;131467;74.9;73.5;12.7
57;2021-11-28;80;96;2436;775917;760987;133903;74.9;73.5;12.9
57;2021-11-29;313;373;5716;776230;761360;139619;74.9;73.5;13.5
57;2021-11-30;351;396;7666;776581;761756;147285;75.0;73.5;14.2
57;2021-12-01;256;424;6448;776837;762180;153733;75.0;73.6;14.8
57;2021-12-02;354;315;9565;777191;762495;163298;75.0;73.6;15.8
57;2021-12-03;397;551;11074;777588;763046;174372;75.1;73.7;16.8
57;2021-12-04;493;587;8933;778081;763633;183305;75.1;73.7;17.7
57;2021-12-05;178;152;2950;778259;763785;186255;75.1;73.7;18.0
57;2021-12-06;383;526;6707;778642;764311;192962;75.2;73.8;18.6
57;2021-12-07;363;475;9383;779005;764786;202345;75.2;73.8;19.5
57;2021-12-08;466;593;8968;779471;765379;211313;75.2;73.9;20.4
57;2021-12-09;435;477;10591;779906;765856;221904;75.3;73.9;21.4
57;2021-12-10;566;668;12530;780472;766524;234434;75.3;74.0;22.6
57;2021-12-11;537;767;10342;781009;767291;244776;75.4;74.1;23.6
57;2021-12-12;191;139;3212;781200;767430;247988;75.4;74.1;23.9
57;2021-12-13;407;497;8256;781607;767927;256244;75.5;74.1;24.7
57;2021-12-14;475;588;10475;782082;768515;266719;75.5;74.2;25.7
57;2021-12-15;545;591;11438;782627;769106;278157;75.6;74.2;26.9
57;2021-12-16;532;538;12139;783159;769644;290296;75.6;74.3;28.0
57;2021-12-17;614;687;13447;783773;770331;303743;75.7;74.4;29.3
57;2021-12-18;629;682;9998;784402;771013;313741;75.7;74.4;30.3
57;2021-12-19;191;190;3587;784593;771203;317328;75.7;74.5;30.6
57;2021-12-20;545;539;8279;785138;771742;325607;75.8;74.5;31.4
57;2021-12-21;547;538;9864;785685;772280;335471;75.8;74.6;32.4
57;2021-12-22;678;497;9928;786363;772777;345399;75.9;74.6;33.3
58;2020-12-27;0;0;0;0;0;0;0.0;0.0;0.0
58;2020-12-28;0;0;0;0;0;0;0.0;0.0;0.0
58;2020-12-29;0;0;0;0;0;0;0.0;0.0;0.0
58;2020-12-30;0;0;0;0;0;0;0.0;0.0;0.0
58;2020-12-31;0;0;0;0;0;0;0.0;0.0;0.0
58;2021-01-01;0;0;0;0;0;0;0.0;0.0;0.0
58;2021-01-02;0;0;0;0;0;0;0.0;0.0;0.0
58;2021-01-03;1;0;0;1;0;0;0.0;0.0;0.0
58;2021-01-04;0;0;0;1;0;0;0.0;0.0;0.0
58;2021-01-05;1;0;0;2;0;0;0.0;0.0;0.0
58;2021-01-06;131;0;0;133;0;0;0.1;0.0;0.0
58;2021-01-07;229;0;0;362;0;0;0.2;0.0;0.0
58;2021-01-08;64;0;0;426;0;0;0.2;0.0;0.0
58;2021-01-09;1;0;0;427;0;0;0.2;0.0;0.0
58;2021-01-10;2;0;0;429;0;0;0.2;0.0;0.0
58;2021-01-11;55;0;0;484;0;0;0.2;0.0;0.0
58;2021-01-12;246;0;0;730;0;0;0.4;0.0;0.0
58;2021-01-13;391;4;0;1121;4;0;0.6;0.0;0.0
58;2021-01-14;266;2;0;1387;6;0;0.7;0.0;0.0
58;2021-01-15;149;0;0;1536;6;0;0.8;0.0;0.0
58;2021-01-16;20;2;0;1556;8;0;0.8;0.0;0.0
58;2021-01-17;1;0;0;1557;8;0;0.8;0.0;0.0
58;2021-01-18;397;1;0;1954;9;0;1.0;0.0;0.0
58;2021-01-19;896;2;0;2850;11;0;1.4;0.0;0.0
58;2021-01-20;1114;1;0;3964;12;0;2.0;0.0;0.0
58;2021-01-21;904;5;0;4868;17;0;2.4;0.0;0.0
58;2021-01-22;726;5;0;5594;22;0;2.8;0.0;0.0
58;2021-01-23;258;0;0;5852;22;0;2.9;0.0;0.0
58;2021-01-24;2;0;0;5854;22;0;2.9;0.0;0.0
58;2021-01-25;364;2;0;6218;24;0;3.1;0.0;0.0
58;2021-01-26;585;3;0;6803;27;0;3.4;0.0;0.0
58;2021-01-27;585;45;0;7388;72;0;3.7;0.0;0.0
58;2021-01-28;675;64;0;8063;136;0;4.0;0.1;0.0
58;2021-01-29;757;12;0;8820;148;0;4.4;0.1;0.0
58;2021-01-30;241;1;0;9061;149;0;4.5;0.1;0.0
58;2021-01-31;11;0;0;9072;149;0;4.5;0.1;0.0
58;2021-02-01;183;74;0;9255;223;0;4.6;0.1;0.0
58;2021-02-02;490;82;0;9745;305;0;4.9;0.2;0.0
58;2021-02-03;291;147;0;10036;452;0;5.0;0.2;0.0
58;2021-02-04;257;93;0;10293;545;0;5.2;0.3;0.0
58;2021-02-05;139;93;0;10432;638;0;5.2;0.3;0.0
58;2021-02-06;94;2;0;10526;640;0;5.3;0.3;0.0
58;2021-02-07;2;0;0;10528;640;0;5.3;0.3;0.0
58;2021-02-08;243;74;0;10771;714;0;5.4;0.4;0.0
58;2021-02-09;426;294;0;11197;1008;0;5.6;0.5;0.0
58;2021-02-10;310;352;0;11507;1360;0;5.8;0.7;0.0
58;2021-02-11;282;367;0;11789;1727;0;5.9;0.9;0.0
58;2021-02-12;201;213;0;11990;1940;0;6.0;1.0;0.0
58;2021-02-13;72;33;0;12062;1973;0;6.0;1.0;0.0
58;2021-02-14;0;2;0;12062;1975;0;6.0;1.0;0.0
58;2021-02-15;112;482;0;12174;2457;0;6.1;1.2;0.0
58;2021-02-16;193;851;0;12367;3308;0;6.2;1.7;0.0
58;2021-02-17;193;694;0;12560;4002;0;6.3;2.0;0.0
58;2021-02-18;161;744;0;12721;4746;0;6.4;2.4;0.0
58;2021-02-19;236;685;0;12957;5431;0;6.5;2.7;0.0
58;2021-02-20;61;234;0;13018;5665;0;6.5;2.8;0.0
58;2021-02-21;1;31;0;13019;5696;0;6.5;2.9;0.0
58;2021-02-22;82;359;0;13101;6055;0;6.6;3.0;0.0
58;2021-02-23;53;581;0;13154;6636;0;6.6;3.3;0.0
58;2021-02-24;53;539;0;13207;7175;0;6.6;3.6;0.0
58;2021-02-25;239;623;0;13446;7798;0;6.7;3.9;0.0
58;2021-02-26;232;567;0;13678;8365;0;6.9;4.2;0.0
58;2021-02-27;102;197;0;13780;8562;0;6.9;4.3;0.0
58;2021-02-28;13;8;0;13793;8570;0;6.9;4.3;0.0
58;2021-03-01;143;216;0;13936;8786;0;7.0;4.4;0.0
58;2021-03-02;375;553;0;14311;9339;0;7.2;4.7;0.0
58;2021-03-03;499;279;0;14810;9618;0;7.4;4.8;0.0
58;2021-03-04;641;250;0;15451;9868;0;7.7;4.9;0.0
58;2021-03-05;739;176;0;16190;10044;0;8.1;5.0;0.0
58;2021-03-06;540;83;0;16730;10127;0;8.4;5.1;0.0
58;2021-03-07;64;5;0;16794;10132;0;8.4;5.1;0.0
58;2021-03-08;160;259;0;16954;10391;0;8.5;5.2;0.0
58;2021-03-09;504;473;0;17458;10864;0;8.7;5.4;0.0
58;2021-03-10;806;244;0;18264;11108;0;9.2;5.6;0.0
58;2021-03-11;830;266;0;19094;11374;0;9.6;5.7;0.0
58;2021-03-12;773;177;0;19867;11551;0;10.0;5.8;0.0
58;2021-03-13;478;67;0;20345;11618;0;10.2;5.8;0.0
58;2021-03-14;36;1;0;20381;11619;0;10.2;5.8;0.0
58;2021-03-15;479;109;0;20860;11728;0;10.5;5.9;0.0
58;2021-03-16;654;219;0;21514;11947;0;10.8;6.0;0.0
58;2021-03-17;659;150;0;22173;12097;0;11.1;6.1;0.0
58;2021-03-18;582;162;0;22755;12259;0;11.4;6.1;0.0
58;2021-03-19;541;107;0;23296;12366;0;11.7;6.2;0.0
58;2021-03-20;313;64;0;23609;12430;0;11.8;6.2;0.0
58;2021-03-21;15;0;0;23624;12430;0;11.8;6.2;0.0
58;2021-03-22;723;23;0;24347;12453;0;12.2;6.2;0.0
58;2021-03-23;1413;44;0;25760;12497;0;12.9;6.3;0.0
58;2021-03-24;1213;74;0;26973;12571;0;13.5;6.3;0.0
58;2021-03-25;1622;43;0;28595;12614;0;14.3;6.3;0.0
58;2021-03-26;1309;56;0;29904;12670;0;15.0;6.3;0.0
58;2021-03-27;380;14;0;30284;12684;0;15.2;6.4;0.0
58;2021-03-28;20;1;0;30304;12685;0;15.2;6.4;0.0
58;2021-03-29;584;144;0;30888;12829;0;15.5;6.4;0.0
58;2021-03-30;1081;238;0;31969;13067;0;16.0;6.5;0.0
58;2021-03-31;973;328;0;32942;13395;0;16.5;6.7;0.0
58;2021-04-01;1436;352;0;34378;13747;0;17.2;6.9;0.0
58;2021-04-02;1367;306;0;35745;14053;0;17.9;7.0;0.0
58;2021-04-03;573;158;0;36318;14211;0;18.2;7.1;0.0
58;2021-04-04;4;2;0;36322;14213;0;18.2;7.1;0.0
58;2021-04-05;50;2;0;36372;14215;0;18.2;7.1;0.0
58;2021-04-06;730;335;0;37102;14550;0;18.6;7.3;0.0
58;2021-04-07;670;489;0;37772;15039;0;18.9;7.5;0.0
58;2021-04-08;1372;406;0;39144;15445;0;19.6;7.7;0.0
58;2021-04-09;1629;393;0;40773;15838;0;20.4;7.9;0.0
58;2021-04-10;576;192;0;41349;16030;0;20.7;8.0;0.0
58;2021-04-11;30;3;0;41379;16033;0;20.7;8.0;0.0
58;2021-04-12;1071;460;0;42450;16493;0;21.3;8.3;0.0
58;2021-04-13;1379;589;0;43829;17082;0;22.0;8.6;0.0
58;2021-04-14;1232;620;0;45061;17702;0;22.6;8.9;0.0
58;2021-04-15;1262;585;0;46323;18287;0;23.2;9.2;0.0
58;2021-04-16;1529;487;0;47852;18774;0;24.0;9.4;0.0
58;2021-04-17;681;234;0;48533;19008;0;24.3;9.5;0.0
58;2021-04-18;19;10;0;48552;19018;0;24.3;9.5;0.0
58;2021-04-19;490;544;0;49042;19562;0;24.6;9.8;0.0
58;2021-04-20;477;947;0;49519;20509;0;24.8;10.3;0.0
58;2021-04-21;541;830;0;50060;21339;0;25.1;10.7;0.0
58;2021-04-22;711;1323;0;50771;22662;0;25.4;11.4;0.0
58;2021-04-23;889;702;0;51660;23364;0;25.9;11.7;0.0
58;2021-04-24;215;222;0;51875;23586;0;26.0;11.8;0.0
58;2021-04-25;16;1;0;51891;23587;0;26.0;11.8;0.0
58;2021-04-26;719;274;0;52610;23861;0;26.4;12.0;0.0
58;2021-04-27;1333;1023;0;53943;24884;0;27.0;12.5;0.0
58;2021-04-28;1459;888;0;55402;25772;0;27.8;12.9;0.0
58;2021-04-29;1331;978;0;56733;26750;0;28.4;13.4;0.0
58;2021-04-30;1160;875;0;57893;27625;0;29.0;13.8;0.0
58;2021-05-01;46;66;0;57939;27691;0;29.0;13.9;0.0
58;2021-05-02;18;5;0;57957;27696;0;29.0;13.9;0.0
58;2021-05-03;993;400;0;58950;28096;0;29.5;14.1;0.0
58;2021-05-04;1058;1212;0;60008;29308;0;30.1;14.7;0.0
58;2021-05-05;933;998;0;60941;30306;0;30.5;15.2;0.0
58;2021-05-06;1352;940;0;62293;31246;0;31.2;15.7;0.0
58;2021-05-07;1114;985;0;63407;32231;0;31.8;16.1;0.0
58;2021-05-08;144;67;0;63551;32298;0;31.8;16.2;0.0
58;2021-05-09;20;31;0;63571;32329;0;31.8;16.2;0.0
58;2021-05-10;931;879;0;64502;33208;0;32.3;16.6;0.0
58;2021-05-11;1385;1820;0;65887;35028;0;33.0;17.5;0.0
58;2021-05-12;1784;1469;0;67671;36497;0;33.9;18.3;0.0
58;2021-05-13;149;174;0;67820;36671;0;34.0;18.4;0.0
58;2021-05-14;2156;807;0;69976;37478;0;35.1;18.8;0.0
58;2021-05-15;1686;422;0;71662;37900;0;35.9;19.0;0.0
58;2021-05-16;124;33;0;71786;37933;0;36.0;19.0;0.0
58;2021-05-17;758;557;0;72544;38490;0;36.3;19.3;0.0
58;2021-05-18;1387;1111;0;73931;39601;0;37.0;19.8;0.0
58;2021-05-19;1758;510;0;75689;40111;0;37.9;20.1;0.0
58;2021-05-20;1741;625;0;77430;40736;0;38.8;20.4;0.0
58;2021-05-21;910;645;0;78340;41381;0;39.2;20.7;0.0
58;2021-05-22;416;231;0;78756;41612;0;39.5;20.8;0.0
58;2021-05-23;46;25;0;78802;41637;0;39.5;20.9;0.0
58;2021-05-24;164;53;0;78966;41690;0;39.6;20.9;0.0
58;2021-05-25;1442;1023;0;80408;42713;0;40.3;21.4;0.0
58;2021-05-26;967;741;0;81375;43454;0;40.8;21.8;0.0
58;2021-05-27;935;907;0;82310;44361;0;41.2;22.2;0.0
58;2021-05-28;640;843;0;82950;45204;0;41.6;22.6;0.0
58;2021-05-29;366;231;0;83316;45435;0;41.7;22.8;0.0
58;2021-05-30;97;19;0;83413;45454;0;41.8;22.8;0.0
58;2021-05-31;832;389;0;84245;45843;0;42.2;23.0;0.0
58;2021-06-01;1490;1531;0;85735;47374;0;43.0;23.7;0.0
58;2021-06-02;1574;987;0;87309;48361;0;43.7;24.2;0.0
58;2021-06-03;1143;886;0;88452;49247;0;44.3;24.7;0.0
58;2021-06-04;977;893;0;89429;50140;0;44.8;25.1;0.0
58;2021-06-05;443;284;0;89872;50424;0;45.0;25.3;0.0
58;2021-06-06;54;53;0;89926;50477;0;45.1;25.3;0.0
58;2021-06-07;750;745;0;90676;51222;0;45.4;25.7;0.0
58;2021-06-08;1310;1716;0;91986;52938;0;46.1;26.5;0.0
58;2021-06-09;1445;966;0;93431;53904;0;46.8;27.0;0.0
58;2021-06-10;1173;928;0;94604;54832;0;47.4;27.5;0.0
58;2021-06-11;987;909;0;95591;55741;0;47.9;27.9;0.0
58;2021-06-12;1084;421;0;96675;56162;0;48.4;28.1;0.0
58;2021-06-13;47;43;0;96722;56205;0;48.5;28.2;0.0
58;2021-06-14;519;1033;0;97241;57238;0;48.7;28.7;0.0
58;2021-06-15;1425;1774;0;98666;59012;0;49.4;29.6;0.0
58;2021-06-16;1666;993;0;100332;60005;0;50.3;30.1;0.0
58;2021-06-17;1798;1133;0;102130;61138;0;51.2;30.6;0.0
58;2021-06-18;890;1150;0;103020;62288;0;51.6;31.2;0.0
58;2021-06-19;567;386;0;103587;62674;0;51.9;31.4;0.0
58;2021-06-20;21;10;0;103608;62684;0;51.9;31.4;0.0
58;2021-06-21;452;646;0;104060;63330;0;52.1;31.7;0.0
58;2021-06-22;953;2027;0;105013;65357;0;52.6;32.7;0.0
58;2021-06-23;1298;1566;0;106311;66923;0;53.3;33.5;0.0
58;2021-06-24;681;979;0;106992;67902;0;53.6;34.0;0.0
58;2021-06-25;760;1712;0;107752;69614;0;54.0;34.9;0.0
58;2021-06-26;513;1300;0;108265;70914;0;54.2;35.5;0.0
58;2021-06-27;31;56;0;108296;70970;0;54.3;35.6;0.0
58;2021-06-28;394;981;0;108690;71951;0;54.5;36.0;0.0
58;2021-06-29;581;2103;0;109271;74054;0;54.7;37.1;0.0
58;2021-06-30;937;1666;0;110208;75720;0;55.2;37.9;0.0
58;2021-07-01;708;1693;0;110916;77413;0;55.6;38.8;0.0
58;2021-07-02;409;931;0;111325;78344;0;55.8;39.3;0.0
58;2021-07-03;237;652;0;111562;78996;0;55.9;39.6;0.0
58;2021-07-04;22;74;0;111584;79070;0;55.9;39.6;0.0
58;2021-07-05;501;841;0;112085;79911;0;56.2;40.0;0.0
58;2021-07-06;630;2099;0;112715;82010;0;56.5;41.1;0.0
58;2021-07-07;383;1099;0;113098;83109;0;56.7;41.6;0.0
58;2021-07-08;430;1075;0;113528;84184;0;56.9;42.2;0.0
58;2021-07-09;717;1460;0;114245;85644;0;57.2;42.9;0.0
58;2021-07-10;278;577;0;114523;86221;0;57.4;43.2;0.0
58;2021-07-11;174;135;0;114697;86356;0;57.5;43.3;0.0
58;2021-07-12;220;1073;0;114917;87429;0;57.6;43.8;0.0
58;2021-07-13;915;2549;0;115832;89978;0;58.0;45.1;0.0
58;2021-07-14;100;120;0;115932;90098;0;58.1;45.1;0.0
58;2021-07-15;1101;1932;0;117033;92030;0;58.6;46.1;0.0
58;2021-07-16;1331;1463;0;118364;93493;0;59.3;46.8;0.0
58;2021-07-17;482;443;0;118846;93936;0;59.5;47.1;0.0
58;2021-07-18;116;41;0;118962;93977;0;59.6;47.1;0.0
58;2021-07-19;1371;970;0;120333;94947;0;60.3;47.6;0.0
58;2021-07-20;1337;2356;0;121670;97303;0;61.0;48.7;0.0
58;2021-07-21;1155;1990;0;122825;99293;0;61.5;49.7;0.0
58;2021-07-22;1134;1614;0;123959;100907;0;62.1;50.6;0.0
58;2021-07-23;1201;1389;0;125160;102296;0;62.7;51.3;0.0
58;2021-07-24;923;1257;0;126083;103553;0;63.2;51.9;0.0
58;2021-07-25;96;61;0;126179;103614;0;63.2;51.9;0.0
58;2021-07-26;914;822;0;127093;104436;0;63.7;52.3;0.0
58;2021-07-27;1489;2383;0;128582;106819;0;64.4;53.5;0.0
58;2021-07-28;1463;1781;0;130045;108600;0;65.2;54.4;0.0
58;2021-07-29;1524;1493;0;131569;110093;0;65.9;55.2;0.0
58;2021-07-30;1374;1283;1;132943;111376;1;66.6;55.8;0.0
58;2021-07-31;595;550;0;133538;111926;1;66.9;56.1;0.0
58;2021-08-01;57;26;0;133595;111952;1;66.9;56.1;0.0
58;2021-08-02;1468;859;0;135063;112811;1;67.7;56.5;0.0
58;2021-08-03;1730;1591;0;136793;114402;1;68.5;57.3;0.0
58;2021-08-04;1190;1088;0;137983;115490;1;69.1;57.9;0.0
58;2021-08-05;1353;1108;0;139336;116598;1;69.8;58.4;0.0
58;2021-08-06;1184;985;0;140520;117583;1;70.4;58.9;0.0
58;2021-08-07;349;432;0;140869;118015;1;70.6;59.1;0.0
58;2021-08-08;34;79;0;140903;118094;1;70.6;59.2;0.0
58;2021-08-09;937;1172;0;141840;119266;1;71.1;59.8;0.0
58;2021-08-10;1539;1255;0;143379;120521;1;71.8;60.4;0.0
58;2021-08-11;992;735;0;144371;121256;1;72.3;60.8;0.0
58;2021-08-12;920;1056;0;145291;122312;1;72.8;61.3;0.0
58;2021-08-13;819;882;0;146110;123194;1;73.2;61.7;0.0
58;2021-08-14;232;363;0;146342;123557;1;73.3;61.9;0.0
58;2021-08-15;23;43;0;146365;123600;1;73.3;61.9;0.0
58;2021-08-16;344;1251;0;146709;124851;1;73.5;62.6;0.0
58;2021-08-17;723;1258;0;147432;126109;1;73.9;63.2;0.0
58;2021-08-18;673;1097;0;148105;127206;1;74.2;63.7;0.0
58;2021-08-19;641;1275;0;148746;128481;1;74.5;64.4;0.0
58;2021-08-20;601;1160;1;149347;129641;2;74.8;65.0;0.0
58;2021-08-21;226;489;0;149573;130130;2;74.9;65.2;0.0
58;2021-08-22;16;113;0;149589;130243;2;74.9;65.3;0.0
58;2021-08-23;362;793;0;149951;131036;2;75.1;65.7;0.0
58;2021-08-24;421;1283;0;150372;132319;2;75.3;66.3;0.0
58;2021-08-25;405;1356;0;150777;133675;2;75.5;67.0;0.0
58;2021-08-26;490;1503;0;151267;135178;2;75.8;67.7;0.0
58;2021-08-27;446;1380;0;151713;136558;2;76.0;68.4;0.0
58;2021-08-28;228;661;0;151941;137219;2;76.1;68.7;0.0
58;2021-08-29;10;52;0;151951;137271;2;76.1;68.8;0.0
58;2021-08-30;322;773;26;152273;138044;28;76.3;69.2;0.0
58;2021-08-31;443;1353;73;152716;139397;101;76.5;69.8;0.1
58;2021-09-01;375;1325;161;153091;140722;262;76.7;70.5;0.1
58;2021-09-02;265;1085;117;153356;141807;379;76.8;71.0;0.2
58;2021-09-03;334;1181;204;153690;142988;583;77.0;71.6;0.3
58;2021-09-04;199;570;64;153889;143558;647;77.1;71.9;0.3
58;2021-09-05;8;42;2;153897;143600;649;77.1;71.9;0.3
58;2021-09-06;136;398;163;154033;143998;812;77.2;72.1;0.4
58;2021-09-07;263;696;174;154296;144694;986;77.3;72.5;0.5
58;2021-09-08;233;913;261;154529;145607;1247;77.4;73.0;0.6
58;2021-09-09;233;456;255;154762;146063;1502;77.5;73.2;0.8
58;2021-09-10;238;626;282;155000;146689;1784;77.7;73.5;0.9
58;2021-09-11;108;406;87;155108;147095;1871;77.7;73.7;0.9
58;2021-09-12;5;11;11;155113;147106;1882;77.7;73.7;0.9
58;2021-09-13;183;388;298;155296;147494;2180;77.8;73.9;1.1
58;2021-09-14;267;574;355;155563;148068;2535;77.9;74.2;1.3
58;2021-09-15;184;521;281;155747;148589;2816;78.0;74.4;1.4
58;2021-09-16;190;424;337;155937;149013;3153;78.1;74.7;1.6
58;2021-09-17;195;377;238;156132;149390;3391;78.2;74.8;1.7
58;2021-09-18;106;355;82;156238;149745;3473;78.3;75.0;1.7
58;2021-09-19;6;10;3;156244;149755;3476;78.3;75.0;1.7
58;2021-09-20;160;223;287;156404;149978;3763;78.4;75.1;1.9
58;2021-09-21;133;364;309;156537;150342;4072;78.4;75.3;2.0
58;2021-09-22;147;490;484;156684;150832;4556;78.5;75.6;2.3
58;2021-09-23;131;294;315;156815;151126;4871;78.6;75.7;2.4
58;2021-09-24;118;345;254;156933;151471;5125;78.6;75.9;2.6
58;2021-09-25;78;319;109;157011;151790;5234;78.7;76.0;2.6
58;2021-09-26;10;15;20;157021;151805;5254;78.7;76.1;2.6
58;2021-09-27;88;221;217;157109;152026;5471;78.7;76.2;2.7
58;2021-09-28;120;307;298;157229;152333;5769;78.8;76.3;2.9
58;2021-09-29;98;322;372;157327;152655;6141;78.8;76.5;3.1
58;2021-09-30;77;208;261;157404;152863;6402;78.9;76.6;3.2
58;2021-10-01;100;215;200;157504;153078;6602;78.9;76.7;3.3
58;2021-10-02;85;201;167;157589;153279;6769;79.0;76.8;3.4
58;2021-10-03;0;4;8;157589;153283;6777;79.0;76.8;3.4
58;2021-10-04;69;169;185;157658;153452;6962;79.0;76.9;3.5
58;2021-10-05;131;294;437;157789;153746;7399;79.1;77.0;3.7
58;2021-10-06;72;281;276;157861;154027;7675;79.1;77.2;3.8
58;2021-10-07;85;138;304;157946;154165;7979;79.1;77.2;4.0
58;2021-10-08;110;217;309;158056;154382;8288;79.2;77.3;4.2
58;2021-10-09;67;134;137;158123;154516;8425;79.2;77.4;4.2
58;2021-10-10;3;14;16;158126;154530;8441;79.2;77.4;4.2
58;2021-10-11;50;152;260;158176;154682;8701;79.2;77.5;4.4
58;2021-10-12;107;196;430;158283;154878;9131;79.3;77.6;4.6
58;2021-10-13;122;230;521;158405;155108;9652;79.4;77.7;4.8
58;2021-10-14;67;209;333;158472;155317;9985;79.4;77.8;5.0
58;2021-10-15;73;107;290;158545;155424;10275;79.4;77.9;5.1
58;2021-10-16;61;117;142;158606;155541;10417;79.5;77.9;5.2
58;2021-10-17;3;7;7;158609;155548;10424;79.5;77.9;5.2
58;2021-10-18;33;68;242;158642;155616;10666;79.5;78.0;5.3
58;2021-10-19;67;100;432;158709;155716;11098;79.5;78.0;5.6
58;2021-10-20;132;151;624;158841;155867;11722;79.6;78.1;5.9
58;2021-10-21;49;78;334;158890;155945;12056;79.6;78.1;6.0
58;2021-10-22;52;88;274;158942;156033;12330;79.6;78.2;6.2
58;2021-10-23;63;89;247;159005;156122;12577;79.7;78.2;6.3
58;2021-10-24;9;18;23;159014;156140;12600;79.7;78.2;6.3
58;2021-10-25;40;63;269;159054;156203;12869;79.7;78.3;6.4
58;2021-10-26;83;116;573;159137;156319;13442;79.7;78.3;6.7
58;2021-10-27;75;87;507;159212;156406;13949;79.8;78.4;7.0
58;2021-10-28;55;92;521;159267;156498;14470;79.8;78.4;7.2
58;2021-10-29;41;68;299;159308;156566;14769;79.8;78.4;7.4
58;2021-10-30;54;74;172;159362;156640;14941;79.8;78.5;7.5
58;2021-10-31;0;10;8;159362;156650;14949;79.8;78.5;7.5
58;2021-11-01;3;0;4;159365;156650;14953;79.8;78.5;7.5
58;2021-11-02;57;93;449;159422;156743;15402;79.9;78.5;7.7
58;2021-11-03;74;143;671;159496;156886;16073;79.9;78.6;8.1
58;2021-11-04;63;71;461;159559;156957;16534;79.9;78.6;8.3
58;2021-11-05;60;66;408;159619;157023;16942;80.0;78.7;8.5
58;2021-11-06;41;54;216;159660;157077;17158;80.0;78.7;8.6
58;2021-11-07;4;6;36;159664;157083;17194;80.0;78.7;8.6
58;2021-11-08;28;39;442;159692;157122;17636;80.0;78.7;8.8
58;2021-11-09;54;84;775;159746;157206;18411;80.0;78.8;9.2
58;2021-11-10;84;144;857;159830;157350;19268;80.1;78.8;9.7
58;2021-11-11;6;8;24;159836;157358;19292;80.1;78.8;9.7
58;2021-11-12;69;74;610;159905;157432;19902;80.1;78.9;10.0
58;2021-11-13;32;61;278;159937;157493;20180;80.1;78.9;10.1
58;2021-11-14;2;8;12;159939;157501;20192;80.1;78.9;10.1
58;2021-11-15;34;46;626;159973;157547;20818;80.1;78.9;10.4
58;2021-11-16;58;89;1014;160031;157636;21832;80.2;79.0;10.9
58;2021-11-17;69;136;951;160100;157772;22783;80.2;79.0;11.4
58;2021-11-18;58;60;856;160158;157832;23639;80.2;79.1;11.8
58;2021-11-19;55;63;743;160213;157895;24382;80.3;79.1;12.2
58;2021-11-20;39;51;361;160252;157946;24743;80.3;79.1;12.4
58;2021-11-21;3;3;48;160255;157949;24791;80.3;79.1;12.4
58;2021-11-22;39;31;682;160294;157980;25473;80.3;79.1;12.8
58;2021-11-23;74;64;1022;160368;158044;26495;80.3;79.2;13.3
58;2021-11-24;89;125;1063;160457;158169;27558;80.4;79.2;13.8
58;2021-11-25;63;65;1331;160520;158234;28889;80.4;79.3;14.5
58;2021-11-26;76;64;1100;160596;158298;29989;80.5;79.3;15.0
58;2021-11-27;44;57;627;160640;158355;30616;80.5;79.3;15.3
58;2021-11-28;9;5;104;160649;158360;30720;80.5;79.3;15.4
58;2021-11-29;61;40;1402;160710;158400;32122;80.5;79.4;16.1
58;2021-11-30;74;58;2101;160784;158458;34223;80.6;79.4;17.1
58;2021-12-01;52;66;1923;160836;158524;36146;80.6;79.4;18.1
58;2021-12-02;52;52;2189;160888;158576;38335;80.6;79.4;19.2
58;2021-12-03;51;65;1956;160939;158641;40291;80.6;79.5;20.2
58;2021-12-04;46;44;934;160985;158685;41225;80.7;79.5;20.7
58;2021-12-05;2;6;132;160987;158691;41357;80.7;79.5;20.7
58;2021-12-06;39;34;1686;161026;158725;43043;80.7;79.5;21.6
58;2021-12-07;50;70;2373;161076;158795;45416;80.7;79.6;22.8
58;2021-12-08;34;70;2030;161110;158865;47446;80.7;79.6;23.8
58;2021-12-09;47;62;2755;161157;158927;50201;80.7;79.6;25.2
58;2021-12-10;69;64;2309;161226;158991;52510;80.8;79.7;26.3
58;2021-12-11;36;56;1023;161262;159047;53533;80.8;79.7;26.8
58;2021-12-12;6;9;185;161268;159056;53718;80.8;79.7;26.9
58;2021-12-13;43;53;1872;161311;159109;55590;80.8;79.7;27.9
58;2021-12-14;53;95;3138;161364;159204;58728;80.8;79.8;29.4
58;2021-12-15;63;81;2497;161427;159285;61225;80.9;79.8;30.7
58;2021-12-16;54;95;2950;161481;159380;64175;80.9;79.9;32.2
58;2021-12-17;56;72;2470;161537;159452;66645;80.9;79.9;33.4
58;2021-12-18;60;60;1313;161597;159512;67958;81.0;79.9;34.0
58;2021-12-19;9;11;250;161606;159523;68208;81.0;79.9;34.2
58;2021-12-20;66;70;2151;161672;159593;70359;81.0;80.0;35.3
58;2021-12-21;81;93;2468;161753;159686;72827;81.0;80.0;36.5
58;2021-12-22;53;78;1819;161806;159764;74646;81.1;80.0;37.4
59;2020-12-27;0;0;0;0;0;0;0.0;0.0;0.0
59;2020-12-28;25;0;0;25;0;0;0.0;0.0;0.0
59;2020-12-29;0;0;0;25;0;0;0.0;0.0;0.0
59;2020-12-30;1;0;0;26;0;0;0.0;0.0;0.0
59;2020-12-31;1;0;0;27;0;0;0.0;0.0;0.0
59;2021-01-01;2;0;0;29;0;0;0.0;0.0;0.0
59;2021-01-02;5;2;0;34;2;0;0.0;0.0;0.0
59;2021-01-03;3;0;0;37;2;0;0.0;0.0;0.0
59;2021-01-04;80;0;0;117;2;0;0.0;0.0;0.0
59;2021-01-05;202;0;0;319;2;0;0.0;0.0;0.0
59;2021-01-06;404;2;0;723;4;0;0.0;0.0;0.0
59;2021-01-07;1277;1;0;2000;5;0;0.1;0.0;0.0
59;2021-01-08;1253;9;0;3253;14;0;0.1;0.0;0.0
59;2021-01-09;564;2;0;3817;16;0;0.1;0.0;0.0
59;2021-01-10;401;0;0;4218;16;0;0.2;0.0;0.0
59;2021-01-11;1770;6;0;5988;22;0;0.2;0.0;0.0
59;2021-01-12;2402;3;0;8390;25;0;0.3;0.0;0.0
59;2021-01-13;2316;5;0;10706;30;0;0.4;0.0;0.0
59;2021-01-14;2666;26;0;13372;56;0;0.5;0.0;0.0
59;2021-01-15;2213;17;0;15585;73;0;0.6;0.0;0.0
59;2021-01-16;735;3;0;16320;76;0;0.6;0.0;0.0
59;2021-01-17;514;4;0;16834;80;0;0.7;0.0;0.0
59;2021-01-18;3441;13;0;20275;93;0;0.8;0.0;0.0
59;2021-01-19;4724;14;0;24999;107;0;1.0;0.0;0.0
59;2021-01-20;4092;13;0;29091;120;0;1.1;0.0;0.0
59;2021-01-21;4720;43;0;33811;163;0;1.3;0.0;0.0
59;2021-01-22;4065;13;0;37876;176;0;1.5;0.0;0.0
59;2021-01-23;1221;2;0;39097;178;0;1.5;0.0;0.0
59;2021-01-24;163;0;0;39260;178;0;1.5;0.0;0.0
59;2021-01-25;2757;54;0;42017;232;0;1.6;0.0;0.0
59;2021-01-26;2836;130;0;44853;362;0;1.7;0.0;0.0
59;2021-01-27;1780;293;0;46633;655;0;1.8;0.0;0.0
59;2021-01-28;3469;747;0;50102;1402;0;1.9;0.1;0.0
59;2021-01-29;2569;774;0;52671;2176;0;2.0;0.1;0.0
59;2021-01-30;298;177;0;52969;2353;0;2.0;0.1;0.0
59;2021-01-31;26;1;0;52995;2354;0;2.0;0.1;0.0
59;2021-02-01;90;839;0;53085;3193;0;2.1;0.1;0.0
59;2021-02-02;702;1444;0;53787;4637;0;2.1;0.2;0.0
59;2021-02-03;3541;1428;0;57328;6065;0;2.2;0.2;0.0
59;2021-02-04;2831;1707;0;60159;7772;0;2.3;0.3;0.0
59;2021-02-05;1054;1386;0;61213;9158;0;2.4;0.4;0.0
59;2021-02-06;218;378;0;61431;9536;0;2.4;0.4;0.0
59;2021-02-07;250;47;0;61681;9583;0;2.4;0.4;0.0
59;2021-02-08;673;1569;0;62354;11152;0;2.4;0.4;0.0
59;2021-02-09;1011;1791;0;63365;12943;0;2.4;0.5;0.0
59;2021-02-10;1012;1625;0;64377;14568;0;2.5;0.6;0.0
59;2021-02-11;1342;1822;0;65719;16390;0;2.5;0.6;0.0
59;2021-02-12;1451;1588;0;67170;17978;0;2.6;0.7;0.0
59;2021-02-13;194;708;0;67364;18686;0;2.6;0.7;0.0
59;2021-02-14;15;41;0;67379;18727;0;2.6;0.7;0.0
59;2021-02-15;1336;3096;0;68715;21823;0;2.7;0.8;0.0
59;2021-02-16;1430;3694;0;70145;25517;0;2.7;1.0;0.0
59;2021-02-17;1592;3823;0;71737;29340;0;2.8;1.1;0.0
59;2021-02-18;3024;5182;0;74761;34522;0;2.9;1.3;0.0
59;2021-02-19;3209;3637;0;77970;38159;0;3.0;1.5;0.0
59;2021-02-20;1382;1559;0;79352;39718;0;3.1;1.5;0.0
59;2021-02-21;246;244;0;79598;39962;0;3.1;1.5;0.0
59;2021-02-22;1407;2552;0;81005;42514;0;3.1;1.6;0.0
59;2021-02-23;2606;2856;0;83611;45370;0;3.2;1.8;0.0
59;2021-02-24;3995;3887;0;87606;49257;0;3.4;1.9;0.0
59;2021-02-25;6730;3561;0;94336;52818;0;3.6;2.0;0.0
59;2021-02-26;6356;1827;0;100692;54645;0;3.9;2.1;0.0
59;2021-02-27;3026;186;0;103718;54831;0;4.0;2.1;0.0
59;2021-02-28;204;62;0;103922;54893;0;4.0;2.1;0.0
59;2021-03-01;3583;652;0;107505;55545;0;4.2;2.1;0.0
59;2021-03-02;4765;572;0;112270;56117;0;4.3;2.2;0.0
59;2021-03-03;5651;991;0;117921;57108;0;4.6;2.2;0.0
59;2021-03-04;6997;928;0;124918;58036;0;4.8;2.2;0.0
59;2021-03-05;7751;980;0;132669;59016;0;5.1;2.3;0.0
59;2021-03-06;11371;562;0;144040;59578;0;5.6;2.3;0.0
59;2021-03-07;7481;364;0;151521;59942;0;5.9;2.3;0.0
59;2021-03-08;4366;1080;0;155887;61022;0;6.0;2.4;0.0
59;2021-03-09;6389;1393;0;162276;62415;0;6.3;2.4;0.0
59;2021-03-10;6841;1216;0;169117;63631;0;6.5;2.5;0.0
59;2021-03-11;9272;1931;0;178389;65562;0;6.9;2.5;0.0
59;2021-03-12;11936;1599;0;190325;67161;0;7.4;2.6;0.0
59;2021-03-13;16251;1102;0;206576;68263;0;8.0;2.6;0.0
59;2021-03-14;6788;374;0;213364;68637;0;8.2;2.7;0.0
59;2021-03-15;5503;1492;0;218867;70129;0;8.5;2.7;0.0
59;2021-03-16;3703;1371;0;222570;71500;0;8.6;2.8;0.0
59;2021-03-17;3792;2038;0;226362;73538;0;8.7;2.8;0.0
59;2021-03-18;3908;2385;0;230270;75923;0;8.9;2.9;0.0
59;2021-03-19;7643;1859;0;237913;77782;0;9.2;3.0;0.0
59;2021-03-20;15514;1294;0;253427;79076;0;9.8;3.1;0.0
59;2021-03-21;6344;462;0;259771;79538;0;10.0;3.1;0.0
59;2021-03-22;5287;1739;0;265058;81277;0;10.2;3.1;0.0
59;2021-03-23;7682;2820;0;272740;84097;0;10.5;3.2;0.0
59;2021-03-24;6951;2985;0;279691;87082;0;10.8;3.4;0.0
59;2021-03-25;10501;2562;0;290192;89644;0;11.2;3.5;0.0
59;2021-03-26;12209;2878;0;302401;92522;0;11.7;3.6;0.0
59;2021-03-27;15163;1155;0;317564;93677;0;12.3;3.6;0.0
59;2021-03-28;7844;366;0;325408;94043;0;12.6;3.6;0.0
59;2021-03-29;5498;3145;0;330906;97188;0;12.8;3.8;0.0
59;2021-03-30;7570;3753;0;338476;100941;0;13.1;3.9;0.0
59;2021-03-31;6248;4139;0;344724;105080;0;13.3;4.1;0.0
59;2021-04-01;7537;4934;0;352261;110014;0;13.6;4.2;0.0
59;2021-04-02;7727;5448;0;359988;115462;0;13.9;4.5;0.0
59;2021-04-03;12653;4235;0;372641;119697;0;14.4;4.6;0.0
59;2021-04-04;5216;2164;0;377857;121861;0;14.6;4.7;0.0
59;2021-04-05;5603;1473;0;383460;123334;0;14.8;4.8;0.0
59;2021-04-06;5482;4425;0;388942;127759;0;15.0;4.9;0.0
59;2021-04-07;7696;5338;0;396638;133097;0;15.3;5.1;0.0
59;2021-04-08;10320;5794;0;406958;138891;0;15.7;5.4;0.0
59;2021-04-09;13292;5841;0;420250;144732;0;16.2;5.6;0.0
59;2021-04-10;11219;6119;0;431469;150851;0;16.7;5.8;0.0
59;2021-04-11;4471;3522;0;435940;154373;0;16.8;6.0;0.0
59;2021-04-12;6222;4220;0;442162;158593;0;17.1;6.1;0.0
59;2021-04-13;8982;4714;0;451144;163307;0;17.4;6.3;0.0
59;2021-04-14;8743;4299;0;459887;167606;0;17.8;6.5;0.0
59;2021-04-15;10222;4839;0;470109;172445;0;18.2;6.7;0.0
59;2021-04-16;10710;5399;0;480819;177844;0;18.6;6.9;0.0
59;2021-04-17;7112;8740;0;487931;186584;0;18.8;7.2;0.0
59;2021-04-18;3078;4219;0;491009;190803;0;19.0;7.4;0.0
59;2021-04-19;4890;4153;0;495899;194956;0;19.2;7.5;0.0
59;2021-04-20;6896;4265;0;502795;199221;0;19.4;7.7;0.0
59;2021-04-21;6307;4539;0;509102;203760;0;19.7;7.9;0.0
59;2021-04-22;8379;5579;0;517481;209339;0;20.0;8.1;0.0
59;2021-04-23;8345;5743;0;525826;215082;0;20.3;8.3;0.0
59;2021-04-24;5423;7978;0;531249;223060;0;20.5;8.6;0.0
59;2021-04-25;3136;5886;0;534385;228946;0;20.6;8.8;0.0
59;2021-04-26;6262;3739;0;540647;232685;0;20.9;9.0;0.0
59;2021-04-27;8207;5255;0;548854;237940;0;21.2;9.2;0.0
59;2021-04-28;8644;6607;0;557498;244547;0;21.5;9.4;0.0
59;2021-04-29;9255;8615;0;566753;253162;0;21.9;9.8;0.0
59;2021-04-30;10259;8518;0;577012;261680;0;22.3;10.1;0.0
59;2021-05-01;11338;7125;0;588350;268805;0;22.7;10.4;0.0
59;2021-05-02;8158;5568;0;596508;274373;0;23.0;10.6;0.0
59;2021-05-03;9025;4979;0;605533;279352;0;23.4;10.8;0.0
59;2021-05-04;10944;6028;0;616477;285380;0;23.8;11.0;0.0
59;2021-05-05;9862;6280;0;626339;291660;0;24.2;11.3;0.0
59;2021-05-06;10841;8306;0;637180;299966;0;24.6;11.6;0.0
59;2021-05-07;12517;9452;0;649697;309418;0;25.1;12.0;0.0
59;2021-05-08;13747;3950;0;663444;313368;0;25.6;12.1;0.0
59;2021-05-09;10608;3216;0;674052;316584;0;26.0;12.2;0.0
59;2021-05-10;11624;6499;0;685676;323083;0;26.5;12.5;0.0
59;2021-05-11;14309;8311;0;699985;331394;0;27.0;12.8;0.0
59;2021-05-12;15753;8506;0;715738;339900;0;27.6;13.1;0.0
59;2021-05-13;17694;3332;0;733432;343232;0;28.3;13.3;0.0
59;2021-05-14;15447;6788;0;748879;350020;0;28.9;13.5;0.0
59;2021-05-15;22736;5107;0;771615;355127;0;29.8;13.7;0.0
59;2021-05-16;19880;2308;0;791495;357435;0;30.6;13.8;0.0
59;2021-05-17;14447;5081;0;805942;362516;0;31.1;14.0;0.0
59;2021-05-18;16553;5634;0;822495;368150;0;31.8;14.2;0.0
59;2021-05-19;17727;5120;0;840222;373270;0;32.5;14.4;0.0
59;2021-05-20;17377;6876;0;857599;380146;0;33.1;14.7;0.0
59;2021-05-21;17608;8086;0;875207;388232;0;33.8;15.0;0.0
59;2021-05-22;23098;5538;0;898305;393770;0;34.7;15.2;0.0
59;2021-05-23;16716;2194;0;915021;395964;0;35.3;15.3;0.0
59;2021-05-24;14846;1916;0;929867;397880;0;35.9;15.4;0.0
59;2021-05-25;14542;6642;0;944409;404522;0;36.5;15.6;0.0
59;2021-05-26;14974;7030;0;959383;411552;0;37.1;15.9;0.0
59;2021-05-27;15429;9060;0;974812;420612;0;37.7;16.2;0.0
59;2021-05-28;15166;11237;0;989978;431849;0;38.2;16.7;0.0
59;2021-05-29;13851;8591;0;1003829;440440;0;38.8;17.0;0.0
59;2021-05-30;7840;1774;0;1011669;442214;0;39.1;17.1;0.0
59;2021-05-31;13615;7704;0;1025284;449918;0;39.6;17.4;0.0
59;2021-06-01;14843;10312;0;1040127;460230;0;40.2;17.8;0.0
59;2021-06-02;14364;9724;0;1054491;469954;0;40.7;18.2;0.0
59;2021-06-03;15025;11848;0;1069516;481802;0;41.3;18.6;0.0
59;2021-06-04;15285;13208;0;1084801;495010;0;41.9;19.1;0.0
59;2021-06-05;14222;9111;0;1099023;504121;0;42.4;19.5;0.0
59;2021-06-06;8153;3064;0;1107176;507185;0;42.8;19.6;0.0
59;2021-06-07;10042;9146;0;1117218;516331;0;43.2;19.9;0.0
59;2021-06-08;11341;10881;0;1128559;527212;0;43.6;20.4;0.0
59;2021-06-09;10614;11585;0;1139173;538797;0;44.0;20.8;0.0
59;2021-06-10;11263;11951;0;1150436;550748;0;44.4;21.3;0.0
59;2021-06-11;10943;15571;0;1161379;566319;0;44.9;21.9;0.0
59;2021-06-12;10675;13160;0;1172054;579479;0;45.3;22.4;0.0
59;2021-06-13;5939;6675;0;1177993;586154;0;45.5;22.6;0.0
59;2021-06-14;6289;12252;0;1184282;598406;0;45.7;23.1;0.0
59;2021-06-15;8158;15562;0;1192440;613968;0;46.1;23.7;0.0
59;2021-06-16;9059;13286;0;1201499;627254;0;46.4;24.2;0.0
59;2021-06-17;9052;15280;0;1210551;642534;0;46.8;24.8;0.0
59;2021-06-18;8994;19198;0;1219545;661732;0;47.1;25.6;0.0
59;2021-06-19;8625;16434;0;1228170;678166;0;47.4;26.2;0.0
59;2021-06-20;4443;9233;0;1232613;687399;0;47.6;26.6;0.0
59;2021-06-21;5247;15162;0;1237860;702561;0;47.8;27.1;0.0
59;2021-06-22;6168;18264;0;1244028;720825;0;48.1;27.8;0.0
59;2021-06-23;5983;18576;0;1250011;739401;0;48.3;28.6;0.0
59;2021-06-24;7106;19995;0;1257117;759396;0;48.6;29.3;0.0
59;2021-06-25;6346;21023;0;1263463;780419;0;48.8;30.1;0.0
59;2021-06-26;6211;23112;0;1269674;803531;0;49.0;31.0;0.0
59;2021-06-27;4219;15856;0;1273893;819387;0;49.2;31.6;0.0
59;2021-06-28;4774;18984;0;1278667;838371;0;49.4;32.4;0.0
59;2021-06-29;5363;20049;0;1284030;858420;0;49.6;33.2;0.0
59;2021-06-30;6114;19697;0;1290144;878117;0;49.8;33.9;0.0
59;2021-07-01;7065;20283;0;1297209;898400;0;50.1;34.7;0.0
59;2021-07-02;7235;22594;0;1304444;920994;0;50.4;35.6;0.0
59;2021-07-03;5456;23753;0;1309900;944747;0;50.6;36.5;0.0
59;2021-07-04;4038;14724;0;1313938;959471;0;50.8;37.1;0.0
59;2021-07-05;5569;16539;0;1319507;976010;0;51.0;37.7;0.0
59;2021-07-06;6487;18463;0;1325994;994473;0;51.2;38.4;0.0
59;2021-07-07;6824;17166;0;1332818;1011639;0;51.5;39.1;0.0
59;2021-07-08;8070;17385;0;1340888;1029024;0;51.8;39.7;0.0
59;2021-07-09;7601;19780;0;1348489;1048804;0;52.1;40.5;0.0
59;2021-07-10;7229;17808;0;1355718;1066612;0;52.4;41.2;0.0
59;2021-07-11;4057;9284;0;1359775;1075896;0;52.5;41.6;0.0
59;2021-07-12;5782;17480;0;1365557;1093376;0;52.7;42.2;0.0
59;2021-07-13;9841;20603;0;1375398;1113979;0;53.1;43.0;0.0
59;2021-07-14;10002;8180;0;1385400;1122159;0;53.5;43.3;0.0
59;2021-07-15;11826;20240;0;1397226;1142399;0;54.0;44.1;0.0
59;2021-07-16;13255;20346;0;1410481;1162745;0;54.5;44.9;0.0
59;2021-07-17;12580;16755;0;1423061;1179500;0;55.0;45.6;0.0
59;2021-07-18;7626;8165;0;1430687;1187665;0;55.3;45.9;0.0
59;2021-07-19;10525;15956;0;1441212;1203621;0;55.7;46.5;0.0
59;2021-07-20;13570;17047;0;1454782;1220668;0;56.2;47.1;0.0
59;2021-07-21;14925;15638;0;1469707;1236306;0;56.8;47.8;0.0
59;2021-07-22;17290;15419;0;1486997;1251725;0;57.4;48.3;0.0
59;2021-07-23;16088;15967;0;1503085;1267692;0;58.1;49.0;0.0
59;2021-07-24;16093;12359;0;1519178;1280051;0;58.7;49.4;0.0
59;2021-07-25;11226;6968;0;1530404;1287019;0;59.1;49.7;0.0
59;2021-07-26;12946;12397;0;1543350;1299416;0;59.6;50.2;0.0
59;2021-07-27;16123;12071;0;1559473;1311487;0;60.2;50.7;0.0
59;2021-07-28;17459;11839;0;1576932;1323326;0;60.9;51.1;0.0
59;2021-07-29;17378;11855;0;1594310;1335181;0;61.6;51.6;0.0
59;2021-07-30;15994;11617;0;1610304;1346798;0;62.2;52.0;0.0
59;2021-07-31;13535;8924;0;1623839;1355722;0;62.7;52.4;0.0
59;2021-08-01;9299;4364;0;1633138;1360086;0;63.1;52.5;0.0
59;2021-08-02;12277;10053;0;1645415;1370139;0;63.6;52.9;0.0
59;2021-08-03;13655;10213;0;1659070;1380352;0;64.1;53.3;0.0
59;2021-08-04;11753;8808;0;1670823;1389160;0;64.5;53.7;0.0
59;2021-08-05;12957;10044;0;1683780;1399204;0;65.0;54.0;0.0
59;2021-08-06;12569;11341;0;1696349;1410545;0;65.5;54.5;0.0
59;2021-08-07;9313;8923;0;1705662;1419468;0;65.9;54.8;0.0
59;2021-08-08;6425;5065;0;1712087;1424533;0;66.1;55.0;0.0
59;2021-08-09;8342;11062;0;1720429;1435595;0;66.5;55.5;0.0
59;2021-08-10;10268;11209;0;1730697;1446804;0;66.8;55.9;0.0
59;2021-08-11;8730;9928;0;1739427;1456732;0;67.2;56.3;0.0
59;2021-08-12;9062;12509;0;1748489;1469241;0;67.5;56.7;0.0
59;2021-08-13;8410;11927;0;1756899;1481168;0;67.9;57.2;0.0
59;2021-08-14;5683;10461;0;1762582;1491629;0;68.1;57.6;0.0
59;2021-08-15;3043;4382;0;1765625;1496011;0;68.2;57.8;0.0
59;2021-08-16;5784;14047;0;1771409;1510058;0;68.4;58.3;0.0
59;2021-08-17;6993;13240;0;1778402;1523298;0;68.7;58.8;0.0
59;2021-08-18;5814;12022;0;1784216;1535320;0;68.9;59.3;0.0
59;2021-08-19;6202;13935;0;1790418;1549255;0;69.2;59.8;0.0
59;2021-08-20;5734;14601;0;1796152;1563856;0;69.4;60.4;0.0
59;2021-08-21;4083;10374;0;1800235;1574230;0;69.5;60.8;0.0
59;2021-08-22;2592;7169;0;1802827;1581399;0;69.6;61.1;0.0
59;2021-08-23;4624;15572;0;1807451;1596971;0;69.8;61.7;0.0
59;2021-08-24;5264;15319;0;1812715;1612290;0;70.0;62.3;0.0
59;2021-08-25;4554;13200;0;1817269;1625490;0;70.2;62.8;0.0
59;2021-08-26;5007;14336;0;1822276;1639826;0;70.4;63.3;0.0
59;2021-08-27;4816;15174;0;1827092;1655000;0;70.6;63.9;0.0
59;2021-08-28;3609;11898;0;1830701;1666898;0;70.7;64.4;0.0
59;2021-08-29;1761;7859;0;1832462;1674757;0;70.8;64.7;0.0
59;2021-08-30;3714;12339;271;1836176;1687096;271;70.9;65.2;0.0
59;2021-08-31;3681;12149;556;1839857;1699245;827;71.1;65.6;0.0
59;2021-09-01;3616;9563;964;1843473;1708808;1791;71.2;66.0;0.1
59;2021-09-02;3173;9813;1153;1846646;1718621;2944;71.3;66.4;0.1
59;2021-09-03;3670;10575;1286;1850316;1729196;4230;71.5;66.8;0.2
59;2021-09-04;3253;8858;591;1853569;1738054;4821;71.6;67.1;0.2
59;2021-09-05;1060;3164;202;1854629;1741218;5023;71.6;67.3;0.2
59;2021-09-06;2095;5987;1222;1856724;1747205;6245;71.7;67.5;0.2
59;2021-09-07;2193;5965;1105;1858917;1753170;7350;71.8;67.7;0.3
59;2021-09-08;2525;6470;1051;1861442;1759640;8401;71.9;68.0;0.3
59;2021-09-09;2347;5509;1072;1863789;1765149;9473;72.0;68.2;0.4
59;2021-09-10;3236;6584;1430;1867025;1771733;10903;72.1;68.4;0.4
59;2021-09-11;2465;6723;520;1869490;1778456;11423;72.2;68.7;0.4
59;2021-09-12;830;2544;147;1870320;1781000;11570;72.2;68.8;0.4
59;2021-09-13;1978;4125;1404;1872298;1785125;12974;72.3;69.0;0.5
59;2021-09-14;2306;4207;1925;1874604;1789332;14899;72.4;69.1;0.6
59;2021-09-15;2275;5274;1407;1876879;1794606;16306;72.5;69.3;0.6
59;2021-09-16;2088;4079;1985;1878967;1798685;18291;72.6;69.5;0.7
59;2021-09-17;2799;5187;1997;1881766;1803872;20288;72.7;69.7;0.8
59;2021-09-18;1673;5586;660;1883439;1809458;20948;72.7;69.9;0.8
59;2021-09-19;327;1193;146;1883766;1810651;21094;72.8;69.9;0.8
59;2021-09-20;1396;3136;1714;1885162;1813787;22808;72.8;70.1;0.9
59;2021-09-21;1279;2816;2102;1886441;1816603;24910;72.9;70.2;1.0
59;2021-09-22;1391;4641;1906;1887832;1821244;26816;72.9;70.3;1.0
59;2021-09-23;1416;2718;2189;1889248;1823962;29005;73.0;70.5;1.1
59;2021-09-24;1819;4067;2033;1891067;1828029;31038;73.0;70.6;1.2
59;2021-09-25;1146;3823;777;1892213;1831852;31815;73.1;70.8;1.2
59;2021-09-26;280;1087;146;1892493;1832939;31961;73.1;70.8;1.2
59;2021-09-27;1017;2400;1804;1893510;1835339;33765;73.1;70.9;1.3
59;2021-09-28;1044;2110;1709;1894554;1837449;35474;73.2;71.0;1.4
59;2021-09-29;1256;2888;1747;1895810;1840337;37221;73.2;71.1;1.4
59;2021-09-30;1180;2186;1941;1896990;1842523;39162;73.3;71.2;1.5
59;2021-10-01;2026;3236;2581;1899016;1845759;41743;73.3;71.3;1.6
59;2021-10-02;1453;3035;1290;1900469;1848794;43033;73.4;71.4;1.7
59;2021-10-03;232;593;173;1900701;1849387;43206;73.4;71.4;1.7
59;2021-10-04;1215;1934;2422;1901916;1851321;45628;73.5;71.5;1.8
59;2021-10-05;1120;2051;2412;1903036;1853372;48040;73.5;71.6;1.9
59;2021-10-06;1312;2363;2747;1904348;1855735;50787;73.6;71.7;2.0
59;2021-10-07;991;1798;2613;1905339;1857533;53400;73.6;71.7;2.1
59;2021-10-08;1704;3194;3407;1907043;1860727;56807;73.7;71.9;2.2
59;2021-10-09;1258;2164;1784;1908301;1862891;58591;73.7;72.0;2.3
59;2021-10-10;264;430;352;1908565;1863321;58943;73.7;72.0;2.3
59;2021-10-11;1082;1560;2957;1909647;1864881;61900;73.8;72.0;2.4
59;2021-10-12;1070;1595;3183;1910717;1866476;65083;73.8;72.1;2.5
59;2021-10-13;1212;1859;3117;1911929;1868335;68200;73.8;72.2;2.6
59;2021-10-14;976;1510;2786;1912905;1869845;70986;73.9;72.2;2.7
59;2021-10-15;1504;2459;4036;1914409;1872304;75022;73.9;72.3;2.9
59;2021-10-16;1171;1643;1945;1915580;1873947;76967;74.0;72.4;3.0
59;2021-10-17;258;328;325;1915838;1874275;77292;74.0;72.4;3.0
59;2021-10-18;991;1223;3047;1916829;1875498;80339;74.0;72.4;3.1
59;2021-10-19;915;1318;3429;1917744;1876816;83768;74.1;72.5;3.2
59;2021-10-20;1072;1482;3608;1918816;1878298;87376;74.1;72.5;3.4
59;2021-10-21;819;1359;3249;1919635;1879657;90625;74.1;72.6;3.5
59;2021-10-22;1238;1801;4316;1920873;1881458;94941;74.2;72.7;3.7
59;2021-10-23;1044;1407;2365;1921917;1882865;97306;74.2;72.7;3.8
59;2021-10-24;174;232;416;1922091;1883097;97722;74.2;72.7;3.8
59;2021-10-25;940;1179;3347;1923031;1884276;101069;74.3;72.8;3.9
59;2021-10-26;821;1081;3530;1923852;1885357;104599;74.3;72.8;4.0
59;2021-10-27;970;1351;4002;1924822;1886708;108601;74.3;72.9;4.2
59;2021-10-28;794;847;3250;1925616;1887555;111851;74.4;72.9;4.3
59;2021-10-29;1108;1469;4695;1926724;1889024;116546;74.4;73.0;4.5
59;2021-10-30;730;1276;2434;1927454;1890300;118980;74.4;73.0;4.6
59;2021-10-31;109;165;268;1927563;1890465;119248;74.5;73.0;4.6
59;2021-11-01;149;79;86;1927712;1890544;119334;74.5;73.0;4.6
59;2021-11-02;993;1421;4251;1928705;1891965;123585;74.5;73.1;4.8
59;2021-11-03;1033;1439;4801;1929738;1893404;128386;74.5;73.1;5.0
59;2021-11-04;805;945;3711;1930543;1894349;132097;74.6;73.2;5.1
59;2021-11-05;1133;1580;5321;1931676;1895929;137418;74.6;73.2;5.3
59;2021-11-06;860;1219;3100;1932536;1897148;140518;74.6;73.3;5.4
59;2021-11-07;123;226;428;1932659;1897374;140946;74.6;73.3;5.4
59;2021-11-08;695;1082;4776;1933354;1898456;145722;74.7;73.3;5.6
59;2021-11-09;829;1172;6196;1934183;1899628;151918;74.7;73.4;5.9
59;2021-11-10;1160;1478;6876;1935343;1901106;158794;74.8;73.4;6.1
59;2021-11-11;43;74;208;1935386;1901180;159002;74.8;73.4;6.1
59;2021-11-12;1099;1409;7565;1936485;1902589;166567;74.8;73.5;6.4
59;2021-11-13;899;1144;4125;1937384;1903733;170692;74.8;73.5;6.6
59;2021-11-14;120;116;442;1937504;1903849;171134;74.8;73.5;6.6
59;2021-11-15;768;1023;5926;1938272;1904872;177060;74.9;73.6;6.8
59;2021-11-16;884;1006;6835;1939156;1905878;183895;74.9;73.6;7.1
59;2021-11-17;1106;1324;6858;1940262;1907202;190753;74.9;73.7;7.4
59;2021-11-18;893;1007;6671;1941155;1908209;197424;75.0;73.7;7.6
59;2021-11-19;1364;1490;9003;1942519;1909699;206427;75.0;73.8;8.0
59;2021-11-20;1089;1220;5056;1943608;1910919;211483;75.1;73.8;8.2
59;2021-11-21;120;152;472;1943728;1911071;211955;75.1;73.8;8.2
59;2021-11-22;814;672;6179;1944542;1911743;218134;75.1;73.8;8.4
59;2021-11-23;936;900;8011;1945478;1912643;226145;75.1;73.9;8.7
59;2021-11-24;1076;1222;7499;1946554;1913865;233644;75.2;73.9;9.0
59;2021-11-25;864;905;9599;1947418;1914770;243243;75.2;74.0;9.4
59;2021-11-26;1158;1299;15340;1948576;1916069;258583;75.3;74.0;10.0
59;2021-11-27;908;1121;11737;1949484;1917190;270320;75.3;74.1;10.4
59;2021-11-28;151;212;4720;1949635;1917402;275040;75.3;74.1;10.6
59;2021-11-29;699;765;15818;1950334;1918167;290858;75.3;74.1;11.2
59;2021-11-30;901;940;20679;1951235;1919107;311537;75.4;74.1;12.0
59;2021-12-01;747;1104;20257;1951982;1920211;331794;75.4;74.2;12.8
59;2021-12-02;677;685;22084;1952659;1920896;353878;75.4;74.2;13.7
59;2021-12-03;850;1134;26596;1953509;1922030;380474;75.5;74.2;14.7
59;2021-12-04;648;1042;19502;1954157;1923072;399976;75.5;74.3;15.4
59;2021-12-05;176;239;7965;1954333;1923311;407941;75.5;74.3;15.8
59;2021-12-06;634;840;23635;1954967;1924151;431576;75.5;74.3;16.7
59;2021-12-07;693;954;27411;1955660;1925105;458987;75.5;74.4;17.7
59;2021-12-08;727;1074;25110;1956387;1926179;484097;75.6;74.4;18.7
59;2021-12-09;744;882;27821;1957131;1927061;511918;75.6;74.4;19.8
59;2021-12-10;763;1304;31586;1957894;1928365;543504;75.6;74.5;21.0
59;2021-12-11;674;1135;23055;1958568;1929500;566559;75.6;74.5;21.9
59;2021-12-12;239;221;8747;1958807;1929721;575306;75.7;74.5;22.2
59;2021-12-13;670;978;26007;1959477;1930699;601313;75.7;74.6;23.2
59;2021-12-14;804;920;30415;1960281;1931619;631728;75.7;74.6;24.4
59;2021-12-15;784;1169;27793;1961065;1932788;659521;75.7;74.7;25.5
59;2021-12-16;780;946;30817;1961845;1933734;690338;75.8;74.7;26.7
59;2021-12-17;901;1324;34666;1962746;1935058;725004;75.8;74.7;28.0
59;2021-12-18;820;1083;23746;1963566;1936141;748750;75.8;74.8;28.9
59;2021-12-19;363;276;9489;1963929;1936417;758239;75.9;74.8;29.3
59;2021-12-20;900;1000;25167;1964829;1937417;783406;75.9;74.8;30.3
59;2021-12-21;1136;1095;27225;1965965;1938512;810631;75.9;74.9;31.3
59;2021-12-22;1030;970;23648;1966995;1939482;834279;76.0;74.9;32.2
60;2020-12-27;0;0;0;0;0;0;0.0;0.0;0.0
60;2020-12-28;1;0;0;1;0;0;0.0;0.0;0.0
60;2020-12-29;1;0;0;2;0;0;0.0;0.0;0.0
60;2020-12-30;2;0;0;4;0;0;0.0;0.0;0.0
60;2020-12-31;0;0;0;4;0;0;0.0;0.0;0.0
60;2021-01-01;0;0;0;4;0;0;0.0;0.0;0.0
60;2021-01-02;4;0;0;8;0;0;0.0;0.0;0.0
60;2021-01-03;1;0;0;9;0;0;0.0;0.0;0.0
60;2021-01-04;4;0;0;13;0;0;0.0;0.0;0.0
60;2021-01-05;45;1;0;58;1;0;0.0;0.0;0.0
60;2021-01-06;203;4;0;261;5;0;0.0;0.0;0.0
60;2021-01-07;238;4;0;499;9;0;0.1;0.0;0.0
60;2021-01-08;398;4;0;897;13;0;0.1;0.0;0.0
60;2021-01-09;23;0;0;920;13;0;0.1;0.0;0.0
60;2021-01-10;70;0;0;990;13;0;0.1;0.0;0.0
60;2021-01-11;394;3;0;1384;16;0;0.2;0.0;0.0
60;2021-01-12;590;6;0;1974;22;0;0.2;0.0;0.0
60;2021-01-13;576;7;0;2550;29;0;0.3;0.0;0.0
60;2021-01-14;592;11;0;3142;40;0;0.4;0.0;0.0
60;2021-01-15;744;12;0;3886;52;0;0.5;0.0;0.0
60;2021-01-16;132;1;0;4018;53;0;0.5;0.0;0.0
60;2021-01-17;41;0;0;4059;53;0;0.5;0.0;0.0
60;2021-01-18;929;14;0;4988;67;0;0.6;0.0;0.0
60;2021-01-19;1233;18;0;6221;85;0;0.8;0.0;0.0
60;2021-01-20;1760;13;0;7981;98;0;1.0;0.0;0.0
60;2021-01-21;2177;13;0;10158;111;0;1.2;0.0;0.0
60;2021-01-22;1459;22;0;11617;133;0;1.4;0.0;0.0
60;2021-01-23;469;4;0;12086;137;0;1.5;0.0;0.0
60;2021-01-24;71;1;0;12157;138;0;1.5;0.0;0.0
60;2021-01-25;915;12;0;13072;150;0;1.6;0.0;0.0
60;2021-01-26;888;16;0;13960;166;0;1.7;0.0;0.0
60;2021-01-27;657;29;0;14617;195;0;1.8;0.0;0.0
60;2021-01-28;477;171;0;15094;366;0;1.8;0.0;0.0
60;2021-01-29;160;126;0;15254;492;0;1.8;0.1;0.0
60;2021-01-30;33;9;0;15287;501;0;1.9;0.1;0.0
60;2021-01-31;24;56;0;15311;557;0;1.9;0.1;0.0
60;2021-02-01;77;140;0;15388;697;0;1.9;0.1;0.0
60;2021-02-02;46;194;0;15434;891;0;1.9;0.1;0.0
60;2021-02-03;178;295;0;15612;1186;0;1.9;0.1;0.0
60;2021-02-04;191;376;0;15803;1562;0;1.9;0.2;0.0
60;2021-02-05;314;472;0;16117;2034;0;2.0;0.2;0.0
60;2021-02-06;77;85;0;16194;2119;0;2.0;0.3;0.0
60;2021-02-07;29;46;0;16223;2165;0;2.0;0.3;0.0
60;2021-02-08;342;534;0;16565;2699;0;2.0;0.3;0.0
60;2021-02-09;356;521;0;16921;3220;0;2.1;0.4;0.0
60;2021-02-10;593;1055;0;17514;4275;0;2.1;0.5;0.0
60;2021-02-11;965;1125;0;18479;5400;0;2.2;0.7;0.0
60;2021-02-12;881;823;0;19360;6223;0;2.3;0.8;0.0
60;2021-02-13;113;260;0;19473;6483;0;2.4;0.8;0.0
60;2021-02-14;24;89;0;19497;6572;0;2.4;0.8;0.0
60;2021-02-15;633;844;0;20130;7416;0;2.4;0.9;0.0
60;2021-02-16;638;970;0;20768;8386;0;2.5;1.0;0.0
60;2021-02-17;652;942;0;21420;9328;0;2.6;1.1;0.0
60;2021-02-18;681;892;0;22101;10220;0;2.7;1.2;0.0
60;2021-02-19;655;821;0;22756;11041;0;2.8;1.3;0.0
60;2021-02-20;109;208;0;22865;11249;0;2.8;1.4;0.0
60;2021-02-21;27;119;0;22892;11368;0;2.8;1.4;0.0
60;2021-02-22;463;845;0;23355;12213;0;2.8;1.5;0.0
60;2021-02-23;572;777;0;23927;12990;0;2.9;1.6;0.0
60;2021-02-24;801;578;0;24728;13568;0;3.0;1.6;0.0
60;2021-02-25;1156;402;0;25884;13970;0;3.1;1.7;0.0
60;2021-02-26;1294;241;0;27178;14211;0;3.3;1.7;0.0
60;2021-02-27;631;56;0;27809;14267;0;3.4;1.7;0.0
60;2021-02-28;6;12;0;27815;14279;0;3.4;1.7;0.0
60;2021-03-01;849;78;0;28664;14357;0;3.5;1.7;0.0
60;2021-03-02;1002;194;0;29666;14551;0;3.6;1.8;0.0
60;2021-03-03;1353;444;0;31019;14995;0;3.8;1.8;0.0
60;2021-03-04;1824;506;0;32843;15501;0;4.0;1.9;0.0
60;2021-03-05;1985;325;0;34828;15826;0;4.2;1.9;0.0
60;2021-03-06;2171;170;0;36999;15996;0;4.5;1.9;0.0
60;2021-03-07;1113;65;0;38112;16061;0;4.6;1.9;0.0
60;2021-03-08;1167;366;0;39279;16427;0;4.8;2.0;0.0
60;2021-03-09;1934;394;0;41213;16821;0;5.0;2.0;0.0
60;2021-03-10;1974;457;0;43187;17278;0;5.2;2.1;0.0
60;2021-03-11;2431;441;0;45618;17719;0;5.5;2.1;0.0
60;2021-03-12;2750;544;0;48368;18263;0;5.9;2.2;0.0
60;2021-03-13;3737;234;0;52105;18497;0;6.3;2.2;0.0
60;2021-03-14;1655;62;0;53760;18559;0;6.5;2.2;0.0
60;2021-03-15;2133;505;0;55893;19064;0;6.8;2.3;0.0
60;2021-03-16;1534;606;0;57427;19670;0;7.0;2.4;0.0
60;2021-03-17;1648;595;0;59075;20265;0;7.2;2.5;0.0
60;2021-03-18;1667;709;0;60742;20974;0;7.4;2.5;0.0
60;2021-03-19;2576;525;0;63318;21499;0;7.7;2.6;0.0
60;2021-03-20;3116;202;0;66434;21701;0;8.1;2.6;0.0
60;2021-03-21;1965;88;0;68399;21789;0;8.3;2.6;0.0
60;2021-03-22;2155;696;0;70554;22485;0;8.6;2.7;0.0
60;2021-03-23;3212;718;0;73766;23203;0;8.9;2.8;0.0
60;2021-03-24;3082;865;0;76848;24068;0;9.3;2.9;0.0
60;2021-03-25;3881;853;0;80729;24921;0;9.8;3.0;0.0
60;2021-03-26;4319;901;0;85048;25822;0;10.3;3.1;0.0
60;2021-03-27;3980;320;0;89028;26142;0;10.8;3.2;0.0
60;2021-03-28;2277;91;0;91305;26233;0;11.1;3.2;0.0
60;2021-03-29;2691;1079;0;93996;27312;0;11.4;3.3;0.0
60;2021-03-30;3380;1092;0;97376;28404;0;11.8;3.4;0.0
60;2021-03-31;2726;1173;0;100102;29577;0;12.1;3.6;0.0
60;2021-04-01;2814;1182;0;102916;30759;0;12.5;3.7;0.0
60;2021-04-02;3289;1221;0;106205;31980;0;12.9;3.9;0.0
60;2021-04-03;3011;1011;0;109216;32991;0;13.2;4.0;0.0
60;2021-04-04;839;476;0;110055;33467;0;13.3;4.1;0.0
60;2021-04-05;531;97;0;110586;33564;0;13.4;4.1;0.0
60;2021-04-06;1955;1696;0;112541;35260;0;13.6;4.3;0.0
60;2021-04-07;2126;1753;0;114667;37013;0;13.9;4.5;0.0
60;2021-04-08;2790;1528;0;117457;38541;0;14.2;4.7;0.0
60;2021-04-09;3205;1554;0;120662;40095;0;14.6;4.9;0.0
60;2021-04-10;2879;1521;0;123541;41616;0;15.0;5.0;0.0
60;2021-04-11;962;926;0;124503;42542;0;15.1;5.2;0.0
60;2021-04-12;2155;1735;0;126658;44277;0;15.4;5.4;0.0
60;2021-04-13;2866;1793;0;129524;46070;0;15.7;5.6;0.0
60;2021-04-14;3069;1817;0;132593;47887;0;16.1;5.8;0.0
60;2021-04-15;3514;1855;0;136107;49742;0;16.5;6.0;0.0
60;2021-04-16;3296;1949;0;139403;51691;0;16.9;6.3;0.0
60;2021-04-17;2711;2061;0;142114;53752;0;17.2;6.5;0.0
60;2021-04-18;549;1708;0;142663;55460;0;17.3;6.7;0.0
60;2021-04-19;1777;2190;0;144440;57650;0;17.5;7.0;0.0
60;2021-04-20;2300;2588;0;146740;60238;0;17.8;7.3;0.0
60;2021-04-21;2645;2187;0;149385;62425;0;18.1;7.6;0.0
60;2021-04-22;2679;2513;0;152064;64938;0;18.4;7.9;0.0
60;2021-04-23;2675;2450;0;154739;67388;0;18.8;8.2;0.0
60;2021-04-24;2365;3239;0;157104;70627;0;19.0;8.6;0.0
60;2021-04-25;1237;1809;0;158341;72436;0;19.2;8.8;0.0
60;2021-04-26;1905;2532;0;160246;74968;0;19.4;9.1;0.0
60;2021-04-27;2487;2819;0;162733;77787;0;19.7;9.4;0.0
60;2021-04-28;3139;2370;0;165872;80157;0;20.1;9.7;0.0
60;2021-04-29;3397;2695;0;169269;82852;0;20.5;10.0;0.0
60;2021-04-30;3588;2806;0;172857;85658;0;21.0;10.4;0.0
60;2021-05-01;2358;1108;0;175215;86766;0;21.2;10.5;0.0
60;2021-05-02;2159;839;0;177374;87605;0;21.5;10.6;0.0
60;2021-05-03;3253;1936;0;180627;89541;0;21.9;10.9;0.0
60;2021-05-04;3369;2383;0;183996;91924;0;22.3;11.1;0.0
60;2021-05-05;3550;2760;0;187546;94684;0;22.7;11.5;0.0
60;2021-05-06;4211;2625;0;191757;97309;0;23.2;11.8;0.0
60;2021-05-07;4084;2646;0;195841;99955;0;23.7;12.1;0.0
60;2021-05-08;3537;1047;0;199378;101002;0;24.2;12.2;0.0
60;2021-05-09;3316;913;0;202694;101915;0;24.6;12.4;0.0
60;2021-05-10;2753;2372;0;205447;104287;0;24.9;12.6;0.0
60;2021-05-11;4082;2521;0;209529;106808;0;25.4;12.9;0.0
60;2021-05-12;4786;2596;0;214315;109404;0;26.0;13.3;0.0
60;2021-05-13;4756;1045;0;219071;110449;0;26.6;13.4;0.0
60;2021-05-14;5489;1794;0;224560;112243;0;27.2;13.6;0.0
60;2021-05-15;5898;1637;0;230458;113880;0;27.9;13.8;0.0
60;2021-05-16;4598;634;0;235056;114514;0;28.5;13.9;0.0
60;2021-05-17;3608;1590;0;238664;116104;0;28.9;14.1;0.0
60;2021-05-18;4185;2105;0;242849;118209;0;29.4;14.3;0.0
60;2021-05-19;4877;1891;0;247726;120100;0;30.0;14.6;0.0
60;2021-05-20;5372;1835;0;253098;121935;0;30.7;14.8;0.0
60;2021-05-21;5758;1931;0;258856;123866;0;31.4;15.0;0.0
60;2021-05-22;4881;1840;0;263737;125706;0;32.0;15.2;0.0
60;2021-05-23;3446;564;0;267183;126270;0;32.4;15.3;0.0
60;2021-05-24;2922;538;0;270105;126808;0;32.7;15.4;0.0
60;2021-05-25;4312;2056;0;274417;128864;0;33.3;15.6;0.0
60;2021-05-26;4802;1840;0;279219;130704;0;33.8;15.8;0.0
60;2021-05-27;5125;2128;0;284344;132832;0;34.5;16.1;0.0
60;2021-05-28;4875;2652;0;289219;135484;0;35.1;16.4;0.0
60;2021-05-29;4732;2253;0;293951;137737;0;35.6;16.7;0.0
60;2021-05-30;1325;369;0;295276;138106;0;35.8;16.7;0.0
60;2021-05-31;4156;2108;0;299432;140214;0;36.3;17.0;0.0
60;2021-06-01;4897;3058;0;304329;143272;0;36.9;17.4;0.0
60;2021-06-02;4474;2513;0;308803;145785;0;37.4;17.7;0.0
60;2021-06-03;4488;2615;0;313291;148400;0;38.0;18.0;0.0
60;2021-06-04;5076;3024;0;318367;151424;0;38.6;18.4;0.0
60;2021-06-05;4570;3350;0;322937;154774;0;39.1;18.8;0.0
60;2021-06-06;2278;898;0;325215;155672;0;39.4;18.9;0.0
60;2021-06-07;2989;2807;0;328204;158479;0;39.8;19.2;0.0
60;2021-06-08;4107;3255;0;332311;161734;0;40.3;19.6;0.0
60;2021-06-09;3701;3601;0;336012;165335;0;40.7;20.0;0.0
60;2021-06-10;3947;3868;0;339959;169203;0;41.2;20.5;0.0
60;2021-06-11;4214;4442;0;344173;173645;0;41.7;21.0;0.0
60;2021-06-12;4010;4198;0;348183;177843;0;42.2;21.6;0.0
60;2021-06-13;1267;2286;0;349450;180129;0;42.4;21.8;0.0
60;2021-06-14;2241;3648;0;351691;183777;0;42.6;22.3;0.0
60;2021-06-15;3299;4540;0;354990;188317;0;43.0;22.8;0.0
60;2021-06-16;3421;4728;0;358411;193045;0;43.4;23.4;0.0
60;2021-06-17;3308;5122;0;361719;198167;0;43.8;24.0;0.0
60;2021-06-18;3483;4871;0;365202;203038;0;44.3;24.6;0.0
60;2021-06-19;3400;4826;0;368602;207864;0;44.7;25.2;0.0
60;2021-06-20;1391;1917;0;369993;209781;0;44.8;25.4;0.0
60;2021-06-21;1626;4349;0;371619;214130;0;45.0;26.0;0.0
60;2021-06-22;2078;5549;0;373697;219679;0;45.3;26.6;0.0
60;2021-06-23;2188;5456;0;375885;225135;0;45.6;27.3;0.0
60;2021-06-24;2084;5744;0;377969;230879;0;45.8;28.0;0.0
60;2021-06-25;2127;6099;0;380096;236978;0;46.1;28.7;0.0
60;2021-06-26;2044;6778;0;382140;243756;0;46.3;29.5;0.0
60;2021-06-27;745;2610;0;382885;246366;0;46.4;29.9;0.0
60;2021-06-28;1841;4323;0;384726;250689;0;46.6;30.4;0.0
60;2021-06-29;2241;5704;0;386967;256393;0;46.9;31.1;0.0
60;2021-06-30;2469;5665;0;389436;262058;0;47.2;31.8;0.0
60;2021-07-01;2263;5419;0;391699;267477;0;47.5;32.4;0.0
60;2021-07-02;2646;6219;0;394345;273696;0;47.8;33.2;0.0
60;2021-07-03;2440;6025;0;396785;279721;0;48.1;33.9;0.0
60;2021-07-04;797;2680;0;397582;282401;0;48.2;34.2;0.0
60;2021-07-05;1810;4632;0;399392;287033;0;48.4;34.8;0.0
60;2021-07-06;2406;5088;0;401798;292121;0;48.7;35.4;0.0
60;2021-07-07;2520;5702;0;404318;297823;0;49.0;36.1;0.0
60;2021-07-08;3002;5381;0;407320;303204;0;49.4;36.7;0.0
60;2021-07-09;2977;6134;0;410297;309338;0;49.7;37.5;0.0
60;2021-07-10;2721;6141;0;413018;315479;0;50.1;38.2;0.0
60;2021-07-11;1215;2094;0;414233;317573;0;50.2;38.5;0.0
60;2021-07-12;1703;5316;0;415936;322889;0;50.4;39.1;0.0
60;2021-07-13;3553;5686;0;419489;328575;0;50.8;39.8;0.0
60;2021-07-14;2859;1837;0;422348;330412;0;51.2;40.0;0.0
60;2021-07-15;4330;5821;0;426678;336233;0;51.7;40.8;0.0
60;2021-07-16;4552;6129;0;431230;342362;0;52.3;41.5;0.0
60;2021-07-17;4483;5666;0;435713;348028;0;52.8;42.2;0.0
60;2021-07-18;2248;2270;0;437961;350298;0;53.1;42.5;0.0
60;2021-07-19;3375;4445;0;441336;354743;0;53.5;43.0;0.0
60;2021-07-20;5066;5534;0;446402;360277;0;54.1;43.7;0.0
60;2021-07-21;5451;5119;0;451853;365396;0;54.8;44.3;0.0
60;2021-07-22;5807;5093;0;457660;370489;0;55.5;44.9;0.0
60;2021-07-23;6085;5708;0;463745;376197;0;56.2;45.6;0.0
60;2021-07-24;4822;5141;0;468567;381338;0;56.8;46.2;0.0
60;2021-07-25;2641;1954;0;471208;383292;0;57.1;46.5;0.0
60;2021-07-26;3914;4162;0;475122;387454;0;57.6;47.0;0.0
60;2021-07-27;5455;5106;0;480577;392560;0;58.2;47.6;0.0
60;2021-07-28;5883;4375;0;486460;396935;0;59.0;48.1;0.0
60;2021-07-29;6109;4360;0;492569;401295;0;59.7;48.6;0.0
60;2021-07-30;5907;4704;0;498476;405999;0;60.4;49.2;0.0
60;2021-07-31;4548;4399;0;503024;410398;0;61.0;49.7;0.0
60;2021-08-01;1779;953;0;504803;411351;0;61.2;49.9;0.0
60;2021-08-02;3835;3105;0;508638;414456;0;61.6;50.2;0.0
60;2021-08-03;4354;3438;0;512992;417894;0;62.2;50.6;0.0
60;2021-08-04;4023;3343;0;517015;421237;0;62.7;51.1;0.0
60;2021-08-05;3716;2974;0;520731;424211;0;63.1;51.4;0.0
60;2021-08-06;4459;3822;0;525190;428033;0;63.7;51.9;0.0
60;2021-08-07;3488;3601;0;528678;431634;0;64.1;52.3;0.0
60;2021-08-08;1521;1081;0;530199;432715;0;64.3;52.4;0.0
60;2021-08-09;2485;3389;0;532684;436104;0;64.6;52.9;0.0
60;2021-08-10;3732;4275;0;536416;440379;0;65.0;53.4;0.0
60;2021-08-11;3206;4122;0;539622;444501;0;65.4;53.9;0.0
60;2021-08-12;2820;3621;0;542442;448122;0;65.7;54.3;0.0
60;2021-08-13;3011;3683;0;545453;451805;0;66.1;54.8;0.0
60;2021-08-14;2568;3044;0;548021;454849;0;66.4;55.1;0.0
60;2021-08-15;1258;631;0;549279;455480;0;66.6;55.2;0.0
60;2021-08-16;2317;4490;0;551596;459970;0;66.9;55.7;0.0
60;2021-08-17;2720;4712;0;554316;464682;0;67.2;56.3;0.0
60;2021-08-18;2216;4097;0;556532;468779;0;67.5;56.8;0.0
60;2021-08-19;1982;3861;0;558514;472640;0;67.7;57.3;0.0
60;2021-08-20;2002;4646;0;560516;477286;0;67.9;57.8;0.0
60;2021-08-21;1621;3840;0;562137;481126;0;68.1;58.3;0.0
60;2021-08-22;575;1450;0;562712;482576;0;68.2;58.5;0.0
60;2021-08-23;1272;4091;0;563984;486667;0;68.4;59.0;0.0
60;2021-08-24;1585;5320;0;565569;491987;0;68.5;59.6;0.0
60;2021-08-25;1738;4571;0;567307;496558;0;68.8;60.2;0.0
60;2021-08-26;1623;4232;1;568930;500790;1;69.0;60.7;0.0
60;2021-08-27;1583;4960;0;570513;505750;1;69.1;61.3;0.0
60;2021-08-28;1504;4761;0;572017;510511;1;69.3;61.9;0.0
60;2021-08-29;573;1986;0;572590;512497;1;69.4;62.1;0.0
60;2021-08-30;1302;3395;46;573892;515892;47;69.6;62.5;0.0
60;2021-08-31;1769;4292;61;575661;520184;108;69.8;63.0;0.0
60;2021-09-01;1535;3326;164;577196;523510;272;70.0;63.4;0.0
60;2021-09-02;1216;3053;184;578412;526563;456;70.1;63.8;0.1
60;2021-09-03;1147;3337;212;579559;529900;668;70.2;64.2;0.1
60;2021-09-04;1597;3946;155;581156;533846;823;70.4;64.7;0.1
60;2021-09-05;367;1246;37;581523;535092;860;70.5;64.9;0.1
60;2021-09-06;887;2556;238;582410;537648;1098;70.6;65.2;0.1
60;2021-09-07;902;2912;308;583312;540560;1406;70.7;65.5;0.2
60;2021-09-08;963;3042;304;584275;543602;1710;70.8;65.9;0.2
60;2021-09-09;748;2453;225;585023;546055;1935;70.9;66.2;0.2
60;2021-09-10;1124;2972;282;586147;549027;2217;71.0;66.5;0.3
60;2021-09-11;1081;3499;163;587228;552526;2380;71.2;67.0;0.3
60;2021-09-12;285;1072;59;587513;553598;2439;71.2;67.1;0.3
60;2021-09-13;652;1768;276;588165;555366;2715;71.3;67.3;0.3
60;2021-09-14;826;1621;390;588991;556987;3105;71.4;67.5;0.4
60;2021-09-15;649;1575;342;589640;558562;3447;71.5;67.7;0.4
60;2021-09-16;955;1513;586;590595;560075;4033;71.6;67.9;0.5
60;2021-09-17;798;1662;566;591393;561737;4599;71.7;68.1;0.6
60;2021-09-18;835;2732;273;592228;564469;4872;71.8;68.4;0.6
60;2021-09-19;169;488;90;592397;564957;4962;71.8;68.5;0.6
60;2021-09-20;467;1184;416;592864;566141;5378;71.9;68.6;0.7
60;2021-09-21;538;1107;621;593402;567248;5999;71.9;68.8;0.7
60;2021-09-22;488;1449;501;593890;568697;6500;72.0;68.9;0.8
60;2021-09-23;651;915;613;594541;569612;7113;72.1;69.0;0.9
60;2021-09-24;535;1352;604;595076;570964;7717;72.1;69.2;0.9
60;2021-09-25;514;2004;237;595590;572968;7954;72.2;69.4;1.0
60;2021-09-26;82;305;19;595672;573273;7973;72.2;69.5;1.0
60;2021-09-27;366;809;462;596038;574082;8435;72.2;69.6;1.0
60;2021-09-28;344;861;572;596382;574943;9007;72.3;69.7;1.1
60;2021-09-29;448;1135;366;596830;576078;9373;72.3;69.8;1.1
60;2021-09-30;401;764;658;597231;576842;10031;72.4;69.9;1.2
60;2021-10-01;644;1173;746;597875;578015;10777;72.5;70.1;1.3
60;2021-10-02;611;1509;469;598486;579524;11246;72.5;70.2;1.4
60;2021-10-03;94;294;58;598580;579818;11304;72.5;70.3;1.4
60;2021-10-04;425;721;646;599005;580539;11950;72.6;70.4;1.4
60;2021-10-05;348;597;483;599353;581136;12433;72.6;70.4;1.5
60;2021-10-06;432;828;666;599785;581964;13099;72.7;70.5;1.6
60;2021-10-07;244;588;543;600029;582552;13642;72.7;70.6;1.7
60;2021-10-08;516;902;724;600545;583454;14366;72.8;70.7;1.7
60;2021-10-09;657;1272;872;601202;584726;15238;72.9;70.9;1.8
60;2021-10-10;61;175;96;601263;584901;15334;72.9;70.9;1.9
60;2021-10-11;324;536;729;601587;585437;16063;72.9;71.0;1.9
60;2021-10-12;249;567;581;601836;586004;16644;72.9;71.0;2.0
60;2021-10-13;399;681;899;602235;586685;17543;73.0;71.1;2.1
60;2021-10-14;291;682;911;602526;587367;18454;73.0;71.2;2.2
60;2021-10-15;435;781;995;602961;588148;19449;73.1;71.3;2.4
60;2021-10-16;564;936;772;603525;589084;20221;73.1;71.4;2.5
60;2021-10-17;46;139;80;603571;589223;20301;73.2;71.4;2.5
60;2021-10-18;292;542;833;603863;589765;21134;73.2;71.5;2.6
60;2021-10-19;277;345;1000;604140;590110;22134;73.2;71.5;2.7
60;2021-10-20;378;502;1079;604518;590612;23213;73.3;71.6;2.8
60;2021-10-21;205;479;915;604723;591091;24128;73.3;71.6;2.9
60;2021-10-22;374;567;1124;605097;591658;25252;73.3;71.7;3.1
60;2021-10-23;452;725;903;605549;592383;26155;73.4;71.8;3.2
60;2021-10-24;35;64;110;605584;592447;26265;73.4;71.8;3.2
60;2021-10-25;270;390;1047;605854;592837;27312;73.4;71.9;3.3
60;2021-10-26;154;262;862;606008;593099;28174;73.4;71.9;3.4
60;2021-10-27;312;459;1207;606320;593558;29381;73.5;71.9;3.6
60;2021-10-28;205;238;986;606525;593796;30367;73.5;72.0;3.7
60;2021-10-29;318;502;1339;606843;594298;31706;73.5;72.0;3.8
60;2021-10-30;325;587;1210;607168;594885;32916;73.6;72.1;4.0
60;2021-10-31;28;70;70;607196;594955;32986;73.6;72.1;4.0
60;2021-11-01;43;25;62;607239;594980;33048;73.6;72.1;4.0
60;2021-11-02;234;311;1047;607473;595291;34095;73.6;72.1;4.1
60;2021-11-03;316;494;1530;607789;595785;35625;73.7;72.2;4.3
60;2021-11-04;249;344;1218;608038;596129;36843;73.7;72.3;4.5
60;2021-11-05;330;415;1662;608368;596544;38505;73.7;72.3;4.7
60;2021-11-06;346;581;1125;608714;597125;39630;73.8;72.4;4.8
60;2021-11-07;26;45;122;608740;597170;39752;73.8;72.4;4.8
60;2021-11-08;190;329;1410;608930;597499;41162;73.8;72.4;5.0
60;2021-11-09;196;283;1550;609126;597782;42712;73.8;72.5;5.2
60;2021-11-10;333;451;2008;609459;598233;44720;73.9;72.5;5.4
60;2021-11-11;65;73;272;609524;598306;44992;73.9;72.5;5.5
60;2021-11-12;303;434;2131;609827;598740;47123;73.9;72.6;5.7
60;2021-11-13;388;543;1601;610215;599283;48724;74.0;72.6;5.9
60;2021-11-14;27;46;190;610242;599329;48914;74.0;72.6;5.9
60;2021-11-15;205;280;1594;610447;599609;50508;74.0;72.7;6.1
60;2021-11-16;259;248;2009;610706;599857;52517;74.0;72.7;6.4
60;2021-11-17;288;333;2039;610994;600190;54556;74.1;72.7;6.6
60;2021-11-18;234;279;1914;611228;600469;56470;74.1;72.8;6.8
60;2021-11-19;307;382;2399;611535;600851;58869;74.1;72.8;7.1
60;2021-11-20;400;496;1628;611935;601347;60497;74.2;72.9;7.3
60;2021-11-21;35;56;218;611970;601403;60715;74.2;72.9;7.4
60;2021-11-22;209;199;2059;612179;601602;62774;74.2;72.9;7.6
60;2021-11-23;202;242;2454;612381;601844;65228;74.2;72.9;7.9
60;2021-11-24;329;328;2611;612710;602172;67839;74.3;73.0;8.2
60;2021-11-25;264;223;2648;612974;602395;70487;74.3;73.0;8.5
60;2021-11-26;346;415;4437;613320;602810;74924;74.3;73.1;9.1
60;2021-11-27;371;437;4014;613691;603247;78938;74.4;73.1;9.6
60;2021-11-28;50;59;875;613741;603306;79813;74.4;73.1;9.7
60;2021-11-29;172;253;4177;613913;603559;83990;74.4;73.2;10.2
60;2021-11-30;184;249;5186;614097;603808;89176;74.4;73.2;10.8
60;2021-12-01;247;301;5817;614344;604109;94993;74.5;73.2;11.5
60;2021-12-02;239;224;6218;614583;604333;101211;74.5;73.2;12.3
60;2021-12-03;213;293;7006;614796;604626;108217;74.5;73.3;13.1
60;2021-12-04;251;430;5771;615047;605056;113988;74.5;73.3;13.8
60;2021-12-05;52;70;1677;615099;605126;115665;74.6;73.3;14.0
60;2021-12-06;183;231;5689;615282;605357;121354;74.6;73.4;14.7
60;2021-12-07;199;238;7737;615481;605595;129091;74.6;73.4;15.6
60;2021-12-08;248;311;6959;615729;605906;136050;74.6;73.4;16.5
60;2021-12-09;249;301;7371;615978;606207;143421;74.7;73.5;17.4
60;2021-12-10;266;369;8891;616244;606576;152312;74.7;73.5;18.5
60;2021-12-11;298;441;7233;616542;607017;159545;74.7;73.6;19.3
60;2021-12-12;66;76;1743;616608;607093;161288;74.7;73.6;19.5
60;2021-12-13;189;260;7254;616797;607353;168542;74.8;73.6;20.4
60;2021-12-14;264;297;9509;617061;607650;178051;74.8;73.6;21.6
60;2021-12-15;242;375;8569;617303;608025;186620;74.8;73.7;22.6
60;2021-12-16;236;306;9088;617539;608331;195708;74.8;73.7;23.7
60;2021-12-17;247;392;9495;617786;608723;205203;74.9;73.8;24.9
60;2021-12-18;306;402;8030;618092;609125;213233;74.9;73.8;25.8
60;2021-12-19;99;65;2119;618191;609190;215352;74.9;73.8;26.1
60;2021-12-20;319;300;7017;618510;609490;222369;75.0;73.9;27.0
60;2021-12-21;357;317;7738;618867;609807;230107;75.0;73.9;27.9
60;2021-12-22;311;299;6460;619178;610106;236567;75.0;73.9;28.7
61;2020-12-27;0;0;0;0;0;0;0.0;0.0;0.0
61;2020-12-28;0;0;0;0;0;0;0.0;0.0;0.0
61;2020-12-29;0;0;0;0;0;0;0.0;0.0;0.0
61;2020-12-30;0;0;0;0;0;0;0.0;0.0;0.0
61;2020-12-31;0;0;0;0;0;0;0.0;0.0;0.0
61;2021-01-01;2;0;0;2;0;0;0.0;0.0;0.0
61;2021-01-02;0;0;0;2;0;0;0.0;0.0;0.0
61;2021-01-03;0;0;0;2;0;0;0.0;0.0;0.0
61;2021-01-04;1;0;0;3;0;0;0.0;0.0;0.0
61;2021-01-05;2;0;0;5;0;0;0.0;0.0;0.0
61;2021-01-06;72;0;0;77;0;0;0.0;0.0;0.0
61;2021-01-07;139;2;0;216;2;0;0.1;0.0;0.0
61;2021-01-08;342;1;0;558;3;0;0.2;0.0;0.0
61;2021-01-09;138;1;0;696;4;0;0.3;0.0;0.0
61;2021-01-10;31;0;0;727;4;0;0.3;0.0;0.0
61;2021-01-11;356;0;0;1083;4;0;0.4;0.0;0.0
61;2021-01-12;537;3;0;1620;7;0;0.6;0.0;0.0
61;2021-01-13;638;1;0;2258;8;0;0.8;0.0;0.0
61;2021-01-14;489;8;0;2747;16;0;1.0;0.0;0.0
61;2021-01-15;498;2;0;3245;18;0;1.2;0.0;0.0
61;2021-01-16;261;1;0;3506;19;0;1.3;0.0;0.0
61;2021-01-17;777;9;0;4283;28;0;1.5;0.0;0.0
61;2021-01-18;1673;3;0;5956;31;0;2.2;0.0;0.0
61;2021-01-19;1106;3;0;7062;34;0;2.6;0.0;0.0
61;2021-01-20;610;0;0;7672;34;0;2.8;0.0;0.0
61;2021-01-21;718;0;0;8390;34;0;3.0;0.0;0.0
61;2021-01-22;647;0;0;9037;34;0;3.3;0.0;0.0
61;2021-01-23;220;1;0;9257;35;0;3.3;0.0;0.0
61;2021-01-24;197;2;0;9454;37;0;3.4;0.0;0.0
61;2021-01-25;468;1;0;9922;38;0;3.6;0.0;0.0
61;2021-01-26;425;4;0;10347;42;0;3.7;0.0;0.0
61;2021-01-27;443;11;0;10790;53;0;3.9;0.0;0.0
61;2021-01-28;429;47;0;11219;100;0;4.1;0.0;0.0
61;2021-01-29;428;173;0;11647;273;0;4.2;0.1;0.0
61;2021-01-30;164;1;0;11811;274;0;4.3;0.1;0.0
61;2021-01-31;93;0;0;11904;274;0;4.3;0.1;0.0
61;2021-02-01;344;162;0;12248;436;0;4.4;0.2;0.0
61;2021-02-02;360;382;0;12608;818;0;4.6;0.3;0.0
61;2021-02-03;354;438;0;12962;1256;0;4.7;0.5;0.0
61;2021-02-04;309;306;0;13271;1562;0;4.8;0.6;0.0
61;2021-02-05;427;338;0;13698;1900;0;4.9;0.7;0.0
61;2021-02-06;153;75;0;13851;1975;0;5.0;0.7;0.0
61;2021-02-07;32;174;0;13883;2149;0;5.0;0.8;0.0
61;2021-02-08;479;1281;0;14362;3430;0;5.2;1.2;0.0
61;2021-02-09;347;702;0;14709;4132;0;5.3;1.5;0.0
61;2021-02-10;234;514;0;14943;4646;0;5.4;1.7;0.0
61;2021-02-11;346;518;0;15289;5164;0;5.5;1.9;0.0
61;2021-02-12;338;664;0;15627;5828;0;5.6;2.1;0.0
61;2021-02-13;130;372;0;15757;6200;0;5.7;2.2;0.0
61;2021-02-14;2;278;0;15759;6478;0;5.7;2.3;0.0
61;2021-02-15;113;674;0;15872;7152;0;5.7;2.6;0.0
61;2021-02-16;166;565;0;16038;7717;0;5.8;2.8;0.0
61;2021-02-17;59;503;0;16097;8220;0;5.8;3.0;0.0
61;2021-02-18;122;459;0;16219;8679;0;5.9;3.1;0.0
61;2021-02-19;100;340;0;16319;9019;0;5.9;3.3;0.0
61;2021-02-20;42;188;0;16361;9207;0;5.9;3.3;0.0
61;2021-02-21;1;139;0;16362;9346;0;5.9;3.4;0.0
61;2021-02-22;72;506;0;16434;9852;0;5.9;3.6;0.0
61;2021-02-23;98;396;0;16532;10248;0;6.0;3.7;0.0
61;2021-02-24;123;432;0;16655;10680;0;6.0;3.9;0.0
61;2021-02-25;286;375;0;16941;11055;0;6.1;4.0;0.0
61;2021-02-26;287;388;0;17228;11443;0;6.2;4.1;0.0
61;2021-02-27;114;171;0;17342;11614;0;6.3;4.2;0.0
61;2021-02-28;4;100;0;17346;11714;0;6.3;4.2;0.0
61;2021-03-01;215;520;0;17561;12234;0;6.3;4.4;0.0
61;2021-03-02;170;593;0;17731;12827;0;6.4;4.6;0.0
61;2021-03-03;167;364;0;17898;13191;0;6.5;4.8;0.0
61;2021-03-04;460;376;0;18358;13567;0;6.6;4.9;0.0
61;2021-03-05;670;287;0;19028;13854;0;6.9;5.0;0.0
61;2021-03-06;437;173;0;19465;14027;0;7.0;5.1;0.0
61;2021-03-07;169;4;0;19634;14031;0;7.1;5.1;0.0
61;2021-03-08;334;276;0;19968;14307;0;7.2;5.2;0.0
61;2021-03-09;606;164;0;20574;14471;0;7.4;5.2;0.0
61;2021-03-10;657;181;0;21231;14652;0;7.7;5.3;0.0
61;2021-03-11;1064;130;0;22295;14782;0;8.1;5.3;0.0
61;2021-03-12;1387;101;0;23682;14883;0;8.6;5.4;0.0
61;2021-03-13;738;48;0;24420;14931;0;8.8;5.4;0.0
61;2021-03-14;178;6;0;24598;14937;0;8.9;5.4;0.0
61;2021-03-15;716;38;0;25314;14975;0;9.1;5.4;0.0
61;2021-03-16;664;27;0;25978;15002;0;9.4;5.4;0.0
61;2021-03-17;678;23;0;26656;15025;0;9.6;5.4;0.0
61;2021-03-18;814;35;0;27470;15060;0;9.9;5.4;0.0
61;2021-03-19;997;67;0;28467;15127;0;10.3;5.5;0.0
61;2021-03-20;487;18;0;28954;15145;0;10.5;5.5;0.0
61;2021-03-21;62;3;0;29016;15148;0;10.5;5.5;0.0
61;2021-03-22;731;99;0;29747;15247;0;10.7;5.5;0.0
61;2021-03-23;844;49;0;30591;15296;0;11.0;5.5;0.0
61;2021-03-24;1306;77;0;31897;15373;0;11.5;5.6;0.0
61;2021-03-25;1799;80;0;33696;15453;0;12.2;5.6;0.0
61;2021-03-26;1686;58;0;35382;15511;0;12.8;5.6;0.0
61;2021-03-27;937;18;0;36319;15529;0;13.1;5.6;0.0
61;2021-03-28;298;9;0;36617;15538;0;13.2;5.6;0.0
61;2021-03-29;1085;196;0;37702;15734;0;13.6;5.7;0.0
61;2021-03-30;1339;125;0;39041;15859;0;14.1;5.7;0.0
61;2021-03-31;1511;70;0;40552;15929;0;14.6;5.8;0.0
61;2021-04-01;1902;236;0;42454;16165;0;15.3;5.8;0.0
61;2021-04-02;1436;409;0;43890;16574;0;15.9;6.0;0.0
61;2021-04-03;568;277;0;44458;16851;0;16.1;6.1;0.0
61;2021-04-04;167;18;0;44625;16869;0;16.1;6.1;0.0
61;2021-04-05;444;12;0;45069;16881;0;16.3;6.1;0.0
61;2021-04-06;1246;545;0;46315;17426;0;16.7;6.3;0.0
61;2021-04-07;1553;596;0;47868;18022;0;17.3;6.5;0.0
61;2021-04-08;2068;714;0;49936;18736;0;18.0;6.8;0.0
61;2021-04-09;2063;760;0;51999;19496;0;18.8;7.0;0.0
61;2021-04-10;1286;429;0;53285;19925;0;19.2;7.2;0.0
61;2021-04-11;209;147;0;53494;20072;0;19.3;7.2;0.0
61;2021-04-12;1155;632;0;54649;20704;0;19.7;7.5;0.0
61;2021-04-13;1591;629;0;56240;21333;0;20.3;7.7;0.0
61;2021-04-14;1626;779;0;57866;22112;0;20.9;8.0;0.0
61;2021-04-15;2074;764;0;59940;22876;0;21.6;8.3;0.0
61;2021-04-16;1984;648;0;61924;23524;0;22.4;8.5;0.0
61;2021-04-17;1209;288;0;63133;23812;0;22.8;8.6;0.0
61;2021-04-18;428;82;0;63561;23894;0;23.0;8.6;0.0
61;2021-04-19;802;696;0;64363;24590;0;23.2;8.9;0.0
61;2021-04-20;1391;712;0;65754;25302;0;23.7;9.1;0.0
61;2021-04-21;1264;978;0;67018;26280;0;24.2;9.5;0.0
61;2021-04-22;1168;1125;0;68186;27405;0;24.6;9.9;0.0
61;2021-04-23;1150;1031;0;69336;28436;0;25.0;10.3;0.0
61;2021-04-24;1156;700;0;70492;29136;0;25.5;10.5;0.0
61;2021-04-25;273;267;0;70765;29403;0;25.6;10.6;0.0
61;2021-04-26;667;948;0;71432;30351;0;25.8;11.0;0.0
61;2021-04-27;1394;1035;0;72826;31386;0;26.3;11.3;0.0
61;2021-04-28;1250;1257;0;74076;32643;0;26.8;11.8;0.0
61;2021-04-29;1217;1658;0;75293;34301;0;27.2;12.4;0.0
61;2021-04-30;1619;1057;0;76912;35358;0;27.8;12.8;0.0
61;2021-05-01;665;298;0;77577;35656;0;28.0;12.9;0.0
61;2021-05-02;336;197;0;77913;35853;0;28.1;12.9;0.0
61;2021-05-03;832;1103;0;78745;36956;0;28.4;13.3;0.0
61;2021-05-04;1269;1599;0;80014;38555;0;28.9;13.9;0.0
61;2021-05-05;998;1868;0;81012;40423;0;29.3;14.6;0.0
61;2021-05-06;1655;1896;0;82667;42319;0;29.9;15.3;0.0
61;2021-05-07;1370;1756;0;84037;44075;0;30.3;15.9;0.0
61;2021-05-08;810;370;0;84847;44445;0;30.6;16.1;0.0
61;2021-05-09;302;234;0;85149;44679;0;30.8;16.1;0.0
61;2021-05-10;1003;1515;0;86152;46194;0;31.1;16.7;0.0
61;2021-05-11;1467;1348;0;87619;47542;0;31.6;17.2;0.0
61;2021-05-12;1605;1425;0;89224;48967;0;32.2;17.7;0.0
61;2021-05-13;875;417;0;90099;49384;0;32.5;17.8;0.0
61;2021-05-14;1613;1041;0;91712;50425;0;33.1;18.2;0.0
61;2021-05-15;1925;924;0;93637;51349;0;33.8;18.5;0.0
61;2021-05-16;844;245;0;94481;51594;0;34.1;18.6;0.0
61;2021-05-17;1298;794;0;95779;52388;0;34.6;18.9;0.0
61;2021-05-18;2319;880;0;98098;53268;0;35.4;19.2;0.0
61;2021-05-19;2148;752;0;100246;54020;0;36.2;19.5;0.0
61;2021-05-20;2060;831;0;102306;54851;0;36.9;19.8;0.0
61;2021-05-21;2189;883;0;104495;55734;0;37.7;20.1;0.0
61;2021-05-22;1367;578;0;105862;56312;0;38.2;20.3;0.0
61;2021-05-23;479;41;0;106341;56353;0;38.4;20.4;0.0
61;2021-05-24;797;138;0;107138;56491;0;38.7;20.4;0.0
61;2021-05-25;1851;863;0;108989;57354;0;39.4;20.7;0.0
61;2021-05-26;1835;892;0;110824;58246;0;40.0;21.0;0.0
61;2021-05-27;2047;1070;0;112871;59316;0;40.8;21.4;0.0
61;2021-05-28;2028;1319;0;114899;60635;0;41.5;21.9;0.0
61;2021-05-29;1265;520;0;116164;61155;0;42.0;22.1;0.0
61;2021-05-30;381;44;0;116545;61199;0;42.1;22.1;0.0
61;2021-05-31;1510;850;0;118055;62049;0;42.6;22.4;0.0
61;2021-06-01;1917;1307;0;119972;63356;0;43.3;22.9;0.0
61;2021-06-02;1641;1049;0;121613;64405;0;43.9;23.3;0.0
61;2021-06-03;2238;1068;0;123851;65473;0;44.7;23.6;0.0
61;2021-06-04;1856;1316;0;125707;66789;0;45.4;24.1;0.0
61;2021-06-05;1395;1104;0;127102;67893;0;45.9;24.5;0.0
61;2021-06-06;296;162;0;127398;68055;0;46.0;24.6;0.0
61;2021-06-07;2052;860;0;129450;68915;0;46.7;24.9;0.0
61;2021-06-08;1796;1538;0;131246;70453;0;47.4;25.4;0.0
61;2021-06-09;1906;1103;0;133152;71556;0;48.1;25.8;0.0
61;2021-06-10;1891;1154;0;135043;72710;0;48.8;26.3;0.0
61;2021-06-11;1736;1520;0;136779;74230;0;49.4;26.8;0.0
61;2021-06-12;1223;876;0;138002;75106;0;49.8;27.1;0.0
61;2021-06-13;289;328;0;138291;75434;0;49.9;27.2;0.0
61;2021-06-14;1063;1174;0;139354;76608;0;50.3;27.7;0.0
61;2021-06-15;1165;1639;0;140519;78247;0;50.7;28.3;0.0
61;2021-06-16;1105;1351;0;141624;79598;0;51.1;28.7;0.0
61;2021-06-17;1085;1713;0;142709;81311;0;51.5;29.4;0.0
61;2021-06-18;1450;1660;0;144159;82971;0;52.1;30.0;0.0
61;2021-06-19;1041;1139;0;145200;84110;0;52.4;30.4;0.0
61;2021-06-20;239;277;0;145439;84387;0;52.5;30.5;0.0
61;2021-06-21;722;1565;0;146161;85952;0;52.8;31.0;0.0
61;2021-06-22;986;1709;0;147147;87661;0;53.1;31.7;0.0
61;2021-06-23;976;2297;0;148123;89958;0;53.5;32.5;0.0
61;2021-06-24;698;1330;0;148821;91288;0;53.7;33.0;0.0
61;2021-06-25;799;1915;0;149620;93203;0;54.0;33.7;0.0
61;2021-06-26;586;1633;0;150206;94836;0;54.2;34.2;0.0
61;2021-06-27;136;671;0;150342;95507;0;54.3;34.5;0.0
61;2021-06-28;453;2098;0;150795;97605;0;54.5;35.2;0.0
61;2021-06-29;724;2767;0;151519;100372;0;54.7;36.2;0.0
61;2021-06-30;799;2344;0;152318;102716;0;55.0;37.1;0.0
61;2021-07-01;690;1705;0;153008;104421;0;55.3;37.7;0.0
61;2021-07-02;880;2557;0;153888;106978;0;55.6;38.6;0.0
61;2021-07-03;392;1525;0;154280;108503;0;55.7;39.2;0.0
61;2021-07-04;74;477;0;154354;108980;0;55.7;39.4;0.0
61;2021-07-05;674;1617;0;155028;110597;0;56.0;39.9;0.0
61;2021-07-06;870;2663;0;155898;113260;0;56.3;40.9;0.0
61;2021-07-07;842;2258;0;156740;115518;0;56.6;41.7;0.0
61;2021-07-08;830;1910;0;157570;117428;0;56.9;42.4;0.0
61;2021-07-09;738;2308;0;158308;119736;0;57.2;43.2;0.0
61;2021-07-10;398;1559;0;158706;121295;0;57.3;43.8;0.0
61;2021-07-11;203;416;0;158909;121711;0;57.4;44.0;0.0
61;2021-07-12;460;2291;0;159369;124002;0;57.6;44.8;0.0
61;2021-07-13;723;2512;0;160092;126514;0;57.8;45.7;0.0
61;2021-07-14;264;427;0;160356;126941;0;57.9;45.8;0.0
61;2021-07-15;836;2735;0;161192;129676;0;58.2;46.8;0.0
61;2021-07-16;1000;2514;0;162192;132190;0;58.6;47.7;0.0
61;2021-07-17;705;1913;0;162897;134103;0;58.8;48.4;0.0
61;2021-07-18;235;304;0;163132;134407;0;58.9;48.5;0.0
61;2021-07-19;963;2356;0;164095;136763;0;59.3;49.4;0.0
61;2021-07-20;1313;2415;0;165408;139178;0;59.7;50.3;0.0
61;2021-07-21;1454;2122;0;166862;141300;0;60.3;51.0;0.0
61;2021-07-22;1795;2116;0;168657;143416;0;60.9;51.8;0.0
61;2021-07-23;1718;2251;0;170375;145667;0;61.5;52.6;0.0
61;2021-07-24;1228;1716;0;171603;147383;0;62.0;53.2;0.0
61;2021-07-25;263;349;0;171866;147732;0;62.1;53.4;0.0
61;2021-07-26;1258;1838;0;173124;149570;0;62.5;54.0;0.0
61;2021-07-27;2326;1449;0;175450;151019;0;63.4;54.5;0.0
61;2021-07-28;2205;1386;0;177655;152405;0;64.2;55.0;0.0
61;2021-07-29;2398;1468;0;180053;153873;0;65.0;55.6;0.0
61;2021-07-30;2295;1327;0;182348;155200;0;65.9;56.0;0.0
61;2021-07-31;1052;1068;0;183400;156268;0;66.2;56.4;0.0
61;2021-08-01;361;217;0;183761;156485;0;66.4;56.5;0.0
61;2021-08-02;1725;1086;0;185486;157571;0;67.0;56.9;0.0
61;2021-08-03;2021;964;0;187507;158535;0;67.7;57.3;0.0
61;2021-08-04;1985;747;0;189492;159282;0;68.4;57.5;0.0
61;2021-08-05;1592;905;0;191084;160187;0;69.0;57.8;0.0
61;2021-08-06;1850;1095;0;192934;161282;0;69.7;58.2;0.0
61;2021-08-07;1113;674;0;194047;161956;0;70.1;58.5;0.0
61;2021-08-08;330;170;0;194377;162126;0;70.2;58.5;0.0
61;2021-08-09;1110;935;0;195487;163061;0;70.6;58.9;0.0
61;2021-08-10;1315;1141;0;196802;164202;0;71.1;59.3;0.0
61;2021-08-11;1035;1086;0;197837;165288;0;71.4;59.7;0.0
61;2021-08-12;1021;1230;0;198858;166518;0;71.8;60.1;0.0
61;2021-08-13;868;1399;0;199726;167917;0;72.1;60.6;0.0
61;2021-08-14;638;739;0;200364;168656;0;72.4;60.9;0.0
61;2021-08-15;90;177;0;200454;168833;0;72.4;61.0;0.0
61;2021-08-16;835;1498;0;201289;170331;0;72.7;61.5;0.0
61;2021-08-17;1005;1637;0;202294;171968;0;73.1;62.1;0.0
61;2021-08-18;821;1428;0;203115;173396;0;73.4;62.6;0.0
61;2021-08-19;709;1480;0;203824;174876;0;73.6;63.2;0.0
61;2021-08-20;761;2005;0;204585;176881;0;73.9;63.9;0.0
61;2021-08-21;433;1100;0;205018;177981;0;74.0;64.3;0.0
61;2021-08-22;104;333;0;205122;178314;0;74.1;64.4;0.0
61;2021-08-23;435;1608;0;205557;179922;0;74.2;65.0;0.0
61;2021-08-24;562;1778;0;206119;181700;0;74.4;65.6;0.0
61;2021-08-25;488;1675;0;206607;183375;0;74.6;66.2;0.0
61;2021-08-26;440;1603;0;207047;184978;0;74.8;66.8;0.0
61;2021-08-27;493;1807;0;207540;186785;0;75.0;67.5;0.0
61;2021-08-28;257;1174;0;207797;187959;0;75.0;67.9;0.0
61;2021-08-29;49;331;0;207846;188290;0;75.1;68.0;0.0
61;2021-08-30;399;1561;10;208245;189851;10;75.2;68.6;0.0
61;2021-08-31;549;1677;44;208794;191528;54;75.4;69.2;0.0
61;2021-09-01;474;1265;182;209268;192793;236;75.6;69.6;0.1
61;2021-09-02;424;1064;247;209692;193857;483;75.7;70.0;0.2
61;2021-09-03;473;1257;272;210165;195114;755;75.9;70.5;0.3
61;2021-09-04;302;1091;77;210467;196205;832;76.0;70.9;0.3
61;2021-09-05;71;156;41;210538;196361;873;76.0;70.9;0.3
61;2021-09-06;267;948;252;210805;197309;1125;76.1;71.3;0.4
61;2021-09-07;316;1252;169;211121;198561;1294;76.2;71.7;0.5
61;2021-09-08;284;1110;217;211405;199671;1511;76.3;72.1;0.5
61;2021-09-09;269;827;365;211674;200498;1876;76.4;72.4;0.7
61;2021-09-10;327;881;270;212001;201379;2146;76.6;72.7;0.8
61;2021-09-11;242;902;78;212243;202281;2224;76.6;73.1;0.8
61;2021-09-12;37;107;20;212280;202388;2244;76.7;73.1;0.8
61;2021-09-13;207;552;457;212487;202940;2701;76.7;73.3;1.0
61;2021-09-14;203;417;434;212690;203357;3135;76.8;73.4;1.1
61;2021-09-15;237;661;465;212927;204018;3600;76.9;73.7;1.3
61;2021-09-16;220;356;192;213147;204374;3792;77.0;73.8;1.4
61;2021-09-17;245;578;249;213392;204952;4041;77.1;74.0;1.5
61;2021-09-18;184;528;129;213576;205480;4170;77.1;74.2;1.5
61;2021-09-19;3;11;1;213579;205491;4171;77.1;74.2;1.5
61;2021-09-20;166;307;248;213745;205798;4419;77.2;74.3;1.6
61;2021-09-21;244;240;226;213989;206038;4645;77.3;74.4;1.7
61;2021-09-22;158;661;361;214147;206699;5006;77.3;74.6;1.8
61;2021-09-23;154;272;226;214301;206971;5232;77.4;74.7;1.9
61;2021-09-24;151;399;371;214452;207370;5603;77.4;74.9;2.0
61;2021-09-25;147;496;168;214599;207866;5771;77.5;75.1;2.1
61;2021-09-26;8;17;4;214607;207883;5775;77.5;75.1;2.1
61;2021-09-27;130;295;405;214737;208178;6180;77.5;75.2;2.2
61;2021-09-28;98;243;161;214835;208421;6341;77.6;75.3;2.3
61;2021-09-29;115;256;228;214950;208677;6569;77.6;75.4;2.4
61;2021-09-30;183;265;210;215133;208942;6779;77.7;75.5;2.4
61;2021-10-01;117;274;237;215250;209216;7016;77.7;75.6;2.5
61;2021-10-02;210;514;261;215460;209730;7277;77.8;75.7;2.6
61;2021-10-03;2;12;2;215462;209742;7279;77.8;75.7;2.6
61;2021-10-04;104;249;443;215566;209991;7722;77.8;75.8;2.8
61;2021-10-05;107;255;402;215673;210246;8124;77.9;75.9;2.9
61;2021-10-06;156;304;384;215829;210550;8508;77.9;76.0;3.1
61;2021-10-07;151;243;518;215980;210793;9026;78.0;76.1;3.3
61;2021-10-08;164;268;442;216144;211061;9468;78.1;76.2;3.4
61;2021-10-09;71;141;105;216215;211202;9573;78.1;76.3;3.5
61;2021-10-10;3;5;3;216218;211207;9576;78.1;76.3;3.5
61;2021-10-11;132;326;586;216350;211533;10162;78.1;76.4;3.7
61;2021-10-12;76;204;229;216426;211737;10391;78.2;76.5;3.8
61;2021-10-13;125;219;430;216551;211956;10821;78.2;76.5;3.9
61;2021-10-14;69;196;341;216620;212152;11162;78.2;76.6;4.0
61;2021-10-15;165;244;441;216785;212396;11603;78.3;76.7;4.2
61;2021-10-16;67;96;142;216852;212492;11745;78.3;76.7;4.2
61;2021-10-17;8;9;13;216860;212501;11758;78.3;76.7;4.2
61;2021-10-18;71;164;306;216931;212665;12064;78.3;76.8;4.4
61;2021-10-19;65;127;258;216996;212792;12322;78.4;76.8;4.4
61;2021-10-20;73;137;348;217069;212929;12670;78.4;76.9;4.6
61;2021-10-21;104;161;449;217173;213090;13119;78.4;77.0;4.7
61;2021-10-22;119;177;497;217292;213267;13616;78.5;77.0;4.9
61;2021-10-23;92;244;310;217384;213511;13926;78.5;77.1;5.0
61;2021-10-24;1;3;0;217385;213514;13926;78.5;77.1;5.0
61;2021-10-25;88;133;436;217473;213647;14362;78.5;77.2;5.2
61;2021-10-26;55;79;235;217528;213726;14597;78.6;77.2;5.3
61;2021-10-27;78;126;631;217606;213852;15228;78.6;77.2;5.5
61;2021-10-28;67;108;461;217673;213960;15689;78.6;77.3;5.7
61;2021-10-29;127;161;677;217800;214121;16366;78.7;77.3;5.9
61;2021-10-30;31;84;207;217831;214205;16573;78.7;77.4;6.0
61;2021-10-31;5;5;1;217836;214210;16574;78.7;77.4;6.0
61;2021-11-01;5;1;4;217841;214211;16578;78.7;77.4;6.0
61;2021-11-02;60;107;503;217901;214318;17081;78.7;77.4;6.2
61;2021-11-03;69;148;621;217970;214466;17702;78.7;77.5;6.4
61;2021-11-04;66;92;633;218036;214558;18335;78.7;77.5;6.6
61;2021-11-05;116;156;873;218152;214714;19208;78.8;77.5;6.9
61;2021-11-06;64;77;348;218216;214791;19556;78.8;77.6;7.1
61;2021-11-07;2;11;24;218218;214802;19580;78.8;77.6;7.1
61;2021-11-08;60;105;849;218278;214907;20429;78.8;77.6;7.4
61;2021-11-09;45;86;608;218323;214993;21037;78.8;77.6;7.6
61;2021-11-10;89;117;979;218412;215110;22016;78.9;77.7;8.0
61;2021-11-11;5;3;33;218417;215113;22049;78.9;77.7;8.0
61;2021-11-12;83;160;1023;218500;215273;23072;78.9;77.7;8.3
61;2021-11-13;51;53;218;218551;215326;23290;78.9;77.8;8.4
61;2021-11-14;0;7;8;218551;215333;23298;78.9;77.8;8.4
61;2021-11-15;56;83;987;218607;215416;24285;78.9;77.8;8.8
61;2021-11-16;82;59;961;218689;215475;25246;79.0;77.8;9.1
61;2021-11-17;90;106;1062;218779;215581;26308;79.0;77.9;9.5
61;2021-11-18;98;113;1277;218877;215694;27585;79.0;77.9;10.0
61;2021-11-19;111;153;1437;218988;215847;29022;79.1;78.0;10.5
61;2021-11-20;75;70;500;219063;215917;29522;79.1;78.0;10.7
61;2021-11-21;5;5;20;219068;215922;29542;79.1;78.0;10.7
61;2021-11-22;69;43;936;219137;215965;30478;79.1;78.0;11.0
61;2021-11-23;127;69;1388;219264;216034;31866;79.2;78.0;11.5
61;2021-11-24;142;106;1346;219406;216140;33212;79.2;78.1;12.0
61;2021-11-25;117;72;1470;219523;216212;34682;79.3;78.1;12.5
61;2021-11-26;88;129;2019;219611;216341;36701;79.3;78.1;13.3
61;2021-11-27;79;60;1107;219690;216401;37808;79.3;78.2;13.7
61;2021-11-28;5;7;42;219695;216408;37850;79.3;78.2;13.7
61;2021-11-29;59;63;1719;219754;216471;39569;79.4;78.2;14.3
61;2021-11-30;125;78;2303;219879;216549;41872;79.4;78.2;15.1
61;2021-12-01;69;94;2359;219948;216643;44231;79.4;78.2;16.0
61;2021-12-02;86;50;2999;220034;216693;47230;79.5;78.3;17.1
61;2021-12-03;95;110;2864;220129;216803;50094;79.5;78.3;18.1
61;2021-12-04;61;64;1390;220190;216867;51484;79.5;78.3;18.6
61;2021-12-05;10;5;359;220200;216872;51843;79.5;78.3;18.7
61;2021-12-06;41;54;2334;220241;216926;54177;79.5;78.3;19.6
61;2021-12-07;76;74;3492;220317;217000;57669;79.6;78.4;20.8
61;2021-12-08;92;97;3192;220409;217097;60861;79.6;78.4;22.0
61;2021-12-09;82;79;3370;220491;217176;64231;79.6;78.4;23.2
61;2021-12-10;65;147;3484;220556;217323;67715;79.7;78.5;24.5
61;2021-12-11;72;70;2135;220628;217393;69850;79.7;78.5;25.2
61;2021-12-12;13;10;428;220641;217403;70278;79.7;78.5;25.4
61;2021-12-13;96;89;3112;220737;217492;73390;79.7;78.5;26.5
61;2021-12-14;88;108;4158;220825;217600;77548;79.7;78.6;28.0
61;2021-12-15;102;126;3513;220927;217726;81061;79.8;78.6;29.3
61;2021-12-16;90;121;4088;221017;217847;85149;79.8;78.7;30.8
61;2021-12-17;117;141;4060;221134;217988;89209;79.9;78.7;32.2
61;2021-12-18;79;67;2122;221213;218055;91331;79.9;78.7;33.0
61;2021-12-19;37;23;570;221250;218078;91901;79.9;78.8;33.2
61;2021-12-20;108;99;3347;221358;218177;95248;79.9;78.8;34.4
61;2021-12-21;114;123;3372;221472;218300;98620;80.0;78.8;35.6
61;2021-12-22;112;110;2460;221584;218410;101080;80.0;78.9;36.5
62;2020-12-27;3;0;0;3;0;0;0.0;0.0;0.0
62;2020-12-28;1;0;0;4;0;0;0.0;0.0;0.0
62;2020-12-29;0;0;0;4;0;0;0.0;0.0;0.0
62;2020-12-30;0;0;0;4;0;0;0.0;0.0;0.0
62;2020-12-31;0;0;0;4;0;0;0.0;0.0;0.0
62;2021-01-01;1;0;0;5;0;0;0.0;0.0;0.0
62;2021-01-02;3;2;0;8;2;0;0.0;0.0;0.0
62;2021-01-03;0;0;0;8;2;0;0.0;0.0;0.0
62;2021-01-04;5;0;0;13;2;0;0.0;0.0;0.0
62;2021-01-05;64;0;0;77;2;0;0.0;0.0;0.0
62;2021-01-06;149;0;0;226;2;0;0.0;0.0;0.0
62;2021-01-07;371;0;0;597;2;0;0.0;0.0;0.0
62;2021-01-08;710;10;0;1307;12;0;0.1;0.0;0.0
62;2021-01-09;199;2;0;1506;14;0;0.1;0.0;0.0
62;2021-01-10;109;0;0;1615;14;0;0.1;0.0;0.0
62;2021-01-11;611;3;0;2226;17;0;0.2;0.0;0.0
62;2021-01-12;1319;5;0;3545;22;0;0.2;0.0;0.0
62;2021-01-13;1146;16;0;4691;38;0;0.3;0.0;0.0
62;2021-01-14;1460;11;0;6151;49;0;0.4;0.0;0.0
62;2021-01-15;1335;14;0;7486;63;0;0.5;0.0;0.0
62;2021-01-16;351;3;0;7837;66;0;0.5;0.0;0.0
62;2021-01-17;143;1;0;7980;67;0;0.5;0.0;0.0
62;2021-01-18;1726;9;0;9706;76;0;0.7;0.0;0.0
62;2021-01-19;2038;5;0;11744;81;0;0.8;0.0;0.0
62;2021-01-20;2002;9;0;13746;90;0;0.9;0.0;0.0
62;2021-01-21;2257;6;0;16003;96;0;1.1;0.0;0.0
62;2021-01-22;1800;8;0;17803;104;0;1.2;0.0;0.0
62;2021-01-23;494;1;0;18297;105;0;1.3;0.0;0.0
62;2021-01-24;9;0;0;18306;105;0;1.3;0.0;0.0
62;2021-01-25;1263;12;0;19569;117;0;1.3;0.0;0.0
62;2021-01-26;1597;32;0;21166;149;0;1.5;0.0;0.0
62;2021-01-27;1346;185;0;22512;334;0;1.5;0.0;0.0
62;2021-01-28;4002;406;0;26514;740;0;1.8;0.1;0.0
62;2021-01-29;1991;347;0;28505;1087;0;2.0;0.1;0.0
62;2021-01-30;166;152;0;28671;1239;0;2.0;0.1;0.0
62;2021-01-31;20;3;0;28691;1242;0;2.0;0.1;0.0
62;2021-02-01;53;367;0;28744;1609;0;2.0;0.1;0.0
62;2021-02-02;74;788;0;28818;2397;0;2.0;0.2;0.0
62;2021-02-03;172;648;0;28990;3045;0;2.0;0.2;0.0
62;2021-02-04;193;823;0;29183;3868;0;2.0;0.3;0.0
62;2021-02-05;105;754;0;29288;4622;0;2.0;0.3;0.0
62;2021-02-06;38;162;0;29326;4784;0;2.0;0.3;0.0
62;2021-02-07;242;33;0;29568;4817;0;2.0;0.3;0.0
62;2021-02-08;166;873;0;29734;5690;0;2.0;0.4;0.0
62;2021-02-09;273;1097;0;30007;6787;0;2.1;0.5;0.0
62;2021-02-10;384;1104;0;30391;7891;0;2.1;0.5;0.0
62;2021-02-11;772;1022;0;31163;8913;0;2.1;0.6;0.0
62;2021-02-12;985;848;0;32148;9761;0;2.2;0.7;0.0
62;2021-02-13;179;302;0;32327;10063;0;2.2;0.7;0.0
62;2021-02-14;3;10;0;32330;10073;0;2.2;0.7;0.0
62;2021-02-15;737;1260;0;33067;11333;0;2.3;0.8;0.0
62;2021-02-16;929;1816;0;33996;13149;0;2.3;0.9;0.0
62;2021-02-17;1092;2073;0;35088;15222;0;2.4;1.0;0.0
62;2021-02-18;2241;3707;0;37329;18929;0;2.6;1.3;0.0
62;2021-02-19;2268;2478;0;39597;21407;0;2.7;1.5;0.0
62;2021-02-20;616;499;0;40213;21906;0;2.8;1.5;0.0
62;2021-02-21;84;63;0;40297;21969;0;2.8;1.5;0.0
62;2021-02-22;855;954;0;41152;22923;0;2.8;1.6;0.0
62;2021-02-23;1431;1218;0;42583;24141;0;2.9;1.7;0.0
62;2021-02-24;1587;762;0;44170;24903;0;3.0;1.7;0.0
62;2021-02-25;3257;557;0;47427;25460;0;3.3;1.8;0.0
62;2021-02-26;2959;453;0;50386;25913;0;3.5;1.8;0.0
62;2021-02-27;1838;118;0;52224;26031;0;3.6;1.8;0.0
62;2021-02-28;59;44;0;52283;26075;0;3.6;1.8;0.0
62;2021-03-01;1389;154;0;53672;26229;0;3.7;1.8;0.0
62;2021-03-02;3121;205;0;56793;26434;0;3.9;1.8;0.0
62;2021-03-03;3304;209;0;60097;26643;0;4.1;1.8;0.0
62;2021-03-04;3877;275;0;63974;26918;0;4.4;1.9;0.0
62;2021-03-05;4703;301;0;68677;27219;0;4.7;1.9;0.0
62;2021-03-06;9723;308;0;78400;27527;0;5.4;1.9;0.0
62;2021-03-07;8117;253;0;86517;27780;0;6.0;1.9;0.0
62;2021-03-08;2318;354;0;88835;28134;0;6.1;1.9;0.0
62;2021-03-09;3934;473;0;92769;28607;0;6.4;2.0;0.0
62;2021-03-10;4349;667;0;97118;29274;0;6.7;2.0;0.0
62;2021-03-11;6177;1533;0;103295;30807;0;7.1;2.1;0.0
62;2021-03-12;6828;1453;0;110123;32260;0;7.6;2.2;0.0
62;2021-03-13;14783;873;0;124906;33133;0;8.6;2.3;0.0
62;2021-03-14;9613;411;0;134519;33544;0;9.3;2.3;0.0
62;2021-03-15;3858;1055;0;138377;34599;0;9.5;2.4;0.0
62;2021-03-16;2811;838;0;141188;35437;0;9.7;2.4;0.0
62;2021-03-17;2850;815;0;144038;36252;0;9.9;2.5;0.0
62;2021-03-18;2800;1058;0;146838;37310;0;10.1;2.6;0.0
62;2021-03-19;4835;935;0;151673;38245;0;10.4;2.6;0.0
62;2021-03-20;11339;637;0;163012;38882;0;11.2;2.7;0.0
62;2021-03-21;9219;388;0;172231;39270;0;11.9;2.7;0.0
62;2021-03-22;3060;1157;0;175291;40427;0;12.1;2.8;0.0
62;2021-03-23;5008;1538;0;180299;41965;0;12.4;2.9;0.0
62;2021-03-24;4656;1420;0;184955;43385;0;12.7;3.0;0.0
62;2021-03-25;6575;1518;0;191530;44903;0;13.2;3.1;0.0
62;2021-03-26;7136;1490;0;198666;46393;0;13.7;3.2;0.0
62;2021-03-27;12463;783;0;211129;47176;0;14.5;3.2;0.0
62;2021-03-28;6812;287;0;217941;47463;0;15.0;3.3;0.0
62;2021-03-29;3489;1303;0;221430;48766;0;15.2;3.4;0.0
62;2021-03-30;4579;2262;0;226009;51028;0;15.6;3.5;0.0
62;2021-03-31;4137;2479;0;230146;53507;0;15.8;3.7;0.0
62;2021-04-01;4945;2795;0;235091;56302;0;16.2;3.9;0.0
62;2021-04-02;5021;3373;0;240112;59675;0;16.5;4.1;0.0
62;2021-04-03;8343;3433;0;248455;63108;0;17.1;4.3;0.0
62;2021-04-04;4494;1939;0;252949;65047;0;17.4;4.5;0.0
62;2021-04-05;1206;514;0;254155;65561;0;17.5;4.5;0.0
62;2021-04-06;4030;3098;0;258185;68659;0;17.8;4.7;0.0
62;2021-04-07;5023;3650;0;263208;72309;0;18.1;5.0;0.0
62;2021-04-08;6518;4009;0;269726;76318;0;18.6;5.3;0.0
62;2021-04-09;7688;3609;0;277414;79927;0;19.1;5.5;0.0
62;2021-04-10;6740;8128;0;284154;88055;0;19.6;6.1;0.0
62;2021-04-11;2796;6846;0;286950;94901;0;19.8;6.5;0.0
62;2021-04-12;3471;2518;0;290421;97419;0;20.0;6.7;0.0
62;2021-04-13;6136;3296;0;296557;100715;0;20.4;6.9;0.0
62;2021-04-14;5396;3128;0;301953;103843;0;20.8;7.1;0.0
62;2021-04-15;5851;3048;0;307804;106891;0;21.2;7.4;0.0
62;2021-04-16;5539;3314;0;313343;110205;0;21.6;7.6;0.0
62;2021-04-17;4418;7632;0;317761;117837;0;21.9;8.1;0.0
62;2021-04-18;1972;6641;0;319733;124478;0;22.0;8.6;0.0
62;2021-04-19;2921;2081;0;322654;126559;0;22.2;8.7;0.0
62;2021-04-20;4109;3857;0;326763;130416;0;22.5;9.0;0.0
62;2021-04-21;3735;3883;0;330498;134299;0;22.7;9.2;0.0
62;2021-04-22;4167;5136;0;334665;139435;0;23.0;9.6;0.0
62;2021-04-23;4167;5273;0;338832;144708;0;23.3;10.0;0.0
62;2021-04-24;4443;6747;0;343275;151455;0;23.6;10.4;0.0
62;2021-04-25;1946;3513;0;345221;154968;0;23.8;10.7;0.0
62;2021-04-26;2441;2555;0;347662;157523;0;23.9;10.8;0.0
62;2021-04-27;4569;3654;0;352231;161177;0;24.2;11.1;0.0
62;2021-04-28;4709;4357;0;356940;165534;0;24.6;11.4;0.0
62;2021-04-29;4979;5760;0;361919;171294;0;24.9;11.8;0.0
62;2021-04-30;5555;5697;0;367474;176991;0;25.3;12.2;0.0
62;2021-05-01;6174;3844;0;373648;180835;0;25.7;12.4;0.0
62;2021-05-02;8051;3320;0;381699;184155;0;26.3;12.7;0.0
62;2021-05-03;5070;2444;0;386769;186599;0;26.6;12.8;0.0
62;2021-05-04;5816;4956;0;392585;191555;0;27.0;13.2;0.0
62;2021-05-05;5195;4763;0;397780;196318;0;27.4;13.5;0.0
62;2021-05-06;5892;4992;0;403672;201310;0;27.8;13.9;0.0
62;2021-05-07;8359;4825;0;412031;206135;0;28.4;14.2;0.0
62;2021-05-08;11290;2513;0;423321;208648;0;29.1;14.4;0.0
62;2021-05-09;9000;1704;0;432321;210352;0;29.8;14.5;0.0
62;2021-05-10;5807;4129;0;438128;214481;0;30.2;14.8;0.0
62;2021-05-11;7107;5032;0;445235;219513;0;30.6;15.1;0.0
62;2021-05-12;9336;4714;0;454571;224227;0;31.3;15.4;0.0
62;2021-05-13;10056;1552;0;464627;225779;0;32.0;15.5;0.0
62;2021-05-14;11602;3494;0;476229;229273;0;32.8;15.8;0.0
62;2021-05-15;19350;3352;0;495579;232625;0;34.1;16.0;0.0
62;2021-05-16;16409;1444;0;511988;234069;0;35.2;16.1;0.0
62;2021-05-17;8428;2760;0;520416;236829;0;35.8;16.3;0.0
62;2021-05-18;9301;3140;0;529717;239969;0;36.5;16.5;0.0
62;2021-05-19;8839;2876;0;538556;242845;0;37.1;16.7;0.0
62;2021-05-20;8592;3914;0;547148;246759;0;37.7;17.0;0.0
62;2021-05-21;9757;4310;0;556905;251069;0;38.3;17.3;0.0
62;2021-05-22;17380;3499;0;574285;254568;0;39.5;17.5;0.0
62;2021-05-23;12432;1142;0;586717;255710;0;40.4;17.6;0.0
62;2021-05-24;5028;731;0;591745;256441;0;40.7;17.7;0.0
62;2021-05-25;7216;4039;0;598961;260480;0;41.2;17.9;0.0
62;2021-05-26;7240;4888;0;606201;265368;0;41.7;18.3;0.0
62;2021-05-27;6521;5724;0;612722;271092;0;42.2;18.7;0.0
62;2021-05-28;6795;6887;0;619517;277979;0;42.6;19.1;0.0
62;2021-05-29;10408;5515;0;629925;283494;0;43.4;19.5;0.0
62;2021-05-30;3937;950;0;633862;284444;0;43.6;19.6;0.0
62;2021-05-31;4916;4152;0;638778;288596;0;44.0;19.9;0.0
62;2021-06-01;6572;6535;0;645350;295131;0;44.4;20.3;0.0
62;2021-06-02;7477;5941;0;652827;301072;0;44.9;20.7;0.0
62;2021-06-03;7851;6102;0;660678;307174;0;45.5;21.1;0.0
62;2021-06-04;7930;6446;0;668608;313620;0;46.0;21.6;0.0
62;2021-06-05;8034;6222;0;676642;319842;0;46.6;22.0;0.0
62;2021-06-06;3113;1360;0;679755;321202;0;46.8;22.1;0.0
62;2021-06-07;4873;4072;0;684628;325274;0;47.1;22.4;0.0
62;2021-06-08;6268;6053;0;690896;331327;0;47.6;22.8;0.0
62;2021-06-09;5525;5058;0;696421;336385;0;47.9;23.2;0.0
62;2021-06-10;5198;6187;0;701619;342572;0;48.3;23.6;0.0
62;2021-06-11;6137;9195;0;707756;351767;0;48.7;24.2;0.0
62;2021-06-12;5843;8889;0;713599;360656;0;49.1;24.8;0.0
62;2021-06-13;3147;3823;0;716746;364479;0;49.3;25.1;0.0
62;2021-06-14;2801;7241;0;719547;371720;0;49.5;25.6;0.0
62;2021-06-15;4716;8779;0;724263;380499;0;49.9;26.2;0.0
62;2021-06-16;5129;7680;0;729392;388179;0;50.2;26.7;0.0
62;2021-06-17;5219;8200;0;734611;396379;0;50.6;27.3;0.0
62;2021-06-18;4849;11213;0;739460;407592;0;50.9;28.1;0.0
62;2021-06-19;5784;13972;0;745244;421564;0;51.3;29.0;0.0
62;2021-06-20;2271;4846;0;747515;426410;0;51.5;29.4;0.0
62;2021-06-21;2976;9581;0;750491;435991;0;51.7;30.0;0.0
62;2021-06-22;3524;10479;0;754015;446470;0;51.9;30.7;0.0
62;2021-06-23;3478;10755;0;757493;457225;0;52.1;31.5;0.0
62;2021-06-24;3436;11996;0;760929;469221;0;52.4;32.3;0.0
62;2021-06-25;3821;15600;0;764750;484821;0;52.6;33.4;0.0
62;2021-06-26;3652;18214;0;768402;503035;0;52.9;34.6;0.0
62;2021-06-27;1367;10155;0;769769;513190;0;53.0;35.3;0.0
62;2021-06-28;2051;9470;0;771820;522660;0;53.1;36.0;0.0
62;2021-06-29;3068;11513;0;774888;534173;0;53.3;36.8;0.0
62;2021-06-30;4074;11059;0;778962;545232;0;53.6;37.5;0.0
62;2021-07-01;4463;10609;0;783425;555841;0;53.9;38.3;0.0
62;2021-07-02;4154;12306;0;787579;568147;0;54.2;39.1;0.0
62;2021-07-03;2965;17979;0;790544;586126;0;54.4;40.3;0.0
62;2021-07-04;1581;9653;0;792125;595779;0;54.5;41.0;0.0
62;2021-07-05;2608;7613;0;794733;603392;0;54.7;41.5;0.0
62;2021-07-06;3862;10120;0;798595;613512;0;55.0;42.2;0.0
62;2021-07-07;4020;8921;0;802615;622433;0;55.2;42.8;0.0
62;2021-07-08;5163;8987;0;807778;631420;0;55.6;43.5;0.0
62;2021-07-09;4552;11082;0;812330;642502;0;55.9;44.2;0.0
62;2021-07-10;5118;11859;0;817448;654361;0;56.3;45.0;0.0
62;2021-07-11;1514;2472;0;818962;656833;0;56.4;45.2;0.0
62;2021-07-12;2503;7598;0;821465;664431;0;56.5;45.7;0.0
62;2021-07-13;5343;12020;0;826808;676451;0;56.9;46.6;0.0
62;2021-07-14;3741;3246;0;830549;679697;0;57.2;46.8;0.0
62;2021-07-15;7653;11511;0;838202;691208;0;57.7;47.6;0.0
62;2021-07-16;7925;11086;0;846127;702294;0;58.2;48.3;0.0
62;2021-07-17;9508;10458;0;855635;712752;0;58.9;49.1;0.0
62;2021-07-18;3182;3778;0;858817;716530;0;59.1;49.3;0.0
62;2021-07-19;6190;7398;0;865007;723928;0;59.5;49.8;0.0
62;2021-07-20;8180;10697;0;873187;734625;0;60.1;50.6;0.0
62;2021-07-21;9728;9452;0;882915;744077;0;60.8;51.2;0.0
62;2021-07-22;9918;8884;0;892833;752961;0;61.5;51.8;0.0
62;2021-07-23;10655;8493;0;903488;761454;0;62.2;52.4;0.0
62;2021-07-24;9924;10239;0;913412;771693;0;62.9;53.1;0.0
62;2021-07-25;5921;2055;0;919333;773748;0;63.3;53.3;0.0
62;2021-07-26;6690;5852;0;926023;779600;0;63.7;53.7;0.0
62;2021-07-27;9974;8102;0;935997;787702;0;64.4;54.2;0.0
62;2021-07-28;10549;7470;0;946546;795172;0;65.2;54.7;0.0
62;2021-07-29;11868;7545;0;958414;802717;0;66.0;55.3;0.0
62;2021-07-30;9266;6511;0;967680;809228;0;66.6;55.7;0.0
62;2021-07-31;6966;4307;0;974646;813535;0;67.1;56.0;0.0
62;2021-08-01;2782;1286;0;977428;814821;0;67.3;56.1;0.0
62;2021-08-02;6919;5054;0;984347;819875;0;67.8;56.4;0.0
62;2021-08-03;8488;7565;0;992835;827440;0;68.3;57.0;0.0
62;2021-08-04;9387;5538;0;1002222;832978;0;69.0;57.3;0.0
62;2021-08-05;8193;5781;0;1010415;838759;0;69.6;57.7;0.0
62;2021-08-06;7403;6044;0;1017818;844803;0;70.1;58.2;0.0
62;2021-08-07;5808;5493;0;1023626;850296;0;70.5;58.5;0.0
62;2021-08-08;2041;1502;0;1025667;851798;0;70.6;58.6;0.0
62;2021-08-09;5320;5391;0;1030987;857189;0;71.0;59.0;0.0
62;2021-08-10;6178;7345;0;1037165;864534;0;71.4;59.5;0.0
62;2021-08-11;5432;7399;0;1042597;871933;0;71.8;60.0;0.0
62;2021-08-12;5800;7143;0;1048397;879076;0;72.2;60.5;0.0
62;2021-08-13;4575;6264;0;1052972;885340;0;72.5;60.9;0.0
62;2021-08-14;3955;7085;0;1056927;892425;0;72.8;61.4;0.0
62;2021-08-15;1210;1357;0;1058137;893782;0;72.8;61.5;0.0
62;2021-08-16;3272;6244;0;1061409;900026;0;73.1;62.0;0.0
62;2021-08-17;4013;7210;0;1065422;907236;0;73.3;62.4;0.0
62;2021-08-18;4374;7235;0;1069796;914471;0;73.6;62.9;0.0
62;2021-08-19;4267;8465;0;1074063;922936;0;73.9;63.5;0.0
62;2021-08-20;3369;8637;0;1077432;931573;0;74.2;64.1;0.0
62;2021-08-21;2460;9716;0;1079892;941289;0;74.3;64.8;0.0
62;2021-08-22;483;3009;0;1080375;944298;0;74.4;65.0;0.0
62;2021-08-23;2727;8039;0;1083102;952337;0;74.6;65.6;0.0
62;2021-08-24;3689;10131;0;1086791;962468;0;74.8;66.3;0.0
62;2021-08-25;3470;9072;0;1090261;971540;0;75.0;66.9;0.0
62;2021-08-26;3081;9403;0;1093342;980943;0;75.3;67.5;0.0
62;2021-08-27;2595;8942;0;1095937;989885;0;75.4;68.1;0.0
62;2021-08-28;2097;8126;0;1098034;998011;0;75.6;68.7;0.0
62;2021-08-29;906;2415;0;1098940;1000426;0;75.6;68.9;0.0
62;2021-08-30;2051;7414;102;1100991;1007840;102;75.8;69.4;0.0
62;2021-08-31;2181;7806;196;1103172;1015646;298;75.9;69.9;0.0
62;2021-09-01;1868;5871;400;1105040;1021517;698;76.1;70.3;0.0
62;2021-09-02;1796;6203;449;1106836;1027720;1147;76.2;70.7;0.1
62;2021-09-03;2092;6935;613;1108928;1034655;1760;76.3;71.2;0.1
62;2021-09-04;2126;6517;405;1111054;1041172;2165;76.5;71.7;0.1
62;2021-09-05;321;1236;67;1111375;1042408;2232;76.5;71.8;0.2
62;2021-09-06;1079;3417;534;1112454;1045825;2766;76.6;72.0;0.2
62;2021-09-07;1210;3812;565;1113664;1049637;3331;76.7;72.3;0.2
62;2021-09-08;1311;4070;443;1114975;1053707;3774;76.7;72.5;0.3
62;2021-09-09;1269;4225;483;1116244;1057932;4257;76.8;72.8;0.3
62;2021-09-10;1620;4452;636;1117864;1062384;4893;76.9;73.1;0.3
62;2021-09-11;1276;3989;364;1119140;1066373;5257;77.0;73.4;0.4
62;2021-09-12;219;564;50;1119359;1066937;5307;77.0;73.4;0.4
62;2021-09-13;831;2292;607;1120190;1069229;5914;77.1;73.6;0.4
62;2021-09-14;1333;3322;1092;1121523;1072551;7006;77.2;73.8;0.5
62;2021-09-15;1349;4095;846;1122872;1076646;7852;77.3;74.1;0.5
62;2021-09-16;1362;2855;1034;1124234;1079501;8886;77.4;74.3;0.6
62;2021-09-17;1370;2485;1050;1125604;1081986;9936;77.5;74.5;0.7
62;2021-09-18;1067;2944;518;1126671;1084930;10454;77.6;74.7;0.7
62;2021-09-19;137;475;52;1126808;1085405;10506;77.6;74.7;0.7
62;2021-09-20;610;1536;855;1127418;1086941;11361;77.6;74.8;0.8
62;2021-09-21;904;2406;915;1128322;1089347;12276;77.7;75.0;0.8
62;2021-09-22;785;2607;896;1129107;1091954;13172;77.7;75.2;0.9
62;2021-09-23;712;1771;1486;1129819;1093725;14658;77.8;75.3;1.0
62;2021-09-24;772;1998;935;1130591;1095723;15593;77.8;75.4;1.1
62;2021-09-25;696;2676;655;1131287;1098399;16248;77.9;75.6;1.1
62;2021-09-26;85;329;58;1131372;1098728;16306;77.9;75.6;1.1
62;2021-09-27;353;1133;635;1131725;1099861;16941;77.9;75.7;1.2
62;2021-09-28;582;1676;985;1132307;1101537;17926;77.9;75.8;1.2
62;2021-09-29;723;1875;991;1133030;1103412;18917;78.0;76.0;1.3
62;2021-09-30;432;994;832;1133462;1104406;19749;78.0;76.0;1.4
62;2021-10-01;786;1688;1055;1134248;1106094;20804;78.1;76.1;1.4
62;2021-10-02;732;1558;817;1134980;1107652;21621;78.1;76.2;1.5
62;2021-10-03;94;251;76;1135074;1107903;21697;78.1;76.3;1.5
62;2021-10-04;449;821;1123;1135523;1108724;22820;78.2;76.3;1.6
62;2021-10-05;651;1443;1716;1136174;1110167;24536;78.2;76.4;1.7
62;2021-10-06;608;1260;1198;1136782;1111427;25734;78.2;76.5;1.8
62;2021-10-07;507;1185;1383;1137289;1112612;27117;78.3;76.6;1.9
62;2021-10-08;760;1573;1721;1138049;1114185;28838;78.3;76.7;2.0
62;2021-10-09;644;1375;1515;1138693;1115560;30353;78.4;76.8;2.1
62;2021-10-10;76;203;193;1138769;1115763;30546;78.4;76.8;2.1
62;2021-10-11;376;709;1273;1139145;1116472;31819;78.4;76.9;2.2
62;2021-10-12;500;1302;2454;1139645;1117774;34273;78.4;76.9;2.4
62;2021-10-13;576;930;1666;1140221;1118704;35939;78.5;77.0;2.5
62;2021-10-14;409;737;1397;1140630;1119441;37336;78.5;77.1;2.6
62;2021-10-15;684;1129;2310;1141314;1120570;39646;78.6;77.1;2.7
62;2021-10-16;537;790;1694;1141851;1121360;41340;78.6;77.2;2.8
62;2021-10-17;57;80;165;1141908;1121440;41505;78.6;77.2;2.9
62;2021-10-18;386;542;1818;1142294;1121982;43323;78.6;77.2;3.0
62;2021-10-19;546;841;2940;1142840;1122823;46263;78.7;77.3;3.2
62;2021-10-20;495;724;2189;1143335;1123547;48452;78.7;77.3;3.3
62;2021-10-21;419;544;2216;1143754;1124091;50668;78.7;77.4;3.5
62;2021-10-22;611;980;2816;1144365;1125071;53484;78.8;77.4;3.7
62;2021-10-23;509;754;2280;1144874;1125825;55764;78.8;77.5;3.8
62;2021-10-24;25;53;152;1144899;1125878;55916;78.8;77.5;3.8
62;2021-10-25;430;484;2147;1145329;1126362;58063;78.8;77.5;4.0
62;2021-10-26;472;663;3070;1145801;1127025;61133;78.9;77.6;4.2
62;2021-10-27;407;597;2290;1146208;1127622;63423;78.9;77.6;4.4
62;2021-10-28;407;470;2243;1146615;1128092;65666;78.9;77.7;4.5
62;2021-10-29;505;742;3039;1147120;1128834;68705;79.0;77.7;4.7
62;2021-10-30;368;648;2568;1147488;1129482;71273;79.0;77.7;4.9
62;2021-10-31;25;33;134;1147513;1129515;71407;79.0;77.7;4.9
62;2021-11-01;33;27;78;1147546;1129542;71485;79.0;77.8;4.9
62;2021-11-02;489;703;3333;1148035;1130245;74818;79.0;77.8;5.1
62;2021-11-03;442;638;2769;1148477;1130883;77587;79.1;77.8;5.3
62;2021-11-04;398;423;2461;1148875;1131306;80048;79.1;77.9;5.5
62;2021-11-05;472;634;3313;1149347;1131940;83361;79.1;77.9;5.7
62;2021-11-06;481;643;3113;1149828;1132583;86474;79.1;78.0;6.0
62;2021-11-07;104;116;468;1149932;1132699;86942;79.2;78.0;6.0
62;2021-11-08;301;422;2722;1150233;1133121;89664;79.2;78.0;6.2
62;2021-11-09;445;551;4678;1150678;1133672;94342;79.2;78.0;6.5
62;2021-11-10;539;727;4294;1151217;1134399;98636;79.2;78.1;6.8
62;2021-11-11;16;27;133;1151233;1134426;98769;79.2;78.1;6.8
62;2021-11-12;532;752;4667;1151765;1135178;103436;79.3;78.1;7.1
62;2021-11-13;390;551;2782;1152155;1135729;106218;79.3;78.2;7.3
62;2021-11-14;35;48;249;1152190;1135777;106467;79.3;78.2;7.3
62;2021-11-15;367;407;3616;1152557;1136184;110083;79.3;78.2;7.6
62;2021-11-16;342;430;4353;1152899;1136614;114436;79.4;78.2;7.9
62;2021-11-17;552;573;4666;1153451;1137187;119102;79.4;78.3;8.2
62;2021-11-18;433;605;5026;1153884;1137792;124128;79.4;78.3;8.5
62;2021-11-19;698;678;5867;1154582;1138470;129995;79.5;78.4;8.9
62;2021-11-20;516;569;3819;1155098;1139039;133814;79.5;78.4;9.2
62;2021-11-21;25;68;425;1155123;1139107;134239;79.5;78.4;9.2
62;2021-11-22;420;258;3755;1155543;1139365;137994;79.5;78.4;9.5
62;2021-11-23;432;389;5010;1155975;1139754;143004;79.6;78.5;9.8
62;2021-11-24;478;458;4039;1156453;1140212;147043;79.6;78.5;10.1
62;2021-11-25;509;431;6412;1156962;1140643;153455;79.6;78.5;10.6
62;2021-11-26;634;605;9789;1157596;1141248;163244;79.7;78.6;11.2
62;2021-11-27;404;506;7099;1158000;1141754;170343;79.7;78.6;11.7
62;2021-11-28;44;64;1428;1158044;1141818;171771;79.7;78.6;11.8
62;2021-11-29;287;332;7993;1158331;1142150;179764;79.7;78.6;12.4
62;2021-11-30;421;460;11787;1158752;1142610;191551;79.8;78.7;13.2
62;2021-12-01;346;483;11952;1159098;1143093;203503;79.8;78.7;14.0
62;2021-12-02;341;270;12892;1159439;1143363;216395;79.8;78.7;14.9
62;2021-12-03;429;655;15713;1159868;1144018;232108;79.8;78.7;16.0
62;2021-12-04;371;514;13188;1160239;1144532;245296;79.9;78.8;16.9
62;2021-12-05;66;61;4862;1160305;1144593;250158;79.9;78.8;17.2
62;2021-12-06;294;382;13450;1160599;1144975;263608;79.9;78.8;18.1
62;2021-12-07;316;406;16534;1160915;1145381;280142;79.9;78.8;19.3
62;2021-12-08;380;583;14380;1161295;1145964;294522;79.9;78.9;20.3
62;2021-12-09;417;464;17482;1161712;1146428;312004;80.0;78.9;21.5
62;2021-12-10;457;653;19538;1162169;1147081;331542;80.0;79.0;22.8
62;2021-12-11;387;563;17459;1162556;1147644;349001;80.0;79.0;24.0
62;2021-12-12;119;100;6379;1162675;1147744;355380;80.0;79.0;24.5
62;2021-12-13;351;435;16026;1163026;1148179;371406;80.1;79.0;25.6
62;2021-12-14;411;463;18848;1163437;1148642;390254;80.1;79.1;26.9
62;2021-12-15;352;543;16871;1163789;1149185;407125;80.1;79.1;28.0
62;2021-12-16;475;521;19460;1164264;1149706;426585;80.1;79.1;29.4
62;2021-12-17;427;664;20032;1164691;1150370;446617;80.2;79.2;30.7
62;2021-12-18;502;491;18395;1165193;1150861;465012;80.2;79.2;32.0
62;2021-12-19;193;142;6645;1165386;1151003;471657;80.2;79.2;32.5
62;2021-12-20;497;414;15267;1165883;1151417;486924;80.3;79.3;33.5
62;2021-12-21;527;515;16731;1166410;1151932;503655;80.3;79.3;34.7
62;2021-12-22;519;453;13413;1166929;1152385;517068;80.3;79.3;35.6
63;2020-12-27;0;0;0;0;0;0;0.0;0.0;0.0
63;2020-12-28;0;0;0;0;0;0;0.0;0.0;0.0
63;2020-12-29;0;0;0;0;0;0;0.0;0.0;0.0
63;2020-12-30;0;0;0;0;0;0;0.0;0.0;0.0
63;2020-12-31;1;1;0;1;1;0;0.0;0.0;0.0
63;2021-01-01;1;0;0;2;1;0;0.0;0.0;0.0
63;2021-01-02;0;0;0;2;1;0;0.0;0.0;0.0
63;2021-01-03;0;0;0;2;1;0;0.0;0.0;0.0
63;2021-01-04;0;0;0;2;1;0;0.0;0.0;0.0
63;2021-01-05;1;0;0;3;1;0;0.0;0.0;0.0
63;2021-01-06;5;1;0;8;2;0;0.0;0.0;0.0
63;2021-01-07;303;1;0;311;3;0;0.0;0.0;0.0
63;2021-01-08;216;5;0;527;8;0;0.1;0.0;0.0
63;2021-01-09;101;0;0;628;8;0;0.1;0.0;0.0
63;2021-01-10;82;0;0;710;8;0;0.1;0.0;0.0
63;2021-01-11;435;4;0;1145;12;0;0.2;0.0;0.0
63;2021-01-12;663;1;0;1808;13;0;0.3;0.0;0.0
63;2021-01-13;785;8;0;2593;21;0;0.4;0.0;0.0
63;2021-01-14;548;8;0;3141;29;0;0.5;0.0;0.0
63;2021-01-15;428;6;0;3569;35;0;0.5;0.0;0.0
63;2021-01-16;168;0;0;3737;35;0;0.6;0.0;0.0
63;2021-01-17;140;0;0;3877;35;0;0.6;0.0;0.0
63;2021-01-18;655;3;0;4532;38;0;0.7;0.0;0.0
63;2021-01-19;873;2;0;5405;40;0;0.8;0.0;0.0
63;2021-01-20;1127;11;0;6532;51;0;1.0;0.0;0.0
63;2021-01-21;1088;5;0;7620;56;0;1.2;0.0;0.0
63;2021-01-22;1040;5;0;8660;61;0;1.3;0.0;0.0
63;2021-01-23;200;0;0;8860;61;0;1.3;0.0;0.0
63;2021-01-24;165;2;0;9025;63;0;1.4;0.0;0.0
63;2021-01-25;893;4;0;9918;67;0;1.5;0.0;0.0
63;2021-01-26;971;3;0;10889;70;0;1.6;0.0;0.0
63;2021-01-27;1058;6;0;11947;76;0;1.8;0.0;0.0
63;2021-01-28;1370;70;0;13317;146;0;2.0;0.0;0.0
63;2021-01-29;1200;73;0;14517;219;0;2.2;0.0;0.0
63;2021-01-30;98;2;0;14615;221;0;2.2;0.0;0.0
63;2021-01-31;9;0;0;14624;221;0;2.2;0.0;0.0
63;2021-02-01;656;188;0;15280;409;0;2.3;0.1;0.0
63;2021-02-02;919;256;0;16199;665;0;2.5;0.1;0.0
63;2021-02-03;1598;317;0;17797;982;0;2.7;0.1;0.0
63;2021-02-04;2111;508;0;19908;1490;0;3.0;0.2;0.0
63;2021-02-05;1240;287;0;21148;1777;0;3.2;0.3;0.0
63;2021-02-06;121;5;0;21269;1782;0;3.2;0.3;0.0
63;2021-02-07;11;3;0;21280;1785;0;3.2;0.3;0.0
63;2021-02-08;549;405;0;21829;2190;0;3.3;0.3;0.0
63;2021-02-09;712;436;0;22541;2626;0;3.4;0.4;0.0
63;2021-02-10;642;587;0;23183;3213;0;3.5;0.5;0.0
63;2021-02-11;843;504;0;24026;3717;0;3.6;0.6;0.0
63;2021-02-12;846;820;0;24872;4537;0;3.8;0.7;0.0
63;2021-02-13;115;2;0;24987;4539;0;3.8;0.7;0.0
63;2021-02-14;2;61;0;24989;4600;0;3.8;0.7;0.0
63;2021-02-15;222;852;0;25211;5452;0;3.8;0.8;0.0
63;2021-02-16;426;1168;0;25637;6620;0;3.9;1.0;0.0
63;2021-02-17;405;921;0;26042;7541;0;3.9;1.1;0.0
63;2021-02-18;641;902;0;26683;8443;0;4.0;1.3;0.0
63;2021-02-19;480;1024;0;27163;9467;0;4.1;1.4;0.0
63;2021-02-20;47;40;0;27210;9507;0;4.1;1.4;0.0
63;2021-02-21;3;19;0;27213;9526;0;4.1;1.4;0.0
63;2021-02-22;276;943;0;27489;10469;0;4.2;1.6;0.0
63;2021-02-23;587;1150;0;28076;11619;0;4.3;1.8;0.0
63;2021-02-24;708;1414;0;28784;13033;0;4.4;2.0;0.0
63;2021-02-25;1598;1696;0;30382;14729;0;4.6;2.2;0.0
63;2021-02-26;1640;1417;0;32022;16146;0;4.9;2.4;0.0
63;2021-02-27;633;82;0;32655;16228;0;4.9;2.5;0.0
63;2021-02-28;6;170;0;32661;16398;0;4.9;2.5;0.0
63;2021-03-01;593;546;0;33254;16944;0;5.0;2.6;0.0
63;2021-03-02;965;825;0;34219;17769;0;5.2;2.7;0.0
63;2021-03-03;1077;742;0;35296;18511;0;5.3;2.8;0.0
63;2021-03-04;1794;531;0;37090;19042;0;5.6;2.9;0.0
63;2021-03-05;2653;728;0;39743;19770;0;6.0;3.0;0.0
63;2021-03-06;1576;56;0;41319;19826;0;6.3;3.0;0.0
63;2021-03-07;506;21;0;41825;19847;0;6.3;3.0;0.0
63;2021-03-08;1004;684;0;42829;20531;0;6.5;3.1;0.0
63;2021-03-09;1607;1061;0;44436;21592;0;6.7;3.3;0.0
63;2021-03-10;1683;665;0;46119;22257;0;7.0;3.4;0.0
63;2021-03-11;3135;942;0;49254;23199;0;7.5;3.5;0.0
63;2021-03-12;3580;431;0;52834;23630;0;8.0;3.6;0.0
63;2021-03-13;2101;92;0;54935;23722;0;8.3;3.6;0.0
63;2021-03-14;73;25;0;55008;23747;0;8.3;3.6;0.0
63;2021-03-15;1735;364;0;56743;24111;0;8.6;3.7;0.0
63;2021-03-16;1747;424;0;58490;24535;0;8.9;3.7;0.0
63;2021-03-17;1685;730;0;60175;25265;0;9.1;3.8;0.0
63;2021-03-18;1978;751;0;62153;26016;0;9.4;3.9;0.0
63;2021-03-19;2820;547;0;64973;26563;0;9.8;4.0;0.0
63;2021-03-20;1131;76;0;66104;26639;0;10.0;4.0;0.0
63;2021-03-21;57;42;0;66161;26681;0;10.0;4.0;0.0
63;2021-03-22;2025;261;0;68186;26942;0;10.3;4.1;0.0
63;2021-03-23;3004;369;0;71190;27311;0;10.8;4.1;0.0
63;2021-03-24;3245;364;0;74435;27675;0;11.3;4.2;0.0
63;2021-03-25;4664;439;0;79099;28114;0;12.0;4.3;0.0
63;2021-03-26;4603;590;0;83702;28704;0;12.7;4.3;0.0
63;2021-03-27;2440;232;0;86142;28936;0;13.0;4.4;0.0
63;2021-03-28;1021;75;0;87163;29011;0;13.2;4.4;0.0
63;2021-03-29;2519;523;0;89682;29534;0;13.6;4.5;0.0
63;2021-03-30;3334;663;0;93016;30197;0;14.1;4.6;0.0
63;2021-03-31;3023;809;0;96039;31006;0;14.5;4.7;0.0
63;2021-04-01;3877;595;0;99916;31601;0;15.1;4.8;0.0
63;2021-04-02;3460;722;0;103376;32323;0;15.7;4.9;0.0
63;2021-04-03;1163;188;0;104539;32511;0;15.8;4.9;0.0
63;2021-04-04;835;31;0;105374;32542;0;16.0;4.9;0.0
63;2021-04-05;773;82;0;106147;32624;0;16.1;4.9;0.0
63;2021-04-06;2472;1006;0;108619;33630;0;16.5;5.1;0.0
63;2021-04-07;3252;899;0;111871;34529;0;16.9;5.2;0.0
63;2021-04-08;4733;1248;0;116604;35777;0;17.7;5.4;0.0
63;2021-04-09;5403;1095;0;122007;36872;0;18.5;5.6;0.0
63;2021-04-10;2307;503;0;124314;37375;0;18.8;5.7;0.0
63;2021-04-11;938;50;0;125252;37425;0;19.0;5.7;0.0
63;2021-04-12;1634;1329;0;126886;38754;0;19.2;5.9;0.0
63;2021-04-13;2052;1996;0;128938;40750;0;19.5;6.2;0.0
63;2021-04-14;2764;1503;0;131702;42253;0;19.9;6.4;0.0
63;2021-04-15;3859;1613;0;135561;43866;0;20.5;6.6;0.0
63;2021-04-16;2979;2161;0;138540;46027;0;21.0;7.0;0.0
63;2021-04-17;1288;698;0;139828;46725;0;21.2;7.1;0.0
63;2021-04-18;772;69;0;140600;46794;0;21.3;7.1;0.0
63;2021-04-19;1728;2109;0;142328;48903;0;21.6;7.4;0.0
63;2021-04-20;1804;2345;0;144132;51248;0;21.8;7.8;0.0
63;2021-04-21;1558;2454;0;145690;53702;0;22.1;8.1;0.0
63;2021-04-22;2044;2362;0;147734;56064;0;22.4;8.5;0.0
63;2021-04-23;2093;3080;0;149827;59144;0;22.7;9.0;0.0
63;2021-04-24;1202;1178;0;151029;60322;0;22.9;9.1;0.0
63;2021-04-25;534;409;0;151563;60731;0;23.0;9.2;0.0
63;2021-04-26;1528;2258;0;153091;62989;0;23.2;9.5;0.0
63;2021-04-27;2406;2610;0;155497;65599;0;23.6;9.9;0.0
63;2021-04-28;2427;3156;0;157924;68755;0;23.9;10.4;0.0
63;2021-04-29;3011;2946;0;160935;71701;0;24.4;10.9;0.0
63;2021-04-30;3062;2781;0;163997;74482;0;24.8;11.3;0.0
63;2021-05-01;1190;1008;0;165187;75490;0;25.0;11.4;0.0
63;2021-05-02;869;626;0;166056;76116;0;25.2;11.5;0.0
63;2021-05-03;2788;2271;0;168844;78387;0;25.6;11.9;0.0
63;2021-05-04;3043;2722;0;171887;81109;0;26.0;12.3;0.0
63;2021-05-05;3050;3142;0;174937;84251;0;26.5;12.8;0.0
63;2021-05-06;3846;3152;0;178783;87403;0;27.1;13.2;0.0
63;2021-05-07;4291;3659;0;183074;91062;0;27.7;13.8;0.0
63;2021-05-08;2153;721;0;185227;91783;0;28.1;13.9;0.0
63;2021-05-09;1780;765;0;187007;92548;0;28.3;14.0;0.0
63;2021-05-10;4341;2791;0;191348;95339;0;29.0;14.4;0.0
63;2021-05-11;5575;2821;0;196923;98160;0;29.8;14.9;0.0
63;2021-05-12;5397;2958;0;202320;101118;0;30.6;15.3;0.0
63;2021-05-13;4443;720;0;206763;101838;0;31.3;15.4;0.0
63;2021-05-14;4959;1620;0;211722;103458;0;32.1;15.7;0.0
63;2021-05-15;3739;1014;0;215461;104472;0;32.6;15.8;0.0
63;2021-05-16;3413;442;0;218874;104914;0;33.2;15.9;0.0
63;2021-05-17;3967;2007;0;222841;106921;0;33.8;16.2;0.0
63;2021-05-18;5229;1685;0;228070;108606;0;34.5;16.4;0.0
63;2021-05-19;5396;1692;0;233466;110298;0;35.4;16.7;0.0
63;2021-05-20;6839;2177;0;240305;112475;0;36.4;17.0;0.0
63;2021-05-21;6438;2318;0;246743;114793;0;37.4;17.4;0.0
63;2021-05-22;3437;848;0;250180;115641;0;37.9;17.5;0.0
63;2021-05-23;2320;233;0;252500;115874;0;38.2;17.6;0.0
63;2021-05-24;2887;603;0;255387;116477;0;38.7;17.6;0.0
63;2021-05-25;4319;2635;0;259706;119112;0;39.3;18.0;0.0
63;2021-05-26;5477;2425;0;265183;121537;0;40.2;18.4;0.0
63;2021-05-27;6466;2793;0;271649;124330;0;41.1;18.8;0.0
63;2021-05-28;5721;3897;0;277370;128227;0;42.0;19.4;0.0
63;2021-05-29;3366;1521;0;280736;129748;0;42.5;19.7;0.0
63;2021-05-30;1498;215;0;282234;129963;0;42.7;19.7;0.0
63;2021-05-31;4008;2312;0;286242;132275;0;43.4;20.0;0.0
63;2021-06-01;3903;3055;0;290145;135330;0;43.9;20.5;0.0
63;2021-06-02;3964;2557;0;294109;137887;0;44.5;20.9;0.0
63;2021-06-03;4904;3311;0;299013;141198;0;45.3;21.4;0.0
63;2021-06-04;5088;3687;0;304101;144885;0;46.1;21.9;0.0
63;2021-06-05;2784;1727;0;306885;146612;0;46.5;22.2;0.0
63;2021-06-06;1241;688;0;308126;147300;0;46.7;22.3;0.0
63;2021-06-07;3180;2601;0;311306;149901;0;47.2;22.7;0.0
63;2021-06-08;2974;2808;0;314280;152709;0;47.6;23.1;0.0
63;2021-06-09;3146;2358;0;317426;155067;0;48.1;23.5;0.0
63;2021-06-10;3289;2800;0;320715;157867;0;48.6;23.9;0.0
63;2021-06-11;3114;4227;0;323829;162094;0;49.0;24.6;0.0
63;2021-06-12;1691;1970;0;325520;164064;0;49.3;24.8;0.0
63;2021-06-13;466;1080;0;325986;165144;0;49.4;25.0;0.0
63;2021-06-14;1818;3547;0;327804;168691;0;49.6;25.5;0.0
63;2021-06-15;2338;3679;0;330142;172370;0;50.0;26.1;0.0
63;2021-06-16;2602;3421;0;332744;175791;0;50.4;26.6;0.0
63;2021-06-17;2480;4484;0;335224;180275;0;50.8;27.3;0.0
63;2021-06-18;2567;5990;0;337791;186265;0;51.2;28.2;0.0
63;2021-06-19;1680;3022;0;339471;189287;0;51.4;28.7;0.0
63;2021-06-20;648;2358;0;340119;191645;0;51.5;29.0;0.0
63;2021-06-21;1285;5540;0;341404;197185;0;51.7;29.9;0.0
63;2021-06-22;1356;5798;0;342760;202983;0;51.9;30.7;0.0
63;2021-06-23;1578;5014;0;344338;207997;0;52.2;31.5;0.0
63;2021-06-24;2008;5514;0;346346;213511;0;52.5;32.3;0.0
63;2021-06-25;1791;6164;0;348137;219675;0;52.7;33.3;0.0
63;2021-06-26;1077;3401;0;349214;223076;0;52.9;33.8;0.0
63;2021-06-27;686;3363;0;349900;226439;0;53.0;34.3;0.0
63;2021-06-28;1163;5645;0;351063;232084;0;53.2;35.2;0.0
63;2021-06-29;1282;5331;0;352345;237415;0;53.4;36.0;0.0
63;2021-06-30;1667;5532;0;354012;242947;0;53.6;36.8;0.0
63;2021-07-01;1970;7980;0;355982;250927;0;53.9;38.0;0.0
63;2021-07-02;2181;6699;0;358163;257626;0;54.2;39.0;0.0
63;2021-07-03;962;3009;0;359125;260635;0;54.4;39.5;0.0
63;2021-07-04;1013;1874;0;360138;262509;0;54.5;39.8;0.0
63;2021-07-05;1560;6339;0;361698;268848;0;54.8;40.7;0.0
63;2021-07-06;1644;4974;0;363342;273822;0;55.0;41.5;0.0
63;2021-07-07;1953;4318;0;365295;278140;0;55.3;42.1;0.0
63;2021-07-08;2243;4757;0;367538;282897;0;55.7;42.8;0.0
63;2021-07-09;1995;5949;0;369533;288846;0;56.0;43.7;0.0
63;2021-07-10;1542;3615;0;371075;292461;0;56.2;44.3;0.0
63;2021-07-11;864;1488;0;371939;293949;0;56.3;44.5;0.0
63;2021-07-12;1597;8294;0;373536;302243;0;56.6;45.8;0.0
63;2021-07-13;3609;6208;0;377145;308451;0;57.1;46.7;0.0
63;2021-07-14;3383;1730;0;380528;310181;0;57.6;47.0;0.0
63;2021-07-15;4313;5145;0;384841;315326;0;58.3;47.8;0.0
63;2021-07-16;4638;5794;0;389479;321120;0;59.0;48.6;0.0
63;2021-07-17;2885;2569;0;392364;323689;0;59.4;49.0;0.0
63;2021-07-18;2632;1090;0;394996;324779;0;59.8;49.2;0.0
63;2021-07-19;3909;4787;0;398905;329566;0;60.4;49.9;0.0
63;2021-07-20;4642;5426;0;403547;334992;0;61.1;50.7;0.0
63;2021-07-21;4661;4069;0;408208;339061;0;61.8;51.4;0.0
63;2021-07-22;5289;4408;0;413497;343469;0;62.6;52.0;0.0
63;2021-07-23;5060;4598;0;418557;348067;0;63.4;52.7;0.0
63;2021-07-24;3394;2010;0;421951;350077;0;63.9;53.0;0.0
63;2021-07-25;2692;1308;0;424643;351385;0;64.3;53.2;0.0
63;2021-07-26;3838;3243;0;428481;354628;0;64.9;53.7;0.0
63;2021-07-27;3897;3214;0;432378;357842;0;65.5;54.2;0.0
63;2021-07-28;3784;2739;0;436162;360581;0;66.1;54.6;0.0
63;2021-07-29;4372;3199;0;440534;363780;0;66.7;55.1;0.0
63;2021-07-30;3823;3602;0;444357;367382;0;67.3;55.6;0.0
63;2021-07-31;2162;1832;0;446519;369214;0;67.6;55.9;0.0
63;2021-08-01;1060;793;0;447579;370007;0;67.8;56.0;0.0
63;2021-08-02;2265;2964;0;449844;372971;0;68.1;56.5;0.0
63;2021-08-03;2758;3334;0;452602;376305;0;68.6;57.0;0.0
63;2021-08-04;2831;3180;1;455433;379485;1;69.0;57.5;0.0
63;2021-08-05;2401;3501;0;457834;382986;1;69.3;58.0;0.0
63;2021-08-06;2315;4022;0;460149;387008;1;69.7;58.6;0.0
63;2021-08-07;1272;2723;0;461421;389731;1;69.9;59.0;0.0
63;2021-08-08;335;1170;0;461756;390901;1;69.9;59.2;0.0
63;2021-08-09;1775;4094;0;463531;394995;1;70.2;59.8;0.0
63;2021-08-10;2219;4007;0;465750;399002;1;70.5;60.4;0.0
63;2021-08-11;2046;3651;0;467796;402653;1;70.9;61.0;0.0
63;2021-08-12;1801;4607;0;469597;407260;1;71.1;61.7;0.0
63;2021-08-13;1671;3906;0;471268;411166;1;71.4;62.3;0.0
63;2021-08-14;839;3017;0;472107;414183;1;71.5;62.7;0.0
63;2021-08-15;181;1346;0;472288;415529;1;71.5;62.9;0.0
63;2021-08-16;1137;4302;0;473425;419831;1;71.7;63.6;0.0
63;2021-08-17;1623;4034;0;475048;423865;1;72.0;64.2;0.0
63;2021-08-18;1399;3312;0;476447;427177;1;72.2;64.7;0.0
63;2021-08-19;1316;3508;0;477763;430685;1;72.4;65.2;0.0
63;2021-08-20;1328;3599;0;479091;434284;1;72.6;65.8;0.0
63;2021-08-21;670;2072;0;479761;436356;1;72.7;66.1;0.0
63;2021-08-22;214;1039;0;479975;437395;1;72.7;66.2;0.0
63;2021-08-23;1009;3505;0;480984;440900;1;72.8;66.8;0.0
63;2021-08-24;1066;3046;0;482050;443946;1;73.0;67.2;0.0
63;2021-08-25;1039;2921;0;483089;446867;1;73.2;67.7;0.0
63;2021-08-26;1105;2690;0;484194;449557;1;73.3;68.1;0.0
63;2021-08-27;1094;3261;0;485288;452818;1;73.5;68.6;0.0
63;2021-08-28;675;1683;0;485963;454501;1;73.6;68.8;0.0
63;2021-08-29;108;581;0;486071;455082;1;73.6;68.9;0.0
63;2021-08-30;763;2396;54;486834;457478;55;73.7;69.3;0.0
63;2021-08-31;972;2501;100;487806;459979;155;73.9;69.7;0.0
63;2021-09-01;954;1820;266;488760;461799;421;74.0;69.9;0.1
63;2021-09-02;825;1809;320;489585;463608;741;74.2;70.2;0.1
63;2021-09-03;909;2264;404;490494;465872;1145;74.3;70.6;0.2
63;2021-09-04;661;1398;130;491155;467270;1275;74.4;70.8;0.2
63;2021-09-05;76;201;14;491231;467471;1289;74.4;70.8;0.2
63;2021-09-06;522;1157;382;491753;468628;1671;74.5;71.0;0.3
63;2021-09-07;639;1398;381;492392;470026;2052;74.6;71.2;0.3
63;2021-09-08;679;1442;285;493071;471468;2337;74.7;71.4;0.4
63;2021-09-09;606;1173;354;493677;472641;2691;74.8;71.6;0.4
63;2021-09-10;749;1609;476;494426;474250;3167;74.9;71.8;0.5
63;2021-09-11;461;1024;128;494887;475274;3295;75.0;72.0;0.5
63;2021-09-12;50;159;13;494937;475433;3308;75.0;72.0;0.5
63;2021-09-13;431;875;500;495368;476308;3808;75.0;72.1;0.6
63;2021-09-14;537;833;632;495905;477141;4440;75.1;72.3;0.7
63;2021-09-15;550;1230;392;496455;478371;4832;75.2;72.5;0.7
63;2021-09-16;459;877;565;496914;479248;5397;75.3;72.6;0.8
63;2021-09-17;451;1189;579;497365;480437;5976;75.3;72.8;0.9
63;2021-09-18;299;953;124;497664;481390;6100;75.4;72.9;0.9
63;2021-09-19;41;109;9;497705;481499;6109;75.4;72.9;0.9
63;2021-09-20;337;667;552;498042;482166;6661;75.4;73.0;1.0
63;2021-09-21;401;687;687;498443;482853;7348;75.5;73.1;1.1
63;2021-09-22;376;1098;383;498819;483951;7731;75.6;73.3;1.2
63;2021-09-23;274;650;561;499093;484601;8292;75.6;73.4;1.3
63;2021-09-24;467;1101;527;499560;485702;8819;75.7;73.6;1.3
63;2021-09-25;233;750;140;499793;486452;8959;75.7;73.7;1.4
63;2021-09-26;26;97;6;499819;486549;8965;75.7;73.7;1.4
63;2021-09-27;298;588;490;500117;487137;9455;75.7;73.8;1.4
63;2021-09-28;274;580;580;500391;487717;10035;75.8;73.9;1.5
63;2021-09-29;311;738;692;500702;488455;10727;75.8;74.0;1.6
63;2021-09-30;270;637;718;500972;489092;11445;75.9;74.1;1.7
63;2021-10-01;476;851;627;501448;489943;12072;75.9;74.2;1.8
63;2021-10-02;254;514;150;501702;490457;12222;76.0;74.3;1.9
63;2021-10-03;33;75;12;501735;490532;12234;76.0;74.3;1.9
63;2021-10-04;200;381;423;501935;490913;12657;76.0;74.4;1.9
63;2021-10-05;283;479;624;502218;491392;13281;76.1;74.4;2.0
63;2021-10-06;340;606;580;502558;491998;13861;76.1;74.5;2.1
63;2021-10-07;239;452;762;502797;492450;14623;76.2;74.6;2.2
63;2021-10-08;369;683;869;503166;493133;15492;76.2;74.7;2.3
63;2021-10-09;218;382;254;503384;493515;15746;76.2;74.7;2.4
63;2021-10-10;25;45;14;503409;493560;15760;76.2;74.8;2.4
63;2021-10-11;195;415;690;503604;493975;16450;76.3;74.8;2.5
63;2021-10-12;208;406;755;503812;494381;17205;76.3;74.9;2.6
63;2021-10-13;288;418;789;504100;494799;17994;76.4;74.9;2.7
63;2021-10-14;245;361;851;504345;495160;18845;76.4;75.0;2.9
63;2021-10-15;370;637;1230;504715;495797;20075;76.4;75.1;3.0
63;2021-10-16;207;308;233;504922;496105;20308;76.5;75.1;3.1
63;2021-10-17;23;41;11;504945;496146;20319;76.5;75.1;3.1
63;2021-10-18;194;380;786;505139;496526;21105;76.5;75.2;3.2
63;2021-10-19;129;246;832;505268;496772;21937;76.5;75.2;3.3
63;2021-10-20;170;346;1057;505438;497118;22994;76.6;75.3;3.5
63;2021-10-21;107;341;997;505545;497459;23991;76.6;75.3;3.6
63;2021-10-22;170;496;1334;505715;497955;25325;76.6;75.4;3.8
63;2021-10-23;81;228;335;505796;498183;25660;76.6;75.5;3.9
63;2021-10-24;15;31;21;505811;498214;25681;76.6;75.5;3.9
63;2021-10-25;122;225;981;505933;498439;26662;76.6;75.5;4.0
63;2021-10-26;110;192;1094;506043;498631;27756;76.6;75.5;4.2
63;2021-10-27;115;285;1200;506158;498916;28956;76.7;75.6;4.4
63;2021-10-28;107;285;1175;506265;499201;30131;76.7;75.6;4.6
63;2021-10-29;130;324;1350;506395;499525;31481;76.7;75.7;4.8
63;2021-10-30;54;157;323;506449;499682;31804;76.7;75.7;4.8
63;2021-10-31;4;14;30;506453;499696;31834;76.7;75.7;4.8
63;2021-11-01;29;33;146;506482;499729;31980;76.7;75.7;4.8
63;2021-11-02;126;243;1489;506608;499972;33469;76.7;75.7;5.1
63;2021-11-03;112;272;1257;506720;500244;34726;76.7;75.8;5.3
63;2021-11-04;125;199;1511;506845;500443;36237;76.8;75.8;5.5
63;2021-11-05;151;344;1951;506996;500787;38188;76.8;75.8;5.8
63;2021-11-06;67;187;646;507063;500974;38834;76.8;75.9;5.9
63;2021-11-07;9;30;33;507072;501004;38867;76.8;75.9;5.9
63;2021-11-08;90;215;1710;507162;501219;40577;76.8;75.9;6.1
63;2021-11-09;93;189;2022;507255;501408;42599;76.8;75.9;6.5
63;2021-11-10;145;236;2009;507400;501644;44608;76.9;76.0;6.8
63;2021-11-11;38;34;396;507438;501678;45004;76.9;76.0;6.8
63;2021-11-12;149;207;2077;507587;501885;47081;76.9;76.0;7.1
63;2021-11-13;79;110;756;507666;501995;47837;76.9;76.0;7.2
63;2021-11-14;6;18;65;507672;502013;47902;76.9;76.0;7.3
63;2021-11-15;88;134;2349;507760;502147;50251;76.9;76.1;7.6
63;2021-11-16;106;135;2603;507866;502282;52854;76.9;76.1;8.0
63;2021-11-17;157;191;2344;508023;502473;55198;76.9;76.1;8.4
63;2021-11-18;105;127;2338;508128;502600;57536;77.0;76.1;8.7
63;2021-11-19;173;195;2917;508301;502795;60453;77.0;76.2;9.2
63;2021-11-20;89;103;1007;508390;502898;61460;77.0;76.2;9.3
63;2021-11-21;10;15;68;508400;502913;61528;77.0;76.2;9.3
63;2021-11-22;94;80;2183;508494;502993;63711;77.0;76.2;9.6
63;2021-11-23;105;109;2575;508599;503102;66286;77.0;76.2;10.0
63;2021-11-24;178;189;2376;508777;503291;68662;77.1;76.2;10.4
63;2021-11-25;113;129;2923;508890;503420;71585;77.1;76.2;10.8
63;2021-11-26;181;177;5150;509071;503597;76735;77.1;76.3;11.6
63;2021-11-27;87;73;2393;509158;503670;79128;77.1;76.3;12.0
63;2021-11-28;26;19;991;509184;503689;80119;77.1;76.3;12.1
63;2021-11-29;104;111;4927;509288;503800;85046;77.1;76.3;12.9
63;2021-11-30;117;116;5794;509405;503916;90840;77.2;76.3;13.8
63;2021-12-01;120;155;5880;509525;504071;96720;77.2;76.3;14.6
63;2021-12-02;118;101;6615;509643;504172;103335;77.2;76.4;15.7
63;2021-12-03;118;173;7275;509761;504345;110610;77.2;76.4;16.8
63;2021-12-04;53;103;3505;509814;504448;114115;77.2;76.4;17.3
63;2021-12-05;11;20;1257;509825;504468;115372;77.2;76.4;17.5
63;2021-12-06;105;96;6666;509930;504564;122038;77.2;76.4;18.5
63;2021-12-07;84;127;7989;510014;504691;130027;77.2;76.4;19.7
63;2021-12-08;130;186;6773;510144;504877;136800;77.3;76.5;20.7
63;2021-12-09;92;129;7435;510236;505006;144235;77.3;76.5;21.8
63;2021-12-10;130;202;9037;510366;505208;153272;77.3;76.5;23.2
63;2021-12-11;84;95;4798;510450;505303;158070;77.3;76.5;23.9
63;2021-12-12;6;9;1221;510456;505312;159291;77.3;76.5;24.1
63;2021-12-13;84;128;7794;510540;505440;167085;77.3;76.6;25.3
63;2021-12-14;127;139;9747;510667;505579;176832;77.3;76.6;26.8
63;2021-12-15;140;195;7991;510807;505774;184823;77.4;76.6;28.0
63;2021-12-16;117;138;9114;510924;505912;193937;77.4;76.6;29.4
63;2021-12-17;163;235;10274;511087;506147;204211;77.4;76.7;30.9
63;2021-12-18;108;106;5847;511195;506253;210058;77.4;76.7;31.8
63;2021-12-19;32;34;1414;511227;506287;211472;77.4;76.7;32.0
63;2021-12-20;161;152;7664;511388;506439;219136;77.5;76.7;33.2
63;2021-12-21;197;193;8347;511585;506632;227483;77.5;76.7;34.5
63;2021-12-22;139;159;6072;511724;506791;233555;77.5;76.8;35.4
64;2020-12-27;1;0;0;1;0;0;0.0;0.0;0.0
64;2020-12-28;2;0;0;3;0;0;0.0;0.0;0.0
64;2020-12-29;0;0;0;3;0;0;0.0;0.0;0.0
64;2020-12-30;0;0;0;3;0;0;0.0;0.0;0.0
64;2020-12-31;0;0;0;3;0;0;0.0;0.0;0.0
64;2021-01-01;1;0;0;4;0;0;0.0;0.0;0.0
64;2021-01-02;0;0;0;4;0;0;0.0;0.0;0.0
64;2021-01-03;0;0;0;4;0;0;0.0;0.0;0.0
64;2021-01-04;28;0;0;32;0;0;0.0;0.0;0.0
64;2021-01-05;24;0;0;56;0;0;0.0;0.0;0.0
64;2021-01-06;186;0;0;242;0;0;0.0;0.0;0.0
64;2021-01-07;808;1;0;1050;1;0;0.2;0.0;0.0
64;2021-01-08;832;2;0;1882;3;0;0.3;0.0;0.0
64;2021-01-09;54;0;0;1936;3;0;0.3;0.0;0.0
64;2021-01-10;2;0;0;1938;3;0;0.3;0.0;0.0
64;2021-01-11;515;0;0;2453;3;0;0.4;0.0;0.0
64;2021-01-12;723;3;0;3176;6;0;0.5;0.0;0.0
64;2021-01-13;841;2;0;4017;8;0;0.6;0.0;0.0
64;2021-01-14;992;5;0;5009;13;0;0.7;0.0;0.0
64;2021-01-15;904;5;0;5913;18;0;0.9;0.0;0.0
64;2021-01-16;76;0;0;5989;18;0;0.9;0.0;0.0
64;2021-01-17;3;1;0;5992;19;0;0.9;0.0;0.0
64;2021-01-18;914;7;0;6906;26;0;1.0;0.0;0.0
64;2021-01-19;1422;4;0;8328;30;0;1.2;0.0;0.0
64;2021-01-20;1553;3;0;9881;33;0;1.4;0.0;0.0
64;2021-01-21;2470;4;0;12351;37;0;1.8;0.0;0.0
64;2021-01-22;1531;3;0;13882;40;0;2.0;0.0;0.0
64;2021-01-23;481;1;0;14363;41;0;2.1;0.0;0.0
64;2021-01-24;59;0;0;14422;41;0;2.1;0.0;0.0
64;2021-01-25;915;7;0;15337;48;0;2.2;0.0;0.0
64;2021-01-26;1284;21;0;16621;69;0;2.4;0.0;0.0
64;2021-01-27;1199;119;0;17820;188;0;2.6;0.0;0.0
64;2021-01-28;1606;604;0;19426;792;0;2.8;0.1;0.0
64;2021-01-29;943;597;0;20369;1389;0;3.0;0.2;0.0
64;2021-01-30;445;57;0;20814;1446;0;3.0;0.2;0.0
64;2021-01-31;76;0;0;20890;1446;0;3.1;0.2;0.0
64;2021-02-01;648;305;0;21538;1751;0;3.2;0.3;0.0
64;2021-02-02;1113;537;0;22651;2288;0;3.3;0.3;0.0
64;2021-02-03;1023;633;0;23674;2921;0;3.5;0.4;0.0
64;2021-02-04;1021;544;0;24695;3465;0;3.6;0.5;0.0
64;2021-02-05;801;458;0;25496;3923;0;3.7;0.6;0.0
64;2021-02-06;488;34;0;25984;3957;0;3.8;0.6;0.0
64;2021-02-07;104;5;0;26088;3962;0;3.8;0.6;0.0
64;2021-02-08;716;308;0;26804;4270;0;3.9;0.6;0.0
64;2021-02-09;886;712;0;27690;4982;0;4.1;0.7;0.0
64;2021-02-10;870;747;0;28560;5729;0;4.2;0.8;0.0
64;2021-02-11;1136;1488;0;29696;7217;0;4.3;1.1;0.0
64;2021-02-12;1019;1002;0;30715;8219;0;4.5;1.2;0.0
64;2021-02-13;239;302;0;30954;8521;0;4.5;1.2;0.0
64;2021-02-14;34;40;0;30988;8561;0;4.5;1.3;0.0
64;2021-02-15;212;1095;0;31200;9656;0;4.6;1.4;0.0
64;2021-02-16;276;1357;0;31476;11013;0;4.6;1.6;0.0
64;2021-02-17;303;1200;0;31779;12213;0;4.7;1.8;0.0
64;2021-02-18;491;1604;0;32270;13817;0;4.7;2.0;0.0
64;2021-02-19;418;1238;0;32688;15055;0;4.8;2.2;0.0
64;2021-02-20;114;407;0;32802;15462;0;4.8;2.3;0.0
64;2021-02-21;17;68;0;32819;15530;0;4.8;2.3;0.0
64;2021-02-22;428;929;0;33247;16459;0;4.9;2.4;0.0
64;2021-02-23;676;1095;0;33923;17554;0;5.0;2.6;0.0
64;2021-02-24;718;984;0;34641;18538;0;5.1;2.7;0.0
64;2021-02-25;1060;921;0;35701;19459;0;5.2;2.8;0.0
64;2021-02-26;1168;880;0;36869;20339;0;5.4;3.0;0.0
64;2021-02-27;833;376;0;37702;20715;0;5.5;3.0;0.0
64;2021-02-28;43;61;0;37745;20776;0;5.5;3.0;0.0
64;2021-03-01;736;780;0;38481;21556;0;5.6;3.2;0.0
64;2021-03-02;1042;893;0;39523;22449;0;5.8;3.3;0.0
64;2021-03-03;1215;938;0;40738;23387;0;6.0;3.4;0.0
64;2021-03-04;1840;1114;0;42578;24501;0;6.2;3.6;0.0
64;2021-03-05;2119;1025;0;44697;25526;0;6.5;3.7;0.0
64;2021-03-06;1484;515;0;46181;26041;0;6.8;3.8;0.0
64;2021-03-07;585;91;0;46766;26132;0;6.8;3.8;0.0
64;2021-03-08;1459;733;0;48225;26865;0;7.1;3.9;0.0
64;2021-03-09;2030;824;0;50255;27689;0;7.4;4.1;0.0
64;2021-03-10;2048;711;0;52303;28400;0;7.7;4.2;0.0
64;2021-03-11;2867;1055;0;55170;29455;0;8.1;4.3;0.0
64;2021-03-12;3315;607;0;58485;30062;0;8.6;4.4;0.0
64;2021-03-13;2100;192;0;60585;30254;0;8.9;4.4;0.0
64;2021-03-14;209;17;0;60794;30271;0;8.9;4.4;0.0
64;2021-03-15;2212;235;0;63006;30506;0;9.2;4.5;0.0
64;2021-03-16;1935;262;0;64941;30768;0;9.5;4.5;0.0
64;2021-03-17;1985;272;0;66926;31040;0;9.8;4.5;0.0
64;2021-03-18;2312;232;0;69238;31272;0;10.1;4.6;0.0
64;2021-03-19;2901;287;0;72139;31559;0;10.6;4.6;0.0
64;2021-03-20;2287;94;0;74426;31653;0;10.9;4.6;0.0
64;2021-03-21;1171;25;0;75597;31678;0;11.1;4.6;0.0
64;2021-03-22;2430;539;0;78027;32217;0;11.4;4.7;0.0
64;2021-03-23;3039;625;0;81066;32842;0;11.9;4.8;0.0
64;2021-03-24;3355;670;0;84421;33512;0;12.4;4.9;0.0
64;2021-03-25;4135;773;0;88556;34285;0;13.0;5.0;0.0
64;2021-03-26;4215;650;0;92771;34935;0;13.6;5.1;0.0
64;2021-03-27;2870;405;0;95641;35340;0;14.0;5.2;0.0
64;2021-03-28;418;67;0;96059;35407;0;14.1;5.2;0.0
64;2021-03-29;2921;860;0;98980;36267;0;14.5;5.3;0.0
64;2021-03-30;3967;863;0;102947;37130;0;15.1;5.4;0.0
64;2021-03-31;3444;761;0;106391;37891;0;15.6;5.5;0.0
64;2021-04-01;4515;903;0;110906;38794;0;16.2;5.7;0.0
64;2021-04-02;4236;710;0;115142;39504;0;16.9;5.8;0.0
64;2021-04-03;1979;547;0;117121;40051;0;17.1;5.9;0.0
64;2021-04-04;258;40;0;117379;40091;0;17.2;5.9;0.0
64;2021-04-05;1501;117;0;118880;40208;0;17.4;5.9;0.0
64;2021-04-06;3513;1343;0;122393;41551;0;17.9;6.1;0.0
64;2021-04-07;3843;1444;0;126236;42995;0;18.5;6.3;0.0
64;2021-04-08;4995;1508;0;131231;44503;0;19.2;6.5;0.0
64;2021-04-09;5652;1607;0;136883;46110;0;20.0;6.7;0.0
64;2021-04-10;3084;983;0;139967;47093;0;20.5;6.9;0.0
64;2021-04-11;389;218;0;140356;47311;0;20.5;6.9;0.0
64;2021-04-12;3874;1778;0;144230;49089;0;21.1;7.2;0.0
64;2021-04-13;4218;2054;0;148448;51143;0;21.7;7.5;0.0
64;2021-04-14;3924;2011;0;152372;53154;0;22.3;7.8;0.0
64;2021-04-15;4146;2146;0;156518;55300;0;22.9;8.1;0.0
64;2021-04-16;4129;2168;0;160647;57468;0;23.5;8.4;0.0
64;2021-04-17;2426;1375;0;163073;58843;0;23.9;8.6;0.0
64;2021-04-18;993;1077;0;164066;59920;0;24.0;8.8;0.0
64;2021-04-19;2569;2321;0;166635;62241;0;24.4;9.1;0.0
64;2021-04-20;3038;2309;0;169673;64550;0;24.8;9.4;0.0
64;2021-04-21;2962;2479;0;172635;67029;0;25.3;9.8;0.0
64;2021-04-22;3237;2620;0;175872;69649;0;25.7;10.2;0.0
64;2021-04-23;3152;2508;0;179024;72157;0;26.2;10.6;0.0
64;2021-04-24;1909;1497;0;180933;73654;0;26.5;10.8;0.0
64;2021-04-25;244;196;0;181177;73850;0;26.5;10.8;0.0
64;2021-04-26;2469;2596;0;183646;76446;0;26.9;11.2;0.0
64;2021-04-27;2813;2995;0;186459;79441;0;27.3;11.6;0.0
64;2021-04-28;3361;2836;0;189820;82277;0;27.8;12.0;0.0
64;2021-04-29;4391;3330;0;194211;85607;0;28.4;12.5;0.0
64;2021-04-30;3848;3458;0;198059;89065;0;29.0;13.0;0.0
64;2021-05-01;1437;970;0;199496;90035;0;29.2;13.2;0.0
64;2021-05-02;429;301;0;199925;90336;0;29.3;13.2;0.0
64;2021-05-03;2743;3348;0;202668;93684;0;29.7;13.7;0.0
64;2021-05-04;3444;3788;0;206112;97472;0;30.2;14.3;0.0
64;2021-05-05;3138;3898;0;209250;101370;0;30.6;14.8;0.0
64;2021-05-06;3847;3835;0;213097;105205;0;31.2;15.4;0.0
64;2021-05-07;3693;4022;0;216790;109227;0;31.7;16.0;0.0
64;2021-05-08;2497;1183;0;219287;110410;0;32.1;16.2;0.0
64;2021-05-09;643;276;0;219930;110686;0;32.2;16.2;0.0
64;2021-05-10;2673;3980;0;222603;114666;0;32.6;16.8;0.0
64;2021-05-11;3861;3876;0;226464;118542;0;33.1;17.4;0.0
64;2021-05-12;4224;3775;0;230688;122317;0;33.8;17.9;0.0
64;2021-05-13;2882;827;0;233570;123144;0;34.2;18.0;0.0
64;2021-05-14;4711;2933;0;238281;126077;0;34.9;18.5;0.0
64;2021-05-15;3288;1717;0;241569;127794;0;35.4;18.7;0.0
64;2021-05-16;591;190;0;242160;127984;0;35.4;18.7;0.0
64;2021-05-17;3921;2261;0;246081;130245;0;36.0;19.1;0.0
64;2021-05-18;4831;2187;0;250912;132432;0;36.7;19.4;0.0
64;2021-05-19;4694;2048;0;255606;134480;0;37.4;19.7;0.0
64;2021-05-20;5224;2021;0;260830;136501;0;38.2;20.0;0.0
64;2021-05-21;5030;2131;0;265860;138632;0;38.9;20.3;0.0
64;2021-05-22;3285;1369;0;269145;140001;0;39.4;20.5;0.0
64;2021-05-23;413;169;0;269558;140170;0;39.5;20.5;0.0
64;2021-05-24;2768;1046;0;272326;141216;0;39.9;20.7;0.0
64;2021-05-25;4033;2646;0;276359;143862;0;40.5;21.1;0.0
64;2021-05-26;4171;2602;0;280530;146464;0;41.1;21.4;0.0
64;2021-05-27;5037;3055;0;285567;149519;0;41.8;21.9;0.0
64;2021-05-28;4313;3220;0;289880;152739;0;42.4;22.4;0.0
64;2021-05-29;2656;2011;0;292536;154750;0;42.8;22.7;0.0
64;2021-05-30;389;186;0;292925;154936;0;42.9;22.7;0.0
64;2021-05-31;3661;3401;0;296586;158337;0;43.4;23.2;0.0
64;2021-06-01;5067;3321;0;301653;161658;0;44.2;23.7;0.0
64;2021-06-02;4714;2992;0;306367;164650;0;44.8;24.1;0.0
64;2021-06-03;5867;3101;0;312234;167751;0;45.7;24.6;0.0
64;2021-06-04;4819;4331;0;317053;172082;0;46.4;25.2;0.0
64;2021-06-05;3097;2380;0;320150;174462;0;46.9;25.5;0.0
64;2021-06-06;1773;284;0;321923;174746;0;47.1;25.6;0.0
64;2021-06-07;3719;4134;0;325642;178880;0;47.7;26.2;0.0
64;2021-06-08;4643;3873;0;330285;182753;0;48.3;26.8;0.0
64;2021-06-09;4722;3323;0;335007;186076;0;49.0;27.2;0.0
64;2021-06-10;5561;3004;0;340568;189080;0;49.9;27.7;0.0
64;2021-06-11;5070;4568;0;345638;193648;0;50.6;28.3;0.0
64;2021-06-12;3501;2134;0;349139;195782;0;51.1;28.7;0.0
64;2021-06-13;1402;331;0;350541;196113;0;51.3;28.7;0.0
64;2021-06-14;3299;4485;0;353840;200598;0;51.8;29.4;0.0
64;2021-06-15;4173;4395;0;358013;204993;0;52.4;30.0;0.0
64;2021-06-16;4128;4412;0;362141;209405;0;53.0;30.7;0.0
64;2021-06-17;3285;3997;0;365426;213402;0;53.5;31.2;0.0
64;2021-06-18;4042;4819;0;369468;218221;0;54.1;31.9;0.0
64;2021-06-19;2661;3055;0;372129;221276;0;54.5;32.4;0.0
64;2021-06-20;762;478;0;372891;221754;0;54.6;32.5;0.0
64;2021-06-21;2041;4722;0;374932;226476;0;54.9;33.2;0.0
64;2021-06-22;2342;5353;0;377274;231829;0;55.2;33.9;0.0
64;2021-06-23;2814;5115;0;380088;236944;0;55.6;34.7;0.0
64;2021-06-24;2486;3567;0;382574;240511;0;56.0;35.2;0.0
64;2021-06-25;2506;6009;0;385080;246520;0;56.4;36.1;0.0
64;2021-06-26;1564;3647;0;386644;250167;0;56.6;36.6;0.0
64;2021-06-27;410;736;0;387054;250903;0;56.7;36.7;0.0
64;2021-06-28;1688;5575;0;388742;256478;0;56.9;37.5;0.0
64;2021-06-29;1748;5858;0;390490;262336;0;57.2;38.4;0.0
64;2021-06-30;2030;5623;0;392520;267959;0;57.5;39.2;0.0
64;2021-07-01;2225;4959;0;394745;272918;0;57.8;39.9;0.0
64;2021-07-02;2149;5913;0;396894;278831;0;58.1;40.8;0.0
64;2021-07-03;1116;3555;0;398010;282386;0;58.3;41.3;0.0
64;2021-07-04;387;754;0;398397;283140;0;58.3;41.4;0.0
64;2021-07-05;1256;5038;0;399653;288178;0;58.5;42.2;0.0
64;2021-07-06;1905;5914;1;401558;294092;1;58.8;43.0;0.0
64;2021-07-07;1941;5422;0;403499;299514;1;59.1;43.8;0.0
64;2021-07-08;1661;4042;0;405160;303556;1;59.3;44.4;0.0
64;2021-07-09;1768;6035;0;406928;309591;1;59.6;45.3;0.0
64;2021-07-10;1140;3575;0;408068;313166;1;59.7;45.8;0.0
64;2021-07-11;238;741;0;408306;313907;1;59.8;45.9;0.0
64;2021-07-12;1396;5687;0;409702;319594;1;60.0;46.8;0.0
64;2021-07-13;2281;6716;0;411983;326310;1;60.3;47.8;0.0
64;2021-07-14;2173;2929;0;414156;329239;1;60.6;48.2;0.0
64;2021-07-15;2157;4960;0;416313;334199;1;60.9;48.9;0.0
64;2021-07-16;2791;6199;0;419104;340398;1;61.3;49.8;0.0
64;2021-07-17;2242;4037;0;421346;344435;1;61.7;50.4;0.0
64;2021-07-18;650;1790;0;421996;346225;1;61.8;50.7;0.0
64;2021-07-19;2392;5541;0;424388;351766;1;62.1;51.5;0.0
64;2021-07-20;3213;6036;0;427601;357802;1;62.6;52.4;0.0
64;2021-07-21;3458;5438;0;431059;363240;1;63.1;53.2;0.0
64;2021-07-22;3962;5153;0;435021;368393;1;63.7;53.9;0.0
64;2021-07-23;3754;5082;0;438775;373475;1;64.2;54.7;0.0
64;2021-07-24;2608;3969;0;441383;377444;1;64.6;55.2;0.0
64;2021-07-25;730;841;0;442113;378285;1;64.7;55.4;0.0
64;2021-07-26;2934;4498;0;445047;382783;1;65.1;56.0;0.0
64;2021-07-27;4103;4669;0;449150;387452;1;65.7;56.7;0.0
64;2021-07-28;4105;4067;0;453255;391519;1;66.3;57.3;0.0
64;2021-07-29;5213;3339;0;458468;394858;1;67.1;57.8;0.0
64;2021-07-30;4747;3762;0;463215;398620;1;67.8;58.3;0.0
64;2021-07-31;3091;2971;0;466306;401591;1;68.3;58.8;0.0
64;2021-08-01;887;399;0;467193;401990;1;68.4;58.8;0.0
64;2021-08-02;3840;2242;0;471033;404232;1;68.9;59.2;0.0
64;2021-08-03;4042;2740;0;475075;406972;1;69.5;59.6;0.0
64;2021-08-04;3762;2592;0;478837;409564;1;70.1;60.0;0.0
64;2021-08-05;3676;2266;0;482513;411830;1;70.6;60.3;0.0
64;2021-08-06;3441;2817;0;485954;414647;1;71.1;60.7;0.0
64;2021-08-07;2177;2315;0;488131;416962;1;71.5;61.0;0.0
64;2021-08-08;378;464;0;488509;417426;1;71.5;61.1;0.0
64;2021-08-09;2395;2739;0;490904;420165;1;71.9;61.5;0.0
64;2021-08-10;2955;3084;0;493859;423249;1;72.3;62.0;0.0
64;2021-08-11;2753;2892;0;496612;426141;1;72.7;62.4;0.0
64;2021-08-12;2800;2972;0;499412;429113;1;73.1;62.8;0.0
64;2021-08-13;2298;3360;0;501710;432473;1;73.4;63.3;0.0
64;2021-08-14;1483;2457;0;503193;434930;1;73.7;63.7;0.0
64;2021-08-15;173;552;0;503366;435482;1;73.7;63.7;0.0
64;2021-08-16;1901;3012;0;505267;438494;1;74.0;64.2;0.0
64;2021-08-17;2063;3564;0;507330;442058;1;74.3;64.7;0.0
64;2021-08-18;1807;3265;0;509137;445323;1;74.5;65.2;0.0
64;2021-08-19;1742;3302;0;510879;448625;1;74.8;65.7;0.0
64;2021-08-20;1426;3751;0;512305;452376;1;75.0;66.2;0.0
64;2021-08-21;883;2668;0;513188;455044;1;75.1;66.6;0.0
64;2021-08-22;135;777;0;513323;455821;1;75.1;66.7;0.0
64;2021-08-23;1120;3009;0;514443;458830;1;75.3;67.2;0.0
64;2021-08-24;1276;4307;0;515719;463137;1;75.5;67.8;0.0
64;2021-08-25;1176;3574;0;516895;466711;1;75.7;68.3;0.0
64;2021-08-26;990;3455;0;517885;470166;1;75.8;68.8;0.0
64;2021-08-27;1083;3992;1;518968;474158;2;76.0;69.4;0.0
64;2021-08-28;676;2335;0;519644;476493;2;76.1;69.7;0.0
64;2021-08-29;90;477;0;519734;476970;2;76.1;69.8;0.0
64;2021-08-30;861;3306;84;520595;480276;86;76.2;70.3;0.0
64;2021-08-31;920;3532;181;521515;483808;267;76.3;70.8;0.0
64;2021-09-01;920;2843;274;522435;486651;541;76.5;71.2;0.1
64;2021-09-02;857;2681;413;523292;489332;954;76.6;71.6;0.1
64;2021-09-03;842;2580;435;524134;491912;1389;76.7;72.0;0.2
64;2021-09-04;655;2000;166;524789;493912;1555;76.8;72.3;0.2
64;2021-09-05;68;199;51;524857;494111;1606;76.8;72.3;0.2
64;2021-09-06;509;1995;421;525366;496106;2027;76.9;72.6;0.3
64;2021-09-07;632;1814;457;525998;497920;2484;77.0;72.9;0.4
64;2021-09-08;722;2383;280;526720;500303;2764;77.1;73.2;0.4
64;2021-09-09;463;1567;423;527183;501870;3187;77.2;73.5;0.5
64;2021-09-10;693;1927;398;527876;503797;3585;77.3;73.7;0.5
64;2021-09-11;549;1901;152;528425;505698;3737;77.3;74.0;0.5
64;2021-09-12;60;159;37;528485;505857;3774;77.4;74.0;0.6
64;2021-09-13;444;1259;494;528929;507116;4268;77.4;74.2;0.6
64;2021-09-14;435;1018;914;529364;508134;5182;77.5;74.4;0.8
64;2021-09-15;648;1613;647;530012;509747;5829;77.6;74.6;0.9
64;2021-09-16;464;795;938;530476;510542;6767;77.6;74.7;1.0
64;2021-09-17;526;1224;944;531002;511766;7711;77.7;74.9;1.1
64;2021-09-18;305;1161;212;531307;512927;7923;77.8;75.1;1.2
64;2021-09-19;18;45;13;531325;512972;7936;77.8;75.1;1.2
64;2021-09-20;227;445;567;531552;513417;8503;77.8;75.2;1.2
64;2021-09-21;384;881;953;531936;514298;9456;77.9;75.3;1.4
64;2021-09-22;356;1365;727;532292;515663;10183;77.9;75.5;1.5
64;2021-09-23;243;688;752;532535;516351;10935;78.0;75.6;1.6
64;2021-09-24;379;959;693;532914;517310;11628;78.0;75.7;1.7
64;2021-09-25;283;955;186;533197;518265;11814;78.0;75.9;1.7
64;2021-09-26;6;18;9;533203;518283;11823;78.0;75.9;1.7
64;2021-09-27;213;523;494;533416;518806;12317;78.1;75.9;1.8
64;2021-09-28;255;627;732;533671;519433;13049;78.1;76.0;1.9
64;2021-09-29;327;939;765;533998;520372;13814;78.2;76.2;2.0
64;2021-09-30;220;398;666;534218;520770;14480;78.2;76.2;2.1
64;2021-10-01;346;686;736;534564;521456;15216;78.2;76.3;2.2
64;2021-10-02;228;515;173;534792;521971;15389;78.3;76.4;2.3
64;2021-10-03;7;19;3;534799;521990;15392;78.3;76.4;2.3
64;2021-10-04;293;404;670;535092;522394;16062;78.3;76.5;2.4
64;2021-10-05;248;546;780;535340;522940;16842;78.4;76.5;2.5
64;2021-10-06;411;886;757;535751;523826;17599;78.4;76.7;2.6
64;2021-10-07;205;481;855;535956;524307;18454;78.5;76.7;2.7
64;2021-10-08;338;677;944;536294;524984;19398;78.5;76.8;2.8
64;2021-10-09;217;376;222;536511;525360;19620;78.5;76.9;2.9
64;2021-10-10;3;2;6;536514;525362;19626;78.5;76.9;2.9
64;2021-10-11;144;231;528;536658;525593;20154;78.6;76.9;3.0
64;2021-10-12;216;524;1100;536874;526117;21254;78.6;77.0;3.1
64;2021-10-13;322;545;990;537196;526662;22244;78.6;77.1;3.3
64;2021-10-14;190;266;766;537386;526928;23010;78.7;77.1;3.4
64;2021-10-15;304;507;1125;537690;527435;24135;78.7;77.2;3.5
64;2021-10-16;178;269;282;537868;527704;24417;78.7;77.2;3.6
64;2021-10-17;15;10;9;537883;527714;24426;78.7;77.2;3.6
64;2021-10-18;120;259;603;538003;527973;25029;78.8;77.3;3.7
64;2021-10-19;193;321;1109;538196;528294;26138;78.8;77.3;3.8
64;2021-10-20;325;412;1378;538521;528706;27516;78.8;77.4;4.0
64;2021-10-21;184;268;1348;538705;528974;28864;78.9;77.4;4.2
64;2021-10-22;237;389;1298;538942;529363;30162;78.9;77.5;4.4
64;2021-10-23;174;238;442;539116;529601;30604;78.9;77.5;4.5
64;2021-10-24;3;18;5;539119;529619;30609;78.9;77.5;4.5
64;2021-10-25;130;170;848;539249;529789;31457;78.9;77.5;4.6
64;2021-10-26;223;309;1395;539472;530098;32852;79.0;77.6;4.8
64;2021-10-27;251;386;1554;539723;530484;34406;79.0;77.7;5.0
64;2021-10-28;144;175;1323;539867;530659;35729;79.0;77.7;5.2
64;2021-10-29;233;324;1605;540100;530983;37334;79.1;77.7;5.5
64;2021-10-30;143;212;515;540243;531195;37849;79.1;77.8;5.5
64;2021-10-31;1;7;33;540244;531202;37882;79.1;77.8;5.5
64;2021-11-01;49;37;71;540293;531239;37953;79.1;77.8;5.6
64;2021-11-02;180;288;1480;540473;531527;39433;79.1;77.8;5.8
64;2021-11-03;234;356;1760;540707;531883;41193;79.1;77.9;6.0
64;2021-11-04;157;216;1436;540864;532099;42629;79.2;77.9;6.2
64;2021-11-05;221;326;1920;541085;532425;44549;79.2;77.9;6.5
64;2021-11-06;147;199;664;541232;532624;45213;79.2;78.0;6.6
64;2021-11-07;3;18;12;541235;532642;45225;79.2;78.0;6.6
64;2021-11-08;113;161;1412;541348;532803;46637;79.2;78.0;6.8
64;2021-11-09;183;269;2627;541531;533072;49264;79.3;78.0;7.2
64;2021-11-10;252;333;2365;541783;533405;51629;79.3;78.1;7.6
64;2021-11-11;27;31;144;541810;533436;51773;79.3;78.1;7.6
64;2021-11-12;241;291;2538;542051;533727;54311;79.3;78.1;7.9
64;2021-11-13;137;208;927;542188;533935;55238;79.4;78.2;8.1
64;2021-11-14;3;8;21;542191;533943;55259;79.4;78.2;8.1
64;2021-11-15;116;127;1674;542307;534070;56933;79.4;78.2;8.3
64;2021-11-16;218;259;3066;542525;534329;59999;79.4;78.2;8.8
64;2021-11-17;247;291;2625;542772;534620;62624;79.4;78.3;9.2
64;2021-11-18;186;215;2693;542958;534835;65317;79.5;78.3;9.6
64;2021-11-19;230;285;3028;543188;535120;68345;79.5;78.3;10.0
64;2021-11-20;229;202;952;543417;535322;69297;79.5;78.4;10.1
64;2021-11-21;1;10;19;543418;535332;69316;79.5;78.4;10.1
64;2021-11-22;147;123;2337;543565;535455;71653;79.6;78.4;10.5
64;2021-11-23;257;236;3454;543822;535691;75107;79.6;78.4;11.0
64;2021-11-24;228;255;2935;544050;535946;78042;79.6;78.4;11.4
64;2021-11-25;284;210;4402;544334;536156;82444;79.7;78.5;12.1
64;2021-11-26;235;289;4229;544569;536445;86673;79.7;78.5;12.7
64;2021-11-27;175;211;1955;544744;536656;88628;79.7;78.6;13.0
64;2021-11-28;14;13;466;544758;536669;89094;79.7;78.6;13.0
64;2021-11-29;152;164;4102;544910;536833;93196;79.8;78.6;13.6
64;2021-11-30;220;228;6037;545130;537061;99233;79.8;78.6;14.5
64;2021-12-01;184;264;5302;545314;537325;104535;79.8;78.7;15.3
64;2021-12-02;173;170;6576;545487;537495;111111;79.8;78.7;16.3
64;2021-12-03;197;258;6897;545684;537753;118008;79.9;78.7;17.3
64;2021-12-04;155;189;3513;545839;537942;121521;79.9;78.7;17.8
64;2021-12-05;25;25;1196;545864;537967;122717;79.9;78.7;18.0
64;2021-12-06;152;167;5653;546016;538134;128370;79.9;78.8;18.8
64;2021-12-07;167;234;7721;546183;538368;136091;79.9;78.8;19.9
64;2021-12-08;192;291;7051;546375;538659;143142;80.0;78.8;21.0
64;2021-12-09;219;201;8268;546594;538860;151410;80.0;78.9;22.2
64;2021-12-10;244;277;9285;546838;539137;160695;80.0;78.9;23.5
64;2021-12-11;155;243;4674;546993;539380;165369;80.1;79.0;24.2
64;2021-12-12;26;28;2274;547019;539408;167643;80.1;79.0;24.5
64;2021-12-13;141;197;7156;547160;539605;174799;80.1;79.0;25.6
64;2021-12-14;239;310;10138;547399;539915;184937;80.1;79.0;27.1
64;2021-12-15;239;279;8877;547638;540194;193814;80.2;79.1;28.4
64;2021-12-16;227;295;10595;547865;540489;204409;80.2;79.1;29.9
64;2021-12-17;275;337;10718;548140;540826;215127;80.2;79.2;31.5
64;2021-12-18;165;223;5414;548305;541049;220541;80.3;79.2;32.3
64;2021-12-19;35;51;2267;548340;541100;222808;80.3;79.2;32.6
64;2021-12-20;279;263;8101;548619;541363;230909;80.3;79.2;33.8
64;2021-12-21;407;316;9224;549026;541679;240133;80.4;79.3;35.1
64;2021-12-22;300;306;7920;549326;541985;248053;80.4;79.3;36.3
65;2020-12-27;0;0;0;0;0;0;0.0;0.0;0.0
65;2020-12-28;1;0;0;1;0;0;0.0;0.0;0.0
65;2020-12-29;0;0;0;1;0;0;0.0;0.0;0.0
65;2020-12-30;0;0;0;1;0;0;0.0;0.0;0.0
65;2020-12-31;0;0;0;1;0;0;0.0;0.0;0.0
65;2021-01-01;0;0;0;1;0;0;0.0;0.0;0.0
65;2021-01-02;0;0;0;1;0;0;0.0;0.0;0.0
65;2021-01-03;0;0;0;1;0;0;0.0;0.0;0.0
65;2021-01-04;0;0;0;1;0;0;0.0;0.0;0.0
65;2021-01-05;0;0;0;1;0;0;0.0;0.0;0.0
65;2021-01-06;8;0;0;9;0;0;0.0;0.0;0.0
65;2021-01-07;124;0;0;133;0;0;0.1;0.0;0.0
65;2021-01-08;183;1;0;316;1;0;0.1;0.0;0.0
65;2021-01-09;175;2;0;491;3;0;0.2;0.0;0.0
65;2021-01-10;1;0;0;492;3;0;0.2;0.0;0.0
65;2021-01-11;250;3;0;742;6;0;0.3;0.0;0.0
65;2021-01-12;260;2;0;1002;8;0;0.4;0.0;0.0
65;2021-01-13;563;1;0;1565;9;0;0.7;0.0;0.0
65;2021-01-14;556;9;0;2121;18;0;0.9;0.0;0.0
65;2021-01-15;490;2;0;2611;20;0;1.2;0.0;0.0
65;2021-01-16;206;3;0;2817;23;0;1.2;0.0;0.0
65;2021-01-17;1;0;0;2818;23;0;1.2;0.0;0.0
65;2021-01-18;542;5;0;3360;28;0;1.5;0.0;0.0
65;2021-01-19;543;2;0;3903;30;0;1.7;0.0;0.0
65;2021-01-20;572;5;0;4475;35;0;2.0;0.0;0.0
65;2021-01-21;548;1;0;5023;36;0;2.2;0.0;0.0
65;2021-01-22;573;2;0;5596;38;0;2.5;0.0;0.0
65;2021-01-23;176;1;0;5772;39;0;2.5;0.0;0.0
65;2021-01-24;3;1;0;5775;40;0;2.5;0.0;0.0
65;2021-01-25;537;5;0;6312;45;0;2.8;0.0;0.0
65;2021-01-26;808;2;0;7120;47;0;3.1;0.0;0.0
65;2021-01-27;564;8;0;7684;55;0;3.4;0.0;0.0
65;2021-01-28;479;35;0;8163;90;0;3.6;0.0;0.0
65;2021-01-29;404;67;0;8567;157;0;3.8;0.1;0.0
65;2021-01-30;175;67;0;8742;224;0;3.9;0.1;0.0
65;2021-01-31;16;0;0;8758;224;0;3.9;0.1;0.0
65;2021-02-01;316;98;0;9074;322;0;4.0;0.1;0.0
65;2021-02-02;346;182;0;9420;504;0;4.2;0.2;0.0
65;2021-02-03;438;240;0;9858;744;0;4.3;0.3;0.0
65;2021-02-04;287;297;0;10145;1041;0;4.5;0.5;0.0
65;2021-02-05;254;341;0;10399;1382;0;4.6;0.6;0.0
65;2021-02-06;93;97;0;10492;1479;0;4.6;0.7;0.0
65;2021-02-07;11;0;0;10503;1479;0;4.6;0.7;0.0
65;2021-02-08;373;207;0;10876;1686;0;4.8;0.7;0.0
65;2021-02-09;262;359;0;11138;2045;0;4.9;0.9;0.0
65;2021-02-10;284;273;0;11422;2318;0;5.0;1.0;0.0
65;2021-02-11;304;261;0;11726;2579;0;5.2;1.1;0.0
65;2021-02-12;261;214;0;11987;2793;0;5.3;1.2;0.0
65;2021-02-13;118;93;0;12105;2886;0;5.3;1.3;0.0
65;2021-02-14;2;17;0;12107;2903;0;5.3;1.3;0.0
65;2021-02-15;190;389;0;12297;3292;0;5.4;1.5;0.0
65;2021-02-16;440;553;0;12737;3845;0;5.6;1.7;0.0
65;2021-02-17;211;496;0;12948;4341;0;5.7;1.9;0.0
65;2021-02-18;268;563;0;13216;4904;0;5.8;2.2;0.0
65;2021-02-19;142;453;0;13358;5357;0;5.9;2.4;0.0
65;2021-02-20;54;153;0;13412;5510;0;5.9;2.4;0.0
65;2021-02-21;2;45;0;13414;5555;0;5.9;2.4;0.0
65;2021-02-22;162;519;0;13576;6074;0;6.0;2.7;0.0
65;2021-02-23;213;513;0;13789;6587;0;6.1;2.9;0.0
65;2021-02-24;209;601;0;13998;7188;0;6.2;3.2;0.0
65;2021-02-25;232;195;0;14230;7383;0;6.3;3.3;0.0
65;2021-02-26;323;726;0;14553;8109;0;6.4;3.6;0.0
65;2021-02-27;104;199;0;14657;8308;0;6.5;3.7;0.0
65;2021-02-28;1;0;0;14658;8308;0;6.5;3.7;0.0
65;2021-03-01;367;352;0;15025;8660;0;6.6;3.8;0.0
65;2021-03-02;407;338;0;15432;8998;0;6.8;4.0;0.0
65;2021-03-03;371;382;0;15803;9380;0;7.0;4.1;0.0
65;2021-03-04;637;311;0;16440;9691;0;7.2;4.3;0.0
65;2021-03-05;672;275;0;17112;9966;0;7.5;4.4;0.0
65;2021-03-06;1140;87;0;18252;10053;0;8.0;4.4;0.0
65;2021-03-07;240;12;0;18492;10065;0;8.2;4.4;0.0
65;2021-03-08;385;330;0;18877;10395;0;8.3;4.6;0.0
65;2021-03-09;599;295;0;19476;10690;0;8.6;4.7;0.0
65;2021-03-10;583;353;0;20059;11043;0;8.8;4.9;0.0
65;2021-03-11;747;337;0;20806;11380;0;9.2;5.0;0.0
65;2021-03-12;1016;193;0;21822;11573;0;9.6;5.1;0.0
65;2021-03-13;347;86;0;22169;11659;0;9.8;5.1;0.0
65;2021-03-14;5;31;0;22174;11690;0;9.8;5.2;0.0
65;2021-03-15;766;173;0;22940;11863;0;10.1;5.2;0.0
65;2021-03-16;677;216;0;23617;12079;0;10.4;5.3;0.0
65;2021-03-17;663;183;0;24280;12262;0;10.7;5.4;0.0
65;2021-03-18;504;227;0;24784;12489;0;10.9;5.5;0.0
65;2021-03-19;814;148;0;25598;12637;0;11.3;5.6;0.0
65;2021-03-20;248;47;0;25846;12684;0;11.4;5.6;0.0
65;2021-03-21;11;1;0;25857;12685;0;11.4;5.6;0.0
65;2021-03-22;684;149;0;26541;12834;0;11.7;5.7;0.0
65;2021-03-23;821;345;0;27362;13179;0;12.1;5.8;0.0
65;2021-03-24;825;244;0;28187;13423;0;12.4;5.9;0.0
65;2021-03-25;1198;179;0;29385;13602;0;13.0;6.0;0.0
65;2021-03-26;1210;134;0;30595;13736;0;13.5;6.1;0.0
65;2021-03-27;1231;89;0;31826;13825;0;14.0;6.1;0.0
65;2021-03-28;5;2;0;31831;13827;0;14.0;6.1;0.0
65;2021-03-29;1390;329;0;33221;14156;0;14.6;6.2;0.0
65;2021-03-30;1261;350;0;34482;14506;0;15.2;6.4;0.0
65;2021-03-31;1082;349;0;35564;14855;0;15.7;6.5;0.0
65;2021-04-01;1363;371;0;36927;15226;0;16.3;6.7;0.0
65;2021-04-02;1503;277;0;38430;15503;0;16.9;6.8;0.0
65;2021-04-03;228;47;0;38658;15550;0;17.0;6.9;0.0
65;2021-04-04;7;2;0;38665;15552;0;17.0;6.9;0.0
65;2021-04-05;155;46;0;38820;15598;0;17.1;6.9;0.0
65;2021-04-06;1130;455;0;39950;16053;0;17.6;7.1;0.0
65;2021-04-07;1540;412;0;41490;16465;0;18.3;7.3;0.0
65;2021-04-08;1465;382;0;42955;16847;0;18.9;7.4;0.0
65;2021-04-09;1471;439;0;44426;17286;0;19.6;7.6;0.0
65;2021-04-10;1412;147;0;45838;17433;0;20.2;7.7;0.0
65;2021-04-11;8;5;0;45846;17438;0;20.2;7.7;0.0
65;2021-04-12;1215;690;0;47061;18128;0;20.7;8.0;0.0
65;2021-04-13;1419;570;0;48480;18698;0;21.4;8.2;0.0
65;2021-04-14;1731;696;0;50211;19394;0;22.1;8.5;0.0
65;2021-04-15;1540;665;0;51751;20059;0;22.8;8.8;0.0
65;2021-04-16;1619;493;0;53370;20552;0;23.5;9.1;0.0
65;2021-04-17;1833;130;0;55203;20682;0;24.3;9.1;0.0
65;2021-04-18;11;32;0;55214;20714;0;24.3;9.1;0.0
65;2021-04-19;1205;711;0;56419;21425;0;24.9;9.4;0.0
65;2021-04-20;1398;677;0;57817;22102;0;25.5;9.7;0.0
65;2021-04-21;982;960;0;58799;23062;0;25.9;10.2;0.0
65;2021-04-22;1479;706;0;60278;23768;0;26.6;10.5;0.0
65;2021-04-23;1056;1020;0;61334;24788;0;27.0;10.9;0.0
65;2021-04-24;1151;551;0;62485;25339;0;27.5;11.2;0.0
65;2021-04-25;37;17;0;62522;25356;0;27.6;11.2;0.0
65;2021-04-26;1450;1151;0;63972;26507;0;28.2;11.7;0.0
65;2021-04-27;1325;1181;0;65297;27688;0;28.8;12.2;0.0
65;2021-04-28;1631;898;0;66928;28586;0;29.5;12.6;0.0
65;2021-04-29;1747;966;0;68675;29552;0;30.3;13.0;0.0
65;2021-04-30;1570;856;0;70245;30408;0;31.0;13.4;0.0
65;2021-05-01;1437;227;0;71682;30635;0;31.6;13.5;0.0
65;2021-05-02;608;24;0;72290;30659;0;31.9;13.5;0.0
65;2021-05-03;1159;1292;0;73449;31951;0;32.4;14.1;0.0
65;2021-05-04;1381;1100;0;74830;33051;0;33.0;14.6;0.0
65;2021-05-05;1188;1496;0;76018;34547;0;33.5;15.2;0.0
65;2021-05-06;1310;1096;0;77328;35643;0;34.1;15.7;0.0
65;2021-05-07;1103;1411;0;78431;37054;0;34.6;16.3;0.0
65;2021-05-08;1481;404;0;79912;37458;0;35.2;16.5;0.0
65;2021-05-09;11;92;0;79923;37550;0;35.2;16.6;0.0
65;2021-05-10;855;1661;0;80778;39211;0;35.6;17.3;0.0
65;2021-05-11;911;1648;0;81689;40859;0;36.0;18.0;0.0
65;2021-05-12;1043;1473;0;82732;42332;0;36.5;18.7;0.0
65;2021-05-13;1025;141;0;83757;42473;0;36.9;18.7;0.0
65;2021-05-14;1293;945;0;85050;43418;0;37.5;19.1;0.0
65;2021-05-15;1100;427;0;86150;43845;0;38.0;19.3;0.0
65;2021-05-16;1156;62;0;87306;43907;0;38.5;19.4;0.0
65;2021-05-17;954;1387;0;88260;45294;0;38.9;20.0;0.0
65;2021-05-18;1388;1053;0;89648;46347;0;39.5;20.4;0.0
65;2021-05-19;1429;911;0;91077;47258;0;40.2;20.8;0.0
65;2021-05-20;1582;909;0;92659;48167;0;40.8;21.2;0.0
65;2021-05-21;1456;950;0;94115;49117;0;41.5;21.7;0.0
65;2021-05-22;1100;624;0;95215;49741;0;42.0;21.9;0.0
65;2021-05-23;342;13;0;95557;49754;0;42.1;21.9;0.0
65;2021-05-24;531;71;0;96088;49825;0;42.4;22.0;0.0
65;2021-05-25;1209;1349;0;97297;51174;0;42.9;22.6;0.0
65;2021-05-26;1235;1239;0;98532;52413;0;43.4;23.1;0.0
65;2021-05-27;1228;1342;0;99760;53755;0;44.0;23.7;0.0
65;2021-05-28;1208;1544;0;100968;55299;0;44.5;24.4;0.0
65;2021-05-29;821;1346;0;101789;56645;0;44.9;25.0;0.0
65;2021-05-30;20;10;0;101809;56655;0;44.9;25.0;0.0
65;2021-05-31;1065;1205;0;102874;57860;0;45.4;25.5;0.0
65;2021-06-01;1421;925;0;104295;58785;0;46.0;25.9;0.0
65;2021-06-02;1243;987;0;105538;59772;0;46.5;26.3;0.0
65;2021-06-03;1117;1055;0;106655;60827;0;47.0;26.8;0.0
65;2021-06-04;1333;1439;0;107988;62266;0;47.6;27.4;0.0
65;2021-06-05;361;1134;0;108349;63400;0;47.8;27.9;0.0
65;2021-06-06;47;21;0;108396;63421;0;47.8;28.0;0.0
65;2021-06-07;620;1810;0;109016;65231;0;48.1;28.8;0.0
65;2021-06-08;844;1416;0;109860;66647;0;48.4;29.4;0.0
65;2021-06-09;780;1495;0;110640;68142;0;48.8;30.0;0.0
65;2021-06-10;764;1079;0;111404;69221;0;49.1;30.5;0.0
65;2021-06-11;834;1628;0;112238;70849;0;49.5;31.2;0.0
65;2021-06-12;187;603;0;112425;71452;0;49.6;31.5;0.0
65;2021-06-13;42;6;0;112467;71458;0;49.6;31.5;0.0
65;2021-06-14;504;2091;0;112971;73549;0;49.8;32.4;0.0
65;2021-06-15;901;1650;0;113872;75199;0;50.2;33.2;0.0
65;2021-06-16;1026;1253;0;114898;76452;0;50.7;33.7;0.0
65;2021-06-17;743;937;0;115641;77389;0;51.0;34.1;0.0
65;2021-06-18;954;1477;0;116595;78866;0;51.4;34.8;0.0
65;2021-06-19;631;1544;0;117226;80410;0;51.7;35.4;0.0
65;2021-06-20;14;9;0;117240;80419;0;51.7;35.5;0.0
65;2021-06-21;680;1683;0;117920;82102;0;52.0;36.2;0.0
65;2021-06-22;959;1316;0;118879;83418;0;52.4;36.8;0.0
65;2021-06-23;949;1098;0;119828;84516;0;52.8;37.3;0.0
65;2021-06-24;903;906;0;120731;85422;0;53.2;37.7;0.0
65;2021-06-25;805;1631;0;121536;87053;0;53.6;38.4;0.0
65;2021-06-26;175;1307;0;121711;88360;0;53.7;39.0;0.0
65;2021-06-27;24;904;0;121735;89264;0;53.7;39.4;0.0
65;2021-06-28;408;1906;0;122143;91170;0;53.8;40.2;0.0
65;2021-06-29;625;1694;0;122768;92864;0;54.1;40.9;0.0
65;2021-06-30;827;1477;0;123595;94341;0;54.5;41.6;0.0
65;2021-07-01;566;738;0;124161;95079;0;54.7;41.9;0.0
65;2021-07-02;1024;1500;0;125185;96579;0;55.2;42.6;0.0
65;2021-07-03;198;1469;0;125383;98048;0;55.3;43.2;0.0
65;2021-07-04;341;161;0;125724;98209;0;55.4;43.3;0.0
65;2021-07-05;516;1746;0;126240;99955;0;55.7;44.1;0.0
65;2021-07-06;722;1737;0;126962;101692;0;56.0;44.8;0.0
65;2021-07-07;802;1335;0;127764;103027;0;56.3;45.4;0.0
65;2021-07-08;368;648;0;128132;103675;0;56.5;45.7;0.0
65;2021-07-09;518;1388;0;128650;105063;0;56.7;46.3;0.0
65;2021-07-10;277;745;0;128927;105808;0;56.8;46.6;0.0
65;2021-07-11;14;15;0;128941;105823;0;56.8;46.7;0.0
65;2021-07-12;434;1791;0;129375;107614;0;57.0;47.4;0.0
65;2021-07-13;692;1766;0;130067;109380;0;57.3;48.2;0.0
65;2021-07-14;169;90;0;130236;109470;0;57.4;48.3;0.0
65;2021-07-15;1040;1462;0;131276;110932;0;57.9;48.9;0.0
65;2021-07-16;1127;1651;0;132403;112583;0;58.4;49.6;0.0
65;2021-07-17;418;452;0;132821;113035;0;58.6;49.8;0.0
65;2021-07-18;49;60;0;132870;113095;0;58.6;49.9;0.0
65;2021-07-19;731;1373;0;133601;114468;0;58.9;50.5;0.0
65;2021-07-20;1307;1549;0;134908;116017;0;59.5;51.1;0.0
65;2021-07-21;1301;1518;0;136209;117535;0;60.0;51.8;0.0
65;2021-07-22;1861;1152;0;138070;118687;0;60.9;52.3;0.0
65;2021-07-23;1527;1652;0;139597;120339;0;61.5;53.1;0.0
65;2021-07-24;1011;629;0;140608;120968;0;62.0;53.3;0.0
65;2021-07-25;86;60;0;140694;121028;0;62.0;53.4;0.0
65;2021-07-26;1105;1091;0;141799;122119;0;62.5;53.8;0.0
65;2021-07-27;1672;1697;0;143471;123816;0;63.2;54.6;0.0
65;2021-07-28;1477;1191;0;144948;125007;0;63.9;55.1;0.0
65;2021-07-29;2549;1062;0;147497;126069;0;65.0;55.6;0.0
65;2021-07-30;2177;1277;0;149674;127346;0;66.0;56.1;0.0
65;2021-07-31;1886;336;0;151560;127682;0;66.8;56.3;0.0
65;2021-08-01;52;29;0;151612;127711;0;66.8;56.3;0.0
65;2021-08-02;953;739;0;152565;128450;0;67.3;56.6;0.0
65;2021-08-03;1759;902;0;154324;129352;0;68.0;57.0;0.0
65;2021-08-04;1534;560;0;155858;129912;0;68.7;57.3;0.0
65;2021-08-05;1591;720;0;157449;130632;0;69.4;57.6;0.0
65;2021-08-06;1466;840;0;158915;131472;0;70.1;58.0;0.0
65;2021-08-07;646;464;0;159561;131936;0;70.3;58.2;0.0
65;2021-08-08;28;27;0;159589;131963;0;70.4;58.2;0.0
65;2021-08-09;647;950;0;160236;132913;0;70.6;58.6;0.0
65;2021-08-10;1039;1349;0;161275;134262;0;71.1;59.2;0.0
65;2021-08-11;670;1109;0;161945;135371;0;71.4;59.7;0.0
65;2021-08-12;718;1013;0;162663;136384;0;71.7;60.1;0.0
65;2021-08-13;423;882;0;163086;137266;0;71.9;60.5;0.0
65;2021-08-14;520;534;0;163606;137800;0;72.1;60.7;0.0
65;2021-08-15;15;42;0;163621;137842;0;72.1;60.8;0.0
65;2021-08-16;350;1413;0;163971;139255;0;72.3;61.4;0.0
65;2021-08-17;671;1970;0;164642;141225;0;72.6;62.3;0.0
65;2021-08-18;587;1440;0;165229;142665;0;72.8;62.9;0.0
65;2021-08-19;625;1165;0;165854;143830;0;73.1;63.4;0.0
65;2021-08-20;377;1202;0;166231;145032;0;73.3;63.9;0.0
65;2021-08-21;83;210;0;166314;145242;0;73.3;64.0;0.0
65;2021-08-22;13;41;0;166327;145283;0;73.3;64.0;0.0
65;2021-08-23;272;1556;0;166599;146839;0;73.4;64.7;0.0
65;2021-08-24;532;2191;0;167131;149030;0;73.7;65.7;0.0
65;2021-08-25;399;1756;0;167530;150786;0;73.9;66.5;0.0
65;2021-08-26;417;2028;0;167947;152814;0;74.0;67.4;0.0
65;2021-08-27;413;1768;0;168360;154582;0;74.2;68.1;0.0
65;2021-08-28;147;253;0;168507;154835;0;74.3;68.3;0.0
65;2021-08-29;9;26;0;168516;154861;0;74.3;68.3;0.0
65;2021-08-30;252;946;26;168768;155807;26;74.4;68.7;0.0
65;2021-08-31;406;1376;86;169174;157183;112;74.6;69.3;0.0
65;2021-09-01;452;1019;83;169626;158202;195;74.8;69.7;0.1
65;2021-09-02;347;802;126;169973;159004;321;74.9;70.1;0.1
65;2021-09-03;424;952;132;170397;159956;453;75.1;70.5;0.2
65;2021-09-04;172;757;63;170569;160713;516;75.2;70.8;0.2
65;2021-09-05;22;22;23;170591;160735;539;75.2;70.9;0.2
65;2021-09-06;261;498;287;170852;161233;826;75.3;71.1;0.4
65;2021-09-07;291;729;369;171143;161962;1195;75.4;71.4;0.5
65;2021-09-08;327;662;236;171470;162624;1431;75.6;71.7;0.6
65;2021-09-09;227;556;191;171697;163180;1622;75.7;71.9;0.7
65;2021-09-10;354;694;192;172051;163874;1814;75.8;72.2;0.8
65;2021-09-11;67;165;26;172118;164039;1840;75.9;72.3;0.8
65;2021-09-12;8;12;0;172126;164051;1840;75.9;72.3;0.8
65;2021-09-13;192;311;193;172318;164362;2033;76.0;72.5;0.9
65;2021-09-14;172;321;261;172490;164683;2294;76.0;72.6;1.0
65;2021-09-15;235;583;331;172725;165266;2625;76.1;72.9;1.2
65;2021-09-16;147;222;224;172872;165488;2849;76.2;73.0;1.3
65;2021-09-17;254;496;371;173126;165984;3220;76.3;73.2;1.4
65;2021-09-18;91;253;83;173217;166237;3303;76.4;73.3;1.5
65;2021-09-19;3;15;4;173220;166252;3307;76.4;73.3;1.5
65;2021-09-20;103;223;242;173323;166475;3549;76.4;73.4;1.6
65;2021-09-21;110;250;246;173433;166725;3795;76.5;73.5;1.7
65;2021-09-22;143;601;334;173576;167326;4129;76.5;73.8;1.8
65;2021-09-23;60;169;245;173636;167495;4374;76.5;73.8;1.9
65;2021-09-24;158;506;284;173794;168001;4658;76.6;74.1;2.1
65;2021-09-25;78;213;40;173872;168214;4698;76.6;74.2;2.1
65;2021-09-26;2;4;9;173874;168218;4707;76.7;74.2;2.1
65;2021-09-27;55;236;179;173929;168454;4886;76.7;74.3;2.2
65;2021-09-28;85;268;340;174014;168722;5226;76.7;74.4;2.3
65;2021-09-29;140;386;282;174154;169108;5508;76.8;74.5;2.4
65;2021-09-30;47;134;158;174201;169242;5666;76.8;74.6;2.5
65;2021-10-01;180;354;324;174381;169596;5990;76.9;74.8;2.6
65;2021-10-02;26;71;10;174407;169667;6000;76.9;74.8;2.6
65;2021-10-03;0;9;0;174407;169676;6000;76.9;74.8;2.6
65;2021-10-04;123;236;270;174530;169912;6270;76.9;74.9;2.8
65;2021-10-05;67;170;237;174597;170082;6507;77.0;75.0;2.9
65;2021-10-06;151;320;334;174748;170402;6841;77.0;75.1;3.0
65;2021-10-07;69;148;191;174817;170550;7032;77.1;75.2;3.1
65;2021-10-08;181;373;361;174998;170923;7393;77.1;75.3;3.3
65;2021-10-09;32;42;36;175030;170965;7429;77.2;75.4;3.3
65;2021-10-10;4;4;1;175034;170969;7430;77.2;75.4;3.3
65;2021-10-11;93;183;344;175127;171152;7774;77.2;75.5;3.4
65;2021-10-12;48;111;313;175175;171263;8087;77.2;75.5;3.6
65;2021-10-13;125;214;337;175300;171477;8424;77.3;75.6;3.7
65;2021-10-14;45;100;122;175345;171577;8546;77.3;75.6;3.8
65;2021-10-15;172;222;577;175517;171799;9123;77.4;75.7;4.0
65;2021-10-16;32;22;12;175549;171821;9135;77.4;75.7;4.0
65;2021-10-17;1;2;2;175550;171823;9137;77.4;75.7;4.0
65;2021-10-18;91;113;319;175641;171936;9456;77.4;75.8;4.2
65;2021-10-19;52;62;245;175693;171998;9701;77.5;75.8;4.3
65;2021-10-20;107;153;504;175800;172151;10205;77.5;75.9;4.5
65;2021-10-21;40;54;111;175840;172205;10316;77.5;75.9;4.5
65;2021-10-22;123;197;600;175963;172402;10916;77.6;76.0;4.8
65;2021-10-23;12;29;34;175975;172431;10950;77.6;76.0;4.8
65;2021-10-24;1;7;6;175976;172438;10956;77.6;76.0;4.8
65;2021-10-25;95;134;496;176071;172572;11452;77.6;76.1;5.0
65;2021-10-26;33;45;262;176104;172617;11714;77.6;76.1;5.2
65;2021-10-27;96;143;525;176200;172760;12239;77.7;76.2;5.4
65;2021-10-28;25;34;172;176225;172794;12411;77.7;76.2;5.5
65;2021-10-29;98;217;592;176323;173011;13003;77.7;76.3;5.7
65;2021-10-30;20;33;19;176343;173044;13022;77.7;76.3;5.7
65;2021-10-31;0;1;0;176343;173045;13022;77.7;76.3;5.7
65;2021-11-01;9;12;1;176352;173057;13023;77.7;76.3;5.7
65;2021-11-02;35;63;298;176387;173120;13321;77.8;76.3;5.9
65;2021-11-03;115;168;745;176502;173288;14066;77.8;76.4;6.2
65;2021-11-04;37;42;343;176539;173330;14409;77.8;76.4;6.4
65;2021-11-05;103;163;759;176642;173493;15168;77.9;76.5;6.7
65;2021-11-06;23;36;101;176665;173529;15269;77.9;76.5;6.7
65;2021-11-07;1;5;1;176666;173534;15270;77.9;76.5;6.7
65;2021-11-08;53;97;707;176719;173631;15977;77.9;76.5;7.0
65;2021-11-09;37;57;509;176756;173688;16486;77.9;76.6;7.3
65;2021-11-10;95;118;964;176851;173806;17450;78.0;76.6;7.7
65;2021-11-11;0;4;22;176851;173810;17472;78.0;76.6;7.7
65;2021-11-12;95;147;1269;176946;173957;18741;78.0;76.7;8.3
65;2021-11-13;8;13;66;176954;173970;18807;78.0;76.7;8.3
65;2021-11-14;0;5;4;176954;173975;18811;78.0;76.7;8.3
65;2021-11-15;50;99;814;177004;174074;19625;78.0;76.7;8.7
65;2021-11-16;59;58;838;177063;174132;20463;78.1;76.8;9.0
65;2021-11-17;81;131;1096;177144;174263;21559;78.1;76.8;9.5
65;2021-11-18;57;47;631;177201;174310;22190;78.1;76.8;9.8
65;2021-11-19;98;128;1358;177299;174438;23548;78.2;76.9;10.4
65;2021-11-20;20;20;159;177319;174458;23707;78.2;76.9;10.5
65;2021-11-21;2;3;7;177321;174461;23714;78.2;76.9;10.5
65;2021-11-22;52;51;971;177373;174512;24685;78.2;76.9;10.9
65;2021-11-23;69;51;1250;177442;174563;25935;78.2;77.0;11.4
65;2021-11-24;97;105;1284;177539;174668;27219;78.3;77.0;12.0
65;2021-11-25;73;40;1051;177612;174708;28270;78.3;77.0;12.5
65;2021-11-26;120;127;2195;177732;174835;30465;78.4;77.1;13.4
65;2021-11-27;42;25;1116;177774;174860;31581;78.4;77.1;13.9
65;2021-11-28;24;15;562;177798;174875;32143;78.4;77.1;14.2
65;2021-11-29;54;73;1562;177852;174948;33705;78.4;77.1;14.9
65;2021-11-30;113;69;2431;177965;175017;36136;78.5;77.2;15.9
65;2021-12-01;89;125;2405;178054;175142;38541;78.5;77.2;17.0
65;2021-12-02;93;67;2529;178147;175209;41070;78.5;77.2;18.1
65;2021-12-03;91;111;2784;178238;175320;43854;78.6;77.3;19.3
65;2021-12-04;40;35;1155;178278;175355;45009;78.6;77.3;19.8
65;2021-12-05;2;10;685;178280;175365;45694;78.6;77.3;20.1
65;2021-12-06;57;61;1981;178337;175426;47675;78.6;77.3;21.0
65;2021-12-07;73;63;2756;178410;175489;50431;78.7;77.4;22.2
65;2021-12-08;85;116;2573;178495;175605;53004;78.7;77.4;23.4
65;2021-12-09;64;59;2882;178559;175664;55886;78.7;77.4;24.6
65;2021-12-10;83;101;3048;178642;175765;58934;78.8;77.5;26.0
65;2021-12-11;57;33;1408;178699;175798;60342;78.8;77.5;26.6
65;2021-12-12;6;8;821;178705;175806;61163;78.8;77.5;27.0
65;2021-12-13;62;55;2187;178767;175861;63350;78.8;77.5;27.9
65;2021-12-14;90;105;2941;178857;175966;66291;78.8;77.6;29.2
65;2021-12-15;88;106;3166;178945;176072;69457;78.9;77.6;30.6
65;2021-12-16;90;71;3293;179035;176143;72750;78.9;77.7;32.1
65;2021-12-17;114;148;3689;179149;176291;76439;79.0;77.7;33.7
65;2021-12-18;61;42;1377;179210;176333;77816;79.0;77.7;34.3
65;2021-12-19;40;16;910;179250;176349;78726;79.0;77.7;34.7
65;2021-12-20;124;114;2495;179374;176463;81221;79.1;77.8;35.8
65;2021-12-21;144;115;2663;179518;176578;83884;79.1;77.8;37.0
65;2021-12-22;131;114;2272;179649;176692;86156;79.2;77.9;38.0
66;2020-12-27;0;0;0;0;0;0;0.0;0.0;0.0
66;2020-12-28;5;0;0;5;0;0;0.0;0.0;0.0
66;2020-12-29;1;0;0;6;0;0;0.0;0.0;0.0
66;2020-12-30;0;0;0;6;0;0;0.0;0.0;0.0
66;2020-12-31;2;0;0;8;0;0;0.0;0.0;0.0
66;2021-01-01;2;0;0;10;0;0;0.0;0.0;0.0
66;2021-01-02;0;0;0;10;0;0;0.0;0.0;0.0
66;2021-01-03;0;0;0;10;0;0;0.0;0.0;0.0
66;2021-01-04;31;0;0;41;0;0;0.0;0.0;0.0
66;2021-01-05;134;0;0;175;0;0;0.0;0.0;0.0
66;2021-01-06;184;0;0;359;0;0;0.1;0.0;0.0
66;2021-01-07;169;0;0;528;0;0;0.1;0.0;0.0
66;2021-01-08;212;0;0;740;0;0;0.2;0.0;0.0
66;2021-01-09;227;0;0;967;0;0;0.2;0.0;0.0
66;2021-01-10;9;0;0;976;0;0;0.2;0.0;0.0
66;2021-01-11;387;2;0;1363;2;0;0.3;0.0;0.0
66;2021-01-12;547;2;0;1910;4;0;0.4;0.0;0.0
66;2021-01-13;850;9;0;2760;13;0;0.6;0.0;0.0
66;2021-01-14;855;12;0;3615;25;0;0.8;0.0;0.0
66;2021-01-15;582;1;0;4197;26;0;0.9;0.0;0.0
66;2021-01-16;114;3;0;4311;29;0;0.9;0.0;0.0
66;2021-01-17;46;1;0;4357;30;0;0.9;0.0;0.0
66;2021-01-18;616;3;0;4973;33;0;1.0;0.0;0.0
66;2021-01-19;706;4;0;5679;37;0;1.2;0.0;0.0
66;2021-01-20;1129;6;0;6808;43;0;1.4;0.0;0.0
66;2021-01-21;2301;7;0;9109;50;0;1.9;0.0;0.0
66;2021-01-22;1365;9;0;10474;59;0;2.2;0.0;0.0
66;2021-01-23;388;4;0;10862;63;0;2.3;0.0;0.0
66;2021-01-24;216;9;0;11078;72;0;2.3;0.0;0.0
66;2021-01-25;691;44;0;11769;116;0;2.5;0.0;0.0
66;2021-01-26;786;63;0;12555;179;0;2.6;0.0;0.0
66;2021-01-27;834;95;0;13389;274;0;2.8;0.1;0.0
66;2021-01-28;836;120;0;14225;394;0;3.0;0.1;0.0
66;2021-01-29;786;125;0;15011;519;0;3.1;0.1;0.0
66;2021-01-30;455;85;0;15466;604;0;3.2;0.1;0.0
66;2021-01-31;197;25;0;15663;629;0;3.3;0.1;0.0
66;2021-02-01;545;185;0;16208;814;0;3.4;0.2;0.0
66;2021-02-02;619;276;0;16827;1090;0;3.5;0.2;0.0
66;2021-02-03;713;578;0;17540;1668;0;3.7;0.3;0.0
66;2021-02-04;688;601;0;18228;2269;0;3.8;0.5;0.0
66;2021-02-05;758;411;0;18986;2680;0;4.0;0.6;0.0
66;2021-02-06;400;143;0;19386;2823;0;4.0;0.6;0.0
66;2021-02-07;165;138;0;19551;2961;0;4.1;0.6;0.0
66;2021-02-08;486;366;0;20037;3327;0;4.2;0.7;0.0
66;2021-02-09;512;392;0;20549;3719;0;4.3;0.8;0.0
66;2021-02-10;595;757;0;21144;4476;0;4.4;0.9;0.0
66;2021-02-11;1072;1518;0;22216;5994;0;4.6;1.3;0.0
66;2021-02-12;1079;1131;0;23295;7125;0;4.9;1.5;0.0
66;2021-02-13;345;299;0;23640;7424;0;4.9;1.5;0.0
66;2021-02-14;106;191;0;23746;7615;0;5.0;1.6;0.0
66;2021-02-15;421;680;0;24167;8295;0;5.0;1.7;0.0
66;2021-02-16;311;778;0;24478;9073;0;5.1;1.9;0.0
66;2021-02-17;360;669;0;24838;9742;0;5.2;2.0;0.0
66;2021-02-18;371;748;0;25209;10490;0;5.3;2.2;0.0
66;2021-02-19;386;681;0;25595;11171;0;5.3;2.3;0.0
66;2021-02-20;172;388;0;25767;11559;0;5.4;2.4;0.0
66;2021-02-21;34;162;0;25801;11721;0;5.4;2.4;0.0
66;2021-02-22;405;598;0;26206;12319;0;5.5;2.6;0.0
66;2021-02-23;504;651;0;26710;12970;0;5.6;2.7;0.0
66;2021-02-24;355;733;0;27065;13703;0;5.7;2.9;0.0
66;2021-02-25;706;687;0;27771;14390;0;5.8;3.0;0.0
66;2021-02-26;934;740;0;28705;15130;0;6.0;3.2;0.0
66;2021-02-27;359;407;0;29064;15537;0;6.1;3.2;0.0
66;2021-02-28;59;167;0;29123;15704;0;6.1;3.3;0.0
66;2021-03-01;346;613;0;29469;16317;0;6.2;3.4;0.0
66;2021-03-02;329;651;0;29798;16968;0;6.2;3.5;0.0
66;2021-03-03;525;613;0;30323;17581;0;6.3;3.7;0.0
66;2021-03-04;989;1044;0;31312;18625;0;6.5;3.9;0.0
66;2021-03-05;1506;782;0;32818;19407;0;6.9;4.1;0.0
66;2021-03-06;1126;332;0;33944;19739;0;7.1;4.1;0.0
66;2021-03-07;1028;96;0;34972;19835;0;7.3;4.1;0.0
66;2021-03-08;663;525;0;35635;20360;0;7.4;4.3;0.0
66;2021-03-09;1189;583;0;36824;20943;0;7.7;4.4;0.0
66;2021-03-10;1273;503;0;38097;21446;0;8.0;4.5;0.0
66;2021-03-11;1463;572;0;39560;22018;0;8.3;4.6;0.0
66;2021-03-12;2340;562;0;41900;22580;0;8.7;4.7;0.0
66;2021-03-13;1072;297;0;42972;22877;0;9.0;4.8;0.0
66;2021-03-14;194;83;0;43166;22960;0;9.0;4.8;0.0
66;2021-03-15;1049;394;0;44215;23354;0;9.2;4.9;0.0
66;2021-03-16;928;266;0;45143;23620;0;9.4;4.9;0.0
66;2021-03-17;855;382;0;45998;24002;0;9.6;5.0;0.0
66;2021-03-18;946;328;0;46944;24330;0;9.8;5.1;0.0
66;2021-03-19;1244;318;0;48188;24648;0;10.1;5.1;0.0
66;2021-03-20;812;118;0;49000;24766;0;10.2;5.2;0.0
66;2021-03-21;186;40;0;49186;24806;0;10.3;5.2;0.0
66;2021-03-22;1089;387;0;50275;25193;0;10.5;5.3;0.0
66;2021-03-23;1717;386;0;51992;25579;0;10.9;5.3;0.0
66;2021-03-24;1772;507;0;53764;26086;0;11.2;5.4;0.0
66;2021-03-25;2509;464;0;56273;26550;0;11.7;5.5;0.0
66;2021-03-26;2480;374;0;58753;26924;0;12.3;5.6;0.0
66;2021-03-27;1171;287;0;59924;27211;0;12.5;5.7;0.0
66;2021-03-28;323;3;0;60247;27214;0;12.6;5.7;0.0
66;2021-03-29;1734;244;0;61981;27458;0;12.9;5.7;0.0
66;2021-03-30;2167;175;0;64148;27633;0;13.4;5.8;0.0
66;2021-03-31;1931;245;0;66079;27878;0;13.8;5.8;0.0
66;2021-04-01;2574;319;0;68653;28197;0;14.3;5.9;0.0
66;2021-04-02;2329;266;0;70982;28463;0;14.8;5.9;0.0
66;2021-04-03;1104;318;0;72086;28781;0;15.0;6.0;0.0
66;2021-04-04;104;117;0;72190;28898;0;15.1;6.0;0.0
66;2021-04-05;201;135;0;72391;29033;0;15.1;6.1;0.0
66;2021-04-06;1244;631;0;73635;29664;0;15.4;6.2;0.0
66;2021-04-07;1378;573;0;75013;30237;0;15.7;6.3;0.0
66;2021-04-08;1945;551;0;76958;30788;0;16.1;6.4;0.0
66;2021-04-09;3382;677;0;80340;31465;0;16.8;6.6;0.0
66;2021-04-10;2189;509;0;82529;31974;0;17.2;6.7;0.0
66;2021-04-11;1137;163;0;83666;32137;0;17.5;6.7;0.0
66;2021-04-12;2543;989;0;86209;33126;0;18.0;6.9;0.0
66;2021-04-13;3434;1047;0;89643;34173;0;18.7;7.1;0.0
66;2021-04-14;3131;905;0;92774;35078;0;19.4;7.3;0.0
66;2021-04-15;3370;1002;0;96144;36080;0;20.1;7.5;0.0
66;2021-04-16;3383;1015;0;99527;37095;0;20.8;7.7;0.0
66;2021-04-17;2124;578;0;101651;37673;0;21.2;7.9;0.0
66;2021-04-18;1344;138;0;102995;37811;0;21.5;7.9;0.0
66;2021-04-19;2106;1087;0;105101;38898;0;21.9;8.1;0.0
66;2021-04-20;2212;1059;0;107313;39957;0;22.4;8.3;0.0
66;2021-04-21;2633;1150;0;109946;41107;0;23.0;8.6;0.0
66;2021-04-22;2517;1204;0;112463;42311;0;23.5;8.8;0.0
66;2021-04-23;2228;1185;0;114691;43496;0;23.9;9.1;0.0
66;2021-04-24;2535;845;0;117226;44341;0;24.5;9.3;0.0
66;2021-04-25;1126;271;0;118352;44612;0;24.7;9.3;0.0
66;2021-04-26;1849;1176;0;120201;45788;0;25.1;9.6;0.0
66;2021-04-27;2572;1263;0;122773;47051;0;25.6;9.8;0.0
66;2021-04-28;2297;1609;0;125070;48660;0;26.1;10.2;0.0
66;2021-04-29;2511;2029;0;127581;50689;0;26.6;10.6;0.0
66;2021-04-30;2847;1472;0;130428;52161;0;27.2;10.9;0.0
66;2021-05-01;1870;470;0;132298;52631;0;27.6;11.0;0.0
66;2021-05-02;1420;259;0;133718;52890;0;27.9;11.0;0.0
66;2021-05-03;2777;1055;0;136495;53945;0;28.5;11.3;0.0
66;2021-05-04;2938;1271;0;139433;55216;0;29.1;11.5;0.0
66;2021-05-05;2882;1513;0;142315;56729;0;29.7;11.8;0.0
66;2021-05-06;3531;2001;0;145846;58730;0;30.4;12.3;0.0
66;2021-05-07;2824;2960;0;148670;61690;0;31.0;12.9;0.0
66;2021-05-08;1598;1111;0;150268;62801;0;31.4;13.1;0.0
66;2021-05-09;836;1308;0;151104;64109;0;31.5;13.4;0.0
66;2021-05-10;1671;2770;0;152775;66879;0;31.9;14.0;0.0
66;2021-05-11;2582;2974;0;155357;69853;0;32.4;14.6;0.0
66;2021-05-12;2210;2422;0;157567;72275;0;32.9;15.1;0.0
66;2021-05-13;1971;1283;0;159538;73558;0;33.3;15.4;0.0
66;2021-05-14;2488;1994;0;162026;75552;0;33.8;15.8;0.0
66;2021-05-15;2048;1466;0;164074;77018;0;34.3;16.1;0.0
66;2021-05-16;1983;1138;0;166057;78156;0;34.7;16.3;0.0
66;2021-05-17;1886;1733;0;167943;79889;0;35.1;16.7;0.0
66;2021-05-18;2913;1669;0;170856;81558;0;35.7;17.0;0.0
66;2021-05-19;2618;1276;0;173474;82834;0;36.2;17.3;0.0
66;2021-05-20;3969;1363;0;177443;84197;0;37.0;17.6;0.0
66;2021-05-21;2971;1368;0;180414;85565;0;37.7;17.9;0.0
66;2021-05-22;2729;739;0;183143;86304;0;38.2;18.0;0.0
66;2021-05-23;1359;211;0;184502;86515;0;38.5;18.1;0.0
66;2021-05-24;1819;400;0;186321;86915;0;38.9;18.1;0.0
66;2021-05-25;2602;1579;0;188923;88494;0;39.4;18.5;0.0
66;2021-05-26;2590;1394;0;191513;89888;0;40.0;18.8;0.0
66;2021-05-27;3124;2106;0;194637;91994;0;40.6;19.2;0.0
66;2021-05-28;2489;2903;0;197126;94897;0;41.2;19.8;0.0
66;2021-05-29;1910;1396;0;199036;96293;0;41.6;20.1;0.0
66;2021-05-30;720;904;0;199756;97197;0;41.7;20.3;0.0
66;2021-05-31;1933;1638;0;201689;98835;0;42.1;20.6;0.0
66;2021-06-01;2452;1906;0;204141;100741;0;42.6;21.0;0.0
66;2021-06-02;2601;2208;0;206742;102949;0;43.2;21.5;0.0
66;2021-06-03;2346;2777;0;209088;105726;0;43.7;22.1;0.0
66;2021-06-04;1751;3170;0;210839;108896;0;44.0;22.7;0.0
66;2021-06-05;1278;2446;0;212117;111342;0;44.3;23.2;0.0
66;2021-06-06;314;1142;0;212431;112484;0;44.3;23.5;0.0
66;2021-06-07;1267;2720;0;213698;115204;0;44.6;24.1;0.0
66;2021-06-08;1670;2847;0;215368;118051;0;45.0;24.6;0.0
66;2021-06-09;1912;2593;0;217280;120644;0;45.4;25.2;0.0
66;2021-06-10;1971;2737;0;219251;123381;0;45.8;25.8;0.0
66;2021-06-11;1938;3595;0;221189;126976;0;46.2;26.5;0.0
66;2021-06-12;818;2248;0;222007;129224;0;46.3;27.0;0.0
66;2021-06-13;468;1268;0;222475;130492;0;46.4;27.2;0.0
66;2021-06-14;1297;3245;0;223772;133737;0;46.7;27.9;0.0
66;2021-06-15;1998;3328;0;225770;137065;0;47.1;28.6;0.0
66;2021-06-16;1724;3317;0;227494;140382;0;47.5;29.3;0.0
66;2021-06-17;2241;3363;0;229735;143745;0;48.0;30.0;0.0
66;2021-06-18;2051;3550;0;231786;147295;0;48.4;30.8;0.0
66;2021-06-19;1378;2100;0;233164;149395;0;48.7;31.2;0.0
66;2021-06-20;874;1116;0;234038;150511;0;48.9;31.4;0.0
66;2021-06-21;1042;2660;0;235080;153171;0;49.1;32.0;0.0
66;2021-06-22;1382;3440;0;236462;156611;0;49.4;32.7;0.0
66;2021-06-23;1217;2754;0;237679;159365;0;49.6;33.3;0.0
66;2021-06-24;1360;2948;0;239039;162313;0;49.9;33.9;0.0
66;2021-06-25;1309;3228;0;240348;165541;0;50.2;34.6;0.0
66;2021-06-26;861;2396;0;241209;167937;0;50.4;35.1;0.0
66;2021-06-27;594;1382;0;241803;169319;0;50.5;35.3;0.0
66;2021-06-28;904;2773;0;242707;172092;0;50.7;35.9;0.0
66;2021-06-29;1073;3469;0;243780;175561;0;50.9;36.7;0.0
66;2021-06-30;1176;3027;0;244956;178588;0;51.1;37.3;0.0
66;2021-07-01;1347;3793;0;246303;182381;0;51.4;38.1;0.0
66;2021-07-02;1231;3270;0;247534;185651;0;51.7;38.8;0.0
66;2021-07-03;1026;3590;0;248560;189241;0;51.9;39.5;0.0
66;2021-07-04;632;1625;0;249192;190866;0;52.0;39.8;0.0
66;2021-07-05;977;2726;0;250169;193592;0;52.2;40.4;0.0
66;2021-07-06;1220;3455;0;251389;197047;0;52.5;41.1;0.0
66;2021-07-07;1242;2978;0;252631;200025;0;52.7;41.8;0.0
66;2021-07-08;1156;3116;0;253787;203141;0;53.0;42.4;0.0
66;2021-07-09;1279;3121;0;255066;206262;0;53.2;43.1;0.0
66;2021-07-10;884;2119;0;255950;208381;0;53.4;43.5;0.0
66;2021-07-11;475;1377;0;256425;209758;0;53.5;43.8;0.0
66;2021-07-12;859;3249;0;257284;213007;0;53.7;44.5;0.0
66;2021-07-13;1883;3910;0;259167;216917;0;54.1;45.3;0.0
66;2021-07-14;1682;1106;0;260849;218023;0;54.5;45.5;0.0
66;2021-07-15;2440;2719;0;263289;220742;0;55.0;46.1;0.0
66;2021-07-16;2854;2841;0;266143;223583;0;55.6;46.7;0.0
66;2021-07-17;1882;1815;0;268025;225398;0;56.0;47.1;0.0
66;2021-07-18;1027;966;0;269052;226364;0;56.2;47.3;0.0
66;2021-07-19;2297;2597;0;271349;228961;0;56.6;47.8;0.0
66;2021-07-20;2940;2555;0;274289;231516;0;57.3;48.3;0.0
66;2021-07-21;3270;2540;0;277559;234056;0;57.9;48.9;0.0
66;2021-07-22;3442;2464;0;281001;236520;0;58.7;49.4;0.0
66;2021-07-23;3439;2562;0;284440;239082;0;59.4;49.9;0.0
66;2021-07-24;2434;1708;0;286874;240790;0;59.9;50.3;0.0
66;2021-07-25;1855;1070;0;288729;241860;0;60.3;50.5;0.0
66;2021-07-26;2327;2175;0;291056;244035;0;60.8;50.9;0.0
66;2021-07-27;2745;2409;0;293801;246444;0;61.3;51.4;0.0
66;2021-07-28;2914;2222;0;296715;248666;0;61.9;51.9;0.0
66;2021-07-29;3383;2146;0;300098;250812;0;62.7;52.4;0.0
66;2021-07-30;3635;2103;0;303733;252915;0;63.4;52.8;0.0
66;2021-07-31;1977;1493;0;305710;254408;0;63.8;53.1;0.0
66;2021-08-01;1505;713;0;307215;255121;0;64.1;53.3;0.0
66;2021-08-02;1976;1481;0;309191;256602;0;64.5;53.6;0.0
66;2021-08-03;2239;1533;0;311430;258135;0;65.0;53.9;0.0
66;2021-08-04;2137;1550;0;313567;259685;0;65.5;54.2;0.0
66;2021-08-05;2044;1894;0;315611;261579;0;65.9;54.6;0.0
66;2021-08-06;1978;2061;0;317589;263640;0;66.3;55.0;0.0
66;2021-08-07;1348;1701;0;318937;265341;0;66.6;55.4;0.0
66;2021-08-08;490;1110;0;319427;266451;0;66.7;55.6;0.0
66;2021-08-09;1170;2091;0;320597;268542;0;66.9;56.1;0.0
66;2021-08-10;1435;2384;0;322032;270926;0;67.2;56.6;0.0
66;2021-08-11;1384;2375;0;323416;273301;0;67.5;57.1;0.0
66;2021-08-12;1466;2446;0;324882;275747;0;67.8;57.6;0.0
66;2021-08-13;1286;2428;0;326168;278175;0;68.1;58.1;0.0
66;2021-08-14;573;2160;0;326741;280335;0;68.2;58.5;0.0
66;2021-08-15;133;1351;0;326874;281686;0;68.2;58.8;0.0
66;2021-08-16;1176;2171;0;328050;283857;0;68.5;59.3;0.0
66;2021-08-17;1310;2474;0;329360;286331;0;68.8;59.8;0.0
66;2021-08-18;1171;2596;0;330531;288927;0;69.0;60.3;0.0
66;2021-08-19;1007;2506;0;331538;291433;0;69.2;60.8;0.0
66;2021-08-20;890;2872;0;332428;294305;0;69.4;61.4;0.0
66;2021-08-21;529;1791;0;332957;296096;0;69.5;61.8;0.0
66;2021-08-22;200;1185;0;333157;297281;0;69.6;62.1;0.0
66;2021-08-23;1047;2417;0;334204;299698;0;69.8;62.6;0.0
66;2021-08-24;907;2491;0;335111;302189;0;70.0;63.1;0.0
66;2021-08-25;853;1971;0;335964;304160;0;70.1;63.5;0.0
66;2021-08-26;860;1994;0;336824;306154;0;70.3;63.9;0.0
66;2021-08-27;805;2137;0;337629;308291;0;70.5;64.4;0.0
66;2021-08-28;470;1064;0;338099;309355;0;70.6;64.6;0.0
66;2021-08-29;217;326;0;338316;309681;0;70.6;64.7;0.0
66;2021-08-30;803;2260;50;339119;311941;50;70.8;65.1;0.0
66;2021-08-31;767;2269;79;339886;314210;129;71.0;65.6;0.0
66;2021-09-01;764;1658;204;340650;315868;333;71.1;65.9;0.1
66;2021-09-02;625;1433;235;341275;317301;568;71.2;66.2;0.1
66;2021-09-03;654;1703;276;341929;319004;844;71.4;66.6;0.2
66;2021-09-04;652;1479;133;342581;320483;977;71.5;66.9;0.2
66;2021-09-05;193;268;44;342774;320751;1021;71.6;67.0;0.2
66;2021-09-06;437;1264;515;343211;322015;1536;71.7;67.2;0.3
66;2021-09-07;369;1078;421;343580;323093;1957;71.7;67.5;0.4
66;2021-09-08;559;1178;423;344139;324271;2380;71.8;67.7;0.5
66;2021-09-09;451;1046;447;344590;325317;2827;71.9;67.9;0.6
66;2021-09-10;476;1064;409;345066;326381;3236;72.0;68.1;0.7
66;2021-09-11;482;1085;135;345548;327466;3371;72.1;68.4;0.7
66;2021-09-12;94;134;41;345642;327600;3412;72.2;68.4;0.7
66;2021-09-13;358;1001;622;346000;328601;4034;72.2;68.6;0.8
66;2021-09-14;383;780;580;346383;329381;4614;72.3;68.8;1.0
66;2021-09-15;480;931;625;346863;330312;5239;72.4;69.0;1.1
66;2021-09-16;372;677;535;347235;330989;5774;72.5;69.1;1.2
66;2021-09-17;351;719;660;347586;331708;6434;72.6;69.3;1.3
66;2021-09-18;343;1024;160;347929;332732;6594;72.6;69.5;1.4
66;2021-09-19;76;220;38;348005;332952;6632;72.7;69.5;1.4
66;2021-09-20;282;623;400;348287;333575;7032;72.7;69.6;1.5
66;2021-09-21;288;557;568;348575;334132;7600;72.8;69.8;1.6
66;2021-09-22;306;741;555;348881;334873;8155;72.8;69.9;1.7
66;2021-09-23;236;480;409;349117;335353;8564;72.9;70.0;1.8
66;2021-09-24;331;722;397;349448;336075;8961;73.0;70.2;1.9
66;2021-09-25;216;836;125;349664;336911;9086;73.0;70.3;1.9
66;2021-09-26;63;204;11;349727;337115;9097;73.0;70.4;1.9
66;2021-09-27;178;477;444;349905;337592;9541;73.0;70.5;2.0
66;2021-09-28;251;492;327;350156;338084;9868;73.1;70.6;2.1
66;2021-09-29;236;548;314;350392;338632;10182;73.2;70.7;2.1
66;2021-09-30;321;448;480;350713;339080;10662;73.2;70.8;2.2
66;2021-10-01;402;519;409;351115;339599;11071;73.3;70.9;2.3
66;2021-10-02;278;583;102;351393;340182;11173;73.4;71.0;2.3
66;2021-10-03;75;113;40;351468;340295;11213;73.4;71.0;2.3
66;2021-10-04;252;378;524;351720;340673;11737;73.4;71.1;2.5
66;2021-10-05;242;382;597;351962;341055;12334;73.5;71.2;2.6
66;2021-10-06;211;370;459;352173;341425;12793;73.5;71.3;2.7
66;2021-10-07;233;425;472;352406;341850;13265;73.6;71.4;2.8
66;2021-10-08;285;496;646;352691;342346;13911;73.6;71.5;2.9
66;2021-10-09;295;483;260;352986;342829;14171;73.7;71.6;3.0
66;2021-10-10;6;19;5;352992;342848;14176;73.7;71.6;3.0
66;2021-10-11;214;374;389;353206;343222;14565;73.7;71.7;3.0
66;2021-10-12;227;318;575;353433;343540;15140;73.8;71.7;3.2
66;2021-10-13;221;397;606;353654;343937;15746;73.8;71.8;3.3
66;2021-10-14;210;287;627;353864;344224;16373;73.9;71.9;3.4
66;2021-10-15;329;385;715;354193;344609;17088;73.9;71.9;3.6
66;2021-10-16;232;298;194;354425;344907;17282;74.0;72.0;3.6
66;2021-10-17;7;17;0;354432;344924;17282;74.0;72.0;3.6
66;2021-10-18;193;227;500;354625;345151;17782;74.0;72.1;3.7
66;2021-10-19;207;273;699;354832;345424;18481;74.1;72.1;3.9
66;2021-10-20;192;262;688;355024;345686;19169;74.1;72.2;4.0
66;2021-10-21;211;342;880;355235;346028;20049;74.2;72.2;4.2
66;2021-10-22;207;321;745;355442;346349;20794;74.2;72.3;4.3
66;2021-10-23;221;290;331;355663;346639;21125;74.3;72.4;4.4
66;2021-10-24;4;11;14;355667;346650;21139;74.3;72.4;4.4
66;2021-10-25;173;305;681;355840;346955;21820;74.3;72.4;4.6
66;2021-10-26;149;220;697;355989;347175;22517;74.3;72.5;4.7
66;2021-10-27;135;209;791;356124;347384;23308;74.3;72.5;4.9
66;2021-10-28;171;229;809;356295;347613;24117;74.4;72.6;5.0
66;2021-10-29;183;267;765;356478;347880;24882;74.4;72.6;5.2
66;2021-10-30;120;224;313;356598;348104;25195;74.4;72.7;5.3
66;2021-10-31;6;3;5;356604;348107;25200;74.4;72.7;5.3
66;2021-11-01;38;32;11;356642;348139;25211;74.5;72.7;5.3
66;2021-11-02;195;281;900;356837;348420;26111;74.5;72.7;5.5
66;2021-11-03;214;271;1019;357051;348691;27130;74.5;72.8;5.7
66;2021-11-04;216;206;1085;357267;348897;28215;74.6;72.8;5.9
66;2021-11-05;200;291;1171;357467;349188;29386;74.6;72.9;6.1
66;2021-11-06;148;263;453;357615;349451;29839;74.7;73.0;6.2
66;2021-11-07;11;20;13;357626;349471;29852;74.7;73.0;6.2
66;2021-11-08;107;248;1015;357733;349719;30867;74.7;73.0;6.4
66;2021-11-09;139;207;1498;357872;349926;32365;74.7;73.1;6.8
66;2021-11-10;204;251;1404;358076;350177;33769;74.8;73.1;7.0
66;2021-11-11;14;31;43;358090;350208;33812;74.8;73.1;7.1
66;2021-11-12;163;275;1608;358253;350483;35420;74.8;73.2;7.4
66;2021-11-13;96;197;462;358349;350680;35882;74.8;73.2;7.5
66;2021-11-14;15;12;29;358364;350692;35911;74.8;73.2;7.5
66;2021-11-15;118;169;1588;358482;350861;37499;74.8;73.2;7.8
66;2021-11-16;161;200;2114;358643;351061;39613;74.9;73.3;8.3
66;2021-11-17;179;217;1797;358822;351278;41410;74.9;73.3;8.6
66;2021-11-18;188;224;2311;359010;351502;43721;74.9;73.4;9.1
66;2021-11-19;203;232;2418;359213;351734;46139;75.0;73.4;9.6
66;2021-11-20;211;181;829;359424;351915;46968;75.0;73.5;9.8
66;2021-11-21;17;31;24;359441;351946;46992;75.0;73.5;9.8
66;2021-11-22;217;133;1717;359658;352079;48709;75.1;73.5;10.2
66;2021-11-23;193;210;2553;359851;352289;51262;75.1;73.5;10.7
66;2021-11-24;194;250;1925;360045;352539;53187;75.2;73.6;11.1
66;2021-11-25;195;195;2535;360240;352734;55722;75.2;73.6;11.6
66;2021-11-26;227;246;3597;360467;352980;59319;75.3;73.7;12.4
66;2021-11-27;183;214;1458;360650;353194;60777;75.3;73.7;12.7
66;2021-11-28;50;50;1860;360700;353244;62637;75.3;73.7;13.1
66;2021-11-29;157;193;3583;360857;353437;66220;75.3;73.8;13.8
66;2021-11-30;241;266;4767;361098;353703;70987;75.4;73.8;14.8
66;2021-12-01;189;275;4521;361287;353978;75508;75.4;73.9;15.8
66;2021-12-02;164;173;5695;361451;354151;81203;75.5;73.9;17.0
66;2021-12-03;205;227;5738;361656;354378;86941;75.5;74.0;18.2
66;2021-12-04;128;148;2165;361784;354526;89106;75.5;74.0;18.6
66;2021-12-05;17;23;250;361801;354549;89356;75.5;74.0;18.7
66;2021-12-06;190;193;4734;361991;354742;94090;75.6;74.1;19.6
66;2021-12-07;191;217;5797;362182;354959;99887;75.6;74.1;20.9
66;2021-12-08;212;224;5381;362394;355183;105268;75.7;74.2;22.0
66;2021-12-09;188;243;6254;362582;355426;111522;75.7;74.2;23.3
66;2021-12-10;311;289;6683;362893;355715;118205;75.8;74.3;24.7
66;2021-12-11;160;272;3003;363053;355987;121208;75.8;74.3;25.3
66;2021-12-12;18;41;633;363071;356028;121841;75.8;74.3;25.4
66;2021-12-13;158;239;5101;363229;356267;126942;75.8;74.4;26.5
66;2021-12-14;222;255;7012;363451;356522;133954;75.9;74.4;28.0
66;2021-12-15;222;255;6197;363673;356777;140151;75.9;74.5;29.3
66;2021-12-16;240;242;5768;363913;357019;145919;76.0;74.5;30.5
66;2021-12-17;267;325;6406;364180;357344;152325;76.0;74.6;31.8
66;2021-12-18;196;201;3593;364376;357545;155918;76.1;74.6;32.6
66;2021-12-19;31;29;527;364407;357574;156445;76.1;74.7;32.7
66;2021-12-20;259;290;4369;364666;357864;160814;76.1;74.7;33.6
66;2021-12-21;273;264;4821;364939;358128;165635;76.2;74.8;34.6
66;2021-12-22;268;257;3578;365207;358385;169213;76.2;74.8;35.3
67;2020-12-27;0;0;0;0;0;0;0.0;0.0;0.0
67;2020-12-28;3;0;0;3;0;0;0.0;0.0;0.0
67;2020-12-29;2;0;0;5;0;0;0.0;0.0;0.0
67;2020-12-30;1;0;0;6;0;0;0.0;0.0;0.0
67;2020-12-31;1;0;0;7;0;0;0.0;0.0;0.0
67;2021-01-01;5;0;0;12;0;0;0.0;0.0;0.0
67;2021-01-02;1;0;0;13;0;0;0.0;0.0;0.0
67;2021-01-03;1;0;0;14;0;0;0.0;0.0;0.0
67;2021-01-04;43;0;0;57;0;0;0.0;0.0;0.0
67;2021-01-05;169;7;0;226;7;0;0.0;0.0;0.0
67;2021-01-06;125;0;0;351;7;0;0.0;0.0;0.0
67;2021-01-07;240;1;0;591;8;0;0.1;0.0;0.0
67;2021-01-08;235;2;0;826;10;0;0.1;0.0;0.0
67;2021-01-09;111;1;0;937;11;0;0.1;0.0;0.0
67;2021-01-10;67;0;0;1004;11;0;0.1;0.0;0.0
67;2021-01-11;189;1;0;1193;12;0;0.1;0.0;0.0
67;2021-01-12;521;3;0;1714;15;0;0.2;0.0;0.0
67;2021-01-13;669;4;0;2383;19;0;0.2;0.0;0.0
67;2021-01-14;1094;8;0;3477;27;0;0.3;0.0;0.0
67;2021-01-15;928;7;0;4405;34;0;0.4;0.0;0.0
67;2021-01-16;199;4;0;4604;38;0;0.4;0.0;0.0
67;2021-01-17;100;0;0;4704;38;0;0.4;0.0;0.0
67;2021-01-18;909;6;0;5613;44;0;0.5;0.0;0.0
67;2021-01-19;1396;5;0;7009;49;0;0.6;0.0;0.0
67;2021-01-20;1835;14;0;8844;63;0;0.8;0.0;0.0
67;2021-01-21;2190;11;0;11034;74;0;1.0;0.0;0.0
67;2021-01-22;1978;11;0;13012;85;0;1.1;0.0;0.0
67;2021-01-23;728;5;0;13740;90;0;1.2;0.0;0.0
67;2021-01-24;397;1;0;14137;91;0;1.2;0.0;0.0
67;2021-01-25;568;30;0;14705;121;0;1.3;0.0;0.0
67;2021-01-26;237;106;0;14942;227;0;1.3;0.0;0.0
67;2021-01-27;1433;123;0;16375;350;0;1.4;0.0;0.0
67;2021-01-28;3003;232;0;19378;582;0;1.7;0.1;0.0
67;2021-01-29;1985;168;0;21363;750;0;1.9;0.1;0.0
67;2021-01-30;1061;78;0;22424;828;0;2.0;0.1;0.0
67;2021-01-31;1127;32;0;23551;860;0;2.1;0.1;0.0
67;2021-02-01;3238;251;0;26789;1111;0;2.4;0.1;0.0
67;2021-02-02;2593;427;0;29382;1538;0;2.6;0.1;0.0
67;2021-02-03;1533;413;0;30915;1951;0;2.7;0.2;0.0
67;2021-02-04;1130;769;0;32045;2720;0;2.8;0.2;0.0
67;2021-02-05;1147;628;0;33192;3348;0;2.9;0.3;0.0
67;2021-02-06;762;142;0;33954;3490;0;3.0;0.3;0.0
67;2021-02-07;291;46;0;34245;3536;0;3.0;0.3;0.0
67;2021-02-08;846;460;0;35091;3996;0;3.1;0.4;0.0
67;2021-02-09;1022;737;0;36113;4733;0;3.2;0.4;0.0
67;2021-02-10;982;807;0;37095;5540;0;3.3;0.5;0.0
67;2021-02-11;1180;1151;0;38275;6691;0;3.4;0.6;0.0
67;2021-02-12;1245;807;0;39520;7498;0;3.5;0.7;0.0
67;2021-02-13;775;270;0;40295;7768;0;3.6;0.7;0.0
67;2021-02-14;251;97;0;40546;7865;0;3.6;0.7;0.0
67;2021-02-15;808;892;0;41354;8757;0;3.7;0.8;0.0
67;2021-02-16;935;1166;0;42289;9923;0;3.7;0.9;0.0
67;2021-02-17;830;1210;0;43119;11133;0;3.8;1.0;0.0
67;2021-02-18;1428;2520;0;44547;13653;0;3.9;1.2;0.0
67;2021-02-19;1306;2100;0;45853;15753;0;4.0;1.4;0.0
67;2021-02-20;608;826;0;46461;16579;0;4.1;1.5;0.0
67;2021-02-21;199;1167;0;46660;17746;0;4.1;1.6;0.0
67;2021-02-22;1370;2087;0;48030;19833;0;4.2;1.8;0.0
67;2021-02-23;1463;1579;0;49493;21412;0;4.4;1.9;0.0
67;2021-02-24;1428;1073;0;50921;22485;0;4.5;2.0;0.0
67;2021-02-25;1629;1476;0;52550;23961;0;4.6;2.1;0.0
67;2021-02-26;2262;1403;0;54812;25364;0;4.8;2.2;0.0
67;2021-02-27;1255;772;0;56067;26136;0;5.0;2.3;0.0
67;2021-02-28;150;364;0;56217;26500;0;5.0;2.3;0.0
67;2021-03-01;674;990;0;56891;27490;0;5.0;2.4;0.0
67;2021-03-02;956;1184;0;57847;28674;0;5.1;2.5;0.0
67;2021-03-03;1477;1241;0;59324;29915;0;5.2;2.6;0.0
67;2021-03-04;2024;1066;0;61348;30981;0;5.4;2.7;0.0
67;2021-03-05;3287;1125;0;64635;32106;0;5.7;2.8;0.0
67;2021-03-06;2392;756;0;67027;32862;0;5.9;2.9;0.0
67;2021-03-07;527;290;0;67554;33152;0;6.0;2.9;0.0
67;2021-03-08;1232;818;0;68786;33970;0;6.1;3.0;0.0
67;2021-03-09;2243;971;0;71029;34941;0;6.3;3.1;0.0
67;2021-03-10;2477;1237;0;73506;36178;0;6.5;3.2;0.0
67;2021-03-11;3220;1408;0;76726;37586;0;6.8;3.3;0.0
67;2021-03-12;5202;1421;0;81928;39007;0;7.2;3.4;0.0
67;2021-03-13;4034;883;0;85962;39890;0;7.6;3.5;0.0
67;2021-03-14;588;381;0;86550;40271;0;7.6;3.6;0.0
67;2021-03-15;2284;1149;0;88834;41420;0;7.8;3.7;0.0
67;2021-03-16;1673;1233;0;90507;42653;0;8.0;3.8;0.0
67;2021-03-17;2175;951;0;92682;43604;0;8.2;3.8;0.0
67;2021-03-18;2461;783;0;95143;44387;0;8.4;3.9;0.0
67;2021-03-19;3764;774;0;98907;45161;0;8.7;4.0;0.0
67;2021-03-20;3054;516;0;101961;45677;0;9.0;4.0;0.0
67;2021-03-21;345;26;0;102306;45703;0;9.0;4.0;0.0
67;2021-03-22;2401;801;0;104707;46504;0;9.2;4.1;0.0
67;2021-03-23;3451;840;0;108158;47344;0;9.5;4.2;0.0
67;2021-03-24;3923;885;0;112081;48229;0;9.9;4.3;0.0
67;2021-03-25;5337;596;0;117418;48825;0;10.4;4.3;0.0
67;2021-03-26;6801;542;0;124219;49367;0;11.0;4.4;0.0
67;2021-03-27;3808;349;0;128027;49716;0;11.3;4.4;0.0
67;2021-03-28;579;108;0;128606;49824;0;11.4;4.4;0.0
67;2021-03-29;3772;495;0;132378;50319;0;11.7;4.4;0.0
67;2021-03-30;4782;779;0;137160;51098;0;12.1;4.5;0.0
67;2021-03-31;4722;819;0;141882;51917;0;12.5;4.6;0.0
67;2021-04-01;5019;1045;0;146901;52962;0;13.0;4.7;0.0
67;2021-04-02;1053;204;0;147954;53166;0;13.1;4.7;0.0
67;2021-04-03;1607;302;0;149561;53468;0;13.2;4.7;0.0
67;2021-04-04;350;28;0;149911;53496;0;13.2;4.7;0.0
67;2021-04-05;394;12;0;150305;53508;0;13.3;4.7;0.0
67;2021-04-06;3432;1287;0;153737;54795;0;13.6;4.8;0.0
67;2021-04-07;4473;1364;0;158210;56159;0;14.0;5.0;0.0
67;2021-04-08;5500;1453;0;163710;57612;0;14.5;5.1;0.0
67;2021-04-09;6980;1387;0;170690;58999;0;15.1;5.2;0.0
67;2021-04-10;4150;957;0;174840;59956;0;15.4;5.3;0.0
67;2021-04-11;850;514;0;175690;60470;0;15.5;5.3;0.0
67;2021-04-12;3839;1523;0;179529;61993;0;15.9;5.5;0.0
67;2021-04-13;4794;1717;0;184323;63710;0;16.3;5.6;0.0
67;2021-04-14;5167;1997;0;189490;65707;0;16.7;5.8;0.0
67;2021-04-15;5945;2215;0;195435;67922;0;17.3;6.0;0.0
67;2021-04-16;7615;2511;0;203050;70433;0;17.9;6.2;0.0
67;2021-04-17;3837;1562;0;206887;71995;0;18.3;6.4;0.0
67;2021-04-18;1065;644;0;207952;72639;0;18.4;6.4;0.0
67;2021-04-19;3507;2198;0;211459;74837;0;18.7;6.6;0.0
67;2021-04-20;4112;1993;0;215571;76830;0;19.0;6.8;0.0
67;2021-04-21;3976;2553;0;219547;79383;0;19.4;7.0;0.0
67;2021-04-22;4421;2911;0;223968;82294;0;19.8;7.3;0.0
67;2021-04-23;5149;2994;0;229117;85288;0;20.2;7.5;0.0
67;2021-04-24;3015;1963;0;232132;87251;0;20.5;7.7;0.0
67;2021-04-25;991;444;0;233123;87695;0;20.6;7.7;0.0
67;2021-04-26;3144;2570;0;236267;90265;0;20.9;8.0;0.0
67;2021-04-27;3964;2890;0;240231;93155;0;21.2;8.2;0.0
67;2021-04-28;4200;3329;0;244431;96484;0;21.6;8.5;0.0
67;2021-04-29;5139;3475;0;249570;99959;0;22.0;8.8;0.0
67;2021-04-30;7120;2437;0;256690;102396;0;22.7;9.0;0.0
67;2021-05-01;2637;768;0;259327;103164;0;22.9;9.1;0.0
67;2021-05-02;2144;669;0;261471;103833;0;23.1;9.2;0.0
67;2021-05-03;5439;2598;0;266910;106431;0;23.6;9.4;0.0
67;2021-05-04;5708;3538;0;272618;109969;0;24.1;9.7;0.0
67;2021-05-05;5133;4110;0;277751;114079;0;24.5;10.1;0.0
67;2021-05-06;6669;4725;0;284420;118804;0;25.1;10.5;0.0
67;2021-05-07;6441;6752;0;290861;125556;0;25.7;11.1;0.0
67;2021-05-08;3504;1007;0;294365;126563;0;26.0;11.2;0.0
67;2021-05-09;3179;606;0;297544;127169;0;26.3;11.2;0.0
67;2021-05-10;4775;4478;0;302319;131647;0;26.7;11.6;0.0
67;2021-05-11;5772;4861;0;308091;136508;0;27.2;12.1;0.0
67;2021-05-12;6689;4716;0;314780;141224;0;27.8;12.5;0.0
67;2021-05-13;7368;1592;0;322148;142816;0;28.4;12.6;0.0
67;2021-05-14;8902;5153;0;331050;147969;0;29.2;13.1;0.0
67;2021-05-15;8023;3449;0;339073;151418;0;29.9;13.4;0.0
67;2021-05-16;5733;913;0;344806;152331;0;30.4;13.4;0.0
67;2021-05-17;5789;3742;0;350595;156073;0;31.0;13.8;0.0
67;2021-05-18;6988;3861;0;357583;159934;0;31.6;14.1;0.0
67;2021-05-19;7563;4048;0;365146;163982;0;32.2;14.5;0.0
67;2021-05-20;8907;4096;0;374053;168078;0;33.0;14.8;0.0
67;2021-05-21;8390;5684;0;382443;173762;0;33.8;15.3;0.0
67;2021-05-22;5904;3307;0;388347;177069;0;34.3;15.6;0.0
67;2021-05-23;2547;586;0;390894;177655;0;34.5;15.7;0.0
67;2021-05-24;4630;868;0;395524;178523;0;34.9;15.8;0.0
67;2021-05-25;5678;4725;0;401202;183248;0;35.4;16.2;0.0
67;2021-05-26;6400;4821;0;407602;188069;0;36.0;16.6;0.0
67;2021-05-27;7609;4876;0;415211;192945;0;36.7;17.0;0.0
67;2021-05-28;8309;6378;0;423520;199323;0;37.4;17.6;0.0
67;2021-05-29;6552;3800;0;430072;203123;0;38.0;17.9;0.0
67;2021-05-30;1148;783;0;431220;203906;0;38.1;18.0;0.0
67;2021-05-31;6677;4036;0;437897;207942;0;38.7;18.4;0.0
67;2021-06-01;7538;4391;0;445435;212333;0;39.3;18.7;0.0
67;2021-06-02;8217;4138;0;453652;216471;0;40.1;19.1;0.0
67;2021-06-03;8967;4863;0;462619;221334;0;40.8;19.5;0.0
67;2021-06-04;8597;6072;0;471216;227406;0;41.6;20.1;0.0
67;2021-06-05;6366;3891;0;477582;231297;0;42.2;20.4;0.0
67;2021-06-06;3166;828;0;480748;232125;0;42.4;20.5;0.0
67;2021-06-07;7419;4223;0;488167;236348;0;43.1;20.9;0.0
67;2021-06-08;8538;4918;0;496705;241266;0;43.9;21.3;0.0
67;2021-06-09;9060;4802;0;505765;246068;0;44.7;21.7;0.0
67;2021-06-10;9522;4968;0;515287;251036;0;45.5;22.2;0.0
67;2021-06-11;7949;8225;0;523236;259261;0;46.2;22.9;0.0
67;2021-06-12;6678;5054;0;529914;264315;0;46.8;23.3;0.0
67;2021-06-13;2793;1018;0;532707;265333;0;47.0;23.4;0.0
67;2021-06-14;5430;6351;0;538137;271684;0;47.5;24.0;0.0
67;2021-06-15;6515;6622;0;544652;278306;0;48.1;24.6;0.0
67;2021-06-16;6741;6569;0;551393;284875;0;48.7;25.2;0.0
67;2021-06-17;6994;8866;0;558387;293741;0;49.3;25.9;0.0
67;2021-06-18;7282;8393;0;565669;302134;0;49.9;26.7;0.0
67;2021-06-19;6026;5703;0;571695;307837;0;50.5;27.2;0.0
67;2021-06-20;1304;1327;0;572999;309164;0;50.6;27.3;0.0
67;2021-06-21;4134;6794;0;577133;315958;0;51.0;27.9;0.0
67;2021-06-22;4124;8898;0;581257;324856;0;51.3;28.7;0.0
67;2021-06-23;5100;8150;0;586357;333006;0;51.8;29.4;0.0
67;2021-06-24;4499;8812;0;590856;341818;0;52.2;30.2;0.0
67;2021-06-25;5177;9946;0;596033;351764;0;52.6;31.1;0.0
67;2021-06-26;3305;8916;0;599338;360680;0;52.9;31.8;0.0
67;2021-06-27;955;3416;0;600293;364096;0;53.0;32.1;0.0
67;2021-06-28;2782;8674;0;603075;372770;0;53.2;32.9;0.0
67;2021-06-29;2854;8657;0;605929;381427;0;53.5;33.7;0.0
67;2021-06-30;3276;8755;6;609205;390182;6;53.8;34.4;0.0
67;2021-07-01;3632;8397;0;612837;398579;6;54.1;35.2;0.0
67;2021-07-02;3758;10907;0;616595;409486;6;54.4;36.2;0.0
67;2021-07-03;2848;7602;0;619443;417088;6;54.7;36.8;0.0
67;2021-07-04;706;1793;0;620149;418881;6;54.8;37.0;0.0
67;2021-07-05;2694;8361;0;622843;427242;6;55.0;37.7;0.0
67;2021-07-06;2997;8570;0;625840;435812;6;55.3;38.5;0.0
67;2021-07-07;3886;8647;0;629726;444459;6;55.6;39.2;0.0
67;2021-07-08;4120;7791;0;633846;452250;6;56.0;39.9;0.0
67;2021-07-09;3708;11343;0;637554;463593;6;56.3;40.9;0.0
67;2021-07-10;2712;7990;0;640266;471583;6;56.5;41.6;0.0
67;2021-07-11;870;1894;0;641136;473477;6;56.6;41.8;0.0
67;2021-07-12;2467;9823;0;643603;483300;6;56.8;42.7;0.0
67;2021-07-13;4112;9959;0;647715;493259;6;57.2;43.6;0.0
67;2021-07-14;3430;4324;0;651145;497583;6;57.5;43.9;0.0
67;2021-07-15;5144;12090;0;656289;509673;6;57.9;45.0;0.0
67;2021-07-16;4921;12220;0;661210;521893;6;58.4;46.1;0.0
67;2021-07-17;3638;8601;0;664848;530494;6;58.7;46.8;0.0
67;2021-07-18;1373;2395;0;666221;532889;6;58.8;47.0;0.0
67;2021-07-19;4487;9680;0;670708;542569;6;59.2;47.9;0.0
67;2021-07-20;5706;9705;0;676414;552274;6;59.7;48.8;0.0
67;2021-07-21;5845;10316;0;682259;562590;6;60.2;49.7;0.0
67;2021-07-22;6370;9819;0;688629;572409;6;60.8;50.5;0.0
67;2021-07-23;7270;10986;0;695899;583395;6;61.4;51.5;0.0
67;2021-07-24;5204;7330;0;701103;590725;6;61.9;52.2;0.0
67;2021-07-25;2091;1870;0;703194;592595;6;62.1;52.3;0.0
67;2021-07-26;4976;7241;0;708170;599836;6;62.5;53.0;0.0
67;2021-07-27;6477;7147;0;714647;606983;6;63.1;53.6;0.0
67;2021-07-28;7404;7116;0;722051;614099;6;63.8;54.2;0.0
67;2021-07-29;8054;6312;0;730105;620411;6;64.5;54.8;0.0
67;2021-07-30;8339;7184;1;738444;627595;7;65.2;55.4;0.0
67;2021-07-31;4988;4740;0;743432;632335;7;65.6;55.8;0.0
67;2021-08-01;2238;1344;0;745670;633679;7;65.8;55.9;0.0
67;2021-08-02;6242;5055;0;751912;638734;7;66.4;56.4;0.0
67;2021-08-03;7053;4675;0;758965;643409;7;67.0;56.8;0.0
67;2021-08-04;6636;4574;0;765601;647983;7;67.6;57.2;0.0
67;2021-08-05;5510;4247;0;771111;652230;7;68.1;57.6;0.0
67;2021-08-06;6069;5368;0;777180;657598;7;68.6;58.1;0.0
67;2021-08-07;4330;4102;1;781510;661700;8;69.0;58.4;0.0
67;2021-08-08;1177;1332;0;782687;663032;8;69.1;58.5;0.0
67;2021-08-09;3092;4507;0;785779;667539;8;69.4;58.9;0.0
67;2021-08-10;3140;4774;0;788919;672313;8;69.7;59.4;0.0
67;2021-08-11;3234;4621;1;792153;676934;9;69.9;59.8;0.0
67;2021-08-12;2932;4734;0;795085;681668;9;70.2;60.2;0.0
67;2021-08-13;3141;5373;0;798226;687041;9;70.5;60.7;0.0
67;2021-08-14;2034;4835;0;800260;691876;9;70.7;61.1;0.0
67;2021-08-15;628;1416;0;800888;693292;9;70.7;61.2;0.0
67;2021-08-16;2015;5257;0;802903;698549;9;70.9;61.7;0.0
67;2021-08-17;2057;5295;0;804960;703844;9;71.1;62.1;0.0
67;2021-08-18;2222;6150;1;807182;709994;10;71.3;62.7;0.0
67;2021-08-19;1815;5897;0;808997;715891;10;71.4;63.2;0.0
67;2021-08-20;2222;7208;0;811219;723099;10;71.6;63.8;0.0
67;2021-08-21;1416;5288;0;812635;728387;10;71.7;64.3;0.0
67;2021-08-22;361;1879;0;812996;730266;10;71.8;64.5;0.0
67;2021-08-23;1780;6629;0;814776;736895;10;71.9;65.1;0.0
67;2021-08-24;1862;6451;0;816638;743346;10;72.1;65.6;0.0
67;2021-08-25;1970;6913;0;818608;750259;10;72.3;66.2;0.0
67;2021-08-26;1754;5333;0;820362;755592;10;72.4;66.7;0.0
67;2021-08-27;2058;6796;0;822420;762388;10;72.6;67.3;0.0
67;2021-08-28;1527;5689;0;823947;768077;10;72.7;67.8;0.0
67;2021-08-29;382;1450;0;824329;769527;10;72.8;67.9;0.0
67;2021-08-30;1349;4278;156;825678;773805;166;72.9;68.3;0.0
67;2021-08-31;1318;3785;240;826996;777590;406;73.0;68.7;0.0
67;2021-09-01;1839;3806;483;828835;781396;889;73.2;69.0;0.1
67;2021-09-02;1029;2496;415;829864;783892;1304;73.3;69.2;0.1
67;2021-09-03;1496;3687;506;831360;787579;1810;73.4;69.5;0.2
67;2021-09-04;1386;3543;339;832746;791122;2149;73.5;69.8;0.2
67;2021-09-05;266;764;92;833012;791886;2241;73.5;69.9;0.2
67;2021-09-06;920;1881;419;833932;793767;2660;73.6;70.1;0.2
67;2021-09-07;783;1736;392;834715;795503;3052;73.7;70.2;0.3
67;2021-09-08;1136;2304;520;835851;797807;3572;73.8;70.4;0.3
67;2021-09-09;1067;1712;514;836918;799519;4086;73.9;70.6;0.4
67;2021-09-10;1339;2281;546;838257;801800;4632;74.0;70.8;0.4
67;2021-09-11;1002;2521;363;839259;804321;4995;74.1;71.0;0.4
67;2021-09-12;227;467;96;839486;804788;5091;74.1;71.1;0.4
67;2021-09-13;685;1363;696;840171;806151;5787;74.2;71.2;0.5
67;2021-09-14;927;1357;1010;841098;807508;6797;74.3;71.3;0.6
67;2021-09-15;976;2013;953;842074;809521;7750;74.3;71.5;0.7
67;2021-09-16;722;1234;1022;842796;810755;8772;74.4;71.6;0.8
67;2021-09-17;963;2118;1046;843759;812873;9818;74.5;71.8;0.9
67;2021-09-18;793;2251;399;844552;815124;10217;74.6;72.0;0.9
67;2021-09-19;98;370;98;844650;815494;10315;74.6;72.0;0.9
67;2021-09-20;570;1049;936;845220;816543;11251;74.6;72.1;1.0
67;2021-09-21;465;909;733;845685;817452;11984;74.7;72.2;1.1
67;2021-09-22;600;1804;1105;846285;819256;13089;74.7;72.3;1.2
67;2021-09-23;529;854;848;846814;820110;13937;74.8;72.4;1.2
67;2021-09-24;631;1569;973;847445;821679;14910;74.8;72.5;1.3
67;2021-09-25;593;1729;388;848038;823408;15298;74.9;72.7;1.4
67;2021-09-26;81;284;81;848119;823692;15379;74.9;72.7;1.4
67;2021-09-27;398;814;596;848517;824506;15975;74.9;72.8;1.4
67;2021-09-28;403;763;629;848920;825269;16604;75.0;72.9;1.5
67;2021-09-29;612;1255;1039;849532;826524;17643;75.0;73.0;1.6
67;2021-09-30;395;835;1121;849927;827359;18764;75.0;73.0;1.7
67;2021-10-01;870;1359;1036;850797;828718;19800;75.1;73.2;1.7
67;2021-10-02;602;1225;380;851399;829943;20180;75.2;73.3;1.8
67;2021-10-03;100;202;79;851499;830145;20259;75.2;73.3;1.8
67;2021-10-04;375;584;533;851874;830729;20792;75.2;73.3;1.8
67;2021-10-05;364;671;646;852238;831400;21438;75.2;73.4;1.9
67;2021-10-06;601;1033;999;852839;832433;22437;75.3;73.5;2.0
67;2021-10-07;449;737;914;853288;833170;23351;75.3;73.6;2.1
67;2021-10-08;712;1176;994;854000;834346;24345;75.4;73.7;2.1
67;2021-10-09;502;979;577;854502;835325;24922;75.4;73.8;2.2
67;2021-10-10;71;102;48;854573;835427;24970;75.5;73.8;2.2
67;2021-10-11;401;599;704;854974;836026;25674;75.5;73.8;2.3
67;2021-10-12;372;554;704;855346;836580;26378;75.5;73.9;2.3
67;2021-10-13;537;913;1076;855883;837493;27454;75.6;73.9;2.4
67;2021-10-14;380;625;815;856263;838118;28269;75.6;74.0;2.5
67;2021-10-15;688;971;1441;856951;839089;29710;75.7;74.1;2.6
67;2021-10-16;533;895;742;857484;839984;30452;75.7;74.2;2.7
67;2021-10-17;110;105;63;857594;840089;30515;75.7;74.2;2.7
67;2021-10-18;406;481;859;858000;840570;31374;75.8;74.2;2.8
67;2021-10-19;314;492;803;858314;841062;32177;75.8;74.3;2.8
67;2021-10-20;453;659;1263;858767;841721;33440;75.8;74.3;3.0
67;2021-10-21;317;483;929;859084;842204;34369;75.9;74.4;3.0
67;2021-10-22;570;692;1414;859654;842896;35783;75.9;74.4;3.2
67;2021-10-23;502;713;1114;860156;843609;36897;75.9;74.5;3.3
67;2021-10-24;56;116;99;860212;843725;36996;75.9;74.5;3.3
67;2021-10-25;324;411;929;860536;844136;37925;76.0;74.5;3.3
67;2021-10-26;259;333;971;860795;844469;38896;76.0;74.6;3.4
67;2021-10-27;393;543;1502;861188;845012;40398;76.0;74.6;3.6
67;2021-10-28;325;408;1102;861513;845420;41500;76.1;74.6;3.7
67;2021-10-29;487;573;1854;862000;845993;43354;76.1;74.7;3.8
67;2021-10-30;367;493;1243;862367;846486;44597;76.1;74.7;3.9
67;2021-10-31;66;89;100;862433;846575;44697;76.1;74.7;3.9
67;2021-11-01;94;56;83;862527;846631;44780;76.2;74.8;4.0
67;2021-11-02;263;345;1058;862790;846976;45838;76.2;74.8;4.0
67;2021-11-03;397;626;1766;863187;847602;47604;76.2;74.8;4.2
67;2021-11-04;302;408;1377;863489;848010;48981;76.2;74.9;4.3
67;2021-11-05;573;689;2635;864062;848699;51616;76.3;74.9;4.6
67;2021-11-06;364;593;1647;864426;849292;53263;76.3;75.0;4.7
67;2021-11-07;41;117;142;864467;849409;53405;76.3;75.0;4.7
67;2021-11-08;249;479;1967;864716;849888;55372;76.3;75.0;4.9
67;2021-11-09;249;367;1995;864965;850255;57367;76.4;75.1;5.1
67;2021-11-10;395;547;2790;865360;850802;60157;76.4;75.1;5.3
67;2021-11-11;46;71;298;865406;850873;60455;76.4;75.1;5.3
67;2021-11-12;428;598;3392;865834;851471;63847;76.4;75.2;5.6
67;2021-11-13;391;552;2178;866225;852023;66025;76.5;75.2;5.8
67;2021-11-14;44;57;205;866269;852080;66230;76.5;75.2;5.8
67;2021-11-15;279;370;2756;866548;852450;68986;76.5;75.3;6.1
67;2021-11-16;341;350;2756;866889;852800;71742;76.5;75.3;6.3
67;2021-11-17;411;482;3593;867300;853282;75335;76.6;75.3;6.7
67;2021-11-18;385;413;3524;867685;853695;78859;76.6;75.4;7.0
67;2021-11-19;561;696;4871;868246;854391;83730;76.7;75.4;7.4
67;2021-11-20;355;534;2780;868601;854925;86510;76.7;75.5;7.6
67;2021-11-21;33;82;232;868634;855007;86742;76.7;75.5;7.7
67;2021-11-22;392;311;3363;869026;855318;90105;76.7;75.5;8.0
67;2021-11-23;399;337;3717;869425;855655;93822;76.8;75.5;8.3
67;2021-11-24;534;518;4152;869959;856173;97974;76.8;75.6;8.7
67;2021-11-25;408;382;4383;870367;856555;102357;76.8;75.6;9.0
67;2021-11-26;604;596;7398;870971;857151;109755;76.9;75.7;9.7
67;2021-11-27;386;462;4803;871357;857613;114558;76.9;75.7;10.1
67;2021-11-28;50;75;944;871407;857688;115502;76.9;75.7;10.2
67;2021-11-29;329;313;5642;871736;858001;121144;77.0;75.8;10.7
67;2021-11-30;395;379;6783;872131;858380;127927;77.0;75.8;11.3
67;2021-12-01;350;433;7304;872481;858813;135231;77.0;75.8;11.9
67;2021-12-02;241;274;8077;872722;859087;143308;77.1;75.9;12.7
67;2021-12-03;328;513;10621;873050;859600;153929;77.1;75.9;13.6
67;2021-12-04;309;410;8010;873359;860010;161939;77.1;75.9;14.3
67;2021-12-05;49;111;1573;873408;860121;163512;77.1;75.9;14.4
67;2021-12-06;241;309;9109;873649;860430;172621;77.1;76.0;15.2
67;2021-12-07;334;395;11729;873983;860825;184350;77.2;76.0;16.3
67;2021-12-08;350;481;10966;874333;861306;195316;77.2;76.0;17.2
67;2021-12-09;313;381;11526;874646;861687;206842;77.2;76.1;18.3
67;2021-12-10;460;582;14529;875106;862269;221371;77.3;76.1;19.5
67;2021-12-11;416;482;10852;875522;862751;232223;77.3;76.2;20.5
67;2021-12-12;96;90;2687;875618;862841;234910;77.3;76.2;20.7
67;2021-12-13;229;423;11768;875847;863264;246678;77.3;76.2;21.8
67;2021-12-14;393;479;14364;876240;863743;261042;77.4;76.3;23.0
67;2021-12-15;383;603;14038;876623;864346;275080;77.4;76.3;24.3
67;2021-12-16;313;522;13815;876936;864868;288895;77.4;76.4;25.5
67;2021-12-17;467;676;16695;877403;865544;305590;77.5;76.4;27.0
67;2021-12-18;379;477;11276;877782;866021;316866;77.5;76.5;28.0
67;2021-12-19;102;122;2591;877884;866143;319457;77.5;76.5;28.2
67;2021-12-20;391;433;12080;878275;866576;331537;77.5;76.5;29.3
67;2021-12-21;556;552;13358;878831;867128;344895;77.6;76.6;30.5
67;2021-12-22;488;471;11652;879319;867599;356547;77.6;76.6;31.5
68;2020-12-27;0;0;0;0;0;0;0.0;0.0;0.0
68;2020-12-28;1;0;0;1;0;0;0.0;0.0;0.0
68;2020-12-29;0;0;0;1;0;0;0.0;0.0;0.0
68;2020-12-30;2;0;0;3;0;0;0.0;0.0;0.0
68;2020-12-31;0;0;0;3;0;0;0.0;0.0;0.0
68;2021-01-01;0;0;0;3;0;0;0.0;0.0;0.0
68;2021-01-02;0;0;0;3;0;0;0.0;0.0;0.0
68;2021-01-03;0;0;0;3;0;0;0.0;0.0;0.0
68;2021-01-04;1;0;0;4;0;0;0.0;0.0;0.0
68;2021-01-05;11;0;0;15;0;0;0.0;0.0;0.0
68;2021-01-06;222;1;0;237;1;0;0.0;0.0;0.0
68;2021-01-07;84;1;0;321;2;0;0.0;0.0;0.0
68;2021-01-08;137;1;0;458;3;0;0.1;0.0;0.0
68;2021-01-09;25;1;0;483;4;0;0.1;0.0;0.0
68;2021-01-10;0;0;0;483;4;0;0.1;0.0;0.0
68;2021-01-11;94;0;0;577;4;0;0.1;0.0;0.0
68;2021-01-12;378;1;0;955;5;0;0.1;0.0;0.0
68;2021-01-13;703;3;0;1658;8;0;0.2;0.0;0.0
68;2021-01-14;383;2;0;2041;10;0;0.3;0.0;0.0
68;2021-01-15;225;1;0;2266;11;0;0.3;0.0;0.0
68;2021-01-16;4;0;0;2270;11;0;0.3;0.0;0.0
68;2021-01-17;1;0;0;2271;11;0;0.3;0.0;0.0
68;2021-01-18;388;4;0;2659;15;0;0.3;0.0;0.0
68;2021-01-19;600;5;0;3259;20;0;0.4;0.0;0.0
68;2021-01-20;748;10;0;4007;30;0;0.5;0.0;0.0
68;2021-01-21;1400;13;0;5407;43;0;0.7;0.0;0.0
68;2021-01-22;1482;14;0;6889;57;0;0.9;0.0;0.0
68;2021-01-23;255;3;0;7144;60;0;0.9;0.0;0.0
68;2021-01-24;671;2;0;7815;62;0;1.0;0.0;0.0
68;2021-01-25;1342;44;0;9157;106;0;1.2;0.0;0.0
68;2021-01-26;1493;76;0;10650;182;0;1.4;0.0;0.0
68;2021-01-27;2680;147;0;13330;329;0;1.7;0.0;0.0
68;2021-01-28;2315;59;0;15645;388;0;2.0;0.1;0.0
68;2021-01-29;1510;136;0;17155;524;0;2.2;0.1;0.0
68;2021-01-30;177;6;0;17332;530;0;2.3;0.1;0.0
68;2021-01-31;7;0;0;17339;530;0;2.3;0.1;0.0
68;2021-02-01;759;122;0;18098;652;0;2.4;0.1;0.0
68;2021-02-02;889;299;0;18987;951;0;2.5;0.1;0.0
68;2021-02-03;992;613;0;19979;1564;0;2.6;0.2;0.0
68;2021-02-04;1010;326;0;20989;1890;0;2.8;0.2;0.0
68;2021-02-05;961;235;0;21950;2125;0;2.9;0.3;0.0
68;2021-02-06;150;7;0;22100;2132;0;2.9;0.3;0.0
68;2021-02-07;3;17;0;22103;2149;0;2.9;0.3;0.0
68;2021-02-08;868;42;0;22971;2191;0;3.0;0.3;0.0
68;2021-02-09;1278;67;0;24249;2258;0;3.2;0.3;0.0
68;2021-02-10;1390;76;0;25639;2334;0;3.4;0.3;0.0
68;2021-02-11;1460;457;0;27099;2791;0;3.6;0.4;0.0
68;2021-02-12;1510;444;0;28609;3235;0;3.7;0.4;0.0
68;2021-02-13;141;6;0;28750;3241;0;3.8;0.4;0.0
68;2021-02-14;61;229;0;28811;3470;0;3.8;0.5;0.0
68;2021-02-15;619;1054;0;29430;4524;0;3.9;0.6;0.0
68;2021-02-16;830;1340;0;30260;5864;0;4.0;0.8;0.0
68;2021-02-17;1210;2063;0;31470;7927;0;4.1;1.0;0.0
68;2021-02-18;1606;2024;0;33076;9951;0;4.3;1.3;0.0
68;2021-02-19;971;1359;0;34047;11310;0;4.5;1.5;0.0
68;2021-02-20;108;165;0;34155;11475;0;4.5;1.5;0.0
68;2021-02-21;1;48;0;34156;11523;0;4.5;1.5;0.0
68;2021-02-22;445;799;0;34601;12322;0;4.5;1.6;0.0
68;2021-02-23;614;1035;0;35215;13357;0;4.6;1.8;0.0
68;2021-02-24;801;1151;0;36016;14508;0;4.7;1.9;0.0
68;2021-02-25;1177;1250;0;37193;15758;0;4.9;2.1;0.0
68;2021-02-26;1150;1002;0;38343;16760;0;5.0;2.2;0.0
68;2021-02-27;547;188;0;38890;16948;0;5.1;2.2;0.0
68;2021-02-28;12;1;0;38902;16949;0;5.1;2.2;0.0
68;2021-03-01;920;775;0;39822;17724;0;5.2;2.3;0.0
68;2021-03-02;1163;926;0;40985;18650;0;5.4;2.4;0.0
68;2021-03-03;1490;986;0;42475;19636;0;5.6;2.6;0.0
68;2021-03-04;1892;1037;0;44367;20673;0;5.8;2.7;0.0
68;2021-03-05;2264;1029;0;46631;21702;0;6.1;2.8;0.0
68;2021-03-06;2199;267;0;48830;21969;0;6.4;2.9;0.0
68;2021-03-07;817;103;0;49647;22072;0;6.5;2.9;0.0
68;2021-03-08;1385;944;0;51032;23016;0;6.7;3.0;0.0
68;2021-03-09;1649;1265;0;52681;24281;0;6.9;3.2;0.0
68;2021-03-10;1884;1748;0;54565;26029;0;7.1;3.4;0.0
68;2021-03-11;2551;1871;0;57116;27900;0;7.5;3.7;0.0
68;2021-03-12;2566;1374;0;59682;29274;0;7.8;3.8;0.0
68;2021-03-13;3274;276;0;62956;29550;0;8.2;3.9;0.0
68;2021-03-14;1405;63;0;64361;29613;0;8.4;3.9;0.0
68;2021-03-15;1630;603;0;65991;30216;0;8.6;4.0;0.0
68;2021-03-16;1862;575;0;67853;30791;0;8.9;4.0;0.0
68;2021-03-17;1803;695;0;69656;31486;0;9.1;4.1;0.0
68;2021-03-18;2043;905;0;71699;32391;0;9.4;4.2;0.0
68;2021-03-19;2900;713;0;74599;33104;0;9.8;4.3;0.0
68;2021-03-20;974;132;0;75573;33236;0;9.9;4.4;0.0
68;2021-03-21;75;2;0;75648;33238;0;9.9;4.4;0.0
68;2021-03-22;1874;568;0;77522;33806;0;10.2;4.4;0.0
68;2021-03-23;2751;583;0;80273;34389;0;10.5;4.5;0.0
68;2021-03-24;3117;756;0;83390;35145;0;10.9;4.6;0.0
68;2021-03-25;3393;765;0;86783;35910;0;11.4;4.7;0.0
68;2021-03-26;3923;710;0;90706;36620;0;11.9;4.8;0.0
68;2021-03-27;1183;175;0;91889;36795;0;12.0;4.8;0.0
68;2021-03-28;60;5;0;91949;36800;0;12.0;4.8;0.0
68;2021-03-29;2240;1292;0;94189;38092;0;12.3;5.0;0.0
68;2021-03-30;2930;1205;0;97119;39297;0;12.7;5.1;0.0
68;2021-03-31;2682;1254;0;99801;40551;0;13.1;5.3;0.0
68;2021-04-01;2780;1447;0;102581;41998;0;13.4;5.5;0.0
68;2021-04-02;322;101;0;102903;42099;0;13.5;5.5;0.0
68;2021-04-03;304;128;0;103207;42227;0;13.5;5.5;0.0
68;2021-04-04;25;2;0;103232;42229;0;13.5;5.5;0.0
68;2021-04-05;66;5;0;103298;42234;0;13.5;5.5;0.0
68;2021-04-06;1767;1229;0;105065;43463;0;13.8;5.7;0.0
68;2021-04-07;2587;1420;0;107652;44883;0;14.1;5.9;0.0
68;2021-04-08;3266;1431;0;110918;46314;0;14.5;6.1;0.0
68;2021-04-09;4179;1472;0;115097;47786;0;15.1;6.3;0.0
68;2021-04-10;1302;1870;0;116399;49656;0;15.3;6.5;0.0
68;2021-04-11;127;1181;0;116526;50837;0;15.3;6.7;0.0
68;2021-04-12;2660;1521;0;119186;52358;0;15.6;6.9;0.0
68;2021-04-13;2741;1967;0;121927;54325;0;16.0;7.1;0.0
68;2021-04-14;3523;2140;0;125450;56465;0;16.4;7.4;0.0
68;2021-04-15;4011;1999;0;129461;58464;0;17.0;7.7;0.0
68;2021-04-16;3892;1958;0;133353;60422;0;17.5;7.9;0.0
68;2021-04-17;1176;451;0;134529;60873;0;17.6;8.0;0.0
68;2021-04-18;115;17;0;134644;60890;0;17.6;8.0;0.0
68;2021-04-19;2309;1760;0;136953;62650;0;17.9;8.2;0.0
68;2021-04-20;2368;2227;0;139321;64877;0;18.3;8.5;0.0
68;2021-04-21;2770;2406;0;142091;67283;0;18.6;8.8;0.0
68;2021-04-22;3181;1946;0;145272;69229;0;19.0;9.1;0.0
68;2021-04-23;3290;2044;0;148562;71273;0;19.5;9.3;0.0
68;2021-04-24;860;542;0;149422;71815;0;19.6;9.4;0.0
68;2021-04-25;215;22;0;149637;71837;0;19.6;9.4;0.0
68;2021-04-26;2259;2100;0;151896;73937;0;19.9;9.7;0.0
68;2021-04-27;2533;2200;0;154429;76137;0;20.2;10.0;0.0
68;2021-04-28;3421;1817;0;157850;77954;0;20.7;10.2;0.0
68;2021-04-29;4008;1753;0;161858;79707;0;21.2;10.4;0.0
68;2021-04-30;4640;1405;0;166498;81112;0;21.8;10.6;0.0
68;2021-05-01;983;131;0;167481;81243;0;21.9;10.6;0.0
68;2021-05-02;733;77;0;168214;81320;0;22.0;10.7;0.0
68;2021-05-03;3509;1753;0;171723;83073;0;22.5;10.9;0.0
68;2021-05-04;3806;2315;0;175529;85388;0;23.0;11.2;0.0
68;2021-05-05;3572;3187;0;179101;88575;0;23.5;11.6;0.0
68;2021-05-06;4668;2882;0;183769;91457;0;24.1;12.0;0.0
68;2021-05-07;4360;2949;0;188129;94406;0;24.6;12.4;0.0
68;2021-05-08;1668;252;0;189797;94658;0;24.9;12.4;0.0
68;2021-05-09;1067;114;0;190864;94772;0;25.0;12.4;0.0
68;2021-05-10;2966;3673;0;193830;98445;0;25.4;12.9;0.0
68;2021-05-11;4532;3568;0;198362;102013;0;26.0;13.4;0.0
68;2021-05-12;5576;3250;0;203938;105263;0;26.7;13.8;0.0
68;2021-05-13;4553;883;0;208491;106146;0;27.3;13.9;0.0
68;2021-05-14;5618;2170;0;214109;108316;0;28.1;14.2;0.0
68;2021-05-15;3510;979;0;217619;109295;0;28.5;14.3;0.0
68;2021-05-16;776;148;0;218395;109443;0;28.6;14.3;0.0
68;2021-05-17;4298;2427;0;222693;111870;0;29.2;14.7;0.0
68;2021-05-18;6020;2305;0;228713;114175;0;30.0;15.0;0.0
68;2021-05-19;5717;2790;0;234430;116965;0;30.7;15.3;0.0
68;2021-05-20;5906;2414;0;240336;119379;0;31.5;15.6;0.0
68;2021-05-21;5712;2873;0;246048;122252;0;32.2;16.0;0.0
68;2021-05-22;2675;969;0;248723;123221;0;32.6;16.1;0.0
68;2021-05-23;140;25;0;248863;123246;0;32.6;16.1;0.0
68;2021-05-24;2209;942;0;251072;124188;0;32.9;16.3;0.0
68;2021-05-25;4190;3307;0;255262;127495;0;33.4;16.7;0.0
68;2021-05-26;4792;3288;0;260054;130783;0;34.1;17.1;0.0
68;2021-05-27;5329;3331;0;265383;134114;0;34.8;17.6;0.0
68;2021-05-28;5411;3719;0;270794;137833;0;35.5;18.1;0.0
68;2021-05-29;1625;1198;0;272419;139031;0;35.7;18.2;0.0
68;2021-05-30;82;65;0;272501;139096;0;35.7;18.2;0.0
68;2021-05-31;4926;2299;0;277427;141395;0;36.4;18.5;0.0
68;2021-06-01;5734;2737;0;283161;144132;0;37.1;18.9;0.0
68;2021-06-02;4884;2958;0;288045;147090;0;37.7;19.3;0.0
68;2021-06-03;5717;3039;0;293762;150129;0;38.5;19.7;0.0
68;2021-06-04;4945;3265;0;298707;153394;0;39.1;20.1;0.0
68;2021-06-05;934;1223;0;299641;154617;0;39.3;20.3;0.0
68;2021-06-06;148;125;0;299789;154742;0;39.3;20.3;0.0
68;2021-06-07;4545;2932;0;304334;157674;0;39.9;20.7;0.0
68;2021-06-08;4684;3442;0;309018;161116;0;40.5;21.1;0.0
68;2021-06-09;4832;3301;0;313850;164417;0;41.1;21.5;0.0
68;2021-06-10;4941;3094;0;318791;167511;0;41.8;21.9;0.0
68;2021-06-11;4897;4034;0;323688;171545;0;42.4;22.5;0.0
68;2021-06-12;2971;1777;0;326659;173322;0;42.8;22.7;0.0
68;2021-06-13;585;675;0;327244;173997;0;42.9;22.8;0.0
68;2021-06-14;2431;4280;0;329675;178277;0;43.2;23.4;0.0
68;2021-06-15;2993;4690;0;332668;182967;0;43.6;24.0;0.0
68;2021-06-16;3303;4405;0;335971;187372;0;44.0;24.6;0.0
68;2021-06-17;2376;4387;0;338347;191759;0;44.3;25.1;0.0
68;2021-06-18;3284;5090;0;341631;196849;0;44.8;25.8;0.0
68;2021-06-19;2249;2196;0;343880;199045;0;45.1;26.1;0.0
68;2021-06-20;272;887;0;344152;199932;0;45.1;26.2;0.0
68;2021-06-21;1967;4960;0;346119;204892;0;45.4;26.8;0.0
68;2021-06-22;1857;5103;0;347976;209995;0;45.6;27.5;0.0
68;2021-06-23;2234;5637;0;350210;215632;0;45.9;28.3;0.0
68;2021-06-24;2089;4744;0;352299;220376;0;46.2;28.9;0.0
68;2021-06-25;2197;6378;0;354496;226754;0;46.4;29.7;0.0
68;2021-06-26;1263;2634;0;355759;229388;0;46.6;30.1;0.0
68;2021-06-27;169;856;0;355928;230244;0;46.6;30.2;0.0
68;2021-06-28;1527;6233;0;357455;236477;0;46.8;31.0;0.0
68;2021-06-29;1490;6448;0;358945;242925;0;47.0;31.8;0.0
68;2021-06-30;1771;6417;0;360716;249342;0;47.3;32.7;0.0
68;2021-07-01;2113;5258;0;362829;254600;0;47.5;33.4;0.0
68;2021-07-02;2173;6373;0;365002;260973;0;47.8;34.2;0.0
68;2021-07-03;1030;2021;0;366032;262994;0;48.0;34.5;0.0
68;2021-07-04;241;230;0;366273;263224;0;48.0;34.5;0.0
68;2021-07-05;1420;5228;0;367693;268452;0;48.2;35.2;0.0
68;2021-07-06;1965;5667;0;369658;274119;0;48.4;35.9;0.0
68;2021-07-07;2373;4969;0;372031;279088;0;48.7;36.6;0.0
68;2021-07-08;2389;4649;0;374420;283737;0;49.1;37.2;0.0
68;2021-07-09;2066;7102;0;376486;290839;0;49.3;38.1;0.0
68;2021-07-10;1023;2071;0;377509;292910;0;49.5;38.4;0.0
68;2021-07-11;157;205;0;377666;293115;0;49.5;38.4;0.0
68;2021-07-12;1613;6468;0;379279;299583;0;49.7;39.3;0.0
68;2021-07-13;2779;6320;0;382058;305903;0;50.1;40.1;0.0
68;2021-07-14;1778;1091;0;383836;306994;0;50.3;40.2;0.0
68;2021-07-15;3182;6499;0;387018;313493;0;50.7;41.1;0.0
68;2021-07-16;3816;6665;0;390834;320158;0;51.2;41.9;0.0
68;2021-07-17;3351;2399;0;394185;322557;0;51.6;42.3;0.0
68;2021-07-18;1016;301;0;395201;322858;0;51.8;42.3;0.0
68;2021-07-19;3179;5897;0;398380;328755;0;52.2;43.1;0.0
68;2021-07-20;4218;5466;0;402598;334221;0;52.8;43.8;0.0
68;2021-07-21;4399;5663;0;406997;339884;0;53.3;44.5;0.0
68;2021-07-22;4184;4701;0;411181;344585;0;53.9;45.1;0.0
68;2021-07-23;5009;5680;0;416190;350265;0;54.5;45.9;0.0
68;2021-07-24;3294;2154;0;419484;352419;0;55.0;46.2;0.0
68;2021-07-25;842;552;0;420326;352971;0;55.1;46.2;0.0
68;2021-07-26;4743;4259;0;425069;357230;0;55.7;46.8;0.0
68;2021-07-27;6128;3649;0;431197;360879;0;56.5;47.3;0.0
68;2021-07-28;6593;3716;0;437790;364595;0;57.4;47.8;0.0
68;2021-07-29;6185;3337;0;443975;367932;0;58.2;48.2;0.0
68;2021-07-30;6197;4246;0;450172;372178;0;59.0;48.8;0.0
68;2021-07-31;3791;1462;0;453963;373640;0;59.5;49.0;0.0
68;2021-08-01;1560;499;0;455523;374139;0;59.7;49.0;0.0
68;2021-08-02;4581;3076;0;460104;377215;0;60.3;49.4;0.0
68;2021-08-03;3563;2459;0;463667;379674;0;60.8;49.7;0.0
68;2021-08-04;3159;2678;1;466826;382352;1;61.2;50.1;0.0
68;2021-08-05;2806;2648;0;469632;385000;1;61.5;50.4;0.0
68;2021-08-06;3974;4164;0;473606;389164;1;62.1;51.0;0.0
68;2021-08-07;1350;1404;0;474956;390568;1;62.2;51.2;0.0
68;2021-08-08;388;819;0;475344;391387;1;62.3;51.3;0.0
68;2021-08-09;2478;3608;0;477822;394995;1;62.6;51.8;0.0
68;2021-08-10;2213;2962;0;480035;397957;1;62.9;52.1;0.0
68;2021-08-11;1912;2912;0;481947;400869;1;63.1;52.5;0.0
68;2021-08-12;1790;2827;0;483737;403696;1;63.4;52.9;0.0
68;2021-08-13;2609;4632;0;486346;408328;1;63.7;53.5;0.0
68;2021-08-14;753;1558;0;487099;409886;1;63.8;53.7;0.0
68;2021-08-15;64;468;0;487163;410354;1;63.8;53.8;0.0
68;2021-08-16;1904;4935;0;489067;415289;1;64.1;54.4;0.0
68;2021-08-17;1746;4709;1;490813;419998;2;64.3;55.0;0.0
68;2021-08-18;1249;3789;0;492062;423787;2;64.5;55.5;0.0
68;2021-08-19;1338;3785;0;493400;427572;2;64.6;56.0;0.0
68;2021-08-20;2160;6031;1;495560;433603;3;64.9;56.8;0.0
68;2021-08-21;549;1495;0;496109;435098;3;65.0;57.0;0.0
68;2021-08-22;127;489;0;496236;435587;3;65.0;57.1;0.0
68;2021-08-23;1188;5297;0;497424;440884;3;65.2;57.8;0.0
68;2021-08-24;1354;5729;0;498778;446613;3;65.4;58.5;0.0
68;2021-08-25;1582;3767;0;500360;450380;3;65.6;59.0;0.0
68;2021-08-26;1917;4424;0;502277;454804;3;65.8;59.6;0.0
68;2021-08-27;1783;6143;1;504060;460947;4;66.0;60.4;0.0
68;2021-08-28;448;1245;0;504508;462192;4;66.1;60.6;0.0
68;2021-08-29;47;433;0;504555;462625;4;66.1;60.6;0.0
68;2021-08-30;1287;4299;37;505842;466924;41;66.3;61.2;0.0
68;2021-08-31;1253;3921;127;507095;470845;168;66.4;61.7;0.0
68;2021-09-01;1012;2175;136;508107;473020;304;66.6;62.0;0.0
68;2021-09-02;918;1771;224;509025;474791;528;66.7;62.2;0.1
68;2021-09-03;1314;4173;297;510339;478964;825;66.9;62.8;0.1
68;2021-09-04;550;951;86;510889;479915;911;66.9;62.9;0.1
68;2021-09-05;202;142;58;511091;480057;969;67.0;62.9;0.1
68;2021-09-06;718;2031;248;511809;482088;1217;67.1;63.2;0.2
68;2021-09-07;627;1267;192;512436;483355;1409;67.1;63.3;0.2
68;2021-09-08;653;1383;159;513089;484738;1568;67.2;63.5;0.2
68;2021-09-09;913;1264;331;514002;486002;1899;67.3;63.7;0.2
68;2021-09-10;1479;2954;331;515481;488956;2230;67.5;64.1;0.3
68;2021-09-11;475;696;56;515956;489652;2286;67.6;64.2;0.3
68;2021-09-12;75;76;10;516031;489728;2296;67.6;64.2;0.3
68;2021-09-13;828;1218;224;516859;490946;2520;67.7;64.3;0.3
68;2021-09-14;975;1312;535;517834;492258;3055;67.9;64.5;0.4
68;2021-09-15;724;1570;555;518558;493828;3610;67.9;64.7;0.5
68;2021-09-16;629;1043;482;519187;494871;4092;68.0;64.8;0.5
68;2021-09-17;984;2260;583;520171;497131;4675;68.2;65.1;0.6
68;2021-09-18;456;797;188;520627;497928;4863;68.2;65.2;0.6
68;2021-09-19;23;74;19;520650;498002;4882;68.2;65.3;0.6
68;2021-09-20;561;956;320;521211;498958;5202;68.3;65.4;0.7
68;2021-09-21;592;1257;756;521803;500215;5958;68.4;65.5;0.8
68;2021-09-22;621;1171;629;522424;501386;6587;68.5;65.7;0.9
68;2021-09-23;356;694;698;522780;502080;7285;68.5;65.8;1.0
68;2021-09-24;638;1524;799;523418;503604;8084;68.6;66.0;1.1
68;2021-09-25;300;697;176;523718;504301;8260;68.6;66.1;1.1
68;2021-09-26;32;57;12;523750;504358;8272;68.6;66.1;1.1
68;2021-09-27;346;676;515;524096;505034;8787;68.7;66.2;1.2
68;2021-09-28;346;548;524;524442;505582;9311;68.7;66.2;1.2
68;2021-09-29;563;859;891;525005;506441;10202;68.8;66.4;1.3
68;2021-09-30;403;763;671;525408;507204;10873;68.8;66.5;1.4
68;2021-10-01;888;1540;702;526296;508744;11575;69.0;66.7;1.5
68;2021-10-02;334;583;203;526630;509327;11778;69.0;66.7;1.5
68;2021-10-03;61;99;15;526691;509426;11793;69.0;66.7;1.5
68;2021-10-04;344;451;441;527035;509877;12234;69.1;66.8;1.6
68;2021-10-05;361;593;509;527396;510470;12743;69.1;66.9;1.7
68;2021-10-06;419;865;565;527815;511335;13308;69.2;67.0;1.7
68;2021-10-07;391;591;668;528206;511926;13976;69.2;67.1;1.8
68;2021-10-08;1052;1587;1170;529258;513513;15146;69.3;67.3;2.0
68;2021-10-09;315;621;298;529573;514134;15444;69.4;67.4;2.0
68;2021-10-10;39;51;45;529612;514185;15489;69.4;67.4;2.0
68;2021-10-11;323;472;419;529935;514657;15908;69.4;67.4;2.1
68;2021-10-12;271;493;511;530206;515150;16419;69.5;67.5;2.2
68;2021-10-13;508;642;661;530714;515792;17080;69.5;67.6;2.2
68;2021-10-14;406;625;793;531120;516417;17873;69.6;67.7;2.3
68;2021-10-15;701;945;1293;531821;517362;19166;69.7;67.8;2.5
68;2021-10-16;230;392;320;532051;517754;19486;69.7;67.8;2.6
68;2021-10-17;29;33;34;532080;517787;19520;69.7;67.8;2.6
68;2021-10-18;262;355;435;532342;518142;19955;69.8;67.9;2.6
68;2021-10-19;278;440;415;532620;518582;20370;69.8;67.9;2.7
68;2021-10-20;442;525;987;533062;519107;21357;69.8;68.0;2.8
68;2021-10-21;367;553;896;533429;519660;22253;69.9;68.1;2.9
68;2021-10-22;582;774;1353;534011;520434;23606;70.0;68.2;3.1
68;2021-10-23;204;354;445;534215;520788;24051;70.0;68.2;3.2
68;2021-10-24;25;49;22;534240;520837;24073;70.0;68.2;3.2
68;2021-10-25;196;267;476;534436;521104;24549;70.0;68.3;3.2
68;2021-10-26;189;286;519;534625;521390;25068;70.1;68.3;3.3
68;2021-10-27;341;418;1058;534966;521808;26126;70.1;68.4;3.4
68;2021-10-28;309;411;1057;535275;522219;27183;70.1;68.4;3.6
68;2021-10-29;453;615;1554;535728;522834;28737;70.2;68.5;3.8
68;2021-10-30;178;310;493;535906;523144;29230;70.2;68.5;3.8
68;2021-10-31;14;42;47;535920;523186;29277;70.2;68.6;3.8
68;2021-11-01;220;35;20;536140;523221;29297;70.2;68.6;3.8
68;2021-11-02;200;361;746;536340;523582;30043;70.3;68.6;3.9
68;2021-11-03;311;496;885;536651;524078;30928;70.3;68.7;4.1
68;2021-11-04;306;368;1305;536957;524446;32233;70.4;68.7;4.2
68;2021-11-05;502;757;2203;537459;525203;34436;70.4;68.8;4.5
68;2021-11-06;177;312;644;537636;525515;35080;70.4;68.9;4.6
68;2021-11-07;22;74;34;537658;525589;35114;70.4;68.9;4.6
68;2021-11-08;200;298;1197;537858;525887;36311;70.5;68.9;4.8
68;2021-11-09;187;341;1326;538045;526228;37637;70.5;68.9;4.9
68;2021-11-10;325;523;2307;538370;526751;39944;70.5;69.0;5.2
68;2021-11-11;8;40;25;538378;526791;39969;70.5;69.0;5.2
68;2021-11-12;347;704;3140;538725;527495;43109;70.6;69.1;5.6
68;2021-11-13;173;274;1040;538898;527769;44149;70.6;69.2;5.8
68;2021-11-14;29;59;83;538927;527828;44232;70.6;69.2;5.8
68;2021-11-15;255;288;2262;539182;528116;46494;70.6;69.2;6.1
68;2021-11-16;383;332;2787;539565;528448;49281;70.7;69.2;6.5
68;2021-11-17;313;389;2739;539878;528837;52020;70.7;69.3;6.8
68;2021-11-18;237;349;2215;540115;529186;54235;70.8;69.3;7.1
68;2021-11-19;379;534;3499;540494;529720;57734;70.8;69.4;7.6
68;2021-11-20;181;275;1202;540675;529995;58936;70.8;69.4;7.7
68;2021-11-21;3;46;48;540678;530041;58984;70.8;69.4;7.7
68;2021-11-22;329;251;2264;541007;530292;61248;70.9;69.5;8.0
68;2021-11-23;419;288;3183;541426;530580;64431;70.9;69.5;8.4
68;2021-11-24;345;321;3046;541771;530901;67477;71.0;69.6;8.8
68;2021-11-25;308;346;3615;542079;531247;71092;71.0;69.6;9.3
68;2021-11-26;478;554;5611;542557;531801;76703;71.1;69.7;10.1
68;2021-11-27;200;329;2195;542757;532130;78898;71.1;69.7;10.3
68;2021-11-28;25;48;459;542782;532178;79357;71.1;69.7;10.4
68;2021-11-29;230;275;4077;543012;532453;83434;71.1;69.8;10.9
68;2021-11-30;321;286;5684;543333;532739;89118;71.2;69.8;11.7
68;2021-12-01;214;346;5503;543547;533085;94621;71.2;69.8;12.4
68;2021-12-02;228;246;7558;543775;533331;102179;71.2;69.9;13.4
68;2021-12-03;281;462;8398;544056;533793;110577;71.3;69.9;14.5
68;2021-12-04;175;286;3242;544231;534079;113819;71.3;70.0;14.9
68;2021-12-05;27;90;921;544258;534169;114740;71.3;70.0;15.0
68;2021-12-06;214;334;6218;544472;534503;120958;71.3;70.0;15.8
68;2021-12-07;236;320;7321;544708;534823;128279;71.4;70.1;16.8
68;2021-12-08;270;468;6740;544978;535291;135019;71.4;70.1;17.7
68;2021-12-09;256;342;8200;545234;535633;143219;71.4;70.2;18.8
68;2021-12-10;317;456;8829;545551;536089;152048;71.5;70.2;19.9
68;2021-12-11;210;269;3887;545761;536358;155935;71.5;70.3;20.4
68;2021-12-12;50;93;1109;545811;536451;157044;71.5;70.3;20.6
68;2021-12-13;248;351;6672;546059;536802;163716;71.5;70.3;21.5
68;2021-12-14;242;434;7732;546301;537236;171448;71.6;70.4;22.5
68;2021-12-15;267;514;7977;546568;537750;179425;71.6;70.5;23.5
68;2021-12-16;296;375;9025;546864;538125;188450;71.7;70.5;24.7
68;2021-12-17;297;502;9322;547161;538627;197772;71.7;70.6;25.9
68;2021-12-18;165;207;3722;547326;538834;201494;71.7;70.6;26.4
68;2021-12-19;62;86;1243;547388;538920;202737;71.7;70.6;26.6
68;2021-12-20;334;366;7426;547722;539286;210163;71.8;70.7;27.5
68;2021-12-21;427;431;8479;548149;539717;218642;71.8;70.7;28.6
68;2021-12-22;379;363;7280;548528;540080;225922;71.9;70.8;29.6
69;2020-12-27;2;0;0;2;0;0;0.0;0.0;0.0
69;2020-12-28;10;1;0;12;1;0;0.0;0.0;0.0
69;2020-12-29;6;0;0;18;1;0;0.0;0.0;0.0
69;2020-12-30;6;1;0;24;2;0;0.0;0.0;0.0
69;2020-12-31;13;3;0;37;5;0;0.0;0.0;0.0
69;2021-01-01;2;0;0;39;5;0;0.0;0.0;0.0
69;2021-01-02;3;0;0;42;5;0;0.0;0.0;0.0
69;2021-01-03;4;2;0;46;7;0;0.0;0.0;0.0
69;2021-01-04;16;0;0;62;7;0;0.0;0.0;0.0
69;2021-01-05;198;7;0;260;14;0;0.0;0.0;0.0
69;2021-01-06;468;6;0;728;20;0;0.0;0.0;0.0
69;2021-01-07;736;5;0;1464;25;0;0.1;0.0;0.0
69;2021-01-08;750;1;0;2214;26;0;0.1;0.0;0.0
69;2021-01-09;47;3;0;2261;29;0;0.1;0.0;0.0
69;2021-01-10;3;1;0;2264;30;0;0.1;0.0;0.0
69;2021-01-11;1020;3;0;3284;33;0;0.2;0.0;0.0
69;2021-01-12;1283;9;0;4567;42;0;0.2;0.0;0.0
69;2021-01-13;1261;3;0;5828;45;0;0.3;0.0;0.0
69;2021-01-14;2121;23;0;7949;68;0;0.4;0.0;0.0
69;2021-01-15;1734;8;0;9683;76;0;0.5;0.0;0.0
69;2021-01-16;890;4;0;10573;80;0;0.6;0.0;0.0
69;2021-01-17;264;3;0;10837;83;0;0.6;0.0;0.0
69;2021-01-18;1694;16;0;12531;99;0;0.7;0.0;0.0
69;2021-01-19;3517;31;0;16048;130;0;0.9;0.0;0.0
69;2021-01-20;4253;32;0;20301;162;0;1.1;0.0;0.0
69;2021-01-21;3915;43;0;24216;205;0;1.3;0.0;0.0
69;2021-01-22;3010;29;0;27226;234;0;1.5;0.0;0.0
69;2021-01-23;1224;3;0;28450;237;0;1.5;0.0;0.0
69;2021-01-24;105;1;0;28555;238;0;1.5;0.0;0.0
69;2021-01-25;2082;47;0;30637;285;0;1.6;0.0;0.0
69;2021-01-26;2449;88;0;33086;373;0;1.8;0.0;0.0
69;2021-01-27;2234;176;0;35320;549;0;1.9;0.0;0.0
69;2021-01-28;2276;356;0;37596;905;0;2.0;0.0;0.0
69;2021-01-29;2051;280;0;39647;1185;0;2.1;0.1;0.0
69;2021-01-30;881;4;0;40528;1189;0;2.2;0.1;0.0
69;2021-01-31;63;1;0;40591;1190;0;2.2;0.1;0.0
69;2021-02-01;1078;377;0;41669;1567;0;2.2;0.1;0.0
69;2021-02-02;1559;426;0;43228;1993;0;2.3;0.1;0.0
69;2021-02-03;1381;528;0;44609;2521;0;2.4;0.1;0.0
69;2021-02-04;1749;907;0;46358;3428;0;2.5;0.2;0.0
69;2021-02-05;791;796;0;47149;4224;0;2.5;0.2;0.0
69;2021-02-06;385;58;0;47534;4282;0;2.5;0.2;0.0
69;2021-02-07;15;7;0;47549;4289;0;2.5;0.2;0.0
69;2021-02-08;1060;985;0;48609;5274;0;2.6;0.3;0.0
69;2021-02-09;1947;2041;0;50556;7315;0;2.7;0.4;0.0
69;2021-02-10;1819;2520;0;52375;9835;0;2.8;0.5;0.0
69;2021-02-11;1768;3099;0;54143;12934;0;2.9;0.7;0.0
69;2021-02-12;1776;1992;0;55919;14926;0;3.0;0.8;0.0
69;2021-02-13;425;751;0;56344;15677;0;3.0;0.8;0.0
69;2021-02-14;86;47;0;56430;15724;0;3.0;0.8;0.0
69;2021-02-15;945;1750;0;57375;17474;0;3.1;0.9;0.0
69;2021-02-16;973;2384;0;58348;19858;0;3.1;1.1;0.0
69;2021-02-17;987;2338;0;59335;22196;0;3.2;1.2;0.0
69;2021-02-18;952;2269;0;60287;24465;0;3.2;1.3;0.0
69;2021-02-19;878;1824;0;61165;26289;0;3.3;1.4;0.0
69;2021-02-20;323;916;0;61488;27205;0;3.3;1.5;0.0
69;2021-02-21;47;70;0;61535;27275;0;3.3;1.5;0.0
69;2021-02-22;573;2076;0;62108;29351;0;3.3;1.6;0.0
69;2021-02-23;733;2093;0;62841;31444;0;3.3;1.7;0.0
69;2021-02-24;1010;2175;0;63851;33619;0;3.4;1.8;0.0
69;2021-02-25;2142;2631;0;65993;36250;0;3.5;1.9;0.0
69;2021-02-26;2674;1822;0;68667;38072;0;3.7;2.0;0.0
69;2021-02-27;907;552;0;69574;38624;0;3.7;2.1;0.0
69;2021-02-28;125;95;0;69699;38719;0;3.7;2.1;0.0
69;2021-03-01;2151;926;0;71850;39645;0;3.8;2.1;0.0
69;2021-03-02;3195;1418;0;75045;41063;0;4.0;2.2;0.0
69;2021-03-03;3546;1247;0;78591;42310;0;4.2;2.3;0.0
69;2021-03-04;4726;1362;0;83317;43672;0;4.4;2.3;0.0
69;2021-03-05;5755;1285;0;89072;44957;0;4.7;2.4;0.0
69;2021-03-06;3383;423;0;92455;45380;0;4.9;2.4;0.0
69;2021-03-07;732;61;0;93187;45441;0;5.0;2.4;0.0
69;2021-03-08;2832;1102;0;96019;46543;0;5.1;2.5;0.0
69;2021-03-09;4491;1246;0;100510;47789;0;5.4;2.5;0.0
69;2021-03-10;4845;1029;0;105355;48818;0;5.6;2.6;0.0
69;2021-03-11;6438;1043;0;111793;49861;0;6.0;2.7;0.0
69;2021-03-12;8417;1189;0;120210;51050;0;6.4;2.7;0.0
69;2021-03-13;4597;264;0;124807;51314;0;6.7;2.7;0.0
69;2021-03-14;2467;150;0;127274;51464;0;6.8;2.7;0.0
69;2021-03-15;4527;724;0;131801;52188;0;7.0;2.8;0.0
69;2021-03-16;3654;724;0;135455;52912;0;7.2;2.8;0.0
69;2021-03-17;3817;923;0;139272;53835;0;7.4;2.9;0.0
69;2021-03-18;4692;1575;0;143964;55410;0;7.7;3.0;0.0
69;2021-03-19;6381;1030;0;150345;56440;0;8.0;3.0;0.0
69;2021-03-20;3486;255;0;153831;56695;0;8.2;3.0;0.0
69;2021-03-21;1800;96;0;155631;56791;0;8.3;3.0;0.0
69;2021-03-22;4424;813;0;160055;57604;0;8.5;3.1;0.0
69;2021-03-23;7043;856;0;167098;58460;0;8.9;3.1;0.0
69;2021-03-24;6239;1017;0;173337;59477;0;9.2;3.2;0.0
69;2021-03-25;8291;1142;0;181628;60619;0;9.7;3.2;0.0
69;2021-03-26;8552;1335;0;190180;61954;0;10.1;3.3;0.0
69;2021-03-27;3099;804;0;193279;62758;0;10.3;3.3;0.0
69;2021-03-28;2056;184;0;195335;62942;0;10.4;3.4;0.0
69;2021-03-29;4000;2134;0;199335;65076;0;10.6;3.5;0.0
69;2021-03-30;7381;2602;0;206716;67678;0;11.0;3.6;0.0
69;2021-03-31;6034;3100;0;212750;70778;0;11.3;3.8;0.0
69;2021-04-01;8085;2704;0;220835;73482;0;11.8;3.9;0.0
69;2021-04-02;7936;3102;0;228771;76584;0;12.2;4.1;0.0
69;2021-04-03;4993;2070;0;233764;78654;0;12.5;4.2;0.0
69;2021-04-04;5908;536;0;239672;79190;0;12.8;4.2;0.0
69;2021-04-05;5505;774;0;245177;79964;0;13.1;4.3;0.0
69;2021-04-06;4987;3376;0;250164;83340;0;13.3;4.4;0.0
69;2021-04-07;5142;3750;0;255306;87090;0;13.6;4.6;0.0
69;2021-04-08;6326;3912;0;261632;91002;0;13.9;4.9;0.0
69;2021-04-09;9169;3765;0;270801;94767;0;14.4;5.1;0.0
69;2021-04-10;2993;2381;0;273794;97148;0;14.6;5.2;0.0
69;2021-04-11;1894;1741;0;275688;98889;0;14.7;5.3;0.0
69;2021-04-12;5310;3514;0;280998;102403;0;15.0;5.5;0.0
69;2021-04-13;7017;4016;0;288015;106419;0;15.4;5.7;0.0
69;2021-04-14;6616;4043;0;294631;110462;0;15.7;5.9;0.0
69;2021-04-15;7734;4439;0;302365;114901;0;16.1;6.1;0.0
69;2021-04-16;7783;4391;0;310148;119292;0;16.5;6.4;0.0
69;2021-04-17;4766;2225;0;314914;121517;0;16.8;6.5;0.0
69;2021-04-18;1698;1657;0;316612;123174;0;16.9;6.6;0.0
69;2021-04-19;6640;3667;0;323252;126841;0;17.2;6.8;0.0
69;2021-04-20;6452;4549;0;329704;131390;0;17.6;7.0;0.0
69;2021-04-21;5694;4287;0;335398;135677;0;17.9;7.2;0.0
69;2021-04-22;6337;5200;0;341735;140877;0;18.2;7.5;0.0
69;2021-04-23;6669;4755;0;348404;145632;0;18.6;7.8;0.0
69;2021-04-24;3229;2018;0;351633;147650;0;18.7;7.9;0.0
69;2021-04-25;2123;1468;0;353756;149118;0;18.9;7.9;0.0
69;2021-04-26;4591;3797;0;358347;152915;0;19.1;8.2;0.0
69;2021-04-27;6619;5110;0;364966;158025;0;19.5;8.4;0.0
69;2021-04-28;6370;4700;0;371336;162725;0;19.8;8.7;0.0
69;2021-04-29;6766;5279;0;378102;168004;0;20.2;9.0;0.0
69;2021-04-30;7089;5985;0;385191;173989;0;20.5;9.3;0.0
69;2021-05-01;3381;635;0;388572;174624;0;20.7;9.3;0.0
69;2021-05-02;1584;5209;0;390156;179833;0;20.8;9.6;0.0
69;2021-05-03;5746;7604;0;395902;187437;0;21.1;10.0;0.0
69;2021-05-04;7369;7606;0;403271;195043;0;21.5;10.4;0.0
69;2021-05-05;10385;5499;0;413656;200542;0;22.0;10.7;0.0
69;2021-05-06;11434;6054;0;425090;206596;0;22.7;11.0;0.0
69;2021-05-07;10826;6973;0;435916;213569;0;23.2;11.4;0.0
69;2021-05-08;4280;1588;0;440196;215157;0;23.5;11.5;0.0
69;2021-05-09;5937;2509;0;446133;217666;0;23.8;11.6;0.0
69;2021-05-10;6788;5982;0;452921;223648;0;24.1;11.9;0.0
69;2021-05-11;9854;6839;0;462775;230487;0;24.7;12.3;0.0
69;2021-05-12;12034;6600;0;474809;237087;0;25.3;12.6;0.0
69;2021-05-13;10779;2471;0;485588;239558;0;25.9;12.8;0.0
69;2021-05-14;12451;5130;0;498039;244688;0;26.5;13.0;0.0
69;2021-05-15;9205;2573;0;507244;247261;0;27.0;13.2;0.0
69;2021-05-16;8031;1758;0;515275;249019;0;27.5;13.3;0.0
69;2021-05-17;11056;5409;0;526331;254428;0;28.1;13.6;0.0
69;2021-05-18;12946;6053;0;539277;260481;0;28.7;13.9;0.0
69;2021-05-19;13216;5568;0;552493;266049;0;29.4;14.2;0.0
69;2021-05-20;11594;5829;0;564087;271878;0;30.1;14.5;0.0
69;2021-05-21;11487;6485;0;575574;278363;0;30.7;14.8;0.0
69;2021-05-22;7225;2585;0;582799;280948;0;31.1;15.0;0.0
69;2021-05-23;5166;1498;0;587965;282446;0;31.3;15.1;0.0
69;2021-05-24;9106;1960;0;597071;284406;0;31.8;15.2;0.0
69;2021-05-25;10338;6147;0;607409;290553;0;32.4;15.5;0.0
69;2021-05-26;10967;6009;0;618376;296562;0;33.0;15.8;0.0
69;2021-05-27;10931;6642;0;629307;303204;0;33.5;16.2;0.0
69;2021-05-28;11761;8574;0;641068;311778;0;34.2;16.6;0.0
69;2021-05-29;8450;5761;0;649518;317539;0;34.6;16.9;0.0
69;2021-05-30;7220;2871;0;656738;320410;0;35.0;17.1;0.0
69;2021-05-31;11190;6258;0;667928;326668;0;35.6;17.4;0.0
69;2021-06-01;12111;7334;0;680039;334002;0;36.2;17.8;0.0
69;2021-06-02;14206;6537;0;694245;340539;0;37.0;18.2;0.0
69;2021-06-03;15806;7212;0;710051;347751;0;37.8;18.5;0.0
69;2021-06-04;13505;8508;0;723556;356259;0;38.6;19.0;0.0
69;2021-06-05;10242;3536;0;733798;359795;0;39.1;19.2;0.0
69;2021-06-06;6982;1681;0;740780;361476;0;39.5;19.3;0.0
69;2021-06-07;11983;6900;0;752763;368376;0;40.1;19.6;0.0
69;2021-06-08;14540;8023;0;767303;376399;0;40.9;20.1;0.0
69;2021-06-09;13609;7235;0;780912;383634;0;41.6;20.4;0.0
69;2021-06-10;14354;7086;0;795266;390720;0;42.4;20.8;0.0
69;2021-06-11;14333;9488;0;809599;400208;0;43.2;21.3;0.0
69;2021-06-12;7903;4219;0;817502;404427;0;43.6;21.6;0.0
69;2021-06-13;4869;2015;0;822371;406442;0;43.8;21.7;0.0
69;2021-06-14;7257;8867;0;829628;415309;0;44.2;22.1;0.0
69;2021-06-15;9321;10612;0;838949;425921;0;44.7;22.7;0.0
69;2021-06-16;9548;11582;0;848497;437503;0;45.2;23.3;0.0
69;2021-06-17;9764;12397;0;858261;449900;0;45.7;24.0;0.0
69;2021-06-18;9970;14132;0;868231;464032;0;46.3;24.7;0.0
69;2021-06-19;5953;8277;0;874184;472309;0;46.6;25.2;0.0
69;2021-06-20;4410;4444;0;878594;476753;0;46.8;25.4;0.0
69;2021-06-21;5357;12086;0;883951;488839;0;47.1;26.1;0.0
69;2021-06-22;6193;13316;0;890144;502155;0;47.4;26.8;0.0
69;2021-06-23;7049;12635;0;897193;514790;0;47.8;27.4;0.0
69;2021-06-24;7631;13011;0;904824;527801;0;48.2;28.1;0.0
69;2021-06-25;6389;15948;0;911213;543749;0;48.6;29.0;0.0
69;2021-06-26;3569;9590;0;914782;553339;0;48.8;29.5;0.0
69;2021-06-27;2882;6995;0;917664;560334;0;48.9;29.9;0.0
69;2021-06-28;3990;14716;0;921654;575050;0;49.1;30.7;0.0
69;2021-06-29;4799;15257;0;926453;590307;0;49.4;31.5;0.0
69;2021-06-30;5928;14072;0;932381;604379;0;49.7;32.2;0.0
69;2021-07-01;7505;11986;0;939886;616365;0;50.1;32.9;0.0
69;2021-07-02;6501;14405;0;946387;630770;0;50.4;33.6;0.0
69;2021-07-03;5078;8897;0;951465;639667;0;50.7;34.1;0.0
69;2021-07-04;3473;5484;0;954938;645151;0;50.9;34.4;0.0
69;2021-07-05;5527;13248;0;960465;658399;0;51.2;35.1;0.0
69;2021-07-06;5439;14259;0;965904;672658;0;51.5;35.9;0.0
69;2021-07-07;6984;13418;0;972888;686076;0;51.9;36.6;0.0
69;2021-07-08;7167;13101;0;980055;699177;0;52.2;37.3;0.0
69;2021-07-09;7065;16262;0;987120;715439;0;52.6;38.1;0.0
69;2021-07-10;2982;10896;0;990102;726335;0;52.8;38.7;0.0
69;2021-07-11;3623;5434;0;993725;731769;0;53.0;39.0;0.0
69;2021-07-12;3920;16492;0;997645;748261;0;53.2;39.9;0.0
69;2021-07-13;6310;18545;0;1003955;766806;0;53.5;40.9;0.0
69;2021-07-14;5042;6546;0;1008997;773352;0;53.8;41.2;0.0
69;2021-07-15;7935;18515;0;1016932;791867;0;54.2;42.2;0.0
69;2021-07-16;9755;17533;0;1026687;809400;0;54.7;43.1;0.0
69;2021-07-17;5111;10936;0;1031798;820336;0;55.0;43.7;0.0
69;2021-07-18;3138;7390;0;1034936;827726;0;55.2;44.1;0.0
69;2021-07-19;6878;14930;0;1041814;842656;0;55.5;44.9;0.0
69;2021-07-20;9350;17001;0;1051164;859657;0;56.0;45.8;0.0
69;2021-07-21;9684;15831;0;1060848;875488;0;56.5;46.7;0.0
69;2021-07-22;11533;15321;0;1072381;890809;0;57.2;47.5;0.0
69;2021-07-23;10999;15736;3;1083380;906545;3;57.7;48.3;0.0
69;2021-07-24;6003;9981;0;1089383;916526;3;58.1;48.9;0.0
69;2021-07-25;4242;5691;0;1093625;922217;3;58.3;49.2;0.0
69;2021-07-26;8733;11740;0;1102358;933957;3;58.8;49.8;0.0
69;2021-07-27;12571;11754;1;1114929;945711;4;59.4;50.4;0.0
69;2021-07-28;11729;11169;0;1126658;956880;4;60.1;51.0;0.0
69;2021-07-29;13898;10869;1;1140556;967749;5;60.8;51.6;0.0
69;2021-07-30;13189;11197;1;1153745;978946;6;61.5;52.2;0.0
69;2021-07-31;7739;6680;0;1161484;985626;6;61.9;52.5;0.0
69;2021-08-01;4428;4462;0;1165912;990088;6;62.1;52.8;0.0
69;2021-08-02;10784;8336;0;1176696;998424;6;62.7;53.2;0.0
69;2021-08-03;12145;7673;0;1188841;1006097;6;63.4;53.6;0.0
69;2021-08-04;11654;7411;0;1200495;1013508;6;64.0;54.0;0.0
69;2021-08-05;10357;7150;0;1210852;1020658;6;64.5;54.4;0.0
69;2021-08-06;9295;7610;0;1220147;1028268;6;65.0;54.8;0.0
69;2021-08-07;4482;4448;1;1224629;1032716;7;65.3;55.0;0.0
69;2021-08-08;3590;3176;0;1228219;1035892;7;65.5;55.2;0.0
69;2021-08-09;6823;8603;0;1235042;1044495;7;65.8;55.7;0.0
69;2021-08-10;7434;6936;0;1242476;1051431;7;66.2;56.0;0.0
69;2021-08-11;7138;7458;0;1249614;1058889;7;66.6;56.4;0.0
69;2021-08-12;6563;6899;0;1256177;1065788;7;67.0;56.8;0.0
69;2021-08-13;6138;8087;0;1262315;1073875;7;67.3;57.2;0.0
69;2021-08-14;3919;5144;0;1266234;1079019;7;67.5;57.5;0.0
69;2021-08-15;2094;2242;0;1268328;1081261;7;67.6;57.6;0.0
69;2021-08-16;4899;8856;0;1273227;1090117;7;67.9;58.1;0.0
69;2021-08-17;5828;8227;0;1279055;1098344;7;68.2;58.5;0.0
69;2021-08-18;5523;9197;0;1284578;1107541;7;68.5;59.0;0.0
69;2021-08-19;5469;8887;0;1290047;1116428;7;68.8;59.5;0.0
69;2021-08-20;5342;8687;0;1295389;1125115;7;69.0;60.0;0.0
69;2021-08-21;2467;4002;0;1297856;1129117;7;69.2;60.2;0.0
69;2021-08-22;1610;2207;0;1299466;1131324;7;69.3;60.3;0.0
69;2021-08-23;3388;11556;0;1302854;1142880;7;69.4;60.9;0.0
69;2021-08-24;4406;12100;0;1307260;1154980;7;69.7;61.6;0.0
69;2021-08-25;3880;11448;0;1311140;1166428;7;69.9;62.2;0.0
69;2021-08-26;3844;10082;0;1314984;1176510;7;70.1;62.7;0.0
69;2021-08-27;3934;12789;0;1318918;1189299;7;70.3;63.4;0.0
69;2021-08-28;1695;7406;0;1320613;1196705;7;70.4;63.8;0.0
69;2021-08-29;1090;5371;0;1321703;1202076;7;70.5;64.1;0.0
69;2021-08-30;3016;10160;88;1324719;1212236;95;70.6;64.6;0.0
69;2021-08-31;3584;8623;199;1328303;1220859;294;70.8;65.1;0.0
69;2021-09-01;3924;7916;378;1332227;1228775;672;71.0;65.5;0.0
69;2021-09-02;3742;6951;900;1335969;1235726;1572;71.2;65.9;0.1
69;2021-09-03;3584;8928;855;1339553;1244654;2427;71.4;66.3;0.1
69;2021-09-04;1978;6908;214;1341531;1251562;2641;71.5;66.7;0.1
69;2021-09-05;1121;2898;229;1342652;1254460;2870;71.6;66.9;0.2
69;2021-09-06;2163;5009;819;1344815;1259469;3689;71.7;67.1;0.2
69;2021-09-07;1989;4589;957;1346804;1264058;4646;71.8;67.4;0.2
69;2021-09-08;2440;5356;705;1349244;1269414;5351;71.9;67.7;0.3
69;2021-09-09;2131;4472;1003;1351375;1273886;6354;72.0;67.9;0.3
69;2021-09-10;2422;5395;1054;1353797;1279281;7408;72.2;68.2;0.4
69;2021-09-11;1476;4153;219;1355273;1283434;7627;72.2;68.4;0.4
69;2021-09-12;409;1715;112;1355682;1285149;7739;72.3;68.5;0.4
69;2021-09-13;1509;3519;1045;1357191;1288668;8784;72.3;68.7;0.5
69;2021-09-14;1614;3137;1504;1358805;1291805;10288;72.4;68.9;0.5
69;2021-09-15;1783;4172;1207;1360588;1295977;11495;72.5;69.1;0.6
69;2021-09-16;1424;2685;1524;1362012;1298662;13019;72.6;69.2;0.7
69;2021-09-17;1643;4104;1585;1363655;1302766;14604;72.7;69.4;0.8
69;2021-09-18;1007;3504;265;1364662;1306270;14869;72.7;69.6;0.8
69;2021-09-19;383;1188;121;1365045;1307458;14990;72.8;69.7;0.8
69;2021-09-20;892;2370;1037;1365937;1309828;16027;72.8;69.8;0.9
69;2021-09-21;880;2622;1472;1366817;1312450;17499;72.9;70.0;0.9
69;2021-09-22;1033;3573;1098;1367850;1316023;18597;72.9;70.1;1.0
69;2021-09-23;804;2518;1470;1368654;1318541;20067;73.0;70.3;1.1
69;2021-09-24;1155;3481;1074;1369809;1322022;21141;73.0;70.5;1.1
69;2021-09-25;666;2334;228;1370475;1324356;21369;73.1;70.6;1.1
69;2021-09-26;264;959;64;1370739;1325315;21433;73.1;70.6;1.1
69;2021-09-27;604;1735;964;1371343;1327050;22397;73.1;70.7;1.2
69;2021-09-28;773;1698;1312;1372116;1328748;23709;73.1;70.8;1.3
69;2021-09-29;1026;2737;1222;1373142;1331485;24931;73.2;71.0;1.3
69;2021-09-30;876;1864;1296;1374018;1333349;26227;73.2;71.1;1.4
69;2021-10-01;1751;2987;1768;1375769;1336336;27995;73.3;71.2;1.5
69;2021-10-02;926;1876;406;1376695;1338212;28401;73.4;71.3;1.5
69;2021-10-03;258;516;160;1376953;1338728;28561;73.4;71.4;1.5
69;2021-10-04;929;1655;1375;1377882;1340383;29936;73.4;71.4;1.6
69;2021-10-05;768;1332;1509;1378650;1341715;31445;73.5;71.5;1.7
69;2021-10-06;1074;2014;1605;1379724;1343729;33050;73.5;71.6;1.8
69;2021-10-07;820;1403;1765;1380544;1345132;34815;73.6;71.7;1.9
69;2021-10-08;1222;2146;2193;1381766;1347278;37008;73.7;71.8;2.0
69;2021-10-09;653;1212;584;1382419;1348490;37592;73.7;71.9;2.0
69;2021-10-10;68;271;132;1382487;1348761;37724;73.7;71.9;2.0
69;2021-10-11;596;1200;1485;1383083;1349961;39209;73.7;72.0;2.1
69;2021-10-12;695;1046;1777;1383778;1351007;40986;73.8;72.0;2.2
69;2021-10-13;1061;1682;2266;1384839;1352689;43252;73.8;72.1;2.3
69;2021-10-14;768;1207;2249;1385607;1353896;45501;73.9;72.2;2.4
69;2021-10-15;1095;1704;2878;1386702;1355600;48379;73.9;72.3;2.6
69;2021-10-16;704;1130;751;1387406;1356730;49130;74.0;72.3;2.6
69;2021-10-17;31;157;64;1387437;1356887;49194;74.0;72.3;2.6
69;2021-10-18;538;812;1876;1387975;1357699;51070;74.0;72.4;2.7
69;2021-10-19;295;729;2175;1388270;1358428;53245;74.0;72.4;2.8
69;2021-10-20;583;1178;2888;1388853;1359606;56133;74.0;72.5;3.0
69;2021-10-21;338;842;2722;1389191;1360448;58855;74.0;72.5;3.1
69;2021-10-22;512;1280;3082;1389703;1361728;61937;74.1;72.6;3.3
69;2021-10-23;456;989;1176;1390159;1362717;63113;74.1;72.6;3.4
69;2021-10-24;21;87;89;1390180;1362804;63202;74.1;72.6;3.4
69;2021-10-25;340;722;2128;1390520;1363526;65330;74.1;72.7;3.5
69;2021-10-26;307;621;2153;1390827;1364147;67483;74.1;72.7;3.6
69;2021-10-27;473;1186;3333;1391300;1365333;70816;74.2;72.8;3.8
69;2021-10-28;370;717;2681;1391670;1366050;73497;74.2;72.8;3.9
69;2021-10-29;438;1024;3373;1392108;1367074;76870;74.2;72.9;4.1
69;2021-10-30;226;610;1048;1392334;1367684;77918;74.2;72.9;4.2
69;2021-10-31;26;69;69;1392360;1367753;77987;74.2;72.9;4.2
69;2021-11-01;107;47;24;1392467;1367800;78011;74.2;72.9;4.2
69;2021-11-02;321;748;2261;1392788;1368548;80272;74.2;72.9;4.3
69;2021-11-03;426;972;3716;1393214;1369520;83988;74.3;73.0;4.5
69;2021-11-04;348;722;3416;1393562;1370242;87404;74.3;73.0;4.7
69;2021-11-05;471;995;4454;1394033;1371237;91858;74.3;73.1;4.9
69;2021-11-06;231;604;1352;1394264;1371841;93210;74.3;73.1;5.0
69;2021-11-07;24;49;102;1394288;1371890;93312;74.3;73.1;5.0
69;2021-11-08;201;568;3165;1394489;1372458;96477;74.3;73.2;5.1
69;2021-11-09;220;510;4116;1394709;1372968;100593;74.3;73.2;5.4
69;2021-11-10;456;845;4955;1395165;1373813;105548;74.4;73.2;5.6
69;2021-11-11;80;120;715;1395245;1373933;106263;74.4;73.2;5.7
69;2021-11-12;411;649;5913;1395656;1374582;112176;74.4;73.3;6.0
69;2021-11-13;285;440;1957;1395941;1375022;114133;74.4;73.3;6.1
69;2021-11-14;17;35;165;1395958;1375057;114298;74.4;73.3;6.1
69;2021-11-15;209;442;3942;1396167;1375499;118240;74.4;73.3;6.3
69;2021-11-16;278;478;5074;1396445;1375977;123314;74.4;73.3;6.6
69;2021-11-17;444;673;5512;1396889;1376650;128826;74.5;73.4;6.9
69;2021-11-18;250;419;5748;1397139;1377069;134574;74.5;73.4;7.2
69;2021-11-19;496;727;7568;1397635;1377796;142142;74.5;73.4;7.6
69;2021-11-20;334;375;2224;1397969;1378171;144366;74.5;73.5;7.7
69;2021-11-21;24;71;147;1397993;1378242;144513;74.5;73.5;7.7
69;2021-11-22;284;354;4623;1398277;1378596;149136;74.5;73.5;7.9
69;2021-11-23;281;345;5308;1398558;1378941;154444;74.5;73.5;8.2
69;2021-11-24;470;611;6186;1399028;1379552;160630;74.6;73.5;8.6
69;2021-11-25;296;426;7262;1399324;1379978;167892;74.6;73.6;8.9
69;2021-11-26;401;599;11817;1399725;1380577;179709;74.6;73.6;9.6
69;2021-11-27;369;549;6275;1400094;1381126;185984;74.6;73.6;9.9
69;2021-11-28;32;69;585;1400126;1381195;186569;74.6;73.6;9.9
69;2021-11-29;208;320;8170;1400334;1381515;194739;74.6;73.6;10.4
69;2021-11-30;248;384;10780;1400582;1381899;205519;74.7;73.7;11.0
69;2021-12-01;323;526;11801;1400905;1382425;217320;74.7;73.7;11.6
69;2021-12-02;262;346;14216;1401167;1382771;231536;74.7;73.7;12.3
69;2021-12-03;305;543;17470;1401472;1383314;249006;74.7;73.7;13.3
69;2021-12-04;187;414;9274;1401659;1383728;258280;74.7;73.8;13.8
69;2021-12-05;32;88;3260;1401691;1383816;261540;74.7;73.8;13.9
69;2021-12-06;198;397;12732;1401889;1384213;274272;74.7;73.8;14.6
69;2021-12-07;256;436;16304;1402145;1384649;290576;74.7;73.8;15.5
69;2021-12-08;331;581;13960;1402476;1385230;304536;74.8;73.8;16.2
69;2021-12-09;249;403;17039;1402725;1385633;321575;74.8;73.9;17.1
69;2021-12-10;307;536;19622;1403032;1386169;341197;74.8;73.9;18.2
69;2021-12-11;211;407;9153;1403243;1386576;350350;74.8;73.9;18.7
69;2021-12-12;41;98;2879;1403284;1386674;353229;74.8;73.9;18.8
69;2021-12-13;253;425;17225;1403537;1387099;370454;74.8;73.9;19.7
69;2021-12-14;287;395;21443;1403824;1387494;391897;74.8;74.0;20.9
69;2021-12-15;314;539;18951;1404138;1388033;410848;74.8;74.0;21.9
69;2021-12-16;310;469;22620;1404448;1388502;433468;74.9;74.0;23.1
69;2021-12-17;371;560;25101;1404819;1389062;458569;74.9;74.0;24.4
69;2021-12-18;221;339;12279;1405040;1389401;470848;74.9;74.1;25.1
69;2021-12-19;116;112;7491;1405156;1389513;478339;74.9;74.1;25.5
69;2021-12-20;352;556;20025;1405508;1390069;498364;74.9;74.1;26.6
69;2021-12-21;534;533;21995;1406042;1390602;520359;74.9;74.1;27.7
69;2021-12-22;488;518;19555;1406530;1391120;539914;75.0;74.2;28.8
70;2020-12-27;0;0;0;0;0;0;0.0;0.0;0.0
70;2020-12-28;0;0;0;0;0;0;0.0;0.0;0.0
70;2020-12-29;0;0;0;0;0;0;0.0;0.0;0.0
70;2020-12-30;0;0;0;0;0;0;0.0;0.0;0.0
70;2020-12-31;0;0;0;0;0;0;0.0;0.0;0.0
70;2021-01-01;1;0;0;1;0;0;0.0;0.0;0.0
70;2021-01-02;0;0;0;1;0;0;0.0;0.0;0.0
70;2021-01-03;0;0;0;1;0;0;0.0;0.0;0.0
70;2021-01-04;0;0;0;1;0;0;0.0;0.0;0.0
70;2021-01-05;2;1;0;3;1;0;0.0;0.0;0.0
70;2021-01-06;26;0;0;29;1;0;0.0;0.0;0.0
70;2021-01-07;129;0;0;158;1;0;0.1;0.0;0.0
70;2021-01-08;67;0;0;225;1;0;0.1;0.0;0.0
70;2021-01-09;19;1;0;244;2;0;0.1;0.0;0.0
70;2021-01-10;0;0;0;244;2;0;0.1;0.0;0.0
70;2021-01-11;175;1;0;419;3;0;0.2;0.0;0.0
70;2021-01-12;240;2;0;659;5;0;0.3;0.0;0.0
70;2021-01-13;219;2;0;878;7;0;0.4;0.0;0.0
70;2021-01-14;214;5;0;1092;12;0;0.5;0.0;0.0
70;2021-01-15;218;3;0;1310;15;0;0.6;0.0;0.0
70;2021-01-16;81;0;0;1391;15;0;0.6;0.0;0.0
70;2021-01-17;7;0;0;1398;15;0;0.6;0.0;0.0
70;2021-01-18;418;0;0;1816;15;0;0.8;0.0;0.0
70;2021-01-19;493;2;0;2309;17;0;1.0;0.0;0.0
70;2021-01-20;495;1;0;2804;18;0;1.2;0.0;0.0
70;2021-01-21;671;3;0;3475;21;0;1.5;0.0;0.0
70;2021-01-22;503;3;0;3978;24;0;1.7;0.0;0.0
70;2021-01-23;250;2;0;4228;26;0;1.8;0.0;0.0
70;2021-01-24;13;0;0;4241;26;0;1.8;0.0;0.0
70;2021-01-25;382;1;0;4623;27;0;2.0;0.0;0.0
70;2021-01-26;367;3;0;4990;30;0;2.1;0.0;0.0
70;2021-01-27;344;14;0;5334;44;0;2.3;0.0;0.0
70;2021-01-28;351;39;0;5685;83;0;2.4;0.0;0.0
70;2021-01-29;329;86;0;6014;169;0;2.6;0.1;0.0
70;2021-01-30;249;20;0;6263;189;0;2.7;0.1;0.0
70;2021-01-31;1;0;0;6264;189;0;2.7;0.1;0.0
70;2021-02-01;261;58;0;6525;247;0;2.8;0.1;0.0
70;2021-02-02;290;128;0;6815;375;0;2.9;0.2;0.0
70;2021-02-03;261;87;0;7076;462;0;3.0;0.2;0.0
70;2021-02-04;288;157;0;7364;619;0;3.2;0.3;0.0
70;2021-02-05;263;117;0;7627;736;0;3.3;0.3;0.0
70;2021-02-06;212;45;0;7839;781;0;3.4;0.3;0.0
70;2021-02-07;0;0;0;7839;781;0;3.4;0.3;0.0
70;2021-02-08;184;250;0;8023;1031;0;3.4;0.4;0.0
70;2021-02-09;211;245;0;8234;1276;0;3.5;0.5;0.0
70;2021-02-10;243;294;0;8477;1570;0;3.6;0.7;0.0
70;2021-02-11;377;365;0;8854;1935;0;3.8;0.8;0.0
70;2021-02-12;228;499;0;9082;2434;0;3.9;1.0;0.0
70;2021-02-13;93;223;0;9175;2657;0;3.9;1.1;0.0
70;2021-02-14;1;31;0;9176;2688;0;3.9;1.2;0.0
70;2021-02-15;82;383;0;9258;3071;0;4.0;1.3;0.0
70;2021-02-16;115;440;0;9373;3511;0;4.0;1.5;0.0
70;2021-02-17;172;362;0;9545;3873;0;4.1;1.7;0.0
70;2021-02-18;213;300;0;9758;4173;0;4.2;1.8;0.0
70;2021-02-19;195;230;0;9953;4403;0;4.3;1.9;0.0
70;2021-02-20;193;91;0;10146;4494;0;4.4;1.9;0.0
70;2021-02-21;3;9;0;10149;4503;0;4.4;1.9;0.0
70;2021-02-22;114;245;0;10263;4748;0;4.4;2.0;0.0
70;2021-02-23;129;271;0;10392;5019;0;4.5;2.2;0.0
70;2021-02-24;157;267;0;10549;5286;0;4.5;2.3;0.0
70;2021-02-25;348;261;0;10897;5547;0;4.7;2.4;0.0
70;2021-02-26;392;184;0;11289;5731;0;4.8;2.5;0.0
70;2021-02-27;157;224;0;11446;5955;0;4.9;2.6;0.0
70;2021-02-28;0;3;0;11446;5958;0;4.9;2.6;0.0
70;2021-03-01;275;254;0;11721;6212;0;5.0;2.7;0.0
70;2021-03-02;497;290;0;12218;6502;0;5.2;2.8;0.0
70;2021-03-03;483;270;0;12701;6772;0;5.4;2.9;0.0
70;2021-03-04;695;296;0;13396;7068;0;5.7;3.0;0.0
70;2021-03-05;787;276;0;14183;7344;0;6.1;3.1;0.0
70;2021-03-06;546;121;0;14729;7465;0;6.3;3.2;0.0
70;2021-03-07;230;24;0;14959;7489;0;6.4;3.2;0.0
70;2021-03-08;564;243;0;15523;7732;0;6.7;3.3;0.0
70;2021-03-09;861;221;0;16384;7953;0;7.0;3.4;0.0
70;2021-03-10;654;215;0;17038;8168;0;7.3;3.5;0.0
70;2021-03-11;786;270;0;17824;8438;0;7.6;3.6;0.0
70;2021-03-12;1055;183;0;18879;8621;0;8.1;3.7;0.0
70;2021-03-13;614;128;0;19493;8749;0;8.4;3.8;0.0
70;2021-03-14;22;4;0;19515;8753;0;8.4;3.8;0.0
70;2021-03-15;748;107;0;20263;8860;0;8.7;3.8;0.0
70;2021-03-16;651;103;0;20914;8963;0;9.0;3.8;0.0
70;2021-03-17;580;179;0;21494;9142;0;9.2;3.9;0.0
70;2021-03-18;645;148;0;22139;9290;0;9.5;4.0;0.0
70;2021-03-19;981;150;0;23120;9440;0;9.9;4.0;0.0
70;2021-03-20;652;187;0;23772;9627;0;10.2;4.1;0.0
70;2021-03-21;13;0;0;23785;9627;0;10.2;4.1;0.0
70;2021-03-22;807;100;0;24592;9727;0;10.5;4.2;0.0
70;2021-03-23;1318;174;0;25910;9901;0;11.1;4.2;0.0
70;2021-03-24;1279;113;0;27189;10014;0;11.7;4.3;0.0
70;2021-03-25;1283;200;0;28472;10214;0;12.2;4.4;0.0
70;2021-03-26;1540;305;0;30012;10519;0;12.9;4.5;0.0
70;2021-03-27;983;123;0;30995;10642;0;13.3;4.6;0.0
70;2021-03-28;10;14;0;31005;10656;0;13.3;4.6;0.0
70;2021-03-29;734;399;0;31739;11055;0;13.6;4.7;0.0
70;2021-03-30;1095;289;0;32834;11344;0;14.1;4.9;0.0
70;2021-03-31;934;310;0;33768;11654;0;14.5;5.0;0.0
70;2021-04-01;1169;415;0;34937;12069;0;15.0;5.2;0.0
70;2021-04-02;1272;330;0;36209;12399;0;15.5;5.3;0.0
70;2021-04-03;617;307;0;36826;12706;0;15.8;5.4;0.0
70;2021-04-04;9;3;0;36835;12709;0;15.8;5.4;0.0
70;2021-04-05;10;2;0;36845;12711;0;15.8;5.5;0.0
70;2021-04-06;822;543;0;37667;13254;0;16.2;5.7;0.0
70;2021-04-07;862;580;0;38529;13834;0;16.5;5.9;0.0
70;2021-04-08;1336;553;0;39865;14387;0;17.1;6.2;0.0
70;2021-04-09;1445;568;0;41310;14955;0;17.7;6.4;0.0
70;2021-04-10;847;319;0;42157;15274;0;18.1;6.5;0.0
70;2021-04-11;32;7;0;42189;15281;0;18.1;6.6;0.0
70;2021-04-12;712;667;0;42901;15948;0;18.4;6.8;0.0
70;2021-04-13;992;779;0;43893;16727;0;18.8;7.2;0.0
70;2021-04-14;859;566;0;44752;17293;0;19.2;7.4;0.0
70;2021-04-15;1161;610;0;45913;17903;0;19.7;7.7;0.0
70;2021-04-16;1271;551;0;47184;18454;0;20.2;7.9;0.0
70;2021-04-17;684;469;0;47868;18923;0;20.5;8.1;0.0
70;2021-04-18;62;6;0;47930;18929;0;20.6;8.1;0.0
70;2021-04-19;577;845;0;48507;19774;0;20.8;8.5;0.0
70;2021-04-20;737;855;0;49244;20629;0;21.1;8.8;0.0
70;2021-04-21;565;905;0;49809;21534;0;21.4;9.2;0.0
70;2021-04-22;844;854;0;50653;22388;0;21.7;9.6;0.0
70;2021-04-23;926;800;0;51579;23188;0;22.1;9.9;0.0
70;2021-04-24;457;650;0;52036;23838;0;22.3;10.2;0.0
70;2021-04-25;17;7;0;52053;23845;0;22.3;10.2;0.0
70;2021-04-26;1064;647;0;53117;24492;0;22.8;10.5;0.0
70;2021-04-27;1220;800;0;54337;25292;0;23.3;10.8;0.0
70;2021-04-28;958;821;0;55295;26113;0;23.7;11.2;0.0
70;2021-04-29;1407;913;0;56702;27026;0;24.3;11.6;0.0
70;2021-04-30;1585;907;0;58287;27933;0;25.0;12.0;0.0
70;2021-05-01;1583;130;0;59870;28063;0;25.7;12.0;0.0
70;2021-05-02;33;5;0;59903;28068;0;25.7;12.0;0.0
70;2021-05-03;1237;563;0;61140;28631;0;26.2;12.3;0.0
70;2021-05-04;1334;793;0;62474;29424;0;26.8;12.6;0.0
70;2021-05-05;1216;886;0;63690;30310;0;27.3;13.0;0.0
70;2021-05-06;1851;1288;0;65541;31598;0;28.1;13.6;0.0
70;2021-05-07;2089;1297;0;67630;32895;0;29.0;14.1;0.0
70;2021-05-08;1224;189;0;68854;33084;0;29.5;14.2;0.0
70;2021-05-09;38;64;0;68892;33148;0;29.5;14.2;0.0
70;2021-05-10;1049;970;0;69941;34118;0;30.0;14.6;0.0
70;2021-05-11;1279;1128;0;71220;35246;0;30.5;15.1;0.0
70;2021-05-12;1211;901;0;72431;36147;0;31.1;15.5;0.0
70;2021-05-13;1552;169;0;73983;36316;0;31.7;15.6;0.0
70;2021-05-14;2095;740;0;76078;37056;0;32.6;15.9;0.0
70;2021-05-15;2367;505;0;78445;37561;0;33.6;16.1;0.0
70;2021-05-16;900;68;0;79345;37629;0;34.0;16.1;0.0
70;2021-05-17;1278;390;0;80623;38019;0;34.6;16.3;0.0
70;2021-05-18;1400;602;0;82023;38621;0;35.2;16.6;0.0
70;2021-05-19;1565;554;0;83588;39175;0;35.8;16.8;0.0
70;2021-05-20;1722;652;0;85310;39827;0;36.6;17.1;0.0
70;2021-05-21;1775;865;0;87085;40692;0;37.3;17.4;0.0
70;2021-05-22;1146;651;0;88231;41343;0;37.8;17.7;0.0
70;2021-05-23;59;20;0;88290;41363;0;37.9;17.7;0.0
70;2021-05-24;236;45;0;88526;41408;0;38.0;17.8;0.0
70;2021-05-25;954;945;0;89480;42353;0;38.4;18.2;0.0
70;2021-05-26;1041;963;0;90521;43316;0;38.8;18.6;0.0
70;2021-05-27;1301;1019;0;91822;44335;0;39.4;19.0;0.0
70;2021-05-28;1511;1220;0;93333;45555;0;40.0;19.5;0.0
70;2021-05-29;1252;577;0;94585;46132;0;40.6;19.8;0.0
70;2021-05-30;10;22;0;94595;46154;0;40.6;19.8;0.0
70;2021-05-31;1008;717;0;95603;46871;0;41.0;20.1;0.0
70;2021-06-01;1284;926;0;96887;47797;0;41.5;20.5;0.0
70;2021-06-02;1149;755;0;98036;48552;0;42.0;20.8;0.0
70;2021-06-03;1344;930;0;99380;49482;0;42.6;21.2;0.0
70;2021-06-04;1388;1180;0;100768;50662;0;43.2;21.7;0.0
70;2021-06-05;960;637;0;101728;51299;0;43.6;22.0;0.0
70;2021-06-06;564;85;0;102292;51384;0;43.9;22.0;0.0
70;2021-06-07;1073;1029;0;103365;52413;0;44.3;22.5;0.0
70;2021-06-08;1300;1219;0;104665;53632;0;44.9;23.0;0.0
70;2021-06-09;1126;981;0;105791;54613;0;45.4;23.4;0.0
70;2021-06-10;1400;903;0;107191;55516;0;46.0;23.8;0.0
70;2021-06-11;1587;1945;0;108778;57461;0;46.6;24.6;0.0
70;2021-06-12;856;1892;0;109634;59353;0;47.0;25.5;0.0
70;2021-06-13;191;28;0;109825;59381;0;47.1;25.5;0.0
70;2021-06-14;550;1237;0;110375;60618;0;47.3;26.0;0.0
70;2021-06-15;548;1469;0;110923;62087;0;47.6;26.6;0.0
70;2021-06-16;718;1383;0;111641;63470;0;47.9;27.2;0.0
70;2021-06-17;1011;2110;0;112652;65580;0;48.3;28.1;0.0
70;2021-06-18;1055;2254;0;113707;67834;0;48.8;29.1;0.0
70;2021-06-19;1060;1524;0;114767;69358;0;49.2;29.7;0.0
70;2021-06-20;11;19;0;114778;69377;0;49.2;29.8;0.0
70;2021-06-21;696;1477;0;115474;70854;0;49.5;30.4;0.0
70;2021-06-22;683;1609;0;116157;72463;0;49.8;31.1;0.0
70;2021-06-23;628;1552;0;116785;74015;0;50.1;31.7;0.0
70;2021-06-24;805;2044;0;117590;76059;0;50.4;32.6;0.0
70;2021-06-25;694;2628;0;118284;78687;0;50.7;33.7;0.0
70;2021-06-26;862;2025;0;119146;80712;0;51.1;34.6;0.0
70;2021-06-27;162;709;0;119308;81421;0;51.2;34.9;0.0
70;2021-06-28;369;1449;0;119677;82870;0;51.3;35.5;0.0
70;2021-06-29;413;1735;0;120090;84605;0;51.5;36.3;0.0
70;2021-06-30;442;1723;0;120532;86328;0;51.7;37.0;0.0
70;2021-07-01;634;1763;0;121166;88091;0;52.0;37.8;0.0
70;2021-07-02;846;1636;0;122012;89727;0;52.3;38.5;0.0
70;2021-07-03;785;1030;0;122797;90757;0;52.7;38.9;0.0
70;2021-07-04;43;95;0;122840;90852;0;52.7;39.0;0.0
70;2021-07-05;617;1111;0;123457;91963;0;52.9;39.4;0.0
70;2021-07-06;687;1382;0;124144;93345;0;53.2;40.0;0.0
70;2021-07-07;531;1429;0;124675;94774;0;53.5;40.6;0.0
70;2021-07-08;733;1495;0;125408;96269;0;53.8;41.3;0.0
70;2021-07-09;848;1746;0;126256;98015;0;54.1;42.0;0.0
70;2021-07-10;745;1040;0;127001;99055;0;54.5;42.5;0.0
70;2021-07-11;18;48;0;127019;99103;0;54.5;42.5;0.0
70;2021-07-12;455;1420;0;127474;100523;0;54.7;43.1;0.0
70;2021-07-13;932;1916;0;128406;102439;0;55.1;43.9;0.0
70;2021-07-14;72;32;0;128478;102471;0;55.1;43.9;0.0
70;2021-07-15;1298;1676;0;129776;104147;0;55.7;44.7;0.0
70;2021-07-16;1602;2077;0;131378;106224;0;56.3;45.6;0.0
70;2021-07-17;1354;1419;0;132732;107643;0;56.9;46.2;0.0
70;2021-07-18;853;618;0;133585;108261;0;57.3;46.4;0.0
70;2021-07-19;933;1146;0;134518;109407;0;57.7;46.9;0.0
70;2021-07-20;1321;1410;0;135839;110817;0;58.3;47.5;0.0
70;2021-07-21;1224;1352;0;137063;112169;0;58.8;48.1;0.0
70;2021-07-22;1677;1630;0;138740;113799;0;59.5;48.8;0.0
70;2021-07-23;1576;2325;0;140316;116124;0;60.2;49.8;0.0
70;2021-07-24;1245;1745;0;141561;117869;0;60.7;50.5;0.0
70;2021-07-25;83;69;0;141644;117938;0;60.7;50.6;0.0
70;2021-07-26;1121;1041;0;142765;118979;0;61.2;51.0;0.0
70;2021-07-27;1406;1000;0;144171;119979;0;61.8;51.5;0.0
70;2021-07-28;1316;1067;0;145487;121046;0;62.4;51.9;0.0
70;2021-07-29;1722;1239;0;147209;122285;0;63.1;52.4;0.0
70;2021-07-30;1894;1324;0;149103;123609;0;63.9;53.0;0.0
70;2021-07-31;1582;1061;0;150685;124670;0;64.6;53.5;0.0
70;2021-08-01;114;17;0;150799;124687;0;64.7;53.5;0.0
70;2021-08-02;803;752;0;151602;125439;0;65.0;53.8;0.0
70;2021-08-03;1287;1036;0;152889;126475;0;65.6;54.2;0.0
70;2021-08-04;1099;857;0;153988;127332;0;66.0;54.6;0.0
70;2021-08-05;1426;1073;0;155414;128405;0;66.6;55.1;0.0
70;2021-08-06;1597;1309;0;157011;129714;0;67.3;55.6;0.0
70;2021-08-07;1040;972;0;158051;130686;0;67.8;56.0;0.0
70;2021-08-08;50;79;0;158101;130765;0;67.8;56.1;0.0
70;2021-08-09;544;830;0;158645;131595;0;68.0;56.4;0.0
70;2021-08-10;882;1195;0;159527;132790;0;68.4;56.9;0.0
70;2021-08-11;724;783;0;160251;133573;0;68.7;57.3;0.0
70;2021-08-12;830;1241;0;161081;134814;0;69.1;57.8;0.0
70;2021-08-13;968;1529;0;162049;136343;0;69.5;58.5;0.0
70;2021-08-14;684;955;0;162733;137298;0;69.8;58.9;0.0
70;2021-08-15;43;36;0;162776;137334;0;69.8;58.9;0.0
70;2021-08-16;541;936;0;163317;138270;0;70.0;59.3;0.0
70;2021-08-17;625;1292;0;163942;139562;0;70.3;59.8;0.0
70;2021-08-18;486;948;0;164428;140510;0;70.5;60.3;0.0
70;2021-08-19;511;1309;0;164939;141819;0;70.7;60.8;0.0
70;2021-08-20;492;1872;0;165431;143691;0;70.9;61.6;0.0
70;2021-08-21;409;1108;0;165840;144799;0;71.1;62.1;0.0
70;2021-08-22;22;109;0;165862;144908;0;71.1;62.1;0.0
70;2021-08-23;305;951;0;166167;145859;0;71.3;62.5;0.0
70;2021-08-24;377;1361;0;166544;147220;0;71.4;63.1;0.0
70;2021-08-25;321;1245;0;166865;148465;0;71.6;63.7;0.0
70;2021-08-26;418;1397;0;167283;149862;0;71.7;64.3;0.0
70;2021-08-27;395;1992;0;167678;151854;0;71.9;65.1;0.0
70;2021-08-28;351;1529;0;168029;153383;0;72.1;65.8;0.0
70;2021-08-29;19;45;0;168048;153428;0;72.1;65.8;0.0
70;2021-08-30;302;813;4;168350;154241;4;72.2;66.1;0.0
70;2021-08-31;357;1128;11;168707;155369;15;72.3;66.6;0.0
70;2021-09-01;309;885;201;169016;156254;216;72.5;67.0;0.1
70;2021-09-02;283;981;166;169299;157235;382;72.6;67.4;0.2
70;2021-09-03;297;1022;188;169596;158257;570;72.7;67.9;0.2
70;2021-09-04;453;1021;136;170049;159278;706;72.9;68.3;0.3
70;2021-09-05;23;33;9;170072;159311;715;72.9;68.3;0.3
70;2021-09-06;155;594;97;170227;159905;812;73.0;68.6;0.3
70;2021-09-07;202;730;135;170429;160635;947;73.1;68.9;0.4
70;2021-09-08;192;756;102;170621;161391;1049;73.2;69.2;0.4
70;2021-09-09;182;675;138;170803;162066;1187;73.2;69.5;0.5
70;2021-09-10;253;784;124;171056;162850;1311;73.4;69.8;0.6
70;2021-09-11;288;800;82;171344;163650;1393;73.5;70.2;0.6
70;2021-09-12;19;44;6;171363;163694;1399;73.5;70.2;0.6
70;2021-09-13;165;369;157;171528;164063;1556;73.6;70.4;0.7
70;2021-09-14;321;401;157;171849;164464;1713;73.7;70.5;0.7
70;2021-09-15;183;484;139;172032;164948;1852;73.8;70.7;0.8
70;2021-09-16;233;386;177;172265;165334;2029;73.9;70.9;0.9
70;2021-09-17;230;483;122;172495;165817;2151;74.0;71.1;0.9
70;2021-09-18;163;434;80;172658;166251;2231;74.0;71.3;1.0
70;2021-09-19;3;23;0;172661;166274;2231;74.0;71.3;1.0
70;2021-09-20;102;212;123;172763;166486;2354;74.1;71.4;1.0
70;2021-09-21;151;275;154;172914;166761;2508;74.2;71.5;1.1
70;2021-09-22;99;347;130;173013;167108;2638;74.2;71.7;1.1
70;2021-09-23;68;207;203;173081;167315;2841;74.2;71.7;1.2
70;2021-09-24;189;394;162;173270;167709;3003;74.3;71.9;1.3
70;2021-09-25;136;462;115;173406;168171;3118;74.4;72.1;1.3
70;2021-09-26;2;6;0;173408;168177;3118;74.4;72.1;1.3
70;2021-09-27;58;209;105;173466;168386;3223;74.4;72.2;1.4
70;2021-09-28;79;191;235;173545;168577;3458;74.4;72.3;1.5
70;2021-09-29;103;242;154;173648;168819;3612;74.5;72.4;1.5
70;2021-09-30;101;168;235;173749;168987;3847;74.5;72.5;1.6
70;2021-10-01;138;267;222;173887;169254;4069;74.6;72.6;1.7
70;2021-10-02;116;304;152;174003;169558;4221;74.6;72.7;1.8
70;2021-10-03;2;2;2;174005;169560;4223;74.6;72.7;1.8
70;2021-10-04;81;168;185;174086;169728;4408;74.7;72.8;1.9
70;2021-10-05;87;283;228;174173;170011;4636;74.7;72.9;2.0
70;2021-10-06;127;216;237;174300;170227;4873;74.7;73.0;2.1
70;2021-10-07;89;209;301;174389;170436;5174;74.8;73.1;2.2
70;2021-10-08;152;247;329;174541;170683;5503;74.8;73.2;2.4
70;2021-10-09;140;293;170;174681;170976;5673;74.9;73.3;2.4
70;2021-10-10;4;4;15;174685;170980;5688;74.9;73.3;2.4
70;2021-10-11;72;119;194;174757;171099;5882;74.9;73.4;2.5
70;2021-10-12;51;117;266;174808;171216;6148;75.0;73.4;2.6
70;2021-10-13;99;176;342;174907;171392;6490;75.0;73.5;2.8
70;2021-10-14;53;116;198;174960;171508;6688;75.0;73.5;2.9
70;2021-10-15;154;208;373;175114;171716;7061;75.1;73.6;3.0
70;2021-10-16;131;165;255;175245;171881;7316;75.1;73.7;3.1
70;2021-10-17;4;12;0;175249;171893;7316;75.2;73.7;3.1
70;2021-10-18;55;100;209;175304;171993;7525;75.2;73.8;3.2
70;2021-10-19;78;83;339;175382;172076;7864;75.2;73.8;3.4
70;2021-10-20;106;137;364;175488;172213;8228;75.3;73.8;3.5
70;2021-10-21;55;90;386;175543;172303;8614;75.3;73.9;3.7
70;2021-10-22;96;139;570;175639;172442;9184;75.3;73.9;3.9
70;2021-10-23;127;166;281;175766;172608;9465;75.4;74.0;4.1
70;2021-10-24;2;2;1;175768;172610;9466;75.4;74.0;4.1
70;2021-10-25;51;78;309;175819;172688;9775;75.4;74.1;4.2
70;2021-10-26;52;88;321;175871;172776;10096;75.4;74.1;4.3
70;2021-10-27;80;122;443;175951;172898;10539;75.5;74.1;4.5
70;2021-10-28;44;69;240;175995;172967;10779;75.5;74.2;4.6
70;2021-10-29;107;140;460;176102;173107;11239;75.5;74.2;4.8
70;2021-10-30;70;131;247;176172;173238;11486;75.5;74.3;4.9
70;2021-10-31;1;2;0;176173;173240;11486;75.5;74.3;4.9
70;2021-11-01;8;5;1;176181;173245;11487;75.6;74.3;4.9
70;2021-11-02;67;103;430;176248;173348;11917;75.6;74.3;5.1
70;2021-11-03;84;129;585;176332;173477;12502;75.6;74.4;5.4
70;2021-11-04;38;44;332;176370;173521;12834;75.6;74.4;5.5
70;2021-11-05;97;144;863;176467;173665;13697;75.7;74.5;5.9
70;2021-11-06;103;143;497;176570;173808;14194;75.7;74.5;6.1
70;2021-11-07;1;4;0;176571;173812;14194;75.7;74.5;6.1
70;2021-11-08;42;71;565;176613;173883;14759;75.7;74.6;6.3
70;2021-11-09;46;76;704;176659;173959;15463;75.8;74.6;6.6
70;2021-11-10;86;128;838;176745;174087;16301;75.8;74.7;7.0
70;2021-11-11;1;5;5;176746;174092;16306;75.8;74.7;7.0
70;2021-11-12;103;134;891;176849;174226;17197;75.8;74.7;7.4
70;2021-11-13;99;148;708;176948;174374;17905;75.9;74.8;7.7
70;2021-11-14;3;7;7;176951;174381;17912;75.9;74.8;7.7
70;2021-11-15;38;44;678;176989;174425;18590;75.9;74.8;8.0
70;2021-11-16;35;38;670;177024;174463;19260;75.9;74.8;8.3
70;2021-11-17;94;117;1043;177118;174580;20303;76.0;74.9;8.7
70;2021-11-18;43;63;719;177161;174643;21022;76.0;74.9;9.0
70;2021-11-19;104;112;995;177265;174755;22017;76.0;74.9;9.4
70;2021-11-20;124;106;590;177389;174861;22607;76.1;75.0;9.7
70;2021-11-21;0;3;2;177389;174864;22609;76.1;75.0;9.7
70;2021-11-22;45;35;782;177434;174899;23391;76.1;75.0;10.0
70;2021-11-23;42;46;901;177476;174945;24292;76.1;75.0;10.4
70;2021-11-24;94;99;1187;177570;175044;25479;76.1;75.1;10.9
70;2021-11-25;62;55;779;177632;175099;26258;76.2;75.1;11.3
70;2021-11-26;110;99;1681;177742;175198;27939;76.2;75.1;12.0
70;2021-11-27;120;134;1034;177862;175332;28973;76.3;75.2;12.4
70;2021-11-28;1;2;47;177863;175334;29020;76.3;75.2;12.4
70;2021-11-29;22;40;1130;177885;175374;30150;76.3;75.2;12.9
70;2021-11-30;71;51;1813;177956;175425;31963;76.3;75.2;13.7
70;2021-12-01;81;107;1797;178037;175532;33760;76.3;75.3;14.5
70;2021-12-02;55;36;2158;178092;175568;35918;76.4;75.3;15.4
70;2021-12-03;67;103;2613;178159;175671;38531;76.4;75.3;16.5
70;2021-12-04;81;101;1999;178240;175772;40530;76.4;75.4;17.4
70;2021-12-05;22;11;443;178262;175783;40973;76.4;75.4;17.6
70;2021-12-06;33;63;1506;178295;175846;42479;76.5;75.4;18.2
70;2021-12-07;73;39;2624;178368;175885;45103;76.5;75.4;19.3
70;2021-12-08;59;90;2346;178427;175975;47449;76.5;75.5;20.3
70;2021-12-09;50;75;3034;178477;176050;50483;76.5;75.5;21.6
70;2021-12-10;68;93;3576;178545;176143;54059;76.6;75.5;23.2
70;2021-12-11;81;137;2738;178626;176280;56797;76.6;75.6;24.4
70;2021-12-12;32;7;561;178658;176287;57358;76.6;75.6;24.6
70;2021-12-13;50;46;2058;178708;176333;59416;76.6;75.6;25.5
70;2021-12-14;77;45;2956;178785;176378;62372;76.7;75.6;26.7
70;2021-12-15;65;77;2600;178850;176455;64972;76.7;75.7;27.9
70;2021-12-16;87;73;3327;178937;176528;68299;76.7;75.7;29.3
70;2021-12-17;94;99;3211;179031;176627;71510;76.8;75.7;30.7
70;2021-12-18;100;127;2117;179131;176754;73627;76.8;75.8;31.6
70;2021-12-19;3;11;148;179134;176765;73775;76.8;75.8;31.6
70;2021-12-20;73;69;1885;179207;176834;75660;76.8;75.8;32.4
70;2021-12-21;130;107;2426;179337;176941;78086;76.9;75.9;33.5
70;2021-12-22;107;121;2457;179444;177062;80543;77.0;75.9;34.5
71;2020-12-27;1;0;0;1;0;0;0.0;0.0;0.0
71;2020-12-28;8;0;0;9;0;0;0.0;0.0;0.0
71;2020-12-29;2;0;0;11;0;0;0.0;0.0;0.0
71;2020-12-30;0;0;0;11;0;0;0.0;0.0;0.0
71;2020-12-31;0;0;0;11;0;0;0.0;0.0;0.0
71;2021-01-01;99;0;0;110;0;0;0.0;0.0;0.0
71;2021-01-02;8;0;0;118;0;0;0.0;0.0;0.0
71;2021-01-03;0;0;0;118;0;0;0.0;0.0;0.0
71;2021-01-04;3;0;0;121;0;0;0.0;0.0;0.0
71;2021-01-05;15;1;0;136;1;0;0.0;0.0;0.0
71;2021-01-06;75;0;0;211;1;0;0.0;0.0;0.0
71;2021-01-07;78;1;0;289;2;0;0.1;0.0;0.0
71;2021-01-08;152;0;0;441;2;0;0.1;0.0;0.0
71;2021-01-09;93;0;0;534;2;0;0.1;0.0;0.0
71;2021-01-10;2;0;0;536;2;0;0.1;0.0;0.0
71;2021-01-11;237;0;0;773;2;0;0.1;0.0;0.0
71;2021-01-12;770;1;0;1543;3;0;0.3;0.0;0.0
71;2021-01-13;551;2;0;2094;5;0;0.4;0.0;0.0
71;2021-01-14;590;7;0;2684;12;0;0.5;0.0;0.0
71;2021-01-15;641;2;0;3325;14;0;0.6;0.0;0.0
71;2021-01-16;23;0;0;3348;14;0;0.6;0.0;0.0
71;2021-01-17;3;0;0;3351;14;0;0.6;0.0;0.0
71;2021-01-18;954;5;0;4305;19;0;0.8;0.0;0.0
71;2021-01-19;1580;7;0;5885;26;0;1.1;0.0;0.0
71;2021-01-20;1494;8;0;7379;34;0;1.3;0.0;0.0
71;2021-01-21;1913;15;0;9292;49;0;1.7;0.0;0.0
71;2021-01-22;1348;4;0;10640;53;0;1.9;0.0;0.0
71;2021-01-23;772;6;0;11412;59;0;2.1;0.0;0.0
71;2021-01-24;2;0;0;11414;59;0;2.1;0.0;0.0
71;2021-01-25;1009;7;0;12423;66;0;2.3;0.0;0.0
71;2021-01-26;1535;28;0;13958;94;0;2.5;0.0;0.0
71;2021-01-27;1166;33;0;15124;127;0;2.8;0.0;0.0
71;2021-01-28;1092;100;0;16216;227;0;3.0;0.0;0.0
71;2021-01-29;1026;137;0;17242;364;0;3.1;0.1;0.0
71;2021-01-30;584;2;0;17826;366;0;3.3;0.1;0.0
71;2021-01-31;5;15;0;17831;381;0;3.3;0.1;0.0
71;2021-02-01;749;210;0;18580;591;0;3.4;0.1;0.0
71;2021-02-02;780;332;0;19360;923;0;3.5;0.2;0.0
71;2021-02-03;763;401;0;20123;1324;0;3.7;0.2;0.0
71;2021-02-04;736;569;0;20859;1893;0;3.8;0.3;0.0
71;2021-02-05;703;502;0;21562;2395;0;3.9;0.4;0.0
71;2021-02-06;514;21;0;22076;2416;0;4.0;0.4;0.0
71;2021-02-07;3;46;0;22079;2462;0;4.0;0.4;0.0
71;2021-02-08;605;631;0;22684;3093;0;4.1;0.6;0.0
71;2021-02-09;385;972;0;23069;4065;0;4.2;0.7;0.0
71;2021-02-10;418;939;0;23487;5004;0;4.3;0.9;0.0
71;2021-02-11;512;1208;0;23999;6212;0;4.4;1.1;0.0
71;2021-02-12;543;1003;0;24542;7215;0;4.5;1.3;0.0
71;2021-02-13;147;509;0;24689;7724;0;4.5;1.4;0.0
71;2021-02-14;8;5;0;24697;7729;0;4.5;1.4;0.0
71;2021-02-15;311;877;0;25008;8606;0;4.6;1.6;0.0
71;2021-02-16;386;1333;0;25394;9939;0;4.6;1.8;0.0
71;2021-02-17;437;1107;0;25831;11046;0;4.7;2.0;0.0
71;2021-02-18;499;879;0;26330;11925;0;4.8;2.2;0.0
71;2021-02-19;525;749;0;26855;12674;0;4.9;2.3;0.0
71;2021-02-20;221;368;0;27076;13042;0;4.9;2.4;0.0
71;2021-02-21;0;11;0;27076;13053;0;4.9;2.4;0.0
71;2021-02-22;228;865;0;27304;13918;0;5.0;2.5;0.0
71;2021-02-23;448;952;0;27752;14870;0;5.1;2.7;0.0
71;2021-02-24;444;763;0;28196;15633;0;5.1;2.9;0.0
71;2021-02-25;530;758;0;28726;16391;0;5.2;3.0;0.0
71;2021-02-26;846;570;0;29572;16961;0;5.4;3.1;0.0
71;2021-02-27;468;341;0;30040;17302;0;5.5;3.2;0.0
71;2021-02-28;57;17;0;30097;17319;0;5.5;3.2;0.0
71;2021-03-01;1139;703;0;31236;18022;0;5.7;3.3;0.0
71;2021-03-02;1509;716;0;32745;18738;0;6.0;3.4;0.0
71;2021-03-03;1751;764;0;34496;19502;0;6.3;3.6;0.0
71;2021-03-04;1996;824;0;36492;20326;0;6.7;3.7;0.0
71;2021-03-05;2252;686;0;38744;21012;0;7.1;3.8;0.0
71;2021-03-06;793;74;0;39537;21086;0;7.2;3.8;0.0
71;2021-03-07;74;13;0;39611;21099;0;7.2;3.9;0.0
71;2021-03-08;1423;798;0;41034;21897;0;7.5;4.0;0.0
71;2021-03-09;2111;604;0;43145;22501;0;7.9;4.1;0.0
71;2021-03-10;2124;461;0;45269;22962;0;8.3;4.2;0.0
71;2021-03-11;2580;681;0;47849;23643;0;8.7;4.3;0.0
71;2021-03-12;2534;610;0;50383;24253;0;9.2;4.4;0.0
71;2021-03-13;1082;104;0;51465;24357;0;9.4;4.4;0.0
71;2021-03-14;58;8;0;51523;24365;0;9.4;4.4;0.0
71;2021-03-15;1776;478;0;53299;24843;0;9.7;4.5;0.0
71;2021-03-16;1769;218;0;55068;25061;0;10.1;4.6;0.0
71;2021-03-17;2079;259;0;57147;25320;0;10.4;4.6;0.0
71;2021-03-18;1891;455;0;59038;25775;0;10.8;4.7;0.0
71;2021-03-19;2322;327;0;61360;26102;0;11.2;4.8;0.0
71;2021-03-20;1029;53;0;62389;26155;0;11.4;4.8;0.0
71;2021-03-21;25;4;0;62414;26159;0;11.4;4.8;0.0
71;2021-03-22;2447;372;0;64861;26531;0;11.8;4.8;0.0
71;2021-03-23;3285;487;0;68146;27018;0;12.4;4.9;0.0
71;2021-03-24;3186;457;0;71332;27475;0;13.0;5.0;0.0
71;2021-03-25;3866;559;0;75198;28034;0;13.7;5.1;0.0
71;2021-03-26;3810;337;0;79008;28371;0;14.4;5.2;0.0
71;2021-03-27;936;102;0;79944;28473;0;14.6;5.2;0.0
71;2021-03-28;75;11;0;80019;28484;0;14.6;5.2;0.0
71;2021-03-29;2323;1114;0;82342;29598;0;15.0;5.4;0.0
71;2021-03-30;3000;1311;0;85342;30909;0;15.6;5.6;0.0
71;2021-03-31;2456;1496;0;87798;32405;0;16.0;5.9;0.0
71;2021-04-01;2645;1284;0;90443;33689;0;16.5;6.1;0.0
71;2021-04-02;2385;1412;0;92828;35101;0;16.9;6.4;0.0
71;2021-04-03;297;48;0;93125;35149;0;17.0;6.4;0.0
71;2021-04-04;23;8;0;93148;35157;0;17.0;6.4;0.0
71;2021-04-05;95;2;0;93243;35159;0;17.0;6.4;0.0
71;2021-04-06;2096;1827;0;95339;36986;0;17.4;6.8;0.0
71;2021-04-07;2276;1743;0;97615;38729;0;17.8;7.1;0.0
71;2021-04-08;3156;1757;0;100771;40486;0;18.4;7.4;0.0
71;2021-04-09;3871;1621;0;104642;42107;0;19.1;7.7;0.0
71;2021-04-10;830;97;0;105472;42204;0;19.3;7.7;0.0
71;2021-04-11;108;13;0;105580;42217;0;19.3;7.7;0.0
71;2021-04-12;2279;1674;0;107859;43891;0;19.7;8.0;0.0
71;2021-04-13;2528;1833;0;110387;45724;0;20.2;8.3;0.0
71;2021-04-14;2318;1905;0;112705;47629;0;20.6;8.7;0.0
71;2021-04-15;2702;1654;0;115407;49283;0;21.1;9.0;0.0
71;2021-04-16;2564;1669;0;117971;50952;0;21.5;9.3;0.0
71;2021-04-17;947;354;0;118918;51306;0;21.7;9.4;0.0
71;2021-04-18;126;20;0;119044;51326;0;21.7;9.4;0.0
71;2021-04-19;1637;2362;0;120681;53688;0;22.0;9.8;0.0
71;2021-04-20;2104;2435;0;122785;56123;0;22.4;10.2;0.0
71;2021-04-21;2010;2372;0;124795;58495;0;22.8;10.7;0.0
71;2021-04-22;2371;2255;0;127166;60750;0;23.2;11.1;0.0
71;2021-04-23;2695;2088;0;129861;62838;0;23.7;11.5;0.0
71;2021-04-24;574;103;0;130435;62941;0;23.8;11.5;0.0
71;2021-04-25;43;7;0;130478;62948;0;23.8;11.5;0.0
71;2021-04-26;2277;1981;0;132755;64929;0;24.2;11.9;0.0
71;2021-04-27;2816;2164;0;135571;67093;0;24.7;12.2;0.0
71;2021-04-28;2894;2092;0;138465;69185;0;25.3;12.6;0.0
71;2021-04-29;3531;2102;0;141996;71287;0;25.9;13.0;0.0
71;2021-04-30;3690;1595;0;145686;72882;0;26.6;13.3;0.0
71;2021-05-01;137;64;0;145823;72946;0;26.6;13.3;0.0
71;2021-05-02;57;33;0;145880;72979;0;26.6;13.3;0.0
71;2021-05-03;3915;1404;0;149795;74383;0;27.3;13.6;0.0
71;2021-05-04;2767;2240;0;152562;76623;0;27.8;14.0;0.0
71;2021-05-05;3180;1976;0;155742;78599;0;28.4;14.3;0.0
71;2021-05-06;3369;2199;0;159111;80798;0;29.0;14.7;0.0
71;2021-05-07;3419;2619;0;162530;83417;0;29.7;15.2;0.0
71;2021-05-08;309;220;0;162839;83637;0;29.7;15.3;0.0
71;2021-05-09;93;56;0;162932;83693;0;29.7;15.3;0.0
71;2021-05-10;3372;2196;0;166304;85889;0;30.4;15.7;0.0
71;2021-05-11;4228;2256;0;170532;88145;0;31.1;16.1;0.0
71;2021-05-12;3780;2422;0;174312;90567;0;31.8;16.5;0.0
71;2021-05-13;1540;175;0;175852;90742;0;32.1;16.6;0.0
71;2021-05-14;3642;2034;0;179494;92776;0;32.8;16.9;0.0
71;2021-05-15;652;336;0;180146;93112;0;32.9;17.0;0.0
71;2021-05-16;87;17;0;180233;93129;0;32.9;17.0;0.0
71;2021-05-17;3698;1768;0;183931;94897;0;33.6;17.3;0.0
71;2021-05-18;3361;2289;0;187292;97186;0;34.2;17.7;0.0
71;2021-05-19;3765;2151;0;191057;99337;0;34.9;18.1;0.0
71;2021-05-20;4303;2176;0;195360;101513;0;35.7;18.5;0.0
71;2021-05-21;3769;2394;0;199129;103907;0;36.3;19.0;0.0
71;2021-05-22;631;368;0;199760;104275;0;36.5;19.0;0.0
71;2021-05-23;100;60;0;199860;104335;0;36.5;19.0;0.0
71;2021-05-24;400;144;0;200260;104479;0;36.6;19.1;0.0
71;2021-05-25;2714;2897;0;202974;107376;0;37.1;19.6;0.0
71;2021-05-26;3087;2327;0;206061;109703;0;37.6;20.0;0.0
71;2021-05-27;3555;2411;0;209616;112114;0;38.3;20.5;0.0
71;2021-05-28;2981;3000;0;212597;115114;0;38.8;21.0;0.0
71;2021-05-29;892;720;0;213489;115834;0;39.0;21.1;0.0
71;2021-05-30;127;82;0;213616;115916;0;39.0;21.2;0.0
71;2021-05-31;2756;3228;0;216372;119144;0;39.5;21.7;0.0
71;2021-06-01;3525;3389;0;219897;122533;0;40.1;22.4;0.0
71;2021-06-02;3850;2535;0;223747;125068;0;40.8;22.8;0.0
71;2021-06-03;4149;2434;0;227896;127502;0;41.6;23.3;0.0
71;2021-06-04;3679;3426;0;231575;130928;0;42.3;23.9;0.0
71;2021-06-05;1118;729;0;232693;131657;0;42.5;24.0;0.0
71;2021-06-06;138;103;0;232831;131760;0;42.5;24.1;0.0
71;2021-06-07;3191;3702;0;236022;135462;0;43.1;24.7;0.0
71;2021-06-08;3794;3648;0;239816;139110;0;43.8;25.4;0.0
71;2021-06-09;4410;2609;0;244226;141719;0;44.6;25.9;0.0
71;2021-06-10;4935;2718;0;249161;144437;0;45.5;26.4;0.0
71;2021-06-11;4122;3510;0;253283;147947;0;46.2;27.0;0.0
71;2021-06-12;1063;685;0;254346;148632;0;46.4;27.1;0.0
71;2021-06-13;153;200;0;254499;148832;0;46.5;27.2;0.0
71;2021-06-14;3174;3552;0;257673;152384;0;47.0;27.8;0.0
71;2021-06-15;3810;3340;0;261483;155724;0;47.7;28.4;0.0
71;2021-06-16;4184;2617;0;265667;158341;0;48.5;28.9;0.0
71;2021-06-17;3979;2908;0;269646;161249;0;49.2;29.4;0.0
71;2021-06-18;3956;3477;0;273602;164726;0;49.9;30.1;0.0
71;2021-06-19;1292;838;0;274894;165564;0;50.2;30.2;0.0
71;2021-06-20;72;70;0;274966;165634;0;50.2;30.2;0.0
71;2021-06-21;2035;3930;0;277001;169564;0;50.6;31.0;0.0
71;2021-06-22;2447;4192;0;279448;173756;0;51.0;31.7;0.0
71;2021-06-23;2866;3302;0;282314;177058;0;51.5;32.3;0.0
71;2021-06-24;3110;2895;0;285424;179953;0;52.1;32.8;0.0
71;2021-06-25;2455;4349;0;287879;184302;0;52.5;33.6;0.0
71;2021-06-26;503;1006;0;288382;185308;0;52.6;33.8;0.0
71;2021-06-27;60;121;0;288442;185429;0;52.7;33.8;0.0
71;2021-06-28;1444;4402;0;289886;189831;0;52.9;34.7;0.0
71;2021-06-29;1838;4594;0;291724;194425;0;53.3;35.5;0.0
71;2021-06-30;2298;3856;0;294022;198281;0;53.7;36.2;0.0
71;2021-07-01;2504;3802;0;296526;202083;0;54.1;36.9;0.0
71;2021-07-02;2721;3917;0;299247;206000;0;54.6;37.6;0.0
71;2021-07-03;403;1089;0;299650;207089;0;54.7;37.8;0.0
71;2021-07-04;51;192;0;299701;207281;0;54.7;37.8;0.0
71;2021-07-05;2133;4169;0;301834;211450;0;55.1;38.6;0.0
71;2021-07-06;2136;4349;0;303970;215799;0;55.5;39.4;0.0
71;2021-07-07;2569;3574;0;306539;219373;0;56.0;40.0;0.0
71;2021-07-08;2446;3968;0;308985;223341;0;56.4;40.8;0.0
71;2021-07-09;2119;4759;0;311104;228100;0;56.8;41.6;0.0
71;2021-07-10;363;999;0;311467;229099;0;56.9;41.8;0.0
71;2021-07-11;60;118;0;311527;229217;0;56.9;41.8;0.0
71;2021-07-12;1765;4967;0;313292;234184;0;57.2;42.7;0.0
71;2021-07-13;2416;5455;0;315708;239639;0;57.6;43.7;0.0
71;2021-07-14;1036;469;0;316744;240108;0;57.8;43.8;0.0
71;2021-07-15;2808;5356;0;319552;245464;0;58.3;44.8;0.0
71;2021-07-16;3396;5673;0;322948;251137;0;59.0;45.8;0.0
71;2021-07-17;982;1279;0;323930;252416;0;59.1;46.1;0.0
71;2021-07-18;162;176;0;324092;252592;0;59.2;46.1;0.0
71;2021-07-19;2863;5243;0;326955;257835;0;59.7;47.1;0.0
71;2021-07-20;3257;5559;0;330212;263394;0;60.3;48.1;0.0
71;2021-07-21;3524;5104;0;333736;268498;0;60.9;49.0;0.0
71;2021-07-22;3836;5021;0;337572;273519;0;61.6;49.9;0.0
71;2021-07-23;3272;5646;0;340844;279165;0;62.2;51.0;0.0
71;2021-07-24;1056;1072;0;341900;280237;0;62.4;51.2;0.0
71;2021-07-25;253;153;0;342153;280390;0;62.5;51.2;0.0
71;2021-07-26;3454;4467;0;345607;284857;0;63.1;52.0;0.0
71;2021-07-27;3943;4554;0;349550;289411;0;63.8;52.8;0.0
71;2021-07-28;4172;4405;0;353722;293816;0;64.6;53.6;0.0
71;2021-07-29;4113;4304;0;357835;298120;0;65.3;54.4;0.0
71;2021-07-30;4115;4472;0;361950;302592;0;66.1;55.2;0.0
71;2021-07-31;1043;890;0;362993;303482;0;66.3;55.4;0.0
71;2021-08-01;222;105;0;363215;303587;0;66.3;55.4;0.0
71;2021-08-02;3769;3393;0;366984;306980;0;67.0;56.0;0.0
71;2021-08-03;4078;3519;0;371062;310499;0;67.7;56.7;0.0
71;2021-08-04;4055;2823;0;375117;313322;0;68.5;57.2;0.0
71;2021-08-05;3927;3090;0;379044;316412;0;69.2;57.8;0.0
71;2021-08-06;3499;3835;0;382543;320247;0;69.8;58.5;0.0
71;2021-08-07;669;683;0;383212;320930;0;70.0;58.6;0.0
71;2021-08-08;108;119;0;383320;321049;0;70.0;58.6;0.0
71;2021-08-09;2618;3058;0;385938;324107;0;70.4;59.2;0.0
71;2021-08-10;2764;3144;0;388702;327251;0;71.0;59.7;0.0
71;2021-08-11;2896;3006;0;391598;330257;0;71.5;60.3;0.0
71;2021-08-12;2773;3040;0;394371;333297;0;72.0;60.8;0.0
71;2021-08-13;2476;3183;0;396847;336480;0;72.4;61.4;0.0
71;2021-08-14;369;779;0;397216;337259;0;72.5;61.6;0.0
71;2021-08-15;71;185;0;397287;337444;0;72.5;61.6;0.0
71;2021-08-16;1487;3218;0;398774;340662;0;72.8;62.2;0.0
71;2021-08-17;1580;3095;0;400354;343757;0;73.1;62.7;0.0
71;2021-08-18;1359;2981;0;401713;346738;0;73.3;63.3;0.0
71;2021-08-19;1226;2826;0;402939;349564;0;73.6;63.8;0.0
71;2021-08-20;1203;3590;0;404142;353154;0;73.8;64.5;0.0
71;2021-08-21;211;721;0;404353;353875;0;73.8;64.6;0.0
71;2021-08-22;62;148;0;404415;354023;0;73.8;64.6;0.0
71;2021-08-23;1248;4226;0;405663;358249;0;74.0;65.4;0.0
71;2021-08-24;1187;3534;0;406850;361783;0;74.3;66.0;0.0
71;2021-08-25;881;3585;0;407731;365368;0;74.4;66.7;0.0
71;2021-08-26;893;3248;0;408624;368616;0;74.6;67.3;0.0
71;2021-08-27;1045;4153;0;409669;372769;0;74.8;68.0;0.0
71;2021-08-28;236;641;0;409905;373410;0;74.8;68.2;0.0
71;2021-08-29;37;154;0;409942;373564;0;74.8;68.2;0.0
71;2021-08-30;1093;3501;52;411035;377065;52;75.0;68.8;0.0
71;2021-08-31;906;3115;159;411941;380180;211;75.2;69.4;0.0
71;2021-09-01;898;3122;314;412839;383302;525;75.4;70.0;0.1
71;2021-09-02;612;2663;295;413451;385965;820;75.5;70.5;0.1
71;2021-09-03;811;3469;375;414262;389434;1195;75.6;71.1;0.2
71;2021-09-04;301;692;66;414563;390126;1261;75.7;71.2;0.2
71;2021-09-05;30;104;8;414593;390230;1269;75.7;71.2;0.2
71;2021-09-06;598;2083;405;415191;392313;1674;75.8;71.6;0.3
71;2021-09-07;504;1575;538;415695;393888;2212;75.9;71.9;0.4
71;2021-09-08;657;2028;413;416352;395916;2625;76.0;72.3;0.5
71;2021-09-09;441;1251;562;416793;397167;3187;76.1;72.5;0.6
71;2021-09-10;750;1955;616;417543;399122;3803;76.2;72.9;0.7
71;2021-09-11;232;409;69;417775;399531;3872;76.3;72.9;0.7
71;2021-09-12;27;51;13;417802;399582;3885;76.3;72.9;0.7
71;2021-09-13;611;1211;347;418413;400793;4232;76.4;73.2;0.8
71;2021-09-14;481;978;506;418894;401771;4738;76.5;73.3;0.9
71;2021-09-15;577;1387;565;419471;403158;5303;76.6;73.6;1.0
71;2021-09-16;449;805;527;419920;403963;5830;76.7;73.7;1.1
71;2021-09-17;526;1303;595;420446;405266;6425;76.7;74.0;1.2
71;2021-09-18;159;324;119;420605;405590;6544;76.8;74.0;1.2
71;2021-09-19;16;35;9;420621;405625;6553;76.8;74.0;1.2
71;2021-09-20;433;817;532;421054;406442;7085;76.9;74.2;1.3
71;2021-09-21;274;644;705;421328;407086;7790;76.9;74.3;1.4
71;2021-09-22;310;1181;601;421638;408267;8391;77.0;74.5;1.5
71;2021-09-23;279;568;537;421917;408835;8928;77.0;74.6;1.6
71;2021-09-24;347;946;562;422264;409781;9490;77.1;74.8;1.7
71;2021-09-25;78;237;62;422342;410018;9552;77.1;74.8;1.7
71;2021-09-26;10;40;4;422352;410058;9556;77.1;74.9;1.7
71;2021-09-27;272;678;601;422624;410736;10157;77.1;75.0;1.9
71;2021-09-28;275;453;705;422899;411189;10862;77.2;75.1;2.0
71;2021-09-29;306;703;668;423205;411892;11530;77.3;75.2;2.1
71;2021-09-30;210;478;722;423415;412370;12252;77.3;75.3;2.2
71;2021-10-01;402;807;968;423817;413177;13220;77.4;75.4;2.4
71;2021-10-02;129;230;135;423946;413407;13355;77.4;75.5;2.4
71;2021-10-03;5;16;35;423951;413423;13390;77.4;75.5;2.4
71;2021-10-04;260;535;618;424211;413958;14008;77.4;75.6;2.6
71;2021-10-05;197;379;644;424408;414337;14652;77.5;75.6;2.7
71;2021-10-06;378;644;820;424786;414981;15472;77.5;75.8;2.8
71;2021-10-07;158;358;651;424944;415339;16123;77.6;75.8;2.9
71;2021-10-08;339;645;1087;425283;415984;17210;77.6;75.9;3.1
71;2021-10-09;79;193;165;425362;416177;17375;77.6;76.0;3.2
71;2021-10-10;9;21;23;425371;416198;17398;77.6;76.0;3.2
71;2021-10-11;266;511;740;425637;416709;18138;77.7;76.1;3.3
71;2021-10-12;184;362;743;425821;417071;18881;77.7;76.1;3.4
71;2021-10-13;298;446;927;426119;417517;19808;77.8;76.2;3.6
71;2021-10-14;159;283;759;426278;417800;20567;77.8;76.3;3.8
71;2021-10-15;280;526;1262;426558;418326;21829;77.9;76.4;4.0
71;2021-10-16;114;139;161;426672;418465;21990;77.9;76.4;4.0
71;2021-10-17;3;13;26;426675;418478;22016;77.9;76.4;4.0
71;2021-10-18;235;362;1093;426910;418840;23109;77.9;76.5;4.2
71;2021-10-19;169;280;1055;427079;419120;24164;78.0;76.5;4.4
71;2021-10-20;285;432;1504;427364;419552;25668;78.0;76.6;4.7
71;2021-10-21;129;188;961;427493;419740;26629;78.0;76.6;4.9
71;2021-10-22;233;337;1327;427726;420077;27956;78.1;76.7;5.1
71;2021-10-23;84;117;165;427810;420194;28121;78.1;76.7;5.1
71;2021-10-24;6;30;27;427816;420224;28148;78.1;76.7;5.1
71;2021-10-25;201;299;1067;428017;420523;29215;78.1;76.8;5.3
71;2021-10-26;138;202;939;428155;420725;30154;78.2;76.8;5.5
71;2021-10-27;186;322;1279;428341;421047;31433;78.2;76.9;5.7
71;2021-10-28;132;150;844;428473;421197;32277;78.2;76.9;5.9
71;2021-10-29;197;313;1295;428670;421510;33572;78.2;76.9;6.1
71;2021-10-30;69;121;192;428739;421631;33764;78.3;77.0;6.2
71;2021-10-31;9;14;48;428748;421645;33812;78.3;77.0;6.2
71;2021-11-01;17;9;2;428765;421654;33814;78.3;77.0;6.2
71;2021-11-02;174;243;1326;428939;421897;35140;78.3;77.0;6.4
71;2021-11-03;191;354;1388;429130;422251;36528;78.3;77.1;6.7
71;2021-11-04;133;161;1091;429263;422412;37619;78.4;77.1;6.9
71;2021-11-05;227;307;2100;429490;422719;39719;78.4;77.2;7.3
71;2021-11-06;75;101;292;429565;422820;40011;78.4;77.2;7.3
71;2021-11-07;1;4;22;429566;422824;40033;78.4;77.2;7.3
71;2021-11-08;155;246;1691;429721;423070;41724;78.4;77.2;7.6
71;2021-11-09;96;194;1773;429817;423264;43497;78.5;77.3;7.9
71;2021-11-10;218;297;2043;430035;423561;45540;78.5;77.3;8.3
71;2021-11-11;15;22;87;430050;423583;45627;78.5;77.3;8.3
71;2021-11-12;192;293;2143;430242;423876;47770;78.5;77.4;8.7
71;2021-11-13;61;78;338;430303;423954;48108;78.5;77.4;8.8
71;2021-11-14;4;9;8;430307;423963;48116;78.5;77.4;8.8
71;2021-11-15;138;200;1929;430445;424163;50045;78.6;77.4;9.1
71;2021-11-16;137;162;2079;430582;424325;52124;78.6;77.5;9.5
71;2021-11-17;185;238;2152;430767;424563;54276;78.6;77.5;9.9
71;2021-11-18;123;153;1734;430890;424716;56010;78.7;77.5;10.2
71;2021-11-19;220;279;2674;431110;424995;58684;78.7;77.6;10.7
71;2021-11-20;70;55;489;431180;425050;59173;78.7;77.6;10.8
71;2021-11-21;5;18;87;431185;425068;59260;78.7;77.6;10.8
71;2021-11-22;200;139;2458;431385;425207;61718;78.7;77.6;11.3
71;2021-11-23;138;179;2188;431523;425386;63906;78.8;77.7;11.7
71;2021-11-24;275;281;2698;431798;425667;66604;78.8;77.7;12.2
71;2021-11-25;150;145;2271;431948;425812;68875;78.8;77.7;12.6
71;2021-11-26;270;290;4014;432218;426102;72889;78.9;77.8;13.3
71;2021-11-27;88;99;737;432306;426201;73626;78.9;77.8;13.4
71;2021-11-28;12;18;126;432318;426219;73752;78.9;77.8;13.5
71;2021-11-29;175;167;3720;432493;426386;77472;78.9;77.8;14.1
71;2021-11-30;177;169;4382;432670;426555;81854;79.0;77.9;14.9
71;2021-12-01;183;246;4743;432853;426801;86597;79.0;77.9;15.8
71;2021-12-02;142;90;4483;432995;426891;91080;79.0;77.9;16.6
71;2021-12-03;161;253;5940;433156;427144;97020;79.1;78.0;17.7
71;2021-12-04;95;116;2047;433251;427260;99067;79.1;78.0;18.1
71;2021-12-05;8;16;197;433259;427276;99264;79.1;78.0;18.1
71;2021-12-06;132;211;5907;433391;427487;105171;79.1;78.0;19.2
71;2021-12-07;153;196;7295;433544;427683;112466;79.1;78.1;20.5
71;2021-12-08;159;197;6273;433703;427880;118739;79.2;78.1;21.7
71;2021-12-09;159;171;6860;433862;428051;125599;79.2;78.1;22.9
71;2021-12-10;176;228;7126;434038;428279;132725;79.2;78.2;24.2
71;2021-12-11;95;99;2475;434133;428378;135200;79.2;78.2;24.7
71;2021-12-12;14;10;367;434147;428388;135567;79.2;78.2;24.7
71;2021-12-13;145;187;6634;434292;428575;142201;79.3;78.2;26.0
71;2021-12-14;163;184;7890;434455;428759;150091;79.3;78.3;27.4
71;2021-12-15;154;281;6975;434609;429040;157066;79.3;78.3;28.7
71;2021-12-16;161;167;7398;434770;429207;164464;79.4;78.3;30.0
71;2021-12-17;201;313;7878;434971;429520;172342;79.4;78.4;31.5
71;2021-12-18;172;105;2756;435143;429625;175098;79.4;78.4;32.0
71;2021-12-19;17;19;266;435160;429644;175364;79.4;78.4;32.0
71;2021-12-20;210;247;6627;435370;429891;181991;79.5;78.5;33.2
71;2021-12-21;279;228;7663;435649;430119;189654;79.5;78.5;34.6
71;2021-12-22;267;224;6044;435916;430343;195698;79.6;78.6;35.7
72;2020-12-27;0;0;0;0;0;0;0.0;0.0;0.0
72;2020-12-28;2;0;0;2;0;0;0.0;0.0;0.0
72;2020-12-29;0;0;0;2;0;0;0.0;0.0;0.0
72;2020-12-30;0;0;0;2;0;0;0.0;0.0;0.0
72;2020-12-31;0;0;0;2;0;0;0.0;0.0;0.0
72;2021-01-01;1;0;0;3;0;0;0.0;0.0;0.0
72;2021-01-02;0;0;0;3;0;0;0.0;0.0;0.0
72;2021-01-03;0;0;0;3;0;0;0.0;0.0;0.0
72;2021-01-04;1;0;0;4;0;0;0.0;0.0;0.0
72;2021-01-05;15;0;0;19;0;0;0.0;0.0;0.0
72;2021-01-06;42;0;0;61;0;0;0.0;0.0;0.0
72;2021-01-07;142;1;0;203;1;0;0.0;0.0;0.0
72;2021-01-08;255;1;0;458;2;0;0.1;0.0;0.0
72;2021-01-09;48;0;0;506;2;0;0.1;0.0;0.0
72;2021-01-10;14;0;0;520;2;0;0.1;0.0;0.0
72;2021-01-11;513;1;0;1033;3;0;0.2;0.0;0.0
72;2021-01-12;621;1;0;1654;4;0;0.3;0.0;0.0
72;2021-01-13;563;2;0;2217;6;0;0.4;0.0;0.0
72;2021-01-14;672;4;0;2889;10;0;0.5;0.0;0.0
72;2021-01-15;505;1;0;3394;11;0;0.6;0.0;0.0
72;2021-01-16;120;0;0;3514;11;0;0.6;0.0;0.0
72;2021-01-17;34;1;0;3548;12;0;0.6;0.0;0.0
72;2021-01-18;407;1;0;3955;13;0;0.7;0.0;0.0
72;2021-01-19;859;5;0;4814;18;0;0.9;0.0;0.0
72;2021-01-20;1506;6;0;6320;24;0;1.1;0.0;0.0
72;2021-01-21;1790;6;0;8110;30;0;1.4;0.0;0.0
72;2021-01-22;1140;6;0;9250;36;0;1.7;0.0;0.0
72;2021-01-23;73;1;0;9323;37;0;1.7;0.0;0.0
72;2021-01-24;12;0;0;9335;37;0;1.7;0.0;0.0
72;2021-01-25;570;6;0;9905;43;0;1.8;0.0;0.0
72;2021-01-26;1214;23;0;11119;66;0;2.0;0.0;0.0
72;2021-01-27;961;24;0;12080;90;0;2.2;0.0;0.0
72;2021-01-28;859;70;0;12939;160;0;2.3;0.0;0.0
72;2021-01-29;712;67;0;13651;227;0;2.4;0.0;0.0
72;2021-01-30;101;1;0;13752;228;0;2.5;0.0;0.0
72;2021-01-31;2;1;0;13754;229;0;2.5;0.0;0.0
72;2021-02-01;552;248;0;14306;477;0;2.6;0.1;0.0
72;2021-02-02;559;296;0;14865;773;0;2.7;0.1;0.0
72;2021-02-03;545;259;0;15410;1032;0;2.8;0.2;0.0
72;2021-02-04;546;367;0;15956;1399;0;2.8;0.2;0.0
72;2021-02-05;532;441;0;16488;1840;0;2.9;0.3;0.0
72;2021-02-06;108;37;0;16596;1877;0;3.0;0.3;0.0
72;2021-02-07;18;6;0;16614;1883;0;3.0;0.3;0.0
72;2021-02-08;350;441;0;16964;2324;0;3.0;0.4;0.0
72;2021-02-09;527;558;0;17491;2882;0;3.1;0.5;0.0
72;2021-02-10;594;925;0;18085;3807;0;3.2;0.7;0.0
72;2021-02-11;941;1352;0;19026;5159;0;3.4;0.9;0.0
72;2021-02-12;891;588;0;19917;5747;0;3.6;1.0;0.0
72;2021-02-13;131;71;0;20048;5818;0;3.6;1.0;0.0
72;2021-02-14;1;40;0;20049;5858;0;3.6;1.0;0.0
72;2021-02-15;267;598;0;20316;6456;0;3.6;1.2;0.0
72;2021-02-16;529;1051;0;20845;7507;0;3.7;1.3;0.0
72;2021-02-17;485;754;0;21330;8261;0;3.8;1.5;0.0
72;2021-02-18;639;721;0;21969;8982;0;3.9;1.6;0.0
72;2021-02-19;557;640;0;22526;9622;0;4.0;1.7;0.0
72;2021-02-20;87;88;0;22613;9710;0;4.0;1.7;0.0
72;2021-02-21;0;3;0;22613;9713;0;4.0;1.7;0.0
72;2021-02-22;345;647;0;22958;10360;0;4.1;1.8;0.0
72;2021-02-23;603;636;0;23561;10996;0;4.2;2.0;0.0
72;2021-02-24;505;603;0;24066;11599;0;4.3;2.1;0.0
72;2021-02-25;929;643;0;24995;12242;0;4.5;2.2;0.0
72;2021-02-26;665;592;0;25660;12834;0;4.6;2.3;0.0
72;2021-02-27;336;97;0;25996;12931;0;4.6;2.3;0.0
72;2021-02-28;15;19;0;26011;12950;0;4.6;2.3;0.0
72;2021-03-01;384;515;0;26395;13465;0;4.7;2.4;0.0
72;2021-03-02;522;666;0;26917;14131;0;4.8;2.5;0.0
72;2021-03-03;743;691;0;27660;14822;0;4.9;2.6;0.0
72;2021-03-04;764;837;0;28424;15659;0;5.1;2.8;0.0
72;2021-03-05;954;752;0;29378;16411;0;5.2;2.9;0.0
72;2021-03-06;815;164;0;30193;16575;0;5.4;3.0;0.0
72;2021-03-07;421;25;0;30614;16600;0;5.5;3.0;0.0
72;2021-03-08;568;490;0;31182;17090;0;5.6;3.1;0.0
72;2021-03-09;1095;648;0;32277;17738;0;5.8;3.2;0.0
72;2021-03-10;1221;652;0;33498;18390;0;6.0;3.3;0.0
72;2021-03-11;1670;523;0;35168;18913;0;6.3;3.4;0.0
72;2021-03-12;1506;519;0;36674;19432;0;6.5;3.5;0.0
72;2021-03-13;1069;133;0;37743;19565;0;6.7;3.5;0.0
72;2021-03-14;25;8;0;37768;19573;0;6.7;3.5;0.0
72;2021-03-15;1210;215;0;38978;19788;0;7.0;3.5;0.0
72;2021-03-16;1115;196;0;40093;19984;0;7.2;3.6;0.0
72;2021-03-17;1105;270;0;41198;20254;0;7.4;3.6;0.0
72;2021-03-18;1175;386;0;42373;20640;0;7.6;3.7;0.0
72;2021-03-19;1386;297;0;43759;20937;0;7.8;3.7;0.0
72;2021-03-20;515;81;0;44274;21018;0;7.9;3.8;0.0
72;2021-03-21;26;4;0;44300;21022;0;7.9;3.8;0.0
72;2021-03-22;1428;346;0;45728;21368;0;8.2;3.8;0.0
72;2021-03-23;1836;507;0;47564;21875;0;8.5;3.9;0.0
72;2021-03-24;1967;306;0;49531;22181;0;8.8;4.0;0.0
72;2021-03-25;2584;481;0;52115;22662;0;9.3;4.0;0.0
72;2021-03-26;2494;371;0;54609;23033;0;9.7;4.1;0.0
72;2021-03-27;710;35;0;55319;23068;0;9.9;4.1;0.0
72;2021-03-28;49;1;0;55368;23069;0;9.9;4.1;0.0
72;2021-03-29;1718;381;0;57086;23450;0;10.2;4.2;0.0
72;2021-03-30;2615;406;0;59701;23856;0;10.7;4.3;0.0
72;2021-03-31;2342;385;0;62043;24241;0;11.1;4.3;0.0
72;2021-04-01;3048;383;0;65091;24624;0;11.6;4.4;0.0
72;2021-04-02;2438;440;0;67529;25064;0;12.1;4.5;0.0
72;2021-04-03;375;65;0;67904;25129;0;12.1;4.5;0.0
72;2021-04-04;26;6;0;67930;25135;0;12.1;4.5;0.0
72;2021-04-05;124;52;0;68054;25187;0;12.1;4.5;0.0
72;2021-04-06;1882;523;0;69936;25710;0;12.5;4.6;0.0
72;2021-04-07;2723;683;0;72659;26393;0;13.0;4.7;0.0
72;2021-04-08;2879;851;0;75538;27244;0;13.5;4.9;0.0
72;2021-04-09;4069;651;0;79607;27895;0;14.2;5.0;0.0
72;2021-04-10;1282;96;0;80889;27991;0;14.4;5.0;0.0
72;2021-04-11;31;8;0;80920;27999;0;14.4;5.0;0.0
72;2021-04-12;2017;969;0;82937;28968;0;14.8;5.2;0.0
72;2021-04-13;2615;1180;0;85552;30148;0;15.3;5.4;0.0
72;2021-04-14;2458;1177;0;88010;31325;0;15.7;5.6;0.0
72;2021-04-15;2705;1200;0;90715;32525;0;16.2;5.8;0.0
72;2021-04-16;2849;1090;0;93564;33615;0;16.7;6.0;0.0
72;2021-04-17;984;184;0;94548;33799;0;16.9;6.0;0.0
72;2021-04-18;90;5;0;94638;33804;0;16.9;6.0;0.0
72;2021-04-19;1619;1201;0;96257;35005;0;17.2;6.2;0.0
72;2021-04-20;3234;1387;0;99491;36392;0;17.8;6.5;0.0
72;2021-04-21;2687;1666;0;102178;38058;0;18.2;6.8;0.0
72;2021-04-22;3012;1909;0;105190;39967;0;18.8;7.1;0.0
72;2021-04-23;3428;1595;0;108618;41562;0;19.4;7.4;0.0
72;2021-04-24;1671;347;0;110289;41909;0;19.7;7.5;0.0
72;2021-04-25;873;26;0;111162;41935;0;19.8;7.5;0.0
72;2021-04-26;3664;1627;0;114826;43562;0;20.5;7.8;0.0
72;2021-04-27;4260;2047;0;119086;45609;0;21.3;8.1;0.0
72;2021-04-28;4070;2073;0;123156;47682;0;22.0;8.5;0.0
72;2021-04-29;4418;1962;0;127574;49644;0;22.8;8.9;0.0
72;2021-04-30;3896;1862;0;131470;51506;0;23.5;9.2;0.0
72;2021-05-01;1660;236;0;133130;51742;0;23.8;9.2;0.0
72;2021-05-02;1497;172;0;134627;51914;0;24.0;9.3;0.0
72;2021-05-03;3606;1279;0;138233;53193;0;24.7;9.5;0.0
72;2021-05-04;4134;2017;0;142367;55210;0;25.4;9.9;0.0
72;2021-05-05;3984;2346;0;146351;57556;0;26.1;10.3;0.0
72;2021-05-06;3821;2181;0;150172;59737;0;26.8;10.7;0.0
72;2021-05-07;3663;2387;0;153835;62124;0;27.5;11.1;0.0
72;2021-05-08;1977;225;0;155812;62349;0;27.8;11.1;0.0
72;2021-05-09;1949;220;0;157761;62569;0;28.2;11.2;0.0
72;2021-05-10;3822;1840;0;161583;64409;0;28.8;11.5;0.0
72;2021-05-11;4635;2313;0;166218;66722;0;29.7;11.9;0.0
72;2021-05-12;4167;2091;0;170385;68813;0;30.4;12.3;0.0
72;2021-05-13;2932;351;0;173317;69164;0;30.9;12.3;0.0
72;2021-05-14;3796;1534;0;177113;70698;0;31.6;12.6;0.0
72;2021-05-15;3144;518;0;180257;71216;0;32.2;12.7;0.0
72;2021-05-16;2390;157;0;182647;71373;0;32.6;12.7;0.0
72;2021-05-17;3860;1478;0;186507;72851;0;33.3;13.0;0.0
72;2021-05-18;4503;1841;0;191010;74692;0;34.1;13.3;0.0
72;2021-05-19;4185;1694;0;195195;76386;0;34.8;13.6;0.0
72;2021-05-20;4488;1553;0;199683;77939;0;35.6;13.9;0.0
72;2021-05-21;4002;1519;0;203685;79458;0;36.4;14.2;0.0
72;2021-05-22;2649;602;0;206334;80060;0;36.8;14.3;0.0
72;2021-05-23;1325;160;0;207659;80220;0;37.1;14.3;0.0
72;2021-05-24;2410;304;0;210069;80524;0;37.5;14.4;0.0
72;2021-05-25;4167;1472;0;214236;81996;0;38.2;14.6;0.0
72;2021-05-26;4196;1531;0;218432;83527;0;39.0;14.9;0.0
72;2021-05-27;4482;2123;0;222914;85650;0;39.8;15.3;0.0
72;2021-05-28;4207;2099;0;227121;87749;0;40.5;15.7;0.0
72;2021-05-29;2709;898;0;229830;88647;0;41.0;15.8;0.0
72;2021-05-30;1086;853;0;230916;89500;0;41.2;16.0;0.0
72;2021-05-31;3183;2452;0;234099;91952;0;41.8;16.4;0.0
72;2021-06-01;3641;2819;0;237740;94771;0;42.4;16.9;0.0
72;2021-06-02;3771;2901;0;241511;97672;0;43.1;17.4;0.0
72;2021-06-03;4499;3035;0;246010;100707;0;43.9;18.0;0.0
72;2021-06-04;4060;2876;0;250070;103583;0;44.6;18.5;0.0
72;2021-06-05;1577;2665;0;251647;106248;0;44.9;19.0;0.0
72;2021-06-06;858;1497;0;252505;107745;0;45.1;19.2;0.0
72;2021-06-07;2005;3614;0;254510;111359;0;45.4;19.9;0.0
72;2021-06-08;3157;4013;0;257667;115372;0;46.0;20.6;0.0
72;2021-06-09;2853;3477;0;260520;118849;0;46.5;21.2;0.0
72;2021-06-10;3067;3405;0;263587;122254;0;47.1;21.8;0.0
72;2021-06-11;3013;3931;0;266600;126185;0;47.6;22.5;0.0
72;2021-06-12;1501;2694;0;268101;128879;0;47.9;23.0;0.0
72;2021-06-13;411;1799;0;268512;130678;0;47.9;23.3;0.0
72;2021-06-14;1492;4315;0;270004;134993;0;48.2;24.1;0.0
72;2021-06-15;2866;3675;0;272870;138668;0;48.7;24.8;0.0
72;2021-06-16;2555;3724;0;275425;142392;0;49.2;25.4;0.0
72;2021-06-17;2456;3945;0;277881;146337;0;49.6;26.1;0.0
72;2021-06-18;2450;4471;0;280331;150808;0;50.0;26.9;0.0
72;2021-06-19;1243;2817;0;281574;153625;0;50.3;27.4;0.0
72;2021-06-20;336;1944;0;281910;155569;0;50.3;27.8;0.0
72;2021-06-21;1593;4147;0;283503;159716;0;50.6;28.5;0.0
72;2021-06-22;1841;5091;0;285344;164807;0;50.9;29.4;0.0
72;2021-06-23;2070;4422;0;287414;169229;0;51.3;30.2;0.0
72;2021-06-24;2319;4027;0;289733;173256;0;51.7;30.9;0.0
72;2021-06-25;1865;5043;0;291598;178299;0;52.0;31.8;0.0
72;2021-06-26;1235;2971;0;292833;181270;0;52.3;32.4;0.0
72;2021-06-27;400;1997;0;293233;183267;0;52.3;32.7;0.0
72;2021-06-28;1433;4522;0;294666;187789;0;52.6;33.5;0.0
72;2021-06-29;1771;5054;0;296437;192843;0;52.9;34.4;0.0
72;2021-06-30;2037;4488;0;298474;197331;0;53.3;35.2;0.0
72;2021-07-01;2044;4477;0;300518;201808;0;53.6;36.0;0.0
72;2021-07-02;1901;4927;1;302419;206735;1;54.0;36.9;0.0
72;2021-07-03;1308;3303;1;303727;210038;2;54.2;37.5;0.0
72;2021-07-04;571;1886;0;304298;211924;2;54.3;37.8;0.0
72;2021-07-05;1206;4284;0;305504;216208;2;54.5;38.6;0.0
72;2021-07-06;1519;5336;1;307023;221544;3;54.8;39.5;0.0
72;2021-07-07;1647;4769;0;308670;226313;3;55.1;40.4;0.0
72;2021-07-08;1739;4513;0;310409;230826;3;55.4;41.2;0.0
72;2021-07-09;2166;4793;0;312575;235619;3;55.8;42.1;0.0
72;2021-07-10;1616;2800;0;314191;238419;3;56.1;42.6;0.0
72;2021-07-11;908;1520;0;315099;239939;3;56.2;42.8;0.0
72;2021-07-12;1560;4003;0;316659;243942;3;56.5;43.5;0.0
72;2021-07-13;2093;5060;0;318752;249002;3;56.9;44.4;0.0
72;2021-07-14;1313;2327;0;320065;251329;3;57.1;44.9;0.0
72;2021-07-15;3439;3834;0;323504;255163;3;57.7;45.5;0.0
72;2021-07-16;3301;4502;0;326805;259665;3;58.3;46.3;0.0
72;2021-07-17;2518;1972;0;329323;261637;3;58.8;46.7;0.0
72;2021-07-18;1669;828;0;330992;262465;3;59.1;46.8;0.0
72;2021-07-19;2732;3835;1;333724;266300;4;59.6;47.5;0.0
72;2021-07-20;2991;4630;0;336715;270930;4;60.1;48.4;0.0
72;2021-07-21;2953;3831;1;339668;274761;5;60.6;49.0;0.0
72;2021-07-22;3794;3173;0;343462;277934;5;61.3;49.6;0.0
72;2021-07-23;3534;4036;0;346996;281970;5;61.9;50.3;0.0
72;2021-07-24;2777;1680;0;349773;283650;5;62.4;50.6;0.0
72;2021-07-25;1375;1043;0;351148;284693;5;62.7;50.8;0.0
72;2021-07-26;2852;3197;0;354000;287890;5;63.2;51.4;0.0
72;2021-07-27;3947;3982;0;357947;291872;5;63.9;52.1;0.0
72;2021-07-28;3718;3269;0;361665;295141;5;64.6;52.7;0.0
72;2021-07-29;3904;2858;0;365569;297999;5;65.3;53.2;0.0
72;2021-07-30;3839;3586;0;369408;301585;5;65.9;53.8;0.0
72;2021-07-31;2397;1909;0;371805;303494;5;66.4;54.2;0.0
72;2021-08-01;1735;439;0;373540;303933;5;66.7;54.3;0.0
72;2021-08-02;3145;2404;0;376685;306337;5;67.2;54.7;0.0
72;2021-08-03;3333;3324;0;380018;309661;5;67.8;55.3;0.0
72;2021-08-04;3696;2603;0;383714;312264;5;68.5;55.7;0.0
72;2021-08-05;3877;2556;0;387591;314820;5;69.2;56.2;0.0
72;2021-08-06;3364;2789;0;390955;317609;5;69.8;56.7;0.0
72;2021-08-07;2259;1682;0;393214;319291;5;70.2;57.0;0.0
72;2021-08-08;1470;705;0;394684;319996;5;70.5;57.1;0.0
72;2021-08-09;2568;2801;0;397252;322797;5;70.9;57.6;0.0
72;2021-08-10;2780;2857;0;400032;325654;5;71.4;58.1;0.0
72;2021-08-11;2286;2353;0;402318;328007;5;71.8;58.5;0.0
72;2021-08-12;2237;2632;0;404555;330639;5;72.2;59.0;0.0
72;2021-08-13;2056;2384;0;406611;333023;5;72.6;59.4;0.0
72;2021-08-14;1094;1585;0;407705;334608;5;72.8;59.7;0.0
72;2021-08-15;562;591;0;408267;335199;5;72.9;59.8;0.0
72;2021-08-16;1619;2554;0;409886;337753;5;73.2;60.3;0.0
72;2021-08-17;1691;3057;0;411577;340810;5;73.5;60.8;0.0
72;2021-08-18;1676;3034;0;413253;343844;5;73.8;61.4;0.0
72;2021-08-19;1222;3100;0;414475;346944;5;74.0;61.9;0.0
72;2021-08-20;1554;3368;0;416029;350312;5;74.3;62.5;0.0
72;2021-08-21;686;2025;0;416715;352337;5;74.4;62.9;0.0
72;2021-08-22;241;1105;0;416956;353442;5;74.4;63.1;0.0
72;2021-08-23;1657;3475;0;418613;356917;5;74.7;63.7;0.0
72;2021-08-24;1461;4161;0;420074;361078;5;75.0;64.5;0.0
72;2021-08-25;1536;3522;0;421610;364600;5;75.3;65.1;0.0
72;2021-08-26;1200;4376;0;422810;368976;5;75.5;65.9;0.0
72;2021-08-27;1163;4159;1;423973;373135;6;75.7;66.6;0.0
72;2021-08-28;845;2608;0;424818;375743;6;75.8;67.1;0.0
72;2021-08-29;337;1565;0;425155;377308;6;75.9;67.3;0.0
72;2021-08-30;1088;3309;61;426243;380617;67;76.1;67.9;0.0
72;2021-08-31;1158;3801;105;427401;384418;172;76.3;68.6;0.0
72;2021-09-01;1076;3127;163;428477;387545;335;76.5;69.2;0.1
72;2021-09-02;909;3121;230;429386;390666;565;76.6;69.7;0.1
72;2021-09-03;910;2998;244;430296;393664;809;76.8;70.3;0.1
72;2021-09-04;696;2508;113;430992;396172;922;76.9;70.7;0.2
72;2021-09-05;223;1370;56;431215;397542;978;77.0;71.0;0.2
72;2021-09-06;577;2425;302;431792;399967;1280;77.1;71.4;0.2
72;2021-09-07;493;2517;381;432285;402484;1661;77.2;71.8;0.3
72;2021-09-08;622;2903;308;432907;405387;1969;77.3;72.4;0.4
72;2021-09-09;409;1705;327;433316;407092;2296;77.3;72.7;0.4
72;2021-09-10;631;2273;353;433947;409365;2649;77.5;73.1;0.5
72;2021-09-11;404;2443;91;434351;411808;2740;77.5;73.5;0.5
72;2021-09-12;147;862;31;434498;412670;2771;77.6;73.7;0.5
72;2021-09-13;368;1248;336;434866;413918;3107;77.6;73.9;0.6
72;2021-09-14;474;1199;518;435340;415117;3625;77.7;74.1;0.6
72;2021-09-15;595;1888;412;435935;417005;4037;77.8;74.4;0.7
72;2021-09-16;347;779;466;436282;417784;4503;77.9;74.6;0.8
72;2021-09-17;448;1394;578;436730;419178;5081;78.0;74.8;0.9
72;2021-09-18;350;1438;127;437080;420616;5208;78.0;75.1;0.9
72;2021-09-19;82;344;33;437162;420960;5241;78.0;75.1;0.9
72;2021-09-20;353;799;348;437515;421759;5589;78.1;75.3;1.0
72;2021-09-21;318;778;645;437833;422537;6234;78.2;75.4;1.1
72;2021-09-22;411;1486;467;438244;424023;6701;78.2;75.7;1.2
72;2021-09-23;378;609;426;438622;424632;7127;78.3;75.8;1.3
72;2021-09-24;569;1018;389;439191;425650;7516;78.4;76.0;1.3
72;2021-09-25;252;978;149;439443;426628;7665;78.4;76.2;1.4
72;2021-09-26;74;194;26;439517;426822;7691;78.5;76.2;1.4
72;2021-09-27;214;614;503;439731;427436;8194;78.5;76.3;1.5
72;2021-09-28;201;418;688;439932;427854;8882;78.5;76.4;1.6
72;2021-09-29;337;949;730;440269;428803;9612;78.6;76.5;1.7
72;2021-09-30;169;342;412;440438;429145;10024;78.6;76.6;1.8
72;2021-10-01;323;717;522;440761;429862;10546;78.7;76.7;1.9
72;2021-10-02;292;564;208;441053;430426;10754;78.7;76.8;1.9
72;2021-10-03;82;142;20;441135;430568;10774;78.7;76.9;1.9
72;2021-10-04;199;419;448;441334;430987;11222;78.8;76.9;2.0
72;2021-10-05;256;349;489;441590;431336;11711;78.8;77.0;2.1
72;2021-10-06;263;537;583;441853;431873;12294;78.9;77.1;2.2
72;2021-10-07;211;342;487;442064;432215;12781;78.9;77.1;2.3
72;2021-10-08;328;646;685;442392;432861;13466;79.0;77.3;2.4
72;2021-10-09;226;436;172;442618;433297;13638;79.0;77.3;2.4
72;2021-10-10;76;111;47;442694;433408;13685;79.0;77.4;2.4
72;2021-10-11;180;290;535;442874;433698;14220;79.1;77.4;2.5
72;2021-10-12;216;344;699;443090;434042;14919;79.1;77.5;2.7
72;2021-10-13;272;474;691;443362;434516;15610;79.1;77.6;2.8
72;2021-10-14;136;287;489;443498;434803;16099;79.2;77.6;2.9
72;2021-10-15;311;429;712;443809;435232;16811;79.2;77.7;3.0
72;2021-10-16;189;263;223;443998;435495;17034;79.3;77.7;3.0
72;2021-10-17;44;91;46;444042;435586;17080;79.3;77.8;3.0
72;2021-10-18;192;344;506;444234;435930;17586;79.3;77.8;3.1
72;2021-10-19;182;250;701;444416;436180;18287;79.3;77.9;3.3
72;2021-10-20;199;390;906;444615;436570;19193;79.4;77.9;3.4
72;2021-10-21;129;331;681;444744;436901;19874;79.4;78.0;3.5
72;2021-10-22;245;521;1034;444989;437422;20908;79.4;78.1;3.7
72;2021-10-23;174;308;385;445163;437730;21293;79.5;78.1;3.8
72;2021-10-24;39;84;42;445202;437814;21335;79.5;78.1;3.8
72;2021-10-25;199;242;770;445401;438056;22105;79.5;78.2;3.9
72;2021-10-26;157;197;977;445558;438253;23082;79.5;78.2;4.1
72;2021-10-27;177;267;1037;445735;438520;24119;79.6;78.3;4.3
72;2021-10-28;132;153;671;445867;438673;24790;79.6;78.3;4.4
72;2021-10-29;226;321;1161;446093;438994;25951;79.6;78.4;4.6
72;2021-10-30;115;197;267;446208;439191;26218;79.6;78.4;4.7
72;2021-10-31;24;74;40;446232;439265;26258;79.7;78.4;4.7
72;2021-11-01;33;23;68;446265;439288;26326;79.7;78.4;4.7
72;2021-11-02;173;246;860;446438;439534;27186;79.7;78.5;4.9
72;2021-11-03;144;280;975;446582;439814;28161;79.7;78.5;5.0
72;2021-11-04;140;170;926;446722;439984;29087;79.7;78.5;5.2
72;2021-11-05;239;302;1509;446961;440286;30596;79.8;78.6;5.5
72;2021-11-06;128;193;545;447089;440479;31141;79.8;78.6;5.6
72;2021-11-07;26;30;74;447115;440509;31215;79.8;78.6;5.6
72;2021-11-08;123;223;1607;447238;440732;32822;79.8;78.7;5.9
72;2021-11-09;163;206;1834;447401;440938;34656;79.9;78.7;6.2
72;2021-11-10;208;236;1868;447609;441174;36524;79.9;78.7;6.5
72;2021-11-11;69;53;215;447678;441227;36739;79.9;78.8;6.6
72;2021-11-12;164;239;1409;447842;441466;38148;79.9;78.8;6.8
72;2021-11-13;106;131;485;447948;441597;38633;80.0;78.8;6.9
72;2021-11-14;45;51;112;447993;441648;38745;80.0;78.8;6.9
72;2021-11-15;106;208;1641;448099;441856;40386;80.0;78.9;7.2
72;2021-11-16;152;177;2110;448251;442033;42496;80.0;78.9;7.6
72;2021-11-17;187;229;1840;448438;442262;44336;80.0;78.9;7.9
72;2021-11-18;150;130;1763;448588;442392;46099;80.1;79.0;8.2
72;2021-11-19;249;259;2357;448837;442651;48456;80.1;79.0;8.6
72;2021-11-20;182;175;540;449019;442826;48996;80.1;79.0;8.7
72;2021-11-21;52;54;107;449071;442880;49103;80.2;79.1;8.8
72;2021-11-22;121;138;1899;449192;443018;51002;80.2;79.1;9.1
72;2021-11-23;141;147;1806;449333;443165;52808;80.2;79.1;9.4
72;2021-11-24;238;212;1981;449571;443377;54789;80.2;79.1;9.8
72;2021-11-25;166;133;2084;449737;443510;56873;80.3;79.2;10.2
72;2021-11-26;250;258;2963;449987;443768;59836;80.3;79.2;10.7
72;2021-11-27;171;178;1614;450158;443946;61450;80.4;79.2;11.0
72;2021-11-28;45;40;1178;450203;443986;62628;80.4;79.3;11.2
72;2021-11-29;110;134;3512;450313;444120;66140;80.4;79.3;11.8
72;2021-11-30;135;138;3907;450448;444258;70047;80.4;79.3;12.5
72;2021-12-01;176;185;4422;450624;444443;74469;80.4;79.3;13.3
72;2021-12-02;118;132;4477;450742;444575;78946;80.5;79.4;14.1
72;2021-12-03;121;185;4886;450863;444760;83832;80.5;79.4;15.0
72;2021-12-04;87;168;2670;450950;444928;86502;80.5;79.4;15.4
72;2021-12-05;35;40;1324;450985;444968;87826;80.5;79.4;15.7
72;2021-12-06;121;132;5128;451106;445100;92954;80.5;79.4;16.6
72;2021-12-07;111;132;6282;451217;445232;99236;80.5;79.5;17.7
72;2021-12-08;125;210;5357;451342;445442;104593;80.6;79.5;18.7
72;2021-12-09;124;134;6209;451466;445576;110802;80.6;79.5;19.8
72;2021-12-10;122;224;6114;451588;445800;116916;80.6;79.6;20.9
72;2021-12-11;91;207;3372;451679;446007;120288;80.6;79.6;21.5
72;2021-12-12;48;56;1778;451727;446063;122066;80.6;79.6;21.8
72;2021-12-13;110;127;5505;451837;446190;127571;80.7;79.6;22.8
72;2021-12-14;129;190;7247;451966;446380;134818;80.7;79.7;24.1
72;2021-12-15;139;213;6448;452105;446593;141266;80.7;79.7;25.2
72;2021-12-16;147;190;7253;452252;446783;148519;80.7;79.8;26.5
72;2021-12-17;131;263;6939;452383;447046;155458;80.7;79.8;27.7
72;2021-12-18;98;149;3961;452481;447195;159419;80.8;79.8;28.5
72;2021-12-19;73;79;2124;452554;447274;161543;80.8;79.8;28.8
72;2021-12-20;195;184;5893;452749;447458;167436;80.8;79.9;29.9
72;2021-12-21;194;180;6418;452943;447638;173854;80.8;79.9;31.0
72;2021-12-22;186;163;5576;453129;447801;179430;80.9;79.9;32.0
73;2020-12-27;0;0;0;0;0;0;0.0;0.0;0.0
73;2020-12-28;0;0;0;0;0;0;0.0;0.0;0.0
73;2020-12-29;0;0;0;0;0;0;0.0;0.0;0.0
73;2020-12-30;0;0;0;0;0;0;0.0;0.0;0.0
73;2020-12-31;0;0;0;0;0;0;0.0;0.0;0.0
73;2021-01-01;1;0;0;1;0;0;0.0;0.0;0.0
73;2021-01-02;0;0;0;1;0;0;0.0;0.0;0.0
73;2021-01-03;0;0;0;1;0;0;0.0;0.0;0.0
73;2021-01-04;7;0;0;8;0;0;0.0;0.0;0.0
73;2021-01-05;3;0;0;11;0;0;0.0;0.0;0.0
73;2021-01-06;11;0;0;22;0;0;0.0;0.0;0.0
73;2021-01-07;43;0;0;65;0;0;0.0;0.0;0.0
73;2021-01-08;90;0;0;155;0;0;0.0;0.0;0.0
73;2021-01-09;0;0;0;155;0;0;0.0;0.0;0.0
73;2021-01-10;1;0;0;156;0;0;0.0;0.0;0.0
73;2021-01-11;112;0;0;268;0;0;0.1;0.0;0.0
73;2021-01-12;321;0;0;589;0;0;0.1;0.0;0.0
73;2021-01-13;373;0;0;962;0;0;0.2;0.0;0.0
73;2021-01-14;529;2;0;1491;2;0;0.3;0.0;0.0
73;2021-01-15;591;1;0;2082;3;0;0.5;0.0;0.0
73;2021-01-16;135;2;0;2217;5;0;0.5;0.0;0.0
73;2021-01-17;10;0;0;2227;5;0;0.5;0.0;0.0
73;2021-01-18;556;0;0;2783;5;0;0.6;0.0;0.0
73;2021-01-19;1171;4;0;3954;9;0;0.9;0.0;0.0
73;2021-01-20;894;3;0;4848;12;0;1.1;0.0;0.0
73;2021-01-21;982;4;0;5830;16;0;1.3;0.0;0.0
73;2021-01-22;868;1;0;6698;17;0;1.5;0.0;0.0
73;2021-01-23;365;0;0;7063;17;0;1.6;0.0;0.0
73;2021-01-24;0;0;0;7063;17;0;1.6;0.0;0.0
73;2021-01-25;611;10;0;7674;27;0;1.8;0.0;0.0
73;2021-01-26;715;7;0;8389;34;0;1.9;0.0;0.0
73;2021-01-27;963;13;0;9352;47;0;2.2;0.0;0.0
73;2021-01-28;862;12;0;10214;59;0;2.4;0.0;0.0
73;2021-01-29;616;17;0;10830;76;0;2.5;0.0;0.0
73;2021-01-30;291;3;0;11121;79;0;2.6;0.0;0.0
73;2021-01-31;0;1;0;11121;80;0;2.6;0.0;0.0
73;2021-02-01;571;42;0;11692;122;0;2.7;0.0;0.0
73;2021-02-02;702;315;0;12394;437;0;2.9;0.1;0.0
73;2021-02-03;609;346;0;13003;783;0;3.0;0.2;0.0
73;2021-02-04;606;226;0;13609;1009;0;3.1;0.2;0.0
73;2021-02-05;600;392;0;14209;1401;0;3.3;0.3;0.0
73;2021-02-06;216;39;0;14425;1440;0;3.3;0.3;0.0
73;2021-02-07;1;1;0;14426;1441;0;3.3;0.3;0.0
73;2021-02-08;497;251;0;14923;1692;0;3.5;0.4;0.0
73;2021-02-09;750;456;0;15673;2148;0;3.6;0.5;0.0
73;2021-02-10;778;394;0;16451;2542;0;3.8;0.6;0.0
73;2021-02-11;946;690;0;17397;3232;0;4.0;0.7;0.0
73;2021-02-12;767;512;0;18164;3744;0;4.2;0.9;0.0
73;2021-02-13;265;66;0;18429;3810;0;4.3;0.9;0.0
73;2021-02-14;8;6;0;18437;3816;0;4.3;0.9;0.0
73;2021-02-15;341;518;0;18778;4334;0;4.3;1.0;0.0
73;2021-02-16;463;737;0;19241;5071;0;4.4;1.2;0.0
73;2021-02-17;450;883;0;19691;5954;0;4.6;1.4;0.0
73;2021-02-18;442;503;0;20133;6457;0;4.7;1.5;0.0
73;2021-02-19;397;605;0;20530;7062;0;4.7;1.6;0.0
73;2021-02-20;85;236;0;20615;7298;0;4.8;1.7;0.0
73;2021-02-21;1;0;0;20616;7298;0;4.8;1.7;0.0
73;2021-02-22;247;383;0;20863;7681;0;4.8;1.8;0.0
73;2021-02-23;323;480;0;21186;8161;0;4.9;1.9;0.0
73;2021-02-24;467;666;0;21653;8827;0;5.0;2.0;0.0
73;2021-02-25;528;520;0;22181;9347;0;5.1;2.2;0.0
73;2021-02-26;725;553;0;22906;9900;0;5.3;2.3;0.0
73;2021-02-27;304;168;0;23210;10068;0;5.4;2.3;0.0
73;2021-02-28;4;3;0;23214;10071;0;5.4;2.3;0.0
73;2021-03-01;570;471;0;23784;10542;0;5.5;2.4;0.0
73;2021-03-02;687;851;0;24471;11393;0;5.7;2.6;0.0
73;2021-03-03;630;1102;0;25101;12495;0;5.8;2.9;0.0
73;2021-03-04;1026;871;0;26127;13366;0;6.0;3.1;0.0
73;2021-03-05;1234;583;0;27361;13949;0;6.3;3.2;0.0
73;2021-03-06;1055;332;0;28416;14281;0;6.6;3.3;0.0
73;2021-03-07;419;83;0;28835;14364;0;6.7;3.3;0.0
73;2021-03-08;609;424;0;29444;14788;0;6.8;3.4;0.0
73;2021-03-09;979;522;0;30423;15310;0;7.0;3.5;0.0
73;2021-03-10;1036;833;0;31459;16143;0;7.3;3.7;0.0
73;2021-03-11;1548;643;0;33007;16786;0;7.6;3.9;0.0
73;2021-03-12;1954;525;0;34961;17311;0;8.1;4.0;0.0
73;2021-03-13;1169;215;0;36130;17526;0;8.4;4.1;0.0
73;2021-03-14;69;2;0;36199;17528;0;8.4;4.1;0.0
73;2021-03-15;1183;399;0;37382;17927;0;8.6;4.1;0.0
73;2021-03-16;798;406;0;38180;18333;0;8.8;4.2;0.0
73;2021-03-17;867;478;0;39047;18811;0;9.0;4.3;0.0
73;2021-03-18;1334;258;0;40381;19069;0;9.3;4.4;0.0
73;2021-03-19;1711;339;0;42092;19408;0;9.7;4.5;0.0
73;2021-03-20;899;137;0;42991;19545;0;9.9;4.5;0.0
73;2021-03-21;121;3;0;43112;19548;0;10.0;4.5;0.0
73;2021-03-22;1206;394;0;44318;19942;0;10.2;4.6;0.0
73;2021-03-23;1509;261;0;45827;20203;0;10.6;4.7;0.0
73;2021-03-24;1647;363;0;47474;20566;0;11.0;4.8;0.0
73;2021-03-25;2092;391;0;49566;20957;0;11.5;4.8;0.0
73;2021-03-26;2469;361;0;52035;21318;0;12.0;4.9;0.0
73;2021-03-27;923;161;0;52958;21479;0;12.2;5.0;0.0
73;2021-03-28;287;17;0;53245;21496;0;12.3;5.0;0.0
73;2021-03-29;1572;271;0;54817;21767;0;12.7;5.0;0.0
73;2021-03-30;2137;503;0;56954;22270;0;13.2;5.1;0.0
73;2021-03-31;2104;418;0;59058;22688;0;13.7;5.2;0.0
73;2021-04-01;2204;374;0;61262;23062;0;14.2;5.3;0.0
73;2021-04-02;2405;257;0;63667;23319;0;14.7;5.4;0.0
73;2021-04-03;864;167;0;64531;23486;0;14.9;5.4;0.0
73;2021-04-04;185;16;0;64716;23502;0;15.0;5.4;0.0
73;2021-04-05;327;38;0;65043;23540;0;15.0;5.4;0.0
73;2021-04-06;1657;543;0;66700;24083;0;15.4;5.6;0.0
73;2021-04-07;2086;678;0;68786;24761;0;15.9;5.7;0.0
73;2021-04-08;2586;855;0;71372;25616;0;16.5;5.9;0.0
73;2021-04-09;3099;592;0;74471;26208;0;17.2;6.1;0.0
73;2021-04-10;1280;366;0;75751;26574;0;17.5;6.1;0.0
73;2021-04-11;150;13;0;75901;26587;0;17.5;6.1;0.0
73;2021-04-12;1750;958;0;77651;27545;0;18.0;6.4;0.0
73;2021-04-13;2003;1136;0;79654;28681;0;18.4;6.6;0.0
73;2021-04-14;2095;1086;0;81749;29767;0;18.9;6.9;0.0
73;2021-04-15;2496;1190;0;84245;30957;0;19.5;7.2;0.0
73;2021-04-16;1953;970;0;86198;31927;0;19.9;7.4;0.0
73;2021-04-17;1246;585;0;87444;32512;0;20.2;7.5;0.0
73;2021-04-18;153;74;0;87597;32586;0;20.3;7.5;0.0
73;2021-04-19;1418;1118;0;89015;33704;0;20.6;7.8;0.0
73;2021-04-20;1871;1385;0;90886;35089;0;21.0;8.1;0.0
73;2021-04-21;1665;1331;0;92551;36420;0;21.4;8.4;0.0
73;2021-04-22;1951;1275;0;94502;37695;0;21.8;8.7;0.0
73;2021-04-23;1984;1285;0;96486;38980;0;22.3;9.0;0.0
73;2021-04-24;1070;720;0;97556;39700;0;22.6;9.2;0.0
73;2021-04-25;95;103;0;97651;39803;0;22.6;9.2;0.0
73;2021-04-26;1251;1368;0;98902;41171;0;22.9;9.5;0.0
73;2021-04-27;1601;1563;0;100503;42734;0;23.2;9.9;0.0
73;2021-04-28;1854;1551;0;102357;44285;0;23.7;10.2;0.0
73;2021-04-29;2563;1580;0;104920;45865;0;24.3;10.6;0.0
73;2021-04-30;2521;1480;0;107441;47345;0;24.8;10.9;0.0
73;2021-05-01;1079;318;0;108520;47663;0;25.1;11.0;0.0
73;2021-05-02;49;160;0;108569;47823;0;25.1;11.1;0.0
73;2021-05-03;1501;1729;0;110070;49552;0;25.4;11.5;0.0
73;2021-05-04;1843;2069;0;111913;51621;0;25.9;11.9;0.0
73;2021-05-05;2060;1909;0;113973;53530;0;26.3;12.4;0.0
73;2021-05-06;2524;1847;0;116497;55377;0;26.9;12.8;0.0
73;2021-05-07;2342;1987;0;118839;57364;0;27.5;13.3;0.0
73;2021-05-08;1751;392;0;120590;57756;0;27.9;13.4;0.0
73;2021-05-09;229;154;0;120819;57910;0;27.9;13.4;0.0
73;2021-05-10;1668;2003;0;122487;59913;0;28.3;13.9;0.0
73;2021-05-11;2483;2523;0;124970;62436;0;28.9;14.4;0.0
73;2021-05-12;3563;2164;0;128533;64600;0;29.7;14.9;0.0
73;2021-05-13;1778;333;0;130311;64933;0;30.1;15.0;0.0
73;2021-05-14;1914;1574;0;132225;66507;0;30.6;15.4;0.0
73;2021-05-15;1723;1028;0;133948;67535;0;31.0;15.6;0.0
73;2021-05-16;420;105;0;134368;67640;0;31.1;15.6;0.0
73;2021-05-17;2017;1940;0;136385;69580;0;31.5;16.1;0.0
73;2021-05-18;2840;1808;0;139225;71388;0;32.2;16.5;0.0
73;2021-05-19;2794;1597;0;142019;72985;0;32.8;16.9;0.0
73;2021-05-20;3480;1567;0;145499;74552;0;33.6;17.2;0.0
73;2021-05-21;2734;1844;0;148233;76396;0;34.3;17.7;0.0
73;2021-05-22;2114;907;0;150347;77303;0;34.8;17.9;0.0
73;2021-05-23;386;29;0;150733;77332;0;34.8;17.9;0.0
73;2021-05-24;2534;354;0;153267;77686;0;35.4;18.0;0.0
73;2021-05-25;2410;1779;0;155677;79465;0;36.0;18.4;0.0
73;2021-05-26;2415;1991;0;158092;81456;0;36.5;18.8;0.0
73;2021-05-27;3245;1789;0;161337;83245;0;37.3;19.2;0.0
73;2021-05-28;3030;2345;0;164367;85590;0;38.0;19.8;0.0
73;2021-05-29;2269;1319;0;166636;86909;0;38.5;20.1;0.0
73;2021-05-30;257;38;0;166893;86947;0;38.6;20.1;0.0
73;2021-05-31;2405;1765;0;169298;88712;0;39.1;20.5;0.0
73;2021-06-01;3155;1943;0;172453;90655;0;39.9;21.0;0.0
73;2021-06-02;2978;1511;0;175431;92166;0;40.6;21.3;0.0
73;2021-06-03;4241;1809;0;179672;93975;0;41.5;21.7;0.0
73;2021-06-04;4142;2324;0;183814;96299;0;42.5;22.3;0.0
73;2021-06-05;2923;1354;0;186737;97653;0;43.2;22.6;0.0
73;2021-06-06;1620;282;0;188357;97935;0;43.5;22.6;0.0
73;2021-06-07;2569;2218;0;190926;100153;0;44.1;23.2;0.0
73;2021-06-08;2574;1994;0;193500;102147;0;44.7;23.6;0.0
73;2021-06-09;2248;1870;0;195748;104017;0;45.3;24.0;0.0
73;2021-06-10;1942;1741;0;197690;105758;0;45.7;24.5;0.0
73;2021-06-11;2114;2517;0;199804;108275;0;46.2;25.0;0.0
73;2021-06-12;2054;1348;0;201858;109623;0;46.7;25.3;0.0
73;2021-06-13;71;98;0;201929;109721;0;46.7;25.4;0.0
73;2021-06-14;1278;3002;0;203207;112723;0;47.0;26.1;0.0
73;2021-06-15;1610;2787;0;204817;115510;0;47.4;26.7;0.0
73;2021-06-16;1476;2600;0;206293;118110;0;47.7;27.3;0.0
73;2021-06-17;1015;1792;0;207308;119902;0;47.9;27.7;0.0
73;2021-06-18;1867;2904;0;209175;122806;0;48.4;28.4;0.0
73;2021-06-19;1255;1971;0;210430;124777;0;48.6;28.8;0.0
73;2021-06-20;373;294;0;210803;125071;0;48.7;28.9;0.0
73;2021-06-21;1089;3054;0;211892;128125;0;49.0;29.6;0.0
73;2021-06-22;1075;2975;0;212967;131100;0;49.2;30.3;0.0
73;2021-06-23;1058;3176;0;214025;134276;0;49.5;31.0;0.0
73;2021-06-24;916;1965;0;214941;136241;0;49.7;31.5;0.0
73;2021-06-25;1228;2938;0;216169;139179;0;50.0;32.2;0.0
73;2021-06-26;842;2493;0;217011;141672;0;50.2;32.8;0.0
73;2021-06-27;279;576;0;217290;142248;0;50.2;32.9;0.0
73;2021-06-28;911;3694;0;218201;145942;0;50.4;33.7;0.0
73;2021-06-29;1038;3531;0;219239;149473;0;50.7;34.6;0.0
73;2021-06-30;1161;3155;0;220400;152628;0;51.0;35.3;0.0
73;2021-07-01;1205;2545;0;221605;155173;0;51.2;35.9;0.0
73;2021-07-02;1254;3733;0;222859;158906;0;51.5;36.7;0.0
73;2021-07-03;926;2810;0;223785;161716;0;51.7;37.4;0.0
73;2021-07-04;280;613;0;224065;162329;0;51.8;37.5;0.0
73;2021-07-05;1137;3668;0;225202;165997;0;52.1;38.4;0.0
73;2021-07-06;1263;3019;0;226465;169016;0;52.4;39.1;0.0
73;2021-07-07;1388;2950;0;227853;171966;0;52.7;39.8;0.0
73;2021-07-08;1318;2324;0;229171;174290;0;53.0;40.3;0.0
73;2021-07-09;1399;3944;0;230570;178234;0;53.3;41.2;0.0
73;2021-07-10;806;2917;0;231376;181151;0;53.5;41.9;0.0
73;2021-07-11;499;1283;0;231875;182434;0;53.6;42.2;0.0
73;2021-07-12;983;4026;0;232858;186460;0;53.8;43.1;0.0
73;2021-07-13;1747;4135;0;234605;190595;0;54.2;44.1;0.0
73;2021-07-14;1588;1705;0;236193;192300;0;54.6;44.5;0.0
73;2021-07-15;2533;3534;0;238726;195834;0;55.2;45.3;0.0
73;2021-07-16;2363;3858;0;241089;199692;0;55.7;46.2;0.0
73;2021-07-17;1501;2488;0;242590;202180;0;56.1;46.7;0.0
73;2021-07-18;929;1042;0;243519;203222;0;56.3;47.0;0.0
73;2021-07-19;2191;3091;0;245710;206313;0;56.8;47.7;0.0
73;2021-07-20;3156;2750;0;248866;209063;0;57.5;48.3;0.0
73;2021-07-21;3044;2573;0;251910;211636;0;58.2;48.9;0.0
73;2021-07-22;2662;2130;0;254572;213766;0;58.9;49.4;0.0
73;2021-07-23;3293;2862;0;257865;216628;0;59.6;50.1;0.0
73;2021-07-24;1945;2162;0;259810;218790;0;60.1;50.6;0.0
73;2021-07-25;537;652;0;260347;219442;0;60.2;50.7;0.0
73;2021-07-26;2499;2361;0;262846;221803;0;60.8;51.3;0.0
73;2021-07-27;3482;2145;0;266328;223948;0;61.6;51.8;0.0
73;2021-07-28;3275;1933;0;269603;225881;0;62.3;52.2;0.0
73;2021-07-29;3530;1822;0;273133;227703;0;63.1;52.6;0.0
73;2021-07-30;3334;2349;0;276467;230052;0;63.9;53.2;0.0
73;2021-07-31;2232;1386;0;278699;231438;0;64.4;53.5;0.0
73;2021-08-01;703;528;0;279402;231966;0;64.6;53.6;0.0
73;2021-08-02;2931;1924;0;282333;233890;0;65.3;54.1;0.0
73;2021-08-03;3161;1793;0;285494;235683;0;66.0;54.5;0.0
73;2021-08-04;2936;1832;0;288430;237515;0;66.7;54.9;0.0
73;2021-08-05;2522;1905;0;290952;239420;0;67.3;55.4;0.0
73;2021-08-06;2202;2262;0;293154;241682;0;67.8;55.9;0.0
73;2021-08-07;1250;1418;0;294404;243100;0;68.1;56.2;0.0
73;2021-08-08;377;494;0;294781;243594;0;68.1;56.3;0.0
73;2021-08-09;1611;2142;0;296392;245736;0;68.5;56.8;0.0
73;2021-08-10;1699;2300;0;298091;248036;0;68.9;57.3;0.0
73;2021-08-11;1591;2293;0;299682;250329;0;69.3;57.9;0.0
73;2021-08-12;1490;2235;0;301172;252564;0;69.6;58.4;0.0
73;2021-08-13;1374;2664;0;302546;255228;0;69.9;59.0;0.0
73;2021-08-14;926;1505;0;303472;256733;0;70.2;59.4;0.0
73;2021-08-15;89;165;0;303561;256898;0;70.2;59.4;0.0
73;2021-08-16;917;1551;0;304478;258449;0;70.4;59.8;0.0
73;2021-08-17;920;1909;0;305398;260358;0;70.6;60.2;0.0
73;2021-08-18;906;2632;0;306304;262990;0;70.8;60.8;0.0
73;2021-08-19;904;2739;0;307208;265729;0;71.0;61.4;0.0
73;2021-08-20;831;2983;0;308039;268712;0;71.2;62.1;0.0
73;2021-08-21;422;1821;0;308461;270533;0;71.3;62.5;0.0
73;2021-08-22;212;799;0;308673;271332;0;71.4;62.7;0.0
73;2021-08-23;701;2815;0;309374;274147;0;71.5;63.4;0.0
73;2021-08-24;860;2976;0;310234;277123;0;71.7;64.1;0.0
73;2021-08-25;721;2725;0;310955;279848;0;71.9;64.7;0.0
73;2021-08-26;682;2264;0;311637;282112;0;72.0;65.2;0.0
73;2021-08-27;762;2588;0;312399;284700;0;72.2;65.8;0.0
73;2021-08-28;430;1682;0;312829;286382;0;72.3;66.2;0.0
73;2021-08-29;251;836;0;313080;287218;0;72.4;66.4;0.0
73;2021-08-30;823;2477;20;313903;289695;20;72.6;67.0;0.0
73;2021-08-31;773;2283;31;314676;291978;51;72.7;67.5;0.0
73;2021-09-01;834;1949;155;315510;293927;206;72.9;68.0;0.0
73;2021-09-02;635;1667;280;316145;295594;486;73.1;68.3;0.1
73;2021-09-03;693;1885;210;316838;297479;696;73.2;68.8;0.2
73;2021-09-04;525;1231;92;317363;298710;788;73.4;69.1;0.2
73;2021-09-05;198;598;40;317561;299308;828;73.4;69.2;0.2
73;2021-09-06;377;1044;242;317938;300352;1070;73.5;69.4;0.2
73;2021-09-07;394;863;249;318332;301215;1319;73.6;69.6;0.3
73;2021-09-08;480;926;187;318812;302141;1506;73.7;69.9;0.3
73;2021-09-09;457;891;275;319269;303032;1781;73.8;70.1;0.4
73;2021-09-10;602;1177;283;319871;304209;2064;74.0;70.3;0.5
73;2021-09-11;363;898;86;320234;305107;2150;74.0;70.5;0.5
73;2021-09-12;68;140;9;320302;305247;2159;74.1;70.6;0.5
73;2021-09-13;342;702;345;320644;305949;2504;74.1;70.7;0.6
73;2021-09-14;398;632;376;321042;306581;2880;74.2;70.9;0.7
73;2021-09-15;416;881;312;321458;307462;3192;74.3;71.1;0.7
73;2021-09-16;324;590;307;321782;308052;3499;74.4;71.2;0.8
73;2021-09-17;390;874;429;322172;308926;3928;74.5;71.4;0.9
73;2021-09-18;257;618;135;322429;309544;4063;74.5;71.6;0.9
73;2021-09-19;45;176;9;322474;309720;4072;74.6;71.6;0.9
73;2021-09-20;183;647;378;322657;310367;4450;74.6;71.8;1.0
73;2021-09-21;283;535;534;322940;310902;4984;74.7;71.9;1.2
73;2021-09-22;270;789;329;323210;311691;5313;74.7;72.1;1.2
73;2021-09-23;246;480;421;323456;312171;5734;74.8;72.2;1.3
73;2021-09-24;283;826;476;323739;312997;6210;74.8;72.4;1.4
73;2021-09-25;187;720;99;323926;313717;6309;74.9;72.5;1.5
73;2021-09-26;60;182;14;323986;313899;6323;74.9;72.6;1.5
73;2021-09-27;238;485;527;324224;314384;6850;75.0;72.7;1.6
73;2021-09-28;190;347;435;324414;314731;7285;75.0;72.8;1.7
73;2021-09-29;232;658;335;324646;315389;7620;75.1;72.9;1.8
73;2021-09-30;200;380;326;324846;315769;7946;75.1;73.0;1.8
73;2021-10-01;275;588;339;325121;316357;8285;75.2;73.1;1.9
73;2021-10-02;191;493;150;325312;316850;8435;75.2;73.3;2.0
73;2021-10-03;8;31;3;325320;316881;8438;75.2;73.3;2.0
73;2021-10-04;249;365;434;325569;317246;8872;75.3;73.3;2.1
73;2021-10-05;179;319;521;325748;317565;9393;75.3;73.4;2.2
73;2021-10-06;310;497;395;326058;318062;9788;75.4;73.5;2.3
73;2021-10-07;170;305;424;326228;318367;10212;75.4;73.6;2.4
73;2021-10-08;324;562;588;326552;318929;10800;75.5;73.7;2.5
73;2021-10-09;170;358;121;326722;319287;10921;75.5;73.8;2.5
73;2021-10-10;6;15;4;326728;319302;10925;75.5;73.8;2.5
73;2021-10-11;209;329;401;326937;319631;11326;75.6;73.9;2.6
73;2021-10-12;151;193;293;327088;319824;11619;75.6;73.9;2.7
73;2021-10-13;234;364;459;327322;320188;12078;75.7;74.0;2.8
73;2021-10-14;175;303;551;327497;320491;12629;75.7;74.1;2.9
73;2021-10-15;226;351;464;327723;320842;13093;75.8;74.2;3.0
73;2021-10-16;122;198;160;327845;321040;13253;75.8;74.2;3.1
73;2021-10-17;4;7;25;327849;321047;13278;75.8;74.2;3.1
73;2021-10-18;178;338;433;328027;321385;13711;75.8;74.3;3.2
73;2021-10-19;102;255;805;328129;321640;14516;75.9;74.4;3.4
73;2021-10-20;108;201;501;328237;321841;15017;75.9;74.4;3.5
73;2021-10-21;79;189;663;328316;322030;15680;75.9;74.4;3.6
73;2021-10-22;115;215;528;328431;322245;16208;75.9;74.5;3.7
73;2021-10-23;66;151;121;328497;322396;16329;75.9;74.5;3.8
73;2021-10-24;2;12;1;328499;322408;16330;75.9;74.5;3.8
73;2021-10-25;106;136;576;328605;322544;16906;76.0;74.6;3.9
73;2021-10-26;128;202;917;328733;322746;17823;76.0;74.6;4.1
73;2021-10-27;94;249;706;328827;322995;18529;76.0;74.7;4.3
73;2021-10-28;88;144;841;328915;323139;19370;76.0;74.7;4.5
73;2021-10-29;124;259;826;329039;323398;20196;76.1;74.8;4.7
73;2021-10-30;61;143;255;329100;323541;20451;76.1;74.8;4.7
73;2021-10-31;6;25;33;329106;323566;20484;76.1;74.8;4.7
73;2021-11-01;24;6;39;329130;323572;20523;76.1;74.8;4.7
73;2021-11-02;116;194;902;329246;323766;21425;76.1;74.9;5.0
73;2021-11-03;89;183;850;329335;323949;22275;76.1;74.9;5.1
73;2021-11-04;85;166;873;329420;324115;23148;76.2;74.9;5.4
73;2021-11-05;105;207;1061;329525;324322;24209;76.2;75.0;5.6
73;2021-11-06;76;142;503;329601;324464;24712;76.2;75.0;5.7
73;2021-11-07;1;5;6;329602;324469;24718;76.2;75.0;5.7
73;2021-11-08;87;154;1197;329689;324623;25915;76.2;75.0;6.0
73;2021-11-09;88;153;1384;329777;324776;27299;76.2;75.1;6.3
73;2021-11-10;135;182;1334;329912;324958;28633;76.3;75.1;6.6
73;2021-11-11;8;22;99;329920;324980;28732;76.3;75.1;6.6
73;2021-11-12;95;157;1246;330015;325137;29978;76.3;75.2;6.9
73;2021-11-13;73;98;483;330088;325235;30461;76.3;75.2;7.0
73;2021-11-14;2;6;5;330090;325241;30466;76.3;75.2;7.0
73;2021-11-15;81;145;1650;330171;325386;32116;76.3;75.2;7.4
73;2021-11-16;90;126;1835;330261;325512;33951;76.4;75.3;7.8
73;2021-11-17;108;146;1492;330369;325658;35443;76.4;75.3;8.2
73;2021-11-18;69;84;1510;330438;325742;36953;76.4;75.3;8.5
73;2021-11-19;155;192;1744;330593;325934;38697;76.4;75.4;8.9
73;2021-11-20;114;114;723;330707;326048;39420;76.5;75.4;9.1
73;2021-11-21;2;14;86;330709;326062;39506;76.5;75.4;9.1
73;2021-11-22;86;84;1789;330795;326146;41295;76.5;75.4;9.5
73;2021-11-23;116;129;1999;330911;326275;43294;76.5;75.4;10.0
73;2021-11-24;151;139;1611;331062;326414;44905;76.5;75.5;10.4
73;2021-11-25;93;82;2069;331155;326496;46974;76.6;75.5;10.9
73;2021-11-26;142;166;2500;331297;326662;49474;76.6;75.5;11.4
73;2021-11-27;106;110;1057;331403;326772;50531;76.6;75.5;11.7
73;2021-11-28;5;26;50;331408;326798;50581;76.6;75.6;11.7
73;2021-11-29;72;99;2677;331480;326897;53258;76.6;75.6;12.3
73;2021-11-30;135;166;3872;331615;327063;57130;76.7;75.6;13.2
73;2021-12-01;107;142;3282;331722;327205;60412;76.7;75.6;14.0
73;2021-12-02;106;107;3942;331828;327312;64354;76.7;75.7;14.9
73;2021-12-03;90;146;4084;331918;327458;68438;76.7;75.7;15.8
73;2021-12-04;73;90;2005;331991;327548;70443;76.8;75.7;16.3
73;2021-12-05;17;23;762;332008;327571;71205;76.8;75.7;16.5
73;2021-12-06;93;133;3458;332101;327704;74663;76.8;75.8;17.3
73;2021-12-07;87;109;4026;332188;327813;78689;76.8;75.8;18.2
73;2021-12-08;118;152;4050;332306;327965;82739;76.8;75.8;19.1
73;2021-12-09;90;138;4808;332396;328103;87547;76.8;75.9;20.2
73;2021-12-10;101;142;4912;332497;328245;92459;76.9;75.9;21.4
73;2021-12-11;81;122;2632;332578;328367;95091;76.9;75.9;22.0
73;2021-12-12;12;13;1283;332590;328380;96374;76.9;75.9;22.3
73;2021-12-13;79;101;4590;332669;328481;100964;76.9;75.9;23.3
73;2021-12-14;105;151;5492;332774;328632;106456;76.9;76.0;24.6
73;2021-12-15;121;181;5131;332895;328813;111587;77.0;76.0;25.8
73;2021-12-16;117;125;6170;333012;328938;117757;77.0;76.0;27.2
73;2021-12-17;132;173;6085;333144;329111;123842;77.0;76.1;28.6
73;2021-12-18;73;121;2295;333217;329232;126137;77.0;76.1;29.2
73;2021-12-19;25;25;926;333242;329257;127063;77.0;76.1;29.4
73;2021-12-20;108;113;3378;333350;329370;130441;77.1;76.1;30.2
73;2021-12-21;155;139;3915;333505;329509;134356;77.1;76.2;31.1
73;2021-12-22;135;127;3460;333640;329636;137816;77.1;76.2;31.9
74;2020-12-27;2;0;0;2;0;0;0.0;0.0;0.0
74;2020-12-28;2;1;0;4;1;0;0.0;0.0;0.0
74;2020-12-29;0;0;0;4;1;0;0.0;0.0;0.0
74;2020-12-30;0;0;0;4;1;0;0.0;0.0;0.0
74;2020-12-31;0;0;0;4;1;0;0.0;0.0;0.0
74;2021-01-01;0;0;0;4;1;0;0.0;0.0;0.0
74;2021-01-02;1;1;0;5;2;0;0.0;0.0;0.0
74;2021-01-03;1;0;0;6;2;0;0.0;0.0;0.0
74;2021-01-04;1;0;0;7;2;0;0.0;0.0;0.0
74;2021-01-05;3;0;0;10;2;0;0.0;0.0;0.0
74;2021-01-06;46;0;0;56;2;0;0.0;0.0;0.0
74;2021-01-07;220;1;0;276;3;0;0.0;0.0;0.0
74;2021-01-08;288;2;0;564;5;0;0.1;0.0;0.0
74;2021-01-09;79;0;0;643;5;0;0.1;0.0;0.0
74;2021-01-10;74;0;0;717;5;0;0.1;0.0;0.0
74;2021-01-11;373;1;0;1090;6;0;0.1;0.0;0.0
74;2021-01-12;409;3;0;1499;9;0;0.2;0.0;0.0
74;2021-01-13;403;0;0;1902;9;0;0.2;0.0;0.0
74;2021-01-14;467;2;0;2369;11;0;0.3;0.0;0.0
74;2021-01-15;629;4;0;2998;15;0;0.4;0.0;0.0
74;2021-01-16;241;1;0;3239;16;0;0.4;0.0;0.0
74;2021-01-17;113;1;0;3352;17;0;0.4;0.0;0.0
74;2021-01-18;513;0;0;3865;17;0;0.5;0.0;0.0
74;2021-01-19;792;3;0;4657;20;0;0.6;0.0;0.0
74;2021-01-20;1282;3;0;5939;23;0;0.7;0.0;0.0
74;2021-01-21;1496;4;0;7435;27;0;0.9;0.0;0.0
74;2021-01-22;1181;6;0;8616;33;0;1.0;0.0;0.0
74;2021-01-23;317;1;0;8933;34;0;1.1;0.0;0.0
74;2021-01-24;81;1;0;9014;35;0;1.1;0.0;0.0
74;2021-01-25;775;3;0;9789;38;0;1.2;0.0;0.0
74;2021-01-26;1301;25;0;11090;63;0;1.3;0.0;0.0
74;2021-01-27;1058;16;0;12148;79;0;1.5;0.0;0.0
74;2021-01-28;993;48;0;13141;127;0;1.6;0.0;0.0
74;2021-01-29;826;47;0;13967;174;0;1.7;0.0;0.0
74;2021-01-30;331;2;0;14298;176;0;1.7;0.0;0.0
74;2021-01-31;89;2;0;14387;178;0;1.7;0.0;0.0
74;2021-02-01;580;46;0;14967;224;0;1.8;0.0;0.0
74;2021-02-02;609;161;0;15576;385;0;1.9;0.0;0.0
74;2021-02-03;586;138;0;16162;523;0;2.0;0.1;0.0
74;2021-02-04;588;139;0;16750;662;0;2.0;0.1;0.0
74;2021-02-05;524;230;0;17274;892;0;2.1;0.1;0.0
74;2021-02-06;288;132;0;17562;1024;0;2.1;0.1;0.0
74;2021-02-07;85;122;0;17647;1146;0;2.1;0.1;0.0
74;2021-02-08;587;338;0;18234;1484;0;2.2;0.2;0.0
74;2021-02-09;530;514;0;18764;1998;0;2.3;0.2;0.0
74;2021-02-10;749;556;0;19513;2554;0;2.4;0.3;0.0
74;2021-02-11;1025;1007;0;20538;3561;0;2.5;0.4;0.0
74;2021-02-12;882;607;0;21420;4168;0;2.6;0.5;0.0
74;2021-02-13;380;228;0;21800;4396;0;2.6;0.5;0.0
74;2021-02-14;287;99;0;22087;4495;0;2.7;0.5;0.0
74;2021-02-15;274;813;0;22361;5308;0;2.7;0.6;0.0
74;2021-02-16;466;1019;0;22827;6327;0;2.8;0.8;0.0
74;2021-02-17;524;1096;0;23351;7423;0;2.8;0.9;0.0
74;2021-02-18;482;957;0;23833;8380;0;2.9;1.0;0.0
74;2021-02-19;616;647;0;24449;9027;0;3.0;1.1;0.0
74;2021-02-20;118;188;0;24567;9215;0;3.0;1.1;0.0
74;2021-02-21;46;58;0;24613;9273;0;3.0;1.1;0.0
74;2021-02-22;299;804;0;24912;10077;0;3.0;1.2;0.0
74;2021-02-23;305;809;0;25217;10886;0;3.0;1.3;0.0
74;2021-02-24;265;719;0;25482;11605;0;3.1;1.4;0.0
74;2021-02-25;518;733;0;26000;12338;0;3.1;1.5;0.0
74;2021-02-26;931;682;0;26931;13020;0;3.3;1.6;0.0
74;2021-02-27;277;242;0;27208;13262;0;3.3;1.6;0.0
74;2021-02-28;117;68;0;27325;13330;0;3.3;1.6;0.0
74;2021-03-01;723;591;0;28048;13921;0;3.4;1.7;0.0
74;2021-03-02;1064;653;0;29112;14574;0;3.5;1.8;0.0
74;2021-03-03;1024;676;0;30136;15250;0;3.6;1.8;0.0
74;2021-03-04;1565;986;0;31701;16236;0;3.8;2.0;0.0
74;2021-03-05;2029;880;0;33730;17116;0;4.1;2.1;0.0
74;2021-03-06;1739;337;0;35469;17453;0;4.3;2.1;0.0
74;2021-03-07;1344;107;0;36813;17560;0;4.4;2.1;0.0
74;2021-03-08;1163;904;0;37976;18464;0;4.6;2.2;0.0
74;2021-03-09;1893;658;0;39869;19122;0;4.8;2.3;0.0
74;2021-03-10;1724;893;0;41593;20015;0;5.0;2.4;0.0
74;2021-03-11;2412;711;0;44005;20726;0;5.3;2.5;0.0
74;2021-03-12;3159;992;0;47164;21718;0;5.7;2.6;0.0
74;2021-03-13;1925;270;0;49089;21988;0;5.9;2.7;0.0
74;2021-03-14;576;98;0;49665;22086;0;6.0;2.7;0.0
74;2021-03-15;2088;556;0;51753;22642;0;6.2;2.7;0.0
74;2021-03-16;1922;425;0;53675;23067;0;6.5;2.8;0.0
74;2021-03-17;1924;338;0;55599;23405;0;6.7;2.8;0.0
74;2021-03-18;2091;298;0;57690;23703;0;7.0;2.9;0.0
74;2021-03-19;2573;321;0;60263;24024;0;7.3;2.9;0.0
74;2021-03-20;1332;102;0;61595;24126;0;7.4;2.9;0.0
74;2021-03-21;268;33;0;61863;24159;0;7.5;2.9;0.0
74;2021-03-22;1995;321;0;63858;24480;0;7.7;3.0;0.0
74;2021-03-23;2657;345;0;66515;24825;0;8.0;3.0;0.0
74;2021-03-24;2858;341;0;69373;25166;0;8.4;3.0;0.0
74;2021-03-25;3737;322;0;73110;25488;0;8.8;3.1;0.0
74;2021-03-26;3998;419;0;77108;25907;0;9.3;3.1;0.0
74;2021-03-27;1853;268;0;78961;26175;0;9.5;3.2;0.0
74;2021-03-28;429;73;0;79390;26248;0;9.6;3.2;0.0
74;2021-03-29;2872;709;0;82262;26957;0;9.9;3.3;0.0
74;2021-03-30;3419;775;0;85681;27732;0;10.3;3.3;0.0
74;2021-03-31;3056;735;0;88737;28467;0;10.7;3.4;0.0
74;2021-04-01;4003;882;0;92740;29349;0;11.2;3.5;0.0
74;2021-04-02;3517;786;0;96257;30135;0;11.6;3.6;0.0
74;2021-04-03;1574;522;0;97831;30657;0;11.8;3.7;0.0
74;2021-04-04;231;117;0;98062;30774;0;11.8;3.7;0.0
74;2021-04-05;450;18;0;98512;30792;0;11.9;3.7;0.0
74;2021-04-06;2526;1201;0;101038;31993;0;12.2;3.9;0.0
74;2021-04-07;2989;1248;0;104027;33241;0;12.6;4.0;0.0
74;2021-04-08;3695;1211;0;107722;34452;0;13.0;4.2;0.0
74;2021-04-09;3939;1186;0;111661;35638;0;13.5;4.3;0.0
74;2021-04-10;1816;956;0;113477;36594;0;13.7;4.4;0.0
74;2021-04-11;240;171;0;113717;36765;0;13.7;4.4;0.0
74;2021-04-12;2633;1759;0;116350;38524;0;14.0;4.7;0.0
74;2021-04-13;3034;2125;0;119384;40649;0;14.4;4.9;0.0
74;2021-04-14;2827;1955;0;122211;42604;0;14.8;5.1;0.0
74;2021-04-15;3328;1880;0;125539;44484;0;15.2;5.4;0.0
74;2021-04-16;3226;1731;0;128765;46215;0;15.5;5.6;0.0
74;2021-04-17;1827;1016;0;130592;47231;0;15.8;5.7;0.0
74;2021-04-18;203;196;0;130795;47427;0;15.8;5.7;0.0
74;2021-04-19;2052;2035;0;132847;49462;0;16.0;6.0;0.0
74;2021-04-20;2966;2382;0;135813;51844;0;16.4;6.3;0.0
74;2021-04-21;2386;2327;0;138199;54171;0;16.7;6.5;0.0
74;2021-04-22;2485;2304;0;140684;56475;0;17.0;6.8;0.0
74;2021-04-23;2508;2200;0;143192;58675;0;17.3;7.1;0.0
74;2021-04-24;1403;1493;0;144595;60168;0;17.5;7.3;0.0
74;2021-04-25;230;147;0;144825;60315;0;17.5;7.3;0.0
74;2021-04-26;2255;2376;0;147080;62691;0;17.8;7.6;0.0
74;2021-04-27;3083;2798;0;150163;65489;0;18.1;7.9;0.0
74;2021-04-28;3320;2556;0;153483;68045;0;18.5;8.2;0.0
74;2021-04-29;3709;2623;0;157192;70668;0;19.0;8.5;0.0
74;2021-04-30;3903;2172;0;161095;72840;0;19.4;8.8;0.0
74;2021-05-01;2001;387;0;163096;73227;0;19.7;8.8;0.0
74;2021-05-02;202;221;0;163298;73448;0;19.7;8.9;0.0
74;2021-05-03;2498;2900;0;165796;76348;0;20.0;9.2;0.0
74;2021-05-04;3043;2932;0;168839;79280;0;20.4;9.6;0.0
74;2021-05-05;3160;2866;0;171999;82146;0;20.8;9.9;0.0
74;2021-05-06;3667;2582;0;175666;84728;0;21.2;10.2;0.0
74;2021-05-07;3456;3468;0;179122;88196;0;21.6;10.6;0.0
74;2021-05-08;1167;795;0;180289;88991;0;21.8;10.7;0.0
74;2021-05-09;236;246;0;180525;89237;0;21.8;10.8;0.0
74;2021-05-10;3264;3031;0;183789;92268;0;22.2;11.1;0.0
74;2021-05-11;4106;3303;0;187895;95571;0;22.7;11.5;0.0
74;2021-05-12;4863;2868;0;192758;98439;0;23.3;11.9;0.0
74;2021-05-13;2236;921;0;194994;99360;0;23.5;12.0;0.0
74;2021-05-14;5256;2271;0;200250;101631;0;24.2;12.3;0.0
74;2021-05-15;4044;1737;0;204294;103368;0;24.7;12.5;0.0
74;2021-05-16;2321;308;0;206615;103676;0;24.9;12.5;0.0
74;2021-05-17;4860;2773;0;211475;106449;0;25.5;12.8;0.0
74;2021-05-18;6119;2687;0;217594;109136;0;26.3;13.2;0.0
74;2021-05-19;5636;2234;0;223230;111370;0;26.9;13.4;0.0
74;2021-05-20;5951;2411;0;229181;113781;0;27.7;13.7;0.0
74;2021-05-21;5906;2871;0;235087;116652;0;28.4;14.1;0.0
74;2021-05-22;4614;1465;0;239701;118117;0;28.9;14.3;0.0
74;2021-05-23;1688;261;0;241389;118378;0;29.1;14.3;0.0
74;2021-05-24;2307;641;0;243696;119019;0;29.4;14.4;0.0
74;2021-05-25;4691;3182;0;248387;122201;0;30.0;14.8;0.0
74;2021-05-26;4821;2474;0;253208;124675;0;30.6;15.1;0.0
74;2021-05-27;5464;2856;0;258672;127531;0;31.2;15.4;0.0
74;2021-05-28;5092;3482;0;263764;131013;0;31.8;15.8;0.0
74;2021-05-29;3431;2034;0;267195;133047;0;32.3;16.1;0.0
74;2021-05-30;519;301;0;267714;133348;0;32.3;16.1;0.0
74;2021-05-31;4542;3428;0;272256;136776;0;32.9;16.5;0.0
74;2021-06-01;4607;3601;0;276863;140377;0;33.4;16.9;0.0
74;2021-06-02;4812;3060;0;281675;143437;0;34.0;17.3;0.0
74;2021-06-03;6259;3099;0;287934;146536;0;34.8;17.7;0.0
74;2021-06-04;6368;4227;0;294302;150763;0;35.5;18.2;0.0
74;2021-06-05;4007;2538;0;298309;153301;0;36.0;18.5;0.0
74;2021-06-06;217;134;0;298526;153435;0;36.0;18.5;0.0
74;2021-06-07;4579;3935;0;303105;157370;0;36.6;19.0;0.0
74;2021-06-08;4571;3737;0;307676;161107;0;37.1;19.4;0.0
74;2021-06-09;4564;3304;0;312240;164411;0;37.7;19.8;0.0
74;2021-06-10;4654;2735;0;316894;167146;0;38.3;20.2;0.0
74;2021-06-11;4690;3573;0;321584;170719;0;38.8;20.6;0.0
74;2021-06-12;3158;2240;0;324742;172959;0;39.2;20.9;0.0
74;2021-06-13;189;104;0;324931;173063;0;39.2;20.9;0.0
74;2021-06-14;3221;4179;0;328152;177242;0;39.6;21.4;0.0
74;2021-06-15;3282;3676;0;331434;180918;0;40.0;21.8;0.0
74;2021-06-16;4261;2942;0;335695;183860;0;40.5;22.2;0.0
74;2021-06-17;3375;2777;0;339070;186637;0;40.9;22.5;0.0
74;2021-06-18;3802;4406;0;342872;191043;0;41.4;23.1;0.0
74;2021-06-19;2573;2776;0;345445;193819;0;41.7;23.4;0.0
74;2021-06-20;147;132;0;345592;193951;0;41.7;23.4;0.0
74;2021-06-21;2176;5009;0;347768;198960;0;42.0;24.0;0.0
74;2021-06-22;2291;4933;0;350059;203893;0;42.3;24.6;0.0
74;2021-06-23;2761;4356;0;352820;208249;0;42.6;25.1;0.0
74;2021-06-24;2623;4123;0;355443;212372;0;42.9;25.6;0.0
74;2021-06-25;2670;6206;0;358113;218578;0;43.2;26.4;0.0
74;2021-06-26;1486;4804;0;359599;223382;0;43.4;27.0;0.0
74;2021-06-27;84;1366;0;359683;224748;0;43.4;27.1;0.0
74;2021-06-28;1726;6542;0;361409;231290;0;43.6;27.9;0.0
74;2021-06-29;2043;6678;0;363452;237968;0;43.9;28.7;0.0
74;2021-06-30;2535;6010;0;365987;243978;0;44.2;29.5;0.0
74;2021-07-01;3044;4852;0;369031;248830;0;44.5;30.0;0.0
74;2021-07-02;2942;6069;0;371973;254899;0;44.9;30.8;0.0
74;2021-07-03;1461;4561;0;373434;259460;0;45.1;31.3;0.0
74;2021-07-04;113;894;0;373547;260354;0;45.1;31.4;0.0
74;2021-07-05;1913;6263;0;375460;266617;0;45.3;32.2;0.0
74;2021-07-06;2383;5911;0;377843;272528;0;45.6;32.9;0.0
74;2021-07-07;2721;4979;0;380564;277507;0;45.9;33.5;0.0
74;2021-07-08;3414;4461;0;383978;281968;0;46.4;34.0;0.0
74;2021-07-09;2541;6352;0;386519;288320;0;46.7;34.8;0.0
74;2021-07-10;1481;4575;0;388000;292895;0;46.8;35.4;0.0
74;2021-07-11;117;225;0;388117;293120;0;46.9;35.4;0.0
74;2021-07-12;1988;7108;0;390105;300228;0;47.1;36.2;0.0
74;2021-07-13;3661;6838;0;393766;307066;0;47.5;37.1;0.0
74;2021-07-14;2006;2133;0;395772;309199;0;47.8;37.3;0.0
74;2021-07-15;3553;6306;0;399325;315505;0;48.2;38.1;0.0
74;2021-07-16;4015;7107;0;403340;322612;0;48.7;38.9;0.0
74;2021-07-17;2705;4793;0;406045;327405;0;49.0;39.5;0.0
74;2021-07-18;279;273;0;406324;327678;0;49.0;39.6;0.0
74;2021-07-19;3990;6612;0;410314;334290;0;49.5;40.4;0.0
74;2021-07-20;5363;5923;0;415677;340213;0;50.2;41.1;0.0
74;2021-07-21;5193;6023;0;420870;346236;0;50.8;41.8;0.0
74;2021-07-22;4459;4820;0;425329;351056;0;51.3;42.4;0.0
74;2021-07-23;5744;6419;0;431073;357475;0;52.0;43.2;0.0
74;2021-07-24;2968;3904;0;434041;361379;0;52.4;43.6;0.0
74;2021-07-25;250;225;0;434291;361604;0;52.4;43.7;0.0
74;2021-07-26;5019;5562;0;439310;367166;0;53.0;44.3;0.0
74;2021-07-27;6099;4647;0;445409;371813;0;53.8;44.9;0.0
74;2021-07-28;6060;4617;0;451469;376430;0;54.5;45.4;0.0
74;2021-07-29;4818;3614;0;456287;380044;0;55.1;45.9;0.0
74;2021-07-30;6188;4997;0;462475;385041;0;55.8;46.5;0.0
74;2021-07-31;4060;2900;0;466535;387941;0;56.3;46.8;0.0
74;2021-08-01;294;201;0;466829;388142;0;56.4;46.9;0.0
74;2021-08-02;5729;3995;0;472558;392137;0;57.0;47.3;0.0
74;2021-08-03;5328;3490;0;477886;395627;0;57.7;47.8;0.0
74;2021-08-04;5630;3162;0;483516;398789;0;58.4;48.1;0.0
74;2021-08-05;4493;3082;0;488009;401871;0;58.9;48.5;0.0
74;2021-08-06;4568;3860;0;492577;405731;0;59.5;49.0;0.0
74;2021-08-07;2943;2638;0;495520;408369;0;59.8;49.3;0.0
74;2021-08-08;202;208;0;495722;408577;0;59.8;49.3;0.0
74;2021-08-09;4302;4232;0;500024;412809;0;60.4;49.8;0.0
74;2021-08-10;4304;4221;0;504328;417030;0;60.9;50.3;0.0
74;2021-08-11;3869;4275;0;508197;421305;0;61.3;50.9;0.0
74;2021-08-12;3166;3368;0;511363;424673;0;61.7;51.3;0.0
74;2021-08-13;3256;4136;0;514619;428809;0;62.1;51.8;0.0
74;2021-08-14;2031;3049;0;516650;431858;0;62.4;52.1;0.0
74;2021-08-15;97;161;0;516747;432019;0;62.4;52.2;0.0
74;2021-08-16;2922;5266;0;519669;437285;0;62.7;52.8;0.0
74;2021-08-17;2681;4915;0;522350;442200;0;63.1;53.4;0.0
74;2021-08-18;2629;4804;0;524979;447004;0;63.4;54.0;0.0
74;2021-08-19;2117;3616;0;527096;450620;0;63.6;54.4;0.0
74;2021-08-20;2348;5084;0;529444;455704;0;63.9;55.0;0.0
74;2021-08-21;1068;3744;0;530512;459448;0;64.0;55.5;0.0
74;2021-08-22;60;191;0;530572;459639;0;64.0;55.5;0.0
74;2021-08-23;1799;5786;0;532371;465425;0;64.3;56.2;0.0
74;2021-08-24;1896;5102;0;534267;470527;0;64.5;56.8;0.0
74;2021-08-25;1755;5378;0;536022;475905;0;64.7;57.4;0.0
74;2021-08-26;1423;3506;0;537445;479411;0;64.9;57.9;0.0
74;2021-08-27;1686;4996;0;539131;484407;0;65.1;58.5;0.0
74;2021-08-28;880;3612;0;540011;488019;0;65.2;58.9;0.0
74;2021-08-29;78;239;0;540089;488258;0;65.2;58.9;0.0
74;2021-08-30;1617;4958;114;541706;493216;114;65.4;59.5;0.0
74;2021-08-31;1503;4474;146;543209;497690;260;65.6;60.1;0.0
74;2021-09-01;1862;3648;257;545071;501338;517;65.8;60.5;0.1
74;2021-09-02;1163;2641;210;546234;503979;727;65.9;60.8;0.1
74;2021-09-03;1457;3505;330;547691;507484;1057;66.1;61.3;0.1
74;2021-09-04;1130;2522;87;548821;510006;1144;66.3;61.6;0.1
74;2021-09-05;53;136;2;548874;510142;1146;66.3;61.6;0.1
74;2021-09-06;1160;2664;342;550034;512806;1488;66.4;61.9;0.2
74;2021-09-07;953;2329;294;550987;515135;1782;66.5;62.2;0.2
74;2021-09-08;1251;2616;301;552238;517751;2083;66.7;62.5;0.3
74;2021-09-09;1135;1845;314;553373;519596;2397;66.8;62.7;0.3
74;2021-09-10;1099;2547;357;554472;522143;2754;66.9;63.0;0.3
74;2021-09-11;709;2032;114;555181;524175;2868;67.0;63.3;0.3
74;2021-09-12;49;93;8;555230;524268;2876;67.0;63.3;0.3
74;2021-09-13;917;1871;610;556147;526139;3486;67.1;63.5;0.4
74;2021-09-14;992;1664;667;557139;527803;4153;67.3;63.7;0.5
74;2021-09-15;1032;2104;485;558171;529907;4638;67.4;64.0;0.6
74;2021-09-16;735;1016;374;558906;530923;5012;67.5;64.1;0.6
74;2021-09-17;807;1652;474;559713;532575;5486;67.6;64.3;0.7
74;2021-09-18;543;1449;121;560256;534024;5607;67.6;64.5;0.7
74;2021-09-19;11;54;21;560267;534078;5628;67.6;64.5;0.7
74;2021-09-20;728;1543;584;560995;535621;6212;67.7;64.7;0.7
74;2021-09-21;579;1139;459;561574;536760;6671;67.8;64.8;0.8
74;2021-09-22;577;1757;439;562151;538517;7110;67.9;65.0;0.9
74;2021-09-23;601;924;418;562752;539441;7528;67.9;65.1;0.9
74;2021-09-24;657;1631;502;563409;541072;8030;68.0;65.3;1.0
74;2021-09-25;426;1379;130;563835;542451;8160;68.1;65.5;1.0
74;2021-09-26;9;26;0;563844;542477;8160;68.1;65.5;1.0
74;2021-09-27;520;1172;478;564364;543649;8638;68.1;65.6;1.0
74;2021-09-28;370;821;575;564734;544470;9213;68.2;65.7;1.1
74;2021-09-29;507;1333;462;565241;545803;9675;68.2;65.9;1.2
74;2021-09-30;391;1022;431;565632;546825;10106;68.3;66.0;1.2
74;2021-10-01;734;1096;406;566366;547921;10512;68.4;66.1;1.3
74;2021-10-02;420;719;113;566786;548640;10625;68.4;66.2;1.3
74;2021-10-03;9;25;5;566795;548665;10630;68.4;66.2;1.3
74;2021-10-04;577;959;623;567372;549624;11253;68.5;66.3;1.4
74;2021-10-05;356;805;604;567728;550429;11857;68.5;66.4;1.4
74;2021-10-06;427;986;455;568155;551415;12312;68.6;66.6;1.5
74;2021-10-07;270;647;444;568425;552062;12756;68.6;66.6;1.5
74;2021-10-08;616;1127;709;569041;553189;13465;68.7;66.8;1.6
74;2021-10-09;396;732;184;569437;553921;13649;68.7;66.9;1.6
74;2021-10-10;6;25;3;569443;553946;13652;68.7;66.9;1.6
74;2021-10-11;379;807;801;569822;554753;14453;68.8;67.0;1.7
74;2021-10-12;358;653;919;570180;555406;15372;68.8;67.0;1.9
74;2021-10-13;404;793;668;570584;556199;16040;68.9;67.1;1.9
74;2021-10-14;301;543;571;570885;556742;16611;68.9;67.2;2.0
74;2021-10-15;555;905;997;571440;557647;17608;69.0;67.3;2.1
74;2021-10-16;279;534;283;571719;558181;17891;69.0;67.4;2.2
74;2021-10-17;6;28;3;571725;558209;17894;69.0;67.4;2.2
74;2021-10-18;361;648;741;572086;558857;18635;69.1;67.5;2.2
74;2021-10-19;168;516;1084;572254;559373;19719;69.1;67.5;2.4
74;2021-10-20;235;586;1074;572489;559959;20793;69.1;67.6;2.5
74;2021-10-21;105;286;596;572594;560245;21389;69.1;67.6;2.6
74;2021-10-22;265;632;1183;572859;560877;22572;69.2;67.7;2.7
74;2021-10-23;144;372;279;573003;561249;22851;69.2;67.8;2.8
74;2021-10-24;7;19;3;573010;561268;22854;69.2;67.8;2.8
74;2021-10-25;193;418;1061;573203;561686;23915;69.2;67.8;2.9
74;2021-10-26;185;370;1544;573388;562056;25459;69.2;67.8;3.1
74;2021-10-27;212;478;1324;573600;562534;26783;69.2;67.9;3.2
74;2021-10-28;86;221;701;573686;562755;27484;69.3;67.9;3.3
74;2021-10-29;211;508;1415;573897;563263;28899;69.3;68.0;3.5
74;2021-10-30;103;323;505;574000;563586;29404;69.3;68.0;3.5
74;2021-10-31;2;7;0;574002;563593;29404;69.3;68.0;3.5
74;2021-11-01;47;49;37;574049;563642;29441;69.3;68.0;3.6
74;2021-11-02;204;443;1358;574253;564085;30799;69.3;68.1;3.7
74;2021-11-03;181;371;1510;574434;564456;32309;69.3;68.1;3.9
74;2021-11-04;99;248;956;574533;564704;33265;69.4;68.2;4.0
74;2021-11-05;221;422;1763;574754;565126;35028;69.4;68.2;4.2
74;2021-11-06;101;252;513;574855;565378;35541;69.4;68.2;4.3
74;2021-11-07;3;22;3;574858;565400;35544;69.4;68.3;4.3
74;2021-11-08;135;402;1973;574993;565802;37517;69.4;68.3;4.5
74;2021-11-09;156;254;2075;575149;566056;39592;69.4;68.3;4.8
74;2021-11-10;228;382;2502;575377;566438;42094;69.5;68.4;5.1
74;2021-11-11;6;32;25;575383;566470;42119;69.5;68.4;5.1
74;2021-11-12;186;333;2137;575569;566803;44256;69.5;68.4;5.3
74;2021-11-13;143;173;752;575712;566976;45008;69.5;68.4;5.4
74;2021-11-14;3;13;16;575715;566989;45024;69.5;68.4;5.4
74;2021-11-15;118;236;2193;575833;567225;47217;69.5;68.5;5.7
74;2021-11-16;143;206;2654;575976;567431;49871;69.5;68.5;6.0
74;2021-11-17;246;352;2630;576222;567783;52501;69.6;68.5;6.3
74;2021-11-18;94;149;1689;576316;567932;54190;69.6;68.6;6.5
74;2021-11-19;210;315;3114;576526;568247;57304;69.6;68.6;6.9
74;2021-11-20;222;193;970;576748;568440;58274;69.6;68.6;7.0
74;2021-11-21;14;16;33;576762;568456;58307;69.6;68.6;7.0
74;2021-11-22;172;167;2489;576934;568623;60796;69.6;68.6;7.3
74;2021-11-23;196;203;2686;577130;568826;63482;69.7;68.7;7.7
74;2021-11-24;247;299;2618;577377;569125;66100;69.7;68.7;8.0
74;2021-11-25;138;141;2176;577515;569266;68276;69.7;68.7;8.2
74;2021-11-26;250;330;4297;577765;569596;72573;69.7;68.8;8.8
74;2021-11-27;173;219;1920;577938;569815;74493;69.8;68.8;9.0
74;2021-11-28;5;16;84;577943;569831;74577;69.8;68.8;9.0
74;2021-11-29;130;187;3644;578073;570018;78221;69.8;68.8;9.4
74;2021-11-30;170;264;4804;578243;570282;83025;69.8;68.8;10.0
74;2021-12-01;185;256;4838;578428;570538;87863;69.8;68.9;10.6
74;2021-12-02;152;155;4689;578580;570693;92552;69.8;68.9;11.2
74;2021-12-03;189;250;6077;578769;570943;98629;69.9;68.9;11.9
74;2021-12-04;121;196;2792;578890;571139;101421;69.9;68.9;12.2
74;2021-12-05;5;21;265;578895;571160;101686;69.9;68.9;12.3
74;2021-12-06;188;205;5588;579083;571365;107274;69.9;69.0;12.9
74;2021-12-07;189;245;6984;579272;571610;114258;69.9;69.0;13.8
74;2021-12-08;202;294;5790;579474;571904;120048;70.0;69.0;14.5
74;2021-12-09;172;214;6778;579646;572118;126826;70.0;69.1;15.3
74;2021-12-10;150;251;6172;579796;572369;132998;70.0;69.1;16.1
74;2021-12-11;122;229;3850;579918;572598;136848;70.0;69.1;16.5
74;2021-12-12;13;38;371;579931;572636;137219;70.0;69.1;16.6
74;2021-12-13;143;240;6991;580074;572876;144210;70.0;69.2;17.4
74;2021-12-14;229;289;9072;580303;573165;153282;70.1;69.2;18.5
74;2021-12-15;237;363;7824;580540;573528;161106;70.1;69.2;19.4
74;2021-12-16;209;268;8181;580749;573796;169287;70.1;69.3;20.4
74;2021-12-17;198;364;8213;580947;574160;177500;70.1;69.3;21.4
74;2021-12-18;147;230;4632;581094;574390;182132;70.1;69.3;22.0
74;2021-12-19;18;38;661;581112;574428;182793;70.1;69.3;22.1
74;2021-12-20;262;286;7163;581374;574714;189956;70.2;69.4;22.9
74;2021-12-21;279;287;7838;581653;575001;197794;70.2;69.4;23.9
74;2021-12-22;251;244;6357;581904;575245;204151;70.2;69.4;24.6
75;2020-12-27;28;0;0;28;0;0;0.0;0.0;0.0
75;2020-12-28;27;0;0;55;0;0;0.0;0.0;0.0
75;2020-12-29;23;1;0;78;1;0;0.0;0.0;0.0
75;2020-12-30;67;0;0;145;1;0;0.0;0.0;0.0
75;2020-12-31;46;0;0;191;1;0;0.0;0.0;0.0
75;2021-01-01;43;2;0;234;3;0;0.0;0.0;0.0
75;2021-01-02;40;1;0;274;4;0;0.0;0.0;0.0
75;2021-01-03;71;3;0;345;7;0;0.0;0.0;0.0
75;2021-01-04;231;4;0;576;11;0;0.0;0.0;0.0
75;2021-01-05;658;7;0;1234;18;0;0.1;0.0;0.0
75;2021-01-06;995;3;0;2229;21;0;0.1;0.0;0.0
75;2021-01-07;1483;10;0;3712;31;0;0.2;0.0;0.0
75;2021-01-08;2219;19;0;5931;50;0;0.3;0.0;0.0
75;2021-01-09;788;5;0;6719;55;0;0.3;0.0;0.0
75;2021-01-10;783;2;0;7502;57;0;0.3;0.0;0.0
75;2021-01-11;2183;30;0;9685;87;0;0.5;0.0;0.0
75;2021-01-12;2548;48;0;12233;135;0;0.6;0.0;0.0
75;2021-01-13;2707;43;0;14940;178;0;0.7;0.0;0.0
75;2021-01-14;2765;50;0;17705;228;0;0.8;0.0;0.0
75;2021-01-15;2492;34;0;20197;262;0;0.9;0.0;0.0
75;2021-01-16;890;16;0;21087;278;0;1.0;0.0;0.0
75;2021-01-17;505;10;0;21592;288;0;1.0;0.0;0.0
75;2021-01-18;3050;52;0;24642;340;0;1.1;0.0;0.0
75;2021-01-19;3995;54;0;28637;394;0;1.3;0.0;0.0
75;2021-01-20;4432;49;0;33069;443;0;1.5;0.0;0.0
75;2021-01-21;5220;62;0;38289;505;0;1.8;0.0;0.0
75;2021-01-22;4428;68;0;42717;573;0;2.0;0.0;0.0
75;2021-01-23;1686;12;0;44403;585;0;2.1;0.0;0.0
75;2021-01-24;604;5;0;45007;590;0;2.1;0.0;0.0
75;2021-01-25;1879;26;0;46886;616;0;2.2;0.0;0.0
75;2021-01-26;2752;78;0;49638;694;0;2.3;0.0;0.0
75;2021-01-27;3613;183;0;53251;877;0;2.5;0.0;0.0
75;2021-01-28;4932;277;0;58183;1154;0;2.7;0.1;0.0
75;2021-01-29;3777;290;0;61960;1444;0;2.9;0.1;0.0
75;2021-01-30;1328;48;0;63288;1492;0;2.9;0.1;0.0
75;2021-01-31;197;7;0;63485;1499;0;3.0;0.1;0.0
75;2021-02-01;1787;387;0;65272;1886;0;3.0;0.1;0.0
75;2021-02-02;2213;603;0;67485;2489;0;3.1;0.1;0.0
75;2021-02-03;2110;731;0;69595;3220;0;3.2;0.1;0.0
75;2021-02-04;2328;1022;0;71923;4242;0;3.3;0.2;0.0
75;2021-02-05;2279;859;0;74202;5101;0;3.5;0.2;0.0
75;2021-02-06;1093;154;0;75295;5255;0;3.5;0.2;0.0
75;2021-02-07;176;66;0;75471;5321;0;3.5;0.2;0.0
75;2021-02-08;1347;1282;0;76818;6603;0;3.6;0.3;0.0
75;2021-02-09;1945;1923;0;78763;8526;0;3.7;0.4;0.0
75;2021-02-10;2380;2227;0;81143;10753;0;3.8;0.5;0.0
75;2021-02-11;2797;5022;0;83940;15775;0;3.9;0.7;0.0
75;2021-02-12;3045;2267;0;86985;18042;0;4.0;0.8;0.0
75;2021-02-13;797;897;0;87782;18939;0;4.1;0.9;0.0
75;2021-02-14;145;110;0;87927;19049;0;4.1;0.9;0.0
75;2021-02-15;995;2668;0;88922;21717;0;4.1;1.0;0.0
75;2021-02-16;1281;5723;0;90203;27440;0;4.2;1.3;0.0
75;2021-02-17;1198;3639;0;91401;31079;0;4.3;1.4;0.0
75;2021-02-18;1694;5693;0;93095;36772;0;4.3;1.7;0.0
75;2021-02-19;1989;3921;0;95084;40693;0;4.4;1.9;0.0
75;2021-02-20;466;1440;0;95550;42133;0;4.4;2.0;0.0
75;2021-02-21;168;193;0;95718;42326;0;4.5;2.0;0.0
75;2021-02-22;1052;2337;0;96770;44663;0;4.5;2.1;0.0
75;2021-02-23;1267;2782;0;98037;47445;0;4.6;2.2;0.0
75;2021-02-24;1451;2525;0;99488;49970;0;4.6;2.3;0.0
75;2021-02-25;2282;4367;0;101770;54337;0;4.7;2.5;0.0
75;2021-02-26;2776;2516;0;104546;56853;0;4.9;2.6;0.0
75;2021-02-27;1269;930;0;105815;57783;0;4.9;2.7;0.0
75;2021-02-28;301;171;0;106116;57954;0;4.9;2.7;0.0
75;2021-03-01;2208;1898;0;108324;59852;0;5.0;2.8;0.0
75;2021-03-02;3567;2460;0;111891;62312;0;5.2;2.9;0.0
75;2021-03-03;4580;2553;0;116471;64865;0;5.4;3.0;0.0
75;2021-03-04;6482;2699;0;122953;67564;0;5.7;3.1;0.0
75;2021-03-05;8279;2762;0;131232;70326;0;6.1;3.3;0.0
75;2021-03-06;9941;1127;0;141173;71453;0;6.6;3.3;0.0
75;2021-03-07;8340;1015;0;149513;72468;0;7.0;3.4;0.0
75;2021-03-08;4617;1778;0;154130;74246;0;7.2;3.5;0.0
75;2021-03-09;6276;2212;0;160406;76458;0;7.5;3.6;0.0
75;2021-03-10;6013;2263;0;166419;78721;0;7.7;3.7;0.0
75;2021-03-11;8337;2482;0;174756;81203;0;8.1;3.8;0.0
75;2021-03-12;10123;2547;0;184879;83750;0;8.6;3.9;0.0
75;2021-03-13;7779;817;0;192658;84567;0;9.0;3.9;0.0
75;2021-03-14;3440;270;0;196098;84837;0;9.1;3.9;0.0
75;2021-03-15;6532;1099;0;202630;85936;0;9.4;4.0;0.0
75;2021-03-16;4803;836;0;207433;86772;0;9.7;4.0;0.0
75;2021-03-17;4973;944;0;212406;87716;0;9.9;4.1;0.0
75;2021-03-18;6047;1001;0;218453;88717;0;10.2;4.1;0.0
75;2021-03-19;8680;1139;0;227133;89856;0;10.6;4.2;0.0
75;2021-03-20;5470;547;0;232603;90403;0;10.8;4.2;0.0
75;2021-03-21;1490;435;0;234093;90838;0;10.9;4.2;0.0
75;2021-03-22;7599;1184;0;241692;92022;0;11.3;4.3;0.0
75;2021-03-23;9644;1333;0;251336;93355;0;11.7;4.3;0.0
75;2021-03-24;9488;1308;0;260824;94663;0;12.1;4.4;0.0
75;2021-03-25;12225;1515;0;273049;96178;0;12.7;4.5;0.0
75;2021-03-26;12165;1650;0;285214;97828;0;13.3;4.6;0.0
75;2021-03-27;6560;738;0;291774;98566;0;13.6;4.6;0.0
75;2021-03-28;1674;157;0;293448;98723;0;13.7;4.6;0.0
75;2021-03-29;6715;2099;0;300163;100822;0;14.0;4.7;0.0
75;2021-03-30;9224;2998;0;309387;103820;0;14.4;4.8;0.0
75;2021-03-31;7929;3478;0;317316;107298;0;14.8;5.0;0.0
75;2021-04-01;8684;4839;0;326000;112137;0;15.2;5.2;0.0
75;2021-04-02;7369;5292;0;333369;117429;0;15.5;5.5;0.0
75;2021-04-03;3547;4789;0;336916;122218;0;15.7;5.7;0.0
75;2021-04-04;1139;1499;0;338055;123717;0;15.7;5.8;0.0
75;2021-04-05;1969;1141;0;340024;124858;0;15.8;5.8;0.0
75;2021-04-06;6071;4320;0;346095;129178;0;16.1;6.0;0.0
75;2021-04-07;7352;4187;0;353447;133365;0;16.5;6.2;0.0
75;2021-04-08;9843;4088;0;363290;137453;0;16.9;6.4;0.0
75;2021-04-09;10870;4568;0;374160;142021;0;17.4;6.6;0.0
75;2021-04-10;5606;3869;0;379766;145890;0;17.7;6.8;0.0
75;2021-04-11;1600;1535;0;381366;147425;0;17.8;6.9;0.0
75;2021-04-12;6835;3963;0;388201;151388;0;18.1;7.0;0.0
75;2021-04-13;7669;6112;0;395870;157500;0;18.4;7.3;0.0
75;2021-04-14;7312;5060;0;403182;162560;0;18.8;7.6;0.0
75;2021-04-15;8019;5717;0;411201;168277;0;19.1;7.8;0.0
75;2021-04-16;8442;5732;0;419643;174009;0;19.5;8.1;0.0
75;2021-04-17;4572;3428;0;424215;177437;0;19.7;8.3;0.0
75;2021-04-18;1343;949;0;425558;178386;0;19.8;8.3;0.0
75;2021-04-19;5422;4848;0;430980;183234;0;20.1;8.5;0.0
75;2021-04-20;6268;5517;0;437248;188751;0;20.4;8.8;0.0
75;2021-04-21;6408;5346;0;443656;194097;0;20.7;9.0;0.0
75;2021-04-22;7340;5850;0;450996;199947;0;21.0;9.3;0.0
75;2021-04-23;8010;6138;0;459006;206085;0;21.4;9.6;0.0
75;2021-04-24;6269;3605;0;465275;209690;0;21.7;9.8;0.0
75;2021-04-25;2615;1009;0;467890;210699;0;21.8;9.8;0.0
75;2021-04-26;6543;4876;0;474433;215575;0;22.1;10.0;0.0
75;2021-04-27;9268;6048;0;483701;221623;0;22.5;10.3;0.0
75;2021-04-28;10524;5719;0;494225;227342;0;23.0;10.6;0.0
75;2021-04-29;12213;5870;0;506438;233212;0;23.6;10.9;0.0
75;2021-04-30;12589;5851;0;519027;239063;0;24.2;11.1;0.0
75;2021-05-01;4856;1339;0;523883;240402;0;24.4;11.2;0.0
75;2021-05-02;2344;925;0;526227;241327;0;24.5;11.2;0.0
75;2021-05-03;10151;9370;0;536378;250697;0;25.0;11.7;0.0
75;2021-05-04;10848;7209;0;547226;257906;0;25.5;12.0;0.0
75;2021-05-05;12268;6554;0;559494;264460;0;26.0;12.3;0.0
75;2021-05-06;13257;7669;0;572751;272129;0;26.7;12.7;0.0
75;2021-05-07;12617;8334;0;585368;280463;0;27.2;13.1;0.0
75;2021-05-08;10025;3683;0;595393;284146;0;27.7;13.2;0.0
75;2021-05-09;5042;2338;0;600435;286484;0;27.9;13.3;0.0
75;2021-05-10;12982;6444;0;613417;292928;0;28.6;13.6;0.0
75;2021-05-11;16141;7984;0;629558;300912;0;29.3;14.0;0.0
75;2021-05-12;18013;7306;0;647571;308218;0;30.1;14.3;0.0
75;2021-05-13;15282;2591;0;662853;310809;0;30.9;14.5;0.0
75;2021-05-14;18909;5283;0;681762;316092;0;31.7;14.7;0.0
75;2021-05-15;14307;3019;0;696069;319111;0;32.4;14.9;0.0
75;2021-05-16;6276;985;0;702345;320096;0;32.7;14.9;0.0
75;2021-05-17;17424;4544;0;719769;324640;0;33.5;15.1;0.0
75;2021-05-18;20809;5133;0;740578;329773;0;34.5;15.4;0.0
75;2021-05-19;20646;7550;0;761224;337323;0;35.4;15.7;0.0
75;2021-05-20;22180;7020;0;783404;344343;0;36.5;16.0;0.0
75;2021-05-21;21186;6114;0;804590;350457;0;37.5;16.3;0.0
75;2021-05-22;16449;3233;0;821039;353690;0;38.2;16.5;0.0
75;2021-05-23;7268;1309;0;828307;354999;0;38.6;16.5;0.0
75;2021-05-24;15228;2583;0;843535;357582;0;39.3;16.6;0.0
75;2021-05-25;18504;8020;0;862039;365602;0;40.1;17.0;0.0
75;2021-05-26;18120;7220;0;880159;372822;0;41.0;17.4;0.0
75;2021-05-27;19455;8527;0;899614;381349;0;41.9;17.8;0.0
75;2021-05-28;18594;9755;0;918208;391104;0;42.7;18.2;0.0
75;2021-05-29;15341;5554;0;933549;396658;0;43.5;18.5;0.0
75;2021-05-30;7836;2019;0;941385;398677;0;43.8;18.6;0.0
75;2021-05-31;17659;8959;0;959044;407636;0;44.6;19.0;0.0
75;2021-06-01;18501;11240;0;977545;418876;0;45.5;19.5;0.0
75;2021-06-02;17746;9540;0;995291;428416;0;46.3;19.9;0.0
75;2021-06-03;19266;11116;0;1014557;439532;0;47.2;20.5;0.0
75;2021-06-04;17705;12292;0;1032262;451824;0;48.1;21.0;0.0
75;2021-06-05;12158;9616;0;1044420;461440;0;48.6;21.5;0.0
75;2021-06-06;8071;3129;0;1052491;464569;0;49.0;21.6;0.0
75;2021-06-07;14189;11405;0;1066680;475974;0;49.7;22.2;0.0
75;2021-06-08;14873;13577;0;1081553;489551;0;50.3;22.8;0.0
75;2021-06-09;15416;13828;0;1096969;503379;0;51.1;23.4;0.0
75;2021-06-10;16571;18945;0;1113540;522324;0;51.8;24.3;0.0
75;2021-06-11;13272;15316;0;1126812;537640;0;52.5;25.0;0.0
75;2021-06-12;11877;9488;0;1138689;547128;0;53.0;25.5;0.0
75;2021-06-13;6388;3907;0;1145077;551035;0;53.3;25.7;0.0
75;2021-06-14;10349;15189;0;1155426;566224;0;53.8;26.4;0.0
75;2021-06-15;11214;17621;0;1166640;583845;0;54.3;27.2;0.0
75;2021-06-16;10861;16156;0;1177501;600001;0;54.8;27.9;0.0
75;2021-06-17;10823;16800;0;1188324;616801;0;55.3;28.7;0.0
75;2021-06-18;9209;20727;0;1197533;637528;0;55.7;29.7;0.0
75;2021-06-19;6786;12471;0;1204319;649999;0;56.1;30.3;0.0
75;2021-06-20;2805;6293;0;1207124;656292;0;56.2;30.5;0.0
75;2021-06-21;7005;16763;0;1214129;673055;0;56.5;31.3;0.0
75;2021-06-22;7271;21456;0;1221400;694511;0;56.9;32.3;0.0
75;2021-06-23;7974;20387;0;1229374;714898;0;57.2;33.3;0.0
75;2021-06-24;8771;20390;0;1238145;735288;0;57.6;34.2;0.0
75;2021-06-25;7485;23414;0;1245630;758702;0;58.0;35.3;0.0
75;2021-06-26;6259;16417;0;1251889;775119;0;58.3;36.1;0.0
75;2021-06-27;2285;7484;0;1254174;782603;0;58.4;36.4;0.0
75;2021-06-28;6445;20402;0;1260619;803005;0;58.7;37.4;0.0
75;2021-06-29;7135;23236;0;1267754;826241;0;59.0;38.5;0.0
75;2021-06-30;7325;22164;0;1275079;848405;0;59.4;39.5;0.0
75;2021-07-01;8639;21883;0;1283718;870288;0;59.8;40.5;0.0
75;2021-07-02;7997;22684;0;1291715;892972;0;60.1;41.6;0.0
75;2021-07-03;5755;18442;0;1297470;911414;0;60.4;42.4;0.0
75;2021-07-04;2630;9029;0;1300100;920443;0;60.5;42.8;0.0
75;2021-07-05;6712;20013;0;1306812;940456;0;60.8;43.8;0.0
75;2021-07-06;7428;21828;1;1314240;962284;1;61.2;44.8;0.0
75;2021-07-07;7224;21202;0;1321464;983486;1;61.5;45.8;0.0
75;2021-07-08;7926;20959;0;1329390;1004445;1;61.9;46.8;0.0
75;2021-07-09;7862;21517;0;1337252;1025962;1;62.2;47.8;0.0
75;2021-07-10;5759;16584;0;1343011;1042546;1;62.5;48.5;0.0
75;2021-07-11;2945;8103;0;1345956;1050649;1;62.7;48.9;0.0
75;2021-07-12;6916;20862;0;1352872;1071511;1;63.0;49.9;0.0
75;2021-07-13;10140;21971;0;1363012;1093482;1;63.4;50.9;0.0
75;2021-07-14;6423;8660;0;1369435;1102142;1;63.7;51.3;0.0
75;2021-07-15;10718;22221;0;1380153;1124363;1;64.2;52.3;0.0
75;2021-07-16;11114;19433;0;1391267;1143796;1;64.8;53.2;0.0
75;2021-07-17;7952;14503;0;1399219;1158299;1;65.1;53.9;0.0
75;2021-07-18;4031;6517;0;1403250;1164816;1;65.3;54.2;0.0
75;2021-07-19;9526;18614;0;1412776;1183430;1;65.8;55.1;0.0
75;2021-07-20;11112;19224;0;1423888;1202654;1;66.3;56.0;0.0
75;2021-07-21;10796;17459;0;1434684;1220113;1;66.8;56.8;0.0
75;2021-07-22;11691;16683;0;1446375;1236796;1;67.3;57.6;0.0
75;2021-07-23;11641;15697;0;1458016;1252493;1;67.9;58.3;0.0
75;2021-07-24;7573;11199;0;1465589;1263692;1;68.2;58.8;0.0
75;2021-07-25;3430;4023;0;1469019;1267715;1;68.4;59.0;0.0
75;2021-07-26;10393;13538;1;1479412;1281253;2;68.9;59.6;0.0
75;2021-07-27;12384;12916;0;1491796;1294169;2;69.4;60.2;0.0
75;2021-07-28;11872;11931;0;1503668;1306100;2;70.0;60.8;0.0
75;2021-07-29;11844;11827;0;1515512;1317927;2;70.5;61.3;0.0
75;2021-07-30;11273;11402;0;1526785;1329329;2;71.1;61.9;0.0
75;2021-07-31;6625;7570;0;1533410;1336899;2;71.4;62.2;0.0
75;2021-08-01;2772;2463;0;1536182;1339362;2;71.5;62.3;0.0
75;2021-08-02;7982;9415;0;1544164;1348777;2;71.9;62.8;0.0
75;2021-08-03;8056;8835;0;1552220;1357612;2;72.3;63.2;0.0
75;2021-08-04;7308;7643;0;1559528;1365255;2;72.6;63.6;0.0
75;2021-08-05;6543;7723;0;1566071;1372978;2;72.9;63.9;0.0
75;2021-08-06;6361;8096;0;1572432;1381074;2;73.2;64.3;0.0
75;2021-08-07;3963;5357;0;1576395;1386431;2;73.4;64.5;0.0
75;2021-08-08;1339;2260;0;1577734;1388691;2;73.4;64.6;0.0
75;2021-08-09;5749;8551;0;1583483;1397242;2;73.7;65.0;0.0
75;2021-08-10;6175;8755;0;1589658;1405997;2;74.0;65.4;0.0
75;2021-08-11;5347;7811;0;1595005;1413808;2;74.2;65.8;0.0
75;2021-08-12;4769;8053;0;1599774;1421861;2;74.5;66.2;0.0
75;2021-08-13;4342;6976;0;1604116;1428837;2;74.7;66.5;0.0
75;2021-08-14;2675;5187;0;1606791;1434024;2;74.8;66.8;0.0
75;2021-08-15;666;1216;0;1607457;1435240;2;74.8;66.8;0.0
75;2021-08-16;4246;9805;0;1611703;1445045;2;75.0;67.3;0.0
75;2021-08-17;3957;9557;0;1615660;1454602;2;75.2;67.7;0.0
75;2021-08-18;3513;8699;0;1619173;1463301;2;75.4;68.1;0.0
75;2021-08-19;3476;8736;0;1622649;1472037;2;75.5;68.5;0.0
75;2021-08-20;3169;8467;0;1625818;1480504;2;75.7;68.9;0.0
75;2021-08-21;2158;6210;0;1627976;1486714;2;75.8;69.2;0.0
75;2021-08-22;632;2315;0;1628608;1489029;2;75.8;69.3;0.0
75;2021-08-23;3283;10165;0;1631891;1499194;2;76.0;69.8;0.0
75;2021-08-24;3343;9701;0;1635234;1508895;2;76.1;70.2;0.0
75;2021-08-25;3106;8489;0;1638340;1517384;2;76.3;70.6;0.0
75;2021-08-26;2819;7423;4;1641159;1524807;6;76.4;71.0;0.0
75;2021-08-27;3216;8599;2;1644375;1533406;8;76.5;71.4;0.0
75;2021-08-28;2260;5930;0;1646635;1539336;8;76.6;71.7;0.0
75;2021-08-29;617;1540;0;1647252;1540876;8;76.7;71.7;0.0
75;2021-08-30;3259;9466;558;1650511;1550342;566;76.8;72.2;0.0
75;2021-08-31;3120;8538;1040;1653631;1558880;1606;77.0;72.6;0.1
75;2021-09-01;3384;6864;1766;1657015;1565744;3372;77.1;72.9;0.2
75;2021-09-02;2537;5165;1947;1659552;1570909;5319;77.3;73.1;0.2
75;2021-09-03;2618;5886;1942;1662170;1576795;7261;77.4;73.4;0.3
75;2021-09-04;2766;5534;1050;1664936;1582329;8311;77.5;73.7;0.4
75;2021-09-05;468;919;396;1665404;1583248;8707;77.5;73.7;0.4
75;2021-09-06;1753;4036;1707;1667157;1587284;10414;77.6;73.9;0.5
75;2021-09-07;1582;3562;1602;1668739;1590846;12016;77.7;74.1;0.6
75;2021-09-08;1870;3967;1521;1670609;1594813;13537;77.8;74.2;0.6
75;2021-09-09;1665;3212;1719;1672274;1598025;15256;77.8;74.4;0.7
75;2021-09-10;1972;3772;2039;1674246;1601797;17295;77.9;74.6;0.8
75;2021-09-11;1666;4037;825;1675912;1605834;18120;78.0;74.8;0.8
75;2021-09-12;312;630;178;1676224;1606464;18298;78.0;74.8;0.9
75;2021-09-13;1650;2904;1869;1677874;1609368;20167;78.1;74.9;0.9
75;2021-09-14;1530;2551;1970;1679404;1611919;22137;78.2;75.0;1.0
75;2021-09-15;1754;3095;1836;1681158;1615014;23973;78.3;75.2;1.1
75;2021-09-16;1376;2242;1787;1682534;1617256;25760;78.3;75.3;1.2
75;2021-09-17;1843;3260;2209;1684377;1620516;27969;78.4;75.4;1.3
75;2021-09-18;1163;3456;714;1685540;1623972;28683;78.5;75.6;1.3
75;2021-09-19;216;539;117;1685756;1624511;28800;78.5;75.6;1.3
75;2021-09-20;1286;2425;1851;1687042;1626936;30651;78.5;75.7;1.4
75;2021-09-21;1155;2073;1671;1688197;1629009;32322;78.6;75.8;1.5
75;2021-09-22;1253;2968;1703;1689450;1631977;34025;78.6;76.0;1.6
75;2021-09-23;993;1787;1839;1690443;1633764;35864;78.7;76.1;1.7
75;2021-09-24;1261;2805;2045;1691704;1636569;37909;78.7;76.2;1.8
75;2021-09-25;908;3210;625;1692612;1639779;38534;78.8;76.3;1.8
75;2021-09-26;188;411;120;1692800;1640190;38654;78.8;76.3;1.8
75;2021-09-27;958;2001;1610;1693758;1642191;40264;78.8;76.4;1.9
75;2021-09-28;1021;1604;1683;1694779;1643795;41947;78.9;76.5;2.0
75;2021-09-29;1053;2090;1772;1695832;1645885;43719;78.9;76.6;2.0
75;2021-09-30;903;1746;1947;1696735;1647631;45666;79.0;76.7;2.1
75;2021-10-01;1663;1949;2193;1698398;1649580;47859;79.1;76.8;2.2
75;2021-10-02;1132;2027;897;1699530;1651607;48756;79.1;76.9;2.3
75;2021-10-03;158;283;120;1699688;1651890;48876;79.1;76.9;2.3
75;2021-10-04;1115;1632;2754;1700803;1653522;51630;79.2;77.0;2.4
75;2021-10-05;893;1426;2626;1701696;1654948;54256;79.2;77.0;2.5
75;2021-10-06;1033;1759;2524;1702729;1656707;56780;79.3;77.1;2.6
75;2021-10-07;842;1324;2456;1703571;1658031;59236;79.3;77.2;2.8
75;2021-10-08;1208;2116;3274;1704779;1660147;62510;79.4;77.3;2.9
75;2021-10-09;966;1538;1383;1705745;1661685;63893;79.4;77.3;3.0
75;2021-10-10;183;304;164;1705928;1661989;64057;79.4;77.4;3.0
75;2021-10-11;954;1401;2591;1706882;1663390;66648;79.5;77.4;3.1
75;2021-10-12;893;1400;2870;1707775;1664790;69518;79.5;77.5;3.2
75;2021-10-13;1007;1559;2790;1708782;1666349;72308;79.5;77.6;3.4
75;2021-10-14;840;1287;2844;1709622;1667636;75152;79.6;77.6;3.5
75;2021-10-15;1137;1617;3529;1710759;1669253;78681;79.6;77.7;3.7
75;2021-10-16;971;1367;1466;1711730;1670620;80147;79.7;77.8;3.7
75;2021-10-17;165;233;245;1711895;1670853;80392;79.7;77.8;3.7
75;2021-10-18;830;1178;2946;1712725;1672031;83338;79.7;77.8;3.9
75;2021-10-19;756;1172;3504;1713481;1673203;86842;79.8;77.9;4.0
75;2021-10-20;852;1255;3473;1714333;1674458;90315;79.8;77.9;4.2
75;2021-10-21;614;1116;3053;1714947;1675574;93368;79.8;78.0;4.3
75;2021-10-22;914;1386;3866;1715861;1676960;97234;79.9;78.1;4.5
75;2021-10-23;727;1111;1886;1716588;1678071;99120;79.9;78.1;4.6
75;2021-10-24;110;148;179;1716698;1678219;99299;79.9;78.1;4.6
75;2021-10-25;670;1030;3471;1717368;1679249;102770;79.9;78.2;4.8
75;2021-10-26;667;954;3811;1718035;1680203;106581;80.0;78.2;5.0
75;2021-10-27;646;984;3867;1718681;1681187;110448;80.0;78.3;5.1
75;2021-10-28;591;861;3607;1719272;1682048;114055;80.0;78.3;5.3
75;2021-10-29;680;1052;4219;1719952;1683100;118274;80.1;78.3;5.5
75;2021-10-30;527;806;2022;1720479;1683906;120296;80.1;78.4;5.6
75;2021-10-31;77;137;217;1720556;1684043;120513;80.1;78.4;5.6
75;2021-11-01;201;148;236;1720757;1684191;120749;80.1;78.4;5.6
75;2021-11-02;715;1036;3269;1721472;1685227;124018;80.1;78.4;5.8
75;2021-11-03;607;968;3515;1722079;1686195;127533;80.2;78.5;5.9
75;2021-11-04;543;839;3429;1722622;1687034;130962;80.2;78.5;6.1
75;2021-11-05;639;1011;4360;1723261;1688045;135322;80.2;78.6;6.3
75;2021-11-06;536;854;2116;1723797;1688899;137438;80.2;78.6;6.4
75;2021-11-07;102;159;299;1723899;1689058;137737;80.2;78.6;6.4
75;2021-11-08;489;829;4553;1724388;1689887;142290;80.3;78.7;6.6
75;2021-11-09;566;887;5425;1724954;1690774;147715;80.3;78.7;6.9
75;2021-11-10;729;1118;6100;1725683;1691892;153815;80.3;78.8;7.2
75;2021-11-11;202;317;1108;1725885;1692209;154923;80.3;78.8;7.2
75;2021-11-12;611;986;6279;1726496;1693195;161202;80.4;78.8;7.5
75;2021-11-13;549;809;3026;1727045;1694004;164228;80.4;78.9;7.6
75;2021-11-14;98;151;447;1727143;1694155;164675;80.4;78.9;7.7
75;2021-11-15;505;848;5790;1727648;1695003;170465;80.4;78.9;7.9
75;2021-11-16;578;826;6309;1728226;1695829;176774;80.4;78.9;8.2
75;2021-11-17;677;924;5976;1728903;1696753;182750;80.5;79.0;8.5
75;2021-11-18;520;815;5951;1729423;1697568;188701;80.5;79.0;8.8
75;2021-11-19;674;904;7168;1730097;1698472;195869;80.5;79.1;9.1
75;2021-11-20;616;862;3671;1730713;1699334;199540;80.6;79.1;9.3
75;2021-11-21;81;157;565;1730794;1699491;200105;80.6;79.1;9.3
75;2021-11-22;556;637;6360;1731350;1700128;206465;80.6;79.1;9.6
75;2021-11-23;619;793;7476;1731969;1700921;213941;80.6;79.2;10.0
75;2021-11-24;639;895;7232;1732608;1701816;221173;80.7;79.2;10.3
75;2021-11-25;602;770;9719;1733210;1702586;230892;80.7;79.3;10.7
75;2021-11-26;558;862;13965;1733768;1703448;244857;80.7;79.3;11.4
75;2021-11-27;491;755;10614;1734259;1704203;255471;80.7;79.3;11.9
75;2021-11-28;144;209;4679;1734403;1704412;260150;80.7;79.3;12.1
75;2021-11-29;468;737;15227;1734871;1705149;275377;80.8;79.4;12.8
75;2021-11-30;512;854;18749;1735383;1706003;294126;80.8;79.4;13.7
75;2021-12-01;496;888;19284;1735879;1706891;313410;80.8;79.5;14.6
75;2021-12-02;453;708;20666;1736332;1707599;334076;80.8;79.5;15.6
75;2021-12-03;506;933;22678;1736838;1708532;356754;80.8;79.5;16.6
75;2021-12-04;375;751;15520;1737213;1709283;372274;80.9;79.6;17.3
75;2021-12-05;177;298;8051;1737390;1709581;380325;80.9;79.6;17.7
75;2021-12-06;425;795;20877;1737815;1710376;401202;80.9;79.6;18.7
75;2021-12-07;499;919;24757;1738314;1711295;425959;80.9;79.7;19.8
75;2021-12-08;511;926;22671;1738825;1712221;448630;80.9;79.7;20.9
75;2021-12-09;445;869;24611;1739270;1713090;473241;81.0;79.7;22.0
75;2021-12-10;464;885;26175;1739734;1713975;499416;81.0;79.8;23.2
75;2021-12-11;506;883;20172;1740240;1714858;519588;81.0;79.8;24.2
75;2021-12-12;237;329;12987;1740477;1715187;532575;81.0;79.8;24.8
75;2021-12-13;503;874;25308;1740980;1716061;557883;81.0;79.9;26.0
75;2021-12-14;592;953;29774;1741572;1717014;587657;81.1;79.9;27.4
75;2021-12-15;603;984;27966;1742175;1717998;615623;81.1;80.0;28.7
75;2021-12-16;618;971;29747;1742793;1718969;645370;81.1;80.0;30.0
75;2021-12-17;578;1032;29801;1743371;1720001;675171;81.2;80.1;31.4
75;2021-12-18;521;857;20198;1743892;1720858;695369;81.2;80.1;32.4
75;2021-12-19;326;407;14622;1744218;1721265;709991;81.2;80.1;33.0
75;2021-12-20;679;1053;26261;1744897;1722318;736252;81.2;80.2;34.3
75;2021-12-21;798;1099;28595;1745695;1723417;764847;81.3;80.2;35.6
75;2021-12-22;819;996;25189;1746514;1724413;790036;81.3;80.3;36.8
76;2020-12-27;0;0;0;0;0;0;0.0;0.0;0.0
76;2020-12-28;0;0;0;0;0;0;0.0;0.0;0.0
76;2020-12-29;0;0;0;0;0;0;0.0;0.0;0.0
76;2020-12-30;0;0;0;0;0;0;0.0;0.0;0.0
76;2020-12-31;0;0;0;0;0;0;0.0;0.0;0.0
76;2021-01-01;1;0;0;1;0;0;0.0;0.0;0.0
76;2021-01-02;0;0;0;1;0;0;0.0;0.0;0.0
76;2021-01-03;0;0;0;1;0;0;0.0;0.0;0.0
76;2021-01-04;17;0;0;18;0;0;0.0;0.0;0.0
76;2021-01-05;124;0;0;142;0;0;0.0;0.0;0.0
76;2021-01-06;622;2;0;764;2;0;0.1;0.0;0.0
76;2021-01-07;1233;9;0;1997;11;0;0.2;0.0;0.0
76;2021-01-08;1370;2;0;3367;13;0;0.3;0.0;0.0
76;2021-01-09;665;1;0;4032;14;0;0.3;0.0;0.0
76;2021-01-10;472;2;0;4504;16;0;0.4;0.0;0.0
76;2021-01-11;1286;4;0;5790;20;0;0.5;0.0;0.0
76;2021-01-12;1253;1;0;7043;21;0;0.6;0.0;0.0
76;2021-01-13;1144;5;0;8187;26;0;0.7;0.0;0.0
76;2021-01-14;2070;23;0;10257;49;0;0.8;0.0;0.0
76;2021-01-15;1819;8;0;12076;57;0;1.0;0.0;0.0
76;2021-01-16;953;7;0;13029;64;0;1.0;0.0;0.0
76;2021-01-17;2707;20;0;15736;84;0;1.3;0.0;0.0
76;2021-01-18;4175;18;0;19911;102;0;1.6;0.0;0.0
76;2021-01-19;2840;11;0;22751;113;0;1.8;0.0;0.0
76;2021-01-20;1952;11;0;24703;124;0;2.0;0.0;0.0
76;2021-01-21;1705;5;0;26408;129;0;2.1;0.0;0.0
76;2021-01-22;1610;2;0;28018;131;0;2.3;0.0;0.0
76;2021-01-23;451;4;0;28469;135;0;2.3;0.0;0.0
76;2021-01-24;100;0;0;28569;135;0;2.3;0.0;0.0
76;2021-01-25;1370;131;0;29939;266;0;2.4;0.0;0.0
76;2021-01-26;1323;314;0;31262;580;0;2.5;0.0;0.0
76;2021-01-27;1269;392;0;32531;972;0;2.6;0.1;0.0
76;2021-01-28;1237;320;0;33768;1292;0;2.7;0.1;0.0
76;2021-01-29;1108;367;0;34876;1659;0;2.8;0.1;0.0
76;2021-01-30;259;260;0;35135;1919;0;2.8;0.2;0.0
76;2021-01-31;4;96;0;35139;2015;0;2.8;0.2;0.0
76;2021-02-01;790;741;0;35929;2756;0;2.9;0.2;0.0
76;2021-02-02;962;905;0;36891;3661;0;3.0;0.3;0.0
76;2021-02-03;847;966;0;37738;4627;0;3.0;0.4;0.0
76;2021-02-04;927;1391;0;38665;6018;0;3.1;0.5;0.0
76;2021-02-05;942;1078;0;39607;7096;0;3.2;0.6;0.0
76;2021-02-06;263;841;0;39870;7937;0;3.2;0.6;0.0
76;2021-02-07;438;1521;0;40308;9458;0;3.2;0.8;0.0
76;2021-02-08;1798;3523;0;42106;12981;0;3.4;1.0;0.0
76;2021-02-09;1691;2867;0;43797;15848;0;3.5;1.3;0.0
76;2021-02-10;1413;1747;0;45210;17595;0;3.6;1.4;0.0
76;2021-02-11;1599;1449;0;46809;19044;0;3.8;1.5;0.0
76;2021-02-12;1602;1547;0;48411;20591;0;3.9;1.7;0.0
76;2021-02-13;243;336;0;48654;20927;0;3.9;1.7;0.0
76;2021-02-14;7;75;0;48661;21002;0;3.9;1.7;0.0
76;2021-02-15;530;1569;0;49191;22571;0;4.0;1.8;0.0
76;2021-02-16;699;1529;0;49890;24100;0;4.0;1.9;0.0
76;2021-02-17;605;1386;0;50495;25486;0;4.1;2.0;0.0
76;2021-02-18;774;1307;0;51269;26793;0;4.1;2.2;0.0
76;2021-02-19;838;1235;0;52107;28028;0;4.2;2.3;0.0
76;2021-02-20;260;288;0;52367;28316;0;4.2;2.3;0.0
76;2021-02-21;2;5;0;52369;28321;0;4.2;2.3;0.0
76;2021-02-22;318;1212;0;52687;29533;0;4.2;2.4;0.0
76;2021-02-23;566;1150;0;53253;30683;0;4.3;2.5;0.0
76;2021-02-24;591;1134;0;53844;31817;0;4.3;2.6;0.0
76;2021-02-25;1606;1214;0;55450;33031;0;4.5;2.7;0.0
76;2021-02-26;2146;993;0;57596;34024;0;4.6;2.7;0.0
76;2021-02-27;1091;271;0;58687;34295;0;4.7;2.8;0.0
76;2021-02-28;30;193;0;58717;34488;0;4.7;2.8;0.0
76;2021-03-01;839;1976;0;59556;36464;0;4.8;2.9;0.0
76;2021-03-02;1353;1612;0;60909;38076;0;4.9;3.1;0.0
76;2021-03-03;1857;1323;0;62766;39399;0;5.0;3.2;0.0
76;2021-03-04;2753;1059;0;65519;40458;0;5.3;3.3;0.0
76;2021-03-05;4036;777;0;69555;41235;0;5.6;3.3;0.0
76;2021-03-06;3311;175;0;72866;41410;0;5.9;3.3;0.0
76;2021-03-07;1288;40;0;74154;41450;0;6.0;3.3;0.0
76;2021-03-08;2041;1205;0;76195;42655;0;6.1;3.4;0.0
76;2021-03-09;3519;1126;0;79714;43781;0;6.4;3.5;0.0
76;2021-03-10;3548;1037;0;83262;44818;0;6.7;3.6;0.0
76;2021-03-11;5490;925;0;88752;45743;0;7.1;3.7;0.0
76;2021-03-12;6588;608;0;95340;46351;0;7.7;3.7;0.0
76;2021-03-13;4670;185;0;100010;46536;0;8.0;3.7;0.0
76;2021-03-14;1065;27;0;101075;46563;0;8.1;3.7;0.0
76;2021-03-15;2833;235;0;103908;46798;0;8.4;3.8;0.0
76;2021-03-16;2498;387;0;106406;47185;0;8.6;3.8;0.0
76;2021-03-17;2697;316;0;109103;47501;0;8.8;3.8;0.0
76;2021-03-18;2976;341;0;112079;47842;0;9.0;3.8;0.0
76;2021-03-19;4269;424;0;116348;48266;0;9.4;3.9;0.0
76;2021-03-20;3930;295;0;120278;48561;0;9.7;3.9;0.0
76;2021-03-21;819;15;0;121097;48576;0;9.7;3.9;0.0
76;2021-03-22;3775;355;0;124872;48931;0;10.0;3.9;0.0
76;2021-03-23;5444;371;0;130316;49302;0;10.5;4.0;0.0
76;2021-03-24;5489;411;0;135805;49713;0;10.9;4.0;0.0
76;2021-03-25;7293;576;0;143098;50289;0;11.5;4.0;0.0
76;2021-03-26;8343;616;0;151441;50905;0;12.2;4.1;0.0
76;2021-03-27;4670;385;0;156111;51290;0;12.6;4.1;0.0
76;2021-03-28;1058;39;0;157169;51329;0;12.6;4.1;0.0
76;2021-03-29;5051;840;0;162220;52169;0;13.0;4.2;0.0
76;2021-03-30;6257;1062;0;168477;53231;0;13.5;4.3;0.0
76;2021-03-31;6066;1261;0;174543;54492;0;14.0;4.4;0.0
76;2021-04-01;6285;1994;0;180828;56486;0;14.5;4.5;0.0
76;2021-04-02;6281;2561;0;187109;59047;0;15.0;4.7;0.0
76;2021-04-03;2424;1123;0;189533;60170;0;15.2;4.8;0.0
76;2021-04-04;267;26;0;189800;60196;0;15.3;4.8;0.0
76;2021-04-05;799;356;0;190599;60552;0;15.3;4.9;0.0
76;2021-04-06;3345;2766;0;193944;63318;0;15.6;5.1;0.0
76;2021-04-07;4143;2423;0;198087;65741;0;15.9;5.3;0.0
76;2021-04-08;5524;2718;0;203611;68459;0;16.4;5.5;0.0
76;2021-04-09;8464;2982;0;212075;71441;0;17.1;5.7;0.0
76;2021-04-10;4684;1477;0;216759;72918;0;17.4;5.9;0.0
76;2021-04-11;810;535;0;217569;73453;0;17.5;5.9;0.0
76;2021-04-12;4442;2770;0;222011;76223;0;17.8;6.1;0.0
76;2021-04-13;5643;2804;0;227654;79027;0;18.3;6.4;0.0
76;2021-04-14;4572;3112;0;232226;82139;0;18.7;6.6;0.0
76;2021-04-15;5332;3304;0;237558;85443;0;19.1;6.9;0.0
76;2021-04-16;7051;3243;0;244609;88686;0;19.7;7.1;0.0
76;2021-04-17;4206;1436;0;248815;90122;0;20.0;7.2;0.0
76;2021-04-18;351;156;0;249166;90278;0;20.0;7.3;0.0
76;2021-04-19;3294;3536;0;252460;93814;0;20.3;7.5;0.0
76;2021-04-20;4176;4106;0;256636;97920;0;20.6;7.9;0.0
76;2021-04-21;4058;4446;0;260694;102366;0;21.0;8.2;0.0
76;2021-04-22;4444;5169;0;265138;107535;0;21.3;8.6;0.0
76;2021-04-23;5266;5652;0;270404;113187;0;21.7;9.1;0.0
76;2021-04-24;4058;2092;0;274462;115279;0;22.1;9.3;0.0
76;2021-04-25;972;340;0;275434;115619;0;22.1;9.3;0.0
76;2021-04-26;4364;4162;0;279798;119781;0;22.5;9.6;0.0
76;2021-04-27;4836;4662;0;284634;124443;0;22.9;10.0;0.0
76;2021-04-28;5168;3885;0;289802;128328;0;23.3;10.3;0.0
76;2021-04-29;6752;3850;0;296554;132178;0;23.8;10.6;0.0
76;2021-04-30;7901;4450;0;304455;136628;0;24.5;11.0;0.0
76;2021-05-01;4531;997;0;308986;137625;0;24.8;11.1;0.0
76;2021-05-02;1903;285;0;310889;137910;0;25.0;11.1;0.0
76;2021-05-03;4663;3122;0;315552;141032;0;25.4;11.3;0.0
76;2021-05-04;4719;4312;0;320271;145344;0;25.7;11.7;0.0
76;2021-05-05;4742;4854;0;325013;150198;0;26.1;12.1;0.0
76;2021-05-06;5851;5260;0;330864;155458;0;26.6;12.5;0.0
76;2021-05-07;6125;6428;0;336989;161886;0;27.1;13.0;0.0
76;2021-05-08;4875;906;0;341864;162792;0;27.5;13.1;0.0
76;2021-05-09;2635;274;0;344499;163066;0;27.7;13.1;0.0
76;2021-05-10;4926;4765;0;349425;167831;0;28.1;13.5;0.0
76;2021-05-11;6370;5367;0;355795;173198;0;28.6;13.9;0.0
76;2021-05-12;6325;4844;0;362120;178042;0;29.1;14.3;0.0
76;2021-05-13;8180;1202;0;370300;179244;0;29.8;14.4;0.0
76;2021-05-14;9872;4394;0;380172;183638;0;30.6;14.8;0.0
76;2021-05-15;8787;2405;0;388959;186043;0;31.3;15.0;0.0
76;2021-05-16;6105;475;0;395064;186518;0;31.8;15.0;0.0
76;2021-05-17;7149;3107;0;402213;189625;0;32.3;15.2;0.0
76;2021-05-18;8169;2677;0;410382;192302;0;33.0;15.5;0.0
76;2021-05-19;8253;3072;0;418635;195374;0;33.7;15.7;0.0
76;2021-05-20;9289;3336;0;427924;198710;0;34.4;16.0;0.0
76;2021-05-21;8048;4025;0;435972;202735;0;35.1;16.3;0.0
76;2021-05-22;7024;2268;0;442996;205003;0;35.6;16.5;0.0
76;2021-05-23;5990;404;0;448986;205407;0;36.1;16.5;0.0
76;2021-05-24;6204;1456;0;455190;206863;0;36.6;16.6;0.0
76;2021-05-25;7556;3941;0;462746;210804;0;37.2;16.9;0.0
76;2021-05-26;7172;3546;0;469918;214350;0;37.8;17.2;0.0
76;2021-05-27;8228;4542;0;478146;218892;0;38.4;17.6;0.0
76;2021-05-28;8173;6385;0;486319;225277;0;39.1;18.1;0.0
76;2021-05-29;6265;3465;0;492584;228742;0;39.6;18.4;0.0
76;2021-05-30;3108;405;0;495692;229147;0;39.9;18.4;0.0
76;2021-05-31;7785;3817;0;503477;232964;0;40.5;18.7;0.0
76;2021-06-01;8762;4868;0;512239;237832;0;41.2;19.1;0.0
76;2021-06-02;7445;4435;0;519684;242267;0;41.8;19.5;0.0
76;2021-06-03;9268;5308;0;528952;247575;0;42.5;19.9;0.0
76;2021-06-04;8704;6574;0;537656;254149;0;43.2;20.4;0.0
76;2021-06-05;6218;3832;0;543874;257981;0;43.7;20.7;0.0
76;2021-06-06;2690;712;0;546564;258693;0;43.9;20.8;0.0
76;2021-06-07;6620;5293;0;553184;263986;0;44.5;21.2;0.0
76;2021-06-08;8243;6107;0;561427;270093;0;45.1;21.7;0.0
76;2021-06-09;6911;5963;0;568338;276056;0;45.7;22.2;0.0
76;2021-06-10;7450;6416;0;575788;282472;0;46.3;22.7;0.0
76;2021-06-11;7225;8032;0;583013;290504;0;46.9;23.4;0.0
76;2021-06-12;6698;5795;0;589711;296299;0;47.4;23.8;0.0
76;2021-06-13;2859;1407;0;592570;297706;0;47.6;23.9;0.0
76;2021-06-14;5627;6607;0;598197;304313;0;48.1;24.5;0.0
76;2021-06-15;5893;7305;0;604090;311618;0;48.6;25.1;0.0
76;2021-06-16;6221;7338;0;610311;318956;0;49.1;25.6;0.0
76;2021-06-17;6558;7593;0;616869;326549;0;49.6;26.3;0.0
76;2021-06-18;7007;9109;0;623876;335658;0;50.2;27.0;0.0
76;2021-06-19;5552;6174;0;629428;341832;0;50.6;27.5;0.0
76;2021-06-20;2683;1753;0;632111;343585;0;50.8;27.6;0.0
76;2021-06-21;4654;7811;0;636765;351396;0;51.2;28.3;0.0
76;2021-06-22;4529;9387;0;641294;360783;0;51.6;29.0;0.0
76;2021-06-23;4372;9252;0;645666;370035;0;51.9;29.8;0.0
76;2021-06-24;4469;9669;0;650135;379704;0;52.3;30.5;0.0
76;2021-06-25;4617;11258;0;654752;390962;0;52.6;31.4;0.0
76;2021-06-26;3248;7799;0;658000;398761;0;52.9;32.1;0.0
76;2021-06-27;1351;4865;0;659351;403626;0;53.0;32.5;0.0
76;2021-06-28;3267;9602;0;662618;413228;0;53.3;33.2;0.0
76;2021-06-29;3701;9956;0;666319;423184;0;53.6;34.0;0.0
76;2021-06-30;4032;9548;0;670351;432732;0;53.9;34.8;0.0
76;2021-07-01;4361;9706;0;674712;442438;0;54.2;35.6;0.0
76;2021-07-02;4176;11753;0;678888;454191;0;54.6;36.5;0.0
76;2021-07-03;3354;8315;0;682242;462506;0;54.9;37.2;0.0
76;2021-07-04;1452;5073;0;683694;467579;0;55.0;37.6;0.0
76;2021-07-05;3654;8938;0;687348;476517;0;55.3;38.3;0.0
76;2021-07-06;3750;9852;0;691098;486369;0;55.6;39.1;0.0
76;2021-07-07;3744;9089;0;694842;495458;0;55.9;39.8;0.0
76;2021-07-08;4221;9308;0;699063;504766;0;56.2;40.6;0.0
76;2021-07-09;4193;12084;0;703256;516850;0;56.5;41.6;0.0
76;2021-07-10;2954;8269;0;706210;525119;0;56.8;42.2;0.0
76;2021-07-11;1660;2751;0;707870;527870;0;56.9;42.4;0.0
76;2021-07-12;2994;10709;0;710864;538579;0;57.2;43.3;0.0
76;2021-07-13;4740;11854;0;715604;550433;0;57.5;44.3;0.0
76;2021-07-14;4284;5045;0;719888;555478;0;57.9;44.7;0.0
76;2021-07-15;5638;11685;0;725526;567163;0;58.3;45.6;0.0
76;2021-07-16;6562;11877;0;732088;579040;0;58.9;46.6;0.0
76;2021-07-17;4880;8478;0;736968;587518;0;59.3;47.2;0.0
76;2021-07-18;2196;3376;0;739164;590894;0;59.4;47.5;0.0
76;2021-07-19;5077;10164;0;744241;601058;0;59.8;48.3;0.0
76;2021-07-20;6283;10569;0;750524;611627;0;60.3;49.2;0.0
76;2021-07-21;6300;9590;0;756824;621217;0;60.8;49.9;0.0
76;2021-07-22;8038;8682;0;764862;629899;0;61.5;50.6;0.0
76;2021-07-23;7483;10585;0;772345;640484;0;62.1;51.5;0.0
76;2021-07-24;4892;6795;0;777237;647279;0;62.5;52.0;0.0
76;2021-07-25;2884;2471;0;780121;649750;0;62.7;52.2;0.0
76;2021-07-26;5299;8892;0;785420;658642;0;63.1;53.0;0.0
76;2021-07-27;8097;8404;0;793517;667046;0;63.8;53.6;0.0
76;2021-07-28;8046;7516;0;801563;674562;0;64.4;54.2;0.0
76;2021-07-29;9049;6640;0;810612;681202;0;65.2;54.8;0.0
76;2021-07-30;7767;7551;0;818379;688753;0;65.8;55.4;0.0
76;2021-07-31;6266;5016;0;824645;693769;0;66.3;55.8;0.0
76;2021-08-01;3647;1962;0;828292;695731;0;66.6;55.9;0.0
76;2021-08-02;6270;6660;0;834562;702391;0;67.1;56.5;0.0
76;2021-08-03;7510;6160;0;842072;708551;0;67.7;57.0;0.0
76;2021-08-04;6858;5594;0;848930;714145;0;68.3;57.4;0.0
76;2021-08-05;7522;5420;0;856452;719565;0;68.9;57.9;0.0
76;2021-08-06;6352;6525;0;862804;726090;0;69.4;58.4;0.0
76;2021-08-07;4339;4167;0;867143;730257;0;69.7;58.7;0.0
76;2021-08-08;2229;1775;0;869372;732032;0;69.9;58.9;0.0
76;2021-08-09;5078;6274;0;874450;738306;0;70.3;59.4;0.0
76;2021-08-10;5778;6360;0;880228;744666;0;70.8;59.9;0.0
76;2021-08-11;5854;5340;0;886082;750006;0;71.2;60.3;0.0
76;2021-08-12;5491;5813;0;891573;755819;0;71.7;60.8;0.0
76;2021-08-13;4573;5951;0;896146;761770;0;72.0;61.2;0.0
76;2021-08-14;3466;4441;0;899612;766211;0;72.3;61.6;0.0
76;2021-08-15;1410;2204;0;901022;768415;0;72.4;61.8;0.0
76;2021-08-16;3334;6328;0;904356;774743;0;72.7;62.3;0.0
76;2021-08-17;3534;6705;0;907890;781448;0;73.0;62.8;0.0
76;2021-08-18;3310;6408;0;911200;787856;0;73.3;63.3;0.0
76;2021-08-19;3060;6808;0;914260;794664;0;73.5;63.9;0.0
76;2021-08-20;3201;7391;0;917461;802055;0;73.8;64.5;0.0
76;2021-08-21;1677;3991;0;919138;806046;0;73.9;64.8;0.0
76;2021-08-22;803;3053;0;919941;809099;0;74.0;65.1;0.0
76;2021-08-23;2367;7206;1;922308;816305;1;74.2;65.6;0.0
76;2021-08-24;2570;7207;1;924878;823512;2;74.4;66.2;0.0
76;2021-08-25;2445;6662;1;927323;830174;3;74.6;66.7;0.0
76;2021-08-26;1909;5529;1;929232;835703;4;74.7;67.2;0.0
76;2021-08-27;2505;7393;0;931737;843096;4;74.9;67.8;0.0
76;2021-08-28;1904;5773;0;933641;848869;4;75.1;68.2;0.0
76;2021-08-29;657;2771;0;934298;851640;4;75.1;68.5;0.0
76;2021-08-30;1949;6671;98;936247;858311;102;75.3;69.0;0.0
76;2021-08-31;1809;6519;193;938056;864830;295;75.4;69.5;0.0
76;2021-09-01;1702;5936;488;939758;870766;783;75.6;70.0;0.1
76;2021-09-02;1240;4177;491;940998;874943;1274;75.7;70.3;0.1
76;2021-09-03;1497;6119;621;942495;881062;1895;75.8;70.8;0.2
76;2021-09-04;1486;5491;346;943981;886553;2241;75.9;71.3;0.2
76;2021-09-05;588;1658;133;944569;888211;2374;75.9;71.4;0.2
76;2021-09-06;1154;3905;717;945723;892116;3091;76.0;71.7;0.2
76;2021-09-07;1077;3428;772;946800;895544;3863;76.1;72.0;0.3
76;2021-09-08;1187;3932;684;947987;899476;4547;76.2;72.3;0.4
76;2021-09-09;984;2696;710;948971;902172;5257;76.3;72.5;0.4
76;2021-09-10;1609;3783;839;950580;905955;6096;76.4;72.8;0.5
76;2021-09-11;1084;2964;405;951664;908919;6501;76.5;73.1;0.5
76;2021-09-12;243;751;66;951907;909670;6567;76.5;73.1;0.5
76;2021-09-13;786;2034;1136;952693;911704;7703;76.6;73.3;0.6
76;2021-09-14;1306;2429;1259;953999;914133;8962;76.7;73.5;0.7
76;2021-09-15;1125;3024;1250;955124;917157;10212;76.8;73.7;0.8
76;2021-09-16;1143;1844;962;956267;919001;11174;76.9;73.9;0.9
76;2021-09-17;1276;2568;1299;957543;921569;12473;77.0;74.1;1.0
76;2021-09-18;668;2295;422;958211;923864;12895;77.0;74.3;1.0
76;2021-09-19;168;704;78;958379;924568;12973;77.1;74.3;1.0
76;2021-09-20;792;1589;857;959171;926157;13830;77.1;74.5;1.1
76;2021-09-21;732;1527;1178;959903;927684;15008;77.2;74.6;1.2
76;2021-09-22;625;2124;984;960528;929808;15992;77.2;74.8;1.3
76;2021-09-23;690;1101;1115;961218;930909;17107;77.3;74.8;1.4
76;2021-09-24;950;1845;1251;962168;932754;18358;77.4;75.0;1.5
76;2021-09-25;557;1956;394;962725;934710;18752;77.4;75.2;1.5
76;2021-09-26;95;378;58;962820;935088;18810;77.4;75.2;1.5
76;2021-09-27;517;1131;883;963337;936219;19693;77.5;75.3;1.6
76;2021-09-28;459;1046;1065;963796;937265;20758;77.5;75.4;1.7
76;2021-09-29;707;1447;954;964503;938712;21712;77.5;75.5;1.7
76;2021-09-30;379;782;704;964882;939494;22416;77.6;75.5;1.8
76;2021-10-01;859;1606;1515;965741;941100;23931;77.6;75.7;1.9
76;2021-10-02;544;1218;379;966285;942318;24310;77.7;75.8;2.0
76;2021-10-03;106;339;119;966391;942657;24429;77.7;75.8;2.0
76;2021-10-04;613;1009;1232;967004;943666;25661;77.7;75.9;2.1
76;2021-10-05;458;964;1185;967462;944630;26846;77.8;75.9;2.2
76;2021-10-06;425;828;963;967887;945458;27809;77.8;76.0;2.2
76;2021-10-07;349;788;1356;968236;946246;29165;77.8;76.1;2.3
76;2021-10-08;844;1722;1875;969080;947968;31040;77.9;76.2;2.5
76;2021-10-09;499;895;755;969579;948863;31795;78.0;76.3;2.6
76;2021-10-10;54;87;74;969633;948950;31869;78.0;76.3;2.6
76;2021-10-11;484;992;1234;970117;949942;33103;78.0;76.4;2.7
76;2021-10-12;447;851;1486;970564;950793;34589;78.0;76.4;2.8
76;2021-10-13;556;976;1455;971120;951769;36044;78.1;76.5;2.9
76;2021-10-14;381;643;1324;971501;952412;37368;78.1;76.6;3.0
76;2021-10-15;736;1241;2481;972237;953653;39849;78.2;76.7;3.2
76;2021-10-16;379;539;573;972616;954192;40422;78.2;76.7;3.2
76;2021-10-17;88;193;218;972704;954385;40640;78.2;76.7;3.3
76;2021-10-18;376;747;1431;973080;955132;42071;78.2;76.8;3.4
76;2021-10-19;450;733;1676;973530;955865;43747;78.3;76.9;3.5
76;2021-10-20;418;623;2172;973948;956488;45919;78.3;76.9;3.7
76;2021-10-21;270;522;1955;974218;957010;47874;78.3;76.9;3.8
76;2021-10-22;592;937;2277;974810;957947;50151;78.4;77.0;4.0
76;2021-10-23;318;504;730;975128;958451;50881;78.4;77.1;4.1
76;2021-10-24;7;30;20;975135;958481;50901;78.4;77.1;4.1
76;2021-10-25;468;678;2407;975603;959159;53308;78.4;77.1;4.3
76;2021-10-26;365;448;2015;975968;959607;55323;78.5;77.2;4.4
76;2021-10-27;344;477;2053;976312;960084;57376;78.5;77.2;4.6
76;2021-10-28;339;414;1887;976651;960498;59263;78.5;77.2;4.8
76;2021-10-29;447;842;3280;977098;961340;62543;78.6;77.3;5.0
76;2021-10-30;319;492;1094;977417;961832;63637;78.6;77.3;5.1
76;2021-10-31;32;32;38;977449;961864;63675;78.6;77.3;5.1
76;2021-11-01;24;17;11;977473;961881;63686;78.6;77.3;5.1
76;2021-11-02;412;576;2165;977885;962457;65851;78.6;77.4;5.3
76;2021-11-03;400;546;2227;978285;963003;68078;78.7;77.4;5.5
76;2021-11-04;346;479;2250;978631;963482;70328;78.7;77.5;5.7
76;2021-11-05;586;802;3675;979217;964284;74003;78.7;77.5;5.9
76;2021-11-06;325;440;1245;979542;964724;75248;78.8;77.6;6.0
76;2021-11-07;8;28;40;979550;964752;75288;78.8;77.6;6.1
76;2021-11-08;286;421;2693;979836;965173;77981;78.8;77.6;6.3
76;2021-11-09;263;427;3401;980099;965600;81382;78.8;77.6;6.5
76;2021-11-10;451;627;4131;980550;966227;85513;78.8;77.7;6.9
76;2021-11-11;10;37;109;980560;966264;85622;78.8;77.7;6.9
76;2021-11-12;460;642;4526;981020;966906;90148;78.9;77.7;7.2
76;2021-11-13;282;374;1457;981302;967280;91605;78.9;77.8;7.4
76;2021-11-14;15;22;66;981317;967302;91671;78.9;77.8;7.4
76;2021-11-15;299;393;3601;981616;967695;95272;78.9;77.8;7.7
76;2021-11-16;321;347;4015;981937;968042;99287;78.9;77.8;8.0
76;2021-11-17;413;503;3777;982350;968545;103064;79.0;77.9;8.3
76;2021-11-18;258;315;3721;982608;968860;106785;79.0;77.9;8.6
76;2021-11-19;542;575;5868;983150;969435;112653;79.0;77.9;9.1
76;2021-11-20;446;498;2456;983596;969933;115109;79.1;78.0;9.3
76;2021-11-21;18;22;70;983614;969955;115179;79.1;78.0;9.3
76;2021-11-22;310;258;4200;983924;970213;119379;79.1;78.0;9.6
76;2021-11-23;372;397;4942;984296;970610;124321;79.1;78.0;10.0
76;2021-11-24;451;465;5013;984747;971075;129334;79.2;78.1;10.4
76;2021-11-25;279;298;5048;985026;971373;134382;79.2;78.1;10.8
76;2021-11-26;449;617;8860;985475;971990;143242;79.2;78.1;11.5
76;2021-11-27;271;418;4988;985746;972408;148230;79.3;78.2;11.9
76;2021-11-28;21;22;914;985767;972430;149144;79.3;78.2;12.0
76;2021-11-29;265;356;8508;986032;972786;157652;79.3;78.2;12.7
76;2021-11-30;314;324;9975;986346;973110;167627;79.3;78.2;13.5
76;2021-12-01;295;408;9195;986641;973518;176822;79.3;78.3;14.2
76;2021-12-02;271;237;11339;986912;973755;188161;79.3;78.3;15.1
76;2021-12-03;332;449;13179;987244;974204;201340;79.4;78.3;16.2
76;2021-12-04;212;345;8119;987456;974549;209459;79.4;78.4;16.8
76;2021-12-05;46;40;2066;987502;974589;211525;79.4;78.4;17.0
76;2021-12-06;248;313;10645;987750;974902;222170;79.4;78.4;17.9
76;2021-12-07;236;324;13120;987986;975226;235290;79.4;78.4;18.9
76;2021-12-08;321;466;12972;988307;975692;248262;79.5;78.4;20.0
76;2021-12-09;308;328;15811;988615;976020;264073;79.5;78.5;21.2
76;2021-12-10;345;582;18037;988960;976602;282110;79.5;78.5;22.7
76;2021-12-11;260;380;11201;989220;976982;293311;79.5;78.5;23.6
76;2021-12-12;68;71;4368;989288;977053;297679;79.5;78.6;23.9
76;2021-12-13;222;350;14119;989510;977403;311798;79.6;78.6;25.1
76;2021-12-14;361;395;16838;989871;977798;328636;79.6;78.6;26.4
76;2021-12-15;358;463;15262;990229;978261;343898;79.6;78.7;27.6
76;2021-12-16;363;394;17090;990592;978655;360988;79.6;78.7;29.0
76;2021-12-17;496;569;20036;991088;979224;381024;79.7;78.7;30.6
76;2021-12-18;305;360;11449;991393;979584;392473;79.7;78.8;31.6
76;2021-12-19;117;98;5106;991510;979682;397579;79.7;78.8;32.0
76;2021-12-20;435;406;14369;991945;980088;411948;79.8;78.8;33.1
76;2021-12-21;497;419;14023;992442;980507;425971;79.8;78.8;34.2
76;2021-12-22;498;389;11646;992940;980896;437617;79.8;78.9;35.2
77;2020-12-27;2;1;0;2;1;0;0.0;0.0;0.0
77;2020-12-28;2;0;0;4;1;0;0.0;0.0;0.0
77;2020-12-29;1;0;0;5;1;0;0.0;0.0;0.0
77;2020-12-30;1;0;0;6;1;0;0.0;0.0;0.0
77;2020-12-31;0;0;0;6;1;0;0.0;0.0;0.0
77;2021-01-01;10;0;0;16;1;0;0.0;0.0;0.0
77;2021-01-02;1;0;0;17;1;0;0.0;0.0;0.0
77;2021-01-03;1;0;0;18;1;0;0.0;0.0;0.0
77;2021-01-04;10;0;0;28;1;0;0.0;0.0;0.0
77;2021-01-05;200;1;0;228;2;0;0.0;0.0;0.0
77;2021-01-06;276;2;0;504;4;0;0.0;0.0;0.0
77;2021-01-07;664;10;0;1168;14;0;0.1;0.0;0.0
77;2021-01-08;735;3;0;1903;17;0;0.1;0.0;0.0
77;2021-01-09;259;1;0;2162;18;0;0.2;0.0;0.0
77;2021-01-10;207;2;0;2369;20;0;0.2;0.0;0.0
77;2021-01-11;882;6;0;3251;26;0;0.2;0.0;0.0
77;2021-01-12;1087;5;0;4338;31;0;0.3;0.0;0.0
77;2021-01-13;1144;8;0;5482;39;0;0.4;0.0;0.0
77;2021-01-14;1136;18;0;6618;57;0;0.5;0.0;0.0
77;2021-01-15;989;18;0;7607;75;0;0.5;0.0;0.0
77;2021-01-16;164;1;0;7771;76;0;0.5;0.0;0.0
77;2021-01-17;109;3;0;7880;79;0;0.6;0.0;0.0
77;2021-01-18;1319;12;0;9199;91;0;0.6;0.0;0.0
77;2021-01-19;1878;28;0;11077;119;0;0.8;0.0;0.0
77;2021-01-20;2601;14;0;13678;133;0;1.0;0.0;0.0
77;2021-01-21;2361;38;0;16039;171;0;1.1;0.0;0.0
77;2021-01-22;1274;9;0;17313;180;0;1.2;0.0;0.0
77;2021-01-23;363;1;0;17676;181;0;1.2;0.0;0.0
77;2021-01-24;45;0;0;17721;181;0;1.2;0.0;0.0
77;2021-01-25;1043;26;0;18764;207;0;1.3;0.0;0.0
77;2021-01-26;1735;31;0;20499;238;0;1.4;0.0;0.0
77;2021-01-27;1493;43;0;21992;281;0;1.5;0.0;0.0
77;2021-01-28;1835;131;0;23827;412;0;1.7;0.0;0.0
77;2021-01-29;1366;177;0;25193;589;0;1.8;0.0;0.0
77;2021-01-30;266;5;0;25459;594;0;1.8;0.0;0.0
77;2021-01-31;5;2;0;25464;596;0;1.8;0.0;0.0
77;2021-02-01;687;226;0;26151;822;0;1.8;0.1;0.0
77;2021-02-02;878;342;0;27029;1164;0;1.9;0.1;0.0
77;2021-02-03;864;596;0;27893;1760;0;2.0;0.1;0.0
77;2021-02-04;867;891;0;28760;2651;0;2.0;0.2;0.0
77;2021-02-05;918;859;0;29678;3510;0;2.1;0.2;0.0
77;2021-02-06;201;102;0;29879;3612;0;2.1;0.3;0.0
77;2021-02-07;19;77;0;29898;3689;0;2.1;0.3;0.0
77;2021-02-08;474;998;0;30372;4687;0;2.1;0.3;0.0
77;2021-02-09;719;1566;0;31091;6253;0;2.2;0.4;0.0
77;2021-02-10;1097;1946;0;32188;8199;0;2.3;0.6;0.0
77;2021-02-11;1184;1843;0;33372;10042;0;2.3;0.7;0.0
77;2021-02-12;1201;1271;0;34573;11313;0;2.4;0.8;0.0
77;2021-02-13;230;181;0;34803;11494;0;2.4;0.8;0.0
77;2021-02-14;16;55;0;34819;11549;0;2.4;0.8;0.0
77;2021-02-15;604;1074;0;35423;12623;0;2.5;0.9;0.0
77;2021-02-16;691;1684;0;36114;14307;0;2.5;1.0;0.0
77;2021-02-17;662;1381;0;36776;15688;0;2.6;1.1;0.0
77;2021-02-18;998;1692;0;37774;17380;0;2.7;1.2;0.0
77;2021-02-19;933;1178;0;38707;18558;0;2.7;1.3;0.0
77;2021-02-20;97;258;0;38804;18816;0;2.7;1.3;0.0
77;2021-02-21;12;36;0;38816;18852;0;2.7;1.3;0.0
77;2021-02-22;388;899;0;39204;19751;0;2.8;1.4;0.0
77;2021-02-23;474;1193;0;39678;20944;0;2.8;1.5;0.0
77;2021-02-24;615;1046;0;40293;21990;0;2.8;1.5;0.0
77;2021-02-25;913;1171;0;41206;23161;0;2.9;1.6;0.0
77;2021-02-26;1000;935;0;42206;24096;0;3.0;1.7;0.0
77;2021-02-27;533;227;0;42739;24323;0;3.0;1.7;0.0
77;2021-02-28;36;15;0;42775;24338;0;3.0;1.7;0.0
77;2021-03-01;811;797;0;43586;25135;0;3.1;1.8;0.0
77;2021-03-02;1228;1028;0;44814;26163;0;3.1;1.8;0.0
77;2021-03-03;2099;1222;0;46913;27385;0;3.3;1.9;0.0
77;2021-03-04;3086;1246;0;49999;28631;0;3.5;2.0;0.0
77;2021-03-05;3767;1074;0;53766;29705;0;3.8;2.1;0.0
77;2021-03-06;5019;298;0;58785;30003;0;4.1;2.1;0.0
77;2021-03-07;3456;183;0;62241;30186;0;4.4;2.1;0.0
77;2021-03-08;1508;607;0;63749;30793;0;4.5;2.2;0.0
77;2021-03-09;2746;729;0;66495;31522;0;4.7;2.2;0.0
77;2021-03-10;2731;703;0;69226;32225;0;4.9;2.3;0.0
77;2021-03-11;3963;879;0;73189;33104;0;5.1;2.3;0.0
77;2021-03-12;4366;822;0;77555;33926;0;5.4;2.4;0.0
77;2021-03-13;4635;251;0;82190;34177;0;5.8;2.4;0.0
77;2021-03-14;2112;115;0;84302;34292;0;5.9;2.4;0.0
77;2021-03-15;2789;384;0;87091;34676;0;6.1;2.4;0.0
77;2021-03-16;2673;437;0;89764;35113;0;6.3;2.5;0.0
77;2021-03-17;2646;463;0;92410;35576;0;6.5;2.5;0.0
77;2021-03-18;3236;457;0;95646;36033;0;6.7;2.5;0.0
77;2021-03-19;3582;483;0;99228;36516;0;7.0;2.6;0.0
77;2021-03-20;2393;125;0;101621;36641;0;7.1;2.6;0.0
77;2021-03-21;453;61;0;102074;36702;0;7.2;2.6;0.0
77;2021-03-22;3256;465;0;105330;37167;0;7.4;2.6;0.0
77;2021-03-23;4887;653;0;110217;37820;0;7.7;2.7;0.0
77;2021-03-24;4623;650;0;114840;38470;0;8.1;2.7;0.0
77;2021-03-25;6424;547;0;121264;39017;0;8.5;2.7;0.0
77;2021-03-26;6821;560;0;128085;39577;0;9.0;2.8;0.0
77;2021-03-27;3997;208;0;132082;39785;0;9.3;2.8;0.0
77;2021-03-28;1879;72;0;133961;39857;0;9.4;2.8;0.0
77;2021-03-29;3293;842;0;137254;40699;0;9.6;2.9;0.0
77;2021-03-30;4700;1319;0;141954;42018;0;10.0;3.0;0.0
77;2021-03-31;4374;1288;0;146328;43306;0;10.3;3.0;0.0
77;2021-04-01;5067;2047;0;151395;45353;0;10.6;3.2;0.0
77;2021-04-02;4739;2207;0;156134;47560;0;11.0;3.3;0.0
77;2021-04-03;2267;2320;0;158401;49880;0;11.1;3.5;0.0
77;2021-04-04;742;1423;0;159143;51303;0;11.2;3.6;0.0
77;2021-04-05;616;184;0;159759;51487;0;11.2;3.6;0.0
77;2021-04-06;3452;2076;0;163211;53563;0;11.5;3.8;0.0
77;2021-04-07;4235;2261;0;167446;55824;0;11.8;3.9;0.0
77;2021-04-08;5649;2522;0;173095;58346;0;12.2;4.1;0.0
77;2021-04-09;5996;2208;0;179091;60554;0;12.6;4.3;0.0
77;2021-04-10;3737;2810;0;182828;63364;0;12.8;4.5;0.0
77;2021-04-11;941;838;0;183769;64202;0;12.9;4.5;0.0
77;2021-04-12;3010;2047;0;186779;66249;0;13.1;4.7;0.0
77;2021-04-13;4339;3070;0;191118;69319;0;13.4;4.9;0.0
77;2021-04-14;3418;2713;0;194536;72032;0;13.7;5.1;0.0
77;2021-04-15;4468;3294;0;199004;75326;0;14.0;5.3;0.0
77;2021-04-16;4477;2857;0;203481;78183;0;14.3;5.5;0.0
77;2021-04-17;2214;892;0;205695;79075;0;14.4;5.6;0.0
77;2021-04-18;403;213;0;206098;79288;0;14.5;5.6;0.0
77;2021-04-19;2877;2671;0;208975;81959;0;14.7;5.8;0.0
77;2021-04-20;3270;3640;0;212245;85599;0;14.9;6.0;0.0
77;2021-04-21;3090;3694;0;215335;89293;0;15.1;6.3;0.0
77;2021-04-22;4081;4246;0;219416;93539;0;15.4;6.6;0.0
77;2021-04-23;4615;4062;0;224031;97601;0;15.7;6.9;0.0
77;2021-04-24;6058;3034;0;230089;100635;0;16.2;7.1;0.0
77;2021-04-25;4619;1420;0;234708;102055;0;16.5;7.2;0.0
77;2021-04-26;4131;2544;0;238839;104599;0;16.8;7.3;0.0
77;2021-04-27;5169;3104;0;244008;107703;0;17.1;7.6;0.0
77;2021-04-28;5289;3170;0;249297;110873;0;17.5;7.8;0.0
77;2021-04-29;6000;3713;0;255297;114586;0;17.9;8.0;0.0
77;2021-04-30;6503;3946;0;261800;118532;0;18.4;8.3;0.0
77;2021-05-01;3635;933;0;265435;119465;0;18.6;8.4;0.0
77;2021-05-02;3498;661;0;268933;120126;0;18.9;8.4;0.0
77;2021-05-03;7138;3359;0;276071;123485;0;19.4;8.7;0.0
77;2021-05-04;7602;3800;0;283673;127285;0;19.9;8.9;0.0
77;2021-05-05;7112;3845;0;290785;131130;0;20.4;9.2;0.0
77;2021-05-06;8187;4345;0;298972;135475;0;21.0;9.5;0.0
77;2021-05-07;9245;4240;0;308217;139715;0;21.7;9.8;0.0
77;2021-05-08;6845;1512;0;315062;141227;0;22.1;9.9;0.0
77;2021-05-09;5315;1044;0;320377;142271;0;22.5;10.0;0.0
77;2021-05-10;8742;3074;0;329119;145345;0;23.1;10.2;0.0
77;2021-05-11;10095;3787;0;339214;149132;0;23.8;10.5;0.0
77;2021-05-12;9513;3035;0;348727;152167;0;24.5;10.7;0.0
77;2021-05-13;9532;1150;0;358259;153317;0;25.2;10.8;0.0
77;2021-05-14;10776;2157;0;369035;155474;0;25.9;10.9;0.0
77;2021-05-15;9257;1616;0;378292;157090;0;26.6;11.0;0.0
77;2021-05-16;5051;579;0;383343;157669;0;26.9;11.1;0.0
77;2021-05-17;10093;1783;0;393436;159452;0;27.6;11.2;0.0
77;2021-05-18;11625;2139;0;405061;161591;0;28.5;11.4;0.0
77;2021-05-19;10634;2189;0;415695;163780;0;29.2;11.5;0.0
77;2021-05-20;11952;2827;0;427647;166607;0;30.0;11.7;0.0
77;2021-05-21;11433;3031;0;439080;169638;0;30.8;11.9;0.0
77;2021-05-22;9511;1851;0;448591;171489;0;31.5;12.0;0.0
77;2021-05-23;6325;834;0;454916;172323;0;32.0;12.1;0.0
77;2021-05-24;6730;873;0;461646;173196;0;32.4;12.2;0.0
77;2021-05-25;8269;3410;0;469915;176606;0;33.0;12.4;0.0
77;2021-05-26;7862;3388;0;477777;179994;0;33.6;12.6;0.0
77;2021-05-27;8031;4550;0;485808;184544;0;34.1;13.0;0.0
77;2021-05-28;8063;4717;0;493871;189261;0;34.7;13.3;0.0
77;2021-05-29;7346;2889;0;501217;192150;0;35.2;13.5;0.0
77;2021-05-30;4201;1059;0;505418;193209;0;35.5;13.6;0.0
77;2021-05-31;7819;4474;0;513237;197683;0;36.1;13.9;0.0
77;2021-06-01;9208;5185;0;522445;202868;0;36.7;14.3;0.0
77;2021-06-02;8686;4620;0;531131;207488;0;37.3;14.6;0.0
77;2021-06-03;8693;6176;0;539824;213664;0;37.9;15.0;0.0
77;2021-06-04;9070;6555;0;548894;220219;0;38.6;15.5;0.0
77;2021-06-05;6414;5976;0;555308;226195;0;39.0;15.9;0.0
77;2021-06-06;4368;3225;0;559676;229420;0;39.3;16.1;0.0
77;2021-06-07;6313;5535;0;565989;234955;0;39.8;16.5;0.0
77;2021-06-08;5938;6245;0;571927;241200;0;40.2;16.9;0.0
77;2021-06-09;5338;6132;0;577265;247332;0;40.5;17.4;0.0
77;2021-06-10;5370;7450;0;582635;254782;0;40.9;17.9;0.0
77;2021-06-11;5997;7279;0;588632;262061;0;41.3;18.4;0.0
77;2021-06-12;6214;5794;0;594846;267855;0;41.8;18.8;0.0
77;2021-06-13;3266;3254;0;598112;271109;0;42.0;19.0;0.0
77;2021-06-14;3607;9135;0;601719;280244;0;42.3;19.7;0.0
77;2021-06-15;4544;9741;0;606263;289985;0;42.6;20.4;0.0
77;2021-06-16;5045;9257;0;611308;299242;0;42.9;21.0;0.0
77;2021-06-17;4832;9881;0;616140;309123;0;43.3;21.7;0.0
77;2021-06-18;4757;11027;0;620897;320150;0;43.6;22.5;0.0
77;2021-06-19;5111;8059;0;626008;328209;0;44.0;23.1;0.0
77;2021-06-20;2169;4297;0;628177;332506;0;44.1;23.4;0.0
77;2021-06-21;3336;10105;0;631513;342611;0;44.4;24.1;0.0
77;2021-06-22;3884;11786;0;635397;354397;0;44.6;24.9;0.0
77;2021-06-23;3743;10623;0;639140;365020;0;44.9;25.6;0.0
77;2021-06-24;3762;11333;0;642902;376353;0;45.2;26.4;0.0
77;2021-06-25;3785;11485;0;646687;387838;0;45.4;27.2;0.0
77;2021-06-26;3909;10571;0;650596;398409;0;45.7;28.0;0.0
77;2021-06-27;2035;6112;0;652631;404521;0;45.8;28.4;0.0
77;2021-06-28;2887;10905;0;655518;415426;0;46.0;29.2;0.0
77;2021-06-29;3599;12622;0;659117;428048;0;46.3;30.1;0.0
77;2021-06-30;3559;11515;0;662676;439563;0;46.5;30.9;0.0
77;2021-07-01;3887;11606;0;666563;451169;0;46.8;31.7;0.0
77;2021-07-02;4152;12404;0;670715;463573;0;47.1;32.6;0.0
77;2021-07-03;3381;10714;0;674096;474287;0;47.4;33.3;0.0
77;2021-07-04;1976;6084;0;676072;480371;0;47.5;33.7;0.0
77;2021-07-05;3794;9657;0;679866;490028;0;47.8;34.4;0.0
77;2021-07-06;3989;9894;0;683855;499922;0;48.0;35.1;0.0
77;2021-07-07;4263;9463;2;688118;509385;2;48.3;35.8;0.0
77;2021-07-08;4454;9481;0;692572;518866;2;48.6;36.4;0.0
77;2021-07-09;5094;10878;0;697666;529744;2;49.0;37.2;0.0
77;2021-07-10;4082;9950;0;701748;539694;2;49.3;37.9;0.0
77;2021-07-11;2868;4922;0;704616;544616;2;49.5;38.3;0.0
77;2021-07-12;3647;10651;0;708263;555267;2;49.8;39.0;0.0
77;2021-07-13;6880;12183;0;715143;567450;2;50.2;39.9;0.0
77;2021-07-14;4172;6240;0;719315;573690;2;50.5;40.3;0.0
77;2021-07-15;8292;12439;0;727607;586129;2;51.1;41.2;0.0
77;2021-07-16;8897;10626;0;736504;596755;2;51.7;41.9;0.0
77;2021-07-17;6542;9532;0;743046;606287;2;52.2;42.6;0.0
77;2021-07-18;4109;5045;0;747155;611332;2;52.5;42.9;0.0
77;2021-07-19;7888;9349;0;755043;620681;2;53.0;43.6;0.0
77;2021-07-20;10296;8991;0;765339;629672;2;53.8;44.2;0.0
77;2021-07-21;10226;8358;0;775565;638030;2;54.5;44.8;0.0
77;2021-07-22;11217;8425;0;786782;646455;2;55.3;45.4;0.0
77;2021-07-23;10701;9151;0;797483;655606;2;56.0;46.1;0.0
77;2021-07-24;7591;8134;0;805074;663740;2;56.6;46.6;0.0
77;2021-07-25;5347;3902;0;810421;667642;2;56.9;46.9;0.0
77;2021-07-26;9131;6585;0;819552;674227;2;57.6;47.4;0.0
77;2021-07-27;10913;6600;0;830465;680827;2;58.3;47.8;0.0
77;2021-07-28;9926;7052;0;840391;687879;2;59.0;48.3;0.0
77;2021-07-29;9807;6164;0;850198;694043;2;59.7;48.8;0.0
77;2021-07-30;9879;6963;0;860077;701006;2;60.4;49.2;0.0
77;2021-07-31;7003;6660;0;867080;707666;2;60.9;49.7;0.0
77;2021-08-01;2864;1433;0;869944;709099;2;61.1;49.8;0.0
77;2021-08-02;7379;6148;0;877323;715247;2;61.6;50.2;0.0
77;2021-08-03;6359;5437;0;883682;720684;2;62.1;50.6;0.0
77;2021-08-04;5404;5275;0;889086;725959;2;62.5;51.0;0.0
77;2021-08-05;3926;4076;0;893012;730035;2;62.7;51.3;0.0
77;2021-08-06;6230;6121;0;899242;736156;2;63.2;51.7;0.0
77;2021-08-07;5248;6988;0;904490;743144;2;63.5;52.2;0.0
77;2021-08-08;1939;2137;0;906429;745281;2;63.7;52.4;0.0
77;2021-08-09;5376;7414;0;911805;752695;2;64.0;52.9;0.0
77;2021-08-10;3529;5115;0;915334;757810;2;64.3;53.2;0.0
77;2021-08-11;3616;7187;0;918950;764997;2;64.6;53.7;0.0
77;2021-08-12;3037;4966;0;921987;769963;2;64.8;54.1;0.0
77;2021-08-13;3284;6014;0;925271;775977;2;65.0;54.5;0.0
77;2021-08-14;3013;7526;0;928284;783503;2;65.2;55.0;0.0
77;2021-08-15;819;942;0;929103;784445;2;65.3;55.1;0.0
77;2021-08-16;2812;7822;0;931915;792267;2;65.5;55.7;0.0
77;2021-08-17;3303;8023;0;935218;800290;2;65.7;56.2;0.0
77;2021-08-18;2982;7299;0;938200;807589;2;65.9;56.7;0.0
77;2021-08-19;2946;6149;0;941146;813738;2;66.1;57.2;0.0
77;2021-08-20;2972;6639;0;944118;820377;2;66.3;57.6;0.0
77;2021-08-21;2695;7324;0;946813;827701;2;66.5;58.1;0.0
77;2021-08-22;1614;4855;0;948427;832556;2;66.6;58.5;0.0
77;2021-08-23;2585;9609;0;951012;842165;2;66.8;59.2;0.0
77;2021-08-24;3196;9320;0;954208;851485;2;67.0;59.8;0.0
77;2021-08-25;2723;6933;0;956931;858418;2;67.2;60.3;0.0
77;2021-08-26;2727;6578;0;959658;864996;2;67.4;60.8;0.0
77;2021-08-27;2902;7541;1;962560;872537;3;67.6;61.3;0.0
77;2021-08-28;2114;7341;0;964674;879878;3;67.8;61.8;0.0
77;2021-08-29;1439;4721;0;966113;884599;3;67.9;62.1;0.0
77;2021-08-30;2695;8266;111;968808;892865;114;68.1;62.7;0.0
77;2021-08-31;2916;6079;152;971724;898944;266;68.3;63.1;0.0
77;2021-09-01;2724;4256;345;974448;903200;611;68.4;63.4;0.0
77;2021-09-02;1920;3252;372;976368;906452;983;68.6;63.7;0.1
77;2021-09-03;2276;4595;470;978644;911047;1453;68.7;64.0;0.1
77;2021-09-04;2521;5785;201;981165;916832;1654;68.9;64.4;0.1
77;2021-09-05;873;1443;183;982038;918275;1837;69.0;64.5;0.1
77;2021-09-06;1287;2505;468;983325;920780;2305;69.1;64.7;0.2
77;2021-09-07;1151;2512;361;984476;923292;2666;69.2;64.9;0.2
77;2021-09-08;1847;3157;527;986323;926449;3193;69.3;65.1;0.2
77;2021-09-09;1140;2252;459;987463;928701;3652;69.4;65.2;0.3
77;2021-09-10;1435;2634;411;988898;931335;4063;69.5;65.4;0.3
77;2021-09-11;1969;5335;328;990867;936670;4391;69.6;65.8;0.3
77;2021-09-12;548;1377;72;991415;938047;4463;69.6;65.9;0.3
77;2021-09-13;1202;2028;661;992617;940075;5124;69.7;66.0;0.4
77;2021-09-14;1214;2014;645;993831;942089;5769;69.8;66.2;0.4
77;2021-09-15;1310;2671;897;995141;944760;6666;69.9;66.4;0.5
77;2021-09-16;1069;1802;979;996210;946562;7645;70.0;66.5;0.5
77;2021-09-17;1317;2337;681;997527;948899;8326;70.1;66.7;0.6
77;2021-09-18;1346;3743;330;998873;952642;8656;70.2;66.9;0.6
77;2021-09-19;254;1178;87;999127;953820;8743;70.2;67.0;0.6
77;2021-09-20;942;1838;712;1000069;955658;9455;70.2;67.1;0.7
77;2021-09-21;896;1667;945;1000965;957325;10400;70.3;67.2;0.7
77;2021-09-22;882;2689;934;1001847;960014;11334;70.4;67.4;0.8
77;2021-09-23;636;1554;662;1002483;961568;11996;70.4;67.5;0.8
77;2021-09-24;887;1995;772;1003370;963563;12768;70.5;67.7;0.9
77;2021-09-25;1021;3912;519;1004391;967475;13287;70.6;68.0;0.9
77;2021-09-26;252;866;121;1004643;968341;13408;70.6;68.0;0.9
77;2021-09-27;747;1435;771;1005390;969776;14179;70.6;68.1;1.0
77;2021-09-28;814;1060;577;1006204;970836;14756;70.7;68.2;1.0
77;2021-09-29;1018;1874;1032;1007222;972710;15788;70.8;68.3;1.1
77;2021-09-30;698;1092;651;1007920;973802;16439;70.8;68.4;1.2
77;2021-10-01;1229;1300;760;1009149;975102;17199;70.9;68.5;1.2
77;2021-10-02;1184;2197;610;1010333;977299;17809;71.0;68.6;1.3
77;2021-10-03;181;504;92;1010514;977803;17901;71.0;68.7;1.3
77;2021-10-04;663;932;869;1011177;978735;18770;71.0;68.8;1.3
77;2021-10-05;512;937;743;1011689;979672;19513;71.1;68.8;1.4
77;2021-10-06;706;1417;968;1012395;981089;20481;71.1;68.9;1.4
77;2021-10-07;518;876;830;1012913;981965;21311;71.2;69.0;1.5
77;2021-10-08;855;1408;1103;1013768;983373;22414;71.2;69.1;1.6
77;2021-10-09;932;1967;987;1014700;985340;23401;71.3;69.2;1.6
77;2021-10-10;102;156;43;1014802;985496;23444;71.3;69.2;1.6
77;2021-10-11;719;991;1168;1015521;986487;24612;71.3;69.3;1.7
77;2021-10-12;595;996;1380;1016116;987483;25992;71.4;69.4;1.8
77;2021-10-13;828;1084;1487;1016944;988567;27479;71.4;69.4;1.9
77;2021-10-14;513;832;1156;1017457;989399;28635;71.5;69.5;2.0
77;2021-10-15;767;1204;1440;1018224;990603;30075;71.5;69.6;2.1
77;2021-10-16;915;1301;951;1019139;991904;31026;71.6;69.7;2.2
77;2021-10-17;81;123;54;1019220;992027;31080;71.6;69.7;2.2
77;2021-10-18;584;861;1421;1019804;992888;32501;71.6;69.7;2.3
77;2021-10-19;457;895;1159;1020261;993783;33660;71.7;69.8;2.4
77;2021-10-20;625;1137;1820;1020886;994920;35480;71.7;69.9;2.5
77;2021-10-21;416;683;1370;1021302;995603;36850;71.7;69.9;2.6
77;2021-10-22;669;1105;2038;1021971;996708;38888;71.8;70.0;2.7
77;2021-10-23;801;1247;1400;1022772;997955;40288;71.8;70.1;2.8
77;2021-10-24;39;100;39;1022811;998055;40327;71.8;70.1;2.8
77;2021-10-25;481;661;1411;1023292;998716;41738;71.9;70.2;2.9
77;2021-10-26;348;444;1041;1023640;999160;42779;71.9;70.2;3.0
77;2021-10-27;496;700;2143;1024136;999860;44922;71.9;70.2;3.2
77;2021-10-28;375;556;1294;1024511;1000416;46216;72.0;70.3;3.2
77;2021-10-29;549;787;1752;1025060;1001203;47968;72.0;70.3;3.4
77;2021-10-30;570;901;1393;1025630;1002104;49361;72.0;70.4;3.5
77;2021-10-31;42;89;30;1025672;1002193;49391;72.0;70.4;3.5
77;2021-11-01;163;125;213;1025835;1002318;49604;72.1;70.4;3.5
77;2021-11-02;353;585;1261;1026188;1002903;50865;72.1;70.4;3.6
77;2021-11-03;487;787;1899;1026675;1003690;52764;72.1;70.5;3.7
77;2021-11-04;337;578;1708;1027012;1004268;54472;72.1;70.5;3.8
77;2021-11-05;544;696;2129;1027556;1004964;56601;72.2;70.6;4.0
77;2021-11-06;627;1098;1748;1028183;1006062;58349;72.2;70.7;4.1
77;2021-11-07;32;73;33;1028215;1006135;58382;72.2;70.7;4.1
77;2021-11-08;393;630;2548;1028608;1006765;60930;72.3;70.7;4.3
77;2021-11-09;301;502;2118;1028909;1007267;63048;72.3;70.8;4.4
77;2021-11-10;509;731;3100;1029418;1007998;66148;72.3;70.8;4.6
77;2021-11-11;60;111;393;1029478;1008109;66541;72.3;70.8;4.7
77;2021-11-12;541;724;3103;1030019;1008833;69644;72.4;70.9;4.9
77;2021-11-13;655;1005;2214;1030674;1009838;71858;72.4;70.9;5.0
77;2021-11-14;32;79;120;1030706;1009917;71978;72.4;70.9;5.1
77;2021-11-15;351;461;2563;1031057;1010378;74541;72.4;71.0;5.2
77;2021-11-16;377;432;2973;1031434;1010810;77514;72.5;71.0;5.4
77;2021-11-17;455;626;2707;1031889;1011436;80221;72.5;71.0;5.6
77;2021-11-18;355;463;2970;1032244;1011899;83191;72.5;71.1;5.8
77;2021-11-19;547;605;3456;1032791;1012504;86647;72.5;71.1;6.1
77;2021-11-20;833;1096;3078;1033624;1013600;89725;72.6;71.2;6.3
77;2021-11-21;54;88;306;1033678;1013688;90031;72.6;71.2;6.3
77;2021-11-22;444;481;3212;1034122;1014169;93243;72.6;71.2;6.5
77;2021-11-23;313;400;2593;1034435;1014569;95836;72.7;71.3;6.7
77;2021-11-24;519;692;3637;1034954;1015261;99473;72.7;71.3;7.0
77;2021-11-25;386;444;3705;1035340;1015705;103178;72.7;71.3;7.2
77;2021-11-26;571;624;6429;1035911;1016329;109607;72.8;71.4;7.7
77;2021-11-27;701;867;6183;1036612;1017196;115790;72.8;71.5;8.1
77;2021-11-28;64;98;764;1036676;1017294;116554;72.8;71.5;8.2
77;2021-11-29;282;401;6265;1036958;1017695;122819;72.8;71.5;8.6
77;2021-11-30;356;453;8262;1037314;1018148;131081;72.9;71.5;9.2
77;2021-12-01;393;574;9077;1037707;1018722;140158;72.9;71.6;9.8
77;2021-12-02;322;392;10117;1038029;1019114;150275;72.9;71.6;10.6
77;2021-12-03;340;527;10980;1038369;1019641;161255;72.9;71.6;11.3
77;2021-12-04;476;792;8967;1038845;1020433;170222;73.0;71.7;12.0
77;2021-12-05;92;114;2130;1038937;1020547;172352;73.0;71.7;12.1
77;2021-12-06;318;508;10620;1039255;1021055;182972;73.0;71.7;12.9
77;2021-12-07;381;492;14277;1039636;1021547;197249;73.0;71.8;13.9
77;2021-12-08;462;572;14104;1040098;1022119;211353;73.1;71.8;14.8
77;2021-12-09;414;506;15292;1040512;1022625;226645;73.1;71.8;15.9
77;2021-12-10;421;647;17024;1040933;1023272;243669;73.1;71.9;17.1
77;2021-12-11;504;791;14853;1041437;1024063;258522;73.2;71.9;18.2
77;2021-12-12;240;213;7459;1041677;1024276;265981;73.2;71.9;18.7
77;2021-12-13;339;502;12720;1042016;1024778;278701;73.2;72.0;19.6
77;2021-12-14;402;499;15540;1042418;1025277;294241;73.2;72.0;20.7
77;2021-12-15;461;554;14656;1042879;1025831;308897;73.3;72.1;21.7
77;2021-12-16;432;528;15902;1043311;1026359;324799;73.3;72.1;22.8
77;2021-12-17;465;701;17087;1043776;1027060;341886;73.3;72.1;24.0
77;2021-12-18;642;865;15155;1044418;1027925;357041;73.4;72.2;25.1
77;2021-12-19;241;180;5500;1044659;1028105;362541;73.4;72.2;25.5
77;2021-12-20;540;549;12819;1045199;1028654;375360;73.4;72.3;26.4
77;2021-12-21;691;679;15030;1045890;1029333;390390;73.5;72.3;27.4
77;2021-12-22;623;680;11792;1046513;1030013;402182;73.5;72.4;28.3
78;2020-12-27;4;0;0;4;0;0;0.0;0.0;0.0
78;2020-12-28;0;0;0;4;0;0;0.0;0.0;0.0
78;2020-12-29;2;0;0;6;0;0;0.0;0.0;0.0
78;2020-12-30;6;0;0;12;0;0;0.0;0.0;0.0
78;2020-12-31;12;0;0;24;0;0;0.0;0.0;0.0
78;2021-01-01;8;0;0;32;0;0;0.0;0.0;0.0
78;2021-01-02;1;0;0;33;0;0;0.0;0.0;0.0
78;2021-01-03;5;0;0;38;0;0;0.0;0.0;0.0
78;2021-01-04;122;3;0;160;3;0;0.0;0.0;0.0
78;2021-01-05;221;1;0;381;4;0;0.0;0.0;0.0
78;2021-01-06;262;5;0;643;9;0;0.0;0.0;0.0
78;2021-01-07;517;3;0;1160;12;0;0.1;0.0;0.0
78;2021-01-08;704;5;0;1864;17;0;0.1;0.0;0.0
78;2021-01-09;78;1;0;1942;18;0;0.1;0.0;0.0
78;2021-01-10;49;1;0;1991;19;0;0.1;0.0;0.0
78;2021-01-11;909;8;0;2900;27;0;0.2;0.0;0.0
78;2021-01-12;1074;7;0;3974;34;0;0.3;0.0;0.0
78;2021-01-13;964;12;0;4938;46;0;0.3;0.0;0.0
78;2021-01-14;1080;19;0;6018;65;0;0.4;0.0;0.0
78;2021-01-15;1025;9;0;7043;74;0;0.5;0.0;0.0
78;2021-01-16;108;2;0;7151;76;0;0.5;0.0;0.0
78;2021-01-17;80;0;0;7231;76;0;0.5;0.0;0.0
78;2021-01-18;1551;13;0;8782;89;0;0.6;0.0;0.0
78;2021-01-19;2024;23;0;10806;112;0;0.7;0.0;0.0
78;2021-01-20;2046;17;0;12852;129;0;0.9;0.0;0.0
78;2021-01-21;3491;27;0;16343;156;0;1.1;0.0;0.0
78;2021-01-22;2526;25;0;18869;181;0;1.3;0.0;0.0
78;2021-01-23;454;0;0;19323;181;0;1.3;0.0;0.0
78;2021-01-24;74;2;0;19397;183;0;1.3;0.0;0.0
78;2021-01-25;1152;33;0;20549;216;0;1.4;0.0;0.0
78;2021-01-26;1738;39;0;22287;255;0;1.5;0.0;0.0
78;2021-01-27;2321;73;0;24608;328;0;1.7;0.0;0.0
78;2021-01-28;2868;137;0;27476;465;0;1.9;0.0;0.0
78;2021-01-29;1869;103;0;29345;568;0;2.0;0.0;0.0
78;2021-01-30;359;9;0;29704;577;0;2.1;0.0;0.0
78;2021-01-31;33;4;0;29737;581;0;2.1;0.0;0.0
78;2021-02-01;976;262;0;30713;843;0;2.1;0.1;0.0
78;2021-02-02;1191;372;0;31904;1215;0;2.2;0.1;0.0
78;2021-02-03;1202;324;0;33106;1539;0;2.3;0.1;0.0
78;2021-02-04;1374;526;0;34480;2065;0;2.4;0.1;0.0
78;2021-02-05;1346;581;0;35826;2646;0;2.5;0.2;0.0
78;2021-02-06;302;58;0;36128;2704;0;2.5;0.2;0.0
78;2021-02-07;104;34;0;36232;2738;0;2.5;0.2;0.0
78;2021-02-08;841;735;0;37073;3473;0;2.6;0.2;0.0
78;2021-02-09;1261;1193;0;38334;4666;0;2.6;0.3;0.0
78;2021-02-10;1416;1365;0;39750;6031;0;2.7;0.4;0.0
78;2021-02-11;1959;2089;0;41709;8120;0;2.9;0.6;0.0
78;2021-02-12;1953;1480;0;43662;9600;0;3.0;0.7;0.0
78;2021-02-13;196;154;0;43858;9754;0;3.0;0.7;0.0
78;2021-02-14;44;67;0;43902;9821;0;3.0;0.7;0.0
78;2021-02-15;517;1627;0;44419;11448;0;3.1;0.8;0.0
78;2021-02-16;681;1984;0;45100;13432;0;3.1;0.9;0.0
78;2021-02-17;727;2395;0;45827;15827;0;3.2;1.1;0.0
78;2021-02-18;1159;2635;0;46986;18462;0;3.2;1.3;0.0
78;2021-02-19;1016;2010;0;48002;20472;0;3.3;1.4;0.0
78;2021-02-20;174;275;0;48176;20747;0;3.3;1.4;0.0
78;2021-02-21;16;54;0;48192;20801;0;3.3;1.4;0.0
78;2021-02-22;606;1296;0;48798;22097;0;3.4;1.5;0.0
78;2021-02-23;699;1331;0;49497;23428;0;3.4;1.6;0.0
78;2021-02-24;736;1502;0;50233;24930;0;3.5;1.7;0.0
78;2021-02-25;1067;1609;0;51300;26539;0;3.5;1.8;0.0
78;2021-02-26;1422;1474;0;52722;28013;0;3.6;1.9;0.0
78;2021-02-27;827;274;0;53549;28287;0;3.7;2.0;0.0
78;2021-02-28;117;48;0;53666;28335;0;3.7;2.0;0.0
78;2021-03-01;1159;1107;0;54825;29442;0;3.8;2.0;0.0
78;2021-03-02;2035;1275;0;56860;30717;0;3.9;2.1;0.0
78;2021-03-03;2285;1444;0;59145;32161;0;4.1;2.2;0.0
78;2021-03-04;3569;1821;0;62714;33982;0;4.3;2.3;0.0
78;2021-03-05;4091;1869;0;66805;35851;0;4.6;2.5;0.0
78;2021-03-06;7017;384;0;73822;36235;0;5.1;2.5;0.0
78;2021-03-07;4421;221;0;78243;36456;0;5.4;2.5;0.0
78;2021-03-08;1975;930;0;80218;37386;0;5.5;2.6;0.0
78;2021-03-09;3624;1088;0;83842;38474;0;5.8;2.7;0.0
78;2021-03-10;3706;1293;0;87548;39767;0;6.0;2.7;0.0
78;2021-03-11;4976;1537;0;92524;41304;0;6.4;2.9;0.0
78;2021-03-12;6188;1591;0;98712;42895;0;6.8;3.0;0.0
78;2021-03-13;5419;316;0;104131;43211;0;7.2;3.0;0.0
78;2021-03-14;1522;73;0;105653;43284;0;7.3;3.0;0.0
78;2021-03-15;4102;381;0;109755;43665;0;7.6;3.0;0.0
78;2021-03-16;3172;616;0;112927;44281;0;7.8;3.1;0.0
78;2021-03-17;3479;545;0;116406;44826;0;8.0;3.1;0.0
78;2021-03-18;4578;550;0;120984;45376;0;8.4;3.1;0.0
78;2021-03-19;6153;618;0;127137;45994;0;8.8;3.2;0.0
78;2021-03-20;2803;160;0;129940;46154;0;9.0;3.2;0.0
78;2021-03-21;310;39;0;130250;46193;0;9.0;3.2;0.0
78;2021-03-22;3892;509;0;134142;46702;0;9.3;3.2;0.0
78;2021-03-23;5787;699;0;139929;47401;0;9.7;3.3;0.0
78;2021-03-24;5408;728;0;145337;48129;0;10.0;3.3;0.0
78;2021-03-25;7750;776;0;153087;48905;0;10.6;3.4;0.0
78;2021-03-26;7758;921;0;160845;49826;0;11.1;3.4;0.0
78;2021-03-27;4506;336;0;165351;50162;0;11.4;3.5;0.0
78;2021-03-28;2120;81;0;167471;50243;0;11.6;3.5;0.0
78;2021-03-29;4257;1001;0;171728;51244;0;11.9;3.5;0.0
78;2021-03-30;5882;1363;0;177610;52607;0;12.3;3.6;0.0
78;2021-03-31;5746;1693;0;183356;54300;0;12.7;3.7;0.0
78;2021-04-01;6355;2799;0;189711;57099;0;13.1;3.9;0.0
78;2021-04-02;5618;3278;0;195329;60377;0;13.5;4.2;0.0
78;2021-04-03;2411;3385;0;197740;63762;0;13.7;4.4;0.0
78;2021-04-04;465;345;0;198205;64107;0;13.7;4.4;0.0
78;2021-04-05;536;76;0;198741;64183;0;13.7;4.4;0.0
78;2021-04-06;3865;2822;0;202606;67005;0;14.0;4.6;0.0
78;2021-04-07;5063;3114;0;207669;70119;0;14.3;4.8;0.0
78;2021-04-08;6109;3212;0;213778;73331;0;14.8;5.1;0.0
78;2021-04-09;7530;3039;0;221308;76370;0;15.3;5.3;0.0
78;2021-04-10;4188;2464;0;225496;78834;0;15.6;5.4;0.0
78;2021-04-11;583;852;0;226079;79686;0;15.6;5.5;0.0
78;2021-04-12;3693;2767;0;229772;82453;0;15.9;5.7;0.0
78;2021-04-13;5627;3295;0;235399;85748;0;16.2;5.9;0.0
78;2021-04-14;5372;3845;0;240771;89593;0;16.6;6.2;0.0
78;2021-04-15;5205;4634;0;245976;94227;0;17.0;6.5;0.0
78;2021-04-16;6406;4618;0;252382;98845;0;17.4;6.8;0.0
78;2021-04-17;4025;1160;0;256407;100005;0;17.7;6.9;0.0
78;2021-04-18;549;159;0;256956;100164;0;17.7;6.9;0.0
78;2021-04-19;3524;3103;0;260480;103267;0;18.0;7.1;0.0
78;2021-04-20;5011;4126;0;265491;107393;0;18.3;7.4;0.0
78;2021-04-21;5260;3867;0;270751;111260;0;18.7;7.7;0.0
78;2021-04-22;5077;5121;0;275828;116381;0;19.0;8.0;0.0
78;2021-04-23;5786;5052;0;281614;121433;0;19.4;8.4;0.0
78;2021-04-24;5867;3164;0;287481;124597;0;19.8;8.6;0.0
78;2021-04-25;3300;1813;0;290781;126410;0;20.1;8.7;0.0
78;2021-04-26;4999;3629;0;295780;130039;0;20.4;9.0;0.0
78;2021-04-27;5827;4529;0;301607;134568;0;20.8;9.3;0.0
78;2021-04-28;6050;4907;0;307657;139475;0;21.2;9.6;0.0
78;2021-04-29;6942;4716;0;314599;144191;0;21.7;10.0;0.0
78;2021-04-30;8207;4813;0;322806;149004;0;22.3;10.3;0.0
78;2021-05-01;1246;448;0;324052;149452;0;22.4;10.3;0.0
78;2021-05-02;2032;308;0;326084;149760;0;22.5;10.3;0.0
78;2021-05-03;7306;2403;0;333390;152163;0;23.0;10.5;0.0
78;2021-05-04;6870;4375;0;340260;156538;0;23.5;10.8;0.0
78;2021-05-05;7804;5051;0;348064;161589;0;24.0;11.2;0.0
78;2021-05-06;7718;5552;0;355782;167141;0;24.6;11.5;0.0
78;2021-05-07;9426;5685;0;365208;172826;0;25.2;11.9;0.0
78;2021-05-08;4606;1774;0;369814;174600;0;25.5;12.1;0.0
78;2021-05-09;3682;655;0;373496;175255;0;25.8;12.1;0.0
78;2021-05-10;8870;4592;0;382366;179847;0;26.4;12.4;0.0
78;2021-05-11;10243;5598;0;392609;185445;0;27.1;12.8;0.0
78;2021-05-12;10912;4353;0;403521;189798;0;27.9;13.1;0.0
78;2021-05-13;9036;953;0;412557;190751;0;28.5;13.2;0.0
78;2021-05-14;11888;2746;0;424445;193497;0;29.3;13.4;0.0
78;2021-05-15;6945;2624;0;431390;196121;0;29.8;13.5;0.0
78;2021-05-16;4766;868;0;436156;196989;0;30.1;13.6;0.0
78;2021-05-17;9787;1715;0;445943;198704;0;30.8;13.7;0.0
78;2021-05-18;12020;2430;0;457963;201134;0;31.6;13.9;0.0
78;2021-05-19;13406;2738;0;471369;203872;0;32.5;14.1;0.0
78;2021-05-20;13746;3046;0;485115;206918;0;33.5;14.3;0.0
78;2021-05-21;14072;3188;0;499187;210106;0;34.5;14.5;0.0
78;2021-05-22;8867;1740;0;508054;211846;0;35.1;14.6;0.0
78;2021-05-23;4372;548;0;512426;212394;0;35.4;14.7;0.0
78;2021-05-24;5308;708;0;517734;213102;0;35.7;14.7;0.0
78;2021-05-25;10920;3182;0;528654;216284;0;36.5;14.9;0.0
78;2021-05-26;11311;4344;0;539965;220628;0;37.3;15.2;0.0
78;2021-05-27;12122;5229;0;552087;225857;0;38.1;15.6;0.0
78;2021-05-28;12306;6702;0;564393;232559;0;39.0;16.1;0.0
78;2021-05-29;5549;3661;0;569942;236220;0;39.3;16.3;0.0
78;2021-05-30;1204;550;0;571146;236770;0;39.4;16.3;0.0
78;2021-05-31;8885;5477;0;580031;242247;0;40.0;16.7;0.0
78;2021-06-01;11626;7146;0;591657;249393;0;40.8;17.2;0.0
78;2021-06-02;10485;6850;0;602142;256243;0;41.6;17.7;0.0
78;2021-06-03;11198;7496;0;613340;263739;0;42.3;18.2;0.0
78;2021-06-04;11482;8670;0;624822;272409;0;43.1;18.8;0.0
78;2021-06-05;7842;6956;0;632664;279365;0;43.7;19.3;0.0
78;2021-06-06;2879;2188;0;635543;281553;0;43.9;19.4;0.0
78;2021-06-07;9711;6924;0;645254;288477;0;44.5;19.9;0.0
78;2021-06-08;9592;7850;0;654846;296327;0;45.2;20.5;0.0
78;2021-06-09;8588;7715;0;663434;304042;0;45.8;21.0;0.0
78;2021-06-10;8297;8634;0;671731;312676;0;46.4;21.6;0.0
78;2021-06-11;8757;8998;0;680488;321674;0;47.0;22.2;0.0
78;2021-06-12;7764;4069;0;688252;325743;0;47.5;22.5;0.0
78;2021-06-13;1678;2822;0;689930;328565;0;47.6;22.7;0.0
78;2021-06-14;4502;10088;0;694432;338653;0;47.9;23.4;0.0
78;2021-06-15;6296;9514;0;700728;348167;0;48.4;24.0;0.0
78;2021-06-16;6187;9789;0;706915;357956;0;48.8;24.7;0.0
78;2021-06-17;6184;9819;0;713099;367775;0;49.2;25.4;0.0
78;2021-06-18;6835;11705;0;719934;379480;0;49.7;26.2;0.0
78;2021-06-19;5782;7015;0;725716;386495;0;50.1;26.7;0.0
78;2021-06-20;1002;3873;0;726718;390368;0;50.2;26.9;0.0
78;2021-06-21;4473;10835;0;731191;401203;0;50.5;27.7;0.0
78;2021-06-22;4096;12077;0;735287;413280;0;50.8;28.5;0.0
78;2021-06-23;4488;12251;0;739775;425531;0;51.1;29.4;0.0
78;2021-06-24;4488;11821;0;744263;437352;0;51.4;30.2;0.0
78;2021-06-25;4760;14945;0;749023;452297;0;51.7;31.2;0.0
78;2021-06-26;4709;10087;0;753732;462384;0;52.0;31.9;0.0
78;2021-06-27;1325;3577;0;755057;465961;0;52.1;32.2;0.0
78;2021-06-28;3744;12368;0;758801;478329;0;52.4;33.0;0.0
78;2021-06-29;3854;13170;0;762655;491499;0;52.6;33.9;0.0
78;2021-06-30;4514;14728;0;767169;506227;0;53.0;34.9;0.0
78;2021-07-01;4652;13997;0;771821;520224;0;53.3;35.9;0.0
78;2021-07-02;4804;15230;0;776625;535454;0;53.6;37.0;0.0
78;2021-07-03;3408;10873;0;780033;546327;0;53.8;37.7;0.0
78;2021-07-04;960;2728;0;780993;549055;0;53.9;37.9;0.0
78;2021-07-05;3845;10867;0;784838;559922;0;54.2;38.7;0.0
78;2021-07-06;3907;13374;0;788745;573296;0;54.4;39.6;0.0
78;2021-07-07;4487;12794;0;793232;586090;0;54.8;40.5;0.0
78;2021-07-08;4796;13039;0;798028;599129;0;55.1;41.4;0.0
78;2021-07-09;5411;13988;0;803439;613117;0;55.5;42.3;0.0
78;2021-07-10;3239;8489;0;806678;621606;0;55.7;42.9;0.0
78;2021-07-11;1125;2822;0;807803;624428;0;55.8;43.1;0.0
78;2021-07-12;4006;13784;0;811809;638212;0;56.0;44.1;0.0
78;2021-07-13;6453;14085;0;818262;652297;0;56.5;45.0;0.0
78;2021-07-14;4018;6117;0;822280;658414;0;56.8;45.5;0.0
78;2021-07-15;7411;14479;0;829691;672893;0;57.3;46.5;0.0
78;2021-07-16;8551;13198;0;838242;686091;0;57.9;47.4;0.0
78;2021-07-17;5651;6827;0;843893;692918;0;58.3;47.8;0.0
78;2021-07-18;1744;1206;0;845637;694124;0;58.4;47.9;0.0
78;2021-07-19;5840;12445;0;851477;706569;0;58.8;48.8;0.0
78;2021-07-20;7431;11938;0;858908;718507;0;59.3;49.6;0.0
78;2021-07-21;8191;11762;0;867099;730269;0;59.9;50.4;0.0
78;2021-07-22;8780;11265;0;875879;741534;0;60.5;51.2;0.0
78;2021-07-23;8789;11227;0;884668;752761;0;61.1;52.0;0.0
78;2021-07-24;4725;6320;0;889393;759081;0;61.4;52.4;0.0
78;2021-07-25;1918;1290;0;891311;760371;0;61.5;52.5;0.0
78;2021-07-26;7724;8606;0;899035;768977;0;62.1;53.1;0.0
78;2021-07-27;10373;8641;0;909408;777618;0;62.8;53.7;0.0
78;2021-07-28;10017;7807;0;919425;785425;0;63.5;54.2;0.0
78;2021-07-29;10344;7467;0;929769;792892;0;64.2;54.7;0.0
78;2021-07-30;9627;8805;0;939396;801697;0;64.8;55.3;0.0
78;2021-07-31;4324;3874;0;943720;805571;0;65.1;55.6;0.0
78;2021-08-01;1237;820;0;944957;806391;0;65.2;55.7;0.0
78;2021-08-02;4638;3817;0;949595;810208;0;65.6;55.9;0.0
78;2021-08-03;5968;6142;0;955563;816350;0;66.0;56.4;0.0
78;2021-08-04;6116;4772;0;961679;821122;0;66.4;56.7;0.0
78;2021-08-05;5592;4877;0;967271;825999;0;66.8;57.0;0.0
78;2021-08-06;5417;5848;0;972688;831847;0;67.1;57.4;0.0
78;2021-08-07;3458;4449;0;976146;836296;0;67.4;57.7;0.0
78;2021-08-08;842;838;0;976988;837134;0;67.4;57.8;0.0
78;2021-08-09;3301;3909;0;980289;841043;0;67.7;58.1;0.0
78;2021-08-10;4384;5653;0;984673;846696;0;68.0;58.4;0.0
78;2021-08-11;4133;5414;0;988806;852110;0;68.3;58.8;0.0
78;2021-08-12;3936;5681;0;992742;857791;0;68.5;59.2;0.0
78;2021-08-13;3664;4814;0;996406;862605;0;68.8;59.5;0.0
78;2021-08-14;2842;4118;0;999248;866723;0;69.0;59.8;0.0
78;2021-08-15;424;617;0;999672;867340;0;69.0;59.9;0.0
78;2021-08-16;1863;4918;0;1001535;872258;0;69.1;60.2;0.0
78;2021-08-17;3227;6398;0;1004762;878656;0;69.4;60.7;0.0
78;2021-08-18;3087;6031;0;1007849;884687;0;69.6;61.1;0.0
78;2021-08-19;2833;5469;0;1010682;890156;0;69.8;61.4;0.0
78;2021-08-20;2766;6150;0;1013448;896306;0;70.0;61.9;0.0
78;2021-08-21;2232;5007;0;1015680;901313;0;70.1;62.2;0.0
78;2021-08-22;244;732;0;1015924;902045;0;70.1;62.3;0.0
78;2021-08-23;2512;6277;0;1018436;908322;0;70.3;62.7;0.0
78;2021-08-24;3578;8220;0;1022014;916542;0;70.6;63.3;0.0
78;2021-08-25;3416;7925;0;1025430;924467;0;70.8;63.8;0.0
78;2021-08-26;3025;8515;0;1028455;932982;0;71.0;64.4;0.0
78;2021-08-27;2965;8617;0;1031420;941599;0;71.2;65.0;0.0
78;2021-08-28;2543;6216;0;1033963;947815;0;71.4;65.4;0.0
78;2021-08-29;362;705;0;1034325;948520;0;71.4;65.5;0.0
78;2021-08-30;2929;5947;109;1037254;954467;109;71.6;65.9;0.0
78;2021-08-31;3404;6445;189;1040658;960912;298;71.8;66.3;0.0
78;2021-09-01;3141;5963;508;1043799;966875;806;72.1;66.7;0.1
78;2021-09-02;2330;4809;572;1046129;971684;1378;72.2;67.1;0.1
78;2021-09-03;2374;5133;601;1048503;976817;1979;72.4;67.4;0.1
78;2021-09-04;2708;5145;339;1051211;981962;2318;72.6;67.8;0.2
78;2021-09-05;293;415;34;1051504;982377;2352;72.6;67.8;0.2
78;2021-09-06;1347;2816;594;1052851;985193;2946;72.7;68.0;0.2
78;2021-09-07;1465;3218;700;1054316;988411;3646;72.8;68.2;0.3
78;2021-09-08;1814;3687;607;1056130;992098;4253;72.9;68.5;0.3
78;2021-09-09;1147;2868;656;1057277;994966;4909;73.0;68.7;0.3
78;2021-09-10;1527;3331;623;1058804;998297;5532;73.1;68.9;0.4
78;2021-09-11;2221;4326;510;1061025;1002623;6042;73.2;69.2;0.4
78;2021-09-12;133;230;36;1061158;1002853;6078;73.3;69.2;0.4
78;2021-09-13;1100;2124;700;1062258;1004977;6778;73.3;69.4;0.5
78;2021-09-14;1209;2784;1161;1063467;1007761;7939;73.4;69.6;0.5
78;2021-09-15;1378;3789;1022;1064845;1011550;8961;73.5;69.8;0.6
78;2021-09-16;916;2111;1035;1065761;1013661;9996;73.6;70.0;0.7
78;2021-09-17;1261;2872;990;1067022;1016533;10986;73.7;70.2;0.8
78;2021-09-18;1491;4362;426;1068513;1020895;11412;73.8;70.5;0.8
78;2021-09-19;128;389;32;1068641;1021284;11444;73.8;70.5;0.8
78;2021-09-20;753;1675;854;1069394;1022959;12298;73.8;70.6;0.8
78;2021-09-21;833;1958;1179;1070227;1024917;13477;73.9;70.8;0.9
78;2021-09-22;989;3570;940;1071216;1028487;14417;73.9;71.0;1.0
78;2021-09-23;874;1623;1316;1072090;1030110;15733;74.0;71.1;1.1
78;2021-09-24;1025;2329;1079;1073115;1032439;16812;74.1;71.3;1.2
78;2021-09-25;1123;4151;554;1074238;1036590;17366;74.2;71.6;1.2
78;2021-09-26;63;176;17;1074301;1036766;17383;74.2;71.6;1.2
78;2021-09-27;689;1484;990;1074990;1038250;18373;74.2;71.7;1.3
78;2021-09-28;848;1440;1166;1075838;1039690;19539;74.3;71.8;1.3
78;2021-09-29;1054;2271;1088;1076892;1041961;20627;74.3;71.9;1.4
78;2021-09-30;585;1020;934;1077477;1042981;21561;74.4;72.0;1.5
78;2021-10-01;1299;1778;1277;1078776;1044759;22838;74.5;72.1;1.6
78;2021-10-02;1338;2647;738;1080114;1047406;23576;74.6;72.3;1.6
78;2021-10-03;76;110;30;1080190;1047516;23606;74.6;72.3;1.6
78;2021-10-04;618;966;1053;1080808;1048482;24659;74.6;72.4;1.7
78;2021-10-05;575;907;1090;1081383;1049389;25749;74.6;72.4;1.8
78;2021-10-06;892;1587;1721;1082275;1050976;27470;74.7;72.5;1.9
78;2021-10-07;490;858;1301;1082765;1051834;28771;74.7;72.6;2.0
78;2021-10-08;926;1674;2145;1083691;1053508;30916;74.8;72.7;2.1
78;2021-10-09;940;1878;908;1084631;1055386;31824;74.9;72.9;2.2
78;2021-10-10;83;116;60;1084714;1055502;31884;74.9;72.9;2.2
78;2021-10-11;585;824;1251;1085299;1056326;33135;74.9;72.9;2.3
78;2021-10-12;474;758;1457;1085773;1057084;34592;75.0;73.0;2.4
78;2021-10-13;710;1375;2018;1086483;1058459;36610;75.0;73.1;2.5
78;2021-10-14;546;895;1574;1087029;1059354;38184;75.0;73.1;2.6
78;2021-10-15;773;1343;2621;1087802;1060697;40805;75.1;73.2;2.8
78;2021-10-16;877;1344;1097;1088679;1062041;41902;75.2;73.3;2.9
78;2021-10-17;60;89;49;1088739;1062130;41951;75.2;73.3;2.9
78;2021-10-18;474;813;1527;1089213;1062943;43478;75.2;73.4;3.0
78;2021-10-19;451;748;1463;1089664;1063691;44941;75.2;73.4;3.1
78;2021-10-20;723;1214;2637;1090387;1064905;47578;75.3;73.5;3.3
78;2021-10-21;434;787;2022;1090821;1065692;49600;75.3;73.6;3.4
78;2021-10-22;715;1167;2798;1091536;1066859;52398;75.3;73.6;3.6
78;2021-10-23;758;1227;1224;1092294;1068086;53622;75.4;73.7;3.7
78;2021-10-24;56;92;49;1092350;1068178;53671;75.4;73.7;3.7
78;2021-10-25;477;621;1882;1092827;1068799;55553;75.4;73.8;3.8
78;2021-10-26;317;529;1717;1093144;1069328;57270;75.5;73.8;4.0
78;2021-10-27;553;868;2760;1093697;1070196;60030;75.5;73.9;4.1
78;2021-10-28;331;502;1973;1094028;1070698;62003;75.5;73.9;4.3
78;2021-10-29;503;779;2639;1094531;1071477;64642;75.6;74.0;4.5
78;2021-10-30;409;879;1288;1094940;1072356;65930;75.6;74.0;4.6
78;2021-10-31;61;89;65;1095001;1072445;65995;75.6;74.0;4.6
78;2021-11-01;112;80;80;1095113;1072525;66075;75.6;74.0;4.6
78;2021-11-02;426;509;1763;1095539;1073034;67838;75.6;74.1;4.7
78;2021-11-03;484;581;1955;1096023;1073615;69793;75.7;74.1;4.8
78;2021-11-04;419;532;2097;1096442;1074147;71890;75.7;74.1;5.0
78;2021-11-05;558;811;2817;1097000;1074958;74707;75.7;74.2;5.2
78;2021-11-06;364;601;946;1097364;1075559;75653;75.8;74.2;5.2
78;2021-11-07;55;93;142;1097419;1075652;75795;75.8;74.3;5.2
78;2021-11-08;279;599;2123;1097698;1076251;77918;75.8;74.3;5.4
78;2021-11-09;362;567;3214;1098060;1076818;81132;75.8;74.3;5.6
78;2021-11-10;474;783;3334;1098534;1077601;84466;75.8;74.4;5.8
78;2021-11-11;77;117;332;1098611;1077718;84798;75.8;74.4;5.9
78;2021-11-12;440;745;4091;1099051;1078463;88889;75.9;74.4;6.1
78;2021-11-13;383;543;1454;1099434;1079006;90343;75.9;74.5;6.2
78;2021-11-14;70;62;131;1099504;1079068;90474;75.9;74.5;6.2
78;2021-11-15;252;501;2950;1099756;1079569;93424;75.9;74.5;6.4
78;2021-11-16;414;494;4171;1100170;1080063;97595;75.9;74.6;6.7
78;2021-11-17;484;712;4111;1100654;1080775;101706;76.0;74.6;7.0
78;2021-11-18;352;588;3637;1101006;1081363;105343;76.0;74.6;7.3
78;2021-11-19;603;736;5049;1101609;1082099;110392;76.0;74.7;7.6
78;2021-11-20;506;648;2179;1102115;1082747;112571;76.1;74.7;7.8
78;2021-11-21;67;81;206;1102182;1082828;112777;76.1;74.7;7.8
78;2021-11-22;325;432;3391;1102507;1083260;116168;76.1;74.8;8.0
78;2021-11-23;476;513;5001;1102983;1083773;121169;76.1;74.8;8.4
78;2021-11-24;502;693;4547;1103485;1084466;125716;76.2;74.9;8.7
78;2021-11-25;448;509;5528;1103933;1084975;131244;76.2;74.9;9.1
78;2021-11-26;496;715;8255;1104429;1085690;139499;76.2;74.9;9.6
78;2021-11-27;421;537;4856;1104850;1086227;144355;76.3;75.0;10.0
78;2021-11-28;80;102;1398;1104930;1086329;145753;76.3;75.0;10.1
78;2021-11-29;250;421;7038;1105180;1086750;152791;76.3;75.0;10.5
78;2021-11-30;394;541;11204;1105574;1087291;163995;76.3;75.1;11.3
78;2021-12-01;394;490;10911;1105968;1087781;174906;76.3;75.1;12.1
78;2021-12-02;323;413;12515;1106291;1088194;187421;76.4;75.1;12.9
78;2021-12-03;375;564;14300;1106666;1088758;201721;76.4;75.2;13.9
78;2021-12-04;295;414;8759;1106961;1089172;210480;76.4;75.2;14.5
78;2021-12-05;109;147;3691;1107070;1089319;214171;76.4;75.2;14.8
78;2021-12-06;301;459;11427;1107371;1089778;225598;76.4;75.2;15.6
78;2021-12-07;371;581;15704;1107742;1090359;241302;76.5;75.3;16.7
78;2021-12-08;402;622;15828;1108144;1090981;257130;76.5;75.3;17.7
78;2021-12-09;388;482;17844;1108532;1091463;274974;76.5;75.3;19.0
78;2021-12-10;448;684;19413;1108980;1092147;294387;76.6;75.4;20.3
78;2021-12-11;391;666;11915;1109371;1092813;306302;76.6;75.4;21.1
78;2021-12-12;125;162;5120;1109496;1092975;311422;76.6;75.4;21.5
78;2021-12-13;312;526;14397;1109808;1093501;325819;76.6;75.5;22.5
78;2021-12-14;419;668;19427;1110227;1094169;345246;76.6;75.5;23.8
78;2021-12-15;427;640;18134;1110654;1094809;363380;76.7;75.6;25.1
78;2021-12-16;410;591;20310;1111064;1095400;383690;76.7;75.6;26.5
78;2021-12-17;479;743;21274;1111543;1096143;404964;76.7;75.7;28.0
78;2021-12-18;422;536;12491;1111965;1096679;417455;76.8;75.7;28.8
78;2021-12-19;198;179;6277;1112163;1096858;423732;76.8;75.7;29.3
78;2021-12-20;521;526;15492;1112684;1097384;439224;76.8;75.8;30.3
78;2021-12-21;661;717;18375;1113345;1098101;457599;76.9;75.8;31.6
78;2021-12-22;611;659;15794;1113956;1098760;473393;76.9;75.8;32.7
79;2020-12-27;0;0;0;0;0;0;0.0;0.0;0.0
79;2020-12-28;3;0;0;3;0;0;0.0;0.0;0.0
79;2020-12-29;0;0;0;3;0;0;0.0;0.0;0.0
79;2020-12-30;0;0;0;3;0;0;0.0;0.0;0.0
79;2020-12-31;0;0;0;3;0;0;0.0;0.0;0.0
79;2021-01-01;0;0;0;3;0;0;0.0;0.0;0.0
79;2021-01-02;0;0;0;3;0;0;0.0;0.0;0.0
79;2021-01-03;0;0;0;3;0;0;0.0;0.0;0.0
79;2021-01-04;3;0;0;6;0;0;0.0;0.0;0.0
79;2021-01-05;1;0;0;7;0;0;0.0;0.0;0.0
79;2021-01-06;3;0;0;10;0;0;0.0;0.0;0.0
79;2021-01-07;165;0;0;175;0;0;0.0;0.0;0.0
79;2021-01-08;173;0;0;348;0;0;0.1;0.0;0.0
79;2021-01-09;95;1;0;443;1;0;0.1;0.0;0.0
79;2021-01-10;5;0;0;448;1;0;0.1;0.0;0.0
79;2021-01-11;184;1;0;632;2;0;0.2;0.0;0.0
79;2021-01-12;249;1;0;881;3;0;0.2;0.0;0.0
79;2021-01-13;261;0;0;1142;3;0;0.3;0.0;0.0
79;2021-01-14;484;7;0;1626;10;0;0.4;0.0;0.0
79;2021-01-15;585;7;0;2211;17;0;0.6;0.0;0.0
79;2021-01-16;59;0;0;2270;17;0;0.6;0.0;0.0
79;2021-01-17;3;0;0;2273;17;0;0.6;0.0;0.0
79;2021-01-18;471;2;0;2744;19;0;0.7;0.0;0.0
79;2021-01-19;1276;3;0;4020;22;0;1.1;0.0;0.0
79;2021-01-20;1607;2;0;5627;24;0;1.5;0.0;0.0
79;2021-01-21;1947;9;0;7574;33;0;2.0;0.0;0.0
79;2021-01-22;882;5;0;8456;38;0;2.3;0.0;0.0
79;2021-01-23;75;0;0;8531;38;0;2.3;0.0;0.0
79;2021-01-24;1;0;0;8532;38;0;2.3;0.0;0.0
79;2021-01-25;652;6;0;9184;44;0;2.5;0.0;0.0
79;2021-01-26;598;15;0;9782;59;0;2.6;0.0;0.0
79;2021-01-27;729;80;0;10511;139;0;2.8;0.0;0.0
79;2021-01-28;757;155;0;11268;294;0;3.0;0.1;0.0
79;2021-01-29;487;87;0;11755;381;0;3.2;0.1;0.0
79;2021-01-30;9;2;0;11764;383;0;3.2;0.1;0.0
79;2021-01-31;4;0;0;11768;383;0;3.2;0.1;0.0
79;2021-02-01;232;110;0;12000;493;0;3.2;0.1;0.0
79;2021-02-02;333;77;0;12333;570;0;3.3;0.2;0.0
79;2021-02-03;342;64;0;12675;634;0;3.4;0.2;0.0
79;2021-02-04;323;116;0;12998;750;0;3.5;0.2;0.0
79;2021-02-05;333;274;0;13331;1024;0;3.6;0.3;0.0
79;2021-02-06;10;3;0;13341;1027;0;3.6;0.3;0.0
79;2021-02-07;21;2;0;13362;1029;0;3.6;0.3;0.0
79;2021-02-08;281;163;0;13643;1192;0;3.7;0.3;0.0
79;2021-02-09;428;755;0;14071;1947;0;3.8;0.5;0.0
79;2021-02-10;545;1103;0;14616;3050;0;3.9;0.8;0.0
79;2021-02-11;768;1206;0;15384;4256;0;4.1;1.1;0.0
79;2021-02-12;458;742;0;15842;4998;0;4.3;1.3;0.0
79;2021-02-13;53;70;0;15895;5068;0;4.3;1.4;0.0
79;2021-02-14;0;1;0;15895;5069;0;4.3;1.4;0.0
79;2021-02-15;184;486;0;16079;5555;0;4.3;1.5;0.0
79;2021-02-16;338;735;0;16417;6290;0;4.4;1.7;0.0
79;2021-02-17;252;816;0;16669;7106;0;4.5;1.9;0.0
79;2021-02-18;377;989;0;17046;8095;0;4.6;2.2;0.0
79;2021-02-19;306;584;0;17352;8679;0;4.7;2.3;0.0
79;2021-02-20;14;25;0;17366;8704;0;4.7;2.3;0.0
79;2021-02-21;0;0;0;17366;8704;0;4.7;2.3;0.0
79;2021-02-22;142;464;0;17508;9168;0;4.7;2.5;0.0
79;2021-02-23;245;570;0;17753;9738;0;4.8;2.6;0.0
79;2021-02-24;256;518;0;18009;10256;0;4.8;2.8;0.0
79;2021-02-25;538;484;0;18547;10740;0;5.0;2.9;0.0
79;2021-02-26;649;386;0;19196;11126;0;5.2;3.0;0.0
79;2021-02-27;409;10;0;19605;11136;0;5.3;3.0;0.0
79;2021-02-28;29;5;0;19634;11141;0;5.3;3.0;0.0
79;2021-03-01;97;365;0;19731;11506;0;5.3;3.1;0.0
79;2021-03-02;335;495;0;20066;12001;0;5.4;3.2;0.0
79;2021-03-03;671;497;0;20737;12498;0;5.6;3.4;0.0
79;2021-03-04;928;565;0;21665;13063;0;5.8;3.5;0.0
79;2021-03-05;1258;412;0;22923;13475;0;6.2;3.6;0.0
79;2021-03-06;696;13;0;23619;13488;0;6.3;3.6;0.0
79;2021-03-07;98;2;0;23717;13490;0;6.4;3.6;0.0
79;2021-03-08;347;312;0;24064;13802;0;6.5;3.7;0.0
79;2021-03-09;855;347;0;24919;14149;0;6.7;3.8;0.0
79;2021-03-10;1176;373;0;26095;14522;0;7.0;3.9;0.0
79;2021-03-11;1676;325;0;27771;14847;0;7.5;4.0;0.0
79;2021-03-12;1788;156;0;29559;15003;0;7.9;4.0;0.0
79;2021-03-13;1162;15;0;30721;15018;0;8.2;4.0;0.0
79;2021-03-14;53;1;0;30774;15019;0;8.3;4.0;0.0
79;2021-03-15;545;164;0;31319;15183;0;8.4;4.1;0.0
79;2021-03-16;713;156;0;32032;15339;0;8.6;4.1;0.0
79;2021-03-17;636;121;0;32668;15460;0;8.8;4.1;0.0
79;2021-03-18;591;214;0;33259;15674;0;8.9;4.2;0.0
79;2021-03-19;720;256;0;33979;15930;0;9.1;4.3;0.0
79;2021-03-20;1003;20;0;34982;15950;0;9.4;4.3;0.0
79;2021-03-21;9;0;0;34991;15950;0;9.4;4.3;0.0
79;2021-03-22;984;209;0;35975;16159;0;9.7;4.3;0.0
79;2021-03-23;1621;193;0;37596;16352;0;10.1;4.4;0.0
79;2021-03-24;1803;176;0;39399;16528;0;10.6;4.4;0.0
79;2021-03-25;2510;206;0;41909;16734;0;11.2;4.5;0.0
79;2021-03-26;2394;143;0;44303;16877;0;11.9;4.5;0.0
79;2021-03-27;684;21;0;44987;16898;0;12.1;4.5;0.0
79;2021-03-28;3;2;0;44990;16900;0;12.1;4.5;0.0
79;2021-03-29;2065;119;0;47055;17019;0;12.6;4.6;0.0
79;2021-03-30;2702;85;0;49757;17104;0;13.4;4.6;0.0
79;2021-03-31;2649;389;0;52406;17493;0;14.1;4.7;0.0
79;2021-04-01;2656;400;0;55062;17893;0;14.8;4.8;0.0
79;2021-04-02;2699;399;0;57761;18292;0;15.5;4.9;0.0
79;2021-04-03;659;67;0;58420;18359;0;15.7;4.9;0.0
79;2021-04-04;9;1;0;58429;18360;0;15.7;4.9;0.0
79;2021-04-05;385;7;0;58814;18367;0;15.8;4.9;0.0
79;2021-04-06;1676;593;0;60490;18960;0;16.2;5.1;0.0
79;2021-04-07;2903;754;0;63393;19714;0;17.0;5.3;0.0
79;2021-04-08;2538;713;0;65931;20427;0;17.7;5.5;0.0
79;2021-04-09;3519;560;0;69450;20987;0;18.6;5.6;0.0
79;2021-04-10;1364;388;0;70814;21375;0;19.0;5.7;0.0
79;2021-04-11;12;2;0;70826;21377;0;19.0;5.7;0.0
79;2021-04-12;1695;396;0;72521;21773;0;19.5;5.8;0.0
79;2021-04-13;2131;767;0;74652;22540;0;20.0;6.0;0.0
79;2021-04-14;2335;704;0;76987;23244;0;20.7;6.2;0.0
79;2021-04-15;2229;692;0;79216;23936;0;21.3;6.4;0.0
79;2021-04-16;1470;468;0;80686;24404;0;21.7;6.5;0.0
79;2021-04-17;610;349;0;81296;24753;0;21.8;6.6;0.0
79;2021-04-18;14;16;0;81310;24769;0;21.8;6.6;0.0
79;2021-04-19;1119;840;0;82429;25609;0;22.1;6.9;0.0
79;2021-04-20;1548;1246;0;83977;26855;0;22.5;7.2;0.0
79;2021-04-21;1440;1431;0;85417;28286;0;22.9;7.6;0.0
79;2021-04-22;1702;1122;0;87119;29408;0;23.4;7.9;0.0
79;2021-04-23;1345;1213;0;88464;30621;0;23.7;8.2;0.0
79;2021-04-24;681;391;0;89145;31012;0;23.9;8.3;0.0
79;2021-04-25;41;1;0;89186;31013;0;23.9;8.3;0.0
79;2021-04-26;1437;1719;0;90623;32732;0;24.3;8.8;0.0
79;2021-04-27;2054;2256;0;92677;34988;0;24.9;9.4;0.0
79;2021-04-28;1506;2732;0;94183;37720;0;25.3;10.1;0.0
79;2021-04-29;2221;2164;0;96404;39884;0;25.9;10.7;0.0
79;2021-04-30;2192;2300;0;98596;42184;0;26.5;11.3;0.0
79;2021-05-01;581;379;0;99177;42563;0;26.6;11.4;0.0
79;2021-05-02;42;22;0;99219;42585;0;26.6;11.4;0.0
79;2021-05-03;1327;1270;0;100546;43855;0;27.0;11.8;0.0
79;2021-05-04;1879;2191;0;102425;46046;0;27.5;12.4;0.0
79;2021-05-05;1765;2286;0;104190;48332;0;28.0;13.0;0.0
79;2021-05-06;2514;2135;0;106704;50467;0;28.6;13.5;0.0
79;2021-05-07;2144;2601;0;108848;53068;0;29.2;14.2;0.0
79;2021-05-08;396;464;0;109244;53532;0;29.3;14.4;0.0
79;2021-05-09;98;16;0;109342;53548;0;29.3;14.4;0.0
79;2021-05-10;1637;1741;0;110979;55289;0;29.8;14.8;0.0
79;2021-05-11;2517;1654;0;113496;56943;0;30.5;15.3;0.0
79;2021-05-12;2102;2579;0;115598;59522;0;31.0;16.0;0.0
79;2021-05-13;839;325;0;116437;59847;0;31.2;16.1;0.0
79;2021-05-14;2203;713;0;118640;60560;0;31.8;16.3;0.0
79;2021-05-15;1419;514;0;120059;61074;0;32.2;16.4;0.0
79;2021-05-16;129;31;0;120188;61105;0;32.3;16.4;0.0
79;2021-05-17;1920;1146;0;122108;62251;0;32.8;16.7;0.0
79;2021-05-18;3067;1315;0;125175;63566;0;33.6;17.1;0.0
79;2021-05-19;2943;984;0;128118;64550;0;34.4;17.3;0.0
79;2021-05-20;3386;1291;0;131504;65841;0;35.3;17.7;0.0
79;2021-05-21;2872;1137;0;134376;66978;0;36.1;18.0;0.0
79;2021-05-22;1304;285;0;135680;67263;0;36.4;18.1;0.0
79;2021-05-23;115;9;0;135795;67272;0;36.4;18.1;0.0
79;2021-05-24;453;30;0;136248;67302;0;36.6;18.1;0.0
79;2021-05-25;3396;1037;0;139644;68339;0;37.5;18.3;0.0
79;2021-05-26;3318;887;0;142962;69226;0;38.4;18.6;0.0
79;2021-05-27;3874;1754;0;146836;70980;0;39.4;19.0;0.0
79;2021-05-28;3320;1882;0;150156;72862;0;40.3;19.6;0.0
79;2021-05-29;1271;502;0;151427;73364;0;40.6;19.7;0.0
79;2021-05-30;55;16;0;151482;73380;0;40.7;19.7;0.0
79;2021-05-31;2423;826;0;153905;74206;0;41.3;19.9;0.0
79;2021-06-01;3232;1639;0;157137;75845;0;42.2;20.4;0.0
79;2021-06-02;3718;1206;0;160855;77051;0;43.2;20.7;0.0
79;2021-06-03;4130;1776;0;164985;78827;0;44.3;21.2;0.0
79;2021-06-04;3753;2060;0;168738;80887;0;45.3;21.7;0.0
79;2021-06-05;2579;835;0;171317;81722;0;46.0;21.9;0.0
79;2021-06-06;666;73;0;171983;81795;0;46.2;22.0;0.0
79;2021-06-07;2540;1545;0;174523;83340;0;46.8;22.4;0.0
79;2021-06-08;2857;2231;0;177380;85571;0;47.6;23.0;0.0
79;2021-06-09;3002;1954;0;180382;87525;0;48.4;23.5;0.0
79;2021-06-10;2981;2037;0;183363;89562;0;49.2;24.0;0.0
79;2021-06-11;3355;2314;0;186718;91876;0;50.1;24.7;0.0
79;2021-06-12;1511;700;0;188229;92576;0;50.5;24.8;0.0
79;2021-06-13;172;116;0;188401;92692;0;50.6;24.9;0.0
79;2021-06-14;1164;1826;0;189565;94518;0;50.9;25.4;0.0
79;2021-06-15;1710;2574;0;191275;97092;0;51.3;26.1;0.0
79;2021-06-16;1935;2286;0;193210;99378;0;51.9;26.7;0.0
79;2021-06-17;2121;2712;0;195331;102090;0;52.4;27.4;0.0
79;2021-06-18;2177;2410;0;197508;104500;0;53.0;28.0;0.0
79;2021-06-19;1085;692;0;198593;105192;0;53.3;28.2;0.0
79;2021-06-20;15;46;0;198608;105238;0;53.3;28.2;0.0
79;2021-06-21;1126;2376;0;199734;107614;0;53.6;28.9;0.0
79;2021-06-22;1452;3051;0;201186;110665;0;54.0;29.7;0.0
79;2021-06-23;1468;2501;0;202654;113166;0;54.4;30.4;0.0
79;2021-06-24;1916;2054;0;204570;115220;0;54.9;30.9;0.0
79;2021-06-25;1300;2881;0;205870;118101;0;55.2;31.7;0.0
79;2021-06-26;802;981;0;206672;119082;0;55.5;32.0;0.0
79;2021-06-27;29;89;0;206701;119171;0;55.5;32.0;0.0
79;2021-06-28;948;2655;0;207649;121826;0;55.7;32.7;0.0
79;2021-06-29;1267;3673;0;208916;125499;0;56.1;33.7;0.0
79;2021-06-30;1125;3397;0;210041;128896;0;56.4;34.6;0.0
79;2021-07-01;1172;3721;0;211213;132617;0;56.7;35.6;0.0
79;2021-07-02;1344;3407;0;212557;136024;0;57.0;36.5;0.0
79;2021-07-03;368;1655;0;212925;137679;0;57.1;36.9;0.0
79;2021-07-04;19;103;0;212944;137782;0;57.1;37.0;0.0
79;2021-07-05;689;2303;0;213633;140085;0;57.3;37.6;0.0
79;2021-07-06;842;3874;0;214475;143959;0;57.6;38.6;0.0
79;2021-07-07;1185;4186;0;215660;148145;0;57.9;39.8;0.0
79;2021-07-08;1071;4117;0;216731;152262;0;58.2;40.9;0.0
79;2021-07-09;887;3681;0;217618;155943;0;58.4;41.8;0.0
79;2021-07-10;570;1425;0;218188;157368;0;58.6;42.2;0.0
79;2021-07-11;21;44;0;218209;157412;0;58.6;42.2;0.0
79;2021-07-12;577;3616;0;218786;161028;0;58.7;43.2;0.0
79;2021-07-13;1018;5076;0;219804;166104;0;59.0;44.6;0.0
79;2021-07-14;198;882;0;220002;166986;0;59.0;44.8;0.0
79;2021-07-15;1210;4601;0;221212;171587;0;59.4;46.0;0.0
79;2021-07-16;1296;3998;0;222508;175585;0;59.7;47.1;0.0
79;2021-07-17;605;2311;0;223113;177896;0;59.9;47.7;0.0
79;2021-07-18;109;492;0;223222;178388;0;59.9;47.9;0.0
79;2021-07-19;827;3183;0;224049;181571;0;60.1;48.7;0.0
79;2021-07-20;1455;3720;0;225504;185291;0;60.5;49.7;0.0
79;2021-07-21;1285;3655;0;226789;188946;0;60.9;50.7;0.0
79;2021-07-22;1661;3711;0;228450;192657;0;61.3;51.7;0.0
79;2021-07-23;1505;4113;0;229955;196770;0;61.7;52.8;0.0
79;2021-07-24;1007;1458;0;230962;198228;0;62.0;53.2;0.0
79;2021-07-25;110;236;0;231072;198464;0;62.0;53.3;0.0
79;2021-07-26;1377;2432;0;232449;200896;0;62.4;53.9;0.0
79;2021-07-27;2487;2795;0;234936;203691;0;63.0;54.7;0.0
79;2021-07-28;2535;2231;0;237471;205922;0;63.7;55.3;0.0
79;2021-07-29;3128;2676;0;240599;208598;0;64.6;56.0;0.0
79;2021-07-30;2276;2689;0;242875;211287;0;65.2;56.7;0.0
79;2021-07-31;1011;1073;0;243886;212360;0;65.5;57.0;0.0
79;2021-08-01;74;28;0;243960;212388;0;65.5;57.0;0.0
79;2021-08-02;1853;1515;0;245813;213903;0;66.0;57.4;0.0
79;2021-08-03;2978;1901;0;248791;215804;0;66.8;57.9;0.0
79;2021-08-04;2897;1510;0;251688;217314;0;67.5;58.3;0.0
79;2021-08-05;3067;2083;0;254755;219397;0;68.4;58.9;0.0
79;2021-08-06;2414;1461;0;257169;220858;0;69.0;59.3;0.0
79;2021-08-07;1013;774;0;258182;221632;0;69.3;59.5;0.0
79;2021-08-08;74;29;0;258256;221661;0;69.3;59.5;0.0
79;2021-08-09;2356;1073;0;260612;222734;0;69.9;59.8;0.0
79;2021-08-10;2937;1488;0;263549;224222;0;70.7;60.2;0.0
79;2021-08-11;2396;1407;0;265945;225629;0;71.4;60.6;0.0
79;2021-08-12;2606;1410;0;268551;227039;0;72.1;60.9;0.0
79;2021-08-13;2593;1140;0;271144;228179;0;72.8;61.2;0.0
79;2021-08-14;590;442;0;271734;228621;0;72.9;61.4;0.0
79;2021-08-15;39;26;0;271773;228647;0;72.9;61.4;0.0
79;2021-08-16;1566;1245;0;273339;229892;0;73.4;61.7;0.0
79;2021-08-17;2071;1763;0;275410;231655;0;73.9;62.2;0.0
79;2021-08-18;1839;1749;0;277249;233404;0;74.4;62.6;0.0
79;2021-08-19;1457;1804;0;278706;235208;0;74.8;63.1;0.0
79;2021-08-20;1387;2118;0;280093;237326;0;75.2;63.7;0.0
79;2021-08-21;317;659;0;280410;237985;0;75.3;63.9;0.0
79;2021-08-22;13;73;0;280423;238058;0;75.3;63.9;0.0
79;2021-08-23;742;2203;0;281165;240261;0;75.5;64.5;0.0
79;2021-08-24;1013;2552;0;282178;242813;0;75.7;65.2;0.0
79;2021-08-25;1006;2594;0;283184;245407;0;76.0;65.9;0.0
79;2021-08-26;984;2409;0;284168;247816;0;76.3;66.5;0.0
79;2021-08-27;635;2152;0;284803;249968;0;76.4;67.1;0.0
79;2021-08-28;295;905;0;285098;250873;0;76.5;67.3;0.0
79;2021-08-29;10;61;0;285108;250934;0;76.5;67.3;0.0
79;2021-08-30;527;2323;23;285635;253257;23;76.7;68.0;0.0
79;2021-08-31;612;2750;28;286247;256007;51;76.8;68.7;0.0
79;2021-09-01;614;2638;77;286861;258645;128;77.0;69.4;0.0
79;2021-09-02;747;2428;109;287608;261073;237;77.2;70.1;0.1
79;2021-09-03;614;2647;113;288222;263720;350;77.3;70.8;0.1
79;2021-09-04;281;735;25;288503;264455;375;77.4;71.0;0.1
79;2021-09-05;13;48;7;288516;264503;382;77.4;71.0;0.1
79;2021-09-06;345;1691;119;288861;266194;501;77.5;71.4;0.1
79;2021-09-07;368;1973;113;289229;268167;614;77.6;72.0;0.2
79;2021-09-08;519;2092;120;289748;270259;734;77.8;72.5;0.2
79;2021-09-09;331;1538;129;290079;271797;863;77.8;72.9;0.2
79;2021-09-10;409;1881;228;290488;273678;1091;78.0;73.4;0.3
79;2021-09-11;148;893;33;290636;274571;1124;78.0;73.7;0.3
79;2021-09-12;3;26;4;290639;274597;1128;78.0;73.7;0.3
79;2021-09-13;332;943;248;290971;275540;1376;78.1;73.9;0.4
79;2021-09-14;353;1078;382;291324;276618;1758;78.2;74.2;0.5
79;2021-09-15;422;1357;367;291746;277975;2125;78.3;74.6;0.6
79;2021-09-16;437;987;327;292183;278962;2452;78.4;74.9;0.7
79;2021-09-17;427;1272;382;292610;280234;2834;78.5;75.2;0.8
79;2021-09-18;149;634;64;292759;280868;2898;78.6;75.4;0.8
79;2021-09-19;1;12;0;292760;280880;2898;78.6;75.4;0.8
79;2021-09-20;186;533;418;292946;281413;3316;78.6;75.5;0.9
79;2021-09-21;319;685;549;293265;282098;3865;78.7;75.7;1.0
79;2021-09-22;216;1011;573;293481;283109;4438;78.8;76.0;1.2
79;2021-09-23;389;572;449;293870;283681;4887;78.9;76.1;1.3
79;2021-09-24;228;1234;312;294098;284915;5199;78.9;76.5;1.4
79;2021-09-25;80;331;48;294178;285246;5247;78.9;76.6;1.4
79;2021-09-26;0;2;4;294178;285248;5251;78.9;76.6;1.4
79;2021-09-27;204;528;234;294382;285776;5485;79.0;76.7;1.5
79;2021-09-28;129;380;393;294511;286156;5878;79.0;76.8;1.6
79;2021-09-29;299;714;455;294810;286870;6333;79.1;77.0;1.7
79;2021-09-30;153;304;353;294963;287174;6686;79.2;77.1;1.8
79;2021-10-01;273;513;531;295236;287687;7217;79.2;77.2;1.9
79;2021-10-02;119;261;99;295355;287948;7316;79.3;77.3;2.0
79;2021-10-03;1;4;0;295356;287952;7316;79.3;77.3;2.0
79;2021-10-04;168;332;286;295524;288284;7602;79.3;77.4;2.0
79;2021-10-05;109;241;405;295633;288525;8007;79.3;77.4;2.1
79;2021-10-06;151;345;559;295784;288870;8566;79.4;77.5;2.3
79;2021-10-07;109;217;478;295893;289087;9044;79.4;77.6;2.4
79;2021-10-08;217;536;350;296110;289623;9394;79.5;77.7;2.5
79;2021-10-09;92;138;57;296202;289761;9451;79.5;77.8;2.5
79;2021-10-10;1;4;8;296203;289765;9459;79.5;77.8;2.5
79;2021-10-11;126;264;512;296329;290029;9971;79.5;77.8;2.7
79;2021-10-12;150;328;461;296479;290357;10432;79.6;77.9;2.8
79;2021-10-13;182;259;515;296661;290616;10947;79.6;78.0;2.9
79;2021-10-14;137;316;534;296798;290932;11481;79.7;78.1;3.1
79;2021-10-15;197;556;652;296995;291488;12133;79.7;78.2;3.3
79;2021-10-16;86;113;109;297081;291601;12242;79.7;78.3;3.3
79;2021-10-17;2;3;2;297083;291604;12244;79.7;78.3;3.3
79;2021-10-18;129;236;519;297212;291840;12763;79.8;78.3;3.4
79;2021-10-19;91;146;458;297303;291986;13221;79.8;78.4;3.5
79;2021-10-20;116;172;637;297419;292158;13858;79.8;78.4;3.7
79;2021-10-21;91;253;347;297510;292411;14205;79.8;78.5;3.8
79;2021-10-22;189;356;701;297699;292767;14906;79.9;78.6;4.0
79;2021-10-23;95;116;183;297794;292883;15089;79.9;78.6;4.0
79;2021-10-24;0;1;0;297794;292884;15089;79.9;78.6;4.0
79;2021-10-25;119;225;666;297913;293109;15755;79.9;78.7;4.2
79;2021-10-26;119;138;787;298032;293247;16542;80.0;78.7;4.4
79;2021-10-27;121;201;754;298153;293448;17296;80.0;78.8;4.6
79;2021-10-28;75;122;745;298228;293570;18041;80.0;78.8;4.8
79;2021-10-29;117;186;933;298345;293756;18974;80.1;78.8;5.1
79;2021-10-30;78;104;284;298423;293860;19258;80.1;78.9;5.2
79;2021-10-31;0;1;2;298423;293861;19260;80.1;78.9;5.2
79;2021-11-01;5;3;0;298428;293864;19260;80.1;78.9;5.2
79;2021-11-02;95;160;938;298523;294024;20198;80.1;78.9;5.4
79;2021-11-03;109;191;917;298632;294215;21115;80.1;79.0;5.7
79;2021-11-04;107;103;1066;298739;294318;22181;80.2;79.0;6.0
79;2021-11-05;180;300;1266;298919;294618;23447;80.2;79.1;6.3
79;2021-11-06;66;121;321;298985;294739;23768;80.2;79.1;6.4
79;2021-11-07;0;4;2;298985;294743;23770;80.2;79.1;6.4
79;2021-11-08;84;164;1228;299069;294907;24998;80.3;79.1;6.7
79;2021-11-09;88;130;1343;299157;295037;26341;80.3;79.2;7.1
79;2021-11-10;133;170;1422;299290;295207;27763;80.3;79.2;7.5
79;2021-11-11;0;2;24;299290;295209;27787;80.3;79.2;7.5
79;2021-11-12;100;208;1339;299390;295417;29126;80.3;79.3;7.8
79;2021-11-13;57;99;378;299447;295516;29504;80.4;79.3;7.9
79;2021-11-14;0;2;3;299447;295518;29507;80.4;79.3;7.9
79;2021-11-15;76;135;1274;299523;295653;30781;80.4;79.3;8.3
79;2021-11-16;69;131;1692;299592;295784;32473;80.4;79.4;8.7
79;2021-11-17;127;146;1435;299719;295930;33908;80.4;79.4;9.1
79;2021-11-18;77;115;1724;299796;296045;35632;80.5;79.4;9.6
79;2021-11-19;151;148;1828;299947;296193;37460;80.5;79.5;10.1
79;2021-11-20;90;79;377;300037;296272;37837;80.5;79.5;10.2
79;2021-11-21;2;2;12;300039;296274;37849;80.5;79.5;10.2
79;2021-11-22;78;46;1361;300117;296320;39210;80.5;79.5;10.5
79;2021-11-23;118;81;1973;300235;296401;41183;80.6;79.5;11.1
79;2021-11-24;152;114;1468;300387;296515;42651;80.6;79.6;11.4
79;2021-11-25;100;107;1753;300487;296622;44404;80.6;79.6;11.9
79;2021-11-26;147;193;2085;300634;296815;46489;80.7;79.7;12.5
79;2021-11-27;70;80;961;300704;296895;47450;80.7;79.7;12.7
79;2021-11-28;2;2;34;300706;296897;47484;80.7;79.7;12.7
79;2021-11-29;95;109;2196;300801;297006;49680;80.7;79.7;13.3
79;2021-11-30;110;77;2368;300911;297083;52048;80.8;79.7;14.0
79;2021-12-01;90;85;2616;301001;297168;54664;80.8;79.7;14.7
79;2021-12-02;74;76;2839;301075;297244;57503;80.8;79.8;15.4
79;2021-12-03;79;138;3203;301154;297382;60706;80.8;79.8;16.3
79;2021-12-04;48;58;1086;301202;297440;61792;80.8;79.8;16.6
79;2021-12-05;9;6;172;301211;297446;61964;80.8;79.8;16.6
79;2021-12-06;77;93;3014;301288;297539;64978;80.9;79.8;17.4
79;2021-12-07;78;108;3956;301366;297647;68934;80.9;79.9;18.5
79;2021-12-08;92;146;4129;301458;297793;73063;80.9;79.9;19.6
79;2021-12-09;97;85;4350;301555;297878;77413;80.9;79.9;20.8
79;2021-12-10;84;148;3942;301639;298026;81355;80.9;80.0;21.8
79;2021-12-11;63;92;1817;301702;298118;83172;81.0;80.0;22.3
79;2021-12-12;3;12;167;301705;298130;83339;81.0;80.0;22.4
79;2021-12-13;87;99;3909;301792;298229;87248;81.0;80.0;23.4
79;2021-12-14;87;129;5060;301879;298358;92308;81.0;80.1;24.8
79;2021-12-15;115;144;4718;301994;298502;97026;81.0;80.1;26.0
79;2021-12-16;109;115;5405;302103;298617;102431;81.1;80.1;27.5
79;2021-12-17;137;218;5936;302240;298835;108367;81.1;80.2;29.1
79;2021-12-18;90;75;2555;302330;298910;110922;81.1;80.2;29.8
79;2021-12-19;6;7;311;302336;298917;111233;81.1;80.2;29.9
79;2021-12-20;136;135;3875;302472;299052;115108;81.2;80.3;30.9
79;2021-12-21;180;144;5279;302652;299196;120387;81.2;80.3;32.3
79;2021-12-22;118;133;4292;302770;299329;124679;81.3;80.3;33.5
80;2020-12-27;0;0;0;0;0;0;0.0;0.0;0.0
80;2020-12-28;0;0;0;0;0;0;0.0;0.0;0.0
80;2020-12-29;11;0;0;11;0;0;0.0;0.0;0.0
80;2020-12-30;0;0;0;11;0;0;0.0;0.0;0.0
80;2020-12-31;0;0;0;11;0;0;0.0;0.0;0.0
80;2021-01-01;0;0;0;11;0;0;0.0;0.0;0.0
80;2021-01-02;2;0;0;13;0;0;0.0;0.0;0.0
80;2021-01-03;1;0;0;14;0;0;0.0;0.0;0.0
80;2021-01-04;0;0;0;14;0;0;0.0;0.0;0.0
80;2021-01-05;4;0;0;18;0;0;0.0;0.0;0.0
80;2021-01-06;34;0;0;52;0;0;0.0;0.0;0.0
80;2021-01-07;270;2;0;322;2;0;0.1;0.0;0.0
80;2021-01-08;340;2;0;662;4;0;0.1;0.0;0.0
80;2021-01-09;125;1;0;787;5;0;0.1;0.0;0.0
80;2021-01-10;26;0;0;813;5;0;0.1;0.0;0.0
80;2021-01-11;279;1;0;1092;6;0;0.2;0.0;0.0
80;2021-01-12;454;1;0;1546;7;0;0.3;0.0;0.0
80;2021-01-13;534;4;0;2080;11;0;0.4;0.0;0.0
80;2021-01-14;458;3;0;2538;14;0;0.4;0.0;0.0
80;2021-01-15;382;1;0;2920;15;0;0.5;0.0;0.0
80;2021-01-16;112;1;0;3032;16;0;0.5;0.0;0.0
80;2021-01-17;132;1;0;3164;17;0;0.6;0.0;0.0
80;2021-01-18;502;3;0;3666;20;0;0.6;0.0;0.0
80;2021-01-19;989;17;0;4655;37;0;0.8;0.0;0.0
80;2021-01-20;1115;10;0;5770;47;0;1.0;0.0;0.0
80;2021-01-21;1098;10;0;6868;57;0;1.2;0.0;0.0
80;2021-01-22;1178;6;0;8046;63;0;1.4;0.0;0.0
80;2021-01-23;885;17;0;8931;80;0;1.6;0.0;0.0
80;2021-01-24;778;9;0;9709;89;0;1.7;0.0;0.0
80;2021-01-25;1502;18;0;11211;107;0;2.0;0.0;0.0
80;2021-01-26;1448;13;0;12659;120;0;2.2;0.0;0.0
80;2021-01-27;844;29;0;13503;149;0;2.4;0.0;0.0
80;2021-01-28;650;170;0;14153;319;0;2.5;0.1;0.0
80;2021-01-29;652;206;0;14805;525;0;2.6;0.1;0.0
80;2021-01-30;96;79;0;14901;604;0;2.6;0.1;0.0
80;2021-01-31;1;2;0;14902;606;0;2.6;0.1;0.0
80;2021-02-01;58;236;0;14960;842;0;2.6;0.1;0.0
80;2021-02-02;74;443;0;15034;1285;0;2.6;0.2;0.0
80;2021-02-03;73;532;0;15107;1817;0;2.7;0.3;0.0
80;2021-02-04;327;353;0;15434;2170;0;2.7;0.4;0.0
80;2021-02-05;391;221;0;15825;2391;0;2.8;0.4;0.0
80;2021-02-06;174;72;0;15999;2463;0;2.8;0.4;0.0
80;2021-02-07;3;8;0;16002;2471;0;2.8;0.4;0.0
80;2021-02-08;437;286;0;16439;2757;0;2.9;0.5;0.0
80;2021-02-09;704;298;0;17143;3055;0;3.0;0.5;0.0
80;2021-02-10;623;508;0;17766;3563;0;3.1;0.6;0.0
80;2021-02-11;856;428;0;18622;3991;0;3.3;0.7;0.0
80;2021-02-12;934;376;0;19556;4367;0;3.4;0.8;0.0
80;2021-02-13;202;408;0;19758;4775;0;3.5;0.8;0.0
80;2021-02-14;77;547;0;19835;5322;0;3.5;0.9;0.0
80;2021-02-15;566;1042;0;20401;6364;0;3.6;1.1;0.0
80;2021-02-16;642;1081;0;21043;7445;0;3.7;1.3;0.0
80;2021-02-17;460;1174;0;21503;8619;0;3.8;1.5;0.0
80;2021-02-18;565;1142;0;22068;9761;0;3.9;1.7;0.0
80;2021-02-19;520;899;0;22588;10660;0;4.0;1.9;0.0
80;2021-02-20;36;499;0;22624;11159;0;4.0;2.0;0.0
80;2021-02-21;47;45;0;22671;11204;0;4.0;2.0;0.0
80;2021-02-22;182;622;0;22853;11826;0;4.0;2.1;0.0
80;2021-02-23;451;711;0;23304;12537;0;4.1;2.2;0.0
80;2021-02-24;464;697;0;23768;13234;0;4.2;2.3;0.0
80;2021-02-25;803;550;0;24571;13784;0;4.3;2.4;0.0
80;2021-02-26;1077;534;0;25648;14318;0;4.5;2.5;0.0
80;2021-02-27;495;75;0;26143;14393;0;4.6;2.5;0.0
80;2021-02-28;46;26;0;26189;14419;0;4.6;2.5;0.0
80;2021-03-01;743;101;0;26932;14520;0;4.7;2.5;0.0
80;2021-03-02;1040;138;0;27972;14658;0;4.9;2.6;0.0
80;2021-03-03;1035;105;0;29007;14763;0;5.1;2.6;0.0
80;2021-03-04;1407;297;0;30414;15060;0;5.3;2.6;0.0
80;2021-03-05;1887;379;0;32301;15439;0;5.7;2.7;0.0
80;2021-03-06;2890;322;0;35191;15761;0;6.2;2.8;0.0
80;2021-03-07;1794;81;0;36985;15842;0;6.5;2.8;0.0
80;2021-03-08;722;603;0;37707;16445;0;6.6;2.9;0.0
80;2021-03-09;1288;879;0;38995;17324;0;6.8;3.0;0.0
80;2021-03-10;1766;758;0;40761;18082;0;7.2;3.2;0.0
80;2021-03-11;1916;822;0;42677;18904;0;7.5;3.3;0.0
80;2021-03-12;3168;735;0;45845;19639;0;8.0;3.4;0.0
80;2021-03-13;4019;232;0;49864;19871;0;8.8;3.5;0.0
80;2021-03-14;426;18;0;50290;19889;0;8.8;3.5;0.0
80;2021-03-15;1091;272;0;51381;20161;0;9.0;3.5;0.0
80;2021-03-16;904;366;0;52285;20527;0;9.2;3.6;0.0
80;2021-03-17;722;274;0;53007;20801;0;9.3;3.7;0.0
80;2021-03-18;1074;313;0;54081;21114;0;9.5;3.7;0.0
80;2021-03-19;1801;412;0;55882;21526;0;9.8;3.8;0.0
80;2021-03-20;3825;116;0;59707;21642;0;10.5;3.8;0.0
80;2021-03-21;624;35;0;60331;21677;0;10.6;3.8;0.0
80;2021-03-22;1023;317;0;61354;21994;0;10.8;3.9;0.0
80;2021-03-23;1906;432;0;63260;22426;0;11.1;3.9;0.0
80;2021-03-24;1805;477;0;65065;22903;0;11.4;4.0;0.0
80;2021-03-25;2838;468;0;67903;23371;0;11.9;4.1;0.0
80;2021-03-26;3256;444;0;71159;23815;0;12.5;4.2;0.0
80;2021-03-27;2389;227;0;73548;24042;0;12.9;4.2;0.0
80;2021-03-28;738;93;0;74286;24135;0;13.0;4.2;0.0
80;2021-03-29;2026;764;0;76312;24899;0;13.4;4.4;0.0
80;2021-03-30;2054;884;0;78366;25783;0;13.8;4.5;0.0
80;2021-03-31;1638;1014;0;80004;26797;0;14.0;4.7;0.0
80;2021-04-01;2142;1472;0;82146;28269;0;14.4;5.0;0.0
80;2021-04-02;2896;1604;0;85042;29873;0;14.9;5.2;0.0
80;2021-04-03;3095;858;0;88137;30731;0;15.5;5.4;0.0
80;2021-04-04;238;37;0;88375;30768;0;15.5;5.4;0.0
80;2021-04-05;788;201;0;89163;30969;0;15.6;5.4;0.0
80;2021-04-06;1406;992;0;90569;31961;0;15.9;5.6;0.0
80;2021-04-07;1713;1186;0;92282;33147;0;16.2;5.8;0.0
80;2021-04-08;2239;931;0;94521;34078;0;16.6;6.0;0.0
80;2021-04-09;3585;1407;0;98106;35485;0;17.2;6.2;0.0
80;2021-04-10;2690;1894;0;100796;37379;0;17.7;6.6;0.0
80;2021-04-11;280;228;0;101076;37607;0;17.7;6.6;0.0
80;2021-04-12;1943;585;0;103019;38192;0;18.1;6.7;0.0
80;2021-04-13;2484;1047;0;105503;39239;0;18.5;6.9;0.0
80;2021-04-14;2871;1196;0;108374;40435;0;19.0;7.1;0.0
80;2021-04-15;3701;930;0;112075;41365;0;19.7;7.3;0.0
80;2021-04-16;3441;1008;0;115516;42373;0;20.3;7.4;0.0
80;2021-04-17;1759;2362;0;117275;44735;0;20.6;7.9;0.0
80;2021-04-18;401;488;0;117676;45223;0;20.7;7.9;0.0
80;2021-04-19;1042;902;0;118718;46125;0;20.8;8.1;0.0
80;2021-04-20;1708;960;0;120426;47085;0;21.1;8.3;0.0
80;2021-04-21;1741;1054;0;122167;48139;0;21.4;8.4;0.0
80;2021-04-22;2208;1356;0;124375;49495;0;21.8;8.7;0.0
80;2021-04-23;2693;1411;0;127068;50906;0;22.3;8.9;0.0
80;2021-04-24;1495;1337;0;128563;52243;0;22.6;9.2;0.0
80;2021-04-25;275;594;0;128838;52837;0;22.6;9.3;0.0
80;2021-04-26;1455;1501;0;130293;54338;0;22.9;9.5;0.0
80;2021-04-27;2158;1520;0;132451;55858;0;23.2;9.8;0.0
80;2021-04-28;2345;1518;0;134796;57376;0;23.7;10.1;0.0
80;2021-04-29;3350;2061;0;138146;59437;0;24.2;10.4;0.0
80;2021-04-30;3227;2985;0;141373;62422;0;24.8;11.0;0.0
80;2021-05-01;1090;747;0;142463;63169;0;25.0;11.1;0.0
80;2021-05-02;530;130;0;142993;63299;0;25.1;11.1;0.0
80;2021-05-03;2786;1281;0;145779;64580;0;25.6;11.3;0.0
80;2021-05-04;2670;1815;0;148449;66395;0;26.1;11.7;0.0
80;2021-05-05;3463;1997;0;151912;68392;0;26.7;12.0;0.0
80;2021-05-06;3304;2524;0;155216;70916;0;27.2;12.4;0.0
80;2021-05-07;3572;2700;0;158788;73616;0;27.9;12.9;0.0
80;2021-05-08;2980;883;0;161768;74499;0;28.4;13.1;0.0
80;2021-05-09;1647;302;0;163415;74801;0;28.7;13.1;0.0
80;2021-05-10;2040;1963;0;165455;76764;0;29.0;13.5;0.0
80;2021-05-11;3384;1920;0;168839;78684;0;29.6;13.8;0.0
80;2021-05-12;4651;1694;0;173490;80378;0;30.4;14.1;0.0
80;2021-05-13;3933;429;0;177423;80807;0;31.1;14.2;0.0
80;2021-05-14;5200;1457;0;182623;82264;0;32.1;14.4;0.0
80;2021-05-15;5908;1042;0;188531;83306;0;33.1;14.6;0.0
80;2021-05-16;2811;314;0;191342;83620;0;33.6;14.7;0.0
80;2021-05-17;2564;917;0;193906;84537;0;34.0;14.8;0.0
80;2021-05-18;3923;927;0;197829;85464;0;34.7;15.0;0.0
80;2021-05-19;4013;1036;0;201842;86500;0;35.4;15.2;0.0
80;2021-05-20;4664;1258;0;206506;87758;0;36.2;15.4;0.0
80;2021-05-21;4948;1694;0;211454;89452;0;37.1;15.7;0.0
80;2021-05-22;5187;1210;0;216641;90662;0;38.0;15.9;0.0
80;2021-05-23;2015;262;0;218656;90924;0;38.4;16.0;0.0
80;2021-05-24;1788;209;0;220444;91133;0;38.7;16.0;0.0
80;2021-05-25;2808;1237;0;223252;92370;0;39.2;16.2;0.0
80;2021-05-26;4358;1766;0;227610;94136;0;39.9;16.5;0.0
80;2021-05-27;4043;2470;0;231653;96606;0;40.7;17.0;0.0
80;2021-05-28;3888;2992;0;235541;99598;0;41.3;17.5;0.0
80;2021-05-29;3724;1669;0;239265;101267;0;42.0;17.8;0.0
80;2021-05-30;1215;206;0;240480;101473;0;42.2;17.8;0.0
80;2021-05-31;2715;1459;0;243195;102932;0;42.7;18.1;0.0
80;2021-06-01;4056;2504;0;247251;105436;0;43.4;18.5;0.0
80;2021-06-02;3324;2098;0;250575;107534;0;44.0;18.9;0.0
80;2021-06-03;4244;3049;0;254819;110583;0;44.7;19.4;0.0
80;2021-06-04;4635;3164;0;259454;113747;0;45.5;20.0;0.0
80;2021-06-05;3483;2216;0;262937;115963;0;46.1;20.4;0.0
80;2021-06-06;855;227;0;263792;116190;0;46.3;20.4;0.0
80;2021-06-07;1867;2097;0;265659;118287;0;46.6;20.8;0.0
80;2021-06-08;2733;2762;0;268392;121049;0;47.1;21.2;0.0
80;2021-06-09;2917;2823;0;271309;123872;0;47.6;21.7;0.0
80;2021-06-10;3133;3265;0;274442;127137;0;48.2;22.3;0.0
80;2021-06-11;3164;3954;0;277606;131091;0;48.7;23.0;0.0
80;2021-06-12;3028;2433;0;280634;133524;0;49.3;23.4;0.0
80;2021-06-13;547;546;0;281181;134070;0;49.3;23.5;0.0
80;2021-06-14;1396;3025;0;282577;137095;0;49.6;24.1;0.0
80;2021-06-15;2362;3586;0;284939;140681;0;50.0;24.7;0.0
80;2021-06-16;1653;4341;0;286592;145022;0;50.3;25.5;0.0
80;2021-06-17;2453;3817;0;289045;148839;0;50.7;26.1;0.0
80;2021-06-18;2575;4142;0;291620;152981;0;51.2;26.8;0.0
80;2021-06-19;2892;4483;0;294512;157464;0;51.7;27.6;0.0
80;2021-06-20;326;1250;0;294838;158714;0;51.7;27.9;0.0
80;2021-06-21;1073;2820;0;295911;161534;0;51.9;28.4;0.0
80;2021-06-22;1244;4146;0;297155;165680;0;52.2;29.1;0.0
80;2021-06-23;1798;5243;0;298953;170923;0;52.5;30.0;0.0
80;2021-06-24;1788;4777;0;300741;175700;0;52.8;30.8;0.0
80;2021-06-25;1424;6192;0;302165;181892;0;53.0;31.9;0.0
80;2021-06-26;1896;6210;0;304061;188102;0;53.4;33.0;0.0
80;2021-06-27;413;2216;0;304474;190318;0;53.4;33.4;0.0
80;2021-06-28;997;3403;0;305471;193721;0;53.6;34.0;0.0
80;2021-06-29;1866;4707;0;307337;198428;0;53.9;34.8;0.0
80;2021-06-30;1297;4836;0;308634;203264;0;54.2;35.7;0.0
80;2021-07-01;1669;5066;0;310303;208330;0;54.5;36.6;0.0
80;2021-07-02;1898;6096;0;312201;214426;0;54.8;37.6;0.0
80;2021-07-03;1356;5419;0;313557;219845;0;55.0;38.6;0.0
80;2021-07-04;777;1697;0;314334;221542;0;55.2;38.9;0.0
80;2021-07-05;972;3235;0;315306;224777;0;55.3;39.5;0.0
80;2021-07-06;1855;4061;0;317161;228838;0;55.7;40.2;0.0
80;2021-07-07;1557;4597;0;318718;233435;0;55.9;41.0;0.0
80;2021-07-08;2114;4995;0;320832;238430;0;56.3;41.8;0.0
80;2021-07-09;2608;5417;0;323440;243847;0;56.8;42.8;0.0
80;2021-07-10;1634;4145;0;325074;247992;0;57.1;43.5;0.0
80;2021-07-11;448;949;0;325522;248941;0;57.1;43.7;0.0
80;2021-07-12;952;3598;0;326474;252539;0;57.3;44.3;0.0
80;2021-07-13;2165;5191;0;328639;257730;0;57.7;45.2;0.0
80;2021-07-14;2726;1641;0;331365;259371;0;58.2;45.5;0.0
80;2021-07-15;2865;5309;0;334230;264680;0;58.7;46.5;0.0
80;2021-07-16;3864;5767;0;338094;270447;0;59.3;47.5;0.0
80;2021-07-17;3324;4363;0;341418;274810;0;59.9;48.2;0.0
80;2021-07-18;1025;1019;0;342443;275829;0;60.1;48.4;0.0
80;2021-07-19;2273;3182;0;344716;279011;0;60.5;49.0;0.0
80;2021-07-20;3318;4940;0;348034;283951;0;61.1;49.8;0.0
80;2021-07-21;3498;4405;0;351532;288356;0;61.7;50.6;0.0
80;2021-07-22;4165;4561;0;355697;292917;0;62.4;51.4;0.0
80;2021-07-23;4950;4740;0;360647;297657;0;63.3;52.2;0.0
80;2021-07-24;4087;4302;0;364734;301959;0;64.0;53.0;0.0
80;2021-07-25;1227;724;0;365961;302683;0;64.2;53.1;0.0
80;2021-07-26;2685;2451;0;368646;305134;0;64.7;53.6;0.0
80;2021-07-27;4149;3701;0;372795;308835;0;65.4;54.2;0.0
80;2021-07-28;4694;2788;0;377489;311623;0;66.3;54.7;0.0
80;2021-07-29;4795;3249;0;382284;314872;0;67.1;55.3;0.0
80;2021-07-30;4756;3629;0;387040;318501;0;67.9;55.9;0.0
80;2021-07-31;3909;2984;0;390949;321485;0;68.6;56.4;0.0
80;2021-08-01;1320;421;0;392269;321906;0;68.8;56.5;0.0
80;2021-08-02;2100;1879;0;394369;323785;0;69.2;56.8;0.0
80;2021-08-03;3470;2446;0;397839;326231;0;69.8;57.3;0.0
80;2021-08-04;3220;2519;0;401059;328750;0;70.4;57.7;0.0
80;2021-08-05;3060;2616;0;404119;331366;0;70.9;58.2;0.0
80;2021-08-06;3048;2882;0;407167;334248;0;71.5;58.7;0.0
80;2021-08-07;2304;2539;0;409471;336787;0;71.9;59.1;0.0
80;2021-08-08;652;814;0;410123;337601;0;72.0;59.3;0.0
80;2021-08-09;1407;2216;0;411530;339817;0;72.2;59.6;0.0
80;2021-08-10;2251;2883;0;413781;342700;0;72.6;60.1;0.0
80;2021-08-11;1819;2442;0;415600;345142;0;72.9;60.6;0.0
80;2021-08-12;2092;2685;0;417692;347827;0;73.3;61.0;0.0
80;2021-08-13;1804;3001;0;419496;350828;0;73.6;61.6;0.0
80;2021-08-14;1283;1991;0;420779;352819;0;73.9;61.9;0.0
80;2021-08-15;378;669;0;421157;353488;0;73.9;62.0;0.0
80;2021-08-16;975;2647;0;422132;356135;0;74.1;62.5;0.0
80;2021-08-17;1613;3499;0;423745;359634;0;74.4;63.1;0.0
80;2021-08-18;1148;3631;0;424893;363265;0;74.6;63.8;0.0
80;2021-08-19;1425;3830;0;426318;367095;0;74.8;64.4;0.0
80;2021-08-20;1213;4312;0;427531;371407;0;75.0;65.2;0.0
80;2021-08-21;982;2750;0;428513;374157;0;75.2;65.7;0.0
80;2021-08-22;134;797;0;428647;374954;0;75.2;65.8;0.0
80;2021-08-23;616;3187;0;429263;378141;0;75.3;66.4;0.0
80;2021-08-24;1058;4314;0;430321;382455;0;75.5;67.1;0.0
80;2021-08-25;914;3533;0;431235;385988;0;75.7;67.7;0.0
80;2021-08-26;952;3798;0;432187;389786;0;75.9;68.4;0.0
80;2021-08-27;1030;4340;0;433217;394126;0;76.0;69.2;0.0
80;2021-08-28;656;3222;0;433873;397348;0;76.1;69.7;0.0
80;2021-08-29;193;665;0;434066;398013;0;76.2;69.9;0.0
80;2021-08-30;526;2400;32;434592;400413;32;76.3;70.3;0.0
80;2021-08-31;735;3092;89;435327;403505;121;76.4;70.8;0.0
80;2021-09-01;688;2229;183;436015;405734;304;76.5;71.2;0.1
80;2021-09-02;574;2046;208;436589;407780;512;76.6;71.6;0.1
80;2021-09-03;760;2709;324;437349;410489;836;76.8;72.0;0.1
80;2021-09-04;912;2475;170;438261;412964;1006;76.9;72.5;0.2
80;2021-09-05;163;408;38;438424;413372;1044;76.9;72.6;0.2
80;2021-09-06;411;1363;285;438835;414735;1329;77.0;72.8;0.2
80;2021-09-07;499;1567;274;439334;416302;1603;77.1;73.1;0.3
80;2021-09-08;464;1478;369;439798;417780;1972;77.2;73.3;0.3
80;2021-09-09;522;1395;266;440320;419175;2238;77.3;73.6;0.4
80;2021-09-10;645;1690;395;440965;420865;2633;77.4;73.9;0.5
80;2021-09-11;486;1757;167;441451;422622;2800;77.5;74.2;0.5
80;2021-09-12;73;291;23;441524;422913;2823;77.5;74.2;0.5
80;2021-09-13;324;805;419;441848;423718;3242;77.5;74.4;0.6
80;2021-09-14;600;981;582;442448;424699;3824;77.7;74.5;0.7
80;2021-09-15;379;995;540;442827;425694;4364;77.7;74.7;0.8
80;2021-09-16;483;979;435;443310;426673;4799;77.8;74.9;0.8
80;2021-09-17;521;1196;642;443831;427869;5441;77.9;75.1;1.0
80;2021-09-18;327;1146;265;444158;429015;5706;78.0;75.3;1.0
80;2021-09-19;14;156;19;444172;429171;5725;78.0;75.3;1.0
80;2021-09-20;315;457;343;444487;429628;6068;78.0;75.4;1.1
80;2021-09-21;273;567;545;444760;430195;6613;78.1;75.5;1.2
80;2021-09-22;272;701;579;445032;430896;7192;78.1;75.6;1.3
80;2021-09-23;306;528;611;445338;431424;7803;78.2;75.7;1.4
80;2021-09-24;384;915;714;445722;432339;8517;78.2;75.9;1.5
80;2021-09-25;286;1053;350;446008;433392;8867;78.3;76.1;1.6
80;2021-09-26;12;99;11;446020;433491;8878;78.3;76.1;1.6
80;2021-09-27;178;545;416;446198;434036;9294;78.3;76.2;1.6
80;2021-09-28;156;399;471;446354;434435;9765;78.3;76.2;1.7
80;2021-09-29;283;545;458;446637;434980;10223;78.4;76.3;1.8
80;2021-09-30;197;344;493;446834;435324;10716;78.4;76.4;1.9
80;2021-10-01;334;732;850;447168;436056;11566;78.5;76.5;2.0
80;2021-10-02;320;806;317;447488;436862;11883;78.5;76.7;2.1
80;2021-10-03;17;63;30;447505;436925;11913;78.5;76.7;2.1
80;2021-10-04;157;336;487;447662;437261;12400;78.6;76.7;2.2
80;2021-10-05;160;443;537;447822;437704;12937;78.6;76.8;2.3
80;2021-10-06;273;447;565;448095;438151;13502;78.6;76.9;2.4
80;2021-10-07;198;448;510;448293;438599;14012;78.7;77.0;2.5
80;2021-10-08;280;717;887;448573;439316;14899;78.7;77.1;2.6
80;2021-10-09;269;458;456;448842;439774;15355;78.8;77.2;2.7
80;2021-10-10;22;17;38;448864;439791;15393;78.8;77.2;2.7
80;2021-10-11;156;221;671;449020;440012;16064;78.8;77.2;2.8
80;2021-10-12;178;390;746;449198;440402;16810;78.8;77.3;3.0
80;2021-10-13;197;278;745;449395;440680;17555;78.9;77.3;3.1
80;2021-10-14;212;320;630;449607;441000;18185;78.9;77.4;3.2
80;2021-10-15;319;528;1197;449926;441528;19382;79.0;77.5;3.4
80;2021-10-16;225;370;556;450151;441898;19938;79.0;77.6;3.5
80;2021-10-17;19;17;41;450170;441915;19979;79.0;77.6;3.5
80;2021-10-18;166;309;688;450336;442224;20667;79.0;77.6;3.6
80;2021-10-19;108;167;608;450444;442391;21275;79.1;77.6;3.7
80;2021-10-20;186;266;737;450630;442657;22012;79.1;77.7;3.9
80;2021-10-21;177;282;875;450807;442939;22887;79.1;77.7;4.0
80;2021-10-22;271;385;1278;451078;443324;24165;79.2;77.8;4.2
80;2021-10-23;204;300;688;451282;443624;24853;79.2;77.9;4.4
80;2021-10-24;16;27;28;451298;443651;24881;79.2;77.9;4.4
80;2021-10-25;122;165;809;451420;443816;25690;79.2;77.9;4.5
80;2021-10-26;118;149;866;451538;443965;26556;79.2;77.9;4.7
80;2021-10-27;160;234;890;451698;444199;27446;79.3;78.0;4.8
80;2021-10-28;168;202;765;451866;444401;28211;79.3;78.0;5.0
80;2021-10-29;224;295;1312;452090;444696;29523;79.3;78.0;5.2
80;2021-10-30;159;240;769;452249;444936;30292;79.4;78.1;5.3
80;2021-10-31;12;21;28;452261;444957;30320;79.4;78.1;5.3
80;2021-11-01;7;13;12;452268;444970;30332;79.4;78.1;5.3
80;2021-11-02;180;206;945;452448;445176;31277;79.4;78.1;5.5
80;2021-11-03;88;217;866;452536;445393;32143;79.4;78.2;5.6
80;2021-11-04;135;206;761;452671;445599;32904;79.4;78.2;5.8
80;2021-11-05;252;349;1405;452923;445948;34309;79.5;78.3;6.0
80;2021-11-06;194;270;1017;453117;446218;35326;79.5;78.3;6.2
80;2021-11-07;9;28;54;453126;446246;35380;79.5;78.3;6.2
80;2021-11-08;98;138;871;453224;446384;36251;79.5;78.3;6.4
80;2021-11-09;122;178;1447;453346;446562;37698;79.6;78.4;6.6
80;2021-11-10;155;174;1356;453501;446736;39054;79.6;78.4;6.9
80;2021-11-11;10;9;95;453511;446745;39149;79.6;78.4;6.9
80;2021-11-12;231;320;1639;453742;447065;40788;79.6;78.5;7.2
80;2021-11-13;133;221;1043;453875;447286;41831;79.7;78.5;7.3
80;2021-11-14;22;15;81;453897;447301;41912;79.7;78.5;7.4
80;2021-11-15;95;127;853;453992;447428;42765;79.7;78.5;7.5
80;2021-11-16;145;154;1676;454137;447582;44441;79.7;78.6;7.8
80;2021-11-17;148;181;1285;454285;447763;45726;79.7;78.6;8.0
80;2021-11-18;145;189;1610;454430;447952;47336;79.8;78.6;8.3
80;2021-11-19;279;349;2365;454709;448301;49701;79.8;78.7;8.7
80;2021-11-20;245;263;1440;454954;448564;51141;79.8;78.7;9.0
80;2021-11-21;19;24;92;454973;448588;51233;79.9;78.7;9.0
80;2021-11-22;122;89;1191;455095;448677;52424;79.9;78.7;9.2
80;2021-11-23;146;129;1830;455241;448806;54254;79.9;78.8;9.5
80;2021-11-24;180;137;1670;455421;448943;55924;79.9;78.8;9.8
80;2021-11-25;163;177;2043;455584;449120;57967;80.0;78.8;10.2
80;2021-11-26;243;278;3925;455827;449398;61892;80.0;78.9;10.9
80;2021-11-27;180;238;4349;456007;449636;66241;80.0;78.9;11.6
80;2021-11-28;17;25;1190;456024;449661;67431;80.0;78.9;11.8
80;2021-11-29;97;117;3149;456121;449778;70580;80.1;78.9;12.4
80;2021-11-30;133;150;4977;456254;449928;75557;80.1;79.0;13.3
80;2021-12-01;120;180;4520;456374;450108;80077;80.1;79.0;14.1
80;2021-12-02;162;98;5894;456536;450206;85971;80.1;79.0;15.1
80;2021-12-03;188;233;7109;456724;450439;93080;80.2;79.1;16.3
80;2021-12-04;160;155;6471;456884;450594;99551;80.2;79.1;17.5
80;2021-12-05;39;44;1577;456923;450638;101128;80.2;79.1;17.7
80;2021-12-06;105;139;4291;457028;450777;105419;80.2;79.1;18.5
80;2021-12-07;113;139;6563;457141;450916;111982;80.2;79.1;19.7
80;2021-12-08;140;188;6304;457281;451104;118286;80.3;79.2;20.8
80;2021-12-09;137;135;7033;457418;451239;125319;80.3;79.2;22.0
80;2021-12-10;157;250;8790;457575;451489;134109;80.3;79.2;23.5
80;2021-12-11;156;202;6647;457731;451691;140756;80.3;79.3;24.7
80;2021-12-12;42;34;2326;457773;451725;143082;80.3;79.3;25.1
80;2021-12-13;82;112;5067;457855;451837;148149;80.4;79.3;26.0
80;2021-12-14;172;184;7434;458027;452021;155583;80.4;79.3;27.3
80;2021-12-15;162;178;7239;458189;452199;162822;80.4;79.4;28.6
80;2021-12-16;165;183;7975;458354;452382;170797;80.4;79.4;30.0
80;2021-12-17;223;288;8790;458577;452670;179587;80.5;79.4;31.5
80;2021-12-18;182;194;6778;458759;452864;186365;80.5;79.5;32.7
80;2021-12-19;34;37;1852;458793;452901;188217;80.5;79.5;33.0
80;2021-12-20;153;145;4787;458946;453046;193004;80.5;79.5;33.9
80;2021-12-21;231;211;6524;459177;453257;199528;80.6;79.6;35.0
80;2021-12-22;247;200;5029;459424;453457;204557;80.6;79.6;35.9
81;2020-12-27;0;0;0;0;0;0;0.0;0.0;0.0
81;2020-12-28;0;0;0;0;0;0;0.0;0.0;0.0
81;2020-12-29;0;0;0;0;0;0;0.0;0.0;0.0
81;2020-12-30;0;0;0;0;0;0;0.0;0.0;0.0
81;2020-12-31;1;1;0;1;1;0;0.0;0.0;0.0
81;2021-01-01;0;0;0;1;1;0;0.0;0.0;0.0
81;2021-01-02;0;0;0;1;1;0;0.0;0.0;0.0
81;2021-01-03;0;0;0;1;1;0;0.0;0.0;0.0
81;2021-01-04;1;0;0;2;1;0;0.0;0.0;0.0
81;2021-01-05;2;0;0;4;1;0;0.0;0.0;0.0
81;2021-01-06;7;0;0;11;1;0;0.0;0.0;0.0
81;2021-01-07;269;0;0;280;1;0;0.1;0.0;0.0
81;2021-01-08;311;1;0;591;2;0;0.2;0.0;0.0
81;2021-01-09;71;1;0;662;3;0;0.2;0.0;0.0
81;2021-01-10;4;0;0;666;3;0;0.2;0.0;0.0
81;2021-01-11;146;0;0;812;3;0;0.2;0.0;0.0
81;2021-01-12;251;0;0;1063;3;0;0.3;0.0;0.0
81;2021-01-13;268;1;0;1331;4;0;0.3;0.0;0.0
81;2021-01-14;970;7;0;2301;11;0;0.6;0.0;0.0
81;2021-01-15;572;4;0;2873;15;0;0.7;0.0;0.0
81;2021-01-16;80;2;0;2953;17;0;0.8;0.0;0.0
81;2021-01-17;3;0;0;2956;17;0;0.8;0.0;0.0
81;2021-01-18;566;2;0;3522;19;0;0.9;0.0;0.0
81;2021-01-19;708;5;0;4230;24;0;1.1;0.0;0.0
81;2021-01-20;813;3;0;5043;27;0;1.3;0.0;0.0
81;2021-01-21;1205;13;0;6248;40;0;1.6;0.0;0.0
81;2021-01-22;851;3;0;7099;43;0;1.8;0.0;0.0
81;2021-01-23;227;2;0;7326;45;0;1.9;0.0;0.0
81;2021-01-24;100;0;0;7426;45;0;1.9;0.0;0.0
81;2021-01-25;563;6;0;7989;51;0;2.1;0.0;0.0
81;2021-01-26;635;7;0;8624;58;0;2.2;0.0;0.0
81;2021-01-27;581;3;0;9205;61;0;2.4;0.0;0.0
81;2021-01-28;659;226;0;9864;287;0;2.5;0.1;0.0
81;2021-01-29;317;187;0;10181;474;0;2.6;0.1;0.0
81;2021-01-30;197;38;0;10378;512;0;2.7;0.1;0.0
81;2021-01-31;98;1;0;10476;513;0;2.7;0.1;0.0
81;2021-02-01;296;171;0;10772;684;0;2.8;0.2;0.0
81;2021-02-02;441;182;0;11213;866;0;2.9;0.2;0.0
81;2021-02-03;477;288;0;11690;1154;0;3.0;0.3;0.0
81;2021-02-04;1374;700;0;13064;1854;0;3.4;0.5;0.0
81;2021-02-05;822;325;0;13886;2179;0;3.6;0.6;0.0
81;2021-02-06;242;19;0;14128;2198;0;3.6;0.6;0.0
81;2021-02-07;97;1;0;14225;2199;0;3.7;0.6;0.0
81;2021-02-08;272;226;0;14497;2425;0;3.7;0.6;0.0
81;2021-02-09;430;273;0;14927;2698;0;3.8;0.7;0.0
81;2021-02-10;376;338;0;15303;3036;0;3.9;0.8;0.0
81;2021-02-11;657;481;0;15960;3517;0;4.1;0.9;0.0
81;2021-02-12;543;526;0;16503;4043;0;4.3;1.0;0.0
81;2021-02-13;196;163;0;16699;4206;0;4.3;1.1;0.0
81;2021-02-14;93;1;0;16792;4207;0;4.3;1.1;0.0
81;2021-02-15;236;453;0;17028;4660;0;4.4;1.2;0.0
81;2021-02-16;290;636;0;17318;5296;0;4.5;1.4;0.0
81;2021-02-17;247;546;0;17565;5842;0;4.5;1.5;0.0
81;2021-02-18;488;700;0;18053;6542;0;4.7;1.7;0.0
81;2021-02-19;570;433;0;18623;6975;0;4.8;1.8;0.0
81;2021-02-20;317;279;0;18940;7254;0;4.9;1.9;0.0
81;2021-02-21;22;81;0;18962;7335;0;4.9;1.9;0.0
81;2021-02-22;232;539;0;19194;7874;0;4.9;2.0;0.0
81;2021-02-23;185;593;0;19379;8467;0;5.0;2.2;0.0
81;2021-02-24;298;667;0;19677;9134;0;5.1;2.4;0.0
81;2021-02-25;715;1018;0;20392;10152;0;5.3;2.6;0.0
81;2021-02-26;943;926;0;21335;11078;0;5.5;2.9;0.0
81;2021-02-27;283;234;0;21618;11312;0;5.6;2.9;0.0
81;2021-02-28;18;85;0;21636;11397;0;5.6;2.9;0.0
81;2021-03-01;233;416;0;21869;11813;0;5.6;3.0;0.0
81;2021-03-02;389;507;0;22258;12320;0;5.7;3.2;0.0
81;2021-03-03;485;444;0;22743;12764;0;5.9;3.3;0.0
81;2021-03-04;1119;459;0;23862;13223;0;6.2;3.4;0.0
81;2021-03-05;1403;409;0;25265;13632;0;6.5;3.5;0.0
81;2021-03-06;1010;164;0;26275;13796;0;6.8;3.6;0.0
81;2021-03-07;189;92;0;26464;13888;0;6.8;3.6;0.0
81;2021-03-08;484;360;0;26948;14248;0;6.9;3.7;0.0
81;2021-03-09;827;367;0;27775;14615;0;7.2;3.8;0.0
81;2021-03-10;926;399;0;28701;15014;0;7.4;3.9;0.0
81;2021-03-11;1380;371;0;30081;15385;0;7.8;4.0;0.0
81;2021-03-12;1724;321;0;31805;15706;0;8.2;4.0;0.0
81;2021-03-13;1063;199;0;32868;15905;0;8.5;4.1;0.0
81;2021-03-14;67;78;0;32935;15983;0;8.5;4.1;0.0
81;2021-03-15;1078;239;0;34013;16222;0;8.8;4.2;0.0
81;2021-03-16;737;250;0;34750;16472;0;9.0;4.2;0.0
81;2021-03-17;851;282;0;35601;16754;0;9.2;4.3;0.0
81;2021-03-18;967;572;0;36568;17326;0;9.4;4.5;0.0
81;2021-03-19;1294;472;0;37862;17798;0;9.8;4.6;0.0
81;2021-03-20;698;285;0;38560;18083;0;9.9;4.7;0.0
81;2021-03-21;142;22;0;38702;18105;0;10.0;4.7;0.0
81;2021-03-22;950;286;0;39652;18391;0;10.2;4.7;0.0
81;2021-03-23;1462;231;0;41114;18622;0;10.6;4.8;0.0
81;2021-03-24;1675;298;0;42789;18920;0;11.0;4.9;0.0
81;2021-03-25;2125;363;0;44914;19283;0;11.6;5.0;0.0
81;2021-03-26;2157;301;0;47071;19584;0;12.1;5.0;0.0
81;2021-03-27;1144;42;0;48215;19626;0;12.4;5.1;0.0
81;2021-03-28;716;41;0;48931;19667;0;12.6;5.1;0.0
81;2021-03-29;2792;185;0;51723;19852;0;13.3;5.1;0.0
81;2021-03-30;3088;240;0;54811;20092;0;14.1;5.2;0.0
81;2021-03-31;2694;283;0;57505;20375;0;14.8;5.3;0.0
81;2021-04-01;3325;571;0;60830;20946;0;15.7;5.4;0.0
81;2021-04-02;2658;401;0;63488;21347;0;16.4;5.5;0.0
81;2021-04-03;1149;305;0;64637;21652;0;16.7;5.6;0.0
81;2021-04-04;1333;26;0;65970;21678;0;17.0;5.6;0.0
81;2021-04-05;711;20;0;66681;21698;0;17.2;5.6;0.0
81;2021-04-06;1649;525;0;68330;22223;0;17.6;5.7;0.0
81;2021-04-07;1860;566;0;70190;22789;0;18.1;5.9;0.0
81;2021-04-08;2659;821;0;72849;23610;0;18.8;6.1;0.0
81;2021-04-09;3040;480;0;75889;24090;0;19.6;6.2;0.0
81;2021-04-10;1474;504;0;77363;24594;0;19.9;6.3;0.0
81;2021-04-11;1236;71;0;78599;24665;0;20.3;6.4;0.0
81;2021-04-12;1305;677;0;79904;25342;0;20.6;6.5;0.0
81;2021-04-13;2527;811;0;82431;26153;0;21.3;6.7;0.0
81;2021-04-14;2468;839;0;84899;26992;0;21.9;7.0;0.0
81;2021-04-15;3126;1236;0;88025;28228;0;22.7;7.3;0.0
81;2021-04-16;2735;1100;0;90760;29328;0;23.4;7.6;0.0
81;2021-04-17;1252;338;0;92012;29666;0;23.7;7.6;0.0
81;2021-04-18;497;139;0;92509;29805;0;23.8;7.7;0.0
81;2021-04-19;930;825;0;93439;30630;0;24.1;7.9;0.0
81;2021-04-20;2247;1200;0;95686;31830;0;24.7;8.2;0.0
81;2021-04-21;2155;1065;0;97841;32895;0;25.2;8.5;0.0
81;2021-04-22;2762;1134;0;100603;34029;0;25.9;8.8;0.0
81;2021-04-23;2752;1024;0;103355;35053;0;26.6;9.0;0.0
81;2021-04-24;1258;770;0;104613;35823;0;27.0;9.2;0.0
81;2021-04-25;433;689;0;105046;36512;0;27.1;9.4;0.0
81;2021-04-26;1062;2330;0;106108;38842;0;27.4;10.0;0.0
81;2021-04-27;1516;2341;0;107624;41183;0;27.7;10.6;0.0
81;2021-04-28;1383;2400;0;109007;43583;0;28.1;11.2;0.0
81;2021-04-29;1747;2749;0;110754;46332;0;28.6;11.9;0.0
81;2021-04-30;1931;2323;0;112685;48655;0;29.1;12.5;0.0
81;2021-05-01;380;657;0;113065;49312;0;29.1;12.7;0.0
81;2021-05-02;302;1309;0;113367;50621;0;29.2;13.1;0.0
81;2021-05-03;1102;1205;0;114469;51826;0;29.5;13.4;0.0
81;2021-05-04;2443;1895;0;116912;53721;0;30.1;13.8;0.0
81;2021-05-05;1963;1944;0;118875;55665;0;30.6;14.4;0.0
81;2021-05-06;2659;3418;0;121534;59083;0;31.3;15.2;0.0
81;2021-05-07;1998;2963;0;123532;62046;0;31.8;16.0;0.0
81;2021-05-08;876;944;0;124408;62990;0;32.1;16.2;0.0
81;2021-05-09;572;1278;0;124980;64268;0;32.2;16.6;0.0
81;2021-05-10;839;1624;0;125819;65892;0;32.4;17.0;0.0
81;2021-05-11;1562;2538;0;127381;68430;0;32.8;17.6;0.0
81;2021-05-12;1520;2440;0;128901;70870;0;33.2;18.3;0.0
81;2021-05-13;1167;567;0;130068;71437;0;33.5;18.4;0.0
81;2021-05-14;1805;1660;0;131873;73097;0;34.0;18.8;0.0
81;2021-05-15;1397;596;0;133270;73693;0;34.4;19.0;0.0
81;2021-05-16;1160;385;0;134430;74078;0;34.7;19.1;0.0
81;2021-05-17;1067;884;0;135497;74962;0;34.9;19.3;0.0
81;2021-05-18;1619;1446;0;137116;76408;0;35.3;19.7;0.0
81;2021-05-19;2481;1229;0;139597;77637;0;36.0;20.0;0.0
81;2021-05-20;2769;1348;0;142366;78985;0;36.7;20.4;0.0
81;2021-05-21;2510;1150;0;144876;80135;0;37.3;20.7;0.0
81;2021-05-22;2323;506;0;147199;80641;0;37.9;20.8;0.0
81;2021-05-23;995;72;0;148194;80713;0;38.2;20.8;0.0
81;2021-05-24;678;88;0;148872;80801;0;38.4;20.8;0.0
81;2021-05-25;2223;1071;0;151095;81872;0;39.0;21.1;0.0
81;2021-05-26;1661;851;0;152756;82723;0;39.4;21.3;0.0
81;2021-05-27;2275;1580;0;155031;84303;0;40.0;21.7;0.0
81;2021-05-28;2266;1701;0;157297;86004;0;40.6;22.2;0.0
81;2021-05-29;1211;551;0;158508;86555;0;40.9;22.3;0.0
81;2021-05-30;756;199;0;159264;86754;0;41.1;22.4;0.0
81;2021-05-31;1056;1336;0;160320;88090;0;41.3;22.7;0.0
81;2021-06-01;1706;2607;0;162026;90697;0;41.8;23.4;0.0
81;2021-06-02;1870;2360;0;163896;93057;0;42.3;24.0;0.0
81;2021-06-03;1882;2507;0;165778;95564;0;42.7;24.6;0.0
81;2021-06-04;1924;2855;0;167702;98419;0;43.2;25.4;0.0
81;2021-06-05;1466;1224;0;169168;99643;0;43.6;25.7;0.0
81;2021-06-06;461;356;0;169629;99999;0;43.7;25.8;0.0
81;2021-06-07;1193;1510;0;170822;101509;0;44.0;26.2;0.0
81;2021-06-08;2283;2290;0;173105;103799;0;44.6;26.8;0.0
81;2021-06-09;2350;1781;0;175455;105580;0;45.2;27.2;0.0
81;2021-06-10;1318;1521;0;176773;107101;0;45.6;27.6;0.0
81;2021-06-11;2519;2127;0;179292;109228;0;46.2;28.2;0.0
81;2021-06-12;1579;1010;0;180871;110238;0;46.6;28.4;0.0
81;2021-06-13;514;494;0;181385;110732;0;46.8;28.5;0.0
81;2021-06-14;843;1416;0;182228;112148;0;47.0;28.9;0.0
81;2021-06-15;1656;3356;0;183884;115504;0;47.4;29.8;0.0
81;2021-06-16;1304;2845;0;185188;118349;0;47.7;30.5;0.0
81;2021-06-17;1360;2475;0;186548;120824;0;48.1;31.1;0.0
81;2021-06-18;1862;2632;0;188410;123456;0;48.6;31.8;0.0
81;2021-06-19;883;968;0;189293;124424;0;48.8;32.1;0.0
81;2021-06-20;446;475;0;189739;124899;0;48.9;32.2;0.0
81;2021-06-21;472;1082;0;190211;125981;0;49.0;32.5;0.0
81;2021-06-22;1099;2388;0;191310;128369;0;49.3;33.1;0.0
81;2021-06-23;1144;2059;0;192454;130428;0;49.6;33.6;0.0
81;2021-06-24;1143;1844;0;193597;132272;0;49.9;34.1;0.0
81;2021-06-25;1203;2673;0;194800;134945;0;50.2;34.8;0.0
81;2021-06-26;740;1564;0;195540;136509;0;50.4;35.2;0.0
81;2021-06-27;542;1402;0;196082;137911;0;50.5;35.6;0.0
81;2021-06-28;508;1476;0;196590;139387;0;50.7;35.9;0.0
81;2021-06-29;1056;2494;0;197646;141881;0;51.0;36.6;0.0
81;2021-06-30;1021;2957;0;198667;144838;0;51.2;37.3;0.0
81;2021-07-01;917;2503;0;199584;147341;0;51.5;38.0;0.0
81;2021-07-02;1040;2803;0;200624;150144;0;51.7;38.7;0.0
81;2021-07-03;730;2408;0;201354;152552;0;51.9;39.3;0.0
81;2021-07-04;297;912;0;201651;153464;0;52.0;39.6;0.0
81;2021-07-05;752;1533;0;202403;154997;0;52.2;40.0;0.0
81;2021-07-06;993;2984;1;203396;157981;1;52.4;40.7;0.0
81;2021-07-07;1053;2289;0;204449;160270;1;52.7;41.3;0.0
81;2021-07-08;1017;2152;1;205466;162422;2;53.0;41.9;0.0
81;2021-07-09;1175;2599;0;206641;165021;2;53.3;42.5;0.0
81;2021-07-10;788;1421;0;207429;166442;2;53.5;42.9;0.0
81;2021-07-11;449;921;0;207878;167363;2;53.6;43.1;0.0
81;2021-07-12;782;1649;0;208660;169012;2;53.8;43.6;0.0
81;2021-07-13;2005;2954;0;210665;171966;2;54.3;44.3;0.0
81;2021-07-14;1454;1438;0;212119;173404;2;54.7;44.7;0.0
81;2021-07-15;2454;2718;0;214573;176122;2;55.3;45.4;0.0
81;2021-07-16;2097;2933;0;216670;179055;2;55.9;46.2;0.0
81;2021-07-17;1313;2316;0;217983;181371;2;56.2;46.8;0.0
81;2021-07-18;730;1147;0;218713;182518;2;56.4;47.1;0.0
81;2021-07-19;1171;1755;0;219884;184273;2;56.7;47.5;0.0
81;2021-07-20;2753;2685;0;222637;186958;2;57.4;48.2;0.0
81;2021-07-21;3205;2271;0;225842;189229;2;58.2;48.8;0.0
81;2021-07-22;3210;2047;0;229052;191276;2;59.0;49.3;0.0
81;2021-07-23;2923;3132;0;231975;194408;2;59.8;50.1;0.0
81;2021-07-24;2439;1691;0;234414;196099;2;60.4;50.6;0.0
81;2021-07-25;1555;738;0;235969;196837;2;60.8;50.7;0.0
81;2021-07-26;1871;1545;0;237840;198382;2;61.3;51.1;0.0
81;2021-07-27;3234;2381;0;241074;200763;2;62.1;51.8;0.0
81;2021-07-28;2877;2097;0;243951;202860;2;62.9;52.3;0.0
81;2021-07-29;3134;1754;0;247085;204614;2;63.7;52.7;0.0
81;2021-07-30;2673;2214;0;249758;206828;2;64.4;53.3;0.0
81;2021-07-31;1824;1012;0;251582;207840;2;64.9;53.6;0.0
81;2021-08-01;811;640;0;252393;208480;2;65.1;53.7;0.0
81;2021-08-02;1154;1044;0;253547;209524;2;65.4;54.0;0.0
81;2021-08-03;2216;2017;0;255763;211541;2;65.9;54.5;0.0
81;2021-08-04;1962;1502;0;257725;213043;2;66.4;54.9;0.0
81;2021-08-05;1482;1814;0;259207;214857;2;66.8;55.4;0.0
81;2021-08-06;1650;1981;0;260857;216838;2;67.2;55.9;0.0
81;2021-08-07;959;1086;0;261816;217924;2;67.5;56.2;0.0
81;2021-08-08;428;752;0;262244;218676;2;67.6;56.4;0.0
81;2021-08-09;814;794;0;263058;219470;2;67.8;56.6;0.0
81;2021-08-10;1535;2544;0;264593;222014;2;68.2;57.2;0.0
81;2021-08-11;1110;2345;0;265703;224359;2;68.5;57.8;0.0
81;2021-08-12;1068;2154;0;266771;226513;2;68.8;58.4;0.0
81;2021-08-13;906;2346;0;267677;228859;2;69.0;59.0;0.0
81;2021-08-14;519;1753;0;268196;230612;2;69.1;59.5;0.0
81;2021-08-15;185;1045;0;268381;231657;2;69.2;59.7;0.0
81;2021-08-16;683;1727;0;269064;233384;2;69.4;60.2;0.0
81;2021-08-17;1283;2915;0;270347;236299;2;69.7;60.9;0.0
81;2021-08-18;1020;2295;0;271367;238594;2;70.0;61.5;0.0
81;2021-08-19;924;2182;0;272291;240776;2;70.2;62.1;0.0
81;2021-08-20;913;2255;0;273204;243031;2;70.4;62.7;0.0
81;2021-08-21;489;1575;0;273693;244606;2;70.6;63.1;0.0
81;2021-08-22;215;956;0;273908;245562;2;70.6;63.3;0.0
81;2021-08-23;501;1329;0;274409;246891;2;70.7;63.6;0.0
81;2021-08-24;793;2463;0;275202;249354;2;70.9;64.3;0.0
81;2021-08-25;717;2057;0;275919;251411;2;71.1;64.8;0.0
81;2021-08-26;869;2041;0;276788;253452;2;71.4;65.3;0.0
81;2021-08-27;828;2113;0;277616;255565;2;71.6;65.9;0.0
81;2021-08-28;469;1422;0;278085;256987;2;71.7;66.3;0.0
81;2021-08-29;178;845;0;278263;257832;2;71.7;66.5;0.0
81;2021-08-30;427;1127;27;278690;258959;29;71.8;66.8;0.0
81;2021-08-31;787;1954;92;279477;260913;121;72.0;67.3;0.0
81;2021-09-01;695;1225;172;280172;262138;293;72.2;67.6;0.1
81;2021-09-02;577;1006;206;280749;263144;499;72.4;67.8;0.1
81;2021-09-03;587;1274;193;281336;264418;692;72.5;68.2;0.2
81;2021-09-04;499;898;72;281835;265316;764;72.7;68.4;0.2
81;2021-09-05;119;248;24;281954;265564;788;72.7;68.5;0.2
81;2021-09-06;301;537;197;282255;266101;985;72.8;68.6;0.3
81;2021-09-07;396;1052;267;282651;267153;1252;72.9;68.9;0.3
81;2021-09-08;423;1080;192;283074;268233;1444;73.0;69.2;0.4
81;2021-09-09;383;801;228;283457;269034;1672;73.1;69.4;0.4
81;2021-09-10;409;957;269;283866;269991;1941;73.2;69.6;0.5
81;2021-09-11;396;881;75;284262;270872;2016;73.3;69.8;0.5
81;2021-09-12;80;239;30;284342;271111;2046;73.3;69.9;0.5
81;2021-09-13;241;473;274;284583;271584;2320;73.4;70.0;0.6
81;2021-09-14;490;683;452;285073;272267;2772;73.5;70.2;0.7
81;2021-09-15;445;788;481;285518;273055;3253;73.6;70.4;0.8
81;2021-09-16;346;537;387;285864;273592;3640;73.7;70.5;0.9
81;2021-09-17;431;796;356;286295;274388;3996;73.8;70.7;1.0
81;2021-09-18;267;672;136;286562;275060;4132;73.9;70.9;1.1
81;2021-09-19;57;169;17;286619;275229;4149;73.9;71.0;1.1
81;2021-09-20;136;311;224;286755;275540;4373;73.9;71.0;1.1
81;2021-09-21;263;550;531;287018;276090;4904;74.0;71.2;1.3
81;2021-09-22;201;676;395;287219;276766;5299;74.0;71.4;1.4
81;2021-09-23;162;502;471;287381;277268;5770;74.1;71.5;1.5
81;2021-09-24;299;685;471;287680;277953;6241;74.2;71.7;1.6
81;2021-09-25;168;686;99;287848;278639;6340;74.2;71.8;1.6
81;2021-09-26;34;137;22;287882;278776;6362;74.2;71.9;1.6
81;2021-09-27;137;277;246;288019;279053;6608;74.3;71.9;1.7
81;2021-09-28;179;356;271;288198;279409;6879;74.3;72.0;1.8
81;2021-09-29;233;499;268;288431;279908;7147;74.4;72.2;1.8
81;2021-09-30;150;301;336;288581;280209;7483;74.4;72.2;1.9
81;2021-10-01;293;456;339;288874;280665;7822;74.5;72.4;2.0
81;2021-10-02;198;422;157;289072;281087;7979;74.5;72.5;2.1
81;2021-10-03;52;106;23;289124;281193;8002;74.5;72.5;2.1
81;2021-10-04;112;211;209;289236;281404;8211;74.6;72.5;2.1
81;2021-10-05;150;333;454;289386;281737;8665;74.6;72.6;2.2
81;2021-10-06;215;460;432;289601;282197;9097;74.7;72.8;2.3
81;2021-10-07;153;313;542;289754;282510;9639;74.7;72.8;2.5
81;2021-10-08;209;499;794;289963;283009;10433;74.8;73.0;2.7
81;2021-10-09;151;322;102;290114;283331;10535;74.8;73.0;2.7
81;2021-10-10;46;69;45;290160;283400;10580;74.8;73.1;2.7
81;2021-10-11;135;216;357;290295;283616;10937;74.8;73.1;2.8
81;2021-10-12;131;240;504;290426;283856;11441;74.9;73.2;2.9
81;2021-10-13;208;307;266;290634;284163;11707;74.9;73.3;3.0
81;2021-10-14;136;246;465;290770;284409;12172;75.0;73.3;3.1
81;2021-10-15;257;355;925;291027;284764;13097;75.0;73.4;3.4
81;2021-10-16;190;199;119;291217;284963;13216;75.1;73.5;3.4
81;2021-10-17;3;8;1;291220;284971;13217;75.1;73.5;3.4
81;2021-10-18;106;139;308;291326;285110;13525;75.1;73.5;3.5
81;2021-10-19;142;196;477;291468;285306;14002;75.1;73.6;3.6
81;2021-10-20;175;245;507;291643;285551;14509;75.2;73.6;3.7
81;2021-10-21;114;187;616;291757;285738;15125;75.2;73.7;3.9
81;2021-10-22;194;330;670;291951;286068;15795;75.3;73.7;4.1
81;2021-10-23;122;216;205;292073;286284;16000;75.3;73.8;4.1
81;2021-10-24;43;62;86;292116;286346;16086;75.3;73.8;4.1
81;2021-10-25;127;143;507;292243;286489;16593;75.3;73.9;4.3
81;2021-10-26;104;119;706;292347;286608;17299;75.4;73.9;4.5
81;2021-10-27;105;139;500;292452;286747;17799;75.4;73.9;4.6
81;2021-10-28;69;121;656;292521;286868;18455;75.4;74.0;4.8
81;2021-10-29;145;186;796;292666;287054;19251;75.4;74.0;5.0
81;2021-10-30;133;208;961;292799;287262;20212;75.5;74.1;5.2
81;2021-10-31;38;48;118;292837;287310;20330;75.5;74.1;5.2
81;2021-11-01;10;3;0;292847;287313;20330;75.5;74.1;5.2
81;2021-11-02;110;158;708;292957;287471;21038;75.5;74.1;5.4
81;2021-11-03;191;286;1051;293148;287757;22089;75.6;74.2;5.7
81;2021-11-04;120;135;922;293268;287892;23011;75.6;74.2;5.9
81;2021-11-05;162;238;1177;293430;288130;24188;75.6;74.3;6.2
81;2021-11-06;113;191;449;293543;288321;24637;75.7;74.3;6.4
81;2021-11-07;45;50;109;293588;288371;24746;75.7;74.3;6.4
81;2021-11-08;71;97;552;293659;288468;25298;75.7;74.4;6.5
81;2021-11-09;107;173;1640;293766;288641;26938;75.7;74.4;6.9
81;2021-11-10;208;244;1621;293974;288885;28559;75.8;74.5;7.4
81;2021-11-11;3;5;54;293977;288890;28613;75.8;74.5;7.4
81;2021-11-12;129;183;1195;294106;289073;29808;75.8;74.5;7.7
81;2021-11-13;118;161;602;294224;289234;30410;75.9;74.6;7.8
81;2021-11-14;21;51;139;294245;289285;30549;75.9;74.6;7.9
81;2021-11-15;123;103;1286;294368;289388;31835;75.9;74.6;8.2
81;2021-11-16;127;179;1960;294495;289567;33795;75.9;74.7;8.7
81;2021-11-17;90;153;995;294585;289720;34790;75.9;74.7;9.0
81;2021-11-18;110;151;1489;294695;289871;36279;76.0;74.7;9.4
81;2021-11-19;126;131;1537;294821;290002;37816;76.0;74.8;9.7
81;2021-11-20;62;85;338;294883;290087;38154;76.0;74.8;9.8
81;2021-11-21;122;112;634;295005;290199;38788;76.1;74.8;10.0
81;2021-11-22;52;41;810;295057;290240;39598;76.1;74.8;10.2
81;2021-11-23;176;130;2682;295233;290370;42280;76.1;74.9;10.9
81;2021-11-24;224;194;1936;295457;290564;44216;76.2;74.9;11.4
81;2021-11-25;141;113;2212;295598;290677;46428;76.2;74.9;12.0
81;2021-11-26;221;203;3185;295819;290880;49613;76.3;75.0;12.8
81;2021-11-27;169;175;1541;295988;291055;51154;76.3;75.0;13.2
81;2021-11-28;38;51;842;296026;291106;51996;76.3;75.0;13.4
81;2021-11-29;62;69;1255;296088;291175;53251;76.3;75.1;13.7
81;2021-11-30;141;131;4129;296229;291306;57380;76.4;75.1;14.8
81;2021-12-01;129;166;3103;296358;291472;60483;76.4;75.1;15.6
81;2021-12-02;103;70;3602;296461;291542;64085;76.4;75.2;16.5
81;2021-12-03;86;130;3715;296547;291672;67800;76.4;75.2;17.5
81;2021-12-04;75;75;1651;296622;291747;69451;76.5;75.2;17.9
81;2021-12-05;12;15;765;296634;291762;70216;76.5;75.2;18.1
81;2021-12-06;92;73;2937;296726;291835;73153;76.5;75.2;18.9
81;2021-12-07;114;134;4858;296840;291969;78011;76.5;75.3;20.1
81;2021-12-08;140;228;3787;296980;292197;81798;76.6;75.3;21.1
81;2021-12-09;117;122;4358;297097;292319;86156;76.6;75.4;22.2
81;2021-12-10;123;154;4615;297220;292473;90771;76.6;75.4;23.4
81;2021-12-11;85;91;2466;297305;292564;93237;76.6;75.4;24.0
81;2021-12-12;36;21;1011;297341;292585;94248;76.7;75.4;24.3
81;2021-12-13;93;78;3246;297434;292663;97494;76.7;75.4;25.1
81;2021-12-14;149;207;5670;297583;292870;103164;76.7;75.5;26.6
81;2021-12-15;164;259;4415;297747;293129;107579;76.8;75.6;27.7
81;2021-12-16;153;187;5007;297900;293316;112586;76.8;75.6;29.0
81;2021-12-17;125;194;4089;298025;293510;116675;76.8;75.7;30.1
81;2021-12-18;118;243;2329;298143;293753;119004;76.9;75.7;30.7
81;2021-12-19;13;19;443;298156;293772;119447;76.9;75.7;30.8
81;2021-12-20;138;148;2899;298294;293920;122346;76.9;75.8;31.5
81;2021-12-21;207;223;4535;298501;294143;126881;77.0;75.8;32.7
81;2021-12-22;206;166;3801;298707;294309;130682;77.0;75.9;33.7
82;2020-12-27;0;0;0;0;0;0;0.0;0.0;0.0
82;2020-12-28;1;0;0;1;0;0;0.0;0.0;0.0
82;2020-12-29;0;0;0;1;0;0;0.0;0.0;0.0
82;2020-12-30;0;0;0;1;0;0;0.0;0.0;0.0
82;2020-12-31;0;0;0;1;0;0;0.0;0.0;0.0
82;2021-01-01;0;0;0;1;0;0;0.0;0.0;0.0
82;2021-01-02;0;0;0;1;0;0;0.0;0.0;0.0
82;2021-01-03;0;0;0;1;0;0;0.0;0.0;0.0
82;2021-01-04;0;0;0;1;0;0;0.0;0.0;0.0
82;2021-01-05;78;0;0;79;0;0;0.0;0.0;0.0
82;2021-01-06;4;0;0;83;0;0;0.0;0.0;0.0
82;2021-01-07;68;0;0;151;0;0;0.1;0.0;0.0
82;2021-01-08;61;0;0;212;0;0;0.1;0.0;0.0
82;2021-01-09;75;0;0;287;0;0;0.1;0.0;0.0
82;2021-01-10;2;0;0;289;0;0;0.1;0.0;0.0
82;2021-01-11;102;0;0;391;0;0;0.1;0.0;0.0
82;2021-01-12;286;0;0;677;0;0;0.3;0.0;0.0
82;2021-01-13;324;1;0;1001;1;0;0.4;0.0;0.0
82;2021-01-14;416;5;0;1417;6;0;0.5;0.0;0.0
82;2021-01-15;602;3;0;2019;9;0;0.8;0.0;0.0
82;2021-01-16;214;3;0;2233;12;0;0.9;0.0;0.0
82;2021-01-17;89;0;0;2322;12;0;0.9;0.0;0.0
82;2021-01-18;415;0;0;2737;12;0;1.0;0.0;0.0
82;2021-01-19;478;1;0;3215;13;0;1.2;0.0;0.0
82;2021-01-20;643;5;0;3858;18;0;1.5;0.0;0.0
82;2021-01-21;450;2;0;4308;20;0;1.6;0.0;0.0
82;2021-01-22;465;2;0;4773;22;0;1.8;0.0;0.0
82;2021-01-23;159;0;0;4932;22;0;1.9;0.0;0.0
82;2021-01-24;2;0;0;4934;22;0;1.9;0.0;0.0
82;2021-01-25;365;0;0;5299;22;0;2.0;0.0;0.0
82;2021-01-26;446;0;0;5745;22;0;2.2;0.0;0.0
82;2021-01-27;508;5;0;6253;27;0;2.4;0.0;0.0
82;2021-01-28;544;34;0;6797;61;0;2.6;0.0;0.0
82;2021-01-29;387;102;0;7184;163;0;2.7;0.1;0.0
82;2021-01-30;57;24;0;7241;187;0;2.8;0.1;0.0
82;2021-01-31;4;2;0;7245;189;0;2.8;0.1;0.0
82;2021-02-01;288;76;0;7533;265;0;2.9;0.1;0.0
82;2021-02-02;360;117;0;7893;382;0;3.0;0.1;0.0
82;2021-02-03;430;81;0;8323;463;0;3.2;0.2;0.0
82;2021-02-04;729;206;0;9052;669;0;3.4;0.3;0.0
82;2021-02-05;456;150;0;9508;819;0;3.6;0.3;0.0
82;2021-02-06;89;37;0;9597;856;0;3.7;0.3;0.0
82;2021-02-07;30;71;0;9627;927;0;3.7;0.4;0.0
82;2021-02-08;151;224;0;9778;1151;0;3.7;0.4;0.0
82;2021-02-09;220;381;0;9998;1532;0;3.8;0.6;0.0
82;2021-02-10;259;575;0;10257;2107;0;3.9;0.8;0.0
82;2021-02-11;221;379;0;10478;2486;0;4.0;0.9;0.0
82;2021-02-12;191;573;0;10669;3059;0;4.1;1.2;0.0
82;2021-02-13;59;119;0;10728;3178;0;4.1;1.2;0.0
82;2021-02-14;6;86;0;10734;3264;0;4.1;1.2;0.0
82;2021-02-15;220;306;0;10954;3570;0;4.2;1.4;0.0
82;2021-02-16;266;381;0;11220;3951;0;4.3;1.5;0.0
82;2021-02-17;328;514;0;11548;4465;0;4.4;1.7;0.0
82;2021-02-18;457;486;0;12005;4951;0;4.6;1.9;0.0
82;2021-02-19;439;513;0;12444;5464;0;4.7;2.1;0.0
82;2021-02-20;68;141;0;12512;5605;0;4.8;2.1;0.0
82;2021-02-21;3;0;0;12515;5605;0;4.8;2.1;0.0
82;2021-02-22;190;390;0;12705;5995;0;4.8;2.3;0.0
82;2021-02-23;268;453;0;12973;6448;0;4.9;2.5;0.0
82;2021-02-24;266;439;0;13239;6887;0;5.0;2.6;0.0
82;2021-02-25;581;498;0;13820;7385;0;5.3;2.8;0.0
82;2021-02-26;600;380;0;14420;7765;0;5.5;3.0;0.0
82;2021-02-27;206;74;0;14626;7839;0;5.6;3.0;0.0
82;2021-02-28;33;8;0;14659;7847;0;5.6;3.0;0.0
82;2021-03-01;257;212;0;14916;8059;0;5.7;3.1;0.0
82;2021-03-02;477;400;0;15393;8459;0;5.9;3.2;0.0
82;2021-03-03;405;361;0;15798;8820;0;6.0;3.4;0.0
82;2021-03-04;565;302;0;16363;9122;0;6.2;3.5;0.0
82;2021-03-05;666;369;0;17029;9491;0;6.5;3.6;0.0
82;2021-03-06;675;54;0;17704;9545;0;6.7;3.6;0.0
82;2021-03-07;318;6;0;18022;9551;0;6.9;3.6;0.0
82;2021-03-08;568;150;0;18590;9701;0;7.1;3.7;0.0
82;2021-03-09;563;245;0;19153;9946;0;7.3;3.8;0.0
82;2021-03-10;736;232;0;19889;10178;0;7.6;3.9;0.0
82;2021-03-11;923;274;0;20812;10452;0;7.9;4.0;0.0
82;2021-03-12;952;115;0;21764;10567;0;8.3;4.0;0.0
82;2021-03-13;549;53;0;22313;10620;0;8.5;4.0;0.0
82;2021-03-14;63;5;0;22376;10625;0;8.5;4.0;0.0
82;2021-03-15;488;309;0;22864;10934;0;8.7;4.2;0.0
82;2021-03-16;214;307;0;23078;11241;0;8.8;4.3;0.0
82;2021-03-17;200;259;0;23278;11500;0;8.9;4.4;0.0
82;2021-03-18;279;326;0;23557;11826;0;9.0;4.5;0.0
82;2021-03-19;508;279;0;24065;12105;0;9.2;4.6;0.0
82;2021-03-20;248;59;0;24313;12164;0;9.3;4.6;0.0
82;2021-03-21;28;0;0;24341;12164;0;9.3;4.6;0.0
82;2021-03-22;410;281;0;24751;12445;0;9.4;4.7;0.0
82;2021-03-23;574;277;0;25325;12722;0;9.6;4.8;0.0
82;2021-03-24;622;298;0;25947;13020;0;9.9;5.0;0.0
82;2021-03-25;916;241;0;26863;13261;0;10.2;5.0;0.0
82;2021-03-26;1113;257;0;27976;13518;0;10.7;5.1;0.0
82;2021-03-27;421;83;0;28397;13601;0;10.8;5.2;0.0
82;2021-03-28;141;3;0;28538;13604;0;10.9;5.2;0.0
82;2021-03-29;783;344;0;29321;13948;0;11.2;5.3;0.0
82;2021-03-30;1079;266;0;30400;14214;0;11.6;5.4;0.0
82;2021-03-31;911;228;0;31311;14442;0;11.9;5.5;0.0
82;2021-04-01;1017;177;0;32328;14619;0;12.3;5.6;0.0
82;2021-04-02;1127;259;0;33455;14878;0;12.7;5.7;0.0
82;2021-04-03;596;125;0;34051;15003;0;13.0;5.7;0.0
82;2021-04-04;248;15;0;34299;15018;0;13.1;5.7;0.0
82;2021-04-05;330;16;0;34629;15034;0;13.2;5.7;0.0
82;2021-04-06;870;473;0;35499;15507;0;13.5;5.9;0.0
82;2021-04-07;945;443;0;36444;15950;0;13.9;6.1;0.0
82;2021-04-08;1384;401;0;37828;16351;0;14.4;6.2;0.0
82;2021-04-09;1526;454;0;39354;16805;0;15.0;6.4;0.0
82;2021-04-10;1502;92;0;40856;16897;0;15.6;6.4;0.0
82;2021-04-11;487;24;0;41343;16921;0;15.7;6.4;0.0
82;2021-04-12;1211;293;0;42554;17214;0;16.2;6.6;0.0
82;2021-04-13;1547;290;0;44101;17504;0;16.8;6.7;0.0
82;2021-04-14;1374;286;0;45475;17790;0;17.3;6.8;0.0
82;2021-04-15;1705;327;0;47180;18117;0;18.0;6.9;0.0
82;2021-04-16;1462;339;0;48642;18456;0;18.5;7.0;0.0
82;2021-04-17;1134;76;0;49776;18532;0;19.0;7.1;0.0
82;2021-04-18;506;16;0;50282;18548;0;19.1;7.1;0.0
82;2021-04-19;895;328;0;51177;18876;0;19.5;7.2;0.0
82;2021-04-20;1206;373;0;52383;19249;0;19.9;7.3;0.0
82;2021-04-21;1116;352;0;53499;19601;0;20.4;7.5;0.0
82;2021-04-22;1401;298;0;54900;19899;0;20.9;7.6;0.0
82;2021-04-23;1034;562;0;55934;20461;0;21.3;7.8;0.0
82;2021-04-24;1042;209;0;56976;20670;0;21.7;7.9;0.0
82;2021-04-25;635;46;0;57611;20716;0;21.9;7.9;0.0
82;2021-04-26;699;624;0;58310;21340;0;22.2;8.1;0.0
82;2021-04-27;904;837;0;59214;22177;0;22.5;8.4;0.0
82;2021-04-28;852;789;0;60066;22966;0;22.9;8.7;0.0
82;2021-04-29;1043;831;0;61109;23797;0;23.3;9.1;0.0
82;2021-04-30;1000;804;0;62109;24601;0;23.6;9.4;0.0
82;2021-05-01;1001;234;0;63110;24835;0;24.0;9.5;0.0
82;2021-05-02;609;136;0;63719;24971;0;24.3;9.5;0.0
82;2021-05-03;424;1033;0;64143;26004;0;24.4;9.9;0.0
82;2021-05-04;823;1050;0;64966;27054;0;24.7;10.3;0.0
82;2021-05-05;593;1088;0;65559;28142;0;25.0;10.7;0.0
82;2021-05-06;849;1340;0;66408;29482;0;25.3;11.2;0.0
82;2021-05-07;787;1322;0;67195;30804;0;25.6;11.7;0.0
82;2021-05-08;833;482;0;68028;31286;0;25.9;11.9;0.0
82;2021-05-09;629;504;0;68657;31790;0;26.1;12.1;0.0
82;2021-05-10;665;1234;0;69322;33024;0;26.4;12.6;0.0
82;2021-05-11;1075;1278;0;70397;34302;0;26.8;13.1;0.0
82;2021-05-12;838;1255;0;71235;35557;0;27.1;13.5;0.0
82;2021-05-13;1215;406;0;72450;35963;0;27.6;13.7;0.0
82;2021-05-14;1306;1144;0;73756;37107;0;28.1;14.1;0.0
82;2021-05-15;1384;624;0;75140;37731;0;28.6;14.4;0.0
82;2021-05-16;497;115;0;75637;37846;0;28.8;14.4;0.0
82;2021-05-17;853;1071;0;76490;38917;0;29.1;14.8;0.0
82;2021-05-18;1314;1085;0;77804;40002;0;29.6;15.2;0.0
82;2021-05-19;1041;881;0;78845;40883;0;30.0;15.6;0.0
82;2021-05-20;1338;1096;0;80183;41979;0;30.5;16.0;0.0
82;2021-05-21;1126;1118;0;81309;43097;0;31.0;16.4;0.0
82;2021-05-22;1436;532;0;82745;43629;0;31.5;16.6;0.0
82;2021-05-23;579;99;0;83324;43728;0;31.7;16.7;0.0
82;2021-05-24;1083;224;0;84407;43952;0;32.1;16.7;0.0
82;2021-05-25;1309;895;0;85716;44847;0;32.6;17.1;0.0
82;2021-05-26;1147;840;0;86863;45687;0;33.1;17.4;0.0
82;2021-05-27;1254;975;0;88117;46662;0;33.6;17.8;0.0
82;2021-05-28;1253;1080;0;89370;47742;0;34.0;18.2;0.0
82;2021-05-29;1122;512;0;90492;48254;0;34.5;18.4;0.0
82;2021-05-30;283;101;0;90775;48355;0;34.6;18.4;0.0
82;2021-05-31;1207;923;0;91982;49278;0;35.0;18.8;0.0
82;2021-06-01;1509;997;0;93491;50275;0;35.6;19.1;0.0
82;2021-06-02;1211;928;0;94702;51203;0;36.1;19.5;0.0
82;2021-06-03;1352;1160;0;96054;52363;0;36.6;19.9;0.0
82;2021-06-04;1886;1205;0;97940;53568;0;37.3;20.4;0.0
82;2021-06-05;1541;862;0;99481;54430;0;37.9;20.7;0.0
82;2021-06-06;296;126;0;99777;54556;0;38.0;20.8;0.0
82;2021-06-07;803;1169;0;100580;55725;0;38.3;21.2;0.0
82;2021-06-08;1355;1067;0;101935;56792;0;38.8;21.6;0.0
82;2021-06-09;1358;1049;0;103293;57841;0;39.3;22.0;0.0
82;2021-06-10;1354;1162;0;104647;59003;0;39.8;22.5;0.0
82;2021-06-11;1636;1031;0;106283;60034;0;40.5;22.9;0.0
82;2021-06-12;1697;1107;0;107980;61141;0;41.1;23.3;0.0
82;2021-06-13;360;119;0;108340;61260;0;41.3;23.3;0.0
82;2021-06-14;1116;1004;0;109456;62264;0;41.7;23.7;0.0
82;2021-06-15;1357;1144;0;110813;63408;0;42.2;24.1;0.0
82;2021-06-16;1472;1100;0;112285;64508;0;42.8;24.6;0.0
82;2021-06-17;1154;1384;0;113439;65892;0;43.2;25.1;0.0
82;2021-06-18;1332;1379;0;114771;67271;0;43.7;25.6;0.0
82;2021-06-19;1734;834;0;116505;68105;0;44.4;25.9;0.0
82;2021-06-20;268;163;0;116773;68268;0;44.5;26.0;0.0
82;2021-06-21;517;1127;0;117290;69395;0;44.7;26.4;0.0
82;2021-06-22;869;1555;0;118159;70950;0;45.0;27.0;0.0
82;2021-06-23;1140;1328;0;119299;72278;0;45.4;27.5;0.0
82;2021-06-24;721;1674;0;120020;73952;0;45.7;28.2;0.0
82;2021-06-25;761;1615;0;120781;75567;0;46.0;28.8;0.0
82;2021-06-26;1084;1650;0;121865;77217;0;46.4;29.4;0.0
82;2021-06-27;177;376;0;122042;77593;0;46.5;29.5;0.0
82;2021-06-28;359;1229;0;122401;78822;0;46.6;30.0;0.0
82;2021-06-29;522;1659;0;122923;80481;0;46.8;30.6;0.0
82;2021-06-30;884;1569;0;123807;82050;0;47.1;31.2;0.0
82;2021-07-01;660;1488;0;124467;83538;0;47.4;31.8;0.0
82;2021-07-02;950;1962;0;125417;85500;0;47.8;32.6;0.0
82;2021-07-03;810;1759;0;126227;87259;0;48.1;33.2;0.0
82;2021-07-04;147;396;0;126374;87655;0;48.1;33.4;0.0
82;2021-07-05;443;1385;0;126817;89040;0;48.3;33.9;0.0
82;2021-07-06;588;1687;0;127405;90727;0;48.5;34.5;0.0
82;2021-07-07;786;1491;0;128191;92218;0;48.8;35.1;0.0
82;2021-07-08;572;1402;1;128763;93620;1;49.0;35.6;0.0
82;2021-07-09;818;1830;0;129581;95450;1;49.3;36.3;0.0
82;2021-07-10;708;1780;0;130289;97230;1;49.6;37.0;0.0
82;2021-07-11;109;336;0;130398;97566;1;49.7;37.2;0.0
82;2021-07-12;595;1640;0;130993;99206;1;49.9;37.8;0.0
82;2021-07-13;848;1881;0;131841;101087;1;50.2;38.5;0.0
82;2021-07-14;699;578;0;132540;101665;1;50.5;38.7;0.0
82;2021-07-15;1053;1708;0;133593;103373;1;50.9;39.4;0.0
82;2021-07-16;1521;2394;0;135114;105767;1;51.4;40.3;0.0
82;2021-07-17;816;1848;0;135930;107615;1;51.8;41.0;0.0
82;2021-07-18;274;169;0;136204;107784;1;51.9;41.0;0.0
82;2021-07-19;932;1793;0;137136;109577;1;52.2;41.7;0.0
82;2021-07-20;1194;1863;0;138330;111440;1;52.7;42.4;0.0
82;2021-07-21;1541;1648;0;139871;113088;1;53.3;43.1;0.0
82;2021-07-22;1430;1763;0;141301;114851;1;53.8;43.7;0.0
82;2021-07-23;1369;2679;0;142670;117530;1;54.3;44.8;0.0
82;2021-07-24;1491;1403;0;144161;118933;1;54.9;45.3;0.0
82;2021-07-25;525;184;0;144686;119117;1;55.1;45.4;0.0
82;2021-07-26;1152;1824;0;145838;120941;1;55.5;46.1;0.0
82;2021-07-27;1615;1643;0;147453;122584;1;56.1;46.7;0.0
82;2021-07-28;1791;1424;0;149244;124008;1;56.8;47.2;0.0
82;2021-07-29;1630;1504;0;150874;125512;1;57.4;47.8;0.0
82;2021-07-30;1873;2212;0;152747;127724;1;58.2;48.6;0.0
82;2021-07-31;868;466;0;153615;128190;1;58.5;48.8;0.0
82;2021-08-01;426;139;0;154041;128329;1;58.7;48.9;0.0
82;2021-08-02;1452;875;0;155493;129204;1;59.2;49.2;0.0
82;2021-08-03;1689;883;0;157182;130087;1;59.9;49.5;0.0
82;2021-08-04;1652;1000;0;158834;131087;1;60.5;49.9;0.0
82;2021-08-05;1694;761;0;160528;131848;1;61.1;50.2;0.0
82;2021-08-06;1252;812;0;161780;132660;1;61.6;50.5;0.0
82;2021-08-07;1132;1271;0;162912;133931;1;62.0;51.0;0.0
82;2021-08-08;308;237;0;163220;134168;1;62.2;51.1;0.0
82;2021-08-09;1209;1100;0;164429;135268;1;62.6;51.5;0.0
82;2021-08-10;1514;1088;0;165943;136356;1;63.2;51.9;0.0
82;2021-08-11;1363;1221;0;167306;137577;1;63.7;52.4;0.0
82;2021-08-12;1540;1091;0;168846;138668;1;64.3;52.8;0.0
82;2021-08-13;1407;1190;0;170253;139858;1;64.8;53.3;0.0
82;2021-08-14;498;779;0;170751;140637;1;65.0;53.6;0.0
82;2021-08-15;81;158;0;170832;140795;1;65.0;53.6;0.0
82;2021-08-16;835;1640;0;171667;142435;1;65.4;54.2;0.0
82;2021-08-17;1031;1431;0;172698;143866;1;65.8;54.8;0.0
82;2021-08-18;688;1107;0;173386;144973;1;66.0;55.2;0.0
82;2021-08-19;986;1282;0;174372;146255;1;66.4;55.7;0.0
82;2021-08-20;991;2020;0;175363;148275;1;66.8;56.5;0.0
82;2021-08-21;511;1130;0;175874;149405;1;67.0;56.9;0.0
82;2021-08-22;52;260;0;175926;149665;1;67.0;57.0;0.0
82;2021-08-23;737;1455;0;176663;151120;1;67.3;57.5;0.0
82;2021-08-24;857;1304;0;177520;152424;1;67.6;58.0;0.0
82;2021-08-25;768;1659;0;178288;154083;1;67.9;58.7;0.0
82;2021-08-26;603;1266;0;178891;155349;1;68.1;59.2;0.0
82;2021-08-27;823;1814;0;179714;157163;1;68.4;59.8;0.0
82;2021-08-28;240;954;0;179954;158117;1;68.5;60.2;0.0
82;2021-08-29;72;254;0;180026;158371;1;68.6;60.3;0.0
82;2021-08-30;396;1234;8;180422;159605;9;68.7;60.8;0.0
82;2021-08-31;381;1228;23;180803;160833;32;68.8;61.2;0.0
82;2021-09-01;675;1433;53;181478;162266;85;69.1;61.8;0.0
82;2021-09-02;406;1284;62;181884;163550;147;69.3;62.3;0.1
82;2021-09-03;521;1857;146;182405;165407;293;69.5;63.0;0.1
82;2021-09-04;408;958;45;182813;166365;338;69.6;63.3;0.1
82;2021-09-05;33;82;1;182846;166447;339;69.6;63.4;0.1
82;2021-09-06;362;1118;149;183208;167565;488;69.8;63.8;0.2
82;2021-09-07;227;889;93;183435;168454;581;69.8;64.1;0.2
82;2021-09-08;443;1173;90;183878;169627;671;70.0;64.6;0.3
82;2021-09-09;266;921;112;184144;170548;783;70.1;64.9;0.3
82;2021-09-10;485;1230;207;184629;171778;990;70.3;65.4;0.4
82;2021-09-11;244;590;53;184873;172368;1043;70.4;65.6;0.4
82;2021-09-12;28;70;0;184901;172438;1043;70.4;65.7;0.4
82;2021-09-13;287;806;249;185188;173244;1292;70.5;66.0;0.5
82;2021-09-14;225;797;177;185413;174041;1469;70.6;66.3;0.6
82;2021-09-15;302;1113;398;185715;175154;1867;70.7;66.7;0.7
82;2021-09-16;226;487;259;185941;175641;2126;70.8;66.9;0.8
82;2021-09-17;215;531;173;186156;176172;2299;70.9;67.1;0.9
82;2021-09-18;298;1033;107;186454;177205;2406;71.0;67.5;0.9
82;2021-09-19;5;38;8;186459;177243;2414;71.0;67.5;0.9
82;2021-09-20;146;392;377;186605;177635;2791;71.1;67.6;1.1
82;2021-09-21;102;383;264;186707;178018;3055;71.1;67.8;1.2
82;2021-09-22;141;465;300;186848;178483;3355;71.1;68.0;1.3
82;2021-09-23;115;379;344;186963;178862;3699;71.2;68.1;1.4
82;2021-09-24;204;565;326;187167;179427;4025;71.3;68.3;1.5
82;2021-09-25;168;635;109;187335;180062;4134;71.3;68.6;1.6
82;2021-09-26;9;36;8;187344;180098;4142;71.3;68.6;1.6
82;2021-09-27;106;444;169;187450;180542;4311;71.4;68.7;1.6
82;2021-09-28;99;235;227;187549;180777;4538;71.4;68.8;1.7
82;2021-09-29;233;478;196;187782;181255;4734;71.5;69.0;1.8
82;2021-09-30;116;222;263;187898;181477;4997;71.5;69.1;1.9
82;2021-10-01;219;379;267;188117;181856;5264;71.6;69.2;2.0
82;2021-10-02;140;300;87;188257;182156;5351;71.7;69.4;2.0
82;2021-10-03;4;5;0;188261;182161;5351;71.7;69.4;2.0
82;2021-10-04;125;380;206;188386;182541;5557;71.7;69.5;2.1
82;2021-10-05;134;280;229;188520;182821;5786;71.8;69.6;2.2
82;2021-10-06;167;337;384;188687;183158;6170;71.8;69.7;2.3
82;2021-10-07;81;143;393;188768;183301;6563;71.9;69.8;2.5
82;2021-10-08;169;307;300;188937;183608;6863;71.9;69.9;2.6
82;2021-10-09;124;269;147;189061;183877;7010;72.0;70.0;2.7
82;2021-10-10;7;17;5;189068;183894;7015;72.0;70.0;2.7
82;2021-10-11;80;203;243;189148;184097;7258;72.0;70.1;2.8
82;2021-10-12;84;158;310;189232;184255;7568;72.1;70.2;2.9
82;2021-10-13;179;287;360;189411;184542;7928;72.1;70.3;3.0
82;2021-10-14;51;88;111;189462;184630;8039;72.1;70.3;3.1
82;2021-10-15;198;241;374;189660;184871;8413;72.2;70.4;3.2
82;2021-10-16;103;134;94;189763;185005;8507;72.3;70.4;3.2
82;2021-10-17;0;5;0;189763;185010;8507;72.3;70.4;3.2
82;2021-10-18;127;129;218;189890;185139;8725;72.3;70.5;3.3
82;2021-10-19;113;151;304;190003;185290;9029;72.3;70.6;3.4
82;2021-10-20;188;274;397;190191;185564;9426;72.4;70.7;3.6
82;2021-10-21;65;79;164;190256;185643;9590;72.4;70.7;3.7
82;2021-10-22;121;253;381;190377;185896;9971;72.5;70.8;3.8
82;2021-10-23;122;172;155;190499;186068;10126;72.5;70.9;3.9
82;2021-10-24;1;6;6;190500;186074;10132;72.5;70.9;3.9
82;2021-10-25;85;120;389;190585;186194;10521;72.6;70.9;4.0
82;2021-10-26;112;157;396;190697;186351;10917;72.6;71.0;4.2
82;2021-10-27;85;168;389;190782;186519;11306;72.6;71.0;4.3
82;2021-10-28;49;62;198;190831;186581;11504;72.7;71.0;4.4
82;2021-10-29;108;213;384;190939;186794;11888;72.7;71.1;4.5
82;2021-10-30;106;136;226;191045;186930;12114;72.7;71.2;4.6
82;2021-10-31;2;0;1;191047;186930;12115;72.7;71.2;4.6
82;2021-11-01;7;3;3;191054;186933;12118;72.7;71.2;4.6
82;2021-11-02;81;112;361;191135;187045;12479;72.8;71.2;4.8
82;2021-11-03;117;112;498;191252;187157;12977;72.8;71.3;4.9
82;2021-11-04;95;94;408;191347;187251;13385;72.9;71.3;5.1
82;2021-11-05;102;138;524;191449;187389;13909;72.9;71.4;5.3
82;2021-11-06;59;77;189;191508;187466;14098;72.9;71.4;5.4
82;2021-11-07;0;5;14;191508;187471;14112;72.9;71.4;5.4
82;2021-11-08;47;95;251;191555;187566;14363;72.9;71.4;5.5
82;2021-11-09;75;93;619;191630;187659;14982;73.0;71.5;5.7
82;2021-11-10;100;275;602;191730;187934;15584;73.0;71.6;5.9
82;2021-11-11;4;6;29;191734;187940;15613;73.0;71.6;5.9
82;2021-11-12;78;92;582;191812;188032;16195;73.0;71.6;6.2
82;2021-11-13;61;153;248;191873;188185;16443;73.1;71.7;6.3
82;2021-11-14;2;2;6;191875;188187;16449;73.1;71.7;6.3
82;2021-11-15;55;58;380;191930;188245;16829;73.1;71.7;6.4
82;2021-11-16;82;81;1083;192012;188326;17912;73.1;71.7;6.8
82;2021-11-17;91;121;951;192103;188447;18863;73.1;71.8;7.2
82;2021-11-18;87;66;817;192190;188513;19680;73.2;71.8;7.5
82;2021-11-19;140;108;956;192330;188621;20636;73.2;71.8;7.9
82;2021-11-20;69;68;273;192399;188689;20909;73.3;71.8;8.0
82;2021-11-21;3;6;25;192402;188695;20934;73.3;71.9;8.0
82;2021-11-22;50;47;605;192452;188742;21539;73.3;71.9;8.2
82;2021-11-23;71;86;1198;192523;188828;22737;73.3;71.9;8.7
82;2021-11-24;124;235;1073;192647;189063;23810;73.4;72.0;9.1
82;2021-11-25;79;79;1366;192726;189142;25176;73.4;72.0;9.6
82;2021-11-26;110;148;1337;192836;189290;26513;73.4;72.1;10.1
82;2021-11-27;98;147;672;192934;189437;27185;73.5;72.1;10.4
82;2021-11-28;4;12;37;192938;189449;27222;73.5;72.1;10.4
82;2021-11-29;59;66;1400;192997;189515;28622;73.5;72.2;10.9
82;2021-11-30;95;88;2173;193092;189603;30795;73.5;72.2;11.7
82;2021-12-01;89;88;2077;193181;189691;32872;73.6;72.2;12.5
82;2021-12-02;99;81;2457;193280;189772;35329;73.6;72.3;13.5
82;2021-12-03;127;98;2435;193407;189870;37764;73.6;72.3;14.4
82;2021-12-04;54;95;1385;193461;189965;39149;73.7;72.3;14.9
82;2021-12-05;14;12;133;193475;189977;39282;73.7;72.3;15.0
82;2021-12-06;84;73;2485;193559;190050;41767;73.7;72.4;15.9
82;2021-12-07;110;104;3579;193669;190154;45346;73.7;72.4;17.3
82;2021-12-08;143;123;2495;193812;190277;47841;73.8;72.5;18.2
82;2021-12-09;99;106;3254;193911;190383;51095;73.8;72.5;19.5
82;2021-12-10;94;141;3588;194005;190524;54683;73.9;72.5;20.8
82;2021-12-11;117;95;1823;194122;190619;56506;73.9;72.6;21.5
82;2021-12-12;3;13;125;194125;190632;56631;73.9;72.6;21.6
82;2021-12-13;104;98;2784;194229;190730;59415;74.0;72.6;22.6
82;2021-12-14;130;132;3561;194359;190862;62976;74.0;72.7;24.0
82;2021-12-15;125;137;2897;194484;190999;65873;74.1;72.7;25.1
82;2021-12-16;132;119;3518;194616;191118;69391;74.1;72.8;26.4
82;2021-12-17;148;170;3586;194764;191288;72977;74.2;72.8;27.8
82;2021-12-18;133;130;1692;194897;191418;74669;74.2;72.9;28.4
82;2021-12-19;11;12;260;194908;191430;74929;74.2;72.9;28.5
82;2021-12-20;95;80;2222;195003;191510;77151;74.3;72.9;29.4
82;2021-12-21;183;127;2828;195186;191637;79979;74.3;73.0;30.5
82;2021-12-22;148;122;2304;195334;191759;82283;74.4;73.0;31.3
83;2020-12-27;4;0;0;4;0;0;0.0;0.0;0.0
83;2020-12-28;7;0;0;11;0;0;0.0;0.0;0.0
83;2020-12-29;3;0;0;14;0;0;0.0;0.0;0.0
83;2020-12-30;4;0;0;18;0;0;0.0;0.0;0.0
83;2020-12-31;1;0;0;19;0;0;0.0;0.0;0.0
83;2021-01-01;3;0;0;22;0;0;0.0;0.0;0.0
83;2021-01-02;1;0;0;23;0;0;0.0;0.0;0.0
83;2021-01-03;0;0;0;23;0;0;0.0;0.0;0.0
83;2021-01-04;3;0;0;26;0;0;0.0;0.0;0.0
83;2021-01-05;6;1;0;32;1;0;0.0;0.0;0.0
83;2021-01-06;87;0;0;119;1;0;0.0;0.0;0.0
83;2021-01-07;317;0;0;436;1;0;0.0;0.0;0.0
83;2021-01-08;426;0;0;862;1;0;0.1;0.0;0.0
83;2021-01-09;57;0;0;919;1;0;0.1;0.0;0.0
83;2021-01-10;5;0;0;924;1;0;0.1;0.0;0.0
83;2021-01-11;503;0;0;1427;1;0;0.1;0.0;0.0
83;2021-01-12;1047;4;0;2474;5;0;0.2;0.0;0.0
83;2021-01-13;967;8;0;3441;13;0;0.3;0.0;0.0
83;2021-01-14;897;6;0;4338;19;0;0.4;0.0;0.0
83;2021-01-15;764;2;0;5102;21;0;0.5;0.0;0.0
83;2021-01-16;66;0;0;5168;21;0;0.5;0.0;0.0
83;2021-01-17;6;0;0;5174;21;0;0.5;0.0;0.0
83;2021-01-18;1288;2;0;6462;23;0;0.6;0.0;0.0
83;2021-01-19;2198;8;0;8660;31;0;0.8;0.0;0.0
83;2021-01-20;1766;10;0;10426;41;0;1.0;0.0;0.0
83;2021-01-21;2273;9;0;12699;50;0;1.2;0.0;0.0
83;2021-01-22;1848;9;0;14547;59;0;1.4;0.0;0.0
83;2021-01-23;278;2;0;14825;61;0;1.4;0.0;0.0
83;2021-01-24;35;1;0;14860;62;0;1.4;0.0;0.0
83;2021-01-25;1576;8;0;16436;70;0;1.5;0.0;0.0
83;2021-01-26;1847;13;0;18283;83;0;1.7;0.0;0.0
83;2021-01-27;2199;96;0;20482;179;0;1.9;0.0;0.0
83;2021-01-28;4972;363;0;25454;542;0;2.4;0.1;0.0
83;2021-01-29;3009;357;0;28463;899;0;2.7;0.1;0.0
83;2021-01-30;261;50;0;28724;949;0;2.7;0.1;0.0
83;2021-01-31;40;0;0;28764;949;0;2.7;0.1;0.0
83;2021-02-01;1297;429;0;30061;1378;0;2.8;0.1;0.0
83;2021-02-02;1464;713;0;31525;2091;0;2.9;0.2;0.0
83;2021-02-03;1568;632;0;33093;2723;0;3.1;0.3;0.0
83;2021-02-04;1535;779;0;34628;3502;0;3.2;0.3;0.0
83;2021-02-05;1310;711;0;35938;4213;0;3.3;0.4;0.0
83;2021-02-06;70;28;0;36008;4241;0;3.4;0.4;0.0
83;2021-02-07;8;4;0;36016;4245;0;3.4;0.4;0.0
83;2021-02-08;1103;638;0;37119;4883;0;3.5;0.5;0.0
83;2021-02-09;1352;985;0;38471;5868;0;3.6;0.5;0.0
83;2021-02-10;1534;853;0;40005;6721;0;3.7;0.6;0.0
83;2021-02-11;1670;1132;0;41675;7853;0;3.9;0.7;0.0
83;2021-02-12;1373;906;0;43048;8759;0;4.0;0.8;0.0
83;2021-02-13;81;49;0;43129;8808;0;4.0;0.8;0.0
83;2021-02-14;6;6;0;43135;8814;0;4.0;0.8;0.0
83;2021-02-15;728;1102;0;43863;9916;0;4.1;0.9;0.0
83;2021-02-16;607;1508;0;44470;11424;0;4.1;1.1;0.0
83;2021-02-17;837;1872;0;45307;13296;0;4.2;1.2;0.0
83;2021-02-18;1543;3829;0;46850;17125;0;4.4;1.6;0.0
83;2021-02-19;1454;2418;0;48304;19543;0;4.5;1.8;0.0
83;2021-02-20;82;200;0;48386;19743;0;4.5;1.8;0.0
83;2021-02-21;21;37;0;48407;19780;0;4.5;1.8;0.0
83;2021-02-22;594;1768;0;49001;21548;0;4.6;2.0;0.0
83;2021-02-23;725;1535;0;49726;23083;0;4.6;2.1;0.0
83;2021-02-24;785;1511;0;50511;24594;0;4.7;2.3;0.0
83;2021-02-25;1294;1478;0;51805;26072;0;4.8;2.4;0.0
83;2021-02-26;1365;1267;0;53170;27339;0;5.0;2.5;0.0
83;2021-02-27;571;91;0;53741;27430;0;5.0;2.6;0.0
83;2021-02-28;18;15;0;53759;27445;0;5.0;2.6;0.0
83;2021-03-01;844;1213;0;54603;28658;0;5.1;2.7;0.0
83;2021-03-02;1045;1338;0;55648;29996;0;5.2;2.8;0.0
83;2021-03-03;1493;1582;0;57141;31578;0;5.3;2.9;0.0
83;2021-03-04;1934;1458;0;59075;33036;0;5.5;3.1;0.0
83;2021-03-05;2301;1289;0;61376;34325;0;5.7;3.2;0.0
83;2021-03-06;3082;162;0;64458;34487;0;6.0;3.2;0.0
83;2021-03-07;2325;70;0;66783;34557;0;6.2;3.2;0.0
83;2021-03-08;969;1318;0;67752;35875;0;6.3;3.3;0.0
83;2021-03-09;2018;1270;0;69770;37145;0;6.5;3.5;0.0
83;2021-03-10;2485;1387;0;72255;38532;0;6.7;3.6;0.0
83;2021-03-11;3765;2139;0;76020;40671;0;7.1;3.8;0.0
83;2021-03-12;3788;1497;0;79808;42168;0;7.4;3.9;0.0
83;2021-03-13;4607;188;0;84415;42356;0;7.9;3.9;0.0
83;2021-03-14;2260;61;0;86675;42417;0;8.1;4.0;0.0
83;2021-03-15;3334;722;0;90009;43139;0;8.4;4.0;0.0
83;2021-03-16;2598;759;0;92607;43898;0;8.6;4.1;0.0
83;2021-03-17;2897;824;0;95504;44722;0;8.9;4.2;0.0
83;2021-03-18;3535;859;0;99039;45581;0;9.2;4.2;0.0
83;2021-03-19;4170;673;0;103209;46254;0;9.6;4.3;0.0
83;2021-03-20;3404;102;0;106613;46356;0;9.9;4.3;0.0
83;2021-03-21;1912;35;0;108525;46391;0;10.1;4.3;0.0
83;2021-03-22;3938;946;0;112463;47337;0;10.5;4.4;0.0
83;2021-03-23;4689;647;0;117152;47984;0;10.9;4.5;0.0
83;2021-03-24;5020;791;0;122172;48775;0;11.4;4.5;0.0
83;2021-03-25;6524;948;0;128696;49723;0;12.0;4.6;0.0
83;2021-03-26;7132;848;0;135828;50571;0;12.6;4.7;0.0
83;2021-03-27;3927;395;0;139755;50966;0;13.0;4.7;0.0
83;2021-03-28;2094;40;0;141849;51006;0;13.2;4.7;0.0
83;2021-03-29;4545;811;0;146394;51817;0;13.6;4.8;0.0
83;2021-03-30;6084;1015;0;152478;52832;0;14.2;4.9;0.0
83;2021-03-31;5682;1084;0;158160;53916;0;14.7;5.0;0.0
83;2021-04-01;6187;1335;0;164347;55251;0;15.3;5.1;0.0
83;2021-04-02;5869;1150;0;170216;56401;0;15.9;5.3;0.0
83;2021-04-03;1917;710;0;172133;57111;0;16.0;5.3;0.0
83;2021-04-04;830;357;0;172963;57468;0;16.1;5.4;0.0
83;2021-04-05;308;79;0;173271;57547;0;16.1;5.4;0.0
83;2021-04-06;4781;1513;0;178052;59060;0;16.6;5.5;0.0
83;2021-04-07;5810;1727;0;183862;60787;0;17.1;5.7;0.0
83;2021-04-08;7769;2128;0;191631;62915;0;17.8;5.9;0.0
83;2021-04-09;7583;2250;0;199214;65165;0;18.6;6.1;0.0
83;2021-04-10;3013;2584;0;202227;67749;0;18.8;6.3;0.0
83;2021-04-11;1633;2009;0;203860;69758;0;19.0;6.5;0.0
83;2021-04-12;4912;2854;0;208772;72612;0;19.4;6.8;0.0
83;2021-04-13;5592;2969;0;214364;75581;0;20.0;7.0;0.0
83;2021-04-14;5976;2991;0;220340;78572;0;20.5;7.3;0.0
83;2021-04-15;6881;3052;0;227221;81624;0;21.2;7.6;0.0
83;2021-04-16;6179;3522;0;233400;85146;0;21.7;7.9;0.0
83;2021-04-17;3377;2107;0;236777;87253;0;22.0;8.1;0.0
83;2021-04-18;2059;1272;0;238836;88525;0;22.2;8.2;0.0
83;2021-04-19;4117;3821;0;242953;92346;0;22.6;8.6;0.0
83;2021-04-20;4432;3922;0;247385;96268;0;23.0;9.0;0.0
83;2021-04-21;4424;4130;0;251809;100398;0;23.4;9.3;0.0
83;2021-04-22;5066;4345;0;256875;104743;0;23.9;9.8;0.0
83;2021-04-23;4527;4507;0;261402;109250;0;24.3;10.2;0.0
83;2021-04-24;2639;2669;0;264041;111919;0;24.6;10.4;0.0
83;2021-04-25;1834;1500;0;265875;113419;0;24.8;10.6;0.0
83;2021-04-26;3544;3863;0;269419;117282;0;25.1;10.9;0.0
83;2021-04-27;4164;4622;0;273583;121904;0;25.5;11.4;0.0
83;2021-04-28;4405;4470;0;277988;126374;0;25.9;11.8;0.0
83;2021-04-29;5887;5198;0;283875;131572;0;26.4;12.3;0.0
83;2021-04-30;5808;4466;0;289683;136038;0;27.0;12.7;0.0
83;2021-05-01;1813;525;0;291496;136563;0;27.1;12.7;0.0
83;2021-05-02;1207;744;0;292703;137307;0;27.3;12.8;0.0
83;2021-05-03;3954;4228;0;296657;141535;0;27.6;13.2;0.0
83;2021-05-04;3632;5166;0;300289;146701;0;28.0;13.7;0.0
83;2021-05-05;3800;5000;0;304089;151701;0;28.3;14.1;0.0
83;2021-05-06;4902;4981;0;308991;156682;0;28.8;14.6;0.0
83;2021-05-07;4293;5347;0;313284;162029;0;29.2;15.1;0.0
83;2021-05-08;2761;1067;0;316045;163096;0;29.4;15.2;0.0
83;2021-05-09;1996;1189;0;318041;164285;0;29.6;15.3;0.0
83;2021-05-10;3290;5437;0;321331;169722;0;29.9;15.8;0.0
83;2021-05-11;5013;5768;0;326344;175490;0;30.4;16.3;0.0
83;2021-05-12;6108;4928;0;332452;180418;0;31.0;16.8;0.0
83;2021-05-13;5931;1299;0;338383;181717;0;31.5;16.9;0.0
83;2021-05-14;6956;3975;0;345339;185692;0;32.2;17.3;0.0
83;2021-05-15;7174;2235;0;352513;187927;0;32.8;17.5;0.0
83;2021-05-16;5990;1150;0;358503;189077;0;33.4;17.6;0.0
83;2021-05-17;4950;4136;0;363453;193213;0;33.8;18.0;0.0
83;2021-05-18;5549;3766;0;369002;196979;0;34.4;18.3;0.0
83;2021-05-19;6183;3471;0;375185;200450;0;34.9;18.7;0.0
83;2021-05-20;6789;3754;0;381974;204204;0;35.6;19.0;0.0
83;2021-05-21;7626;3818;0;389600;208022;0;36.3;19.4;0.0
83;2021-05-22;5493;1699;0;395093;209721;0;36.8;19.5;0.0
83;2021-05-23;4074;619;0;399167;210340;0;37.2;19.6;0.0
83;2021-05-24;5274;893;0;404441;211233;0;37.7;19.7;0.0
83;2021-05-25;5281;4680;0;409722;215913;0;38.2;20.1;0.0
83;2021-05-26;4878;4398;0;414600;220311;0;38.6;20.5;0.0
83;2021-05-27;5050;5162;0;419650;225473;0;39.1;21.0;0.0
83;2021-05-28;4439;5686;0;424089;231159;0;39.5;21.5;0.0
83;2021-05-29;2680;4200;0;426769;235359;0;39.7;21.9;0.0
83;2021-05-30;1140;1282;0;427909;236641;0;39.8;22.0;0.0
83;2021-05-31;5268;4816;0;433177;241457;0;40.3;22.5;0.0
83;2021-06-01;5741;5359;0;438918;246816;0;40.9;23.0;0.0
83;2021-06-02;5189;4707;0;444107;251523;0;41.4;23.4;0.0
83;2021-06-03;5729;5123;0;449836;256646;0;41.9;23.9;0.0
83;2021-06-04;5431;5928;0;455267;262574;0;42.4;24.5;0.0
83;2021-06-05;3780;3177;0;459047;265751;0;42.7;24.7;0.0
83;2021-06-06;1794;1324;0;460841;267075;0;42.9;24.9;0.0
83;2021-06-07;3827;5050;0;464668;272125;0;43.3;25.3;0.0
83;2021-06-08;4144;4788;0;468812;276913;0;43.7;25.8;0.0
83;2021-06-09;4038;4663;0;472850;281576;0;44.0;26.2;0.0
83;2021-06-10;4100;4214;0;476950;285790;0;44.4;26.6;0.0
83;2021-06-11;3638;5442;0;480588;291232;0;44.8;27.1;0.0
83;2021-06-12;2895;2980;0;483483;294212;0;45.0;27.4;0.0
83;2021-06-13;940;1290;0;484423;295502;0;45.1;27.5;0.0
83;2021-06-14;2789;5642;0;487212;301144;0;45.4;28.0;0.0
83;2021-06-15;3157;4991;0;490369;306135;0;45.7;28.5;0.0
83;2021-06-16;3116;4513;0;493485;310648;0;46.0;28.9;0.0
83;2021-06-17;2953;5257;0;496438;315905;0;46.2;29.4;0.0
83;2021-06-18;3195;5828;0;499633;321733;0;46.5;30.0;0.0
83;2021-06-19;2248;3976;0;501881;325709;0;46.7;30.3;0.0
83;2021-06-20;621;1734;0;502502;327443;0;46.8;30.5;0.0
83;2021-06-21;2055;7296;0;504557;334739;0;47.0;31.2;0.0
83;2021-06-22;2089;6942;0;506646;341681;0;47.2;31.8;0.0
83;2021-06-23;2041;6830;0;508687;348511;0;47.4;32.5;0.0
83;2021-06-24;2125;7057;0;510812;355568;0;47.6;33.1;0.0
83;2021-06-25;2162;8087;0;512974;363655;0;47.8;33.9;0.0
83;2021-06-26;1409;6464;0;514383;370119;0;47.9;34.5;0.0
83;2021-06-27;589;2954;0;514972;373073;0;48.0;34.7;0.0
83;2021-06-28;1472;7637;0;516444;380710;0;48.1;35.5;0.0
83;2021-06-29;1880;7588;0;518324;388298;0;48.3;36.2;0.0
83;2021-06-30;2198;7007;0;520522;395305;0;48.5;36.8;0.0
83;2021-07-01;2716;6430;0;523238;401735;0;48.7;37.4;0.0
83;2021-07-02;2439;7491;0;525677;409226;0;49.0;38.1;0.0
83;2021-07-03;1494;5393;0;527171;414619;0;49.1;38.6;0.0
83;2021-07-04;526;2502;0;527697;417121;0;49.1;38.8;0.0
83;2021-07-05;1924;7211;0;529621;424332;0;49.3;39.5;0.0
83;2021-07-06;2507;5817;0;532128;430149;0;49.6;40.1;0.0
83;2021-07-07;2650;4514;0;534778;434663;0;49.8;40.5;0.0
83;2021-07-08;3150;4384;0;537928;439047;0;50.1;40.9;0.0
83;2021-07-09;3036;6600;0;540964;445647;0;50.4;41.5;0.0
83;2021-07-10;1545;4701;0;542509;450348;0;50.5;41.9;0.0
83;2021-07-11;910;1638;0;543419;451986;0;50.6;42.1;0.0
83;2021-07-12;2114;7259;0;545533;459245;0;50.8;42.8;0.0
83;2021-07-13;3914;6815;0;549447;466060;0;51.2;43.4;0.0
83;2021-07-14;1956;1262;0;551403;467322;0;51.3;43.5;0.0
83;2021-07-15;4668;6705;0;556071;474027;0;51.8;44.1;0.0
83;2021-07-16;5239;6799;0;561310;480826;0;52.3;44.8;0.0
83;2021-07-17;3520;4825;0;564830;485651;0;52.6;45.2;0.0
83;2021-07-18;1530;1279;0;566360;486930;0;52.7;45.3;0.0
83;2021-07-19;3929;6106;0;570289;493036;0;53.1;45.9;0.0
83;2021-07-20;5742;5961;0;576031;498997;0;53.6;46.5;0.0
83;2021-07-21;5748;5048;0;581779;504045;0;54.2;46.9;0.0
83;2021-07-22;6904;5345;0;588683;509390;0;54.8;47.4;0.0
83;2021-07-23;6641;5499;0;595324;514889;0;55.4;47.9;0.0
83;2021-07-24;4427;4312;0;599751;519201;0;55.9;48.4;0.0
83;2021-07-25;1298;705;0;601049;519906;0;56.0;48.4;0.0
83;2021-07-26;5349;4406;0;606398;524312;0;56.5;48.8;0.0
83;2021-07-27;6647;4458;0;613045;528770;0;57.1;49.2;0.0
83;2021-07-28;6410;4066;0;619455;532836;0;57.7;49.6;0.0
83;2021-07-29;7386;4506;0;626841;537342;0;58.4;50.0;0.0
83;2021-07-30;6725;4353;0;633566;541695;0;59.0;50.4;0.0
83;2021-07-31;4475;2938;0;638041;544633;0;59.4;50.7;0.0
83;2021-08-01;1124;778;0;639165;545411;0;59.5;50.8;0.0
83;2021-08-02;5826;3209;0;644991;548620;0;60.1;51.1;0.0
83;2021-08-03;6225;3553;0;651216;552173;0;60.6;51.4;0.0
83;2021-08-04;5743;3126;0;656959;555299;0;61.2;51.7;0.0
83;2021-08-05;5973;3563;0;662932;558862;0;61.7;52.0;0.0
83;2021-08-06;5903;4129;0;668835;562991;0;62.3;52.4;0.0
83;2021-08-07;3554;3082;0;672389;566073;0;62.6;52.7;0.0
83;2021-08-08;999;758;0;673388;566831;0;62.7;52.8;0.0
83;2021-08-09;4488;3909;0;677876;570740;0;63.1;53.1;0.0
83;2021-08-10;5099;4453;0;682975;575193;0;63.6;53.6;0.0
83;2021-08-11;4462;4455;0;687437;579648;0;64.0;54.0;0.0
83;2021-08-12;4737;5075;0;692174;584723;0;64.5;54.5;0.0
83;2021-08-13;4565;4906;0;696739;589629;0;64.9;54.9;0.0
83;2021-08-14;3027;3599;0;699766;593228;0;65.2;55.2;0.0
83;2021-08-15;228;355;0;699994;593583;0;65.2;55.3;0.0
83;2021-08-16;3616;5006;0;703610;598589;0;65.5;55.7;0.0
83;2021-08-17;3599;5034;0;707209;603623;0;65.9;56.2;0.0
83;2021-08-18;3433;4806;0;710642;608429;0;66.2;56.7;0.0
83;2021-08-19;4038;5705;0;714680;614134;0;66.6;57.2;0.0
83;2021-08-20;3516;5948;0;718196;620082;0;66.9;57.7;0.0
83;2021-08-21;2175;4188;0;720371;624270;0;67.1;58.1;0.0
83;2021-08-22;584;978;0;720955;625248;0;67.1;58.2;0.0
83;2021-08-23;2442;5551;0;723397;630799;0;67.4;58.7;0.0
83;2021-08-24;2785;5698;0;726182;636497;0;67.6;59.3;0.0
83;2021-08-25;2488;5152;0;728670;641649;0;67.9;59.8;0.0
83;2021-08-26;2836;5751;0;731506;647400;0;68.1;60.3;0.0
83;2021-08-27;2852;5806;0;734358;653206;0;68.4;60.8;0.0
83;2021-08-28;1815;4298;0;736173;657504;0;68.6;61.2;0.0
83;2021-08-29;469;1190;0;736642;658694;0;68.6;61.3;0.0
83;2021-08-30;2288;5043;75;738930;663737;75;68.8;61.8;0.0
83;2021-08-31;2440;5397;171;741370;669134;246;69.0;62.3;0.0
83;2021-09-01;2816;4757;463;744186;673891;709;69.3;62.8;0.1
83;2021-09-02;2466;4390;467;746652;678281;1176;69.5;63.2;0.1
83;2021-09-03;2301;4713;548;748953;682994;1724;69.7;63.6;0.2
83;2021-09-04;1819;4327;227;750772;687321;1951;69.9;64.0;0.2
83;2021-09-05;533;434;109;751305;687755;2060;70.0;64.0;0.2
83;2021-09-06;1867;3359;704;753172;691114;2764;70.1;64.4;0.3
83;2021-09-07;1663;3257;674;754835;694371;3438;70.3;64.7;0.3
83;2021-09-08;1987;3502;516;756822;697873;3954;70.5;65.0;0.4
83;2021-09-09;1554;3325;636;758376;701198;4590;70.6;65.3;0.4
83;2021-09-10;1822;3675;746;760198;704873;5336;70.8;65.6;0.5
83;2021-09-11;1376;3571;262;761574;708444;5598;70.9;66.0;0.5
83;2021-09-12;219;454;43;761793;708898;5641;70.9;66.0;0.5
83;2021-09-13;1281;2500;907;763074;711398;6548;71.1;66.2;0.6
83;2021-09-14;1398;2490;1065;764472;713888;7613;71.2;66.5;0.7
83;2021-09-15;1440;2629;821;765912;716517;8434;71.3;66.7;0.8
83;2021-09-16;1067;2202;965;766979;718719;9399;71.4;66.9;0.9
83;2021-09-17;1062;2612;904;768041;721331;10303;71.5;67.2;1.0
83;2021-09-18;995;2918;289;769036;724249;10592;71.6;67.4;1.0
83;2021-09-19;112;407;51;769148;724656;10643;71.6;67.5;1.0
83;2021-09-20;757;2064;790;769905;726720;11433;71.7;67.7;1.1
83;2021-09-21;695;1798;796;770600;728518;12229;71.8;67.8;1.1
83;2021-09-22;776;2521;702;771376;731039;12931;71.8;68.1;1.2
83;2021-09-23;714;2070;751;772090;733109;13682;71.9;68.3;1.3
83;2021-09-24;789;2253;838;772879;735362;14520;72.0;68.5;1.4
83;2021-09-25;757;2613;281;773636;737975;14801;72.0;68.7;1.4
83;2021-09-26;76;441;30;773712;738416;14831;72.1;68.8;1.4
83;2021-09-27;584;1728;626;774296;740144;15457;72.1;68.9;1.4
83;2021-09-28;539;1482;644;774835;741626;16101;72.2;69.1;1.5
83;2021-09-29;722;1935;575;775557;743561;16676;72.2;69.2;1.6
83;2021-09-30;636;1511;806;776193;745072;17482;72.3;69.4;1.6
83;2021-10-01;1039;1553;844;777232;746625;18326;72.4;69.5;1.7
83;2021-10-02;703;1634;295;777935;748259;18621;72.4;69.7;1.7
83;2021-10-03;115;263;70;778050;748522;18691;72.5;69.7;1.7
83;2021-10-04;641;898;747;778691;749420;19438;72.5;69.8;1.8
83;2021-10-05;647;1146;1091;779338;750566;20529;72.6;69.9;1.9
83;2021-10-06;876;1641;1047;780214;752207;21576;72.7;70.0;2.0
83;2021-10-07;513;1087;1076;780727;753294;22652;72.7;70.1;2.1
83;2021-10-08;823;1425;1293;781550;754719;23945;72.8;70.3;2.2
83;2021-10-09;534;1032;402;782084;755751;24347;72.8;70.4;2.3
83;2021-10-10;26;67;7;782110;755818;24354;72.8;70.4;2.3
83;2021-10-11;659;1073;1333;782769;756891;25687;72.9;70.5;2.4
83;2021-10-12;532;832;1316;783301;757723;27003;72.9;70.6;2.5
83;2021-10-13;713;1102;1292;784014;758825;28295;73.0;70.7;2.6
83;2021-10-14;530;870;1495;784544;759695;29790;73.1;70.7;2.8
83;2021-10-15;762;1125;1826;785306;760820;31616;73.1;70.9;2.9
83;2021-10-16;568;886;550;785874;761706;32166;73.2;70.9;3.0
83;2021-10-17;31;45;16;785905;761751;32182;73.2;70.9;3.0
83;2021-10-18;565;815;1629;786470;762566;33811;73.2;71.0;3.1
83;2021-10-19;416;618;1267;786886;763184;35078;73.3;71.1;3.3
83;2021-10-20;608;907;1970;787494;764091;37048;73.3;71.2;3.5
83;2021-10-21;502;713;1794;787996;764804;38842;73.4;71.2;3.6
83;2021-10-22;551;795;1653;788547;765599;40495;73.4;71.3;3.8
83;2021-10-23;433;568;661;788980;766167;41156;73.5;71.3;3.8
83;2021-10-24;16;58;39;788996;766225;41195;73.5;71.4;3.8
83;2021-10-25;460;732;1949;789456;766957;43144;73.5;71.4;4.0
83;2021-10-26;437;619;2056;789893;767576;45200;73.6;71.5;4.2
83;2021-10-27;496;741;2486;790389;768317;47686;73.6;71.5;4.4
83;2021-10-28;420;598;2381;790809;768915;50067;73.6;71.6;4.7
83;2021-10-29;406;656;2075;791215;769571;52142;73.7;71.7;4.9
83;2021-10-30;368;487;895;791583;770058;53037;73.7;71.7;4.9
83;2021-10-31;21;45;36;791604;770103;53073;73.7;71.7;4.9
83;2021-11-01;86;49;80;791690;770152;53153;73.7;71.7;4.9
83;2021-11-02;384;635;1761;792074;770787;54914;73.8;71.8;5.1
83;2021-11-03;518;796;2922;792592;771583;57836;73.8;71.9;5.4
83;2021-11-04;373;597;2328;792965;772180;60164;73.8;71.9;5.6
83;2021-11-05;462;704;2674;793427;772884;62838;73.9;72.0;5.9
83;2021-11-06;318;552;1179;793745;773436;64017;73.9;72.0;6.0
83;2021-11-07;18;62;46;793763;773498;64063;73.9;72.0;6.0
83;2021-11-08;370;680;3417;794133;774178;67480;74.0;72.1;6.3
83;2021-11-09;370;520;3415;794503;774698;70895;74.0;72.1;6.6
83;2021-11-10;538;865;4532;795041;775563;75427;74.0;72.2;7.0
83;2021-11-11;52;98;111;795093;775661;75538;74.0;72.2;7.0
83;2021-11-12;416;649;3874;795509;776310;79412;74.1;72.3;7.4
83;2021-11-13;304;462;1528;795813;776772;80940;74.1;72.3;7.5
83;2021-11-14;13;64;91;795826;776836;81031;74.1;72.3;7.5
83;2021-11-15;376;574;4365;796202;777410;85396;74.1;72.4;8.0
83;2021-11-16;352;455;4051;796554;777865;89447;74.2;72.4;8.3
83;2021-11-17;514;743;4815;797068;778608;94262;74.2;72.5;8.8
83;2021-11-18;446;618;4599;797514;779226;98861;74.3;72.6;9.2
83;2021-11-19;574;633;4567;798088;779859;103428;74.3;72.6;9.6
83;2021-11-20;367;462;1882;798455;780321;105310;74.4;72.7;9.8
83;2021-11-21;27;55;68;798482;780376;105378;74.4;72.7;9.8
83;2021-11-22;474;391;4971;798956;780767;110349;74.4;72.7;10.3
83;2021-11-23;397;461;4603;799353;781228;114952;74.4;72.8;10.7
83;2021-11-24;639;693;5489;799992;781921;120441;74.5;72.8;11.2
83;2021-11-25;507;495;5928;800499;782416;126369;74.5;72.9;11.8
83;2021-11-26;587;600;7072;801086;783016;133441;74.6;72.9;12.4
83;2021-11-27;464;474;3649;801550;783490;137090;74.6;73.0;12.8
83;2021-11-28;40;60;186;801590;783550;137276;74.6;73.0;12.8
83;2021-11-29;447;511;7993;802037;784061;145269;74.7;73.0;13.5
83;2021-11-30;480;506;8310;802517;784567;153579;74.7;73.1;14.3
83;2021-12-01;484;632;9803;803001;785199;163382;74.8;73.1;15.2
83;2021-12-02;421;415;9991;803422;785614;173373;74.8;73.2;16.1
83;2021-12-03;531;612;10498;803953;786226;183871;74.9;73.2;17.1
83;2021-12-04;398;440;5496;804351;786666;189367;74.9;73.3;17.6
83;2021-12-05;40;100;1784;804391;786766;191151;74.9;73.3;17.8
83;2021-12-06;388;551;10365;804779;787317;201516;74.9;73.3;18.8
83;2021-12-07;493;573;11530;805272;787890;213046;75.0;73.4;19.8
83;2021-12-08;467;655;10872;805739;788545;223918;75.0;73.4;20.9
83;2021-12-09;489;614;11412;806228;789159;235330;75.1;73.5;21.9
83;2021-12-10;529;618;12097;806757;789777;247427;75.1;73.5;23.0
83;2021-12-11;422;491;5928;807179;790268;253355;75.2;73.6;23.6
83;2021-12-12;88;78;1068;807267;790346;254423;75.2;73.6;23.7
83;2021-12-13;426;540;11175;807693;790886;265598;75.2;73.7;24.7
83;2021-12-14;523;556;13169;808216;791442;278767;75.3;73.7;26.0
83;2021-12-15;547;697;12389;808763;792139;291156;75.3;73.8;27.1
83;2021-12-16;539;641;12820;809302;792780;303976;75.4;73.8;28.3
83;2021-12-17;592;792;12770;809894;793572;316746;75.4;73.9;29.5
83;2021-12-18;529;555;6366;810423;794127;323112;75.5;74.0;30.1
83;2021-12-19;102;94;1136;810525;794221;324248;75.5;74.0;30.2
83;2021-12-20;641;698;9771;811166;794919;334019;75.5;74.0;31.1
83;2021-12-21;793;690;10236;811959;795609;344255;75.6;74.1;32.1
83;2021-12-22;662;627;8891;812621;796236;353146;75.7;74.1;32.9
84;2020-12-27;0;0;0;0;0;0;0.0;0.0;0.0
84;2020-12-28;3;0;0;3;0;0;0.0;0.0;0.0
84;2020-12-29;3;0;0;6;0;0;0.0;0.0;0.0
84;2020-12-30;3;0;0;9;0;0;0.0;0.0;0.0
84;2020-12-31;0;0;0;9;0;0;0.0;0.0;0.0
84;2021-01-01;0;0;0;9;0;0;0.0;0.0;0.0
84;2021-01-02;0;0;0;9;0;0;0.0;0.0;0.0
84;2021-01-03;0;0;0;9;0;0;0.0;0.0;0.0
84;2021-01-04;6;0;0;15;0;0;0.0;0.0;0.0
84;2021-01-05;4;0;0;19;0;0;0.0;0.0;0.0
84;2021-01-06;8;0;0;27;0;0;0.0;0.0;0.0
84;2021-01-07;62;0;0;89;0;0;0.0;0.0;0.0
84;2021-01-08;71;0;0;160;0;0;0.0;0.0;0.0
84;2021-01-09;21;0;0;181;0;0;0.0;0.0;0.0
84;2021-01-10;1;0;0;182;0;0;0.0;0.0;0.0
84;2021-01-11;174;1;0;356;1;0;0.1;0.0;0.0
84;2021-01-12;561;3;0;917;4;0;0.2;0.0;0.0
84;2021-01-13;294;0;0;1211;4;0;0.2;0.0;0.0
84;2021-01-14;790;13;0;2001;17;0;0.4;0.0;0.0
84;2021-01-15;514;9;0;2515;26;0;0.4;0.0;0.0
84;2021-01-16;114;1;0;2629;27;0;0.5;0.0;0.0
84;2021-01-17;29;1;0;2658;28;0;0.5;0.0;0.0
84;2021-01-18;593;3;0;3251;31;0;0.6;0.0;0.0
84;2021-01-19;850;2;0;4101;33;0;0.7;0.0;0.0
84;2021-01-20;949;6;0;5050;39;0;0.9;0.0;0.0
84;2021-01-21;962;6;0;6012;45;0;1.1;0.0;0.0
84;2021-01-22;1006;0;0;7018;45;0;1.3;0.0;0.0
84;2021-01-23;215;0;0;7233;45;0;1.3;0.0;0.0
84;2021-01-24;6;0;0;7239;45;0;1.3;0.0;0.0
84;2021-01-25;701;4;0;7940;49;0;1.4;0.0;0.0
84;2021-01-26;876;9;0;8816;58;0;1.6;0.0;0.0
84;2021-01-27;981;6;0;9797;64;0;1.7;0.0;0.0
84;2021-01-28;1428;20;0;11225;84;0;2.0;0.0;0.0
84;2021-01-29;1078;48;0;12303;132;0;2.2;0.0;0.0
84;2021-01-30;125;19;0;12428;151;0;2.2;0.0;0.0
84;2021-01-31;13;0;0;12441;151;0;2.2;0.0;0.0
84;2021-02-01;608;150;0;13049;301;0;2.3;0.1;0.0
84;2021-02-02;745;223;0;13794;524;0;2.5;0.1;0.0
84;2021-02-03;626;225;0;14420;749;0;2.6;0.1;0.0
84;2021-02-04;799;359;0;15219;1108;0;2.7;0.2;0.0
84;2021-02-05;647;377;0;15866;1485;0;2.8;0.3;0.0
84;2021-02-06;109;43;0;15975;1528;0;2.8;0.3;0.0
84;2021-02-07;2;0;0;15977;1528;0;2.8;0.3;0.0
84;2021-02-08;543;260;0;16520;1788;0;2.9;0.3;0.0
84;2021-02-09;648;638;0;17168;2426;0;3.1;0.4;0.0
84;2021-02-10;525;568;0;17693;2994;0;3.2;0.5;0.0
84;2021-02-11;556;561;0;18249;3555;0;3.3;0.6;0.0
84;2021-02-12;534;614;0;18783;4169;0;3.3;0.7;0.0
84;2021-02-13;54;114;0;18837;4283;0;3.4;0.8;0.0
84;2021-02-14;4;8;0;18841;4291;0;3.4;0.8;0.0
84;2021-02-15;201;734;0;19042;5025;0;3.4;0.9;0.0
84;2021-02-16;223;724;0;19265;5749;0;3.4;1.0;0.0
84;2021-02-17;415;766;0;19680;6515;0;3.5;1.2;0.0
84;2021-02-18;503;1029;0;20183;7544;0;3.6;1.3;0.0
84;2021-02-19;712;1052;0;20895;8596;0;3.7;1.5;0.0
84;2021-02-20;68;116;0;20963;8712;0;3.7;1.6;0.0
84;2021-02-21;5;35;0;20968;8747;0;3.7;1.6;0.0
84;2021-02-22;306;644;0;21274;9391;0;3.8;1.7;0.0
84;2021-02-23;275;664;0;21549;10055;0;3.8;1.8;0.0
84;2021-02-24;378;689;0;21927;10744;0;3.9;1.9;0.0
84;2021-02-25;697;756;0;22624;11500;0;4.0;2.0;0.0
84;2021-02-26;812;610;0;23436;12110;0;4.2;2.2;0.0
84;2021-02-27;142;106;0;23578;12216;0;4.2;2.2;0.0
84;2021-02-28;13;2;0;23591;12218;0;4.2;2.2;0.0
84;2021-03-01;461;566;0;24052;12784;0;4.3;2.3;0.0
84;2021-03-02;635;711;0;24687;13495;0;4.4;2.4;0.0
84;2021-03-03;874;808;0;25561;14303;0;4.6;2.5;0.0
84;2021-03-04;1130;607;0;26691;14910;0;4.8;2.7;0.0
84;2021-03-05;1315;505;0;28006;15415;0;5.0;2.7;0.0
84;2021-03-06;1378;67;0;29384;15482;0;5.2;2.8;0.0
84;2021-03-07;557;28;0;29941;15510;0;5.3;2.8;0.0
84;2021-03-08;748;586;0;30689;16096;0;5.5;2.9;0.0
84;2021-03-09;1345;656;0;32034;16752;0;5.7;3.0;0.0
84;2021-03-10;1446;604;0;33480;17356;0;6.0;3.1;0.0
84;2021-03-11;1939;613;0;35419;17969;0;6.3;3.2;0.0
84;2021-03-12;2058;608;0;37477;18577;0;6.7;3.3;0.0
84;2021-03-13;834;48;0;38311;18625;0;6.8;3.3;0.0
84;2021-03-14;287;47;0;38598;18672;0;6.9;3.3;0.0
84;2021-03-15;1067;306;0;39665;18978;0;7.1;3.4;0.0
84;2021-03-16;1160;318;0;40825;19296;0;7.3;3.4;0.0
84;2021-03-17;1169;465;0;41994;19761;0;7.5;3.5;0.0
84;2021-03-18;1450;399;0;43444;20160;0;7.7;3.6;0.0
84;2021-03-19;2101;473;0;45545;20633;0;8.1;3.7;0.0
84;2021-03-20;879;48;0;46424;20681;0;8.3;3.7;0.0
84;2021-03-21;148;9;0;46572;20690;0;8.3;3.7;0.0
84;2021-03-22;1219;445;0;47791;21135;0;8.5;3.8;0.0
84;2021-03-23;1951;429;0;49742;21564;0;8.9;3.8;0.0
84;2021-03-24;2116;391;0;51858;21955;0;9.2;3.9;0.0
84;2021-03-25;3546;401;0;55404;22356;0;9.9;4.0;0.0
84;2021-03-26;3280;485;0;58684;22841;0;10.5;4.1;0.0
84;2021-03-27;944;83;0;59628;22924;0;10.6;4.1;0.0
84;2021-03-28;86;2;0;59714;22926;0;10.6;4.1;0.0
84;2021-03-29;1708;557;0;61422;23483;0;10.9;4.2;0.0
84;2021-03-30;2628;723;0;64050;24206;0;11.4;4.3;0.0
84;2021-03-31;2313;679;0;66363;24885;0;11.8;4.4;0.0
84;2021-04-01;2980;598;0;69343;25483;0;12.4;4.5;0.0
84;2021-04-02;2370;562;0;71713;26045;0;12.8;4.6;0.0
84;2021-04-03;528;83;0;72241;26128;0;12.9;4.7;0.0
84;2021-04-04;25;8;0;72266;26136;0;12.9;4.7;0.0
84;2021-04-05;812;111;0;73078;26247;0;13.0;4.7;0.0
84;2021-04-06;2045;861;0;75123;27108;0;13.4;4.8;0.0
84;2021-04-07;2345;916;0;77468;28024;0;13.8;5.0;0.0
84;2021-04-08;3526;1043;0;80994;29067;0;14.4;5.2;0.0
84;2021-04-09;3951;915;0;84945;29982;0;15.1;5.3;0.0
84;2021-04-10;1412;185;0;86357;30167;0;15.4;5.4;0.0
84;2021-04-11;61;26;0;86418;30193;0;15.4;5.4;0.0
84;2021-04-12;2125;851;0;88543;31044;0;15.8;5.5;0.0
84;2021-04-13;2856;1377;0;91399;32421;0;16.3;5.8;0.0
84;2021-04-14;2669;1331;0;94068;33752;0;16.8;6.0;0.0
84;2021-04-15;3164;1376;0;97232;35128;0;17.3;6.3;0.0
84;2021-04-16;3309;1467;0;100541;36595;0;17.9;6.5;0.0
84;2021-04-17;1505;251;0;102046;36846;0;18.2;6.6;0.0
84;2021-04-18;72;23;0;102118;36869;0;18.2;6.6;0.0
84;2021-04-19;2316;1041;0;104434;37910;0;18.6;6.8;0.0
84;2021-04-20;2521;1586;0;106955;39496;0;19.1;7.0;0.0
84;2021-04-21;2482;1536;0;109437;41032;0;19.5;7.3;0.0
84;2021-04-22;2805;1687;0;112242;42719;0;20.0;7.6;0.0
84;2021-04-23;2736;1810;0;114978;44529;0;20.5;7.9;0.0
84;2021-04-24;1388;354;0;116366;44883;0;20.7;8.0;0.0
84;2021-04-25;88;27;0;116454;44910;0;20.8;8.0;0.0
84;2021-04-26;2087;1399;0;118541;46309;0;21.1;8.3;0.0
84;2021-04-27;2458;1950;0;120999;48259;0;21.6;8.6;0.0
84;2021-04-28;2617;1787;0;123616;50046;0;22.0;8.9;0.0
84;2021-04-29;3143;1989;0;126759;52035;0;22.6;9.3;0.0
84;2021-04-30;2906;2227;0;129665;54262;0;23.1;9.7;0.0
84;2021-05-01;532;275;0;130197;54537;0;23.2;9.7;0.0
84;2021-05-02;134;29;0;130331;54566;0;23.2;9.7;0.0
84;2021-05-03;2085;1695;0;132416;56261;0;23.6;10.0;0.0
84;2021-05-04;2429;2425;0;134845;58686;0;24.0;10.5;0.0
84;2021-05-05;2270;2229;0;137115;60915;0;24.4;10.9;0.0
84;2021-05-06;3106;2211;0;140221;63126;0;25.0;11.3;0.0
84;2021-05-07;2621;2468;0;142842;65594;0;25.5;11.7;0.0
84;2021-05-08;1142;558;0;143984;66152;0;25.7;11.8;0.0
84;2021-05-09;90;82;0;144074;66234;0;25.7;11.8;0.0
84;2021-05-10;2018;2391;0;146092;68625;0;26.0;12.2;0.0
84;2021-05-11;2883;3033;0;148975;71658;0;26.6;12.8;0.0
84;2021-05-12;2800;2730;0;151775;74388;0;27.1;13.3;0.0
84;2021-05-13;2137;832;0;153912;75220;0;27.4;13.4;0.0
84;2021-05-14;2765;1984;0;156677;77204;0;27.9;13.8;0.0
84;2021-05-15;2160;981;0;158837;78185;0;28.3;13.9;0.0
84;2021-05-16;1381;193;0;160218;78378;0;28.6;14.0;0.0
84;2021-05-17;2286;2023;0;162504;80401;0;29.0;14.3;0.0
84;2021-05-18;2919;2016;0;165423;82417;0;29.5;14.7;0.0
84;2021-05-19;3249;1637;0;168672;84054;0;30.1;15.0;0.0
84;2021-05-20;3727;2119;0;172399;86173;0;30.7;15.4;0.0
84;2021-05-21;3505;2213;0;175904;88386;0;31.4;15.8;0.0
84;2021-05-22;1631;648;0;177535;89034;0;31.6;15.9;0.0
84;2021-05-23;178;31;0;177713;89065;0;31.7;15.9;0.0
84;2021-05-24;1894;421;0;179607;89486;0;32.0;16.0;0.0
84;2021-05-25;2957;2145;0;182564;91631;0;32.5;16.3;0.0
84;2021-05-26;3005;2045;0;185569;93676;0;33.1;16.7;0.0
84;2021-05-27;3653;2217;0;189222;95893;0;33.7;17.1;0.0
84;2021-05-28;3026;3083;0;192248;98976;0;34.3;17.6;0.0
84;2021-05-29;1215;1541;0;193463;100517;0;34.5;17.9;0.0
84;2021-05-30;67;108;0;193530;100625;0;34.5;17.9;0.0
84;2021-05-31;2142;2493;0;195672;103118;0;34.9;18.4;0.0
84;2021-06-01;3093;3002;0;198765;106120;0;35.4;18.9;0.0
84;2021-06-02;3010;2408;0;201775;108528;0;36.0;19.3;0.0
84;2021-06-03;3960;2829;0;205735;111357;0;36.7;19.8;0.0
84;2021-06-04;3510;2889;0;209245;114246;0;37.3;20.4;0.0
84;2021-06-05;1666;1385;0;210911;115631;0;37.6;20.6;0.0
84;2021-06-06;881;195;0;211792;115826;0;37.8;20.6;0.0
84;2021-06-07;2345;2645;0;214137;118471;0;38.2;21.1;0.0
84;2021-06-08;3114;2911;0;217251;121382;0;38.7;21.6;0.0
84;2021-06-09;2790;2509;0;220041;123891;0;39.2;22.1;0.0
84;2021-06-10;3287;2693;0;223328;126584;0;39.8;22.6;0.0
84;2021-06-11;2873;2950;0;226201;129534;0;40.3;23.1;0.0
84;2021-06-12;1769;1287;0;227970;130821;0;40.6;23.3;0.0
84;2021-06-13;391;200;0;228361;131021;0;40.7;23.4;0.0
84;2021-06-14;1787;3122;0;230148;134143;0;41.0;23.9;0.0
84;2021-06-15;2313;3301;0;232461;137444;0;41.4;24.5;0.0
84;2021-06-16;2437;2852;0;234898;140296;0;41.9;25.0;0.0
84;2021-06-17;2677;3330;0;237575;143626;0;42.3;25.6;0.0
84;2021-06-18;2242;3419;0;239817;147045;0;42.7;26.2;0.0
84;2021-06-19;1195;1581;0;241012;148626;0;43.0;26.5;0.0
84;2021-06-20;427;329;0;241439;148955;0;43.0;26.6;0.0
84;2021-06-21;1478;3081;0;242917;152036;0;43.3;27.1;0.0
84;2021-06-22;2035;3860;0;244952;155896;0;43.7;27.8;0.0
84;2021-06-23;1947;3243;0;246899;159139;0;44.0;28.4;0.0
84;2021-06-24;2001;3442;0;248900;162581;0;44.4;29.0;0.0
84;2021-06-25;1717;3845;0;250617;166426;0;44.7;29.7;0.0
84;2021-06-26;1049;1739;0;251666;168165;0;44.9;30.0;0.0
84;2021-06-27;243;379;0;251909;168544;0;44.9;30.0;0.0
84;2021-06-28;1081;3174;0;252990;171718;0;45.1;30.6;0.0
84;2021-06-29;1282;3856;0;254272;175574;0;45.3;31.3;0.0
84;2021-06-30;1643;3827;0;255915;179401;0;45.6;32.0;0.0
84;2021-07-01;1847;3723;0;257762;183124;0;45.9;32.6;0.0
84;2021-07-02;1778;3839;0;259540;186963;0;46.3;33.3;0.0
84;2021-07-03;1027;1949;0;260567;188912;0;46.4;33.7;0.0
84;2021-07-04;323;481;0;260890;189393;0;46.5;33.8;0.0
84;2021-07-05;1332;3332;0;262222;192725;0;46.7;34.4;0.0
84;2021-07-06;1519;3909;0;263741;196634;0;47.0;35.1;0.0
84;2021-07-07;1577;2833;0;265318;199467;0;47.3;35.6;0.0
84;2021-07-08;1964;3462;0;267282;202929;0;47.6;36.2;0.0
84;2021-07-09;1818;3782;0;269100;206711;0;48.0;36.8;0.0
84;2021-07-10;1118;2107;0;270218;208818;0;48.2;37.2;0.0
84;2021-07-11;307;285;0;270525;209103;0;48.2;37.3;0.0
84;2021-07-12;1315;3596;0;271840;212699;0;48.5;37.9;0.0
84;2021-07-13;2141;4658;0;273981;217357;0;48.8;38.7;0.0
84;2021-07-14;1685;1171;0;275666;218528;0;49.1;39.0;0.0
84;2021-07-15;2585;4271;0;278251;222799;0;49.6;39.7;0.0
84;2021-07-16;2712;4261;0;280963;227060;0;50.1;40.5;0.0
84;2021-07-17;1467;2268;0;282430;229328;0;50.3;40.9;0.0
84;2021-07-18;816;479;0;283246;229807;0;50.5;41.0;0.0
84;2021-07-19;2212;3488;0;285458;233295;0;50.9;41.6;0.0
84;2021-07-20;2946;3912;0;288404;237207;0;51.4;42.3;0.0
84;2021-07-21;3028;3480;0;291432;240687;0;51.9;42.9;0.0
84;2021-07-22;3569;3506;0;295001;244193;0;52.6;43.5;0.0
84;2021-07-23;3386;3437;0;298387;247630;0;53.2;44.1;0.0
84;2021-07-24;1526;2099;0;299913;249729;0;53.5;44.5;0.0
84;2021-07-25;877;432;0;300790;250161;0;53.6;44.6;0.0
84;2021-07-26;2508;2816;0;303298;252977;0;54.1;45.1;0.0
84;2021-07-27;3278;3224;0;306576;256201;0;54.6;45.7;0.0
84;2021-07-28;3432;2929;0;310008;259130;0;55.3;46.2;0.0
84;2021-07-29;3854;2927;0;313862;262057;0;55.9;46.7;0.0
84;2021-07-30;3746;3053;0;317608;265110;0;56.6;47.3;0.0
84;2021-07-31;1886;1566;0;319494;266676;0;57.0;47.5;0.0
84;2021-08-01;750;402;0;320244;267078;0;57.1;47.6;0.0
84;2021-08-02;2853;2463;0;323097;269541;0;57.6;48.0;0.0
84;2021-08-03;3731;2457;0;326828;271998;0;58.3;48.5;0.0
84;2021-08-04;3367;2236;0;330195;274234;0;58.9;48.9;0.0
84;2021-08-05;3481;2361;0;333676;276595;0;59.5;49.3;0.0
84;2021-08-06;3311;2592;0;336987;279187;0;60.1;49.8;0.0
84;2021-08-07;1755;1546;0;338742;280733;0;60.4;50.0;0.0
84;2021-08-08;321;607;0;339063;281340;0;60.4;50.2;0.0
84;2021-08-09;2548;2366;0;341611;283706;0;60.9;50.6;0.0
84;2021-08-10;3271;2567;0;344882;286273;0;61.5;51.0;0.0
84;2021-08-11;2829;2328;0;347711;288601;0;62.0;51.4;0.0
84;2021-08-12;2806;2677;0;350517;291278;0;62.5;51.9;0.0
84;2021-08-13;2657;2412;0;353174;293690;0;63.0;52.4;0.0
84;2021-08-14;1360;1641;0;354534;295331;0;63.2;52.6;0.0
84;2021-08-15;236;209;0;354770;295540;0;63.2;52.7;0.0
84;2021-08-16;2106;2852;0;356876;298392;0;63.6;53.2;0.0
84;2021-08-17;2345;2909;0;359221;301301;0;64.0;53.7;0.0
84;2021-08-18;2019;2583;0;361240;303884;0;64.4;54.2;0.0
84;2021-08-19;2097;2826;0;363337;306710;0;64.8;54.7;0.0
84;2021-08-20;1870;3013;0;365207;309723;0;65.1;55.2;0.0
84;2021-08-21;987;1722;0;366194;311445;0;65.3;55.5;0.0
84;2021-08-22;118;575;0;366312;312020;0;65.3;55.6;0.0
84;2021-08-23;1566;3038;0;367878;315058;0;65.6;56.2;0.0
84;2021-08-24;1759;3133;0;369637;318191;0;65.9;56.7;0.0
84;2021-08-25;1675;2994;0;371312;321185;0;66.2;57.3;0.0
84;2021-08-26;1443;3300;0;372755;324485;0;66.4;57.8;0.0
84;2021-08-27;1477;3440;0;374232;327925;0;66.7;58.5;0.0
84;2021-08-28;761;1983;0;374993;329908;0;66.8;58.8;0.0
84;2021-08-29;113;508;0;375106;330416;0;66.9;58.9;0.0
84;2021-08-30;1265;2890;41;376371;333306;41;67.1;59.4;0.0
84;2021-08-31;1240;3578;72;377611;336884;113;67.3;60.1;0.0
84;2021-09-01;1299;2996;143;378910;339880;256;67.5;60.6;0.0
84;2021-09-02;1127;2612;292;380037;342492;548;67.7;61.1;0.1
84;2021-09-03;1235;3154;234;381272;345646;782;68.0;61.6;0.1
84;2021-09-04;675;1725;75;381947;347371;857;68.1;61.9;0.2
84;2021-09-05;104;337;6;382051;347708;863;68.1;62.0;0.2
84;2021-09-06;785;2008;268;382836;349716;1131;68.2;62.3;0.2
84;2021-09-07;885;2155;372;383721;351871;1503;68.4;62.7;0.3
84;2021-09-08;836;2342;242;384557;354213;1745;68.5;63.1;0.3
84;2021-09-09;849;1907;389;385406;356120;2134;68.7;63.5;0.4
84;2021-09-10;873;2249;338;386279;358369;2472;68.9;63.9;0.4
84;2021-09-11;528;1559;121;386807;359928;2593;68.9;64.2;0.5
84;2021-09-12;86;192;5;386893;360120;2598;69.0;64.2;0.5
84;2021-09-13;654;1369;493;387547;361489;3091;69.1;64.4;0.6
84;2021-09-14;780;1395;528;388327;362884;3619;69.2;64.7;0.6
84;2021-09-15;775;1749;406;389102;364633;4025;69.4;65.0;0.7
84;2021-09-16;533;1148;518;389635;365781;4543;69.5;65.2;0.8
84;2021-09-17;577;1464;518;390212;367245;5061;69.6;65.5;0.9
84;2021-09-18;414;1252;141;390626;368497;5202;69.6;65.7;0.9
84;2021-09-19;43;140;0;390669;368637;5202;69.6;65.7;0.9
84;2021-09-20;313;818;317;390982;369455;5519;69.7;65.9;1.0
84;2021-09-21;361;1059;453;391343;370514;5972;69.8;66.0;1.1
84;2021-09-22;413;1435;489;391756;371949;6461;69.8;66.3;1.2
84;2021-09-23;358;1035;483;392114;372984;6944;69.9;66.5;1.2
84;2021-09-24;397;1143;348;392511;374127;7292;70.0;66.7;1.3
84;2021-09-25;286;1030;161;392797;375157;7453;70.0;66.9;1.3
84;2021-09-26;38;114;7;392835;375271;7460;70.0;66.9;1.3
84;2021-09-27;278;715;337;393113;375986;7797;70.1;67.0;1.4
84;2021-09-28;321;684;419;393434;376670;8216;70.1;67.1;1.5
84;2021-09-29;319;1072;432;393753;377742;8648;70.2;67.3;1.5
84;2021-09-30;338;814;533;394091;378556;9181;70.2;67.5;1.6
84;2021-10-01;574;800;399;394665;379356;9580;70.4;67.6;1.7
84;2021-10-02;265;708;183;394930;380064;9763;70.4;67.7;1.7
84;2021-10-03;34;72;3;394964;380136;9766;70.4;67.8;1.7
84;2021-10-04;365;506;415;395329;380642;10181;70.5;67.9;1.8
84;2021-10-05;352;484;468;395681;381126;10649;70.5;67.9;1.9
84;2021-10-06;362;733;498;396043;381859;11147;70.6;68.1;2.0
84;2021-10-07;354;599;570;396397;382458;11717;70.7;68.2;2.1
84;2021-10-08;446;722;680;396843;383180;12397;70.7;68.3;2.2
84;2021-10-09;216;549;209;397059;383729;12606;70.8;68.4;2.2
84;2021-10-10;25;91;6;397084;383820;12612;70.8;68.4;2.2
84;2021-10-11;284;362;323;397368;384182;12935;70.8;68.5;2.3
84;2021-10-12;335;402;639;397703;384584;13574;70.9;68.6;2.4
84;2021-10-13;390;567;609;398093;385151;14183;71.0;68.7;2.5
84;2021-10-14;278;396;555;398371;385547;14738;71.0;68.7;2.6
84;2021-10-15;302;557;665;398673;386104;15403;71.1;68.8;2.7
84;2021-10-16;287;373;225;398960;386477;15628;71.1;68.9;2.8
84;2021-10-17;23;47;7;398983;386524;15635;71.1;68.9;2.8
84;2021-10-18;253;351;553;399236;386875;16188;71.2;69.0;2.9
84;2021-10-19;221;379;787;399457;387254;16975;71.2;69.0;3.0
84;2021-10-20;317;459;934;399774;387713;17909;71.3;69.1;3.2
84;2021-10-21;219;361;681;399993;388074;18590;71.3;69.2;3.3
84;2021-10-22;247;482;833;400240;388556;19423;71.3;69.3;3.5
84;2021-10-23;209;285;222;400449;388841;19645;71.4;69.3;3.5
84;2021-10-24;19;28;4;400468;388869;19649;71.4;69.3;3.5
84;2021-10-25;252;356;613;400720;389225;20262;71.4;69.4;3.6
84;2021-10-26;243;324;759;400963;389549;21021;71.5;69.4;3.7
84;2021-10-27;223;397;1140;401186;389946;22161;71.5;69.5;4.0
84;2021-10-28;168;242;673;401354;390188;22834;71.5;69.6;4.1
84;2021-10-29;235;443;985;401589;390631;23819;71.6;69.6;4.2
84;2021-10-30;148;211;379;401737;390842;24198;71.6;69.7;4.3
84;2021-10-31;13;24;9;401750;390866;24207;71.6;69.7;4.3
84;2021-11-01;41;41;42;401791;390907;24249;71.6;69.7;4.3
84;2021-11-02;234;277;806;402025;391184;25055;71.7;69.7;4.5
84;2021-11-03;268;434;1050;402293;391618;26105;71.7;69.8;4.7
84;2021-11-04;170;253;921;402463;391871;27026;71.7;69.9;4.8
84;2021-11-05;237;346;1203;402700;392217;28229;71.8;69.9;5.0
84;2021-11-06;191;307;591;402891;392524;28820;71.8;70.0;5.1
84;2021-11-07;27;42;37;402918;392566;28857;71.8;70.0;5.1
84;2021-11-08;146;237;1054;403064;392803;29911;71.8;70.0;5.3
84;2021-11-09;184;344;1409;403248;393147;31320;71.9;70.1;5.6
84;2021-11-10;249;420;1539;403497;393567;32859;71.9;70.2;5.9
84;2021-11-11;45;45;156;403542;393612;33015;71.9;70.2;5.9
84;2021-11-12;208;243;1409;403750;393855;34424;72.0;70.2;6.1
84;2021-11-13;140;213;552;403890;394068;34976;72.0;70.2;6.2
84;2021-11-14;28;34;46;403918;394102;35022;72.0;70.3;6.2
84;2021-11-15;169;232;1241;404087;394334;36263;72.0;70.3;6.5
84;2021-11-16;178;271;1784;404265;394605;38047;72.1;70.3;6.8
84;2021-11-17;249;338;2049;404514;394943;40096;72.1;70.4;7.1
84;2021-11-18;186;242;1471;404700;395185;41567;72.1;70.4;7.4
84;2021-11-19;273;359;2016;404973;395544;43583;72.2;70.5;7.8
84;2021-11-20;188;206;771;405161;395750;44354;72.2;70.5;7.9
84;2021-11-21;18;32;86;405179;395782;44440;72.2;70.5;7.9
84;2021-11-22;181;221;1444;405360;396003;45884;72.3;70.6;8.2
84;2021-11-23;215;279;2334;405575;396282;48218;72.3;70.6;8.6
84;2021-11-24;256;313;2011;405831;396595;50229;72.3;70.7;9.0
84;2021-11-25;247;215;2226;406078;396810;52455;72.4;70.7;9.4
84;2021-11-26;253;333;3232;406331;397143;55687;72.4;70.8;9.9
84;2021-11-27;176;247;1762;406507;397390;57449;72.5;70.8;10.2
84;2021-11-28;38;51;412;406545;397441;57861;72.5;70.8;10.3
84;2021-11-29;134;196;2648;406679;397637;60509;72.5;70.9;10.8
84;2021-11-30;219;251;4045;406898;397888;64554;72.5;70.9;11.5
84;2021-12-01;239;282;3874;407137;398170;68428;72.6;71.0;12.2
84;2021-12-02;193;187;4795;407330;398357;73223;72.6;71.0;13.1
84;2021-12-03;239;263;5335;407569;398620;78558;72.7;71.1;14.0
84;2021-12-04;155;174;2567;407724;398794;81125;72.7;71.1;14.5
84;2021-12-05;51;49;753;407775;398843;81878;72.7;71.1;14.6
84;2021-12-06;138;181;3903;407913;399024;85781;72.7;71.1;15.3
84;2021-12-07;225;299;6395;408138;399323;92176;72.8;71.2;16.4
84;2021-12-08;224;306;5351;408362;399629;97527;72.8;71.2;17.4
84;2021-12-09;195;276;5988;408557;399905;103515;72.8;71.3;18.5
84;2021-12-10;210;345;5802;408767;400250;109317;72.9;71.3;19.5
84;2021-12-11;193;223;3031;408960;400473;112348;72.9;71.4;20.0
84;2021-12-12;68;52;1005;409028;400525;113353;72.9;71.4;20.2
84;2021-12-13;190;231;4369;409218;400756;117722;72.9;71.4;21.0
84;2021-12-14;275;329;6782;409493;401085;124504;73.0;71.5;22.2
84;2021-12-15;263;294;5965;409756;401379;130469;73.0;71.5;23.3
84;2021-12-16;267;329;7062;410023;401708;137531;73.1;71.6;24.5
84;2021-12-17;308;331;6588;410331;402039;144119;73.1;71.7;25.7
84;2021-12-18;224;266;3464;410555;402305;147583;73.2;71.7;26.3
84;2021-12-19;64;70;1046;410619;402375;148629;73.2;71.7;26.5
84;2021-12-20;263;261;3911;410882;402636;152540;73.2;71.8;27.2
84;2021-12-21;406;356;5287;411288;402992;157827;73.3;71.8;28.1
84;2021-12-22;341;345;4310;411629;403337;162137;73.4;71.9;28.9
85;2020-12-27;0;0;0;0;0;0;0.0;0.0;0.0
85;2020-12-28;0;0;0;0;0;0;0.0;0.0;0.0
85;2020-12-29;0;0;0;0;0;0;0.0;0.0;0.0
85;2020-12-30;0;0;0;0;0;0;0.0;0.0;0.0
85;2020-12-31;0;0;0;0;0;0;0.0;0.0;0.0
85;2021-01-01;0;0;0;0;0;0;0.0;0.0;0.0
85;2021-01-02;0;0;0;0;0;0;0.0;0.0;0.0
85;2021-01-03;0;0;0;0;0;0;0.0;0.0;0.0
85;2021-01-04;22;0;0;22;0;0;0.0;0.0;0.0
85;2021-01-05;57;0;0;79;0;0;0.0;0.0;0.0
85;2021-01-06;94;1;0;173;1;0;0.0;0.0;0.0
85;2021-01-07;164;0;0;337;1;0;0.0;0.0;0.0
85;2021-01-08;289;2;0;626;3;0;0.1;0.0;0.0
85;2021-01-09;284;1;0;910;4;0;0.1;0.0;0.0
85;2021-01-10;66;0;0;976;4;0;0.1;0.0;0.0
85;2021-01-11;453;0;0;1429;4;0;0.2;0.0;0.0
85;2021-01-12;568;1;0;1997;5;0;0.3;0.0;0.0
85;2021-01-13;567;2;0;2564;7;0;0.4;0.0;0.0
85;2021-01-14;701;6;0;3265;13;0;0.5;0.0;0.0
85;2021-01-15;447;3;0;3712;16;0;0.5;0.0;0.0
85;2021-01-16;264;3;0;3976;19;0;0.6;0.0;0.0
85;2021-01-17;39;0;0;4015;19;0;0.6;0.0;0.0
85;2021-01-18;1010;3;0;5025;22;0;0.7;0.0;0.0
85;2021-01-19;1402;18;0;6427;40;0;0.9;0.0;0.0
85;2021-01-20;1917;6;0;8344;46;0;1.2;0.0;0.0
85;2021-01-21;3170;14;0;11514;60;0;1.7;0.0;0.0
85;2021-01-22;1685;20;0;13199;80;0;1.9;0.0;0.0
85;2021-01-23;458;2;0;13657;82;0;2.0;0.0;0.0
85;2021-01-24;46;0;0;13703;82;0;2.0;0.0;0.0
85;2021-01-25;581;1;0;14284;83;0;2.1;0.0;0.0
85;2021-01-26;929;31;0;15213;114;0;2.2;0.0;0.0
85;2021-01-27;1810;30;0;17023;144;0;2.5;0.0;0.0
85;2021-01-28;1733;25;0;18756;169;0;2.7;0.0;0.0
85;2021-01-29;892;72;0;19648;241;0;2.9;0.0;0.0
85;2021-01-30;155;9;0;19803;250;0;2.9;0.0;0.0
85;2021-01-31;4;51;0;19807;301;0;2.9;0.0;0.0
85;2021-02-01;481;118;0;20288;419;0;3.0;0.1;0.0
85;2021-02-02;548;172;0;20836;591;0;3.0;0.1;0.0
85;2021-02-03;427;283;0;21263;874;0;3.1;0.1;0.0
85;2021-02-04;622;280;0;21885;1154;0;3.2;0.2;0.0
85;2021-02-05;647;281;0;22532;1435;0;3.3;0.2;0.0
85;2021-02-06;158;238;0;22690;1673;0;3.3;0.2;0.0
85;2021-02-07;4;5;0;22694;1678;0;3.3;0.2;0.0
85;2021-02-08;380;649;0;23074;2327;0;3.4;0.3;0.0
85;2021-02-09;655;1030;0;23729;3357;0;3.5;0.5;0.0
85;2021-02-10;596;1134;0;24325;4491;0;3.6;0.7;0.0
85;2021-02-11;1507;2926;0;25832;7417;0;3.8;1.1;0.0
85;2021-02-12;1023;1290;0;26855;8707;0;3.9;1.3;0.0
85;2021-02-13;241;470;0;27096;9177;0;4.0;1.3;0.0
85;2021-02-14;3;127;0;27099;9304;0;4.0;1.4;0.0
85;2021-02-15;349;829;0;27448;10133;0;4.0;1.5;0.0
85;2021-02-16;586;1199;0;28034;11332;0;4.1;1.7;0.0
85;2021-02-17;760;1600;0;28794;12932;0;4.2;1.9;0.0
85;2021-02-18;1222;1948;0;30016;14880;0;4.4;2.2;0.0
85;2021-02-19;938;1210;0;30954;16090;0;4.5;2.4;0.0
85;2021-02-20;186;262;0;31140;16352;0;4.6;2.4;0.0
85;2021-02-21;3;13;0;31143;16365;0;4.6;2.4;0.0
85;2021-02-22;797;869;0;31940;17234;0;4.7;2.5;0.0
85;2021-02-23;825;520;0;32765;17754;0;4.8;2.6;0.0
85;2021-02-24;765;343;0;33530;18097;0;4.9;2.6;0.0
85;2021-02-25;1313;432;0;34843;18529;0;5.1;2.7;0.0
85;2021-02-26;1265;369;0;36108;18898;0;5.3;2.8;0.0
85;2021-02-27;422;105;0;36530;19003;0;5.3;2.8;0.0
85;2021-02-28;9;2;0;36539;19005;0;5.3;2.8;0.0
85;2021-03-01;769;435;0;37308;19440;0;5.5;2.8;0.0
85;2021-03-02;1098;767;0;38406;20207;0;5.6;3.0;0.0
85;2021-03-03;887;532;0;39293;20739;0;5.8;3.0;0.0
85;2021-03-04;1599;1167;0;40892;21906;0;6.0;3.2;0.0
85;2021-03-05;1793;877;0;42685;22783;0;6.2;3.3;0.0
85;2021-03-06;1202;138;0;43887;22921;0;6.4;3.4;0.0
85;2021-03-07;334;30;0;44221;22951;0;6.5;3.4;0.0
85;2021-03-08;1743;450;0;45964;23401;0;6.7;3.4;0.0
85;2021-03-09;2237;593;0;48201;23994;0;7.1;3.5;0.0
85;2021-03-10;1883;651;0;50084;24645;0;7.3;3.6;0.0
85;2021-03-11;3168;1079;0;53252;25724;0;7.8;3.8;0.0
85;2021-03-12;2781;854;0;56033;26578;0;8.2;3.9;0.0
85;2021-03-13;1393;173;0;57426;26751;0;8.4;3.9;0.0
85;2021-03-14;175;4;0;57601;26755;0;8.4;3.9;0.0
85;2021-03-15;1939;508;0;59540;27263;0;8.7;4.0;0.0
85;2021-03-16;1620;485;0;61160;27748;0;9.0;4.1;0.0
85;2021-03-17;985;514;0;62145;28262;0;9.1;4.1;0.0
85;2021-03-18;1869;452;0;64014;28714;0;9.4;4.2;0.0
85;2021-03-19;2249;362;0;66263;29076;0;9.7;4.3;0.0
85;2021-03-20;1085;174;0;67348;29250;0;9.9;4.3;0.0
85;2021-03-21;276;5;0;67624;29255;0;9.9;4.3;0.0
85;2021-03-22;1810;541;0;69434;29796;0;10.2;4.4;0.0
85;2021-03-23;2488;749;0;71922;30545;0;10.5;4.5;0.0
85;2021-03-24;2240;523;0;74162;31068;0;10.9;4.5;0.0
85;2021-03-25;3711;615;0;77873;31683;0;11.4;4.6;0.0
85;2021-03-26;3381;673;0;81254;32356;0;11.9;4.7;0.0
85;2021-03-27;1737;124;0;82991;32480;0;12.1;4.8;0.0
85;2021-03-28;548;7;0;83539;32487;0;12.2;4.8;0.0
85;2021-03-29;2422;760;0;85961;33247;0;12.6;4.9;0.0
85;2021-03-30;2885;1009;0;88846;34256;0;13.0;5.0;0.0
85;2021-03-31;2324;674;0;91170;34930;0;13.3;5.1;0.0
85;2021-04-01;3826;927;0;94996;35857;0;13.9;5.2;0.0
85;2021-04-02;2832;1130;0;97828;36987;0;14.3;5.4;0.0
85;2021-04-03;1396;322;0;99224;37309;0;14.5;5.5;0.0
85;2021-04-04;324;34;0;99548;37343;0;14.6;5.5;0.0
85;2021-04-05;141;172;0;99689;37515;0;14.6;5.5;0.0
85;2021-04-06;2169;1590;0;101858;39105;0;14.9;5.7;0.0
85;2021-04-07;3095;1194;0;104953;40299;0;15.4;5.9;0.0
85;2021-04-08;4570;1597;0;109523;41896;0;16.0;6.1;0.0
85;2021-04-09;4601;1214;0;114124;43110;0;16.7;6.3;0.0
85;2021-04-10;1799;400;0;115923;43510;0;17.0;6.4;0.0
85;2021-04-11;44;17;0;115967;43527;0;17.0;6.4;0.0
85;2021-04-12;4178;1438;0;120145;44965;0;17.6;6.6;0.0
85;2021-04-13;4650;1854;0;124795;46819;0;18.3;6.9;0.0
85;2021-04-14;4026;1049;0;128821;47868;0;18.9;7.0;0.0
85;2021-04-15;5362;1759;0;134183;49627;0;19.6;7.3;0.0
85;2021-04-16;5072;1579;0;139255;51206;0;20.4;7.5;0.0
85;2021-04-17;1408;433;0;140663;51639;0;20.6;7.6;0.0
85;2021-04-18;368;31;0;141031;51670;0;20.6;7.6;0.0
85;2021-04-19;3305;1688;0;144336;53358;0;21.1;7.8;0.0
85;2021-04-20;3719;1932;0;148055;55290;0;21.7;8.1;0.0
85;2021-04-21;2747;1684;0;150802;56974;0;22.1;8.3;0.0
85;2021-04-22;3766;2176;0;154568;59150;0;22.6;8.7;0.0
85;2021-04-23;4009;2114;0;158577;61264;0;23.2;9.0;0.0
85;2021-04-24;1653;1497;0;160230;62761;0;23.5;9.2;0.0
85;2021-04-25;953;569;0;161183;63330;0;23.6;9.3;0.0
85;2021-04-26;3631;2291;0;164814;65621;0;24.1;9.6;0.0
85;2021-04-27;4369;2202;0;169183;67823;0;24.8;9.9;0.0
85;2021-04-28;5711;1414;0;174894;69237;0;25.6;10.1;0.0
85;2021-04-29;5538;2024;0;180432;71261;0;26.4;10.4;0.0
85;2021-04-30;5569;1805;0;186001;73066;0;27.2;10.7;0.0
85;2021-05-01;1587;666;0;187588;73732;0;27.5;10.8;0.0
85;2021-05-02;722;443;0;188310;74175;0;27.6;10.9;0.0
85;2021-05-03;3535;2268;0;191845;76443;0;28.1;11.2;0.0
85;2021-05-04;3477;2962;0;195322;79405;0;28.6;11.6;0.0
85;2021-05-05;4565;2178;0;199887;81583;0;29.3;11.9;0.0
85;2021-05-06;4810;2625;0;204697;84208;0;30.0;12.3;0.0
85;2021-05-07;3975;3753;0;208672;87961;0;30.5;12.9;0.0
85;2021-05-08;2066;243;0;210738;88204;0;30.8;12.9;0.0
85;2021-05-09;1375;170;0;212113;88374;0;31.0;12.9;0.0
85;2021-05-10;3333;4760;0;215446;93134;0;31.5;13.6;0.0
85;2021-05-11;4110;4838;0;219556;97972;0;32.1;14.3;0.0
85;2021-05-12;5050;3963;0;224606;101935;0;32.9;14.9;0.0
85;2021-05-13;4539;571;0;229145;102506;0;33.5;15.0;0.0
85;2021-05-14;4191;3022;0;233336;105528;0;34.2;15.4;0.0
85;2021-05-15;2204;739;0;235540;106267;0;34.5;15.6;0.0
85;2021-05-16;1953;134;0;237493;106401;0;34.8;15.6;0.0
85;2021-05-17;4020;3282;0;241513;109683;0;35.4;16.1;0.0
85;2021-05-18;5069;2814;0;246582;112497;0;36.1;16.5;0.0
85;2021-05-19;6239;1772;0;252821;114269;0;37.0;16.7;0.0
85;2021-05-20;6407;2184;0;259228;116453;0;37.9;17.0;0.0
85;2021-05-21;5285;2770;0;264513;119223;0;38.7;17.5;0.0
85;2021-05-22;2288;728;0;266801;119951;0;39.1;17.6;0.0
85;2021-05-23;957;125;0;267758;120076;0;39.2;17.6;0.0
85;2021-05-24;3824;398;0;271582;120474;0;39.8;17.6;0.0
85;2021-05-25;4153;3541;0;275735;124015;0;40.4;18.2;0.0
85;2021-05-26;4893;2668;0;280628;126683;0;41.1;18.5;0.0
85;2021-05-27;4771;3592;0;285399;130275;0;41.8;19.1;0.0
85;2021-05-28;5143;4004;0;290542;134279;0;42.5;19.7;0.0
85;2021-05-29;3539;1499;0;294081;135778;0;43.0;19.9;0.0
85;2021-05-30;754;101;0;294835;135879;0;43.2;19.9;0.0
85;2021-05-31;4464;3384;0;299299;139263;0;43.8;20.4;0.0
85;2021-06-01;5082;3427;0;304381;142690;0;44.6;20.9;0.0
85;2021-06-02;5522;2582;0;309903;145272;0;45.4;21.3;0.0
85;2021-06-03;5868;3269;0;315771;148541;0;46.2;21.7;0.0
85;2021-06-04;5846;3842;0;321617;152383;0;47.1;22.3;0.0
85;2021-06-05;2594;1890;0;324211;154273;0;47.5;22.6;0.0
85;2021-06-06;1250;827;0;325461;155100;0;47.6;22.7;0.0
85;2021-06-07;3269;4800;0;328730;159900;0;48.1;23.4;0.0
85;2021-06-08;4031;4537;0;332761;164437;0;48.7;24.1;0.0
85;2021-06-09;5116;3594;0;337877;168031;0;49.5;24.6;0.0
85;2021-06-10;5224;3633;0;343101;171664;0;50.2;25.1;0.0
85;2021-06-11;4795;4584;0;347896;176248;0;50.9;25.8;0.0
85;2021-06-12;1654;1793;0;349550;178041;0;51.2;26.1;0.0
85;2021-06-13;763;617;0;350313;178658;0;51.3;26.2;0.0
85;2021-06-14;2648;5034;0;352961;183692;0;51.7;26.9;0.0
85;2021-06-15;3762;4983;0;356723;188675;0;52.2;27.6;0.0
85;2021-06-16;4285;3849;0;361008;192524;0;52.8;28.2;0.0
85;2021-06-17;4086;3758;0;365094;196282;0;53.4;28.7;0.0
85;2021-06-18;3732;5608;0;368826;201890;0;54.0;29.6;0.0
85;2021-06-19;1287;1937;0;370113;203827;0;54.2;29.8;0.0
85;2021-06-20;117;471;0;370230;204298;0;54.2;29.9;0.0
85;2021-06-21;2426;5756;0;372656;210054;0;54.5;30.7;0.0
85;2021-06-22;2916;5648;0;375572;215702;0;55.0;31.6;0.0
85;2021-06-23;3578;4442;0;379150;220144;0;55.5;32.2;0.0
85;2021-06-24;3818;4376;0;382968;224520;0;56.1;32.9;0.0
85;2021-06-25;2581;6104;0;385549;230624;0;56.4;33.8;0.0
85;2021-06-26;891;3593;0;386440;234217;0;56.6;34.3;0.0
85;2021-06-27;111;1284;0;386551;235501;0;56.6;34.5;0.0
85;2021-06-28;1337;6589;0;387888;242090;0;56.8;35.4;0.0
85;2021-06-29;1964;6707;0;389852;248797;0;57.1;36.4;0.0
85;2021-06-30;2395;6038;0;392247;254835;0;57.4;37.3;0.0
85;2021-07-01;3063;5795;0;395310;260630;0;57.9;38.1;0.0
85;2021-07-02;2510;6765;0;397820;267395;0;58.2;39.1;0.0
85;2021-07-03;647;3002;0;398467;270397;0;58.3;39.6;0.0
85;2021-07-04;125;977;0;398592;271374;0;58.3;39.7;0.0
85;2021-07-05;1103;6325;2;399695;277699;2;58.5;40.6;0.0
85;2021-07-06;1651;6212;0;401346;283911;2;58.7;41.6;0.0
85;2021-07-07;1687;5760;0;403033;289671;2;59.0;42.4;0.0
85;2021-07-08;2269;5341;0;405302;295012;2;59.3;43.2;0.0
85;2021-07-09;1748;6968;0;407050;301980;2;59.6;44.2;0.0
85;2021-07-10;564;2645;0;407614;304625;2;59.7;44.6;0.0
85;2021-07-11;427;894;0;408041;305519;2;59.7;44.7;0.0
85;2021-07-12;1348;6739;0;409389;312258;2;59.9;45.7;0.0
85;2021-07-13;2042;7367;0;411431;319625;2;60.2;46.8;0.0
85;2021-07-14;1301;1656;0;412732;321281;2;60.4;47.0;0.0
85;2021-07-15;2605;6813;0;415337;328094;2;60.8;48.0;0.0
85;2021-07-16;3353;6816;0;418690;334910;2;61.3;49.0;0.0
85;2021-07-17;1573;2133;0;420263;337043;2;61.5;49.3;0.0
85;2021-07-18;843;822;0;421106;337865;2;61.6;49.5;0.0
85;2021-07-19;3147;6044;0;424253;343909;2;62.1;50.3;0.0
85;2021-07-20;3778;6094;0;428031;350003;2;62.7;51.2;0.0
85;2021-07-21;3606;6064;0;431637;356067;2;63.2;52.1;0.0
85;2021-07-22;3737;6028;0;435374;362095;2;63.7;53.0;0.0
85;2021-07-23;4236;6554;0;439610;368649;2;64.3;54.0;0.0
85;2021-07-24;1410;2296;0;441020;370945;2;64.6;54.3;0.0
85;2021-07-25;441;278;0;441461;371223;2;64.6;54.3;0.0
85;2021-07-26;4106;5127;0;445567;376350;2;65.2;55.1;0.0
85;2021-07-27;4756;5334;0;450323;381684;2;65.9;55.9;0.0
85;2021-07-28;4780;4875;0;455103;386559;2;66.6;56.6;0.0
85;2021-07-29;5611;4664;0;460714;391223;2;67.4;57.3;0.0
85;2021-07-30;5667;4812;0;466381;396035;2;68.3;58.0;0.0
85;2021-07-31;1302;1572;0;467683;397607;2;68.5;58.2;0.0
85;2021-08-01;377;130;0;468060;397737;2;68.5;58.2;0.0
85;2021-08-02;4420;3616;0;472480;401353;2;69.2;58.7;0.0
85;2021-08-03;5890;3337;0;478370;404690;2;70.0;59.2;0.0
85;2021-08-04;6192;3297;1;484562;407987;3;70.9;59.7;0.0
85;2021-08-05;5783;3312;0;490345;411299;3;71.8;60.2;0.0
85;2021-08-06;5373;4141;0;495718;415440;3;72.6;60.8;0.0
85;2021-08-07;1448;1065;0;497166;416505;3;72.8;61.0;0.0
85;2021-08-08;286;176;0;497452;416681;3;72.8;61.0;0.0
85;2021-08-09;4046;2990;0;501498;419671;3;73.4;61.4;0.0
85;2021-08-10;4773;2969;0;506271;422640;3;74.1;61.9;0.0
85;2021-08-11;4572;3679;0;510843;426319;3;74.8;62.4;0.0
85;2021-08-12;4245;3563;0;515088;429882;3;75.4;62.9;0.0
85;2021-08-13;3871;3267;0;518959;433149;3;76.0;63.4;0.0
85;2021-08-14;1019;922;0;519978;434071;3;76.1;63.5;0.0
85;2021-08-15;123;179;0;520101;434250;3;76.1;63.6;0.0
85;2021-08-16;2838;4123;0;522939;438373;3;76.5;64.2;0.0
85;2021-08-17;2983;3716;0;525922;442089;3;77.0;64.7;0.0
85;2021-08-18;3131;3585;0;529053;445674;3;77.4;65.2;0.0
85;2021-08-19;2589;3756;1;531642;449430;4;77.8;65.8;0.0
85;2021-08-20;2455;4822;0;534097;454252;4;78.2;66.5;0.0
85;2021-08-21;639;1280;0;534736;455532;4;78.3;66.7;0.0
85;2021-08-22;265;734;0;535001;456266;4;78.3;66.8;0.0
85;2021-08-23;1875;4921;1;536876;461187;5;78.6;67.5;0.0
85;2021-08-24;1888;4564;1;538764;465751;6;78.9;68.2;0.0
85;2021-08-25;1672;4633;0;540436;470384;6;79.1;68.9;0.0
85;2021-08-26;1539;4545;1;541975;474929;7;79.3;69.5;0.0
85;2021-08-27;1761;5182;1;543736;480111;8;79.6;70.3;0.0
85;2021-08-28;555;1312;0;544291;481423;8;79.7;70.5;0.0
85;2021-08-29;103;737;0;544394;482160;8;79.7;70.6;0.0
85;2021-08-30;1099;4917;26;545493;487077;34;79.8;71.3;0.0
85;2021-08-31;1185;5406;73;546678;492483;107;80.0;72.1;0.0
85;2021-09-01;1190;4969;162;547868;497452;269;80.2;72.8;0.0
85;2021-09-02;975;4010;235;548843;501462;504;80.3;73.4;0.1
85;2021-09-03;1248;4269;301;550091;505731;805;80.5;74.0;0.1
85;2021-09-04;390;1423;81;550481;507154;886;80.6;74.2;0.1
85;2021-09-05;30;164;15;550511;507318;901;80.6;74.3;0.1
85;2021-09-06;841;3459;407;551352;510777;1308;80.7;74.8;0.2
85;2021-09-07;861;2973;405;552213;513750;1713;80.8;75.2;0.3
85;2021-09-08;890;3531;265;553103;517281;1978;81.0;75.7;0.3
85;2021-09-09;638;2499;412;553741;519780;2390;81.1;76.1;0.3
85;2021-09-10;798;3459;340;554539;523239;2730;81.2;76.6;0.4
85;2021-09-11;285;1356;74;554824;524595;2804;81.2;76.8;0.4
85;2021-09-12;17;45;25;554841;524640;2829;81.2;76.8;0.4
85;2021-09-13;560;2219;479;555401;526859;3308;81.3;77.1;0.5
85;2021-09-14;565;1699;789;555966;528558;4097;81.4;77.4;0.6
85;2021-09-15;630;2650;588;556596;531208;4685;81.5;77.8;0.7
85;2021-09-16;406;1373;619;557002;532581;5304;81.5;78.0;0.8
85;2021-09-17;729;2485;607;557731;535066;5911;81.6;78.3;0.9
85;2021-09-18;201;957;89;557932;536023;6000;81.7;78.5;0.9
85;2021-09-19;10;35;6;557942;536058;6006;81.7;78.5;0.9
85;2021-09-20;343;1367;631;558285;537425;6637;81.7;78.7;1.0
85;2021-09-21;431;1107;953;558716;538532;7590;81.8;78.8;1.1
85;2021-09-22;429;2018;850;559145;540550;8440;81.8;79.1;1.2
85;2021-09-23;772;1004;1019;559917;541554;9459;82.0;79.3;1.4
85;2021-09-24;604;2037;687;560521;543591;10146;82.0;79.6;1.5
85;2021-09-25;155;888;150;560676;544479;10296;82.1;79.7;1.5
85;2021-09-26;6;8;0;560682;544487;10296;82.1;79.7;1.5
85;2021-09-27;368;949;977;561050;545436;11273;82.1;79.8;1.7
85;2021-09-28;244;612;758;561294;546048;12031;82.2;79.9;1.8
85;2021-09-29;400;1327;653;561694;547375;12684;82.2;80.1;1.9
85;2021-09-30;336;770;1184;562030;548145;13868;82.3;80.2;2.0
85;2021-10-01;455;960;728;562485;549105;14596;82.3;80.4;2.1
85;2021-10-02;187;538;159;562672;549643;14755;82.4;80.5;2.2
85;2021-10-03;8;18;12;562680;549661;14767;82.4;80.5;2.2
85;2021-10-04;216;698;758;562896;550359;15525;82.4;80.6;2.3
85;2021-10-05;303;455;674;563199;550814;16199;82.4;80.6;2.4
85;2021-10-06;395;884;762;563594;551698;16961;82.5;80.8;2.5
85;2021-10-07;244;415;1063;563838;552113;18024;82.5;80.8;2.6
85;2021-10-08;366;1023;884;564204;553136;18908;82.6;81.0;2.8
85;2021-10-09;124;331;155;564328;553467;19063;82.6;81.0;2.8
85;2021-10-10;14;17;5;564342;553484;19068;82.6;81.0;2.8
85;2021-10-11;229;488;957;564571;553972;20025;82.6;81.1;2.9
85;2021-10-12;170;328;593;564741;554300;20618;82.7;81.1;3.0
85;2021-10-13;342;668;861;565083;554968;21479;82.7;81.2;3.1
85;2021-10-14;203;580;790;565286;555548;22269;82.7;81.3;3.3
85;2021-10-15;262;842;919;565548;556390;23188;82.8;81.4;3.4
85;2021-10-16;108;168;160;565656;556558;23348;82.8;81.5;3.4
85;2021-10-17;2;10;7;565658;556568;23355;82.8;81.5;3.4
85;2021-10-18;239;357;901;565897;556925;24256;82.8;81.5;3.6
85;2021-10-19;76;198;619;565973;557123;24875;82.8;81.5;3.6
85;2021-10-20;178;591;1187;566151;557714;26062;82.9;81.6;3.8
85;2021-10-21;125;363;1488;566276;558077;27550;82.9;81.7;4.0
85;2021-10-22;172;653;1302;566448;558730;28852;82.9;81.8;4.2
85;2021-10-23;44;156;186;566492;558886;29038;82.9;81.8;4.3
85;2021-10-24;1;2;1;566493;558888;29039;82.9;81.8;4.3
85;2021-10-25;166;244;1133;566659;559132;30172;82.9;81.8;4.4
85;2021-10-26;61;139;543;566720;559271;30715;83.0;81.9;4.5
85;2021-10-27;173;456;1374;566893;559727;32089;83.0;81.9;4.7
85;2021-10-28;127;186;1057;567020;559913;33146;83.0;82.0;4.9
85;2021-10-29;134;375;1578;567154;560288;34724;83.0;82.0;5.1
85;2021-10-30;31;105;241;567185;560393;34965;83.0;82.0;5.1
85;2021-10-31;0;1;0;567185;560394;34965;83.0;82.0;5.1
85;2021-11-01;1;2;4;567186;560396;34969;83.0;82.0;5.1
85;2021-11-02;120;302;1255;567306;560698;36224;83.0;82.1;5.3
85;2021-11-03;186;364;1913;567492;561062;38137;83.1;82.1;5.6
85;2021-11-04;110;222;1704;567602;561284;39841;83.1;82.2;5.8
85;2021-11-05;133;323;1813;567735;561607;41654;83.1;82.2;6.1
85;2021-11-06;34;109;444;567769;561716;42098;83.1;82.2;6.2
85;2021-11-07;2;8;19;567771;561724;42117;83.1;82.2;6.2
85;2021-11-08;103;274;1946;567874;561998;44063;83.1;82.3;6.4
85;2021-11-09;85;166;1802;567959;562164;45865;83.1;82.3;6.7
85;2021-11-10;158;260;2716;568117;562424;48581;83.2;82.3;7.1
85;2021-11-11;2;3;59;568119;562427;48640;83.2;82.3;7.1
85;2021-11-12;86;158;1791;568205;562585;50431;83.2;82.3;7.4
85;2021-11-13;24;64;471;568229;562649;50902;83.2;82.4;7.5
85;2021-11-14;2;2;10;568231;562651;50912;83.2;82.4;7.5
85;2021-11-15;76;189;2474;568307;562840;53386;83.2;82.4;7.8
85;2021-11-16;96;127;2662;568403;562967;56048;83.2;82.4;8.2
85;2021-11-17;152;261;2944;568555;563228;58992;83.2;82.4;8.6
85;2021-11-18;99;132;2708;568654;563360;61700;83.2;82.5;9.0
85;2021-11-19;124;203;3081;568778;563563;64781;83.3;82.5;9.5
85;2021-11-20;48;81;556;568826;563644;65337;83.3;82.5;9.6
85;2021-11-21;2;2;2;568828;563646;65339;83.3;82.5;9.6
85;2021-11-22;143;110;3185;568971;563756;68524;83.3;82.5;10.0
85;2021-11-23;136;82;3582;569107;563838;72106;83.3;82.5;10.6
85;2021-11-24;182;259;3154;569289;564097;75260;83.3;82.6;11.0
85;2021-11-25;131;147;3544;569420;564244;78804;83.3;82.6;11.5
85;2021-11-26;131;190;4308;569551;564434;83112;83.4;82.6;12.2
85;2021-11-27;47;83;1635;569598;564517;84747;83.4;82.6;12.4
85;2021-11-28;18;10;909;569616;564527;85656;83.4;82.6;12.5
85;2021-11-29;116;152;4711;569732;564679;90367;83.4;82.7;13.2
85;2021-11-30;148;107;5448;569880;564786;95815;83.4;82.7;14.0
85;2021-12-01;144;152;6096;570024;564938;101911;83.4;82.7;14.9
85;2021-12-02;80;63;5850;570104;565001;107761;83.4;82.7;15.8
85;2021-12-03;95;125;7191;570199;565126;114952;83.5;82.7;16.8
85;2021-12-04;40;41;2559;570239;565167;117511;83.5;82.7;17.2
85;2021-12-05;7;2;428;570246;565169;117939;83.5;82.7;17.3
85;2021-12-06;70;103;6731;570316;565272;124670;83.5;82.7;18.2
85;2021-12-07;71;99;6732;570387;565371;131402;83.5;82.8;19.2
85;2021-12-08;99;156;7374;570486;565527;138776;83.5;82.8;20.3
85;2021-12-09;77;116;7351;570563;565643;146127;83.5;82.8;21.4
85;2021-12-10;121;163;9115;570684;565806;155242;83.5;82.8;22.7
85;2021-12-11;69;56;2793;570753;565862;158035;83.5;82.8;23.1
85;2021-12-12;6;10;1040;570759;565872;159075;83.5;82.8;23.3
85;2021-12-13;85;126;9130;570844;565998;168205;83.6;82.8;24.6
85;2021-12-14;103;152;10241;570947;566150;178446;83.6;82.9;26.1
85;2021-12-15;120;217;9310;571067;566367;187756;83.6;82.9;27.5
85;2021-12-16;117;163;10561;571184;566530;198317;83.6;82.9;29.0
85;2021-12-17;120;200;10948;571304;566730;209265;83.6;83.0;30.6
85;2021-12-18;61;70;2837;571365;566800;212102;83.6;83.0;31.0
85;2021-12-19;24;22;2436;571389;566822;214538;83.6;83.0;31.4
85;2021-12-20;161;173;8086;571550;566995;222624;83.7;83.0;32.6
85;2021-12-21;140;160;8529;571690;567155;231153;83.7;83.0;33.8
85;2021-12-22;149;170;7501;571839;567325;238654;83.7;83.0;34.9
86;2020-12-27;0;0;0;0;0;0;0.0;0.0;0.0
86;2020-12-28;0;0;0;0;0;0;0.0;0.0;0.0
86;2020-12-29;1;0;0;1;0;0;0.0;0.0;0.0
86;2020-12-30;0;0;0;1;0;0;0.0;0.0;0.0
86;2020-12-31;0;0;0;1;0;0;0.0;0.0;0.0
86;2021-01-01;1;0;0;2;0;0;0.0;0.0;0.0
86;2021-01-02;1;0;0;3;0;0;0.0;0.0;0.0
86;2021-01-03;0;0;0;3;0;0;0.0;0.0;0.0
86;2021-01-04;1;0;0;4;0;0;0.0;0.0;0.0
86;2021-01-05;3;0;0;7;0;0;0.0;0.0;0.0
86;2021-01-06;166;1;0;173;1;0;0.0;0.0;0.0
86;2021-01-07;662;0;0;835;1;0;0.2;0.0;0.0
86;2021-01-08;592;3;0;1427;4;0;0.3;0.0;0.0
86;2021-01-09;2;0;0;1429;4;0;0.3;0.0;0.0
86;2021-01-10;165;0;0;1594;4;0;0.4;0.0;0.0
86;2021-01-11;305;0;0;1899;4;0;0.4;0.0;0.0
86;2021-01-12;462;1;0;2361;5;0;0.5;0.0;0.0
86;2021-01-13;340;1;0;2701;6;0;0.6;0.0;0.0
86;2021-01-14;561;1;0;3262;7;0;0.7;0.0;0.0
86;2021-01-15;551;3;0;3813;10;0;0.9;0.0;0.0
86;2021-01-16;5;0;0;3818;10;0;0.9;0.0;0.0
86;2021-01-17;0;0;0;3818;10;0;0.9;0.0;0.0
86;2021-01-18;564;0;0;4382;10;0;1.0;0.0;0.0
86;2021-01-19;1820;2;0;6202;12;0;1.4;0.0;0.0
86;2021-01-20;1441;27;0;7643;39;0;1.7;0.0;0.0
86;2021-01-21;1263;3;0;8906;42;0;2.0;0.0;0.0
86;2021-01-22;824;2;0;9730;44;0;2.2;0.0;0.0
86;2021-01-23;295;2;0;10025;46;0;2.3;0.0;0.0
86;2021-01-24;1;0;0;10026;46;0;2.3;0.0;0.0
86;2021-01-25;588;108;0;10614;154;0;2.4;0.0;0.0
86;2021-01-26;731;120;0;11345;274;0;2.6;0.1;0.0
86;2021-01-27;761;152;0;12106;426;0;2.8;0.1;0.0
86;2021-01-28;1018;413;0;13124;839;0;3.0;0.2;0.0
86;2021-01-29;877;217;0;14001;1056;0;3.2;0.2;0.0
86;2021-01-30;259;101;0;14260;1157;0;3.3;0.3;0.0
86;2021-01-31;54;151;0;14314;1308;0;3.3;0.3;0.0
86;2021-02-01;416;213;0;14730;1521;0;3.4;0.3;0.0
86;2021-02-02;561;376;0;15291;1897;0;3.5;0.4;0.0
86;2021-02-03;521;233;0;15812;2130;0;3.6;0.5;0.0
86;2021-02-04;453;367;0;16265;2497;0;3.7;0.6;0.0
86;2021-02-05;437;725;0;16702;3222;0;3.8;0.7;0.0
86;2021-02-06;137;195;0;16839;3417;0;3.8;0.8;0.0
86;2021-02-07;103;4;0;16942;3421;0;3.9;0.8;0.0
86;2021-02-08;353;312;0;17295;3733;0;4.0;0.9;0.0
86;2021-02-09;737;1070;0;18032;4803;0;4.1;1.1;0.0
86;2021-02-10;940;903;0;18972;5706;0;4.3;1.3;0.0
86;2021-02-11;948;983;0;19920;6689;0;4.6;1.5;0.0
86;2021-02-12;698;405;0;20618;7094;0;4.7;1.6;0.0
86;2021-02-13;179;96;0;20797;7190;0;4.8;1.6;0.0
86;2021-02-14;1;32;0;20798;7222;0;4.8;1.7;0.0
86;2021-02-15;245;497;0;21043;7719;0;4.8;1.8;0.0
86;2021-02-16;372;843;0;21415;8562;0;4.9;2.0;0.0
86;2021-02-17;434;875;0;21849;9437;0;5.0;2.2;0.0
86;2021-02-18;432;894;0;22281;10331;0;5.1;2.4;0.0
86;2021-02-19;577;620;0;22858;10951;0;5.2;2.5;0.0
86;2021-02-20;110;174;0;22968;11125;0;5.3;2.5;0.0
86;2021-02-21;3;3;0;22971;11128;0;5.3;2.5;0.0
86;2021-02-22;225;432;0;23196;11560;0;5.3;2.6;0.0
86;2021-02-23;368;581;0;23564;12141;0;5.4;2.8;0.0
86;2021-02-24;394;587;0;23958;12728;0;5.5;2.9;0.0
86;2021-02-25;856;647;0;24814;13375;0;5.7;3.1;0.0
86;2021-02-26;983;554;0;25797;13929;0;5.9;3.2;0.0
86;2021-02-27;460;134;0;26257;14063;0;6.0;3.2;0.0
86;2021-02-28;7;2;0;26264;14065;0;6.0;3.2;0.0
86;2021-03-01;240;481;0;26504;14546;0;6.1;3.3;0.0
86;2021-03-02;1121;819;0;27625;15365;0;6.3;3.5;0.0
86;2021-03-03;807;628;0;28432;15993;0;6.5;3.7;0.0
86;2021-03-04;1485;583;0;29917;16576;0;6.8;3.8;0.0
86;2021-03-05;1566;322;0;31483;16898;0;7.2;3.9;0.0
86;2021-03-06;976;165;0;32459;17063;0;7.4;3.9;0.0
86;2021-03-07;342;38;0;32801;17101;0;7.5;3.9;0.0
86;2021-03-08;461;522;0;33262;17623;0;7.6;4.0;0.0
86;2021-03-09;1339;502;0;34601;18125;0;7.9;4.1;0.0
86;2021-03-10;939;609;0;35540;18734;0;8.1;4.3;0.0
86;2021-03-11;1774;476;0;37314;19210;0;8.5;4.4;0.0
86;2021-03-12;2151;415;0;39465;19625;0;9.0;4.5;0.0
86;2021-03-13;1402;93;0;40867;19718;0;9.3;4.5;0.0
86;2021-03-14;126;13;0;40993;19731;0;9.4;4.5;0.0
86;2021-03-15;743;160;0;41736;19891;0;9.5;4.5;0.0
86;2021-03-16;821;206;0;42557;20097;0;9.7;4.6;0.0
86;2021-03-17;729;214;0;43286;20311;0;9.9;4.6;0.0
86;2021-03-18;892;111;0;44178;20422;0;10.1;4.7;0.0
86;2021-03-19;2038;340;0;46216;20762;0;10.6;4.7;0.0
86;2021-03-20;605;127;0;46821;20889;0;10.7;4.8;0.0
86;2021-03-21;14;0;0;46835;20889;0;10.7;4.8;0.0
86;2021-03-22;812;272;0;47647;21161;0;10.9;4.8;0.0
86;2021-03-23;1967;334;0;49614;21495;0;11.3;4.9;0.0
86;2021-03-24;1497;340;0;51111;21835;0;11.7;5.0;0.0
86;2021-03-25;2382;365;0;53493;22200;0;12.2;5.1;0.0
86;2021-03-26;2906;366;0;56399;22566;0;12.9;5.2;0.0
86;2021-03-27;731;142;0;57130;22708;0;13.1;5.2;0.0
86;2021-03-28;8;111;0;57138;22819;0;13.1;5.2;0.0
86;2021-03-29;1160;382;0;58298;23201;0;13.3;5.3;0.0
86;2021-03-30;2305;801;0;60603;24002;0;13.9;5.5;0.0
86;2021-03-31;1446;618;0;62049;24620;0;14.2;5.6;0.0
86;2021-04-01;2156;920;0;64205;25540;0;14.7;5.8;0.0
86;2021-04-02;1884;531;0;66089;26071;0;15.1;6.0;0.0
86;2021-04-03;796;286;0;66885;26357;0;15.3;6.0;0.0
86;2021-04-04;80;96;0;66965;26453;0;15.3;6.0;0.0
86;2021-04-05;287;4;0;67252;26457;0;15.4;6.0;0.0
86;2021-04-06;1543;916;0;68795;27373;0;15.7;6.3;0.0
86;2021-04-07;1619;606;0;70414;27979;0;16.1;6.4;0.0
86;2021-04-08;2516;751;0;72930;28730;0;16.7;6.6;0.0
86;2021-04-09;3227;620;0;76157;29350;0;17.4;6.7;0.0
86;2021-04-10;1615;182;0;77772;29532;0;17.8;6.8;0.0
86;2021-04-11;425;11;0;78197;29543;0;17.9;6.8;0.0
86;2021-04-12;809;707;0;79006;30250;0;18.1;6.9;0.0
86;2021-04-13;2381;886;0;81387;31136;0;18.6;7.1;0.0
86;2021-04-14;1836;829;0;83223;31965;0;19.0;7.3;0.0
86;2021-04-15;2255;675;0;85478;32640;0;19.5;7.5;0.0
86;2021-04-16;2397;1169;0;87875;33809;0;20.1;7.7;0.0
86;2021-04-17;1045;276;0;88920;34085;0;20.3;7.8;0.0
86;2021-04-18;123;5;0;89043;34090;0;20.4;7.8;0.0
86;2021-04-19;759;744;0;89802;34834;0;20.5;8.0;0.0
86;2021-04-20;2326;1469;0;92128;36303;0;21.1;8.3;0.0
86;2021-04-21;2039;1032;0;94167;37335;0;21.5;8.5;0.0
86;2021-04-22;2252;1314;0;96419;38649;0;22.0;8.8;0.0
86;2021-04-23;2340;1461;0;98759;40110;0;22.6;9.2;0.0
86;2021-04-24;1228;514;0;99987;40624;0;22.9;9.3;0.0
86;2021-04-25;771;27;0;100758;40651;0;23.0;9.3;0.0
86;2021-04-26;1945;834;0;102703;41485;0;23.5;9.5;0.0
86;2021-04-27;2983;1621;0;105686;43106;0;24.2;9.9;0.0
86;2021-04-28;2876;1408;0;108562;44514;0;24.8;10.2;0.0
86;2021-04-29;3481;1782;0;112043;46296;0;25.6;10.6;0.0
86;2021-04-30;2936;1430;0;114979;47726;0;26.3;10.9;0.0
86;2021-05-01;1545;202;0;116524;47928;0;26.6;11.0;0.0
86;2021-05-02;1211;45;0;117735;47973;0;26.9;11.0;0.0
86;2021-05-03;2418;963;0;120153;48936;0;27.5;11.2;0.0
86;2021-05-04;3288;1857;0;123441;50793;0;28.2;11.6;0.0
86;2021-05-05;3749;1448;0;127190;52241;0;29.1;11.9;0.0
86;2021-05-06;4075;1618;0;131265;53859;0;30.0;12.3;0.0
86;2021-05-07;3984;1815;0;135249;55674;0;30.9;12.7;0.0
86;2021-05-08;1826;383;0;137075;56057;0;31.3;12.8;0.0
86;2021-05-09;1512;184;0;138587;56241;0;31.7;12.9;0.0
86;2021-05-10;1854;1143;0;140441;57384;0;32.1;13.1;0.0
86;2021-05-11;3261;2592;0;143702;59976;0;32.9;13.7;0.0
86;2021-05-12;2142;1632;0;145844;61608;0;33.3;14.1;0.0
86;2021-05-13;1477;279;0;147321;61887;0;33.7;14.1;0.0
86;2021-05-14;1935;795;0;149256;62682;0;34.1;14.3;0.0
86;2021-05-15;1366;459;0;150622;63141;0;34.4;14.4;0.0
86;2021-05-16;734;148;0;151356;63289;0;34.6;14.5;0.0
86;2021-05-17;3005;1026;0;154361;64315;0;35.3;14.7;0.0
86;2021-05-18;3996;1596;0;158357;65911;0;36.2;15.1;0.0
86;2021-05-19;3322;1361;0;161679;67272;0;37.0;15.4;0.0
86;2021-05-20;3929;1567;0;165608;68839;0;37.9;15.7;0.0
86;2021-05-21;3224;1702;0;168832;70541;0;38.6;16.1;0.0
86;2021-05-22;1885;665;0;170717;71206;0;39.0;16.3;0.0
86;2021-05-23;1266;166;0;171983;71372;0;39.3;16.3;0.0
86;2021-05-24;1629;199;0;173612;71571;0;39.7;16.4;0.0
86;2021-05-25;2558;1546;0;176170;73117;0;40.3;16.7;0.0
86;2021-05-26;2545;1450;0;178715;74567;0;40.9;17.0;0.0
86;2021-05-27;3158;1773;0;181873;76340;0;41.6;17.5;0.0
86;2021-05-28;2129;2495;0;184002;78835;0;42.1;18.0;0.0
86;2021-05-29;1397;1252;0;185399;80087;0;42.4;18.3;0.0
86;2021-05-30;862;126;0;186261;80213;0;42.6;18.3;0.0
86;2021-05-31;1819;1738;0;188080;81951;0;43.0;18.7;0.0
86;2021-06-01;2451;2571;0;190531;84522;0;43.6;19.3;0.0
86;2021-06-02;2213;2532;0;192744;87054;0;44.1;19.9;0.0
86;2021-06-03;2976;2370;0;195720;89424;0;44.7;20.4;0.0
86;2021-06-04;2221;2809;0;197941;92233;0;45.3;21.1;0.0
86;2021-06-05;1466;1526;0;199407;93759;0;45.6;21.4;0.0
86;2021-06-06;788;870;0;200195;94629;0;45.8;21.6;0.0
86;2021-06-07;1180;2300;0;201375;96929;0;46.0;22.2;0.0
86;2021-06-08;1905;3537;0;203280;100466;0;46.5;23.0;0.0
86;2021-06-09;1873;3156;0;205153;103622;0;46.9;23.7;0.0
86;2021-06-10;2313;3116;0;207466;106738;0;47.4;24.4;0.0
86;2021-06-11;1617;2770;0;209083;109508;0;47.8;25.0;0.0
86;2021-06-12;900;2149;0;209983;111657;0;48.0;25.5;0.0
86;2021-06-13;281;1405;0;210264;113062;0;48.1;25.8;0.0
86;2021-06-14;1203;2783;0;211467;115845;0;48.3;26.5;0.0
86;2021-06-15;1724;3986;0;213191;119831;0;48.7;27.4;0.0
86;2021-06-16;1785;3064;0;214976;122895;0;49.1;28.1;0.0
86;2021-06-17;1844;4319;0;216820;127214;0;49.6;29.1;0.0
86;2021-06-18;1959;4474;0;218779;131688;0;50.0;30.1;0.0
86;2021-06-19;725;1985;0;219504;133673;0;50.2;30.6;0.0
86;2021-06-20;185;1235;0;219689;134908;0;50.2;30.8;0.0
86;2021-06-21;1197;2099;0;220886;137007;0;50.5;31.3;0.0
86;2021-06-22;1358;3257;0;222244;140264;0;50.8;32.1;0.0
86;2021-06-23;1478;2344;0;223722;142608;0;51.1;32.6;0.0
86;2021-06-24;1707;2666;0;225429;145274;0;51.5;33.2;0.0
86;2021-06-25;1312;3421;0;226741;148695;0;51.8;34.0;0.0
86;2021-06-26;474;2495;0;227215;151190;0;51.9;34.6;0.0
86;2021-06-27;142;1524;0;227357;152714;0;52.0;34.9;0.0
86;2021-06-28;437;3170;0;227794;155884;0;52.1;35.6;0.0
86;2021-06-29;981;4272;0;228775;160156;0;52.3;36.6;0.0
86;2021-06-30;1117;2864;0;229892;163020;0;52.6;37.3;0.0
86;2021-07-01;1541;2971;0;231433;165991;0;52.9;37.9;0.0
86;2021-07-02;1200;3582;0;232633;169573;0;53.2;38.8;0.0
86;2021-07-03;561;2268;0;233194;171841;0;53.3;39.3;0.0
86;2021-07-04;118;1241;0;233312;173082;0;53.3;39.6;0.0
86;2021-07-05;595;2725;0;233907;175807;0;53.5;40.2;0.0
86;2021-07-06;1039;3881;0;234946;179688;0;53.7;41.1;0.0
86;2021-07-07;1291;2555;0;236237;182243;0;54.0;41.7;0.0
86;2021-07-08;1639;3009;0;237876;185252;0;54.4;42.4;0.0
86;2021-07-09;1674;3060;0;239550;188312;0;54.8;43.1;0.0
86;2021-07-10;1165;1879;0;240715;190191;0;55.0;43.5;0.0
86;2021-07-11;476;807;0;241191;190998;0;55.1;43.7;0.0
86;2021-07-12;859;2406;0;242050;193404;0;55.3;44.2;0.0
86;2021-07-13;1759;3208;0;243809;196612;0;55.7;45.0;0.0
86;2021-07-14;796;1141;0;244605;197753;0;55.9;45.2;0.0
86;2021-07-15;1929;3188;0;246534;200941;0;56.4;45.9;0.0
86;2021-07-16;1733;2711;0;248267;203652;0;56.8;46.6;0.0
86;2021-07-17;1341;1653;0;249608;205305;0;57.1;46.9;0.0
86;2021-07-18;418;886;0;250026;206191;0;57.2;47.1;0.0
86;2021-07-19;1415;1973;0;251441;208164;0;57.5;47.6;0.0
86;2021-07-20;2357;2786;0;253798;210950;0;58.0;48.2;0.0
86;2021-07-21;2316;2268;0;256114;213218;0;58.6;48.7;0.0
86;2021-07-22;2722;2822;0;258836;216040;0;59.2;49.4;0.0
86;2021-07-23;2441;2449;0;261277;218489;0;59.7;50.0;0.0
86;2021-07-24;1529;1356;0;262806;219845;0;60.1;50.3;0.0
86;2021-07-25;730;393;0;263536;220238;0;60.3;50.4;0.0
86;2021-07-26;1669;2209;0;265205;222447;0;60.6;50.9;0.0
86;2021-07-27;3248;2781;0;268453;225228;0;61.4;51.5;0.0
86;2021-07-28;3161;2203;0;271614;227431;0;62.1;52.0;0.0
86;2021-07-29;3189;2549;0;274803;229980;0;62.8;52.6;0.0
86;2021-07-30;2266;2464;0;277069;232444;0;63.3;53.1;0.0
86;2021-07-31;1404;1106;0;278473;233550;0;63.7;53.4;0.0
86;2021-08-01;669;344;0;279142;233894;0;63.8;53.5;0.0
86;2021-08-02;1907;1677;0;281049;235571;0;64.3;53.9;0.0
86;2021-08-03;3069;2022;0;284118;237593;0;65.0;54.3;0.0
86;2021-08-04;2601;1736;0;286719;239329;0;65.6;54.7;0.0
86;2021-08-05;3182;2012;0;289901;241341;0;66.3;55.2;0.0
86;2021-08-06;2416;1806;0;292317;243147;0;66.8;55.6;0.0
86;2021-08-07;1510;1032;0;293827;244179;0;67.2;55.8;0.0
86;2021-08-08;836;524;0;294663;244703;0;67.4;55.9;0.0
86;2021-08-09;1843;1354;0;296506;246057;0;67.8;56.3;0.0
86;2021-08-10;2505;1847;0;299011;247904;0;68.4;56.7;0.0
86;2021-08-11;2223;1460;0;301234;249364;0;68.9;57.0;0.0
86;2021-08-12;2209;1839;0;303443;251203;0;69.4;57.4;0.0
86;2021-08-13;1795;1537;0;305238;252740;0;69.8;57.8;0.0
86;2021-08-14;1244;1114;0;306482;253854;0;70.1;58.0;0.0
86;2021-08-15;501;589;0;306983;254443;0;70.2;58.2;0.0
86;2021-08-16;1119;1869;0;308102;256312;0;70.4;58.6;0.0
86;2021-08-17;1507;2168;0;309609;258480;0;70.8;59.1;0.0
86;2021-08-18;1270;1861;0;310879;260341;0;71.1;59.5;0.0
86;2021-08-19;1412;2579;0;312291;262920;0;71.4;60.1;0.0
86;2021-08-20;1237;2635;0;313528;265555;0;71.7;60.7;0.0
86;2021-08-21;795;1856;0;314323;267411;0;71.9;61.1;0.0
86;2021-08-22;319;693;0;314642;268104;0;71.9;61.3;0.0
86;2021-08-23;754;1840;0;315396;269944;0;72.1;61.7;0.0
86;2021-08-24;1049;2668;0;316445;272612;0;72.3;62.3;0.0
86;2021-08-25;886;1972;0;317331;274584;0;72.5;62.8;0.0
86;2021-08-26;872;2644;0;318203;277228;0;72.7;63.4;0.0
86;2021-08-27;847;2208;0;319050;279436;0;72.9;63.9;0.0
86;2021-08-28;504;1672;0;319554;281108;0;73.1;64.3;0.0
86;2021-08-29;109;789;0;319663;281897;0;73.1;64.4;0.0
86;2021-08-30;655;2034;25;320318;283931;25;73.2;64.9;0.0
86;2021-08-31;921;2957;51;321239;286888;76;73.4;65.6;0.0
86;2021-09-01;587;2465;175;321826;289353;251;73.6;66.2;0.1
86;2021-09-02;708;2329;213;322534;291682;464;73.7;66.7;0.1
86;2021-09-03;720;2194;167;323254;293876;631;73.9;67.2;0.1
86;2021-09-04;348;2005;88;323602;295881;719;74.0;67.6;0.2
86;2021-09-05;33;836;11;323635;296717;730;74.0;67.8;0.2
86;2021-09-06;354;1496;176;323989;298213;906;74.1;68.2;0.2
86;2021-09-07;471;1852;220;324460;300065;1126;74.2;68.6;0.3
86;2021-09-08;542;1996;296;325002;302061;1422;74.3;69.1;0.3
86;2021-09-09;483;1618;240;325485;303679;1662;74.4;69.4;0.4
86;2021-09-10;498;1736;318;325983;305415;1980;74.5;69.8;0.5
86;2021-09-11;337;1715;55;326320;307130;2035;74.6;70.2;0.5
86;2021-09-12;93;694;57;326413;307824;2092;74.6;70.4;0.5
86;2021-09-13;328;978;520;326741;308802;2612;74.7;70.6;0.6
86;2021-09-14;381;1310;661;327122;310112;3273;74.8;70.9;0.7
86;2021-09-15;461;1470;298;327583;311582;3571;74.9;71.2;0.8
86;2021-09-16;395;954;828;327978;312536;4399;75.0;71.5;1.0
86;2021-09-17;454;1051;540;328432;313587;4939;75.1;71.7;1.1
86;2021-09-18;290;1148;119;328722;314735;5058;75.2;72.0;1.2
86;2021-09-19;70;388;17;328792;315123;5075;75.2;72.0;1.2
86;2021-09-20;217;607;341;329009;315730;5416;75.2;72.2;1.2
86;2021-09-21;261;836;519;329270;316566;5935;75.3;72.4;1.4
86;2021-09-22;301;1139;426;329571;317705;6361;75.3;72.6;1.5
86;2021-09-23;349;585;730;329920;318290;7091;75.4;72.8;1.6
86;2021-09-24;312;833;341;330232;319123;7432;75.5;73.0;1.7
86;2021-09-25;266;923;136;330498;320046;7568;75.6;73.2;1.7
86;2021-09-26;36;157;16;330534;320203;7584;75.6;73.2;1.7
86;2021-09-27;154;333;361;330688;320536;7945;75.6;73.3;1.8
86;2021-09-28;238;340;527;330926;320876;8472;75.7;73.4;1.9
86;2021-09-29;222;648;517;331148;321524;8989;75.7;73.5;2.1
86;2021-09-30;236;433;675;331384;321957;9664;75.8;73.6;2.2
86;2021-10-01;279;521;475;331663;322478;10139;75.8;73.7;2.3
86;2021-10-02;271;523;204;331934;323001;10343;75.9;73.8;2.4
86;2021-10-03;18;63;4;331952;323064;10347;75.9;73.9;2.4
86;2021-10-04;110;294;397;332062;323358;10744;75.9;73.9;2.5
86;2021-10-05;141;281;477;332203;323639;11221;75.9;74.0;2.6
86;2021-10-06;186;457;336;332389;324096;11557;76.0;74.1;2.6
86;2021-10-07;161;407;761;332550;324503;12318;76.0;74.2;2.8
86;2021-10-08;215;466;484;332765;324969;12802;76.1;74.3;2.9
86;2021-10-09;212;417;203;332977;325386;13005;76.1;74.4;3.0
86;2021-10-10;7;14;7;332984;325400;13012;76.1;74.4;3.0
86;2021-10-11;145;294;428;333129;325694;13440;76.2;74.5;3.1
86;2021-10-12;121;307;684;333250;326001;14124;76.2;74.5;3.2
86;2021-10-13;198;349;636;333448;326350;14760;76.2;74.6;3.4
86;2021-10-14;140;325;800;333588;326675;15560;76.3;74.7;3.6
86;2021-10-15;186;324;689;333774;326999;16249;76.3;74.8;3.7
86;2021-10-16;200;315;207;333974;327314;16456;76.4;74.8;3.8
86;2021-10-17;4;5;0;333978;327319;16456;76.4;74.8;3.8
86;2021-10-18;148;294;530;334126;327613;16986;76.4;74.9;3.9
86;2021-10-19;113;271;797;334239;327884;17783;76.4;75.0;4.1
86;2021-10-20;205;327;696;334444;328211;18479;76.5;75.0;4.2
86;2021-10-21;142;322;591;334586;328533;19070;76.5;75.1;4.4
86;2021-10-22;171;220;637;334757;328753;19707;76.5;75.2;4.5
86;2021-10-23;191;332;318;334948;329085;20025;76.6;75.2;4.6
86;2021-10-24;1;3;2;334949;329088;20027;76.6;75.2;4.6
86;2021-10-25;69;152;628;335018;329240;20655;76.6;75.3;4.7
86;2021-10-26;103;113;638;335121;329353;21293;76.6;75.3;4.9
86;2021-10-27;207;277;681;335328;329630;21974;76.7;75.4;5.0
86;2021-10-28;78;141;531;335406;329771;22505;76.7;75.4;5.1
86;2021-10-29;109;160;697;335515;329931;23202;76.7;75.4;5.3
86;2021-10-30;141;197;372;335656;330128;23574;76.7;75.5;5.4
86;2021-10-31;0;5;5;335656;330133;23579;76.7;75.5;5.4
86;2021-11-01;12;2;21;335668;330135;23600;76.7;75.5;5.4
86;2021-11-02;68;135;793;335736;330270;24393;76.8;75.5;5.6
86;2021-11-03;158;274;1030;335894;330544;25423;76.8;75.6;5.8
86;2021-11-04;100;134;766;335994;330678;26189;76.8;75.6;6.0
86;2021-11-05;138;178;775;336132;330856;26964;76.8;75.6;6.2
86;2021-11-06;143;235;629;336275;331091;27593;76.9;75.7;6.3
86;2021-11-07;2;6;5;336277;331097;27598;76.9;75.7;6.3
86;2021-11-08;74;99;744;336351;331196;28342;76.9;75.7;6.5
86;2021-11-09;101;141;1385;336452;331337;29727;76.9;75.8;6.8
86;2021-11-10;145;305;1538;336597;331642;31265;77.0;75.8;7.1
86;2021-11-11;12;9;71;336609;331651;31336;77.0;75.8;7.2
86;2021-11-12;85;146;922;336694;331797;32258;77.0;75.9;7.4
86;2021-11-13;88;218;881;336782;332015;33139;77.0;75.9;7.6
86;2021-11-14;2;2;21;336784;332017;33160;77.0;75.9;7.6
86;2021-11-15;65;69;872;336849;332086;34032;77.0;75.9;7.8
86;2021-11-16;101;132;1543;336950;332218;35575;77.0;76.0;8.1
86;2021-11-17;132;224;1657;337082;332442;37232;77.1;76.0;8.5
86;2021-11-18;122;113;1557;337204;332555;38789;77.1;76.0;8.9
86;2021-11-19;138;143;1558;337342;332698;40347;77.1;76.1;9.2
86;2021-11-20;100;180;974;337442;332878;41321;77.1;76.1;9.4
86;2021-11-21;2;4;18;337444;332882;41339;77.1;76.1;9.5
86;2021-11-22;79;42;914;337523;332924;42253;77.2;76.1;9.7
86;2021-11-23;134;110;1617;337657;333034;43870;77.2;76.1;10.0
86;2021-11-24;126;168;1614;337783;333202;45484;77.2;76.2;10.4
86;2021-11-25;176;106;2069;337959;333308;47553;77.3;76.2;10.9
86;2021-11-26;145;145;1847;338104;333453;49400;77.3;76.2;11.3
86;2021-11-27;87;134;1107;338191;333587;50507;77.3;76.3;11.5
86;2021-11-28;3;9;69;338194;333596;50576;77.3;76.3;11.6
86;2021-11-29;80;70;2103;338274;333666;52679;77.3;76.3;12.0
86;2021-11-30;145;126;3909;338419;333792;56588;77.4;76.3;12.9
86;2021-12-01;87;104;3011;338506;333896;59599;77.4;76.3;13.6
86;2021-12-02;121;102;4429;338627;333998;64028;77.4;76.4;14.6
86;2021-12-03;93;118;3723;338720;334116;67751;77.4;76.4;15.5
86;2021-12-04;66;93;2293;338786;334209;70044;77.5;76.4;16.0
86;2021-12-05;10;17;732;338796;334226;70776;77.5;76.4;16.2
86;2021-12-06;48;72;2738;338844;334298;73514;77.5;76.4;16.8
86;2021-12-07;116;105;5192;338960;334403;78706;77.5;76.5;18.0
86;2021-12-08;85;131;5005;339045;334534;83711;77.5;76.5;19.1
86;2021-12-09;106;149;5875;339151;334683;89586;77.5;76.5;20.5
86;2021-12-10;133;157;5116;339284;334840;94702;77.6;76.6;21.7
86;2021-12-11;79;90;3210;339363;334930;97912;77.6;76.6;22.4
86;2021-12-12;23;23;721;339386;334953;98633;77.6;76.6;22.5
86;2021-12-13;72;88;3871;339458;335041;102504;77.6;76.6;23.4
86;2021-12-14;141;186;6469;339599;335227;108973;77.6;76.6;24.9
86;2021-12-15;116;148;5018;339715;335375;113991;77.7;76.7;26.1
86;2021-12-16;147;238;7290;339862;335613;121281;77.7;76.7;27.7
86;2021-12-17;162;166;6779;340024;335779;128060;77.7;76.8;29.3
86;2021-12-18;113;135;3991;340137;335914;132051;77.8;76.8;30.2
86;2021-12-19;41;24;1594;340178;335938;133645;77.8;76.8;30.6
86;2021-12-20;127;113;3975;340305;336051;137620;77.8;76.8;31.5
86;2021-12-21;203;174;5693;340508;336225;143313;77.8;76.9;32.8
86;2021-12-22;158;124;4068;340666;336349;147381;77.9;76.9;33.7
87;2020-12-27;0;0;0;0;0;0;0.0;0.0;0.0
87;2020-12-28;1;0;0;1;0;0;0.0;0.0;0.0
87;2020-12-29;0;0;0;1;0;0;0.0;0.0;0.0
87;2020-12-30;1;0;0;2;0;0;0.0;0.0;0.0
87;2020-12-31;0;0;0;2;0;0;0.0;0.0;0.0
87;2021-01-01;0;0;0;2;0;0;0.0;0.0;0.0
87;2021-01-02;0;0;0;2;0;0;0.0;0.0;0.0
87;2021-01-03;0;0;0;2;0;0;0.0;0.0;0.0
87;2021-01-04;1;0;0;3;0;0;0.0;0.0;0.0
87;2021-01-05;2;0;0;5;0;0;0.0;0.0;0.0
87;2021-01-06;22;0;0;27;0;0;0.0;0.0;0.0
87;2021-01-07;253;0;0;280;0;0;0.1;0.0;0.0
87;2021-01-08;347;0;0;627;0;0;0.2;0.0;0.0
87;2021-01-09;64;0;0;691;0;0;0.2;0.0;0.0
87;2021-01-10;33;0;0;724;0;0;0.2;0.0;0.0
87;2021-01-11;397;0;0;1121;0;0;0.3;0.0;0.0
87;2021-01-12;616;0;0;1737;0;0;0.5;0.0;0.0
87;2021-01-13;506;1;0;2243;1;0;0.6;0.0;0.0
87;2021-01-14;435;3;0;2678;4;0;0.7;0.0;0.0
87;2021-01-15;507;3;0;3185;7;0;0.9;0.0;0.0
87;2021-01-16;208;1;0;3393;8;0;0.9;0.0;0.0
87;2021-01-17;5;0;0;3398;8;0;0.9;0.0;0.0
87;2021-01-18;605;5;0;4003;13;0;1.1;0.0;0.0
87;2021-01-19;689;2;0;4692;15;0;1.3;0.0;0.0
87;2021-01-20;701;4;0;5393;19;0;1.5;0.0;0.0
87;2021-01-21;759;2;0;6152;21;0;1.7;0.0;0.0
87;2021-01-22;734;5;0;6886;26;0;1.9;0.0;0.0
87;2021-01-23;308;2;0;7194;28;0;1.9;0.0;0.0
87;2021-01-24;0;0;0;7194;28;0;1.9;0.0;0.0
87;2021-01-25;619;9;0;7813;37;0;2.1;0.0;0.0
87;2021-01-26;618;55;0;8431;92;0;2.3;0.0;0.0
87;2021-01-27;581;50;0;9012;142;0;2.4;0.0;0.0
87;2021-01-28;869;122;0;9881;264;0;2.7;0.1;0.0
87;2021-01-29;727;205;0;10608;469;0;2.9;0.1;0.0
87;2021-01-30;321;73;0;10929;542;0;2.9;0.1;0.0
87;2021-01-31;31;65;0;10960;607;0;3.0;0.2;0.0
87;2021-02-01;396;297;0;11356;904;0;3.1;0.2;0.0
87;2021-02-02;431;461;0;11787;1365;0;3.2;0.4;0.0
87;2021-02-03;619;338;0;12406;1703;0;3.3;0.5;0.0
87;2021-02-04;547;547;0;12953;2250;0;3.5;0.6;0.0
87;2021-02-05;340;343;0;13293;2593;0;3.6;0.7;0.0
87;2021-02-06;56;156;0;13349;2749;0;3.6;0.7;0.0
87;2021-02-07;20;0;0;13369;2749;0;3.6;0.7;0.0
87;2021-02-08;243;409;0;13612;3158;0;3.7;0.9;0.0
87;2021-02-09;262;466;0;13874;3624;0;3.7;1.0;0.0
87;2021-02-10;267;623;0;14141;4247;0;3.8;1.1;0.0
87;2021-02-11;307;539;0;14448;4786;0;3.9;1.3;0.0
87;2021-02-12;281;558;0;14729;5344;0;4.0;1.4;0.0
87;2021-02-13;30;176;0;14759;5520;0;4.0;1.5;0.0
87;2021-02-14;1;4;0;14760;5524;0;4.0;1.5;0.0
87;2021-02-15;241;393;0;15001;5917;0;4.0;1.6;0.0
87;2021-02-16;326;301;0;15327;6218;0;4.1;1.7;0.0
87;2021-02-17;319;397;0;15646;6615;0;4.2;1.8;0.0
87;2021-02-18;470;634;0;16116;7249;0;4.3;2.0;0.0
87;2021-02-19;407;485;0;16523;7734;0;4.5;2.1;0.0
87;2021-02-20;117;196;0;16640;7930;0;4.5;2.1;0.0
87;2021-02-21;5;8;0;16645;7938;0;4.5;2.1;0.0
87;2021-02-22;424;578;0;17069;8516;0;4.6;2.3;0.0
87;2021-02-23;563;645;0;17632;9161;0;4.8;2.5;0.0
87;2021-02-24;514;707;0;18146;9868;0;4.9;2.7;0.0
87;2021-02-25;783;723;0;18929;10591;0;5.1;2.9;0.0
87;2021-02-26;852;502;0;19781;11093;0;5.3;3.0;0.0
87;2021-02-27;406;213;0;20187;11306;0;5.4;3.0;0.0
87;2021-02-28;5;1;0;20192;11307;0;5.4;3.0;0.0
87;2021-03-01;499;366;0;20691;11673;0;5.6;3.1;0.0
87;2021-03-02;971;390;0;21662;12063;0;5.8;3.3;0.0
87;2021-03-03;1125;364;0;22787;12427;0;6.1;3.4;0.0
87;2021-03-04;1399;350;0;24186;12777;0;6.5;3.4;0.0
87;2021-03-05;1763;300;0;25949;13077;0;7.0;3.5;0.0
87;2021-03-06;1003;53;0;26952;13130;0;7.3;3.5;0.0
87;2021-03-07;271;8;0;27223;13138;0;7.3;3.5;0.0
87;2021-03-08;812;240;0;28035;13378;0;7.6;3.6;0.0
87;2021-03-09;1271;242;0;29306;13620;0;7.9;3.7;0.0
87;2021-03-10;1286;224;0;30592;13844;0;8.3;3.7;0.0
87;2021-03-11;1726;259;0;32318;14103;0;8.7;3.8;0.0
87;2021-03-12;2080;292;0;34398;14395;0;9.3;3.9;0.0
87;2021-03-13;1307;27;0;35705;14422;0;9.6;3.9;0.0
87;2021-03-14;94;1;0;35799;14423;0;9.7;3.9;0.0
87;2021-03-15;958;341;0;36757;14764;0;9.9;4.0;0.0
87;2021-03-16;1039;232;0;37796;14996;0;10.2;4.0;0.0
87;2021-03-17;1076;246;0;38872;15242;0;10.5;4.1;0.0
87;2021-03-18;1184;350;0;40056;15592;0;10.8;4.2;0.0
87;2021-03-19;1613;301;0;41669;15893;0;11.2;4.3;0.0
87;2021-03-20;987;91;0;42656;15984;0;11.5;4.3;0.0
87;2021-03-21;35;0;0;42691;15984;0;11.5;4.3;0.0
87;2021-03-22;1003;390;0;43694;16374;0;11.8;4.4;0.0
87;2021-03-23;1340;408;0;45034;16782;0;12.1;4.5;0.0
87;2021-03-24;1484;388;0;46518;17170;0;12.5;4.6;0.0
87;2021-03-25;2400;391;0;48918;17561;0;13.2;4.7;0.0
87;2021-03-26;2456;410;0;51374;17971;0;13.9;4.8;0.0
87;2021-03-27;876;131;0;52250;18102;0;14.1;4.9;0.0
87;2021-03-28;260;17;0;52510;18119;0;14.2;4.9;0.0
87;2021-03-29;1098;406;0;53608;18525;0;14.5;5.0;0.0
87;2021-03-30;1877;646;0;55485;19171;0;15.0;5.2;0.0
87;2021-03-31;1663;683;0;57148;19854;0;15.4;5.4;0.0
87;2021-04-01;2254;577;0;59402;20431;0;16.0;5.5;0.0
87;2021-04-02;1845;597;0;61247;21028;0;16.5;5.7;0.0
87;2021-04-03;494;256;0;61741;21284;0;16.7;5.7;0.0
87;2021-04-04;5;1;0;61746;21285;0;16.7;5.7;0.0
87;2021-04-05;96;4;0;61842;21289;0;16.7;5.7;0.0
87;2021-04-06;1034;911;0;62876;22200;0;17.0;6.0;0.0
87;2021-04-07;1552;929;0;64428;23129;0;17.4;6.2;0.0
87;2021-04-08;1749;1021;0;66177;24150;0;17.8;6.5;0.0
87;2021-04-09;2651;737;0;68828;24887;0;18.6;6.7;0.0
87;2021-04-10;1226;312;0;70054;25199;0;18.9;6.8;0.0
87;2021-04-11;102;7;0;70156;25206;0;18.9;6.8;0.0
87;2021-04-12;1652;815;0;71808;26021;0;19.4;7.0;0.0
87;2021-04-13;2255;1027;0;74063;27048;0;20.0;7.3;0.0
87;2021-04-14;2510;1198;0;76573;28246;0;20.7;7.6;0.0
87;2021-04-15;2216;1050;0;78789;29296;0;21.2;7.9;0.0
87;2021-04-16;2671;1042;0;81460;30338;0;22.0;8.2;0.0
87;2021-04-17;824;447;0;82284;30785;0;22.2;8.3;0.0
87;2021-04-18;137;146;0;82421;30931;0;22.2;8.3;0.0
87;2021-04-19;1686;820;0;84107;31751;0;22.7;8.6;0.0
87;2021-04-20;2068;890;0;86175;32641;0;23.2;8.8;0.0
87;2021-04-21;2236;971;0;88411;33612;0;23.8;9.1;0.0
87;2021-04-22;2549;1151;0;90960;34763;0;24.5;9.4;0.0
87;2021-04-23;2004;1186;0;92964;35949;0;25.1;9.7;0.0
87;2021-04-24;1031;613;0;93995;36562;0;25.4;9.9;0.0
87;2021-04-25;108;106;0;94103;36668;0;25.4;9.9;0.0
87;2021-04-26;1318;884;0;95421;37552;0;25.7;10.1;0.0
87;2021-04-27;2301;1206;0;97722;38758;0;26.4;10.5;0.0
87;2021-04-28;3720;1445;0;101442;40203;0;27.4;10.8;0.0
87;2021-04-29;2972;1839;0;104414;42042;0;28.2;11.3;0.0
87;2021-04-30;3075;1393;0;107489;43435;0;29.0;11.7;0.0
87;2021-05-01;755;65;0;108244;43500;0;29.2;11.7;0.0
87;2021-05-02;389;17;0;108633;43517;0;29.3;11.7;0.0
87;2021-05-03;2123;957;0;110756;44474;0;29.9;12.0;0.0
87;2021-05-04;2732;1128;0;113488;45602;0;30.6;12.3;0.0
87;2021-05-05;2818;1553;0;116306;47155;0;31.4;12.7;0.0
87;2021-05-06;2534;1740;0;118840;48895;0;32.1;13.2;0.0
87;2021-05-07;2865;1748;0;121705;50643;0;32.8;13.7;0.0
87;2021-05-08;826;321;0;122531;50964;0;33.0;13.7;0.0
87;2021-05-09;57;157;0;122588;51121;0;33.1;13.8;0.0
87;2021-05-10;1802;1576;0;124390;52697;0;33.5;14.2;0.0
87;2021-05-11;2381;1915;0;126771;54612;0;34.2;14.7;0.0
87;2021-05-12;2676;2047;0;129447;56659;0;34.9;15.3;0.0
87;2021-05-13;1131;293;0;130578;56952;0;35.2;15.4;0.0
87;2021-05-14;2231;1717;0;132809;58669;0;35.8;15.8;0.0
87;2021-05-15;1099;489;0;133908;59158;0;36.1;16.0;0.0
87;2021-05-16;201;81;0;134109;59239;0;36.2;16.0;0.0
87;2021-05-17;1625;1649;0;135734;60888;0;36.6;16.4;0.0
87;2021-05-18;2709;1796;0;138443;62684;0;37.3;16.9;0.0
87;2021-05-19;2900;1546;0;141343;64230;0;38.1;17.3;0.0
87;2021-05-20;3336;1720;0;144679;65950;0;39.0;17.8;0.0
87;2021-05-21;2812;1799;0;147491;67749;0;39.8;18.3;0.0
87;2021-05-22;1548;641;0;149039;68390;0;40.2;18.4;0.0
87;2021-05-23;251;91;0;149290;68481;0;40.3;18.5;0.0
87;2021-05-24;1101;148;0;150391;68629;0;40.6;18.5;0.0
87;2021-05-25;2154;1778;0;152545;70407;0;41.1;19.0;0.0
87;2021-05-26;3249;2433;0;155794;72840;0;42.0;19.6;0.0
87;2021-05-27;2970;2315;0;158764;75155;0;42.8;20.3;0.0
87;2021-05-28;2652;2513;0;161416;77668;0;43.5;20.9;0.0
87;2021-05-29;1168;1368;0;162584;79036;0;43.8;21.3;0.0
87;2021-05-30;286;85;0;162870;79121;0;43.9;21.3;0.0
87;2021-05-31;2316;1369;0;165186;80490;0;44.6;21.7;0.0
87;2021-06-01;2545;1909;0;167731;82399;0;45.2;22.2;0.0
87;2021-06-02;2574;1858;0;170305;84257;0;45.9;22.7;0.0
87;2021-06-03;3149;2468;0;173454;86725;0;46.8;23.4;0.0
87;2021-06-04;2834;2033;0;176288;88758;0;47.5;23.9;0.0
87;2021-06-05;1405;663;0;177693;89421;0;47.9;24.1;0.0
87;2021-06-06;266;110;0;177959;89531;0;48.0;24.1;0.0
87;2021-06-07;2036;1836;0;179995;91367;0;48.5;24.6;0.0
87;2021-06-08;2842;2471;0;182837;93838;0;49.3;25.3;0.0
87;2021-06-09;2242;2665;0;185079;96503;0;49.9;26.0;0.0
87;2021-06-10;2785;2488;0;187864;98991;0;50.7;26.7;0.0
87;2021-06-11;2306;2944;0;190170;101935;0;51.3;27.5;0.0
87;2021-06-12;1224;1134;0;191394;103069;0;51.6;27.8;0.0
87;2021-06-13;296;497;0;191690;103566;0;51.7;27.9;0.0
87;2021-06-14;990;2595;0;192680;106161;0;52.0;28.6;0.0
87;2021-06-15;1336;3221;0;194016;109382;0;52.3;29.5;0.0
87;2021-06-16;1645;3291;0;195661;112673;0;52.8;30.4;0.0
87;2021-06-17;2341;2269;0;198002;114942;0;53.4;31.0;0.0
87;2021-06-18;1709;2938;0;199711;117880;0;53.9;31.8;0.0
87;2021-06-19;1042;1219;0;200753;119099;0;54.1;32.1;0.0
87;2021-06-20;219;204;0;200972;119303;0;54.2;32.2;0.0
87;2021-06-21;951;2512;0;201923;121815;0;54.5;32.9;0.0
87;2021-06-22;1001;2827;0;202924;124642;0;54.7;33.6;0.0
87;2021-06-23;1198;3091;0;204122;127733;0;55.1;34.5;0.0
87;2021-06-24;1541;2553;0;205663;130286;0;55.5;35.1;0.0
87;2021-06-25;1344;2706;0;207007;132992;0;55.8;35.9;0.0
87;2021-06-26;546;1300;0;207553;134292;0;56.0;36.2;0.0
87;2021-06-27;34;264;0;207587;134556;0;56.0;36.3;0.0
87;2021-06-28;683;2595;0;208270;137151;0;56.2;37.0;0.0
87;2021-06-29;1087;3435;0;209357;140586;0;56.5;37.9;0.0
87;2021-06-30;1056;2737;0;210413;143323;0;56.7;38.7;0.0
87;2021-07-01;1280;2551;0;211693;145874;0;57.1;39.3;0.0
87;2021-07-02;1154;3477;0;212847;149351;0;57.4;40.3;0.0
87;2021-07-03;436;1611;0;213283;150962;0;57.5;40.7;0.0
87;2021-07-04;34;393;0;213317;151355;0;57.5;40.8;0.0
87;2021-07-05;653;2474;0;213970;153829;0;57.7;41.5;0.0
87;2021-07-06;575;3236;0;214545;157065;0;57.9;42.4;0.0
87;2021-07-07;876;3326;0;215421;160391;0;58.1;43.3;0.0
87;2021-07-08;1060;3551;0;216481;163942;0;58.4;44.2;0.0
87;2021-07-09;1098;3716;0;217579;167658;0;58.7;45.2;0.0
87;2021-07-10;331;1476;0;217910;169134;0;58.8;45.6;0.0
87;2021-07-11;64;330;0;217974;169464;0;58.8;45.7;0.0
87;2021-07-12;583;3180;0;218557;172644;0;58.9;46.6;0.0
87;2021-07-13;892;3512;0;219449;176156;0;59.2;47.5;0.0
87;2021-07-14;513;584;0;219962;176740;0;59.3;47.7;0.0
87;2021-07-15;1363;3436;0;221325;180176;0;59.7;48.6;0.0
87;2021-07-16;1727;3599;0;223052;183775;0;60.2;49.6;0.0
87;2021-07-17;685;1458;0;223737;185233;0;60.3;50.0;0.0
87;2021-07-18;121;281;0;223858;185514;0;60.4;50.0;0.0
87;2021-07-19;1367;3316;0;225225;188830;0;60.7;50.9;0.0
87;2021-07-20;1765;3479;0;226990;192309;0;61.2;51.9;0.0
87;2021-07-21;1476;3043;0;228466;195352;0;61.6;52.7;0.0
87;2021-07-22;1897;3112;0;230363;198464;0;62.1;53.5;0.0
87;2021-07-23;1868;3065;0;232231;201529;0;62.6;54.4;0.0
87;2021-07-24;876;1319;0;233107;202848;0;62.9;54.7;0.0
87;2021-07-25;148;231;0;233255;203079;0;62.9;54.8;0.0
87;2021-07-26;1499;2290;0;234754;205369;0;63.3;55.4;0.0
87;2021-07-27;2466;1997;0;237220;207366;0;64.0;55.9;0.0
87;2021-07-28;2292;1932;0;239512;209298;0;64.6;56.4;0.0
87;2021-07-29;2825;1899;0;242337;211197;0;65.4;57.0;0.0
87;2021-07-30;2432;1895;0;244769;213092;0;66.0;57.5;0.0
87;2021-07-31;1200;913;0;245969;214005;0;66.3;57.7;0.0
87;2021-08-01;296;163;0;246265;214168;0;66.4;57.8;0.0
87;2021-08-02;2025;1497;0;248290;215665;0;67.0;58.2;0.0
87;2021-08-03;2348;1293;0;250638;216958;0;67.6;58.5;0.0
87;2021-08-04;2214;996;0;252852;217954;0;68.2;58.8;0.0
87;2021-08-05;2358;1355;0;255210;219309;0;68.8;59.1;0.0
87;2021-08-06;2037;1619;0;257247;220928;0;69.4;59.6;0.0
87;2021-08-07;1082;793;0;258329;221721;0;69.7;59.8;0.0
87;2021-08-08;213;128;0;258542;221849;0;69.7;59.8;0.0
87;2021-08-09;1722;1461;0;260264;223310;0;70.2;60.2;0.0
87;2021-08-10;2094;1492;0;262358;224802;0;70.8;60.6;0.0
87;2021-08-11;1806;1255;0;264164;226057;0;71.2;61.0;0.0
87;2021-08-12;1902;1423;0;266066;227480;0;71.8;61.4;0.0
87;2021-08-13;1566;1533;0;267632;229013;0;72.2;61.8;0.0
87;2021-08-14;674;704;0;268306;229717;0;72.4;62.0;0.0
87;2021-08-15;74;106;0;268380;229823;0;72.4;62.0;0.0
87;2021-08-16;1366;1680;0;269746;231503;0;72.8;62.4;0.0
87;2021-08-17;1284;1652;0;271030;233155;0;73.1;62.9;0.0
87;2021-08-18;1150;1928;0;272180;235083;0;73.4;63.4;0.0
87;2021-08-19;1104;1759;0;273284;236842;0;73.7;63.9;0.0
87;2021-08-20;870;2140;0;274154;238982;0;73.9;64.5;0.0
87;2021-08-21;351;972;0;274505;239954;0;74.0;64.7;0.0
87;2021-08-22;84;233;0;274589;240187;0;74.1;64.8;0.0
87;2021-08-23;699;2307;0;275288;242494;0;74.2;65.4;0.0
87;2021-08-24;733;2136;0;276021;244630;0;74.4;66.0;0.0
87;2021-08-25;678;2007;0;276699;246637;0;74.6;66.5;0.0
87;2021-08-26;803;2126;0;277502;248763;0;74.8;67.1;0.0
87;2021-08-27;737;2553;0;278239;251316;0;75.0;67.8;0.0
87;2021-08-28;323;1290;0;278562;252606;0;75.1;68.1;0.0
87;2021-08-29;64;263;0;278626;252869;0;75.1;68.2;0.0
87;2021-08-30;466;2115;15;279092;254984;15;75.3;68.8;0.0
87;2021-08-31;566;1832;28;279658;256816;43;75.4;69.3;0.0
87;2021-09-01;729;2260;123;280387;259076;166;75.6;69.9;0.0
87;2021-09-02;540;2004;200;280927;261080;366;75.8;70.4;0.1
87;2021-09-03;593;2006;337;281520;263086;703;75.9;71.0;0.2
87;2021-09-04;281;1134;61;281801;264220;764;76.0;71.3;0.2
87;2021-09-05;10;24;2;281811;264244;766;76.0;71.3;0.2
87;2021-09-06;371;1474;374;282182;265718;1140;76.1;71.7;0.3
87;2021-09-07;356;1150;286;282538;266868;1426;76.2;72.0;0.4
87;2021-09-08;430;1412;308;282968;268280;1734;76.3;72.4;0.5
87;2021-09-09;327;916;309;283295;269196;2043;76.4;72.6;0.6
87;2021-09-10;427;1301;329;283722;270497;2372;76.5;73.0;0.6
87;2021-09-11;283;882;70;284005;271379;2442;76.6;73.2;0.7
87;2021-09-12;7;18;2;284012;271397;2444;76.6;73.2;0.7
87;2021-09-13;308;721;371;284320;272118;2815;76.7;73.4;0.8
87;2021-09-14;287;606;412;284607;272724;3227;76.8;73.6;0.9
87;2021-09-15;336;930;339;284943;273654;3566;76.9;73.8;1.0
87;2021-09-16;318;747;374;285261;274401;3940;76.9;74.0;1.1
87;2021-09-17;371;830;429;285632;275231;4369;77.0;74.2;1.2
87;2021-09-18;261;688;123;285893;275919;4492;77.1;74.4;1.2
87;2021-09-19;9;23;7;285902;275942;4499;77.1;74.4;1.2
87;2021-09-20;184;440;247;286086;276382;4746;77.2;74.5;1.3
87;2021-09-21;274;487;307;286360;276869;5053;77.2;74.7;1.4
87;2021-09-22;219;723;416;286579;277592;5469;77.3;74.9;1.5
87;2021-09-23;206;506;394;286785;278098;5863;77.3;75.0;1.6
87;2021-09-24;258;686;557;287043;278784;6420;77.4;75.2;1.7
87;2021-09-25;149;474;156;287192;279258;6576;77.5;75.3;1.8
87;2021-09-26;5;11;4;287197;279269;6580;77.5;75.3;1.8
87;2021-09-27;186;382;246;287383;279651;6826;77.5;75.4;1.8
87;2021-09-28;178;296;346;287561;279947;7172;77.6;75.5;1.9
87;2021-09-29;142;388;347;287703;280335;7519;77.6;75.6;2.0
87;2021-09-30;121;257;389;287824;280592;7908;77.6;75.7;2.1
87;2021-10-01;216;478;353;288040;281070;8261;77.7;75.8;2.2
87;2021-10-02;146;348;136;288186;281418;8397;77.7;75.9;2.3
87;2021-10-03;5;6;2;288191;281424;8399;77.7;75.9;2.3
87;2021-10-04;148;275;449;288339;281699;8848;77.8;76.0;2.4
87;2021-10-05;108;209;480;288447;281908;9328;77.8;76.0;2.5
87;2021-10-06;185;384;589;288632;282292;9917;77.8;76.1;2.7
87;2021-10-07;114;249;409;288746;282541;10326;77.9;76.2;2.8
87;2021-10-08;223;461;679;288969;283002;11005;77.9;76.3;3.0
87;2021-10-09;148;324;243;289117;283326;11248;78.0;76.4;3.0
87;2021-10-10;3;8;3;289120;283334;11251;78.0;76.4;3.0
87;2021-10-11;126;260;310;289246;283594;11561;78.0;76.5;3.1
87;2021-10-12;101;218;575;289347;283812;12136;78.0;76.5;3.3
87;2021-10-13;151;201;494;289498;284013;12630;78.1;76.6;3.4
87;2021-10-14;116;236;503;289614;284249;13133;78.1;76.7;3.5
87;2021-10-15;176;313;601;289790;284562;13734;78.2;76.7;3.7
87;2021-10-16;134;253;294;289924;284815;14028;78.2;76.8;3.8
87;2021-10-17;6;10;0;289930;284825;14028;78.2;76.8;3.8
87;2021-10-18;115;190;526;290045;285015;14554;78.2;76.9;3.9
87;2021-10-19;121;179;603;290166;285194;15157;78.3;76.9;4.1
87;2021-10-20;123;165;623;290289;285359;15780;78.3;77.0;4.3
87;2021-10-21;92;243;620;290381;285602;16400;78.3;77.0;4.4
87;2021-10-22;162;267;606;290543;285869;17006;78.4;77.1;4.6
87;2021-10-23;88;144;242;290631;286013;17248;78.4;77.1;4.7
87;2021-10-24;5;8;1;290636;286021;17249;78.4;77.1;4.7
87;2021-10-25;112;172;546;290748;286193;17795;78.4;77.2;4.8
87;2021-10-26;54;74;571;290802;286267;18366;78.4;77.2;5.0
87;2021-10-27;111;177;740;290913;286444;19106;78.5;77.3;5.2
87;2021-10-28;94;116;585;291007;286560;19691;78.5;77.3;5.3
87;2021-10-29;144;195;688;291151;286755;20379;78.5;77.3;5.5
87;2021-10-30;70;125;263;291221;286880;20642;78.5;77.4;5.6
87;2021-10-31;4;5;5;291225;286885;20647;78.5;77.4;5.6
87;2021-11-01;6;3;5;291231;286888;20652;78.5;77.4;5.6
87;2021-11-02;101;128;663;291332;287016;21315;78.6;77.4;5.7
87;2021-11-03;86;186;644;291418;287202;21959;78.6;77.5;5.9
87;2021-11-04;79;109;654;291497;287311;22613;78.6;77.5;6.1
87;2021-11-05;129;187;840;291626;287498;23453;78.7;77.5;6.3
87;2021-11-06;94;106;313;291720;287604;23766;78.7;77.6;6.4
87;2021-11-07;2;9;0;291722;287613;23766;78.7;77.6;6.4
87;2021-11-08;95;113;798;291817;287726;24564;78.7;77.6;6.6
87;2021-11-09;85;125;1172;291902;287851;25736;78.7;77.6;6.9
87;2021-11-10;114;197;1103;292016;288048;26839;78.8;77.7;7.2
87;2021-11-11;4;5;18;292020;288053;26857;78.8;77.7;7.2
87;2021-11-12;89;157;1036;292109;288210;27893;78.8;77.7;7.5
87;2021-11-13;45;65;326;292154;288275;28219;78.8;77.7;7.6
87;2021-11-14;2;8;3;292156;288283;28222;78.8;77.8;7.6
87;2021-11-15;70;104;1073;292226;288387;29295;78.8;77.8;7.9
87;2021-11-16;85;107;1494;292311;288494;30789;78.8;77.8;8.3
87;2021-11-17;139;154;1307;292450;288648;32096;78.9;77.9;8.7
87;2021-11-18;135;124;1501;292585;288772;33597;78.9;77.9;9.1
87;2021-11-19;117;166;1661;292702;288938;35258;78.9;77.9;9.5
87;2021-11-20;78;116;614;292780;289054;35872;79.0;78.0;9.7
87;2021-11-21;10;7;54;292790;289061;35926;79.0;78.0;9.7
87;2021-11-22;93;88;1338;292883;289149;37264;79.0;78.0;10.1
87;2021-11-23;128;101;1999;293011;289250;39263;79.0;78.0;10.6
87;2021-11-24;159;116;1665;293170;289366;40928;79.1;78.0;11.0
87;2021-11-25;103;115;2181;293273;289481;43109;79.1;78.1;11.6
87;2021-11-26;127;138;2511;293400;289619;45620;79.1;78.1;12.3
87;2021-11-27;79;91;1256;293479;289710;46876;79.2;78.1;12.6
87;2021-11-28;5;6;62;293484;289716;46938;79.2;78.1;12.7
87;2021-11-29;72;100;2119;293556;289816;49057;79.2;78.2;13.2
87;2021-11-30;103;97;3000;293659;289913;52057;79.2;78.2;14.0
87;2021-12-01;63;124;2910;293722;290037;54967;79.2;78.2;14.8
87;2021-12-02;67;63;3582;293789;290100;58549;79.2;78.2;15.8
87;2021-12-03;92;120;3931;293881;290220;62480;79.3;78.3;16.9
87;2021-12-04;62;123;1317;293943;290343;63797;79.3;78.3;17.2
87;2021-12-05;0;9;221;293943;290352;64018;79.3;78.3;17.3
87;2021-12-06;44;85;2781;293987;290437;66799;79.3;78.3;18.0
87;2021-12-07;78;108;5523;294065;290545;72322;79.3;78.4;19.5
87;2021-12-08;94;111;4534;294159;290656;76856;79.3;78.4;20.7
87;2021-12-09;69;108;4315;294228;290764;81171;79.4;78.4;21.9
87;2021-12-10;96;131;5609;294324;290895;86780;79.4;78.5;23.4
87;2021-12-11;54;74;2456;294378;290969;89236;79.4;78.5;24.1
87;2021-12-12;7;15;330;294385;290984;89566;79.4;78.5;24.2
87;2021-12-13;82;103;4350;294467;291087;93916;79.4;78.5;25.3
87;2021-12-14;100;127;5891;294567;291214;99807;79.4;78.5;26.9
87;2021-12-15;99;171;5266;294666;291385;105073;79.5;78.6;28.3
87;2021-12-16;66;108;5341;294732;291493;110414;79.5;78.6;29.8
87;2021-12-17;122;168;6041;294854;291661;116455;79.5;78.7;31.4
87;2021-12-18;80;110;3115;294934;291771;119570;79.5;78.7;32.2
87;2021-12-19;12;14;378;294946;291785;119948;79.5;78.7;32.4
87;2021-12-20;89;105;4209;295035;291890;124157;79.6;78.7;33.5
87;2021-12-21;150;130;5537;295185;292020;129694;79.6;78.8;35.0
87;2021-12-22;105;80;3916;295290;292100;133610;79.6;78.8;36.0
88;2020-12-27;0;0;0;0;0;0;0.0;0.0;0.0
88;2020-12-28;0;0;0;0;0;0;0.0;0.0;0.0
88;2020-12-29;0;0;0;0;0;0;0.0;0.0;0.0
88;2020-12-30;0;0;0;0;0;0;0.0;0.0;0.0
88;2020-12-31;0;0;0;0;0;0;0.0;0.0;0.0
88;2021-01-01;1;0;0;1;0;0;0.0;0.0;0.0
88;2021-01-02;0;0;0;1;0;0;0.0;0.0;0.0
88;2021-01-03;0;0;0;1;0;0;0.0;0.0;0.0
88;2021-01-04;1;0;0;2;0;0;0.0;0.0;0.0
88;2021-01-05;8;0;0;10;0;0;0.0;0.0;0.0
88;2021-01-06;19;0;0;29;0;0;0.0;0.0;0.0
88;2021-01-07;80;0;0;109;0;0;0.0;0.0;0.0
88;2021-01-08;170;2;0;279;2;0;0.1;0.0;0.0
88;2021-01-09;174;1;0;453;3;0;0.1;0.0;0.0
88;2021-01-10;2;0;0;455;3;0;0.1;0.0;0.0
88;2021-01-11;222;0;0;677;3;0;0.2;0.0;0.0
88;2021-01-12;419;0;0;1096;3;0;0.3;0.0;0.0
88;2021-01-13;485;3;0;1581;6;0;0.4;0.0;0.0
88;2021-01-14;367;4;0;1948;10;0;0.5;0.0;0.0
88;2021-01-15;372;3;0;2320;13;0;0.6;0.0;0.0
88;2021-01-16;61;0;0;2381;13;0;0.7;0.0;0.0
88;2021-01-17;0;0;0;2381;13;0;0.7;0.0;0.0
88;2021-01-18;458;0;0;2839;13;0;0.8;0.0;0.0
88;2021-01-19;462;1;0;3301;14;0;0.9;0.0;0.0
88;2021-01-20;474;1;0;3775;15;0;1.1;0.0;0.0
88;2021-01-21;1435;7;0;5210;22;0;1.4;0.0;0.0
88;2021-01-22;1117;3;0;6327;25;0;1.8;0.0;0.0
88;2021-01-23;280;0;0;6607;25;0;1.8;0.0;0.0
88;2021-01-24;267;2;0;6874;27;0;1.9;0.0;0.0
88;2021-01-25;865;3;0;7739;30;0;2.2;0.0;0.0
88;2021-01-26;359;9;0;8098;39;0;2.3;0.0;0.0
88;2021-01-27;19;5;0;8117;44;0;2.3;0.0;0.0
88;2021-01-28;154;36;0;8271;80;0;2.3;0.0;0.0
88;2021-01-29;509;136;0;8780;216;0;2.4;0.1;0.0
88;2021-01-30;286;118;0;9066;334;0;2.5;0.1;0.0
88;2021-01-31;1;1;0;9067;335;0;2.5;0.1;0.0
88;2021-02-01;411;273;0;9478;608;0;2.6;0.2;0.0
88;2021-02-02;325;348;0;9803;956;0;2.7;0.3;0.0
88;2021-02-03;434;245;0;10237;1201;0;2.8;0.3;0.0
88;2021-02-04;325;242;0;10562;1443;0;2.9;0.4;0.0
88;2021-02-05;461;282;0;11023;1725;0;3.1;0.5;0.0
88;2021-02-06;109;57;0;11132;1782;0;3.1;0.5;0.0
88;2021-02-07;0;4;0;11132;1786;0;3.1;0.5;0.0
88;2021-02-08;356;202;0;11488;1988;0;3.2;0.6;0.0
88;2021-02-09;294;283;0;11782;2271;0;3.3;0.6;0.0
88;2021-02-10;423;347;0;12205;2618;0;3.4;0.7;0.0
88;2021-02-11;811;1010;0;13016;3628;0;3.6;1.0;0.0
88;2021-02-12;912;677;0;13928;4305;0;3.9;1.2;0.0
88;2021-02-13;158;200;0;14086;4505;0;3.9;1.3;0.0
88;2021-02-14;76;193;0;14162;4698;0;3.9;1.3;0.0
88;2021-02-15;620;989;0;14782;5687;0;4.1;1.6;0.0
88;2021-02-16;470;689;0;15252;6376;0;4.2;1.8;0.0
88;2021-02-17;464;435;0;15716;6811;0;4.4;1.9;0.0
88;2021-02-18;519;366;0;16235;7177;0;4.5;2.0;0.0
88;2021-02-19;560;421;0;16795;7598;0;4.7;2.1;0.0
88;2021-02-20;163;103;0;16958;7701;0;4.7;2.1;0.0
88;2021-02-21;0;24;0;16958;7725;0;4.7;2.1;0.0
88;2021-02-22;418;337;0;17376;8062;0;4.8;2.2;0.0
88;2021-02-23;407;237;0;17783;8299;0;4.9;2.3;0.0
88;2021-02-24;543;229;0;18326;8528;0;5.1;2.4;0.0
88;2021-02-25;682;296;0;19008;8824;0;5.3;2.5;0.0
88;2021-02-26;880;293;0;19888;9117;0;5.5;2.5;0.0
88;2021-02-27;265;34;0;20153;9151;0;5.6;2.5;0.0
88;2021-02-28;28;0;0;20181;9151;0;5.6;2.5;0.0
88;2021-03-01;361;453;0;20542;9604;0;5.7;2.7;0.0
88;2021-03-02;438;472;0;20980;10076;0;5.8;2.8;0.0
88;2021-03-03;666;455;0;21646;10531;0;6.0;2.9;0.0
88;2021-03-04;1037;731;0;22683;11262;0;6.3;3.1;0.0
88;2021-03-05;921;690;0;23604;11952;0;6.6;3.3;0.0
88;2021-03-06;1789;123;0;25393;12075;0;7.1;3.4;0.0
88;2021-03-07;1034;81;0;26427;12156;0;7.4;3.4;0.0
88;2021-03-08;721;668;0;27148;12824;0;7.6;3.6;0.0
88;2021-03-09;1102;512;0;28250;13336;0;7.9;3.7;0.0
88;2021-03-10;1064;495;0;29314;13831;0;8.2;3.8;0.0
88;2021-03-11;1413;400;0;30727;14231;0;8.5;4.0;0.0
88;2021-03-12;1289;493;0;32016;14724;0;8.9;4.1;0.0
88;2021-03-13;1244;130;0;33260;14854;0;9.3;4.1;0.0
88;2021-03-14;168;5;0;33428;14859;0;9.3;4.1;0.0
88;2021-03-15;903;436;0;34331;15295;0;9.5;4.3;0.0
88;2021-03-16;967;339;0;35298;15634;0;9.8;4.3;0.0
88;2021-03-17;832;415;0;36130;16049;0;10.0;4.5;0.0
88;2021-03-18;1249;397;0;37379;16446;0;10.4;4.6;0.0
88;2021-03-19;1372;506;0;38751;16952;0;10.8;4.7;0.0
88;2021-03-20;1267;62;0;40018;17014;0;11.1;4.7;0.0
88;2021-03-21;37;0;0;40055;17014;0;11.1;4.7;0.0
88;2021-03-22;1127;531;0;41182;17545;0;11.5;4.9;0.0
88;2021-03-23;1613;436;0;42795;17981;0;11.9;5.0;0.0
88;2021-03-24;1738;477;0;44533;18458;0;12.4;5.1;0.0
88;2021-03-25;2350;483;0;46883;18941;0;13.0;5.3;0.0
88;2021-03-26;2316;451;0;49199;19392;0;13.7;5.4;0.0
88;2021-03-27;879;306;0;50078;19698;0;13.9;5.5;0.0
88;2021-03-28;64;5;0;50142;19703;0;13.9;5.5;0.0
88;2021-03-29;1210;442;0;51352;20145;0;14.3;5.6;0.0
88;2021-03-30;1961;399;0;53313;20544;0;14.8;5.7;0.0
88;2021-03-31;1530;577;0;54843;21121;0;15.3;5.9;0.0
88;2021-04-01;2053;696;0;56896;21817;0;15.8;6.1;0.0
88;2021-04-02;2560;625;0;59456;22442;0;16.5;6.2;0.0
88;2021-04-03;663;211;0;60119;22653;0;16.7;6.3;0.0
88;2021-04-04;22;10;0;60141;22663;0;16.7;6.3;0.0
88;2021-04-05;27;7;0;60168;22670;0;16.7;6.3;0.0
88;2021-04-06;1077;681;0;61245;23351;0;17.0;6.5;0.0
88;2021-04-07;1473;694;0;62718;24045;0;17.4;6.7;0.0
88;2021-04-08;1737;777;0;64455;24822;0;17.9;6.9;0.0
88;2021-04-09;2843;762;0;67298;25584;0;18.7;7.1;0.0
88;2021-04-10;733;639;0;68031;26223;0;18.9;7.3;0.0
88;2021-04-11;36;10;0;68067;26233;0;18.9;7.3;0.0
88;2021-04-12;1437;908;0;69504;27141;0;19.3;7.5;0.0
88;2021-04-13;1975;1037;0;71479;28178;0;19.9;7.8;0.0
88;2021-04-14;1852;870;0;73331;29048;0;20.4;8.1;0.0
88;2021-04-15;1864;1195;0;75195;30243;0;20.9;8.4;0.0
88;2021-04-16;2021;972;0;77216;31215;0;21.5;8.7;0.0
88;2021-04-17;1251;706;0;78467;31921;0;21.8;8.9;0.0
88;2021-04-18;228;23;0;78695;31944;0;21.9;8.9;0.0
88;2021-04-19;1131;1073;0;79826;33017;0;22.2;9.2;0.0
88;2021-04-20;1145;1257;0;80971;34274;0;22.5;9.5;0.0
88;2021-04-21;1450;1216;0;82421;35490;0;22.9;9.9;0.0
88;2021-04-22;1876;1539;0;84297;37029;0;23.4;10.3;0.0
88;2021-04-23;1795;1908;0;86092;38937;0;23.9;10.8;0.0
88;2021-04-24;1039;749;0;87131;39686;0;24.2;11.0;0.0
88;2021-04-25;40;3;0;87171;39689;0;24.2;11.0;0.0
88;2021-04-26;1106;1042;0;88277;40731;0;24.6;11.3;0.0
88;2021-04-27;1228;1621;0;89505;42352;0;24.9;11.8;0.0
88;2021-04-28;1526;1363;0;91031;43715;0;25.3;12.2;0.0
88;2021-04-29;1873;1371;0;92904;45086;0;25.8;12.5;0.0
88;2021-04-30;2240;1455;1;95144;46541;1;26.5;12.9;0.0
88;2021-05-01;1905;288;0;97049;46829;1;27.0;13.0;0.0
88;2021-05-02;1180;121;0;98229;46950;1;27.3;13.1;0.0
88;2021-05-03;1465;1097;0;99694;48047;1;27.7;13.4;0.0
88;2021-05-04;1394;1367;0;101088;49414;1;28.1;13.7;0.0
88;2021-05-05;2268;1478;0;103356;50892;1;28.7;14.2;0.0
88;2021-05-06;2955;1173;0;106311;52065;1;29.6;14.5;0.0
88;2021-05-07;2618;1225;0;108929;53290;1;30.3;14.8;0.0
88;2021-05-08;1455;464;0;110384;53754;1;30.7;15.0;0.0
88;2021-05-09;1461;146;0;111845;53900;1;31.1;15.0;0.0
88;2021-05-10;1631;1482;0;113476;55382;1;31.6;15.4;0.0
88;2021-05-11;2408;1819;0;115884;57201;1;32.2;15.9;0.0
88;2021-05-12;2335;1737;0;118219;58938;1;32.9;16.4;0.0
88;2021-05-13;2715;640;0;120934;59578;1;33.6;16.6;0.0
88;2021-05-14;2220;1381;0;123154;60959;1;34.3;17.0;0.0
88;2021-05-15;1631;741;0;124785;61700;1;34.7;17.2;0.0
88;2021-05-16;1132;95;0;125917;61795;1;35.0;17.2;0.0
88;2021-05-17;1751;912;0;127668;62707;1;35.5;17.4;0.0
88;2021-05-18;1979;1060;0;129647;63767;1;36.1;17.7;0.0
88;2021-05-19;2334;1069;0;131981;64836;1;36.7;18.0;0.0
88;2021-05-20;2818;1187;0;134799;66023;1;37.5;18.4;0.0
88;2021-05-21;2447;1102;0;137246;67125;1;38.2;18.7;0.0
88;2021-05-22;1470;712;0;138716;67837;1;38.6;18.9;0.0
88;2021-05-23;536;73;0;139252;67910;1;38.7;18.9;0.0
88;2021-05-24;1257;388;0;140509;68298;1;39.1;19.0;0.0
88;2021-05-25;1446;1095;0;141955;69393;1;39.5;19.3;0.0
88;2021-05-26;2062;1070;0;144017;70463;1;40.1;19.6;0.0
88;2021-05-27;1796;1268;0;145813;71731;1;40.6;20.0;0.0
88;2021-05-28;1683;1859;0;147496;73590;1;41.0;20.5;0.0
88;2021-05-29;1243;1693;0;148739;75283;1;41.4;20.9;0.0
88;2021-05-30;548;406;0;149287;75689;1;41.5;21.1;0.0
88;2021-05-31;1142;1726;0;150429;77415;1;41.8;21.5;0.0
88;2021-06-01;1583;1880;0;152012;79295;1;42.3;22.1;0.0
88;2021-06-02;1844;1766;0;153856;81061;1;42.8;22.5;0.0
88;2021-06-03;2505;1592;0;156361;82653;1;43.5;23.0;0.0
88;2021-06-04;1863;1841;0;158224;84494;1;44.0;23.5;0.0
88;2021-06-05;1430;1106;0;159654;85600;1;44.4;23.8;0.0
88;2021-06-06;670;151;0;160324;85751;1;44.6;23.9;0.0
88;2021-06-07;1237;1600;0;161561;87351;1;44.9;24.3;0.0
88;2021-06-08;1619;1788;0;163180;89139;1;45.4;24.8;0.0
88;2021-06-09;1590;1806;0;164770;90945;1;45.8;25.3;0.0
88;2021-06-10;1745;1914;0;166515;92859;1;46.3;25.8;0.0
88;2021-06-11;1550;2102;0;168065;94961;1;46.7;26.4;0.0
88;2021-06-12;755;1630;0;168820;96591;1;47.0;26.9;0.0
88;2021-06-13;452;355;0;169272;96946;1;47.1;27.0;0.0
88;2021-06-14;954;2063;0;170226;99009;1;47.3;27.5;0.0
88;2021-06-15;1801;2340;0;172027;101349;1;47.8;28.2;0.0
88;2021-06-16;1408;2715;0;173435;104064;1;48.2;28.9;0.0
88;2021-06-17;1559;2551;0;174994;106615;1;48.7;29.7;0.0
88;2021-06-18;1358;2303;0;176352;108918;1;49.1;30.3;0.0
88;2021-06-19;627;1076;0;176979;109994;1;49.2;30.6;0.0
88;2021-06-20;78;82;0;177057;110076;1;49.2;30.6;0.0
88;2021-06-21;643;2286;0;177700;112362;1;49.4;31.3;0.0
88;2021-06-22;881;3181;0;178581;115543;1;49.7;32.1;0.0
88;2021-06-23;1094;2649;0;179675;118192;1;50.0;32.9;0.0
88;2021-06-24;712;2471;0;180387;120663;1;50.2;33.6;0.0
88;2021-06-25;1358;2921;0;181745;123584;1;50.6;34.4;0.0
88;2021-06-26;802;2030;0;182547;125614;1;50.8;34.9;0.0
88;2021-06-27;520;622;0;183067;126236;1;50.9;35.1;0.0
88;2021-06-28;701;2219;0;183768;128455;1;51.1;35.7;0.0
88;2021-06-29;829;3056;0;184597;131511;1;51.3;36.6;0.0
88;2021-06-30;1029;2848;0;185626;134359;1;51.6;37.4;0.0
88;2021-07-01;1056;2553;0;186682;136912;1;51.9;38.1;0.0
88;2021-07-02;1025;2897;0;187707;139809;1;52.2;38.9;0.0
88;2021-07-03;654;1700;0;188361;141509;1;52.4;39.4;0.0
88;2021-07-04;250;771;0;188611;142280;1;52.5;39.6;0.0
88;2021-07-05;945;1792;0;189556;144072;1;52.7;40.1;0.0
88;2021-07-06;1012;2179;0;190568;146251;1;53.0;40.7;0.0
88;2021-07-07;1143;2412;0;191711;148663;1;53.3;41.4;0.0
88;2021-07-08;1005;1964;0;192716;150627;1;53.6;41.9;0.0
88;2021-07-09;1536;2469;0;194252;153096;1;54.0;42.6;0.0
88;2021-07-10;729;1820;0;194981;154916;1;54.2;43.1;0.0
88;2021-07-11;444;656;0;195425;155572;1;54.4;43.3;0.0
88;2021-07-12;990;2293;0;196415;157865;1;54.6;43.9;0.0
88;2021-07-13;1289;2454;0;197704;160319;1;55.0;44.6;0.0
88;2021-07-14;1116;720;0;198820;161039;1;55.3;44.8;0.0
88;2021-07-15;1712;3132;0;200532;164171;1;55.8;45.7;0.0
88;2021-07-16;1533;2861;0;202065;167032;1;56.2;46.5;0.0
88;2021-07-17;961;1691;0;203026;168723;1;56.5;46.9;0.0
88;2021-07-18;320;727;0;203346;169450;1;56.6;47.1;0.0
88;2021-07-19;1500;2044;0;204846;171494;1;57.0;47.7;0.0
88;2021-07-20;2083;2309;0;206929;173803;1;57.6;48.3;0.0
88;2021-07-21;1959;2194;0;208888;175997;1;58.1;49.0;0.0
88;2021-07-22;1872;2195;0;210760;178192;1;58.6;49.6;0.0
88;2021-07-23;2517;2786;0;213277;180978;1;59.3;50.3;0.0
88;2021-07-24;1263;1321;0;214540;182299;1;59.7;50.7;0.0
88;2021-07-25;445;591;0;214985;182890;1;59.8;50.9;0.0
88;2021-07-26;1653;1896;0;216638;184786;1;60.3;51.4;0.0
88;2021-07-27;2361;1972;0;218999;186758;1;60.9;51.9;0.0
88;2021-07-28;2316;1906;0;221315;188664;1;61.6;52.5;0.0
88;2021-07-29;2993;1598;0;224308;190262;1;62.4;52.9;0.0
88;2021-07-30;2340;2247;0;226648;192509;1;63.0;53.5;0.0
88;2021-07-31;1307;1112;0;227955;193621;1;63.4;53.9;0.0
88;2021-08-01;452;448;0;228407;194069;1;63.5;54.0;0.0
88;2021-08-02;2248;1620;0;230655;195689;1;64.2;54.4;0.0
88;2021-08-03;2762;1512;0;233417;197201;1;64.9;54.9;0.0
88;2021-08-04;2451;1541;0;235868;198742;1;65.6;55.3;0.0
88;2021-08-05;2028;1375;0;237896;200117;1;66.2;55.7;0.0
88;2021-08-06;2847;1931;0;240743;202048;1;67.0;56.2;0.0
88;2021-08-07;1232;992;0;241975;203040;1;67.3;56.5;0.0
88;2021-08-08;715;315;0;242690;203355;1;67.5;56.6;0.0
88;2021-08-09;1424;1562;0;244114;204917;1;67.9;57.0;0.0
88;2021-08-10;1826;1963;0;245940;206880;1;68.4;57.5;0.0
88;2021-08-11;1759;1679;0;247699;208559;1;68.9;58.0;0.0
88;2021-08-12;1582;1375;0;249281;209934;1;69.3;58.4;0.0
88;2021-08-13;1839;2079;0;251120;212013;1;69.8;59.0;0.0
88;2021-08-14;591;999;0;251711;213012;1;70.0;59.2;0.0
88;2021-08-15;280;485;0;251991;213497;1;70.1;59.4;0.0
88;2021-08-16;1040;1857;0;253031;215354;1;70.4;59.9;0.0
88;2021-08-17;1206;1976;0;254237;217330;1;70.7;60.5;0.0
88;2021-08-18;1179;1915;0;255416;219245;1;71.0;61.0;0.0
88;2021-08-19;998;1601;0;256414;220846;1;71.3;61.4;0.0
88;2021-08-20;1023;2278;0;257437;223124;1;71.6;62.1;0.0
88;2021-08-21;439;1292;0;257876;224416;1;71.7;62.4;0.0
88;2021-08-22;91;471;0;257967;224887;1;71.8;62.6;0.0
88;2021-08-23;695;1562;0;258662;226449;1;71.9;63.0;0.0
88;2021-08-24;871;1899;0;259533;228348;1;72.2;63.5;0.0
88;2021-08-25;856;2411;0;260389;230759;1;72.4;64.2;0.0
88;2021-08-26;834;2035;0;261223;232794;1;72.7;64.8;0.0
88;2021-08-27;801;2634;0;262024;235428;1;72.9;65.5;0.0
88;2021-08-28;494;1452;0;262518;236880;1;73.0;65.9;0.0
88;2021-08-29;128;657;0;262646;237537;1;73.1;66.1;0.0
88;2021-08-30;665;2220;38;263311;239757;39;73.2;66.7;0.0
88;2021-08-31;781;2335;46;264092;242092;85;73.5;67.3;0.0
88;2021-09-01;667;1915;86;264759;244007;171;73.6;67.9;0.0
88;2021-09-02;646;1556;130;265405;245563;301;73.8;68.3;0.1
88;2021-09-03;726;2057;158;266131;247620;459;74.0;68.9;0.1
88;2021-09-04;465;1127;56;266596;248747;515;74.2;69.2;0.1
88;2021-09-05;182;366;53;266778;249113;568;74.2;69.3;0.2
88;2021-09-06;467;1085;148;267245;250198;716;74.3;69.6;0.2
88;2021-09-07;542;1153;188;267787;251351;904;74.5;69.9;0.3
88;2021-09-08;451;1245;149;268238;252596;1053;74.6;70.3;0.3
88;2021-09-09;530;783;293;268768;253379;1346;74.8;70.5;0.4
88;2021-09-10;593;1286;227;269361;254665;1573;74.9;70.8;0.4
88;2021-09-11;351;811;72;269712;255476;1645;75.0;71.1;0.5
88;2021-09-12;62;122;18;269774;255598;1663;75.0;71.1;0.5
88;2021-09-13;401;632;334;270175;256230;1997;75.1;71.3;0.6
88;2021-09-14;537;706;572;270712;256936;2569;75.3;71.5;0.7
88;2021-09-15;425;931;417;271137;257867;2986;75.4;71.7;0.8
88;2021-09-16;264;527;338;271401;258394;3324;75.5;71.9;0.9
88;2021-09-17;411;967;426;271812;259361;3750;75.6;72.1;1.0
88;2021-09-18;234;719;151;272046;260080;3901;75.7;72.3;1.1
88;2021-09-19;45;157;10;272091;260237;3911;75.7;72.4;1.1
88;2021-09-20;224;536;368;272315;260773;4279;75.7;72.5;1.2
88;2021-09-21;214;569;351;272529;261342;4630;75.8;72.7;1.3
88;2021-09-22;187;744;456;272716;262086;5086;75.9;72.9;1.4
88;2021-09-23;277;610;326;272993;262696;5412;75.9;73.1;1.5
88;2021-09-24;268;797;473;273261;263493;5885;76.0;73.3;1.6
88;2021-09-25;130;596;179;273391;264089;6064;76.0;73.5;1.7
88;2021-09-26;16;150;22;273407;264239;6086;76.0;73.5;1.7
88;2021-09-27;153;431;428;273560;264670;6514;76.1;73.6;1.8
88;2021-09-28;177;500;475;273737;265170;6989;76.1;73.8;1.9
88;2021-09-29;163;484;368;273900;265654;7357;76.2;73.9;2.0
88;2021-09-30;136;455;254;274036;266109;7611;76.2;74.0;2.1
88;2021-10-01;244;655;355;274280;266764;7966;76.3;74.2;2.2
88;2021-10-02;151;366;102;274431;267130;8068;76.3;74.3;2.2
88;2021-10-03;24;72;20;274455;267202;8088;76.3;74.3;2.2
88;2021-10-04;149;435;387;274604;267637;8475;76.4;74.4;2.4
88;2021-10-05;178;550;477;274782;268187;8952;76.4;74.6;2.5
88;2021-10-06;182;391;402;274964;268578;9354;76.5;74.7;2.6
88;2021-10-07;75;223;173;275039;268801;9527;76.5;74.8;2.6
88;2021-10-08;268;610;521;275307;269411;10048;76.6;74.9;2.8
88;2021-10-09;131;260;137;275438;269671;10185;76.6;75.0;2.8
88;2021-10-10;23;43;12;275461;269714;10197;76.6;75.0;2.8
88;2021-10-11;107;229;447;275568;269943;10644;76.6;75.1;3.0
88;2021-10-12;146;267;717;275714;270210;11361;76.7;75.2;3.2
88;2021-10-13;146;238;537;275860;270448;11898;76.7;75.2;3.3
88;2021-10-14;84;200;281;275944;270648;12179;76.8;75.3;3.4
88;2021-10-15;193;377;586;276137;271025;12765;76.8;75.4;3.6
88;2021-10-16;132;139;156;276269;271164;12921;76.8;75.4;3.6
88;2021-10-17;1;13;0;276270;271177;12921;76.8;75.4;3.6
88;2021-10-18;166;224;637;276436;271401;13558;76.9;75.5;3.8
88;2021-10-19;142;156;478;276578;271557;14036;76.9;75.5;3.9
88;2021-10-20;156;190;449;276734;271747;14485;77.0;75.6;4.0
88;2021-10-21;97;124;299;276831;271871;14784;77.0;75.6;4.1
88;2021-10-22;168;255;762;276999;272126;15546;77.0;75.7;4.3
88;2021-10-23;92;139;191;277091;272265;15737;77.1;75.7;4.4
88;2021-10-24;2;1;8;277093;272266;15745;77.1;75.7;4.4
88;2021-10-25;170;178;731;277263;272444;16476;77.1;75.8;4.6
88;2021-10-26;174;185;886;277437;272629;17362;77.2;75.8;4.8
88;2021-10-27;113;152;663;277550;272781;18025;77.2;75.9;5.0
88;2021-10-28;57;82;218;277607;272863;18243;77.2;75.9;5.1
88;2021-10-29;166;209;801;277773;273072;19044;77.3;76.0;5.3
88;2021-10-30;71;169;308;277844;273241;19352;77.3;76.0;5.4
88;2021-10-31;2;6;0;277846;273247;19352;77.3;76.0;5.4
88;2021-11-01;9;18;12;277855;273265;19364;77.3;76.0;5.4
88;2021-11-02;133;188;782;277988;273453;20146;77.3;76.1;5.6
88;2021-11-03;111;168;830;278099;273621;20976;77.4;76.1;5.8
88;2021-11-04;63;103;429;278162;273724;21405;77.4;76.1;6.0
88;2021-11-05;141;231;988;278303;273955;22393;77.4;76.2;6.2
88;2021-11-06;103;147;327;278406;274102;22720;77.4;76.2;6.3
88;2021-11-07;7;7;17;278413;274109;22737;77.4;76.2;6.3
88;2021-11-08;116;161;1013;278529;274270;23750;77.5;76.3;6.6
88;2021-11-09;95;182;1317;278624;274452;25067;77.5;76.3;7.0
88;2021-11-10;157;181;1270;278781;274633;26337;77.5;76.4;7.3
88;2021-11-11;1;7;11;278782;274640;26348;77.5;76.4;7.3
88;2021-11-12;140;155;1294;278922;274795;27642;77.6;76.4;7.7
88;2021-11-13;74;137;442;278996;274932;28084;77.6;76.5;7.8
88;2021-11-14;1;2;4;278997;274934;28088;77.6;76.5;7.8
88;2021-11-15;113;177;1226;279110;275111;29314;77.6;76.5;8.2
88;2021-11-16;140;144;1466;279250;275255;30780;77.7;76.6;8.6
88;2021-11-17;118;180;1068;279368;275435;31848;77.7;76.6;8.9
88;2021-11-18;78;84;829;279446;275519;32677;77.7;76.6;9.1
88;2021-11-19;165;212;1739;279611;275731;34416;77.8;76.7;9.6
88;2021-11-20;105;105;570;279716;275836;34986;77.8;76.7;9.7
88;2021-11-21;12;15;30;279728;275851;35016;77.8;76.7;9.7
88;2021-11-22;86;56;1232;279814;275907;36248;77.8;76.7;10.1
88;2021-11-23;141;143;1990;279955;276050;38238;77.9;76.8;10.6
88;2021-11-24;137;123;1363;280092;276173;39601;77.9;76.8;11.0
88;2021-11-25;87;73;1106;280179;276246;40707;77.9;76.8;11.3
88;2021-11-26;186;182;2243;280365;276428;42950;78.0;76.9;11.9
88;2021-11-27;137;150;1330;280502;276578;44280;78.0;76.9;12.3
88;2021-11-28;0;5;45;280502;276583;44325;78.0;76.9;12.3
88;2021-11-29;134;110;2545;280636;276693;46870;78.1;77.0;13.0
88;2021-11-30;97;105;2509;280733;276798;49379;78.1;77.0;13.7
88;2021-12-01;109;125;3425;280842;276923;52804;78.1;77.0;14.7
88;2021-12-02;121;52;3539;280963;276975;56343;78.1;77.0;15.7
88;2021-12-03;117;152;3775;281080;277127;60118;78.2;77.1;16.7
88;2021-12-04;95;107;2453;281175;277234;62571;78.2;77.1;17.4
88;2021-12-05;9;19;261;281184;277253;62832;78.2;77.1;17.5
88;2021-12-06;87;102;3173;281271;277355;66005;78.2;77.1;18.4
88;2021-12-07;113;129;4254;281384;277484;70259;78.3;77.2;19.5
88;2021-12-08;117;136;3688;281501;277620;73947;78.3;77.2;20.6
88;2021-12-09;109;104;3572;281610;277724;77519;78.3;77.2;21.6
88;2021-12-10;105;165;4478;281715;277889;81997;78.4;77.3;22.8
88;2021-12-11;116;140;2850;281831;278029;84847;78.4;77.3;23.6
88;2021-12-12;18;13;585;281849;278042;85432;78.4;77.3;23.8
88;2021-12-13;103;87;3605;281952;278129;89037;78.4;77.4;24.8
88;2021-12-14;156;171;5102;282108;278300;94139;78.5;77.4;26.2
88;2021-12-15;163;135;3944;282271;278435;98083;78.5;77.4;27.3
88;2021-12-16;148;116;4731;282419;278551;102814;78.6;77.5;28.6
88;2021-12-17;126;170;4479;282545;278721;107293;78.6;77.5;29.8
88;2021-12-18;119;147;2689;282664;278868;109982;78.6;77.6;30.6
88;2021-12-19;13;10;425;282677;278878;110407;78.6;77.6;30.7
88;2021-12-20;130;142;3261;282807;279020;113668;78.7;77.6;31.6
88;2021-12-21;164;149;3966;282971;279169;117634;78.7;77.7;32.7
88;2021-12-22;156;133;3561;283127;279302;121195;78.8;77.7;33.7
89;2020-12-27;0;0;0;0;0;0;0.0;0.0;0.0
89;2020-12-28;0;0;0;0;0;0;0.0;0.0;0.0
89;2020-12-29;0;0;0;0;0;0;0.0;0.0;0.0
89;2020-12-30;0;0;0;0;0;0;0.0;0.0;0.0
89;2020-12-31;0;0;0;0;0;0;0.0;0.0;0.0
89;2021-01-01;0;0;0;0;0;0;0.0;0.0;0.0
89;2021-01-02;0;0;0;0;0;0;0.0;0.0;0.0
89;2021-01-03;0;0;0;0;0;0;0.0;0.0;0.0
89;2021-01-04;0;0;0;0;0;0;0.0;0.0;0.0
89;2021-01-05;3;0;0;3;0;0;0.0;0.0;0.0
89;2021-01-06;46;0;0;49;0;0;0.0;0.0;0.0
89;2021-01-07;194;0;0;243;0;0;0.1;0.0;0.0
89;2021-01-08;55;0;0;298;0;0;0.1;0.0;0.0
89;2021-01-09;4;0;0;302;0;0;0.1;0.0;0.0
89;2021-01-10;0;0;0;302;0;0;0.1;0.0;0.0
89;2021-01-11;221;0;0;523;0;0;0.2;0.0;0.0
89;2021-01-12;327;1;0;850;1;0;0.3;0.0;0.0
89;2021-01-13;501;3;0;1351;4;0;0.4;0.0;0.0
89;2021-01-14;637;7;0;1988;11;0;0.6;0.0;0.0
89;2021-01-15;287;3;0;2275;14;0;0.7;0.0;0.0
89;2021-01-16;90;4;0;2365;18;0;0.7;0.0;0.0
89;2021-01-17;0;0;0;2365;18;0;0.7;0.0;0.0
89;2021-01-18;494;1;0;2859;19;0;0.9;0.0;0.0
89;2021-01-19;775;4;0;3634;23;0;1.1;0.0;0.0
89;2021-01-20;762;0;0;4396;23;0;1.3;0.0;0.0
89;2021-01-21;879;1;0;5275;24;0;1.6;0.0;0.0
89;2021-01-22;960;1;0;6235;25;0;1.9;0.0;0.0
89;2021-01-23;154;0;0;6389;25;0;1.9;0.0;0.0
89;2021-01-24;93;1;0;6482;26;0;2.0;0.0;0.0
89;2021-01-25;479;3;0;6961;29;0;2.1;0.0;0.0
89;2021-01-26;584;15;0;7545;44;0;2.3;0.0;0.0
89;2021-01-27;489;34;0;8034;78;0;2.4;0.0;0.0
89;2021-01-28;551;118;0;8585;196;0;2.6;0.1;0.0
89;2021-01-29;849;41;0;9434;237;0;2.8;0.1;0.0
89;2021-01-30;165;64;0;9599;301;0;2.9;0.1;0.0
89;2021-01-31;23;2;0;9622;303;0;2.9;0.1;0.0
89;2021-02-01;257;153;0;9879;456;0;3.0;0.1;0.0
89;2021-02-02;283;322;0;10162;778;0;3.1;0.2;0.0
89;2021-02-03;293;325;0;10455;1103;0;3.1;0.3;0.0
89;2021-02-04;421;539;0;10876;1642;0;3.3;0.5;0.0
89;2021-02-05;364;193;0;11240;1835;0;3.4;0.6;0.0
89;2021-02-06;78;65;0;11318;1900;0;3.4;0.6;0.0
89;2021-02-07;1;1;0;11319;1901;0;3.4;0.6;0.0
89;2021-02-08;271;186;0;11590;2087;0;3.5;0.6;0.0
89;2021-02-09;294;441;0;11884;2528;0;3.6;0.8;0.0
89;2021-02-10;389;303;0;12273;2831;0;3.7;0.9;0.0
89;2021-02-11;330;553;0;12603;3384;0;3.8;1.0;0.0
89;2021-02-12;436;564;0;13039;3948;0;3.9;1.2;0.0
89;2021-02-13;50;125;0;13089;4073;0;3.9;1.2;0.0
89;2021-02-14;20;104;0;13109;4177;0;3.9;1.3;0.0
89;2021-02-15;211;407;0;13320;4584;0;4.0;1.4;0.0
89;2021-02-16;136;559;0;13456;5143;0;4.1;1.5;0.0
89;2021-02-17;271;431;0;13727;5574;0;4.1;1.7;0.0
89;2021-02-18;234;538;0;13961;6112;0;4.2;1.8;0.0
89;2021-02-19;235;609;0;14196;6721;0;4.3;2.0;0.0
89;2021-02-20;35;120;0;14231;6841;0;4.3;2.1;0.0
89;2021-02-21;1;9;0;14232;6850;0;4.3;2.1;0.0
89;2021-02-22;221;443;0;14453;7293;0;4.4;2.2;0.0
89;2021-02-23;179;491;0;14632;7784;0;4.4;2.3;0.0
89;2021-02-24;327;403;0;14959;8187;0;4.5;2.5;0.0
89;2021-02-25;385;461;0;15344;8648;0;4.6;2.6;0.0
89;2021-02-26;375;320;0;15719;8968;0;4.7;2.7;0.0
89;2021-02-27;143;89;0;15862;9057;0;4.8;2.7;0.0
89;2021-02-28;2;13;0;15864;9070;0;4.8;2.7;0.0
89;2021-03-01;518;249;0;16382;9319;0;4.9;2.8;0.0
89;2021-03-02;733;363;0;17115;9682;0;5.2;2.9;0.0
89;2021-03-03;640;272;0;17755;9954;0;5.3;3.0;0.0
89;2021-03-04;673;382;0;18428;10336;0;5.5;3.1;0.0
89;2021-03-05;756;486;0;19184;10822;0;5.8;3.3;0.0
89;2021-03-06;552;137;0;19736;10959;0;5.9;3.3;0.0
89;2021-03-07;308;47;0;20044;11006;0;6.0;3.3;0.0
89;2021-03-08;569;315;0;20613;11321;0;6.2;3.4;0.0
89;2021-03-09;1011;288;0;21624;11609;0;6.5;3.5;0.0
89;2021-03-10;1026;256;0;22650;11865;0;6.8;3.6;0.0
89;2021-03-11;1090;307;0;23740;12172;0;7.1;3.7;0.0
89;2021-03-12;1279;334;0;25019;12506;0;7.5;3.8;0.0
89;2021-03-13;634;48;0;25653;12554;0;7.7;3.8;0.0
89;2021-03-14;11;1;0;25664;12555;0;7.7;3.8;0.0
89;2021-03-15;839;304;0;26503;12859;0;8.0;3.9;0.0
89;2021-03-16;932;214;0;27435;13073;0;8.3;3.9;0.0
89;2021-03-17;923;208;0;28358;13281;0;8.5;4.0;0.0
89;2021-03-18;893;220;0;29251;13501;0;8.8;4.1;0.0
89;2021-03-19;1122;194;0;30373;13695;0;9.1;4.1;0.0
89;2021-03-20;827;28;0;31200;13723;0;9.4;4.1;0.0
89;2021-03-21;193;11;0;31393;13734;0;9.5;4.1;0.0
89;2021-03-22;1051;223;0;32444;13957;0;9.8;4.2;0.0
89;2021-03-23;1700;230;0;34144;14187;0;10.3;4.3;0.0
89;2021-03-24;1937;324;0;36081;14511;0;10.9;4.4;0.0
89;2021-03-25;1847;184;0;37928;14695;0;11.4;4.4;0.0
89;2021-03-26;2504;177;0;40432;14872;0;12.2;4.5;0.0
89;2021-03-27;1682;50;0;42114;14922;0;12.7;4.5;0.0
89;2021-03-28;26;0;0;42140;14922;0;12.7;4.5;0.0
89;2021-03-29;943;565;0;43083;15487;0;13.0;4.7;0.0
89;2021-03-30;1167;565;0;44250;16052;0;13.3;4.8;0.0
89;2021-03-31;1911;487;0;46161;16539;0;13.9;5.0;0.0
89;2021-04-01;2043;467;0;48204;17006;0;14.5;5.1;0.0
89;2021-04-02;1973;443;0;50177;17449;0;15.1;5.3;0.0
89;2021-04-03;912;243;0;51089;17692;0;15.4;5.3;0.0
89;2021-04-04;29;12;0;51118;17704;0;15.4;5.3;0.0
89;2021-04-05;92;5;0;51210;17709;0;15.4;5.3;0.0
89;2021-04-06;1017;750;0;52227;18459;0;15.7;5.6;0.0
89;2021-04-07;985;800;0;53212;19259;0;16.0;5.8;0.0
89;2021-04-08;1689;716;0;54901;19975;0;16.5;6.0;0.0
89;2021-04-09;2123;750;0;57024;20725;0;17.2;6.2;0.0
89;2021-04-10;896;184;0;57920;20909;0;17.4;6.3;0.0
89;2021-04-11;48;5;0;57968;20914;0;17.5;6.3;0.0
89;2021-04-12;966;791;0;58934;21705;0;17.7;6.5;0.0
89;2021-04-13;1315;1049;0;60249;22754;0;18.1;6.9;0.0
89;2021-04-14;1185;1007;0;61434;23761;0;18.5;7.2;0.0
89;2021-04-15;1381;928;0;62815;24689;0;18.9;7.4;0.0
89;2021-04-16;1322;916;0;64137;25605;0;19.3;7.7;0.0
89;2021-04-17;997;440;0;65134;26045;0;19.6;7.8;0.0
89;2021-04-18;47;176;0;65181;26221;0;19.6;7.9;0.0
89;2021-04-19;717;1021;0;65898;27242;0;19.8;8.2;0.0
89;2021-04-20;988;1532;0;66886;28774;0;20.1;8.7;0.0
89;2021-04-21;823;1090;0;67709;29864;0;20.4;9.0;0.0
89;2021-04-22;1060;1155;0;68769;31019;0;20.7;9.3;0.0
89;2021-04-23;1664;1892;0;70433;32911;0;21.2;9.9;0.0
89;2021-04-24;1137;1115;0;71570;34026;0;21.6;10.2;0.0
89;2021-04-25;180;18;0;71750;34044;0;21.6;10.3;0.0
89;2021-04-26;1440;749;0;73190;34793;0;22.0;10.5;0.0
89;2021-04-27;1721;1040;0;74911;35833;0;22.6;10.8;0.0
89;2021-04-28;1589;1764;0;76500;37597;0;23.0;11.3;0.0
89;2021-04-29;1914;1814;0;78414;39411;0;23.6;11.9;0.0
89;2021-04-30;1797;1639;0;80211;41050;0;24.2;12.4;0.0
89;2021-05-01;843;642;0;81054;41692;0;24.4;12.6;0.0
89;2021-05-02;161;47;0;81215;41739;0;24.5;12.6;0.0
89;2021-05-03;1520;777;0;82735;42516;0;24.9;12.8;0.0
89;2021-05-04;1573;1110;0;84308;43626;0;25.4;13.1;0.0
89;2021-05-05;2281;1192;0;86589;44818;0;26.1;13.5;0.0
89;2021-05-06;2350;1364;0;88939;46182;0;26.8;13.9;0.0
89;2021-05-07;2653;1274;0;91592;47456;0;27.6;14.3;0.0
89;2021-05-08;1671;504;0;93263;47960;0;28.1;14.4;0.0
89;2021-05-09;259;33;0;93522;47993;0;28.2;14.5;0.0
89;2021-05-10;1271;949;0;94793;48942;0;28.5;14.7;0.0
89;2021-05-11;2550;1450;0;97343;50392;0;29.3;15.2;0.0
89;2021-05-12;2112;1201;0;99455;51593;0;29.9;15.5;0.0
89;2021-05-13;542;318;0;99997;51911;0;30.1;15.6;0.0
89;2021-05-14;1957;1041;0;101954;52952;0;30.7;15.9;0.0
89;2021-05-15;2034;374;0;103988;53326;0;31.3;16.1;0.0
89;2021-05-16;109;50;0;104097;53376;0;31.3;16.1;0.0
89;2021-05-17;2169;631;0;106266;54007;0;32.0;16.3;0.0
89;2021-05-18;2429;831;0;108695;54838;0;32.7;16.5;0.0
89;2021-05-19;2880;878;0;111575;55716;0;33.6;16.8;0.0
89;2021-05-20;2964;885;0;114539;56601;0;34.5;17.0;0.0
89;2021-05-21;2503;854;0;117042;57455;0;35.2;17.3;0.0
89;2021-05-22;1397;565;0;118439;58020;0;35.7;17.5;0.0
89;2021-05-23;215;15;0;118654;58035;0;35.7;17.5;0.0
89;2021-05-24;442;219;0;119096;58254;0;35.9;17.5;0.0
89;2021-05-25;1650;971;0;120746;59225;0;36.4;17.8;0.0
89;2021-05-26;1863;1005;0;122609;60230;0;36.9;18.1;0.0
89;2021-05-27;2194;1329;0;124803;61559;0;37.6;18.5;0.0
89;2021-05-28;2134;1388;0;126937;62947;0;38.2;19.0;0.0
89;2021-05-29;687;651;0;127624;63598;0;38.4;19.2;0.0
89;2021-05-30;87;29;0;127711;63627;0;38.5;19.2;0.0
89;2021-05-31;1379;964;0;129090;64591;0;38.9;19.4;0.0
89;2021-06-01;1697;982;0;130787;65573;0;39.4;19.7;0.0
89;2021-06-02;2065;1231;0;132852;66804;0;40.0;20.1;0.0
89;2021-06-03;2448;1467;0;135300;68271;0;40.7;20.6;0.0
89;2021-06-04;2273;1834;0;137573;70105;0;41.4;21.1;0.0
89;2021-06-05;1258;1196;0;138831;71301;0;41.8;21.5;0.0
89;2021-06-06;98;69;0;138929;71370;0;41.8;21.5;0.0
89;2021-06-07;2143;1440;0;141072;72810;0;42.5;21.9;0.0
89;2021-06-08;2236;1484;0;143308;74294;0;43.2;22.4;0.0
89;2021-06-09;2295;1475;0;145603;75769;0;43.8;22.8;0.0
89;2021-06-10;2803;1637;0;148406;77406;0;44.7;23.3;0.0
89;2021-06-11;2002;1727;0;150408;79133;0;45.3;23.8;0.0
89;2021-06-12;1040;797;0;151448;79930;0;45.6;24.1;0.0
89;2021-06-13;198;432;0;151646;80362;0;45.7;24.2;0.0
89;2021-06-14;1364;1763;0;153010;82125;0;46.1;24.7;0.0
89;2021-06-15;1458;1969;0;154468;84094;0;46.5;25.3;0.0
89;2021-06-16;1159;2547;0;155627;86641;0;46.9;26.1;0.0
89;2021-06-17;1472;2366;0;157099;89007;0;47.3;26.8;0.0
89;2021-06-18;1625;2811;0;158724;91818;0;47.8;27.6;0.0
89;2021-06-19;722;1633;0;159446;93451;0;48.0;28.1;0.0
89;2021-06-20;71;161;0;159517;93612;0;48.0;28.2;0.0
89;2021-06-21;775;1563;0;160292;95175;0;48.3;28.7;0.0
89;2021-06-22;1080;2724;0;161372;97899;0;48.6;29.5;0.0
89;2021-06-23;1176;1891;0;162548;99790;0;48.9;30.0;0.0
89;2021-06-24;1116;1623;0;163664;101413;0;49.3;30.5;0.0
89;2021-06-25;982;2508;0;164646;103921;0;49.6;31.3;0.0
89;2021-06-26;605;2279;0;165251;106200;0;49.8;32.0;0.0
89;2021-06-27;42;90;0;165293;106290;0;49.8;32.0;0.0
89;2021-06-28;975;2545;0;166268;108835;0;50.1;32.8;0.0
89;2021-06-29;705;2547;0;166973;111382;0;50.3;33.5;0.0
89;2021-06-30;1057;3193;0;168030;114575;0;50.6;34.5;0.0
89;2021-07-01;979;2981;0;169009;117556;0;50.9;35.4;0.0
89;2021-07-02;1198;2757;0;170207;120313;0;51.3;36.2;0.0
89;2021-07-03;585;1585;0;170792;121898;0;51.4;36.7;0.0
89;2021-07-04;35;143;0;170827;122041;0;51.4;36.7;0.0
89;2021-07-05;1280;1877;0;172107;123918;0;51.8;37.3;0.0
89;2021-07-06;1059;2337;0;173166;126255;0;52.1;38.0;0.0
89;2021-07-07;710;1868;0;173876;128123;0;52.4;38.6;0.0
89;2021-07-08;849;1997;0;174725;130120;0;52.6;39.2;0.0
89;2021-07-09;1173;2576;0;175898;132696;0;53.0;40.0;0.0
89;2021-07-10;739;1025;0;176637;133721;0;53.2;40.3;0.0
89;2021-07-11;68;116;0;176705;133837;0;53.2;40.3;0.0
89;2021-07-12;1334;2000;0;178039;135837;0;53.6;40.9;0.0
89;2021-07-13;2095;2804;0;180134;138641;0;54.2;41.7;0.0
89;2021-07-14;433;450;0;180567;139091;0;54.4;41.9;0.0
89;2021-07-15;2214;3248;0;182781;142339;0;55.0;42.9;0.0
89;2021-07-16;2364;2940;0;185145;145279;0;55.8;43.7;0.0
89;2021-07-17;1281;1362;0;186426;146641;0;56.1;44.2;0.0
89;2021-07-18;336;171;0;186762;146812;0;56.2;44.2;0.0
89;2021-07-19;1636;2838;0;188398;149650;0;56.7;45.1;0.0
89;2021-07-20;2076;3334;0;190474;152984;0;57.4;46.1;0.0
89;2021-07-21;2088;2687;0;192562;155671;0;58.0;46.9;0.0
89;2021-07-22;2598;2970;0;195160;158641;0;58.8;47.8;0.0
89;2021-07-23;2543;3094;0;197703;161735;0;59.5;48.7;0.0
89;2021-07-24;1270;1237;0;198973;162972;0;59.9;49.1;0.0
89;2021-07-25;219;231;0;199192;163203;0;60.0;49.1;0.0
89;2021-07-26;1783;2313;0;200975;165516;0;60.5;49.8;0.0
89;2021-07-27;2494;1954;0;203469;167470;0;61.3;50.4;0.0
89;2021-07-28;2573;1423;0;206042;168893;0;62.0;50.9;0.0
89;2021-07-29;2604;1627;0;208646;170520;0;62.8;51.3;0.0
89;2021-07-30;2617;1657;0;211263;172177;0;63.6;51.8;0.0
89;2021-07-31;1173;1099;0;212436;173276;0;64.0;52.2;0.0
89;2021-08-01;175;68;0;212611;173344;0;64.0;52.2;0.0
89;2021-08-02;1850;1346;0;214461;174690;0;64.6;52.6;0.0
89;2021-08-03;2404;1298;0;216865;175988;0;65.3;53.0;0.0
89;2021-08-04;1509;1610;0;218374;177598;0;65.8;53.5;0.0
89;2021-08-05;1508;1665;0;219882;179263;0;66.2;54.0;0.0
89;2021-08-06;2094;1671;0;221976;180934;0;66.8;54.5;0.0
89;2021-08-07;929;1195;0;222905;182129;0;67.1;54.8;0.0
89;2021-08-08;94;103;0;222999;182232;0;67.1;54.9;0.0
89;2021-08-09;1094;1342;0;224093;183574;0;67.5;55.3;0.0
89;2021-08-10;1692;1848;0;225785;185422;0;68.0;55.8;0.0
89;2021-08-11;1470;1613;0;227255;187035;0;68.4;56.3;0.0
89;2021-08-12;1340;1451;0;228595;188486;0;68.8;56.8;0.0
89;2021-08-13;1233;1975;0;229828;190461;0;69.2;57.4;0.0
89;2021-08-14;521;1116;0;230349;191577;0;69.4;57.7;0.0
89;2021-08-15;38;109;0;230387;191686;0;69.4;57.7;0.0
89;2021-08-16;1017;2047;0;231404;193733;0;69.7;58.3;0.0
89;2021-08-17;801;1700;0;232205;195433;0;69.9;58.8;0.0
89;2021-08-18;615;1942;0;232820;197375;0;70.1;59.4;0.0
89;2021-08-19;698;1449;0;233518;198824;0;70.3;59.9;0.0
89;2021-08-20;1009;2208;0;234527;201032;0;70.6;60.5;0.0
89;2021-08-21;311;1159;0;234838;202191;0;70.7;60.9;0.0
89;2021-08-22;42;139;0;234880;202330;0;70.7;60.9;0.0
89;2021-08-23;742;2256;0;235622;204586;0;70.9;61.6;0.0
89;2021-08-24;842;2440;0;236464;207026;0;71.2;62.3;0.0
89;2021-08-25;576;1544;0;237040;208570;0;71.4;62.8;0.0
89;2021-08-26;588;2022;0;237628;210592;0;71.6;63.4;0.0
89;2021-08-27;784;2233;0;238412;212825;0;71.8;64.1;0.0
89;2021-08-28;381;1373;0;238793;214198;0;71.9;64.5;0.0
89;2021-08-29;21;148;0;238814;214346;0;71.9;64.5;0.0
89;2021-08-30;587;2192;25;239401;216538;25;72.1;65.2;0.0
89;2021-08-31;578;1591;39;239979;218129;64;72.3;65.7;0.0
89;2021-09-01;550;1362;82;240529;219491;146;72.4;66.1;0.0
89;2021-09-02;469;1386;151;240998;220877;297;72.6;66.5;0.1
89;2021-09-03;594;1884;181;241592;222761;478;72.7;67.1;0.1
89;2021-09-04;463;955;56;242055;223716;534;72.9;67.4;0.2
89;2021-09-05;27;35;7;242082;223751;541;72.9;67.4;0.2
89;2021-09-06;394;1484;295;242476;225235;836;73.0;67.8;0.3
89;2021-09-07;356;944;236;242832;226179;1072;73.1;68.1;0.3
89;2021-09-08;346;904;173;243178;227083;1245;73.2;68.4;0.4
89;2021-09-09;278;832;132;243456;227915;1377;73.3;68.6;0.4
89;2021-09-10;461;1340;174;243917;229255;1551;73.4;69.0;0.5
89;2021-09-11;295;792;61;244212;230047;1612;73.5;69.3;0.5
89;2021-09-12;14;56;10;244226;230103;1622;73.5;69.3;0.5
89;2021-09-13;380;1027;231;244606;231130;1853;73.7;69.6;0.6
89;2021-09-14;380;664;218;244986;231794;2071;73.8;69.8;0.6
89;2021-09-15;253;728;164;245239;232522;2235;73.8;70.0;0.7
89;2021-09-16;253;544;414;245492;233066;2649;73.9;70.2;0.8
89;2021-09-17;477;1039;344;245969;234105;2993;74.1;70.5;0.9
89;2021-09-18;183;749;92;246152;234854;3085;74.1;70.7;0.9
89;2021-09-19;9;23;12;246161;234877;3097;74.1;70.7;0.9
89;2021-09-20;254;670;381;246415;235547;3478;74.2;70.9;1.0
89;2021-09-21;301;455;466;246716;236002;3944;74.3;71.1;1.2
89;2021-09-22;205;602;261;246921;236604;4205;74.4;71.2;1.3
89;2021-09-23;220;421;274;247141;237025;4479;74.4;71.4;1.3
89;2021-09-24;301;822;322;247442;237847;4801;74.5;71.6;1.4
89;2021-09-25;112;486;75;247554;238333;4876;74.5;71.8;1.5
89;2021-09-26;8;29;5;247562;238362;4881;74.5;71.8;1.5
89;2021-09-27;181;439;378;247743;238801;5259;74.6;71.9;1.6
89;2021-09-28;238;367;309;247981;239168;5568;74.7;72.0;1.7
89;2021-09-29;200;375;312;248181;239543;5880;74.7;72.1;1.8
89;2021-09-30;151;406;327;248332;239949;6207;74.8;72.3;1.9
89;2021-10-01;297;495;380;248629;240444;6587;74.9;72.4;2.0
89;2021-10-02;141;358;84;248770;240802;6671;74.9;72.5;2.0
89;2021-10-03;7;21;5;248777;240823;6676;74.9;72.5;2.0
89;2021-10-04;127;392;329;248904;241215;7005;74.9;72.6;2.1
89;2021-10-05;149;430;328;249053;241645;7333;75.0;72.8;2.2
89;2021-10-06;231;423;434;249284;242068;7767;75.1;72.9;2.3
89;2021-10-07;83;322;385;249367;242390;8152;75.1;73.0;2.5
89;2021-10-08;226;526;494;249593;242916;8646;75.2;73.1;2.6
89;2021-10-09;126;252;173;249719;243168;8819;75.2;73.2;2.7
89;2021-10-10;1;9;7;249720;243177;8826;75.2;73.2;2.7
89;2021-10-11;137;296;276;249857;243473;9102;75.2;73.3;2.7
89;2021-10-12;116;228;432;249973;243701;9534;75.3;73.4;2.9
89;2021-10-13;162;257;397;250135;243958;9931;75.3;73.5;3.0
89;2021-10-14;120;243;397;250255;244201;10328;75.4;73.5;3.1
89;2021-10-15;209;420;518;250464;244621;10846;75.4;73.7;3.3
89;2021-10-16;119;137;153;250583;244758;10999;75.5;73.7;3.3
89;2021-10-17;5;12;31;250588;244770;11030;75.5;73.7;3.3
89;2021-10-18;120;246;399;250708;245016;11429;75.5;73.8;3.4
89;2021-10-19;141;240;546;250849;245256;11975;75.5;73.9;3.6
89;2021-10-20;104;267;640;250953;245523;12615;75.6;73.9;3.8
89;2021-10-21;106;157;548;251059;245680;13163;75.6;74.0;4.0
89;2021-10-22;227;325;586;251286;246005;13749;75.7;74.1;4.1
89;2021-10-23;105;149;304;251391;246154;14053;75.7;74.1;4.2
89;2021-10-24;1;9;3;251392;246163;14056;75.7;74.1;4.2
89;2021-10-25;101;143;569;251493;246306;14625;75.7;74.2;4.4
89;2021-10-26;97;134;621;251590;246440;15246;75.8;74.2;4.6
89;2021-10-27;138;215;784;251728;246655;16030;75.8;74.3;4.8
89;2021-10-28;75;119;735;251803;246774;16765;75.8;74.3;5.0
89;2021-10-29;134;220;707;251937;246994;17472;75.9;74.4;5.3
89;2021-10-30;73;115;345;252010;247109;17817;75.9;74.4;5.4
89;2021-10-31;5;12;18;252015;247121;17835;75.9;74.4;5.4
89;2021-11-01;9;8;12;252024;247129;17847;75.9;74.4;5.4
89;2021-11-02;105;156;609;252129;247285;18456;75.9;74.5;5.6
89;2021-11-03;129;222;947;252258;247507;19403;76.0;74.5;5.8
89;2021-11-04;85;109;588;252343;247616;19991;76.0;74.6;6.0
89;2021-11-05;164;229;951;252507;247845;20942;76.0;74.6;6.3
89;2021-11-06;61;146;409;252568;247991;21351;76.1;74.7;6.4
89;2021-11-07;1;9;18;252569;248000;21369;76.1;74.7;6.4
89;2021-11-08;120;99;868;252689;248099;22237;76.1;74.7;6.7
89;2021-11-09;99;126;933;252788;248225;23170;76.1;74.7;7.0
89;2021-11-10;143;164;1199;252931;248389;24369;76.2;74.8;7.3
89;2021-11-11;6;11;43;252937;248400;24412;76.2;74.8;7.4
89;2021-11-12;115;189;1038;253052;248589;25450;76.2;74.9;7.7
89;2021-11-13;59;138;651;253111;248727;26101;76.2;74.9;7.9
89;2021-11-14;4;13;30;253115;248740;26131;76.2;74.9;7.9
89;2021-11-15;101;125;1119;253216;248865;27250;76.2;74.9;8.2
89;2021-11-16;103;125;1233;253319;248990;28483;76.3;75.0;8.6
89;2021-11-17;143;169;1158;253462;249159;29641;76.3;75.0;8.9
89;2021-11-18;62;86;768;253524;249245;30409;76.3;75.1;9.2
89;2021-11-19;144;206;1344;253668;249451;31753;76.4;75.1;9.6
89;2021-11-20;101;130;746;253769;249581;32499;76.4;75.2;9.8
89;2021-11-21;10;15;40;253779;249596;32539;76.4;75.2;9.8
89;2021-11-22;115;92;1326;253894;249688;33865;76.5;75.2;10.2
89;2021-11-23;98;104;1302;253992;249792;35167;76.5;75.2;10.6
89;2021-11-24;150;121;1262;254142;249913;36429;76.5;75.3;11.0
89;2021-11-25;100;125;1424;254242;250038;37853;76.6;75.3;11.4
89;2021-11-26;125;159;1925;254367;250197;39778;76.6;75.3;12.0
89;2021-11-27;105;117;1081;254472;250314;40859;76.6;75.4;12.3
89;2021-11-28;2;18;79;254474;250332;40938;76.6;75.4;12.3
89;2021-11-29;103;133;1859;254577;250465;42797;76.7;75.4;12.9
89;2021-11-30;105;127;2338;254682;250592;45135;76.7;75.5;13.6
89;2021-12-01;113;131;2486;254795;250723;47621;76.7;75.5;14.3
89;2021-12-02;80;61;2325;254875;250784;49946;76.7;75.5;15.0
89;2021-12-03;106;125;2900;254981;250909;52846;76.8;75.6;15.9
89;2021-12-04;42;92;1825;255023;251001;54671;76.8;75.6;16.5
89;2021-12-05;5;8;108;255028;251009;54779;76.8;75.6;16.5
89;2021-12-06;79;99;3375;255107;251108;58154;76.8;75.6;17.5
89;2021-12-07;111;113;3569;255218;251221;61723;76.9;75.6;18.6
89;2021-12-08;108;107;3162;255326;251328;64885;76.9;75.7;19.5
89;2021-12-09;116;85;3398;255442;251413;68283;76.9;75.7;20.6
89;2021-12-10;118;157;4014;255560;251570;72297;77.0;75.8;21.8
89;2021-12-11;62;121;2713;255622;251691;75010;77.0;75.8;22.6
89;2021-12-12;10;12;238;255632;251703;75248;77.0;75.8;22.7
89;2021-12-13;107;143;3815;255739;251846;79063;77.0;75.8;23.8
89;2021-12-14;110;127;5081;255849;251973;84144;77.0;75.9;25.3
89;2021-12-15;105;159;3672;255954;252132;87816;77.1;75.9;26.4
89;2021-12-16;109;127;4123;256063;252259;91939;77.1;76.0;27.7
89;2021-12-17;116;139;3743;256179;252398;95682;77.1;76.0;28.8
89;2021-12-18;94;141;2765;256273;252539;98447;77.2;76.0;29.6
89;2021-12-19;35;17;1157;256308;252556;99604;77.2;76.0;30.0
89;2021-12-20;184;127;3517;256492;252683;103121;77.2;76.1;31.1
89;2021-12-21;183;162;3985;256675;252845;107106;77.3;76.1;32.3
89;2021-12-22;138;111;3323;256813;252956;110429;77.3;76.2;33.3
90;2020-12-27;0;0;0;0;0;0;0.0;0.0;0.0
90;2020-12-28;0;0;0;0;0;0;0.0;0.0;0.0
90;2020-12-29;0;0;0;0;0;0;0.0;0.0;0.0
90;2020-12-30;1;0;0;1;0;0;0.0;0.0;0.0
90;2020-12-31;0;0;0;1;0;0;0.0;0.0;0.0
90;2021-01-01;0;0;0;1;0;0;0.0;0.0;0.0
90;2021-01-02;1;0;0;2;0;0;0.0;0.0;0.0
90;2021-01-03;0;0;0;2;0;0;0.0;0.0;0.0
90;2021-01-04;4;0;0;6;0;0;0.0;0.0;0.0
90;2021-01-05;0;0;0;6;0;0;0.0;0.0;0.0
90;2021-01-06;6;0;0;12;0;0;0.0;0.0;0.0
90;2021-01-07;10;0;0;22;0;0;0.0;0.0;0.0
90;2021-01-08;93;0;0;115;0;0;0.1;0.0;0.0
90;2021-01-09;35;0;0;150;0;0;0.1;0.0;0.0
90;2021-01-10;0;0;0;150;0;0;0.1;0.0;0.0
90;2021-01-11;136;0;0;286;0;0;0.2;0.0;0.0
90;2021-01-12;335;0;0;621;0;0;0.4;0.0;0.0
90;2021-01-13;358;2;0;979;2;0;0.7;0.0;0.0
90;2021-01-14;310;2;0;1289;4;0;0.9;0.0;0.0
90;2021-01-15;299;7;0;1588;11;0;1.1;0.0;0.0
90;2021-01-16;77;2;0;1665;13;0;1.2;0.0;0.0
90;2021-01-17;1;0;0;1666;13;0;1.2;0.0;0.0
90;2021-01-18;278;1;0;1944;14;0;1.4;0.0;0.0
90;2021-01-19;358;5;0;2302;19;0;1.6;0.0;0.0
90;2021-01-20;318;2;0;2620;21;0;1.9;0.0;0.0
90;2021-01-21;301;1;0;2921;22;0;2.1;0.0;0.0
90;2021-01-22;335;1;0;3256;23;0;2.3;0.0;0.0
90;2021-01-23;118;0;0;3374;23;0;2.4;0.0;0.0
90;2021-01-24;2;0;0;3376;23;0;2.4;0.0;0.0
90;2021-01-25;287;3;0;3663;26;0;2.6;0.0;0.0
90;2021-01-26;259;2;0;3922;28;0;2.8;0.0;0.0
90;2021-01-27;267;4;0;4189;32;0;3.0;0.0;0.0
90;2021-01-28;301;24;0;4490;56;0;3.2;0.0;0.0
90;2021-01-29;245;89;0;4735;145;0;3.4;0.1;0.0
90;2021-01-30;134;23;0;4869;168;0;3.5;0.1;0.0
90;2021-01-31;111;0;0;4980;168;0;3.6;0.1;0.0
90;2021-02-01;254;62;0;5234;230;0;3.7;0.2;0.0
90;2021-02-02;271;99;0;5505;329;0;3.9;0.2;0.0
90;2021-02-03;233;271;0;5738;600;0;4.1;0.4;0.0
90;2021-02-04;235;218;0;5973;818;0;4.3;0.6;0.0
90;2021-02-05;225;224;0;6198;1042;0;4.4;0.7;0.0
90;2021-02-06;83;49;0;6281;1091;0;4.5;0.8;0.0
90;2021-02-07;2;0;0;6283;1091;0;4.5;0.8;0.0
90;2021-02-08;161;155;0;6444;1246;0;4.6;0.9;0.0
90;2021-02-09;117;112;0;6561;1358;0;4.7;1.0;0.0
90;2021-02-10;177;36;0;6738;1394;0;4.8;1.0;0.0
90;2021-02-11;164;93;0;6902;1487;0;4.9;1.1;0.0
90;2021-02-12;129;214;0;7031;1701;0;5.0;1.2;0.0
90;2021-02-13;83;42;0;7114;1743;0;5.1;1.2;0.0
90;2021-02-14;0;1;0;7114;1744;0;5.1;1.2;0.0
90;2021-02-15;118;210;0;7232;1954;0;5.2;1.4;0.0
90;2021-02-16;100;200;0;7332;2154;0;5.2;1.5;0.0
90;2021-02-17;145;181;0;7477;2335;0;5.3;1.7;0.0
90;2021-02-18;128;256;0;7605;2591;0;5.4;1.8;0.0
90;2021-02-19;81;257;0;7686;2848;0;5.5;2.0;0.0
90;2021-02-20;44;92;0;7730;2940;0;5.5;2.1;0.0
90;2021-02-21;0;1;0;7730;2941;0;5.5;2.1;0.0
90;2021-02-22;46;295;0;7776;3236;0;5.5;2.3;0.0
90;2021-02-23;49;247;0;7825;3483;0;5.6;2.5;0.0
90;2021-02-24;79;268;0;7904;3751;0;5.6;2.7;0.0
90;2021-02-25;89;304;0;7993;4055;0;5.7;2.9;0.0
90;2021-02-26;95;318;0;8088;4373;0;5.8;3.1;0.0
90;2021-02-27;140;155;0;8228;4528;0;5.9;3.2;0.0
90;2021-02-28;7;106;0;8235;4634;0;5.9;3.3;0.0
90;2021-03-01;150;206;0;8385;4840;0;6.0;3.5;0.0
90;2021-03-02;182;263;0;8567;5103;0;6.1;3.6;0.0
90;2021-03-03;227;299;0;8794;5402;0;6.3;3.9;0.0
90;2021-03-04;225;244;0;9019;5646;0;6.4;4.0;0.0
90;2021-03-05;339;248;0;9358;5894;0;6.7;4.2;0.0
90;2021-03-06;261;98;0;9619;5992;0;6.9;4.3;0.0
90;2021-03-07;27;2;0;9646;5994;0;6.9;4.3;0.0
90;2021-03-08;186;228;0;9832;6222;0;7.0;4.4;0.0
90;2021-03-09;360;146;0;10192;6368;0;7.3;4.5;0.0
90;2021-03-10;323;182;0;10515;6550;0;7.5;4.7;0.0
90;2021-03-11;314;133;0;10829;6683;0;7.7;4.8;0.0
90;2021-03-12;486;130;0;11315;6813;0;8.1;4.9;0.0
90;2021-03-13;491;51;0;11806;6864;0;8.4;4.9;0.0
90;2021-03-14;53;0;0;11859;6864;0;8.5;4.9;0.0
90;2021-03-15;390;121;0;12249;6985;0;8.7;5.0;0.0
90;2021-03-16;421;103;0;12670;7088;0;9.0;5.1;0.0
90;2021-03-17;306;73;0;12976;7161;0;9.3;5.1;0.0
90;2021-03-18;321;80;0;13297;7241;0;9.5;5.2;0.0
90;2021-03-19;432;80;0;13729;7321;0;9.8;5.2;0.0
90;2021-03-20;404;49;0;14133;7370;0;10.1;5.3;0.0
90;2021-03-21;3;0;0;14136;7370;0;10.1;5.3;0.0
90;2021-03-22;334;34;0;14470;7404;0;10.3;5.3;0.0
90;2021-03-23;660;73;0;15130;7477;0;10.8;5.3;0.0
90;2021-03-24;737;50;0;15867;7527;0;11.3;5.4;0.0
90;2021-03-25;815;69;0;16682;7596;0;11.9;5.4;0.0
90;2021-03-26;1056;46;0;17738;7642;0;12.7;5.5;0.0
90;2021-03-27;337;24;0;18075;7666;0;12.9;5.5;0.0
90;2021-03-28;35;0;0;18110;7666;0;12.9;5.5;0.0
90;2021-03-29;604;146;0;18714;7812;0;13.4;5.6;0.0
90;2021-03-30;584;143;0;19298;7955;0;13.8;5.7;0.0
90;2021-03-31;631;90;0;19929;8045;0;14.2;5.7;0.0
90;2021-04-01;490;120;0;20419;8165;0;14.6;5.8;0.0
90;2021-04-02;543;103;0;20962;8268;0;15.0;5.9;0.0
90;2021-04-03;299;34;0;21261;8302;0;15.2;5.9;0.0
90;2021-04-04;3;2;0;21264;8304;0;15.2;5.9;0.0
90;2021-04-05;3;0;0;21267;8304;0;15.2;5.9;0.0
90;2021-04-06;520;234;0;21787;8538;0;15.5;6.1;0.0
90;2021-04-07;402;228;0;22189;8766;0;15.8;6.3;0.0
90;2021-04-08;469;206;0;22658;8972;0;16.2;6.4;0.0
90;2021-04-09;658;207;0;23316;9179;0;16.6;6.5;0.0
90;2021-04-10;240;39;0;23556;9218;0;16.8;6.6;0.0
90;2021-04-11;9;38;0;23565;9256;0;16.8;6.6;0.0
90;2021-04-12;423;421;0;23988;9677;0;17.1;6.9;0.0
90;2021-04-13;470;463;0;24458;10140;0;17.5;7.2;0.0
90;2021-04-14;419;329;0;24877;10469;0;17.8;7.5;0.0
90;2021-04-15;737;267;0;25614;10736;0;18.3;7.7;0.0
90;2021-04-16;332;349;0;25946;11085;0;18.5;7.9;0.0
90;2021-04-17;147;84;0;26093;11169;0;18.6;8.0;0.0
90;2021-04-18;18;4;0;26111;11173;0;18.6;8.0;0.0
90;2021-04-19;372;485;0;26483;11658;0;18.9;8.3;0.0
90;2021-04-20;435;550;0;26918;12208;0;19.2;8.7;0.0
90;2021-04-21;327;478;0;27245;12686;0;19.4;9.1;0.0
90;2021-04-22;471;489;0;27716;13175;0;19.8;9.4;0.0
90;2021-04-23;437;598;0;28153;13773;0;20.1;9.8;0.0
90;2021-04-24;231;119;0;28384;13892;0;20.3;9.9;0.0
90;2021-04-25;11;1;0;28395;13893;0;20.3;9.9;0.0
90;2021-04-26;398;595;0;28793;14488;0;20.5;10.3;0.0
90;2021-04-27;563;524;0;29356;15012;0;20.9;10.7;0.0
90;2021-04-28;645;420;0;30001;15432;0;21.4;11.0;0.0
90;2021-04-29;883;355;0;30884;15787;0;22.0;11.3;0.0
90;2021-04-30;940;367;0;31824;16154;0;22.7;11.5;0.0
90;2021-05-01;131;45;0;31955;16199;0;22.8;11.6;0.0
90;2021-05-02;28;1;0;31983;16200;0;22.8;11.6;0.0
90;2021-05-03;837;278;0;32820;16478;0;23.4;11.8;0.0
90;2021-05-04;738;562;0;33558;17040;0;23.9;12.2;0.0
90;2021-05-05;837;472;0;34395;17512;0;24.5;12.5;0.0
90;2021-05-06;789;489;0;35184;18001;0;25.1;12.8;0.0
90;2021-05-07;487;428;0;35671;18429;0;25.5;13.1;0.0
90;2021-05-08;55;31;0;35726;18460;0;25.5;13.2;0.0
90;2021-05-09;23;30;0;35749;18490;0;25.5;13.2;0.0
90;2021-05-10;593;440;0;36342;18930;0;25.9;13.5;0.0
90;2021-05-11;851;521;0;37193;19451;0;26.5;13.9;0.0
90;2021-05-12;711;551;0;37904;20002;0;27.0;14.3;0.0
90;2021-05-13;1255;234;0;39159;20236;0;27.9;14.4;0.0
90;2021-05-14;1037;369;0;40196;20605;0;28.7;14.7;0.0
90;2021-05-15;280;125;0;40476;20730;0;28.9;14.8;0.0
90;2021-05-16;41;10;0;40517;20740;0;28.9;14.8;0.0
90;2021-05-17;958;286;0;41475;21026;0;29.6;15.0;0.0
90;2021-05-18;1271;398;0;42746;21424;0;30.5;15.3;0.0
90;2021-05-19;1483;347;0;44229;21771;0;31.6;15.5;0.0
90;2021-05-20;1427;267;0;45656;22038;0;32.6;15.7;0.0
90;2021-05-21;1430;428;0;47086;22466;0;33.6;16.0;0.0
90;2021-05-22;322;145;0;47408;22611;0;33.8;16.1;0.0
90;2021-05-23;12;1;0;47420;22612;0;33.8;16.1;0.0
90;2021-05-24;340;224;0;47760;22836;0;34.1;16.3;0.0
90;2021-05-25;739;676;0;48499;23512;0;34.6;16.8;0.0
90;2021-05-26;886;501;0;49385;24013;0;35.2;17.1;0.0
90;2021-05-27;1177;368;0;50562;24381;0;36.1;17.4;0.0
90;2021-05-28;827;695;0;51389;25076;0;36.7;17.9;0.0
90;2021-05-29;183;291;0;51572;25367;0;36.8;18.1;0.0
90;2021-05-30;7;1;0;51579;25368;0;36.8;18.1;0.0
90;2021-05-31;907;538;0;52486;25906;0;37.5;18.5;0.0
90;2021-06-01;946;575;0;53432;26481;0;38.1;18.9;0.0
90;2021-06-02;774;544;0;54206;27025;0;38.7;19.3;0.0
90;2021-06-03;794;576;0;55000;27601;0;39.2;19.7;0.0
90;2021-06-04;865;823;0;55865;28424;0;39.9;20.3;0.0
90;2021-06-05;120;405;0;55985;28829;0;39.9;20.6;0.0
90;2021-06-06;33;19;0;56018;28848;0;40.0;20.6;0.0
90;2021-06-07;1095;934;0;57113;29782;0;40.8;21.3;0.0
90;2021-06-08;1319;821;0;58432;30603;0;41.7;21.8;0.0
90;2021-06-09;881;599;0;59313;31202;0;42.3;22.3;0.0
90;2021-06-10;647;472;0;59960;31674;0;42.8;22.6;0.0
90;2021-06-11;753;989;0;60713;32663;0;43.3;23.3;0.0
90;2021-06-12;688;350;0;61401;33013;0;43.8;23.6;0.0
90;2021-06-13;22;20;0;61423;33033;0;43.8;23.6;0.0
90;2021-06-14;280;918;0;61703;33951;0;44.0;24.2;0.0
90;2021-06-15;536;899;0;62239;34850;0;44.4;24.9;0.0
90;2021-06-16;518;606;0;62757;35456;0;44.8;25.3;0.0
90;2021-06-17;408;571;0;63165;36027;0;45.1;25.7;0.0
90;2021-06-18;577;984;0;63742;37011;0;45.5;26.4;0.0
90;2021-06-19;416;233;0;64158;37244;0;45.8;26.6;0.0
90;2021-06-20;9;47;0;64167;37291;0;45.8;26.6;0.0
90;2021-06-21;288;1239;0;64455;38530;0;46.0;27.5;0.0
90;2021-06-22;348;1072;0;64803;39602;0;46.2;28.3;0.0
90;2021-06-23;377;783;0;65180;40385;0;46.5;28.8;0.0
90;2021-06-24;324;756;0;65504;41141;0;46.7;29.4;0.0
90;2021-06-25;402;1344;0;65906;42485;0;47.0;30.3;0.0
90;2021-06-26;388;762;0;66294;43247;0;47.3;30.9;0.0
90;2021-06-27;13;42;0;66307;43289;0;47.3;30.9;0.0
90;2021-06-28;363;1419;0;66670;44708;0;47.6;31.9;0.0
90;2021-06-29;292;1497;0;66962;46205;0;47.8;33.0;0.0
90;2021-06-30;454;1346;0;67416;47551;0;48.1;33.9;0.0
90;2021-07-01;348;1028;0;67764;48579;0;48.4;34.7;0.0
90;2021-07-02;542;1301;0;68306;49880;0;48.7;35.6;0.0
90;2021-07-03;87;295;0;68393;50175;0;48.8;35.8;0.0
90;2021-07-04;13;46;0;68406;50221;0;48.8;35.8;0.0
90;2021-07-05;400;948;0;68806;51169;0;49.1;36.5;0.0
90;2021-07-06;482;1120;0;69288;52289;0;49.4;37.3;0.0
90;2021-07-07;372;1176;0;69660;53465;0;49.7;38.1;0.0
90;2021-07-08;309;714;0;69969;54179;0;49.9;38.7;0.0
90;2021-07-09;441;1050;0;70410;55229;0;50.2;39.4;0.0
90;2021-07-10;82;229;0;70492;55458;0;50.3;39.6;0.0
90;2021-07-11;18;22;0;70510;55480;0;50.3;39.6;0.0
90;2021-07-12;262;1160;0;70772;56640;0;50.5;40.4;0.0
90;2021-07-13;512;1211;0;71284;57851;0;50.9;41.3;0.0
90;2021-07-14;106;60;0;71390;57911;0;50.9;41.3;0.0
90;2021-07-15;725;1332;0;72115;59243;0;51.5;42.3;0.0
90;2021-07-16;755;1493;0;72870;60736;0;52.0;43.3;0.0
90;2021-07-17;389;825;0;73259;61561;0;52.3;43.9;0.0
90;2021-07-18;78;42;0;73337;61603;0;52.3;44.0;0.0
90;2021-07-19;946;1263;0;74283;62866;0;53.0;44.9;0.0
90;2021-07-20;1083;1052;0;75366;63918;0;53.8;45.6;0.0
90;2021-07-21;1149;868;0;76515;64786;0;54.6;46.2;0.0
90;2021-07-22;1016;672;0;77531;65458;0;55.3;46.7;0.0
90;2021-07-23;928;1008;0;78459;66466;0;56.0;47.4;0.0
90;2021-07-24;196;133;0;78655;66599;0;56.1;47.5;0.0
90;2021-07-25;47;31;0;78702;66630;0;56.2;47.5;0.0
90;2021-07-26;955;751;0;79657;67381;0;56.8;48.1;0.0
90;2021-07-27;959;702;0;80616;68083;0;57.5;48.6;0.0
90;2021-07-28;839;597;0;81455;68680;0;58.1;49.0;0.0
90;2021-07-29;895;473;0;82350;69153;0;58.8;49.3;0.0
90;2021-07-30;863;571;0;83213;69724;0;59.4;49.8;0.0
90;2021-07-31;493;302;0;83706;70026;0;59.7;50.0;0.0
90;2021-08-01;38;27;0;83744;70053;0;59.8;50.0;0.0
90;2021-08-02;853;511;0;84597;70564;0;60.4;50.4;0.0
90;2021-08-03;863;509;0;85460;71073;0;61.0;50.7;0.0
90;2021-08-04;1042;436;0;86502;71509;0;61.7;51.0;0.0
90;2021-08-05;542;276;0;87044;71785;0;62.1;51.2;0.0
90;2021-08-06;599;433;0;87643;72218;0;62.5;51.5;0.0
90;2021-08-07;100;135;0;87743;72353;0;62.6;51.6;0.0
90;2021-08-08;36;44;0;87779;72397;0;62.6;51.7;0.0
90;2021-08-09;653;766;0;88432;73163;0;63.1;52.2;0.0
90;2021-08-10;499;992;0;88931;74155;0;63.5;52.9;0.0
90;2021-08-11;532;814;0;89463;74969;0;63.8;53.5;0.0
90;2021-08-12;397;717;0;89860;75686;0;64.1;54.0;0.0
90;2021-08-13;472;787;0;90332;76473;0;64.5;54.6;0.0
90;2021-08-14;81;170;0;90413;76643;0;64.5;54.7;0.0
90;2021-08-15;6;37;0;90419;76680;0;64.5;54.7;0.0
90;2021-08-16;411;627;0;90830;77307;0;64.8;55.2;0.0
90;2021-08-17;327;988;0;91157;78295;0;65.0;55.9;0.0
90;2021-08-18;275;849;0;91432;79144;0;65.2;56.5;0.0
90;2021-08-19;252;672;0;91684;79816;0;65.4;57.0;0.0
90;2021-08-20;341;777;0;92025;80593;0;65.7;57.5;0.0
90;2021-08-21;50;168;0;92075;80761;0;65.7;57.6;0.0
90;2021-08-22;3;36;0;92078;80797;0;65.7;57.7;0.0
90;2021-08-23;285;552;0;92363;81349;0;65.9;58.0;0.0
90;2021-08-24;295;937;0;92658;82286;0;66.1;58.7;0.0
90;2021-08-25;239;933;0;92897;83219;0;66.3;59.4;0.0
90;2021-08-26;223;678;0;93120;83897;0;66.4;59.9;0.0
90;2021-08-27;268;786;0;93388;84683;0;66.6;60.4;0.0
90;2021-08-28;41;160;0;93429;84843;0;66.7;60.5;0.0
90;2021-08-29;6;12;0;93435;84855;0;66.7;60.5;0.0
90;2021-08-30;312;655;11;93747;85510;11;66.9;61.0;0.0
90;2021-08-31;251;917;19;93998;86427;30;67.1;61.7;0.0
90;2021-09-01;288;671;141;94286;87098;171;67.3;62.1;0.1
90;2021-09-02;175;376;67;94461;87474;238;67.4;62.4;0.2
90;2021-09-03;249;535;33;94710;88009;271;67.6;62.8;0.2
90;2021-09-04;76;182;35;94786;88191;306;67.6;62.9;0.2
90;2021-09-05;10;31;2;94796;88222;308;67.6;63.0;0.2
90;2021-09-06;149;674;48;94945;88896;356;67.7;63.4;0.3
90;2021-09-07;199;513;111;95144;89409;467;67.9;63.8;0.3
90;2021-09-08;211;536;89;95355;89945;556;68.0;64.2;0.4
90;2021-09-09;186;264;65;95541;90209;621;68.2;64.4;0.4
90;2021-09-10;191;440;93;95732;90649;714;68.3;64.7;0.5
90;2021-09-11;32;39;14;95764;90688;728;68.3;64.7;0.5
90;2021-09-12;5;10;2;95769;90698;730;68.3;64.7;0.5
90;2021-09-13;220;331;156;95989;91029;886;68.5;65.0;0.6
90;2021-09-14;152;328;132;96141;91357;1018;68.6;65.2;0.7
90;2021-09-15;163;349;106;96304;91706;1124;68.7;65.4;0.8
90;2021-09-16;154;230;114;96458;91936;1238;68.8;65.6;0.9
90;2021-09-17;180;318;142;96638;92254;1380;69.0;65.8;1.0
90;2021-09-18;28;65;37;96666;92319;1417;69.0;65.9;1.0
90;2021-09-19;9;8;18;96675;92327;1435;69.0;65.9;1.0
90;2021-09-20;137;226;206;96812;92553;1641;69.1;66.0;1.2
90;2021-09-21;97;239;183;96909;92792;1824;69.1;66.2;1.3
90;2021-09-22;96;301;205;97005;93093;2029;69.2;66.4;1.4
90;2021-09-23;83;133;37;97088;93226;2066;69.3;66.5;1.5
90;2021-09-24;107;292;165;97195;93518;2231;69.4;66.7;1.6
90;2021-09-25;32;58;20;97227;93576;2251;69.4;66.8;1.6
90;2021-09-26;1;5;1;97228;93581;2252;69.4;66.8;1.6
90;2021-09-27;90;197;139;97318;93778;2391;69.4;66.9;1.7
90;2021-09-28;91;140;94;97409;93918;2485;69.5;67.0;1.8
90;2021-09-29;73;225;87;97482;94143;2572;69.6;67.2;1.8
90;2021-09-30;75;134;83;97557;94277;2655;69.6;67.3;1.9
90;2021-10-01;157;217;150;97714;94494;2805;69.7;67.4;2.0
90;2021-10-02;23;63;18;97737;94557;2823;69.7;67.5;2.0
90;2021-10-03;5;10;0;97742;94567;2823;69.7;67.5;2.0
90;2021-10-04;119;191;154;97861;94758;2977;69.8;67.6;2.1
90;2021-10-05;47;142;212;97908;94900;3189;69.9;67.7;2.3
90;2021-10-06;97;177;250;98005;95077;3439;69.9;67.8;2.5
90;2021-10-07;53;117;182;98058;95194;3621;70.0;67.9;2.6
90;2021-10-08;122;223;162;98180;95417;3783;70.1;68.1;2.7
90;2021-10-09;29;36;34;98209;95453;3817;70.1;68.1;2.7
90;2021-10-10;3;4;3;98212;95457;3820;70.1;68.1;2.7
90;2021-10-11;75;130;154;98287;95587;3974;70.1;68.2;2.8
90;2021-10-12;77;120;195;98364;95707;4169;70.2;68.3;3.0
90;2021-10-13;100;148;192;98464;95855;4361;70.3;68.4;3.1
90;2021-10-14;66;106;115;98530;95961;4476;70.3;68.5;3.2
90;2021-10-15;126;182;184;98656;96143;4660;70.4;68.6;3.3
90;2021-10-16;25;43;28;98681;96186;4688;70.4;68.6;3.3
90;2021-10-17;0;3;1;98681;96189;4689;70.4;68.6;3.3
90;2021-10-18;79;128;176;98760;96317;4865;70.5;68.7;3.5
90;2021-10-19;57;107;196;98817;96424;5061;70.5;68.8;3.6
90;2021-10-20;59;98;163;98876;96522;5224;70.6;68.9;3.7
90;2021-10-21;50;59;155;98926;96581;5379;70.6;68.9;3.8
90;2021-10-22;62;152;168;98988;96733;5547;70.6;69.0;4.0
90;2021-10-23;22;22;29;99010;96755;5576;70.6;69.0;4.0
90;2021-10-24;0;4;1;99010;96759;5577;70.6;69.0;4.0
90;2021-10-25;54;105;176;99064;96864;5753;70.7;69.1;4.1
90;2021-10-26;64;85;266;99128;96949;6019;70.7;69.2;4.3
90;2021-10-27;41;125;329;99169;97074;6348;70.8;69.3;4.5
90;2021-10-28;40;46;168;99209;97120;6516;70.8;69.3;4.6
90;2021-10-29;56;92;293;99265;97212;6809;70.8;69.4;4.9
90;2021-10-30;16;27;36;99281;97239;6845;70.8;69.4;4.9
90;2021-10-31;1;8;0;99282;97247;6845;70.8;69.4;4.9
90;2021-11-01;2;1;0;99284;97248;6845;70.8;69.4;4.9
90;2021-11-02;61;90;195;99345;97338;7040;70.9;69.5;5.0
90;2021-11-03;58;108;357;99403;97446;7397;70.9;69.5;5.3
90;2021-11-04;41;65;185;99444;97511;7582;71.0;69.6;5.4
90;2021-11-05;75;112;309;99519;97623;7891;71.0;69.7;5.6
90;2021-11-06;14;29;52;99533;97652;7943;71.0;69.7;5.7
90;2021-11-07;0;2;7;99533;97654;7950;71.0;69.7;5.7
90;2021-11-08;43;72;357;99576;97726;8307;71.1;69.7;5.9
90;2021-11-09;39;72;381;99615;97798;8688;71.1;69.8;6.2
90;2021-11-10;68;75;398;99683;97873;9086;71.1;69.8;6.5
90;2021-11-11;4;7;5;99687;97880;9091;71.1;69.8;6.5
90;2021-11-12;49;83;431;99736;97963;9522;71.2;69.9;6.8
90;2021-11-13;12;34;56;99748;97997;9578;71.2;69.9;6.8
90;2021-11-14;0;4;0;99748;98001;9578;71.2;69.9;6.8
90;2021-11-15;39;53;428;99787;98054;10006;71.2;70.0;7.1
90;2021-11-16;60;59;451;99847;98113;10457;71.2;70.0;7.5
90;2021-11-17;46;80;561;99893;98193;11018;71.3;70.1;7.9
90;2021-11-18;46;46;434;99939;98239;11452;71.3;70.1;8.2
90;2021-11-19;66;61;643;100005;98300;12095;71.4;70.1;8.6
90;2021-11-20;18;20;78;100023;98320;12173;71.4;70.2;8.7
90;2021-11-21;0;2;1;100023;98322;12174;71.4;70.2;8.7
90;2021-11-22;72;41;572;100095;98363;12746;71.4;70.2;9.1
90;2021-11-23;48;59;612;100143;98422;13358;71.5;70.2;9.5
90;2021-11-24;57;76;461;100200;98498;13819;71.5;70.3;9.9
90;2021-11-25;36;41;418;100236;98539;14237;71.5;70.3;10.2
90;2021-11-26;48;84;738;100284;98623;14975;71.6;70.4;10.7
90;2021-11-27;9;27;166;100293;98650;15141;71.6;70.4;10.8
90;2021-11-28;3;6;16;100296;98656;15157;71.6;70.4;10.8
90;2021-11-29;39;53;1141;100335;98709;16298;71.6;70.4;11.6
90;2021-11-30;47;57;1356;100382;98766;17654;71.6;70.5;12.6
90;2021-12-01;39;66;1333;100421;98832;18987;71.7;70.5;13.5
90;2021-12-02;34;30;1506;100455;98862;20493;71.7;70.5;14.6
90;2021-12-03;44;57;1696;100499;98919;22189;71.7;70.6;15.8
90;2021-12-04;28;24;635;100527;98943;22824;71.7;70.6;16.3
90;2021-12-05;4;3;99;100531;98946;22923;71.7;70.6;16.4
90;2021-12-06;35;54;1527;100566;99000;24450;71.8;70.6;17.4
90;2021-12-07;42;79;1878;100608;99079;26328;71.8;70.7;18.8
90;2021-12-08;36;61;1552;100644;99140;27880;71.8;70.7;19.9
90;2021-12-09;34;46;1527;100678;99186;29407;71.8;70.8;21.0
90;2021-12-10;53;88;1766;100731;99274;31173;71.9;70.8;22.2
90;2021-12-11;12;20;563;100743;99294;31736;71.9;70.9;22.6
90;2021-12-12;0;3;37;100743;99297;31773;71.9;70.9;22.7
90;2021-12-13;48;70;1639;100791;99367;33412;71.9;70.9;23.8
90;2021-12-14;43;66;1842;100834;99433;35254;71.9;71.0;25.2
90;2021-12-15;21;70;1351;100855;99503;36605;72.0;71.0;26.1
90;2021-12-16;46;42;1417;100901;99545;38022;72.0;71.0;27.1
90;2021-12-17;46;65;1703;100947;99610;39725;72.0;71.1;28.3
90;2021-12-18;46;24;630;100993;99634;40355;72.1;71.1;28.8
90;2021-12-19;1;9;42;100994;99643;40397;72.1;71.1;28.8
90;2021-12-20;52;60;1231;101046;99703;41628;72.1;71.1;29.7
90;2021-12-21;78;66;1491;101124;99769;43119;72.2;71.2;30.8
90;2021-12-22;50;54;1071;101174;99823;44190;72.2;71.2;31.5
91;2020-12-27;1;0;0;1;0;0;0.0;0.0;0.0
91;2020-12-28;0;0;0;1;0;0;0.0;0.0;0.0
91;2020-12-29;1;0;0;2;0;0;0.0;0.0;0.0
91;2020-12-30;5;0;0;7;0;0;0.0;0.0;0.0
91;2020-12-31;0;0;0;7;0;0;0.0;0.0;0.0
91;2021-01-01;9;0;0;16;0;0;0.0;0.0;0.0
91;2021-01-02;0;0;0;16;0;0;0.0;0.0;0.0
91;2021-01-03;2;0;0;18;0;0;0.0;0.0;0.0
91;2021-01-04;12;0;0;30;0;0;0.0;0.0;0.0
91;2021-01-05;143;3;0;173;3;0;0.0;0.0;0.0
91;2021-01-06;287;2;0;460;5;0;0.0;0.0;0.0
91;2021-01-07;585;7;0;1045;12;0;0.1;0.0;0.0
91;2021-01-08;526;5;0;1571;17;0;0.1;0.0;0.0
91;2021-01-09;111;3;0;1682;20;0;0.1;0.0;0.0
91;2021-01-10;24;0;0;1706;20;0;0.1;0.0;0.0
91;2021-01-11;760;7;0;2466;27;0;0.2;0.0;0.0
91;2021-01-12;1081;14;0;3547;41;0;0.3;0.0;0.0
91;2021-01-13;887;12;0;4434;53;0;0.3;0.0;0.0
91;2021-01-14;973;17;0;5407;70;0;0.4;0.0;0.0
91;2021-01-15;784;8;0;6191;78;0;0.5;0.0;0.0
91;2021-01-16;304;7;0;6495;85;0;0.5;0.0;0.0
91;2021-01-17;101;1;0;6596;86;0;0.5;0.0;0.0
91;2021-01-18;1165;17;0;7761;103;0;0.6;0.0;0.0
91;2021-01-19;1994;35;0;9755;138;0;0.7;0.0;0.0
91;2021-01-20;2339;38;0;12094;176;0;0.9;0.0;0.0
91;2021-01-21;2222;27;0;14316;203;0;1.1;0.0;0.0
91;2021-01-22;1883;20;0;16199;223;0;1.2;0.0;0.0
91;2021-01-23;433;2;0;16632;225;0;1.3;0.0;0.0
91;2021-01-24;75;2;0;16707;227;0;1.3;0.0;0.0
91;2021-01-25;1075;8;0;17782;235;0;1.3;0.0;0.0
91;2021-01-26;1653;56;0;19435;291;0;1.5;0.0;0.0
91;2021-01-27;2332;102;0;21767;393;0;1.6;0.0;0.0
91;2021-01-28;1949;221;0;23716;614;0;1.8;0.0;0.0
91;2021-01-29;1733;83;0;25449;697;0;1.9;0.1;0.0
91;2021-01-30;382;11;0;25831;708;0;2.0;0.1;0.0
91;2021-01-31;48;3;0;25879;711;0;2.0;0.1;0.0
91;2021-02-01;940;215;0;26819;926;0;2.0;0.1;0.0
91;2021-02-02;888;367;0;27707;1293;0;2.1;0.1;0.0
91;2021-02-03;992;527;0;28699;1820;0;2.2;0.1;0.0
91;2021-02-04;868;357;0;29567;2177;0;2.2;0.2;0.0
91;2021-02-05;1016;444;0;30583;2621;0;2.3;0.2;0.0
91;2021-02-06;297;97;0;30880;2718;0;2.3;0.2;0.0
91;2021-02-07;19;12;0;30899;2730;0;2.3;0.2;0.0
91;2021-02-08;809;648;0;31708;3378;0;2.4;0.3;0.0
91;2021-02-09;908;1019;0;32616;4397;0;2.5;0.3;0.0
91;2021-02-10;1039;1145;0;33655;5542;0;2.6;0.4;0.0
91;2021-02-11;1209;1268;0;34864;6810;0;2.6;0.5;0.0
91;2021-02-12;1105;1000;0;35969;7810;0;2.7;0.6;0.0
91;2021-02-13;305;310;0;36274;8120;0;2.7;0.6;0.0
91;2021-02-14;14;90;0;36288;8210;0;2.8;0.6;0.0
91;2021-02-15;421;1307;0;36709;9517;0;2.8;0.7;0.0
91;2021-02-16;609;2040;0;37318;11557;0;2.8;0.9;0.0
91;2021-02-17;791;2458;0;38109;14015;0;2.9;1.1;0.0
91;2021-02-18;950;1993;0;39059;16008;0;3.0;1.2;0.0
91;2021-02-19;964;1445;0;40023;17453;0;3.0;1.3;0.0
91;2021-02-20;145;416;0;40168;17869;0;3.0;1.4;0.0
91;2021-02-21;18;43;0;40186;17912;0;3.0;1.4;0.0
91;2021-02-22;407;1157;0;40593;19069;0;3.1;1.4;0.0
91;2021-02-23;508;1072;0;41101;20141;0;3.1;1.5;0.0
91;2021-02-24;591;1006;0;41692;21147;0;3.2;1.6;0.0
91;2021-02-25;815;1176;0;42507;22323;0;3.2;1.7;0.0
91;2021-02-26;1191;1034;0;43698;23357;0;3.3;1.8;0.0
91;2021-02-27;621;290;0;44319;23647;0;3.4;1.8;0.0
91;2021-02-28;76;66;0;44395;23713;0;3.4;1.8;0.0
91;2021-03-01;986;948;0;45381;24661;0;3.4;1.9;0.0
91;2021-03-02;1487;1080;0;46868;25741;0;3.6;2.0;0.0
91;2021-03-03;1733;1234;0;48601;26975;0;3.7;2.0;0.0
91;2021-03-04;2702;1150;0;51303;28125;0;3.9;2.1;0.0
91;2021-03-05;3832;1202;0;55135;29327;0;4.2;2.2;0.0
91;2021-03-06;4820;436;0;59955;29763;0;4.5;2.3;0.0
91;2021-03-07;3021;200;0;62976;29963;0;4.8;2.3;0.0
91;2021-03-08;1788;988;0;64764;30951;0;4.9;2.3;0.0
91;2021-03-09;2979;942;0;67743;31893;0;5.1;2.4;0.0
91;2021-03-10;2982;1001;0;70725;32894;0;5.4;2.5;0.0
91;2021-03-11;4091;1124;0;74816;34018;0;5.7;2.6;0.0
91;2021-03-12;5081;1025;0;79897;35043;0;6.1;2.7;0.0
91;2021-03-13;5281;364;0;85178;35407;0;6.5;2.7;0.0
91;2021-03-14;522;50;0;85700;35457;0;6.5;2.7;0.0
91;2021-03-15;3189;486;0;88889;35943;0;6.7;2.7;0.0
91;2021-03-16;2720;440;0;91609;36383;0;6.9;2.8;0.0
91;2021-03-17;2470;395;0;94079;36778;0;7.1;2.8;0.0
91;2021-03-18;2615;448;0;96694;37226;0;7.3;2.8;0.0
91;2021-03-19;4172;463;0;100866;37689;0;7.6;2.9;0.0
91;2021-03-20;3413;199;0;104279;37888;0;7.9;2.9;0.0
91;2021-03-21;207;71;0;104486;37959;0;7.9;2.9;0.0
91;2021-03-22;3319;599;0;107805;38558;0;8.2;2.9;0.0
91;2021-03-23;4412;721;0;112217;39279;0;8.5;3.0;0.0
91;2021-03-24;4209;600;0;116426;39879;0;8.8;3.0;0.0
91;2021-03-25;5576;565;0;122002;40444;0;9.2;3.1;0.0
91;2021-03-26;6004;671;0;128006;41115;0;9.7;3.1;0.0
91;2021-03-27;4602;336;0;132608;41451;0;10.1;3.1;0.0
91;2021-03-28;430;62;0;133038;41513;0;10.1;3.1;0.0
91;2021-03-29;3711;1119;0;136749;42632;0;10.4;3.2;0.0
91;2021-03-30;4930;1306;0;141679;43938;0;10.7;3.3;0.0
91;2021-03-31;3861;1476;0;145540;45414;0;11.0;3.4;0.0
91;2021-04-01;4464;1860;0;150004;47274;0;11.4;3.6;0.0
91;2021-04-02;4390;2414;0;154394;49688;0;11.7;3.8;0.0
91;2021-04-03;2113;2453;0;156507;52141;0;11.9;4.0;0.0
91;2021-04-04;683;1130;0;157190;53271;0;11.9;4.0;0.0
91;2021-04-05;690;162;0;157880;53433;0;12.0;4.0;0.0
91;2021-04-06;3884;1984;0;161764;55417;0;12.3;4.2;0.0
91;2021-04-07;4195;2129;0;165959;57546;0;12.6;4.4;0.0
91;2021-04-08;5263;2324;0;171222;59870;0;13.0;4.5;0.0
91;2021-04-09;6065;2356;0;177287;62226;0;13.4;4.7;0.0
91;2021-04-10;3119;2740;0;180406;64966;0;13.7;4.9;0.0
91;2021-04-11;334;229;0;180740;65195;0;13.7;4.9;0.0
91;2021-04-12;3384;2360;0;184124;67555;0;14.0;5.1;0.0
91;2021-04-13;4313;2963;0;188437;70518;0;14.3;5.3;0.0
91;2021-04-14;4258;2512;0;192695;73030;0;14.6;5.5;0.0
91;2021-04-15;4910;2702;0;197605;75732;0;15.0;5.7;0.0
91;2021-04-16;5159;2970;0;202764;78702;0;15.4;6.0;0.0
91;2021-04-17;3130;2001;0;205894;80703;0;15.6;6.1;0.0
91;2021-04-18;432;125;0;206326;80828;0;15.6;6.1;0.0
91;2021-04-19;2805;2851;0;209131;83679;0;15.9;6.3;0.0
91;2021-04-20;3692;3055;0;212823;86734;0;16.1;6.6;0.0
91;2021-04-21;3583;3045;0;216406;89779;0;16.4;6.8;0.0
91;2021-04-22;3784;3701;0;220190;93480;0;16.7;7.1;0.0
91;2021-04-23;4363;3541;0;224553;97021;0;17.0;7.4;0.0
91;2021-04-24;4053;3379;0;228606;100400;0;17.3;7.6;0.0
91;2021-04-25;2638;704;0;231244;101104;0;17.5;7.7;0.0
91;2021-04-26;3995;3009;0;235239;104113;0;17.8;7.9;0.0
91;2021-04-27;5062;3205;0;240301;107318;0;18.2;8.1;0.0
91;2021-04-28;5316;2950;0;245617;110268;0;18.6;8.4;0.0
91;2021-04-29;6426;3288;0;252043;113556;0;19.1;8.6;0.0
91;2021-04-30;6080;3107;0;258123;116663;0;19.6;8.8;0.0
91;2021-05-01;3535;636;0;261658;117299;0;19.8;8.9;0.0
91;2021-05-02;929;205;0;262587;117504;0;19.9;8.9;0.0
91;2021-05-03;5788;3242;0;268375;120746;0;20.3;9.2;0.0
91;2021-05-04;6120;3815;0;274495;124561;0;20.8;9.4;0.0
91;2021-05-05;5607;3355;0;280102;127916;0;21.2;9.7;0.0
91;2021-05-06;6041;3852;0;286143;131768;0;21.7;10.0;0.0
91;2021-05-07;6697;4099;0;292840;135867;0;22.2;10.3;0.0
91;2021-05-08;6089;1489;0;298929;137356;0;22.7;10.4;0.0
91;2021-05-09;4690;768;0;303619;138124;0;23.0;10.5;0.0
91;2021-05-10;6587;3480;0;310206;141604;0;23.5;10.7;0.0
91;2021-05-11;7834;4298;0;318040;145902;0;24.1;11.1;0.0
91;2021-05-12;7263;3869;0;325303;149771;0;24.7;11.4;0.0
91;2021-05-13;5631;1148;0;330934;150919;0;25.1;11.4;0.0
91;2021-05-14;7810;2670;0;338744;153589;0;25.7;11.6;0.0
91;2021-05-15;7658;2054;0;346402;155643;0;26.3;11.8;0.0
91;2021-05-16;4395;445;0;350797;156088;0;26.6;11.8;0.0
91;2021-05-17;7760;1937;0;358557;158025;0;27.2;12.0;0.0
91;2021-05-18;8997;2012;0;367554;160037;0;27.9;12.1;0.0
91;2021-05-19;8561;2444;0;376115;162481;0;28.5;12.3;0.0
91;2021-05-20;9529;2673;0;385644;165154;0;29.2;12.5;0.0
91;2021-05-21;9252;2826;0;394896;167980;0;29.9;12.7;0.0
91;2021-05-22;7498;1560;0;402394;169540;0;30.5;12.8;0.0
91;2021-05-23;4682;559;0;407076;170099;0;30.9;12.9;0.0
91;2021-05-24;5047;644;0;412123;170743;0;31.2;12.9;0.0
91;2021-05-25;8555;3209;0;420678;173952;0;31.9;13.2;0.0
91;2021-05-26;7825;3320;0;428503;177272;0;32.5;13.4;0.0
91;2021-05-27;8559;3816;0;437062;181088;0;33.1;13.7;0.0
91;2021-05-28;8030;4688;0;445092;185776;0;33.7;14.1;0.0
91;2021-05-29;8582;3509;0;453674;189285;0;34.4;14.3;0.0
91;2021-05-30;4620;896;0;458294;190181;0;34.7;14.4;0.0
91;2021-05-31;7317;4109;0;465611;194290;0;35.3;14.7;0.0
91;2021-06-01;8351;5281;0;473962;199571;0;35.9;15.1;0.0
91;2021-06-02;8120;4603;0;482082;204174;0;36.5;15.5;0.0
91;2021-06-03;8450;5248;0;490532;209422;0;37.2;15.9;0.0
91;2021-06-04;7836;6142;0;498368;215564;0;37.8;16.3;0.0
91;2021-06-05;6346;6131;0;504714;221695;0;38.3;16.8;0.0
91;2021-06-06;3855;2313;0;508569;224008;0;38.5;17.0;0.0
91;2021-06-07;6240;5883;0;514809;229891;0;39.0;17.4;0.0
91;2021-06-08;7135;6483;0;521944;236374;0;39.6;17.9;0.0
91;2021-06-09;6833;6050;0;528777;242424;0;40.1;18.4;0.0
91;2021-06-10;7277;7557;0;536054;249981;0;40.6;18.9;0.0
91;2021-06-11;6756;7553;0;542810;257534;0;41.1;19.5;0.0
91;2021-06-12;6198;6967;0;549008;264501;0;41.6;20.0;0.0
91;2021-06-13;2653;2159;0;551661;266660;0;41.8;20.2;0.0
91;2021-06-14;4426;7884;0;556087;274544;0;42.1;20.8;0.0
91;2021-06-15;5733;8044;0;561820;282588;0;42.6;21.4;0.0
91;2021-06-16;5175;7090;0;566995;289678;0;43.0;22.0;0.0
91;2021-06-17;6041;7738;0;573036;297416;0;43.4;22.5;0.0
91;2021-06-18;4917;9495;0;577953;306911;0;43.8;23.3;0.0
91;2021-06-19;4052;7250;0;582005;314161;0;44.1;23.8;0.0
91;2021-06-20;957;4212;0;582962;318373;0;44.2;24.1;0.0
91;2021-06-21;3429;8123;0;586391;326496;0;44.4;24.7;0.0
91;2021-06-22;4049;9922;0;590440;336418;0;44.8;25.5;0.0
91;2021-06-23;4146;8718;0;594586;345136;0;45.1;26.2;0.0
91;2021-06-24;4745;8902;0;599331;354038;0;45.4;26.8;0.0
91;2021-06-25;3647;10185;0;602978;364223;0;45.7;27.6;0.0
91;2021-06-26;2904;8279;0;605882;372502;0;45.9;28.2;0.0
91;2021-06-27;612;3227;0;606494;375729;0;46.0;28.5;0.0
91;2021-06-28;3083;8919;0;609577;384648;0;46.2;29.2;0.0
91;2021-06-29;3600;10272;0;613177;394920;0;46.5;29.9;0.0
91;2021-06-30;3885;9528;0;617062;404448;0;46.8;30.7;0.0
91;2021-07-01;4215;9690;0;621277;414138;0;47.1;31.4;0.0
91;2021-07-02;4133;10099;0;625410;424237;0;47.4;32.2;0.0
91;2021-07-03;3006;9908;0;628416;434145;0;47.6;32.9;0.0
91;2021-07-04;986;4550;0;629402;438695;0;47.7;33.2;0.0
91;2021-07-05;2992;7806;0;632394;446501;0;47.9;33.8;0.0
91;2021-07-06;3803;10080;0;636197;456581;0;48.2;34.6;0.0
91;2021-07-07;4071;9677;0;640268;466258;0;48.5;35.3;0.0
91;2021-07-08;4572;9679;0;644840;475937;0;48.9;36.1;0.0
91;2021-07-09;4391;10474;0;649231;486411;0;49.2;36.9;0.0
91;2021-07-10;3555;9903;0;652786;496314;0;49.5;37.6;0.0
91;2021-07-11;1220;4304;0;654006;500618;0;49.6;37.9;0.0
91;2021-07-12;3245;9922;0;657251;510540;0;49.8;38.7;0.0
91;2021-07-13;5654;11396;0;662905;521936;0;50.2;39.6;0.0
91;2021-07-14;3336;4059;0;666241;525995;0;50.5;39.9;0.0
91;2021-07-15;6150;11161;0;672391;537156;0;51.0;40.7;0.0
91;2021-07-16;7548;10425;0;679939;547581;0;51.5;41.5;0.0
91;2021-07-17;6299;8943;0;686238;556524;0;52.0;42.2;0.0
91;2021-07-18;3734;3568;0;689972;560092;0;52.3;42.5;0.0
91;2021-07-19;5083;8402;0;695055;568494;0;52.7;43.1;0.0
91;2021-07-20;7545;9912;0;702600;578406;0;53.3;43.8;0.0
91;2021-07-21;7748;8411;0;710348;586817;0;53.8;44.5;0.0
91;2021-07-22;8170;8983;0;718518;595800;0;54.5;45.2;0.0
91;2021-07-23;8268;8811;0;726786;604611;0;55.1;45.8;0.0
91;2021-07-24;5824;6692;0;732610;611303;0;55.5;46.3;0.0
91;2021-07-25;3511;1625;0;736121;612928;0;55.8;46.5;0.0
91;2021-07-26;6173;7158;0;742294;620086;0;56.3;47.0;0.0
91;2021-07-27;8716;7605;0;751010;627691;0;56.9;47.6;0.0
91;2021-07-28;8378;6447;0;759388;634138;0;57.6;48.1;0.0
91;2021-07-29;8455;6513;0;767843;640651;0;58.2;48.6;0.0
91;2021-07-30;7797;6347;0;775640;646998;0;58.8;49.0;0.0
91;2021-07-31;5305;5075;0;780945;652073;0;59.2;49.4;0.0
91;2021-08-01;2716;1414;0;783661;653487;0;59.4;49.5;0.0
91;2021-08-02;5571;4856;0;789232;658343;0;59.8;49.9;0.0
91;2021-08-03;6319;5413;0;795551;663756;0;60.3;50.3;0.0
91;2021-08-04;6269;4845;0;801820;668601;0;60.8;50.7;0.0
91;2021-08-05;5799;5100;0;807619;673701;0;61.2;51.1;0.0
91;2021-08-06;6042;6397;0;813661;680098;0;61.7;51.5;0.0
91;2021-08-07;3270;3352;0;816931;683450;0;61.9;51.8;0.0
91;2021-08-08;883;1494;0;817814;684944;0;62.0;51.9;0.0
91;2021-08-09;4245;5082;0;822059;690026;0;62.3;52.3;0.0
91;2021-08-10;4918;5609;0;826977;695635;0;62.7;52.7;0.0
91;2021-08-11;4375;5565;0;831352;701200;0;63.0;53.1;0.0
91;2021-08-12;4232;5755;0;835584;706955;0;63.3;53.6;0.0
91;2021-08-13;4176;5641;1;839760;712596;1;63.6;54.0;0.0
91;2021-08-14;2214;3335;0;841974;715931;1;63.8;54.3;0.0
91;2021-08-15;259;464;0;842233;716395;1;63.8;54.3;0.0
91;2021-08-16;3051;5860;0;845284;722255;1;64.1;54.7;0.0
91;2021-08-17;3638;6820;0;848922;729075;1;64.3;55.3;0.0
91;2021-08-18;3017;6570;0;851939;735645;1;64.6;55.8;0.0
91;2021-08-19;3437;6541;0;855376;742186;1;64.8;56.3;0.0
91;2021-08-20;3149;7397;0;858525;749583;1;65.1;56.8;0.0
91;2021-08-21;2298;4172;0;860823;753755;1;65.2;57.1;0.0
91;2021-08-22;704;1722;0;861527;755477;1;65.3;57.3;0.0
91;2021-08-23;2471;6364;0;863998;761841;1;65.5;57.7;0.0
91;2021-08-24;2961;7544;0;866959;769385;1;65.7;58.3;0.0
91;2021-08-25;3172;7048;0;870131;776433;1;65.9;58.8;0.0
91;2021-08-26;2739;6376;0;872870;782809;1;66.2;59.3;0.0
91;2021-08-27;2782;7734;0;875652;790543;1;66.4;59.9;0.0
91;2021-08-28;2181;5070;0;877833;795613;1;66.5;60.3;0.0
91;2021-08-29;1531;2637;0;879364;798250;1;66.6;60.5;0.0
91;2021-08-30;1844;6037;80;881208;804287;81;66.8;61.0;0.0
91;2021-08-31;2209;6049;190;883417;810336;271;67.0;61.4;0.0
91;2021-09-01;2612;4564;254;886029;814900;525;67.2;61.8;0.0
91;2021-09-02;2112;3792;365;888141;818692;890;67.3;62.1;0.1
91;2021-09-03;2174;4703;373;890315;823395;1263;67.5;62.4;0.1
91;2021-09-04;2072;4122;143;892387;827517;1406;67.6;62.7;0.1
91;2021-09-05;661;843;68;893048;828360;1474;67.7;62.8;0.1
91;2021-09-06;1625;3052;540;894673;831412;2014;67.8;63.0;0.2
91;2021-09-07;1523;2871;512;896196;834283;2526;67.9;63.2;0.2
91;2021-09-08;1796;3142;508;897992;837425;3034;68.1;63.5;0.2
91;2021-09-09;1329;2790;611;899321;840215;3645;68.2;63.7;0.3
91;2021-09-10;1823;3391;525;901144;843606;4170;68.3;63.9;0.3
91;2021-09-11;1693;4032;208;902837;847638;4378;68.4;64.2;0.3
91;2021-09-12;547;907;87;903384;848545;4465;68.5;64.3;0.3
91;2021-09-13;1373;2283;727;904757;850828;5192;68.6;64.5;0.4
91;2021-09-14;1693;2536;1130;906450;853364;6322;68.7;64.7;0.5
91;2021-09-15;1663;3258;874;908113;856622;7196;68.8;64.9;0.5
91;2021-09-16;1381;2153;1021;909494;858775;8217;68.9;65.1;0.6
91;2021-09-17;1381;2757;772;910875;861532;8989;69.0;65.3;0.7
91;2021-09-18;1285;3346;260;912160;864878;9249;69.1;65.6;0.7
91;2021-09-19;391;1017;62;912551;865895;9311;69.2;65.6;0.7
91;2021-09-20;779;1589;844;913330;867484;10155;69.2;65.7;0.8
91;2021-09-21;906;1653;1167;914236;869137;11322;69.3;65.9;0.9
91;2021-09-22;917;2531;636;915153;871668;11958;69.4;66.1;0.9
91;2021-09-23;882;1683;1075;916035;873351;13033;69.4;66.2;1.0
91;2021-09-24;912;2143;845;916947;875494;13878;69.5;66.4;1.1
91;2021-09-25;1011;3152;357;917958;878646;14235;69.6;66.6;1.1
91;2021-09-26;198;719;115;918156;879365;14350;69.6;66.6;1.1
91;2021-09-27;748;1529;664;918904;880894;15014;69.6;66.8;1.1
91;2021-09-28;863;1313;663;919767;882207;15677;69.7;66.9;1.2
91;2021-09-29;971;2192;781;920738;884399;16458;69.8;67.0;1.2
91;2021-09-30;656;1159;796;921394;885558;17254;69.8;67.1;1.3
91;2021-10-01;1351;1827;898;922745;887385;18152;69.9;67.3;1.4
91;2021-10-02;1020;2162;454;923765;889547;18606;70.0;67.4;1.4
91;2021-10-03;218;532;99;923983;890079;18705;70.0;67.5;1.4
91;2021-10-04;734;1128;1089;924717;891207;19794;70.1;67.5;1.5
91;2021-10-05;694;1144;951;925411;892351;20745;70.1;67.6;1.6
91;2021-10-06;792;1718;1207;926203;894069;21952;70.2;67.8;1.7
91;2021-10-07;612;1051;1211;926815;895120;23163;70.2;67.8;1.8
91;2021-10-08;844;1695;1412;927659;896815;24575;70.3;68.0;1.9
91;2021-10-09;963;1770;685;928622;898585;25260;70.4;68.1;1.9
91;2021-10-10;236;441;131;928858;899026;25391;70.4;68.1;1.9
91;2021-10-11;588;953;1104;929446;899979;26495;70.4;68.2;2.0
91;2021-10-12;559;1023;1099;930005;901002;27594;70.5;68.3;2.1
91;2021-10-13;743;1326;1393;930748;902328;28987;70.5;68.4;2.2
91;2021-10-14;492;975;979;931240;903303;29966;70.6;68.5;2.3
91;2021-10-15;878;1366;1729;932118;904669;31695;70.6;68.6;2.4
91;2021-10-16;838;1343;699;932956;906012;32394;70.7;68.7;2.5
91;2021-10-17;189;284;248;933145;906296;32642;70.7;68.7;2.5
91;2021-10-18;592;876;1341;933737;907172;33983;70.8;68.8;2.6
91;2021-10-19;471;984;1092;934208;908156;35075;70.8;68.8;2.7
91;2021-10-20;597;1010;1737;934805;909166;36812;70.9;68.9;2.8
91;2021-10-21;315;683;1244;935120;909849;38056;70.9;69.0;2.9
91;2021-10-22;593;1119;1792;935713;910968;39848;70.9;69.0;3.0
91;2021-10-23;643;1128;1032;936356;912096;40880;71.0;69.1;3.1
91;2021-10-24;133;225;213;936489;912321;41093;71.0;69.1;3.1
91;2021-10-25;363;625;1300;936852;912946;42393;71.0;69.2;3.2
91;2021-10-26;435;603;1456;937287;913549;43849;71.0;69.2;3.3
91;2021-10-27;488;818;1888;937775;914367;45737;71.1;69.3;3.5
91;2021-10-28;311;502;1317;938086;914869;47054;71.1;69.3;3.6
91;2021-10-29;499;777;2051;938585;915646;49105;71.1;69.4;3.7
91;2021-10-30;483;891;1076;939068;916537;50181;71.2;69.5;3.8
91;2021-10-31;98;155;216;939166;916692;50397;71.2;69.5;3.8
91;2021-11-01;92;106;63;939258;916798;50460;71.2;69.5;3.8
91;2021-11-02;434;630;1263;939692;917428;51723;71.2;69.5;3.9
91;2021-11-03;491;737;1922;940183;918165;53645;71.3;69.6;4.1
91;2021-11-04;333;522;1401;940516;918687;55046;71.3;69.6;4.2
91;2021-11-05;450;765;2434;940966;919452;57480;71.3;69.7;4.4
91;2021-11-06;508;875;1449;941474;920327;58929;71.4;69.8;4.5
91;2021-11-07;82;161;238;941556;920488;59167;71.4;69.8;4.5
91;2021-11-08;220;461;1892;941776;920949;61059;71.4;69.8;4.6
91;2021-11-09;314;621;2613;942090;921570;63672;71.4;69.8;4.8
91;2021-11-10;475;759;3137;942565;922329;66809;71.4;69.9;5.1
91;2021-11-11;120;157;520;942685;922486;67329;71.4;69.9;5.1
91;2021-11-12;447;713;3561;943132;923199;70890;71.5;70.0;5.4
91;2021-11-13;541;851;2176;943673;924050;73066;71.5;70.0;5.5
91;2021-11-14;56;137;271;943729;924187;73337;71.5;70.0;5.6
91;2021-11-15;272;462;2190;944001;924649;75527;71.5;70.1;5.7
91;2021-11-16;373;505;3305;944374;925154;78832;71.6;70.1;6.0
91;2021-11-17;389;603;3009;944763;925757;81841;71.6;70.2;6.2
91;2021-11-18;294;423;2832;945057;926180;84673;71.6;70.2;6.4
91;2021-11-19;429;630;3428;945486;926810;88101;71.7;70.2;6.7
91;2021-11-20;589;786;2672;946075;927596;90773;71.7;70.3;6.9
91;2021-11-21;137;185;455;946212;927781;91228;71.7;70.3;6.9
91;2021-11-22;266;298;2398;946478;928079;93626;71.7;70.3;7.1
91;2021-11-23;333;431;3207;946811;928510;96833;71.8;70.4;7.3
91;2021-11-24;423;550;2990;947234;929060;99823;71.8;70.4;7.6
91;2021-11-25;343;445;4119;947577;929505;103942;71.8;70.4;7.9
91;2021-11-26;435;547;6457;948012;930052;110399;71.9;70.5;8.4
91;2021-11-27;512;759;5792;948524;930811;116191;71.9;70.5;8.8
91;2021-11-28;101;145;1792;948625;930956;117983;71.9;70.6;8.9
91;2021-11-29;191;340;5204;948816;931296;123187;71.9;70.6;9.3
91;2021-11-30;291;416;7665;949107;931712;130852;71.9;70.6;9.9
91;2021-12-01;255;507;8726;949362;932219;139578;72.0;70.7;10.6
91;2021-12-02;207;327;9075;949569;932546;148653;72.0;70.7;11.3
91;2021-12-03;231;432;10218;949800;932978;158871;72.0;70.7;12.0
91;2021-12-04;308;569;8746;950108;933547;167617;72.0;70.8;12.7
91;2021-12-05;99;148;3669;950207;933695;171286;72.0;70.8;13.0
91;2021-12-06;220;405;7474;950427;934100;178760;72.0;70.8;13.5
91;2021-12-07;253;474;11392;950680;934574;190152;72.1;70.8;14.4
91;2021-12-08;293;525;10198;950973;935099;200350;72.1;70.9;15.2
91;2021-12-09;254;452;11894;951227;935551;212244;72.1;70.9;16.1
91;2021-12-10;264;517;12636;951491;936068;224880;72.1;70.9;17.0
91;2021-12-11;362;677;13101;951853;936745;237981;72.1;71.0;18.0
91;2021-12-12;173;223;6683;952026;936968;244664;72.2;71.0;18.5
91;2021-12-13;226;375;8778;952252;937343;253442;72.2;71.0;19.2
91;2021-12-14;317;401;14333;952569;937744;267775;72.2;71.1;20.3
91;2021-12-15;323;524;12862;952892;938268;280637;72.2;71.1;21.3
91;2021-12-16;347;489;14429;953239;938757;295066;72.2;71.2;22.4
91;2021-12-17;360;554;13890;953599;939311;308956;72.3;71.2;23.4
91;2021-12-18;487;635;14687;954086;939946;323643;72.3;71.2;24.5
91;2021-12-19;237;238;8352;954323;940184;331995;72.3;71.3;25.2
91;2021-12-20;404;430;10793;954727;940614;342788;72.4;71.3;26.0
91;2021-12-21;478;488;13186;955205;941102;355974;72.4;71.3;27.0
91;2021-12-22;486;504;10885;955691;941606;366859;72.4;71.4;27.8
92;2020-12-27;7;0;0;7;0;0;0.0;0.0;0.0
92;2020-12-28;14;0;0;21;0;0;0.0;0.0;0.0
92;2020-12-29;50;0;0;71;0;0;0.0;0.0;0.0
92;2020-12-30;21;0;0;92;0;0;0.0;0.0;0.0
92;2020-12-31;11;0;0;103;0;0;0.0;0.0;0.0
92;2021-01-01;13;0;0;116;0;0;0.0;0.0;0.0
92;2021-01-02;9;0;0;125;0;0;0.0;0.0;0.0
92;2021-01-03;25;2;0;150;2;0;0.0;0.0;0.0
92;2021-01-04;86;1;0;236;3;0;0.0;0.0;0.0
92;2021-01-05;268;4;0;504;7;0;0.0;0.0;0.0
92;2021-01-06;512;10;0;1016;17;0;0.1;0.0;0.0
92;2021-01-07;799;4;0;1815;21;0;0.1;0.0;0.0
92;2021-01-08;1049;9;0;2864;30;0;0.2;0.0;0.0
92;2021-01-09;209;0;0;3073;30;0;0.2;0.0;0.0
92;2021-01-10;199;2;0;3272;32;0;0.2;0.0;0.0
92;2021-01-11;1119;21;0;4391;53;0;0.3;0.0;0.0
92;2021-01-12;1562;17;0;5953;70;0;0.4;0.0;0.0
92;2021-01-13;1405;12;0;7358;82;0;0.5;0.0;0.0
92;2021-01-14;1363;17;0;8721;99;0;0.5;0.0;0.0
92;2021-01-15;1244;11;0;9965;110;0;0.6;0.0;0.0
92;2021-01-16;340;4;0;10305;114;0;0.6;0.0;0.0
92;2021-01-17;142;3;0;10447;117;0;0.6;0.0;0.0
92;2021-01-18;1947;26;0;12394;143;0;0.8;0.0;0.0
92;2021-01-19;2058;21;0;14452;164;0;0.9;0.0;0.0
92;2021-01-20;2343;25;0;16795;189;0;1.0;0.0;0.0
92;2021-01-21;3553;27;0;20348;216;0;1.3;0.0;0.0
92;2021-01-22;2971;43;0;23319;259;0;1.4;0.0;0.0
92;2021-01-23;430;1;0;23749;260;0;1.5;0.0;0.0
92;2021-01-24;111;2;0;23860;262;0;1.5;0.0;0.0
92;2021-01-25;1224;18;0;25084;280;0;1.6;0.0;0.0
92;2021-01-26;1573;28;0;26657;308;0;1.7;0.0;0.0
92;2021-01-27;2222;104;0;28879;412;0;1.8;0.0;0.0
92;2021-01-28;3964;182;0;32843;594;0;2.0;0.0;0.0
92;2021-01-29;2845;249;0;35688;843;0;2.2;0.1;0.0
92;2021-01-30;455;12;0;36143;855;0;2.2;0.1;0.0
92;2021-01-31;72;2;0;36215;857;0;2.2;0.1;0.0
92;2021-02-01;1198;277;0;37413;1134;0;2.3;0.1;0.0
92;2021-02-02;1414;407;0;38827;1541;0;2.4;0.1;0.0
92;2021-02-03;1299;455;0;40126;1996;0;2.5;0.1;0.0
92;2021-02-04;1298;607;0;41424;2603;0;2.6;0.2;0.0
92;2021-02-05;1603;561;0;43027;3164;0;2.7;0.2;0.0
92;2021-02-06;261;62;0;43288;3226;0;2.7;0.2;0.0
92;2021-02-07;77;39;0;43365;3265;0;2.7;0.2;0.0
92;2021-02-08;927;769;0;44292;4034;0;2.7;0.2;0.0
92;2021-02-09;1275;1343;0;45567;5377;0;2.8;0.3;0.0
92;2021-02-10;1293;1323;0;46860;6700;0;2.9;0.4;0.0
92;2021-02-11;1860;2356;0;48720;9056;0;3.0;0.6;0.0
92;2021-02-12;1593;1565;0;50313;10621;0;3.1;0.7;0.0
92;2021-02-13;204;250;0;50517;10871;0;3.1;0.7;0.0
92;2021-02-14;47;39;0;50564;10910;0;3.1;0.7;0.0
92;2021-02-15;630;2040;0;51194;12950;0;3.2;0.8;0.0
92;2021-02-16;832;2682;0;52026;15632;0;3.2;1.0;0.0
92;2021-02-17;660;2001;0;52686;17633;0;3.3;1.1;0.0
92;2021-02-18;1467;3655;0;54153;21288;0;3.4;1.3;0.0
92;2021-02-19;1630;2783;0;55783;24071;0;3.5;1.5;0.0
92;2021-02-20;222;613;0;56005;24684;0;3.5;1.5;0.0
92;2021-02-21;50;90;0;56055;24774;0;3.5;1.5;0.0
92;2021-02-22;605;1524;0;56660;26298;0;3.5;1.6;0.0
92;2021-02-23;781;1607;0;57441;27905;0;3.6;1.7;0.0
92;2021-02-24;767;1496;0;58208;29401;0;3.6;1.8;0.0
92;2021-02-25;1195;2280;0;59403;31681;0;3.7;2.0;0.0
92;2021-02-26;1733;1693;0;61136;33374;0;3.8;2.1;0.0
92;2021-02-27;615;266;0;61751;33640;0;3.8;2.1;0.0
92;2021-02-28;107;77;0;61858;33717;0;3.8;2.1;0.0
92;2021-03-01;1298;1334;0;63156;35051;0;3.9;2.2;0.0
92;2021-03-02;2155;1569;0;65311;36620;0;4.0;2.3;0.0
92;2021-03-03;2940;1453;0;68251;38073;0;4.2;2.4;0.0
92;2021-03-04;3947;1702;0;72198;39775;0;4.5;2.5;0.0
92;2021-03-05;5432;1910;0;77630;41685;0;4.8;2.6;0.0
92;2021-03-06;6769;498;0;84399;42183;0;5.2;2.6;0.0
92;2021-03-07;4270;494;0;88669;42677;0;5.5;2.6;0.0
92;2021-03-08;2753;1174;0;91422;43851;0;5.7;2.7;0.0
92;2021-03-09;3699;1261;0;95121;45112;0;5.9;2.8;0.0
92;2021-03-10;3992;1142;0;99113;46254;0;6.1;2.9;0.0
92;2021-03-11;5310;1529;0;104423;47783;0;6.5;3.0;0.0
92;2021-03-12;7053;1642;0;111476;49425;0;6.9;3.1;0.0
92;2021-03-13;5917;343;0;117393;49768;0;7.3;3.1;0.0
92;2021-03-14;2037;128;0;119430;49896;0;7.4;3.1;0.0
92;2021-03-15;4355;701;0;123785;50597;0;7.7;3.1;0.0
92;2021-03-16;3928;680;0;127713;51277;0;7.9;3.2;0.0
92;2021-03-17;4274;525;0;131987;51802;0;8.2;3.2;0.0
92;2021-03-18;4498;825;0;136485;52627;0;8.5;3.3;0.0
92;2021-03-19;6493;795;0;142978;53422;0;8.9;3.3;0.0
92;2021-03-20;3263;180;0;146241;53602;0;9.1;3.3;0.0
92;2021-03-21;629;147;0;146870;53749;0;9.1;3.3;0.0
92;2021-03-22;4920;635;0;151790;54384;0;9.4;3.4;0.0
92;2021-03-23;6621;991;0;158411;55375;0;9.8;3.4;0.0
92;2021-03-24;6913;856;0;165324;56231;0;10.2;3.5;0.0
92;2021-03-25;8949;796;0;174273;57027;0;10.8;3.5;0.0
92;2021-03-26;8983;1051;0;183256;58078;0;11.4;3.6;0.0
92;2021-03-27;3881;343;0;187137;58421;0;11.6;3.6;0.0
92;2021-03-28;900;73;0;188037;58494;0;11.7;3.6;0.0
92;2021-03-29;5139;1252;0;193176;59746;0;12.0;3.7;0.0
92;2021-03-30;7122;1813;0;200298;61559;0;12.4;3.8;0.0
92;2021-03-31;6085;2368;0;206383;63927;0;12.8;4.0;0.0
92;2021-04-01;6547;4019;0;212930;67946;0;13.2;4.2;0.0
92;2021-04-02;6039;3890;0;218969;71836;0;13.6;4.5;0.0
92;2021-04-03;1620;2051;0;220589;73887;0;13.7;4.6;0.0
92;2021-04-04;745;1161;0;221334;75048;0;13.7;4.7;0.0
92;2021-04-05;998;318;0;222332;75366;0;13.8;4.7;0.0
92;2021-04-06;4209;2386;0;226541;77752;0;14.0;4.8;0.0
92;2021-04-07;5396;3306;0;231937;81058;0;14.4;5.0;0.0
92;2021-04-08;6252;3399;0;238189;84457;0;14.8;5.2;0.0
92;2021-04-09;8062;3409;0;246251;87866;0;15.3;5.4;0.0
92;2021-04-10;3242;1902;0;249493;89768;0;15.5;5.6;0.0
92;2021-04-11;619;1022;0;250112;90790;0;15.5;5.6;0.0
92;2021-04-12;4382;2994;0;254494;93784;0;15.8;5.8;0.0
92;2021-04-13;5210;4730;0;259704;98514;0;16.1;6.1;0.0
92;2021-04-14;5499;4427;0;265203;102941;0;16.4;6.4;0.0
92;2021-04-15;5727;4411;0;270930;107352;0;16.8;6.7;0.0
92;2021-04-16;5978;4383;0;276908;111735;0;17.2;6.9;0.0
92;2021-04-17;2727;1864;0;279635;113599;0;17.3;7.0;0.0
92;2021-04-18;723;483;0;280358;114082;0;17.4;7.1;0.0
92;2021-04-19;3669;3541;0;284027;117623;0;17.6;7.3;0.0
92;2021-04-20;4977;4377;0;289004;122000;0;17.9;7.6;0.0
92;2021-04-21;5205;4817;0;294209;126817;0;18.2;7.9;0.0
92;2021-04-22;5211;5496;0;299420;132313;0;18.6;8.2;0.0
92;2021-04-23;5777;4966;0;305197;137279;0;18.9;8.5;0.0
92;2021-04-24;5305;2582;0;310502;139861;0;19.2;8.7;0.0
92;2021-04-25;2140;569;0;312642;140430;0;19.4;8.7;0.0
92;2021-04-26;4574;3967;0;317216;144397;0;19.7;8.9;0.0
92;2021-04-27;7002;5620;0;324218;150017;0;20.1;9.3;0.0
92;2021-04-28;8226;4968;0;332444;154985;0;20.6;9.6;0.0
92;2021-04-29;8829;5091;0;341273;160076;0;21.1;9.9;0.0
92;2021-04-30;9803;4983;0;351076;165059;0;21.8;10.2;0.0
92;2021-05-01;2358;664;0;353434;165723;0;21.9;10.3;0.0
92;2021-05-02;1325;487;0;354759;166210;0;22.0;10.3;0.0
92;2021-05-03;7633;4969;0;362392;171179;0;22.5;10.6;0.0
92;2021-05-04;10210;4946;0;372602;176125;0;23.1;10.9;0.0
92;2021-05-05;9854;5425;0;382456;181550;0;23.7;11.3;0.0
92;2021-05-06;10990;5226;0;393446;186776;0;24.4;11.6;0.0
92;2021-05-07;9889;5615;0;403335;192391;0;25.0;11.9;0.0
92;2021-05-08;7400;2351;0;410735;194742;0;25.5;12.1;0.0
92;2021-05-09;4249;1134;0;414984;195876;0;25.7;12.1;0.0
92;2021-05-10;10474;4527;0;425458;200403;0;26.4;12.4;0.0
92;2021-05-11;13466;6174;0;438924;206577;0;27.2;12.8;0.0
92;2021-05-12;13804;5099;0;452728;211676;0;28.1;13.1;0.0
92;2021-05-13;9712;1330;0;462440;213006;0;28.7;13.2;0.0
92;2021-05-14;12847;3095;0;475287;216101;0;29.5;13.4;0.0
92;2021-05-15;9428;1707;0;484715;217808;0;30.0;13.5;0.0
92;2021-05-16;5085;620;0;489800;218428;0;30.4;13.5;0.0
92;2021-05-17;11978;2734;0;501778;221162;0;31.1;13.7;0.0
92;2021-05-18;16596;3254;0;518374;224416;0;32.1;13.9;0.0
92;2021-05-19;16181;4297;0;534555;228713;0;33.1;14.2;0.0
92;2021-05-20;17035;4500;0;551590;233213;0;34.2;14.5;0.0
92;2021-05-21;15134;3954;0;566724;237167;0;35.1;14.7;0.0
92;2021-05-22;10629;1946;0;577353;239113;0;35.8;14.8;0.0
92;2021-05-23;5383;750;0;582736;239863;0;36.1;14.9;0.0
92;2021-05-24;8067;1143;0;590803;241006;0;36.6;14.9;0.0
92;2021-05-25;13635;4899;0;604438;245905;0;37.5;15.2;0.0
92;2021-05-26;12778;5221;0;617216;251126;0;38.2;15.6;0.0
92;2021-05-27;13602;6485;0;630818;257611;0;39.1;16.0;0.0
92;2021-05-28;12627;6761;0;643445;264372;0;39.9;16.4;0.0
92;2021-05-29;8430;3174;0;651875;267546;0;40.4;16.6;0.0
92;2021-05-30;4028;898;0;655903;268444;0;40.6;16.6;0.0
92;2021-05-31;12475;6064;0;668378;274508;0;41.4;17.0;0.0
92;2021-06-01;12725;8243;0;681103;282751;0;42.2;17.5;0.0
92;2021-06-02;13726;7203;0;694829;289954;0;43.1;18.0;0.0
92;2021-06-03;14032;7958;0;708861;297912;0;43.9;18.5;0.0
92;2021-06-04;12255;8685;0;721116;306597;0;44.7;19.0;0.0
92;2021-06-05;8015;6771;0;729131;313368;0;45.2;19.4;0.0
92;2021-06-06;4701;2128;0;733832;315496;0;45.5;19.6;0.0
92;2021-06-07;10236;8109;0;744068;323605;0;46.1;20.1;0.0
92;2021-06-08;11202;10079;0;755270;333684;0;46.8;20.7;0.0
92;2021-06-09;10791;9992;0;766061;343676;0;47.5;21.3;0.0
92;2021-06-10;11186;11751;0;777247;355427;0;48.2;22.0;0.0
92;2021-06-11;8582;11501;0;785829;366928;0;48.7;22.7;0.0
92;2021-06-12;7240;5939;0;793069;372867;0;49.1;23.1;0.0
92;2021-06-13;3802;3047;0;796871;375914;0;49.4;23.3;0.0
92;2021-06-14;5282;11599;0;802153;387513;0;49.7;24.0;0.0
92;2021-06-15;6844;13281;0;808997;400794;0;50.1;24.8;0.0
92;2021-06-16;6871;12286;0;815868;413080;0;50.6;25.6;0.0
92;2021-06-17;7283;13323;0;823151;426403;0;51.0;26.4;0.0
92;2021-06-18;7225;14446;0;830376;440849;0;51.5;27.3;0.0
92;2021-06-19;4730;9513;0;835106;450362;0;51.7;27.9;0.0
92;2021-06-20;2066;5354;0;837172;455716;0;51.9;28.2;0.0
92;2021-06-21;4580;12580;0;841752;468296;0;52.2;29.0;0.0
92;2021-06-22;5579;16343;0;847331;484639;0;52.5;30.0;0.0
92;2021-06-23;5459;15377;0;852790;500016;0;52.8;31.0;0.0
92;2021-06-24;6068;14434;0;858858;514450;0;53.2;31.9;0.0
92;2021-06-25;4996;16398;0;863854;530848;0;53.5;32.9;0.0
92;2021-06-26;4214;11549;0;868068;542397;0;53.8;33.6;0.0
92;2021-06-27;1599;6283;0;869667;548680;0;53.9;34.0;0.0
92;2021-06-28;3594;13171;0;873261;561851;0;54.1;34.8;0.0
92;2021-06-29;4504;17594;0;877765;579445;0;54.4;35.9;0.0
92;2021-06-30;4669;16151;0;882434;595596;0;54.7;36.9;0.0
92;2021-07-01;5943;16131;1;888377;611727;1;55.1;37.9;0.0
92;2021-07-02;5478;16340;0;893855;628067;1;55.4;38.9;0.0
92;2021-07-03;3556;11889;0;897411;639956;1;55.6;39.7;0.0
92;2021-07-04;1386;5277;0;898797;645233;1;55.7;40.0;0.0
92;2021-07-05;4634;12818;0;903431;658051;1;56.0;40.8;0.0
92;2021-07-06;5312;15670;0;908743;673721;1;56.3;41.7;0.0
92;2021-07-07;4933;12817;0;913676;686538;1;56.6;42.5;0.0
92;2021-07-08;5596;14418;0;919272;700956;1;57.0;43.4;0.0
92;2021-07-09;5916;15322;0;925188;716278;1;57.3;44.4;0.0
92;2021-07-10;3914;10198;0;929102;726476;1;57.6;45.0;0.0
92;2021-07-11;1726;4248;0;930828;730724;1;57.7;45.3;0.0
92;2021-07-12;4533;15099;0;935361;745823;1;58.0;46.2;0.0
92;2021-07-13;8028;16882;0;943389;762705;1;58.5;47.3;0.0
92;2021-07-14;4760;5576;0;948149;768281;1;58.8;47.6;0.0
92;2021-07-15;9162;16122;0;957311;784403;1;59.3;48.6;0.0
92;2021-07-16;9089;14386;0;966400;798789;1;59.9;49.5;0.0
92;2021-07-17;6139;8535;0;972539;807324;1;60.3;50.0;0.0
92;2021-07-18;2358;3641;0;974897;810965;1;60.4;50.3;0.0
92;2021-07-19;6447;12705;0;981344;823670;1;60.8;51.0;0.0
92;2021-07-20;9243;13306;0;990587;836976;1;61.4;51.9;0.0
92;2021-07-21;9463;11775;0;1000050;848751;1;62.0;52.6;0.0
92;2021-07-22;10476;12607;0;1010526;861358;1;62.6;53.4;0.0
92;2021-07-23;9808;11262;0;1020334;872620;1;63.2;54.1;0.0
92;2021-07-24;5883;6819;0;1026217;879439;1;63.6;54.5;0.0
92;2021-07-25;2627;2503;0;1028844;881942;1;63.8;54.7;0.0
92;2021-07-26;8131;9216;0;1036975;891158;1;64.3;55.2;0.0
92;2021-07-27;9667;9555;0;1046642;900713;1;64.9;55.8;0.0
92;2021-07-28;9411;8289;0;1056053;909002;1;65.4;56.3;0.0
92;2021-07-29;9038;8500;0;1065091;917502;1;66.0;56.9;0.0
92;2021-07-30;8223;8383;0;1073314;925885;1;66.5;57.4;0.0
92;2021-07-31;4937;4870;0;1078251;930755;1;66.8;57.7;0.0
92;2021-08-01;2116;1697;0;1080367;932452;1;66.9;57.8;0.0
92;2021-08-02;5369;5552;0;1085736;938004;1;67.3;58.1;0.0
92;2021-08-03;5657;6786;0;1091393;944790;1;67.6;58.5;0.0
92;2021-08-04;5308;5634;0;1096701;950424;1;68.0;58.9;0.0
92;2021-08-05;4729;6178;0;1101430;956602;1;68.3;59.3;0.0
92;2021-08-06;4932;6739;0;1106362;963341;1;68.6;59.7;0.0
92;2021-08-07;2814;4255;0;1109176;967596;1;68.7;60.0;0.0
92;2021-08-08;1048;1532;0;1110224;969128;1;68.8;60.1;0.0
92;2021-08-09;3621;5406;0;1113845;974534;1;69.0;60.4;0.0
92;2021-08-10;4191;6752;0;1118036;981286;1;69.3;60.8;0.0
92;2021-08-11;3557;5612;0;1121593;986898;1;69.5;61.2;0.0
92;2021-08-12;3500;6200;0;1125093;993098;1;69.7;61.5;0.0
92;2021-08-13;3117;5733;0;1128210;998831;1;69.9;61.9;0.0
92;2021-08-14;1908;4088;0;1130118;1002919;1;70.0;62.1;0.0
92;2021-08-15;573;935;0;1130691;1003854;1;70.1;62.2;0.0
92;2021-08-16;2549;6238;0;1133240;1010092;1;70.2;62.6;0.0
92;2021-08-17;2947;7575;0;1136187;1017667;1;70.4;63.1;0.0
92;2021-08-18;2502;6043;0;1138689;1023710;1;70.6;63.4;0.0
92;2021-08-19;2553;6135;0;1141242;1029845;1;70.7;63.8;0.0
92;2021-08-20;2327;5888;0;1143569;1035733;1;70.9;64.2;0.0
92;2021-08-21;1365;4292;0;1144934;1040025;1;70.9;64.4;0.0
92;2021-08-22;420;1685;0;1145354;1041710;1;71.0;64.6;0.0
92;2021-08-23;2333;6976;0;1147687;1048686;1;71.1;65.0;0.0
92;2021-08-24;2827;8296;0;1150514;1056982;1;71.3;65.5;0.0
92;2021-08-25;2707;7267;0;1153221;1064249;1;71.5;65.9;0.0
92;2021-08-26;2705;6884;0;1155926;1071133;1;71.6;66.4;0.0
92;2021-08-27;2643;6826;0;1158569;1077959;1;71.8;66.8;0.0
92;2021-08-28;1567;4484;0;1160136;1082443;1;71.9;67.1;0.0
92;2021-08-29;339;979;0;1160475;1083422;1;71.9;67.1;0.0
92;2021-08-30;2138;5338;197;1162613;1088760;198;72.0;67.5;0.0
92;2021-08-31;2731;6428;443;1165344;1095188;641;72.2;67.9;0.0
92;2021-09-01;3155;5637;855;1168499;1100825;1496;72.4;68.2;0.1
92;2021-09-02;2462;4775;842;1170961;1105600;2338;72.6;68.5;0.1
92;2021-09-03;2382;4738;1029;1173343;1110338;3367;72.7;68.8;0.2
92;2021-09-04;2058;4039;358;1175401;1114377;3725;72.8;69.1;0.2
92;2021-09-05;413;763;108;1175814;1115140;3833;72.9;69.1;0.2
92;2021-09-06;1181;2668;930;1176995;1117808;4763;72.9;69.3;0.3
92;2021-09-07;1415;2802;920;1178410;1120610;5683;73.0;69.4;0.4
92;2021-09-08;1907;3190;898;1180317;1123800;6581;73.1;69.6;0.4
92;2021-09-09;1105;2382;745;1181422;1126182;7326;73.2;69.8;0.5
92;2021-09-10;1644;3027;1157;1183066;1129209;8483;73.3;70.0;0.5
92;2021-09-11;1411;2555;261;1184477;1131764;8744;73.4;70.1;0.5
92;2021-09-12;212;436;51;1184689;1132200;8795;73.4;70.2;0.5
92;2021-09-13;1188;1941;1146;1185877;1134141;9941;73.5;70.3;0.6
92;2021-09-14;1104;2087;1332;1186981;1136228;11273;73.6;70.4;0.7
92;2021-09-15;1517;3216;1316;1188498;1139444;12589;73.6;70.6;0.8
92;2021-09-16;1020;1884;1210;1189518;1141328;13799;73.7;70.7;0.9
92;2021-09-17;1353;2753;1245;1190871;1144081;15044;73.8;70.9;0.9
92;2021-09-18;872;2136;322;1191743;1146217;15366;73.8;71.0;1.0
92;2021-09-19;143;284;22;1191886;1146501;15388;73.9;71.0;1.0
92;2021-09-20;749;1659;1176;1192635;1148160;16564;73.9;71.1;1.0
92;2021-09-21;729;1676;1358;1193364;1149836;17922;73.9;71.3;1.1
92;2021-09-22;1013;3479;1106;1194377;1153315;19028;74.0;71.5;1.2
92;2021-09-23;721;1695;1121;1195098;1155010;20149;74.1;71.6;1.2
92;2021-09-24;1022;2583;1083;1196120;1157593;21232;74.1;71.7;1.3
92;2021-09-25;639;2084;287;1196759;1159677;21519;74.2;71.9;1.3
92;2021-09-26;103;264;29;1196862;1159941;21548;74.2;71.9;1.3
92;2021-09-27;668;1446;996;1197530;1161387;22544;74.2;72.0;1.4
92;2021-09-28;692;1376;1040;1198222;1162763;23584;74.3;72.1;1.5
92;2021-09-29;986;2470;1165;1199208;1165233;24749;74.3;72.2;1.5
92;2021-09-30;811;1251;1113;1200019;1166484;25862;74.4;72.3;1.6
92;2021-10-01;1247;1913;1433;1201266;1168397;27295;74.4;72.4;1.7
92;2021-10-02;849;1582;412;1202115;1169979;27707;74.5;72.5;1.7
92;2021-10-03;98;206;46;1202213;1170185;27753;74.5;72.5;1.7
92;2021-10-04;709;1077;1364;1202922;1171262;29117;74.5;72.6;1.8
92;2021-10-05;664;1134;1663;1203586;1172396;30780;74.6;72.6;1.9
92;2021-10-06;951;1713;1933;1204537;1174109;32713;74.6;72.8;2.0
92;2021-10-07;524;898;1482;1205061;1175007;34195;74.7;72.8;2.1
92;2021-10-08;1036;1746;2139;1206097;1176753;36334;74.7;72.9;2.3
92;2021-10-09;686;1231;674;1206783;1177984;37008;74.8;73.0;2.3
92;2021-10-10;131;190;35;1206914;1178174;37043;74.8;73.0;2.3
92;2021-10-11;597;903;1453;1207511;1179077;38496;74.8;73.1;2.4
92;2021-10-12;700;1008;1771;1208211;1180085;40267;74.9;73.1;2.5
92;2021-10-13;894;1377;2345;1209105;1181462;42612;74.9;73.2;2.6
92;2021-10-14;561;846;1725;1209666;1182308;44337;75.0;73.3;2.7
92;2021-10-15;876;1363;2414;1210542;1183671;46751;75.0;73.3;2.9
92;2021-10-16;695;1063;955;1211237;1184734;47706;75.1;73.4;3.0
92;2021-10-17;78;150;74;1211315;1184884;47780;75.1;73.4;3.0
92;2021-10-18;482;730;1558;1211797;1185614;49338;75.1;73.5;3.1
92;2021-10-19;314;705;2082;1212111;1186319;51420;75.1;73.5;3.2
92;2021-10-20;410;944;2781;1212521;1187263;54201;75.1;73.6;3.4
92;2021-10-21;234;621;2020;1212755;1187884;56221;75.2;73.6;3.5
92;2021-10-22;385;1080;2749;1213140;1188964;58970;75.2;73.7;3.7
92;2021-10-23;280;798;1028;1213420;1189762;59998;75.2;73.7;3.7
92;2021-10-24;33;76;94;1213453;1189838;60092;75.2;73.7;3.7
92;2021-10-25;304;550;1953;1213757;1190388;62045;75.2;73.8;3.8
92;2021-10-26;307;631;2297;1214064;1191019;64342;75.2;73.8;4.0
92;2021-10-27;333;834;3183;1214397;1191853;67525;75.3;73.9;4.2
92;2021-10-28;218;461;2168;1214615;1192314;69693;75.3;73.9;4.3
92;2021-10-29;313;776;3029;1214928;1193090;72722;75.3;73.9;4.5
92;2021-10-30;213;611;1153;1215141;1193701;73875;75.3;74.0;4.6
92;2021-10-31;22;81;71;1215163;1193782;73946;75.3;74.0;4.6
92;2021-11-01;93;96;128;1215256;1193878;74074;75.3;74.0;4.6
92;2021-11-02;293;709;2073;1215549;1194587;76147;75.3;74.0;4.7
92;2021-11-03;291;772;2621;1215840;1195359;78768;75.3;74.1;4.9
92;2021-11-04;245;552;2316;1216085;1195911;81084;75.4;74.1;5.0
92;2021-11-05;313;702;2942;1216398;1196613;84026;75.4;74.2;5.2
92;2021-11-06;198;500;1025;1216596;1197113;85051;75.4;74.2;5.3
92;2021-11-07;26;92;89;1216622;1197205;85140;75.4;74.2;5.3
92;2021-11-08;159;485;2729;1216781;1197690;87869;75.4;74.2;5.4
92;2021-11-09;214;535;3549;1216995;1198225;91418;75.4;74.3;5.7
92;2021-11-10;337;667;4319;1217332;1198892;95737;75.4;74.3;5.9
92;2021-11-11;71;115;509;1217403;1199007;96246;75.4;74.3;6.0
92;2021-11-12;247;539;4114;1217650;1199546;100360;75.5;74.3;6.2
92;2021-11-13;206;302;1541;1217856;1199848;101901;75.5;74.4;6.3
92;2021-11-14;34;52;148;1217890;1199900;102049;75.5;74.4;6.3
92;2021-11-15;208;362;3613;1218098;1200262;105662;75.5;74.4;6.5
92;2021-11-16;224;382;3704;1218322;1200644;109366;75.5;74.4;6.8
92;2021-11-17;326;499;3937;1218648;1201143;113303;75.5;74.4;7.0
92;2021-11-18;232;418;4133;1218880;1201561;117436;75.5;74.5;7.3
92;2021-11-19;376;522;5249;1219256;1202083;122685;75.6;74.5;7.6
92;2021-11-20;243;362;1871;1219499;1202445;124556;75.6;74.5;7.7
92;2021-11-21;26;60;231;1219525;1202505;124787;75.6;74.5;7.7
92;2021-11-22;205;318;3742;1219730;1202823;128529;75.6;74.5;8.0
92;2021-11-23;257;341;4423;1219987;1203164;132952;75.6;74.6;8.2
92;2021-11-24;353;497;4888;1220340;1203661;137840;75.6;74.6;8.5
92;2021-11-25;243;341;6194;1220583;1204002;144034;75.6;74.6;8.9
92;2021-11-26;321;514;10410;1220904;1204516;154444;75.7;74.6;9.6
92;2021-11-27;227;296;6165;1221131;1204812;160609;75.7;74.7;10.0
92;2021-11-28;52;112;3889;1221183;1204924;164498;75.7;74.7;10.2
92;2021-11-29;188;318;9527;1221371;1205242;174025;75.7;74.7;10.8
92;2021-11-30;239;364;12961;1221610;1205606;186986;75.7;74.7;11.6
92;2021-12-01;232;393;14301;1221842;1205999;201287;75.7;74.7;12.5
92;2021-12-02;193;310;15251;1222035;1206309;216538;75.7;74.8;13.4
92;2021-12-03;235;421;18313;1222270;1206730;234851;75.7;74.8;14.6
92;2021-12-04;175;328;11364;1222445;1207058;246215;75.8;74.8;15.3
92;2021-12-05;67;93;4073;1222512;1207151;250288;75.8;74.8;15.5
92;2021-12-06;159;341;13812;1222671;1207492;264100;75.8;74.8;16.4
92;2021-12-07;204;367;18008;1222875;1207859;282108;75.8;74.8;17.5
92;2021-12-08;260;492;17224;1223135;1208351;299332;75.8;74.9;18.5
92;2021-12-09;229;393;18592;1223364;1208744;317924;75.8;74.9;19.7
92;2021-12-10;250;489;20793;1223614;1209233;338717;75.8;74.9;21.0
92;2021-12-11;209;370;13413;1223823;1209603;352130;75.8;75.0;21.8
92;2021-12-12;59;111;5818;1223882;1209714;357948;75.8;75.0;22.2
92;2021-12-13;183;389;17223;1224065;1210103;375171;75.9;75.0;23.2
92;2021-12-14;252;404;21565;1224317;1210507;396736;75.9;75.0;24.6
92;2021-12-15;295;496;19654;1224612;1211003;416390;75.9;75.0;25.8
92;2021-12-16;283;441;21857;1224895;1211444;438247;75.9;75.1;27.2
92;2021-12-17;322;540;22611;1225217;1211984;460858;75.9;75.1;28.6
92;2021-12-18;223;292;12719;1225440;1212276;473577;75.9;75.1;29.3
92;2021-12-19;137;156;7467;1225577;1212432;481044;75.9;75.1;29.8
92;2021-12-20;303;430;18488;1225880;1212862;499532;76.0;75.2;31.0
92;2021-12-21;392;473;20366;1226272;1213335;519898;76.0;75.2;32.2
92;2021-12-22;392;463;17595;1226664;1213798;537493;76.0;75.2;33.3
93;2020-12-27;7;3;0;7;3;0;0.0;0.0;0.0
93;2020-12-28;2;0;0;9;3;0;0.0;0.0;0.0
93;2020-12-29;0;0;0;9;3;0;0.0;0.0;0.0
93;2020-12-30;27;1;0;36;4;0;0.0;0.0;0.0
93;2020-12-31;7;0;0;43;4;0;0.0;0.0;0.0
93;2021-01-01;15;0;0;58;4;0;0.0;0.0;0.0
93;2021-01-02;5;0;0;63;4;0;0.0;0.0;0.0
93;2021-01-03;7;0;0;70;4;0;0.0;0.0;0.0
93;2021-01-04;18;1;0;88;5;0;0.0;0.0;0.0
93;2021-01-05;95;2;0;183;7;0;0.0;0.0;0.0
93;2021-01-06;138;3;0;321;10;0;0.0;0.0;0.0
93;2021-01-07;363;5;0;684;15;0;0.0;0.0;0.0
93;2021-01-08;503;4;0;1187;19;0;0.1;0.0;0.0
93;2021-01-09;43;0;0;1230;19;0;0.1;0.0;0.0
93;2021-01-10;57;0;0;1287;19;0;0.1;0.0;0.0
93;2021-01-11;508;4;0;1795;23;0;0.1;0.0;0.0
93;2021-01-12;734;6;0;2529;29;0;0.2;0.0;0.0
93;2021-01-13;713;10;0;3242;39;0;0.2;0.0;0.0
93;2021-01-14;661;15;0;3903;54;0;0.2;0.0;0.0
93;2021-01-15;570;7;0;4473;61;0;0.3;0.0;0.0
93;2021-01-16;126;3;0;4599;64;0;0.3;0.0;0.0
93;2021-01-17;62;2;0;4661;66;0;0.3;0.0;0.0
93;2021-01-18;974;19;0;5635;85;0;0.3;0.0;0.0
93;2021-01-19;1287;16;0;6922;101;0;0.4;0.0;0.0
93;2021-01-20;1335;23;0;8257;124;0;0.5;0.0;0.0
93;2021-01-21;1614;37;0;9871;161;0;0.6;0.0;0.0
93;2021-01-22;1207;27;0;11078;188;0;0.7;0.0;0.0
93;2021-01-23;576;6;0;11654;194;0;0.7;0.0;0.0
93;2021-01-24;56;0;0;11710;194;0;0.7;0.0;0.0
93;2021-01-25;852;10;0;12562;204;0;0.8;0.0;0.0
93;2021-01-26;1016;30;0;13578;234;0;0.8;0.0;0.0
93;2021-01-27;1694;76;0;15272;310;0;0.9;0.0;0.0
93;2021-01-28;1827;144;0;17099;454;0;1.0;0.0;0.0
93;2021-01-29;1377;171;0;18476;625;0;1.1;0.0;0.0
93;2021-01-30;695;29;0;19171;654;0;1.1;0.0;0.0
93;2021-01-31;24;4;0;19195;658;0;1.1;0.0;0.0
93;2021-02-01;749;111;0;19944;769;0;1.2;0.0;0.0
93;2021-02-02;791;232;0;20735;1001;0;1.2;0.1;0.0
93;2021-02-03;861;317;0;21596;1318;0;1.3;0.1;0.0
93;2021-02-04;710;382;0;22306;1700;0;1.3;0.1;0.0
93;2021-02-05;652;332;0;22958;2032;0;1.4;0.1;0.0
93;2021-02-06;509;52;0;23467;2084;0;1.4;0.1;0.0
93;2021-02-07;18;23;0;23485;2107;0;1.4;0.1;0.0
93;2021-02-08;678;512;0;24163;2619;0;1.4;0.2;0.0
93;2021-02-09;650;631;0;24813;3250;0;1.5;0.2;0.0
93;2021-02-10;741;768;0;25554;4018;0;1.5;0.2;0.0
93;2021-02-11;985;1004;0;26539;5022;0;1.6;0.3;0.0
93;2021-02-12;933;690;0;27472;5712;0;1.6;0.3;0.0
93;2021-02-13;321;248;0;27793;5960;0;1.7;0.4;0.0
93;2021-02-14;21;68;0;27814;6028;0;1.7;0.4;0.0
93;2021-02-15;423;919;0;28237;6947;0;1.7;0.4;0.0
93;2021-02-16;517;1166;0;28754;8113;0;1.7;0.5;0.0
93;2021-02-17;579;1430;0;29333;9543;0;1.8;0.6;0.0
93;2021-02-18;1018;1704;0;30351;11247;0;1.8;0.7;0.0
93;2021-02-19;941;1429;0;31292;12676;0;1.9;0.8;0.0
93;2021-02-20;233;545;0;31525;13221;0;1.9;0.8;0.0
93;2021-02-21;23;45;0;31548;13266;0;1.9;0.8;0.0
93;2021-02-22;539;903;0;32087;14169;0;1.9;0.8;0.0
93;2021-02-23;522;847;0;32609;15016;0;2.0;0.9;0.0
93;2021-02-24;612;951;0;33221;15967;0;2.0;1.0;0.0
93;2021-02-25;929;999;0;34150;16966;0;2.0;1.0;0.0
93;2021-02-26;1134;820;0;35284;17786;0;2.1;1.1;0.0
93;2021-02-27;520;462;0;35804;18248;0;2.1;1.1;0.0
93;2021-02-28;83;49;0;35887;18297;0;2.1;1.1;0.0
93;2021-03-01;979;722;0;36866;19019;0;2.2;1.1;0.0
93;2021-03-02;1412;823;0;38278;19842;0;2.3;1.2;0.0
93;2021-03-03;1701;856;0;39979;20698;0;2.4;1.2;0.0
93;2021-03-04;2584;918;0;42563;21616;0;2.5;1.3;0.0
93;2021-03-05;3561;834;0;46124;22450;0;2.8;1.3;0.0
93;2021-03-06;4108;496;0;50232;22946;0;3.0;1.4;0.0
93;2021-03-07;3202;286;0;53434;23232;0;3.2;1.4;0.0
93;2021-03-08;2024;895;0;55458;24127;0;3.3;1.4;0.0
93;2021-03-09;2744;736;0;58202;24863;0;3.5;1.5;0.0
93;2021-03-10;2849;829;0;61051;25692;0;3.7;1.5;0.0
93;2021-03-11;3641;1068;0;64692;26760;0;3.9;1.6;0.0
93;2021-03-12;4166;1123;0;68858;27883;0;4.1;1.7;0.0
93;2021-03-13;3740;507;0;72598;28390;0;4.3;1.7;0.0
93;2021-03-14;1125;104;0;73723;28494;0;4.4;1.7;0.0
93;2021-03-15;3012;554;0;76735;29048;0;4.6;1.7;0.0
93;2021-03-16;2647;490;0;79382;29538;0;4.8;1.8;0.0
93;2021-03-17;2245;559;0;81627;30097;0;4.9;1.8;0.0
93;2021-03-18;2769;645;0;84396;30742;0;5.1;1.8;0.0
93;2021-03-19;3342;600;0;87738;31342;0;5.3;1.9;0.0
93;2021-03-20;2765;280;0;90503;31622;0;5.4;1.9;0.0
93;2021-03-21;789;197;0;91292;31819;0;5.5;1.9;0.0
93;2021-03-22;3391;571;0;94683;32390;0;5.7;1.9;0.0
93;2021-03-23;4287;726;0;98970;33116;0;5.9;2.0;0.0
93;2021-03-24;4024;679;0;102994;33795;0;6.2;2.0;0.0
93;2021-03-25;5427;792;0;108421;34587;0;6.5;2.1;0.0
93;2021-03-26;5292;815;0;113713;35402;0;6.8;2.1;0.0
93;2021-03-27;3769;298;0;117482;35700;0;7.0;2.1;0.0
93;2021-03-28;834;63;0;118316;35763;0;7.1;2.1;0.0
93;2021-03-29;3531;939;0;121847;36702;0;7.3;2.2;0.0
93;2021-03-30;4389;1242;0;126236;37944;0;7.6;2.3;0.0
93;2021-03-31;3939;1282;0;130175;39226;0;7.8;2.3;0.0
93;2021-04-01;4233;2692;0;134408;41918;0;8.0;2.5;0.0
93;2021-04-02;3494;2858;0;137902;44776;0;8.3;2.7;0.0
93;2021-04-03;2261;1801;0;140163;46577;0;8.4;2.8;0.0
93;2021-04-04;814;230;0;140977;46807;0;8.4;2.8;0.0
93;2021-04-05;844;124;0;141821;46931;0;8.5;2.8;0.0
93;2021-04-06;3744;2034;0;145565;48965;0;8.7;2.9;0.0
93;2021-04-07;4015;1929;0;149580;50894;0;9.0;3.0;0.0
93;2021-04-08;4842;2384;0;154422;53278;0;9.2;3.2;0.0
93;2021-04-09;5257;2700;0;159679;55978;0;9.6;3.4;0.0
93;2021-04-10;3220;2074;0;162899;58052;0;9.8;3.5;0.0
93;2021-04-11;778;591;0;163677;58643;0;9.8;3.5;0.0
93;2021-04-12;3727;2239;0;167404;60882;0;10.0;3.6;0.0
93;2021-04-13;4018;3196;0;171422;64078;0;10.3;3.8;0.0
93;2021-04-14;3769;2157;0;175191;66235;0;10.5;4.0;0.0
93;2021-04-15;4103;2729;0;179294;68964;0;10.7;4.1;0.0
93;2021-04-16;3757;2522;0;183051;71486;0;11.0;4.3;0.0
93;2021-04-17;2549;1961;0;185600;73447;0;11.1;4.4;0.0
93;2021-04-18;469;513;0;186069;73960;0;11.1;4.4;0.0
93;2021-04-19;2899;2416;0;188968;76376;0;11.3;4.6;0.0
93;2021-04-20;3242;2892;0;192210;79268;0;11.5;4.7;0.0
93;2021-04-21;3051;2614;0;195261;81882;0;11.7;4.9;0.0
93;2021-04-22;3529;3678;0;198790;85560;0;11.9;5.1;0.0
93;2021-04-23;3743;3076;0;202533;88636;0;12.1;5.3;0.0
93;2021-04-24;3630;2680;0;206163;91316;0;12.3;5.5;0.0
93;2021-04-25;1409;738;0;207572;92054;0;12.4;5.5;0.0
93;2021-04-26;3626;2786;0;211198;94840;0;12.6;5.7;0.0
93;2021-04-27;5111;3164;0;216309;98004;0;13.0;5.9;0.0
93;2021-04-28;4694;3050;0;221003;101054;0;13.2;6.1;0.0
93;2021-04-29;6044;3073;0;227047;104127;0;13.6;6.2;0.0
93;2021-04-30;6571;3065;0;233618;107192;0;14.0;6.4;0.0
93;2021-05-01;3022;917;0;236640;108109;0;14.2;6.5;0.0
93;2021-05-02;952;751;0;237592;108860;0;14.2;6.5;0.0
93;2021-05-03;6054;4476;0;243646;113336;0;14.6;6.8;0.0
93;2021-05-04;6077;4289;0;249723;117625;0;15.0;7.0;0.0
93;2021-05-05;6050;3603;0;255773;121228;0;15.3;7.3;0.0
93;2021-05-06;6861;3994;0;262634;125222;0;15.7;7.5;0.0
93;2021-05-07;5709;4338;0;268343;129560;0;16.1;7.8;0.0
93;2021-05-08;5457;2153;0;273800;131713;0;16.4;7.9;0.0
93;2021-05-09;3655;1386;0;277455;133099;0;16.6;8.0;0.0
93;2021-05-10;7210;3556;0;284665;136655;0;17.0;8.2;0.0
93;2021-05-11;7583;4167;0;292248;140822;0;17.5;8.4;0.0
93;2021-05-12;7234;3216;0;299482;144038;0;17.9;8.6;0.0
93;2021-05-13;6076;1140;0;305558;145178;0;18.3;8.7;0.0
93;2021-05-14;8564;3012;0;314122;148190;0;18.8;8.9;0.0
93;2021-05-15;8552;2260;0;322674;150450;0;19.3;9.0;0.0
93;2021-05-16;4201;673;0;326875;151123;0;19.6;9.0;0.0
93;2021-05-17;8226;1903;0;335101;153026;0;20.1;9.2;0.0
93;2021-05-18;9138;2017;0;344239;155043;0;20.6;9.3;0.0
93;2021-05-19;8632;3036;0;352871;158079;0;21.1;9.5;0.0
93;2021-05-20;10027;3322;0;362898;161401;0;21.7;9.7;0.0
93;2021-05-21;9822;2745;0;372720;164146;0;22.3;9.8;0.0
93;2021-05-22;9218;1987;0;381938;166133;0;22.9;9.9;0.0
93;2021-05-23;5689;901;0;387627;167034;0;23.2;10.0;0.0
93;2021-05-24;7585;1441;0;395212;168475;0;23.7;10.1;0.0
93;2021-05-25;8250;4090;0;403462;172565;0;24.2;10.3;0.0
93;2021-05-26;8052;3407;0;411514;175972;0;24.6;10.5;0.0
93;2021-05-27;9332;3715;0;420846;179687;0;25.2;10.8;0.0
93;2021-05-28;9254;4700;0;430100;184387;0;25.8;11.0;0.0
93;2021-05-29;7842;3277;0;437942;187664;0;26.2;11.2;0.0
93;2021-05-30;5316;1224;0;443258;188888;0;26.5;11.3;0.0
93;2021-05-31;7082;4268;0;450340;193156;0;27.0;11.6;0.0
93;2021-06-01;8645;5182;0;458985;198338;0;27.5;11.9;0.0
93;2021-06-02;8048;4204;0;467033;202542;0;28.0;12.1;0.0
93;2021-06-03;8374;4474;0;475407;207016;0;28.5;12.4;0.0
93;2021-06-04;8707;5818;0;484114;212834;0;29.0;12.7;0.0
93;2021-06-05;7070;5073;0;491184;217907;0;29.4;13.0;0.0
93;2021-06-06;5213;1544;0;496397;219451;0;29.7;13.1;0.0
93;2021-06-07;7099;5810;0;503496;225261;0;30.1;13.5;0.0
93;2021-06-08;7870;6114;0;511366;231375;0;30.6;13.9;0.0
93;2021-06-09;7922;6203;0;519288;237578;0;31.1;14.2;0.0
93;2021-06-10;7123;8199;0;526411;245777;0;31.5;14.7;0.0
93;2021-06-11;7046;7598;0;533457;253375;0;31.9;15.2;0.0
93;2021-06-12;7336;5223;0;540793;258598;0;32.4;15.5;0.0
93;2021-06-13;4580;2119;0;545373;260717;0;32.7;15.6;0.0
93;2021-06-14;4768;7446;0;550141;268163;0;32.9;16.1;0.0
93;2021-06-15;5793;7974;0;555934;276137;0;33.3;16.5;0.0
93;2021-06-16;5716;7304;0;561650;283441;0;33.6;17.0;0.0
93;2021-06-17;5154;7347;0;566804;290788;0;33.9;17.4;0.0
93;2021-06-18;6102;9529;0;572906;300317;0;34.3;18.0;0.0
93;2021-06-19;5515;8275;0;578421;308592;0;34.6;18.5;0.0
93;2021-06-20;3133;4755;0;581554;313347;0;34.8;18.8;0.0
93;2021-06-21;3630;8302;0;585184;321649;0;35.0;19.3;0.0
93;2021-06-22;4070;9138;0;589254;330787;0;35.3;19.8;0.0
93;2021-06-23;4142;8733;0;593396;339520;0;35.5;20.3;0.0
93;2021-06-24;3919;8319;0;597315;347839;0;35.8;20.8;0.0
93;2021-06-25;4544;10774;0;601859;358613;0;36.0;21.5;0.0
93;2021-06-26;4104;10490;0;605963;369103;0;36.3;22.1;0.0
93;2021-06-27;2348;5147;0;608311;374250;0;36.4;22.4;0.0
93;2021-06-28;3406;9450;0;611717;383700;0;36.6;23.0;0.0
93;2021-06-29;3736;9531;0;615453;393231;0;36.9;23.5;0.0
93;2021-06-30;3873;9262;0;619326;402493;0;37.1;24.1;0.0
93;2021-07-01;4873;9406;0;624199;411899;0;37.4;24.7;0.0
93;2021-07-02;5071;10499;0;629270;422398;0;37.7;25.3;0.0
93;2021-07-03;4462;10422;0;633732;432820;0;37.9;25.9;0.0
93;2021-07-04;2383;6118;0;636115;438938;0;38.1;26.3;0.0
93;2021-07-05;4210;8616;0;640325;447554;0;38.3;26.8;0.0
93;2021-07-06;4473;9582;1;644798;457136;1;38.6;27.4;0.0
93;2021-07-07;4762;9722;0;649560;466858;1;38.9;28.0;0.0
93;2021-07-08;4749;9365;0;654309;476223;1;39.2;28.5;0.0
93;2021-07-09;5449;11104;0;659758;487327;1;39.5;29.2;0.0
93;2021-07-10;4790;10969;0;664548;498296;1;39.8;29.8;0.0
93;2021-07-11;2624;6519;0;667172;504815;1;39.9;30.2;0.0
93;2021-07-12;4806;10038;0;671978;514853;1;40.2;30.8;0.0
93;2021-07-13;8768;11827;0;680746;526680;1;40.8;31.5;0.0
93;2021-07-14;7010;5785;0;687756;532465;1;41.2;31.9;0.0
93;2021-07-15;9874;12388;1;697630;544853;2;41.8;32.6;0.0
93;2021-07-16;10477;11767;0;708107;556620;2;42.4;33.3;0.0
93;2021-07-17;8552;11156;0;716659;567776;2;42.9;34.0;0.0
93;2021-07-18;4805;6243;0;721464;574019;2;43.2;34.4;0.0
93;2021-07-19;7572;9497;0;729036;583516;2;43.7;34.9;0.0
93;2021-07-20;9915;9686;0;738951;593202;2;44.2;35.5;0.0
93;2021-07-21;11064;9668;0;750015;602870;2;44.9;36.1;0.0
93;2021-07-22;11236;8568;0;761251;611438;2;45.6;36.6;0.0
93;2021-07-23;11870;9832;0;773121;621270;2;46.3;37.2;0.0
93;2021-07-24;9602;8784;0;782723;630054;2;46.9;37.7;0.0
93;2021-07-25;5387;4780;0;788110;634834;2;47.2;38.0;0.0
93;2021-07-26;9643;7361;0;797753;642195;2;47.8;38.5;0.0
93;2021-07-27;11664;7276;1;809417;649471;3;48.5;38.9;0.0
93;2021-07-28;11609;7662;0;821026;657133;3;49.2;39.3;0.0
93;2021-07-29;10800;6725;0;831826;663858;3;49.8;39.7;0.0
93;2021-07-30;11014;7432;0;842840;671290;3;50.5;40.2;0.0
93;2021-07-31;8251;6414;0;851091;677704;3;51.0;40.6;0.0
93;2021-08-01;4534;3226;0;855625;680930;3;51.2;40.8;0.0
93;2021-08-02;7544;5515;0;863169;686445;3;51.7;41.1;0.0
93;2021-08-03;6712;6167;0;869881;692612;3;52.1;41.5;0.0
93;2021-08-04;6751;6571;0;876632;699183;3;52.5;41.9;0.0
93;2021-08-05;5543;6154;0;882175;705337;3;52.8;42.2;0.0
93;2021-08-06;6205;7338;0;888380;712675;3;53.2;42.7;0.0
93;2021-08-07;5105;6859;0;893485;719534;3;53.5;43.1;0.0
93;2021-08-08;2631;3729;0;896116;723263;3;53.7;43.3;0.0
93;2021-08-09;5563;6830;0;901679;730093;3;54.0;43.7;0.0
93;2021-08-10;5912;7635;0;907591;737728;3;54.3;44.2;0.0
93;2021-08-11;5621;7985;0;913212;745713;3;54.7;44.6;0.0
93;2021-08-12;5065;7660;0;918277;753373;3;55.0;45.1;0.0
93;2021-08-13;4759;7491;0;923036;760864;3;55.3;45.6;0.0
93;2021-08-14;3743;7309;0;926779;768173;3;55.5;46.0;0.0
93;2021-08-15;1440;2239;0;928219;770412;3;55.6;46.1;0.0
93;2021-08-16;4294;8901;0;932513;779313;3;55.8;46.7;0.0
93;2021-08-17;4779;9053;0;937292;788366;3;56.1;47.2;0.0
93;2021-08-18;4348;9133;0;941640;797499;3;56.4;47.8;0.0
93;2021-08-19;3721;7932;0;945361;805431;3;56.6;48.2;0.0
93;2021-08-20;3915;8950;0;949276;814381;3;56.8;48.8;0.0
93;2021-08-21;3030;8230;0;952306;822611;3;57.0;49.3;0.0
93;2021-08-22;1353;4215;0;953659;826826;3;57.1;49.5;0.0
93;2021-08-23;3441;8113;0;957100;834939;3;57.3;50.0;0.0
93;2021-08-24;3600;7734;0;960700;842673;3;57.5;50.5;0.0
93;2021-08-25;3487;7704;0;964187;850377;3;57.7;50.9;0.0
93;2021-08-26;3115;6468;0;967302;856845;3;57.9;51.3;0.0
93;2021-08-27;3365;7701;0;970667;864546;3;58.1;51.8;0.0
93;2021-08-28;2743;7134;0;973410;871680;3;58.3;52.2;0.0
93;2021-08-29;1236;3201;0;974646;874881;3;58.4;52.4;0.0
93;2021-08-30;2645;6690;91;977291;881571;94;58.5;52.8;0.0
93;2021-08-31;2764;6675;161;980055;888246;255;58.7;53.2;0.0
93;2021-09-01;3591;6102;324;983646;894348;579;58.9;53.5;0.0
93;2021-09-02;2722;4778;296;986368;899126;875;59.1;53.8;0.1
93;2021-09-03;2677;5845;332;989045;904971;1207;59.2;54.2;0.1
93;2021-09-04;2862;5986;243;991907;910957;1450;59.4;54.5;0.1
93;2021-09-05;947;2050;87;992854;913007;1537;59.4;54.7;0.1
93;2021-09-06;1661;3852;312;994515;916859;1849;59.5;54.9;0.1
93;2021-09-07;1760;3666;252;996275;920525;2101;59.7;55.1;0.1
93;2021-09-08;2199;3996;332;998474;924521;2433;59.8;55.4;0.1
93;2021-09-09;1890;3322;363;1000364;927843;2796;59.9;55.6;0.2
93;2021-09-10;2682;3988;376;1003046;931831;3172;60.1;55.8;0.2
93;2021-09-11;2015;4633;188;1005061;936464;3360;60.2;56.1;0.2
93;2021-09-12;631;1581;74;1005692;938045;3434;60.2;56.2;0.2
93;2021-09-13;1960;2972;459;1007652;941017;3893;60.3;56.3;0.2
93;2021-09-14;1907;2788;618;1009559;943805;4511;60.4;56.5;0.3
93;2021-09-15;1932;3100;588;1011491;946905;5099;60.6;56.7;0.3
93;2021-09-16;1616;2317;489;1013107;949222;5588;60.7;56.8;0.3
93;2021-09-17;1868;3190;542;1014975;952412;6130;60.8;57.0;0.4
93;2021-09-18;1373;3769;359;1016348;956181;6489;60.9;57.3;0.4
93;2021-09-19;383;1242;97;1016731;957423;6586;60.9;57.3;0.4
93;2021-09-20;1199;1937;447;1017930;959360;7033;60.9;57.4;0.4
93;2021-09-21;1011;1849;458;1018941;961209;7491;61.0;57.6;0.4
93;2021-09-22;1251;2774;552;1020192;963983;8043;61.1;57.7;0.5
93;2021-09-23;1008;1670;515;1021200;965653;8558;61.1;57.8;0.5
93;2021-09-24;1298;2570;631;1022498;968223;9189;61.2;58.0;0.6
93;2021-09-25;1152;3392;264;1023650;971615;9453;61.3;58.2;0.6
93;2021-09-26;296;1038;81;1023946;972653;9534;61.3;58.2;0.6
93;2021-09-27;862;1583;468;1024808;974236;10002;61.4;58.3;0.6
93;2021-09-28;897;1372;498;1025705;975608;10500;61.4;58.4;0.6
93;2021-09-29;1134;2183;599;1026839;977791;11099;61.5;58.5;0.7
93;2021-09-30;878;1576;637;1027717;979367;11736;61.5;58.6;0.7
93;2021-10-01;2096;2026;663;1029813;981393;12399;61.7;58.8;0.7
93;2021-10-02;1383;2085;364;1031196;983478;12763;61.7;58.9;0.8
93;2021-10-03;237;496;97;1031433;983974;12860;61.8;58.9;0.8
93;2021-10-04;1077;1493;706;1032510;985467;13566;61.8;59.0;0.8
93;2021-10-05;894;1357;565;1033404;986824;14131;61.9;59.1;0.8
93;2021-10-06;1116;1721;937;1034520;988545;15068;61.9;59.2;0.9
93;2021-10-07;883;1541;937;1035403;990086;16005;62.0;59.3;1.0
93;2021-10-08;1135;1850;973;1036538;991936;16978;62.1;59.4;1.0
93;2021-10-09;1263;2019;619;1037801;993955;17597;62.1;59.5;1.1
93;2021-10-10;259;424;110;1038060;994379;17707;62.2;59.5;1.1
93;2021-10-11;930;1444;853;1038990;995823;18560;62.2;59.6;1.1
93;2021-10-12;778;1247;955;1039768;997070;19515;62.3;59.7;1.2
93;2021-10-13;1029;1542;1119;1040797;998612;20634;62.3;59.8;1.2
93;2021-10-14;852;1329;1060;1041649;999941;21694;62.4;59.9;1.3
93;2021-10-15;1133;1620;1202;1042782;1001561;22896;62.4;60.0;1.4
93;2021-10-16;1075;1563;686;1043857;1003124;23582;62.5;60.1;1.4
93;2021-10-17;213;303;164;1044070;1003427;23746;62.5;60.1;1.4
93;2021-10-18;736;1199;939;1044806;1004626;24685;62.6;60.2;1.5
93;2021-10-19;706;1123;917;1045512;1005749;25602;62.6;60.2;1.5
93;2021-10-20;723;1077;1427;1046235;1006826;27029;62.6;60.3;1.6
93;2021-10-21;553;972;1277;1046788;1007798;28306;62.7;60.3;1.7
93;2021-10-22;796;1291;1373;1047584;1009089;29679;62.7;60.4;1.8
93;2021-10-23;814;1266;961;1048398;1010355;30640;62.8;60.5;1.8
93;2021-10-24;164;249;165;1048562;1010604;30805;62.8;60.5;1.8
93;2021-10-25;529;913;1111;1049091;1011517;31916;62.8;60.6;1.9
93;2021-10-26;500;823;1118;1049591;1012340;33034;62.8;60.6;2.0
93;2021-10-27;649;1011;1566;1050240;1013351;34600;62.9;60.7;2.1
93;2021-10-28;567;934;1433;1050807;1014285;36033;62.9;60.7;2.2
93;2021-10-29;605;1040;1469;1051412;1015325;37502;63.0;60.8;2.2
93;2021-10-30;612;1236;1046;1052024;1016561;38548;63.0;60.9;2.3
93;2021-10-31;153;244;177;1052177;1016805;38725;63.0;60.9;2.3
93;2021-11-01;257;202;90;1052434;1017007;38815;63.0;60.9;2.3
93;2021-11-02;627;885;1057;1053061;1017892;39872;63.1;60.9;2.4
93;2021-11-03;555;1021;1319;1053616;1018913;41191;63.1;61.0;2.5
93;2021-11-04;509;846;1280;1054125;1019759;42471;63.1;61.1;2.5
93;2021-11-05;556;948;1346;1054681;1020707;43817;63.1;61.1;2.6
93;2021-11-06;562;971;957;1055243;1021678;44774;63.2;61.2;2.7
93;2021-11-07;92;221;174;1055335;1021899;44948;63.2;61.2;2.7
93;2021-11-08;401;731;1530;1055736;1022630;46478;63.2;61.2;2.8
93;2021-11-09;423;871;1930;1056159;1023501;48408;63.2;61.3;2.9
93;2021-11-10;612;1004;2525;1056771;1024505;50933;63.3;61.3;3.0
93;2021-11-11;171;245;484;1056942;1024750;51417;63.3;61.4;3.1
93;2021-11-12;582;915;2729;1057524;1025665;54146;63.3;61.4;3.2
93;2021-11-13;552;806;1511;1058076;1026471;55657;63.4;61.5;3.3
93;2021-11-14;94;202;287;1058170;1026673;55944;63.4;61.5;3.3
93;2021-11-15;434;761;2509;1058604;1027434;58453;63.4;61.5;3.5
93;2021-11-16;475;726;2695;1059079;1028160;61148;63.4;61.6;3.7
93;2021-11-17;528;868;2343;1059607;1029028;63491;63.4;61.6;3.8
93;2021-11-18;430;695;2319;1060037;1029723;65810;63.5;61.7;3.9
93;2021-11-19;526;870;2926;1060563;1030593;68736;63.5;61.7;4.1
93;2021-11-20;699;1018;2087;1061262;1031611;70823;63.5;61.8;4.2
93;2021-11-21;106;235;385;1061368;1031846;71208;63.5;61.8;4.3
93;2021-11-22;405;608;2823;1061773;1032454;74031;63.6;61.8;4.4
93;2021-11-23;460;758;2931;1062233;1033212;76962;63.6;61.9;4.6
93;2021-11-24;560;848;2896;1062793;1034060;79858;63.6;61.9;4.8
93;2021-11-25;439;695;4006;1063232;1034755;83864;63.7;62.0;5.0
93;2021-11-26;527;871;6384;1063759;1035626;90248;63.7;62.0;5.4
93;2021-11-27;552;822;5520;1064311;1036448;95768;63.7;62.1;5.7
93;2021-11-28;162;267;2209;1064473;1036715;97977;63.7;62.1;5.9
93;2021-11-29;354;637;6777;1064827;1037352;104754;63.8;62.1;6.3
93;2021-11-30;386;664;8292;1065213;1038016;113046;63.8;62.2;6.8
93;2021-12-01;431;788;8296;1065644;1038804;121342;63.8;62.2;7.3
93;2021-12-02;385;640;8089;1066029;1039444;129431;63.8;62.2;7.7
93;2021-12-03;415;787;10026;1066444;1040231;139457;63.9;62.3;8.3
93;2021-12-04;416;788;7596;1066860;1041019;147053;63.9;62.3;8.8
93;2021-12-05;158;280;3327;1067018;1041299;150380;63.9;62.3;9.0
93;2021-12-06;371;692;8771;1067389;1041991;159151;63.9;62.4;9.5
93;2021-12-07;414;773;9998;1067803;1042764;169149;63.9;62.4;10.1
93;2021-12-08;464;839;10252;1068267;1043603;179401;64.0;62.5;10.7
93;2021-12-09;428;711;9526;1068695;1044314;188927;64.0;62.5;11.3
93;2021-12-10;499;826;12586;1069194;1045140;201513;64.0;62.6;12.1
93;2021-12-11;464;849;9690;1069658;1045989;211203;64.0;62.6;12.6
93;2021-12-12;214;348;5561;1069872;1046337;216764;64.1;62.6;13.0
93;2021-12-13;418;734;10331;1070290;1047071;227095;64.1;62.7;13.6
93;2021-12-14;476;709;12152;1070766;1047780;239247;64.1;62.7;14.3
93;2021-12-15;473;728;11590;1071239;1048508;250837;64.1;62.8;15.0
93;2021-12-16;437;705;10947;1071676;1049213;261784;64.2;62.8;15.7
93;2021-12-17;525;777;13319;1072201;1049990;275103;64.2;62.9;16.5
93;2021-12-18;548;725;11013;1072749;1050715;286116;64.2;62.9;17.1
93;2021-12-19;284;319;6285;1073033;1051034;292401;64.2;62.9;17.5
93;2021-12-20;584;777;10878;1073617;1051811;303279;64.3;63.0;18.2
93;2021-12-21;645;742;11199;1074262;1052553;314478;64.3;63.0;18.8
93;2021-12-22;636;679;10442;1074898;1053232;324920;64.4;63.1;19.5
94;2020-12-27;13;0;0;13;0;0;0.0;0.0;0.0
94;2020-12-28;9;1;0;22;1;0;0.0;0.0;0.0
94;2020-12-29;3;0;0;25;1;0;0.0;0.0;0.0
94;2020-12-30;10;0;0;35;1;0;0.0;0.0;0.0
94;2020-12-31;13;2;0;48;3;0;0.0;0.0;0.0
94;2021-01-01;14;0;0;62;3;0;0.0;0.0;0.0
94;2021-01-02;11;0;0;73;3;0;0.0;0.0;0.0
94;2021-01-03;12;0;0;85;3;0;0.0;0.0;0.0
94;2021-01-04;65;1;0;150;4;0;0.0;0.0;0.0
94;2021-01-05;262;2;0;412;6;0;0.0;0.0;0.0
94;2021-01-06;376;6;0;788;12;0;0.1;0.0;0.0
94;2021-01-07;728;7;0;1516;19;0;0.1;0.0;0.0
94;2021-01-08;946;10;0;2462;29;0;0.2;0.0;0.0
94;2021-01-09;132;0;0;2594;29;0;0.2;0.0;0.0
94;2021-01-10;100;0;0;2694;29;0;0.2;0.0;0.0
94;2021-01-11;1043;12;0;3737;41;0;0.3;0.0;0.0
94;2021-01-12;1298;17;0;5035;58;0;0.4;0.0;0.0
94;2021-01-13;1312;17;0;6347;75;0;0.5;0.0;0.0
94;2021-01-14;1361;23;0;7708;98;0;0.5;0.0;0.0
94;2021-01-15;1094;20;0;8802;118;0;0.6;0.0;0.0
94;2021-01-16;270;2;0;9072;120;0;0.6;0.0;0.0
94;2021-01-17;134;3;0;9206;123;0;0.7;0.0;0.0
94;2021-01-18;1443;27;0;10649;150;0;0.8;0.0;0.0
94;2021-01-19;1873;23;0;12522;173;0;0.9;0.0;0.0
94;2021-01-20;2165;29;0;14687;202;0;1.0;0.0;0.0
94;2021-01-21;2957;31;0;17644;233;0;1.3;0.0;0.0
94;2021-01-22;2116;19;0;19760;252;0;1.4;0.0;0.0
94;2021-01-23;745;5;0;20505;257;0;1.5;0.0;0.0
94;2021-01-24;272;1;0;20777;258;0;1.5;0.0;0.0
94;2021-01-25;1307;28;0;22084;286;0;1.6;0.0;0.0
94;2021-01-26;1540;27;0;23624;313;0;1.7;0.0;0.0
94;2021-01-27;1953;76;0;25577;389;0;1.8;0.0;0.0
94;2021-01-28;1924;148;0;27501;537;0;2.0;0.0;0.0
94;2021-01-29;1530;190;0;29031;727;0;2.1;0.1;0.0
94;2021-01-30;661;13;0;29692;740;0;2.1;0.1;0.0
94;2021-01-31;126;12;0;29818;752;0;2.1;0.1;0.0
94;2021-02-01;916;239;0;30734;991;0;2.2;0.1;0.0
94;2021-02-02;969;319;0;31703;1310;0;2.3;0.1;0.0
94;2021-02-03;854;400;0;32557;1710;0;2.3;0.1;0.0
94;2021-02-04;998;526;0;33555;2236;0;2.4;0.2;0.0
94;2021-02-05;989;570;0;34544;2806;0;2.5;0.2;0.0
94;2021-02-06;467;71;0;35011;2877;0;2.5;0.2;0.0
94;2021-02-07;115;13;0;35126;2890;0;2.5;0.2;0.0
94;2021-02-08;698;666;0;35824;3556;0;2.5;0.3;0.0
94;2021-02-09;1076;1135;0;36900;4691;0;2.6;0.3;0.0
94;2021-02-10;1105;1234;0;38005;5925;0;2.7;0.4;0.0
94;2021-02-11;1465;1858;0;39470;7783;0;2.8;0.6;0.0
94;2021-02-12;1373;1530;0;40843;9313;0;2.9;0.7;0.0
94;2021-02-13;300;244;0;41143;9557;0;2.9;0.7;0.0
94;2021-02-14;47;82;0;41190;9639;0;2.9;0.7;0.0
94;2021-02-15;679;1518;0;41869;11157;0;3.0;0.8;0.0
94;2021-02-16;694;2249;0;42563;13406;0;3.0;1.0;0.0
94;2021-02-17;642;1575;0;43205;14981;0;3.1;1.1;0.0
94;2021-02-18;943;1896;0;44148;16877;0;3.1;1.2;0.0
94;2021-02-19;920;1571;0;45068;18448;0;3.2;1.3;0.0
94;2021-02-20;180;859;0;45248;19307;0;3.2;1.4;0.0
94;2021-02-21;43;148;0;45291;19455;0;3.2;1.4;0.0
94;2021-02-22;482;1284;0;45773;20739;0;3.3;1.5;0.0
94;2021-02-23;641;1437;0;46414;22176;0;3.3;1.6;0.0
94;2021-02-24;656;1058;0;47070;23234;0;3.3;1.7;0.0
94;2021-02-25;1152;1644;0;48222;24878;0;3.4;1.8;0.0
94;2021-02-26;1312;1214;0;49534;26092;0;3.5;1.9;0.0
94;2021-02-27;594;595;0;50128;26687;0;3.6;1.9;0.0
94;2021-02-28;87;82;0;50215;26769;0;3.6;1.9;0.0
94;2021-03-01;948;1000;0;51163;27769;0;3.6;2.0;0.0
94;2021-03-02;1603;1128;0;52766;28897;0;3.8;2.1;0.0
94;2021-03-03;2014;1126;0;54780;30023;0;3.9;2.1;0.0
94;2021-03-04;3024;1265;0;57804;31288;0;4.1;2.2;0.0
94;2021-03-05;4122;1429;0;61926;32717;0;4.4;2.3;0.0
94;2021-03-06;5153;639;0;67079;33356;0;4.8;2.4;0.0
94;2021-03-07;3928;526;0;71007;33882;0;5.1;2.4;0.0
94;2021-03-08;1857;891;0;72864;34773;0;5.2;2.5;0.0
94;2021-03-09;2721;1070;0;75585;35843;0;5.4;2.5;0.0
94;2021-03-10;3194;1127;0;78779;36970;0;5.6;2.6;0.0
94;2021-03-11;4129;1101;0;82908;38071;0;5.9;2.7;0.0
94;2021-03-12;4781;1003;0;87689;39074;0;6.2;2.8;0.0
94;2021-03-13;4444;454;0;92133;39528;0;6.6;2.8;0.0
94;2021-03-14;2158;151;0;94291;39679;0;6.7;2.8;0.0
94;2021-03-15;3312;734;0;97603;40413;0;6.9;2.9;0.0
94;2021-03-16;2807;500;0;100410;40913;0;7.1;2.9;0.0
94;2021-03-17;2896;447;0;103306;41360;0;7.3;2.9;0.0
94;2021-03-18;3396;463;0;106702;41823;0;7.6;3.0;0.0
94;2021-03-19;4444;645;0;111146;42468;0;7.9;3.0;0.0
94;2021-03-20;3698;316;0;114844;42784;0;8.2;3.0;0.0
94;2021-03-21;1165;290;0;116009;43074;0;8.3;3.1;0.0
94;2021-03-22;3426;644;0;119435;43718;0;8.5;3.1;0.0
94;2021-03-23;4743;744;0;124178;44462;0;8.8;3.2;0.0
94;2021-03-24;4924;673;0;129102;45135;0;9.2;3.2;0.0
94;2021-03-25;6583;780;0;135685;45915;0;9.7;3.3;0.0
94;2021-03-26;6335;808;0;142020;46723;0;10.1;3.3;0.0
94;2021-03-27;4513;314;0;146533;47037;0;10.4;3.3;0.0
94;2021-03-28;1501;94;0;148034;47131;0;10.5;3.4;0.0
94;2021-03-29;4103;1145;0;152137;48276;0;10.8;3.4;0.0
94;2021-03-30;5224;1411;0;157361;49687;0;11.2;3.5;0.0
94;2021-03-31;4771;1744;0;162132;51431;0;11.5;3.7;0.0
94;2021-04-01;5722;2356;0;167854;53787;0;11.9;3.8;0.0
94;2021-04-02;5246;2485;0;173100;56272;0;12.3;4.0;0.0
94;2021-04-03;2932;2437;0;176032;58709;0;12.5;4.2;0.0
94;2021-04-04;992;704;0;177024;59413;0;12.6;4.2;0.0
94;2021-04-05;787;188;0;177811;59601;0;12.6;4.2;0.0
94;2021-04-06;3574;2367;0;181385;61968;0;12.9;4.4;0.0
94;2021-04-07;3982;2226;0;185367;64194;0;13.2;4.6;0.0
94;2021-04-08;5007;2156;0;190374;66350;0;13.5;4.7;0.0
94;2021-04-09;5942;2594;0;196316;68944;0;14.0;4.9;0.0
94;2021-04-10;3242;3130;0;199558;72074;0;14.2;5.1;0.0
94;2021-04-11;1015;1594;0;200573;73668;0;14.3;5.2;0.0
94;2021-04-12;3551;2385;0;204124;76053;0;14.5;5.4;0.0
94;2021-04-13;4373;3304;0;208497;79357;0;14.8;5.6;0.0
94;2021-04-14;3811;2840;0;212308;82197;0;15.1;5.8;0.0
94;2021-04-15;4586;3231;0;216894;85428;0;15.4;6.1;0.0
94;2021-04-16;4844;3035;0;221738;88463;0;15.8;6.3;0.0
94;2021-04-17;2776;2591;0;224514;91054;0;16.0;6.5;0.0
94;2021-04-18;944;891;0;225458;91945;0;16.0;6.5;0.0
94;2021-04-19;3071;2621;0;228529;94566;0;16.3;6.7;0.0
94;2021-04-20;3323;3019;0;231852;97585;0;16.5;6.9;0.0
94;2021-04-21;3298;3319;0;235150;100904;0;16.7;7.2;0.0
94;2021-04-22;3917;3777;0;239067;104681;0;17.0;7.4;0.0
94;2021-04-23;4278;3908;0;243345;108589;0;17.3;7.7;0.0
94;2021-04-24;4327;3224;0;247672;111813;0;17.6;8.0;0.0
94;2021-04-25;2238;1100;0;249910;112913;0;17.8;8.0;0.0
94;2021-04-26;3935;3177;0;253845;116090;0;18.1;8.3;0.0
94;2021-04-27;5136;3480;0;258981;119570;0;18.4;8.5;0.0
94;2021-04-28;5176;3744;0;264157;123314;0;18.8;8.8;0.0
94;2021-04-29;6249;3873;0;270406;127187;0;19.2;9.0;0.0
94;2021-04-30;6419;3946;0;276825;131133;0;19.7;9.3;0.0
94;2021-05-01;4005;895;0;280830;132028;0;20.0;9.4;0.0
94;2021-05-02;2269;1137;0;283099;133165;0;20.1;9.5;0.0
94;2021-05-03;5766;5111;0;288865;138276;0;20.5;9.8;0.0
94;2021-05-04;6118;3773;0;294983;142049;0;21.0;10.1;0.0
94;2021-05-05;6196;3632;0;301179;145681;0;21.4;10.4;0.0
94;2021-05-06;6999;3939;0;308178;149620;0;21.9;10.6;0.0
94;2021-05-07;6510;4441;0;314688;154061;0;22.4;11.0;0.0
94;2021-05-08;5300;2443;0;319988;156504;0;22.8;11.1;0.0
94;2021-05-09;3845;1817;0;323833;158321;0;23.0;11.3;0.0
94;2021-05-10;7143;3308;0;330976;161629;0;23.5;11.5;0.0
94;2021-05-11;8454;4072;0;339430;165701;0;24.1;11.8;0.0
94;2021-05-12;9185;3792;0;348615;169493;0;24.8;12.1;0.0
94;2021-05-13;7988;1323;0;356603;170816;0;25.4;12.1;0.0
94;2021-05-14;9487;3232;0;366090;174048;0;26.0;12.4;0.0
94;2021-05-15;8326;2170;0;374416;176218;0;26.6;12.5;0.0
94;2021-05-16;3945;773;0;378361;176991;0;26.9;12.6;0.0
94;2021-05-17;9424;2234;0;387785;179225;0;27.6;12.7;0.0
94;2021-05-18;9889;2408;0;397674;181633;0;28.3;12.9;0.0
94;2021-05-19;9834;3464;0;407508;185097;0;29.0;13.2;0.0
94;2021-05-20;10371;3848;0;417879;188945;0;29.7;13.4;0.0
94;2021-05-21;10165;3021;0;428044;191966;0;30.4;13.7;0.0
94;2021-05-22;8790;1874;0;436834;193840;0;31.1;13.8;0.0
94;2021-05-23;4027;611;0;440861;194451;0;31.4;13.8;0.0
94;2021-05-24;7392;1107;0;448253;195558;0;31.9;13.9;0.0
94;2021-05-25;8261;3915;0;456514;199473;0;32.5;14.2;0.0
94;2021-05-26;8367;3335;0;464881;202808;0;33.1;14.4;0.0
94;2021-05-27;8664;4540;0;473545;207348;0;33.7;14.7;0.0
94;2021-05-28;8674;5002;0;482219;212350;0;34.3;15.1;0.0
94;2021-05-29;7858;3356;0;490077;215706;0;34.9;15.3;0.0
94;2021-05-30;3526;804;0;493603;216510;0;35.1;15.4;0.0
94;2021-05-31;8371;4129;0;501974;220639;0;35.7;15.7;0.0
94;2021-06-01;9017;5115;0;510991;225754;0;36.3;16.1;0.0
94;2021-06-02;8356;4715;0;519347;230469;0;36.9;16.4;0.0
94;2021-06-03;8782;5796;0;528129;236265;0;37.6;16.8;0.0
94;2021-06-04;9105;6596;0;537234;242861;0;38.2;17.3;0.0
94;2021-06-05;7071;5978;0;544305;248839;0;38.7;17.7;0.0
94;2021-06-06;3062;1711;0;547367;250550;0;38.9;17.8;0.0
94;2021-06-07;7345;5813;0;554712;256363;0;39.5;18.2;0.0
94;2021-06-08;7668;6334;0;562380;262697;0;40.0;18.7;0.0
94;2021-06-09;7469;6954;0;569849;269651;0;40.5;19.2;0.0
94;2021-06-10;7677;9769;0;577526;279420;0;41.1;19.9;0.0
94;2021-06-11;7112;7898;0;584638;287318;0;41.6;20.4;0.0
94;2021-06-12;8237;6347;0;592875;293665;0;42.2;20.9;0.0
94;2021-06-13;2736;2653;0;595611;296318;0;42.4;21.1;0.0
94;2021-06-14;5895;7902;0;601506;304220;0;42.8;21.6;0.0
94;2021-06-15;6685;8541;0;608191;312761;0;43.3;22.2;0.0
94;2021-06-16;6270;8023;0;614461;320784;0;43.7;22.8;0.0
94;2021-06-17;5910;8358;0;620371;329142;0;44.1;23.4;0.0
94;2021-06-18;5828;10720;0;626199;339862;0;44.5;24.2;0.0
94;2021-06-19;5162;8548;0;631361;348410;0;44.9;24.8;0.0
94;2021-06-20;1601;3492;0;632962;351902;0;45.0;25.0;0.0
94;2021-06-21;4427;9912;0;637389;361814;0;45.3;25.7;0.0
94;2021-06-22;4520;10096;0;641909;371910;0;45.7;26.5;0.0
94;2021-06-23;4223;10310;0;646132;382220;0;46.0;27.2;0.0
94;2021-06-24;4605;9606;0;650737;391826;0;46.3;27.9;0.0
94;2021-06-25;4178;12647;0;654915;404473;0;46.6;28.8;0.0
94;2021-06-26;3321;10676;0;658236;415149;0;46.8;29.5;0.0
94;2021-06-27;1076;4024;0;659312;419173;0;46.9;29.8;0.0
94;2021-06-28;3340;10393;0;662652;429566;0;47.1;30.6;0.0
94;2021-06-29;3806;11133;0;666458;440699;0;47.4;31.3;0.0
94;2021-06-30;4023;10330;0;670481;451029;0;47.7;32.1;0.0
94;2021-07-01;4677;10177;0;675158;461206;0;48.0;32.8;0.0
94;2021-07-02;4537;10983;0;679695;472189;0;48.3;33.6;0.0
94;2021-07-03;3525;10471;0;683220;482660;0;48.6;34.3;0.0
94;2021-07-04;1430;4102;0;684650;486762;0;48.7;34.6;0.0
94;2021-07-05;3816;9739;0;688466;496501;0;49.0;35.3;0.0
94;2021-07-06;4120;9761;1;692586;506262;1;49.3;36.0;0.0
94;2021-07-07;4314;10018;0;696900;516280;1;49.6;36.7;0.0
94;2021-07-08;4640;9433;0;701540;525713;1;49.9;37.4;0.0
94;2021-07-09;4744;10839;0;706284;536552;1;50.2;38.2;0.0
94;2021-07-10;3838;9670;0;710122;546222;1;50.5;38.8;0.0
94;2021-07-11;1533;3746;0;711655;549968;1;50.6;39.1;0.0
94;2021-07-12;3683;10812;0;715338;560780;1;50.9;39.9;0.0
94;2021-07-13;6243;11620;0;721581;572400;1;51.3;40.7;0.0
94;2021-07-14;4521;5168;0;726102;577568;1;51.6;41.1;0.0
94;2021-07-15;7209;11917;0;733311;589485;1;52.2;41.9;0.0
94;2021-07-16;7777;11133;0;741088;600618;1;52.7;42.7;0.0
94;2021-07-17;5967;10131;0;747055;610749;1;53.1;43.4;0.0
94;2021-07-18;2807;3377;0;749862;614126;1;53.3;43.7;0.0
94;2021-07-19;6536;9814;0;756398;623940;1;53.8;44.4;0.0
94;2021-07-20;8114;9875;0;764512;633815;1;54.4;45.1;0.0
94;2021-07-21;8727;9286;0;773239;643101;1;55.0;45.7;0.0
94;2021-07-22;9530;9064;1;782769;652165;2;55.7;46.4;0.0
94;2021-07-23;9072;9447;0;791841;661612;2;56.3;47.1;0.0
94;2021-07-24;7025;8203;0;798866;669815;2;56.8;47.6;0.0
94;2021-07-25;2490;2653;0;801356;672468;2;57.0;47.8;0.0
94;2021-07-26;7418;7967;0;808774;680435;2;57.5;48.4;0.0
94;2021-07-27;8540;7266;0;817314;687701;2;58.1;48.9;0.0
94;2021-07-28;8675;6789;0;825989;694490;2;58.7;49.4;0.0
94;2021-07-29;8704;6607;0;834693;701097;2;59.4;49.9;0.0
94;2021-07-30;7779;6774;0;842472;707871;2;59.9;50.3;0.0
94;2021-07-31;6357;5918;0;848829;713789;2;60.4;50.8;0.0
94;2021-08-01;2646;1711;0;851475;715500;2;60.6;50.9;0.0
94;2021-08-02;6336;5558;0;857811;721058;2;61.0;51.3;0.0
94;2021-08-03;6103;5523;0;863914;726581;2;61.4;51.7;0.0
94;2021-08-04;5819;5264;0;869733;731845;2;61.9;52.1;0.0
94;2021-08-05;5711;5679;0;875444;737524;2;62.3;52.5;0.0
94;2021-08-06;5318;5752;0;880762;743276;2;62.6;52.9;0.0
94;2021-08-07;4030;4477;0;884792;747753;2;62.9;53.2;0.0
94;2021-08-08;1288;1706;0;886080;749459;2;63.0;53.3;0.0
94;2021-08-09;4512;6266;0;890592;755725;2;63.3;53.7;0.0
94;2021-08-10;4892;6091;0;895484;761816;2;63.7;54.2;0.0
94;2021-08-11;3905;5741;0;899389;767557;2;64.0;54.6;0.0
94;2021-08-12;3996;6252;0;903385;773809;2;64.3;55.0;0.0
94;2021-08-13;3373;5541;0;906758;779350;2;64.5;55.4;0.0
94;2021-08-14;2586;4871;0;909344;784221;2;64.7;55.8;0.0
94;2021-08-15;558;917;0;909902;785138;2;64.7;55.8;0.0
94;2021-08-16;3190;6956;0;913092;792094;2;64.9;56.3;0.0
94;2021-08-17;3134;6911;0;916226;799005;2;65.2;56.8;0.0
94;2021-08-18;2949;6421;0;919175;805426;2;65.4;57.3;0.0
94;2021-08-19;2935;6428;0;922110;811854;2;65.6;57.7;0.0
94;2021-08-20;2793;6569;0;924903;818423;2;65.8;58.2;0.0
94;2021-08-21;2183;5556;0;927086;823979;2;65.9;58.6;0.0
94;2021-08-22;715;2356;0;927801;826335;2;66.0;58.8;0.0
94;2021-08-23;2560;7072;0;930361;833407;2;66.2;59.3;0.0
94;2021-08-24;2838;6983;0;933199;840390;2;66.4;59.8;0.0
94;2021-08-25;2471;6104;0;935670;846494;2;66.5;60.2;0.0
94;2021-08-26;2345;5939;0;938015;852433;2;66.7;60.6;0.0
94;2021-08-27;2399;6283;0;940414;858716;2;66.9;61.1;0.0
94;2021-08-28;2107;5722;0;942521;864438;2;67.0;61.5;0.0
94;2021-08-29;700;1902;0;943221;866340;2;67.1;61.6;0.0
94;2021-08-30;2436;6606;170;945657;872946;172;67.3;62.1;0.0
94;2021-08-31;2389;6450;262;948046;879396;434;67.4;62.5;0.0
94;2021-09-01;2498;4872;561;950544;884268;995;67.6;62.9;0.1
94;2021-09-02;1965;4121;598;952509;888389;1593;67.7;63.2;0.1
94;2021-09-03;1951;4604;623;954460;892993;2216;67.9;63.5;0.2
94;2021-09-04;2127;4534;283;956587;897527;2499;68.0;63.8;0.2
94;2021-09-05;619;1034;156;957206;898561;2655;68.1;63.9;0.2
94;2021-09-06;1440;3001;665;958646;901562;3320;68.2;64.1;0.2
94;2021-09-07;1270;2807;597;959916;904369;3917;68.3;64.3;0.3
94;2021-09-08;1461;2875;495;961377;907244;4412;68.4;64.5;0.3
94;2021-09-09;1172;2423;641;962549;909667;5053;68.5;64.7;0.4
94;2021-09-10;1594;3019;742;964143;912686;5795;68.6;64.9;0.4
94;2021-09-11;1571;3692;258;965714;916378;6053;68.7;65.2;0.4
94;2021-09-12;383;924;92;966097;917302;6145;68.7;65.2;0.4
94;2021-09-13;1197;2096;678;967294;919398;6823;68.8;65.4;0.5
94;2021-09-14;1257;2073;1033;968551;921471;7856;68.9;65.5;0.6
94;2021-09-15;1315;2720;932;969866;924191;8788;69.0;65.7;0.6
94;2021-09-16;996;1782;1102;970862;925973;9890;69.0;65.9;0.7
94;2021-09-17;1186;2295;889;972048;928268;10779;69.1;66.0;0.8
94;2021-09-18;1072;3187;332;973120;931455;11111;69.2;66.2;0.8
94;2021-09-19;265;748;164;973385;932203;11275;69.2;66.3;0.8
94;2021-09-20;815;1646;768;974200;933849;12043;69.3;66.4;0.9
94;2021-09-21;902;1624;956;975102;935473;12999;69.4;66.5;0.9
94;2021-09-22;917;2199;707;976019;937672;13706;69.4;66.7;1.0
94;2021-09-23;767;1455;852;976786;939127;14558;69.5;66.8;1.0
94;2021-09-24;979;1899;837;977765;941026;15395;69.5;66.9;1.1
94;2021-09-25;927;2801;370;978692;943827;15765;69.6;67.1;1.1
94;2021-09-26;231;619;93;978923;944446;15858;69.6;67.2;1.1
94;2021-09-27;637;1368;762;979560;945814;16620;69.7;67.3;1.2
94;2021-09-28;687;1275;887;980247;947089;17507;69.7;67.4;1.2
94;2021-09-29;807;1560;693;981054;948649;18200;69.8;67.5;1.3
94;2021-09-30;950;1139;1015;982004;949788;19215;69.8;67.6;1.4
94;2021-10-01;1319;1605;979;983323;951393;20194;69.9;67.7;1.4
94;2021-10-02;1024;2003;446;984347;953396;20640;70.0;67.8;1.5
94;2021-10-03;217;431;101;984564;953827;20741;70.0;67.8;1.5
94;2021-10-04;656;1035;980;985220;954862;21721;70.1;67.9;1.5
94;2021-10-05;666;1066;936;985886;955928;22657;70.1;68.0;1.6
94;2021-10-06;690;1222;1007;986576;957150;23664;70.2;68.1;1.7
94;2021-10-07;614;993;1282;987190;958143;24946;70.2;68.1;1.8
94;2021-10-08;962;1445;1346;988152;959588;26292;70.3;68.2;1.9
94;2021-10-09;825;1497;634;988977;961085;26926;70.3;68.4;1.9
94;2021-10-10;188;360;241;989165;961445;27167;70.4;68.4;1.9
94;2021-10-11;582;941;1185;989747;962386;28352;70.4;68.4;2.0
94;2021-10-12;637;1088;1350;990384;963474;29702;70.4;68.5;2.1
94;2021-10-13;738;1070;1180;991122;964544;30882;70.5;68.6;2.2
94;2021-10-14;636;1020;1530;991758;965564;32412;70.5;68.7;2.3
94;2021-10-15;871;1276;1625;992629;966840;34037;70.6;68.8;2.4
94;2021-10-16;810;1249;882;993439;968089;34919;70.7;68.9;2.5
94;2021-10-17;172;284;186;993611;968373;35105;70.7;68.9;2.5
94;2021-10-18;483;804;1531;994094;969177;36636;70.7;68.9;2.6
94;2021-10-19;343;710;1523;994437;969887;38159;70.7;69.0;2.7
94;2021-10-20;399;819;1663;994836;970706;39822;70.8;69.0;2.8
94;2021-10-21;343;788;1851;995179;971494;41673;70.8;69.1;3.0
94;2021-10-22;425;1108;1997;995604;972602;43670;70.8;69.2;3.1
94;2021-10-23;462;1001;1240;996066;973603;44910;70.8;69.2;3.2
94;2021-10-24;95;185;294;996161;973788;45204;70.8;69.3;3.2
94;2021-10-25;314;550;1609;996475;974338;46813;70.9;69.3;3.3
94;2021-10-26;304;553;1807;996779;974891;48620;70.9;69.3;3.5
94;2021-10-27;306;625;1598;997085;975516;50218;70.9;69.4;3.6
94;2021-10-28;312;584;1936;997397;976100;52154;70.9;69.4;3.7
94;2021-10-29;316;683;1887;997713;976783;54041;71.0;69.5;3.8
94;2021-10-30;304;648;1159;998017;977431;55200;71.0;69.5;3.9
94;2021-10-31;65;151;255;998082;977582;55455;71.0;69.5;3.9
94;2021-11-01;85;85;65;998167;977667;55520;71.0;69.5;3.9
94;2021-11-02;303;678;1832;998470;978345;57352;71.0;69.6;4.1
94;2021-11-03;291;591;1766;998761;978936;59118;71.0;69.6;4.2
94;2021-11-04;296;579;2206;999057;979515;61324;71.1;69.7;4.4
94;2021-11-05;299;595;2186;999356;980110;63510;71.1;69.7;4.5
94;2021-11-06;310;654;1429;999666;980764;64939;71.1;69.8;4.6
94;2021-11-07;73;152;450;999739;980916;65389;71.1;69.8;4.7
94;2021-11-08;188;498;2058;999927;981414;67447;71.1;69.8;4.8
94;2021-11-09;249;590;2903;1000176;982004;70350;71.1;69.8;5.0
94;2021-11-10;346;606;2998;1000522;982610;73348;71.2;69.9;5.2
94;2021-11-11;25;89;211;1000547;982699;73559;71.2;69.9;5.2
94;2021-11-12;328;631;3330;1000875;983330;76889;71.2;69.9;5.5
94;2021-11-13;331;555;1932;1001206;983885;78821;71.2;70.0;5.6
94;2021-11-14;60;126;380;1001266;984011;79201;71.2;70.0;5.6
94;2021-11-15;183;346;2627;1001449;984357;81828;71.2;70.0;5.8
94;2021-11-16;247;388;3397;1001696;984745;85225;71.2;70.0;6.1
94;2021-11-17;330;497;2918;1002026;985242;88143;71.3;70.1;6.3
94;2021-11-18;293;404;3443;1002319;985646;91586;71.3;70.1;6.5
94;2021-11-19;354;487;3810;1002673;986133;95396;71.3;70.1;6.8
94;2021-11-20;423;560;2267;1003096;986693;97663;71.3;70.2;6.9
94;2021-11-21;71;80;427;1003167;986773;98090;71.3;70.2;7.0
94;2021-11-22;209;320;2855;1003376;987093;100945;71.4;70.2;7.2
94;2021-11-23;248;329;3554;1003624;987422;104499;71.4;70.2;7.4
94;2021-11-24;348;427;3483;1003972;987849;107982;71.4;70.3;7.7
94;2021-11-25;288;357;4706;1004260;988206;112688;71.4;70.3;8.0
94;2021-11-26;348;444;6708;1004608;988650;119396;71.4;70.3;8.5
94;2021-11-27;323;430;5484;1004931;989080;124880;71.5;70.3;8.9
94;2021-11-28;66;90;1930;1004997;989170;126810;71.5;70.4;9.0
94;2021-11-29;156;275;6035;1005153;989445;132845;71.5;70.4;9.4
94;2021-11-30;249;370;9267;1005402;989815;142112;71.5;70.4;10.1
94;2021-12-01;252;433;9558;1005654;990248;151670;71.5;70.4;10.8
94;2021-12-02;218;263;10322;1005872;990511;161992;71.5;70.4;11.5
94;2021-12-03;227;417;11133;1006099;990928;173125;71.6;70.5;12.3
94;2021-12-04;213;419;8615;1006312;991347;181740;71.6;70.5;12.9
94;2021-12-05;69;102;2871;1006381;991449;184611;71.6;70.5;13.1
94;2021-12-06;175;340;9887;1006556;991789;194498;71.6;70.5;13.8
94;2021-12-07;248;394;12918;1006804;992183;207416;71.6;70.6;14.8
94;2021-12-08;246;398;11724;1007050;992581;219140;71.6;70.6;15.6
94;2021-12-09;268;383;13129;1007318;992964;232269;71.6;70.6;16.5
94;2021-12-10;249;479;13685;1007567;993443;245954;71.7;70.7;17.5
94;2021-12-11;251;460;10867;1007818;993903;256821;71.7;70.7;18.3
94;2021-12-12;93;121;5174;1007911;994024;261995;71.7;70.7;18.6
94;2021-12-13;199;331;11760;1008110;994355;273755;71.7;70.7;19.5
94;2021-12-14;258;403;14818;1008368;994758;288573;71.7;70.7;20.5
94;2021-12-15;317;504;13325;1008685;995262;301898;71.7;70.8;21.5
94;2021-12-16;311;458;15020;1008996;995720;316918;71.8;70.8;22.5
94;2021-12-17;316;487;15269;1009312;996207;332187;71.8;70.9;23.6
94;2021-12-18;298;450;11734;1009610;996657;343921;71.8;70.9;24.5
94;2021-12-19;161;138;6261;1009771;996795;350182;71.8;70.9;24.9
94;2021-12-20;371;399;12840;1010142;997194;363022;71.8;70.9;25.8
94;2021-12-21;448;426;14159;1010590;997620;377181;71.9;71.0;26.8
94;2021-12-22;396;420;12220;1010986;998040;389401;71.9;71.0;27.7
95;2020-12-27;8;0;0;8;0;0;0.0;0.0;0.0
95;2020-12-28;5;0;0;13;0;0;0.0;0.0;0.0
95;2020-12-29;2;0;0;15;0;0;0.0;0.0;0.0
95;2020-12-30;3;0;0;18;0;0;0.0;0.0;0.0
95;2020-12-31;5;0;0;23;0;0;0.0;0.0;0.0
95;2021-01-01;2;0;0;25;0;0;0.0;0.0;0.0
95;2021-01-02;14;0;0;39;0;0;0.0;0.0;0.0
95;2021-01-03;3;0;0;42;0;0;0.0;0.0;0.0
95;2021-01-04;63;0;0;105;0;0;0.0;0.0;0.0
95;2021-01-05;305;1;0;410;1;0;0.0;0.0;0.0
95;2021-01-06;207;1;0;617;2;0;0.0;0.0;0.0
95;2021-01-07;253;3;0;870;5;0;0.1;0.0;0.0
95;2021-01-08;433;3;0;1303;8;0;0.1;0.0;0.0
95;2021-01-09;279;0;0;1582;8;0;0.1;0.0;0.0
95;2021-01-10;334;2;0;1916;10;0;0.2;0.0;0.0
95;2021-01-11;577;13;0;2493;23;0;0.2;0.0;0.0
95;2021-01-12;846;6;0;3339;29;0;0.3;0.0;0.0
95;2021-01-13;862;16;0;4201;45;0;0.3;0.0;0.0
95;2021-01-14;891;15;0;5092;60;0;0.4;0.0;0.0
95;2021-01-15;870;16;0;5962;76;0;0.5;0.0;0.0
95;2021-01-16;303;4;0;6265;80;0;0.5;0.0;0.0
95;2021-01-17;138;1;0;6403;81;0;0.5;0.0;0.0
95;2021-01-18;1309;10;0;7712;91;0;0.6;0.0;0.0
95;2021-01-19;1542;15;0;9254;106;0;0.7;0.0;0.0
95;2021-01-20;1912;11;0;11166;117;0;0.9;0.0;0.0
95;2021-01-21;1859;10;0;13025;127;0;1.0;0.0;0.0
95;2021-01-22;1496;13;0;14521;140;0;1.2;0.0;0.0
95;2021-01-23;564;1;0;15085;141;0;1.2;0.0;0.0
95;2021-01-24;160;0;0;15245;141;0;1.2;0.0;0.0
95;2021-01-25;809;42;0;16054;183;0;1.3;0.0;0.0
95;2021-01-26;1017;152;0;17071;335;0;1.4;0.0;0.0
95;2021-01-27;1277;142;0;18348;477;0;1.5;0.0;0.0
95;2021-01-28;1574;65;0;19922;542;0;1.6;0.0;0.0
95;2021-01-29;1192;193;0;21114;735;0;1.7;0.1;0.0
95;2021-01-30;450;5;0;21564;740;0;1.7;0.1;0.0
95;2021-01-31;170;2;0;21734;742;0;1.7;0.1;0.0
95;2021-02-01;498;253;0;22232;995;0;1.8;0.1;0.0
95;2021-02-02;552;253;0;22784;1248;0;1.8;0.1;0.0
95;2021-02-03;597;462;0;23381;1710;0;1.9;0.1;0.0
95;2021-02-04;949;408;0;24330;2118;0;1.9;0.2;0.0
95;2021-02-05;657;370;0;24987;2488;0;2.0;0.2;0.0
95;2021-02-06;352;232;0;25339;2720;0;2.0;0.2;0.0
95;2021-02-07;126;311;0;25465;3031;0;2.0;0.2;0.0
95;2021-02-08;694;426;0;26159;3457;0;2.1;0.3;0.0
95;2021-02-09;1003;1039;0;27162;4496;0;2.2;0.4;0.0
95;2021-02-10;1144;1374;0;28306;5870;0;2.3;0.5;0.0
95;2021-02-11;1295;1269;0;29601;7139;0;2.4;0.6;0.0
95;2021-02-12;1007;1062;0;30608;8201;0;2.5;0.7;0.0
95;2021-02-13;332;328;0;30940;8529;0;2.5;0.7;0.0
95;2021-02-14;41;102;0;30981;8631;0;2.5;0.7;0.0
95;2021-02-15;365;1063;0;31346;9694;0;2.5;0.8;0.0
95;2021-02-16;502;1056;0;31848;10750;0;2.6;0.9;0.0
95;2021-02-17;589;1142;0;32437;11892;0;2.6;1.0;0.0
95;2021-02-18;728;1659;0;33165;13551;0;2.7;1.1;0.0
95;2021-02-19;770;1331;0;33935;14882;0;2.7;1.2;0.0
95;2021-02-20;287;497;0;34222;15379;0;2.7;1.2;0.0
95;2021-02-21;116;238;0;34338;15617;0;2.8;1.3;0.0
95;2021-02-22;313;944;0;34651;16561;0;2.8;1.3;0.0
95;2021-02-23;355;791;0;35006;17352;0;2.8;1.4;0.0
95;2021-02-24;358;887;0;35364;18239;0;2.8;1.5;0.0
95;2021-02-25;726;1152;0;36090;19391;0;2.9;1.6;0.0
95;2021-02-26;1081;888;0;37171;20279;0;3.0;1.6;0.0
95;2021-02-27;384;413;0;37555;20692;0;3.0;1.7;0.0
95;2021-02-28;51;171;0;37606;20863;0;3.0;1.7;0.0
95;2021-03-01;784;544;0;38390;21407;0;3.1;1.7;0.0
95;2021-03-02;1335;842;0;39725;22249;0;3.2;1.8;0.0
95;2021-03-03;1572;916;0;41297;23165;0;3.3;1.9;0.0
95;2021-03-04;3063;1181;0;44360;24346;0;3.6;2.0;0.0
95;2021-03-05;3466;1062;0;47826;25408;0;3.8;2.0;0.0
95;2021-03-06;3743;490;0;51569;25898;0;4.1;2.1;0.0
95;2021-03-07;3659;328;0;55228;26226;0;4.4;2.1;0.0
95;2021-03-08;1442;805;0;56670;27031;0;4.5;2.2;0.0
95;2021-03-09;2526;538;0;59196;27569;0;4.7;2.2;0.0
95;2021-03-10;2502;858;0;61698;28427;0;4.9;2.3;0.0
95;2021-03-11;3211;1139;0;64909;29566;0;5.2;2.4;0.0
95;2021-03-12;3688;875;0;68597;30441;0;5.5;2.4;0.0
95;2021-03-13;3413;431;0;72010;30872;0;5.8;2.5;0.0
95;2021-03-14;1616;242;0;73626;31114;0;5.9;2.5;0.0
95;2021-03-15;2281;355;0;75907;31469;0;6.1;2.5;0.0
95;2021-03-16;1658;413;0;77565;31882;0;6.2;2.6;0.0
95;2021-03-17;2078;411;0;79643;32293;0;6.4;2.6;0.0
95;2021-03-18;2591;398;0;82234;32691;0;6.6;2.6;0.0
95;2021-03-19;3393;374;0;85627;33065;0;6.9;2.6;0.0
95;2021-03-20;2657;213;0;88284;33278;0;7.1;2.7;0.0
95;2021-03-21;948;212;0;89232;33490;0;7.1;2.7;0.0
95;2021-03-22;2821;326;0;92053;33816;0;7.4;2.7;0.0
95;2021-03-23;3526;459;0;95579;34275;0;7.7;2.7;0.0
95;2021-03-24;3622;495;0;99201;34770;0;7.9;2.8;0.0
95;2021-03-25;5561;651;0;104762;35421;0;8.4;2.8;0.0
95;2021-03-26;5425;673;0;110187;36094;0;8.8;2.9;0.0
95;2021-03-27;3329;219;0;113516;36313;0;9.1;2.9;0.0
95;2021-03-28;1052;72;0;114568;36385;0;9.2;2.9;0.0
95;2021-03-29;2807;587;0;117375;36972;0;9.4;3.0;0.0
95;2021-03-30;3922;1192;0;121297;38164;0;9.7;3.1;0.0
95;2021-03-31;3806;1576;0;125103;39740;0;10.0;3.2;0.0
95;2021-04-01;4920;2204;0;130023;41944;0;10.4;3.4;0.0
95;2021-04-02;3646;2588;0;133669;44532;0;10.7;3.6;0.0
95;2021-04-03;2104;2269;0;135773;46801;0;10.9;3.7;0.0
95;2021-04-04;887;951;0;136660;47752;0;10.9;3.8;0.0
95;2021-04-05;720;88;0;137380;47840;0;11.0;3.8;0.0
95;2021-04-06;2312;1466;0;139692;49306;0;11.2;3.9;0.0
95;2021-04-07;4448;1984;0;144140;51290;0;11.5;4.1;0.0
95;2021-04-08;4969;2274;0;149109;53564;0;11.9;4.3;0.0
95;2021-04-09;5763;2194;0;154872;55758;0;12.4;4.5;0.0
95;2021-04-10;3698;1414;0;158570;57172;0;12.7;4.6;0.0
95;2021-04-11;1137;799;0;159707;57971;0;12.8;4.6;0.0
95;2021-04-12;3084;1610;0;162791;59581;0;13.0;4.8;0.0
95;2021-04-13;3372;1866;0;166163;61447;0;13.3;4.9;0.0
95;2021-04-14;3177;2008;0;169340;63455;0;13.6;5.1;0.0
95;2021-04-15;4143;2948;0;173483;66403;0;13.9;5.3;0.0
95;2021-04-16;4341;2826;0;177824;69229;0;14.2;5.5;0.0
95;2021-04-17;2492;1788;0;180316;71017;0;14.4;5.7;0.0
95;2021-04-18;1057;745;0;181373;71762;0;14.5;5.7;0.0
95;2021-04-19;2543;2193;0;183916;73955;0;14.7;5.9;0.0
95;2021-04-20;2512;2399;0;186428;76354;0;14.9;6.1;0.0
95;2021-04-21;3971;2523;0;190399;78877;0;15.3;6.3;0.0
95;2021-04-22;3558;4070;0;193957;82947;0;15.5;6.6;0.0
95;2021-04-23;3276;3383;0;197233;86330;0;15.8;6.9;0.0
95;2021-04-24;3622;2371;0;200855;88701;0;16.1;7.1;0.0
95;2021-04-25;1860;1034;0;202715;89735;0;16.2;7.2;0.0
95;2021-04-26;3037;2490;0;205752;92225;0;16.5;7.4;0.0
95;2021-04-27;4179;2332;0;209931;94557;0;16.8;7.6;0.0
95;2021-04-28;4214;2826;0;214145;97383;0;17.2;7.8;0.0
95;2021-04-29;6088;4109;0;220233;101492;0;17.6;8.1;0.0
95;2021-04-30;6632;3065;0;226865;104557;0;18.2;8.4;0.0
95;2021-05-01;2467;895;0;229332;105452;0;18.4;8.4;0.0
95;2021-05-02;1939;948;0;231271;106400;0;18.5;8.5;0.0
95;2021-05-03;4890;2707;0;236161;109107;0;18.9;8.7;0.0
95;2021-05-04;5973;2986;0;242134;112093;0;19.4;9.0;0.0
95;2021-05-05;5216;3752;0;247350;115845;0;19.8;9.3;0.0
95;2021-05-06;7213;4530;0;254563;120375;0;20.4;9.6;0.0
95;2021-05-07;5621;4664;0;260184;125039;0;20.8;10.0;0.0
95;2021-05-08;4998;1725;0;265182;126764;0;21.2;10.2;0.0
95;2021-05-09;2579;1415;0;267761;128179;0;21.4;10.3;0.0
95;2021-05-10;8031;3048;0;275792;131227;0;22.1;10.5;0.0
95;2021-05-11;7464;3556;0;283256;134783;0;22.7;10.8;0.0
95;2021-05-12;8291;3247;0;291547;138030;0;23.4;11.1;0.0
95;2021-05-13;6412;1154;0;297959;139184;0;23.9;11.1;0.0
95;2021-05-14;6637;2062;0;304596;141246;0;24.4;11.3;0.0
95;2021-05-15;4657;1245;0;309253;142491;0;24.8;11.4;0.0
95;2021-05-16;3900;743;0;313153;143234;0;25.1;11.5;0.0
95;2021-05-17;6269;1380;0;319422;144614;0;25.6;11.6;0.0
95;2021-05-18;8077;1777;0;327499;146391;0;26.2;11.7;0.0
95;2021-05-19;8318;2658;0;335817;149049;0;26.9;11.9;0.0
95;2021-05-20;10190;2474;0;346007;151523;0;27.7;12.1;0.0
95;2021-05-21;9044;2515;0;355051;154038;0;28.4;12.3;0.0
95;2021-05-22;7834;1513;0;362885;155551;0;29.1;12.5;0.0
95;2021-05-23;3565;868;0;366450;156419;0;29.4;12.5;0.0
95;2021-05-24;2981;604;0;369431;157023;0;29.6;12.6;0.0
95;2021-05-25;6738;2338;0;376169;159361;0;30.1;12.8;0.0
95;2021-05-26;7795;3050;0;383964;162411;0;30.8;13.0;0.0
95;2021-05-27;8833;4361;0;392797;166772;0;31.5;13.4;0.0
95;2021-05-28;6969;4526;0;399766;171298;0;32.0;13.7;0.0
95;2021-05-29;4946;2893;0;404712;174191;0;32.4;14.0;0.0
95;2021-05-30;2944;1296;0;407656;175487;0;32.7;14.1;0.0
95;2021-05-31;5233;3366;0;412889;178853;0;33.1;14.3;0.0
95;2021-06-01;7437;4114;0;420326;182967;0;33.7;14.7;0.0
95;2021-06-02;7400;4480;0;427726;187447;0;34.3;15.0;0.0
95;2021-06-03;7290;6028;0;435016;193475;0;34.8;15.5;0.0
95;2021-06-04;7674;4759;0;442690;198234;0;35.5;15.9;0.0
95;2021-06-05;6580;3894;0;449270;202128;0;36.0;16.2;0.0
95;2021-06-06;3242;1412;0;452512;203540;0;36.2;16.3;0.0
95;2021-06-07;5112;4640;0;457624;208180;0;36.7;16.7;0.0
95;2021-06-08;5893;5523;0;463517;213703;0;37.1;17.1;0.0
95;2021-06-09;5838;6267;0;469355;219970;0;37.6;17.6;0.0
95;2021-06-10;6000;7250;0;475355;227220;0;38.1;18.2;0.0
95;2021-06-11;6132;6427;0;481487;233647;0;38.6;18.7;0.0
95;2021-06-12;5208;4201;0;486695;237848;0;39.0;19.1;0.0
95;2021-06-13;1828;2764;0;488523;240612;0;39.1;19.3;0.0
95;2021-06-14;4020;5852;0;492543;246464;0;39.5;19.7;0.0
95;2021-06-15;4240;7675;0;496783;254139;0;39.8;20.4;0.0
95;2021-06-16;4990;7253;0;501773;261392;0;40.2;20.9;0.0
95;2021-06-17;5719;7699;0;507492;269091;0;40.7;21.6;0.0
95;2021-06-18;5156;7727;0;512648;276818;0;41.1;22.2;0.0
95;2021-06-19;4335;7757;0;516983;284575;0;41.4;22.8;0.0
95;2021-06-20;1244;2986;0;518227;287561;0;41.5;23.0;0.0
95;2021-06-21;2968;7066;0;521195;294627;0;41.8;23.6;0.0
95;2021-06-22;4213;8443;0;525408;303070;0;42.1;24.3;0.0
95;2021-06-23;4140;9898;0;529548;312968;0;42.4;25.1;0.0
95;2021-06-24;4277;9442;0;533825;322410;0;42.8;25.8;0.0
95;2021-06-25;4294;9676;0;538119;332086;0;43.1;26.6;0.0
95;2021-06-26;3629;7830;0;541748;339916;0;43.4;27.2;0.0
95;2021-06-27;836;3434;0;542584;343350;0;43.5;27.5;0.0
95;2021-06-28;2408;8095;0;544992;351445;0;43.7;28.2;0.0
95;2021-06-29;2469;8119;0;547461;359564;0;43.9;28.8;0.0
95;2021-06-30;3657;9392;0;551118;368956;0;44.1;29.6;0.0
95;2021-07-01;4305;9987;0;555423;378943;0;44.5;30.4;0.0
95;2021-07-02;4216;9653;0;559639;388596;0;44.8;31.1;0.0
95;2021-07-03;3308;8291;0;562947;396887;0;45.1;31.8;0.0
95;2021-07-04;1045;3067;0;563992;399954;0;45.2;32.0;0.0
95;2021-07-05;2704;4943;0;566696;404897;0;45.4;32.4;0.0
95;2021-07-06;2940;7570;0;569636;412467;0;45.6;33.0;0.0
95;2021-07-07;3998;9014;0;573634;421481;0;46.0;33.8;0.0
95;2021-07-08;4810;9208;0;578444;430689;0;46.3;34.5;0.0
95;2021-07-09;4708;9645;0;583152;440334;0;46.7;35.3;0.0
95;2021-07-10;3458;7000;0;586610;447334;0;47.0;35.8;0.0
95;2021-07-11;1304;2949;0;587914;450283;0;47.1;36.1;0.0
95;2021-07-12;3247;8630;0;591161;458913;0;47.4;36.8;0.0
95;2021-07-13;6035;9776;0;597196;468689;0;47.8;37.5;0.0
95;2021-07-14;4991;5347;0;602187;474036;0;48.2;38.0;0.0
95;2021-07-15;7671;11320;0;609858;485356;0;48.9;38.9;0.0
95;2021-07-16;8564;11132;0;618422;496488;0;49.5;39.8;0.0
95;2021-07-17;5537;7465;0;623959;503953;0;50.0;40.4;0.0
95;2021-07-18;3307;2591;0;627266;506544;0;50.2;40.6;0.0
95;2021-07-19;5450;6556;0;632716;513100;0;50.7;41.1;0.0
95;2021-07-20;7054;8099;0;639770;521199;0;51.2;41.8;0.0
95;2021-07-21;9211;8877;0;648981;530076;0;52.0;42.5;0.0
95;2021-07-22;10006;9187;0;658987;539263;0;52.8;43.2;0.0
95;2021-07-23;10517;9644;0;669504;548907;0;53.6;44.0;0.0
95;2021-07-24;5631;6226;0;675135;555133;0;54.1;44.5;0.0
95;2021-07-25;2595;2251;0;677730;557384;0;54.3;44.6;0.0
95;2021-07-26;5482;4755;0;683212;562139;0;54.7;45.0;0.0
95;2021-07-27;8619;6952;0;691831;569091;0;55.4;45.6;0.0
95;2021-07-28;9489;7280;0;701320;576371;0;56.2;46.2;0.0
95;2021-07-29;8540;5846;0;709860;582217;0;56.9;46.6;0.0
95;2021-07-30;8495;7157;0;718355;589374;0;57.5;47.2;0.0
95;2021-07-31;4512;3687;0;722867;593061;0;57.9;47.5;0.0
95;2021-08-01;2026;1318;0;724893;594379;0;58.1;47.6;0.0
95;2021-08-02;4841;3957;0;729734;598336;0;58.5;47.9;0.0
95;2021-08-03;5850;5412;0;735584;603748;0;58.9;48.4;0.0
95;2021-08-04;5955;5501;0;741539;609249;0;59.4;48.8;0.0
95;2021-08-05;5860;5157;0;747399;614406;0;59.9;49.2;0.0
95;2021-08-06;5840;6436;0;753239;620842;0;60.3;49.7;0.0
95;2021-08-07;2781;3389;0;756020;624231;0;60.6;50.0;0.0
95;2021-08-08;1181;1894;0;757201;626125;0;60.7;50.2;0.0
95;2021-08-09;4031;4978;0;761232;631103;0;61.0;50.6;0.0
95;2021-08-10;4887;5585;0;766119;636688;0;61.4;51.0;0.0
95;2021-08-11;4642;6139;0;770761;642827;0;61.7;51.5;0.0
95;2021-08-12;4443;6362;0;775204;649189;0;62.1;52.0;0.0
95;2021-08-13;3542;5243;0;778746;654432;0;62.4;52.4;0.0
95;2021-08-14;3069;3741;0;781815;658173;0;62.6;52.7;0.0
95;2021-08-15;409;570;0;782224;658743;0;62.7;52.8;0.0
95;2021-08-16;2758;6040;0;784982;664783;0;62.9;53.3;0.0
95;2021-08-17;3232;6888;0;788214;671671;0;63.1;53.8;0.0
95;2021-08-18;3646;7524;0;791860;679195;0;63.4;54.4;0.0
95;2021-08-19;3128;6276;0;794988;685471;0;63.7;54.9;0.0
95;2021-08-20;3235;7314;0;798223;692785;0;63.9;55.5;0.0
95;2021-08-21;2298;4237;0;800521;697022;0;64.1;55.8;0.0
95;2021-08-22;609;1879;0;801130;698901;0;64.2;56.0;0.0
95;2021-08-23;2323;5971;0;803453;704872;0;64.4;56.5;0.0
95;2021-08-24;2608;6337;0;806061;711209;0;64.6;57.0;0.0
95;2021-08-25;3286;7473;1;809347;718682;1;64.8;57.6;0.0
95;2021-08-26;2623;6597;0;811970;725279;1;65.0;58.1;0.0
95;2021-08-27;2964;7599;0;814934;732878;1;65.3;58.7;0.0
95;2021-08-28;2406;5012;0;817340;737890;1;65.5;59.1;0.0
95;2021-08-29;534;1380;0;817874;739270;1;65.5;59.2;0.0
95;2021-08-30;2425;5702;83;820299;744972;84;65.7;59.7;0.0
95;2021-08-31;2395;5714;207;822694;750686;291;65.9;60.1;0.0
95;2021-09-01;2852;5295;444;825546;755981;735;66.1;60.6;0.1
95;2021-09-02;1891;3916;416;827437;759897;1151;66.3;60.9;0.1
95;2021-09-03;2143;4809;472;829580;764706;1623;66.5;61.3;0.1
95;2021-09-04;2251;4743;219;831831;769449;1842;66.6;61.6;0.1
95;2021-09-05;429;700;24;832260;770149;1866;66.7;61.7;0.1
95;2021-09-06;1272;2898;407;833532;773047;2273;66.8;61.9;0.2
95;2021-09-07;1372;2897;346;834904;775944;2619;66.9;62.2;0.2
95;2021-09-08;1594;3373;363;836498;779317;2982;67.0;62.4;0.2
95;2021-09-09;1198;2795;447;837696;782112;3429;67.1;62.7;0.3
95;2021-09-10;1600;3079;498;839296;785191;3927;67.2;62.9;0.3
95;2021-09-11;1422;3232;246;840718;788423;4173;67.3;63.2;0.3
95;2021-09-12;285;552;106;841003;788975;4279;67.4;63.2;0.3
95;2021-09-13;1178;2186;441;842181;791161;4720;67.5;63.4;0.4
95;2021-09-14;1200;2139;609;843381;793300;5329;67.6;63.5;0.4
95;2021-09-15;1399;3253;772;844780;796553;6101;67.7;63.8;0.5
95;2021-09-16;883;1721;599;845663;798274;6700;67.7;63.9;0.5
95;2021-09-17;1195;2711;673;846858;800985;7373;67.8;64.2;0.6
95;2021-09-18;1190;3621;242;848048;804606;7615;67.9;64.5;0.6
95;2021-09-19;231;543;48;848279;805149;7663;68.0;64.5;0.6
95;2021-09-20;699;1399;590;848978;806548;8253;68.0;64.6;0.7
95;2021-09-21;777;1623;942;849755;808171;9195;68.1;64.7;0.7
95;2021-09-22;936;2741;625;850691;810912;9820;68.1;65.0;0.8
95;2021-09-23;772;1225;701;851463;812137;10521;68.2;65.1;0.8
95;2021-09-24;794;2004;702;852257;814141;11223;68.3;65.2;0.9
95;2021-09-25;1007;3234;337;853264;817375;11560;68.4;65.5;0.9
95;2021-09-26;115;310;31;853379;817685;11591;68.4;65.5;0.9
95;2021-09-27;618;1162;503;853997;818847;12094;68.4;65.6;1.0
95;2021-09-28;682;1272;841;854679;820119;12935;68.5;65.7;1.0
95;2021-09-29;808;1764;665;855487;821883;13600;68.5;65.8;1.1
95;2021-09-30;793;1123;841;856280;823006;14441;68.6;65.9;1.2
95;2021-10-01;1279;1392;843;857559;824398;15284;68.7;66.0;1.2
95;2021-10-02;1266;2110;573;858825;826508;15857;68.8;66.2;1.3
95;2021-10-03;140;244;30;858965;826752;15887;68.8;66.2;1.3
95;2021-10-04;621;887;507;859586;827639;16394;68.9;66.3;1.3
95;2021-10-05;726;1072;880;860312;828711;17274;68.9;66.4;1.4
95;2021-10-06;781;1279;931;861093;829990;18205;69.0;66.5;1.5
95;2021-10-07;541;861;836;861634;830851;19041;69.0;66.6;1.5
95;2021-10-08;884;1350;1169;862518;832201;20210;69.1;66.7;1.6
95;2021-10-09;922;1576;672;863440;833777;20882;69.2;66.8;1.7
95;2021-10-10;151;238;47;863591;834015;20929;69.2;66.8;1.7
95;2021-10-11;484;681;707;864075;834696;21636;69.2;66.9;1.7
95;2021-10-12;535;893;984;864610;835589;22620;69.3;66.9;1.8
95;2021-10-13;798;1133;1102;865408;836722;23722;69.3;67.0;1.9
95;2021-10-14;554;1059;1052;865962;837781;24774;69.4;67.1;2.0
95;2021-10-15;915;1066;1328;866877;838847;26102;69.4;67.2;2.1
95;2021-10-16;840;1238;875;867717;840085;26977;69.5;67.3;2.2
95;2021-10-17;100;198;123;867817;840283;27100;69.5;67.3;2.2
95;2021-10-18;435;624;519;868252;840907;27619;69.6;67.4;2.2
95;2021-10-19;531;813;1226;868783;841720;28845;69.6;67.4;2.3
95;2021-10-20;513;825;1203;869296;842545;30048;69.6;67.5;2.4
95;2021-10-21;374;664;1235;869670;843209;31283;69.7;67.5;2.5
95;2021-10-22;578;1085;1383;870248;844294;32666;69.7;67.6;2.6
95;2021-10-23;618;1105;998;870866;845399;33664;69.8;67.7;2.7
95;2021-10-24;84;148;89;870950;845547;33753;69.8;67.7;2.7
95;2021-10-25;325;490;614;871275;846037;34367;69.8;67.8;2.8
95;2021-10-26;460;643;1310;871735;846680;35677;69.8;67.8;2.9
95;2021-10-27;465;734;1555;872200;847414;37232;69.9;67.9;3.0
95;2021-10-28;406;707;1528;872606;848121;38760;69.9;67.9;3.1
95;2021-10-29;499;759;1517;873105;848880;40277;69.9;68.0;3.2
95;2021-10-30;445;789;1038;873550;849669;41315;70.0;68.1;3.3
95;2021-10-31;87;155;56;873637;849824;41371;70.0;68.1;3.3
95;2021-11-01;173;147;129;873810;849971;41500;70.0;68.1;3.3
95;2021-11-02;458;671;1172;874268;850642;42672;70.0;68.1;3.4
95;2021-11-03;425;672;1342;874693;851314;44014;70.1;68.2;3.5
95;2021-11-04;356;568;1467;875049;851882;45481;70.1;68.2;3.6
95;2021-11-05;421;725;1612;875470;852607;47093;70.1;68.3;3.8
95;2021-11-06;448;839;1167;875918;853446;48260;70.2;68.4;3.9
95;2021-11-07;70;159;115;875988;853605;48375;70.2;68.4;3.9
95;2021-11-08;216;417;1045;876204;854022;49420;70.2;68.4;4.0
95;2021-11-09;388;667;2280;876592;854689;51700;70.2;68.5;4.1
95;2021-11-10;431;707;2695;877023;855396;54395;70.3;68.5;4.4
95;2021-11-11;150;187;684;877173;855583;55079;70.3;68.5;4.4
95;2021-11-12;479;835;3016;877652;856418;58095;70.3;68.6;4.7
95;2021-11-13;428;732;1480;878080;857150;59575;70.3;68.7;4.8
95;2021-11-14;100;133;159;878180;857283;59734;70.3;68.7;4.8
95;2021-11-15;235;398;1445;878415;857681;61179;70.4;68.7;4.9
95;2021-11-16;397;600;2944;878812;858281;64123;70.4;68.8;5.1
95;2021-11-17;391;611;2654;879203;858892;66777;70.4;68.8;5.3
95;2021-11-18;343;505;2611;879546;859397;69388;70.5;68.8;5.6
95;2021-11-19;496;745;3470;880042;860142;72858;70.5;68.9;5.8
95;2021-11-20;498;709;1608;880540;860851;74466;70.5;69.0;6.0
95;2021-11-21;70;193;331;880610;861044;74797;70.5;69.0;6.0
95;2021-11-22;250;390;1812;880860;861434;76609;70.6;69.0;6.1
95;2021-11-23;399;516;3206;881259;861950;79815;70.6;69.0;6.4
95;2021-11-24;442;627;2999;881701;862577;82814;70.6;69.1;6.6
95;2021-11-25;401;481;3486;882102;863058;86300;70.7;69.1;6.9
95;2021-11-26;451;619;5954;882553;863677;92254;70.7;69.2;7.4
95;2021-11-27;398;605;4715;882951;864282;96969;70.7;69.2;7.8
95;2021-11-28;147;172;1267;883098;864454;98236;70.7;69.2;7.9
95;2021-11-29;187;313;3829;883285;864767;102065;70.8;69.3;8.2
95;2021-11-30;287;517;7855;883572;865284;109920;70.8;69.3;8.8
95;2021-12-01;365;559;8640;883937;865843;118560;70.8;69.4;9.5
95;2021-12-02;293;421;10272;884230;866264;128832;70.8;69.4;10.3
95;2021-12-03;404;594;11124;884634;866858;139956;70.9;69.4;11.2
95;2021-12-04;323;553;7731;884957;867411;147687;70.9;69.5;11.8
95;2021-12-05;111;206;3179;885068;867617;150866;70.9;69.5;12.1
95;2021-12-06;181;383;5963;885249;868000;156829;70.9;69.5;12.6
95;2021-12-07;303;515;10931;885552;868515;167760;70.9;69.6;13.4
95;2021-12-08;391;570;10383;885943;869085;178143;71.0;69.6;14.3
95;2021-12-09;330;503;11868;886273;869588;190011;71.0;69.7;15.2
95;2021-12-10;401;590;14423;886674;870178;204434;71.0;69.7;16.4
95;2021-12-11;307;564;9651;886981;870742;214085;71.1;69.8;17.1
95;2021-12-12;174;196;4687;887155;870938;218772;71.1;69.8;17.5
95;2021-12-13;261;444;8092;887416;871382;226864;71.1;69.8;18.2
95;2021-12-14;378;564;12385;887794;871946;239249;71.1;69.8;19.2
95;2021-12-15;401;573;11320;888195;872519;250569;71.1;69.9;20.1
95;2021-12-16;366;512;12856;888561;873031;263425;71.2;69.9;21.1
95;2021-12-17;461;568;14170;889022;873599;277595;71.2;70.0;22.2
95;2021-12-18;381;509;10023;889403;874108;287618;71.2;70.0;23.0
95;2021-12-19;278;276;5152;889681;874384;292770;71.3;70.0;23.5
95;2021-12-20;388;427;7791;890069;874811;300561;71.3;70.1;24.1
95;2021-12-21;556;541;11146;890625;875352;311707;71.3;70.1;25.0
95;2021-12-22;598;556;9617;891223;875908;321324;71.4;70.2;25.7
