dep;jour;n_dose1;n_complet;n_rappel;n_cum_dose1;n_cum_complet;n_cum_rappel;couv_dose1;couv_complet;couv_rappel
01;2020-12-27;0;0;0;0;0;0;0.0;0.0;0.0
01;2020-12-28;0;0;0;0;0;0;0.0;0.0;0.0
01;2020-12-29;0;0;0;0;0;0;0.0;0.0;0.0
01;2020-12-30;0;0;0;0;0;0;0.0;0.0;0.0
01;2020-12-31;0;0;0;0;0;0;0.0;0.0;0.0
01;2021-01-01;0;0;0;0;0;0;0.0;0.0;0.0
01;2021-01-02;0;0;0;0;0;0;0.0;0.0;0.0
01;2021-01-03;0;0;0;0;0;0;0.0;0.0;0.0
01;2021-01-04;0;0;0;0;0;0;0.0;0.0;0.0
01;2021-01-05;10;2;0;10;2;0;0.0;0.0;0.0
01;2021-01-06;21;0;0;31;2;0;0.0;0.0;0.0
01;2021-01-07;112;0;0;143;2;0;0.0;0.0;0.0
01;2021-01-08;234;1;0;377;3;0;0.1;0.0;0.0
01;2021-01-09;30;1;0;407;4;0;0.1;0.0;0.0
01;2021-01-10;0;0;0;407;4;0;0.1;0.0;0.0
01;2021-01-11;224;0;0;631;4;0;0.1;0.0;0.0
01;2021-01-12;408;1;0;1039;5;0;0.2;0.0;0.0
01;2021-01-13;534;1;0;1573;6;0;0.2;0.0;0.0
01;2021-01-14;638;6;0;2211;12;0;0.3;0.0;0.0
01;2021-01-15;536;5;0;2747;17;0;0.4;0.0;0.0
01;2021-01-16;222;0;0;2969;17;0;0.5;0.0;0.0
01;2021-01-17;127;0;0;3096;17;0;0.5;0.0;0.0
01;2021-01-18;529;5;0;3625;22;0;0.6;0.0;0.0
01;2021-01-19;1103;3;0;4728;25;0;0.7;0.0;0.0
01;2021-01-20;1349;5;0;6077;30;0;0.9;0.0;0.0
01;2021-01-21;1225;9;0;7302;39;0;1.1;0.0;0.0
01;2021-01-22;828;3;0;8130;42;0;1.2;0.0;0.0
01;2021-01-23;283;2;0;8413;44;0;1.3;0.0;0.0
01;2021-01-24;72;1;0;8485;45;0;1.3;0.0;0.0
01;2021-01-25;635;2;0;9120;47;0;1.4;0.0;0.0
01;2021-01-26;814;5;0;9934;52;0;1.5;0.0;0.0
01;2021-01-27;664;15;0;10598;67;0;1.6;0.0;0.0
01;2021-01-28;753;81;0;11351;148;0;1.7;0.0;0.0
01;2021-01-29;690;140;0;12041;288;0;1.8;0.0;0.0
01;2021-01-30;229;14;0;12270;302;0;1.9;0.0;0.0
01;2021-01-31;57;0;0;12327;302;0;1.9;0.0;0.0
01;2021-02-01;522;130;0;12849;432;0;2.0;0.1;0.0
01;2021-02-02;528;230;0;13377;662;0;2.0;0.1;0.0
01;2021-02-03;450;326;0;13827;988;0;2.1;0.2;0.0
01;2021-02-04;548;484;0;14375;1472;0;2.2;0.2;0.0
01;2021-02-05;471;337;0;14846;1809;0;2.3;0.3;0.0
01;2021-02-06;266;139;0;15112;1948;0;2.3;0.3;0.0
01;2021-02-07;6;103;0;15118;2051;0;2.3;0.3;0.0
01;2021-02-08;553;469;0;15671;2520;0;2.4;0.4;0.0
01;2021-02-09;810;907;0;16481;3427;0;2.5;0.5;0.0
01;2021-02-10;890;764;0;17371;4191;0;2.6;0.6;0.0
01;2021-02-11;852;882;0;18223;5073;0;2.8;0.8;0.0
01;2021-02-12;701;608;0;18924;5681;0;2.9;0.9;0.0
01;2021-02-13;201;175;0;19125;5856;0;2.9;0.9;0.0
01;2021-02-14;6;12;0;19131;5868;0;2.9;0.9;0.0
01;2021-02-15;447;534;0;19578;6402;0;3.0;1.0;0.0
01;2021-02-16;656;500;0;20234;6902;0;3.1;1.1;0.0
01;2021-02-17;534;390;0;20768;7292;0;3.2;1.1;0.0
01;2021-02-18;610;637;0;21378;7929;0;3.3;1.2;0.0
01;2021-02-19;601;332;0;21979;8261;0;3.3;1.3;0.0
01;2021-02-20;170;137;0;22149;8398;0;3.4;1.3;0.0
01;2021-02-21;2;0;0;22151;8398;0;3.4;1.3;0.0
01;2021-02-22;462;639;0;22613;9037;0;3.4;1.4;0.0
01;2021-02-23;484;668;0;23097;9705;0;3.5;1.5;0.0
01;2021-02-24;448;534;0;23545;10239;0;3.6;1.6;0.0
01;2021-02-25;839;692;0;24384;10931;0;3.7;1.7;0.0
01;2021-02-26;969;589;0;25353;11520;0;3.9;1.8;0.0
01;2021-02-27;449;112;0;25802;11632;0;3.9;1.8;0.0
01;2021-02-28;29;8;0;25831;11640;0;3.9;1.8;0.0
01;2021-03-01;651;505;0;26482;12145;0;4.0;1.8;0.0
01;2021-03-02;1065;590;0;27547;12735;0;4.2;1.9;0.0
01;2021-03-03;1072;673;0;28619;13408;0;4.4;2.0;0.0
01;2021-03-04;1380;665;0;29999;14073;0;4.6;2.1;0.0
01;2021-03-05;1517;548;0;31516;14621;0;4.8;2.2;0.0
01;2021-03-06;873;118;0;32389;14739;0;4.9;2.2;0.0
01;2021-03-07;97;3;0;32486;14742;0;4.9;2.2;0.0
01;2021-03-08;846;729;0;33332;15471;0;5.1;2.4;0.0
01;2021-03-09;1517;655;0;34849;16126;0;5.3;2.5;0.0
01;2021-03-10;1316;632;0;36165;16758;0;5.5;2.6;0.0
01;2021-03-11;1919;719;0;38084;17477;0;5.8;2.7;0.0
01;2021-03-12;2331;750;0;40415;18227;0;6.2;2.8;0.0
01;2021-03-13;1683;97;0;42098;18324;0;6.4;2.8;0.0
01;2021-03-14;280;59;0;42378;18383;0;6.5;2.8;0.0
01;2021-03-15;1278;474;0;43656;18857;0;6.6;2.9;0.0
01;2021-03-16;1224;557;0;44880;19414;0;6.8;3.0;0.0
01;2021-03-17;1110;361;0;45990;19775;0;7.0;3.0;0.0
01;2021-03-18;1492;552;0;47482;20327;0;7.2;3.1;0.0
01;2021-03-19;1890;582;0;49372;20909;0;7.5;3.2;0.0
01;2021-03-20;1449;109;0;50821;21018;0;7.7;3.2;0.0
01;2021-03-21;148;12;0;50969;21030;0;7.8;3.2;0.0
01;2021-03-22;1639;534;0;52608;21564;0;8.0;3.3;0.0
01;2021-03-23;2324;656;0;54932;22220;0;8.4;3.4;0.0
01;2021-03-24;1732;487;0;56664;22707;0;8.6;3.5;0.0
01;2021-03-25;3017;661;0;59681;23368;0;9.1;3.6;0.0
01;2021-03-26;3035;590;0;62716;23958;0;9.5;3.6;0.0
01;2021-03-27;1346;144;0;64062;24102;0;9.8;3.7;0.0
01;2021-03-28;79;9;0;64141;24111;0;9.8;3.7;0.0
01;2021-03-29;1932;648;0;66073;24759;0;10.1;3.8;0.0
01;2021-03-30;2539;830;0;68612;25589;0;10.4;3.9;0.0
01;2021-03-31;1970;808;0;70582;26397;0;10.7;4.0;0.0
01;2021-04-01;2721;945;0;73303;27342;0;11.2;4.2;0.0
01;2021-04-02;2920;835;0;76223;28177;0;11.6;4.3;0.0
01;2021-04-03;1356;215;0;77579;28392;0;11.8;4.3;0.0
01;2021-04-04;247;34;0;77826;28426;0;11.8;4.3;0.0
01;2021-04-05;1317;85;0;79143;28511;0;12.0;4.3;0.0
01;2021-04-06;2782;962;0;81925;29473;0;12.5;4.5;0.0
01;2021-04-07;2737;911;0;84662;30384;0;12.9;4.6;0.0
01;2021-04-08;3378;1205;0;88040;31589;0;13.4;4.8;0.0
01;2021-04-09;4034;1506;0;92074;33095;0;14.0;5.0;0.0
01;2021-04-10;1749;360;0;93823;33455;0;14.3;5.1;0.0
01;2021-04-11;156;109;0;93979;33564;0;14.3;5.1;0.0
01;2021-04-12;2728;1342;0;96707;34906;0;14.7;5.3;0.0
01;2021-04-13;2886;1549;0;99593;36455;0;15.2;5.5;0.0
01;2021-04-14;3037;1289;0;102630;37744;0;15.6;5.7;0.0
01;2021-04-15;3140;1552;0;105770;39296;0;16.1;6.0;0.0
01;2021-04-16;2981;1606;0;108751;40902;0;16.6;6.2;0.0
01;2021-04-17;1747;724;0;110498;41626;0;16.8;6.3;0.0
01;2021-04-18;166;61;0;110664;41687;0;16.8;6.3;0.0
01;2021-04-19;2240;1666;0;112904;43353;0;17.2;6.6;0.0
01;2021-04-20;2637;1669;0;115541;45022;0;17.6;6.9;0.0
01;2021-04-21;2726;1519;0;118267;46541;0;18.0;7.1;0.0
01;2021-04-22;2930;1768;0;121197;48309;0;18.4;7.4;0.0
01;2021-04-23;2860;1606;0;124057;49915;0;18.9;7.6;0.0
01;2021-04-24;1337;590;0;125394;50505;0;19.1;7.7;0.0
01;2021-04-25;142;30;0;125536;50535;0;19.1;7.7;0.0
01;2021-04-26;2114;1806;0;127650;52341;0;19.4;8.0;0.0
01;2021-04-27;2654;1656;0;130304;53997;0;19.8;8.2;0.0
01;2021-04-28;2643;1597;0;132947;55594;0;20.2;8.5;0.0
01;2021-04-29;2961;1886;0;135908;57480;0;20.7;8.7;0.0
01;2021-04-30;3279;2399;0;139187;59879;0;21.2;9.1;0.0
01;2021-05-01;1371;793;0;140558;60672;0;21.4;9.2;0.0
01;2021-05-02;673;297;0;141231;60969;0;21.5;9.3;0.0
01;2021-05-03;2572;2655;0;143803;63624;0;21.9;9.7;0.0
01;2021-05-04;2714;2813;0;146517;66437;0;22.3;10.1;0.0
01;2021-05-05;3084;2587;0;149601;69024;0;22.8;10.5;0.0
01;2021-05-06;3499;2732;0;153100;71756;0;23.3;10.9;0.0
01;2021-05-07;3631;2890;0;156731;74646;0;23.9;11.4;0.0
01;2021-05-08;1570;940;0;158301;75586;0;24.1;11.5;0.0
01;2021-05-09;1164;253;0;159465;75839;0;24.3;11.5;0.0
01;2021-05-10;2879;3073;0;162344;78912;0;24.7;12.0;0.0
01;2021-05-11;3994;3136;0;166338;82048;0;25.3;12.5;0.0
01;2021-05-12;4069;3119;0;170407;85167;0;25.9;13.0;0.0
01;2021-05-13;3538;1414;0;173945;86581;0;26.5;13.2;0.0
01;2021-05-14;4459;2401;0;178404;88982;0;27.2;13.5;0.0
01;2021-05-15;3043;1447;0;181447;90429;0;27.6;13.8;0.0
01;2021-05-16;1560;223;0;183007;90652;0;27.9;13.8;0.0
01;2021-05-17;3662;2589;0;186669;93241;0;28.4;14.2;0.0
01;2021-05-18;4289;2227;0;190958;95468;0;29.1;14.5;0.0
01;2021-05-19;4448;2070;0;195406;97538;0;29.7;14.8;0.0
01;2021-05-20;4565;2207;0;199971;99745;0;30.4;15.2;0.0
01;2021-05-21;4490;2377;0;204461;102122;0;31.1;15.5;0.0
01;2021-05-22;3198;1029;0;207659;103151;0;31.6;15.7;0.0
01;2021-05-23;1014;137;0;208673;103288;0;31.8;15.7;0.0
01;2021-05-24;2519;471;0;211192;103759;0;32.1;15.8;0.0
01;2021-05-25;3512;2565;0;214704;106324;0;32.7;16.2;0.0
01;2021-05-26;3620;2384;0;218324;108708;0;33.2;16.5;0.0
01;2021-05-27;3956;2332;0;222280;111040;0;33.8;16.9;0.0
01;2021-05-28;3728;2857;0;226008;113897;0;34.4;17.3;0.0
01;2021-05-29;2826;1526;0;228834;115423;0;34.8;17.6;0.0
01;2021-05-30;720;279;0;229554;115702;0;34.9;17.6;0.0
01;2021-05-31;2919;2564;0;232473;118266;0;35.4;18.0;0.0
01;2021-06-01;3317;2775;0;235790;121041;0;35.9;18.4;0.0
01;2021-06-02;3508;2368;0;239298;123409;0;36.4;18.8;0.0
01;2021-06-03;4096;2624;0;243394;126033;0;37.0;19.2;0.0
01;2021-06-04;4838;3580;0;248232;129613;0;37.8;19.7;0.0
01;2021-06-05;3434;1685;0;251666;131298;0;38.3;20.0;0.0
01;2021-06-06;1100;202;0;252766;131500;0;38.5;20.0;0.0
01;2021-06-07;3971;3071;0;256737;134571;0;39.1;20.5;0.0
01;2021-06-08;4462;3059;0;261199;137630;0;39.8;20.9;0.0
01;2021-06-09;3692;2680;0;264891;140310;0;40.3;21.4;0.0
01;2021-06-10;3647;2484;0;268538;142794;0;40.9;21.7;0.0
01;2021-06-11;4032;3709;0;272570;146503;0;41.5;22.3;0.0
01;2021-06-12;2813;2149;0;275383;148652;0;41.9;22.6;0.0
01;2021-06-13;543;613;0;275926;149265;0;42.0;22.7;0.0
01;2021-06-14;2668;3361;0;278594;152626;0;42.4;23.2;0.0
01;2021-06-15;2737;3644;0;281331;156270;0;42.8;23.8;0.0
01;2021-06-16;2945;3619;0;284276;159889;0;43.3;24.3;0.0
01;2021-06-17;2701;3674;0;286977;163563;0;43.7;24.9;0.0
01;2021-06-18;3284;4647;0;290261;168210;0;44.2;25.6;0.0
01;2021-06-19;2188;2643;0;292449;170853;0;44.5;26.0;0.0
01;2021-06-20;532;824;0;292981;171677;0;44.6;26.1;0.0
01;2021-06-21;2042;4049;0;295023;175726;0;44.9;26.7;0.0
01;2021-06-22;1877;4425;0;296900;180151;0;45.2;27.4;0.0
01;2021-06-23;1952;3993;0;298852;184144;0;45.5;28.0;0.0
01;2021-06-24;1894;4008;0;300746;188152;0;45.8;28.6;0.0
01;2021-06-25;2254;5057;0;303000;193209;0;46.1;29.4;0.0
01;2021-06-26;1339;3035;0;304339;196244;0;46.3;29.9;0.0
01;2021-06-27;357;853;0;304696;197097;0;46.4;30.0;0.0
01;2021-06-28;1541;4533;0;306237;201630;0;46.6;30.7;0.0
01;2021-06-29;1663;4424;0;307900;206054;0;46.9;31.4;0.0
01;2021-06-30;1715;4702;0;309615;210756;0;47.1;32.1;0.0
01;2021-07-01;1923;4455;0;311538;215211;0;47.4;32.8;0.0
01;2021-07-02;2088;5222;0;313626;220433;0;47.7;33.6;0.0
01;2021-07-03;1154;3443;0;314780;223876;0;47.9;34.1;0.0
01;2021-07-04;351;890;0;315131;224766;0;48.0;34.2;0.0
01;2021-07-05;1932;4470;0;317063;229236;0;48.3;34.9;0.0
01;2021-07-06;1555;4778;0;318618;234014;0;48.5;35.6;0.0
01;2021-07-07;2132;4055;0;320750;238069;0;48.8;36.2;0.0
01;2021-07-08;1922;3999;0;322672;242068;0;49.1;36.8;0.0
01;2021-07-09;2295;5018;0;324967;247086;0;49.5;37.6;0.0
01;2021-07-10;1307;3509;0;326274;250595;0;49.7;38.1;0.0
01;2021-07-11;406;751;0;326680;251346;0;49.7;38.3;0.0
01;2021-07-12;1793;4783;0;328473;256129;0;50.0;39.0;0.0
01;2021-07-13;2505;5167;0;330978;261296;0;50.4;39.8;0.0
01;2021-07-14;672;749;0;331650;262045;0;50.5;39.9;0.0
01;2021-07-15;3380;5240;0;335030;267285;0;51.0;40.7;0.0
01;2021-07-16;4204;5758;0;339234;273043;0;51.6;41.6;0.0
01;2021-07-17;2418;3533;0;341652;276576;0;52.0;42.1;0.0
01;2021-07-18;607;1118;0;342259;277694;0;52.1;42.3;0.0
01;2021-07-19;3130;4782;0;345389;282476;0;52.6;43.0;0.0
01;2021-07-20;3766;4764;0;349155;287240;0;53.1;43.7;0.0
01;2021-07-21;4283;4583;0;353438;291823;0;53.8;44.4;0.0
01;2021-07-22;4541;4330;0;357979;296153;0;54.5;45.1;0.0
01;2021-07-23;4466;5201;0;362445;301354;0;55.2;45.9;0.0
01;2021-07-24;2652;3185;0;365097;304539;0;55.6;46.4;0.0
01;2021-07-25;451;531;0;365548;305070;0;55.6;46.4;0.0
01;2021-07-26;3864;4021;0;369412;309091;0;56.2;47.0;0.0
01;2021-07-27;4621;3531;0;374033;312622;0;56.9;47.6;0.0
01;2021-07-28;4576;3395;0;378609;316017;0;57.6;48.1;0.0
01;2021-07-29;5177;3070;0;383786;319087;0;58.4;48.6;0.0
01;2021-07-30;5082;4064;0;388868;323151;0;59.2;49.2;0.0
01;2021-07-31;3601;2123;0;392469;325274;0;59.7;49.5;0.0
01;2021-08-01;822;408;0;393291;325682;0;59.9;49.6;0.0
01;2021-08-02;3673;3030;1;396964;328712;1;60.4;50.0;0.0
01;2021-08-03;3750;2883;0;400714;331595;1;61.0;50.5;0.0
01;2021-08-04;3437;2254;0;404151;333849;1;61.5;50.8;0.0
01;2021-08-05;2931;2793;0;407082;336642;1;62.0;51.2;0.0
01;2021-08-06;3289;3595;0;410371;340237;1;62.5;51.8;0.0
01;2021-08-07;1988;1879;0;412359;342116;1;62.8;52.1;0.0
01;2021-08-08;513;328;0;412872;342444;1;62.8;52.1;0.0
01;2021-08-09;1771;3161;0;414643;345605;1;63.1;52.6;0.0
01;2021-08-10;2057;2997;0;416700;348602;1;63.4;53.1;0.0
01;2021-08-11;1973;3034;0;418673;351636;1;63.7;53.5;0.0
01;2021-08-12;1962;3321;0;420635;354957;1;64.0;54.0;0.0
01;2021-08-13;2146;3391;0;422781;358348;1;64.4;54.5;0.0
01;2021-08-14;1453;2211;0;424234;360559;1;64.6;54.9;0.0
01;2021-08-15;98;259;0;424332;360818;1;64.6;54.9;0.0
01;2021-08-16;1299;3512;0;425631;364330;1;64.8;55.5;0.0
01;2021-08-17;1636;3174;0;427267;367504;1;65.0;55.9;0.0
01;2021-08-18;1385;3240;0;428652;370744;1;65.2;56.4;0.0
01;2021-08-19;1369;2836;0;430021;373580;1;65.5;56.9;0.0
01;2021-08-20;1605;4276;0;431626;377856;1;65.7;57.5;0.0
01;2021-08-21;848;2608;0;432474;380464;1;65.8;57.9;0.0
01;2021-08-22;90;126;0;432564;380590;1;65.8;57.9;0.0
01;2021-08-23;1182;3783;0;433746;384373;1;66.0;58.5;0.0
01;2021-08-24;1372;3854;0;435118;388227;1;66.2;59.1;0.0
01;2021-08-25;1226;3718;0;436344;391945;1;66.4;59.7;0.0
01;2021-08-26;1665;3304;0;438009;395249;1;66.7;60.2;0.0
01;2021-08-27;1636;4352;0;439645;399601;1;66.9;60.8;0.0
01;2021-08-28;927;2717;0;440572;402318;1;67.1;61.2;0.0
01;2021-08-29;76;484;0;440648;402802;1;67.1;61.3;0.0
01;2021-08-30;1244;3499;27;441892;406301;28;67.3;61.8;0.0
01;2021-08-31;1208;2696;71;443100;408997;99;67.4;62.3;0.0
01;2021-09-01;1221;2280;205;444321;411277;304;67.6;62.6;0.0
01;2021-09-02;990;1901;304;445311;413178;608;67.8;62.9;0.1
01;2021-09-03;1237;2717;255;446548;415895;863;68.0;63.3;0.1
01;2021-09-04;778;2184;88;447326;418079;951;68.1;63.6;0.1
01;2021-09-05;185;246;32;447511;418325;983;68.1;63.7;0.1
01;2021-09-06;677;1321;381;448188;419646;1364;68.2;63.9;0.2
01;2021-09-07;611;1268;256;448799;420914;1620;68.3;64.1;0.2
01;2021-09-08;865;1627;251;449664;422541;1871;68.4;64.3;0.3
01;2021-09-09;765;1218;227;450429;423759;2098;68.6;64.5;0.3
01;2021-09-10;1055;1796;364;451484;425555;2462;68.7;64.8;0.4
01;2021-09-11;689;1468;68;452173;427023;2530;68.8;65.0;0.4
01;2021-09-12;43;96;5;452216;427119;2535;68.8;65.0;0.4
01;2021-09-13;617;1175;357;452833;428294;2892;68.9;65.2;0.4
01;2021-09-14;620;1050;517;453453;429344;3409;69.0;65.4;0.5
01;2021-09-15;779;1531;458;454232;430875;3867;69.1;65.6;0.6
01;2021-09-16;564;988;480;454796;431863;4347;69.2;65.7;0.7
01;2021-09-17;729;1572;509;455525;433435;4856;69.3;66.0;0.7
01;2021-09-18;364;1220;56;455889;434655;4912;69.4;66.2;0.7
01;2021-09-19;47;104;16;455936;434759;4928;69.4;66.2;0.8
01;2021-09-20;365;717;503;456301;435476;5431;69.5;66.3;0.8
01;2021-09-21;409;808;692;456710;436284;6123;69.5;66.4;0.9
01;2021-09-22;369;1109;480;457079;437393;6603;69.6;66.6;1.0
01;2021-09-23;344;778;475;457423;438171;7078;69.6;66.7;1.1
01;2021-09-24;408;1077;410;457831;439248;7488;69.7;66.9;1.1
01;2021-09-25;277;969;83;458108;440217;7571;69.7;67.0;1.2
01;2021-09-26;19;115;3;458127;440332;7574;69.7;67.0;1.2
01;2021-09-27;196;603;201;458323;440935;7775;69.8;67.1;1.2
01;2021-09-28;321;1143;548;458644;442078;8323;69.8;67.3;1.3
01;2021-09-29;450;1333;457;459094;443411;8780;69.9;67.5;1.3
01;2021-09-30;375;809;446;459469;444220;9226;69.9;67.6;1.4
01;2021-10-01;546;1203;521;460015;445423;9747;70.0;67.8;1.5
01;2021-10-02;417;1242;178;460432;446665;9925;70.1;68.0;1.5
01;2021-10-03;27;62;13;460459;446727;9938;70.1;68.0;1.5
01;2021-10-04;232;567;380;460691;447294;10318;70.1;68.1;1.6
01;2021-10-05;247;547;547;460938;447841;10865;70.2;68.2;1.7
01;2021-10-06;404;804;498;461342;448645;11363;70.2;68.3;1.7
01;2021-10-07;236;516;506;461578;449161;11869;70.3;68.4;1.8
01;2021-10-08;391;778;585;461969;449939;12454;70.3;68.5;1.9
01;2021-10-09;343;678;269;462312;450617;12723;70.4;68.6;1.9
01;2021-10-10;12;28;2;462324;450645;12725;70.4;68.6;1.9
01;2021-10-11;208;478;541;462532;451123;13266;70.4;68.7;2.0
01;2021-10-12;205;391;538;462737;451514;13804;70.4;68.7;2.1
01;2021-10-13;368;591;818;463105;452105;14622;70.5;68.8;2.2
01;2021-10-14;191;578;509;463296;452683;15131;70.5;68.9;2.3
01;2021-10-15;385;564;765;463681;453247;15896;70.6;69.0;2.4
01;2021-10-16;294;447;318;463975;453694;16214;70.6;69.1;2.5
01;2021-10-17;10;30;1;463985;453724;16215;70.6;69.1;2.5
01;2021-10-18;171;265;662;464156;453989;16877;70.7;69.1;2.6
01;2021-10-19;129;301;635;464285;454290;17512;70.7;69.2;2.7
01;2021-10-20;232;475;932;464517;454765;18444;70.7;69.2;2.8
01;2021-10-21;105;377;623;464622;455142;19067;70.7;69.3;2.9
01;2021-10-22;164;542;766;464786;455684;19833;70.7;69.4;3.0
01;2021-10-23;114;467;375;464900;456151;20208;70.8;69.4;3.1
01;2021-10-24;5;7;8;464905;456158;20216;70.8;69.4;3.1
01;2021-10-25;147;242;781;465052;456400;20997;70.8;69.5;3.2
01;2021-10-26;96;186;642;465148;456586;21639;70.8;69.5;3.3
01;2021-10-27;190;394;908;465338;456980;22547;70.8;69.6;3.4
01;2021-10-28;95;173;598;465433;457153;23145;70.8;69.6;3.5
01;2021-10-29;144;315;899;465577;457468;24044;70.9;69.6;3.7
01;2021-10-30;100;346;470;465677;457814;24514;70.9;69.7;3.7
01;2021-10-31;3;11;12;465680;457825;24526;70.9;69.7;3.7
01;2021-11-01;13;12;7;465693;457837;24533;70.9;69.7;3.7
01;2021-11-02;68;185;636;465761;458022;25169;70.9;69.7;3.8
01;2021-11-03;168;391;1307;465929;458413;26476;70.9;69.8;4.0
01;2021-11-04;93;152;816;466022;458565;27292;70.9;69.8;4.2
01;2021-11-05;154;312;1125;466176;458877;28417;71.0;69.8;4.3
01;2021-11-06;89;297;684;466265;459174;29101;71.0;69.9;4.4
01;2021-11-07;1;14;8;466266;459188;29109;71.0;69.9;4.4
01;2021-11-08;99;229;1378;466365;459417;30487;71.0;69.9;4.6
01;2021-11-09;83;192;1298;466448;459609;31785;71.0;70.0;4.8
01;2021-11-10;191;304;1958;466639;459913;33743;71.0;70.0;5.1
01;2021-11-11;10;11;47;466649;459924;33790;71.0;70.0;5.1
01;2021-11-12;107;203;1528;466756;460127;35318;71.0;70.0;5.4
01;2021-11-13;139;165;1117;466895;460292;36435;71.1;70.1;5.5
01;2021-11-14;6;12;18;466901;460304;36453;71.1;70.1;5.5
01;2021-11-15;83;118;1674;466984;460422;38127;71.1;70.1;5.8
01;2021-11-16;92;159;1728;467076;460581;39855;71.1;70.1;6.1
01;2021-11-17;156;279;2384;467232;460860;42239;71.1;70.2;6.4
01;2021-11-18;95;141;1723;467327;461001;43962;71.1;70.2;6.7
01;2021-11-19;152;245;2259;467479;461246;46221;71.2;70.2;7.0
01;2021-11-20;159;152;1295;467638;461398;47516;71.2;70.2;7.2
01;2021-11-21;4;20;12;467642;461418;47528;71.2;70.2;7.2
01;2021-11-22;77;132;2140;467719;461550;49668;71.2;70.3;7.6
01;2021-11-23;111;113;2260;467830;461663;51928;71.2;70.3;7.9
01;2021-11-24;233;251;2820;468063;461914;54748;71.2;70.3;8.3
01;2021-11-25;99;120;2329;468162;462034;57077;71.3;70.3;8.7
01;2021-11-26;159;183;3634;468321;462217;60711;71.3;70.4;9.2
01;2021-11-27;169;193;2273;468490;462410;62984;71.3;70.4;9.6
01;2021-11-28;4;8;498;468494;462418;63482;71.3;70.4;9.7
01;2021-11-29;89;142;3981;468583;462560;67463;71.3;70.4;10.3
01;2021-11-30;88;118;3860;468671;462678;71323;71.3;70.4;10.9
01;2021-12-01;87;172;3432;468758;462850;74755;71.4;70.5;11.4
01;2021-12-02;88;110;4392;468846;462960;79147;71.4;70.5;12.0
01;2021-12-03;119;187;5643;468965;463147;84790;71.4;70.5;12.9
01;2021-12-04;86;176;3014;469051;463323;87804;71.4;70.5;13.4
01;2021-12-05;15;18;1044;469066;463341;88848;71.4;70.5;13.5
01;2021-12-06;88;133;5176;469154;463474;94024;71.4;70.5;14.3
01;2021-12-07;126;148;6713;469280;463622;100737;71.4;70.6;15.3
01;2021-12-08;104;211;5282;469384;463833;106019;71.4;70.6;16.1
01;2021-12-09;98;121;6119;469482;463954;112138;71.5;70.6;17.1
01;2021-12-10;134;199;7077;469616;464153;119215;71.5;70.7;18.1
01;2021-12-11;85;150;3756;469701;464303;122971;71.5;70.7;18.7
01;2021-12-12;15;20;1057;469716;464323;124028;71.5;70.7;18.9
01;2021-12-13;88;138;7061;469804;464461;131089;71.5;70.7;20.0
01;2021-12-14;132;191;8660;469936;464652;139749;71.5;70.7;21.3
01;2021-12-15;128;223;7624;470064;464875;147373;71.6;70.8;22.4
01;2021-12-16;115;146;8234;470179;465021;155607;71.6;70.8;23.7
01;2021-12-17;130;228;8628;470309;465249;164235;71.6;70.8;25.0
01;2021-12-18;133;188;4721;470442;465437;168956;71.6;70.8;25.7
01;2021-12-19;21;41;1692;470463;465478;170648;71.6;70.9;26.0
01;2021-12-20;157;178;6753;470620;465656;177401;71.6;70.9;27.0
01;2021-12-21;186;170;7046;470806;465826;184447;71.7;70.9;28.1
01;2021-12-22;166;175;5809;470972;466001;190256;71.7;70.9;29.0
01;2021-12-23;155;132;4365;471127;466133;194621;71.7;71.0;29.6
01;2021-12-24;32;41;955;471159;466174;195576;71.7;71.0;29.8
01;2021-12-25;0;6;33;471159;466180;195609;71.7;71.0;29.8
01;2021-12-26;18;9;517;471177;466189;196126;71.7;71.0;29.9
02;2020-12-27;1;0;0;1;0;0;0.0;0.0;0.0
02;2020-12-28;0;0;0;1;0;0;0.0;0.0;0.0
02;2020-12-29;0;0;0;1;0;0;0.0;0.0;0.0
02;2020-12-30;0;0;0;1;0;0;0.0;0.0;0.0
02;2020-12-31;0;0;0;1;0;0;0.0;0.0;0.0
02;2021-01-01;0;0;0;1;0;0;0.0;0.0;0.0
02;2021-01-02;0;0;0;1;0;0;0.0;0.0;0.0
02;2021-01-03;0;0;0;1;0;0;0.0;0.0;0.0
02;2021-01-04;1;0;0;2;0;0;0.0;0.0;0.0
02;2021-01-05;2;0;0;4;0;0;0.0;0.0;0.0
02;2021-01-06;25;0;0;29;0;0;0.0;0.0;0.0
02;2021-01-07;262;2;0;291;2;0;0.1;0.0;0.0
02;2021-01-08;502;2;0;793;4;0;0.2;0.0;0.0
02;2021-01-09;77;0;0;870;4;0;0.2;0.0;0.0
02;2021-01-10;52;0;0;922;4;0;0.2;0.0;0.0
02;2021-01-11;267;0;0;1189;4;0;0.2;0.0;0.0
02;2021-01-12;356;1;0;1545;5;0;0.3;0.0;0.0
02;2021-01-13;459;4;0;2004;9;0;0.4;0.0;0.0
02;2021-01-14;654;9;0;2658;18;0;0.5;0.0;0.0
02;2021-01-15;614;7;0;3272;25;0;0.6;0.0;0.0
02;2021-01-16;315;4;0;3587;29;0;0.7;0.0;0.0
02;2021-01-17;56;0;0;3643;29;0;0.7;0.0;0.0
02;2021-01-18;757;8;0;4400;37;0;0.8;0.0;0.0
02;2021-01-19;936;5;0;5336;42;0;1.0;0.0;0.0
02;2021-01-20;1320;7;0;6656;49;0;1.3;0.0;0.0
02;2021-01-21;2337;12;0;8993;61;0;1.7;0.0;0.0
02;2021-01-22;1375;6;0;10368;67;0;2.0;0.0;0.0
02;2021-01-23;296;3;0;10664;70;0;2.0;0.0;0.0
02;2021-01-24;61;1;0;10725;71;0;2.0;0.0;0.0
02;2021-01-25;431;13;0;11156;84;0;2.1;0.0;0.0
02;2021-01-26;648;18;0;11804;102;0;2.2;0.0;0.0
02;2021-01-27;188;4;0;11992;106;0;2.3;0.0;0.0
02;2021-01-28;112;229;0;12104;335;0;2.3;0.1;0.0
02;2021-01-29;142;417;0;12246;752;0;2.3;0.1;0.0
02;2021-01-30;13;16;0;12259;768;0;2.3;0.1;0.0
02;2021-01-31;1;10;0;12260;778;0;2.3;0.1;0.0
02;2021-02-01;18;208;0;12278;986;0;2.3;0.2;0.0
02;2021-02-02;71;307;0;12349;1293;0;2.3;0.2;0.0
02;2021-02-03;142;331;0;12491;1624;0;2.4;0.3;0.0
02;2021-02-04;255;363;0;12746;1987;0;2.4;0.4;0.0
02;2021-02-05;234;415;0;12980;2402;0;2.5;0.5;0.0
02;2021-02-06;65;162;0;13045;2564;0;2.5;0.5;0.0
02;2021-02-07;8;1;0;13053;2565;0;2.5;0.5;0.0
02;2021-02-08;297;428;0;13350;2993;0;2.5;0.6;0.0
02;2021-02-09;328;668;0;13678;3661;0;2.6;0.7;0.0
02;2021-02-10;465;992;0;14143;4653;0;2.7;0.9;0.0
02;2021-02-11;882;1671;0;15025;6324;0;2.9;1.2;0.0
02;2021-02-12;834;1007;0;15859;7331;0;3.0;1.4;0.0
02;2021-02-13;280;157;0;16139;7488;0;3.1;1.4;0.0
02;2021-02-14;1;3;0;16140;7491;0;3.1;1.4;0.0
02;2021-02-15;338;680;0;16478;8171;0;3.1;1.6;0.0
02;2021-02-16;423;552;0;16901;8723;0;3.2;1.7;0.0
02;2021-02-17;501;622;0;17402;9345;0;3.3;1.8;0.0
02;2021-02-18;521;452;0;17923;9797;0;3.4;1.9;0.0
02;2021-02-19;442;559;0;18365;10356;0;3.5;2.0;0.0
02;2021-02-20;365;226;0;18730;10582;0;3.6;2.0;0.0
02;2021-02-21;31;19;0;18761;10601;0;3.6;2.0;0.0
02;2021-02-22;368;335;0;19129;10936;0;3.6;2.1;0.0
02;2021-02-23;445;372;0;19574;11308;0;3.7;2.1;0.0
02;2021-02-24;608;175;0;20182;11483;0;3.8;2.2;0.0
02;2021-02-25;883;183;0;21065;11666;0;4.0;2.2;0.0
02;2021-02-26;835;113;0;21900;11779;0;4.2;2.2;0.0
02;2021-02-27;455;24;0;22355;11803;0;4.2;2.2;0.0
02;2021-02-28;49;1;0;22404;11804;0;4.3;2.2;0.0
02;2021-03-01;665;33;0;23069;11837;0;4.4;2.3;0.0
02;2021-03-02;999;162;0;24068;11999;0;4.6;2.3;0.0
02;2021-03-03;769;206;0;24837;12205;0;4.7;2.3;0.0
02;2021-03-04;1190;629;0;26027;12834;0;4.9;2.4;0.0
02;2021-03-05;1099;512;0;27126;13346;0;5.2;2.5;0.0
02;2021-03-06;2178;118;0;29304;13464;0;5.6;2.6;0.0
02;2021-03-07;1497;56;0;30801;13520;0;5.9;2.6;0.0
02;2021-03-08;610;363;0;31411;13883;0;6.0;2.6;0.0
02;2021-03-09;1016;418;0;32427;14301;0;6.2;2.7;0.0
02;2021-03-10;926;453;0;33353;14754;0;6.3;2.8;0.0
02;2021-03-11;1368;388;0;34721;15142;0;6.6;2.9;0.0
02;2021-03-12;1768;405;0;36489;15547;0;6.9;3.0;0.0
02;2021-03-13;2654;243;0;39143;15790;0;7.4;3.0;0.0
02;2021-03-14;1390;46;0;40533;15836;0;7.7;3.0;0.0
02;2021-03-15;636;407;0;41169;16243;0;7.8;3.1;0.0
02;2021-03-16;883;411;0;42052;16654;0;8.0;3.2;0.0
02;2021-03-17;791;467;0;42843;17121;0;8.1;3.3;0.0
02;2021-03-18;691;642;0;43534;17763;0;8.3;3.4;0.0
02;2021-03-19;1249;307;0;44783;18070;0;8.5;3.4;0.0
02;2021-03-20;2472;164;0;47255;18234;0;9.0;3.5;0.0
02;2021-03-21;1406;78;0;48661;18312;0;9.3;3.5;0.0
02;2021-03-22;801;484;0;49462;18796;0;9.4;3.6;0.0
02;2021-03-23;1270;557;0;50732;19353;0;9.6;3.7;0.0
02;2021-03-24;1674;516;0;52406;19869;0;10.0;3.8;0.0
02;2021-03-25;1836;607;0;54242;20476;0;10.3;3.9;0.0
02;2021-03-26;2508;501;0;56750;20977;0;10.8;4.0;0.0
02;2021-03-27;2526;158;0;59276;21135;0;11.3;4.0;0.0
02;2021-03-28;692;21;0;59968;21156;0;11.4;4.0;0.0
02;2021-03-29;1118;853;0;61086;22009;0;11.6;4.2;0.0
02;2021-03-30;1632;838;0;62718;22847;0;11.9;4.3;0.0
02;2021-03-31;1402;733;0;64120;23580;0;12.2;4.5;0.0
02;2021-04-01;1408;873;0;65528;24453;0;12.5;4.6;0.0
02;2021-04-02;1351;1212;0;66879;25665;0;12.7;4.9;0.0
02;2021-04-03;2644;871;0;69523;26536;0;13.2;5.0;0.0
02;2021-04-04;729;241;0;70252;26777;0;13.4;5.1;0.0
02;2021-04-05;1534;133;0;71786;26910;0;13.6;5.1;0.0
02;2021-04-06;1561;868;0;73347;27778;0;13.9;5.3;0.0
02;2021-04-07;1861;802;0;75208;28580;0;14.3;5.4;0.0
02;2021-04-08;1983;1143;0;77191;29723;0;14.7;5.7;0.0
02;2021-04-09;2572;1142;0;79763;30865;0;15.2;5.9;0.0
02;2021-04-10;2556;1214;0;82319;32079;0;15.6;6.1;0.0
02;2021-04-11;498;422;0;82817;32501;0;15.7;6.2;0.0
02;2021-04-12;1836;646;0;84653;33147;0;16.1;6.3;0.0
02;2021-04-13;1705;947;0;86358;34094;0;16.4;6.5;0.0
02;2021-04-14;2727;1005;0;89085;35099;0;16.9;6.7;0.0
02;2021-04-15;2743;870;0;91828;35969;0;17.5;6.8;0.0
02;2021-04-16;2590;1185;0;94418;37154;0;17.9;7.1;0.0
02;2021-04-17;1922;2131;0;96340;39285;0;18.3;7.5;0.0
02;2021-04-18;272;785;0;96612;40070;0;18.4;7.6;0.0
02;2021-04-19;1228;691;0;97840;40761;0;18.6;7.7;0.0
02;2021-04-20;1718;842;0;99558;41603;0;18.9;7.9;0.0
02;2021-04-21;1664;1103;0;101222;42706;0;19.2;8.1;0.0
02;2021-04-22;1883;842;0;103105;43548;0;19.6;8.3;0.0
02;2021-04-23;2075;1443;0;105180;44991;0;20.0;8.6;0.0
02;2021-04-24;1722;1677;0;106902;46668;0;20.3;8.9;0.0
02;2021-04-25;480;303;0;107382;46971;0;20.4;8.9;0.0
02;2021-04-26;1401;676;0;108783;47647;0;20.7;9.1;0.0
02;2021-04-27;1782;1175;0;110565;48822;0;21.0;9.3;0.0
02;2021-04-28;1786;1491;0;112351;50313;0;21.4;9.6;0.0
02;2021-04-29;2013;1271;0;114364;51584;0;21.7;9.8;0.0
02;2021-04-30;2842;1690;0;117206;53274;0;22.3;10.1;0.0
02;2021-05-01;2208;1245;0;119414;54519;0;22.7;10.4;0.0
02;2021-05-02;1927;549;0;121341;55068;0;23.1;10.5;0.0
02;2021-05-03;2362;1040;0;123703;56108;0;23.5;10.7;0.0
02;2021-05-04;1747;1394;0;125450;57502;0;23.8;10.9;0.0
02;2021-05-05;2631;1934;0;128081;59436;0;24.3;11.3;0.0
02;2021-05-06;2536;1923;0;130617;61359;0;24.8;11.7;0.0
02;2021-05-07;2673;2294;0;133290;63653;0;25.3;12.1;0.0
02;2021-05-08;2940;1068;0;136230;64721;0;25.9;12.3;0.0
02;2021-05-09;1907;445;0;138137;65166;0;26.3;12.4;0.0
02;2021-05-10;2537;1629;0;140674;66795;0;26.7;12.7;0.0
02;2021-05-11;3148;1659;0;143822;68454;0;27.3;13.0;0.0
02;2021-05-12;2939;1779;0;146761;70233;0;27.9;13.4;0.0
02;2021-05-13;3046;1014;0;149807;71247;0;28.5;13.5;0.0
02;2021-05-14;3691;1326;0;153498;72573;0;29.2;13.8;0.0
02;2021-05-15;4410;1208;0;157908;73781;0;30.0;14.0;0.0
02;2021-05-16;2861;222;0;160769;74003;0;30.6;14.1;0.0
02;2021-05-17;2418;773;0;163187;74776;0;31.0;14.2;0.0
02;2021-05-18;3032;1060;0;166219;75836;0;31.6;14.4;0.0
02;2021-05-19;3063;1106;0;169282;76942;0;32.2;14.6;0.0
02;2021-05-20;3672;1301;0;172954;78243;0;32.9;14.9;0.0
02;2021-05-21;3819;1167;0;176773;79410;0;33.6;15.1;0.0
02;2021-05-22;5288;1045;0;182061;80455;0;34.6;15.3;0.0
02;2021-05-23;2585;250;0;184646;80705;0;35.1;15.3;0.0
02;2021-05-24;3267;541;0;187913;81246;0;35.7;15.4;0.0
02;2021-05-25;2318;1278;0;190231;82524;0;36.2;15.7;0.0
02;2021-05-26;3108;1562;0;193339;84086;0;36.8;16.0;0.0
02;2021-05-27;3770;1579;0;197109;85665;0;37.5;16.3;0.0
02;2021-05-28;3631;1739;0;200740;87404;0;38.2;16.6;0.0
02;2021-05-29;3978;1642;0;204718;89046;0;38.9;16.9;0.0
02;2021-05-30;1367;201;0;206085;89247;0;39.2;17.0;0.0
02;2021-05-31;2573;1277;0;208658;90524;0;39.7;17.2;0.0
02;2021-06-01;3003;1913;0;211661;92437;0;40.2;17.6;0.0
02;2021-06-02;3295;1786;0;214956;94223;0;40.9;17.9;0.0
02;2021-06-03;3079;1953;0;218035;96176;0;41.4;18.3;0.0
02;2021-06-04;3362;2155;0;221397;98331;0;42.1;18.7;0.0
02;2021-06-05;3315;1852;0;224712;100183;0;42.7;19.0;0.0
02;2021-06-06;1583;278;0;226295;100461;0;43.0;19.1;0.0
02;2021-06-07;1830;1645;0;228125;102106;0;43.4;19.4;0.0
02;2021-06-08;2190;1975;0;230315;104081;0;43.8;19.8;0.0
02;2021-06-09;2239;1897;0;232554;105978;0;44.2;20.1;0.0
02;2021-06-10;2156;2078;0;234710;108056;0;44.6;20.5;0.0
02;2021-06-11;2300;3229;0;237010;111285;0;45.1;21.2;0.0
02;2021-06-12;2240;2810;0;239250;114095;0;45.5;21.7;0.0
02;2021-06-13;636;1455;0;239886;115550;0;45.6;22.0;0.0
02;2021-06-14;1118;2618;0;241004;118168;0;45.8;22.5;0.0
02;2021-06-15;1705;2697;0;242709;120865;0;46.1;23.0;0.0
02;2021-06-16;1597;2994;0;244306;123859;0;46.4;23.5;0.0
02;2021-06-17;1886;3162;0;246192;127021;0;46.8;24.1;0.0
02;2021-06-18;2324;3829;0;248516;130850;0;47.2;24.9;0.0
02;2021-06-19;1795;3907;0;250311;134757;0;47.6;25.6;0.0
02;2021-06-20;615;1558;0;250926;136315;0;47.7;25.9;0.0
02;2021-06-21;852;3350;0;251778;139665;0;47.9;26.5;0.0
02;2021-06-22;1235;3846;2;253013;143511;2;48.1;27.3;0.0
02;2021-06-23;1403;3730;0;254416;147241;2;48.4;28.0;0.0
02;2021-06-24;1415;3313;0;255831;150554;2;48.6;28.6;0.0
02;2021-06-25;1465;4864;0;257296;155418;2;48.9;29.5;0.0
02;2021-06-26;1322;4440;0;258618;159858;2;49.2;30.4;0.0
02;2021-06-27;565;2342;0;259183;162200;2;49.3;30.8;0.0
02;2021-06-28;903;3267;0;260086;165467;2;49.4;31.5;0.0
02;2021-06-29;1000;3236;0;261086;168703;2;49.6;32.1;0.0
02;2021-06-30;1447;3424;0;262533;172127;2;49.9;32.7;0.0
02;2021-07-01;1370;3766;0;263903;175893;2;50.2;33.4;0.0
02;2021-07-02;1429;5187;0;265332;181080;2;50.4;34.4;0.0
02;2021-07-03;1043;5794;0;266375;186874;2;50.6;35.5;0.0
02;2021-07-04;528;2300;0;266903;189174;2;50.7;36.0;0.0
02;2021-07-05;690;3989;0;267593;193163;2;50.9;36.7;0.0
02;2021-07-06;870;3352;1;268463;196515;3;51.0;37.4;0.0
02;2021-07-07;1407;3854;3;269870;200369;6;51.3;38.1;0.0
02;2021-07-08;1550;3949;0;271420;204318;6;51.6;38.8;0.0
02;2021-07-09;1411;4359;0;272831;208677;6;51.9;39.7;0.0
02;2021-07-10;1382;4482;0;274213;213159;6;52.1;40.5;0.0
02;2021-07-11;491;1864;0;274704;215023;6;52.2;40.9;0.0
02;2021-07-12;1446;3806;0;276150;218829;6;52.5;41.6;0.0
02;2021-07-13;2213;3850;0;278363;222679;6;52.9;42.3;0.0
02;2021-07-14;1528;1630;0;279891;224309;6;53.2;42.6;0.0
02;2021-07-15;2871;3797;0;282762;228106;6;53.8;43.4;0.0
02;2021-07-16;3293;4479;0;286055;232585;6;54.4;44.2;0.0
02;2021-07-17;3442;4269;0;289497;236854;6;55.0;45.0;0.0
02;2021-07-18;1718;1511;0;291215;238365;6;55.4;45.3;0.0
02;2021-07-19;3242;3131;0;294457;241496;6;56.0;45.9;0.0
02;2021-07-20;3548;3501;0;298005;244997;6;56.6;46.6;0.0
02;2021-07-21;3949;3120;0;301954;248117;6;57.4;47.2;0.0
02;2021-07-22;3544;2986;0;305498;251103;6;58.1;47.7;0.0
02;2021-07-23;3487;3693;0;308985;254796;6;58.7;48.4;0.0
02;2021-07-24;4236;3578;0;313221;258374;6;59.5;49.1;0.0
02;2021-07-25;1937;1004;0;315158;259378;6;59.9;49.3;0.0
02;2021-07-26;3781;2279;0;318939;261657;6;60.6;49.7;0.0
02;2021-07-27;3829;2331;0;322768;263988;6;61.4;50.2;0.0
02;2021-07-28;3525;2311;0;326293;266299;6;62.0;50.6;0.0
02;2021-07-29;2999;2343;0;329292;268642;6;62.6;51.1;0.0
02;2021-07-30;3543;2485;0;332835;271127;6;63.3;51.5;0.0
02;2021-07-31;4079;2335;0;336914;273462;6;64.0;52.0;0.0
02;2021-08-01;1444;669;0;338358;274131;6;64.3;52.1;0.0
02;2021-08-02;2324;1684;0;340682;275815;6;64.8;52.4;0.0
02;2021-08-03;2893;2044;0;343575;277859;6;65.3;52.8;0.0
02;2021-08-04;2962;1834;0;346537;279693;6;65.9;53.2;0.0
02;2021-08-05;2228;2400;0;348765;282093;6;66.3;53.6;0.0
02;2021-08-06;2398;2829;0;351163;284922;6;66.8;54.2;0.0
02;2021-08-07;2731;2800;0;353894;287722;6;67.3;54.7;0.0
02;2021-08-08;1011;1346;0;354905;289068;6;67.5;55.0;0.0
02;2021-08-09;1950;2696;0;356855;291764;6;67.8;55.5;0.0
02;2021-08-10;1976;2653;0;358831;294417;6;68.2;56.0;0.0
02;2021-08-11;1760;2253;0;360591;296670;6;68.5;56.4;0.0
02;2021-08-12;1390;2399;0;361981;299069;6;68.8;56.9;0.0
02;2021-08-13;1741;2950;0;363722;302019;6;69.1;57.4;0.0
02;2021-08-14;1805;3621;0;365527;305640;6;69.5;58.1;0.0
02;2021-08-15;207;572;0;365734;306212;6;69.5;58.2;0.0
02;2021-08-16;1335;3712;0;367069;309924;6;69.8;58.9;0.0
02;2021-08-17;1497;2991;0;368566;312915;6;70.1;59.5;0.0
02;2021-08-18;1611;3210;0;370177;316125;6;70.4;60.1;0.0
02;2021-08-19;1201;3339;0;371378;319464;6;70.6;60.7;0.0
02;2021-08-20;1266;3145;0;372644;322609;6;70.8;61.3;0.0
02;2021-08-21;1495;4029;0;374139;326638;6;71.1;62.1;0.0
02;2021-08-22;401;1550;0;374540;328188;6;71.2;62.4;0.0
02;2021-08-23;1126;3163;0;375666;331351;6;71.4;63.0;0.0
02;2021-08-24;964;2495;0;376630;333846;6;71.6;63.5;0.0
02;2021-08-25;1075;2836;0;377705;336682;6;71.8;64.0;0.0
02;2021-08-26;957;2618;0;378662;339300;6;72.0;64.5;0.0
02;2021-08-27;1018;2825;0;379680;342125;6;72.2;65.0;0.0
02;2021-08-28;1275;3587;0;380955;345712;6;72.4;65.7;0.0
02;2021-08-29;318;1173;0;381273;346885;6;72.5;65.9;0.0
02;2021-08-30;951;2643;44;382224;349528;50;72.7;66.4;0.0
02;2021-08-31;876;2300;97;383100;351828;147;72.8;66.9;0.0
02;2021-09-01;742;1662;146;383842;353490;293;73.0;67.2;0.1
02;2021-09-02;673;1721;171;384515;355211;464;73.1;67.5;0.1
02;2021-09-03;679;1892;193;385194;357103;657;73.2;67.9;0.1
02;2021-09-04;872;2974;90;386066;360077;747;73.4;68.4;0.1
02;2021-09-05;229;456;72;386295;360533;819;73.4;68.5;0.2
02;2021-09-06;448;998;157;386743;361531;976;73.5;68.7;0.2
02;2021-09-07;453;1302;218;387196;362833;1194;73.6;69.0;0.2
02;2021-09-08;520;1776;160;387716;364609;1354;73.7;69.3;0.3
02;2021-09-09;435;1230;165;388151;365839;1519;73.8;69.5;0.3
02;2021-09-10;575;1415;212;388726;367254;1731;73.9;69.8;0.3
02;2021-09-11;746;2226;176;389472;369480;1907;74.0;70.2;0.4
02;2021-09-12;98;288;18;389570;369768;1925;74.1;70.3;0.4
02;2021-09-13;439;971;280;390009;370739;2205;74.1;70.5;0.4
02;2021-09-14;441;890;356;390450;371629;2561;74.2;70.6;0.5
02;2021-09-15;445;1361;572;390895;372990;3133;74.3;70.9;0.6
02;2021-09-16;450;846;412;391345;373836;3545;74.4;71.1;0.7
02;2021-09-17;585;979;463;391930;374815;4008;74.5;71.3;0.8
02;2021-09-18;550;2038;229;392480;376853;4237;74.6;71.6;0.8
02;2021-09-19;76;242;27;392556;377095;4264;74.6;71.7;0.8
02;2021-09-20;296;636;484;392852;377731;4748;74.7;71.8;0.9
02;2021-09-21;278;638;504;393130;378369;5252;74.7;71.9;1.0
02;2021-09-22;351;940;533;393481;379309;5785;74.8;72.1;1.1
02;2021-09-23;263;577;522;393744;379886;6307;74.8;72.2;1.2
02;2021-09-24;283;730;383;394027;380616;6690;74.9;72.4;1.3
02;2021-09-25;313;1205;301;394340;381821;6991;75.0;72.6;1.3
02;2021-09-26;39;159;13;394379;381980;7004;75.0;72.6;1.3
02;2021-09-27;169;395;420;394548;382375;7424;75.0;72.7;1.4
02;2021-09-28;166;386;455;394714;382761;7879;75.0;72.8;1.5
02;2021-09-29;227;464;529;394941;383225;8408;75.1;72.8;1.6
02;2021-09-30;232;473;458;395173;383698;8866;75.1;72.9;1.7
02;2021-10-01;358;672;507;395531;384370;9373;75.2;73.1;1.8
02;2021-10-02;393;876;323;395924;385246;9696;75.3;73.2;1.8
02;2021-10-03;33;69;23;395957;385315;9719;75.3;73.2;1.8
02;2021-10-04;157;386;529;396114;385701;10248;75.3;73.3;1.9
02;2021-10-05;177;332;402;396291;386033;10650;75.3;73.4;2.0
02;2021-10-06;254;437;532;396545;386470;11182;75.4;73.5;2.1
02;2021-10-07;219;434;588;396764;386904;11770;75.4;73.5;2.2
02;2021-10-08;311;602;692;397075;387506;12462;75.5;73.7;2.4
02;2021-10-09;315;700;498;397390;388206;12960;75.5;73.8;2.5
02;2021-10-10;31;67;23;397421;388273;12983;75.5;73.8;2.5
02;2021-10-11;177;325;415;397598;388598;13398;75.6;73.9;2.5
02;2021-10-12;140;296;509;397738;388894;13907;75.6;73.9;2.6
02;2021-10-13;240;403;663;397978;389297;14570;75.7;74.0;2.8
02;2021-10-14;210;319;566;398188;389616;15136;75.7;74.1;2.9
02;2021-10-15;283;430;763;398471;390046;15899;75.7;74.1;3.0
02;2021-10-16;307;409;495;398778;390455;16394;75.8;74.2;3.1
02;2021-10-17;15;31;10;398793;390486;16404;75.8;74.2;3.1
02;2021-10-18;158;242;566;398951;390728;16970;75.8;74.3;3.2
02;2021-10-19;121;228;419;399072;390956;17389;75.9;74.3;3.3
02;2021-10-20;259;293;886;399331;391249;18275;75.9;74.4;3.5
02;2021-10-21;151;248;611;399482;391497;18886;75.9;74.4;3.6
02;2021-10-22;294;415;989;399776;391912;19875;76.0;74.5;3.8
02;2021-10-23;226;384;446;400002;392296;20321;76.0;74.6;3.9
02;2021-10-24;6;8;11;400008;392304;20332;76.0;74.6;3.9
02;2021-10-25;147;216;721;400155;392520;21053;76.1;74.6;4.0
02;2021-10-26;80;150;600;400235;392670;21653;76.1;74.6;4.1
02;2021-10-27;168;252;839;400403;392922;22492;76.1;74.7;4.3
02;2021-10-28;160;207;719;400563;393129;23211;76.1;74.7;4.4
02;2021-10-29;270;378;1080;400833;393507;24291;76.2;74.8;4.6
02;2021-10-30;140;290;483;400973;393797;24774;76.2;74.9;4.7
02;2021-10-31;11;15;33;400984;393812;24807;76.2;74.9;4.7
02;2021-11-01;14;13;9;400998;393825;24816;76.2;74.9;4.7
02;2021-11-02;136;195;697;401134;394020;25513;76.3;74.9;4.8
02;2021-11-03;219;285;1043;401353;394305;26556;76.3;75.0;5.0
02;2021-11-04;141;231;746;401494;394536;27302;76.3;75.0;5.2
02;2021-11-05;204;320;1227;401698;394856;28529;76.4;75.1;5.4
02;2021-11-06;153;237;496;401851;395093;29025;76.4;75.1;5.5
02;2021-11-07;23;28;101;401874;395121;29126;76.4;75.1;5.5
02;2021-11-08;102;140;840;401976;395261;29966;76.4;75.1;5.7
02;2021-11-09;114;162;1147;402090;395423;31113;76.4;75.2;5.9
02;2021-11-10;176;282;1458;402266;395705;32571;76.5;75.2;6.2
02;2021-11-11;9;21;72;402275;395726;32643;76.5;75.2;6.2
02;2021-11-12;221;321;1539;402496;396047;34182;76.5;75.3;6.5
02;2021-11-13;175;271;1038;402671;396318;35220;76.5;75.3;6.7
02;2021-11-14;9;9;87;402680;396327;35307;76.5;75.3;6.7
02;2021-11-15;96;138;1174;402776;396465;36481;76.6;75.4;6.9
02;2021-11-16;118;120;1279;402894;396585;37760;76.6;75.4;7.2
02;2021-11-17;220;234;1617;403114;396819;39377;76.6;75.4;7.5
02;2021-11-18;144;201;1840;403258;397020;41217;76.7;75.5;7.8
02;2021-11-19;242;268;1979;403500;397288;43196;76.7;75.5;8.2
02;2021-11-20;176;193;923;403676;397481;44119;76.7;75.6;8.4
02;2021-11-21;7;10;69;403683;397491;44188;76.7;75.6;8.4
02;2021-11-22;165;103;1414;403848;397594;45602;76.8;75.6;8.7
02;2021-11-23;138;114;1279;403986;397708;46881;76.8;75.6;8.9
02;2021-11-24;184;218;1663;404170;397926;48544;76.8;75.6;9.2
02;2021-11-25;173;159;1853;404343;398085;50397;76.9;75.7;9.6
02;2021-11-26;244;239;3319;404587;398324;53716;76.9;75.7;10.2
02;2021-11-27;232;181;2505;404819;398505;56221;77.0;75.8;10.7
02;2021-11-28;40;24;1597;404859;398529;57818;77.0;75.8;11.0
02;2021-11-29;102;110;2650;404961;398639;60468;77.0;75.8;11.5
02;2021-11-30;141;144;3559;405102;398783;64027;77.0;75.8;12.2
02;2021-12-01;150;187;3733;405252;398970;67760;77.0;75.8;12.9
02;2021-12-02;136;82;4168;405388;399052;71928;77.1;75.9;13.7
02;2021-12-03;172;207;5222;405560;399259;77150;77.1;75.9;14.7
02;2021-12-04;134;172;4325;405694;399431;81475;77.1;75.9;15.5
02;2021-12-05;21;20;1097;405715;399451;82572;77.1;75.9;15.7
02;2021-12-06;113;119;3776;405828;399570;86348;77.1;76.0;16.4
02;2021-12-07;132;128;4585;405960;399698;90933;77.2;76.0;17.3
02;2021-12-08;140;164;5295;406100;399862;96228;77.2;76.0;18.3
02;2021-12-09;147;190;4994;406247;400052;101222;77.2;76.0;19.2
02;2021-12-10;185;245;6033;406432;400297;107255;77.3;76.1;20.4
02;2021-12-11;147;202;4974;406579;400499;112229;77.3;76.1;21.3
02;2021-12-12;58;20;1704;406637;400519;113933;77.3;76.1;21.7
02;2021-12-13;111;138;4781;406748;400657;118714;77.3;76.2;22.6
02;2021-12-14;140;168;5496;406888;400825;124210;77.3;76.2;23.6
02;2021-12-15;121;209;5246;407009;401034;129456;77.4;76.2;24.6
02;2021-12-16;164;216;6214;407173;401250;135670;77.4;76.3;25.8
02;2021-12-17;171;259;7133;407344;401509;142803;77.4;76.3;27.1
02;2021-12-18;183;232;5014;407527;401741;147817;77.5;76.4;28.1
02;2021-12-19;80;31;1853;407607;401772;149670;77.5;76.4;28.5
02;2021-12-20;162;162;4465;407769;401934;154135;77.5;76.4;29.3
02;2021-12-21;213;174;6240;407982;402108;160375;77.6;76.4;30.5
02;2021-12-22;229;180;4643;408211;402288;165018;77.6;76.5;31.4
02;2021-12-23;187;204;3739;408398;402492;168757;77.6;76.5;32.1
02;2021-12-24;33;25;497;408431;402517;169254;77.6;76.5;32.2
02;2021-12-25;1;2;39;408432;402519;169293;77.6;76.5;32.2
02;2021-12-26;15;17;315;408447;402536;169608;77.6;76.5;32.2
03;2020-12-27;0;0;0;0;0;0;0.0;0.0;0.0
03;2020-12-28;3;0;0;3;0;0;0.0;0.0;0.0
03;2020-12-29;0;0;0;3;0;0;0.0;0.0;0.0
03;2020-12-30;1;0;0;4;0;0;0.0;0.0;0.0
03;2020-12-31;0;0;0;4;0;0;0.0;0.0;0.0
03;2021-01-01;0;0;0;4;0;0;0.0;0.0;0.0
03;2021-01-02;0;0;0;4;0;0;0.0;0.0;0.0
03;2021-01-03;0;0;0;4;0;0;0.0;0.0;0.0
03;2021-01-04;0;0;0;4;0;0;0.0;0.0;0.0
03;2021-01-05;1;0;0;5;0;0;0.0;0.0;0.0
03;2021-01-06;12;0;0;17;0;0;0.0;0.0;0.0
03;2021-01-07;73;0;0;90;0;0;0.0;0.0;0.0
03;2021-01-08;141;1;0;231;1;0;0.1;0.0;0.0
03;2021-01-09;113;0;0;344;1;0;0.1;0.0;0.0
03;2021-01-10;4;0;0;348;1;0;0.1;0.0;0.0
03;2021-01-11;411;1;0;759;2;0;0.2;0.0;0.0
03;2021-01-12;607;1;0;1366;3;0;0.4;0.0;0.0
03;2021-01-13;743;2;0;2109;5;0;0.6;0.0;0.0
03;2021-01-14;837;5;0;2946;10;0;0.9;0.0;0.0
03;2021-01-15;374;3;0;3320;13;0;1.0;0.0;0.0
03;2021-01-16;260;0;0;3580;13;0;1.1;0.0;0.0
03;2021-01-17;37;0;0;3617;13;0;1.1;0.0;0.0
03;2021-01-18;874;1;0;4491;14;0;1.4;0.0;0.0
03;2021-01-19;1190;2;0;5681;16;0;1.7;0.0;0.0
03;2021-01-20;1327;3;0;7008;19;0;2.1;0.0;0.0
03;2021-01-21;1203;3;0;8211;22;0;2.5;0.0;0.0
03;2021-01-22;1108;5;0;9319;27;0;2.8;0.0;0.0
03;2021-01-23;449;1;0;9768;28;0;2.9;0.0;0.0
03;2021-01-24;1;0;0;9769;28;0;2.9;0.0;0.0
03;2021-01-25;214;0;0;9983;28;0;3.0;0.0;0.0
03;2021-01-26;739;14;0;10722;42;0;3.2;0.0;0.0
03;2021-01-27;703;10;0;11425;52;0;3.4;0.0;0.0
03;2021-01-28;1014;56;0;12439;108;0;3.8;0.0;0.0
03;2021-01-29;823;78;0;13262;186;0;4.0;0.1;0.0
03;2021-01-30;556;6;0;13818;192;0;4.2;0.1;0.0
03;2021-01-31;0;1;0;13818;193;0;4.2;0.1;0.0
03;2021-02-01;176;82;0;13994;275;0;4.2;0.1;0.0
03;2021-02-02;731;263;0;14725;538;0;4.4;0.2;0.0
03;2021-02-03;972;455;0;15697;993;0;4.7;0.3;0.0
03;2021-02-04;1514;648;0;17211;1641;0;5.2;0.5;0.0
03;2021-02-05;884;307;0;18095;1948;0;5.5;0.6;0.0
03;2021-02-06;146;15;0;18241;1963;0;5.5;0.6;0.0
03;2021-02-07;2;0;0;18243;1963;0;5.5;0.6;0.0
03;2021-02-08;145;63;0;18388;2026;0;5.6;0.6;0.0
03;2021-02-09;587;431;0;18975;2457;0;5.7;0.7;0.0
03;2021-02-10;490;416;0;19465;2873;0;5.9;0.9;0.0
03;2021-02-11;934;531;0;20399;3404;0;6.2;1.0;0.0
03;2021-02-12;1042;565;0;21441;3969;0;6.5;1.2;0.0
03;2021-02-13;125;160;0;21566;4129;0;6.5;1.2;0.0
03;2021-02-14;4;4;0;21570;4133;0;6.5;1.2;0.0
03;2021-02-15;301;856;0;21871;4989;0;6.6;1.5;0.0
03;2021-02-16;547;1132;0;22418;6121;0;6.8;1.8;0.0
03;2021-02-17;431;1306;0;22849;7427;0;6.9;2.2;0.0
03;2021-02-18;344;1240;0;23193;8667;0;7.0;2.6;0.0
03;2021-02-19;492;767;0;23685;9434;0;7.1;2.8;0.0
03;2021-02-20;115;181;0;23800;9615;0;7.2;2.9;0.0
03;2021-02-21;2;1;0;23802;9616;0;7.2;2.9;0.0
03;2021-02-22;170;210;0;23972;9826;0;7.2;3.0;0.0
03;2021-02-23;657;836;0;24629;10662;0;7.4;3.2;0.0
03;2021-02-24;582;974;0;25211;11636;0;7.6;3.5;0.0
03;2021-02-25;1046;1758;0;26257;13394;0;7.9;4.0;0.0
03;2021-02-26;781;1293;0;27038;14687;0;8.2;4.4;0.0
03;2021-02-27;97;247;0;27135;14934;0;8.2;4.5;0.0
03;2021-02-28;1;16;0;27136;14950;0;8.2;4.5;0.0
03;2021-03-01;186;243;0;27322;15193;0;8.2;4.6;0.0
03;2021-03-02;784;663;0;28106;15856;0;8.5;4.8;0.0
03;2021-03-03;859;454;0;28965;16310;0;8.7;4.9;0.0
03;2021-03-04;1490;583;0;30455;16893;0;9.2;5.1;0.0
03;2021-03-05;1064;714;0;31519;17607;0;9.5;5.3;0.0
03;2021-03-06;895;117;0;32414;17724;0;9.8;5.3;0.0
03;2021-03-07;14;2;0;32428;17726;0;9.8;5.4;0.0
03;2021-03-08;249;249;0;32677;17975;0;9.9;5.4;0.0
03;2021-03-09;942;448;0;33619;18423;0;10.1;5.6;0.0
03;2021-03-10;924;541;0;34543;18964;0;10.4;5.7;0.0
03;2021-03-11;1615;667;0;36158;19631;0;10.9;5.9;0.0
03;2021-03-12;1256;841;0;37414;20472;0;11.3;6.2;0.0
03;2021-03-13;859;112;0;38273;20584;0;11.6;6.2;0.0
03;2021-03-14;12;7;0;38285;20591;0;11.6;6.2;0.0
03;2021-03-15;301;205;0;38586;20796;0;11.6;6.3;0.0
03;2021-03-16;647;405;0;39233;21201;0;11.8;6.4;0.0
03;2021-03-17;1278;420;0;40511;21621;0;12.2;6.5;0.0
03;2021-03-18;1680;405;0;42191;22026;0;12.7;6.6;0.0
03;2021-03-19;1657;347;0;43848;22373;0;13.2;6.8;0.0
03;2021-03-20;303;29;0;44151;22402;0;13.3;6.8;0.0
03;2021-03-21;4;0;0;44155;22402;0;13.3;6.8;0.0
03;2021-03-22;258;393;0;44413;22795;0;13.4;6.9;0.0
03;2021-03-23;1308;361;0;45721;23156;0;13.8;7.0;0.0
03;2021-03-24;1809;337;0;47530;23493;0;14.3;7.1;0.0
03;2021-03-25;2320;545;0;49850;24038;0;15.0;7.3;0.0
03;2021-03-26;2266;438;0;52116;24476;0;15.7;7.4;0.0
03;2021-03-27;818;28;0;52934;24504;0;16.0;7.4;0.0
03;2021-03-28;14;35;0;52948;24539;0;16.0;7.4;0.0
03;2021-03-29;677;176;0;53625;24715;0;16.2;7.5;0.0
03;2021-03-30;1897;452;0;55522;25167;0;16.8;7.6;0.0
03;2021-03-31;1053;926;0;56575;26093;0;17.1;7.9;0.0
03;2021-04-01;1412;1094;0;57987;27187;0;17.5;8.2;0.0
03;2021-04-02;1711;629;0;59698;27816;0;18.0;8.4;0.0
03;2021-04-03;375;109;0;60073;27925;0;18.1;8.4;0.0
03;2021-04-04;32;0;0;60105;27925;0;18.1;8.4;0.0
03;2021-04-05;40;15;0;60145;27940;0;18.2;8.4;0.0
03;2021-04-06;1123;431;0;61268;28371;0;18.5;8.6;0.0
03;2021-04-07;1571;531;0;62839;28902;0;19.0;8.7;0.0
03;2021-04-08;2130;541;0;64969;29443;0;19.6;8.9;0.0
03;2021-04-09;2047;1105;0;67016;30548;0;20.2;9.2;0.0
03;2021-04-10;952;87;0;67968;30635;0;20.5;9.2;0.0
03;2021-04-11;364;11;0;68332;30646;0;20.6;9.2;0.0
03;2021-04-12;1015;253;0;69347;30899;0;20.9;9.3;0.0
03;2021-04-13;1833;962;0;71180;31861;0;21.5;9.6;0.0
03;2021-04-14;2192;1167;0;73372;33028;0;22.1;10.0;0.0
03;2021-04-15;2534;1364;0;75906;34392;0;22.9;10.4;0.0
03;2021-04-16;2671;1175;0;78577;35567;0;23.7;10.7;0.0
03;2021-04-17;1055;419;0;79632;35986;0;24.0;10.9;0.0
03;2021-04-18;26;7;0;79658;35993;0;24.0;10.9;0.0
03;2021-04-19;1164;609;0;80822;36602;0;24.4;11.0;0.0
03;2021-04-20;1704;1273;0;82526;37875;0;24.9;11.4;0.0
03;2021-04-21;1149;1266;0;83675;39141;0;25.3;11.8;0.0
03;2021-04-22;1661;1004;0;85336;40145;0;25.8;12.1;0.0
03;2021-04-23;2372;1283;0;87708;41428;0;26.5;12.5;0.0
03;2021-04-24;1257;921;0;88965;42349;0;26.9;12.8;0.0
03;2021-04-25;370;25;0;89335;42374;0;27.0;12.8;0.0
03;2021-04-26;1301;496;0;90636;42870;0;27.4;12.9;0.0
03;2021-04-27;1687;1580;0;92323;44450;0;27.9;13.4;0.0
03;2021-04-28;1880;1172;0;94203;45622;0;28.4;13.8;0.0
03;2021-04-29;2277;1209;0;96480;46831;0;29.1;14.1;0.0
03;2021-04-30;1819;834;0;98299;47665;0;29.7;14.4;0.0
03;2021-05-01;450;492;0;98749;48157;0;29.8;14.5;0.0
03;2021-05-02;28;12;0;98777;48169;0;29.8;14.5;0.0
03;2021-05-03;1798;789;0;100575;48958;0;30.4;14.8;0.0
03;2021-05-04;2655;1658;0;103230;50616;0;31.2;15.3;0.0
03;2021-05-05;2408;1323;0;105638;51939;0;31.9;15.7;0.0
03;2021-05-06;2852;1929;0;108490;53868;0;32.7;16.3;0.0
03;2021-05-07;4322;1754;0;112812;55622;0;34.0;16.8;0.0
03;2021-05-08;562;344;0;113374;55966;0;34.2;16.9;0.0
03;2021-05-09;56;366;0;113430;56332;0;34.2;17.0;0.0
03;2021-05-10;1752;1504;0;115182;57836;0;34.8;17.5;0.0
03;2021-05-11;3434;1854;0;118616;59690;0;35.8;18.0;0.0
03;2021-05-12;2584;1473;0;121200;61163;0;36.6;18.5;0.0
03;2021-05-13;3434;350;0;124634;61513;0;37.6;18.6;0.0
03;2021-05-14;3131;1642;0;127765;63155;0;38.6;19.1;0.0
03;2021-05-15;1706;472;0;129471;63627;0;39.1;19.2;0.0
03;2021-05-16;508;54;0;129979;63681;0;39.2;19.2;0.0
03;2021-05-17;1219;879;0;131198;64560;0;39.6;19.5;0.0
03;2021-05-18;2869;1490;0;134067;66050;0;40.5;19.9;0.0
03;2021-05-19;2361;933;0;136428;66983;0;41.2;20.2;0.0
03;2021-05-20;2970;1081;0;139398;68064;0;42.1;20.5;0.0
03;2021-05-21;3552;1260;0;142950;69324;0;43.1;20.9;0.0
03;2021-05-22;1741;350;0;144691;69674;0;43.7;21.0;0.0
03;2021-05-23;599;67;0;145290;69741;0;43.9;21.0;0.0
03;2021-05-24;1938;157;0;147228;69898;0;44.4;21.1;0.0
03;2021-05-25;2759;1651;0;149987;71549;0;45.3;21.6;0.0
03;2021-05-26;1967;1035;0;151954;72584;0;45.9;21.9;0.0
03;2021-05-27;2646;1165;0;154600;73749;0;46.7;22.3;0.0
03;2021-05-28;3115;2197;0;157715;75946;0;47.6;22.9;0.0
03;2021-05-29;1312;595;0;159027;76541;0;48.0;23.1;0.0
03;2021-05-30;173;27;0;159200;76568;0;48.1;23.1;0.0
03;2021-05-31;679;597;0;159879;77165;0;48.3;23.3;0.0
03;2021-06-01;2079;2292;0;161958;79457;0;48.9;24.0;0.0
03;2021-06-02;1426;1705;0;163384;81162;0;49.3;24.5;0.0
03;2021-06-03;1874;2590;0;165258;83752;0;49.9;25.3;0.0
03;2021-06-04;1537;2435;0;166795;86187;0;50.3;26.0;0.0
03;2021-06-05;911;1109;0;167706;87296;0;50.6;26.3;0.0
03;2021-06-06;78;23;0;167784;87319;0;50.6;26.4;0.0
03;2021-06-07;633;1822;0;168417;89141;0;50.8;26.9;0.0
03;2021-06-08;1385;2479;0;169802;91620;0;51.3;27.7;0.0
03;2021-06-09;1129;1784;0;170931;93404;0;51.6;28.2;0.0
03;2021-06-10;1226;2022;0;172157;95426;0;52.0;28.8;0.0
03;2021-06-11;1297;3224;0;173454;98650;0;52.4;29.8;0.0
03;2021-06-12;729;830;0;174183;99480;0;52.6;30.0;0.0
03;2021-06-13;42;28;0;174225;99508;0;52.6;30.0;0.0
03;2021-06-14;427;2001;0;174652;101509;0;52.7;30.6;0.0
03;2021-06-15;1169;3534;0;175821;105043;0;53.1;31.7;0.0
03;2021-06-16;773;2655;0;176594;107698;0;53.3;32.5;0.0
03;2021-06-17;1010;3056;0;177604;110754;0;53.6;33.4;0.0
03;2021-06-18;1053;3648;0;178657;114402;0;53.9;34.5;0.0
03;2021-06-19;571;1369;0;179228;115771;0;54.1;34.9;0.0
03;2021-06-20;29;26;0;179257;115797;0;54.1;35.0;0.0
03;2021-06-21;450;2358;0;179707;118155;0;54.2;35.7;0.0
03;2021-06-22;881;3589;0;180588;121744;0;54.5;36.7;0.0
03;2021-06-23;599;2795;0;181187;124539;0;54.7;37.6;0.0
03;2021-06-24;836;3507;0;182023;128046;0;54.9;38.6;0.0
03;2021-06-25;853;3451;0;182876;131497;0;55.2;39.7;0.0
03;2021-06-26;480;1812;0;183356;133309;0;55.3;40.2;0.0
03;2021-06-27;58;488;0;183414;133797;0;55.4;40.4;0.0
03;2021-06-28;606;1865;0;184020;135662;0;55.5;40.9;0.0
03;2021-06-29;973;3142;0;184993;138804;0;55.8;41.9;0.0
03;2021-06-30;773;2842;0;185766;141646;0;56.1;42.8;0.0
03;2021-07-01;907;2755;0;186673;144401;0;56.3;43.6;0.0
03;2021-07-02;880;3628;0;187553;148029;0;56.6;44.7;0.0
03;2021-07-03;450;1640;0;188003;149669;0;56.7;45.2;0.0
03;2021-07-04;35;294;0;188038;149963;0;56.8;45.3;0.0
03;2021-07-05;722;2072;0;188760;152035;0;57.0;45.9;0.0
03;2021-07-06;1073;3183;0;189833;155218;0;57.3;46.8;0.0
03;2021-07-07;789;2280;0;190622;157498;0;57.5;47.5;0.0
03;2021-07-08;941;2764;0;191563;160262;0;57.8;48.4;0.0
03;2021-07-09;1213;3033;0;192776;163295;0;58.2;49.3;0.0
03;2021-07-10;406;1469;0;193182;164764;0;58.3;49.7;0.0
03;2021-07-11;73;386;0;193255;165150;0;58.3;49.8;0.0
03;2021-07-12;833;1238;0;194088;166388;0;58.6;50.2;0.0
03;2021-07-13;2217;2923;0;196305;169311;0;59.3;51.1;0.0
03;2021-07-14;231;84;0;196536;169395;0;59.3;51.1;0.0
03;2021-07-15;2246;2207;0;198782;171602;0;60.0;51.8;0.0
03;2021-07-16;2334;2034;0;201116;173636;0;60.7;52.4;0.0
03;2021-07-17;921;1383;0;202037;175019;0;61.0;52.8;0.0
03;2021-07-18;82;21;0;202119;175040;0;61.0;52.8;0.0
03;2021-07-19;2081;1258;0;204200;176298;0;61.6;53.2;0.0
03;2021-07-20;2699;2826;0;206899;179124;0;62.4;54.1;0.0
03;2021-07-21;2711;1311;0;209610;180435;0;63.3;54.5;0.0
03;2021-07-22;2494;1731;0;212104;182166;0;64.0;55.0;0.0
03;2021-07-23;2733;1183;0;214837;183349;0;64.8;55.3;0.0
03;2021-07-24;648;540;0;215485;183889;0;65.0;55.5;0.0
03;2021-07-25;103;45;0;215588;183934;0;65.1;55.5;0.0
03;2021-07-26;1807;1440;0;217395;185374;0;65.6;56.0;0.0
03;2021-07-27;2915;1913;0;220310;187287;0;66.5;56.5;0.0
03;2021-07-28;2335;994;0;222645;188281;0;67.2;56.8;0.0
03;2021-07-29;2144;1349;0;224789;189630;0;67.8;57.2;0.0
03;2021-07-30;1930;1250;0;226719;190880;0;68.4;57.6;0.0
03;2021-07-31;837;738;0;227556;191618;0;68.7;57.8;0.0
03;2021-08-01;55;31;0;227611;191649;0;68.7;57.8;0.0
03;2021-08-02;1515;1459;0;229126;193108;0;69.2;58.3;0.0
03;2021-08-03;1977;2483;0;231103;195591;0;69.8;59.0;0.0
03;2021-08-04;1826;839;0;232929;196430;0;70.3;59.3;0.0
03;2021-08-05;1233;1653;0;234162;198083;0;70.7;59.8;0.0
03;2021-08-06;1261;977;0;235423;199060;0;71.1;60.1;0.0
03;2021-08-07;564;536;0;235987;199596;0;71.2;60.2;0.0
03;2021-08-08;82;72;0;236069;199668;0;71.3;60.3;0.0
03;2021-08-09;660;1319;0;236729;200987;0;71.5;60.7;0.0
03;2021-08-10;1569;2986;0;238298;203973;0;71.9;61.6;0.0
03;2021-08-11;1210;2124;0;239508;206097;0;72.3;62.2;0.0
03;2021-08-12;1045;2872;0;240553;208969;0;72.6;63.1;0.0
03;2021-08-13;815;1147;0;241368;210116;0;72.9;63.4;0.0
03;2021-08-14;387;594;0;241755;210710;0;73.0;63.6;0.0
03;2021-08-15;18;98;0;241773;210808;0;73.0;63.6;0.0
03;2021-08-16;678;2387;0;242451;213195;0;73.2;64.3;0.0
03;2021-08-17;1006;2795;0;243457;215990;0;73.5;65.2;0.0
03;2021-08-18;1094;1949;0;244551;217939;0;73.8;65.8;0.0
03;2021-08-19;926;2522;0;245477;220461;0;74.1;66.5;0.0
03;2021-08-20;725;1189;0;246202;221650;0;74.3;66.9;0.0
03;2021-08-21;395;722;0;246597;222372;0;74.4;67.1;0.0
03;2021-08-22;23;34;0;246620;222406;0;74.4;67.1;0.0
03;2021-08-23;715;2062;0;247335;224468;0;74.7;67.8;0.0
03;2021-08-24;843;2130;0;248178;226598;0;74.9;68.4;0.0
03;2021-08-25;835;1725;0;249013;228323;0;75.2;68.9;0.0
03;2021-08-26;528;1320;0;249541;229643;0;75.3;69.3;0.0
03;2021-08-27;457;1549;0;249998;231192;0;75.5;69.8;0.0
03;2021-08-28;217;621;0;250215;231813;0;75.5;70.0;0.0
03;2021-08-29;11;17;0;250226;231830;0;75.5;70.0;0.0
03;2021-08-30;717;1331;22;250943;233161;22;75.7;70.4;0.0
03;2021-08-31;682;1867;107;251625;235028;129;75.9;70.9;0.0
03;2021-09-01;573;1266;218;252198;236294;347;76.1;71.3;0.1
03;2021-09-02;452;1002;146;252650;237296;493;76.3;71.6;0.1
03;2021-09-03;482;1097;134;253132;238393;627;76.4;72.0;0.2
03;2021-09-04;252;601;27;253384;238994;654;76.5;72.1;0.2
03;2021-09-05;12;35;3;253396;239029;657;76.5;72.1;0.2
03;2021-09-06;313;690;417;253709;239719;1074;76.6;72.4;0.3
03;2021-09-07;566;1093;468;254275;240812;1542;76.7;72.7;0.5
03;2021-09-08;384;1203;305;254659;242015;1847;76.9;73.0;0.6
03;2021-09-09;242;612;292;254901;242627;2139;76.9;73.2;0.6
03;2021-09-10;409;914;326;255310;243541;2465;77.1;73.5;0.7
03;2021-09-11;200;601;42;255510;244142;2507;77.1;73.7;0.8
03;2021-09-12;7;19;2;255517;244161;2509;77.1;73.7;0.8
03;2021-09-13;275;603;314;255792;244764;2823;77.2;73.9;0.9
03;2021-09-14;412;884;527;256204;245648;3350;77.3;74.1;1.0
03;2021-09-15;337;960;386;256541;246608;3736;77.4;74.4;1.1
03;2021-09-16;200;547;421;256741;247155;4157;77.5;74.6;1.3
03;2021-09-17;166;383;335;256907;247538;4492;77.5;74.7;1.4
03;2021-09-18;144;324;103;257051;247862;4595;77.6;74.8;1.4
03;2021-09-19;3;19;0;257054;247881;4595;77.6;74.8;1.4
03;2021-09-20;182;423;422;257236;248304;5017;77.6;74.9;1.5
03;2021-09-21;239;671;673;257475;248975;5690;77.7;75.1;1.7
03;2021-09-22;259;663;657;257734;249638;6347;77.8;75.3;1.9
03;2021-09-23;160;424;630;257894;250062;6977;77.8;75.5;2.1
03;2021-09-24;146;350;304;258040;250412;7281;77.9;75.6;2.2
03;2021-09-25;61;268;44;258101;250680;7325;77.9;75.7;2.2
03;2021-09-26;2;2;0;258103;250682;7325;77.9;75.7;2.2
03;2021-09-27;120;336;287;258223;251018;7612;77.9;75.8;2.3
03;2021-09-28;171;583;694;258394;251601;8306;78.0;75.9;2.5
03;2021-09-29;195;463;602;258589;252064;8908;78.0;76.1;2.7
03;2021-09-30;119;236;468;258708;252300;9376;78.1;76.2;2.8
03;2021-10-01;165;477;326;258873;252777;9702;78.1;76.3;2.9
03;2021-10-02;89;191;136;258962;252968;9838;78.2;76.4;3.0
03;2021-10-03;0;1;6;258962;252969;9844;78.2;76.4;3.0
03;2021-10-04;51;118;228;259013;253087;10072;78.2;76.4;3.0
03;2021-10-05;158;369;623;259171;253456;10695;78.2;76.5;3.2
03;2021-10-06;260;496;756;259431;253952;11451;78.3;76.6;3.5
03;2021-10-07;95;202;540;259526;254154;11991;78.3;76.7;3.6
03;2021-10-08;137;284;501;259663;254438;12492;78.4;76.8;3.8
03;2021-10-09;105;175;229;259768;254613;12721;78.4;76.8;3.8
03;2021-10-10;6;8;73;259774;254621;12794;78.4;76.9;3.9
03;2021-10-11;168;276;569;259942;254897;13363;78.5;76.9;4.0
03;2021-10-12;167;275;711;260109;255172;14074;78.5;77.0;4.2
03;2021-10-13;243;364;755;260352;255536;14829;78.6;77.1;4.5
03;2021-10-14;90;159;578;260442;255695;15407;78.6;77.2;4.7
03;2021-10-15;97;188;308;260539;255883;15715;78.6;77.2;4.7
03;2021-10-16;72;100;149;260611;255983;15864;78.7;77.3;4.8
03;2021-10-17;2;2;4;260613;255985;15868;78.7;77.3;4.8
03;2021-10-18;71;121;372;260684;256106;16240;78.7;77.3;4.9
03;2021-10-19;92;136;547;260776;256242;16787;78.7;77.3;5.1
03;2021-10-20;165;323;1045;260941;256565;17832;78.8;77.4;5.4
03;2021-10-21;68;102;732;261009;256667;18564;78.8;77.5;5.6
03;2021-10-22;93;184;578;261102;256851;19142;78.8;77.5;5.8
03;2021-10-23;25;91;152;261127;256942;19294;78.8;77.6;5.8
03;2021-10-24;3;1;10;261130;256943;19304;78.8;77.6;5.8
03;2021-10-25;61;57;486;261191;257000;19790;78.8;77.6;6.0
03;2021-10-26;69;116;457;261260;257116;20247;78.9;77.6;6.1
03;2021-10-27;129;263;1285;261389;257379;21532;78.9;77.7;6.5
03;2021-10-28;70;95;691;261459;257474;22223;78.9;77.7;6.7
03;2021-10-29;59;118;491;261518;257592;22714;78.9;77.7;6.9
03;2021-10-30;28;58;149;261546;257650;22863;78.9;77.8;6.9
03;2021-10-31;0;2;5;261546;257652;22868;78.9;77.8;6.9
03;2021-11-01;8;20;34;261554;257672;22902;78.9;77.8;6.9
03;2021-11-02;58;133;643;261612;257805;23545;79.0;77.8;7.1
03;2021-11-03;144;314;1319;261756;258119;24864;79.0;77.9;7.5
03;2021-11-04;46;117;896;261802;258236;25760;79.0;77.9;7.8
03;2021-11-05;79;122;771;261881;258358;26531;79.0;78.0;8.0
03;2021-11-06;20;72;244;261901;258430;26775;79.0;78.0;8.1
03;2021-11-07;1;4;16;261902;258434;26791;79.0;78.0;8.1
03;2021-11-08;40;101;654;261942;258535;27445;79.1;78.0;8.3
03;2021-11-09;58;98;976;262000;258633;28421;79.1;78.1;8.6
03;2021-11-10;146;236;2032;262146;258869;30453;79.1;78.1;9.2
03;2021-11-11;3;5;44;262149;258874;30497;79.1;78.1;9.2
03;2021-11-12;38;97;655;262187;258971;31152;79.1;78.2;9.4
03;2021-11-13;21;23;344;262208;258994;31496;79.1;78.2;9.5
03;2021-11-14;1;5;9;262209;258999;31505;79.1;78.2;9.5
03;2021-11-15;41;63;853;262250;259062;32358;79.2;78.2;9.8
03;2021-11-16;61;82;1244;262311;259144;33602;79.2;78.2;10.1
03;2021-11-17;150;180;1983;262461;259324;35585;79.2;78.3;10.7
03;2021-11-18;69;75;1680;262530;259399;37265;79.2;78.3;11.2
03;2021-11-19;103;117;1455;262633;259516;38720;79.3;78.3;11.7
03;2021-11-20;46;37;570;262679;259553;39290;79.3;78.3;11.9
03;2021-11-21;0;4;16;262679;259557;39306;79.3;78.3;11.9
03;2021-11-22;57;31;934;262736;259588;40240;79.3;78.4;12.1
03;2021-11-23;59;45;1243;262795;259633;41483;79.3;78.4;12.5
03;2021-11-24;136;136;2015;262931;259769;43498;79.4;78.4;13.1
03;2021-11-25;70;67;1797;263001;259836;45295;79.4;78.4;13.7
03;2021-11-26;88;97;1919;263089;259933;47214;79.4;78.5;14.3
03;2021-11-27;32;41;659;263121;259974;47873;79.4;78.5;14.4
03;2021-11-28;1;3;37;263122;259977;47910;79.4;78.5;14.5
03;2021-11-29;42;59;1637;263164;260036;49547;79.4;78.5;15.0
03;2021-11-30;79;72;3143;263243;260108;52690;79.5;78.5;15.9
03;2021-12-01;78;126;3131;263321;260234;55821;79.5;78.5;16.8
03;2021-12-02;54;42;3673;263375;260276;59494;79.5;78.6;18.0
03;2021-12-03;66;60;3143;263441;260336;62637;79.5;78.6;18.9
03;2021-12-04;51;33;1660;263492;260369;64297;79.5;78.6;19.4
03;2021-12-05;1;3;75;263493;260372;64372;79.5;78.6;19.4
03;2021-12-06;39;50;2899;263532;260422;67271;79.5;78.6;20.3
03;2021-12-07;69;77;4307;263601;260499;71578;79.6;78.6;21.6
03;2021-12-08;51;145;3860;263652;260644;75438;79.6;78.7;22.8
03;2021-12-09;79;74;4355;263731;260718;79793;79.6;78.7;24.1
03;2021-12-10;78;111;5126;263809;260829;84919;79.6;78.7;25.6
03;2021-12-11;36;40;2198;263845;260869;87117;79.6;78.7;26.3
03;2021-12-12;2;5;102;263847;260874;87219;79.6;78.7;26.3
03;2021-12-13;56;69;3388;263903;260943;90607;79.7;78.8;27.3
03;2021-12-14;86;89;5064;263989;261032;95671;79.7;78.8;28.9
03;2021-12-15;66;138;4958;264055;261170;100629;79.7;78.8;30.4
03;2021-12-16;69;95;5494;264124;261265;106123;79.7;78.9;32.0
03;2021-12-17;88;129;4820;264212;261394;110943;79.7;78.9;33.5
03;2021-12-18;57;50;2572;264269;261444;113515;79.8;78.9;34.3
03;2021-12-19;17;8;509;264286;261452;114024;79.8;78.9;34.4
03;2021-12-20;74;59;3281;264360;261511;117305;79.8;78.9;35.4
03;2021-12-21;102;92;4395;264462;261603;121700;79.8;79.0;36.7
03;2021-12-22;96;70;3151;264558;261673;124851;79.9;79.0;37.7
03;2021-12-23;62;64;2624;264620;261737;127475;79.9;79.0;38.5
03;2021-12-24;16;13;380;264636;261750;127855;79.9;79.0;38.6
03;2021-12-25;0;2;27;264636;261752;127882;79.9;79.0;38.6
03;2021-12-26;4;4;40;264640;261756;127922;79.9;79.0;38.6
04;2020-12-27;0;0;0;0;0;0;0.0;0.0;0.0
04;2020-12-28;0;0;0;0;0;0;0.0;0.0;0.0
04;2020-12-29;0;0;0;0;0;0;0.0;0.0;0.0
04;2020-12-30;0;0;0;0;0;0;0.0;0.0;0.0
04;2020-12-31;0;0;0;0;0;0;0.0;0.0;0.0
04;2021-01-01;0;0;0;0;0;0;0.0;0.0;0.0
04;2021-01-02;0;0;0;0;0;0;0.0;0.0;0.0
04;2021-01-03;0;0;0;0;0;0;0.0;0.0;0.0
04;2021-01-04;1;0;0;1;0;0;0.0;0.0;0.0
04;2021-01-05;4;0;0;5;0;0;0.0;0.0;0.0
04;2021-01-06;2;0;0;7;0;0;0.0;0.0;0.0
04;2021-01-07;53;0;0;60;0;0;0.0;0.0;0.0
04;2021-01-08;91;0;0;151;0;0;0.1;0.0;0.0
04;2021-01-09;29;0;0;180;0;0;0.1;0.0;0.0
04;2021-01-10;0;0;0;180;0;0;0.1;0.0;0.0
04;2021-01-11;75;0;0;255;0;0;0.2;0.0;0.0
04;2021-01-12;356;0;0;611;0;0;0.4;0.0;0.0
04;2021-01-13;209;2;0;820;2;0;0.5;0.0;0.0
04;2021-01-14;95;4;0;915;6;0;0.6;0.0;0.0
04;2021-01-15;172;4;0;1087;10;0;0.7;0.0;0.0
04;2021-01-16;80;2;0;1167;12;0;0.7;0.0;0.0
04;2021-01-17;14;0;0;1181;12;0;0.7;0.0;0.0
04;2021-01-18;223;5;0;1404;17;0;0.8;0.0;0.0
04;2021-01-19;446;4;0;1850;21;0;1.1;0.0;0.0
04;2021-01-20;531;9;0;2381;30;0;1.4;0.0;0.0
04;2021-01-21;531;3;0;2912;33;0;1.8;0.0;0.0
04;2021-01-22;541;1;0;3453;34;0;2.1;0.0;0.0
04;2021-01-23;95;1;0;3548;35;0;2.1;0.0;0.0
04;2021-01-24;0;0;0;3548;35;0;2.1;0.0;0.0
04;2021-01-25;225;0;0;3773;35;0;2.3;0.0;0.0
04;2021-01-26;584;2;0;4357;37;0;2.6;0.0;0.0
04;2021-01-27;449;1;0;4806;38;0;2.9;0.0;0.0
04;2021-01-28;565;22;0;5371;60;0;3.3;0.0;0.0
04;2021-01-29;326;65;0;5697;125;0;3.4;0.1;0.0
04;2021-01-30;49;28;0;5746;153;0;3.5;0.1;0.0
04;2021-01-31;1;3;0;5747;156;0;3.5;0.1;0.0
04;2021-02-01;251;126;0;5998;282;0;3.6;0.2;0.0
04;2021-02-02;513;208;0;6511;490;0;3.9;0.3;0.0
04;2021-02-03;296;135;0;6807;625;0;4.1;0.4;0.0
04;2021-02-04;302;65;0;7109;690;0;4.3;0.4;0.0
04;2021-02-05;352;192;0;7461;882;0;4.5;0.5;0.0
04;2021-02-06;33;74;0;7494;956;0;4.5;0.6;0.0
04;2021-02-07;3;12;0;7497;968;0;4.5;0.6;0.0
04;2021-02-08;159;74;0;7656;1042;0;4.6;0.6;0.0
04;2021-02-09;155;147;0;7811;1189;0;4.7;0.7;0.0
04;2021-02-10;253;177;0;8064;1366;0;4.9;0.8;0.0
04;2021-02-11;321;279;0;8385;1645;0;5.1;1.0;0.0
04;2021-02-12;286;309;0;8671;1954;0;5.2;1.2;0.0
04;2021-02-13;22;88;0;8693;2042;0;5.3;1.2;0.0
04;2021-02-14;0;1;0;8693;2043;0;5.3;1.2;0.0
04;2021-02-15;29;149;0;8722;2192;0;5.3;1.3;0.0
04;2021-02-16;80;455;0;8802;2647;0;5.3;1.6;0.0
04;2021-02-17;64;388;0;8866;3035;0;5.4;1.8;0.0
04;2021-02-18;56;547;0;8922;3582;0;5.4;2.2;0.0
04;2021-02-19;61;327;0;8983;3909;0;5.4;2.4;0.0
04;2021-02-20;7;59;0;8990;3968;0;5.4;2.4;0.0
04;2021-02-21;0;0;0;8990;3968;0;5.4;2.4;0.0
04;2021-02-22;15;284;0;9005;4252;0;5.5;2.6;0.0
04;2021-02-23;29;528;0;9034;4780;0;5.5;2.9;0.0
04;2021-02-24;43;400;0;9077;5180;0;5.5;3.1;0.0
04;2021-02-25;71;327;0;9148;5507;0;5.5;3.3;0.0
04;2021-02-26;206;299;0;9354;5806;0;5.7;3.5;0.0
04;2021-02-27;158;64;0;9512;5870;0;5.8;3.6;0.0
04;2021-02-28;0;0;0;9512;5870;0;5.8;3.6;0.0
04;2021-03-01;24;79;0;9536;5949;0;5.8;3.6;0.0
04;2021-03-02;141;45;0;9677;5994;0;5.9;3.6;0.0
04;2021-03-03;354;553;0;10031;6547;0;6.1;4.0;0.0
04;2021-03-04;212;439;0;10243;6986;0;6.2;4.2;0.0
04;2021-03-05;247;304;0;10490;7290;0;6.3;4.4;0.0
04;2021-03-06;849;61;0;11339;7351;0;6.9;4.4;0.0
04;2021-03-07;468;24;0;11807;7375;0;7.1;4.5;0.0
04;2021-03-08;62;87;0;11869;7462;0;7.2;4.5;0.0
04;2021-03-09;215;208;0;12084;7670;0;7.3;4.6;0.0
04;2021-03-10;400;302;0;12484;7972;0;7.6;4.8;0.0
04;2021-03-11;488;325;0;12972;8297;0;7.9;5.0;0.0
04;2021-03-12;681;207;0;13653;8504;0;8.3;5.1;0.0
04;2021-03-13;994;56;0;14647;8560;0;8.9;5.2;0.0
04;2021-03-14;412;7;0;15059;8567;0;9.1;5.2;0.0
04;2021-03-15;115;14;0;15174;8581;0;9.2;5.2;0.0
04;2021-03-16;88;15;0;15262;8596;0;9.2;5.2;0.0
04;2021-03-17;541;88;0;15803;8684;0;9.6;5.3;0.0
04;2021-03-18;786;34;0;16589;8718;0;10.0;5.3;0.0
04;2021-03-19;719;40;0;17308;8758;0;10.5;5.3;0.0
04;2021-03-20;150;4;0;17458;8762;0;10.6;5.3;0.0
04;2021-03-21;2;0;0;17460;8762;0;10.6;5.3;0.0
04;2021-03-22;151;19;0;17611;8781;0;10.7;5.3;0.0
04;2021-03-23;264;17;0;17875;8798;0;10.8;5.3;0.0
04;2021-03-24;1006;40;0;18881;8838;0;11.4;5.3;0.0
04;2021-03-25;1218;60;0;20099;8898;0;12.2;5.4;0.0
04;2021-03-26;1394;77;0;21493;8975;0;13.0;5.4;0.0
04;2021-03-27;240;17;0;21733;8992;0;13.2;5.4;0.0
04;2021-03-28;11;0;0;21744;8992;0;13.2;5.4;0.0
04;2021-03-29;663;27;0;22407;9019;0;13.6;5.5;0.0
04;2021-03-30;1035;143;0;23442;9162;0;14.2;5.5;0.0
04;2021-03-31;1260;114;0;24702;9276;0;15.0;5.6;0.0
04;2021-04-01;1054;134;0;25756;9410;0;15.6;5.7;0.0
04;2021-04-02;1120;127;0;26876;9537;0;16.3;5.8;0.0
04;2021-04-03;219;29;0;27095;9566;0;16.4;5.8;0.0
04;2021-04-04;12;4;0;27107;9570;0;16.4;5.8;0.0
04;2021-04-05;44;4;0;27151;9574;0;16.4;5.8;0.0
04;2021-04-06;895;153;0;28046;9727;0;17.0;5.9;0.0
04;2021-04-07;840;431;0;28886;10158;0;17.5;6.1;0.0
04;2021-04-08;875;637;0;29761;10795;0;18.0;6.5;0.0
04;2021-04-09;672;424;0;30433;11219;0;18.4;6.8;0.0
04;2021-04-10;238;160;0;30671;11379;0;18.6;6.9;0.0
04;2021-04-11;134;51;0;30805;11430;0;18.6;6.9;0.0
04;2021-04-12;604;127;0;31409;11557;0;19.0;7.0;0.0
04;2021-04-13;1050;238;0;32459;11795;0;19.6;7.1;0.0
04;2021-04-14;911;494;0;33370;12289;0;20.2;7.4;0.0
04;2021-04-15;833;641;0;34203;12930;0;20.7;7.8;0.0
04;2021-04-16;781;468;0;34984;13398;0;21.2;8.1;0.0
04;2021-04-17;217;86;0;35201;13484;0;21.3;8.2;0.0
04;2021-04-18;11;15;0;35212;13499;0;21.3;8.2;0.0
04;2021-04-19;356;297;0;35568;13796;0;21.5;8.4;0.0
04;2021-04-20;891;434;0;36459;14230;0;22.1;8.6;0.0
04;2021-04-21;631;717;0;37090;14947;0;22.5;9.0;0.0
04;2021-04-22;660;773;0;37750;15720;0;22.9;9.5;0.0
04;2021-04-23;676;535;0;38426;16255;0;23.3;9.8;0.0
04;2021-04-24;147;68;0;38573;16323;0;23.3;9.9;0.0
04;2021-04-25;6;8;0;38579;16331;0;23.4;9.9;0.0
04;2021-04-26;201;617;0;38780;16948;0;23.5;10.3;0.0
04;2021-04-27;389;882;0;39169;17830;0;23.7;10.8;0.0
04;2021-04-28;457;1012;0;39626;18842;0;24.0;11.4;0.0
04;2021-04-29;667;1025;0;40293;19867;0;24.4;12.0;0.0
04;2021-04-30;489;814;0;40782;20681;0;24.7;12.5;0.0
04;2021-05-01;96;25;0;40878;20706;0;24.7;12.5;0.0
04;2021-05-02;19;116;0;40897;20822;0;24.8;12.6;0.0
04;2021-05-03;193;545;0;41090;21367;0;24.9;12.9;0.0
04;2021-05-04;537;810;0;41627;22177;0;25.2;13.4;0.0
04;2021-05-05;475;881;0;42102;23058;0;25.5;14.0;0.0
04;2021-05-06;1048;559;0;43150;23617;0;26.1;14.3;0.0
04;2021-05-07;664;707;0;43814;24324;0;26.5;14.7;0.0
04;2021-05-08;88;78;0;43902;24402;0;26.6;14.8;0.0
04;2021-05-09;14;6;0;43916;24408;0;26.6;14.8;0.0
04;2021-05-10;486;359;0;44402;24767;0;26.9;15.0;0.0
04;2021-05-11;1159;851;0;45561;25618;0;27.6;15.5;0.0
04;2021-05-12;1359;680;0;46920;26298;0;28.4;15.9;0.0
04;2021-05-13;401;116;0;47321;26414;0;28.6;16.0;0.0
04;2021-05-14;494;300;0;47815;26714;0;28.9;16.2;0.0
04;2021-05-15;205;128;0;48020;26842;0;29.1;16.2;0.0
04;2021-05-16;50;8;0;48070;26850;0;29.1;16.3;0.0
04;2021-05-17;220;310;0;48290;27160;0;29.2;16.4;0.0
04;2021-05-18;451;922;0;48741;28082;0;29.5;17.0;0.0
04;2021-05-19;793;657;0;49534;28739;0;30.0;17.4;0.0
04;2021-05-20;1190;573;0;50724;29312;0;30.7;17.7;0.0
04;2021-05-21;909;765;0;51633;30077;0;31.3;18.2;0.0
04;2021-05-22;167;130;0;51800;30207;0;31.4;18.3;0.0
04;2021-05-23;24;6;0;51824;30213;0;31.4;18.3;0.0
04;2021-05-24;76;41;0;51900;30254;0;31.4;18.3;0.0
04;2021-05-25;855;549;0;52755;30803;0;31.9;18.6;0.0
04;2021-05-26;1018;757;0;53773;31560;0;32.6;19.1;0.0
04;2021-05-27;1281;607;0;55054;32167;0;33.3;19.5;0.0
04;2021-05-28;1073;650;0;56127;32817;0;34.0;19.9;0.0
04;2021-05-29;149;366;0;56276;33183;0;34.1;20.1;0.0
04;2021-05-30;15;8;0;56291;33191;0;34.1;20.1;0.0
04;2021-05-31;509;443;0;56800;33634;0;34.4;20.4;0.0
04;2021-06-01;730;614;0;57530;34248;0;34.8;20.7;0.0
04;2021-06-02;936;1018;0;58466;35266;0;35.4;21.3;0.0
04;2021-06-03;1132;773;0;59598;36039;0;36.1;21.8;0.0
04;2021-06-04;1008;790;0;60606;36829;0;36.7;22.3;0.0
04;2021-06-05;185;212;0;60791;37041;0;36.8;22.4;0.0
04;2021-06-06;23;27;0;60814;37068;0;36.8;22.4;0.0
04;2021-06-07;587;369;0;61401;37437;0;37.2;22.7;0.0
04;2021-06-08;792;582;0;62193;38019;0;37.6;23.0;0.0
04;2021-06-09;1086;683;0;63279;38702;0;38.3;23.4;0.0
04;2021-06-10;1052;576;0;64331;39278;0;38.9;23.8;0.0
04;2021-06-11;872;661;0;65203;39939;0;39.5;24.2;0.0
04;2021-06-12;255;167;0;65458;40106;0;39.6;24.3;0.0
04;2021-06-13;18;10;0;65476;40116;0;39.6;24.3;0.0
04;2021-06-14;469;386;0;65945;40502;0;39.9;24.5;0.0
04;2021-06-15;621;939;0;66566;41441;0;40.3;25.1;0.0
04;2021-06-16;904;740;0;67470;42181;0;40.8;25.5;0.0
04;2021-06-17;862;891;0;68332;43072;0;41.4;26.1;0.0
04;2021-06-18;713;859;0;69045;43931;0;41.8;26.6;0.0
04;2021-06-19;100;161;0;69145;44092;0;41.9;26.7;0.0
04;2021-06-20;12;22;0;69157;44114;0;41.9;26.7;0.0
04;2021-06-21;295;635;0;69452;44749;0;42.0;27.1;0.0
04;2021-06-22;374;1277;0;69826;46026;0;42.3;27.9;0.0
04;2021-06-23;433;1257;0;70259;47283;0;42.5;28.6;0.0
04;2021-06-24;699;793;0;70958;48076;0;43.0;29.1;0.0
04;2021-06-25;444;693;0;71402;48769;0;43.2;29.5;0.0
04;2021-06-26;79;241;0;71481;49010;0;43.3;29.7;0.0
04;2021-06-27;10;25;0;71491;49035;0;43.3;29.7;0.0
04;2021-06-28;161;416;0;71652;49451;0;43.4;29.9;0.0
04;2021-06-29;364;856;0;72016;50307;0;43.6;30.5;0.0
04;2021-06-30;493;1104;0;72509;51411;0;43.9;31.1;0.0
04;2021-07-01;524;1158;0;73033;52569;0;44.2;31.8;0.0
04;2021-07-02;497;1096;0;73530;53665;0;44.5;32.5;0.0
04;2021-07-03;92;223;0;73622;53888;0;44.6;32.6;0.0
04;2021-07-04;14;28;0;73636;53916;0;44.6;32.6;0.0
04;2021-07-05;155;417;0;73791;54333;0;44.7;32.9;0.0
04;2021-07-06;441;1349;0;74232;55682;0;44.9;33.7;0.0
04;2021-07-07;472;1268;0;74704;56950;0;45.2;34.5;0.0
04;2021-07-08;627;1206;0;75331;58156;0;45.6;35.2;0.0
04;2021-07-09;554;1078;0;75885;59234;0;45.9;35.9;0.0
04;2021-07-10;122;215;0;76007;59449;0;46.0;36.0;0.0
04;2021-07-11;16;47;0;76023;59496;0;46.0;36.0;0.0
04;2021-07-12;154;708;0;76177;60204;0;46.1;36.4;0.0
04;2021-07-13;745;1462;0;76922;61666;0;46.6;37.3;0.0
04;2021-07-14;91;81;0;77013;61747;0;46.6;37.4;0.0
04;2021-07-15;1001;1501;0;78014;63248;0;47.2;38.3;0.0
04;2021-07-16;1049;1139;0;79063;64387;0;47.9;39.0;0.0
04;2021-07-17;455;276;0;79518;64663;0;48.1;39.1;0.0
04;2021-07-18;121;42;0;79639;64705;0;48.2;39.2;0.0
04;2021-07-19;512;694;0;80151;65399;0;48.5;39.6;0.0
04;2021-07-20;1187;1322;0;81338;66721;0;49.2;40.4;0.0
04;2021-07-21;947;1089;0;82285;67810;0;49.8;41.0;0.0
04;2021-07-22;1327;1188;0;83612;68998;0;50.6;41.8;0.0
04;2021-07-23;1149;1096;0;84761;70094;0;51.3;42.4;0.0
04;2021-07-24;594;250;0;85355;70344;0;51.7;42.6;0.0
04;2021-07-25;55;30;0;85410;70374;0;51.7;42.6;0.0
04;2021-07-26;516;637;0;85926;71011;0;52.0;43.0;0.0
04;2021-07-27;1232;927;0;87158;71938;0;52.8;43.5;0.0
04;2021-07-28;1116;989;0;88274;72927;0;53.4;44.1;0.0
04;2021-07-29;1367;1083;0;89641;74010;0;54.3;44.8;0.0
04;2021-07-30;1168;821;0;90809;74831;0;55.0;45.3;0.0
04;2021-07-31;293;193;0;91102;75024;0;55.1;45.4;0.0
04;2021-08-01;55;27;0;91157;75051;0;55.2;45.4;0.0
04;2021-08-02;259;175;0;91416;75226;0;55.3;45.5;0.0
04;2021-08-03;1156;935;0;92572;76161;0;56.0;46.1;0.0
04;2021-08-04;1078;715;0;93650;76876;0;56.7;46.5;0.0
04;2021-08-05;978;563;0;94628;77439;0;57.3;46.9;0.0
04;2021-08-06;576;461;0;95204;77900;0;57.6;47.2;0.0
04;2021-08-07;206;228;0;95410;78128;0;57.8;47.3;0.0
04;2021-08-08;44;25;0;95454;78153;0;57.8;47.3;0.0
04;2021-08-09;204;222;0;95658;78375;0;57.9;47.4;0.0
04;2021-08-10;588;844;0;96246;79219;0;58.3;48.0;0.0
04;2021-08-11;1074;912;0;97320;80131;0;58.9;48.5;0.0
04;2021-08-12;978;1077;0;98298;81208;0;59.5;49.2;0.0
04;2021-08-13;486;438;0;98784;81646;0;59.8;49.4;0.0
04;2021-08-14;144;161;0;98928;81807;0;59.9;49.5;0.0
04;2021-08-15;16;21;0;98944;81828;0;59.9;49.5;0.0
04;2021-08-16;203;306;0;99147;82134;0;60.0;49.7;0.0
04;2021-08-17;456;968;0;99603;83102;0;60.3;50.3;0.0
04;2021-08-18;643;1269;0;100246;84371;0;60.7;51.1;0.0
04;2021-08-19;608;1246;0;100854;85617;0;61.1;51.8;0.0
04;2021-08-20;716;1353;0;101570;86970;0;61.5;52.6;0.0
04;2021-08-21;107;213;0;101677;87183;0;61.5;52.8;0.0
04;2021-08-22;13;47;0;101690;87230;0;61.6;52.8;0.0
04;2021-08-23;105;226;0;101795;87456;0;61.6;52.9;0.0
04;2021-08-24;589;1318;0;102384;88774;0;62.0;53.7;0.0
04;2021-08-25;582;1137;0;102966;89911;0;62.3;54.4;0.0
04;2021-08-26;428;1053;0;103394;90964;0;62.6;55.1;0.0
04;2021-08-27;428;940;0;103822;91904;0;62.8;55.6;0.0
04;2021-08-28;148;285;0;103970;92189;0;62.9;55.8;0.0
04;2021-08-29;31;43;0;104001;92232;0;63.0;55.8;0.0
04;2021-08-30;131;342;8;104132;92574;8;63.0;56.0;0.0
04;2021-08-31;495;923;27;104627;93497;35;63.3;56.6;0.0
04;2021-09-01;493;1134;50;105120;94631;85;63.6;57.3;0.1
04;2021-09-02;323;838;82;105443;95469;167;63.8;57.8;0.1
04;2021-09-03;292;770;56;105735;96239;223;64.0;58.3;0.1
04;2021-09-04;151;282;14;105886;96521;237;64.1;58.4;0.1
04;2021-09-05;26;17;0;105912;96538;237;64.1;58.4;0.1
04;2021-09-06;98;202;6;106010;96740;243;64.2;58.6;0.1
04;2021-09-07;345;770;194;106355;97510;437;64.4;59.0;0.3
04;2021-09-08;331;728;153;106686;98238;590;64.6;59.5;0.4
04;2021-09-09;304;608;205;106990;98846;795;64.8;59.8;0.5
04;2021-09-10;281;674;128;107271;99520;923;64.9;60.2;0.6
04;2021-09-11;105;185;39;107376;99705;962;65.0;60.4;0.6
04;2021-09-12;8;20;3;107384;99725;965;65.0;60.4;0.6
04;2021-09-13;109;117;33;107493;99842;998;65.1;60.4;0.6
04;2021-09-14;319;535;307;107812;100377;1305;65.3;60.8;0.8
04;2021-09-15;282;631;345;108094;101008;1650;65.4;61.1;1.0
04;2021-09-16;274;446;296;108368;101454;1946;65.6;61.4;1.2
04;2021-09-17;186;493;145;108554;101947;2091;65.7;61.7;1.3
04;2021-09-18;54;160;61;108608;102107;2152;65.7;61.8;1.3
04;2021-09-19;7;18;1;108615;102125;2153;65.7;61.8;1.3
04;2021-09-20;86;89;37;108701;102214;2190;65.8;61.9;1.3
04;2021-09-21;171;523;285;108872;102737;2475;65.9;62.2;1.5
04;2021-09-22;149;627;213;109021;103364;2688;66.0;62.6;1.6
04;2021-09-23;165;321;214;109186;103685;2902;66.1;62.8;1.8
04;2021-09-24;157;433;153;109343;104118;3055;66.2;63.0;1.8
04;2021-09-25;47;137;105;109390;104255;3160;66.2;63.1;1.9
04;2021-09-26;4;22;4;109394;104277;3164;66.2;63.1;1.9
04;2021-09-27;33;98;17;109427;104375;3181;66.2;63.2;1.9
04;2021-09-28;121;255;220;109548;104630;3401;66.3;63.3;2.1
04;2021-09-29;135;354;206;109683;104984;3607;66.4;63.6;2.2
04;2021-09-30;108;236;154;109791;105220;3761;66.5;63.7;2.3
04;2021-10-01;159;205;124;109950;105425;3885;66.6;63.8;2.4
04;2021-10-02;70;158;82;110020;105583;3967;66.6;63.9;2.4
04;2021-10-03;0;5;0;110020;105588;3967;66.6;63.9;2.4
04;2021-10-04;49;71;22;110069;105659;3989;66.6;64.0;2.4
04;2021-10-05;159;311;269;110228;105970;4258;66.7;64.1;2.6
04;2021-10-06;165;308;196;110393;106278;4454;66.8;64.3;2.7
04;2021-10-07;99;248;212;110492;106526;4666;66.9;64.5;2.8
04;2021-10-08;124;185;181;110616;106711;4847;67.0;64.6;2.9
04;2021-10-09;38;106;70;110654;106817;4917;67.0;64.7;3.0
04;2021-10-10;5;6;0;110659;106823;4917;67.0;64.7;3.0
04;2021-10-11;45;125;70;110704;106948;4987;67.0;64.7;3.0
04;2021-10-12;111;169;310;110815;107117;5297;67.1;64.8;3.2
04;2021-10-13;151;249;271;110966;107366;5568;67.2;65.0;3.4
04;2021-10-14;82;178;211;111048;107544;5779;67.2;65.1;3.5
04;2021-10-15;80;147;244;111128;107691;6023;67.3;65.2;3.6
04;2021-10-16;37;74;87;111165;107765;6110;67.3;65.2;3.7
04;2021-10-17;1;4;0;111166;107769;6110;67.3;65.2;3.7
04;2021-10-18;64;104;111;111230;107873;6221;67.3;65.3;3.8
04;2021-10-19;71;176;319;111301;108049;6540;67.4;65.4;4.0
04;2021-10-20;111;185;353;111412;108234;6893;67.4;65.5;4.2
04;2021-10-21;53;111;287;111465;108345;7180;67.5;65.6;4.3
04;2021-10-22;70;115;183;111535;108460;7363;67.5;65.7;4.5
04;2021-10-23;55;65;138;111590;108525;7501;67.5;65.7;4.5
04;2021-10-24;3;8;3;111593;108533;7504;67.6;65.7;4.5
04;2021-10-25;35;40;42;111628;108573;7546;67.6;65.7;4.6
04;2021-10-26;72;89;300;111700;108662;7846;67.6;65.8;4.7
04;2021-10-27;107;187;477;111807;108849;8323;67.7;65.9;5.0
04;2021-10-28;69;73;317;111876;108922;8640;67.7;65.9;5.2
04;2021-10-29;62;81;183;111938;109003;8823;67.8;66.0;5.3
04;2021-10-30;59;57;194;111997;109060;9017;67.8;66.0;5.5
04;2021-10-31;3;11;11;112000;109071;9028;67.8;66.0;5.5
04;2021-11-01;17;9;15;112017;109080;9043;67.8;66.0;5.5
04;2021-11-02;59;66;294;112076;109146;9337;67.8;66.1;5.7
04;2021-11-03;79;134;388;112155;109280;9725;67.9;66.2;5.9
04;2021-11-04;55;83;413;112210;109363;10138;67.9;66.2;6.1
04;2021-11-05;72;125;467;112282;109488;10605;68.0;66.3;6.4
04;2021-11-06;44;56;238;112326;109544;10843;68.0;66.3;6.6
04;2021-11-07;23;17;7;112349;109561;10850;68.0;66.3;6.6
04;2021-11-08;35;44;147;112384;109605;10997;68.0;66.3;6.7
04;2021-11-09;60;95;463;112444;109700;11460;68.1;66.4;6.9
04;2021-11-10;87;130;570;112531;109830;12030;68.1;66.5;7.3
04;2021-11-11;11;13;12;112542;109843;12042;68.1;66.5;7.3
04;2021-11-12;64;78;377;112606;109921;12419;68.2;66.5;7.5
04;2021-11-13;29;47;206;112635;109968;12625;68.2;66.6;7.6
04;2021-11-14;3;9;17;112638;109977;12642;68.2;66.6;7.7
04;2021-11-15;53;48;290;112691;110025;12932;68.2;66.6;7.8
04;2021-11-16;49;82;584;112740;110107;13516;68.2;66.7;8.2
04;2021-11-17;84;92;576;112824;110199;14092;68.3;66.7;8.5
04;2021-11-18;73;75;632;112897;110274;14724;68.3;66.8;8.9
04;2021-11-19;89;106;634;112986;110380;15358;68.4;66.8;9.3
04;2021-11-20;70;63;353;113056;110443;15711;68.4;66.9;9.5
04;2021-11-21;4;9;13;113060;110452;15724;68.4;66.9;9.5
04;2021-11-22;39;45;329;113099;110497;16053;68.5;66.9;9.7
04;2021-11-23;54;64;739;113153;110561;16792;68.5;66.9;10.2
04;2021-11-24;93;96;788;113246;110657;17580;68.6;67.0;10.6
04;2021-11-25;77;61;857;113323;110718;18437;68.6;67.0;11.2
04;2021-11-26;99;75;1051;113422;110793;19488;68.7;67.1;11.8
04;2021-11-27;58;64;479;113480;110857;19967;68.7;67.1;12.1
04;2021-11-28;2;15;27;113482;110872;19994;68.7;67.1;12.1
04;2021-11-29;61;63;878;113543;110935;20872;68.7;67.2;12.6
04;2021-11-30;100;75;1481;113643;111010;22353;68.8;67.2;13.5
04;2021-12-01;101;133;1271;113744;111143;23624;68.9;67.3;14.3
04;2021-12-02;59;64;1462;113803;111207;25086;68.9;67.3;15.2
04;2021-12-03;51;82;1304;113854;111289;26390;68.9;67.4;16.0
04;2021-12-04;69;76;947;113923;111365;27337;69.0;67.4;16.5
04;2021-12-05;8;8;152;113931;111373;27489;69.0;67.4;16.6
04;2021-12-06;51;72;719;113982;111445;28208;69.0;67.5;17.1
04;2021-12-07;84;87;1841;114066;111532;30049;69.0;67.5;18.2
04;2021-12-08;95;95;1909;114161;111627;31958;69.1;67.6;19.3
04;2021-12-09;86;70;1620;114247;111697;33578;69.2;67.6;20.3
04;2021-12-10;83;84;1441;114330;111781;35019;69.2;67.7;21.2
04;2021-12-11;66;67;1082;114396;111848;36101;69.2;67.7;21.9
04;2021-12-12;10;13;203;114406;111861;36304;69.3;67.7;22.0
04;2021-12-13;62;67;875;114468;111928;37179;69.3;67.8;22.5
04;2021-12-14;90;115;1812;114558;112043;38991;69.3;67.8;23.6
04;2021-12-15;106;126;2038;114664;112169;41029;69.4;67.9;24.8
04;2021-12-16;87;90;1838;114751;112259;42867;69.5;68.0;25.9
04;2021-12-17;107;122;1708;114858;112381;44575;69.5;68.0;27.0
04;2021-12-18;58;72;925;114916;112453;45500;69.6;68.1;27.5
04;2021-12-19;16;11;112;114932;112464;45612;69.6;68.1;27.6
04;2021-12-20;109;93;989;115041;112557;46601;69.6;68.1;28.2
04;2021-12-21;112;103;1569;115153;112660;48170;69.7;68.2;29.2
04;2021-12-22;163;144;1490;115316;112804;49660;69.8;68.3;30.1
04;2021-12-23;80;64;859;115396;112868;50519;69.9;68.3;30.6
04;2021-12-24;14;19;212;115410;112887;50731;69.9;68.3;30.7
04;2021-12-25;0;3;5;115410;112890;50736;69.9;68.3;30.7
04;2021-12-26;6;5;70;115416;112895;50806;69.9;68.3;30.8
05;2020-12-27;0;0;0;0;0;0;0.0;0.0;0.0
05;2020-12-28;1;0;0;1;0;0;0.0;0.0;0.0
05;2020-12-29;1;0;0;2;0;0;0.0;0.0;0.0
05;2020-12-30;2;0;0;4;0;0;0.0;0.0;0.0
05;2020-12-31;0;0;0;4;0;0;0.0;0.0;0.0
05;2021-01-01;1;0;0;5;0;0;0.0;0.0;0.0
05;2021-01-02;2;0;0;7;0;0;0.0;0.0;0.0
05;2021-01-03;2;0;0;9;0;0;0.0;0.0;0.0
05;2021-01-04;1;0;0;10;0;0;0.0;0.0;0.0
05;2021-01-05;1;0;0;11;0;0;0.0;0.0;0.0
05;2021-01-06;22;0;0;33;0;0;0.0;0.0;0.0
05;2021-01-07;127;0;0;160;0;0;0.1;0.0;0.0
05;2021-01-08;126;1;0;286;1;0;0.2;0.0;0.0
05;2021-01-09;28;0;0;314;1;0;0.2;0.0;0.0
05;2021-01-10;0;0;0;314;1;0;0.2;0.0;0.0
05;2021-01-11;45;0;0;359;1;0;0.3;0.0;0.0
05;2021-01-12;106;0;0;465;1;0;0.3;0.0;0.0
05;2021-01-13;146;0;0;611;1;0;0.4;0.0;0.0
05;2021-01-14;166;0;0;777;1;0;0.5;0.0;0.0
05;2021-01-15;126;2;0;903;3;0;0.6;0.0;0.0
05;2021-01-16;18;0;0;921;3;0;0.6;0.0;0.0
05;2021-01-17;0;0;0;921;3;0;0.6;0.0;0.0
05;2021-01-18;215;3;0;1136;6;0;0.8;0.0;0.0
05;2021-01-19;232;0;0;1368;6;0;1.0;0.0;0.0
05;2021-01-20;214;1;0;1582;7;0;1.1;0.0;0.0
05;2021-01-21;251;0;0;1833;7;0;1.3;0.0;0.0
05;2021-01-22;189;1;0;2022;8;0;1.4;0.0;0.0
05;2021-01-23;112;0;0;2134;8;0;1.5;0.0;0.0
05;2021-01-24;2;0;0;2136;8;0;1.5;0.0;0.0
05;2021-01-25;295;0;0;2431;8;0;1.7;0.0;0.0
05;2021-01-26;452;1;0;2883;9;0;2.0;0.0;0.0
05;2021-01-27;357;5;0;3240;14;0;2.3;0.0;0.0
05;2021-01-28;347;54;0;3587;68;0;2.5;0.0;0.0
05;2021-01-29;350;88;0;3937;156;0;2.8;0.1;0.0
05;2021-01-30;95;8;0;4032;164;0;2.8;0.1;0.0
05;2021-01-31;3;0;0;4035;164;0;2.8;0.1;0.0
05;2021-02-01;175;29;0;4210;193;0;3.0;0.1;0.0
05;2021-02-02;183;128;0;4393;321;0;3.1;0.2;0.0
05;2021-02-03;202;77;0;4595;398;0;3.2;0.3;0.0
05;2021-02-04;192;125;0;4787;523;0;3.4;0.4;0.0
05;2021-02-05;175;106;0;4962;629;0;3.5;0.4;0.0
05;2021-02-06;74;24;0;5036;653;0;3.6;0.5;0.0
05;2021-02-07;0;6;0;5036;659;0;3.6;0.5;0.0
05;2021-02-08;85;124;0;5121;783;0;3.6;0.6;0.0
05;2021-02-09;100;123;0;5221;906;0;3.7;0.6;0.0
05;2021-02-10;81;171;0;5302;1077;0;3.7;0.8;0.0
05;2021-02-11;90;138;0;5392;1215;0;3.8;0.9;0.0
05;2021-02-12;88;137;0;5480;1352;0;3.9;1.0;0.0
05;2021-02-13;77;30;0;5557;1382;0;3.9;1.0;0.0
05;2021-02-14;1;0;0;5558;1382;0;3.9;1.0;0.0
05;2021-02-15;94;187;0;5652;1569;0;4.0;1.1;0.0
05;2021-02-16;113;276;0;5765;1845;0;4.1;1.3;0.0
05;2021-02-17;133;220;0;5898;2065;0;4.2;1.5;0.0
05;2021-02-18;152;284;0;6050;2349;0;4.3;1.7;0.0
05;2021-02-19;158;299;0;6208;2648;0;4.4;1.9;0.0
05;2021-02-20;34;88;0;6242;2736;0;4.4;1.9;0.0
05;2021-02-21;0;0;0;6242;2736;0;4.4;1.9;0.0
05;2021-02-22;66;245;0;6308;2981;0;4.4;2.1;0.0
05;2021-02-23;19;222;0;6327;3203;0;4.5;2.3;0.0
05;2021-02-24;30;183;0;6357;3386;0;4.5;2.4;0.0
05;2021-02-25;75;176;0;6432;3562;0;4.5;2.5;0.0
05;2021-02-26;166;206;0;6598;3768;0;4.7;2.7;0.0
05;2021-02-27;73;156;0;6671;3924;0;4.7;2.8;0.0
05;2021-02-28;10;0;0;6681;3924;0;4.7;2.8;0.0
05;2021-03-01;98;155;0;6779;4079;0;4.8;2.9;0.0
05;2021-03-02;100;192;0;6879;4271;0;4.9;3.0;0.0
05;2021-03-03;125;218;0;7004;4489;0;4.9;3.2;0.0
05;2021-03-04;257;171;0;7261;4660;0;5.1;3.3;0.0
05;2021-03-05;560;188;0;7821;4848;0;5.5;3.4;0.0
05;2021-03-06;654;60;0;8475;4908;0;6.0;3.5;0.0
05;2021-03-07;482;24;0;8957;4932;0;6.3;3.5;0.0
05;2021-03-08;518;137;0;9475;5069;0;6.7;3.6;0.0
05;2021-03-09;517;153;0;9992;5222;0;7.0;3.7;0.0
05;2021-03-10;507;143;0;10499;5365;0;7.4;3.8;0.0
05;2021-03-11;372;134;0;10871;5499;0;7.7;3.9;0.0
05;2021-03-12;450;92;0;11321;5591;0;8.0;3.9;0.0
05;2021-03-13;767;101;0;12088;5692;0;8.5;4.0;0.0
05;2021-03-14;645;12;0;12733;5704;0;9.0;4.0;0.0
05;2021-03-15;340;120;0;13073;5824;0;9.2;4.1;0.0
05;2021-03-16;154;144;0;13227;5968;0;9.3;4.2;0.0
05;2021-03-17;260;126;0;13487;6094;0;9.5;4.3;0.0
05;2021-03-18;352;44;0;13839;6138;0;9.8;4.3;0.0
05;2021-03-19;448;60;0;14287;6198;0;10.1;4.4;0.0
05;2021-03-20;172;34;0;14459;6232;0;10.2;4.4;0.0
05;2021-03-21;1;0;0;14460;6232;0;10.2;4.4;0.0
05;2021-03-22;697;51;0;15157;6283;0;10.7;4.4;0.0
05;2021-03-23;772;22;0;15929;6305;0;11.2;4.4;0.0
05;2021-03-24;770;90;0;16699;6395;0;11.8;4.5;0.0
05;2021-03-25;874;75;0;17573;6470;0;12.4;4.6;0.0
05;2021-03-26;997;56;0;18570;6526;0;13.1;4.6;0.0
05;2021-03-27;457;41;0;19027;6567;0;13.4;4.6;0.0
05;2021-03-28;19;0;0;19046;6567;0;13.4;4.6;0.0
05;2021-03-29;857;63;0;19903;6630;0;14.0;4.7;0.0
05;2021-03-30;1083;87;0;20986;6717;0;14.8;4.7;0.0
05;2021-03-31;773;256;0;21759;6973;0;15.3;4.9;0.0
05;2021-04-01;846;241;0;22605;7214;0;15.9;5.1;0.0
05;2021-04-02;632;371;0;23237;7585;0;16.4;5.4;0.0
05;2021-04-03;508;182;0;23745;7767;0;16.8;5.5;0.0
05;2021-04-04;314;61;0;24059;7828;0;17.0;5.5;0.0
05;2021-04-05;133;12;0;24192;7840;0;17.1;5.5;0.0
05;2021-04-06;600;266;0;24792;8106;0;17.5;5.7;0.0
05;2021-04-07;761;326;0;25553;8432;0;18.0;5.9;0.0
05;2021-04-08;690;339;0;26243;8771;0;18.5;6.2;0.0
05;2021-04-09;834;406;0;27077;9177;0;19.1;6.5;0.0
05;2021-04-10;663;382;0;27740;9559;0;19.6;6.7;0.0
05;2021-04-11;188;161;0;27928;9720;0;19.7;6.9;0.0
05;2021-04-12;681;259;0;28609;9979;0;20.2;7.0;0.0
05;2021-04-13;848;255;0;29457;10234;0;20.8;7.2;0.0
05;2021-04-14;647;324;0;30104;10558;0;21.2;7.4;0.0
05;2021-04-15;729;370;0;30833;10928;0;21.8;7.7;0.0
05;2021-04-16;721;404;0;31554;11332;0;22.3;8.0;0.0
05;2021-04-17;607;234;0;32161;11566;0;22.7;8.2;0.0
05;2021-04-18;293;22;0;32454;11588;0;22.9;8.2;0.0
05;2021-04-19;330;503;0;32784;12091;0;23.1;8.5;0.0
05;2021-04-20;461;617;0;33245;12708;0;23.5;9.0;0.0
05;2021-04-21;467;609;0;33712;13317;0;23.8;9.4;0.0
05;2021-04-22;397;543;0;34109;13860;0;24.1;9.8;0.0
05;2021-04-23;514;644;0;34623;14504;0;24.4;10.2;0.0
05;2021-04-24;315;372;0;34938;14876;0;24.6;10.5;0.0
05;2021-04-25;269;31;0;35207;14907;0;24.8;10.5;0.0
05;2021-04-26;351;666;0;35558;15573;0;25.1;11.0;0.0
05;2021-04-27;636;702;0;36194;16275;0;25.5;11.5;0.0
05;2021-04-28;463;685;0;36657;16960;0;25.9;12.0;0.0
05;2021-04-29;686;694;0;37343;17654;0;26.3;12.5;0.0
05;2021-04-30;528;703;0;37871;18357;0;26.7;12.9;0.0
05;2021-05-01;150;92;0;38021;18449;0;26.8;13.0;0.0
05;2021-05-02;260;104;0;38281;18553;0;27.0;13.1;0.0
05;2021-05-03;453;456;0;38734;19009;0;27.3;13.4;0.0
05;2021-05-04;396;490;0;39130;19499;0;27.6;13.8;0.0
05;2021-05-05;488;645;0;39618;20144;0;27.9;14.2;0.0
05;2021-05-06;647;699;0;40265;20843;0;28.4;14.7;0.0
05;2021-05-07;582;754;0;40847;21597;0;28.8;15.2;0.0
05;2021-05-08;477;175;0;41324;21772;0;29.2;15.4;0.0
05;2021-05-09;207;62;0;41531;21834;0;29.3;15.4;0.0
05;2021-05-10;528;675;0;42059;22509;0;29.7;15.9;0.0
05;2021-05-11;658;896;0;42717;23405;0;30.1;16.5;0.0
05;2021-05-12;659;703;0;43376;24108;0;30.6;17.0;0.0
05;2021-05-13;891;111;0;44267;24219;0;31.2;17.1;0.0
05;2021-05-14;735;473;0;45002;24692;0;31.7;17.4;0.0
05;2021-05-15;976;314;0;45978;25006;0;32.4;17.6;0.0
05;2021-05-16;226;58;0;46204;25064;0;32.6;17.7;0.0
05;2021-05-17;499;411;0;46703;25475;0;32.9;18.0;0.0
05;2021-05-18;510;398;0;47213;25873;0;33.3;18.3;0.0
05;2021-05-19;700;449;0;47913;26322;0;33.8;18.6;0.0
05;2021-05-20;766;451;0;48679;26773;0;34.3;18.9;0.0
05;2021-05-21;689;513;0;49368;27286;0;34.8;19.2;0.0
05;2021-05-22;580;226;0;49948;27512;0;35.2;19.4;0.0
05;2021-05-23;278;59;0;50226;27571;0;35.4;19.4;0.0
05;2021-05-24;494;153;0;50720;27724;0;35.8;19.6;0.0
05;2021-05-25;558;483;0;51278;28207;0;36.2;19.9;0.0
05;2021-05-26;705;369;0;51983;28576;0;36.7;20.2;0.0
05;2021-05-27;804;558;0;52787;29134;0;37.2;20.6;0.0
05;2021-05-28;663;682;0;53450;29816;0;37.7;21.0;0.0
05;2021-05-29;514;507;0;53964;30323;0;38.1;21.4;0.0
05;2021-05-30;200;80;0;54164;30403;0;38.2;21.4;0.0
05;2021-05-31;559;493;0;54723;30896;0;38.6;21.8;0.0
05;2021-06-01;580;580;0;55303;31476;0;39.0;22.2;0.0
05;2021-06-02;657;668;0;55960;32144;0;39.5;22.7;0.0
05;2021-06-03;721;645;0;56681;32789;0;40.0;23.1;0.0
05;2021-06-04;962;792;0;57643;33581;0;40.7;23.7;0.0
05;2021-06-05;769;474;0;58412;34055;0;41.2;24.0;0.0
05;2021-06-06;194;84;0;58606;34139;0;41.3;24.1;0.0
05;2021-06-07;562;812;0;59168;34951;0;41.7;24.7;0.0
05;2021-06-08;655;641;0;59823;35592;0;42.2;25.1;0.0
05;2021-06-09;625;748;0;60448;36340;0;42.6;25.6;0.0
05;2021-06-10;557;697;0;61005;37037;0;43.0;26.1;0.0
05;2021-06-11;723;721;0;61728;37758;0;43.5;26.6;0.0
05;2021-06-12;552;465;0;62280;38223;0;43.9;27.0;0.0
05;2021-06-13;109;96;0;62389;38319;0;44.0;27.0;0.0
05;2021-06-14;360;631;0;62749;38950;0;44.3;27.5;0.0
05;2021-06-15;521;869;0;63270;39819;0;44.6;28.1;0.0
05;2021-06-16;431;666;0;63701;40485;0;44.9;28.6;0.0
05;2021-06-17;364;782;0;64065;41267;0;45.2;29.1;0.0
05;2021-06-18;397;724;0;64462;41991;0;45.5;29.6;0.0
05;2021-06-19;364;573;0;64826;42564;0;45.7;30.0;0.0
05;2021-06-20;54;90;0;64880;42654;0;45.8;30.1;0.0
05;2021-06-21;292;639;0;65172;43293;0;46.0;30.5;0.0
05;2021-06-22;317;791;0;65489;44084;0;46.2;31.1;0.0
05;2021-06-23;341;742;0;65830;44826;0;46.4;31.6;0.0
05;2021-06-24;382;960;0;66212;45786;0;46.7;32.3;0.0
05;2021-06-25;200;841;0;66412;46627;0;46.8;32.9;0.0
05;2021-06-26;251;1011;0;66663;47638;0;47.0;33.6;0.0
05;2021-06-27;111;162;0;66774;47800;0;47.1;33.7;0.0
05;2021-06-28;230;746;0;67004;48546;0;47.3;34.2;0.0
05;2021-06-29;227;755;0;67231;49301;0;47.4;34.8;0.0
05;2021-06-30;330;772;0;67561;50073;0;47.7;35.3;0.0
05;2021-07-01;364;743;0;67925;50816;0;47.9;35.8;0.0
05;2021-07-02;364;871;0;68289;51687;0;48.2;36.5;0.0
05;2021-07-03;270;700;0;68559;52387;0;48.4;37.0;0.0
05;2021-07-04;146;149;0;68705;52536;0;48.5;37.1;0.0
05;2021-07-05;236;722;0;68941;53258;0;48.6;37.6;0.0
05;2021-07-06;314;795;0;69255;54053;0;48.9;38.1;0.0
05;2021-07-07;354;739;0;69609;54792;0;49.1;38.7;0.0
05;2021-07-08;386;786;0;69995;55578;0;49.4;39.2;0.0
05;2021-07-09;372;932;0;70367;56510;0;49.6;39.9;0.0
05;2021-07-10;262;643;0;70629;57153;0;49.8;40.3;0.0
05;2021-07-11;148;120;0;70777;57273;0;49.9;40.4;0.0
05;2021-07-12;336;921;0;71113;58194;0;50.2;41.1;0.0
05;2021-07-13;423;790;0;71536;58984;0;50.5;41.6;0.0
05;2021-07-14;613;249;0;72149;59233;0;50.9;41.8;0.0
05;2021-07-15;649;919;0;72798;60152;0;51.4;42.4;0.0
05;2021-07-16;871;1297;0;73669;61449;0;52.0;43.3;0.0
05;2021-07-17;533;1133;0;74202;62582;0;52.3;44.1;0.0
05;2021-07-18;243;126;0;74445;62708;0;52.5;44.2;0.0
05;2021-07-19;464;695;0;74909;63403;0;52.8;44.7;0.0
05;2021-07-20;637;712;0;75546;64115;0;53.3;45.2;0.0
05;2021-07-21;743;745;0;76289;64860;0;53.8;45.8;0.0
05;2021-07-22;741;787;0;77030;65647;0;54.3;46.3;0.0
05;2021-07-23;1201;1031;0;78231;66678;0;55.2;47.0;0.0
05;2021-07-24;700;679;0;78931;67357;0;55.7;47.5;0.0
05;2021-07-25;252;121;0;79183;67478;0;55.9;47.6;0.0
05;2021-07-26;593;502;0;79776;67980;0;56.3;48.0;0.0
05;2021-07-27;898;575;0;80674;68555;0;56.9;48.4;0.0
05;2021-07-28;1216;578;0;81890;69133;0;57.8;48.8;0.0
05;2021-07-29;1090;583;0;82980;69716;0;58.5;49.2;0.0
05;2021-07-30;825;527;0;83805;70243;0;59.1;49.6;0.0
05;2021-07-31;632;428;0;84437;70671;0;59.6;49.9;0.0
05;2021-08-01;164;146;0;84601;70817;0;59.7;50.0;0.0
05;2021-08-02;658;380;0;85259;71197;0;60.1;50.2;0.0
05;2021-08-03;674;483;0;85933;71680;0;60.6;50.6;0.0
05;2021-08-04;755;578;0;86688;72258;0;61.2;51.0;0.0
05;2021-08-05;817;577;0;87505;72835;0;61.7;51.4;0.0
05;2021-08-06;723;650;0;88228;73485;0;62.2;51.8;0.0
05;2021-08-07;493;467;0;88721;73952;0;62.6;52.2;0.0
05;2021-08-08;175;212;0;88896;74164;0;62.7;52.3;0.0
05;2021-08-09;589;635;0;89485;74799;0;63.1;52.8;0.0
05;2021-08-10;562;532;0;90047;75331;0;63.5;53.1;0.0
05;2021-08-11;581;620;0;90628;75951;0;63.9;53.6;0.0
05;2021-08-12;640;578;0;91268;76529;0;64.4;54.0;0.0
05;2021-08-13;519;704;0;91787;77233;0;64.7;54.5;0.0
05;2021-08-14;327;598;0;92114;77831;0;65.0;54.9;0.0
05;2021-08-15;145;165;0;92259;77996;0;65.1;55.0;0.0
05;2021-08-16;379;805;0;92638;78801;0;65.4;55.6;0.0
05;2021-08-17;365;714;0;93003;79515;0;65.6;56.1;0.0
05;2021-08-18;374;796;0;93377;80311;0;65.9;56.7;0.0
05;2021-08-19;420;773;0;93797;81084;0;66.2;57.2;0.0
05;2021-08-20;403;906;0;94200;81990;0;66.5;57.8;0.0
05;2021-08-21;278;660;0;94478;82650;0;66.6;58.3;0.0
05;2021-08-22;102;224;0;94580;82874;0;66.7;58.5;0.0
05;2021-08-23;280;697;0;94860;83571;0;66.9;59.0;0.0
05;2021-08-24;347;637;0;95207;84208;0;67.2;59.4;0.0
05;2021-08-25;370;792;0;95577;85000;0;67.4;60.0;0.0
05;2021-08-26;273;723;0;95850;85723;0;67.6;60.5;0.0
05;2021-08-27;296;811;0;96146;86534;0;67.8;61.0;0.0
05;2021-08-28;211;552;0;96357;87086;0;68.0;61.4;0.0
05;2021-08-29;60;232;0;96417;87318;0;68.0;61.6;0.0
05;2021-08-30;231;695;20;96648;88013;20;68.2;62.1;0.0
05;2021-08-31;246;647;20;96894;88660;40;68.4;62.5;0.0
05;2021-09-01;290;545;69;97184;89205;109;68.6;62.9;0.1
05;2021-09-02;251;568;84;97435;89773;193;68.7;63.3;0.1
05;2021-09-03;233;501;76;97668;90274;269;68.9;63.7;0.2
05;2021-09-04;189;530;52;97857;90804;321;69.0;64.1;0.2
05;2021-09-05;54;147;19;97911;90951;340;69.1;64.2;0.2
05;2021-09-06;155;284;88;98066;91235;428;69.2;64.4;0.3
05;2021-09-07;196;441;107;98262;91676;535;69.3;64.7;0.4
05;2021-09-08;190;489;66;98452;92165;601;69.5;65.0;0.4
05;2021-09-09;180;400;81;98632;92565;682;69.6;65.3;0.5
05;2021-09-10;182;313;113;98814;92878;795;69.7;65.5;0.6
05;2021-09-11;131;410;17;98945;93288;812;69.8;65.8;0.6
05;2021-09-12;34;98;2;98979;93386;814;69.8;65.9;0.6
05;2021-09-13;155;269;132;99134;93655;946;69.9;66.1;0.7
05;2021-09-14;229;280;115;99363;93935;1061;70.1;66.3;0.7
05;2021-09-15;180;363;173;99543;94298;1234;70.2;66.5;0.9
05;2021-09-16;170;249;140;99713;94547;1374;70.3;66.7;1.0
05;2021-09-17;137;307;135;99850;94854;1509;70.4;66.9;1.1
05;2021-09-18;99;324;61;99949;95178;1570;70.5;67.1;1.1
05;2021-09-19;14;36;12;99963;95214;1582;70.5;67.2;1.1
05;2021-09-20;65;163;87;100028;95377;1669;70.6;67.3;1.2
05;2021-09-21;85;213;95;100113;95590;1764;70.6;67.4;1.2
05;2021-09-22;108;265;72;100221;95855;1836;70.7;67.6;1.3
05;2021-09-23;99;227;112;100320;96082;1948;70.8;67.8;1.4
05;2021-09-24;93;267;101;100413;96349;2049;70.8;68.0;1.4
05;2021-09-25;87;221;30;100500;96570;2079;70.9;68.1;1.5
05;2021-09-26;13;30;15;100513;96600;2094;70.9;68.1;1.5
05;2021-09-27;63;140;66;100576;96740;2160;71.0;68.2;1.5
05;2021-09-28;68;153;80;100644;96893;2240;71.0;68.4;1.6
05;2021-09-29;88;190;77;100732;97083;2317;71.1;68.5;1.6
05;2021-09-30;62;109;163;100794;97192;2480;71.1;68.6;1.7
05;2021-10-01;181;225;149;100975;97417;2629;71.2;68.7;1.9
05;2021-10-02;85;157;65;101060;97574;2694;71.3;68.8;1.9
05;2021-10-03;18;32;15;101078;97606;2709;71.3;68.9;1.9
05;2021-10-04;94;148;116;101172;97754;2825;71.4;69.0;2.0
05;2021-10-05;77;182;128;101249;97936;2953;71.4;69.1;2.1
05;2021-10-06;91;159;218;101340;98095;3171;71.5;69.2;2.2
05;2021-10-07;68;122;136;101408;98217;3307;71.5;69.3;2.3
05;2021-10-08;133;172;147;101541;98389;3454;71.6;69.4;2.4
05;2021-10-09;66;157;120;101607;98546;3574;71.7;69.5;2.5
05;2021-10-10;14;24;5;101621;98570;3579;71.7;69.5;2.5
05;2021-10-11;65;99;214;101686;98669;3793;71.7;69.6;2.7
05;2021-10-12;60;114;119;101746;98783;3912;71.8;69.7;2.8
05;2021-10-13;82;137;180;101828;98920;4092;71.8;69.8;2.9
05;2021-10-14;65;108;138;101893;99028;4230;71.9;69.9;3.0
05;2021-10-15;58;103;113;101951;99131;4343;71.9;69.9;3.1
05;2021-10-16;80;153;141;102031;99284;4484;72.0;70.0;3.2
05;2021-10-17;8;13;17;102039;99297;4501;72.0;70.0;3.2
05;2021-10-18;48;96;270;102087;99393;4771;72.0;70.1;3.4
05;2021-10-19;52;96;236;102139;99489;5007;72.1;70.2;3.5
05;2021-10-20;63;116;391;102202;99605;5398;72.1;70.3;3.8
05;2021-10-21;47;72;233;102249;99677;5631;72.1;70.3;4.0
05;2021-10-22;45;87;145;102294;99764;5776;72.2;70.4;4.1
05;2021-10-23;85;97;213;102379;99861;5989;72.2;70.4;4.2
05;2021-10-24;12;16;38;102391;99877;6027;72.2;70.5;4.3
05;2021-10-25;57;97;248;102448;99974;6275;72.3;70.5;4.4
05;2021-10-26;44;48;245;102492;100022;6520;72.3;70.6;4.6
05;2021-10-27;82;98;435;102574;100120;6955;72.4;70.6;4.9
05;2021-10-28;42;51;247;102616;100171;7202;72.4;70.7;5.1
05;2021-10-29;55;71;259;102671;100242;7461;72.4;70.7;5.3
05;2021-10-30;59;90;274;102730;100332;7735;72.5;70.8;5.5
05;2021-10-31;10;10;57;102740;100342;7792;72.5;70.8;5.5
05;2021-11-01;17;13;19;102757;100355;7811;72.5;70.8;5.5
05;2021-11-02;80;82;284;102837;100437;8095;72.5;70.9;5.7
05;2021-11-03;66;69;298;102903;100506;8393;72.6;70.9;5.9
05;2021-11-04;33;49;231;102936;100555;8624;72.6;70.9;6.1
05;2021-11-05;73;81;328;103009;100636;8952;72.7;71.0;6.3
05;2021-11-06;38;93;286;103047;100729;9238;72.7;71.1;6.5
05;2021-11-07;17;9;36;103064;100738;9274;72.7;71.1;6.5
05;2021-11-08;50;60;297;103114;100798;9571;72.7;71.1;6.8
05;2021-11-09;55;61;491;103169;100859;10062;72.8;71.1;7.1
05;2021-11-10;94;103;812;103263;100962;10874;72.8;71.2;7.7
05;2021-11-11;16;17;106;103279;100979;10980;72.9;71.2;7.7
05;2021-11-12;55;72;326;103334;101051;11306;72.9;71.3;8.0
05;2021-11-13;57;87;352;103391;101138;11658;72.9;71.3;8.2
05;2021-11-14;17;21;55;103408;101159;11713;72.9;71.4;8.3
05;2021-11-15;41;56;383;103449;101215;12096;73.0;71.4;8.5
05;2021-11-16;86;61;632;103535;101276;12728;73.0;71.4;9.0
05;2021-11-17;65;83;477;103600;101359;13205;73.1;71.5;9.3
05;2021-11-18;78;43;429;103678;101402;13634;73.1;71.5;9.6
05;2021-11-19;64;59;505;103742;101461;14139;73.2;71.6;10.0
05;2021-11-20;88;78;428;103830;101539;14567;73.2;71.6;10.3
05;2021-11-21;13;12;53;103843;101551;14620;73.3;71.6;10.3
05;2021-11-22;68;54;386;103911;101605;15006;73.3;71.7;10.6
05;2021-11-23;106;68;727;104017;101673;15733;73.4;71.7;11.1
05;2021-11-24;61;72;562;104078;101745;16295;73.4;71.8;11.5
05;2021-11-25;72;70;570;104150;101815;16865;73.5;71.8;11.9
05;2021-11-26;101;69;691;104251;101884;17556;73.5;71.9;12.4
05;2021-11-27;86;67;777;104337;101951;18333;73.6;71.9;12.9
05;2021-11-28;15;29;169;104352;101980;18502;73.6;71.9;13.1
05;2021-11-29;86;66;791;104438;102046;19293;73.7;72.0;13.6
05;2021-11-30;117;75;1324;104555;102121;20617;73.8;72.0;14.5
05;2021-12-01;114;119;1574;104669;102240;22191;73.8;72.1;15.7
05;2021-12-02;89;70;1115;104758;102310;23306;73.9;72.2;16.4
05;2021-12-03;90;99;1296;104848;102409;24602;74.0;72.2;17.4
05;2021-12-04;87;85;1041;104935;102494;25643;74.0;72.3;18.1
05;2021-12-05;15;23;307;104950;102517;25950;74.0;72.3;18.3
05;2021-12-06;52;60;804;105002;102577;26754;74.1;72.4;18.9
05;2021-12-07;121;107;1821;105123;102684;28575;74.2;72.4;20.2
05;2021-12-08;82;95;1310;105205;102779;29885;74.2;72.5;21.1
05;2021-12-09;89;93;1553;105294;102872;31438;74.3;72.6;22.2
05;2021-12-10;99;82;1363;105393;102954;32801;74.3;72.6;23.1
05;2021-12-11;100;100;1047;105493;103054;33848;74.4;72.7;23.9
05;2021-12-12;18;12;219;105511;103066;34067;74.4;72.7;24.0
05;2021-12-13;69;92;1092;105580;103158;35159;74.5;72.8;24.8
05;2021-12-14;71;138;1828;105651;103296;36987;74.5;72.9;26.1
05;2021-12-15;114;98;1695;105765;103394;38682;74.6;72.9;27.3
05;2021-12-16;70;90;1537;105835;103484;40219;74.7;73.0;28.4
05;2021-12-17;76;104;1426;105911;103588;41645;74.7;73.1;29.4
05;2021-12-18;81;98;1049;105992;103686;42694;74.8;73.1;30.1
05;2021-12-19;25;26;306;106017;103712;43000;74.8;73.2;30.3
05;2021-12-20;76;100;996;106093;103812;43996;74.8;73.2;31.0
05;2021-12-21;101;111;1198;106194;103923;45194;74.9;73.3;31.9
05;2021-12-22;82;88;1051;106276;104011;46245;75.0;73.4;32.6
05;2021-12-23;85;102;974;106361;104113;47219;75.0;73.4;33.3
05;2021-12-24;39;37;291;106400;104150;47510;75.1;73.5;33.5
05;2021-12-25;1;3;5;106401;104153;47515;75.1;73.5;33.5
05;2021-12-26;12;24;201;106413;104177;47716;75.1;73.5;33.7
06;2020-12-27;5;0;0;5;0;0;0.0;0.0;0.0
06;2020-12-28;4;0;0;9;0;0;0.0;0.0;0.0
06;2020-12-29;0;0;0;9;0;0;0.0;0.0;0.0
06;2020-12-30;3;0;0;12;0;0;0.0;0.0;0.0
06;2020-12-31;23;0;0;35;0;0;0.0;0.0;0.0
06;2021-01-01;12;0;0;47;0;0;0.0;0.0;0.0
06;2021-01-02;8;0;0;55;0;0;0.0;0.0;0.0
06;2021-01-03;5;0;0;60;0;0;0.0;0.0;0.0
06;2021-01-04;134;1;0;194;1;0;0.0;0.0;0.0
06;2021-01-05;179;2;0;373;3;0;0.0;0.0;0.0
06;2021-01-06;224;1;0;597;4;0;0.1;0.0;0.0
06;2021-01-07;506;0;0;1103;4;0;0.1;0.0;0.0
06;2021-01-08;678;3;0;1781;7;0;0.2;0.0;0.0
06;2021-01-09;369;4;0;2150;11;0;0.2;0.0;0.0
06;2021-01-10;71;0;0;2221;11;0;0.2;0.0;0.0
06;2021-01-11;1025;6;0;3246;17;0;0.3;0.0;0.0
06;2021-01-12;2134;11;0;5380;28;0;0.5;0.0;0.0
06;2021-01-13;1712;12;0;7092;40;0;0.7;0.0;0.0
06;2021-01-14;2034;23;0;9126;63;0;0.8;0.0;0.0
06;2021-01-15;1667;5;0;10793;68;0;1.0;0.0;0.0
06;2021-01-16;960;7;0;11753;75;0;1.1;0.0;0.0
06;2021-01-17;211;0;0;11964;75;0;1.1;0.0;0.0
06;2021-01-18;2195;22;0;14159;97;0;1.3;0.0;0.0
06;2021-01-19;2664;28;0;16823;125;0;1.6;0.0;0.0
06;2021-01-20;3246;17;0;20069;142;0;1.9;0.0;0.0
06;2021-01-21;2959;32;0;23028;174;0;2.1;0.0;0.0
06;2021-01-22;2959;31;0;25987;205;0;2.4;0.0;0.0
06;2021-01-23;1242;3;0;27229;208;0;2.5;0.0;0.0
06;2021-01-24;33;0;0;27262;208;0;2.5;0.0;0.0
06;2021-01-25;2110;15;0;29372;223;0;2.7;0.0;0.0
06;2021-01-26;3154;49;0;32526;272;0;3.0;0.0;0.0
06;2021-01-27;2462;116;0;34988;388;0;3.2;0.0;0.0
06;2021-01-28;2811;226;0;37799;614;0;3.5;0.1;0.0
06;2021-01-29;2533;327;0;40332;941;0;3.7;0.1;0.0
06;2021-01-30;725;55;0;41057;996;0;3.8;0.1;0.0
06;2021-01-31;11;3;0;41068;999;0;3.8;0.1;0.0
06;2021-02-01;1146;455;0;42214;1454;0;3.9;0.1;0.0
06;2021-02-02;1559;429;0;43773;1883;0;4.1;0.2;0.0
06;2021-02-03;382;154;0;44155;2037;0;4.1;0.2;0.0
06;2021-02-04;810;884;0;44965;2921;0;4.2;0.3;0.0
06;2021-02-05;1076;1100;0;46041;4021;0;4.3;0.4;0.0
06;2021-02-06;185;438;0;46226;4459;0;4.3;0.4;0.0
06;2021-02-07;8;50;0;46234;4509;0;4.3;0.4;0.0
06;2021-02-08;542;1030;0;46776;5539;0;4.3;0.5;0.0
06;2021-02-09;343;766;0;47119;6305;0;4.4;0.6;0.0
06;2021-02-10;418;698;0;47537;7003;0;4.4;0.6;0.0
06;2021-02-11;500;1078;0;48037;8081;0;4.5;0.7;0.0
06;2021-02-12;643;1286;0;48680;9367;0;4.5;0.9;0.0
06;2021-02-13;199;505;0;48879;9872;0;4.5;0.9;0.0
06;2021-02-14;11;5;0;48890;9877;0;4.5;0.9;0.0
06;2021-02-15;438;1238;0;49328;11115;0;4.6;1.0;0.0
06;2021-02-16;844;1956;0;50172;13071;0;4.6;1.2;0.0
06;2021-02-17;809;2076;0;50981;15147;0;4.7;1.4;0.0
06;2021-02-18;1836;2671;0;52817;17818;0;4.9;1.7;0.0
06;2021-02-19;1766;2087;0;54583;19905;0;5.1;1.8;0.0
06;2021-02-20;350;484;0;54933;20389;0;5.1;1.9;0.0
06;2021-02-21;18;60;0;54951;20449;0;5.1;1.9;0.0
06;2021-02-22;1027;1607;0;55978;22056;0;5.2;2.0;0.0
06;2021-02-23;1654;1551;0;57632;23607;0;5.3;2.2;0.0
06;2021-02-24;2006;1300;0;59638;24907;0;5.5;2.3;0.0
06;2021-02-25;3623;1676;0;63261;26583;0;5.9;2.5;0.0
06;2021-02-26;3223;1613;0;66484;28196;0;6.2;2.6;0.0
06;2021-02-27;1343;324;0;67827;28520;0;6.3;2.6;0.0
06;2021-02-28;91;18;0;67918;28538;0;6.3;2.6;0.0
06;2021-03-01;2329;848;0;70247;29386;0;6.5;2.7;0.0
06;2021-03-02;2363;978;0;72610;30364;0;6.7;2.8;0.0
06;2021-03-03;2733;625;0;75343;30989;0;7.0;2.9;0.0
06;2021-03-04;4421;648;0;79764;31637;0;7.4;2.9;0.0
06;2021-03-05;3763;1048;0;83527;32685;0;7.7;3.0;0.0
06;2021-03-06;11100;389;0;94627;33074;0;8.8;3.1;0.0
06;2021-03-07;9496;331;0;104123;33405;0;9.6;3.1;0.0
06;2021-03-08;3839;1189;0;107962;34594;0;10.0;3.2;0.0
06;2021-03-09;4730;945;0;112692;35539;0;10.4;3.3;0.0
06;2021-03-10;4493;909;0;117185;36448;0;10.9;3.4;0.0
06;2021-03-11;6433;947;0;123618;37395;0;11.5;3.5;0.0
06;2021-03-12;6543;1024;0;130161;38419;0;12.1;3.6;0.0
06;2021-03-13;10590;385;0;140751;38804;0;13.0;3.6;0.0
06;2021-03-14;501;60;0;141252;38864;0;13.1;3.6;0.0
06;2021-03-15;4569;762;0;145821;39626;0;13.5;3.7;0.0
06;2021-03-16;3587;1052;0;149408;40678;0;13.8;3.8;0.0
06;2021-03-17;5817;1837;0;155225;42515;0;14.4;3.9;0.0
06;2021-03-18;4918;1786;0;160143;44301;0;14.8;4.1;0.0
06;2021-03-19;6451;1965;0;166594;46266;0;15.4;4.3;0.0
06;2021-03-20;2268;538;0;168862;46804;0;15.6;4.3;0.0
06;2021-03-21;381;24;0;169243;46828;0;15.7;4.3;0.0
06;2021-03-22;3729;699;0;172972;47527;0;16.0;4.4;0.0
06;2021-03-23;5643;1185;0;178615;48712;0;16.5;4.5;0.0
06;2021-03-24;4051;3200;0;182666;51912;0;16.9;4.8;0.0
06;2021-03-25;5635;3144;0;188301;55056;0;17.4;5.1;0.0
06;2021-03-26;5974;1941;0;194275;56997;0;18.0;5.3;0.0
06;2021-03-27;1957;370;0;196232;57367;0;18.2;5.3;0.0
06;2021-03-28;202;8;0;196434;57375;0;18.2;5.3;0.0
06;2021-03-29;3017;2019;0;199451;59394;0;18.5;5.5;0.0
06;2021-03-30;4954;2469;0;204405;61863;0;18.9;5.7;0.0
06;2021-03-31;7512;1700;0;211917;63563;0;19.6;5.9;0.0
06;2021-04-01;7237;2433;0;219154;65996;0;20.3;6.1;0.0
06;2021-04-02;6691;2597;0;225845;68593;0;20.9;6.4;0.0
06;2021-04-03;2535;1323;0;228380;69916;0;21.2;6.5;0.0
06;2021-04-04;285;540;0;228665;70456;0;21.2;6.5;0.0
06;2021-04-05;1336;675;0;230001;71131;0;21.3;6.6;0.0
06;2021-04-06;6202;3258;0;236203;74389;0;21.9;6.9;0.0
06;2021-04-07;5788;3811;0;241991;78200;0;22.4;7.2;0.0
06;2021-04-08;5416;5499;0;247407;83699;0;22.9;7.8;0.0
06;2021-04-09;8768;5659;0;256175;89358;0;23.7;8.3;0.0
06;2021-04-10;2249;2696;0;258424;92054;0;23.9;8.5;0.0
06;2021-04-11;162;97;0;258586;92151;0;24.0;8.5;0.0
06;2021-04-12;4012;3395;0;262598;95546;0;24.3;8.9;0.0
06;2021-04-13;5935;4958;0;268533;100504;0;24.9;9.3;0.0
06;2021-04-14;5005;4227;0;273538;104731;0;25.3;9.7;0.0
06;2021-04-15;5088;4223;0;278626;108954;0;25.8;10.1;0.0
06;2021-04-16;6388;5007;0;285014;113961;0;26.4;10.6;0.0
06;2021-04-17;2563;2927;0;287577;116888;0;26.6;10.8;0.0
06;2021-04-18;226;238;0;287803;117126;0;26.7;10.9;0.0
06;2021-04-19;4802;3883;0;292605;121009;0;27.1;11.2;0.0
06;2021-04-20;4999;4679;0;297604;125688;0;27.6;11.6;0.0
06;2021-04-21;7244;4013;0;304848;129701;0;28.2;12.0;0.0
06;2021-04-22;7429;4076;0;312277;133777;0;28.9;12.4;0.0
06;2021-04-23;7475;4021;0;319752;137798;0;29.6;12.8;0.0
06;2021-04-24;2197;1477;0;321949;139275;0;29.8;12.9;0.0
06;2021-04-25;109;42;0;322058;139317;0;29.8;12.9;0.0
06;2021-04-26;3683;2239;0;325741;141556;0;30.2;13.1;0.0
06;2021-04-27;4156;3921;0;329897;145477;0;30.6;13.5;0.0
06;2021-04-28;3748;4324;0;333645;149801;0;30.9;13.9;0.0
06;2021-04-29;5389;5261;0;339034;155062;0;31.4;14.4;0.0
06;2021-04-30;5892;4930;0;344926;159992;0;32.0;14.8;0.0
06;2021-05-01;3246;795;0;348172;160787;0;32.3;14.9;0.0
06;2021-05-02;474;170;0;348646;160957;0;32.3;14.9;0.0
06;2021-05-03;6063;3387;0;354709;164344;0;32.9;15.2;0.0
06;2021-05-04;5016;5099;0;359725;169443;0;33.3;15.7;0.0
06;2021-05-05;4081;3769;0;363806;173212;0;33.7;16.0;0.0
06;2021-05-06;4686;4561;0;368492;177773;0;34.1;16.5;0.0
06;2021-05-07;5061;5389;0;373553;183162;0;34.6;17.0;0.0
06;2021-05-08;3916;1285;0;377469;184447;0;35.0;17.1;0.0
06;2021-05-09;219;321;0;377688;184768;0;35.0;17.1;0.0
06;2021-05-10;4264;4750;0;381952;189518;0;35.4;17.6;0.0
06;2021-05-11;4226;5227;0;386178;194745;0;35.8;18.0;0.0
06;2021-05-12;7468;4571;0;393646;199316;0;36.5;18.5;0.0
06;2021-05-13;6944;1979;0;400590;201295;0;37.1;18.6;0.0
06;2021-05-14;8773;3069;0;409363;204364;0;37.9;18.9;0.0
06;2021-05-15;7191;1984;0;416554;206348;0;38.6;19.1;0.0
06;2021-05-16;1344;264;0;417898;206612;0;38.7;19.1;0.0
06;2021-05-17;6414;3464;0;424312;210076;0;39.3;19.5;0.0
06;2021-05-18;8161;2978;0;432473;213054;0;40.1;19.7;0.0
06;2021-05-19;6485;2684;0;438958;215738;0;40.7;20.0;0.0
06;2021-05-20;6597;3342;0;445555;219080;0;41.3;20.3;0.0
06;2021-05-21;7156;3622;0;452711;222702;0;41.9;20.6;0.0
06;2021-05-22;2630;1248;0;455341;223950;0;42.2;20.7;0.0
06;2021-05-23;194;627;0;455535;224577;0;42.2;20.8;0.0
06;2021-05-24;2618;900;0;458153;225477;0;42.4;20.9;0.0
06;2021-05-25;4134;4724;0;462287;230201;0;42.8;21.3;0.0
06;2021-05-26;4522;6281;0;466809;236482;0;43.2;21.9;0.0
06;2021-05-27;4551;5946;0;471360;242428;0;43.7;22.5;0.0
06;2021-05-28;3982;6788;0;475342;249216;0;44.0;23.1;0.0
06;2021-05-29;1416;2768;0;476758;251984;0;44.2;23.3;0.0
06;2021-05-30;307;1093;0;477065;253077;0;44.2;23.4;0.0
06;2021-05-31;3557;4748;0;480622;257825;0;44.5;23.9;0.0
06;2021-06-01;4737;6826;0;485359;264651;0;45.0;24.5;0.0
06;2021-06-02;2891;7904;0;488250;272555;0;45.2;25.3;0.0
06;2021-06-03;3795;7632;0;492045;280187;0;45.6;26.0;0.0
06;2021-06-04;4555;7103;0;496600;287290;0;46.0;26.6;0.0
06;2021-06-05;2108;3170;0;498708;290460;0;46.2;26.9;0.0
06;2021-06-06;244;243;0;498952;290703;0;46.2;26.9;0.0
06;2021-06-07;3400;5036;0;502352;295739;0;46.5;27.4;0.0
06;2021-06-08;3643;4853;0;505995;300592;0;46.9;27.8;0.0
06;2021-06-09;3362;6725;0;509357;307317;0;47.2;28.5;0.0
06;2021-06-10;3964;6187;0;513321;313504;0;47.6;29.0;0.0
06;2021-06-11;3079;7512;0;516400;321016;0;47.8;29.7;0.0
06;2021-06-12;1498;3490;0;517898;324506;0;48.0;30.1;0.0
06;2021-06-13;201;434;0;518099;324940;0;48.0;30.1;0.0
06;2021-06-14;2243;7824;0;520342;332764;0;48.2;30.8;0.0
06;2021-06-15;2991;8738;0;523333;341502;0;48.5;31.6;0.0
06;2021-06-16;2825;6346;0;526158;347848;0;48.7;32.2;0.0
06;2021-06-17;3065;6530;0;529223;354378;0;49.0;32.8;0.0
06;2021-06-18;2089;5364;0;531312;359742;0;49.2;33.3;0.0
06;2021-06-19;1160;1529;0;532472;361271;0;49.3;33.5;0.0
06;2021-06-20;217;350;0;532689;361621;0;49.4;33.5;0.0
06;2021-06-21;1472;5575;0;534161;367196;0;49.5;34.0;0.0
06;2021-06-22;1933;6464;0;536094;373660;0;49.7;34.6;0.0
06;2021-06-23;1770;5685;0;537864;379345;0;49.8;35.1;0.0
06;2021-06-24;2859;7959;0;540723;387304;0;50.1;35.9;0.0
06;2021-06-25;1844;8438;0;542567;395742;0;50.3;36.7;0.0
06;2021-06-26;745;2113;0;543312;397855;0;50.3;36.9;0.0
06;2021-06-27;324;1135;0;543636;398990;0;50.4;37.0;0.0
06;2021-06-28;1997;6830;0;545633;405820;0;50.5;37.6;0.0
06;2021-06-29;2014;6624;0;547647;412444;0;50.7;38.2;0.0
06;2021-06-30;1231;6867;0;548878;419311;0;50.9;38.8;0.0
06;2021-07-01;3040;6295;0;551918;425606;0;51.1;39.4;0.0
06;2021-07-02;3563;6996;0;555481;432602;0;51.5;40.1;0.0
06;2021-07-03;1105;3965;0;556586;436567;0;51.6;40.4;0.0
06;2021-07-04;293;327;0;556879;436894;0;51.6;40.5;0.0
06;2021-07-05;3119;4359;0;559998;441253;0;51.9;40.9;0.0
06;2021-07-06;1826;4869;0;561824;446122;0;52.0;41.3;0.0
06;2021-07-07;2879;4784;0;564703;450906;0;52.3;41.8;0.0
06;2021-07-08;2941;5178;0;567644;456084;0;52.6;42.3;0.0
06;2021-07-09;3551;5105;0;571195;461189;0;52.9;42.7;0.0
06;2021-07-10;1460;1996;0;572655;463185;0;53.1;42.9;0.0
06;2021-07-11;320;343;0;572975;463528;0;53.1;42.9;0.0
06;2021-07-12;3264;5664;0;576239;469192;0;53.4;43.5;0.0
06;2021-07-13;5042;7481;0;581281;476673;0;53.9;44.2;0.0
06;2021-07-14;1012;428;0;582293;477101;0;53.9;44.2;0.0
06;2021-07-15;5634;6905;0;587927;484006;0;54.5;44.8;0.0
06;2021-07-16;6620;7850;0;594547;491856;0;55.1;45.6;0.0
06;2021-07-17;2883;4643;0;597430;496499;0;55.3;46.0;0.0
06;2021-07-18;967;4664;0;598397;501163;0;55.4;46.4;0.0
06;2021-07-19;5100;6862;0;603497;508025;0;55.9;47.1;0.0
06;2021-07-20;6435;8574;0;609932;516599;0;56.5;47.9;0.0
06;2021-07-21;6947;7133;0;616879;523732;0;57.2;48.5;0.0
06;2021-07-22;8863;6562;0;625742;530294;0;58.0;49.1;0.0
06;2021-07-23;8114;5732;0;633856;536026;0;58.7;49.7;0.0
06;2021-07-24;2918;2707;0;636774;538733;0;59.0;49.9;0.0
06;2021-07-25;877;457;0;637651;539190;0;59.1;50.0;0.0
06;2021-07-26;6386;5584;0;644037;544774;0;59.7;50.5;0.0
06;2021-07-27;7859;4742;0;651896;549516;0;60.4;50.9;0.0
06;2021-07-28;6645;4331;0;658541;553847;0;61.0;51.3;0.0
06;2021-07-29;7459;4617;0;666000;558464;0;61.7;51.7;0.0
06;2021-07-30;6916;4412;0;672916;562876;0;62.3;52.1;0.0
06;2021-07-31;3109;2492;0;676025;565368;0;62.6;52.4;0.0
06;2021-08-01;704;381;0;676729;565749;0;62.7;52.4;0.0
06;2021-08-02;5491;3647;0;682220;569396;0;63.2;52.8;0.0
06;2021-08-03;5488;4398;0;687708;573794;0;63.7;53.2;0.0
06;2021-08-04;4767;2899;0;692475;576693;0;64.2;53.4;0.0
06;2021-08-05;5367;3731;0;697842;580424;0;64.7;53.8;0.0
06;2021-08-06;4968;5094;0;702810;585518;0;65.1;54.2;0.0
06;2021-08-07;2050;2155;0;704860;587673;0;65.3;54.4;0.0
06;2021-08-08;503;635;0;705363;588308;0;65.3;54.5;0.0
06;2021-08-09;3748;4956;0;709111;593264;0;65.7;55.0;0.0
06;2021-08-10;4413;5727;0;713524;598991;0;66.1;55.5;0.0
06;2021-08-11;3598;5187;0;717122;604178;0;66.4;56.0;0.0
06;2021-08-12;3771;5655;0;720893;609833;0;66.8;56.5;0.0
06;2021-08-13;3071;5536;0;723964;615369;0;67.1;57.0;0.0
06;2021-08-14;1384;2194;0;725348;617563;0;67.2;57.2;0.0
06;2021-08-15;348;570;0;725696;618133;0;67.2;57.3;0.0
06;2021-08-16;2705;5762;0;728401;623895;0;67.5;57.8;0.0
06;2021-08-17;2983;6477;0;731384;630372;0;67.8;58.4;0.0
06;2021-08-18;2535;5494;0;733919;635866;0;68.0;58.9;0.0
06;2021-08-19;3420;6932;0;737339;642798;0;68.3;59.6;0.0
06;2021-08-20;2778;5596;0;740117;648394;0;68.6;60.1;0.0
06;2021-08-21;1477;3108;0;741594;651502;0;68.7;60.4;0.0
06;2021-08-22;322;709;0;741916;652211;0;68.7;60.4;0.0
06;2021-08-23;2081;5457;0;743997;657668;0;68.9;60.9;0.0
06;2021-08-24;2428;5499;0;746425;663167;0;69.2;61.4;0.0
06;2021-08-25;2169;4814;0;748594;667981;0;69.4;61.9;0.0
06;2021-08-26;2306;5573;0;750900;673554;0;69.6;62.4;0.0
06;2021-08-27;2296;5657;0;753196;679211;0;69.8;62.9;0.0
06;2021-08-28;1127;2522;0;754323;681733;0;69.9;63.2;0.0
06;2021-08-29;253;596;0;754576;682329;0;69.9;63.2;0.0
06;2021-08-30;1991;4539;165;756567;686868;165;70.1;63.6;0.0
06;2021-08-31;2216;5012;266;758783;691880;431;70.3;64.1;0.0
06;2021-09-01;2401;3656;524;761184;695536;955;70.5;64.4;0.1
06;2021-09-02;2126;3672;980;763310;699208;1935;70.7;64.8;0.2
06;2021-09-03;1838;3928;994;765148;703136;2929;70.9;65.1;0.3
06;2021-09-04;1177;2254;204;766325;705390;3133;71.0;65.4;0.3
06;2021-09-05;264;392;25;766589;705782;3158;71.0;65.4;0.3
06;2021-09-06;1464;2508;980;768053;708290;4138;71.2;65.6;0.4
06;2021-09-07;1389;2810;1432;769442;711100;5570;71.3;65.9;0.5
06;2021-09-08;1441;2796;1296;770883;713896;6866;71.4;66.1;0.6
06;2021-09-09;1368;2902;1317;772251;716798;8183;71.5;66.4;0.8
06;2021-09-10;1776;3027;1052;774027;719825;9235;71.7;66.7;0.9
06;2021-09-11;962;2060;179;774989;721885;9414;71.8;66.9;0.9
06;2021-09-12;128;301;16;775117;722186;9430;71.8;66.9;0.9
06;2021-09-13;1211;2254;1017;776328;724440;10447;71.9;67.1;1.0
06;2021-09-14;1385;2040;1292;777713;726480;11739;72.1;67.3;1.1
06;2021-09-15;1360;2383;1306;779073;728863;13045;72.2;67.5;1.2
06;2021-09-16;1170;2069;1895;780243;730932;14940;72.3;67.7;1.4
06;2021-09-17;1347;2539;1254;781590;733471;16194;72.4;68.0;1.5
06;2021-09-18;602;1691;225;782192;735162;16419;72.5;68.1;1.5
06;2021-09-19;83;250;21;782275;735412;16440;72.5;68.1;1.5
06;2021-09-20;814;1805;1050;783089;737217;17490;72.5;68.3;1.6
06;2021-09-21;874;2034;1639;783963;739251;19129;72.6;68.5;1.8
06;2021-09-22;929;2170;1026;784892;741421;20155;72.7;68.7;1.9
06;2021-09-23;756;1927;1081;785648;743348;21236;72.8;68.9;2.0
06;2021-09-24;821;2054;1089;786469;745402;22325;72.9;69.1;2.1
06;2021-09-25;401;1500;302;786870;746902;22627;72.9;69.2;2.1
06;2021-09-26;76;204;21;786946;747106;22648;72.9;69.2;2.1
06;2021-09-27;607;1378;1367;787553;748484;24015;73.0;69.3;2.2
06;2021-09-28;506;1350;1233;788059;749834;25248;73.0;69.5;2.3
06;2021-09-29;684;1523;778;788743;751357;26026;73.1;69.6;2.4
06;2021-09-30;661;1426;1475;789404;752783;27501;73.1;69.7;2.5
06;2021-10-01;1429;1687;1312;790833;754470;28813;73.3;69.9;2.7
06;2021-10-02;508;1136;403;791341;755606;29216;73.3;70.0;2.7
06;2021-10-03;97;169;29;791438;755775;29245;73.3;70.0;2.7
06;2021-10-04;915;963;1203;792353;756738;30448;73.4;70.1;2.8
06;2021-10-05;658;1297;1748;793011;758035;32196;73.5;70.2;3.0
06;2021-10-06;755;1420;1992;793766;759455;34188;73.5;70.4;3.2
06;2021-10-07;587;1356;1969;794353;760811;36157;73.6;70.5;3.3
06;2021-10-08;893;1568;2179;795246;762379;38336;73.7;70.6;3.6
06;2021-10-09;483;956;580;795729;763335;38916;73.7;70.7;3.6
06;2021-10-10;101;182;30;795830;763517;38946;73.7;70.7;3.6
06;2021-10-11;543;1080;1762;796373;764597;40708;73.8;70.8;3.8
06;2021-10-12;521;934;2077;796894;765531;42785;73.8;70.9;4.0
06;2021-10-13;718;1184;1809;797612;766715;44594;73.9;71.0;4.1
06;2021-10-14;625;1041;2018;798237;767756;46612;74.0;71.1;4.3
06;2021-10-15;899;1225;2176;799136;768981;48788;74.0;71.2;4.5
06;2021-10-16;502;702;612;799638;769683;49400;74.1;71.3;4.6
06;2021-10-17;68;165;47;799706;769848;49447;74.1;71.3;4.6
06;2021-10-18;498;901;2026;800204;770749;51473;74.1;71.4;4.8
06;2021-10-19;508;729;2411;800712;771478;53884;74.2;71.5;5.0
06;2021-10-20;575;895;2624;801287;772373;56508;74.2;71.6;5.2
06;2021-10-21;497;958;2446;801784;773331;58954;74.3;71.6;5.5
06;2021-10-22;668;1065;2367;802452;774396;61321;74.3;71.7;5.7
06;2021-10-23;379;516;769;802831;774912;62090;74.4;71.8;5.8
06;2021-10-24;17;124;13;802848;775036;62103;74.4;71.8;5.8
06;2021-10-25;427;649;1798;803275;775685;63901;74.4;71.9;5.9
06;2021-10-26;426;694;2539;803701;776379;66440;74.5;71.9;6.2
06;2021-10-27;462;814;2454;804163;777193;68894;74.5;72.0;6.4
06;2021-10-28;409;628;2562;804572;777821;71456;74.5;72.1;6.6
06;2021-10-29;524;730;2340;805096;778551;73796;74.6;72.1;6.8
06;2021-10-30;287;459;857;805383;779010;74653;74.6;72.2;6.9
06;2021-10-31;37;63;51;805420;779073;74704;74.6;72.2;6.9
06;2021-11-01;156;120;28;805576;779193;74732;74.6;72.2;6.9
06;2021-11-02;446;691;2495;806022;779884;77227;74.7;72.3;7.2
06;2021-11-03;507;792;3008;806529;780676;80235;74.7;72.3;7.4
06;2021-11-04;408;636;2786;806937;781312;83021;74.8;72.4;7.7
06;2021-11-05;556;742;2586;807493;782054;85607;74.8;72.5;7.9
06;2021-11-06;328;558;1034;807821;782612;86641;74.8;72.5;8.0
06;2021-11-07;63;115;87;807884;782727;86728;74.8;72.5;8.0
06;2021-11-08;396;681;2680;808280;783408;89408;74.9;72.6;8.3
06;2021-11-09;400;622;3341;808680;784030;92749;74.9;72.6;8.6
06;2021-11-10;601;872;4203;809281;784902;96952;75.0;72.7;9.0
06;2021-11-11;80;146;226;809361;785048;97178;75.0;72.7;9.0
06;2021-11-12;521;785;3314;809882;785833;100492;75.0;72.8;9.3
06;2021-11-13;306;374;1129;810188;786207;101621;75.1;72.8;9.4
06;2021-11-14;77;92;141;810265;786299;101762;75.1;72.8;9.4
06;2021-11-15;386;657;3089;810651;786956;104851;75.1;72.9;9.7
06;2021-11-16;388;605;4333;811039;787561;109184;75.1;73.0;10.1
06;2021-11-17;531;735;3866;811570;788296;113050;75.2;73.0;10.5
06;2021-11-18;428;624;4257;811998;788920;117307;75.2;73.1;10.9
06;2021-11-19;604;819;5135;812602;789739;122442;75.3;73.2;11.3
06;2021-11-20;351;480;1610;812953;790219;124052;75.3;73.2;11.5
06;2021-11-21;57;113;126;813010;790332;124178;75.3;73.2;11.5
06;2021-11-22;428;482;3771;813438;790814;127949;75.4;73.3;11.9
06;2021-11-23;418;526;5286;813856;791340;133235;75.4;73.3;12.3
06;2021-11-24;538;701;4826;814394;792041;138061;75.4;73.4;12.8
06;2021-11-25;497;622;5777;814891;792663;143838;75.5;73.4;13.3
06;2021-11-26;579;748;7273;815470;793411;151111;75.5;73.5;14.0
06;2021-11-27;372;484;3586;815842;793895;154697;75.6;73.5;14.3
06;2021-11-28;65;119;744;815907;794014;155441;75.6;73.6;14.4
06;2021-11-29;394;547;7347;816301;794561;162788;75.6;73.6;15.1
06;2021-11-30;435;595;8570;816736;795156;171358;75.7;73.7;15.9
06;2021-12-01;615;759;10406;817351;795915;181764;75.7;73.7;16.8
06;2021-12-02;471;602;13008;817822;796517;194772;75.8;73.8;18.0
06;2021-12-03;487;820;13420;818309;797337;208192;75.8;73.9;19.3
06;2021-12-04;397;510;6363;818706;797847;214555;75.8;73.9;19.9
06;2021-12-05;119;179;1413;818825;798026;215968;75.9;73.9;20.0
06;2021-12-06;440;678;11022;819265;798704;226990;75.9;74.0;21.0
06;2021-12-07;547;688;14940;819812;799392;241930;76.0;74.1;22.4
06;2021-12-08;563;821;12552;820375;800213;254482;76.0;74.1;23.6
06;2021-12-09;582;784;14033;820957;800997;268515;76.1;74.2;24.9
06;2021-12-10;526;829;14564;821483;801826;283079;76.1;74.3;26.2
06;2021-12-11;327;515;5315;821810;802341;288394;76.1;74.3;26.7
06;2021-12-12;83;153;1258;821893;802494;289652;76.1;74.3;26.8
06;2021-12-13;426;689;11523;822319;803183;301175;76.2;74.4;27.9
06;2021-12-14;472;705;13120;822791;803888;314295;76.2;74.5;29.1
06;2021-12-15;579;792;11853;823370;804680;326148;76.3;74.5;30.2
06;2021-12-16;568;756;12530;823938;805436;338678;76.3;74.6;31.4
06;2021-12-17;650;867;13391;824588;806303;352069;76.4;74.7;32.6
06;2021-12-18;463;486;4562;825051;806789;356631;76.4;74.7;33.0
06;2021-12-19;138;192;1185;825189;806981;357816;76.4;74.8;33.1
06;2021-12-20;725;759;9746;825914;807740;367562;76.5;74.8;34.1
06;2021-12-21;790;835;9739;826704;808575;377301;76.6;74.9;35.0
06;2021-12-22;683;743;7230;827387;809318;384531;76.7;75.0;35.6
06;2021-12-23;588;583;6052;827975;809901;390583;76.7;75.0;36.2
06;2021-12-24;173;268;1337;828148;810169;391920;76.7;75.1;36.3
06;2021-12-25;4;46;100;828152;810215;392020;76.7;75.1;36.3
06;2021-12-26;82;121;639;828234;810336;392659;76.7;75.1;36.4
07;2020-12-27;0;0;0;0;0;0;0.0;0.0;0.0
07;2020-12-28;0;0;0;0;0;0;0.0;0.0;0.0
07;2020-12-29;0;0;0;0;0;0;0.0;0.0;0.0
07;2020-12-30;0;0;0;0;0;0;0.0;0.0;0.0
07;2020-12-31;0;0;0;0;0;0;0.0;0.0;0.0
07;2021-01-01;5;0;0;5;0;0;0.0;0.0;0.0
07;2021-01-02;0;0;0;5;0;0;0.0;0.0;0.0
07;2021-01-03;0;0;0;5;0;0;0.0;0.0;0.0
07;2021-01-04;0;0;0;5;0;0;0.0;0.0;0.0
07;2021-01-05;0;0;0;5;0;0;0.0;0.0;0.0
07;2021-01-06;31;0;0;36;0;0;0.0;0.0;0.0
07;2021-01-07;133;1;0;169;1;0;0.1;0.0;0.0
07;2021-01-08;68;1;0;237;2;0;0.1;0.0;0.0
07;2021-01-09;14;0;0;251;2;0;0.1;0.0;0.0
07;2021-01-10;0;0;0;251;2;0;0.1;0.0;0.0
07;2021-01-11;175;1;0;426;3;0;0.1;0.0;0.0
07;2021-01-12;309;1;0;735;4;0;0.2;0.0;0.0
07;2021-01-13;308;2;0;1043;6;0;0.3;0.0;0.0
07;2021-01-14;463;0;0;1506;6;0;0.5;0.0;0.0
07;2021-01-15;235;0;0;1741;6;0;0.5;0.0;0.0
07;2021-01-16;42;0;0;1783;6;0;0.5;0.0;0.0
07;2021-01-17;3;0;0;1786;6;0;0.5;0.0;0.0
07;2021-01-18;363;3;0;2149;9;0;0.7;0.0;0.0
07;2021-01-19;796;3;0;2945;12;0;0.9;0.0;0.0
07;2021-01-20;556;4;0;3501;16;0;1.1;0.0;0.0
07;2021-01-21;493;5;0;3994;21;0;1.2;0.0;0.0
07;2021-01-22;352;3;0;4346;24;0;1.3;0.0;0.0
07;2021-01-23;153;2;0;4499;26;0;1.4;0.0;0.0
07;2021-01-24;10;0;0;4509;26;0;1.4;0.0;0.0
07;2021-01-25;232;2;0;4741;28;0;1.5;0.0;0.0
07;2021-01-26;529;4;0;5270;32;0;1.6;0.0;0.0
07;2021-01-27;574;12;0;5844;44;0;1.8;0.0;0.0
07;2021-01-28;1166;111;0;7010;155;0;2.1;0.0;0.0
07;2021-01-29;729;28;0;7739;183;0;2.4;0.1;0.0
07;2021-01-30;236;2;0;7975;185;0;2.4;0.1;0.0
07;2021-01-31;11;0;0;7986;185;0;2.4;0.1;0.0
07;2021-02-01;319;50;0;8305;235;0;2.5;0.1;0.0
07;2021-02-02;640;247;0;8945;482;0;2.7;0.1;0.0
07;2021-02-03;1059;236;0;10004;718;0;3.1;0.2;0.0
07;2021-02-04;686;292;0;10690;1010;0;3.3;0.3;0.0
07;2021-02-05;506;254;0;11196;1264;0;3.4;0.4;0.0
07;2021-02-06;139;17;0;11335;1281;0;3.5;0.4;0.0
07;2021-02-07;29;2;0;11364;1283;0;3.5;0.4;0.0
07;2021-02-08;264;194;0;11628;1477;0;3.6;0.5;0.0
07;2021-02-09;509;365;0;12137;1842;0;3.7;0.6;0.0
07;2021-02-10;536;358;0;12673;2200;0;3.9;0.7;0.0
07;2021-02-11;423;293;0;13096;2493;0;4.0;0.8;0.0
07;2021-02-12;294;213;0;13390;2706;0;4.1;0.8;0.0
07;2021-02-13;118;52;0;13508;2758;0;4.1;0.8;0.0
07;2021-02-14;4;0;0;13512;2758;0;4.1;0.8;0.0
07;2021-02-15;304;175;0;13816;2933;0;4.2;0.9;0.0
07;2021-02-16;352;383;0;14168;3316;0;4.3;1.0;0.0
07;2021-02-17;434;359;0;14602;3675;0;4.5;1.1;0.0
07;2021-02-18;538;714;0;15140;4389;0;4.6;1.3;0.0
07;2021-02-19;458;486;0;15598;4875;0;4.8;1.5;0.0
07;2021-02-20;106;91;0;15704;4966;0;4.8;1.5;0.0
07;2021-02-21;17;11;0;15721;4977;0;4.8;1.5;0.0
07;2021-02-22;411;280;0;16132;5257;0;4.9;1.6;0.0
07;2021-02-23;628;616;0;16760;5873;0;5.1;1.8;0.0
07;2021-02-24;886;782;0;17646;6655;0;5.4;2.0;0.0
07;2021-02-25;715;569;0;18361;7224;0;5.6;2.2;0.0
07;2021-02-26;819;332;0;19180;7556;0;5.9;2.3;0.0
07;2021-02-27;202;196;0;19382;7752;0;5.9;2.4;0.0
07;2021-02-28;2;7;0;19384;7759;0;5.9;2.4;0.0
07;2021-03-01;447;244;0;19831;8003;0;6.1;2.4;0.0
07;2021-03-02;657;548;0;20488;8551;0;6.3;2.6;0.0
07;2021-03-03;709;552;0;21197;9103;0;6.5;2.8;0.0
07;2021-03-04;1105;383;0;22302;9486;0;6.8;2.9;0.0
07;2021-03-05;1124;405;0;23426;9891;0;7.2;3.0;0.0
07;2021-03-06;1307;139;0;24733;10030;0;7.6;3.1;0.0
07;2021-03-07;920;32;0;25653;10062;0;7.8;3.1;0.0
07;2021-03-08;425;355;0;26078;10417;0;8.0;3.2;0.0
07;2021-03-09;1110;465;0;27188;10882;0;8.3;3.3;0.0
07;2021-03-10;900;514;0;28088;11396;0;8.6;3.5;0.0
07;2021-03-11;1438;468;0;29526;11864;0;9.0;3.6;0.0
07;2021-03-12;1642;540;0;31168;12404;0;9.5;3.8;0.0
07;2021-03-13;746;143;0;31914;12547;0;9.8;3.8;0.0
07;2021-03-14;18;10;0;31932;12557;0;9.8;3.8;0.0
07;2021-03-15;582;290;0;32514;12847;0;9.9;3.9;0.0
07;2021-03-16;1233;476;0;33747;13323;0;10.3;4.1;0.0
07;2021-03-17;1168;757;0;34915;14080;0;10.7;4.3;0.0
07;2021-03-18;1198;438;0;36113;14518;0;11.0;4.4;0.0
07;2021-03-19;1244;422;0;37357;14940;0;11.4;4.6;0.0
07;2021-03-20;523;115;0;37880;15055;0;11.6;4.6;0.0
07;2021-03-21;20;4;0;37900;15059;0;11.6;4.6;0.0
07;2021-03-22;833;518;0;38733;15577;0;11.8;4.8;0.0
07;2021-03-23;1441;659;0;40174;16236;0;12.3;5.0;0.0
07;2021-03-24;1252;628;0;41426;16864;0;12.7;5.2;0.0
07;2021-03-25;1835;495;0;43261;17359;0;13.2;5.3;0.0
07;2021-03-26;1817;433;0;45078;17792;0;13.8;5.4;0.0
07;2021-03-27;455;115;0;45533;17907;0;13.9;5.5;0.0
07;2021-03-28;31;4;0;45564;17911;0;13.9;5.5;0.0
07;2021-03-29;840;366;0;46404;18277;0;14.2;5.6;0.0
07;2021-03-30;1587;536;0;47991;18813;0;14.7;5.8;0.0
07;2021-03-31;1482;492;0;49473;19305;0;15.1;5.9;0.0
07;2021-04-01;1661;666;0;51134;19971;0;15.6;6.1;0.0
07;2021-04-02;1495;505;0;52629;20476;0;16.1;6.3;0.0
07;2021-04-03;277;236;0;52906;20712;0;16.2;6.3;0.0
07;2021-04-04;34;93;0;52940;20805;0;16.2;6.4;0.0
07;2021-04-05;79;65;0;53019;20870;0;16.2;6.4;0.0
07;2021-04-06;1158;781;0;54177;21651;0;16.6;6.6;0.0
07;2021-04-07;1254;932;0;55431;22583;0;17.0;6.9;0.0
07;2021-04-08;1909;1142;0;57340;23725;0;17.5;7.3;0.0
07;2021-04-09;2297;604;0;59637;24329;0;18.2;7.4;0.0
07;2021-04-10;829;231;0;60466;24560;0;18.5;7.5;0.0
07;2021-04-11;313;16;0;60779;24576;0;18.6;7.5;0.0
07;2021-04-12;1236;638;0;62015;25214;0;19.0;7.7;0.0
07;2021-04-13;1701;1280;0;63716;26494;0;19.5;8.1;0.0
07;2021-04-14;1535;1032;0;65251;27526;0;20.0;8.4;0.0
07;2021-04-15;1368;858;0;66619;28384;0;20.4;8.7;0.0
07;2021-04-16;1421;893;0;68040;29277;0;20.8;9.0;0.0
07;2021-04-17;896;253;0;68936;29530;0;21.1;9.0;0.0
07;2021-04-18;589;45;0;69525;29575;0;21.3;9.0;0.0
07;2021-04-19;1093;607;0;70618;30182;0;21.6;9.2;0.0
07;2021-04-20;1364;1264;0;71982;31446;0;22.0;9.6;0.0
07;2021-04-21;1613;906;0;73595;32352;0;22.5;9.9;0.0
07;2021-04-22;1639;932;0;75234;33284;0;23.0;10.2;0.0
07;2021-04-23;1351;969;0;76585;34253;0;23.4;10.5;0.0
07;2021-04-24;925;306;0;77510;34559;0;23.7;10.6;0.0
07;2021-04-25;717;81;0;78227;34640;0;23.9;10.6;0.0
07;2021-04-26;1056;768;0;79283;35408;0;24.3;10.8;0.0
07;2021-04-27;1352;1490;0;80635;36898;0;24.7;11.3;0.0
07;2021-04-28;1464;1457;0;82099;38355;0;25.1;11.7;0.0
07;2021-04-29;1842;1460;0;83941;39815;0;25.7;12.2;0.0
07;2021-04-30;1493;1384;0;85434;41199;0;26.1;12.6;0.0
07;2021-05-01;917;144;0;86351;41343;0;26.4;12.6;0.0
07;2021-05-02;749;152;0;87100;41495;0;26.6;12.7;0.0
07;2021-05-03;1282;491;0;88382;41986;0;27.0;12.8;0.0
07;2021-05-04;1943;1552;0;90325;43538;0;27.6;13.3;0.0
07;2021-05-05;1684;1364;0;92009;44902;0;28.1;13.7;0.0
07;2021-05-06;2050;1589;0;94059;46491;0;28.8;14.2;0.0
07;2021-05-07;1633;1487;0;95692;47978;0;29.3;14.7;0.0
07;2021-05-08;1150;415;0;96842;48393;0;29.6;14.8;0.0
07;2021-05-09;887;307;0;97729;48700;0;29.9;14.9;0.0
07;2021-05-10;1468;1124;0;99197;49824;0;30.3;15.2;0.0
07;2021-05-11;2350;1543;0;101547;51367;0;31.1;15.7;0.0
07;2021-05-12;2132;1152;0;103679;52519;0;31.7;16.1;0.0
07;2021-05-13;1657;273;0;105336;52792;0;32.2;16.2;0.0
07;2021-05-14;1733;880;0;107069;53672;0;32.8;16.4;0.0
07;2021-05-15;1708;473;0;108777;54145;0;33.3;16.6;0.0
07;2021-05-16;1490;201;0;110267;54346;0;33.7;16.6;0.0
07;2021-05-17;1794;833;0;112061;55179;0;34.3;16.9;0.0
07;2021-05-18;2240;1230;0;114301;56409;0;35.0;17.3;0.0
07;2021-05-19;2246;919;0;116547;57328;0;35.7;17.5;0.0
07;2021-05-20;2072;1227;0;118619;58555;0;36.3;17.9;0.0
07;2021-05-21;1731;1242;0;120350;59797;0;36.8;18.3;0.0
07;2021-05-22;966;530;0;121316;60327;0;37.1;18.5;0.0
07;2021-05-23;658;146;0;121974;60473;0;37.3;18.5;0.0
07;2021-05-24;1467;343;0;123441;60816;0;37.8;18.6;0.0
07;2021-05-25;1978;1351;0;125419;62167;0;38.4;19.0;0.0
07;2021-05-26;1618;1293;0;127037;63460;0;38.9;19.4;0.0
07;2021-05-27;1882;1414;0;128919;64874;0;39.4;19.8;0.0
07;2021-05-28;1731;2004;0;130650;66878;0;40.0;20.5;0.0
07;2021-05-29;971;723;0;131621;67601;0;40.3;20.7;0.0
07;2021-05-30;415;482;0;132036;68083;0;40.4;20.8;0.0
07;2021-05-31;1163;1192;0;133199;69275;0;40.7;21.2;0.0
07;2021-06-01;1771;1905;0;134970;71180;0;41.3;21.8;0.0
07;2021-06-02;1476;1546;0;136446;72726;0;41.7;22.2;0.0
07;2021-06-03;1587;1319;0;138033;74045;0;42.2;22.7;0.0
07;2021-06-04;1604;1625;0;139637;75670;0;42.7;23.1;0.0
07;2021-06-05;923;920;0;140560;76590;0;43.0;23.4;0.0
07;2021-06-06;388;552;0;140948;77142;0;43.1;23.6;0.0
07;2021-06-07;938;1204;0;141886;78346;0;43.4;24.0;0.0
07;2021-06-08;1437;1688;0;143323;80034;0;43.8;24.5;0.0
07;2021-06-09;1054;1444;0;144377;81478;0;44.2;24.9;0.0
07;2021-06-10;869;1432;0;145246;82910;0;44.4;25.4;0.0
07;2021-06-11;1174;2063;0;146420;84973;0;44.8;26.0;0.0
07;2021-06-12;572;1193;0;146992;86166;0;45.0;26.4;0.0
07;2021-06-13;247;366;0;147239;86532;0;45.0;26.5;0.0
07;2021-06-14;638;1935;0;147877;88467;0;45.2;27.1;0.0
07;2021-06-15;976;2453;0;148853;90920;0;45.5;27.8;0.0
07;2021-06-16;994;1863;0;149847;92783;0;45.8;28.4;0.0
07;2021-06-17;884;1933;0;150731;94716;0;46.1;29.0;0.0
07;2021-06-18;920;2373;0;151651;97089;0;46.4;29.7;0.0
07;2021-06-19;521;1388;0;152172;98477;0;46.6;30.1;0.0
07;2021-06-20;282;637;0;152454;99114;0;46.6;30.3;0.0
07;2021-06-21;532;2131;0;152986;101245;0;46.8;31.0;0.0
07;2021-06-22;656;2579;0;153642;103824;0;47.0;31.8;0.0
07;2021-06-23;680;2066;0;154322;105890;0;47.2;32.4;0.0
07;2021-06-24;642;1908;0;154964;107798;0;47.4;33.0;0.0
07;2021-06-25;664;2356;0;155628;110154;0;47.6;33.7;0.0
07;2021-06-26;339;1598;0;155967;111752;0;47.7;34.2;0.0
07;2021-06-27;203;902;0;156170;112654;0;47.8;34.5;0.0
07;2021-06-28;502;2225;0;156672;114879;0;47.9;35.1;0.0
07;2021-06-29;545;2846;0;157217;117725;0;48.1;36.0;0.0
07;2021-06-30;820;2293;0;158037;120018;0;48.3;36.7;0.0
07;2021-07-01;859;1922;0;158896;121940;0;48.6;37.3;0.0
07;2021-07-02;864;2231;0;159760;124171;0;48.9;38.0;0.0
07;2021-07-03;401;1260;0;160161;125431;0;49.0;38.4;0.0
07;2021-07-04;202;608;0;160363;126039;0;49.1;38.6;0.0
07;2021-07-05;647;1734;0;161010;127773;0;49.3;39.1;0.0
07;2021-07-06;859;2378;0;161869;130151;0;49.5;39.8;0.0
07;2021-07-07;935;1873;0;162804;132024;0;49.8;40.4;0.0
07;2021-07-08;1026;1841;0;163830;133865;0;50.1;41.0;0.0
07;2021-07-09;951;2243;0;164781;136108;0;50.4;41.6;0.0
07;2021-07-10;559;1172;0;165340;137280;0;50.6;42.0;0.0
07;2021-07-11;206;517;0;165546;137797;0;50.6;42.2;0.0
07;2021-07-12;756;1798;0;166302;139595;0;50.9;42.7;0.0
07;2021-07-13;1523;2680;0;167825;142275;0;51.3;43.5;0.0
07;2021-07-14;395;235;0;168220;142510;0;51.5;43.6;0.0
07;2021-07-15;1846;2171;0;170066;144681;0;52.0;44.3;0.0
07;2021-07-16;1975;1963;0;172041;146644;0;52.6;44.9;0.0
07;2021-07-17;1292;1103;0;173333;147747;0;53.0;45.2;0.0
07;2021-07-18;313;221;0;173646;147968;0;53.1;45.3;0.0
07;2021-07-19;1428;1595;0;175074;149563;0;53.6;45.8;0.0
07;2021-07-20;2393;2257;0;177467;151820;0;54.3;46.4;0.0
07;2021-07-21;1893;1818;0;179360;153638;0;54.9;47.0;0.0
07;2021-07-22;1996;1372;0;181356;155010;0;55.5;47.4;0.0
07;2021-07-23;2286;1612;0;183642;156622;0;56.2;47.9;0.0
07;2021-07-24;1508;957;0;185150;157579;0;56.6;48.2;0.0
07;2021-07-25;192;56;0;185342;157635;0;56.7;48.2;0.0
07;2021-07-26;2013;1458;0;187355;159093;0;57.3;48.7;0.0
07;2021-07-27;2756;1598;0;190111;160691;0;58.2;49.2;0.0
07;2021-07-28;1907;1237;0;192018;161928;0;58.7;49.5;0.0
07;2021-07-29;2390;1259;0;194408;163187;0;59.5;49.9;0.0
07;2021-07-30;1706;1460;0;196114;164647;0;60.0;50.4;0.0
07;2021-07-31;1217;748;0;197331;165395;0;60.4;50.6;0.0
07;2021-08-01;118;53;0;197449;165448;0;60.4;50.6;0.0
07;2021-08-02;1563;1117;0;199012;166565;0;60.9;51.0;0.0
07;2021-08-03;2213;1727;0;201225;168292;0;61.6;51.5;0.0
07;2021-08-04;1865;956;0;203090;169248;0;62.1;51.8;0.0
07;2021-08-05;1835;1288;0;204925;170536;0;62.7;52.2;0.0
07;2021-08-06;1858;1645;0;206783;172181;0;63.3;52.7;0.0
07;2021-08-07;733;562;0;207516;172743;0;63.5;52.8;0.0
07;2021-08-08;28;47;0;207544;172790;0;63.5;52.9;0.0
07;2021-08-09;1127;1452;0;208671;174242;0;63.8;53.3;0.0
07;2021-08-10;1416;2140;0;210087;176382;0;64.3;54.0;0.0
07;2021-08-11;1301;1620;0;211388;178002;0;64.7;54.5;0.0
07;2021-08-12;1088;1518;0;212476;179520;0;65.0;54.9;0.0
07;2021-08-13;1137;1713;0;213613;181233;0;65.4;55.4;0.0
07;2021-08-14;424;747;0;214037;181980;0;65.5;55.7;0.0
07;2021-08-15;26;53;0;214063;182033;0;65.5;55.7;0.0
07;2021-08-16;747;1582;0;214810;183615;0;65.7;56.2;0.0
07;2021-08-17;1186;2219;0;215996;185834;0;66.1;56.9;0.0
07;2021-08-18;952;1632;0;216948;187466;0;66.4;57.4;0.0
07;2021-08-19;1101;1731;0;218049;189197;0;66.7;57.9;0.0
07;2021-08-20;920;2121;0;218969;191318;0;67.0;58.5;0.0
07;2021-08-21;349;657;0;219318;191975;0;67.1;58.7;0.0
07;2021-08-22;7;41;0;219325;192016;0;67.1;58.7;0.0
07;2021-08-23;544;1569;0;219869;193585;0;67.3;59.2;0.0
07;2021-08-24;1064;2250;0;220933;195835;0;67.6;59.9;0.0
07;2021-08-25;761;1837;0;221694;197672;0;67.8;60.5;0.0
07;2021-08-26;712;1909;0;222406;199581;0;68.0;61.1;0.0
07;2021-08-27;843;1970;0;223249;201551;0;68.3;61.7;0.0
07;2021-08-28;332;684;0;223581;202235;0;68.4;61.9;0.0
07;2021-08-29;11;71;0;223592;202306;0;68.4;61.9;0.0
07;2021-08-30;494;1533;23;224086;203839;23;68.6;62.4;0.0
07;2021-08-31;1033;2111;74;225119;205950;97;68.9;63.0;0.0
07;2021-09-01;677;1365;68;225796;207315;165;69.1;63.4;0.1
07;2021-09-02;615;1322;171;226411;208637;336;69.3;63.8;0.1
07;2021-09-03;780;1718;131;227191;210355;467;69.5;64.4;0.1
07;2021-09-04;346;653;24;227537;211008;491;69.6;64.6;0.2
07;2021-09-05;19;29;4;227556;211037;495;69.6;64.6;0.2
07;2021-09-06;435;844;152;227991;211881;647;69.7;64.8;0.2
07;2021-09-07;509;1063;167;228500;212944;814;69.9;65.1;0.2
07;2021-09-08;485;1060;145;228985;214004;959;70.1;65.5;0.3
07;2021-09-09;445;859;207;229430;214863;1166;70.2;65.7;0.4
07;2021-09-10;552;1244;197;229982;216107;1363;70.4;66.1;0.4
07;2021-09-11;178;605;40;230160;216712;1403;70.4;66.3;0.4
07;2021-09-12;4;16;3;230164;216728;1406;70.4;66.3;0.4
07;2021-09-13;366;577;136;230530;217305;1542;70.5;66.5;0.5
07;2021-09-14;578;878;334;231108;218183;1876;70.7;66.7;0.6
07;2021-09-15;344;844;203;231452;219027;2079;70.8;67.0;0.6
07;2021-09-16;436;599;320;231888;219626;2399;70.9;67.2;0.7
07;2021-09-17;365;886;314;232253;220512;2713;71.1;67.5;0.8
07;2021-09-18;139;504;59;232392;221016;2772;71.1;67.6;0.8
07;2021-09-19;6;26;4;232398;221042;2776;71.1;67.6;0.8
07;2021-09-20;231;427;406;232629;221469;3182;71.2;67.8;1.0
07;2021-09-21;270;687;364;232899;222156;3546;71.3;68.0;1.1
07;2021-09-22;202;773;201;233101;222929;3747;71.3;68.2;1.1
07;2021-09-23;200;556;343;233301;223485;4090;71.4;68.4;1.3
07;2021-09-24;275;882;365;233576;224367;4455;71.5;68.6;1.4
07;2021-09-25;93;330;63;233669;224697;4518;71.5;68.7;1.4
07;2021-09-26;5;13;6;233674;224710;4524;71.5;68.7;1.4
07;2021-09-27;190;499;325;233864;225209;4849;71.5;68.9;1.5
07;2021-09-28;181;475;531;234045;225684;5380;71.6;69.0;1.6
07;2021-09-29;179;563;378;234224;226247;5758;71.7;69.2;1.8
07;2021-09-30;184;437;345;234408;226684;6103;71.7;69.3;1.9
07;2021-10-01;288;617;367;234696;227301;6470;71.8;69.5;2.0
07;2021-10-02;110;214;59;234806;227515;6529;71.8;69.6;2.0
07;2021-10-03;5;17;2;234811;227532;6531;71.8;69.6;2.0
07;2021-10-04;171;385;362;234982;227917;6893;71.9;69.7;2.1
07;2021-10-05;215;484;480;235197;228401;7373;72.0;69.9;2.3
07;2021-10-06;179;365;500;235376;228766;7873;72.0;70.0;2.4
07;2021-10-07;127;402;358;235503;229168;8231;72.0;70.1;2.5
07;2021-10-08;230;480;511;235733;229648;8742;72.1;70.3;2.7
07;2021-10-09;100;171;140;235833;229819;8882;72.1;70.3;2.7
07;2021-10-10;1;4;2;235834;229823;8884;72.1;70.3;2.7
07;2021-10-11;117;293;495;235951;230116;9379;72.2;70.4;2.9
07;2021-10-12;171;390;515;236122;230506;9894;72.2;70.5;3.0
07;2021-10-13;151;274;403;236273;230780;10297;72.3;70.6;3.2
07;2021-10-14;152;239;371;236425;231019;10668;72.3;70.7;3.3
07;2021-10-15;236;375;567;236661;231394;11235;72.4;70.8;3.4
07;2021-10-16;108;130;175;236769;231524;11410;72.4;70.8;3.5
07;2021-10-17;1;5;1;236770;231529;11411;72.4;70.8;3.5
07;2021-10-18;183;240;389;236953;231769;11800;72.5;70.9;3.6
07;2021-10-19;114;148;565;237067;231917;12365;72.5;70.9;3.8
07;2021-10-20;109;200;444;237176;232117;12809;72.6;71.0;3.9
07;2021-10-21;65;156;552;237241;232273;13361;72.6;71.1;4.1
07;2021-10-22;88;270;623;237329;232543;13984;72.6;71.1;4.3
07;2021-10-23;53;72;133;237382;232615;14117;72.6;71.2;4.3
07;2021-10-24;3;8;2;237385;232623;14119;72.6;71.2;4.3
07;2021-10-25;77;155;367;237462;232778;14486;72.6;71.2;4.4
07;2021-10-26;97;172;747;237559;232950;15233;72.7;71.3;4.7
07;2021-10-27;77;173;407;237636;233123;15640;72.7;71.3;4.8
07;2021-10-28;61;115;406;237697;233238;16046;72.7;71.4;4.9
07;2021-10-29;88;208;732;237785;233446;16778;72.7;71.4;5.1
07;2021-10-30;53;85;191;237838;233531;16969;72.8;71.4;5.2
07;2021-10-31;0;2;3;237838;233533;16972;72.8;71.4;5.2
07;2021-11-01;8;10;17;237846;233543;16989;72.8;71.4;5.2
07;2021-11-02;90;192;700;237936;233735;17689;72.8;71.5;5.4
07;2021-11-03;94;125;630;238030;233860;18319;72.8;71.5;5.6
07;2021-11-04;72;122;680;238102;233982;18999;72.8;71.6;5.8
07;2021-11-05;97;227;823;238199;234209;19822;72.9;71.7;6.1
07;2021-11-06;33;86;230;238232;234295;20052;72.9;71.7;6.1
07;2021-11-07;2;11;2;238234;234306;20054;72.9;71.7;6.1
07;2021-11-08;64;158;767;238298;234464;20821;72.9;71.7;6.4
07;2021-11-09;68;134;1053;238366;234598;21874;72.9;71.8;6.7
07;2021-11-10;78;184;1131;238444;234782;23005;72.9;71.8;7.0
07;2021-11-11;4;3;27;238448;234785;23032;72.9;71.8;7.0
07;2021-11-12;110;167;1179;238558;234952;24211;73.0;71.9;7.4
07;2021-11-13;44;85;275;238602;235037;24486;73.0;71.9;7.5
07;2021-11-14;0;10;10;238602;235047;24496;73.0;71.9;7.5
07;2021-11-15;70;106;1060;238672;235153;25556;73.0;71.9;7.8
07;2021-11-16;84;107;1544;238756;235260;27100;73.0;72.0;8.3
07;2021-11-17;102;124;1155;238858;235384;28255;73.1;72.0;8.6
07;2021-11-18;82;110;1059;238940;235494;29314;73.1;72.0;9.0
07;2021-11-19;94;131;1493;239034;235625;30807;73.1;72.1;9.4
07;2021-11-20;80;56;366;239114;235681;31173;73.2;72.1;9.5
07;2021-11-21;0;2;13;239114;235683;31186;73.2;72.1;9.5
07;2021-11-22;72;55;1137;239186;235738;32323;73.2;72.1;9.9
07;2021-11-23;123;94;1799;239309;235832;34122;73.2;72.1;10.4
07;2021-11-24;135;117;1423;239444;235949;35545;73.3;72.2;10.9
07;2021-11-25;100;92;1906;239544;236041;37451;73.3;72.2;11.5
07;2021-11-26;143;125;2595;239687;236166;40046;73.3;72.2;12.3
07;2021-11-27;71;60;1329;239758;236226;41375;73.3;72.3;12.7
07;2021-11-28;11;7;472;239769;236233;41847;73.4;72.3;12.8
07;2021-11-29;63;69;2154;239832;236302;44001;73.4;72.3;13.5
07;2021-11-30;82;88;3339;239914;236390;47340;73.4;72.3;14.5
07;2021-12-01;101;90;2634;240015;236480;49974;73.4;72.3;15.3
07;2021-12-02;55;61;2927;240070;236541;52901;73.4;72.4;16.2
07;2021-12-03;94;119;3634;240164;236660;56535;73.5;72.4;17.3
07;2021-12-04;60;50;1576;240224;236710;58111;73.5;72.4;17.8
07;2021-12-05;6;12;349;240230;236722;58460;73.5;72.4;17.9
07;2021-12-06;63;73;2713;240293;236795;61173;73.5;72.4;18.7
07;2021-12-07;107;114;4368;240400;236909;65541;73.5;72.5;20.1
07;2021-12-08;87;95;3487;240487;237004;69028;73.6;72.5;21.1
07;2021-12-09;98;84;3581;240585;237088;72609;73.6;72.5;22.2
07;2021-12-10;99;112;4272;240684;237200;76881;73.6;72.6;23.5
07;2021-12-11;69;71;2002;240753;237271;78883;73.7;72.6;24.1
07;2021-12-12;9;7;438;240762;237278;79321;73.7;72.6;24.3
07;2021-12-13;80;87;3092;240842;237365;82413;73.7;72.6;25.2
07;2021-12-14;136;135;4646;240978;237500;87059;73.7;72.7;26.6
07;2021-12-15;92;134;3998;241070;237634;91057;73.7;72.7;27.9
07;2021-12-16;104;104;4273;241174;237738;95330;73.8;72.7;29.2
07;2021-12-17;134;178;4236;241308;237916;99566;73.8;72.8;30.5
07;2021-12-18;111;88;2231;241419;238004;101797;73.9;72.8;31.1
07;2021-12-19;31;23;882;241450;238027;102679;73.9;72.8;31.4
07;2021-12-20;112;100;2553;241562;238127;105232;73.9;72.8;32.2
07;2021-12-21;139;125;3583;241701;238252;108815;73.9;72.9;33.3
07;2021-12-22;113;107;2381;241814;238359;111196;74.0;72.9;34.0
07;2021-12-23;87;70;1657;241901;238429;112853;74.0;72.9;34.5
07;2021-12-24;25;14;449;241926;238443;113302;74.0;72.9;34.7
07;2021-12-25;0;1;21;241926;238444;113323;74.0;72.9;34.7
07;2021-12-26;0;1;45;241926;238445;113368;74.0;72.9;34.7
08;2020-12-27;0;0;0;0;0;0;0.0;0.0;0.0
08;2020-12-28;0;0;0;0;0;0;0.0;0.0;0.0
08;2020-12-29;0;0;0;0;0;0;0.0;0.0;0.0
08;2020-12-30;0;0;0;0;0;0;0.0;0.0;0.0
08;2020-12-31;0;0;0;0;0;0;0.0;0.0;0.0
08;2021-01-01;0;0;0;0;0;0;0.0;0.0;0.0
08;2021-01-02;0;0;0;0;0;0;0.0;0.0;0.0
08;2021-01-03;1;0;0;1;0;0;0.0;0.0;0.0
08;2021-01-04;23;0;0;24;0;0;0.0;0.0;0.0
08;2021-01-05;0;0;0;24;0;0;0.0;0.0;0.0
08;2021-01-06;0;0;0;24;0;0;0.0;0.0;0.0
08;2021-01-07;187;0;0;211;0;0;0.1;0.0;0.0
08;2021-01-08;302;0;0;513;0;0;0.2;0.0;0.0
08;2021-01-09;106;0;0;619;0;0;0.2;0.0;0.0
08;2021-01-10;1;0;0;620;0;0;0.2;0.0;0.0
08;2021-01-11;79;1;0;699;1;0;0.3;0.0;0.0
08;2021-01-12;174;0;0;873;1;0;0.3;0.0;0.0
08;2021-01-13;485;1;0;1358;2;0;0.5;0.0;0.0
08;2021-01-14;540;8;0;1898;10;0;0.7;0.0;0.0
08;2021-01-15;294;2;0;2192;12;0;0.8;0.0;0.0
08;2021-01-16;105;0;0;2297;12;0;0.9;0.0;0.0
08;2021-01-17;1;0;0;2298;12;0;0.9;0.0;0.0
08;2021-01-18;385;2;0;2683;14;0;1.0;0.0;0.0
08;2021-01-19;842;1;0;3525;15;0;1.3;0.0;0.0
08;2021-01-20;891;4;0;4416;19;0;1.7;0.0;0.0
08;2021-01-21;729;1;0;5145;20;0;1.9;0.0;0.0
08;2021-01-22;682;2;0;5827;22;0;2.2;0.0;0.0
08;2021-01-23;237;0;0;6064;22;0;2.3;0.0;0.0
08;2021-01-24;1;0;0;6065;22;0;2.3;0.0;0.0
08;2021-01-25;204;0;0;6269;22;0;2.4;0.0;0.0
08;2021-01-26;289;1;0;6558;23;0;2.5;0.0;0.0
08;2021-01-27;416;1;0;6974;24;0;2.6;0.0;0.0
08;2021-01-28;565;173;0;7539;197;0;2.8;0.1;0.0
08;2021-01-29;575;172;0;8114;369;0;3.1;0.1;0.0
08;2021-01-30;207;60;0;8321;429;0;3.1;0.2;0.0
08;2021-01-31;0;0;0;8321;429;0;3.1;0.2;0.0
08;2021-02-01;84;49;0;8405;478;0;3.2;0.2;0.0
08;2021-02-02;202;166;0;8607;644;0;3.2;0.2;0.0
08;2021-02-03;144;169;0;8751;813;0;3.3;0.3;0.0
08;2021-02-04;329;295;0;9080;1108;0;3.4;0.4;0.0
08;2021-02-05;515;343;0;9595;1451;0;3.6;0.5;0.0
08;2021-02-06;142;75;0;9737;1526;0;3.7;0.6;0.0
08;2021-02-07;8;0;0;9745;1526;0;3.7;0.6;0.0
08;2021-02-08;44;175;0;9789;1701;0;3.7;0.6;0.0
08;2021-02-09;217;623;0;10006;2324;0;3.8;0.9;0.0
08;2021-02-10;325;616;0;10331;2940;0;3.9;1.1;0.0
08;2021-02-11;466;357;0;10797;3297;0;4.1;1.2;0.0
08;2021-02-12;663;385;0;11460;3682;0;4.3;1.4;0.0
08;2021-02-13;128;113;0;11588;3795;0;4.4;1.4;0.0
08;2021-02-14;4;61;0;11592;3856;0;4.4;1.5;0.0
08;2021-02-15;226;204;0;11818;4060;0;4.5;1.5;0.0
08;2021-02-16;138;381;0;11956;4441;0;4.5;1.7;0.0
08;2021-02-17;127;410;0;12083;4851;0;4.6;1.8;0.0
08;2021-02-18;229;518;0;12312;5369;0;4.6;2.0;0.0
08;2021-02-19;311;426;0;12623;5795;0;4.8;2.2;0.0
08;2021-02-20;16;205;0;12639;6000;0;4.8;2.3;0.0
08;2021-02-21;0;0;0;12639;6000;0;4.8;2.3;0.0
08;2021-02-22;139;181;0;12778;6181;0;4.8;2.3;0.0
08;2021-02-23;164;324;0;12942;6505;0;4.9;2.4;0.0
08;2021-02-24;169;387;0;13111;6892;0;4.9;2.6;0.0
08;2021-02-25;497;528;0;13608;7420;0;5.1;2.8;0.0
08;2021-02-26;616;631;0;14224;8051;0;5.4;3.0;0.0
08;2021-02-27;308;185;0;14532;8236;0;5.5;3.1;0.0
08;2021-02-28;21;1;0;14553;8237;0;5.5;3.1;0.0
08;2021-03-01;200;103;0;14753;8340;0;5.6;3.1;0.0
08;2021-03-02;623;275;0;15376;8615;0;5.8;3.2;0.0
08;2021-03-03;871;196;0;16247;8811;0;6.1;3.3;0.0
08;2021-03-04;724;345;0;16971;9156;0;6.4;3.4;0.0
08;2021-03-05;1006;546;0;17977;9702;0;6.8;3.7;0.0
08;2021-03-06;652;133;0;18629;9835;0;7.0;3.7;0.0
08;2021-03-07;57;0;0;18686;9835;0;7.0;3.7;0.0
08;2021-03-08;210;126;0;18896;9961;0;7.1;3.8;0.0
08;2021-03-09;685;166;0;19581;10127;0;7.4;3.8;0.0
08;2021-03-10;1043;125;0;20624;10252;0;7.8;3.9;0.0
08;2021-03-11;962;255;0;21586;10507;0;8.1;4.0;0.0
08;2021-03-12;1625;519;0;23211;11026;0;8.7;4.2;0.0
08;2021-03-13;800;112;0;24011;11138;0;9.0;4.2;0.0
08;2021-03-14;28;0;0;24039;11138;0;9.1;4.2;0.0
08;2021-03-15;292;74;0;24331;11212;0;9.2;4.2;0.0
08;2021-03-16;560;43;0;24891;11255;0;9.4;4.2;0.0
08;2021-03-17;802;80;0;25693;11335;0;9.7;4.3;0.0
08;2021-03-18;808;171;0;26501;11506;0;10.0;4.3;0.0
08;2021-03-19;1141;290;0;27642;11796;0;10.4;4.4;0.0
08;2021-03-20;507;27;0;28149;11823;0;10.6;4.5;0.0
08;2021-03-21;17;1;0;28166;11824;0;10.6;4.5;0.0
08;2021-03-22;381;50;0;28547;11874;0;10.8;4.5;0.0
08;2021-03-23;770;69;0;29317;11943;0;11.0;4.5;0.0
08;2021-03-24;1347;76;0;30664;12019;0;11.5;4.5;0.0
08;2021-03-25;1911;104;0;32575;12123;0;12.3;4.6;0.0
08;2021-03-26;2473;175;0;35048;12298;0;13.2;4.6;0.0
08;2021-03-27;912;127;0;35960;12425;0;13.5;4.7;0.0
08;2021-03-28;233;8;0;36193;12433;0;13.6;4.7;0.0
08;2021-03-29;290;182;0;36483;12615;0;13.7;4.8;0.0
08;2021-03-30;846;472;0;37329;13087;0;14.1;4.9;0.0
08;2021-03-31;868;513;0;38197;13600;0;14.4;5.1;0.0
08;2021-04-01;1688;438;0;39885;14038;0;15.0;5.3;0.0
08;2021-04-02;1485;511;0;41370;14549;0;15.6;5.5;0.0
08;2021-04-03;1288;196;0;42658;14745;0;16.1;5.6;0.0
08;2021-04-04;125;5;0;42783;14750;0;16.1;5.6;0.0
08;2021-04-05;14;2;0;42797;14752;0;16.1;5.6;0.0
08;2021-04-06;707;483;0;43504;15235;0;16.4;5.7;0.0
08;2021-04-07;908;692;0;44412;15927;0;16.7;6.0;0.0
08;2021-04-08;1742;520;0;46154;16447;0;17.4;6.2;0.0
08;2021-04-09;2330;728;0;48484;17175;0;18.3;6.5;0.0
08;2021-04-10;1429;228;0;49913;17403;0;18.8;6.6;0.0
08;2021-04-11;16;10;0;49929;17413;0;18.8;6.6;0.0
08;2021-04-12;667;217;0;50596;17630;0;19.1;6.6;0.0
08;2021-04-13;1286;611;0;51882;18241;0;19.5;6.9;0.0
08;2021-04-14;1289;852;0;53171;19093;0;20.0;7.2;0.0
08;2021-04-15;1610;809;0;54781;19902;0;20.6;7.5;0.0
08;2021-04-16;1880;874;0;56661;20776;0;21.3;7.8;0.0
08;2021-04-17;1073;399;0;57734;21175;0;21.7;8.0;0.0
08;2021-04-18;42;16;0;57776;21191;0;21.8;8.0;0.0
08;2021-04-19;1129;313;0;58905;21504;0;22.2;8.1;0.0
08;2021-04-20;1086;571;0;59991;22075;0;22.6;8.3;0.0
08;2021-04-21;1107;769;0;61098;22844;0;23.0;8.6;0.0
08;2021-04-22;1262;885;0;62360;23729;0;23.5;8.9;0.0
08;2021-04-23;1607;1169;0;63967;24898;0;24.1;9.4;0.0
08;2021-04-24;1232;637;0;65199;25535;0;24.6;9.6;0.0
08;2021-04-25;32;204;0;65231;25739;0;24.6;9.7;0.0
08;2021-04-26;947;163;0;66178;25902;0;24.9;9.8;0.0
08;2021-04-27;1258;606;0;67436;26508;0;25.4;10.0;0.0
08;2021-04-28;1372;698;0;68808;27206;0;25.9;10.2;0.0
08;2021-04-29;1105;1306;0;69913;28512;0;26.3;10.7;0.0
08;2021-04-30;1677;1593;0;71590;30105;0;27.0;11.3;0.0
08;2021-05-01;930;474;0;72520;30579;0;27.3;11.5;0.0
08;2021-05-02;581;179;0;73101;30758;0;27.5;11.6;0.0
08;2021-05-03;1093;383;0;74194;31141;0;27.9;11.7;0.0
08;2021-05-04;1272;878;0;75466;32019;0;28.4;12.1;0.0
08;2021-05-05;1513;1313;0;76979;33332;0;29.0;12.6;0.0
08;2021-05-06;1842;1644;0;78821;34976;0;29.7;13.2;0.0
08;2021-05-07;1813;2052;0;80634;37028;0;30.4;13.9;0.0
08;2021-05-08;883;760;0;81517;37788;0;30.7;14.2;0.0
08;2021-05-09;414;60;0;81931;37848;0;30.9;14.3;0.0
08;2021-05-10;1166;666;0;83097;38514;0;31.3;14.5;0.0
08;2021-05-11;1837;969;0;84934;39483;0;32.0;14.9;0.0
08;2021-05-12;1728;1243;0;86662;40726;0;32.6;15.3;0.0
08;2021-05-13;1266;596;0;87928;41322;0;33.1;15.6;0.0
08;2021-05-14;2426;1009;0;90354;42331;0;34.0;15.9;0.0
08;2021-05-15;1739;697;0;92093;43028;0;34.7;16.2;0.0
08;2021-05-16;797;96;0;92890;43124;0;35.0;16.2;0.0
08;2021-05-17;668;886;0;93558;44010;0;35.2;16.6;0.0
08;2021-05-18;1252;837;0;94810;44847;0;35.7;16.9;0.0
08;2021-05-19;1514;961;0;96324;45808;0;36.3;17.3;0.0
08;2021-05-20;1957;946;0;98281;46754;0;37.0;17.6;0.0
08;2021-05-21;2190;1244;0;100471;47998;0;37.8;18.1;0.0
08;2021-05-22;1751;748;0;102222;48746;0;38.5;18.4;0.0
08;2021-05-23;857;89;0;103079;48835;0;38.8;18.4;0.0
08;2021-05-24;749;110;0;103828;48945;0;39.1;18.4;0.0
08;2021-05-25;1320;676;0;105148;49621;0;39.6;18.7;0.0
08;2021-05-26;1435;1022;0;106583;50643;0;40.1;19.1;0.0
08;2021-05-27;1818;1098;0;108401;51741;0;40.8;19.5;0.0
08;2021-05-28;1878;1806;0;110279;53547;0;41.5;20.2;0.0
08;2021-05-29;1582;937;0;111861;54484;0;42.1;20.5;0.0
08;2021-05-30;806;103;0;112667;54587;0;42.4;20.6;0.0
08;2021-05-31;715;555;0;113382;55142;0;42.7;20.8;0.0
08;2021-06-01;1324;890;0;114706;56032;0;43.2;21.1;0.0
08;2021-06-02;1333;1168;0;116039;57200;0;43.7;21.5;0.0
08;2021-06-03;1355;1485;0;117394;58685;0;44.2;22.1;0.0
08;2021-06-04;1727;2340;0;119121;61025;0;44.9;23.0;0.0
08;2021-06-05;1157;1288;0;120278;62313;0;45.3;23.5;0.0
08;2021-06-06;901;105;0;121179;62418;0;45.6;23.5;0.0
08;2021-06-07;701;1115;0;121880;63533;0;45.9;23.9;0.0
08;2021-06-08;927;1447;0;122807;64980;0;46.2;24.5;0.0
08;2021-06-09;867;1359;0;123674;66339;0;46.6;25.0;0.0
08;2021-06-10;1623;1485;0;125297;67824;0;47.2;25.5;0.0
08;2021-06-11;1673;2127;0;126970;69951;0;47.8;26.3;0.0
08;2021-06-12;1273;1428;0;128243;71379;0;48.3;26.9;0.0
08;2021-06-13;388;589;0;128631;71968;0;48.4;27.1;0.0
08;2021-06-14;399;1258;0;129030;73226;0;48.6;27.6;0.0
08;2021-06-15;782;1509;0;129812;74735;0;48.9;28.1;0.0
08;2021-06-16;815;2018;0;130627;76753;0;49.2;28.9;0.0
08;2021-06-17;1259;1783;0;131886;78536;0;49.7;29.6;0.0
08;2021-06-18;1537;2535;0;133423;81071;0;50.2;30.5;0.0
08;2021-06-19;1247;1345;0;134670;82416;0;50.7;31.0;0.0
08;2021-06-20;124;403;0;134794;82819;0;50.8;31.2;0.0
08;2021-06-21;498;1340;0;135292;84159;0;51.0;31.7;0.0
08;2021-06-22;820;1973;0;136112;86132;0;51.3;32.4;0.0
08;2021-06-23;909;1635;0;137021;87767;0;51.6;33.1;0.0
08;2021-06-24;993;1866;0;138014;89633;0;52.0;33.8;0.0
08;2021-06-25;1042;2652;0;139056;92285;0;52.4;34.8;0.0
08;2021-06-26;959;1749;0;140015;94034;0;52.7;35.4;0.0
08;2021-06-27;346;648;0;140361;94682;0;52.9;35.7;0.0
08;2021-06-28;403;1315;0;140764;95997;0;53.0;36.2;0.0
08;2021-06-29;621;1409;0;141385;97406;0;53.2;36.7;0.0
08;2021-06-30;839;1611;0;142224;99017;0;53.6;37.3;0.0
08;2021-07-01;850;2063;0;143074;101080;0;53.9;38.1;0.0
08;2021-07-02;913;2550;0;143987;103630;0;54.2;39.0;0.0
08;2021-07-03;726;2020;0;144713;105650;0;54.5;39.8;0.0
08;2021-07-04;142;850;0;144855;106500;0;54.6;40.1;0.0
08;2021-07-05;117;1186;0;144972;107686;0;54.6;40.6;0.0
08;2021-07-06;445;1706;2;145417;109392;2;54.8;41.2;0.0
08;2021-07-07;410;1726;0;145827;111118;2;54.9;41.8;0.0
08;2021-07-08;672;1838;0;146499;112956;2;55.2;42.5;0.0
08;2021-07-09;728;2368;0;147227;115324;2;55.4;43.4;0.0
08;2021-07-10;611;1849;0;147838;117173;2;55.7;44.1;0.0
08;2021-07-11;236;720;0;148074;117893;2;55.8;44.4;0.0
08;2021-07-12;334;1204;0;148408;119097;2;55.9;44.9;0.0
08;2021-07-13;943;1775;0;149351;120872;2;56.2;45.5;0.0
08;2021-07-14;224;369;0;149575;121241;2;56.3;45.7;0.0
08;2021-07-15;814;2408;0;150389;123649;2;56.6;46.6;0.0
08;2021-07-16;1079;2350;0;151468;125999;2;57.0;47.5;0.0
08;2021-07-17;1031;2017;0;152499;128016;2;57.4;48.2;0.0
08;2021-07-18;348;733;0;152847;128749;2;57.6;48.5;0.0
08;2021-07-19;515;941;0;153362;129690;2;57.8;48.8;0.0
08;2021-07-20;970;1505;0;154332;131195;2;58.1;49.4;0.0
08;2021-07-21;1314;1734;0;155646;132929;2;58.6;50.1;0.0
08;2021-07-22;1309;2088;1;156955;135017;3;59.1;50.8;0.0
08;2021-07-23;1616;2417;0;158571;137434;3;59.7;51.8;0.0
08;2021-07-24;1378;1858;0;159949;139292;3;60.2;52.5;0.0
08;2021-07-25;782;458;0;160731;139750;3;60.5;52.6;0.0
08;2021-07-26;1352;879;0;162083;140629;3;61.0;53.0;0.0
08;2021-07-27;2142;1423;0;164225;142052;3;61.8;53.5;0.0
08;2021-07-28;2346;1489;0;166571;143541;3;62.7;54.1;0.0
08;2021-07-29;2525;1311;0;169096;144852;3;63.7;54.6;0.0
08;2021-07-30;2506;1539;0;171602;146391;3;64.6;55.1;0.0
08;2021-07-31;1875;1029;0;173477;147420;3;65.3;55.5;0.0
08;2021-08-01;902;303;0;174379;147723;3;65.7;55.6;0.0
08;2021-08-02;1266;694;0;175645;148417;3;66.1;55.9;0.0
08;2021-08-03;1659;848;0;177304;149265;3;66.8;56.2;0.0
08;2021-08-04;1514;662;0;178818;149927;3;67.3;56.5;0.0
08;2021-08-05;1813;953;0;180631;150880;3;68.0;56.8;0.0
08;2021-08-06;2414;1109;1;183045;151989;4;68.9;57.2;0.0
08;2021-08-07;1530;1115;0;184575;153104;4;69.5;57.7;0.0
08;2021-08-08;557;370;0;185132;153474;4;69.7;57.8;0.0
08;2021-08-09;680;573;0;185812;154047;4;70.0;58.0;0.0
08;2021-08-10;877;800;0;186689;154847;4;70.3;58.3;0.0
08;2021-08-11;576;834;0;187265;155681;4;70.5;58.6;0.0
08;2021-08-12;1033;1067;0;188298;156748;4;70.9;59.0;0.0
08;2021-08-13;1112;1052;0;189410;157800;4;71.3;59.4;0.0
08;2021-08-14;564;902;0;189974;158702;4;71.5;59.8;0.0
08;2021-08-15;138;262;0;190112;158964;4;71.6;59.9;0.0
08;2021-08-16;241;1256;0;190353;160220;4;71.7;60.3;0.0
08;2021-08-17;522;1263;0;190875;161483;4;71.9;60.8;0.0
08;2021-08-18;330;1319;0;191205;162802;4;72.0;61.3;0.0
08;2021-08-19;588;1826;0;191793;164628;4;72.2;62.0;0.0
08;2021-08-20;677;2176;0;192470;166804;4;72.5;62.8;0.0
08;2021-08-21;266;1328;0;192736;168132;4;72.6;63.3;0.0
08;2021-08-22;107;863;0;192843;168995;4;72.6;63.6;0.0
08;2021-08-23;181;1477;0;193024;170472;4;72.7;64.2;0.0
08;2021-08-24;390;1779;0;193414;172251;4;72.8;64.9;0.0
08;2021-08-25;327;1295;0;193741;173546;4;73.0;65.4;0.0
08;2021-08-26;484;1988;0;194225;175534;4;73.1;66.1;0.0
08;2021-08-27;444;2207;0;194669;177741;4;73.3;66.9;0.0
08;2021-08-28;265;1326;0;194934;179067;4;73.4;67.4;0.0
08;2021-08-29;163;557;0;195097;179624;4;73.5;67.6;0.0
08;2021-08-30;321;1213;11;195418;180837;15;73.6;68.1;0.0
08;2021-08-31;351;1250;42;195769;182087;57;73.7;68.6;0.0
08;2021-09-01;436;1237;115;196205;183324;172;73.9;69.0;0.1
08;2021-09-02;467;1087;151;196672;184411;323;74.1;69.4;0.1
08;2021-09-03;465;1527;149;197137;185938;472;74.2;70.0;0.2
08;2021-09-04;333;1301;57;197470;187239;529;74.4;70.5;0.2
08;2021-09-05;105;165;34;197575;187404;563;74.4;70.6;0.2
08;2021-09-06;188;387;131;197763;187791;694;74.5;70.7;0.3
08;2021-09-07;205;485;149;197968;188276;843;74.6;70.9;0.3
08;2021-09-08;262;517;112;198230;188793;955;74.7;71.1;0.4
08;2021-09-09;316;580;162;198546;189373;1117;74.8;71.3;0.4
08;2021-09-10;479;761;281;199025;190134;1398;75.0;71.6;0.5
08;2021-09-11;348;686;126;199373;190820;1524;75.1;71.9;0.6
08;2021-09-12;48;69;21;199421;190889;1545;75.1;71.9;0.6
08;2021-09-13;358;180;99;199779;191069;1644;75.2;72.0;0.6
08;2021-09-14;236;276;141;200015;191345;1785;75.3;72.1;0.7
08;2021-09-15;231;340;261;200246;191685;2046;75.4;72.2;0.8
08;2021-09-16;215;409;236;200461;192094;2282;75.5;72.3;0.9
08;2021-09-17;313;500;347;200774;192594;2629;75.6;72.5;1.0
08;2021-09-18;175;441;186;200949;193035;2815;75.7;72.7;1.1
08;2021-09-19;24;85;6;200973;193120;2821;75.7;72.7;1.1
08;2021-09-20;62;230;180;201035;193350;3001;75.7;72.8;1.1
08;2021-09-21;120;269;300;201155;193619;3301;75.8;72.9;1.2
08;2021-09-22;132;376;293;201287;193995;3594;75.8;73.1;1.4
08;2021-09-23;170;375;311;201457;194370;3905;75.9;73.2;1.5
08;2021-09-24;164;525;411;201621;194895;4316;75.9;73.4;1.6
08;2021-09-25;105;404;161;201726;195299;4477;76.0;73.6;1.7
08;2021-09-26;20;101;11;201746;195400;4488;76.0;73.6;1.7
08;2021-09-27;48;207;178;201794;195607;4666;76.0;73.7;1.8
08;2021-09-28;80;220;239;201874;195827;4905;76.0;73.7;1.8
08;2021-09-29;115;322;238;201989;196149;5143;76.1;73.9;1.9
08;2021-09-30;143;345;252;202132;196494;5395;76.1;74.0;2.0
08;2021-10-01;171;470;389;202303;196964;5784;76.2;74.2;2.2
08;2021-10-02;133;285;169;202436;197249;5953;76.2;74.3;2.2
08;2021-10-03;24;68;17;202460;197317;5970;76.2;74.3;2.2
08;2021-10-04;80;330;141;202540;197647;6111;76.3;74.4;2.3
08;2021-10-05;78;178;279;202618;197825;6390;76.3;74.5;2.4
08;2021-10-06;96;237;250;202714;198062;6640;76.3;74.6;2.5
08;2021-10-07;100;181;303;202814;198243;6943;76.4;74.7;2.6
08;2021-10-08;157;339;497;202971;198582;7440;76.4;74.8;2.8
08;2021-10-09;128;315;280;203099;198897;7720;76.5;74.9;2.9
08;2021-10-10;32;44;30;203131;198941;7750;76.5;74.9;2.9
08;2021-10-11;59;87;265;203190;199028;8015;76.5;75.0;3.0
08;2021-10-12;79;137;260;203269;199165;8275;76.6;75.0;3.1
08;2021-10-13;112;165;225;203381;199330;8500;76.6;75.1;3.2
08;2021-10-14;60;170;294;203441;199500;8794;76.6;75.1;3.3
08;2021-10-15;211;286;706;203652;199786;9500;76.7;75.2;3.6
08;2021-10-16;73;118;238;203725;199904;9738;76.7;75.3;3.7
08;2021-10-17;34;28;28;203759;199932;9766;76.7;75.3;3.7
08;2021-10-18;78;68;275;203837;200000;10041;76.8;75.3;3.8
08;2021-10-19;60;73;324;203897;200073;10365;76.8;75.3;3.9
08;2021-10-20;109;144;497;204006;200217;10862;76.8;75.4;4.1
08;2021-10-21;72;85;365;204078;200302;11227;76.9;75.4;4.2
08;2021-10-22;141;197;577;204219;200499;11804;76.9;75.5;4.4
08;2021-10-23;69;148;281;204288;200647;12085;76.9;75.6;4.6
08;2021-10-24;20;37;39;204308;200684;12124;76.9;75.6;4.6
08;2021-10-25;68;64;269;204376;200748;12393;77.0;75.6;4.7
08;2021-10-26;82;73;384;204458;200821;12777;77.0;75.6;4.8
08;2021-10-27;79;104;401;204537;200925;13178;77.0;75.7;5.0
08;2021-10-28;84;85;471;204621;201010;13649;77.1;75.7;5.1
08;2021-10-29;147;168;704;204768;201178;14353;77.1;75.8;5.4
08;2021-10-30;54;71;243;204822;201249;14596;77.1;75.8;5.5
08;2021-10-31;15;29;66;204837;201278;14662;77.1;75.8;5.5
08;2021-11-01;3;1;4;204840;201279;14666;77.1;75.8;5.5
08;2021-11-02;66;114;463;204906;201393;15129;77.2;75.8;5.7
08;2021-11-03;77;100;459;204983;201493;15588;77.2;75.9;5.9
08;2021-11-04;72;81;499;205055;201574;16087;77.2;75.9;6.1
08;2021-11-05;85;193;753;205140;201767;16840;77.3;76.0;6.3
08;2021-11-06;68;96;396;205208;201863;17236;77.3;76.0;6.5
08;2021-11-07;10;34;47;205218;201897;17283;77.3;76.0;6.5
08;2021-11-08;36;71;308;205254;201968;17591;77.3;76.1;6.6
08;2021-11-09;77;105;658;205331;202073;18249;77.3;76.1;6.9
08;2021-11-10;82;141;761;205413;202214;19010;77.4;76.2;7.2
08;2021-11-11;4;4;27;205417;202218;19037;77.4;76.2;7.2
08;2021-11-12;133;187;1073;205550;202405;20110;77.4;76.2;7.6
08;2021-11-13;46;62;418;205596;202467;20528;77.4;76.2;7.7
08;2021-11-14;11;17;72;205607;202484;20600;77.4;76.3;7.8
08;2021-11-15;35;69;466;205642;202553;21066;77.4;76.3;7.9
08;2021-11-16;51;77;762;205693;202630;21828;77.5;76.3;8.2
08;2021-11-17;56;86;582;205749;202716;22410;77.5;76.3;8.4
08;2021-11-18;61;112;936;205810;202828;23346;77.5;76.4;8.8
08;2021-11-19;118;198;1370;205928;203026;24716;77.6;76.5;9.3
08;2021-11-20;60;64;534;205988;203090;25250;77.6;76.5;9.5
08;2021-11-21;21;19;100;206009;203109;25350;77.6;76.5;9.5
08;2021-11-22;44;30;534;206053;203139;25884;77.6;76.5;9.7
08;2021-11-23;80;65;887;206133;203204;26771;77.6;76.5;10.1
08;2021-11-24;70;108;842;206203;203312;27613;77.7;76.6;10.4
08;2021-11-25;73;83;1196;206276;203395;28809;77.7;76.6;10.8
08;2021-11-26;142;144;2132;206418;203539;30941;77.7;76.7;11.7
08;2021-11-27;87;66;904;206505;203605;31845;77.8;76.7;12.0
08;2021-11-28;23;21;288;206528;203626;32133;77.8;76.7;12.1
08;2021-11-29;47;33;988;206575;203659;33121;77.8;76.7;12.5
08;2021-11-30;81;84;1820;206656;203743;34941;77.8;76.7;13.2
08;2021-12-01;80;79;1900;206736;203822;36841;77.9;76.8;13.9
08;2021-12-02;65;46;2410;206801;203868;39251;77.9;76.8;14.8
08;2021-12-03;122;154;3009;206923;204022;42260;77.9;76.8;15.9
08;2021-12-04;58;73;1596;206981;204095;43856;77.9;76.9;16.5
08;2021-12-05;12;16;369;206993;204111;44225;78.0;76.9;16.7
08;2021-12-06;29;60;1559;207022;204171;45784;78.0;76.9;17.2
08;2021-12-07;75;70;2593;207097;204241;48377;78.0;76.9;18.2
08;2021-12-08;53;74;1868;207150;204315;50245;78.0;76.9;18.9
08;2021-12-09;63;75;3029;207213;204390;53274;78.0;77.0;20.1
08;2021-12-10;107;123;3996;207320;204513;57270;78.1;77.0;21.6
08;2021-12-11;62;77;2330;207382;204590;59600;78.1;77.0;22.4
08;2021-12-12;13;31;796;207395;204621;60396;78.1;77.1;22.7
08;2021-12-13;42;54;1992;207437;204675;62388;78.1;77.1;23.5
08;2021-12-14;72;82;3186;207509;204757;65574;78.1;77.1;24.7
08;2021-12-15;69;88;3091;207578;204845;68665;78.2;77.1;25.9
08;2021-12-16;101;98;3780;207679;204943;72445;78.2;77.2;27.3
08;2021-12-17;126;160;4582;207805;205103;77027;78.3;77.2;29.0
08;2021-12-18;117;102;3278;207922;205205;80305;78.3;77.3;30.2
08;2021-12-19;18;29;1005;207940;205234;81310;78.3;77.3;30.6
08;2021-12-20;90;61;2866;208030;205295;84176;78.3;77.3;31.7
08;2021-12-21;135;89;3283;208165;205384;87459;78.4;77.3;32.9
08;2021-12-22;105;80;3175;208270;205464;90634;78.4;77.4;34.1
08;2021-12-23;91;75;2223;208361;205539;92857;78.5;77.4;35.0
08;2021-12-24;20;23;454;208381;205562;93311;78.5;77.4;35.1
08;2021-12-25;0;5;29;208381;205567;93340;78.5;77.4;35.2
08;2021-12-26;13;22;595;208394;205589;93935;78.5;77.4;35.4
09;2020-12-27;0;0;0;0;0;0;0.0;0.0;0.0
09;2020-12-28;1;0;0;1;0;0;0.0;0.0;0.0
09;2020-12-29;0;0;0;1;0;0;0.0;0.0;0.0
09;2020-12-30;0;0;0;1;0;0;0.0;0.0;0.0
09;2020-12-31;0;0;0;1;0;0;0.0;0.0;0.0
09;2021-01-01;0;0;0;1;0;0;0.0;0.0;0.0
09;2021-01-02;0;0;0;1;0;0;0.0;0.0;0.0
09;2021-01-03;0;0;0;1;0;0;0.0;0.0;0.0
09;2021-01-04;1;0;0;2;0;0;0.0;0.0;0.0
09;2021-01-05;1;0;0;3;0;0;0.0;0.0;0.0
09;2021-01-06;4;0;0;7;0;0;0.0;0.0;0.0
09;2021-01-07;231;2;0;238;2;0;0.2;0.0;0.0
09;2021-01-08;195;0;0;433;2;0;0.3;0.0;0.0
09;2021-01-09;88;0;0;521;2;0;0.3;0.0;0.0
09;2021-01-10;55;0;0;576;2;0;0.4;0.0;0.0
09;2021-01-11;177;0;0;753;2;0;0.5;0.0;0.0
09;2021-01-12;282;0;0;1035;2;0;0.7;0.0;0.0
09;2021-01-13;191;0;0;1226;2;0;0.8;0.0;0.0
09;2021-01-14;431;6;0;1657;8;0;1.1;0.0;0.0
09;2021-01-15;223;2;0;1880;10;0;1.2;0.0;0.0
09;2021-01-16;168;2;0;2048;12;0;1.3;0.0;0.0
09;2021-01-17;93;0;0;2141;12;0;1.4;0.0;0.0
09;2021-01-18;272;1;0;2413;13;0;1.6;0.0;0.0
09;2021-01-19;261;1;0;2674;14;0;1.8;0.0;0.0
09;2021-01-20;368;2;0;3042;16;0;2.0;0.0;0.0
09;2021-01-21;326;1;0;3368;17;0;2.2;0.0;0.0
09;2021-01-22;349;1;0;3717;18;0;2.4;0.0;0.0
09;2021-01-23;212;0;0;3929;18;0;2.6;0.0;0.0
09;2021-01-24;73;1;0;4002;19;0;2.6;0.0;0.0
09;2021-01-25;206;9;0;4208;28;0;2.8;0.0;0.0
09;2021-01-26;571;26;0;4779;54;0;3.1;0.0;0.0
09;2021-01-27;407;41;0;5186;95;0;3.4;0.1;0.0
09;2021-01-28;312;188;0;5498;283;0;3.6;0.2;0.0
09;2021-01-29;233;112;0;5731;395;0;3.8;0.3;0.0
09;2021-01-30;141;52;0;5872;447;0;3.9;0.3;0.0
09;2021-01-31;43;10;0;5915;457;0;3.9;0.3;0.0
09;2021-02-01;90;129;0;6005;586;0;3.9;0.4;0.0
09;2021-02-02;75;280;0;6080;866;0;4.0;0.6;0.0
09;2021-02-03;90;182;0;6170;1048;0;4.0;0.7;0.0
09;2021-02-04;59;304;0;6229;1352;0;4.1;0.9;0.0
09;2021-02-05;92;147;0;6321;1499;0;4.1;1.0;0.0
09;2021-02-06;73;47;0;6394;1546;0;4.2;1.0;0.0
09;2021-02-07;9;56;0;6403;1602;0;4.2;1.1;0.0
09;2021-02-08;35;203;0;6438;1805;0;4.2;1.2;0.0
09;2021-02-09;56;283;0;6494;2088;0;4.3;1.4;0.0
09;2021-02-10;33;210;0;6527;2298;0;4.3;1.5;0.0
09;2021-02-11;36;216;0;6563;2514;0;4.3;1.6;0.0
09;2021-02-12;140;184;0;6703;2698;0;4.4;1.8;0.0
09;2021-02-13;8;131;0;6711;2829;0;4.4;1.9;0.0
09;2021-02-14;0;46;0;6711;2875;0;4.4;1.9;0.0
09;2021-02-15;69;137;0;6780;3012;0;4.4;2.0;0.0
09;2021-02-16;206;469;0;6986;3481;0;4.6;2.3;0.0
09;2021-02-17;94;319;0;7080;3800;0;4.6;2.5;0.0
09;2021-02-18;91;434;0;7171;4234;0;4.7;2.8;0.0
09;2021-02-19;54;271;0;7225;4505;0;4.7;3.0;0.0
09;2021-02-20;45;172;0;7270;4677;0;4.8;3.1;0.0
09;2021-02-21;0;46;0;7270;4723;0;4.8;3.1;0.0
09;2021-02-22;119;226;0;7389;4949;0;4.8;3.2;0.0
09;2021-02-23;152;162;0;7541;5111;0;4.9;3.4;0.0
09;2021-02-24;80;181;0;7621;5292;0;5.0;3.5;0.0
09;2021-02-25;206;174;0;7827;5466;0;5.1;3.6;0.0
09;2021-02-26;146;167;0;7973;5633;0;5.2;3.7;0.0
09;2021-02-27;56;68;0;8029;5701;0;5.3;3.7;0.0
09;2021-02-28;25;15;0;8054;5716;0;5.3;3.8;0.0
09;2021-03-01;220;94;0;8274;5810;0;5.4;3.8;0.0
09;2021-03-02;261;88;0;8535;5898;0;5.6;3.9;0.0
09;2021-03-03;216;122;0;8751;6020;0;5.7;4.0;0.0
09;2021-03-04;374;48;0;9125;6068;0;6.0;4.0;0.0
09;2021-03-05;316;75;0;9441;6143;0;6.2;4.0;0.0
09;2021-03-06;353;39;0;9794;6182;0;6.4;4.1;0.0
09;2021-03-07;128;4;0;9922;6186;0;6.5;4.1;0.0
09;2021-03-08;327;68;0;10249;6254;0;6.7;4.1;0.0
09;2021-03-09;418;145;0;10667;6399;0;7.0;4.2;0.0
09;2021-03-10;523;82;0;11190;6481;0;7.3;4.3;0.0
09;2021-03-11;646;91;0;11836;6572;0;7.8;4.3;0.0
09;2021-03-12;627;35;0;12463;6607;0;8.2;4.3;0.0
09;2021-03-13;359;2;0;12822;6609;0;8.4;4.3;0.0
09;2021-03-14;102;5;0;12924;6614;0;8.5;4.3;0.0
09;2021-03-15;415;53;0;13339;6667;0;8.8;4.4;0.0
09;2021-03-16;313;89;0;13652;6756;0;9.0;4.4;0.0
09;2021-03-17;327;76;0;13979;6832;0;9.2;4.5;0.0
09;2021-03-18;390;39;0;14369;6871;0;9.4;4.5;0.0
09;2021-03-19;479;53;0;14848;6924;0;9.7;4.5;0.0
09;2021-03-20;281;37;0;15129;6961;0;9.9;4.6;0.0
09;2021-03-21;79;0;0;15208;6961;0;10.0;4.6;0.0
09;2021-03-22;373;116;0;15581;7077;0;10.2;4.6;0.0
09;2021-03-23;506;155;0;16087;7232;0;10.6;4.7;0.0
09;2021-03-24;664;39;0;16751;7271;0;11.0;4.8;0.0
09;2021-03-25;797;126;0;17548;7397;0;11.5;4.9;0.0
09;2021-03-26;692;41;0;18240;7438;0;12.0;4.9;0.0
09;2021-03-27;540;65;0;18780;7503;0;12.3;4.9;0.0
09;2021-03-28;123;15;0;18903;7518;0;12.4;4.9;0.0
09;2021-03-29;491;233;0;19394;7751;0;12.7;5.1;0.0
09;2021-03-30;786;145;0;20180;7896;0;13.2;5.2;0.0
09;2021-03-31;729;167;0;20909;8063;0;13.7;5.3;0.0
09;2021-04-01;695;226;0;21604;8289;0;14.2;5.4;0.0
09;2021-04-02;618;236;0;22222;8525;0;14.6;5.6;0.0
09;2021-04-03;604;90;0;22826;8615;0;15.0;5.7;0.0
09;2021-04-04;123;51;0;22949;8666;0;15.1;5.7;0.0
09;2021-04-05;207;57;0;23156;8723;0;15.2;5.7;0.0
09;2021-04-06;879;356;0;24035;9079;0;15.8;6.0;0.0
09;2021-04-07;971;321;0;25006;9400;0;16.4;6.2;0.0
09;2021-04-08;1223;374;0;26229;9774;0;17.2;6.4;0.0
09;2021-04-09;1004;352;0;27233;10126;0;17.9;6.6;0.0
09;2021-04-10;990;154;0;28223;10280;0;18.5;6.7;0.0
09;2021-04-11;169;87;0;28392;10367;0;18.6;6.8;0.0
09;2021-04-12;630;298;0;29022;10665;0;19.0;7.0;0.0
09;2021-04-13;915;369;0;29937;11034;0;19.6;7.2;0.0
09;2021-04-14;1123;419;0;31060;11453;0;20.4;7.5;0.0
09;2021-04-15;991;441;0;32051;11894;0;21.0;7.8;0.0
09;2021-04-16;872;363;0;32923;12257;0;21.6;8.0;0.0
09;2021-04-17;966;287;0;33889;12544;0;22.2;8.2;0.0
09;2021-04-18;96;85;0;33985;12629;0;22.3;8.3;0.0
09;2021-04-19;620;354;0;34605;12983;0;22.7;8.5;0.0
09;2021-04-20;738;479;0;35343;13462;0;23.2;8.8;0.0
09;2021-04-21;811;520;0;36154;13982;0;23.7;9.2;0.0
09;2021-04-22;598;534;0;36752;14516;0;24.1;9.5;0.0
09;2021-04-23;715;389;0;37467;14905;0;24.6;9.8;0.0
09;2021-04-24;617;544;0;38084;15449;0;25.0;10.1;0.0
09;2021-04-25;74;112;0;38158;15561;0;25.0;10.2;0.0
09;2021-04-26;382;477;0;38540;16038;0;25.3;10.5;0.0
09;2021-04-27;425;638;0;38965;16676;0;25.6;10.9;0.0
09;2021-04-28;745;687;0;39710;17363;0;26.1;11.4;0.0
09;2021-04-29;540;692;0;40250;18055;0;26.4;11.8;0.0
09;2021-04-30;589;558;0;40839;18613;0;26.8;12.2;0.0
09;2021-05-01;389;313;0;41228;18926;0;27.1;12.4;0.0
09;2021-05-02;59;100;0;41287;19026;0;27.1;12.5;0.0
09;2021-05-03;507;575;0;41794;19601;0;27.4;12.9;0.0
09;2021-05-04;532;1071;0;42326;20672;0;27.8;13.6;0.0
09;2021-05-05;710;984;0;43036;21656;0;28.2;14.2;0.0
09;2021-05-06;761;881;0;43797;22537;0;28.7;14.8;0.0
09;2021-05-07;858;669;0;44655;23206;0;29.3;15.2;0.0
09;2021-05-08;326;349;0;44981;23555;0;29.5;15.5;0.0
09;2021-05-09;197;87;0;45178;23642;0;29.6;15.5;0.0
09;2021-05-10;445;806;0;45623;24448;0;29.9;16.0;0.0
09;2021-05-11;645;883;0;46268;25331;0;30.4;16.6;0.0
09;2021-05-12;1146;1125;0;47414;26456;0;31.1;17.4;0.0
09;2021-05-13;895;322;0;48309;26778;0;31.7;17.6;0.0
09;2021-05-14;688;533;0;48997;27311;0;32.2;17.9;0.0
09;2021-05-15;784;553;0;49781;27864;0;32.7;18.3;0.0
09;2021-05-16;165;44;0;49946;27908;0;32.8;18.3;0.0
09;2021-05-17;597;384;0;50543;28292;0;33.2;18.6;0.0
09;2021-05-18;1005;397;0;51548;28689;0;33.8;18.8;0.0
09;2021-05-19;1073;348;0;52621;29037;0;34.5;19.1;0.0
09;2021-05-20;983;382;0;53604;29419;0;35.2;19.3;0.0
09;2021-05-21;764;429;0;54368;29848;0;35.7;19.6;0.0
09;2021-05-22;908;297;0;55276;30145;0;36.3;19.8;0.0
09;2021-05-23;117;17;0;55393;30162;0;36.3;19.8;0.0
09;2021-05-24;119;80;0;55512;30242;0;36.4;19.8;0.0
09;2021-05-25;759;479;0;56271;30721;0;36.9;20.2;0.0
09;2021-05-26;813;422;0;57084;31143;0;37.5;20.4;0.0
09;2021-05-27;595;366;0;57679;31509;0;37.8;20.7;0.0
09;2021-05-28;619;469;0;58298;31978;0;38.3;21.0;0.0
09;2021-05-29;821;536;0;59119;32514;0;38.8;21.3;0.0
09;2021-05-30;265;180;0;59384;32694;0;39.0;21.5;0.0
09;2021-05-31;438;557;0;59822;33251;0;39.3;21.8;0.0
09;2021-06-01;715;620;0;60537;33871;0;39.7;22.2;0.0
09;2021-06-02;797;782;0;61334;34653;0;40.2;22.7;0.0
09;2021-06-03;596;636;0;61930;35289;0;40.6;23.2;0.0
09;2021-06-04;709;754;0;62639;36043;0;41.1;23.7;0.0
09;2021-06-05;794;733;0;63433;36776;0;41.6;24.1;0.0
09;2021-06-06;179;91;0;63612;36867;0;41.7;24.2;0.0
09;2021-06-07;500;504;0;64112;37371;0;42.1;24.5;0.0
09;2021-06-08;717;488;0;64829;37859;0;42.5;24.8;0.0
09;2021-06-09;584;718;0;65413;38577;0;42.9;25.3;0.0
09;2021-06-10;511;541;0;65924;39118;0;43.3;25.7;0.0
09;2021-06-11;689;705;0;66613;39823;0;43.7;26.1;0.0
09;2021-06-12;429;602;0;67042;40425;0;44.0;26.5;0.0
09;2021-06-13;93;127;0;67135;40552;0;44.1;26.6;0.0
09;2021-06-14;501;661;0;67636;41213;0;44.4;27.0;0.0
09;2021-06-15;700;865;0;68336;42078;0;44.8;27.6;0.0
09;2021-06-16;476;875;0;68812;42953;0;45.2;28.2;0.0
09;2021-06-17;595;692;0;69407;43645;0;45.5;28.6;0.0
09;2021-06-18;524;974;0;69931;44619;0;45.9;29.3;0.0
09;2021-06-19;360;1101;0;70291;45720;0;46.1;30.0;0.0
09;2021-06-20;24;208;0;70315;45928;0;46.1;30.1;0.0
09;2021-06-21;387;610;0;70702;46538;0;46.4;30.5;0.0
09;2021-06-22;377;876;0;71079;47414;0;46.6;31.1;0.0
09;2021-06-23;325;889;0;71404;48303;0;46.9;31.7;0.0
09;2021-06-24;458;620;0;71862;48923;0;47.2;32.1;0.0
09;2021-06-25;371;781;0;72233;49704;0;47.4;32.6;0.0
09;2021-06-26;327;732;0;72560;50436;0;47.6;33.1;0.0
09;2021-06-27;10;154;0;72570;50590;0;47.6;33.2;0.0
09;2021-06-28;204;750;0;72774;51340;0;47.8;33.7;0.0
09;2021-06-29;255;974;0;73029;52314;0;47.9;34.3;0.0
09;2021-06-30;395;1127;0;73424;53441;0;48.2;35.1;0.0
09;2021-07-01;344;1114;0;73768;54555;0;48.4;35.8;0.0
09;2021-07-02;288;822;0;74056;55377;0;48.6;36.3;0.0
09;2021-07-03;175;979;0;74231;56356;0;48.7;37.0;0.0
09;2021-07-04;15;135;0;74246;56491;0;48.7;37.1;0.0
09;2021-07-05;190;559;0;74436;57050;0;48.8;37.4;0.0
09;2021-07-06;268;982;1;74704;58032;1;49.0;38.1;0.0
09;2021-07-07;346;951;0;75050;58983;1;49.2;38.7;0.0
09;2021-07-08;294;813;0;75344;59796;1;49.4;39.2;0.0
09;2021-07-09;288;825;0;75632;60621;1;49.6;39.8;0.0
09;2021-07-10;261;983;0;75893;61604;1;49.8;40.4;0.0
09;2021-07-11;135;231;0;76028;61835;1;49.9;40.6;0.0
09;2021-07-12;169;785;0;76197;62620;1;50.0;41.1;0.0
09;2021-07-13;608;1004;0;76805;63624;1;50.4;41.7;0.0
09;2021-07-14;402;159;0;77207;63783;1;50.7;41.9;0.0
09;2021-07-15;743;848;0;77950;64631;1;51.1;42.4;0.0
09;2021-07-16;560;988;0;78510;65619;1;51.5;43.1;0.0
09;2021-07-17;751;942;0;79261;66561;1;52.0;43.7;0.0
09;2021-07-18;297;183;0;79558;66744;1;52.2;43.8;0.0
09;2021-07-19;451;787;0;80009;67531;1;52.5;44.3;0.0
09;2021-07-20;724;1033;0;80733;68564;1;53.0;45.0;0.0
09;2021-07-21;849;937;0;81582;69501;1;53.5;45.6;0.0
09;2021-07-22;769;761;0;82351;70262;1;54.0;46.1;0.0
09;2021-07-23;679;747;0;83030;71009;1;54.5;46.6;0.0
09;2021-07-24;791;404;0;83821;71413;1;55.0;46.9;0.0
09;2021-07-25;502;129;0;84323;71542;1;55.3;46.9;0.0
09;2021-07-26;563;637;0;84886;72179;1;55.7;47.4;0.0
09;2021-07-27;1001;791;0;85887;72970;1;56.4;47.9;0.0
09;2021-07-28;967;761;0;86854;73731;1;57.0;48.4;0.0
09;2021-07-29;880;600;0;87734;74331;1;57.6;48.8;0.0
09;2021-07-30;688;527;0;88422;74858;1;58.0;49.1;0.0
09;2021-07-31;1116;335;0;89538;75193;1;58.8;49.3;0.0
09;2021-08-01;151;125;0;89689;75318;1;58.9;49.4;0.0
09;2021-08-02;737;418;0;90426;75736;1;59.3;49.7;0.0
09;2021-08-03;1059;686;0;91485;76422;1;60.0;50.1;0.0
09;2021-08-04;1113;525;0;92598;76947;1;60.8;50.5;0.0
09;2021-08-05;803;559;0;93401;77506;1;61.3;50.9;0.0
09;2021-08-06;862;558;0;94263;78064;1;61.9;51.2;0.0
09;2021-08-07;654;349;0;94917;78413;1;62.3;51.5;0.0
09;2021-08-08;122;152;0;95039;78565;1;62.4;51.6;0.0
09;2021-08-09;562;558;0;95601;79123;1;62.7;51.9;0.0
09;2021-08-10;802;619;0;96403;79742;1;63.3;52.3;0.0
09;2021-08-11;720;731;0;97123;80473;1;63.7;52.8;0.0
09;2021-08-12;527;655;0;97650;81128;1;64.1;53.2;0.0
09;2021-08-13;444;574;0;98094;81702;1;64.4;53.6;0.0
09;2021-08-14;282;673;0;98376;82375;1;64.6;54.1;0.0
09;2021-08-15;58;146;0;98434;82521;1;64.6;54.1;0.0
09;2021-08-16;466;553;0;98900;83074;1;64.9;54.5;0.0
09;2021-08-17;601;673;0;99501;83747;1;65.3;55.0;0.0
09;2021-08-18;502;770;0;100003;84517;1;65.6;55.5;0.0
09;2021-08-19;373;602;0;100376;85119;1;65.9;55.9;0.0
09;2021-08-20;338;675;0;100714;85794;1;66.1;56.3;0.0
09;2021-08-21;267;1118;0;100981;86912;1;66.3;57.0;0.0
09;2021-08-22;62;172;0;101043;87084;1;66.3;57.1;0.0
09;2021-08-23;296;684;0;101339;87768;1;66.5;57.6;0.0
09;2021-08-24;356;833;0;101695;88601;1;66.7;58.1;0.0
09;2021-08-25;224;806;0;101919;89407;1;66.9;58.7;0.0
09;2021-08-26;267;813;0;102186;90220;1;67.1;59.2;0.0
09;2021-08-27;224;688;0;102410;90908;1;67.2;59.7;0.0
09;2021-08-28;227;822;0;102637;91730;1;67.3;60.2;0.0
09;2021-08-29;19;138;0;102656;91868;1;67.4;60.3;0.0
09;2021-08-30;244;629;29;102900;92497;30;67.5;60.7;0.0
09;2021-08-31;286;953;69;103186;93450;99;67.7;61.3;0.1
09;2021-09-01;304;640;182;103490;94090;281;67.9;61.7;0.2
09;2021-09-02;153;443;92;103643;94533;373;68.0;62.0;0.2
09;2021-09-03;220;646;122;103863;95179;495;68.2;62.5;0.3
09;2021-09-04;142;416;59;104005;95595;554;68.2;62.7;0.4
09;2021-09-05;23;77;23;104028;95672;577;68.3;62.8;0.4
09;2021-09-06;165;457;121;104193;96129;698;68.4;63.1;0.5
09;2021-09-07;142;494;139;104335;96623;837;68.5;63.4;0.5
09;2021-09-08;178;696;81;104513;97319;918;68.6;63.9;0.6
09;2021-09-09;151;357;110;104664;97676;1028;68.7;64.1;0.7
09;2021-09-10;126;398;41;104790;98074;1069;68.8;64.4;0.7
09;2021-09-11;114;318;75;104904;98392;1144;68.8;64.6;0.8
09;2021-09-12;18;64;8;104922;98456;1152;68.8;64.6;0.8
09;2021-09-13;133;507;132;105055;98963;1284;68.9;64.9;0.8
09;2021-09-14;142;442;162;105197;99405;1446;69.0;65.2;0.9
09;2021-09-15;167;486;125;105364;99891;1571;69.1;65.5;1.0
09;2021-09-16;119;299;170;105483;100190;1741;69.2;65.7;1.1
09;2021-09-17;153;379;115;105636;100569;1856;69.3;66.0;1.2
09;2021-09-18;111;277;72;105747;100846;1928;69.4;66.2;1.3
09;2021-09-19;1;11;0;105748;100857;1928;69.4;66.2;1.3
09;2021-09-20;63;247;124;105811;101104;2052;69.4;66.3;1.3
09;2021-09-21;86;205;127;105897;101309;2179;69.5;66.5;1.4
09;2021-09-22;144;413;120;106041;101722;2299;69.6;66.7;1.5
09;2021-09-23;72;157;116;106113;101879;2415;69.6;66.9;1.6
09;2021-09-24;110;264;97;106223;102143;2512;69.7;67.0;1.6
09;2021-09-25;38;161;42;106261;102304;2554;69.7;67.1;1.7
09;2021-09-26;1;16;3;106262;102320;2557;69.7;67.1;1.7
09;2021-09-27;66;288;88;106328;102608;2645;69.8;67.3;1.7
09;2021-09-28;76;156;156;106404;102764;2801;69.8;67.4;1.8
09;2021-09-29;82;212;113;106486;102976;2914;69.9;67.6;1.9
09;2021-09-30;44;120;286;106530;103096;3200;69.9;67.6;2.1
09;2021-10-01;89;129;89;106619;103225;3289;70.0;67.7;2.2
09;2021-10-02;61;157;56;106680;103382;3345;70.0;67.8;2.2
09;2021-10-03;1;9;0;106681;103391;3345;70.0;67.8;2.2
09;2021-10-04;67;99;134;106748;103490;3479;70.0;67.9;2.3
09;2021-10-05;60;127;212;106808;103617;3691;70.1;68.0;2.4
09;2021-10-06;117;194;186;106925;103811;3877;70.2;68.1;2.5
09;2021-10-07;60;124;201;106985;103935;4078;70.2;68.2;2.7
09;2021-10-08;103;186;143;107088;104121;4221;70.3;68.3;2.8
09;2021-10-09;46;102;62;107134;104223;4283;70.3;68.4;2.8
09;2021-10-10;0;7;9;107134;104230;4292;70.3;68.4;2.8
09;2021-10-11;59;99;150;107193;104329;4442;70.3;68.5;2.9
09;2021-10-12;51;74;152;107244;104403;4594;70.4;68.5;3.0
09;2021-10-13;86;151;182;107330;104554;4776;70.4;68.6;3.1
09;2021-10-14;51;94;142;107381;104648;4918;70.5;68.7;3.2
09;2021-10-15;74;121;212;107455;104769;5130;70.5;68.7;3.4
09;2021-10-16;66;61;104;107521;104830;5234;70.6;68.8;3.4
09;2021-10-17;3;3;7;107524;104833;5241;70.6;68.8;3.4
09;2021-10-18;44;108;175;107568;104941;5416;70.6;68.9;3.6
09;2021-10-19;50;83;135;107618;105024;5551;70.6;68.9;3.6
09;2021-10-20;79;134;265;107697;105158;5816;70.7;69.0;3.8
09;2021-10-21;55;89;158;107752;105247;5974;70.7;69.1;3.9
09;2021-10-22;51;87;177;107803;105334;6151;70.7;69.1;4.0
09;2021-10-23;42;64;176;107845;105398;6327;70.8;69.2;4.2
09;2021-10-24;0;0;17;107845;105398;6344;70.8;69.2;4.2
09;2021-10-25;43;63;225;107888;105461;6569;70.8;69.2;4.3
09;2021-10-26;44;55;196;107932;105516;6765;70.8;69.2;4.4
09;2021-10-27;57;137;289;107989;105653;7054;70.9;69.3;4.6
09;2021-10-28;61;64;273;108050;105717;7327;70.9;69.4;4.8
09;2021-10-29;72;135;269;108122;105852;7596;70.9;69.5;5.0
09;2021-10-30;27;34;85;108149;105886;7681;71.0;69.5;5.0
09;2021-10-31;1;5;0;108150;105891;7681;71.0;69.5;5.0
09;2021-11-01;9;30;32;108159;105921;7713;71.0;69.5;5.1
09;2021-11-02;41;53;190;108200;105974;7903;71.0;69.5;5.2
09;2021-11-03;60;91;350;108260;106065;8253;71.0;69.6;5.4
09;2021-11-04;49;77;351;108309;106142;8604;71.1;69.6;5.6
09;2021-11-05;61;104;371;108370;106246;8975;71.1;69.7;5.9
09;2021-11-06;58;59;286;108428;106305;9261;71.1;69.8;6.1
09;2021-11-07;5;7;23;108433;106312;9284;71.2;69.8;6.1
09;2021-11-08;44;53;320;108477;106365;9604;71.2;69.8;6.3
09;2021-11-09;62;66;500;108539;106431;10104;71.2;69.8;6.6
09;2021-11-10;65;88;490;108604;106519;10594;71.3;69.9;7.0
09;2021-11-11;6;6;78;108610;106525;10672;71.3;69.9;7.0
09;2021-11-12;48;63;444;108658;106588;11116;71.3;69.9;7.3
09;2021-11-13;24;39;200;108682;106627;11316;71.3;70.0;7.4
09;2021-11-14;0;3;2;108682;106630;11318;71.3;70.0;7.4
09;2021-11-15;37;55;431;108719;106685;11749;71.3;70.0;7.7
09;2021-11-16;33;47;534;108752;106732;12283;71.4;70.0;8.1
09;2021-11-17;70;59;646;108822;106791;12929;71.4;70.1;8.5
09;2021-11-18;33;63;608;108855;106854;13537;71.4;70.1;8.9
09;2021-11-19;56;53;618;108911;106907;14155;71.5;70.1;9.3
09;2021-11-20;61;44;307;108972;106951;14462;71.5;70.2;9.5
09;2021-11-21;0;3;5;108972;106954;14467;71.5;70.2;9.5
09;2021-11-22;47;71;527;109019;107025;14994;71.5;70.2;9.8
09;2021-11-23;77;46;608;109096;107071;15602;71.6;70.3;10.2
09;2021-11-24;60;82;576;109156;107153;16178;71.6;70.3;10.6
09;2021-11-25;59;55;734;109215;107208;16912;71.7;70.3;11.1
09;2021-11-26;82;80;791;109297;107288;17703;71.7;70.4;11.6
09;2021-11-27;44;41;360;109341;107329;18063;71.7;70.4;11.9
09;2021-11-28;3;3;32;109344;107332;18095;71.7;70.4;11.9
09;2021-11-29;57;51;683;109401;107383;18778;71.8;70.5;12.3
09;2021-11-30;75;67;1160;109476;107450;19938;71.8;70.5;13.1
09;2021-12-01;38;56;985;109514;107506;20923;71.9;70.5;13.7
09;2021-12-02;66;47;1302;109580;107553;22225;71.9;70.6;14.6
09;2021-12-03;55;45;1149;109635;107598;23374;71.9;70.6;15.3
09;2021-12-04;43;41;465;109678;107639;23839;72.0;70.6;15.6
09;2021-12-05;2;4;196;109680;107643;24035;72.0;70.6;15.8
09;2021-12-06;40;44;903;109720;107687;24938;72.0;70.7;16.4
09;2021-12-07;53;43;1452;109773;107730;26390;72.0;70.7;17.3
09;2021-12-08;81;64;1339;109854;107794;27729;72.1;70.7;18.2
09;2021-12-09;73;62;1553;109927;107856;29282;72.1;70.8;19.2
09;2021-12-10;60;58;1622;109987;107914;30904;72.2;70.8;20.3
09;2021-12-11;72;30;1603;110059;107944;32507;72.2;70.8;21.3
09;2021-12-12;5;13;801;110064;107957;33308;72.2;70.8;21.9
09;2021-12-13;48;62;1166;110112;108019;34474;72.3;70.9;22.6
09;2021-12-14;68;82;1629;110180;108101;36103;72.3;70.9;23.7
09;2021-12-15;81;94;1467;110261;108195;37570;72.4;71.0;24.7
09;2021-12-16;83;69;1941;110344;108264;39511;72.4;71.0;25.9
09;2021-12-17;94;99;1554;110438;108363;41065;72.5;71.1;26.9
09;2021-12-18;73;56;1538;110511;108419;42603;72.5;71.1;28.0
09;2021-12-19;21;25;1012;110532;108444;43615;72.5;71.2;28.6
09;2021-12-20;93;74;1361;110625;108518;44976;72.6;71.2;29.5
09;2021-12-21;101;78;1374;110726;108596;46350;72.7;71.3;30.4
09;2021-12-22;80;78;1232;110806;108674;47582;72.7;71.3;31.2
09;2021-12-23;94;54;1103;110900;108728;48685;72.8;71.3;31.9
09;2021-12-24;10;14;133;110910;108742;48818;72.8;71.4;32.0
09;2021-12-25;0;0;8;110910;108742;48826;72.8;71.4;32.0
09;2021-12-26;18;11;93;110928;108753;48919;72.8;71.4;32.1
10;2020-12-27;0;0;0;0;0;0;0.0;0.0;0.0
10;2020-12-28;0;0;0;0;0;0;0.0;0.0;0.0
10;2020-12-29;0;0;0;0;0;0;0.0;0.0;0.0
10;2020-12-30;0;0;0;0;0;0;0.0;0.0;0.0
10;2020-12-31;0;0;0;0;0;0;0.0;0.0;0.0
10;2021-01-01;0;0;0;0;0;0;0.0;0.0;0.0
10;2021-01-02;1;0;0;1;0;0;0.0;0.0;0.0
10;2021-01-03;0;0;0;1;0;0;0.0;0.0;0.0
10;2021-01-04;0;0;0;1;0;0;0.0;0.0;0.0
10;2021-01-05;2;0;0;3;0;0;0.0;0.0;0.0
10;2021-01-06;1;0;0;4;0;0;0.0;0.0;0.0
10;2021-01-07;77;0;0;81;0;0;0.0;0.0;0.0
10;2021-01-08;237;0;0;318;0;0;0.1;0.0;0.0
10;2021-01-09;2;0;0;320;0;0;0.1;0.0;0.0
10;2021-01-10;1;0;0;321;0;0;0.1;0.0;0.0
10;2021-01-11;112;0;0;433;0;0;0.1;0.0;0.0
10;2021-01-12;182;0;0;615;0;0;0.2;0.0;0.0
10;2021-01-13;306;1;0;921;1;0;0.3;0.0;0.0
10;2021-01-14;368;9;0;1289;10;0;0.4;0.0;0.0
10;2021-01-15;367;3;0;1656;13;0;0.5;0.0;0.0
10;2021-01-16;56;0;0;1712;13;0;0.6;0.0;0.0
10;2021-01-17;0;0;0;1712;13;0;0.6;0.0;0.0
10;2021-01-18;625;3;0;2337;16;0;0.8;0.0;0.0
10;2021-01-19;1317;6;0;3654;22;0;1.2;0.0;0.0
10;2021-01-20;1093;8;0;4747;30;0;1.5;0.0;0.0
10;2021-01-21;1119;2;0;5866;32;0;1.9;0.0;0.0
10;2021-01-22;778;2;0;6644;34;0;2.1;0.0;0.0
10;2021-01-23;313;0;0;6957;34;0;2.2;0.0;0.0
10;2021-01-24;0;0;0;6957;34;0;2.2;0.0;0.0
10;2021-01-25;446;7;0;7403;41;0;2.4;0.0;0.0
10;2021-01-26;492;14;0;7895;55;0;2.5;0.0;0.0
10;2021-01-27;454;15;0;8349;70;0;2.7;0.0;0.0
10;2021-01-28;362;47;0;8711;117;0;2.8;0.0;0.0
10;2021-01-29;417;177;0;9128;294;0;2.9;0.1;0.0
10;2021-01-30;33;0;0;9161;294;0;3.0;0.1;0.0
10;2021-01-31;0;0;0;9161;294;0;3.0;0.1;0.0
10;2021-02-01;397;139;0;9558;433;0;3.1;0.1;0.0
10;2021-02-02;183;147;0;9741;580;0;3.1;0.2;0.0
10;2021-02-03;351;188;0;10092;768;0;3.3;0.2;0.0
10;2021-02-04;342;249;0;10434;1017;0;3.4;0.3;0.0
10;2021-02-05;309;308;0;10743;1325;0;3.5;0.4;0.0
10;2021-02-06;6;37;0;10749;1362;0;3.5;0.4;0.0
10;2021-02-07;0;0;0;10749;1362;0;3.5;0.4;0.0
10;2021-02-08;179;392;0;10928;1754;0;3.5;0.6;0.0
10;2021-02-09;454;575;0;11382;2329;0;3.7;0.8;0.0
10;2021-02-10;632;491;0;12014;2820;0;3.9;0.9;0.0
10;2021-02-11;729;577;0;12743;3397;0;4.1;1.1;0.0
10;2021-02-12;570;501;0;13313;3898;0;4.3;1.3;0.0
10;2021-02-13;34;113;0;13347;4011;0;4.3;1.3;0.0
10;2021-02-14;3;2;0;13350;4013;0;4.3;1.3;0.0
10;2021-02-15;137;444;0;13487;4457;0;4.4;1.4;0.0
10;2021-02-16;112;545;0;13599;5002;0;4.4;1.6;0.0
10;2021-02-17;138;599;0;13737;5601;0;4.4;1.8;0.0
10;2021-02-18;213;559;0;13950;6160;0;4.5;2.0;0.0
10;2021-02-19;190;450;0;14140;6610;0;4.6;2.1;0.0
10;2021-02-20;24;193;0;14164;6803;0;4.6;2.2;0.0
10;2021-02-21;0;0;0;14164;6803;0;4.6;2.2;0.0
10;2021-02-22;83;445;0;14247;7248;0;4.6;2.3;0.0
10;2021-02-23;86;553;0;14333;7801;0;4.6;2.5;0.0
10;2021-02-24;125;376;0;14458;8177;0;4.7;2.6;0.0
10;2021-02-25;340;379;0;14798;8556;0;4.8;2.8;0.0
10;2021-02-26;350;283;0;15148;8839;0;4.9;2.9;0.0
10;2021-02-27;255;124;0;15403;8963;0;5.0;2.9;0.0
10;2021-02-28;0;1;0;15403;8964;0;5.0;2.9;0.0
10;2021-03-01;258;324;0;15661;9288;0;5.1;3.0;0.0
10;2021-03-02;437;352;0;16098;9640;0;5.2;3.1;0.0
10;2021-03-03;465;572;0;16563;10212;0;5.3;3.3;0.0
10;2021-03-04;588;470;0;17151;10682;0;5.5;3.4;0.0
10;2021-03-05;678;269;0;17829;10951;0;5.8;3.5;0.0
10;2021-03-06;921;43;0;18750;10994;0;6.1;3.5;0.0
10;2021-03-07;744;6;0;19494;11000;0;6.3;3.5;0.0
10;2021-03-08;507;435;0;20001;11435;0;6.5;3.7;0.0
10;2021-03-09;644;400;0;20645;11835;0;6.7;3.8;0.0
10;2021-03-10;656;359;0;21301;12194;0;6.9;3.9;0.0
10;2021-03-11;1122;225;0;22423;12419;0;7.2;4.0;0.0
10;2021-03-12;1274;246;0;23697;12665;0;7.6;4.1;0.0
10;2021-03-13;881;34;0;24578;12699;0;7.9;4.1;0.0
10;2021-03-14;1326;20;0;25904;12719;0;8.4;4.1;0.0
10;2021-03-15;810;76;0;26714;12795;0;8.6;4.1;0.0
10;2021-03-16;681;64;0;27395;12859;0;8.8;4.1;0.0
10;2021-03-17;770;67;0;28165;12926;0;9.1;4.2;0.0
10;2021-03-18;832;74;0;28997;13000;0;9.4;4.2;0.0
10;2021-03-19;916;76;0;29913;13076;0;9.7;4.2;0.0
10;2021-03-20;536;16;0;30449;13092;0;9.8;4.2;0.0
10;2021-03-21;1767;43;0;32216;13135;0;10.4;4.2;0.0
10;2021-03-22;816;71;0;33032;13206;0;10.7;4.3;0.0
10;2021-03-23;1181;93;0;34213;13299;0;11.0;4.3;0.0
10;2021-03-24;1272;62;0;35485;13361;0;11.5;4.3;0.0
10;2021-03-25;1606;211;0;37091;13572;0;12.0;4.4;0.0
10;2021-03-26;1380;121;0;38471;13693;0;12.4;4.4;0.0
10;2021-03-27;781;75;0;39252;13768;0;12.7;4.4;0.0
10;2021-03-28;1197;29;0;40449;13797;0;13.1;4.5;0.0
10;2021-03-29;653;304;0;41102;14101;0;13.3;4.6;0.0
10;2021-03-30;916;372;0;42018;14473;0;13.6;4.7;0.0
10;2021-03-31;625;360;0;42643;14833;0;13.8;4.8;0.0
10;2021-04-01;896;669;0;43539;15502;0;14.0;5.0;0.0
10;2021-04-02;1077;582;0;44616;16084;0;14.4;5.2;0.0
10;2021-04-03;560;554;0;45176;16638;0;14.6;5.4;0.0
10;2021-04-04;1747;248;0;46923;16886;0;15.1;5.4;0.0
10;2021-04-05;1733;43;0;48656;16929;0;15.7;5.5;0.0
10;2021-04-06;525;627;0;49181;17556;0;15.9;5.7;0.0
10;2021-04-07;580;524;0;49761;18080;0;16.1;5.8;0.0
10;2021-04-08;1058;582;0;50819;18662;0;16.4;6.0;0.0
10;2021-04-09;1143;585;0;51962;19247;0;16.8;6.2;0.0
10;2021-04-10;1726;344;0;53688;19591;0;17.3;6.3;0.0
10;2021-04-11;70;1226;0;53758;20817;0;17.3;6.7;0.0
10;2021-04-12;984;782;0;54742;21599;0;17.7;7.0;0.0
10;2021-04-13;1459;872;0;56201;22471;0;18.1;7.3;0.0
10;2021-04-14;851;597;0;57052;23068;0;18.4;7.4;0.0
10;2021-04-15;1415;847;0;58467;23915;0;18.9;7.7;0.0
10;2021-04-16;1106;678;0;59573;24593;0;19.2;7.9;0.0
10;2021-04-17;2233;353;0;61806;24946;0;19.9;8.0;0.0
10;2021-04-18;1336;1713;0;63142;26659;0;20.4;8.6;0.0
10;2021-04-19;828;773;0;63970;27432;0;20.6;8.9;0.0
10;2021-04-20;557;951;0;64527;28383;0;20.8;9.2;0.0
10;2021-04-21;614;969;0;65141;29352;0;21.0;9.5;0.0
10;2021-04-22;891;942;0;66032;30294;0;21.3;9.8;0.0
10;2021-04-23;2024;755;0;68056;31049;0;22.0;10.0;0.0
10;2021-04-24;2090;400;0;70146;31449;0;22.6;10.1;0.0
10;2021-04-25;1868;1178;0;72014;32627;0;23.2;10.5;0.0
10;2021-04-26;715;636;0;72729;33263;0;23.5;10.7;0.0
10;2021-04-27;851;544;0;73580;33807;0;23.7;10.9;0.0
10;2021-04-28;861;400;0;74441;34207;0;24.0;11.0;0.0
10;2021-04-29;1435;677;0;75876;34884;0;24.5;11.3;0.0
10;2021-04-30;2083;784;0;77959;35668;0;25.2;11.5;0.0
10;2021-05-01;1847;2041;0;79806;37709;0;25.8;12.2;0.0
10;2021-05-02;1833;1810;0;81639;39519;0;26.3;12.8;0.0
10;2021-05-03;568;478;0;82207;39997;0;26.5;12.9;0.0
10;2021-05-04;1078;1241;0;83285;41238;0;26.9;13.3;0.0
10;2021-05-05;1708;1005;0;84993;42243;0;27.4;13.6;0.0
10;2021-05-06;2195;952;0;87188;43195;0;28.1;13.9;0.0
10;2021-05-07;2152;1104;0;89340;44299;0;28.8;14.3;0.0
10;2021-05-08;2166;892;0;91506;45191;0;29.5;14.6;0.0
10;2021-05-09;1884;106;0;93390;45297;0;30.1;14.6;0.0
10;2021-05-10;536;1093;0;93926;46390;0;30.3;15.0;0.0
10;2021-05-11;1056;1029;0;94982;47419;0;30.6;15.3;0.0
10;2021-05-12;1966;869;0;96948;48288;0;31.3;15.6;0.0
10;2021-05-13;2078;419;0;99026;48707;0;32.0;15.7;0.0
10;2021-05-14;2516;643;0;101542;49350;0;32.8;15.9;0.0
10;2021-05-15;2250;1902;0;103792;51252;0;33.5;16.5;0.0
10;2021-05-16;1886;1351;0;105678;52603;0;34.1;17.0;0.0
10;2021-05-17;1421;446;0;107099;53049;0;34.6;17.1;0.0
10;2021-05-18;2384;594;0;109483;53643;0;35.3;17.3;0.0
10;2021-05-19;1518;630;0;111001;54273;0;35.8;17.5;0.0
10;2021-05-20;1784;819;0;112785;55092;0;36.4;17.8;0.0
10;2021-05-21;2175;608;0;114960;55700;0;37.1;18.0;0.0
10;2021-05-22;2019;407;0;116979;56107;0;37.7;18.1;0.0
10;2021-05-23;1550;125;0;118529;56232;0;38.2;18.1;0.0
10;2021-05-24;1692;162;0;120221;56394;0;38.8;18.2;0.0
10;2021-05-25;1753;486;0;121974;56880;0;39.4;18.4;0.0
10;2021-05-26;1493;416;0;123467;57296;0;39.8;18.5;0.0
10;2021-05-27;1515;723;0;124982;58019;0;40.3;18.7;0.0
10;2021-05-28;1580;1143;0;126562;59162;0;40.8;19.1;0.0
10;2021-05-29;1849;615;0;128411;59777;0;41.4;19.3;0.0
10;2021-05-30;893;126;0;129304;59903;0;41.7;19.3;0.0
10;2021-05-31;1015;745;0;130319;60648;0;42.1;19.6;0.0
10;2021-06-01;1123;860;0;131442;61508;0;42.4;19.8;0.0
10;2021-06-02;1026;698;0;132468;62206;0;42.7;20.1;0.0
10;2021-06-03;1364;1029;0;133832;63235;0;43.2;20.4;0.0
10;2021-06-04;1728;2468;0;135560;65703;0;43.7;21.2;0.0
10;2021-06-05;1363;2255;0;136923;67958;0;44.2;21.9;0.0
10;2021-06-06;932;1740;0;137855;69698;0;44.5;22.5;0.0
10;2021-06-07;722;1087;0;138577;70785;0;44.7;22.8;0.0
10;2021-06-08;911;1107;0;139488;71892;0;45.0;23.2;0.0
10;2021-06-09;878;922;0;140366;72814;0;45.3;23.5;0.0
10;2021-06-10;724;1006;0;141090;73820;0;45.5;23.8;0.0
10;2021-06-11;1182;2116;0;142272;75936;0;45.9;24.5;0.0
10;2021-06-12;863;2259;0;143135;78195;0;46.2;25.2;0.0
10;2021-06-13;378;1723;0;143513;79918;0;46.3;25.8;0.0
10;2021-06-14;552;713;0;144065;80631;0;46.5;26.0;0.0
10;2021-06-15;737;2035;0;144802;82666;0;46.7;26.7;0.0
10;2021-06-16;766;1845;0;145568;84511;0;47.0;27.3;0.0
10;2021-06-17;857;2358;0;146425;86869;0;47.2;28.0;0.0
10;2021-06-18;1046;2472;0;147471;89341;0;47.6;28.8;0.0
10;2021-06-19;982;2423;0;148453;91764;0;47.9;29.6;0.0
10;2021-06-20;518;1491;0;148971;93255;0;48.1;30.1;0.0
10;2021-06-21;651;1030;0;149622;94285;0;48.3;30.4;0.0
10;2021-06-22;705;1501;1;150327;95786;1;48.5;30.9;0.0
10;2021-06-23;672;2300;0;150999;98086;1;48.7;31.7;0.0
10;2021-06-24;790;2473;0;151789;100559;1;49.0;32.4;0.0
10;2021-06-25;721;2873;0;152510;103432;1;49.2;33.4;0.0
10;2021-06-26;504;2522;0;153014;105954;1;49.4;34.2;0.0
10;2021-06-27;405;1787;0;153419;107741;1;49.5;34.8;0.0
10;2021-06-28;632;1660;0;154051;109401;1;49.7;35.3;0.0
10;2021-06-29;619;2535;0;154670;111936;1;49.9;36.1;0.0
10;2021-06-30;574;1540;0;155244;113476;1;50.1;36.6;0.0
10;2021-07-01;583;2024;0;155827;115500;1;50.3;37.3;0.0
10;2021-07-02;705;2579;0;156532;118079;1;50.5;38.1;0.0
10;2021-07-03;529;2390;0;157061;120469;1;50.7;38.9;0.0
10;2021-07-04;400;1526;0;157461;121995;1;50.8;39.4;0.0
10;2021-07-05;667;2045;1;158128;124040;2;51.0;40.0;0.0
10;2021-07-06;676;1900;4;158804;125940;6;51.2;40.6;0.0
10;2021-07-07;660;1633;1;159464;127573;7;51.5;41.2;0.0
10;2021-07-08;750;1422;0;160214;128995;7;51.7;41.6;0.0
10;2021-07-09;812;1896;0;161026;130891;7;52.0;42.2;0.0
10;2021-07-10;637;1870;0;161663;132761;7;52.2;42.8;0.0
10;2021-07-11;490;1257;0;162153;134018;7;52.3;43.2;0.0
10;2021-07-12;776;1586;0;162929;135604;7;52.6;43.8;0.0
10;2021-07-13;1125;1830;0;164054;137434;7;52.9;44.3;0.0
10;2021-07-14;1161;1036;0;165215;138470;7;53.3;44.7;0.0
10;2021-07-15;1438;1993;0;166653;140463;7;53.8;45.3;0.0
10;2021-07-16;1305;2198;0;167958;142661;7;54.2;46.0;0.0
10;2021-07-17;1225;1641;0;169183;144302;7;54.6;46.6;0.0
10;2021-07-18;918;1167;0;170101;145469;7;54.9;46.9;0.0
10;2021-07-19;1360;1599;0;171461;147068;7;55.3;47.5;0.0
10;2021-07-20;1688;1469;0;173149;148537;7;55.9;47.9;0.0
10;2021-07-21;1452;1504;0;174601;150041;7;56.3;48.4;0.0
10;2021-07-22;1924;1598;0;176525;151639;7;57.0;48.9;0.0
10;2021-07-23;1697;1581;0;178222;153220;7;57.5;49.4;0.0
10;2021-07-24;1371;1240;0;179593;154460;7;58.0;49.8;0.0
10;2021-07-25;1223;763;0;180816;155223;7;58.3;50.1;0.0
10;2021-07-26;1807;1309;0;182623;156532;7;58.9;50.5;0.0
10;2021-07-27;2097;1079;0;184720;157611;7;59.6;50.9;0.0
10;2021-07-28;2130;1032;0;186850;158643;7;60.3;51.2;0.0
10;2021-07-29;2300;1161;0;189150;159804;7;61.0;51.6;0.0
10;2021-07-30;2156;1259;0;191306;161063;7;61.7;52.0;0.0
10;2021-07-31;1586;950;0;192892;162013;7;62.2;52.3;0.0
10;2021-08-01;1204;562;0;194096;162575;7;62.6;52.5;0.0
10;2021-08-02;1382;1283;0;195478;163858;7;63.1;52.9;0.0
10;2021-08-03;1524;920;0;197002;164778;7;63.6;53.2;0.0
10;2021-08-04;1307;1071;0;198309;165849;7;64.0;53.5;0.0
10;2021-08-05;1568;1278;0;199877;167127;7;64.5;53.9;0.0
10;2021-08-06;1736;1348;0;201613;168475;7;65.1;54.4;0.0
10;2021-08-07;1107;1083;0;202720;169558;7;65.4;54.7;0.0
10;2021-08-08;637;716;0;203357;170274;7;65.6;54.9;0.0
10;2021-08-09;1265;1453;0;204622;171727;7;66.0;55.4;0.0
10;2021-08-10;1532;1359;0;206154;173086;7;66.5;55.9;0.0
10;2021-08-11;828;1128;0;206982;174214;7;66.8;56.2;0.0
10;2021-08-12;998;1276;0;207980;175490;7;67.1;56.6;0.0
10;2021-08-13;742;1157;0;208722;176647;7;67.3;57.0;0.0
10;2021-08-14;587;1198;0;209309;177845;7;67.5;57.4;0.0
10;2021-08-15;270;771;0;209579;178616;7;67.6;57.6;0.0
10;2021-08-16;663;1589;0;210242;180205;7;67.8;58.1;0.0
10;2021-08-17;769;1727;0;211011;181932;7;68.1;58.7;0.0
10;2021-08-18;702;1612;0;211713;183544;7;68.3;59.2;0.0
10;2021-08-19;530;1543;0;212243;185087;7;68.5;59.7;0.0
10;2021-08-20;585;1765;0;212828;186852;7;68.7;60.3;0.0
10;2021-08-21;439;1410;0;213267;188262;7;68.8;60.7;0.0
10;2021-08-22;199;1011;0;213466;189273;7;68.9;61.1;0.0
10;2021-08-23;475;1603;0;213941;190876;7;69.0;61.6;0.0
10;2021-08-24;617;1721;0;214558;192597;7;69.2;62.1;0.0
10;2021-08-25;473;1389;0;215031;193986;7;69.4;62.6;0.0
10;2021-08-26;437;1511;0;215468;195497;7;69.5;63.1;0.0
10;2021-08-27;589;1636;0;216057;197133;7;69.7;63.6;0.0
10;2021-08-28;383;1306;0;216440;198439;7;69.8;64.0;0.0
10;2021-08-29;222;910;0;216662;199349;7;69.9;64.3;0.0
10;2021-08-30;417;1422;15;217079;200771;22;70.0;64.8;0.0
10;2021-08-31;471;1400;24;217550;202171;46;70.2;65.2;0.0
10;2021-09-01;335;1111;101;217885;203282;147;70.3;65.6;0.0
10;2021-09-02;283;937;177;218168;204219;324;70.4;65.9;0.1
10;2021-09-03;431;1074;158;218599;205293;482;70.5;66.2;0.2
10;2021-09-04;332;1023;83;218931;206316;565;70.6;66.6;0.2
10;2021-09-05;161;360;56;219092;206676;621;70.7;66.7;0.2
10;2021-09-06;256;586;166;219348;207262;787;70.8;66.9;0.3
10;2021-09-07;311;581;161;219659;207843;948;70.9;67.1;0.3
10;2021-09-08;272;585;121;219931;208428;1069;71.0;67.3;0.3
10;2021-09-09;314;681;219;220245;209109;1288;71.1;67.5;0.4
10;2021-09-10;411;742;151;220656;209851;1439;71.2;67.7;0.5
10;2021-09-11;273;648;88;220929;210499;1527;71.3;67.9;0.5
10;2021-09-12;85;194;20;221014;210693;1547;71.3;68.0;0.5
10;2021-09-13;215;400;216;221229;211093;1763;71.4;68.1;0.6
10;2021-09-14;238;549;426;221467;211642;2189;71.5;68.3;0.7
10;2021-09-15;224;468;308;221691;212110;2497;71.5;68.4;0.8
10;2021-09-16;272;419;335;221963;212529;2832;71.6;68.6;0.9
10;2021-09-17;246;726;242;222209;213255;3074;71.7;68.8;1.0
10;2021-09-18;197;549;71;222406;213804;3145;71.8;69.0;1.0
10;2021-09-19;53;208;34;222459;214012;3179;71.8;69.1;1.0
10;2021-09-20;128;496;241;222587;214508;3420;71.8;69.2;1.1
10;2021-09-21;155;499;239;222742;215007;3659;71.9;69.4;1.2
10;2021-09-22;136;320;195;222878;215327;3854;71.9;69.5;1.2
10;2021-09-23;207;340;279;223085;215667;4133;72.0;69.6;1.3
10;2021-09-24;216;515;251;223301;216182;4384;72.1;69.8;1.4
10;2021-09-25;124;431;80;223425;216613;4464;72.1;69.9;1.4
10;2021-09-26;50;186;24;223475;216799;4488;72.1;70.0;1.4
10;2021-09-27;219;261;216;223694;217060;4704;72.2;70.0;1.5
10;2021-09-28;194;327;381;223888;217387;5085;72.2;70.1;1.6
10;2021-09-29;191;278;204;224079;217665;5289;72.3;70.2;1.7
10;2021-09-30;164;203;225;224243;217868;5514;72.4;70.3;1.8
10;2021-10-01;207;451;276;224450;218319;5790;72.4;70.4;1.9
10;2021-10-02;172;303;139;224622;218622;5929;72.5;70.5;1.9
10;2021-10-03;56;101;25;224678;218723;5954;72.5;70.6;1.9
10;2021-10-04;119;201;250;224797;218924;6204;72.5;70.6;2.0
10;2021-10-05;112;216;353;224909;219140;6557;72.6;70.7;2.1
10;2021-10-06;126;209;195;225035;219349;6752;72.6;70.8;2.2
10;2021-10-07;129;309;365;225164;219658;7117;72.7;70.9;2.3
10;2021-10-08;170;269;307;225334;219927;7424;72.7;71.0;2.4
10;2021-10-09;145;246;147;225479;220173;7571;72.8;71.0;2.4
10;2021-10-10;49;78;67;225528;220251;7638;72.8;71.1;2.5
10;2021-10-11;113;192;306;225641;220443;7944;72.8;71.1;2.6
10;2021-10-12;118;190;399;225759;220633;8343;72.8;71.2;2.7
10;2021-10-13;131;187;378;225890;220820;8721;72.9;71.3;2.8
10;2021-10-14;122;207;456;226012;221027;9177;72.9;71.3;3.0
10;2021-10-15;145;287;437;226157;221314;9614;73.0;71.4;3.1
10;2021-10-16;118;187;153;226275;221501;9767;73.0;71.5;3.2
10;2021-10-17;40;50;32;226315;221551;9799;73.0;71.5;3.2
10;2021-10-18;101;161;423;226416;221712;10222;73.1;71.5;3.3
10;2021-10-19;105;196;461;226521;221908;10683;73.1;71.6;3.4
10;2021-10-20;119;180;489;226640;222088;11172;73.1;71.7;3.6
10;2021-10-21;103;220;616;226743;222308;11788;73.2;71.7;3.8
10;2021-10-22;147;225;486;226890;222533;12274;73.2;71.8;4.0
10;2021-10-23;87;185;282;226977;222718;12556;73.2;71.9;4.1
10;2021-10-24;36;43;70;227013;222761;12626;73.3;71.9;4.1
10;2021-10-25;96;124;454;227109;222885;13080;73.3;71.9;4.2
10;2021-10-26;99;124;562;227208;223009;13642;73.3;72.0;4.4
10;2021-10-27;74;132;421;227282;223141;14063;73.3;72.0;4.5
10;2021-10-28;51;94;454;227333;223235;14517;73.4;72.0;4.7
10;2021-10-29;97;172;442;227430;223407;14959;73.4;72.1;4.8
10;2021-10-30;81;119;206;227511;223526;15165;73.4;72.1;4.9
10;2021-10-31;27;44;127;227538;223570;15292;73.4;72.1;4.9
10;2021-11-01;26;18;34;227564;223588;15326;73.4;72.1;4.9
10;2021-11-02;106;132;602;227670;223720;15928;73.5;72.2;5.1
10;2021-11-03;77;117;641;227747;223837;16569;73.5;72.2;5.3
10;2021-11-04;88;96;777;227835;223933;17346;73.5;72.3;5.6
10;2021-11-05;129;184;703;227964;224117;18049;73.6;72.3;5.8
10;2021-11-06;84;116;389;228048;224233;18438;73.6;72.4;5.9
10;2021-11-07;23;48;170;228071;224281;18608;73.6;72.4;6.0
10;2021-11-08;63;95;718;228134;224376;19326;73.6;72.4;6.2
10;2021-11-09;82;130;973;228216;224506;20299;73.6;72.4;6.6
10;2021-11-10;95;143;819;228311;224649;21118;73.7;72.5;6.8
10;2021-11-11;6;6;39;228317;224655;21157;73.7;72.5;6.8
10;2021-11-12;101;138;719;228418;224793;21876;73.7;72.5;7.1
10;2021-11-13;83;92;663;228501;224885;22539;73.7;72.6;7.3
10;2021-11-14;34;45;260;228535;224930;22799;73.7;72.6;7.4
10;2021-11-15;78;115;933;228613;225045;23732;73.8;72.6;7.7
10;2021-11-16;81;108;1196;228694;225153;24928;73.8;72.7;8.0
10;2021-11-17;100;100;991;228794;225253;25919;73.8;72.7;8.4
10;2021-11-18;62;99;1028;228856;225352;26947;73.8;72.7;8.7
10;2021-11-19;127;147;1058;228983;225499;28005;73.9;72.8;9.0
10;2021-11-20;109;151;964;229092;225650;28969;73.9;72.8;9.3
10;2021-11-21;48;35;250;229140;225685;29219;73.9;72.8;9.4
10;2021-11-22;79;71;832;229219;225756;30051;74.0;72.8;9.7
10;2021-11-23;86;95;1308;229305;225851;31359;74.0;72.9;10.1
10;2021-11-24;106;96;1004;229411;225947;32363;74.0;72.9;10.4
10;2021-11-25;90;72;1247;229501;226019;33610;74.1;72.9;10.8
10;2021-11-26;143;167;1663;229644;226186;35273;74.1;73.0;11.4
10;2021-11-27;131;117;1498;229775;226303;36771;74.1;73.0;11.9
10;2021-11-28;43;32;519;229818;226335;37290;74.2;73.0;12.0
10;2021-11-29;79;86;2084;229897;226421;39374;74.2;73.1;12.7
10;2021-11-30;126;102;2680;230023;226523;42054;74.2;73.1;13.6
10;2021-12-01;96;86;2273;230119;226609;44327;74.3;73.1;14.3
10;2021-12-02;82;60;2844;230201;226669;47171;74.3;73.1;15.2
10;2021-12-03;111;107;2903;230312;226776;50074;74.3;73.2;16.2
10;2021-12-04;106;102;2065;230418;226878;52139;74.4;73.2;16.8
10;2021-12-05;46;41;1165;230464;226919;53304;74.4;73.2;17.2
10;2021-12-06;71;88;2759;230535;227007;56063;74.4;73.3;18.1
10;2021-12-07;95;88;3684;230630;227095;59747;74.4;73.3;19.3
10;2021-12-08;102;105;2686;230732;227200;62433;74.5;73.3;20.1
10;2021-12-09;87;101;3434;230819;227301;65867;74.5;73.3;21.3
10;2021-12-10;88;114;3777;230907;227415;69644;74.5;73.4;22.5
10;2021-12-11;108;120;2780;231015;227535;72424;74.5;73.4;23.4
10;2021-12-12;24;44;1413;231039;227579;73837;74.6;73.4;23.8
10;2021-12-13;77;107;3370;231116;227686;77207;74.6;73.5;24.9
10;2021-12-14;71;106;3836;231187;227792;81043;74.6;73.5;26.2
10;2021-12-15;66;132;3192;231253;227924;84235;74.6;73.5;27.2
10;2021-12-16;85;89;3342;231338;228013;87577;74.6;73.6;28.3
10;2021-12-17;122;129;3867;231460;228142;91444;74.7;73.6;29.5
10;2021-12-18;90;128;2618;231550;228270;94062;74.7;73.7;30.4
10;2021-12-19;50;54;1685;231600;228324;95747;74.7;73.7;30.9
10;2021-12-20;128;125;3020;231728;228449;98767;74.8;73.7;31.9
10;2021-12-21;143;155;3429;231871;228604;102196;74.8;73.8;33.0
10;2021-12-22;102;111;2441;231973;228715;104637;74.9;73.8;33.8
10;2021-12-23;104;89;2119;232077;228804;106756;74.9;73.8;34.4
10;2021-12-24;11;16;235;232088;228820;106991;74.9;73.8;34.5
10;2021-12-25;0;2;22;232088;228822;107013;74.9;73.8;34.5
10;2021-12-26;4;4;42;232092;228826;107055;74.9;73.8;34.5
11;2020-12-27;0;0;0;0;0;0;0.0;0.0;0.0
11;2020-12-28;0;0;0;0;0;0;0.0;0.0;0.0
11;2020-12-29;0;0;0;0;0;0;0.0;0.0;0.0
11;2020-12-30;0;0;0;0;0;0;0.0;0.0;0.0
11;2020-12-31;0;0;0;0;0;0;0.0;0.0;0.0
11;2021-01-01;1;0;0;1;0;0;0.0;0.0;0.0
11;2021-01-02;3;0;0;4;0;0;0.0;0.0;0.0
11;2021-01-03;0;0;0;4;0;0;0.0;0.0;0.0
11;2021-01-04;1;0;0;5;0;0;0.0;0.0;0.0
11;2021-01-05;89;1;0;94;1;0;0.0;0.0;0.0
11;2021-01-06;27;0;0;121;1;0;0.0;0.0;0.0
11;2021-01-07;115;0;0;236;1;0;0.1;0.0;0.0
11;2021-01-08;98;1;0;334;2;0;0.1;0.0;0.0
11;2021-01-09;85;0;0;419;2;0;0.1;0.0;0.0
11;2021-01-10;68;0;0;487;2;0;0.1;0.0;0.0
11;2021-01-11;149;0;0;636;2;0;0.2;0.0;0.0
11;2021-01-12;506;3;0;1142;5;0;0.3;0.0;0.0
11;2021-01-13;412;1;0;1554;6;0;0.4;0.0;0.0
11;2021-01-14;612;8;0;2166;14;0;0.6;0.0;0.0
11;2021-01-15;327;3;0;2493;17;0;0.7;0.0;0.0
11;2021-01-16;79;1;0;2572;18;0;0.7;0.0;0.0
11;2021-01-17;49;2;0;2621;20;0;0.7;0.0;0.0
11;2021-01-18;468;1;0;3089;21;0;0.8;0.0;0.0
11;2021-01-19;631;11;0;3720;32;0;1.0;0.0;0.0
11;2021-01-20;777;7;0;4497;39;0;1.2;0.0;0.0
11;2021-01-21;742;5;0;5239;44;0;1.4;0.0;0.0
11;2021-01-22;649;3;0;5888;47;0;1.6;0.0;0.0
11;2021-01-23;253;2;0;6141;49;0;1.6;0.0;0.0
11;2021-01-24;178;2;0;6319;51;0;1.7;0.0;0.0
11;2021-01-25;457;14;0;6776;65;0;1.8;0.0;0.0
11;2021-01-26;922;80;0;7698;145;0;2.1;0.0;0.0
11;2021-01-27;868;25;0;8566;170;0;2.3;0.0;0.0
11;2021-01-28;747;70;0;9313;240;0;2.5;0.1;0.0
11;2021-01-29;559;122;0;9872;362;0;2.6;0.1;0.0
11;2021-01-30;174;8;0;10046;370;0;2.7;0.1;0.0
11;2021-01-31;114;1;0;10160;371;0;2.7;0.1;0.0
11;2021-02-01;408;199;0;10568;570;0;2.8;0.2;0.0
11;2021-02-02;522;384;0;11090;954;0;3.0;0.3;0.0
11;2021-02-03;487;348;0;11577;1302;0;3.1;0.3;0.0
11;2021-02-04;498;488;0;12075;1790;0;3.2;0.5;0.0
11;2021-02-05;429;335;0;12504;2125;0;3.4;0.6;0.0
11;2021-02-06;238;61;0;12742;2186;0;3.4;0.6;0.0
11;2021-02-07;122;21;0;12864;2207;0;3.5;0.6;0.0
11;2021-02-08;377;207;0;13241;2414;0;3.6;0.6;0.0
11;2021-02-09;368;322;0;13609;2736;0;3.7;0.7;0.0
11;2021-02-10;414;451;0;14023;3187;0;3.8;0.9;0.0
11;2021-02-11;580;652;0;14603;3839;0;3.9;1.0;0.0
11;2021-02-12;483;416;0;15086;4255;0;4.0;1.1;0.0
11;2021-02-13;192;146;0;15278;4401;0;4.1;1.2;0.0
11;2021-02-14;73;60;0;15351;4461;0;4.1;1.2;0.0
11;2021-02-15;262;270;0;15613;4731;0;4.2;1.3;0.0
11;2021-02-16;304;555;0;15917;5286;0;4.3;1.4;0.0
11;2021-02-17;467;666;0;16384;5952;0;4.4;1.6;0.0
11;2021-02-18;469;599;0;16853;6551;0;4.5;1.8;0.0
11;2021-02-19;336;566;0;17189;7117;0;4.6;1.9;0.0
11;2021-02-20;153;126;0;17342;7243;0;4.7;1.9;0.0
11;2021-02-21;62;61;0;17404;7304;0;4.7;2.0;0.0
11;2021-02-22;141;404;0;17545;7708;0;4.7;2.1;0.0
11;2021-02-23;311;427;0;17856;8135;0;4.8;2.2;0.0
11;2021-02-24;272;443;0;18128;8578;0;4.9;2.3;0.0
11;2021-02-25;595;465;0;18723;9043;0;5.0;2.4;0.0
11;2021-02-26;591;414;0;19314;9457;0;5.2;2.5;0.0
11;2021-02-27;337;148;0;19651;9605;0;5.3;2.6;0.0
11;2021-02-28;101;54;0;19752;9659;0;5.3;2.6;0.0
11;2021-03-01;344;335;0;20096;9994;0;5.4;2.7;0.0
11;2021-03-02;554;396;0;20650;10390;0;5.5;2.8;0.0
11;2021-03-03;614;431;0;21264;10821;0;5.7;2.9;0.0
11;2021-03-04;1076;403;0;22340;11224;0;6.0;3.0;0.0
11;2021-03-05;1015;425;0;23355;11649;0;6.3;3.1;0.0
11;2021-03-06;1095;202;0;24450;11851;0;6.6;3.2;0.0
11;2021-03-07;708;39;0;25158;11890;0;6.8;3.2;0.0
11;2021-03-08;428;362;0;25586;12252;0;6.9;3.3;0.0
11;2021-03-09;1004;416;0;26590;12668;0;7.1;3.4;0.0
11;2021-03-10;1193;536;0;27783;13204;0;7.5;3.5;0.0
11;2021-03-11;1569;464;0;29352;13668;0;7.9;3.7;0.0
11;2021-03-12;1476;440;0;30828;14108;0;8.3;3.8;0.0
11;2021-03-13;1155;223;0;31983;14331;0;8.6;3.8;0.0
11;2021-03-14;523;54;0;32506;14385;0;8.7;3.9;0.0
11;2021-03-15;706;247;0;33212;14632;0;8.9;3.9;0.0
11;2021-03-16;853;206;0;34065;14838;0;9.1;4.0;0.0
11;2021-03-17;916;231;0;34981;15069;0;9.4;4.0;0.0
11;2021-03-18;1125;307;0;36106;15376;0;9.7;4.1;0.0
11;2021-03-19;1330;245;0;37436;15621;0;10.0;4.2;0.0
11;2021-03-20;766;164;0;38202;15785;0;10.2;4.2;0.0
11;2021-03-21;218;67;0;38420;15852;0;10.3;4.3;0.0
11;2021-03-22;788;241;0;39208;16093;0;10.5;4.3;0.0
11;2021-03-23;1769;389;0;40977;16482;0;11.0;4.4;0.0
11;2021-03-24;1794;324;0;42771;16806;0;11.5;4.5;0.0
11;2021-03-25;2154;345;0;44925;17151;0;12.1;4.6;0.0
11;2021-03-26;2074;447;0;46999;17598;0;12.6;4.7;0.0
11;2021-03-27;1143;152;0;48142;17750;0;12.9;4.8;0.0
11;2021-03-28;255;50;0;48397;17800;0;13.0;4.8;0.0
11;2021-03-29;1156;244;0;49553;18044;0;13.3;4.8;0.0
11;2021-03-30;1988;330;0;51541;18374;0;13.8;4.9;0.0
11;2021-03-31;1623;385;0;53164;18759;0;14.3;5.0;0.0
11;2021-04-01;2125;440;0;55289;19199;0;14.8;5.2;0.0
11;2021-04-02;1627;447;0;56916;19646;0;15.3;5.3;0.0
11;2021-04-03;722;152;0;57638;19798;0;15.5;5.3;0.0
11;2021-04-04;215;80;0;57853;19878;0;15.5;5.3;0.0
11;2021-04-05;272;14;0;58125;19892;0;15.6;5.3;0.0
11;2021-04-06;1633;576;0;59758;20468;0;16.0;5.5;0.0
11;2021-04-07;1818;611;0;61576;21079;0;16.5;5.7;0.0
11;2021-04-08;1909;676;0;63485;21755;0;17.0;5.8;0.0
11;2021-04-09;2328;622;0;65813;22377;0;17.7;6.0;0.0
11;2021-04-10;1168;209;0;66981;22586;0;18.0;6.1;0.0
11;2021-04-11;594;129;0;67575;22715;0;18.1;6.1;0.0
11;2021-04-12;1591;580;0;69166;23295;0;18.6;6.3;0.0
11;2021-04-13;2310;861;0;71476;24156;0;19.2;6.5;0.0
11;2021-04-14;1735;1021;0;73211;25177;0;19.6;6.8;0.0
11;2021-04-15;1943;1095;0;75154;26272;0;20.2;7.0;0.0
11;2021-04-16;1923;844;0;77077;27116;0;20.7;7.3;0.0
11;2021-04-17;1698;541;0;78775;27657;0;21.1;7.4;0.0
11;2021-04-18;167;147;0;78942;27804;0;21.2;7.5;0.0
11;2021-04-19;1368;714;0;80310;28518;0;21.5;7.7;0.0
11;2021-04-20;1698;1229;0;82008;29747;0;22.0;8.0;0.0
11;2021-04-21;1766;1242;0;83774;30989;0;22.5;8.3;0.0
11;2021-04-22;1814;1285;0;85588;32274;0;23.0;8.7;0.0
11;2021-04-23;1986;1199;0;87574;33473;0;23.5;9.0;0.0
11;2021-04-24;1693;434;0;89267;33907;0;24.0;9.1;0.0
11;2021-04-25;697;173;0;89964;34080;0;24.1;9.1;0.0
11;2021-04-26;1355;810;0;91319;34890;0;24.5;9.4;0.0
11;2021-04-27;1843;1501;0;93162;36391;0;25.0;9.8;0.0
11;2021-04-28;1939;1387;0;95101;37778;0;25.5;10.1;0.0
11;2021-04-29;2206;1656;0;97307;39434;0;26.1;10.6;0.0
11;2021-04-30;2100;1403;0;99407;40837;0;26.7;11.0;0.0
11;2021-05-01;1337;359;0;100744;41196;0;27.0;11.1;0.0
11;2021-05-02;649;345;0;101393;41541;0;27.2;11.1;0.0
11;2021-05-03;1552;762;0;102945;42303;0;27.6;11.4;0.0
11;2021-05-04;1907;1525;0;104852;43828;0;28.1;11.8;0.0
11;2021-05-05;1896;1542;0;106748;45370;0;28.6;12.2;0.0
11;2021-05-06;2129;1545;0;108877;46915;0;29.2;12.6;0.0
11;2021-05-07;2088;1607;0;110965;48522;0;29.8;13.0;0.0
11;2021-05-08;919;735;0;111884;49257;0;30.0;13.2;0.0
11;2021-05-09;668;585;0;112552;49842;0;30.2;13.4;0.0
11;2021-05-10;1407;1673;0;113959;51515;0;30.6;13.8;0.0
11;2021-05-11;2162;1935;0;116121;53450;0;31.2;14.3;0.0
11;2021-05-12;2034;1663;0;118155;55113;0;31.7;14.8;0.0
11;2021-05-13;1517;437;0;119672;55550;0;32.1;14.9;0.0
11;2021-05-14;1751;1186;0;121423;56736;0;32.6;15.2;0.0
11;2021-05-15;1310;864;0;122733;57600;0;32.9;15.5;0.0
11;2021-05-16;972;207;0;123705;57807;0;33.2;15.5;0.0
11;2021-05-17;1638;1037;0;125343;58844;0;33.6;15.8;0.0
11;2021-05-18;2152;1179;0;127495;60023;0;34.2;16.1;0.0
11;2021-05-19;2094;1127;0;129589;61150;0;34.8;16.4;0.0
11;2021-05-20;2280;1126;0;131869;62276;0;35.4;16.7;0.0
11;2021-05-21;2501;1125;0;134370;63401;0;36.1;17.0;0.0
11;2021-05-22;1680;659;0;136050;64060;0;36.5;17.2;0.0
11;2021-05-23;863;85;0;136913;64145;0;36.7;17.2;0.0
11;2021-05-24;1494;226;0;138407;64371;0;37.1;17.3;0.0
11;2021-05-25;1927;1356;0;140334;65727;0;37.7;17.6;0.0
11;2021-05-26;2035;1291;0;142369;67018;0;38.2;18.0;0.0
11;2021-05-27;2088;1714;0;144457;68732;0;38.8;18.4;0.0
11;2021-05-28;1814;1873;0;146271;70605;0;39.2;18.9;0.0
11;2021-05-29;1410;1559;0;147681;72164;0;39.6;19.4;0.0
11;2021-05-30;561;418;0;148242;72582;0;39.8;19.5;0.0
11;2021-05-31;1343;1605;0;149585;74187;0;40.1;19.9;0.0
11;2021-06-01;1860;1897;0;151445;76084;0;40.6;20.4;0.0
11;2021-06-02;1754;2107;0;153199;78191;0;41.1;21.0;0.0
11;2021-06-03;2555;2452;0;155754;80643;0;41.8;21.6;0.0
11;2021-06-04;2091;2615;0;157845;83258;0;42.4;22.3;0.0
11;2021-06-05;1504;1837;0;159349;85095;0;42.8;22.8;0.0
11;2021-06-06;811;869;0;160160;85964;0;43.0;23.1;0.0
11;2021-06-07;1494;1727;0;161654;87691;0;43.4;23.5;0.0
11;2021-06-08;1996;1979;0;163650;89670;0;43.9;24.1;0.0
11;2021-06-09;1799;2178;0;165449;91848;0;44.4;24.6;0.0
11;2021-06-10;1791;2330;0;167240;94178;0;44.9;25.3;0.0
11;2021-06-11;1847;2442;0;169087;96620;0;45.4;25.9;0.0
11;2021-06-12;1327;1595;0;170414;98215;0;45.7;26.4;0.0
11;2021-06-13;683;722;0;171097;98937;0;45.9;26.5;0.0
11;2021-06-14;1072;2035;0;172169;100972;0;46.2;27.1;0.0
11;2021-06-15;1360;2644;0;173529;103616;0;46.6;27.8;0.0
11;2021-06-16;1337;2486;0;174866;106102;0;46.9;28.5;0.0
11;2021-06-17;1460;2497;0;176326;108599;0;47.3;29.1;0.0
11;2021-06-18;1514;2528;0;177840;111127;0;47.7;29.8;0.0
11;2021-06-19;1156;1428;0;178996;112555;0;48.0;30.2;0.0
11;2021-06-20;308;644;0;179304;113199;0;48.1;30.4;0.0
11;2021-06-21;804;2175;0;180108;115374;0;48.3;31.0;0.0
11;2021-06-22;1012;2703;0;181120;118077;0;48.6;31.7;0.0
11;2021-06-23;1082;2222;0;182202;120299;0;48.9;32.3;0.0
11;2021-06-24;899;2309;0;183101;122608;0;49.1;32.9;0.0
11;2021-06-25;967;2623;0;184068;125231;0;49.4;33.6;0.0
11;2021-06-26;720;1754;0;184788;126985;0;49.6;34.1;0.0
11;2021-06-27;228;779;0;185016;127764;0;49.6;34.3;0.0
11;2021-06-28;699;2377;0;185715;130141;0;49.8;34.9;0.0
11;2021-06-29;904;2675;0;186619;132816;0;50.1;35.6;0.0
11;2021-06-30;873;2656;0;187492;135472;0;50.3;36.3;0.0
11;2021-07-01;975;2001;0;188467;137473;0;50.6;36.9;0.0
11;2021-07-02;1013;2673;0;189480;140146;0;50.8;37.6;0.0
11;2021-07-03;668;1898;0;190148;142044;0;51.0;38.1;0.0
11;2021-07-04;331;1165;0;190479;143209;0;51.1;38.4;0.0
11;2021-07-05;708;2187;0;191187;145396;0;51.3;39.0;0.0
11;2021-07-06;941;2505;0;192128;147901;0;51.5;39.7;0.0
11;2021-07-07;928;2546;0;193056;150447;0;51.8;40.4;0.0
11;2021-07-08;1171;1929;0;194227;152376;0;52.1;40.9;0.0
11;2021-07-09;856;1850;0;195083;154226;0;52.3;41.4;0.0
11;2021-07-10;394;1318;0;195477;155544;0;52.4;41.7;0.0
11;2021-07-11;328;623;0;195805;156167;0;52.5;41.9;0.0
11;2021-07-12;520;2611;0;196325;158778;0;52.7;42.6;0.0
11;2021-07-13;1387;2973;0;197712;161751;0;53.0;43.4;0.0
11;2021-07-14;352;298;0;198064;162049;0;53.1;43.5;0.0
11;2021-07-15;1577;2885;0;199641;164934;0;53.6;44.3;0.0
11;2021-07-16;1929;2735;0;201570;167669;0;54.1;45.0;0.0
11;2021-07-17;1103;2075;0;202673;169744;0;54.4;45.5;0.0
11;2021-07-18;662;895;0;203335;170639;0;54.6;45.8;0.0
11;2021-07-19;1370;2022;0;204705;172661;0;54.9;46.3;0.0
11;2021-07-20;2023;2328;0;206728;174989;0;55.5;47.0;0.0
11;2021-07-21;2026;2429;0;208754;177418;0;56.0;47.6;0.0
11;2021-07-22;2308;1907;0;211062;179325;0;56.6;48.1;0.0
11;2021-07-23;2187;2227;0;213249;181552;0;57.2;48.7;0.0
11;2021-07-24;1408;1592;0;214657;183144;0;57.6;49.1;0.0
11;2021-07-25;823;682;0;215480;183826;0;57.8;49.3;0.0
11;2021-07-26;1659;1377;0;217139;185203;0;58.3;49.7;0.0
11;2021-07-27;2324;1895;0;219463;187098;0;58.9;50.2;0.0
11;2021-07-28;2452;1847;0;221915;188945;0;59.5;50.7;0.0
11;2021-07-29;2666;1680;0;224581;190625;0;60.3;51.1;0.0
11;2021-07-30;2483;1692;0;227064;192317;0;60.9;51.6;0.0
11;2021-07-31;1894;1030;0;228958;193347;0;61.4;51.9;0.0
11;2021-08-01;997;466;0;229955;193813;0;61.7;52.0;0.0
11;2021-08-02;1585;1016;0;231540;194829;0;62.1;52.3;0.0
11;2021-08-03;2257;1453;0;233797;196282;0;62.7;52.7;0.0
11;2021-08-04;2373;1148;1;236170;197430;1;63.4;53.0;0.0
11;2021-08-05;2190;1234;0;238360;198664;1;64.0;53.3;0.0
11;2021-08-06;2059;1506;0;240419;200170;1;64.5;53.7;0.0
11;2021-08-07;1543;1088;0;241962;201258;1;64.9;54.0;0.0
11;2021-08-08;528;238;0;242490;201496;1;65.1;54.1;0.0
11;2021-08-09;1005;1390;0;243495;202886;1;65.3;54.4;0.0
11;2021-08-10;1618;1787;0;245113;204673;1;65.8;54.9;0.0
11;2021-08-11;1533;1597;0;246646;206270;1;66.2;55.3;0.0
11;2021-08-12;1547;1712;0;248193;207982;1;66.6;55.8;0.0
11;2021-08-13;1203;1579;0;249396;209561;1;66.9;56.2;0.0
11;2021-08-14;896;1497;0;250292;211058;1;67.2;56.6;0.0
11;2021-08-15;129;154;0;250421;211212;1;67.2;56.7;0.0
11;2021-08-16;695;1875;0;251116;213087;1;67.4;57.2;0.0
11;2021-08-17;978;2190;0;252094;215277;1;67.6;57.8;0.0
11;2021-08-18;1011;1928;1;253105;217205;2;67.9;58.3;0.0
11;2021-08-19;936;2192;0;254041;219397;2;68.2;58.9;0.0
11;2021-08-20;919;2183;0;254960;221580;2;68.4;59.5;0.0
11;2021-08-21;512;1725;0;255472;223305;2;68.5;59.9;0.0
11;2021-08-22;164;530;0;255636;223835;2;68.6;60.1;0.0
11;2021-08-23;499;1765;0;256135;225600;2;68.7;60.5;0.0
11;2021-08-24;763;2150;0;256898;227750;2;68.9;61.1;0.0
11;2021-08-25;750;2102;0;257648;229852;2;69.1;61.7;0.0
11;2021-08-26;686;1966;0;258334;231818;2;69.3;62.2;0.0
11;2021-08-27;669;2169;0;259003;233987;2;69.5;62.8;0.0
11;2021-08-28;408;1715;0;259411;235702;2;69.6;63.2;0.0
11;2021-08-29;145;505;0;259556;236207;2;69.6;63.4;0.0
11;2021-08-30;446;1316;21;260002;237523;23;69.8;63.7;0.0
11;2021-08-31;585;1816;85;260587;239339;108;69.9;64.2;0.0
11;2021-09-01;638;1644;99;261225;240983;207;70.1;64.7;0.1
11;2021-09-02;574;1570;181;261799;242553;388;70.2;65.1;0.1
11;2021-09-03;536;1513;174;262335;244066;562;70.4;65.5;0.2
11;2021-09-04;476;1433;82;262811;245499;644;70.5;65.9;0.2
11;2021-09-05;149;220;48;262960;245719;692;70.6;65.9;0.2
11;2021-09-06;309;693;186;263269;246412;878;70.6;66.1;0.2
11;2021-09-07;366;896;225;263635;247308;1103;70.7;66.4;0.3
11;2021-09-08;456;1151;175;264091;248459;1278;70.9;66.7;0.3
11;2021-09-09;390;854;205;264481;249313;1483;71.0;66.9;0.4
11;2021-09-10;404;967;199;264885;250280;1682;71.1;67.2;0.5
11;2021-09-11;380;974;84;265265;251254;1766;71.2;67.4;0.5
11;2021-09-12;65;118;18;265330;251372;1784;71.2;67.4;0.5
11;2021-09-13;241;562;361;265571;251934;2145;71.3;67.6;0.6
11;2021-09-14;362;626;433;265933;252560;2578;71.4;67.8;0.7
11;2021-09-15;373;957;254;266306;253517;2832;71.5;68.0;0.8
11;2021-09-16;322;563;617;266628;254080;3449;71.5;68.2;0.9
11;2021-09-17;317;670;261;266945;254750;3710;71.6;68.4;1.0
11;2021-09-18;293;755;149;267238;255505;3859;71.7;68.6;1.0
11;2021-09-19;63;113;28;267301;255618;3887;71.7;68.6;1.0
11;2021-09-20;172;367;387;267473;255985;4274;71.8;68.7;1.1
11;2021-09-21;272;411;287;267745;256396;4561;71.8;68.8;1.2
11;2021-09-22;213;741;394;267958;257137;4955;71.9;69.0;1.3
11;2021-09-23;184;406;350;268142;257543;5305;71.9;69.1;1.4
11;2021-09-24;251;506;565;268393;258049;5870;72.0;69.2;1.6
11;2021-09-25;227;630;115;268620;258679;5985;72.1;69.4;1.6
11;2021-09-26;36;133;32;268656;258812;6017;72.1;69.4;1.6
11;2021-09-27;123;386;303;268779;259198;6320;72.1;69.5;1.7
11;2021-09-28;212;356;300;268991;259554;6620;72.2;69.6;1.8
11;2021-09-29;233;541;355;269224;260095;6975;72.2;69.8;1.9
11;2021-09-30;189;354;320;269413;260449;7295;72.3;69.9;2.0
11;2021-10-01;259;384;464;269672;260833;7759;72.4;70.0;2.1
11;2021-10-02;221;456;136;269893;261289;7895;72.4;70.1;2.1
11;2021-10-03;6;15;1;269899;261304;7896;72.4;70.1;2.1
11;2021-10-04;157;303;309;270056;261607;8205;72.5;70.2;2.2
11;2021-10-05;182;320;467;270238;261927;8672;72.5;70.3;2.3
11;2021-10-06;259;443;470;270497;262370;9142;72.6;70.4;2.5
11;2021-10-07;163;302;413;270660;262672;9555;72.6;70.5;2.6
11;2021-10-08;245;424;473;270905;263096;10028;72.7;70.6;2.7
11;2021-10-09;150;363;203;271055;263459;10231;72.7;70.7;2.7
11;2021-10-10;9;7;0;271064;263466;10231;72.7;70.7;2.7
11;2021-10-11;138;252;287;271202;263718;10518;72.8;70.8;2.8
11;2021-10-12;154;308;446;271356;264026;10964;72.8;70.8;2.9
11;2021-10-13;218;295;482;271574;264321;11446;72.9;70.9;3.1
11;2021-10-14;181;248;485;271755;264569;11931;72.9;71.0;3.2
11;2021-10-15;251;327;571;272006;264896;12502;73.0;71.1;3.4
11;2021-10-16;187;258;181;272193;265154;12683;73.0;71.1;3.4
11;2021-10-17;17;28;13;272210;265182;12696;73.0;71.2;3.4
11;2021-10-18;110;157;274;272320;265339;12970;73.1;71.2;3.5
11;2021-10-19;113;192;471;272433;265531;13441;73.1;71.2;3.6
11;2021-10-20;209;287;678;272642;265818;14119;73.2;71.3;3.8
11;2021-10-21;101;219;527;272743;266037;14646;73.2;71.4;3.9
11;2021-10-22;205;321;797;272948;266358;15443;73.2;71.5;4.1
11;2021-10-23;171;254;363;273119;266612;15806;73.3;71.5;4.2
11;2021-10-24;13;10;2;273132;266622;15808;73.3;71.5;4.2
11;2021-10-25;141;156;601;273273;266778;16409;73.3;71.6;4.4
11;2021-10-26;100;157;489;273373;266935;16898;73.3;71.6;4.5
11;2021-10-27;170;254;755;273543;267189;17653;73.4;71.7;4.7
11;2021-10-28;125;148;613;273668;267337;18266;73.4;71.7;4.9
11;2021-10-29;110;185;766;273778;267522;19032;73.5;71.8;5.1
11;2021-10-30;112;183;320;273890;267705;19352;73.5;71.8;5.2
11;2021-10-31;11;13;0;273901;267718;19352;73.5;71.8;5.2
11;2021-11-01;11;5;4;273912;267723;19356;73.5;71.8;5.2
11;2021-11-02;113;150;670;274025;267873;20026;73.5;71.9;5.4
11;2021-11-03;179;270;1166;274204;268143;21192;73.6;71.9;5.7
11;2021-11-04;148;153;699;274352;268296;21891;73.6;72.0;5.9
11;2021-11-05;109;198;912;274461;268494;22803;73.6;72.0;6.1
11;2021-11-06;133;223;426;274594;268717;23229;73.7;72.1;6.2
11;2021-11-07;11;17;8;274605;268734;23237;73.7;72.1;6.2
11;2021-11-08;107;136;731;274712;268870;23968;73.7;72.1;6.4
11;2021-11-09;82;139;1125;274794;269009;25093;73.7;72.2;6.7
11;2021-11-10;166;276;1312;274960;269285;26405;73.8;72.3;7.1
11;2021-11-11;8;12;19;274968;269297;26424;73.8;72.3;7.1
11;2021-11-12;106;158;989;275074;269455;27413;73.8;72.3;7.4
11;2021-11-13;88;140;483;275162;269595;27896;73.8;72.3;7.5
11;2021-11-14;9;4;18;275171;269599;27914;73.8;72.3;7.5
11;2021-11-15;59;131;728;275230;269730;28642;73.8;72.4;7.7
11;2021-11-16;111;134;1541;275341;269864;30183;73.9;72.4;8.1
11;2021-11-17;127;218;1573;275468;270082;31756;73.9;72.5;8.5
11;2021-11-18;156;178;1683;275624;270260;33439;74.0;72.5;9.0
11;2021-11-19;151;142;1619;275775;270402;35058;74.0;72.6;9.4
11;2021-11-20;96;162;419;275871;270564;35477;74.0;72.6;9.5
11;2021-11-21;23;17;166;275894;270581;35643;74.0;72.6;9.6
11;2021-11-22;99;85;926;275993;270666;36569;74.1;72.6;9.8
11;2021-11-23;155;112;1759;276148;270778;38328;74.1;72.7;10.3
11;2021-11-24;171;174;1493;276319;270952;39821;74.1;72.7;10.7
11;2021-11-25;165;170;1843;276484;271122;41664;74.2;72.7;11.2
11;2021-11-26;202;177;2376;276686;271299;44040;74.2;72.8;11.8
11;2021-11-27;94;143;1143;276780;271442;45183;74.3;72.8;12.1
11;2021-11-28;18;13;89;276798;271455;45272;74.3;72.8;12.1
11;2021-11-29;93;92;1744;276891;271547;47016;74.3;72.9;12.6
11;2021-11-30;153;147;2892;277044;271694;49908;74.3;72.9;13.4
11;2021-12-01;151;190;2943;277195;271884;52851;74.4;72.9;14.2
11;2021-12-02;102;113;3393;277297;271997;56244;74.4;73.0;15.1
11;2021-12-03;145;159;3734;277442;272156;59978;74.4;73.0;16.1
11;2021-12-04;89;81;1762;277531;272237;61740;74.5;73.0;16.6
11;2021-12-05;14;23;94;277545;272260;61834;74.5;73.0;16.6
11;2021-12-06;80;79;2392;277625;272339;64226;74.5;73.1;17.2
11;2021-12-07;115;169;4034;277740;272508;68260;74.5;73.1;18.3
11;2021-12-08;151;189;4335;277891;272697;72595;74.6;73.2;19.5
11;2021-12-09;135;155;4497;278026;272852;77092;74.6;73.2;20.7
11;2021-12-10;152;170;4728;278178;273022;81820;74.6;73.3;22.0
11;2021-12-11;114;165;2832;278292;273187;84652;74.7;73.3;22.7
11;2021-12-12;22;34;433;278314;273221;85085;74.7;73.3;22.8
11;2021-12-13;95;123;3043;278409;273344;88128;74.7;73.3;23.6
11;2021-12-14;175;165;4639;278584;273509;92767;74.7;73.4;24.9
11;2021-12-15;233;209;5029;278817;273718;97796;74.8;73.4;26.2
11;2021-12-16;189;200;5291;279006;273918;103087;74.9;73.5;27.7
11;2021-12-17;202;238;4830;279208;274156;107917;74.9;73.6;29.0
11;2021-12-18;160;117;2759;279368;274273;110676;75.0;73.6;29.7
11;2021-12-19;40;25;659;279408;274298;111335;75.0;73.6;29.9
11;2021-12-20;146;156;3209;279554;274454;114544;75.0;73.6;30.7
11;2021-12-21;275;242;4262;279829;274696;118806;75.1;73.7;31.9
11;2021-12-22;290;202;4090;280119;274898;122896;75.2;73.8;33.0
11;2021-12-23;195;188;2740;280314;275086;125636;75.2;73.8;33.7
11;2021-12-24;30;40;307;280344;275126;125943;75.2;73.8;33.8
11;2021-12-25;2;3;19;280346;275129;125962;75.2;73.8;33.8
11;2021-12-26;12;6;96;280358;275135;126058;75.2;73.8;33.8
12;2020-12-27;1;0;0;1;0;0;0.0;0.0;0.0
12;2020-12-28;0;0;0;1;0;0;0.0;0.0;0.0
12;2020-12-29;0;0;0;1;0;0;0.0;0.0;0.0
12;2020-12-30;0;0;0;1;0;0;0.0;0.0;0.0
12;2020-12-31;0;0;0;1;0;0;0.0;0.0;0.0
12;2021-01-01;2;0;0;3;0;0;0.0;0.0;0.0
12;2021-01-02;0;0;0;3;0;0;0.0;0.0;0.0
12;2021-01-03;0;0;0;3;0;0;0.0;0.0;0.0
12;2021-01-04;2;0;0;5;0;0;0.0;0.0;0.0
12;2021-01-05;1;0;0;6;0;0;0.0;0.0;0.0
12;2021-01-06;12;1;0;18;1;0;0.0;0.0;0.0
12;2021-01-07;197;0;0;215;1;0;0.1;0.0;0.0
12;2021-01-08;67;0;0;282;1;0;0.1;0.0;0.0
12;2021-01-09;3;0;0;285;1;0;0.1;0.0;0.0
12;2021-01-10;1;0;0;286;1;0;0.1;0.0;0.0
12;2021-01-11;110;1;0;396;2;0;0.1;0.0;0.0
12;2021-01-12;351;1;0;747;3;0;0.3;0.0;0.0
12;2021-01-13;287;0;0;1034;3;0;0.4;0.0;0.0
12;2021-01-14;564;11;0;1598;14;0;0.6;0.0;0.0
12;2021-01-15;374;7;0;1972;21;0;0.7;0.0;0.0
12;2021-01-16;136;1;0;2108;22;0;0.8;0.0;0.0
12;2021-01-17;1;0;0;2109;22;0;0.8;0.0;0.0
12;2021-01-18;410;0;0;2519;22;0;0.9;0.0;0.0
12;2021-01-19;600;4;0;3119;26;0;1.1;0.0;0.0
12;2021-01-20;881;4;0;4000;30;0;1.4;0.0;0.0
12;2021-01-21;764;1;0;4764;31;0;1.7;0.0;0.0
12;2021-01-22;732;1;0;5496;32;0;2.0;0.0;0.0
12;2021-01-23;390;0;0;5886;32;0;2.1;0.0;0.0
12;2021-01-24;2;0;0;5888;32;0;2.1;0.0;0.0
12;2021-01-25;459;0;0;6347;32;0;2.3;0.0;0.0
12;2021-01-26;654;2;0;7001;34;0;2.5;0.0;0.0
12;2021-01-27;1807;38;0;8808;72;0;3.2;0.0;0.0
12;2021-01-28;1856;228;0;10664;300;0;3.8;0.1;0.0
12;2021-01-29;1253;45;0;11917;345;0;4.3;0.1;0.0
12;2021-01-30;374;3;0;12291;348;0;4.4;0.1;0.0
12;2021-01-31;1;0;0;12292;348;0;4.4;0.1;0.0
12;2021-02-01;343;91;0;12635;439;0;4.5;0.2;0.0
12;2021-02-02;459;247;0;13094;686;0;4.7;0.2;0.0
12;2021-02-03;487;168;0;13581;854;0;4.9;0.3;0.0
12;2021-02-04;463;482;0;14044;1336;0;5.0;0.5;0.0
12;2021-02-05;449;184;0;14493;1520;0;5.2;0.5;0.0
12;2021-02-06;202;67;0;14695;1587;0;5.3;0.6;0.0
12;2021-02-07;11;0;0;14706;1587;0;5.3;0.6;0.0
12;2021-02-08;127;291;0;14833;1878;0;5.3;0.7;0.0
12;2021-02-09;207;343;0;15040;2221;0;5.4;0.8;0.0
12;2021-02-10;431;478;0;15471;2699;0;5.6;1.0;0.0
12;2021-02-11;534;367;0;16005;3066;0;5.7;1.1;0.0
12;2021-02-12;569;324;0;16574;3390;0;6.0;1.2;0.0
12;2021-02-13;153;127;0;16727;3517;0;6.0;1.3;0.0
12;2021-02-14;3;1;0;16730;3518;0;6.0;1.3;0.0
12;2021-02-15;174;364;0;16904;3882;0;6.1;1.4;0.0
12;2021-02-16;159;499;0;17063;4381;0;6.1;1.6;0.0
12;2021-02-17;324;1453;0;17387;5834;0;6.2;2.1;0.0
12;2021-02-18;668;1595;0;18055;7429;0;6.5;2.7;0.0
12;2021-02-19;580;958;0;18635;8387;0;6.7;3.0;0.0
12;2021-02-20;100;386;0;18735;8773;0;6.7;3.2;0.0
12;2021-02-21;0;1;0;18735;8774;0;6.7;3.2;0.0
12;2021-02-22;148;417;0;18883;9191;0;6.8;3.3;0.0
12;2021-02-23;168;543;0;19051;9734;0;6.8;3.5;0.0
12;2021-02-24;127;658;0;19178;10392;0;6.9;3.7;0.0
12;2021-02-25;219;784;0;19397;11176;0;7.0;4.0;0.0
12;2021-02-26;324;643;0;19721;11819;0;7.1;4.2;0.0
12;2021-02-27;180;335;0;19901;12154;0;7.1;4.4;0.0
12;2021-02-28;9;2;0;19910;12156;0;7.2;4.4;0.0
12;2021-03-01;65;351;0;19975;12507;0;7.2;4.5;0.0
12;2021-03-02;218;506;0;20193;13013;0;7.3;4.7;0.0
12;2021-03-03;259;387;0;20452;13400;0;7.3;4.8;0.0
12;2021-03-04;308;365;0;20760;13765;0;7.5;4.9;0.0
12;2021-03-05;447;363;0;21207;14128;0;7.6;5.1;0.0
12;2021-03-06;792;114;0;21999;14242;0;7.9;5.1;0.0
12;2021-03-07;138;32;0;22137;14274;0;8.0;5.1;0.0
12;2021-03-08;254;216;0;22391;14490;0;8.0;5.2;0.0
12;2021-03-09;742;274;0;23133;14764;0;8.3;5.3;0.0
12;2021-03-10;786;717;0;23919;15481;0;8.6;5.6;0.0
12;2021-03-11;957;642;0;24876;16123;0;8.9;5.8;0.0
12;2021-03-12;1224;513;0;26100;16636;0;9.4;6.0;0.0
12;2021-03-13;864;126;0;26964;16762;0;9.7;6.0;0.0
12;2021-03-14;43;4;0;27007;16766;0;9.7;6.0;0.0
12;2021-03-15;605;156;0;27612;16922;0;9.9;6.1;0.0
12;2021-03-16;811;152;0;28423;17074;0;10.2;6.1;0.0
12;2021-03-17;1389;179;0;29812;17253;0;10.7;6.2;0.0
12;2021-03-18;978;252;0;30790;17505;0;11.1;6.3;0.0
12;2021-03-19;1328;272;0;32118;17777;0;11.5;6.4;0.0
12;2021-03-20;722;75;0;32840;17852;0;11.8;6.4;0.0
12;2021-03-21;260;10;0;33100;17862;0;11.9;6.4;0.0
12;2021-03-22;610;168;0;33710;18030;0;12.1;6.5;0.0
12;2021-03-23;1203;189;0;34913;18219;0;12.5;6.5;0.0
12;2021-03-24;1369;203;0;36282;18422;0;13.0;6.6;0.0
12;2021-03-25;1776;203;0;38058;18625;0;13.7;6.7;0.0
12;2021-03-26;1922;231;0;39980;18856;0;14.4;6.8;0.0
12;2021-03-27;940;59;0;40920;18915;0;14.7;6.8;0.0
12;2021-03-28;76;7;0;40996;18922;0;14.7;6.8;0.0
12;2021-03-29;1007;95;0;42003;19017;0;15.1;6.8;0.0
12;2021-03-30;1658;134;0;43661;19151;0;15.7;6.9;0.0
12;2021-03-31;1410;124;0;45071;19275;0;16.2;6.9;0.0
12;2021-04-01;1903;187;0;46974;19462;0;16.9;7.0;0.0
12;2021-04-02;1507;346;0;48481;19808;0;17.4;7.1;0.0
12;2021-04-03;820;102;0;49301;19910;0;17.7;7.2;0.0
12;2021-04-04;22;2;0;49323;19912;0;17.7;7.2;0.0
12;2021-04-05;548;12;0;49871;19924;0;17.9;7.2;0.0
12;2021-04-06;1079;543;0;50950;20467;0;18.3;7.4;0.0
12;2021-04-07;1595;629;0;52545;21096;0;18.9;7.6;0.0
12;2021-04-08;1975;578;0;54520;21674;0;19.6;7.8;0.0
12;2021-04-09;1992;645;0;56512;22319;0;20.3;8.0;0.0
12;2021-04-10;1334;203;0;57846;22522;0;20.8;8.1;0.0
12;2021-04-11;126;5;0;57972;22527;0;20.8;8.1;0.0
12;2021-04-12;1726;533;0;59698;23060;0;21.4;8.3;0.0
12;2021-04-13;1860;759;0;61558;23819;0;22.1;8.6;0.0
12;2021-04-14;1764;1211;0;63322;25030;0;22.7;9.0;0.0
12;2021-04-15;1950;883;0;65272;25913;0;23.4;9.3;0.0
12;2021-04-16;1677;1214;0;66949;27127;0;24.1;9.7;0.0
12;2021-04-17;1466;546;0;68415;27673;0;24.6;9.9;0.0
12;2021-04-18;10;2;0;68425;27675;0;24.6;9.9;0.0
12;2021-04-19;1609;556;0;70034;28231;0;25.2;10.1;0.0
12;2021-04-20;1516;977;0;71550;29208;0;25.7;10.5;0.0
12;2021-04-21;1631;1162;0;73181;30370;0;26.3;10.9;0.0
12;2021-04-22;1681;1062;0;74862;31432;0;26.9;11.3;0.0
12;2021-04-23;1366;1295;0;76228;32727;0;27.4;11.8;0.0
12;2021-04-24;1329;676;0;77557;33403;0;27.9;12.0;0.0
12;2021-04-25;72;7;0;77629;33410;0;27.9;12.0;0.0
12;2021-04-26;1353;897;0;78982;34307;0;28.4;12.3;0.0
12;2021-04-27;1261;1250;0;80243;35557;0;28.8;12.8;0.0
12;2021-04-28;1094;1755;0;81337;37312;0;29.2;13.4;0.0
12;2021-04-29;1464;1782;0;82801;39094;0;29.7;14.0;0.0
12;2021-04-30;1749;1714;0;84550;40808;0;30.4;14.7;0.0
12;2021-05-01;1470;255;0;86020;41063;0;30.9;14.8;0.0
12;2021-05-02;95;21;0;86115;41084;0;30.9;14.8;0.0
12;2021-05-03;1669;1156;0;87784;42240;0;31.5;15.2;0.0
12;2021-05-04;1451;1328;0;89235;43568;0;32.1;15.7;0.0
12;2021-05-05;1302;1587;0;90537;45155;0;32.5;16.2;0.0
12;2021-05-06;1729;1369;0;92266;46524;0;33.1;16.7;0.0
12;2021-05-07;1484;1719;0;93750;48243;0;33.7;17.3;0.0
12;2021-05-08;1204;437;0;94954;48680;0;34.1;17.5;0.0
12;2021-05-09;27;42;0;94981;48722;0;34.1;17.5;0.0
12;2021-05-10;796;2134;0;95777;50856;0;34.4;18.3;0.0
12;2021-05-11;883;1827;0;96660;52683;0;34.7;18.9;0.0
12;2021-05-12;934;1796;0;97594;54479;0;35.1;19.6;0.0
12;2021-05-13;1501;789;0;99095;55268;0;35.6;19.9;0.0
12;2021-05-14;1179;1478;0;100274;56746;0;36.0;20.4;0.0
12;2021-05-15;993;1027;0;101267;57773;0;36.4;20.8;0.0
12;2021-05-16;14;19;0;101281;57792;0;36.4;20.8;0.0
12;2021-05-17;979;1737;0;102260;59529;0;36.7;21.4;0.0
12;2021-05-18;1424;1530;0;103684;61059;0;37.2;21.9;0.0
12;2021-05-19;1810;1287;0;105494;62346;0;37.9;22.4;0.0
12;2021-05-20;2208;928;0;107702;63274;0;38.7;22.7;0.0
12;2021-05-21;1759;1228;0;109461;64502;0;39.3;23.2;0.0
12;2021-05-22;1138;929;0;110599;65431;0;39.7;23.5;0.0
12;2021-05-23;39;16;0;110638;65447;0;39.7;23.5;0.0
12;2021-05-24;1723;500;0;112361;65947;0;40.4;23.7;0.0
12;2021-05-25;1681;1153;0;114042;67100;0;41.0;24.1;0.0
12;2021-05-26;1878;780;0;115920;67880;0;41.6;24.4;0.0
12;2021-05-27;2039;756;0;117959;68636;0;42.4;24.7;0.0
12;2021-05-28;1876;1047;0;119835;69683;0;43.1;25.0;0.0
12;2021-05-29;1531;774;0;121366;70457;0;43.6;25.3;0.0
12;2021-05-30;107;39;0;121473;70496;0;43.6;25.3;0.0
12;2021-05-31;1638;822;0;123111;71318;0;44.2;25.6;0.0
12;2021-06-01;1825;1047;0;124936;72365;0;44.9;26.0;0.0
12;2021-06-02;1919;1073;0;126855;73438;0;45.6;26.4;0.0
12;2021-06-03;2020;884;0;128875;74322;0;46.3;26.7;0.0
12;2021-06-04;1901;1341;0;130776;75663;0;47.0;27.2;0.0
12;2021-06-05;1577;904;0;132353;76567;0;47.5;27.5;0.0
12;2021-06-06;44;23;0;132397;76590;0;47.6;27.5;0.0
12;2021-06-07;1088;1737;0;133485;78327;0;48.0;28.1;0.0
12;2021-06-08;1364;1189;0;134849;79516;0;48.4;28.6;0.0
12;2021-06-09;993;1248;0;135842;80764;0;48.8;29.0;0.0
12;2021-06-10;1053;895;0;136895;81659;0;49.2;29.3;0.0
12;2021-06-11;1196;1990;0;138091;83649;0;49.6;30.1;0.0
12;2021-06-12;970;1263;0;139061;84912;0;50.0;30.5;0.0
12;2021-06-13;39;62;0;139100;84974;0;50.0;30.5;0.0
12;2021-06-14;695;1782;0;139795;86756;0;50.2;31.2;0.0
12;2021-06-15;782;1840;0;140577;88596;0;50.5;31.8;0.0
12;2021-06-16;857;1749;0;141434;90345;0;50.8;32.5;0.0
12;2021-06-17;693;997;0;142127;91342;0;51.1;32.8;0.0
12;2021-06-18;1097;1759;0;143224;93101;0;51.5;33.4;0.0
12;2021-06-19;858;1296;0;144082;94397;0;51.8;33.9;0.0
12;2021-06-20;17;24;0;144099;94421;0;51.8;33.9;0.0
12;2021-06-21;520;1642;0;144619;96063;0;52.0;34.5;0.0
12;2021-06-22;508;1475;0;145127;97538;0;52.1;35.0;0.0
12;2021-06-23;586;1296;0;145713;98834;0;52.3;35.5;0.0
12;2021-06-24;273;609;0;145986;99443;0;52.4;35.7;0.0
12;2021-06-25;805;1773;0;146791;101216;0;52.7;36.4;0.0
12;2021-06-26;620;1436;0;147411;102652;0;53.0;36.9;0.0
12;2021-06-27;14;28;0;147425;102680;0;53.0;36.9;0.0
12;2021-06-28;467;2379;0;147892;105059;0;53.1;37.7;0.0
12;2021-06-29;545;1924;0;148437;106983;0;53.3;38.4;0.0
12;2021-06-30;789;2079;0;149226;109062;0;53.6;39.2;0.0
12;2021-07-01;357;1100;0;149583;110162;0;53.7;39.6;0.0
12;2021-07-02;747;2487;0;150330;112649;0;54.0;40.5;0.0
12;2021-07-03;547;1770;0;150877;114419;0;54.2;41.1;0.0
12;2021-07-04;13;33;0;150890;114452;0;54.2;41.1;0.0
12;2021-07-05;439;2292;0;151329;116744;0;54.4;41.9;0.0
12;2021-07-06;628;2413;0;151957;119157;0;54.6;42.8;0.0
12;2021-07-07;678;2068;0;152635;121225;0;54.8;43.5;0.0
12;2021-07-08;315;933;0;152950;122158;0;54.9;43.9;0.0
12;2021-07-09;694;2504;0;153644;124662;0;55.2;44.8;0.0
12;2021-07-10;451;1973;0;154095;126635;0;55.4;45.5;0.0
12;2021-07-11;28;100;0;154123;126735;0;55.4;45.5;0.0
12;2021-07-12;535;2326;0;154658;129061;0;55.6;46.4;0.0
12;2021-07-13;821;2512;0;155479;131573;0;55.9;47.3;0.0
12;2021-07-14;111;69;0;155590;131642;0;55.9;47.3;0.0
12;2021-07-15;835;2037;0;156425;133679;0;56.2;48.0;0.0
12;2021-07-16;1173;2444;0;157598;136123;0;56.6;48.9;0.0
12;2021-07-17;727;1878;0;158325;138001;0;56.9;49.6;0.0
12;2021-07-18;52;52;0;158377;138053;0;56.9;49.6;0.0
12;2021-07-19;1226;1953;0;159603;140006;0;57.3;50.3;0.0
12;2021-07-20;1401;1452;0;161004;141458;0;57.8;50.8;0.0
12;2021-07-21;1086;1033;0;162090;142491;0;58.2;51.2;0.0
12;2021-07-22;2109;1310;0;164199;143801;0;59.0;51.7;0.0
12;2021-07-23;1770;1931;0;165969;145732;0;59.6;52.4;0.0
12;2021-07-24;1529;1436;0;167498;147168;0;60.2;52.9;0.0
12;2021-07-25;170;51;0;167668;147219;0;60.2;52.9;0.0
12;2021-07-26;1721;1319;0;169389;148538;0;60.9;53.4;0.0
12;2021-07-27;2130;1020;0;171519;149558;0;61.6;53.7;0.0
12;2021-07-28;1674;713;0;173193;150271;0;62.2;54.0;0.0
12;2021-07-29;1212;744;0;174405;151015;0;62.7;54.3;0.0
12;2021-07-30;2282;1223;0;176687;152238;0;63.5;54.7;0.0
12;2021-07-31;1751;906;0;178438;153144;0;64.1;55.0;0.0
12;2021-08-01;209;52;0;178647;153196;0;64.2;55.0;0.0
12;2021-08-02;1631;757;0;180278;153953;0;64.8;55.3;0.0
12;2021-08-03;1815;716;0;182093;154669;0;65.4;55.6;0.0
12;2021-08-04;1645;756;0;183738;155425;0;66.0;55.8;0.0
12;2021-08-05;1523;656;0;185261;156081;0;66.6;56.1;0.0
12;2021-08-06;1616;1161;0;186877;157242;0;67.1;56.5;0.0
12;2021-08-07;1286;653;0;188163;157895;0;67.6;56.7;0.0
12;2021-08-08;29;35;0;188192;157930;0;67.6;56.7;0.0
12;2021-08-09;1233;1183;0;189425;159113;0;68.1;57.2;0.0
12;2021-08-10;1222;1156;0;190647;160269;0;68.5;57.6;0.0
12;2021-08-11;823;1133;0;191470;161402;0;68.8;58.0;0.0
12;2021-08-12;742;1075;0;192212;162477;0;69.1;58.4;0.0
12;2021-08-13;985;1270;0;193197;163747;0;69.4;58.8;0.0
12;2021-08-14;662;1244;0;193859;164991;0;69.6;59.3;0.0
12;2021-08-15;197;97;0;194056;165088;0;69.7;59.3;0.0
12;2021-08-16;644;1633;0;194700;166721;0;69.9;59.9;0.0
12;2021-08-17;820;1849;0;195520;168570;0;70.2;60.6;0.0
12;2021-08-18;479;1458;0;195999;170028;0;70.4;61.1;0.0
12;2021-08-19;637;1073;0;196636;171101;0;70.6;61.5;0.0
12;2021-08-20;738;1779;0;197374;172880;0;70.9;62.1;0.0
12;2021-08-21;475;1434;0;197849;174314;0;71.1;62.6;0.0
12;2021-08-22;84;66;0;197933;174380;0;71.1;62.6;0.0
12;2021-08-23;435;1813;0;198368;176193;0;71.3;63.3;0.0
12;2021-08-24;484;1825;0;198852;178018;0;71.4;64.0;0.0
12;2021-08-25;354;1547;0;199206;179565;0;71.6;64.5;0.0
12;2021-08-26;472;1565;0;199678;181130;0;71.7;65.1;0.0
12;2021-08-27;581;1689;0;200259;182819;0;71.9;65.7;0.0
12;2021-08-28;323;1489;0;200582;184308;0;72.1;66.2;0.0
12;2021-08-29;156;149;0;200738;184457;0;72.1;66.3;0.0
12;2021-08-30;533;1803;35;201271;186260;35;72.3;66.9;0.0
12;2021-08-31;430;1300;45;201701;187560;80;72.5;67.4;0.0
12;2021-09-01;412;946;85;202113;188506;165;72.6;67.7;0.1
12;2021-09-02;300;768;90;202413;189274;255;72.7;68.0;0.1
12;2021-09-03;476;1190;194;202889;190464;449;72.9;68.4;0.2
12;2021-09-04;432;1019;101;203321;191483;550;73.0;68.8;0.2
12;2021-09-05;52;170;14;203373;191653;564;73.1;68.9;0.2
12;2021-09-06;236;615;215;203609;192268;779;73.1;69.1;0.3
12;2021-09-07;262;463;195;203871;192731;974;73.2;69.2;0.3
12;2021-09-08;265;506;154;204136;193237;1128;73.3;69.4;0.4
12;2021-09-09;198;445;53;204334;193682;1181;73.4;69.6;0.4
12;2021-09-10;486;973;270;204820;194655;1451;73.6;69.9;0.5
12;2021-09-11;369;880;137;205189;195535;1588;73.7;70.2;0.6
12;2021-09-12;22;75;15;205211;195610;1603;73.7;70.3;0.6
12;2021-09-13;188;391;234;205399;196001;1837;73.8;70.4;0.7
12;2021-09-14;278;367;227;205677;196368;2064;73.9;70.5;0.7
12;2021-09-15;241;439;350;205918;196807;2414;74.0;70.7;0.9
12;2021-09-16;366;417;502;206284;197224;2916;74.1;70.9;1.0
12;2021-09-17;325;518;467;206609;197742;3383;74.2;71.0;1.2
12;2021-09-18;232;679;162;206841;198421;3545;74.3;71.3;1.3
12;2021-09-19;4;22;2;206845;198443;3547;74.3;71.3;1.3
12;2021-09-20;108;437;321;206953;198880;3868;74.3;71.4;1.4
12;2021-09-21;120;253;545;207073;199133;4413;74.4;71.5;1.6
12;2021-09-22;149;561;353;207222;199694;4766;74.4;71.7;1.7
12;2021-09-23;104;186;395;207326;199880;5161;74.5;71.8;1.9
12;2021-09-24;193;540;344;207519;200420;5505;74.6;72.0;2.0
12;2021-09-25;156;640;117;207675;201060;5622;74.6;72.2;2.0
12;2021-09-26;1;11;2;207676;201071;5624;74.6;72.2;2.0
12;2021-09-27;79;259;310;207755;201330;5934;74.6;72.3;2.1
12;2021-09-28;103;259;483;207858;201589;6417;74.7;72.4;2.3
12;2021-09-29;106;320;270;207964;201909;6687;74.7;72.5;2.4
12;2021-09-30;63;141;343;208027;202050;7030;74.7;72.6;2.5
12;2021-10-01;187;410;249;208214;202460;7279;74.8;72.7;2.6
12;2021-10-02;178;454;124;208392;202914;7403;74.9;72.9;2.7
12;2021-10-03;1;9;2;208393;202923;7405;74.9;72.9;2.7
12;2021-10-04;94;190;142;208487;203113;7547;74.9;73.0;2.7
12;2021-10-05;70;199;300;208557;203312;7847;74.9;73.0;2.8
12;2021-10-06;127;253;520;208684;203565;8367;75.0;73.1;3.0
12;2021-10-07;82;309;251;208766;203874;8618;75.0;73.2;3.1
12;2021-10-08;144;380;421;208910;204254;9039;75.1;73.4;3.2
12;2021-10-09;156;322;243;209066;204576;9282;75.1;73.5;3.3
12;2021-10-10;1;9;8;209067;204585;9290;75.1;73.5;3.3
12;2021-10-11;62;113;177;209129;204698;9467;75.1;73.5;3.4
12;2021-10-12;51;118;179;209180;204816;9646;75.1;73.6;3.5
12;2021-10-13;141;276;470;209321;205092;10116;75.2;73.7;3.6
12;2021-10-14;74;140;336;209395;205232;10452;75.2;73.7;3.8
12;2021-10-15;93;188;472;209488;205420;10924;75.3;73.8;3.9
12;2021-10-16;177;234;434;209665;205654;11358;75.3;73.9;4.1
12;2021-10-17;2;8;0;209667;205662;11358;75.3;73.9;4.1
12;2021-10-18;72;97;218;209739;205759;11576;75.3;73.9;4.2
12;2021-10-19;53;82;202;209792;205841;11778;75.4;73.9;4.2
12;2021-10-20;138;190;550;209930;206031;12328;75.4;74.0;4.4
12;2021-10-21;70;52;274;210000;206083;12602;75.4;74.0;4.5
12;2021-10-22;90;119;560;210090;206202;13162;75.5;74.1;4.7
12;2021-10-23;155;235;504;210245;206437;13666;75.5;74.2;4.9
12;2021-10-24;2;4;3;210247;206441;13669;75.5;74.2;4.9
12;2021-10-25;19;32;61;210266;206473;13730;75.5;74.2;4.9
12;2021-10-26;106;124;533;210372;206597;14263;75.6;74.2;5.1
12;2021-10-27;66;103;507;210438;206700;14770;75.6;74.3;5.3
12;2021-10-28;64;66;260;210502;206766;15030;75.6;74.3;5.4
12;2021-10-29;53;104;561;210555;206870;15591;75.6;74.3;5.6
12;2021-10-30;100;166;519;210655;207036;16110;75.7;74.4;5.8
12;2021-10-31;1;1;2;210656;207037;16112;75.7;74.4;5.8
12;2021-11-01;6;6;1;210662;207043;16113;75.7;74.4;5.8
12;2021-11-02;40;54;246;210702;207097;16359;75.7;74.4;5.9
12;2021-11-03;136;204;992;210838;207301;17351;75.7;74.5;6.2
12;2021-11-04;32;67;410;210870;207368;17761;75.8;74.5;6.4
12;2021-11-05;61;84;545;210931;207452;18306;75.8;74.5;6.6
12;2021-11-06;136;178;538;211067;207630;18844;75.8;74.6;6.8
12;2021-11-07;1;4;3;211068;207634;18847;75.8;74.6;6.8
12;2021-11-08;67;94;602;211135;207728;19449;75.8;74.6;7.0
12;2021-11-09;34;60;685;211169;207788;20134;75.9;74.6;7.2
12;2021-11-10;115;152;983;211284;207940;21117;75.9;74.7;7.6
12;2021-11-11;5;2;5;211289;207942;21122;75.9;74.7;7.6
12;2021-11-12;67;85;800;211356;208027;21922;75.9;74.7;7.9
12;2021-11-13;139;173;736;211495;208200;22658;76.0;74.8;8.1
12;2021-11-14;1;2;8;211496;208202;22666;76.0;74.8;8.1
12;2021-11-15;60;60;875;211556;208262;23541;76.0;74.8;8.5
12;2021-11-16;69;81;1377;211625;208343;24918;76.0;74.8;9.0
12;2021-11-17;113;115;1096;211738;208458;26014;76.1;74.9;9.3
12;2021-11-18;65;106;987;211803;208564;27001;76.1;74.9;9.7
12;2021-11-19;78;74;1229;211881;208638;28230;76.1;75.0;10.1
12;2021-11-20;102;116;846;211983;208754;29076;76.2;75.0;10.4
12;2021-11-21;2;5;19;211985;208759;29095;76.2;75.0;10.5
12;2021-11-22;59;42;1144;212044;208801;30239;76.2;75.0;10.9
12;2021-11-23;77;39;1259;212121;208840;31498;76.2;75.0;11.3
12;2021-11-24;95;106;1298;212216;208946;32796;76.2;75.1;11.8
12;2021-11-25;87;81;1459;212303;209027;34255;76.3;75.1;12.3
12;2021-11-26;131;86;1791;212434;209113;36046;76.3;75.1;12.9
12;2021-11-27;72;136;1219;212506;209249;37265;76.3;75.2;13.4
12;2021-11-28;13;7;199;212519;209256;37464;76.3;75.2;13.5
12;2021-11-29;55;56;1546;212574;209312;39010;76.4;75.2;14.0
12;2021-11-30;83;72;2003;212657;209384;41013;76.4;75.2;14.7
12;2021-12-01;80;97;1954;212737;209481;42967;76.4;75.3;15.4
12;2021-12-02;65;53;2047;212802;209534;45014;76.4;75.3;16.2
12;2021-12-03;78;81;2468;212880;209615;47482;76.5;75.3;17.1
12;2021-12-04;88;140;1507;212968;209755;48989;76.5;75.4;17.6
12;2021-12-05;12;11;53;212980;209766;49042;76.5;75.4;17.6
12;2021-12-06;57;74;1815;213037;209840;50857;76.5;75.4;18.3
12;2021-12-07;75;95;3302;213112;209935;54159;76.6;75.4;19.5
12;2021-12-08;71;116;2341;213183;210051;56500;76.6;75.5;20.3
12;2021-12-09;68;68;2913;213251;210119;59413;76.6;75.5;21.3
12;2021-12-10;81;83;3509;213332;210202;62922;76.6;75.5;22.6
12;2021-12-11;75;120;2047;213407;210322;64969;76.7;75.6;23.3
12;2021-12-12;11;6;251;213418;210328;65220;76.7;75.6;23.4
12;2021-12-13;58;81;2686;213476;210409;67906;76.7;75.6;24.4
12;2021-12-14;96;94;4530;213572;210503;72436;76.7;75.6;26.0
12;2021-12-15;70;111;2974;213642;210614;75410;76.8;75.7;27.1
12;2021-12-16;101;105;3773;213743;210719;79183;76.8;75.7;28.4
12;2021-12-17;78;110;3785;213821;210829;82968;76.8;75.7;29.8
12;2021-12-18;67;109;1757;213888;210938;84725;76.8;75.8;30.4
12;2021-12-19;38;22;730;213926;210960;85455;76.9;75.8;30.7
12;2021-12-20;92;83;2550;214018;211043;88005;76.9;75.8;31.6
12;2021-12-21;146;121;3654;214164;211164;91659;76.9;75.9;32.9
12;2021-12-22;127;100;2519;214291;211264;94178;77.0;75.9;33.8
12;2021-12-23;92;67;2030;214383;211331;96208;77.0;75.9;34.6
12;2021-12-24;33;20;333;214416;211351;96541;77.0;75.9;34.7
12;2021-12-25;1;4;65;214417;211355;96606;77.0;75.9;34.7
12;2021-12-26;6;3;85;214423;211358;96691;77.0;75.9;34.7
13;2020-12-27;4;0;0;4;0;0;0.0;0.0;0.0
13;2020-12-28;9;0;0;13;0;0;0.0;0.0;0.0
13;2020-12-29;0;0;0;13;0;0;0.0;0.0;0.0
13;2020-12-30;5;0;0;18;0;0;0.0;0.0;0.0
13;2020-12-31;4;0;0;22;0;0;0.0;0.0;0.0
13;2021-01-01;3;0;0;25;0;0;0.0;0.0;0.0
13;2021-01-02;4;1;0;29;1;0;0.0;0.0;0.0
13;2021-01-03;6;1;0;35;2;0;0.0;0.0;0.0
13;2021-01-04;3;1;0;38;3;0;0.0;0.0;0.0
13;2021-01-05;85;1;0;123;4;0;0.0;0.0;0.0
13;2021-01-06;125;1;0;248;5;0;0.0;0.0;0.0
13;2021-01-07;214;1;0;462;6;0;0.0;0.0;0.0
13;2021-01-08;242;0;0;704;6;0;0.0;0.0;0.0
13;2021-01-09;32;0;0;736;6;0;0.0;0.0;0.0
13;2021-01-10;3;0;0;739;6;0;0.0;0.0;0.0
13;2021-01-11;524;2;0;1263;8;0;0.1;0.0;0.0
13;2021-01-12;925;1;0;2188;9;0;0.1;0.0;0.0
13;2021-01-13;1136;2;0;3324;11;0;0.2;0.0;0.0
13;2021-01-14;1662;23;0;4986;34;0;0.2;0.0;0.0
13;2021-01-15;1538;7;0;6524;41;0;0.3;0.0;0.0
13;2021-01-16;458;4;0;6982;45;0;0.3;0.0;0.0
13;2021-01-17;51;0;0;7033;45;0;0.3;0.0;0.0
13;2021-01-18;2312;14;0;9345;59;0;0.5;0.0;0.0
13;2021-01-19;7067;55;0;16412;114;0;0.8;0.0;0.0
13;2021-01-20;5295;27;0;21707;141;0;1.1;0.0;0.0
13;2021-01-21;5341;40;0;27048;181;0;1.3;0.0;0.0
13;2021-01-22;3893;23;0;30941;204;0;1.5;0.0;0.0
13;2021-01-23;1291;8;0;32232;212;0;1.6;0.0;0.0
13;2021-01-24;425;4;0;32657;216;0;1.6;0.0;0.0
13;2021-01-25;2275;25;0;34932;241;0;1.7;0.0;0.0
13;2021-01-26;2799;90;0;37731;331;0;1.9;0.0;0.0
13;2021-01-27;3048;126;0;40779;457;0;2.0;0.0;0.0
13;2021-01-28;3288;226;0;44067;683;0;2.2;0.0;0.0
13;2021-01-29;2549;149;0;46616;832;0;2.3;0.0;0.0
13;2021-01-30;977;29;0;47593;861;0;2.3;0.0;0.0
13;2021-01-31;214;0;0;47807;861;0;2.3;0.0;0.0
13;2021-02-01;1811;309;0;49618;1170;0;2.4;0.1;0.0
13;2021-02-02;2248;676;0;51866;1846;0;2.5;0.1;0.0
13;2021-02-03;1771;588;0;53637;2434;0;2.6;0.1;0.0
13;2021-02-04;1878;958;0;55515;3392;0;2.7;0.2;0.0
13;2021-02-05;2456;1486;0;57971;4878;0;2.8;0.2;0.0
13;2021-02-06;802;337;0;58773;5215;0;2.9;0.3;0.0
13;2021-02-07;250;6;0;59023;5221;0;2.9;0.3;0.0
13;2021-02-08;1797;1512;0;60820;6733;0;3.0;0.3;0.0
13;2021-02-09;3189;4303;0;64009;11036;0;3.1;0.5;0.0
13;2021-02-10;3076;3313;0;67085;14349;0;3.3;0.7;0.0
13;2021-02-11;3492;3526;0;70577;17875;0;3.5;0.9;0.0
13;2021-02-12;2664;3099;0;73241;20974;0;3.6;1.0;0.0
13;2021-02-13;716;608;0;73957;21582;0;3.6;1.1;0.0
13;2021-02-14;69;334;0;74026;21916;0;3.6;1.1;0.0
13;2021-02-15;898;2011;0;74924;23927;0;3.7;1.2;0.0
13;2021-02-16;1267;2580;0;76191;26507;0;3.7;1.3;0.0
13;2021-02-17;1332;2914;0;77523;29421;0;3.8;1.4;0.0
13;2021-02-18;1853;2740;0;79376;32161;0;3.9;1.6;0.0
13;2021-02-19;1505;2258;0;80881;34419;0;4.0;1.7;0.0
13;2021-02-20;436;781;0;81317;35200;0;4.0;1.7;0.0
13;2021-02-21;31;266;0;81348;35466;0;4.0;1.7;0.0
13;2021-02-22;1006;2237;0;82354;37703;0;4.0;1.9;0.0
13;2021-02-23;1243;2496;0;83597;40199;0;4.1;2.0;0.0
13;2021-02-24;1441;2539;0;85038;42738;0;4.2;2.1;0.0
13;2021-02-25;2332;2054;0;87370;44792;0;4.3;2.2;0.0
13;2021-02-26;2401;2000;0;89771;46792;0;4.4;2.3;0.0
13;2021-02-27;957;742;0;90728;47534;0;4.5;2.3;0.0
13;2021-02-28;183;179;0;90911;47713;0;4.5;2.3;0.0
13;2021-03-01;1848;1551;0;92759;49264;0;4.6;2.4;0.0
13;2021-03-02;2920;2618;0;95679;51882;0;4.7;2.6;0.0
13;2021-03-03;3438;2616;0;99117;54498;0;4.9;2.7;0.0
13;2021-03-04;4065;3106;0;103182;57604;0;5.1;2.8;0.0
13;2021-03-05;4030;2713;0;107212;60317;0;5.3;3.0;0.0
13;2021-03-06;5290;819;0;112502;61136;0;5.5;3.0;0.0
13;2021-03-07;4175;372;0;116677;61508;0;5.7;3.0;0.0
13;2021-03-08;3845;1993;0;120522;63501;0;5.9;3.1;0.0
13;2021-03-09;4885;2323;0;125407;65824;0;6.2;3.2;0.0
13;2021-03-10;5185;2074;0;130592;67898;0;6.4;3.3;0.0
13;2021-03-11;7207;2207;0;137799;70105;0;6.8;3.4;0.0
13;2021-03-12;8199;2082;0;145998;72187;0;7.2;3.5;0.0
13;2021-03-13;6215;740;0;152213;72927;0;7.5;3.6;0.0
13;2021-03-14;2223;176;0;154436;73103;0;7.6;3.6;0.0
13;2021-03-15;6159;1248;0;160595;74351;0;7.9;3.7;0.0
13;2021-03-16;4938;1565;0;165533;75916;0;8.1;3.7;0.0
13;2021-03-17;5087;1428;0;170620;77344;0;8.4;3.8;0.0
13;2021-03-18;5712;1807;0;176332;79151;0;8.7;3.9;0.0
13;2021-03-19;6664;1588;0;182996;80739;0;9.0;4.0;0.0
13;2021-03-20;3943;681;0;186939;81420;0;9.2;4.0;0.0
13;2021-03-21;763;91;0;187702;81511;0;9.2;4.0;0.0
13;2021-03-22;6924;1528;0;194626;83039;0;9.6;4.1;0.0
13;2021-03-23;8880;1730;0;203506;84769;0;10.0;4.2;0.0
13;2021-03-24;8613;2149;0;212119;86918;0;10.4;4.3;0.0
13;2021-03-25;10695;2063;0;222814;88981;0;11.0;4.4;0.0
13;2021-03-26;10385;1870;0;233199;90851;0;11.5;4.5;0.0
13;2021-03-27;4693;813;0;237892;91664;0;11.7;4.5;0.0
13;2021-03-28;1090;82;0;238982;91746;0;11.7;4.5;0.0
13;2021-03-29;7172;1958;0;246154;93704;0;12.1;4.6;0.0
13;2021-03-30;11976;2523;0;258130;96227;0;12.7;4.7;0.0
13;2021-03-31;10355;3186;0;268485;99413;0;13.2;4.9;0.0
13;2021-04-01;11744;3053;0;280229;102466;0;13.8;5.0;0.0
13;2021-04-02;9457;3787;0;289686;106253;0;14.2;5.2;0.0
13;2021-04-03;3875;2725;0;293561;108978;0;14.4;5.4;0.0
13;2021-04-04;625;314;0;294186;109292;0;14.5;5.4;0.0
13;2021-04-05;3428;721;0;297614;110013;0;14.6;5.4;0.0
13;2021-04-06;8286;4143;0;305900;114156;0;15.0;5.6;0.0
13;2021-04-07;9724;4601;0;315624;118757;0;15.5;5.8;0.0
13;2021-04-08;9768;5366;0;325392;124123;0;16.0;6.1;0.0
13;2021-04-09;10842;5018;0;336234;129141;0;16.5;6.3;0.0
13;2021-04-10;7022;2123;0;343256;131264;0;16.9;6.5;0.0
13;2021-04-11;1384;555;0;344640;131819;0;16.9;6.5;0.0
13;2021-04-12;7681;4670;0;352321;136489;0;17.3;6.7;0.0
13;2021-04-13;8799;5362;0;361120;141851;0;17.8;7.0;0.0
13;2021-04-14;9224;5708;0;370344;147559;0;18.2;7.3;0.0
13;2021-04-15;9578;5777;0;379922;153336;0;18.7;7.5;0.0
13;2021-04-16;9586;5461;0;389508;158797;0;19.1;7.8;0.0
13;2021-04-17;4020;1991;0;393528;160788;0;19.3;7.9;0.0
13;2021-04-18;2455;1405;0;395983;162193;0;19.5;8.0;0.0
13;2021-04-19;6232;6139;0;402215;168332;0;19.8;8.3;0.0
13;2021-04-20;7208;7292;0;409423;175624;0;20.1;8.6;0.0
13;2021-04-21;7594;7105;0;417017;182729;0;20.5;9.0;0.0
13;2021-04-22;8144;7609;0;425161;190338;0;20.9;9.4;0.0
13;2021-04-23;8121;6617;0;433282;196955;0;21.3;9.7;0.0
13;2021-04-24;4539;3653;0;437821;200608;0;21.5;9.9;0.0
13;2021-04-25;917;534;0;438738;201142;0;21.6;9.9;0.0
13;2021-04-26;6002;6754;0;444740;207896;0;21.9;10.2;0.0
13;2021-04-27;7117;7613;0;451857;215509;0;22.2;10.6;0.0
13;2021-04-28;9163;7443;0;461020;222952;0;22.7;11.0;0.0
13;2021-04-29;11191;7382;0;472211;230334;0;23.2;11.3;0.0
13;2021-04-30;10565;7118;0;482776;237452;0;23.7;11.7;0.0
13;2021-05-01;5086;3587;0;487862;241039;0;24.0;11.8;0.0
13;2021-05-02;2057;736;0;489919;241775;0;24.1;11.9;0.0
13;2021-05-03;6977;7554;0;496896;249329;0;24.4;12.3;0.0
13;2021-05-04;8118;8337;0;505014;257666;0;24.8;12.7;0.0
13;2021-05-05;7969;8723;0;512983;266389;0;25.2;13.1;0.0
13;2021-05-06;9901;8394;0;522884;274783;0;25.7;13.5;0.0
13;2021-05-07;8655;9684;0;531539;284467;0;26.1;14.0;0.0
13;2021-05-08;4467;3773;0;536006;288240;0;26.3;14.2;0.0
13;2021-05-09;981;700;0;536987;288940;0;26.4;14.2;0.0
13;2021-05-10;7436;8489;0;544423;297429;0;26.8;14.6;0.0
13;2021-05-11;10648;9243;0;555071;306672;0;27.3;15.1;0.0
13;2021-05-12;12333;8528;0;567404;315200;0;27.9;15.5;0.0
13;2021-05-13;9168;3505;0;576572;318705;0;28.3;15.7;0.0
13;2021-05-14;12838;6304;0;589410;325009;0;29.0;16.0;0.0
13;2021-05-15;9731;4374;0;599141;329383;0;29.4;16.2;0.0
13;2021-05-16;3174;789;0;602315;330172;0;29.6;16.2;0.0
13;2021-05-17;10033;6648;0;612348;336820;0;30.1;16.6;0.0
13;2021-05-18;11386;6375;0;623734;343195;0;30.7;16.9;0.0
13;2021-05-19;11649;6208;0;635383;349403;0;31.2;17.2;0.0
13;2021-05-20;12673;6243;0;648056;355646;0;31.9;17.5;0.0
13;2021-05-21;12307;6612;0;660363;362258;0;32.5;17.8;0.0
13;2021-05-22;7398;3562;0;667761;365820;0;32.8;18.0;0.0
13;2021-05-23;1113;665;0;668874;366485;0;32.9;18.0;0.0
13;2021-05-24;6473;2362;0;675347;368847;0;33.2;18.1;0.0
13;2021-05-25;8784;7358;0;684131;376205;0;33.6;18.5;0.0
13;2021-05-26;9693;7616;0;693824;383821;0;34.1;18.9;0.0
13;2021-05-27;9783;8209;0;703607;392030;0;34.6;19.3;0.0
13;2021-05-28;8843;8925;0;712450;400955;0;35.0;19.7;0.0
13;2021-05-29;6712;4540;0;719162;405495;0;35.3;19.9;0.0
13;2021-05-30;936;551;0;720098;406046;0;35.4;20.0;0.0
13;2021-05-31;7759;7701;0;727857;413747;0;35.8;20.3;0.0
13;2021-06-01;9317;8961;0;737174;422708;0;36.2;20.8;0.0
13;2021-06-02;9510;8421;0;746684;431129;0;36.7;21.2;0.0
13;2021-06-03;11847;9205;0;758531;440334;0;37.3;21.6;0.0
13;2021-06-04;11533;9777;0;770064;450111;0;37.9;22.1;0.0
13;2021-06-05;7047;5457;0;777111;455568;0;38.2;22.4;0.0
13;2021-06-06;1692;903;0;778803;456471;0;38.3;22.4;0.0
13;2021-06-07;6586;9481;0;785389;465952;0;38.6;22.9;0.0
13;2021-06-08;8160;9672;0;793549;475624;0;39.0;23.4;0.0
13;2021-06-09;8131;9435;0;801680;485059;0;39.4;23.8;0.0
13;2021-06-10;8746;9477;0;810426;494536;0;39.8;24.3;0.0
13;2021-06-11;8029;12118;0;818455;506654;0;40.2;24.9;0.0
13;2021-06-12;5601;6474;0;824056;513128;0;40.5;25.2;0.0
13;2021-06-13;990;1223;0;825046;514351;0;40.6;25.3;0.0
13;2021-06-14;5774;10615;0;830820;524966;0;40.8;25.8;0.0
13;2021-06-15;7040;10928;0;837860;535894;0;41.2;26.3;0.0
13;2021-06-16;6914;9578;0;844774;545472;0;41.5;26.8;0.0
13;2021-06-17;7173;10354;0;851947;555826;0;41.9;27.3;0.0
13;2021-06-18;7087;10667;0;859034;566493;0;42.2;27.8;0.0
13;2021-06-19;4503;7213;0;863537;573706;0;42.4;28.2;0.0
13;2021-06-20;950;1033;0;864487;574739;0;42.5;28.3;0.0
13;2021-06-21;4369;11738;0;868856;586477;0;42.7;28.8;0.0
13;2021-06-22;4692;13490;0;873548;599967;0;42.9;29.5;0.0
13;2021-06-23;4832;13064;0;878380;613031;0;43.2;30.1;0.0
13;2021-06-24;5077;12159;0;883457;625190;0;43.4;30.7;0.0
13;2021-06-25;4887;13953;0;888344;639143;0;43.7;31.4;0.0
13;2021-06-26;2910;9234;0;891254;648377;0;43.8;31.9;0.0
13;2021-06-27;531;1024;0;891785;649401;0;43.8;31.9;0.0
13;2021-06-28;3628;12035;0;895413;661436;0;44.0;32.5;0.0
13;2021-06-29;4278;12548;0;899691;673984;0;44.2;33.1;0.0
13;2021-06-30;4738;12289;0;904429;686273;0;44.5;33.7;0.0
13;2021-07-01;5721;10992;0;910150;697265;0;44.7;34.3;0.0
13;2021-07-02;5589;11897;0;915739;709162;0;45.0;34.9;0.0
13;2021-07-03;3343;8797;0;919082;717959;0;45.2;35.3;0.0
13;2021-07-04;554;986;0;919636;718945;0;45.2;35.3;0.0
13;2021-07-05;3790;10925;0;923426;729870;0;45.4;35.9;0.0
13;2021-07-06;5271;11128;0;928697;740998;0;45.6;36.4;0.0
13;2021-07-07;5371;10224;1;934068;751222;1;45.9;36.9;0.0
13;2021-07-08;5941;9749;2;940009;760971;3;46.2;37.4;0.0
13;2021-07-09;5860;11342;0;945869;772313;3;46.5;38.0;0.0
13;2021-07-10;3118;8317;0;948987;780630;3;46.6;38.4;0.0
13;2021-07-11;538;1092;0;949525;781722;3;46.7;38.4;0.0
13;2021-07-12;4418;10639;0;953943;792361;3;46.9;38.9;0.0
13;2021-07-13;8746;12824;0;962689;805185;3;47.3;39.6;0.0
13;2021-07-14;5449;4566;0;968138;809751;3;47.6;39.8;0.0
13;2021-07-15;10899;12465;0;979037;822216;3;48.1;40.4;0.0
13;2021-07-16;11869;12518;0;990906;834734;3;48.7;41.0;0.0
13;2021-07-17;6473;8284;0;997379;843018;3;49.0;41.4;0.0
13;2021-07-18;937;1126;0;998316;844144;3;49.1;41.5;0.0
13;2021-07-19;9442;10714;0;1007758;854858;3;49.5;42.0;0.0
13;2021-07-20;11636;11144;0;1019394;866002;3;50.1;42.6;0.0
13;2021-07-21;12042;9994;0;1031436;875996;3;50.7;43.1;0.0
13;2021-07-22;13741;9894;0;1045177;885890;3;51.4;43.5;0.0
13;2021-07-23;13781;10565;0;1058958;896455;3;52.1;44.1;0.0
13;2021-07-24;7998;7401;0;1066956;903856;3;52.4;44.4;0.0
13;2021-07-25;1169;836;0;1068125;904692;3;52.5;44.5;0.0
13;2021-07-26;10558;8636;0;1078683;913328;3;53.0;44.9;0.0
13;2021-07-27;12721;8834;0;1091404;922162;3;53.6;45.3;0.0
13;2021-07-28;11859;7785;0;1103263;929947;3;54.2;45.7;0.0
13;2021-07-29;13193;7727;0;1116456;937674;3;54.9;46.1;0.0
13;2021-07-30;12979;8395;0;1129435;946069;3;55.5;46.5;0.0
13;2021-07-31;8187;5622;0;1137622;951691;3;55.9;46.8;0.0
13;2021-08-01;1219;734;0;1138841;952425;3;56.0;46.8;0.0
13;2021-08-02;10104;6480;0;1148945;958905;3;56.5;47.1;0.0
13;2021-08-03;10904;7103;0;1159849;966008;3;57.0;47.5;0.0
13;2021-08-04;9380;6528;0;1169229;972536;3;57.5;47.8;0.0
13;2021-08-05;9137;7304;0;1178366;979840;3;57.9;48.2;0.0
13;2021-08-06;9062;8737;0;1187428;988577;3;58.4;48.6;0.0
13;2021-08-07;5262;5377;0;1192690;993954;3;58.6;48.9;0.0
13;2021-08-08;977;887;0;1193667;994841;3;58.7;48.9;0.0
13;2021-08-09;7914;8605;0;1201581;1003446;3;59.1;49.3;0.0
13;2021-08-10;8548;8654;0;1210129;1012100;3;59.5;49.7;0.0
13;2021-08-11;7486;8377;0;1217615;1020477;3;59.8;50.2;0.0
13;2021-08-12;7331;9234;0;1224946;1029711;3;60.2;50.6;0.0
13;2021-08-13;6639;8671;0;1231585;1038382;3;60.5;51.0;0.0
13;2021-08-14;3773;6277;0;1235358;1044659;3;60.7;51.3;0.0
13;2021-08-15;526;702;0;1235884;1045361;3;60.7;51.4;0.0
13;2021-08-16;6204;10535;0;1242088;1055896;3;61.1;51.9;0.0
13;2021-08-17;6283;10156;0;1248371;1066052;3;61.4;52.4;0.0
13;2021-08-18;6026;9668;0;1254397;1075720;3;61.7;52.9;0.0
13;2021-08-19;6159;10169;0;1260556;1085889;3;62.0;53.4;0.0
13;2021-08-20;5486;10714;0;1266042;1096603;3;62.2;53.9;0.0
13;2021-08-21;2534;6951;0;1268576;1103554;3;62.4;54.2;0.0
13;2021-08-22;401;1010;0;1268977;1104564;3;62.4;54.3;0.0
13;2021-08-23;4596;10759;0;1273573;1115323;3;62.6;54.8;0.0
13;2021-08-24;4987;10608;0;1278560;1125931;3;62.8;55.3;0.0
13;2021-08-25;4774;9805;0;1283334;1135736;3;63.1;55.8;0.0
13;2021-08-26;4673;9432;0;1288007;1145168;3;63.3;56.3;0.0
13;2021-08-27;4692;10288;0;1292699;1155456;3;63.5;56.8;0.0
13;2021-08-28;2278;6386;0;1294977;1161842;3;63.7;57.1;0.0
13;2021-08-29;346;1213;0;1295323;1163055;3;63.7;57.2;0.0
13;2021-08-30;3911;9378;147;1299234;1172433;150;63.9;57.6;0.0
13;2021-08-31;4180;9620;218;1303414;1182053;368;64.1;58.1;0.0
13;2021-09-01;4693;8060;362;1308107;1190113;730;64.3;58.5;0.0
13;2021-09-02;4056;7594;546;1312163;1197707;1276;64.5;58.9;0.1
13;2021-09-03;4105;8279;791;1316268;1205986;2067;64.7;59.3;0.1
13;2021-09-04;2198;5488;182;1318466;1211474;2249;64.8;59.5;0.1
13;2021-09-05;224;468;54;1318690;1211942;2303;64.8;59.6;0.1
13;2021-09-06;3181;5614;716;1321871;1217556;3019;65.0;59.8;0.1
13;2021-09-07;3078;5975;1078;1324949;1223531;4097;65.1;60.1;0.2
13;2021-09-08;3349;6085;853;1328298;1229616;4950;65.3;60.4;0.2
13;2021-09-09;2943;5335;1081;1331241;1234951;6031;65.4;60.7;0.3
13;2021-09-10;3427;6403;1083;1334668;1241354;7114;65.6;61.0;0.3
13;2021-09-11;2250;4980;342;1336918;1246334;7456;65.7;61.3;0.4
13;2021-09-12;269;389;54;1337187;1246723;7510;65.7;61.3;0.4
13;2021-09-13;2531;3977;997;1339718;1250700;8507;65.9;61.5;0.4
13;2021-09-14;3039;4352;1951;1342757;1255052;10458;66.0;61.7;0.5
13;2021-09-15;2804;5057;2015;1345561;1260109;12473;66.1;61.9;0.6
13;2021-09-16;2114;3591;2084;1347675;1263700;14557;66.2;62.1;0.7
13;2021-09-17;2268;4540;1677;1349943;1268240;16234;66.4;62.3;0.8
13;2021-09-18;1514;4070;539;1351457;1272310;16773;66.4;62.5;0.8
13;2021-09-19;101;188;56;1351558;1272498;16829;66.4;62.5;0.8
13;2021-09-20;1477;3045;1528;1353035;1275543;18357;66.5;62.7;0.9
13;2021-09-21;1432;2770;1840;1354467;1278313;20197;66.6;62.8;1.0
13;2021-09-22;1596;4184;1426;1356063;1282497;21623;66.7;63.0;1.1
13;2021-09-23;1506;3347;2084;1357569;1285844;23707;66.7;63.2;1.2
13;2021-09-24;1504;3826;1373;1359073;1289670;25080;66.8;63.4;1.2
13;2021-09-25;1143;3693;484;1360216;1293363;25564;66.9;63.6;1.3
13;2021-09-26;101;256;49;1360317;1293619;25613;66.9;63.6;1.3
13;2021-09-27;1197;2719;1258;1361514;1296338;26871;66.9;63.7;1.3
13;2021-09-28;1229;2424;1288;1362743;1298762;28159;67.0;63.8;1.4
13;2021-09-29;1524;3298;1391;1364267;1302060;29550;67.1;64.0;1.5
13;2021-09-30;1344;2875;1780;1365611;1304935;31330;67.1;64.1;1.5
13;2021-10-01;2252;3143;1644;1367863;1308078;32974;67.2;64.3;1.6
13;2021-10-02;1180;2649;613;1369043;1310727;33587;67.3;64.4;1.7
13;2021-10-03;110;219;30;1369153;1310946;33617;67.3;64.4;1.7
13;2021-10-04;987;1555;1171;1370140;1312501;34788;67.3;64.5;1.7
13;2021-10-05;1214;2308;1995;1371354;1314809;36783;67.4;64.6;1.8
13;2021-10-06;1336;2742;1976;1372690;1317551;38759;67.5;64.8;1.9
13;2021-10-07;1106;2205;2264;1373796;1319756;41023;67.5;64.9;2.0
13;2021-10-08;1490;2748;2406;1375286;1322504;43429;67.6;65.0;2.1
13;2021-10-09;941;2099;917;1376227;1324603;44346;67.6;65.1;2.2
13;2021-10-10;96;139;66;1376323;1324742;44412;67.7;65.1;2.2
13;2021-10-11;980;1695;1901;1377303;1326437;46313;67.7;65.2;2.3
13;2021-10-12;1151;1758;2257;1378454;1328195;48570;67.8;65.3;2.4
13;2021-10-13;1223;2096;2367;1379677;1330291;50937;67.8;65.4;2.5
13;2021-10-14;1052;1788;2448;1380729;1332079;53385;67.9;65.5;2.6
13;2021-10-15;1451;2191;3350;1382180;1334270;56735;67.9;65.6;2.8
13;2021-10-16;909;1530;973;1383089;1335800;57708;68.0;65.7;2.8
13;2021-10-17;80;132;57;1383169;1335932;57765;68.0;65.7;2.8
13;2021-10-18;913;1381;2070;1384082;1337313;59835;68.0;65.7;2.9
13;2021-10-19;941;1463;2574;1385023;1338776;62409;68.1;65.8;3.1
13;2021-10-20;1158;1700;3046;1386181;1340476;65455;68.1;65.9;3.2
13;2021-10-21;908;1467;3012;1387089;1341943;68467;68.2;66.0;3.4
13;2021-10-22;1206;1935;3938;1388295;1343878;72405;68.2;66.1;3.6
13;2021-10-23;730;1177;1330;1389025;1345055;73735;68.3;66.1;3.6
13;2021-10-24;105;134;138;1389130;1345189;73873;68.3;66.1;3.6
13;2021-10-25;808;1125;2699;1389938;1346314;76572;68.3;66.2;3.8
13;2021-10-26;822;1075;2932;1390760;1347389;79504;68.4;66.2;3.9
13;2021-10-27;897;1269;3271;1391657;1348658;82775;68.4;66.3;4.1
13;2021-10-28;736;1038;3336;1392393;1349696;86111;68.4;66.3;4.2
13;2021-10-29;957;1376;3859;1393350;1351072;89970;68.5;66.4;4.4
13;2021-10-30;607;959;1582;1393957;1352031;91552;68.5;66.5;4.5
13;2021-10-31;65;94;128;1394022;1352125;91680;68.5;66.5;4.5
13;2021-11-01;206;166;109;1394228;1352291;91789;68.5;66.5;4.5
13;2021-11-02;814;1198;3264;1395042;1353489;95053;68.6;66.5;4.7
13;2021-11-03;942;1306;3764;1395984;1354795;98817;68.6;66.6;4.9
13;2021-11-04;866;1059;4011;1396850;1355854;102828;68.7;66.6;5.1
13;2021-11-05;976;1347;4440;1397826;1357201;107268;68.7;66.7;5.3
13;2021-11-06;666;922;2004;1398492;1358123;109272;68.7;66.8;5.4
13;2021-11-07;67;128;104;1398559;1358251;109376;68.7;66.8;5.4
13;2021-11-08;638;1061;3703;1399197;1359312;113079;68.8;66.8;5.6
13;2021-11-09;821;1304;5366;1400018;1360616;118445;68.8;66.9;5.8
13;2021-11-10;1059;1528;6479;1401077;1362144;124924;68.9;67.0;6.1
13;2021-11-11;153;207;750;1401230;1362351;125674;68.9;67.0;6.2
13;2021-11-12;862;1220;6464;1402092;1363571;132138;68.9;67.0;6.5
13;2021-11-13;581;785;2348;1402673;1364356;134486;68.9;67.1;6.6
13;2021-11-14;70;151;288;1402743;1364507;134774;68.9;67.1;6.6
13;2021-11-15;635;1054;4857;1403378;1365561;139631;69.0;67.1;6.9
13;2021-11-16;805;1121;6779;1404183;1366682;146410;69.0;67.2;7.2
13;2021-11-17;1021;1177;6972;1405204;1367859;153382;69.1;67.2;7.5
13;2021-11-18;851;1086;6674;1406055;1368945;160056;69.1;67.3;7.9
13;2021-11-19;1002;1203;7677;1407057;1370148;167733;69.2;67.3;8.2
13;2021-11-20;814;951;3435;1407871;1371099;171168;69.2;67.4;8.4
13;2021-11-21;64;105;298;1407935;1371204;171466;69.2;67.4;8.4
13;2021-11-22;755;786;5546;1408690;1371990;177012;69.2;67.4;8.7
13;2021-11-23;872;998;7825;1409562;1372988;184837;69.3;67.5;9.1
13;2021-11-24;1140;1259;8103;1410702;1374247;192940;69.3;67.5;9.5
13;2021-11-25;910;1029;9616;1411612;1375276;202556;69.4;67.6;10.0
13;2021-11-26;1074;1157;11682;1412686;1376433;214238;69.4;67.7;10.5
13;2021-11-27;772;977;6000;1413458;1377410;220238;69.5;67.7;10.8
13;2021-11-28;49;136;453;1413507;1377546;220691;69.5;67.7;10.8
13;2021-11-29;827;935;12298;1414334;1378481;232989;69.5;67.8;11.5
13;2021-11-30;912;976;14567;1415246;1379457;247556;69.6;67.8;12.2
13;2021-12-01;964;1080;17283;1416210;1380537;264839;69.6;67.9;13.0
13;2021-12-02;880;947;16977;1417090;1381484;281816;69.7;67.9;13.9
13;2021-12-03;986;1243;20128;1418076;1382727;301944;69.7;68.0;14.8
13;2021-12-04;656;857;9816;1418732;1383584;311760;69.7;68.0;15.3
13;2021-12-05;109;178;1093;1418841;1383762;312853;69.7;68.0;15.4
13;2021-12-06;771;1004;17009;1419612;1384766;329862;69.8;68.1;16.2
13;2021-12-07;984;1171;21404;1420596;1385937;351266;69.8;68.1;17.3
13;2021-12-08;1088;1373;20562;1421684;1387310;371828;69.9;68.2;18.3
13;2021-12-09;920;1174;18723;1422604;1388484;390551;69.9;68.2;19.2
13;2021-12-10;1093;1287;22339;1423697;1389771;412890;70.0;68.3;20.3
13;2021-12-11;602;931;11591;1424299;1390702;424481;70.0;68.4;20.9
13;2021-12-12;128;186;1517;1424427;1390888;425998;70.0;68.4;20.9
13;2021-12-13;794;997;17645;1425221;1391885;443643;70.1;68.4;21.8
13;2021-12-14;1019;1216;22595;1426240;1393101;466238;70.1;68.5;22.9
13;2021-12-15;1159;1361;21943;1427399;1394462;488181;70.2;68.5;24.0
13;2021-12-16;1096;1223;20426;1428495;1395685;508607;70.2;68.6;25.0
13;2021-12-17;1228;1433;23108;1429723;1397118;531715;70.3;68.7;26.1
13;2021-12-18;758;964;12114;1430481;1398082;543829;70.3;68.7;26.7
13;2021-12-19;159;254;2094;1430640;1398336;545923;70.3;68.7;26.8
13;2021-12-20;1234;1318;16741;1431874;1399654;562664;70.4;68.8;27.7
13;2021-12-21;1578;1373;18831;1433452;1401027;581495;70.5;68.9;28.6
13;2021-12-22;1509;1318;16087;1434961;1402345;597582;70.5;68.9;29.4
13;2021-12-23;1063;1029;10722;1436024;1403374;608304;70.6;69.0;29.9
13;2021-12-24;316;431;2433;1436340;1403805;610737;70.6;69.0;30.0
13;2021-12-25;27;122;224;1436367;1403927;610961;70.6;69.0;30.0
13;2021-12-26;85;135;973;1436452;1404062;611934;70.6;69.0;30.1
14;2020-12-27;0;0;0;0;0;0;0.0;0.0;0.0
14;2020-12-28;1;0;0;1;0;0;0.0;0.0;0.0
14;2020-12-29;0;0;0;1;0;0;0.0;0.0;0.0
14;2020-12-30;0;0;0;1;0;0;0.0;0.0;0.0
14;2020-12-31;5;0;0;6;0;0;0.0;0.0;0.0
14;2021-01-01;3;0;0;9;0;0;0.0;0.0;0.0
14;2021-01-02;2;0;0;11;0;0;0.0;0.0;0.0
14;2021-01-03;0;0;0;11;0;0;0.0;0.0;0.0
14;2021-01-04;5;0;0;16;0;0;0.0;0.0;0.0
14;2021-01-05;28;0;0;44;0;0;0.0;0.0;0.0
14;2021-01-06;351;0;0;395;0;0;0.1;0.0;0.0
14;2021-01-07;421;1;0;816;1;0;0.1;0.0;0.0
14;2021-01-08;651;5;0;1467;6;0;0.2;0.0;0.0
14;2021-01-09;134;0;0;1601;6;0;0.2;0.0;0.0
14;2021-01-10;49;0;0;1650;6;0;0.2;0.0;0.0
14;2021-01-11;678;6;0;2328;12;0;0.3;0.0;0.0
14;2021-01-12;949;6;0;3277;18;0;0.5;0.0;0.0
14;2021-01-13;886;1;0;4163;19;0;0.6;0.0;0.0
14;2021-01-14;2747;29;0;6910;48;0;1.0;0.0;0.0
14;2021-01-15;1832;22;0;8742;70;0;1.3;0.0;0.0
14;2021-01-16;274;3;0;9016;73;0;1.3;0.0;0.0
14;2021-01-17;169;7;0;9185;80;0;1.3;0.0;0.0
14;2021-01-18;1084;6;0;10269;86;0;1.5;0.0;0.0
14;2021-01-19;1155;4;0;11424;90;0;1.7;0.0;0.0
14;2021-01-20;1902;5;0;13326;95;0;1.9;0.0;0.0
14;2021-01-21;1796;9;0;15122;104;0;2.2;0.0;0.0
14;2021-01-22;1432;7;0;16554;111;0;2.4;0.0;0.0
14;2021-01-23;299;1;0;16853;112;0;2.4;0.0;0.0
14;2021-01-24;98;0;0;16951;112;0;2.5;0.0;0.0
14;2021-01-25;929;14;0;17880;126;0;2.6;0.0;0.0
14;2021-01-26;839;42;0;18719;168;0;2.7;0.0;0.0
14;2021-01-27;856;161;0;19575;329;0;2.8;0.0;0.0
14;2021-01-28;755;160;0;20330;489;0;2.9;0.1;0.0
14;2021-01-29;728;246;0;21058;735;0;3.0;0.1;0.0
14;2021-01-30;271;18;0;21329;753;0;3.1;0.1;0.0
14;2021-01-31;62;6;0;21391;759;0;3.1;0.1;0.0
14;2021-02-01;691;233;0;22082;992;0;3.2;0.1;0.0
14;2021-02-02;731;414;0;22813;1406;0;3.3;0.2;0.0
14;2021-02-03;719;431;0;23532;1837;0;3.4;0.3;0.0
14;2021-02-04;1098;1954;0;24630;3791;0;3.6;0.5;0.0
14;2021-02-05;1223;1266;0;25853;5057;0;3.7;0.7;0.0
14;2021-02-06;392;223;0;26245;5280;0;3.8;0.8;0.0
14;2021-02-07;179;80;0;26424;5360;0;3.8;0.8;0.0
14;2021-02-08;728;825;0;27152;6185;0;3.9;0.9;0.0
14;2021-02-09;677;1017;0;27829;7202;0;4.0;1.0;0.0
14;2021-02-10;802;1577;0;28631;8779;0;4.1;1.3;0.0
14;2021-02-11;1281;1445;0;29912;10224;0;4.3;1.5;0.0
14;2021-02-12;1254;1081;0;31166;11305;0;4.5;1.6;0.0
14;2021-02-13;303;223;0;31469;11528;0;4.6;1.7;0.0
14;2021-02-14;84;87;0;31553;11615;0;4.6;1.7;0.0
14;2021-02-15;442;1060;0;31995;12675;0;4.6;1.8;0.0
14;2021-02-16;676;1005;0;32671;13680;0;4.7;2.0;0.0
14;2021-02-17;390;957;0;33061;14637;0;4.8;2.1;0.0
14;2021-02-18;719;882;0;33780;15519;0;4.9;2.2;0.0
14;2021-02-19;709;757;0;34489;16276;0;5.0;2.4;0.0
14;2021-02-20;95;276;0;34584;16552;0;5.0;2.4;0.0
14;2021-02-21;5;101;0;34589;16653;0;5.0;2.4;0.0
14;2021-02-22;416;976;0;35005;17629;0;5.1;2.5;0.0
14;2021-02-23;467;887;0;35472;18516;0;5.1;2.7;0.0
14;2021-02-24;439;890;0;35911;19406;0;5.2;2.8;0.0
14;2021-02-25;1188;1118;0;37099;20524;0;5.4;3.0;0.0
14;2021-02-26;1498;1107;0;38597;21631;0;5.6;3.1;0.0
14;2021-02-27;507;283;0;39104;21914;0;5.7;3.2;0.0
14;2021-02-28;33;49;0;39137;21963;0;5.7;3.2;0.0
14;2021-03-01;520;851;0;39657;22814;0;5.7;3.3;0.0
14;2021-03-02;980;770;0;40637;23584;0;5.9;3.4;0.0
14;2021-03-03;1061;798;0;41698;24382;0;6.0;3.5;0.0
14;2021-03-04;1916;785;0;43614;25167;0;6.3;3.6;0.0
14;2021-03-05;2421;804;0;46035;25971;0;6.7;3.8;0.0
14;2021-03-06;3000;202;0;49035;26173;0;7.1;3.8;0.0
14;2021-03-07;1158;67;0;50193;26240;0;7.3;3.8;0.0
14;2021-03-08;1178;773;0;51371;27013;0;7.4;3.9;0.0
14;2021-03-09;1752;676;0;53123;27689;0;7.7;4.0;0.0
14;2021-03-10;1798;577;0;54921;28266;0;7.9;4.1;0.0
14;2021-03-11;2706;456;0;57627;28722;0;8.3;4.2;0.0
14;2021-03-12;3841;541;0;61468;29263;0;8.9;4.2;0.0
14;2021-03-13;1931;177;0;63399;29440;0;9.2;4.3;0.0
14;2021-03-14;96;42;0;63495;29482;0;9.2;4.3;0.0
14;2021-03-15;1983;143;0;65478;29625;0;9.5;4.3;0.0
14;2021-03-16;1434;280;0;66912;29905;0;9.7;4.3;0.0
14;2021-03-17;1127;192;0;68039;30097;0;9.8;4.4;0.0
14;2021-03-18;1407;288;0;69446;30385;0;10.0;4.4;0.0
14;2021-03-19;2532;261;0;71978;30646;0;10.4;4.4;0.0
14;2021-03-20;2593;45;0;74571;30691;0;10.8;4.4;0.0
14;2021-03-21;480;10;0;75051;30701;0;10.9;4.4;0.0
14;2021-03-22;1813;366;0;76864;31067;0;11.1;4.5;0.0
14;2021-03-23;2203;334;0;79067;31401;0;11.4;4.5;0.0
14;2021-03-24;2431;207;0;81498;31608;0;11.8;4.6;0.0
14;2021-03-25;3213;327;0;84711;31935;0;12.3;4.6;0.0
14;2021-03-26;4465;460;0;89176;32395;0;12.9;4.7;0.0
14;2021-03-27;2336;210;0;91512;32605;0;13.2;4.7;0.0
14;2021-03-28;116;7;0;91628;32612;0;13.3;4.7;0.0
14;2021-03-29;1656;508;0;93284;33120;0;13.5;4.8;0.0
14;2021-03-30;2696;535;0;95980;33655;0;13.9;4.9;0.0
14;2021-03-31;2318;936;0;98298;34591;0;14.2;5.0;0.0
14;2021-04-01;4073;1669;0;102371;36260;0;14.8;5.2;0.0
14;2021-04-02;3701;1267;0;106072;37527;0;15.3;5.4;0.0
14;2021-04-03;1112;1173;0;107184;38700;0;15.5;5.6;0.0
14;2021-04-04;53;443;0;107237;39143;0;15.5;5.7;0.0
14;2021-04-05;1134;304;0;108371;39447;0;15.7;5.7;0.0
14;2021-04-06;2338;1037;0;110709;40484;0;16.0;5.9;0.0
14;2021-04-07;2568;1042;0;113277;41526;0;16.4;6.0;0.0
14;2021-04-08;4122;1135;0;117399;42661;0;17.0;6.2;0.0
14;2021-04-09;5675;1122;0;123074;43783;0;17.8;6.3;0.0
14;2021-04-10;2862;462;0;125936;44245;0;18.2;6.4;0.0
14;2021-04-11;594;157;0;126530;44402;0;18.3;6.4;0.0
14;2021-04-12;2761;1560;0;129291;45962;0;18.7;6.6;0.0
14;2021-04-13;3334;1461;0;132625;47423;0;19.2;6.9;0.0
14;2021-04-14;2950;1148;0;135575;48571;0;19.6;7.0;0.0
14;2021-04-15;4242;1468;0;139817;50039;0;20.2;7.2;0.0
14;2021-04-16;4370;1503;0;144187;51542;0;20.9;7.5;0.0
14;2021-04-17;2350;1623;0;146537;53165;0;21.2;7.7;0.0
14;2021-04-18;520;344;0;147057;53509;0;21.3;7.7;0.0
14;2021-04-19;2643;1645;0;149700;55154;0;21.7;8.0;0.0
14;2021-04-20;3268;1861;0;152968;57015;0;22.1;8.2;0.0
14;2021-04-21;2838;1464;0;155806;58479;0;22.5;8.5;0.0
14;2021-04-22;4003;2072;0;159809;60551;0;23.1;8.8;0.0
14;2021-04-23;4434;2251;0;164243;62802;0;23.8;9.1;0.0
14;2021-04-24;1856;1792;0;166099;64594;0;24.0;9.3;0.0
14;2021-04-25;463;79;0;166562;64673;0;24.1;9.4;0.0
14;2021-04-26;3151;1568;0;169713;66241;0;24.5;9.6;0.0
14;2021-04-27;3382;2502;0;173095;68743;0;25.0;9.9;0.0
14;2021-04-28;3110;1838;0;176205;70581;0;25.5;10.2;0.0
14;2021-04-29;4309;2259;0;180514;72840;0;26.1;10.5;0.0
14;2021-04-30;4872;2606;0;185386;75446;0;26.8;10.9;0.0
14;2021-05-01;3496;222;0;188882;75668;0;27.3;10.9;0.0
14;2021-05-02;1228;76;0;190110;75744;0;27.5;11.0;0.0
14;2021-05-03;2277;2653;0;192387;78397;0;27.8;11.3;0.0
14;2021-05-04;2926;2860;0;195313;81257;0;28.2;11.8;0.0
14;2021-05-05;3524;2595;0;198837;83852;0;28.8;12.1;0.0
14;2021-05-06;4680;3385;0;203517;87237;0;29.4;12.6;0.0
14;2021-05-07;4552;3638;0;208069;90875;0;30.1;13.1;0.0
14;2021-05-08;2788;1219;0;210857;92094;0;30.5;13.3;0.0
14;2021-05-09;1879;615;0;212736;92709;0;30.8;13.4;0.0
14;2021-05-10;3435;3036;0;216171;95745;0;31.3;13.8;0.0
14;2021-05-11;4096;3459;0;220267;99204;0;31.9;14.3;0.0
14;2021-05-12;3966;3102;0;224233;102306;0;32.4;14.8;0.0
14;2021-05-13;4305;1047;0;228538;103353;0;33.1;14.9;0.0
14;2021-05-14;6211;2482;0;234749;105835;0;34.0;15.3;0.0
14;2021-05-15;5108;841;0;239857;106676;0;34.7;15.4;0.0
14;2021-05-16;2382;136;0;242239;106812;0;35.0;15.4;0.0
14;2021-05-17;2751;2121;0;244990;108933;0;35.4;15.8;0.0
14;2021-05-18;3903;2144;0;248893;111077;0;36.0;16.1;0.0
14;2021-05-19;3747;1952;0;252640;113029;0;36.5;16.3;0.0
14;2021-05-20;4383;2620;0;257023;115649;0;37.2;16.7;0.0
14;2021-05-21;4128;3316;0;261151;118965;0;37.8;17.2;0.0
14;2021-05-22;1862;865;0;263013;119830;0;38.0;17.3;0.0
14;2021-05-23;832;83;0;263845;119913;0;38.2;17.3;0.0
14;2021-05-24;2751;688;0;266596;120601;0;38.6;17.4;0.0
14;2021-05-25;3523;3270;0;270119;123871;0;39.1;17.9;0.0
14;2021-05-26;3333;2298;0;273452;126169;0;39.5;18.2;0.0
14;2021-05-27;4529;3146;0;277981;129315;0;40.2;18.7;0.0
14;2021-05-28;4804;3708;0;282785;133023;0;40.9;19.2;0.0
14;2021-05-29;2373;2464;0;285158;135487;0;41.2;19.6;0.0
14;2021-05-30;845;268;0;286003;135755;0;41.4;19.6;0.0
14;2021-05-31;3860;2833;0;289863;138588;0;41.9;20.0;0.0
14;2021-06-01;5384;3121;0;295247;141709;0;42.7;20.5;0.0
14;2021-06-02;4734;2742;0;299981;144451;0;43.4;20.9;0.0
14;2021-06-03;6169;3905;0;306150;148356;0;44.3;21.5;0.0
14;2021-06-04;6061;4930;0;312211;153286;0;45.2;22.2;0.0
14;2021-06-05;4170;1831;0;316381;155117;0;45.8;22.4;0.0
14;2021-06-06;2022;137;0;318403;155254;0;46.0;22.5;0.0
14;2021-06-07;4125;3259;0;322528;158513;0;46.6;22.9;0.0
14;2021-06-08;4930;2967;0;327458;161480;0;47.4;23.4;0.0
14;2021-06-09;4029;2871;0;331487;164351;0;47.9;23.8;0.0
14;2021-06-10;4789;2904;0;336276;167255;0;48.6;24.2;0.0
14;2021-06-11;4639;4678;0;340915;171933;0;49.3;24.9;0.0
14;2021-06-12;3562;4481;0;344477;176414;0;49.8;25.5;0.0
14;2021-06-13;934;1149;0;345411;177563;0;50.0;25.7;0.0
14;2021-06-14;2206;3516;0;347617;181079;0;50.3;26.2;0.0
14;2021-06-15;3195;3728;0;350812;184807;0;50.7;26.7;0.0
14;2021-06-16;3336;4387;0;354148;189194;0;51.2;27.4;0.0
14;2021-06-17;4040;5087;0;358188;194281;0;51.8;28.1;0.0
14;2021-06-18;3674;5827;0;361862;200108;0;52.3;28.9;0.0
14;2021-06-19;2604;2966;0;364466;203074;0;52.7;29.4;0.0
14;2021-06-20;644;1601;0;365110;204675;0;52.8;29.6;0.0
14;2021-06-21;2063;4147;0;367173;208822;0;53.1;30.2;0.0
14;2021-06-22;2446;4980;0;369619;213802;0;53.5;30.9;0.0
14;2021-06-23;2435;4246;0;372054;218048;0;53.8;31.5;0.0
14;2021-06-24;3283;5599;0;375337;223647;0;54.3;32.3;0.0
14;2021-06-25;2642;6952;0;377979;230599;0;54.7;33.3;0.0
14;2021-06-26;2105;4588;0;380084;235187;0;55.0;34.0;0.0
14;2021-06-27;468;1975;0;380552;237162;0;55.0;34.3;0.0
14;2021-06-28;1276;3837;0;381828;240999;0;55.2;34.9;0.0
14;2021-06-29;1722;5124;0;383550;246123;0;55.5;35.6;0.0
14;2021-06-30;1907;4585;0;385457;250708;0;55.7;36.3;0.0
14;2021-07-01;2821;5079;0;388278;255787;0;56.2;37.0;0.0
14;2021-07-02;2467;6405;0;390745;262192;0;56.5;37.9;0.0
14;2021-07-03;1406;2795;0;392151;264987;0;56.7;38.3;0.0
14;2021-07-04;466;909;0;392617;265896;0;56.8;38.5;0.0
14;2021-07-05;1193;4595;0;393810;270491;0;57.0;39.1;0.0
14;2021-07-06;2030;5814;0;395840;276305;0;57.2;40.0;0.0
14;2021-07-07;2142;4388;0;397982;280693;0;57.6;40.6;0.0
14;2021-07-08;2755;5365;0;400737;286058;0;58.0;41.4;0.0
14;2021-07-09;2665;6143;0;403402;292201;0;58.3;42.3;0.0
14;2021-07-10;1937;3232;0;405339;295433;0;58.6;42.7;0.0
14;2021-07-11;928;976;0;406267;296409;0;58.8;42.9;0.0
14;2021-07-12;1524;5652;0;407791;302061;0;59.0;43.7;0.0
14;2021-07-13;2931;7098;0;410722;309159;0;59.4;44.7;0.0
14;2021-07-14;2158;2890;0;412880;312049;0;59.7;45.1;0.0
14;2021-07-15;3908;7243;0;416788;319292;0;60.3;46.2;0.0
14;2021-07-16;4543;7293;0;421331;326585;0;60.9;47.2;0.0
14;2021-07-17;2101;4039;0;423432;330624;0;61.2;47.8;0.0
14;2021-07-18;819;1929;0;424251;332553;0;61.4;48.1;0.0
14;2021-07-19;2577;5808;0;426828;338361;0;61.7;48.9;0.0
14;2021-07-20;3246;6875;0;430074;345236;0;62.2;49.9;0.0
14;2021-07-21;3978;5593;0;434052;350829;0;62.8;50.7;0.0
14;2021-07-22;4851;6206;0;438903;357035;0;63.5;51.6;0.0
14;2021-07-23;5175;6487;0;444078;363522;0;64.2;52.6;0.0
14;2021-07-24;2901;3667;0;446979;367189;0;64.6;53.1;0.0
14;2021-07-25;1459;1307;0;448438;368496;0;64.9;53.3;0.0
14;2021-07-26;4328;3941;0;452766;372437;0;65.5;53.9;0.0
14;2021-07-27;5078;4218;0;457844;376655;0;66.2;54.5;0.0
14;2021-07-28;4914;3804;0;462758;380459;0;66.9;55.0;0.0
14;2021-07-29;6079;4623;0;468837;385082;0;67.8;55.7;0.0
14;2021-07-30;5462;4767;0;474299;389849;0;68.6;56.4;0.0
14;2021-07-31;2739;2447;0;477038;392296;0;69.0;56.7;0.0
14;2021-08-01;1793;942;0;478831;393238;0;69.2;56.9;0.0
14;2021-08-02;3666;4029;0;482497;397267;0;69.8;57.5;0.0
14;2021-08-03;4248;3867;0;486745;401134;0;70.4;58.0;0.0
14;2021-08-04;4209;3313;0;490954;404447;0;71.0;58.5;0.0
14;2021-08-05;4322;3794;0;495276;408241;0;71.6;59.0;0.0
14;2021-08-06;4027;4537;0;499303;412778;0;72.2;59.7;0.0
14;2021-08-07;1944;2171;0;501247;414949;0;72.5;60.0;0.0
14;2021-08-08;672;890;0;501919;415839;0;72.6;60.1;0.0
14;2021-08-09;2074;2832;0;503993;418671;0;72.9;60.5;0.0
14;2021-08-10;3359;3802;0;507352;422473;0;73.4;61.1;0.0
14;2021-08-11;2807;3192;0;510159;425665;0;73.8;61.6;0.0
14;2021-08-12;3097;4178;0;513256;429843;0;74.2;62.2;0.0
14;2021-08-13;2399;3957;0;515655;433800;0;74.6;62.7;0.0
14;2021-08-14;1292;1910;0;516947;435710;0;74.8;63.0;0.0
14;2021-08-15;365;1414;0;517312;437124;0;74.8;63.2;0.0
14;2021-08-16;1692;2812;0;519004;439936;0;75.1;63.6;0.0
14;2021-08-17;2064;4341;0;521068;444277;0;75.4;64.3;0.0
14;2021-08-18;1865;4278;0;522933;448555;0;75.6;64.9;0.0
14;2021-08-19;2147;4844;0;525080;453399;0;75.9;65.6;0.0
14;2021-08-20;1971;5129;0;527051;458528;0;76.2;66.3;0.0
14;2021-08-21;933;2784;0;527984;461312;0;76.4;66.7;0.0
14;2021-08-22;195;1628;0;528179;462940;0;76.4;67.0;0.0
14;2021-08-23;1145;4059;0;529324;466999;0;76.6;67.5;0.0
14;2021-08-24;1246;4211;0;530570;471210;0;76.7;68.1;0.0
14;2021-08-25;1299;4022;0;531869;475232;0;76.9;68.7;0.0
14;2021-08-26;1322;4686;0;533191;479918;0;77.1;69.4;0.0
14;2021-08-27;1347;4973;0;534538;484891;0;77.3;70.1;0.0
14;2021-08-28;714;2821;0;535252;487712;0;77.4;70.5;0.0
14;2021-08-29;201;1049;0;535453;488761;0;77.4;70.7;0.0
14;2021-08-30;921;3385;71;536374;492146;71;77.6;71.2;0.0
14;2021-08-31;1225;4430;155;537599;496576;226;77.7;71.8;0.0
14;2021-09-01;1005;3417;349;538604;499993;575;77.9;72.3;0.1
14;2021-09-02;816;2814;312;539420;502807;887;78.0;72.7;0.1
14;2021-09-03;1053;3501;479;540473;506308;1366;78.2;73.2;0.2
14;2021-09-04;677;2204;144;541150;508512;1510;78.3;73.5;0.2
14;2021-09-05;145;432;54;541295;508944;1564;78.3;73.6;0.2
14;2021-09-06;449;1735;375;541744;510679;1939;78.3;73.9;0.3
14;2021-09-07;474;1799;348;542218;512478;2287;78.4;74.1;0.3
14;2021-09-08;647;2535;430;542865;515013;2717;78.5;74.5;0.4
14;2021-09-09;568;1676;399;543433;516689;3116;78.6;74.7;0.5
14;2021-09-10;732;2290;579;544165;518979;3695;78.7;75.1;0.5
14;2021-09-11;512;1428;143;544677;520407;3838;78.8;75.3;0.6
14;2021-09-12;72;265;51;544749;520672;3889;78.8;75.3;0.6
14;2021-09-13;319;1083;506;545068;521755;4395;78.8;75.5;0.6
14;2021-09-14;635;1224;839;545703;522979;5234;78.9;75.6;0.8
14;2021-09-15;689;1866;713;546392;524845;5947;79.0;75.9;0.9
14;2021-09-16;530;1178;744;546922;526023;6691;79.1;76.1;1.0
14;2021-09-17;570;1324;634;547492;527347;7325;79.2;76.3;1.1
14;2021-09-18;249;985;110;547741;528332;7435;79.2;76.4;1.1
14;2021-09-19;45;150;10;547786;528482;7445;79.2;76.4;1.1
14;2021-09-20;331;728;705;548117;529210;8150;79.3;76.5;1.2
14;2021-09-21;463;766;845;548580;529976;8995;79.3;76.6;1.3
14;2021-09-22;406;1568;811;548986;531544;9806;79.4;76.9;1.4
14;2021-09-23;397;724;775;549383;532268;10581;79.5;77.0;1.5
14;2021-09-24;412;1230;928;549795;533498;11509;79.5;77.2;1.7
14;2021-09-25;200;713;118;549995;534211;11627;79.5;77.3;1.7
14;2021-09-26;41;144;18;550036;534355;11645;79.5;77.3;1.7
14;2021-09-27;270;681;645;550306;535036;12290;79.6;77.4;1.8
14;2021-09-28;345;640;669;550651;535676;12959;79.6;77.5;1.9
14;2021-09-29;301;882;633;550952;536558;13592;79.7;77.6;2.0
14;2021-09-30;313;616;896;551265;537174;14488;79.7;77.7;2.1
14;2021-10-01;442;788;627;551707;537962;15115;79.8;77.8;2.2
14;2021-10-02;264;546;191;551971;538508;15306;79.8;77.9;2.2
14;2021-10-03;35;67;13;552006;538575;15319;79.8;77.9;2.2
14;2021-10-04;268;461;672;552274;539036;15991;79.9;78.0;2.3
14;2021-10-05;261;452;793;552535;539488;16784;79.9;78.0;2.4
14;2021-10-06;366;768;790;552901;540256;17574;80.0;78.1;2.5
14;2021-10-07;218;409;642;553119;540665;18216;80.0;78.2;2.6
14;2021-10-08;380;761;948;553499;541426;19164;80.0;78.3;2.8
14;2021-10-09;193;356;150;553692;541782;19314;80.1;78.4;2.8
14;2021-10-10;8;8;5;553700;541790;19319;80.1;78.4;2.8
14;2021-10-11;173;448;635;553873;542238;19954;80.1;78.4;2.9
14;2021-10-12;287;555;1027;554160;542793;20981;80.1;78.5;3.0
14;2021-10-13;330;471;821;554490;543264;21802;80.2;78.6;3.2
14;2021-10-14;198;418;732;554688;543682;22534;80.2;78.6;3.3
14;2021-10-15;420;551;1375;555108;544233;23909;80.3;78.7;3.5
14;2021-10-16;185;261;552;555293;544494;24461;80.3;78.7;3.5
14;2021-10-17;3;9;11;555296;544503;24472;80.3;78.7;3.5
14;2021-10-18;199;327;729;555495;544830;25201;80.3;78.8;3.6
14;2021-10-19;194;405;980;555689;545235;26181;80.4;78.9;3.8
14;2021-10-20;218;326;904;555907;545561;27085;80.4;78.9;3.9
14;2021-10-21;216;459;976;556123;546020;28061;80.4;79.0;4.1
14;2021-10-22;345;473;1375;556468;546493;29436;80.5;79.0;4.3
14;2021-10-23;166;247;309;556634;546740;29745;80.5;79.1;4.3
14;2021-10-24;10;11;78;556644;546751;29823;80.5;79.1;4.3
14;2021-10-25;194;272;1233;556838;547023;31056;80.5;79.1;4.5
14;2021-10-26;181;218;950;557019;547241;32006;80.6;79.1;4.6
14;2021-10-27;202;436;1447;557221;547677;33453;80.6;79.2;4.8
14;2021-10-28;139;162;823;557360;547839;34276;80.6;79.2;5.0
14;2021-10-29;281;413;1734;557641;548252;36010;80.6;79.3;5.2
14;2021-10-30;97;188;238;557738;548440;36248;80.7;79.3;5.2
14;2021-10-31;2;7;15;557740;548447;36263;80.7;79.3;5.2
14;2021-11-01;8;4;10;557748;548451;36273;80.7;79.3;5.2
14;2021-11-02;186;298;1025;557934;548749;37298;80.7;79.4;5.4
14;2021-11-03;219;319;1443;558153;549068;38741;80.7;79.4;5.6
14;2021-11-04;157;218;1221;558310;549286;39962;80.7;79.4;5.8
14;2021-11-05;257;365;1827;558567;549651;41789;80.8;79.5;6.0
14;2021-11-06;88;150;326;558655;549801;42115;80.8;79.5;6.1
14;2021-11-07;11;14;16;558666;549815;42131;80.8;79.5;6.1
14;2021-11-08;111;243;1710;558777;550058;43841;80.8;79.6;6.3
14;2021-11-09;181;317;2328;558958;550375;46169;80.8;79.6;6.7
14;2021-11-10;260;387;2168;559218;550762;48337;80.9;79.7;7.0
14;2021-11-11;18;22;41;559236;550784;48378;80.9;79.7;7.0
14;2021-11-12;243;377;2138;559479;551161;50516;80.9;79.7;7.3
14;2021-11-13;128;210;696;559607;551371;51212;80.9;79.7;7.4
14;2021-11-14;8;11;30;559615;551382;51242;80.9;79.7;7.4
14;2021-11-15;135;262;2399;559750;551644;53641;81.0;79.8;7.8
14;2021-11-16;173;205;2577;559923;551849;56218;81.0;79.8;8.1
14;2021-11-17;261;313;2838;560184;552162;59056;81.0;79.9;8.5
14;2021-11-18;174;220;2235;560358;552382;61291;81.0;79.9;8.9
14;2021-11-19;361;434;4029;560719;552816;65320;81.1;79.9;9.4
14;2021-11-20;150;157;822;560869;552973;66142;81.1;80.0;9.6
14;2021-11-21;15;19;42;560884;552992;66184;81.1;80.0;9.6
14;2021-11-22;139;139;2392;561023;553131;68576;81.1;80.0;9.9
14;2021-11-23;231;165;3389;561254;553296;71965;81.2;80.0;10.4
14;2021-11-24;333;309;2880;561587;553605;74845;81.2;80.1;10.8
14;2021-11-25;177;143;2651;561764;553748;77496;81.2;80.1;11.2
14;2021-11-26;292;355;6061;562056;554103;83557;81.3;80.1;12.1
14;2021-11-27;146;171;2809;562202;554274;86366;81.3;80.2;12.5
14;2021-11-28;45;25;1570;562247;554299;87936;81.3;80.2;12.7
14;2021-11-29;128;159;4274;562375;554458;92210;81.3;80.2;13.3
14;2021-11-30;239;220;7161;562614;554678;99371;81.4;80.2;14.4
14;2021-12-01;236;224;7169;562850;554902;106540;81.4;80.3;15.4
14;2021-12-02;193;167;7998;563043;555069;114538;81.4;80.3;16.6
14;2021-12-03;211;246;10332;563254;555315;124870;81.5;80.3;18.1
14;2021-12-04;106;137;3926;563360;555452;128796;81.5;80.3;18.6
14;2021-12-05;33;25;2175;563393;555477;130971;81.5;80.3;18.9
14;2021-12-06;116;147;5397;563509;555624;136368;81.5;80.4;19.7
14;2021-12-07;206;201;8778;563715;555825;145146;81.5;80.4;21.0
14;2021-12-08;191;232;7440;563906;556057;152586;81.6;80.4;22.1
14;2021-12-09;195;203;8581;564101;556260;161167;81.6;80.4;23.3
14;2021-12-10;238;350;10497;564339;556610;171664;81.6;80.5;24.8
14;2021-12-11;99;131;3616;564438;556741;175280;81.6;80.5;25.3
14;2021-12-12;48;52;2108;564486;556793;177388;81.6;80.5;25.7
14;2021-12-13;146;185;6530;564632;556978;183918;81.7;80.6;26.6
14;2021-12-14;217;266;9868;564849;557244;193786;81.7;80.6;28.0
14;2021-12-15;212;304;8702;565061;557548;202488;81.7;80.6;29.3
14;2021-12-16;194;219;9184;565255;557767;211672;81.7;80.7;30.6
14;2021-12-17;275;418;12195;565530;558185;223867;81.8;80.7;32.4
14;2021-12-18;156;158;5989;565686;558343;229856;81.8;80.7;33.2
14;2021-12-19;63;64;2298;565749;558407;232154;81.8;80.8;33.6
14;2021-12-20;245;227;7611;565994;558634;239765;81.9;80.8;34.7
14;2021-12-21;324;287;8057;566318;558921;247822;81.9;80.8;35.8
14;2021-12-22;315;256;7498;566633;559177;255320;81.9;80.9;36.9
14;2021-12-23;284;215;5040;566917;559392;260360;82.0;80.9;37.7
14;2021-12-24;37;35;481;566954;559427;260841;82.0;80.9;37.7
14;2021-12-25;2;3;35;566956;559430;260876;82.0;80.9;37.7
14;2021-12-26;9;14;204;566965;559444;261080;82.0;80.9;37.8
15;2020-12-27;0;0;0;0;0;0;0.0;0.0;0.0
15;2020-12-28;0;0;0;0;0;0;0.0;0.0;0.0
15;2020-12-29;0;0;0;0;0;0;0.0;0.0;0.0
15;2020-12-30;0;0;0;0;0;0;0.0;0.0;0.0
15;2020-12-31;0;0;0;0;0;0;0.0;0.0;0.0
15;2021-01-01;1;0;0;1;0;0;0.0;0.0;0.0
15;2021-01-02;0;0;0;1;0;0;0.0;0.0;0.0
15;2021-01-03;0;0;0;1;0;0;0.0;0.0;0.0
15;2021-01-04;0;0;0;1;0;0;0.0;0.0;0.0
15;2021-01-05;0;0;0;1;0;0;0.0;0.0;0.0
15;2021-01-06;1;0;0;2;0;0;0.0;0.0;0.0
15;2021-01-07;71;1;0;73;1;0;0.1;0.0;0.0
15;2021-01-08;102;2;0;175;3;0;0.1;0.0;0.0
15;2021-01-09;1;0;0;176;3;0;0.1;0.0;0.0
15;2021-01-10;3;0;0;179;3;0;0.1;0.0;0.0
15;2021-01-11;95;1;0;274;4;0;0.2;0.0;0.0
15;2021-01-12;98;0;0;372;4;0;0.3;0.0;0.0
15;2021-01-13;246;0;0;618;4;0;0.4;0.0;0.0
15;2021-01-14;305;5;0;923;9;0;0.6;0.0;0.0
15;2021-01-15;137;0;0;1060;9;0;0.7;0.0;0.0
15;2021-01-16;83;0;0;1143;9;0;0.8;0.0;0.0
15;2021-01-17;0;0;0;1143;9;0;0.8;0.0;0.0
15;2021-01-18;384;4;0;1527;13;0;1.1;0.0;0.0
15;2021-01-19;483;0;0;2010;13;0;1.4;0.0;0.0
15;2021-01-20;577;2;0;2587;15;0;1.8;0.0;0.0
15;2021-01-21;522;4;0;3109;19;0;2.2;0.0;0.0
15;2021-01-22;496;4;0;3605;23;0;2.5;0.0;0.0
15;2021-01-23;400;1;0;4005;24;0;2.8;0.0;0.0
15;2021-01-24;4;0;0;4009;24;0;2.8;0.0;0.0
15;2021-01-25;382;0;0;4391;24;0;3.1;0.0;0.0
15;2021-01-26;418;0;0;4809;24;0;3.4;0.0;0.0
15;2021-01-27;755;8;0;5564;32;0;3.9;0.0;0.0
15;2021-01-28;634;50;0;6198;82;0;4.3;0.1;0.0
15;2021-01-29;333;73;0;6531;155;0;4.6;0.1;0.0
15;2021-01-30;200;2;0;6731;157;0;4.7;0.1;0.0
15;2021-01-31;0;0;0;6731;157;0;4.7;0.1;0.0
15;2021-02-01;230;90;0;6961;247;0;4.9;0.2;0.0
15;2021-02-02;177;86;0;7138;333;0;5.0;0.2;0.0
15;2021-02-03;263;177;0;7401;510;0;5.2;0.4;0.0
15;2021-02-04;621;196;0;8022;706;0;5.6;0.5;0.0
15;2021-02-05;277;236;0;8299;942;0;5.8;0.7;0.0
15;2021-02-06;89;70;0;8388;1012;0;5.9;0.7;0.0
15;2021-02-07;0;0;0;8388;1012;0;5.9;0.7;0.0
15;2021-02-08;220;106;0;8608;1118;0;6.0;0.8;0.0
15;2021-02-09;192;100;0;8800;1218;0;6.2;0.9;0.0
15;2021-02-10;339;234;0;9139;1452;0;6.4;1.0;0.0
15;2021-02-11;132;211;0;9271;1663;0;6.5;1.2;0.0
15;2021-02-12;141;164;0;9412;1827;0;6.6;1.3;0.0
15;2021-02-13;91;74;0;9503;1901;0;6.7;1.3;0.0
15;2021-02-14;0;0;0;9503;1901;0;6.7;1.3;0.0
15;2021-02-15;62;216;0;9565;2117;0;6.7;1.5;0.0
15;2021-02-16;54;278;0;9619;2395;0;6.7;1.7;0.0
15;2021-02-17;130;448;0;9749;2843;0;6.8;2.0;0.0
15;2021-02-18;105;738;0;9854;3581;0;6.9;2.5;0.0
15;2021-02-19;101;421;0;9955;4002;0;7.0;2.8;0.0
15;2021-02-20;19;242;0;9974;4244;0;7.0;3.0;0.0
15;2021-02-21;0;1;0;9974;4245;0;7.0;3.0;0.0
15;2021-02-22;25;485;0;9999;4730;0;7.0;3.3;0.0
15;2021-02-23;181;448;0;10180;5178;0;7.1;3.6;0.0
15;2021-02-24;48;426;0;10228;5604;0;7.2;3.9;0.0
15;2021-02-25;220;950;0;10448;6554;0;7.3;4.6;0.0
15;2021-02-26;176;446;0;10624;7000;0;7.4;4.9;0.0
15;2021-02-27;123;81;0;10747;7081;0;7.5;5.0;0.0
15;2021-02-28;1;0;0;10748;7081;0;7.5;5.0;0.0
15;2021-03-01;112;214;0;10860;7295;0;7.6;5.1;0.0
15;2021-03-02;249;300;0;11109;7595;0;7.8;5.3;0.0
15;2021-03-03;237;37;0;11346;7632;0;7.9;5.3;0.0
15;2021-03-04;253;265;0;11599;7897;0;8.1;5.5;0.0
15;2021-03-05;348;163;0;11947;8060;0;8.4;5.6;0.0
15;2021-03-06;669;14;0;12616;8074;0;8.8;5.7;0.0
15;2021-03-07;98;3;0;12714;8077;0;8.9;5.7;0.0
15;2021-03-08;102;107;0;12816;8184;0;9.0;5.7;0.0
15;2021-03-09;293;283;0;13109;8467;0;9.2;5.9;0.0
15;2021-03-10;455;174;0;13564;8641;0;9.5;6.1;0.0
15;2021-03-11;417;307;0;13981;8948;0;9.8;6.3;0.0
15;2021-03-12;536;102;0;14517;9050;0;10.2;6.3;0.0
15;2021-03-13;354;9;0;14871;9059;0;10.4;6.3;0.0
15;2021-03-14;18;1;0;14889;9060;0;10.4;6.3;0.0
15;2021-03-15;557;60;0;15446;9120;0;10.8;6.4;0.0
15;2021-03-16;333;31;0;15779;9151;0;11.0;6.4;0.0
15;2021-03-17;204;42;0;15983;9193;0;11.2;6.4;0.0
15;2021-03-18;245;113;0;16228;9306;0;11.4;6.5;0.0
15;2021-03-19;698;48;0;16926;9354;0;11.9;6.5;0.0
15;2021-03-20;140;34;0;17066;9388;0;12.0;6.6;0.0
15;2021-03-21;7;0;0;17073;9388;0;12.0;6.6;0.0
15;2021-03-22;591;79;0;17664;9467;0;12.4;6.6;0.0
15;2021-03-23;774;100;0;18438;9567;0;12.9;6.7;0.0
15;2021-03-24;923;44;0;19361;9611;0;13.6;6.7;0.0
15;2021-03-25;1245;50;0;20606;9661;0;14.4;6.8;0.0
15;2021-03-26;1003;66;0;21609;9727;0;15.1;6.8;0.0
15;2021-03-27;311;8;0;21920;9735;0;15.3;6.8;0.0
15;2021-03-28;25;0;0;21945;9735;0;15.4;6.8;0.0
15;2021-03-29;734;24;0;22679;9759;0;15.9;6.8;0.0
15;2021-03-30;1097;191;0;23776;9950;0;16.6;7.0;0.0
15;2021-03-31;942;41;0;24718;9991;0;17.3;7.0;0.0
15;2021-04-01;1202;103;0;25920;10094;0;18.1;7.1;0.0
15;2021-04-02;1083;70;0;27003;10164;0;18.9;7.1;0.0
15;2021-04-03;133;24;0;27136;10188;0;19.0;7.1;0.0
15;2021-04-04;4;0;0;27140;10188;0;19.0;7.1;0.0
15;2021-04-05;37;2;0;27177;10190;0;19.0;7.1;0.0
15;2021-04-06;783;102;0;27960;10292;0;19.6;7.2;0.0
15;2021-04-07;679;104;0;28639;10396;0;20.1;7.3;0.0
15;2021-04-08;1135;187;0;29774;10583;0;20.8;7.4;0.0
15;2021-04-09;1171;126;0;30945;10709;0;21.7;7.5;0.0
15;2021-04-10;342;41;0;31287;10750;0;21.9;7.5;0.0
15;2021-04-11;35;2;0;31322;10752;0;21.9;7.5;0.0
15;2021-04-12;611;461;0;31933;11213;0;22.4;7.9;0.0
15;2021-04-13;1087;334;0;33020;11547;0;23.1;8.1;0.0
15;2021-04-14;1012;238;0;34032;11785;0;23.8;8.3;0.0
15;2021-04-15;1124;343;0;35156;12128;0;24.6;8.5;0.0
15;2021-04-16;977;563;0;36133;12691;0;25.3;8.9;0.0
15;2021-04-17;414;23;0;36547;12714;0;25.6;8.9;0.0
15;2021-04-18;11;12;0;36558;12726;0;25.6;8.9;0.0
15;2021-04-19;527;529;0;37085;13255;0;26.0;9.3;0.0
15;2021-04-20;799;618;0;37884;13873;0;26.5;9.7;0.0
15;2021-04-21;608;599;0;38492;14472;0;27.0;10.1;0.0
15;2021-04-22;674;789;0;39166;15261;0;27.4;10.7;0.0
15;2021-04-23;718;649;0;39884;15910;0;27.9;11.1;0.0
15;2021-04-24;376;138;0;40260;16048;0;28.2;11.2;0.0
15;2021-04-25;9;9;0;40269;16057;0;28.2;11.2;0.0
15;2021-04-26;328;601;0;40597;16658;0;28.4;11.7;0.0
15;2021-04-27;489;873;0;41086;17531;0;28.8;12.3;0.0
15;2021-04-28;430;755;0;41516;18286;0;29.1;12.8;0.0
15;2021-04-29;647;999;0;42163;19285;0;29.5;13.5;0.0
15;2021-04-30;556;1029;0;42719;20314;0;29.9;14.2;0.0
15;2021-05-01;324;35;0;43043;20349;0;30.1;14.2;0.0
15;2021-05-02;38;5;0;43081;20354;0;30.2;14.3;0.0
15;2021-05-03;850;320;0;43931;20674;0;30.8;14.5;0.0
15;2021-05-04;789;792;0;44720;21466;0;31.3;15.0;0.0
15;2021-05-05;701;653;0;45421;22119;0;31.8;15.5;0.0
15;2021-05-06;857;913;0;46278;23032;0;32.4;16.1;0.0
15;2021-05-07;1115;841;0;47393;23873;0;33.2;16.7;0.0
15;2021-05-08;506;68;0;47899;23941;0;33.5;16.8;0.0
15;2021-05-09;45;25;0;47944;23966;0;33.6;16.8;0.0
15;2021-05-10;627;844;0;48571;24810;0;34.0;17.4;0.0
15;2021-05-11;1111;1140;0;49682;25950;0;34.8;18.2;0.0
15;2021-05-12;1078;813;0;50760;26763;0;35.5;18.7;0.0
15;2021-05-13;1082;398;0;51842;27161;0;36.3;19.0;0.0
15;2021-05-14;1423;561;0;53265;27722;0;37.3;19.4;0.0
15;2021-05-15;1294;396;0;54559;28118;0;38.2;19.7;0.0
15;2021-05-16;23;15;0;54582;28133;0;38.2;19.7;0.0
15;2021-05-17;1031;579;0;55613;28712;0;38.9;20.1;0.0
15;2021-05-18;1213;884;0;56826;29596;0;39.8;20.7;0.0
15;2021-05-19;1050;455;0;57876;30051;0;40.5;21.0;0.0
15;2021-05-20;1230;757;0;59106;30808;0;41.4;21.6;0.0
15;2021-05-21;1322;701;0;60428;31509;0;42.3;22.1;0.0
15;2021-05-22;509;183;0;60937;31692;0;42.7;22.2;0.0
15;2021-05-23;26;19;0;60963;31711;0;42.7;22.2;0.0
15;2021-05-24;671;241;0;61634;31952;0;43.2;22.4;0.0
15;2021-05-25;1124;601;0;62758;32553;0;43.9;22.8;0.0
15;2021-05-26;1094;478;0;63852;33031;0;44.7;23.1;0.0
15;2021-05-27;1269;690;0;65121;33721;0;45.6;23.6;0.0
15;2021-05-28;1468;893;0;66589;34614;0;46.6;24.2;0.0
15;2021-05-29;930;355;0;67519;34969;0;47.3;24.5;0.0
15;2021-05-30;55;34;0;67574;35003;0;47.3;24.5;0.0
15;2021-05-31;1156;488;0;68730;35491;0;48.1;24.9;0.0
15;2021-06-01;1333;580;0;70063;36071;0;49.1;25.3;0.0
15;2021-06-02;860;434;0;70923;36505;0;49.7;25.6;0.0
15;2021-06-03;904;735;0;71827;37240;0;50.3;26.1;0.0
15;2021-06-04;1047;725;0;72874;37965;0;51.0;26.6;0.0
15;2021-06-05;638;268;0;73512;38233;0;51.5;26.8;0.0
15;2021-06-06;35;32;0;73547;38265;0;51.5;26.8;0.0
15;2021-06-07;749;375;0;74296;38640;0;52.0;27.1;0.0
15;2021-06-08;491;418;0;74787;39058;0;52.4;27.3;0.0
15;2021-06-09;441;411;0;75228;39469;0;52.7;27.6;0.0
15;2021-06-10;309;519;0;75537;39988;0;52.9;28.0;0.0
15;2021-06-11;608;1078;0;76145;41066;0;53.3;28.8;0.0
15;2021-06-12;373;486;0;76518;41552;0;53.6;29.1;0.0
15;2021-06-13;25;25;0;76543;41577;0;53.6;29.1;0.0
15;2021-06-14;517;930;0;77060;42507;0;54.0;29.8;0.0
15;2021-06-15;438;1142;0;77498;43649;0;54.3;30.6;0.0
15;2021-06-16;605;900;0;78103;44549;0;54.7;31.2;0.0
15;2021-06-17;305;972;0;78408;45521;0;54.9;31.9;0.0
15;2021-06-18;733;1182;0;79141;46703;0;55.4;32.7;0.0
15;2021-06-19;502;698;0;79643;47401;0;55.8;33.2;0.0
15;2021-06-20;22;18;0;79665;47419;0;55.8;33.2;0.0
15;2021-06-21;280;982;0;79945;48401;0;56.0;33.9;0.0
15;2021-06-22;237;1385;0;80182;49786;0;56.1;34.9;0.0
15;2021-06-23;359;1401;0;80541;51187;0;56.4;35.8;0.0
15;2021-06-24;295;1105;0;80836;52292;0;56.6;36.6;0.0
15;2021-06-25;369;1566;0;81205;53858;0;56.9;37.7;0.0
15;2021-06-26;163;879;0;81368;54737;0;57.0;38.3;0.0
15;2021-06-27;6;27;0;81374;54764;0;57.0;38.3;0.0
15;2021-06-28;188;1236;0;81562;56000;0;57.1;39.2;0.0
15;2021-06-29;280;1224;0;81842;57224;0;57.3;40.1;0.0
15;2021-06-30;300;1017;0;82142;58241;0;57.5;40.8;0.0
15;2021-07-01;373;1204;0;82515;59445;0;57.8;41.6;0.0
15;2021-07-02;397;1331;0;82912;60776;0;58.1;42.6;0.0
15;2021-07-03;240;690;0;83152;61466;0;58.2;43.0;0.0
15;2021-07-04;4;21;0;83156;61487;0;58.2;43.1;0.0
15;2021-07-05;227;1214;0;83383;62701;0;58.4;43.9;0.0
15;2021-07-06;244;1437;0;83627;64138;0;58.6;44.9;0.0
15;2021-07-07;277;1311;0;83904;65449;0;58.8;45.8;0.0
15;2021-07-08;459;1327;0;84363;66776;0;59.1;46.8;0.0
15;2021-07-09;459;1707;0;84822;68483;0;59.4;48.0;0.0
15;2021-07-10;216;871;1;85038;69354;1;59.5;48.6;0.0
15;2021-07-11;9;27;0;85047;69381;1;59.6;48.6;0.0
15;2021-07-12;246;1422;0;85293;70803;1;59.7;49.6;0.0
15;2021-07-13;565;1655;0;85858;72458;1;60.1;50.7;0.0
15;2021-07-14;47;132;0;85905;72590;1;60.2;50.8;0.0
15;2021-07-15;1048;750;0;86953;73340;1;60.9;51.4;0.0
15;2021-07-16;1060;1224;0;88013;74564;1;61.6;52.2;0.0
15;2021-07-17;753;898;0;88766;75462;1;62.2;52.8;0.0
15;2021-07-18;37;18;0;88803;75480;1;62.2;52.9;0.0
15;2021-07-19;973;1158;0;89776;76638;1;62.9;53.7;0.0
15;2021-07-20;1409;553;0;91185;77191;1;63.9;54.1;0.0
15;2021-07-21;1050;595;0;92235;77786;1;64.6;54.5;0.0
15;2021-07-22;817;528;0;93052;78314;1;65.2;54.8;0.0
15;2021-07-23;1221;1013;0;94273;79327;1;66.0;55.5;0.0
15;2021-07-24;616;734;0;94889;80061;1;66.4;56.1;0.0
15;2021-07-25;25;43;0;94914;80104;1;66.5;56.1;0.0
15;2021-07-26;1064;491;0;95978;80595;1;67.2;56.4;0.0
15;2021-07-27;1426;531;0;97404;81126;1;68.2;56.8;0.0
15;2021-07-28;1090;531;0;98494;81657;1;69.0;57.2;0.0
15;2021-07-29;791;433;0;99285;82090;1;69.5;57.5;0.0
15;2021-07-30;912;1030;0;100197;83120;1;70.2;58.2;0.0
15;2021-07-31;563;597;0;100760;83717;1;70.6;58.6;0.0
15;2021-08-01;42;24;0;100802;83741;1;70.6;58.6;0.0
15;2021-08-02;933;486;0;101735;84227;1;71.2;59.0;0.0
15;2021-08-03;981;358;0;102716;84585;1;71.9;59.2;0.0
15;2021-08-04;771;383;0;103487;84968;1;72.5;59.5;0.0
15;2021-08-05;441;311;0;103928;85279;1;72.8;59.7;0.0
15;2021-08-06;750;1131;0;104678;86410;1;73.3;60.5;0.0
15;2021-08-07;249;1064;0;104927;87474;1;73.5;61.3;0.0
15;2021-08-08;9;19;0;104936;87493;1;73.5;61.3;0.0
15;2021-08-09;462;1005;0;105398;88498;1;73.8;62.0;0.0
15;2021-08-10;382;652;0;105780;89150;1;74.1;62.4;0.0
15;2021-08-11;431;872;0;106211;90022;1;74.4;63.0;0.0
15;2021-08-12;488;1097;0;106699;91119;1;74.7;63.8;0.0
15;2021-08-13;610;1002;0;107309;92121;1;75.1;64.5;0.0
15;2021-08-14;170;538;0;107479;92659;1;75.3;64.9;0.0
15;2021-08-15;32;30;0;107511;92689;1;75.3;64.9;0.0
15;2021-08-16;359;981;0;107870;93670;1;75.5;65.6;0.0
15;2021-08-17;366;1017;0;108236;94687;1;75.8;66.3;0.0
15;2021-08-18;392;747;0;108628;95434;1;76.1;66.8;0.0
15;2021-08-19;277;834;0;108905;96268;1;76.3;67.4;0.0
15;2021-08-20;518;1101;0;109423;97369;1;76.6;68.2;0.0
15;2021-08-21;190;766;0;109613;98135;1;76.8;68.7;0.0
15;2021-08-22;17;39;0;109630;98174;1;76.8;68.7;0.0
15;2021-08-23;214;570;0;109844;98744;1;76.9;69.1;0.0
15;2021-08-24;226;534;0;110070;99278;1;77.1;69.5;0.0
15;2021-08-25;200;511;0;110270;99789;1;77.2;69.9;0.0
15;2021-08-26;139;455;0;110409;100244;1;77.3;70.2;0.0
15;2021-08-27;325;1230;0;110734;101474;1;77.5;71.1;0.0
15;2021-08-28;192;806;0;110926;102280;1;77.7;71.6;0.0
15;2021-08-29;14;22;0;110940;102302;1;77.7;71.6;0.0
15;2021-08-30;202;981;3;111142;103283;4;77.8;72.3;0.0
15;2021-08-31;358;651;18;111500;103934;22;78.1;72.8;0.0
15;2021-09-01;183;420;42;111683;104354;64;78.2;73.1;0.0
15;2021-09-02;104;308;36;111787;104662;100;78.3;73.3;0.1
15;2021-09-03;187;815;117;111974;105477;217;78.4;73.9;0.2
15;2021-09-04;148;332;66;112122;105809;283;78.5;74.1;0.2
15;2021-09-05;4;20;1;112126;105829;284;78.5;74.1;0.2
15;2021-09-06;104;320;170;112230;106149;454;78.6;74.3;0.3
15;2021-09-07;106;204;68;112336;106353;522;78.7;74.5;0.4
15;2021-09-08;200;416;186;112536;106769;708;78.8;74.8;0.5
15;2021-09-09;111;366;84;112647;107135;792;78.9;75.0;0.6
15;2021-09-10;212;672;238;112859;107807;1030;79.0;75.5;0.7
15;2021-09-11;92;276;68;112951;108083;1098;79.1;75.7;0.8
15;2021-09-12;4;9;1;112955;108092;1099;79.1;75.7;0.8
15;2021-09-13;93;253;150;113048;108345;1249;79.2;75.9;0.9
15;2021-09-14;127;124;138;113175;108469;1387;79.2;76.0;1.0
15;2021-09-15;74;244;109;113249;108713;1496;79.3;76.1;1.0
15;2021-09-16;45;136;188;113294;108849;1684;79.3;76.2;1.2
15;2021-09-17;238;550;271;113532;109399;1955;79.5;76.6;1.4
15;2021-09-18;71;334;75;113603;109733;2030;79.5;76.8;1.4
15;2021-09-19;2;7;1;113605;109740;2031;79.5;76.8;1.4
15;2021-09-20;103;205;207;113708;109945;2238;79.6;77.0;1.6
15;2021-09-21;41;110;135;113749;110055;2373;79.7;77.1;1.7
15;2021-09-22;79;312;212;113828;110367;2585;79.7;77.3;1.8
15;2021-09-23;41;109;162;113869;110476;2747;79.7;77.4;1.9
15;2021-09-24;128;311;300;113997;110787;3047;79.8;77.6;2.1
15;2021-09-25;38;208;66;114035;110995;3113;79.9;77.7;2.2
15;2021-09-26;2;5;0;114037;111000;3113;79.9;77.7;2.2
15;2021-09-27;84;134;173;114121;111134;3286;79.9;77.8;2.3
15;2021-09-28;79;131;82;114200;111265;3368;80.0;77.9;2.4
15;2021-09-29;67;206;210;114267;111471;3578;80.0;78.1;2.5
15;2021-09-30;31;93;109;114298;111564;3687;80.0;78.1;2.6
15;2021-10-01;113;205;224;114411;111769;3911;80.1;78.3;2.7
15;2021-10-02;29;138;58;114440;111907;3969;80.1;78.4;2.8
15;2021-10-03;0;2;0;114440;111909;3969;80.1;78.4;2.8
15;2021-10-04;54;61;144;114494;111970;4113;80.2;78.4;2.9
15;2021-10-05;32;64;164;114526;112034;4277;80.2;78.4;3.0
15;2021-10-06;71;117;200;114597;112151;4477;80.2;78.5;3.1
15;2021-10-07;40;88;146;114637;112239;4623;80.3;78.6;3.2
15;2021-10-08;52;148;133;114689;112387;4756;80.3;78.7;3.3
15;2021-10-09;53;101;87;114742;112488;4843;80.3;78.8;3.4
15;2021-10-10;1;6;6;114743;112494;4849;80.3;78.8;3.4
15;2021-10-11;48;148;168;114791;112642;5017;80.4;78.9;3.5
15;2021-10-12;37;56;138;114828;112698;5155;80.4;78.9;3.6
15;2021-10-13;74;160;221;114902;112858;5376;80.5;79.0;3.8
15;2021-10-14;25;26;84;114927;112884;5460;80.5;79.0;3.8
15;2021-10-15;61;109;224;114988;112993;5684;80.5;79.1;4.0
15;2021-10-16;47;97;85;115035;113090;5769;80.6;79.2;4.0
15;2021-10-17;1;2;0;115036;113092;5769;80.6;79.2;4.0
15;2021-10-18;44;110;229;115080;113202;5998;80.6;79.3;4.2
15;2021-10-19;22;62;216;115102;113264;6214;80.6;79.3;4.4
15;2021-10-20;28;76;323;115130;113340;6537;80.6;79.4;4.6
15;2021-10-21;28;40;200;115158;113380;6737;80.6;79.4;4.7
15;2021-10-22;16;68;191;115174;113448;6928;80.6;79.4;4.9
15;2021-10-23;15;70;171;115189;113518;7099;80.7;79.5;5.0
15;2021-10-24;0;0;10;115189;113518;7109;80.7;79.5;5.0
15;2021-10-25;28;55;205;115217;113573;7314;80.7;79.5;5.1
15;2021-10-26;15;35;177;115232;113608;7491;80.7;79.6;5.2
15;2021-10-27;31;81;441;115263;113689;7932;80.7;79.6;5.6
15;2021-10-28;14;10;88;115277;113699;8020;80.7;79.6;5.6
15;2021-10-29;18;57;160;115295;113756;8180;80.7;79.7;5.7
15;2021-10-30;13;49;227;115308;113805;8407;80.7;79.7;5.9
15;2021-10-31;1;1;4;115309;113806;8411;80.7;79.7;5.9
15;2021-11-01;0;1;2;115309;113807;8413;80.7;79.7;5.9
15;2021-11-02;18;56;262;115327;113863;8675;80.8;79.7;6.1
15;2021-11-03;40;86;463;115367;113949;9138;80.8;79.8;6.4
15;2021-11-04;39;40;382;115406;113989;9520;80.8;79.8;6.7
15;2021-11-05;20;30;242;115426;114019;9762;80.8;79.8;6.8
15;2021-11-06;19;42;202;115445;114061;9964;80.8;79.9;7.0
15;2021-11-07;0;0;10;115445;114061;9974;80.8;79.9;7.0
15;2021-11-08;36;95;533;115481;114156;10507;80.9;79.9;7.4
15;2021-11-09;16;32;387;115497;114188;10894;80.9;80.0;7.6
15;2021-11-10;32;43;774;115529;114231;11668;80.9;80.0;8.2
15;2021-11-11;0;6;16;115529;114237;11684;80.9;80.0;8.2
15;2021-11-12;13;29;284;115542;114266;11968;80.9;80.0;8.4
15;2021-11-13;29;36;348;115571;114302;12316;80.9;80.0;8.6
15;2021-11-14;0;3;13;115571;114305;12329;80.9;80.0;8.6
15;2021-11-15;14;20;446;115585;114325;12775;80.9;80.1;8.9
15;2021-11-16;22;23;799;115607;114348;13574;81.0;80.1;9.5
15;2021-11-17;43;44;859;115650;114392;14433;81.0;80.1;10.1
15;2021-11-18;27;36;700;115677;114428;15133;81.0;80.1;10.6
15;2021-11-19;23;29;405;115700;114457;15538;81.0;80.1;10.9
15;2021-11-20;27;22;527;115727;114479;16065;81.0;80.2;11.2
15;2021-11-21;0;1;15;115727;114480;16080;81.0;80.2;11.3
15;2021-11-22;17;21;537;115744;114501;16617;81.0;80.2;11.6
15;2021-11-23;23;25;579;115767;114526;17196;81.1;80.2;12.0
15;2021-11-24;47;43;1035;115814;114569;18231;81.1;80.2;12.8
15;2021-11-25;28;14;531;115842;114583;18762;81.1;80.2;13.1
15;2021-11-26;31;26;827;115873;114609;19589;81.1;80.3;13.7
15;2021-11-27;51;35;1172;115924;114644;20761;81.2;80.3;14.5
15;2021-11-28;3;1;54;115927;114645;20815;81.2;80.3;14.6
15;2021-11-29;24;22;826;115951;114667;21641;81.2;80.3;15.2
15;2021-11-30;24;23;1003;115975;114690;22644;81.2;80.3;15.9
15;2021-12-01;24;46;1908;115999;114736;24552;81.2;80.3;17.2
15;2021-12-02;26;28;1199;116025;114764;25751;81.2;80.4;18.0
15;2021-12-03;30;29;950;116055;114793;26701;81.3;80.4;18.7
15;2021-12-04;18;28;1291;116073;114821;27992;81.3;80.4;19.6
15;2021-12-05;4;0;77;116077;114821;28069;81.3;80.4;19.7
15;2021-12-06;22;37;2140;116099;114858;30209;81.3;80.4;21.2
15;2021-12-07;20;19;1405;116119;114877;31614;81.3;80.4;22.1
15;2021-12-08;27;53;2062;116146;114930;33676;81.3;80.5;23.6
15;2021-12-09;20;20;1219;116166;114950;34895;81.3;80.5;24.4
15;2021-12-10;49;27;1807;116215;114977;36702;81.4;80.5;25.7
15;2021-12-11;25;28;1455;116240;115005;38157;81.4;80.5;26.7
15;2021-12-12;3;3;92;116243;115008;38249;81.4;80.5;26.8
15;2021-12-13;32;17;2317;116275;115025;40566;81.4;80.5;28.4
15;2021-12-14;37;22;2019;116312;115047;42585;81.4;80.6;29.8
15;2021-12-15;36;56;2347;116348;115103;44932;81.5;80.6;31.5
15;2021-12-16;29;39;1773;116377;115142;46705;81.5;80.6;32.7
15;2021-12-17;32;27;1957;116409;115169;48662;81.5;80.6;34.1
15;2021-12-18;30;53;1692;116439;115222;50354;81.5;80.7;35.3
15;2021-12-19;0;1;71;116439;115223;50425;81.5;80.7;35.3
15;2021-12-20;39;52;2274;116478;115275;52699;81.6;80.7;36.9
15;2021-12-21;62;36;2069;116540;115311;54768;81.6;80.7;38.3
15;2021-12-22;47;41;1703;116587;115352;56471;81.6;80.8;39.5
15;2021-12-23;29;18;873;116616;115370;57344;81.7;80.8;40.2
15;2021-12-24;6;3;167;116622;115373;57511;81.7;80.8;40.3
15;2021-12-25;1;1;19;116623;115374;57530;81.7;80.8;40.3
15;2021-12-26;0;2;28;116623;115376;57558;81.7;80.8;40.3
16;2020-12-27;0;0;0;0;0;0;0.0;0.0;0.0
16;2020-12-28;0;0;0;0;0;0;0.0;0.0;0.0
16;2020-12-29;0;0;0;0;0;0;0.0;0.0;0.0
16;2020-12-30;1;0;0;1;0;0;0.0;0.0;0.0
16;2020-12-31;0;0;0;1;0;0;0.0;0.0;0.0
16;2021-01-01;0;0;0;1;0;0;0.0;0.0;0.0
16;2021-01-02;0;0;0;1;0;0;0.0;0.0;0.0
16;2021-01-03;0;0;0;1;0;0;0.0;0.0;0.0
16;2021-01-04;2;0;0;3;0;0;0.0;0.0;0.0
16;2021-01-05;10;0;0;13;0;0;0.0;0.0;0.0
16;2021-01-06;81;0;0;94;0;0;0.0;0.0;0.0
16;2021-01-07;237;0;0;331;0;0;0.1;0.0;0.0
16;2021-01-08;428;2;0;759;2;0;0.2;0.0;0.0
16;2021-01-09;2;0;0;761;2;0;0.2;0.0;0.0
16;2021-01-10;2;0;0;763;2;0;0.2;0.0;0.0
16;2021-01-11;300;0;0;1063;2;0;0.3;0.0;0.0
16;2021-01-12;406;1;0;1469;3;0;0.4;0.0;0.0
16;2021-01-13;460;1;0;1929;4;0;0.6;0.0;0.0
16;2021-01-14;576;7;0;2505;11;0;0.7;0.0;0.0
16;2021-01-15;482;4;0;2987;15;0;0.9;0.0;0.0
16;2021-01-16;1;0;0;2988;15;0;0.9;0.0;0.0
16;2021-01-17;0;0;0;2988;15;0;0.9;0.0;0.0
16;2021-01-18;426;5;0;3414;20;0;1.0;0.0;0.0
16;2021-01-19;794;1;0;4208;21;0;1.2;0.0;0.0
16;2021-01-20;1153;2;0;5361;23;0;1.5;0.0;0.0
16;2021-01-21;1337;13;0;6698;36;0;1.9;0.0;0.0
16;2021-01-22;1132;5;0;7830;41;0;2.2;0.0;0.0
16;2021-01-23;173;1;0;8003;42;0;2.3;0.0;0.0
16;2021-01-24;2;0;0;8005;42;0;2.3;0.0;0.0
16;2021-01-25;586;3;0;8591;45;0;2.5;0.0;0.0
16;2021-01-26;935;2;0;9526;47;0;2.7;0.0;0.0
16;2021-01-27;1276;95;0;10802;142;0;3.1;0.0;0.0
16;2021-01-28;1182;72;0;11984;214;0;3.4;0.1;0.0
16;2021-01-29;742;137;0;12726;351;0;3.7;0.1;0.0
16;2021-01-30;41;1;0;12767;352;0;3.7;0.1;0.0
16;2021-01-31;0;1;0;12767;353;0;3.7;0.1;0.0
16;2021-02-01;382;202;0;13149;555;0;3.8;0.2;0.0
16;2021-02-02;555;174;0;13704;729;0;3.9;0.2;0.0
16;2021-02-03;548;318;0;14252;1047;0;4.1;0.3;0.0
16;2021-02-04;491;266;0;14743;1313;0;4.2;0.4;0.0
16;2021-02-05;458;265;0;15201;1578;0;4.4;0.5;0.0
16;2021-02-06;4;74;0;15205;1652;0;4.4;0.5;0.0
16;2021-02-07;37;3;0;15242;1655;0;4.4;0.5;0.0
16;2021-02-08;361;232;0;15603;1887;0;4.5;0.5;0.0
16;2021-02-09;641;370;0;16244;2257;0;4.7;0.6;0.0
16;2021-02-10;684;704;0;16928;2961;0;4.9;0.9;0.0
16;2021-02-11;795;611;0;17723;3572;0;5.1;1.0;0.0
16;2021-02-12;607;784;0;18330;4356;0;5.3;1.3;0.0
16;2021-02-13;44;65;0;18374;4421;0;5.3;1.3;0.0
16;2021-02-14;0;6;0;18374;4427;0;5.3;1.3;0.0
16;2021-02-15;211;642;0;18585;5069;0;5.3;1.5;0.0
16;2021-02-16;367;933;0;18952;6002;0;5.4;1.7;0.0
16;2021-02-17;323;1179;0;19275;7181;0;5.5;2.1;0.0
16;2021-02-18;480;1147;0;19755;8328;0;5.7;2.4;0.0
16;2021-02-19;377;794;0;20132;9122;0;5.8;2.6;0.0
16;2021-02-20;3;12;0;20135;9134;0;5.8;2.6;0.0
16;2021-02-21;3;0;0;20138;9134;0;5.8;2.6;0.0
16;2021-02-22;149;509;0;20287;9643;0;5.8;2.8;0.0
16;2021-02-23;214;888;0;20501;10531;0;5.9;3.0;0.0
16;2021-02-24;252;795;0;20753;11326;0;6.0;3.3;0.0
16;2021-02-25;403;674;0;21156;12000;0;6.1;3.4;0.0
16;2021-02-26;470;480;0;21626;12480;0;6.2;3.6;0.0
16;2021-02-27;239;4;0;21865;12484;0;6.3;3.6;0.0
16;2021-02-28;5;4;0;21870;12488;0;6.3;3.6;0.0
16;2021-03-01;156;326;0;22026;12814;0;6.3;3.7;0.0
16;2021-03-02;258;634;0;22284;13448;0;6.4;3.9;0.0
16;2021-03-03;392;681;0;22676;14129;0;6.5;4.1;0.0
16;2021-03-04;826;560;0;23502;14689;0;6.7;4.2;0.0
16;2021-03-05;1118;544;0;24620;15233;0;7.1;4.4;0.0
16;2021-03-06;699;8;0;25319;15241;0;7.3;4.4;0.0
16;2021-03-07;110;19;0;25429;15260;0;7.3;4.4;0.0
16;2021-03-08;431;319;0;25860;15579;0;7.4;4.5;0.0
16;2021-03-09;790;693;0;26650;16272;0;7.7;4.7;0.0
16;2021-03-10;615;628;0;27265;16900;0;7.8;4.9;0.0
16;2021-03-11;1425;506;0;28690;17406;0;8.2;5.0;0.0
16;2021-03-12;1174;454;0;29864;17860;0;8.6;5.1;0.0
16;2021-03-13;718;13;0;30582;17873;0;8.8;5.1;0.0
16;2021-03-14;5;0;0;30587;17873;0;8.8;5.1;0.0
16;2021-03-15;483;178;0;31070;18051;0;8.9;5.2;0.0
16;2021-03-16;829;407;0;31899;18458;0;9.2;5.3;0.0
16;2021-03-17;585;251;0;32484;18709;0;9.3;5.4;0.0
16;2021-03-18;986;285;0;33470;18994;0;9.6;5.5;0.0
16;2021-03-19;1080;230;0;34550;19224;0;9.9;5.5;0.0
16;2021-03-20;392;9;0;34942;19233;0;10.0;5.5;0.0
16;2021-03-21;11;0;0;34953;19233;0;10.0;5.5;0.0
16;2021-03-22;761;113;0;35714;19346;0;10.3;5.6;0.0
16;2021-03-23;1417;112;0;37131;19458;0;10.7;5.6;0.0
16;2021-03-24;1144;164;0;38275;19622;0;11.0;5.6;0.0
16;2021-03-25;2031;97;0;40306;19719;0;11.6;5.7;0.0
16;2021-03-26;1926;105;0;42232;19824;0;12.1;5.7;0.0
16;2021-03-27;437;23;0;42669;19847;0;12.3;5.7;0.0
16;2021-03-28;1;0;0;42670;19847;0;12.3;5.7;0.0
16;2021-03-29;931;65;0;43601;19912;0;12.5;5.7;0.0
16;2021-03-30;1867;184;0;45468;20096;0;13.1;5.8;0.0
16;2021-03-31;1507;137;0;46975;20233;0;13.5;5.8;0.0
16;2021-04-01;1927;409;0;48902;20642;0;14.0;5.9;0.0
16;2021-04-02;1431;365;0;50333;21007;0;14.5;6.0;0.0
16;2021-04-03;284;7;0;50617;21014;0;14.5;6.0;0.0
16;2021-04-04;7;0;0;50624;21014;0;14.5;6.0;0.0
16;2021-04-05;38;1;0;50662;21015;0;14.6;6.0;0.0
16;2021-04-06;1973;561;0;52635;21576;0;15.1;6.2;0.0
16;2021-04-07;1871;402;0;54506;21978;0;15.7;6.3;0.0
16;2021-04-08;2713;577;0;57219;22555;0;16.4;6.5;0.0
16;2021-04-09;2628;518;0;59847;23073;0;17.2;6.6;0.0
16;2021-04-10;1234;41;0;61081;23114;0;17.5;6.6;0.0
16;2021-04-11;24;3;0;61105;23117;0;17.5;6.6;0.0
16;2021-04-12;1351;326;0;62456;23443;0;17.9;6.7;0.0
16;2021-04-13;2072;795;0;64528;24238;0;18.5;7.0;0.0
16;2021-04-14;1925;621;0;66453;24859;0;19.1;7.1;0.0
16;2021-04-15;1999;960;0;68452;25819;0;19.7;7.4;0.0
16;2021-04-16;2002;768;0;70454;26587;0;20.2;7.6;0.0
16;2021-04-17;1392;98;0;71846;26685;0;20.6;7.7;0.0
16;2021-04-18;210;8;0;72056;26693;0;20.7;7.7;0.0
16;2021-04-19;1311;537;0;73367;27230;0;21.1;7.8;0.0
16;2021-04-20;1953;1188;0;75320;28418;0;21.6;8.2;0.0
16;2021-04-21;1678;754;0;76998;29172;0;22.1;8.4;0.0
16;2021-04-22;2126;1010;0;79124;30182;0;22.7;8.7;0.0
16;2021-04-23;2234;1134;0;81358;31316;0;23.4;9.0;0.0
16;2021-04-24;779;55;0;82137;31371;0;23.6;9.0;0.0
16;2021-04-25;122;10;0;82259;31381;0;23.6;9.0;0.0
16;2021-04-26;1292;802;0;83551;32183;0;24.0;9.2;0.0
16;2021-04-27;1998;1372;0;85549;33555;0;24.6;9.6;0.0
16;2021-04-28;1563;1124;0;87112;34679;0;25.0;10.0;0.0
16;2021-04-29;2153;1435;0;89265;36114;0;25.6;10.4;0.0
16;2021-04-30;2691;1304;0;91956;37418;0;26.4;10.7;0.0
16;2021-05-01;387;77;0;92343;37495;0;26.5;10.8;0.0
16;2021-05-02;156;17;0;92499;37512;0;26.6;10.8;0.0
16;2021-05-03;2462;563;0;94961;38075;0;27.3;10.9;0.0
16;2021-05-04;1955;2007;0;96916;40082;0;27.8;11.5;0.0
16;2021-05-05;1644;1750;0;98560;41832;0;28.3;12.0;0.0
16;2021-05-06;1759;2183;0;100319;44015;0;28.8;12.6;0.0
16;2021-05-07;2827;2046;0;103146;46061;0;29.6;13.2;0.0
16;2021-05-08;1071;438;0;104217;46499;0;29.9;13.4;0.0
16;2021-05-09;475;27;0;104692;46526;0;30.1;13.4;0.0
16;2021-05-10;1785;1534;0;106477;48060;0;30.6;13.8;0.0
16;2021-05-11;2275;1905;0;108752;49965;0;31.2;14.4;0.0
16;2021-05-12;1706;1726;0;110458;51691;0;31.7;14.8;0.0
16;2021-05-13;1380;347;0;111838;52038;0;32.1;14.9;0.0
16;2021-05-14;1873;1477;0;113711;53515;0;32.7;15.4;0.0
16;2021-05-15;590;814;0;114301;54329;0;32.8;15.6;0.0
16;2021-05-16;198;32;0;114499;54361;0;32.9;15.6;0.0
16;2021-05-17;1568;1154;0;116067;55515;0;33.3;15.9;0.0
16;2021-05-18;2651;1341;0;118718;56856;0;34.1;16.3;0.0
16;2021-05-19;1969;1166;0;120687;58022;0;34.7;16.7;0.0
16;2021-05-20;2789;1350;0;123476;59372;0;35.5;17.1;0.0
16;2021-05-21;2860;1377;0;126336;60749;0;36.3;17.4;0.0
16;2021-05-22;488;635;0;126824;61384;0;36.4;17.6;0.0
16;2021-05-23;278;15;0;127102;61399;0;36.5;17.6;0.0
16;2021-05-24;1342;223;0;128444;61622;0;36.9;17.7;0.0
16;2021-05-25;2738;1399;0;131182;63021;0;37.7;18.1;0.0
16;2021-05-26;1846;1140;0;133028;64161;0;38.2;18.4;0.0
16;2021-05-27;2469;1561;0;135497;65722;0;38.9;18.9;0.0
16;2021-05-28;2832;1506;0;138329;67228;0;39.7;19.3;0.0
16;2021-05-29;828;867;0;139157;68095;0;40.0;19.6;0.0
16;2021-05-30;98;10;0;139255;68105;0;40.0;19.6;0.0
16;2021-05-31;1965;1097;0;141220;69202;0;40.6;19.9;0.0
16;2021-06-01;2328;1663;0;143548;70865;0;41.2;20.4;0.0
16;2021-06-02;1902;1448;0;145450;72313;0;41.8;20.8;0.0
16;2021-06-03;2681;1763;0;148131;74076;0;42.5;21.3;0.0
16;2021-06-04;2792;1997;0;150923;76073;0;43.3;21.8;0.0
16;2021-06-05;1041;568;0;151964;76641;0;43.6;22.0;0.0
16;2021-06-06;203;34;0;152167;76675;0;43.7;22.0;0.0
16;2021-06-07;1945;1255;0;154112;77930;0;44.3;22.4;0.0
16;2021-06-08;2378;1933;0;156490;79863;0;44.9;22.9;0.0
16;2021-06-09;2498;1572;0;158988;81435;0;45.7;23.4;0.0
16;2021-06-10;2535;1930;0;161523;83365;0;46.4;23.9;0.0
16;2021-06-11;2158;2585;0;163681;85950;0;47.0;24.7;0.0
16;2021-06-12;1544;539;0;165225;86489;0;47.5;24.8;0.0
16;2021-06-13;290;85;0;165515;86574;0;47.5;24.9;0.0
16;2021-06-14;852;2648;0;166367;89222;0;47.8;25.6;0.0
16;2021-06-15;1847;2506;0;168214;91728;0;48.3;26.3;0.0
16;2021-06-16;1614;1961;0;169828;93689;0;48.8;26.9;0.0
16;2021-06-17;2016;2342;0;171844;96031;0;49.4;27.6;0.0
16;2021-06-18;2006;3023;0;173850;99054;0;49.9;28.4;0.0
16;2021-06-19;1279;1228;0;175129;100282;0;50.3;28.8;0.0
16;2021-06-20;254;66;0;175383;100348;0;50.4;28.8;0.0
16;2021-06-21;1371;2080;0;176754;102428;0;50.8;29.4;0.0
16;2021-06-22;1660;2863;0;178414;105291;0;51.2;30.2;0.0
16;2021-06-23;1506;2021;0;179920;107312;0;51.7;30.8;0.0
16;2021-06-24;1918;2140;0;181838;109452;0;52.2;31.4;0.0
16;2021-06-25;1897;2599;0;183735;112051;0;52.8;32.2;0.0
16;2021-06-26;1007;762;0;184742;112813;0;53.1;32.4;0.0
16;2021-06-27;146;101;0;184888;112914;0;53.1;32.4;0.0
16;2021-06-28;1113;1961;0;186001;114875;0;53.4;33.0;0.0
16;2021-06-29;1195;3346;0;187196;118221;0;53.8;34.0;0.0
16;2021-06-30;1301;2668;0;188497;120889;0;54.1;34.7;0.0
16;2021-07-01;1814;3082;0;190311;123971;0;54.7;35.6;0.0
16;2021-07-02;1375;3527;0;191686;127498;0;55.1;36.6;0.0
16;2021-07-03;647;1126;0;192333;128624;0;55.2;36.9;0.0
16;2021-07-04;27;95;0;192360;128719;0;55.2;37.0;0.0
16;2021-07-05;805;2329;0;193165;131048;0;55.5;37.6;0.0
16;2021-07-06;1239;3325;0;194404;134373;0;55.8;38.6;0.0
16;2021-07-07;861;2335;0;195265;136708;0;56.1;39.3;0.0
16;2021-07-08;1193;2734;0;196458;139442;0;56.4;40.0;0.0
16;2021-07-09;1137;3601;0;197595;143043;0;56.8;41.1;0.0
16;2021-07-10;347;1345;0;197942;144388;0;56.9;41.5;0.0
16;2021-07-11;32;86;0;197974;144474;0;56.9;41.5;0.0
16;2021-07-12;658;2472;0;198632;146946;0;57.0;42.2;0.0
16;2021-07-13;1361;3486;0;199993;150432;0;57.4;43.2;0.0
16;2021-07-14;814;902;0;200807;151334;0;57.7;43.5;0.0
16;2021-07-15;1295;3367;0;202102;154701;0;58.0;44.4;0.0
16;2021-07-16;1559;3365;0;203661;158066;0;58.5;45.4;0.0
16;2021-07-17;614;1234;0;204275;159300;0;58.7;45.8;0.0
16;2021-07-18;60;73;0;204335;159373;0;58.7;45.8;0.0
16;2021-07-19;719;2819;0;205054;162192;0;58.9;46.6;0.0
16;2021-07-20;1256;3216;0;206310;165408;0;59.3;47.5;0.0
16;2021-07-21;1272;2637;0;207582;168045;0;59.6;48.3;0.0
16;2021-07-22;1962;2851;0;209544;170896;0;60.2;49.1;0.0
16;2021-07-23;1637;3464;0;211181;174360;0;60.7;50.1;0.0
16;2021-07-24;735;1215;0;211916;175575;0;60.9;50.4;0.0
16;2021-07-25;103;71;0;212019;175646;0;60.9;50.4;0.0
16;2021-07-26;1612;2132;0;213631;177778;0;61.4;51.1;0.0
16;2021-07-27;2067;2789;0;215698;180567;0;62.0;51.9;0.0
16;2021-07-28;2032;2289;0;217730;182856;0;62.5;52.5;0.0
16;2021-07-29;2448;2417;0;220178;185273;0;63.2;53.2;0.0
16;2021-07-30;2602;3001;0;222780;188274;0;64.0;54.1;0.0
16;2021-07-31;1052;1321;0;223832;189595;0;64.3;54.5;0.0
16;2021-08-01;273;46;0;224105;189641;0;64.4;54.5;0.0
16;2021-08-02;2198;1791;0;226303;191432;0;65.0;55.0;0.0
16;2021-08-03;2294;2277;0;228597;193709;0;65.7;55.6;0.0
16;2021-08-04;2282;1791;0;230879;195500;0;66.3;56.1;0.0
16;2021-08-05;2890;1585;0;233769;197085;0;67.1;56.6;0.0
16;2021-08-06;2616;2306;0;236385;199391;0;67.9;57.3;0.0
16;2021-08-07;885;628;0;237270;200019;0;68.1;57.4;0.0
16;2021-08-08;100;75;0;237370;200094;0;68.2;57.5;0.0
16;2021-08-09;2180;1127;0;239550;201221;0;68.8;57.8;0.0
16;2021-08-10;2860;1551;0;242410;202772;0;69.6;58.2;0.0
16;2021-08-11;2540;1207;0;244950;203979;0;70.4;58.6;0.0
16;2021-08-12;2037;1707;0;246987;205686;0;70.9;59.1;0.0
16;2021-08-13;2488;1424;0;249475;207110;0;71.7;59.5;0.0
16;2021-08-14;769;481;0;250244;207591;0;71.9;59.6;0.0
16;2021-08-15;62;44;0;250306;207635;0;71.9;59.6;0.0
16;2021-08-16;1296;1613;0;251602;209248;0;72.3;60.1;0.0
16;2021-08-17;1640;1685;0;253242;210933;0;72.7;60.6;0.0
16;2021-08-18;1514;1529;0;254756;212462;0;73.2;61.0;0.0
16;2021-08-19;1424;1866;0;256180;214328;0;73.6;61.6;0.0
16;2021-08-20;1452;1973;0;257632;216301;0;74.0;62.1;0.0
16;2021-08-21;525;843;0;258157;217144;0;74.1;62.4;0.0
16;2021-08-22;15;67;0;258172;217211;0;74.1;62.4;0.0
16;2021-08-23;912;2111;0;259084;219322;0;74.4;63.0;0.0
16;2021-08-24;999;2445;0;260083;221767;0;74.7;63.7;0.0
16;2021-08-25;810;1884;0;260893;223651;0;74.9;64.2;0.0
16;2021-08-26;828;2597;0;261721;226248;0;75.2;65.0;0.0
16;2021-08-27;813;2531;0;262534;228779;0;75.4;65.7;0.0
16;2021-08-28;277;847;0;262811;229626;0;75.5;66.0;0.0
16;2021-08-29;15;67;0;262826;229693;0;75.5;66.0;0.0
16;2021-08-30;610;2369;22;263436;232062;22;75.7;66.7;0.0
16;2021-08-31;669;2657;79;264105;234719;101;75.9;67.4;0.0
16;2021-09-01;482;2339;182;264587;237058;283;76.0;68.1;0.1
16;2021-09-02;538;2109;290;265125;239167;573;76.1;68.7;0.2
16;2021-09-03;531;2509;273;265656;241676;846;76.3;69.4;0.2
16;2021-09-04;329;937;56;265985;242613;902;76.4;69.7;0.3
16;2021-09-05;14;55;3;265999;242668;905;76.4;69.7;0.3
16;2021-09-06;287;1400;291;266286;244068;1196;76.5;70.1;0.3
16;2021-09-07;355;1617;319;266641;245685;1515;76.6;70.6;0.4
16;2021-09-08;360;1891;216;267001;247576;1731;76.7;71.1;0.5
16;2021-09-09;335;1478;217;267336;249054;1948;76.8;71.5;0.6
16;2021-09-10;415;1690;319;267751;250744;2267;76.9;72.0;0.7
16;2021-09-11;197;765;69;267948;251509;2336;77.0;72.2;0.7
16;2021-09-12;17;28;1;267965;251537;2337;77.0;72.2;0.7
16;2021-09-13;241;974;348;268206;252511;2685;77.0;72.5;0.8
16;2021-09-14;365;925;650;268571;253436;3335;77.1;72.8;1.0
16;2021-09-15;354;1301;420;268925;254737;3755;77.2;73.2;1.1
16;2021-09-16;319;833;759;269244;255570;4514;77.3;73.4;1.3
16;2021-09-17;471;1254;400;269715;256824;4914;77.5;73.8;1.4
16;2021-09-18;107;511;46;269822;257335;4960;77.5;73.9;1.4
16;2021-09-19;3;17;5;269825;257352;4965;77.5;73.9;1.4
16;2021-09-20;175;635;583;270000;257987;5548;77.5;74.1;1.6
16;2021-09-21;183;663;634;270183;258650;6182;77.6;74.3;1.8
16;2021-09-22;187;923;361;270370;259573;6543;77.7;74.6;1.9
16;2021-09-23;160;518;458;270530;260091;7001;77.7;74.7;2.0
16;2021-09-24;300;974;466;270830;261065;7467;77.8;75.0;2.1
16;2021-09-25;74;424;42;270904;261489;7509;77.8;75.1;2.2
16;2021-09-26;3;10;26;270907;261499;7535;77.8;75.1;2.2
16;2021-09-27;187;541;559;271094;262040;8094;77.9;75.3;2.3
16;2021-09-28;128;509;538;271222;262549;8632;77.9;75.4;2.5
16;2021-09-29;179;556;584;271401;263105;9216;77.9;75.6;2.6
16;2021-09-30;111;455;498;271512;263560;9714;78.0;75.7;2.8
16;2021-10-01;245;481;457;271757;264041;10171;78.1;75.8;2.9
16;2021-10-02;83;308;74;271840;264349;10245;78.1;75.9;2.9
16;2021-10-03;1;12;9;271841;264361;10254;78.1;75.9;2.9
16;2021-10-04;123;323;398;271964;264684;10652;78.1;76.0;3.1
16;2021-10-05;130;357;449;272094;265041;11101;78.1;76.1;3.2
16;2021-10-06;176;482;428;272270;265523;11529;78.2;76.3;3.3
16;2021-10-07;126;311;326;272396;265834;11855;78.2;76.3;3.4
16;2021-10-08;227;624;640;272623;266458;12495;78.3;76.5;3.6
16;2021-10-09;75;167;74;272698;266625;12569;78.3;76.6;3.6
16;2021-10-10;2;13;13;272700;266638;12582;78.3;76.6;3.6
16;2021-10-11;108;247;556;272808;266885;13138;78.4;76.7;3.8
16;2021-10-12;103;229;404;272911;267114;13542;78.4;76.7;3.9
16;2021-10-13;191;324;458;273102;267438;14000;78.4;76.8;4.0
16;2021-10-14;94;182;347;273196;267620;14347;78.5;76.9;4.1
16;2021-10-15;192;397;600;273388;268017;14947;78.5;77.0;4.3
16;2021-10-16;84;107;126;273472;268124;15073;78.5;77.0;4.3
16;2021-10-17;6;6;7;273478;268130;15080;78.5;77.0;4.3
16;2021-10-18;127;268;542;273605;268398;15622;78.6;77.1;4.5
16;2021-10-19;105;145;579;273710;268543;16201;78.6;77.1;4.7
16;2021-10-20;122;214;522;273832;268757;16723;78.6;77.2;4.8
16;2021-10-21;66;138;419;273898;268895;17142;78.7;77.2;4.9
16;2021-10-22;233;323;641;274131;269218;17783;78.7;77.3;5.1
16;2021-10-23;76;106;79;274207;269324;17862;78.8;77.4;5.1
16;2021-10-24;1;4;5;274208;269328;17867;78.8;77.4;5.1
16;2021-10-25;124;170;682;274332;269498;18549;78.8;77.4;5.3
16;2021-10-26;58;124;506;274390;269622;19055;78.8;77.4;5.5
16;2021-10-27;108;159;462;274498;269781;19517;78.8;77.5;5.6
16;2021-10-28;102;124;473;274600;269905;19990;78.9;77.5;5.7
16;2021-10-29;173;222;940;274773;270127;20930;78.9;77.6;6.0
16;2021-10-30;51;86;170;274824;270213;21100;78.9;77.6;6.1
16;2021-10-31;2;5;12;274826;270218;21112;78.9;77.6;6.1
16;2021-11-01;3;3;20;274829;270221;21132;78.9;77.6;6.1
16;2021-11-02;105;149;852;274934;270370;21984;79.0;77.7;6.3
16;2021-11-03;96;142;482;275030;270512;22466;79.0;77.7;6.5
16;2021-11-04;87;114;570;275117;270626;23036;79.0;77.7;6.6
16;2021-11-05;149;197;941;275266;270823;23977;79.1;77.8;6.9
16;2021-11-06;61;80;262;275327;270903;24239;79.1;77.8;7.0
16;2021-11-07;2;10;17;275329;270913;24256;79.1;77.8;7.0
16;2021-11-08;50;119;896;275379;271032;25152;79.1;77.8;7.2
16;2021-11-09;75;112;1008;275454;271144;26160;79.1;77.9;7.5
16;2021-11-10;94;133;971;275548;271277;27131;79.1;77.9;7.8
16;2021-11-11;5;6;27;275553;271283;27158;79.1;77.9;7.8
16;2021-11-12;83;151;1020;275636;271434;28178;79.2;78.0;8.1
16;2021-11-13;38;75;244;275674;271509;28422;79.2;78.0;8.2
16;2021-11-14;0;2;10;275674;271511;28432;79.2;78.0;8.2
16;2021-11-15;48;115;1100;275722;271626;29532;79.2;78.0;8.5
16;2021-11-16;73;102;1051;275795;271728;30583;79.2;78.0;8.8
16;2021-11-17;114;154;1068;275909;271882;31651;79.2;78.1;9.1
16;2021-11-18;79;130;1078;275988;272012;32729;79.3;78.1;9.4
16;2021-11-19;153;227;1469;276141;272239;34198;79.3;78.2;9.8
16;2021-11-20;60;88;483;276201;272327;34681;79.3;78.2;10.0
16;2021-11-21;2;2;34;276203;272329;34715;79.3;78.2;10.0
16;2021-11-22;71;64;1250;276274;272393;35965;79.3;78.2;10.3
16;2021-11-23;100;91;1467;276374;272484;37432;79.4;78.3;10.8
16;2021-11-24;124;123;1435;276498;272607;38867;79.4;78.3;11.2
16;2021-11-25;115;93;1608;276613;272700;40475;79.4;78.3;11.6
16;2021-11-26;143;151;2113;276756;272851;42588;79.5;78.4;12.2
16;2021-11-27;96;121;1715;276852;272972;44303;79.5;78.4;12.7
16;2021-11-28;35;18;1065;276887;272990;45368;79.5;78.4;13.0
16;2021-11-29;77;82;1845;276964;273072;47213;79.5;78.4;13.6
16;2021-11-30;105;97;2556;277069;273169;49769;79.6;78.5;14.3
16;2021-12-01;111;112;2502;277180;273281;52271;79.6;78.5;15.0
16;2021-12-02;102;72;3204;277282;273353;55475;79.6;78.5;15.9
16;2021-12-03;98;119;3185;277380;273472;58660;79.7;78.5;16.8
16;2021-12-04;76;68;1479;277456;273540;60139;79.7;78.6;17.3
16;2021-12-05;6;4;364;277462;273544;60503;79.7;78.6;17.4
16;2021-12-06;61;79;2607;277523;273623;63110;79.7;78.6;18.1
16;2021-12-07;58;80;3208;277581;273703;66318;79.7;78.6;19.0
16;2021-12-08;124;114;3071;277705;273817;69389;79.8;78.6;19.9
16;2021-12-09;103;105;4200;277808;273922;73589;79.8;78.7;21.1
16;2021-12-10;100;145;4327;277908;274067;77916;79.8;78.7;22.4
16;2021-12-11;85;62;2481;277993;274129;80397;79.8;78.7;23.1
16;2021-12-12;34;15;1368;278027;274144;81765;79.9;78.7;23.5
16;2021-12-13;82;98;3446;278109;274242;85211;79.9;78.8;24.5
16;2021-12-14;105;126;4315;278214;274368;89526;79.9;78.8;25.7
16;2021-12-15;113;144;3627;278327;274512;93153;79.9;78.8;26.8
16;2021-12-16;108;108;4573;278435;274620;97726;80.0;78.9;28.1
16;2021-12-17;118;220;4755;278553;274840;102481;80.0;78.9;29.4
16;2021-12-18;106;79;2627;278659;274919;105108;80.0;79.0;30.2
16;2021-12-19;30;18;1053;278689;274937;106161;80.0;79.0;30.5
16;2021-12-20;98;106;3271;278787;275043;109432;80.1;79.0;31.4
16;2021-12-21;119;134;4253;278906;275177;113685;80.1;79.0;32.7
16;2021-12-22;145;113;3198;279051;275290;116883;80.1;79.1;33.6
16;2021-12-23;122;115;2765;279173;275405;119648;80.2;79.1;34.4
16;2021-12-24;37;32;592;279210;275437;120240;80.2;79.1;34.5
16;2021-12-25;2;2;29;279212;275439;120269;80.2;79.1;34.5
16;2021-12-26;12;8;87;279224;275447;120356;80.2;79.1;34.6
17;2020-12-27;2;0;0;2;0;0;0.0;0.0;0.0
17;2020-12-28;1;0;0;3;0;0;0.0;0.0;0.0
17;2020-12-29;0;0;0;3;0;0;0.0;0.0;0.0
17;2020-12-30;0;0;0;3;0;0;0.0;0.0;0.0
17;2020-12-31;0;0;0;3;0;0;0.0;0.0;0.0
17;2021-01-01;2;0;0;5;0;0;0.0;0.0;0.0
17;2021-01-02;0;0;0;5;0;0;0.0;0.0;0.0
17;2021-01-03;0;0;0;5;0;0;0.0;0.0;0.0
17;2021-01-04;52;0;0;57;0;0;0.0;0.0;0.0
17;2021-01-05;87;0;0;144;0;0;0.0;0.0;0.0
17;2021-01-06;124;0;0;268;0;0;0.0;0.0;0.0
17;2021-01-07;470;1;0;738;1;0;0.1;0.0;0.0
17;2021-01-08;428;1;0;1166;2;0;0.2;0.0;0.0
17;2021-01-09;8;0;0;1174;2;0;0.2;0.0;0.0
17;2021-01-10;4;0;0;1178;2;0;0.2;0.0;0.0
17;2021-01-11;388;2;0;1566;4;0;0.2;0.0;0.0
17;2021-01-12;704;1;0;2270;5;0;0.4;0.0;0.0
17;2021-01-13;660;2;0;2930;7;0;0.5;0.0;0.0
17;2021-01-14;641;11;0;3571;18;0;0.6;0.0;0.0
17;2021-01-15;718;2;0;4289;20;0;0.7;0.0;0.0
17;2021-01-16;129;2;0;4418;22;0;0.7;0.0;0.0
17;2021-01-17;19;0;0;4437;22;0;0.7;0.0;0.0
17;2021-01-18;848;5;0;5285;27;0;0.8;0.0;0.0
17;2021-01-19;1871;18;0;7156;45;0;1.1;0.0;0.0
17;2021-01-20;2265;4;0;9421;49;0;1.5;0.0;0.0
17;2021-01-21;2409;12;0;11830;61;0;1.8;0.0;0.0
17;2021-01-22;1829;15;0;13659;76;0;2.1;0.0;0.0
17;2021-01-23;709;2;0;14368;78;0;2.2;0.0;0.0
17;2021-01-24;45;0;0;14413;78;0;2.2;0.0;0.0
17;2021-01-25;1374;6;0;15787;84;0;2.4;0.0;0.0
17;2021-01-26;2043;5;0;17830;89;0;2.8;0.0;0.0
17;2021-01-27;1684;38;0;19514;127;0;3.0;0.0;0.0
17;2021-01-28;2438;231;0;21952;358;0;3.4;0.1;0.0
17;2021-01-29;1715;223;0;23667;581;0;3.7;0.1;0.0
17;2021-01-30;517;5;0;24184;586;0;3.7;0.1;0.0
17;2021-01-31;34;5;0;24218;591;0;3.7;0.1;0.0
17;2021-02-01;735;211;0;24953;802;0;3.9;0.1;0.0
17;2021-02-02;1167;343;0;26120;1145;0;4.0;0.2;0.0
17;2021-02-03;1249;412;0;27369;1557;0;4.2;0.2;0.0
17;2021-02-04;1118;502;0;28487;2059;0;4.4;0.3;0.0
17;2021-02-05;615;766;0;29102;2825;0;4.5;0.4;0.0
17;2021-02-06;25;45;0;29127;2870;0;4.5;0.4;0.0
17;2021-02-07;35;3;0;29162;2873;0;4.5;0.4;0.0
17;2021-02-08;690;428;0;29852;3301;0;4.6;0.5;0.0
17;2021-02-09;1104;1261;0;30956;4562;0;4.8;0.7;0.0
17;2021-02-10;839;1243;0;31795;5805;0;4.9;0.9;0.0
17;2021-02-11;1235;1280;0;33030;7085;0;5.1;1.1;0.0
17;2021-02-12;778;985;0;33808;8070;0;5.2;1.2;0.0
17;2021-02-13;50;137;0;33858;8207;0;5.2;1.3;0.0
17;2021-02-14;2;10;0;33860;8217;0;5.2;1.3;0.0
17;2021-02-15;612;1179;0;34472;9396;0;5.3;1.5;0.0
17;2021-02-16;758;1798;0;35230;11194;0;5.4;1.7;0.0
17;2021-02-17;773;1371;0;36003;12565;0;5.6;1.9;0.0
17;2021-02-18;947;2163;0;36950;14728;0;5.7;2.3;0.0
17;2021-02-19;1050;1534;0;38000;16262;0;5.9;2.5;0.0
17;2021-02-20;102;333;0;38102;16595;0;5.9;2.6;0.0
17;2021-02-21;8;0;0;38110;16595;0;5.9;2.6;0.0
17;2021-02-22;641;1593;0;38751;18188;0;6.0;2.8;0.0
17;2021-02-23;728;1510;0;39479;19698;0;6.1;3.0;0.0
17;2021-02-24;1066;1560;0;40545;21258;0;6.3;3.3;0.0
17;2021-02-25;1097;1660;0;41642;22918;0;6.4;3.5;0.0
17;2021-02-26;1320;1279;0;42962;24197;0;6.6;3.7;0.0
17;2021-02-27;517;234;0;43479;24431;0;6.7;3.8;0.0
17;2021-02-28;24;9;0;43503;24440;0;6.7;3.8;0.0
17;2021-03-01;629;1041;0;44132;25481;0;6.8;3.9;0.0
17;2021-03-02;1087;871;0;45219;26352;0;7.0;4.1;0.0
17;2021-03-03;1594;779;0;46813;27131;0;7.2;4.2;0.0
17;2021-03-04;2404;1130;0;49217;28261;0;7.6;4.4;0.0
17;2021-03-05;2606;683;0;51823;28944;0;8.0;4.5;0.0
17;2021-03-06;1058;38;0;52881;28982;0;8.2;4.5;0.0
17;2021-03-07;182;48;0;53063;29030;0;8.2;4.5;0.0
17;2021-03-08;1016;836;0;54079;29866;0;8.4;4.6;0.0
17;2021-03-09;1716;629;0;55795;30495;0;8.6;4.7;0.0
17;2021-03-10;2065;659;0;57860;31154;0;8.9;4.8;0.0
17;2021-03-11;3200;982;0;61060;32136;0;9.4;5.0;0.0
17;2021-03-12;3300;634;0;64360;32770;0;9.9;5.1;0.0
17;2021-03-13;1211;19;0;65571;32789;0;10.1;5.1;0.0
17;2021-03-14;51;1;0;65622;32790;0;10.1;5.1;0.0
17;2021-03-15;1245;979;0;66867;33769;0;10.3;5.2;0.0
17;2021-03-16;906;538;0;67773;34307;0;10.5;5.3;0.0
17;2021-03-17;1483;714;0;69256;35021;0;10.7;5.4;0.0
17;2021-03-18;1694;751;0;70950;35772;0;11.0;5.5;0.0
17;2021-03-19;2080;536;0;73030;36308;0;11.3;5.6;0.0
17;2021-03-20;1096;54;0;74126;36362;0;11.5;5.6;0.0
17;2021-03-21;38;40;0;74164;36402;0;11.5;5.6;0.0
17;2021-03-22;1553;679;0;75717;37081;0;11.7;5.7;0.0
17;2021-03-23;2451;572;0;78168;37653;0;12.1;5.8;0.0
17;2021-03-24;3465;831;0;81633;38484;0;12.6;5.9;0.0
17;2021-03-25;4631;642;0;86264;39126;0;13.3;6.0;0.0
17;2021-03-26;4842;473;0;91106;39599;0;14.1;6.1;0.0
17;2021-03-27;1719;68;0;92825;39667;0;14.3;6.1;0.0
17;2021-03-28;366;42;0;93191;39709;0;14.4;6.1;0.0
17;2021-03-29;2340;559;0;95531;40268;0;14.8;6.2;0.0
17;2021-03-30;2615;977;0;98146;41245;0;15.2;6.4;0.0
17;2021-03-31;3764;892;0;101910;42137;0;15.7;6.5;0.0
17;2021-04-01;3979;1169;0;105889;43306;0;16.4;6.7;0.0
17;2021-04-02;3611;844;0;109500;44150;0;16.9;6.8;0.0
17;2021-04-03;1153;185;0;110653;44335;0;17.1;6.9;0.0
17;2021-04-04;464;12;0;111117;44347;0;17.2;6.9;0.0
17;2021-04-05;436;120;0;111553;44467;0;17.2;6.9;0.0
17;2021-04-06;3365;1028;0;114918;45495;0;17.8;7.0;0.0
17;2021-04-07;4033;1155;0;118951;46650;0;18.4;7.2;0.0
17;2021-04-08;4531;1468;0;123482;48118;0;19.1;7.4;0.0
17;2021-04-09;6321;840;0;129803;48958;0;20.1;7.6;0.0
17;2021-04-10;2557;86;0;132360;49044;0;20.5;7.6;0.0
17;2021-04-11;750;23;0;133110;49067;0;20.6;7.6;0.0
17;2021-04-12;2877;1615;0;135987;50682;0;21.0;7.8;0.0
17;2021-04-13;4093;1271;0;140080;51953;0;21.6;8.0;0.0
17;2021-04-14;4284;1193;0;144364;53146;0;22.3;8.2;0.0
17;2021-04-15;4542;1164;0;148906;54310;0;23.0;8.4;0.0
17;2021-04-16;4184;1166;0;153090;55476;0;23.7;8.6;0.0
17;2021-04-17;1711;377;0;154801;55853;0;23.9;8.6;0.0
17;2021-04-18;440;79;0;155241;55932;0;24.0;8.6;0.0
17;2021-04-19;2324;2007;0;157565;57939;0;24.4;9.0;0.0
17;2021-04-20;2867;2485;0;160432;60424;0;24.8;9.3;0.0
17;2021-04-21;2964;1877;0;163396;62301;0;25.3;9.6;0.0
17;2021-04-22;3173;2307;0;166569;64608;0;25.7;10.0;0.0
17;2021-04-23;2452;2676;0;169021;67284;0;26.1;10.4;0.0
17;2021-04-24;1667;939;0;170688;68223;0;26.4;10.5;0.0
17;2021-04-25;621;227;0;171309;68450;0;26.5;10.6;0.0
17;2021-04-26;2548;2530;0;173857;70980;0;26.9;11.0;0.0
17;2021-04-27;3112;2603;0;176969;73583;0;27.3;11.4;0.0
17;2021-04-28;3132;2881;0;180101;76464;0;27.8;11.8;0.0
17;2021-04-29;4153;2781;0;184254;79245;0;28.5;12.2;0.0
17;2021-04-30;4416;2568;0;188670;81813;0;29.2;12.6;0.0
17;2021-05-01;898;525;0;189568;82338;0;29.3;12.7;0.0
17;2021-05-02;561;760;0;190129;83098;0;29.4;12.8;0.0
17;2021-05-03;2622;2892;0;192751;85990;0;29.8;13.3;0.0
17;2021-05-04;2400;3658;0;195151;89648;0;30.2;13.9;0.0
17;2021-05-05;2953;3693;0;198104;93341;0;30.6;14.4;0.0
17;2021-05-06;4138;3367;0;202242;96708;0;31.3;14.9;0.0
17;2021-05-07;4407;3651;0;206649;100359;0;31.9;15.5;0.0
17;2021-05-08;1376;775;0;208025;101134;0;32.1;15.6;0.0
17;2021-05-09;1280;676;0;209305;101810;0;32.3;15.7;0.0
17;2021-05-10;2762;3639;0;212067;105449;0;32.8;16.3;0.0
17;2021-05-11;3509;3936;0;215576;109385;0;33.3;16.9;0.0
17;2021-05-12;3600;3703;0;219176;113088;0;33.9;17.5;0.0
17;2021-05-13;2666;694;0;221842;113782;0;34.3;17.6;0.0
17;2021-05-14;3124;2385;0;224966;116167;0;34.8;18.0;0.0
17;2021-05-15;2173;707;0;227139;116874;0;35.1;18.1;0.0
17;2021-05-16;1603;305;0;228742;117179;0;35.3;18.1;0.0
17;2021-05-17;4184;1987;0;232926;119166;0;36.0;18.4;0.0
17;2021-05-18;4722;1641;0;237648;120807;0;36.7;18.7;0.0
17;2021-05-19;5045;1300;0;242693;122107;0;37.5;18.9;0.0
17;2021-05-20;4819;1903;0;247512;124010;0;38.3;19.2;0.0
17;2021-05-21;4775;1904;0;252287;125914;0;39.0;19.5;0.0
17;2021-05-22;2105;546;0;254392;126460;0;39.3;19.5;0.0
17;2021-05-23;1555;110;0;255947;126570;0;39.6;19.6;0.0
17;2021-05-24;1268;211;0;257215;126781;0;39.8;19.6;0.0
17;2021-05-25;3797;1752;0;261012;128533;0;40.3;19.9;0.0
17;2021-05-26;4182;1986;0;265194;130519;0;41.0;20.2;0.0
17;2021-05-27;4937;2116;0;270131;132635;0;41.7;20.5;0.0
17;2021-05-28;4229;3283;0;274360;135918;0;42.4;21.0;0.0
17;2021-05-29;1502;1676;0;275862;137594;0;42.6;21.3;0.0
17;2021-05-30;650;369;0;276512;137963;0;42.7;21.3;0.0
17;2021-05-31;2898;2930;0;279410;140893;0;43.2;21.8;0.0
17;2021-06-01;4303;2876;0;283713;143769;0;43.8;22.2;0.0
17;2021-06-02;4316;3135;0;288029;146904;0;44.5;22.7;0.0
17;2021-06-03;5082;3108;0;293111;150012;0;45.3;23.2;0.0
17;2021-06-04;4541;3766;0;297652;153778;0;46.0;23.8;0.0
17;2021-06-05;2063;1577;0;299715;155355;0;46.3;24.0;0.0
17;2021-06-06;815;688;0;300530;156043;0;46.4;24.1;0.0
17;2021-06-07;3193;4178;0;303723;160221;0;46.9;24.8;0.0
17;2021-06-08;3848;4436;0;307571;164657;0;47.5;25.4;0.0
17;2021-06-09;4489;3077;0;312060;167734;0;48.2;25.9;0.0
17;2021-06-10;4883;2827;0;316943;170561;0;49.0;26.4;0.0
17;2021-06-11;4747;3711;0;321690;174272;0;49.7;26.9;0.0
17;2021-06-12;1979;1411;0;323669;175683;0;50.0;27.2;0.0
17;2021-06-13;621;412;0;324290;176095;0;50.1;27.2;0.0
17;2021-06-14;2688;4503;0;326978;180598;0;50.5;27.9;0.0
17;2021-06-15;3522;4327;0;330500;184925;0;51.1;28.6;0.0
17;2021-06-16;3965;3637;0;334465;188562;0;51.7;29.1;0.0
17;2021-06-17;4196;4116;0;338661;192678;0;52.3;29.8;0.0
17;2021-06-18;3939;4397;0;342600;197075;0;52.9;30.5;0.0
17;2021-06-19;1540;2008;0;344140;199083;0;53.2;30.8;0.0
17;2021-06-20;565;988;0;344705;200071;0;53.3;30.9;0.0
17;2021-06-21;2429;4327;0;347134;204398;0;53.6;31.6;0.0
17;2021-06-22;3339;4373;0;350473;208771;0;54.2;32.3;0.0
17;2021-06-23;3593;3988;0;354066;212759;0;54.7;32.9;0.0
17;2021-06-24;3388;3875;0;357454;216634;0;55.2;33.5;0.0
17;2021-06-25;2579;4909;0;360033;221543;0;55.6;34.2;0.0
17;2021-06-26;947;2303;0;360980;223846;0;55.8;34.6;0.0
17;2021-06-27;380;1747;0;361360;225593;0;55.8;34.9;0.0
17;2021-06-28;1445;5250;0;362805;230843;0;56.1;35.7;0.0
17;2021-06-29;1624;5715;0;364429;236558;0;56.3;36.6;0.0
17;2021-06-30;1961;5515;0;366390;242073;0;56.6;37.4;0.0
17;2021-07-01;2145;5359;0;368535;247432;0;57.0;38.2;0.0
17;2021-07-02;2330;5647;0;370865;253079;0;57.3;39.1;0.0
17;2021-07-03;655;2371;0;371520;255450;0;57.4;39.5;0.0
17;2021-07-04;139;1070;0;371659;256520;0;57.4;39.6;0.0
17;2021-07-05;1648;4781;0;373307;261301;0;57.7;40.4;0.0
17;2021-07-06;1954;5244;0;375261;266545;0;58.0;41.2;0.0
17;2021-07-07;2233;5286;0;377494;271831;0;58.3;42.0;0.0
17;2021-07-08;2591;5104;0;380085;276935;0;58.7;42.8;0.0
17;2021-07-09;2288;5737;0;382373;282672;0;59.1;43.7;0.0
17;2021-07-10;827;2401;0;383200;285073;0;59.2;44.1;0.0
17;2021-07-11;310;793;0;383510;285866;0;59.3;44.2;0.0
17;2021-07-12;1695;5304;0;385205;291170;0;59.5;45.0;0.0
17;2021-07-13;2070;6345;0;387275;297515;0;59.8;46.0;0.0
17;2021-07-14;211;240;0;387486;297755;0;59.9;46.0;0.0
17;2021-07-15;2007;6550;0;389493;304305;0;60.2;47.0;0.0
17;2021-07-16;2593;6507;0;392086;310812;0;60.6;48.0;0.0
17;2021-07-17;1055;2325;0;393141;313137;0;60.8;48.4;0.0
17;2021-07-18;320;935;0;393461;314072;0;60.8;48.5;0.0
17;2021-07-19;2351;5641;0;395812;319713;0;61.2;49.4;0.0
17;2021-07-20;2973;6014;0;398785;325727;0;61.6;50.3;0.0
17;2021-07-21;3469;5700;0;402254;331427;0;62.2;51.2;0.0
17;2021-07-22;3823;5799;0;406077;337226;0;62.8;52.1;0.0
17;2021-07-23;3588;6061;0;409665;343287;0;63.3;53.1;0.0
17;2021-07-24;1806;1575;0;411471;344862;0;63.6;53.3;0.0
17;2021-07-25;798;345;0;412269;345207;0;63.7;53.3;0.0
17;2021-07-26;3191;4968;0;415460;350175;0;64.2;54.1;0.0
17;2021-07-27;4208;4898;0;419668;355073;0;64.9;54.9;0.0
17;2021-07-28;4704;4672;0;424372;359745;0;65.6;55.6;0.0
17;2021-07-29;4690;4752;0;429062;364497;0;66.3;56.3;0.0
17;2021-07-30;4835;5000;0;433897;369497;0;67.1;57.1;0.0
17;2021-07-31;1920;1216;0;435817;370713;0;67.4;57.3;0.0
17;2021-08-01;859;298;0;436676;371011;0;67.5;57.3;0.0
17;2021-08-02;4011;3736;0;440687;374747;0;68.1;57.9;0.0
17;2021-08-03;5000;3519;0;445687;378266;0;68.9;58.5;0.0
17;2021-08-04;5492;2723;0;451179;380989;0;69.7;58.9;0.0
17;2021-08-05;5554;2548;0;456733;383537;0;70.6;59.3;0.0
17;2021-08-06;5138;2962;0;461871;386499;0;71.4;59.7;0.0
17;2021-08-07;1840;851;0;463711;387350;0;71.7;59.9;0.0
17;2021-08-08;764;144;0;464475;387494;0;71.8;59.9;0.0
17;2021-08-09;3479;2865;0;467954;390359;0;72.3;60.3;0.0
17;2021-08-10;4559;2824;0;472513;393183;0;73.0;60.8;0.0
17;2021-08-11;4389;3059;0;476902;396242;0;73.7;61.2;0.0
17;2021-08-12;4399;3153;0;481301;399395;0;74.4;61.7;0.0
17;2021-08-13;4044;3334;0;485345;402729;0;75.0;62.2;0.0
17;2021-08-14;1202;1270;0;486547;403999;0;75.2;62.4;0.0
17;2021-08-15;340;235;0;486887;404234;0;75.2;62.5;0.0
17;2021-08-16;2572;3252;0;489459;407486;0;75.6;63.0;0.0
17;2021-08-17;2782;3573;0;492241;411059;0;76.1;63.5;0.0
17;2021-08-18;2402;3839;0;494643;414898;0;76.4;64.1;0.0
17;2021-08-19;2455;3724;0;497098;418622;0;76.8;64.7;0.0
17;2021-08-20;2286;4245;0;499384;422867;0;77.2;65.4;0.0
17;2021-08-21;695;1336;0;500079;424203;0;77.3;65.6;0.0
17;2021-08-22;160;400;0;500239;424603;0;77.3;65.6;0.0
17;2021-08-23;1838;4340;0;502077;428943;0;77.6;66.3;0.0
17;2021-08-24;1800;4543;0;503877;433486;0;77.9;67.0;0.0
17;2021-08-25;1542;4967;0;505419;438453;0;78.1;67.8;0.0
17;2021-08-26;1555;5061;0;506974;443514;0;78.3;68.5;0.0
17;2021-08-27;1438;5451;0;508412;448965;0;78.6;69.4;0.0
17;2021-08-28;528;1496;0;508940;450461;0;78.7;69.6;0.0
17;2021-08-29;90;528;1;509030;450989;1;78.7;69.7;0.0
17;2021-08-30;1361;4731;50;510391;455720;51;78.9;70.4;0.0
17;2021-08-31;1248;4906;120;511639;460626;171;79.1;71.2;0.0
17;2021-09-01;1199;4536;324;512838;465162;495;79.3;71.9;0.1
17;2021-09-02;1081;3969;384;513919;469131;879;79.4;72.5;0.1
17;2021-09-03;1125;4657;385;515044;473788;1264;79.6;73.2;0.2
17;2021-09-04;332;1147;48;515376;474935;1312;79.6;73.4;0.2
17;2021-09-05;52;120;27;515428;475055;1339;79.7;73.4;0.2
17;2021-09-06;725;3064;513;516153;478119;1852;79.8;73.9;0.3
17;2021-09-07;712;2547;584;516865;480666;2436;79.9;74.3;0.4
17;2021-09-08;800;3479;525;517665;484145;2961;80.0;74.8;0.5
17;2021-09-09;778;2345;735;518443;486490;3696;80.1;75.2;0.6
17;2021-09-10;786;3234;590;519229;489724;4286;80.2;75.7;0.7
17;2021-09-11;322;1035;148;519551;490759;4434;80.3;75.8;0.7
17;2021-09-12;15;35;10;519566;490794;4444;80.3;75.8;0.7
17;2021-09-13;608;1891;864;520174;492685;5308;80.4;76.1;0.8
17;2021-09-14;606;1604;1269;520780;494289;6577;80.5;76.4;1.0
17;2021-09-15;867;2261;947;521647;496550;7524;80.6;76.7;1.2
17;2021-09-16;531;1429;894;522178;497979;8418;80.7;77.0;1.3
17;2021-09-17;628;1888;762;522806;499867;9180;80.8;77.2;1.4
17;2021-09-18;209;687;169;523015;500554;9349;80.8;77.4;1.4
17;2021-09-19;15;18;11;523030;500572;9360;80.8;77.4;1.4
17;2021-09-20;412;1217;949;523442;501789;10309;80.9;77.5;1.6
17;2021-09-21;341;875;784;523783;502664;11093;80.9;77.7;1.7
17;2021-09-22;418;1660;790;524201;504324;11883;81.0;77.9;1.8
17;2021-09-23;362;972;1082;524563;505296;12965;81.1;78.1;2.0
17;2021-09-24;386;1773;1164;524949;507069;14129;81.1;78.4;2.2
17;2021-09-25;155;569;237;525104;507638;14366;81.1;78.5;2.2
17;2021-09-26;9;28;2;525113;507666;14368;81.2;78.5;2.2
17;2021-09-27;402;1135;946;525515;508801;15314;81.2;78.6;2.4
17;2021-09-28;257;679;863;525772;509480;16177;81.3;78.7;2.5
17;2021-09-29;454;1217;956;526226;510697;17133;81.3;78.9;2.6
17;2021-09-30;350;694;895;526576;511391;18028;81.4;79.0;2.8
17;2021-10-01;394;767;800;526970;512158;18828;81.4;79.1;2.9
17;2021-10-02;135;377;148;527105;512535;18976;81.5;79.2;2.9
17;2021-10-03;4;30;2;527109;512565;18978;81.5;79.2;2.9
17;2021-10-04;359;812;1064;527468;513377;20042;81.5;79.3;3.1
17;2021-10-05;354;572;919;527822;513949;20961;81.6;79.4;3.2
17;2021-10-06;410;1071;1131;528232;515020;22092;81.6;79.6;3.4
17;2021-10-07;261;531;802;528493;515551;22894;81.7;79.7;3.5
17;2021-10-08;429;868;1060;528922;516419;23954;81.7;79.8;3.7
17;2021-10-09;170;347;215;529092;516766;24169;81.8;79.9;3.7
17;2021-10-10;6;19;5;529098;516785;24174;81.8;79.9;3.7
17;2021-10-11;352;535;814;529450;517320;24988;81.8;79.9;3.9
17;2021-10-12;227;382;834;529677;517702;25822;81.9;80.0;4.0
17;2021-10-13;354;657;1256;530031;518359;27078;81.9;80.1;4.2
17;2021-10-14;232;397;881;530263;518756;27959;81.9;80.2;4.3
17;2021-10-15;385;633;1237;530648;519389;29196;82.0;80.3;4.5
17;2021-10-16;108;176;243;530756;519565;29439;82.0;80.3;4.5
17;2021-10-17;10;12;0;530766;519577;29439;82.0;80.3;4.5
17;2021-10-18;323;338;952;531089;519915;30391;82.1;80.3;4.7
17;2021-10-19;227;346;935;531316;520261;31326;82.1;80.4;4.8
17;2021-10-20;340;580;1469;531656;520841;32795;82.2;80.5;5.1
17;2021-10-21;217;343;999;531873;521184;33794;82.2;80.5;5.2
17;2021-10-22;322;538;1360;532195;521722;35154;82.2;80.6;5.4
17;2021-10-23;96;179;284;532291;521901;35438;82.3;80.7;5.5
17;2021-10-24;0;5;3;532291;521906;35441;82.3;80.7;5.5
17;2021-10-25;233;339;1212;532524;522245;36653;82.3;80.7;5.7
17;2021-10-26;153;253;972;532677;522498;37625;82.3;80.7;5.8
17;2021-10-27;256;440;2062;532933;522938;39687;82.4;80.8;6.1
17;2021-10-28;161;244;1062;533094;523182;40749;82.4;80.9;6.3
17;2021-10-29;232;412;1744;533326;523594;42493;82.4;80.9;6.6
17;2021-10-30;74;131;413;533400;523725;42906;82.4;80.9;6.6
17;2021-10-31;9;8;3;533409;523733;42909;82.4;80.9;6.6
17;2021-11-01;18;16;22;533427;523749;42931;82.4;80.9;6.6
17;2021-11-02;240;318;1221;533667;524067;44152;82.5;81.0;6.8
17;2021-11-03;233;333;1678;533900;524400;45830;82.5;81.0;7.1
17;2021-11-04;137;211;1334;534037;524611;47164;82.5;81.1;7.3
17;2021-11-05;231;340;1645;534268;524951;48809;82.6;81.1;7.5
17;2021-11-06;83;137;359;534351;525088;49168;82.6;81.1;7.6
17;2021-11-07;1;6;8;534352;525094;49176;82.6;81.1;7.6
17;2021-11-08;190;414;2142;534542;525508;51318;82.6;81.2;7.9
17;2021-11-09;199;389;2334;534741;525897;53652;82.6;81.3;8.3
17;2021-11-10;303;466;2832;535044;526363;56484;82.7;81.3;8.7
17;2021-11-11;4;9;73;535048;526372;56557;82.7;81.3;8.7
17;2021-11-12;164;244;2118;535212;526616;58675;82.7;81.4;9.1
17;2021-11-13;61;63;557;535273;526679;59232;82.7;81.4;9.2
17;2021-11-14;2;25;15;535275;526704;59247;82.7;81.4;9.2
17;2021-11-15;188;235;2313;535463;526939;61560;82.8;81.4;9.5
17;2021-11-16;197;263;2485;535660;527202;64045;82.8;81.5;9.9
17;2021-11-17;298;363;2941;535958;527565;66986;82.8;81.5;10.4
17;2021-11-18;228;197;2593;536186;527762;69579;82.9;81.6;10.8
17;2021-11-19;262;366;2830;536448;528128;72409;82.9;81.6;11.2
17;2021-11-20;116;146;649;536564;528274;73058;82.9;81.6;11.3
17;2021-11-21;10;6;27;536574;528280;73085;82.9;81.6;11.3
17;2021-11-22;286;186;2988;536860;528466;76073;83.0;81.7;11.8
17;2021-11-23;282;213;3330;537142;528679;79403;83.0;81.7;12.3
17;2021-11-24;292;346;3223;537434;529025;82626;83.1;81.8;12.8
17;2021-11-25;280;213;3385;537714;529238;86011;83.1;81.8;13.3
17;2021-11-26;307;324;4124;538021;529562;90135;83.1;81.8;13.9
17;2021-11-27;89;104;1044;538110;529666;91179;83.2;81.9;14.1
17;2021-11-28;12;6;156;538122;529672;91335;83.2;81.9;14.1
17;2021-11-29;162;249;4059;538284;529921;95394;83.2;81.9;14.7
17;2021-11-30;236;200;5491;538520;530121;100885;83.2;81.9;15.6
17;2021-12-01;217;328;5539;538737;530449;106424;83.3;82.0;16.4
17;2021-12-02;209;180;5869;538946;530629;112293;83.3;82.0;17.4
17;2021-12-03;233;261;6209;539179;530890;118502;83.3;82.0;18.3
17;2021-12-04;66;79;1580;539245;530969;120082;83.3;82.1;18.6
17;2021-12-05;10;19;235;539255;530988;120317;83.3;82.1;18.6
17;2021-12-06;132;213;5832;539387;531201;126149;83.4;82.1;19.5
17;2021-12-07;196;191;7347;539583;531392;133496;83.4;82.1;20.6
17;2021-12-08;175;319;6914;539758;531711;140410;83.4;82.2;21.7
17;2021-12-09;196;238;7643;539954;531949;148053;83.4;82.2;22.9
17;2021-12-10;181;284;8355;540135;532233;156408;83.5;82.3;24.2
17;2021-12-11;104;108;2349;540239;532341;158757;83.5;82.3;24.5
17;2021-12-12;27;19;527;540266;532360;159284;83.5;82.3;24.6
17;2021-12-13;161;260;6977;540427;532620;166261;83.5;82.3;25.7
17;2021-12-14;239;338;9213;540666;532958;175474;83.6;82.4;27.1
17;2021-12-15;259;360;8392;540925;533318;183866;83.6;82.4;28.4
17;2021-12-16;273;323;9550;541198;533641;193416;83.6;82.5;29.9
17;2021-12-17;295;369;9228;541493;534010;202644;83.7;82.5;31.3
17;2021-12-18;139;144;2880;541632;534154;205524;83.7;82.5;31.8
17;2021-12-19;35;29;652;541667;534183;206176;83.7;82.6;31.9
17;2021-12-20;278;258;6889;541945;534441;213065;83.8;82.6;32.9
17;2021-12-21;316;333;8839;542261;534774;221904;83.8;82.6;34.3
17;2021-12-22;361;322;7704;542622;535096;229608;83.9;82.7;35.5
17;2021-12-23;238;243;5894;542860;535339;235502;83.9;82.7;36.4
17;2021-12-24;61;49;913;542921;535388;236415;83.9;82.7;36.5
17;2021-12-25;5;11;53;542926;535399;236468;83.9;82.7;36.5
17;2021-12-26;10;21;203;542936;535420;236671;83.9;82.7;36.6
18;2020-12-27;0;0;0;0;0;0;0.0;0.0;0.0
18;2020-12-28;0;0;0;0;0;0;0.0;0.0;0.0
18;2020-12-29;0;0;0;0;0;0;0.0;0.0;0.0
18;2020-12-30;1;0;0;1;0;0;0.0;0.0;0.0
18;2020-12-31;0;0;0;1;0;0;0.0;0.0;0.0
18;2021-01-01;0;0;0;1;0;0;0.0;0.0;0.0
18;2021-01-02;0;0;0;1;0;0;0.0;0.0;0.0
18;2021-01-03;0;0;0;1;0;0;0.0;0.0;0.0
18;2021-01-04;3;0;0;4;0;0;0.0;0.0;0.0
18;2021-01-05;5;0;0;9;0;0;0.0;0.0;0.0
18;2021-01-06;7;0;0;16;0;0;0.0;0.0;0.0
18;2021-01-07;36;1;0;52;1;0;0.0;0.0;0.0
18;2021-01-08;74;0;0;126;1;0;0.0;0.0;0.0
18;2021-01-09;214;0;0;340;1;0;0.1;0.0;0.0
18;2021-01-10;148;0;0;488;1;0;0.2;0.0;0.0
18;2021-01-11;185;0;0;673;1;0;0.2;0.0;0.0
18;2021-01-12;332;0;0;1005;1;0;0.3;0.0;0.0
18;2021-01-13;243;2;0;1248;3;0;0.4;0.0;0.0
18;2021-01-14;287;2;0;1535;5;0;0.5;0.0;0.0
18;2021-01-15;275;2;0;1810;7;0;0.6;0.0;0.0
18;2021-01-16;169;1;0;1979;8;0;0.7;0.0;0.0
18;2021-01-17;2;0;0;1981;8;0;0.7;0.0;0.0
18;2021-01-18;318;0;0;2299;8;0;0.8;0.0;0.0
18;2021-01-19;1281;4;0;3580;12;0;1.2;0.0;0.0
18;2021-01-20;1074;2;0;4654;14;0;1.6;0.0;0.0
18;2021-01-21;887;1;0;5541;15;0;1.9;0.0;0.0
18;2021-01-22;667;1;0;6208;16;0;2.1;0.0;0.0
18;2021-01-23;210;2;0;6418;18;0;2.2;0.0;0.0
18;2021-01-24;4;0;0;6422;18;0;2.2;0.0;0.0
18;2021-01-25;441;1;0;6863;19;0;2.3;0.0;0.0
18;2021-01-26;380;1;0;7243;20;0;2.4;0.0;0.0
18;2021-01-27;410;11;0;7653;31;0;2.6;0.0;0.0
18;2021-01-28;519;12;0;8172;43;0;2.8;0.0;0.0
18;2021-01-29;440;70;0;8612;113;0;2.9;0.0;0.0
18;2021-01-30;362;154;0;8974;267;0;3.0;0.1;0.0
18;2021-01-31;80;119;0;9054;386;0;3.1;0.1;0.0
18;2021-02-01;271;136;0;9325;522;0;3.1;0.2;0.0
18;2021-02-02;442;229;0;9767;751;0;3.3;0.3;0.0
18;2021-02-03;413;192;0;10180;943;0;3.4;0.3;0.0
18;2021-02-04;595;188;0;10775;1131;0;3.6;0.4;0.0
18;2021-02-05;382;169;0;11157;1300;0;3.8;0.4;0.0
18;2021-02-06;274;98;0;11431;1398;0;3.9;0.5;0.0
18;2021-02-07;108;2;0;11539;1400;0;3.9;0.5;0.0
18;2021-02-08;306;236;0;11845;1636;0;4.0;0.6;0.0
18;2021-02-09;593;740;0;12438;2376;0;4.2;0.8;0.0
18;2021-02-10;752;666;0;13190;3042;0;4.5;1.0;0.0
18;2021-02-11;670;456;0;13860;3498;0;4.7;1.2;0.0
18;2021-02-12;493;291;0;14353;3789;0;4.8;1.3;0.0
18;2021-02-13;274;122;0;14627;3911;0;4.9;1.3;0.0
18;2021-02-14;350;92;0;14977;4003;0;5.1;1.4;0.0
18;2021-02-15;370;404;0;15347;4407;0;5.2;1.5;0.0
18;2021-02-16;390;450;0;15737;4857;0;5.3;1.6;0.0
18;2021-02-17;410;500;0;16147;5357;0;5.4;1.8;0.0
18;2021-02-18;270;556;0;16417;5913;0;5.5;2.0;0.0
18;2021-02-19;323;368;0;16740;6281;0;5.6;2.1;0.0
18;2021-02-20;615;230;0;17355;6511;0;5.9;2.2;0.0
18;2021-02-21;313;5;0;17668;6516;0;6.0;2.2;0.0
18;2021-02-22;215;412;0;17883;6928;0;6.0;2.3;0.0
18;2021-02-23;237;385;0;18120;7313;0;6.1;2.5;0.0
18;2021-02-24;225;284;0;18345;7597;0;6.2;2.6;0.0
18;2021-02-25;329;572;0;18674;8169;0;6.3;2.8;0.0
18;2021-02-26;587;293;0;19261;8462;0;6.5;2.9;0.0
18;2021-02-27;495;390;0;19756;8852;0;6.7;3.0;0.0
18;2021-02-28;6;73;0;19762;8925;0;6.7;3.0;0.0
18;2021-03-01;249;427;0;20011;9352;0;6.8;3.2;0.0
18;2021-03-02;323;560;0;20334;9912;0;6.9;3.3;0.0
18;2021-03-03;360;610;0;20694;10522;0;7.0;3.5;0.0
18;2021-03-04;520;606;0;21214;11128;0;7.2;3.8;0.0
18;2021-03-05;588;365;0;21802;11493;0;7.4;3.9;0.0
18;2021-03-06;1077;341;0;22879;11834;0;7.7;4.0;0.0
18;2021-03-07;51;136;0;22930;11970;0;7.7;4.0;0.0
18;2021-03-08;341;379;0;23271;12349;0;7.9;4.2;0.0
18;2021-03-09;463;398;0;23734;12747;0;8.0;4.3;0.0
18;2021-03-10;493;466;0;24227;13213;0;8.2;4.5;0.0
18;2021-03-11;552;409;0;24779;13622;0;8.4;4.6;0.0
18;2021-03-12;799;322;0;25578;13944;0;8.6;4.7;0.0
18;2021-03-13;1192;241;0;26770;14185;0;9.0;4.8;0.0
18;2021-03-14;298;209;0;27068;14394;0;9.1;4.9;0.0
18;2021-03-15;528;393;0;27596;14787;0;9.3;5.0;0.0
18;2021-03-16;447;319;0;28043;15106;0;9.5;5.1;0.0
18;2021-03-17;408;415;0;28451;15521;0;9.6;5.2;0.0
18;2021-03-18;514;249;0;28965;15770;0;9.8;5.3;0.0
18;2021-03-19;793;243;0;29758;16013;0;10.0;5.4;0.0
18;2021-03-20;967;606;0;30725;16619;0;10.4;5.6;0.0
18;2021-03-21;310;304;0;31035;16923;0;10.5;5.7;0.0
18;2021-03-22;600;286;0;31635;17209;0;10.7;5.8;0.0
18;2021-03-23;830;278;0;32465;17487;0;11.0;5.9;0.0
18;2021-03-24;1118;284;0;33583;17771;0;11.3;6.0;0.0
18;2021-03-25;1242;308;0;34825;18079;0;11.7;6.1;0.0
18;2021-03-26;1314;347;0;36139;18426;0;12.2;6.2;0.0
18;2021-03-27;1479;312;0;37618;18738;0;12.7;6.3;0.0
18;2021-03-28;213;5;0;37831;18743;0;12.8;6.3;0.0
18;2021-03-29;1054;218;0;38885;18961;0;13.1;6.4;0.0
18;2021-03-30;1116;322;0;40001;19283;0;13.5;6.5;0.0
18;2021-03-31;1371;274;0;41372;19557;0;14.0;6.6;0.0
18;2021-04-01;1433;356;0;42805;19913;0;14.4;6.7;0.0
18;2021-04-02;1280;329;0;44085;20242;0;14.9;6.8;0.0
18;2021-04-03;623;174;0;44708;20416;0;15.1;6.9;0.0
18;2021-04-04;78;6;0;44786;20422;0;15.1;6.9;0.0
18;2021-04-05;205;2;0;44991;20424;0;15.2;6.9;0.0
18;2021-04-06;1088;369;0;46079;20793;0;15.5;7.0;0.0
18;2021-04-07;1290;412;0;47369;21205;0;16.0;7.2;0.0
18;2021-04-08;1729;368;0;49098;21573;0;16.6;7.3;0.0
18;2021-04-09;1902;329;0;51000;21902;0;17.2;7.4;0.0
18;2021-04-10;2552;654;0;53552;22556;0;18.1;7.6;0.0
18;2021-04-11;1879;325;0;55431;22881;0;18.7;7.7;0.0
18;2021-04-12;1382;423;0;56813;23304;0;19.2;7.9;0.0
18;2021-04-13;1722;494;0;58535;23798;0;19.7;8.0;0.0
18;2021-04-14;1362;530;0;59897;24328;0;20.2;8.2;0.0
18;2021-04-15;1501;581;0;61398;24909;0;20.7;8.4;0.0
18;2021-04-16;1693;636;0;63091;25545;0;21.3;8.6;0.0
18;2021-04-17;1501;526;0;64592;26071;0;21.8;8.8;0.0
18;2021-04-18;369;235;0;64961;26306;0;21.9;8.9;0.0
18;2021-04-19;1310;590;0;66271;26896;0;22.4;9.1;0.0
18;2021-04-20;1367;798;0;67638;27694;0;22.8;9.3;0.0
18;2021-04-21;1232;963;0;68870;28657;0;23.2;9.7;0.0
18;2021-04-22;1351;848;0;70221;29505;0;23.7;10.0;0.0
18;2021-04-23;1387;761;0;71608;30266;0;24.2;10.2;0.0
18;2021-04-24;1326;1253;0;72934;31519;0;24.6;10.6;0.0
18;2021-04-25;299;206;0;73233;31725;0;24.7;10.7;0.0
18;2021-04-26;1187;891;0;74420;32616;0;25.1;11.0;0.0
18;2021-04-27;1467;801;0;75887;33417;0;25.6;11.3;0.0
18;2021-04-28;1346;974;0;77233;34391;0;26.1;11.6;0.0
18;2021-04-29;1746;808;0;78979;35199;0;26.6;11.9;0.0
18;2021-04-30;1516;1045;0;80495;36244;0;27.2;12.2;0.0
18;2021-05-01;781;225;0;81276;36469;0;27.4;12.3;0.0
18;2021-05-02;764;63;0;82040;36532;0;27.7;12.3;0.0
18;2021-05-03;1637;1006;0;83677;37538;0;28.2;12.7;0.0
18;2021-05-04;1690;1333;0;85367;38871;0;28.8;13.1;0.0
18;2021-05-05;1675;1196;0;87042;40067;0;29.4;13.5;0.0
18;2021-05-06;2161;1377;0;89203;41444;0;30.1;14.0;0.0
18;2021-05-07;1284;1408;0;90487;42852;0;30.5;14.5;0.0
18;2021-05-08;975;1433;0;91462;44285;0;30.9;14.9;0.0
18;2021-05-09;482;2155;0;91944;46440;0;31.0;15.7;0.0
18;2021-05-10;1193;1500;0;93137;47940;0;31.4;16.2;0.0
18;2021-05-11;1741;1696;0;94878;49636;0;32.0;16.7;0.0
18;2021-05-12;1864;1389;0;96742;51025;0;32.6;17.2;0.0
18;2021-05-13;1082;323;0;97824;51348;0;33.0;17.3;0.0
18;2021-05-14;1442;981;0;99266;52329;0;33.5;17.7;0.0
18;2021-05-15;1881;1089;0;101147;53418;0;34.1;18.0;0.0
18;2021-05-16;545;555;0;101692;53973;0;34.3;18.2;0.0
18;2021-05-17;1291;1072;0;102983;55045;0;34.7;18.6;0.0
18;2021-05-18;2102;934;0;105085;55979;0;35.5;18.9;0.0
18;2021-05-19;2105;926;0;107190;56905;0;36.2;19.2;0.0
18;2021-05-20;2182;964;0;109372;57869;0;36.9;19.5;0.0
18;2021-05-21;1567;828;0;110939;58697;0;37.4;19.8;0.0
18;2021-05-22;1691;1044;0;112630;59741;0;38.0;20.2;0.0
18;2021-05-23;495;333;0;113125;60074;0;38.2;20.3;0.0
18;2021-05-24;576;302;0;113701;60376;0;38.4;20.4;0.0
18;2021-05-25;1714;1034;0;115415;61410;0;38.9;20.7;0.0
18;2021-05-26;2032;868;0;117447;62278;0;39.6;21.0;0.0
18;2021-05-27;1993;1164;0;119440;63442;0;40.3;21.4;0.0
18;2021-05-28;1709;1364;0;121149;64806;0;40.9;21.9;0.0
18;2021-05-29;2455;1616;0;123604;66422;0;41.7;22.4;0.0
18;2021-05-30;1481;488;0;125085;66910;0;42.2;22.6;0.0
18;2021-05-31;1587;679;0;126672;67589;0;42.7;22.8;0.0
18;2021-06-01;1933;954;0;128605;68543;0;43.4;23.1;0.0
18;2021-06-02;1877;1007;0;130482;69550;0;44.0;23.5;0.0
18;2021-06-03;2060;1215;0;132542;70765;0;44.7;23.9;0.0
18;2021-06-04;1818;1138;0;134360;71903;0;45.3;24.3;0.0
18;2021-06-05;2326;1396;0;136686;73299;0;46.1;24.7;0.0
18;2021-06-06;372;395;0;137058;73694;0;46.2;24.9;0.0
18;2021-06-07;1213;1188;0;138271;74882;0;46.6;25.3;0.0
18;2021-06-08;1483;1317;0;139754;76199;0;47.1;25.7;0.0
18;2021-06-09;1343;1056;0;141097;77255;0;47.6;26.1;0.0
18;2021-06-10;1548;1349;0;142645;78604;0;48.1;26.5;0.0
18;2021-06-11;1464;1402;0;144109;80006;0;48.6;27.0;0.0
18;2021-06-12;1207;2476;0;145316;82482;0;49.0;27.8;0.0
18;2021-06-13;145;258;0;145461;82740;0;49.1;27.9;0.0
18;2021-06-14;658;1852;0;146119;84592;0;49.3;28.5;0.0
18;2021-06-15;1189;1810;0;147308;86402;0;49.7;29.2;0.0
18;2021-06-16;1286;1443;0;148594;87845;0;50.1;29.6;0.0
18;2021-06-17;1327;1659;0;149921;89504;0;50.6;30.2;0.0
18;2021-06-18;1346;1733;0;151267;91237;0;51.0;30.8;0.0
18;2021-06-19;1512;1210;0;152779;92447;0;51.5;31.2;0.0
18;2021-06-20;251;180;0;153030;92627;0;51.6;31.3;0.0
18;2021-06-21;664;1688;0;153694;94315;0;51.9;31.8;0.0
18;2021-06-22;1096;1751;0;154790;96066;0;52.2;32.4;0.0
18;2021-06-23;1035;1701;0;155825;97767;0;52.6;33.0;0.0
18;2021-06-24;1054;1144;0;156879;98911;0;52.9;33.4;0.0
18;2021-06-25;964;1905;0;157843;100816;0;53.3;34.0;0.0
18;2021-06-26;1053;1534;0;158896;102350;0;53.6;34.5;0.0
18;2021-06-27;34;383;0;158930;102733;0;53.6;34.7;0.0
18;2021-06-28;434;1865;0;159364;104598;0;53.8;35.3;0.0
18;2021-06-29;614;2393;0;159978;106991;0;54.0;36.1;0.0
18;2021-06-30;642;2477;0;160620;109468;0;54.2;36.9;0.0
18;2021-07-01;1017;2056;0;161637;111524;0;54.5;37.6;0.0
18;2021-07-02;650;1664;0;162287;113188;0;54.8;38.2;0.0
18;2021-07-03;700;2436;0;162987;115624;0;55.0;39.0;0.0
18;2021-07-04;166;1006;0;163153;116630;0;55.0;39.3;0.0
18;2021-07-05;752;1819;0;163905;118449;0;55.3;40.0;0.0
18;2021-07-06;653;2306;0;164558;120755;0;55.5;40.7;0.0
18;2021-07-07;745;2059;0;165303;122814;0;55.8;41.4;0.0
18;2021-07-08;959;1875;0;166262;124689;0;56.1;42.1;0.0
18;2021-07-09;744;2345;0;167006;127034;0;56.3;42.9;0.0
18;2021-07-10;774;2983;0;167780;130017;0;56.6;43.9;0.0
18;2021-07-11;116;694;0;167896;130711;0;56.6;44.1;0.0
18;2021-07-12;280;2073;0;168176;132784;0;56.7;44.8;0.0
18;2021-07-13;708;2706;0;168884;135490;0;57.0;45.7;0.0
18;2021-07-14;256;902;0;169140;136392;0;57.1;46.0;0.0
18;2021-07-15;1485;2672;0;170625;139064;0;57.6;46.9;0.0
18;2021-07-16;1433;2178;0;172058;141242;0;58.0;47.7;0.0
18;2021-07-17;1128;2155;0;173186;143397;0;58.4;48.4;0.0
18;2021-07-18;259;335;0;173445;143732;0;58.5;48.5;0.0
18;2021-07-19;1266;1642;0;174711;145374;0;58.9;49.0;0.0
18;2021-07-20;1683;2326;0;176394;147700;0;59.5;49.8;0.0
18;2021-07-21;1867;2010;0;178261;149710;0;60.1;50.5;0.0
18;2021-07-22;2108;1954;0;180369;151664;0;60.9;51.2;0.0
18;2021-07-23;1518;1707;0;181887;153371;0;61.4;51.7;0.0
18;2021-07-24;1032;1517;0;182919;154888;0;61.7;52.3;0.0
18;2021-07-25;230;414;0;183149;155302;0;61.8;52.4;0.0
18;2021-07-26;1433;1493;0;184582;156795;0;62.3;52.9;0.0
18;2021-07-27;1876;1719;0;186458;158514;0;62.9;53.5;0.0
18;2021-07-28;2297;1866;0;188755;160380;0;63.7;54.1;0.0
18;2021-07-29;2208;1821;0;190963;162201;0;64.4;54.7;0.0
18;2021-07-30;1714;1437;0;192677;163638;0;65.0;55.2;0.0
18;2021-07-31;1171;1279;0;193848;164917;0;65.4;55.6;0.0
18;2021-08-01;125;39;0;193973;164956;0;65.4;55.7;0.0
18;2021-08-02;1492;825;0;195465;165781;0;65.9;55.9;0.0
18;2021-08-03;1860;1678;0;197325;167459;0;66.6;56.5;0.0
18;2021-08-04;2240;1101;0;199565;168560;0;67.3;56.9;0.0
18;2021-08-05;1721;1233;0;201286;169793;0;67.9;57.3;0.0
18;2021-08-06;1777;1155;0;203063;170948;0;68.5;57.7;0.0
18;2021-08-07;717;831;0;203780;171779;0;68.8;58.0;0.0
18;2021-08-08;62;79;0;203842;171858;0;68.8;58.0;0.0
18;2021-08-09;1122;1034;0;204964;172892;0;69.2;58.3;0.0
18;2021-08-10;1378;1642;0;206342;174534;0;69.6;58.9;0.0
18;2021-08-11;1707;1536;0;208049;176070;0;70.2;59.4;0.0
18;2021-08-12;1617;1621;0;209666;177691;0;70.7;59.9;0.0
18;2021-08-13;1099;1164;0;210765;178855;0;71.1;60.3;0.0
18;2021-08-14;772;657;0;211537;179512;0;71.4;60.6;0.0
18;2021-08-15;39;36;0;211576;179548;0;71.4;60.6;0.0
18;2021-08-16;815;1410;0;212391;180958;0;71.7;61.1;0.0
18;2021-08-17;1007;1977;0;213398;182935;0;72.0;61.7;0.0
18;2021-08-18;1141;1887;0;214539;184822;0;72.4;62.4;0.0
18;2021-08-19;1041;1725;0;215580;186547;0;72.7;62.9;0.0
18;2021-08-20;906;1764;0;216486;188311;0;73.0;63.5;0.0
18;2021-08-21;436;804;0;216922;189115;0;73.2;63.8;0.0
18;2021-08-22;24;88;0;216946;189203;0;73.2;63.8;0.0
18;2021-08-23;535;1663;0;217481;190866;0;73.4;64.4;0.0
18;2021-08-24;843;1734;0;218324;192600;0;73.7;65.0;0.0
18;2021-08-25;794;1882;0;219118;194482;0;73.9;65.6;0.0
18;2021-08-26;745;1697;0;219863;196179;0;74.2;66.2;0.0
18;2021-08-27;563;2061;0;220426;198240;0;74.4;66.9;0.0
18;2021-08-28;515;934;0;220941;199174;0;74.5;67.2;0.0
18;2021-08-29;92;181;0;221033;199355;0;74.6;67.3;0.0
18;2021-08-30;525;1388;33;221558;200743;33;74.7;67.7;0.0
18;2021-08-31;498;1534;47;222056;202277;80;74.9;68.2;0.0
18;2021-09-01;589;1602;131;222645;203879;211;75.1;68.8;0.1
18;2021-09-02;408;1264;154;223053;205143;365;75.3;69.2;0.1
18;2021-09-03;458;1192;165;223511;206335;530;75.4;69.6;0.2
18;2021-09-04;375;847;76;223886;207182;606;75.5;69.9;0.2
18;2021-09-05;32;62;23;223918;207244;629;75.5;69.9;0.2
18;2021-09-06;267;916;211;224185;208160;840;75.6;70.2;0.3
18;2021-09-07;314;946;164;224499;209106;1004;75.7;70.5;0.3
18;2021-09-08;402;1093;119;224901;210199;1123;75.9;70.9;0.4
18;2021-09-09;352;950;175;225253;211149;1298;76.0;71.2;0.4
18;2021-09-10;415;913;173;225668;212062;1471;76.1;71.5;0.5
18;2021-09-11;261;824;93;225929;212886;1564;76.2;71.8;0.5
18;2021-09-12;7;28;13;225936;212914;1577;76.2;71.8;0.5
18;2021-09-13;334;741;160;226270;213655;1737;76.3;72.1;0.6
18;2021-09-14;285;785;276;226555;214440;2013;76.4;72.3;0.7
18;2021-09-15;337;1031;340;226892;215471;2353;76.5;72.7;0.8
18;2021-09-16;466;853;293;227358;216324;2646;76.7;73.0;0.9
18;2021-09-17;350;704;362;227708;217028;3008;76.8;73.2;1.0
18;2021-09-18;198;655;132;227906;217683;3140;76.9;73.4;1.1
18;2021-09-19;8;10;11;227914;217693;3151;76.9;73.4;1.1
18;2021-09-20;153;546;288;228067;218239;3439;76.9;73.6;1.2
18;2021-09-21;128;453;270;228195;218692;3709;77.0;73.8;1.3
18;2021-09-22;182;776;359;228377;219468;4068;77.0;74.0;1.4
18;2021-09-23;246;442;526;228623;219910;4594;77.1;74.2;1.5
18;2021-09-24;140;492;355;228763;220402;4949;77.2;74.4;1.7
18;2021-09-25;150;712;173;228913;221114;5122;77.2;74.6;1.7
18;2021-09-26;16;96;48;228929;221210;5170;77.2;74.6;1.7
18;2021-09-27;111;323;276;229040;221533;5446;77.3;74.7;1.8
18;2021-09-28;85;287;306;229125;221820;5752;77.3;74.8;1.9
18;2021-09-29;83;299;226;229208;222119;5978;77.3;74.9;2.0
18;2021-09-30;120;281;529;229328;222400;6507;77.4;75.0;2.2
18;2021-10-01;169;303;336;229497;222703;6843;77.4;75.1;2.3
18;2021-10-02;80;212;77;229577;222915;6920;77.5;75.2;2.3
18;2021-10-03;8;13;32;229585;222928;6952;77.5;75.2;2.3
18;2021-10-04;141;423;364;229726;223351;7316;77.5;75.4;2.5
18;2021-10-05;137;311;417;229863;223662;7733;77.6;75.5;2.6
18;2021-10-06;134;424;459;229997;224086;8192;77.6;75.6;2.8
18;2021-10-07;109;383;343;230106;224469;8535;77.6;75.7;2.9
18;2021-10-08;160;503;573;230266;224972;9108;77.7;75.9;3.1
18;2021-10-09;123;298;159;230389;225270;9267;77.7;76.0;3.1
18;2021-10-10;6;13;36;230395;225283;9303;77.7;76.0;3.1
18;2021-10-11;152;201;510;230547;225484;9813;77.8;76.1;3.3
18;2021-10-12;146;198;630;230693;225682;10443;77.8;76.1;3.5
18;2021-10-13;156;226;451;230849;225908;10894;77.9;76.2;3.7
18;2021-10-14;63;231;329;230912;226139;11223;77.9;76.3;3.8
18;2021-10-15;165;288;768;231077;226427;11991;78.0;76.4;4.0
18;2021-10-16;152;245;825;231229;226672;12816;78.0;76.5;4.3
18;2021-10-17;8;19;36;231237;226691;12852;78.0;76.5;4.3
18;2021-10-18;124;169;464;231361;226860;13316;78.1;76.5;4.5
18;2021-10-19;101;106;447;231462;226966;13763;78.1;76.6;4.6
18;2021-10-20;144;131;651;231606;227097;14414;78.1;76.6;4.9
18;2021-10-21;66;82;405;231672;227179;14819;78.2;76.6;5.0
18;2021-10-22;126;188;583;231798;227367;15402;78.2;76.7;5.2
18;2021-10-23;92;91;313;231890;227458;15715;78.2;76.7;5.3
18;2021-10-24;6;7;27;231896;227465;15742;78.2;76.7;5.3
18;2021-10-25;104;145;543;232000;227610;16285;78.3;76.8;5.5
18;2021-10-26;88;146;431;232088;227756;16716;78.3;76.8;5.6
18;2021-10-27;110;160;601;232198;227916;17317;78.3;76.9;5.8
18;2021-10-28;58;78;531;232256;227994;17848;78.4;76.9;6.0
18;2021-10-29;131;166;641;232387;228160;18489;78.4;77.0;6.2
18;2021-10-30;80;114;200;232467;228274;18689;78.4;77.0;6.3
18;2021-10-31;0;1;2;232467;228275;18691;78.4;77.0;6.3
18;2021-11-01;5;10;2;232472;228285;18693;78.4;77.0;6.3
18;2021-11-02;72;145;508;232544;228430;19201;78.5;77.1;6.5
18;2021-11-03;103;219;795;232647;228649;19996;78.5;77.1;6.7
18;2021-11-04;63;73;458;232710;228722;20454;78.5;77.2;6.9
18;2021-11-05;73;134;721;232783;228856;21175;78.5;77.2;7.1
18;2021-11-06;76;144;1284;232859;229000;22459;78.6;77.3;7.6
18;2021-11-07;6;14;45;232865;229014;22504;78.6;77.3;7.6
18;2021-11-08;61;114;906;232926;229128;23410;78.6;77.3;7.9
18;2021-11-09;78;113;885;233004;229241;24295;78.6;77.3;8.2
18;2021-11-10;115;154;1051;233119;229395;25346;78.6;77.4;8.6
18;2021-11-11;1;2;11;233120;229397;25357;78.6;77.4;8.6
18;2021-11-12;67;127;701;233187;229524;26058;78.7;77.4;8.8
18;2021-11-13;50;106;385;233237;229630;26443;78.7;77.5;8.9
18;2021-11-14;0;3;7;233237;229633;26450;78.7;77.5;8.9
18;2021-11-15;73;111;1173;233310;229744;27623;78.7;77.5;9.3
18;2021-11-16;98;96;1453;233408;229840;29076;78.7;77.5;9.8
18;2021-11-17;159;156;1602;233567;229996;30678;78.8;77.6;10.4
18;2021-11-18;58;75;1074;233625;230071;31752;78.8;77.6;10.7
18;2021-11-19;102;147;1326;233727;230218;33078;78.9;77.7;11.2
18;2021-11-20;76;114;905;233803;230332;33983;78.9;77.7;11.5
18;2021-11-21;16;16;75;233819;230348;34058;78.9;77.7;11.5
18;2021-11-22;100;55;1216;233919;230403;35274;78.9;77.7;11.9
18;2021-11-23;113;89;1479;234032;230492;36753;79.0;77.8;12.4
18;2021-11-24;146;107;1503;234178;230599;38256;79.0;77.8;12.9
18;2021-11-25;53;75;1177;234231;230674;39433;79.0;77.8;13.3
18;2021-11-26;130;118;1796;234361;230792;41229;79.1;77.9;13.9
18;2021-11-27;109;81;990;234470;230873;42219;79.1;77.9;14.2
18;2021-11-28;9;13;416;234479;230886;42635;79.1;77.9;14.4
18;2021-11-29;107;75;2007;234586;230961;44642;79.1;77.9;15.1
18;2021-11-30;83;80;2270;234669;231041;46912;79.2;77.9;15.8
18;2021-12-01;78;113;2528;234747;231154;49440;79.2;78.0;16.7
18;2021-12-02;81;59;2753;234828;231213;52193;79.2;78.0;17.6
18;2021-12-03;75;81;2501;234903;231294;54694;79.3;78.0;18.5
18;2021-12-04;41;89;2190;234944;231383;56884;79.3;78.1;19.2
18;2021-12-05;6;3;118;234950;231386;57002;79.3;78.1;19.2
18;2021-12-06;42;91;2568;234992;231477;59570;79.3;78.1;20.1
18;2021-12-07;51;96;3638;235043;231573;63208;79.3;78.1;21.3
18;2021-12-08;61;142;3070;235104;231715;66278;79.3;78.2;22.4
18;2021-12-09;86;102;3327;235190;231817;69605;79.3;78.2;23.5
18;2021-12-10;80;144;3813;235270;231961;73418;79.4;78.3;24.8
18;2021-12-11;66;86;3178;235336;232047;76596;79.4;78.3;25.8
18;2021-12-12;28;21;691;235364;232068;77287;79.4;78.3;26.1
18;2021-12-13;51;114;2782;235415;232182;80069;79.4;78.3;27.0
18;2021-12-14;83;117;4080;235498;232299;84149;79.5;78.4;28.4
18;2021-12-15;105;140;4005;235603;232439;88154;79.5;78.4;29.7
18;2021-12-16;100;84;3806;235703;232523;91960;79.5;78.4;31.0
18;2021-12-17;92;180;3876;235795;232703;95836;79.6;78.5;32.3
18;2021-12-18;83;127;3609;235878;232830;99445;79.6;78.6;33.6
18;2021-12-19;21;19;569;235899;232849;100014;79.6;78.6;33.7
18;2021-12-20;83;112;2551;235982;232961;102565;79.6;78.6;34.6
18;2021-12-21;97;103;3233;236079;233064;105798;79.6;78.6;35.7
18;2021-12-22;101;95;2605;236180;233159;108403;79.7;78.7;36.6
18;2021-12-23;82;88;2079;236262;233247;110482;79.7;78.7;37.3
18;2021-12-24;11;20;292;236273;233267;110774;79.7;78.7;37.4
18;2021-12-25;5;3;23;236278;233270;110797;79.7;78.7;37.4
18;2021-12-26;2;1;52;236280;233271;110849;79.7;78.7;37.4
19;2020-12-27;0;0;0;0;0;0;0.0;0.0;0.0
19;2020-12-28;0;0;0;0;0;0;0.0;0.0;0.0
19;2020-12-29;1;0;0;1;0;0;0.0;0.0;0.0
19;2020-12-30;0;0;0;1;0;0;0.0;0.0;0.0
19;2020-12-31;0;0;0;1;0;0;0.0;0.0;0.0
19;2021-01-01;0;0;0;1;0;0;0.0;0.0;0.0
19;2021-01-02;0;0;0;1;0;0;0.0;0.0;0.0
19;2021-01-03;0;0;0;1;0;0;0.0;0.0;0.0
19;2021-01-04;0;0;0;1;0;0;0.0;0.0;0.0
19;2021-01-05;0;0;0;1;0;0;0.0;0.0;0.0
19;2021-01-06;0;0;0;1;0;0;0.0;0.0;0.0
19;2021-01-07;323;2;0;324;2;0;0.1;0.0;0.0
19;2021-01-08;236;1;0;560;3;0;0.2;0.0;0.0
19;2021-01-09;2;0;0;562;3;0;0.2;0.0;0.0
19;2021-01-10;1;0;0;563;3;0;0.2;0.0;0.0
19;2021-01-11;45;0;0;608;3;0;0.3;0.0;0.0
19;2021-01-12;383;2;0;991;5;0;0.4;0.0;0.0
19;2021-01-13;340;2;0;1331;7;0;0.6;0.0;0.0
19;2021-01-14;452;1;0;1783;8;0;0.7;0.0;0.0
19;2021-01-15;229;18;0;2012;26;0;0.8;0.0;0.0
19;2021-01-16;11;0;0;2023;26;0;0.8;0.0;0.0
19;2021-01-17;3;0;0;2026;26;0;0.8;0.0;0.0
19;2021-01-18;262;1;0;2288;27;0;1.0;0.0;0.0
19;2021-01-19;470;0;0;2758;27;0;1.1;0.0;0.0
19;2021-01-20;884;10;0;3642;37;0;1.5;0.0;0.0
19;2021-01-21;469;4;0;4111;41;0;1.7;0.0;0.0
19;2021-01-22;1210;13;0;5321;54;0;2.2;0.0;0.0
19;2021-01-23;269;0;0;5590;54;0;2.3;0.0;0.0
19;2021-01-24;38;0;0;5628;54;0;2.3;0.0;0.0
19;2021-01-25;234;0;0;5862;54;0;2.4;0.0;0.0
19;2021-01-26;540;1;0;6402;55;0;2.7;0.0;0.0
19;2021-01-27;300;2;0;6702;57;0;2.8;0.0;0.0
19;2021-01-28;284;237;0;6986;294;0;2.9;0.1;0.0
19;2021-01-29;315;60;0;7301;354;0;3.0;0.1;0.0
19;2021-01-30;128;20;0;7429;374;0;3.1;0.2;0.0
19;2021-01-31;41;1;0;7470;375;0;3.1;0.2;0.0
19;2021-02-01;164;92;0;7634;467;0;3.2;0.2;0.0
19;2021-02-02;308;399;0;7942;866;0;3.3;0.4;0.0
19;2021-02-03;272;215;0;8214;1081;0;3.4;0.4;0.0
19;2021-02-04;262;353;0;8476;1434;0;3.5;0.6;0.0
19;2021-02-05;312;85;0;8788;1519;0;3.7;0.6;0.0
19;2021-02-06;193;5;0;8981;1524;0;3.7;0.6;0.0
19;2021-02-07;45;2;0;9026;1526;0;3.8;0.6;0.0
19;2021-02-08;182;154;0;9208;1680;0;3.8;0.7;0.0
19;2021-02-09;285;264;0;9493;1944;0;3.9;0.8;0.0
19;2021-02-10;488;277;0;9981;2221;0;4.2;0.9;0.0
19;2021-02-11;411;322;0;10392;2543;0;4.3;1.1;0.0
19;2021-02-12;749;1087;0;11141;3630;0;4.6;1.5;0.0
19;2021-02-13;333;178;0;11474;3808;0;4.8;1.6;0.0
19;2021-02-14;95;12;0;11569;3820;0;4.8;1.6;0.0
19;2021-02-15;195;234;0;11764;4054;0;4.9;1.7;0.0
19;2021-02-16;349;176;0;12113;4230;0;5.0;1.8;0.0
19;2021-02-17;291;487;0;12404;4717;0;5.2;2.0;0.0
19;2021-02-18;182;481;0;12586;5198;0;5.2;2.2;0.0
19;2021-02-19;451;281;0;13037;5479;0;5.4;2.3;0.0
19;2021-02-20;128;194;0;13165;5673;0;5.5;2.4;0.0
19;2021-02-21;21;42;0;13186;5715;0;5.5;2.4;0.0
19;2021-02-22;210;207;0;13396;5922;0;5.6;2.5;0.0
19;2021-02-23;250;324;0;13646;6246;0;5.7;2.6;0.0
19;2021-02-24;333;219;0;13979;6465;0;5.8;2.7;0.0
19;2021-02-25;507;364;0;14486;6829;0;6.0;2.8;0.0
19;2021-02-26;426;327;0;14912;7156;0;6.2;3.0;0.0
19;2021-02-27;352;149;0;15264;7305;0;6.4;3.0;0.0
19;2021-02-28;67;36;0;15331;7341;0;6.4;3.1;0.0
19;2021-03-01;262;217;0;15593;7558;0;6.5;3.1;0.0
19;2021-03-02;409;240;0;16002;7798;0;6.7;3.2;0.0
19;2021-03-03;668;347;0;16670;8145;0;6.9;3.4;0.0
19;2021-03-04;799;321;0;17469;8466;0;7.3;3.5;0.0
19;2021-03-05;901;697;0;18370;9163;0;7.6;3.8;0.0
19;2021-03-06;1041;192;0;19411;9355;0;8.1;3.9;0.0
19;2021-03-07;449;38;0;19860;9393;0;8.3;3.9;0.0
19;2021-03-08;582;179;0;20442;9572;0;8.5;4.0;0.0
19;2021-03-09;852;248;0;21294;9820;0;8.9;4.1;0.0
19;2021-03-10;1096;310;0;22390;10130;0;9.3;4.2;0.0
19;2021-03-11;1280;287;0;23670;10417;0;9.8;4.3;0.0
19;2021-03-12;1243;385;0;24913;10802;0;10.4;4.5;0.0
19;2021-03-13;1080;154;0;25993;10956;0;10.8;4.6;0.0
19;2021-03-14;145;78;0;26138;11034;0;10.9;4.6;0.0
19;2021-03-15;661;151;0;26799;11185;0;11.2;4.7;0.0
19;2021-03-16;653;266;0;27452;11451;0;11.4;4.8;0.0
19;2021-03-17;772;290;0;28224;11741;0;11.7;4.9;0.0
19;2021-03-18;734;259;0;28958;12000;0;12.0;5.0;0.0
19;2021-03-19;991;452;0;29949;12452;0;12.5;5.2;0.0
19;2021-03-20;752;122;0;30701;12574;0;12.8;5.2;0.0
19;2021-03-21;117;4;0;30818;12578;0;12.8;5.2;0.0
19;2021-03-22;554;172;0;31372;12750;0;13.1;5.3;0.0
19;2021-03-23;1003;227;0;32375;12977;0;13.5;5.4;0.0
19;2021-03-24;1113;356;0;33488;13333;0;13.9;5.5;0.0
19;2021-03-25;1209;391;0;34697;13724;0;14.4;5.7;0.0
19;2021-03-26;1331;295;0;36028;14019;0;15.0;5.8;0.0
19;2021-03-27;817;187;0;36845;14206;0;15.3;5.9;0.0
19;2021-03-28;72;59;0;36917;14265;0;15.4;5.9;0.0
19;2021-03-29;605;173;0;37522;14438;0;15.6;6.0;0.0
19;2021-03-30;933;349;0;38455;14787;0;16.0;6.2;0.0
19;2021-03-31;1084;498;0;39539;15285;0;16.5;6.4;0.0
19;2021-04-01;1456;375;0;40995;15660;0;17.1;6.5;0.0
19;2021-04-02;1021;529;0;42016;16189;0;17.5;6.7;0.0
19;2021-04-03;585;261;0;42601;16450;0;17.7;6.8;0.0
19;2021-04-04;135;4;0;42736;16454;0;17.8;6.8;0.0
19;2021-04-05;65;73;0;42801;16527;0;17.8;6.9;0.0
19;2021-04-06;732;576;0;43533;17103;0;18.1;7.1;0.0
19;2021-04-07;925;728;0;44458;17831;0;18.5;7.4;0.0
19;2021-04-08;1126;960;0;45584;18791;0;19.0;7.8;0.0
19;2021-04-09;1629;671;0;47213;19462;0;19.6;8.1;0.0
19;2021-04-10;939;522;0;48152;19984;0;20.0;8.3;0.0
19;2021-04-11;511;66;0;48663;20050;0;20.2;8.3;0.0
19;2021-04-12;715;500;0;49378;20550;0;20.5;8.6;0.0
19;2021-04-13;926;561;0;50304;21111;0;20.9;8.8;0.0
19;2021-04-14;1354;815;0;51658;21926;0;21.5;9.1;0.0
19;2021-04-15;1252;800;0;52910;22726;0;22.0;9.5;0.0
19;2021-04-16;1530;814;0;54440;23540;0;22.7;9.8;0.0
19;2021-04-17;777;460;0;55217;24000;0;23.0;10.0;0.0
19;2021-04-18;583;65;0;55800;24065;0;23.2;10.0;0.0
19;2021-04-19;733;430;0;56533;24495;0;23.5;10.2;0.0
19;2021-04-20;922;699;0;57455;25194;0;23.9;10.5;0.0
19;2021-04-21;1184;700;0;58639;25894;0;24.4;10.8;0.0
19;2021-04-22;1089;879;0;59728;26773;0;24.9;11.1;0.0
19;2021-04-23;1185;977;0;60913;27750;0;25.3;11.5;0.0
19;2021-04-24;660;652;0;61573;28402;0;25.6;11.8;0.0
19;2021-04-25;641;72;0;62214;28474;0;25.9;11.8;0.0
19;2021-04-26;1102;338;0;63316;28812;0;26.3;12.0;0.0
19;2021-04-27;1071;551;0;64387;29363;0;26.8;12.2;0.0
19;2021-04-28;1540;567;0;65927;29930;0;27.4;12.5;0.0
19;2021-04-29;1464;1086;0;67391;31016;0;28.0;12.9;0.0
19;2021-04-30;1920;1082;0;69311;32098;0;28.8;13.4;0.0
19;2021-05-01;673;183;0;69984;32281;0;29.1;13.4;0.0
19;2021-05-02;552;150;0;70536;32431;0;29.3;13.5;0.0
19;2021-05-03;958;546;0;71494;32977;0;29.7;13.7;0.0
19;2021-05-04;1144;713;0;72638;33690;0;30.2;14.0;0.0
19;2021-05-05;1388;759;0;74026;34449;0;30.8;14.3;0.0
19;2021-05-06;1346;1162;0;75372;35611;0;31.4;14.8;0.0
19;2021-05-07;1733;1197;0;77105;36808;0;32.1;15.3;0.0
19;2021-05-08;854;228;0;77959;37036;0;32.4;15.4;0.0
19;2021-05-09;470;510;0;78429;37546;0;32.6;15.6;0.0
19;2021-05-10;1211;742;0;79640;38288;0;33.1;15.9;0.0
19;2021-05-11;1652;878;0;81292;39166;0;33.8;16.3;0.0
19;2021-05-12;1935;1338;0;83227;40504;0;34.6;16.9;0.0
19;2021-05-13;636;294;0;83863;40798;0;34.9;17.0;0.0
19;2021-05-14;1593;972;0;85456;41770;0;35.6;17.4;0.0
19;2021-05-15;1341;584;0;86797;42354;0;36.1;17.6;0.0
19;2021-05-16;287;95;0;87084;42449;0;36.2;17.7;0.0
19;2021-05-17;1432;584;0;88516;43033;0;36.8;17.9;0.0
19;2021-05-18;1644;518;0;90160;43551;0;37.5;18.1;0.0
19;2021-05-19;1972;852;0;92132;44403;0;38.3;18.5;0.0
19;2021-05-20;1758;895;0;93890;45298;0;39.1;18.8;0.0
19;2021-05-21;1967;873;0;95857;46171;0;39.9;19.2;0.0
19;2021-05-22;1204;631;0;97061;46802;0;40.4;19.5;0.0
19;2021-05-23;292;126;0;97353;46928;0;40.5;19.5;0.0
19;2021-05-24;217;57;0;97570;46985;0;40.6;19.5;0.0
19;2021-05-25;1487;554;0;99057;47539;0;41.2;19.8;0.0
19;2021-05-26;1933;691;0;100990;48230;0;42.0;20.1;0.0
19;2021-05-27;1808;879;0;102798;49109;0;42.8;20.4;0.0
19;2021-05-28;1939;1065;0;104737;50174;0;43.6;20.9;0.0
19;2021-05-29;1345;699;0;106082;50873;0;44.1;21.2;0.0
19;2021-05-30;181;458;0;106263;51331;0;44.2;21.4;0.0
19;2021-05-31;1177;550;0;107440;51881;0;44.7;21.6;0.0
19;2021-06-01;1297;899;0;108737;52780;0;45.2;22.0;0.0
19;2021-06-02;1761;1017;0;110498;53797;0;46.0;22.4;0.0
19;2021-06-03;1500;1172;0;111998;54969;0;46.6;22.9;0.0
19;2021-06-04;1835;1395;0;113833;56364;0;47.4;23.5;0.0
19;2021-06-05;1136;795;0;114969;57159;0;47.8;23.8;0.0
19;2021-06-06;102;593;0;115071;57752;0;47.9;24.0;0.0
19;2021-06-07;919;1012;0;115990;58764;0;48.3;24.5;0.0
19;2021-06-08;1103;962;0;117093;59726;0;48.7;24.9;0.0
19;2021-06-09;1245;1461;0;118338;61187;0;49.2;25.5;0.0
19;2021-06-10;1260;1534;0;119598;62721;0;49.8;26.1;0.0
19;2021-06-11;1280;1954;0;120878;64675;0;50.3;26.9;0.0
19;2021-06-12;1255;1298;0;122133;65973;0;50.8;27.5;0.0
19;2021-06-13;472;418;0;122605;66391;0;51.0;27.6;0.0
19;2021-06-14;687;1149;0;123292;67540;0;51.3;28.1;0.0
19;2021-06-15;943;1291;0;124235;68831;0;51.7;28.6;0.0
19;2021-06-16;1168;1514;0;125403;70345;0;52.2;29.3;0.0
19;2021-06-17;871;1854;0;126274;72199;0;52.5;30.0;0.0
19;2021-06-18;1012;2160;0;127286;74359;0;53.0;30.9;0.0
19;2021-06-19;847;1390;0;128133;75749;0;53.3;31.5;0.0
19;2021-06-20;341;318;0;128474;76067;0;53.5;31.7;0.0
19;2021-06-21;503;1149;0;128977;77216;0;53.7;32.1;0.0
19;2021-06-22;651;1551;0;129628;78767;0;53.9;32.8;0.0
19;2021-06-23;681;1994;0;130309;80761;0;54.2;33.6;0.0
19;2021-06-24;653;1595;0;130962;82356;0;54.5;34.3;0.0
19;2021-06-25;558;2173;0;131520;84529;0;54.7;35.2;0.0
19;2021-06-26;454;1667;0;131974;86196;0;54.9;35.9;0.0
19;2021-06-27;252;374;0;132226;86570;0;55.0;36.0;0.0
19;2021-06-28;297;1525;0;132523;88095;0;55.1;36.7;0.0
19;2021-06-29;370;1907;0;132893;90002;0;55.3;37.4;0.0
19;2021-06-30;718;2080;0;133611;92082;0;55.6;38.3;0.0
19;2021-07-01;343;2267;0;133954;94349;0;55.7;39.3;0.0
19;2021-07-02;750;2290;0;134704;96639;0;56.0;40.2;0.0
19;2021-07-03;479;1693;0;135183;98332;0;56.2;40.9;0.0
19;2021-07-04;20;65;0;135203;98397;0;56.3;40.9;0.0
19;2021-07-05;585;1047;0;135788;99444;0;56.5;41.4;0.0
19;2021-07-06;471;1540;0;136259;100984;0;56.7;42.0;0.0
19;2021-07-07;612;2125;0;136871;103109;0;56.9;42.9;0.0
19;2021-07-08;726;2107;0;137597;105216;0;57.3;43.8;0.0
19;2021-07-09;683;2608;0;138280;107824;0;57.5;44.9;0.0
19;2021-07-10;530;1644;0;138810;109468;0;57.8;45.5;0.0
19;2021-07-11;60;215;0;138870;109683;0;57.8;45.6;0.0
19;2021-07-12;445;1501;0;139315;111184;0;58.0;46.3;0.0
19;2021-07-13;665;1832;0;139980;113016;0;58.2;47.0;0.0
19;2021-07-14;219;273;0;140199;113289;0;58.3;47.1;0.0
19;2021-07-15;849;1967;0;141048;115256;0;58.7;48.0;0.0
19;2021-07-16;1117;2350;0;142165;117606;0;59.2;48.9;0.0
19;2021-07-17;717;1582;0;142882;119188;0;59.5;49.6;0.0
19;2021-07-18;312;580;0;143194;119768;0;59.6;49.8;0.0
19;2021-07-19;918;1354;0;144112;121122;0;60.0;50.4;0.0
19;2021-07-20;968;1594;0;145080;122716;0;60.4;51.1;0.0
19;2021-07-21;1054;1625;0;146134;124341;0;60.8;51.7;0.0
19;2021-07-22;1334;1719;0;147468;126060;0;61.4;52.5;0.0
19;2021-07-23;1682;1928;0;149150;127988;0;62.1;53.3;0.0
19;2021-07-24;909;1606;0;150059;129594;0;62.4;53.9;0.0
19;2021-07-25;168;457;0;150227;130051;0;62.5;54.1;0.0
19;2021-07-26;905;921;0;151132;130972;0;62.9;54.5;0.0
19;2021-07-27;1370;1049;0;152502;132021;0;63.5;54.9;0.0
19;2021-07-28;1930;1177;0;154432;133198;0;64.3;55.4;0.0
19;2021-07-29;1563;1124;0;155995;134322;0;64.9;55.9;0.0
19;2021-07-30;1831;1034;0;157826;135356;0;65.7;56.3;0.0
19;2021-07-31;1099;965;0;158925;136321;0;66.1;56.7;0.0
19;2021-08-01;344;320;0;159269;136641;0;66.3;56.9;0.0
19;2021-08-02;1059;747;0;160328;137388;0;66.7;57.2;0.0
19;2021-08-03;1389;938;0;161717;138326;0;67.3;57.6;0.0
19;2021-08-04;1678;643;0;163395;138969;0;68.0;57.8;0.0
19;2021-08-05;1418;851;0;164813;139820;0;68.6;58.2;0.0
19;2021-08-06;1786;1138;0;166599;140958;0;69.3;58.7;0.0
19;2021-08-07;1188;896;0;167787;141854;0;69.8;59.0;0.0
19;2021-08-08;184;184;0;167971;142038;0;69.9;59.1;0.0
19;2021-08-09;932;739;0;168903;142777;0;70.3;59.4;0.0
19;2021-08-10;1117;943;0;170020;143720;0;70.7;59.8;0.0
19;2021-08-11;1168;904;0;171188;144624;0;71.2;60.2;0.0
19;2021-08-12;933;1100;0;172121;145724;0;71.6;60.6;0.0
19;2021-08-13;1071;1112;0;173192;146836;0;72.1;61.1;0.0
19;2021-08-14;845;1066;0;174037;147902;0;72.4;61.5;0.0
19;2021-08-15;40;63;0;174077;147965;0;72.4;61.6;0.0
19;2021-08-16;538;964;0;174615;148929;0;72.7;62.0;0.0
19;2021-08-17;554;1121;0;175169;150050;0;72.9;62.4;0.0
19;2021-08-18;570;909;0;175739;150959;0;73.1;62.8;0.0
19;2021-08-19;438;1194;0;176177;152153;0;73.3;63.3;0.0
19;2021-08-20;784;1760;0;176961;153913;0;73.6;64.0;0.0
19;2021-08-21;420;1256;0;177381;155169;0;73.8;64.6;0.0
19;2021-08-22;49;105;0;177430;155274;0;73.8;64.6;0.0
19;2021-08-23;220;1106;0;177650;156380;0;73.9;65.1;0.0
19;2021-08-24;438;1180;0;178088;157560;0;74.1;65.6;0.0
19;2021-08-25;562;1461;0;178650;159021;0;74.3;66.2;0.0
19;2021-08-26;444;1303;0;179094;160324;0;74.5;66.7;0.0
19;2021-08-27;448;1585;0;179542;161909;0;74.7;67.4;0.0
19;2021-08-28;338;1198;0;179880;163107;0;74.8;67.9;0.0
19;2021-08-29;51;170;0;179931;163277;0;74.9;67.9;0.0
19;2021-08-30;227;1070;5;180158;164347;5;75.0;68.4;0.0
19;2021-08-31;316;1260;97;180474;165607;102;75.1;68.9;0.0
19;2021-09-01;364;1333;43;180838;166940;145;75.2;69.5;0.1
19;2021-09-02;342;1087;119;181180;168027;264;75.4;69.9;0.1
19;2021-09-03;379;1372;93;181559;169399;357;75.5;70.5;0.1
19;2021-09-04;270;1252;26;181829;170651;383;75.7;71.0;0.2
19;2021-09-05;25;98;128;181854;170749;511;75.7;71.0;0.2
19;2021-09-06;189;589;69;182043;171338;580;75.7;71.3;0.2
19;2021-09-07;216;680;70;182259;172018;650;75.8;71.6;0.3
19;2021-09-08;266;715;188;182525;172733;838;75.9;71.9;0.3
19;2021-09-09;252;519;95;182777;173252;933;76.1;72.1;0.4
19;2021-09-10;252;697;147;183029;173949;1080;76.2;72.4;0.4
19;2021-09-11;269;949;95;183298;174898;1175;76.3;72.8;0.5
19;2021-09-12;26;48;74;183324;174946;1249;76.3;72.8;0.5
19;2021-09-13;98;249;244;183422;175195;1493;76.3;72.9;0.6
19;2021-09-14;173;340;253;183595;175535;1746;76.4;73.0;0.7
19;2021-09-15;229;559;312;183824;176094;2058;76.5;73.3;0.9
19;2021-09-16;213;355;257;184037;176449;2315;76.6;73.4;1.0
19;2021-09-17;250;522;171;184287;176971;2486;76.7;73.6;1.0
19;2021-09-18;163;628;87;184450;177599;2573;76.7;73.9;1.1
19;2021-09-19;12;23;4;184462;177622;2577;76.8;73.9;1.1
19;2021-09-20;116;212;285;184578;177834;2862;76.8;74.0;1.2
19;2021-09-21;126;267;419;184704;178101;3281;76.9;74.1;1.4
19;2021-09-22;135;365;272;184839;178466;3553;76.9;74.3;1.5
19;2021-09-23;78;277;241;184917;178743;3794;76.9;74.4;1.6
19;2021-09-24;131;333;375;185048;179076;4169;77.0;74.5;1.7
19;2021-09-25;128;507;127;185176;179583;4296;77.0;74.7;1.8
19;2021-09-26;15;24;4;185191;179607;4300;77.1;74.7;1.8
19;2021-09-27;42;201;288;185233;179808;4588;77.1;74.8;1.9
19;2021-09-28;65;197;280;185298;180005;4868;77.1;74.9;2.0
19;2021-09-29;83;334;263;185381;180339;5131;77.1;75.0;2.1
19;2021-09-30;107;279;226;185488;180618;5357;77.2;75.2;2.2
19;2021-10-01;123;233;217;185611;180851;5574;77.2;75.2;2.3
19;2021-10-02;134;301;185;185745;181152;5759;77.3;75.4;2.4
19;2021-10-03;9;12;10;185754;181164;5769;77.3;75.4;2.4
19;2021-10-04;56;119;208;185810;181283;5977;77.3;75.4;2.5
19;2021-10-05;79;161;325;185889;181444;6302;77.3;75.5;2.6
19;2021-10-06;108;239;311;185997;181683;6613;77.4;75.6;2.8
19;2021-10-07;62;231;289;186059;181914;6902;77.4;75.7;2.9
19;2021-10-08;79;235;268;186138;182149;7170;77.4;75.8;3.0
19;2021-10-09;133;245;263;186271;182394;7433;77.5;75.9;3.1
19;2021-10-10;3;8;22;186274;182402;7455;77.5;75.9;3.1
19;2021-10-11;59;148;257;186333;182550;7712;77.5;76.0;3.2
19;2021-10-12;77;159;443;186410;182709;8155;77.6;76.0;3.4
19;2021-10-13;105;184;326;186515;182893;8481;77.6;76.1;3.5
19;2021-10-14;71;98;349;186586;182991;8830;77.6;76.1;3.7
19;2021-10-15;97;152;278;186683;183143;9108;77.7;76.2;3.8
19;2021-10-16;121;220;275;186804;183363;9383;77.7;76.3;3.9
19;2021-10-17;0;21;1;186804;183384;9384;77.7;76.3;3.9
19;2021-10-18;45;73;309;186849;183457;9693;77.7;76.3;4.0
19;2021-10-19;62;79;418;186911;183536;10111;77.8;76.4;4.2
19;2021-10-20;60;141;463;186971;183677;10574;77.8;76.4;4.4
19;2021-10-21;60;105;435;187031;183782;11009;77.8;76.5;4.6
19;2021-10-22;91;111;366;187122;183893;11375;77.9;76.5;4.7
19;2021-10-23;98;186;443;187220;184079;11818;77.9;76.6;4.9
19;2021-10-24;2;13;9;187222;184092;11827;77.9;76.6;4.9
19;2021-10-25;46;70;381;187268;184162;12208;77.9;76.6;5.1
19;2021-10-26;53;66;479;187321;184228;12687;77.9;76.7;5.3
19;2021-10-27;49;84;520;187370;184312;13207;78.0;76.7;5.5
19;2021-10-28;62;90;523;187432;184402;13730;78.0;76.7;5.7
19;2021-10-29;59;95;361;187491;184497;14091;78.0;76.8;5.9
19;2021-10-30;76;125;425;187567;184622;14516;78.0;76.8;6.0
19;2021-10-31;5;5;32;187572;184627;14548;78.0;76.8;6.1
19;2021-11-01;3;2;8;187575;184629;14556;78.0;76.8;6.1
19;2021-11-02;58;76;589;187633;184705;15145;78.1;76.9;6.3
19;2021-11-03;54;98;532;187687;184803;15677;78.1;76.9;6.5
19;2021-11-04;54;63;522;187741;184866;16199;78.1;76.9;6.7
19;2021-11-05;62;101;519;187803;184967;16718;78.1;77.0;7.0
19;2021-11-06;95;123;470;187898;185090;17188;78.2;77.0;7.2
19;2021-11-07;2;3;11;187900;185093;17199;78.2;77.0;7.2
19;2021-11-08;38;70;481;187938;185163;17680;78.2;77.0;7.4
19;2021-11-09;48;92;885;187986;185255;18565;78.2;77.1;7.7
19;2021-11-10;63;83;742;188049;185338;19307;78.2;77.1;8.0
19;2021-11-11;3;2;13;188052;185340;19320;78.2;77.1;8.0
19;2021-11-12;64;76;579;188116;185416;19899;78.3;77.1;8.3
19;2021-11-13;51;70;488;188167;185486;20387;78.3;77.2;8.5
19;2021-11-14;13;3;39;188180;185489;20426;78.3;77.2;8.5
19;2021-11-15;33;56;544;188213;185545;20970;78.3;77.2;8.7
19;2021-11-16;43;51;1042;188256;185596;22012;78.3;77.2;9.2
19;2021-11-17;57;69;844;188313;185665;22856;78.4;77.3;9.5
19;2021-11-18;51;65;691;188364;185730;23547;78.4;77.3;9.8
19;2021-11-19;89;95;995;188453;185825;24542;78.4;77.3;10.2
19;2021-11-20;80;109;691;188533;185934;25233;78.4;77.4;10.5
19;2021-11-21;10;7;52;188543;185941;25285;78.4;77.4;10.5
19;2021-11-22;49;31;734;188592;185972;26019;78.5;77.4;10.8
19;2021-11-23;73;68;1236;188665;186040;27255;78.5;77.4;11.3
19;2021-11-24;72;70;953;188737;186110;28208;78.5;77.4;11.7
19;2021-11-25;69;60;1018;188806;186170;29226;78.6;77.5;12.2
19;2021-11-26;94;61;1257;188900;186231;30483;78.6;77.5;12.7
19;2021-11-27;91;108;1323;188991;186339;31806;78.6;77.5;13.2
19;2021-11-28;31;17;813;189022;186356;32619;78.6;77.5;13.6
19;2021-11-29;30;28;1105;189052;186384;33724;78.7;77.6;14.0
19;2021-11-30;62;68;1826;189114;186452;35550;78.7;77.6;14.8
19;2021-12-01;35;42;1352;189149;186494;36902;78.7;77.6;15.4
19;2021-12-02;37;30;2122;189186;186524;39024;78.7;77.6;16.2
19;2021-12-03;76;86;2172;189262;186610;41196;78.7;77.6;17.1
19;2021-12-04;46;75;1664;189308;186685;42860;78.8;77.7;17.8
19;2021-12-05;8;12;314;189316;186697;43174;78.8;77.7;18.0
19;2021-12-06;32;34;1503;189348;186731;44677;78.8;77.7;18.6
19;2021-12-07;48;47;2296;189396;186778;46973;78.8;77.7;19.5
19;2021-12-08;47;64;1960;189443;186842;48933;78.8;77.7;20.4
19;2021-12-09;44;60;2163;189487;186902;51096;78.8;77.8;21.3
19;2021-12-10;65;83;2850;189552;186985;53946;78.9;77.8;22.4
19;2021-12-11;35;80;2085;189587;187065;56031;78.9;77.8;23.3
19;2021-12-12;12;10;688;189599;187075;56719;78.9;77.8;23.6
19;2021-12-13;32;58;2039;189631;187133;58758;78.9;77.9;24.4
19;2021-12-14;71;75;3310;189702;187208;62068;78.9;77.9;25.8
19;2021-12-15;60;81;2918;189762;187289;64986;79.0;77.9;27.0
19;2021-12-16;69;81;3393;189831;187370;68379;79.0;78.0;28.5
19;2021-12-17;68;114;3145;189899;187484;71524;79.0;78.0;29.8
19;2021-12-18;73;98;2782;189972;187582;74306;79.0;78.0;30.9
19;2021-12-19;45;30;1337;190017;187612;75643;79.1;78.1;31.5
19;2021-12-20;77;69;2388;190094;187681;78031;79.1;78.1;32.5
19;2021-12-21;87;67;2911;190181;187748;80942;79.1;78.1;33.7
19;2021-12-22;103;69;2522;190284;187817;83464;79.2;78.1;34.7
19;2021-12-23;94;44;2116;190378;187861;85580;79.2;78.2;35.6
19;2021-12-24;13;29;385;190391;187890;85965;79.2;78.2;35.8
19;2021-12-25;1;2;12;190392;187892;85977;79.2;78.2;35.8
19;2021-12-26;10;12;249;190402;187904;86226;79.2;78.2;35.9
21;2020-12-27;4;0;0;4;0;0;0.0;0.0;0.0
21;2020-12-28;1;0;0;5;0;0;0.0;0.0;0.0
21;2020-12-29;18;0;0;23;0;0;0.0;0.0;0.0
21;2020-12-30;21;0;0;44;0;0;0.0;0.0;0.0
21;2020-12-31;0;0;0;44;0;0;0.0;0.0;0.0
21;2021-01-01;0;0;0;44;0;0;0.0;0.0;0.0
21;2021-01-02;1;0;0;45;0;0;0.0;0.0;0.0
21;2021-01-03;0;0;0;45;0;0;0.0;0.0;0.0
21;2021-01-04;19;0;0;64;0;0;0.0;0.0;0.0
21;2021-01-05;239;1;0;303;1;0;0.1;0.0;0.0
21;2021-01-06;299;0;0;602;1;0;0.1;0.0;0.0
21;2021-01-07;368;0;0;970;1;0;0.2;0.0;0.0
21;2021-01-08;460;2;0;1430;3;0;0.3;0.0;0.0
21;2021-01-09;248;0;0;1678;3;0;0.3;0.0;0.0
21;2021-01-10;2;0;0;1680;3;0;0.3;0.0;0.0
21;2021-01-11;627;1;0;2307;4;0;0.4;0.0;0.0
21;2021-01-12;637;0;0;2944;4;0;0.6;0.0;0.0
21;2021-01-13;692;1;0;3636;5;0;0.7;0.0;0.0
21;2021-01-14;1138;8;0;4774;13;0;0.9;0.0;0.0
21;2021-01-15;696;4;0;5470;17;0;1.0;0.0;0.0
21;2021-01-16;156;2;0;5626;19;0;1.1;0.0;0.0
21;2021-01-17;5;0;0;5631;19;0;1.1;0.0;0.0
21;2021-01-18;1261;6;0;6892;25;0;1.3;0.0;0.0
21;2021-01-19;1244;4;0;8136;29;0;1.5;0.0;0.0
21;2021-01-20;1202;48;0;9338;77;0;1.8;0.0;0.0
21;2021-01-21;1494;8;0;10832;85;0;2.0;0.0;0.0
21;2021-01-22;1241;5;0;12073;90;0;2.3;0.0;0.0
21;2021-01-23;482;0;0;12555;90;0;2.4;0.0;0.0
21;2021-01-24;125;0;0;12680;90;0;2.4;0.0;0.0
21;2021-01-25;907;17;0;13587;107;0;2.5;0.0;0.0
21;2021-01-26;1479;142;0;15066;249;0;2.8;0.0;0.0
21;2021-01-27;1971;159;0;17037;408;0;3.2;0.1;0.0
21;2021-01-28;1458;230;0;18495;638;0;3.5;0.1;0.0
21;2021-01-29;1047;225;0;19542;863;0;3.7;0.2;0.0
21;2021-01-30;480;38;0;20022;901;0;3.8;0.2;0.0
21;2021-01-31;93;4;0;20115;905;0;3.8;0.2;0.0
21;2021-02-01;470;297;0;20585;1202;0;3.9;0.2;0.0
21;2021-02-02;449;370;0;21034;1572;0;3.9;0.3;0.0
21;2021-02-03;497;291;0;21531;1863;0;4.0;0.3;0.0
21;2021-02-04;437;526;0;21968;2389;0;4.1;0.4;0.0
21;2021-02-05;544;514;0;22512;2903;0;4.2;0.5;0.0
21;2021-02-06;159;216;0;22671;3119;0;4.3;0.6;0.0
21;2021-02-07;1;4;0;22672;3123;0;4.3;0.6;0.0
21;2021-02-08;428;398;0;23100;3521;0;4.3;0.7;0.0
21;2021-02-09;514;542;0;23614;4063;0;4.4;0.8;0.0
21;2021-02-10;468;590;0;24082;4653;0;4.5;0.9;0.0
21;2021-02-11;484;732;0;24566;5385;0;4.6;1.0;0.0
21;2021-02-12;391;951;0;24957;6336;0;4.7;1.2;0.0
21;2021-02-13;337;299;0;25294;6635;0;4.7;1.2;0.0
21;2021-02-14;218;152;0;25512;6787;0;4.8;1.3;0.0
21;2021-02-15;129;1344;0;25641;8131;0;4.8;1.5;0.0
21;2021-02-16;220;1493;0;25861;9624;0;4.9;1.8;0.0
21;2021-02-17;381;1924;0;26242;11548;0;4.9;2.2;0.0
21;2021-02-18;576;1316;0;26818;12864;0;5.0;2.4;0.0
21;2021-02-19;216;1085;0;27034;13949;0;5.1;2.6;0.0
21;2021-02-20;120;382;0;27154;14331;0;5.1;2.7;0.0
21;2021-02-21;0;73;0;27154;14404;0;5.1;2.7;0.0
21;2021-02-22;92;782;0;27246;15186;0;5.1;2.8;0.0
21;2021-02-23;179;1006;0;27425;16192;0;5.1;3.0;0.0
21;2021-02-24;212;738;0;27637;16930;0;5.2;3.2;0.0
21;2021-02-25;637;827;0;28274;17757;0;5.3;3.3;0.0
21;2021-02-26;927;710;0;29201;18467;0;5.5;3.5;0.0
21;2021-02-27;520;306;0;29721;18773;0;5.6;3.5;0.0
21;2021-02-28;24;99;0;29745;18872;0;5.6;3.5;0.0
21;2021-03-01;693;613;0;30438;19485;0;5.7;3.7;0.0
21;2021-03-02;1076;540;0;31514;20025;0;5.9;3.8;0.0
21;2021-03-03;1124;457;0;32638;20482;0;6.1;3.8;0.0
21;2021-03-04;1639;516;0;34277;20998;0;6.4;3.9;0.0
21;2021-03-05;2172;660;0;36449;21658;0;6.8;4.1;0.0
21;2021-03-06;1578;208;0;38027;21866;0;7.1;4.1;0.0
21;2021-03-07;36;24;0;38063;21890;0;7.1;4.1;0.0
21;2021-03-08;746;449;0;38809;22339;0;7.3;4.2;0.0
21;2021-03-09;1571;571;0;40380;22910;0;7.6;4.3;0.0
21;2021-03-10;1629;562;0;42009;23472;0;7.9;4.4;0.0
21;2021-03-11;2155;697;0;44164;24169;0;8.3;4.5;0.0
21;2021-03-12;2861;457;0;47025;24626;0;8.8;4.6;0.0
21;2021-03-13;1908;193;0;48933;24819;0;9.2;4.7;0.0
21;2021-03-14;46;47;0;48979;24866;0;9.2;4.7;0.0
21;2021-03-15;1401;94;0;50380;24960;0;9.5;4.7;0.0
21;2021-03-16;1784;158;0;52164;25118;0;9.8;4.7;0.0
21;2021-03-17;1729;123;0;53893;25241;0;10.1;4.7;0.0
21;2021-03-18;2024;272;0;55917;25513;0;10.5;4.8;0.0
21;2021-03-19;1911;153;0;57828;25666;0;10.9;4.8;0.0
21;2021-03-20;1216;42;0;59044;25708;0;11.1;4.8;0.0
21;2021-03-21;6;0;0;59050;25708;0;11.1;4.8;0.0
21;2021-03-22;1517;95;0;60567;25803;0;11.4;4.8;0.0
21;2021-03-23;2624;119;0;63191;25922;0;11.9;4.9;0.0
21;2021-03-24;2797;156;0;65988;26078;0;12.4;4.9;0.0
21;2021-03-25;3641;254;0;69629;26332;0;13.1;4.9;0.0
21;2021-03-26;3615;207;0;73244;26539;0;13.7;5.0;0.0
21;2021-03-27;1638;65;0;74882;26604;0;14.1;5.0;0.0
21;2021-03-28;204;37;0;75086;26641;0;14.1;5.0;0.0
21;2021-03-29;1737;531;0;76823;27172;0;14.4;5.1;0.0
21;2021-03-30;2271;787;0;79094;27959;0;14.8;5.2;0.0
21;2021-03-31;2671;660;0;81765;28619;0;15.3;5.4;0.0
21;2021-04-01;2636;729;0;84401;29348;0;15.8;5.5;0.0
21;2021-04-02;2247;755;0;86648;30103;0;16.3;5.6;0.0
21;2021-04-03;988;280;0;87636;30383;0;16.4;5.7;0.0
21;2021-04-04;4;16;0;87640;30399;0;16.4;5.7;0.0
21;2021-04-05;20;1;0;87660;30400;0;16.5;5.7;0.0
21;2021-04-06;1323;1139;0;88983;31539;0;16.7;5.9;0.0
21;2021-04-07;1696;968;0;90679;32507;0;17.0;6.1;0.0
21;2021-04-08;3108;1115;0;93787;33622;0;17.6;6.3;0.0
21;2021-04-09;3357;1177;0;97144;34799;0;18.2;6.5;0.0
21;2021-04-10;1336;741;0;98480;35540;0;18.5;6.7;0.0
21;2021-04-11;141;9;0;98621;35549;0;18.5;6.7;0.0
21;2021-04-12;1145;1339;0;99766;36888;0;18.7;6.9;0.0
21;2021-04-13;1691;1722;0;101457;38610;0;19.0;7.2;0.0
21;2021-04-14;1490;1438;0;102947;40048;0;19.3;7.5;0.0
21;2021-04-15;1946;1546;0;104893;41594;0;19.7;7.8;0.0
21;2021-04-16;2337;1265;0;107230;42859;0;20.1;8.0;0.0
21;2021-04-17;1049;977;0;108279;43836;0;20.3;8.2;0.0
21;2021-04-18;27;11;0;108306;43847;0;20.3;8.2;0.0
21;2021-04-19;1141;1328;0;109447;45175;0;20.5;8.5;0.0
21;2021-04-20;1274;1781;0;110721;46956;0;20.8;8.8;0.0
21;2021-04-21;1157;1694;0;111878;48650;0;21.0;9.1;0.0
21;2021-04-22;1314;2150;0;113192;50800;0;21.2;9.5;0.0
21;2021-04-23;2037;1752;0;115229;52552;0;21.6;9.9;0.0
21;2021-04-24;1012;838;0;116241;53390;0;21.8;10.0;0.0
21;2021-04-25;21;164;0;116262;53554;0;21.8;10.0;0.0
21;2021-04-26;1120;1569;0;117382;55123;0;22.0;10.3;0.0
21;2021-04-27;1922;1899;0;119304;57022;0;22.4;10.7;0.0
21;2021-04-28;2384;2202;0;121688;59224;0;22.8;11.1;0.0
21;2021-04-29;3297;2265;0;124985;61489;0;23.5;11.5;0.0
21;2021-04-30;3663;1839;0;128648;63328;0;24.1;11.9;0.0
21;2021-05-01;1017;233;0;129665;63561;0;24.3;11.9;0.0
21;2021-05-02;21;10;0;129686;63571;0;24.3;11.9;0.0
21;2021-05-03;2182;1279;0;131868;64850;0;24.7;12.2;0.0
21;2021-05-04;2665;1605;0;134533;66455;0;25.2;12.5;0.0
21;2021-05-05;2503;1711;0;137036;68166;0;25.7;12.8;0.0
21;2021-05-06;3189;2253;0;140225;70419;0;26.3;13.2;0.0
21;2021-05-07;2916;2117;0;143141;72536;0;26.9;13.6;0.0
21;2021-05-08;1166;277;0;144307;72813;0;27.1;13.7;0.0
21;2021-05-09;58;171;0;144365;72984;0;27.1;13.7;0.0
21;2021-05-10;3183;1730;0;147548;74714;0;27.7;14.0;0.0
21;2021-05-11;4832;2028;0;152380;76742;0;28.6;14.4;0.0
21;2021-05-12;4831;1774;0;157211;78516;0;29.5;14.7;0.0
21;2021-05-13;3755;377;0;160966;78893;0;30.2;14.8;0.0
21;2021-05-14;5116;1511;0;166082;80404;0;31.2;15.1;0.0
21;2021-05-15;3455;673;0;169537;81077;0;31.8;15.2;0.0
21;2021-05-16;88;13;0;169625;81090;0;31.8;15.2;0.0
21;2021-05-17;3998;1247;0;173623;82337;0;32.6;15.5;0.0
21;2021-05-18;4251;1539;0;177874;83876;0;33.4;15.7;0.0
21;2021-05-19;3525;1121;0;181399;84997;0;34.0;16.0;0.0
21;2021-05-20;3950;1375;0;185349;86372;0;34.8;16.2;0.0
21;2021-05-21;3713;2131;0;189062;88503;0;35.5;16.6;0.0
21;2021-05-22;1636;749;0;190698;89252;0;35.8;16.7;0.0
21;2021-05-23;54;33;0;190752;89285;0;35.8;16.8;0.0
21;2021-05-24;1720;257;0;192472;89542;0;36.1;16.8;0.0
21;2021-05-25;2690;2017;0;195162;91559;0;36.6;17.2;0.0
21;2021-05-26;2643;2034;0;197805;93593;0;37.1;17.6;0.0
21;2021-05-27;3937;2138;0;201742;95731;0;37.9;18.0;0.0
21;2021-05-28;3536;2821;0;205278;98552;0;38.5;18.5;0.0
21;2021-05-29;1912;1429;0;207190;99981;0;38.9;18.8;0.0
21;2021-05-30;132;29;0;207322;100010;0;38.9;18.8;0.0
21;2021-05-31;2501;1780;0;209823;101790;0;39.4;19.1;0.0
21;2021-06-01;3389;2246;0;213212;104036;0;40.0;19.5;0.0
21;2021-06-02;2838;1831;0;216050;105867;0;40.5;19.9;0.0
21;2021-06-03;3289;2075;0;219339;107942;0;41.2;20.3;0.0
21;2021-06-04;3450;2674;0;222789;110616;0;41.8;20.8;0.0
21;2021-06-05;2837;1637;0;225626;112253;0;42.3;21.1;0.0
21;2021-06-06;101;98;0;225727;112351;0;42.4;21.1;0.0
21;2021-06-07;4214;1504;0;229941;113855;0;43.2;21.4;0.0
21;2021-06-08;4681;2251;0;234622;116106;0;44.0;21.8;0.0
21;2021-06-09;4468;1789;0;239090;117895;0;44.9;22.1;0.0
21;2021-06-10;3850;2606;0;242940;120501;0;45.6;22.6;0.0
21;2021-06-11;4150;3179;0;247090;123680;0;46.4;23.2;0.0
21;2021-06-12;2120;1653;0;249210;125333;0;46.8;23.5;0.0
21;2021-06-13;72;26;0;249282;125359;0;46.8;23.5;0.0
21;2021-06-14;2222;2677;0;251504;128036;0;47.2;24.0;0.0
21;2021-06-15;2925;3165;0;254429;131201;0;47.7;24.6;0.0
21;2021-06-16;2910;2814;0;257339;134015;0;48.3;25.1;0.0
21;2021-06-17;3316;3112;0;260655;137127;0;48.9;25.7;0.0
21;2021-06-18;2484;3867;0;263139;140994;0;49.4;26.5;0.0
21;2021-06-19;1980;1886;0;265119;142880;0;49.8;26.8;0.0
21;2021-06-20;42;37;0;265161;142917;0;49.8;26.8;0.0
21;2021-06-21;1805;3539;0;266966;146456;0;50.1;27.5;0.0
21;2021-06-22;1847;5809;0;268813;152265;0;50.4;28.6;0.0
21;2021-06-23;2001;5047;0;270814;157312;0;50.8;29.5;0.0
21;2021-06-24;2319;4636;0;273133;161948;0;51.3;30.4;0.0
21;2021-06-25;1512;5866;0;274645;167814;0;51.5;31.5;0.0
21;2021-06-26;1353;3835;0;275998;171649;0;51.8;32.2;0.0
21;2021-06-27;30;160;0;276028;171809;0;51.8;32.2;0.0
21;2021-06-28;1352;4080;0;277380;175889;0;52.1;33.0;0.0
21;2021-06-29;1572;4256;0;278952;180145;0;52.3;33.8;0.0
21;2021-06-30;1577;3506;0;280529;183651;0;52.6;34.5;0.0
21;2021-07-01;1722;4217;0;282251;187868;0;53.0;35.3;0.0
21;2021-07-02;2230;4209;0;284481;192077;0;53.4;36.0;0.0
21;2021-07-03;1096;2021;0;285577;194098;0;53.6;36.4;0.0
21;2021-07-04;57;97;0;285634;194195;0;53.6;36.4;0.0
21;2021-07-05;1582;3657;0;287216;197852;0;53.9;37.1;0.0
21;2021-07-06;1395;3647;0;288611;201499;0;54.2;37.8;0.0
21;2021-07-07;1534;3344;0;290145;204843;0;54.4;38.4;0.0
21;2021-07-08;1893;4097;0;292038;208940;0;54.8;39.2;0.0
21;2021-07-09;2049;4398;0;294087;213338;0;55.2;40.0;0.0
21;2021-07-10;1064;2547;0;295151;215885;0;55.4;40.5;0.0
21;2021-07-11;53;122;0;295204;216007;0;55.4;40.5;0.0
21;2021-07-12;1634;3790;0;296838;219797;0;55.7;41.2;0.0
21;2021-07-13;2311;4995;0;299149;224792;0;56.1;42.2;0.0
21;2021-07-14;2618;1947;0;301767;226739;0;56.6;42.5;0.0
21;2021-07-15;3734;4667;0;305501;231406;0;57.3;43.4;0.0
21;2021-07-16;3810;5196;0;309311;236602;0;58.0;44.4;0.0
21;2021-07-17;2570;3987;0;311881;240589;0;58.5;45.1;0.0
21;2021-07-18;213;140;0;312094;240729;0;58.6;45.2;0.0
21;2021-07-19;2295;4727;0;314389;245456;0;59.0;46.1;0.0
21;2021-07-20;2772;5436;0;317161;250892;0;59.5;47.1;0.0
21;2021-07-21;2905;4808;0;320066;255700;0;60.1;48.0;0.0
21;2021-07-22;3068;4725;0;323134;260425;0;60.6;48.9;0.0
21;2021-07-23;4109;4930;0;327243;265355;0;61.4;49.8;0.0
21;2021-07-24;2933;2891;0;330176;268246;0;62.0;50.3;0.0
21;2021-07-25;127;103;0;330303;268349;0;62.0;50.4;0.0
21;2021-07-26;2653;3630;0;332956;271979;0;62.5;51.0;0.0
21;2021-07-27;3442;3876;0;336398;275855;0;63.1;51.8;0.0
21;2021-07-28;3641;3398;0;340039;279253;0;63.8;52.4;0.0
21;2021-07-29;4081;3393;1;344120;282646;1;64.6;53.0;0.0
21;2021-07-30;4340;3389;0;348460;286035;1;65.4;53.7;0.0
21;2021-07-31;3218;2330;0;351678;288365;1;66.0;54.1;0.0
21;2021-08-01;353;100;0;352031;288465;1;66.1;54.1;0.0
21;2021-08-02;2593;3155;0;354624;291620;1;66.5;54.7;0.0
21;2021-08-03;2669;2760;0;357293;294380;1;67.0;55.2;0.0
21;2021-08-04;2366;2436;0;359659;296816;1;67.5;55.7;0.0
21;2021-08-05;2219;3082;0;361878;299898;1;67.9;56.3;0.0
21;2021-08-06;2586;3386;0;364464;303284;1;68.4;56.9;0.0
21;2021-08-07;1852;2567;0;366316;305851;1;68.7;57.4;0.0
21;2021-08-08;120;130;0;366436;305981;1;68.8;57.4;0.0
21;2021-08-09;1642;2910;0;368078;308891;1;69.1;58.0;0.0
21;2021-08-10;1452;2758;0;369530;311649;1;69.3;58.5;0.0
21;2021-08-11;1697;2474;0;371227;314123;1;69.7;58.9;0.0
21;2021-08-12;1278;2505;0;372505;316628;1;69.9;59.4;0.0
21;2021-08-13;1496;2826;0;374001;319454;1;70.2;59.9;0.0
21;2021-08-14;874;2424;0;374875;321878;1;70.3;60.4;0.0
21;2021-08-15;69;104;0;374944;321982;1;70.4;60.4;0.0
21;2021-08-16;1247;2771;0;376191;324753;1;70.6;60.9;0.0
21;2021-08-17;1204;2810;0;377395;327563;1;70.8;61.5;0.0
21;2021-08-18;1043;2898;0;378438;330461;1;71.0;62.0;0.0
21;2021-08-19;970;3046;0;379408;333507;1;71.2;62.6;0.0
21;2021-08-20;1038;4060;0;380446;337567;1;71.4;63.3;0.0
21;2021-08-21;788;3018;0;381234;340585;1;71.5;63.9;0.0
21;2021-08-22;37;147;0;381271;340732;1;71.5;63.9;0.0
21;2021-08-23;877;3272;0;382148;344004;1;71.7;64.6;0.0
21;2021-08-24;981;2987;0;383129;346991;1;71.9;65.1;0.0
21;2021-08-25;850;2637;0;383979;349628;1;72.1;65.6;0.0
21;2021-08-26;713;2506;0;384692;352134;1;72.2;66.1;0.0
21;2021-08-27;1024;3487;0;385716;355621;1;72.4;66.7;0.0
21;2021-08-28;689;2773;0;386405;358394;1;72.5;67.3;0.0
21;2021-08-29;53;233;0;386458;358627;1;72.5;67.3;0.0
21;2021-08-30;787;2230;57;387245;360857;58;72.7;67.7;0.0
21;2021-08-31;913;1993;117;388158;362850;175;72.8;68.1;0.0
21;2021-09-01;695;1650;185;388853;364500;360;73.0;68.4;0.1
21;2021-09-02;527;1317;267;389380;365817;627;73.1;68.6;0.1
21;2021-09-03;762;1850;325;390142;367667;952;73.2;69.0;0.2
21;2021-09-04;738;1454;235;390880;369121;1187;73.4;69.3;0.2
21;2021-09-05;71;73;27;390951;369194;1214;73.4;69.3;0.2
21;2021-09-06;397;1245;245;391348;370439;1459;73.4;69.5;0.3
21;2021-09-07;370;1006;282;391718;371445;1741;73.5;69.7;0.3
21;2021-09-08;564;1270;329;392282;372715;2070;73.6;69.9;0.4
21;2021-09-09;421;905;452;392703;373620;2522;73.7;70.1;0.5
21;2021-09-10;608;1351;414;393311;374971;2936;73.8;70.4;0.6
21;2021-09-11;438;1249;171;393749;376220;3107;73.9;70.6;0.6
21;2021-09-12;28;37;3;393777;376257;3110;73.9;70.6;0.6
21;2021-09-13;233;666;248;394010;376923;3358;73.9;70.7;0.6
21;2021-09-14;449;943;462;394459;377866;3820;74.0;70.9;0.7
21;2021-09-15;451;907;614;394910;378773;4434;74.1;71.1;0.8
21;2021-09-16;339;750;525;395249;379523;4959;74.2;71.2;0.9
21;2021-09-17;528;1026;484;395777;380549;5443;74.3;71.4;1.0
21;2021-09-18;304;950;189;396081;381499;5632;74.3;71.6;1.1
21;2021-09-19;9;35;2;396090;381534;5634;74.3;71.6;1.1
21;2021-09-20;220;579;271;396310;382113;5905;74.4;71.7;1.1
21;2021-09-21;363;655;568;396673;382768;6473;74.4;71.8;1.2
21;2021-09-22;321;909;431;396994;383677;6904;74.5;72.0;1.3
21;2021-09-23;272;470;458;397266;384147;7362;74.5;72.1;1.4
21;2021-09-24;332;783;660;397598;384930;8022;74.6;72.2;1.5
21;2021-09-25;186;843;215;397784;385773;8237;74.6;72.4;1.5
21;2021-09-26;9;33;7;397793;385806;8244;74.6;72.4;1.5
21;2021-09-27;208;427;488;398001;386233;8732;74.7;72.5;1.6
21;2021-09-28;205;451;600;398206;386684;9332;74.7;72.6;1.8
21;2021-09-29;234;511;430;398440;387195;9762;74.8;72.7;1.8
21;2021-09-30;256;405;654;398696;387600;10416;74.8;72.7;2.0
21;2021-10-01;439;783;806;399135;388383;11222;74.9;72.9;2.1
21;2021-10-02;231;556;195;399366;388939;11417;74.9;73.0;2.1
21;2021-10-03;7;26;7;399373;388965;11424;74.9;73.0;2.1
21;2021-10-04;207;291;386;399580;389256;11810;75.0;73.0;2.2
21;2021-10-05;157;417;594;399737;389673;12404;75.0;73.1;2.3
21;2021-10-06;230;490;591;399967;390163;12995;75.1;73.2;2.4
21;2021-10-07;141;324;530;400108;390487;13525;75.1;73.3;2.5
21;2021-10-08;374;690;994;400482;391177;14519;75.2;73.4;2.7
21;2021-10-09;243;423;491;400725;391600;15010;75.2;73.5;2.8
21;2021-10-10;12;22;6;400737;391622;15016;75.2;73.5;2.8
21;2021-10-11;129;283;437;400866;391905;15453;75.2;73.5;2.9
21;2021-10-12;167;397;707;401033;392302;16160;75.3;73.6;3.0
21;2021-10-13;224;385;723;401257;392687;16883;75.3;73.7;3.2
21;2021-10-14;169;334;608;401426;393021;17491;75.3;73.8;3.3
21;2021-10-15;279;449;1008;401705;393470;18499;75.4;73.8;3.5
21;2021-10-16;195;282;480;401900;393752;18979;75.4;73.9;3.6
21;2021-10-17;6;14;5;401906;393766;18984;75.4;73.9;3.6
21;2021-10-18;114;234;578;402020;394000;19562;75.4;73.9;3.7
21;2021-10-19;113;260;600;402133;394260;20162;75.5;74.0;3.8
21;2021-10-20;254;295;854;402387;394555;21016;75.5;74.0;3.9
21;2021-10-21;122;259;653;402509;394814;21669;75.5;74.1;4.1
21;2021-10-22;269;420;1100;402778;395234;22769;75.6;74.2;4.3
21;2021-10-23;163;244;394;402941;395478;23163;75.6;74.2;4.3
21;2021-10-24;17;14;33;402958;395492;23196;75.6;74.2;4.4
21;2021-10-25;169;228;627;403127;395720;23823;75.6;74.3;4.5
21;2021-10-26;124;145;690;403251;395865;24513;75.7;74.3;4.6
21;2021-10-27;207;271;1216;403458;396136;25729;75.7;74.3;4.8
21;2021-10-28;132;172;747;403590;396308;26476;75.7;74.4;5.0
21;2021-10-29;188;303;1348;403778;396611;27824;75.8;74.4;5.2
21;2021-10-30;112;184;383;403890;396795;28207;75.8;74.5;5.3
21;2021-10-31;2;10;13;403892;396805;28220;75.8;74.5;5.3
21;2021-11-01;14;20;1;403906;396825;28221;75.8;74.5;5.3
21;2021-11-02;145;206;776;404051;397031;28997;75.8;74.5;5.4
21;2021-11-03;174;266;1164;404225;397297;30161;75.9;74.6;5.7
21;2021-11-04;125;143;935;404350;397440;31096;75.9;74.6;5.8
21;2021-11-05;209;329;1608;404559;397769;32704;75.9;74.6;6.1
21;2021-11-06;137;241;808;404696;398010;33512;75.9;74.7;6.3
21;2021-11-07;4;3;1;404700;398013;33513;75.9;74.7;6.3
21;2021-11-08;130;170;1264;404830;398183;34777;76.0;74.7;6.5
21;2021-11-09;115;163;1527;404945;398346;36304;76.0;74.8;6.8
21;2021-11-10;193;276;1864;405138;398622;38168;76.0;74.8;7.2
21;2021-11-11;12;16;38;405150;398638;38206;76.0;74.8;7.2
21;2021-11-12;216;276;1878;405366;398914;40084;76.1;74.9;7.5
21;2021-11-13;134;172;564;405500;399086;40648;76.1;74.9;7.6
21;2021-11-14;2;13;14;405502;399099;40662;76.1;74.9;7.6
21;2021-11-15;117;129;1434;405619;399228;42096;76.1;74.9;7.9
21;2021-11-16;104;151;1546;405723;399379;43642;76.1;74.9;8.2
21;2021-11-17;211;253;1900;405934;399632;45542;76.2;75.0;8.5
21;2021-11-18;127;173;1469;406061;399805;47011;76.2;75.0;8.8
21;2021-11-19;225;305;2476;406286;400110;49487;76.2;75.1;9.3
21;2021-11-20;172;210;810;406458;400320;50297;76.3;75.1;9.4
21;2021-11-21;12;7;8;406470;400327;50305;76.3;75.1;9.4
21;2021-11-22;128;117;1623;406598;400444;51928;76.3;75.1;9.7
21;2021-11-23;110;114;1915;406708;400558;53843;76.3;75.2;10.1
21;2021-11-24;234;246;2323;406942;400804;56166;76.4;75.2;10.5
21;2021-11-25;120;133;2229;407062;400937;58395;76.4;75.2;11.0
21;2021-11-26;258;258;4715;407320;401195;63110;76.4;75.3;11.8
21;2021-11-27;169;173;2629;407489;401368;65739;76.5;75.3;12.3
21;2021-11-28;7;5;261;407496;401373;66000;76.5;75.3;12.4
21;2021-11-29;104;113;3978;407600;401486;69978;76.5;75.3;13.1
21;2021-11-30;136;138;4633;407736;401624;74611;76.5;75.4;14.0
21;2021-12-01;168;203;5060;407904;401827;79671;76.5;75.4;15.0
21;2021-12-02;96;135;4955;408000;401962;84626;76.6;75.4;15.9
21;2021-12-03;187;220;6167;408187;402182;90793;76.6;75.5;17.0
21;2021-12-04;151;188;3458;408338;402370;94251;76.6;75.5;17.7
21;2021-12-05;25;8;635;408363;402378;94886;76.6;75.5;17.8
21;2021-12-06;79;148;4585;408442;402526;99471;76.6;75.5;18.7
21;2021-12-07;147;164;6003;408589;402690;105474;76.7;75.6;19.8
21;2021-12-08;140;202;5528;408729;402892;111002;76.7;75.6;20.8
21;2021-12-09;139;137;5527;408868;403029;116529;76.7;75.6;21.9
21;2021-12-10;171;227;6786;409039;403256;123315;76.8;75.7;23.1
21;2021-12-11;112;170;4031;409151;403426;127346;76.8;75.7;23.9
21;2021-12-12;34;26;686;409185;403452;128032;76.8;75.7;24.0
21;2021-12-13;124;153;4937;409309;403605;132969;76.8;75.7;25.0
21;2021-12-14;136;167;6995;409445;403772;139964;76.8;75.8;26.3
21;2021-12-15;179;220;6629;409624;403992;146593;76.9;75.8;27.5
21;2021-12-16;150;143;6041;409774;404135;152634;76.9;75.8;28.6
21;2021-12-17;180;264;7250;409954;404399;159884;76.9;75.9;30.0
21;2021-12-18;145;183;3891;410099;404582;163775;77.0;75.9;30.7
21;2021-12-19;23;16;846;410122;404598;164621;77.0;75.9;30.9
21;2021-12-20;194;176;5448;410316;404774;170069;77.0;76.0;31.9
21;2021-12-21;233;215;6722;410549;404989;176791;77.0;76.0;33.2
21;2021-12-22;183;202;5336;410732;405191;182127;77.1;76.0;34.2
21;2021-12-23;171;136;3256;410903;405327;185383;77.1;76.1;34.8
21;2021-12-24;37;45;713;410940;405372;186096;77.1;76.1;34.9
21;2021-12-25;2;4;12;410942;405376;186108;77.1;76.1;34.9
21;2021-12-26;10;5;118;410952;405381;186226;77.1;76.1;34.9
22;2020-12-27;0;0;0;0;0;0;0.0;0.0;0.0
22;2020-12-28;0;0;0;0;0;0;0.0;0.0;0.0
22;2020-12-29;0;0;0;0;0;0;0.0;0.0;0.0
22;2020-12-30;0;0;0;0;0;0;0.0;0.0;0.0
22;2020-12-31;0;0;0;0;0;0;0.0;0.0;0.0
22;2021-01-01;1;0;0;1;0;0;0.0;0.0;0.0
22;2021-01-02;2;0;0;3;0;0;0.0;0.0;0.0
22;2021-01-03;1;0;0;4;0;0;0.0;0.0;0.0
22;2021-01-04;3;0;0;7;0;0;0.0;0.0;0.0
22;2021-01-05;52;0;0;59;0;0;0.0;0.0;0.0
22;2021-01-06;114;1;0;173;1;0;0.0;0.0;0.0
22;2021-01-07;72;0;0;245;1;0;0.0;0.0;0.0
22;2021-01-08;186;0;0;431;1;0;0.1;0.0;0.0
22;2021-01-09;1;0;0;432;1;0;0.1;0.0;0.0
22;2021-01-10;1;0;0;433;1;0;0.1;0.0;0.0
22;2021-01-11;239;3;0;672;4;0;0.1;0.0;0.0
22;2021-01-12;609;0;0;1281;4;0;0.2;0.0;0.0
22;2021-01-13;663;1;0;1944;5;0;0.3;0.0;0.0
22;2021-01-14;730;8;0;2674;13;0;0.4;0.0;0.0
22;2021-01-15;535;1;0;3209;14;0;0.5;0.0;0.0
22;2021-01-16;101;0;0;3310;14;0;0.6;0.0;0.0
22;2021-01-17;3;0;0;3313;14;0;0.6;0.0;0.0
22;2021-01-18;352;2;0;3665;16;0;0.6;0.0;0.0
22;2021-01-19;753;0;0;4418;16;0;0.7;0.0;0.0
22;2021-01-20;652;2;0;5070;18;0;0.9;0.0;0.0
22;2021-01-21;1003;2;0;6073;20;0;1.0;0.0;0.0
22;2021-01-22;846;2;0;6919;22;0;1.2;0.0;0.0
22;2021-01-23;230;0;0;7149;22;0;1.2;0.0;0.0
22;2021-01-24;12;0;0;7161;22;0;1.2;0.0;0.0
22;2021-01-25;795;11;0;7956;33;0;1.3;0.0;0.0
22;2021-01-26;977;57;0;8933;90;0;1.5;0.0;0.0
22;2021-01-27;3558;115;0;12491;205;0;2.1;0.0;0.0
22;2021-01-28;4257;84;0;16748;289;0;2.8;0.0;0.0
22;2021-01-29;1803;133;0;18551;422;0;3.1;0.1;0.0
22;2021-01-30;282;1;0;18833;423;0;3.2;0.1;0.0
22;2021-01-31;6;0;0;18839;423;0;3.2;0.1;0.0
22;2021-02-01;651;97;0;19490;520;0;3.3;0.1;0.0
22;2021-02-02;870;426;0;20360;946;0;3.4;0.2;0.0
22;2021-02-03;699;486;0;21059;1432;0;3.5;0.2;0.0
22;2021-02-04;938;641;0;21997;2073;0;3.7;0.3;0.0
22;2021-02-05;722;559;0;22719;2632;0;3.8;0.4;0.0
22;2021-02-06;248;2;0;22967;2634;0;3.9;0.4;0.0
22;2021-02-07;13;0;0;22980;2634;0;3.9;0.4;0.0
22;2021-02-08;553;149;0;23533;2783;0;3.9;0.5;0.0
22;2021-02-09;625;426;0;24158;3209;0;4.1;0.5;0.0
22;2021-02-10;451;285;0;24609;3494;0;4.1;0.6;0.0
22;2021-02-11;1059;388;0;25668;3882;0;4.3;0.7;0.0
22;2021-02-12;628;332;0;26296;4214;0;4.4;0.7;0.0
22;2021-02-13;318;92;0;26614;4306;0;4.5;0.7;0.0
22;2021-02-14;4;12;0;26618;4318;0;4.5;0.7;0.0
22;2021-02-15;688;486;0;27306;4804;0;4.6;0.8;0.0
22;2021-02-16;1021;717;0;28327;5521;0;4.8;0.9;0.0
22;2021-02-17;1174;2264;0;29501;7785;0;4.9;1.3;0.0
22;2021-02-18;2088;2847;0;31589;10632;0;5.3;1.8;0.0
22;2021-02-19;1577;1876;0;33166;12508;0;5.6;2.1;0.0
22;2021-02-20;479;210;0;33645;12718;0;5.6;2.1;0.0
22;2021-02-21;13;49;0;33658;12767;0;5.6;2.1;0.0
22;2021-02-22;418;729;0;34076;13496;0;5.7;2.3;0.0
22;2021-02-23;620;944;0;34696;14440;0;5.8;2.4;0.0
22;2021-02-24;711;896;0;35407;15336;0;5.9;2.6;0.0
22;2021-02-25;1203;1199;0;36610;16535;0;6.1;2.8;0.0
22;2021-02-26;1080;716;0;37690;17251;0;6.3;2.9;0.0
22;2021-02-27;575;280;0;38265;17531;0;6.4;2.9;0.0
22;2021-02-28;21;11;0;38286;17542;0;6.4;2.9;0.0
22;2021-03-01;963;555;0;39249;18097;0;6.6;3.0;0.0
22;2021-03-02;1196;879;0;40445;18976;0;6.8;3.2;0.0
22;2021-03-03;1295;864;0;41740;19840;0;7.0;3.3;0.0
22;2021-03-04;1606;915;0;43346;20755;0;7.3;3.5;0.0
22;2021-03-05;2144;810;0;45490;21565;0;7.6;3.6;0.0
22;2021-03-06;1097;285;0;46587;21850;0;7.8;3.7;0.0
22;2021-03-07;224;10;0;46811;21860;0;7.9;3.7;0.0
22;2021-03-08;1282;661;0;48093;22521;0;8.1;3.8;0.0
22;2021-03-09;1819;749;0;49912;23270;0;8.4;3.9;0.0
22;2021-03-10;1945;953;0;51857;24223;0;8.7;4.1;0.0
22;2021-03-11;2367;1597;0;54224;25820;0;9.1;4.3;0.0
22;2021-03-12;3171;968;0;57395;26788;0;9.6;4.5;0.0
22;2021-03-13;1717;285;0;59112;27073;0;9.9;4.5;0.0
22;2021-03-14;258;30;0;59370;27103;0;10.0;4.5;0.0
22;2021-03-15;1596;588;0;60966;27691;0;10.2;4.6;0.0
22;2021-03-16;1554;834;0;62520;28525;0;10.5;4.8;0.0
22;2021-03-17;2459;709;0;64979;29234;0;10.9;4.9;0.0
22;2021-03-18;2437;1106;0;67416;30340;0;11.3;5.1;0.0
22;2021-03-19;3194;813;0;70610;31153;0;11.8;5.2;0.0
22;2021-03-20;2085;282;0;72695;31435;0;12.2;5.3;0.0
22;2021-03-21;45;2;0;72740;31437;0;12.2;5.3;0.0
22;2021-03-22;2284;377;0;75024;31814;0;12.6;5.3;0.0
22;2021-03-23;3025;706;0;78049;32520;0;13.1;5.5;0.0
22;2021-03-24;3380;701;0;81429;33221;0;13.7;5.6;0.0
22;2021-03-25;3818;632;0;85247;33853;0;14.3;5.7;0.0
22;2021-03-26;3870;493;0;89117;34346;0;14.9;5.8;0.0
22;2021-03-27;1925;198;0;91042;34544;0;15.3;5.8;0.0
22;2021-03-28;132;6;0;91174;34550;0;15.3;5.8;0.0
22;2021-03-29;2572;900;0;93746;35450;0;15.7;5.9;0.0
22;2021-03-30;3363;1114;0;97109;36564;0;16.3;6.1;0.0
22;2021-03-31;3314;1060;0;100423;37624;0;16.8;6.3;0.0
22;2021-04-01;4436;1098;0;104859;38722;0;17.6;6.5;0.0
22;2021-04-02;3985;1022;0;108844;39744;0;18.3;6.7;0.0
22;2021-04-03;1664;392;0;110508;40136;0;18.5;6.7;0.0
22;2021-04-04;62;2;0;110570;40138;0;18.5;6.7;0.0
22;2021-04-05;81;19;0;110651;40157;0;18.6;6.7;0.0
22;2021-04-06;2998;1096;0;113649;41253;0;19.1;6.9;0.0
22;2021-04-07;3126;1307;0;116775;42560;0;19.6;7.1;0.0
22;2021-04-08;4107;1267;0;120882;43827;0;20.3;7.4;0.0
22;2021-04-09;4883;1358;0;125765;45185;0;21.1;7.6;0.0
22;2021-04-10;2125;384;0;127890;45569;0;21.5;7.6;0.0
22;2021-04-11;487;26;0;128377;45595;0;21.5;7.6;0.0
22;2021-04-12;2737;1024;0;131114;46619;0;22.0;7.8;0.0
22;2021-04-13;3230;1492;0;134344;48111;0;22.5;8.1;0.0
22;2021-04-14;3081;2323;0;137425;50434;0;23.1;8.5;0.0
22;2021-04-15;3507;2336;0;140932;52770;0;23.6;8.9;0.0
22;2021-04-16;3456;2401;0;144388;55171;0;24.2;9.3;0.0
22;2021-04-17;1671;1648;0;146059;56819;0;24.5;9.5;0.0
22;2021-04-18;53;14;0;146112;56833;0;24.5;9.5;0.0
22;2021-04-19;2818;2110;0;148930;58943;0;25.0;9.9;0.0
22;2021-04-20;3243;2669;0;152173;61612;0;25.5;10.3;0.0
22;2021-04-21;3110;2588;0;155283;64200;0;26.0;10.8;0.0
22;2021-04-22;3434;2998;0;158717;67198;0;26.6;11.3;0.0
22;2021-04-23;3643;2976;0;162360;70174;0;27.2;11.8;0.0
22;2021-04-24;1805;1687;0;164165;71861;0;27.5;12.1;0.0
22;2021-04-25;61;29;0;164226;71890;0;27.5;12.1;0.0
22;2021-04-26;3138;2628;0;167364;74518;0;28.1;12.5;0.0
22;2021-04-27;3397;2809;0;170761;77327;0;28.6;13.0;0.0
22;2021-04-28;3457;2725;0;174218;80052;0;29.2;13.4;0.0
22;2021-04-29;4061;2909;0;178279;82961;0;29.9;13.9;0.0
22;2021-04-30;3935;2829;0;182214;85790;0;30.6;14.4;0.0
22;2021-05-01;140;116;0;182354;85906;0;30.6;14.4;0.0
22;2021-05-02;1241;106;0;183595;86012;0;30.8;14.4;0.0
22;2021-05-03;2062;2432;0;185657;88444;0;31.1;14.8;0.0
22;2021-05-04;2222;2713;0;187879;91157;0;31.5;15.3;0.0
22;2021-05-05;2124;2688;0;190003;93845;0;31.9;15.7;0.0
22;2021-05-06;2608;3273;0;192611;97118;0;32.3;16.3;0.0
22;2021-05-07;2931;3208;0;195542;100326;0;32.8;16.8;0.0
22;2021-05-08;131;165;0;195673;100491;0;32.8;16.9;0.0
22;2021-05-09;643;446;0;196316;100937;0;32.9;16.9;0.0
22;2021-05-10;4308;2529;0;200624;103466;0;33.7;17.4;0.0
22;2021-05-11;4817;2773;0;205441;106239;0;34.5;17.8;0.0
22;2021-05-12;6051;1121;0;211492;107360;0;35.5;18.0;0.0
22;2021-05-13;715;126;0;212207;107486;0;35.6;18.0;0.0
22;2021-05-14;5679;1209;0;217886;108695;0;36.5;18.2;0.0
22;2021-05-15;3577;459;0;221463;109154;0;37.1;18.3;0.0
22;2021-05-16;378;61;0;221841;109215;0;37.2;18.3;0.0
22;2021-05-17;5206;611;0;227047;109826;0;38.1;18.4;0.0
22;2021-05-18;5560;1073;0;232607;110899;0;39.0;18.6;0.0
22;2021-05-19;5711;833;0;238318;111732;0;40.0;18.7;0.0
22;2021-05-20;6136;1449;0;244454;113181;0;41.0;19.0;0.0
22;2021-05-21;5444;1550;0;249898;114731;0;41.9;19.2;0.0
22;2021-05-22;3592;756;0;253490;115487;0;42.5;19.4;0.0
22;2021-05-23;449;28;0;253939;115515;0;42.6;19.4;0.0
22;2021-05-24;4551;245;0;258490;115760;0;43.4;19.4;0.0
22;2021-05-25;4986;1242;0;263476;117002;0;44.2;19.6;0.0
22;2021-05-26;3844;2575;0;267320;119577;0;44.8;20.1;0.0
22;2021-05-27;4152;3569;0;271472;123146;0;45.5;20.7;0.0
22;2021-05-28;4010;4190;0;275482;127336;0;46.2;21.4;0.0
22;2021-05-29;2764;1621;0;278246;128957;0;46.7;21.6;0.0
22;2021-05-30;146;23;0;278392;128980;0;46.7;21.6;0.0
22;2021-05-31;3413;3033;0;281805;132013;0;47.3;22.1;0.0
22;2021-06-01;3458;3570;0;285263;135583;0;47.8;22.7;0.0
22;2021-06-02;3001;3174;0;288264;138757;0;48.4;23.3;0.0
22;2021-06-03;3286;3902;0;291550;142659;0;48.9;23.9;0.0
22;2021-06-04;3367;4421;0;294917;147080;0;49.5;24.7;0.0
22;2021-06-05;3122;1893;0;298039;148973;0;50.0;25.0;0.0
22;2021-06-06;345;55;0;298384;149028;0;50.0;25.0;0.0
22;2021-06-07;2913;3209;0;301297;152237;0;50.5;25.5;0.0
22;2021-06-08;2819;3472;0;304116;155709;0;51.0;26.1;0.0
22;2021-06-09;2644;3504;0;306760;159213;0;51.5;26.7;0.0
22;2021-06-10;2714;4109;0;309474;163322;0;51.9;27.4;0.0
22;2021-06-11;2755;4305;0;312229;167627;0;52.4;28.1;0.0
22;2021-06-12;2213;1399;0;314442;169026;0;52.7;28.4;0.0
22;2021-06-13;303;1125;0;314745;170151;0;52.8;28.5;0.0
22;2021-06-14;2596;2536;0;317341;172687;0;53.2;29.0;0.0
22;2021-06-15;3107;3137;0;320448;175824;0;53.7;29.5;0.0
22;2021-06-16;3045;2917;0;323493;178741;0;54.3;30.0;0.0
22;2021-06-17;2726;3256;0;326219;181997;0;54.7;30.5;0.0
22;2021-06-18;3207;4222;0;329426;186219;0;55.3;31.2;0.0
22;2021-06-19;2756;1418;0;332182;187637;0;55.7;31.5;0.0
22;2021-06-20;239;89;0;332421;187726;0;55.8;31.5;0.0
22;2021-06-21;1888;4883;0;334309;192609;0;56.1;32.3;0.0
22;2021-06-22;2501;5485;0;336810;198094;0;56.5;33.2;0.0
22;2021-06-23;1499;5984;0;338309;204078;0;56.7;34.2;0.0
22;2021-06-24;2700;3907;0;341009;207985;0;57.2;34.9;0.0
22;2021-06-25;1684;6501;0;342693;214486;0;57.5;36.0;0.0
22;2021-06-26;797;3540;0;343490;218026;0;57.6;36.6;0.0
22;2021-06-27;67;475;0;343557;218501;0;57.6;36.6;0.0
22;2021-06-28;1083;5328;0;344640;223829;0;57.8;37.5;0.0
22;2021-06-29;1470;5822;0;346110;229651;0;58.1;38.5;0.0
22;2021-06-30;1242;5652;0;347352;235303;0;58.3;39.5;0.0
22;2021-07-01;1512;5876;0;348864;241179;0;58.5;40.5;0.0
22;2021-07-02;1766;5939;0;350630;247118;0;58.8;41.4;0.0
22;2021-07-03;959;3417;0;351589;250535;0;59.0;42.0;0.0
22;2021-07-04;186;440;0;351775;250975;0;59.0;42.1;0.0
22;2021-07-05;1645;5530;0;353420;256505;0;59.3;43.0;0.0
22;2021-07-06;2303;5771;0;355723;262276;0;59.7;44.0;0.0
22;2021-07-07;2195;4760;0;357918;267036;0;60.0;44.8;0.0
22;2021-07-08;2329;4924;0;360247;271960;0;60.4;45.6;0.0
22;2021-07-09;2321;5249;0;362568;277209;0;60.8;46.5;0.0
22;2021-07-10;1604;3104;0;364172;280313;0;61.1;47.0;0.0
22;2021-07-11;459;144;0;364631;280457;0;61.2;47.0;0.0
22;2021-07-12;2125;4542;0;366756;284999;0;61.5;47.8;0.0
22;2021-07-13;3468;5033;0;370224;290032;0;62.1;48.6;0.0
22;2021-07-14;768;2546;0;370992;292578;0;62.2;49.1;0.0
22;2021-07-15;3395;4676;0;374387;297254;0;62.8;49.9;0.0
22;2021-07-16;3499;5235;0;377886;302489;0;63.4;50.7;0.0
22;2021-07-17;2271;3069;0;380157;305558;0;63.8;51.3;0.0
22;2021-07-18;579;209;0;380736;305767;0;63.9;51.3;0.0
22;2021-07-19;2530;3950;1;383266;309717;1;64.3;51.9;0.0
22;2021-07-20;3541;4052;0;386807;313769;1;64.9;52.6;0.0
22;2021-07-21;3586;3373;0;390393;317142;1;65.5;53.2;0.0
22;2021-07-22;4327;3691;0;394720;320833;1;66.2;53.8;0.0
22;2021-07-23;4033;4242;0;398753;325075;1;66.9;54.5;0.0
22;2021-07-24;1981;2409;0;400734;327484;1;67.2;54.9;0.0
22;2021-07-25;221;278;0;400955;327762;1;67.3;55.0;0.0
22;2021-07-26;2750;3855;0;403705;331617;1;67.7;55.6;0.0
22;2021-07-27;3340;4712;0;407045;336329;1;68.3;56.4;0.0
22;2021-07-28;3354;3582;0;410399;339911;1;68.8;57.0;0.0
22;2021-07-29;3785;3728;0;414184;343639;1;69.5;57.6;0.0
22;2021-07-30;3561;3960;0;417745;347599;1;70.1;58.3;0.0
22;2021-07-31;2033;2655;0;419778;350254;1;70.4;58.7;0.0
22;2021-08-01;246;258;0;420024;350512;1;70.5;58.8;0.0
22;2021-08-02;4192;2433;0;424216;352945;1;71.2;59.2;0.0
22;2021-08-03;4347;3325;0;428563;356270;1;71.9;59.8;0.0
22;2021-08-04;5033;2403;0;433596;358673;1;72.7;60.2;0.0
22;2021-08-05;3721;3546;0;437317;362219;1;73.4;60.8;0.0
22;2021-08-06;3291;3575;0;440608;365794;1;73.9;61.4;0.0
22;2021-08-07;2093;2076;0;442701;367870;1;74.3;61.7;0.0
22;2021-08-08;369;153;0;443070;368023;1;74.3;61.7;0.0
22;2021-08-09;2500;2595;0;445570;370618;1;74.7;62.2;0.0
22;2021-08-10;2598;3318;0;448168;373936;1;75.2;62.7;0.0
22;2021-08-11;2338;2935;0;450506;376871;1;75.6;63.2;0.0
22;2021-08-12;2142;3301;0;452648;380172;1;75.9;63.8;0.0
22;2021-08-13;1973;2896;0;454621;383068;1;76.3;64.3;0.0
22;2021-08-14;1265;1731;0;455886;384799;1;76.5;64.5;0.0
22;2021-08-15;147;270;0;456033;385069;1;76.5;64.6;0.0
22;2021-08-16;1503;3005;0;457536;388074;1;76.7;65.1;0.0
22;2021-08-17;1765;3335;0;459301;391409;1;77.0;65.7;0.0
22;2021-08-18;1490;3135;0;460791;394544;1;77.3;66.2;0.0
22;2021-08-19;1437;3435;0;462228;397979;1;77.5;66.8;0.0
22;2021-08-20;1496;3548;0;463724;401527;1;77.8;67.3;0.0
22;2021-08-21;747;2101;0;464471;403628;1;77.9;67.7;0.0
22;2021-08-22;203;386;0;464674;404014;1;77.9;67.8;0.0
22;2021-08-23;1863;3529;0;466537;407543;1;78.3;68.4;0.0
22;2021-08-24;1412;3233;0;467949;410776;1;78.5;68.9;0.0
22;2021-08-25;866;2595;0;468815;413371;1;78.6;69.3;0.0
22;2021-08-26;1106;4214;0;469921;417585;1;78.8;70.0;0.0
22;2021-08-27;1285;4536;0;471206;422121;1;79.0;70.8;0.0
22;2021-08-28;701;2354;0;471907;424475;1;79.2;71.2;0.0
22;2021-08-29;69;136;0;471976;424611;1;79.2;71.2;0.0
22;2021-08-30;917;3018;54;472893;427629;55;79.3;71.7;0.0
22;2021-08-31;995;3734;71;473888;431363;126;79.5;72.4;0.0
22;2021-09-01;1025;3235;171;474913;434598;297;79.7;72.9;0.0
22;2021-09-02;847;2840;235;475760;437438;532;79.8;73.4;0.1
22;2021-09-03;935;2864;313;476695;440302;845;80.0;73.9;0.1
22;2021-09-04;762;2439;130;477457;442741;975;80.1;74.3;0.2
22;2021-09-05;119;109;29;477576;442850;1004;80.1;74.3;0.2
22;2021-09-06;501;1941;321;478077;444791;1325;80.2;74.6;0.2
22;2021-09-07;537;1980;310;478614;446771;1635;80.3;74.9;0.3
22;2021-09-08;627;1961;324;479241;448732;1959;80.4;75.3;0.3
22;2021-09-09;650;1925;407;479891;450657;2366;80.5;75.6;0.4
22;2021-09-10;717;2136;369;480608;452793;2735;80.6;75.9;0.5
22;2021-09-11;537;1556;132;481145;454349;2867;80.7;76.2;0.5
22;2021-09-12;41;123;8;481186;454472;2875;80.7;76.2;0.5
22;2021-09-13;505;2056;593;481691;456528;3468;80.8;76.6;0.6
22;2021-09-14;601;1564;850;482292;458092;4318;80.9;76.8;0.7
22;2021-09-15;456;1716;619;482748;459808;4937;81.0;77.1;0.8
22;2021-09-16;560;1088;998;483308;460896;5935;81.1;77.3;1.0
22;2021-09-17;631;1628;947;483939;462524;6882;81.2;77.6;1.2
22;2021-09-18;280;2015;104;484219;464539;6986;81.2;77.9;1.2
22;2021-09-19;10;57;7;484229;464596;6993;81.2;77.9;1.2
22;2021-09-20;375;736;678;484604;465332;7671;81.3;78.1;1.3
22;2021-09-21;360;913;1011;484964;466245;8682;81.3;78.2;1.5
22;2021-09-22;303;1202;533;485267;467447;9215;81.4;78.4;1.5
22;2021-09-23;390;730;943;485657;468177;10158;81.5;78.5;1.7
22;2021-09-24;375;1150;933;486032;469327;11091;81.5;78.7;1.9
22;2021-09-25;215;1304;176;486247;470631;11267;81.6;78.9;1.9
22;2021-09-26;17;90;15;486264;470721;11282;81.6;79.0;1.9
22;2021-09-27;336;780;700;486600;471501;11982;81.6;79.1;2.0
22;2021-09-28;229;604;702;486829;472105;12684;81.7;79.2;2.1
22;2021-09-29;234;873;937;487063;472978;13621;81.7;79.3;2.3
22;2021-09-30;274;706;1020;487337;473684;14641;81.7;79.5;2.5
22;2021-10-01;329;801;862;487666;474485;15503;81.8;79.6;2.6
22;2021-10-02;306;848;239;487972;475333;15742;81.8;79.7;2.6
22;2021-10-03;5;3;5;487977;475336;15747;81.8;79.7;2.6
22;2021-10-04;149;452;602;488126;475788;16349;81.9;79.8;2.7
22;2021-10-05;217;635;905;488343;476423;17254;81.9;79.9;2.9
22;2021-10-06;235;397;757;488578;476820;18011;82.0;80.0;3.0
22;2021-10-07;233;652;937;488811;477472;18948;82.0;80.1;3.2
22;2021-10-08;314;786;962;489125;478258;19910;82.0;80.2;3.3
22;2021-10-09;226;436;387;489351;478694;20297;82.1;80.3;3.4
22;2021-10-10;6;11;4;489357;478705;20301;82.1;80.3;3.4
22;2021-10-11;158;304;675;489515;479009;20976;82.1;80.3;3.5
22;2021-10-12;106;183;538;489621;479192;21514;82.1;80.4;3.6
22;2021-10-13;184;263;660;489805;479455;22174;82.2;80.4;3.7
22;2021-10-14;208;713;1218;490013;480168;23392;82.2;80.5;3.9
22;2021-10-15;270;482;1363;490283;480650;24755;82.2;80.6;4.2
22;2021-10-16;307;449;670;490590;481099;25425;82.3;80.7;4.3
22;2021-10-17;2;6;3;490592;481105;25428;82.3;80.7;4.3
22;2021-10-18;139;329;1010;490731;481434;26438;82.3;80.8;4.4
22;2021-10-19;70;131;392;490801;481565;26830;82.3;80.8;4.5
22;2021-10-20;167;272;1349;490968;481837;28179;82.4;80.8;4.7
22;2021-10-21;215;419;1738;491183;482256;29917;82.4;80.9;5.0
22;2021-10-22;196;427;1197;491379;482683;31114;82.4;81.0;5.2
22;2021-10-23;234;413;1033;491613;483096;32147;82.5;81.0;5.4
22;2021-10-24;2;10;1;491615;483106;32148;82.5;81.0;5.4
22;2021-10-25;178;162;1505;491793;483268;33653;82.5;81.1;5.6
22;2021-10-26;68;80;420;491861;483348;34073;82.5;81.1;5.7
22;2021-10-27;125;142;1110;491986;483490;35183;82.5;81.1;5.9
22;2021-10-28;206;257;1675;492192;483747;36858;82.6;81.1;6.2
22;2021-10-29;176;337;1414;492368;484084;38272;82.6;81.2;6.4
22;2021-10-30;154;251;889;492522;484335;39161;82.6;81.2;6.6
22;2021-10-31;1;10;7;492523;484345;39168;82.6;81.2;6.6
22;2021-11-01;5;4;9;492528;484349;39177;82.6;81.2;6.6
22;2021-11-02;72;81;539;492600;484430;39716;82.6;81.3;6.7
22;2021-11-03;158;181;1594;492758;484611;41310;82.7;81.3;6.9
22;2021-11-04;214;277;1957;492972;484888;43267;82.7;81.3;7.3
22;2021-11-05;191;316;1784;493163;485204;45051;82.7;81.4;7.6
22;2021-11-06;206;313;1350;493369;485517;46401;82.8;81.4;7.8
22;2021-11-07;3;4;6;493372;485521;46407;82.8;81.4;7.8
22;2021-11-08;110;192;2480;493482;485713;48887;82.8;81.5;8.2
22;2021-11-09;151;161;2114;493633;485874;51001;82.8;81.5;8.6
22;2021-11-10;126;174;1600;493759;486048;52601;82.8;81.5;8.8
22;2021-11-11;1;13;57;493760;486061;52658;82.8;81.5;8.8
22;2021-11-12;196;412;2805;493956;486473;55463;82.9;81.6;9.3
22;2021-11-13;208;301;1671;494164;486774;57134;82.9;81.6;9.6
22;2021-11-14;1;8;2;494165;486782;57136;82.9;81.6;9.6
22;2021-11-15;134;139;2027;494299;486921;59163;82.9;81.7;9.9
22;2021-11-16;139;131;2349;494438;487052;61512;82.9;81.7;10.3
22;2021-11-17;160;167;1956;494598;487219;63468;83.0;81.7;10.6
22;2021-11-18;211;207;2747;494809;487426;66215;83.0;81.8;11.1
22;2021-11-19;235;274;2940;495044;487700;69155;83.0;81.8;11.6
22;2021-11-20;267;271;1253;495311;487971;70408;83.1;81.8;11.8
22;2021-11-21;1;3;1;495312;487974;70409;83.1;81.8;11.8
22;2021-11-22;163;117;2108;495475;488091;72517;83.1;81.9;12.2
22;2021-11-23;183;138;2660;495658;488229;75177;83.1;81.9;12.6
22;2021-11-24;231;197;1984;495889;488426;77161;83.2;81.9;12.9
22;2021-11-25;170;155;3168;496059;488581;80329;83.2;82.0;13.5
22;2021-11-26;230;232;4689;496289;488813;85018;83.2;82.0;14.3
22;2021-11-27;208;256;2060;496497;489069;87078;83.3;82.0;14.6
22;2021-11-28;4;2;53;496501;489071;87131;83.3;82.0;14.6
22;2021-11-29;125;113;4770;496626;489184;91901;83.3;82.1;15.4
22;2021-11-30;161;139;6133;496787;489323;98034;83.3;82.1;16.4
22;2021-12-01;168;148;5468;496955;489471;103502;83.4;82.1;17.4
22;2021-12-02;123;118;5885;497078;489589;109387;83.4;82.1;18.3
22;2021-12-03;146;203;6880;497224;489792;116267;83.4;82.2;19.5
22;2021-12-04;99;257;2433;497323;490049;118700;83.4;82.2;19.9
22;2021-12-05;5;4;121;497328;490053;118821;83.4;82.2;19.9
22;2021-12-06;112;162;5867;497440;490215;124688;83.4;82.2;20.9
22;2021-12-07;128;142;7128;497568;490357;131816;83.5;82.2;22.1
22;2021-12-08;154;190;6824;497722;490547;138640;83.5;82.3;23.3
22;2021-12-09;171;171;7973;497893;490718;146613;83.5;82.3;24.6
22;2021-12-10;206;269;8653;498099;490987;155266;83.5;82.4;26.0
22;2021-12-11;109;263;3825;498208;491250;159091;83.6;82.4;26.7
22;2021-12-12;27;17;1145;498235;491267;160236;83.6;82.4;26.9
22;2021-12-13;132;167;7371;498367;491434;167607;83.6;82.4;28.1
22;2021-12-14;183;183;9174;498550;491617;176781;83.6;82.5;29.7
22;2021-12-15;207;209;7881;498757;491826;184662;83.7;82.5;31.0
22;2021-12-16;176;256;8398;498933;492082;193060;83.7;82.5;32.4
22;2021-12-17;200;297;9050;499133;492379;202110;83.7;82.6;33.9
22;2021-12-18;162;241;3876;499295;492620;205986;83.7;82.6;34.6
22;2021-12-19;35;23;1338;499330;492643;207324;83.8;82.6;34.8
22;2021-12-20;237;147;6497;499567;492790;213821;83.8;82.7;35.9
22;2021-12-21;252;180;7368;499819;492970;221189;83.8;82.7;37.1
22;2021-12-22;244;212;6069;500063;493182;227258;83.9;82.7;38.1
22;2021-12-23;257;161;5064;500320;493343;232322;83.9;82.7;39.0
22;2021-12-24;89;60;1571;500409;493403;233893;83.9;82.8;39.2
22;2021-12-25;0;3;28;500409;493406;233921;83.9;82.8;39.2
22;2021-12-26;9;8;134;500418;493414;234055;83.9;82.8;39.3
23;2020-12-27;0;0;0;0;0;0;0.0;0.0;0.0
23;2020-12-28;2;0;0;2;0;0;0.0;0.0;0.0
23;2020-12-29;0;0;0;2;0;0;0.0;0.0;0.0
23;2020-12-30;0;0;0;2;0;0;0.0;0.0;0.0
23;2020-12-31;0;0;0;2;0;0;0.0;0.0;0.0
23;2021-01-01;0;0;0;2;0;0;0.0;0.0;0.0
23;2021-01-02;1;0;0;3;0;0;0.0;0.0;0.0
23;2021-01-03;0;0;0;3;0;0;0.0;0.0;0.0
23;2021-01-04;2;0;0;5;0;0;0.0;0.0;0.0
23;2021-01-05;4;0;0;9;0;0;0.0;0.0;0.0
23;2021-01-06;8;0;0;17;0;0;0.0;0.0;0.0
23;2021-01-07;98;1;0;115;1;0;0.1;0.0;0.0
23;2021-01-08;111;0;0;226;1;0;0.2;0.0;0.0
23;2021-01-09;26;0;0;252;1;0;0.2;0.0;0.0
23;2021-01-10;3;0;0;255;1;0;0.2;0.0;0.0
23;2021-01-11;150;1;0;405;2;0;0.3;0.0;0.0
23;2021-01-12;210;5;0;615;7;0;0.5;0.0;0.0
23;2021-01-13;239;0;0;854;7;0;0.7;0.0;0.0
23;2021-01-14;238;3;0;1092;10;0;0.9;0.0;0.0
23;2021-01-15;295;5;0;1387;15;0;1.2;0.0;0.0
23;2021-01-16;154;1;0;1541;16;0;1.3;0.0;0.0
23;2021-01-17;0;0;0;1541;16;0;1.3;0.0;0.0
23;2021-01-18;307;3;0;1848;19;0;1.6;0.0;0.0
23;2021-01-19;451;1;0;2299;20;0;2.0;0.0;0.0
23;2021-01-20;327;1;0;2626;21;0;2.3;0.0;0.0
23;2021-01-21;631;1;0;3257;22;0;2.8;0.0;0.0
23;2021-01-22;444;0;0;3701;22;0;3.2;0.0;0.0
23;2021-01-23;347;1;0;4048;23;0;3.5;0.0;0.0
23;2021-01-24;8;0;0;4056;23;0;3.5;0.0;0.0
23;2021-01-25;360;16;0;4416;39;0;3.8;0.0;0.0
23;2021-01-26;280;6;0;4696;45;0;4.0;0.0;0.0
23;2021-01-27;232;2;0;4928;47;0;4.2;0.0;0.0
23;2021-01-28;229;34;0;5157;81;0;4.4;0.1;0.0
23;2021-01-29;288;99;0;5445;180;0;4.7;0.2;0.0
23;2021-01-30;98;26;0;5543;206;0;4.8;0.2;0.0
23;2021-01-31;2;24;0;5545;230;0;4.8;0.2;0.0
23;2021-02-01;144;93;0;5689;323;0;4.9;0.3;0.0
23;2021-02-02;157;104;0;5846;427;0;5.0;0.4;0.0
23;2021-02-03;99;146;0;5945;573;0;5.1;0.5;0.0
23;2021-02-04;87;209;0;6032;782;0;5.2;0.7;0.0
23;2021-02-05;125;287;0;6157;1069;0;5.3;0.9;0.0
23;2021-02-06;17;163;0;6174;1232;0;5.3;1.1;0.0
23;2021-02-07;1;0;0;6175;1232;0;5.3;1.1;0.0
23;2021-02-08;110;199;0;6285;1431;0;5.4;1.2;0.0
23;2021-02-09;75;276;0;6360;1707;0;5.5;1.5;0.0
23;2021-02-10;88;258;0;6448;1965;0;5.5;1.7;0.0
23;2021-02-11;228;516;0;6676;2481;0;5.7;2.1;0.0
23;2021-02-12;210;252;0;6886;2733;0;5.9;2.4;0.0
23;2021-02-13;8;175;0;6894;2908;0;5.9;2.5;0.0
23;2021-02-14;11;1;0;6905;2909;0;5.9;2.5;0.0
23;2021-02-15;152;330;0;7057;3239;0;6.1;2.8;0.0
23;2021-02-16;95;413;0;7152;3652;0;6.2;3.1;0.0
23;2021-02-17;74;471;0;7226;4123;0;6.2;3.5;0.0
23;2021-02-18;126;372;0;7352;4495;0;6.3;3.9;0.0
23;2021-02-19;107;240;0;7459;4735;0;6.4;4.1;0.0
23;2021-02-20;9;97;0;7468;4832;0;6.4;4.2;0.0
23;2021-02-21;0;0;0;7468;4832;0;6.4;4.2;0.0
23;2021-02-22;99;196;0;7567;5028;0;6.5;4.3;0.0
23;2021-02-23;91;204;0;7658;5232;0;6.6;4.5;0.0
23;2021-02-24;150;152;0;7808;5384;0;6.7;4.6;0.0
23;2021-02-25;164;111;0;7972;5495;0;6.9;4.7;0.0
23;2021-02-26;269;142;0;8241;5637;0;7.1;4.8;0.0
23;2021-02-27;92;15;0;8333;5652;0;7.2;4.9;0.0
23;2021-02-28;3;30;0;8336;5682;0;7.2;4.9;0.0
23;2021-03-01;89;176;0;8425;5858;0;7.2;5.0;0.0
23;2021-03-02;225;128;0;8650;5986;0;7.4;5.1;0.0
23;2021-03-03;139;99;0;8789;6085;0;7.6;5.2;0.0
23;2021-03-04;279;119;0;9068;6204;0;7.8;5.3;0.0
23;2021-03-05;512;130;0;9580;6334;0;8.2;5.4;0.0
23;2021-03-06;493;14;0;10073;6348;0;8.7;5.5;0.0
23;2021-03-07;288;4;0;10361;6352;0;8.9;5.5;0.0
23;2021-03-08;210;78;0;10571;6430;0;9.1;5.5;0.0
23;2021-03-09;360;95;0;10931;6525;0;9.4;5.6;0.0
23;2021-03-10;306;43;0;11237;6568;0;9.7;5.6;0.0
23;2021-03-11;295;53;0;11532;6621;0;9.9;5.7;0.0
23;2021-03-12;528;50;0;12060;6671;0;10.4;5.7;0.0
23;2021-03-13;293;15;0;12353;6686;0;10.6;5.8;0.0
23;2021-03-14;46;34;0;12399;6720;0;10.7;5.8;0.0
23;2021-03-15;219;115;0;12618;6835;0;10.9;5.9;0.0
23;2021-03-16;207;92;0;12825;6927;0;11.0;6.0;0.0
23;2021-03-17;128;100;0;12953;7027;0;11.1;6.0;0.0
23;2021-03-18;189;90;0;13142;7117;0;11.3;6.1;0.0
23;2021-03-19;240;122;0;13382;7239;0;11.5;6.2;0.0
23;2021-03-20;604;34;0;13986;7273;0;12.0;6.3;0.0
23;2021-03-21;107;0;0;14093;7273;0;12.1;6.3;0.0
23;2021-03-22;254;126;0;14347;7399;0;12.3;6.4;0.0
23;2021-03-23;465;86;0;14812;7485;0;12.7;6.4;0.0
23;2021-03-24;427;108;0;15239;7593;0;13.1;6.5;0.0
23;2021-03-25;814;173;0;16053;7766;0;13.8;6.7;0.0
23;2021-03-26;714;172;0;16767;7938;0;14.4;6.8;0.0
23;2021-03-27;506;37;0;17273;7975;0;14.9;6.9;0.0
23;2021-03-28;4;12;0;17277;7987;0;14.9;6.9;0.0
23;2021-03-29;360;106;0;17637;8093;0;15.2;7.0;0.0
23;2021-03-30;538;171;0;18175;8264;0;15.6;7.1;0.0
23;2021-03-31;431;178;0;18606;8442;0;16.0;7.3;0.0
23;2021-04-01;602;169;0;19208;8611;0;16.5;7.4;0.0
23;2021-04-02;509;286;0;19717;8897;0;17.0;7.7;0.0
23;2021-04-03;637;49;0;20354;8946;0;17.5;7.7;0.0
23;2021-04-04;4;1;0;20358;8947;0;17.5;7.7;0.0
23;2021-04-05;7;4;0;20365;8951;0;17.5;7.7;0.0
23;2021-04-06;391;264;0;20756;9215;0;17.9;7.9;0.0
23;2021-04-07;689;261;0;21445;9476;0;18.4;8.1;0.0
23;2021-04-08;784;223;0;22229;9699;0;19.1;8.3;0.0
23;2021-04-09;900;293;0;23129;9992;0;19.9;8.6;0.0
23;2021-04-10;1018;125;0;24147;10117;0;20.8;8.7;0.0
23;2021-04-11;31;5;0;24178;10122;0;20.8;8.7;0.0
23;2021-04-12;638;209;0;24816;10331;0;21.3;8.9;0.0
23;2021-04-13;646;275;0;25462;10606;0;21.9;9.1;0.0
23;2021-04-14;570;181;0;26032;10787;0;22.4;9.3;0.0
23;2021-04-15;878;186;0;26910;10973;0;23.1;9.4;0.0
23;2021-04-16;837;226;0;27747;11199;0;23.9;9.6;0.0
23;2021-04-17;882;531;0;28629;11730;0;24.6;10.1;0.0
23;2021-04-18;20;118;0;28649;11848;0;24.6;10.2;0.0
23;2021-04-19;546;282;0;29195;12130;0;25.1;10.4;0.0
23;2021-04-20;658;299;0;29853;12429;0;25.7;10.7;0.0
23;2021-04-21;673;384;0;30526;12813;0;26.3;11.0;0.0
23;2021-04-22;579;484;0;31105;13297;0;26.8;11.4;0.0
23;2021-04-23;527;342;0;31632;13639;0;27.2;11.7;0.0
23;2021-04-24;767;425;0;32399;14064;0;27.9;12.1;0.0
23;2021-04-25;14;2;0;32413;14066;0;27.9;12.1;0.0
23;2021-04-26;563;267;0;32976;14333;0;28.4;12.3;0.0
23;2021-04-27;634;431;0;33610;14764;0;28.9;12.7;0.0
23;2021-04-28;622;276;0;34232;15040;0;29.4;12.9;0.0
23;2021-04-29;860;378;0;35092;15418;0;30.2;13.3;0.0
23;2021-04-30;665;701;0;35757;16119;0;30.8;13.9;0.0
23;2021-05-01;1151;50;0;36908;16169;0;31.7;13.9;0.0
23;2021-05-02;24;5;0;36932;16174;0;31.8;13.9;0.0
23;2021-05-03;415;502;0;37347;16676;0;32.1;14.3;0.0
23;2021-05-04;617;491;0;37964;17167;0;32.7;14.8;0.0
23;2021-05-05;539;688;0;38503;17855;0;33.1;15.4;0.0
23;2021-05-06;594;676;0;39097;18531;0;33.6;15.9;0.0
23;2021-05-07;662;614;0;39759;19145;0;34.2;16.5;0.0
23;2021-05-08;1063;502;0;40822;19647;0;35.1;16.9;0.0
23;2021-05-09;12;13;0;40834;19660;0;35.1;16.9;0.0
23;2021-05-10;504;640;0;41338;20300;0;35.6;17.5;0.0
23;2021-05-11;562;707;0;41900;21007;0;36.0;18.1;0.0
23;2021-05-12;558;670;0;42458;21677;0;36.5;18.6;0.0
23;2021-05-13;490;60;0;42948;21737;0;36.9;18.7;0.0
23;2021-05-14;627;440;0;43575;22177;0;37.5;19.1;0.0
23;2021-05-15;863;193;0;44438;22370;0;38.2;19.2;0.0
23;2021-05-16;14;4;0;44452;22374;0;38.2;19.2;0.0
23;2021-05-17;500;437;0;44952;22811;0;38.7;19.6;0.0
23;2021-05-18;658;287;0;45610;23098;0;39.2;19.9;0.0
23;2021-05-19;771;259;0;46381;23357;0;39.9;20.1;0.0
23;2021-05-20;718;298;0;47099;23655;0;40.5;20.3;0.0
23;2021-05-21;835;301;0;47934;23956;0;41.2;20.6;0.0
23;2021-05-22;568;119;0;48502;24075;0;41.7;20.7;0.0
23;2021-05-23;10;21;0;48512;24096;0;41.7;20.7;0.0
23;2021-05-24;278;141;0;48790;24237;0;42.0;20.8;0.0
23;2021-05-25;732;334;0;49522;24571;0;42.6;21.1;0.0
23;2021-05-26;871;244;0;50393;24815;0;43.3;21.3;0.0
23;2021-05-27;799;430;0;51192;25245;0;44.0;21.7;0.0
23;2021-05-28;683;663;0;51875;25908;0;44.6;22.3;0.0
23;2021-05-29;530;1003;0;52405;26911;0;45.1;23.1;0.0
23;2021-05-30;23;46;0;52428;26957;0;45.1;23.2;0.0
23;2021-05-31;373;479;0;52801;27436;0;45.4;23.6;0.0
23;2021-06-01;543;757;0;53344;28193;0;45.9;24.2;0.0
23;2021-06-02;535;494;0;53879;28687;0;46.3;24.7;0.0
23;2021-06-03;664;528;0;54543;29215;0;46.9;25.1;0.0
23;2021-06-04;710;550;0;55253;29765;0;47.5;25.6;0.0
23;2021-06-05;476;716;0;55729;30481;0;47.9;26.2;0.0
23;2021-06-06;8;15;0;55737;30496;0;47.9;26.2;0.0
23;2021-06-07;365;631;0;56102;31127;0;48.3;26.8;0.0
23;2021-06-08;338;771;0;56440;31898;0;48.5;27.4;0.0
23;2021-06-09;275;650;0;56715;32548;0;48.8;28.0;0.0
23;2021-06-10;391;684;0;57106;33232;0;49.1;28.6;0.0
23;2021-06-11;377;797;0;57483;34029;0;49.4;29.3;0.0
23;2021-06-12;333;1210;0;57816;35239;0;49.7;30.3;0.0
23;2021-06-13;21;8;0;57837;35247;0;49.7;30.3;0.0
23;2021-06-14;213;555;0;58050;35802;0;49.9;30.8;0.0
23;2021-06-15;247;837;0;58297;36639;0;50.1;31.5;0.0
23;2021-06-16;354;555;0;58651;37194;0;50.4;32.0;0.0
23;2021-06-17;328;718;0;58979;37912;0;50.7;32.6;0.0
23;2021-06-18;370;726;0;59349;38638;0;51.0;33.2;0.0
23;2021-06-19;432;1194;0;59781;39832;0;51.4;34.3;0.0
23;2021-06-20;10;20;0;59791;39852;0;51.4;34.3;0.0
23;2021-06-21;205;583;0;59996;40435;0;51.6;34.8;0.0
23;2021-06-22;227;643;0;60223;41078;0;51.8;35.3;0.0
23;2021-06-23;233;639;0;60456;41717;0;52.0;35.9;0.0
23;2021-06-24;195;582;0;60651;42299;0;52.2;36.4;0.0
23;2021-06-25;291;753;0;60942;43052;0;52.4;37.0;0.0
23;2021-06-26;211;903;0;61153;43955;0;52.6;37.8;0.0
23;2021-06-27;4;15;0;61157;43970;0;52.6;37.8;0.0
23;2021-06-28;110;603;0;61267;44573;0;52.7;38.3;0.0
23;2021-06-29;216;789;0;61483;45362;0;52.9;39.0;0.0
23;2021-06-30;173;777;0;61656;46139;0;53.0;39.7;0.0
23;2021-07-01;183;800;0;61839;46939;0;53.2;40.4;0.0
23;2021-07-02;200;940;0;62039;47879;0;53.4;41.2;0.0
23;2021-07-03;239;827;0;62278;48706;0;53.6;41.9;0.0
23;2021-07-04;0;7;0;62278;48713;0;53.6;41.9;0.0
23;2021-07-05;157;706;0;62435;49419;0;53.7;42.5;0.0
23;2021-07-06;216;886;0;62651;50305;0;53.9;43.3;0.0
23;2021-07-07;220;783;0;62871;51088;0;54.1;43.9;0.0
23;2021-07-08;271;720;0;63142;51808;0;54.3;44.6;0.0
23;2021-07-09;282;991;0;63424;52799;0;54.5;45.4;0.0
23;2021-07-10;230;573;0;63654;53372;0;54.7;45.9;0.0
23;2021-07-11;10;11;0;63664;53383;0;54.8;45.9;0.0
23;2021-07-12;253;658;0;63917;54041;0;55.0;46.5;0.0
23;2021-07-13;486;845;0;64403;54886;0;55.4;47.2;0.0
23;2021-07-14;207;291;0;64610;55177;0;55.6;47.5;0.0
23;2021-07-15;470;753;0;65080;55930;0;56.0;48.1;0.0
23;2021-07-16;765;525;0;65845;56455;0;56.6;48.6;0.0
23;2021-07-17;223;443;0;66068;56898;0;56.8;48.9;0.0
23;2021-07-18;16;15;0;66084;56913;0;56.8;48.9;0.0
23;2021-07-19;668;618;0;66752;57531;0;57.4;49.5;0.0
23;2021-07-20;573;570;0;67325;58101;0;57.9;50.0;0.0
23;2021-07-21;676;616;0;68001;58717;0;58.5;50.5;0.0
23;2021-07-22;823;467;0;68824;59184;0;59.2;50.9;0.0
23;2021-07-23;813;546;0;69637;59730;0;59.9;51.4;0.0
23;2021-07-24;845;419;0;70482;60149;0;60.6;51.7;0.0
23;2021-07-25;20;27;0;70502;60176;0;60.6;51.8;0.0
23;2021-07-26;706;544;0;71208;60720;0;61.2;52.2;0.0
23;2021-07-27;873;445;0;72081;61165;0;62.0;52.6;0.0
23;2021-07-28;838;415;0;72919;61580;0;62.7;53.0;0.0
23;2021-07-29;958;379;0;73877;61959;0;63.5;53.3;0.0
23;2021-07-30;813;488;0;74690;62447;0;64.2;53.7;0.0
23;2021-07-31;910;284;0;75600;62731;0;65.0;54.0;0.0
23;2021-08-01;21;21;0;75621;62752;0;65.0;54.0;0.0
23;2021-08-02;596;495;0;76217;63247;0;65.6;54.4;0.0
23;2021-08-03;726;499;0;76943;63746;0;66.2;54.8;0.0
23;2021-08-04;613;290;0;77556;64036;0;66.7;55.1;0.0
23;2021-08-05;639;336;0;78195;64372;0;67.3;55.4;0.0
23;2021-08-06;435;474;0;78630;64846;0;67.6;55.8;0.0
23;2021-08-07;278;208;0;78908;65054;0;67.9;56.0;0.0
23;2021-08-08;130;36;0;79038;65090;0;68.0;56.0;0.0
23;2021-08-09;436;433;0;79474;65523;0;68.4;56.4;0.0
23;2021-08-10;447;655;0;79921;66178;0;68.7;56.9;0.0
23;2021-08-11;372;468;0;80293;66646;0;69.1;57.3;0.0
23;2021-08-12;484;594;0;80777;67240;0;69.5;57.8;0.0
23;2021-08-13;407;547;0;81184;67787;0;69.8;58.3;0.0
23;2021-08-14;259;366;0;81443;68153;0;70.0;58.6;0.0
23;2021-08-15;27;19;0;81470;68172;0;70.1;58.6;0.0
23;2021-08-16;279;655;0;81749;68827;0;70.3;59.2;0.0
23;2021-08-17;263;732;0;82012;69559;0;70.5;59.8;0.0
23;2021-08-18;196;624;0;82208;70183;0;70.7;60.4;0.0
23;2021-08-19;271;753;0;82479;70936;0;70.9;61.0;0.0
23;2021-08-20;222;666;0;82701;71602;0;71.1;61.6;0.0
23;2021-08-21;135;452;0;82836;72054;0;71.2;62.0;0.0
23;2021-08-22;50;39;0;82886;72093;0;71.3;62.0;0.0
23;2021-08-23;152;779;0;83038;72872;0;71.4;62.7;0.0
23;2021-08-24;265;849;0;83303;73721;0;71.6;63.4;0.0
23;2021-08-25;198;765;0;83501;74486;0;71.8;64.1;0.0
23;2021-08-26;210;698;0;83711;75184;0;72.0;64.7;0.0
23;2021-08-27;205;663;1;83916;75847;1;72.2;65.2;0.0
23;2021-08-28;206;429;0;84122;76276;1;72.4;65.6;0.0
23;2021-08-29;16;73;0;84138;76349;1;72.4;65.7;0.0
23;2021-08-30;189;617;11;84327;76966;12;72.5;66.2;0.0
23;2021-08-31;239;630;12;84566;77596;24;72.7;66.7;0.0
23;2021-09-01;164;391;37;84730;77987;61;72.9;67.1;0.1
23;2021-09-02;128;316;42;84858;78303;103;73.0;67.3;0.1
23;2021-09-03;210;518;69;85068;78821;172;73.2;67.8;0.1
23;2021-09-04;154;687;51;85222;79508;223;73.3;68.4;0.2
23;2021-09-05;5;9;2;85227;79517;225;73.3;68.4;0.2
23;2021-09-06;134;379;101;85361;79896;326;73.4;68.7;0.3
23;2021-09-07;91;368;169;85452;80264;495;73.5;69.0;0.4
23;2021-09-08;107;361;112;85559;80625;607;73.6;69.3;0.5
23;2021-09-09;110;319;74;85669;80944;681;73.7;69.6;0.6
23;2021-09-10;156;329;136;85825;81273;817;73.8;69.9;0.7
23;2021-09-11;99;211;22;85924;81484;839;73.9;70.1;0.7
23;2021-09-12;4;10;8;85928;81494;847;73.9;70.1;0.7
23;2021-09-13;111;319;80;86039;81813;927;74.0;70.4;0.8
23;2021-09-14;101;294;174;86140;82107;1101;74.1;70.6;0.9
23;2021-09-15;87;269;85;86227;82376;1186;74.2;70.8;1.0
23;2021-09-16;119;150;144;86346;82526;1330;74.3;71.0;1.1
23;2021-09-17;152;245;127;86498;82771;1457;74.4;71.2;1.3
23;2021-09-18;40;213;26;86538;82984;1483;74.4;71.4;1.3
23;2021-09-19;6;6;1;86544;82990;1484;74.4;71.4;1.3
23;2021-09-20;61;212;139;86605;83202;1623;74.5;71.6;1.4
23;2021-09-21;75;180;222;86680;83382;1845;74.6;71.7;1.6
23;2021-09-22;68;255;187;86748;83637;2032;74.6;71.9;1.7
23;2021-09-23;64;139;216;86812;83776;2248;74.7;72.1;1.9
23;2021-09-24;80;231;174;86892;84007;2422;74.7;72.3;2.1
23;2021-09-25;37;136;57;86929;84143;2479;74.8;72.4;2.1
23;2021-09-26;1;2;3;86930;84145;2482;74.8;72.4;2.1
23;2021-09-27;37;153;158;86967;84298;2640;74.8;72.5;2.3
23;2021-09-28;44;121;180;87011;84419;2820;74.8;72.6;2.4
23;2021-09-29;66;154;234;87077;84573;3054;74.9;72.7;2.6
23;2021-09-30;47;63;139;87124;84636;3193;74.9;72.8;2.7
23;2021-10-01;93;179;204;87217;84815;3397;75.0;72.9;2.9
23;2021-10-02;28;96;50;87245;84911;3447;75.0;73.0;3.0
23;2021-10-03;2;6;17;87247;84917;3464;75.0;73.0;3.0
23;2021-10-04;46;82;177;87293;84999;3641;75.1;73.1;3.1
23;2021-10-05;36;83;214;87329;85082;3855;75.1;73.2;3.3
23;2021-10-06;50;95;128;87379;85177;3983;75.2;73.3;3.4
23;2021-10-07;60;119;203;87439;85296;4186;75.2;73.4;3.6
23;2021-10-08;59;191;223;87498;85487;4409;75.3;73.5;3.8
23;2021-10-09;22;50;43;87520;85537;4452;75.3;73.6;3.8
23;2021-10-10;0;0;0;87520;85537;4452;75.3;73.6;3.8
23;2021-10-11;20;93;214;87540;85630;4666;75.3;73.6;4.0
23;2021-10-12;50;86;171;87590;85716;4837;75.3;73.7;4.2
23;2021-10-13;46;76;176;87636;85792;5013;75.4;73.8;4.3
23;2021-10-14;38;68;106;87674;85860;5119;75.4;73.8;4.4
23;2021-10-15;76;101;211;87750;85961;5330;75.5;73.9;4.6
23;2021-10-16;34;43;53;87784;86004;5383;75.5;74.0;4.6
23;2021-10-17;1;3;1;87785;86007;5384;75.5;74.0;4.6
23;2021-10-18;49;71;216;87834;86078;5600;75.5;74.0;4.8
23;2021-10-19;35;42;171;87869;86120;5771;75.6;74.1;5.0
23;2021-10-20;46;52;187;87915;86172;5958;75.6;74.1;5.1
23;2021-10-21;24;62;155;87939;86234;6113;75.6;74.2;5.3
23;2021-10-22;36;123;296;87975;86357;6409;75.7;74.3;5.5
23;2021-10-23;27;45;86;88002;86402;6495;75.7;74.3;5.6
23;2021-10-24;6;3;9;88008;86405;6504;75.7;74.3;5.6
23;2021-10-25;43;58;292;88051;86463;6796;75.7;74.4;5.8
23;2021-10-26;34;39;280;88085;86502;7076;75.8;74.4;6.1
23;2021-10-27;20;33;211;88105;86535;7287;75.8;74.4;6.3
23;2021-10-28;31;41;253;88136;86576;7540;75.8;74.5;6.5
23;2021-10-29;45;76;277;88181;86652;7817;75.8;74.5;6.7
23;2021-10-30;33;17;32;88214;86669;7849;75.9;74.5;6.8
23;2021-10-31;1;0;0;88215;86669;7849;75.9;74.5;6.8
23;2021-11-01;0;0;0;88215;86669;7849;75.9;74.5;6.8
23;2021-11-02;37;45;350;88252;86714;8199;75.9;74.6;7.1
23;2021-11-03;26;40;293;88278;86754;8492;75.9;74.6;7.3
23;2021-11-04;25;33;240;88303;86787;8732;75.9;74.6;7.5
23;2021-11-05;44;86;456;88347;86873;9188;76.0;74.7;7.9
23;2021-11-06;22;23;114;88369;86896;9302;76.0;74.7;8.0
23;2021-11-07;3;8;28;88372;86904;9330;76.0;74.7;8.0
23;2021-11-08;21;42;341;88393;86946;9671;76.0;74.8;8.3
23;2021-11-09;40;47;495;88433;86993;10166;76.1;74.8;8.7
23;2021-11-10;33;62;284;88466;87055;10450;76.1;74.9;9.0
23;2021-11-11;0;1;21;88466;87056;10471;76.1;74.9;9.0
23;2021-11-12;31;56;447;88497;87112;10918;76.1;74.9;9.4
23;2021-11-13;14;30;131;88511;87142;11049;76.1;74.9;9.5
23;2021-11-14;0;1;2;88511;87143;11051;76.1;74.9;9.5
23;2021-11-15;26;41;342;88537;87184;11393;76.1;75.0;9.8
23;2021-11-16;25;48;594;88562;87232;11987;76.2;75.0;10.3
23;2021-11-17;30;39;385;88592;87271;12372;76.2;75.1;10.6
23;2021-11-18;39;35;484;88631;87306;12856;76.2;75.1;11.1
23;2021-11-19;49;69;573;88680;87375;13429;76.3;75.1;11.5
23;2021-11-20;19;29;190;88699;87404;13619;76.3;75.2;11.7
23;2021-11-21;0;2;12;88699;87406;13631;76.3;75.2;11.7
23;2021-11-22;32;17;392;88731;87423;14023;76.3;75.2;12.1
23;2021-11-23;40;34;673;88771;87457;14696;76.3;75.2;12.6
23;2021-11-24;49;36;598;88820;87493;15294;76.4;75.2;13.2
23;2021-11-25;35;20;486;88855;87513;15780;76.4;75.3;13.6
23;2021-11-26;60;57;806;88915;87570;16586;76.5;75.3;14.3
23;2021-11-27;38;36;545;88953;87606;17131;76.5;75.3;14.7
23;2021-11-28;5;1;19;88958;87607;17150;76.5;75.3;14.8
23;2021-11-29;15;21;535;88973;87628;17685;76.5;75.4;15.2
23;2021-11-30;46;48;988;89019;87676;18673;76.6;75.4;16.1
23;2021-12-01;49;34;1177;89068;87710;19850;76.6;75.4;17.1
23;2021-12-02;30;18;1222;89098;87728;21072;76.6;75.5;18.1
23;2021-12-03;42;27;1170;89140;87755;22242;76.7;75.5;19.1
23;2021-12-04;32;27;947;89172;87782;23189;76.7;75.5;19.9
23;2021-12-05;8;0;256;89180;87782;23445;76.7;75.5;20.2
23;2021-12-06;18;24;678;89198;87806;24123;76.7;75.5;20.7
23;2021-12-07;32;20;1275;89230;87826;25398;76.7;75.5;21.8
23;2021-12-08;44;39;1398;89274;87865;26796;76.8;75.6;23.0
23;2021-12-09;27;34;1256;89301;87899;28052;76.8;75.6;24.1
23;2021-12-10;38;45;1393;89339;87944;29445;76.8;75.6;25.3
23;2021-12-11;41;29;1314;89380;87973;30759;76.9;75.7;26.5
23;2021-12-12;4;4;67;89384;87977;30826;76.9;75.7;26.5
23;2021-12-13;21;26;1097;89405;88003;31923;76.9;75.7;27.5
23;2021-12-14;56;39;1797;89461;88042;33720;76.9;75.7;29.0
23;2021-12-15;30;41;1331;89491;88083;35051;77.0;75.8;30.1
23;2021-12-16;57;56;1292;89548;88139;36343;77.0;75.8;31.3
23;2021-12-17;49;65;1506;89597;88204;37849;77.1;75.9;32.6
23;2021-12-18;49;46;1234;89646;88250;39083;77.1;75.9;33.6
23;2021-12-19;5;1;259;89651;88251;39342;77.1;75.9;33.8
23;2021-12-20;37;26;1290;89688;88277;40632;77.1;75.9;34.9
23;2021-12-21;55;49;1732;89743;88326;42364;77.2;76.0;36.4
23;2021-12-22;47;50;1092;89790;88376;43456;77.2;76.0;37.4
23;2021-12-23;39;54;897;89829;88430;44353;77.3;76.1;38.1
23;2021-12-24;13;15;252;89842;88445;44605;77.3;76.1;38.4
23;2021-12-25;1;1;5;89843;88446;44610;77.3;76.1;38.4
23;2021-12-26;1;1;29;89844;88447;44639;77.3;76.1;38.4
24;2020-12-27;0;0;0;0;0;0;0.0;0.0;0.0
24;2020-12-28;0;0;0;0;0;0;0.0;0.0;0.0
24;2020-12-29;2;0;0;2;0;0;0.0;0.0;0.0
24;2020-12-30;1;0;0;3;0;0;0.0;0.0;0.0
24;2020-12-31;0;0;0;3;0;0;0.0;0.0;0.0
24;2021-01-01;1;0;0;4;0;0;0.0;0.0;0.0
24;2021-01-02;0;0;0;4;0;0;0.0;0.0;0.0
24;2021-01-03;1;0;0;5;0;0;0.0;0.0;0.0
24;2021-01-04;1;0;0;6;0;0;0.0;0.0;0.0
24;2021-01-05;1;0;0;7;0;0;0.0;0.0;0.0
24;2021-01-06;4;0;0;11;0;0;0.0;0.0;0.0
24;2021-01-07;201;0;0;212;0;0;0.1;0.0;0.0
24;2021-01-08;284;0;0;496;0;0;0.1;0.0;0.0
24;2021-01-09;184;13;0;680;13;0;0.2;0.0;0.0
24;2021-01-10;36;0;0;716;13;0;0.2;0.0;0.0
24;2021-01-11;258;0;0;974;13;0;0.2;0.0;0.0
24;2021-01-12;309;0;0;1283;13;0;0.3;0.0;0.0
24;2021-01-13;263;1;0;1546;14;0;0.4;0.0;0.0
24;2021-01-14;982;24;0;2528;38;0;0.6;0.0;0.0
24;2021-01-15;601;6;0;3129;44;0;0.8;0.0;0.0
24;2021-01-16;92;0;0;3221;44;0;0.8;0.0;0.0
24;2021-01-17;4;1;0;3225;45;0;0.8;0.0;0.0
24;2021-01-18;348;2;0;3573;47;0;0.9;0.0;0.0
24;2021-01-19;512;2;0;4085;49;0;1.0;0.0;0.0
24;2021-01-20;585;0;0;4670;49;0;1.1;0.0;0.0
24;2021-01-21;690;5;0;5360;54;0;1.3;0.0;0.0
24;2021-01-22;585;1;0;5945;55;0;1.5;0.0;0.0
24;2021-01-23;163;1;0;6108;56;0;1.5;0.0;0.0
24;2021-01-24;13;0;0;6121;56;0;1.5;0.0;0.0
24;2021-01-25;488;0;0;6609;56;0;1.6;0.0;0.0
24;2021-01-26;681;64;0;7290;120;0;1.8;0.0;0.0
24;2021-01-27;1162;14;0;8452;134;0;2.1;0.0;0.0
24;2021-01-28;1000;115;0;9452;249;0;2.3;0.1;0.0
24;2021-01-29;912;140;0;10364;389;0;2.5;0.1;0.0
24;2021-01-30;268;1;0;10632;390;0;2.6;0.1;0.0
24;2021-01-31;10;4;0;10642;394;0;2.6;0.1;0.0
24;2021-02-01;397;176;0;11039;570;0;2.7;0.1;0.0
24;2021-02-02;624;323;0;11663;893;0;2.9;0.2;0.0
24;2021-02-03;648;488;0;12311;1381;0;3.0;0.3;0.0
24;2021-02-04;984;427;0;13295;1808;0;3.3;0.4;0.0
24;2021-02-05;667;418;0;13962;2226;0;3.4;0.5;0.0
24;2021-02-06;143;35;0;14105;2261;0;3.5;0.6;0.0
24;2021-02-07;31;3;0;14136;2264;0;3.5;0.6;0.0
24;2021-02-08;330;246;0;14466;2510;0;3.5;0.6;0.0
24;2021-02-09;480;252;0;14946;2762;0;3.7;0.7;0.0
24;2021-02-10;429;197;0;15375;2959;0;3.8;0.7;0.0
24;2021-02-11;589;570;0;15964;3529;0;3.9;0.9;0.0
24;2021-02-12;515;400;0;16479;3929;0;4.0;1.0;0.0
24;2021-02-13;199;51;0;16678;3980;0;4.1;1.0;0.0
24;2021-02-14;90;8;0;16768;3988;0;4.1;1.0;0.0
24;2021-02-15;201;276;0;16969;4264;0;4.2;1.0;0.0
24;2021-02-16;338;540;0;17307;4804;0;4.2;1.2;0.0
24;2021-02-17;547;827;0;17854;5631;0;4.4;1.4;0.0
24;2021-02-18;435;771;0;18289;6402;0;4.5;1.6;0.0
24;2021-02-19;473;677;0;18762;7079;0;4.6;1.7;0.0
24;2021-02-20;164;151;0;18926;7230;0;4.6;1.8;0.0
24;2021-02-21;107;3;0;19033;7233;0;4.7;1.8;0.0
24;2021-02-22;447;519;0;19480;7752;0;4.8;1.9;0.0
24;2021-02-23;545;677;0;20025;8429;0;4.9;2.1;0.0
24;2021-02-24;535;796;0;20560;9225;0;5.0;2.3;0.0
24;2021-02-25;753;881;0;21313;10106;0;5.2;2.5;0.0
24;2021-02-26;1010;930;0;22323;11036;0;5.5;2.7;0.0
24;2021-02-27;384;265;0;22707;11301;0;5.6;2.8;0.0
24;2021-02-28;19;14;0;22726;11315;0;5.6;2.8;0.0
24;2021-03-01;347;413;0;23073;11728;0;5.6;2.9;0.0
24;2021-03-02;559;477;0;23632;12205;0;5.8;3.0;0.0
24;2021-03-03;678;368;0;24310;12573;0;6.0;3.1;0.0
24;2021-03-04;944;546;0;25254;13119;0;6.2;3.2;0.0
24;2021-03-05;1059;577;0;26313;13696;0;6.4;3.4;0.0
24;2021-03-06;1166;147;0;27479;13843;0;6.7;3.4;0.0
24;2021-03-07;201;62;0;27680;13905;0;6.8;3.4;0.0
24;2021-03-08;613;284;0;28293;14189;0;6.9;3.5;0.0
24;2021-03-09;1172;462;0;29465;14651;0;7.2;3.6;0.0
24;2021-03-10;1194;479;0;30659;15130;0;7.5;3.7;0.0
24;2021-03-11;1701;497;0;32360;15627;0;7.9;3.8;0.0
24;2021-03-12;2186;461;0;34546;16088;0;8.5;3.9;0.0
24;2021-03-13;1425;189;0;35971;16277;0;8.8;4.0;0.0
24;2021-03-14;132;96;0;36103;16373;0;8.8;4.0;0.0
24;2021-03-15;1031;196;0;37134;16569;0;9.1;4.1;0.0
24;2021-03-16;1221;237;0;38355;16806;0;9.4;4.1;0.0
24;2021-03-17;1237;284;0;39592;17090;0;9.7;4.2;0.0
24;2021-03-18;1138;540;0;40730;17630;0;10.0;4.3;0.0
24;2021-03-19;1328;529;0;42058;18159;0;10.3;4.4;0.0
24;2021-03-20;1002;155;0;43060;18314;0;10.5;4.5;0.0
24;2021-03-21;29;12;0;43089;18326;0;10.6;4.5;0.0
24;2021-03-22;1368;430;0;44457;18756;0;10.9;4.6;0.0
24;2021-03-23;1986;397;0;46443;19153;0;11.4;4.7;0.0
24;2021-03-24;1918;384;0;48361;19537;0;11.8;4.8;0.0
24;2021-03-25;2095;511;0;50456;20048;0;12.4;4.9;0.0
24;2021-03-26;2410;297;0;52866;20345;0;12.9;5.0;0.0
24;2021-03-27;1383;44;0;54249;20389;0;13.3;5.0;0.0
24;2021-03-28;74;8;0;54323;20397;0;13.3;5.0;0.0
24;2021-03-29;1720;354;0;56043;20751;0;13.7;5.1;0.0
24;2021-03-30;2489;422;0;58532;21173;0;14.3;5.2;0.0
24;2021-03-31;2183;326;0;60715;21499;0;14.9;5.3;0.0
24;2021-04-01;2283;346;0;62998;21845;0;15.4;5.3;0.0
24;2021-04-02;2131;454;0;65129;22299;0;15.9;5.5;0.0
24;2021-04-03;1331;154;0;66460;22453;0;16.3;5.5;0.0
24;2021-04-04;73;7;0;66533;22460;0;16.3;5.5;0.0
24;2021-04-05;891;68;0;67424;22528;0;16.5;5.5;0.0
24;2021-04-06;2277;786;0;69701;23314;0;17.1;5.7;0.0
24;2021-04-07;2665;715;0;72366;24029;0;17.7;5.9;0.0
24;2021-04-08;2973;1035;0;75339;25064;0;18.4;6.1;0.0
24;2021-04-09;3339;1065;0;78678;26129;0;19.3;6.4;0.0
24;2021-04-10;2481;358;0;81159;26487;0;19.9;6.5;0.0
24;2021-04-11;1016;24;0;82175;26511;0;20.1;6.5;0.0
24;2021-04-12;2377;901;0;84552;27412;0;20.7;6.7;0.0
24;2021-04-13;2806;1243;0;87358;28655;0;21.4;7.0;0.0
24;2021-04-14;2908;1206;0;90266;29861;0;22.1;7.3;0.0
24;2021-04-15;2813;1175;0;93079;31036;0;22.8;7.6;0.0
24;2021-04-16;3228;1052;0;96307;32088;0;23.6;7.9;0.0
24;2021-04-17;2246;452;0;98553;32540;0;24.1;8.0;0.0
24;2021-04-18;437;3;0;98990;32543;0;24.2;8.0;0.0
24;2021-04-19;1636;1120;0;100626;33663;0;24.6;8.2;0.0
24;2021-04-20;2331;1539;0;102957;35202;0;25.2;8.6;0.0
24;2021-04-21;2347;1483;0;105304;36685;0;25.8;9.0;0.0
24;2021-04-22;2238;1400;0;107542;38085;0;26.3;9.3;0.0
24;2021-04-23;1986;1444;0;109528;39529;0;26.8;9.7;0.0
24;2021-04-24;740;736;0;110268;40265;0;27.0;9.9;0.0
24;2021-04-25;66;10;0;110334;40275;0;27.0;9.9;0.0
24;2021-04-26;1416;1501;0;111750;41776;0;27.4;10.2;0.0
24;2021-04-27;1917;1922;0;113667;43698;0;27.8;10.7;0.0
24;2021-04-28;1675;1949;0;115342;45647;0;28.2;11.2;0.0
24;2021-04-29;1824;1945;0;117166;47592;0;28.7;11.7;0.0
24;2021-04-30;2332;1777;0;119498;49369;0;29.3;12.1;0.0
24;2021-05-01;1917;1012;0;121415;50381;0;29.7;12.3;0.0
24;2021-05-02;1835;207;0;123250;50588;0;30.2;12.4;0.0
24;2021-05-03;1675;1784;0;124925;52372;0;30.6;12.8;0.0
24;2021-05-04;2397;2271;0;127322;54643;0;31.2;13.4;0.0
24;2021-05-05;2052;2671;0;129374;57314;0;31.7;14.0;0.0
24;2021-05-06;2146;2712;0;131520;60026;0;32.2;14.7;0.0
24;2021-05-07;2451;2744;0;133971;62770;0;32.8;15.4;0.0
24;2021-05-08;1339;1100;0;135310;63870;0;33.1;15.6;0.0
24;2021-05-09;1113;821;0;136423;64691;0;33.4;15.8;0.0
24;2021-05-10;1371;2543;0;137794;67234;0;33.7;16.5;0.0
24;2021-05-11;2232;2681;0;140026;69915;0;34.3;17.1;0.0
24;2021-05-12;2059;2298;0;142085;72213;0;34.8;17.7;0.0
24;2021-05-13;1592;1169;0;143677;73382;0;35.2;18.0;0.0
24;2021-05-14;2575;1397;0;146252;74779;0;35.8;18.3;0.0
24;2021-05-15;2075;867;0;148327;75646;0;36.3;18.5;0.0
24;2021-05-16;1095;352;0;149422;75998;0;36.6;18.6;0.0
24;2021-05-17;2297;1291;0;151719;77289;0;37.2;18.9;0.0
24;2021-05-18;2605;1796;0;154324;79085;0;37.8;19.4;0.0
24;2021-05-19;2399;1365;0;156723;80450;0;38.4;19.7;0.0
24;2021-05-20;2600;1538;0;159323;81988;0;39.0;20.1;0.0
24;2021-05-21;2557;1378;0;161880;83366;0;39.6;20.4;0.0
24;2021-05-22;1696;455;0;163576;83821;0;40.1;20.5;0.0
24;2021-05-23;818;64;0;164394;83885;0;40.3;20.5;0.0
24;2021-05-24;1367;304;0;165761;84189;0;40.6;20.6;0.0
24;2021-05-25;2251;1411;0;168012;85600;0;41.1;21.0;0.0
24;2021-05-26;2172;1342;0;170184;86942;0;41.7;21.3;0.0
24;2021-05-27;1899;2134;0;172083;89076;0;42.1;21.8;0.0
24;2021-05-28;2183;2029;0;174266;91105;0;42.7;22.3;0.0
24;2021-05-29;1119;2062;0;175385;93167;0;42.9;22.8;0.0
24;2021-05-30;1149;163;0;176534;93330;0;43.2;22.9;0.0
24;2021-05-31;1733;1414;0;178267;94744;0;43.7;23.2;0.0
24;2021-06-01;2635;2006;0;180902;96750;0;44.3;23.7;0.0
24;2021-06-02;2600;1882;0;183502;98632;0;44.9;24.2;0.0
24;2021-06-03;2282;1548;0;185784;100180;0;45.5;24.5;0.0
24;2021-06-04;2374;2021;0;188158;102201;0;46.1;25.0;0.0
24;2021-06-05;1822;1399;0;189980;103600;0;46.5;25.4;0.0
24;2021-06-06;690;222;0;190670;103822;0;46.7;25.4;0.0
24;2021-06-07;1466;1650;0;192136;105472;0;47.0;25.8;0.0
24;2021-06-08;1678;2111;0;193814;107583;0;47.5;26.3;0.0
24;2021-06-09;1422;1729;0;195236;109312;0;47.8;26.8;0.0
24;2021-06-10;1702;1946;0;196938;111258;0;48.2;27.2;0.0
24;2021-06-11;1376;2317;0;198314;113575;0;48.6;27.8;0.0
24;2021-06-12;1100;2509;0;199414;116084;0;48.8;28.4;0.0
24;2021-06-13;1053;882;0;200467;116966;0;49.1;28.6;0.0
24;2021-06-14;1165;2103;0;201632;119069;0;49.4;29.2;0.0
24;2021-06-15;1544;3245;0;203176;122314;0;49.8;30.0;0.0
24;2021-06-16;1719;2858;0;204895;125172;0;50.2;30.6;0.0
24;2021-06-17;1593;2298;0;206488;127470;0;50.6;31.2;0.0
24;2021-06-18;1496;3037;0;207984;130507;0;50.9;32.0;0.0
24;2021-06-19;1202;1609;0;209186;132116;0;51.2;32.4;0.0
24;2021-06-20;471;466;0;209657;132582;0;51.3;32.5;0.0
24;2021-06-21;920;2060;0;210577;134642;0;51.6;33.0;0.0
24;2021-06-22;1350;2636;0;211927;137278;0;51.9;33.6;0.0
24;2021-06-23;1354;2516;0;213281;139794;0;52.2;34.2;0.0
24;2021-06-24;1174;2042;0;214455;141836;0;52.5;34.7;0.0
24;2021-06-25;1023;3007;0;215478;144843;0;52.8;35.5;0.0
24;2021-06-26;803;2159;0;216281;147002;0;53.0;36.0;0.0
24;2021-06-27;385;924;0;216666;147926;0;53.1;36.2;0.0
24;2021-06-28;799;2658;0;217465;150584;0;53.2;36.9;0.0
24;2021-06-29;936;3023;0;218401;153607;0;53.5;37.6;0.0
24;2021-06-30;1078;2649;0;219479;156256;0;53.7;38.3;0.0
24;2021-07-01;1150;2457;0;220629;158713;0;54.0;38.9;0.0
24;2021-07-02;1088;2837;0;221717;161550;0;54.3;39.6;0.0
24;2021-07-03;753;1862;0;222470;163412;0;54.5;40.0;0.0
24;2021-07-04;357;908;0;222827;164320;0;54.6;40.2;0.0
24;2021-07-05;759;2359;0;223586;166679;0;54.7;40.8;0.0
24;2021-07-06;892;3410;0;224478;170089;0;55.0;41.6;0.0
24;2021-07-07;1026;3064;0;225504;173153;0;55.2;42.4;0.0
24;2021-07-08;1345;2154;0;226849;175307;0;55.5;42.9;0.0
24;2021-07-09;1114;3183;0;227963;178490;0;55.8;43.7;0.0
24;2021-07-10;486;1886;0;228449;180376;0;55.9;44.2;0.0
24;2021-07-11;538;983;0;228987;181359;0;56.1;44.4;0.0
24;2021-07-12;865;2572;0;229852;183931;0;56.3;45.0;0.0
24;2021-07-13;1324;3231;0;231176;187162;0;56.6;45.8;0.0
24;2021-07-14;629;1066;0;231805;188228;0;56.8;46.1;0.0
24;2021-07-15;1622;2725;0;233427;190953;0;57.2;46.8;0.0
24;2021-07-16;2103;2535;0;235530;193488;0;57.7;47.4;0.0
24;2021-07-17;1376;2091;0;236906;195579;0;58.0;47.9;0.0
24;2021-07-18;645;804;0;237551;196383;0;58.2;48.1;0.0
24;2021-07-19;1555;2209;0;239106;198592;0;58.5;48.6;0.0
24;2021-07-20;2004;2499;0;241110;201091;0;59.0;49.2;0.0
24;2021-07-21;1925;2310;0;243035;203401;0;59.5;49.8;0.0
24;2021-07-22;2492;2433;0;245527;205834;0;60.1;50.4;0.0
24;2021-07-23;2310;2536;0;247837;208370;0;60.7;51.0;0.0
24;2021-07-24;1735;1529;0;249572;209899;0;61.1;51.4;0.0
24;2021-07-25;796;760;0;250368;210659;0;61.3;51.6;0.0
24;2021-07-26;1553;2004;0;251921;212663;0;61.7;52.1;0.0
24;2021-07-27;2815;2216;0;254736;214879;0;62.4;52.6;0.0
24;2021-07-28;2643;1858;0;257379;216737;0;63.0;53.1;0.0
24;2021-07-29;2982;2164;0;260361;218901;0;63.8;53.6;0.0
24;2021-07-30;2541;1914;0;262902;220815;0;64.4;54.1;0.0
24;2021-07-31;1580;1462;0;264482;222277;0;64.8;54.4;0.0
24;2021-08-01;1018;586;0;265500;222863;0;65.0;54.6;0.0
24;2021-08-02;1947;1580;0;267447;224443;0;65.5;55.0;0.0
24;2021-08-03;2738;1826;0;270185;226269;0;66.2;55.4;0.0
24;2021-08-04;2884;1468;0;273069;227737;0;66.9;55.8;0.0
24;2021-08-05;2851;1348;0;275920;229085;0;67.6;56.1;0.0
24;2021-08-06;2391;1463;0;278311;230548;0;68.1;56.5;0.0
24;2021-08-07;1724;1040;0;280035;231588;0;68.6;56.7;0.0
24;2021-08-08;1005;562;0;281040;232150;0;68.8;56.8;0.0
24;2021-08-09;1583;1339;0;282623;233489;0;69.2;57.2;0.0
24;2021-08-10;2204;1747;0;284827;235236;0;69.7;57.6;0.0
24;2021-08-11;2128;1610;0;286955;236846;0;70.3;58.0;0.0
24;2021-08-12;1873;1867;0;288828;238713;0;70.7;58.5;0.0
24;2021-08-13;1536;1583;0;290364;240296;0;71.1;58.8;0.0
24;2021-08-14;1095;1166;0;291459;241462;0;71.4;59.1;0.0
24;2021-08-15;624;488;0;292083;241950;0;71.5;59.2;0.0
24;2021-08-16;1138;1609;0;293221;243559;0;71.8;59.6;0.0
24;2021-08-17;1541;2031;0;294762;245590;0;72.2;60.1;0.0
24;2021-08-18;1412;1782;0;296174;247372;0;72.5;60.6;0.0
24;2021-08-19;1110;2461;0;297284;249833;0;72.8;61.2;0.0
24;2021-08-20;1092;2412;0;298376;252245;0;73.1;61.8;0.0
24;2021-08-21;783;1564;0;299159;253809;0;73.3;62.1;0.0
24;2021-08-22;290;974;0;299449;254783;0;73.3;62.4;0.0
24;2021-08-23;701;2059;0;300150;256842;0;73.5;62.9;0.0
24;2021-08-24;833;2355;0;300983;259197;0;73.7;63.5;0.0
24;2021-08-25;818;2309;0;301801;261506;0;73.9;64.0;0.0
24;2021-08-26;750;2713;0;302551;264219;0;74.1;64.7;0.0
24;2021-08-27;824;2813;0;303375;267032;0;74.3;65.4;0.0
24;2021-08-28;505;1804;0;303880;268836;0;74.4;65.8;0.0
24;2021-08-29;157;897;0;304037;269733;0;74.4;66.0;0.0
24;2021-08-30;431;2065;17;304468;271798;17;74.6;66.6;0.0
24;2021-08-31;634;2495;55;305102;274293;72;74.7;67.2;0.0
24;2021-09-01;663;2284;101;305765;276577;173;74.9;67.7;0.0
24;2021-09-02;490;1857;122;306255;278434;295;75.0;68.2;0.1
24;2021-09-03;576;2152;180;306831;280586;475;75.1;68.7;0.1
24;2021-09-04;366;1848;64;307197;282434;539;75.2;69.2;0.1
24;2021-09-05;229;848;45;307426;283282;584;75.3;69.4;0.1
24;2021-09-06;324;1462;165;307750;284744;749;75.4;69.7;0.2
24;2021-09-07;485;1676;261;308235;286420;1010;75.5;70.1;0.2
24;2021-09-08;428;1773;172;308663;288193;1182;75.6;70.6;0.3
24;2021-09-09;367;1118;233;309030;289311;1415;75.7;70.8;0.3
24;2021-09-10;408;1643;207;309438;290954;1622;75.8;71.2;0.4
24;2021-09-11;319;1571;70;309757;292525;1692;75.8;71.6;0.4
24;2021-09-12;93;314;60;309850;292839;1752;75.9;71.7;0.4
24;2021-09-13;315;981;222;310165;293820;1974;75.9;71.9;0.5
24;2021-09-14;442;916;306;310607;294736;2280;76.1;72.2;0.6
24;2021-09-15;451;1293;398;311058;296029;2678;76.2;72.5;0.7
24;2021-09-16;290;889;269;311348;296918;2947;76.2;72.7;0.7
24;2021-09-17;413;1048;331;311761;297966;3278;76.3;73.0;0.8
24;2021-09-18;302;1070;152;312063;299036;3430;76.4;73.2;0.8
24;2021-09-19;52;343;34;312115;299379;3464;76.4;73.3;0.8
24;2021-09-20;158;560;255;312273;299939;3719;76.5;73.4;0.9
24;2021-09-21;366;442;436;312639;300381;4155;76.6;73.6;1.0
24;2021-09-22;225;738;440;312864;301119;4595;76.6;73.7;1.1
24;2021-09-23;160;410;415;313024;301529;5010;76.6;73.8;1.2
24;2021-09-24;251;823;369;313275;302352;5379;76.7;74.0;1.3
24;2021-09-25;209;583;120;313484;302935;5499;76.8;74.2;1.3
24;2021-09-26;23;92;14;313507;303027;5513;76.8;74.2;1.3
24;2021-09-27;175;444;312;313682;303471;5825;76.8;74.3;1.4
24;2021-09-28;212;340;586;313894;303811;6411;76.9;74.4;1.6
24;2021-09-29;208;577;392;314102;304388;6803;76.9;74.5;1.7
24;2021-09-30;234;448;480;314336;304836;7283;77.0;74.6;1.8
24;2021-10-01;255;512;406;314591;305348;7689;77.0;74.8;1.9
24;2021-10-02;193;488;177;314784;305836;7866;77.1;74.9;1.9
24;2021-10-03;16;43;4;314800;305879;7870;77.1;74.9;1.9
24;2021-10-04;158;302;316;314958;306181;8186;77.1;75.0;2.0
24;2021-10-05;117;362;340;315075;306543;8526;77.1;75.1;2.1
24;2021-10-06;221;470;589;315296;307013;9115;77.2;75.2;2.2
24;2021-10-07;118;229;417;315414;307242;9532;77.2;75.2;2.3
24;2021-10-08;197;443;553;315611;307685;10085;77.3;75.3;2.5
24;2021-10-09;166;427;413;315777;308112;10498;77.3;75.4;2.6
24;2021-10-10;20;26;18;315797;308138;10516;77.3;75.5;2.6
24;2021-10-11;98;217;398;315895;308355;10914;77.4;75.5;2.7
24;2021-10-12;145;392;708;316040;308747;11622;77.4;75.6;2.8
24;2021-10-13;145;297;557;316185;309044;12179;77.4;75.7;3.0
24;2021-10-14;130;214;529;316315;309258;12708;77.5;75.7;3.1
24;2021-10-15;273;417;1021;316588;309675;13729;77.5;75.8;3.4
24;2021-10-16;173;327;304;316761;310002;14033;77.6;75.9;3.4
24;2021-10-17;14;30;11;316775;310032;14044;77.6;75.9;3.4
24;2021-10-18;105;154;420;316880;310186;14464;77.6;76.0;3.5
24;2021-10-19;130;250;667;317010;310436;15131;77.6;76.0;3.7
24;2021-10-20;134;242;678;317144;310678;15809;77.7;76.1;3.9
24;2021-10-21;93;242;539;317237;310920;16348;77.7;76.1;4.0
24;2021-10-22;145;221;857;317382;311141;17205;77.7;76.2;4.2
24;2021-10-23;98;209;371;317480;311350;17576;77.7;76.2;4.3
24;2021-10-24;10;12;9;317490;311362;17585;77.7;76.2;4.3
24;2021-10-25;95;133;684;317585;311495;18269;77.8;76.3;4.5
24;2021-10-26;86;132;642;317671;311627;18911;77.8;76.3;4.6
24;2021-10-27;134;184;836;317805;311811;19747;77.8;76.4;4.8
24;2021-10-28;82;143;685;317887;311954;20432;77.8;76.4;5.0
24;2021-10-29;142;190;1043;318029;312144;21475;77.9;76.4;5.3
24;2021-10-30;81;169;384;318110;312313;21859;77.9;76.5;5.4
24;2021-10-31;10;14;28;318120;312327;21887;77.9;76.5;5.4
24;2021-11-01;20;14;90;318140;312341;21977;77.9;76.5;5.4
24;2021-11-02;99;109;771;318239;312450;22748;77.9;76.5;5.6
24;2021-11-03;117;175;962;318356;312625;23710;78.0;76.6;5.8
24;2021-11-04;91;121;868;318447;312746;24578;78.0;76.6;6.0
24;2021-11-05;178;218;1218;318625;312964;25796;78.0;76.6;6.3
24;2021-11-06;101;193;633;318726;313157;26429;78.0;76.7;6.5
24;2021-11-07;11;12;55;318737;313169;26484;78.0;76.7;6.5
24;2021-11-08;77;129;877;318814;313298;27361;78.1;76.7;6.7
24;2021-11-09;116;187;1505;318930;313485;28866;78.1;76.8;7.1
24;2021-11-10;126;172;1504;319056;313657;30370;78.1;76.8;7.4
24;2021-11-11;33;38;256;319089;313695;30626;78.1;76.8;7.5
24;2021-11-12;96;168;1300;319185;313863;31926;78.2;76.9;7.8
24;2021-11-13;85;154;769;319270;314017;32695;78.2;76.9;8.0
24;2021-11-14;8;23;60;319278;314040;32755;78.2;76.9;8.0
24;2021-11-15;69;116;1068;319347;314156;33823;78.2;76.9;8.3
24;2021-11-16;100;137;1924;319447;314293;35747;78.2;77.0;8.8
24;2021-11-17;114;141;1653;319561;314434;37400;78.2;77.0;9.2
24;2021-11-18;84;93;1576;319645;314527;38976;78.3;77.0;9.5
24;2021-11-19;171;180;2207;319816;314707;41183;78.3;77.1;10.1
24;2021-11-20;128;129;1150;319944;314836;42333;78.3;77.1;10.4
24;2021-11-21;19;21;198;319963;314857;42531;78.3;77.1;10.4
24;2021-11-22;108;78;1355;320071;314935;43886;78.4;77.1;10.7
24;2021-11-23;127;131;2108;320198;315066;45994;78.4;77.1;11.3
24;2021-11-24;151;140;2084;320349;315206;48078;78.4;77.2;11.8
24;2021-11-25;126;109;2116;320475;315315;50194;78.5;77.2;12.3
24;2021-11-26;152;170;2972;320627;315485;53166;78.5;77.3;13.0
24;2021-11-27;140;147;1764;320767;315632;54930;78.5;77.3;13.5
24;2021-11-28;29;18;711;320796;315650;55641;78.6;77.3;13.6
24;2021-11-29;105;119;2508;320901;315769;58149;78.6;77.3;14.2
24;2021-11-30;139;130;3637;321040;315899;61786;78.6;77.4;15.1
24;2021-12-01;149;119;3510;321189;316018;65296;78.6;77.4;16.0
24;2021-12-02;110;91;3800;321299;316109;69096;78.7;77.4;16.9
24;2021-12-03;152;163;3979;321451;316272;73075;78.7;77.4;17.9
24;2021-12-04;94;108;2540;321545;316380;75615;78.7;77.5;18.5
24;2021-12-05;32;22;1001;321577;316402;76616;78.7;77.5;18.8
24;2021-12-06;99;89;3141;321676;316491;79757;78.8;77.5;19.5
24;2021-12-07;134;114;4716;321810;316605;84473;78.8;77.5;20.7
24;2021-12-08;145;117;4232;321955;316722;88705;78.8;77.6;21.7
24;2021-12-09;124;128;4148;322079;316850;92853;78.9;77.6;22.7
24;2021-12-10;147;150;4629;322226;317000;97482;78.9;77.6;23.9
24;2021-12-11;111;102;2872;322337;317102;100354;78.9;77.6;24.6
24;2021-12-12;34;31;1075;322371;317133;101429;78.9;77.7;24.8
24;2021-12-13;126;111;4168;322497;317244;105597;79.0;77.7;25.9
24;2021-12-14;150;147;5900;322647;317391;111497;79.0;77.7;27.3
24;2021-12-15;133;167;5288;322780;317558;116785;79.0;77.8;28.6
24;2021-12-16;146;155;5664;322926;317713;122449;79.1;77.8;30.0
24;2021-12-17;160;168;5503;323086;317881;127952;79.1;77.8;31.3
24;2021-12-18;137;151;3162;323223;318032;131114;79.1;77.9;32.1
24;2021-12-19;43;47;1640;323266;318079;132754;79.2;77.9;32.5
24;2021-12-20;144;193;4197;323410;318272;136951;79.2;77.9;33.5
24;2021-12-21;235;192;5186;323645;318464;142137;79.2;78.0;34.8
24;2021-12-22;210;175;4242;323855;318639;146379;79.3;78.0;35.8
24;2021-12-23;189;112;3210;324044;318751;149589;79.3;78.1;36.6
24;2021-12-24;42;23;561;324086;318774;150150;79.4;78.1;36.8
24;2021-12-25;0;5;33;324086;318779;150183;79.4;78.1;36.8
24;2021-12-26;12;20;145;324098;318799;150328;79.4;78.1;36.8
25;2020-12-27;0;0;0;0;0;0;0.0;0.0;0.0
25;2020-12-28;0;0;0;0;0;0;0.0;0.0;0.0
25;2020-12-29;0;0;0;0;0;0;0.0;0.0;0.0
25;2020-12-30;0;0;0;0;0;0;0.0;0.0;0.0
25;2020-12-31;2;0;0;2;0;0;0.0;0.0;0.0
25;2021-01-01;0;0;0;2;0;0;0.0;0.0;0.0
25;2021-01-02;2;0;0;4;0;0;0.0;0.0;0.0
25;2021-01-03;0;0;0;4;0;0;0.0;0.0;0.0
25;2021-01-04;3;0;0;7;0;0;0.0;0.0;0.0
25;2021-01-05;1;0;0;8;0;0;0.0;0.0;0.0
25;2021-01-06;86;1;0;94;1;0;0.0;0.0;0.0
25;2021-01-07;222;1;0;316;2;0;0.1;0.0;0.0
25;2021-01-08;393;1;0;709;3;0;0.1;0.0;0.0
25;2021-01-09;110;0;0;819;3;0;0.2;0.0;0.0
25;2021-01-10;1;0;0;820;3;0;0.2;0.0;0.0
25;2021-01-11;532;6;0;1352;9;0;0.3;0.0;0.0
25;2021-01-12;730;2;0;2082;11;0;0.4;0.0;0.0
25;2021-01-13;669;12;0;2751;23;0;0.5;0.0;0.0
25;2021-01-14;924;19;0;3675;42;0;0.7;0.0;0.0
25;2021-01-15;826;8;0;4501;50;0;0.8;0.0;0.0
25;2021-01-16;222;1;0;4723;51;0;0.9;0.0;0.0
25;2021-01-17;102;0;0;4825;51;0;0.9;0.0;0.0
25;2021-01-18;1277;6;0;6102;57;0;1.1;0.0;0.0
25;2021-01-19;1401;3;0;7503;60;0;1.4;0.0;0.0
25;2021-01-20;1480;7;0;8983;67;0;1.7;0.0;0.0
25;2021-01-21;1846;5;0;10829;72;0;2.0;0.0;0.0
25;2021-01-22;1478;8;0;12307;80;0;2.3;0.0;0.0
25;2021-01-23;488;1;0;12795;81;0;2.4;0.0;0.0
25;2021-01-24;113;0;0;12908;81;0;2.4;0.0;0.0
25;2021-01-25;1006;2;0;13914;83;0;2.6;0.0;0.0
25;2021-01-26;1429;41;0;15343;124;0;2.8;0.0;0.0
25;2021-01-27;1272;67;0;16615;191;0;3.1;0.0;0.0
25;2021-01-28;1123;85;0;17738;276;0;3.3;0.1;0.0
25;2021-01-29;978;272;0;18716;548;0;3.5;0.1;0.0
25;2021-01-30;318;103;0;19034;651;0;3.5;0.1;0.0
25;2021-01-31;7;0;0;19041;651;0;3.5;0.1;0.0
25;2021-02-01;623;261;0;19664;912;0;3.6;0.2;0.0
25;2021-02-02;679;450;0;20343;1362;0;3.8;0.3;0.0
25;2021-02-03;801;320;0;21144;1682;0;3.9;0.3;0.0
25;2021-02-04;737;495;0;21881;2177;0;4.1;0.4;0.0
25;2021-02-05;551;475;0;22432;2652;0;4.2;0.5;0.0
25;2021-02-06;217;173;0;22649;2825;0;4.2;0.5;0.0
25;2021-02-07;2;34;0;22651;2859;0;4.2;0.5;0.0
25;2021-02-08;616;546;0;23267;3405;0;4.3;0.6;0.0
25;2021-02-09;639;516;0;23906;3921;0;4.4;0.7;0.0
25;2021-02-10;769;522;0;24675;4443;0;4.6;0.8;0.0
25;2021-02-11;636;829;0;25311;5272;0;4.7;1.0;0.0
25;2021-02-12;448;559;0;25759;5831;0;4.8;1.1;0.0
25;2021-02-13;97;141;0;25856;5972;0;4.8;1.1;0.0
25;2021-02-14;1;3;0;25857;5975;0;4.8;1.1;0.0
25;2021-02-15;182;1053;0;26039;7028;0;4.8;1.3;0.0
25;2021-02-16;221;1429;0;26260;8457;0;4.9;1.6;0.0
25;2021-02-17;165;1351;0;26425;9808;0;4.9;1.8;0.0
25;2021-02-18;156;1336;0;26581;11144;0;4.9;2.1;0.0
25;2021-02-19;121;1272;0;26702;12416;0;4.9;2.3;0.0
25;2021-02-20;25;472;0;26727;12888;0;5.0;2.4;0.0
25;2021-02-21;0;136;0;26727;13024;0;5.0;2.4;0.0
25;2021-02-22;117;1092;0;26844;14116;0;5.0;2.6;0.0
25;2021-02-23;201;1147;0;27045;15263;0;5.0;2.8;0.0
25;2021-02-24;153;1034;0;27198;16297;0;5.0;3.0;0.0
25;2021-02-25;505;1061;0;27703;17358;0;5.1;3.2;0.0
25;2021-02-26;605;1080;0;28308;18438;0;5.2;3.4;0.0
25;2021-02-27;227;375;0;28535;18813;0;5.3;3.5;0.0
25;2021-02-28;6;5;0;28541;18818;0;5.3;3.5;0.0
25;2021-03-01;480;628;0;29021;19446;0;5.4;3.6;0.0
25;2021-03-02;632;837;0;29653;20283;0;5.5;3.8;0.0
25;2021-03-03;590;780;0;30243;21063;0;5.6;3.9;0.0
25;2021-03-04;1196;684;0;31439;21747;0;5.8;4.0;0.0
25;2021-03-05;1868;407;0;33307;22154;0;6.2;4.1;0.0
25;2021-03-06;1225;251;0;34532;22405;0;6.4;4.2;0.0
25;2021-03-07;30;15;0;34562;22420;0;6.4;4.2;0.0
25;2021-03-08;597;700;0;35159;23120;0;6.5;4.3;0.0
25;2021-03-09;1115;781;0;36274;23901;0;6.7;4.4;0.0
25;2021-03-10;1212;654;0;37486;24555;0;6.9;4.6;0.0
25;2021-03-11;1648;586;0;39134;25141;0;7.3;4.7;0.0
25;2021-03-12;2004;477;0;41138;25618;0;7.6;4.7;0.0
25;2021-03-13;1146;102;0;42284;25720;0;7.8;4.8;0.0
25;2021-03-14;51;2;0;42335;25722;0;7.8;4.8;0.0
25;2021-03-15;1153;157;0;43488;25879;0;8.1;4.8;0.0
25;2021-03-16;1276;132;0;44764;26011;0;8.3;4.8;0.0
25;2021-03-17;1471;154;0;46235;26165;0;8.6;4.9;0.0
25;2021-03-18;1551;91;0;47786;26256;0;8.9;4.9;0.0
25;2021-03-19;1689;135;0;49475;26391;0;9.2;4.9;0.0
25;2021-03-20;841;42;0;50316;26433;0;9.3;4.9;0.0
25;2021-03-21;26;0;0;50342;26433;0;9.3;4.9;0.0
25;2021-03-22;1488;105;0;51830;26538;0;9.6;4.9;0.0
25;2021-03-23;2214;172;0;54044;26710;0;10.0;5.0;0.0
25;2021-03-24;2484;112;0;56528;26822;0;10.5;5.0;0.0
25;2021-03-25;2927;217;0;59455;27039;0;11.0;5.0;0.0
25;2021-03-26;3220;209;0;62675;27248;0;11.6;5.1;0.0
25;2021-03-27;1193;110;0;63868;27358;0;11.8;5.1;0.0
25;2021-03-28;119;61;0;63987;27419;0;11.9;5.1;0.0
25;2021-03-29;1844;301;0;65831;27720;0;12.2;5.1;0.0
25;2021-03-30;2286;462;0;68117;28182;0;12.6;5.2;0.0
25;2021-03-31;2219;416;0;70336;28598;0;13.0;5.3;0.0
25;2021-04-01;2515;567;0;72851;29165;0;13.5;5.4;0.0
25;2021-04-02;2118;624;0;74969;29789;0;13.9;5.5;0.0
25;2021-04-03;519;134;0;75488;29923;0;14.0;5.5;0.0
25;2021-04-04;42;20;0;75530;29943;0;14.0;5.6;0.0
25;2021-04-05;148;5;0;75678;29948;0;14.0;5.6;0.0
25;2021-04-06;1927;728;0;77605;30676;0;14.4;5.7;0.0
25;2021-04-07;1971;929;0;79576;31605;0;14.8;5.9;0.0
25;2021-04-08;2470;937;0;82046;32542;0;15.2;6.0;0.0
25;2021-04-09;2643;1049;0;84689;33591;0;15.7;6.2;0.0
25;2021-04-10;1001;322;0;85690;33913;0;15.9;6.3;0.0
25;2021-04-11;98;31;0;85788;33944;0;15.9;6.3;0.0
25;2021-04-12;1658;1028;0;87446;34972;0;16.2;6.5;0.0
25;2021-04-13;2056;1416;0;89502;36388;0;16.6;6.7;0.0
25;2021-04-14;1886;1279;0;91388;37667;0;16.9;7.0;0.0
25;2021-04-15;2061;1390;0;93449;39057;0;17.3;7.2;0.0
25;2021-04-16;2135;1061;0;95584;40118;0;17.7;7.4;0.0
25;2021-04-17;1131;473;0;96715;40591;0;17.9;7.5;0.0
25;2021-04-18;127;20;0;96842;40611;0;18.0;7.5;0.0
25;2021-04-19;1370;1290;0;98212;41901;0;18.2;7.8;0.0
25;2021-04-20;1658;1534;0;99870;43435;0;18.5;8.1;0.0
25;2021-04-21;1753;1719;0;101623;45154;0;18.8;8.4;0.0
25;2021-04-22;1935;1683;0;103558;46837;0;19.2;8.7;0.0
25;2021-04-23;1955;1809;0;105513;48646;0;19.6;9.0;0.0
25;2021-04-24;1324;768;0;106837;49414;0;19.8;9.2;0.0
25;2021-04-25;131;110;0;106968;49524;0;19.8;9.2;0.0
25;2021-04-26;1791;1774;0;108759;51298;0;20.2;9.5;0.0
25;2021-04-27;2823;1617;0;111582;52915;0;20.7;9.8;0.0
25;2021-04-28;2545;1556;0;114127;54471;0;21.2;10.1;0.0
25;2021-04-29;2775;1974;0;116902;56445;0;21.7;10.5;0.0
25;2021-04-30;3265;1634;0;120167;58079;0;22.3;10.8;0.0
25;2021-05-01;1724;315;0;121891;58394;0;22.6;10.8;0.0
25;2021-05-02;409;25;0;122300;58419;0;22.7;10.8;0.0
25;2021-05-03;2883;887;0;125183;59306;0;23.2;11.0;0.0
25;2021-05-04;2614;1910;0;127797;61216;0;23.7;11.3;0.0
25;2021-05-05;2631;1720;0;130428;62936;0;24.2;11.7;0.0
25;2021-05-06;2921;2289;0;133349;65225;0;24.7;12.1;0.0
25;2021-05-07;3018;2172;0;136367;67397;0;25.3;12.5;0.0
25;2021-05-08;1335;246;0;137702;67643;0;25.5;12.5;0.0
25;2021-05-09;228;81;0;137930;67724;0;25.6;12.6;0.0
25;2021-05-10;2960;1700;0;140890;69424;0;26.1;12.9;0.0
25;2021-05-11;3544;2028;0;144434;71452;0;26.8;13.2;0.0
25;2021-05-12;3421;1894;0;147855;73346;0;27.4;13.6;0.0
25;2021-05-13;3150;590;0;151005;73936;0;28.0;13.7;0.0
25;2021-05-14;4077;1341;0;155082;75277;0;28.7;14.0;0.0
25;2021-05-15;2947;723;0;158029;76000;0;29.3;14.1;0.0
25;2021-05-16;721;94;0;158750;76094;0;29.4;14.1;0.0
25;2021-05-17;3705;1103;0;162455;77197;0;30.1;14.3;0.0
25;2021-05-18;4456;1253;0;166911;78450;0;30.9;14.5;0.0
25;2021-05-19;4734;1159;0;171645;79609;0;31.8;14.8;0.0
25;2021-05-20;4628;1425;0;176273;81034;0;32.7;15.0;0.0
25;2021-05-21;5214;1932;0;181487;82966;0;33.6;15.4;0.0
25;2021-05-22;2729;716;0;184216;83682;0;34.1;15.5;0.0
25;2021-05-23;702;116;0;184918;83798;0;34.3;15.5;0.0
25;2021-05-24;1456;187;0;186374;83985;0;34.5;15.6;0.0
25;2021-05-25;3111;1729;0;189485;85714;0;35.1;15.9;0.0
25;2021-05-26;3450;1630;0;192935;87344;0;35.8;16.2;0.0
25;2021-05-27;4011;1895;0;196946;89239;0;36.5;16.5;0.0
25;2021-05-28;3609;2674;0;200555;91913;0;37.2;17.0;0.0
25;2021-05-29;1888;1009;0;202443;92922;0;37.5;17.2;0.0
25;2021-05-30;183;91;0;202626;93013;0;37.6;17.2;0.0
25;2021-05-31;2389;1798;0;205015;94811;0;38.0;17.6;0.0
25;2021-06-01;2584;2201;0;207599;97012;0;38.5;18.0;0.0
25;2021-06-02;2608;2367;0;210207;99379;0;39.0;18.4;0.0
25;2021-06-03;3241;2144;0;213448;101523;0;39.6;18.8;0.0
25;2021-06-04;2975;2501;0;216423;104024;0;40.1;19.3;0.0
25;2021-06-05;1429;1430;0;217852;105454;0;40.4;19.5;0.0
25;2021-06-06;946;254;0;218798;105708;0;40.6;19.6;0.0
25;2021-06-07;2673;2617;0;221471;108325;0;41.1;20.1;0.0
25;2021-06-08;2594;2837;0;224065;111162;0;41.5;20.6;0.0
25;2021-06-09;2444;2785;0;226509;113947;0;42.0;21.1;0.0
25;2021-06-10;2405;2601;0;228914;116548;0;42.4;21.6;0.0
25;2021-06-11;2647;3356;0;231561;119904;0;42.9;22.2;0.0
25;2021-06-12;1546;1798;0;233107;121702;0;43.2;22.6;0.0
25;2021-06-13;446;246;0;233553;121948;0;43.3;22.6;0.0
25;2021-06-14;1405;3664;0;234958;125612;0;43.6;23.3;0.0
25;2021-06-15;1574;3459;0;236532;129071;0;43.8;23.9;0.0
25;2021-06-16;2036;3187;0;238568;132258;0;44.2;24.5;0.0
25;2021-06-17;1613;3242;0;240181;135500;0;44.5;25.1;0.0
25;2021-06-18;2266;4181;0;242447;139681;0;44.9;25.9;0.0
25;2021-06-19;1308;1935;0;243755;141616;0;45.2;26.3;0.0
25;2021-06-20;73;235;0;243828;141851;0;45.2;26.3;0.0
25;2021-06-21;1121;3906;0;244949;145757;0;45.4;27.0;0.0
25;2021-06-22;1170;4329;0;246119;150086;0;45.6;27.8;0.0
25;2021-06-23;1453;3837;0;247572;153923;0;45.9;28.5;0.0
25;2021-06-24;1281;3865;0;248853;157788;0;46.1;29.2;0.0
25;2021-06-25;1607;5285;0;250460;163073;0;46.4;30.2;0.0
25;2021-06-26;665;3034;0;251125;166107;0;46.6;30.8;0.0
25;2021-06-27;389;857;0;251514;166964;0;46.6;31.0;0.0
25;2021-06-28;882;4065;0;252396;171029;0;46.8;31.7;0.0
25;2021-06-29;1121;4895;0;253517;175924;0;47.0;32.6;0.0
25;2021-06-30;1306;5086;0;254823;181010;0;47.2;33.6;0.0
25;2021-07-01;1730;4922;0;256553;185932;0;47.6;34.5;0.0
25;2021-07-02;1730;4699;0;258283;190631;0;47.9;35.3;0.0
25;2021-07-03;1005;2480;0;259288;193111;0;48.1;35.8;0.0
25;2021-07-04;383;691;0;259671;193802;0;48.1;35.9;0.0
25;2021-07-05;1289;2503;0;260960;196305;0;48.4;36.4;0.0
25;2021-07-06;1562;4345;0;262522;200650;0;48.7;37.2;0.0
25;2021-07-07;1510;4117;0;264032;204767;0;48.9;38.0;0.0
25;2021-07-08;1551;3716;0;265583;208483;0;49.2;38.6;0.0
25;2021-07-09;1695;4193;0;267278;212676;0;49.5;39.4;0.0
25;2021-07-10;811;2177;0;268089;214853;0;49.7;39.8;0.0
25;2021-07-11;131;307;0;268220;215160;0;49.7;39.9;0.0
25;2021-07-12;1371;3657;0;269591;218817;0;50.0;40.6;0.0
25;2021-07-13;2409;4580;0;272000;223397;0;50.4;41.4;0.0
25;2021-07-14;480;580;0;272480;223977;0;50.5;41.5;0.0
25;2021-07-15;2586;3836;0;275066;227813;0;51.0;42.2;0.0
25;2021-07-16;3461;3801;0;278527;231614;0;51.6;42.9;0.0
25;2021-07-17;2303;2054;0;280830;233668;0;52.1;43.3;0.0
25;2021-07-18;857;1221;0;281687;234889;0;52.2;43.5;0.0
25;2021-07-19;2635;4142;0;284322;239031;0;52.7;44.3;0.0
25;2021-07-20;3436;3710;0;287758;242741;0;53.3;45.0;0.0
25;2021-07-21;3552;3574;0;291310;246315;0;54.0;45.7;0.0
25;2021-07-22;3514;3141;0;294824;249456;0;54.7;46.2;0.0
25;2021-07-23;3724;3386;0;298548;252842;0;55.3;46.9;0.0
25;2021-07-24;1643;2180;0;300191;255022;0;55.6;47.3;0.0
25;2021-07-25;606;608;0;300797;255630;0;55.8;47.4;0.0
25;2021-07-26;3055;2946;0;303852;258576;0;56.3;47.9;0.0
25;2021-07-27;3809;2164;0;307661;260740;0;57.0;48.3;0.0
25;2021-07-28;3793;2348;0;311454;263088;0;57.7;48.8;0.0
25;2021-07-29;4334;2241;0;315788;265329;0;58.5;49.2;0.0
25;2021-07-30;4184;2489;0;319972;267818;0;59.3;49.6;0.0
25;2021-07-31;1939;1465;0;321911;269283;0;59.7;49.9;0.0
25;2021-08-01;1174;209;0;323085;269492;0;59.9;50.0;0.0
25;2021-08-02;2761;2124;0;325846;271616;0;60.4;50.4;0.0
25;2021-08-03;2904;2193;0;328750;273809;0;60.9;50.8;0.0
25;2021-08-04;2997;1583;0;331747;275392;0;61.5;51.1;0.0
25;2021-08-05;2302;1812;0;334049;277204;0;61.9;51.4;0.0
25;2021-08-06;2351;2381;0;336400;279585;0;62.4;51.8;0.0
25;2021-08-07;1285;1166;0;337685;280751;0;62.6;52.0;0.0
25;2021-08-08;303;446;0;337988;281197;0;62.7;52.1;0.0
25;2021-08-09;2017;2268;0;340005;283465;0;63.0;52.5;0.0
25;2021-08-10;1962;2558;0;341967;286023;0;63.4;53.0;0.0
25;2021-08-11;1841;2144;0;343808;288167;0;63.7;53.4;0.0
25;2021-08-12;2194;2563;0;346002;290730;0;64.1;53.9;0.0
25;2021-08-13;1689;2192;0;347691;292922;0;64.5;54.3;0.0
25;2021-08-14;929;1826;0;348620;294748;0;64.6;54.6;0.0
25;2021-08-15;25;64;0;348645;294812;0;64.6;54.7;0.0
25;2021-08-16;1256;3239;0;349901;298051;0;64.9;55.3;0.0
25;2021-08-17;1438;3311;0;351339;301362;0;65.1;55.9;0.0
25;2021-08-18;1237;2906;0;352576;304268;0;65.4;56.4;0.0
25;2021-08-19;1014;2817;0;353590;307085;0;65.5;56.9;0.0
25;2021-08-20;1403;3677;0;354993;310762;0;65.8;57.6;0.0
25;2021-08-21;560;1782;0;355553;312544;0;65.9;57.9;0.0
25;2021-08-22;180;1082;0;355733;313626;0;65.9;58.1;0.0
25;2021-08-23;1073;3211;0;356806;316837;0;66.1;58.7;0.0
25;2021-08-24;1058;3172;0;357864;320009;0;66.3;59.3;0.0
25;2021-08-25;1019;3047;0;358883;323056;0;66.5;59.9;0.0
25;2021-08-26;1134;3142;0;360017;326198;0;66.7;60.5;0.0
25;2021-08-27;1163;3106;0;361180;329304;0;67.0;61.0;0.0
25;2021-08-28;547;1801;0;361727;331105;0;67.1;61.4;0.0
25;2021-08-29;129;461;0;361856;331566;0;67.1;61.5;0.0
25;2021-08-30;898;2732;37;362754;334298;37;67.2;62.0;0.0
25;2021-08-31;945;2308;110;363699;336606;147;67.4;62.4;0.0
25;2021-09-01;921;2283;334;364620;338889;481;67.6;62.8;0.1
25;2021-09-02;784;1710;272;365404;340599;753;67.7;63.1;0.1
25;2021-09-03;773;1855;309;366177;342454;1062;67.9;63.5;0.2
25;2021-09-04;622;1275;185;366799;343729;1247;68.0;63.7;0.2
25;2021-09-05;113;152;51;366912;343881;1298;68.0;63.7;0.2
25;2021-09-06;637;1361;489;367549;345242;1787;68.1;64.0;0.3
25;2021-09-07;520;1114;323;368069;346356;2110;68.2;64.2;0.4
25;2021-09-08;619;1582;399;368688;347938;2509;68.3;64.5;0.5
25;2021-09-09;444;1042;382;369132;348980;2891;68.4;64.7;0.5
25;2021-09-10;818;1610;436;369950;350590;3327;68.6;65.0;0.6
25;2021-09-11;374;1007;114;370324;351597;3441;68.6;65.2;0.6
25;2021-09-12;93;181;26;370417;351778;3467;68.7;65.2;0.6
25;2021-09-13;702;943;390;371119;352721;3857;68.8;65.4;0.7
25;2021-09-14;615;866;496;371734;353587;4353;68.9;65.5;0.8
25;2021-09-15;753;1476;438;372487;355063;4791;69.0;65.8;0.9
25;2021-09-16;514;807;419;373001;355870;5210;69.1;66.0;1.0
25;2021-09-17;727;1317;431;373728;357187;5641;69.3;66.2;1.0
25;2021-09-18;317;831;89;374045;358018;5730;69.3;66.4;1.1
25;2021-09-19;63;143;9;374108;358161;5739;69.4;66.4;1.1
25;2021-09-20;435;729;448;374543;358890;6187;69.4;66.5;1.1
25;2021-09-21;204;584;371;374747;359474;6558;69.5;66.6;1.2
25;2021-09-22;440;1148;484;375187;360622;7042;69.6;66.9;1.3
25;2021-09-23;244;481;335;375431;361103;7377;69.6;66.9;1.4
25;2021-09-24;487;1005;536;375918;362108;7913;69.7;67.1;1.5
25;2021-09-25;246;803;97;376164;362911;8010;69.7;67.3;1.5
25;2021-09-26;13;12;15;376177;362923;8025;69.7;67.3;1.5
25;2021-09-27;302;564;342;376479;363487;8367;69.8;67.4;1.6
25;2021-09-28;220;427;414;376699;363914;8781;69.8;67.5;1.6
25;2021-09-29;430;798;505;377129;364712;9286;69.9;67.6;1.7
25;2021-09-30;266;349;341;377395;365061;9627;70.0;67.7;1.8
25;2021-10-01;610;825;503;378005;365886;10130;70.1;67.8;1.9
25;2021-10-02;265;534;133;378270;366420;10263;70.1;67.9;1.9
25;2021-10-03;10;12;0;378280;366432;10263;70.1;67.9;1.9
25;2021-10-04;349;714;473;378629;367146;10736;70.2;68.1;2.0
25;2021-10-05;156;366;312;378785;367512;11048;70.2;68.1;2.0
25;2021-10-06;411;718;560;379196;368230;11608;70.3;68.3;2.2
25;2021-10-07;156;302;442;379352;368532;12050;70.3;68.3;2.2
25;2021-10-08;479;870;687;379831;369402;12737;70.4;68.5;2.4
25;2021-10-09;287;488;198;380118;369890;12935;70.5;68.6;2.4
25;2021-10-10;5;13;12;380123;369903;12947;70.5;68.6;2.4
25;2021-10-11;247;545;606;380370;370448;13553;70.5;68.7;2.5
25;2021-10-12;163;240;363;380533;370688;13916;70.5;68.7;2.6
25;2021-10-13;470;756;687;381003;371444;14603;70.6;68.9;2.7
25;2021-10-14;147;209;387;381150;371653;14990;70.7;68.9;2.8
25;2021-10-15;516;622;859;381666;372275;15849;70.8;69.0;2.9
25;2021-10-16;282;393;276;381948;372668;16125;70.8;69.1;3.0
25;2021-10-17;8;9;2;381956;372677;16127;70.8;69.1;3.0
25;2021-10-18;225;330;465;382181;373007;16592;70.8;69.1;3.1
25;2021-10-19;106;165;370;382287;373172;16962;70.9;69.2;3.1
25;2021-10-20;322;522;894;382609;373694;17856;70.9;69.3;3.3
25;2021-10-21;141;192;382;382750;373886;18238;71.0;69.3;3.4
25;2021-10-22;445;514;986;383195;374400;19224;71.0;69.4;3.6
25;2021-10-23;243;306;389;383438;374706;19613;71.1;69.5;3.6
25;2021-10-24;3;17;7;383441;374723;19620;71.1;69.5;3.6
25;2021-10-25;257;333;710;383698;375056;20330;71.1;69.5;3.8
25;2021-10-26;151;185;667;383849;375241;20997;71.2;69.6;3.9
25;2021-10-27;297;417;1057;384146;375658;22054;71.2;69.6;4.1
25;2021-10-28;94;131;388;384240;375789;22442;71.2;69.7;4.2
25;2021-10-29;343;454;1150;384583;376243;23592;71.3;69.7;4.4
25;2021-10-30;150;282;299;384733;376525;23891;71.3;69.8;4.4
25;2021-10-31;4;4;13;384737;376529;23904;71.3;69.8;4.4
25;2021-11-01;51;15;10;384788;376544;23914;71.3;69.8;4.4
25;2021-11-02;178;259;700;384966;376803;24614;71.4;69.8;4.6
25;2021-11-03;247;422;1260;385213;377225;25874;71.4;69.9;4.8
25;2021-11-04;135;169;676;385348;377394;26550;71.4;70.0;4.9
25;2021-11-05;282;451;1355;385630;377845;27905;71.5;70.0;5.2
25;2021-11-06;186;286;588;385816;378131;28493;71.5;70.1;5.3
25;2021-11-07;13;20;5;385829;378151;28498;71.5;70.1;5.3
25;2021-11-08;138;205;1018;385967;378356;29516;71.5;70.1;5.5
25;2021-11-09;106;157;1143;386073;378513;30659;71.6;70.2;5.7
25;2021-11-10;248;403;1762;386321;378916;32421;71.6;70.2;6.0
25;2021-11-11;2;23;10;386323;378939;32431;71.6;70.2;6.0
25;2021-11-12;278;456;1794;386601;379395;34225;71.7;70.3;6.3
25;2021-11-13;137;243;689;386738;379638;34914;71.7;70.4;6.5
25;2021-11-14;8;23;17;386746;379661;34931;71.7;70.4;6.5
25;2021-11-15;147;262;1694;386893;379923;36625;71.7;70.4;6.8
25;2021-11-16;145;180;1268;387038;380103;37893;71.7;70.5;7.0
25;2021-11-17;288;354;2214;387326;380457;40107;71.8;70.5;7.4
25;2021-11-18;100;128;1056;387426;380585;41163;71.8;70.6;7.6
25;2021-11-19;351;451;2313;387777;381036;43476;71.9;70.6;8.1
25;2021-11-20;220;264;855;387997;381300;44331;71.9;70.7;8.2
25;2021-11-21;5;13;9;388002;381313;44340;71.9;70.7;8.2
25;2021-11-22;228;168;1784;388230;381481;46124;72.0;70.7;8.6
25;2021-11-23;124;121;1420;388354;381602;47544;72.0;70.7;8.8
25;2021-11-24;289;339;2151;388643;381941;49695;72.0;70.8;9.2
25;2021-11-25;97;102;1177;388740;382043;50872;72.1;70.8;9.4
25;2021-11-26;318;347;3710;389058;382390;54582;72.1;70.9;10.1
25;2021-11-27;169;223;1315;389227;382613;55897;72.2;70.9;10.4
25;2021-11-28;5;20;37;389232;382633;55934;72.2;70.9;10.4
25;2021-11-29;177;186;3413;389409;382819;59347;72.2;71.0;11.0
25;2021-11-30;179;187;3729;389588;383006;63076;72.2;71.0;11.7
25;2021-12-01;184;271;4363;389772;383277;67439;72.3;71.0;12.5
25;2021-12-02;147;132;4610;389919;383409;72049;72.3;71.1;13.4
25;2021-12-03;198;339;5065;390117;383748;77114;72.3;71.1;14.3
25;2021-12-04;117;189;2056;390234;383937;79170;72.3;71.2;14.7
25;2021-12-05;6;12;78;390240;383949;79248;72.3;71.2;14.7
25;2021-12-06;142;175;4401;390382;384124;83649;72.4;71.2;15.5
25;2021-12-07;163;201;5527;390545;384325;89176;72.4;71.2;16.5
25;2021-12-08;199;318;5027;390744;384643;94203;72.4;71.3;17.5
25;2021-12-09;173;159;5237;390917;384802;99440;72.5;71.3;18.4
25;2021-12-10;170;299;6178;391087;385101;105618;72.5;71.4;19.6
25;2021-12-11;97;211;2905;391184;385312;108523;72.5;71.4;20.1
25;2021-12-12;13;26;235;391197;385338;108758;72.5;71.4;20.2
25;2021-12-13;130;223;4963;391327;385561;113721;72.5;71.5;21.1
25;2021-12-14;171;210;6066;391498;385771;119787;72.6;71.5;22.2
25;2021-12-15;168;353;5575;391666;386124;125362;72.6;71.6;23.2
25;2021-12-16;152;181;5954;391818;386305;131316;72.6;71.6;24.3
25;2021-12-17;230;352;6226;392048;386657;137542;72.7;71.7;25.5
25;2021-12-18;188;223;3403;392236;386880;140945;72.7;71.7;26.1
25;2021-12-19;10;18;450;392246;386898;141395;72.7;71.7;26.2
25;2021-12-20;231;237;5094;392477;387135;146489;72.8;71.8;27.2
25;2021-12-21;268;250;6358;392745;387385;152847;72.8;71.8;28.3
25;2021-12-22;259;296;4854;393004;387681;157701;72.9;71.9;29.2
25;2021-12-23;233;185;3570;393237;387866;161271;72.9;71.9;29.9
25;2021-12-24;26;57;355;393263;387923;161626;72.9;71.9;30.0
25;2021-12-25;4;13;51;393267;387936;161677;72.9;71.9;30.0
25;2021-12-26;5;18;64;393272;387954;161741;72.9;71.9;30.0
26;2020-12-27;0;0;0;0;0;0;0.0;0.0;0.0
26;2020-12-28;0;0;0;0;0;0;0.0;0.0;0.0
26;2020-12-29;0;0;0;0;0;0;0.0;0.0;0.0
26;2020-12-30;0;0;0;0;0;0;0.0;0.0;0.0
26;2020-12-31;0;0;0;0;0;0;0.0;0.0;0.0
26;2021-01-01;2;0;0;2;0;0;0.0;0.0;0.0
26;2021-01-02;0;0;0;2;0;0;0.0;0.0;0.0
26;2021-01-03;1;0;0;3;0;0;0.0;0.0;0.0
26;2021-01-04;0;0;0;3;0;0;0.0;0.0;0.0
26;2021-01-05;0;0;0;3;0;0;0.0;0.0;0.0
26;2021-01-06;4;0;0;7;0;0;0.0;0.0;0.0
26;2021-01-07;176;0;0;183;0;0;0.0;0.0;0.0
26;2021-01-08;133;0;0;316;0;0;0.1;0.0;0.0
26;2021-01-09;5;0;0;321;0;0;0.1;0.0;0.0
26;2021-01-10;0;0;0;321;0;0;0.1;0.0;0.0
26;2021-01-11;256;2;0;577;2;0;0.1;0.0;0.0
26;2021-01-12;206;1;0;783;3;0;0.2;0.0;0.0
26;2021-01-13;409;1;0;1192;4;0;0.2;0.0;0.0
26;2021-01-14;501;1;0;1693;5;0;0.3;0.0;0.0
26;2021-01-15;537;2;0;2230;7;0;0.4;0.0;0.0
26;2021-01-16;237;1;0;2467;8;0;0.5;0.0;0.0
26;2021-01-17;0;0;0;2467;8;0;0.5;0.0;0.0
26;2021-01-18;636;2;0;3103;10;0;0.6;0.0;0.0
26;2021-01-19;788;3;0;3891;13;0;0.7;0.0;0.0
26;2021-01-20;794;2;0;4685;15;0;0.9;0.0;0.0
26;2021-01-21;794;2;0;5479;17;0;1.1;0.0;0.0
26;2021-01-22;732;2;0;6211;19;0;1.2;0.0;0.0
26;2021-01-23;473;1;0;6684;20;0;1.3;0.0;0.0
26;2021-01-24;15;0;0;6699;20;0;1.3;0.0;0.0
26;2021-01-25;624;1;0;7323;21;0;1.4;0.0;0.0
26;2021-01-26;769;6;0;8092;27;0;1.6;0.0;0.0
26;2021-01-27;815;9;0;8907;36;0;1.7;0.0;0.0
26;2021-01-28;1259;169;0;10166;205;0;2.0;0.0;0.0
26;2021-01-29;928;68;0;11094;273;0;2.1;0.1;0.0
26;2021-01-30;552;8;0;11646;281;0;2.2;0.1;0.0
26;2021-01-31;11;0;0;11657;281;0;2.2;0.1;0.0
26;2021-02-01;643;172;0;12300;453;0;2.4;0.1;0.0
26;2021-02-02;1214;211;0;13514;664;0;2.6;0.1;0.0
26;2021-02-03;1214;291;0;14728;955;0;2.8;0.2;0.0
26;2021-02-04;944;437;0;15672;1392;0;3.0;0.3;0.0
26;2021-02-05;633;325;0;16305;1717;0;3.1;0.3;0.0
26;2021-02-06;324;219;0;16629;1936;0;3.2;0.4;0.0
26;2021-02-07;36;3;0;16665;1939;0;3.2;0.4;0.0
26;2021-02-08;516;402;0;17181;2341;0;3.3;0.4;0.0
26;2021-02-09;581;439;0;17762;2780;0;3.4;0.5;0.0
26;2021-02-10;652;373;0;18414;3153;0;3.5;0.6;0.0
26;2021-02-11;730;344;0;19144;3497;0;3.7;0.7;0.0
26;2021-02-12;561;444;0;19705;3941;0;3.8;0.8;0.0
26;2021-02-13;317;303;0;20022;4244;0;3.8;0.8;0.0
26;2021-02-14;31;2;0;20053;4246;0;3.9;0.8;0.0
26;2021-02-15;381;508;0;20434;4754;0;3.9;0.9;0.0
26;2021-02-16;294;527;0;20728;5281;0;4.0;1.0;0.0
26;2021-02-17;238;733;0;20966;6014;0;4.0;1.2;0.0
26;2021-02-18;401;897;0;21367;6911;0;4.1;1.3;0.0
26;2021-02-19;342;811;0;21709;7722;0;4.2;1.5;0.0
26;2021-02-20;86;441;0;21795;8163;0;4.2;1.6;0.0
26;2021-02-21;3;12;0;21798;8175;0;4.2;1.6;0.0
26;2021-02-22;160;648;0;21958;8823;0;4.2;1.7;0.0
26;2021-02-23;393;964;0;22351;9787;0;4.3;1.9;0.0
26;2021-02-24;376;1153;0;22727;10940;0;4.4;2.1;0.0
26;2021-02-25;678;1001;0;23405;11941;0;4.5;2.3;0.0
26;2021-02-26;859;608;0;24264;12549;0;4.7;2.4;0.0
26;2021-02-27;304;434;0;24568;12983;0;4.7;2.5;0.0
26;2021-02-28;11;17;0;24579;13000;0;4.7;2.5;0.0
26;2021-03-01;462;628;0;25041;13628;0;4.8;2.6;0.0
26;2021-03-02;682;631;0;25723;14259;0;4.9;2.7;0.0
26;2021-03-03;712;677;0;26435;14936;0;5.1;2.9;0.0
26;2021-03-04;994;559;0;27429;15495;0;5.3;3.0;0.0
26;2021-03-05;1697;517;0;29126;16012;0;5.6;3.1;0.0
26;2021-03-06;2576;437;0;31702;16449;0;6.1;3.2;0.0
26;2021-03-07;2584;196;0;34286;16645;0;6.6;3.2;0.0
26;2021-03-08;898;614;0;35184;17259;0;6.8;3.3;0.0
26;2021-03-09;1299;553;0;36483;17812;0;7.0;3.4;0.0
26;2021-03-10;1193;499;0;37676;18311;0;7.2;3.5;0.0
26;2021-03-11;1534;624;0;39210;18935;0;7.5;3.6;0.0
26;2021-03-12;2172;499;0;41382;19434;0;7.9;3.7;0.0
26;2021-03-13;1769;288;0;43151;19722;0;8.3;3.8;0.0
26;2021-03-14;66;27;0;43217;19749;0;8.3;3.8;0.0
26;2021-03-15;1565;257;0;44782;20006;0;8.6;3.8;0.0
26;2021-03-16;1164;490;0;45946;20496;0;8.8;3.9;0.0
26;2021-03-17;1318;329;0;47264;20825;0;9.1;4.0;0.0
26;2021-03-18;1527;306;0;48791;21131;0;9.4;4.1;0.0
26;2021-03-19;2351;358;0;51142;21489;0;9.8;4.1;0.0
26;2021-03-20;1199;138;0;52341;21627;0;10.1;4.2;0.0
26;2021-03-21;63;21;0;52404;21648;0;10.1;4.2;0.0
26;2021-03-22;1729;215;0;54133;21863;0;10.4;4.2;0.0
26;2021-03-23;2469;324;0;56602;22187;0;10.9;4.3;0.0
26;2021-03-24;2494;278;0;59096;22465;0;11.4;4.3;0.0
26;2021-03-25;2972;346;0;62068;22811;0;11.9;4.4;0.0
26;2021-03-26;2941;359;0;65009;23170;0;12.5;4.5;0.0
26;2021-03-27;1131;152;0;66140;23322;0;12.7;4.5;0.0
26;2021-03-28;78;5;0;66218;23327;0;12.7;4.5;0.0
26;2021-03-29;1785;425;0;68003;23752;0;13.1;4.6;0.0
26;2021-03-30;2226;498;0;70229;24250;0;13.5;4.7;0.0
26;2021-03-31;2344;568;0;72573;24818;0;13.9;4.8;0.0
26;2021-04-01;2186;762;0;74759;25580;0;14.4;4.9;0.0
26;2021-04-02;2173;934;0;76932;26514;0;14.8;5.1;0.0
26;2021-04-03;511;980;0;77443;27494;0;14.9;5.3;0.0
26;2021-04-04;205;737;0;77648;28231;0;14.9;5.4;0.0
26;2021-04-05;472;47;0;78120;28278;0;15.0;5.4;0.0
26;2021-04-06;1446;782;0;79566;29060;0;15.3;5.6;0.0
26;2021-04-07;1754;873;0;81320;29933;0;15.6;5.8;0.0
26;2021-04-08;2949;950;0;84269;30883;0;16.2;5.9;0.0
26;2021-04-09;3414;996;0;87683;31879;0;16.8;6.1;0.0
26;2021-04-10;1258;823;0;88941;32702;0;17.1;6.3;0.0
26;2021-04-11;95;31;0;89036;32733;0;17.1;6.3;0.0
26;2021-04-12;1715;1077;0;90751;33810;0;17.4;6.5;0.0
26;2021-04-13;2676;1461;0;93427;35271;0;17.9;6.8;0.0
26;2021-04-14;2247;1412;0;95674;36683;0;18.4;7.0;0.0
26;2021-04-15;2291;1523;0;97965;38206;0;18.8;7.3;0.0
26;2021-04-16;2222;1560;0;100187;39766;0;19.2;7.6;0.0
26;2021-04-17;995;751;0;101182;40517;0;19.4;7.8;0.0
26;2021-04-18;65;46;0;101247;40563;0;19.4;7.8;0.0
26;2021-04-19;1453;1474;0;102700;42037;0;19.7;8.1;0.0
26;2021-04-20;1685;1740;0;104385;43777;0;20.1;8.4;0.0
26;2021-04-21;1865;1440;0;106250;45217;0;20.4;8.7;0.0
26;2021-04-22;2292;1577;0;108542;46794;0;20.9;9.0;0.0
26;2021-04-23;1959;1554;0;110501;48348;0;21.2;9.3;0.0
26;2021-04-24;1388;758;0;111889;49106;0;21.5;9.4;0.0
26;2021-04-25;510;81;0;112399;49187;0;21.6;9.4;0.0
26;2021-04-26;1307;1443;0;113706;50630;0;21.8;9.7;0.0
26;2021-04-27;1832;1653;0;115538;52283;0;22.2;10.0;0.0
26;2021-04-28;1782;1742;0;117320;54025;0;22.5;10.4;0.0
26;2021-04-29;2737;1888;0;120057;55913;0;23.1;10.7;0.0
26;2021-04-30;2598;1814;0;122655;57727;0;23.6;11.1;0.0
26;2021-05-01;1292;335;0;123947;58062;0;23.8;11.2;0.0
26;2021-05-02;910;116;0;124857;58178;0;24.0;11.2;0.0
26;2021-05-03;2020;1695;0;126877;59873;0;24.4;11.5;0.0
26;2021-05-04;2488;2250;0;129365;62123;0;24.9;11.9;0.0
26;2021-05-05;2520;2088;0;131885;64211;0;25.3;12.3;0.0
26;2021-05-06;3129;2137;0;135014;66348;0;25.9;12.7;0.0
26;2021-05-07;2615;2322;0;137629;68670;0;26.4;13.2;0.0
26;2021-05-08;1802;506;0;139431;69176;0;26.8;13.3;0.0
26;2021-05-09;589;121;0;140020;69297;0;26.9;13.3;0.0
26;2021-05-10;2698;1832;0;142718;71129;0;27.4;13.7;0.0
26;2021-05-11;3981;2216;0;146699;73345;0;28.2;14.1;0.0
26;2021-05-12;4193;1785;0;150892;75130;0;29.0;14.4;0.0
26;2021-05-13;3713;527;0;154605;75657;0;29.7;14.5;0.0
26;2021-05-14;3985;1457;0;158590;77114;0;30.5;14.8;0.0
26;2021-05-15;3468;545;0;162058;77659;0;31.1;14.9;0.0
26;2021-05-16;2791;281;0;164849;77940;0;31.7;15.0;0.0
26;2021-05-17;3141;1418;0;167990;79358;0;32.3;15.2;0.0
26;2021-05-18;3859;1657;0;171849;81015;0;33.0;15.6;0.0
26;2021-05-19;3802;1377;0;175651;82392;0;33.7;15.8;0.0
26;2021-05-20;3992;1675;0;179643;84067;0;34.5;16.1;0.0
26;2021-05-21;3984;1772;0;183627;85839;0;35.3;16.5;0.0
26;2021-05-22;2422;623;0;186049;86462;0;35.7;16.6;0.0
26;2021-05-23;1223;153;0;187272;86615;0;36.0;16.6;0.0
26;2021-05-24;2948;601;0;190220;87216;0;36.5;16.8;0.0
26;2021-05-25;2974;2298;0;193194;89514;0;37.1;17.2;0.0
26;2021-05-26;3354;2167;0;196548;91681;0;37.8;17.6;0.0
26;2021-05-27;3576;2327;0;200124;94008;0;38.4;18.1;0.0
26;2021-05-28;3143;2620;0;203267;96628;0;39.0;18.6;0.0
26;2021-05-29;2223;1434;0;205490;98062;0;39.5;18.8;0.0
26;2021-05-30;367;88;0;205857;98150;0;39.5;18.9;0.0
26;2021-05-31;2490;1768;0;208347;99918;0;40.0;19.2;0.0
26;2021-06-01;2891;2173;0;211238;102091;0;40.6;19.6;0.0
26;2021-06-02;2508;2085;0;213746;104176;0;41.1;20.0;0.0
26;2021-06-03;2676;2294;0;216422;106470;0;41.6;20.5;0.0
26;2021-06-04;2578;2720;0;219000;109190;0;42.1;21.0;0.0
26;2021-06-05;1433;1431;0;220433;110621;0;42.3;21.3;0.0
26;2021-06-06;81;39;0;220514;110660;0;42.4;21.3;0.0
26;2021-06-07;2029;2233;0;222543;112893;0;42.8;21.7;0.0
26;2021-06-08;2266;2097;0;224809;114990;0;43.2;22.1;0.0
26;2021-06-09;1880;2164;0;226689;117154;0;43.5;22.5;0.0
26;2021-06-10;1821;2542;0;228510;119696;0;43.9;23.0;0.0
26;2021-06-11;1717;2972;0;230227;122668;0;44.2;23.6;0.0
26;2021-06-12;1096;1593;0;231323;124261;0;44.4;23.9;0.0
26;2021-06-13;130;211;0;231453;124472;0;44.5;23.9;0.0
26;2021-06-14;1250;3203;0;232703;127675;0;44.7;24.5;0.0
26;2021-06-15;1481;3666;0;234184;131341;0;45.0;25.2;0.0
26;2021-06-16;1637;3216;0;235821;134557;0;45.3;25.8;0.0
26;2021-06-17;1450;2922;0;237271;137479;0;45.6;26.4;0.0
26;2021-06-18;1660;3982;0;238931;141461;0;45.9;27.2;0.0
26;2021-06-19;864;2717;0;239795;144178;0;46.1;27.7;0.0
26;2021-06-20;250;749;0;240045;144927;0;46.1;27.8;0.0
26;2021-06-21;895;4013;0;240940;148940;0;46.3;28.6;0.0
26;2021-06-22;981;4703;0;241921;153643;0;46.5;29.5;0.0
26;2021-06-23;1133;4422;1;243054;158065;1;46.7;30.4;0.0
26;2021-06-24;1253;3987;0;244307;162052;1;46.9;31.1;0.0
26;2021-06-25;1035;4802;0;245342;166854;1;47.1;32.1;0.0
26;2021-06-26;629;3129;0;245971;169983;1;47.3;32.7;0.0
26;2021-06-27;289;1107;0;246260;171090;1;47.3;32.9;0.0
26;2021-06-28;757;4117;0;247017;175207;1;47.5;33.7;0.0
26;2021-06-29;1004;4359;0;248021;179566;1;47.6;34.5;0.0
26;2021-06-30;1352;4190;0;249373;183756;1;47.9;35.3;0.0
26;2021-07-01;1629;3890;0;251002;187646;1;48.2;36.0;0.0
26;2021-07-02;1330;4507;0;252332;192153;1;48.5;36.9;0.0
26;2021-07-03;663;2568;0;252995;194721;1;48.6;37.4;0.0
26;2021-07-04;270;487;0;253265;195208;1;48.7;37.5;0.0
26;2021-07-05;868;3857;0;254133;199065;1;48.8;38.2;0.0
26;2021-07-06;1244;3724;0;255377;202789;1;49.1;39.0;0.0
26;2021-07-07;1394;3327;0;256771;206116;1;49.3;39.6;0.0
26;2021-07-08;2193;3039;0;258964;209155;1;49.7;40.2;0.0
26;2021-07-09;1489;4102;0;260453;213257;1;50.0;41.0;0.0
26;2021-07-10;804;2210;0;261257;215467;1;50.2;41.4;0.0
26;2021-07-11;262;283;0;261519;215750;1;50.2;41.4;0.0
26;2021-07-12;1043;3612;0;262562;219362;1;50.4;42.1;0.0
26;2021-07-13;2118;4097;0;264680;223459;1;50.8;42.9;0.0
26;2021-07-14;848;730;0;265528;224189;1;51.0;43.1;0.0
26;2021-07-15;2884;3413;0;268412;227602;1;51.6;43.7;0.0
26;2021-07-16;2806;3319;0;271218;230921;1;52.1;44.4;0.0
26;2021-07-17;1661;1519;0;272879;232440;1;52.4;44.7;0.0
26;2021-07-18;206;111;0;273085;232551;1;52.5;44.7;0.0
26;2021-07-19;2373;2843;0;275458;235394;1;52.9;45.2;0.0
26;2021-07-20;3306;3302;0;278764;238696;1;53.6;45.9;0.0
26;2021-07-21;3131;2802;0;281895;241498;1;54.2;46.4;0.0
26;2021-07-22;3602;2714;0;285497;244212;1;54.8;46.9;0.0
26;2021-07-23;3433;3063;0;288930;247275;1;55.5;47.5;0.0
26;2021-07-24;2037;1210;0;290967;248485;1;55.9;47.7;0.0
26;2021-07-25;461;112;0;291428;248597;1;56.0;47.8;0.0
26;2021-07-26;3058;2312;0;294486;250909;1;56.6;48.2;0.0
26;2021-07-27;4379;2529;0;298865;253438;1;57.4;48.7;0.0
26;2021-07-28;3931;2165;0;302796;255603;1;58.2;49.1;0.0
26;2021-07-29;3486;2613;0;306282;258216;1;58.8;49.6;0.0
26;2021-07-30;3169;2448;0;309451;260664;1;59.4;50.1;0.0
26;2021-07-31;1104;991;0;310555;261655;1;59.7;50.3;0.0
26;2021-08-01;401;128;0;310956;261783;1;59.7;50.3;0.0
26;2021-08-02;2638;2098;0;313594;263881;1;60.2;50.7;0.0
26;2021-08-03;3163;2122;0;316757;266003;1;60.8;51.1;0.0
26;2021-08-04;3553;1757;0;320310;267760;1;61.5;51.4;0.0
26;2021-08-05;2946;1953;0;323256;269713;1;62.1;51.8;0.0
26;2021-08-06;2945;2399;1;326201;272112;2;62.7;52.3;0.0
26;2021-08-07;682;746;0;326883;272858;2;62.8;52.4;0.0
26;2021-08-08;68;73;0;326951;272931;2;62.8;52.4;0.0
26;2021-08-09;2006;2561;0;328957;275492;2;63.2;52.9;0.0
26;2021-08-10;2298;2745;0;331255;278237;2;63.6;53.4;0.0
26;2021-08-11;2060;2433;0;333315;280670;2;64.0;53.9;0.0
26;2021-08-12;1779;2352;0;335094;283022;2;64.4;54.4;0.0
26;2021-08-13;1707;2232;0;336801;285254;2;64.7;54.8;0.0
26;2021-08-14;409;847;0;337210;286101;2;64.8;55.0;0.0
26;2021-08-15;42;61;0;337252;286162;2;64.8;55.0;0.0
26;2021-08-16;1129;2777;0;338381;288939;2;65.0;55.5;0.0
26;2021-08-17;1633;2915;0;340014;291854;2;65.3;56.1;0.0
26;2021-08-18;1560;3066;0;341574;294920;2;65.6;56.7;0.0
26;2021-08-19;1526;2736;0;343100;297656;2;65.9;57.2;0.0
26;2021-08-20;1311;2696;0;344411;300352;2;66.2;57.7;0.0
26;2021-08-21;528;999;0;344939;301351;2;66.3;57.9;0.0
26;2021-08-22;67;339;0;345006;301690;2;66.3;58.0;0.0
26;2021-08-23;1430;3124;0;346436;304814;2;66.6;58.6;0.0
26;2021-08-24;1631;3337;0;348067;308151;2;66.9;59.2;0.0
26;2021-08-25;1458;3293;0;349525;311444;2;67.1;59.8;0.0
26;2021-08-26;1367;3013;0;350892;314457;2;67.4;60.4;0.0
26;2021-08-27;1464;3309;0;352356;317766;2;67.7;61.0;0.0
26;2021-08-28;393;1057;0;352749;318823;2;67.8;61.2;0.0
26;2021-08-29;22;64;0;352771;318887;2;67.8;61.3;0.0
26;2021-08-30;1365;2957;61;354136;321844;63;68.0;61.8;0.0
26;2021-08-31;1256;3166;123;355392;325010;186;68.3;62.4;0.0
26;2021-09-01;1365;2459;215;356757;327469;401;68.5;62.9;0.1
26;2021-09-02;1078;1888;260;357835;329357;661;68.7;63.3;0.1
26;2021-09-03;1076;2446;277;358911;331803;938;68.9;63.7;0.2
26;2021-09-04;406;703;84;359317;332506;1022;69.0;63.9;0.2
26;2021-09-05;46;49;10;359363;332555;1032;69.0;63.9;0.2
26;2021-09-06;672;1383;380;360035;333938;1412;69.2;64.1;0.3
26;2021-09-07;773;1561;335;360808;335499;1747;69.3;64.4;0.3
26;2021-09-08;819;1683;286;361627;337182;2033;69.5;64.8;0.4
26;2021-09-09;585;1348;319;362212;338530;2352;69.6;65.0;0.5
26;2021-09-10;776;1740;313;362988;340270;2665;69.7;65.4;0.5
26;2021-09-11;306;698;81;363294;340968;2746;69.8;65.5;0.5
26;2021-09-12;14;24;2;363308;340992;2748;69.8;65.5;0.5
26;2021-09-13;536;1203;415;363844;342195;3163;69.9;65.7;0.6
26;2021-09-14;676;1279;423;364520;343474;3586;70.0;66.0;0.7
26;2021-09-15;683;1709;470;365203;345183;4056;70.2;66.3;0.8
26;2021-09-16;525;977;421;365728;346160;4477;70.3;66.5;0.9
26;2021-09-17;611;1650;424;366339;347810;4901;70.4;66.8;0.9
26;2021-09-18;233;660;100;366572;348470;5001;70.4;66.9;1.0
26;2021-09-19;5;36;1;366577;348506;5002;70.4;66.9;1.0
26;2021-09-20;324;1013;492;366901;349519;5494;70.5;67.1;1.1
26;2021-09-21;371;966;425;367272;350485;5919;70.6;67.3;1.1
26;2021-09-22;394;1406;455;367666;351891;6374;70.6;67.6;1.2
26;2021-09-23;352;773;265;368018;352664;6639;70.7;67.7;1.3
26;2021-09-24;431;1357;478;368449;354021;7117;70.8;68.0;1.4
26;2021-09-25;161;536;69;368610;354557;7186;70.8;68.1;1.4
26;2021-09-26;11;30;1;368621;354587;7187;70.8;68.1;1.4
26;2021-09-27;289;730;389;368910;355317;7576;70.9;68.3;1.5
26;2021-09-28;223;633;325;369133;355950;7901;70.9;68.4;1.5
26;2021-09-29;353;1019;338;369486;356969;8239;71.0;68.6;1.6
26;2021-09-30;231;573;461;369717;357542;8700;71.0;68.7;1.7
26;2021-10-01;460;936;564;370177;358478;9264;71.1;68.9;1.8
26;2021-10-02;189;308;99;370366;358786;9363;71.1;68.9;1.8
26;2021-10-03;11;19;3;370377;358805;9366;71.1;68.9;1.8
26;2021-10-04;314;577;554;370691;359382;9920;71.2;69.0;1.9
26;2021-10-05;162;512;536;370853;359894;10456;71.2;69.1;2.0
26;2021-10-06;386;784;575;371239;360678;11031;71.3;69.3;2.1
26;2021-10-07;197;423;472;371436;361101;11503;71.4;69.4;2.2
26;2021-10-08;373;807;670;371809;361908;12173;71.4;69.5;2.3
26;2021-10-09;181;276;165;371990;362184;12338;71.5;69.6;2.4
26;2021-10-10;2;22;3;371992;362206;12341;71.5;69.6;2.4
26;2021-10-11;243;498;763;372235;362704;13104;71.5;69.7;2.5
26;2021-10-12;200;358;548;372435;363062;13652;71.5;69.7;2.6
26;2021-10-13;301;565;684;372736;363627;14336;71.6;69.9;2.8
26;2021-10-14;213;411;594;372949;364038;14930;71.6;69.9;2.9
26;2021-10-15;383;588;816;373332;364626;15746;71.7;70.0;3.0
26;2021-10-16;168;166;178;373500;364792;15924;71.7;70.1;3.1
26;2021-10-17;7;13;13;373507;364805;15937;71.8;70.1;3.1
26;2021-10-18;226;368;758;373733;365173;16695;71.8;70.2;3.2
26;2021-10-19;90;201;529;373823;365374;17224;71.8;70.2;3.3
26;2021-10-20;174;356;708;373997;365730;17932;71.8;70.3;3.4
26;2021-10-21;144;305;887;374141;366035;18819;71.9;70.3;3.6
26;2021-10-22;146;450;826;374287;366485;19645;71.9;70.4;3.8
26;2021-10-23;75;122;122;374362;366607;19767;71.9;70.4;3.8
26;2021-10-24;3;16;12;374365;366623;19779;71.9;70.4;3.8
26;2021-10-25;151;334;888;374516;366957;20667;71.9;70.5;4.0
26;2021-10-26;105;158;649;374621;367115;21316;72.0;70.5;4.1
26;2021-10-27;160;364;902;374781;367479;22218;72.0;70.6;4.3
26;2021-10-28;148;204;952;374929;367683;23170;72.0;70.6;4.5
26;2021-10-29;147;343;877;375076;368026;24047;72.1;70.7;4.6
26;2021-10-30;54;126;309;375130;368152;24356;72.1;70.7;4.7
26;2021-10-31;1;3;3;375131;368155;24359;72.1;70.7;4.7
26;2021-11-01;19;8;16;375150;368163;24375;72.1;70.7;4.7
26;2021-11-02;86;216;729;375236;368379;25104;72.1;70.8;4.8
26;2021-11-03;152;409;1123;375388;368788;26227;72.1;70.8;5.0
26;2021-11-04;106;216;1178;375494;369004;27405;72.1;70.9;5.3
26;2021-11-05;152;294;963;375646;369298;28368;72.2;70.9;5.4
26;2021-11-06;76;158;331;375722;369456;28699;72.2;71.0;5.5
26;2021-11-07;0;12;4;375722;369468;28703;72.2;71.0;5.5
26;2021-11-08;101;255;1250;375823;369723;29953;72.2;71.0;5.8
26;2021-11-09;96;168;1073;375919;369891;31026;72.2;71.1;6.0
26;2021-11-10;167;253;1739;376086;370144;32765;72.2;71.1;6.3
26;2021-11-11;11;16;20;376097;370160;32785;72.2;71.1;6.3
26;2021-11-12;122;236;1390;376219;370396;34175;72.3;71.2;6.6
26;2021-11-13;48;85;428;376267;370481;34603;72.3;71.2;6.6
26;2021-11-14;4;7;4;376271;370488;34607;72.3;71.2;6.6
26;2021-11-15;136;168;1794;376407;370656;36401;72.3;71.2;7.0
26;2021-11-16;116;156;1707;376523;370812;38108;72.3;71.2;7.3
26;2021-11-17;202;245;1836;376725;371057;39944;72.4;71.3;7.7
26;2021-11-18;117;157;1685;376842;371214;41629;72.4;71.3;8.0
26;2021-11-19;158;177;1652;377000;371391;43281;72.4;71.3;8.3
26;2021-11-20;88;102;709;377088;371493;43990;72.4;71.4;8.5
26;2021-11-21;16;21;262;377104;371514;44252;72.4;71.4;8.5
26;2021-11-22;91;76;1768;377195;371590;46020;72.5;71.4;8.8
26;2021-11-23;122;115;2078;377317;371705;48098;72.5;71.4;9.2
26;2021-11-24;170;176;2111;377487;371881;50209;72.5;71.4;9.6
26;2021-11-25;137;125;2198;377624;372006;52407;72.5;71.5;10.1
26;2021-11-26;174;193;2973;377798;372199;55380;72.6;71.5;10.6
26;2021-11-27;82;115;1023;377880;372314;56403;72.6;71.5;10.8
26;2021-11-28;3;6;33;377883;372320;56436;72.6;71.5;10.8
26;2021-11-29;89;109;3122;377972;372429;59558;72.6;71.5;11.4
26;2021-11-30;118;105;3588;378090;372534;63146;72.6;71.6;12.1
26;2021-12-01;130;172;4243;378220;372706;67389;72.7;71.6;12.9
26;2021-12-02;101;110;3855;378321;372816;71244;72.7;71.6;13.7
26;2021-12-03;101;152;4542;378422;372968;75786;72.7;71.6;14.6
26;2021-12-04;75;75;1915;378497;373043;77701;72.7;71.7;14.9
26;2021-12-05;13;25;841;378510;373068;78542;72.7;71.7;15.1
26;2021-12-06;102;167;4151;378612;373235;82693;72.7;71.7;15.9
26;2021-12-07;128;158;5415;378740;373393;88108;72.8;71.7;16.9
26;2021-12-08;159;193;5549;378899;373586;93657;72.8;71.8;18.0
26;2021-12-09;136;144;5985;379035;373730;99642;72.8;71.8;19.1
26;2021-12-10;121;161;6108;379156;373891;105750;72.8;71.8;20.3
26;2021-12-11;86;78;2736;379242;373969;108486;72.9;71.8;20.8
26;2021-12-12;23;12;464;379265;373981;108950;72.9;71.8;20.9
26;2021-12-13;116;150;5417;379381;374131;114367;72.9;71.9;22.0
26;2021-12-14;144;170;6691;379525;374301;121058;72.9;71.9;23.3
26;2021-12-15;162;197;6235;379687;374498;127293;72.9;71.9;24.5
26;2021-12-16;156;176;6548;379843;374674;133841;73.0;72.0;25.7
26;2021-12-17;144;206;6340;379987;374880;140181;73.0;72.0;26.9
26;2021-12-18;188;147;4313;380175;375027;144494;73.0;72.0;27.8
26;2021-12-19;101;45;2353;380276;375072;146847;73.1;72.1;28.2
26;2021-12-20;163;184;4980;380439;375256;151827;73.1;72.1;29.2
26;2021-12-21;201;161;5375;380640;375417;157202;73.1;72.1;30.2
26;2021-12-22;170;142;4310;380810;375559;161512;73.2;72.1;31.0
26;2021-12-23;170;104;3315;380980;375663;164827;73.2;72.2;31.7
26;2021-12-24;58;39;796;381038;375702;165623;73.2;72.2;31.8
26;2021-12-25;0;7;25;381038;375709;165648;73.2;72.2;31.8
26;2021-12-26;3;8;76;381041;375717;165724;73.2;72.2;31.8
27;2020-12-27;0;0;0;0;0;0;0.0;0.0;0.0
27;2020-12-28;0;0;0;0;0;0;0.0;0.0;0.0
27;2020-12-29;1;0;0;1;0;0;0.0;0.0;0.0
27;2020-12-30;0;0;0;1;0;0;0.0;0.0;0.0
27;2020-12-31;0;0;0;1;0;0;0.0;0.0;0.0
27;2021-01-01;0;0;0;1;0;0;0.0;0.0;0.0
27;2021-01-02;0;0;0;1;0;0;0.0;0.0;0.0
27;2021-01-03;1;0;0;2;0;0;0.0;0.0;0.0
27;2021-01-04;4;0;0;6;0;0;0.0;0.0;0.0
27;2021-01-05;23;0;0;29;0;0;0.0;0.0;0.0
27;2021-01-06;200;0;0;229;0;0;0.0;0.0;0.0
27;2021-01-07;465;0;0;694;0;0;0.1;0.0;0.0
27;2021-01-08;501;3;0;1195;3;0;0.2;0.0;0.0
27;2021-01-09;92;2;0;1287;5;0;0.2;0.0;0.0
27;2021-01-10;103;0;0;1390;5;0;0.2;0.0;0.0
27;2021-01-11;406;0;0;1796;5;0;0.3;0.0;0.0
27;2021-01-12;492;2;0;2288;7;0;0.4;0.0;0.0
27;2021-01-13;844;3;0;3132;10;0;0.5;0.0;0.0
27;2021-01-14;1646;32;0;4778;42;0;0.8;0.0;0.0
27;2021-01-15;1218;8;0;5996;50;0;1.0;0.0;0.0
27;2021-01-16;309;2;0;6305;52;0;1.0;0.0;0.0
27;2021-01-17;220;2;0;6525;54;0;1.1;0.0;0.0
27;2021-01-18;788;5;0;7313;59;0;1.2;0.0;0.0
27;2021-01-19;871;5;0;8184;64;0;1.4;0.0;0.0
27;2021-01-20;906;1;0;9090;65;0;1.5;0.0;0.0
27;2021-01-21;710;6;0;9800;71;0;1.6;0.0;0.0
27;2021-01-22;807;6;0;10607;77;0;1.8;0.0;0.0
27;2021-01-23;328;0;0;10935;77;0;1.8;0.0;0.0
27;2021-01-24;137;4;0;11072;81;0;1.8;0.0;0.0
27;2021-01-25;621;16;0;11693;97;0;1.9;0.0;0.0
27;2021-01-26;546;27;0;12239;124;0;2.0;0.0;0.0
27;2021-01-27;569;133;0;12808;257;0;2.1;0.0;0.0
27;2021-01-28;593;339;0;13401;596;0;2.2;0.1;0.0
27;2021-01-29;530;146;0;13931;742;0;2.3;0.1;0.0
27;2021-01-30;224;29;0;14155;771;0;2.4;0.1;0.0
27;2021-01-31;27;26;0;14182;797;0;2.4;0.1;0.0
27;2021-02-01;383;242;0;14565;1039;0;2.4;0.2;0.0
27;2021-02-02;324;327;0;14889;1366;0;2.5;0.2;0.0
27;2021-02-03;461;404;0;15350;1770;0;2.6;0.3;0.0
27;2021-02-04;719;912;0;16069;2682;0;2.7;0.4;0.0
27;2021-02-05;668;1059;0;16737;3741;0;2.8;0.6;0.0
27;2021-02-06;72;211;0;16809;3952;0;2.8;0.7;0.0
27;2021-02-07;43;103;0;16852;4055;0;2.8;0.7;0.0
27;2021-02-08;389;437;0;17241;4492;0;2.9;0.7;0.0
27;2021-02-09;381;584;0;17622;5076;0;2.9;0.8;0.0
27;2021-02-10;350;543;0;17972;5619;0;3.0;0.9;0.0
27;2021-02-11;384;536;0;18356;6155;0;3.1;1.0;0.0
27;2021-02-12;353;598;0;18709;6753;0;3.1;1.1;0.0
27;2021-02-13;139;128;0;18848;6881;0;3.1;1.1;0.0
27;2021-02-14;7;85;0;18855;6966;0;3.1;1.2;0.0
27;2021-02-15;403;645;0;19258;7611;0;3.2;1.3;0.0
27;2021-02-16;349;776;0;19607;8387;0;3.3;1.4;0.0
27;2021-02-17;288;691;0;19895;9078;0;3.3;1.5;0.0
27;2021-02-18;388;754;0;20283;9832;0;3.4;1.6;0.0
27;2021-02-19;287;713;0;20570;10545;0;3.4;1.8;0.0
27;2021-02-20;127;230;0;20697;10775;0;3.4;1.8;0.0
27;2021-02-21;11;122;0;20708;10897;0;3.4;1.8;0.0
27;2021-02-22;450;622;0;21158;11519;0;3.5;1.9;0.0
27;2021-02-23;453;656;0;21611;12175;0;3.6;2.0;0.0
27;2021-02-24;431;640;0;22042;12815;0;3.7;2.1;0.0
27;2021-02-25;789;725;0;22831;13540;0;3.8;2.3;0.0
27;2021-02-26;798;718;0;23629;14258;0;3.9;2.4;0.0
27;2021-02-27;367;152;0;23996;14410;0;4.0;2.4;0.0
27;2021-02-28;105;24;0;24101;14434;0;4.0;2.4;0.0
27;2021-03-01;402;518;0;24503;14952;0;4.1;2.5;0.0
27;2021-03-02;679;412;0;25182;15364;0;4.2;2.6;0.0
27;2021-03-03;761;387;0;25943;15751;0;4.3;2.6;0.0
27;2021-03-04;868;275;0;26811;16026;0;4.5;2.7;0.0
27;2021-03-05;1367;294;0;28178;16320;0;4.7;2.7;0.0
27;2021-03-06;1437;99;0;29615;16419;0;4.9;2.7;0.0
27;2021-03-07;508;22;0;30123;16441;0;5.0;2.7;0.0
27;2021-03-08;1066;345;0;31189;16786;0;5.2;2.8;0.0
27;2021-03-09;1658;312;0;32847;17098;0;5.5;2.8;0.0
27;2021-03-10;1912;372;0;34759;17470;0;5.8;2.9;0.0
27;2021-03-11;1942;270;0;36701;17740;0;6.1;3.0;0.0
27;2021-03-12;2726;258;0;39427;17998;0;6.6;3.0;0.0
27;2021-03-13;1753;112;0;41180;18110;0;6.9;3.0;0.0
27;2021-03-14;544;17;0;41724;18127;0;6.9;3.0;0.0
27;2021-03-15;1418;216;0;43142;18343;0;7.2;3.1;0.0
27;2021-03-16;1311;245;0;44453;18588;0;7.4;3.1;0.0
27;2021-03-17;1507;334;0;45960;18922;0;7.7;3.2;0.0
27;2021-03-18;1400;344;0;47360;19266;0;7.9;3.2;0.0
27;2021-03-19;1656;193;0;49016;19459;0;8.2;3.2;0.0
27;2021-03-20;909;50;0;49925;19509;0;8.3;3.2;0.0
27;2021-03-21;296;6;0;50221;19515;0;8.4;3.2;0.0
27;2021-03-22;1291;420;0;51512;19935;0;8.6;3.3;0.0
27;2021-03-23;1769;395;0;53281;20330;0;8.9;3.4;0.0
27;2021-03-24;1678;377;0;54959;20707;0;9.1;3.4;0.0
27;2021-03-25;2231;394;0;57190;21101;0;9.5;3.5;0.0
27;2021-03-26;2800;358;0;59990;21459;0;10.0;3.6;0.0
27;2021-03-27;1646;162;0;61636;21621;0;10.3;3.6;0.0
27;2021-03-28;1047;41;0;62683;21662;0;10.4;3.6;0.0
27;2021-03-29;1675;653;0;64358;22315;0;10.7;3.7;0.0
27;2021-03-30;1744;724;0;66102;23039;0;11.0;3.8;0.0
27;2021-03-31;1830;745;0;67932;23784;0;11.3;4.0;0.0
27;2021-04-01;2417;711;0;70349;24495;0;11.7;4.1;0.0
27;2021-04-02;2278;1000;0;72627;25495;0;12.1;4.2;0.0
27;2021-04-03;1570;576;0;74197;26071;0;12.4;4.3;0.0
27;2021-04-04;880;154;0;75077;26225;0;12.5;4.4;0.0
27;2021-04-05;433;35;0;75510;26260;0;12.6;4.4;0.0
27;2021-04-06;1668;1437;0;77178;27697;0;12.8;4.6;0.0
27;2021-04-07;1669;1457;0;78847;29154;0;13.1;4.9;0.0
27;2021-04-08;2138;1438;0;80985;30592;0;13.5;5.1;0.0
27;2021-04-09;3321;1354;0;84306;31946;0;14.0;5.3;0.0
27;2021-04-10;2244;830;0;86550;32776;0;14.4;5.5;0.0
27;2021-04-11;918;216;0;87468;32992;0;14.6;5.5;0.0
27;2021-04-12;2641;1318;0;90109;34310;0;15.0;5.7;0.0
27;2021-04-13;2655;1404;0;92764;35714;0;15.4;5.9;0.0
27;2021-04-14;2278;1340;0;95042;37054;0;15.8;6.2;0.0
27;2021-04-15;2156;1460;0;97198;38514;0;16.2;6.4;0.0
27;2021-04-16;3061;1099;0;100259;39613;0;16.7;6.6;0.0
27;2021-04-17;2192;471;0;102451;40084;0;17.1;6.7;0.0
27;2021-04-18;408;27;0;102859;40111;0;17.1;6.7;0.0
27;2021-04-19;1823;1257;0;104682;41368;0;17.4;6.9;0.0
27;2021-04-20;2426;1371;0;107108;42739;0;17.8;7.1;0.0
27;2021-04-21;2247;1265;0;109355;44004;0;18.2;7.3;0.0
27;2021-04-22;2302;1543;0;111657;45547;0;18.6;7.6;0.0
27;2021-04-23;2640;1378;0;114297;46925;0;19.0;7.8;0.0
27;2021-04-24;3195;1206;0;117492;48131;0;19.6;8.0;0.0
27;2021-04-25;921;942;0;118413;49073;0;19.7;8.2;0.0
27;2021-04-26;1993;1348;0;120406;50421;0;20.0;8.4;0.0
27;2021-04-27;2545;1405;0;122951;51826;0;20.5;8.6;0.0
27;2021-04-28;2488;1578;0;125439;53404;0;20.9;8.9;0.0
27;2021-04-29;2558;1738;0;127997;55142;0;21.3;9.2;0.0
27;2021-04-30;2631;1829;0;130628;56971;0;21.7;9.5;0.0
27;2021-05-01;2657;884;0;133285;57855;0;22.2;9.6;0.0
27;2021-05-02;1434;787;0;134719;58642;0;22.4;9.8;0.0
27;2021-05-03;2936;1206;0;137655;59848;0;22.9;10.0;0.0
27;2021-05-04;2785;1952;0;140440;61800;0;23.4;10.3;0.0
27;2021-05-05;2886;1960;0;143326;63760;0;23.9;10.6;0.0
27;2021-05-06;3169;1629;0;146495;65389;0;24.4;10.9;0.0
27;2021-05-07;3249;2343;0;149744;67732;0;24.9;11.3;0.0
27;2021-05-08;2757;1380;0;152501;69112;0;25.4;11.5;0.0
27;2021-05-09;1295;318;0;153796;69430;0;25.6;11.6;0.0
27;2021-05-10;2870;2487;0;156666;71917;0;26.1;12.0;0.0
27;2021-05-11;3239;2131;0;159905;74048;0;26.6;12.3;0.0
27;2021-05-12;3383;1882;0;163288;75930;0;27.2;12.6;0.0
27;2021-05-13;2391;361;0;165679;76291;0;27.6;12.7;0.0
27;2021-05-14;3800;1903;0;169479;78194;0;28.2;13.0;0.0
27;2021-05-15;5710;919;0;175189;79113;0;29.2;13.2;0.0
27;2021-05-16;2991;346;0;178180;79459;0;29.7;13.2;0.0
27;2021-05-17;2865;1321;0;181045;80780;0;30.1;13.4;0.0
27;2021-05-18;3721;1425;0;184766;82205;0;30.8;13.7;0.0
27;2021-05-19;3943;1255;0;188709;83460;0;31.4;13.9;0.0
27;2021-05-20;3965;1275;0;192674;84735;0;32.1;14.1;0.0
27;2021-05-21;3882;1837;0;196556;86572;0;32.7;14.4;0.0
27;2021-05-22;4146;843;0;200702;87415;0;33.4;14.6;0.0
27;2021-05-23;1073;173;0;201775;87588;0;33.6;14.6;0.0
27;2021-05-24;1827;411;0;203602;87999;0;33.9;14.6;0.0
27;2021-05-25;3310;1690;0;206912;89689;0;34.4;14.9;0.0
27;2021-05-26;3627;1809;0;210539;91498;0;35.0;15.2;0.0
27;2021-05-27;3605;1618;0;214144;93116;0;35.6;15.5;0.0
27;2021-05-28;3529;2725;0;217673;95841;0;36.2;16.0;0.0
27;2021-05-29;4192;2167;0;221865;98008;0;36.9;16.3;0.0
27;2021-05-30;984;247;0;222849;98255;0;37.1;16.4;0.0
27;2021-05-31;3300;2372;0;226149;100627;0;37.6;16.8;0.0
27;2021-06-01;3932;2308;0;230081;102935;0;38.3;17.1;0.0
27;2021-06-02;3523;2159;0;233604;105094;0;38.9;17.5;0.0
27;2021-06-03;4447;2145;0;238051;107239;0;39.6;17.9;0.0
27;2021-06-04;3781;3053;0;241832;110292;0;40.3;18.4;0.0
27;2021-06-05;3083;3155;0;244915;113447;0;40.8;18.9;0.0
27;2021-06-06;1543;761;0;246458;114208;0;41.0;19.0;0.0
27;2021-06-07;2958;2336;0;249416;116544;0;41.5;19.4;0.0
27;2021-06-08;3564;2463;0;252980;119007;0;42.1;19.8;0.0
27;2021-06-09;2629;2491;0;255609;121498;0;42.6;20.2;0.0
27;2021-06-10;2920;2154;0;258529;123652;0;43.0;20.6;0.0
27;2021-06-11;3462;3790;0;261991;127442;0;43.6;21.2;0.0
27;2021-06-12;2374;3963;0;264365;131405;0;44.0;21.9;0.0
27;2021-06-13;1089;2118;0;265454;133523;0;44.2;22.2;0.0
27;2021-06-14;2250;3176;0;267704;136699;0;44.6;22.8;0.0
27;2021-06-15;2934;3243;0;270638;139942;0;45.1;23.3;0.0
27;2021-06-16;2821;3366;0;273459;143308;0;45.5;23.9;0.0
27;2021-06-17;2676;3333;0;276135;146641;0;46.0;24.4;0.0
27;2021-06-18;3152;4432;0;279287;151073;0;46.5;25.2;0.0
27;2021-06-19;2224;2999;0;281511;154072;0;46.9;25.6;0.0
27;2021-06-20;668;711;0;282179;154783;0;47.0;25.8;0.0
27;2021-06-21;1924;3570;0;284103;158353;0;47.3;26.4;0.0
27;2021-06-22;2566;3881;0;286669;162234;0;47.7;27.0;0.0
27;2021-06-23;2112;3697;0;288781;165931;0;48.1;27.6;0.0
27;2021-06-24;2381;3463;0;291162;169394;0;48.5;28.2;0.0
27;2021-06-25;2106;4516;0;293268;173910;0;48.8;29.0;0.0
27;2021-06-26;1136;4920;0;294404;178830;0;49.0;29.8;0.0
27;2021-06-27;419;1551;0;294823;180381;0;49.1;30.0;0.0
27;2021-06-28;1435;3810;0;296258;184191;0;49.3;30.7;0.0
27;2021-06-29;1807;4536;0;298065;188727;0;49.6;31.4;0.0
27;2021-06-30;2205;4335;0;300270;193062;0;50.0;32.1;0.0
27;2021-07-01;2440;4035;0;302710;197097;0;50.4;32.8;0.0
27;2021-07-02;1772;5040;0;304482;202137;0;50.7;33.7;0.0
27;2021-07-03;1371;4616;0;305853;206753;0;50.9;34.4;0.0
27;2021-07-04;500;1542;0;306353;208295;0;51.0;34.7;0.0
27;2021-07-05;1719;3895;0;308072;212190;0;51.3;35.3;0.0
27;2021-07-06;1636;4238;0;309708;216428;0;51.6;36.0;0.0
27;2021-07-07;2012;4860;0;311720;221288;0;51.9;36.8;0.0
27;2021-07-08;2310;4401;0;314030;225689;0;52.3;37.6;0.0
27;2021-07-09;2265;5392;0;316295;231081;0;52.7;38.5;0.0
27;2021-07-10;1282;4243;0;317577;235324;0;52.9;39.2;0.0
27;2021-07-11;409;1033;0;317986;236357;0;52.9;39.3;0.0
27;2021-07-12;1385;4480;0;319371;240837;0;53.2;40.1;0.0
27;2021-07-13;2865;5555;0;322236;246392;0;53.6;41.0;0.0
27;2021-07-14;1881;2172;0;324117;248564;0;54.0;41.4;0.0
27;2021-07-15;3391;5617;0;327508;254181;0;54.5;42.3;0.0
27;2021-07-16;4013;5491;0;331521;259672;0;55.2;43.2;0.0
27;2021-07-17;3025;4006;0;334546;263678;0;55.7;43.9;0.0
27;2021-07-18;620;1166;0;335166;264844;0;55.8;44.1;0.0
27;2021-07-19;3403;4475;0;338569;269319;0;56.4;44.8;0.0
27;2021-07-20;3465;4334;0;342034;273653;0;56.9;45.6;0.0
27;2021-07-21;4056;4431;0;346090;278084;0;57.6;46.3;0.0
27;2021-07-22;4743;4321;0;350833;282405;0;58.4;47.0;0.0
27;2021-07-23;3965;4192;0;354798;286597;0;59.1;47.7;0.0
27;2021-07-24;3374;2760;0;358172;289357;0;59.6;48.2;0.0
27;2021-07-25;556;608;0;358728;289965;0;59.7;48.3;0.0
27;2021-07-26;3320;3831;0;362048;293796;0;60.3;48.9;0.0
27;2021-07-27;3908;3665;0;365956;297461;0;60.9;49.5;0.0
27;2021-07-28;3861;3669;0;369817;301130;0;61.6;50.1;0.0
27;2021-07-29;4854;3726;0;374671;304856;0;62.4;50.8;0.0
27;2021-07-30;4212;3694;0;378883;308550;0;63.1;51.4;0.0
27;2021-07-31;3212;2841;0;382095;311391;0;63.6;51.8;0.0
27;2021-08-01;572;581;0;382667;311972;0;63.7;51.9;0.0
27;2021-08-02;3499;2895;0;386166;314867;0;64.3;52.4;0.0
27;2021-08-03;3686;3048;0;389852;317915;0;64.9;52.9;0.0
27;2021-08-04;3467;2680;0;393319;320595;0;65.5;53.4;0.0
27;2021-08-05;3141;2800;0;396460;323395;0;66.0;53.8;0.0
27;2021-08-06;3593;3536;0;400053;326931;0;66.6;54.4;0.0
27;2021-08-07;2259;2648;0;402312;329579;0;67.0;54.9;0.0
27;2021-08-08;376;332;0;402688;329911;0;67.0;54.9;0.0
27;2021-08-09;2629;3312;0;405317;333223;0;67.5;55.5;0.0
27;2021-08-10;3023;3461;0;408340;336684;0;68.0;56.0;0.0
27;2021-08-11;2841;3027;0;411181;339711;0;68.5;56.6;0.0
27;2021-08-12;2560;3696;0;413741;343407;0;68.9;57.2;0.0
27;2021-08-13;2022;2943;0;415763;346350;0;69.2;57.7;0.0
27;2021-08-14;1336;2852;0;417099;349202;0;69.4;58.1;0.0
27;2021-08-15;114;134;0;417213;349336;0;69.5;58.2;0.0
27;2021-08-16;1867;3994;0;419080;353330;0;69.8;58.8;0.0
27;2021-08-17;2023;3597;0;421103;356927;0;70.1;59.4;0.0
27;2021-08-18;1744;3293;0;422847;360220;0;70.4;60.0;0.0
27;2021-08-19;1839;3671;0;424686;363891;0;70.7;60.6;0.0
27;2021-08-20;1698;3788;0;426384;367679;0;71.0;61.2;0.0
27;2021-08-21;1077;2791;0;427461;370470;0;71.2;61.7;0.0
27;2021-08-22;201;323;0;427662;370793;0;71.2;61.7;0.0
27;2021-08-23;1225;3959;0;428887;374752;0;71.4;62.4;0.0
27;2021-08-24;1470;3990;0;430357;378742;0;71.6;63.1;0.0
27;2021-08-25;1598;3496;0;431955;382238;0;71.9;63.6;0.0
27;2021-08-26;1185;3078;0;433140;385316;0;72.1;64.1;0.0
27;2021-08-27;1303;3630;0;434443;388946;0;72.3;64.8;0.0
27;2021-08-28;969;2993;0;435412;391939;0;72.5;65.2;0.0
27;2021-08-29;114;316;0;435526;392255;0;72.5;65.3;0.0
27;2021-08-30;1008;3656;39;436534;395911;39;72.7;65.9;0.0
27;2021-08-31;1256;3535;115;437790;399446;154;72.9;66.5;0.0
27;2021-09-01;1155;3189;238;438945;402635;392;73.1;67.0;0.1
27;2021-09-02;929;2428;267;439874;405063;659;73.2;67.4;0.1
27;2021-09-03;924;2507;286;440798;407570;945;73.4;67.9;0.2
27;2021-09-04;792;2093;136;441590;409663;1081;73.5;68.2;0.2
27;2021-09-05;85;260;11;441675;409923;1092;73.5;68.2;0.2
27;2021-09-06;618;1719;351;442293;411642;1443;73.6;68.5;0.2
27;2021-09-07;715;2115;267;443008;413757;1710;73.8;68.9;0.3
27;2021-09-08;788;2328;290;443796;416085;2000;73.9;69.3;0.3
27;2021-09-09;665;1718;268;444461;417803;2268;74.0;69.6;0.4
27;2021-09-10;904;2049;438;445365;419852;2706;74.1;69.9;0.5
27;2021-09-11;619;1872;130;445984;421724;2836;74.2;70.2;0.5
27;2021-09-12;67;209;14;446051;421933;2850;74.3;70.2;0.5
27;2021-09-13;441;1134;406;446492;423067;3256;74.3;70.4;0.5
27;2021-09-14;615;1152;427;447107;424219;3683;74.4;70.6;0.6
27;2021-09-15;606;1714;381;447713;425933;4064;74.5;70.9;0.7
27;2021-09-16;596;1148;379;448309;427081;4443;74.6;71.1;0.7
27;2021-09-17;773;1401;400;449082;428482;4843;74.8;71.3;0.8
27;2021-09-18;363;1283;154;449445;429765;4997;74.8;71.5;0.8
27;2021-09-19;59;193;26;449504;429958;5023;74.8;71.6;0.8
27;2021-09-20;305;912;496;449809;430870;5519;74.9;71.7;0.9
27;2021-09-21;412;966;475;450221;431836;5994;75.0;71.9;1.0
27;2021-09-22;326;1148;447;450547;432984;6441;75.0;72.1;1.1
27;2021-09-23;388;795;723;450935;433779;7164;75.1;72.2;1.2
27;2021-09-24;623;1264;521;451558;435043;7685;75.2;72.4;1.3
27;2021-09-25;278;1101;186;451836;436144;7871;75.2;72.6;1.3
27;2021-09-26;18;33;21;451854;436177;7892;75.2;72.6;1.3
27;2021-09-27;216;589;418;452070;436766;8310;75.3;72.7;1.4
27;2021-09-28;314;772;579;452384;437538;8889;75.3;72.8;1.5
27;2021-09-29;266;791;398;452650;438329;9287;75.4;73.0;1.5
27;2021-09-30;173;551;329;452823;438880;9616;75.4;73.1;1.6
27;2021-10-01;453;994;596;453276;439874;10212;75.5;73.2;1.7
27;2021-10-02;363;828;313;453639;440702;10525;75.5;73.4;1.8
27;2021-10-03;14;28;28;453653;440730;10553;75.5;73.4;1.8
27;2021-10-04;243;431;473;453896;441161;11026;75.6;73.4;1.8
27;2021-10-05;317;513;599;454213;441674;11625;75.6;73.5;1.9
27;2021-10-06;308;678;598;454521;442352;12223;75.7;73.6;2.0
27;2021-10-07;162;321;475;454683;442673;12698;75.7;73.7;2.1
27;2021-10-08;370;826;929;455053;443499;13627;75.8;73.8;2.3
27;2021-10-09;283;559;314;455336;444058;13941;75.8;73.9;2.3
27;2021-10-10;18;49;21;455354;444107;13962;75.8;73.9;2.3
27;2021-10-11;225;429;412;455579;444536;14374;75.8;74.0;2.4
27;2021-10-12;271;442;925;455850;444978;15299;75.9;74.1;2.5
27;2021-10-13;308;462;662;456158;445440;15961;75.9;74.2;2.7
27;2021-10-14;159;399;618;456317;445839;16579;76.0;74.2;2.8
27;2021-10-15;391;810;976;456708;446649;17555;76.0;74.4;2.9
27;2021-10-16;323;455;545;457031;447104;18100;76.1;74.4;3.0
27;2021-10-17;27;36;43;457058;447140;18143;76.1;74.4;3.0
27;2021-10-18;210;293;556;457268;447433;18699;76.1;74.5;3.1
27;2021-10-19;220;372;884;457488;447805;19583;76.2;74.5;3.3
27;2021-10-20;256;374;785;457744;448179;20368;76.2;74.6;3.4
27;2021-10-21;165;391;938;457909;448570;21306;76.2;74.7;3.5
27;2021-10-22;279;503;1194;458188;449073;22500;76.3;74.8;3.7
27;2021-10-23;211;436;482;458399;449509;22982;76.3;74.8;3.8
27;2021-10-24;7;12;35;458406;449521;23017;76.3;74.8;3.8
27;2021-10-25;169;215;645;458575;449736;23662;76.3;74.9;3.9
27;2021-10-26;174;252;850;458749;449988;24512;76.4;74.9;4.1
27;2021-10-27;189;320;822;458938;450308;25334;76.4;75.0;4.2
27;2021-10-28;139;177;746;459077;450485;26080;76.4;75.0;4.3
27;2021-10-29;257;440;1256;459334;450925;27336;76.5;75.1;4.6
27;2021-10-30;156;231;438;459490;451156;27774;76.5;75.1;4.6
27;2021-10-31;6;13;13;459496;451169;27787;76.5;75.1;4.6
27;2021-11-01;23;13;22;459519;451182;27809;76.5;75.1;4.6
27;2021-11-02;196;289;855;459715;451471;28664;76.5;75.2;4.8
27;2021-11-03;188;362;1080;459903;451833;29744;76.6;75.2;5.0
27;2021-11-04;168;201;751;460071;452034;30495;76.6;75.3;5.1
27;2021-11-05;255;345;1476;460326;452379;31971;76.6;75.3;5.3
27;2021-11-06;203;358;695;460529;452737;32666;76.7;75.4;5.4
27;2021-11-07;22;30;83;460551;452767;32749;76.7;75.4;5.5
27;2021-11-08;127;208;1044;460678;452975;33793;76.7;75.4;5.6
27;2021-11-09;181;284;1434;460859;453259;35227;76.7;75.5;5.9
27;2021-11-10;242;324;1720;461101;453583;36947;76.8;75.5;6.2
27;2021-11-11;11;12;36;461112;453595;36983;76.8;75.5;6.2
27;2021-11-12;219;290;1625;461331;453885;38608;76.8;75.6;6.4
27;2021-11-13;199;260;893;461530;454145;39501;76.8;75.6;6.6
27;2021-11-14;11;19;51;461541;454164;39552;76.8;75.6;6.6
27;2021-11-15;130;181;1328;461671;454345;40880;76.9;75.6;6.8
27;2021-11-16;182;231;2413;461853;454576;43293;76.9;75.7;7.2
27;2021-11-17;231;247;1909;462084;454823;45202;76.9;75.7;7.5
27;2021-11-18;148;133;1390;462232;454956;46592;77.0;75.7;7.8
27;2021-11-19;230;274;2212;462462;455230;48804;77.0;75.8;8.1
27;2021-11-20;235;269;914;462697;455499;49718;77.0;75.8;8.3
27;2021-11-21;3;7;69;462700;455506;49787;77.0;75.8;8.3
27;2021-11-22;187;108;1646;462887;455614;51433;77.1;75.8;8.6
27;2021-11-23;229;195;2498;463116;455809;53931;77.1;75.9;9.0
27;2021-11-24;257;277;2253;463373;456086;56184;77.1;75.9;9.4
27;2021-11-25;124;123;1751;463497;456209;57935;77.2;75.9;9.6
27;2021-11-26;232;298;3274;463729;456507;61209;77.2;76.0;10.2
27;2021-11-27;199;261;1714;463928;456768;62923;77.2;76.0;10.5
27;2021-11-28;10;16;150;463938;456784;63073;77.2;76.0;10.5
27;2021-11-29;141;139;2921;464079;456923;65994;77.3;76.1;11.0
27;2021-11-30;183;194;5114;464262;457117;71108;77.3;76.1;11.8
27;2021-12-01;187;225;4658;464449;457342;75766;77.3;76.1;12.6
27;2021-12-02;165;102;4438;464614;457444;80204;77.3;76.2;13.4
27;2021-12-03;168;247;5792;464782;457691;85996;77.4;76.2;14.3
27;2021-12-04;204;280;4470;464986;457971;90466;77.4;76.2;15.1
27;2021-12-05;31;36;1179;465017;458007;91645;77.4;76.2;15.3
27;2021-12-06;110;170;4842;465127;458177;96487;77.4;76.3;16.1
27;2021-12-07;148;196;6933;465275;458373;103420;77.5;76.3;17.2
27;2021-12-08;165;237;5774;465440;458610;109194;77.5;76.3;18.2
27;2021-12-09;161;151;7268;465601;458761;116462;77.5;76.4;19.4
27;2021-12-10;161;218;7236;465762;458979;123698;77.5;76.4;20.6
27;2021-12-11;193;286;5268;465955;459265;128966;77.6;76.5;21.5
27;2021-12-12;39;29;1274;465994;459294;130240;77.6;76.5;21.7
27;2021-12-13;117;185;5371;466111;459479;135611;77.6;76.5;22.6
27;2021-12-14;176;269;7743;466287;459748;143354;77.6;76.5;23.9
27;2021-12-15;160;267;5962;466447;460015;149316;77.7;76.6;24.9
27;2021-12-16;219;233;7796;466666;460248;157112;77.7;76.6;26.2
27;2021-12-17;197;266;7768;466863;460514;164880;77.7;76.7;27.4
27;2021-12-18;213;222;5548;467076;460736;170428;77.8;76.7;28.4
27;2021-12-19;68;38;1847;467144;460774;172275;77.8;76.7;28.7
27;2021-12-20;210;192;5850;467354;460966;178125;77.8;76.7;29.7
27;2021-12-21;256;244;6614;467610;461210;184739;77.8;76.8;30.8
27;2021-12-22;244;207;4984;467854;461417;189723;77.9;76.8;31.6
27;2021-12-23;264;193;3922;468118;461610;193645;77.9;76.8;32.2
27;2021-12-24;31;33;864;468149;461643;194509;77.9;76.9;32.4
27;2021-12-25;1;5;41;468150;461648;194550;77.9;76.9;32.4
27;2021-12-26;37;10;599;468187;461658;195149;77.9;76.9;32.5
28;2020-12-27;0;0;0;0;0;0;0.0;0.0;0.0
28;2020-12-28;0;0;0;0;0;0;0.0;0.0;0.0
28;2020-12-29;0;0;0;0;0;0;0.0;0.0;0.0
28;2020-12-30;1;0;0;1;0;0;0.0;0.0;0.0
28;2020-12-31;0;0;0;1;0;0;0.0;0.0;0.0
28;2021-01-01;1;0;0;2;0;0;0.0;0.0;0.0
28;2021-01-02;0;0;0;2;0;0;0.0;0.0;0.0
28;2021-01-03;0;0;0;2;0;0;0.0;0.0;0.0
28;2021-01-04;3;0;0;5;0;0;0.0;0.0;0.0
28;2021-01-05;14;0;0;19;0;0;0.0;0.0;0.0
28;2021-01-06;84;0;0;103;0;0;0.0;0.0;0.0
28;2021-01-07;116;0;0;219;0;0;0.1;0.0;0.0
28;2021-01-08;157;2;0;376;2;0;0.1;0.0;0.0
28;2021-01-09;78;0;0;454;2;0;0.1;0.0;0.0
28;2021-01-10;7;0;0;461;2;0;0.1;0.0;0.0
28;2021-01-11;196;1;0;657;3;0;0.2;0.0;0.0
28;2021-01-12;287;2;0;944;5;0;0.2;0.0;0.0
28;2021-01-13;391;3;0;1335;8;0;0.3;0.0;0.0
28;2021-01-14;449;6;0;1784;14;0;0.4;0.0;0.0
28;2021-01-15;403;4;0;2187;18;0;0.5;0.0;0.0
28;2021-01-16;191;2;0;2378;20;0;0.6;0.0;0.0
28;2021-01-17;34;0;0;2412;20;0;0.6;0.0;0.0
28;2021-01-18;417;2;0;2829;22;0;0.7;0.0;0.0
28;2021-01-19;504;3;0;3333;25;0;0.8;0.0;0.0
28;2021-01-20;644;3;0;3977;28;0;0.9;0.0;0.0
28;2021-01-21;826;3;0;4803;31;0;1.1;0.0;0.0
28;2021-01-22;517;2;0;5320;33;0;1.2;0.0;0.0
28;2021-01-23;307;0;0;5627;33;0;1.3;0.0;0.0
28;2021-01-24;11;0;0;5638;33;0;1.3;0.0;0.0
28;2021-01-25;454;5;0;6092;38;0;1.4;0.0;0.0
28;2021-01-26;686;10;0;6778;48;0;1.6;0.0;0.0
28;2021-01-27;1124;54;0;7902;102;0;1.8;0.0;0.0
28;2021-01-28;1460;97;0;9362;199;0;2.2;0.0;0.0
28;2021-01-29;841;101;0;10203;300;0;2.4;0.1;0.0
28;2021-01-30;225;54;0;10428;354;0;2.4;0.1;0.0
28;2021-01-31;1;21;0;10429;375;0;2.4;0.1;0.0
28;2021-02-01;341;97;0;10770;472;0;2.5;0.1;0.0
28;2021-02-02;378;203;0;11148;675;0;2.6;0.2;0.0
28;2021-02-03;466;248;0;11614;923;0;2.7;0.2;0.0
28;2021-02-04;476;252;0;12090;1175;0;2.8;0.3;0.0
28;2021-02-05;406;227;0;12496;1402;0;2.9;0.3;0.0
28;2021-02-06;198;118;0;12694;1520;0;3.0;0.4;0.0
28;2021-02-07;4;4;0;12698;1524;0;3.0;0.4;0.0
28;2021-02-08;314;237;0;13012;1761;0;3.0;0.4;0.0
28;2021-02-09;305;350;0;13317;2111;0;3.1;0.5;0.0
28;2021-02-10;464;425;0;13781;2536;0;3.2;0.6;0.0
28;2021-02-11;576;536;0;14357;3072;0;3.3;0.7;0.0
28;2021-02-12;464;414;0;14821;3486;0;3.5;0.8;0.0
28;2021-02-13;146;192;0;14967;3678;0;3.5;0.9;0.0
28;2021-02-14;0;11;0;14967;3689;0;3.5;0.9;0.0
28;2021-02-15;301;475;0;15268;4164;0;3.6;1.0;0.0
28;2021-02-16;379;704;0;15647;4868;0;3.6;1.1;0.0
28;2021-02-17;566;1078;0;16213;5946;0;3.8;1.4;0.0
28;2021-02-18;695;1393;0;16908;7339;0;3.9;1.7;0.0
28;2021-02-19;577;773;0;17485;8112;0;4.1;1.9;0.0
28;2021-02-20;113;152;0;17598;8264;0;4.1;1.9;0.0
28;2021-02-21;6;35;0;17604;8299;0;4.1;1.9;0.0
28;2021-02-22;248;492;0;17852;8791;0;4.2;2.0;0.0
28;2021-02-23;219;430;0;18071;9221;0;4.2;2.1;0.0
28;2021-02-24;279;464;0;18350;9685;0;4.3;2.3;0.0
28;2021-02-25;567;441;0;18917;10126;0;4.4;2.4;0.0
28;2021-02-26;754;379;0;19671;10505;0;4.6;2.4;0.0
28;2021-02-27;277;76;0;19948;10581;0;4.6;2.5;0.0
28;2021-02-28;22;22;0;19970;10603;0;4.7;2.5;0.0
28;2021-03-01;308;247;0;20278;10850;0;4.7;2.5;0.0
28;2021-03-02;421;300;0;20699;11150;0;4.8;2.6;0.0
28;2021-03-03;440;398;0;21139;11548;0;4.9;2.7;0.0
28;2021-03-04;721;425;0;21860;11973;0;5.1;2.8;0.0
28;2021-03-05;1378;389;0;23238;12362;0;5.4;2.9;0.0
28;2021-03-06;2025;104;0;25263;12466;0;5.9;2.9;0.0
28;2021-03-07;981;46;0;26244;12512;0;6.1;2.9;0.0
28;2021-03-08;448;296;0;26692;12808;0;6.2;3.0;0.0
28;2021-03-09;1030;331;0;27722;13139;0;6.5;3.1;0.0
28;2021-03-10;1386;547;0;29108;13686;0;6.8;3.2;0.0
28;2021-03-11;1558;670;0;30666;14356;0;7.1;3.3;0.0
28;2021-03-12;2313;591;0;32979;14947;0;7.7;3.5;0.0
28;2021-03-13;1124;82;0;34103;15029;0;7.9;3.5;0.0
28;2021-03-14;505;23;0;34608;15052;0;8.1;3.5;0.0
28;2021-03-15;828;245;0;35436;15297;0;8.3;3.6;0.0
28;2021-03-16;778;230;0;36214;15527;0;8.4;3.6;0.0
28;2021-03-17;802;300;0;37016;15827;0;8.6;3.7;0.0
28;2021-03-18;1222;277;0;38238;16104;0;8.9;3.8;0.0
28;2021-03-19;1589;318;0;39827;16422;0;9.3;3.8;0.0
28;2021-03-20;685;28;0;40512;16450;0;9.4;3.8;0.0
28;2021-03-21;18;9;0;40530;16459;0;9.4;3.8;0.0
28;2021-03-22;865;333;0;41395;16792;0;9.6;3.9;0.0
28;2021-03-23;1136;206;0;42531;16998;0;9.9;4.0;0.0
28;2021-03-24;1374;265;0;43905;17263;0;10.2;4.0;0.0
28;2021-03-25;1809;295;0;45714;17558;0;10.6;4.1;0.0
28;2021-03-26;2196;344;0;47910;17902;0;11.2;4.2;0.0
28;2021-03-27;499;50;0;48409;17952;0;11.3;4.2;0.0
28;2021-03-28;41;3;0;48450;17955;0;11.3;4.2;0.0
28;2021-03-29;1176;385;0;49626;18340;0;11.6;4.3;0.0
28;2021-03-30;1794;279;0;51420;18619;0;12.0;4.3;0.0
28;2021-03-31;2020;477;0;53440;19096;0;12.4;4.4;0.0
28;2021-04-01;1920;629;0;55360;19725;0;12.9;4.6;0.0
28;2021-04-02;1671;1330;0;57031;21055;0;13.3;4.9;0.0
28;2021-04-03;636;1073;0;57667;22128;0;13.4;5.2;0.0
28;2021-04-04;58;307;0;57725;22435;0;13.4;5.2;0.0
28;2021-04-05;69;4;0;57794;22439;0;13.5;5.2;0.0
28;2021-04-06;1242;558;0;59036;22997;0;13.7;5.4;0.0
28;2021-04-07;1851;1054;0;60887;24051;0;14.2;5.6;0.0
28;2021-04-08;2111;1117;0;62998;25168;0;14.7;5.9;0.0
28;2021-04-09;3271;940;0;66269;26108;0;15.4;6.1;0.0
28;2021-04-10;1655;196;0;67924;26304;0;15.8;6.1;0.0
28;2021-04-11;157;440;0;68081;26744;0;15.9;6.2;0.0
28;2021-04-12;1692;637;0;69773;27381;0;16.2;6.4;0.0
28;2021-04-13;1995;733;0;71768;28114;0;16.7;6.5;0.0
28;2021-04-14;2862;964;0;74630;29078;0;17.4;6.8;0.0
28;2021-04-15;2563;1215;0;77193;30293;0;18.0;7.1;0.0
28;2021-04-16;2524;889;0;79717;31182;0;18.6;7.3;0.0
28;2021-04-17;2233;188;0;81950;31370;0;19.1;7.3;0.0
28;2021-04-18;48;9;0;81998;31379;0;19.1;7.3;0.0
28;2021-04-19;1558;714;0;83556;32093;0;19.5;7.5;0.0
28;2021-04-20;1824;728;0;85380;32821;0;19.9;7.6;0.0
28;2021-04-21;2602;972;0;87982;33793;0;20.5;7.9;0.0
28;2021-04-22;1837;1239;0;89819;35032;0;20.9;8.2;0.0
28;2021-04-23;2338;1146;0;92157;36178;0;21.5;8.4;0.0
28;2021-04-24;3452;208;0;95609;36386;0;22.3;8.5;0.0
28;2021-04-25;901;71;0;96510;36457;0;22.5;8.5;0.0
28;2021-04-26;1345;947;0;97855;37404;0;22.8;8.7;0.0
28;2021-04-27;1520;1386;0;99375;38790;0;23.1;9.0;0.0
28;2021-04-28;2450;1796;0;101825;40586;0;23.7;9.5;0.0
28;2021-04-29;2261;1498;0;104086;42084;0;24.2;9.8;0.0
28;2021-04-30;3069;1258;0;107155;43342;0;25.0;10.1;0.0
28;2021-05-01;251;141;0;107406;43483;0;25.0;10.1;0.0
28;2021-05-02;188;103;0;107594;43586;0;25.1;10.1;0.0
28;2021-05-03;1322;1079;0;108916;44665;0;25.4;10.4;0.0
28;2021-05-04;1594;1692;0;110510;46357;0;25.7;10.8;0.0
28;2021-05-05;3039;1666;0;113549;48023;0;26.4;11.2;0.0
28;2021-05-06;2620;1478;0;116169;49501;0;27.1;11.5;0.0
28;2021-05-07;2447;1990;0;118616;51491;0;27.6;12.0;0.0
28;2021-05-08;1447;161;0;120063;51652;0;28.0;12.0;0.0
28;2021-05-09;237;624;0;120300;52276;0;28.0;12.2;0.0
28;2021-05-10;1525;1929;0;121825;54205;0;28.4;12.6;0.0
28;2021-05-11;2242;2347;0;124067;56552;0;28.9;13.2;0.0
28;2021-05-12;2736;3185;0;126803;59737;0;29.5;13.9;0.0
28;2021-05-13;697;449;0;127500;60186;0;29.7;14.0;0.0
28;2021-05-14;2158;1574;0;129658;61760;0;30.2;14.4;0.0
28;2021-05-15;1579;1630;0;131237;63390;0;30.6;14.8;0.0
28;2021-05-16;1970;142;0;133207;63532;0;31.0;14.8;0.0
28;2021-05-17;2780;1478;0;135987;65010;0;31.7;15.1;0.0
28;2021-05-18;3190;1337;0;139177;66347;0;32.4;15.5;0.0
28;2021-05-19;4662;1321;0;143839;67668;0;33.5;15.8;0.0
28;2021-05-20;3958;1266;0;147797;68934;0;34.4;16.1;0.0
28;2021-05-21;3321;1595;0;151118;70529;0;35.2;16.4;0.0
28;2021-05-22;879;1144;0;151997;71673;0;35.4;16.7;0.0
28;2021-05-23;1903;137;0;153900;71810;0;35.8;16.7;0.0
28;2021-05-24;1663;390;0;155563;72200;0;36.2;16.8;0.0
28;2021-05-25;2016;1427;0;157579;73627;0;36.7;17.1;0.0
28;2021-05-26;2677;1370;0;160256;74997;0;37.3;17.5;0.0
28;2021-05-27;2909;1267;0;163165;76264;0;38.0;17.8;0.0
28;2021-05-28;3190;1833;0;166355;78097;0;38.7;18.2;0.0
28;2021-05-29;2028;947;0;168383;79044;0;39.2;18.4;0.0
28;2021-05-30;76;60;0;168459;79104;0;39.2;18.4;0.0
28;2021-05-31;2336;1011;0;170795;80115;0;39.8;18.7;0.0
28;2021-06-01;2635;1760;0;173430;81875;0;40.4;19.1;0.0
28;2021-06-02;2452;2466;0;175882;84341;0;41.0;19.6;0.0
28;2021-06-03;2913;1651;0;178795;85992;0;41.6;20.0;0.0
28;2021-06-04;2810;2451;0;181605;88443;0;42.3;20.6;0.0
28;2021-06-05;2002;2494;0;183607;90937;0;42.8;21.2;0.0
28;2021-06-06;1076;946;0;184683;91883;0;43.0;21.4;0.0
28;2021-06-07;3484;1689;0;188167;93572;0;43.8;21.8;0.0
28;2021-06-08;3235;1648;0;191402;95220;0;44.6;22.2;0.0
28;2021-06-09;3726;2249;0;195128;97469;0;45.4;22.7;0.0
28;2021-06-10;3164;1475;0;198292;98944;0;46.2;23.0;0.0
28;2021-06-11;3740;2308;0;202032;101252;0;47.0;23.6;0.0
28;2021-06-12;1300;678;0;203332;101930;0;47.3;23.7;0.0
28;2021-06-13;389;230;0;203721;102160;0;47.4;23.8;0.0
28;2021-06-14;2153;2275;0;205874;104435;0;47.9;24.3;0.0
28;2021-06-15;2080;2464;0;207954;106899;0;48.4;24.9;0.0
28;2021-06-16;2486;4039;0;210440;110938;0;49.0;25.8;0.0
28;2021-06-17;1979;3231;0;212419;114169;0;49.5;26.6;0.0
28;2021-06-18;2463;3834;0;214882;118003;0;50.0;27.5;0.0
28;2021-06-19;819;1880;0;215701;119883;0;50.2;27.9;0.0
28;2021-06-20;60;150;0;215761;120033;0;50.2;28.0;0.0
28;2021-06-21;1684;2226;0;217445;122259;0;50.6;28.5;0.0
28;2021-06-22;1350;2384;0;218795;124643;0;51.0;29.0;0.0
28;2021-06-23;1720;3209;0;220515;127852;0;51.4;29.8;0.0
28;2021-06-24;815;1332;0;221330;129184;0;51.5;30.1;0.0
28;2021-06-25;1871;3252;0;223201;132436;0;52.0;30.8;0.0
28;2021-06-26;403;2135;0;223604;134571;0;52.1;31.3;0.0
28;2021-06-27;499;1195;0;224103;135766;0;52.2;31.6;0.0
28;2021-06-28;1181;3570;0;225284;139336;0;52.5;32.4;0.0
28;2021-06-29;1266;3673;0;226550;143009;0;52.8;33.3;0.0
28;2021-06-30;1421;3999;0;227971;147008;0;53.1;34.2;0.0
28;2021-07-01;1242;3396;0;229213;150404;0;53.4;35.0;0.0
28;2021-07-02;1323;4502;0;230536;154906;0;53.7;36.1;0.0
28;2021-07-03;1107;2439;0;231643;157345;0;53.9;36.6;0.0
28;2021-07-04;184;1267;0;231827;158612;0;54.0;36.9;0.0
28;2021-07-05;1344;2785;0;233171;161397;0;54.3;37.6;0.0
28;2021-07-06;1529;3071;0;234700;164468;0;54.7;38.3;0.0
28;2021-07-07;1557;4024;0;236257;168492;0;55.0;39.2;0.0
28;2021-07-08;1487;3376;0;237744;171868;0;55.4;40.0;0.0
28;2021-07-09;1327;4617;0;239071;176485;0;55.7;41.1;0.0
28;2021-07-10;485;2265;0;239556;178750;0;55.8;41.6;0.0
28;2021-07-11;45;94;0;239601;178844;0;55.8;41.6;0.0
28;2021-07-12;1308;4024;0;240909;182868;0;56.1;42.6;0.0
28;2021-07-13;2005;4283;0;242914;187151;0;56.6;43.6;0.0
28;2021-07-14;1161;1431;0;244075;188582;0;56.8;43.9;0.0
28;2021-07-15;2589;4033;0;246664;192615;0;57.4;44.9;0.0
28;2021-07-16;2288;4812;0;248952;197427;0;58.0;46.0;0.0
28;2021-07-17;1377;2506;0;250329;199933;0;58.3;46.6;0.0
28;2021-07-18;396;952;0;250725;200885;0;58.4;46.8;0.0
28;2021-07-19;1766;4177;0;252491;205062;0;58.8;47.8;0.0
28;2021-07-20;2387;4040;0;254878;209102;0;59.4;48.7;0.0
28;2021-07-21;2749;4325;1;257627;213427;1;60.0;49.7;0.0
28;2021-07-22;3383;3541;0;261010;216968;1;60.8;50.5;0.0
28;2021-07-23;2904;3952;0;263914;220920;1;61.5;51.4;0.0
28;2021-07-24;1790;1422;0;265704;222342;1;61.9;51.8;0.0
28;2021-07-25;146;109;0;265850;222451;1;61.9;51.8;0.0
28;2021-07-26;2745;3200;0;268595;225651;1;62.5;52.5;0.0
28;2021-07-27;3530;2578;0;272125;228229;1;63.4;53.1;0.0
28;2021-07-28;3722;2625;0;275847;230854;1;64.2;53.8;0.0
28;2021-07-29;4025;2117;0;279872;232971;1;65.2;54.3;0.0
28;2021-07-30;3518;2765;0;283390;235736;1;66.0;54.9;0.0
28;2021-07-31;891;810;0;284281;236546;1;66.2;55.1;0.0
28;2021-08-01;410;97;0;284691;236643;1;66.3;55.1;0.0
28;2021-08-02;1716;1449;0;286407;238092;1;66.7;55.4;0.0
28;2021-08-03;2547;2030;0;288954;240122;1;67.3;55.9;0.0
28;2021-08-04;2024;2114;0;290978;242236;1;67.8;56.4;0.0
28;2021-08-05;1807;1773;0;292785;244009;1;68.2;56.8;0.0
28;2021-08-06;1745;2064;0;294530;246073;1;68.6;57.3;0.0
28;2021-08-07;893;1143;0;295423;247216;1;68.8;57.6;0.0
28;2021-08-08;84;97;0;295507;247313;1;68.8;57.6;0.0
28;2021-08-09;1408;1303;0;296915;248616;1;69.1;57.9;0.0
28;2021-08-10;1817;2017;0;298732;250633;1;69.6;58.4;0.0
28;2021-08-11;1408;1821;0;300140;252454;1;69.9;58.8;0.0
28;2021-08-12;1352;2064;0;301492;254518;1;70.2;59.3;0.0
28;2021-08-13;1416;1809;0;302908;256327;1;70.5;59.7;0.0
28;2021-08-14;727;1009;0;303635;257336;1;70.7;59.9;0.0
28;2021-08-15;254;100;0;303889;257436;1;70.8;59.9;0.0
28;2021-08-16;958;2080;0;304847;259516;1;71.0;60.4;0.0
28;2021-08-17;1188;2755;0;306035;262271;1;71.3;61.1;0.0
28;2021-08-18;911;2499;0;306946;264770;1;71.5;61.7;0.0
28;2021-08-19;931;2639;0;307877;267409;1;71.7;62.3;0.0
28;2021-08-20;930;2709;0;308807;270118;1;71.9;62.9;0.0
28;2021-08-21;440;1194;0;309247;271312;1;72.0;63.2;0.0
28;2021-08-22;38;101;0;309285;271413;1;72.0;63.2;0.0
28;2021-08-23;986;2060;0;310271;273473;1;72.3;63.7;0.0
28;2021-08-24;872;2596;0;311143;276069;1;72.5;64.3;0.0
28;2021-08-25;997;2237;0;312140;278306;1;72.7;64.8;0.0
28;2021-08-26;732;1984;0;312872;280290;1;72.9;65.3;0.0
28;2021-08-27;788;2426;0;313660;282716;1;73.0;65.8;0.0
28;2021-08-28;546;1247;0;314206;283963;1;73.2;66.1;0.0
28;2021-08-29;43;81;0;314249;284044;1;73.2;66.1;0.0
28;2021-08-30;928;2030;23;315177;286074;24;73.4;66.6;0.0
28;2021-08-31;746;2204;55;315923;288278;79;73.6;67.1;0.0
28;2021-09-01;754;2286;174;316677;290564;253;73.7;67.7;0.1
28;2021-09-02;582;1986;170;317259;292550;423;73.9;68.1;0.1
28;2021-09-03;724;2322;211;317983;294872;634;74.0;68.7;0.1
28;2021-09-04;611;2313;95;318594;297185;729;74.2;69.2;0.2
28;2021-09-05;178;145;97;318772;297330;826;74.2;69.2;0.2
28;2021-09-06;442;1300;241;319214;298630;1067;74.3;69.5;0.2
28;2021-09-07;385;1376;166;319599;300006;1233;74.4;69.9;0.3
28;2021-09-08;554;1390;181;320153;301396;1414;74.6;70.2;0.3
28;2021-09-09;345;1047;166;320498;302443;1580;74.6;70.4;0.4
28;2021-09-10;608;1380;243;321106;303823;1823;74.8;70.8;0.4
28;2021-09-11;332;1216;75;321438;305039;1898;74.9;71.0;0.4
28;2021-09-12;53;58;29;321491;305097;1927;74.9;71.0;0.4
28;2021-09-13;328;714;308;321819;305811;2235;74.9;71.2;0.5
28;2021-09-14;363;895;341;322182;306706;2576;75.0;71.4;0.6
28;2021-09-15;540;1034;392;322722;307740;2968;75.2;71.7;0.7
28;2021-09-16;277;735;404;322999;308475;3372;75.2;71.8;0.8
28;2021-09-17;319;1042;395;323318;309517;3767;75.3;72.1;0.9
28;2021-09-18;180;359;83;323498;309876;3850;75.3;72.2;0.9
28;2021-09-19;15;29;5;323513;309905;3855;75.3;72.2;0.9
28;2021-09-20;168;487;298;323681;310392;4153;75.4;72.3;1.0
28;2021-09-21;321;874;437;324002;311266;4590;75.5;72.5;1.1
28;2021-09-22;330;976;524;324332;312242;5114;75.5;72.7;1.2
28;2021-09-23;189;498;493;324521;312740;5607;75.6;72.8;1.3
28;2021-09-24;257;967;405;324778;313707;6012;75.6;73.1;1.4
28;2021-09-25;134;423;129;324912;314130;6141;75.7;73.2;1.4
28;2021-09-26;22;49;15;324934;314179;6156;75.7;73.2;1.4
28;2021-09-27;165;680;365;325099;314859;6521;75.7;73.3;1.5
28;2021-09-28;172;466;629;325271;315325;7150;75.7;73.4;1.7
28;2021-09-29;363;733;399;325634;316058;7549;75.8;73.6;1.8
28;2021-09-30;238;452;712;325872;316510;8261;75.9;73.7;1.9
28;2021-10-01;303;697;510;326175;317207;8771;76.0;73.9;2.0
28;2021-10-02;121;222;76;326296;317429;8847;76.0;73.9;2.1
28;2021-10-03;8;22;4;326304;317451;8851;76.0;73.9;2.1
28;2021-10-04;158;255;447;326462;317706;9298;76.0;74.0;2.2
28;2021-10-05;176;394;581;326638;318100;9879;76.1;74.1;2.3
28;2021-10-06;221;626;504;326859;318726;10383;76.1;74.2;2.4
28;2021-10-07;136;294;490;326995;319020;10873;76.1;74.3;2.5
28;2021-10-08;260;516;545;327255;319536;11418;76.2;74.4;2.7
28;2021-10-09;98;204;164;327353;319740;11582;76.2;74.5;2.7
28;2021-10-10;13;26;14;327366;319766;11596;76.2;74.5;2.7
28;2021-10-11;166;226;440;327532;319992;12036;76.3;74.5;2.8
28;2021-10-12;174;322;534;327706;320314;12570;76.3;74.6;2.9
28;2021-10-13;200;406;590;327906;320720;13160;76.4;74.7;3.1
28;2021-10-14;172;263;552;328078;320983;13712;76.4;74.7;3.2
28;2021-10-15;228;374;644;328306;321357;14356;76.5;74.8;3.3
28;2021-10-16;77;160;126;328383;321517;14482;76.5;74.9;3.4
28;2021-10-17;22;22;51;328405;321539;14533;76.5;74.9;3.4
28;2021-10-18;131;142;328;328536;321681;14861;76.5;74.9;3.5
28;2021-10-19;176;261;634;328712;321942;15495;76.5;75.0;3.6
28;2021-10-20;189;413;748;328901;322355;16243;76.6;75.1;3.8
28;2021-10-21;131;173;579;329032;322528;16822;76.6;75.1;3.9
28;2021-10-22;222;302;598;329254;322830;17420;76.7;75.2;4.1
28;2021-10-23;73;126;132;329327;322956;17552;76.7;75.2;4.1
28;2021-10-24;5;13;7;329332;322969;17559;76.7;75.2;4.1
28;2021-10-25;166;204;601;329498;323173;18160;76.7;75.3;4.2
28;2021-10-26;97;181;540;329595;323354;18700;76.8;75.3;4.4
28;2021-10-27;152;228;671;329747;323582;19371;76.8;75.4;4.5
28;2021-10-28;99;158;657;329846;323740;20028;76.8;75.4;4.7
28;2021-10-29;201;271;777;330047;324011;20805;76.9;75.5;4.8
28;2021-10-30;63;79;113;330110;324090;20918;76.9;75.5;4.9
28;2021-10-31;5;8;8;330115;324098;20926;76.9;75.5;4.9
28;2021-11-01;35;33;64;330150;324131;20990;76.9;75.5;4.9
28;2021-11-02;163;216;684;330313;324347;21674;76.9;75.5;5.0
28;2021-11-03;154;221;879;330467;324568;22553;77.0;75.6;5.3
28;2021-11-04;95;174;874;330562;324742;23427;77.0;75.6;5.5
28;2021-11-05;144;231;1002;330706;324973;24429;77.0;75.7;5.7
28;2021-11-06;82;114;280;330788;325087;24709;77.0;75.7;5.8
28;2021-11-07;3;27;32;330791;325114;24741;77.0;75.7;5.8
28;2021-11-08;119;175;1233;330910;325289;25974;77.1;75.7;6.0
28;2021-11-09;128;212;1223;331038;325501;27197;77.1;75.8;6.3
28;2021-11-10;159;205;1634;331197;325706;28831;77.1;75.8;6.7
28;2021-11-11;38;55;242;331235;325761;29073;77.1;75.9;6.8
28;2021-11-12;129;175;1184;331364;325936;30257;77.2;75.9;7.0
28;2021-11-13;70;82;378;331434;326018;30635;77.2;75.9;7.1
28;2021-11-14;3;2;8;331437;326020;30643;77.2;75.9;7.1
28;2021-11-15;120;166;1503;331557;326186;32146;77.2;76.0;7.5
28;2021-11-16;134;156;1793;331691;326342;33939;77.2;76.0;7.9
28;2021-11-17;163;202;1728;331854;326544;35667;77.3;76.0;8.3
28;2021-11-18;139;151;1633;331993;326695;37300;77.3;76.1;8.7
28;2021-11-19;198;250;1878;332191;326945;39178;77.4;76.1;9.1
28;2021-11-20;91;128;474;332282;327073;39652;77.4;76.2;9.2
28;2021-11-21;24;10;145;332306;327083;39797;77.4;76.2;9.3
28;2021-11-22;152;116;1755;332458;327199;41552;77.4;76.2;9.7
28;2021-11-23;127;123;1558;332585;327322;43110;77.4;76.2;10.0
28;2021-11-24;170;207;1561;332755;327529;44671;77.5;76.3;10.4
28;2021-11-25;140;149;2296;332895;327678;46967;77.5;76.3;10.9
28;2021-11-26;176;219;2907;333071;327897;49874;77.6;76.4;11.6
28;2021-11-27;66;99;780;333137;327996;50654;77.6;76.4;11.8
28;2021-11-28;4;11;73;333141;328007;50727;77.6;76.4;11.8
28;2021-11-29;127;124;2904;333268;328131;53631;77.6;76.4;12.5
28;2021-11-30;97;143;3636;333365;328274;57267;77.6;76.4;13.3
28;2021-12-01;128;182;3755;333493;328456;61022;77.7;76.5;14.2
28;2021-12-02;107;104;4318;333600;328560;65340;77.7;76.5;15.2
28;2021-12-03;142;182;5025;333742;328742;70365;77.7;76.6;16.4
28;2021-12-04;59;74;1511;333801;328816;71876;77.7;76.6;16.7
28;2021-12-05;20;21;991;333821;328837;72867;77.7;76.6;17.0
28;2021-12-06;100;149;4455;333921;328986;77322;77.8;76.6;18.0
28;2021-12-07;102;137;4793;334023;329123;82115;77.8;76.6;19.1
28;2021-12-08;148;165;4485;334171;329288;86600;77.8;76.7;20.2
28;2021-12-09;95;125;5611;334266;329413;92211;77.8;76.7;21.5
28;2021-12-10;122;193;5464;334388;329606;97675;77.9;76.8;22.7
28;2021-12-11;66;68;2065;334454;329674;99740;77.9;76.8;23.2
28;2021-12-12;14;12;397;334468;329686;100137;77.9;76.8;23.3
28;2021-12-13;101;133;4690;334569;329819;104827;77.9;76.8;24.4
28;2021-12-14;109;157;7650;334678;329976;112477;77.9;76.8;26.2
28;2021-12-15;116;206;6916;334794;330182;119393;78.0;76.9;27.8
28;2021-12-16;129;189;6162;334923;330371;125555;78.0;76.9;29.2
28;2021-12-17;146;215;6132;335069;330586;131687;78.0;77.0;30.7
28;2021-12-18;105;103;2543;335174;330689;134230;78.1;77.0;31.3
28;2021-12-19;44;17;1517;335218;330706;135747;78.1;77.0;31.6
28;2021-12-20;117;121;3463;335335;330827;139210;78.1;77.0;32.4
28;2021-12-21;133;128;3797;335468;330955;143007;78.1;77.1;33.3
28;2021-12-22;163;133;3216;335631;331088;146223;78.2;77.1;34.1
28;2021-12-23;104;89;1926;335735;331177;148149;78.2;77.1;34.5
28;2021-12-24;16;23;367;335751;331200;148516;78.2;77.1;34.6
28;2021-12-25;3;4;13;335754;331204;148529;78.2;77.1;34.6
28;2021-12-26;8;8;117;335762;331212;148646;78.2;77.1;34.6
29;2020-12-27;0;0;0;0;0;0;0.0;0.0;0.0
29;2020-12-28;1;0;0;1;0;0;0.0;0.0;0.0
29;2020-12-29;0;0;0;1;0;0;0.0;0.0;0.0
29;2020-12-30;0;0;0;1;0;0;0.0;0.0;0.0
29;2020-12-31;1;0;0;2;0;0;0.0;0.0;0.0
29;2021-01-01;4;0;0;6;0;0;0.0;0.0;0.0
29;2021-01-02;2;0;0;8;0;0;0.0;0.0;0.0
29;2021-01-03;1;0;0;9;0;0;0.0;0.0;0.0
29;2021-01-04;34;0;0;43;0;0;0.0;0.0;0.0
29;2021-01-05;33;0;0;76;0;0;0.0;0.0;0.0
29;2021-01-06;44;0;0;120;0;0;0.0;0.0;0.0
29;2021-01-07;151;0;0;271;0;0;0.0;0.0;0.0
29;2021-01-08;407;1;0;678;1;0;0.1;0.0;0.0
29;2021-01-09;2;0;0;680;1;0;0.1;0.0;0.0
29;2021-01-10;5;0;0;685;1;0;0.1;0.0;0.0
29;2021-01-11;669;0;0;1354;1;0;0.1;0.0;0.0
29;2021-01-12;1126;0;0;2480;1;0;0.3;0.0;0.0
29;2021-01-13;1085;2;0;3565;3;0;0.4;0.0;0.0
29;2021-01-14;936;5;0;4501;8;0;0.5;0.0;0.0
29;2021-01-15;1278;7;0;5779;15;0;0.6;0.0;0.0
29;2021-01-16;174;1;0;5953;16;0;0.7;0.0;0.0
29;2021-01-17;115;1;0;6068;17;0;0.7;0.0;0.0
29;2021-01-18;919;5;0;6987;22;0;0.8;0.0;0.0
29;2021-01-19;1354;5;0;8341;27;0;0.9;0.0;0.0
29;2021-01-20;2365;3;0;10706;30;0;1.2;0.0;0.0
29;2021-01-21;5553;19;0;16259;49;0;1.8;0.0;0.0
29;2021-01-22;3720;8;0;19979;57;0;2.2;0.0;0.0
29;2021-01-23;539;0;0;20518;57;0;2.3;0.0;0.0
29;2021-01-24;191;0;0;20709;57;0;2.3;0.0;0.0
29;2021-01-25;607;7;0;21316;64;0;2.4;0.0;0.0
29;2021-01-26;962;33;0;22278;97;0;2.5;0.0;0.0
29;2021-01-27;1354;53;0;23632;150;0;2.6;0.0;0.0
29;2021-01-28;893;139;0;24525;289;0;2.7;0.0;0.0
29;2021-01-29;837;204;0;25362;493;0;2.8;0.1;0.0
29;2021-01-30;279;4;0;25641;497;0;2.8;0.1;0.0
29;2021-01-31;67;3;0;25708;500;0;2.8;0.1;0.0
29;2021-02-01;437;441;0;26145;941;0;2.9;0.1;0.0
29;2021-02-02;925;803;0;27070;1744;0;3.0;0.2;0.0
29;2021-02-03;833;869;0;27903;2613;0;3.1;0.3;0.0
29;2021-02-04;948;629;0;28851;3242;0;3.2;0.4;0.0
29;2021-02-05;724;596;0;29575;3838;0;3.3;0.4;0.0
29;2021-02-06;267;105;0;29842;3943;0;3.3;0.4;0.0
29;2021-02-07;75;108;0;29917;4051;0;3.3;0.4;0.0
29;2021-02-08;379;462;0;30296;4513;0;3.3;0.5;0.0
29;2021-02-09;887;832;0;31183;5345;0;3.4;0.6;0.0
29;2021-02-10;1157;1033;0;32340;6378;0;3.6;0.7;0.0
29;2021-02-11;1797;4095;0;34137;10473;0;3.8;1.2;0.0
29;2021-02-12;2310;2508;0;36447;12981;0;4.0;1.4;0.0
29;2021-02-13;623;376;0;37070;13357;0;4.1;1.5;0.0
29;2021-02-14;12;226;0;37082;13583;0;4.1;1.5;0.0
29;2021-02-15;289;1029;0;37371;14612;0;4.1;1.6;0.0
29;2021-02-16;915;1039;0;38286;15651;0;4.2;1.7;0.0
29;2021-02-17;867;902;0;39153;16553;0;4.3;1.8;0.0
29;2021-02-18;1538;877;0;40691;17430;0;4.5;1.9;0.0
29;2021-02-19;1388;1040;0;42079;18470;0;4.6;2.0;0.0
29;2021-02-20;208;360;0;42287;18830;0;4.7;2.1;0.0
29;2021-02-21;155;161;0;42442;18991;0;4.7;2.1;0.0
29;2021-02-22;777;585;0;43219;19576;0;4.8;2.2;0.0
29;2021-02-23;1248;907;0;44467;20483;0;4.9;2.3;0.0
29;2021-02-24;1475;897;0;45942;21380;0;5.1;2.4;0.0
29;2021-02-25;2451;948;0;48393;22328;0;5.3;2.5;0.0
29;2021-02-26;2715;766;0;51108;23094;0;5.6;2.5;0.0
29;2021-02-27;1279;277;0;52387;23371;0;5.8;2.6;0.0
29;2021-02-28;191;69;0;52578;23440;0;5.8;2.6;0.0
29;2021-03-01;942;485;0;53520;23925;0;5.9;2.6;0.0
29;2021-03-02;1834;845;0;55354;24770;0;6.1;2.7;0.0
29;2021-03-03;2126;1057;0;57480;25827;0;6.3;2.8;0.0
29;2021-03-04;2842;1601;0;60322;27428;0;6.7;3.0;0.0
29;2021-03-05;3547;1693;0;63869;29121;0;7.0;3.2;0.0
29;2021-03-06;2008;437;0;65877;29558;0;7.3;3.3;0.0
29;2021-03-07;419;80;0;66296;29638;0;7.3;3.3;0.0
29;2021-03-08;1311;594;0;67607;30232;0;7.5;3.3;0.0
29;2021-03-09;2613;983;0;70220;31215;0;7.7;3.4;0.0
29;2021-03-10;2450;902;0;72670;32117;0;8.0;3.5;0.0
29;2021-03-11;4438;1021;0;77108;33138;0;8.5;3.7;0.0
29;2021-03-12;5252;967;0;82360;34105;0;9.1;3.8;0.0
29;2021-03-13;2799;411;0;85159;34516;0;9.4;3.8;0.0
29;2021-03-14;354;4;0;85513;34520;0;9.4;3.8;0.0
29;2021-03-15;2085;279;0;87598;34799;0;9.7;3.8;0.0
29;2021-03-16;1876;788;0;89474;35587;0;9.9;3.9;0.0
29;2021-03-17;1922;732;0;91396;36319;0;10.1;4.0;0.0
29;2021-03-18;1928;1049;0;93324;37368;0;10.3;4.1;0.0
29;2021-03-19;3322;902;0;96646;38270;0;10.7;4.2;0.0
29;2021-03-20;1936;224;0;98582;38494;0;10.9;4.2;0.0
29;2021-03-21;132;12;0;98714;38506;0;10.9;4.2;0.0
29;2021-03-22;1683;610;0;100397;39116;0;11.1;4.3;0.0
29;2021-03-23;3532;1062;0;103929;40178;0;11.5;4.4;0.0
29;2021-03-24;3860;1010;0;107789;41188;0;11.9;4.5;0.0
29;2021-03-25;4886;1070;0;112675;42258;0;12.4;4.7;0.0
29;2021-03-26;5386;1172;0;118061;43430;0;13.0;4.8;0.0
29;2021-03-27;2485;324;0;120546;43754;0;13.3;4.8;0.0
29;2021-03-28;181;47;0;120727;43801;0;13.3;4.8;0.0
29;2021-03-29;2126;838;0;122853;44639;0;13.6;4.9;0.0
29;2021-03-30;4136;1363;0;126989;46002;0;14.0;5.1;0.0
29;2021-03-31;4138;1170;0;131127;47172;0;14.5;5.2;0.0
29;2021-04-01;5227;1170;0;136354;48342;0;15.0;5.3;0.0
29;2021-04-02;4918;1196;0;141272;49538;0;15.6;5.5;0.0
29;2021-04-03;2670;542;0;143942;50080;0;15.9;5.5;0.0
29;2021-04-04;147;31;0;144089;50111;0;15.9;5.5;0.0
29;2021-04-05;930;313;0;145019;50424;0;16.0;5.6;0.0
29;2021-04-06;3352;1278;0;148371;51702;0;16.4;5.7;0.0
29;2021-04-07;3784;997;0;152155;52699;0;16.8;5.8;0.0
29;2021-04-08;5341;2027;0;157496;54726;0;17.4;6.0;0.0
29;2021-04-09;6828;1584;0;164324;56310;0;18.1;6.2;0.0
29;2021-04-10;3555;714;0;167879;57024;0;18.5;6.3;0.0
29;2021-04-11;117;73;0;167996;57097;0;18.5;6.3;0.0
29;2021-04-12;4001;1528;0;171997;58625;0;19.0;6.5;0.0
29;2021-04-13;5989;1812;0;177986;60437;0;19.6;6.7;0.0
29;2021-04-14;4885;1778;0;182871;62215;0;20.2;6.9;0.0
29;2021-04-15;7227;1797;0;190098;64012;0;21.0;7.1;0.0
29;2021-04-16;6689;1399;0;196787;65411;0;21.7;7.2;0.0
29;2021-04-17;3751;1014;0;200538;66425;0;22.1;7.3;0.0
29;2021-04-18;461;43;0;200999;66468;0;22.2;7.3;0.0
29;2021-04-19;3940;1483;0;204939;67951;0;22.6;7.5;0.0
29;2021-04-20;4480;2241;0;209419;70192;0;23.1;7.7;0.0
29;2021-04-21;4450;2295;0;213869;72487;0;23.6;8.0;0.0
29;2021-04-22;6697;2913;0;220566;75400;0;24.3;8.3;0.0
29;2021-04-23;6103;2284;0;226669;77684;0;25.0;8.6;0.0
29;2021-04-24;3953;1423;0;230622;79107;0;25.4;8.7;0.0
29;2021-04-25;424;159;0;231046;79266;0;25.5;8.7;0.0
29;2021-04-26;5341;1957;0;236387;81223;0;26.1;9.0;0.0
29;2021-04-27;5418;3349;0;241805;84572;0;26.7;9.3;0.0
29;2021-04-28;5528;3089;0;247333;87661;0;27.3;9.7;0.0
29;2021-04-29;6632;3533;0;253965;91194;0;28.0;10.1;0.0
29;2021-04-30;6275;4107;0;260240;95301;0;28.7;10.5;0.0
29;2021-05-01;1973;954;0;262213;96255;0;28.9;10.6;0.0
29;2021-05-02;1219;168;0;263432;96423;0;29.1;10.6;0.0
29;2021-05-03;4545;2370;0;267977;98793;0;29.6;10.9;0.0
29;2021-05-04;4193;3878;0;272170;102671;0;30.0;11.3;0.0
29;2021-05-05;4617;3566;0;276787;106237;0;30.5;11.7;0.0
29;2021-05-06;6199;3829;0;282986;110066;0;31.2;12.1;0.0
29;2021-05-07;5988;4692;0;288974;114758;0;31.9;12.7;0.0
29;2021-05-08;2100;557;0;291074;115315;0;32.1;12.7;0.0
29;2021-05-09;1672;146;0;292746;115461;0;32.3;12.7;0.0
29;2021-05-10;4873;3810;0;297619;119271;0;32.8;13.2;0.0
29;2021-05-11;4840;5099;0;302459;124370;0;33.4;13.7;0.0
29;2021-05-12;5190;4473;0;307649;128843;0;33.9;14.2;0.0
29;2021-05-13;3404;1494;0;311053;130337;0;34.3;14.4;0.0
29;2021-05-14;5771;3979;0;316824;134316;0;34.9;14.8;0.0
29;2021-05-15;4129;2271;0;320953;136587;0;35.4;15.1;0.0
29;2021-05-16;1531;282;0;322484;136869;0;35.6;15.1;0.0
29;2021-05-17;5509;3122;0;327993;139991;0;36.2;15.4;0.0
29;2021-05-18;5763;3122;0;333756;143113;0;36.8;15.8;0.0
29;2021-05-19;6116;3023;0;339872;146136;0;37.5;16.1;0.0
29;2021-05-20;7126;4611;0;346998;150747;0;38.3;16.6;0.0
29;2021-05-21;7123;3890;0;354121;154637;0;39.1;17.1;0.0
29;2021-05-22;5338;2080;0;359459;156717;0;39.7;17.3;0.0
29;2021-05-23;1635;69;0;361094;156786;0;39.8;17.3;0.0
29;2021-05-24;3589;544;0;364683;157330;0;40.2;17.4;0.0
29;2021-05-25;5858;3144;0;370541;160474;0;40.9;17.7;0.0
29;2021-05-26;5880;3173;0;376421;163647;0;41.5;18.1;0.0
29;2021-05-27;6751;4099;0;383172;167746;0;42.3;18.5;0.0
29;2021-05-28;6529;4627;0;389701;172373;0;43.0;19.0;0.0
29;2021-05-29;4348;2797;0;394049;175170;0;43.5;19.3;0.0
29;2021-05-30;1107;364;0;395156;175534;0;43.6;19.4;0.0
29;2021-05-31;6225;3596;0;401381;179130;0;44.3;19.8;0.0
29;2021-06-01;6645;4429;0;408026;183559;0;45.0;20.2;0.0
29;2021-06-02;6182;4149;0;414208;187708;0;45.7;20.7;0.0
29;2021-06-03;7614;4479;0;421822;192187;0;46.5;21.2;0.0
29;2021-06-04;6888;6156;0;428710;198343;0;47.3;21.9;0.0
29;2021-06-05;5496;3035;0;434206;201378;0;47.9;22.2;0.0
29;2021-06-06;1267;532;0;435473;201910;0;48.0;22.3;0.0
29;2021-06-07;4759;5542;0;440232;207452;0;48.6;22.9;0.0
29;2021-06-08;7092;5196;0;447324;212648;0;49.3;23.5;0.0
29;2021-06-09;6443;4703;0;453767;217351;0;50.1;24.0;0.0
29;2021-06-10;7735;4962;0;461502;222313;0;50.9;24.5;0.0
29;2021-06-11;8204;5754;0;469706;228067;0;51.8;25.2;0.0
29;2021-06-12;6370;2738;0;476076;230805;0;52.5;25.5;0.0
29;2021-06-13;2221;1328;0;478297;232133;0;52.8;25.6;0.0
29;2021-06-14;3972;6264;0;482269;238397;0;53.2;26.3;0.0
29;2021-06-15;5341;6092;0;487610;244489;0;53.8;27.0;0.0
29;2021-06-16;5431;5609;0;493041;250098;0;54.4;27.6;0.0
29;2021-06-17;6194;6295;0;499235;256393;0;55.1;28.3;0.0
29;2021-06-18;6004;7448;0;505239;263841;0;55.7;29.1;0.0
29;2021-06-19;4537;3476;0;509776;267317;0;56.2;29.5;0.0
29;2021-06-20;851;1428;0;510627;268745;0;56.3;29.6;0.0
29;2021-06-21;3643;6475;0;514270;275220;0;56.7;30.4;0.0
29;2021-06-22;4305;6353;0;518575;281573;0;57.2;31.1;0.0
29;2021-06-23;4470;6145;0;523045;287718;0;57.7;31.7;0.0
29;2021-06-24;4590;6688;0;527635;294406;0;58.2;32.5;0.0
29;2021-06-25;3509;7489;0;531144;301895;0;58.6;33.3;0.0
29;2021-06-26;2044;4074;0;533188;305969;0;58.8;33.8;0.0
29;2021-06-27;936;1574;0;534124;307543;0;58.9;33.9;0.0
29;2021-06-28;2673;6809;0;536797;314352;0;59.2;34.7;0.0
29;2021-06-29;2730;7646;0;539527;321998;0;59.5;35.5;0.0
29;2021-06-30;2930;7361;0;542457;329359;0;59.8;36.3;0.0
29;2021-07-01;3674;8222;0;546131;337581;0;60.2;37.2;0.0
29;2021-07-02;3419;9412;0;549550;346993;0;60.6;38.3;0.0
29;2021-07-03;2277;5977;0;551827;352970;0;60.9;38.9;0.0
29;2021-07-04;807;1707;0;552634;354677;0;61.0;39.1;0.0
29;2021-07-05;1835;7166;0;554469;361843;0;61.2;39.9;0.0
29;2021-07-06;1602;8052;0;556071;369895;0;61.3;40.8;0.0
29;2021-07-07;1755;6975;0;557826;376870;0;61.5;41.6;0.0
29;2021-07-08;2419;8029;0;560245;384899;0;61.8;42.5;0.0
29;2021-07-09;2587;8957;0;562832;393856;0;62.1;43.4;0.0
29;2021-07-10;1863;6000;0;564695;399856;0;62.3;44.1;0.0
29;2021-07-11;447;1073;0;565142;400929;0;62.3;44.2;0.0
29;2021-07-12;1973;8141;0;567115;409070;0;62.6;45.1;0.0
29;2021-07-13;2796;8600;0;569911;417670;0;62.9;46.1;0.0
29;2021-07-14;2054;3322;0;571965;420992;0;63.1;46.4;0.0
29;2021-07-15;3806;9442;0;575771;430434;0;63.5;47.5;0.0
29;2021-07-16;4498;9038;0;580269;439472;0;64.0;48.5;0.0
29;2021-07-17;3187;5977;0;583456;445449;0;64.4;49.1;0.0
29;2021-07-18;650;1070;0;584106;446519;0;64.4;49.3;0.0
29;2021-07-19;3181;7378;0;587287;453897;0;64.8;50.1;0.0
29;2021-07-20;3671;9181;0;590958;463078;0;65.2;51.1;0.0
29;2021-07-21;3698;7662;0;594656;470740;0;65.6;51.9;0.0
29;2021-07-22;3584;8337;0;598240;479077;0;66.0;52.8;0.0
29;2021-07-23;4121;10371;0;602361;489448;0;66.4;54.0;0.0
29;2021-07-24;2514;5778;0;604875;495226;0;66.7;54.6;0.0
29;2021-07-25;651;2296;0;605526;497522;0;66.8;54.9;0.0
29;2021-07-26;3416;6943;0;608942;504465;0;67.2;55.6;0.0
29;2021-07-27;3865;6932;0;612807;511397;0;67.6;56.4;0.0
29;2021-07-28;4288;5806;0;617095;517203;0;68.1;57.1;0.0
29;2021-07-29;5670;6107;0;622765;523310;0;68.7;57.7;0.0
29;2021-07-30;5375;6222;0;628140;529532;0;69.3;58.4;0.0
29;2021-07-31;2971;4679;0;631111;534211;0;69.6;58.9;0.0
29;2021-08-01;703;859;0;631814;535070;0;69.7;59.0;0.0
29;2021-08-02;4224;4931;0;636038;540001;0;70.2;59.6;0.0
29;2021-08-03;5375;4134;0;641413;544135;0;70.8;60.0;0.0
29;2021-08-04;5523;3499;0;646936;547634;0;71.4;60.4;0.0
29;2021-08-05;6287;3767;0;653223;551401;0;72.1;60.8;0.0
29;2021-08-06;5798;4093;0;659021;555494;0;72.7;61.3;0.0
29;2021-08-07;3916;2726;1;662937;558220;1;73.1;61.6;0.0
29;2021-08-08;835;675;0;663772;558895;1;73.2;61.7;0.0
29;2021-08-09;3035;4408;0;666807;563303;1;73.6;62.1;0.0
29;2021-08-10;4270;3660;0;671077;566963;1;74.0;62.5;0.0
29;2021-08-11;3858;3083;0;674935;570046;1;74.5;62.9;0.0
29;2021-08-12;4437;4258;0;679372;574304;1;74.9;63.4;0.0
29;2021-08-13;4071;3645;0;683443;577949;1;75.4;63.8;0.0
29;2021-08-14;2705;2682;0;686148;580631;1;75.7;64.0;0.0
29;2021-08-15;355;422;0;686503;581053;1;75.7;64.1;0.0
29;2021-08-16;3096;4213;0;689599;585266;1;76.1;64.6;0.0
29;2021-08-17;4088;3345;0;693687;588611;1;76.5;64.9;0.0
29;2021-08-18;3476;3585;0;697163;592196;1;76.9;65.3;0.0
29;2021-08-19;3603;4400;0;700766;596596;1;77.3;65.8;0.0
29;2021-08-20;3248;4492;0;704014;601088;1;77.7;66.3;0.0
29;2021-08-21;2071;3021;0;706085;604109;1;77.9;66.6;0.0
29;2021-08-22;221;421;0;706306;604530;1;77.9;66.7;0.0
29;2021-08-23;2243;4444;0;708549;608974;1;78.2;67.2;0.0
29;2021-08-24;2356;4836;0;710905;613810;1;78.4;67.7;0.0
29;2021-08-25;2058;4202;0;712963;618012;1;78.6;68.2;0.0
29;2021-08-26;2167;5219;0;715130;623231;1;78.9;68.7;0.0
29;2021-08-27;1876;5753;0;717006;628984;1;79.1;69.4;0.0
29;2021-08-28;1359;3855;0;718365;632839;1;79.2;69.8;0.0
29;2021-08-29;384;1264;0;718749;634103;1;79.3;69.9;0.0
29;2021-08-30;1369;4127;66;720118;638230;67;79.4;70.4;0.0
29;2021-08-31;1438;4319;117;721556;642549;184;79.6;70.9;0.0
29;2021-09-01;1314;3747;229;722870;646296;413;79.7;71.3;0.0
29;2021-09-02;1070;3958;338;723940;650254;751;79.9;71.7;0.1
29;2021-09-03;1369;4690;501;725309;654944;1252;80.0;72.2;0.1
29;2021-09-04;1321;3679;257;726630;658623;1509;80.2;72.7;0.2
29;2021-09-05;195;658;44;726825;659281;1553;80.2;72.7;0.2
29;2021-09-06;704;3250;362;727529;662531;1915;80.3;73.1;0.2
29;2021-09-07;867;3341;575;728396;665872;2490;80.3;73.5;0.3
29;2021-09-08;846;3368;489;729242;669240;2979;80.4;73.8;0.3
29;2021-09-09;900;3309;489;730142;672549;3468;80.5;74.2;0.4
29;2021-09-10;1154;4267;731;731296;676816;4199;80.7;74.7;0.5
29;2021-09-11;662;3308;198;731958;680124;4397;80.7;75.0;0.5
29;2021-09-12;109;391;28;732067;680515;4425;80.8;75.1;0.5
29;2021-09-13;794;3082;679;732861;683597;5104;80.8;75.4;0.6
29;2021-09-14;714;2909;1101;733575;686506;6205;80.9;75.7;0.7
29;2021-09-15;690;3160;696;734265;689666;6901;81.0;76.1;0.8
29;2021-09-16;802;2615;1380;735067;692281;8281;81.1;76.4;0.9
29;2021-09-17;857;3069;978;735924;695350;9259;81.2;76.7;1.0
29;2021-09-18;566;3300;502;736490;698650;9761;81.2;77.1;1.1
29;2021-09-19;68;370;38;736558;699020;9799;81.2;77.1;1.1
29;2021-09-20;449;2037;796;737007;701057;10595;81.3;77.3;1.2
29;2021-09-21;433;1775;1146;737440;702832;11741;81.3;77.5;1.3
29;2021-09-22;362;2150;1212;737802;704982;12953;81.4;77.8;1.4
29;2021-09-23;444;1672;1775;738246;706654;14728;81.4;77.9;1.6
29;2021-09-24;461;2104;1367;738707;708758;16095;81.5;78.2;1.8
29;2021-09-25;338;2584;401;739045;711342;16496;81.5;78.5;1.8
29;2021-09-26;51;216;27;739096;711558;16523;81.5;78.5;1.8
29;2021-09-27;305;1499;753;739401;713057;17276;81.6;78.7;1.9
29;2021-09-28;248;1437;785;739649;714494;18061;81.6;78.8;2.0
29;2021-09-29;394;1611;1054;740043;716105;19115;81.6;79.0;2.1
29;2021-09-30;296;1219;1093;740339;717324;20208;81.7;79.1;2.2
29;2021-10-01;504;1445;1313;740843;718769;21521;81.7;79.3;2.4
29;2021-10-02;339;1565;363;741182;720334;21884;81.8;79.5;2.4
29;2021-10-03;13;35;10;741195;720369;21894;81.8;79.5;2.4
29;2021-10-04;314;1199;676;741509;721568;22570;81.8;79.6;2.5
29;2021-10-05;231;1002;861;741740;722570;23431;81.8;79.7;2.6
29;2021-10-06;316;1103;1015;742056;723673;24446;81.9;79.8;2.7
29;2021-10-07;283;877;895;742339;724550;25341;81.9;79.9;2.8
29;2021-10-08;460;1208;1383;742799;725758;26724;81.9;80.1;2.9
29;2021-10-09;313;934;519;743112;726692;27243;82.0;80.2;3.0
29;2021-10-10;5;18;11;743117;726710;27254;82.0;80.2;3.0
29;2021-10-11;279;836;917;743396;727546;28171;82.0;80.3;3.1
29;2021-10-12;229;580;978;743625;728126;29149;82.0;80.3;3.2
29;2021-10-13;293;723;1121;743918;728849;30270;82.1;80.4;3.3
29;2021-10-14;277;640;1119;744195;729489;31389;82.1;80.5;3.5
29;2021-10-15;362;702;1260;744557;730191;32649;82.1;80.5;3.6
29;2021-10-16;303;575;639;744860;730766;33288;82.2;80.6;3.7
29;2021-10-17;13;27;29;744873;730793;33317;82.2;80.6;3.7
29;2021-10-18;207;521;858;745080;731314;34175;82.2;80.7;3.8
29;2021-10-19;203;348;950;745283;731662;35125;82.2;80.7;3.9
29;2021-10-20;306;524;1490;745589;732186;36615;82.2;80.8;4.0
29;2021-10-21;217;397;1143;745806;732583;37758;82.3;80.8;4.2
29;2021-10-22;307;554;1441;746113;733137;39199;82.3;80.9;4.3
29;2021-10-23;274;445;932;746387;733582;40131;82.3;80.9;4.4
29;2021-10-24;1;16;3;746388;733598;40134;82.3;80.9;4.4
29;2021-10-25;168;327;843;746556;733925;40977;82.4;81.0;4.5
29;2021-10-26;172;261;966;746728;734186;41943;82.4;81.0;4.6
29;2021-10-27;317;408;1843;747045;734594;43786;82.4;81.0;4.8
29;2021-10-28;268;329;1398;747313;734923;45184;82.4;81.1;5.0
29;2021-10-29;266;418;1669;747579;735341;46853;82.5;81.1;5.2
29;2021-10-30;209;376;1257;747788;735717;48110;82.5;81.2;5.3
29;2021-10-31;6;14;20;747794;735731;48130;82.5;81.2;5.3
29;2021-11-01;23;8;22;747817;735739;48152;82.5;81.2;5.3
29;2021-11-02;171;272;1205;747988;736011;49357;82.5;81.2;5.4
29;2021-11-03;196;267;1382;748184;736278;50739;82.5;81.2;5.6
29;2021-11-04;212;354;1556;748396;736632;52295;82.6;81.3;5.8
29;2021-11-05;272;395;2464;748668;737027;54759;82.6;81.3;6.0
29;2021-11-06;258;397;1382;748926;737424;56141;82.6;81.3;6.2
29;2021-11-07;10;28;66;748936;737452;56207;82.6;81.3;6.2
29;2021-11-08;157;272;1818;749093;737724;58025;82.6;81.4;6.4
29;2021-11-09;162;261;2251;749255;737985;60276;82.6;81.4;6.6
29;2021-11-10;222;323;2846;749477;738308;63122;82.7;81.4;7.0
29;2021-11-11;8;13;62;749485;738321;63184;82.7;81.4;7.0
29;2021-11-12;200;356;2469;749685;738677;65653;82.7;81.5;7.2
29;2021-11-13;242;329;1684;749927;739006;67337;82.7;81.5;7.4
29;2021-11-14;11;11;70;749938;739017;67407;82.7;81.5;7.4
29;2021-11-15;181;218;2744;750119;739235;70151;82.7;81.5;7.7
29;2021-11-16;196;209;3385;750315;739444;73536;82.8;81.6;8.1
29;2021-11-17;304;316;3374;750619;739760;76910;82.8;81.6;8.5
29;2021-11-18;242;283;3920;750861;740043;80830;82.8;81.6;8.9
29;2021-11-19;340;423;5079;751201;740466;85909;82.9;81.7;9.5
29;2021-11-20;310;284;2357;751511;740750;88266;82.9;81.7;9.7
29;2021-11-21;35;23;134;751546;740773;88400;82.9;81.7;9.8
29;2021-11-22;216;177;3325;751762;740950;91725;82.9;81.7;10.1
29;2021-11-23;224;178;3827;751986;741128;95552;82.9;81.8;10.5
29;2021-11-24;297;289;3997;752283;741417;99549;83.0;81.8;11.0
29;2021-11-25;264;208;4844;752547;741625;104393;83.0;81.8;11.5
29;2021-11-26;323;447;7230;752870;742072;111623;83.0;81.9;12.3
29;2021-11-27;264;297;4026;753134;742369;115649;83.1;81.9;12.8
29;2021-11-28;21;21;405;753155;742390;116054;83.1;81.9;12.8
29;2021-11-29;182;206;4756;753337;742596;120810;83.1;81.9;13.3
29;2021-11-30;248;218;7937;753585;742814;128747;83.1;81.9;14.2
29;2021-12-01;212;238;7523;753797;743052;136270;83.1;82.0;15.0
29;2021-12-02;216;210;9787;754013;743262;146057;83.2;82.0;16.1
29;2021-12-03;217;284;10408;754230;743546;156465;83.2;82.0;17.3
29;2021-12-04;146;330;4903;754376;743876;161368;83.2;82.1;17.8
29;2021-12-05;12;27;782;754388;743903;162150;83.2;82.1;17.9
29;2021-12-06;169;270;7795;754557;744173;169945;83.2;82.1;18.7
29;2021-12-07;213;251;11016;754770;744424;180961;83.3;82.1;20.0
29;2021-12-08;194;326;9061;754964;744750;190022;83.3;82.2;21.0
29;2021-12-09;227;246;12344;755191;744996;202366;83.3;82.2;22.3
29;2021-12-10;281;402;13846;755472;745398;216212;83.3;82.2;23.8
29;2021-12-11;172;363;7272;755644;745761;223484;83.4;82.3;24.7
29;2021-12-12;40;64;1682;755684;745825;225166;83.4;82.3;24.8
29;2021-12-13;197;243;8813;755881;746068;233979;83.4;82.3;25.8
29;2021-12-14;217;292;13230;756098;746360;247209;83.4;82.3;27.3
29;2021-12-15;272;283;12484;756370;746643;259693;83.4;82.4;28.6
29;2021-12-16;253;320;14207;756623;746963;273900;83.5;82.4;30.2
29;2021-12-17;319;466;15434;756942;747429;289334;83.5;82.4;31.9
29;2021-12-18;243;355;8721;757185;747784;298055;83.5;82.5;32.9
29;2021-12-19;56;79;2256;757241;747863;300311;83.5;82.5;33.1
29;2021-12-20;345;391;10948;757586;748254;311259;83.6;82.5;34.3
29;2021-12-21;380;352;12544;757966;748606;323803;83.6;82.6;35.7
29;2021-12-22;380;400;10559;758346;749006;334362;83.7;82.6;36.9
29;2021-12-23;222;260;6344;758568;749266;340706;83.7;82.6;37.6
29;2021-12-24;57;44;961;758625;749310;341667;83.7;82.7;37.7
29;2021-12-25;1;6;84;758626;749316;341751;83.7;82.7;37.7
29;2021-12-26;15;15;383;758641;749331;342134;83.7;82.7;37.7
2A;2020-12-27;0;0;0;0;0;0;0.0;0.0;0.0
2A;2020-12-28;0;0;0;0;0;0;0.0;0.0;0.0
2A;2020-12-29;0;0;0;0;0;0;0.0;0.0;0.0
2A;2020-12-30;0;0;0;0;0;0;0.0;0.0;0.0
2A;2020-12-31;0;0;0;0;0;0;0.0;0.0;0.0
2A;2021-01-01;0;0;0;0;0;0;0.0;0.0;0.0
2A;2021-01-02;0;0;0;0;0;0;0.0;0.0;0.0
2A;2021-01-03;0;0;0;0;0;0;0.0;0.0;0.0
2A;2021-01-04;0;0;0;0;0;0;0.0;0.0;0.0
2A;2021-01-05;1;0;0;1;0;0;0.0;0.0;0.0
2A;2021-01-06;6;0;0;7;0;0;0.0;0.0;0.0
2A;2021-01-07;109;1;0;116;1;0;0.1;0.0;0.0
2A;2021-01-08;108;1;0;224;2;0;0.1;0.0;0.0
2A;2021-01-09;38;0;0;262;2;0;0.2;0.0;0.0
2A;2021-01-10;28;0;0;290;2;0;0.2;0.0;0.0
2A;2021-01-11;76;0;0;366;2;0;0.2;0.0;0.0
2A;2021-01-12;82;0;0;448;2;0;0.3;0.0;0.0
2A;2021-01-13;114;1;0;562;3;0;0.3;0.0;0.0
2A;2021-01-14;191;1;0;753;4;0;0.5;0.0;0.0
2A;2021-01-15;136;0;0;889;4;0;0.5;0.0;0.0
2A;2021-01-16;141;2;0;1030;6;0;0.6;0.0;0.0
2A;2021-01-17;72;1;0;1102;7;0;0.7;0.0;0.0
2A;2021-01-18;193;2;0;1295;9;0;0.8;0.0;0.0
2A;2021-01-19;461;5;0;1756;14;0;1.1;0.0;0.0
2A;2021-01-20;349;2;0;2105;16;0;1.3;0.0;0.0
2A;2021-01-21;435;1;0;2540;17;0;1.6;0.0;0.0
2A;2021-01-22;352;0;0;2892;17;0;1.8;0.0;0.0
2A;2021-01-23;171;0;0;3063;17;0;1.9;0.0;0.0
2A;2021-01-24;110;1;0;3173;18;0;2.0;0.0;0.0
2A;2021-01-25;206;0;0;3379;18;0;2.1;0.0;0.0
2A;2021-01-26;400;9;0;3779;27;0;2.3;0.0;0.0
2A;2021-01-27;295;6;0;4074;33;0;2.5;0.0;0.0
2A;2021-01-28;317;72;0;4391;105;0;2.7;0.1;0.0
2A;2021-01-29;329;60;0;4720;165;0;2.9;0.1;0.0
2A;2021-01-30;112;33;0;4832;198;0;3.0;0.1;0.0
2A;2021-01-31;73;11;0;4905;209;0;3.0;0.1;0.0
2A;2021-02-01;217;50;0;5122;259;0;3.2;0.2;0.0
2A;2021-02-02;282;117;0;5404;376;0;3.3;0.2;0.0
2A;2021-02-03;257;72;0;5661;448;0;3.5;0.3;0.0
2A;2021-02-04;247;128;0;5908;576;0;3.6;0.4;0.0
2A;2021-02-05;260;96;0;6168;672;0;3.8;0.4;0.0
2A;2021-02-06;115;58;0;6283;730;0;3.9;0.4;0.0
2A;2021-02-07;49;45;0;6332;775;0;3.9;0.5;0.0
2A;2021-02-08;95;191;0;6427;966;0;4.0;0.6;0.0
2A;2021-02-09;147;285;0;6574;1251;0;4.0;0.8;0.0
2A;2021-02-10;170;214;0;6744;1465;0;4.2;0.9;0.0
2A;2021-02-11;292;324;0;7036;1789;0;4.3;1.1;0.0
2A;2021-02-12;319;283;0;7355;2072;0;4.5;1.3;0.0
2A;2021-02-13;211;58;0;7566;2130;0;4.7;1.3;0.0
2A;2021-02-14;114;70;0;7680;2200;0;4.7;1.4;0.0
2A;2021-02-15;187;180;0;7867;2380;0;4.8;1.5;0.0
2A;2021-02-16;359;319;0;8226;2699;0;5.1;1.7;0.0
2A;2021-02-17;269;181;0;8495;2880;0;5.2;1.8;0.0
2A;2021-02-18;325;198;0;8820;3078;0;5.4;1.9;0.0
2A;2021-02-19;147;286;0;8967;3364;0;5.5;2.1;0.0
2A;2021-02-20;221;117;0;9188;3481;0;5.7;2.1;0.0
2A;2021-02-21;47;42;0;9235;3523;0;5.7;2.2;0.0
2A;2021-02-22;79;203;0;9314;3726;0;5.7;2.3;0.0
2A;2021-02-23;114;284;0;9428;4010;0;5.8;2.5;0.0
2A;2021-02-24;84;280;0;9512;4290;0;5.9;2.6;0.0
2A;2021-02-25;112;258;0;9624;4548;0;5.9;2.8;0.0
2A;2021-02-26;121;251;0;9745;4799;0;6.0;3.0;0.0
2A;2021-02-27;290;66;0;10035;4865;0;6.2;3.0;0.0
2A;2021-02-28;60;54;0;10095;4919;0;6.2;3.0;0.0
2A;2021-03-01;116;140;0;10211;5059;0;6.3;3.1;0.0
2A;2021-03-02;197;269;0;10408;5328;0;6.4;3.3;0.0
2A;2021-03-03;232;242;0;10640;5570;0;6.6;3.4;0.0
2A;2021-03-04;493;206;0;11133;5776;0;6.9;3.6;0.0
2A;2021-03-05;929;287;0;12062;6063;0;7.4;3.7;0.0
2A;2021-03-06;1096;76;0;13158;6139;0;8.1;3.8;0.0
2A;2021-03-07;917;41;0;14075;6180;0;8.7;3.8;0.0
2A;2021-03-08;874;97;0;14949;6277;0;9.2;3.9;0.0
2A;2021-03-09;882;166;0;15831;6443;0;9.7;4.0;0.0
2A;2021-03-10;612;139;0;16443;6582;0;10.1;4.1;0.0
2A;2021-03-11;685;274;0;17128;6856;0;10.5;4.2;0.0
2A;2021-03-12;563;298;0;17691;7154;0;10.9;4.4;0.0
2A;2021-03-13;578;192;0;18269;7346;0;11.2;4.5;0.0
2A;2021-03-14;298;108;0;18567;7454;0;11.4;4.6;0.0
2A;2021-03-15;380;192;0;18947;7646;0;11.7;4.7;0.0
2A;2021-03-16;484;345;0;19431;7991;0;12.0;4.9;0.0
2A;2021-03-17;681;255;0;20112;8246;0;12.4;5.1;0.0
2A;2021-03-18;438;294;0;20550;8540;0;12.7;5.3;0.0
2A;2021-03-19;515;149;0;21065;8689;0;13.0;5.3;0.0
2A;2021-03-20;1006;246;0;22071;8935;0;13.6;5.5;0.0
2A;2021-03-21;631;49;0;22702;8984;0;14.0;5.5;0.0
2A;2021-03-22;333;67;0;23035;9051;0;14.2;5.6;0.0
2A;2021-03-23;493;55;0;23528;9106;0;14.5;5.6;0.0
2A;2021-03-24;826;90;0;24354;9196;0;15.0;5.7;0.0
2A;2021-03-25;901;136;0;25255;9332;0;15.5;5.7;0.0
2A;2021-03-26;1026;152;0;26281;9484;0;16.2;5.8;0.0
2A;2021-03-27;1118;191;0;27399;9675;0;16.9;6.0;0.0
2A;2021-03-28;232;86;0;27631;9761;0;17.0;6.0;0.0
2A;2021-03-29;289;126;0;27920;9887;0;17.2;6.1;0.0
2A;2021-03-30;385;233;0;28305;10120;0;17.4;6.2;0.0
2A;2021-03-31;453;225;0;28758;10345;0;17.7;6.4;0.0
2A;2021-04-01;605;424;0;29363;10769;0;18.1;6.6;0.0
2A;2021-04-02;846;761;0;30209;11530;0;18.6;7.1;0.0
2A;2021-04-03;617;923;0;30826;12453;0;19.0;7.7;0.0
2A;2021-04-04;528;694;0;31354;13147;0;19.3;8.1;0.0
2A;2021-04-05;476;639;0;31830;13786;0;19.6;8.5;0.0
2A;2021-04-06;497;522;0;32327;14308;0;19.9;8.8;0.0
2A;2021-04-07;708;417;0;33035;14725;0;20.3;9.1;0.0
2A;2021-04-08;955;353;0;33990;15078;0;20.9;9.3;0.0
2A;2021-04-09;865;389;0;34855;15467;0;21.5;9.5;0.0
2A;2021-04-10;953;364;0;35808;15831;0;22.0;9.7;0.0
2A;2021-04-11;327;242;0;36135;16073;0;22.2;9.9;0.0
2A;2021-04-12;614;355;0;36749;16428;0;22.6;10.1;0.0
2A;2021-04-13;303;377;0;37052;16805;0;22.8;10.3;0.0
2A;2021-04-14;961;572;0;38013;17377;0;23.4;10.7;0.0
2A;2021-04-15;921;514;0;38934;17891;0;24.0;11.0;0.0
2A;2021-04-16;788;380;0;39722;18271;0;24.5;11.2;0.0
2A;2021-04-17;1213;875;0;40935;19146;0;25.2;11.8;0.0
2A;2021-04-18;868;852;0;41803;19998;0;25.7;12.3;0.0
2A;2021-04-19;230;330;0;42033;20328;0;25.9;12.5;0.0
2A;2021-04-20;305;343;0;42338;20671;0;26.1;12.7;0.0
2A;2021-04-21;647;702;0;42985;21373;0;26.5;13.2;0.0
2A;2021-04-22;794;628;0;43779;22001;0;27.0;13.5;0.0
2A;2021-04-23;875;732;0;44654;22733;0;27.5;14.0;0.0
2A;2021-04-24;1542;914;0;46196;23647;0;28.4;14.6;0.0
2A;2021-04-25;844;277;0;47040;23924;0;29.0;14.7;0.0
2A;2021-04-26;298;218;0;47338;24142;0;29.1;14.9;0.0
2A;2021-04-27;302;355;0;47640;24497;0;29.3;15.1;0.0
2A;2021-04-28;1475;411;0;49115;24908;0;30.2;15.3;0.0
2A;2021-04-29;949;360;0;50064;25268;0;30.8;15.6;0.0
2A;2021-04-30;1020;970;0;51084;26238;0;31.5;16.2;0.0
2A;2021-05-01;868;546;0;51952;26784;0;32.0;16.5;0.0
2A;2021-05-02;574;632;0;52526;27416;0;32.3;16.9;0.0
2A;2021-05-03;545;530;0;53071;27946;0;32.7;17.2;0.0
2A;2021-05-04;670;504;0;53741;28450;0;33.1;17.5;0.0
2A;2021-05-05;880;918;0;54621;29368;0;33.6;18.1;0.0
2A;2021-05-06;791;845;0;55412;30213;0;34.1;18.6;0.0
2A;2021-05-07;949;745;0;56361;30958;0;34.7;19.1;0.0
2A;2021-05-08;372;456;0;56733;31414;0;34.9;19.3;0.0
2A;2021-05-09;635;580;0;57368;31994;0;35.3;19.7;0.0
2A;2021-05-10;375;687;0;57743;32681;0;35.6;20.1;0.0
2A;2021-05-11;502;391;0;58245;33072;0;35.9;20.4;0.0
2A;2021-05-12;696;441;0;58941;33513;0;36.3;20.6;0.0
2A;2021-05-13;667;101;0;59608;33614;0;36.7;20.7;0.0
2A;2021-05-14;560;587;0;60168;34201;0;37.0;21.1;0.0
2A;2021-05-15;623;584;0;60791;34785;0;37.4;21.4;0.0
2A;2021-05-16;548;421;0;61339;35206;0;37.8;21.7;0.0
2A;2021-05-17;449;504;0;61788;35710;0;38.0;22.0;0.0
2A;2021-05-18;494;450;0;62282;36160;0;38.3;22.3;0.0
2A;2021-05-19;635;426;0;62917;36586;0;38.7;22.5;0.0
2A;2021-05-20;581;486;0;63498;37072;0;39.1;22.8;0.0
2A;2021-05-21;421;420;0;63919;37492;0;39.4;23.1;0.0
2A;2021-05-22;338;258;0;64257;37750;0;39.6;23.2;0.0
2A;2021-05-23;390;220;0;64647;37970;0;39.8;23.4;0.0
2A;2021-05-24;84;33;0;64731;38003;0;39.9;23.4;0.0
2A;2021-05-25;338;430;0;65069;38433;0;40.1;23.7;0.0
2A;2021-05-26;341;1060;0;65410;39493;0;40.3;24.3;0.0
2A;2021-05-27;361;1022;0;65771;40515;0;40.5;24.9;0.0
2A;2021-05-28;259;834;0;66030;41349;0;40.7;25.5;0.0
2A;2021-05-29;263;816;0;66293;42165;0;40.8;26.0;0.0
2A;2021-05-30;128;446;0;66421;42611;0;40.9;26.2;0.0
2A;2021-05-31;163;397;0;66584;43008;0;41.0;26.5;0.0
2A;2021-06-01;296;635;0;66880;43643;0;41.2;26.9;0.0
2A;2021-06-02;269;867;0;67149;44510;0;41.3;27.4;0.0
2A;2021-06-03;266;800;0;67415;45310;0;41.5;27.9;0.0
2A;2021-06-04;272;959;0;67687;46269;0;41.7;28.5;0.0
2A;2021-06-05;257;1322;0;67944;47591;0;41.8;29.3;0.0
2A;2021-06-06;130;803;0;68074;48394;0;41.9;29.8;0.0
2A;2021-06-07;146;582;0;68220;48976;0;42.0;30.2;0.0
2A;2021-06-08;297;591;0;68517;49567;0;42.2;30.5;0.0
2A;2021-06-09;306;1198;0;68823;50765;0;42.4;31.3;0.0
2A;2021-06-10;316;780;0;69139;51545;0;42.6;31.7;0.0
2A;2021-06-11;251;912;0;69390;52457;0;42.7;32.3;0.0
2A;2021-06-12;189;611;0;69579;53068;0;42.8;32.7;0.0
2A;2021-06-13;133;679;0;69712;53747;0;42.9;33.1;0.0
2A;2021-06-14;217;789;0;69929;54536;0;43.1;33.6;0.0
2A;2021-06-15;214;467;0;70143;55003;0;43.2;33.9;0.0
2A;2021-06-16;184;679;0;70327;55682;0;43.3;34.3;0.0
2A;2021-06-17;202;513;0;70529;56195;0;43.4;34.6;0.0
2A;2021-06-18;229;714;0;70758;56909;0;43.6;35.0;0.0
2A;2021-06-19;186;571;0;70944;57480;0;43.7;35.4;0.0
2A;2021-06-20;121;586;0;71065;58066;0;43.8;35.8;0.0
2A;2021-06-21;164;674;0;71229;58740;0;43.9;36.2;0.0
2A;2021-06-22;218;697;0;71447;59437;0;44.0;36.6;0.0
2A;2021-06-23;182;489;0;71629;59926;0;44.1;36.9;0.0
2A;2021-06-24;130;330;0;71759;60256;0;44.2;37.1;0.0
2A;2021-06-25;164;434;0;71923;60690;0;44.3;37.4;0.0
2A;2021-06-26;160;714;0;72083;61404;0;44.4;37.8;0.0
2A;2021-06-27;149;645;0;72232;62049;0;44.5;38.2;0.0
2A;2021-06-28;164;556;0;72396;62605;0;44.6;38.5;0.0
2A;2021-06-29;192;585;0;72588;63190;0;44.7;38.9;0.0
2A;2021-06-30;196;420;0;72784;63610;0;44.8;39.2;0.0
2A;2021-07-01;219;433;0;73003;64043;0;44.9;39.4;0.0
2A;2021-07-02;194;334;0;73197;64377;0;45.1;39.6;0.0
2A;2021-07-03;172;520;0;73369;64897;0;45.2;40.0;0.0
2A;2021-07-04;130;501;0;73499;65398;0;45.3;40.3;0.0
2A;2021-07-05;165;222;0;73664;65620;0;45.4;40.4;0.0
2A;2021-07-06;214;334;0;73878;65954;0;45.5;40.6;0.0
2A;2021-07-07;346;507;0;74224;66461;0;45.7;40.9;0.0
2A;2021-07-08;471;511;0;74695;66972;0;46.0;41.2;0.0
2A;2021-07-09;313;351;0;75008;67323;0;46.2;41.4;0.0
2A;2021-07-10;260;313;0;75268;67636;0;46.3;41.6;0.0
2A;2021-07-11;62;104;0;75330;67740;0;46.4;41.7;0.0
2A;2021-07-12;279;313;0;75609;68053;0;46.6;41.9;0.0
2A;2021-07-13;950;440;0;76559;68493;0;47.1;42.2;0.0
2A;2021-07-14;1301;226;0;77860;68719;0;47.9;42.3;0.0
2A;2021-07-15;1092;549;0;78952;69268;0;48.6;42.6;0.0
2A;2021-07-16;871;331;0;79823;69599;0;49.1;42.9;0.0
2A;2021-07-17;865;289;0;80688;69888;0;49.7;43.0;0.0
2A;2021-07-18;427;89;0;81115;69977;0;49.9;43.1;0.0
2A;2021-07-19;696;321;0;81811;70298;0;50.4;43.3;0.0
2A;2021-07-20;900;347;0;82711;70645;0;50.9;43.5;0.0
2A;2021-07-21;1029;491;0;83740;71136;0;51.6;43.8;0.0
2A;2021-07-22;943;503;0;84683;71639;0;52.1;44.1;0.0
2A;2021-07-23;1012;314;0;85695;71953;0;52.8;44.3;0.0
2A;2021-07-24;666;214;0;86361;72167;0;53.2;44.4;0.0
2A;2021-07-25;282;56;0;86643;72223;0;53.3;44.5;0.0
2A;2021-07-26;732;311;0;87375;72534;0;53.8;44.7;0.0
2A;2021-07-27;813;361;0;88188;72895;0;54.3;44.9;0.0
2A;2021-07-28;870;404;0;89058;73299;0;54.8;45.1;0.0
2A;2021-07-29;848;417;0;89906;73716;0;55.4;45.4;0.0
2A;2021-07-30;638;423;0;90544;74139;0;55.7;45.6;0.0
2A;2021-07-31;396;254;0;90940;74393;0;56.0;45.8;0.0
2A;2021-08-01;312;54;0;91252;74447;0;56.2;45.8;0.0
2A;2021-08-02;304;344;0;91556;74791;0;56.4;46.0;0.0
2A;2021-08-03;548;657;0;92104;75448;0;56.7;46.5;0.0
2A;2021-08-04;538;897;0;92642;76345;0;57.0;47.0;0.0
2A;2021-08-05;635;968;0;93277;77313;0;57.4;47.6;0.0
2A;2021-08-06;342;596;0;93619;77909;0;57.6;48.0;0.0
2A;2021-08-07;267;713;0;93886;78622;0;57.8;48.4;0.0
2A;2021-08-08;73;172;0;93959;78794;0;57.8;48.5;0.0
2A;2021-08-09;497;826;0;94456;79620;0;58.2;49.0;0.0
2A;2021-08-10;477;820;0;94933;80440;0;58.4;49.5;0.0
2A;2021-08-11;485;754;0;95418;81194;0;58.7;50.0;0.0
2A;2021-08-12;549;1056;0;95967;82250;0;59.1;50.6;0.0
2A;2021-08-13;397;806;0;96364;83056;0;59.3;51.1;0.0
2A;2021-08-14;338;572;0;96702;83628;0;59.5;51.5;0.0
2A;2021-08-15;27;26;0;96729;83654;0;59.6;51.5;0.0
2A;2021-08-16;401;919;0;97130;84573;0;59.8;52.1;0.0
2A;2021-08-17;647;904;0;97777;85477;0;60.2;52.6;0.0
2A;2021-08-18;429;839;0;98206;86316;0;60.5;53.1;0.0
2A;2021-08-19;341;711;0;98547;87027;0;60.7;53.6;0.0
2A;2021-08-20;293;451;0;98840;87478;0;60.9;53.9;0.0
2A;2021-08-21;182;407;0;99022;87885;0;61.0;54.1;0.0
2A;2021-08-22;115;350;0;99137;88235;0;61.0;54.3;0.0
2A;2021-08-23;286;528;0;99423;88763;0;61.2;54.6;0.0
2A;2021-08-24;278;623;0;99701;89386;0;61.4;55.0;0.0
2A;2021-08-25;324;674;0;100025;90060;0;61.6;55.4;0.0
2A;2021-08-26;310;620;0;100335;90680;0;61.8;55.8;0.0
2A;2021-08-27;208;575;0;100543;91255;0;61.9;56.2;0.0
2A;2021-08-28;213;294;0;100756;91549;0;62.0;56.4;0.0
2A;2021-08-29;78;96;0;100834;91645;0;62.1;56.4;0.0
2A;2021-08-30;236;468;27;101070;92113;27;62.2;56.7;0.0
2A;2021-08-31;168;449;29;101238;92562;56;62.3;57.0;0.0
2A;2021-09-01;333;595;56;101571;93157;112;62.5;57.4;0.1
2A;2021-09-02;258;521;81;101829;93678;193;62.7;57.7;0.1
2A;2021-09-03;210;418;130;102039;94096;323;62.8;57.9;0.2
2A;2021-09-04;130;338;32;102169;94434;355;62.9;58.1;0.2
2A;2021-09-05;28;23;17;102197;94457;372;62.9;58.2;0.2
2A;2021-09-06;111;303;80;102308;94760;452;63.0;58.3;0.3
2A;2021-09-07;193;464;148;102501;95224;600;63.1;58.6;0.4
2A;2021-09-08;207;553;123;102708;95777;723;63.2;59.0;0.4
2A;2021-09-09;199;413;116;102907;96190;839;63.4;59.2;0.5
2A;2021-09-10;171;334;122;103078;96524;961;63.5;59.4;0.6
2A;2021-09-11;130;258;50;103208;96782;1011;63.5;59.6;0.6
2A;2021-09-12;36;66;46;103244;96848;1057;63.6;59.6;0.7
2A;2021-09-13;122;179;57;103366;97027;1114;63.6;59.7;0.7
2A;2021-09-14;212;213;176;103578;97240;1290;63.8;59.9;0.8
2A;2021-09-15;182;456;143;103760;97696;1433;63.9;60.1;0.9
2A;2021-09-16;205;324;175;103965;98020;1608;64.0;60.3;1.0
2A;2021-09-17;127;184;84;104092;98204;1692;64.1;60.5;1.0
2A;2021-09-18;87;250;106;104179;98454;1798;64.1;60.6;1.1
2A;2021-09-19;11;47;14;104190;98501;1812;64.1;60.6;1.1
2A;2021-09-20;49;155;101;104239;98656;1913;64.2;60.7;1.2
2A;2021-09-21;81;222;211;104320;98878;2124;64.2;60.9;1.3
2A;2021-09-22;97;378;225;104417;99256;2349;64.3;61.1;1.4
2A;2021-09-23;86;273;159;104503;99529;2508;64.3;61.3;1.5
2A;2021-09-24;67;269;102;104570;99798;2610;64.4;61.4;1.6
2A;2021-09-25;75;141;41;104645;99939;2651;64.4;61.5;1.6
2A;2021-09-26;14;31;2;104659;99970;2653;64.4;61.5;1.6
2A;2021-09-27;43;104;69;104702;100074;2722;64.5;61.6;1.7
2A;2021-09-28;82;134;133;104784;100208;2855;64.5;61.7;1.8
2A;2021-09-29;115;286;132;104899;100494;2987;64.6;61.9;1.8
2A;2021-09-30;77;200;219;104976;100694;3206;64.6;62.0;2.0
2A;2021-10-01;126;125;210;105102;100819;3416;64.7;62.1;2.1
2A;2021-10-02;83;136;68;105185;100955;3484;64.8;62.2;2.1
2A;2021-10-03;17;38;23;105202;100993;3507;64.8;62.2;2.2
2A;2021-10-04;74;79;107;105276;101072;3614;64.8;62.2;2.2
2A;2021-10-05;51;124;118;105327;101196;3732;64.8;62.3;2.3
2A;2021-10-06;69;128;156;105396;101324;3888;64.9;62.4;2.4
2A;2021-10-07;62;119;147;105458;101443;4035;64.9;62.5;2.5
2A;2021-10-08;73;131;127;105531;101574;4162;65.0;62.5;2.6
2A;2021-10-09;75;220;212;105606;101794;4374;65.0;62.7;2.7
2A;2021-10-10;56;71;171;105662;101865;4545;65.1;62.7;2.8
2A;2021-10-11;44;78;110;105706;101943;4655;65.1;62.8;2.9
2A;2021-10-12;46;70;107;105752;102013;4762;65.1;62.8;2.9
2A;2021-10-13;66;127;234;105818;102140;4996;65.2;62.9;3.1
2A;2021-10-14;73;129;206;105891;102269;5202;65.2;63.0;3.2
2A;2021-10-15;85;94;193;105976;102363;5395;65.2;63.0;3.3
2A;2021-10-16;82;154;332;106058;102517;5727;65.3;63.1;3.5
2A;2021-10-17;38;37;109;106096;102554;5836;65.3;63.1;3.6
2A;2021-10-18;60;82;155;106156;102636;5991;65.4;63.2;3.7
2A;2021-10-19;45;75;207;106201;102711;6198;65.4;63.2;3.8
2A;2021-10-20;82;90;272;106283;102801;6470;65.4;63.3;4.0
2A;2021-10-21;62;79;312;106345;102880;6782;65.5;63.3;4.2
2A;2021-10-22;64;107;287;106409;102987;7069;65.5;63.4;4.4
2A;2021-10-23;60;96;203;106469;103083;7272;65.6;63.5;4.5
2A;2021-10-24;32;45;128;106501;103128;7400;65.6;63.5;4.6
2A;2021-10-25;50;55;181;106551;103183;7581;65.6;63.5;4.7
2A;2021-10-26;41;60;216;106592;103243;7797;65.6;63.6;4.8
2A;2021-10-27;71;93;333;106663;103336;8130;65.7;63.6;5.0
2A;2021-10-28;48;74;276;106711;103410;8406;65.7;63.7;5.2
2A;2021-10-29;53;78;353;106764;103488;8759;65.7;63.7;5.4
2A;2021-10-30;51;81;255;106815;103569;9014;65.8;63.8;5.5
2A;2021-10-31;27;61;96;106842;103630;9110;65.8;63.8;5.6
2A;2021-11-01;14;10;6;106856;103640;9116;65.8;63.8;5.6
2A;2021-11-02;49;49;140;106905;103689;9256;65.8;63.8;5.7
2A;2021-11-03;60;69;340;106965;103758;9596;65.9;63.9;5.9
2A;2021-11-04;54;64;358;107019;103822;9954;65.9;63.9;6.1
2A;2021-11-05;58;94;500;107077;103916;10454;65.9;64.0;6.4
2A;2021-11-06;88;74;303;107165;103990;10757;66.0;64.0;6.6
2A;2021-11-07;31;43;124;107196;104033;10881;66.0;64.1;6.7
2A;2021-11-08;39;73;338;107235;104106;11219;66.0;64.1;6.9
2A;2021-11-09;44;62;456;107279;104168;11675;66.0;64.1;7.2
2A;2021-11-10;73;76;515;107352;104244;12190;66.1;64.2;7.5
2A;2021-11-11;20;12;82;107372;104256;12272;66.1;64.2;7.6
2A;2021-11-12;40;70;519;107412;104326;12791;66.1;64.2;7.9
2A;2021-11-13;69;71;711;107481;104397;13502;66.2;64.3;8.3
2A;2021-11-14;35;53;265;107516;104450;13767;66.2;64.3;8.5
2A;2021-11-15;47;74;538;107563;104524;14305;66.2;64.4;8.8
2A;2021-11-16;60;86;517;107623;104610;14822;66.3;64.4;9.1
2A;2021-11-17;58;79;622;107681;104689;15444;66.3;64.5;9.5
2A;2021-11-18;62;48;662;107743;104737;16106;66.3;64.5;9.9
2A;2021-11-19;74;87;720;107817;104824;16826;66.4;64.5;10.4
2A;2021-11-20;100;83;551;107917;104907;17377;66.4;64.6;10.7
2A;2021-11-21;65;39;370;107982;104946;17747;66.5;64.6;10.9
2A;2021-11-22;55;53;648;108037;104999;18395;66.5;64.6;11.3
2A;2021-11-23;53;62;772;108090;105061;19167;66.5;64.7;11.8
2A;2021-11-24;90;74;731;108180;105135;19898;66.6;64.7;12.3
2A;2021-11-25;75;97;1041;108255;105232;20939;66.7;64.8;12.9
2A;2021-11-26;63;83;1478;108318;105315;22417;66.7;64.8;13.8
2A;2021-11-27;125;111;1470;108443;105426;23887;66.8;64.9;14.7
2A;2021-11-28;66;42;1012;108509;105468;24899;66.8;64.9;15.3
2A;2021-11-29;72;71;1135;108581;105539;26034;66.9;65.0;16.0
2A;2021-11-30;73;59;1261;108654;105598;27295;66.9;65.0;16.8
2A;2021-12-01;93;93;1264;108747;105691;28559;67.0;65.1;17.6
2A;2021-12-02;62;65;1587;108809;105756;30146;67.0;65.1;18.6
2A;2021-12-03;88;82;1735;108897;105838;31881;67.0;65.2;19.6
2A;2021-12-04;90;103;1857;108987;105941;33738;67.1;65.2;20.8
2A;2021-12-05;46;55;952;109033;105996;34690;67.1;65.3;21.4
2A;2021-12-06;77;75;1178;109110;106071;35868;67.2;65.3;22.1
2A;2021-12-07;57;84;1296;109167;106155;37164;67.2;65.4;22.9
2A;2021-12-08;53;93;1277;109220;106248;38441;67.2;65.4;23.7
2A;2021-12-09;55;92;1451;109275;106340;39892;67.3;65.5;24.6
2A;2021-12-10;76;113;1516;109351;106453;41408;67.3;65.5;25.5
2A;2021-12-11;66;99;1473;109417;106552;42881;67.4;65.6;26.4
2A;2021-12-12;55;95;798;109472;106647;43679;67.4;65.7;26.9
2A;2021-12-13;44;73;1139;109516;106720;44818;67.4;65.7;27.6
2A;2021-12-14;47;82;1338;109563;106802;46156;67.5;65.8;28.4
2A;2021-12-15;84;118;1324;109647;106920;47480;67.5;65.8;29.2
2A;2021-12-16;71;109;1465;109718;107029;48945;67.6;65.9;30.1
2A;2021-12-17;81;102;1336;109799;107131;50281;67.6;66.0;31.0
2A;2021-12-18;113;131;1274;109912;107262;51555;67.7;66.0;31.7
2A;2021-12-19;82;88;967;109994;107350;52522;67.7;66.1;32.3
2A;2021-12-20;94;106;809;110088;107456;53331;67.8;66.2;32.8
2A;2021-12-21;73;100;819;110161;107556;54150;67.8;66.2;33.3
2A;2021-12-22;78;92;713;110239;107648;54863;67.9;66.3;33.8
2A;2021-12-23;80;68;655;110319;107716;55518;67.9;66.3;34.2
2A;2021-12-24;21;33;131;110340;107749;55649;67.9;66.3;34.3
2A;2021-12-25;0;2;5;110340;107751;55654;67.9;66.3;34.3
2A;2021-12-26;47;64;362;110387;107815;56016;68.0;66.4;34.5
2B;2020-12-27;0;0;0;0;0;0;0.0;0.0;0.0
2B;2020-12-28;3;0;0;3;0;0;0.0;0.0;0.0
2B;2020-12-29;0;0;0;3;0;0;0.0;0.0;0.0
2B;2020-12-30;0;0;0;3;0;0;0.0;0.0;0.0
2B;2020-12-31;0;0;0;3;0;0;0.0;0.0;0.0
2B;2021-01-01;0;0;0;3;0;0;0.0;0.0;0.0
2B;2021-01-02;0;0;0;3;0;0;0.0;0.0;0.0
2B;2021-01-03;0;0;0;3;0;0;0.0;0.0;0.0
2B;2021-01-04;1;0;0;4;0;0;0.0;0.0;0.0
2B;2021-01-05;0;0;0;4;0;0;0.0;0.0;0.0
2B;2021-01-06;48;1;0;52;1;0;0.0;0.0;0.0
2B;2021-01-07;203;0;0;255;1;0;0.1;0.0;0.0
2B;2021-01-08;189;5;0;444;6;0;0.2;0.0;0.0
2B;2021-01-09;42;1;0;486;7;0;0.3;0.0;0.0
2B;2021-01-10;5;0;0;491;7;0;0.3;0.0;0.0
2B;2021-01-11;70;0;0;561;7;0;0.3;0.0;0.0
2B;2021-01-12;129;1;0;690;8;0;0.4;0.0;0.0
2B;2021-01-13;95;0;0;785;8;0;0.4;0.0;0.0
2B;2021-01-14;72;0;0;857;8;0;0.5;0.0;0.0
2B;2021-01-15;258;2;0;1115;10;0;0.6;0.0;0.0
2B;2021-01-16;51;0;0;1166;10;0;0.6;0.0;0.0
2B;2021-01-17;10;0;0;1176;10;0;0.6;0.0;0.0
2B;2021-01-18;265;1;0;1441;11;0;0.8;0.0;0.0
2B;2021-01-19;485;2;0;1926;13;0;1.1;0.0;0.0
2B;2021-01-20;427;3;0;2353;16;0;1.3;0.0;0.0
2B;2021-01-21;345;0;0;2698;16;0;1.5;0.0;0.0
2B;2021-01-22;374;1;0;3072;17;0;1.7;0.0;0.0
2B;2021-01-23;63;0;0;3135;17;0;1.7;0.0;0.0
2B;2021-01-24;26;0;0;3161;17;0;1.7;0.0;0.0
2B;2021-01-25;204;2;0;3365;19;0;1.8;0.0;0.0
2B;2021-01-26;367;1;0;3732;20;0;2.0;0.0;0.0
2B;2021-01-27;323;48;0;4055;68;0;2.2;0.0;0.0
2B;2021-01-28;342;138;0;4397;206;0;2.4;0.1;0.0
2B;2021-01-29;292;158;0;4689;364;0;2.6;0.2;0.0
2B;2021-01-30;86;35;0;4775;399;0;2.6;0.2;0.0
2B;2021-01-31;66;0;0;4841;399;0;2.7;0.2;0.0
2B;2021-02-01;223;91;0;5064;490;0;2.8;0.3;0.0
2B;2021-02-02;331;77;0;5395;567;0;3.0;0.3;0.0
2B;2021-02-03;490;88;0;5885;655;0;3.2;0.4;0.0
2B;2021-02-04;433;164;0;6318;819;0;3.5;0.4;0.0
2B;2021-02-05;375;101;0;6693;920;0;3.7;0.5;0.0
2B;2021-02-06;81;18;0;6774;938;0;3.7;0.5;0.0
2B;2021-02-07;59;3;0;6833;941;0;3.7;0.5;0.0
2B;2021-02-08;222;149;0;7055;1090;0;3.9;0.6;0.0
2B;2021-02-09;530;292;0;7585;1382;0;4.2;0.8;0.0
2B;2021-02-10;441;211;0;8026;1593;0;4.4;0.9;0.0
2B;2021-02-11;358;134;0;8384;1727;0;4.6;0.9;0.0
2B;2021-02-12;284;123;0;8668;1850;0;4.8;1.0;0.0
2B;2021-02-13;77;15;0;8745;1865;0;4.8;1.0;0.0
2B;2021-02-14;64;4;0;8809;1869;0;4.8;1.0;0.0
2B;2021-02-15;185;129;0;8994;1998;0;4.9;1.1;0.0
2B;2021-02-16;236;274;0;9230;2272;0;5.1;1.2;0.0
2B;2021-02-17;295;276;0;9525;2548;0;5.2;1.4;0.0
2B;2021-02-18;207;330;0;9732;2878;0;5.3;1.6;0.0
2B;2021-02-19;163;285;0;9895;3163;0;5.4;1.7;0.0
2B;2021-02-20;35;66;0;9930;3229;0;5.4;1.8;0.0
2B;2021-02-21;24;28;0;9954;3257;0;5.5;1.8;0.0
2B;2021-02-22;134;172;0;10088;3429;0;5.5;1.9;0.0
2B;2021-02-23;228;333;0;10316;3762;0;5.7;2.1;0.0
2B;2021-02-24;218;279;0;10534;4041;0;5.8;2.2;0.0
2B;2021-02-25;239;321;0;10773;4362;0;5.9;2.4;0.0
2B;2021-02-26;302;274;0;11075;4636;0;6.1;2.5;0.0
2B;2021-02-27;65;87;0;11140;4723;0;6.1;2.6;0.0
2B;2021-02-28;5;62;0;11145;4785;0;6.1;2.6;0.0
2B;2021-03-01;239;254;0;11384;5039;0;6.2;2.8;0.0
2B;2021-03-02;332;361;0;11716;5400;0;6.4;3.0;0.0
2B;2021-03-03;299;413;0;12015;5813;0;6.6;3.2;0.0
2B;2021-03-04;412;384;0;12427;6197;0;6.8;3.4;0.0
2B;2021-03-05;592;359;0;13019;6556;0;7.1;3.6;0.0
2B;2021-03-06;679;97;0;13698;6653;0;7.5;3.7;0.0
2B;2021-03-07;361;60;0;14059;6713;0;7.7;3.7;0.0
2B;2021-03-08;300;236;0;14359;6949;0;7.9;3.8;0.0
2B;2021-03-09;384;463;0;14743;7412;0;8.1;4.1;0.0
2B;2021-03-10;602;408;0;15345;7820;0;8.4;4.3;0.0
2B;2021-03-11;593;335;0;15938;8155;0;8.7;4.5;0.0
2B;2021-03-12;914;225;0;16852;8380;0;9.2;4.6;0.0
2B;2021-03-13;493;105;0;17345;8485;0;9.5;4.7;0.0
2B;2021-03-14;222;67;0;17567;8552;0;9.6;4.7;0.0
2B;2021-03-15;479;201;0;18046;8753;0;9.9;4.8;0.0
2B;2021-03-16;537;270;0;18583;9023;0;10.2;5.0;0.0
2B;2021-03-17;514;246;0;19097;9269;0;10.5;5.1;0.0
2B;2021-03-18;522;219;0;19619;9488;0;10.8;5.2;0.0
2B;2021-03-19;738;197;0;20357;9685;0;11.2;5.3;0.0
2B;2021-03-20;643;37;0;21000;9722;0;11.5;5.3;0.0
2B;2021-03-21;418;34;0;21418;9756;0;11.8;5.4;0.0
2B;2021-03-22;513;129;0;21931;9885;0;12.0;5.4;0.0
2B;2021-03-23;757;247;0;22688;10132;0;12.4;5.6;0.0
2B;2021-03-24;811;214;0;23499;10346;0;12.9;5.7;0.0
2B;2021-03-25;774;154;0;24273;10500;0;13.3;5.8;0.0
2B;2021-03-26;918;179;0;25191;10679;0;13.8;5.9;0.0
2B;2021-03-27;1040;38;0;26231;10717;0;14.4;5.9;0.0
2B;2021-03-28;800;126;0;27031;10843;0;14.8;5.9;0.0
2B;2021-03-29;705;184;0;27736;11027;0;15.2;6.1;0.0
2B;2021-03-30;896;304;0;28632;11331;0;15.7;6.2;0.0
2B;2021-03-31;919;256;0;29551;11587;0;16.2;6.4;0.0
2B;2021-04-01;971;214;0;30522;11801;0;16.7;6.5;0.0
2B;2021-04-02;932;392;0;31454;12193;0;17.3;6.7;0.0
2B;2021-04-03;1190;171;0;32644;12364;0;17.9;6.8;0.0
2B;2021-04-04;190;88;0;32834;12452;0;18.0;6.8;0.0
2B;2021-04-05;123;113;0;32957;12565;0;18.1;6.9;0.0
2B;2021-04-06;932;361;0;33889;12926;0;18.6;7.1;0.0
2B;2021-04-07;1151;418;0;35040;13344;0;19.2;7.3;0.0
2B;2021-04-08;1057;399;0;36097;13743;0;19.8;7.5;0.0
2B;2021-04-09;1111;542;0;37208;14285;0;20.4;7.8;0.0
2B;2021-04-10;1266;251;0;38474;14536;0;21.1;8.0;0.0
2B;2021-04-11;773;78;0;39247;14614;0;21.5;8.0;0.0
2B;2021-04-12;803;516;0;40050;15130;0;22.0;8.3;0.0
2B;2021-04-13;995;602;0;41045;15732;0;22.5;8.6;0.0
2B;2021-04-14;979;466;0;42024;16198;0;23.1;8.9;0.0
2B;2021-04-15;857;505;0;42881;16703;0;23.5;9.2;0.0
2B;2021-04-16;855;598;0;43736;17301;0;24.0;9.5;0.0
2B;2021-04-17;367;433;0;44103;17734;0;24.2;9.7;0.0
2B;2021-04-18;241;332;0;44344;18066;0;24.3;9.9;0.0
2B;2021-04-19;768;424;0;45112;18490;0;24.8;10.1;0.0
2B;2021-04-20;846;793;0;45958;19283;0;25.2;10.6;0.0
2B;2021-04-21;964;585;0;46922;19868;0;25.7;10.9;0.0
2B;2021-04-22;870;701;0;47792;20569;0;26.2;11.3;0.0
2B;2021-04-23;590;599;0;48382;21168;0;26.5;11.6;0.0
2B;2021-04-24;281;743;0;48663;21911;0;26.7;12.0;0.0
2B;2021-04-25;261;457;0;48924;22368;0;26.8;12.3;0.0
2B;2021-04-26;638;864;0;49562;23232;0;27.2;12.7;0.0
2B;2021-04-27;922;830;0;50484;24062;0;27.7;13.2;0.0
2B;2021-04-28;855;809;0;51339;24871;0;28.2;13.6;0.0
2B;2021-04-29;895;830;0;52234;25701;0;28.7;14.1;0.0
2B;2021-04-30;1071;789;0;53305;26490;0;29.2;14.5;0.0
2B;2021-05-01;427;1070;0;53732;27560;0;29.5;15.1;0.0
2B;2021-05-02;300;231;0;54032;27791;0;29.6;15.2;0.0
2B;2021-05-03;911;462;0;54943;28253;0;30.1;15.5;0.0
2B;2021-05-04;736;1063;0;55679;29316;0;30.5;16.1;0.0
2B;2021-05-05;770;1285;0;56449;30601;0;31.0;16.8;0.0
2B;2021-05-06;1165;847;0;57614;31448;0;31.6;17.3;0.0
2B;2021-05-07;964;939;0;58578;32387;0;32.1;17.8;0.0
2B;2021-05-08;387;811;0;58965;33198;0;32.4;18.2;0.0
2B;2021-05-09;369;647;0;59334;33845;0;32.6;18.6;0.0
2B;2021-05-10;823;776;0;60157;34621;0;33.0;19.0;0.0
2B;2021-05-11;793;1064;0;60950;35685;0;33.4;19.6;0.0
2B;2021-05-12;759;843;0;61709;36528;0;33.9;20.0;0.0
2B;2021-05-13;857;349;0;62566;36877;0;34.3;20.2;0.0
2B;2021-05-14;588;522;0;63154;37399;0;34.7;20.5;0.0
2B;2021-05-15;571;325;0;63725;37724;0;35.0;20.7;0.0
2B;2021-05-16;220;169;0;63945;37893;0;35.1;20.8;0.0
2B;2021-05-17;883;374;0;64828;38267;0;35.6;21.0;0.0
2B;2021-05-18;848;348;0;65676;38615;0;36.0;21.2;0.0
2B;2021-05-19;660;375;0;66336;38990;0;36.4;21.4;0.0
2B;2021-05-20;602;343;0;66938;39333;0;36.7;21.6;0.0
2B;2021-05-21;586;472;0;67524;39805;0;37.0;21.8;0.0
2B;2021-05-22;472;353;0;67996;40158;0;37.3;22.0;0.0
2B;2021-05-23;130;41;0;68126;40199;0;37.4;22.1;0.0
2B;2021-05-24;57;109;0;68183;40308;0;37.4;22.1;0.0
2B;2021-05-25;459;323;0;68642;40631;0;37.7;22.3;0.0
2B;2021-05-26;471;720;0;69113;41351;0;37.9;22.7;0.0
2B;2021-05-27;379;1074;0;69492;42425;0;38.1;23.3;0.0
2B;2021-05-28;430;830;0;69922;43255;0;38.4;23.7;0.0
2B;2021-05-29;250;319;0;70172;43574;0;38.5;23.9;0.0
2B;2021-05-30;35;48;0;70207;43622;0;38.5;23.9;0.0
2B;2021-05-31;338;766;0;70545;44388;0;38.7;24.4;0.0
2B;2021-06-01;365;951;0;70910;45339;0;38.9;24.9;0.0
2B;2021-06-02;320;929;0;71230;46268;0;39.1;25.4;0.0
2B;2021-06-03;452;733;0;71682;47001;0;39.3;25.8;0.0
2B;2021-06-04;314;1135;0;71996;48136;0;39.5;26.4;0.0
2B;2021-06-05;239;450;0;72235;48586;0;39.6;26.7;0.0
2B;2021-06-06;38;131;0;72273;48717;0;39.7;26.7;0.0
2B;2021-06-07;270;885;0;72543;49602;0;39.8;27.2;0.0
2B;2021-06-08;341;1092;0;72884;50694;0;40.0;27.8;0.0
2B;2021-06-09;453;1089;0;73337;51783;0;40.2;28.4;0.0
2B;2021-06-10;336;882;0;73673;52665;0;40.4;28.9;0.0
2B;2021-06-11;386;1155;0;74059;53820;0;40.6;29.5;0.0
2B;2021-06-12;140;500;0;74199;54320;0;40.7;29.8;0.0
2B;2021-06-13;29;71;0;74228;54391;0;40.7;29.8;0.0
2B;2021-06-14;175;1001;0;74403;55392;0;40.8;30.4;0.0
2B;2021-06-15;328;1116;0;74731;56508;0;41.0;31.0;0.0
2B;2021-06-16;347;854;0;75078;57362;0;41.2;31.5;0.0
2B;2021-06-17;348;919;0;75426;58281;0;41.4;32.0;0.0
2B;2021-06-18;298;844;0;75724;59125;0;41.5;32.4;0.0
2B;2021-06-19;137;311;0;75861;59436;0;41.6;32.6;0.0
2B;2021-06-20;45;194;0;75906;59630;0;41.6;32.7;0.0
2B;2021-06-21;246;878;0;76152;60508;0;41.8;33.2;0.0
2B;2021-06-22;273;1017;0;76425;61525;0;41.9;33.8;0.0
2B;2021-06-23;201;793;0;76626;62318;0;42.0;34.2;0.0
2B;2021-06-24;281;682;0;76907;63000;0;42.2;34.6;0.0
2B;2021-06-25;194;923;0;77101;63923;0;42.3;35.1;0.0
2B;2021-06-26;96;477;0;77197;64400;0;42.4;35.3;0.0
2B;2021-06-27;26;195;0;77223;64595;0;42.4;35.4;0.0
2B;2021-06-28;292;857;0;77515;65452;0;42.5;35.9;0.0
2B;2021-06-29;240;860;0;77755;66312;0;42.7;36.4;0.0
2B;2021-06-30;321;825;0;78076;67137;0;42.8;36.8;0.0
2B;2021-07-01;218;442;0;78294;67579;0;43.0;37.1;0.0
2B;2021-07-02;191;474;0;78485;68053;0;43.1;37.3;0.0
2B;2021-07-03;87;362;0;78572;68415;0;43.1;37.5;0.0
2B;2021-07-04;6;11;0;78578;68426;0;43.1;37.5;0.0
2B;2021-07-05;240;590;0;78818;69016;0;43.2;37.9;0.0
2B;2021-07-06;404;606;0;79222;69622;0;43.5;38.2;0.0
2B;2021-07-07;355;764;0;79577;70386;0;43.7;38.6;0.0
2B;2021-07-08;171;289;0;79748;70675;0;43.8;38.8;0.0
2B;2021-07-09;216;329;0;79964;71004;0;43.9;39.0;0.0
2B;2021-07-10;161;153;0;80125;71157;0;44.0;39.0;0.0
2B;2021-07-11;19;26;0;80144;71183;0;44.0;39.1;0.0
2B;2021-07-12;428;640;0;80572;71823;0;44.2;39.4;0.0
2B;2021-07-13;732;854;0;81304;72677;0;44.6;39.9;0.0
2B;2021-07-14;294;75;0;81598;72752;0;44.8;39.9;0.0
2B;2021-07-15;1131;509;0;82729;73261;0;45.4;40.2;0.0
2B;2021-07-16;1003;481;0;83732;73742;0;45.9;40.5;0.0
2B;2021-07-17;646;285;0;84378;74027;0;46.3;40.6;0.0
2B;2021-07-18;152;40;0;84530;74067;0;46.4;40.6;0.0
2B;2021-07-19;780;604;0;85310;74671;0;46.8;41.0;0.0
2B;2021-07-20;1048;529;0;86358;75200;0;47.4;41.3;0.0
2B;2021-07-21;1183;602;0;87541;75802;0;48.0;41.6;0.0
2B;2021-07-22;1105;461;0;88646;76263;0;48.6;41.8;0.0
2B;2021-07-23;1112;387;0;89758;76650;0;49.2;42.1;0.0
2B;2021-07-24;457;254;0;90215;76904;0;49.5;42.2;0.0
2B;2021-07-25;167;40;0;90382;76944;0;49.6;42.2;0.0
2B;2021-07-26;795;507;0;91177;77451;0;50.0;42.5;0.0
2B;2021-07-27;1309;553;0;92486;78004;0;50.7;42.8;0.0
2B;2021-07-28;997;487;0;93483;78491;0;51.3;43.1;0.0
2B;2021-07-29;930;356;0;94413;78847;0;51.8;43.3;0.0
2B;2021-07-30;660;295;0;95073;79142;0;52.2;43.4;0.0
2B;2021-07-31;502;187;0;95575;79329;0;52.4;43.5;0.0
2B;2021-08-01;205;31;0;95780;79360;0;52.6;43.5;0.0
2B;2021-08-02;664;388;0;96444;79748;0;52.9;43.8;0.0
2B;2021-08-03;940;571;0;97384;80319;0;53.4;44.1;0.0
2B;2021-08-04;691;372;0;98075;80691;0;53.8;44.3;0.0
2B;2021-08-05;880;433;0;98955;81124;0;54.3;44.5;0.0
2B;2021-08-06;597;429;0;99552;81553;0;54.6;44.7;0.0
2B;2021-08-07;276;304;0;99828;81857;0;54.8;44.9;0.0
2B;2021-08-08;82;70;0;99910;81927;0;54.8;45.0;0.0
2B;2021-08-09;461;632;0;100371;82559;0;55.1;45.3;0.0
2B;2021-08-10;608;944;0;100979;83503;0;55.4;45.8;0.0
2B;2021-08-11;633;717;0;101612;84220;0;55.8;46.2;0.0
2B;2021-08-12;625;884;0;102237;85104;0;56.1;46.7;0.0
2B;2021-08-13;396;770;0;102633;85874;0;56.3;47.1;0.0
2B;2021-08-14;175;349;0;102808;86223;0;56.4;47.3;0.0
2B;2021-08-15;96;107;0;102904;86330;0;56.5;47.4;0.0
2B;2021-08-16;462;925;0;103366;87255;0;56.7;47.9;0.0
2B;2021-08-17;527;1099;0;103893;88354;0;57.0;48.5;0.0
2B;2021-08-18;442;992;0;104335;89346;0;57.2;49.0;0.0
2B;2021-08-19;372;737;0;104707;90083;0;57.4;49.4;0.0
2B;2021-08-20;292;710;0;104999;90793;0;57.6;49.8;0.0
2B;2021-08-21;135;429;0;105134;91222;0;57.7;50.1;0.0
2B;2021-08-22;71;174;0;105205;91396;0;57.7;50.1;0.0
2B;2021-08-23;336;829;0;105541;92225;0;57.9;50.6;0.0
2B;2021-08-24;419;991;0;105960;93216;0;58.1;51.1;0.0
2B;2021-08-25;300;866;0;106260;94082;0;58.3;51.6;0.0
2B;2021-08-26;374;707;0;106634;94789;0;58.5;52.0;0.0
2B;2021-08-27;234;508;0;106868;95297;0;58.6;52.3;0.0
2B;2021-08-28;148;373;0;107016;95670;0;58.7;52.5;0.0
2B;2021-08-29;51;106;0;107067;95776;0;58.7;52.5;0.0
2B;2021-08-30;330;740;18;107397;96516;18;58.9;53.0;0.0
2B;2021-08-31;340;777;47;107737;97293;65;59.1;53.4;0.0
2B;2021-09-01;381;832;62;108118;98125;127;59.3;53.8;0.1
2B;2021-09-02;290;575;73;108408;98700;200;59.5;54.2;0.1
2B;2021-09-03;217;384;69;108625;99084;269;59.6;54.4;0.1
2B;2021-09-04;123;288;40;108748;99372;309;59.7;54.5;0.2
2B;2021-09-05;14;96;25;108762;99468;334;59.7;54.6;0.2
2B;2021-09-06;173;533;84;108935;100001;418;59.8;54.9;0.2
2B;2021-09-07;231;685;200;109166;100686;618;59.9;55.2;0.3
2B;2021-09-08;193;580;110;109359;101266;728;60.0;55.6;0.4
2B;2021-09-09;174;351;112;109533;101617;840;60.1;55.8;0.5
2B;2021-09-10;198;334;110;109731;101951;950;60.2;55.9;0.5
2B;2021-09-11;129;233;54;109860;102184;1004;60.3;56.1;0.6
2B;2021-09-12;15;86;24;109875;102270;1028;60.3;56.1;0.6
2B;2021-09-13;177;438;61;110052;102708;1089;60.4;56.4;0.6
2B;2021-09-14;267;579;274;110319;103287;1363;60.5;56.7;0.7
2B;2021-09-15;158;551;107;110477;103838;1470;60.6;57.0;0.8
2B;2021-09-16;206;288;327;110683;104126;1797;60.7;57.1;1.0
2B;2021-09-17;122;188;134;110805;104314;1931;60.8;57.2;1.1
2B;2021-09-18;58;165;81;110863;104479;2012;60.8;57.3;1.1
2B;2021-09-19;14;21;23;110877;104500;2035;60.8;57.3;1.1
2B;2021-09-20;104;376;122;110981;104876;2157;60.9;57.5;1.2
2B;2021-09-21;103;368;192;111084;105244;2349;60.9;57.7;1.3
2B;2021-09-22;121;403;184;111205;105647;2533;61.0;58.0;1.4
2B;2021-09-23;99;214;207;111304;105861;2740;61.1;58.1;1.5
2B;2021-09-24;92;198;164;111396;106059;2904;61.1;58.2;1.6
2B;2021-09-25;42;127;67;111438;106186;2971;61.1;58.3;1.6
2B;2021-09-26;3;28;28;111441;106214;2999;61.1;58.3;1.6
2B;2021-09-27;66;225;97;111507;106439;3096;61.2;58.4;1.7
2B;2021-09-28;84;189;106;111591;106628;3202;61.2;58.5;1.8
2B;2021-09-29;120;322;133;111711;106950;3335;61.3;58.7;1.8
2B;2021-09-30;71;119;123;111782;107069;3458;61.3;58.7;1.9
2B;2021-10-01;143;162;114;111925;107231;3572;61.4;58.8;2.0
2B;2021-10-02;56;109;117;111981;107340;3689;61.4;58.9;2.0
2B;2021-10-03;8;15;7;111989;107355;3696;61.4;58.9;2.0
2B;2021-10-04;99;149;115;112088;107504;3811;61.5;59.0;2.1
2B;2021-10-05;89;216;218;112177;107720;4029;61.5;59.1;2.2
2B;2021-10-06;126;261;220;112303;107981;4249;61.6;59.2;2.3
2B;2021-10-07;48;121;256;112351;108102;4505;61.6;59.3;2.5
2B;2021-10-08;85;172;146;112436;108274;4651;61.7;59.4;2.6
2B;2021-10-09;79;116;203;112515;108390;4854;61.7;59.5;2.7
2B;2021-10-10;12;23;7;112527;108413;4861;61.7;59.5;2.7
2B;2021-10-11;61;137;163;112588;108550;5024;61.8;59.6;2.8
2B;2021-10-12;82;161;262;112670;108711;5286;61.8;59.6;2.9
2B;2021-10-13;123;235;284;112793;108946;5570;61.9;59.8;3.1
2B;2021-10-14;97;171;336;112890;109117;5906;61.9;59.9;3.2
2B;2021-10-15;83;125;215;112973;109242;6121;62.0;59.9;3.4
2B;2021-10-16;71;100;183;113044;109342;6304;62.0;60.0;3.5
2B;2021-10-17;15;2;14;113059;109344;6318;62.0;60.0;3.5
2B;2021-10-18;72;95;208;113131;109439;6526;62.1;60.0;3.6
2B;2021-10-19;66;85;268;113197;109524;6794;62.1;60.1;3.7
2B;2021-10-20;83;162;429;113280;109686;7223;62.2;60.2;4.0
2B;2021-10-21;77;113;381;113357;109799;7604;62.2;60.2;4.2
2B;2021-10-22;82;114;269;113439;109913;7873;62.2;60.3;4.3
2B;2021-10-23;53;63;172;113492;109976;8045;62.3;60.3;4.4
2B;2021-10-24;0;14;15;113492;109990;8060;62.3;60.3;4.4
2B;2021-10-25;72;107;253;113564;110097;8313;62.3;60.4;4.6
2B;2021-10-26;37;111;347;113601;110208;8660;62.3;60.5;4.8
2B;2021-10-27;62;126;478;113663;110334;9138;62.4;60.5;5.0
2B;2021-10-28;50;69;259;113713;110403;9397;62.4;60.6;5.2
2B;2021-10-29;56;94;464;113769;110497;9861;62.4;60.6;5.4
2B;2021-10-30;43;78;264;113812;110575;10125;62.4;60.7;5.6
2B;2021-10-31;4;12;23;113816;110587;10148;62.4;60.7;5.6
2B;2021-11-01;12;5;7;113828;110592;10155;62.5;60.7;5.6
2B;2021-11-02;76;109;367;113904;110701;10522;62.5;60.7;5.8
2B;2021-11-03;59;105;510;113963;110806;11032;62.5;60.8;6.1
2B;2021-11-04;57;88;454;114020;110894;11486;62.6;60.8;6.3
2B;2021-11-05;63;84;359;114083;110978;11845;62.6;60.9;6.5
2B;2021-11-06;57;55;302;114140;111033;12147;62.6;60.9;6.7
2B;2021-11-07;4;15;13;114144;111048;12160;62.6;60.9;6.7
2B;2021-11-08;39;78;374;114183;111126;12534;62.6;61.0;6.9
2B;2021-11-09;67;92;517;114250;111218;13051;62.7;61.0;7.2
2B;2021-11-10;70;132;660;114320;111350;13711;62.7;61.1;7.5
2B;2021-11-11;12;10;33;114332;111360;13744;62.7;61.1;7.5
2B;2021-11-12;70;93;724;114402;111453;14468;62.8;61.2;7.9
2B;2021-11-13;22;74;397;114424;111527;14865;62.8;61.2;8.2
2B;2021-11-14;14;10;110;114438;111537;14975;62.8;61.2;8.2
2B;2021-11-15;69;71;524;114507;111608;15499;62.8;61.2;8.5
2B;2021-11-16;55;77;683;114562;111685;16182;62.9;61.3;8.9
2B;2021-11-17;80;95;749;114642;111780;16931;62.9;61.3;9.3
2B;2021-11-18;70;68;890;114712;111848;17821;62.9;61.4;9.8
2B;2021-11-19;96;76;692;114808;111924;18513;63.0;61.4;10.2
2B;2021-11-20;38;59;456;114846;111983;18969;63.0;61.4;10.4
2B;2021-11-21;16;17;171;114862;112000;19140;63.0;61.5;10.5
2B;2021-11-22;90;52;669;114952;112052;19809;63.1;61.5;10.9
2B;2021-11-23;82;65;1010;115034;112117;20819;63.1;61.5;11.4
2B;2021-11-24;91;81;947;115125;112198;21766;63.2;61.6;11.9
2B;2021-11-25;76;69;990;115201;112267;22756;63.2;61.6;12.5
2B;2021-11-26;83;94;1319;115284;112361;24075;63.3;61.6;13.2
2B;2021-11-27;91;72;1088;115375;112433;25163;63.3;61.7;13.8
2B;2021-11-28;15;12;199;115390;112445;25362;63.3;61.7;13.9
2B;2021-11-29;68;51;1377;115458;112496;26739;63.3;61.7;14.7
2B;2021-11-30;114;87;1784;115572;112583;28523;63.4;61.8;15.6
2B;2021-12-01;97;102;1795;115669;112685;30318;63.5;61.8;16.6
2B;2021-12-02;109;54;2233;115778;112739;32551;63.5;61.9;17.9
2B;2021-12-03;107;75;2132;115885;112814;34683;63.6;61.9;19.0
2B;2021-12-04;78;67;1258;115963;112881;35941;63.6;61.9;19.7
2B;2021-12-05;9;22;245;115972;112903;36186;63.6;61.9;19.9
2B;2021-12-06;73;86;1282;116045;112989;37468;63.7;62.0;20.6
2B;2021-12-07;78;78;1759;116123;113067;39227;63.7;62.0;21.5
2B;2021-12-08;85;137;1809;116208;113204;41036;63.8;62.1;22.5
2B;2021-12-09;82;83;1667;116290;113287;42703;63.8;62.2;23.4
2B;2021-12-10;121;106;1816;116411;113393;44519;63.9;62.2;24.4
2B;2021-12-11;70;59;1169;116481;113452;45688;63.9;62.2;25.1
2B;2021-12-12;16;22;343;116497;113474;46031;63.9;62.3;25.3
2B;2021-12-13;82;115;1304;116579;113589;47335;64.0;62.3;26.0
2B;2021-12-14;91;118;1714;116670;113707;49049;64.0;62.4;26.9
2B;2021-12-15;124;144;1727;116794;113851;50776;64.1;62.5;27.9
2B;2021-12-16;102;106;1563;116896;113957;52339;64.1;62.5;28.7
2B;2021-12-17;111;133;1571;117007;114090;53910;64.2;62.6;29.6
2B;2021-12-18;100;77;932;117107;114167;54842;64.3;62.6;30.1
2B;2021-12-19;34;27;248;117141;114194;55090;64.3;62.7;30.2
2B;2021-12-20;124;109;1141;117265;114303;56231;64.3;62.7;30.9
2B;2021-12-21;146;145;1202;117411;114448;57433;64.4;62.8;31.5
2B;2021-12-22;140;170;995;117551;114618;58428;64.5;62.9;32.1
2B;2021-12-23;86;72;628;117637;114690;59056;64.5;62.9;32.4
2B;2021-12-24;22;31;152;117659;114721;59208;64.6;62.9;32.5
2B;2021-12-25;3;2;6;117662;114723;59214;64.6;62.9;32.5
2B;2021-12-26;27;21;158;117689;114744;59372;64.6;63.0;32.6
30;2020-12-27;0;0;0;0;0;0;0.0;0.0;0.0
30;2020-12-28;0;0;0;0;0;0;0.0;0.0;0.0
30;2020-12-29;0;0;0;0;0;0;0.0;0.0;0.0
30;2020-12-30;1;0;0;1;0;0;0.0;0.0;0.0
30;2020-12-31;0;0;0;1;0;0;0.0;0.0;0.0
30;2021-01-01;1;0;0;2;0;0;0.0;0.0;0.0
30;2021-01-02;1;0;0;3;0;0;0.0;0.0;0.0
30;2021-01-03;0;0;0;3;0;0;0.0;0.0;0.0
30;2021-01-04;2;0;0;5;0;0;0.0;0.0;0.0
30;2021-01-05;6;0;0;11;0;0;0.0;0.0;0.0
30;2021-01-06;122;1;0;133;1;0;0.0;0.0;0.0
30;2021-01-07;307;0;0;440;1;0;0.1;0.0;0.0
30;2021-01-08;476;1;0;916;2;0;0.1;0.0;0.0
30;2021-01-09;259;0;0;1175;2;0;0.2;0.0;0.0
30;2021-01-10;4;0;0;1179;2;0;0.2;0.0;0.0
30;2021-01-11;512;1;0;1691;3;0;0.2;0.0;0.0
30;2021-01-12;788;3;0;2479;6;0;0.3;0.0;0.0
30;2021-01-13;633;1;0;3112;7;0;0.4;0.0;0.0
30;2021-01-14;714;5;0;3826;12;0;0.5;0.0;0.0
30;2021-01-15;772;4;0;4598;16;0;0.6;0.0;0.0
30;2021-01-16;305;1;0;4903;17;0;0.7;0.0;0.0
30;2021-01-17;2;0;0;4905;17;0;0.7;0.0;0.0
30;2021-01-18;918;7;0;5823;24;0;0.8;0.0;0.0
30;2021-01-19;1735;8;0;7558;32;0;1.0;0.0;0.0
30;2021-01-20;1353;4;0;8911;36;0;1.2;0.0;0.0
30;2021-01-21;1303;5;0;10214;41;0;1.4;0.0;0.0
30;2021-01-22;1116;5;0;11330;46;0;1.5;0.0;0.0
30;2021-01-23;646;1;0;11976;47;0;1.6;0.0;0.0
30;2021-01-24;3;0;0;11979;47;0;1.6;0.0;0.0
30;2021-01-25;841;4;0;12820;51;0;1.7;0.0;0.0
30;2021-01-26;1091;17;0;13911;68;0;1.9;0.0;0.0
30;2021-01-27;1006;97;0;14917;165;0;2.0;0.0;0.0
30;2021-01-28;839;251;0;15756;416;0;2.1;0.1;0.0
30;2021-01-29;778;373;0;16534;789;0;2.2;0.1;0.0
30;2021-01-30;485;266;0;17019;1055;0;2.3;0.1;0.0
30;2021-01-31;3;7;0;17022;1062;0;2.3;0.1;0.0
30;2021-02-01;815;412;0;17837;1474;0;2.4;0.2;0.0
30;2021-02-02;1809;631;0;19646;2105;0;2.6;0.3;0.0
30;2021-02-03;1263;463;0;20909;2568;0;2.8;0.3;0.0
30;2021-02-04;1067;663;0;21976;3231;0;2.9;0.4;0.0
30;2021-02-05;709;732;0;22685;3963;0;3.0;0.5;0.0
30;2021-02-06;319;236;0;23004;4199;0;3.1;0.6;0.0
30;2021-02-07;5;10;0;23009;4209;0;3.1;0.6;0.0
30;2021-02-08;606;718;0;23615;4927;0;3.2;0.7;0.0
30;2021-02-09;983;1036;0;24598;5963;0;3.3;0.8;0.0
30;2021-02-10;995;1067;0;25593;7030;0;3.4;0.9;0.0
30;2021-02-11;995;1013;0;26588;8043;0;3.6;1.1;0.0
30;2021-02-12;725;932;0;27313;8975;0;3.6;1.2;0.0
30;2021-02-13;425;401;0;27738;9376;0;3.7;1.3;0.0
30;2021-02-14;3;22;0;27741;9398;0;3.7;1.3;0.0
30;2021-02-15;461;656;0;28202;10054;0;3.8;1.3;0.0
30;2021-02-16;457;931;0;28659;10985;0;3.8;1.5;0.0
30;2021-02-17;696;642;0;29355;11627;0;3.9;1.6;0.0
30;2021-02-18;807;655;0;30162;12282;0;4.0;1.6;0.0
30;2021-02-19;625;768;0;30787;13050;0;4.1;1.7;0.0
30;2021-02-20;230;235;0;31017;13285;0;4.1;1.8;0.0
30;2021-02-21;4;6;0;31021;13291;0;4.1;1.8;0.0
30;2021-02-22;508;786;0;31529;14077;0;4.2;1.9;0.0
30;2021-02-23;961;1482;0;32490;15559;0;4.3;2.1;0.0
30;2021-02-24;901;1171;0;33391;16730;0;4.5;2.2;0.0
30;2021-02-25;1198;983;0;34589;17713;0;4.6;2.4;0.0
30;2021-02-26;1326;697;0;35915;18410;0;4.8;2.5;0.0
30;2021-02-27;529;511;0;36444;18921;0;4.9;2.5;0.0
30;2021-02-28;7;9;0;36451;18930;0;4.9;2.5;0.0
30;2021-03-01;1203;861;0;37654;19791;0;5.0;2.6;0.0
30;2021-03-02;1553;948;0;39207;20739;0;5.2;2.8;0.0
30;2021-03-03;2041;858;0;41248;21597;0;5.5;2.9;0.0
30;2021-03-04;2403;953;0;43651;22550;0;5.8;3.0;0.0
30;2021-03-05;2528;704;0;46179;23254;0;6.2;3.1;0.0
30;2021-03-06;2694;367;0;48873;23621;0;6.5;3.2;0.0
30;2021-03-07;1698;45;0;50571;23666;0;6.8;3.2;0.0
30;2021-03-08;1474;795;0;52045;24461;0;7.0;3.3;0.0
30;2021-03-09;2162;930;0;54207;25391;0;7.2;3.4;0.0
30;2021-03-10;2319;720;0;56526;26111;0;7.6;3.5;0.0
30;2021-03-11;2922;747;0;59448;26858;0;7.9;3.6;0.0
30;2021-03-12;3028;482;0;62476;27340;0;8.3;3.7;0.0
30;2021-03-13;2138;299;0;64614;27639;0;8.6;3.7;0.0
30;2021-03-14;102;7;0;64716;27646;0;8.6;3.7;0.0
30;2021-03-15;1548;594;0;66264;28240;0;8.9;3.8;0.0
30;2021-03-16;1287;1053;0;67551;29293;0;9.0;3.9;0.0
30;2021-03-17;1394;676;0;68945;29969;0;9.2;4.0;0.0
30;2021-03-18;1626;712;0;70571;30681;0;9.4;4.1;0.0
30;2021-03-19;2249;550;0;72820;31231;0;9.7;4.2;0.0
30;2021-03-20;1320;137;0;74140;31368;0;9.9;4.2;0.0
30;2021-03-21;95;6;0;74235;31374;0;9.9;4.2;0.0
30;2021-03-22;2347;710;0;76582;32084;0;10.2;4.3;0.0
30;2021-03-23;3427;806;0;80009;32890;0;10.7;4.4;0.0
30;2021-03-24;3474;805;0;83483;33695;0;11.2;4.5;0.0
30;2021-03-25;4322;817;0;87805;34512;0;11.7;4.6;0.0
30;2021-03-26;4353;634;0;92158;35146;0;12.3;4.7;0.0
30;2021-03-27;1869;339;0;94027;35485;0;12.6;4.7;0.0
30;2021-03-28;66;5;0;94093;35490;0;12.6;4.7;0.0
30;2021-03-29;2775;1427;0;96868;36917;0;12.9;4.9;0.0
30;2021-03-30;3848;1641;0;100716;38558;0;13.5;5.2;0.0
30;2021-03-31;3436;1438;0;104152;39996;0;13.9;5.3;0.0
30;2021-04-01;4023;1345;0;108175;41341;0;14.5;5.5;0.0
30;2021-04-02;3538;1136;0;111713;42477;0;14.9;5.7;0.0
30;2021-04-03;992;1054;0;112705;43531;0;15.1;5.8;0.0
30;2021-04-04;44;196;0;112749;43727;0;15.1;5.8;0.0
30;2021-04-05;706;266;0;113455;43993;0;15.2;5.9;0.0
30;2021-04-06;2842;1482;0;116297;45475;0;15.5;6.1;0.0
30;2021-04-07;2612;1497;0;118909;46972;0;15.9;6.3;0.0
30;2021-04-08;3829;1451;0;122738;48423;0;16.4;6.5;0.0
30;2021-04-09;4729;1445;0;127467;49868;0;17.0;6.7;0.0
30;2021-04-10;2253;1047;0;129720;50915;0;17.3;6.8;0.0
30;2021-04-11;799;61;0;130519;50976;0;17.4;6.8;0.0
30;2021-04-12;2974;1429;0;133493;52405;0;17.8;7.0;0.0
30;2021-04-13;3816;1828;0;137309;54233;0;18.3;7.2;0.0
30;2021-04-14;3368;1520;0;140677;55753;0;18.8;7.4;0.0
30;2021-04-15;3766;1522;0;144443;57275;0;19.3;7.7;0.0
30;2021-04-16;3618;1540;0;148061;58815;0;19.8;7.9;0.0
30;2021-04-17;1477;868;0;149538;59683;0;20.0;8.0;0.0
30;2021-04-18;788;90;0;150326;59773;0;20.1;8.0;0.0
30;2021-04-19;2423;2245;0;152749;62018;0;20.4;8.3;0.0
30;2021-04-20;2778;2751;0;155527;64769;0;20.8;8.7;0.0
30;2021-04-21;2611;2456;0;158138;67225;0;21.1;9.0;0.0
30;2021-04-22;3564;2353;0;161702;69578;0;21.6;9.3;0.0
30;2021-04-23;3559;2338;0;165261;71916;0;22.1;9.6;0.0
30;2021-04-24;1378;1137;0;166639;73053;0;22.3;9.8;0.0
30;2021-04-25;667;107;0;167306;73160;0;22.4;9.8;0.0
30;2021-04-26;2029;2319;0;169335;75479;0;22.6;10.1;0.0
30;2021-04-27;3007;2608;0;172342;78087;0;23.0;10.4;0.0
30;2021-04-28;2978;2451;0;175320;80538;0;23.4;10.8;0.0
30;2021-04-29;3744;2358;0;179064;82896;0;23.9;11.1;0.0
30;2021-04-30;3562;2081;0;182626;84977;0;24.4;11.4;0.0
30;2021-05-01;1684;550;0;184310;85527;0;24.6;11.4;0.0
30;2021-05-02;641;242;0;184951;85769;0;24.7;11.5;0.0
30;2021-05-03;3833;2403;0;188784;88172;0;25.2;11.8;0.0
30;2021-05-04;4107;3351;0;192891;91523;0;25.8;12.2;0.0
30;2021-05-05;4117;2991;0;197008;94514;0;26.3;12.6;0.0
30;2021-05-06;4356;3221;0;201364;97735;0;26.9;13.1;0.0
30;2021-05-07;4187;3088;0;205551;100823;0;27.5;13.5;0.0
30;2021-05-08;1659;706;0;207210;101529;0;27.7;13.6;0.0
30;2021-05-09;372;522;0;207582;102051;0;27.7;13.6;0.0
30;2021-05-10;3093;2996;0;210675;105047;0;28.1;14.0;0.0
30;2021-05-11;5483;3626;0;216158;108673;0;28.9;14.5;0.0
30;2021-05-12;5319;3085;0;221477;111758;0;29.6;14.9;0.0
30;2021-05-13;3426;982;0;224903;112740;0;30.0;15.1;0.0
30;2021-05-14;5042;2304;0;229945;115044;0;30.7;15.4;0.0
30;2021-05-15;3505;1168;0;233450;116212;0;31.2;15.5;0.0
30;2021-05-16;739;323;0;234189;116535;0;31.3;15.6;0.0
30;2021-05-17;4001;2918;0;238190;119453;0;31.8;16.0;0.0
30;2021-05-18;4874;2919;0;243064;122372;0;32.5;16.3;0.0
30;2021-05-19;5079;2472;0;248143;124844;0;33.2;16.7;0.0
30;2021-05-20;5211;2542;0;253354;127386;0;33.8;17.0;0.0
30;2021-05-21;5080;2455;0;258434;129841;0;34.5;17.3;0.0
30;2021-05-22;3113;1231;0;261547;131072;0;34.9;17.5;0.0
30;2021-05-23;440;303;0;261987;131375;0;35.0;17.6;0.0
30;2021-05-24;1047;749;0;263034;132124;0;35.1;17.7;0.0
30;2021-05-25;3240;3139;0;266274;135263;0;35.6;18.1;0.0
30;2021-05-26;3373;2613;0;269647;137876;0;36.0;18.4;0.0
30;2021-05-27;4249;2733;0;273896;140609;0;36.6;18.8;0.0
30;2021-05-28;3684;3322;0;277580;143931;0;37.1;19.2;0.0
30;2021-05-29;1833;1837;0;279413;145768;0;37.3;19.5;0.0
30;2021-05-30;379;541;0;279792;146309;0;37.4;19.5;0.0
30;2021-05-31;3054;2462;0;282846;148771;0;37.8;19.9;0.0
30;2021-06-01;4107;2966;0;286953;151737;0;38.3;20.3;0.0
30;2021-06-02;3738;2713;0;290691;154450;0;38.8;20.6;0.0
30;2021-06-03;4544;3416;0;295235;157866;0;39.4;21.1;0.0
30;2021-06-04;4154;3502;0;299389;161368;0;40.0;21.6;0.0
30;2021-06-05;2038;1431;0;301427;162799;0;40.3;21.8;0.0
30;2021-06-06;769;282;0;302196;163081;0;40.4;21.8;0.0
30;2021-06-07;4713;2732;0;306909;165813;0;41.0;22.2;0.0
30;2021-06-08;4782;3504;0;311691;169317;0;41.6;22.6;0.0
30;2021-06-09;4232;3205;0;315923;172522;0;42.2;23.1;0.0
30;2021-06-10;4660;3449;0;320583;175971;0;42.8;23.5;0.0
30;2021-06-11;4630;4036;0;325213;180007;0;43.5;24.1;0.0
30;2021-06-12;2541;1746;0;327754;181753;0;43.8;24.3;0.0
30;2021-06-13;582;374;0;328336;182127;0;43.9;24.3;0.0
30;2021-06-14;2477;4793;0;330813;186920;0;44.2;25.0;0.0
30;2021-06-15;3278;5442;0;334091;192362;0;44.6;25.7;0.0
30;2021-06-16;3150;4794;0;337241;197156;0;45.1;26.3;0.0
30;2021-06-17;3846;4405;0;341087;201561;0;45.6;26.9;0.0
30;2021-06-18;3710;4834;0;344797;206395;0;46.1;27.6;0.0
30;2021-06-19;1430;2057;0;346227;208452;0;46.3;27.9;0.0
30;2021-06-20;410;554;0;346637;209006;0;46.3;27.9;0.0
30;2021-06-21;2236;5006;0;348873;214012;0;46.6;28.6;0.0
30;2021-06-22;2313;5918;0;351186;219930;0;46.9;29.4;0.0
30;2021-06-23;2490;5475;0;353676;225405;0;47.3;30.1;0.0
30;2021-06-24;2296;4923;0;355972;230328;0;47.6;30.8;0.0
30;2021-06-25;2539;5809;0;358511;236137;0;47.9;31.5;0.0
30;2021-06-26;905;2938;0;359416;239075;0;48.0;31.9;0.0
30;2021-06-27;242;628;0;359658;239703;0;48.1;32.0;0.0
30;2021-06-28;1594;6204;0;361252;245907;0;48.3;32.9;0.0
30;2021-06-29;1838;6209;0;363090;252116;0;48.5;33.7;0.0
30;2021-06-30;2005;5590;0;365095;257706;0;48.8;34.4;0.0
30;2021-07-01;3035;4916;0;368130;262622;0;49.2;35.1;0.0
30;2021-07-02;2856;4768;0;370986;267390;0;49.6;35.7;0.0
30;2021-07-03;1140;3121;0;372126;270511;0;49.7;36.1;0.0
30;2021-07-04;154;512;0;372280;271023;0;49.7;36.2;0.0
30;2021-07-05;1968;4155;0;374248;275178;0;50.0;36.8;0.0
30;2021-07-06;2536;5336;0;376784;280514;0;50.3;37.5;0.0
30;2021-07-07;2401;4410;0;379185;284924;0;50.7;38.1;0.0
30;2021-07-08;1994;3729;0;381179;288653;0;50.9;38.6;0.0
30;2021-07-09;2287;5438;0;383466;294091;0;51.2;39.3;0.0
30;2021-07-10;1350;2146;0;384816;296237;0;51.4;39.6;0.0
30;2021-07-11;101;502;0;384917;296739;0;51.4;39.6;0.0
30;2021-07-12;2273;5176;0;387190;301915;0;51.7;40.3;0.0
30;2021-07-13;3071;6142;0;390261;308057;0;52.1;41.2;0.0
30;2021-07-14;618;672;0;390879;308729;0;52.2;41.2;0.0
30;2021-07-15;3802;5654;0;394681;314383;0;52.7;42.0;0.0
30;2021-07-16;4355;5747;0;399036;320130;0;53.3;42.8;0.0
30;2021-07-17;1681;2493;0;400717;322623;0;53.5;43.1;0.0
30;2021-07-18;236;650;0;400953;323273;0;53.6;43.2;0.0
30;2021-07-19;3201;6096;0;404154;329369;0;54.0;44.0;0.0
30;2021-07-20;4281;6302;0;408435;335671;0;54.6;44.8;0.0
30;2021-07-21;3871;5342;0;412306;341013;0;55.1;45.6;0.0
30;2021-07-22;4598;5575;0;416904;346588;0;55.7;46.3;0.0
30;2021-07-23;4795;5847;0;421699;352435;0;56.3;47.1;0.0
30;2021-07-24;2135;3194;0;423834;355629;0;56.6;47.5;0.0
30;2021-07-25;331;384;0;424165;356013;0;56.7;47.6;0.0
30;2021-07-26;4144;4003;0;428309;360016;0;57.2;48.1;0.0
30;2021-07-27;4722;4518;0;433031;364534;0;57.9;48.7;0.0
30;2021-07-28;4750;3838;0;437781;368372;0;58.5;49.2;0.0
30;2021-07-29;5869;3925;0;443650;372297;0;59.3;49.7;0.0
30;2021-07-30;5330;4163;0;448980;376460;0;60.0;50.3;0.0
30;2021-07-31;2536;1826;0;451516;378286;0;60.3;50.5;0.0
30;2021-08-01;758;319;0;452274;378605;0;60.4;50.6;0.0
30;2021-08-02;3765;3740;0;456039;382345;0;60.9;51.1;0.0
30;2021-08-03;4780;3553;0;460819;385898;0;61.6;51.6;0.0
30;2021-08-04;5207;2815;0;466026;388713;0;62.3;51.9;0.0
30;2021-08-05;4530;3436;0;470556;392149;0;62.9;52.4;0.0
30;2021-08-06;4138;3645;0;474694;395794;0;63.4;52.9;0.0
30;2021-08-07;1798;1857;0;476492;397651;0;63.7;53.1;0.0
30;2021-08-08;569;296;0;477061;397947;0;63.7;53.2;0.0
30;2021-08-09;3299;3439;0;480360;401386;0;64.2;53.6;0.0
30;2021-08-10;3904;3926;0;484264;405312;0;64.7;54.2;0.0
30;2021-08-11;3302;3265;0;487566;408577;0;65.1;54.6;0.0
30;2021-08-12;3566;3741;0;491132;412318;0;65.6;55.1;0.0
30;2021-08-13;3070;3059;0;494202;415377;0;66.0;55.5;0.0
30;2021-08-14;1029;1871;0;495231;417248;0;66.2;55.7;0.0
30;2021-08-15;251;159;0;495482;417407;0;66.2;55.8;0.0
30;2021-08-16;2082;4465;0;497564;421872;0;66.5;56.4;0.0
30;2021-08-17;2566;3913;0;500130;425785;0;66.8;56.9;0.0
30;2021-08-18;2621;3664;0;502751;429449;0;67.2;57.4;0.0
30;2021-08-19;2635;4063;0;505386;433512;0;67.5;57.9;0.0
30;2021-08-20;2411;4334;0;507797;437846;0;67.8;58.5;0.0
30;2021-08-21;919;2656;0;508716;440502;0;68.0;58.9;0.0
30;2021-08-22;203;515;0;508919;441017;0;68.0;58.9;0.0
30;2021-08-23;1574;4220;0;510493;445237;0;68.2;59.5;0.0
30;2021-08-24;1866;4406;0;512359;449643;0;68.5;60.1;0.0
30;2021-08-25;1616;4363;0;513975;454006;0;68.7;60.7;0.0
30;2021-08-26;1790;4267;0;515765;458273;0;68.9;61.2;0.0
30;2021-08-27;1657;4326;0;517422;462599;0;69.1;61.8;0.0
30;2021-08-28;668;2343;0;518090;464942;0;69.2;62.1;0.0
30;2021-08-29;182;607;0;518272;465549;0;69.2;62.2;0.0
30;2021-08-30;1343;4224;58;519615;469773;58;69.4;62.8;0.0
30;2021-08-31;1330;4120;121;520945;473893;179;69.6;63.3;0.0
30;2021-09-01;1347;3481;178;522292;477374;357;69.8;63.8;0.0
30;2021-09-02;1337;3242;277;523629;480616;634;70.0;64.2;0.1
30;2021-09-03;1467;3546;423;525096;484162;1057;70.2;64.7;0.1
30;2021-09-04;657;1803;154;525753;485965;1211;70.2;64.9;0.2
30;2021-09-05;131;468;41;525884;486433;1252;70.3;65.0;0.2
30;2021-09-06;831;2291;457;526715;488724;1709;70.4;65.3;0.2
30;2021-09-07;814;2164;533;527529;490888;2242;70.5;65.6;0.3
30;2021-09-08;939;2550;318;528468;493438;2560;70.6;65.9;0.3
30;2021-09-09;920;2132;370;529388;495570;2930;70.7;66.2;0.4
30;2021-09-10;987;2535;475;530375;498105;3405;70.9;66.5;0.5
30;2021-09-11;538;1499;136;530913;499604;3541;70.9;66.8;0.5
30;2021-09-12;94;240;35;531007;499844;3576;70.9;66.8;0.5
30;2021-09-13;782;1570;460;531789;501414;4036;71.1;67.0;0.5
30;2021-09-14;685;1513;605;532474;502927;4641;71.1;67.2;0.6
30;2021-09-15;825;1864;494;533299;504791;5135;71.3;67.4;0.7
30;2021-09-16;763;1433;750;534062;506224;5885;71.4;67.6;0.8
30;2021-09-17;809;1862;766;534871;508086;6651;71.5;67.9;0.9
30;2021-09-18;412;1010;155;535283;509096;6806;71.5;68.0;0.9
30;2021-09-19;66;156;27;535349;509252;6833;71.5;68.0;0.9
30;2021-09-20;434;1172;588;535783;510424;7421;71.6;68.2;1.0
30;2021-09-21;452;1161;921;536235;511585;8342;71.6;68.4;1.1
30;2021-09-22;504;1413;536;536739;512998;8878;71.7;68.5;1.2
30;2021-09-23;644;1130;806;537383;514128;9684;71.8;68.7;1.3
30;2021-09-24;548;1565;613;537931;515693;10297;71.9;68.9;1.4
30;2021-09-25;339;870;119;538270;516563;10416;71.9;69.0;1.4
30;2021-09-26;54;135;24;538324;516698;10440;71.9;69.0;1.4
30;2021-09-27;398;890;616;538722;517588;11056;72.0;69.2;1.5
30;2021-09-28;534;936;832;539256;518524;11888;72.0;69.3;1.6
30;2021-09-29;468;1111;498;539724;519635;12386;72.1;69.4;1.7
30;2021-09-30;411;917;676;540135;520552;13062;72.2;69.5;1.7
30;2021-10-01;688;1002;836;540823;521554;13898;72.3;69.7;1.9
30;2021-10-02;301;543;228;541124;522097;14126;72.3;69.8;1.9
30;2021-10-03;21;52;4;541145;522149;14130;72.3;69.8;1.9
30;2021-10-04;436;796;848;541581;522945;14978;72.4;69.9;2.0
30;2021-10-05;373;723;908;541954;523668;15886;72.4;70.0;2.1
30;2021-10-06;494;868;940;542448;524536;16826;72.5;70.1;2.2
30;2021-10-07;401;853;848;542849;525389;17674;72.5;70.2;2.4
30;2021-10-08;500;1070;974;543349;526459;18648;72.6;70.3;2.5
30;2021-10-09;314;549;309;543663;527008;18957;72.6;70.4;2.5
30;2021-10-10;11;28;12;543674;527036;18969;72.6;70.4;2.5
30;2021-10-11;288;561;796;543962;527597;19765;72.7;70.5;2.6
30;2021-10-12;387;690;1058;544349;528287;20823;72.7;70.6;2.8
30;2021-10-13;357;680;783;544706;528967;21606;72.8;70.7;2.9
30;2021-10-14;383;677;1091;545089;529644;22697;72.8;70.8;3.0
30;2021-10-15;460;704;1043;545549;530348;23740;72.9;70.9;3.2
30;2021-10-16;216;418;285;545765;530766;24025;72.9;70.9;3.2
30;2021-10-17;12;31;6;545777;530797;24031;72.9;70.9;3.2
30;2021-10-18;305;497;828;546082;531294;24859;73.0;71.0;3.3
30;2021-10-19;307;555;1363;546389;531849;26222;73.0;71.1;3.5
30;2021-10-20;314;447;1080;546703;532296;27302;73.0;71.1;3.6
30;2021-10-21;341;533;1667;547044;532829;28969;73.1;71.2;3.9
30;2021-10-22;369;634;1222;547413;533463;30191;73.1;71.3;4.0
30;2021-10-23;159;296;674;547572;533759;30865;73.2;71.3;4.1
30;2021-10-24;10;21;3;547582;533780;30868;73.2;71.3;4.1
30;2021-10-25;289;405;920;547871;534185;31788;73.2;71.4;4.2
30;2021-10-26;288;354;1299;548159;534539;33087;73.2;71.4;4.4
30;2021-10-27;339;426;1118;548498;534965;34205;73.3;71.5;4.6
30;2021-10-28;309;328;1371;548807;535293;35576;73.3;71.5;4.8
30;2021-10-29;380;483;1462;549187;535776;37038;73.4;71.6;4.9
30;2021-10-30;144;286;511;549331;536062;37549;73.4;71.6;5.0
30;2021-10-31;7;17;6;549338;536079;37555;73.4;71.6;5.0
30;2021-11-01;50;38;22;549388;536117;37577;73.4;71.6;5.0
30;2021-11-02;230;403;1018;549618;536520;38595;73.4;71.7;5.2
30;2021-11-03;371;447;1755;549989;536967;40350;73.5;71.7;5.4
30;2021-11-04;250;342;1514;550239;537309;41864;73.5;71.8;5.6
30;2021-11-05;363;524;1964;550602;537833;43828;73.6;71.9;5.9
30;2021-11-06;169;237;435;550771;538070;44263;73.6;71.9;5.9
30;2021-11-07;17;38;30;550788;538108;44293;73.6;71.9;5.9
30;2021-11-08;176;310;1569;550964;538418;45862;73.6;71.9;6.1
30;2021-11-09;248;395;2209;551212;538813;48071;73.6;72.0;6.4
30;2021-11-10;326;426;2434;551538;539239;50505;73.7;72.0;6.7
30;2021-11-11;30;51;119;551568;539290;50624;73.7;72.1;6.8
30;2021-11-12;268;360;2086;551836;539650;52710;73.7;72.1;7.0
30;2021-11-13;123;200;660;551959;539850;53370;73.7;72.1;7.1
30;2021-11-14;14;28;31;551973;539878;53401;73.7;72.1;7.1
30;2021-11-15;187;332;1991;552160;540210;55392;73.8;72.2;7.4
30;2021-11-16;227;289;2775;552387;540499;58167;73.8;72.2;7.8
30;2021-11-17;300;400;2985;552687;540899;61152;73.8;72.3;8.2
30;2021-11-18;239;369;2670;552926;541268;63822;73.9;72.3;8.5
30;2021-11-19;426;459;3422;553352;541727;67244;73.9;72.4;9.0
30;2021-11-20;138;236;730;553490;541963;67974;73.9;72.4;9.1
30;2021-11-21;6;17;29;553496;541980;68003;74.0;72.4;9.1
30;2021-11-22;225;274;2458;553721;542254;70461;74.0;72.4;9.4
30;2021-11-23;296;245;3012;554017;542499;73473;74.0;72.5;9.8
30;2021-11-24;306;406;3039;554323;542905;76512;74.1;72.5;10.2
30;2021-11-25;328;346;3524;554651;543251;80036;74.1;72.6;10.7
30;2021-11-26;454;484;5437;555105;543735;85473;74.2;72.6;11.4
30;2021-11-27;167;239;1706;555272;543974;87179;74.2;72.7;11.6
30;2021-11-28;29;50;323;555301;544024;87502;74.2;72.7;11.7
30;2021-11-29;200;248;4042;555501;544272;91544;74.2;72.7;12.2
30;2021-11-30;276;328;5728;555777;544600;97272;74.3;72.8;13.0
30;2021-12-01;269;384;5438;556046;544984;102710;74.3;72.8;13.7
30;2021-12-02;268;245;5876;556314;545229;108586;74.3;72.8;14.5
30;2021-12-03;292;350;7324;556606;545579;115910;74.4;72.9;15.5
30;2021-12-04;147;186;2529;556753;545765;118439;74.4;72.9;15.8
30;2021-12-05;29;62;423;556782;545827;118862;74.4;72.9;15.9
30;2021-12-06;218;334;6443;557000;546161;125305;74.4;73.0;16.7
30;2021-12-07;343;353;9240;557343;546514;134545;74.5;73.0;18.0
30;2021-12-08;277;354;8188;557620;546868;142733;74.5;73.1;19.1
30;2021-12-09;326;293;8777;557946;547161;151510;74.5;73.1;20.2
30;2021-12-10;362;399;9671;558308;547560;161181;74.6;73.2;21.5
30;2021-12-11;190;201;3990;558498;547761;165171;74.6;73.2;22.1
30;2021-12-12;16;53;466;558514;547814;165637;74.6;73.2;22.1
30;2021-12-13;257;304;7624;558771;548118;173261;74.7;73.2;23.1
30;2021-12-14;356;378;10905;559127;548496;184166;74.7;73.3;24.6
30;2021-12-15;325;382;8841;559452;548878;193007;74.7;73.3;25.8
30;2021-12-16;371;407;9149;559823;549285;202156;74.8;73.4;27.0
30;2021-12-17;445;594;10497;560268;549879;212653;74.9;73.5;28.4
30;2021-12-18;227;234;3951;560495;550113;216604;74.9;73.5;28.9
30;2021-12-19;58;54;830;560553;550167;217434;74.9;73.5;29.1
30;2021-12-20;317;310;5924;560870;550477;223358;74.9;73.5;29.8
30;2021-12-21;437;365;7335;561307;550842;230693;75.0;73.6;30.8
30;2021-12-22;346;301;5561;561653;551143;236254;75.0;73.6;31.6
30;2021-12-23;340;269;4080;561993;551412;240334;75.1;73.7;32.1
30;2021-12-24;97;104;829;562090;551516;241163;75.1;73.7;32.2
30;2021-12-25;2;18;48;562092;551534;241211;75.1;73.7;32.2
30;2021-12-26;13;20;146;562105;551554;241357;75.1;73.7;32.2
31;2020-12-27;1;0;0;1;0;0;0.0;0.0;0.0
31;2020-12-28;1;0;0;2;0;0;0.0;0.0;0.0
31;2020-12-29;0;0;0;2;0;0;0.0;0.0;0.0
31;2020-12-30;0;0;0;2;0;0;0.0;0.0;0.0
31;2020-12-31;1;0;0;3;0;0;0.0;0.0;0.0
31;2021-01-01;4;0;0;7;0;0;0.0;0.0;0.0
31;2021-01-02;0;0;0;7;0;0;0.0;0.0;0.0
31;2021-01-03;2;0;0;9;0;0;0.0;0.0;0.0
31;2021-01-04;3;1;0;12;1;0;0.0;0.0;0.0
31;2021-01-05;55;0;0;67;1;0;0.0;0.0;0.0
31;2021-01-06;203;1;0;270;2;0;0.0;0.0;0.0
31;2021-01-07;321;1;0;591;3;0;0.0;0.0;0.0
31;2021-01-08;556;0;0;1147;3;0;0.1;0.0;0.0
31;2021-01-09;288;0;0;1435;3;0;0.1;0.0;0.0
31;2021-01-10;278;0;0;1713;3;0;0.1;0.0;0.0
31;2021-01-11;972;4;0;2685;7;0;0.2;0.0;0.0
31;2021-01-12;1157;1;0;3842;8;0;0.3;0.0;0.0
31;2021-01-13;1141;5;0;4983;13;0;0.4;0.0;0.0
31;2021-01-14;1249;19;0;6232;32;0;0.4;0.0;0.0
31;2021-01-15;1061;5;0;7293;37;0;0.5;0.0;0.0
31;2021-01-16;273;2;0;7566;39;0;0.5;0.0;0.0
31;2021-01-17;200;0;0;7766;39;0;0.6;0.0;0.0
31;2021-01-18;1693;7;0;9459;46;0;0.7;0.0;0.0
31;2021-01-19;2916;12;0;12375;58;0;0.9;0.0;0.0
31;2021-01-20;3596;12;0;15971;70;0;1.1;0.0;0.0
31;2021-01-21;3031;10;0;19002;80;0;1.4;0.0;0.0
31;2021-01-22;2303;6;0;21305;86;0;1.5;0.0;0.0
31;2021-01-23;723;2;0;22028;88;0;1.6;0.0;0.0
31;2021-01-24;223;1;0;22251;89;0;1.6;0.0;0.0
31;2021-01-25;1763;13;0;24014;102;0;1.7;0.0;0.0
31;2021-01-26;1995;60;0;26009;162;0;1.9;0.0;0.0
31;2021-01-27;1699;153;0;27708;315;0;2.0;0.0;0.0
31;2021-01-28;1512;288;0;29220;603;0;2.1;0.0;0.0
31;2021-01-29;1399;373;0;30619;976;0;2.2;0.1;0.0
31;2021-01-30;457;180;0;31076;1156;0;2.2;0.1;0.0
31;2021-01-31;78;200;0;31154;1356;0;2.2;0.1;0.0
31;2021-02-01;1249;740;0;32403;2096;0;2.3;0.1;0.0
31;2021-02-02;2997;800;0;35400;2896;0;2.5;0.2;0.0
31;2021-02-03;1875;718;0;37275;3614;0;2.7;0.3;0.0
31;2021-02-04;1882;931;0;39157;4545;0;2.8;0.3;0.0
31;2021-02-05;1393;635;0;40550;5180;0;2.9;0.4;0.0
31;2021-02-06;437;71;0;40987;5251;0;2.9;0.4;0.0
31;2021-02-07;56;59;0;41043;5310;0;2.9;0.4;0.0
31;2021-02-08;1105;680;0;42148;5990;0;3.0;0.4;0.0
31;2021-02-09;1641;1547;0;43789;7537;0;3.1;0.5;0.0
31;2021-02-10;1916;2391;0;45705;9928;0;3.3;0.7;0.0
31;2021-02-11;1795;1792;0;47500;11720;0;3.4;0.8;0.0
31;2021-02-12;1635;863;0;49135;12583;0;3.5;0.9;0.0
31;2021-02-13;513;247;0;49648;12830;0;3.5;0.9;0.0
31;2021-02-14;58;218;0;49706;13048;0;3.5;0.9;0.0
31;2021-02-15;435;1409;0;50141;14457;0;3.6;1.0;0.0
31;2021-02-16;502;1621;0;50643;16078;0;3.6;1.1;0.0
31;2021-02-17;470;1682;0;51113;17760;0;3.6;1.3;0.0
31;2021-02-18;526;1836;0;51639;19596;0;3.7;1.4;0.0
31;2021-02-19;463;1611;0;52102;21207;0;3.7;1.5;0.0
31;2021-02-20;96;537;0;52198;21744;0;3.7;1.6;0.0
31;2021-02-21;73;168;0;52271;21912;0;3.7;1.6;0.0
31;2021-02-22;441;1795;0;52712;23707;0;3.8;1.7;0.0
31;2021-02-23;877;2888;0;53589;26595;0;3.8;1.9;0.0
31;2021-02-24;628;2072;0;54217;28667;0;3.9;2.0;0.0
31;2021-02-25;1435;1889;0;55652;30556;0;4.0;2.2;0.0
31;2021-02-26;1721;1308;0;57373;31864;0;4.1;2.3;0.0
31;2021-02-27;654;416;0;58027;32280;0;4.1;2.3;0.0
31;2021-02-28;92;59;0;58119;32339;0;4.1;2.3;0.0
31;2021-03-01;896;1143;0;59015;33482;0;4.2;2.4;0.0
31;2021-03-02;1284;1660;0;60299;35142;0;4.3;2.5;0.0
31;2021-03-03;1382;1764;0;61681;36906;0;4.4;2.6;0.0
31;2021-03-04;2450;1478;0;64131;38384;0;4.6;2.7;0.0
31;2021-03-05;3057;1576;0;67188;39960;0;4.8;2.9;0.0
31;2021-03-06;2875;421;0;70063;40381;0;5.0;2.9;0.0
31;2021-03-07;5209;114;0;75272;40495;0;5.4;2.9;0.0
31;2021-03-08;1671;1087;0;76943;41582;0;5.5;3.0;0.0
31;2021-03-09;2776;1207;0;79719;42789;0;5.7;3.1;0.0
31;2021-03-10;2592;1085;0;82311;43874;0;5.9;3.1;0.0
31;2021-03-11;4415;1186;0;86726;45060;0;6.2;3.2;0.0
31;2021-03-12;5310;1215;0;92036;46275;0;6.6;3.3;0.0
31;2021-03-13;2861;524;0;94897;46799;0;6.8;3.3;0.0
31;2021-03-14;263;53;0;95160;46852;0;6.8;3.3;0.0
31;2021-03-15;2587;432;0;97747;47284;0;7.0;3.4;0.0
31;2021-03-16;1776;807;0;99523;48091;0;7.1;3.4;0.0
31;2021-03-17;1745;570;0;101268;48661;0;7.2;3.5;0.0
31;2021-03-18;2074;744;0;103342;49405;0;7.4;3.5;0.0
31;2021-03-19;3270;561;0;106612;49966;0;7.6;3.6;0.0
31;2021-03-20;1870;160;0;108482;50126;0;7.7;3.6;0.0
31;2021-03-21;269;33;0;108751;50159;0;7.8;3.6;0.0
31;2021-03-22;2688;397;0;111439;50556;0;8.0;3.6;0.0
31;2021-03-23;4137;364;0;115576;50920;0;8.2;3.6;0.0
31;2021-03-24;4391;308;0;119967;51228;0;8.6;3.7;0.0
31;2021-03-25;6071;543;0;126038;51771;0;9.0;3.7;0.0
31;2021-03-26;5599;553;0;131637;52324;0;9.4;3.7;0.0
31;2021-03-27;4479;220;0;136116;52544;0;9.7;3.8;0.0
31;2021-03-28;2259;50;0;138375;52594;0;9.9;3.8;0.0
31;2021-03-29;4416;493;0;142791;53087;0;10.2;3.8;0.0
31;2021-03-30;6566;580;0;149357;53667;0;10.7;3.8;0.0
31;2021-03-31;5821;433;0;155178;54100;0;11.1;3.9;0.0
31;2021-04-01;7104;626;0;162282;54726;0;11.6;3.9;0.0
31;2021-04-02;6248;645;0;168530;55371;0;12.0;4.0;0.0
31;2021-04-03;4112;214;0;172642;55585;0;12.3;4.0;0.0
31;2021-04-04;2049;116;0;174691;55701;0;12.5;4.0;0.0
31;2021-04-05;614;80;0;175305;55781;0;12.5;4.0;0.0
31;2021-04-06;4352;1201;0;179657;56982;0;12.8;4.1;0.0
31;2021-04-07;6406;1071;0;186063;58053;0;13.3;4.1;0.0
31;2021-04-08;7728;1117;0;193791;59170;0;13.8;4.2;0.0
31;2021-04-09;8492;1341;0;202283;60511;0;14.4;4.3;0.0
31;2021-04-10;5187;612;0;207470;61123;0;14.8;4.4;0.0
31;2021-04-11;2113;148;0;209583;61271;0;15.0;4.4;0.0
31;2021-04-12;6063;1868;0;215646;63139;0;15.4;4.5;0.0
31;2021-04-13;8024;2110;0;223670;65249;0;16.0;4.7;0.0
31;2021-04-14;6753;2045;0;230423;67294;0;16.4;4.8;0.0
31;2021-04-15;7851;2290;0;238274;69584;0;17.0;5.0;0.0
31;2021-04-16;7333;2162;0;245607;71746;0;17.5;5.1;0.0
31;2021-04-17;4602;1003;0;250209;72749;0;17.9;5.2;0.0
31;2021-04-18;2485;398;0;252694;73147;0;18.0;5.2;0.0
31;2021-04-19;5305;2188;0;257999;75335;0;18.4;5.4;0.0
31;2021-04-20;6120;2932;0;264119;78267;0;18.9;5.6;0.0
31;2021-04-21;6056;2916;0;270175;81183;0;19.3;5.8;0.0
31;2021-04-22;6470;3275;0;276645;84458;0;19.7;6.0;0.0
31;2021-04-23;6355;2771;0;283000;87229;0;20.2;6.2;0.0
31;2021-04-24;2031;3355;0;285031;90584;0;20.3;6.5;0.0
31;2021-04-25;808;2096;0;285839;92680;0;20.4;6.6;0.0
31;2021-04-26;3960;3631;0;289799;96311;0;20.7;6.9;0.0
31;2021-04-27;4728;4069;0;294527;100380;0;21.0;7.2;0.0
31;2021-04-28;4726;3791;0;299253;104171;0;21.4;7.4;0.0
31;2021-04-29;5468;4223;0;304721;108394;0;21.8;7.7;0.0
31;2021-04-30;5262;4393;0;309983;112787;0;22.1;8.1;0.0
31;2021-05-01;1959;3205;0;311942;115992;0;22.3;8.3;0.0
31;2021-05-02;1482;1985;0;313424;117977;0;22.4;8.4;0.0
31;2021-05-03;5667;2827;0;319091;120804;0;22.8;8.6;0.0
31;2021-05-04;5039;5040;0;324130;125844;0;23.1;9.0;0.0
31;2021-05-05;3565;6020;0;327695;131864;0;23.4;9.4;0.0
31;2021-05-06;4048;7449;0;331743;139313;0;23.7;9.9;0.0
31;2021-05-07;5878;7242;0;337621;146555;0;24.1;10.5;0.0
31;2021-05-08;4033;3115;0;341654;149670;0;24.4;10.7;0.0
31;2021-05-09;3845;2358;0;345499;152028;0;24.7;10.9;0.0
31;2021-05-10;6461;5751;0;351960;157779;0;25.1;11.3;0.0
31;2021-05-11;6993;6846;0;358953;164625;0;25.6;11.8;0.0
31;2021-05-12;7548;6160;0;366501;170785;0;26.2;12.2;0.0
31;2021-05-13;5696;2165;0;372197;172950;0;26.6;12.3;0.0
31;2021-05-14;8607;4250;0;380804;177200;0;27.2;12.6;0.0
31;2021-05-15;6558;2111;0;387362;179311;0;27.7;12.8;0.0
31;2021-05-16;3842;656;0;391204;179967;0;27.9;12.8;0.0
31;2021-05-17;5993;4258;0;397197;184225;0;28.4;13.2;0.0
31;2021-05-18;6746;4320;0;403943;188545;0;28.8;13.5;0.0
31;2021-05-19;7328;3834;0;411271;192379;0;29.4;13.7;0.0
31;2021-05-20;8278;4889;0;419549;197268;0;29.9;14.1;0.0
31;2021-05-21;8333;4960;0;427882;202228;0;30.5;14.4;0.0
31;2021-05-22;6158;1877;0;434040;204105;0;31.0;14.6;0.0
31;2021-05-23;4411;369;0;438451;204474;0;31.3;14.6;0.0
31;2021-05-24;4777;803;0;443228;205277;0;31.6;14.7;0.0
31;2021-05-25;7382;3869;0;450610;209146;0;32.2;14.9;0.0
31;2021-05-26;7494;4768;0;458104;213914;0;32.7;15.3;0.0
31;2021-05-27;7083;6229;0;465187;220143;0;33.2;15.7;0.0
31;2021-05-28;6563;6509;0;471750;226652;0;33.7;16.2;0.0
31;2021-05-29;4078;4259;0;475828;230911;0;34.0;16.5;0.0
31;2021-05-30;1385;2340;0;477213;233251;0;34.1;16.6;0.0
31;2021-05-31;5942;5250;0;483155;238501;0;34.5;17.0;0.0
31;2021-06-01;7160;6713;0;490315;245214;0;35.0;17.5;0.0
31;2021-06-02;7337;6495;0;497652;251709;0;35.5;18.0;0.0
31;2021-06-03;8264;8244;0;505916;259953;0;36.1;18.6;0.0
31;2021-06-04;9264;7436;0;515180;267389;0;36.8;19.1;0.0
31;2021-06-05;10598;3240;0;525778;270629;0;37.5;19.3;0.0
31;2021-06-06;7908;1566;0;533686;272195;0;38.1;19.4;0.0
31;2021-06-07;8509;5730;0;542195;277925;0;38.7;19.8;0.0
31;2021-06-08;9520;6363;0;551715;284288;0;39.4;20.3;0.0
31;2021-06-09;9906;5815;0;561621;290103;0;40.1;20.7;0.0
31;2021-06-10;10054;6536;0;571675;296639;0;40.8;21.2;0.0
31;2021-06-11;10751;7024;0;582426;303663;0;41.6;21.7;0.0
31;2021-06-12;9663;3771;0;592089;307434;0;42.3;21.9;0.0
31;2021-06-13;7940;1985;0;600029;309419;0;42.8;22.1;0.0
31;2021-06-14;8381;7028;0;608410;316447;0;43.4;22.6;0.0
31;2021-06-15;9871;7735;0;618281;324182;0;44.1;23.1;0.0
31;2021-06-16;8909;5964;0;627190;330146;0;44.8;23.6;0.0
31;2021-06-17;8412;6955;0;635602;337101;0;45.4;24.1;0.0
31;2021-06-18;8817;8544;0;644419;345645;0;46.0;24.7;0.0
31;2021-06-19;7916;6306;0;652335;351951;0;46.6;25.1;0.0
31;2021-06-20;5275;3840;0;657610;355791;0;46.9;25.4;0.0
31;2021-06-21;5352;7883;0;662962;363674;0;47.3;26.0;0.0
31;2021-06-22;5048;8814;0;668010;372488;0;47.7;26.6;0.0
31;2021-06-23;5180;8428;0;673190;380916;0;48.1;27.2;0.0
31;2021-06-24;4550;8849;0;677740;389765;0;48.4;27.8;0.0
31;2021-06-25;5059;10972;0;682799;400737;0;48.7;28.6;0.0
31;2021-06-26;4427;7745;0;687226;408482;0;49.1;29.2;0.0
31;2021-06-27;3332;4570;0;690558;413052;0;49.3;29.5;0.0
31;2021-06-28;4001;7691;0;694559;420743;0;49.6;30.0;0.0
31;2021-06-29;3857;8659;0;698416;429402;0;49.9;30.7;0.0
31;2021-06-30;4345;9350;0;702761;438752;0;50.2;31.3;0.0
31;2021-07-01;4181;9625;0;706942;448377;0;50.5;32.0;0.0
31;2021-07-02;4255;10894;0;711197;459271;0;50.8;32.8;0.0
31;2021-07-03;3995;8186;0;715192;467457;0;51.1;33.4;0.0
31;2021-07-04;2954;5043;0;718146;472500;0;51.3;33.7;0.0
31;2021-07-05;3946;7922;0;722092;480422;0;51.5;34.3;0.0
31;2021-07-06;3829;9423;5;725921;489845;5;51.8;35.0;0.0
31;2021-07-07;4035;9458;0;729956;499303;5;52.1;35.6;0.0
31;2021-07-08;3966;9404;4;733922;508707;9;52.4;36.3;0.0
31;2021-07-09;4512;10498;0;738434;519205;9;52.7;37.1;0.0
31;2021-07-10;3862;7063;0;742296;526268;9;53.0;37.6;0.0
31;2021-07-11;2855;4310;0;745151;530578;9;53.2;37.9;0.0
31;2021-07-12;3756;9849;0;748907;540427;9;53.5;38.6;0.0
31;2021-07-13;6764;10558;0;755671;550985;9;53.9;39.3;0.0
31;2021-07-14;5771;4187;0;761442;555172;9;54.4;39.6;0.0
31;2021-07-15;8267;10133;0;769709;565305;9;54.9;40.4;0.0
31;2021-07-16;7825;11103;0;777534;576408;9;55.5;41.1;0.0
31;2021-07-17;7855;11427;0;785389;587835;9;56.1;42.0;0.0
31;2021-07-18;5762;8915;0;791151;596750;9;56.5;42.6;0.0
31;2021-07-19;5126;11323;0;796277;608073;9;56.8;43.4;0.0
31;2021-07-20;7200;11760;0;803477;619833;9;57.4;44.2;0.0
31;2021-07-21;7212;11894;0;810689;631727;9;57.9;45.1;0.0
31;2021-07-22;7815;11590;0;818504;643317;9;58.4;45.9;0.0
31;2021-07-23;7232;12327;0;825736;655644;9;58.9;46.8;0.0
31;2021-07-24;8979;10368;0;834715;666012;9;59.6;47.5;0.0
31;2021-07-25;6456;8098;0;841171;674110;9;60.0;48.1;0.0
31;2021-07-26;5660;9789;0;846831;683899;9;60.4;48.8;0.0
31;2021-07-27;7902;9475;0;854733;693374;9;61.0;49.5;0.0
31;2021-07-28;8255;8490;0;862988;701864;9;61.6;50.1;0.0
31;2021-07-29;8531;8249;0;871519;710113;9;62.2;50.7;0.0
31;2021-07-30;7475;8253;0;878994;718366;9;62.7;51.3;0.0
31;2021-07-31;5704;7005;0;884698;725371;9;63.2;51.8;0.0
31;2021-08-01;3996;3988;0;888694;729359;9;63.4;52.1;0.0
31;2021-08-02;5625;5541;0;894319;734900;9;63.8;52.5;0.0
31;2021-08-03;5991;5456;0;900310;740356;9;64.3;52.8;0.0
31;2021-08-04;6038;4962;1;906348;745318;10;64.7;53.2;0.0
31;2021-08-05;5581;7226;0;911929;752544;10;65.1;53.7;0.0
31;2021-08-06;5449;7326;0;917378;759870;10;65.5;54.2;0.0
31;2021-08-07;4384;6426;0;921762;766296;10;65.8;54.7;0.0
31;2021-08-08;2986;4893;0;924748;771189;10;66.0;55.0;0.0
31;2021-08-09;4381;7021;0;929129;778210;10;66.3;55.5;0.0
31;2021-08-10;4710;6474;0;933839;784684;10;66.7;56.0;0.0
31;2021-08-11;4519;5951;0;938358;790635;10;67.0;56.4;0.0
31;2021-08-12;4433;6723;0;942791;797358;10;67.3;56.9;0.0
31;2021-08-13;3945;6087;0;946736;803445;10;67.6;57.4;0.0
31;2021-08-14;2864;6115;0;949600;809560;10;67.8;57.8;0.0
31;2021-08-15;1099;3641;0;950699;813201;10;67.9;58.0;0.0
31;2021-08-16;3199;7994;0;953898;821195;10;68.1;58.6;0.0
31;2021-08-17;3451;7173;0;957349;828368;10;68.3;59.1;0.0
31;2021-08-18;3253;6892;3;960602;835260;13;68.6;59.6;0.0
31;2021-08-19;2944;6971;0;963546;842231;13;68.8;60.1;0.0
31;2021-08-20;2893;7212;0;966439;849443;13;69.0;60.6;0.0
31;2021-08-21;1891;6499;0;968330;855942;13;69.1;61.1;0.0
31;2021-08-22;1270;4863;1;969600;860805;14;69.2;61.4;0.0
31;2021-08-23;2251;7448;0;971851;868253;14;69.4;62.0;0.0
31;2021-08-24;2403;6275;0;974254;874528;14;69.5;62.4;0.0
31;2021-08-25;2291;5719;0;976545;880247;14;69.7;62.8;0.0
31;2021-08-26;2193;5862;0;978738;886109;14;69.9;63.3;0.0
31;2021-08-27;2327;6681;0;981065;892790;14;70.0;63.7;0.0
31;2021-08-28;1711;6348;0;982776;899138;14;70.2;64.2;0.0
31;2021-08-29;1122;4455;0;983898;903593;14;70.2;64.5;0.0
31;2021-08-30;2008;6436;51;985906;910029;65;70.4;65.0;0.0
31;2021-08-31;2116;5367;138;988022;915396;203;70.5;65.3;0.0
31;2021-09-01;1916;4576;457;989938;919972;660;70.7;65.7;0.0
31;2021-09-02;1718;4037;518;991656;924009;1178;70.8;66.0;0.1
31;2021-09-03;1768;4583;533;993424;928592;1711;70.9;66.3;0.1
31;2021-09-04;1928;5274;282;995352;933866;1993;71.0;66.7;0.1
31;2021-09-05;941;1900;246;996293;935766;2239;71.1;66.8;0.2
31;2021-09-06;1352;2899;634;997645;938665;2873;71.2;67.0;0.2
31;2021-09-07;1187;2847;582;998832;941512;3455;71.3;67.2;0.2
31;2021-09-08;1344;3463;617;1000176;944975;4072;71.4;67.5;0.3
31;2021-09-09;1006;2466;617;1001182;947441;4689;71.5;67.6;0.3
31;2021-09-10;1511;3147;615;1002693;950588;5304;71.6;67.9;0.4
31;2021-09-11;1246;3453;263;1003939;954041;5567;71.7;68.1;0.4
31;2021-09-12;475;1468;132;1004414;955509;5699;71.7;68.2;0.4
31;2021-09-13;1007;1973;755;1005421;957482;6454;71.8;68.3;0.5
31;2021-09-14;1191;1931;977;1006612;959413;7431;71.9;68.5;0.5
31;2021-09-15;1057;2548;862;1007669;961961;8293;71.9;68.7;0.6
31;2021-09-16;911;1640;1132;1008580;963601;9425;72.0;68.8;0.7
31;2021-09-17;1067;2441;865;1009647;966042;10290;72.1;69.0;0.7
31;2021-09-18;834;2671;252;1010481;968713;10542;72.1;69.1;0.8
31;2021-09-19;279;1070;129;1010760;969783;10671;72.1;69.2;0.8
31;2021-09-20;593;1464;726;1011353;971247;11397;72.2;69.3;0.8
31;2021-09-21;797;1566;1253;1012150;972813;12650;72.2;69.4;0.9
31;2021-09-22;806;2047;991;1012956;974860;13641;72.3;69.6;1.0
31;2021-09-23;721;1457;1233;1013677;976317;14874;72.4;69.7;1.1
31;2021-09-24;803;1982;989;1014480;978299;15863;72.4;69.8;1.1
31;2021-09-25;635;2409;230;1015115;980708;16093;72.5;70.0;1.1
31;2021-09-26;228;938;107;1015343;981646;16200;72.5;70.1;1.2
31;2021-09-27;627;1407;745;1015970;983053;16945;72.5;70.2;1.2
31;2021-09-28;707;1263;947;1016677;984316;17892;72.6;70.3;1.3
31;2021-09-29;722;1553;882;1017399;985869;18774;72.6;70.4;1.3
31;2021-09-30;677;1084;1101;1018076;986953;19875;72.7;70.4;1.4
31;2021-10-01;1001;1770;917;1019077;988723;20792;72.7;70.6;1.5
31;2021-10-02;748;1646;310;1019825;990369;21102;72.8;70.7;1.5
31;2021-10-03;97;296;26;1019922;990665;21128;72.8;70.7;1.5
31;2021-10-04;453;674;608;1020375;991339;21736;72.8;70.8;1.6
31;2021-10-05;557;1201;1171;1020932;992540;22907;72.9;70.8;1.6
31;2021-10-06;658;1117;848;1021590;993657;23755;72.9;70.9;1.7
31;2021-10-07;620;1309;1187;1022210;994966;24942;73.0;71.0;1.8
31;2021-10-08;832;1169;1151;1023042;996135;26093;73.0;71.1;1.9
31;2021-10-09;495;1189;376;1023537;997324;26469;73.1;71.2;1.9
31;2021-10-10;26;63;28;1023563;997387;26497;73.1;71.2;1.9
31;2021-10-11;419;530;567;1023982;997917;27064;73.1;71.2;1.9
31;2021-10-12;563;1003;1220;1024545;998920;28284;73.1;71.3;2.0
31;2021-10-13;567;1052;957;1025112;999972;29241;73.2;71.4;2.1
31;2021-10-14;614;1051;1227;1025726;1001023;30468;73.2;71.5;2.2
31;2021-10-15;741;1044;1340;1026467;1002067;31808;73.3;71.5;2.3
31;2021-10-16;465;949;587;1026932;1003016;32395;73.3;71.6;2.3
31;2021-10-17;17;38;14;1026949;1003054;32409;73.3;71.6;2.3
31;2021-10-18;331;498;732;1027280;1003552;33141;73.3;71.6;2.4
31;2021-10-19;498;891;1245;1027778;1004443;34386;73.4;71.7;2.5
31;2021-10-20;555;830;1355;1028333;1005273;35741;73.4;71.8;2.6
31;2021-10-21;560;950;1651;1028893;1006223;37392;73.4;71.8;2.7
31;2021-10-22;608;968;1561;1029501;1007191;38953;73.5;71.9;2.8
31;2021-10-23;403;1034;690;1029904;1008225;39643;73.5;72.0;2.8
31;2021-10-24;19;47;18;1029923;1008272;39661;73.5;72.0;2.8
31;2021-10-25;321;386;1110;1030244;1008658;40771;73.5;72.0;2.9
31;2021-10-26;443;538;1521;1030687;1009196;42292;73.6;72.0;3.0
31;2021-10-27;491;704;1977;1031178;1009900;44269;73.6;72.1;3.2
31;2021-10-28;443;564;1815;1031621;1010464;46084;73.6;72.1;3.3
31;2021-10-29;529;766;2004;1032150;1011230;48088;73.7;72.2;3.4
31;2021-10-30;306;503;656;1032456;1011733;48744;73.7;72.2;3.5
31;2021-10-31;26;34;19;1032482;1011767;48763;73.7;72.2;3.5
31;2021-11-01;67;39;37;1032549;1011806;48800;73.7;72.2;3.5
31;2021-11-02;484;620;1768;1033033;1012426;50568;73.7;72.3;3.6
31;2021-11-03;438;654;1964;1033471;1013080;52532;73.8;72.3;3.7
31;2021-11-04;403;557;2156;1033874;1013637;54688;73.8;72.4;3.9
31;2021-11-05;544;764;2648;1034418;1014401;57336;73.8;72.4;4.1
31;2021-11-06;316;445;882;1034734;1014846;58218;73.9;72.4;4.2
31;2021-11-07;28;44;70;1034762;1014890;58288;73.9;72.4;4.2
31;2021-11-08;288;437;1782;1035050;1015327;60070;73.9;72.5;4.3
31;2021-11-09;478;621;3830;1035528;1015948;63900;73.9;72.5;4.6
31;2021-11-10;503;746;3757;1036031;1016694;67657;74.0;72.6;4.8
31;2021-11-11;24;61;96;1036055;1016755;67753;74.0;72.6;4.8
31;2021-11-12;512;729;3720;1036567;1017484;71473;74.0;72.6;5.1
31;2021-11-13;315;430;1218;1036882;1017914;72691;74.0;72.7;5.2
31;2021-11-14;14;22;52;1036896;1017936;72743;74.0;72.7;5.2
31;2021-11-15;310;398;2476;1037206;1018334;75219;74.0;72.7;5.4
31;2021-11-16;490;654;4739;1037696;1018988;79958;74.1;72.7;5.7
31;2021-11-17;498;566;4012;1038194;1019554;83970;74.1;72.8;6.0
31;2021-11-18;444;504;4270;1038638;1020058;88240;74.1;72.8;6.3
31;2021-11-19;581;676;4999;1039219;1020734;93239;74.2;72.9;6.7
31;2021-11-20;469;460;1836;1039688;1021194;95075;74.2;72.9;6.8
31;2021-11-21;31;50;72;1039719;1021244;95147;74.2;72.9;6.8
31;2021-11-22;328;293;3034;1040047;1021537;98181;74.2;72.9;7.0
31;2021-11-23;479;513;5513;1040526;1022050;103694;74.3;73.0;7.4
31;2021-11-24;496;497;4559;1041022;1022547;108253;74.3;73.0;7.7
31;2021-11-25;438;470;5990;1041460;1023017;114243;74.3;73.0;8.2
31;2021-11-26;540;601;8316;1042000;1023618;122559;74.4;73.1;8.7
31;2021-11-27;371;485;4796;1042371;1024103;127355;74.4;73.1;9.1
31;2021-11-28;30;86;874;1042401;1024189;128229;74.4;73.1;9.2
31;2021-11-29;284;333;5839;1042685;1024522;134068;74.4;73.1;9.6
31;2021-11-30;419;555;9690;1043104;1025077;143758;74.5;73.2;10.3
31;2021-12-01;392;502;9101;1043496;1025579;152859;74.5;73.2;10.9
31;2021-12-02;384;363;11404;1043880;1025942;164263;74.5;73.2;11.7
31;2021-12-03;395;538;12066;1044275;1026480;176329;74.5;73.3;12.6
31;2021-12-04;254;477;6129;1044529;1026957;182458;74.6;73.3;13.0
31;2021-12-05;72;96;1989;1044601;1027053;184447;74.6;73.3;13.2
31;2021-12-06;261;380;9488;1044862;1027433;193935;74.6;73.3;13.8
31;2021-12-07;446;546;12954;1045308;1027979;206889;74.6;73.4;14.8
31;2021-12-08;410;623;11655;1045718;1028602;218544;74.6;73.4;15.6
31;2021-12-09;464;574;15305;1046182;1029176;233849;74.7;73.5;16.7
31;2021-12-10;523;642;16055;1046705;1029818;249904;74.7;73.5;17.8
31;2021-12-11;350;489;9903;1047055;1030307;259807;74.7;73.5;18.5
31;2021-12-12;155;115;4631;1047210;1030422;264438;74.8;73.6;18.9
31;2021-12-13;374;456;12893;1047584;1030878;277331;74.8;73.6;19.8
31;2021-12-14;552;652;17290;1048136;1031530;294621;74.8;73.6;21.0
31;2021-12-15;562;671;15080;1048698;1032201;309701;74.9;73.7;22.1
31;2021-12-16;477;650;16682;1049175;1032851;326383;74.9;73.7;23.3
31;2021-12-17;570;680;17468;1049745;1033531;343851;74.9;73.8;24.5
31;2021-12-18;490;488;10636;1050235;1034019;354487;75.0;73.8;25.3
31;2021-12-19;190;161;5325;1050425;1034180;359812;75.0;73.8;25.7
31;2021-12-20;604;650;13990;1051029;1034830;373802;75.0;73.9;26.7
31;2021-12-21;809;692;15922;1051838;1035522;389724;75.1;73.9;27.8
31;2021-12-22;781;601;13429;1052619;1036123;403153;75.1;74.0;28.8
31;2021-12-23;646;492;10938;1053265;1036615;414091;75.2;74.0;29.6
31;2021-12-24;293;256;3786;1053558;1036871;417877;75.2;74.0;29.8
31;2021-12-25;7;34;90;1053565;1036905;417967;75.2;74.0;29.8
31;2021-12-26;73;72;1225;1053638;1036977;419192;75.2;74.0;29.9
32;2020-12-27;0;0;0;0;0;0;0.0;0.0;0.0
32;2020-12-28;0;0;0;0;0;0;0.0;0.0;0.0
32;2020-12-29;1;0;0;1;0;0;0.0;0.0;0.0
32;2020-12-30;0;0;0;1;0;0;0.0;0.0;0.0
32;2020-12-31;0;0;0;1;0;0;0.0;0.0;0.0
32;2021-01-01;1;0;0;2;0;0;0.0;0.0;0.0
32;2021-01-02;0;0;0;2;0;0;0.0;0.0;0.0
32;2021-01-03;0;0;0;2;0;0;0.0;0.0;0.0
32;2021-01-04;2;0;0;4;0;0;0.0;0.0;0.0
32;2021-01-05;4;0;0;8;0;0;0.0;0.0;0.0
32;2021-01-06;6;0;0;14;0;0;0.0;0.0;0.0
32;2021-01-07;148;0;0;162;0;0;0.1;0.0;0.0
32;2021-01-08;78;0;0;240;0;0;0.1;0.0;0.0
32;2021-01-09;7;0;0;247;0;0;0.1;0.0;0.0
32;2021-01-10;2;0;0;249;0;0;0.1;0.0;0.0
32;2021-01-11;35;1;0;284;1;0;0.1;0.0;0.0
32;2021-01-12;94;0;0;378;1;0;0.2;0.0;0.0
32;2021-01-13;296;1;0;674;2;0;0.4;0.0;0.0
32;2021-01-14;347;3;0;1021;5;0;0.5;0.0;0.0
32;2021-01-15;415;2;0;1436;7;0;0.8;0.0;0.0
32;2021-01-16;26;1;0;1462;8;0;0.8;0.0;0.0
32;2021-01-17;2;0;0;1464;8;0;0.8;0.0;0.0
32;2021-01-18;312;2;0;1776;10;0;0.9;0.0;0.0
32;2021-01-19;433;0;0;2209;10;0;1.2;0.0;0.0
32;2021-01-20;392;0;0;2601;10;0;1.4;0.0;0.0
32;2021-01-21;605;1;0;3206;11;0;1.7;0.0;0.0
32;2021-01-22;382;1;0;3588;12;0;1.9;0.0;0.0
32;2021-01-23;178;0;0;3766;12;0;2.0;0.0;0.0
32;2021-01-24;6;0;0;3772;12;0;2.0;0.0;0.0
32;2021-01-25;485;1;0;4257;13;0;2.2;0.0;0.0
32;2021-01-26;621;3;0;4878;16;0;2.6;0.0;0.0
32;2021-01-27;673;8;0;5551;24;0;2.9;0.0;0.0
32;2021-01-28;618;24;0;6169;48;0;3.2;0.0;0.0
32;2021-01-29;451;46;0;6620;94;0;3.5;0.0;0.0
32;2021-01-30;270;2;0;6890;96;0;3.6;0.1;0.0
32;2021-01-31;3;6;0;6893;102;0;3.6;0.1;0.0
32;2021-02-01;315;73;0;7208;175;0;3.8;0.1;0.0
32;2021-02-02;643;126;0;7851;301;0;4.1;0.2;0.0
32;2021-02-03;373;175;0;8224;476;0;4.3;0.3;0.0
32;2021-02-04;432;262;0;8656;738;0;4.6;0.4;0.0
32;2021-02-05;345;321;0;9001;1059;0;4.7;0.6;0.0
32;2021-02-06;147;5;0;9148;1064;0;4.8;0.6;0.0
32;2021-02-07;0;32;0;9148;1096;0;4.8;0.6;0.0
32;2021-02-08;305;124;0;9453;1220;0;5.0;0.6;0.0
32;2021-02-09;341;234;0;9794;1454;0;5.2;0.8;0.0
32;2021-02-10;309;260;0;10103;1714;0;5.3;0.9;0.0
32;2021-02-11;366;324;0;10469;2038;0;5.5;1.1;0.0
32;2021-02-12;313;268;0;10782;2306;0;5.7;1.2;0.0
32;2021-02-13;261;1;0;11043;2307;0;5.8;1.2;0.0
32;2021-02-14;0;28;0;11043;2335;0;5.8;1.2;0.0
32;2021-02-15;39;239;0;11082;2574;0;5.8;1.4;0.0
32;2021-02-16;407;384;0;11489;2958;0;6.0;1.6;0.0
32;2021-02-17;199;466;0;11688;3424;0;6.2;1.8;0.0
32;2021-02-18;321;484;0;12009;3908;0;6.3;2.1;0.0
32;2021-02-19;182;293;0;12191;4201;0;6.4;2.2;0.0
32;2021-02-20;10;148;0;12201;4349;0;6.4;2.3;0.0
32;2021-02-21;0;5;0;12201;4354;0;6.4;2.3;0.0
32;2021-02-22;163;421;0;12364;4775;0;6.5;2.5;0.0
32;2021-02-23;434;590;0;12798;5365;0;6.7;2.8;0.0
32;2021-02-24;295;383;0;13093;5748;0;6.9;3.0;0.0
32;2021-02-25;487;521;0;13580;6269;0;7.1;3.3;0.0
32;2021-02-26;456;358;0;14036;6627;0;7.4;3.5;0.0
32;2021-02-27;169;254;0;14205;6881;0;7.5;3.6;0.0
32;2021-02-28;6;1;0;14211;6882;0;7.5;3.6;0.0
32;2021-03-01;74;325;0;14285;7207;0;7.5;3.8;0.0
32;2021-03-02;419;454;0;14704;7661;0;7.7;4.0;0.0
32;2021-03-03;301;332;0;15005;7993;0;7.9;4.2;0.0
32;2021-03-04;551;355;0;15556;8348;0;8.2;4.4;0.0
32;2021-03-05;472;274;0;16028;8622;0;8.4;4.5;0.0
32;2021-03-06;568;174;0;16596;8796;0;8.7;4.6;0.0
32;2021-03-07;65;5;0;16661;8801;0;8.8;4.6;0.0
32;2021-03-08;265;305;0;16926;9106;0;8.9;4.8;0.0
32;2021-03-09;700;376;0;17626;9482;0;9.3;5.0;0.0
32;2021-03-10;515;353;0;18141;9835;0;9.5;5.2;0.0
32;2021-03-11;899;310;0;19040;10145;0;10.0;5.3;0.0
32;2021-03-12;934;355;0;19974;10500;0;10.5;5.5;0.0
32;2021-03-13;500;250;0;20474;10750;0;10.8;5.7;0.0
32;2021-03-14;3;0;0;20477;10750;0;10.8;5.7;0.0
32;2021-03-15;348;43;0;20825;10793;0;11.0;5.7;0.0
32;2021-03-16;323;318;0;21148;11111;0;11.1;5.8;0.0
32;2021-03-17;202;158;0;21350;11269;0;11.2;5.9;0.0
32;2021-03-18;436;306;0;21786;11575;0;11.5;6.1;0.0
32;2021-03-19;456;176;0;22242;11751;0;11.7;6.2;0.0
32;2021-03-20;182;32;0;22424;11783;0;11.8;6.2;0.0
32;2021-03-21;17;0;0;22441;11783;0;11.8;6.2;0.0
32;2021-03-22;398;174;0;22839;11957;0;12.0;6.3;0.0
32;2021-03-23;655;400;0;23494;12357;0;12.4;6.5;0.0
32;2021-03-24;717;277;0;24211;12634;0;12.7;6.6;0.0
32;2021-03-25;990;419;0;25201;13053;0;13.3;6.9;0.0
32;2021-03-26;730;301;0;25931;13354;0;13.6;7.0;0.0
32;2021-03-27;226;8;0;26157;13362;0;13.8;7.0;0.0
32;2021-03-28;13;2;0;26170;13364;0;13.8;7.0;0.0
32;2021-03-29;434;70;0;26604;13434;0;14.0;7.1;0.0
32;2021-03-30;884;294;0;27488;13728;0;14.5;7.2;0.0
32;2021-03-31;727;186;0;28215;13914;0;14.8;7.3;0.0
32;2021-04-01;1345;339;0;29560;14253;0;15.6;7.5;0.0
32;2021-04-02;682;190;0;30242;14443;0;15.9;7.6;0.0
32;2021-04-03;182;7;0;30424;14450;0;16.0;7.6;0.0
32;2021-04-04;18;3;0;30442;14453;0;16.0;7.6;0.0
32;2021-04-05;46;3;0;30488;14456;0;16.0;7.6;0.0
32;2021-04-06;2634;365;0;33122;14821;0;17.4;7.8;0.0
32;2021-04-07;1304;235;0;34426;15056;0;18.1;7.9;0.0
32;2021-04-08;1856;420;0;36282;15476;0;19.1;8.1;0.0
32;2021-04-09;976;236;0;37258;15712;0;19.6;8.3;0.0
32;2021-04-10;904;45;0;38162;15757;0;20.1;8.3;0.0
32;2021-04-11;43;3;0;38205;15760;0;20.1;8.3;0.0
32;2021-04-12;589;65;0;38794;15825;0;20.4;8.3;0.0
32;2021-04-13;2560;405;0;41354;16230;0;21.8;8.5;0.0
32;2021-04-14;1332;294;0;42686;16524;0;22.5;8.7;0.0
32;2021-04-15;1803;456;0;44489;16980;0;23.4;8.9;0.0
32;2021-04-16;732;341;0;45221;17321;0;23.8;9.1;0.0
32;2021-04-17;838;61;0;46059;17382;0;24.2;9.1;0.0
32;2021-04-18;31;6;0;46090;17388;0;24.3;9.1;0.0
32;2021-04-19;537;117;0;46627;17505;0;24.5;9.2;0.0
32;2021-04-20;2379;484;0;49006;17989;0;25.8;9.5;0.0
32;2021-04-21;1005;398;0;50011;18387;0;26.3;9.7;0.0
32;2021-04-22;1651;429;0;51662;18816;0;27.2;9.9;0.0
32;2021-04-23;558;229;0;52220;19045;0;27.5;10.0;0.0
32;2021-04-24;1345;104;0;53565;19149;0;28.2;10.1;0.0
32;2021-04-25;13;18;0;53578;19167;0;28.2;10.1;0.0
32;2021-04-26;360;440;0;53938;19607;0;28.4;10.3;0.0
32;2021-04-27;2298;675;0;56236;20282;0;29.6;10.7;0.0
32;2021-04-28;913;452;0;57149;20734;0;30.1;10.9;0.0
32;2021-04-29;1017;984;0;58166;21718;0;30.6;11.4;0.0
32;2021-04-30;507;435;0;58673;22153;0;30.9;11.7;0.0
32;2021-05-01;2406;120;0;61079;22273;0;32.1;11.7;0.0
32;2021-05-02;16;10;0;61095;22283;0;32.1;11.7;0.0
32;2021-05-03;271;489;0;61366;22772;0;32.3;12.0;0.0
32;2021-05-04;814;2530;0;62180;25302;0;32.7;13.3;0.0
32;2021-05-05;2104;1198;0;64284;26500;0;33.8;13.9;0.0
32;2021-05-06;614;1765;0;64898;28265;0;34.1;14.9;0.0
32;2021-05-07;2002;671;0;66900;28936;0;35.2;15.2;0.0
32;2021-05-08;141;478;0;67041;29414;0;35.3;15.5;0.0
32;2021-05-09;40;201;0;67081;29615;0;35.3;15.6;0.0
32;2021-05-10;1572;625;0;68653;30240;0;36.1;15.9;0.0
32;2021-05-11;771;2308;0;69424;32548;0;36.5;17.1;0.0
32;2021-05-12;1880;1132;0;71304;33680;0;37.5;17.7;0.0
32;2021-05-13;396;1376;0;71700;35056;0;37.7;18.4;0.0
32;2021-05-14;1648;371;0;73348;35427;0;38.6;18.6;0.0
32;2021-05-15;251;730;0;73599;36157;0;38.7;19.0;0.0
32;2021-05-16;49;5;0;73648;36162;0;38.8;19.0;0.0
32;2021-05-17;362;264;0;74010;36426;0;38.9;19.2;0.0
32;2021-05-18;1454;336;0;75464;36762;0;39.7;19.3;0.0
32;2021-05-19;2066;305;0;77530;37067;0;40.8;19.5;0.0
32;2021-05-20;2040;459;0;79570;37526;0;41.9;19.7;0.0
32;2021-05-21;1452;490;0;81022;38016;0;42.6;20.0;0.0
32;2021-05-22;421;137;0;81443;38153;0;42.9;20.1;0.0
32;2021-05-23;36;18;0;81479;38171;0;42.9;20.1;0.0
32;2021-05-24;106;14;0;81585;38185;0;42.9;20.1;0.0
32;2021-05-25;1533;436;0;83118;38621;0;43.7;20.3;0.0
32;2021-05-26;1868;593;0;84986;39214;0;44.7;20.6;0.0
32;2021-05-27;1833;693;0;86819;39907;0;45.7;21.0;0.0
32;2021-05-28;1251;828;0;88070;40735;0;46.3;21.4;0.0
32;2021-05-29;411;370;0;88481;41105;0;46.6;21.6;0.0
32;2021-05-30;12;13;0;88493;41118;0;46.6;21.6;0.0
32;2021-05-31;883;645;0;89376;41763;0;47.0;22.0;0.0
32;2021-06-01;671;2746;0;90047;44509;0;47.4;23.4;0.0
32;2021-06-02;1158;1264;0;91205;45773;0;48.0;24.1;0.0
32;2021-06-03;570;2021;0;91775;47794;0;48.3;25.1;0.0
32;2021-06-04;1323;870;0;93098;48664;0;49.0;25.6;0.0
32;2021-06-05;295;1603;0;93393;50267;0;49.1;26.5;0.0
32;2021-06-06;56;29;0;93449;50296;0;49.2;26.5;0.0
32;2021-06-07;265;460;0;93714;50756;0;49.3;26.7;0.0
32;2021-06-08;733;2334;0;94447;53090;0;49.7;27.9;0.0
32;2021-06-09;1052;981;0;95499;54071;0;50.3;28.5;0.0
32;2021-06-10;732;1142;0;96231;55213;0;50.6;29.1;0.0
32;2021-06-11;881;683;0;97112;55896;0;51.1;29.4;0.0
32;2021-06-12;259;2483;0;97371;58379;0;51.2;30.7;0.0
32;2021-06-13;76;14;0;97447;58393;0;51.3;30.7;0.0
32;2021-06-14;505;376;0;97952;58769;0;51.5;30.9;0.0
32;2021-06-15;1547;1056;0;99499;59825;0;52.4;31.5;0.0
32;2021-06-16;870;2535;0;100369;62360;0;52.8;32.8;0.0
32;2021-06-17;750;882;0;101119;63242;0;53.2;33.3;0.0
32;2021-06-18;311;2419;0;101430;65661;0;53.4;34.6;0.0
32;2021-06-19;948;509;0;102378;66170;0;53.9;34.8;0.0
32;2021-06-20;52;36;0;102430;66206;0;53.9;34.8;0.0
32;2021-06-21;158;1659;0;102588;67865;0;54.0;35.7;0.0
32;2021-06-22;981;1050;0;103569;68915;0;54.5;36.3;0.0
32;2021-06-23;550;1825;0;104119;70740;0;54.8;37.2;0.0
32;2021-06-24;607;642;0;104726;71382;0;55.1;37.6;0.0
32;2021-06-25;501;1838;0;105227;73220;0;55.4;38.5;0.0
32;2021-06-26;175;308;0;105402;73528;0;55.5;38.7;0.0
32;2021-06-27;46;62;0;105448;73590;0;55.5;38.7;0.0
32;2021-06-28;630;599;0;106078;74189;0;55.8;39.0;0.0
32;2021-06-29;797;1793;0;106875;75982;0;56.2;40.0;0.0
32;2021-06-30;775;2324;0;107650;78306;0;56.6;41.2;0.0
32;2021-07-01;579;2129;0;108229;80435;0;57.0;42.3;0.0
32;2021-07-02;654;1756;0;108883;82191;0;57.3;43.2;0.0
32;2021-07-03;506;594;0;109389;82785;0;57.6;43.6;0.0
32;2021-07-04;37;48;0;109426;82833;0;57.6;43.6;0.0
32;2021-07-05;192;418;0;109618;83251;0;57.7;43.8;0.0
32;2021-07-06;836;1868;0;110454;85119;0;58.1;44.8;0.0
32;2021-07-07;804;2194;0;111258;87313;0;58.5;45.9;0.0
32;2021-07-08;518;1828;0;111776;89141;0;58.8;46.9;0.0
32;2021-07-09;640;1624;0;112416;90765;0;59.2;47.8;0.0
32;2021-07-10;535;598;0;112951;91363;0;59.4;48.1;0.0
32;2021-07-11;24;37;0;112975;91400;0;59.4;48.1;0.0
32;2021-07-12;505;1114;0;113480;92514;0;59.7;48.7;0.0
32;2021-07-13;1499;1684;0;114979;94198;0;60.5;49.6;0.0
32;2021-07-14;549;103;0;115528;94301;0;60.8;49.6;0.0
32;2021-07-15;1642;941;0;117170;95242;0;61.7;50.1;0.0
32;2021-07-16;1048;1687;0;118218;96929;0;62.2;51.0;0.0
32;2021-07-17;200;313;0;118418;97242;0;62.3;51.2;0.0
32;2021-07-18;75;80;0;118493;97322;0;62.4;51.2;0.0
32;2021-07-19;1550;374;0;120043;97696;0;63.2;51.4;0.0
32;2021-07-20;1624;1297;0;121667;98993;0;64.0;52.1;0.0
32;2021-07-21;1344;1578;0;123011;100571;0;64.7;52.9;0.0
32;2021-07-22;1613;647;1;124624;101218;1;65.6;53.3;0.0
32;2021-07-23;1121;1630;0;125745;102848;1;66.2;54.1;0.0
32;2021-07-24;263;298;0;126008;103146;1;66.3;54.3;0.0
32;2021-07-25;133;65;0;126141;103211;1;66.4;54.3;0.0
32;2021-07-26;910;1054;0;127051;104265;1;66.9;54.9;0.0
32;2021-07-27;1392;1867;0;128443;106132;1;67.6;55.8;0.0
32;2021-07-28;731;996;0;129174;107128;1;68.0;56.4;0.0
32;2021-07-29;1467;1343;0;130641;108471;1;68.7;57.1;0.0
32;2021-07-30;510;484;0;131151;108955;1;69.0;57.3;0.0
32;2021-07-31;316;450;0;131467;109405;1;69.2;57.6;0.0
32;2021-08-01;62;35;0;131529;109440;1;69.2;57.6;0.0
32;2021-08-02;258;202;0;131787;109642;1;69.3;57.7;0.0
32;2021-08-03;1091;1664;0;132878;111306;1;69.9;58.6;0.0
32;2021-08-04;664;671;0;133542;111977;1;70.3;58.9;0.0
32;2021-08-05;1074;1771;0;134616;113748;1;70.8;59.9;0.0
32;2021-08-06;617;588;0;135233;114336;1;71.2;60.2;0.0
32;2021-08-07;250;225;0;135483;114561;1;71.3;60.3;0.0
32;2021-08-08;45;55;0;135528;114616;1;71.3;60.3;0.0
32;2021-08-09;347;1621;0;135875;116237;1;71.5;61.2;0.0
32;2021-08-10;617;1850;0;136492;118087;1;71.8;62.1;0.0
32;2021-08-11;610;548;0;137102;118635;1;72.1;62.4;0.0
32;2021-08-12;893;1864;0;137995;120499;1;72.6;63.4;0.0
32;2021-08-13;280;386;0;138275;120885;1;72.8;63.6;0.0
32;2021-08-14;225;267;0;138500;121152;1;72.9;63.8;0.0
32;2021-08-15;16;74;0;138516;121226;1;72.9;63.8;0.0
32;2021-08-16;172;240;0;138688;121466;1;73.0;63.9;0.0
32;2021-08-17;514;2096;0;139202;123562;1;73.2;65.0;0.0
32;2021-08-18;373;595;0;139575;124157;1;73.4;65.3;0.0
32;2021-08-19;900;1267;0;140475;125424;1;73.9;66.0;0.0
32;2021-08-20;234;362;0;140709;125786;1;74.0;66.2;0.0
32;2021-08-21;192;334;0;140901;126120;1;74.1;66.4;0.0
32;2021-08-22;23;76;0;140924;126196;1;74.2;66.4;0.0
32;2021-08-23;102;319;0;141026;126515;1;74.2;66.6;0.0
32;2021-08-24;571;1395;0;141597;127910;1;74.5;67.3;0.0
32;2021-08-25;148;357;0;141745;128267;1;74.6;67.5;0.0
32;2021-08-26;341;1982;0;142086;130249;1;74.8;68.5;0.0
32;2021-08-27;314;633;0;142400;130882;1;74.9;68.9;0.0
32;2021-08-28;127;240;0;142527;131122;1;75.0;69.0;0.0
32;2021-08-29;17;59;0;142544;131181;1;75.0;69.0;0.0
32;2021-08-30;67;251;2;142611;131432;3;75.0;69.2;0.0
32;2021-08-31;232;1479;23;142843;132911;26;75.2;69.9;0.0
32;2021-09-01;614;786;48;143457;133697;74;75.5;70.4;0.0
32;2021-09-02;304;1398;150;143761;135095;224;75.6;71.1;0.1
32;2021-09-03;210;434;28;143971;135529;252;75.8;71.3;0.1
32;2021-09-04;77;284;17;144048;135813;269;75.8;71.5;0.1
32;2021-09-05;32;32;0;144080;135845;269;75.8;71.5;0.1
32;2021-09-06;87;176;44;144167;136021;313;75.9;71.6;0.2
32;2021-09-07;426;723;112;144593;136744;425;76.1;72.0;0.2
32;2021-09-08;267;541;79;144860;137285;504;76.2;72.2;0.3
32;2021-09-09;200;840;191;145060;138125;695;76.3;72.7;0.4
32;2021-09-10;210;270;55;145270;138395;750;76.4;72.8;0.4
32;2021-09-11;110;257;30;145380;138652;780;76.5;73.0;0.4
32;2021-09-12;6;20;1;145386;138672;781;76.5;73.0;0.4
32;2021-09-13;35;72;22;145421;138744;803;76.5;73.0;0.4
32;2021-09-14;309;545;304;145730;139289;1107;76.7;73.3;0.6
32;2021-09-15;221;239;140;145951;139528;1247;76.8;73.4;0.7
32;2021-09-16;178;240;177;146129;139768;1424;76.9;73.5;0.7
32;2021-09-17;197;376;220;146326;140144;1644;77.0;73.7;0.9
32;2021-09-18;62;144;24;146388;140288;1668;77.0;73.8;0.9
32;2021-09-19;4;21;0;146392;140309;1668;77.0;73.8;0.9
32;2021-09-20;20;51;62;146412;140360;1730;77.0;73.9;0.9
32;2021-09-21;234;386;338;146646;140746;2068;77.2;74.1;1.1
32;2021-09-22;208;542;198;146854;141288;2266;77.3;74.3;1.2
32;2021-09-23;128;213;207;146982;141501;2473;77.3;74.5;1.3
32;2021-09-24;102;296;224;147084;141797;2697;77.4;74.6;1.4
32;2021-09-25;63;125;28;147147;141922;2725;77.4;74.7;1.4
32;2021-09-26;5;23;3;147152;141945;2728;77.4;74.7;1.4
32;2021-09-27;33;75;136;147185;142020;2864;77.4;74.7;1.5
32;2021-09-28;102;459;602;147287;142479;3466;77.5;75.0;1.8
32;2021-09-29;92;359;469;147379;142838;3935;77.6;75.2;2.1
32;2021-09-30;122;179;260;147501;143017;4195;77.6;75.3;2.2
32;2021-10-01;125;262;197;147626;143279;4392;77.7;75.4;2.3
32;2021-10-02;41;130;46;147667;143409;4438;77.7;75.5;2.3
32;2021-10-03;2;8;7;147669;143417;4445;77.7;75.5;2.3
32;2021-10-04;24;35;59;147693;143452;4504;77.7;75.5;2.4
32;2021-10-05;72;268;437;147765;143720;4941;77.8;75.6;2.6
32;2021-10-06;65;272;306;147830;143992;5247;77.8;75.8;2.8
32;2021-10-07;55;190;320;147885;144182;5567;77.8;75.9;2.9
32;2021-10-08;71;249;245;147956;144431;5812;77.9;76.0;3.1
32;2021-10-09;43;88;56;147999;144519;5868;77.9;76.0;3.1
32;2021-10-10;0;0;0;147999;144519;5868;77.9;76.0;3.1
32;2021-10-11;21;31;41;148020;144550;5909;77.9;76.1;3.1
32;2021-10-12;65;156;305;148085;144706;6214;77.9;76.1;3.3
32;2021-10-13;74;178;219;148159;144884;6433;78.0;76.2;3.4
32;2021-10-14;95;257;440;148254;145141;6873;78.0;76.4;3.6
32;2021-10-15;81;160;286;148335;145301;7159;78.1;76.5;3.8
32;2021-10-16;44;71;61;148379;145372;7220;78.1;76.5;3.8
32;2021-10-17;2;2;0;148381;145374;7220;78.1;76.5;3.8
32;2021-10-18;19;33;67;148400;145407;7287;78.1;76.5;3.8
32;2021-10-19;81;126;406;148481;145533;7693;78.1;76.6;4.0
32;2021-10-20;44;68;335;148525;145601;8028;78.2;76.6;4.2
32;2021-10-21;48;192;444;148573;145793;8472;78.2;76.7;4.5
32;2021-10-22;55;121;289;148628;145914;8761;78.2;76.8;4.6
32;2021-10-23;40;48;89;148668;145962;8850;78.2;76.8;4.7
32;2021-10-24;3;2;1;148671;145964;8851;78.2;76.8;4.7
32;2021-10-25;17;31;56;148688;145995;8907;78.2;76.8;4.7
32;2021-10-26;59;72;471;148747;146067;9378;78.3;76.9;4.9
32;2021-10-27;36;59;212;148783;146126;9590;78.3;76.9;5.0
32;2021-10-28;52;62;374;148835;146188;9964;78.3;76.9;5.2
32;2021-10-29;61;77;236;148896;146265;10200;78.3;77.0;5.4
32;2021-10-30;33;40;51;148929;146305;10251;78.4;77.0;5.4
32;2021-10-31;0;1;3;148929;146306;10254;78.4;77.0;5.4
32;2021-11-01;7;1;2;148936;146307;10256;78.4;77.0;5.4
32;2021-11-02;53;67;371;148989;146374;10627;78.4;77.0;5.6
32;2021-11-03;40;52;254;149029;146426;10881;78.4;77.1;5.7
32;2021-11-04;40;63;461;149069;146489;11342;78.4;77.1;6.0
32;2021-11-05;45;73;401;149114;146562;11743;78.5;77.1;6.2
32;2021-11-06;28;54;96;149142;146616;11839;78.5;77.2;6.2
32;2021-11-07;3;11;14;149145;146627;11853;78.5;77.2;6.2
32;2021-11-08;35;46;239;149180;146673;12092;78.5;77.2;6.4
32;2021-11-09;68;97;885;149248;146770;12977;78.5;77.2;6.8
32;2021-11-10;54;77;563;149302;146847;13540;78.6;77.3;7.1
32;2021-11-11;10;10;20;149312;146857;13560;78.6;77.3;7.1
32;2021-11-12;57;80;662;149369;146937;14222;78.6;77.3;7.5
32;2021-11-13;25;32;124;149394;146969;14346;78.6;77.3;7.5
32;2021-11-14;0;3;1;149394;146972;14347;78.6;77.3;7.5
32;2021-11-15;32;25;520;149426;146997;14867;78.6;77.4;7.8
32;2021-11-16;79;95;1272;149505;147092;16139;78.7;77.4;8.5
32;2021-11-17;66;64;774;149571;147156;16913;78.7;77.4;8.9
32;2021-11-18;50;66;1107;149621;147222;18020;78.7;77.5;9.5
32;2021-11-19;78;96;928;149699;147318;18948;78.8;77.5;10.0
32;2021-11-20;43;60;281;149742;147378;19229;78.8;77.6;10.1
32;2021-11-21;4;5;2;149746;147383;19231;78.8;77.6;10.1
32;2021-11-22;27;33;454;149773;147416;19685;78.8;77.6;10.4
32;2021-11-23;73;55;1307;149846;147471;20992;78.8;77.6;11.0
32;2021-11-24;56;53;776;149902;147524;21768;78.9;77.6;11.5
32;2021-11-25;69;59;1371;149971;147583;23139;78.9;77.7;12.2
32;2021-11-26;93;70;1633;150064;147653;24772;79.0;77.7;13.0
32;2021-11-27;58;39;746;150122;147692;25518;79.0;77.7;13.4
32;2021-11-28;1;5;15;150123;147697;25533;79.0;77.7;13.4
32;2021-11-29;45;44;1099;150168;147741;26632;79.0;77.7;14.0
32;2021-11-30;93;69;2543;150261;147810;29175;79.1;77.8;15.4
32;2021-12-01;59;63;1913;150320;147873;31088;79.1;77.8;16.4
32;2021-12-02;53;42;2620;150373;147915;33708;79.1;77.8;17.7
32;2021-12-03;48;62;1873;150421;147977;35581;79.2;77.9;18.7
32;2021-12-04;28;33;562;150449;148010;36143;79.2;77.9;19.0
32;2021-12-05;6;5;102;150455;148015;36245;79.2;77.9;19.1
32;2021-12-06;43;36;1687;150498;148051;37932;79.2;77.9;20.0
32;2021-12-07;86;88;3714;150584;148139;41646;79.2;78.0;21.9
32;2021-12-08;95;87;3042;150679;148226;44688;79.3;78.0;23.5
32;2021-12-09;70;50;2906;150749;148276;47594;79.3;78.0;25.0
32;2021-12-10;66;79;2642;150815;148355;50236;79.4;78.1;26.4
32;2021-12-11;32;43;730;150847;148398;50966;79.4;78.1;26.8
32;2021-12-12;2;5;119;150849;148403;51085;79.4;78.1;26.9
32;2021-12-13;64;40;2063;150913;148443;53148;79.4;78.1;28.0
32;2021-12-14;100;92;3629;151013;148535;56777;79.5;78.2;29.9
32;2021-12-15;81;75;2728;151094;148610;59505;79.5;78.2;31.3
32;2021-12-16;78;87;3217;151172;148697;62722;79.5;78.2;33.0
32;2021-12-17;91;98;2351;151263;148795;65073;79.6;78.3;34.2
32;2021-12-18;52;62;880;151315;148857;65953;79.6;78.3;34.7
32;2021-12-19;7;5;136;151322;148862;66089;79.6;78.3;34.8
32;2021-12-20;83;58;1849;151405;148920;67938;79.7;78.4;35.7
32;2021-12-21;121;101;2795;151526;149021;70733;79.7;78.4;37.2
32;2021-12-22;100;75;1642;151626;149096;72375;79.8;78.5;38.1
32;2021-12-23;78;61;1319;151704;149157;73694;79.8;78.5;38.8
32;2021-12-24;8;10;168;151712;149167;73862;79.8;78.5;38.9
32;2021-12-25;0;2;8;151712;149169;73870;79.8;78.5;38.9
32;2021-12-26;2;5;35;151714;149174;73905;79.8;78.5;38.9
33;2020-12-27;2;0;0;2;0;0;0.0;0.0;0.0
33;2020-12-28;2;0;0;4;0;0;0.0;0.0;0.0
33;2020-12-29;0;0;0;4;0;0;0.0;0.0;0.0
33;2020-12-30;3;0;0;7;0;0;0.0;0.0;0.0
33;2020-12-31;1;0;0;8;0;0;0.0;0.0;0.0
33;2021-01-01;1;0;0;9;0;0;0.0;0.0;0.0
33;2021-01-02;1;1;0;10;1;0;0.0;0.0;0.0
33;2021-01-03;1;0;0;11;1;0;0.0;0.0;0.0
33;2021-01-04;2;0;0;13;1;0;0.0;0.0;0.0
33;2021-01-05;3;0;0;16;1;0;0.0;0.0;0.0
33;2021-01-06;149;1;0;165;2;0;0.0;0.0;0.0
33;2021-01-07;1344;4;0;1509;6;0;0.1;0.0;0.0
33;2021-01-08;1204;3;0;2713;9;0;0.2;0.0;0.0
33;2021-01-09;296;1;0;3009;10;0;0.2;0.0;0.0
33;2021-01-10;225;0;0;3234;10;0;0.2;0.0;0.0
33;2021-01-11;650;0;0;3884;10;0;0.2;0.0;0.0
33;2021-01-12;1437;2;0;5321;12;0;0.3;0.0;0.0
33;2021-01-13;1376;9;0;6697;21;0;0.4;0.0;0.0
33;2021-01-14;1341;16;0;8038;37;0;0.5;0.0;0.0
33;2021-01-15;1596;16;0;9634;53;0;0.6;0.0;0.0
33;2021-01-16;567;9;0;10201;62;0;0.6;0.0;0.0
33;2021-01-17;403;4;0;10604;66;0;0.6;0.0;0.0
33;2021-01-18;1227;13;0;11831;79;0;0.7;0.0;0.0
33;2021-01-19;2961;11;0;14792;90;0;0.9;0.0;0.0
33;2021-01-20;3342;16;0;18134;106;0;1.1;0.0;0.0
33;2021-01-21;2856;5;0;20990;111;0;1.3;0.0;0.0
33;2021-01-22;2305;8;0;23295;119;0;1.4;0.0;0.0
33;2021-01-23;847;3;0;24142;122;0;1.5;0.0;0.0
33;2021-01-24;508;2;0;24650;124;0;1.5;0.0;0.0
33;2021-01-25;2139;62;0;26789;186;0;1.6;0.0;0.0
33;2021-01-26;2287;167;0;29076;353;0;1.8;0.0;0.0
33;2021-01-27;2330;214;0;31406;567;0;1.9;0.0;0.0
33;2021-01-28;2213;481;0;33619;1048;0;2.1;0.1;0.0
33;2021-01-29;1778;706;0;35397;1754;0;2.2;0.1;0.0
33;2021-01-30;710;171;0;36107;1925;0;2.2;0.1;0.0
33;2021-01-31;370;155;0;36477;2080;0;2.2;0.1;0.0
33;2021-02-01;1357;659;0;37834;2739;0;2.3;0.2;0.0
33;2021-02-02;2562;1115;0;40396;3854;0;2.5;0.2;0.0
33;2021-02-03;2782;885;0;43178;4739;0;2.6;0.3;0.0
33;2021-02-04;3906;1346;0;47084;6085;0;2.9;0.4;0.0
33;2021-02-05;2140;1163;0;49224;7248;0;3.0;0.4;0.0
33;2021-02-06;650;204;0;49874;7452;0;3.1;0.5;0.0
33;2021-02-07;224;229;0;50098;7681;0;3.1;0.5;0.0
33;2021-02-08;1225;759;0;51323;8440;0;3.1;0.5;0.0
33;2021-02-09;1346;1659;0;52669;10099;0;3.2;0.6;0.0
33;2021-02-10;1287;1699;0;53956;11798;0;3.3;0.7;0.0
33;2021-02-11;1312;1523;0;55268;13321;0;3.4;0.8;0.0
33;2021-02-12;1172;1277;0;56440;14598;0;3.5;0.9;0.0
33;2021-02-13;223;300;0;56663;14898;0;3.5;0.9;0.0
33;2021-02-14;32;238;0;56695;15136;0;3.5;0.9;0.0
33;2021-02-15;684;1703;0;57379;16839;0;3.5;1.0;0.0
33;2021-02-16;835;2054;0;58214;18893;0;3.6;1.2;0.0
33;2021-02-17;727;2082;0;58941;20975;0;3.6;1.3;0.0
33;2021-02-18;930;2234;0;59871;23209;0;3.7;1.4;0.0
33;2021-02-19;924;1990;0;60795;25199;0;3.7;1.5;0.0
33;2021-02-20;83;656;0;60878;25855;0;3.7;1.6;0.0
33;2021-02-21;36;449;0;60914;26304;0;3.7;1.6;0.0
33;2021-02-22;686;1888;0;61600;28192;0;3.8;1.7;0.0
33;2021-02-23;1191;2725;0;62791;30917;0;3.8;1.9;0.0
33;2021-02-24;1321;2505;0;64112;33422;0;3.9;2.0;0.0
33;2021-02-25;2765;3694;0;66877;37116;0;4.1;2.3;0.0
33;2021-02-26;3955;2314;0;70832;39430;0;4.3;2.4;0.0
33;2021-02-27;1338;721;0;72170;40151;0;4.4;2.5;0.0
33;2021-02-28;116;488;0;72286;40639;0;4.4;2.5;0.0
33;2021-03-01;1487;1793;0;73773;42432;0;4.5;2.6;0.0
33;2021-03-02;2276;1753;0;76049;44185;0;4.7;2.7;0.0
33;2021-03-03;2270;1749;0;78319;45934;0;4.8;2.8;0.0
33;2021-03-04;3867;1665;0;82186;47599;0;5.0;2.9;0.0
33;2021-03-05;5685;1779;0;87871;49378;0;5.4;3.0;0.0
33;2021-03-06;3425;560;0;91296;49938;0;5.6;3.1;0.0
33;2021-03-07;786;158;0;92082;50096;0;5.6;3.1;0.0
33;2021-03-08;2608;1139;0;94690;51235;0;5.8;3.1;0.0
33;2021-03-09;4379;1342;0;99069;52577;0;6.1;3.2;0.0
33;2021-03-10;5054;1278;0;104123;53855;0;6.4;3.3;0.0
33;2021-03-11;7372;1269;0;111495;55124;0;6.8;3.4;0.0
33;2021-03-12;9840;1202;0;121335;56326;0;7.4;3.4;0.0
33;2021-03-13;5074;234;0;126409;56560;0;7.7;3.5;0.0
33;2021-03-14;697;27;0;127106;56587;0;7.8;3.5;0.0
33;2021-03-15;4236;675;0;131342;57262;0;8.0;3.5;0.0
33;2021-03-16;3462;873;0;134804;58135;0;8.3;3.6;0.0
33;2021-03-17;3593;949;0;138397;59084;0;8.5;3.6;0.0
33;2021-03-18;3926;1417;0;142323;60501;0;8.7;3.7;0.0
33;2021-03-19;6096;1044;0;148419;61545;0;9.1;3.8;0.0
33;2021-03-20;3293;118;0;151712;61663;0;9.3;3.8;0.0
33;2021-03-21;460;29;0;152172;61692;0;9.3;3.8;0.0
33;2021-03-22;4674;456;0;156846;62148;0;9.6;3.8;0.0
33;2021-03-23;6018;597;0;162864;62745;0;10.0;3.8;0.0
33;2021-03-24;6930;546;0;169794;63291;0;10.4;3.9;0.0
33;2021-03-25;8670;644;0;178464;63935;0;10.9;3.9;0.0
33;2021-03-26;9822;848;0;188286;64783;0;11.5;4.0;0.0
33;2021-03-27;3558;88;0;191844;64871;0;11.7;4.0;0.0
33;2021-03-28;581;31;0;192425;64902;0;11.8;4.0;0.0
33;2021-03-29;6561;688;0;198986;65590;0;12.2;4.0;0.0
33;2021-03-30;7843;1024;0;206829;66614;0;12.7;4.1;0.0
33;2021-03-31;7387;1070;0;214216;67684;0;13.1;4.1;0.0
33;2021-04-01;8601;1170;0;222817;68854;0;13.6;4.2;0.0
33;2021-04-02;8159;1526;0;230976;70380;0;14.1;4.3;0.0
33;2021-04-03;2795;550;0;233771;70930;0;14.3;4.3;0.0
33;2021-04-04;232;165;0;234003;71095;0;14.3;4.4;0.0
33;2021-04-05;763;117;0;234766;71212;0;14.4;4.4;0.0
33;2021-04-06;5853;2610;0;240619;73822;0;14.7;4.5;0.0
33;2021-04-07;7189;2546;0;247808;76368;0;15.2;4.7;0.0
33;2021-04-08;10013;2710;0;257821;79078;0;15.8;4.8;0.0
33;2021-04-09;12354;3012;0;270175;82090;0;16.5;5.0;0.0
33;2021-04-10;5216;1372;0;275391;83462;0;16.9;5.1;0.0
33;2021-04-11;993;343;0;276384;83805;0;16.9;5.1;0.0
33;2021-04-12;7243;3129;0;283627;86934;0;17.4;5.3;0.0
33;2021-04-13;9080;3380;0;292707;90314;0;17.9;5.5;0.0
33;2021-04-14;8799;3610;0;301506;93924;0;18.5;5.8;0.0
33;2021-04-15;9902;3769;0;311408;97693;0;19.1;6.0;0.0
33;2021-04-16;9472;4075;0;320880;101768;0;19.6;6.2;0.0
33;2021-04-17;4538;1607;0;325418;103375;0;19.9;6.3;0.0
33;2021-04-18;932;410;0;326350;103785;0;20.0;6.4;0.0
33;2021-04-19;5401;3626;0;331751;107411;0;20.3;6.6;0.0
33;2021-04-20;7096;4103;0;338847;111514;0;20.7;6.8;0.0
33;2021-04-21;6376;4219;0;345223;115733;0;21.1;7.1;0.0
33;2021-04-22;7123;4327;0;352346;120060;0;21.6;7.4;0.0
33;2021-04-23;7485;4638;0;359831;124698;0;22.0;7.6;0.0
33;2021-04-24;4423;1749;0;364254;126447;0;22.3;7.7;0.0
33;2021-04-25;1604;424;0;365858;126871;0;22.4;7.8;0.0
33;2021-04-26;4999;4921;0;370857;131792;0;22.7;8.1;0.0
33;2021-04-27;6379;5501;0;377236;137293;0;23.1;8.4;0.0
33;2021-04-28;6540;5370;0;383776;142663;0;23.5;8.7;0.0
33;2021-04-29;8129;6077;0;391905;148740;0;24.0;9.1;0.0
33;2021-04-30;8487;6005;0;400392;154745;0;24.5;9.5;0.0
33;2021-05-01;2846;575;0;403238;155320;0;24.7;9.5;0.0
33;2021-05-02;1802;346;0;405040;155666;0;24.8;9.5;0.0
33;2021-05-03;6810;5067;0;411850;160733;0;25.2;9.8;0.0
33;2021-05-04;6640;6445;0;418490;167178;0;25.6;10.2;0.0
33;2021-05-05;7085;7347;0;425575;174525;0;26.1;10.7;0.0
33;2021-05-06;8388;8074;0;433963;182599;0;26.6;11.2;0.0
33;2021-05-07;8442;8686;0;442405;191285;0;27.1;11.7;0.0
33;2021-05-08;3540;1601;0;445945;192886;0;27.3;11.8;0.0
33;2021-05-09;1139;976;0;447084;193862;0;27.4;11.9;0.0
33;2021-05-10;6605;7101;0;453689;200963;0;27.8;12.3;0.0
33;2021-05-11;8452;7652;0;462141;208615;0;28.3;12.8;0.0
33;2021-05-12;9032;6496;0;471173;215111;0;28.8;13.2;0.0
33;2021-05-13;5333;2062;0;476506;217173;0;29.2;13.3;0.0
33;2021-05-14;8259;5223;0;484765;222396;0;29.7;13.6;0.0
33;2021-05-15;5323;2847;0;490088;225243;0;30.0;13.8;0.0
33;2021-05-16;1939;792;0;492027;226035;0;30.1;13.8;0.0
33;2021-05-17;8768;4929;0;500795;230964;0;30.7;14.1;0.0
33;2021-05-18;10634;4722;0;511429;235686;0;31.3;14.4;0.0
33;2021-05-19;10899;4693;0;522328;240379;0;32.0;14.7;0.0
33;2021-05-20;11099;5451;0;533427;245830;0;32.7;15.0;0.0
33;2021-05-21;11050;6136;0;544477;251966;0;33.3;15.4;0.0
33;2021-05-22;5574;2725;0;550051;254691;0;33.7;15.6;0.0
33;2021-05-23;2058;402;0;552109;255093;0;33.8;15.6;0.0
33;2021-05-24;5858;1008;0;557967;256101;0;34.2;15.7;0.0
33;2021-05-25;9820;5635;0;567787;261736;0;34.8;16.0;0.0
33;2021-05-26;9924;5915;0;577711;267651;0;35.4;16.4;0.0
33;2021-05-27;11109;7633;0;588820;275284;0;36.0;16.9;0.0
33;2021-05-28;10195;9405;0;599015;284689;0;36.7;17.4;0.0
33;2021-05-29;5510;4089;0;604525;288778;0;37.0;17.7;0.0
33;2021-05-30;1998;677;0;606523;289455;0;37.1;17.7;0.0
33;2021-05-31;8572;6269;0;615095;295724;0;37.7;18.1;0.0
33;2021-06-01;11792;8526;0;626887;304250;0;38.4;18.6;0.0
33;2021-06-02;11781;8012;0;638668;312262;0;39.1;19.1;0.0
33;2021-06-03;12782;9058;0;651450;321320;0;39.9;19.7;0.0
33;2021-06-04;13070;10670;0;664520;331990;0;40.7;20.3;0.0
33;2021-06-05;5766;5014;0;670286;337004;0;41.0;20.6;0.0
33;2021-06-06;2616;1189;0;672902;338193;0;41.2;20.7;0.0
33;2021-06-07;9677;8182;0;682579;346375;0;41.8;21.2;0.0
33;2021-06-08;11683;9139;0;694262;355514;0;42.5;21.8;0.0
33;2021-06-09;11620;8351;0;705882;363865;0;43.2;22.3;0.0
33;2021-06-10;12821;8233;0;718703;372098;0;44.0;22.8;0.0
33;2021-06-11;12436;10843;0;731139;382941;0;44.8;23.4;0.0
33;2021-06-12;6499;4444;0;737638;387385;0;45.2;23.7;0.0
33;2021-06-13;2739;1317;0;740377;388702;0;45.3;23.8;0.0
33;2021-06-14;8340;9859;0;748717;398561;0;45.8;24.4;0.0
33;2021-06-15;11620;9995;1;760337;408556;1;46.5;25.0;0.0
33;2021-06-16;11625;8738;0;771962;417294;1;47.3;25.5;0.0
33;2021-06-17;12730;9390;0;784692;426684;1;48.0;26.1;0.0
33;2021-06-18;11442;11168;0;796134;437852;1;48.7;26.8;0.0
33;2021-06-19;5696;4877;0;801830;442729;1;49.1;27.1;0.0
33;2021-06-20;2874;1496;0;804704;444225;1;49.3;27.2;0.0
33;2021-06-21;7657;9868;0;812361;454093;1;49.7;27.8;0.0
33;2021-06-22;8634;10948;0;820995;465041;1;50.3;28.5;0.0
33;2021-06-23;8356;10673;0;829351;475714;1;50.8;29.1;0.0
33;2021-06-24;9304;9823;0;838655;485537;1;51.3;29.7;0.0
33;2021-06-25;7633;13499;0;846288;499036;1;51.8;30.6;0.0
33;2021-06-26;4242;6128;0;850530;505164;1;52.1;30.9;0.0
33;2021-06-27;2363;2069;0;852893;507233;1;52.2;31.1;0.0
33;2021-06-28;4630;12669;0;857523;519902;1;52.5;31.8;0.0
33;2021-06-29;6170;13426;0;863693;533328;1;52.9;32.7;0.0
33;2021-06-30;6434;13194;0;870127;546522;1;53.3;33.5;0.0
33;2021-07-01;7817;11732;0;877944;558254;1;53.7;34.2;0.0
33;2021-07-02;6682;15077;0;884626;573331;1;54.2;35.1;0.0
33;2021-07-03;3202;7221;0;887828;580552;1;54.4;35.5;0.0
33;2021-07-04;1967;2499;0;889795;583051;1;54.5;35.7;0.0
33;2021-07-05;4218;12783;0;894013;595834;1;54.7;36.5;0.0
33;2021-07-06;5816;14433;0;899829;610267;1;55.1;37.4;0.0
33;2021-07-07;6468;12947;0;906297;623214;1;55.5;38.2;0.0
33;2021-07-08;7558;12716;0;913855;635930;1;55.9;38.9;0.0
33;2021-07-09;6159;14967;0;920014;650897;1;56.3;39.8;0.0
33;2021-07-10;3115;7457;0;923129;658354;1;56.5;40.3;0.0
33;2021-07-11;1776;2381;0;924905;660735;1;56.6;40.5;0.0
33;2021-07-12;3820;14562;3;928725;675297;4;56.9;41.3;0.0
33;2021-07-13;6945;15890;1;935670;691187;5;57.3;42.3;0.0
33;2021-07-14;3891;5404;0;939561;696591;5;57.5;42.6;0.0
33;2021-07-15;7451;15735;0;947012;712326;5;58.0;43.6;0.0
33;2021-07-16;8286;14992;0;955298;727318;5;58.5;44.5;0.0
33;2021-07-17;3532;6760;0;958830;734078;5;58.7;44.9;0.0
33;2021-07-18;1757;3217;0;960587;737295;5;58.8;45.1;0.0
33;2021-07-19;5813;14860;0;966400;752155;5;59.2;46.0;0.0
33;2021-07-20;7464;15797;0;973864;767952;5;59.6;47.0;0.0
33;2021-07-21;8290;14294;0;982154;782246;5;60.1;47.9;0.0
33;2021-07-22;9237;14761;0;991391;797007;5;60.7;48.8;0.0
33;2021-07-23;9472;16102;0;1000863;813109;5;61.3;49.8;0.0
33;2021-07-24;4143;7676;0;1005006;820785;5;61.5;50.2;0.0
33;2021-07-25;2173;2684;0;1007179;823469;5;61.7;50.4;0.0
33;2021-07-26;6910;13085;0;1014089;836554;5;62.1;51.2;0.0
33;2021-07-27;9773;12980;0;1023862;849534;5;62.7;52.0;0.0
33;2021-07-28;10641;11595;0;1034503;861129;5;63.3;52.7;0.0
33;2021-07-29;11427;11555;0;1045930;872684;5;64.0;53.4;0.0
33;2021-07-30;11036;11847;0;1056966;884531;5;64.7;54.2;0.0
33;2021-07-31;4839;5777;0;1061805;890308;5;65.0;54.5;0.0
33;2021-08-01;2523;1936;0;1064328;892244;5;65.2;54.6;0.0
33;2021-08-02;8328;9540;0;1072656;901784;5;65.7;55.2;0.0
33;2021-08-03;11115;8666;0;1083771;910450;5;66.3;55.7;0.0
33;2021-08-04;11236;7067;0;1095007;917517;5;67.0;56.2;0.0
33;2021-08-05;11349;7684;0;1106356;925201;5;67.7;56.6;0.0
33;2021-08-06;10532;8573;0;1116888;933774;5;68.4;57.2;0.0
33;2021-08-07;5741;4436;0;1122629;938210;5;68.7;57.4;0.0
33;2021-08-08;2944;1699;0;1125573;939909;5;68.9;57.5;0.0
33;2021-08-09;8171;8319;0;1133744;948228;5;69.4;58.1;0.0
33;2021-08-10;8816;7982;1;1142560;956210;6;69.9;58.5;0.0
33;2021-08-11;7516;7099;1;1150076;963309;7;70.4;59.0;0.0
33;2021-08-12;7482;7586;0;1157558;970895;7;70.9;59.4;0.0
33;2021-08-13;7223;7229;0;1164781;978124;7;71.3;59.9;0.0
33;2021-08-14;3347;4223;0;1168128;982347;7;71.5;60.1;0.0
33;2021-08-15;1036;1518;0;1169164;983865;7;71.6;60.2;0.0
33;2021-08-16;5949;8122;0;1175113;991987;7;71.9;60.7;0.0
33;2021-08-17;6072;8652;1;1181185;1000639;8;72.3;61.3;0.0
33;2021-08-18;5100;8348;0;1186285;1008987;8;72.6;61.8;0.0
33;2021-08-19;5168;8830;0;1191453;1017817;8;72.9;62.3;0.0
33;2021-08-20;4625;9321;0;1196078;1027138;8;73.2;62.9;0.0
33;2021-08-21;2029;4899;0;1198107;1032037;8;73.3;63.2;0.0
33;2021-08-22;544;2256;0;1198651;1034293;8;73.4;63.3;0.0
33;2021-08-23;3572;9774;0;1202223;1044067;8;73.6;63.9;0.0
33;2021-08-24;3865;10542;0;1206088;1054609;8;73.8;64.6;0.0
33;2021-08-25;3427;9924;0;1209515;1064533;8;74.0;65.2;0.0
33;2021-08-26;3348;10578;0;1212863;1075111;8;74.3;65.8;0.0
33;2021-08-27;3510;11916;0;1216373;1087027;8;74.5;66.5;0.0
33;2021-08-28;1514;6439;0;1217887;1093466;8;74.6;66.9;0.0
33;2021-08-29;401;2281;0;1218288;1095747;8;74.6;67.1;0.0
33;2021-08-30;2205;10010;69;1220493;1105757;77;74.7;67.7;0.0
33;2021-08-31;2980;10255;217;1223473;1116012;294;74.9;68.3;0.0
33;2021-09-01;2872;7926;609;1226345;1123938;903;75.1;68.8;0.1
33;2021-09-02;2566;7342;633;1228911;1131280;1536;75.2;69.3;0.1
33;2021-09-03;2893;8789;805;1231804;1140069;2341;75.4;69.8;0.1
33;2021-09-04;1581;5602;276;1233385;1145671;2617;75.5;70.1;0.2
33;2021-09-05;380;1294;61;1233765;1146965;2678;75.5;70.2;0.2
33;2021-09-06;1550;6017;757;1235315;1152982;3435;75.6;70.6;0.2
33;2021-09-07;1927;5294;889;1237242;1158276;4324;75.7;70.9;0.3
33;2021-09-08;1711;5569;695;1238953;1163845;5019;75.8;71.3;0.3
33;2021-09-09;1703;5171;1149;1240656;1169016;6168;76.0;71.6;0.4
33;2021-09-10;1960;5688;1089;1242616;1174704;7257;76.1;71.9;0.4
33;2021-09-11;988;3915;269;1243604;1178619;7526;76.1;72.2;0.5
33;2021-09-12;125;472;52;1243729;1179091;7578;76.1;72.2;0.5
33;2021-09-13;1363;3299;1270;1245092;1182390;8848;76.2;72.4;0.5
33;2021-09-14;1415;3231;1935;1246507;1185621;10783;76.3;72.6;0.7
33;2021-09-15;1468;4176;1440;1247975;1189797;12223;76.4;72.8;0.7
33;2021-09-16;1375;3073;1959;1249350;1192870;14182;76.5;73.0;0.9
33;2021-09-17;1667;4212;1566;1251017;1197082;15748;76.6;73.3;1.0
33;2021-09-18;626;2931;344;1251643;1200013;16092;76.6;73.5;1.0
33;2021-09-19;109;355;26;1251752;1200368;16118;76.6;73.5;1.0
33;2021-09-20;968;1995;1363;1252720;1202363;17481;76.7;73.6;1.1
33;2021-09-21;898;2288;1751;1253618;1204651;19232;76.7;73.7;1.2
33;2021-09-22;904;3276;1418;1254522;1207927;20650;76.8;73.9;1.3
33;2021-09-23;843;2172;1493;1255365;1210099;22143;76.9;74.1;1.4
33;2021-09-24;1195;3484;1663;1256560;1213583;23806;76.9;74.3;1.5
33;2021-09-25;529;2289;382;1257089;1215872;24188;77.0;74.4;1.5
33;2021-09-26;70;314;34;1257159;1216186;24222;77.0;74.5;1.5
33;2021-09-27;597;1853;1106;1257756;1218039;25328;77.0;74.6;1.6
33;2021-09-28;764;1949;1543;1258520;1219988;26871;77.0;74.7;1.6
33;2021-09-29;841;2097;1084;1259361;1222085;27955;77.1;74.8;1.7
33;2021-09-30;649;1539;1398;1260010;1223624;29353;77.1;74.9;1.8
33;2021-10-01;1196;2478;1322;1261206;1226102;30675;77.2;75.1;1.9
33;2021-10-02;580;1330;447;1261786;1227432;31122;77.2;75.1;1.9
33;2021-10-03;14;51;4;1261800;1227483;31126;77.2;75.1;1.9
33;2021-10-04;658;1273;1379;1262458;1228756;32505;77.3;75.2;2.0
33;2021-10-05;583;1341;1343;1263041;1230097;33848;77.3;75.3;2.1
33;2021-10-06;751;1611;1314;1263792;1231708;35162;77.4;75.4;2.2
33;2021-10-07;552;1366;1562;1264344;1233074;36724;77.4;75.5;2.2
33;2021-10-08;858;1982;1685;1265202;1235056;38409;77.5;75.6;2.4
33;2021-10-09;516;968;582;1265718;1236024;38991;77.5;75.7;2.4
33;2021-10-10;15;45;14;1265733;1236069;39005;77.5;75.7;2.4
33;2021-10-11;491;1028;1637;1266224;1237097;40642;77.5;75.7;2.5
33;2021-10-12;561;1119;1734;1266785;1238216;42376;77.6;75.8;2.6
33;2021-10-13;732;1279;1639;1267517;1239495;44015;77.6;75.9;2.7
33;2021-10-14;524;1051;1924;1268041;1240546;45939;77.6;75.9;2.8
33;2021-10-15;877;1487;2536;1268918;1242033;48475;77.7;76.0;3.0
33;2021-10-16;444;685;667;1269362;1242718;49142;77.7;76.1;3.0
33;2021-10-17;28;35;20;1269390;1242753;49162;77.7;76.1;3.0
33;2021-10-18;537;647;1789;1269927;1243400;50951;77.7;76.1;3.1
33;2021-10-19;575;932;1845;1270502;1244332;52796;77.8;76.2;3.2
33;2021-10-20;602;1010;2118;1271104;1245342;54914;77.8;76.2;3.4
33;2021-10-21;498;728;1976;1271602;1246070;56890;77.8;76.3;3.5
33;2021-10-22;730;1254;2630;1272332;1247324;59520;77.9;76.4;3.6
33;2021-10-23;379;658;726;1272711;1247982;60246;77.9;76.4;3.7
33;2021-10-24;19;27;8;1272730;1248009;60254;77.9;76.4;3.7
33;2021-10-25;506;675;2146;1273236;1248684;62400;77.9;76.4;3.8
33;2021-10-26;466;591;2240;1273702;1249275;64640;78.0;76.5;4.0
33;2021-10-27;586;858;2698;1274288;1250133;67338;78.0;76.5;4.1
33;2021-10-28;453;554;2381;1274741;1250687;69719;78.0;76.6;4.3
33;2021-10-29;606;852;3240;1275347;1251539;72959;78.1;76.6;4.5
33;2021-10-30;299;428;896;1275646;1251967;73855;78.1;76.6;4.5
33;2021-10-31;12;25;22;1275658;1251992;73877;78.1;76.6;4.5
33;2021-11-01;102;65;83;1275760;1252057;73960;78.1;76.7;4.5
33;2021-11-02;489;712;2388;1276249;1252769;76348;78.1;76.7;4.7
33;2021-11-03;521;688;2593;1276770;1253457;78941;78.2;76.7;4.8
33;2021-11-04;429;570;3170;1277199;1254027;82111;78.2;76.8;5.0
33;2021-11-05;581;827;3840;1277780;1254854;85951;78.2;76.8;5.3
33;2021-11-06;268;415;1020;1278048;1255269;86971;78.2;76.8;5.3
33;2021-11-07;15;35;37;1278063;1255304;87008;78.2;76.9;5.3
33;2021-11-08;393;702;3370;1278456;1256006;90378;78.3;76.9;5.5
33;2021-11-09;519;725;4474;1278975;1256731;94852;78.3;76.9;5.8
33;2021-11-10;490;704;4630;1279465;1257435;99482;78.3;77.0;6.1
33;2021-11-11;119;102;393;1279584;1257537;99875;78.3;77.0;6.1
33;2021-11-12;555;762;4601;1280139;1258299;104476;78.4;77.0;6.4
33;2021-11-13;373;388;1481;1280512;1258687;105957;78.4;77.1;6.5
33;2021-11-14;27;48;99;1280539;1258735;106056;78.4;77.1;6.5
33;2021-11-15;447;558;4371;1280986;1259293;110427;78.4;77.1;6.8
33;2021-11-16;515;683;5472;1281501;1259976;115899;78.5;77.1;7.1
33;2021-11-17;493;614;4998;1281994;1260590;120897;78.5;77.2;7.4
33;2021-11-18;523;545;5729;1282517;1261135;126626;78.5;77.2;7.8
33;2021-11-19;726;876;6976;1283243;1262011;133602;78.6;77.3;8.2
33;2021-11-20;368;414;2009;1283611;1262425;135611;78.6;77.3;8.3
33;2021-11-21;19;41;162;1283630;1262466;135773;78.6;77.3;8.3
33;2021-11-22;503;445;4820;1284133;1262911;140593;78.6;77.3;8.6
33;2021-11-23;545;551;6791;1284678;1263462;147384;78.6;77.3;9.0
33;2021-11-24;554;561;5787;1285232;1264023;153171;78.7;77.4;9.4
33;2021-11-25;543;459;7447;1285775;1264482;160618;78.7;77.4;9.8
33;2021-11-26;698;790;10629;1286473;1265272;171247;78.8;77.5;10.5
33;2021-11-27;389;439;4571;1286862;1265711;175818;78.8;77.5;10.8
33;2021-11-28;33;70;1033;1286895;1265781;176851;78.8;77.5;10.8
33;2021-11-29;466;552;9405;1287361;1266333;186256;78.8;77.5;11.4
33;2021-11-30;562;658;12396;1287923;1266991;198652;78.8;77.6;12.2
33;2021-12-01;518;582;11612;1288441;1267573;210264;78.9;77.6;12.9
33;2021-12-02;427;420;14807;1288868;1267993;225071;78.9;77.6;13.8
33;2021-12-03;492;734;16193;1289360;1268727;241264;78.9;77.7;14.8
33;2021-12-04;289;432;7243;1289649;1269159;248507;79.0;77.7;15.2
33;2021-12-05;71;80;2225;1289720;1269239;250732;79.0;77.7;15.3
33;2021-12-06;342;500;12960;1290062;1269739;263692;79.0;77.7;16.1
33;2021-12-07;422;585;16741;1290484;1270324;280433;79.0;77.8;17.2
33;2021-12-08;436;530;15792;1290920;1270854;296225;79.0;77.8;18.1
33;2021-12-09;469;669;18256;1291389;1271523;314481;79.1;77.8;19.3
33;2021-12-10;519;744;19901;1291908;1272267;334382;79.1;77.9;20.5
33;2021-12-11;404;482;11012;1292312;1272749;345394;79.1;77.9;21.1
33;2021-12-12;73;79;2915;1292385;1272828;348309;79.1;77.9;21.3
33;2021-12-13;453;623;17094;1292838;1273451;365403;79.1;78.0;22.4
33;2021-12-14;502;672;21955;1293340;1274123;387358;79.2;78.0;23.7
33;2021-12-15;600;714;20802;1293940;1274837;408160;79.2;78.0;25.0
33;2021-12-16;606;731;22865;1294546;1275568;431025;79.3;78.1;26.4
33;2021-12-17;649;890;24229;1295195;1276458;455254;79.3;78.1;27.9
33;2021-12-18;433;454;11633;1295628;1276912;466887;79.3;78.2;28.6
33;2021-12-19;125;102;3666;1295753;1277014;470553;79.3;78.2;28.8
33;2021-12-20;692;687;17417;1296445;1277701;487970;79.4;78.2;29.9
33;2021-12-21;773;745;20544;1297218;1278446;508514;79.4;78.3;31.1
33;2021-12-22;758;676;18507;1297976;1279122;527021;79.5;78.3;32.3
33;2021-12-23;657;546;14750;1298633;1279668;541771;79.5;78.3;33.2
33;2021-12-24;284;241;5376;1298917;1279909;547147;79.5;78.4;33.5
33;2021-12-25;9;21;173;1298926;1279930;547320;79.5;78.4;33.5
33;2021-12-26;107;98;2617;1299033;1280028;549937;79.5;78.4;33.7
34;2020-12-27;0;0;0;0;0;0;0.0;0.0;0.0
34;2020-12-28;1;0;0;1;0;0;0.0;0.0;0.0
34;2020-12-29;1;0;0;2;0;0;0.0;0.0;0.0
34;2020-12-30;0;0;0;2;0;0;0.0;0.0;0.0
34;2020-12-31;0;0;0;2;0;0;0.0;0.0;0.0
34;2021-01-01;4;0;0;6;0;0;0.0;0.0;0.0
34;2021-01-02;0;0;0;6;0;0;0.0;0.0;0.0
34;2021-01-03;0;0;0;6;0;0;0.0;0.0;0.0
34;2021-01-04;23;0;0;29;0;0;0.0;0.0;0.0
34;2021-01-05;113;2;0;142;2;0;0.0;0.0;0.0
34;2021-01-06;186;5;0;328;7;0;0.0;0.0;0.0
34;2021-01-07;390;0;0;718;7;0;0.1;0.0;0.0
34;2021-01-08;626;0;0;1344;7;0;0.1;0.0;0.0
34;2021-01-09;254;1;0;1598;8;0;0.1;0.0;0.0
34;2021-01-10;92;1;0;1690;9;0;0.1;0.0;0.0
34;2021-01-11;589;2;0;2279;11;0;0.2;0.0;0.0
34;2021-01-12;1046;2;0;3325;13;0;0.3;0.0;0.0
34;2021-01-13;1094;7;0;4419;20;0;0.4;0.0;0.0
34;2021-01-14;1934;13;0;6353;33;0;0.5;0.0;0.0
34;2021-01-15;1506;6;0;7859;39;0;0.7;0.0;0.0
34;2021-01-16;329;6;0;8188;45;0;0.7;0.0;0.0
34;2021-01-17;226;1;0;8414;46;0;0.7;0.0;0.0
34;2021-01-18;1138;4;0;9552;50;0;0.8;0.0;0.0
34;2021-01-19;1669;8;0;11221;58;0;1.0;0.0;0.0
34;2021-01-20;2065;24;0;13286;82;0;1.1;0.0;0.0
34;2021-01-21;4033;20;0;17319;102;0;1.5;0.0;0.0
34;2021-01-22;2482;11;0;19801;113;0;1.7;0.0;0.0
34;2021-01-23;567;2;0;20368;115;0;1.7;0.0;0.0
34;2021-01-24;13;0;0;20381;115;0;1.7;0.0;0.0
34;2021-01-25;1235;11;0;21616;126;0;1.8;0.0;0.0
34;2021-01-26;1415;26;0;23031;152;0;2.0;0.0;0.0
34;2021-01-27;1412;38;0;24443;190;0;2.1;0.0;0.0
34;2021-01-28;1377;131;0;25820;321;0;2.2;0.0;0.0
34;2021-01-29;1254;175;0;27074;496;0;2.3;0.0;0.0
34;2021-01-30;478;15;0;27552;511;0;2.3;0.0;0.0
34;2021-01-31;5;0;0;27557;511;0;2.3;0.0;0.0
34;2021-02-01;997;272;0;28554;783;0;2.4;0.1;0.0
34;2021-02-02;1461;498;0;30015;1281;0;2.6;0.1;0.0
34;2021-02-03;2490;557;0;32505;1838;0;2.8;0.2;0.0
34;2021-02-04;2252;898;0;34757;2736;0;3.0;0.2;0.0
34;2021-02-05;1856;1197;0;36613;3933;0;3.1;0.3;0.0
34;2021-02-06;501;240;0;37114;4173;0;3.2;0.4;0.0
34;2021-02-07;35;108;0;37149;4281;0;3.2;0.4;0.0
34;2021-02-08;852;1067;0;38001;5348;0;3.2;0.5;0.0
34;2021-02-09;1038;1307;0;39039;6655;0;3.3;0.6;0.0
34;2021-02-10;1298;1499;0;40337;8154;0;3.4;0.7;0.0
34;2021-02-11;1780;2646;0;42117;10800;0;3.6;0.9;0.0
34;2021-02-12;1835;1640;0;43952;12440;0;3.7;1.1;0.0
34;2021-02-13;361;498;0;44313;12938;0;3.8;1.1;0.0
34;2021-02-14;27;283;0;44340;13221;0;3.8;1.1;0.0
34;2021-02-15;682;1177;0;45022;14398;0;3.8;1.2;0.0
34;2021-02-16;673;1513;0;45695;15911;0;3.9;1.4;0.0
34;2021-02-17;718;1492;0;46413;17403;0;3.9;1.5;0.0
34;2021-02-18;877;1480;0;47290;18883;0;4.0;1.6;0.0
34;2021-02-19;829;1232;0;48119;20115;0;4.1;1.7;0.0
34;2021-02-20;314;478;0;48433;20593;0;4.1;1.8;0.0
34;2021-02-21;66;22;0;48499;20615;0;4.1;1.8;0.0
34;2021-02-22;652;1282;0;49151;21897;0;4.2;1.9;0.0
34;2021-02-23;585;1475;0;49736;23372;0;4.2;2.0;0.0
34;2021-02-24;916;2289;0;50652;25661;0;4.3;2.2;0.0
34;2021-02-25;1606;2183;0;52258;27844;0;4.4;2.4;0.0
34;2021-02-26;1874;1602;0;54132;29446;0;4.6;2.5;0.0
34;2021-02-27;732;440;0;54864;29886;0;4.7;2.5;0.0
34;2021-02-28;88;61;0;54952;29947;0;4.7;2.5;0.0
34;2021-03-01;1009;1170;0;55961;31117;0;4.8;2.6;0.0
34;2021-03-02;1725;1279;0;57686;32396;0;4.9;2.8;0.0
34;2021-03-03;1966;1399;0;59652;33795;0;5.1;2.9;0.0
34;2021-03-04;2933;1653;0;62585;35448;0;5.3;3.0;0.0
34;2021-03-05;3814;1529;0;66399;36977;0;5.6;3.1;0.0
34;2021-03-06;2766;241;0;69165;37218;0;5.9;3.2;0.0
34;2021-03-07;1273;80;0;70438;37298;0;6.0;3.2;0.0
34;2021-03-08;2744;997;0;73182;38295;0;6.2;3.3;0.0
34;2021-03-09;4015;1410;0;77197;39705;0;6.6;3.4;0.0
34;2021-03-10;3973;1337;0;81170;41042;0;6.9;3.5;0.0
34;2021-03-11;5427;1303;0;86597;42345;0;7.4;3.6;0.0
34;2021-03-12;6505;941;0;93102;43286;0;7.9;3.7;0.0
34;2021-03-13;3266;193;0;96368;43479;0;8.2;3.7;0.0
34;2021-03-14;985;51;0;97353;43530;0;8.3;3.7;0.0
34;2021-03-15;3291;585;0;100644;44115;0;8.6;3.8;0.0
34;2021-03-16;2928;685;0;103572;44800;0;8.8;3.8;0.0
34;2021-03-17;3299;710;0;106871;45510;0;9.1;3.9;0.0
34;2021-03-18;3434;962;0;110305;46472;0;9.4;4.0;0.0
34;2021-03-19;4654;807;0;114959;47279;0;9.8;4.0;0.0
34;2021-03-20;3161;86;0;118120;47365;0;10.0;4.0;0.0
34;2021-03-21;1904;49;0;120024;47414;0;10.2;4.0;0.0
34;2021-03-22;3682;502;0;123706;47916;0;10.5;4.1;0.0
34;2021-03-23;4922;560;0;128628;48476;0;10.9;4.1;0.0
34;2021-03-24;5240;683;0;133868;49159;0;11.4;4.2;0.0
34;2021-03-25;7212;768;0;141080;49927;0;12.0;4.2;0.0
34;2021-03-26;7130;576;0;148210;50503;0;12.6;4.3;0.0
34;2021-03-27;2438;116;0;150648;50619;0;12.8;4.3;0.0
34;2021-03-28;686;26;0;151334;50645;0;12.9;4.3;0.0
34;2021-03-29;4176;901;0;155510;51546;0;13.2;4.4;0.0
34;2021-03-30;5243;1113;0;160753;52659;0;13.7;4.5;0.0
34;2021-03-31;5093;1351;0;165846;54010;0;14.1;4.6;0.0
34;2021-04-01;7036;1184;0;172882;55194;0;14.7;4.7;0.0
34;2021-04-02;5864;1304;0;178746;56498;0;15.2;4.8;0.0
34;2021-04-03;1219;254;0;179965;56752;0;15.3;4.8;0.0
34;2021-04-04;178;9;0;180143;56761;0;15.3;4.8;0.0
34;2021-04-05;589;63;0;180732;56824;0;15.4;4.8;0.0
34;2021-04-06;3372;2513;0;184104;59337;0;15.7;5.0;0.0
34;2021-04-07;3544;2672;0;187648;62009;0;16.0;5.3;0.0
34;2021-04-08;5389;2866;0;193037;64875;0;16.4;5.5;0.0
34;2021-04-09;8138;2556;0;201175;67431;0;17.1;5.7;0.0
34;2021-04-10;3302;1448;0;204477;68879;0;17.4;5.9;0.0
34;2021-04-11;1755;779;0;206232;69658;0;17.5;5.9;0.0
34;2021-04-12;4616;2553;0;210848;72211;0;17.9;6.1;0.0
34;2021-04-13;5405;3181;0;216253;75392;0;18.4;6.4;0.0
34;2021-04-14;5702;3300;0;221955;78692;0;18.9;6.7;0.0
34;2021-04-15;7061;3194;0;229016;81886;0;19.5;7.0;0.0
34;2021-04-16;6624;3159;0;235640;85045;0;20.0;7.2;0.0
34;2021-04-17;2623;2106;0;238263;87151;0;20.3;7.4;0.0
34;2021-04-18;1086;1657;0;239349;88808;0;20.4;7.6;0.0
34;2021-04-19;3556;3137;0;242905;91945;0;20.7;7.8;0.0
34;2021-04-20;3950;3678;0;246855;95623;0;21.0;8.1;0.0
34;2021-04-21;4454;3769;0;251309;99392;0;21.4;8.5;0.0
34;2021-04-22;4648;4641;0;255957;104033;0;21.8;8.8;0.0
34;2021-04-23;5562;3527;0;261519;107560;0;22.2;9.1;0.0
34;2021-04-24;3271;1663;0;264790;109223;0;22.5;9.3;0.0
34;2021-04-25;1883;624;0;266673;109847;0;22.7;9.3;0.0
34;2021-04-26;4258;3505;0;270931;113352;0;23.0;9.6;0.0
34;2021-04-27;5157;4086;0;276088;117438;0;23.5;10.0;0.0
34;2021-04-28;5760;3619;0;281848;121057;0;24.0;10.3;0.0
34;2021-04-29;6507;3981;0;288355;125038;0;24.5;10.6;0.0
34;2021-04-30;7844;3412;0;296199;128450;0;25.2;10.9;0.0
34;2021-05-01;2601;571;0;298800;129021;0;25.4;11.0;0.0
34;2021-05-02;3204;345;0;302004;129366;0;25.7;11.0;0.0
34;2021-05-03;6507;3081;0;308511;132447;0;26.2;11.3;0.0
34;2021-05-04;6982;4034;0;315493;136481;0;26.8;11.6;0.0
34;2021-05-05;6387;4648;0;321880;141129;0;27.4;12.0;0.0
34;2021-05-06;6947;5337;0;328827;146466;0;28.0;12.5;0.0
34;2021-05-07;6825;5771;0;335652;152237;0;28.5;12.9;0.0
34;2021-05-08;3658;1245;0;339310;153482;0;28.8;13.0;0.0
34;2021-05-09;2108;1275;0;341418;154757;0;29.0;13.2;0.0
34;2021-05-10;5693;4932;0;347111;159689;0;29.5;13.6;0.0
34;2021-05-11;7137;5454;0;354248;165143;0;30.1;14.0;0.0
34;2021-05-12;7576;4670;0;361824;169813;0;30.8;14.4;0.0
34;2021-05-13;6110;888;0;367934;170701;0;31.3;14.5;0.0
34;2021-05-14;7390;3896;0;375324;174597;0;31.9;14.8;0.0
34;2021-05-15;4826;1861;0;380150;176458;0;32.3;15.0;0.0
34;2021-05-16;4599;510;0;384749;176968;0;32.7;15.0;0.0
34;2021-05-17;8092;2187;0;392841;179155;0;33.4;15.2;0.0
34;2021-05-18;8631;2218;0;401472;181373;0;34.1;15.4;0.0
34;2021-05-19;8177;2051;0;409649;183424;0;34.8;15.6;0.0
34;2021-05-20;8389;2614;0;418038;186038;0;35.5;15.8;0.0
34;2021-05-21;8214;3287;0;426252;189325;0;36.2;16.1;0.0
34;2021-05-22;5536;1241;0;431788;190566;0;36.7;16.2;0.0
34;2021-05-23;3508;540;0;435296;191106;0;37.0;16.2;0.0
34;2021-05-24;1905;846;0;437201;191952;0;37.2;16.3;0.0
34;2021-05-25;6641;3788;0;443842;195740;0;37.7;16.6;0.0
34;2021-05-26;7776;3023;0;451618;198763;0;38.4;16.9;0.0
34;2021-05-27;7764;4245;0;459382;203008;0;39.1;17.3;0.0
34;2021-05-28;7501;5373;0;466883;208381;0;39.7;17.7;0.0
34;2021-05-29;3889;3124;0;470772;211505;0;40.0;18.0;0.0
34;2021-05-30;1800;1361;0;472572;212866;0;40.2;18.1;0.0
34;2021-05-31;5504;5089;0;478076;217955;0;40.6;18.5;0.0
34;2021-06-01;6610;5902;0;484686;223857;0;41.2;19.0;0.0
34;2021-06-02;5999;5666;0;490685;229523;0;41.7;19.5;0.0
34;2021-06-03;7325;6339;0;498010;235862;0;42.3;20.1;0.0
34;2021-06-04;7351;7579;0;505361;243441;0;43.0;20.7;0.0
34;2021-06-05;3942;3666;0;509303;247107;0;43.3;21.0;0.0
34;2021-06-06;3094;1794;0;512397;248901;0;43.6;21.2;0.0
34;2021-06-07;4271;6579;0;516668;255480;0;43.9;21.7;0.0
34;2021-06-08;5557;6600;0;522225;262080;0;44.4;22.3;0.0
34;2021-06-09;5548;6696;0;527773;268776;0;44.9;22.9;0.0
34;2021-06-10;5985;6750;0;533758;275526;0;45.4;23.4;0.0
34;2021-06-11;5313;9065;0;539071;284591;0;45.8;24.2;0.0
34;2021-06-12;3080;4634;0;542151;289225;0;46.1;24.6;0.0
34;2021-06-13;1054;1839;0;543205;291064;0;46.2;24.7;0.0
34;2021-06-14;3357;7665;0;546562;298729;0;46.5;25.4;0.0
34;2021-06-15;3907;8611;0;550469;307340;0;46.8;26.1;0.0
34;2021-06-16;4500;7789;0;554969;315129;0;47.2;26.8;0.0
34;2021-06-17;4095;7743;0;559064;322872;0;47.5;27.5;0.0
34;2021-06-18;4361;9077;0;563425;331949;0;47.9;28.2;0.0
34;2021-06-19;2653;4343;0;566078;336292;0;48.1;28.6;0.0
34;2021-06-20;870;2705;0;566948;338997;0;48.2;28.8;0.0
34;2021-06-21;2206;8348;0;569154;347345;0;48.4;29.5;0.0
34;2021-06-22;2839;9017;0;571993;356362;0;48.6;30.3;0.0
34;2021-06-23;3350;8688;0;575343;365050;0;48.9;31.0;0.0
34;2021-06-24;3352;8372;0;578695;373422;0;49.2;31.7;0.0
34;2021-06-25;3262;10190;0;581957;383612;0;49.5;32.6;0.0
34;2021-06-26;1593;6053;0;583550;389665;0;49.6;33.1;0.0
34;2021-06-27;328;3974;0;583878;393639;0;49.6;33.5;0.0
34;2021-06-28;2158;8958;0;586036;402597;0;49.8;34.2;0.0
34;2021-06-29;2590;9798;0;588626;412395;0;50.0;35.1;0.0
34;2021-06-30;3193;9095;0;591819;421490;0;50.3;35.8;0.0
34;2021-07-01;3499;8981;0;595318;430471;0;50.6;36.6;0.0
34;2021-07-02;3492;9228;0;598810;439699;0;50.9;37.4;0.0
34;2021-07-03;1649;5965;0;600459;445664;0;51.1;37.9;0.0
34;2021-07-04;343;2532;0;600802;448196;0;51.1;38.1;0.0
34;2021-07-05;3062;7655;0;603864;455851;0;51.3;38.8;0.0
34;2021-07-06;3298;8665;0;607162;464516;0;51.6;39.5;0.0
34;2021-07-07;3193;8226;0;610355;472742;0;51.9;40.2;0.0
34;2021-07-08;4047;8284;0;614402;481026;0;52.2;40.9;0.0
34;2021-07-09;3814;8985;0;618216;490011;0;52.6;41.7;0.0
34;2021-07-10;2137;5551;0;620353;495562;0;52.7;42.1;0.0
34;2021-07-11;860;2303;0;621213;497865;0;52.8;42.3;0.0
34;2021-07-12;2748;8513;0;623961;506378;0;53.1;43.1;0.0
34;2021-07-13;4509;9474;0;628470;515852;0;53.4;43.9;0.0
34;2021-07-14;894;576;0;629364;516428;0;53.5;43.9;0.0
34;2021-07-15;5710;9803;0;635074;526231;0;54.0;44.7;0.0
34;2021-07-16;5866;10124;0;640940;536355;0;54.5;45.6;0.0
34;2021-07-17;4426;4520;0;645366;540875;0;54.9;46.0;0.0
34;2021-07-18;395;345;0;645761;541220;0;54.9;46.0;0.0
34;2021-07-19;4980;7894;0;650741;549114;0;55.3;46.7;0.0
34;2021-07-20;6589;7860;0;657330;556974;0;55.9;47.4;0.0
34;2021-07-21;7241;7372;0;664571;564346;0;56.5;48.0;0.0
34;2021-07-22;7254;7540;0;671825;571886;0;57.1;48.6;0.0
34;2021-07-23;7689;7605;0;679514;579491;0;57.8;49.3;0.0
34;2021-07-24;5769;3162;0;685283;582653;0;58.3;49.5;0.0
34;2021-07-25;2796;556;0;688079;583209;0;58.5;49.6;0.0
34;2021-07-26;5965;6015;0;694044;589224;0;59.0;50.1;0.0
34;2021-07-27;7904;5541;0;701948;594765;0;59.7;50.6;0.0
34;2021-07-28;8606;5566;0;710554;600331;0;60.4;51.0;0.0
34;2021-07-29;10244;5579;0;720798;605910;0;61.3;51.5;0.0
34;2021-07-30;9004;6006;0;729802;611916;0;62.1;52.0;0.0
34;2021-07-31;5982;2245;0;735784;614161;0;62.6;52.2;0.0
34;2021-08-01;2916;623;0;738700;614784;0;62.8;52.3;0.0
34;2021-08-02;6762;4630;0;745462;619414;0;63.4;52.7;0.0
34;2021-08-03;7306;4947;0;752768;624361;0;64.0;53.1;0.0
34;2021-08-04;7290;3844;0;760058;628205;0;64.6;53.4;0.0
34;2021-08-05;6350;4390;0;766408;632595;0;65.2;53.8;0.0
34;2021-08-06;5490;4671;0;771898;637266;0;65.6;54.2;0.0
34;2021-08-07;3015;2351;0;774913;639617;0;65.9;54.4;0.0
34;2021-08-08;264;291;0;775177;639908;0;65.9;54.4;0.0
34;2021-08-09;4323;5521;0;779500;645429;0;66.3;54.9;0.0
34;2021-08-10;4647;5729;0;784147;651158;0;66.7;55.4;0.0
34;2021-08-11;4289;5667;0;788436;656825;0;67.0;55.8;0.0
34;2021-08-12;4061;5601;0;792497;662426;0;67.4;56.3;0.0
34;2021-08-13;3677;5236;0;796174;667662;0;67.7;56.8;0.0
34;2021-08-14;1804;2885;0;797978;670547;0;67.8;57.0;0.0
34;2021-08-15;244;290;0;798222;670837;0;67.9;57.0;0.0
34;2021-08-16;2605;6968;0;800827;677805;0;68.1;57.6;0.0
34;2021-08-17;3257;7536;0;804084;685341;0;68.4;58.3;0.0
34;2021-08-18;2906;6792;0;806990;692133;0;68.6;58.8;0.0
34;2021-08-19;2986;6909;0;809976;699042;0;68.9;59.4;0.0
34;2021-08-20;2573;7149;0;812549;706191;0;69.1;60.0;0.0
34;2021-08-21;1333;3602;0;813882;709793;0;69.2;60.3;0.0
34;2021-08-22;178;385;0;814060;710178;0;69.2;60.4;0.0
34;2021-08-23;2198;7877;0;816258;718055;0;69.4;61.1;0.0
34;2021-08-24;2475;8128;0;818733;726183;0;69.6;61.7;0.0
34;2021-08-25;2141;7778;0;820874;733961;0;69.8;62.4;0.0
34;2021-08-26;2361;7152;1;823235;741113;1;70.0;63.0;0.0
34;2021-08-27;2112;6920;1;825347;748033;2;70.2;63.6;0.0
34;2021-08-28;1087;3381;0;826434;751414;2;70.3;63.9;0.0
34;2021-08-29;301;1041;0;826735;752455;2;70.3;64.0;0.0
34;2021-08-30;1887;6298;113;828622;758753;115;70.5;64.5;0.0
34;2021-08-31;1944;6096;243;830566;764849;358;70.6;65.0;0.0
34;2021-09-01;2200;5338;543;832766;770187;901;70.8;65.5;0.1
34;2021-09-02;1637;3810;723;834403;773997;1624;70.9;65.8;0.1
34;2021-09-03;1744;4700;667;836147;778697;2291;71.1;66.2;0.2
34;2021-09-04;1325;3121;274;837472;781818;2565;71.2;66.5;0.2
34;2021-09-05;133;242;23;837605;782060;2588;71.2;66.5;0.2
34;2021-09-06;1157;2847;867;838762;784907;3455;71.3;66.7;0.3
34;2021-09-07;1209;2976;827;839971;787883;4282;71.4;67.0;0.4
34;2021-09-08;1504;3675;709;841475;791558;4991;71.5;67.3;0.4
34;2021-09-09;1110;2890;802;842585;794448;5793;71.6;67.5;0.5
34;2021-09-10;1500;3116;857;844085;797564;6650;71.8;67.8;0.6
34;2021-09-11;1215;1835;233;845300;799399;6883;71.9;68.0;0.6
34;2021-09-12;72;106;11;845372;799505;6894;71.9;68.0;0.6
34;2021-09-13;961;2286;808;846333;801791;7702;72.0;68.2;0.7
34;2021-09-14;1164;2078;1188;847497;803869;8890;72.1;68.3;0.8
34;2021-09-15;1399;2736;1075;848896;806605;9965;72.2;68.6;0.8
34;2021-09-16;871;1751;1030;849767;808356;10995;72.3;68.7;0.9
34;2021-09-17;1054;2306;1063;850821;810662;12058;72.3;68.9;1.0
34;2021-09-18;768;1704;267;851589;812366;12325;72.4;69.1;1.0
34;2021-09-19;49;67;33;851638;812433;12358;72.4;69.1;1.1
34;2021-09-20;613;1762;989;852251;814195;13347;72.5;69.2;1.1
34;2021-09-21;573;1571;987;852824;815766;14334;72.5;69.4;1.2
34;2021-09-22;775;2375;1090;853599;818141;15424;72.6;69.6;1.3
34;2021-09-23;628;1507;928;854227;819648;16352;72.6;69.7;1.4
34;2021-09-24;805;2080;1070;855032;821728;17422;72.7;69.9;1.5
34;2021-09-25;468;1472;225;855500;823200;17647;72.7;70.0;1.5
34;2021-09-26;39;150;18;855539;823350;17665;72.7;70.0;1.5
34;2021-09-27;568;1282;598;856107;824632;18263;72.8;70.1;1.6
34;2021-09-28;569;1015;613;856676;825647;18876;72.8;70.2;1.6
34;2021-09-29;809;1725;786;857485;827372;19662;72.9;70.3;1.7
34;2021-09-30;587;1243;992;858072;828615;20654;73.0;70.5;1.8
34;2021-10-01;1012;1407;1016;859084;830022;21670;73.0;70.6;1.8
34;2021-10-02;682;1365;371;859766;831387;22041;73.1;70.7;1.9
34;2021-10-03;58;150;20;859824;831537;22061;73.1;70.7;1.9
34;2021-10-04;669;969;873;860493;832506;22934;73.2;70.8;1.9
34;2021-10-05;515;912;958;861008;833418;23892;73.2;70.9;2.0
34;2021-10-06;869;1557;1355;861877;834975;25247;73.3;71.0;2.1
34;2021-10-07;552;963;1286;862429;835938;26533;73.3;71.1;2.3
34;2021-10-08;848;1327;1543;863277;837265;28076;73.4;71.2;2.4
34;2021-10-09;543;962;469;863820;838227;28545;73.4;71.3;2.4
34;2021-10-10;73;93;26;863893;838320;28571;73.5;71.3;2.4
34;2021-10-11;627;923;1466;864520;839243;30037;73.5;71.4;2.6
34;2021-10-12;478;669;1305;864998;839912;31342;73.5;71.4;2.7
34;2021-10-13;609;1017;1503;865607;840929;32845;73.6;71.5;2.8
34;2021-10-14;512;643;1204;866119;841572;34049;73.6;71.6;2.9
34;2021-10-15;814;1140;1832;866933;842712;35881;73.7;71.7;3.1
34;2021-10-16;456;659;592;867389;843371;36473;73.7;71.7;3.1
34;2021-10-17;69;59;33;867458;843430;36506;73.8;71.7;3.1
34;2021-10-18;582;735;1746;868040;844165;38252;73.8;71.8;3.3
34;2021-10-19;432;626;1537;868472;844791;39789;73.8;71.8;3.4
34;2021-10-20;544;814;2045;869016;845605;41834;73.9;71.9;3.6
34;2021-10-21;419;606;1915;869435;846211;43749;73.9;71.9;3.7
34;2021-10-22;669;955;2095;870104;847166;45844;74.0;72.0;3.9
34;2021-10-23;265;572;694;870369;847738;46538;74.0;72.1;4.0
34;2021-10-24;59;62;54;870428;847800;46592;74.0;72.1;4.0
34;2021-10-25;598;824;2227;871026;848624;48819;74.1;72.2;4.2
34;2021-10-26;363;518;1674;871389;849142;50493;74.1;72.2;4.3
34;2021-10-27;473;724;2186;871862;849866;52679;74.1;72.3;4.5
34;2021-10-28;371;517;1875;872233;850383;54554;74.2;72.3;4.6
34;2021-10-29;546;725;2130;872779;851108;56684;74.2;72.4;4.8
34;2021-10-30;278;564;937;873057;851672;57621;74.2;72.4;4.9
34;2021-10-31;62;35;81;873119;851707;57702;74.2;72.4;4.9
34;2021-11-01;82;50;61;873201;851757;57763;74.2;72.4;4.9
34;2021-11-02;438;749;2008;873639;852506;59771;74.3;72.5;5.1
34;2021-11-03;444;675;2382;874083;853181;62153;74.3;72.5;5.3
34;2021-11-04;342;490;2353;874425;853671;64506;74.3;72.6;5.5
34;2021-11-05;521;651;2786;874946;854322;67292;74.4;72.6;5.7
34;2021-11-06;340;569;1066;875286;854891;68358;74.4;72.7;5.8
34;2021-11-07;60;63;66;875346;854954;68424;74.4;72.7;5.8
34;2021-11-08;376;608;2634;875722;855562;71058;74.5;72.7;6.0
34;2021-11-09;345;534;2792;876067;856096;73850;74.5;72.8;6.3
34;2021-11-10;474;723;3825;876541;856819;77675;74.5;72.8;6.6
34;2021-11-11;55;82;276;876596;856901;77951;74.5;72.9;6.6
34;2021-11-12;452;616;3668;877048;857517;81619;74.6;72.9;6.9
34;2021-11-13;276;369;1457;877324;857886;83076;74.6;72.9;7.1
34;2021-11-14;66;38;111;877390;857924;83187;74.6;72.9;7.1
34;2021-11-15;391;546;3319;877781;858470;86506;74.6;73.0;7.4
34;2021-11-16;347;506;3460;878128;858976;89966;74.7;73.0;7.6
34;2021-11-17;471;618;3811;878599;859594;93777;74.7;73.1;8.0
34;2021-11-18;407;510;3709;879006;860104;97486;74.7;73.1;8.3
34;2021-11-19;578;734;4718;879584;860838;102204;74.8;73.2;8.7
34;2021-11-20;315;443;1536;879899;861281;103740;74.8;73.2;8.8
34;2021-11-21;16;98;124;879915;861379;103864;74.8;73.2;8.8
34;2021-11-22;451;399;3848;880366;861778;107712;74.9;73.3;9.2
34;2021-11-23;410;464;4052;880776;862242;111764;74.9;73.3;9.5
34;2021-11-24;500;583;4256;881276;862825;116020;74.9;73.4;9.9
34;2021-11-25;433;435;4968;881709;863260;120988;75.0;73.4;10.3
34;2021-11-26;647;642;7411;882356;863902;128399;75.0;73.5;10.9
34;2021-11-27;346;418;3313;882702;864320;131712;75.1;73.5;11.2
34;2021-11-28;48;114;627;882750;864434;132339;75.1;73.5;11.3
34;2021-11-29;372;485;6563;883122;864919;138902;75.1;73.5;11.8
34;2021-11-30;440;466;8755;883562;865385;147657;75.1;73.6;12.6
34;2021-12-01;342;516;8419;883904;865901;156076;75.2;73.6;13.3
34;2021-12-02;349;390;10550;884253;866291;166626;75.2;73.7;14.2
34;2021-12-03;349;506;10398;884602;866797;177024;75.2;73.7;15.1
34;2021-12-04;207;320;4624;884809;867117;181648;75.2;73.7;15.4
34;2021-12-05;40;97;818;884849;867214;182466;75.2;73.7;15.5
34;2021-12-06;370;539;9956;885219;867753;192422;75.3;73.8;16.4
34;2021-12-07;466;530;12664;885685;868283;205086;75.3;73.8;17.4
34;2021-12-08;457;658;11264;886142;868941;216350;75.3;73.9;18.4
34;2021-12-09;378;481;13166;886520;869422;229516;75.4;73.9;19.5
34;2021-12-10;463;605;14413;886983;870027;243929;75.4;74.0;20.7
34;2021-12-11;276;486;6777;887259;870513;250706;75.4;74.0;21.3
34;2021-12-12;46;57;1218;887305;870570;251924;75.4;74.0;21.4
34;2021-12-13;359;507;11771;887664;871077;263695;75.5;74.1;22.4
34;2021-12-14;473;601;16398;888137;871678;280093;75.5;74.1;23.8
34;2021-12-15;444;629;14036;888581;872307;294129;75.6;74.2;25.0
34;2021-12-16;509;616;15941;889090;872923;310070;75.6;74.2;26.4
34;2021-12-17;523;719;16157;889613;873642;326227;75.6;74.3;27.7
34;2021-12-18;308;419;7291;889921;874061;333518;75.7;74.3;28.4
34;2021-12-19;82;99;1444;890003;874160;334962;75.7;74.3;28.5
34;2021-12-20;595;634;12088;890598;874794;347050;75.7;74.4;29.5
34;2021-12-21;710;650;13299;891308;875444;360349;75.8;74.4;30.6
34;2021-12-22;624;634;11429;891932;876078;371778;75.8;74.5;31.6
34;2021-12-23;480;437;8423;892412;876515;380201;75.9;74.5;32.3
34;2021-12-24;177;192;2332;892589;876707;382533;75.9;74.5;32.5
34;2021-12-25;16;43;191;892605;876750;382724;75.9;74.5;32.5
34;2021-12-26;61;70;766;892666;876820;383490;75.9;74.6;32.6
35;2020-12-27;1;0;0;1;0;0;0.0;0.0;0.0
35;2020-12-28;0;0;0;1;0;0;0.0;0.0;0.0
35;2020-12-29;1;0;0;2;0;0;0.0;0.0;0.0
35;2020-12-30;0;0;0;2;0;0;0.0;0.0;0.0
35;2020-12-31;0;0;0;2;0;0;0.0;0.0;0.0
35;2021-01-01;3;0;0;5;0;0;0.0;0.0;0.0
35;2021-01-02;0;0;0;5;0;0;0.0;0.0;0.0
35;2021-01-03;0;0;0;5;0;0;0.0;0.0;0.0
35;2021-01-04;10;0;0;15;0;0;0.0;0.0;0.0
35;2021-01-05;117;0;0;132;0;0;0.0;0.0;0.0
35;2021-01-06;174;0;0;306;0;0;0.0;0.0;0.0
35;2021-01-07;462;1;0;768;1;0;0.1;0.0;0.0
35;2021-01-08;492;1;0;1260;2;0;0.1;0.0;0.0
35;2021-01-09;39;0;0;1299;2;0;0.1;0.0;0.0
35;2021-01-10;4;0;0;1303;2;0;0.1;0.0;0.0
35;2021-01-11;537;0;0;1840;2;0;0.2;0.0;0.0
35;2021-01-12;865;3;0;2705;5;0;0.2;0.0;0.0
35;2021-01-13;922;4;0;3627;9;0;0.3;0.0;0.0
35;2021-01-14;1259;15;0;4886;24;0;0.5;0.0;0.0
35;2021-01-15;703;2;0;5589;26;0;0.5;0.0;0.0
35;2021-01-16;190;2;0;5779;28;0;0.5;0.0;0.0
35;2021-01-17;54;0;0;5833;28;0;0.5;0.0;0.0
35;2021-01-18;1154;2;0;6987;30;0;0.6;0.0;0.0
35;2021-01-19;5127;17;0;12114;47;0;1.1;0.0;0.0
35;2021-01-20;3163;5;0;15277;52;0;1.4;0.0;0.0
35;2021-01-21;3528;14;0;18805;66;0;1.7;0.0;0.0
35;2021-01-22;2024;7;0;20829;73;0;1.9;0.0;0.0
35;2021-01-23;412;1;0;21241;74;0;2.0;0.0;0.0
35;2021-01-24;50;0;0;21291;74;0;2.0;0.0;0.0
35;2021-01-25;874;17;0;22165;91;0;2.0;0.0;0.0
35;2021-01-26;1154;135;0;23319;226;0;2.2;0.0;0.0
35;2021-01-27;1175;130;0;24494;356;0;2.3;0.0;0.0
35;2021-01-28;957;318;0;25451;674;0;2.4;0.1;0.0
35;2021-01-29;750;297;0;26201;971;0;2.4;0.1;0.0
35;2021-01-30;155;21;0;26356;992;0;2.4;0.1;0.0
35;2021-01-31;1;1;0;26357;993;0;2.4;0.1;0.0
35;2021-02-01;646;331;0;27003;1324;0;2.5;0.1;0.0
35;2021-02-02;769;501;0;27772;1825;0;2.6;0.2;0.0
35;2021-02-03;662;519;0;28434;2344;0;2.6;0.2;0.0
35;2021-02-04;649;644;0;29083;2988;0;2.7;0.3;0.0
35;2021-02-05;691;525;0;29774;3513;0;2.8;0.3;0.0
35;2021-02-06;179;12;0;29953;3525;0;2.8;0.3;0.0
35;2021-02-07;4;8;0;29957;3533;0;2.8;0.3;0.0
35;2021-02-08;442;620;0;30399;4153;0;2.8;0.4;0.0
35;2021-02-09;1656;3403;0;32055;7556;0;3.0;0.7;0.0
35;2021-02-10;1279;2614;0;33334;10170;0;3.1;0.9;0.0
35;2021-02-11;1907;3100;0;35241;13270;0;3.3;1.2;0.0
35;2021-02-12;1611;1704;0;36852;14974;0;3.4;1.4;0.0
35;2021-02-13;76;270;0;36928;15244;0;3.4;1.4;0.0
35;2021-02-14;9;72;0;36937;15316;0;3.4;1.4;0.0
35;2021-02-15;743;1032;0;37680;16348;0;3.5;1.5;0.0
35;2021-02-16;929;1122;0;38609;17470;0;3.6;1.6;0.0
35;2021-02-17;891;1181;0;39500;18651;0;3.7;1.7;0.0
35;2021-02-18;1006;1047;0;40506;19698;0;3.7;1.8;0.0
35;2021-02-19;1027;1005;0;41533;20703;0;3.8;1.9;0.0
35;2021-02-20;166;58;0;41699;20761;0;3.9;1.9;0.0
35;2021-02-21;3;3;0;41702;20764;0;3.9;1.9;0.0
35;2021-02-22;713;819;0;42415;21583;0;3.9;2.0;0.0
35;2021-02-23;1377;941;0;43792;22524;0;4.0;2.1;0.0
35;2021-02-24;1295;878;0;45087;23402;0;4.2;2.2;0.0
35;2021-02-25;2148;860;0;47235;24262;0;4.4;2.2;0.0
35;2021-02-26;2500;761;0;49735;25023;0;4.6;2.3;0.0
35;2021-02-27;863;128;0;50598;25151;0;4.7;2.3;0.0
35;2021-02-28;10;2;0;50608;25153;0;4.7;2.3;0.0
35;2021-03-01;881;650;0;51489;25803;0;4.8;2.4;0.0
35;2021-03-02;1590;1888;0;53079;27691;0;4.9;2.6;0.0
35;2021-03-03;1845;942;0;54924;28633;0;5.1;2.6;0.0
35;2021-03-04;2749;1409;0;57673;30042;0;5.3;2.8;0.0
35;2021-03-05;3589;1349;0;61262;31391;0;5.7;2.9;0.0
35;2021-03-06;1350;105;0;62612;31496;0;5.8;2.9;0.0
35;2021-03-07;65;42;0;62677;31538;0;5.8;2.9;0.0
35;2021-03-08;1372;583;0;64049;32121;0;5.9;3.0;0.0
35;2021-03-09;3050;638;0;67099;32759;0;6.2;3.0;0.0
35;2021-03-10;2825;591;0;69924;33350;0;6.5;3.1;0.0
35;2021-03-11;4079;721;0;74003;34071;0;6.8;3.1;0.0
35;2021-03-12;5799;585;0;79802;34656;0;7.4;3.2;0.0
35;2021-03-13;2422;137;0;82224;34793;0;7.6;3.2;0.0
35;2021-03-14;60;27;0;82284;34820;0;7.6;3.2;0.0
35;2021-03-15;1849;627;0;84133;35447;0;7.8;3.3;0.0
35;2021-03-16;2385;676;0;86518;36123;0;8.0;3.3;0.0
35;2021-03-17;2307;584;0;88825;36707;0;8.2;3.4;0.0
35;2021-03-18;2238;586;0;91063;37293;0;8.4;3.4;0.0
35;2021-03-19;3434;515;0;94497;37808;0;8.7;3.5;0.0
35;2021-03-20;1549;124;0;96046;37932;0;8.9;3.5;0.0
35;2021-03-21;53;2;0;96099;37934;0;8.9;3.5;0.0
35;2021-03-22;1709;784;0;97808;38718;0;9.0;3.6;0.0
35;2021-03-23;3500;1191;0;101308;39909;0;9.4;3.7;0.0
35;2021-03-24;3646;932;0;104954;40841;0;9.7;3.8;0.0
35;2021-03-25;5170;946;0;110124;41787;0;10.2;3.9;0.0
35;2021-03-26;5666;765;0;115790;42552;0;10.7;3.9;0.0
35;2021-03-27;1431;224;0;117221;42776;0;10.8;4.0;0.0
35;2021-03-28;24;0;0;117245;42776;0;10.8;4.0;0.0
35;2021-03-29;2761;856;0;120006;43632;0;11.1;4.0;0.0
35;2021-03-30;4200;1244;0;124206;44876;0;11.5;4.1;0.0
35;2021-03-31;3525;1305;0;127731;46181;0;11.8;4.3;0.0
35;2021-04-01;4302;1211;0;132033;47392;0;12.2;4.4;0.0
35;2021-04-02;4927;1148;0;136960;48540;0;12.7;4.5;0.0
35;2021-04-03;839;236;0;137799;48776;0;12.7;4.5;0.0
35;2021-04-04;23;19;0;137822;48795;0;12.7;4.5;0.0
35;2021-04-05;66;3;0;137888;48798;0;12.7;4.5;0.0
35;2021-04-06;3200;1952;0;141088;50750;0;13.0;4.7;0.0
35;2021-04-07;3911;1784;0;144999;52534;0;13.4;4.9;0.0
35;2021-04-08;5683;1576;0;150682;54110;0;13.9;5.0;0.0
35;2021-04-09;7360;1383;0;158042;55493;0;14.6;5.1;0.0
35;2021-04-10;2111;290;0;160153;55783;0;14.8;5.2;0.0
35;2021-04-11;70;37;0;160223;55820;0;14.8;5.2;0.0
35;2021-04-12;5000;1468;0;165223;57288;0;15.3;5.3;0.0
35;2021-04-13;7288;2661;0;172511;59949;0;15.9;5.5;0.0
35;2021-04-14;6047;2217;0;178558;62166;0;16.5;5.7;0.0
35;2021-04-15;7246;2183;0;185804;64349;0;17.2;5.9;0.0
35;2021-04-16;7751;1727;0;193555;66076;0;17.9;6.1;0.0
35;2021-04-17;1779;281;0;195334;66357;0;18.1;6.1;0.0
35;2021-04-18;44;11;0;195378;66368;0;18.1;6.1;0.0
35;2021-04-19;4595;1597;0;199973;67965;0;18.5;6.3;0.0
35;2021-04-20;4920;2553;0;204893;70518;0;18.9;6.5;0.0
35;2021-04-21;4921;2168;0;209814;72686;0;19.4;6.7;0.0
35;2021-04-22;6083;2280;0;215897;74966;0;20.0;6.9;0.0
35;2021-04-23;6461;2265;0;222358;77231;0;20.5;7.1;0.0
35;2021-04-24;1270;389;0;223628;77620;0;20.7;7.2;0.0
35;2021-04-25;59;26;0;223687;77646;0;20.7;7.2;0.0
35;2021-04-26;4770;2176;0;228457;79822;0;21.1;7.4;0.0
35;2021-04-27;5710;3125;0;234167;82947;0;21.6;7.7;0.0
35;2021-04-28;5783;2608;1;239950;85555;1;22.2;7.9;0.0
35;2021-04-29;6781;2760;0;246731;88315;1;22.8;8.2;0.0
35;2021-04-30;7127;2664;0;253858;90979;1;23.5;8.4;0.0
35;2021-05-01;667;266;0;254525;91245;1;23.5;8.4;0.0
35;2021-05-02;49;46;0;254574;91291;1;23.5;8.4;0.0
35;2021-05-03;5079;2395;0;259653;93686;1;24.0;8.7;0.0
35;2021-05-04;4860;5182;0;264513;98868;1;24.4;9.1;0.0
35;2021-05-05;4704;4365;0;269217;103233;1;24.9;9.5;0.0
35;2021-05-06;5960;5122;0;275177;108355;1;25.4;10.0;0.0
35;2021-05-07;5415;5071;0;280592;113426;1;25.9;10.5;0.0
35;2021-05-08;1856;172;0;282448;113598;1;26.1;10.5;0.0
35;2021-05-09;733;114;0;283181;113712;1;26.2;10.5;0.0
35;2021-05-10;3813;4722;0;286994;118434;1;26.5;10.9;0.0
35;2021-05-11;5078;5554;0;292072;123988;1;27.0;11.5;0.0
35;2021-05-12;5676;5175;0;297748;129163;1;27.5;11.9;0.0
35;2021-05-13;2715;1393;0;300463;130556;1;27.8;12.1;0.0
35;2021-05-14;5953;4001;0;306416;134557;1;28.3;12.4;0.0
35;2021-05-15;3449;731;0;309865;135288;1;28.6;12.5;0.0
35;2021-05-16;1228;91;0;311093;135379;1;28.7;12.5;0.0
35;2021-05-17;4983;3657;0;316076;139036;1;29.2;12.8;0.0
35;2021-05-18;6282;4056;0;322358;143092;1;29.8;13.2;0.0
35;2021-05-19;6294;3387;0;328652;146479;1;30.4;13.5;0.0
35;2021-05-20;7092;3727;0;335744;150206;1;31.0;13.9;0.0
35;2021-05-21;6594;4505;0;342338;154711;1;31.6;14.3;0.0
35;2021-05-22;2768;795;0;345106;155506;1;31.9;14.4;0.0
35;2021-05-23;875;74;0;345981;155580;1;32.0;14.4;0.0
35;2021-05-24;3521;1232;0;349502;156812;1;32.3;14.5;0.0
35;2021-05-25;6200;4026;0;355702;160838;1;32.9;14.9;0.0
35;2021-05-26;6381;4058;0;362083;164896;1;33.5;15.2;0.0
35;2021-05-27;7140;4719;0;369223;169615;1;34.1;15.7;0.0
35;2021-05-28;6896;5508;0;376119;175123;1;34.8;16.2;0.0
35;2021-05-29;3614;1265;0;379733;176388;1;35.1;16.3;0.0
35;2021-05-30;946;66;0;380679;176454;1;35.2;16.3;0.0
35;2021-05-31;6864;4178;0;387543;180632;1;35.8;16.7;0.0
35;2021-06-01;8009;4928;0;395552;185560;1;36.6;17.1;0.0
35;2021-06-02;7870;3862;0;403422;189422;1;37.3;17.5;0.0
35;2021-06-03;8682;4912;0;412104;194334;1;38.1;18.0;0.0
35;2021-06-04;7663;7239;0;419767;201573;1;38.8;18.6;0.0
35;2021-06-05;4484;1646;0;424251;203219;1;39.2;18.8;0.0
35;2021-06-06;2755;186;0;427006;203405;1;39.5;18.8;0.0
35;2021-06-07;6324;5442;0;433330;208847;1;40.0;19.3;0.0
35;2021-06-08;7999;5714;0;441329;214561;1;40.8;19.8;0.0
35;2021-06-09;8653;4629;0;449982;219190;1;41.6;20.3;0.0
35;2021-06-10;9502;4671;0;459484;223861;1;42.5;20.7;0.0
35;2021-06-11;8909;7184;0;468393;231045;1;43.3;21.4;0.0
35;2021-06-12;5136;1385;0;473529;232430;1;43.8;21.5;0.0
35;2021-06-13;3163;245;0;476692;232675;1;44.1;21.5;0.0
35;2021-06-14;6289;6315;0;482981;238990;1;44.6;22.1;0.0
35;2021-06-15;7466;6698;0;490447;245688;1;45.3;22.7;0.0
35;2021-06-16;8213;5557;0;498660;251245;1;46.1;23.2;0.0
35;2021-06-17;8619;5750;0;507279;256995;1;46.9;23.8;0.0
35;2021-06-18;8588;7909;0;515867;264904;1;47.7;24.5;0.0
35;2021-06-19;1922;2832;0;517789;267736;1;47.9;24.7;0.0
35;2021-06-20;2570;919;0;520359;268655;1;48.1;24.8;0.0
35;2021-06-21;5714;6304;0;526073;274959;1;48.6;25.4;0.0
35;2021-06-22;6642;7577;0;532715;282536;1;49.2;26.1;0.0
35;2021-06-23;6898;6353;0;539613;288889;1;49.9;26.7;0.0
35;2021-06-24;7977;6041;0;547590;294930;1;50.6;27.3;0.0
35;2021-06-25;6474;8780;0;554064;303710;1;51.2;28.1;0.0
35;2021-06-26;1391;3603;0;555455;307313;1;51.3;28.4;0.0
35;2021-06-27;2274;1218;0;557729;308531;1;51.5;28.5;0.0
35;2021-06-28;4153;7967;0;561882;316498;1;51.9;29.2;0.0
35;2021-06-29;4873;8265;0;566755;324763;1;52.4;30.0;0.0
35;2021-06-30;5384;8091;0;572139;332854;1;52.9;30.8;0.0
35;2021-07-01;6201;7796;0;578340;340650;1;53.4;31.5;0.0
35;2021-07-02;5230;9914;0;583570;350564;1;53.9;32.4;0.0
35;2021-07-03;1131;3592;0;584701;354156;1;54.0;32.7;0.0
35;2021-07-04;1837;1639;0;586538;355795;1;54.2;32.9;0.0
35;2021-07-05;3753;8456;0;590291;364251;1;54.6;33.7;0.0
35;2021-07-06;4612;9717;0;594903;373968;1;55.0;34.6;0.0
35;2021-07-07;4977;8679;0;599880;382647;1;55.4;35.4;0.0
35;2021-07-08;5333;8847;0;605213;391494;1;55.9;36.2;0.0
35;2021-07-09;4055;11785;0;609268;403279;1;56.3;37.3;0.0
35;2021-07-10;1105;3792;0;610373;407071;1;56.4;37.6;0.0
35;2021-07-11;1181;2257;0;611554;409328;1;56.5;37.8;0.0
35;2021-07-12;3108;9532;0;614662;418860;1;56.8;38.7;0.0
35;2021-07-13;4159;11143;0;618821;430003;1;57.2;39.7;0.0
35;2021-07-14;2284;4361;0;621105;434364;1;57.4;40.1;0.0
35;2021-07-15;4789;10469;0;625894;444833;1;57.8;41.1;0.0
35;2021-07-16;5187;11287;0;631081;456120;1;58.3;42.2;0.0
35;2021-07-17;2549;4521;0;633630;460641;1;58.6;42.6;0.0
35;2021-07-18;990;2431;0;634620;463072;1;58.6;42.8;0.0
35;2021-07-19;3677;9404;0;638297;472476;1;59.0;43.7;0.0
35;2021-07-20;5185;11025;0;643482;483501;1;59.5;44.7;0.0
35;2021-07-21;4911;9686;0;648393;493187;1;59.9;45.6;0.0
35;2021-07-22;5274;9834;0;653667;503021;1;60.4;46.5;0.0
35;2021-07-23;5069;11228;0;658736;514249;1;60.9;47.5;0.0
35;2021-07-24;2297;4713;0;661033;518962;1;61.1;48.0;0.0
35;2021-07-25;862;2676;0;661895;521638;1;61.2;48.2;0.0
35;2021-07-26;4318;8750;0;666213;530388;1;61.6;49.0;0.0
35;2021-07-27;5976;9809;0;672189;540197;1;62.1;49.9;0.0
35;2021-07-28;5845;8782;0;678034;548979;1;62.7;50.7;0.0
35;2021-07-29;6762;8391;0;684796;557370;1;63.3;51.5;0.0
35;2021-07-30;6399;9141;0;691195;566511;1;63.9;52.4;0.0
35;2021-07-31;2864;3841;0;694059;570352;1;64.1;52.7;0.0
35;2021-08-01;1483;2263;0;695542;572615;1;64.3;52.9;0.0
35;2021-08-02;5288;6909;0;700830;579524;1;64.8;53.6;0.0
35;2021-08-03;7219;7522;0;708049;587046;1;65.4;54.3;0.0
35;2021-08-04;7263;6610;0;715312;593656;1;66.1;54.9;0.0
35;2021-08-05;7150;6900;0;722462;600556;1;66.8;55.5;0.0
35;2021-08-06;6516;7207;0;728978;607763;1;67.4;56.2;0.0
35;2021-08-07;2585;3270;0;731563;611033;1;67.6;56.5;0.0
35;2021-08-08;1583;2064;0;733146;613097;1;67.8;56.7;0.0
35;2021-08-09;4872;5555;0;738018;618652;1;68.2;57.2;0.0
35;2021-08-10;6525;6353;0;744543;625005;1;68.8;57.8;0.0
35;2021-08-11;6346;5758;0;750889;630763;1;69.4;58.3;0.0
35;2021-08-12;6572;5490;0;757461;636253;1;70.0;58.8;0.0
35;2021-08-13;6303;5074;0;763764;641327;1;70.6;59.3;0.0
35;2021-08-14;2892;2156;0;766656;643483;1;70.9;59.5;0.0
35;2021-08-15;1961;1153;0;768617;644636;1;71.0;59.6;0.0
35;2021-08-16;4433;5163;0;773050;649799;1;71.4;60.1;0.0
35;2021-08-17;5825;6078;0;778875;655877;1;72.0;60.6;0.0
35;2021-08-18;5882;5475;0;784757;661352;1;72.5;61.1;0.0
35;2021-08-19;5517;5769;0;790274;667121;1;73.0;61.7;0.0
35;2021-08-20;4680;6229;0;794954;673350;1;73.5;62.2;0.0
35;2021-08-21;2088;2810;0;797042;676160;1;73.7;62.5;0.0
35;2021-08-22;1465;1661;0;798507;677821;1;73.8;62.6;0.0
35;2021-08-23;2802;6015;0;801309;683836;1;74.1;63.2;0.0
35;2021-08-24;3127;7133;0;804436;690969;1;74.3;63.9;0.0
35;2021-08-25;2986;6552;0;807422;697521;1;74.6;64.5;0.0
35;2021-08-26;2432;6822;0;809854;704343;1;74.8;65.1;0.0
35;2021-08-27;2518;7114;0;812372;711457;1;75.1;65.7;0.0
35;2021-08-28;1076;3126;0;813448;714583;1;75.2;66.0;0.0
35;2021-08-29;443;1637;0;813891;716220;1;75.2;66.2;0.0
35;2021-08-30;1827;5295;100;815718;721515;101;75.4;66.7;0.0
35;2021-08-31;2174;6228;148;817892;727743;249;75.6;67.3;0.0
35;2021-09-01;1813;5621;309;819705;733364;558;75.8;67.8;0.1
35;2021-09-02;1751;5463;389;821456;738827;947;75.9;68.3;0.1
35;2021-09-03;1903;6359;386;823359;745186;1333;76.1;68.9;0.1
35;2021-09-04;1064;3804;86;824423;748990;1419;76.2;69.2;0.1
35;2021-09-05;407;1759;63;824830;750749;1482;76.2;69.4;0.1
35;2021-09-06;1060;4357;411;825890;755106;1893;76.3;69.8;0.2
35;2021-09-07;1224;4633;506;827114;759739;2399;76.4;70.2;0.2
35;2021-09-08;1266;5513;445;828380;765252;2844;76.6;70.7;0.3
35;2021-09-09;1194;4410;475;829574;769662;3319;76.7;71.1;0.3
35;2021-09-10;1464;5545;606;831038;775207;3925;76.8;71.6;0.4
35;2021-09-11;583;3613;113;831621;778820;4038;76.9;72.0;0.4
35;2021-09-12;217;1943;48;831838;780763;4086;76.9;72.2;0.4
35;2021-09-13;1164;3417;580;833002;784180;4666;77.0;72.5;0.4
35;2021-09-14;1243;3015;1228;834245;787195;5894;77.1;72.7;0.5
35;2021-09-15;1104;4210;858;835349;791405;6752;77.2;73.1;0.6
35;2021-09-16;962;2544;998;836311;793949;7750;77.3;73.4;0.7
35;2021-09-17;1174;3462;999;837485;797411;8749;77.4;73.7;0.8
35;2021-09-18;500;2664;165;837985;800075;8914;77.4;73.9;0.8
35;2021-09-19;104;761;28;838089;800836;8942;77.5;74.0;0.8
35;2021-09-20;1043;2284;815;839132;803120;9757;77.5;74.2;0.9
35;2021-09-21;638;1771;1067;839770;804891;10824;77.6;74.4;1.0
35;2021-09-22;752;3263;947;840522;808154;11771;77.7;74.7;1.1
35;2021-09-23;575;1489;1163;841097;809643;12934;77.7;74.8;1.2
35;2021-09-24;852;2701;1026;841949;812344;13960;77.8;75.1;1.3
35;2021-09-25;364;1678;166;842313;814022;14126;77.8;75.2;1.3
35;2021-09-26;8;116;11;842321;814138;14137;77.8;75.2;1.3
35;2021-09-27;485;1464;885;842806;815602;15022;77.9;75.4;1.4
35;2021-09-28;442;1122;1004;843248;816724;16026;77.9;75.5;1.5
35;2021-09-29;552;1825;904;843800;818549;16930;78.0;75.6;1.6
35;2021-09-30;359;854;854;844159;819403;17784;78.0;75.7;1.6
35;2021-10-01;796;2004;1123;844955;821407;18907;78.1;75.9;1.7
35;2021-10-02;333;1026;202;845288;822433;19109;78.1;76.0;1.8
35;2021-10-03;7;29;5;845295;822462;19114;78.1;76.0;1.8
35;2021-10-04;479;941;815;845774;823403;19929;78.2;76.1;1.8
35;2021-10-05;408;876;1056;846182;824279;20985;78.2;76.2;1.9
35;2021-10-06;529;1208;886;846711;825487;21871;78.2;76.3;2.0
35;2021-10-07;353;864;1049;847064;826351;22920;78.3;76.4;2.1
35;2021-10-08;622;1863;1269;847686;828214;24189;78.3;76.5;2.2
35;2021-10-09;349;870;355;848035;829084;24544;78.4;76.6;2.3
35;2021-10-10;6;6;2;848041;829090;24546;78.4;76.6;2.3
35;2021-10-11;392;769;843;848433;829859;25389;78.4;76.7;2.3
35;2021-10-12;366;644;938;848799;830503;26327;78.4;76.8;2.4
35;2021-10-13;460;735;876;849259;831238;27203;78.5;76.8;2.5
35;2021-10-14;299;648;827;849558;831886;28030;78.5;76.9;2.6
35;2021-10-15;598;1423;1637;850156;833309;29667;78.6;77.0;2.7
35;2021-10-16;359;596;462;850515;833905;30129;78.6;77.1;2.8
35;2021-10-17;5;12;0;850520;833917;30129;78.6;77.1;2.8
35;2021-10-18;347;674;857;850867;834591;30986;78.6;77.1;2.9
35;2021-10-19;325;651;943;851192;835242;31929;78.7;77.2;3.0
35;2021-10-20;446;790;1472;851638;836032;33401;78.7;77.3;3.1
35;2021-10-21;279;474;1180;851917;836506;34581;78.7;77.3;3.2
35;2021-10-22;457;883;1796;852374;837389;36377;78.8;77.4;3.4
35;2021-10-23;259;410;581;852633;837799;36958;78.8;77.4;3.4
35;2021-10-24;0;13;10;852633;837812;36968;78.8;77.4;3.4
35;2021-10-25;333;474;1186;852966;838286;38154;78.8;77.5;3.5
35;2021-10-26;282;400;1094;853248;838686;39248;78.9;77.5;3.6
35;2021-10-27;293;474;1315;853541;839160;40563;78.9;77.6;3.7
35;2021-10-28;316;453;1192;853857;839613;41755;78.9;77.6;3.9
35;2021-10-29;462;656;1906;854319;840269;43661;79.0;77.7;4.0
35;2021-10-30;177;283;415;854496;840552;44076;79.0;77.7;4.1
35;2021-10-31;5;10;5;854501;840562;44081;79.0;77.7;4.1
35;2021-11-01;28;14;9;854529;840576;44090;79.0;77.7;4.1
35;2021-11-02;348;559;1404;854877;841135;45494;79.0;77.7;4.2
35;2021-11-03;288;479;1759;855165;841614;47253;79.0;77.8;4.4
35;2021-11-04;254;338;1623;855419;841952;48876;79.1;77.8;4.5
35;2021-11-05;371;574;2482;855790;842526;51358;79.1;77.9;4.7
35;2021-11-06;153;308;596;855943;842834;51954;79.1;77.9;4.8
35;2021-11-07;3;7;3;855946;842841;51957;79.1;77.9;4.8
35;2021-11-08;252;421;2158;856198;843262;54115;79.1;77.9;5.0
35;2021-11-09;333;461;2617;856531;843723;56732;79.2;78.0;5.2
35;2021-11-10;419;530;3015;856950;844253;59747;79.2;78.0;5.5
35;2021-11-11;14;15;58;856964;844268;59805;79.2;78.0;5.5
35;2021-11-12;297;508;2992;857261;844776;62797;79.2;78.1;5.8
35;2021-11-13;169;276;852;857430;845052;63649;79.2;78.1;5.9
35;2021-11-14;6;6;20;857436;845058;63669;79.2;78.1;5.9
35;2021-11-15;244;386;3096;857680;845444;66765;79.3;78.1;6.2
35;2021-11-16;291;351;3497;857971;845795;70262;79.3;78.2;6.5
35;2021-11-17;435;440;3606;858406;846235;73868;79.3;78.2;6.8
35;2021-11-18;318;308;3340;858724;846543;77208;79.4;78.2;7.1
35;2021-11-19;461;550;4438;859185;847093;81646;79.4;78.3;7.5
35;2021-11-20;183;230;1122;859368;847323;82768;79.4;78.3;7.6
35;2021-11-21;4;12;18;859372;847335;82786;79.4;78.3;7.7
35;2021-11-22;304;210;3432;859676;847545;86218;79.4;78.3;8.0
35;2021-11-23;363;275;4143;860039;847820;90361;79.5;78.4;8.4
35;2021-11-24;451;417;3950;860490;848237;94311;79.5;78.4;8.7
35;2021-11-25;303;295;4287;860793;848532;98598;79.6;78.4;9.1
35;2021-11-26;383;437;6624;861176;848969;105222;79.6;78.5;9.7
35;2021-11-27;157;207;1801;861333;849176;107023;79.6;78.5;9.9
35;2021-11-28;8;16;155;861341;849192;107178;79.6;78.5;9.9
35;2021-11-29;198;300;5682;861539;849492;112860;79.6;78.5;10.4
35;2021-11-30;269;351;7404;861808;849843;120264;79.6;78.5;11.1
35;2021-12-01;251;381;7416;862059;850224;127680;79.7;78.6;11.8
35;2021-12-02;230;217;8254;862289;850441;135934;79.7;78.6;12.6
35;2021-12-03;231;369;10704;862520;850810;146638;79.7;78.6;13.6
35;2021-12-04;167;218;3934;862687;851028;150572;79.7;78.6;13.9
35;2021-12-05;36;30;1268;862723;851058;151840;79.7;78.7;14.0
35;2021-12-06;199;264;10306;862922;851322;162146;79.7;78.7;15.0
35;2021-12-07;238;336;12872;863160;851658;175018;79.8;78.7;16.2
35;2021-12-08;274;439;11017;863434;852097;186035;79.8;78.7;17.2
35;2021-12-09;259;327;12173;863693;852424;198208;79.8;78.8;18.3
35;2021-12-10;291;483;14503;863984;852907;212711;79.8;78.8;19.7
35;2021-12-11;182;239;5158;864166;853146;217869;79.9;78.8;20.1
35;2021-12-12;40;25;1682;864206;853171;219551;79.9;78.8;20.3
35;2021-12-13;205;326;12030;864411;853497;231581;79.9;78.9;21.4
35;2021-12-14;269;386;14716;864680;853883;246297;79.9;78.9;22.8
35;2021-12-15;301;475;12958;864981;854358;259255;79.9;79.0;24.0
35;2021-12-16;261;413;15150;865242;854771;274405;80.0;79.0;25.4
35;2021-12-17;308;493;15872;865550;855264;290277;80.0;79.0;26.8
35;2021-12-18;189;192;5618;865739;855456;295895;80.0;79.1;27.3
35;2021-12-19;47;37;2116;865786;855493;298011;80.0;79.1;27.5
35;2021-12-20;345;356;12085;866131;855849;310096;80.0;79.1;28.7
35;2021-12-21;368;354;14096;866499;856203;324192;80.1;79.1;30.0
35;2021-12-22;377;374;11348;866876;856577;335540;80.1;79.2;31.0
35;2021-12-23;329;249;8178;867205;856826;343718;80.1;79.2;31.8
35;2021-12-24;59;72;1104;867264;856898;344822;80.1;79.2;31.9
35;2021-12-25;4;7;73;867268;856905;344895;80.1;79.2;31.9
35;2021-12-26;9;15;234;867277;856920;345129;80.1;79.2;31.9
36;2020-12-27;0;0;0;0;0;0;0.0;0.0;0.0
36;2020-12-28;1;0;0;1;0;0;0.0;0.0;0.0
36;2020-12-29;0;0;0;1;0;0;0.0;0.0;0.0
36;2020-12-30;0;0;0;1;0;0;0.0;0.0;0.0
36;2020-12-31;0;0;0;1;0;0;0.0;0.0;0.0
36;2021-01-01;0;0;0;1;0;0;0.0;0.0;0.0
36;2021-01-02;0;0;0;1;0;0;0.0;0.0;0.0
36;2021-01-03;0;0;0;1;0;0;0.0;0.0;0.0
36;2021-01-04;0;0;0;1;0;0;0.0;0.0;0.0
36;2021-01-05;0;0;0;1;0;0;0.0;0.0;0.0
36;2021-01-06;20;0;0;21;0;0;0.0;0.0;0.0
36;2021-01-07;51;0;0;72;0;0;0.0;0.0;0.0
36;2021-01-08;110;0;0;182;0;0;0.1;0.0;0.0
36;2021-01-09;84;1;0;266;1;0;0.1;0.0;0.0
36;2021-01-10;135;0;0;401;1;0;0.2;0.0;0.0
36;2021-01-11;213;1;0;614;2;0;0.3;0.0;0.0
36;2021-01-12;280;0;0;894;2;0;0.4;0.0;0.0
36;2021-01-13;187;2;0;1081;4;0;0.5;0.0;0.0
36;2021-01-14;472;4;0;1553;8;0;0.7;0.0;0.0
36;2021-01-15;178;1;0;1731;9;0;0.8;0.0;0.0
36;2021-01-16;24;1;0;1755;10;0;0.8;0.0;0.0
36;2021-01-17;13;1;0;1768;11;0;0.8;0.0;0.0
36;2021-01-18;606;5;0;2374;16;0;1.1;0.0;0.0
36;2021-01-19;1135;1;0;3509;17;0;1.6;0.0;0.0
36;2021-01-20;1087;4;0;4596;21;0;2.1;0.0;0.0
36;2021-01-21;696;1;0;5292;22;0;2.4;0.0;0.0
36;2021-01-22;837;2;0;6129;24;0;2.8;0.0;0.0
36;2021-01-23;291;0;0;6420;24;0;3.0;0.0;0.0
36;2021-01-24;158;1;0;6578;25;0;3.0;0.0;0.0
36;2021-01-25;578;4;0;7156;29;0;3.3;0.0;0.0
36;2021-01-26;570;2;0;7726;31;0;3.6;0.0;0.0
36;2021-01-27;797;14;0;8523;45;0;3.9;0.0;0.0
36;2021-01-28;439;46;0;8962;91;0;4.1;0.0;0.0
36;2021-01-29;473;91;0;9435;182;0;4.3;0.1;0.0
36;2021-01-30;242;71;0;9677;253;0;4.5;0.1;0.0
36;2021-01-31;106;124;0;9783;377;0;4.5;0.2;0.0
36;2021-02-01;323;90;0;10106;467;0;4.7;0.2;0.0
36;2021-02-02;371;162;0;10477;629;0;4.8;0.3;0.0
36;2021-02-03;411;245;0;10888;874;0;5.0;0.4;0.0
36;2021-02-04;248;264;0;11136;1138;0;5.1;0.5;0.0
36;2021-02-05;260;153;0;11396;1291;0;5.2;0.6;0.0
36;2021-02-06;3;1;0;11399;1292;0;5.2;0.6;0.0
36;2021-02-07;2;0;0;11401;1292;0;5.3;0.6;0.0
36;2021-02-08;235;255;0;11636;1547;0;5.4;0.7;0.0
36;2021-02-09;325;591;0;11961;2138;0;5.5;1.0;0.0
36;2021-02-10;473;634;0;12434;2772;0;5.7;1.3;0.0
36;2021-02-11;366;559;0;12800;3331;0;5.9;1.5;0.0
36;2021-02-12;311;443;0;13111;3774;0;6.0;1.7;0.0
36;2021-02-13;128;81;0;13239;3855;0;6.1;1.8;0.0
36;2021-02-14;26;43;0;13265;3898;0;6.1;1.8;0.0
36;2021-02-15;49;545;0;13314;4443;0;6.1;2.0;0.0
36;2021-02-16;114;403;0;13428;4846;0;6.2;2.2;0.0
36;2021-02-17;125;594;0;13553;5440;0;6.2;2.5;0.0
36;2021-02-18;178;576;0;13731;6016;0;6.3;2.8;0.0
36;2021-02-19;169;501;0;13900;6517;0;6.4;3.0;0.0
36;2021-02-20;84;226;0;13984;6743;0;6.4;3.1;0.0
36;2021-02-21;83;146;0;14067;6889;0;6.5;3.2;0.0
36;2021-02-22;162;447;0;14229;7336;0;6.6;3.4;0.0
36;2021-02-23;65;547;0;14294;7883;0;6.6;3.6;0.0
36;2021-02-24;123;656;0;14417;8539;0;6.6;3.9;0.0
36;2021-02-25;266;294;0;14683;8833;0;6.8;4.1;0.0
36;2021-02-26;341;414;0;15024;9247;0;6.9;4.3;0.0
36;2021-02-27;75;263;0;15099;9510;0;7.0;4.4;0.0
36;2021-02-28;13;89;0;15112;9599;0;7.0;4.4;0.0
36;2021-03-01;203;306;0;15315;9905;0;7.1;4.6;0.0
36;2021-03-02;346;342;0;15661;10247;0;7.2;4.7;0.0
36;2021-03-03;385;469;0;16046;10716;0;7.4;4.9;0.0
36;2021-03-04;652;346;0;16698;11062;0;7.7;5.1;0.0
36;2021-03-05;768;278;0;17466;11340;0;8.0;5.2;0.0
36;2021-03-06;403;18;0;17869;11358;0;8.2;5.2;0.0
36;2021-03-07;338;17;0;18207;11375;0;8.4;5.2;0.0
36;2021-03-08;272;265;0;18479;11640;0;8.5;5.4;0.0
36;2021-03-09;454;262;0;18933;11902;0;8.7;5.5;0.0
36;2021-03-10;699;389;0;19632;12291;0;9.0;5.7;0.0
36;2021-03-11;803;253;0;20435;12544;0;9.4;5.8;0.0
36;2021-03-12;1385;280;0;21820;12824;0;10.0;5.9;0.0
36;2021-03-13;554;131;0;22374;12955;0;10.3;6.0;0.0
36;2021-03-14;111;2;0;22485;12957;0;10.4;6.0;0.0
36;2021-03-15;644;159;0;23129;13116;0;10.7;6.0;0.0
36;2021-03-16;440;73;0;23569;13189;0;10.9;6.1;0.0
36;2021-03-17;750;98;0;24319;13287;0;11.2;6.1;0.0
36;2021-03-18;420;80;0;24739;13367;0;11.4;6.2;0.0
36;2021-03-19;714;48;0;25453;13415;0;11.7;6.2;0.0
36;2021-03-20;450;31;0;25903;13446;0;11.9;6.2;0.0
36;2021-03-21;2;0;0;25905;13446;0;11.9;6.2;0.0
36;2021-03-22;500;60;0;26405;13506;0;12.2;6.2;0.0
36;2021-03-23;732;69;0;27137;13575;0;12.5;6.3;0.0
36;2021-03-24;1059;83;0;28196;13658;0;13.0;6.3;0.0
36;2021-03-25;1313;99;0;29509;13757;0;13.6;6.3;0.0
36;2021-03-26;1401;163;0;30910;13920;0;14.2;6.4;0.0
36;2021-03-27;473;45;0;31383;13965;0;14.5;6.4;0.0
36;2021-03-28;68;56;0;31451;14021;0;14.5;6.5;0.0
36;2021-03-29;535;172;0;31986;14193;0;14.7;6.5;0.0
36;2021-03-30;614;257;0;32600;14450;0;15.0;6.7;0.0
36;2021-03-31;1197;167;0;33797;14617;0;15.6;6.7;0.0
36;2021-04-01;1101;420;0;34898;15037;0;16.1;6.9;0.0
36;2021-04-02;903;148;0;35801;15185;0;16.5;7.0;0.0
36;2021-04-03;265;206;0;36066;15391;0;16.6;7.1;0.0
36;2021-04-04;45;2;0;36111;15393;0;16.6;7.1;0.0
36;2021-04-05;16;45;0;36127;15438;0;16.6;7.1;0.0
36;2021-04-06;768;350;0;36895;15788;0;17.0;7.3;0.0
36;2021-04-07;1014;527;0;37909;16315;0;17.5;7.5;0.0
36;2021-04-08;1337;454;0;39246;16769;0;18.1;7.7;0.0
36;2021-04-09;1805;419;0;41051;17188;0;18.9;7.9;0.0
36;2021-04-10;614;227;0;41665;17415;0;19.2;8.0;0.0
36;2021-04-11;236;82;0;41901;17497;0;19.3;8.1;0.0
36;2021-04-12;831;549;0;42732;18046;0;19.7;8.3;0.0
36;2021-04-13;1116;510;0;43848;18556;0;20.2;8.5;0.0
36;2021-04-14;1501;832;0;45349;19388;0;20.9;8.9;0.0
36;2021-04-15;1539;483;0;46888;19871;0;21.6;9.2;0.0
36;2021-04-16;1443;452;0;48331;20323;0;22.3;9.4;0.0
36;2021-04-17;860;255;0;49191;20578;0;22.7;9.5;0.0
36;2021-04-18;345;8;0;49536;20586;0;22.8;9.5;0.0
36;2021-04-19;827;433;0;50363;21019;0;23.2;9.7;0.0
36;2021-04-20;1084;499;0;51447;21518;0;23.7;9.9;0.0
36;2021-04-21;1191;833;0;52638;22351;0;24.2;10.3;0.0
36;2021-04-22;1437;847;0;54075;23198;0;24.9;10.7;0.0
36;2021-04-23;1206;624;0;55281;23822;0;25.5;11.0;0.0
36;2021-04-24;661;380;0;55942;24202;0;25.8;11.1;0.0
36;2021-04-25;374;104;0;56316;24306;0;25.9;11.2;0.0
36;2021-04-26;1067;455;0;57383;24761;0;26.4;11.4;0.0
36;2021-04-27;1139;555;0;58522;25316;0;27.0;11.7;0.0
36;2021-04-28;1306;980;0;59828;26296;0;27.6;12.1;0.0
36;2021-04-29;1700;711;0;61528;27007;0;28.3;12.4;0.0
36;2021-04-30;1374;444;0;62902;27451;0;29.0;12.6;0.0
36;2021-05-01;692;61;0;63594;27512;0;29.3;12.7;0.0
36;2021-05-02;461;64;0;64055;27576;0;29.5;12.7;0.0
36;2021-05-03;1242;322;0;65297;27898;0;30.1;12.8;0.0
36;2021-05-04;753;773;0;66050;28671;0;30.4;13.2;0.0
36;2021-05-05;1221;1256;0;67271;29927;0;31.0;13.8;0.0
36;2021-05-06;1959;780;0;69230;30707;0;31.9;14.1;0.0
36;2021-05-07;1340;755;0;70570;31462;0;32.5;14.5;0.0
36;2021-05-08;344;123;0;70914;31585;0;32.7;14.5;0.0
36;2021-05-09;183;324;0;71097;31909;0;32.7;14.7;0.0
36;2021-05-10;1185;800;0;72282;32709;0;33.3;15.1;0.0
36;2021-05-11;1631;1192;0;73913;33901;0;34.0;15.6;0.0
36;2021-05-12;1691;1366;0;75604;35267;0;34.8;16.2;0.0
36;2021-05-13;592;307;0;76196;35574;0;35.1;16.4;0.0
36;2021-05-14;713;896;0;76909;36470;0;35.4;16.8;0.0
36;2021-05-15;651;584;0;77560;37054;0;35.7;17.1;0.0
36;2021-05-16;336;340;0;77896;37394;0;35.9;17.2;0.0
36;2021-05-17;678;905;0;78574;38299;0;36.2;17.6;0.0
36;2021-05-18;948;947;0;79522;39246;0;36.6;18.1;0.0
36;2021-05-19;1372;816;0;80894;40062;0;37.3;18.4;0.0
36;2021-05-20;1643;1074;0;82537;41136;0;38.0;18.9;0.0
36;2021-05-21;1229;963;0;83766;42099;0;38.6;19.4;0.0
36;2021-05-22;779;342;0;84545;42441;0;38.9;19.5;0.0
36;2021-05-23;428;287;0;84973;42728;0;39.1;19.7;0.0
36;2021-05-24;593;438;0;85566;43166;0;39.4;19.9;0.0
36;2021-05-25;1122;660;0;86688;43826;0;39.9;20.2;0.0
36;2021-05-26;1524;1044;0;88212;44870;0;40.6;20.7;0.0
36;2021-05-27;1520;944;0;89732;45814;0;41.3;21.1;0.0
36;2021-05-28;1012;1396;0;90744;47210;0;41.8;21.7;0.0
36;2021-05-29;778;516;0;91522;47726;0;42.1;22.0;0.0
36;2021-05-30;133;543;0;91655;48269;0;42.2;22.2;0.0
36;2021-05-31;1236;738;0;92891;49007;0;42.8;22.6;0.0
36;2021-06-01;1466;815;0;94357;49822;0;43.5;22.9;0.0
36;2021-06-02;2003;586;0;96360;50408;0;44.4;23.2;0.0
36;2021-06-03;1825;1151;0;98185;51559;0;45.2;23.7;0.0
36;2021-06-04;1765;1031;0;99950;52590;0;46.0;24.2;0.0
36;2021-06-05;827;681;0;100777;53271;0;46.4;24.5;0.0
36;2021-06-06;351;247;0;101128;53518;0;46.6;24.6;0.0
36;2021-06-07;1008;800;0;102136;54318;0;47.0;25.0;0.0
36;2021-06-08;983;913;0;103119;55231;0;47.5;25.4;0.0
36;2021-06-09;1614;956;0;104733;56187;0;48.2;25.9;0.0
36;2021-06-10;1491;1315;0;106224;57502;0;48.9;26.5;0.0
36;2021-06-11;1313;1393;0;107537;58895;0;49.5;27.1;0.0
36;2021-06-12;951;746;0;108488;59641;0;50.0;27.5;0.0
36;2021-06-13;334;270;0;108822;59911;0;50.1;27.6;0.0
36;2021-06-14;601;1201;0;109423;61112;0;50.4;28.1;0.0
36;2021-06-15;695;1150;0;110118;62262;0;50.7;28.7;0.0
36;2021-06-16;881;1412;0;110999;63674;0;51.1;29.3;0.0
36;2021-06-17;769;1805;0;111768;65479;0;51.5;30.2;0.0
36;2021-06-18;719;1788;0;112487;67267;0;51.8;31.0;0.0
36;2021-06-19;348;455;0;112835;67722;0;52.0;31.2;0.0
36;2021-06-20;234;318;0;113069;68040;0;52.1;31.3;0.0
36;2021-06-21;668;1378;0;113737;69418;0;52.4;32.0;0.0
36;2021-06-22;807;1542;0;114544;70960;0;52.8;32.7;0.0
36;2021-06-23;733;1708;0;115277;72668;0;53.1;33.5;0.0
36;2021-06-24;805;1489;0;116082;74157;0;53.5;34.2;0.0
36;2021-06-25;888;1215;0;116970;75372;0;53.9;34.7;0.0
36;2021-06-26;362;633;0;117332;76005;0;54.0;35.0;0.0
36;2021-06-27;107;272;0;117439;76277;0;54.1;35.1;0.0
36;2021-06-28;633;966;0;118072;77243;0;54.4;35.6;0.0
36;2021-06-29;653;1484;0;118725;78727;0;54.7;36.3;0.0
36;2021-06-30;780;2107;0;119505;80834;0;55.0;37.2;0.0
36;2021-07-01;389;1139;0;119894;81973;0;55.2;37.8;0.0
36;2021-07-02;736;1901;0;120630;83874;0;55.6;38.6;0.0
36;2021-07-03;438;1005;0;121068;84879;0;55.8;39.1;0.0
36;2021-07-04;188;339;0;121256;85218;0;55.8;39.2;0.0
36;2021-07-05;459;1417;0;121715;86635;0;56.1;39.9;0.0
36;2021-07-06;502;1295;0;122217;87930;0;56.3;40.5;0.0
36;2021-07-07;554;1851;0;122771;89781;0;56.5;41.3;0.0
36;2021-07-08;547;1733;0;123318;91514;0;56.8;42.1;0.0
36;2021-07-09;720;1659;0;124038;93173;0;57.1;42.9;0.0
36;2021-07-10;459;1190;0;124497;94363;0;57.3;43.5;0.0
36;2021-07-11;250;171;0;124747;94534;0;57.5;43.5;0.0
36;2021-07-12;326;1730;0;125073;96264;0;57.6;44.3;0.0
36;2021-07-13;318;1965;0;125391;98229;0;57.7;45.2;0.0
36;2021-07-14;379;764;0;125770;98993;0;57.9;45.6;0.0
36;2021-07-15;928;2084;0;126698;101077;0;58.3;46.5;0.0
36;2021-07-16;658;1873;0;127356;102950;0;58.7;47.4;0.0
36;2021-07-17;458;1001;0;127814;103951;0;58.9;47.9;0.0
36;2021-07-18;192;396;0;128006;104347;0;59.0;48.1;0.0
36;2021-07-19;642;1515;0;128648;105862;0;59.2;48.8;0.0
36;2021-07-20;863;1406;0;129511;107268;0;59.6;49.4;0.0
36;2021-07-21;897;1937;0;130408;109205;0;60.1;50.3;0.0
36;2021-07-22;1283;1568;0;131691;110773;0;60.6;51.0;0.0
36;2021-07-23;1061;1681;0;132752;112454;0;61.1;51.8;0.0
36;2021-07-24;686;850;0;133438;113304;0;61.5;52.2;0.0
36;2021-07-25;156;401;0;133594;113705;0;61.5;52.4;0.0
36;2021-07-26;1153;1074;0;134747;114779;0;62.1;52.9;0.0
36;2021-07-27;1057;1295;0;135804;116074;0;62.5;53.5;0.0
36;2021-07-28;1548;1374;0;137352;117448;0;63.3;54.1;0.0
36;2021-07-29;1779;1225;0;139131;118673;0;64.1;54.7;0.0
36;2021-07-30;1581;1293;0;140712;119966;0;64.8;55.2;0.0
36;2021-07-31;1009;572;0;141721;120538;0;65.3;55.5;0.0
36;2021-08-01;224;241;0;141945;120779;0;65.4;55.6;0.0
36;2021-08-02;1149;900;0;143094;121679;0;65.9;56.0;0.0
36;2021-08-03;1356;961;0;144450;122640;0;66.5;56.5;0.0
36;2021-08-04;1721;929;0;146171;123569;0;67.3;56.9;0.0
36;2021-08-05;1697;879;0;147868;124448;0;68.1;57.3;0.0
36;2021-08-06;1351;862;0;149219;125310;0;68.7;57.7;0.0
36;2021-08-07;567;552;0;149786;125862;0;69.0;58.0;0.0
36;2021-08-08;289;156;0;150075;126018;0;69.1;58.0;0.0
36;2021-08-09;843;829;0;150918;126847;0;69.5;58.4;0.0
36;2021-08-10;994;1012;0;151912;127859;0;70.0;58.9;0.0
36;2021-08-11;1291;894;0;153203;128753;0;70.6;59.3;0.0
36;2021-08-12;1093;940;0;154296;129693;0;71.1;59.7;0.0
36;2021-08-13;1126;803;0;155422;130496;0;71.6;60.1;0.0
36;2021-08-14;448;810;0;155870;131306;0;71.8;60.5;0.0
36;2021-08-15;343;97;0;156213;131403;0;71.9;60.5;0.0
36;2021-08-16;608;1023;0;156821;132426;0;72.2;61.0;0.0
36;2021-08-17;733;1152;0;157554;133578;0;72.6;61.5;0.0
36;2021-08-18;924;1211;0;158478;134789;0;73.0;62.1;0.0
36;2021-08-19;767;1219;0;159245;136008;0;73.3;62.6;0.0
36;2021-08-20;463;1523;0;159708;137531;0;73.6;63.3;0.0
36;2021-08-21;295;508;0;160003;138039;0;73.7;63.6;0.0
36;2021-08-22;32;73;0;160035;138112;0;73.7;63.6;0.0
36;2021-08-23;502;1272;0;160537;139384;0;73.9;64.2;0.0
36;2021-08-24;542;1258;0;161079;140642;0;74.2;64.8;0.0
36;2021-08-25;458;1148;0;161537;141790;0;74.4;65.3;0.0
36;2021-08-26;587;1507;0;162124;143297;0;74.7;66.0;0.0
36;2021-08-27;512;1430;0;162636;144727;0;74.9;66.7;0.0
36;2021-08-28;348;649;0;162984;145376;0;75.1;67.0;0.0
36;2021-08-29;209;254;0;163193;145630;0;75.2;67.1;0.0
36;2021-08-30;234;809;23;163427;146439;23;75.3;67.4;0.0
36;2021-08-31;362;889;88;163789;147328;111;75.4;67.8;0.1
36;2021-09-01;398;1014;151;164187;148342;262;75.6;68.3;0.1
36;2021-09-02;319;912;142;164506;149254;404;75.8;68.7;0.2
36;2021-09-03;300;1344;134;164806;150598;538;75.9;69.4;0.2
36;2021-09-04;235;800;85;165041;151398;623;76.0;69.7;0.3
36;2021-09-05;120;312;57;165161;151710;680;76.1;69.9;0.3
36;2021-09-06;169;837;179;165330;152547;859;76.1;70.3;0.4
36;2021-09-07;178;693;160;165508;153240;1019;76.2;70.6;0.5
36;2021-09-08;230;1010;177;165738;154250;1196;76.3;71.0;0.6
36;2021-09-09;266;792;185;166004;155042;1381;76.5;71.4;0.6
36;2021-09-10;284;954;182;166288;155996;1563;76.6;71.8;0.7
36;2021-09-11;143;742;41;166431;156738;1604;76.6;72.2;0.7
36;2021-09-12;81;187;45;166512;156925;1649;76.7;72.3;0.8
36;2021-09-13;178;522;169;166690;157447;1818;76.8;72.5;0.8
36;2021-09-14;169;432;385;166859;157879;2203;76.8;72.7;1.0
36;2021-09-15;286;536;352;167145;158415;2555;77.0;73.0;1.2
36;2021-09-16;236;620;269;167381;159035;2824;77.1;73.2;1.3
36;2021-09-17;261;558;150;167642;159593;2974;77.2;73.5;1.4
36;2021-09-18;117;409;90;167759;160002;3064;77.3;73.7;1.4
36;2021-09-19;35;197;22;167794;160199;3086;77.3;73.8;1.4
36;2021-09-20;130;294;273;167924;160493;3359;77.3;73.9;1.5
36;2021-09-21;133;307;238;168057;160800;3597;77.4;74.1;1.7
36;2021-09-22;112;602;296;168169;161402;3893;77.4;74.3;1.8
36;2021-09-23;131;412;364;168300;161814;4257;77.5;74.5;2.0
36;2021-09-24;118;470;319;168418;162284;4576;77.6;74.7;2.1
36;2021-09-25;112;491;130;168530;162775;4706;77.6;75.0;2.2
36;2021-09-26;19;305;55;168549;163080;4761;77.6;75.1;2.2
36;2021-09-27;63;231;192;168612;163311;4953;77.7;75.2;2.3
36;2021-09-28;69;216;221;168681;163527;5174;77.7;75.3;2.4
36;2021-09-29;97;364;287;168778;163891;5461;77.7;75.5;2.5
36;2021-09-30;98;241;372;168876;164132;5833;77.8;75.6;2.7
36;2021-10-01;170;296;282;169046;164428;6115;77.9;75.7;2.8
36;2021-10-02;50;189;133;169096;164617;6248;77.9;75.8;2.9
36;2021-10-03;4;21;8;169100;164638;6256;77.9;75.8;2.9
36;2021-10-04;59;203;356;169159;164841;6612;77.9;75.9;3.0
36;2021-10-05;116;149;328;169275;164990;6940;78.0;76.0;3.2
36;2021-10-06;109;291;294;169384;165281;7234;78.0;76.1;3.3
36;2021-10-07;84;189;268;169468;165470;7502;78.0;76.2;3.5
36;2021-10-08;129;277;483;169597;165747;7985;78.1;76.3;3.7
36;2021-10-09;86;203;188;169683;165950;8173;78.1;76.4;3.8
36;2021-10-10;5;12;17;169688;165962;8190;78.1;76.4;3.8
36;2021-10-11;80;133;251;169768;166095;8441;78.2;76.5;3.9
36;2021-10-12;65;94;341;169833;166189;8782;78.2;76.5;4.0
36;2021-10-13;130;248;513;169963;166437;9295;78.3;76.6;4.3
36;2021-10-14;55;73;361;170018;166510;9656;78.3;76.7;4.4
36;2021-10-15;104;230;431;170122;166740;10087;78.3;76.8;4.6
36;2021-10-16;90;149;182;170212;166889;10269;78.4;76.9;4.7
36;2021-10-17;4;7;13;170216;166896;10282;78.4;76.9;4.7
36;2021-10-18;38;114;193;170254;167010;10475;78.4;76.9;4.8
36;2021-10-19;20;54;139;170274;167064;10614;78.4;76.9;4.9
36;2021-10-20;121;178;513;170395;167242;11127;78.5;77.0;5.1
36;2021-10-21;44;194;304;170439;167436;11431;78.5;77.1;5.3
36;2021-10-22;99;205;414;170538;167641;11845;78.5;77.2;5.5
36;2021-10-23;39;52;198;170577;167693;12043;78.6;77.2;5.5
36;2021-10-24;50;53;60;170627;167746;12103;78.6;77.3;5.6
36;2021-10-25;64;64;312;170691;167810;12415;78.6;77.3;5.7
36;2021-10-26;42;48;244;170733;167858;12659;78.6;77.3;5.8
36;2021-10-27;99;125;475;170832;167983;13134;78.7;77.4;6.0
36;2021-10-28;49;79;457;170881;168062;13591;78.7;77.4;6.3
36;2021-10-29;60;89;237;170941;168151;13828;78.7;77.4;6.4
36;2021-10-30;60;140;322;171001;168291;14150;78.8;77.5;6.5
36;2021-10-31;7;6;4;171008;168297;14154;78.8;77.5;6.5
36;2021-11-01;0;2;2;171008;168299;14156;78.8;77.5;6.5
36;2021-11-02;48;99;313;171056;168398;14469;78.8;77.6;6.7
36;2021-11-03;44;64;335;171100;168462;14804;78.8;77.6;6.8
36;2021-11-04;79;100;587;171179;168562;15391;78.8;77.6;7.1
36;2021-11-05;65;110;570;171244;168672;15961;78.9;77.7;7.4
36;2021-11-06;79;131;443;171323;168803;16404;78.9;77.7;7.6
36;2021-11-07;0;6;13;171323;168809;16417;78.9;77.7;7.6
36;2021-11-08;32;57;435;171355;168866;16852;78.9;77.8;7.8
36;2021-11-09;37;55;441;171392;168921;17293;78.9;77.8;8.0
36;2021-11-10;84;103;634;171476;169024;17927;79.0;77.8;8.3
36;2021-11-11;0;3;27;171476;169027;17954;79.0;77.8;8.3
36;2021-11-12;34;76;456;171510;169103;18410;79.0;77.9;8.5
36;2021-11-13;58;88;488;171568;169191;18898;79.0;77.9;8.7
36;2021-11-14;2;9;26;171570;169200;18924;79.0;77.9;8.7
36;2021-11-15;32;68;598;171602;169268;19522;79.0;78.0;9.0
36;2021-11-16;58;84;802;171660;169352;20324;79.1;78.0;9.4
36;2021-11-17;90;78;782;171750;169430;21106;79.1;78.0;9.7
36;2021-11-18;36;61;569;171786;169491;21675;79.1;78.1;10.0
36;2021-11-19;67;90;972;171853;169581;22647;79.1;78.1;10.4
36;2021-11-20;28;41;372;171881;169622;23019;79.2;78.1;10.6
36;2021-11-21;35;28;213;171916;169650;23232;79.2;78.1;10.7
36;2021-11-22;28;33;529;171944;169683;23761;79.2;78.1;10.9
36;2021-11-23;44;46;822;171988;169729;24583;79.2;78.2;11.3
36;2021-11-24;93;77;1114;172081;169806;25697;79.2;78.2;11.8
36;2021-11-25;65;43;1066;172146;169849;26763;79.3;78.2;12.3
36;2021-11-26;77;81;1478;172223;169930;28241;79.3;78.3;13.0
36;2021-11-27;56;119;691;172279;170049;28932;79.3;78.3;13.3
36;2021-11-28;2;5;52;172281;170054;28984;79.3;78.3;13.3
36;2021-11-29;39;54;1024;172320;170108;30008;79.4;78.3;13.8
36;2021-11-30;54;43;1289;172374;170151;31297;79.4;78.4;14.4
36;2021-12-01;69;50;1613;172443;170201;32910;79.4;78.4;15.2
36;2021-12-02;92;41;2087;172535;170242;34997;79.5;78.4;16.1
36;2021-12-03;57;103;2154;172592;170345;37151;79.5;78.4;17.1
36;2021-12-04;45;31;900;172637;170376;38051;79.5;78.5;17.5
36;2021-12-05;18;27;322;172655;170403;38373;79.5;78.5;17.7
36;2021-12-06;34;33;1263;172689;170436;39636;79.5;78.5;18.3
36;2021-12-07;72;49;2097;172761;170485;41733;79.6;78.5;19.2
36;2021-12-08;62;68;2159;172823;170553;43892;79.6;78.5;20.2
36;2021-12-09;65;53;2864;172888;170606;46756;79.6;78.6;21.5
36;2021-12-10;90;72;2857;172978;170678;49613;79.7;78.6;22.8
36;2021-12-11;33;48;1037;173011;170726;50650;79.7;78.6;23.3
36;2021-12-12;6;6;442;173017;170732;51092;79.7;78.6;23.5
36;2021-12-13;27;84;1583;173044;170816;52675;79.7;78.7;24.3
36;2021-12-14;52;55;2605;173096;170871;55280;79.7;78.7;25.5
36;2021-12-15;68;83;2896;173164;170954;58176;79.7;78.7;26.8
36;2021-12-16;97;84;3222;173261;171038;61398;79.8;78.8;28.3
36;2021-12-17;69;96;3165;173330;171134;64563;79.8;78.8;29.7
36;2021-12-18;34;56;1330;173364;171190;65893;79.8;78.8;30.3
36;2021-12-19;20;28;504;173384;171218;66397;79.8;78.9;30.6
36;2021-12-20;56;44;1729;173440;171262;68126;79.9;78.9;31.4
36;2021-12-21;76;47;2396;173516;171309;70522;79.9;78.9;32.5
36;2021-12-22;89;80;2216;173605;171389;72738;80.0;78.9;33.5
36;2021-12-23;60;81;1801;173665;171470;74539;80.0;79.0;34.3
36;2021-12-24;18;10;235;173683;171480;74774;80.0;79.0;34.4
36;2021-12-25;1;1;8;173684;171481;74782;80.0;79.0;34.4
36;2021-12-26;6;5;48;173690;171486;74830;80.0;79.0;34.5
37;2020-12-27;0;0;0;0;0;0;0.0;0.0;0.0
37;2020-12-28;16;0;0;16;0;0;0.0;0.0;0.0
37;2020-12-29;9;0;0;25;0;0;0.0;0.0;0.0
37;2020-12-30;0;0;0;25;0;0;0.0;0.0;0.0
37;2020-12-31;0;0;0;25;0;0;0.0;0.0;0.0
37;2021-01-01;0;0;0;25;0;0;0.0;0.0;0.0
37;2021-01-02;0;0;0;25;0;0;0.0;0.0;0.0
37;2021-01-03;0;0;0;25;0;0;0.0;0.0;0.0
37;2021-01-04;23;0;0;48;0;0;0.0;0.0;0.0
37;2021-01-05;44;0;0;92;0;0;0.0;0.0;0.0
37;2021-01-06;89;0;0;181;0;0;0.0;0.0;0.0
37;2021-01-07;128;1;0;309;1;0;0.1;0.0;0.0
37;2021-01-08;456;2;0;765;3;0;0.1;0.0;0.0
37;2021-01-09;80;2;0;845;5;0;0.1;0.0;0.0
37;2021-01-10;83;0;0;928;5;0;0.2;0.0;0.0
37;2021-01-11;290;0;0;1218;5;0;0.2;0.0;0.0
37;2021-01-12;660;6;0;1878;11;0;0.3;0.0;0.0
37;2021-01-13;539;1;0;2417;12;0;0.4;0.0;0.0
37;2021-01-14;534;3;0;2951;15;0;0.5;0.0;0.0
37;2021-01-15;636;2;0;3587;17;0;0.6;0.0;0.0
37;2021-01-16;291;2;0;3878;19;0;0.6;0.0;0.0
37;2021-01-17;245;1;0;4123;20;0;0.7;0.0;0.0
37;2021-01-18;752;11;0;4875;31;0;0.8;0.0;0.0
37;2021-01-19;1238;11;0;6113;42;0;1.0;0.0;0.0
37;2021-01-20;1051;5;0;7164;47;0;1.2;0.0;0.0
37;2021-01-21;903;0;0;8067;47;0;1.3;0.0;0.0
37;2021-01-22;789;1;0;8856;48;0;1.5;0.0;0.0
37;2021-01-23;178;0;0;9034;48;0;1.5;0.0;0.0
37;2021-01-24;14;0;0;9048;48;0;1.5;0.0;0.0
37;2021-01-25;560;19;0;9608;67;0;1.6;0.0;0.0
37;2021-01-26;1753;69;0;11361;136;0;1.9;0.0;0.0
37;2021-01-27;1439;77;0;12800;213;0;2.1;0.0;0.0
37;2021-01-28;1500;99;0;14300;312;0;2.4;0.1;0.0
37;2021-01-29;658;306;0;14958;618;0;2.5;0.1;0.0
37;2021-01-30;240;60;0;15198;678;0;2.5;0.1;0.0
37;2021-01-31;14;64;0;15212;742;0;2.5;0.1;0.0
37;2021-02-01;363;211;0;15575;953;0;2.6;0.2;0.0
37;2021-02-02;500;514;0;16075;1467;0;2.7;0.2;0.0
37;2021-02-03;655;361;0;16730;1828;0;2.8;0.3;0.0
37;2021-02-04;594;407;0;17324;2235;0;2.9;0.4;0.0
37;2021-02-05;466;462;0;17790;2697;0;2.9;0.4;0.0
37;2021-02-06;198;6;0;17988;2703;0;3.0;0.4;0.0
37;2021-02-07;24;1;0;18012;2704;0;3.0;0.4;0.0
37;2021-02-08;341;354;0;18353;3058;0;3.0;0.5;0.0
37;2021-02-09;610;728;0;18963;3786;0;3.1;0.6;0.0
37;2021-02-10;659;533;0;19622;4319;0;3.2;0.7;0.0
37;2021-02-11;654;598;0;20276;4917;0;3.3;0.8;0.0
37;2021-02-12;547;579;0;20823;5496;0;3.4;0.9;0.0
37;2021-02-13;152;200;0;20975;5696;0;3.5;0.9;0.0
37;2021-02-14;3;57;0;20978;5753;0;3.5;1.0;0.0
37;2021-02-15;415;497;0;21393;6250;0;3.5;1.0;0.0
37;2021-02-16;827;1392;0;22220;7642;0;3.7;1.3;0.0
37;2021-02-17;626;1311;0;22846;8953;0;3.8;1.5;0.0
37;2021-02-18;895;1386;0;23741;10339;0;3.9;1.7;0.0
37;2021-02-19;804;809;0;24545;11148;0;4.1;1.8;0.0
37;2021-02-20;234;216;0;24779;11364;0;4.1;1.9;0.0
37;2021-02-21;6;13;0;24785;11377;0;4.1;1.9;0.0
37;2021-02-22;329;614;0;25114;11991;0;4.1;2.0;0.0
37;2021-02-23;605;634;0;25719;12625;0;4.2;2.1;0.0
37;2021-02-24;552;646;0;26271;13271;0;4.3;2.2;0.0
37;2021-02-25;857;655;0;27128;13926;0;4.5;2.3;0.0
37;2021-02-26;1081;572;0;28209;14498;0;4.7;2.4;0.0
37;2021-02-27;569;196;0;28778;14694;0;4.8;2.4;0.0
37;2021-02-28;24;5;0;28802;14699;0;4.8;2.4;0.0
37;2021-03-01;601;379;0;29403;15078;0;4.9;2.5;0.0
37;2021-03-02;1083;558;0;30486;15636;0;5.0;2.6;0.0
37;2021-03-03;1002;575;0;31488;16211;0;5.2;2.7;0.0
37;2021-03-04;1574;529;0;33062;16740;0;5.5;2.8;0.0
37;2021-03-05;2149;590;0;35211;17330;0;5.8;2.9;0.0
37;2021-03-06;1204;223;0;36415;17553;0;6.0;2.9;0.0
37;2021-03-07;494;76;0;36909;17629;0;6.1;2.9;0.0
37;2021-03-08;679;420;0;37588;18049;0;6.2;3.0;0.0
37;2021-03-09;1623;702;0;39211;18751;0;6.5;3.1;0.0
37;2021-03-10;1606;754;0;40817;19505;0;6.7;3.2;0.0
37;2021-03-11;2096;722;0;42913;20227;0;7.1;3.3;0.0
37;2021-03-12;3239;530;0;46152;20757;0;7.6;3.4;0.0
37;2021-03-13;1945;193;0;48097;20950;0;7.9;3.5;0.0
37;2021-03-14;226;5;0;48323;20955;0;8.0;3.5;0.0
37;2021-03-15;1050;261;0;49373;21216;0;8.2;3.5;0.0
37;2021-03-16;1070;518;0;50443;21734;0;8.3;3.6;0.0
37;2021-03-17;981;286;0;51424;22020;0;8.5;3.6;0.0
37;2021-03-18;1067;522;0;52491;22542;0;8.7;3.7;0.0
37;2021-03-19;2252;342;0;54743;22884;0;9.0;3.8;0.0
37;2021-03-20;1333;143;0;56076;23027;0;9.3;3.8;0.0
37;2021-03-21;195;5;0;56271;23032;0;9.3;3.8;0.0
37;2021-03-22;1295;251;0;57566;23283;0;9.5;3.8;0.0
37;2021-03-23;2285;569;0;59851;23852;0;9.9;3.9;0.0
37;2021-03-24;2287;469;0;62138;24321;0;10.3;4.0;0.0
37;2021-03-25;3085;443;0;65223;24764;0;10.8;4.1;0.0
37;2021-03-26;3574;425;0;68797;25189;0;11.4;4.2;0.0
37;2021-03-27;1206;126;0;70003;25315;0;11.6;4.2;0.0
37;2021-03-28;145;15;0;70148;25330;0;11.6;4.2;0.0
37;2021-03-29;1626;362;0;71774;25692;0;11.9;4.2;0.0
37;2021-03-30;2570;667;0;74344;26359;0;12.3;4.4;0.0
37;2021-03-31;2136;506;0;76480;26865;0;12.6;4.4;0.0
37;2021-04-01;2642;991;0;79122;27856;0;13.1;4.6;0.0
37;2021-04-02;2844;697;0;81966;28553;0;13.5;4.7;0.0
37;2021-04-03;809;244;0;82775;28797;0;13.7;4.8;0.0
37;2021-04-04;107;14;0;82882;28811;0;13.7;4.8;0.0
37;2021-04-05;39;3;0;82921;28814;0;13.7;4.8;0.0
37;2021-04-06;2247;788;0;85168;29602;0;14.1;4.9;0.0
37;2021-04-07;3201;902;0;88369;30504;0;14.6;5.0;0.0
37;2021-04-08;3984;1011;0;92353;31515;0;15.3;5.2;0.0
37;2021-04-09;4524;999;0;96877;32514;0;16.0;5.4;0.0
37;2021-04-10;1341;460;0;98218;32974;0;16.2;5.4;0.0
37;2021-04-11;115;23;0;98333;32997;0;16.2;5.5;0.0
37;2021-04-12;2590;696;0;100923;33693;0;16.7;5.6;0.0
37;2021-04-13;4094;1224;0;105017;34917;0;17.3;5.8;0.0
37;2021-04-14;3076;931;0;108093;35848;0;17.9;5.9;0.0
37;2021-04-15;3779;1030;0;111872;36878;0;18.5;6.1;0.0
37;2021-04-16;4282;1236;0;116154;38114;0;19.2;6.3;0.0
37;2021-04-17;1177;254;0;117331;38368;0;19.4;6.3;0.0
37;2021-04-18;115;12;0;117446;38380;0;19.4;6.3;0.0
37;2021-04-19;2470;883;0;119916;39263;0;19.8;6.5;0.0
37;2021-04-20;3221;1377;0;123137;40640;0;20.3;6.7;0.0
37;2021-04-21;2972;1254;0;126109;41894;0;20.8;6.9;0.0
37;2021-04-22;3554;1520;0;129663;43414;0;21.4;7.2;0.0
37;2021-04-23;3717;1832;0;133380;45246;0;22.0;7.5;0.0
37;2021-04-24;1153;446;0;134533;45692;0;22.2;7.5;0.0
37;2021-04-25;173;11;0;134706;45703;0;22.3;7.5;0.0
37;2021-04-26;2983;1371;0;137689;47074;0;22.7;7.8;0.0
37;2021-04-27;4279;1874;0;141968;48948;0;23.5;8.1;0.0
37;2021-04-28;3626;1952;0;145594;50900;0;24.1;8.4;0.0
37;2021-04-29;4762;2042;0;150356;52942;0;24.8;8.7;0.0
37;2021-04-30;5028;2036;0;155384;54978;0;25.7;9.1;0.0
37;2021-05-01;647;200;0;156031;55178;0;25.8;9.1;0.0
37;2021-05-02;132;29;0;156163;55207;0;25.8;9.1;0.0
37;2021-05-03;2785;1916;0;158948;57123;0;26.3;9.4;0.0
37;2021-05-04;3772;2749;0;162720;59872;0;26.9;9.9;0.0
37;2021-05-05;3642;2117;0;166362;61989;0;27.5;10.2;0.0
37;2021-05-06;5045;2021;0;171407;64010;0;28.3;10.6;0.0
37;2021-05-07;4650;2846;0;176057;66856;0;29.1;11.0;0.0
37;2021-05-08;645;318;0;176702;67174;0;29.2;11.1;0.0
37;2021-05-09;144;67;0;176846;67241;0;29.2;11.1;0.0
37;2021-05-10;2355;3424;0;179201;70665;0;29.6;11.7;0.0
37;2021-05-11;4073;3945;0;183274;74610;0;30.3;12.3;0.0
37;2021-05-12;4326;2659;0;187600;77269;0;31.0;12.8;0.0
37;2021-05-13;1436;534;0;189036;77803;0;31.2;12.9;0.0
37;2021-05-14;4163;2627;0;193199;80430;0;31.9;13.3;0.0
37;2021-05-15;2549;782;0;195748;81212;0;32.3;13.4;0.0
37;2021-05-16;205;113;0;195953;81325;0;32.4;13.4;0.0
37;2021-05-17;3006;2046;0;198959;83371;0;32.9;13.8;0.0
37;2021-05-18;4172;2395;0;203131;85766;0;33.6;14.2;0.0
37;2021-05-19;3887;1869;0;207018;87635;0;34.2;14.5;0.0
37;2021-05-20;5098;1905;0;212116;89540;0;35.0;14.8;0.0
37;2021-05-21;4718;2582;0;216834;92122;0;35.8;15.2;0.0
37;2021-05-22;1375;748;0;218209;92870;0;36.0;15.3;0.0
37;2021-05-23;149;91;0;218358;92961;0;36.1;15.4;0.0
37;2021-05-24;890;121;0;219248;93082;0;36.2;15.4;0.0
37;2021-05-25;5176;2182;0;224424;95264;0;37.1;15.7;0.0
37;2021-05-26;5108;2186;0;229532;97450;0;37.9;16.1;0.0
37;2021-05-27;6096;2418;0;235628;99868;0;38.9;16.5;0.0
37;2021-05-28;6005;3267;0;241633;103135;0;39.9;17.0;0.0
37;2021-05-29;1744;1187;0;243377;104322;0;40.2;17.2;0.0
37;2021-05-30;131;169;0;243508;104491;0;40.2;17.3;0.0
37;2021-05-31;3726;2525;0;247234;107016;0;40.8;17.7;0.0
37;2021-06-01;5858;3539;0;253092;110555;0;41.8;18.3;0.0
37;2021-06-02;5219;2562;0;258311;113117;0;42.7;18.7;0.0
37;2021-06-03;6205;2958;0;264516;116075;0;43.7;19.2;0.0
37;2021-06-04;5635;4216;0;270151;120291;0;44.6;19.9;0.0
37;2021-06-05;2040;1435;0;272191;121726;0;45.0;20.1;0.0
37;2021-06-06;134;292;0;272325;122018;0;45.0;20.2;0.0
37;2021-06-07;3122;4167;0;275447;126185;0;45.5;20.8;0.0
37;2021-06-08;4191;4669;0;279638;130854;0;46.2;21.6;0.0
37;2021-06-09;3947;3774;0;283585;134628;0;46.8;22.2;0.0
37;2021-06-10;5174;3717;0;288759;138345;0;47.7;22.9;0.0
37;2021-06-11;4883;4843;0;293642;143188;0;48.5;23.7;0.0
37;2021-06-12;3543;1369;0;297185;144557;0;49.1;23.9;0.0
37;2021-06-13;84;297;0;297269;144854;0;49.1;23.9;0.0
37;2021-06-14;2625;4124;0;299894;148978;0;49.5;24.6;0.0
37;2021-06-15;3860;4796;0;303754;153774;0;50.2;25.4;0.0
37;2021-06-16;3235;3730;0;306989;157504;0;50.7;26.0;0.0
37;2021-06-17;3906;4557;0;310895;162061;0;51.4;26.8;0.0
37;2021-06-18;4474;5117;0;315369;167178;0;52.1;27.6;0.0
37;2021-06-19;2454;1248;0;317823;168426;0;52.5;27.8;0.0
37;2021-06-20;44;245;0;317867;168671;0;52.5;27.9;0.0
37;2021-06-21;2372;3944;0;320239;172615;0;52.9;28.5;0.0
37;2021-06-22;2877;5188;0;323116;177803;0;53.4;29.4;0.0
37;2021-06-23;2587;3959;0;325703;181762;0;53.8;30.0;0.0
37;2021-06-24;2792;3665;0;328495;185427;0;54.3;30.6;0.0
37;2021-06-25;3208;4945;0;331703;190372;0;54.8;31.4;0.0
37;2021-06-26;1204;3183;0;332907;193555;0;55.0;32.0;0.0
37;2021-06-27;51;236;0;332958;193791;0;55.0;32.0;0.0
37;2021-06-28;1688;4687;0;334646;198478;0;55.3;32.8;0.0
37;2021-06-29;1848;6418;0;336494;204896;0;55.6;33.8;0.0
37;2021-06-30;1880;4751;0;338374;209647;0;55.9;34.6;0.0
37;2021-07-01;2099;4949;0;340473;214596;0;56.2;35.4;0.0
37;2021-07-02;2655;5729;0;343128;220325;0;56.7;36.4;0.0
37;2021-07-03;887;2293;0;344015;222618;0;56.8;36.8;0.0
37;2021-07-04;30;184;0;344045;222802;0;56.8;36.8;0.0
37;2021-07-05;1598;5194;0;345643;227996;0;57.1;37.7;0.0
37;2021-07-06;1887;6757;0;347530;234753;0;57.4;38.8;0.0
37;2021-07-07;1831;5518;0;349361;240271;0;57.7;39.7;0.0
37;2021-07-08;2358;6689;0;351719;246960;0;58.1;40.8;0.0
37;2021-07-09;1987;7578;0;353706;254538;0;58.4;42.0;0.0
37;2021-07-10;1017;2788;0;354723;257326;0;58.6;42.5;0.0
37;2021-07-11;56;168;0;354779;257494;0;58.6;42.5;0.0
37;2021-07-12;1162;6011;0;355941;263505;0;58.8;43.5;0.0
37;2021-07-13;1704;7775;0;357645;271280;0;59.1;44.8;0.0
37;2021-07-14;623;601;0;358268;271881;0;59.2;44.9;0.0
37;2021-07-15;2622;7549;0;360890;279430;0;59.6;46.2;0.0
37;2021-07-16;2743;7694;0;363633;287124;0;60.1;47.4;0.0
37;2021-07-17;1242;2580;0;364875;289704;0;60.3;47.9;0.0
37;2021-07-18;144;147;0;365019;289851;0;60.3;47.9;0.0
37;2021-07-19;1750;6131;0;366769;295982;0;60.6;48.9;0.0
37;2021-07-20;2992;6961;0;369761;302943;0;61.1;50.0;0.0
37;2021-07-21;3088;5636;0;372849;308579;0;61.6;51.0;0.0
37;2021-07-22;4033;6351;0;376882;314930;0;62.3;52.0;0.0
37;2021-07-23;3854;6898;0;380736;321828;0;62.9;53.2;0.0
37;2021-07-24;1806;3179;0;382542;325007;0;63.2;53.7;0.0
37;2021-07-25;146;145;0;382688;325152;0;63.2;53.7;0.0
37;2021-07-26;3301;4293;0;385989;329445;0;63.8;54.4;0.0
37;2021-07-27;4289;4880;0;390278;334325;0;64.5;55.2;0.0
37;2021-07-28;4164;3679;0;394442;338004;0;65.2;55.8;0.0
37;2021-07-29;4992;4211;0;399434;342215;0;66.0;56.5;0.0
37;2021-07-30;5028;4805;0;404462;347020;0;66.8;57.3;0.0
37;2021-07-31;1944;1810;0;406406;348830;0;67.1;57.6;0.0
37;2021-08-01;120;72;0;406526;348902;0;67.2;57.6;0.0
37;2021-08-02;3360;3193;0;409886;352095;0;67.7;58.2;0.0
37;2021-08-03;5031;3069;0;414917;355164;0;68.5;58.7;0.0
37;2021-08-04;4506;1969;0;419423;357133;0;69.3;59.0;0.0
37;2021-08-05;4681;2583;0;424104;359716;0;70.1;59.4;0.0
37;2021-08-06;4608;3230;0;428712;362946;0;70.8;60.0;0.0
37;2021-08-07;1633;1113;0;430345;364059;0;71.1;60.1;0.0
37;2021-08-08;104;201;0;430449;364260;0;71.1;60.2;0.0
37;2021-08-09;2354;2148;0;432803;366408;0;71.5;60.5;0.0
37;2021-08-10;2974;2645;0;435777;369053;0;72.0;61.0;0.0
37;2021-08-11;2073;2199;0;437850;371252;0;72.3;61.3;0.0
37;2021-08-12;2408;2641;0;440258;373893;0;72.7;61.8;0.0
37;2021-08-13;2362;2792;0;442620;376685;0;73.1;62.2;0.0
37;2021-08-14;755;877;0;443375;377562;0;73.2;62.4;0.0
37;2021-08-15;42;101;0;443417;377663;0;73.2;62.4;0.0
37;2021-08-16;1465;3174;0;444882;380837;0;73.5;62.9;0.0
37;2021-08-17;1783;3868;0;446665;384705;0;73.8;63.5;0.0
37;2021-08-18;1414;3171;0;448079;387876;0;74.0;64.1;0.0
37;2021-08-19;1501;3665;0;449580;391541;0;74.3;64.7;0.0
37;2021-08-20;1557;4444;0;451137;395985;0;74.5;65.4;0.0
37;2021-08-21;646;1261;0;451783;397246;0;74.6;65.6;0.0
37;2021-08-22;25;100;0;451808;397346;0;74.6;65.6;0.0
37;2021-08-23;1259;3968;0;453067;401314;0;74.8;66.3;0.0
37;2021-08-24;1529;4724;0;454596;406038;0;75.1;67.1;0.0
37;2021-08-25;1032;4159;0;455628;410197;0;75.3;67.8;0.0
37;2021-08-26;1258;4256;0;456886;414453;0;75.5;68.5;0.0
37;2021-08-27;1389;5382;0;458275;419835;0;75.7;69.4;0.0
37;2021-08-28;413;1473;0;458688;421308;0;75.8;69.6;0.0
37;2021-08-29;11;57;0;458699;421365;0;75.8;69.6;0.0
37;2021-08-30;1043;3735;68;459742;425100;68;75.9;70.2;0.0
37;2021-08-31;1238;3641;123;460980;428741;191;76.1;70.8;0.0
37;2021-09-01;991;2501;196;461971;431242;387;76.3;71.2;0.1
37;2021-09-02;880;2403;288;462851;433645;675;76.5;71.6;0.1
37;2021-09-03;978;3321;390;463829;436966;1065;76.6;72.2;0.2
37;2021-09-04;657;1331;138;464486;438297;1203;76.7;72.4;0.2
37;2021-09-05;7;42;2;464493;438339;1205;76.7;72.4;0.2
37;2021-09-06;376;1133;218;464869;439472;1423;76.8;72.6;0.2
37;2021-09-07;516;1301;232;465385;440773;1655;76.9;72.8;0.3
37;2021-09-08;806;1815;229;466191;442588;1884;77.0;73.1;0.3
37;2021-09-09;543;1298;284;466734;443886;2168;77.1;73.3;0.4
37;2021-09-10;756;1547;310;467490;445433;2478;77.2;73.6;0.4
37;2021-09-11;385;1028;78;467875;446461;2556;77.3;73.7;0.4
37;2021-09-12;16;44;10;467891;446505;2566;77.3;73.8;0.4
37;2021-09-13;436;1077;373;468327;447582;2939;77.4;73.9;0.5
37;2021-09-14;500;1113;495;468827;448695;3434;77.4;74.1;0.6
37;2021-09-15;614;1450;573;469441;450145;4007;77.5;74.4;0.7
37;2021-09-16;360;815;574;469801;450960;4581;77.6;74.5;0.8
37;2021-09-17;594;1426;536;470395;452386;5117;77.7;74.7;0.8
37;2021-09-18;293;869;134;470688;453255;5251;77.8;74.9;0.9
37;2021-09-19;23;55;20;470711;453310;5271;77.8;74.9;0.9
37;2021-09-20;269;667;423;470980;453977;5694;77.8;75.0;0.9
37;2021-09-21;387;1218;915;471367;455195;6609;77.9;75.2;1.1
37;2021-09-22;393;1235;468;471760;456430;7077;77.9;75.4;1.2
37;2021-09-23;407;1009;556;472167;457439;7633;78.0;75.6;1.3
37;2021-09-24;476;1299;545;472643;458738;8178;78.1;75.8;1.4
37;2021-09-25;221;766;103;472864;459504;8281;78.1;75.9;1.4
37;2021-09-26;6;28;2;472870;459532;8283;78.1;75.9;1.4
37;2021-09-27;272;656;385;473142;460188;8668;78.2;76.0;1.4
37;2021-09-28;381;626;467;473523;460814;9135;78.2;76.1;1.5
37;2021-09-29;357;907;570;473880;461721;9705;78.3;76.3;1.6
37;2021-09-30;370;488;691;474250;462209;10396;78.3;76.4;1.7
37;2021-10-01;460;776;637;474710;462985;11033;78.4;76.5;1.8
37;2021-10-02;228;535;190;474938;463520;11223;78.5;76.6;1.9
37;2021-10-03;16;26;1;474954;463546;11224;78.5;76.6;1.9
37;2021-10-04;259;501;418;475213;464047;11642;78.5;76.7;1.9
37;2021-10-05;310;407;660;475523;464454;12302;78.5;76.7;2.0
37;2021-10-06;348;650;570;475871;465104;12872;78.6;76.8;2.1
37;2021-10-07;271;397;666;476142;465501;13538;78.7;76.9;2.2
37;2021-10-08;405;622;690;476547;466123;14228;78.7;77.0;2.4
37;2021-10-09;199;460;182;476746;466583;14410;78.8;77.1;2.4
37;2021-10-10;6;16;2;476752;466599;14412;78.8;77.1;2.4
37;2021-10-11;214;339;483;476966;466938;14895;78.8;77.1;2.5
37;2021-10-12;216;403;675;477182;467341;15570;78.8;77.2;2.6
37;2021-10-13;300;489;601;477482;467830;16171;78.9;77.3;2.7
37;2021-10-14;209;388;723;477691;468218;16894;78.9;77.3;2.8
37;2021-10-15;372;674;902;478063;468892;17796;79.0;77.5;2.9
37;2021-10-16;223;317;183;478286;469209;17979;79.0;77.5;3.0
37;2021-10-17;9;4;1;478295;469213;17980;79.0;77.5;3.0
37;2021-10-18;205;277;491;478500;469490;18471;79.0;77.6;3.1
37;2021-10-19;178;337;851;478678;469827;19322;79.1;77.6;3.2
37;2021-10-20;247;392;898;478925;470219;20220;79.1;77.7;3.3
37;2021-10-21;167;384;840;479092;470603;21060;79.1;77.7;3.5
37;2021-10-22;355;566;1139;479447;471169;22199;79.2;77.8;3.7
37;2021-10-23;127;186;266;479574;471355;22465;79.2;77.9;3.7
37;2021-10-24;7;12;4;479581;471367;22469;79.2;77.9;3.7
37;2021-10-25;180;230;689;479761;471597;23158;79.2;77.9;3.8
37;2021-10-26;163;240;773;479924;471837;23931;79.3;77.9;4.0
37;2021-10-27;221;406;1101;480145;472243;25032;79.3;78.0;4.1
37;2021-10-28;165;195;696;480310;472438;25728;79.3;78.0;4.2
37;2021-10-29;246;392;1171;480556;472830;26899;79.4;78.1;4.4
37;2021-10-30;97;134;282;480653;472964;27181;79.4;78.1;4.5
37;2021-10-31;3;9;1;480656;472973;27182;79.4;78.1;4.5
37;2021-11-01;12;8;10;480668;472981;27192;79.4;78.1;4.5
37;2021-11-02;215;341;1024;480883;473322;28216;79.4;78.2;4.7
37;2021-11-03;195;298;1206;481078;473620;29422;79.5;78.2;4.9
37;2021-11-04;124;199;1113;481202;473819;30535;79.5;78.3;5.0
37;2021-11-05;305;402;1569;481507;474221;32104;79.5;78.3;5.3
37;2021-11-06;120;203;502;481627;474424;32606;79.6;78.4;5.4
37;2021-11-07;0;11;11;481627;474435;32617;79.6;78.4;5.4
37;2021-11-08;141;234;1041;481768;474669;33658;79.6;78.4;5.6
37;2021-11-09;148;274;2418;481916;474943;36076;79.6;78.5;6.0
37;2021-11-10;211;316;1877;482127;475259;37953;79.6;78.5;6.3
37;2021-11-11;13;12;66;482140;475271;38019;79.6;78.5;6.3
37;2021-11-12;222;428;1844;482362;475699;39863;79.7;78.6;6.6
37;2021-11-13;61;124;501;482423;475823;40364;79.7;78.6;6.7
37;2021-11-14;4;11;5;482427;475834;40369;79.7;78.6;6.7
37;2021-11-15;105;206;1750;482532;476040;42119;79.7;78.6;7.0
37;2021-11-16;208;216;2705;482740;476256;44824;79.7;78.7;7.4
37;2021-11-17;240;256;2240;482980;476512;47064;79.8;78.7;7.8
37;2021-11-18;158;179;2095;483138;476691;49159;79.8;78.7;8.1
37;2021-11-19;303;352;3335;483441;477043;52494;79.9;78.8;8.7
37;2021-11-20;153;164;857;483594;477207;53351;79.9;78.8;8.8
37;2021-11-21;0;7;11;483594;477214;53362;79.9;78.8;8.8
37;2021-11-22;144;90;1567;483738;477304;54929;79.9;78.8;9.1
37;2021-11-23;209;187;2725;483947;477491;57654;79.9;78.9;9.5
37;2021-11-24;265;227;2294;484212;477718;59948;80.0;78.9;9.9
37;2021-11-25;138;155;2621;484350;477873;62569;80.0;78.9;10.3
37;2021-11-26;286;348;4639;484636;478221;67208;80.1;79.0;11.1
37;2021-11-27;123;142;1408;484759;478363;68616;80.1;79.0;11.3
37;2021-11-28;3;16;72;484762;478379;68688;80.1;79.0;11.3
37;2021-11-29;83;157;2937;484845;478536;71625;80.1;79.0;11.8
37;2021-11-30;191;158;4724;485036;478694;76349;80.1;79.1;12.6
37;2021-12-01;172;215;4835;485208;478909;81184;80.1;79.1;13.4
37;2021-12-02;109;118;5999;485317;479027;87183;80.2;79.1;14.4
37;2021-12-03;211;238;7421;485528;479265;94604;80.2;79.2;15.6
37;2021-12-04;68;90;3009;485596;479355;97613;80.2;79.2;16.1
37;2021-12-05;7;10;151;485603;479365;97764;80.2;79.2;16.1
37;2021-12-06;110;136;5094;485713;479501;102858;80.2;79.2;17.0
37;2021-12-07;152;211;7019;485865;479712;109877;80.3;79.2;18.2
37;2021-12-08;113;221;5774;485978;479933;115651;80.3;79.3;19.1
37;2021-12-09;146;166;7396;486124;480099;123047;80.3;79.3;20.3
37;2021-12-10;146;324;8487;486270;480423;131534;80.3;79.4;21.7
37;2021-12-11;91;141;4054;486361;480564;135588;80.3;79.4;22.4
37;2021-12-12;12;9;370;486373;480573;135958;80.3;79.4;22.5
37;2021-12-13;99;180;5634;486472;480753;141592;80.4;79.4;23.4
37;2021-12-14;199;251;8974;486671;481004;150566;80.4;79.5;24.9
37;2021-12-15;154;284;7149;486825;481288;157715;80.4;79.5;26.1
37;2021-12-16;195;207;8362;487020;481495;166077;80.4;79.5;27.4
37;2021-12-17;220;339;9340;487240;481834;175417;80.5;79.6;29.0
37;2021-12-18;135;129;4227;487375;481963;179644;80.5;79.6;29.7
37;2021-12-19;24;18;809;487399;481981;180453;80.5;79.6;29.8
37;2021-12-20;169;176;5848;487568;482157;186301;80.5;79.6;30.8
37;2021-12-21;261;241;7993;487829;482398;194294;80.6;79.7;32.1
37;2021-12-22;228;198;6286;488057;482596;200580;80.6;79.7;33.1
37;2021-12-23;174;149;5294;488231;482745;205874;80.6;79.7;34.0
37;2021-12-24;73;56;1411;488304;482801;207285;80.7;79.8;34.2
37;2021-12-25;0;5;47;488304;482806;207332;80.7;79.8;34.2
37;2021-12-26;4;5;135;488308;482811;207467;80.7;79.8;34.3
38;2020-12-27;1;0;0;1;0;0;0.0;0.0;0.0
38;2020-12-28;0;0;0;1;0;0;0.0;0.0;0.0
38;2020-12-29;0;0;0;1;0;0;0.0;0.0;0.0
38;2020-12-30;0;0;0;1;0;0;0.0;0.0;0.0
38;2020-12-31;5;0;0;6;0;0;0.0;0.0;0.0
38;2021-01-01;2;0;0;8;0;0;0.0;0.0;0.0
38;2021-01-02;0;0;0;8;0;0;0.0;0.0;0.0
38;2021-01-03;1;1;0;9;1;0;0.0;0.0;0.0
38;2021-01-04;156;0;0;165;1;0;0.0;0.0;0.0
38;2021-01-05;263;1;0;428;2;0;0.0;0.0;0.0
38;2021-01-06;384;0;0;812;2;0;0.1;0.0;0.0
38;2021-01-07;677;1;0;1489;3;0;0.1;0.0;0.0
38;2021-01-08;716;0;0;2205;3;0;0.2;0.0;0.0
38;2021-01-09;39;0;0;2244;3;0;0.2;0.0;0.0
38;2021-01-10;1;0;0;2245;3;0;0.2;0.0;0.0
38;2021-01-11;849;3;0;3094;6;0;0.2;0.0;0.0
38;2021-01-12;1498;4;0;4592;10;0;0.4;0.0;0.0
38;2021-01-13;1154;8;0;5746;18;0;0.5;0.0;0.0
38;2021-01-14;1723;16;0;7469;34;0;0.6;0.0;0.0
38;2021-01-15;1687;9;0;9156;43;0;0.7;0.0;0.0
38;2021-01-16;319;2;0;9475;45;0;0.7;0.0;0.0
38;2021-01-17;10;0;0;9485;45;0;0.7;0.0;0.0
38;2021-01-18;1228;7;0;10713;52;0;0.8;0.0;0.0
38;2021-01-19;2310;9;0;13023;61;0;1.0;0.0;0.0
38;2021-01-20;2044;11;0;15067;72;0;1.2;0.0;0.0
38;2021-01-21;1776;15;0;16843;87;0;1.3;0.0;0.0
38;2021-01-22;1492;9;0;18335;96;0;1.4;0.0;0.0
38;2021-01-23;487;4;0;18822;100;0;1.5;0.0;0.0
38;2021-01-24;11;0;0;18833;100;0;1.5;0.0;0.0
38;2021-01-25;906;102;0;19739;202;0;1.6;0.0;0.0
38;2021-01-26;993;181;0;20732;383;0;1.6;0.0;0.0
38;2021-01-27;1255;277;0;21987;660;0;1.7;0.1;0.0
38;2021-01-28;1388;484;0;23375;1144;0;1.8;0.1;0.0
38;2021-01-29;1070;380;0;24445;1524;0;1.9;0.1;0.0
38;2021-01-30;383;1;0;24828;1525;0;2.0;0.1;0.0
38;2021-01-31;12;0;0;24840;1525;0;2.0;0.1;0.0
38;2021-02-01;775;592;0;25615;2117;0;2.0;0.2;0.0
38;2021-02-02;1101;959;0;26716;3076;0;2.1;0.2;0.0
38;2021-02-03;1276;725;0;27992;3801;0;2.2;0.3;0.0
38;2021-02-04;1378;999;0;29370;4800;0;2.3;0.4;0.0
38;2021-02-05;1453;867;0;30823;5667;0;2.4;0.4;0.0
38;2021-02-06;251;97;0;31074;5764;0;2.5;0.5;0.0
38;2021-02-07;6;50;0;31080;5814;0;2.5;0.5;0.0
38;2021-02-08;917;886;0;31997;6700;0;2.5;0.5;0.0
38;2021-02-09;1652;1395;0;33649;8095;0;2.7;0.6;0.0
38;2021-02-10;1681;1362;0;35330;9457;0;2.8;0.7;0.0
38;2021-02-11;1905;1243;0;37235;10700;0;2.9;0.8;0.0
38;2021-02-12;1591;1185;0;38826;11885;0;3.1;0.9;0.0
38;2021-02-13;503;221;0;39329;12106;0;3.1;1.0;0.0
38;2021-02-14;7;12;0;39336;12118;0;3.1;1.0;0.0
38;2021-02-15;1021;991;0;40357;13109;0;3.2;1.0;0.0
38;2021-02-16;1386;1073;0;41743;14182;0;3.3;1.1;0.0
38;2021-02-17;1373;1203;0;43116;15385;0;3.4;1.2;0.0
38;2021-02-18;1777;1221;0;44893;16606;0;3.5;1.3;0.0
38;2021-02-19;1272;979;0;46165;17585;0;3.6;1.4;0.0
38;2021-02-20;485;383;0;46650;17968;0;3.7;1.4;0.0
38;2021-02-21;3;8;0;46653;17976;0;3.7;1.4;0.0
38;2021-02-22;1104;994;0;47757;18970;0;3.8;1.5;0.0
38;2021-02-23;1550;1088;0;49307;20058;0;3.9;1.6;0.0
38;2021-02-24;1718;1262;0;51025;21320;0;4.0;1.7;0.0
38;2021-02-25;2573;1205;0;53598;22525;0;4.2;1.8;0.0
38;2021-02-26;3392;1105;0;56990;23630;0;4.5;1.9;0.0
38;2021-02-27;1532;506;0;58522;24136;0;4.6;1.9;0.0
38;2021-02-28;28;15;0;58550;24151;0;4.6;1.9;0.0
38;2021-03-01;2472;873;0;61022;25024;0;4.8;2.0;0.0
38;2021-03-02;4030;1204;0;65052;26228;0;5.1;2.1;0.0
38;2021-03-03;3375;1366;0;68427;27594;0;5.4;2.2;0.0
38;2021-03-04;4534;1463;0;72961;29057;0;5.8;2.3;0.0
38;2021-03-05;5300;1320;0;78261;30377;0;6.2;2.4;0.0
38;2021-03-06;3177;297;0;81438;30674;0;6.4;2.4;0.0
38;2021-03-07;309;34;0;81747;30708;0;6.5;2.4;0.0
38;2021-03-08;2464;933;0;84211;31641;0;6.7;2.5;0.0
38;2021-03-09;4061;1370;0;88272;33011;0;7.0;2.6;0.0
38;2021-03-10;3602;1162;0;91874;34173;0;7.3;2.7;0.0
38;2021-03-11;5199;1642;0;97073;35815;0;7.7;2.8;0.0
38;2021-03-12;7278;1265;0;104351;37080;0;8.2;2.9;0.0
38;2021-03-13;3906;266;0;108257;37346;0;8.6;3.0;0.0
38;2021-03-14;617;22;0;108874;37368;0;8.6;3.0;0.0
38;2021-03-15;2783;1033;0;111657;38401;0;8.8;3.0;0.0
38;2021-03-16;2207;1385;0;113864;39786;0;9.0;3.1;0.0
38;2021-03-17;2127;1212;0;115991;40998;0;9.2;3.2;0.0
38;2021-03-18;2900;1405;0;118891;42403;0;9.4;3.4;0.0
38;2021-03-19;4269;1148;0;123160;43551;0;9.7;3.4;0.0
38;2021-03-20;1987;259;0;125147;43810;0;9.9;3.5;0.0
38;2021-03-21;248;21;0;125395;43831;0;9.9;3.5;0.0
38;2021-03-22;3076;995;0;128471;44826;0;10.2;3.5;0.0
38;2021-03-23;5035;1521;0;133506;46347;0;10.6;3.7;0.0
38;2021-03-24;3963;1588;0;137469;47935;0;10.9;3.8;0.0
38;2021-03-25;6153;1574;0;143622;49509;0;11.4;3.9;0.0
38;2021-03-26;6874;1763;0;150496;51272;0;11.9;4.1;0.0
38;2021-03-27;2660;778;0;153156;52050;0;12.1;4.1;0.0
38;2021-03-28;1025;46;0;154181;52096;0;12.2;4.1;0.0
38;2021-03-29;2907;1856;0;157088;53952;0;12.4;4.3;0.0
38;2021-03-30;4857;2577;0;161945;56529;0;12.8;4.5;0.0
38;2021-03-31;3971;2287;0;165916;58816;0;13.1;4.6;0.0
38;2021-04-01;5492;2607;0;171408;61423;0;13.6;4.9;0.0
38;2021-04-02;4265;2576;0;175673;63999;0;13.9;5.1;0.0
38;2021-04-03;1723;1088;0;177396;65087;0;14.0;5.1;0.0
38;2021-04-04;818;105;0;178214;65192;0;14.1;5.2;0.0
38;2021-04-05;2530;379;0;180744;65571;0;14.3;5.2;0.0
38;2021-04-06;4584;2475;0;185328;68046;0;14.7;5.4;0.0
38;2021-04-07;4618;2868;0;189946;70914;0;15.0;5.6;0.0
38;2021-04-08;5892;2788;0;195838;73702;0;15.5;5.8;0.0
38;2021-04-09;8650;2767;0;204488;76469;0;16.2;6.0;0.0
38;2021-04-10;3632;1609;0;208120;78078;0;16.5;6.2;0.0
38;2021-04-11;1128;199;0;209248;78277;0;16.5;6.2;0.0
38;2021-04-12;4333;2362;0;213581;80639;0;16.9;6.4;0.0
38;2021-04-13;6325;2617;0;219906;83256;0;17.4;6.6;0.0
38;2021-04-14;5354;2643;0;225260;85899;0;17.8;6.8;0.0
38;2021-04-15;6640;3079;0;231900;88978;0;18.3;7.0;0.0
38;2021-04-16;6387;2953;0;238287;91931;0;18.8;7.3;0.0
38;2021-04-17;2855;1133;0;241142;93064;0;19.1;7.4;0.0
38;2021-04-18;1438;159;0;242580;93223;0;19.2;7.4;0.0
38;2021-04-19;4324;3027;0;246904;96250;0;19.5;7.6;0.0
38;2021-04-20;5542;3157;0;252446;99407;0;20.0;7.9;0.0
38;2021-04-21;5139;3011;0;257585;102418;0;20.4;8.1;0.0
38;2021-04-22;5898;3086;0;263483;105504;0;20.8;8.3;0.0
38;2021-04-23;6264;3100;0;269747;108604;0;21.3;8.6;0.0
38;2021-04-24;2993;1502;0;272740;110106;0;21.6;8.7;0.0
38;2021-04-25;889;674;0;273629;110780;0;21.6;8.8;0.0
38;2021-04-26;4553;2677;0;278182;113457;0;22.0;9.0;0.0
38;2021-04-27;6068;3021;0;284250;116478;0;22.5;9.2;0.0
38;2021-04-28;6200;2801;0;290450;119279;0;23.0;9.4;0.0
38;2021-04-29;8241;3370;0;298691;122649;0;23.6;9.7;0.0
38;2021-04-30;7599;4240;0;306290;126889;0;24.2;10.0;0.0
38;2021-05-01;1981;276;0;308271;127165;0;24.4;10.1;0.0
38;2021-05-02;966;485;0;309237;127650;0;24.4;10.1;0.0
38;2021-05-03;5328;3995;0;314565;131645;0;24.9;10.4;0.0
38;2021-05-04;6305;5527;0;320870;137172;0;25.4;10.8;0.0
38;2021-05-05;6523;4789;0;327393;141961;0;25.9;11.2;0.0
38;2021-05-06;7284;5499;0;334677;147460;0;26.5;11.7;0.0
38;2021-05-07;7761;6597;0;342438;154057;0;27.1;12.2;0.0
38;2021-05-08;3913;837;0;346351;154894;0;27.4;12.2;0.0
38;2021-05-09;3271;2038;0;349622;156932;0;27.6;12.4;0.0
38;2021-05-10;6231;5494;0;355853;162426;0;28.1;12.8;0.0
38;2021-05-11;8535;6231;0;364388;168657;0;28.8;13.3;0.0
38;2021-05-12;9730;4936;0;374118;173593;0;29.6;13.7;0.0
38;2021-05-13;7588;1569;0;381706;175162;0;30.2;13.8;0.0
38;2021-05-14;10265;3652;0;391971;178814;0;31.0;14.1;0.0
38;2021-05-15;7410;1582;0;399381;180396;0;31.6;14.3;0.0
38;2021-05-16;6081;706;0;405462;181102;0;32.1;14.3;0.0
38;2021-05-17;8045;3227;0;413507;184329;0;32.7;14.6;0.0
38;2021-05-18;9363;4210;0;422870;188539;0;33.4;14.9;0.0
38;2021-05-19;8855;3576;0;431725;192115;0;34.1;15.2;0.0
38;2021-05-20;9456;4672;0;441181;196787;0;34.9;15.6;0.0
38;2021-05-21;10138;4733;0;451319;201520;0;35.7;15.9;0.0
38;2021-05-22;7497;1985;0;458816;203505;0;36.3;16.1;0.0
38;2021-05-23;5219;620;0;464035;204125;0;36.7;16.1;0.0
38;2021-05-24;7648;1672;0;471683;205797;0;37.3;16.3;0.0
38;2021-05-25;9393;5000;0;481076;210797;0;38.0;16.7;0.0
38;2021-05-26;8188;4989;0;489264;215786;0;38.7;17.1;0.0
38;2021-05-27;9350;5788;0;498614;221574;0;39.4;17.5;0.0
38;2021-05-28;9022;6728;0;507636;228302;0;40.1;18.0;0.0
38;2021-05-29;6012;3635;0;513648;231937;0;40.6;18.3;0.0
38;2021-05-30;2753;1743;0;516401;233680;0;40.8;18.5;0.0
38;2021-05-31;8076;5360;0;524477;239040;0;41.5;18.9;0.0
38;2021-06-01;7897;6558;0;532374;245598;0;42.1;19.4;0.0
38;2021-06-02;7325;5912;0;539699;251510;0;42.7;19.9;0.0
38;2021-06-03;7815;6967;0;547514;258477;0;43.3;20.4;0.0
38;2021-06-04;8383;7678;0;555897;266155;0;43.9;21.0;0.0
38;2021-06-05;6123;4169;0;562020;270324;0;44.4;21.4;0.0
38;2021-06-06;2763;1512;0;564783;271836;0;44.6;21.5;0.0
38;2021-06-07;5886;6980;0;570669;278816;0;45.1;22.0;0.0
38;2021-06-08;6347;7626;0;577016;286442;0;45.6;22.6;0.0
38;2021-06-09;5478;6555;0;582494;292997;0;46.0;23.2;0.0
38;2021-06-10;5837;6862;0;588331;299859;0;46.5;23.7;0.0
38;2021-06-11;6295;7927;0;594626;307786;0;47.0;24.3;0.0
38;2021-06-12;4294;3423;0;598920;311209;0;47.3;24.6;0.0
38;2021-06-13;1259;1358;0;600179;312567;0;47.4;24.7;0.0
38;2021-06-14;3894;7867;0;604073;320434;0;47.8;25.3;0.0
38;2021-06-15;5359;8406;0;609432;328840;0;48.2;26.0;0.0
38;2021-06-16;5302;7861;0;614734;336701;0;48.6;26.6;0.0
38;2021-06-17;4758;7564;0;619492;344265;0;49.0;27.2;0.0
38;2021-06-18;6202;9801;0;625694;354066;0;49.5;28.0;0.0
38;2021-06-19;3777;5644;0;629471;359710;0;49.8;28.4;0.0
38;2021-06-20;1194;2974;0;630665;362684;0;49.9;28.7;0.0
38;2021-06-21;3819;9027;0;634484;371711;0;50.2;29.4;0.0
38;2021-06-22;3739;10682;0;638223;382393;0;50.5;30.2;0.0
38;2021-06-23;3312;10180;0;641535;392573;0;50.7;31.0;0.0
38;2021-06-24;3552;9338;0;645087;401911;0;51.0;31.8;0.0
38;2021-06-25;3939;12009;0;649026;413920;0;51.3;32.7;0.0
38;2021-06-26;2284;8322;0;651310;422242;0;51.5;33.4;0.0
38;2021-06-27;1178;4715;0;652488;426957;0;51.6;33.8;0.0
38;2021-06-28;2706;10764;0;655194;437721;0;51.8;34.6;0.0
38;2021-06-29;3561;11124;0;658755;448845;0;52.1;35.5;0.0
38;2021-06-30;3890;10510;0;662645;459355;0;52.4;36.3;0.0
38;2021-07-01;3859;9260;0;666504;468615;0;52.7;37.0;0.0
38;2021-07-02;3955;11900;0;670459;480515;0;53.0;38.0;0.0
38;2021-07-03;2014;8763;0;672473;489278;0;53.2;38.7;0.0
38;2021-07-04;1320;3359;0;673793;492637;0;53.3;38.9;0.0
38;2021-07-05;3026;10698;0;676819;503335;0;53.5;39.8;0.0
38;2021-07-06;3535;10432;0;680354;513767;0;53.8;40.6;0.0
38;2021-07-07;3784;9666;0;684138;523433;0;54.1;41.4;0.0
38;2021-07-08;3738;8561;0;687876;531994;0;54.4;42.1;0.0
38;2021-07-09;4280;11000;0;692156;542994;0;54.7;42.9;0.0
38;2021-07-10;2559;8109;0;694715;551103;0;54.9;43.6;0.0
38;2021-07-11;1044;2280;0;695759;553383;0;55.0;43.7;0.0
38;2021-07-12;3588;10777;0;699347;564160;0;55.3;44.6;0.0
38;2021-07-13;6724;11269;0;706071;575429;0;55.8;45.5;0.0
38;2021-07-14;4621;3402;0;710692;578831;0;56.2;45.8;0.0
38;2021-07-15;8857;10194;0;719549;589025;0;56.9;46.6;0.0
38;2021-07-16;9153;10985;0;728702;600010;0;57.6;47.4;0.0
38;2021-07-17;5192;7741;0;733894;607751;0;58.0;48.0;0.0
38;2021-07-18;2794;2750;0;736688;610501;0;58.2;48.3;0.0
38;2021-07-19;6318;9420;0;743006;619921;0;58.7;49.0;0.0
38;2021-07-20;6827;8787;0;749833;628708;0;59.3;49.7;0.0
38;2021-07-21;8412;8531;0;758245;637239;0;59.9;50.4;0.0
38;2021-07-22;8236;7439;0;766481;644678;0;60.6;51.0;0.0
38;2021-07-23;9410;9372;0;775891;654050;0;61.3;51.7;0.0
38;2021-07-24;5933;5811;0;781824;659861;0;61.8;52.2;0.0
38;2021-07-25;2807;1894;0;784631;661755;0;62.0;52.3;0.0
38;2021-07-26;8086;7308;0;792717;669063;0;62.7;52.9;0.0
38;2021-07-27;8237;6474;0;800954;675537;0;63.3;53.4;0.0
38;2021-07-28;9141;5927;0;810095;681464;0;64.0;53.9;0.0
38;2021-07-29;8344;5151;0;818439;686615;0;64.7;54.3;0.0
38;2021-07-30;8246;6919;0;826685;693534;0;65.4;54.8;0.0
38;2021-07-31;4969;3885;0;831654;697419;0;65.7;55.1;0.0
38;2021-08-01;1565;1370;0;833219;698789;0;65.9;55.2;0.0
38;2021-08-02;5174;4870;0;838393;703659;0;66.3;55.6;0.0
38;2021-08-03;5473;5086;0;843866;708745;0;66.7;56.0;0.0
38;2021-08-04;5417;4715;0;849283;713460;0;67.1;56.4;0.0
38;2021-08-05;4408;4940;0;853691;718400;0;67.5;56.8;0.0
38;2021-08-06;4612;6369;0;858303;724769;0;67.9;57.3;0.0
38;2021-08-07;2847;3955;0;861150;728724;0;68.1;57.6;0.0
38;2021-08-08;966;2085;0;862116;730809;0;68.2;57.8;0.0
38;2021-08-09;3912;6227;0;866028;737036;0;68.5;58.3;0.0
38;2021-08-10;5008;6529;0;871036;743565;0;68.9;58.8;0.0
38;2021-08-11;4044;5399;0;875080;748964;0;69.2;59.2;0.0
38;2021-08-12;3697;5288;0;878777;754252;0;69.5;59.6;0.0
38;2021-08-13;4228;6440;0;883005;760692;0;69.8;60.1;0.0
38;2021-08-14;2078;4423;0;885083;765115;0;70.0;60.5;0.0
38;2021-08-15;547;1803;0;885630;766918;0;70.0;60.6;0.0
38;2021-08-16;3030;8259;0;888660;775177;0;70.3;61.3;0.0
38;2021-08-17;3434;6428;0;892094;781605;0;70.5;61.8;0.0
38;2021-08-18;3020;7607;0;895114;789212;0;70.8;62.4;0.0
38;2021-08-19;2788;5390;0;897902;794602;0;71.0;62.8;0.0
38;2021-08-20;2997;8537;0;900899;803139;0;71.2;63.5;0.0
38;2021-08-21;1261;5221;0;902160;808360;0;71.3;63.9;0.0
38;2021-08-22;518;1586;0;902678;809946;0;71.4;64.0;0.0
38;2021-08-23;2613;8034;0;905291;817980;0;71.6;64.7;0.0
38;2021-08-24;2767;6048;0;908058;824028;0;71.8;65.1;0.0
38;2021-08-25;2612;6462;0;910670;830490;0;72.0;65.7;0.0
38;2021-08-26;2332;4848;0;913002;835338;0;72.2;66.0;0.0
38;2021-08-27;2627;6578;0;915629;841916;0;72.4;66.6;0.0
38;2021-08-28;1436;4257;0;917065;846173;0;72.5;66.9;0.0
38;2021-08-29;428;1446;0;917493;847619;0;72.5;67.0;0.0
38;2021-08-30;2326;6108;109;919819;853727;109;72.7;67.5;0.0
38;2021-08-31;2339;5041;163;922158;858768;272;72.9;67.9;0.0
38;2021-09-01;2532;4381;362;924690;863149;634;73.1;68.2;0.1
38;2021-09-02;1793;3433;416;926483;866582;1050;73.2;68.5;0.1
38;2021-09-03;2050;4972;512;928533;871554;1562;73.4;68.9;0.1
38;2021-09-04;1241;3195;185;929774;874749;1747;73.5;69.2;0.1
38;2021-09-05;393;786;66;930167;875535;1813;73.5;69.2;0.1
38;2021-09-06;1261;3036;494;931428;878571;2307;73.6;69.5;0.2
38;2021-09-07;1360;2996;607;932788;881567;2914;73.7;69.7;0.2
38;2021-09-08;1803;3380;460;934591;884947;3374;73.9;70.0;0.3
38;2021-09-09;1136;2183;426;935727;887130;3800;74.0;70.1;0.3
38;2021-09-10;1649;3363;697;937376;890493;4497;74.1;70.4;0.4
38;2021-09-11;1099;2433;142;938475;892926;4639;74.2;70.6;0.4
38;2021-09-12;217;555;27;938692;893481;4666;74.2;70.6;0.4
38;2021-09-13;963;2275;759;939655;895756;5425;74.3;70.8;0.4
38;2021-09-14;1003;2124;898;940658;897880;6323;74.4;71.0;0.5
38;2021-09-15;1333;2809;808;941991;900689;7131;74.5;71.2;0.6
38;2021-09-16;764;1683;769;942755;902372;7900;74.5;71.3;0.6
38;2021-09-17;938;2636;792;943693;905008;8692;74.6;71.5;0.7
38;2021-09-18;763;2287;200;944456;907295;8892;74.7;71.7;0.7
38;2021-09-19;116;418;30;944572;907713;8922;74.7;71.8;0.7
38;2021-09-20;610;1741;989;945182;909454;9911;74.7;71.9;0.8
38;2021-09-21;527;1520;1061;945709;910974;10972;74.8;72.0;0.9
38;2021-09-22;729;2713;876;946438;913687;11848;74.8;72.2;0.9
38;2021-09-23;478;1462;1005;946916;915149;12853;74.9;72.3;1.0
38;2021-09-24;777;2281;1007;947693;917430;13860;74.9;72.5;1.1
38;2021-09-25;517;1932;205;948210;919362;14065;75.0;72.7;1.1
38;2021-09-26;100;392;22;948310;919754;14087;75.0;72.7;1.1
38;2021-09-27;432;1223;795;948742;920977;14882;75.0;72.8;1.2
38;2021-09-28;535;1204;972;949277;922181;15854;75.0;72.9;1.3
38;2021-09-29;687;1984;1101;949964;924165;16955;75.1;73.1;1.3
38;2021-09-30;459;912;945;950423;925077;17900;75.1;73.1;1.4
38;2021-10-01;877;1556;1047;951300;926633;18947;75.2;73.3;1.5
38;2021-10-02;520;1232;310;951820;927865;19257;75.2;73.4;1.5
38;2021-10-03;83;208;19;951903;928073;19276;75.3;73.4;1.5
38;2021-10-04;585;1011;1234;952488;929084;20510;75.3;73.4;1.6
38;2021-10-05;463;953;1293;952951;930037;21803;75.3;73.5;1.7
38;2021-10-06;663;1363;1217;953614;931400;23020;75.4;73.6;1.8
38;2021-10-07;435;873;1175;954049;932273;24195;75.4;73.7;1.9
38;2021-10-08;747;1365;1557;954796;933638;25752;75.5;73.8;2.0
38;2021-10-09;513;890;365;955309;934528;26117;75.5;73.9;2.1
38;2021-10-10;43;118;61;955352;934646;26178;75.5;73.9;2.1
38;2021-10-11;382;845;1357;955734;935491;27535;75.6;74.0;2.2
38;2021-10-12;495;698;1306;956229;936189;28841;75.6;74.0;2.3
38;2021-10-13;580;1045;1720;956809;937234;30561;75.6;74.1;2.4
38;2021-10-14;409;617;1533;957218;937851;32094;75.7;74.1;2.5
38;2021-10-15;622;1105;1960;957840;938956;34054;75.7;74.2;2.7
38;2021-10-16;447;688;436;958287;939644;34490;75.8;74.3;2.7
38;2021-10-17;12;46;13;958299;939690;34503;75.8;74.3;2.7
38;2021-10-18;408;597;1331;958707;940287;35834;75.8;74.3;2.8
38;2021-10-19;232;520;1606;958939;940807;37440;75.8;74.4;3.0
38;2021-10-20;368;710;1997;959307;941517;39437;75.8;74.4;3.1
38;2021-10-21;189;387;1375;959496;941904;40812;75.9;74.5;3.2
38;2021-10-22;365;773;2234;959861;942677;43046;75.9;74.5;3.4
38;2021-10-23;257;554;599;960118;943231;43645;75.9;74.6;3.5
38;2021-10-24;29;86;64;960147;943317;43709;75.9;74.6;3.5
38;2021-10-25;253;495;1699;960400;943812;45408;75.9;74.6;3.6
38;2021-10-26;213;402;1890;960613;944214;47298;75.9;74.6;3.7
38;2021-10-27;274;624;2047;960887;944838;49345;76.0;74.7;3.9
38;2021-10-28;200;387;1686;961087;945225;51031;76.0;74.7;4.0
38;2021-10-29;279;712;2265;961366;945937;53296;76.0;74.8;4.2
38;2021-10-30;128;444;709;961494;946381;54005;76.0;74.8;4.3
38;2021-10-31;10;27;18;961504;946408;54023;76.0;74.8;4.3
38;2021-11-01;73;46;43;961577;946454;54066;76.0;74.8;4.3
38;2021-11-02;278;567;2041;961855;947021;56107;76.0;74.9;4.4
38;2021-11-03;259;503;2554;962114;947524;58661;76.1;74.9;4.6
38;2021-11-04;234;410;2009;962348;947934;60670;76.1;74.9;4.8
38;2021-11-05;303;569;2761;962651;948503;63431;76.1;75.0;5.0
38;2021-11-06;210;439;1029;962861;948942;64460;76.1;75.0;5.1
38;2021-11-07;6;14;53;962867;948956;64513;76.1;75.0;5.1
38;2021-11-08;173;359;2298;963040;949315;66811;76.1;75.0;5.3
38;2021-11-09;207;419;3437;963247;949734;70248;76.1;75.1;5.6
38;2021-11-10;324;558;4044;963571;950292;74292;76.2;75.1;5.9
38;2021-11-11;15;48;120;963586;950340;74412;76.2;75.1;5.9
38;2021-11-12;292;440;3810;963878;950780;78222;76.2;75.2;6.2
38;2021-11-13;204;254;1193;964082;951034;79415;76.2;75.2;6.3
38;2021-11-14;9;18;78;964091;951052;79493;76.2;75.2;6.3
38;2021-11-15;163;274;3068;964254;951326;82561;76.2;75.2;6.5
38;2021-11-16;176;285;3942;964430;951611;86503;76.2;75.2;6.8
38;2021-11-17;325;396;3941;964755;952007;90444;76.3;75.3;7.1
38;2021-11-18;214;302;3373;964969;952309;93817;76.3;75.3;7.4
38;2021-11-19;262;386;4951;965231;952695;98768;76.3;75.3;7.8
38;2021-11-20;216;308;1495;965447;953003;100263;76.3;75.3;7.9
38;2021-11-21;15;24;183;965462;953027;100446;76.3;75.3;7.9
38;2021-11-22;193;171;3340;965655;953198;103786;76.3;75.4;8.2
38;2021-11-23;230;238;4569;965885;953436;108355;76.4;75.4;8.6
38;2021-11-24;307;425;4675;966192;953861;113030;76.4;75.4;8.9
38;2021-11-25;211;243;5032;966403;954104;118062;76.4;75.4;9.3
38;2021-11-26;278;352;7720;966681;954456;125782;76.4;75.5;9.9
38;2021-11-27;273;277;3862;966954;954733;129644;76.4;75.5;10.2
38;2021-11-28;15;25;309;966969;954758;129953;76.4;75.5;10.3
38;2021-11-29;140;201;6585;967109;954959;136538;76.5;75.5;10.8
38;2021-11-30;196;272;9357;967305;955231;145895;76.5;75.5;11.5
38;2021-12-01;226;380;8893;967531;955611;154788;76.5;75.5;12.2
38;2021-12-02;165;210;9829;967696;955821;164617;76.5;75.6;13.0
38;2021-12-03;210;399;11536;967906;956220;176153;76.5;75.6;13.9
38;2021-12-04;166;258;5958;968072;956478;182111;76.5;75.6;14.4
38;2021-12-05;50;50;2044;968122;956528;184155;76.5;75.6;14.6
38;2021-12-06;135;223;9512;968257;956751;193667;76.5;75.6;15.3
38;2021-12-07;178;263;12084;968435;957014;205751;76.6;75.7;16.3
38;2021-12-08;272;386;10674;968707;957400;216425;76.6;75.7;17.1
38;2021-12-09;165;275;12432;968872;957675;228857;76.6;75.7;18.1
38;2021-12-10;261;360;15089;969133;958035;243946;76.6;75.7;19.3
38;2021-12-11;231;330;9952;969364;958365;253898;76.6;75.8;20.1
38;2021-12-12;58;50;4010;969422;958415;257908;76.6;75.8;20.4
38;2021-12-13;191;256;13140;969613;958671;271048;76.7;75.8;21.4
38;2021-12-14;260;286;16281;969873;958957;287329;76.7;75.8;22.7
38;2021-12-15;273;362;15057;970146;959319;302386;76.7;75.8;23.9
38;2021-12-16;300;329;16064;970446;959648;318450;76.7;75.9;25.2
38;2021-12-17;324;361;16976;970770;960009;335426;76.7;75.9;26.5
38;2021-12-18;267;348;10851;971037;960357;346277;76.8;75.9;27.4
38;2021-12-19;108;66;4398;971145;960423;350675;76.8;75.9;27.7
38;2021-12-20;296;326;13758;971441;960749;364433;76.8;75.9;28.8
38;2021-12-21;382;353;14447;971823;961102;378880;76.8;76.0;30.0
38;2021-12-22;356;332;12467;972179;961434;391347;76.9;76.0;30.9
38;2021-12-23;342;266;10036;972521;961700;401383;76.9;76.0;31.7
38;2021-12-24;81;93;2526;972602;961793;403909;76.9;76.0;31.9
38;2021-12-25;3;24;164;972605;961817;404073;76.9;76.0;31.9
38;2021-12-26;17;25;524;972622;961842;404597;76.9;76.0;32.0
39;2020-12-27;0;0;0;0;0;0;0.0;0.0;0.0
39;2020-12-28;0;0;0;0;0;0;0.0;0.0;0.0
39;2020-12-29;0;0;0;0;0;0;0.0;0.0;0.0
39;2020-12-30;0;0;0;0;0;0;0.0;0.0;0.0
39;2020-12-31;0;0;0;0;0;0;0.0;0.0;0.0
39;2021-01-01;1;0;0;1;0;0;0.0;0.0;0.0
39;2021-01-02;0;0;0;1;0;0;0.0;0.0;0.0
39;2021-01-03;0;0;0;1;0;0;0.0;0.0;0.0
39;2021-01-04;2;0;0;3;0;0;0.0;0.0;0.0
39;2021-01-05;3;0;0;6;0;0;0.0;0.0;0.0
39;2021-01-06;48;3;0;54;3;0;0.0;0.0;0.0
39;2021-01-07;332;2;0;386;5;0;0.1;0.0;0.0
39;2021-01-08;611;2;0;997;7;0;0.4;0.0;0.0
39;2021-01-09;170;0;0;1167;7;0;0.5;0.0;0.0
39;2021-01-10;1;0;0;1168;7;0;0.5;0.0;0.0
39;2021-01-11;448;1;0;1616;8;0;0.6;0.0;0.0
39;2021-01-12;433;1;0;2049;9;0;0.8;0.0;0.0
39;2021-01-13;409;2;0;2458;11;0;1.0;0.0;0.0
39;2021-01-14;571;3;0;3029;14;0;1.2;0.0;0.0
39;2021-01-15;454;2;0;3483;16;0;1.4;0.0;0.0
39;2021-01-16;138;0;0;3621;16;0;1.4;0.0;0.0
39;2021-01-17;4;1;0;3625;17;0;1.4;0.0;0.0
39;2021-01-18;894;7;0;4519;24;0;1.8;0.0;0.0
39;2021-01-19;1127;9;0;5646;33;0;2.2;0.0;0.0
39;2021-01-20;885;5;0;6531;38;0;2.5;0.0;0.0
39;2021-01-21;1176;3;0;7707;41;0;3.0;0.0;0.0
39;2021-01-22;954;3;0;8661;44;0;3.4;0.0;0.0
39;2021-01-23;368;1;0;9029;45;0;3.5;0.0;0.0
39;2021-01-24;0;0;0;9029;45;0;3.5;0.0;0.0
39;2021-01-25;634;2;0;9663;47;0;3.7;0.0;0.0
39;2021-01-26;1030;15;0;10693;62;0;4.1;0.0;0.0
39;2021-01-27;845;20;0;11538;82;0;4.5;0.0;0.0
39;2021-01-28;679;231;0;12217;313;0;4.7;0.1;0.0
39;2021-01-29;523;391;0;12740;704;0;4.9;0.3;0.0
39;2021-01-30;236;105;0;12976;809;0;5.0;0.3;0.0
39;2021-01-31;1;0;0;12977;809;0;5.0;0.3;0.0
39;2021-02-01;534;254;0;13511;1063;0;5.2;0.4;0.0
39;2021-02-02;717;314;0;14228;1377;0;5.5;0.5;0.0
39;2021-02-03;468;493;0;14696;1870;0;5.7;0.7;0.0
39;2021-02-04;505;437;0;15201;2307;0;5.9;0.9;0.0
39;2021-02-05;413;414;0;15614;2721;0;6.1;1.1;0.0
39;2021-02-06;233;105;0;15847;2826;0;6.1;1.1;0.0
39;2021-02-07;0;2;0;15847;2828;0;6.1;1.1;0.0
39;2021-02-08;307;362;0;16154;3190;0;6.3;1.2;0.0
39;2021-02-09;314;452;0;16468;3642;0;6.4;1.4;0.0
39;2021-02-10;244;339;0;16712;3981;0;6.5;1.5;0.0
39;2021-02-11;545;503;0;17257;4484;0;6.7;1.7;0.0
39;2021-02-12;346;398;0;17603;4882;0;6.8;1.9;0.0
39;2021-02-13;99;65;0;17702;4947;0;6.9;1.9;0.0
39;2021-02-14;1;1;0;17703;4948;0;6.9;1.9;0.0
39;2021-02-15;101;741;0;17804;5689;0;6.9;2.2;0.0
39;2021-02-16;108;877;0;17912;6566;0;6.9;2.5;0.0
39;2021-02-17;59;668;0;17971;7234;0;7.0;2.8;0.0
39;2021-02-18;107;831;0;18078;8065;0;7.0;3.1;0.0
39;2021-02-19;58;484;0;18136;8549;0;7.0;3.3;0.0
39;2021-02-20;20;353;0;18156;8902;0;7.0;3.5;0.0
39;2021-02-21;0;1;0;18156;8903;0;7.0;3.5;0.0
39;2021-02-22;97;676;0;18253;9579;0;7.1;3.7;0.0
39;2021-02-23;19;688;0;18272;10267;0;7.1;4.0;0.0
39;2021-02-24;115;773;0;18387;11040;0;7.1;4.3;0.0
39;2021-02-25;213;701;0;18600;11741;0;7.2;4.6;0.0
39;2021-02-26;202;432;0;18802;12173;0;7.3;4.7;0.0
39;2021-02-27;167;267;0;18969;12440;0;7.4;4.8;0.0
39;2021-02-28;4;0;0;18973;12440;0;7.4;4.8;0.0
39;2021-03-01;258;616;0;19231;13056;0;7.5;5.1;0.0
39;2021-03-02;344;774;0;19575;13830;0;7.6;5.4;0.0
39;2021-03-03;570;475;0;20145;14305;0;7.8;5.5;0.0
39;2021-03-04;638;452;0;20783;14757;0;8.1;5.7;0.0
39;2021-03-05;636;323;0;21419;15080;0;8.3;5.8;0.0
39;2021-03-06;727;217;0;22146;15297;0;8.6;5.9;0.0
39;2021-03-07;200;69;0;22346;15366;0;8.7;6.0;0.0
39;2021-03-08;277;421;0;22623;15787;0;8.8;6.1;0.0
39;2021-03-09;771;418;0;23394;16205;0;9.1;6.3;0.0
39;2021-03-10;930;285;0;24324;16490;0;9.4;6.4;0.0
39;2021-03-11;758;445;0;25082;16935;0;9.7;6.6;0.0
39;2021-03-12;764;281;0;25846;17216;0;10.0;6.7;0.0
39;2021-03-13;746;95;0;26592;17311;0;10.3;6.7;0.0
39;2021-03-14;45;8;0;26637;17319;0;10.3;6.7;0.0
39;2021-03-15;454;114;0;27091;17433;0;10.5;6.8;0.0
39;2021-03-16;492;53;0;27583;17486;0;10.7;6.8;0.0
39;2021-03-17;572;71;0;28155;17557;0;10.9;6.8;0.0
39;2021-03-18;590;73;0;28745;17630;0;11.1;6.8;0.0
39;2021-03-19;424;80;0;29169;17710;0;11.3;6.9;0.0
39;2021-03-20;335;22;0;29504;17732;0;11.4;6.9;0.0
39;2021-03-21;9;1;0;29513;17733;0;11.4;6.9;0.0
39;2021-03-22;734;121;0;30247;17854;0;11.7;6.9;0.0
39;2021-03-23;1071;63;0;31318;17917;0;12.1;6.9;0.0
39;2021-03-24;1124;103;0;32442;18020;0;12.6;7.0;0.0
39;2021-03-25;1960;140;0;34402;18160;0;13.3;7.0;0.0
39;2021-03-26;828;127;0;35230;18287;0;13.7;7.1;0.0
39;2021-03-27;358;11;0;35588;18298;0;13.8;7.1;0.0
39;2021-03-28;37;4;0;35625;18302;0;13.8;7.1;0.0
39;2021-03-29;1010;195;0;36635;18497;0;14.2;7.2;0.0
39;2021-03-30;1341;278;0;37976;18775;0;14.7;7.3;0.0
39;2021-03-31;669;459;0;38645;19234;0;15.0;7.5;0.0
39;2021-04-01;1171;292;0;39816;19526;0;15.4;7.6;0.0
39;2021-04-02;636;139;0;40452;19665;0;15.7;7.6;0.0
39;2021-04-03;202;13;0;40654;19678;0;15.8;7.6;0.0
39;2021-04-04;4;2;0;40658;19680;0;15.8;7.6;0.0
39;2021-04-05;14;2;0;40672;19682;0;15.8;7.6;0.0
39;2021-04-06;813;579;0;41485;20261;0;16.1;7.9;0.0
39;2021-04-07;1069;614;0;42554;20875;0;16.5;8.1;0.0
39;2021-04-08;1656;517;0;44210;21392;0;17.1;8.3;0.0
39;2021-04-09;1641;299;0;45851;21691;0;17.8;8.4;0.0
39;2021-04-10;366;155;0;46217;21846;0;17.9;8.5;0.0
39;2021-04-11;10;1;0;46227;21847;0;17.9;8.5;0.0
39;2021-04-12;677;345;0;46904;22192;0;18.2;8.6;0.0
39;2021-04-13;1167;527;0;48071;22719;0;18.6;8.8;0.0
39;2021-04-14;796;592;0;48867;23311;0;19.0;9.0;0.0
39;2021-04-15;1374;681;0;50241;23992;0;19.5;9.3;0.0
39;2021-04-16;1050;223;0;51291;24215;0;19.9;9.4;0.0
39;2021-04-17;262;74;0;51553;24289;0;20.0;9.4;0.0
39;2021-04-18;6;2;0;51559;24291;0;20.0;9.4;0.0
39;2021-04-19;539;664;0;52098;24955;0;20.2;9.7;0.0
39;2021-04-20;804;552;0;52902;25507;0;20.5;9.9;0.0
39;2021-04-21;1001;663;0;53903;26170;0;20.9;10.1;0.0
39;2021-04-22;1007;1068;0;54910;27238;0;21.3;10.6;0.0
39;2021-04-23;477;378;0;55387;27616;0;21.5;10.7;0.0
39;2021-04-24;304;146;0;55691;27762;0;21.6;10.8;0.0
39;2021-04-25;19;4;0;55710;27766;0;21.6;10.8;0.0
39;2021-04-26;565;1018;0;56275;28784;0;21.8;11.2;0.0
39;2021-04-27;802;954;0;57077;29738;0;22.1;11.5;0.0
39;2021-04-28;1513;433;0;58590;30171;0;22.7;11.7;0.0
39;2021-04-29;2415;861;0;61005;31032;0;23.7;12.0;0.0
39;2021-04-30;2238;421;0;63243;31453;0;24.5;12.2;0.0
39;2021-05-01;86;65;0;63329;31518;0;24.6;12.2;0.0
39;2021-05-02;24;3;0;63353;31521;0;24.6;12.2;0.0
39;2021-05-03;936;768;0;64289;32289;0;24.9;12.5;0.0
39;2021-05-04;994;1078;0;65283;33367;0;25.3;12.9;0.0
39;2021-05-05;1759;868;0;67042;34235;0;26.0;13.3;0.0
39;2021-05-06;2230;1226;0;69272;35461;0;26.9;13.8;0.0
39;2021-05-07;1282;623;0;70554;36084;0;27.4;14.0;0.0
39;2021-05-08;175;51;0;70729;36135;0;27.4;14.0;0.0
39;2021-05-09;24;21;0;70753;36156;0;27.4;14.0;0.0
39;2021-05-10;1709;868;0;72462;37024;0;28.1;14.4;0.0
39;2021-05-11;1770;1463;0;74232;38487;0;28.8;14.9;0.0
39;2021-05-12;1656;1374;0;75888;39861;0;29.4;15.5;0.0
39;2021-05-13;262;48;0;76150;39909;0;29.5;15.5;0.0
39;2021-05-14;2261;360;0;78411;40269;0;30.4;15.6;0.0
39;2021-05-15;1533;262;0;79944;40531;0;31.0;15.7;0.0
39;2021-05-16;37;6;0;79981;40537;0;31.0;15.7;0.0
39;2021-05-17;1924;712;0;81905;41249;0;31.8;16.0;0.0
39;2021-05-18;1707;1122;0;83612;42371;0;32.4;16.4;0.0
39;2021-05-19;2299;540;0;85911;42911;0;33.3;16.6;0.0
39;2021-05-20;2170;787;0;88081;43698;0;34.2;16.9;0.0
39;2021-05-21;1792;585;0;89873;44283;0;34.9;17.2;0.0
39;2021-05-22;322;232;0;90195;44515;0;35.0;17.3;0.0
39;2021-05-23;36;65;0;90231;44580;0;35.0;17.3;0.0
39;2021-05-24;169;52;0;90400;44632;0;35.1;17.3;0.0
39;2021-05-25;1641;1183;0;92041;45815;0;35.7;17.8;0.0
39;2021-05-26;1603;1299;0;93644;47114;0;36.3;18.3;0.0
39;2021-05-27;1474;1538;0;95118;48652;0;36.9;18.9;0.0
39;2021-05-28;974;1254;0;96092;49906;0;37.3;19.4;0.0
39;2021-05-29;352;311;0;96444;50217;0;37.4;19.5;0.0
39;2021-05-30;19;44;0;96463;50261;0;37.4;19.5;0.0
39;2021-05-31;1534;1208;0;97997;51469;0;38.0;20.0;0.0
39;2021-06-01;1797;1328;0;99794;52797;0;38.7;20.5;0.0
39;2021-06-02;1658;1018;0;101452;53815;0;39.3;20.9;0.0
39;2021-06-03;1329;1130;0;102781;54945;0;39.9;21.3;0.0
39;2021-06-04;1020;1076;0;103801;56021;0;40.3;21.7;0.0
39;2021-06-05;673;551;0;104474;56572;0;40.5;21.9;0.0
39;2021-06-06;62;44;0;104536;56616;0;40.5;22.0;0.0
39;2021-06-07;1945;893;0;106481;57509;0;41.3;22.3;0.0
39;2021-06-08;2051;1120;0;108532;58629;0;42.1;22.7;0.0
39;2021-06-09;1657;1174;0;110189;59803;0;42.7;23.2;0.0
39;2021-06-10;1614;1929;0;111803;61732;0;43.4;23.9;0.0
39;2021-06-11;1529;1193;0;113332;62925;0;44.0;24.4;0.0
39;2021-06-12;1097;398;0;114429;63323;0;44.4;24.6;0.0
39;2021-06-13;33;29;0;114462;63352;0;44.4;24.6;0.0
39;2021-06-14;1289;1819;0;115751;65171;0;44.9;25.3;0.0
39;2021-06-15;1330;1285;0;117081;66456;0;45.4;25.8;0.0
39;2021-06-16;1176;1414;0;118257;67870;0;45.9;26.3;0.0
39;2021-06-17;1024;1617;0;119281;69487;0;46.3;26.9;0.0
39;2021-06-18;1502;1191;0;120783;70678;0;46.8;27.4;0.0
39;2021-06-19;346;418;0;121129;71096;0;47.0;27.6;0.0
39;2021-06-20;24;33;0;121153;71129;0;47.0;27.6;0.0
39;2021-06-21;404;2410;0;121557;73539;0;47.1;28.5;0.0
39;2021-06-22;799;2249;0;122356;75788;0;47.5;29.4;0.0
39;2021-06-23;1111;1237;0;123467;77025;0;47.9;29.9;0.0
39;2021-06-24;758;1072;0;124225;78097;0;48.2;30.3;0.0
39;2021-06-25;689;2743;0;124914;80840;0;48.4;31.4;0.0
39;2021-06-26;223;1410;0;125137;82250;0;48.5;31.9;0.0
39;2021-06-27;23;30;0;125160;82280;0;48.5;31.9;0.0
39;2021-06-28;336;2626;0;125496;84906;0;48.7;32.9;0.0
39;2021-06-29;520;2629;0;126016;87535;0;48.9;33.9;0.0
39;2021-06-30;819;2249;0;126835;89784;0;49.2;34.8;0.0
39;2021-07-01;702;1765;0;127537;91549;0;49.5;35.5;0.0
39;2021-07-02;1046;1461;0;128583;93010;0;49.9;36.1;0.0
39;2021-07-03;529;509;0;129112;93519;0;50.1;36.3;0.0
39;2021-07-04;24;37;0;129136;93556;0;50.1;36.3;0.0
39;2021-07-05;556;2470;0;129692;96026;0;50.3;37.2;0.0
39;2021-07-06;818;1859;0;130510;97885;0;50.6;38.0;0.0
39;2021-07-07;612;1369;0;131122;99254;0;50.9;38.5;0.0
39;2021-07-08;686;1007;0;131808;100261;0;51.1;38.9;0.0
39;2021-07-09;1027;1594;0;132835;101855;0;51.5;39.5;0.0
39;2021-07-10;647;587;0;133482;102442;0;51.8;39.7;0.0
39;2021-07-11;24;20;0;133506;102462;0;51.8;39.7;0.0
39;2021-07-12;521;2441;0;134027;104903;0;52.0;40.7;0.0
39;2021-07-13;1487;2553;0;135514;107456;0;52.6;41.7;0.0
39;2021-07-14;82;84;0;135596;107540;0;52.6;41.7;0.0
39;2021-07-15;1579;1792;0;137175;109332;0;53.2;42.4;0.0
39;2021-07-16;2721;1990;0;139896;111322;0;54.3;43.2;0.0
39;2021-07-17;1681;944;0;141577;112266;0;54.9;43.5;0.0
39;2021-07-18;157;87;0;141734;112353;0;55.0;43.6;0.0
39;2021-07-19;1246;2763;0;142980;115116;0;55.5;44.6;0.0
39;2021-07-20;1595;2585;0;144575;117701;0;56.1;45.6;0.0
39;2021-07-21;2091;2365;0;146666;120066;0;56.9;46.6;0.0
39;2021-07-22;1618;1814;0;148284;121880;0;57.5;47.3;0.0
39;2021-07-23;1559;1822;0;149843;123702;0;58.1;48.0;0.0
39;2021-07-24;1092;1228;0;150935;124930;0;58.5;48.5;0.0
39;2021-07-25;53;46;0;150988;124976;0;58.6;48.5;0.0
39;2021-07-26;1112;1870;0;152100;126846;0;59.0;49.2;0.0
39;2021-07-27;1913;1800;0;154013;128646;0;59.7;49.9;0.0
39;2021-07-28;2157;1355;0;156170;130001;0;60.6;50.4;0.0
39;2021-07-29;1916;1507;0;158086;131508;0;61.3;51.0;0.0
39;2021-07-30;1771;1317;0;159857;132825;0;62.0;51.5;0.0
39;2021-07-31;1140;648;0;160997;133473;0;62.4;51.8;0.0
39;2021-08-01;78;31;0;161075;133504;0;62.5;51.8;0.0
39;2021-08-02;1099;1225;0;162174;134729;0;62.9;52.3;0.0
39;2021-08-03;1637;1205;0;163811;135934;0;63.5;52.7;0.0
39;2021-08-04;980;664;0;164791;136598;0;63.9;53.0;0.0
39;2021-08-05;1126;721;0;165917;137319;0;64.3;53.3;0.0
39;2021-08-06;1214;1979;0;167131;139298;0;64.8;54.0;0.0
39;2021-08-07;860;1025;0;167991;140323;0;65.2;54.4;0.0
39;2021-08-08;48;40;0;168039;140363;0;65.2;54.4;0.0
39;2021-08-09;482;393;0;168521;140756;0;65.4;54.6;0.0
39;2021-08-10;1152;941;0;169673;141697;0;65.8;55.0;0.0
39;2021-08-11;874;1369;0;170547;143066;0;66.1;55.5;0.0
39;2021-08-12;1401;1869;0;171948;144935;0;66.7;56.2;0.0
39;2021-08-13;1202;1850;0;173150;146785;0;67.2;56.9;0.0
39;2021-08-14;350;934;0;173500;147719;0;67.3;57.3;0.0
39;2021-08-15;11;15;0;173511;147734;0;67.3;57.3;0.0
39;2021-08-16;504;725;0;174015;148459;0;67.5;57.6;0.0
39;2021-08-17;597;1338;0;174612;149797;0;67.7;58.1;0.0
39;2021-08-18;780;1488;0;175392;151285;0;68.0;58.7;0.0
39;2021-08-19;845;1383;0;176237;152668;0;68.3;59.2;0.0
39;2021-08-20;642;2148;0;176879;154816;0;68.6;60.0;0.0
39;2021-08-21;441;1101;0;177320;155917;0;68.8;60.5;0.0
39;2021-08-22;17;56;0;177337;155973;0;68.8;60.5;0.0
39;2021-08-23;296;919;0;177633;156892;0;68.9;60.8;0.0
39;2021-08-24;441;1463;0;178074;158355;0;69.1;61.4;0.0
39;2021-08-25;605;1465;0;178679;159820;0;69.3;62.0;0.0
39;2021-08-26;677;1613;0;179356;161433;0;69.6;62.6;0.0
39;2021-08-27;411;1778;0;179767;163211;0;69.7;63.3;0.0
39;2021-08-28;324;1159;0;180091;164370;0;69.8;63.7;0.0
39;2021-08-29;10;29;0;180101;164399;0;69.8;63.8;0.0
39;2021-08-30;359;954;9;180460;165353;9;70.0;64.1;0.0
39;2021-08-31;430;1013;36;180890;166366;45;70.2;64.5;0.0
39;2021-09-01;545;1320;158;181435;167686;203;70.4;65.0;0.1
39;2021-09-02;344;1248;130;181779;168934;333;70.5;65.5;0.1
39;2021-09-03;484;1958;163;182263;170892;496;70.7;66.3;0.2
39;2021-09-04;171;255;26;182434;171147;522;70.8;66.4;0.2
39;2021-09-05;9;17;0;182443;171164;522;70.8;66.4;0.2
39;2021-09-06;282;520;98;182725;171684;620;70.9;66.6;0.2
39;2021-09-07;251;342;100;182976;172026;720;71.0;66.7;0.3
39;2021-09-08;460;682;305;183436;172708;1025;71.1;67.0;0.4
39;2021-09-09;427;793;406;183863;173501;1431;71.3;67.3;0.6
39;2021-09-10;245;618;185;184108;174119;1616;71.4;67.5;0.6
39;2021-09-11;269;763;114;184377;174882;1730;71.5;67.8;0.7
39;2021-09-12;10;31;1;184387;174913;1731;71.5;67.8;0.7
39;2021-09-13;192;218;97;184579;175131;1828;71.6;67.9;0.7
39;2021-09-14;225;355;123;184804;175486;1951;71.7;68.1;0.8
39;2021-09-15;276;565;608;185080;176051;2559;71.8;68.3;1.0
39;2021-09-16;434;961;444;185514;177012;3003;71.9;68.6;1.2
39;2021-09-17;432;688;285;185946;177700;3288;72.1;68.9;1.3
39;2021-09-18;109;259;81;186055;177959;3369;72.2;69.0;1.3
39;2021-09-19;3;13;1;186058;177972;3370;72.2;69.0;1.3
39;2021-09-20;111;172;115;186169;178144;3485;72.2;69.1;1.4
39;2021-09-21;117;176;275;186286;178320;3760;72.2;69.2;1.5
39;2021-09-22;279;765;432;186565;179085;4192;72.4;69.5;1.6
39;2021-09-23;184;322;393;186749;179407;4585;72.4;69.6;1.8
39;2021-09-24;225;588;317;186974;179995;4902;72.5;69.8;1.9
39;2021-09-25;82;263;92;187056;180258;4994;72.5;69.9;1.9
39;2021-09-26;1;3;1;187057;180261;4995;72.5;69.9;1.9
39;2021-09-27;132;329;219;187189;180590;5214;72.6;70.0;2.0
39;2021-09-28;73;182;285;187262;180772;5499;72.6;70.1;2.1
39;2021-09-29;203;539;398;187465;181311;5897;72.7;70.3;2.3
39;2021-09-30;186;426;379;187651;181737;6276;72.8;70.5;2.4
39;2021-10-01;161;241;300;187812;181978;6576;72.8;70.6;2.6
39;2021-10-02;118;238;149;187930;182216;6725;72.9;70.7;2.6
39;2021-10-03;1;7;0;187931;182223;6725;72.9;70.7;2.6
39;2021-10-04;77;161;119;188008;182384;6844;72.9;70.7;2.7
39;2021-10-05;80;151;313;188088;182535;7157;72.9;70.8;2.8
39;2021-10-06;211;336;433;188299;182871;7590;73.0;70.9;2.9
39;2021-10-07;138;430;433;188437;183301;8023;73.1;71.1;3.1
39;2021-10-08;240;482;570;188677;183783;8593;73.2;71.3;3.3
39;2021-10-09;64;75;59;188741;183858;8652;73.2;71.3;3.4
39;2021-10-10;0;5;3;188741;183863;8655;73.2;71.3;3.4
39;2021-10-11;49;103;93;188790;183966;8748;73.2;71.3;3.4
39;2021-10-12;102;117;293;188892;184083;9041;73.3;71.4;3.5
39;2021-10-13;109;197;256;189001;184280;9297;73.3;71.5;3.6
39;2021-10-14;135;244;390;189136;184524;9687;73.4;71.6;3.8
39;2021-10-15;325;480;750;189461;185004;10437;73.5;71.7;4.0
39;2021-10-16;62;98;92;189523;185102;10529;73.5;71.8;4.1
39;2021-10-17;3;8;0;189526;185110;10529;73.5;71.8;4.1
39;2021-10-18;35;56;113;189561;185166;10642;73.5;71.8;4.1
39;2021-10-19;63;78;180;189624;185244;10822;73.5;71.8;4.2
39;2021-10-20;64;89;159;189688;185333;10981;73.6;71.9;4.3
39;2021-10-21;122;219;473;189810;185552;11454;73.6;72.0;4.4
39;2021-10-22;313;445;938;190123;185997;12392;73.7;72.1;4.8
39;2021-10-23;65;140;183;190188;186137;12575;73.8;72.2;4.9
39;2021-10-24;2;5;0;190190;186142;12575;73.8;72.2;4.9
39;2021-10-25;34;63;126;190224;186205;12701;73.8;72.2;4.9
39;2021-10-26;52;63;224;190276;186268;12925;73.8;72.2;5.0
39;2021-10-27;102;168;332;190378;186436;13257;73.8;72.3;5.1
39;2021-10-28;166;190;531;190544;186626;13788;73.9;72.4;5.3
39;2021-10-29;127;169;517;190671;186795;14305;73.9;72.4;5.5
39;2021-10-30;38;64;245;190709;186859;14550;74.0;72.5;5.6
39;2021-10-31;0;6;0;190709;186865;14550;74.0;72.5;5.6
39;2021-11-01;8;7;3;190717;186872;14553;74.0;72.5;5.6
39;2021-11-02;44;100;221;190761;186972;14774;74.0;72.5;5.7
39;2021-11-03;94;121;450;190855;187093;15224;74.0;72.6;5.9
39;2021-11-04;70;119;688;190925;187212;15912;74.0;72.6;6.2
39;2021-11-05;212;315;1076;191137;187527;16988;74.1;72.7;6.6
39;2021-11-06;30;49;120;191167;187576;17108;74.1;72.7;6.6
39;2021-11-07;0;4;3;191167;187580;17111;74.1;72.7;6.6
39;2021-11-08;37;69;280;191204;187649;17391;74.2;72.8;6.7
39;2021-11-09;65;92;719;191269;187741;18110;74.2;72.8;7.0
39;2021-11-10;189;183;1276;191458;187924;19386;74.3;72.9;7.5
39;2021-11-11;5;10;25;191463;187934;19411;74.3;72.9;7.5
39;2021-11-12;92;150;615;191555;188084;20026;74.3;72.9;7.8
39;2021-11-13;44;74;346;191599;188158;20372;74.3;73.0;7.9
39;2021-11-14;5;1;11;191604;188159;20383;74.3;73.0;7.9
39;2021-11-15;21;55;260;191625;188214;20643;74.3;73.0;8.0
39;2021-11-16;106;97;1046;191731;188311;21689;74.4;73.0;8.4
39;2021-11-17;96;195;1047;191827;188506;22736;74.4;73.1;8.8
39;2021-11-18;112;117;811;191939;188623;23547;74.4;73.2;9.1
39;2021-11-19;161;237;1403;192100;188860;24950;74.5;73.2;9.7
39;2021-11-20;82;51;379;192182;188911;25329;74.5;73.3;9.8
39;2021-11-21;2;2;2;192184;188913;25331;74.5;73.3;9.8
39;2021-11-22;34;55;334;192218;188968;25665;74.5;73.3;10.0
39;2021-11-23;118;86;1080;192336;189054;26745;74.6;73.3;10.4
39;2021-11-24;140;154;1276;192476;189208;28021;74.6;73.4;10.9
39;2021-11-25;127;86;1187;192603;189294;29208;74.7;73.4;11.3
39;2021-11-26;139;140;1977;192742;189434;31185;74.7;73.5;12.1
39;2021-11-27;47;71;614;192789;189505;31799;74.8;73.5;12.3
39;2021-11-28;5;4;27;192794;189509;31826;74.8;73.5;12.3
39;2021-11-29;51;65;1254;192845;189574;33080;74.8;73.5;12.8
39;2021-11-30;89;106;2338;192934;189680;35418;74.8;73.6;13.7
39;2021-12-01;94;164;2497;193028;189844;37915;74.9;73.6;14.7
39;2021-12-02;86;89;3173;193114;189933;41088;74.9;73.7;15.9
39;2021-12-03;94;146;2799;193208;190079;43887;74.9;73.7;17.0
39;2021-12-04;48;63;1057;193256;190142;44944;74.9;73.7;17.4
39;2021-12-05;2;5;47;193258;190147;44991;75.0;73.7;17.4
39;2021-12-06;55;58;1972;193313;190205;46963;75.0;73.8;18.2
39;2021-12-07;105;114;2982;193418;190319;49945;75.0;73.8;19.4
39;2021-12-08;118;89;3188;193536;190408;53133;75.1;73.8;20.6
39;2021-12-09;120;132;3565;193656;190540;56698;75.1;73.9;22.0
39;2021-12-10;97;179;3365;193753;190719;60063;75.1;74.0;23.3
39;2021-12-11;50;94;1080;193803;190813;61143;75.2;74.0;23.7
39;2021-12-12;5;5;52;193808;190818;61195;75.2;74.0;23.7
39;2021-12-13;92;67;2397;193900;190885;63592;75.2;74.0;24.7
39;2021-12-14;83;127;3264;193983;191012;66856;75.2;74.1;25.9
39;2021-12-15;119;153;3422;194102;191165;70278;75.3;74.1;27.3
39;2021-12-16;88;149;3408;194190;191314;73686;75.3;74.2;28.6
39;2021-12-17;135;168;3331;194325;191482;77017;75.4;74.3;29.9
39;2021-12-18;106;79;1505;194431;191561;78522;75.4;74.3;30.5
39;2021-12-19;7;2;105;194438;191563;78627;75.4;74.3;30.5
39;2021-12-20;106;85;2396;194544;191648;81023;75.4;74.3;31.4
39;2021-12-21;169;168;3160;194713;191816;84183;75.5;74.4;32.6
39;2021-12-22;144;137;2296;194857;191953;86479;75.6;74.4;33.5
39;2021-12-23;85;75;1276;194942;192028;87755;75.6;74.5;34.0
39;2021-12-24;13;30;146;194955;192058;87901;75.6;74.5;34.1
39;2021-12-25;0;2;4;194955;192060;87905;75.6;74.5;34.1
39;2021-12-26;0;5;40;194955;192065;87945;75.6;74.5;34.1
40;2020-12-27;0;0;0;0;0;0;0.0;0.0;0.0
40;2020-12-28;0;0;0;0;0;0;0.0;0.0;0.0
40;2020-12-29;0;0;0;0;0;0;0.0;0.0;0.0
40;2020-12-30;0;0;0;0;0;0;0.0;0.0;0.0
40;2020-12-31;0;0;0;0;0;0;0.0;0.0;0.0
40;2021-01-01;0;0;0;0;0;0;0.0;0.0;0.0
40;2021-01-02;2;0;0;2;0;0;0.0;0.0;0.0
40;2021-01-03;0;0;0;2;0;0;0.0;0.0;0.0
40;2021-01-04;1;0;0;3;0;0;0.0;0.0;0.0
40;2021-01-05;1;0;0;4;0;0;0.0;0.0;0.0
40;2021-01-06;5;0;0;9;0;0;0.0;0.0;0.0
40;2021-01-07;238;1;0;247;1;0;0.1;0.0;0.0
40;2021-01-08;437;4;0;684;5;0;0.2;0.0;0.0
40;2021-01-09;4;0;0;688;5;0;0.2;0.0;0.0
40;2021-01-10;4;0;0;692;5;0;0.2;0.0;0.0
40;2021-01-11;130;0;0;822;5;0;0.2;0.0;0.0
40;2021-01-12;63;0;0;885;5;0;0.2;0.0;0.0
40;2021-01-13;708;6;0;1593;11;0;0.4;0.0;0.0
40;2021-01-14;918;8;0;2511;19;0;0.6;0.0;0.0
40;2021-01-15;855;3;0;3366;22;0;0.8;0.0;0.0
40;2021-01-16;156;0;0;3522;22;0;0.9;0.0;0.0
40;2021-01-17;3;0;0;3525;22;0;0.9;0.0;0.0
40;2021-01-18;477;1;0;4002;23;0;1.0;0.0;0.0
40;2021-01-19;1216;4;0;5218;27;0;1.3;0.0;0.0
40;2021-01-20;945;3;0;6163;30;0;1.5;0.0;0.0
40;2021-01-21;1373;5;0;7536;35;0;1.8;0.0;0.0
40;2021-01-22;906;4;0;8442;39;0;2.0;0.0;0.0
40;2021-01-23;313;0;0;8755;39;0;2.1;0.0;0.0
40;2021-01-24;32;0;0;8787;39;0;2.1;0.0;0.0
40;2021-01-25;453;3;0;9240;42;0;2.2;0.0;0.0
40;2021-01-26;856;5;0;10096;47;0;2.5;0.0;0.0
40;2021-01-27;1131;14;0;11227;61;0;2.7;0.0;0.0
40;2021-01-28;783;131;0;12010;192;0;2.9;0.0;0.0
40;2021-01-29;625;268;0;12635;460;0;3.1;0.1;0.0
40;2021-01-30;252;8;0;12887;468;0;3.1;0.1;0.0
40;2021-01-31;22;2;0;12909;470;0;3.1;0.1;0.0
40;2021-02-01;403;132;0;13312;602;0;3.2;0.1;0.0
40;2021-02-02;935;89;0;14247;691;0;3.5;0.2;0.0
40;2021-02-03;918;322;0;15165;1013;0;3.7;0.2;0.0
40;2021-02-04;1111;607;0;16276;1620;0;4.0;0.4;0.0
40;2021-02-05;813;416;0;17089;2036;0;4.1;0.5;0.0
40;2021-02-06;397;83;0;17486;2119;0;4.2;0.5;0.0
40;2021-02-07;26;1;0;17512;2120;0;4.3;0.5;0.0
40;2021-02-08;426;142;0;17938;2262;0;4.4;0.5;0.0
40;2021-02-09;811;559;0;18749;2821;0;4.6;0.7;0.0
40;2021-02-10;760;532;0;19509;3353;0;4.7;0.8;0.0
40;2021-02-11;800;721;0;20309;4074;0;4.9;1.0;0.0
40;2021-02-12;614;731;0;20923;4805;0;5.1;1.2;0.0
40;2021-02-13;355;108;0;21278;4913;0;5.2;1.2;0.0
40;2021-02-14;10;8;0;21288;4921;0;5.2;1.2;0.0
40;2021-02-15;52;434;0;21340;5355;0;5.2;1.3;0.0
40;2021-02-16;287;643;0;21627;5998;0;5.2;1.5;0.0
40;2021-02-17;343;898;0;21970;6896;0;5.3;1.7;0.0
40;2021-02-18;398;839;0;22368;7735;0;5.4;1.9;0.0
40;2021-02-19;163;679;0;22531;8414;0;5.5;2.0;0.0
40;2021-02-20;45;147;0;22576;8561;0;5.5;2.1;0.0
40;2021-02-21;6;87;0;22582;8648;0;5.5;2.1;0.0
40;2021-02-22;101;592;0;22683;9240;0;5.5;2.2;0.0
40;2021-02-23;246;880;0;22929;10120;0;5.6;2.5;0.0
40;2021-02-24;323;735;0;23252;10855;0;5.6;2.6;0.0
40;2021-02-25;764;1009;0;24016;11864;0;5.8;2.9;0.0
40;2021-02-26;724;703;0;24740;12567;0;6.0;3.1;0.0
40;2021-02-27;406;174;0;25146;12741;0;6.1;3.1;0.0
40;2021-02-28;5;24;0;25151;12765;0;6.1;3.1;0.0
40;2021-03-01;451;533;0;25602;13298;0;6.2;3.2;0.0
40;2021-03-02;779;1046;0;26381;14344;0;6.4;3.5;0.0
40;2021-03-03;962;939;0;27343;15283;0;6.6;3.7;0.0
40;2021-03-04;1372;872;0;28715;16155;0;7.0;3.9;0.0
40;2021-03-05;1298;769;0;30013;16924;0;7.3;4.1;0.0
40;2021-03-06;908;382;0;30921;17306;0;7.5;4.2;0.0
40;2021-03-07;125;32;0;31046;17338;0;7.5;4.2;0.0
40;2021-03-08;908;527;0;31954;17865;0;7.8;4.3;0.0
40;2021-03-09;1554;645;0;33508;18510;0;8.1;4.5;0.0
40;2021-03-10;1809;725;0;35317;19235;0;8.6;4.7;0.0
40;2021-03-11;2071;686;0;37388;19921;0;9.1;4.8;0.0
40;2021-03-12;2213;493;0;39601;20414;0;9.6;5.0;0.0
40;2021-03-13;1111;226;0;40712;20640;0;9.9;5.0;0.0
40;2021-03-14;143;2;0;40855;20642;0;9.9;5.0;0.0
40;2021-03-15;1029;98;0;41884;20740;0;10.2;5.0;0.0
40;2021-03-16;1039;289;0;42923;21029;0;10.4;5.1;0.0
40;2021-03-17;1613;332;0;44536;21361;0;10.8;5.2;0.0
40;2021-03-18;1649;335;0;46185;21696;0;11.2;5.3;0.0
40;2021-03-19;1871;166;0;48056;21862;0;11.7;5.3;0.0
40;2021-03-20;809;15;0;48865;21877;0;11.9;5.3;0.0
40;2021-03-21;110;3;0;48975;21880;0;11.9;5.3;0.0
40;2021-03-22;1243;58;0;50218;21938;0;12.2;5.3;0.0
40;2021-03-23;2377;205;0;52595;22143;0;12.8;5.4;0.0
40;2021-03-24;2418;267;0;55013;22410;0;13.4;5.4;0.0
40;2021-03-25;2873;405;0;57886;22815;0;14.1;5.5;0.0
40;2021-03-26;3151;260;0;61037;23075;0;14.8;5.6;0.0
40;2021-03-27;977;74;0;62014;23149;0;15.1;5.6;0.0
40;2021-03-28;259;36;0;62273;23185;0;15.1;5.6;0.0
40;2021-03-29;1245;398;0;63518;23583;0;15.4;5.7;0.0
40;2021-03-30;2395;447;0;65913;24030;0;16.0;5.8;0.0
40;2021-03-31;2090;352;0;68003;24382;0;16.5;5.9;0.0
40;2021-04-01;2561;377;0;70564;24759;0;17.1;6.0;0.0
40;2021-04-02;2455;254;0;73019;25013;0;17.7;6.1;0.0
40;2021-04-03;760;142;0;73779;25155;0;17.9;6.1;0.0
40;2021-04-04;366;21;0;74145;25176;0;18.0;6.1;0.0
40;2021-04-05;587;57;0;74732;25233;0;18.1;6.1;0.0
40;2021-04-06;2176;871;0;76908;26104;0;18.7;6.3;0.0
40;2021-04-07;2680;968;0;79588;27072;0;19.3;6.6;0.0
40;2021-04-08;3136;982;0;82724;28054;0;20.1;6.8;0.0
40;2021-04-09;3909;690;0;86633;28744;0;21.0;7.0;0.0
40;2021-04-10;1680;428;0;88313;29172;0;21.4;7.1;0.0
40;2021-04-11;91;35;0;88404;29207;0;21.5;7.1;0.0
40;2021-04-12;2237;808;0;90641;30015;0;22.0;7.3;0.0
40;2021-04-13;2679;1213;0;93320;31228;0;22.7;7.6;0.0
40;2021-04-14;2616;1481;0;95936;32709;0;23.3;7.9;0.0
40;2021-04-15;3053;1571;0;98989;34280;0;24.0;8.3;0.0
40;2021-04-16;2956;1246;0;101945;35526;0;24.7;8.6;0.0
40;2021-04-17;1506;439;0;103451;35965;0;25.1;8.7;0.0
40;2021-04-18;126;86;0;103577;36051;0;25.1;8.8;0.0
40;2021-04-19;1231;1135;0;104808;37186;0;25.4;9.0;0.0
40;2021-04-20;1756;1808;0;106564;38994;0;25.9;9.5;0.0
40;2021-04-21;1911;1765;0;108475;40759;0;26.3;9.9;0.0
40;2021-04-22;2173;1858;0;110648;42617;0;26.9;10.3;0.0
40;2021-04-23;2266;1421;0;112914;44038;0;27.4;10.7;0.0
40;2021-04-24;1423;656;0;114337;44694;0;27.8;10.8;0.0
40;2021-04-25;102;94;0;114439;44788;0;27.8;10.9;0.0
40;2021-04-26;1403;1162;0;115842;45950;0;28.1;11.2;0.0
40;2021-04-27;1682;2053;0;117524;48003;0;28.5;11.7;0.0
40;2021-04-28;2235;1479;0;119759;49482;0;29.1;12.0;0.0
40;2021-04-29;2774;1938;0;122533;51420;0;29.7;12.5;0.0
40;2021-04-30;2836;1685;0;125369;53105;0;30.4;12.9;0.0
40;2021-05-01;1349;766;0;126718;53871;0;30.8;13.1;0.0
40;2021-05-02;216;309;0;126934;54180;0;30.8;13.2;0.0
40;2021-05-03;1965;1589;0;128899;55769;0;31.3;13.5;0.0
40;2021-05-04;2091;2598;0;130990;58367;0;31.8;14.2;0.0
40;2021-05-05;2391;2662;0;133381;61029;0;32.4;14.8;0.0
40;2021-05-06;2514;2891;0;135895;63920;0;33.0;15.5;0.0
40;2021-05-07;2154;3069;0;138049;66989;0;33.5;16.3;0.0
40;2021-05-08;791;471;0;138840;67460;0;33.7;16.4;0.0
40;2021-05-09;393;65;0;139233;67525;0;33.8;16.4;0.0
40;2021-05-10;1561;2233;0;140794;69758;0;34.2;16.9;0.0
40;2021-05-11;2450;2713;0;143244;72471;0;34.8;17.6;0.0
40;2021-05-12;2933;2076;0;146177;74547;0;35.5;18.1;0.0
40;2021-05-13;2113;532;0;148290;75079;0;36.0;18.2;0.0
40;2021-05-14;2485;1767;0;150775;76846;0;36.6;18.7;0.0
40;2021-05-15;1504;1009;0;152279;77855;0;37.0;18.9;0.0
40;2021-05-16;488;82;0;152767;77937;0;37.1;18.9;0.0
40;2021-05-17;2348;1470;0;155115;79407;0;37.7;19.3;0.0
40;2021-05-18;2717;1498;0;157832;80905;0;38.3;19.6;0.0
40;2021-05-19;3149;1186;0;160981;82091;0;39.1;19.9;0.0
40;2021-05-20;3734;1292;0;164715;83383;0;40.0;20.2;0.0
40;2021-05-21;3081;1429;0;167796;84812;0;40.7;20.6;0.0
40;2021-05-22;1376;865;0;169172;85677;0;41.1;20.8;0.0
40;2021-05-23;623;67;0;169795;85744;0;41.2;20.8;0.0
40;2021-05-24;1318;457;0;171113;86201;0;41.5;20.9;0.0
40;2021-05-25;2339;1445;0;173452;87646;0;42.1;21.3;0.0
40;2021-05-26;2800;1655;0;176252;89301;0;42.8;21.7;0.0
40;2021-05-27;2884;2042;0;179136;91343;0;43.5;22.2;0.0
40;2021-05-28;2796;2346;0;181932;93689;0;44.2;22.7;0.0
40;2021-05-29;1732;1329;0;183664;95018;0;44.6;23.1;0.0
40;2021-05-30;99;84;0;183763;95102;0;44.6;23.1;0.0
40;2021-05-31;2726;1348;0;186489;96450;0;45.3;23.4;0.0
40;2021-06-01;3175;1915;0;189664;98365;0;46.0;23.9;0.0
40;2021-06-02;3304;2102;0;192968;100467;0;46.8;24.4;0.0
40;2021-06-03;3753;2361;0;196721;102828;0;47.8;25.0;0.0
40;2021-06-04;3204;2865;0;199925;105693;0;48.5;25.7;0.0
40;2021-06-05;1951;1454;0;201876;107147;0;49.0;26.0;0.0
40;2021-06-06;568;108;0;202444;107255;0;49.1;26.0;0.0
40;2021-06-07;2348;2085;0;204792;109340;0;49.7;26.5;0.0
40;2021-06-08;3207;2234;0;207999;111574;0;50.5;27.1;0.0
40;2021-06-09;3335;2341;0;211334;113915;0;51.3;27.7;0.0
40;2021-06-10;3178;2123;0;214512;116038;0;52.1;28.2;0.0
40;2021-06-11;3267;2969;0;217779;119007;0;52.9;28.9;0.0
40;2021-06-12;2057;1720;0;219836;120727;0;53.4;29.3;0.0
40;2021-06-13;650;199;0;220486;120926;0;53.5;29.4;0.0
40;2021-06-14;1604;2699;0;222090;123625;0;53.9;30.0;0.0
40;2021-06-15;2338;2977;0;224428;126602;0;54.5;30.7;0.0
40;2021-06-16;2691;2687;0;227119;129289;0;55.1;31.4;0.0
40;2021-06-17;2536;2614;0;229655;131903;0;55.7;32.0;0.0
40;2021-06-18;2442;3076;0;232097;134979;0;56.3;32.8;0.0
40;2021-06-19;1812;1336;0;233909;136315;0;56.8;33.1;0.0
40;2021-06-20;338;320;0;234247;136635;0;56.9;33.2;0.0
40;2021-06-21;1339;2610;0;235586;139245;0;57.2;33.8;0.0
40;2021-06-22;1716;3213;0;237302;142458;0;57.6;34.6;0.0
40;2021-06-23;1653;3531;0;238955;145989;0;58.0;35.4;0.0
40;2021-06-24;1728;2373;0;240683;148362;0;58.4;36.0;0.0
40;2021-06-25;1832;3402;0;242515;151764;0;58.9;36.8;0.0
40;2021-06-26;1332;1837;0;243847;153601;0;59.2;37.3;0.0
40;2021-06-27;296;427;0;244143;154028;0;59.3;37.4;0.0
40;2021-06-28;1359;3067;0;245502;157095;0;59.6;38.1;0.0
40;2021-06-29;1606;3653;0;247108;160748;0;60.0;39.0;0.0
40;2021-06-30;1796;3814;0;248904;164562;0;60.4;39.9;0.0
40;2021-07-01;1744;4021;0;250648;168583;0;60.8;40.9;0.0
40;2021-07-02;1548;3967;0;252196;172550;0;61.2;41.9;0.0
40;2021-07-03;719;2067;0;252915;174617;0;61.4;42.4;0.0
40;2021-07-04;219;586;0;253134;175203;0;61.4;42.5;0.0
40;2021-07-05;1382;3083;0;254516;178286;0;61.8;43.3;0.0
40;2021-07-06;1664;3680;0;256180;181966;0;62.2;44.2;0.0
40;2021-07-07;1829;3876;0;258009;185842;0;62.6;45.1;0.0
40;2021-07-08;1877;3349;0;259886;189191;0;63.1;45.9;0.0
40;2021-07-09;1679;3992;0;261565;193183;0;63.5;46.9;0.0
40;2021-07-10;841;2226;0;262406;195409;0;63.7;47.4;0.0
40;2021-07-11;160;331;0;262566;195740;0;63.7;47.5;0.0
40;2021-07-12;1068;3911;0;263634;199651;0;64.0;48.5;0.0
40;2021-07-13;1979;4560;0;265613;204211;0;64.5;49.6;0.0
40;2021-07-14;1741;1934;0;267354;206145;0;64.9;50.0;0.0
40;2021-07-15;2254;4695;0;269608;210840;0;65.4;51.2;0.0
40;2021-07-16;2645;3761;0;272253;214601;0;66.1;52.1;0.0
40;2021-07-17;1617;2621;0;273870;217222;0;66.5;52.7;0.0
40;2021-07-18;318;596;0;274188;217818;0;66.6;52.9;0.0
40;2021-07-19;1905;3577;0;276093;221395;0;67.0;53.7;0.0
40;2021-07-20;2309;3783;0;278402;225178;0;67.6;54.7;0.0
40;2021-07-21;2505;3711;0;280907;228889;0;68.2;55.6;0.0
40;2021-07-22;2872;3688;0;283779;232577;0;68.9;56.5;0.0
40;2021-07-23;3098;3847;0;286877;236424;0;69.6;57.4;0.0
40;2021-07-24;2026;2014;0;288903;238438;0;70.1;57.9;0.0
40;2021-07-25;687;466;0;289590;238904;0;70.3;58.0;0.0
40;2021-07-26;2185;2722;0;291775;241626;0;70.8;58.7;0.0
40;2021-07-27;2579;3202;0;294354;244828;0;71.4;59.4;0.0
40;2021-07-28;2702;2981;0;297056;247809;0;72.1;60.2;0.0
40;2021-07-29;2766;2991;0;299822;250800;0;72.8;60.9;0.0
40;2021-07-30;2515;2940;0;302337;253740;0;73.4;61.6;0.0
40;2021-07-31;1472;1706;0;303809;255446;0;73.7;62.0;0.0
40;2021-08-01;233;194;0;304042;255640;0;73.8;62.1;0.0
40;2021-08-02;1636;1944;0;305678;257584;0;74.2;62.5;0.0
40;2021-08-03;1962;2208;0;307640;259792;0;74.7;63.1;0.0
40;2021-08-04;1787;1931;0;309427;261723;0;75.1;63.5;0.0
40;2021-08-05;1675;2208;0;311102;263931;0;75.5;64.1;0.0
40;2021-08-06;1594;2497;0;312696;266428;0;75.9;64.7;0.0
40;2021-08-07;1086;1512;0;313782;267940;0;76.2;65.0;0.0
40;2021-08-08;97;136;0;313879;268076;0;76.2;65.1;0.0
40;2021-08-09;1320;2283;0;315199;270359;0;76.5;65.6;0.0
40;2021-08-10;1263;2393;0;316462;272752;0;76.8;66.2;0.0
40;2021-08-11;1183;2039;0;317645;274791;0;77.1;66.7;0.0
40;2021-08-12;1103;2287;0;318748;277078;0;77.4;67.3;0.0
40;2021-08-13;979;2194;0;319727;279272;0;77.6;67.8;0.0
40;2021-08-14;566;1693;0;320293;280965;0;77.7;68.2;0.0
40;2021-08-15;27;219;0;320320;281184;0;77.8;68.3;0.0
40;2021-08-16;946;2557;0;321266;283741;0;78.0;68.9;0.0
40;2021-08-17;1015;2674;0;322281;286415;0;78.2;69.5;0.0
40;2021-08-18;853;2701;0;323134;289116;0;78.4;70.2;0.0
40;2021-08-19;789;2432;0;323923;291548;0;78.6;70.8;0.0
40;2021-08-20;757;2524;0;324680;294072;0;78.8;71.4;0.0
40;2021-08-21;456;1598;0;325136;295670;0;78.9;71.8;0.0
40;2021-08-22;79;394;0;325215;296064;0;78.9;71.9;0.0
40;2021-08-23;647;2425;0;325862;298489;0;79.1;72.5;0.0
40;2021-08-24;614;2257;0;326476;300746;0;79.2;73.0;0.0
40;2021-08-25;600;1808;0;327076;302554;0;79.4;73.4;0.0
40;2021-08-26;448;1552;0;327524;304106;0;79.5;73.8;0.0
40;2021-08-27;596;2231;0;328120;306337;0;79.6;74.4;0.0
40;2021-08-28;303;1147;0;328423;307484;0;79.7;74.6;0.0
40;2021-08-29;12;67;0;328435;307551;0;79.7;74.7;0.0
40;2021-08-30;571;1956;46;329006;309507;46;79.9;75.1;0.0
40;2021-08-31;464;1427;84;329470;310934;130;80.0;75.5;0.0
40;2021-09-01;475;1313;196;329945;312247;326;80.1;75.8;0.1
40;2021-09-02;425;1277;325;330370;313524;651;80.2;76.1;0.2
40;2021-09-03;441;1337;296;330811;314861;947;80.3;76.4;0.2
40;2021-09-04;352;977;133;331163;315838;1080;80.4;76.7;0.3
40;2021-09-05;12;41;24;331175;315879;1104;80.4;76.7;0.3
40;2021-09-06;254;704;198;331429;316583;1302;80.4;76.8;0.3
40;2021-09-07;273;789;217;331702;317372;1519;80.5;77.0;0.4
40;2021-09-08;372;917;322;332074;318289;1841;80.6;77.3;0.4
40;2021-09-09;279;721;310;332353;319010;2151;80.7;77.4;0.5
40;2021-09-10;372;986;341;332725;319996;2492;80.8;77.7;0.6
40;2021-09-11;263;703;123;332988;320699;2615;80.8;77.8;0.6
40;2021-09-12;25;31;2;333013;320730;2617;80.8;77.9;0.6
40;2021-09-13;353;576;405;333366;321306;3022;80.9;78.0;0.7
40;2021-09-14;316;401;549;333682;321707;3571;81.0;78.1;0.9
40;2021-09-15;414;849;602;334096;322556;4173;81.1;78.3;1.0
40;2021-09-16;257;347;358;334353;322903;4531;81.2;78.4;1.1
40;2021-09-17;353;795;625;334706;323698;5156;81.2;78.6;1.3
40;2021-09-18;189;599;161;334895;324297;5317;81.3;78.7;1.3
40;2021-09-19;3;17;21;334898;324314;5338;81.3;78.7;1.3
40;2021-09-20;167;398;379;335065;324712;5717;81.3;78.8;1.4
40;2021-09-21;160;268;474;335225;324980;6191;81.4;78.9;1.5
40;2021-09-22;233;584;442;335458;325564;6633;81.4;79.0;1.6
40;2021-09-23;161;296;669;335619;325860;7302;81.5;79.1;1.8
40;2021-09-24;240;590;405;335859;326450;7707;81.5;79.2;1.9
40;2021-09-25;137;416;151;335996;326866;7858;81.6;79.3;1.9
40;2021-09-26;1;9;3;335997;326875;7861;81.6;79.3;1.9
40;2021-09-27;106;253;236;336103;327128;8097;81.6;79.4;2.0
40;2021-09-28;77;237;406;336180;327365;8503;81.6;79.5;2.1
40;2021-09-29;219;550;361;336399;327915;8864;81.7;79.6;2.2
40;2021-09-30;107;226;379;336506;328141;9243;81.7;79.6;2.2
40;2021-10-01;265;403;469;336771;328544;9712;81.7;79.7;2.4
40;2021-10-02;198;342;142;336969;328886;9854;81.8;79.8;2.4
40;2021-10-03;1;11;0;336970;328897;9854;81.8;79.8;2.4
40;2021-10-04;122;245;323;337092;329142;10177;81.8;79.9;2.5
40;2021-10-05;102;243;390;337194;329385;10567;81.8;80.0;2.6
40;2021-10-06;265;425;684;337459;329810;11251;81.9;80.1;2.7
40;2021-10-07;112;228;461;337571;330038;11712;81.9;80.1;2.8
40;2021-10-08;207;447;817;337778;330485;12529;82.0;80.2;3.0
40;2021-10-09;139;225;223;337917;330710;12752;82.0;80.3;3.1
40;2021-10-10;3;15;4;337920;330725;12756;82.0;80.3;3.1
40;2021-10-11;82;172;341;338002;330897;13097;82.0;80.3;3.2
40;2021-10-12;101;166;415;338103;331063;13512;82.1;80.4;3.3
40;2021-10-13;210;371;800;338313;331434;14312;82.1;80.4;3.5
40;2021-10-14;77;152;660;338390;331586;14972;82.1;80.5;3.6
40;2021-10-15;148;325;775;338538;331911;15747;82.2;80.6;3.8
40;2021-10-16;116;184;240;338654;332095;15987;82.2;80.6;3.9
40;2021-10-17;2;2;3;338656;332097;15990;82.2;80.6;3.9
40;2021-10-18;76;165;452;338732;332262;16442;82.2;80.7;4.0
40;2021-10-19;92;127;507;338824;332389;16949;82.2;80.7;4.1
40;2021-10-20;192;266;1212;339016;332655;18161;82.3;80.7;4.4
40;2021-10-21;107;149;650;339123;332804;18811;82.3;80.8;4.6
40;2021-10-22;157;232;949;339280;333036;19760;82.4;80.8;4.8
40;2021-10-23;130;218;411;339410;333254;20171;82.4;80.9;4.9
40;2021-10-24;2;4;12;339412;333258;20183;82.4;80.9;4.9
40;2021-10-25;90;125;555;339502;333383;20738;82.4;80.9;5.0
40;2021-10-26;90;95;671;339592;333478;21409;82.4;80.9;5.2
40;2021-10-27;168;267;1307;339760;333745;22716;82.5;81.0;5.5
40;2021-10-28;83;99;688;339843;333844;23404;82.5;81.0;5.7
40;2021-10-29;135;190;1132;339978;334034;24536;82.5;81.1;6.0
40;2021-10-30;106;151;386;340084;334185;24922;82.5;81.1;6.0
40;2021-10-31;2;5;5;340086;334190;24927;82.5;81.1;6.1
40;2021-11-01;18;7;7;340104;334197;24934;82.6;81.1;6.1
40;2021-11-02;92;155;689;340196;334352;25623;82.6;81.2;6.2
40;2021-11-03;162;197;1457;340358;334549;27080;82.6;81.2;6.6
40;2021-11-04;108;131;915;340466;334680;27995;82.6;81.2;6.8
40;2021-11-05;116;168;1438;340582;334848;29433;82.7;81.3;7.1
40;2021-11-06;74;90;377;340656;334938;29810;82.7;81.3;7.2
40;2021-11-07;0;6;3;340656;334944;29813;82.7;81.3;7.2
40;2021-11-08;71;105;970;340727;335049;30783;82.7;81.3;7.5
40;2021-11-09;108;147;1486;340835;335196;32269;82.7;81.4;7.8
40;2021-11-10;153;198;1874;340988;335394;34143;82.8;81.4;8.3
40;2021-11-11;27;20;140;341015;335414;34283;82.8;81.4;8.3
40;2021-11-12;155;207;1928;341170;335621;36211;82.8;81.5;8.8
40;2021-11-13;66;103;451;341236;335724;36662;82.8;81.5;8.9
40;2021-11-14;2;8;6;341238;335732;36668;82.8;81.5;8.9
40;2021-11-15;100;87;1072;341338;335819;37740;82.9;81.5;9.2
40;2021-11-16;112;102;1930;341450;335921;39670;82.9;81.5;9.6
40;2021-11-17;168;168;2006;341618;336089;41676;82.9;81.6;10.1
40;2021-11-18;107;109;1643;341725;336198;43319;82.9;81.6;10.5
40;2021-11-19;167;197;2287;341892;336395;45606;83.0;81.7;11.1
40;2021-11-20;117;151;723;342009;336546;46329;83.0;81.7;11.2
40;2021-11-21;1;7;3;342010;336553;46332;83.0;81.7;11.2
40;2021-11-22;70;47;1362;342080;336600;47694;83.0;81.7;11.6
40;2021-11-23;138;109;2209;342218;336709;49903;83.1;81.7;12.1
40;2021-11-24;202;210;2248;342420;336919;52151;83.1;81.8;12.7
40;2021-11-25;115;120;2049;342535;337039;54200;83.1;81.8;13.2
40;2021-11-26;161;193;3017;342696;337232;57217;83.2;81.9;13.9
40;2021-11-27;81;112;907;342777;337344;58124;83.2;81.9;14.1
40;2021-11-28;9;8;266;342786;337352;58390;83.2;81.9;14.2
40;2021-11-29;73;99;2427;342859;337451;60817;83.2;81.9;14.8
40;2021-11-30;164;129;3681;343023;337580;64498;83.3;81.9;15.7
40;2021-12-01;138;176;4111;343161;337756;68609;83.3;82.0;16.7
40;2021-12-02;97;108;4226;343258;337864;72835;83.3;82.0;17.7
40;2021-12-03;138;205;4734;343396;338069;77569;83.4;82.1;18.8
40;2021-12-04;72;96;1570;343468;338165;79139;83.4;82.1;19.2
40;2021-12-05;9;10;269;343477;338175;79408;83.4;82.1;19.3
40;2021-12-06;127;158;4134;343604;338333;83542;83.4;82.1;20.3
40;2021-12-07;130;163;5730;343734;338496;89272;83.4;82.2;21.7
40;2021-12-08;138;184;4837;343872;338680;94109;83.5;82.2;22.8
40;2021-12-09;122;136;6073;343994;338816;100182;83.5;82.2;24.3
40;2021-12-10;137;195;5861;344131;339011;106043;83.5;82.3;25.7
40;2021-12-11;87;158;2284;344218;339169;108327;83.6;82.3;26.3
40;2021-12-12;19;8;385;344237;339177;108712;83.6;82.3;26.4
40;2021-12-13;100;128;4556;344337;339305;113268;83.6;82.4;27.5
40;2021-12-14;141;173;6164;344478;339478;119432;83.6;82.4;29.0
40;2021-12-15;143;217;5496;344621;339695;124928;83.7;82.5;30.3
40;2021-12-16;129;161;6488;344750;339856;131416;83.7;82.5;31.9
40;2021-12-17;171;235;6183;344921;340091;137599;83.7;82.6;33.4
40;2021-12-18;96;99;2936;345017;340190;140535;83.7;82.6;34.1
40;2021-12-19;19;13;545;345036;340203;141080;83.8;82.6;34.2
40;2021-12-20;141;137;4819;345177;340340;145899;83.8;82.6;35.4
40;2021-12-21;212;236;6045;345389;340576;151944;83.8;82.7;36.9
40;2021-12-22;188;185;4904;345577;340761;156848;83.9;82.7;38.1
40;2021-12-23;167;123;3890;345744;340884;160738;83.9;82.7;39.0
40;2021-12-24;46;57;1335;345790;340941;162073;83.9;82.8;39.3
40;2021-12-25;1;5;72;345791;340946;162145;83.9;82.8;39.4
40;2021-12-26;5;17;67;345796;340963;162212;83.9;82.8;39.4
41;2020-12-27;0;0;0;0;0;0;0.0;0.0;0.0
41;2020-12-28;0;0;0;0;0;0;0.0;0.0;0.0
41;2020-12-29;1;0;0;1;0;0;0.0;0.0;0.0
41;2020-12-30;0;0;0;1;0;0;0.0;0.0;0.0
41;2020-12-31;0;0;0;1;0;0;0.0;0.0;0.0
41;2021-01-01;1;0;0;2;0;0;0.0;0.0;0.0
41;2021-01-02;0;0;0;2;0;0;0.0;0.0;0.0
41;2021-01-03;0;0;0;2;0;0;0.0;0.0;0.0
41;2021-01-04;0;0;0;2;0;0;0.0;0.0;0.0
41;2021-01-05;39;0;0;41;0;0;0.0;0.0;0.0
41;2021-01-06;52;0;0;93;0;0;0.0;0.0;0.0
41;2021-01-07;30;0;0;123;0;0;0.0;0.0;0.0
41;2021-01-08;10;0;0;133;0;0;0.0;0.0;0.0
41;2021-01-09;5;0;0;138;0;0;0.0;0.0;0.0
41;2021-01-10;2;0;0;140;0;0;0.0;0.0;0.0
41;2021-01-11;150;0;0;290;0;0;0.1;0.0;0.0
41;2021-01-12;318;1;0;608;1;0;0.2;0.0;0.0
41;2021-01-13;295;1;0;903;2;0;0.3;0.0;0.0
41;2021-01-14;307;2;0;1210;4;0;0.4;0.0;0.0
41;2021-01-15;236;2;0;1446;6;0;0.4;0.0;0.0
41;2021-01-16;3;0;0;1449;6;0;0.4;0.0;0.0
41;2021-01-17;17;0;0;1466;6;0;0.4;0.0;0.0
41;2021-01-18;412;1;0;1878;7;0;0.6;0.0;0.0
41;2021-01-19;844;2;0;2722;9;0;0.8;0.0;0.0
41;2021-01-20;1102;6;0;3824;15;0;1.2;0.0;0.0
41;2021-01-21;1511;10;0;5335;25;0;1.6;0.0;0.0
41;2021-01-22;858;1;0;6193;26;0;1.9;0.0;0.0
41;2021-01-23;92;0;0;6285;26;0;1.9;0.0;0.0
41;2021-01-24;2;0;0;6287;26;0;1.9;0.0;0.0
41;2021-01-25;414;5;0;6701;31;0;2.0;0.0;0.0
41;2021-01-26;534;9;0;7235;40;0;2.2;0.0;0.0
41;2021-01-27;439;3;0;7674;43;0;2.3;0.0;0.0
41;2021-01-28;606;63;0;8280;106;0;2.5;0.0;0.0
41;2021-01-29;280;27;0;8560;133;0;2.6;0.0;0.0
41;2021-01-30;9;2;0;8569;135;0;2.6;0.0;0.0
41;2021-01-31;0;0;0;8569;135;0;2.6;0.0;0.0
41;2021-02-01;347;143;0;8916;278;0;2.7;0.1;0.0
41;2021-02-02;458;240;0;9374;518;0;2.9;0.2;0.0
41;2021-02-03;363;214;0;9737;732;0;3.0;0.2;0.0
41;2021-02-04;499;189;0;10236;921;0;3.1;0.3;0.0
41;2021-02-05;360;208;0;10596;1129;0;3.2;0.3;0.0
41;2021-02-06;10;5;0;10606;1134;0;3.2;0.3;0.0
41;2021-02-07;4;1;0;10610;1135;0;3.2;0.3;0.0
41;2021-02-08;334;299;0;10944;1434;0;3.3;0.4;0.0
41;2021-02-09;548;435;0;11492;1869;0;3.5;0.6;0.0
41;2021-02-10;501;651;0;11993;2520;0;3.7;0.8;0.0
41;2021-02-11;987;1083;0;12980;3603;0;4.0;1.1;0.0
41;2021-02-12;671;364;0;13651;3967;0;4.2;1.2;0.0
41;2021-02-13;17;14;0;13668;3981;0;4.2;1.2;0.0
41;2021-02-14;1;41;0;13669;4022;0;4.2;1.2;0.0
41;2021-02-15;323;320;0;13992;4342;0;4.3;1.3;0.0
41;2021-02-16;363;556;0;14355;4898;0;4.4;1.5;0.0
41;2021-02-17;344;475;0;14699;5373;0;4.5;1.6;0.0
41;2021-02-18;582;384;0;15281;5757;0;4.7;1.8;0.0
41;2021-02-19;461;353;0;15742;6110;0;4.8;1.9;0.0
41;2021-02-20;82;57;0;15824;6167;0;4.8;1.9;0.0
41;2021-02-21;0;0;0;15824;6167;0;4.8;1.9;0.0
41;2021-02-22;339;411;0;16163;6578;0;4.9;2.0;0.0
41;2021-02-23;482;355;0;16645;6933;0;5.1;2.1;0.0
41;2021-02-24;317;451;0;16962;7384;0;5.2;2.3;0.0
41;2021-02-25;667;469;0;17629;7853;0;5.4;2.4;0.0
41;2021-02-26;638;272;0;18267;8125;0;5.6;2.5;0.0
41;2021-02-27;178;15;0;18445;8140;0;5.6;2.5;0.0
41;2021-02-28;3;30;0;18448;8170;0;5.6;2.5;0.0
41;2021-03-01;333;336;0;18781;8506;0;5.7;2.6;0.0
41;2021-03-02;595;426;0;19376;8932;0;5.9;2.7;0.0
41;2021-03-03;534;468;0;19910;9400;0;6.1;2.9;0.0
41;2021-03-04;794;793;0;20704;10193;0;6.3;3.1;0.0
41;2021-03-05;858;652;0;21562;10845;0;6.6;3.3;0.0
41;2021-03-06;745;24;0;22307;10869;0;6.8;3.3;0.0
41;2021-03-07;468;26;0;22775;10895;0;6.9;3.3;0.0
41;2021-03-08;312;377;0;23087;11272;0;7.0;3.4;0.0
41;2021-03-09;1043;450;0;24130;11722;0;7.4;3.6;0.0
41;2021-03-10;776;464;0;24906;12186;0;7.6;3.7;0.0
41;2021-03-11;1176;678;0;26082;12864;0;8.0;3.9;0.0
41;2021-03-12;1188;413;0;27270;13277;0;8.3;4.0;0.0
41;2021-03-13;1191;25;0;28461;13302;0;8.7;4.1;0.0
41;2021-03-14;357;6;0;28818;13308;0;8.8;4.1;0.0
41;2021-03-15;786;354;0;29604;13662;0;9.0;4.2;0.0
41;2021-03-16;940;420;0;30544;14082;0;9.3;4.3;0.0
41;2021-03-17;585;256;0;31129;14338;0;9.5;4.4;0.0
41;2021-03-18;881;398;0;32010;14736;0;9.8;4.5;0.0
41;2021-03-19;915;332;0;32925;15068;0;10.0;4.6;0.0
41;2021-03-20;531;22;0;33456;15090;0;10.2;4.6;0.0
41;2021-03-21;8;0;0;33464;15090;0;10.2;4.6;0.0
41;2021-03-22;781;312;0;34245;15402;0;10.4;4.7;0.0
41;2021-03-23;1201;521;0;35446;15923;0;10.8;4.9;0.0
41;2021-03-24;1255;397;0;36701;16320;0;11.2;5.0;0.0
41;2021-03-25;1890;421;0;38591;16741;0;11.8;5.1;0.0
41;2021-03-26;1578;339;0;40169;17080;0;12.3;5.2;0.0
41;2021-03-27;467;68;0;40636;17148;0;12.4;5.2;0.0
41;2021-03-28;7;1;0;40643;17149;0;12.4;5.2;0.0
41;2021-03-29;928;312;0;41571;17461;0;12.7;5.3;0.0
41;2021-03-30;1463;542;0;43034;18003;0;13.1;5.5;0.0
41;2021-03-31;1140;516;0;44174;18519;0;13.5;5.6;0.0
41;2021-04-01;2105;540;0;46279;19059;0;14.1;5.8;0.0
41;2021-04-02;1251;469;0;47530;19528;0;14.5;6.0;0.0
41;2021-04-03;347;28;0;47877;19556;0;14.6;6.0;0.0
41;2021-04-04;54;3;0;47931;19559;0;14.6;6.0;0.0
41;2021-04-05;144;2;0;48075;19561;0;14.7;6.0;0.0
41;2021-04-06;1299;607;0;49374;20168;0;15.1;6.2;0.0
41;2021-04-07;1857;666;0;51231;20834;0;15.6;6.4;0.0
41;2021-04-08;2219;882;0;53450;21716;0;16.3;6.6;0.0
41;2021-04-09;2522;603;0;55972;22319;0;17.1;6.8;0.0
41;2021-04-10;1053;466;0;57025;22785;0;17.4;7.0;0.0
41;2021-04-11;293;346;0;57318;23131;0;17.5;7.1;0.0
41;2021-04-12;1714;634;0;59032;23765;0;18.0;7.2;0.0
41;2021-04-13;2249;897;0;61281;24662;0;18.7;7.5;0.0
41;2021-04-14;1845;558;0;63126;25220;0;19.3;7.7;0.0
41;2021-04-15;2396;935;0;65522;26155;0;20.0;8.0;0.0
41;2021-04-16;1983;620;0;67505;26775;0;20.6;8.2;0.0
41;2021-04-17;761;120;0;68266;26895;0;20.8;8.2;0.0
41;2021-04-18;26;9;0;68292;26904;0;20.8;8.2;0.0
41;2021-04-19;1299;662;0;69591;27566;0;21.2;8.4;0.0
41;2021-04-20;1967;1039;0;71558;28605;0;21.8;8.7;0.0
41;2021-04-21;1549;828;0;73107;29433;0;22.3;9.0;0.0
41;2021-04-22;2197;1385;0;75304;30818;0;23.0;9.4;0.0
41;2021-04-23;1737;1023;0;77041;31841;0;23.5;9.7;0.0
41;2021-04-24;1421;279;0;78462;32120;0;23.9;9.8;0.0
41;2021-04-25;792;15;0;79254;32135;0;24.2;9.8;0.0
41;2021-04-26;1382;638;0;80636;32773;0;24.6;10.0;0.0
41;2021-04-27;2113;1027;0;82749;33800;0;25.2;10.3;0.0
41;2021-04-28;1622;892;0;84371;34692;0;25.7;10.6;0.0
41;2021-04-29;2208;1312;0;86579;36004;0;26.4;11.0;0.0
41;2021-04-30;1993;871;0;88572;36875;0;27.0;11.2;0.0
41;2021-05-01;216;26;0;88788;36901;0;27.1;11.3;0.0
41;2021-05-02;134;22;0;88922;36923;0;27.1;11.3;0.0
41;2021-05-03;1828;953;0;90750;37876;0;27.7;11.6;0.0
41;2021-05-04;2044;1529;0;92794;39405;0;28.3;12.0;0.0
41;2021-05-05;1923;1229;0;94717;40634;0;28.9;12.4;0.0
41;2021-05-06;2352;1654;0;97069;42288;0;29.6;12.9;0.0
41;2021-05-07;2005;1814;0;99074;44102;0;30.2;13.5;0.0
41;2021-05-08;228;172;0;99302;44274;0;30.3;13.5;0.0
41;2021-05-09;34;373;0;99336;44647;0;30.3;13.6;0.0
41;2021-05-10;1585;1595;0;100921;46242;0;30.8;14.1;0.0
41;2021-05-11;1999;2057;0;102920;48299;0;31.4;14.7;0.0
41;2021-05-12;1955;1688;0;104875;49987;0;32.0;15.2;0.0
41;2021-05-13;1283;896;0;106158;50883;0;32.4;15.5;0.0
41;2021-05-14;1570;1348;0;107728;52231;0;32.9;15.9;0.0
41;2021-05-15;381;354;0;108109;52585;0;33.0;16.0;0.0
41;2021-05-16;41;13;0;108150;52598;0;33.0;16.0;0.0
41;2021-05-17;2363;618;0;110513;53216;0;33.7;16.2;0.0
41;2021-05-18;3027;1005;0;113540;54221;0;34.6;16.5;0.0
41;2021-05-19;2535;724;0;116075;54945;0;35.4;16.8;0.0
41;2021-05-20;3130;1107;0;119205;56052;0;36.4;17.1;0.0
41;2021-05-21;2560;1015;0;121765;57067;0;37.1;17.4;0.0
41;2021-05-22;528;259;0;122293;57326;0;37.3;17.5;0.0
41;2021-05-23;40;10;0;122333;57336;0;37.3;17.5;0.0
41;2021-05-24;2198;130;0;124531;57466;0;38.0;17.5;0.0
41;2021-05-25;2780;637;0;127311;58103;0;38.8;17.7;0.0
41;2021-05-26;2826;751;0;130137;58854;0;39.7;18.0;0.0
41;2021-05-27;3053;1168;0;133190;60022;0;40.6;18.3;0.0
41;2021-05-28;2978;1113;0;136168;61135;0;41.5;18.6;0.0
41;2021-05-29;2045;480;0;138213;61615;0;42.2;18.8;0.0
41;2021-05-30;316;41;0;138529;61656;0;42.3;18.8;0.0
41;2021-05-31;1838;1573;0;140367;63229;0;42.8;19.3;0.0
41;2021-06-01;2327;1932;0;142694;65161;0;43.5;19.9;0.0
41;2021-06-02;1978;1331;0;144672;66492;0;44.1;20.3;0.0
41;2021-06-03;2639;1893;0;147311;68385;0;44.9;20.9;0.0
41;2021-06-04;2326;1964;0;149637;70349;0;45.6;21.5;0.0
41;2021-06-05;888;1401;0;150525;71750;0;45.9;21.9;0.0
41;2021-06-06;135;742;0;150660;72492;0;46.0;22.1;0.0
41;2021-06-07;1664;1640;0;152324;74132;0;46.5;22.6;0.0
41;2021-06-08;1889;2322;0;154213;76454;0;47.0;23.3;0.0
41;2021-06-09;1817;1655;0;156030;78109;0;47.6;23.8;0.0
41;2021-06-10;2144;1813;0;158174;79922;0;48.2;24.4;0.0
41;2021-06-11;1738;1834;0;159912;81756;0;48.8;24.9;0.0
41;2021-06-12;912;739;0;160824;82495;0;49.1;25.2;0.0
41;2021-06-13;60;84;0;160884;82579;0;49.1;25.2;0.0
41;2021-06-14;1466;1989;0;162350;84568;0;49.5;25.8;0.0
41;2021-06-15;1989;2678;0;164339;87246;0;50.1;26.6;0.0
41;2021-06-16;1918;2333;0;166257;89579;0;50.7;27.3;0.0
41;2021-06-17;2009;2469;0;168266;92048;0;51.3;28.1;0.0
41;2021-06-18;1802;2361;0;170068;94409;0;51.9;28.8;0.0
41;2021-06-19;667;612;0;170735;95021;0;52.1;29.0;0.0
41;2021-06-20;34;49;0;170769;95070;0;52.1;29.0;0.0
41;2021-06-21;1437;1828;0;172206;96898;0;52.5;29.6;0.0
41;2021-06-22;1705;2472;0;173911;99370;0;53.0;30.3;0.0
41;2021-06-23;1519;2059;0;175430;101429;0;53.5;30.9;0.0
41;2021-06-24;1494;2165;0;176924;103594;0;54.0;31.6;0.0
41;2021-06-25;1343;2604;0;178267;106198;0;54.4;32.4;0.0
41;2021-06-26;614;780;0;178881;106978;0;54.6;32.6;0.0
41;2021-06-27;13;50;0;178894;107028;0;54.6;32.6;0.0
41;2021-06-28;569;2713;0;179463;109741;0;54.7;33.5;0.0
41;2021-06-29;824;3367;0;180287;113108;0;55.0;34.5;0.0
41;2021-06-30;731;3073;0;181018;116181;0;55.2;35.4;0.0
41;2021-07-01;879;3016;0;181897;119197;0;55.5;36.4;0.0
41;2021-07-02;792;3381;0;182689;122578;0;55.7;37.4;0.0
41;2021-07-03;405;851;0;183094;123429;0;55.8;37.6;0.0
41;2021-07-04;14;36;0;183108;123465;0;55.9;37.7;0.0
41;2021-07-05;541;2821;0;183649;126286;0;56.0;38.5;0.0
41;2021-07-06;826;3475;0;184475;129761;0;56.3;39.6;0.0
41;2021-07-07;742;3155;0;185217;132916;0;56.5;40.5;0.0
41;2021-07-08;1126;3372;0;186343;136288;0;56.8;41.6;0.0
41;2021-07-09;761;3628;0;187104;139916;0;57.1;42.7;0.0
41;2021-07-10;436;2180;0;187540;142096;0;57.2;43.3;0.0
41;2021-07-11;18;287;0;187558;142383;0;57.2;43.4;0.0
41;2021-07-12;993;2585;0;188551;144968;0;57.5;44.2;0.0
41;2021-07-13;1370;3478;0;189921;148446;0;57.9;45.3;0.0
41;2021-07-14;247;1057;0;190168;149503;0;58.0;45.6;0.0
41;2021-07-15;1543;3477;0;191711;152980;0;58.5;46.7;0.0
41;2021-07-16;1330;3491;0;193041;156471;0;58.9;47.7;0.0
41;2021-07-17;602;1106;0;193643;157577;0;59.1;48.1;0.0
41;2021-07-18;55;67;0;193698;157644;0;59.1;48.1;0.0
41;2021-07-19;1366;2534;0;195064;160178;0;59.5;48.9;0.0
41;2021-07-20;1826;2929;0;196890;163107;0;60.1;49.8;0.0
41;2021-07-21;2012;2453;0;198902;165560;0;60.7;50.5;0.0
41;2021-07-22;2496;2591;0;201398;168151;0;61.4;51.3;0.0
41;2021-07-23;2308;2719;0;203706;170870;0;62.1;52.1;0.0
41;2021-07-24;538;1227;0;204244;172097;0;62.3;52.5;0.0
41;2021-07-25;58;50;0;204302;172147;0;62.3;52.5;0.0
41;2021-07-26;1947;2017;0;206249;174164;0;62.9;53.1;0.0
41;2021-07-27;2709;2503;0;208958;176667;0;63.7;53.9;0.0
41;2021-07-28;2445;2068;0;211403;178735;0;64.5;54.5;0.0
41;2021-07-29;2558;2268;0;213961;181003;0;65.3;55.2;0.0
41;2021-07-30;2316;2310;0;216277;183313;0;66.0;55.9;0.0
41;2021-07-31;678;815;0;216955;184128;0;66.2;56.2;0.0
41;2021-08-01;56;30;0;217011;184158;0;66.2;56.2;0.0
41;2021-08-02;1662;1843;0;218673;186001;0;66.7;56.7;0.0
41;2021-08-03;2607;2013;0;221280;188014;0;67.5;57.4;0.0
41;2021-08-04;2537;1404;0;223817;189418;0;68.3;57.8;0.0
41;2021-08-05;2892;1379;0;226709;190797;0;69.2;58.2;0.0
41;2021-08-06;2217;1361;0;228926;192158;0;69.8;58.6;0.0
41;2021-08-07;640;441;0;229566;192599;0;70.0;58.7;0.0
41;2021-08-08;46;39;0;229612;192638;0;70.0;58.8;0.0
41;2021-08-09;1688;1363;0;231300;194001;0;70.6;59.2;0.0
41;2021-08-10;2388;1488;0;233688;195489;0;71.3;59.6;0.0
41;2021-08-11;1554;1539;0;235242;197028;0;71.8;60.1;0.0
41;2021-08-12;1858;1460;0;237100;198488;0;72.3;60.5;0.0
41;2021-08-13;1429;1712;0;238529;200200;0;72.8;61.1;0.0
41;2021-08-14;410;344;0;238939;200544;0;72.9;61.2;0.0
41;2021-08-15;13;28;0;238952;200572;0;72.9;61.2;0.0
41;2021-08-16;889;2058;0;239841;202630;0;73.2;61.8;0.0
41;2021-08-17;1446;1818;0;241287;204448;0;73.6;62.4;0.0
41;2021-08-18;1170;2106;0;242457;206554;0;74.0;63.0;0.0
41;2021-08-19;1209;1735;0;243666;208289;0;74.3;63.5;0.0
41;2021-08-20;945;2383;0;244611;210672;0;74.6;64.3;0.0
41;2021-08-21;233;410;0;244844;211082;0;74.7;64.4;0.0
41;2021-08-22;7;54;0;244851;211136;0;74.7;64.4;0.0
41;2021-08-23;696;2288;0;245547;213424;0;74.9;65.1;0.0
41;2021-08-24;1223;2247;0;246770;215671;0;75.3;65.8;0.0
41;2021-08-25;643;2285;0;247413;217956;0;75.5;66.5;0.0
41;2021-08-26;774;2627;0;248187;220583;0;75.7;67.3;0.0
41;2021-08-27;619;2757;0;248806;223340;0;75.9;68.1;0.0
41;2021-08-28;141;773;0;248947;224113;0;75.9;68.4;0.0
41;2021-08-29;43;44;0;248990;224157;0;75.9;68.4;0.0
41;2021-08-30;713;2192;8;249703;226349;8;76.2;69.0;0.0
41;2021-08-31;708;2458;45;250411;228807;53;76.4;69.8;0.0
41;2021-09-01;571;1861;118;250982;230668;171;76.6;70.4;0.1
41;2021-09-02;514;1924;120;251496;232592;291;76.7;70.9;0.1
41;2021-09-03;630;2056;125;252126;234648;416;76.9;71.6;0.1
41;2021-09-04;232;729;39;252358;235377;455;77.0;71.8;0.1
41;2021-09-05;7;23;7;252365;235400;462;77.0;71.8;0.1
41;2021-09-06;318;1032;145;252683;236432;607;77.1;72.1;0.2
41;2021-09-07;389;1130;174;253072;237562;781;77.2;72.5;0.2
41;2021-09-08;376;1281;116;253448;238843;897;77.3;72.9;0.3
41;2021-09-09;302;1102;143;253750;239945;1040;77.4;73.2;0.3
41;2021-09-10;435;1250;191;254185;241195;1231;77.5;73.6;0.4
41;2021-09-11;155;528;30;254340;241723;1261;77.6;73.7;0.4
41;2021-09-12;5;8;1;254345;241731;1262;77.6;73.7;0.4
41;2021-09-13;236;637;247;254581;242368;1509;77.7;73.9;0.5
41;2021-09-14;333;734;255;254914;243102;1764;77.8;74.2;0.5
41;2021-09-15;298;1129;244;255212;244231;2008;77.8;74.5;0.6
41;2021-09-16;241;800;237;255453;245031;2245;77.9;74.7;0.7
41;2021-09-17;379;738;281;255832;245769;2526;78.0;75.0;0.8
41;2021-09-18;129;262;21;255961;246031;2547;78.1;75.0;0.8
41;2021-09-19;3;19;0;255964;246050;2547;78.1;75.1;0.8
41;2021-09-20;189;562;262;256153;246612;2809;78.1;75.2;0.9
41;2021-09-21;180;487;288;256333;247099;3097;78.2;75.4;0.9
41;2021-09-22;278;876;347;256611;247975;3444;78.3;75.6;1.1
41;2021-09-23;223;612;587;256834;248587;4031;78.3;75.8;1.2
41;2021-09-24;315;648;469;257149;249235;4500;78.4;76.0;1.4
41;2021-09-25;104;322;83;257253;249557;4583;78.5;76.1;1.4
41;2021-09-26;0;9;6;257253;249566;4589;78.5;76.1;1.4
41;2021-09-27;162;380;294;257415;249946;4883;78.5;76.2;1.5
41;2021-09-28;163;395;400;257578;250341;5283;78.6;76.4;1.6
41;2021-09-29;176;530;280;257754;250871;5563;78.6;76.5;1.7
41;2021-09-30;117;326;482;257871;251197;6045;78.7;76.6;1.8
41;2021-10-01;235;406;381;258106;251603;6426;78.7;76.7;2.0
41;2021-10-02;100;196;65;258206;251799;6491;78.8;76.8;2.0
41;2021-10-03;4;5;1;258210;251804;6492;78.8;76.8;2.0
41;2021-10-04;119;259;395;258329;252063;6887;78.8;76.9;2.1
41;2021-10-05;123;262;547;258452;252325;7434;78.8;77.0;2.3
41;2021-10-06;238;433;524;258690;252758;7958;78.9;77.1;2.4
41;2021-10-07;119;178;539;258809;252936;8497;78.9;77.2;2.6
41;2021-10-08;201;475;635;259010;253411;9132;79.0;77.3;2.8
41;2021-10-09;80;219;135;259090;253630;9267;79.0;77.4;2.8
41;2021-10-10;4;13;3;259094;253643;9270;79.0;77.4;2.8
41;2021-10-11;126;218;461;259220;253861;9731;79.1;77.4;3.0
41;2021-10-12;73;169;405;259293;254030;10136;79.1;77.5;3.1
41;2021-10-13;188;315;522;259481;254345;10658;79.1;77.6;3.3
41;2021-10-14;78;133;435;259559;254478;11093;79.2;77.6;3.4
41;2021-10-15;177;458;675;259736;254936;11768;79.2;77.8;3.6
41;2021-10-16;54;115;107;259790;255051;11875;79.2;77.8;3.6
41;2021-10-17;1;3;2;259791;255054;11877;79.2;77.8;3.6
41;2021-10-18;140;221;503;259931;255275;12380;79.3;77.9;3.8
41;2021-10-19;76;146;441;260007;255421;12821;79.3;77.9;3.9
41;2021-10-20;166;269;674;260173;255690;13495;79.4;78.0;4.1
41;2021-10-21;62;72;340;260235;255762;13835;79.4;78.0;4.2
41;2021-10-22;126;315;683;260361;256077;14518;79.4;78.1;4.4
41;2021-10-23;52;69;149;260413;256146;14667;79.4;78.1;4.5
41;2021-10-24;2;5;1;260415;256151;14668;79.4;78.1;4.5
41;2021-10-25;137;157;622;260552;256308;15290;79.5;78.2;4.7
41;2021-10-26;72;88;430;260624;256396;15720;79.5;78.2;4.8
41;2021-10-27;170;235;825;260794;256631;16545;79.6;78.3;5.0
41;2021-10-28;58;137;291;260852;256768;16836;79.6;78.3;5.1
41;2021-10-29;149;232;900;261001;257000;17736;79.6;78.4;5.4
41;2021-10-30;35;55;142;261036;257055;17878;79.6;78.4;5.5
41;2021-10-31;2;7;0;261038;257062;17878;79.6;78.4;5.5
41;2021-11-01;9;10;10;261047;257072;17888;79.6;78.4;5.5
41;2021-11-02;45;81;268;261092;257153;18156;79.6;78.4;5.5
41;2021-11-03;116;179;586;261208;257332;18742;79.7;78.5;5.7
41;2021-11-04;55;79;435;261263;257411;19177;79.7;78.5;5.8
41;2021-11-05;127;204;1225;261390;257615;20402;79.7;78.6;6.2
41;2021-11-06;60;75;317;261450;257690;20719;79.8;78.6;6.3
41;2021-11-07;0;7;8;261450;257697;20727;79.8;78.6;6.3
41;2021-11-08;60;160;1142;261510;257857;21869;79.8;78.7;6.7
41;2021-11-09;76;79;801;261586;257936;22670;79.8;78.7;6.9
41;2021-11-10;102;137;1010;261688;258073;23680;79.8;78.7;7.2
41;2021-11-11;2;11;15;261690;258084;23695;79.8;78.7;7.2
41;2021-11-12;98;122;926;261788;258206;24621;79.9;78.8;7.5
41;2021-11-13;57;84;287;261845;258290;24908;79.9;78.8;7.6
41;2021-11-14;4;6;5;261849;258296;24913;79.9;78.8;7.6
41;2021-11-15;81;85;978;261930;258381;25891;79.9;78.8;7.9
41;2021-11-16;74;70;1175;262004;258451;27066;79.9;78.8;8.3
41;2021-11-17;117;158;1106;262121;258609;28172;80.0;78.9;8.6
41;2021-11-18;100;114;1135;262221;258723;29307;80.0;78.9;8.9
41;2021-11-19;124;125;1527;262345;258848;30834;80.0;79.0;9.4
41;2021-11-20;80;83;498;262425;258931;31332;80.0;79.0;9.6
41;2021-11-21;2;2;28;262427;258933;31360;80.0;79.0;9.6
41;2021-11-22;69;63;1321;262496;258996;32681;80.1;79.0;10.0
41;2021-11-23;81;67;1188;262577;259063;33869;80.1;79.0;10.3
41;2021-11-24;116;112;1478;262693;259175;35347;80.1;79.1;10.8
41;2021-11-25;86;73;1409;262779;259248;36756;80.2;79.1;11.2
41;2021-11-26;139;137;2505;262918;259385;39261;80.2;79.1;12.0
41;2021-11-27;82;80;818;263000;259465;40079;80.2;79.1;12.2
41;2021-11-28;2;5;30;263002;259470;40109;80.2;79.1;12.2
41;2021-11-29;77;65;2346;263079;259535;42455;80.2;79.2;13.0
41;2021-11-30;65;86;1858;263144;259621;44313;80.3;79.2;13.5
41;2021-12-01;88;115;3250;263232;259736;47563;80.3;79.2;14.5
41;2021-12-02;93;75;2902;263325;259811;50465;80.3;79.3;15.4
41;2021-12-03;90;110;3517;263415;259921;53982;80.3;79.3;16.5
41;2021-12-04;57;81;1282;263472;260002;55264;80.4;79.3;16.9
41;2021-12-05;12;8;223;263484;260010;55487;80.4;79.3;16.9
41;2021-12-06;50;61;3564;263534;260071;59051;80.4;79.3;18.0
41;2021-12-07;102;120;4448;263636;260191;63499;80.4;79.4;19.4
41;2021-12-08;95;118;3932;263731;260309;67431;80.4;79.4;20.6
41;2021-12-09;106;107;4247;263837;260416;71678;80.5;79.4;21.9
41;2021-12-10;103;142;4446;263940;260558;76124;80.5;79.5;23.2
41;2021-12-11;54;62;1683;263994;260620;77807;80.5;79.5;23.7
41;2021-12-12;8;7;276;264002;260627;78083;80.5;79.5;23.8
41;2021-12-13;52;86;3676;264054;260713;81759;80.5;79.5;24.9
41;2021-12-14;94;114;5346;264148;260827;87105;80.6;79.6;26.6
41;2021-12-15;100;114;4469;264248;260941;91574;80.6;79.6;27.9
41;2021-12-16;123;131;5051;264371;261072;96625;80.6;79.6;29.5
41;2021-12-17;146;190;5457;264517;261262;102082;80.7;79.7;31.1
41;2021-12-18;108;88;3172;264625;261350;105254;80.7;79.7;32.1
41;2021-12-19;8;8;559;264633;261358;105813;80.7;79.7;32.3
41;2021-12-20;88;100;3425;264721;261458;109238;80.7;79.8;33.3
41;2021-12-21;163;120;4215;264884;261578;113453;80.8;79.8;34.6
41;2021-12-22;155;122;3739;265039;261700;117192;80.8;79.8;35.7
41;2021-12-23;117;63;2338;265156;261763;119530;80.9;79.8;36.5
41;2021-12-24;22;34;649;265178;261797;120179;80.9;79.9;36.7
41;2021-12-25;1;1;33;265179;261798;120212;80.9;79.9;36.7
41;2021-12-26;13;8;120;265192;261806;120332;80.9;79.9;36.7
42;2020-12-27;0;0;0;0;0;0;0.0;0.0;0.0
42;2020-12-28;3;0;0;3;0;0;0.0;0.0;0.0
42;2020-12-29;1;0;0;4;0;0;0.0;0.0;0.0
42;2020-12-30;0;0;0;4;0;0;0.0;0.0;0.0
42;2020-12-31;0;0;0;4;0;0;0.0;0.0;0.0
42;2021-01-01;0;0;0;4;0;0;0.0;0.0;0.0
42;2021-01-02;0;0;0;4;0;0;0.0;0.0;0.0
42;2021-01-03;0;0;0;4;0;0;0.0;0.0;0.0
42;2021-01-04;2;0;0;6;0;0;0.0;0.0;0.0
42;2021-01-05;3;0;0;9;0;0;0.0;0.0;0.0
42;2021-01-06;169;1;0;178;1;0;0.0;0.0;0.0
42;2021-01-07;252;0;0;430;1;0;0.1;0.0;0.0
42;2021-01-08;260;4;0;690;5;0;0.1;0.0;0.0
42;2021-01-09;130;1;0;820;6;0;0.1;0.0;0.0
42;2021-01-10;0;0;0;820;6;0;0.1;0.0;0.0
42;2021-01-11;282;2;0;1102;8;0;0.1;0.0;0.0
42;2021-01-12;403;1;0;1505;9;0;0.2;0.0;0.0
42;2021-01-13;501;2;0;2006;11;0;0.3;0.0;0.0
42;2021-01-14;755;5;0;2761;16;0;0.4;0.0;0.0
42;2021-01-15;692;3;0;3453;19;0;0.5;0.0;0.0
42;2021-01-16;281;2;0;3734;21;0;0.5;0.0;0.0
42;2021-01-17;211;0;0;3945;21;0;0.5;0.0;0.0
42;2021-01-18;952;0;0;4897;21;0;0.6;0.0;0.0
42;2021-01-19;1262;10;0;6159;31;0;0.8;0.0;0.0
42;2021-01-20;938;4;0;7097;35;0;0.9;0.0;0.0
42;2021-01-21;992;3;0;8089;38;0;1.1;0.0;0.0
42;2021-01-22;962;6;0;9051;44;0;1.2;0.0;0.0
42;2021-01-23;400;0;0;9451;44;0;1.2;0.0;0.0
42;2021-01-24;346;0;0;9797;44;0;1.3;0.0;0.0
42;2021-01-25;1090;11;0;10887;55;0;1.4;0.0;0.0
42;2021-01-26;1666;18;0;12553;73;0;1.6;0.0;0.0
42;2021-01-27;1410;118;0;13963;191;0;1.8;0.0;0.0
42;2021-01-28;1615;138;0;15578;329;0;2.0;0.0;0.0
42;2021-01-29;929;107;0;16507;436;0;2.2;0.1;0.0
42;2021-01-30;259;109;0;16766;545;0;2.2;0.1;0.0
42;2021-01-31;247;2;0;17013;547;0;2.2;0.1;0.0
42;2021-02-01;709;65;0;17722;612;0;2.3;0.1;0.0
42;2021-02-02;1809;307;0;19531;919;0;2.6;0.1;0.0
42;2021-02-03;1456;470;0;20987;1389;0;2.7;0.2;0.0
42;2021-02-04;1240;595;0;22227;1984;0;2.9;0.3;0.0
42;2021-02-05;694;491;0;22921;2475;0;3.0;0.3;0.0
42;2021-02-06;303;133;0;23224;2608;0;3.0;0.3;0.0
42;2021-02-07;251;143;0;23475;2751;0;3.1;0.4;0.0
42;2021-02-08;512;591;0;23987;3342;0;3.1;0.4;0.0
42;2021-02-09;710;792;0;24697;4134;0;3.2;0.5;0.0
42;2021-02-10;739;683;0;25436;4817;0;3.3;0.6;0.0
42;2021-02-11;754;714;0;26190;5531;0;3.4;0.7;0.0
42;2021-02-12;680;744;0;26870;6275;0;3.5;0.8;0.0
42;2021-02-13;310;258;0;27180;6533;0;3.6;0.9;0.0
42;2021-02-14;178;207;0;27358;6740;0;3.6;0.9;0.0
42;2021-02-15;516;792;0;27874;7532;0;3.6;1.0;0.0
42;2021-02-16;494;1152;0;28368;8684;0;3.7;1.1;0.0
42;2021-02-17;535;1473;0;28903;10157;0;3.8;1.3;0.0
42;2021-02-18;750;1331;0;29653;11488;0;3.9;1.5;0.0
42;2021-02-19;751;952;0;30404;12440;0;4.0;1.6;0.0
42;2021-02-20;228;411;0;30632;12851;0;4.0;1.7;0.0
42;2021-02-21;61;318;0;30693;13169;0;4.0;1.7;0.0
42;2021-02-22;535;906;0;31228;14075;0;4.1;1.8;0.0
42;2021-02-23;1159;1395;0;32387;15470;0;4.2;2.0;0.0
42;2021-02-24;1200;1210;0;33587;16680;0;4.4;2.2;0.0
42;2021-02-25;1583;1337;0;35170;18017;0;4.6;2.4;0.0
42;2021-02-26;1576;940;0;36746;18957;0;4.8;2.5;0.0
42;2021-02-27;520;270;0;37266;19227;0;4.9;2.5;0.0
42;2021-02-28;159;120;0;37425;19347;0;4.9;2.5;0.0
42;2021-03-01;785;808;0;38210;20155;0;5.0;2.6;0.0
42;2021-03-02;1254;815;0;39464;20970;0;5.2;2.7;0.0
42;2021-03-03;1396;822;0;40860;21792;0;5.3;2.8;0.0
42;2021-03-04;1686;742;0;42546;22534;0;5.6;2.9;0.0
42;2021-03-05;2498;672;0;45044;23206;0;5.9;3.0;0.0
42;2021-03-06;1810;282;0;46854;23488;0;6.1;3.1;0.0
42;2021-03-07;1358;95;0;48212;23583;0;6.3;3.1;0.0
42;2021-03-08;1350;530;0;49562;24113;0;6.5;3.2;0.0
42;2021-03-09;1965;481;0;51527;24594;0;6.7;3.2;0.0
42;2021-03-10;2072;542;0;53599;25136;0;7.0;3.3;0.0
42;2021-03-11;2976;647;0;56575;25783;0;7.4;3.4;0.0
42;2021-03-12;3005;833;0;59580;26616;0;7.8;3.5;0.0
42;2021-03-13;1493;350;0;61073;26966;0;8.0;3.5;0.0
42;2021-03-14;454;170;0;61527;27136;0;8.0;3.5;0.0
42;2021-03-15;1593;587;0;63120;27723;0;8.3;3.6;0.0
42;2021-03-16;1459;778;0;64579;28501;0;8.4;3.7;0.0
42;2021-03-17;1684;1021;0;66263;29522;0;8.7;3.9;0.0
42;2021-03-18;1790;981;0;68053;30503;0;8.9;4.0;0.0
42;2021-03-19;2547;690;0;70600;31193;0;9.2;4.1;0.0
42;2021-03-20;1581;230;0;72181;31423;0;9.4;4.1;0.0
42;2021-03-21;496;99;0;72677;31522;0;9.5;4.1;0.0
42;2021-03-22;1457;743;0;74134;32265;0;9.7;4.2;0.0
42;2021-03-23;2488;869;0;76622;33134;0;10.0;4.3;0.0
42;2021-03-24;2757;798;0;79379;33932;0;10.4;4.4;0.0
42;2021-03-25;3733;939;0;83112;34871;0;10.9;4.6;0.0
42;2021-03-26;3775;791;0;86887;35662;0;11.4;4.7;0.0
42;2021-03-27;1819;430;0;88706;36092;0;11.6;4.7;0.0
42;2021-03-28;998;204;0;89704;36296;0;11.7;4.7;0.0
42;2021-03-29;2094;921;0;91798;37217;0;12.0;4.9;0.0
42;2021-03-30;3188;870;0;94986;38087;0;12.4;5.0;0.0
42;2021-03-31;2497;1099;0;97483;39186;0;12.7;5.1;0.0
42;2021-04-01;3387;1050;0;100870;40236;0;13.2;5.3;0.0
42;2021-04-02;2862;1196;0;103732;41432;0;13.6;5.4;0.0
42;2021-04-03;1369;586;0;105101;42018;0;13.7;5.5;0.0
42;2021-04-04;1341;366;0;106442;42384;0;13.9;5.5;0.0
42;2021-04-05;1847;286;0;108289;42670;0;14.2;5.6;0.0
42;2021-04-06;2236;1414;0;110525;44084;0;14.5;5.8;0.0
42;2021-04-07;2693;1834;0;113218;45918;0;14.8;6.0;0.0
42;2021-04-08;3990;1585;0;117208;47503;0;15.3;6.2;0.0
42;2021-04-09;5048;1528;0;122256;49031;0;16.0;6.4;0.0
42;2021-04-10;2566;762;0;124822;49793;0;16.3;6.5;0.0
42;2021-04-11;1844;412;0;126666;50205;0;16.6;6.6;0.0
42;2021-04-12;3571;1547;0;130237;51752;0;17.0;6.8;0.0
42;2021-04-13;4427;1799;0;134664;53551;0;17.6;7.0;0.0
42;2021-04-14;4099;1881;0;138763;55432;0;18.1;7.2;0.0
42;2021-04-15;4616;1824;0;143379;57256;0;18.7;7.5;0.0
42;2021-04-16;4370;1875;0;147749;59131;0;19.3;7.7;0.0
42;2021-04-17;2778;1024;0;150527;60155;0;19.7;7.9;0.0
42;2021-04-18;1619;395;0;152146;60550;0;19.9;7.9;0.0
42;2021-04-19;2829;1521;0;154975;62071;0;20.3;8.1;0.0
42;2021-04-20;3285;1945;0;158260;64016;0;20.7;8.4;0.0
42;2021-04-21;3281;1778;0;161541;65794;0;21.1;8.6;0.0
42;2021-04-22;3521;1933;0;165062;67727;0;21.6;8.9;0.0
42;2021-04-23;3545;2027;0;168607;69754;0;22.0;9.1;0.0
42;2021-04-24;2123;1495;0;170730;71249;0;22.3;9.3;0.0
42;2021-04-25;1372;894;0;172102;72143;0;22.5;9.4;0.0
42;2021-04-26;2956;1735;0;175058;73878;0;22.9;9.7;0.0
42;2021-04-27;2994;2249;0;178052;76127;0;23.3;10.0;0.0
42;2021-04-28;3190;2590;0;181242;78717;0;23.7;10.3;0.0
42;2021-04-29;3599;2747;0;184841;81464;0;24.2;10.7;0.0
42;2021-04-30;3167;2996;0;188008;84460;0;24.6;11.0;0.0
42;2021-05-01;2587;1003;0;190595;85463;0;24.9;11.2;0.0
42;2021-05-02;1728;1218;0;192323;86681;0;25.1;11.3;0.0
42;2021-05-03;2725;2716;0;195048;89397;0;25.5;11.7;0.0
42;2021-05-04;3275;3080;0;198323;92477;0;25.9;12.1;0.0
42;2021-05-05;3178;3262;0;201501;95739;0;26.3;12.5;0.0
42;2021-05-06;3708;3669;0;205209;99408;0;26.8;13.0;0.0
42;2021-05-07;3509;3916;0;208718;103324;0;27.3;13.5;0.0
42;2021-05-08;2803;1006;0;211521;104330;0;27.7;13.6;0.0
42;2021-05-09;1437;2012;0;212958;106342;0;27.8;13.9;0.0
42;2021-05-10;3043;3681;0;216001;110023;0;28.2;14.4;0.0
42;2021-05-11;4966;3738;0;220967;113761;0;28.9;14.9;0.0
42;2021-05-12;4712;3420;0;225679;117181;0;29.5;15.3;0.0
42;2021-05-13;4911;1115;0;230590;118296;0;30.2;15.5;0.0
42;2021-05-14;4749;2769;0;235339;121065;0;30.8;15.8;0.0
42;2021-05-15;4274;1953;0;239613;123018;0;31.3;16.1;0.0
42;2021-05-16;2462;943;0;242075;123961;0;31.7;16.2;0.0
42;2021-05-17;5304;2705;0;247379;126666;0;32.3;16.6;0.0
42;2021-05-18;5607;2863;0;252986;129529;0;33.1;16.9;0.0
42;2021-05-19;5685;2615;0;258671;132144;0;33.8;17.3;0.0
42;2021-05-20;6080;2778;0;264751;134922;0;34.6;17.6;0.0
42;2021-05-21;5352;3070;0;270103;137992;0;35.3;18.0;0.0
42;2021-05-22;4322;1956;0;274425;139948;0;35.9;18.3;0.0
42;2021-05-23;2191;763;0;276616;140711;0;36.2;18.4;0.0
42;2021-05-24;3862;1226;0;280478;141937;0;36.7;18.6;0.0
42;2021-05-25;4332;3678;0;284810;145615;0;37.2;19.0;0.0
42;2021-05-26;4383;3198;0;289193;148813;0;37.8;19.5;0.0
42;2021-05-27;4649;3427;0;293842;152240;0;38.4;19.9;0.0
42;2021-05-28;4369;3948;0;298211;156188;0;39.0;20.4;0.0
42;2021-05-29;3325;2653;0;301536;158841;0;39.4;20.8;0.0
42;2021-05-30;1527;1067;0;303063;159908;0;39.6;20.9;0.0
42;2021-05-31;3654;3141;0;306717;163049;0;40.1;21.3;0.0
42;2021-06-01;4176;3387;0;310893;166436;0;40.7;21.8;0.0
42;2021-06-02;3916;2806;0;314809;169242;0;41.2;22.1;0.0
42;2021-06-03;4404;3634;0;319213;172876;0;41.7;22.6;0.0
42;2021-06-04;4348;3925;0;323561;176801;0;42.3;23.1;0.0
42;2021-06-05;2953;2153;0;326514;178954;0;42.7;23.4;0.0
42;2021-06-06;1206;1099;0;327720;180053;0;42.9;23.5;0.0
42;2021-06-07;3595;3060;0;331315;183113;0;43.3;23.9;0.0
42;2021-06-08;3201;3080;0;334516;186193;0;43.7;24.3;0.0
42;2021-06-09;2859;3005;0;337375;189198;0;44.1;24.7;0.0
42;2021-06-10;3106;2847;0;340481;192045;0;44.5;25.1;0.0
42;2021-06-11;3423;3845;0;343904;195890;0;45.0;25.6;0.0
42;2021-06-12;2507;2629;0;346411;198519;0;45.3;26.0;0.0
42;2021-06-13;885;1155;0;347296;199674;0;45.4;26.1;0.0
42;2021-06-14;2258;3829;0;349554;203503;0;45.7;26.6;0.0
42;2021-06-15;2691;3902;0;352245;207405;0;46.1;27.1;0.0
42;2021-06-16;2821;3376;0;355066;210781;0;46.4;27.6;0.0
42;2021-06-17;2529;3639;0;357595;214420;0;46.8;28.0;0.0
42;2021-06-18;3058;4865;0;360653;219285;0;47.2;28.7;0.0
42;2021-06-19;2504;3711;0;363157;222996;0;47.5;29.2;0.0
42;2021-06-20;809;1667;0;363966;224663;0;47.6;29.4;0.0
42;2021-06-21;1846;5687;0;365812;230350;0;47.8;30.1;0.0
42;2021-06-22;1813;5487;0;367625;235837;0;48.1;30.8;0.0
42;2021-06-23;1819;4953;0;369444;240790;0;48.3;31.5;0.0
42;2021-06-24;1803;4388;0;371247;245178;0;48.5;32.1;0.0
42;2021-06-25;1965;6397;0;373212;251575;0;48.8;32.9;0.0
42;2021-06-26;1296;5048;0;374508;256623;0;49.0;33.6;0.0
42;2021-06-27;689;2500;0;375197;259123;0;49.1;33.9;0.0
42;2021-06-28;1674;6297;0;376871;265420;0;49.3;34.7;0.0
42;2021-06-29;1474;5918;0;378345;271338;0;49.5;35.5;0.0
42;2021-06-30;1853;5170;0;380198;276508;0;49.7;36.2;0.0
42;2021-07-01;1883;4718;0;382081;281226;0;50.0;36.8;0.0
42;2021-07-02;2200;6089;0;384281;287315;0;50.3;37.6;0.0
42;2021-07-03;1580;4825;0;385861;292140;0;50.5;38.2;0.0
42;2021-07-04;811;2083;0;386672;294223;0;50.6;38.5;0.0
42;2021-07-05;1743;5574;0;388415;299797;0;50.8;39.2;0.0
42;2021-07-06;2027;5054;0;390442;304851;0;51.1;39.9;0.0
42;2021-07-07;2296;4272;0;392738;309123;0;51.4;40.4;0.0
42;2021-07-08;2246;3737;0;394984;312860;0;51.6;40.9;0.0
42;2021-07-09;2413;5602;0;397397;318462;0;52.0;41.6;0.0
42;2021-07-10;1544;4685;0;398941;323147;0;52.2;42.3;0.0
42;2021-07-11;875;1932;0;399816;325079;0;52.3;42.5;0.0
42;2021-07-12;1706;5649;0;401522;330728;0;52.5;43.2;0.0
42;2021-07-13;3381;5879;0;404903;336607;0;52.9;44.0;0.0
42;2021-07-14;3792;1826;0;408695;338433;0;53.4;44.3;0.0
42;2021-07-15;4346;5413;0;413041;343846;0;54.0;45.0;0.0
42;2021-07-16;4181;5836;0;417222;349682;0;54.6;45.7;0.0
42;2021-07-17;2999;4168;0;420221;353850;0;54.9;46.3;0.0
42;2021-07-18;1749;1659;0;421970;355509;0;55.2;46.5;0.0
42;2021-07-19;3432;4806;0;425402;360315;0;55.6;47.1;0.0
42;2021-07-20;4328;4679;0;429730;364994;0;56.2;47.7;0.0
42;2021-07-21;4674;4418;0;434404;369412;0;56.8;48.3;0.0
42;2021-07-22;5110;3864;0;439514;373276;0;57.5;48.8;0.0
42;2021-07-23;5022;4942;0;444536;378218;0;58.1;49.5;0.0
42;2021-07-24;3476;3533;0;448012;381751;0;58.6;49.9;0.0
42;2021-07-25;1443;1267;0;449455;383018;0;58.8;50.1;0.0
42;2021-07-26;4334;4102;0;453789;387120;0;59.3;50.6;0.0
42;2021-07-27;5038;3869;0;458827;390989;0;60.0;51.1;0.0
42;2021-07-28;5261;3537;0;464088;394526;0;60.7;51.6;0.0
42;2021-07-29;5292;3319;0;469380;397845;0;61.4;52.0;0.0
42;2021-07-30;4781;3692;0;474161;401537;0;62.0;52.5;0.0
42;2021-07-31;4144;2846;0;478305;404383;0;62.5;52.9;0.0
42;2021-08-01;2270;1211;0;480575;405594;0;62.8;53.0;0.0
42;2021-08-02;4141;2939;0;484716;408533;0;63.4;53.4;0.0
42;2021-08-03;3708;3150;0;488424;411683;0;63.9;53.8;0.0
42;2021-08-04;3446;3063;0;491870;414746;0;64.3;54.2;0.0
42;2021-08-05;3345;3172;0;495215;417918;0;64.8;54.6;0.0
42;2021-08-06;3602;3872;0;498817;421790;0;65.2;55.2;0.0
42;2021-08-07;2711;2777;0;501528;424567;0;65.6;55.5;0.0
42;2021-08-08;1086;1609;0;502614;426176;0;65.7;55.7;0.0
42;2021-08-09;2753;3712;0;505367;429888;0;66.1;56.2;0.0
42;2021-08-10;3049;3594;0;508416;433482;0;66.5;56.7;0.0
42;2021-08-11;2514;3349;0;510930;436831;0;66.8;57.1;0.0
42;2021-08-12;2401;3438;0;513331;440269;0;67.1;57.6;0.0
42;2021-08-13;2283;3694;0;515614;443963;0;67.4;58.1;0.0
42;2021-08-14;1519;2910;0;517133;446873;0;67.6;58.4;0.0
42;2021-08-15;577;943;0;517710;447816;0;67.7;58.6;0.0
42;2021-08-16;2006;4259;0;519716;452075;0;68.0;59.1;0.0
42;2021-08-17;2169;4078;0;521885;456153;0;68.2;59.6;0.0
42;2021-08-18;1912;4030;0;523797;460183;0;68.5;60.2;0.0
42;2021-08-19;1821;3305;0;525618;463488;0;68.7;60.6;0.0
42;2021-08-20;2115;4367;0;527733;467855;0;69.0;61.2;0.0
42;2021-08-21;1015;3427;0;528748;471282;0;69.1;61.6;0.0
42;2021-08-22;434;1770;0;529182;473052;0;69.2;61.9;0.0
42;2021-08-23;1527;4415;0;530709;477467;0;69.4;62.4;0.0
42;2021-08-24;1676;3942;0;532385;481409;0;69.6;63.0;0.0
42;2021-08-25;1656;3785;0;534041;485194;0;69.8;63.4;0.0
42;2021-08-26;1399;3106;0;535440;488300;0;70.0;63.9;0.0
42;2021-08-27;1689;4375;0;537129;492675;0;70.2;64.4;0.0
42;2021-08-28;1170;3280;0;538299;495955;0;70.4;64.9;0.0
42;2021-08-29;339;1331;0;538638;497286;0;70.4;65.0;0.0
42;2021-08-30;1242;3294;90;539880;500580;90;70.6;65.5;0.0
42;2021-08-31;1209;2691;145;541089;503271;235;70.8;65.8;0.0
42;2021-09-01;1359;2726;216;542448;505997;451;70.9;66.2;0.1
42;2021-09-02;1351;2592;331;543799;508589;782;71.1;66.5;0.1
42;2021-09-03;1526;2932;357;545325;511521;1139;71.3;66.9;0.1
42;2021-09-04;996;2561;182;546321;514082;1321;71.4;67.2;0.2
42;2021-09-05;329;701;136;546650;514783;1457;71.5;67.3;0.2
42;2021-09-06;770;1777;387;547420;516560;1844;71.6;67.5;0.2
42;2021-09-07;837;1640;382;548257;518200;2226;71.7;67.8;0.3
42;2021-09-08;860;1852;332;549117;520052;2558;71.8;68.0;0.3
42;2021-09-09;639;1431;349;549756;521483;2907;71.9;68.2;0.4
42;2021-09-10;916;1935;352;550672;523418;3259;72.0;68.4;0.4
42;2021-09-11;686;2145;117;551358;525563;3376;72.1;68.7;0.4
42;2021-09-12;143;447;36;551501;526010;3412;72.1;68.8;0.4
42;2021-09-13;561;1116;584;552062;527126;3996;72.2;68.9;0.5
42;2021-09-14;763;1284;775;552825;528410;4771;72.3;69.1;0.6
42;2021-09-15;720;1560;599;553545;529970;5370;72.4;69.3;0.7
42;2021-09-16;528;873;738;554073;530843;6108;72.5;69.4;0.8
42;2021-09-17;701;1588;668;554774;532431;6776;72.5;69.6;0.9
42;2021-09-18;544;1705;147;555318;534136;6923;72.6;69.8;0.9
42;2021-09-19;88;346;38;555406;534482;6961;72.6;69.9;0.9
42;2021-09-20;409;851;716;555815;535333;7677;72.7;70.0;1.0
42;2021-09-21;343;807;779;556158;536140;8456;72.7;70.1;1.1
42;2021-09-22;482;1357;773;556640;537497;9229;72.8;70.3;1.2
42;2021-09-23;378;815;743;557018;538312;9972;72.8;70.4;1.3
42;2021-09-24;473;1497;610;557491;539809;10582;72.9;70.6;1.4
42;2021-09-25;350;1169;208;557841;540978;10790;72.9;70.7;1.4
42;2021-09-26;58;260;17;557899;541238;10807;73.0;70.8;1.4
42;2021-09-27;297;795;666;558196;542033;11473;73.0;70.9;1.5
42;2021-09-28;371;720;729;558567;542753;12202;73.0;71.0;1.6
42;2021-09-29;395;954;587;558962;543707;12789;73.1;71.1;1.7
42;2021-09-30;330;638;544;559292;544345;13333;73.1;71.2;1.7
42;2021-10-01;542;991;688;559834;545336;14021;73.2;71.3;1.8
42;2021-10-02;371;753;187;560205;546089;14208;73.3;71.4;1.9
42;2021-10-03;81;158;14;560286;546247;14222;73.3;71.4;1.9
42;2021-10-04;273;527;881;560559;546774;15103;73.3;71.5;2.0
42;2021-10-05;291;524;628;560850;547298;15731;73.3;71.6;2.1
42;2021-10-06;437;843;902;561287;548141;16633;73.4;71.7;2.2
42;2021-10-07;304;555;766;561591;548696;17399;73.4;71.7;2.3
42;2021-10-08;441;844;770;562032;549540;18169;73.5;71.9;2.4
42;2021-10-09;364;634;393;562396;550174;18562;73.5;71.9;2.4
42;2021-10-10;69;106;91;562465;550280;18653;73.6;72.0;2.4
42;2021-10-11;254;455;846;562719;550735;19499;73.6;72.0;2.5
42;2021-10-12;230;428;660;562949;551163;20159;73.6;72.1;2.6
42;2021-10-13;443;644;976;563392;551807;21135;73.7;72.2;2.8
42;2021-10-14;300;400;892;563692;552207;22027;73.7;72.2;2.9
42;2021-10-15;413;584;1073;564105;552791;23100;73.8;72.3;3.0
42;2021-10-16;302;446;435;564407;553237;23535;73.8;72.3;3.1
42;2021-10-17;64;96;82;564471;553333;23617;73.8;72.4;3.1
42;2021-10-18;227;461;921;564698;553794;24538;73.8;72.4;3.2
42;2021-10-19;153;337;925;564851;554131;25463;73.9;72.5;3.3
42;2021-10-20;205;465;1100;565056;554596;26563;73.9;72.5;3.5
42;2021-10-21;139;327;874;565195;554923;27437;73.9;72.6;3.6
42;2021-10-22;177;416;1091;565372;555339;28528;73.9;72.6;3.7
42;2021-10-23;180;375;520;565552;555714;29048;74.0;72.7;3.8
42;2021-10-24;31;72;103;565583;555786;29151;74.0;72.7;3.8
42;2021-10-25;159;328;1028;565742;556114;30179;74.0;72.7;3.9
42;2021-10-26;118;239;949;565860;556353;31128;74.0;72.8;4.1
42;2021-10-27;201;433;1496;566061;556786;32624;74.0;72.8;4.3
42;2021-10-28;153;224;936;566214;557010;33560;74.0;72.8;4.4
42;2021-10-29;190;373;1536;566404;557383;35096;74.1;72.9;4.6
42;2021-10-30;107;323;572;566511;557706;35668;74.1;72.9;4.7
42;2021-10-31;30;91;123;566541;557797;35791;74.1;72.9;4.7
42;2021-11-01;35;29;37;566576;557826;35828;74.1;72.9;4.7
42;2021-11-02;142;271;1127;566718;558097;36955;74.1;73.0;4.8
42;2021-11-03;194;435;1874;566912;558532;38829;74.1;73.0;5.1
42;2021-11-04;117;230;1322;567029;558762;40151;74.1;73.1;5.3
42;2021-11-05;168;328;1893;567197;559090;42044;74.2;73.1;5.5
42;2021-11-06;140;271;553;567337;559361;42597;74.2;73.1;5.6
42;2021-11-07;27;68;142;567364;559429;42739;74.2;73.2;5.6
42;2021-11-08;90;224;1940;567454;559653;44679;74.2;73.2;5.8
42;2021-11-09;107;202;1968;567561;559855;46647;74.2;73.2;6.1
42;2021-11-10;216;257;2406;567777;560112;49053;74.2;73.2;6.4
42;2021-11-11;33;27;151;567810;560139;49204;74.2;73.2;6.4
42;2021-11-12;154;273;2486;567964;560412;51690;74.3;73.3;6.8
42;2021-11-13;142;175;1039;568106;560587;52729;74.3;73.3;6.9
42;2021-11-14;46;28;413;568152;560615;53142;74.3;73.3;6.9
42;2021-11-15;97;182;2489;568249;560797;55631;74.3;73.3;7.3
42;2021-11-16;80;140;2401;568329;560937;58032;74.3;73.4;7.6
42;2021-11-17;211;275;2762;568540;561212;60794;74.3;73.4;7.9
42;2021-11-18;126;172;2444;568666;561384;63238;74.4;73.4;8.3
42;2021-11-19;146;202;2710;568812;561586;65948;74.4;73.4;8.6
42;2021-11-20;242;248;1605;569054;561834;67553;74.4;73.5;8.8
42;2021-11-21;12;23;134;569066;561857;67687;74.4;73.5;8.9
42;2021-11-22;131;121;2878;569197;561978;70565;74.4;73.5;9.2
42;2021-11-23;103;131;2737;569300;562109;73302;74.4;73.5;9.6
42;2021-11-24;229;253;3305;569529;562362;76607;74.5;73.5;10.0
42;2021-11-25;124;133;3034;569653;562495;79641;74.5;73.6;10.4
42;2021-11-26;141;235;4080;569794;562730;83721;74.5;73.6;10.9
42;2021-11-27;181;213;2709;569975;562943;86430;74.5;73.6;11.3
42;2021-11-28;19;28;461;569994;562971;86891;74.5;73.6;11.4
42;2021-11-29;97;133;4697;570091;563104;91588;74.5;73.6;12.0
42;2021-11-30;105;141;4754;570196;563245;96342;74.6;73.7;12.6
42;2021-12-01;103;204;5509;570299;563449;101851;74.6;73.7;13.3
42;2021-12-02;90;119;6176;570389;563568;108027;74.6;73.7;14.1
42;2021-12-03;128;161;6859;570517;563729;114886;74.6;73.7;15.0
42;2021-12-04;99;209;3740;570616;563938;118626;74.6;73.7;15.5
42;2021-12-05;12;25;594;570628;563963;119220;74.6;73.7;15.6
42;2021-12-06;104;156;5676;570732;564119;124896;74.6;73.8;16.3
42;2021-12-07;98;125;6019;570830;564244;130915;74.6;73.8;17.1
42;2021-12-08;150;229;6772;570980;564473;137687;74.7;73.8;18.0
42;2021-12-09;118;164;7207;571098;564637;144894;74.7;73.8;18.9
42;2021-12-10;157;193;7642;571255;564830;152536;74.7;73.9;19.9
42;2021-12-11;83;215;5104;571338;565045;157640;74.7;73.9;20.6
42;2021-12-12;34;56;2496;571372;565101;160136;74.7;73.9;20.9
42;2021-12-13;140;188;7655;571512;565289;167791;74.7;73.9;21.9
42;2021-12-14;181;181;10270;571693;565470;178061;74.8;73.9;23.3
42;2021-12-15;163;247;9164;571856;565717;187225;74.8;74.0;24.5
42;2021-12-16;149;141;9601;572005;565858;196826;74.8;74.0;25.7
42;2021-12-17;186;188;10276;572191;566046;207102;74.8;74.0;27.1
42;2021-12-18;126;200;6209;572317;566246;213311;74.8;74.0;27.9
42;2021-12-19;35;35;2820;572352;566281;216131;74.8;74.0;28.3
42;2021-12-20;191;203;7706;572543;566484;223837;74.9;74.1;29.3
42;2021-12-21;183;169;7909;572726;566653;231746;74.9;74.1;30.3
42;2021-12-22;209;173;7294;572935;566826;239040;74.9;74.1;31.3
42;2021-12-23;171;131;4442;573106;566957;243482;74.9;74.1;31.8
42;2021-12-24;42;49;1231;573148;567006;244713;74.9;74.1;32.0
42;2021-12-25;2;7;43;573150;567013;244756;74.9;74.1;32.0
42;2021-12-26;26;31;1257;573176;567044;246013;75.0;74.1;32.2
43;2020-12-27;0;0;0;0;0;0;0.0;0.0;0.0
43;2020-12-28;0;0;0;0;0;0;0.0;0.0;0.0
43;2020-12-29;0;0;0;0;0;0;0.0;0.0;0.0
43;2020-12-30;0;0;0;0;0;0;0.0;0.0;0.0
43;2020-12-31;0;0;0;0;0;0;0.0;0.0;0.0
43;2021-01-01;3;0;0;3;0;0;0.0;0.0;0.0
43;2021-01-02;0;0;0;3;0;0;0.0;0.0;0.0
43;2021-01-03;0;0;0;3;0;0;0.0;0.0;0.0
43;2021-01-04;2;0;0;5;0;0;0.0;0.0;0.0
43;2021-01-05;0;0;0;5;0;0;0.0;0.0;0.0
43;2021-01-06;8;0;0;13;0;0;0.0;0.0;0.0
43;2021-01-07;163;0;0;176;0;0;0.1;0.0;0.0
43;2021-01-08;148;1;0;324;1;0;0.1;0.0;0.0
43;2021-01-09;6;0;0;330;1;0;0.1;0.0;0.0
43;2021-01-10;2;0;0;332;1;0;0.1;0.0;0.0
43;2021-01-11;144;0;0;476;1;0;0.2;0.0;0.0
43;2021-01-12;258;2;0;734;3;0;0.3;0.0;0.0
43;2021-01-13;259;2;0;993;5;0;0.4;0.0;0.0
43;2021-01-14;312;1;0;1305;6;0;0.6;0.0;0.0
43;2021-01-15;312;2;0;1617;8;0;0.7;0.0;0.0
43;2021-01-16;41;0;0;1658;8;0;0.7;0.0;0.0
43;2021-01-17;5;0;0;1663;8;0;0.7;0.0;0.0
43;2021-01-18;738;7;0;2401;15;0;1.1;0.0;0.0
43;2021-01-19;781;4;0;3182;19;0;1.4;0.0;0.0
43;2021-01-20;548;2;0;3730;21;0;1.6;0.0;0.0
43;2021-01-21;491;2;0;4221;23;0;1.9;0.0;0.0
43;2021-01-22;480;7;0;4701;30;0;2.1;0.0;0.0
43;2021-01-23;6;0;0;4707;30;0;2.1;0.0;0.0
43;2021-01-24;9;0;0;4716;30;0;2.1;0.0;0.0
43;2021-01-25;533;0;0;5249;30;0;2.3;0.0;0.0
43;2021-01-26;585;7;0;5834;37;0;2.6;0.0;0.0
43;2021-01-27;712;5;0;6546;42;0;2.9;0.0;0.0
43;2021-01-28;729;34;0;7275;76;0;3.2;0.0;0.0
43;2021-01-29;688;82;0;7963;158;0;3.5;0.1;0.0
43;2021-01-30;111;1;0;8074;159;0;3.6;0.1;0.0
43;2021-01-31;7;0;0;8081;159;0;3.6;0.1;0.0
43;2021-02-01;391;101;0;8472;260;0;3.7;0.1;0.0
43;2021-02-02;689;158;0;9161;418;0;4.0;0.2;0.0
43;2021-02-03;692;67;0;9853;485;0;4.3;0.2;0.0
43;2021-02-04;538;189;0;10391;674;0;4.6;0.3;0.0
43;2021-02-05;539;184;0;10930;858;0;4.8;0.4;0.0
43;2021-02-06;166;32;0;11096;890;0;4.9;0.4;0.0
43;2021-02-07;7;7;0;11103;897;0;4.9;0.4;0.0
43;2021-02-08;397;303;0;11500;1200;0;5.1;0.5;0.0
43;2021-02-09;346;442;0;11846;1642;0;5.2;0.7;0.0
43;2021-02-10;393;360;0;12239;2002;0;5.4;0.9;0.0
43;2021-02-11;364;374;0;12603;2376;0;5.6;1.0;0.0
43;2021-02-12;424;222;0;13027;2598;0;5.7;1.1;0.0
43;2021-02-13;640;62;0;13667;2660;0;6.0;1.2;0.0
43;2021-02-14;5;12;0;13672;2672;0;6.0;1.2;0.0
43;2021-02-15;62;474;0;13734;3146;0;6.1;1.4;0.0
43;2021-02-16;46;387;0;13780;3533;0;6.1;1.6;0.0
43;2021-02-17;84;497;0;13864;4030;0;6.1;1.8;0.0
43;2021-02-18;158;413;0;14022;4443;0;6.2;2.0;0.0
43;2021-02-19;273;488;0;14295;4931;0;6.3;2.2;0.0
43;2021-02-20;29;17;0;14324;4948;0;6.3;2.2;0.0
43;2021-02-21;0;7;0;14324;4955;0;6.3;2.2;0.0
43;2021-02-22;36;501;0;14360;5456;0;6.3;2.4;0.0
43;2021-02-23;226;755;0;14586;6211;0;6.4;2.7;0.0
43;2021-02-24;164;703;0;14750;6914;0;6.5;3.0;0.0
43;2021-02-25;267;701;0;15017;7615;0;6.6;3.4;0.0
43;2021-02-26;260;669;0;15277;8284;0;6.7;3.7;0.0
43;2021-02-27;144;77;0;15421;8361;0;6.8;3.7;0.0
43;2021-02-28;8;5;0;15429;8366;0;6.8;3.7;0.0
43;2021-03-01;230;471;0;15659;8837;0;6.9;3.9;0.0
43;2021-03-02;364;563;0;16023;9400;0;7.1;4.1;0.0
43;2021-03-03;344;559;0;16367;9959;0;7.2;4.4;0.0
43;2021-03-04;536;455;0;16903;10414;0;7.4;4.6;0.0
43;2021-03-05;596;465;0;17499;10879;0;7.7;4.8;0.0
43;2021-03-06;517;180;0;18016;11059;0;7.9;4.9;0.0
43;2021-03-07;59;2;0;18075;11061;0;8.0;4.9;0.0
43;2021-03-08;489;428;0;18564;11489;0;8.2;5.1;0.0
43;2021-03-09;638;347;0;19202;11836;0;8.5;5.2;0.0
43;2021-03-10;658;477;0;19860;12313;0;8.8;5.4;0.0
43;2021-03-11;928;435;0;20788;12748;0;9.2;5.6;0.0
43;2021-03-12;907;425;0;21695;13173;0;9.6;5.8;0.0
43;2021-03-13;698;126;0;22393;13299;0;9.9;5.9;0.0
43;2021-03-14;10;5;0;22403;13304;0;9.9;5.9;0.0
43;2021-03-15;704;147;0;23107;13451;0;10.2;5.9;0.0
43;2021-03-16;817;273;0;23924;13724;0;10.5;6.0;0.0
43;2021-03-17;634;158;0;24558;13882;0;10.8;6.1;0.0
43;2021-03-18;697;164;0;25255;14046;0;11.1;6.2;0.0
43;2021-03-19;849;131;0;26104;14177;0;11.5;6.2;0.0
43;2021-03-20;430;53;0;26534;14230;0;11.7;6.3;0.0
43;2021-03-21;8;1;0;26542;14231;0;11.7;6.3;0.0
43;2021-03-22;683;50;0;27225;14281;0;12.0;6.3;0.0
43;2021-03-23;869;53;0;28094;14334;0;12.4;6.3;0.0
43;2021-03-24;1169;115;0;29263;14449;0;12.9;6.4;0.0
43;2021-03-25;1519;174;0;30782;14623;0;13.6;6.4;0.0
43;2021-03-26;1568;208;0;32350;14831;0;14.3;6.5;0.0
43;2021-03-27;1274;85;0;33624;14916;0;14.8;6.6;0.0
43;2021-03-28;409;31;0;34033;14947;0;15.0;6.6;0.0
43;2021-03-29;1034;181;0;35067;15128;0;15.5;6.7;0.0
43;2021-03-30;1255;259;0;36322;15387;0;16.0;6.8;0.0
43;2021-03-31;1213;274;0;37535;15661;0;16.5;6.9;0.0
43;2021-04-01;1284;328;0;38819;15989;0;17.1;7.0;0.0
43;2021-04-02;1011;338;0;39830;16327;0;17.6;7.2;0.0
43;2021-04-03;315;190;0;40145;16517;0;17.7;7.3;0.0
43;2021-04-04;20;6;0;40165;16523;0;17.7;7.3;0.0
43;2021-04-05;46;6;0;40211;16529;0;17.7;7.3;0.0
43;2021-04-06;621;576;0;40832;17105;0;18.0;7.5;0.0
43;2021-04-07;812;562;0;41644;17667;0;18.4;7.8;0.0
43;2021-04-08;990;447;0;42634;18114;0;18.8;8.0;0.0
43;2021-04-09;1121;632;0;43755;18746;0;19.3;8.3;0.0
43;2021-04-10;585;224;0;44340;18970;0;19.5;8.4;0.0
43;2021-04-11;47;6;0;44387;18976;0;19.6;8.4;0.0
43;2021-04-12;706;623;0;45093;19599;0;19.9;8.6;0.0
43;2021-04-13;914;727;0;46007;20326;0;20.3;9.0;0.0
43;2021-04-14;835;665;0;46842;20991;0;20.6;9.3;0.0
43;2021-04-15;1016;702;0;47858;21693;0;21.1;9.6;0.0
43;2021-04-16;1000;708;0;48858;22401;0;21.5;9.9;0.0
43;2021-04-17;423;293;0;49281;22694;0;21.7;10.0;0.0
43;2021-04-18;91;11;0;49372;22705;0;21.8;10.0;0.0
43;2021-04-19;678;563;0;50050;23268;0;22.1;10.3;0.0
43;2021-04-20;822;653;0;50872;23921;0;22.4;10.5;0.0
43;2021-04-21;410;913;0;51282;24834;0;22.6;10.9;0.0
43;2021-04-22;705;963;0;51987;25797;0;22.9;11.4;0.0
43;2021-04-23;513;1057;0;52500;26854;0;23.1;11.8;0.0
43;2021-04-24;390;914;0;52890;27768;0;23.3;12.2;0.0
43;2021-04-25;111;404;0;53001;28172;0;23.4;12.4;0.0
43;2021-04-26;481;919;0;53482;29091;0;23.6;12.8;0.0
43;2021-04-27;872;965;0;54354;30056;0;24.0;13.2;0.0
43;2021-04-28;908;1066;0;55262;31122;0;24.4;13.7;0.0
43;2021-04-29;1222;1062;0;56484;32184;0;24.9;14.2;0.0
43;2021-04-30;1189;1044;0;57673;33228;0;25.4;14.6;0.0
43;2021-05-01;450;52;0;58123;33280;0;25.6;14.7;0.0
43;2021-05-02;85;40;0;58208;33320;0;25.7;14.7;0.0
43;2021-05-03;1279;403;0;59487;33723;0;26.2;14.9;0.0
43;2021-05-04;1276;865;0;60763;34588;0;26.8;15.2;0.0
43;2021-05-05;1210;817;0;61973;35405;0;27.3;15.6;0.0
43;2021-05-06;1443;937;0;63416;36342;0;27.9;16.0;0.0
43;2021-05-07;1122;1152;0;64538;37494;0;28.4;16.5;0.0
43;2021-05-08;573;156;0;65111;37650;0;28.7;16.6;0.0
43;2021-05-09;58;72;0;65169;37722;0;28.7;16.6;0.0
43;2021-05-10;1118;734;0;66287;38456;0;29.2;16.9;0.0
43;2021-05-11;1644;1008;0;67931;39464;0;29.9;17.4;0.0
43;2021-05-12;1544;853;0;69475;40317;0;30.6;17.8;0.0
43;2021-05-13;989;394;0;70464;40711;0;31.1;17.9;0.0
43;2021-05-14;2121;1087;0;72585;41798;0;32.0;18.4;0.0
43;2021-05-15;1175;310;0;73760;42108;0;32.5;18.6;0.0
43;2021-05-16;348;70;0;74108;42178;0;32.7;18.6;0.0
43;2021-05-17;1704;657;0;75812;42835;0;33.4;18.9;0.0
43;2021-05-18;1947;711;0;77759;43546;0;34.3;19.2;0.0
43;2021-05-19;2043;609;0;79802;44155;0;35.2;19.5;0.0
43;2021-05-20;2296;809;0;82098;44964;0;36.2;19.8;0.0
43;2021-05-21;2352;726;0;84450;45690;0;37.2;20.1;0.0
43;2021-05-22;1065;332;0;85515;46022;0;37.7;20.3;0.0
43;2021-05-23;78;31;0;85593;46053;0;37.7;20.3;0.0
43;2021-05-24;441;146;0;86034;46199;0;37.9;20.4;0.0
43;2021-05-25;1368;690;0;87402;46889;0;38.5;20.7;0.0
43;2021-05-26;1366;611;0;88768;47500;0;39.1;20.9;0.0
43;2021-05-27;1387;752;0;90155;48252;0;39.7;21.3;0.0
43;2021-05-28;1368;810;0;91523;49062;0;40.3;21.6;0.0
43;2021-05-29;1105;607;0;92628;49669;0;40.8;21.9;0.0
43;2021-05-30;193;67;0;92821;49736;0;40.9;21.9;0.0
43;2021-05-31;1203;521;0;94024;50257;0;41.4;22.1;0.0
43;2021-06-01;1259;1002;0;95283;51259;0;42.0;22.6;0.0
43;2021-06-02;1099;758;0;96382;52017;0;42.5;22.9;0.0
43;2021-06-03;1244;852;0;97626;52869;0;43.0;23.3;0.0
43;2021-06-04;1378;912;0;99004;53781;0;43.6;23.7;0.0
43;2021-06-05;729;487;0;99733;54268;0;44.0;23.9;0.0
43;2021-06-06;44;53;0;99777;54321;0;44.0;23.9;0.0
43;2021-06-07;826;624;0;100603;54945;0;44.3;24.2;0.0
43;2021-06-08;715;762;0;101318;55707;0;44.7;24.6;0.0
43;2021-06-09;638;824;0;101956;56531;0;44.9;24.9;0.0
43;2021-06-10;876;1105;0;102832;57636;0;45.3;25.4;0.0
43;2021-06-11;833;1362;0;103665;58998;0;45.7;26.0;0.0
43;2021-06-12;822;517;0;104487;59515;0;46.0;26.2;0.0
43;2021-06-13;32;84;0;104519;59599;0;46.1;26.3;0.0
43;2021-06-14;477;1192;0;104996;60791;0;46.3;26.8;0.0
43;2021-06-15;629;1219;0;105625;62010;0;46.6;27.3;0.0
43;2021-06-16;594;1032;0;106219;63042;0;46.8;27.8;0.0
43;2021-06-17;633;1472;0;106852;64514;0;47.1;28.4;0.0
43;2021-06-18;881;1517;0;107733;66031;0;47.5;29.1;0.0
43;2021-06-19;437;808;0;108170;66839;0;47.7;29.5;0.0
43;2021-06-20;29;86;0;108199;66925;0;47.7;29.5;0.0
43;2021-06-21;447;1378;0;108646;68303;0;47.9;30.1;0.0
43;2021-06-22;512;1961;0;109158;70264;0;48.1;31.0;0.0
43;2021-06-23;397;1741;0;109555;72005;0;48.3;31.7;0.0
43;2021-06-24;516;1477;0;110071;73482;0;48.5;32.4;0.0
43;2021-06-25;581;2298;0;110652;75780;0;48.8;33.4;0.0
43;2021-06-26;483;1199;0;111135;76979;0;49.0;33.9;0.0
43;2021-06-27;57;143;0;111192;77122;0;49.0;34.0;0.0
43;2021-06-28;350;1869;0;111542;78991;0;49.2;34.8;0.0
43;2021-06-29;534;2325;0;112076;81316;0;49.4;35.8;0.0
43;2021-06-30;479;2211;0;112555;83527;0;49.6;36.8;0.0
43;2021-07-01;500;1838;0;113055;85365;0;49.8;37.6;0.0
43;2021-07-02;512;1935;0;113567;87300;0;50.1;38.5;0.0
43;2021-07-03;265;1052;0;113832;88352;0;50.2;38.9;0.0
43;2021-07-04;30;60;0;113862;88412;0;50.2;39.0;0.0
43;2021-07-05;531;1273;0;114393;89685;0;50.4;39.5;0.0
43;2021-07-06;617;1637;0;115010;91322;0;50.7;40.2;0.0
43;2021-07-07;577;1417;0;115587;92739;0;50.9;40.9;0.0
43;2021-07-08;778;1412;0;116365;94151;0;51.3;41.5;0.0
43;2021-07-09;586;1543;0;116951;95694;0;51.5;42.2;0.0
43;2021-07-10;359;1277;0;117310;96971;0;51.7;42.7;0.0
43;2021-07-11;54;167;0;117364;97138;0;51.7;42.8;0.0
43;2021-07-12;581;1729;0;117945;98867;0;52.0;43.6;0.0
43;2021-07-13;1171;1857;0;119116;100724;0;52.5;44.4;0.0
43;2021-07-14;951;254;0;120067;100978;0;52.9;44.5;0.0
43;2021-07-15;1797;1832;0;121864;102810;0;53.7;45.3;0.0
43;2021-07-16;1597;1618;0;123461;104428;0;54.4;46.0;0.0
43;2021-07-17;1358;1062;0;124819;105490;0;55.0;46.5;0.0
43;2021-07-18;82;92;0;124901;105582;0;55.0;46.5;0.0
43;2021-07-19;1374;1303;0;126275;106885;0;55.7;47.1;0.0
43;2021-07-20;1752;1397;0;128027;108282;0;56.4;47.7;0.0
43;2021-07-21;1767;1156;0;129794;109438;0;57.2;48.2;0.0
43;2021-07-22;1951;1298;0;131745;110736;0;58.1;48.8;0.0
43;2021-07-23;1528;1296;0;133273;112032;0;58.7;49.4;0.0
43;2021-07-24;580;914;0;133853;112946;0;59.0;49.8;0.0
43;2021-07-25;77;62;0;133930;113008;0;59.0;49.8;0.0
43;2021-07-26;1502;1054;0;135432;114062;0;59.7;50.3;0.0
43;2021-07-27;1967;1104;0;137399;115166;0;60.6;50.8;0.0
43;2021-07-28;1830;1053;0;139229;116219;0;61.4;51.2;0.0
43;2021-07-29;1830;997;0;141059;117216;0;62.2;51.7;0.0
43;2021-07-30;1724;1260;0;142783;118476;0;62.9;52.2;0.0
43;2021-07-31;707;560;0;143490;119036;0;63.2;52.5;0.0
43;2021-08-01;98;57;0;143588;119093;0;63.3;52.5;0.0
43;2021-08-02;1489;932;0;145077;120025;0;63.9;52.9;0.0
43;2021-08-03;1265;1081;0;146342;121106;0;64.5;53.4;0.0
43;2021-08-04;1189;1121;0;147531;122227;0;65.0;53.9;0.0
43;2021-08-05;1138;1239;0;148669;123466;0;65.5;54.4;0.0
43;2021-08-06;1097;1404;0;149766;124870;0;66.0;55.0;0.0
43;2021-08-07;492;720;0;150258;125590;0;66.2;55.4;0.0
43;2021-08-08;42;66;0;150300;125656;0;66.2;55.4;0.0
43;2021-08-09;793;1525;0;151093;127181;0;66.6;56.1;0.0
43;2021-08-10;955;1465;0;152048;128646;0;67.0;56.7;0.0
43;2021-08-11;698;1292;0;152746;129938;0;67.3;57.3;0.0
43;2021-08-12;820;1451;0;153566;131389;0;67.7;57.9;0.0
43;2021-08-13;675;1172;0;154241;132561;0;68.0;58.4;0.0
43;2021-08-14;326;554;0;154567;133115;0;68.1;58.7;0.0
43;2021-08-15;16;49;0;154583;133164;0;68.1;58.7;0.0
43;2021-08-16;668;1596;0;155251;134760;0;68.4;59.4;0.0
43;2021-08-17;654;1414;0;155905;136174;0;68.7;60.0;0.0
43;2021-08-18;536;1439;0;156441;137613;0;68.9;60.6;0.0
43;2021-08-19;602;1463;0;157043;139076;0;69.2;61.3;0.0
43;2021-08-20;522;1525;0;157565;140601;0;69.4;62.0;0.0
43;2021-08-21;212;514;0;157777;141115;0;69.5;62.2;0.0
43;2021-08-22;14;80;0;157791;141195;0;69.5;62.2;0.0
43;2021-08-23;490;1547;0;158281;142742;0;69.8;62.9;0.0
43;2021-08-24;498;1321;0;158779;144063;0;70.0;63.5;0.0
43;2021-08-25;473;1276;0;159252;145339;0;70.2;64.1;0.0
43;2021-08-26;451;1110;0;159703;146449;0;70.4;64.5;0.0
43;2021-08-27;540;1301;0;160243;147750;0;70.6;65.1;0.0
43;2021-08-28;182;492;0;160425;148242;0;70.7;65.3;0.0
43;2021-08-29;6;55;0;160431;148297;0;70.7;65.4;0.0
43;2021-08-30;490;1091;21;160921;149388;21;70.9;65.8;0.0
43;2021-08-31;383;871;52;161304;150259;73;71.1;66.2;0.0
43;2021-09-01;320;931;72;161624;151190;145;71.2;66.6;0.1
43;2021-09-02;352;844;102;161976;152034;247;71.4;67.0;0.1
43;2021-09-03;527;920;102;162503;152954;349;71.6;67.4;0.2
43;2021-09-04;306;496;22;162809;153450;371;71.8;67.6;0.2
43;2021-09-05;54;34;15;162863;153484;386;71.8;67.6;0.2
43;2021-09-06;257;674;80;163120;154158;466;71.9;67.9;0.2
43;2021-09-07;242;585;101;163362;154743;567;72.0;68.2;0.2
43;2021-09-08;252;553;95;163614;155296;662;72.1;68.4;0.3
43;2021-09-09;259;569;149;163873;155865;811;72.2;68.7;0.4
43;2021-09-10;333;617;107;164206;156482;918;72.4;69.0;0.4
43;2021-09-11;252;369;51;164458;156851;969;72.5;69.1;0.4
43;2021-09-12;3;16;0;164461;156867;969;72.5;69.1;0.4
43;2021-09-13;169;387;162;164630;157254;1131;72.6;69.3;0.5
43;2021-09-14;219;353;298;164849;157607;1429;72.7;69.5;0.6
43;2021-09-15;240;502;251;165089;158109;1680;72.8;69.7;0.7
43;2021-09-16;183;329;282;165272;158438;1962;72.8;69.8;0.9
43;2021-09-17;229;527;351;165501;158965;2313;72.9;70.1;1.0
43;2021-09-18;149;337;68;165650;159302;2381;73.0;70.2;1.0
43;2021-09-19;6;9;1;165656;159311;2382;73.0;70.2;1.0
43;2021-09-20;116;323;264;165772;159634;2646;73.1;70.4;1.2
43;2021-09-21;147;328;462;165919;159962;3108;73.1;70.5;1.4
43;2021-09-22;133;423;261;166052;160385;3369;73.2;70.7;1.5
43;2021-09-23;82;298;269;166134;160683;3638;73.2;70.8;1.6
43;2021-09-24;182;525;204;166316;161208;3842;73.3;71.0;1.7
43;2021-09-25;101;292;65;166417;161500;3907;73.3;71.2;1.7
43;2021-09-26;2;19;0;166419;161519;3907;73.3;71.2;1.7
43;2021-09-27;139;338;325;166558;161857;4232;73.4;71.3;1.9
43;2021-09-28;352;200;251;166910;162057;4483;73.6;71.4;2.0
43;2021-09-29;155;292;134;167065;162349;4617;73.6;71.6;2.0
43;2021-09-30;88;187;284;167153;162536;4901;73.7;71.6;2.2
43;2021-10-01;142;322;250;167295;162858;5151;73.7;71.8;2.3
43;2021-10-02;101;234;58;167396;163092;5209;73.8;71.9;2.3
43;2021-10-03;8;18;0;167404;163110;5209;73.8;71.9;2.3
43;2021-10-04;118;204;280;167522;163314;5489;73.8;72.0;2.4
43;2021-10-05;122;181;339;167644;163495;5828;73.9;72.1;2.6
43;2021-10-06;129;258;250;167773;163753;6078;73.9;72.2;2.7
43;2021-10-07;71;140;281;167844;163893;6359;74.0;72.2;2.8
43;2021-10-08;178;319;311;168022;164212;6670;74.1;72.4;2.9
43;2021-10-09;104;202;111;168126;164414;6781;74.1;72.5;3.0
43;2021-10-10;6;7;3;168132;164421;6784;74.1;72.5;3.0
43;2021-10-11;113;154;325;168245;164575;7109;74.1;72.5;3.1
43;2021-10-12;108;180;325;168353;164755;7434;74.2;72.6;3.3
43;2021-10-13;110;121;187;168463;164876;7621;74.2;72.7;3.4
43;2021-10-14;99;152;270;168562;165028;7891;74.3;72.7;3.5
43;2021-10-15;168;204;543;168730;165232;8434;74.4;72.8;3.7
43;2021-10-16;101;135;109;168831;165367;8543;74.4;72.9;3.8
43;2021-10-17;2;7;1;168833;165374;8544;74.4;72.9;3.8
43;2021-10-18;102;161;351;168935;165535;8895;74.5;73.0;3.9
43;2021-10-19;72;331;428;169007;165866;9323;74.5;73.1;4.1
43;2021-10-20;59;160;260;169066;166026;9583;74.5;73.2;4.2
43;2021-10-21;46;105;367;169112;166131;9950;74.5;73.2;4.4
43;2021-10-22;62;132;478;169174;166263;10428;74.6;73.3;4.6
43;2021-10-23;34;110;148;169208;166373;10576;74.6;73.3;4.7
43;2021-10-24;2;4;0;169210;166377;10576;74.6;73.3;4.7
43;2021-10-25;42;90;529;169252;166467;11105;74.6;73.4;4.9
43;2021-10-26;71;107;665;169323;166574;11770;74.6;73.4;5.2
43;2021-10-27;55;112;535;169378;166686;12305;74.6;73.5;5.4
43;2021-10-28;35;65;321;169413;166751;12626;74.7;73.5;5.6
43;2021-10-29;96;173;657;169509;166924;13283;74.7;73.6;5.9
43;2021-10-30;35;97;157;169544;167021;13440;74.7;73.6;5.9
43;2021-10-31;0;4;1;169544;167025;13441;74.7;73.6;5.9
43;2021-11-01;1;2;5;169545;167027;13446;74.7;73.6;5.9
43;2021-11-02;78;133;585;169623;167160;14031;74.8;73.7;6.2
43;2021-11-03;65;141;506;169688;167301;14537;74.8;73.7;6.4
43;2021-11-04;50;80;544;169738;167381;15081;74.8;73.8;6.6
43;2021-11-05;63;109;641;169801;167490;15722;74.8;73.8;6.9
43;2021-11-06;34;80;226;169835;167570;15948;74.8;73.9;7.0
43;2021-11-07;1;2;1;169836;167572;15949;74.9;73.9;7.0
43;2021-11-08;44;122;635;169880;167694;16584;74.9;73.9;7.3
43;2021-11-09;64;72;910;169944;167766;17494;74.9;73.9;7.7
43;2021-11-10;70;93;647;170014;167859;18141;74.9;74.0;8.0
43;2021-11-11;0;2;3;170014;167861;18144;74.9;74.0;8.0
43;2021-11-12;63;93;1025;170077;167954;19169;75.0;74.0;8.4
43;2021-11-13;20;28;322;170097;167982;19491;75.0;74.0;8.6
43;2021-11-14;1;12;14;170098;167994;19505;75.0;74.0;8.6
43;2021-11-15;36;42;714;170134;168036;20219;75.0;74.1;8.9
43;2021-11-16;81;82;1179;170215;168118;21398;75.0;74.1;9.4
43;2021-11-17;69;66;761;170284;168184;22159;75.0;74.1;9.8
43;2021-11-18;38;38;752;170322;168222;22911;75.1;74.1;10.1
43;2021-11-19;67;81;988;170389;168303;23899;75.1;74.2;10.5
43;2021-11-20;45;50;281;170434;168353;24180;75.1;74.2;10.7
43;2021-11-21;2;1;20;170436;168354;24200;75.1;74.2;10.7
43;2021-11-22;60;35;820;170496;168389;25020;75.1;74.2;11.0
43;2021-11-23;65;49;1136;170561;168438;26156;75.2;74.2;11.5
43;2021-11-24;73;78;773;170634;168516;26929;75.2;74.3;11.9
43;2021-11-25;54;45;1117;170688;168561;28046;75.2;74.3;12.4
43;2021-11-26;86;65;1489;170774;168626;29535;75.3;74.3;13.0
43;2021-11-27;48;47;731;170822;168673;30266;75.3;74.3;13.3
43;2021-11-28;3;1;29;170825;168674;30295;75.3;74.3;13.4
43;2021-11-29;47;46;1449;170872;168720;31744;75.3;74.4;14.0
43;2021-11-30;67;63;2103;170939;168783;33847;75.3;74.4;14.9
43;2021-12-01;48;61;1846;170987;168844;35693;75.4;74.4;15.7
43;2021-12-02;44;40;2176;171031;168884;37869;75.4;74.4;16.7
43;2021-12-03;69;67;2119;171100;168951;39988;75.4;74.5;17.6
43;2021-12-04;51;39;1507;171151;168990;41495;75.4;74.5;18.3
43;2021-12-05;0;0;27;171151;168990;41522;75.4;74.5;18.3
43;2021-12-06;41;44;2157;171192;169034;43679;75.4;74.5;19.3
43;2021-12-07;63;50;2410;171255;169084;46089;75.5;74.5;20.3
43;2021-12-08;56;56;1931;171311;169140;48020;75.5;74.5;21.2
43;2021-12-09;72;65;2536;171383;169205;50556;75.5;74.6;22.3
43;2021-12-10;47;72;2411;171430;169277;52967;75.6;74.6;23.3
43;2021-12-11;37;64;1162;171467;169341;54129;75.6;74.6;23.9
43;2021-12-12;2;6;62;171469;169347;54191;75.6;74.6;23.9
43;2021-12-13;47;67;2382;171516;169414;56573;75.6;74.7;24.9
43;2021-12-14;67;74;3026;171583;169488;59599;75.6;74.7;26.3
43;2021-12-15;32;72;2328;171615;169560;61927;75.6;74.7;27.3
43;2021-12-16;57;67;2942;171672;169627;64869;75.7;74.8;28.6
43;2021-12-17;59;88;2463;171731;169715;67332;75.7;74.8;29.7
43;2021-12-18;54;61;1235;171785;169776;68567;75.7;74.8;30.2
43;2021-12-19;1;6;103;171786;169782;68670;75.7;74.8;30.3
43;2021-12-20;72;62;2085;171858;169844;70755;75.7;74.9;31.2
43;2021-12-21;72;59;2335;171930;169903;73090;75.8;74.9;32.2
43;2021-12-22;67;69;1815;171997;169972;74905;75.8;74.9;33.0
43;2021-12-23;63;45;1511;172060;170017;76416;75.8;74.9;33.7
43;2021-12-24;27;23;453;172087;170040;76869;75.8;74.9;33.9
43;2021-12-25;0;1;19;172087;170041;76888;75.8;74.9;33.9
43;2021-12-26;1;2;44;172088;170043;76932;75.8;74.9;33.9
44;2020-12-27;2;0;0;2;0;0;0.0;0.0;0.0
44;2020-12-28;4;1;0;6;1;0;0.0;0.0;0.0
44;2020-12-29;1;0;0;7;1;0;0.0;0.0;0.0
44;2020-12-30;1;0;0;8;1;0;0.0;0.0;0.0
44;2020-12-31;0;0;0;8;1;0;0.0;0.0;0.0
44;2021-01-01;2;1;0;10;2;0;0.0;0.0;0.0
44;2021-01-02;0;0;0;10;2;0;0.0;0.0;0.0
44;2021-01-03;3;0;0;13;2;0;0.0;0.0;0.0
44;2021-01-04;4;0;0;17;2;0;0.0;0.0;0.0
44;2021-01-05;5;0;0;22;2;0;0.0;0.0;0.0
44;2021-01-06;32;1;0;54;3;0;0.0;0.0;0.0
44;2021-01-07;204;0;0;258;3;0;0.0;0.0;0.0
44;2021-01-08;551;0;0;809;3;0;0.1;0.0;0.0
44;2021-01-09;475;0;0;1284;3;0;0.1;0.0;0.0
44;2021-01-10;443;1;0;1727;4;0;0.1;0.0;0.0
44;2021-01-11;811;1;0;2538;5;0;0.2;0.0;0.0
44;2021-01-12;957;1;0;3495;6;0;0.2;0.0;0.0
44;2021-01-13;1074;2;0;4569;8;0;0.3;0.0;0.0
44;2021-01-14;1146;9;0;5715;17;0;0.4;0.0;0.0
44;2021-01-15;1052;5;0;6767;22;0;0.5;0.0;0.0
44;2021-01-16;341;3;0;7108;25;0;0.5;0.0;0.0
44;2021-01-17;307;2;0;7415;27;0;0.5;0.0;0.0
44;2021-01-18;831;4;0;8246;31;0;0.6;0.0;0.0
44;2021-01-19;2613;12;0;10859;43;0;0.8;0.0;0.0
44;2021-01-20;2689;7;0;13548;50;0;0.9;0.0;0.0
44;2021-01-21;4564;12;0;18112;62;0;1.3;0.0;0.0
44;2021-01-22;2480;10;0;20592;72;0;1.4;0.0;0.0
44;2021-01-23;768;0;0;21360;72;0;1.5;0.0;0.0
44;2021-01-24;123;0;0;21483;72;0;1.5;0.0;0.0
44;2021-01-25;858;9;0;22341;81;0;1.6;0.0;0.0
44;2021-01-26;2481;22;0;24822;103;0;1.7;0.0;0.0
44;2021-01-27;2078;69;0;26900;172;0;1.9;0.0;0.0
44;2021-01-28;3606;201;0;30506;373;0;2.1;0.0;0.0
44;2021-01-29;2302;488;0;32808;861;0;2.3;0.1;0.0
44;2021-01-30;623;206;0;33431;1067;0;2.3;0.1;0.0
44;2021-01-31;19;204;0;33450;1271;0;2.3;0.1;0.0
44;2021-02-01;560;547;0;34010;1818;0;2.4;0.1;0.0
44;2021-02-02;888;771;0;34898;2589;0;2.4;0.2;0.0
44;2021-02-03;910;880;0;35808;3469;0;2.5;0.2;0.0
44;2021-02-04;981;745;0;36789;4214;0;2.6;0.3;0.0
44;2021-02-05;913;678;0;37702;4892;0;2.6;0.3;0.0
44;2021-02-06;472;272;0;38174;5164;0;2.7;0.4;0.0
44;2021-02-07;65;194;0;38239;5358;0;2.7;0.4;0.0
44;2021-02-08;542;485;0;38781;5843;0;2.7;0.4;0.0
44;2021-02-09;1000;1276;0;39781;7119;0;2.8;0.5;0.0
44;2021-02-10;1173;1266;0;40954;8385;0;2.8;0.6;0.0
44;2021-02-11;2302;3169;0;43256;11554;0;3.0;0.8;0.0
44;2021-02-12;1680;1770;0;44936;13324;0;3.1;0.9;0.0
44;2021-02-13;447;521;0;45383;13845;0;3.2;1.0;0.0
44;2021-02-14;12;178;0;45395;14023;0;3.2;1.0;0.0
44;2021-02-15;484;1098;0;45879;15121;0;3.2;1.1;0.0
44;2021-02-16;1432;2546;0;47311;17667;0;3.3;1.2;0.0
44;2021-02-17;1136;2153;0;48447;19820;0;3.4;1.4;0.0
44;2021-02-18;1983;3652;0;50430;23472;0;3.5;1.6;0.0
44;2021-02-19;1589;2452;0;52019;25924;0;3.6;1.8;0.0
44;2021-02-20;395;632;0;52414;26556;0;3.6;1.8;0.0
44;2021-02-21;7;181;0;52421;26737;0;3.6;1.9;0.0
44;2021-02-22;740;823;0;53161;27560;0;3.7;1.9;0.0
44;2021-02-23;1183;1126;0;54344;28686;0;3.8;2.0;0.0
44;2021-02-24;1245;1058;0;55589;29744;0;3.9;2.1;0.0
44;2021-02-25;2482;1109;0;58071;30853;0;4.0;2.1;0.0
44;2021-02-26;2332;1000;0;60403;31853;0;4.2;2.2;0.0
44;2021-02-27;954;432;0;61357;32285;0;4.3;2.2;0.0
44;2021-02-28;6;34;0;61363;32319;0;4.3;2.2;0.0
44;2021-03-01;1001;554;0;62364;32873;0;4.3;2.3;0.0
44;2021-03-02;1795;1089;0;64159;33962;0;4.5;2.4;0.0
44;2021-03-03;1877;1160;0;66036;35122;0;4.6;2.4;0.0
44;2021-03-04;2890;1625;0;68926;36747;0;4.8;2.6;0.0
44;2021-03-05;3506;1313;0;72432;38060;0;5.0;2.6;0.0
44;2021-03-06;2496;484;0;74928;38544;0;5.2;2.7;0.0
44;2021-03-07;989;91;0;75917;38635;0;5.3;2.7;0.0
44;2021-03-08;1825;643;0;77742;39278;0;5.4;2.7;0.0
44;2021-03-09;3393;1155;0;81135;40433;0;5.6;2.8;0.0
44;2021-03-10;3095;1148;0;84230;41581;0;5.9;2.9;0.0
44;2021-03-11;4445;1787;0;88675;43368;0;6.2;3.0;0.0
44;2021-03-12;6006;1344;0;94681;44712;0;6.6;3.1;0.0
44;2021-03-13;3581;315;0;98262;45027;0;6.8;3.1;0.0
44;2021-03-14;435;56;0;98697;45083;0;6.9;3.1;0.0
44;2021-03-15;2657;415;0;101354;45498;0;7.1;3.2;0.0
44;2021-03-16;2195;664;0;103549;46162;0;7.2;3.2;0.0
44;2021-03-17;2069;691;0;105618;46853;0;7.3;3.3;0.0
44;2021-03-18;2289;661;0;107907;47514;0;7.5;3.3;0.0
44;2021-03-19;3813;416;0;111720;47930;0;7.8;3.3;0.0
44;2021-03-20;3193;312;0;114913;48242;0;8.0;3.4;0.0
44;2021-03-21;898;23;0;115811;48265;0;8.1;3.4;0.0
44;2021-03-22;2473;497;0;118284;48762;0;8.2;3.4;0.0
44;2021-03-23;3987;697;0;122271;49459;0;8.5;3.4;0.0
44;2021-03-24;4381;663;0;126652;50122;0;8.8;3.5;0.0
44;2021-03-25;5684;959;0;132336;51081;0;9.2;3.6;0.0
44;2021-03-26;6609;764;0;138945;51845;0;9.7;3.6;0.0
44;2021-03-27;3213;442;0;142158;52287;0;9.9;3.6;0.0
44;2021-03-28;1212;46;0;143370;52333;0;10.0;3.6;0.0
44;2021-03-29;3233;842;0;146603;53175;0;10.2;3.7;0.0
44;2021-03-30;5210;1163;0;151813;54338;0;10.6;3.8;0.0
44;2021-03-31;4665;1357;0;156478;55695;0;10.9;3.9;0.0
44;2021-04-01;6289;1047;0;162767;56742;0;11.3;3.9;0.0
44;2021-04-02;5846;1020;0;168613;57762;0;11.7;4.0;0.0
44;2021-04-03;2403;650;0;171016;58412;0;11.9;4.1;0.0
44;2021-04-04;663;22;0;171679;58434;0;11.9;4.1;0.0
44;2021-04-05;676;290;0;172355;58724;0;12.0;4.1;0.0
44;2021-04-06;4325;1452;0;176680;60176;0;12.3;4.2;0.0
44;2021-04-07;5287;1693;0;181967;61869;0;12.7;4.3;0.0
44;2021-04-08;7265;1746;0;189232;63615;0;13.2;4.4;0.0
44;2021-04-09;10178;1899;0;199410;65514;0;13.9;4.6;0.0
44;2021-04-10;4616;1436;0;204026;66950;0;14.2;4.7;0.0
44;2021-04-11;2092;422;0;206118;67372;0;14.3;4.7;0.0
44;2021-04-12;5637;1747;0;211755;69119;0;14.7;4.8;0.0
44;2021-04-13;6896;2341;0;218651;71460;0;15.2;5.0;0.0
44;2021-04-14;6069;2305;0;224720;73765;0;15.6;5.1;0.0
44;2021-04-15;7050;2249;0;231770;76014;0;16.1;5.3;0.0
44;2021-04-16;8023;2127;0;239793;78141;0;16.7;5.4;0.0
44;2021-04-17;4334;1399;0;244127;79540;0;17.0;5.5;0.0
44;2021-04-18;2197;799;0;246324;80339;0;17.1;5.6;0.0
44;2021-04-19;5065;2014;0;251389;82353;0;17.5;5.7;0.0
44;2021-04-20;6269;2690;0;257658;85043;0;17.9;5.9;0.0
44;2021-04-21;6086;2856;0;263744;87899;0;18.4;6.1;0.0
44;2021-04-22;7017;2599;0;270761;90498;0;18.8;6.3;0.0
44;2021-04-23;7333;3243;0;278094;93741;0;19.4;6.5;0.0
44;2021-04-24;4000;2043;0;282094;95784;0;19.6;6.7;0.0
44;2021-04-25;2028;1036;0;284122;96820;0;19.8;6.7;0.0
44;2021-04-26;5659;2863;0;289781;99683;0;20.2;6.9;0.0
44;2021-04-27;7482;4222;0;297263;103905;0;20.7;7.2;0.0
44;2021-04-28;7673;3782;0;304936;107687;0;21.2;7.5;0.0
44;2021-04-29;9064;4371;0;314000;112058;0;21.8;7.8;0.0
44;2021-04-30;9568;4731;0;323568;116789;0;22.5;8.1;0.0
44;2021-05-01;2967;888;0;326535;117677;0;22.7;8.2;0.0
44;2021-05-02;1970;612;0;328505;118289;0;22.9;8.2;0.0
44;2021-05-03;5553;4221;0;334058;122510;0;23.2;8.5;0.0
44;2021-05-04;6327;5323;0;340385;127833;0;23.7;8.9;0.0
44;2021-05-05;6027;4777;0;346412;132610;0;24.1;9.2;0.0
44;2021-05-06;7418;5072;0;353830;137682;0;24.6;9.6;0.0
44;2021-05-07;7404;5959;0;361234;143641;0;25.1;10.0;0.0
44;2021-05-08;2684;1283;0;363918;144924;0;25.3;10.1;0.0
44;2021-05-09;1888;1791;0;365806;146715;0;25.5;10.2;0.0
44;2021-05-10;6349;6017;0;372155;152732;0;25.9;10.6;0.0
44;2021-05-11;7607;6489;0;379762;159221;0;26.4;11.1;0.0
44;2021-05-12;8125;5962;0;387887;165183;0;27.0;11.5;0.0
44;2021-05-13;5769;1214;0;393656;166397;0;27.4;11.6;0.0
44;2021-05-14;7743;4141;0;401399;170538;0;27.9;11.9;0.0
44;2021-05-15;5050;2244;0;406449;172782;0;28.3;12.0;0.0
44;2021-05-16;3064;769;0;409513;173551;0;28.5;12.1;0.0
44;2021-05-17;6851;5249;0;416364;178800;0;29.0;12.4;0.0
44;2021-05-18;8218;5297;0;424582;184097;0;29.5;12.8;0.0
44;2021-05-19;8619;4399;0;433201;188496;0;30.1;13.1;0.0
44;2021-05-20;8981;4701;0;442182;193197;0;30.8;13.4;0.0
44;2021-05-21;9283;5268;0;451465;198465;0;31.4;13.8;0.0
44;2021-05-22;5567;2288;0;457032;200753;0;31.8;14.0;0.0
44;2021-05-23;2160;851;0;459192;201604;0;32.0;14.0;0.0
44;2021-05-24;5494;1637;0;464686;203241;0;32.3;14.1;0.0
44;2021-05-25;8255;5582;0;472941;208823;0;32.9;14.5;0.0
44;2021-05-26;8646;5134;0;481587;213957;0;33.5;14.9;0.0
44;2021-05-27;10202;5353;0;491789;219310;0;34.2;15.3;0.0
44;2021-05-28;9646;6898;0;501435;226208;0;34.9;15.7;0.0
44;2021-05-29;6432;3316;0;507867;229524;0;35.3;16.0;0.0
44;2021-05-30;2279;724;0;510146;230248;0;35.5;16.0;0.0
44;2021-05-31;8522;6118;0;518668;236366;0;36.1;16.4;0.0
44;2021-06-01;10507;6558;0;529175;242924;0;36.8;16.9;0.0
44;2021-06-02;10069;5650;0;539244;248574;0;37.5;17.3;0.0
44;2021-06-03;11350;5871;0;550594;254445;0;38.3;17.7;0.0
44;2021-06-04;10549;8131;0;561143;262576;0;39.0;18.3;0.0
44;2021-06-05;6407;4353;0;567550;266929;0;39.5;18.6;0.0
44;2021-06-06;2699;1107;0;570249;268036;0;39.7;18.7;0.0
44;2021-06-07;9487;6985;0;579736;275021;0;40.3;19.1;0.0
44;2021-06-08;11145;7616;0;590881;282637;0;41.1;19.7;0.0
44;2021-06-09;10773;6516;0;601654;289153;0;41.9;20.1;0.0
44;2021-06-10;11585;6078;0;613239;295231;0;42.7;20.5;0.0
44;2021-06-11;11839;8717;0;625078;303948;0;43.5;21.1;0.0
44;2021-06-12;7843;4064;0;632921;308012;0;44.0;21.4;0.0
44;2021-06-13;3356;1062;0;636277;309074;0;44.3;21.5;0.0
44;2021-06-14;8463;8404;0;644740;317478;0;44.9;22.1;0.0
44;2021-06-15;10960;8314;0;655700;325792;0;45.6;22.7;0.0
44;2021-06-16;10722;7648;0;666422;333440;0;46.4;23.2;0.0
44;2021-06-17;11517;8662;0;677939;342102;0;47.2;23.8;0.0
44;2021-06-18;10499;10014;1;688438;352116;1;47.9;24.5;0.0
44;2021-06-19;5923;4288;0;694361;356404;1;48.3;24.8;0.0
44;2021-06-20;2602;1365;0;696963;357769;1;48.5;24.9;0.0
44;2021-06-21;7028;9895;0;703991;367664;1;49.0;25.6;0.0
44;2021-06-22;8126;10574;0;712117;378238;1;49.6;26.3;0.0
44;2021-06-23;8249;9141;0;720366;387379;1;50.1;27.0;0.0
44;2021-06-24;8957;8638;0;729323;396017;1;50.7;27.6;0.0
44;2021-06-25;7276;10828;0;736599;406845;1;51.3;28.3;0.0
44;2021-06-26;2951;6471;0;739550;413316;1;51.5;28.8;0.0
44;2021-06-27;935;2514;0;740485;415830;1;51.5;28.9;0.0
44;2021-06-28;4960;10166;0;745445;425996;1;51.9;29.6;0.0
44;2021-06-29;5979;12148;0;751424;438144;1;52.3;30.5;0.0
44;2021-06-30;5872;10670;2;757296;448814;3;52.7;31.2;0.0
44;2021-07-01;6595;10705;0;763891;459519;3;53.2;32.0;0.0
44;2021-07-02;6057;12761;2;769948;472280;5;53.6;32.9;0.0
44;2021-07-03;2568;7060;1;772516;479340;6;53.8;33.4;0.0
44;2021-07-04;1068;2327;0;773584;481667;6;53.8;33.5;0.0
44;2021-07-05;4794;11937;2;778378;493604;8;54.2;34.3;0.0
44;2021-07-06;5397;12771;1;783775;506375;9;54.5;35.2;0.0
44;2021-07-07;5965;11244;1;789740;517619;10;55.0;36.0;0.0
44;2021-07-08;6763;12003;1;796503;529622;11;55.4;36.9;0.0
44;2021-07-09;5625;14293;1;802128;543915;12;55.8;37.8;0.0
44;2021-07-10;2277;7179;0;804405;551094;12;56.0;38.3;0.0
44;2021-07-11;869;2647;0;805274;553741;12;56.0;38.5;0.0
44;2021-07-12;3975;14081;0;809249;567822;12;56.3;39.5;0.0
44;2021-07-13;5459;14858;2;814708;582680;14;56.7;40.5;0.0
44;2021-07-14;3638;6121;0;818346;588801;14;56.9;41.0;0.0
44;2021-07-15;6945;14354;0;825291;603155;14;57.4;42.0;0.0
44;2021-07-16;7862;14914;1;833153;618069;15;58.0;43.0;0.0
44;2021-07-17;3286;7749;1;836439;625818;16;58.2;43.5;0.0
44;2021-07-18;2000;2881;0;838439;628699;16;58.3;43.7;0.0
44;2021-07-19;4830;14639;0;843269;643338;16;58.7;44.8;0.0
44;2021-07-20;6368;15612;0;849637;658950;16;59.1;45.9;0.0
44;2021-07-21;6283;14069;1;855920;673019;17;59.6;46.8;0.0
44;2021-07-22;7256;13632;0;863176;686651;17;60.1;47.8;0.0
44;2021-07-23;6633;15410;0;869809;702061;17;60.5;48.9;0.0
44;2021-07-24;3187;8565;0;872996;710626;17;60.7;49.4;0.0
44;2021-07-25;1122;3122;0;874118;713748;17;60.8;49.7;0.0
44;2021-07-26;6717;12519;1;880835;726267;18;61.3;50.5;0.0
44;2021-07-27;10278;12014;2;891113;738281;20;62.0;51.4;0.0
44;2021-07-28;9789;10624;0;900902;748905;20;62.7;52.1;0.0
44;2021-07-29;10913;10653;0;911815;759558;20;63.4;52.9;0.0
44;2021-07-30;9787;10708;1;921602;770266;21;64.1;53.6;0.0
44;2021-07-31;5138;5386;0;926740;775652;21;64.5;54.0;0.0
44;2021-08-01;2697;1455;0;929437;777107;21;64.7;54.1;0.0
44;2021-08-02;7169;9190;0;936606;786297;21;65.2;54.7;0.0
44;2021-08-03;9230;8131;0;945836;794428;21;65.8;55.3;0.0
44;2021-08-04;9793;6773;0;955629;801201;21;66.5;55.7;0.0
44;2021-08-05;11775;7209;0;967404;808410;21;67.3;56.3;0.0
44;2021-08-06;10169;7963;0;977573;816373;21;68.0;56.8;0.0
44;2021-08-07;4742;3681;0;982315;820054;21;68.4;57.1;0.0
44;2021-08-08;2590;1515;0;984905;821569;21;68.5;57.2;0.0
44;2021-08-09;8455;7342;2;993360;828911;23;69.1;57.7;0.0
44;2021-08-10;9772;7075;0;1003132;835986;23;69.8;58.2;0.0
44;2021-08-11;9684;6243;1;1012816;842229;24;70.5;58.6;0.0
44;2021-08-12;9597;6712;0;1022413;848941;24;71.1;59.1;0.0
44;2021-08-13;7844;5957;1;1030257;854898;25;71.7;59.5;0.0
44;2021-08-14;2938;3059;0;1033195;857957;25;71.9;59.7;0.0
44;2021-08-15;830;953;0;1034025;858910;25;72.0;59.8;0.0
44;2021-08-16;5293;7879;0;1039318;866789;25;72.3;60.3;0.0
44;2021-08-17;5363;8151;2;1044681;874940;27;72.7;60.9;0.0
44;2021-08-18;4725;7563;0;1049406;882503;27;73.0;61.4;0.0
44;2021-08-19;4653;8195;0;1054059;890698;27;73.3;62.0;0.0
44;2021-08-20;4286;8871;0;1058345;899569;27;73.6;62.6;0.0
44;2021-08-21;1862;4620;0;1060207;904189;27;73.8;62.9;0.0
44;2021-08-22;803;2538;0;1061010;906727;27;73.8;63.1;0.0
44;2021-08-23;3426;9306;0;1064436;916033;27;74.1;63.7;0.0
44;2021-08-24;3398;8775;0;1067834;924808;27;74.3;64.4;0.0
44;2021-08-25;2970;8532;0;1070804;933340;27;74.5;64.9;0.0
44;2021-08-26;2689;10002;2;1073493;943342;29;74.7;65.6;0.0
44;2021-08-27;2903;10471;1;1076396;953813;30;74.9;66.4;0.0
44;2021-08-28;1329;5712;0;1077725;959525;30;75.0;66.8;0.0
44;2021-08-29;519;2763;0;1078244;962288;30;75.0;67.0;0.0
44;2021-08-30;2386;10398;93;1080630;972686;123;75.2;67.7;0.0
44;2021-08-31;2602;10475;246;1083232;983161;369;75.4;68.4;0.0
44;2021-09-01;2553;8995;419;1085785;992156;788;75.6;69.0;0.1
44;2021-09-02;2175;7642;481;1087960;999798;1269;75.7;69.6;0.1
44;2021-09-03;1997;8989;502;1089957;1008787;1771;75.8;70.2;0.1
44;2021-09-04;1317;5466;194;1091274;1014253;1965;75.9;70.6;0.1
44;2021-09-05;455;1255;131;1091729;1015508;2096;76.0;70.7;0.1
44;2021-09-06;1486;5485;585;1093215;1020993;2681;76.1;71.0;0.2
44;2021-09-07;1386;4793;576;1094601;1025786;3257;76.2;71.4;0.2
44;2021-09-08;1734;5645;485;1096335;1031431;3742;76.3;71.8;0.3
44;2021-09-09;1359;4124;662;1097694;1035555;4404;76.4;72.1;0.3
44;2021-09-10;1755;5556;689;1099449;1041111;5093;76.5;72.4;0.4
44;2021-09-11;1004;3744;225;1100453;1044855;5318;76.6;72.7;0.4
44;2021-09-12;210;862;36;1100663;1045717;5354;76.6;72.8;0.4
44;2021-09-13;1096;3288;900;1101759;1049005;6254;76.7;73.0;0.4
44;2021-09-14;1060;3046;1340;1102819;1052051;7594;76.7;73.2;0.5
44;2021-09-15;1386;4272;1045;1104205;1056323;8639;76.8;73.5;0.6
44;2021-09-16;930;2226;1176;1105135;1058549;9815;76.9;73.7;0.7
44;2021-09-17;1158;3719;1202;1106293;1062268;11017;77.0;73.9;0.8
44;2021-09-18;675;2958;202;1106968;1065226;11219;77.0;74.1;0.8
44;2021-09-19;175;688;53;1107143;1065914;11272;77.0;74.2;0.8
44;2021-09-20;832;2031;1141;1107975;1067945;12413;77.1;74.3;0.9
44;2021-09-21;717;1799;1087;1108692;1069744;13500;77.1;74.4;0.9
44;2021-09-22;886;3286;933;1109578;1073030;14433;77.2;74.7;1.0
44;2021-09-23;798;1835;1443;1110376;1074865;15876;77.3;74.8;1.1
44;2021-09-24;1003;2820;1154;1111379;1077685;17030;77.3;75.0;1.2
44;2021-09-25;462;2158;256;1111841;1079843;17286;77.4;75.1;1.2
44;2021-09-26;165;472;54;1112006;1080315;17340;77.4;75.2;1.2
44;2021-09-27;720;1661;1049;1112726;1081976;18389;77.4;75.3;1.3
44;2021-09-28;587;1508;1418;1113313;1083484;19807;77.5;75.4;1.4
44;2021-09-29;919;2385;1195;1114232;1085869;21002;77.5;75.6;1.5
44;2021-09-30;665;1427;1616;1114897;1087296;22618;77.6;75.7;1.6
44;2021-10-01;893;2070;1346;1115790;1089366;23964;77.6;75.8;1.7
44;2021-10-02;461;1220;241;1116251;1090586;24205;77.7;75.9;1.7
44;2021-10-03;184;323;58;1116435;1090909;24263;77.7;75.9;1.7
44;2021-10-04;488;882;560;1116923;1091791;24823;77.7;76.0;1.7
44;2021-10-05;469;909;1041;1117392;1092700;25864;77.8;76.0;1.8
44;2021-10-06;691;1470;942;1118083;1094170;26806;77.8;76.1;1.9
44;2021-10-07;524;1012;1323;1118607;1095182;28129;77.8;76.2;2.0
44;2021-10-08;796;1461;1256;1119403;1096643;29385;77.9;76.3;2.0
44;2021-10-09;353;842;338;1119756;1097485;29723;77.9;76.4;2.1
44;2021-10-10;98;188;124;1119854;1097673;29847;77.9;76.4;2.1
44;2021-10-11;494;960;1182;1120348;1098633;31029;78.0;76.4;2.2
44;2021-10-12;440;794;1408;1120788;1099427;32437;78.0;76.5;2.3
44;2021-10-13;598;1050;1065;1121386;1100477;33502;78.0;76.6;2.3
44;2021-10-14;535;893;1372;1121921;1101370;34874;78.1;76.6;2.4
44;2021-10-15;669;1227;1558;1122590;1102597;36432;78.1;76.7;2.5
44;2021-10-16;311;588;301;1122901;1103185;36733;78.1;76.8;2.6
44;2021-10-17;81;163;82;1122982;1103348;36815;78.1;76.8;2.6
44;2021-10-18;559;743;1360;1123541;1104091;38175;78.2;76.8;2.7
44;2021-10-19;217;637;1582;1123758;1104728;39757;78.2;76.9;2.8
44;2021-10-20;325;959;1711;1124083;1105687;41468;78.2;76.9;2.9
44;2021-10-21;209;646;1373;1124292;1106333;42841;78.2;77.0;3.0
44;2021-10-22;255;975;1862;1124547;1107308;44703;78.2;77.0;3.1
44;2021-10-23;123;475;451;1124670;1107783;45154;78.3;77.1;3.1
44;2021-10-24;32;183;111;1124702;1107966;45265;78.3;77.1;3.1
44;2021-10-25;240;526;1523;1124942;1108492;46788;78.3;77.1;3.3
44;2021-10-26;182;418;1489;1125124;1108910;48277;78.3;77.2;3.4
44;2021-10-27;268;598;1898;1125392;1109508;50175;78.3;77.2;3.5
44;2021-10-28;200;453;1884;1125592;1109961;52059;78.3;77.2;3.6
44;2021-10-29;259;705;2417;1125851;1110666;54476;78.3;77.3;3.8
44;2021-10-30;77;292;564;1125928;1110958;55040;78.3;77.3;3.8
44;2021-10-31;31;118;174;1125959;1111076;55214;78.3;77.3;3.8
44;2021-11-01;20;32;17;1125979;1111108;55231;78.3;77.3;3.8
44;2021-11-02;195;411;1588;1126174;1111519;56819;78.4;77.3;4.0
44;2021-11-03;210;535;1858;1126384;1112054;58677;78.4;77.4;4.1
44;2021-11-04;214;449;2169;1126598;1112503;60846;78.4;77.4;4.2
44;2021-11-05;237;651;2510;1126835;1113154;63356;78.4;77.5;4.4
44;2021-11-06;85;256;845;1126920;1113410;64201;78.4;77.5;4.5
44;2021-11-07;13;104;42;1126933;1113514;64243;78.4;77.5;4.5
44;2021-11-08;163;509;2276;1127096;1114023;66519;78.4;77.5;4.6
44;2021-11-09;171;482;3660;1127267;1114505;70179;78.4;77.6;4.9
44;2021-11-10;247;532;3522;1127514;1115037;73701;78.5;77.6;5.1
44;2021-11-11;16;23;60;1127530;1115060;73761;78.5;77.6;5.1
44;2021-11-12;253;507;3810;1127783;1115567;77571;78.5;77.6;5.4
44;2021-11-13;100;213;919;1127883;1115780;78490;78.5;77.6;5.5
44;2021-11-14;1;7;8;1127884;1115787;78498;78.5;77.6;5.5
44;2021-11-15;152;289;3467;1128036;1116076;81965;78.5;77.7;5.7
44;2021-11-16;171;290;4806;1128207;1116366;86771;78.5;77.7;6.0
44;2021-11-17;266;374;4270;1128473;1116740;91041;78.5;77.7;6.3
44;2021-11-18;171;302;4848;1128644;1117042;95889;78.5;77.7;6.7
44;2021-11-19;236;357;5181;1128880;1117399;101070;78.6;77.8;7.0
44;2021-11-20;160;170;1241;1129040;1117569;102311;78.6;77.8;7.1
44;2021-11-21;5;16;10;1129045;1117585;102321;78.6;77.8;7.1
44;2021-11-22;152;178;3950;1129197;1117763;106271;78.6;77.8;7.4
44;2021-11-23;219;200;5931;1129416;1117963;112202;78.6;77.8;7.8
44;2021-11-24;359;305;5403;1129775;1118268;117605;78.6;77.8;8.2
44;2021-11-25;203;238;6308;1129978;1118506;123913;78.6;77.8;8.6
44;2021-11-26;258;355;8270;1130236;1118861;132183;78.6;77.9;9.2
44;2021-11-27;127;198;3008;1130363;1119059;135191;78.7;77.9;9.4
44;2021-11-28;11;19;635;1130374;1119078;135826;78.7;77.9;9.5
44;2021-11-29;159;200;6663;1130533;1119278;142489;78.7;77.9;9.9
44;2021-11-30;211;219;9985;1130744;1119497;152474;78.7;77.9;10.6
44;2021-12-01;187;236;8777;1130931;1119733;161251;78.7;77.9;11.2
44;2021-12-02;149;177;11075;1131080;1119910;172326;78.7;77.9;12.0
44;2021-12-03;169;273;12100;1131249;1120183;184426;78.7;77.9;12.8
44;2021-12-04;82;130;4648;1131331;1120313;189074;78.7;78.0;13.2
44;2021-12-05;13;11;1011;1131344;1120324;190085;78.7;78.0;13.2
44;2021-12-06;105;180;10015;1131449;1120504;200100;78.7;78.0;13.9
44;2021-12-07;173;209;13343;1131622;1120713;213443;78.7;78.0;14.9
44;2021-12-08;193;285;11430;1131815;1120998;224873;78.8;78.0;15.6
44;2021-12-09;157;253;13784;1131972;1121251;238657;78.8;78.0;16.6
44;2021-12-10;166;283;14941;1132138;1121534;253598;78.8;78.0;17.6
44;2021-12-11;112;199;6835;1132250;1121733;260433;78.8;78.1;18.1
44;2021-12-12;14;28;2184;1132264;1121761;262617;78.8;78.1;18.3
44;2021-12-13;161;209;13029;1132425;1121970;275646;78.8;78.1;19.2
44;2021-12-14;197;252;17926;1132622;1122222;293572;78.8;78.1;20.4
44;2021-12-15;247;343;14875;1132869;1122565;308447;78.8;78.1;21.5
44;2021-12-16;175;260;17559;1133044;1122825;326006;78.8;78.1;22.7
44;2021-12-17;234;354;19825;1133278;1123179;345831;78.9;78.2;24.1
44;2021-12-18;162;209;8988;1133440;1123388;354819;78.9;78.2;24.7
44;2021-12-19;35;37;3392;1133475;1123425;358211;78.9;78.2;24.9
44;2021-12-20;258;305;15874;1133733;1123730;374085;78.9;78.2;26.0
44;2021-12-21;320;323;18266;1134053;1124053;392351;78.9;78.2;27.3
44;2021-12-22;297;277;15854;1134350;1124330;408205;78.9;78.2;28.4
44;2021-12-23;269;217;13496;1134619;1124547;421701;78.9;78.2;29.3
44;2021-12-24;68;54;2634;1134687;1124601;424335;79.0;78.3;29.5
44;2021-12-25;2;4;118;1134689;1124605;424453;79.0;78.3;29.5
44;2021-12-26;6;9;420;1134695;1124614;424873;79.0;78.3;29.6
45;2020-12-27;3;1;0;3;1;0;0.0;0.0;0.0
45;2020-12-28;0;0;0;3;1;0;0.0;0.0;0.0
45;2020-12-29;0;0;0;3;1;0;0.0;0.0;0.0
45;2020-12-30;0;0;0;3;1;0;0.0;0.0;0.0
45;2020-12-31;0;0;0;3;1;0;0.0;0.0;0.0
45;2021-01-01;0;0;0;3;1;0;0.0;0.0;0.0
45;2021-01-02;0;0;0;3;1;0;0.0;0.0;0.0
45;2021-01-03;0;0;0;3;1;0;0.0;0.0;0.0
45;2021-01-04;0;0;0;3;1;0;0.0;0.0;0.0
45;2021-01-05;73;0;0;76;1;0;0.0;0.0;0.0
45;2021-01-06;86;0;0;162;1;0;0.0;0.0;0.0
45;2021-01-07;226;1;0;388;2;0;0.1;0.0;0.0
45;2021-01-08;215;0;0;603;2;0;0.1;0.0;0.0
45;2021-01-09;38;0;0;641;2;0;0.1;0.0;0.0
45;2021-01-10;22;0;0;663;2;0;0.1;0.0;0.0
45;2021-01-11;267;1;0;930;3;0;0.1;0.0;0.0
45;2021-01-12;618;3;0;1548;6;0;0.2;0.0;0.0
45;2021-01-13;506;1;0;2054;7;0;0.3;0.0;0.0
45;2021-01-14;508;37;0;2562;44;0;0.4;0.0;0.0
45;2021-01-15;396;2;0;2958;46;0;0.4;0.0;0.0
45;2021-01-16;48;1;0;3006;47;0;0.4;0.0;0.0
45;2021-01-17;25;0;0;3031;47;0;0.4;0.0;0.0
45;2021-01-18;749;1;0;3780;48;0;0.6;0.0;0.0
45;2021-01-19;1153;6;0;4933;54;0;0.7;0.0;0.0
45;2021-01-20;2030;14;0;6963;68;0;1.0;0.0;0.0
45;2021-01-21;2462;6;0;9425;74;0;1.4;0.0;0.0
45;2021-01-22;1387;6;0;10812;80;0;1.6;0.0;0.0
45;2021-01-23;154;1;0;10966;81;0;1.6;0.0;0.0
45;2021-01-24;34;0;0;11000;81;0;1.6;0.0;0.0
45;2021-01-25;567;4;0;11567;85;0;1.7;0.0;0.0
45;2021-01-26;885;20;0;12452;105;0;1.8;0.0;0.0
45;2021-01-27;890;41;0;13342;146;0;2.0;0.0;0.0
45;2021-01-28;945;206;0;14287;352;0;2.1;0.1;0.0
45;2021-01-29;612;131;0;14899;483;0;2.2;0.1;0.0
45;2021-01-30;61;33;0;14960;516;0;2.2;0.1;0.0
45;2021-01-31;39;23;0;14999;539;0;2.2;0.1;0.0
45;2021-02-01;485;204;0;15484;743;0;2.3;0.1;0.0
45;2021-02-02;764;451;0;16248;1194;0;2.4;0.2;0.0
45;2021-02-03;746;472;0;16994;1666;0;2.5;0.2;0.0
45;2021-02-04;738;275;0;17732;1941;0;2.6;0.3;0.0
45;2021-02-05;438;153;0;18170;2094;0;2.7;0.3;0.0
45;2021-02-06;43;27;0;18213;2121;0;2.7;0.3;0.0
45;2021-02-07;6;29;0;18219;2150;0;2.7;0.3;0.0
45;2021-02-08;459;183;0;18678;2333;0;2.7;0.3;0.0
45;2021-02-09;976;415;0;19654;2748;0;2.9;0.4;0.0
45;2021-02-10;1212;796;0;20866;3544;0;3.1;0.5;0.0
45;2021-02-11;1349;1484;0;22215;5028;0;3.3;0.7;0.0
45;2021-02-12;1033;1120;0;23248;6148;0;3.4;0.9;0.0
45;2021-02-13;89;149;0;23337;6297;0;3.4;0.9;0.0
45;2021-02-14;40;13;0;23377;6310;0;3.4;0.9;0.0
45;2021-02-15;528;617;0;23905;6927;0;3.5;1.0;0.0
45;2021-02-16;773;975;0;24678;7902;0;3.6;1.2;0.0
45;2021-02-17;617;1070;0;25295;8972;0;3.7;1.3;0.0
45;2021-02-18;840;916;0;26135;9888;0;3.8;1.4;0.0
45;2021-02-19;827;804;0;26962;10692;0;3.9;1.6;0.0
45;2021-02-20;59;96;0;27021;10788;0;4.0;1.6;0.0
45;2021-02-21;18;46;0;27039;10834;0;4.0;1.6;0.0
45;2021-02-22;382;631;0;27421;11465;0;4.0;1.7;0.0
45;2021-02-23;768;797;0;28189;12262;0;4.1;1.8;0.0
45;2021-02-24;610;922;0;28799;13184;0;4.2;1.9;0.0
45;2021-02-25;948;831;0;29747;14015;0;4.4;2.1;0.0
45;2021-02-26;1027;704;0;30774;14719;0;4.5;2.2;0.0
45;2021-02-27;296;62;0;31070;14781;0;4.5;2.2;0.0
45;2021-02-28;26;9;0;31096;14790;0;4.6;2.2;0.0
45;2021-03-01;536;360;0;31632;15150;0;4.6;2.2;0.0
45;2021-03-02;713;706;0;32345;15856;0;4.7;2.3;0.0
45;2021-03-03;949;856;0;33294;16712;0;4.9;2.4;0.0
45;2021-03-04;1123;966;0;34417;17678;0;5.0;2.6;0.0
45;2021-03-05;1448;887;0;35865;18565;0;5.3;2.7;0.0
45;2021-03-06;2080;142;0;37945;18707;0;5.6;2.7;0.0
45;2021-03-07;189;67;0;38134;18774;0;5.6;2.7;0.0
45;2021-03-08;779;785;0;38913;19559;0;5.7;2.9;0.0
45;2021-03-09;1300;718;0;40213;20277;0;5.9;3.0;0.0
45;2021-03-10;1608;922;0;41821;21199;0;6.1;3.1;0.0
45;2021-03-11;1767;759;0;43588;21958;0;6.4;3.2;0.0
45;2021-03-12;2093;647;0;45681;22605;0;6.7;3.3;0.0
45;2021-03-13;1072;55;0;46753;22660;0;6.8;3.3;0.0
45;2021-03-14;67;49;0;46820;22709;0;6.9;3.3;0.0
45;2021-03-15;886;552;0;47706;23261;0;7.0;3.4;0.0
45;2021-03-16;1034;808;0;48740;24069;0;7.1;3.5;0.0
45;2021-03-17;1092;627;0;49832;24696;0;7.3;3.6;0.0
45;2021-03-18;1079;575;0;50911;25271;0;7.5;3.7;0.0
45;2021-03-19;1733;425;0;52644;25696;0;7.7;3.8;0.0
45;2021-03-20;581;82;0;53225;25778;0;7.8;3.8;0.0
45;2021-03-21;34;36;0;53259;25814;0;7.8;3.8;0.0
45;2021-03-22;1009;490;0;54268;26304;0;7.9;3.9;0.0
45;2021-03-23;2090;703;0;56358;27007;0;8.3;4.0;0.0
45;2021-03-24;1971;516;0;58329;27523;0;8.5;4.0;0.0
45;2021-03-25;3168;456;0;61497;27979;0;9.0;4.1;0.0
45;2021-03-26;3527;492;0;65024;28471;0;9.5;4.2;0.0
45;2021-03-27;1857;122;0;66881;28593;0;9.8;4.2;0.0
45;2021-03-28;91;38;0;66972;28631;0;9.8;4.2;0.0
45;2021-03-29;1626;557;0;68598;29188;0;10.0;4.3;0.0
45;2021-03-30;2830;828;0;71428;30016;0;10.5;4.4;0.0
45;2021-03-31;2249;595;0;73677;30611;0;10.8;4.5;0.0
45;2021-04-01;3146;597;0;76823;31208;0;11.2;4.6;0.0
45;2021-04-02;2912;541;0;79735;31749;0;11.7;4.6;0.0
45;2021-04-03;854;105;0;80589;31854;0;11.8;4.7;0.0
45;2021-04-04;123;38;0;80712;31892;0;11.8;4.7;0.0
45;2021-04-05;50;2;0;80762;31894;0;11.8;4.7;0.0
45;2021-04-06;1871;814;0;82633;32708;0;12.1;4.8;0.0
45;2021-04-07;1983;1180;0;84616;33888;0;12.4;5.0;0.0
45;2021-04-08;2993;1070;0;87609;34958;0;12.8;5.1;0.0
45;2021-04-09;3780;693;0;91389;35651;0;13.4;5.2;0.0
45;2021-04-10;2410;200;0;93799;35851;0;13.7;5.2;0.0
45;2021-04-11;184;47;0;93983;35898;0;13.8;5.3;0.0
45;2021-04-12;2631;696;0;96614;36594;0;14.1;5.4;0.0
45;2021-04-13;3975;1176;0;100589;37770;0;14.7;5.5;0.0
45;2021-04-14;3050;1286;0;103639;39056;0;15.2;5.7;0.0
45;2021-04-15;3666;1113;0;107305;40169;0;15.7;5.9;0.0
45;2021-04-16;3904;779;0;111209;40948;0;16.3;6.0;0.0
45;2021-04-17;1612;164;0;112821;41112;0;16.5;6.0;0.0
45;2021-04-18;205;47;0;113026;41159;0;16.6;6.0;0.0
45;2021-04-19;1997;992;0;115023;42151;0;16.8;6.2;0.0
45;2021-04-20;3196;1767;0;118219;43918;0;17.3;6.4;0.0
45;2021-04-21;2835;1395;0;121054;45313;0;17.7;6.6;0.0
45;2021-04-22;3489;1991;0;124543;47304;0;18.2;6.9;0.0
45;2021-04-23;3454;1856;0;127997;49160;0;18.7;7.2;0.0
45;2021-04-24;2278;932;0;130275;50092;0;19.1;7.3;0.0
45;2021-04-25;443;97;0;130718;50189;0;19.1;7.3;0.0
45;2021-04-26;2379;1217;0;133097;51406;0;19.5;7.5;0.0
45;2021-04-27;3584;2376;0;136681;53782;0;20.0;7.9;0.0
45;2021-04-28;3003;2074;0;139684;55856;0;20.5;8.2;0.0
45;2021-04-29;4143;2435;0;143827;58291;0;21.1;8.5;0.0
45;2021-04-30;4594;1879;0;148421;60170;0;21.7;8.8;0.0
45;2021-05-01;515;95;0;148936;60265;0;21.8;8.8;0.0
45;2021-05-02;640;126;0;149576;60391;0;21.9;8.8;0.0
45;2021-05-03;3012;1126;0;152588;61517;0;22.3;9.0;0.0
45;2021-05-04;3484;2472;0;156072;63989;0;22.9;9.4;0.0
45;2021-05-05;2989;2260;0;159061;66249;0;23.3;9.7;0.0
45;2021-05-06;3692;2683;0;162753;68932;0;23.8;10.1;0.0
45;2021-05-07;3163;3243;0;165916;72175;0;24.3;10.6;0.0
45;2021-05-08;868;324;0;166784;72499;0;24.4;10.6;0.0
45;2021-05-09;1473;169;0;168257;72668;0;24.6;10.6;0.0
45;2021-05-10;4195;3065;0;172452;75733;0;25.3;11.1;0.0
45;2021-05-11;5120;3155;0;177572;78888;0;26.0;11.6;0.0
45;2021-05-12;6112;2998;0;183684;81886;0;26.9;12.0;0.0
45;2021-05-13;2780;633;0;186464;82519;0;27.3;12.1;0.0
45;2021-05-14;5194;1724;0;191658;84243;0;28.1;12.3;0.0
45;2021-05-15;4360;664;0;196018;84907;0;28.7;12.4;0.0
45;2021-05-16;386;58;0;196404;84965;0;28.8;12.4;0.0
45;2021-05-17;3700;1611;0;200104;86576;0;29.3;12.7;0.0
45;2021-05-18;5635;1810;0;205739;88386;0;30.1;12.9;0.0
45;2021-05-19;5088;2130;0;210827;90516;0;30.9;13.3;0.0
45;2021-05-20;5865;2196;0;216692;92712;0;31.7;13.6;0.0
45;2021-05-21;5666;2336;0;222358;95048;0;32.6;13.9;0.0
45;2021-05-22;3396;668;0;225754;95716;0;33.1;14.0;0.0
45;2021-05-23;225;105;0;225979;95821;0;33.1;14.0;0.0
45;2021-05-24;3195;254;0;229174;96075;0;33.6;14.1;0.0
45;2021-05-25;5548;3067;0;234722;99142;0;34.4;14.5;0.0
45;2021-05-26;5853;2411;0;240575;101553;0;35.2;14.9;0.0
45;2021-05-27;5811;3336;0;246386;104889;0;36.1;15.4;0.0
45;2021-05-28;5946;3572;0;252332;108461;0;37.0;15.9;0.0
45;2021-05-29;3935;1331;0;256267;109792;0;37.5;16.1;0.0
45;2021-05-30;140;185;0;256407;109977;0;37.5;16.1;0.0
45;2021-05-31;4309;2568;0;260716;112545;0;38.2;16.5;0.0
45;2021-06-01;6175;3233;0;266891;115778;0;39.1;17.0;0.0
45;2021-06-02;4990;3251;0;271881;119029;0;39.8;17.4;0.0
45;2021-06-03;5825;3371;0;277706;122400;0;40.7;17.9;0.0
45;2021-06-04;5894;3326;0;283600;125726;0;41.5;18.4;0.0
45;2021-06-05;2424;1601;0;286024;127327;0;41.9;18.6;0.0
45;2021-06-06;276;340;0;286300;127667;0;41.9;18.7;0.0
45;2021-06-07;4027;2849;0;290327;130516;0;42.5;19.1;0.0
45;2021-06-08;4679;4343;0;295006;134859;0;43.2;19.7;0.0
45;2021-06-09;4475;3508;0;299481;138367;0;43.9;20.3;0.0
45;2021-06-10;4846;2996;0;304327;141363;0;44.6;20.7;0.0
45;2021-06-11;4159;3871;0;308486;145234;0;45.2;21.3;0.0
45;2021-06-12;2717;1602;0;311203;146836;0;45.6;21.5;0.0
45;2021-06-13;128;483;0;311331;147319;0;45.6;21.6;0.0
45;2021-06-14;3048;4372;0;314379;151691;0;46.0;22.2;0.0
45;2021-06-15;3414;4669;0;317793;156360;0;46.5;22.9;0.0
45;2021-06-16;3818;3726;1;321611;160086;1;47.1;23.4;0.0
45;2021-06-17;3474;3834;0;325085;163920;1;47.6;24.0;0.0
45;2021-06-18;3821;5191;0;328906;169111;1;48.2;24.8;0.0
45;2021-06-19;2446;2015;0;331352;171126;1;48.5;25.1;0.0
45;2021-06-20;112;183;0;331464;171309;1;48.5;25.1;0.0
45;2021-06-21;2150;5969;0;333614;177278;1;48.9;26.0;0.0
45;2021-06-22;2449;6792;0;336063;184070;1;49.2;27.0;0.0
45;2021-06-23;2300;5810;0;338363;189880;1;49.5;27.8;0.0
45;2021-06-24;2206;3843;0;340569;193723;1;49.9;28.4;0.0
45;2021-06-25;2427;6594;0;342996;200317;1;50.2;29.3;0.0
45;2021-06-26;1858;3407;0;344854;203724;1;50.5;29.8;0.0
45;2021-06-27;92;240;0;344946;203964;1;50.5;29.9;0.0
45;2021-06-28;2024;5204;0;346970;209168;1;50.8;30.6;0.0
45;2021-06-29;2650;7241;0;349620;216409;1;51.2;31.7;0.0
45;2021-06-30;2881;6263;0;352501;222672;1;51.6;32.6;0.0
45;2021-07-01;2436;5465;0;354937;228137;1;52.0;33.4;0.0
45;2021-07-02;2351;6625;0;357288;234762;1;52.3;34.4;0.0
45;2021-07-03;827;3014;0;358115;237776;1;52.4;34.8;0.0
45;2021-07-04;75;197;0;358190;237973;1;52.5;34.8;0.0
45;2021-07-05;2011;5161;0;360201;243134;1;52.7;35.6;0.0
45;2021-07-06;2662;7185;0;362863;250319;1;53.1;36.7;0.0
45;2021-07-07;2299;6585;0;365162;256904;1;53.5;37.6;0.0
45;2021-07-08;2696;5608;0;367858;262512;1;53.9;38.4;0.0
45;2021-07-09;2194;7106;0;370052;269618;1;54.2;39.5;0.0
45;2021-07-10;1551;4196;0;371603;273814;1;54.4;40.1;0.0
45;2021-07-11;94;171;0;371697;273985;1;54.4;40.1;0.0
45;2021-07-12;1610;5934;0;373307;279919;1;54.7;41.0;0.0
45;2021-07-13;3086;8327;0;376393;288246;1;55.1;42.2;0.0
45;2021-07-14;1554;1710;0;377947;289956;1;55.3;42.5;0.0
45;2021-07-15;3932;7415;0;381879;297371;1;55.9;43.5;0.0
45;2021-07-16;3466;7348;0;385345;304719;1;56.4;44.6;0.0
45;2021-07-17;1485;2728;0;386830;307447;1;56.6;45.0;0.0
45;2021-07-18;251;236;0;387081;307683;1;56.7;45.1;0.0
45;2021-07-19;2108;5890;0;389189;313573;1;57.0;45.9;0.0
45;2021-07-20;4801;6832;0;393990;320405;1;57.7;46.9;0.0
45;2021-07-21;5196;5499;0;399186;325904;1;58.5;47.7;0.0
45;2021-07-22;6265;5065;0;405451;330969;1;59.4;48.5;0.0
45;2021-07-23;4457;5652;0;409908;336621;1;60.0;49.3;0.0
45;2021-07-24;2048;2920;0;411956;339541;1;60.3;49.7;0.0
45;2021-07-25;287;159;0;412243;339700;1;60.4;49.7;0.0
45;2021-07-26;3068;4901;0;415311;344601;1;60.8;50.5;0.0
45;2021-07-27;5445;5052;0;420756;349653;1;61.6;51.2;0.0
45;2021-07-28;4844;4054;0;425600;353707;1;62.3;51.8;0.0
45;2021-07-29;5260;3391;0;430860;357098;1;63.1;52.3;0.0
45;2021-07-30;4929;4783;0;435789;361881;1;63.8;53.0;0.0
45;2021-07-31;1301;2255;0;437090;364136;1;64.0;53.3;0.0
45;2021-08-01;283;98;0;437373;364234;1;64.0;53.3;0.0
45;2021-08-02;3681;3233;0;441054;367467;1;64.6;53.8;0.0
45;2021-08-03;4776;3045;0;445830;370512;1;65.3;54.3;0.0
45;2021-08-04;3580;2406;0;449410;372918;1;65.8;54.6;0.0
45;2021-08-05;3284;2718;0;452694;375636;1;66.3;55.0;0.0
45;2021-08-06;3626;3336;0;456320;378972;1;66.8;55.5;0.0
45;2021-08-07;1705;1258;0;458025;380230;1;67.1;55.7;0.0
45;2021-08-08;136;166;0;458161;380396;1;67.1;55.7;0.0
45;2021-08-09;2618;3233;0;460779;383629;1;67.5;56.2;0.0
45;2021-08-10;3339;3890;0;464118;387519;1;68.0;56.7;0.0
45;2021-08-11;2616;3692;0;466734;391211;1;68.3;57.3;0.0
45;2021-08-12;2145;3546;0;468879;394757;1;68.7;57.8;0.0
45;2021-08-13;1786;4178;0;470665;398935;1;68.9;58.4;0.0
45;2021-08-14;758;1268;0;471423;400203;1;69.0;58.6;0.0
45;2021-08-15;85;91;0;471508;400294;1;69.0;58.6;0.0
45;2021-08-16;1194;2608;0;472702;402902;1;69.2;59.0;0.0
45;2021-08-17;1839;3701;0;474541;406603;1;69.5;59.5;0.0
45;2021-08-18;1690;3907;0;476231;410510;1;69.7;60.1;0.0
45;2021-08-19;1482;4147;0;477713;414657;1;70.0;60.7;0.0
45;2021-08-20;1429;3625;0;479142;418282;1;70.2;61.3;0.0
45;2021-08-21;873;1438;0;480015;419720;1;70.3;61.5;0.0
45;2021-08-22;50;243;0;480065;419963;1;70.3;61.5;0.0
45;2021-08-23;1198;4294;0;481263;424257;1;70.5;62.1;0.0
45;2021-08-24;1673;4635;0;482936;428892;1;70.7;62.8;0.0
45;2021-08-25;1497;3644;0;484433;432536;1;70.9;63.3;0.0
45;2021-08-26;1044;3528;0;485477;436064;1;71.1;63.9;0.0
45;2021-08-27;1389;4804;0;486866;440868;1;71.3;64.6;0.0
45;2021-08-28;845;2118;0;487711;442986;1;71.4;64.9;0.0
45;2021-08-29;117;228;0;487828;443214;1;71.4;64.9;0.0
45;2021-08-30;1133;3976;73;488961;447190;74;71.6;65.5;0.0
45;2021-08-31;1071;4267;133;490032;451457;207;71.8;66.1;0.0
45;2021-09-01;1120;3309;169;491152;454766;376;71.9;66.6;0.1
45;2021-09-02;952;3040;250;492104;457806;626;72.1;67.0;0.1
45;2021-09-03;1041;3524;253;493145;461330;879;72.2;67.6;0.1
45;2021-09-04;549;1435;54;493694;462765;933;72.3;67.8;0.1
45;2021-09-05;23;72;1;493717;462837;934;72.3;67.8;0.1
45;2021-09-06;845;2311;463;494562;465148;1397;72.4;68.1;0.2
45;2021-09-07;720;1735;497;495282;466883;1894;72.5;68.4;0.3
45;2021-09-08;830;2138;395;496112;469021;2289;72.6;68.7;0.3
45;2021-09-09;766;1461;257;496878;470482;2546;72.8;68.9;0.4
45;2021-09-10;773;1603;299;497651;472085;2845;72.9;69.1;0.4
45;2021-09-11;427;1546;108;498078;473631;2953;72.9;69.4;0.4
45;2021-09-12;344;207;179;498422;473838;3132;73.0;69.4;0.5
45;2021-09-13;443;921;340;498865;474759;3472;73.1;69.5;0.5
45;2021-09-14;764;1451;718;499629;476210;4190;73.2;69.7;0.6
45;2021-09-15;738;1704;604;500367;477914;4794;73.3;70.0;0.7
45;2021-09-16;761;990;506;501128;478904;5300;73.4;70.1;0.8
45;2021-09-17;743;1586;535;501871;480490;5835;73.5;70.4;0.9
45;2021-09-18;453;986;188;502324;481476;6023;73.6;70.5;0.9
45;2021-09-19;12;61;1;502336;481537;6024;73.6;70.5;0.9
45;2021-09-20;392;930;674;502728;482467;6698;73.6;70.7;1.0
45;2021-09-21;454;761;642;503182;483228;7340;73.7;70.8;1.1
45;2021-09-22;415;1573;739;503597;484801;8079;73.7;71.0;1.2
45;2021-09-23;504;874;750;504101;485675;8829;73.8;71.1;1.3
45;2021-09-24;539;1290;483;504640;486965;9312;73.9;71.3;1.4
45;2021-09-25;312;762;178;504952;487727;9490;73.9;71.4;1.4
45;2021-09-26;12;30;6;504964;487757;9496;73.9;71.4;1.4
45;2021-09-27;415;730;550;505379;488487;10046;74.0;71.5;1.5
45;2021-09-28;424;765;742;505803;489252;10788;74.1;71.6;1.6
45;2021-09-29;468;936;751;506271;490188;11539;74.1;71.8;1.7
45;2021-09-30;391;812;594;506662;491000;12133;74.2;71.9;1.8
45;2021-10-01;399;748;355;507061;491748;12488;74.3;72.0;1.8
45;2021-10-02;313;561;259;507374;492309;12747;74.3;72.1;1.9
45;2021-10-03;87;336;149;507461;492645;12896;74.3;72.1;1.9
45;2021-10-04;223;367;457;507684;493012;13353;74.3;72.2;2.0
45;2021-10-05;396;681;830;508080;493693;14183;74.4;72.3;2.1
45;2021-10-06;442;719;690;508522;494412;14873;74.5;72.4;2.2
45;2021-10-07;283;703;730;508805;495115;15603;74.5;72.5;2.3
45;2021-10-08;378;726;677;509183;495841;16280;74.6;72.6;2.4
45;2021-10-09;382;633;332;509565;496474;16612;74.6;72.7;2.4
45;2021-10-10;13;14;5;509578;496488;16617;74.6;72.7;2.4
45;2021-10-11;244;399;479;509822;496887;17096;74.7;72.8;2.5
45;2021-10-12;323;552;1011;510145;497439;18107;74.7;72.8;2.7
45;2021-10-13;321;573;886;510466;498012;18993;74.8;72.9;2.8
45;2021-10-14;256;395;621;510722;498407;19614;74.8;73.0;2.9
45;2021-10-15;399;658;858;511121;499065;20472;74.8;73.1;3.0
45;2021-10-16;333;444;309;511454;499509;20781;74.9;73.1;3.0
45;2021-10-17;3;13;9;511457;499522;20790;74.9;73.1;3.0
45;2021-10-18;225;344;476;511682;499866;21266;74.9;73.2;3.1
45;2021-10-19;202;529;845;511884;500395;22111;75.0;73.3;3.2
45;2021-10-20;309;464;923;512193;500859;23034;75.0;73.3;3.4
45;2021-10-21;240;424;956;512433;501283;23990;75.0;73.4;3.5
45;2021-10-22;270;522;902;512703;501805;24892;75.1;73.5;3.6
45;2021-10-23;242;380;383;512945;502185;25275;75.1;73.5;3.7
45;2021-10-24;5;19;3;512950;502204;25278;75.1;73.5;3.7
45;2021-10-25;197;295;716;513147;502499;25994;75.1;73.6;3.8
45;2021-10-26;224;387;1110;513371;502886;27104;75.2;73.6;4.0
45;2021-10-27;242;474;1079;513613;503360;28183;75.2;73.7;4.1
45;2021-10-28;183;254;889;513796;503614;29072;75.2;73.7;4.3
45;2021-10-29;228;351;890;514024;503965;29962;75.3;73.8;4.4
45;2021-10-30;152;279;441;514176;504244;30403;75.3;73.8;4.5
45;2021-10-31;3;6;2;514179;504250;30405;75.3;73.8;4.5
45;2021-11-01;31;30;17;514210;504280;30422;75.3;73.8;4.5
45;2021-11-02;236;430;1095;514446;504710;31517;75.3;73.9;4.6
45;2021-11-03;231;380;1161;514677;505090;32678;75.4;74.0;4.8
45;2021-11-04;181;205;1292;514858;505295;33970;75.4;74.0;5.0
45;2021-11-05;238;357;1267;515096;505652;35237;75.4;74.0;5.2
45;2021-11-06;166;317;553;515262;505969;35790;75.5;74.1;5.2
45;2021-11-07;5;23;19;515267;505992;35809;75.5;74.1;5.2
45;2021-11-08;178;265;1258;515445;506257;37067;75.5;74.1;5.4
45;2021-11-09;154;285;1858;515599;506542;38925;75.5;74.2;5.7
45;2021-11-10;272;411;2032;515871;506953;40957;75.5;74.2;6.0
45;2021-11-11;48;51;184;515919;507004;41141;75.5;74.2;6.0
45;2021-11-12;284;369;2073;516203;507373;43214;75.6;74.3;6.3
45;2021-11-13;199;261;814;516402;507634;44028;75.6;74.3;6.4
45;2021-11-14;6;24;12;516408;507658;44040;75.6;74.3;6.4
45;2021-11-15;159;233;1745;516567;507891;45785;75.6;74.4;6.7
45;2021-11-16;202;249;2319;516769;508140;48104;75.7;74.4;7.0
45;2021-11-17;288;294;2207;517057;508434;50311;75.7;74.5;7.4
45;2021-11-18;176;183;2095;517233;508617;52406;75.7;74.5;7.7
45;2021-11-19;257;334;2155;517490;508951;54561;75.8;74.5;8.0
45;2021-11-20;279;310;963;517769;509261;55524;75.8;74.6;8.1
45;2021-11-21;3;3;29;517772;509264;55553;75.8;74.6;8.1
45;2021-11-22;177;152;2120;517949;509416;57673;75.8;74.6;8.4
45;2021-11-23;234;228;2903;518183;509644;60576;75.9;74.6;8.9
45;2021-11-24;300;284;2638;518483;509928;63214;75.9;74.7;9.3
45;2021-11-25;189;244;3315;518672;510172;66529;76.0;74.7;9.7
45;2021-11-26;230;239;3949;518902;510411;70478;76.0;74.7;10.3
45;2021-11-27;196;226;2199;519098;510637;72677;76.0;74.8;10.6
45;2021-11-28;31;50;1781;519129;510687;74458;76.0;74.8;10.9
45;2021-11-29;109;188;3739;519238;510875;78197;76.0;74.8;11.5
45;2021-11-30;149;172;5036;519387;511047;83233;76.1;74.8;12.2
45;2021-12-01;127;222;5132;519514;511269;88365;76.1;74.9;12.9
45;2021-12-02;120;164;5370;519634;511433;93735;76.1;74.9;13.7
45;2021-12-03;137;251;5074;519771;511684;98809;76.1;74.9;14.5
45;2021-12-04;112;189;2917;519883;511873;101726;76.1;75.0;14.9
45;2021-12-05;11;20;577;519894;511893;102303;76.1;75.0;15.0
45;2021-12-06;90;192;5636;519984;512085;107939;76.1;75.0;15.8
45;2021-12-07;193;237;7918;520177;512322;115857;76.2;75.0;17.0
45;2021-12-08;182;292;7257;520359;512614;123114;76.2;75.1;18.0
45;2021-12-09;147;222;7784;520506;512836;130898;76.2;75.1;19.2
45;2021-12-10;207;277;7490;520713;513113;138388;76.3;75.1;20.3
45;2021-12-11;152;233;4689;520865;513346;143077;76.3;75.2;21.0
45;2021-12-12;57;51;2883;520922;513397;145960;76.3;75.2;21.4
45;2021-12-13;122;209;7092;521044;513606;153052;76.3;75.2;22.4
45;2021-12-14;194;271;10337;521238;513877;163389;76.3;75.3;23.9
45;2021-12-15;177;316;8899;521415;514193;172288;76.4;75.3;25.2
45;2021-12-16;180;275;9602;521595;514468;181890;76.4;75.3;26.6
45;2021-12-17;183;283;8733;521778;514751;190623;76.4;75.4;27.9
45;2021-12-18;165;207;5601;521943;514958;196224;76.4;75.4;28.7
45;2021-12-19;34;36;1045;521977;514994;197269;76.4;75.4;28.9
45;2021-12-20;245;231;7358;522222;515225;204627;76.5;75.4;30.0
45;2021-12-21;309;253;9305;522531;515478;213932;76.5;75.5;31.3
45;2021-12-22;325;247;7606;522856;515725;221538;76.6;75.5;32.4
45;2021-12-23;273;190;6029;523129;515915;227567;76.6;75.5;33.3
45;2021-12-24;126;83;1736;523255;515998;229303;76.6;75.6;33.6
45;2021-12-25;0;20;90;523255;516018;229393;76.6;75.6;33.6
45;2021-12-26;12;16;192;523267;516034;229585;76.6;75.6;33.6
46;2020-12-27;1;0;0;1;0;0;0.0;0.0;0.0
46;2020-12-28;0;0;0;1;0;0;0.0;0.0;0.0
46;2020-12-29;0;0;0;1;0;0;0.0;0.0;0.0
46;2020-12-30;0;0;0;1;0;0;0.0;0.0;0.0
46;2020-12-31;0;0;0;1;0;0;0.0;0.0;0.0
46;2021-01-01;0;0;0;1;0;0;0.0;0.0;0.0
46;2021-01-02;0;0;0;1;0;0;0.0;0.0;0.0
46;2021-01-03;0;0;0;1;0;0;0.0;0.0;0.0
46;2021-01-04;0;0;0;1;0;0;0.0;0.0;0.0
46;2021-01-05;0;0;0;1;0;0;0.0;0.0;0.0
46;2021-01-06;3;0;0;4;0;0;0.0;0.0;0.0
46;2021-01-07;127;1;0;131;1;0;0.1;0.0;0.0
46;2021-01-08;169;0;0;300;1;0;0.2;0.0;0.0
46;2021-01-09;1;0;0;301;1;0;0.2;0.0;0.0
46;2021-01-10;2;0;0;303;1;0;0.2;0.0;0.0
46;2021-01-11;96;0;0;399;1;0;0.2;0.0;0.0
46;2021-01-12;137;0;0;536;1;0;0.3;0.0;0.0
46;2021-01-13;221;2;0;757;3;0;0.4;0.0;0.0
46;2021-01-14;236;1;0;993;4;0;0.6;0.0;0.0
46;2021-01-15;292;2;0;1285;6;0;0.7;0.0;0.0
46;2021-01-16;17;0;0;1302;6;0;0.8;0.0;0.0
46;2021-01-17;2;0;0;1304;6;0;0.8;0.0;0.0
46;2021-01-18;277;3;0;1581;9;0;0.9;0.0;0.0
46;2021-01-19;390;0;0;1971;9;0;1.1;0.0;0.0
46;2021-01-20;916;3;0;2887;12;0;1.7;0.0;0.0
46;2021-01-21;917;1;0;3804;13;0;2.2;0.0;0.0
46;2021-01-22;409;1;0;4213;14;0;2.4;0.0;0.0
46;2021-01-23;17;0;0;4230;14;0;2.4;0.0;0.0
46;2021-01-24;1;0;0;4231;14;0;2.4;0.0;0.0
46;2021-01-25;225;2;0;4456;16;0;2.6;0.0;0.0
46;2021-01-26;299;2;0;4755;18;0;2.7;0.0;0.0
46;2021-01-27;277;1;0;5032;19;0;2.9;0.0;0.0
46;2021-01-28;308;44;0;5340;63;0;3.1;0.0;0.0
46;2021-01-29;255;83;0;5595;146;0;3.2;0.1;0.0
46;2021-01-30;9;2;0;5604;148;0;3.2;0.1;0.0
46;2021-01-31;0;0;0;5604;148;0;3.2;0.1;0.0
46;2021-02-01;207;149;0;5811;297;0;3.4;0.2;0.0
46;2021-02-02;205;209;0;6016;506;0;3.5;0.3;0.0
46;2021-02-03;251;91;0;6267;597;0;3.6;0.3;0.0
46;2021-02-04;342;87;0;6609;684;0;3.8;0.4;0.0
46;2021-02-05;205;169;0;6814;853;0;3.9;0.5;0.0
46;2021-02-06;16;3;0;6830;856;0;3.9;0.5;0.0
46;2021-02-07;34;0;0;6864;856;0;4.0;0.5;0.0
46;2021-02-08;192;146;0;7056;1002;0;4.1;0.6;0.0
46;2021-02-09;251;224;0;7307;1226;0;4.2;0.7;0.0
46;2021-02-10;324;524;0;7631;1750;0;4.4;1.0;0.0
46;2021-02-11;576;531;0;8207;2281;0;4.7;1.3;0.0
46;2021-02-12;306;341;0;8513;2622;0;4.9;1.5;0.0
46;2021-02-13;8;8;0;8521;2630;0;4.9;1.5;0.0
46;2021-02-14;0;57;0;8521;2687;0;4.9;1.6;0.0
46;2021-02-15;184;299;0;8705;2986;0;5.0;1.7;0.0
46;2021-02-16;211;279;0;8916;3265;0;5.1;1.9;0.0
46;2021-02-17;227;342;0;9143;3607;0;5.3;2.1;0.0
46;2021-02-18;355;296;0;9498;3903;0;5.5;2.3;0.0
46;2021-02-19;244;240;0;9742;4143;0;5.6;2.4;0.0
46;2021-02-20;3;11;0;9745;4154;0;5.6;2.4;0.0
46;2021-02-21;0;0;0;9745;4154;0;5.6;2.4;0.0
46;2021-02-22;153;212;0;9898;4366;0;5.7;2.5;0.0
46;2021-02-23;243;242;0;10141;4608;0;5.9;2.7;0.0
46;2021-02-24;199;357;0;10340;4965;0;6.0;2.9;0.0
46;2021-02-25;255;300;0;10595;5265;0;6.1;3.0;0.0
46;2021-02-26;380;327;0;10975;5592;0;6.3;3.2;0.0
46;2021-02-27;114;6;0;11089;5598;0;6.4;3.2;0.0
46;2021-02-28;7;3;0;11096;5601;0;6.4;3.2;0.0
46;2021-03-01;175;161;0;11271;5762;0;6.5;3.3;0.0
46;2021-03-02;383;203;0;11654;5965;0;6.7;3.4;0.0
46;2021-03-03;436;292;0;12090;6257;0;7.0;3.6;0.0
46;2021-03-04;571;408;0;12661;6665;0;7.3;3.8;0.0
46;2021-03-05;727;346;0;13388;7011;0;7.7;4.0;0.0
46;2021-03-06;467;20;0;13855;7031;0;8.0;4.1;0.0
46;2021-03-07;107;18;0;13962;7049;0;8.1;4.1;0.0
46;2021-03-08;331;237;0;14293;7286;0;8.3;4.2;0.0
46;2021-03-09;704;241;0;14997;7527;0;8.7;4.3;0.0
46;2021-03-10;643;238;0;15640;7765;0;9.0;4.5;0.0
46;2021-03-11;788;243;0;16428;8008;0;9.5;4.6;0.0
46;2021-03-12;852;225;0;17280;8233;0;10.0;4.8;0.0
46;2021-03-13;503;8;0;17783;8241;0;10.3;4.8;0.0
46;2021-03-14;16;0;0;17799;8241;0;10.3;4.8;0.0
46;2021-03-15;474;158;0;18273;8399;0;10.6;4.9;0.0
46;2021-03-16;668;162;0;18941;8561;0;10.9;4.9;0.0
46;2021-03-17;602;189;0;19543;8750;0;11.3;5.1;0.0
46;2021-03-18;684;202;0;20227;8952;0;11.7;5.2;0.0
46;2021-03-19;733;149;0;20960;9101;0;12.1;5.3;0.0
46;2021-03-20;262;4;0;21222;9105;0;12.3;5.3;0.0
46;2021-03-21;6;1;0;21228;9106;0;12.3;5.3;0.0
46;2021-03-22;497;243;0;21725;9349;0;12.5;5.4;0.0
46;2021-03-23;652;221;0;22377;9570;0;12.9;5.5;0.0
46;2021-03-24;627;230;0;23004;9800;0;13.3;5.7;0.0
46;2021-03-25;1042;183;0;24046;9983;0;13.9;5.8;0.0
46;2021-03-26;934;319;0;24980;10302;0;14.4;5.9;0.0
46;2021-03-27;390;67;0;25370;10369;0;14.7;6.0;0.0
46;2021-03-28;126;1;0;25496;10370;0;14.7;6.0;0.0
46;2021-03-29;660;251;0;26156;10621;0;15.1;6.1;0.0
46;2021-03-30;733;341;0;26889;10962;0;15.5;6.3;0.0
46;2021-03-31;825;380;0;27714;11342;0;16.0;6.5;0.0
46;2021-04-01;1104;337;0;28818;11679;0;16.6;6.7;0.0
46;2021-04-02;834;360;0;29652;12039;0;17.1;7.0;0.0
46;2021-04-03;171;151;0;29823;12190;0;17.2;7.0;0.0
46;2021-04-04;2;62;0;29825;12252;0;17.2;7.1;0.0
46;2021-04-05;12;1;0;29837;12253;0;17.2;7.1;0.0
46;2021-04-06;524;469;0;30361;12722;0;17.5;7.3;0.0
46;2021-04-07;740;593;0;31101;13315;0;18.0;7.7;0.0
46;2021-04-08;933;486;0;32034;13801;0;18.5;8.0;0.0
46;2021-04-09;951;464;0;32985;14265;0;19.0;8.2;0.0
46;2021-04-10;490;180;0;33475;14445;0;19.3;8.3;0.0
46;2021-04-11;242;2;0;33717;14447;0;19.5;8.3;0.0
46;2021-04-12;779;512;0;34496;14959;0;19.9;8.6;0.0
46;2021-04-13;1079;650;0;35575;15609;0;20.5;9.0;0.0
46;2021-04-14;1354;555;0;36929;16164;0;21.3;9.3;0.0
46;2021-04-15;1340;603;0;38269;16767;0;22.1;9.7;0.0
46;2021-04-16;1389;489;0;39658;17256;0;22.9;10.0;0.0
46;2021-04-17;846;124;0;40504;17380;0;23.4;10.0;0.0
46;2021-04-18;430;11;0;40934;17391;0;23.6;10.0;0.0
46;2021-04-19;928;519;0;41862;17910;0;24.2;10.3;0.0
46;2021-04-20;1016;651;0;42878;18561;0;24.8;10.7;0.0
46;2021-04-21;1009;623;0;43887;19184;0;25.3;11.1;0.0
46;2021-04-22;1165;618;0;45052;19802;0;26.0;11.4;0.0
46;2021-04-23;941;645;0;45993;20447;0;26.6;11.8;0.0
46;2021-04-24;447;37;0;46440;20484;0;26.8;11.8;0.0
46;2021-04-25;267;10;0;46707;20494;0;27.0;11.8;0.0
46;2021-04-26;684;636;0;47391;21130;0;27.4;12.2;0.0
46;2021-04-27;1057;592;0;48448;21722;0;28.0;12.5;0.0
46;2021-04-28;1095;659;0;49543;22381;0;28.6;12.9;0.0
46;2021-04-29;1235;530;0;50778;22911;0;29.3;13.2;0.0
46;2021-04-30;1254;527;0;52032;23438;0;30.0;13.5;0.0
46;2021-05-01;589;60;0;52621;23498;0;30.4;13.6;0.0
46;2021-05-02;217;1;0;52838;23499;0;30.5;13.6;0.0
46;2021-05-03;691;526;0;53529;24025;0;30.9;13.9;0.0
46;2021-05-04;817;985;0;54346;25010;0;31.4;14.4;0.0
46;2021-05-05;1038;745;0;55384;25755;0;32.0;14.9;0.0
46;2021-05-06;1082;744;0;56466;26499;0;32.6;15.3;0.0
46;2021-05-07;1119;734;0;57585;27233;0;33.3;15.7;0.0
46;2021-05-08;264;373;0;57849;27606;0;33.4;15.9;0.0
46;2021-05-09;42;234;0;57891;27840;0;33.4;16.1;0.0
46;2021-05-10;450;1006;0;58341;28846;0;33.7;16.7;0.0
46;2021-05-11;940;1136;0;59281;29982;0;34.2;17.3;0.0
46;2021-05-12;851;1340;0;60132;31322;0;34.7;18.1;0.0
46;2021-05-13;488;116;0;60620;31438;0;35.0;18.2;0.0
46;2021-05-14;758;932;0;61378;32370;0;35.4;18.7;0.0
46;2021-05-15;273;504;0;61651;32874;0;35.6;19.0;0.0
46;2021-05-16;115;220;0;61766;33094;0;35.7;19.1;0.0
46;2021-05-17;641;825;0;62407;33919;0;36.0;19.6;0.0
46;2021-05-18;1168;854;0;63575;34773;0;36.7;20.1;0.0
46;2021-05-19;1096;772;0;64671;35545;0;37.3;20.5;0.0
46;2021-05-20;1182;697;0;65853;36242;0;38.0;20.9;0.0
46;2021-05-21;865;958;0;66718;37200;0;38.5;21.5;0.0
46;2021-05-22;180;350;0;66898;37550;0;38.6;21.7;0.0
46;2021-05-23;409;28;0;67307;37578;0;38.9;21.7;0.0
46;2021-05-24;377;115;0;67684;37693;0;39.1;21.8;0.0
46;2021-05-25;839;1060;0;68523;38753;0;39.6;22.4;0.0
46;2021-05-26;1043;982;0;69566;39735;0;40.2;22.9;0.0
46;2021-05-27;1213;1048;0;70779;40783;0;40.9;23.6;0.0
46;2021-05-28;1182;1013;0;71961;41796;0;41.6;24.1;0.0
46;2021-05-29;868;384;0;72829;42180;0;42.1;24.4;0.0
46;2021-05-30;293;49;0;73122;42229;0;42.2;24.4;0.0
46;2021-05-31;830;883;0;73952;43112;0;42.7;24.9;0.0
46;2021-06-01;1078;879;0;75030;43991;0;43.3;25.4;0.0
46;2021-06-02;1108;961;0;76138;44952;0;44.0;26.0;0.0
46;2021-06-03;1184;910;0;77322;45862;0;44.7;26.5;0.0
46;2021-06-04;1122;848;0;78444;46710;0;45.3;27.0;0.0
46;2021-06-05;387;395;0;78831;47105;0;45.5;27.2;0.0
46;2021-06-06;169;76;0;79000;47181;0;45.6;27.2;0.0
46;2021-06-07;721;521;0;79721;47702;0;46.0;27.5;0.0
46;2021-06-08;895;811;0;80616;48513;0;46.6;28.0;0.0
46;2021-06-09;1229;861;0;81845;49374;0;47.3;28.5;0.0
46;2021-06-10;904;785;0;82749;50159;0;47.8;29.0;0.0
46;2021-06-11;861;1172;0;83610;51331;0;48.3;29.6;0.0
46;2021-06-12;434;481;0;84044;51812;0;48.5;29.9;0.0
46;2021-06-13;49;73;0;84093;51885;0;48.6;30.0;0.0
46;2021-06-14;519;890;0;84612;52775;0;48.9;30.5;0.0
46;2021-06-15;663;988;0;85275;53763;0;49.2;31.0;0.0
46;2021-06-16;833;892;0;86108;54655;0;49.7;31.6;0.0
46;2021-06-17;505;803;0;86613;55458;0;50.0;32.0;0.0
46;2021-06-18;569;1072;0;87182;56530;0;50.3;32.6;0.0
46;2021-06-19;397;255;0;87579;56785;0;50.6;32.8;0.0
46;2021-06-20;47;164;0;87626;56949;0;50.6;32.9;0.0
46;2021-06-21;387;786;0;88013;57735;0;50.8;33.3;0.0
46;2021-06-22;327;1052;0;88340;58787;0;51.0;33.9;0.0
46;2021-06-23;438;964;0;88778;59751;0;51.3;34.5;0.0
46;2021-06-24;264;753;0;89042;60504;0;51.4;34.9;0.0
46;2021-06-25;447;988;0;89489;61492;0;51.7;35.5;0.0
46;2021-06-26;354;511;0;89843;62003;0;51.9;35.8;0.0
46;2021-06-27;11;41;0;89854;62044;0;51.9;35.8;0.0
46;2021-06-28;287;1147;0;90141;63191;0;52.1;36.5;0.0
46;2021-06-29;328;1453;0;90469;64644;0;52.2;37.3;0.0
46;2021-06-30;461;1315;0;90930;65959;0;52.5;38.1;0.0
46;2021-07-01;329;1065;0;91259;67024;0;52.7;38.7;0.0
46;2021-07-02;425;992;0;91684;68016;0;52.9;39.3;0.0
46;2021-07-03;138;436;0;91822;68452;0;53.0;39.5;0.0
46;2021-07-04;54;127;0;91876;68579;0;53.1;39.6;0.0
46;2021-07-05;302;1033;0;92178;69612;0;53.2;40.2;0.0
46;2021-07-06;317;1249;0;92495;70861;0;53.4;40.9;0.0
46;2021-07-07;530;1482;0;93025;72343;0;53.7;41.8;0.0
46;2021-07-08;342;1021;0;93367;73364;0;53.9;42.4;0.0
46;2021-07-09;373;1451;0;93740;74815;0;54.1;43.2;0.0
46;2021-07-10;313;919;0;94053;75734;0;54.3;43.7;0.0
46;2021-07-11;17;278;0;94070;76012;0;54.3;43.9;0.0
46;2021-07-12;220;1099;0;94290;77111;0;54.5;44.5;0.0
46;2021-07-13;581;1407;0;94871;78518;0;54.8;45.3;0.0
46;2021-07-14;95;169;0;94966;78687;0;54.8;45.4;0.0
46;2021-07-15;784;1268;0;95750;79955;0;55.3;46.2;0.0
46;2021-07-16;651;1219;0;96401;81174;0;55.7;46.9;0.0
46;2021-07-17;333;548;0;96734;81722;0;55.9;47.2;0.0
46;2021-07-18;38;33;0;96772;81755;0;55.9;47.2;0.0
46;2021-07-19;590;1054;0;97362;82809;0;56.2;47.8;0.0
46;2021-07-20;850;1277;0;98212;84086;0;56.7;48.6;0.0
46;2021-07-21;781;1172;0;98993;85258;0;57.2;49.2;0.0
46;2021-07-22;1051;946;0;100044;86204;0;57.8;49.8;0.0
46;2021-07-23;674;1211;0;100718;87415;0;58.2;50.5;0.0
46;2021-07-24;809;633;0;101527;88048;0;58.6;50.8;0.0
46;2021-07-25;140;43;0;101667;88091;0;58.7;50.9;0.0
46;2021-07-26;762;753;0;102429;88844;0;59.2;51.3;0.0
46;2021-07-27;998;790;0;103427;89634;0;59.7;51.8;0.0
46;2021-07-28;1023;880;0;104450;90514;0;60.3;52.3;0.0
46;2021-07-29;1294;714;0;105744;91228;0;61.1;52.7;0.0
46;2021-07-30;1515;758;1;107259;91986;1;61.9;53.1;0.0
46;2021-07-31;778;587;0;108037;92573;1;62.4;53.5;0.0
46;2021-08-01;67;26;0;108104;92599;1;62.4;53.5;0.0
46;2021-08-02;856;511;0;108960;93110;1;62.9;53.8;0.0
46;2021-08-03;1052;505;0;110012;93615;1;63.5;54.1;0.0
46;2021-08-04;1230;408;0;111242;94023;1;64.2;54.3;0.0
46;2021-08-05;1105;679;0;112347;94702;1;64.9;54.7;0.0
46;2021-08-06;1071;615;0;113418;95317;1;65.5;55.0;0.0
46;2021-08-07;533;420;0;113951;95737;1;65.8;55.3;0.0
46;2021-08-08;116;53;0;114067;95790;1;65.9;55.3;0.0
46;2021-08-09;774;555;0;114841;96345;1;66.3;55.6;0.0
46;2021-08-10;966;727;0;115807;97072;1;66.9;56.1;0.0
46;2021-08-11;950;718;0;116757;97790;1;67.4;56.5;0.0
46;2021-08-12;795;596;0;117552;98386;1;67.9;56.8;0.0
46;2021-08-13;760;736;0;118312;99122;1;68.3;57.2;0.0
46;2021-08-14;459;624;0;118771;99746;1;68.6;57.6;0.0
46;2021-08-15;41;53;0;118812;99799;1;68.6;57.6;0.0
46;2021-08-16;634;658;0;119446;100457;1;69.0;58.0;0.0
46;2021-08-17;744;988;0;120190;101445;1;69.4;58.6;0.0
46;2021-08-18;583;841;0;120773;102286;1;69.7;59.1;0.0
46;2021-08-19;529;1076;0;121302;103362;1;70.0;59.7;0.0
46;2021-08-20;439;1199;0;121741;104561;1;70.3;60.4;0.0
46;2021-08-21;304;521;0;122045;105082;1;70.5;60.7;0.0
46;2021-08-22;19;48;0;122064;105130;1;70.5;60.7;0.0
46;2021-08-23;361;1023;0;122425;106153;1;70.7;61.3;0.0
46;2021-08-24;461;1136;0;122886;107289;1;71.0;62.0;0.0
46;2021-08-25;396;1053;0;123282;108342;1;71.2;62.6;0.0
46;2021-08-26;353;904;0;123635;109246;1;71.4;63.1;0.0
46;2021-08-27;379;1304;0;124014;110550;1;71.6;63.8;0.0
46;2021-08-28;232;550;0;124246;111100;1;71.7;64.2;0.0
46;2021-08-29;14;42;0;124260;111142;1;71.8;64.2;0.0
46;2021-08-30;278;958;17;124538;112100;18;71.9;64.7;0.0
46;2021-08-31;300;1078;33;124838;113178;51;72.1;65.4;0.0
46;2021-09-01;377;948;50;125215;114126;101;72.3;65.9;0.1
46;2021-09-02;247;839;41;125462;114965;142;72.5;66.4;0.1
46;2021-09-03;292;966;100;125754;115931;242;72.6;66.9;0.1
46;2021-09-04;197;542;32;125951;116473;274;72.7;67.3;0.2
46;2021-09-05;12;40;3;125963;116513;277;72.7;67.3;0.2
46;2021-09-06;201;586;82;126164;117099;359;72.9;67.6;0.2
46;2021-09-07;226;677;93;126390;117776;452;73.0;68.0;0.3
46;2021-09-08;240;679;91;126630;118455;543;73.1;68.4;0.3
46;2021-09-09;190;458;101;126820;118913;644;73.2;68.7;0.4
46;2021-09-10;269;729;151;127089;119642;795;73.4;69.1;0.5
46;2021-09-11;153;338;34;127242;119980;829;73.5;69.3;0.5
46;2021-09-12;8;31;4;127250;120011;833;73.5;69.3;0.5
46;2021-09-13;166;435;163;127416;120446;996;73.6;69.6;0.6
46;2021-09-14;253;385;340;127669;120831;1336;73.7;69.8;0.8
46;2021-09-15;229;545;183;127898;121376;1519;73.9;70.1;0.9
46;2021-09-16;126;240;119;128024;121616;1638;73.9;70.2;0.9
46;2021-09-17;217;445;208;128241;122061;1846;74.1;70.5;1.1
46;2021-09-18;96;357;31;128337;122418;1877;74.1;70.7;1.1
46;2021-09-19;4;21;0;128341;122439;1877;74.1;70.7;1.1
46;2021-09-20;65;324;141;128406;122763;2018;74.2;70.9;1.2
46;2021-09-21;81;212;210;128487;122975;2228;74.2;71.0;1.3
46;2021-09-22;114;443;273;128601;123418;2501;74.3;71.3;1.4
46;2021-09-23;81;204;384;128682;123622;2885;74.3;71.4;1.7
46;2021-09-24;90;366;225;128772;123988;3110;74.4;71.6;1.8
46;2021-09-25;74;223;41;128846;124211;3151;74.4;71.7;1.8
46;2021-09-26;5;11;4;128851;124222;3155;74.4;71.7;1.8
46;2021-09-27;74;214;200;128925;124436;3355;74.5;71.9;1.9
46;2021-09-28;53;215;150;128978;124651;3505;74.5;72.0;2.0
46;2021-09-29;74;271;182;129052;124922;3687;74.5;72.1;2.1
46;2021-09-30;62;140;206;129114;125062;3893;74.6;72.2;2.2
46;2021-10-01;113;265;142;129227;125327;4035;74.6;72.4;2.3
46;2021-10-02;85;191;57;129312;125518;4092;74.7;72.5;2.4
46;2021-10-03;0;1;0;129312;125519;4092;74.7;72.5;2.4
46;2021-10-04;67;171;204;129379;125690;4296;74.7;72.6;2.5
46;2021-10-05;64;215;202;129443;125905;4498;74.8;72.7;2.6
46;2021-10-06;67;196;197;129510;126101;4695;74.8;72.8;2.7
46;2021-10-07;65;165;275;129575;126266;4970;74.8;72.9;2.9
46;2021-10-08;115;259;321;129690;126525;5291;74.9;73.1;3.1
46;2021-10-09;73;139;112;129763;126664;5403;74.9;73.1;3.1
46;2021-10-10;0;7;0;129763;126671;5403;74.9;73.2;3.1
46;2021-10-11;65;131;233;129828;126802;5636;75.0;73.2;3.3
46;2021-10-12;45;82;262;129873;126884;5898;75.0;73.3;3.4
46;2021-10-13;68;146;292;129941;127030;6190;75.0;73.4;3.6
46;2021-10-14;59;120;321;130000;127150;6511;75.1;73.4;3.8
46;2021-10-15;96;188;293;130096;127338;6804;75.1;73.5;3.9
46;2021-10-16;56;99;108;130152;127437;6912;75.2;73.6;4.0
46;2021-10-17;1;7;1;130153;127444;6913;75.2;73.6;4.0
46;2021-10-18;33;69;251;130186;127513;7164;75.2;73.6;4.1
46;2021-10-19;43;54;263;130229;127567;7427;75.2;73.7;4.3
46;2021-10-20;53;96;356;130282;127663;7783;75.2;73.7;4.5
46;2021-10-21;37;64;211;130319;127727;7994;75.3;73.8;4.6
46;2021-10-22;80;118;433;130399;127845;8427;75.3;73.8;4.9
46;2021-10-23;43;69;126;130442;127914;8553;75.3;73.9;4.9
46;2021-10-24;4;6;3;130446;127920;8556;75.3;73.9;4.9
46;2021-10-25;41;49;250;130487;127969;8806;75.4;73.9;5.1
46;2021-10-26;41;49;286;130528;128018;9092;75.4;73.9;5.3
46;2021-10-27;56;104;357;130584;128122;9449;75.4;74.0;5.5
46;2021-10-28;59;67;195;130643;128189;9644;75.4;74.0;5.6
46;2021-10-29;59;105;315;130702;128294;9959;75.5;74.1;5.8
46;2021-10-30;42;72;188;130744;128366;10147;75.5;74.1;5.9
46;2021-10-31;4;0;5;130748;128366;10152;75.5;74.1;5.9
46;2021-11-01;4;2;18;130752;128368;10170;75.5;74.1;5.9
46;2021-11-02;39;75;359;130791;128443;10529;75.5;74.2;6.1
46;2021-11-03;43;95;416;130834;128538;10945;75.6;74.2;6.3
46;2021-11-04;21;47;218;130855;128585;11163;75.6;74.3;6.4
46;2021-11-05;53;103;440;130908;128688;11603;75.6;74.3;6.7
46;2021-11-06;52;78;328;130960;128766;11931;75.6;74.4;6.9
46;2021-11-07;3;1;11;130963;128767;11942;75.6;74.4;6.9
46;2021-11-08;21;52;398;130984;128819;12340;75.6;74.4;7.1
46;2021-11-09;51;59;573;131035;128878;12913;75.7;74.4;7.5
46;2021-11-10;65;66;655;131100;128944;13568;75.7;74.5;7.8
46;2021-11-11;4;2;19;131104;128946;13587;75.7;74.5;7.8
46;2021-11-12;41;70;505;131145;129016;14092;75.7;74.5;8.1
46;2021-11-13;37;55;243;131182;129071;14335;75.8;74.5;8.3
46;2021-11-14;4;3;18;131186;129074;14353;75.8;74.5;8.3
46;2021-11-15;36;41;444;131222;129115;14797;75.8;74.6;8.5
46;2021-11-16;49;40;644;131271;129155;15441;75.8;74.6;8.9
46;2021-11-17;73;77;739;131344;129232;16180;75.8;74.6;9.3
46;2021-11-18;33;48;524;131377;129280;16704;75.9;74.7;9.6
46;2021-11-19;58;70;760;131435;129350;17464;75.9;74.7;10.1
46;2021-11-20;60;51;409;131495;129401;17873;75.9;74.7;10.3
46;2021-11-21;7;6;15;131502;129407;17888;75.9;74.7;10.3
46;2021-11-22;22;36;561;131524;129443;18449;76.0;74.8;10.7
46;2021-11-23;57;33;730;131581;129476;19179;76.0;74.8;11.1
46;2021-11-24;42;57;840;131623;129533;20019;76.0;74.8;11.6
46;2021-11-25;70;42;1169;131693;129575;21188;76.1;74.8;12.2
46;2021-11-26;62;57;1224;131755;129632;22412;76.1;74.9;12.9
46;2021-11-27;64;59;985;131819;129691;23397;76.1;74.9;13.5
46;2021-11-28;18;10;456;131837;129701;23853;76.1;74.9;13.8
46;2021-11-29;34;28;841;131871;129729;24694;76.2;74.9;14.3
46;2021-11-30;50;34;1568;131921;129763;26262;76.2;74.9;15.2
46;2021-12-01;68;68;1332;131989;129831;27594;76.2;75.0;15.9
46;2021-12-02;44;41;1525;132033;129872;29119;76.2;75.0;16.8
46;2021-12-03;62;67;1720;132095;129939;30839;76.3;75.0;17.8
46;2021-12-04;48;47;1304;132143;129986;32143;76.3;75.1;18.6
46;2021-12-05;24;4;463;132167;129990;32606;76.3;75.1;18.8
46;2021-12-06;56;62;1712;132223;130052;34318;76.4;75.1;19.8
46;2021-12-07;42;53;2001;132265;130105;36319;76.4;75.1;21.0
46;2021-12-08;58;78;1813;132323;130183;38132;76.4;75.2;22.0
46;2021-12-09;53;46;1873;132376;130229;40005;76.4;75.2;23.1
46;2021-12-10;58;55;2297;132434;130284;42302;76.5;75.2;24.4
46;2021-12-11;50;59;1123;132484;130343;43425;76.5;75.3;25.1
46;2021-12-12;9;8;252;132493;130351;43677;76.5;75.3;25.2
46;2021-12-13;64;50;1800;132557;130401;45477;76.5;75.3;26.3
46;2021-12-14;76;65;2736;132633;130466;48213;76.6;75.3;27.8
46;2021-12-15;61;67;2309;132694;130533;50522;76.6;75.4;29.2
46;2021-12-16;87;81;2491;132781;130614;53013;76.7;75.4;30.6
46;2021-12-17;99;82;2539;132880;130696;55552;76.7;75.5;32.1
46;2021-12-18;54;58;1336;132934;130754;56888;76.8;75.5;32.9
46;2021-12-19;15;6;278;132949;130760;57166;76.8;75.5;33.0
46;2021-12-20;69;69;1531;133018;130829;58697;76.8;75.6;33.9
46;2021-12-21;69;76;1933;133087;130905;60630;76.9;75.6;35.0
46;2021-12-22;80;63;1519;133167;130968;62149;76.9;75.6;35.9
46;2021-12-23;85;45;1275;133252;131013;63424;77.0;75.7;36.6
46;2021-12-24;20;17;311;133272;131030;63735;77.0;75.7;36.8
46;2021-12-25;2;1;11;133274;131031;63746;77.0;75.7;36.8
46;2021-12-26;6;2;73;133280;131033;63819;77.0;75.7;36.9
47;2020-12-27;0;0;0;0;0;0;0.0;0.0;0.0
47;2020-12-28;0;0;0;0;0;0;0.0;0.0;0.0
47;2020-12-29;0;0;0;0;0;0;0.0;0.0;0.0
47;2020-12-30;0;0;0;0;0;0;0.0;0.0;0.0
47;2020-12-31;0;0;0;0;0;0;0.0;0.0;0.0
47;2021-01-01;4;0;0;4;0;0;0.0;0.0;0.0
47;2021-01-02;0;0;0;4;0;0;0.0;0.0;0.0
47;2021-01-03;0;0;0;4;0;0;0.0;0.0;0.0
47;2021-01-04;2;0;0;6;0;0;0.0;0.0;0.0
47;2021-01-05;2;0;0;8;0;0;0.0;0.0;0.0
47;2021-01-06;1;0;0;9;0;0;0.0;0.0;0.0
47;2021-01-07;74;1;0;83;1;0;0.0;0.0;0.0
47;2021-01-08;304;0;0;387;1;0;0.1;0.0;0.0
47;2021-01-09;113;0;0;500;1;0;0.2;0.0;0.0
47;2021-01-10;1;0;0;501;1;0;0.2;0.0;0.0
47;2021-01-11;231;0;0;732;1;0;0.2;0.0;0.0
47;2021-01-12;311;0;0;1043;1;0;0.3;0.0;0.0
47;2021-01-13;343;0;0;1386;1;0;0.4;0.0;0.0
47;2021-01-14;365;5;0;1751;6;0;0.5;0.0;0.0
47;2021-01-15;269;1;0;2020;7;0;0.6;0.0;0.0
47;2021-01-16;170;4;0;2190;11;0;0.7;0.0;0.0
47;2021-01-17;2;0;0;2192;11;0;0.7;0.0;0.0
47;2021-01-18;478;3;0;2670;14;0;0.8;0.0;0.0
47;2021-01-19;479;3;0;3149;17;0;1.0;0.0;0.0
47;2021-01-20;520;2;0;3669;19;0;1.1;0.0;0.0
47;2021-01-21;576;2;0;4245;21;0;1.3;0.0;0.0
47;2021-01-22;449;1;0;4694;22;0;1.4;0.0;0.0
47;2021-01-23;375;0;0;5069;22;0;1.5;0.0;0.0
47;2021-01-24;0;0;0;5069;22;0;1.5;0.0;0.0
47;2021-01-25;426;0;0;5495;22;0;1.7;0.0;0.0
47;2021-01-26;743;6;0;6238;28;0;1.9;0.0;0.0
47;2021-01-27;743;2;0;6981;30;0;2.1;0.0;0.0
47;2021-01-28;526;65;0;7507;95;0;2.3;0.0;0.0
47;2021-01-29;436;164;0;7943;259;0;2.4;0.1;0.0
47;2021-01-30;289;40;0;8232;299;0;2.5;0.1;0.0
47;2021-01-31;0;0;0;8232;299;0;2.5;0.1;0.0
47;2021-02-01;349;111;0;8581;410;0;2.6;0.1;0.0
47;2021-02-02;700;307;0;9281;717;0;2.8;0.2;0.0
47;2021-02-03;417;164;0;9698;881;0;2.9;0.3;0.0
47;2021-02-04;385;312;0;10083;1193;0;3.1;0.4;0.0
47;2021-02-05;309;290;0;10392;1483;0;3.1;0.4;0.0
47;2021-02-06;285;96;0;10677;1579;0;3.2;0.5;0.0
47;2021-02-07;1;2;0;10678;1581;0;3.2;0.5;0.0
47;2021-02-08;184;277;0;10862;1858;0;3.3;0.6;0.0
47;2021-02-09;224;274;0;11086;2132;0;3.4;0.6;0.0
47;2021-02-10;262;225;0;11348;2357;0;3.4;0.7;0.0
47;2021-02-11;340;325;0;11688;2682;0;3.5;0.8;0.0
47;2021-02-12;265;390;0;11953;3072;0;3.6;0.9;0.0
47;2021-02-13;223;103;0;12176;3175;0;3.7;1.0;0.0
47;2021-02-14;6;0;0;12182;3175;0;3.7;1.0;0.0
47;2021-02-15;176;377;0;12358;3552;0;3.7;1.1;0.0
47;2021-02-16;298;540;0;12656;4092;0;3.8;1.2;0.0
47;2021-02-17;295;456;0;12951;4548;0;3.9;1.4;0.0
47;2021-02-18;210;557;0;13161;5105;0;4.0;1.5;0.0
47;2021-02-19;212;358;0;13373;5463;0;4.0;1.7;0.0
47;2021-02-20;118;249;0;13491;5712;0;4.1;1.7;0.0
47;2021-02-21;1;0;0;13492;5712;0;4.1;1.7;0.0
47;2021-02-22;76;405;0;13568;6117;0;4.1;1.9;0.0
47;2021-02-23;165;598;0;13733;6715;0;4.2;2.0;0.0
47;2021-02-24;259;562;0;13992;7277;0;4.2;2.2;0.0
47;2021-02-25;356;444;0;14348;7721;0;4.3;2.3;0.0
47;2021-02-26;482;317;0;14830;8038;0;4.5;2.4;0.0
47;2021-02-27;318;212;0;15148;8250;0;4.6;2.5;0.0
47;2021-02-28;0;2;0;15148;8252;0;4.6;2.5;0.0
47;2021-03-01;144;394;0;15292;8646;0;4.6;2.6;0.0
47;2021-03-02;237;368;0;15529;9014;0;4.7;2.7;0.0
47;2021-03-03;265;355;0;15794;9369;0;4.8;2.8;0.0
47;2021-03-04;643;334;0;16437;9703;0;5.0;2.9;0.0
47;2021-03-05;874;288;0;17311;9991;0;5.2;3.0;0.0
47;2021-03-06;509;187;0;17820;10178;0;5.4;3.1;0.0
47;2021-03-07;318;9;0;18138;10187;0;5.5;3.1;0.0
47;2021-03-08;482;222;0;18620;10409;0;5.6;3.2;0.0
47;2021-03-09;523;460;0;19143;10869;0;5.8;3.3;0.0
47;2021-03-10;673;308;0;19816;11177;0;6.0;3.4;0.0
47;2021-03-11;964;386;0;20780;11563;0;6.3;3.5;0.0
47;2021-03-12;1409;316;0;22189;11879;0;6.7;3.6;0.0
47;2021-03-13;914;107;0;23103;11986;0;7.0;3.6;0.0
47;2021-03-14;48;0;0;23151;11986;0;7.0;3.6;0.0
47;2021-03-15;629;154;0;23780;12140;0;7.2;3.7;0.0
47;2021-03-16;783;202;0;24563;12342;0;7.4;3.7;0.0
47;2021-03-17;865;223;0;25428;12565;0;7.7;3.8;0.0
47;2021-03-18;930;190;0;26358;12755;0;8.0;3.9;0.0
47;2021-03-19;1283;135;0;27641;12890;0;8.4;3.9;0.0
47;2021-03-20;1055;58;0;28696;12948;0;8.7;3.9;0.0
47;2021-03-21;335;1;0;29031;12949;0;8.8;3.9;0.0
47;2021-03-22;1027;120;0;30058;13069;0;9.1;4.0;0.0
47;2021-03-23;1186;183;0;31244;13252;0;9.5;4.0;0.0
47;2021-03-24;1234;162;0;32478;13414;0;9.8;4.1;0.0
47;2021-03-25;1555;164;0;34033;13578;0;10.3;4.1;0.0
47;2021-03-26;1887;222;0;35920;13800;0;10.9;4.2;0.0
47;2021-03-27;967;127;0;36887;13927;0;11.2;4.2;0.0
47;2021-03-28;671;7;0;37558;13934;0;11.4;4.2;0.0
47;2021-03-29;1490;114;0;39048;14048;0;11.8;4.3;0.0
47;2021-03-30;1645;149;0;40693;14197;0;12.3;4.3;0.0
47;2021-03-31;1627;185;0;42320;14382;0;12.8;4.4;0.0
47;2021-04-01;1749;278;0;44069;14660;0;13.3;4.4;0.0
47;2021-04-02;1969;451;0;46038;15111;0;13.9;4.6;0.0
47;2021-04-03;1203;183;0;47241;15294;0;14.3;4.6;0.0
47;2021-04-04;469;14;0;47710;15308;0;14.4;4.6;0.0
47;2021-04-05;1190;54;0;48900;15362;0;14.8;4.7;0.0
47;2021-04-06;1427;404;0;50327;15766;0;15.2;4.8;0.0
47;2021-04-07;1697;630;0;52024;16396;0;15.7;5.0;0.0
47;2021-04-08;1866;515;0;53890;16911;0;16.3;5.1;0.0
47;2021-04-09;2234;549;0;56124;17460;0;17.0;5.3;0.0
47;2021-04-10;1581;326;0;57705;17786;0;17.5;5.4;0.0
47;2021-04-11;522;13;0;58227;17799;0;17.6;5.4;0.0
47;2021-04-12;1495;636;0;59722;18435;0;18.1;5.6;0.0
47;2021-04-13;1877;796;0;61599;19231;0;18.6;5.8;0.0
47;2021-04-14;1814;735;0;63413;19966;0;19.2;6.0;0.0
47;2021-04-15;2030;862;0;65443;20828;0;19.8;6.3;0.0
47;2021-04-16;1818;897;0;67261;21725;0;20.4;6.6;0.0
47;2021-04-17;1457;945;0;68718;22670;0;20.8;6.9;0.0
47;2021-04-18;29;5;0;68747;22675;0;20.8;6.9;0.0
47;2021-04-19;1336;946;0;70083;23621;0;21.2;7.2;0.0
47;2021-04-20;1744;913;0;71827;24534;0;21.7;7.4;0.0
47;2021-04-21;1635;806;0;73462;25340;0;22.2;7.7;0.0
47;2021-04-22;1878;1025;0;75340;26365;0;22.8;8.0;0.0
47;2021-04-23;1724;1104;0;77064;27469;0;23.3;8.3;0.0
47;2021-04-24;1520;781;0;78584;28250;0;23.8;8.6;0.0
47;2021-04-25;260;336;0;78844;28586;0;23.9;8.7;0.0
47;2021-04-26;1435;1352;0;80279;29938;0;24.3;9.1;0.0
47;2021-04-27;1890;1466;0;82169;31404;0;24.9;9.5;0.0
47;2021-04-28;2009;1600;0;84178;33004;0;25.5;10.0;0.0
47;2021-04-29;2445;1514;0;86623;34518;0;26.2;10.4;0.0
47;2021-04-30;1982;1776;0;88605;36294;0;26.8;11.0;0.0
47;2021-05-01;2139;940;0;90744;37234;0;27.5;11.3;0.0
47;2021-05-02;40;357;0;90784;37591;0;27.5;11.4;0.0
47;2021-05-03;1520;1393;0;92304;38984;0;27.9;11.8;0.0
47;2021-05-04;1588;1744;0;93892;40728;0;28.4;12.3;0.0
47;2021-05-05;1833;1632;0;95725;42360;0;29.0;12.8;0.0
47;2021-05-06;1962;1518;0;97687;43878;0;29.6;13.3;0.0
47;2021-05-07;1926;1688;0;99613;45566;0;30.2;13.8;0.0
47;2021-05-08;1960;545;0;101573;46111;0;30.7;14.0;0.0
47;2021-05-09;32;362;0;101605;46473;0;30.8;14.1;0.0
47;2021-05-10;1105;1718;0;102710;48191;0;31.1;14.6;0.0
47;2021-05-11;1996;2023;0;104706;50214;0;31.7;15.2;0.0
47;2021-05-12;2342;1476;0;107048;51690;0;32.4;15.6;0.0
47;2021-05-13;1961;604;0;109009;52294;0;33.0;15.8;0.0
47;2021-05-14;1762;841;0;110771;53135;0;33.5;16.1;0.0
47;2021-05-15;1666;850;0;112437;53985;0;34.0;16.3;0.0
47;2021-05-16;310;11;0;112747;53996;0;34.1;16.3;0.0
47;2021-05-17;1679;1162;0;114426;55158;0;34.6;16.7;0.0
47;2021-05-18;2076;1210;0;116502;56368;0;35.3;17.1;0.0
47;2021-05-19;2124;762;0;118626;57130;0;35.9;17.3;0.0
47;2021-05-20;2367;998;0;120993;58128;0;36.6;17.6;0.0
47;2021-05-21;1412;1160;0;122405;59288;0;37.1;17.9;0.0
47;2021-05-22;2145;823;0;124550;60111;0;37.7;18.2;0.0
47;2021-05-23;47;186;0;124597;60297;0;37.7;18.3;0.0
47;2021-05-24;1357;254;0;125954;60551;0;38.1;18.3;0.0
47;2021-05-25;1391;1327;0;127345;61878;0;38.6;18.7;0.0
47;2021-05-26;1519;1117;0;128864;62995;0;39.0;19.1;0.0
47;2021-05-27;1840;1279;0;130704;64274;0;39.6;19.5;0.0
47;2021-05-28;1411;1562;0;132115;65836;0;40.0;19.9;0.0
47;2021-05-29;1054;1110;0;133169;66946;0;40.3;20.3;0.0
47;2021-05-30;27;50;0;133196;66996;0;40.3;20.3;0.0
47;2021-05-31;1770;1397;0;134966;68393;0;40.9;20.7;0.0
47;2021-06-01;1818;1386;0;136784;69779;0;41.4;21.1;0.0
47;2021-06-02;1940;1311;0;138724;71090;0;42.0;21.5;0.0
47;2021-06-03;2307;1593;0;141031;72683;0;42.7;22.0;0.0
47;2021-06-04;1847;2075;0;142878;74758;0;43.3;22.6;0.0
47;2021-06-05;1481;1443;0;144359;76201;0;43.7;23.1;0.0
47;2021-06-06;223;80;0;144582;76281;0;43.8;23.1;0.0
47;2021-06-07;1543;2141;0;146125;78422;0;44.2;23.7;0.0
47;2021-06-08;1550;1826;0;147675;80248;0;44.7;24.3;0.0
47;2021-06-09;1660;2034;0;149335;82282;0;45.2;24.9;0.0
47;2021-06-10;2208;1603;0;151543;83885;0;45.9;25.4;0.0
47;2021-06-11;1733;2039;0;153276;85924;0;46.4;26.0;0.0
47;2021-06-12;1176;2021;0;154452;87945;0;46.8;26.6;0.0
47;2021-06-13;39;26;0;154491;87971;0;46.8;26.6;0.0
47;2021-06-14;1194;2320;0;155685;90291;0;47.1;27.3;0.0
47;2021-06-15;1382;1968;0;157067;92259;0;47.5;27.9;0.0
47;2021-06-16;1113;2068;0;158180;94327;0;47.9;28.6;0.0
47;2021-06-17;1529;1484;0;159709;95811;0;48.3;29.0;0.0
47;2021-06-18;1354;2433;0;161063;98244;0;48.8;29.7;0.0
47;2021-06-19;1349;2202;0;162412;100446;0;49.2;30.4;0.0
47;2021-06-20;22;50;0;162434;100496;0;49.2;30.4;0.0
47;2021-06-21;996;2274;0;163430;102770;0;49.5;31.1;0.0
47;2021-06-22;768;2340;0;164198;105110;0;49.7;31.8;0.0
47;2021-06-23;968;1899;0;165166;107009;0;50.0;32.4;0.0
47;2021-06-24;1164;1859;0;166330;108868;0;50.4;33.0;0.0
47;2021-06-25;941;2445;0;167271;111313;0;50.6;33.7;0.0
47;2021-06-26;879;2422;0;168150;113735;0;50.9;34.4;0.0
47;2021-06-27;24;300;0;168174;114035;0;50.9;34.5;0.0
47;2021-06-28;765;2203;0;168939;116238;0;51.1;35.2;0.0
47;2021-06-29;771;2194;0;169710;118432;0;51.4;35.9;0.0
47;2021-06-30;734;2124;0;170444;120556;0;51.6;36.5;0.0
47;2021-07-01;819;2000;0;171263;122556;0;51.8;37.1;0.0
47;2021-07-02;838;2124;0;172101;124680;0;52.1;37.7;0.0
47;2021-07-03;662;2761;0;172763;127441;0;52.3;38.6;0.0
47;2021-07-04;46;32;0;172809;127473;0;52.3;38.6;0.0
47;2021-07-05;874;2017;0;173683;129490;0;52.6;39.2;0.0
47;2021-07-06;868;1914;0;174551;131404;0;52.8;39.8;0.0
47;2021-07-07;1253;1947;0;175804;133351;0;53.2;40.4;0.0
47;2021-07-08;1067;2091;0;176871;135442;0;53.5;41.0;0.0
47;2021-07-09;969;2277;0;177840;137719;0;53.8;41.7;0.0
47;2021-07-10;830;1894;0;178670;139613;0;54.1;42.3;0.0
47;2021-07-11;13;43;0;178683;139656;0;54.1;42.3;0.0
47;2021-07-12;558;2362;0;179241;142018;0;54.3;43.0;0.0
47;2021-07-13;1047;2396;0;180288;144414;0;54.6;43.7;0.0
47;2021-07-14;975;1395;0;181263;145809;0;54.9;44.1;0.0
47;2021-07-15;1576;2923;0;182839;148732;0;55.3;45.0;0.0
47;2021-07-16;1604;2501;0;184443;151233;0;55.8;45.8;0.0
47;2021-07-17;1135;2211;0;185578;153444;0;56.2;46.5;0.0
47;2021-07-18;71;221;0;185649;153665;0;56.2;46.5;0.0
47;2021-07-19;979;2313;0;186628;155978;0;56.5;47.2;0.0
47;2021-07-20;1504;2244;0;188132;158222;0;57.0;47.9;0.0
47;2021-07-21;1932;2129;0;190064;160351;0;57.5;48.5;0.0
47;2021-07-22;2076;2195;0;192140;162546;0;58.2;49.2;0.0
47;2021-07-23;1976;2064;0;194116;164610;0;58.8;49.8;0.0
47;2021-07-24;1029;1647;0;195145;166257;0;59.1;50.3;0.0
47;2021-07-25;78;47;0;195223;166304;0;59.1;50.3;0.0
47;2021-07-26;1240;1780;0;196463;168084;0;59.5;50.9;0.0
47;2021-07-27;2052;1529;0;198515;169613;0;60.1;51.3;0.0
47;2021-07-28;1800;1617;0;200315;171230;0;60.6;51.8;0.0
47;2021-07-29;2230;1591;0;202545;172821;0;61.3;52.3;0.0
47;2021-07-30;1860;1567;0;204405;174388;0;61.9;52.8;0.0
47;2021-07-31;1322;1443;0;205727;175831;0;62.3;53.2;0.0
47;2021-08-01;66;36;0;205793;175867;0;62.3;53.2;0.0
47;2021-08-02;1855;1127;0;207648;176994;0;62.9;53.6;0.0
47;2021-08-03;1953;1053;0;209601;178047;0;63.5;53.9;0.0
47;2021-08-04;2056;1290;0;211657;179337;0;64.1;54.3;0.0
47;2021-08-05;2216;1324;0;213873;180661;0;64.7;54.7;0.0
47;2021-08-06;1837;1685;0;215710;182346;0;65.3;55.2;0.0
47;2021-08-07;1372;1180;0;217082;183526;0;65.7;55.6;0.0
47;2021-08-08;56;42;0;217138;183568;0;65.7;55.6;0.0
47;2021-08-09;1730;1132;0;218868;184700;0;66.3;55.9;0.0
47;2021-08-10;1753;1195;0;220621;185895;0;66.8;56.3;0.0
47;2021-08-11;1671;1321;0;222292;187216;0;67.3;56.7;0.0
47;2021-08-12;1794;1226;0;224086;188442;0;67.8;57.0;0.0
47;2021-08-13;1295;1514;0;225381;189956;0;68.2;57.5;0.0
47;2021-08-14;1161;1256;0;226542;191212;0;68.6;57.9;0.0
47;2021-08-15;29;43;0;226571;191255;0;68.6;57.9;0.0
47;2021-08-16;1259;1303;0;227830;192558;0;69.0;58.3;0.0
47;2021-08-17;1066;1597;0;228896;194155;0;69.3;58.8;0.0
47;2021-08-18;1143;1678;0;230039;195833;0;69.6;59.3;0.0
47;2021-08-19;942;1644;0;230981;197477;0;69.9;59.8;0.0
47;2021-08-20;927;1657;0;231908;199134;0;70.2;60.3;0.0
47;2021-08-21;750;1194;0;232658;200328;0;70.4;60.6;0.0
47;2021-08-22;23;57;0;232681;200385;0;70.4;60.7;0.0
47;2021-08-23;594;1761;0;233275;202146;0;70.6;61.2;0.0
47;2021-08-24;793;1605;0;234068;203751;0;70.9;61.7;0.0
47;2021-08-25;747;1779;0;234815;205530;0;71.1;62.2;0.0
47;2021-08-26;704;2042;0;235519;207572;0;71.3;62.8;0.0
47;2021-08-27;681;1844;0;236200;209416;0;71.5;63.4;0.0
47;2021-08-28;507;1497;0;236707;210913;0;71.7;63.8;0.0
47;2021-08-29;19;66;0;236726;210979;0;71.7;63.9;0.0
47;2021-08-30;449;1799;19;237175;212778;19;71.8;64.4;0.0
47;2021-08-31;531;1740;27;237706;214518;46;72.0;64.9;0.0
47;2021-09-01;447;1844;64;238153;216362;110;72.1;65.5;0.0
47;2021-09-02;467;1812;81;238620;218174;191;72.2;66.0;0.1
47;2021-09-03;508;1699;114;239128;219873;305;72.4;66.6;0.1
47;2021-09-04;442;1485;76;239570;221358;381;72.5;67.0;0.1
47;2021-09-05;19;58;2;239589;221416;383;72.5;67.0;0.1
47;2021-09-06;347;1211;172;239936;222627;555;72.6;67.4;0.2
47;2021-09-07;452;1074;159;240388;223701;714;72.8;67.7;0.2
47;2021-09-08;421;1406;142;240809;225107;856;72.9;68.1;0.3
47;2021-09-09;420;1017;249;241229;226124;1105;73.0;68.5;0.3
47;2021-09-10;455;1147;183;241684;227271;1288;73.2;68.8;0.4
47;2021-09-11;380;1234;57;242064;228505;1345;73.3;69.2;0.4
47;2021-09-12;6;18;2;242070;228523;1347;73.3;69.2;0.4
47;2021-09-13;253;772;267;242323;229295;1614;73.4;69.4;0.5
47;2021-09-14;389;765;359;242712;230060;1973;73.5;69.6;0.6
47;2021-09-15;330;868;192;243042;230928;2165;73.6;69.9;0.7
47;2021-09-16;335;559;397;243377;231487;2562;73.7;70.1;0.8
47;2021-09-17;378;652;224;243755;232139;2786;73.8;70.3;0.8
47;2021-09-18;237;881;78;243992;233020;2864;73.9;70.5;0.9
47;2021-09-19;7;14;6;243999;233034;2870;73.9;70.5;0.9
47;2021-09-20;184;498;365;244183;233532;3235;73.9;70.7;1.0
47;2021-09-21;250;397;358;244433;233929;3593;74.0;70.8;1.1
47;2021-09-22;203;608;269;244636;234537;3862;74.1;71.0;1.2
47;2021-09-23;192;387;423;244828;234924;4285;74.1;71.1;1.3
47;2021-09-24;270;606;324;245098;235530;4609;74.2;71.3;1.4
47;2021-09-25;182;565;80;245280;236095;4689;74.3;71.5;1.4
47;2021-09-26;3;9;3;245283;236104;4692;74.3;71.5;1.4
47;2021-09-27;111;375;161;245394;236479;4853;74.3;71.6;1.5
47;2021-09-28;129;358;227;245523;236837;5080;74.3;71.7;1.5
47;2021-09-29;158;444;211;245681;237281;5291;74.4;71.8;1.6
47;2021-09-30;161;354;386;245842;237635;5677;74.4;71.9;1.7
47;2021-10-01;229;522;207;246071;238157;5884;74.5;72.1;1.8
47;2021-10-02;191;433;120;246262;238590;6004;74.5;72.2;1.8
47;2021-10-03;0;6;0;246262;238596;6004;74.5;72.2;1.8
47;2021-10-04;134;329;291;246396;238925;6295;74.6;72.3;1.9
47;2021-10-05;114;309;226;246510;239234;6521;74.6;72.4;2.0
47;2021-10-06;217;416;275;246727;239650;6796;74.7;72.5;2.1
47;2021-10-07;144;359;343;246871;240009;7139;74.7;72.7;2.2
47;2021-10-08;179;398;315;247050;240407;7454;74.8;72.8;2.3
47;2021-10-09;214;327;193;247264;240734;7647;74.9;72.9;2.3
47;2021-10-10;1;9;14;247265;240743;7661;74.9;72.9;2.3
47;2021-10-11;127;214;296;247392;240957;7957;74.9;72.9;2.4
47;2021-10-12;124;263;382;247516;241220;8339;74.9;73.0;2.5
47;2021-10-13;139;262;256;247655;241482;8595;75.0;73.1;2.6
47;2021-10-14;92;209;312;247747;241691;8907;75.0;73.2;2.7
47;2021-10-15;162;354;409;247909;242045;9316;75.0;73.3;2.8
47;2021-10-16;175;224;246;248084;242269;9562;75.1;73.3;2.9
47;2021-10-17;1;7;4;248085;242276;9566;75.1;73.3;2.9
47;2021-10-18;125;200;445;248210;242476;10011;75.1;73.4;3.0
47;2021-10-19;114;180;393;248324;242656;10404;75.2;73.5;3.1
47;2021-10-20;134;174;432;248458;242830;10836;75.2;73.5;3.3
47;2021-10-21;109;135;435;248567;242965;11271;75.2;73.6;3.4
47;2021-10-22;118;188;494;248685;243153;11765;75.3;73.6;3.6
47;2021-10-23;160;221;311;248845;243374;12076;75.3;73.7;3.7
47;2021-10-24;2;7;4;248847;243381;12080;75.3;73.7;3.7
47;2021-10-25;116;149;488;248963;243530;12568;75.4;73.7;3.8
47;2021-10-26;83;140;618;249046;243670;13186;75.4;73.8;4.0
47;2021-10-27;132;179;520;249178;243849;13706;75.4;73.8;4.1
47;2021-10-28;88;154;478;249266;244003;14184;75.5;73.9;4.3
47;2021-10-29;89;177;640;249355;244180;14824;75.5;73.9;4.5
47;2021-10-30;84;199;329;249439;244379;15153;75.5;74.0;4.6
47;2021-10-31;0;4;5;249439;244383;15158;75.5;74.0;4.6
47;2021-11-01;22;15;105;249461;244398;15263;75.5;74.0;4.6
47;2021-11-02;118;147;636;249579;244545;15899;75.6;74.0;4.8
47;2021-11-03;97;176;709;249676;244721;16608;75.6;74.1;5.0
47;2021-11-04;89;117;781;249765;244838;17389;75.6;74.1;5.3
47;2021-11-05;119;163;783;249884;245001;18172;75.6;74.2;5.5
47;2021-11-06;115;208;484;249999;245209;18656;75.7;74.2;5.6
47;2021-11-07;2;13;16;250001;245222;18672;75.7;74.2;5.7
47;2021-11-08;64;139;846;250065;245361;19518;75.7;74.3;5.9
47;2021-11-09;99;150;1101;250164;245511;20619;75.7;74.3;6.2
47;2021-11-10;113;175;987;250277;245686;21606;75.8;74.4;6.5
47;2021-11-11;39;29;283;250316;245715;21889;75.8;74.4;6.6
47;2021-11-12;91;144;1075;250407;245859;22964;75.8;74.4;7.0
47;2021-11-13;114;169;560;250521;246028;23524;75.8;74.5;7.1
47;2021-11-14;1;6;17;250522;246034;23541;75.8;74.5;7.1
47;2021-11-15;82;104;1469;250604;246138;25010;75.9;74.5;7.6
47;2021-11-16;97;132;1592;250701;246270;26602;75.9;74.6;8.1
47;2021-11-17;139;143;1176;250840;246413;27778;75.9;74.6;8.4
47;2021-11-18;88;89;1147;250928;246502;28925;76.0;74.6;8.8
47;2021-11-19;127;125;1398;251055;246627;30323;76.0;74.7;9.2
47;2021-11-20;145;150;844;251200;246777;31167;76.0;74.7;9.4
47;2021-11-21;8;10;20;251208;246787;31187;76.0;74.7;9.4
47;2021-11-22;69;59;1053;251277;246846;32240;76.1;74.7;9.8
47;2021-11-23;117;88;1704;251394;246934;33944;76.1;74.8;10.3
47;2021-11-24;154;155;1364;251548;247089;35308;76.1;74.8;10.7
47;2021-11-25;128;98;1526;251676;247187;36834;76.2;74.8;11.2
47;2021-11-26;128;130;1856;251804;247317;38690;76.2;74.9;11.7
47;2021-11-27;140;140;1553;251944;247457;40243;76.3;74.9;12.2
47;2021-11-28;9;9;168;251953;247466;40411;76.3;74.9;12.2
47;2021-11-29;84;91;2322;252037;247557;42733;76.3;74.9;12.9
47;2021-11-30;132;129;3116;252169;247686;45849;76.3;75.0;13.9
47;2021-12-01;111;134;2786;252280;247820;48635;76.4;75.0;14.7
47;2021-12-02;118;92;2984;252398;247912;51619;76.4;75.0;15.6
47;2021-12-03;123;122;3334;252521;248034;54953;76.4;75.1;16.6
47;2021-12-04;88;127;2197;252609;248161;57150;76.5;75.1;17.3
47;2021-12-05;62;23;1213;252671;248184;58363;76.5;75.1;17.7
47;2021-12-06;88;90;2841;252759;248274;61204;76.5;75.2;18.5
47;2021-12-07;121;118;4167;252880;248392;65371;76.6;75.2;19.8
47;2021-12-08;124;135;3475;253004;248527;68846;76.6;75.2;20.8
47;2021-12-09;121;105;3617;253125;248632;72463;76.6;75.3;21.9
47;2021-12-10;133;145;3759;253258;248777;76222;76.7;75.3;23.1
47;2021-12-11;115;142;2998;253373;248919;79220;76.7;75.4;24.0
47;2021-12-12;9;9;344;253382;248928;79564;76.7;75.4;24.1
47;2021-12-13;97;109;3172;253479;249037;82736;76.7;75.4;25.0
47;2021-12-14;119;136;4133;253598;249173;86869;76.8;75.4;26.3
47;2021-12-15;125;173;3192;253723;249346;90061;76.8;75.5;27.3
47;2021-12-16;134;132;3967;253857;249478;94028;76.8;75.5;28.5
47;2021-12-17;139;177;4274;253996;249655;98302;76.9;75.6;29.8
47;2021-12-18;170;179;2855;254166;249834;101157;76.9;75.6;30.6
47;2021-12-19;50;23;1020;254216;249857;102177;77.0;75.6;30.9
47;2021-12-20;142;116;3003;254358;249973;105180;77.0;75.7;31.8
47;2021-12-21;150;149;3277;254508;250122;108457;77.0;75.7;32.8
47;2021-12-22;187;143;2830;254695;250265;111287;77.1;75.8;33.7
47;2021-12-23;136;96;1887;254831;250361;113174;77.1;75.8;34.3
47;2021-12-24;31;31;381;254862;250392;113555;77.2;75.8;34.4
47;2021-12-25;2;6;45;254864;250398;113600;77.2;75.8;34.4
47;2021-12-26;4;6;189;254868;250404;113789;77.2;75.8;34.4
48;2020-12-27;0;0;0;0;0;0;0.0;0.0;0.0
48;2020-12-28;0;0;0;0;0;0;0.0;0.0;0.0
48;2020-12-29;1;0;0;1;0;0;0.0;0.0;0.0
48;2020-12-30;0;0;0;1;0;0;0.0;0.0;0.0
48;2020-12-31;0;0;0;1;0;0;0.0;0.0;0.0
48;2021-01-01;1;0;0;2;0;0;0.0;0.0;0.0
48;2021-01-02;0;0;0;2;0;0;0.0;0.0;0.0
48;2021-01-03;0;0;0;2;0;0;0.0;0.0;0.0
48;2021-01-04;1;0;0;3;0;0;0.0;0.0;0.0
48;2021-01-05;0;0;0;3;0;0;0.0;0.0;0.0
48;2021-01-06;0;0;0;3;0;0;0.0;0.0;0.0
48;2021-01-07;53;0;0;56;0;0;0.1;0.0;0.0
48;2021-01-08;88;1;0;144;1;0;0.2;0.0;0.0
48;2021-01-09;1;0;0;145;1;0;0.2;0.0;0.0
48;2021-01-10;0;0;0;145;1;0;0.2;0.0;0.0
48;2021-01-11;14;0;0;159;1;0;0.2;0.0;0.0
48;2021-01-12;24;1;0;183;2;0;0.2;0.0;0.0
48;2021-01-13;89;0;0;272;2;0;0.4;0.0;0.0
48;2021-01-14;94;1;0;366;3;0;0.5;0.0;0.0
48;2021-01-15;62;0;0;428;3;0;0.6;0.0;0.0
48;2021-01-16;0;0;0;428;3;0;0.6;0.0;0.0
48;2021-01-17;0;0;0;428;3;0;0.6;0.0;0.0
48;2021-01-18;116;0;0;544;3;0;0.7;0.0;0.0
48;2021-01-19;297;2;0;841;5;0;1.1;0.0;0.0
48;2021-01-20;260;0;0;1101;5;0;1.4;0.0;0.0
48;2021-01-21;437;1;0;1538;6;0;2.0;0.0;0.0
48;2021-01-22;236;0;0;1774;6;0;2.3;0.0;0.0
48;2021-01-23;45;0;0;1819;6;0;2.4;0.0;0.0
48;2021-01-24;2;0;0;1821;6;0;2.4;0.0;0.0
48;2021-01-25;119;2;0;1940;8;0;2.5;0.0;0.0
48;2021-01-26;254;0;0;2194;8;0;2.9;0.0;0.0
48;2021-01-27;243;2;0;2437;10;0;3.2;0.0;0.0
48;2021-01-28;220;10;0;2657;20;0;3.5;0.0;0.0
48;2021-01-29;180;59;0;2837;79;0;3.7;0.1;0.0
48;2021-01-30;11;7;0;2848;86;0;3.7;0.1;0.0
48;2021-01-31;0;7;0;2848;93;0;3.7;0.1;0.0
48;2021-02-01;89;45;0;2937;138;0;3.8;0.2;0.0
48;2021-02-02;191;38;0;3128;176;0;4.1;0.2;0.0
48;2021-02-03;186;73;0;3314;249;0;4.3;0.3;0.0
48;2021-02-04;211;14;0;3525;263;0;4.6;0.3;0.0
48;2021-02-05;150;40;0;3675;303;0;4.8;0.4;0.0
48;2021-02-06;31;1;0;3706;304;0;4.9;0.4;0.0
48;2021-02-07;0;0;0;3706;304;0;4.9;0.4;0.0
48;2021-02-08;49;60;0;3755;364;0;4.9;0.5;0.0
48;2021-02-09;84;135;0;3839;499;0;5.0;0.7;0.0
48;2021-02-10;85;183;0;3924;682;0;5.1;0.9;0.0
48;2021-02-11;153;371;0;4077;1053;0;5.3;1.4;0.0
48;2021-02-12;125;148;0;4202;1201;0;5.5;1.6;0.0
48;2021-02-13;20;54;0;4222;1255;0;5.5;1.6;0.0
48;2021-02-14;0;0;0;4222;1255;0;5.5;1.6;0.0
48;2021-02-15;57;103;0;4279;1358;0;5.6;1.8;0.0
48;2021-02-16;65;150;0;4344;1508;0;5.7;2.0;0.0
48;2021-02-17;58;217;0;4402;1725;0;5.8;2.3;0.0
48;2021-02-18;221;118;0;4623;1843;0;6.1;2.4;0.0
48;2021-02-19;81;178;0;4704;2021;0;6.2;2.6;0.0
48;2021-02-20;1;5;0;4705;2026;0;6.2;2.7;0.0
48;2021-02-21;0;14;0;4705;2040;0;6.2;2.7;0.0
48;2021-02-22;29;118;0;4734;2158;0;6.2;2.8;0.0
48;2021-02-23;52;225;0;4786;2383;0;6.3;3.1;0.0
48;2021-02-24;66;284;0;4852;2667;0;6.4;3.5;0.0
48;2021-02-25;143;239;0;4995;2906;0;6.5;3.8;0.0
48;2021-02-26;57;228;0;5052;3134;0;6.6;4.1;0.0
48;2021-02-27;28;4;0;5080;3138;0;6.7;4.1;0.0
48;2021-02-28;3;13;0;5083;3151;0;6.7;4.1;0.0
48;2021-03-01;108;98;0;5191;3249;0;6.8;4.3;0.0
48;2021-03-02;198;90;0;5389;3339;0;7.1;4.4;0.0
48;2021-03-03;152;109;0;5541;3448;0;7.3;4.5;0.0
48;2021-03-04;211;176;0;5752;3624;0;7.5;4.8;0.0
48;2021-03-05;156;133;0;5908;3757;0;7.7;4.9;0.0
48;2021-03-06;200;53;0;6108;3810;0;8.0;5.0;0.0
48;2021-03-07;57;1;0;6165;3811;0;8.1;5.0;0.0
48;2021-03-08;244;115;0;6409;3926;0;8.4;5.1;0.0
48;2021-03-09;354;94;0;6763;4020;0;8.9;5.3;0.0
48;2021-03-10;228;60;0;6991;4080;0;9.2;5.3;0.0
48;2021-03-11;320;88;0;7311;4168;0;9.6;5.5;0.0
48;2021-03-12;271;131;0;7582;4299;0;9.9;5.6;0.0
48;2021-03-13;311;10;0;7893;4309;0;10.3;5.6;0.0
48;2021-03-14;9;0;0;7902;4309;0;10.4;5.6;0.0
48;2021-03-15;172;68;0;8074;4377;0;10.6;5.7;0.0
48;2021-03-16;179;70;0;8253;4447;0;10.8;5.8;0.0
48;2021-03-17;176;103;0;8429;4550;0;11.0;6.0;0.0
48;2021-03-18;178;98;0;8607;4648;0;11.3;6.1;0.0
48;2021-03-19;140;87;0;8747;4735;0;11.5;6.2;0.0
48;2021-03-20;141;5;0;8888;4740;0;11.7;6.2;0.0
48;2021-03-21;2;0;0;8890;4740;0;11.7;6.2;0.0
48;2021-03-22;172;23;0;9062;4763;0;11.9;6.2;0.0
48;2021-03-23;341;98;0;9403;4861;0;12.3;6.4;0.0
48;2021-03-24;363;99;0;9766;4960;0;12.8;6.5;0.0
48;2021-03-25;731;115;0;10497;5075;0;13.8;6.7;0.0
48;2021-03-26;291;65;0;10788;5140;0;14.1;6.7;0.0
48;2021-03-27;108;2;0;10896;5142;0;14.3;6.7;0.0
48;2021-03-28;69;12;0;10965;5154;0;14.4;6.8;0.0
48;2021-03-29;310;86;0;11275;5240;0;14.8;6.9;0.0
48;2021-03-30;361;151;0;11636;5391;0;15.3;7.1;0.0
48;2021-03-31;484;96;0;12120;5487;0;15.9;7.2;0.0
48;2021-04-01;736;85;0;12856;5572;0;16.9;7.3;0.0
48;2021-04-02;508;133;0;13364;5705;0;17.5;7.5;0.0
48;2021-04-03;153;93;0;13517;5798;0;17.7;7.6;0.0
48;2021-04-04;2;1;0;13519;5799;0;17.7;7.6;0.0
48;2021-04-05;54;1;0;13573;5800;0;17.8;7.6;0.0
48;2021-04-06;473;165;0;14046;5965;0;18.4;7.8;0.0
48;2021-04-07;435;146;0;14481;6111;0;19.0;8.0;0.0
48;2021-04-08;628;188;0;15109;6299;0;19.8;8.3;0.0
48;2021-04-09;470;138;0;15579;6437;0;20.4;8.4;0.0
48;2021-04-10;127;71;0;15706;6508;0;20.6;8.5;0.0
48;2021-04-11;3;0;0;15709;6508;0;20.6;8.5;0.0
48;2021-04-12;389;79;0;16098;6587;0;21.1;8.6;0.0
48;2021-04-13;358;120;0;16456;6707;0;21.6;8.8;0.0
48;2021-04-14;594;206;0;17050;6913;0;22.4;9.1;0.0
48;2021-04-15;639;352;0;17689;7265;0;23.2;9.5;0.0
48;2021-04-16;489;210;0;18178;7475;0;23.8;9.8;0.0
48;2021-04-17;92;83;0;18270;7558;0;23.9;9.9;0.0
48;2021-04-18;4;0;0;18274;7558;0;24.0;9.9;0.0
48;2021-04-19;223;110;0;18497;7668;0;24.2;10.1;0.0
48;2021-04-20;224;203;0;18721;7871;0;24.5;10.3;0.0
48;2021-04-21;302;280;0;19023;8151;0;24.9;10.7;0.0
48;2021-04-22;302;486;0;19325;8637;0;25.3;11.3;0.0
48;2021-04-23;251;274;0;19576;8911;0;25.7;11.7;0.0
48;2021-04-24;117;104;0;19693;9015;0;25.8;11.8;0.0
48;2021-04-25;6;13;0;19699;9028;0;25.8;11.8;0.0
48;2021-04-26;129;237;0;19828;9265;0;26.0;12.1;0.0
48;2021-04-27;200;310;0;20028;9575;0;26.3;12.6;0.0
48;2021-04-28;171;446;0;20199;10021;0;26.5;13.1;0.0
48;2021-04-29;220;509;0;20419;10530;0;26.8;13.8;0.0
48;2021-04-30;206;259;0;20625;10789;0;27.0;14.1;0.0
48;2021-05-01;77;9;0;20702;10798;0;27.1;14.2;0.0
48;2021-05-02;1;0;0;20703;10798;0;27.1;14.2;0.0
48;2021-05-03;137;400;0;20840;11198;0;27.3;14.7;0.0
48;2021-05-04;224;410;0;21064;11608;0;27.6;15.2;0.0
48;2021-05-05;120;494;0;21184;12102;0;27.8;15.9;0.0
48;2021-05-06;751;613;0;21935;12715;0;28.8;16.7;0.0
48;2021-05-07;141;511;0;22076;13226;0;28.9;17.3;0.0
48;2021-05-08;325;51;0;22401;13277;0;29.4;17.4;0.0
48;2021-05-09;262;11;0;22663;13288;0;29.7;17.4;0.0
48;2021-05-10;140;349;0;22803;13637;0;29.9;17.9;0.0
48;2021-05-11;259;294;0;23062;13931;0;30.2;18.3;0.0
48;2021-05-12;308;299;0;23370;14230;0;30.6;18.7;0.0
48;2021-05-13;452;155;0;23822;14385;0;31.2;18.9;0.0
48;2021-05-14;283;242;0;24105;14627;0;31.6;19.2;0.0
48;2021-05-15;143;59;0;24248;14686;0;31.8;19.3;0.0
48;2021-05-16;31;7;0;24279;14693;0;31.8;19.3;0.0
48;2021-05-17;490;270;0;24769;14963;0;32.5;19.6;0.0
48;2021-05-18;318;256;0;25087;15219;0;32.9;19.9;0.0
48;2021-05-19;294;304;0;25381;15523;0;33.3;20.3;0.0
48;2021-05-20;400;265;0;25781;15788;0;33.8;20.7;0.0
48;2021-05-21;238;276;0;26019;16064;0;34.1;21.1;0.0
48;2021-05-22;87;54;0;26106;16118;0;34.2;21.1;0.0
48;2021-05-23;7;7;0;26113;16125;0;34.2;21.1;0.0
48;2021-05-24;71;24;0;26184;16149;0;34.3;21.2;0.0
48;2021-05-25;247;291;0;26431;16440;0;34.6;21.6;0.0
48;2021-05-26;476;286;0;26907;16726;0;35.3;21.9;0.0
48;2021-05-27;1238;352;0;28145;17078;0;36.9;22.4;0.0
48;2021-05-28;365;335;0;28510;17413;0;37.4;22.8;0.0
48;2021-05-29;204;100;0;28714;17513;0;37.6;23.0;0.0
48;2021-05-30;7;8;0;28721;17521;0;37.6;23.0;0.0
48;2021-05-31;658;222;0;29379;17743;0;38.5;23.3;0.0
48;2021-06-01;316;288;0;29695;18031;0;38.9;23.6;0.0
48;2021-06-02;444;381;0;30139;18412;0;39.5;24.1;0.0
48;2021-06-03;638;379;0;30777;18791;0;40.3;24.6;0.0
48;2021-06-04;324;286;0;31101;19077;0;40.8;25.0;0.0
48;2021-06-05;160;100;0;31261;19177;0;41.0;25.1;0.0
48;2021-06-06;13;1;0;31274;19178;0;41.0;25.1;0.0
48;2021-06-07;397;158;0;31671;19336;0;41.5;25.3;0.0
48;2021-06-08;650;336;0;32321;19672;0;42.4;25.8;0.0
48;2021-06-09;381;233;0;32702;19905;0;42.9;26.1;0.0
48;2021-06-10;927;230;0;33629;20135;0;44.1;26.4;0.0
48;2021-06-11;382;192;0;34011;20327;0;44.6;26.6;0.0
48;2021-06-12;110;80;0;34121;20407;0;44.7;26.8;0.0
48;2021-06-13;12;6;0;34133;20413;0;44.7;26.8;0.0
48;2021-06-14;140;153;0;34273;20566;0;44.9;27.0;0.0
48;2021-06-15;402;393;0;34675;20959;0;45.5;27.5;0.0
48;2021-06-16;253;179;0;34928;21138;0;45.8;27.7;0.0
48;2021-06-17;453;561;0;35381;21699;0;46.4;28.4;0.0
48;2021-06-18;268;319;0;35649;22018;0;46.7;28.9;0.0
48;2021-06-19;65;321;0;35714;22339;0;46.8;29.3;0.0
48;2021-06-20;112;214;0;35826;22553;0;47.0;29.6;0.0
48;2021-06-21;141;225;0;35967;22778;0;47.1;29.9;0.0
48;2021-06-22;246;379;0;36213;23157;0;47.5;30.4;0.0
48;2021-06-23;110;583;0;36323;23740;0;47.6;31.1;0.0
48;2021-06-24;316;559;0;36639;24299;0;48.0;31.9;0.0
48;2021-06-25;131;279;0;36770;24578;0;48.2;32.2;0.0
48;2021-06-26;29;91;0;36799;24669;0;48.2;32.3;0.0
48;2021-06-27;1;20;0;36800;24689;0;48.2;32.4;0.0
48;2021-06-28;91;262;0;36891;24951;0;48.4;32.7;0.0
48;2021-06-29;297;479;0;37188;25430;0;48.7;33.3;0.0
48;2021-06-30;116;530;0;37304;25960;0;48.9;34.0;0.0
48;2021-07-01;192;630;0;37496;26590;0;49.2;34.9;0.0
48;2021-07-02;161;385;0;37657;26975;0;49.4;35.4;0.0
48;2021-07-03;56;146;0;37713;27121;0;49.4;35.6;0.0
48;2021-07-04;10;7;0;37723;27128;0;49.4;35.6;0.0
48;2021-07-05;78;245;0;37801;27373;0;49.6;35.9;0.0
48;2021-07-06;298;626;0;38099;27999;0;49.9;36.7;0.0
48;2021-07-07;210;523;0;38309;28522;0;50.2;37.4;0.0
48;2021-07-08;227;1171;0;38536;29693;0;50.5;38.9;0.0
48;2021-07-09;166;565;0;38702;30258;0;50.7;39.7;0.0
48;2021-07-10;90;212;0;38792;30470;0;50.9;39.9;0.0
48;2021-07-11;2;19;0;38794;30489;0;50.9;40.0;0.0
48;2021-07-12;152;710;0;38946;31199;0;51.1;40.9;0.0
48;2021-07-13;214;464;0;39160;31663;0;51.3;41.5;0.0
48;2021-07-14;152;126;0;39312;31789;0;51.5;41.7;0.0
48;2021-07-15;232;463;0;39544;32252;0;51.8;42.3;0.0
48;2021-07-16;323;372;0;39867;32624;0;52.3;42.8;0.0
48;2021-07-17;180;165;0;40047;32789;0;52.5;43.0;0.0
48;2021-07-18;10;16;0;40057;32805;0;52.5;43.0;0.0
48;2021-07-19;186;324;0;40243;33129;0;52.8;43.4;0.0
48;2021-07-20;696;1004;0;40939;34133;0;53.7;44.7;0.0
48;2021-07-21;155;341;0;41094;34474;0;53.9;45.2;0.0
48;2021-07-22;749;1008;0;41843;35482;0;54.9;46.5;0.0
48;2021-07-23;432;456;0;42275;35938;0;55.4;47.1;0.0
48;2021-07-24;490;200;0;42765;36138;0;56.1;47.4;0.0
48;2021-07-25;145;51;0;42910;36189;0;56.2;47.4;0.0
48;2021-07-26;238;267;0;43148;36456;0;56.6;47.8;0.0
48;2021-07-27;1094;613;0;44242;37069;0;58.0;48.6;0.0
48;2021-07-28;253;314;0;44495;37383;0;58.3;49.0;0.0
48;2021-07-29;691;594;0;45186;37977;0;59.2;49.8;0.0
48;2021-07-30;290;303;0;45476;38280;0;59.6;50.2;0.0
48;2021-07-31;325;167;0;45801;38447;0;60.0;50.4;0.0
48;2021-08-01;34;37;0;45835;38484;0;60.1;50.4;0.0
48;2021-08-02;262;189;0;46097;38673;0;60.4;50.7;0.0
48;2021-08-03;783;483;0;46880;39156;0;61.5;51.3;0.0
48;2021-08-04;312;185;0;47192;39341;0;61.9;51.6;0.0
48;2021-08-05;528;404;0;47720;39745;0;62.6;52.1;0.0
48;2021-08-06;436;315;0;48156;40060;0;63.1;52.5;0.0
48;2021-08-07;243;132;0;48399;40192;0;63.4;52.7;0.0
48;2021-08-08;11;20;0;48410;40212;0;63.5;52.7;0.0
48;2021-08-09;185;191;0;48595;40403;0;63.7;53.0;0.0
48;2021-08-10;590;477;0;49185;40880;0;64.5;53.6;0.0
48;2021-08-11;276;234;0;49461;41114;0;64.8;53.9;0.0
48;2021-08-12;343;389;0;49804;41503;0;65.3;54.4;0.0
48;2021-08-13;238;267;0;50042;41770;0;65.6;54.8;0.0
48;2021-08-14;130;188;0;50172;41958;0;65.8;55.0;0.0
48;2021-08-15;89;49;0;50261;42007;0;65.9;55.1;0.0
48;2021-08-16;125;271;0;50386;42278;0;66.0;55.4;0.0
48;2021-08-17;310;1072;0;50696;43350;0;66.5;56.8;0.0
48;2021-08-18;177;246;0;50873;43596;0;66.7;57.1;0.0
48;2021-08-19;222;342;0;51095;43938;0;67.0;57.6;0.0
48;2021-08-20;211;300;0;51306;44238;0;67.3;58.0;0.0
48;2021-08-21;75;255;0;51381;44493;0;67.4;58.3;0.0
48;2021-08-22;5;17;0;51386;44510;0;67.4;58.3;0.0
48;2021-08-23;76;241;0;51462;44751;0;67.5;58.7;0.0
48;2021-08-24;281;861;0;51743;45612;0;67.8;59.8;0.0
48;2021-08-25;160;369;0;51903;45981;0;68.0;60.3;0.0
48;2021-08-26;167;439;0;52070;46420;0;68.3;60.8;0.0
48;2021-08-27;148;369;0;52218;46789;0;68.5;61.3;0.0
48;2021-08-28;121;306;0;52339;47095;0;68.6;61.7;0.0
48;2021-08-29;0;6;0;52339;47101;0;68.6;61.7;0.0
48;2021-08-30;71;189;5;52410;47290;5;68.7;62.0;0.0
48;2021-08-31;246;957;15;52656;48247;20;69.0;63.2;0.0
48;2021-09-01;129;345;15;52785;48592;35;69.2;63.7;0.0
48;2021-09-02;133;353;15;52918;48945;50;69.4;64.2;0.1
48;2021-09-03;125;329;30;53043;49274;80;69.5;64.6;0.1
48;2021-09-04;113;204;33;53156;49478;113;69.7;64.9;0.1
48;2021-09-05;7;68;0;53163;49546;113;69.7;64.9;0.1
48;2021-09-06;38;147;19;53201;49693;132;69.7;65.1;0.2
48;2021-09-07;136;319;39;53337;50012;171;69.9;65.6;0.2
48;2021-09-08;94;184;29;53431;50196;200;70.0;65.8;0.3
48;2021-09-09;90;216;64;53521;50412;264;70.2;66.1;0.3
48;2021-09-10;128;252;126;53649;50664;390;70.3;66.4;0.5
48;2021-09-11;89;188;26;53738;50852;416;70.4;66.7;0.5
48;2021-09-12;3;2;1;53741;50854;417;70.4;66.7;0.5
48;2021-09-13;77;79;80;53818;50933;497;70.5;66.8;0.7
48;2021-09-14;157;240;98;53975;51173;595;70.8;67.1;0.8
48;2021-09-15;68;178;60;54043;51351;655;70.8;67.3;0.9
48;2021-09-16;104;193;72;54147;51544;727;71.0;67.6;1.0
48;2021-09-17;103;182;79;54250;51726;806;71.1;67.8;1.1
48;2021-09-18;32;93;13;54282;51819;819;71.2;67.9;1.1
48;2021-09-19;0;2;4;54282;51821;823;71.2;67.9;1.1
48;2021-09-20;36;87;126;54318;51908;949;71.2;68.0;1.2
48;2021-09-21;56;170;135;54374;52078;1084;71.3;68.3;1.4
48;2021-09-22;51;154;57;54425;52232;1141;71.3;68.5;1.5
48;2021-09-23;32;95;60;54457;52327;1201;71.4;68.6;1.6
48;2021-09-24;45;116;80;54502;52443;1281;71.4;68.7;1.7
48;2021-09-25;23;82;15;54525;52525;1296;71.5;68.9;1.7
48;2021-09-26;1;6;0;54526;52531;1296;71.5;68.9;1.7
48;2021-09-27;15;44;59;54541;52575;1355;71.5;68.9;1.8
48;2021-09-28;61;137;156;54602;52712;1511;71.6;69.1;2.0
48;2021-09-29;48;124;71;54650;52836;1582;71.6;69.3;2.1
48;2021-09-30;29;81;127;54679;52917;1709;71.7;69.4;2.2
48;2021-10-01;54;128;78;54733;53045;1787;71.7;69.5;2.3
48;2021-10-02;34;50;27;54767;53095;1814;71.8;69.6;2.4
48;2021-10-03;0;1;0;54767;53096;1814;71.8;69.6;2.4
48;2021-10-04;15;63;36;54782;53159;1850;71.8;69.7;2.4
48;2021-10-05;42;119;59;54824;53278;1909;71.9;69.8;2.5
48;2021-10-06;57;82;196;54881;53360;2105;71.9;69.9;2.8
48;2021-10-07;29;99;162;54910;53459;2267;72.0;70.1;3.0
48;2021-10-08;42;128;114;54952;53587;2381;72.0;70.2;3.1
48;2021-10-09;16;64;42;54968;53651;2423;72.1;70.3;3.2
48;2021-10-10;0;1;0;54968;53652;2423;72.1;70.3;3.2
48;2021-10-11;7;28;55;54975;53680;2478;72.1;70.4;3.2
48;2021-10-12;24;70;127;54999;53750;2605;72.1;70.5;3.4
48;2021-10-13;37;86;146;55036;53836;2751;72.1;70.6;3.6
48;2021-10-14;39;60;75;55075;53896;2826;72.2;70.6;3.7
48;2021-10-15;28;50;148;55103;53946;2974;72.2;70.7;3.9
48;2021-10-16;10;19;27;55113;53965;3001;72.2;70.7;3.9
48;2021-10-17;3;3;3;55116;53968;3004;72.2;70.7;3.9
48;2021-10-18;9;20;83;55125;53988;3087;72.3;70.8;4.0
48;2021-10-19;33;49;121;55158;54037;3208;72.3;70.8;4.2
48;2021-10-20;43;43;169;55201;54080;3377;72.4;70.9;4.4
48;2021-10-21;17;38;178;55218;54118;3555;72.4;70.9;4.7
48;2021-10-22;30;63;130;55248;54181;3685;72.4;71.0;4.8
48;2021-10-23;26;30;42;55274;54211;3727;72.5;71.1;4.9
48;2021-10-24;0;0;0;55274;54211;3727;72.5;71.1;4.9
48;2021-10-25;16;16;79;55290;54227;3806;72.5;71.1;5.0
48;2021-10-26;35;38;145;55325;54265;3951;72.5;71.1;5.2
48;2021-10-27;36;66;199;55361;54331;4150;72.6;71.2;5.4
48;2021-10-28;31;29;294;55392;54360;4444;72.6;71.3;5.8
48;2021-10-29;21;28;149;55413;54388;4593;72.6;71.3;6.0
48;2021-10-30;7;18;30;55420;54406;4623;72.6;71.3;6.1
48;2021-10-31;0;2;0;55420;54408;4623;72.6;71.3;6.1
48;2021-11-01;3;1;2;55423;54409;4625;72.7;71.3;6.1
48;2021-11-02;27;32;124;55450;54441;4749;72.7;71.4;6.2
48;2021-11-03;20;38;142;55470;54479;4891;72.7;71.4;6.4
48;2021-11-04;28;36;165;55498;54515;5056;72.7;71.5;6.6
48;2021-11-05;15;25;119;55513;54540;5175;72.8;71.5;6.8
48;2021-11-06;16;19;67;55529;54559;5242;72.8;71.5;6.9
48;2021-11-07;2;1;0;55531;54560;5242;72.8;71.5;6.9
48;2021-11-08;8;17;53;55539;54577;5295;72.8;71.5;6.9
48;2021-11-09;37;55;277;55576;54632;5572;72.9;71.6;7.3
48;2021-11-10;25;52;305;55601;54684;5877;72.9;71.7;7.7
48;2021-11-11;1;4;41;55602;54688;5918;72.9;71.7;7.8
48;2021-11-12;17;41;220;55619;54729;6138;72.9;71.7;8.0
48;2021-11-13;14;20;74;55633;54749;6212;72.9;71.8;8.1
48;2021-11-14;0;0;3;55633;54749;6215;72.9;71.8;8.1
48;2021-11-15;7;10;157;55640;54759;6372;72.9;71.8;8.4
48;2021-11-16;29;38;367;55669;54797;6739;73.0;71.8;8.8
48;2021-11-17;24;30;348;55693;54827;7087;73.0;71.9;9.3
48;2021-11-18;20;29;441;55713;54856;7528;73.0;71.9;9.9
48;2021-11-19;25;28;321;55738;54884;7849;73.1;71.9;10.3
48;2021-11-20;33;16;118;55771;54900;7967;73.1;72.0;10.4
48;2021-11-21;0;1;1;55771;54901;7968;73.1;72.0;10.4
48;2021-11-22;7;11;235;55778;54912;8203;73.1;72.0;10.8
48;2021-11-23;34;21;321;55812;54933;8524;73.2;72.0;11.2
48;2021-11-24;36;32;322;55848;54965;8846;73.2;72.1;11.6
48;2021-11-25;27;27;441;55875;54992;9287;73.2;72.1;12.2
48;2021-11-26;35;27;499;55910;55019;9786;73.3;72.1;12.8
48;2021-11-27;29;24;295;55939;55043;10081;73.3;72.2;13.2
48;2021-11-28;1;1;6;55940;55044;10087;73.3;72.2;13.2
48;2021-11-29;15;8;476;55955;55052;10563;73.3;72.2;13.8
48;2021-11-30;20;38;513;55975;55090;11076;73.4;72.2;14.5
48;2021-12-01;22;28;410;55997;55118;11486;73.4;72.3;15.1
48;2021-12-02;12;21;444;56009;55139;11930;73.4;72.3;15.6
48;2021-12-03;35;24;665;56044;55163;12595;73.5;72.3;16.5
48;2021-12-04;21;25;358;56065;55188;12953;73.5;72.3;17.0
48;2021-12-05;2;1;10;56067;55189;12963;73.5;72.3;17.0
48;2021-12-06;13;17;591;56080;55206;13554;73.5;72.4;17.8
48;2021-12-07;22;17;873;56102;55223;14427;73.5;72.4;18.9
48;2021-12-08;29;29;633;56131;55252;15060;73.6;72.4;19.7
48;2021-12-09;18;20;673;56149;55272;15733;73.6;72.5;20.6
48;2021-12-10;28;50;1006;56177;55322;16739;73.6;72.5;21.9
48;2021-12-11;30;39;636;56207;55361;17375;73.7;72.6;22.8
48;2021-12-12;1;0;20;56208;55361;17395;73.7;72.6;22.8
48;2021-12-13;21;19;725;56229;55380;18120;73.7;72.6;23.8
48;2021-12-14;35;33;975;56264;55413;19095;73.8;72.6;25.0
48;2021-12-15;39;31;694;56303;55444;19789;73.8;72.7;25.9
48;2021-12-16;26;25;705;56329;55469;20494;73.8;72.7;26.9
48;2021-12-17;30;50;1078;56359;55519;21572;73.9;72.8;28.3
48;2021-12-18;18;24;387;56377;55543;21959;73.9;72.8;28.8
48;2021-12-19;2;1;30;56379;55544;21989;73.9;72.8;28.8
48;2021-12-20;29;44;846;56408;55588;22835;73.9;72.9;29.9
48;2021-12-21;27;28;781;56435;55616;23616;74.0;72.9;31.0
48;2021-12-22;22;27;586;56457;55643;24202;74.0;72.9;31.7
48;2021-12-23;18;8;404;56475;55651;24606;74.0;73.0;32.3
48;2021-12-24;6;4;43;56481;55655;24649;74.0;73.0;32.3
48;2021-12-25;0;1;9;56481;55656;24658;74.0;73.0;32.3
48;2021-12-26;1;0;18;56482;55656;24676;74.0;73.0;32.3
49;2020-12-27;1;0;0;1;0;0;0.0;0.0;0.0
49;2020-12-28;1;0;0;2;0;0;0.0;0.0;0.0
49;2020-12-29;0;0;0;2;0;0;0.0;0.0;0.0
49;2020-12-30;0;0;0;2;0;0;0.0;0.0;0.0
49;2020-12-31;0;0;0;2;0;0;0.0;0.0;0.0
49;2021-01-01;2;0;0;4;0;0;0.0;0.0;0.0
49;2021-01-02;1;1;0;5;1;0;0.0;0.0;0.0
49;2021-01-03;0;0;0;5;1;0;0.0;0.0;0.0
49;2021-01-04;9;0;0;14;1;0;0.0;0.0;0.0
49;2021-01-05;66;0;0;80;1;0;0.0;0.0;0.0
49;2021-01-06;200;0;0;280;1;0;0.0;0.0;0.0
49;2021-01-07;350;1;0;630;2;0;0.1;0.0;0.0
49;2021-01-08;316;1;0;946;3;0;0.1;0.0;0.0
49;2021-01-09;123;0;0;1069;3;0;0.1;0.0;0.0
49;2021-01-10;113;0;0;1182;3;0;0.1;0.0;0.0
49;2021-01-11;297;0;0;1479;3;0;0.2;0.0;0.0
49;2021-01-12;596;2;0;2075;5;0;0.3;0.0;0.0
49;2021-01-13;603;2;0;2678;7;0;0.3;0.0;0.0
49;2021-01-14;611;9;0;3289;16;0;0.4;0.0;0.0
49;2021-01-15;740;1;0;4029;17;0;0.5;0.0;0.0
49;2021-01-16;145;0;0;4174;17;0;0.5;0.0;0.0
49;2021-01-17;112;2;0;4286;19;0;0.5;0.0;0.0
49;2021-01-18;683;0;0;4969;19;0;0.6;0.0;0.0
49;2021-01-19;1237;7;0;6206;26;0;0.8;0.0;0.0
49;2021-01-20;1506;6;0;7712;32;0;0.9;0.0;0.0
49;2021-01-21;1951;13;0;9663;45;0;1.2;0.0;0.0
49;2021-01-22;1308;6;0;10971;51;0;1.3;0.0;0.0
49;2021-01-23;268;2;0;11239;53;0;1.4;0.0;0.0
49;2021-01-24;0;0;0;11239;53;0;1.4;0.0;0.0
49;2021-01-25;577;5;0;11816;58;0;1.4;0.0;0.0
49;2021-01-26;1018;55;0;12834;113;0;1.6;0.0;0.0
49;2021-01-27;1834;46;0;14668;159;0;1.8;0.0;0.0
49;2021-01-28;2813;81;0;17481;240;0;2.1;0.0;0.0
49;2021-01-29;1638;98;0;19119;338;0;2.3;0.0;0.0
49;2021-01-30;294;46;0;19413;384;0;2.4;0.0;0.0
49;2021-01-31;52;52;0;19465;436;0;2.4;0.1;0.0
49;2021-02-01;662;168;0;20127;604;0;2.5;0.1;0.0
49;2021-02-02;747;348;0;20874;952;0;2.6;0.1;0.0
49;2021-02-03;714;367;0;21588;1319;0;2.6;0.2;0.0
49;2021-02-04;781;444;0;22369;1763;0;2.7;0.2;0.0
49;2021-02-05;744;571;0;23113;2334;0;2.8;0.3;0.0
49;2021-02-06;234;108;0;23347;2442;0;2.9;0.3;0.0
49;2021-02-07;66;83;0;23413;2525;0;2.9;0.3;0.0
49;2021-02-08;542;474;0;23955;2999;0;2.9;0.4;0.0
49;2021-02-09;765;662;0;24720;3661;0;3.0;0.4;0.0
49;2021-02-10;847;945;0;25567;4606;0;3.1;0.6;0.0
49;2021-02-11;1066;1416;0;26633;6022;0;3.3;0.7;0.0
49;2021-02-12;877;988;0;27510;7010;0;3.4;0.9;0.0
49;2021-02-13;261;129;0;27771;7139;0;3.4;0.9;0.0
49;2021-02-14;9;90;0;27780;7229;0;3.4;0.9;0.0
49;2021-02-15;704;688;0;28484;7917;0;3.5;1.0;0.0
49;2021-02-16;1125;1076;0;29609;8993;0;3.6;1.1;0.0
49;2021-02-17;1126;1858;0;30735;10851;0;3.8;1.3;0.0
49;2021-02-18;1792;2340;0;32527;13191;0;4.0;1.6;0.0
49;2021-02-19;1344;1163;0;33871;14354;0;4.2;1.8;0.0
49;2021-02-20;218;370;0;34089;14724;0;4.2;1.8;0.0
49;2021-02-21;1;59;0;34090;14783;0;4.2;1.8;0.0
49;2021-02-22;624;614;0;34714;15397;0;4.3;1.9;0.0
49;2021-02-23;711;852;0;35425;16249;0;4.3;2.0;0.0
49;2021-02-24;818;687;0;36243;16936;0;4.4;2.1;0.0
49;2021-02-25;1194;852;0;37437;17788;0;4.6;2.2;0.0
49;2021-02-26;1607;839;0;39044;18627;0;4.8;2.3;0.0
49;2021-02-27;421;289;0;39465;18916;0;4.8;2.3;0.0
49;2021-02-28;46;33;0;39511;18949;0;4.8;2.3;0.0
49;2021-03-01;750;621;0;40261;19570;0;4.9;2.4;0.0
49;2021-03-02;1055;727;0;41316;20297;0;5.1;2.5;0.0
49;2021-03-03;1512;726;0;42828;21023;0;5.2;2.6;0.0
49;2021-03-04;1754;969;0;44582;21992;0;5.5;2.7;0.0
49;2021-03-05;2226;743;0;46808;22735;0;5.7;2.8;0.0
49;2021-03-06;731;199;0;47539;22934;0;5.8;2.8;0.0
49;2021-03-07;639;15;0;48178;22949;0;5.9;2.8;0.0
49;2021-03-08;1406;717;0;49584;23666;0;6.1;2.9;0.0
49;2021-03-09;2019;755;0;51603;24421;0;6.3;3.0;0.0
49;2021-03-10;2454;923;0;54057;25344;0;6.6;3.1;0.0
49;2021-03-11;3129;1553;0;57186;26897;0;7.0;3.3;0.0
49;2021-03-12;3688;1012;0;60874;27909;0;7.5;3.4;0.0
49;2021-03-13;1511;215;0;62385;28124;0;7.6;3.4;0.0
49;2021-03-14;13;2;0;62398;28126;0;7.6;3.4;0.0
49;2021-03-15;2079;535;0;64477;28661;0;7.9;3.5;0.0
49;2021-03-16;1700;960;0;66177;29621;0;8.1;3.6;0.0
49;2021-03-17;1757;681;0;67934;30302;0;8.3;3.7;0.0
49;2021-03-18;2183;716;0;70117;31018;0;8.6;3.8;0.0
49;2021-03-19;3304;564;0;73421;31582;0;9.0;3.9;0.0
49;2021-03-20;1710;212;0;75131;31794;0;9.2;3.9;0.0
49;2021-03-21;488;22;0;75619;31816;0;9.3;3.9;0.0
49;2021-03-22;2213;555;0;77832;32371;0;9.5;4.0;0.0
49;2021-03-23;3370;663;0;81202;33034;0;10.0;4.0;0.0
49;2021-03-24;3493;481;0;84695;33515;0;10.4;4.1;0.0
49;2021-03-25;4202;647;0;88897;34162;0;10.9;4.2;0.0
49;2021-03-26;4791;507;0;93688;34669;0;11.5;4.2;0.0
49;2021-03-27;1695;109;0;95383;34778;0;11.7;4.3;0.0
49;2021-03-28;380;26;0;95763;34804;0;11.7;4.3;0.0
49;2021-03-29;2475;606;0;98238;35410;0;12.0;4.3;0.0
49;2021-03-30;3339;933;0;101577;36343;0;12.4;4.5;0.0
49;2021-03-31;3008;756;0;104585;37099;0;12.8;4.5;0.0
49;2021-04-01;4115;882;0;108700;37981;0;13.3;4.7;0.0
49;2021-04-02;4275;961;0;112975;38942;0;13.8;4.8;0.0
49;2021-04-03;986;207;0;113961;39149;0;14.0;4.8;0.0
49;2021-04-04;328;6;0;114289;39155;0;14.0;4.8;0.0
49;2021-04-05;899;28;0;115188;39183;0;14.1;4.8;0.0
49;2021-04-06;2443;1329;0;117631;40512;0;14.4;5.0;0.0
49;2021-04-07;3355;1384;0;120986;41896;0;14.8;5.1;0.0
49;2021-04-08;5131;1405;0;126117;43301;0;15.5;5.3;0.0
49;2021-04-09;6183;1424;0;132300;44725;0;16.2;5.5;0.0
49;2021-04-10;2020;502;0;134320;45227;0;16.5;5.5;0.0
49;2021-04-11;390;12;0;134710;45239;0;16.5;5.5;0.0
49;2021-04-12;3983;1546;0;138693;46785;0;17.0;5.7;0.0
49;2021-04-13;5212;1886;0;143905;48671;0;17.6;6.0;0.0
49;2021-04-14;4338;1857;0;148243;50528;0;18.2;6.2;0.0
49;2021-04-15;5114;1883;0;153357;52411;0;18.8;6.4;0.0
49;2021-04-16;5383;2150;0;158740;54561;0;19.5;6.7;0.0
49;2021-04-17;2976;816;0;161716;55377;0;19.8;6.8;0.0
49;2021-04-18;386;468;0;162102;55845;0;19.9;6.8;0.0
49;2021-04-19;3418;2025;0;165520;57870;0;20.3;7.1;0.0
49;2021-04-20;4060;2077;0;169580;59947;0;20.8;7.3;0.0
49;2021-04-21;3564;2127;0;173144;62074;0;21.2;7.6;0.0
49;2021-04-22;4494;2103;0;177638;64177;0;21.8;7.9;0.0
49;2021-04-23;4383;2283;0;182021;66460;0;22.3;8.1;0.0
49;2021-04-24;2612;1190;0;184633;67650;0;22.6;8.3;0.0
49;2021-04-25;59;294;0;184692;67944;0;22.6;8.3;0.0
49;2021-04-26;3399;2180;0;188091;70124;0;23.1;8.6;0.0
49;2021-04-27;4000;2547;0;192091;72671;0;23.5;8.9;0.0
49;2021-04-28;4133;2454;0;196224;75125;0;24.1;9.2;0.0
49;2021-04-29;4713;3041;0;200937;78166;0;24.6;9.6;0.0
49;2021-04-30;4992;3117;0;205929;81283;0;25.2;10.0;0.0
49;2021-05-01;2182;670;0;208111;81953;0;25.5;10.0;0.0
49;2021-05-02;45;51;0;208156;82004;0;25.5;10.1;0.0
49;2021-05-03;4561;2348;0;212717;84352;0;26.1;10.3;0.0
49;2021-05-04;4615;3137;0;217332;87489;0;26.6;10.7;0.0
49;2021-05-05;4430;3028;0;221762;90517;0;27.2;11.1;0.0
49;2021-05-06;4908;3098;0;226670;93615;0;27.8;11.5;0.0
49;2021-05-07;4008;4954;0;230678;98569;0;28.3;12.1;0.0
49;2021-05-08;3373;477;0;234051;99046;0;28.7;12.1;0.0
49;2021-05-09;58;67;0;234109;99113;0;28.7;12.1;0.0
49;2021-05-10;4426;4033;0;238535;103146;0;29.2;12.6;0.0
49;2021-05-11;4990;4776;0;243525;107922;0;29.8;13.2;0.0
49;2021-05-12;4392;4309;0;247917;112231;0;30.4;13.8;0.0
49;2021-05-13;4439;650;0;252356;112881;0;30.9;13.8;0.0
49;2021-05-14;4604;3063;0;256960;115944;0;31.5;14.2;0.0
49;2021-05-15;3735;1650;0;260695;117594;0;32.0;14.4;0.0
49;2021-05-16;2401;92;0;263096;117686;0;32.2;14.4;0.0
49;2021-05-17;4399;3333;0;267495;121019;0;32.8;14.8;0.0
49;2021-05-18;4852;3528;0;272347;124547;0;33.4;15.3;0.0
49;2021-05-19;5175;2976;0;277522;127523;0;34.0;15.6;0.0
49;2021-05-20;5987;2755;0;283509;130278;0;34.7;16.0;0.0
49;2021-05-21;5799;3395;0;289308;133673;0;35.5;16.4;0.0
49;2021-05-22;4455;1126;0;293763;134799;0;36.0;16.5;0.0
49;2021-05-23;73;16;0;293836;134815;0;36.0;16.5;0.0
49;2021-05-24;3788;403;0;297624;135218;0;36.5;16.6;0.0
49;2021-05-25;5578;3167;0;303202;138385;0;37.2;17.0;0.0
49;2021-05-26;5483;2515;0;308685;140900;0;37.8;17.3;0.0
49;2021-05-27;6194;2632;0;314879;143532;0;38.6;17.6;0.0
49;2021-05-28;6157;3790;0;321036;147322;0;39.3;18.1;0.0
49;2021-05-29;4286;1743;0;325322;149065;0;39.9;18.3;0.0
49;2021-05-30;119;32;0;325441;149097;0;39.9;18.3;0.0
49;2021-05-31;5365;2902;0;330806;151999;0;40.5;18.6;0.0
49;2021-06-01;5982;3730;0;336788;155729;0;41.3;19.1;0.0
49;2021-06-02;5257;3448;0;342045;159177;0;41.9;19.5;0.0
49;2021-06-03;5953;3311;0;347998;162488;0;42.7;19.9;0.0
49;2021-06-04;6009;4584;0;354007;167072;0;43.4;20.5;0.0
49;2021-06-05;4061;2480;0;358068;169552;0;43.9;20.8;0.0
49;2021-06-06;194;73;0;358262;169625;0;43.9;20.8;0.0
49;2021-06-07;4289;4299;0;362551;173924;0;44.4;21.3;0.0
49;2021-06-08;5000;4648;0;367551;178572;0;45.0;21.9;0.0
49;2021-06-09;4996;4105;0;372547;182677;0;45.7;22.4;0.0
49;2021-06-10;5671;3669;0;378218;186346;0;46.4;22.8;0.0
49;2021-06-11;4677;5643;0;382895;191989;0;46.9;23.5;0.0
49;2021-06-12;3712;2925;0;386607;194914;0;47.4;23.9;0.0
49;2021-06-13;132;787;0;386739;195701;0;47.4;24.0;0.0
49;2021-06-14;3367;5525;0;390106;201226;0;47.8;24.7;0.0
49;2021-06-15;4170;5964;0;394276;207190;0;48.3;25.4;0.0
49;2021-06-16;4088;5429;0;398364;212619;0;48.8;26.1;0.0
49;2021-06-17;4867;4967;0;403231;217586;0;49.4;26.7;0.0
49;2021-06-18;4019;6472;0;407250;224058;0;49.9;27.5;0.0
49;2021-06-19;3329;3673;0;410579;227731;0;50.3;27.9;0.0
49;2021-06-20;77;72;0;410656;227803;0;50.3;27.9;0.0
49;2021-06-21;2768;6024;0;413424;233827;0;50.7;28.7;0.0
49;2021-06-22;3135;6573;0;416559;240400;0;51.1;29.5;0.0
49;2021-06-23;3072;5904;0;419631;246304;0;51.4;30.2;0.0
49;2021-06-24;4134;4725;0;423765;251029;0;51.9;30.8;0.0
49;2021-06-25;3239;6903;0;427004;257932;0;52.3;31.6;0.0
49;2021-06-26;2432;4189;0;429436;262121;0;52.6;32.1;0.0
49;2021-06-27;39;1479;0;429475;263600;0;52.6;32.3;0.0
49;2021-06-28;2132;6628;0;431607;270228;0;52.9;33.1;0.0
49;2021-06-29;2849;6774;0;434456;277002;0;53.2;34.0;0.0
49;2021-06-30;2734;6328;0;437190;283330;0;53.6;34.7;0.0
49;2021-07-01;3088;6089;0;440278;289419;0;54.0;35.5;0.0
49;2021-07-02;2889;7574;0;443167;296993;0;54.3;36.4;0.0
49;2021-07-03;1969;4996;0;445136;301989;0;54.6;37.0;0.0
49;2021-07-04;49;157;0;445185;302146;0;54.6;37.0;0.0
49;2021-07-05;1695;6544;0;446880;308690;0;54.8;37.8;0.0
49;2021-07-06;2074;7166;1;448954;315856;1;55.0;38.7;0.0
49;2021-07-07;2206;6172;0;451160;322028;1;55.3;39.5;0.0
49;2021-07-08;2693;6105;0;453853;328133;1;55.6;40.2;0.0
49;2021-07-09;2500;7846;0;456353;335979;1;55.9;41.2;0.0
49;2021-07-10;1945;4917;0;458298;340896;1;56.2;41.8;0.0
49;2021-07-11;62;125;0;458360;341021;1;56.2;41.8;0.0
49;2021-07-12;2054;7223;0;460414;348244;1;56.4;42.7;0.0
49;2021-07-13;2743;7968;1;463157;356212;2;56.8;43.7;0.0
49;2021-07-14;2827;3298;0;465984;359510;2;57.1;44.1;0.0
49;2021-07-15;3377;7247;0;469361;366757;2;57.5;45.0;0.0
49;2021-07-16;3611;7988;0;472972;374745;2;58.0;45.9;0.0
49;2021-07-17;2162;5118;0;475134;379863;2;58.2;46.6;0.0
49;2021-07-18;3174;576;0;478308;380439;2;58.6;46.6;0.0
49;2021-07-19;2634;7118;0;480942;387557;2;58.9;47.5;0.0
49;2021-07-20;3455;7380;0;484397;394937;2;59.4;48.4;0.0
49;2021-07-21;3863;6336;0;488260;401273;2;59.8;49.2;0.0
49;2021-07-22;4425;5924;0;492685;407197;2;60.4;49.9;0.0
49;2021-07-23;4757;6633;0;497442;413830;2;61.0;50.7;0.0
49;2021-07-24;3045;4737;0;500487;418567;2;61.3;51.3;0.0
49;2021-07-25;123;160;0;500610;418727;2;61.4;51.3;0.0
49;2021-07-26;3988;5769;0;504598;424496;2;61.8;52.0;0.0
49;2021-07-27;5607;5398;0;510205;429894;2;62.5;52.7;0.0
49;2021-07-28;5721;4402;0;515926;434296;2;63.2;53.2;0.0
49;2021-07-29;6048;4254;0;521974;438550;2;64.0;53.8;0.0
49;2021-07-30;5801;4824;0;527775;443374;2;64.7;54.3;0.0
49;2021-07-31;3663;3370;0;531438;446744;2;65.1;54.8;0.0
49;2021-08-01;157;77;0;531595;446821;2;65.2;54.8;0.0
49;2021-08-02;4306;4617;0;535901;451438;2;65.7;55.3;0.0
49;2021-08-03;5520;3873;0;541421;455311;2;66.4;55.8;0.0
49;2021-08-04;5241;3723;0;546662;459034;2;67.0;56.3;0.0
49;2021-08-05;5340;3506;0;552002;462540;2;67.7;56.7;0.0
49;2021-08-06;5545;4422;0;557547;466962;2;68.3;57.2;0.0
49;2021-08-07;3592;3023;0;561139;469985;2;68.8;57.6;0.0
49;2021-08-08;90;113;0;561229;470098;2;68.8;57.6;0.0
49;2021-08-09;3530;4719;0;564759;474817;2;69.2;58.2;0.0
49;2021-08-10;4225;3943;0;568984;478760;2;69.7;58.7;0.0
49;2021-08-11;3952;3693;0;572936;482453;2;70.2;59.1;0.0
49;2021-08-12;3072;3267;0;576008;485720;2;70.6;59.5;0.0
49;2021-08-13;3917;4132;0;579925;489852;2;71.1;60.0;0.0
49;2021-08-14;2144;2945;0;582069;492797;2;71.3;60.4;0.0
49;2021-08-15;65;74;0;582134;492871;2;71.4;60.4;0.0
49;2021-08-16;2859;4966;0;584993;497837;2;71.7;61.0;0.0
49;2021-08-17;3181;4823;0;588174;502660;2;72.1;61.6;0.0
49;2021-08-18;2862;4291;0;591036;506951;2;72.4;62.1;0.0
49;2021-08-19;1924;3905;0;592960;510856;2;72.7;62.6;0.0
49;2021-08-20;2739;5498;0;595699;516354;2;73.0;63.3;0.0
49;2021-08-21;1362;3840;0;597061;520194;2;73.2;63.8;0.0
49;2021-08-22;37;168;0;597098;520362;2;73.2;63.8;0.0
49;2021-08-23;2224;5295;0;599322;525657;2;73.5;64.4;0.0
49;2021-08-24;2654;5474;0;601976;531131;2;73.8;65.1;0.0
49;2021-08-25;2291;5226;0;604267;536357;2;74.1;65.7;0.0
49;2021-08-26;1783;4689;0;606050;541046;2;74.3;66.3;0.0
49;2021-08-27;2225;6353;0;608275;547399;2;74.6;67.1;0.0
49;2021-08-28;904;3704;0;609179;551103;2;74.7;67.5;0.0
49;2021-08-29;34;162;0;609213;551265;2;74.7;67.6;0.0
49;2021-08-30;1275;4013;47;610488;555278;49;74.8;68.1;0.0
49;2021-08-31;2136;5532;100;612624;560810;149;75.1;68.7;0.0
49;2021-09-01;1637;3941;235;614261;564751;384;75.3;69.2;0.0
49;2021-09-02;1082;2967;210;615343;567718;594;75.4;69.6;0.1
49;2021-09-03;1412;4022;281;616755;571740;875;75.6;70.1;0.1
49;2021-09-04;1179;3229;127;617934;574969;1002;75.7;70.5;0.1
49;2021-09-05;23;44;5;617957;575013;1007;75.7;70.5;0.1
49;2021-09-06;1030;2638;377;618987;577651;1384;75.9;70.8;0.2
49;2021-09-07;1109;2536;387;620096;580187;1771;76.0;71.1;0.2
49;2021-09-08;947;2866;277;621043;583053;2048;76.1;71.5;0.3
49;2021-09-09;742;1734;185;621785;584787;2233;76.2;71.7;0.3
49;2021-09-10;990;2924;252;622775;587711;2485;76.3;72.0;0.3
49;2021-09-11;734;2469;119;623509;590180;2604;76.4;72.3;0.3
49;2021-09-12;16;47;3;623525;590227;2607;76.4;72.3;0.3
49;2021-09-13;724;2019;556;624249;592246;3163;76.5;72.6;0.4
49;2021-09-14;658;1690;689;624907;593936;3852;76.6;72.8;0.5
49;2021-09-15;615;2147;663;625522;596083;4515;76.7;73.1;0.6
49;2021-09-16;544;1348;609;626066;597431;5124;76.7;73.2;0.6
49;2021-09-17;919;2444;632;626985;599875;5756;76.8;73.5;0.7
49;2021-09-18;523;2009;148;627508;601884;5904;76.9;73.8;0.7
49;2021-09-19;8;22;6;627516;601906;5910;76.9;73.8;0.7
49;2021-09-20;500;1248;687;628016;603154;6597;77.0;73.9;0.8
49;2021-09-21;415;1546;800;628431;604700;7397;77.0;74.1;0.9
49;2021-09-22;348;2059;641;628779;606759;8038;77.1;74.4;1.0
49;2021-09-23;299;1094;853;629078;607853;8891;77.1;74.5;1.1
49;2021-09-24;558;2204;930;629636;610057;9821;77.2;74.8;1.2
49;2021-09-25;202;1099;101;629838;611156;9922;77.2;74.9;1.2
49;2021-09-26;4;24;0;629842;611180;9922;77.2;74.9;1.2
49;2021-09-27;355;1314;894;630197;612494;10816;77.2;75.1;1.3
49;2021-09-28;395;1010;740;630592;613504;11556;77.3;75.2;1.4
49;2021-09-29;369;1204;636;630961;614708;12192;77.3;75.3;1.5
49;2021-09-30;332;680;859;631293;615388;13051;77.4;75.4;1.6
49;2021-10-01;527;1500;739;631820;616888;13790;77.4;75.6;1.7
49;2021-10-02;334;1101;163;632154;617989;13953;77.5;75.7;1.7
49;2021-10-03;12;24;4;632166;618013;13957;77.5;75.7;1.7
49;2021-10-04;298;750;688;632464;618763;14645;77.5;75.8;1.8
49;2021-10-05;205;570;753;632669;619333;15398;77.5;75.9;1.9
49;2021-10-06;369;718;672;633038;620051;16070;77.6;76.0;2.0
49;2021-10-07;224;442;801;633262;620493;16871;77.6;76.1;2.1
49;2021-10-08;551;1265;1167;633813;621758;18038;77.7;76.2;2.2
49;2021-10-09;250;657;306;634063;622415;18344;77.7;76.3;2.2
49;2021-10-10;7;11;5;634070;622426;18349;77.7;76.3;2.2
49;2021-10-11;299;662;944;634369;623088;19293;77.8;76.4;2.4
49;2021-10-12;257;345;1147;634626;623433;20440;77.8;76.4;2.5
49;2021-10-13;319;527;1060;634945;623960;21500;77.8;76.5;2.6
49;2021-10-14;222;372;953;635167;624332;22453;77.9;76.5;2.8
49;2021-10-15;450;799;1339;635617;625131;23792;77.9;76.6;2.9
49;2021-10-16;229;398;347;635846;625529;24139;77.9;76.7;3.0
49;2021-10-17;3;12;12;635849;625541;24151;77.9;76.7;3.0
49;2021-10-18;272;315;715;636121;625856;24866;78.0;76.7;3.0
49;2021-10-19;114;338;874;636235;626194;25740;78.0;76.8;3.2
49;2021-10-20;147;322;794;636382;626516;26534;78.0;76.8;3.3
49;2021-10-21;91;240;805;636473;626756;27339;78.0;76.8;3.4
49;2021-10-22;189;651;1627;636662;627407;28966;78.0;76.9;3.6
49;2021-10-23;86;296;338;636748;627703;29304;78.0;76.9;3.6
49;2021-10-24;1;13;12;636749;627716;29316;78.0;76.9;3.6
49;2021-10-25;143;304;878;636892;628020;30194;78.1;77.0;3.7
49;2021-10-26;113;204;808;637005;628224;31002;78.1;77.0;3.8
49;2021-10-27;121;277;988;637126;628501;31990;78.1;77.0;3.9
49;2021-10-28;100;211;979;637226;628712;32969;78.1;77.1;4.0
49;2021-10-29;197;579;1816;637423;629291;34785;78.1;77.1;4.3
49;2021-10-30;62;200;342;637485;629491;35127;78.1;77.2;4.3
49;2021-10-31;4;11;18;637489;629502;35145;78.1;77.2;4.3
49;2021-11-01;4;2;15;637493;629504;35160;78.1;77.2;4.3
49;2021-11-02;153;295;1563;637646;629799;36723;78.2;77.2;4.5
49;2021-11-03;122;289;1582;637768;630088;38305;78.2;77.2;4.7
49;2021-11-04;79;167;1312;637847;630255;39617;78.2;77.2;4.9
49;2021-11-05;181;440;2143;638028;630695;41760;78.2;77.3;5.1
49;2021-11-06;84;188;545;638112;630883;42305;78.2;77.3;5.2
49;2021-11-07;3;20;17;638115;630903;42322;78.2;77.3;5.2
49;2021-11-08;84;272;1934;638199;631175;44256;78.2;77.4;5.4
49;2021-11-09;89;225;2828;638288;631400;47084;78.2;77.4;5.8
49;2021-11-10;160;303;3034;638448;631703;50118;78.3;77.4;6.1
49;2021-11-11;5;4;56;638453;631707;50174;78.3;77.4;6.1
49;2021-11-12;165;285;2910;638618;631992;53084;78.3;77.5;6.5
49;2021-11-13;99;134;817;638717;632126;53901;78.3;77.5;6.6
49;2021-11-14;0;1;19;638717;632127;53920;78.3;77.5;6.6
49;2021-11-15;80;154;2364;638797;632281;56284;78.3;77.5;6.9
49;2021-11-16;82;163;3329;638879;632444;59613;78.3;77.5;7.3
49;2021-11-17;142;207;2929;639021;632651;62542;78.3;77.5;7.7
49;2021-11-18;75;123;2897;639096;632774;65439;78.3;77.6;8.0
49;2021-11-19;178;221;3936;639274;632995;69375;78.4;77.6;8.5
49;2021-11-20;104;83;1109;639378;633078;70484;78.4;77.6;8.6
49;2021-11-21;2;5;12;639380;633083;70496;78.4;77.6;8.6
49;2021-11-22;62;108;2398;639442;633191;72894;78.4;77.6;8.9
49;2021-11-23;138;119;3958;639580;633310;76852;78.4;77.6;9.4
49;2021-11-24;173;189;3491;639753;633499;80343;78.4;77.6;9.8
49;2021-11-25;104;101;3624;639857;633600;83967;78.4;77.7;10.3
49;2021-11-26;209;243;5700;640066;633843;89667;78.5;77.7;11.0
49;2021-11-27;137;148;2477;640203;633991;92144;78.5;77.7;11.3
49;2021-11-28;8;13;791;640211;634004;92935;78.5;77.7;11.4
49;2021-11-29;98;112;4787;640309;634116;97722;78.5;77.7;12.0
49;2021-11-30;137;121;6149;640446;634237;103871;78.5;77.7;12.7
49;2021-12-01;122;137;5952;640568;634374;109823;78.5;77.8;13.5
49;2021-12-02;82;75;5906;640650;634449;115729;78.5;77.8;14.2
49;2021-12-03;150;174;7866;640800;634623;123595;78.5;77.8;15.1
49;2021-12-04;65;111;2924;640865;634734;126519;78.5;77.8;15.5
49;2021-12-05;6;13;790;640871;634747;127309;78.5;77.8;15.6
49;2021-12-06;61;103;7386;640932;634850;134695;78.6;77.8;16.5
49;2021-12-07;112;120;9234;641044;634970;143929;78.6;77.8;17.6
49;2021-12-08;121;183;8007;641165;635153;151936;78.6;77.8;18.6
49;2021-12-09;111;125;9345;641276;635278;161281;78.6;77.9;19.8
49;2021-12-10;112;185;10172;641388;635463;171453;78.6;77.9;21.0
49;2021-12-11;70;146;4529;641458;635609;175982;78.6;77.9;21.6
49;2021-12-12;15;14;1486;641473;635623;177468;78.6;77.9;21.8
49;2021-12-13;70;113;8439;641543;635736;185907;78.6;77.9;22.8
49;2021-12-14;125;173;10530;641668;635909;196437;78.6;77.9;24.1
49;2021-12-15;110;174;9465;641778;636083;205902;78.7;78.0;25.2
49;2021-12-16;94;128;10509;641872;636211;216411;78.7;78.0;26.5
49;2021-12-17;137;267;11401;642009;636478;227812;78.7;78.0;27.9
49;2021-12-18;78;127;5341;642087;636605;233153;78.7;78.0;28.6
49;2021-12-19;14;11;1700;642101;636616;234853;78.7;78.0;28.8
49;2021-12-20;128;162;8766;642229;636778;243619;78.7;78.0;29.9
49;2021-12-21;174;197;10180;642403;636975;253799;78.7;78.1;31.1
49;2021-12-22;162;183;8182;642565;637158;261981;78.8;78.1;32.1
49;2021-12-23;149;108;6512;642714;637266;268493;78.8;78.1;32.9
49;2021-12-24;44;40;1710;642758;637306;270203;78.8;78.1;33.1
49;2021-12-25;1;1;52;642759;637307;270255;78.8;78.1;33.1
49;2021-12-26;0;4;132;642759;637311;270387;78.8;78.1;33.1
50;2020-12-27;0;0;0;0;0;0;0.0;0.0;0.0
50;2020-12-28;1;0;0;1;0;0;0.0;0.0;0.0
50;2020-12-29;1;0;0;2;0;0;0.0;0.0;0.0
50;2020-12-30;0;0;0;2;0;0;0.0;0.0;0.0
50;2020-12-31;0;0;0;2;0;0;0.0;0.0;0.0
50;2021-01-01;1;0;0;3;0;0;0.0;0.0;0.0
50;2021-01-02;0;0;0;3;0;0;0.0;0.0;0.0
50;2021-01-03;0;0;0;3;0;0;0.0;0.0;0.0
50;2021-01-04;1;0;0;4;0;0;0.0;0.0;0.0
50;2021-01-05;0;0;0;4;0;0;0.0;0.0;0.0
50;2021-01-06;122;0;0;126;0;0;0.0;0.0;0.0
50;2021-01-07;311;0;0;437;0;0;0.1;0.0;0.0
50;2021-01-08;428;2;0;865;2;0;0.2;0.0;0.0
50;2021-01-09;227;0;0;1092;2;0;0.2;0.0;0.0
50;2021-01-10;22;0;0;1114;2;0;0.2;0.0;0.0
50;2021-01-11;368;0;0;1482;2;0;0.3;0.0;0.0
50;2021-01-12;597;0;0;2079;2;0;0.4;0.0;0.0
50;2021-01-13;682;5;0;2761;7;0;0.6;0.0;0.0
50;2021-01-14;979;8;0;3740;15;0;0.8;0.0;0.0
50;2021-01-15;693;5;0;4433;20;0;0.9;0.0;0.0
50;2021-01-16;219;3;0;4652;23;0;0.9;0.0;0.0
50;2021-01-17;9;0;0;4661;23;0;0.9;0.0;0.0
50;2021-01-18;646;1;0;5307;24;0;1.1;0.0;0.0
50;2021-01-19;911;8;0;6218;32;0;1.3;0.0;0.0
50;2021-01-20;968;2;0;7186;34;0;1.5;0.0;0.0
50;2021-01-21;912;3;0;8098;37;0;1.7;0.0;0.0
50;2021-01-22;769;2;0;8867;39;0;1.8;0.0;0.0
50;2021-01-23;658;4;0;9525;43;0;1.9;0.0;0.0
50;2021-01-24;846;3;0;10371;46;0;2.1;0.0;0.0
50;2021-01-25;2577;18;0;12948;64;0;2.6;0.0;0.0
50;2021-01-26;1289;15;0;14237;79;0;2.9;0.0;0.0
50;2021-01-27;750;52;0;14987;131;0;3.1;0.0;0.0
50;2021-01-28;753;166;0;15740;297;0;3.2;0.1;0.0
50;2021-01-29;602;303;0;16342;600;0;3.3;0.1;0.0
50;2021-01-30;375;161;0;16717;761;0;3.4;0.2;0.0
50;2021-01-31;5;0;0;16722;761;0;3.4;0.2;0.0
50;2021-02-01;459;215;0;17181;976;0;3.5;0.2;0.0
50;2021-02-02;463;253;0;17644;1229;0;3.6;0.3;0.0
50;2021-02-03;427;369;0;18071;1598;0;3.7;0.3;0.0
50;2021-02-04;510;456;0;18581;2054;0;3.8;0.4;0.0
50;2021-02-05;448;463;0;19029;2517;0;3.9;0.5;0.0
50;2021-02-06;194;112;0;19223;2629;0;3.9;0.5;0.0
50;2021-02-07;1;5;0;19224;2634;0;3.9;0.5;0.0
50;2021-02-08;284;491;0;19508;3125;0;4.0;0.6;0.0
50;2021-02-09;283;648;0;19791;3773;0;4.0;0.8;0.0
50;2021-02-10;576;564;0;20367;4337;0;4.2;0.9;0.0
50;2021-02-11;485;865;0;20852;5202;0;4.2;1.1;0.0
50;2021-02-12;400;673;0;21252;5875;0;4.3;1.2;0.0
50;2021-02-13;300;445;0;21552;6320;0;4.4;1.3;0.0
50;2021-02-14;180;798;0;21732;7118;0;4.4;1.5;0.0
50;2021-02-15;637;1959;0;22369;9077;0;4.6;1.8;0.0
50;2021-02-16;707;1540;0;23076;10617;0;4.7;2.2;0.0
50;2021-02-17;616;837;0;23692;11454;0;4.8;2.3;0.0
50;2021-02-18;529;841;0;24221;12295;0;4.9;2.5;0.0
50;2021-02-19;639;538;0;24860;12833;0;5.1;2.6;0.0
50;2021-02-20;409;205;0;25269;13038;0;5.1;2.7;0.0
50;2021-02-21;79;30;0;25348;13068;0;5.2;2.7;0.0
50;2021-02-22;305;741;0;25653;13809;0;5.2;2.8;0.0
50;2021-02-23;495;573;0;26148;14382;0;5.3;2.9;0.0
50;2021-02-24;632;562;0;26780;14944;0;5.5;3.0;0.0
50;2021-02-25;797;620;0;27577;15564;0;5.6;3.2;0.0
50;2021-02-26;994;405;0;28571;15969;0;5.8;3.3;0.0
50;2021-02-27;841;120;0;29412;16089;0;6.0;3.3;0.0
50;2021-02-28;102;5;0;29514;16094;0;6.0;3.3;0.0
50;2021-03-01;496;595;0;30010;16689;0;6.1;3.4;0.0
50;2021-03-02;635;549;0;30645;17238;0;6.2;3.5;0.0
50;2021-03-03;795;523;0;31440;17761;0;6.4;3.6;0.0
50;2021-03-04;1257;366;0;32697;18127;0;6.7;3.7;0.0
50;2021-03-05;1560;389;0;34257;18516;0;7.0;3.8;0.0
50;2021-03-06;1323;177;0;35580;18693;0;7.3;3.8;0.0
50;2021-03-07;542;40;0;36122;18733;0;7.4;3.8;0.0
50;2021-03-08;1025;618;0;37147;19351;0;7.6;3.9;0.0
50;2021-03-09;1533;583;0;38680;19934;0;7.9;4.1;0.0
50;2021-03-10;1586;337;0;40266;20271;0;8.2;4.1;0.0
50;2021-03-11;2337;377;0;42603;20648;0;8.7;4.2;0.0
50;2021-03-12;2924;281;0;45527;20929;0;9.3;4.3;0.0
50;2021-03-13;1931;143;0;47458;21072;0;9.7;4.3;0.0
50;2021-03-14;265;39;0;47723;21111;0;9.7;4.3;0.0
50;2021-03-15;1411;310;0;49134;21421;0;10.0;4.4;0.0
50;2021-03-16;1309;283;0;50443;21704;0;10.3;4.4;0.0
50;2021-03-17;1303;408;0;51746;22112;0;10.5;4.5;0.0
50;2021-03-18;1185;422;0;52931;22534;0;10.8;4.6;0.0
50;2021-03-19;1795;589;0;54726;23123;0;11.2;4.7;0.0
50;2021-03-20;1697;224;0;56423;23347;0;11.5;4.8;0.0
50;2021-03-21;776;13;0;57199;23360;0;11.7;4.8;0.0
50;2021-03-22;1514;345;0;58713;23705;0;12.0;4.8;0.0
50;2021-03-23;2065;400;0;60778;24105;0;12.4;4.9;0.0
50;2021-03-24;2283;563;0;63061;24668;0;12.9;5.0;0.0
50;2021-03-25;2844;483;0;65905;25151;0;13.4;5.1;0.0
50;2021-03-26;3248;473;0;69153;25624;0;14.1;5.2;0.0
50;2021-03-27;1724;355;0;70877;25979;0;14.4;5.3;0.0
50;2021-03-28;392;19;0;71269;25998;0;14.5;5.3;0.0
50;2021-03-29;2126;700;0;73395;26698;0;15.0;5.4;0.0
50;2021-03-30;2287;632;0;75682;27330;0;15.4;5.6;0.0
50;2021-03-31;2481;564;0;78163;27894;0;15.9;5.7;0.0
50;2021-04-01;3090;880;0;81253;28774;0;16.6;5.9;0.0
50;2021-04-02;2892;904;0;84145;29678;0;17.1;6.0;0.0
50;2021-04-03;1206;662;0;85351;30340;0;17.4;6.2;0.0
50;2021-04-04;304;132;0;85655;30472;0;17.5;6.2;0.0
50;2021-04-05;385;32;0;86040;30504;0;17.5;6.2;0.0
50;2021-04-06;2068;1195;0;88108;31699;0;18.0;6.5;0.0
50;2021-04-07;2571;1186;0;90679;32885;0;18.5;6.7;0.0
50;2021-04-08;3609;1226;0;94288;34111;0;19.2;7.0;0.0
50;2021-04-09;3854;1291;0;98142;35402;0;20.0;7.2;0.0
50;2021-04-10;2416;850;0;100558;36252;0;20.5;7.4;0.0
50;2021-04-11;383;144;0;100941;36396;0;20.6;7.4;0.0
50;2021-04-12;2405;1393;0;103346;37789;0;21.1;7.7;0.0
50;2021-04-13;2644;1524;0;105990;39313;0;21.6;8.0;0.0
50;2021-04-14;2552;1356;0;108542;40669;0;22.1;8.3;0.0
50;2021-04-15;3084;1152;0;111626;41821;0;22.7;8.5;0.0
50;2021-04-16;3220;1131;0;114846;42952;0;23.4;8.8;0.0
50;2021-04-17;2319;1184;0;117165;44136;0;23.9;9.0;0.0
50;2021-04-18;456;650;0;117621;44786;0;24.0;9.1;0.0
50;2021-04-19;1924;1467;0;119545;46253;0;24.4;9.4;0.0
50;2021-04-20;2180;1557;0;121725;47810;0;24.8;9.7;0.0
50;2021-04-21;2420;1755;0;124145;49565;0;25.3;10.1;0.0
50;2021-04-22;2989;1795;0;127134;51360;0;25.9;10.5;0.0
50;2021-04-23;2654;1931;0;129788;53291;0;26.5;10.9;0.0
50;2021-04-24;1821;1378;0;131609;54669;0;26.8;11.1;0.0
50;2021-04-25;491;269;0;132100;54938;0;26.9;11.2;0.0
50;2021-04-26;2078;1875;0;134178;56813;0;27.3;11.6;0.0
50;2021-04-27;2343;1980;0;136521;58793;0;27.8;12.0;0.0
50;2021-04-28;2570;1970;0;139091;60763;0;28.3;12.4;0.0
50;2021-04-29;3208;2086;0;142299;62849;0;29.0;12.8;0.0
50;2021-04-30;2945;1852;0;145244;64701;0;29.6;13.2;0.0
50;2021-05-01;1001;572;0;146245;65273;0;29.8;13.3;0.0
50;2021-05-02;522;415;0;146767;65688;0;29.9;13.4;0.0
50;2021-05-03;1858;1765;0;148625;67453;0;30.3;13.7;0.0
50;2021-05-04;1828;2266;0;150453;69719;0;30.7;14.2;0.0
50;2021-05-05;1724;2911;0;152177;72630;0;31.0;14.8;0.0
50;2021-05-06;2541;2613;0;154718;75243;0;31.5;15.3;0.0
50;2021-05-07;2244;2850;0;156962;78093;0;32.0;15.9;0.0
50;2021-05-08;1014;780;0;157976;78873;0;32.2;16.1;0.0
50;2021-05-09;625;355;0;158601;79228;0;32.3;16.1;0.0
50;2021-05-10;1790;2552;0;160391;81780;0;32.7;16.7;0.0
50;2021-05-11;2633;2750;0;163024;84530;0;33.2;17.2;0.0
50;2021-05-12;3118;2386;0;166142;86916;0;33.9;17.7;0.0
50;2021-05-13;3265;591;0;169407;87507;0;34.5;17.8;0.0
50;2021-05-14;3512;2208;0;172919;89715;0;35.2;18.3;0.0
50;2021-05-15;3496;1752;0;176415;91467;0;36.0;18.6;0.0
50;2021-05-16;968;262;0;177383;91729;0;36.2;18.7;0.0
50;2021-05-17;2219;1822;0;179602;93551;0;36.6;19.1;0.0
50;2021-05-18;2665;1573;0;182267;95124;0;37.1;19.4;0.0
50;2021-05-19;2628;1402;0;184895;96526;0;37.7;19.7;0.0
50;2021-05-20;3351;1586;0;188246;98112;0;38.4;20.0;0.0
50;2021-05-21;3265;1884;0;191511;99996;0;39.0;20.4;0.0
50;2021-05-22;2598;1261;0;194109;101257;0;39.6;20.6;0.0
50;2021-05-23;584;257;0;194693;101514;0;39.7;20.7;0.0
50;2021-05-24;1527;480;0;196220;101994;0;40.0;20.8;0.0
50;2021-05-25;2598;1634;0;198818;103628;0;40.5;21.1;0.0
50;2021-05-26;3110;1427;0;201928;105055;0;41.2;21.4;0.0
50;2021-05-27;3132;1900;0;205060;106955;0;41.8;21.8;0.0
50;2021-05-28;3031;2132;0;208091;109087;0;42.4;22.2;0.0
50;2021-05-29;2564;1326;0;210655;110413;0;42.9;22.5;0.0
50;2021-05-30;822;300;0;211477;110713;0;43.1;22.6;0.0
50;2021-05-31;2769;1787;0;214246;112500;0;43.7;22.9;0.0
50;2021-06-01;3403;2045;0;217649;114545;0;44.4;23.3;0.0
50;2021-06-02;3290;1824;0;220939;116369;0;45.0;23.7;0.0
50;2021-06-03;4014;2072;0;224953;118441;0;45.8;24.1;0.0
50;2021-06-04;3840;2929;0;228793;121370;0;46.6;24.7;0.0
50;2021-06-05;2827;1834;0;231620;123204;0;47.2;25.1;0.0
50;2021-06-06;833;428;0;232453;123632;0;47.4;25.2;0.0
50;2021-06-07;3449;2077;0;235902;125709;0;48.1;25.6;0.0
50;2021-06-08;4020;2214;0;239922;127923;0;48.9;26.1;0.0
50;2021-06-09;4226;1951;0;244148;129874;0;49.8;26.5;0.0
50;2021-06-10;4134;2146;0;248282;132020;0;50.6;26.9;0.0
50;2021-06-11;4062;2786;0;252344;134806;0;51.4;27.5;0.0
50;2021-06-12;3419;1567;0;255763;136373;0;52.1;27.8;0.0
50;2021-06-13;1009;454;0;256772;136827;0;52.3;27.9;0.0
50;2021-06-14;2555;2997;0;259327;139824;0;52.9;28.5;0.0
50;2021-06-15;2895;2635;0;262222;142459;0;53.4;29.0;0.0
50;2021-06-16;3002;1980;0;265224;144439;0;54.1;29.4;0.0
50;2021-06-17;2709;2521;0;267933;146960;0;54.6;30.0;0.0
50;2021-06-18;3108;3127;0;271041;150087;0;55.2;30.6;0.0
50;2021-06-19;2900;1766;0;273941;151853;0;55.8;30.9;0.0
50;2021-06-20;658;666;0;274599;152519;0;56.0;31.1;0.0
50;2021-06-21;1767;3124;0;276366;155643;0;56.3;31.7;0.0
50;2021-06-22;2017;3388;0;278383;159031;0;56.7;32.4;0.0
50;2021-06-23;1866;3835;0;280249;162866;0;57.1;33.2;0.0
50;2021-06-24;1690;3966;0;281939;166832;0;57.5;34.0;0.0
50;2021-06-25;2045;4074;0;283984;170906;0;57.9;34.8;0.0
50;2021-06-26;1824;3380;0;285808;174286;0;58.2;35.5;0.0
50;2021-06-27;553;865;0;286361;175151;0;58.4;35.7;0.0
50;2021-06-28;1794;3427;0;288155;178578;0;58.7;36.4;0.0
50;2021-06-29;1792;3512;0;289947;182090;0;59.1;37.1;0.0
50;2021-06-30;2068;3446;0;292015;185536;0;59.5;37.8;0.0
50;2021-07-01;1841;3256;0;293856;188792;0;59.9;38.5;0.0
50;2021-07-02;1783;3912;0;295639;192704;0;60.3;39.3;0.0
50;2021-07-03;1275;3250;0;296914;195954;0;60.5;39.9;0.0
50;2021-07-04;381;1004;0;297295;196958;0;60.6;40.1;0.0
50;2021-07-05;1189;3452;0;298484;200410;0;60.8;40.8;0.0
50;2021-07-06;1472;3890;0;299956;204300;0;61.1;41.6;0.0
50;2021-07-07;1700;3611;0;301656;207911;0;61.5;42.4;0.0
50;2021-07-08;1283;4008;0;302939;211919;0;61.7;43.2;0.0
50;2021-07-09;1333;4534;0;304272;216453;0;62.0;44.1;0.0
50;2021-07-10;967;3370;0;305239;219823;0;62.2;44.8;0.0
50;2021-07-11;289;946;0;305528;220769;0;62.3;45.0;0.0
50;2021-07-12;1215;4564;0;306743;225333;0;62.5;45.9;0.0
50;2021-07-13;1543;4789;0;308286;230122;0;62.8;46.9;0.0
50;2021-07-14;1224;2215;0;309510;232337;0;63.1;47.4;0.0
50;2021-07-15;1673;5007;0;311183;237344;0;63.4;48.4;0.0
50;2021-07-16;2726;5089;0;313909;242433;0;64.0;49.4;0.0
50;2021-07-17;1875;3565;0;315784;245998;0;64.4;50.1;0.0
50;2021-07-18;393;1001;0;316177;246999;0;64.4;50.3;0.0
50;2021-07-19;1474;5040;0;317651;252039;0;64.7;51.4;0.0
50;2021-07-20;1448;5250;0;319099;257289;0;65.0;52.4;0.0
50;2021-07-21;1787;5138;0;320886;262427;0;65.4;53.5;0.0
50;2021-07-22;1991;4858;0;322877;267285;0;65.8;54.5;0.0
50;2021-07-23;2156;5169;0;325033;272454;0;66.2;55.5;0.0
50;2021-07-24;1259;3555;0;326292;276009;0;66.5;56.3;0.0
50;2021-07-25;295;947;0;326587;276956;0;66.6;56.4;0.0
50;2021-07-26;2250;3329;0;328837;280285;0;67.0;57.1;0.0
50;2021-07-27;2834;3135;0;331671;283420;0;67.6;57.8;0.0
50;2021-07-28;2943;3296;0;334614;286716;0;68.2;58.4;0.0
50;2021-07-29;3544;3053;0;338158;289769;0;68.9;59.1;0.0
50;2021-07-30;2987;2857;0;341145;292626;0;69.5;59.6;0.0
50;2021-07-31;2230;2404;0;343375;295030;0;70.0;60.1;0.0
50;2021-08-01;513;589;0;343888;295619;0;70.1;60.2;0.0
50;2021-08-02;2354;2578;0;346242;298197;0;70.6;60.8;0.0
50;2021-08-03;3245;2326;0;349487;300523;0;71.2;61.2;0.0
50;2021-08-04;3428;2262;0;352915;302785;0;71.9;61.7;0.0
50;2021-08-05;2996;1989;0;355911;304774;0;72.5;62.1;0.0
50;2021-08-06;3345;2550;0;359256;307324;0;73.2;62.6;0.0
50;2021-08-07;2179;1898;0;361435;309222;0;73.7;63.0;0.0
50;2021-08-08;443;628;0;361878;309850;0;73.8;63.1;0.0
50;2021-08-09;2289;2019;0;364167;311869;0;74.2;63.6;0.0
50;2021-08-10;2706;2011;0;366873;313880;0;74.8;64.0;0.0
50;2021-08-11;2590;1890;1;369463;315770;1;75.3;64.4;0.0
50;2021-08-12;2322;2255;0;371785;318025;1;75.8;64.8;0.0
50;2021-08-13;2279;1858;0;374064;319883;1;76.2;65.2;0.0
50;2021-08-14;1639;1595;0;375703;321478;1;76.6;65.5;0.0
50;2021-08-15;354;316;0;376057;321794;1;76.6;65.6;0.0
50;2021-08-16;1599;2078;0;377656;323872;1;77.0;66.0;0.0
50;2021-08-17;1756;2437;0;379412;326309;1;77.3;66.5;0.0
50;2021-08-18;1618;2391;0;381030;328700;1;77.7;67.0;0.0
50;2021-08-19;1524;2446;0;382554;331146;1;78.0;67.5;0.0
50;2021-08-20;1440;2596;0;383994;333742;1;78.3;68.0;0.0
50;2021-08-21;905;2479;0;384899;336221;1;78.4;68.5;0.0
50;2021-08-22;315;464;0;385214;336685;1;78.5;68.6;0.0
50;2021-08-23;1028;2801;0;386242;339486;1;78.7;69.2;0.0
50;2021-08-24;1133;3042;0;387375;342528;1;78.9;69.8;0.0
50;2021-08-25;982;2649;0;388357;345177;1;79.1;70.3;0.0
50;2021-08-26;823;3147;0;389180;348324;1;79.3;71.0;0.0
50;2021-08-27;885;3114;0;390065;351438;1;79.5;71.6;0.0
50;2021-08-28;711;2708;0;390776;354146;1;79.6;72.2;0.0
50;2021-08-29;237;514;0;391013;354660;1;79.7;72.3;0.0
50;2021-08-30;738;2761;62;391751;357421;63;79.8;72.8;0.0
50;2021-08-31;779;2809;99;392530;360230;162;80.0;73.4;0.0
50;2021-09-01;646;2545;223;393176;362775;385;80.1;73.9;0.1
50;2021-09-02;490;2108;301;393666;364883;686;80.2;74.4;0.1
50;2021-09-03;671;2467;324;394337;367350;1010;80.4;74.9;0.2
50;2021-09-04;577;2680;132;394914;370030;1142;80.5;75.4;0.2
50;2021-09-05;158;586;58;395072;370616;1200;80.5;75.5;0.2
50;2021-09-06;366;1792;285;395438;372408;1485;80.6;75.9;0.3
50;2021-09-07;278;1385;275;395716;373793;1760;80.6;76.2;0.4
50;2021-09-08;432;1793;200;396148;375586;1960;80.7;76.5;0.4
50;2021-09-09;380;1209;231;396528;376795;2191;80.8;76.8;0.4
50;2021-09-10;480;1647;368;397008;378442;2559;80.9;77.1;0.5
50;2021-09-11;340;2013;270;397348;380455;2829;81.0;77.5;0.6
50;2021-09-12;63;321;16;397411;380776;2845;81.0;77.6;0.6
50;2021-09-13;370;941;358;397781;381717;3203;81.1;77.8;0.7
50;2021-09-14;397;854;465;398178;382571;3668;81.2;78.0;0.7
50;2021-09-15;410;982;384;398588;383553;4052;81.2;78.2;0.8
50;2021-09-16;440;696;410;399028;384249;4462;81.3;78.3;0.9
50;2021-09-17;439;994;443;399467;385243;4905;81.4;78.5;1.0
50;2021-09-18;286;1323;180;399753;386566;5085;81.5;78.8;1.0
50;2021-09-19;39;246;20;399792;386812;5105;81.5;78.8;1.0
50;2021-09-20;361;561;423;400153;387373;5528;81.6;78.9;1.1
50;2021-09-21;425;575;555;400578;387948;6083;81.6;79.1;1.2
50;2021-09-22;190;822;416;400768;388770;6499;81.7;79.2;1.3
50;2021-09-23;265;382;641;401033;389152;7140;81.7;79.3;1.5
50;2021-09-24;216;769;543;401249;389921;7683;81.8;79.5;1.6
50;2021-09-25;193;872;154;401442;390793;7837;81.8;79.6;1.6
50;2021-09-26;18;150;34;401460;390943;7871;81.8;79.7;1.6
50;2021-09-27;108;383;548;401568;391326;8419;81.8;79.8;1.7
50;2021-09-28;170;381;579;401738;391707;8998;81.9;79.8;1.8
50;2021-09-29;149;454;511;401887;392161;9509;81.9;79.9;1.9
50;2021-09-30;161;398;610;402048;392559;10119;81.9;80.0;2.1
50;2021-10-01;234;534;614;402282;393093;10733;82.0;80.1;2.2
50;2021-10-02;220;487;239;402502;393580;10972;82.0;80.2;2.2
50;2021-10-03;6;8;22;402508;393588;10994;82.0;80.2;2.2
50;2021-10-04;189;388;673;402697;393976;11667;82.1;80.3;2.4
50;2021-10-05;131;326;690;402828;394302;12357;82.1;80.4;2.5
50;2021-10-06;182;426;449;403010;394728;12806;82.1;80.4;2.6
50;2021-10-07;116;314;605;403126;395042;13411;82.2;80.5;2.7
50;2021-10-08;205;426;553;403331;395468;13964;82.2;80.6;2.8
50;2021-10-09;218;466;372;403549;395934;14336;82.2;80.7;2.9
50;2021-10-10;0;2;1;403549;395936;14337;82.2;80.7;2.9
50;2021-10-11;107;207;622;403656;396143;14959;82.3;80.7;3.0
50;2021-10-12;133;334;806;403789;396477;15765;82.3;80.8;3.2
50;2021-10-13;150;281;622;403939;396758;16387;82.3;80.9;3.3
50;2021-10-14;102;284;764;404041;397042;17151;82.3;80.9;3.5
50;2021-10-15;227;346;922;404268;397388;18073;82.4;81.0;3.7
50;2021-10-16;205;306;663;404473;397694;18736;82.4;81.1;3.8
50;2021-10-17;10;14;91;404483;397708;18827;82.4;81.1;3.8
50;2021-10-18;100;293;423;404583;398001;19250;82.5;81.1;3.9
50;2021-10-19;101;233;555;404684;398234;19805;82.5;81.2;4.0
50;2021-10-20;175;267;886;404859;398501;20691;82.5;81.2;4.2
50;2021-10-21;99;229;699;404958;398730;21390;82.5;81.3;4.4
50;2021-10-22;206;328;895;405164;399058;22285;82.6;81.3;4.5
50;2021-10-23;146;224;546;405310;399282;22831;82.6;81.4;4.7
50;2021-10-24;10;10;31;405320;399292;22862;82.6;81.4;4.7
50;2021-10-25;103;137;567;405423;399429;23429;82.6;81.4;4.8
50;2021-10-26;82;115;765;405505;399544;24194;82.6;81.4;4.9
50;2021-10-27;150;217;1534;405655;399761;25728;82.7;81.5;5.2
50;2021-10-28;76;77;888;405731;399838;26616;82.7;81.5;5.4
50;2021-10-29;154;207;1013;405885;400045;27629;82.7;81.5;5.6
50;2021-10-30;137;220;688;406022;400265;28317;82.7;81.6;5.8
50;2021-10-31;6;5;46;406028;400270;28363;82.7;81.6;5.8
50;2021-11-01;2;1;3;406030;400271;28366;82.8;81.6;5.8
50;2021-11-02;96;120;950;406126;400391;29316;82.8;81.6;6.0
50;2021-11-03;167;253;1474;406293;400644;30790;82.8;81.7;6.3
50;2021-11-04;67;77;744;406360;400721;31534;82.8;81.7;6.4
50;2021-11-05;166;258;1553;406526;400979;33087;82.9;81.7;6.7
50;2021-11-06;151;293;1090;406677;401272;34177;82.9;81.8;7.0
50;2021-11-07;5;6;29;406682;401278;34206;82.9;81.8;7.0
50;2021-11-08;78;141;1141;406760;401419;35347;82.9;81.8;7.2
50;2021-11-09;84;161;1443;406844;401580;36790;82.9;81.8;7.5
50;2021-11-10;135;169;1782;406979;401749;38572;82.9;81.9;7.9
50;2021-11-11;6;4;281;406985;401753;38853;82.9;81.9;7.9
50;2021-11-12;129;185;1734;407114;401938;40587;83.0;81.9;8.3
50;2021-11-13;133;176;1253;407247;402114;41840;83.0;82.0;8.5
50;2021-11-14;4;6;452;407251;402120;42292;83.0;82.0;8.6
50;2021-11-15;112;125;1868;407363;402245;44160;83.0;82.0;9.0
50;2021-11-16;87;75;1932;407450;402320;46092;83.0;82.0;9.4
50;2021-11-17;109;160;2109;407559;402480;48201;83.1;82.0;9.8
50;2021-11-18;87;113;2083;407646;402593;50284;83.1;82.0;10.2
50;2021-11-19;134;172;2368;407780;402765;52652;83.1;82.1;10.7
50;2021-11-20;195;191;1504;407975;402956;54156;83.1;82.1;11.0
50;2021-11-21;1;4;10;407976;402960;54166;83.1;82.1;11.0
50;2021-11-22;118;66;2306;408094;403026;56472;83.2;82.1;11.5
50;2021-11-23;133;96;2624;408227;403122;59096;83.2;82.2;12.0
50;2021-11-24;190;204;2587;408417;403326;61683;83.2;82.2;12.6
50;2021-11-25;128;91;2354;408545;403417;64037;83.3;82.2;13.1
50;2021-11-26;143;145;2864;408688;403562;66901;83.3;82.2;13.6
50;2021-11-27;237;215;2376;408925;403777;69277;83.3;82.3;14.1
50;2021-11-28;53;31;1512;408978;403808;70789;83.4;82.3;14.4
50;2021-11-29;120;109;3337;409098;403917;74126;83.4;82.3;15.1
50;2021-11-30;115;112;4588;409213;404029;78714;83.4;82.3;16.0
50;2021-12-01;122;130;4362;409335;404159;83076;83.4;82.4;16.9
50;2021-12-02;126;82;5266;409461;404241;88342;83.4;82.4;18.0
50;2021-12-03;138;162;5180;409599;404403;93522;83.5;82.4;19.1
50;2021-12-04;99;162;3082;409698;404565;96604;83.5;82.5;19.7
50;2021-12-05;8;15;819;409706;404580;97423;83.5;82.5;19.9
50;2021-12-06;98;102;5317;409804;404682;102740;83.5;82.5;20.9
50;2021-12-07;138;119;6522;409942;404801;109262;83.5;82.5;22.3
50;2021-12-08;198;148;6488;410140;404949;115750;83.6;82.5;23.6
50;2021-12-09;170;94;6959;410310;405043;122709;83.6;82.5;25.0
50;2021-12-10;203;170;7573;410513;405213;130282;83.7;82.6;26.6
50;2021-12-11;104;189;4186;410617;405402;134468;83.7;82.6;27.4
50;2021-12-12;24;9;805;410641;405411;135273;83.7;82.6;27.6
50;2021-12-13;124;143;6117;410765;405554;141390;83.7;82.7;28.8
50;2021-12-14;181;131;7798;410946;405685;149188;83.8;82.7;30.4
50;2021-12-15;185;197;6330;411131;405882;155518;83.8;82.7;31.7
50;2021-12-16;167;144;7605;411298;406026;163123;83.8;82.7;33.2
50;2021-12-17;200;183;7957;411498;406209;171080;83.9;82.8;34.9
50;2021-12-18;156;247;5062;411654;406456;176142;83.9;82.8;35.9
50;2021-12-19;30;23;883;411684;406479;177025;83.9;82.8;36.1
50;2021-12-20;165;155;5479;411849;406634;182504;83.9;82.9;37.2
50;2021-12-21;223;158;6421;412072;406792;188925;84.0;82.9;38.5
50;2021-12-22;234;163;4920;412306;406955;193845;84.0;82.9;39.5
50;2021-12-23;181;116;2792;412487;407071;196637;84.1;83.0;40.1
50;2021-12-24;23;29;524;412510;407100;197161;84.1;83.0;40.2
50;2021-12-25;1;4;30;412511;407104;197191;84.1;83.0;40.2
50;2021-12-26;9;4;169;412520;407108;197360;84.1;83.0;40.2
51;2020-12-27;0;0;0;0;0;0;0.0;0.0;0.0
51;2020-12-28;0;0;0;0;0;0;0.0;0.0;0.0
51;2020-12-29;0;0;0;0;0;0;0.0;0.0;0.0
51;2020-12-30;1;0;0;1;0;0;0.0;0.0;0.0
51;2020-12-31;1;0;0;2;0;0;0.0;0.0;0.0
51;2021-01-01;0;0;0;2;0;0;0.0;0.0;0.0
51;2021-01-02;0;0;0;2;0;0;0.0;0.0;0.0
51;2021-01-03;0;0;0;2;0;0;0.0;0.0;0.0
51;2021-01-04;2;0;0;4;0;0;0.0;0.0;0.0
51;2021-01-05;3;0;0;7;0;0;0.0;0.0;0.0
51;2021-01-06;9;0;0;16;0;0;0.0;0.0;0.0
51;2021-01-07;261;1;0;277;1;0;0.0;0.0;0.0
51;2021-01-08;508;1;0;785;2;0;0.1;0.0;0.0
51;2021-01-09;95;1;0;880;3;0;0.2;0.0;0.0
51;2021-01-10;3;0;0;883;3;0;0.2;0.0;0.0
51;2021-01-11;550;1;0;1433;4;0;0.3;0.0;0.0
51;2021-01-12;1428;5;0;2861;9;0;0.5;0.0;0.0
51;2021-01-13;1245;8;0;4106;17;0;0.7;0.0;0.0
51;2021-01-14;1431;10;0;5537;27;0;1.0;0.0;0.0
51;2021-01-15;614;5;0;6151;32;0;1.1;0.0;0.0
51;2021-01-16;176;1;0;6327;33;0;1.1;0.0;0.0
51;2021-01-17;101;0;0;6428;33;0;1.1;0.0;0.0
51;2021-01-18;886;5;0;7314;38;0;1.3;0.0;0.0
51;2021-01-19;1015;6;0;8329;44;0;1.5;0.0;0.0
51;2021-01-20;1023;10;0;9352;54;0;1.7;0.0;0.0
51;2021-01-21;859;3;0;10211;57;0;1.8;0.0;0.0
51;2021-01-22;393;2;0;10604;59;0;1.9;0.0;0.0
51;2021-01-23;294;0;0;10898;59;0;1.9;0.0;0.0
51;2021-01-24;139;1;0;11037;60;0;2.0;0.0;0.0
51;2021-01-25;686;2;0;11723;62;0;2.1;0.0;0.0
51;2021-01-26;754;4;0;12477;66;0;2.2;0.0;0.0
51;2021-01-27;657;5;0;13134;71;0;2.3;0.0;0.0
51;2021-01-28;644;65;0;13778;136;0;2.4;0.0;0.0
51;2021-01-29;474;164;0;14252;300;0;2.5;0.1;0.0
51;2021-01-30;130;7;0;14382;307;0;2.6;0.1;0.0
51;2021-01-31;81;0;0;14463;307;0;2.6;0.1;0.0
51;2021-02-01;282;79;0;14745;386;0;2.6;0.1;0.0
51;2021-02-02;685;710;0;15430;1096;0;2.7;0.2;0.0
51;2021-02-03;597;434;0;16027;1530;0;2.8;0.3;0.0
51;2021-02-04;926;780;0;16953;2310;0;3.0;0.4;0.0
51;2021-02-05;906;524;0;17859;2834;0;3.2;0.5;0.0
51;2021-02-06;37;142;0;17896;2976;0;3.2;0.5;0.0
51;2021-02-07;1;18;0;17897;2994;0;3.2;0.5;0.0
51;2021-02-08;116;421;0;18013;3415;0;3.2;0.6;0.0
51;2021-02-09;243;508;0;18256;3923;0;3.2;0.7;0.0
51;2021-02-10;259;650;0;18515;4573;0;3.3;0.8;0.0
51;2021-02-11;327;575;0;18842;5148;0;3.3;0.9;0.0
51;2021-02-12;369;573;0;19211;5721;0;3.4;1.0;0.0
51;2021-02-13;15;110;0;19226;5831;0;3.4;1.0;0.0
51;2021-02-14;8;167;0;19234;5998;0;3.4;1.1;0.0
51;2021-02-15;254;837;0;19488;6835;0;3.5;1.2;0.0
51;2021-02-16;375;941;0;19863;7776;0;3.5;1.4;0.0
51;2021-02-17;347;903;0;20210;8679;0;3.6;1.5;0.0
51;2021-02-18;410;612;0;20620;9291;0;3.7;1.6;0.0
51;2021-02-19;499;397;0;21119;9688;0;3.7;1.7;0.0
51;2021-02-20;202;295;0;21321;9983;0;3.8;1.8;0.0
51;2021-02-21;10;106;0;21331;10089;0;3.8;1.8;0.0
51;2021-02-22;191;682;0;21522;10771;0;3.8;1.9;0.0
51;2021-02-23;239;1031;0;21761;11802;0;3.9;2.1;0.0
51;2021-02-24;404;689;0;22165;12491;0;3.9;2.2;0.0
51;2021-02-25;1008;850;0;23173;13341;0;4.1;2.4;0.0
51;2021-02-26;1191;639;0;24364;13980;0;4.3;2.5;0.0
51;2021-02-27;603;129;0;24967;14109;0;4.4;2.5;0.0
51;2021-02-28;13;69;0;24980;14178;0;4.4;2.5;0.0
51;2021-03-01;755;313;0;25735;14491;0;4.6;2.6;0.0
51;2021-03-02;1117;467;0;26852;14958;0;4.8;2.7;0.0
51;2021-03-03;1172;469;0;28024;15427;0;5.0;2.7;0.0
51;2021-03-04;1088;700;0;29112;16127;0;5.2;2.9;0.0
51;2021-03-05;1566;646;0;30678;16773;0;5.4;3.0;0.0
51;2021-03-06;1476;66;0;32154;16839;0;5.7;3.0;0.0
51;2021-03-07;292;8;0;32446;16847;0;5.8;3.0;0.0
51;2021-03-08;1017;119;0;33463;16966;0;5.9;3.0;0.0
51;2021-03-09;1671;206;0;35134;17172;0;6.2;3.0;0.0
51;2021-03-10;1965;138;0;37099;17310;0;6.6;3.1;0.0
51;2021-03-11;2407;180;0;39506;17490;0;7.0;3.1;0.0
51;2021-03-12;3242;186;0;42748;17676;0;7.6;3.1;0.0
51;2021-03-13;2504;58;0;45252;17734;0;8.0;3.1;0.0
51;2021-03-14;223;5;0;45475;17739;0;8.1;3.1;0.0
51;2021-03-15;1602;167;0;47077;17906;0;8.3;3.2;0.0
51;2021-03-16;1447;184;0;48524;18090;0;8.6;3.2;0.0
51;2021-03-17;1495;203;0;50019;18293;0;8.9;3.2;0.0
51;2021-03-18;1594;265;0;51613;18558;0;9.2;3.3;0.0
51;2021-03-19;2233;296;0;53846;18854;0;9.6;3.3;0.0
51;2021-03-20;1591;215;0;55437;19069;0;9.8;3.4;0.0
51;2021-03-21;147;7;0;55584;19076;0;9.9;3.4;0.0
51;2021-03-22;1387;132;0;56971;19208;0;10.1;3.4;0.0
51;2021-03-23;2411;180;0;59382;19388;0;10.5;3.4;0.0
51;2021-03-24;2773;123;0;62155;19511;0;11.0;3.5;0.0
51;2021-03-25;3183;343;0;65338;19854;0;11.6;3.5;0.0
51;2021-03-26;3350;501;0;68688;20355;0;12.2;3.6;0.0
51;2021-03-27;1765;253;0;70453;20608;0;12.5;3.7;0.0
51;2021-03-28;246;4;0;70699;20612;0;12.5;3.7;0.0
51;2021-03-29;971;632;0;71670;21244;0;12.7;3.8;0.0
51;2021-03-30;1755;853;0;73425;22097;0;13.0;3.9;0.0
51;2021-03-31;1774;764;0;75199;22861;0;13.3;4.1;0.0
51;2021-04-01;2195;482;0;77394;23343;0;13.7;4.1;0.0
51;2021-04-02;2382;655;0;79776;23998;0;14.1;4.3;0.0
51;2021-04-03;1169;440;0;80945;24438;0;14.4;4.3;0.0
51;2021-04-04;139;13;0;81084;24451;0;14.4;4.3;0.0
51;2021-04-05;126;140;0;81210;24591;0;14.4;4.4;0.0
51;2021-04-06;806;1235;0;82016;25826;0;14.5;4.6;0.0
51;2021-04-07;1342;1412;0;83358;27238;0;14.8;4.8;0.0
51;2021-04-08;2267;1758;0;85625;28996;0;15.2;5.1;0.0
51;2021-04-09;2900;1730;0;88525;30726;0;15.7;5.4;0.0
51;2021-04-10;2182;499;0;90707;31225;0;16.1;5.5;0.0
51;2021-04-11;144;106;0;90851;31331;0;16.1;5.6;0.0
51;2021-04-12;1520;1353;0;92371;32684;0;16.4;5.8;0.0
51;2021-04-13;1980;1682;0;94351;34366;0;16.7;6.1;0.0
51;2021-04-14;2385;1498;0;96736;35864;0;17.2;6.4;0.0
51;2021-04-15;2835;1668;0;99571;37532;0;17.7;6.7;0.0
51;2021-04-16;3178;1562;0;102749;39094;0;18.2;6.9;0.0
51;2021-04-17;1977;734;0;104726;39828;0;18.6;7.1;0.0
51;2021-04-18;350;129;0;105076;39957;0;18.6;7.1;0.0
51;2021-04-19;1633;1159;0;106709;41116;0;18.9;7.3;0.0
51;2021-04-20;1861;1626;0;108570;42742;0;19.3;7.6;0.0
51;2021-04-21;2027;1736;0;110597;44478;0;19.6;7.9;0.0
51;2021-04-22;2465;1602;0;113062;46080;0;20.1;8.2;0.0
51;2021-04-23;3024;1765;0;116086;47845;0;20.6;8.5;0.0
51;2021-04-24;1831;941;0;117917;48786;0;20.9;8.7;0.0
51;2021-04-25;193;179;0;118110;48965;0;20.9;8.7;0.0
51;2021-04-26;1973;728;0;120083;49693;0;21.3;8.8;0.0
51;2021-04-27;2479;1223;0;122562;50916;0;21.7;9.0;0.0
51;2021-04-28;2628;1284;0;125190;52200;0;22.2;9.3;0.0
51;2021-04-29;2822;1464;0;128012;53664;0;22.7;9.5;0.0
51;2021-04-30;3065;1677;0;131077;55341;0;23.2;9.8;0.0
51;2021-05-01;1475;417;0;132552;55758;0;23.5;9.9;0.0
51;2021-05-02;262;142;0;132814;55900;0;23.6;9.9;0.0
51;2021-05-03;2652;809;0;135466;56709;0;24.0;10.1;0.0
51;2021-05-04;2843;1400;0;138309;58109;0;24.5;10.3;0.0
51;2021-05-05;2917;1628;0;141226;59737;0;25.0;10.6;0.0
51;2021-05-06;5429;1951;0;146655;61688;0;26.0;10.9;0.0
51;2021-05-07;3807;1952;0;150462;63640;0;26.7;11.3;0.0
51;2021-05-08;2815;790;0;153277;64430;0;27.2;11.4;0.0
51;2021-05-09;311;140;0;153588;64570;0;27.2;11.5;0.0
51;2021-05-10;3296;1842;0;156884;66412;0;27.8;11.8;0.0
51;2021-05-11;3614;2050;0;160498;68462;0;28.5;12.1;0.0
51;2021-05-12;4251;2249;0;164749;70711;0;29.2;12.5;0.0
51;2021-05-13;1761;513;0;166510;71224;0;29.5;12.6;0.0
51;2021-05-14;5208;1718;0;171718;72942;0;30.5;12.9;0.0
51;2021-05-15;4009;1325;0;175727;74267;0;31.2;13.2;0.0
51;2021-05-16;437;97;0;176164;74364;0;31.2;13.2;0.0
51;2021-05-17;3188;1500;0;179352;75864;0;31.8;13.5;0.0
51;2021-05-18;3877;1703;0;183229;77567;0;32.5;13.8;0.0
51;2021-05-19;4112;1655;0;187341;79222;0;33.2;14.1;0.0
51;2021-05-20;4743;1959;0;192084;81181;0;34.1;14.4;0.0
51;2021-05-21;3790;2412;0;195874;83593;0;34.7;14.8;0.0
51;2021-05-22;2244;1464;0;198118;85057;0;35.1;15.1;0.0
51;2021-05-23;524;223;0;198642;85280;0;35.2;15.1;0.0
51;2021-05-24;2096;704;0;200738;85984;0;35.6;15.3;0.0
51;2021-05-25;3520;1794;0;204258;87778;0;36.2;15.6;0.0
51;2021-05-26;3520;1695;0;207778;89473;0;36.9;15.9;0.0
51;2021-05-27;3500;2094;0;211278;91567;0;37.5;16.2;0.0
51;2021-05-28;3730;2848;0;215008;94415;0;38.1;16.7;0.0
51;2021-05-29;2554;1967;0;217562;96382;0;38.6;17.1;0.0
51;2021-05-30;534;157;0;218096;96539;0;38.7;17.1;0.0
51;2021-05-31;3452;1833;0;221548;98372;0;39.3;17.4;0.0
51;2021-06-01;3882;2406;0;225430;100778;0;40.0;17.9;0.0
51;2021-06-02;5786;2377;0;231216;103155;0;41.0;18.3;0.0
51;2021-06-03;3545;2483;0;234761;105638;0;41.6;18.7;0.0
51;2021-06-04;6143;3012;0;240904;108650;0;42.7;19.3;0.0
51;2021-06-05;2540;1863;0;243444;110513;0;43.2;19.6;0.0
51;2021-06-06;305;225;0;243749;110738;0;43.2;19.6;0.0
51;2021-06-07;3967;2210;0;247716;112948;0;43.9;20.0;0.0
51;2021-06-08;3841;2662;0;251557;115610;0;44.6;20.5;0.0
51;2021-06-09;3839;2729;0;255396;118339;0;45.3;21.0;0.0
51;2021-06-10;3177;2569;0;258573;120908;0;45.9;21.4;0.0
51;2021-06-11;3279;3481;0;261852;124389;0;46.4;22.1;0.0
51;2021-06-12;2204;2161;0;264056;126550;0;46.8;22.4;0.0
51;2021-06-13;248;228;0;264304;126778;0;46.9;22.5;0.0
51;2021-06-14;1563;3450;0;265867;130228;0;47.2;23.1;0.0
51;2021-06-15;2940;3682;0;268807;133910;0;47.7;23.8;0.0
51;2021-06-16;2146;3778;0;270953;137688;0;48.1;24.4;0.0
51;2021-06-17;2547;5437;0;273500;143125;0;48.5;25.4;0.0
51;2021-06-18;2339;5298;0;275839;148423;0;48.9;26.3;0.0
51;2021-06-19;1657;4344;0;277496;152767;0;49.2;27.1;0.0
51;2021-06-20;221;318;0;277717;153085;0;49.3;27.2;0.0
51;2021-06-21;1268;4416;0;278985;157501;0;49.5;27.9;0.0
51;2021-06-22;1530;4036;3;280515;161537;3;49.8;28.7;0.0
51;2021-06-23;3307;4283;0;283822;165820;3;50.3;29.4;0.0
51;2021-06-24;2136;3177;0;285958;168997;3;50.7;30.0;0.0
51;2021-06-25;1812;6324;0;287770;175321;3;51.0;31.1;0.0
51;2021-06-26;1124;4790;0;288894;180111;3;51.2;31.9;0.0
51;2021-06-27;137;435;0;289031;180546;3;51.3;32.0;0.0
51;2021-06-28;1325;4397;0;290356;184943;3;51.5;32.8;0.0
51;2021-06-29;1122;4551;0;291478;189494;3;51.7;33.6;0.0
51;2021-06-30;1613;5876;0;293091;195370;3;52.0;34.7;0.0
51;2021-07-01;1897;3919;0;294988;199289;3;52.3;35.3;0.0
51;2021-07-02;1791;6894;0;296779;206183;3;52.6;36.6;0.0
51;2021-07-03;1002;3300;0;297781;209483;3;52.8;37.2;0.0
51;2021-07-04;191;424;0;297972;209907;3;52.8;37.2;0.0
51;2021-07-05;800;5415;0;298772;215322;3;53.0;38.2;0.0
51;2021-07-06;1211;4911;10;299983;220233;13;53.2;39.1;0.0
51;2021-07-07;1545;4924;6;301528;225157;19;53.5;39.9;0.0
51;2021-07-08;2007;3504;3;303535;228661;22;53.8;40.6;0.0
51;2021-07-09;1801;5119;1;305336;233780;23;54.2;41.5;0.0
51;2021-07-10;1221;3272;0;306557;237052;23;54.4;42.0;0.0
51;2021-07-11;229;387;0;306786;237439;23;54.4;42.1;0.0
51;2021-07-12;1012;4447;0;307798;241886;23;54.6;42.9;0.0
51;2021-07-13;1562;4745;0;309360;246631;23;54.9;43.7;0.0
51;2021-07-14;1069;1602;0;310429;248233;23;55.1;44.0;0.0
51;2021-07-15;2922;4909;0;313351;253142;23;55.6;44.9;0.0
51;2021-07-16;2479;5263;0;315830;258405;23;56.0;45.8;0.0
51;2021-07-17;1820;3387;0;317650;261792;23;56.3;46.4;0.0
51;2021-07-18;284;420;0;317934;262212;23;56.4;46.5;0.0
51;2021-07-19;1970;3973;1;319904;266185;24;56.7;47.2;0.0
51;2021-07-20;2583;4865;0;322487;271050;24;57.2;48.1;0.0
51;2021-07-21;3576;3994;0;326063;275044;24;57.8;48.8;0.0
51;2021-07-22;4344;3768;0;330407;278812;24;58.6;49.5;0.0
51;2021-07-23;3593;4339;0;334000;283151;24;59.2;50.2;0.0
51;2021-07-24;2012;2706;0;336012;285857;24;59.6;50.7;0.0
51;2021-07-25;479;371;0;336491;286228;24;59.7;50.8;0.0
51;2021-07-26;3130;2732;0;339621;288960;24;60.2;51.3;0.0
51;2021-07-27;5495;3167;0;345116;292127;24;61.2;51.8;0.0
51;2021-07-28;3973;4131;0;349089;296258;24;61.9;52.5;0.0
51;2021-07-29;4545;2769;0;353634;299027;24;62.7;53.0;0.0
51;2021-07-30;3673;3108;0;357307;302135;24;63.4;53.6;0.0
51;2021-07-31;2368;1992;0;359675;304127;24;63.8;53.9;0.0
51;2021-08-01;488;313;0;360163;304440;24;63.9;54.0;0.0
51;2021-08-02;3163;2284;0;363326;306724;24;64.4;54.4;0.0
51;2021-08-03;3547;1905;0;366873;308629;24;65.1;54.7;0.0
51;2021-08-04;4058;2113;0;370931;310742;24;65.8;55.1;0.0
51;2021-08-05;2480;1599;0;373411;312341;24;66.2;55.4;0.0
51;2021-08-06;2971;2561;0;376382;314902;24;66.8;55.9;0.0
51;2021-08-07;1938;1632;0;378320;316534;24;67.1;56.1;0.0
51;2021-08-08;417;298;0;378737;316832;24;67.2;56.2;0.0
51;2021-08-09;2419;1917;0;381156;318749;24;67.6;56.5;0.0
51;2021-08-10;2266;1976;0;383422;320725;24;68.0;56.9;0.0
51;2021-08-11;2612;2342;0;386034;323067;24;68.5;57.3;0.0
51;2021-08-12;1740;2041;0;387774;325108;24;68.8;57.7;0.0
51;2021-08-13;1956;2748;0;389730;327856;24;69.1;58.1;0.0
51;2021-08-14;1415;1889;0;391145;329745;24;69.4;58.5;0.0
51;2021-08-15;161;198;0;391306;329943;24;69.4;58.5;0.0
51;2021-08-16;1298;2966;0;392604;332909;24;69.6;59.0;0.0
51;2021-08-17;1495;3153;0;394099;336062;24;69.9;59.6;0.0
51;2021-08-18;1743;3533;0;395842;339595;24;70.2;60.2;0.0
51;2021-08-19;1332;2521;0;397174;342116;24;70.4;60.7;0.0
51;2021-08-20;1586;3846;0;398760;345962;24;70.7;61.4;0.0
51;2021-08-21;898;2275;0;399658;348237;24;70.9;61.8;0.0
51;2021-08-22;112;427;0;399770;348664;24;70.9;61.8;0.0
51;2021-08-23;1100;3488;0;400870;352152;24;71.1;62.5;0.0
51;2021-08-24;1113;3517;0;401983;355669;24;71.3;63.1;0.0
51;2021-08-25;1206;4166;0;403189;359835;24;71.5;63.8;0.0
51;2021-08-26;1000;2490;0;404189;362325;24;71.7;64.3;0.0
51;2021-08-27;1151;3960;0;405340;366285;24;71.9;65.0;0.0
51;2021-08-28;609;2271;0;405949;368556;24;72.0;65.4;0.0
51;2021-08-29;88;411;0;406037;368967;24;72.0;65.4;0.0
51;2021-08-30;1200;4394;48;407237;373361;72;72.2;66.2;0.0
51;2021-08-31;753;2846;93;407990;376207;165;72.4;66.7;0.0
51;2021-09-01;752;2928;165;408742;379135;330;72.5;67.2;0.1
51;2021-09-02;756;1966;178;409498;381101;508;72.6;67.6;0.1
51;2021-09-03;891;2581;286;410389;383682;794;72.8;68.1;0.1
51;2021-09-04;590;2483;95;410979;386165;889;72.9;68.5;0.2
51;2021-09-05;128;216;35;411107;386381;924;72.9;68.5;0.2
51;2021-09-06;413;1449;474;411520;387830;1398;73.0;68.8;0.2
51;2021-09-07;503;1186;427;412023;389016;1825;73.1;69.0;0.3
51;2021-09-08;563;1752;251;412586;390768;2076;73.2;69.3;0.4
51;2021-09-09;455;1175;171;413041;391943;2247;73.3;69.5;0.4
51;2021-09-10;675;1738;303;413716;393681;2550;73.4;69.8;0.5
51;2021-09-11;528;1616;103;414244;395297;2653;73.5;70.1;0.5
51;2021-09-12;29;88;8;414273;395385;2661;73.5;70.1;0.5
51;2021-09-13;424;841;294;414697;396226;2955;73.6;70.3;0.5
51;2021-09-14;572;817;546;415269;397043;3501;73.7;70.4;0.6
51;2021-09-15;491;1327;401;415760;398370;3902;73.7;70.7;0.7
51;2021-09-16;318;642;415;416078;399012;4317;73.8;70.8;0.8
51;2021-09-17;551;1177;552;416629;400189;4869;73.9;71.0;0.9
51;2021-09-18;440;1267;149;417069;401456;5018;74.0;71.2;0.9
51;2021-09-19;16;75;10;417085;401531;5028;74.0;71.2;0.9
51;2021-09-20;278;567;299;417363;402098;5327;74.0;71.3;0.9
51;2021-09-21;239;519;352;417602;402617;5679;74.1;71.4;1.0
51;2021-09-22;309;1246;477;417911;403863;6156;74.1;71.6;1.1
51;2021-09-23;206;607;386;418117;404470;6542;74.2;71.7;1.2
51;2021-09-24;361;956;595;418478;405426;7137;74.2;71.9;1.3
51;2021-09-25;262;895;202;418740;406321;7339;74.3;72.1;1.3
51;2021-09-26;9;126;12;418749;406447;7351;74.3;72.1;1.3
51;2021-09-27;238;413;286;418987;406860;7637;74.3;72.2;1.4
51;2021-09-28;282;374;367;419269;407234;8004;74.4;72.2;1.4
51;2021-09-29;339;713;414;419608;407947;8418;74.4;72.4;1.5
51;2021-09-30;233;400;379;419841;408347;8797;74.5;72.4;1.6
51;2021-10-01;374;704;523;420215;409051;9320;74.5;72.5;1.7
51;2021-10-02;360;699;331;420575;409750;9651;74.6;72.7;1.7
51;2021-10-03;3;5;2;420578;409755;9653;74.6;72.7;1.7
51;2021-10-04;195;407;405;420773;410162;10058;74.6;72.7;1.8
51;2021-10-05;230;430;504;421003;410592;10562;74.7;72.8;1.9
51;2021-10-06;318;536;631;421321;411128;11193;74.7;72.9;2.0
51;2021-10-07;170;370;605;421491;411498;11798;74.8;73.0;2.1
51;2021-10-08;333;606;845;421824;412104;12643;74.8;73.1;2.2
51;2021-10-09;319;557;443;422143;412661;13086;74.9;73.2;2.3
51;2021-10-10;9;12;3;422152;412673;13089;74.9;73.2;2.3
51;2021-10-11;174;309;553;422326;412982;13642;74.9;73.2;2.4
51;2021-10-12;148;363;636;422474;413345;14278;74.9;73.3;2.5
51;2021-10-13;286;419;781;422760;413764;15059;75.0;73.4;2.7
51;2021-10-14;149;198;527;422909;413962;15586;75.0;73.4;2.8
51;2021-10-15;345;514;1231;423254;414476;16817;75.1;73.5;3.0
51;2021-10-16;294;369;487;423548;414845;17304;75.1;73.6;3.1
51;2021-10-17;5;4;8;423553;414849;17312;75.1;73.6;3.1
51;2021-10-18;143;255;656;423696;415104;17968;75.1;73.6;3.2
51;2021-10-19;146;289;661;423842;415393;18629;75.2;73.7;3.3
51;2021-10-20;278;385;987;424120;415778;19616;75.2;73.7;3.5
51;2021-10-21;151;251;643;424271;416029;20259;75.2;73.8;3.6
51;2021-10-22;223;384;1162;424494;416413;21421;75.3;73.9;3.8
51;2021-10-23;206;374;483;424700;416787;21904;75.3;73.9;3.9
51;2021-10-24;1;4;7;424701;416791;21911;75.3;73.9;3.9
51;2021-10-25;157;190;760;424858;416981;22671;75.4;74.0;4.0
51;2021-10-26;119;183;739;424977;417164;23410;75.4;74.0;4.2
51;2021-10-27;225;331;840;425202;417495;24250;75.4;74.0;4.3
51;2021-10-28;128;170;681;425330;417665;24931;75.4;74.1;4.4
51;2021-10-29;177;305;1168;425507;417970;26099;75.5;74.1;4.6
51;2021-10-30;158;299;406;425665;418269;26505;75.5;74.2;4.7
51;2021-10-31;1;6;1;425666;418275;26506;75.5;74.2;4.7
51;2021-11-01;13;8;6;425679;418283;26512;75.5;74.2;4.7
51;2021-11-02;163;228;794;425842;418511;27306;75.5;74.2;4.8
51;2021-11-03;192;231;997;426034;418742;28303;75.6;74.3;5.0
51;2021-11-04;99;155;737;426133;418897;29040;75.6;74.3;5.2
51;2021-11-05;277;372;1424;426410;419269;30464;75.6;74.4;5.4
51;2021-11-06;162;248;688;426572;419517;31152;75.7;74.4;5.5
51;2021-11-07;7;11;16;426579;419528;31168;75.7;74.4;5.5
51;2021-11-08;92;141;903;426671;419669;32071;75.7;74.4;5.7
51;2021-11-09;122;226;1177;426793;419895;33248;75.7;74.5;5.9
51;2021-11-10;197;252;1454;426990;420147;34702;75.7;74.5;6.2
51;2021-11-11;4;25;39;426994;420172;34741;75.7;74.5;6.2
51;2021-11-12;239;346;1785;427233;420518;36526;75.8;74.6;6.5
51;2021-11-13;121;156;692;427354;420674;37218;75.8;74.6;6.6
51;2021-11-14;0;6;14;427354;420680;37232;75.8;74.6;6.6
51;2021-11-15;118;162;1394;427472;420842;38626;75.8;74.6;6.9
51;2021-11-16;122;170;1768;427594;421012;40394;75.8;74.7;7.2
51;2021-11-17;171;220;1754;427765;421232;42148;75.9;74.7;7.5
51;2021-11-18;108;136;1517;427873;421368;43665;75.9;74.7;7.7
51;2021-11-19;258;311;2438;428131;421679;46103;75.9;74.8;8.2
51;2021-11-20;154;230;1160;428285;421909;47263;76.0;74.8;8.4
51;2021-11-21;6;7;46;428291;421916;47309;76.0;74.8;8.4
51;2021-11-22;158;126;1540;428449;422042;48849;76.0;74.9;8.7
51;2021-11-23;159;170;1980;428608;422212;50829;76.0;74.9;9.0
51;2021-11-24;281;201;1864;428889;422413;52693;76.1;74.9;9.3
51;2021-11-25;132;141;2057;429021;422554;54750;76.1;74.9;9.7
51;2021-11-26;250;240;3643;429271;422794;58393;76.1;75.0;10.4
51;2021-11-27;169;196;1803;429440;422990;60196;76.2;75.0;10.7
51;2021-11-28;2;7;136;429442;422997;60332;76.2;75.0;10.7
51;2021-11-29;119;139;3021;429561;423136;63353;76.2;75.0;11.2
51;2021-11-30;164;147;4476;429725;423283;67829;76.2;75.1;12.0
51;2021-12-01;130;173;4206;429855;423456;72035;76.2;75.1;12.8
51;2021-12-02;117;104;4748;429972;423560;76783;76.3;75.1;13.6
51;2021-12-03;159;222;5937;430131;423782;82720;76.3;75.2;14.7
51;2021-12-04;183;157;4001;430314;423939;86721;76.3;75.2;15.4
51;2021-12-05;13;18;385;430327;423957;87106;76.3;75.2;15.4
51;2021-12-06;98;151;4494;430425;424108;91600;76.3;75.2;16.2
51;2021-12-07;145;147;5859;430570;424255;97459;76.4;75.2;17.3
51;2021-12-08;137;187;5247;430707;424442;102706;76.4;75.3;18.2
51;2021-12-09;125;154;6542;430832;424596;109248;76.4;75.3;19.4
51;2021-12-10;189;238;7957;431021;424834;117205;76.4;75.3;20.8
51;2021-12-11;172;168;5057;431193;425002;122262;76.5;75.4;21.7
51;2021-12-12;10;8;498;431203;425010;122760;76.5;75.4;21.8
51;2021-12-13;108;184;5634;431311;425194;128394;76.5;75.4;22.8
51;2021-12-14;136;170;7173;431447;425364;135567;76.5;75.4;24.0
51;2021-12-15;154;245;7654;431601;425609;143221;76.5;75.5;25.4
51;2021-12-16;156;199;8063;431757;425808;151284;76.6;75.5;26.8
51;2021-12-17;205;310;8873;431962;426118;160157;76.6;75.6;28.4
51;2021-12-18;194;239;5618;432156;426357;165775;76.6;75.6;29.4
51;2021-12-19;37;29;960;432193;426386;166735;76.7;75.6;29.6
51;2021-12-20;178;178;6181;432371;426564;172916;76.7;75.7;30.7
51;2021-12-21;240;205;6882;432611;426769;179798;76.7;75.7;31.9
51;2021-12-22;234;224;6777;432845;426993;186575;76.8;75.7;33.1
51;2021-12-23;185;134;3712;433030;427127;190287;76.8;75.8;33.7
51;2021-12-24;62;55;1149;433092;427182;191436;76.8;75.8;34.0
51;2021-12-25;1;0;33;433093;427182;191469;76.8;75.8;34.0
51;2021-12-26;8;8;272;433101;427190;191741;76.8;75.8;34.0
52;2020-12-27;0;0;0;0;0;0;0.0;0.0;0.0
52;2020-12-28;0;0;0;0;0;0;0.0;0.0;0.0
52;2020-12-29;0;0;0;0;0;0;0.0;0.0;0.0
52;2020-12-30;0;0;0;0;0;0;0.0;0.0;0.0
52;2020-12-31;0;0;0;0;0;0;0.0;0.0;0.0
52;2021-01-01;0;0;0;0;0;0;0.0;0.0;0.0
52;2021-01-02;0;0;0;0;0;0;0.0;0.0;0.0
52;2021-01-03;0;0;0;0;0;0;0.0;0.0;0.0
52;2021-01-04;0;0;0;0;0;0;0.0;0.0;0.0
52;2021-01-05;3;0;0;3;0;0;0.0;0.0;0.0
52;2021-01-06;1;0;0;4;0;0;0.0;0.0;0.0
52;2021-01-07;2;0;0;6;0;0;0.0;0.0;0.0
52;2021-01-08;160;1;0;166;1;0;0.1;0.0;0.0
52;2021-01-09;89;0;0;255;1;0;0.2;0.0;0.0
52;2021-01-10;0;0;0;255;1;0;0.2;0.0;0.0
52;2021-01-11;167;0;0;422;1;0;0.2;0.0;0.0
52;2021-01-12;154;0;0;576;1;0;0.3;0.0;0.0
52;2021-01-13;465;0;0;1041;1;0;0.6;0.0;0.0
52;2021-01-14;614;9;0;1655;10;0;1.0;0.0;0.0
52;2021-01-15;373;1;0;2028;11;0;1.2;0.0;0.0
52;2021-01-16;17;0;0;2045;11;0;1.2;0.0;0.0
52;2021-01-17;1;0;0;2046;11;0;1.2;0.0;0.0
52;2021-01-18;380;0;0;2426;11;0;1.4;0.0;0.0
52;2021-01-19;392;1;0;2818;12;0;1.7;0.0;0.0
52;2021-01-20;404;2;0;3222;14;0;1.9;0.0;0.0
52;2021-01-21;406;1;0;3628;15;0;2.1;0.0;0.0
52;2021-01-22;320;2;0;3948;17;0;2.3;0.0;0.0
52;2021-01-23;69;2;0;4017;19;0;2.4;0.0;0.0
52;2021-01-24;2;0;0;4019;19;0;2.4;0.0;0.0
52;2021-01-25;261;1;0;4280;20;0;2.5;0.0;0.0
52;2021-01-26;304;1;0;4584;21;0;2.7;0.0;0.0
52;2021-01-27;243;1;0;4827;22;0;2.9;0.0;0.0
52;2021-01-28;186;4;0;5013;26;0;3.0;0.0;0.0
52;2021-01-29;81;92;0;5094;118;0;3.0;0.1;0.0
52;2021-01-30;90;90;0;5184;208;0;3.1;0.1;0.0
52;2021-01-31;0;0;0;5184;208;0;3.1;0.1;0.0
52;2021-02-01;116;145;0;5300;353;0;3.1;0.2;0.0
52;2021-02-02;75;142;0;5375;495;0;3.2;0.3;0.0
52;2021-02-03;81;340;0;5456;835;0;3.2;0.5;0.0
52;2021-02-04;209;519;0;5665;1354;0;3.3;0.8;0.0
52;2021-02-05;110;444;0;5775;1798;0;3.4;1.1;0.0
52;2021-02-06;26;0;0;5801;1798;0;3.4;1.1;0.0
52;2021-02-07;0;0;0;5801;1798;0;3.4;1.1;0.0
52;2021-02-08;39;187;0;5840;1985;0;3.5;1.2;0.0
52;2021-02-09;57;196;0;5897;2181;0;3.5;1.3;0.0
52;2021-02-10;99;179;0;5996;2360;0;3.5;1.4;0.0
52;2021-02-11;128;128;0;6124;2488;0;3.6;1.5;0.0
52;2021-02-12;179;136;0;6303;2624;0;3.7;1.6;0.0
52;2021-02-13;7;3;0;6310;2627;0;3.7;1.6;0.0
52;2021-02-14;6;19;0;6316;2646;0;3.7;1.6;0.0
52;2021-02-15;83;272;0;6399;2918;0;3.8;1.7;0.0
52;2021-02-16;66;327;0;6465;3245;0;3.8;1.9;0.0
52;2021-02-17;47;318;0;6512;3563;0;3.8;2.1;0.0
52;2021-02-18;83;251;0;6595;3814;0;3.9;2.3;0.0
52;2021-02-19;60;212;0;6655;4026;0;3.9;2.4;0.0
52;2021-02-20;16;99;0;6671;4125;0;3.9;2.4;0.0
52;2021-02-21;1;7;0;6672;4132;0;3.9;2.4;0.0
52;2021-02-22;40;364;0;6712;4496;0;4.0;2.7;0.0
52;2021-02-23;59;270;0;6771;4766;0;4.0;2.8;0.0
52;2021-02-24;89;217;0;6860;4983;0;4.1;2.9;0.0
52;2021-02-25;152;213;0;7012;5196;0;4.1;3.1;0.0
52;2021-02-26;302;162;0;7314;5358;0;4.3;3.2;0.0
52;2021-02-27;156;48;0;7470;5406;0;4.4;3.2;0.0
52;2021-02-28;1;1;0;7471;5407;0;4.4;3.2;0.0
52;2021-03-01;159;30;0;7630;5437;0;4.5;3.2;0.0
52;2021-03-02;156;66;0;7786;5503;0;4.6;3.3;0.0
52;2021-03-03;363;54;0;8149;5557;0;4.8;3.3;0.0
52;2021-03-04;401;67;0;8550;5624;0;5.1;3.3;0.0
52;2021-03-05;503;58;0;9053;5682;0;5.3;3.4;0.0
52;2021-03-06;428;40;0;9481;5722;0;5.6;3.4;0.0
52;2021-03-07;30;1;0;9511;5723;0;5.6;3.4;0.0
52;2021-03-08;387;114;0;9898;5837;0;5.8;3.4;0.0
52;2021-03-09;534;126;0;10432;5963;0;6.2;3.5;0.0
52;2021-03-10;339;111;0;10771;6074;0;6.4;3.6;0.0
52;2021-03-11;621;46;0;11392;6120;0;6.7;3.6;0.0
52;2021-03-12;549;61;0;11941;6181;0;7.1;3.7;0.0
52;2021-03-13;524;14;0;12465;6195;0;7.4;3.7;0.0
52;2021-03-14;23;2;0;12488;6197;0;7.4;3.7;0.0
52;2021-03-15;348;32;0;12836;6229;0;7.6;3.7;0.0
52;2021-03-16;247;22;0;13083;6251;0;7.7;3.7;0.0
52;2021-03-17;426;26;0;13509;6277;0;8.0;3.7;0.0
52;2021-03-18;488;25;0;13997;6302;0;8.3;3.7;0.0
52;2021-03-19;509;57;0;14506;6359;0;8.6;3.8;0.0
52;2021-03-20;263;13;0;14769;6372;0;8.7;3.8;0.0
52;2021-03-21;30;1;0;14799;6373;0;8.7;3.8;0.0
52;2021-03-22;386;51;0;15185;6424;0;9.0;3.8;0.0
52;2021-03-23;766;53;0;15951;6477;0;9.4;3.8;0.0
52;2021-03-24;818;73;0;16769;6550;0;9.9;3.9;0.0
52;2021-03-25;1144;100;0;17913;6650;0;10.6;3.9;0.0
52;2021-03-26;1023;137;0;18936;6787;0;11.2;4.0;0.0
52;2021-03-27;498;78;0;19434;6865;0;11.5;4.1;0.0
52;2021-03-28;61;0;0;19495;6865;0;11.5;4.1;0.0
52;2021-03-29;523;190;0;20018;7055;0;11.8;4.2;0.0
52;2021-03-30;881;246;0;20899;7301;0;12.3;4.3;0.0
52;2021-03-31;984;285;0;21883;7586;0;12.9;4.5;0.0
52;2021-04-01;1171;219;0;23054;7805;0;13.6;4.6;0.0
52;2021-04-02;996;111;0;24050;7916;0;14.2;4.7;0.0
52;2021-04-03;437;15;0;24487;7931;0;14.5;4.7;0.0
52;2021-04-04;7;3;0;24494;7934;0;14.5;4.7;0.0
52;2021-04-05;20;0;0;24514;7934;0;14.5;4.7;0.0
52;2021-04-06;487;289;0;25001;8223;0;14.8;4.9;0.0
52;2021-04-07;610;454;0;25611;8677;0;15.1;5.1;0.0
52;2021-04-08;932;270;0;26543;8947;0;15.7;5.3;0.0
52;2021-04-09;1116;157;0;27659;9104;0;16.3;5.4;0.0
52;2021-04-10;796;102;0;28455;9206;0;16.8;5.4;0.0
52;2021-04-11;55;11;0;28510;9217;0;16.8;5.4;0.0
52;2021-04-12;944;319;0;29454;9536;0;17.4;5.6;0.0
52;2021-04-13;1244;409;0;30698;9945;0;18.1;5.9;0.0
52;2021-04-14;1258;512;0;31956;10457;0;18.9;6.2;0.0
52;2021-04-15;1421;477;0;33377;10934;0;19.7;6.5;0.0
52;2021-04-16;1539;366;0;34916;11300;0;20.6;6.7;0.0
52;2021-04-17;1403;135;0;36319;11435;0;21.5;6.8;0.0
52;2021-04-18;504;41;0;36823;11476;0;21.8;6.8;0.0
52;2021-04-19;566;618;0;37389;12094;0;22.1;7.1;0.0
52;2021-04-20;950;710;0;38339;12804;0;22.7;7.6;0.0
52;2021-04-21;1043;704;0;39382;13508;0;23.3;8.0;0.0
52;2021-04-22;1413;695;0;40795;14203;0;24.1;8.4;0.0
52;2021-04-23;1336;642;0;42131;14845;0;24.9;8.8;0.0
52;2021-04-24;528;307;0;42659;15152;0;25.2;9.0;0.0
52;2021-04-25;20;86;0;42679;15238;0;25.2;9.0;0.0
52;2021-04-26;610;501;0;43289;15739;0;25.6;9.3;0.0
52;2021-04-27;920;731;0;44209;16470;0;26.1;9.7;0.0
52;2021-04-28;1379;612;0;45588;17082;0;26.9;10.1;0.0
52;2021-04-29;1300;612;0;46888;17694;0;27.7;10.5;0.0
52;2021-04-30;1246;673;0;48134;18367;0;28.4;10.9;0.0
52;2021-05-01;39;260;0;48173;18627;0;28.5;11.0;0.0
52;2021-05-02;8;6;0;48181;18633;0;28.5;11.0;0.0
52;2021-05-03;1062;633;0;49243;19266;0;29.1;11.4;0.0
52;2021-05-04;1279;746;0;50522;20012;0;29.9;11.8;0.0
52;2021-05-05;1593;704;0;52115;20716;0;30.8;12.2;0.0
52;2021-05-06;1706;577;0;53821;21293;0;31.8;12.6;0.0
52;2021-05-07;1427;1191;0;55248;22484;0;32.6;13.3;0.0
52;2021-05-08;587;267;0;55835;22751;0;33.0;13.4;0.0
52;2021-05-09;50;79;0;55885;22830;0;33.0;13.5;0.0
52;2021-05-10;755;1093;0;56640;23923;0;33.5;14.1;0.0
52;2021-05-11;863;1330;0;57503;25253;0;34.0;14.9;0.0
52;2021-05-12;1133;1301;0;58636;26554;0;34.6;15.7;0.0
52;2021-05-13;179;186;0;58815;26740;0;34.8;15.8;0.0
52;2021-05-14;1123;1372;0;59938;28112;0;35.4;16.6;0.0
52;2021-05-15;579;916;0;60517;29028;0;35.8;17.2;0.0
52;2021-05-16;124;60;0;60641;29088;0;35.8;17.2;0.0
52;2021-05-17;1031;694;0;61672;29782;0;36.4;17.6;0.0
52;2021-05-18;1143;670;0;62815;30452;0;37.1;18.0;0.0
52;2021-05-19;1422;430;0;64237;30882;0;38.0;18.2;0.0
52;2021-05-20;1547;448;0;65784;31330;0;38.9;18.5;0.0
52;2021-05-21;1537;612;0;67321;31942;0;39.8;18.9;0.0
52;2021-05-22;1078;212;0;68399;32154;0;40.4;19.0;0.0
52;2021-05-23;18;3;0;68417;32157;0;40.4;19.0;0.0
52;2021-05-24;508;39;0;68925;32196;0;40.7;19.0;0.0
52;2021-05-25;1279;381;0;70204;32577;0;41.5;19.2;0.0
52;2021-05-26;1339;672;0;71543;33249;0;42.3;19.6;0.0
52;2021-05-27;1375;790;0;72918;34039;0;43.1;20.1;0.0
52;2021-05-28;1412;704;0;74330;34743;0;43.9;20.5;0.0
52;2021-05-29;746;866;0;75076;35609;0;44.4;21.0;0.0
52;2021-05-30;32;553;0;75108;36162;0;44.4;21.4;0.0
52;2021-05-31;732;779;0;75840;36941;0;44.8;21.8;0.0
52;2021-06-01;862;830;0;76702;37771;0;45.3;22.3;0.0
52;2021-06-02;817;728;0;77519;38499;0;45.8;22.7;0.0
52;2021-06-03;793;755;0;78312;39254;0;46.3;23.2;0.0
52;2021-06-04;917;1368;0;79229;40622;0;46.8;24.0;0.0
52;2021-06-05;649;643;0;79878;41265;0;47.2;24.4;0.0
52;2021-06-06;31;57;0;79909;41322;0;47.2;24.4;0.0
52;2021-06-07;435;936;0;80344;42258;0;47.5;25.0;0.0
52;2021-06-08;586;1321;0;80930;43579;0;47.8;25.7;0.0
52;2021-06-09;689;1411;0;81619;44990;0;48.2;26.6;0.0
52;2021-06-10;792;955;0;82411;45945;0;48.7;27.1;0.0
52;2021-06-11;843;1318;0;83254;47263;0;49.2;27.9;0.0
52;2021-06-12;465;605;0;83719;47868;0;49.5;28.3;0.0
52;2021-06-13;13;11;0;83732;47879;0;49.5;28.3;0.0
52;2021-06-14;236;1334;0;83968;49213;0;49.6;29.1;0.0
52;2021-06-15;302;1620;0;84270;50833;0;49.8;30.0;0.0
52;2021-06-16;412;1749;0;84682;52582;0;50.0;31.1;0.0
52;2021-06-17;300;1059;0;84982;53641;0;50.2;31.7;0.0
52;2021-06-18;401;1591;0;85383;55232;0;50.4;32.6;0.0
52;2021-06-19;579;725;0;85962;55957;0;50.8;33.1;0.0
52;2021-06-20;4;24;0;85966;55981;0;50.8;33.1;0.0
52;2021-06-21;495;873;0;86461;56854;0;51.1;33.6;0.0
52;2021-06-22;467;1013;0;86928;57867;0;51.4;34.2;0.0
52;2021-06-23;512;1034;0;87440;58901;0;51.7;34.8;0.0
52;2021-06-24;576;782;0;88016;59683;0;52.0;35.3;0.0
52;2021-06-25;635;1334;0;88651;61017;0;52.4;36.1;0.0
52;2021-06-26;327;809;0;88978;61826;0;52.6;36.5;0.0
52;2021-06-27;5;54;0;88983;61880;0;52.6;36.6;0.0
52;2021-06-28;186;1386;0;89169;63266;0;52.7;37.4;0.0
52;2021-06-29;181;1295;0;89350;64561;0;52.8;38.1;0.0
52;2021-06-30;247;1344;0;89597;65905;0;52.9;38.9;0.0
52;2021-07-01;337;1045;0;89934;66950;0;53.1;39.6;0.0
52;2021-07-02;466;1491;0;90400;68441;0;53.4;40.4;0.0
52;2021-07-03;369;1161;0;90769;69602;0;53.6;41.1;0.0
52;2021-07-04;7;45;0;90776;69647;0;53.6;41.2;0.0
52;2021-07-05;228;1378;0;91004;71025;0;53.8;42.0;0.0
52;2021-07-06;333;1368;0;91337;72393;0;54.0;42.8;0.0
52;2021-07-07;339;1143;0;91676;73536;0;54.2;43.4;0.0
52;2021-07-08;460;1173;0;92136;74709;0;54.4;44.1;0.0
52;2021-07-09;349;1558;0;92485;76267;0;54.6;45.1;0.0
52;2021-07-10;208;857;0;92693;77124;0;54.8;45.6;0.0
52;2021-07-11;17;31;0;92710;77155;0;54.8;45.6;0.0
52;2021-07-12;310;1348;0;93020;78503;0;55.0;46.4;0.0
52;2021-07-13;583;1313;0;93603;79816;0;55.3;47.2;0.0
52;2021-07-14;489;192;0;94092;80008;0;55.6;47.3;0.0
52;2021-07-15;634;1344;0;94726;81352;0;56.0;48.1;0.0
52;2021-07-16;940;1363;0;95666;82715;0;56.5;48.9;0.0
52;2021-07-17;661;449;0;96327;83164;0;56.9;49.1;0.0
52;2021-07-18;135;45;0;96462;83209;0;57.0;49.2;0.0
52;2021-07-19;683;982;0;97145;84191;0;57.4;49.7;0.0
52;2021-07-20;1059;910;0;98204;85101;0;58.0;50.3;0.0
52;2021-07-21;1086;786;0;99290;85887;0;58.7;50.7;0.0
52;2021-07-22;1351;912;0;100641;86799;0;59.5;51.3;0.0
52;2021-07-23;1362;1057;0;102003;87856;0;60.3;51.9;0.0
52;2021-07-24;925;551;0;102928;88407;0;60.8;52.2;0.0
52;2021-07-25;45;30;0;102973;88437;0;60.8;52.3;0.0
52;2021-07-26;930;643;0;103903;89080;0;61.4;52.6;0.0
52;2021-07-27;1256;672;0;105159;89752;0;62.1;53.0;0.0
52;2021-07-28;1294;655;0;106453;90407;0;62.9;53.4;0.0
52;2021-07-29;1216;620;0;107669;91027;0;63.6;53.8;0.0
52;2021-07-30;1377;779;0;109046;91806;0;64.4;54.2;0.0
52;2021-07-31;980;594;0;110026;92400;0;65.0;54.6;0.0
52;2021-08-01;21;18;0;110047;92418;0;65.0;54.6;0.0
52;2021-08-02;1156;607;0;111203;93025;0;65.7;55.0;0.0
52;2021-08-03;1303;586;0;112506;93611;0;66.5;55.3;0.0
52;2021-08-04;1131;583;0;113637;94194;0;67.1;55.7;0.0
52;2021-08-05;973;585;0;114610;94779;0;67.7;56.0;0.0
52;2021-08-06;1042;759;0;115652;95538;0;68.3;56.4;0.0
52;2021-08-07;666;505;0;116318;96043;0;68.7;56.7;0.0
52;2021-08-08;14;18;0;116332;96061;0;68.7;56.8;0.0
52;2021-08-09;460;812;0;116792;96873;0;69.0;57.2;0.0
52;2021-08-10;713;793;0;117505;97666;0;69.4;57.7;0.0
52;2021-08-11;564;817;0;118069;98483;0;69.8;58.2;0.0
52;2021-08-12;642;815;0;118711;99298;0;70.1;58.7;0.0
52;2021-08-13;454;1047;0;119165;100345;0;70.4;59.3;0.0
52;2021-08-14;425;394;0;119590;100739;0;70.7;59.5;0.0
52;2021-08-15;36;26;0;119626;100765;0;70.7;59.5;0.0
52;2021-08-16;366;935;0;119992;101700;0;70.9;60.1;0.0
52;2021-08-17;394;908;0;120386;102608;0;71.1;60.6;0.0
52;2021-08-18;475;939;0;120861;103547;0;71.4;61.2;0.0
52;2021-08-19;430;855;0;121291;104402;0;71.7;61.7;0.0
52;2021-08-20;370;1228;0;121661;105630;0;71.9;62.4;0.0
52;2021-08-21;374;672;0;122035;106302;0;72.1;62.8;0.0
52;2021-08-22;10;26;0;122045;106328;0;72.1;62.8;0.0
52;2021-08-23;400;1024;0;122445;107352;0;72.3;63.4;0.0
52;2021-08-24;292;1040;0;122737;108392;0;72.5;64.0;0.0
52;2021-08-25;243;1060;0;122980;109452;0;72.7;64.7;0.0
52;2021-08-26;297;944;0;123277;110396;0;72.8;65.2;0.0
52;2021-08-27;412;1313;0;123689;111709;0;73.1;66.0;0.0
52;2021-08-28;258;584;0;123947;112293;0;73.2;66.3;0.0
52;2021-08-29;9;22;0;123956;112315;0;73.2;66.4;0.0
52;2021-08-30;216;934;22;124172;113249;22;73.4;66.9;0.0
52;2021-08-31;204;963;18;124376;114212;40;73.5;67.5;0.0
52;2021-09-01;191;958;35;124567;115170;75;73.6;68.0;0.0
52;2021-09-02;189;700;67;124756;115870;142;73.7;68.5;0.1
52;2021-09-03;256;850;100;125012;116720;242;73.9;69.0;0.1
52;2021-09-04;205;598;30;125217;117318;272;74.0;69.3;0.2
52;2021-09-05;8;25;3;125225;117343;275;74.0;69.3;0.2
52;2021-09-06;146;504;39;125371;117847;314;74.1;69.6;0.2
52;2021-09-07;178;418;110;125549;118265;424;74.2;69.9;0.3
52;2021-09-08;161;591;54;125710;118856;478;74.3;70.2;0.3
52;2021-09-09;144;360;83;125854;119216;561;74.4;70.4;0.3
52;2021-09-10;257;590;108;126111;119806;669;74.5;70.8;0.4
52;2021-09-11;157;334;31;126268;120140;700;74.6;71.0;0.4
52;2021-09-12;4;15;3;126272;120155;703;74.6;71.0;0.4
52;2021-09-13;179;465;129;126451;120620;832;74.7;71.3;0.5
52;2021-09-14;151;304;145;126602;120924;977;74.8;71.4;0.6
52;2021-09-15;151;424;103;126753;121348;1080;74.9;71.7;0.6
52;2021-09-16;136;288;156;126889;121636;1236;75.0;71.9;0.7
52;2021-09-17;218;485;165;127107;122121;1401;75.1;72.2;0.8
52;2021-09-18;135;271;69;127242;122392;1470;75.2;72.3;0.9
52;2021-09-19;6;24;4;127248;122416;1474;75.2;72.3;0.9
52;2021-09-20;108;321;93;127356;122737;1567;75.2;72.5;0.9
52;2021-09-21;81;205;145;127437;122942;1712;75.3;72.6;1.0
52;2021-09-22;97;286;119;127534;123228;1831;75.4;72.8;1.1
52;2021-09-23;143;213;179;127677;123441;2010;75.4;72.9;1.2
52;2021-09-24;125;288;206;127802;123729;2216;75.5;73.1;1.3
52;2021-09-25;92;252;150;127894;123981;2366;75.6;73.3;1.4
52;2021-09-26;4;6;0;127898;123987;2366;75.6;73.3;1.4
52;2021-09-27;116;177;154;128014;124164;2520;75.6;73.4;1.5
52;2021-09-28;105;122;141;128119;124286;2661;75.7;73.4;1.6
52;2021-09-29;97;216;79;128216;124502;2740;75.8;73.6;1.6
52;2021-09-30;113;127;80;128329;124629;2820;75.8;73.6;1.7
52;2021-10-01;119;230;168;128448;124859;2988;75.9;73.8;1.8
52;2021-10-02;64;164;40;128512;125023;3028;75.9;73.9;1.8
52;2021-10-03;3;7;3;128515;125030;3031;75.9;73.9;1.8
52;2021-10-04;82;177;171;128597;125207;3202;76.0;74.0;1.9
52;2021-10-05;61;142;82;128658;125349;3284;76.0;74.1;1.9
52;2021-10-06;110;162;128;128768;125511;3412;76.1;74.2;2.0
52;2021-10-07;51;111;237;128819;125622;3649;76.1;74.2;2.2
52;2021-10-08;110;212;239;128929;125834;3888;76.2;74.3;2.3
52;2021-10-09;71;132;59;129000;125966;3947;76.2;74.4;2.3
52;2021-10-10;3;5;0;129003;125971;3947;76.2;74.4;2.3
52;2021-10-11;44;154;125;129047;126125;4072;76.2;74.5;2.4
52;2021-10-12;68;103;177;129115;126228;4249;76.3;74.6;2.5
52;2021-10-13;70;96;150;129185;126324;4399;76.3;74.6;2.6
52;2021-10-14;41;51;111;129226;126375;4510;76.4;74.7;2.7
52;2021-10-15;85;231;210;129311;126606;4720;76.4;74.8;2.8
52;2021-10-16;61;111;115;129372;126717;4835;76.4;74.9;2.9
52;2021-10-17;0;3;0;129372;126720;4835;76.4;74.9;2.9
52;2021-10-18;49;167;161;129421;126887;4996;76.5;75.0;3.0
52;2021-10-19;57;106;157;129478;126993;5153;76.5;75.0;3.0
52;2021-10-20;60;75;240;129538;127068;5393;76.5;75.1;3.2
52;2021-10-21;27;73;165;129565;127141;5558;76.6;75.1;3.3
52;2021-10-22;64;152;326;129629;127293;5884;76.6;75.2;3.5
52;2021-10-23;37;83;101;129666;127376;5985;76.6;75.3;3.5
52;2021-10-24;1;0;9;129667;127376;5994;76.6;75.3;3.5
52;2021-10-25;59;88;347;129726;127464;6341;76.6;75.3;3.7
52;2021-10-26;35;53;273;129761;127517;6614;76.7;75.3;3.9
52;2021-10-27;50;67;290;129811;127584;6904;76.7;75.4;4.1
52;2021-10-28;26;32;316;129837;127616;7220;76.7;75.4;4.3
52;2021-10-29;62;108;291;129899;127724;7511;76.7;75.5;4.4
52;2021-10-30;43;77;139;129942;127801;7650;76.8;75.5;4.5
52;2021-10-31;1;4;1;129943;127805;7651;76.8;75.5;4.5
52;2021-11-01;1;1;6;129944;127806;7657;76.8;75.5;4.5
52;2021-11-02;57;67;307;130001;127873;7964;76.8;75.6;4.7
52;2021-11-03;66;85;355;130067;127958;8319;76.8;75.6;4.9
52;2021-11-04;25;35;279;130092;127993;8598;76.9;75.6;5.1
52;2021-11-05;77;117;425;130169;128110;9023;76.9;75.7;5.3
52;2021-11-06;53;62;196;130222;128172;9219;76.9;75.7;5.4
52;2021-11-07;0;1;0;130222;128173;9219;76.9;75.7;5.4
52;2021-11-08;37;68;382;130259;128241;9601;77.0;75.8;5.7
52;2021-11-09;37;67;466;130296;128308;10067;77.0;75.8;5.9
52;2021-11-10;57;94;826;130353;128402;10893;77.0;75.9;6.4
52;2021-11-11;0;6;6;130353;128408;10899;77.0;75.9;6.4
52;2021-11-12;53;88;595;130406;128496;11494;77.0;75.9;6.8
52;2021-11-13;38;47;342;130444;128543;11836;77.1;75.9;7.0
52;2021-11-14;3;1;4;130447;128544;11840;77.1;75.9;7.0
52;2021-11-15;25;56;548;130472;128600;12388;77.1;76.0;7.3
52;2021-11-16;52;72;973;130524;128672;13361;77.1;76.0;7.9
52;2021-11-17;54;55;763;130578;128727;14124;77.2;76.1;8.3
52;2021-11-18;32;39;442;130610;128766;14566;77.2;76.1;8.6
52;2021-11-19;68;73;758;130678;128839;15324;77.2;76.1;9.1
52;2021-11-20;56;55;444;130734;128894;15768;77.2;76.2;9.3
52;2021-11-21;1;1;18;130735;128895;15786;77.2;76.2;9.3
52;2021-11-22;37;24;845;130772;128919;16631;77.3;76.2;9.8
52;2021-11-23;51;28;828;130823;128947;17459;77.3;76.2;10.3
52;2021-11-24;84;63;770;130907;129010;18229;77.3;76.2;10.8
52;2021-11-25;30;24;523;130937;129034;18752;77.4;76.2;11.1
52;2021-11-26;72;69;1355;131009;129103;20107;77.4;76.3;11.9
52;2021-11-27;47;64;932;131056;129167;21039;77.4;76.3;12.4
52;2021-11-28;2;2;17;131058;129169;21056;77.4;76.3;12.4
52;2021-11-29;52;49;1092;131110;129218;22148;77.5;76.3;13.1
52;2021-11-30;58;33;1460;131168;129251;23608;77.5;76.4;13.9
52;2021-12-01;54;40;1345;131222;129291;24953;77.5;76.4;14.7
52;2021-12-02;31;51;1434;131253;129342;26387;77.5;76.4;15.6
52;2021-12-03;46;97;1983;131299;129439;28370;77.6;76.5;16.8
52;2021-12-04;30;47;804;131329;129486;29174;77.6;76.5;17.2
52;2021-12-05;12;9;200;131341;129495;29374;77.6;76.5;17.4
52;2021-12-06;35;45;1541;131376;129540;30915;77.6;76.5;18.3
52;2021-12-07;44;53;2063;131420;129593;32978;77.6;76.6;19.5
52;2021-12-08;38;69;2035;131458;129662;35013;77.7;76.6;20.7
52;2021-12-09;49;48;2185;131507;129710;37198;77.7;76.6;22.0
52;2021-12-10;49;60;2623;131556;129770;39821;77.7;76.7;23.5
52;2021-12-11;50;50;1378;131606;129820;41199;77.8;76.7;24.3
52;2021-12-12;6;9;271;131612;129829;41470;77.8;76.7;24.5
52;2021-12-13;46;50;2050;131658;129879;43520;77.8;76.7;25.7
52;2021-12-14;63;65;2803;131721;129944;46323;77.8;76.8;27.4
52;2021-12-15;36;80;2627;131757;130024;48950;77.8;76.8;28.9
52;2021-12-16;38;80;2381;131795;130104;51331;77.9;76.9;30.3
52;2021-12-17;74;104;2612;131869;130208;53943;77.9;76.9;31.9
52;2021-12-18;30;58;1077;131899;130266;55020;77.9;77.0;32.5
52;2021-12-19;11;9;285;131910;130275;55305;77.9;77.0;32.7
52;2021-12-20;59;64;1852;131969;130339;57157;78.0;77.0;33.8
52;2021-12-21;77;52;1822;132046;130391;58979;78.0;77.0;34.8
52;2021-12-22;85;70;1861;132131;130461;60840;78.1;77.1;35.9
52;2021-12-23;49;26;1248;132180;130487;62088;78.1;77.1;36.7
52;2021-12-24;20;15;462;132200;130502;62550;78.1;77.1;37.0
52;2021-12-25;0;1;26;132200;130503;62576;78.1;77.1;37.0
52;2021-12-26;3;2;53;132203;130505;62629;78.1;77.1;37.0
53;2020-12-27;0;0;0;0;0;0;0.0;0.0;0.0
53;2020-12-28;0;0;0;0;0;0;0.0;0.0;0.0
53;2020-12-29;0;0;0;0;0;0;0.0;0.0;0.0
53;2020-12-30;0;0;0;0;0;0;0.0;0.0;0.0
53;2020-12-31;0;0;0;0;0;0;0.0;0.0;0.0
53;2021-01-01;0;0;0;0;0;0;0.0;0.0;0.0
53;2021-01-02;3;1;0;3;1;0;0.0;0.0;0.0
53;2021-01-03;0;0;0;3;1;0;0.0;0.0;0.0
53;2021-01-04;0;0;0;3;1;0;0.0;0.0;0.0
53;2021-01-05;0;0;0;3;1;0;0.0;0.0;0.0
53;2021-01-06;1;0;0;4;1;0;0.0;0.0;0.0
53;2021-01-07;99;0;0;103;1;0;0.0;0.0;0.0
53;2021-01-08;266;1;0;369;2;0;0.1;0.0;0.0
53;2021-01-09;133;1;0;502;3;0;0.2;0.0;0.0
53;2021-01-10;17;0;0;519;3;0;0.2;0.0;0.0
53;2021-01-11;176;1;0;695;4;0;0.2;0.0;0.0
53;2021-01-12;350;2;0;1045;6;0;0.3;0.0;0.0
53;2021-01-13;246;0;0;1291;6;0;0.4;0.0;0.0
53;2021-01-14;279;5;0;1570;11;0;0.5;0.0;0.0
53;2021-01-15;337;5;0;1907;16;0;0.6;0.0;0.0
53;2021-01-16;64;0;0;1971;16;0;0.6;0.0;0.0
53;2021-01-17;34;1;0;2005;17;0;0.7;0.0;0.0
53;2021-01-18;369;0;0;2374;17;0;0.8;0.0;0.0
53;2021-01-19;564;0;0;2938;17;0;1.0;0.0;0.0
53;2021-01-20;590;0;0;3528;17;0;1.2;0.0;0.0
53;2021-01-21;666;3;0;4194;20;0;1.4;0.0;0.0
53;2021-01-22;573;9;0;4767;29;0;1.6;0.0;0.0
53;2021-01-23;159;1;0;4926;30;0;1.6;0.0;0.0
53;2021-01-24;8;0;0;4934;30;0;1.6;0.0;0.0
53;2021-01-25;511;0;0;5445;30;0;1.8;0.0;0.0
53;2021-01-26;1149;7;0;6594;37;0;2.2;0.0;0.0
53;2021-01-27;691;5;0;7285;42;0;2.4;0.0;0.0
53;2021-01-28;676;91;0;7961;133;0;2.6;0.0;0.0
53;2021-01-29;415;171;0;8376;304;0;2.7;0.1;0.0
53;2021-01-30;141;0;0;8517;304;0;2.8;0.1;0.0
53;2021-01-31;0;0;0;8517;304;0;2.8;0.1;0.0
53;2021-02-01;311;145;0;8828;449;0;2.9;0.1;0.0
53;2021-02-02;315;198;0;9143;647;0;3.0;0.2;0.0
53;2021-02-03;228;305;0;9371;952;0;3.1;0.3;0.0
53;2021-02-04;183;315;0;9554;1267;0;3.1;0.4;0.0
53;2021-02-05;242;274;0;9796;1541;0;3.2;0.5;0.0
53;2021-02-06;151;26;0;9947;1567;0;3.3;0.5;0.0
53;2021-02-07;1;1;0;9948;1568;0;3.3;0.5;0.0
53;2021-02-08;178;120;0;10126;1688;0;3.3;0.6;0.0
53;2021-02-09;338;173;0;10464;1861;0;3.4;0.6;0.0
53;2021-02-10;190;312;0;10654;2173;0;3.5;0.7;0.0
53;2021-02-11;378;383;0;11032;2556;0;3.6;0.8;0.0
53;2021-02-12;316;487;0;11348;3043;0;3.7;1.0;0.0
53;2021-02-13;104;112;0;11452;3155;0;3.8;1.0;0.0
53;2021-02-14;0;77;0;11452;3232;0;3.8;1.1;0.0
53;2021-02-15;261;426;0;11713;3658;0;3.8;1.2;0.0
53;2021-02-16;494;782;0;12207;4440;0;4.0;1.5;0.0
53;2021-02-17;390;611;0;12597;5051;0;4.1;1.7;0.0
53;2021-02-18;525;545;0;13122;5596;0;4.3;1.8;0.0
53;2021-02-19;858;370;0;13980;5966;0;4.6;2.0;0.0
53;2021-02-20;143;114;0;14123;6080;0;4.6;2.0;0.0
53;2021-02-21;0;15;0;14123;6095;0;4.6;2.0;0.0
53;2021-02-22;178;517;0;14301;6612;0;4.7;2.2;0.0
53;2021-02-23;83;615;0;14384;7227;0;4.7;2.4;0.0
53;2021-02-24;149;480;0;14533;7707;0;4.8;2.5;0.0
53;2021-02-25;490;353;0;15023;8060;0;4.9;2.6;0.0
53;2021-02-26;460;262;0;15483;8322;0;5.1;2.7;0.0
53;2021-02-27;103;126;0;15586;8448;0;5.1;2.8;0.0
53;2021-02-28;2;5;0;15588;8453;0;5.1;2.8;0.0
53;2021-03-01;242;298;0;15830;8751;0;5.2;2.9;0.0
53;2021-03-02;267;275;0;16097;9026;0;5.3;3.0;0.0
53;2021-03-03;352;351;0;16449;9377;0;5.4;3.1;0.0
53;2021-03-04;892;309;0;17341;9686;0;5.7;3.2;0.0
53;2021-03-05;676;272;0;18017;9958;0;5.9;3.3;0.0
53;2021-03-06;454;212;0;18471;10170;0;6.0;3.3;0.0
53;2021-03-07;294;7;0;18765;10177;0;6.1;3.3;0.0
53;2021-03-08;372;179;0;19137;10356;0;6.3;3.4;0.0
53;2021-03-09;925;225;0;20062;10581;0;6.6;3.5;0.0
53;2021-03-10;856;116;0;20918;10697;0;6.9;3.5;0.0
53;2021-03-11;1307;214;0;22225;10911;0;7.3;3.6;0.0
53;2021-03-12;1639;165;0;23864;11076;0;7.8;3.6;0.0
53;2021-03-13;823;23;0;24687;11099;0;8.1;3.6;0.0
53;2021-03-14;6;4;0;24693;11103;0;8.1;3.6;0.0
53;2021-03-15;981;305;0;25674;11408;0;8.4;3.7;0.0
53;2021-03-16;1011;323;0;26685;11731;0;8.7;3.8;0.0
53;2021-03-17;742;266;0;27427;11997;0;9.0;3.9;0.0
53;2021-03-18;1004;356;0;28431;12353;0;9.3;4.0;0.0
53;2021-03-19;1313;585;0;29744;12938;0;9.7;4.2;0.0
53;2021-03-20;614;19;0;30358;12957;0;9.9;4.2;0.0
53;2021-03-21;4;0;0;30362;12957;0;9.9;4.2;0.0
53;2021-03-22;1182;166;0;31544;13123;0;10.3;4.3;0.0
53;2021-03-23;1697;85;0;33241;13208;0;10.9;4.3;0.0
53;2021-03-24;1356;133;0;34597;13341;0;11.3;4.4;0.0
53;2021-03-25;2248;247;0;36845;13588;0;12.1;4.4;0.0
53;2021-03-26;1915;170;0;38760;13758;0;12.7;4.5;0.0
53;2021-03-27;360;14;0;39120;13772;0;12.8;4.5;0.0
53;2021-03-28;14;3;0;39134;13775;0;12.8;4.5;0.0
53;2021-03-29;1352;225;0;40486;14000;0;13.3;4.6;0.0
53;2021-03-30;1838;218;0;42324;14218;0;13.9;4.7;0.0
53;2021-03-31;1657;226;0;43981;14444;0;14.4;4.7;0.0
53;2021-04-01;1797;661;0;45778;15105;0;15.0;4.9;0.0
53;2021-04-02;1929;213;0;47707;15318;0;15.6;5.0;0.0
53;2021-04-03;395;13;0;48102;15331;0;15.8;5.0;0.0
53;2021-04-04;12;3;0;48114;15334;0;15.8;5.0;0.0
53;2021-04-05;15;13;0;48129;15347;0;15.8;5.0;0.0
53;2021-04-06;1182;539;0;49311;15886;0;16.1;5.2;0.0
53;2021-04-07;1134;955;0;50445;16841;0;16.5;5.5;0.0
53;2021-04-08;1669;1031;0;52114;17872;0;17.1;5.9;0.0
53;2021-04-09;1829;452;0;53943;18324;0;17.7;6.0;0.0
53;2021-04-10;561;15;0;54504;18339;0;17.8;6.0;0.0
53;2021-04-11;23;5;0;54527;18344;0;17.9;6.0;0.0
53;2021-04-12;767;1058;0;55294;19402;0;18.1;6.4;0.0
53;2021-04-13;1543;1102;0;56837;20504;0;18.6;6.7;0.0
53;2021-04-14;1041;781;0;57878;21285;0;19.0;7.0;0.0
53;2021-04-15;1257;1113;0;59135;22398;0;19.4;7.3;0.0
53;2021-04-16;1449;787;0;60584;23185;0;19.8;7.6;0.0
53;2021-04-17;435;304;0;61019;23489;0;20.0;7.7;0.0
53;2021-04-18;33;5;0;61052;23494;0;20.0;7.7;0.0
53;2021-04-19;754;990;0;61806;24484;0;20.2;8.0;0.0
53;2021-04-20;993;1456;0;62799;25940;0;20.6;8.5;0.0
53;2021-04-21;967;1030;0;63766;26970;0;20.9;8.8;0.0
53;2021-04-22;1181;1589;0;64947;28559;0;21.3;9.4;0.0
53;2021-04-23;1431;998;0;66378;29557;0;21.7;9.7;0.0
53;2021-04-24;182;34;0;66560;29591;0;21.8;9.7;0.0
53;2021-04-25;44;44;0;66604;29635;0;21.8;9.7;0.0
53;2021-04-26;484;1119;0;67088;30754;0;22.0;10.1;0.0
53;2021-04-27;932;1788;0;68020;32542;0;22.3;10.7;0.0
53;2021-04-28;1163;1320;0;69183;33862;0;22.7;11.1;0.0
53;2021-04-29;1233;1596;0;70416;35458;0;23.1;11.6;0.0
53;2021-04-30;1552;1279;0;71968;36737;0;23.6;12.0;0.0
53;2021-05-01;156;69;0;72124;36806;0;23.6;12.1;0.0
53;2021-05-02;69;11;0;72193;36817;0;23.6;12.1;0.0
53;2021-05-03;1666;699;0;73859;37516;0;24.2;12.3;0.0
53;2021-05-04;1392;1298;0;75251;38814;0;24.6;12.7;0.0
53;2021-05-05;1699;807;0;76950;39621;0;25.2;13.0;0.0
53;2021-05-06;1509;1323;0;78459;40944;0;25.7;13.4;0.0
53;2021-05-07;1573;1360;0;80032;42304;0;26.2;13.9;0.0
53;2021-05-08;979;70;0;81011;42374;0;26.5;13.9;0.0
53;2021-05-09;70;18;0;81081;42392;0;26.6;13.9;0.0
53;2021-05-10;2452;881;0;83533;43273;0;27.4;14.2;0.0
53;2021-05-11;3111;1342;0;86644;44615;0;28.4;14.6;0.0
53;2021-05-12;2685;1160;0;89329;45775;0;29.3;15.0;0.0
53;2021-05-13;377;49;0;89706;45824;0;29.4;15.0;0.0
53;2021-05-14;1943;710;0;91649;46534;0;30.0;15.2;0.0
53;2021-05-15;1163;130;0;92812;46664;0;30.4;15.3;0.0
53;2021-05-16;100;13;0;92912;46677;0;30.4;15.3;0.0
53;2021-05-17;1695;1308;0;94607;47985;0;31.0;15.7;0.0
53;2021-05-18;1913;1546;0;96520;49531;0;31.6;16.2;0.0
53;2021-05-19;2446;797;0;98966;50328;0;32.4;16.5;0.0
53;2021-05-20;3058;928;0;102024;51256;0;33.4;16.8;0.0
53;2021-05-21;2665;942;0;104689;52198;0;34.3;17.1;0.0
53;2021-05-22;246;108;0;104935;52306;0;34.4;17.1;0.0
53;2021-05-23;79;3;0;105014;52309;0;34.4;17.1;0.0
53;2021-05-24;145;17;0;105159;52326;0;34.4;17.1;0.0
53;2021-05-25;1799;847;0;106958;53173;0;35.0;17.4;0.0
53;2021-05-26;1817;941;0;108775;54114;0;35.6;17.7;0.0
53;2021-05-27;2968;1100;0;111743;55214;0;36.6;18.1;0.0
53;2021-05-28;2485;1028;0;114228;56242;0;37.4;18.4;0.0
53;2021-05-29;972;283;0;115200;56525;0;37.7;18.5;0.0
53;2021-05-30;45;12;0;115245;56537;0;37.7;18.5;0.0
53;2021-05-31;2457;903;0;117702;57440;0;38.5;18.8;0.0
53;2021-06-01;3224;1316;0;120926;58756;0;39.6;19.2;0.0
53;2021-06-02;2848;623;0;123774;59379;0;40.5;19.4;0.0
53;2021-06-03;3742;858;0;127516;60237;0;41.8;19.7;0.0
53;2021-06-04;2892;1369;0;130408;61606;0;42.7;20.2;0.0
53;2021-06-05;340;343;0;130748;61949;0;42.8;20.3;0.0
53;2021-06-06;35;47;0;130783;61996;0;42.8;20.3;0.0
53;2021-06-07;2478;1081;0;133261;63077;0;43.6;20.7;0.0
53;2021-06-08;3183;1239;0;136444;64316;0;44.7;21.1;0.0
53;2021-06-09;2248;1023;0;138692;65339;0;45.4;21.4;0.0
53;2021-06-10;3136;930;0;141828;66269;0;46.4;21.7;0.0
53;2021-06-11;2688;1384;0;144516;67653;0;47.3;22.2;0.0
53;2021-06-12;263;268;0;144779;67921;0;47.4;22.2;0.0
53;2021-06-13;56;60;0;144835;67981;0;47.4;22.3;0.0
53;2021-06-14;1502;1878;0;146337;69859;0;47.9;22.9;0.0
53;2021-06-15;1818;2342;0;148155;72201;0;48.5;23.6;0.0
53;2021-06-16;1711;1842;0;149866;74043;0;49.1;24.2;0.0
53;2021-06-17;2728;1680;0;152594;75723;0;50.0;24.8;0.0
53;2021-06-18;2510;1839;0;155104;77562;0;50.8;25.4;0.0
53;2021-06-19;744;1218;0;155848;78780;0;51.0;25.8;0.0
53;2021-06-20;35;465;0;155883;79245;0;51.0;26.0;0.0
53;2021-06-21;946;2625;0;156829;81870;0;51.4;26.8;0.0
53;2021-06-22;1298;3440;0;158127;85310;0;51.8;27.9;0.0
53;2021-06-23;1326;2864;0;159453;88174;0;52.2;28.9;0.0
53;2021-06-24;1686;2069;0;161139;90243;0;52.8;29.6;0.0
53;2021-06-25;1707;2184;0;162846;92427;0;53.3;30.3;0.0
53;2021-06-26;984;483;0;163830;92910;0;53.7;30.4;0.0
53;2021-06-27;23;92;0;163853;93002;0;53.7;30.5;0.0
53;2021-06-28;661;2943;0;164514;95945;0;53.9;31.4;0.0
53;2021-06-29;876;3583;0;165390;99528;0;54.2;32.6;0.0
53;2021-06-30;784;1639;0;166174;101167;0;54.4;33.1;0.0
53;2021-07-01;1406;2555;1;167580;103722;1;54.9;34.0;0.0
53;2021-07-02;1470;2077;0;169050;105799;1;55.4;34.6;0.0
53;2021-07-03;851;722;0;169901;106521;1;55.6;34.9;0.0
53;2021-07-04;12;90;0;169913;106611;1;55.6;34.9;0.0
53;2021-07-05;581;2129;0;170494;108740;1;55.8;35.6;0.0
53;2021-07-06;857;3524;0;171351;112264;1;56.1;36.8;0.0
53;2021-07-07;1016;2609;0;172367;114873;1;56.4;37.6;0.0
53;2021-07-08;1236;2989;0;173603;117862;1;56.9;38.6;0.0
53;2021-07-09;1020;3283;0;174623;121145;1;57.2;39.7;0.0
53;2021-07-10;387;1080;0;175010;122225;1;57.3;40.0;0.0
53;2021-07-11;40;66;0;175050;122291;1;57.3;40.0;0.0
53;2021-07-12;522;3516;0;175572;125807;1;57.5;41.2;0.0
53;2021-07-13;902;4416;0;176474;130223;1;57.8;42.6;0.0
53;2021-07-14;206;267;0;176680;130490;1;57.9;42.7;0.0
53;2021-07-15;1160;4039;0;177840;134529;1;58.2;44.1;0.0
53;2021-07-16;1260;3658;0;179100;138187;1;58.7;45.3;0.0
53;2021-07-17;1375;564;0;180475;138751;1;59.1;45.4;0.0
53;2021-07-18;168;65;0;180643;138816;1;59.2;45.5;0.0
53;2021-07-19;821;3283;0;181464;142099;1;59.4;46.5;0.0
53;2021-07-20;1061;3840;0;182525;145939;1;59.8;47.8;0.0
53;2021-07-21;915;3089;0;183440;149028;1;60.1;48.8;0.0
53;2021-07-22;1600;3244;0;185040;152272;1;60.6;49.9;0.0
53;2021-07-23;1607;3575;0;186647;155847;1;61.1;51.0;0.0
53;2021-07-24;919;476;0;187566;156323;1;61.4;51.2;0.0
53;2021-07-25;103;78;0;187669;156401;1;61.5;51.2;0.0
53;2021-07-26;1644;1957;0;189313;158358;1;62.0;51.9;0.0
53;2021-07-27;2268;2680;0;191581;161038;1;62.7;52.7;0.0
53;2021-07-28;2040;2644;0;193621;163682;1;63.4;53.6;0.0
53;2021-07-29;2366;2393;0;195987;166075;1;64.2;54.4;0.0
53;2021-07-30;1870;2491;0;197857;168566;1;64.8;55.2;0.0
53;2021-07-31;741;400;0;198598;168966;1;65.0;55.3;0.0
53;2021-08-01;131;61;0;198729;169027;1;65.1;55.4;0.0
53;2021-08-02;1915;1710;0;200644;170737;1;65.7;55.9;0.0
53;2021-08-03;2294;1913;0;202938;172650;1;66.5;56.5;0.0
53;2021-08-04;2457;1741;0;205395;174391;1;67.3;57.1;0.0
53;2021-08-05;2615;1430;0;208010;175821;1;68.1;57.6;0.0
53;2021-08-06;2301;1688;0;210311;177509;1;68.9;58.1;0.0
53;2021-08-07;572;344;0;210883;177853;1;69.1;58.2;0.0
53;2021-08-08;81;79;0;210964;177932;1;69.1;58.3;0.0
53;2021-08-09;1721;1600;0;212685;179532;1;69.6;58.8;0.0
53;2021-08-10;2216;1684;0;214901;181216;1;70.4;59.3;0.0
53;2021-08-11;1679;958;0;216580;182174;1;70.9;59.7;0.0
53;2021-08-12;1877;1049;0;218457;183223;1;71.5;60.0;0.0
53;2021-08-13;1867;1295;0;220324;184518;1;72.2;60.4;0.0
53;2021-08-14;180;256;0;220504;184774;1;72.2;60.5;0.0
53;2021-08-15;26;20;0;220530;184794;1;72.2;60.5;0.0
53;2021-08-16;1253;1647;0;221783;186441;1;72.6;61.1;0.0
53;2021-08-17;1462;1667;0;223245;188108;1;73.1;61.6;0.0
53;2021-08-18;1449;1615;0;224694;189723;1;73.6;62.1;0.0
53;2021-08-19;1299;1817;0;225993;191540;1;74.0;62.7;0.0
53;2021-08-20;1068;2043;0;227061;193583;1;74.4;63.4;0.0
53;2021-08-21;208;471;0;227269;194054;1;74.4;63.5;0.0
53;2021-08-22;24;72;0;227293;194126;1;74.4;63.6;0.0
53;2021-08-23;828;1925;0;228121;196051;1;74.7;64.2;0.0
53;2021-08-24;919;2147;0;229040;198198;1;75.0;64.9;0.0
53;2021-08-25;877;2136;0;229917;200334;1;75.3;65.6;0.0
53;2021-08-26;612;2373;0;230529;202707;1;75.5;66.4;0.0
53;2021-08-27;740;2465;0;231269;205172;1;75.7;67.2;0.0
53;2021-08-28;121;407;0;231390;205579;1;75.8;67.3;0.0
53;2021-08-29;15;80;0;231405;205659;1;75.8;67.3;0.0
53;2021-08-30;593;2053;25;231998;207712;26;76.0;68.0;0.0
53;2021-08-31;744;2650;63;232742;210362;89;76.2;68.9;0.0
53;2021-09-01;396;1580;96;233138;211942;185;76.3;69.4;0.1
53;2021-09-02;435;1579;115;233573;213521;300;76.5;69.9;0.1
53;2021-09-03;456;2170;162;234029;215691;462;76.6;70.6;0.2
53;2021-09-04;160;415;33;234189;216106;495;76.7;70.8;0.2
53;2021-09-05;8;34;2;234197;216140;497;76.7;70.8;0.2
53;2021-09-06;310;1386;193;234507;217526;690;76.8;71.2;0.2
53;2021-09-07;287;1633;165;234794;219159;855;76.9;71.8;0.3
53;2021-09-08;425;1906;162;235219;221065;1017;77.0;72.4;0.3
53;2021-09-09;255;1316;116;235474;222381;1133;77.1;72.8;0.4
53;2021-09-10;383;1660;234;235857;224041;1367;77.2;73.4;0.4
53;2021-09-11;82;282;40;235939;224323;1407;77.3;73.5;0.5
53;2021-09-12;1;14;1;235940;224337;1408;77.3;73.5;0.5
53;2021-09-13;256;954;228;236196;225291;1636;77.3;73.8;0.5
53;2021-09-14;232;822;186;236428;226113;1822;77.4;74.0;0.6
53;2021-09-15;357;1077;342;236785;227190;2164;77.5;74.4;0.7
53;2021-09-16;300;410;283;237085;227600;2447;77.6;74.5;0.8
53;2021-09-17;399;963;310;237484;228563;2757;77.8;74.8;0.9
53;2021-09-18;73;207;30;237557;228770;2787;77.8;74.9;0.9
53;2021-09-19;12;15;0;237569;228785;2787;77.8;74.9;0.9
53;2021-09-20;146;391;173;237715;229176;2960;77.8;75.0;1.0
53;2021-09-21;228;620;244;237943;229796;3204;77.9;75.3;1.0
53;2021-09-22;199;699;229;238142;230495;3433;78.0;75.5;1.1
53;2021-09-23;138;374;663;238280;230869;4096;78.0;75.6;1.3
53;2021-09-24;206;648;257;238486;231517;4353;78.1;75.8;1.4
53;2021-09-25;47;155;45;238533;231672;4398;78.1;75.9;1.4
53;2021-09-26;0;4;0;238533;231676;4398;78.1;75.9;1.4
53;2021-09-27;156;380;308;238689;232056;4706;78.2;76.0;1.5
53;2021-09-28;172;303;323;238861;232359;5029;78.2;76.1;1.6
53;2021-09-29;163;503;301;239024;232862;5330;78.3;76.3;1.7
53;2021-09-30;98;220;267;239122;233082;5597;78.3;76.3;1.8
53;2021-10-01;259;588;415;239381;233670;6012;78.4;76.5;2.0
53;2021-10-02;55;114;31;239436;233784;6043;78.4;76.6;2.0
53;2021-10-03;6;8;4;239442;233792;6047;78.4;76.6;2.0
53;2021-10-04;135;276;459;239577;234068;6506;78.5;76.7;2.1
53;2021-10-05;116;216;472;239693;234284;6978;78.5;76.7;2.3
53;2021-10-06;194;366;425;239887;234650;7403;78.6;76.8;2.4
53;2021-10-07;89;295;154;239976;234945;7557;78.6;76.9;2.5
53;2021-10-08;238;494;571;240214;235439;8128;78.7;77.1;2.7
53;2021-10-09;41;73;22;240255;235512;8150;78.7;77.1;2.7
53;2021-10-10;1;2;1;240256;235514;8151;78.7;77.1;2.7
53;2021-10-11;111;172;485;240367;235686;8636;78.7;77.2;2.8
53;2021-10-12;103;221;472;240470;235907;9108;78.7;77.3;3.0
53;2021-10-13;121;235;471;240591;236142;9579;78.8;77.3;3.1
53;2021-10-14;82;129;267;240673;236271;9846;78.8;77.4;3.2
53;2021-10-15;214;350;754;240887;236621;10600;78.9;77.5;3.5
53;2021-10-16;42;68;35;240929;236689;10635;78.9;77.5;3.5
53;2021-10-17;1;2;0;240930;236691;10635;78.9;77.5;3.5
53;2021-10-18;160;205;602;241090;236896;11237;79.0;77.6;3.7
53;2021-10-19;75;192;520;241165;237088;11757;79.0;77.6;3.9
53;2021-10-20;68;149;594;241233;237237;12351;79.0;77.7;4.0
53;2021-10-21;26;83;349;241259;237320;12700;79.0;77.7;4.2
53;2021-10-22;72;292;696;241331;237612;13396;79.0;77.8;4.4
53;2021-10-23;15;49;53;241346;237661;13449;79.0;77.8;4.4
53;2021-10-24;2;2;0;241348;237663;13449;79.0;77.8;4.4
53;2021-10-25;54;120;623;241402;237783;14072;79.1;77.9;4.6
53;2021-10-26;47;94;598;241449;237877;14670;79.1;77.9;4.8
53;2021-10-27;69;149;810;241518;238026;15480;79.1;77.9;5.1
53;2021-10-28;32;66;524;241550;238092;16004;79.1;78.0;5.2
53;2021-10-29;69;247;829;241619;238339;16833;79.1;78.1;5.5
53;2021-10-30;12;32;70;241631;238371;16903;79.1;78.1;5.5
53;2021-10-31;0;2;0;241631;238373;16903;79.1;78.1;5.5
53;2021-11-01;0;2;5;241631;238375;16908;79.1;78.1;5.5
53;2021-11-02;65;150;879;241696;238525;17787;79.1;78.1;5.8
53;2021-11-03;76;132;702;241772;238657;18489;79.2;78.2;6.1
53;2021-11-04;42;95;679;241814;238752;19168;79.2;78.2;6.3
53;2021-11-05;82;217;956;241896;238969;20124;79.2;78.3;6.6
53;2021-11-06;12;49;98;241908;239018;20222;79.2;78.3;6.6
53;2021-11-07;0;1;11;241908;239019;20233;79.2;78.3;6.6
53;2021-11-08;31;147;906;241939;239166;21139;79.2;78.3;6.9
53;2021-11-09;45;124;1132;241984;239290;22271;79.2;78.4;7.3
53;2021-11-10;78;113;1072;242062;239403;23343;79.3;78.4;7.6
53;2021-11-11;3;1;29;242065;239404;23372;79.3;78.4;7.7
53;2021-11-12;35;44;563;242100;239448;23935;79.3;78.4;7.8
53;2021-11-13;11;32;131;242111;239480;24066;79.3;78.4;7.9
53;2021-11-14;0;2;6;242111;239482;24072;79.3;78.4;7.9
53;2021-11-15;45;67;1184;242156;239549;25256;79.3;78.4;8.3
53;2021-11-16;30;58;792;242186;239607;26048;79.3;78.5;8.5
53;2021-11-17;60;66;1082;242246;239673;27130;79.3;78.5;8.9
53;2021-11-18;38;63;1112;242284;239736;28242;79.3;78.5;9.2
53;2021-11-19;82;113;1472;242366;239849;29714;79.4;78.5;9.7
53;2021-11-20;15;18;127;242381;239867;29841;79.4;78.6;9.8
53;2021-11-21;2;0;8;242383;239867;29849;79.4;78.6;9.8
53;2021-11-22;45;26;1199;242428;239893;31048;79.4;78.6;10.2
53;2021-11-23;40;35;1112;242468;239928;32160;79.4;78.6;10.5
53;2021-11-24;79;104;1159;242547;240032;33319;79.4;78.6;10.9
53;2021-11-25;49;54;1237;242596;240086;34556;79.4;78.6;11.3
53;2021-11-26;116;97;2389;242712;240183;36945;79.5;78.7;12.1
53;2021-11-27;15;24;280;242727;240207;37225;79.5;78.7;12.2
53;2021-11-28;4;1;62;242731;240208;37287;79.5;78.7;12.2
53;2021-11-29;52;57;2460;242783;240265;39747;79.5;78.7;13.0
53;2021-11-30;35;50;2113;242818;240315;41860;79.5;78.7;13.7
53;2021-12-01;65;81;2495;242883;240396;44355;79.5;78.7;14.5
53;2021-12-02;36;19;2134;242919;240415;46489;79.6;78.7;15.2
53;2021-12-03;63;80;3578;242982;240495;50067;79.6;78.8;16.4
53;2021-12-04;28;24;1111;243010;240519;51178;79.6;78.8;16.8
53;2021-12-05;0;3;77;243010;240522;51255;79.6;78.8;16.8
53;2021-12-06;33;45;3316;243043;240567;54571;79.6;78.8;17.9
53;2021-12-07;44;35;3267;243087;240602;57838;79.6;78.8;18.9
53;2021-12-08;43;83;2849;243130;240685;60687;79.6;78.8;19.9
53;2021-12-09;54;36;4367;243184;240721;65054;79.6;78.8;21.3
53;2021-12-10;54;71;3873;243238;240792;68927;79.7;78.9;22.6
53;2021-12-11;32;21;1557;243270;240813;70484;79.7;78.9;23.1
53;2021-12-12;7;5;152;243277;240818;70636;79.7;78.9;23.1
53;2021-12-13;27;52;3676;243304;240870;74312;79.7;78.9;24.3
53;2021-12-14;42;54;3638;243346;240924;77950;79.7;78.9;25.5
53;2021-12-15;34;79;3378;243380;241003;81328;79.7;78.9;26.6
53;2021-12-16;52;53;4329;243432;241056;85657;79.7;78.9;28.1
53;2021-12-17;57;123;5001;243489;241179;90658;79.7;79.0;29.7
53;2021-12-18;25;31;1932;243514;241210;92590;79.7;79.0;30.3
53;2021-12-19;4;2;106;243518;241212;92696;79.7;79.0;30.4
53;2021-12-20;50;74;4370;243568;241286;97066;79.8;79.0;31.8
53;2021-12-21;84;76;4469;243652;241362;101535;79.8;79.0;33.3
53;2021-12-22;74;69;3361;243726;241431;104896;79.8;79.1;34.4
53;2021-12-23;60;39;2130;243786;241470;107026;79.8;79.1;35.0
53;2021-12-24;12;9;469;243798;241479;107495;79.8;79.1;35.2
53;2021-12-25;0;0;11;243798;241479;107506;79.8;79.1;35.2
53;2021-12-26;0;0;38;243798;241479;107544;79.8;79.1;35.2
54;2020-12-27;0;0;0;0;0;0;0.0;0.0;0.0
54;2020-12-28;3;0;0;3;0;0;0.0;0.0;0.0
54;2020-12-29;0;0;0;3;0;0;0.0;0.0;0.0
54;2020-12-30;2;0;0;5;0;0;0.0;0.0;0.0
54;2020-12-31;9;0;0;14;0;0;0.0;0.0;0.0
54;2021-01-01;1;0;0;15;0;0;0.0;0.0;0.0
54;2021-01-02;0;0;0;15;0;0;0.0;0.0;0.0
54;2021-01-03;2;0;0;17;0;0;0.0;0.0;0.0
54;2021-01-04;156;0;0;173;0;0;0.0;0.0;0.0
54;2021-01-05;387;1;0;560;1;0;0.1;0.0;0.0
54;2021-01-06;621;1;0;1181;2;0;0.2;0.0;0.0
54;2021-01-07;800;2;0;1981;4;0;0.3;0.0;0.0
54;2021-01-08;693;3;0;2674;7;0;0.4;0.0;0.0
54;2021-01-09;109;0;0;2783;7;0;0.4;0.0;0.0
54;2021-01-10;72;0;0;2855;7;0;0.4;0.0;0.0
54;2021-01-11;950;3;0;3805;10;0;0.5;0.0;0.0
54;2021-01-12;1165;2;0;4970;12;0;0.7;0.0;0.0
54;2021-01-13;2396;7;0;7366;19;0;1.0;0.0;0.0
54;2021-01-14;3264;26;0;10630;45;0;1.5;0.0;0.0
54;2021-01-15;2618;19;0;13248;64;0;1.8;0.0;0.0
54;2021-01-16;813;4;0;14061;68;0;1.9;0.0;0.0
54;2021-01-17;218;0;0;14279;68;0;2.0;0.0;0.0
54;2021-01-18;1575;6;0;15854;74;0;2.2;0.0;0.0
54;2021-01-19;1676;2;0;17530;76;0;2.4;0.0;0.0
54;2021-01-20;1572;5;0;19102;81;0;2.6;0.0;0.0
54;2021-01-21;1453;4;0;20555;85;0;2.8;0.0;0.0
54;2021-01-22;1144;8;0;21699;93;0;3.0;0.0;0.0
54;2021-01-23;479;1;0;22178;94;0;3.0;0.0;0.0
54;2021-01-24;76;0;0;22254;94;0;3.0;0.0;0.0
54;2021-01-25;974;41;0;23228;135;0;3.2;0.0;0.0
54;2021-01-26;223;18;0;23451;153;0;3.2;0.0;0.0
54;2021-01-27;94;175;0;23545;328;0;3.2;0.0;0.0
54;2021-01-28;118;245;0;23663;573;0;3.2;0.1;0.0
54;2021-01-29;61;287;0;23724;860;0;3.2;0.1;0.0
54;2021-01-30;30;14;0;23754;874;0;3.3;0.1;0.0
54;2021-01-31;2;0;0;23756;874;0;3.3;0.1;0.0
54;2021-02-01;45;783;0;23801;1657;0;3.3;0.2;0.0
54;2021-02-02;77;961;0;23878;2618;0;3.3;0.4;0.0
54;2021-02-03;393;1496;0;24271;4114;0;3.3;0.6;0.0
54;2021-02-04;728;2368;0;24999;6482;0;3.4;0.9;0.0
54;2021-02-05;775;1800;0;25774;8282;0;3.5;1.1;0.0
54;2021-02-06;224;349;0;25998;8631;0;3.6;1.2;0.0
54;2021-02-07;5;130;0;26003;8761;0;3.6;1.2;0.0
54;2021-02-08;169;1031;0;26172;9792;0;3.6;1.3;0.0
54;2021-02-09;361;1074;0;26533;10866;0;3.6;1.5;0.0
54;2021-02-10;405;821;0;26938;11687;0;3.7;1.6;0.0
54;2021-02-11;371;895;0;27309;12582;0;3.7;1.7;0.0
54;2021-02-12;513;1301;0;27822;13883;0;3.8;1.9;0.0
54;2021-02-13;174;240;0;27996;14123;0;3.8;1.9;0.0
54;2021-02-14;32;24;0;28028;14147;0;3.8;1.9;0.0
54;2021-02-15;433;1147;0;28461;15294;0;3.9;2.1;0.0
54;2021-02-16;449;1217;0;28910;16511;0;4.0;2.3;0.0
54;2021-02-17;568;1004;0;29478;17515;0;4.0;2.4;0.0
54;2021-02-18;627;851;0;30105;18366;0;4.1;2.5;0.0
54;2021-02-19;558;762;0;30663;19128;0;4.2;2.6;0.0
54;2021-02-20;73;302;0;30736;19430;0;4.2;2.7;0.0
54;2021-02-21;7;25;0;30743;19455;0;4.2;2.7;0.0
54;2021-02-22;538;660;0;31281;20115;0;4.3;2.8;0.0
54;2021-02-23;828;554;0;32109;20669;0;4.4;2.8;0.0
54;2021-02-24;828;396;0;32937;21065;0;4.5;2.9;0.0
54;2021-02-25;1541;722;0;34478;21787;0;4.7;3.0;0.0
54;2021-02-26;1932;768;0;36410;22555;0;5.0;3.1;0.0
54;2021-02-27;899;132;0;37309;22687;0;5.1;3.1;0.0
54;2021-02-28;106;31;0;37415;22718;0;5.1;3.1;0.0
54;2021-03-01;697;244;0;38112;22962;0;5.2;3.1;0.0
54;2021-03-02;1574;222;0;39686;23184;0;5.4;3.2;0.0
54;2021-03-03;1813;116;0;41499;23300;0;5.7;3.2;0.0
54;2021-03-04;2109;168;0;43608;23468;0;6.0;3.2;0.0
54;2021-03-05;2934;200;0;46542;23668;0;6.4;3.2;0.0
54;2021-03-06;4305;136;0;50847;23804;0;7.0;3.3;0.0
54;2021-03-07;2827;81;0;53674;23885;0;7.3;3.3;0.0
54;2021-03-08;1341;118;0;55015;24003;0;7.5;3.3;0.0
54;2021-03-09;2689;162;0;57704;24165;0;7.9;3.3;0.0
54;2021-03-10;3182;152;0;60886;24317;0;8.3;3.3;0.0
54;2021-03-11;3404;166;0;64290;24483;0;8.8;3.4;0.0
54;2021-03-12;5015;240;0;69305;24723;0;9.5;3.4;0.0
54;2021-03-13;4256;157;0;73561;24880;0;10.1;3.4;0.0
54;2021-03-14;559;50;0;74120;24930;0;10.1;3.4;0.0
54;2021-03-15;1695;135;0;75815;25065;0;10.4;3.4;0.0
54;2021-03-16;1790;225;0;77605;25290;0;10.6;3.5;0.0
54;2021-03-17;2001;209;0;79606;25499;0;10.9;3.5;0.0
54;2021-03-18;2047;236;0;81653;25735;0;11.2;3.5;0.0
54;2021-03-19;3337;321;0;84990;26056;0;11.6;3.6;0.0
54;2021-03-20;2396;99;0;87386;26155;0;12.0;3.6;0.0
54;2021-03-21;318;19;0;87704;26174;0;12.0;3.6;0.0
54;2021-03-22;1198;379;0;88902;26553;0;12.2;3.6;0.0
54;2021-03-23;2007;645;0;90909;27198;0;12.4;3.7;0.0
54;2021-03-24;2216;748;0;93125;27946;0;12.7;3.8;0.0
54;2021-03-25;3286;800;0;96411;28746;0;13.2;3.9;0.0
54;2021-03-26;3647;894;0;100058;29640;0;13.7;4.1;0.0
54;2021-03-27;2306;434;0;102364;30074;0;14.0;4.1;0.0
54;2021-03-28;264;110;0;102628;30184;0;14.1;4.1;0.0
54;2021-03-29;1694;456;0;104322;30640;0;14.3;4.2;0.0
54;2021-03-30;2569;1113;0;106891;31753;0;14.6;4.3;0.0
54;2021-03-31;2577;1224;0;109468;32977;0;15.0;4.5;0.0
54;2021-04-01;3109;1365;0;112577;34342;0;15.4;4.7;0.0
54;2021-04-02;2941;1798;0;115518;36140;0;15.8;4.9;0.0
54;2021-04-03;1344;1447;0;116862;37587;0;16.0;5.1;0.0
54;2021-04-04;146;426;0;117008;38013;0;16.0;5.2;0.0
54;2021-04-05;241;566;0;117249;38579;0;16.1;5.3;0.0
54;2021-04-06;1391;1708;0;118640;40287;0;16.2;5.5;0.0
54;2021-04-07;1196;2343;0;119836;42630;0;16.4;5.8;0.0
54;2021-04-08;2605;2505;0;122441;45135;0;16.8;6.2;0.0
54;2021-04-09;4359;3099;0;126800;48234;0;17.4;6.6;0.0
54;2021-04-10;3198;1853;0;129998;50087;0;17.8;6.9;0.0
54;2021-04-11;203;986;0;130201;51073;0;17.8;7.0;0.0
54;2021-04-12;2317;1565;0;132518;52638;0;18.1;7.2;0.0
54;2021-04-13;3124;1966;0;135642;54604;0;18.6;7.5;0.0
54;2021-04-14;3395;1883;0;139037;56487;0;19.0;7.7;0.0
54;2021-04-15;3093;2348;0;142130;58835;0;19.5;8.1;0.0
54;2021-04-16;3190;2691;0;145320;61526;0;19.9;8.4;0.0
54;2021-04-17;3294;1541;0;148614;63067;0;20.3;8.6;0.0
54;2021-04-18;185;273;0;148799;63340;0;20.4;8.7;0.0
54;2021-04-19;2529;1133;0;151328;64473;0;20.7;8.8;0.0
54;2021-04-20;3066;1336;0;154394;65809;0;21.1;9.0;0.0
54;2021-04-21;3794;1605;0;158188;67414;0;21.7;9.2;0.0
54;2021-04-22;3584;2356;0;161772;69770;0;22.1;9.6;0.0
54;2021-04-23;3770;2189;0;165542;71959;0;22.7;9.9;0.0
54;2021-04-24;2267;995;0;167809;72954;0;23.0;10.0;0.0
54;2021-04-25;289;276;0;168098;73230;0;23.0;10.0;0.0
54;2021-04-26;2284;1376;0;170382;74606;0;23.3;10.2;0.0
54;2021-04-27;3165;1402;0;173547;76008;0;23.8;10.4;0.0
54;2021-04-28;2702;1945;0;176249;77953;0;24.1;10.7;0.0
54;2021-04-29;3710;2116;0;179959;80069;0;24.6;11.0;0.0
54;2021-04-30;4484;2070;0;184443;82139;0;25.3;11.2;0.0
54;2021-05-01;2191;800;0;186634;82939;0;25.6;11.4;0.0
54;2021-05-02;276;89;0;186910;83028;0;25.6;11.4;0.0
54;2021-05-03;3060;1093;0;189970;84121;0;26.0;11.5;0.0
54;2021-05-04;3514;1640;0;193484;85761;0;26.5;11.7;0.0
54;2021-05-05;4833;1693;0;198317;87454;0;27.2;12.0;0.0
54;2021-05-06;4541;2876;0;202858;90330;0;27.8;12.4;0.0
54;2021-05-07;5012;3506;0;207870;93836;0;28.5;12.8;0.0
54;2021-05-08;2074;670;0;209944;94506;0;28.7;12.9;0.0
54;2021-05-09;502;184;0;210446;94690;0;28.8;13.0;0.0
54;2021-05-10;3197;2359;0;213643;97049;0;29.3;13.3;0.0
54;2021-05-11;5425;3115;0;219068;100164;0;30.0;13.7;0.0
54;2021-05-12;4215;3507;0;223283;103671;0;30.6;14.2;0.0
54;2021-05-13;2732;517;0;226015;104188;0;30.9;14.3;0.0
54;2021-05-14;6811;2081;0;232826;106269;0;31.9;14.5;0.0
54;2021-05-15;5332;1315;0;238158;107584;0;32.6;14.7;0.0
54;2021-05-16;1066;117;0;239224;107701;0;32.8;14.7;0.0
54;2021-05-17;3721;903;0;242945;108604;0;33.3;14.9;0.0
54;2021-05-18;3413;1225;0;246358;109829;0;33.7;15.0;0.0
54;2021-05-19;3660;1543;0;250018;111372;0;34.2;15.2;0.0
54;2021-05-20;4496;1673;0;254514;113045;0;34.8;15.5;0.0
54;2021-05-21;6442;2544;0;260956;115589;0;35.7;15.8;0.0
54;2021-05-22;5225;1379;0;266181;116968;0;36.4;16.0;0.0
54;2021-05-23;517;89;0;266698;117057;0;36.5;16.0;0.0
54;2021-05-24;1426;352;0;268124;117409;0;36.7;16.1;0.0
54;2021-05-25;4062;1628;0;272186;119037;0;37.3;16.3;0.0
54;2021-05-26;3436;2265;0;275622;121302;0;37.7;16.6;0.0
54;2021-05-27;3868;2440;0;279490;123742;0;38.3;16.9;0.0
54;2021-05-28;4920;3665;0;284410;127407;0;38.9;17.4;0.0
54;2021-05-29;3794;3908;0;288204;131315;0;39.5;18.0;0.0
54;2021-05-30;204;146;0;288408;131461;0;39.5;18.0;0.0
54;2021-05-31;2911;3073;0;291319;134534;0;39.9;18.4;0.0
54;2021-06-01;2921;4176;0;294240;138710;0;40.3;19.0;0.0
54;2021-06-02;2540;3804;0;296780;142514;0;40.6;19.5;0.0
54;2021-06-03;3180;5200;0;299960;147714;0;41.1;20.2;0.0
54;2021-06-04;5223;5359;0;305183;153073;0;41.8;21.0;0.0
54;2021-06-05;2593;3208;0;307776;156281;0;42.1;21.4;0.0
54;2021-06-06;195;259;0;307971;156540;0;42.2;21.4;0.0
54;2021-06-07;3625;2872;0;311596;159412;0;42.7;21.8;0.0
54;2021-06-08;4500;4125;0;316096;163537;0;43.3;22.4;0.0
54;2021-06-09;5775;3142;0;321871;166679;0;44.1;22.8;0.0
54;2021-06-10;5173;4369;0;327044;171048;0;44.8;23.4;0.0
54;2021-06-11;4867;4924;0;331911;175972;0;45.4;24.1;0.0
54;2021-06-12;3959;3118;0;335870;179090;0;46.0;24.5;0.0
54;2021-06-13;142;254;0;336012;179344;0;46.0;24.6;0.0
54;2021-06-14;2354;3637;0;338366;182981;0;46.3;25.1;0.0
54;2021-06-15;2946;4807;0;341312;187788;0;46.7;25.7;0.0
54;2021-06-16;3355;5598;0;344667;193386;0;47.2;26.5;0.0
54;2021-06-17;3108;5277;0;347775;198663;0;47.6;27.2;0.0
54;2021-06-18;3987;6235;0;351762;204898;0;48.2;28.1;0.0
54;2021-06-19;2627;3106;0;354389;208004;0;48.5;28.5;0.0
54;2021-06-20;125;336;0;354514;208340;0;48.5;28.5;0.0
54;2021-06-21;2341;4698;0;356855;213038;0;48.9;29.2;0.0
54;2021-06-22;1955;6176;0;358810;219214;0;49.1;30.0;0.0
54;2021-06-23;2195;5543;0;361005;224757;0;49.4;30.8;0.0
54;2021-06-24;1959;3477;0;362964;228234;0;49.7;31.2;0.0
54;2021-06-25;2182;7082;0;365146;235316;0;50.0;32.2;0.0
54;2021-06-26;2241;5505;0;367387;240821;0;50.3;33.0;0.0
54;2021-06-27;190;727;0;367577;241548;0;50.3;33.1;0.0
54;2021-06-28;1770;4324;0;369347;245872;0;50.6;33.7;0.0
54;2021-06-29;1804;5209;0;371151;251081;0;50.8;34.4;0.0
54;2021-06-30;1921;5151;1;373072;256232;1;51.1;35.1;0.0
54;2021-07-01;2133;5714;0;375205;261946;1;51.4;35.9;0.0
54;2021-07-02;2778;7251;0;377983;269197;1;51.8;36.9;0.0
54;2021-07-03;2625;4003;0;380608;273200;1;52.1;37.4;0.0
54;2021-07-04;209;545;0;380817;273745;1;52.1;37.5;0.0
54;2021-07-05;1539;4154;0;382356;277899;1;52.3;38.0;0.0
54;2021-07-06;1936;5029;0;384292;282928;1;52.6;38.7;0.0
54;2021-07-07;1879;4738;0;386171;287666;1;52.9;39.4;0.0
54;2021-07-08;1650;3970;0;387821;291636;1;53.1;39.9;0.0
54;2021-07-09;3055;6126;0;390876;297762;1;53.5;40.8;0.0
54;2021-07-10;2394;4270;0;393270;302032;1;53.8;41.4;0.0
54;2021-07-11;58;164;0;393328;302196;1;53.9;41.4;0.0
54;2021-07-12;2076;4759;0;395404;306955;1;54.1;42.0;0.0
54;2021-07-13;2720;5172;0;398124;312127;1;54.5;42.7;0.0
54;2021-07-14;1564;1532;0;399688;313659;1;54.7;42.9;0.0
54;2021-07-15;3219;5092;0;402907;318751;1;55.2;43.6;0.0
54;2021-07-16;4644;6533;0;407551;325284;1;55.8;44.5;0.0
54;2021-07-17;4062;4717;0;411613;330001;1;56.4;45.2;0.0
54;2021-07-18;1567;1582;0;413180;331583;1;56.6;45.4;0.0
54;2021-07-19;2601;4174;0;415781;335757;1;56.9;46.0;0.0
54;2021-07-20;3174;4851;0;418955;340608;1;57.4;46.6;0.0
54;2021-07-21;3511;6219;0;422466;346827;1;57.8;47.5;0.0
54;2021-07-22;3658;5581;0;426124;352408;1;58.3;48.2;0.0
54;2021-07-23;4270;6824;0;430394;359232;1;58.9;49.2;0.0
54;2021-07-24;2905;5059;0;433299;364291;1;59.3;49.9;0.0
54;2021-07-25;216;139;0;433515;364430;1;59.4;49.9;0.0
54;2021-07-26;3012;4101;0;436527;368531;1;59.8;50.5;0.0
54;2021-07-27;3987;4029;0;440514;372560;1;60.3;51.0;0.0
54;2021-07-28;5225;3835;0;445739;376395;1;61.0;51.5;0.0
54;2021-07-29;5160;3148;0;450899;379543;1;61.7;52.0;0.0
54;2021-07-30;5008;4745;0;455907;384288;1;62.4;52.6;0.0
54;2021-07-31;4224;3076;0;460131;387364;1;63.0;53.0;0.0
54;2021-08-01;368;141;0;460499;387505;1;63.0;53.1;0.0
54;2021-08-02;3033;3608;0;463532;391113;1;63.5;53.5;0.0
54;2021-08-03;4200;2951;0;467732;394064;1;64.0;54.0;0.0
54;2021-08-04;4412;2700;0;472144;396764;1;64.6;54.3;0.0
54;2021-08-05;4580;2467;0;476724;399231;1;65.3;54.7;0.0
54;2021-08-06;5306;4035;0;482030;403266;1;66.0;55.2;0.0
54;2021-08-07;3568;2902;0;485598;406168;1;66.5;55.6;0.0
54;2021-08-08;329;208;0;485927;406376;1;66.5;55.6;0.0
54;2021-08-09;2808;2729;0;488735;409105;1;66.9;56.0;0.0
54;2021-08-10;2479;3836;0;491214;412941;1;67.3;56.5;0.0
54;2021-08-11;2278;2759;0;493492;415700;1;67.6;56.9;0.0
54;2021-08-12;2106;3176;0;495598;418876;1;67.9;57.3;0.0
54;2021-08-13;2468;4404;0;498066;423280;1;68.2;58.0;0.0
54;2021-08-14;1321;2162;0;499387;425442;1;68.4;58.2;0.0
54;2021-08-15;80;111;0;499467;425553;1;68.4;58.3;0.0
54;2021-08-16;1685;3341;0;501152;428894;1;68.6;58.7;0.0
54;2021-08-17;1888;3479;0;503040;432373;1;68.9;59.2;0.0
54;2021-08-18;1464;4099;0;504504;436472;1;69.1;59.8;0.0
54;2021-08-19;1218;2920;0;505722;439392;1;69.2;60.2;0.0
54;2021-08-20;1672;4835;0;507394;444227;1;69.5;60.8;0.0
54;2021-08-21;1324;3879;0;508718;448106;1;69.6;61.4;0.0
54;2021-08-22;68;92;0;508786;448198;1;69.7;61.4;0.0
54;2021-08-23;1140;3709;0;509926;451907;1;69.8;61.9;0.0
54;2021-08-24;1118;3357;0;511044;455264;1;70.0;62.3;0.0
54;2021-08-25;1305;4340;0;512349;459604;1;70.1;62.9;0.0
54;2021-08-26;985;3151;0;513334;462755;1;70.3;63.4;0.0
54;2021-08-27;1452;5168;0;514786;467923;1;70.5;64.1;0.0
54;2021-08-28;1065;4091;0;515851;472014;1;70.6;64.6;0.0
54;2021-08-29;46;151;0;515897;472165;1;70.6;64.6;0.0
54;2021-08-30;1116;3879;84;517013;476044;85;70.8;65.2;0.0
54;2021-08-31;969;4212;254;517982;480256;339;70.9;65.8;0.0
54;2021-09-01;1164;3271;378;519146;483527;717;71.1;66.2;0.1
54;2021-09-02;744;1973;228;519890;485500;945;71.2;66.5;0.1
54;2021-09-03;949;2915;294;520839;488415;1239;71.3;66.9;0.2
54;2021-09-04;1002;2833;311;521841;491248;1550;71.4;67.3;0.2
54;2021-09-05;41;67;13;521882;491315;1563;71.5;67.3;0.2
54;2021-09-06;517;1289;176;522399;492604;1739;71.5;67.4;0.2
54;2021-09-07;555;1454;184;522954;494058;1923;71.6;67.6;0.3
54;2021-09-08;638;1591;298;523592;495649;2221;71.7;67.9;0.3
54;2021-09-09;900;1659;432;524492;497308;2653;71.8;68.1;0.4
54;2021-09-10;940;2198;514;525432;499506;3167;71.9;68.4;0.4
54;2021-09-11;691;2321;180;526123;501827;3347;72.0;68.7;0.5
54;2021-09-12;80;119;31;526203;501946;3378;72.0;68.7;0.5
54;2021-09-13;655;908;396;526858;502854;3774;72.1;68.8;0.5
54;2021-09-14;637;938;617;527495;503792;4391;72.2;69.0;0.6
54;2021-09-15;626;1639;940;528121;505431;5331;72.3;69.2;0.7
54;2021-09-16;622;671;460;528743;506102;5791;72.4;69.3;0.8
54;2021-09-17;829;1427;598;529572;507529;6389;72.5;69.5;0.9
54;2021-09-18;439;1300;212;530011;508829;6601;72.6;69.7;0.9
54;2021-09-19;29;52;24;530040;508881;6625;72.6;69.7;0.9
54;2021-09-20;373;631;366;530413;509512;6991;72.6;69.8;1.0
54;2021-09-21;432;870;506;530845;510382;7497;72.7;69.9;1.0
54;2021-09-22;415;1073;640;531260;511455;8137;72.7;70.0;1.1
54;2021-09-23;323;793;604;531583;512248;8741;72.8;70.1;1.2
54;2021-09-24;516;1106;626;532099;513354;9367;72.9;70.3;1.3
54;2021-09-25;332;1026;223;532431;514380;9590;72.9;70.4;1.3
54;2021-09-26;13;41;8;532444;514421;9598;72.9;70.4;1.3
54;2021-09-27;228;677;514;532672;515098;10112;72.9;70.5;1.4
54;2021-09-28;296;569;664;532968;515667;10776;73.0;70.6;1.5
54;2021-09-29;387;775;801;533355;516442;11577;73.0;70.7;1.6
54;2021-09-30;217;455;627;533572;516897;12204;73.1;70.8;1.7
54;2021-10-01;582;946;1034;534154;517843;13238;73.1;70.9;1.8
54;2021-10-02;355;882;445;534509;518725;13683;73.2;71.0;1.9
54;2021-10-03;13;23;11;534522;518748;13694;73.2;71.0;1.9
54;2021-10-04;271;503;445;534793;519251;14139;73.2;71.1;1.9
54;2021-10-05;292;861;733;535085;520112;14872;73.3;71.2;2.0
54;2021-10-06;375;758;818;535460;520870;15690;73.3;71.3;2.1
54;2021-10-07;251;635;965;535711;521505;16655;73.3;71.4;2.3
54;2021-10-08;414;867;1324;536125;522372;17979;73.4;71.5;2.5
54;2021-10-09;365;637;631;536490;523009;18610;73.5;71.6;2.5
54;2021-10-10;17;26;32;536507;523035;18642;73.5;71.6;2.6
54;2021-10-11;261;408;843;536768;523443;19485;73.5;71.7;2.7
54;2021-10-12;245;573;990;537013;524016;20475;73.5;71.7;2.8
54;2021-10-13;335;508;1292;537348;524524;21767;73.6;71.8;3.0
54;2021-10-14;264;520;745;537612;525044;22512;73.6;71.9;3.1
54;2021-10-15;422;638;1463;538034;525682;23975;73.7;72.0;3.3
54;2021-10-16;379;521;748;538413;526203;24723;73.7;72.0;3.4
54;2021-10-17;9;19;12;538422;526222;24735;73.7;72.0;3.4
54;2021-10-18;250;392;677;538672;526614;25412;73.8;72.1;3.5
54;2021-10-19;234;325;1096;538906;526939;26508;73.8;72.1;3.6
54;2021-10-20;322;451;1372;539228;527390;27880;73.8;72.2;3.8
54;2021-10-21;139;257;827;539367;527647;28707;73.8;72.2;3.9
54;2021-10-22;369;566;1586;539736;528213;30293;73.9;72.3;4.1
54;2021-10-23;297;415;664;540033;528628;30957;73.9;72.4;4.2
54;2021-10-24;9;5;1;540042;528633;30958;73.9;72.4;4.2
54;2021-10-25;222;265;863;540264;528898;31821;74.0;72.4;4.4
54;2021-10-26;158;201;1019;540422;529099;32840;74.0;72.4;4.5
54;2021-10-27;287;371;1480;540709;529470;34320;74.0;72.5;4.7
54;2021-10-28;141;195;898;540850;529665;35218;74.0;72.5;4.8
54;2021-10-29;272;419;1777;541122;530084;36995;74.1;72.6;5.1
54;2021-10-30;251;366;1075;541373;530450;38070;74.1;72.6;5.2
54;2021-10-31;5;18;14;541378;530468;38084;74.1;72.6;5.2
54;2021-11-01;87;37;113;541465;530505;38197;74.1;72.6;5.2
54;2021-11-02;199;322;980;541664;530827;39177;74.2;72.7;5.4
54;2021-11-03;328;456;1635;541992;531283;40812;74.2;72.7;5.6
54;2021-11-04;192;244;1067;542184;531527;41879;74.2;72.8;5.7
54;2021-11-05;315;438;1952;542499;531965;43831;74.3;72.8;6.0
54;2021-11-06;268;416;1171;542767;532381;45002;74.3;72.9;6.2
54;2021-11-07;10;18;72;542777;532399;45074;74.3;72.9;6.2
54;2021-11-08;197;276;1409;542974;532675;46483;74.3;72.9;6.4
54;2021-11-09;178;282;1788;543152;532957;48271;74.4;73.0;6.6
54;2021-11-10;335;379;2500;543487;533336;50771;74.4;73.0;7.0
54;2021-11-11;79;91;287;543566;533427;51058;74.4;73.0;7.0
54;2021-11-12;307;440;2593;543873;533867;53651;74.5;73.1;7.3
54;2021-11-13;210;329;1348;544083;534196;54999;74.5;73.1;7.5
54;2021-11-14;3;12;15;544086;534208;55014;74.5;73.1;7.5
54;2021-11-15;181;244;1820;544267;534452;56834;74.5;73.2;7.8
54;2021-11-16;168;221;1966;544435;534673;58800;74.5;73.2;8.1
54;2021-11-17;280;319;2594;544715;534992;61394;74.6;73.2;8.4
54;2021-11-18;150;178;2059;544865;535170;63453;74.6;73.3;8.7
54;2021-11-19;320;382;3022;545185;535552;66475;74.6;73.3;9.1
54;2021-11-20;257;350;1582;545442;535902;68057;74.7;73.4;9.3
54;2021-11-21;25;27;183;545467;535929;68240;74.7;73.4;9.3
54;2021-11-22;225;204;1768;545692;536133;70008;74.7;73.4;9.6
54;2021-11-23;187;180;2117;545879;536313;72125;74.7;73.4;9.9
54;2021-11-24;319;314;2642;546198;536627;74767;74.8;73.5;10.2
54;2021-11-25;180;169;2784;546378;536796;77551;74.8;73.5;10.6
54;2021-11-26;313;359;5188;546691;537155;82739;74.8;73.5;11.3
54;2021-11-27;279;331;3785;546970;537486;86524;74.9;73.6;11.8
54;2021-11-28;18;26;585;546988;537512;87109;74.9;73.6;11.9
54;2021-11-29;148;208;4189;547136;537720;91298;74.9;73.6;12.5
54;2021-11-30;160;183;4792;547296;537903;96090;74.9;73.6;13.2
54;2021-12-01;227;331;7644;547523;538234;103734;75.0;73.7;14.2
54;2021-12-02;175;170;6302;547698;538404;110036;75.0;73.7;15.1
54;2021-12-03;287;352;8895;547985;538756;118931;75.0;73.8;16.3
54;2021-12-04;222;311;5325;548207;539067;124256;75.1;73.8;17.0
54;2021-12-05;20;14;497;548227;539081;124753;75.1;73.8;17.1
54;2021-12-06;249;268;6872;548476;539349;131625;75.1;73.8;18.0
54;2021-12-07;204;242;7261;548680;539591;138886;75.1;73.9;19.0
54;2021-12-08;284;358;8454;548964;539949;147340;75.2;73.9;20.2
54;2021-12-09;206;247;8011;549170;540196;155351;75.2;74.0;21.3
54;2021-12-10;328;328;10153;549498;540524;165504;75.2;74.0;22.7
54;2021-12-11;259;322;6102;549757;540846;171606;75.3;74.0;23.5
54;2021-12-12;35;39;583;549792;540885;172189;75.3;74.1;23.6
54;2021-12-13;276;282;7321;550068;541167;179510;75.3;74.1;24.6
54;2021-12-14;264;294;8335;550332;541461;187845;75.3;74.1;25.7
54;2021-12-15;403;393;9775;550735;541854;197620;75.4;74.2;27.1
54;2021-12-16;236;271;8910;550971;542125;206530;75.4;74.2;28.3
54;2021-12-17;409;392;11567;551380;542517;218097;75.5;74.3;29.9
54;2021-12-18;371;342;6525;551751;542859;224622;75.5;74.3;30.8
54;2021-12-19;65;48;965;551816;542907;225587;75.6;74.3;30.9
54;2021-12-20;372;343;7902;552188;543250;233489;75.6;74.4;32.0
54;2021-12-21;329;288;8103;552517;543538;241592;75.6;74.4;33.1
54;2021-12-22;383;329;7558;552900;543867;249150;75.7;74.5;34.1
54;2021-12-23;215;168;4023;553115;544035;253173;75.7;74.5;34.7
54;2021-12-24;123;137;1439;553238;544172;254612;75.7;74.5;34.9
54;2021-12-25;18;57;290;553256;544229;254902;75.7;74.5;34.9
54;2021-12-26;20;20;477;553276;544249;255379;75.7;74.5;35.0
55;2020-12-27;0;0;0;0;0;0;0.0;0.0;0.0
55;2020-12-28;2;0;0;2;0;0;0.0;0.0;0.0
55;2020-12-29;0;0;0;2;0;0;0.0;0.0;0.0
55;2020-12-30;0;0;0;2;0;0;0.0;0.0;0.0
55;2020-12-31;0;0;0;2;0;0;0.0;0.0;0.0
55;2021-01-01;0;0;0;2;0;0;0.0;0.0;0.0
55;2021-01-02;0;0;0;2;0;0;0.0;0.0;0.0
55;2021-01-03;0;0;0;2;0;0;0.0;0.0;0.0
55;2021-01-04;2;0;0;4;0;0;0.0;0.0;0.0
55;2021-01-05;4;0;0;8;0;0;0.0;0.0;0.0
55;2021-01-06;7;0;0;15;0;0;0.0;0.0;0.0
55;2021-01-07;121;0;0;136;0;0;0.1;0.0;0.0
55;2021-01-08;145;0;0;281;0;0;0.2;0.0;0.0
55;2021-01-09;28;0;0;309;0;0;0.2;0.0;0.0
55;2021-01-10;1;0;0;310;0;0;0.2;0.0;0.0
55;2021-01-11;155;1;0;465;1;0;0.3;0.0;0.0
55;2021-01-12;136;0;0;601;1;0;0.3;0.0;0.0
55;2021-01-13;177;0;0;778;1;0;0.4;0.0;0.0
55;2021-01-14;642;8;0;1420;9;0;0.8;0.0;0.0
55;2021-01-15;270;0;0;1690;9;0;0.9;0.0;0.0
55;2021-01-16;67;0;0;1757;9;0;1.0;0.0;0.0
55;2021-01-17;3;0;0;1760;9;0;1.0;0.0;0.0
55;2021-01-18;461;1;0;2221;10;0;1.2;0.0;0.0
55;2021-01-19;383;4;0;2604;14;0;1.4;0.0;0.0
55;2021-01-20;452;2;0;3056;16;0;1.7;0.0;0.0
55;2021-01-21;439;2;0;3495;18;0;1.9;0.0;0.0
55;2021-01-22;388;0;0;3883;18;0;2.1;0.0;0.0
55;2021-01-23;54;0;0;3937;18;0;2.2;0.0;0.0
55;2021-01-24;1;0;0;3938;18;0;2.2;0.0;0.0
55;2021-01-25;408;0;0;4346;18;0;2.4;0.0;0.0
55;2021-01-26;439;0;0;4785;18;0;2.6;0.0;0.0
55;2021-01-27;384;1;0;5169;19;0;2.8;0.0;0.0
55;2021-01-28;477;91;0;5646;110;0;3.1;0.1;0.0
55;2021-01-29;155;76;0;5801;186;0;3.2;0.1;0.0
55;2021-01-30;99;19;0;5900;205;0;3.2;0.1;0.0
55;2021-01-31;0;0;0;5900;205;0;3.2;0.1;0.0
55;2021-02-01;139;178;0;6039;383;0;3.3;0.2;0.0
55;2021-02-02;164;157;0;6203;540;0;3.4;0.3;0.0
55;2021-02-03;61;182;0;6264;722;0;3.4;0.4;0.0
55;2021-02-04;230;418;0;6494;1140;0;3.6;0.6;0.0
55;2021-02-05;197;175;0;6691;1315;0;3.7;0.7;0.0
55;2021-02-06;60;58;0;6751;1373;0;3.7;0.8;0.0
55;2021-02-07;4;48;0;6755;1421;0;3.7;0.8;0.0
55;2021-02-08;11;46;0;6766;1467;0;3.7;0.8;0.0
55;2021-02-09;106;132;0;6872;1599;0;3.8;0.9;0.0
55;2021-02-10;81;36;0;6953;1635;0;3.8;0.9;0.0
55;2021-02-11;174;82;0;7127;1717;0;3.9;0.9;0.0
55;2021-02-12;115;47;0;7242;1764;0;4.0;1.0;0.0
55;2021-02-13;12;5;0;7254;1769;0;4.0;1.0;0.0
55;2021-02-14;5;1;0;7259;1770;0;4.0;1.0;0.0
55;2021-02-15;24;434;0;7283;2204;0;4.0;1.2;0.0
55;2021-02-16;141;420;0;7424;2624;0;4.1;1.4;0.0
55;2021-02-17;34;494;0;7458;3118;0;4.1;1.7;0.0
55;2021-02-18;33;339;0;7491;3457;0;4.1;1.9;0.0
55;2021-02-19;145;292;0;7636;3749;0;4.2;2.1;0.0
55;2021-02-20;12;6;0;7648;3755;0;4.2;2.1;0.0
55;2021-02-21;0;0;0;7648;3755;0;4.2;2.1;0.0
55;2021-02-22;61;425;0;7709;4180;0;4.2;2.3;0.0
55;2021-02-23;88;442;0;7797;4622;0;4.3;2.5;0.0
55;2021-02-24;93;382;0;7890;5004;0;4.3;2.8;0.0
55;2021-02-25;282;687;0;8172;5691;0;4.5;3.1;0.0
55;2021-02-26;351;241;0;8523;5932;0;4.7;3.3;0.0
55;2021-02-27;138;87;0;8661;6019;0;4.8;3.3;0.0
55;2021-02-28;9;6;0;8670;6025;0;4.8;3.3;0.0
55;2021-03-01;108;148;0;8778;6173;0;4.8;3.4;0.0
55;2021-03-02;173;179;0;8951;6352;0;4.9;3.5;0.0
55;2021-03-03;232;13;0;9183;6365;0;5.1;3.5;0.0
55;2021-03-04;276;52;0;9459;6417;0;5.2;3.5;0.0
55;2021-03-05;427;63;0;9886;6480;0;5.4;3.6;0.0
55;2021-03-06;310;13;0;10196;6493;0;5.6;3.6;0.0
55;2021-03-07;141;3;0;10337;6496;0;5.7;3.6;0.0
55;2021-03-08;375;53;0;10712;6549;0;5.9;3.6;0.0
55;2021-03-09;669;60;0;11381;6609;0;6.3;3.6;0.0
55;2021-03-10;440;36;0;11821;6645;0;6.5;3.7;0.0
55;2021-03-11;622;152;0;12443;6797;0;6.9;3.7;0.0
55;2021-03-12;876;107;0;13319;6904;0;7.3;3.8;0.0
55;2021-03-13;587;26;0;13906;6930;0;7.7;3.8;0.0
55;2021-03-14;51;2;0;13957;6932;0;7.7;3.8;0.0
55;2021-03-15;425;33;0;14382;6965;0;7.9;3.8;0.0
55;2021-03-16;617;117;0;14999;7082;0;8.3;3.9;0.0
55;2021-03-17;728;28;0;15727;7110;0;8.7;3.9;0.0
55;2021-03-18;391;33;0;16118;7143;0;8.9;3.9;0.0
55;2021-03-19;513;72;0;16631;7215;0;9.2;4.0;0.0
55;2021-03-20;294;16;0;16925;7231;0;9.3;4.0;0.0
55;2021-03-21;9;1;0;16934;7232;0;9.3;4.0;0.0
55;2021-03-22;517;30;0;17451;7262;0;9.6;4.0;0.0
55;2021-03-23;1036;78;0;18487;7340;0;10.2;4.0;0.0
55;2021-03-24;852;67;0;19339;7407;0;10.6;4.1;0.0
55;2021-03-25;1145;91;0;20484;7498;0;11.3;4.1;0.0
55;2021-03-26;678;61;0;21162;7559;0;11.7;4.2;0.0
55;2021-03-27;309;37;0;21471;7596;0;11.8;4.2;0.0
55;2021-03-28;2;6;0;21473;7602;0;11.8;4.2;0.0
55;2021-03-29;933;67;0;22406;7669;0;12.3;4.2;0.0
55;2021-03-30;1419;102;0;23825;7771;0;13.1;4.3;0.0
55;2021-03-31;1441;104;0;25266;7875;0;13.9;4.3;0.0
55;2021-04-01;1217;174;0;26483;8049;0;14.6;4.4;0.0
55;2021-04-02;903;102;0;27386;8151;0;15.1;4.5;0.0
55;2021-04-03;220;37;0;27606;8188;0;15.2;4.5;0.0
55;2021-04-04;15;16;0;27621;8204;0;15.2;4.5;0.0
55;2021-04-05;9;20;0;27630;8224;0;15.2;4.5;0.0
55;2021-04-06;895;319;0;28525;8543;0;15.7;4.7;0.0
55;2021-04-07;903;291;0;29428;8834;0;16.2;4.9;0.0
55;2021-04-08;1568;444;0;30996;9278;0;17.1;5.1;0.0
55;2021-04-09;1353;302;0;32349;9580;0;17.8;5.3;0.0
55;2021-04-10;270;210;0;32619;9790;0;18.0;5.4;0.0
55;2021-04-11;507;50;0;33126;9840;0;18.2;5.4;0.0
55;2021-04-12;785;370;0;33911;10210;0;18.7;5.6;0.0
55;2021-04-13;1214;564;0;35125;10774;0;19.3;5.9;0.0
55;2021-04-14;1288;779;0;36413;11553;0;20.0;6.4;0.0
55;2021-04-15;1507;491;0;37920;12044;0;20.9;6.6;0.0
55;2021-04-16;730;402;0;38650;12446;0;21.3;6.9;0.0
55;2021-04-17;713;83;0;39363;12529;0;21.7;6.9;0.0
55;2021-04-18;41;26;0;39404;12555;0;21.7;6.9;0.0
55;2021-04-19;853;424;0;40257;12979;0;22.2;7.1;0.0
55;2021-04-20;1078;802;0;41335;13781;0;22.8;7.6;0.0
55;2021-04-21;900;679;0;42235;14460;0;23.3;8.0;0.0
55;2021-04-22;1002;739;0;43237;15199;0;23.8;8.4;0.0
55;2021-04-23;1311;634;0;44548;15833;0;24.5;8.7;0.0
55;2021-04-24;365;158;0;44913;15991;0;24.7;8.8;0.0
55;2021-04-25;341;49;0;45254;16040;0;24.9;8.8;0.0
55;2021-04-26;436;793;0;45690;16833;0;25.2;9.3;0.0
55;2021-04-27;562;983;0;46252;17816;0;25.5;9.8;0.0
55;2021-04-28;870;827;0;47122;18643;0;25.9;10.3;0.0
55;2021-04-29;1068;842;0;48190;19485;0;26.5;10.7;0.0
55;2021-04-30;1243;621;0;49433;20106;0;27.2;11.1;0.0
55;2021-05-01;137;136;0;49570;20242;0;27.3;11.1;0.0
55;2021-05-02;13;6;0;49583;20248;0;27.3;11.1;0.0
55;2021-05-03;1160;627;0;50743;20875;0;27.9;11.5;0.0
55;2021-05-04;735;1081;0;51478;21956;0;28.3;12.1;0.0
55;2021-05-05;802;947;0;52280;22903;0;28.8;12.6;0.0
55;2021-05-06;1462;1085;0;53742;23988;0;29.6;13.2;0.0
55;2021-05-07;1441;568;0;55183;24556;0;30.4;13.5;0.0
55;2021-05-08;165;78;0;55348;24634;0;30.5;13.6;0.0
55;2021-05-09;133;451;0;55481;25085;0;30.5;13.8;0.0
55;2021-05-10;913;929;0;56394;26014;0;31.0;14.3;0.0
55;2021-05-11;1201;1257;0;57595;27271;0;31.7;15.0;0.0
55;2021-05-12;1108;1601;0;58703;28872;0;32.3;15.9;0.0
55;2021-05-13;288;88;0;58991;28960;0;32.5;15.9;0.0
55;2021-05-14;597;570;0;59588;29530;0;32.8;16.3;0.0
55;2021-05-15;417;500;0;60005;30030;0;33.0;16.5;0.0
55;2021-05-16;83;17;0;60088;30047;0;33.1;16.5;0.0
55;2021-05-17;1115;774;0;61203;30821;0;33.7;17.0;0.0
55;2021-05-18;1631;837;0;62834;31658;0;34.6;17.4;0.0
55;2021-05-19;1791;734;0;64625;32392;0;35.6;17.8;0.0
55;2021-05-20;2297;694;0;66922;33086;0;36.8;18.2;0.0
55;2021-05-21;1980;795;0;68902;33881;0;37.9;18.7;0.0
55;2021-05-22;325;198;0;69227;34079;0;38.1;18.8;0.0
55;2021-05-23;58;99;0;69285;34178;0;38.1;18.8;0.0
55;2021-05-24;96;8;0;69381;34186;0;38.2;18.8;0.0
55;2021-05-25;1330;628;0;70711;34814;0;38.9;19.2;0.0
55;2021-05-26;1572;965;0;72283;35779;0;39.8;19.7;0.0
55;2021-05-27;1377;968;0;73660;36747;0;40.6;20.2;0.0
55;2021-05-28;1534;919;0;75194;37666;0;41.4;20.7;0.0
55;2021-05-29;1222;662;0;76416;38328;0;42.1;21.1;0.0
55;2021-05-30;27;197;0;76443;38525;0;42.1;21.2;0.0
55;2021-05-31;1002;1038;0;77445;39563;0;42.6;21.8;0.0
55;2021-06-01;891;890;0;78336;40453;0;43.1;22.3;0.0
55;2021-06-02;1136;955;0;79472;41408;0;43.8;22.8;0.0
55;2021-06-03;822;587;0;80294;41995;0;44.2;23.1;0.0
55;2021-06-04;1382;1074;0;81676;43069;0;45.0;23.7;0.0
55;2021-06-05;1242;302;0;82918;43371;0;45.6;23.9;0.0
55;2021-06-06;15;6;0;82933;43377;0;45.7;23.9;0.0
55;2021-06-07;833;703;0;83766;44080;0;46.1;24.3;0.0
55;2021-06-08;803;1043;0;84569;45123;0;46.6;24.8;0.0
55;2021-06-09;943;816;0;85512;45939;0;47.1;25.3;0.0
55;2021-06-10;550;373;0;86062;46312;0;47.4;25.5;0.0
55;2021-06-11;634;1267;0;86696;47579;0;47.7;26.2;0.0
55;2021-06-12;772;534;0;87468;48113;0;48.2;26.5;0.0
55;2021-06-13;261;42;0;87729;48155;0;48.3;26.5;0.0
55;2021-06-14;434;1318;0;88163;49473;0;48.5;27.2;0.0
55;2021-06-15;612;1328;0;88775;50801;0;48.9;28.0;0.0
55;2021-06-16;787;970;0;89562;51771;0;49.3;28.5;0.0
55;2021-06-17;492;960;0;90054;52731;0;49.6;29.0;0.0
55;2021-06-18;697;1558;0;90751;54289;0;50.0;29.9;0.0
55;2021-06-19;651;504;0;91402;54793;0;50.3;30.2;0.0
55;2021-06-20;18;40;0;91420;54833;0;50.3;30.2;0.0
55;2021-06-21;474;1163;0;91894;55996;0;50.6;30.8;0.0
55;2021-06-22;410;1168;0;92304;57164;0;50.8;31.5;0.0
55;2021-06-23;684;1282;0;92988;58446;0;51.2;32.2;0.0
55;2021-06-24;250;590;0;93238;59036;0;51.3;32.5;0.0
55;2021-06-25;693;1392;0;93931;60428;0;51.7;33.3;0.0
55;2021-06-26;492;479;0;94423;60907;0;52.0;33.5;0.0
55;2021-06-27;7;50;0;94430;60957;0;52.0;33.6;0.0
55;2021-06-28;203;1460;0;94633;62417;0;52.1;34.4;0.0
55;2021-06-29;256;1376;0;94889;63793;0;52.2;35.1;0.0
55;2021-06-30;326;2003;0;95215;65796;0;52.4;36.2;0.0
55;2021-07-01;447;2034;0;95662;67830;0;52.7;37.3;0.0
55;2021-07-02;455;1804;0;96117;69634;0;52.9;38.3;0.0
55;2021-07-03;209;362;0;96326;69996;0;53.0;38.5;0.0
55;2021-07-04;38;56;0;96364;70052;0;53.1;38.6;0.0
55;2021-07-05;256;1552;0;96620;71604;0;53.2;39.4;0.0
55;2021-07-06;376;1043;0;96996;72647;0;53.4;40.0;0.0
55;2021-07-07;419;1833;0;97415;74480;0;53.6;41.0;0.0
55;2021-07-08;631;1633;0;98046;76113;0;54.0;41.9;0.0
55;2021-07-09;551;1587;0;98597;77700;0;54.3;42.8;0.0
55;2021-07-10;399;1066;0;98996;78766;0;54.5;43.4;0.0
55;2021-07-11;6;25;0;99002;78791;0;54.5;43.4;0.0
55;2021-07-12;633;1242;0;99635;80033;0;54.9;44.1;0.0
55;2021-07-13;718;1508;0;100353;81541;0;55.2;44.9;0.0
55;2021-07-14;91;75;0;100444;81616;0;55.3;44.9;0.0
55;2021-07-15;866;1704;0;101310;83320;0;55.8;45.9;0.0
55;2021-07-16;1263;1816;0;102573;85136;0;56.5;46.9;0.0
55;2021-07-17;1315;920;0;103888;86056;0;57.2;47.4;0.0
55;2021-07-18;39;36;0;103927;86092;0;57.2;47.4;0.0
55;2021-07-19;653;926;0;104580;87018;0;57.6;47.9;0.0
55;2021-07-20;1065;1152;0;105645;88170;0;58.2;48.5;0.0
55;2021-07-21;1478;1408;0;107123;89578;0;59.0;49.3;0.0
55;2021-07-22;1287;773;0;108410;90351;0;59.7;49.7;0.0
55;2021-07-23;1263;1496;0;109673;91847;0;60.4;50.6;0.0
55;2021-07-24;860;829;0;110533;92676;0;60.9;51.0;0.0
55;2021-07-25;131;233;0;110664;92909;0;60.9;51.1;0.0
55;2021-07-26;760;586;0;111424;93495;0;61.3;51.5;0.0
55;2021-07-27;1259;617;0;112683;94112;0;62.0;51.8;0.0
55;2021-07-28;1230;1153;0;113913;95265;0;62.7;52.4;0.0
55;2021-07-29;920;596;0;114833;95861;0;63.2;52.8;0.0
55;2021-07-30;1420;1091;0;116253;96952;0;64.0;53.4;0.0
55;2021-07-31;873;707;0;117126;97659;0;64.5;53.8;0.0
55;2021-08-01;57;16;0;117183;97675;0;64.5;53.8;0.0
55;2021-08-02;757;535;0;117940;98210;0;64.9;54.1;0.0
55;2021-08-03;833;528;0;118773;98738;0;65.4;54.4;0.0
55;2021-08-04;1403;953;0;120176;99691;0;66.2;54.9;0.0
55;2021-08-05;1179;403;0;121355;100094;0;66.8;55.1;0.0
55;2021-08-06;1043;1162;0;122398;101256;0;67.4;55.7;0.0
55;2021-08-07;697;446;0;123095;101702;0;67.8;56.0;0.0
55;2021-08-08;63;16;0;123158;101718;0;67.8;56.0;0.0
55;2021-08-09;500;464;0;123658;102182;0;68.1;56.3;0.0
55;2021-08-10;536;836;0;124194;103018;0;68.4;56.7;0.0
55;2021-08-11;726;726;0;124920;103744;0;68.8;57.1;0.0
55;2021-08-12;500;623;0;125420;104367;0;69.0;57.5;0.0
55;2021-08-13;553;1210;0;125973;105577;0;69.4;58.1;0.0
55;2021-08-14;254;344;0;126227;105921;0;69.5;58.3;0.0
55;2021-08-15;39;26;0;126266;105947;0;69.5;58.3;0.0
55;2021-08-16;326;815;0;126592;106762;0;69.7;58.8;0.0
55;2021-08-17;355;450;0;126947;107212;0;69.9;59.0;0.0
55;2021-08-18;569;1322;0;127516;108534;0;70.2;59.8;0.0
55;2021-08-19;528;1039;0;128044;109573;0;70.5;60.3;0.0
55;2021-08-20;618;1169;0;128662;110742;0;70.8;61.0;0.0
55;2021-08-21;344;803;0;129006;111545;0;71.0;61.4;0.0
55;2021-08-22;18;41;0;129024;111586;0;71.0;61.4;0.0
55;2021-08-23;332;728;0;129356;112314;0;71.2;61.8;0.0
55;2021-08-24;335;891;0;129691;113205;0;71.4;62.3;0.0
55;2021-08-25;705;1253;0;130396;114458;0;71.8;63.0;0.0
55;2021-08-26;450;1335;0;130846;115793;0;72.0;63.7;0.0
55;2021-08-27;352;1476;0;131198;117269;0;72.2;64.6;0.0
55;2021-08-28;374;739;0;131572;118008;0;72.4;65.0;0.0
55;2021-08-29;191;57;0;131763;118065;0;72.5;65.0;0.0
55;2021-08-30;142;798;9;131905;118863;9;72.6;65.4;0.0
55;2021-08-31;306;941;24;132211;119804;33;72.8;66.0;0.0
55;2021-09-01;546;1339;62;132757;121143;95;73.1;66.7;0.1
55;2021-09-02;246;999;82;133003;122142;177;73.2;67.2;0.1
55;2021-09-03;399;1144;208;133402;123286;385;73.4;67.9;0.2
55;2021-09-04;299;721;22;133701;124007;407;73.6;68.3;0.2
55;2021-09-05;17;89;1;133718;124096;408;73.6;68.3;0.2
55;2021-09-06;78;223;9;133796;124319;417;73.7;68.4;0.2
55;2021-09-07;265;470;188;134061;124789;605;73.8;68.7;0.3
55;2021-09-08;224;378;64;134285;125167;669;73.9;68.9;0.4
55;2021-09-09;218;622;70;134503;125789;739;74.0;69.3;0.4
55;2021-09-10;209;543;139;134712;126332;878;74.2;69.6;0.5
55;2021-09-11;134;399;42;134846;126731;920;74.2;69.8;0.5
55;2021-09-12;3;10;0;134849;126741;920;74.2;69.8;0.5
55;2021-09-13;119;355;123;134968;127096;1043;74.3;70.0;0.6
55;2021-09-14;293;225;126;135261;127321;1169;74.5;70.1;0.6
55;2021-09-15;285;703;228;135546;128024;1397;74.6;70.5;0.8
55;2021-09-16;116;222;117;135662;128246;1514;74.7;70.6;0.8
55;2021-09-17;118;195;127;135780;128441;1641;74.8;70.7;0.9
55;2021-09-18;144;428;79;135924;128869;1720;74.8;70.9;0.9
55;2021-09-19;4;12;3;135928;128881;1723;74.8;71.0;0.9
55;2021-09-20;73;166;34;136001;129047;1757;74.9;71.0;1.0
55;2021-09-21;119;283;243;136120;129330;2000;74.9;71.2;1.1
55;2021-09-22;122;378;102;136242;129708;2102;75.0;71.4;1.2
55;2021-09-23;101;373;276;136343;130081;2378;75.1;71.6;1.3
55;2021-09-24;100;340;202;136443;130421;2580;75.1;71.8;1.4
55;2021-09-25;67;201;54;136510;130622;2634;75.2;71.9;1.5
55;2021-09-26;1;1;0;136511;130623;2634;75.2;71.9;1.5
55;2021-09-27;51;136;132;136562;130759;2766;75.2;72.0;1.5
55;2021-09-28;65;95;105;136627;130854;2871;75.2;72.0;1.6
55;2021-09-29;154;792;199;136781;131646;3070;75.3;72.5;1.7
55;2021-09-30;71;312;183;136852;131958;3253;75.3;72.6;1.8
55;2021-10-01;74;222;156;136926;132180;3409;75.4;72.8;1.9
55;2021-10-02;118;389;82;137044;132569;3491;75.4;73.0;1.9
55;2021-10-03;3;3;0;137047;132572;3491;75.4;73.0;1.9
55;2021-10-04;111;255;255;137158;132827;3746;75.5;73.1;2.1
55;2021-10-05;75;194;186;137233;133021;3932;75.6;73.2;2.2
55;2021-10-06;106;329;175;137339;133350;4107;75.6;73.4;2.3
55;2021-10-07;67;93;184;137406;133443;4291;75.6;73.5;2.4
55;2021-10-08;80;145;127;137486;133588;4418;75.7;73.5;2.4
55;2021-10-09;88;226;118;137574;133814;4536;75.7;73.7;2.5
55;2021-10-10;18;161;20;137592;133975;4556;75.7;73.8;2.5
55;2021-10-11;73;115;134;137665;134090;4690;75.8;73.8;2.6
55;2021-10-12;89;322;257;137754;134412;4947;75.8;74.0;2.7
55;2021-10-13;111;137;281;137865;134549;5228;75.9;74.1;2.9
55;2021-10-14;38;76;118;137903;134625;5346;75.9;74.1;2.9
55;2021-10-15;72;141;150;137975;134766;5496;76.0;74.2;3.0
55;2021-10-16;63;94;95;138038;134860;5591;76.0;74.2;3.1
55;2021-10-17;10;18;11;138048;134878;5602;76.0;74.3;3.1
55;2021-10-18;73;102;277;138121;134980;5879;76.0;74.3;3.2
55;2021-10-19;48;70;197;138169;135050;6076;76.1;74.3;3.3
55;2021-10-20;53;144;307;138222;135194;6383;76.1;74.4;3.5
55;2021-10-21;41;123;200;138263;135317;6583;76.1;74.5;3.6
55;2021-10-22;58;74;187;138321;135391;6770;76.2;74.5;3.7
55;2021-10-23;89;180;333;138410;135571;7103;76.2;74.6;3.9
55;2021-10-24;1;4;5;138411;135575;7108;76.2;74.6;3.9
55;2021-10-25;82;107;337;138493;135682;7445;76.2;74.7;4.1
55;2021-10-26;39;47;172;138532;135729;7617;76.3;74.7;4.2
55;2021-10-27;74;138;293;138606;135867;7910;76.3;74.8;4.4
55;2021-10-28;43;33;222;138649;135900;8132;76.3;74.8;4.5
55;2021-10-29;67;79;313;138716;135979;8445;76.4;74.9;4.6
55;2021-10-30;18;52;84;138734;136031;8529;76.4;74.9;4.7
55;2021-10-31;0;3;2;138734;136034;8531;76.4;74.9;4.7
55;2021-11-01;9;4;1;138743;136038;8532;76.4;74.9;4.7
55;2021-11-02;28;35;108;138771;136073;8640;76.4;74.9;4.8
55;2021-11-03;42;80;287;138813;136153;8927;76.4;75.0;4.9
55;2021-11-04;110;109;865;138923;136262;9792;76.5;75.0;5.4
55;2021-11-05;19;75;207;138942;136337;9999;76.5;75.1;5.5
55;2021-11-06;85;111;422;139027;136448;10421;76.5;75.1;5.7
55;2021-11-07;5;6;31;139032;136454;10452;76.5;75.1;5.8
55;2021-11-08;70;114;620;139102;136568;11072;76.6;75.2;6.1
55;2021-11-09;29;62;455;139131;136630;11527;76.6;75.2;6.3
55;2021-11-10;61;83;774;139192;136713;12301;76.6;75.3;6.8
55;2021-11-11;2;1;24;139194;136714;12325;76.6;75.3;6.8
55;2021-11-12;42;65;403;139236;136779;12728;76.7;75.3;7.0
55;2021-11-13;36;40;136;139272;136819;12864;76.7;75.3;7.1
55;2021-11-14;4;1;16;139276;136820;12880;76.7;75.3;7.1
55;2021-11-15;58;121;866;139334;136941;13746;76.7;75.4;7.6
55;2021-11-16;35;57;515;139369;136998;14261;76.7;75.4;7.9
55;2021-11-17;77;65;782;139446;137063;15043;76.8;75.5;8.3
55;2021-11-18;51;77;565;139497;137140;15608;76.8;75.5;8.6
55;2021-11-19;58;70;615;139555;137210;16223;76.8;75.5;8.9
55;2021-11-20;66;79;638;139621;137289;16861;76.9;75.6;9.3
55;2021-11-21;3;0;3;139624;137289;16864;76.9;75.6;9.3
55;2021-11-22;46;41;959;139670;137330;17823;76.9;75.6;9.8
55;2021-11-23;57;41;941;139727;137371;18764;76.9;75.6;10.3
55;2021-11-24;60;66;905;139787;137437;19669;77.0;75.7;10.8
55;2021-11-25;48;47;566;139835;137484;20235;77.0;75.7;11.1
55;2021-11-26;88;70;1277;139923;137554;21512;77.0;75.7;11.8
55;2021-11-27;61;66;828;139984;137620;22340;77.1;75.8;12.3
55;2021-11-28;4;7;87;139988;137627;22427;77.1;75.8;12.3
55;2021-11-29;59;117;1106;140047;137744;23533;77.1;75.8;13.0
55;2021-11-30;51;35;1010;140098;137779;24543;77.1;75.9;13.5
55;2021-12-01;53;109;1532;140151;137888;26075;77.2;75.9;14.4
55;2021-12-02;51;30;2033;140202;137918;28108;77.2;75.9;15.5
55;2021-12-03;89;67;1928;140291;137985;30036;77.2;76.0;16.5
55;2021-12-04;74;53;826;140365;138038;30862;77.3;76.0;17.0
55;2021-12-05;8;5;301;140373;138043;31163;77.3;76.0;17.2
55;2021-12-06;38;74;1839;140411;138117;33002;77.3;76.0;18.2
55;2021-12-07;46;37;1528;140457;138154;34530;77.3;76.1;19.0
55;2021-12-08;98;62;2203;140555;138216;36733;77.4;76.1;20.2
55;2021-12-09;66;30;1759;140621;138246;38492;77.4;76.1;21.2
55;2021-12-10;69;58;2129;140690;138304;40621;77.5;76.1;22.4
55;2021-12-11;72;96;2316;140762;138400;42937;77.5;76.2;23.6
55;2021-12-12;8;4;94;140770;138404;43031;77.5;76.2;23.7
55;2021-12-13;53;48;1375;140823;138452;44406;77.5;76.2;24.4
55;2021-12-14;68;63;2390;140891;138515;46796;77.6;76.3;25.8
55;2021-12-15;73;62;1806;140964;138577;48602;77.6;76.3;26.8
55;2021-12-16;68;70;3026;141032;138647;51628;77.6;76.3;28.4
55;2021-12-17;87;109;3109;141119;138756;54737;77.7;76.4;30.1
55;2021-12-18;100;78;1857;141219;138834;56594;77.7;76.4;31.2
55;2021-12-19;25;13;452;141244;138847;57046;77.8;76.4;31.4
55;2021-12-20;73;83;2099;141317;138930;59145;77.8;76.5;32.6
55;2021-12-21;76;81;2492;141393;139011;61637;77.8;76.5;33.9
55;2021-12-22;97;85;1883;141490;139096;63520;77.9;76.6;35.0
55;2021-12-23;66;68;1745;141556;139164;65265;77.9;76.6;35.9
55;2021-12-24;18;19;142;141574;139183;65407;77.9;76.6;36.0
55;2021-12-25;1;0;21;141575;139183;65428;77.9;76.6;36.0
55;2021-12-26;1;0;23;141576;139183;65451;77.9;76.6;36.0
56;2020-12-27;0;0;0;0;0;0;0.0;0.0;0.0
56;2020-12-28;2;0;0;2;0;0;0.0;0.0;0.0
56;2020-12-29;0;0;0;2;0;0;0.0;0.0;0.0
56;2020-12-30;0;0;0;2;0;0;0.0;0.0;0.0
56;2020-12-31;1;0;0;3;0;0;0.0;0.0;0.0
56;2021-01-01;1;0;0;4;0;0;0.0;0.0;0.0
56;2021-01-02;1;0;0;5;0;0;0.0;0.0;0.0
56;2021-01-03;0;0;0;5;0;0;0.0;0.0;0.0
56;2021-01-04;1;0;0;6;0;0;0.0;0.0;0.0
56;2021-01-05;3;0;0;9;0;0;0.0;0.0;0.0
56;2021-01-06;10;0;0;19;0;0;0.0;0.0;0.0
56;2021-01-07;185;0;0;204;0;0;0.0;0.0;0.0
56;2021-01-08;149;1;0;353;1;0;0.0;0.0;0.0
56;2021-01-09;2;0;0;355;1;0;0.0;0.0;0.0
56;2021-01-10;3;0;0;358;1;0;0.0;0.0;0.0
56;2021-01-11;255;0;0;613;1;0;0.1;0.0;0.0
56;2021-01-12;738;15;0;1351;16;0;0.2;0.0;0.0
56;2021-01-13;656;1;0;2007;17;0;0.3;0.0;0.0
56;2021-01-14;961;19;0;2968;36;0;0.4;0.0;0.0
56;2021-01-15;810;6;0;3778;42;0;0.5;0.0;0.0
56;2021-01-16;231;4;0;4009;46;0;0.5;0.0;0.0
56;2021-01-17;28;0;0;4037;46;0;0.5;0.0;0.0
56;2021-01-18;955;2;0;4992;48;0;0.7;0.0;0.0
56;2021-01-19;860;23;0;5852;71;0;0.8;0.0;0.0
56;2021-01-20;905;1;0;6757;72;0;0.9;0.0;0.0
56;2021-01-21;1450;19;0;8207;91;0;1.1;0.0;0.0
56;2021-01-22;1227;4;0;9434;95;0;1.2;0.0;0.0
56;2021-01-23;306;4;0;9740;99;0;1.3;0.0;0.0
56;2021-01-24;7;1;0;9747;100;0;1.3;0.0;0.0
56;2021-01-25;795;5;0;10542;105;0;1.4;0.0;0.0
56;2021-01-26;1001;8;0;11543;113;0;1.5;0.0;0.0
56;2021-01-27;1037;65;0;12580;178;0;1.7;0.0;0.0
56;2021-01-28;1033;110;0;13613;288;0;1.8;0.0;0.0
56;2021-01-29;853;111;0;14466;399;0;1.9;0.1;0.0
56;2021-01-30;145;18;0;14611;417;0;1.9;0.1;0.0
56;2021-01-31;5;3;0;14616;420;0;1.9;0.1;0.0
56;2021-02-01;480;149;0;15096;569;0;2.0;0.1;0.0
56;2021-02-02;844;237;0;15940;806;0;2.1;0.1;0.0
56;2021-02-03;901;250;0;16841;1056;0;2.2;0.1;0.0
56;2021-02-04;4358;378;0;21199;1434;0;2.8;0.2;0.0
56;2021-02-05;3388;465;0;24587;1899;0;3.3;0.3;0.0
56;2021-02-06;524;172;0;25111;2071;0;3.3;0.3;0.0
56;2021-02-07;125;23;0;25236;2094;0;3.3;0.3;0.0
56;2021-02-08;303;308;0;25539;2402;0;3.4;0.3;0.0
56;2021-02-09;772;476;0;26311;2878;0;3.5;0.4;0.0
56;2021-02-10;853;743;0;27164;3621;0;3.6;0.5;0.0
56;2021-02-11;987;1107;0;28151;4728;0;3.7;0.6;0.0
56;2021-02-12;1119;643;0;29270;5371;0;3.9;0.7;0.0
56;2021-02-13;215;125;0;29485;5496;0;3.9;0.7;0.0
56;2021-02-14;6;44;0;29491;5540;0;3.9;0.7;0.0
56;2021-02-15;617;1013;0;30108;6553;0;4.0;0.9;0.0
56;2021-02-16;1189;684;0;31297;7237;0;4.1;1.0;0.0
56;2021-02-17;1137;914;0;32434;8151;0;4.3;1.1;0.0
56;2021-02-18;1368;923;0;33802;9074;0;4.5;1.2;0.0
56;2021-02-19;1392;924;0;35194;9998;0;4.7;1.3;0.0
56;2021-02-20;358;262;0;35552;10260;0;4.7;1.4;0.0
56;2021-02-21;2;2;0;35554;10262;0;4.7;1.4;0.0
56;2021-02-22;395;685;0;35949;10947;0;4.8;1.4;0.0
56;2021-02-23;699;864;0;36648;11811;0;4.9;1.6;0.0
56;2021-02-24;933;1093;0;37581;12904;0;5.0;1.7;0.0
56;2021-02-25;2088;4022;0;39669;16926;0;5.3;2.2;0.0
56;2021-02-26;2293;2101;0;41962;19027;0;5.6;2.5;0.0
56;2021-02-27;732;454;0;42694;19481;0;5.7;2.6;0.0
56;2021-02-28;17;111;0;42711;19592;0;5.7;2.6;0.0
56;2021-03-01;723;552;0;43434;20144;0;5.7;2.7;0.0
56;2021-03-02;1012;788;0;44446;20932;0;5.9;2.8;0.0
56;2021-03-03;1163;897;0;45609;21829;0;6.0;2.9;0.0
56;2021-03-04;1980;1002;0;47589;22831;0;6.3;3.0;0.0
56;2021-03-05;2570;1414;0;50159;24245;0;6.6;3.2;0.0
56;2021-03-06;1216;221;0;51375;24466;0;6.8;3.2;0.0
56;2021-03-07;283;27;0;51658;24493;0;6.8;3.2;0.0
56;2021-03-08;1152;418;0;52810;24911;0;7.0;3.3;0.0
56;2021-03-09;2052;643;0;54862;25554;0;7.3;3.4;0.0
56;2021-03-10;1994;922;0;56856;26476;0;7.5;3.5;0.0
56;2021-03-11;3261;769;0;60117;27245;0;8.0;3.6;0.0
56;2021-03-12;4193;807;0;64310;28052;0;8.5;3.7;0.0
56;2021-03-13;1907;162;0;66217;28214;0;8.8;3.7;0.0
56;2021-03-14;182;6;0;66399;28220;0;8.8;3.7;0.0
56;2021-03-15;1374;541;0;67773;28761;0;9.0;3.8;0.0
56;2021-03-16;1085;1049;0;68858;29810;0;9.1;3.9;0.0
56;2021-03-17;1338;784;0;70196;30594;0;9.3;4.0;0.0
56;2021-03-18;1980;1798;0;72176;32392;0;9.6;4.3;0.0
56;2021-03-19;2927;1382;0;75103;33774;0;9.9;4.5;0.0
56;2021-03-20;1460;198;0;76563;33972;0;10.1;4.5;0.0
56;2021-03-21;186;21;0;76749;33993;0;10.2;4.5;0.0
56;2021-03-22;1597;385;0;78346;34378;0;10.4;4.5;0.0
56;2021-03-23;2772;699;0;81118;35077;0;10.7;4.6;0.0
56;2021-03-24;3389;554;0;84507;35631;0;11.2;4.7;0.0
56;2021-03-25;4210;745;0;88717;36376;0;11.7;4.8;0.0
56;2021-03-26;5083;803;0;93800;37179;0;12.4;4.9;0.0
56;2021-03-27;1488;286;0;95288;37465;0;12.6;5.0;0.0
56;2021-03-28;216;11;0;95504;37476;0;12.6;5.0;0.0
56;2021-03-29;2200;557;0;97704;38033;0;12.9;5.0;0.0
56;2021-03-30;3441;828;0;101145;38861;0;13.4;5.1;0.0
56;2021-03-31;3068;739;0;104213;39600;0;13.8;5.2;0.0
56;2021-04-01;4158;846;0;108371;40446;0;14.3;5.4;0.0
56;2021-04-02;3921;1019;0;112292;41465;0;14.9;5.5;0.0
56;2021-04-03;1153;277;0;113445;41742;0;15.0;5.5;0.0
56;2021-04-04;224;10;0;113669;41752;0;15.0;5.5;0.0
56;2021-04-05;214;13;0;113883;41765;0;15.1;5.5;0.0
56;2021-04-06;2720;1224;0;116603;42989;0;15.4;5.7;0.0
56;2021-04-07;3924;1172;0;120527;44161;0;16.0;5.8;0.0
56;2021-04-08;5278;1197;0;125805;45358;0;16.7;6.0;0.0
56;2021-04-09;7149;1260;0;132954;46618;0;17.6;6.2;0.0
56;2021-04-10;2457;397;0;135411;47015;0;17.9;6.2;0.0
56;2021-04-11;189;104;0;135600;47119;0;17.9;6.2;0.0
56;2021-04-12;3765;870;0;139365;47989;0;18.4;6.4;0.0
56;2021-04-13;5706;1247;0;145071;49236;0;19.2;6.5;0.0
56;2021-04-14;4994;1439;0;150065;50675;0;19.9;6.7;0.0
56;2021-04-15;6833;1732;0;156898;52407;0;20.8;6.9;0.0
56;2021-04-16;7679;1954;0;164577;54361;0;21.8;7.2;0.0
56;2021-04-17;2958;625;0;167535;54986;0;22.2;7.3;0.0
56;2021-04-18;508;105;0;168043;55091;0;22.2;7.3;0.0
56;2021-04-19;3596;1244;0;171639;56335;0;22.7;7.5;0.0
56;2021-04-20;3954;1916;0;175593;58251;0;23.2;7.7;0.0
56;2021-04-21;3930;2322;0;179523;60573;0;23.8;8.0;0.0
56;2021-04-22;5048;1937;0;184571;62510;0;24.4;8.3;0.0
56;2021-04-23;5105;2490;0;189676;65000;0;25.1;8.6;0.0
56;2021-04-24;2806;633;0;192482;65633;0;25.5;8.7;0.0
56;2021-04-25;459;144;0;192941;65777;0;25.5;8.7;0.0
56;2021-04-26;4432;1660;0;197373;67437;0;26.1;8.9;0.0
56;2021-04-27;4894;2477;0;202267;69914;0;26.8;9.3;0.0
56;2021-04-28;4764;2213;0;207031;72127;0;27.4;9.5;0.0
56;2021-04-29;5687;2955;0;212718;75082;0;28.2;9.9;0.0
56;2021-04-30;6088;2705;0;218806;77787;0;29.0;10.3;0.0
56;2021-05-01;2301;339;0;221107;78126;0;29.3;10.3;0.0
56;2021-05-02;257;250;0;221364;78376;0;29.3;10.4;0.0
56;2021-05-03;3708;2009;0;225072;80385;0;29.8;10.6;0.0
56;2021-05-04;4235;3740;0;229307;84125;0;30.3;11.1;0.0
56;2021-05-05;3444;3787;0;232751;87912;0;30.8;11.6;0.0
56;2021-05-06;4316;5299;0;237067;93211;0;31.4;12.3;0.0
56;2021-05-07;4210;4874;0;241277;98085;0;31.9;13.0;0.0
56;2021-05-08;1564;306;0;242841;98391;0;32.1;13.0;0.0
56;2021-05-09;523;229;0;243364;98620;0;32.2;13.1;0.0
56;2021-05-10;3596;3795;0;246960;102415;0;32.7;13.6;0.0
56;2021-05-11;4096;4903;0;251056;107318;0;33.2;14.2;0.0
56;2021-05-12;4202;4548;0;255258;111866;0;33.8;14.8;0.0
56;2021-05-13;2412;962;0;257670;112828;0;34.1;14.9;0.0
56;2021-05-14;4142;4194;0;261812;117022;0;34.7;15.5;0.0
56;2021-05-15;2472;1747;0;264284;118769;0;35.0;15.7;0.0
56;2021-05-16;308;466;0;264592;119235;0;35.0;15.8;0.0
56;2021-05-17;2644;3585;0;267236;122820;0;35.4;16.3;0.0
56;2021-05-18;3673;3980;0;270909;126800;0;35.9;16.8;0.0
56;2021-05-19;3717;3265;0;274626;130065;0;36.3;17.2;0.0
56;2021-05-20;4130;4711;0;278756;134776;0;36.9;17.8;0.0
56;2021-05-21;4002;4978;0;282758;139754;0;37.4;18.5;0.0
56;2021-05-22;1720;2075;0;284478;141829;0;37.7;18.8;0.0
56;2021-05-23;340;184;0;284818;142013;0;37.7;18.8;0.0
56;2021-05-24;2325;495;0;287143;142508;0;38.0;18.9;0.0
56;2021-05-25;3369;4304;0;290512;146812;0;38.4;19.4;0.0
56;2021-05-26;3927;3850;0;294439;150662;0;39.0;19.9;0.0
56;2021-05-27;4604;4779;0;299043;155441;0;39.6;20.6;0.0
56;2021-05-28;4762;5758;0;303805;161199;0;40.2;21.3;0.0
56;2021-05-29;1938;1608;0;305743;162807;0;40.5;21.5;0.0
56;2021-05-30;360;74;0;306103;162881;0;40.5;21.6;0.0
56;2021-05-31;4632;3082;0;310735;165963;0;41.1;22.0;0.0
56;2021-06-01;5702;3368;0;316437;169331;0;41.9;22.4;0.0
56;2021-06-02;5736;2935;0;322173;172266;0;42.6;22.8;0.0
56;2021-06-03;6258;3305;0;328431;175571;0;43.5;23.2;0.0
56;2021-06-04;5876;4353;0;334307;179924;0;44.2;23.8;0.0
56;2021-06-05;4282;2346;0;338589;182270;0;44.8;24.1;0.0
56;2021-06-06;729;621;0;339318;182891;0;44.9;24.2;0.0
56;2021-06-07;5042;3229;0;344360;186120;0;45.6;24.6;0.0
56;2021-06-08;6028;3408;0;350388;189528;0;46.4;25.1;0.0
56;2021-06-09;6315;2845;0;356703;192373;0;47.2;25.5;0.0
56;2021-06-10;7370;2986;0;364073;195359;0;48.2;25.9;0.0
56;2021-06-11;6750;3887;0;370823;199246;0;49.1;26.4;0.0
56;2021-06-12;4999;1984;0;375822;201230;0;49.7;26.6;0.0
56;2021-06-13;2049;400;0;377871;201630;0;50.0;26.7;0.0
56;2021-06-14;3402;4560;1;381273;206190;1;50.5;27.3;0.0
56;2021-06-15;4314;4794;0;385587;210984;1;51.0;27.9;0.0
56;2021-06-16;4661;4352;0;390248;215336;1;51.6;28.5;0.0
56;2021-06-17;4446;4649;0;394694;219985;1;52.2;29.1;0.0
56;2021-06-18;4635;5809;0;399329;225794;1;52.9;29.9;0.0
56;2021-06-19;3755;2076;0;403084;227870;1;53.3;30.2;0.0
56;2021-06-20;1646;355;0;404730;228225;1;53.6;30.2;0.0
56;2021-06-21;3354;4484;0;408084;232709;1;54.0;30.8;0.0
56;2021-06-22;3587;5435;0;411671;238144;1;54.5;31.5;0.0
56;2021-06-23;3890;5049;0;415561;243193;1;55.0;32.2;0.0
56;2021-06-24;3615;5253;0;419176;248446;1;55.5;32.9;0.0
56;2021-06-25;3973;6150;0;423149;254596;1;56.0;33.7;0.0
56;2021-06-26;3139;2918;0;426288;257514;1;56.4;34.1;0.0
56;2021-06-27;506;255;0;426794;257769;1;56.5;34.1;0.0
56;2021-06-28;1664;4141;0;428458;261910;1;56.7;34.7;0.0
56;2021-06-29;2455;5804;0;430913;267714;1;57.0;35.4;0.0
56;2021-06-30;2585;5677;0;433498;273391;1;57.4;36.2;0.0
56;2021-07-01;2887;5084;2;436385;278475;3;57.8;36.9;0.0
56;2021-07-02;2698;6229;0;439083;284704;3;58.1;37.7;0.0
56;2021-07-03;2206;2687;0;441289;287391;3;58.4;38.0;0.0
56;2021-07-04;878;825;0;442167;288216;3;58.5;38.1;0.0
56;2021-07-05;1807;5566;0;443974;293782;3;58.8;38.9;0.0
56;2021-07-06;2160;5986;0;446134;299768;3;59.0;39.7;0.0
56;2021-07-07;2729;5678;0;448863;305446;3;59.4;40.4;0.0
56;2021-07-08;3016;6044;1;451879;311490;4;59.8;41.2;0.0
56;2021-07-09;2144;7096;0;454023;318586;4;60.1;42.2;0.0
56;2021-07-10;1199;3047;0;455222;321633;4;60.2;42.6;0.0
56;2021-07-11;380;475;0;455602;322108;4;60.3;42.6;0.0
56;2021-07-12;2036;6810;1;457638;328918;5;60.6;43.5;0.0
56;2021-07-13;2962;7522;0;460600;336440;5;61.0;44.5;0.0
56;2021-07-14;1674;2575;0;462274;339015;5;61.2;44.9;0.0
56;2021-07-15;3536;7002;0;465810;346017;5;61.7;45.8;0.0
56;2021-07-16;3808;7953;0;469618;353970;5;62.2;46.8;0.0
56;2021-07-17;2125;3595;0;471743;357565;5;62.4;47.3;0.0
56;2021-07-18;280;646;0;472023;358211;5;62.5;47.4;0.0
56;2021-07-19;2643;6377;0;474666;364588;5;62.8;48.3;0.0
56;2021-07-20;3339;7871;0;478005;372459;5;63.3;49.3;0.0
56;2021-07-21;2913;7382;0;480918;379841;5;63.7;50.3;0.0
56;2021-07-22;4117;7853;0;485035;387694;5;64.2;51.3;0.0
56;2021-07-23;4176;8239;0;489211;395933;5;64.7;52.4;0.0
56;2021-07-24;1682;4602;0;490893;400535;5;65.0;53.0;0.0
56;2021-07-25;585;1940;0;491478;402475;5;65.0;53.3;0.0
56;2021-07-26;3352;5451;0;494830;407926;5;65.5;54.0;0.0
56;2021-07-27;4825;6066;0;499655;413992;5;66.1;54.8;0.0
56;2021-07-28;4351;5358;0;504006;419350;5;66.7;55.5;0.0
56;2021-07-29;4925;5491;0;508931;424841;5;67.4;56.2;0.0
56;2021-07-30;5075;5665;0;514006;430506;5;68.0;57.0;0.0
56;2021-07-31;2053;2721;0;516059;433227;5;68.3;57.3;0.0
56;2021-08-01;1201;990;0;517260;434217;5;68.5;57.5;0.0
56;2021-08-02;3921;4433;0;521181;438650;5;69.0;58.1;0.0
56;2021-08-03;5417;4671;0;526598;443321;5;69.7;58.7;0.0
56;2021-08-04;5129;3989;0;531727;447310;5;70.4;59.2;0.0
56;2021-08-05;5288;4159;0;537015;451469;5;71.1;59.8;0.0
56;2021-08-06;4980;4379;0;541995;455848;5;71.7;60.3;0.0
56;2021-08-07;2435;2132;0;544430;457980;5;72.1;60.6;0.0
56;2021-08-08;1547;567;0;545977;458547;5;72.3;60.7;0.0
56;2021-08-09;3278;3876;0;549255;462423;5;72.7;61.2;0.0
56;2021-08-10;4239;4120;0;553494;466543;5;73.3;61.7;0.0
56;2021-08-11;3869;3593;0;557363;470136;5;73.8;62.2;0.0
56;2021-08-12;4011;3938;0;561374;474074;5;74.3;62.7;0.0
56;2021-08-13;3656;4056;0;565030;478130;5;74.8;63.3;0.0
56;2021-08-14;1728;2012;0;566758;480142;5;75.0;63.5;0.0
56;2021-08-15;466;480;1;567224;480622;6;75.1;63.6;0.0
56;2021-08-16;2857;4003;0;570081;484625;6;75.5;64.1;0.0
56;2021-08-17;3433;4297;0;573514;488922;6;75.9;64.7;0.0
56;2021-08-18;3383;3958;2;576897;492880;8;76.4;65.2;0.0
56;2021-08-19;2872;4468;0;579769;497348;8;76.7;65.8;0.0
56;2021-08-20;2707;4632;0;582476;501980;8;77.1;66.4;0.0
56;2021-08-21;1216;2180;0;583692;504160;8;77.3;66.7;0.0
56;2021-08-22;261;540;0;583953;504700;8;77.3;66.8;0.0
56;2021-08-23;1883;4524;0;585836;509224;8;77.5;67.4;0.0
56;2021-08-24;1895;4984;0;587731;514208;8;77.8;68.1;0.0
56;2021-08-25;1670;4620;0;589401;518828;8;78.0;68.7;0.0
56;2021-08-26;1412;4929;0;590813;523757;8;78.2;69.3;0.0
56;2021-08-27;1732;5417;0;592545;529174;8;78.4;70.0;0.0
56;2021-08-28;655;2682;0;593200;531856;8;78.5;70.4;0.0
56;2021-08-29;145;505;0;593345;532361;8;78.5;70.5;0.0
56;2021-08-30;1361;4386;123;594706;536747;131;78.7;71.0;0.0
56;2021-08-31;1471;4401;142;596177;541148;273;78.9;71.6;0.0
56;2021-09-01;1364;3723;241;597541;544871;514;79.1;72.1;0.1
56;2021-09-02;1097;3600;316;598638;548471;830;79.2;72.6;0.1
56;2021-09-03;1116;4054;352;599754;552525;1182;79.4;73.1;0.2
56;2021-09-04;791;2340;98;600545;554865;1280;79.5;73.4;0.2
56;2021-09-05;160;461;15;600705;555326;1295;79.5;73.5;0.2
56;2021-09-06;852;3000;468;601557;558326;1763;79.6;73.9;0.2
56;2021-09-07;802;2897;474;602359;561223;2237;79.7;74.3;0.3
56;2021-09-08;976;3166;229;603335;564389;2466;79.9;74.7;0.3
56;2021-09-09;811;2612;376;604146;567001;2842;80.0;75.0;0.4
56;2021-09-10;914;3090;365;605060;570091;3207;80.1;75.5;0.4
56;2021-09-11;503;2052;96;605563;572143;3303;80.1;75.7;0.4
56;2021-09-12;72;309;8;605635;572452;3311;80.2;75.8;0.4
56;2021-09-13;756;2113;572;606391;574565;3883;80.3;76.0;0.5
56;2021-09-14;715;1926;1019;607106;576491;4902;80.4;76.3;0.6
56;2021-09-15;723;2564;550;607829;579055;5452;80.4;76.6;0.7
56;2021-09-16;703;1629;1022;608532;580684;6474;80.5;76.9;0.9
56;2021-09-17;774;2167;739;609306;582851;7213;80.6;77.1;1.0
56;2021-09-18;313;1812;168;609619;584663;7381;80.7;77.4;1.0
56;2021-09-19;73;280;17;609692;584943;7398;80.7;77.4;1.0
56;2021-09-20;458;1335;808;610150;586278;8206;80.8;77.6;1.1
56;2021-09-21;483;1203;917;610633;587481;9123;80.8;77.8;1.2
56;2021-09-22;470;1797;589;611103;589278;9712;80.9;78.0;1.3
56;2021-09-23;500;1038;1156;611603;590316;10868;80.9;78.1;1.4
56;2021-09-24;570;1639;984;612173;591955;11852;81.0;78.3;1.6
56;2021-09-25;290;1165;216;612463;593120;12068;81.1;78.5;1.6
56;2021-09-26;19;118;19;612482;593238;12087;81.1;78.5;1.6
56;2021-09-27;440;1000;785;612922;594238;12872;81.1;78.6;1.7
56;2021-09-28;442;938;883;613364;595176;13755;81.2;78.8;1.8
56;2021-09-29;412;1190;645;613776;596366;14400;81.2;78.9;1.9
56;2021-09-30;338;622;861;614114;596988;15261;81.3;79.0;2.0
56;2021-10-01;529;1193;1248;614643;598181;16509;81.3;79.2;2.2
56;2021-10-02;209;485;202;614852;598666;16711;81.4;79.2;2.2
56;2021-10-03;5;68;9;614857;598734;16720;81.4;79.2;2.2
56;2021-10-04;312;769;794;615169;599503;17514;81.4;79.3;2.3
56;2021-10-05;256;651;762;615425;600154;18276;81.5;79.4;2.4
56;2021-10-06;406;955;625;615831;601109;18901;81.5;79.6;2.5
56;2021-10-07;300;863;1174;616131;601972;20075;81.5;79.7;2.7
56;2021-10-08;444;932;976;616575;602904;21051;81.6;79.8;2.8
56;2021-10-09;156;395;235;616731;603299;21286;81.6;79.8;2.8
56;2021-10-10;8;58;9;616739;603357;21295;81.6;79.9;2.8
56;2021-10-11;270;629;638;617009;603986;21933;81.7;79.9;2.9
56;2021-10-12;297;648;908;617306;604634;22841;81.7;80.0;3.0
56;2021-10-13;252;435;446;617558;605069;23287;81.7;80.1;3.1
56;2021-10-14;280;669;946;617838;605738;24233;81.8;80.2;3.2
56;2021-10-15;494;867;1410;618332;606605;25643;81.8;80.3;3.4
56;2021-10-16;164;234;249;618496;606839;25892;81.9;80.3;3.4
56;2021-10-17;7;26;18;618503;606865;25910;81.9;80.3;3.4
56;2021-10-18;326;523;932;618829;607388;26842;81.9;80.4;3.6
56;2021-10-19;217;504;921;619046;607892;27763;81.9;80.5;3.7
56;2021-10-20;154;251;572;619200;608143;28335;82.0;80.5;3.8
56;2021-10-21;255;426;1229;619455;608569;29564;82.0;80.5;3.9
56;2021-10-22;301;729;1404;619756;609298;30968;82.0;80.6;4.1
56;2021-10-23;123;217;197;619879;609515;31165;82.0;80.7;4.1
56;2021-10-24;1;15;2;619880;609530;31167;82.0;80.7;4.1
56;2021-10-25;221;304;964;620101;609834;32131;82.1;80.7;4.3
56;2021-10-26;192;361;1074;620293;610195;33205;82.1;80.8;4.4
56;2021-10-27;192;334;1037;620485;610529;34242;82.1;80.8;4.5
56;2021-10-28;194;279;1089;620679;610808;35331;82.1;80.8;4.7
56;2021-10-29;323;505;1642;621002;611313;36973;82.2;80.9;4.9
56;2021-10-30;82;135;311;621084;611448;37284;82.2;80.9;4.9
56;2021-10-31;5;12;5;621089;611460;37289;82.2;80.9;4.9
56;2021-11-01;15;14;3;621104;611474;37292;82.2;80.9;4.9
56;2021-11-02;326;446;1337;621430;611920;38629;82.2;81.0;5.1
56;2021-11-03;172;178;1013;621602;612098;39642;82.3;81.0;5.2
56;2021-11-04;321;408;1822;621923;612506;41464;82.3;81.1;5.5
56;2021-11-05;231;437;1724;622154;612943;43188;82.3;81.1;5.7
56;2021-11-06;79;117;467;622233;613060;43655;82.4;81.1;5.8
56;2021-11-07;1;6;15;622234;613066;43670;82.4;81.1;5.8
56;2021-11-08;237;369;2189;622471;613435;45859;82.4;81.2;6.1
56;2021-11-09;221;279;2059;622692;613714;47918;82.4;81.2;6.3
56;2021-11-10;191;280;1923;622883;613994;49841;82.4;81.3;6.6
56;2021-11-11;6;14;63;622889;614008;49904;82.4;81.3;6.6
56;2021-11-12;295;503;3051;623184;614511;52955;82.5;81.3;7.0
56;2021-11-13;105;127;979;623289;614638;53934;82.5;81.3;7.1
56;2021-11-14;3;2;8;623292;614640;53942;82.5;81.3;7.1
56;2021-11-15;169;242;2401;623461;614882;56343;82.5;81.4;7.5
56;2021-11-16;173;220;2581;623634;615102;58924;82.5;81.4;7.8
56;2021-11-17;194;250;2319;623828;615352;61243;82.6;81.4;8.1
56;2021-11-18;229;216;3115;624057;615568;64358;82.6;81.5;8.5
56;2021-11-19;358;427;5313;624415;615995;69671;82.6;81.5;9.2
56;2021-11-20;128;123;922;624543;616118;70593;82.7;81.5;9.3
56;2021-11-21;8;8;8;624551;616126;70601;82.7;81.5;9.3
56;2021-11-22;249;150;3460;624800;616276;74061;82.7;81.6;9.8
56;2021-11-23;170;198;3399;624970;616474;77460;82.7;81.6;10.3
56;2021-11-24;210;215;3015;625180;616689;80475;82.7;81.6;10.7
56;2021-11-25;251;233;4824;625431;616922;85299;82.8;81.7;11.3
56;2021-11-26;386;401;6255;625817;617323;91554;82.8;81.7;12.1
56;2021-11-27;105;104;1468;625922;617427;93022;82.8;81.7;12.3
56;2021-11-28;14;14;74;625936;617441;93096;82.8;81.7;12.3
56;2021-11-29;271;228;4694;626207;617669;97790;82.9;81.7;12.9
56;2021-11-30;222;250;6284;626429;617919;104074;82.9;81.8;13.8
56;2021-12-01;275;223;6264;626704;618142;110338;82.9;81.8;14.6
56;2021-12-02;162;139;6850;626866;618281;117188;83.0;81.8;15.5
56;2021-12-03;248;304;8595;627114;618585;125783;83.0;81.9;16.6
56;2021-12-04;176;144;3698;627290;618729;129481;83.0;81.9;17.1
56;2021-12-05;7;15;429;627297;618744;129910;83.0;81.9;17.2
56;2021-12-06;185;200;6420;627482;618944;136330;83.0;81.9;18.0
56;2021-12-07;212;269;8852;627694;619213;145182;83.1;82.0;19.2
56;2021-12-08;257;249;7464;627951;619462;152646;83.1;82.0;20.2
56;2021-12-09;240;261;9768;628191;619723;162414;83.1;82.0;21.5
56;2021-12-10;299;379;10586;628490;620102;173000;83.2;82.1;22.9
56;2021-12-11;171;147;5263;628661;620249;178263;83.2;82.1;23.6
56;2021-12-12;30;19;737;628691;620268;179000;83.2;82.1;23.7
56;2021-12-13;191;262;8408;628882;620530;187408;83.2;82.1;24.8
56;2021-12-14;257;218;11047;629139;620748;198455;83.3;82.2;26.3
56;2021-12-15;246;286;9679;629385;621034;208134;83.3;82.2;27.5
56;2021-12-16;251;312;11530;629636;621346;219664;83.3;82.2;29.1
56;2021-12-17;324;383;11997;629960;621729;231661;83.4;82.3;30.7
56;2021-12-18;274;201;6356;630234;621930;238017;83.4;82.3;31.5
56;2021-12-19;17;16;482;630251;621946;238499;83.4;82.3;31.6
56;2021-12-20;245;337;8086;630496;622283;246585;83.4;82.4;32.6
56;2021-12-21;344;307;9194;630840;622590;255779;83.5;82.4;33.9
56;2021-12-22;283;263;7870;631123;622853;263649;83.5;82.4;34.9
56;2021-12-23;293;226;6331;631416;623079;269980;83.6;82.5;35.7
56;2021-12-24;60;61;1273;631476;623140;271253;83.6;82.5;35.9
56;2021-12-25;0;5;79;631476;623145;271332;83.6;82.5;35.9
56;2021-12-26;4;23;152;631480;623168;271484;83.6;82.5;35.9
57;2020-12-27;1;0;0;1;0;0;0.0;0.0;0.0
57;2020-12-28;5;0;0;6;0;0;0.0;0.0;0.0
57;2020-12-29;8;0;0;14;0;0;0.0;0.0;0.0
57;2020-12-30;7;0;0;21;0;0;0.0;0.0;0.0
57;2020-12-31;2;0;0;23;0;0;0.0;0.0;0.0
57;2021-01-01;4;1;0;27;1;0;0.0;0.0;0.0
57;2021-01-02;5;0;0;32;1;0;0.0;0.0;0.0
57;2021-01-03;0;0;0;32;1;0;0.0;0.0;0.0
57;2021-01-04;22;0;0;54;1;0;0.0;0.0;0.0
57;2021-01-05;198;0;0;252;1;0;0.0;0.0;0.0
57;2021-01-06;229;0;0;481;1;0;0.0;0.0;0.0
57;2021-01-07;578;2;0;1059;3;0;0.1;0.0;0.0
57;2021-01-08;520;2;0;1579;5;0;0.2;0.0;0.0
57;2021-01-09;197;0;0;1776;5;0;0.2;0.0;0.0
57;2021-01-10;111;1;0;1887;6;0;0.2;0.0;0.0
57;2021-01-11;476;1;0;2363;7;0;0.2;0.0;0.0
57;2021-01-12;629;6;0;2992;13;0;0.3;0.0;0.0
57;2021-01-13;704;2;0;3696;15;0;0.4;0.0;0.0
57;2021-01-14;785;8;0;4481;23;0;0.4;0.0;0.0
57;2021-01-15;695;5;0;5176;28;0;0.5;0.0;0.0
57;2021-01-16;439;1;0;5615;29;0;0.5;0.0;0.0
57;2021-01-17;477;1;0;6092;30;0;0.6;0.0;0.0
57;2021-01-18;2637;23;0;8729;53;0;0.8;0.0;0.0
57;2021-01-19;2589;20;0;11318;73;0;1.1;0.0;0.0
57;2021-01-20;2740;26;0;14058;99;0;1.4;0.0;0.0
57;2021-01-21;1773;12;0;15831;111;0;1.5;0.0;0.0
57;2021-01-22;1321;9;0;17152;120;0;1.7;0.0;0.0
57;2021-01-23;574;17;0;17726;137;0;1.7;0.0;0.0
57;2021-01-24;4;0;0;17730;137;0;1.7;0.0;0.0
57;2021-01-25;938;179;0;18668;316;0;1.8;0.0;0.0
57;2021-01-26;1092;200;0;19760;516;0;1.9;0.0;0.0
57;2021-01-27;1073;170;0;20833;686;0;2.0;0.1;0.0
57;2021-01-28;1097;287;0;21930;973;0;2.1;0.1;0.0
57;2021-01-29;1015;376;0;22945;1349;0;2.2;0.1;0.0
57;2021-01-30;449;90;0;23394;1439;0;2.3;0.1;0.0
57;2021-01-31;17;27;0;23411;1466;0;2.3;0.1;0.0
57;2021-02-01;848;365;0;24259;1831;0;2.3;0.2;0.0
57;2021-02-02;1029;376;0;25288;2207;0;2.4;0.2;0.0
57;2021-02-03;997;338;0;26285;2545;0;2.5;0.2;0.0
57;2021-02-04;1175;815;0;27460;3360;0;2.7;0.3;0.0
57;2021-02-05;983;392;0;28443;3752;0;2.7;0.4;0.0
57;2021-02-06;489;326;0;28932;4078;0;2.8;0.4;0.0
57;2021-02-07;104;331;0;29036;4409;0;2.8;0.4;0.0
57;2021-02-08;1211;1454;0;30247;5863;0;2.9;0.6;0.0
57;2021-02-09;1694;1623;0;31941;7486;0;3.1;0.7;0.0
57;2021-02-10;1683;2015;0;33624;9501;0;3.2;0.9;0.0
57;2021-02-11;1457;1265;0;35081;10766;0;3.4;1.0;0.0
57;2021-02-12;1205;678;0;36286;11444;0;3.5;1.1;0.0
57;2021-02-13;1113;185;0;37399;11629;0;3.6;1.1;0.0
57;2021-02-14;1157;28;0;38556;11657;0;3.7;1.1;0.0
57;2021-02-15;766;868;0;39322;12525;0;3.8;1.2;0.0
57;2021-02-16;1066;879;0;40388;13404;0;3.9;1.3;0.0
57;2021-02-17;954;1029;0;41342;14433;0;4.0;1.4;0.0
57;2021-02-18;954;1230;0;42296;15663;0;4.1;1.5;0.0
57;2021-02-19;976;994;0;43272;16657;0;4.2;1.6;0.0
57;2021-02-20;1121;611;0;44393;17268;0;4.3;1.7;0.0
57;2021-02-21;321;22;0;44714;17290;0;4.3;1.7;0.0
57;2021-02-22;1162;925;0;45876;18215;0;4.4;1.8;0.0
57;2021-02-23;2058;1155;0;47934;19370;0;4.6;1.9;0.0
57;2021-02-24;2163;1022;0;50097;20392;0;4.8;2.0;0.0
57;2021-02-25;3190;1144;0;53287;21536;0;5.1;2.1;0.0
57;2021-02-26;3391;978;0;56678;22514;0;5.5;2.2;0.0
57;2021-02-27;3447;542;0;60125;23056;0;5.8;2.2;0.0
57;2021-02-28;1763;61;0;61888;23117;0;6.0;2.2;0.0
57;2021-03-01;1977;1326;0;63865;24443;0;6.2;2.4;0.0
57;2021-03-02;2774;1592;0;66639;26035;0;6.4;2.5;0.0
57;2021-03-03;2741;1614;0;69380;27649;0;6.7;2.7;0.0
57;2021-03-04;3200;1303;0;72580;28952;0;7.0;2.8;0.0
57;2021-03-05;4302;1249;0;76882;30201;0;7.4;2.9;0.0
57;2021-03-06;6907;796;0;83789;30997;0;8.1;3.0;0.0
57;2021-03-07;5678;280;0;89467;31277;0;8.6;3.0;0.0
57;2021-03-08;2289;1006;0;91756;32283;0;8.9;3.1;0.0
57;2021-03-09;3307;1280;0;95063;33563;0;9.2;3.2;0.0
57;2021-03-10;3580;968;0;98643;34531;0;9.5;3.3;0.0
57;2021-03-11;4023;1193;0;102666;35724;0;9.9;3.4;0.0
57;2021-03-12;5087;1216;0;107753;36940;0;10.4;3.6;0.0
57;2021-03-13;6110;965;0;113863;37905;0;11.0;3.7;0.0
57;2021-03-14;2335;419;0;116198;38324;0;11.2;3.7;0.0
57;2021-03-15;2988;867;0;119186;39191;0;11.5;3.8;0.0
57;2021-03-16;2957;1250;0;122143;40441;0;11.8;3.9;0.0
57;2021-03-17;3094;1111;0;125237;41552;0;12.1;4.0;0.0
57;2021-03-18;3404;1027;0;128641;42579;0;12.4;4.1;0.0
57;2021-03-19;4567;1006;0;133208;43585;0;12.9;4.2;0.0
57;2021-03-20;4553;998;0;137761;44583;0;13.3;4.3;0.0
57;2021-03-21;1840;252;0;139601;44835;0;13.5;4.3;0.0
57;2021-03-22;2413;1402;0;142014;46237;0;13.7;4.5;0.0
57;2021-03-23;3425;2232;0;145439;48469;0;14.0;4.7;0.0
57;2021-03-24;3919;2086;0;149358;50555;0;14.4;4.9;0.0
57;2021-03-25;4761;2513;0;154119;53068;0;14.9;5.1;0.0
57;2021-03-26;4825;2168;0;158944;55236;0;15.3;5.3;0.0
57;2021-03-27;3794;2968;0;162738;58204;0;15.7;5.6;0.0
57;2021-03-28;1399;1716;0;164137;59920;0;15.8;5.8;0.0
57;2021-03-29;2055;2085;0;166192;62005;0;16.0;6.0;0.0
57;2021-03-30;3442;2380;0;169634;64385;0;16.4;6.2;0.0
57;2021-03-31;2976;2258;0;172610;66643;0;16.7;6.4;0.0
57;2021-04-01;3421;3055;0;176031;69698;0;17.0;6.7;0.0
57;2021-04-02;2529;2457;0;178560;72155;0;17.2;7.0;0.0
57;2021-04-03;2600;2503;0;181160;74658;0;17.5;7.2;0.0
57;2021-04-04;569;915;0;181729;75573;0;17.5;7.3;0.0
57;2021-04-05;1845;674;0;183574;76247;0;17.7;7.4;0.0
57;2021-04-06;2413;2730;0;185987;78977;0;18.0;7.6;0.0
57;2021-04-07;3709;2991;0;189696;81968;0;18.3;7.9;0.0
57;2021-04-08;5470;2873;0;195166;84841;0;18.8;8.2;0.0
57;2021-04-09;5056;2776;0;200222;87617;0;19.3;8.5;0.0
57;2021-04-10;2453;3451;0;202675;91068;0;19.6;8.8;0.0
57;2021-04-11;1068;1842;0;203743;92910;0;19.7;9.0;0.0
57;2021-04-12;1862;2731;0;205605;95641;0;19.8;9.2;0.0
57;2021-04-13;2102;3032;0;207707;98673;0;20.1;9.5;0.0
57;2021-04-14;2120;3011;0;209827;101684;0;20.3;9.8;0.0
57;2021-04-15;2565;3393;0;212392;105077;0;20.5;10.1;0.0
57;2021-04-16;2771;3278;0;215163;108355;0;20.8;10.5;0.0
57;2021-04-17;2680;3122;0;217843;111477;0;21.0;10.8;0.0
57;2021-04-18;1147;1718;0;218990;113195;0;21.1;10.9;0.0
57;2021-04-19;2357;2331;0;221347;115526;0;21.4;11.2;0.0
57;2021-04-20;2723;2802;0;224070;118328;0;21.6;11.4;0.0
57;2021-04-21;3371;2455;0;227441;120783;0;22.0;11.7;0.0
57;2021-04-22;3431;2324;0;230872;123107;0;22.3;11.9;0.0
57;2021-04-23;4234;2631;0;235106;125738;0;22.7;12.1;0.0
57;2021-04-24;3530;2612;0;238636;128350;0;23.0;12.4;0.0
57;2021-04-25;805;1121;0;239441;129471;0;23.1;12.5;0.0
57;2021-04-26;3129;2135;0;242570;131606;0;23.4;12.7;0.0
57;2021-04-27;4057;2510;0;246627;134116;0;23.8;12.9;0.0
57;2021-04-28;4677;2660;0;251304;136776;0;24.3;13.2;0.0
57;2021-04-29;5658;3472;0;256962;140248;0;24.8;13.5;0.0
57;2021-04-30;4981;3525;0;261943;143773;0;25.3;13.9;0.0
57;2021-05-01;2461;1707;0;264404;145480;0;25.5;14.0;0.0
57;2021-05-02;839;898;0;265243;146378;0;25.6;14.1;0.0
57;2021-05-03;3830;3027;0;269073;149405;0;26.0;14.4;0.0
57;2021-05-04;4993;3168;0;274066;152573;0;26.5;14.7;0.0
57;2021-05-05;6339;3146;0;280405;155719;0;27.1;15.0;0.0
57;2021-05-06;6108;3327;0;286513;159046;0;27.7;15.4;0.0
57;2021-05-07;6854;3468;0;293367;162514;0;28.3;15.7;0.0
57;2021-05-08;4015;1577;0;297382;164091;0;28.7;15.8;0.0
57;2021-05-09;2049;1051;0;299431;165142;0;28.9;15.9;0.0
57;2021-05-10;5215;3112;0;304646;168254;0;29.4;16.2;0.0
57;2021-05-11;7475;2922;0;312121;171176;0;30.1;16.5;0.0
57;2021-05-12;7759;3421;0;319880;174597;0;30.9;16.9;0.0
57;2021-05-13;4608;930;0;324488;175527;0;31.3;16.9;0.0
57;2021-05-14;7742;2693;0;332230;178220;0;32.1;17.2;0.0
57;2021-05-15;5849;2137;0;338079;180357;0;32.6;17.4;0.0
57;2021-05-16;3358;579;0;341437;180936;0;33.0;17.5;0.0
57;2021-05-17;3986;2201;0;345423;183137;0;33.3;17.7;0.0
57;2021-05-18;6275;2162;0;351698;185299;0;34.0;17.9;0.0
57;2021-05-19;6987;2425;0;358685;187724;0;34.6;18.1;0.0
57;2021-05-20;6286;2264;0;364971;189988;0;35.2;18.3;0.0
57;2021-05-21;7743;2968;0;372714;192956;0;36.0;18.6;0.0
57;2021-05-22;5088;2195;0;377802;195151;0;36.5;18.8;0.0
57;2021-05-23;1964;426;0;379766;195577;0;36.7;18.9;0.0
57;2021-05-24;3116;1069;0;382882;196646;0;37.0;19.0;0.0
57;2021-05-25;5639;2849;0;388521;199495;0;37.5;19.3;0.0
57;2021-05-26;6517;3323;0;395038;202818;0;38.1;19.6;0.0
57;2021-05-27;6251;3265;0;401289;206083;0;38.7;19.9;0.0
57;2021-05-28;6970;4742;0;408259;210825;0;39.4;20.4;0.0
57;2021-05-29;5318;4392;0;413577;215217;0;39.9;20.8;0.0
57;2021-05-30;1902;1685;0;415479;216902;0;40.1;20.9;0.0
57;2021-05-31;4400;3486;0;419879;220388;0;40.5;21.3;0.0
57;2021-06-01;5888;3840;0;425767;224228;0;41.1;21.6;0.0
57;2021-06-02;6302;4287;0;432069;228515;0;41.7;22.1;0.0
57;2021-06-03;6187;4124;0;438256;232639;0;42.3;22.5;0.0
57;2021-06-04;7411;5153;0;445667;237792;0;43.0;23.0;0.0
57;2021-06-05;4713;4136;0;450380;241928;0;43.5;23.4;0.0
57;2021-06-06;1925;897;0;452305;242825;0;43.7;23.4;0.0
57;2021-06-07;4350;4179;0;456655;247004;0;44.1;23.8;0.0
57;2021-06-08;6405;4629;0;463060;251633;0;44.7;24.3;0.0
57;2021-06-09;6698;4442;0;469758;256075;0;45.3;24.7;0.0
57;2021-06-10;6014;4777;0;475772;260852;0;45.9;25.2;0.0
57;2021-06-11;5239;5461;0;481011;266313;0;46.4;25.7;0.0
57;2021-06-12;5430;4526;0;486441;270839;0;47.0;26.1;0.0
57;2021-06-13;1409;1140;0;487850;271979;0;47.1;26.3;0.0
57;2021-06-14;3275;4925;0;491125;276904;0;47.4;26.7;0.0
57;2021-06-15;3817;6075;0;494942;282979;0;47.8;27.3;0.0
57;2021-06-16;4344;6696;0;499286;289675;0;48.2;28.0;0.0
57;2021-06-17;4205;6129;0;503491;295804;0;48.6;28.6;0.0
57;2021-06-18;4307;7385;0;507798;303189;0;49.0;29.3;0.0
57;2021-06-19;4026;6268;0;511824;309457;0;49.4;29.9;0.0
57;2021-06-20;952;1650;0;512776;311107;0;49.5;30.0;0.0
57;2021-06-21;2188;6105;0;514964;317212;0;49.7;30.6;0.0
57;2021-06-22;2642;8040;0;517606;325252;0;50.0;31.4;0.0
57;2021-06-23;3078;8394;0;520684;333646;0;50.3;32.2;0.0
57;2021-06-24;2575;5400;0;523259;339046;0;50.5;32.7;0.0
57;2021-06-25;2818;7834;0;526077;346880;0;50.8;33.5;0.0
57;2021-06-26;2794;7128;0;528871;354008;0;51.1;34.2;0.0
57;2021-06-27;718;2797;0;529589;356805;0;51.1;34.4;0.0
57;2021-06-28;1667;5284;0;531256;362089;0;51.3;35.0;0.0
57;2021-06-29;2100;6921;0;533356;369010;0;51.5;35.6;0.0
57;2021-06-30;3068;7398;3;536424;376408;3;51.8;36.3;0.0
57;2021-07-01;2744;6197;0;539168;382605;3;52.0;36.9;0.0
57;2021-07-02;2700;8193;0;541868;390798;3;52.3;37.7;0.0
57;2021-07-03;3132;6423;0;545000;397221;3;52.6;38.3;0.0
57;2021-07-04;889;2436;0;545889;399657;3;52.7;38.6;0.0
57;2021-07-05;1843;4805;0;547732;404462;3;52.9;39.0;0.0
57;2021-07-06;2511;6508;0;550243;410970;3;53.1;39.7;0.0
57;2021-07-07;2779;7179;0;553022;418149;3;53.4;40.4;0.0
57;2021-07-08;2644;6108;0;555666;424257;3;53.6;41.0;0.0
57;2021-07-09;3413;8360;0;559079;432617;3;54.0;41.8;0.0
57;2021-07-10;2989;6867;0;562068;439484;3;54.3;42.4;0.0
57;2021-07-11;815;2188;0;562883;441672;3;54.3;42.6;0.0
57;2021-07-12;2405;6473;0;565288;448145;3;54.6;43.3;0.0
57;2021-07-13;4281;7507;0;569569;455652;3;55.0;44.0;0.0
57;2021-07-14;2754;3775;0;572323;459427;3;55.3;44.4;0.0
57;2021-07-15;4003;7699;0;576326;467126;3;55.6;45.1;0.0
57;2021-07-16;5558;9485;0;581884;476611;3;56.2;46.0;0.0
57;2021-07-17;5480;7023;0;587364;483634;3;56.7;46.7;0.0
57;2021-07-18;1547;2621;0;588911;486255;3;56.9;46.9;0.0
57;2021-07-19;2569;6186;0;591480;492441;3;57.1;47.5;0.0
57;2021-07-20;4266;6958;0;595746;499399;3;57.5;48.2;0.0
57;2021-07-21;5041;6868;0;600787;506267;3;58.0;48.9;0.0
57;2021-07-22;5570;5874;0;606357;512141;3;58.5;49.4;0.0
57;2021-07-23;6577;6379;0;612934;518520;3;59.2;50.1;0.0
57;2021-07-24;4381;6859;0;617315;525379;3;59.6;50.7;0.0
57;2021-07-25;1322;1714;0;618637;527093;3;59.7;50.9;0.0
57;2021-07-26;3712;4560;0;622349;531653;3;60.1;51.3;0.0
57;2021-07-27;6633;5075;0;628982;536728;3;60.7;51.8;0.0
57;2021-07-28;7169;4557;0;636151;541285;3;61.4;52.3;0.0
57;2021-07-29;7439;4616;0;643590;545901;3;62.1;52.7;0.0
57;2021-07-30;6735;5035;0;650325;550936;3;62.8;53.2;0.0
57;2021-07-31;5508;4965;0;655833;555901;3;63.3;53.7;0.0
57;2021-08-01;1963;1106;0;657796;557007;3;63.5;53.8;0.0
57;2021-08-02;3703;3321;0;661499;560328;3;63.9;54.1;0.0
57;2021-08-03;5406;4310;0;666905;564638;3;64.4;54.5;0.0
57;2021-08-04;5025;3517;0;671930;568155;3;64.9;54.8;0.0
57;2021-08-05;5147;3786;0;677077;571941;3;65.4;55.2;0.0
57;2021-08-06;5406;4814;0;682483;576755;3;65.9;55.7;0.0
57;2021-08-07;4256;5024;1;686739;581779;4;66.3;56.2;0.0
57;2021-08-08;1442;1470;0;688181;583249;4;66.4;56.3;0.0
57;2021-08-09;2583;3296;1;690764;586545;5;66.7;56.6;0.0
57;2021-08-10;3479;3881;0;694243;590426;5;67.0;57.0;0.0
57;2021-08-11;3544;3961;0;697787;594387;5;67.4;57.4;0.0
57;2021-08-12;3063;5071;0;700850;599458;5;67.7;57.9;0.0
57;2021-08-13;3300;4691;0;704150;604149;5;68.0;58.3;0.0
57;2021-08-14;2145;4984;0;706295;609133;5;68.2;58.8;0.0
57;2021-08-15;491;1078;0;706786;610211;5;68.2;58.9;0.0
57;2021-08-16;1846;3613;0;708632;613824;5;68.4;59.3;0.0
57;2021-08-17;2320;5314;0;710952;619138;5;68.6;59.8;0.0
57;2021-08-18;2325;5181;0;713277;624319;5;68.9;60.3;0.0
57;2021-08-19;2206;5397;0;715483;629716;5;69.1;60.8;0.0
57;2021-08-20;2038;5972;0;717521;635688;5;69.3;61.4;0.0
57;2021-08-21;1800;5293;0;719321;640981;5;69.4;61.9;0.0
57;2021-08-22;431;1486;0;719752;642467;5;69.5;62.0;0.0
57;2021-08-23;1167;3874;0;720919;646341;5;69.6;62.4;0.0
57;2021-08-24;1766;5485;0;722685;651826;5;69.8;62.9;0.0
57;2021-08-25;1614;5127;0;724299;656953;5;69.9;63.4;0.0
57;2021-08-26;1539;4540;0;725838;661493;5;70.1;63.9;0.0
57;2021-08-27;1732;5723;0;727570;667216;5;70.2;64.4;0.0
57;2021-08-28;1959;5224;0;729529;672440;5;70.4;64.9;0.0
57;2021-08-29;344;1086;0;729873;673526;5;70.5;65.0;0.0
57;2021-08-30;1066;3205;51;730939;676731;56;70.6;65.3;0.0
57;2021-08-31;1433;4166;159;732372;680897;215;70.7;65.7;0.0
57;2021-09-01;1665;3735;338;734037;684632;553;70.9;66.1;0.1
57;2021-09-02;1172;3000;322;735209;687632;875;71.0;66.4;0.1
57;2021-09-03;1545;3915;422;736754;691547;1297;71.1;66.8;0.1
57;2021-09-04;1613;3670;289;738367;695217;1586;71.3;67.1;0.2
57;2021-09-05;348;797;96;738715;696014;1682;71.3;67.2;0.2
57;2021-09-06;817;1778;375;739532;697792;2057;71.4;67.4;0.2
57;2021-09-07;729;1870;403;740261;699662;2460;71.5;67.5;0.2
57;2021-09-08;944;2428;443;741205;702090;2903;71.6;67.8;0.3
57;2021-09-09;678;1932;437;741883;704022;3340;71.6;68.0;0.3
57;2021-09-10;1161;2414;567;743044;706436;3907;71.7;68.2;0.4
57;2021-09-11;1169;2945;335;744213;709381;4242;71.8;68.5;0.4
57;2021-09-12;241;468;66;744454;709849;4308;71.9;68.5;0.4
57;2021-09-13;652;1235;491;745106;711084;4799;71.9;68.6;0.5
57;2021-09-14;777;1490;711;745883;712574;5510;72.0;68.8;0.5
57;2021-09-15;775;1941;753;746658;714515;6263;72.1;69.0;0.6
57;2021-09-16;717;1193;735;747375;715708;6998;72.1;69.1;0.7
57;2021-09-17;1115;1795;636;748490;717503;7634;72.3;69.3;0.7
57;2021-09-18;825;2513;422;749315;720016;8056;72.3;69.5;0.8
57;2021-09-19;118;325;73;749433;720341;8129;72.3;69.5;0.8
57;2021-09-20;455;893;753;749888;721234;8882;72.4;69.6;0.9
57;2021-09-21;490;840;815;750378;722074;9697;72.4;69.7;0.9
57;2021-09-22;512;1309;743;750890;723383;10440;72.5;69.8;1.0
57;2021-09-23;461;1174;758;751351;724557;11198;72.5;69.9;1.1
57;2021-09-24;762;1452;987;752113;726009;12185;72.6;70.1;1.2
57;2021-09-25;520;1936;527;752633;727945;12712;72.7;70.3;1.2
57;2021-09-26;110;306;88;752743;728251;12800;72.7;70.3;1.2
57;2021-09-27;420;837;792;753163;729088;13592;72.7;70.4;1.3
57;2021-09-28;316;607;946;753479;729695;14538;72.7;70.4;1.4
57;2021-09-29;518;1075;1136;753997;730770;15674;72.8;70.5;1.5
57;2021-09-30;333;622;1021;754330;731392;16695;72.8;70.6;1.6
57;2021-10-01;830;1312;1649;755160;732704;18344;72.9;70.7;1.8
57;2021-10-02;699;1499;844;755859;734203;19188;73.0;70.9;1.9
57;2021-10-03;118;217;143;755977;734420;19331;73.0;70.9;1.9
57;2021-10-04;553;605;1087;756530;735025;20418;73.0;71.0;2.0
57;2021-10-05;369;566;1158;756899;735591;21576;73.1;71.0;2.1
57;2021-10-06;523;750;1328;757422;736341;22904;73.1;71.1;2.2
57;2021-10-07;367;621;1139;757789;736962;24043;73.2;71.1;2.3
57;2021-10-08;565;1049;1961;758354;738011;26004;73.2;71.2;2.5
57;2021-10-09;625;1143;1358;758979;739154;27362;73.3;71.4;2.6
57;2021-10-10;97;123;112;759076;739277;27474;73.3;71.4;2.7
57;2021-10-11;427;593;1175;759503;739870;28649;73.3;71.4;2.8
57;2021-10-12;357;478;1103;759860;740348;29752;73.4;71.5;2.9
57;2021-10-13;602;704;1422;760462;741052;31174;73.4;71.5;3.0
57;2021-10-14;354;480;1130;760816;741532;32304;73.4;71.6;3.1
57;2021-10-15;662;996;2572;761478;742528;34876;73.5;71.7;3.4
57;2021-10-16;653;750;1715;762131;743278;36591;73.6;71.8;3.5
57;2021-10-17;98;129;216;762229;743407;36807;73.6;71.8;3.6
57;2021-10-18;433;546;1405;762662;743953;38212;73.6;71.8;3.7
57;2021-10-19;329;416;1165;762991;744369;39377;73.7;71.9;3.8
57;2021-10-20;473;498;1667;763464;744867;41044;73.7;71.9;4.0
57;2021-10-21;296;461;1043;763760;745328;42087;73.7;72.0;4.1
57;2021-10-22;624;746;2675;764384;746074;44762;73.8;72.0;4.3
57;2021-10-23;573;733;1719;764957;746807;46481;73.8;72.1;4.5
57;2021-10-24;85;109;163;765042;746916;46644;73.9;72.1;4.5
57;2021-10-25;355;437;1546;765397;747353;48190;73.9;72.1;4.7
57;2021-10-26;252;311;1349;765649;747664;49539;73.9;72.2;4.8
57;2021-10-27;385;467;1793;766034;748131;51332;74.0;72.2;5.0
57;2021-10-28;250;283;1253;766284;748414;52585;74.0;72.3;5.1
57;2021-10-29;471;583;2362;766755;748997;54947;74.0;72.3;5.3
57;2021-10-30;405;549;1414;767160;749546;56361;74.1;72.4;5.4
57;2021-10-31;53;90;140;767213;749636;56501;74.1;72.4;5.5
57;2021-11-01;141;79;90;767354;749715;56591;74.1;72.4;5.5
57;2021-11-02;384;422;1424;767738;750137;58015;74.1;72.4;5.6
57;2021-11-03;389;559;2245;768127;750696;60260;74.2;72.5;5.8
57;2021-11-04;288;406;1828;768415;751102;62088;74.2;72.5;6.0
57;2021-11-05;486;656;2763;768901;751758;64851;74.2;72.6;6.3
57;2021-11-06;438;715;2009;769339;752473;66860;74.3;72.6;6.5
57;2021-11-07;50;80;170;769389;752553;67030;74.3;72.6;6.5
57;2021-11-08;303;508;2899;769692;753061;69929;74.3;72.7;6.8
57;2021-11-09;265;334;2599;769957;753395;72528;74.3;72.7;7.0
57;2021-11-10;398;531;3240;770355;753926;75768;74.4;72.8;7.3
57;2021-11-11;54;95;337;770409;754021;76105;74.4;72.8;7.3
57;2021-11-12;472;713;4405;770881;754734;80510;74.4;72.9;7.8
57;2021-11-13;398;608;2861;771279;755342;83371;74.5;72.9;8.0
57;2021-11-14;67;118;487;771346;755460;83858;74.5;72.9;8.1
57;2021-11-15;298;424;2882;771644;755884;86740;74.5;73.0;8.4
57;2021-11-16;296;350;2730;771940;756234;89470;74.5;73.0;8.6
57;2021-11-17;433;479;3167;772373;756713;92637;74.6;73.1;8.9
57;2021-11-18;282;335;3057;772655;757048;95694;74.6;73.1;9.2
57;2021-11-19;494;590;4496;773149;757638;100190;74.6;73.1;9.7
57;2021-11-20;510;520;3059;773659;758158;103249;74.7;73.2;10.0
57;2021-11-21;48;56;203;773707;758214;103452;74.7;73.2;10.0
57;2021-11-22;319;256;3418;774026;758470;106870;74.7;73.2;10.3
57;2021-11-23;421;404;3453;774447;758874;110323;74.8;73.3;10.7
57;2021-11-24;387;479;3695;774834;759353;114018;74.8;73.3;11.0
57;2021-11-25;379;373;4375;775213;759726;118393;74.8;73.3;11.4
57;2021-11-26;469;566;7011;775682;760292;125404;74.9;73.4;12.1
57;2021-11-27;454;596;6081;776136;760888;131485;74.9;73.5;12.7
57;2021-11-28;80;96;2436;776216;760984;133921;74.9;73.5;12.9
57;2021-11-29;313;373;5716;776529;761357;139637;75.0;73.5;13.5
57;2021-11-30;351;396;7667;776880;761753;147304;75.0;73.5;14.2
57;2021-12-01;256;424;6458;777136;762177;153762;75.0;73.6;14.8
57;2021-12-02;354;316;9571;777490;762493;163333;75.1;73.6;15.8
57;2021-12-03;400;552;11079;777890;763045;174412;75.1;73.7;16.8
57;2021-12-04;494;588;8936;778384;763633;183348;75.1;73.7;17.7
57;2021-12-05;178;152;2951;778562;763785;186299;75.2;73.7;18.0
57;2021-12-06;383;526;6721;778945;764311;193020;75.2;73.8;18.6
57;2021-12-07;364;474;9389;779309;764785;202409;75.2;73.8;19.5
57;2021-12-08;467;593;8979;779776;765378;211388;75.3;73.9;20.4
57;2021-12-09;436;478;10605;780212;765856;221993;75.3;73.9;21.4
57;2021-12-10;565;667;12545;780777;766523;234538;75.4;74.0;22.6
57;2021-12-11;539;768;10350;781316;767291;244888;75.4;74.1;23.6
57;2021-12-12;191;139;3214;781507;767430;248102;75.4;74.1;24.0
57;2021-12-13;407;498;8269;781914;767928;256371;75.5;74.1;24.7
57;2021-12-14;475;590;10496;782389;768518;266867;75.5;74.2;25.8
57;2021-12-15;545;591;11459;782934;769109;278326;75.6;74.2;26.9
57;2021-12-16;533;539;12166;783467;769648;290492;75.6;74.3;28.0
57;2021-12-17;614;690;13479;784081;770338;303971;75.7;74.4;29.3
57;2021-12-18;631;684;10013;784712;771022;313984;75.8;74.4;30.3
57;2021-12-19;191;189;3601;784903;771211;317585;75.8;74.5;30.7
57;2021-12-20;546;540;8288;785449;771751;325873;75.8;74.5;31.5
57;2021-12-21;554;539;9960;786003;772290;335833;75.9;74.6;32.4
57;2021-12-22;680;495;10073;786683;772785;345906;75.9;74.6;33.4
57;2021-12-23;538;446;6637;787221;773231;352543;76.0;74.6;34.0
57;2021-12-24;85;146;772;787306;773377;353315;76.0;74.7;34.1
57;2021-12-25;7;40;65;787313;773417;353380;76.0;74.7;34.1
57;2021-12-26;14;34;188;787327;773451;353568;76.0;74.7;34.1
58;2020-12-27;0;0;0;0;0;0;0.0;0.0;0.0
58;2020-12-28;0;0;0;0;0;0;0.0;0.0;0.0
58;2020-12-29;0;0;0;0;0;0;0.0;0.0;0.0
58;2020-12-30;0;0;0;0;0;0;0.0;0.0;0.0
58;2020-12-31;0;0;0;0;0;0;0.0;0.0;0.0
58;2021-01-01;0;0;0;0;0;0;0.0;0.0;0.0
58;2021-01-02;0;0;0;0;0;0;0.0;0.0;0.0
58;2021-01-03;1;0;0;1;0;0;0.0;0.0;0.0
58;2021-01-04;0;0;0;1;0;0;0.0;0.0;0.0
58;2021-01-05;1;0;0;2;0;0;0.0;0.0;0.0
58;2021-01-06;131;0;0;133;0;0;0.1;0.0;0.0
58;2021-01-07;229;0;0;362;0;0;0.2;0.0;0.0
58;2021-01-08;64;0;0;426;0;0;0.2;0.0;0.0
58;2021-01-09;1;0;0;427;0;0;0.2;0.0;0.0
58;2021-01-10;2;0;0;429;0;0;0.2;0.0;0.0
58;2021-01-11;55;0;0;484;0;0;0.2;0.0;0.0
58;2021-01-12;246;0;0;730;0;0;0.4;0.0;0.0
58;2021-01-13;391;4;0;1121;4;0;0.6;0.0;0.0
58;2021-01-14;266;2;0;1387;6;0;0.7;0.0;0.0
58;2021-01-15;149;0;0;1536;6;0;0.8;0.0;0.0
58;2021-01-16;20;2;0;1556;8;0;0.8;0.0;0.0
58;2021-01-17;1;0;0;1557;8;0;0.8;0.0;0.0
58;2021-01-18;397;1;0;1954;9;0;1.0;0.0;0.0
58;2021-01-19;896;2;0;2850;11;0;1.4;0.0;0.0
58;2021-01-20;1114;1;0;3964;12;0;2.0;0.0;0.0
58;2021-01-21;904;5;0;4868;17;0;2.4;0.0;0.0
58;2021-01-22;726;5;0;5594;22;0;2.8;0.0;0.0
58;2021-01-23;258;0;0;5852;22;0;2.9;0.0;0.0
58;2021-01-24;2;0;0;5854;22;0;2.9;0.0;0.0
58;2021-01-25;364;2;0;6218;24;0;3.1;0.0;0.0
58;2021-01-26;585;3;0;6803;27;0;3.4;0.0;0.0
58;2021-01-27;585;45;0;7388;72;0;3.7;0.0;0.0
58;2021-01-28;675;64;0;8063;136;0;4.0;0.1;0.0
58;2021-01-29;757;12;0;8820;148;0;4.4;0.1;0.0
58;2021-01-30;241;1;0;9061;149;0;4.5;0.1;0.0
58;2021-01-31;11;0;0;9072;149;0;4.5;0.1;0.0
58;2021-02-01;183;74;0;9255;223;0;4.6;0.1;0.0
58;2021-02-02;490;82;0;9745;305;0;4.9;0.2;0.0
58;2021-02-03;291;147;0;10036;452;0;5.0;0.2;0.0
58;2021-02-04;257;93;0;10293;545;0;5.2;0.3;0.0
58;2021-02-05;139;93;0;10432;638;0;5.2;0.3;0.0
58;2021-02-06;94;2;0;10526;640;0;5.3;0.3;0.0
58;2021-02-07;2;0;0;10528;640;0;5.3;0.3;0.0
58;2021-02-08;243;74;0;10771;714;0;5.4;0.4;0.0
58;2021-02-09;426;294;0;11197;1008;0;5.6;0.5;0.0
58;2021-02-10;310;352;0;11507;1360;0;5.8;0.7;0.0
58;2021-02-11;282;367;0;11789;1727;0;5.9;0.9;0.0
58;2021-02-12;201;213;0;11990;1940;0;6.0;1.0;0.0
58;2021-02-13;72;33;0;12062;1973;0;6.0;1.0;0.0
58;2021-02-14;0;2;0;12062;1975;0;6.0;1.0;0.0
58;2021-02-15;112;482;0;12174;2457;0;6.1;1.2;0.0
58;2021-02-16;193;851;0;12367;3308;0;6.2;1.7;0.0
58;2021-02-17;193;694;0;12560;4002;0;6.3;2.0;0.0
58;2021-02-18;161;744;0;12721;4746;0;6.4;2.4;0.0
58;2021-02-19;236;685;0;12957;5431;0;6.5;2.7;0.0
58;2021-02-20;61;234;0;13018;5665;0;6.5;2.8;0.0
58;2021-02-21;1;31;0;13019;5696;0;6.5;2.9;0.0
58;2021-02-22;82;359;0;13101;6055;0;6.6;3.0;0.0
58;2021-02-23;53;581;0;13154;6636;0;6.6;3.3;0.0
58;2021-02-24;53;540;0;13207;7176;0;6.6;3.6;0.0
58;2021-02-25;239;623;0;13446;7799;0;6.7;3.9;0.0
58;2021-02-26;232;567;0;13678;8366;0;6.9;4.2;0.0
58;2021-02-27;102;197;0;13780;8563;0;6.9;4.3;0.0
58;2021-02-28;13;8;0;13793;8571;0;6.9;4.3;0.0
58;2021-03-01;143;216;0;13936;8787;0;7.0;4.4;0.0
58;2021-03-02;375;553;0;14311;9340;0;7.2;4.7;0.0
58;2021-03-03;499;279;0;14810;9619;0;7.4;4.8;0.0
58;2021-03-04;641;250;0;15451;9869;0;7.7;4.9;0.0
58;2021-03-05;739;176;0;16190;10045;0;8.1;5.0;0.0
58;2021-03-06;540;83;0;16730;10128;0;8.4;5.1;0.0
58;2021-03-07;64;5;0;16794;10133;0;8.4;5.1;0.0
58;2021-03-08;160;259;0;16954;10392;0;8.5;5.2;0.0
58;2021-03-09;504;473;0;17458;10865;0;8.7;5.4;0.0
58;2021-03-10;806;244;0;18264;11109;0;9.2;5.6;0.0
58;2021-03-11;830;266;0;19094;11375;0;9.6;5.7;0.0
58;2021-03-12;773;177;0;19867;11552;0;10.0;5.8;0.0
58;2021-03-13;478;67;0;20345;11619;0;10.2;5.8;0.0
58;2021-03-14;36;1;0;20381;11620;0;10.2;5.8;0.0
58;2021-03-15;479;109;0;20860;11729;0;10.5;5.9;0.0
58;2021-03-16;654;219;0;21514;11948;0;10.8;6.0;0.0
58;2021-03-17;659;150;0;22173;12098;0;11.1;6.1;0.0
58;2021-03-18;582;162;0;22755;12260;0;11.4;6.1;0.0
58;2021-03-19;541;107;0;23296;12367;0;11.7;6.2;0.0
58;2021-03-20;313;64;0;23609;12431;0;11.8;6.2;0.0
58;2021-03-21;15;0;0;23624;12431;0;11.8;6.2;0.0
58;2021-03-22;723;23;0;24347;12454;0;12.2;6.2;0.0
58;2021-03-23;1413;44;0;25760;12498;0;12.9;6.3;0.0
58;2021-03-24;1213;74;0;26973;12572;0;13.5;6.3;0.0
58;2021-03-25;1622;43;0;28595;12615;0;14.3;6.3;0.0
58;2021-03-26;1309;56;0;29904;12671;0;15.0;6.3;0.0
58;2021-03-27;380;14;0;30284;12685;0;15.2;6.4;0.0
58;2021-03-28;20;1;0;30304;12686;0;15.2;6.4;0.0
58;2021-03-29;584;144;0;30888;12830;0;15.5;6.4;0.0
58;2021-03-30;1081;238;0;31969;13068;0;16.0;6.5;0.0
58;2021-03-31;973;328;0;32942;13396;0;16.5;6.7;0.0
58;2021-04-01;1436;352;0;34378;13748;0;17.2;6.9;0.0
58;2021-04-02;1367;306;0;35745;14054;0;17.9;7.0;0.0
58;2021-04-03;573;159;0;36318;14213;0;18.2;7.1;0.0
58;2021-04-04;4;2;0;36322;14215;0;18.2;7.1;0.0
58;2021-04-05;50;2;0;36372;14217;0;18.2;7.1;0.0
58;2021-04-06;730;335;0;37102;14552;0;18.6;7.3;0.0
58;2021-04-07;670;489;0;37772;15041;0;18.9;7.5;0.0
58;2021-04-08;1372;406;0;39144;15447;0;19.6;7.7;0.0
58;2021-04-09;1629;393;0;40773;15840;0;20.4;7.9;0.0
58;2021-04-10;576;192;0;41349;16032;0;20.7;8.0;0.0
58;2021-04-11;30;3;0;41379;16035;0;20.7;8.0;0.0
58;2021-04-12;1071;460;0;42450;16495;0;21.3;8.3;0.0
58;2021-04-13;1379;589;0;43829;17084;0;22.0;8.6;0.0
58;2021-04-14;1232;620;0;45061;17704;0;22.6;8.9;0.0
58;2021-04-15;1262;585;0;46323;18289;0;23.2;9.2;0.0
58;2021-04-16;1529;487;0;47852;18776;0;24.0;9.4;0.0
58;2021-04-17;681;234;0;48533;19010;0;24.3;9.5;0.0
58;2021-04-18;19;10;0;48552;19020;0;24.3;9.5;0.0
58;2021-04-19;490;544;0;49042;19564;0;24.6;9.8;0.0
58;2021-04-20;477;947;0;49519;20511;0;24.8;10.3;0.0
58;2021-04-21;541;830;0;50060;21341;0;25.1;10.7;0.0
58;2021-04-22;711;1323;0;50771;22664;0;25.4;11.4;0.0
58;2021-04-23;889;702;0;51660;23366;0;25.9;11.7;0.0
58;2021-04-24;215;222;0;51875;23588;0;26.0;11.8;0.0
58;2021-04-25;16;1;0;51891;23589;0;26.0;11.8;0.0
58;2021-04-26;719;274;0;52610;23863;0;26.4;12.0;0.0
58;2021-04-27;1333;1024;0;53943;24887;0;27.0;12.5;0.0
58;2021-04-28;1459;889;0;55402;25776;0;27.8;12.9;0.0
58;2021-04-29;1331;978;0;56733;26754;0;28.4;13.4;0.0
58;2021-04-30;1160;875;0;57893;27629;0;29.0;13.8;0.0
58;2021-05-01;46;66;0;57939;27695;0;29.0;13.9;0.0
58;2021-05-02;18;5;0;57957;27700;0;29.0;13.9;0.0
58;2021-05-03;993;400;0;58950;28100;0;29.5;14.1;0.0
58;2021-05-04;1058;1212;0;60008;29312;0;30.1;14.7;0.0
58;2021-05-05;934;998;0;60942;30310;0;30.5;15.2;0.0
58;2021-05-06;1352;940;0;62294;31250;0;31.2;15.7;0.0
58;2021-05-07;1114;985;0;63408;32235;0;31.8;16.2;0.0
58;2021-05-08;144;67;0;63552;32302;0;31.8;16.2;0.0
58;2021-05-09;20;31;0;63572;32333;0;31.9;16.2;0.0
58;2021-05-10;931;879;0;64503;33212;0;32.3;16.6;0.0
58;2021-05-11;1385;1820;0;65888;35032;0;33.0;17.6;0.0
58;2021-05-12;1784;1470;0;67672;36502;0;33.9;18.3;0.0
58;2021-05-13;149;174;0;67821;36676;0;34.0;18.4;0.0
58;2021-05-14;2156;807;0;69977;37483;0;35.1;18.8;0.0
58;2021-05-15;1686;422;0;71663;37905;0;35.9;19.0;0.0
58;2021-05-16;124;33;0;71787;37938;0;36.0;19.0;0.0
58;2021-05-17;758;557;0;72545;38495;0;36.3;19.3;0.0
58;2021-05-18;1387;1111;0;73932;39606;0;37.0;19.8;0.0
58;2021-05-19;1758;510;0;75690;40116;0;37.9;20.1;0.0
58;2021-05-20;1741;625;0;77431;40741;0;38.8;20.4;0.0
58;2021-05-21;910;645;0;78341;41386;0;39.2;20.7;0.0
58;2021-05-22;416;231;0;78757;41617;0;39.5;20.9;0.0
58;2021-05-23;46;25;0;78803;41642;0;39.5;20.9;0.0
58;2021-05-24;164;53;0;78967;41695;0;39.6;20.9;0.0
58;2021-05-25;1444;1025;0;80411;42720;0;40.3;21.4;0.0
58;2021-05-26;967;741;0;81378;43461;0;40.8;21.8;0.0
58;2021-05-27;935;908;0;82313;44369;0;41.2;22.2;0.0
58;2021-05-28;640;843;0;82953;45212;0;41.6;22.7;0.0
58;2021-05-29;366;231;0;83319;45443;0;41.7;22.8;0.0
58;2021-05-30;97;19;0;83416;45462;0;41.8;22.8;0.0
58;2021-05-31;832;390;0;84248;45852;0;42.2;23.0;0.0
58;2021-06-01;1490;1531;0;85738;47383;0;43.0;23.7;0.0
58;2021-06-02;1575;987;0;87313;48370;0;43.7;24.2;0.0
58;2021-06-03;1143;886;0;88456;49256;0;44.3;24.7;0.0
58;2021-06-04;979;893;0;89435;50149;0;44.8;25.1;0.0
58;2021-06-05;443;284;0;89878;50433;0;45.0;25.3;0.0
58;2021-06-06;54;53;0;89932;50486;0;45.1;25.3;0.0
58;2021-06-07;750;745;0;90682;51231;0;45.4;25.7;0.0
58;2021-06-08;1311;1717;0;91993;52948;0;46.1;26.5;0.0
58;2021-06-09;1445;966;0;93438;53914;0;46.8;27.0;0.0
58;2021-06-10;1177;929;0;94615;54843;0;47.4;27.5;0.0
58;2021-06-11;987;909;0;95602;55752;0;47.9;27.9;0.0
58;2021-06-12;1084;422;0;96686;56174;0;48.4;28.1;0.0
58;2021-06-13;47;43;0;96733;56217;0;48.5;28.2;0.0
58;2021-06-14;519;1033;0;97252;57250;0;48.7;28.7;0.0
58;2021-06-15;1425;1774;0;98677;59024;0;49.4;29.6;0.0
58;2021-06-16;1666;993;0;100343;60017;0;50.3;30.1;0.0
58;2021-06-17;1798;1133;0;102141;61150;0;51.2;30.6;0.0
58;2021-06-18;890;1150;0;103031;62300;0;51.6;31.2;0.0
58;2021-06-19;567;386;0;103598;62686;0;51.9;31.4;0.0
58;2021-06-20;21;10;0;103619;62696;0;51.9;31.4;0.0
58;2021-06-21;452;646;0;104071;63342;0;52.1;31.7;0.0
58;2021-06-22;953;2027;0;105024;65369;0;52.6;32.8;0.0
58;2021-06-23;1299;1566;0;106323;66935;0;53.3;33.5;0.0
58;2021-06-24;681;979;0;107004;67914;0;53.6;34.0;0.0
58;2021-06-25;760;1712;0;107764;69626;0;54.0;34.9;0.0
58;2021-06-26;513;1301;0;108277;70927;0;54.2;35.5;0.0
58;2021-06-27;31;56;0;108308;70983;0;54.3;35.6;0.0
58;2021-06-28;394;981;0;108702;71964;0;54.5;36.1;0.0
58;2021-06-29;581;2103;0;109283;74067;0;54.8;37.1;0.0
58;2021-06-30;938;1668;0;110221;75735;0;55.2;37.9;0.0
58;2021-07-01;708;1693;0;110929;77428;0;55.6;38.8;0.0
58;2021-07-02;409;931;0;111338;78359;0;55.8;39.3;0.0
58;2021-07-03;237;652;0;111575;79011;0;55.9;39.6;0.0
58;2021-07-04;22;74;0;111597;79085;0;55.9;39.6;0.0
58;2021-07-05;501;841;0;112098;79926;0;56.2;40.0;0.0
58;2021-07-06;630;2098;0;112728;82024;0;56.5;41.1;0.0
58;2021-07-07;383;1099;0;113111;83123;0;56.7;41.6;0.0
58;2021-07-08;430;1075;0;113541;84198;0;56.9;42.2;0.0
58;2021-07-09;717;1460;0;114258;85658;0;57.2;42.9;0.0
58;2021-07-10;278;575;0;114536;86233;0;57.4;43.2;0.0
58;2021-07-11;174;135;0;114710;86368;0;57.5;43.3;0.0
58;2021-07-12;220;1073;0;114930;87441;0;57.6;43.8;0.0
58;2021-07-13;916;2545;0;115846;89986;0;58.0;45.1;0.0
58;2021-07-14;100;119;0;115946;90105;0;58.1;45.1;0.0
58;2021-07-15;1101;1932;0;117047;92037;0;58.6;46.1;0.0
58;2021-07-16;1331;1464;0;118378;93501;0;59.3;46.8;0.0
58;2021-07-17;482;443;0;118860;93944;0;59.6;47.1;0.0
58;2021-07-18;116;41;0;118976;93985;0;59.6;47.1;0.0
58;2021-07-19;1371;970;0;120347;94955;0;60.3;47.6;0.0
58;2021-07-20;1337;2355;0;121684;97310;0;61.0;48.8;0.0
58;2021-07-21;1155;1990;0;122839;99300;0;61.5;49.8;0.0
58;2021-07-22;1134;1613;0;123973;100913;0;62.1;50.6;0.0
58;2021-07-23;1201;1389;0;125174;102302;0;62.7;51.3;0.0
58;2021-07-24;923;1257;0;126097;103559;0;63.2;51.9;0.0
58;2021-07-25;96;61;0;126193;103620;0;63.2;51.9;0.0
58;2021-07-26;914;822;0;127107;104442;0;63.7;52.3;0.0
58;2021-07-27;1489;2383;0;128596;106825;0;64.4;53.5;0.0
58;2021-07-28;1463;1781;0;130059;108606;0;65.2;54.4;0.0
58;2021-07-29;1524;1493;0;131583;110099;0;65.9;55.2;0.0
58;2021-07-30;1374;1283;1;132957;111382;1;66.6;55.8;0.0
58;2021-07-31;595;550;0;133552;111932;1;66.9;56.1;0.0
58;2021-08-01;57;26;0;133609;111958;1;66.9;56.1;0.0
58;2021-08-02;1468;859;0;135077;112817;1;67.7;56.5;0.0
58;2021-08-03;1730;1591;0;136807;114408;1;68.5;57.3;0.0
58;2021-08-04;1190;1087;0;137997;115495;1;69.1;57.9;0.0
58;2021-08-05;1353;1108;0;139350;116603;1;69.8;58.4;0.0
58;2021-08-06;1184;985;0;140534;117588;1;70.4;58.9;0.0
58;2021-08-07;349;432;0;140883;118020;1;70.6;59.1;0.0
58;2021-08-08;34;79;0;140917;118099;1;70.6;59.2;0.0
58;2021-08-09;937;1172;0;141854;119271;1;71.1;59.8;0.0
58;2021-08-10;1539;1255;0;143393;120526;1;71.8;60.4;0.0
58;2021-08-11;992;735;0;144385;121261;1;72.3;60.8;0.0
58;2021-08-12;920;1056;0;145305;122317;1;72.8;61.3;0.0
58;2021-08-13;819;882;0;146124;123199;1;73.2;61.7;0.0
58;2021-08-14;232;363;0;146356;123562;1;73.3;61.9;0.0
58;2021-08-15;23;43;0;146379;123605;1;73.3;61.9;0.0
58;2021-08-16;344;1251;0;146723;124856;1;73.5;62.6;0.0
58;2021-08-17;723;1258;0;147446;126114;1;73.9;63.2;0.0
58;2021-08-18;673;1097;0;148119;127211;1;74.2;63.7;0.0
58;2021-08-19;641;1275;0;148760;128486;1;74.5;64.4;0.0
58;2021-08-20;601;1160;1;149361;129646;2;74.8;65.0;0.0
58;2021-08-21;226;489;0;149587;130135;2;74.9;65.2;0.0
58;2021-08-22;16;113;0;149603;130248;2;75.0;65.3;0.0
58;2021-08-23;362;793;0;149965;131041;2;75.1;65.7;0.0
58;2021-08-24;421;1283;0;150386;132324;2;75.3;66.3;0.0
58;2021-08-25;405;1356;0;150791;133680;2;75.5;67.0;0.0
58;2021-08-26;490;1503;0;151281;135183;2;75.8;67.7;0.0
58;2021-08-27;446;1380;0;151727;136563;2;76.0;68.4;0.0
58;2021-08-28;228;661;0;151955;137224;2;76.1;68.8;0.0
58;2021-08-29;10;52;0;151965;137276;2;76.1;68.8;0.0
58;2021-08-30;322;773;26;152287;138049;28;76.3;69.2;0.0
58;2021-08-31;443;1353;73;152730;139402;101;76.5;69.8;0.1
58;2021-09-01;375;1325;161;153105;140727;262;76.7;70.5;0.1
58;2021-09-02;265;1085;117;153370;141812;379;76.8;71.0;0.2
58;2021-09-03;334;1181;204;153704;142993;583;77.0;71.6;0.3
58;2021-09-04;199;570;64;153903;143563;647;77.1;71.9;0.3
58;2021-09-05;8;42;2;153911;143605;649;77.1;71.9;0.3
58;2021-09-06;136;398;163;154047;144003;812;77.2;72.1;0.4
58;2021-09-07;263;695;175;154310;144698;987;77.3;72.5;0.5
58;2021-09-08;233;912;262;154543;145610;1249;77.4;73.0;0.6
58;2021-09-09;233;456;255;154776;146066;1504;77.5;73.2;0.8
58;2021-09-10;238;626;282;155014;146692;1786;77.7;73.5;0.9
58;2021-09-11;108;406;87;155122;147098;1873;77.7;73.7;0.9
58;2021-09-12;5;11;11;155127;147109;1884;77.7;73.7;0.9
58;2021-09-13;183;388;298;155310;147497;2182;77.8;73.9;1.1
58;2021-09-14;267;573;356;155577;148070;2538;77.9;74.2;1.3
58;2021-09-15;184;521;281;155761;148591;2819;78.0;74.4;1.4
58;2021-09-16;190;424;337;155951;149015;3156;78.1;74.7;1.6
58;2021-09-17;195;377;238;156146;149392;3394;78.2;74.8;1.7
58;2021-09-18;106;355;82;156252;149747;3476;78.3;75.0;1.7
58;2021-09-19;6;10;3;156258;149757;3479;78.3;75.0;1.7
58;2021-09-20;160;223;287;156418;149980;3766;78.4;75.1;1.9
58;2021-09-21;133;364;309;156551;150344;4075;78.4;75.3;2.0
58;2021-09-22;147;490;484;156698;150834;4559;78.5;75.6;2.3
58;2021-09-23;131;294;315;156829;151128;4874;78.6;75.7;2.4
58;2021-09-24;118;345;254;156947;151473;5128;78.6;75.9;2.6
58;2021-09-25;78;319;109;157025;151792;5237;78.7;76.0;2.6
58;2021-09-26;10;15;20;157035;151807;5257;78.7;76.1;2.6
58;2021-09-27;88;221;217;157123;152028;5474;78.7;76.2;2.7
58;2021-09-28;120;307;298;157243;152335;5772;78.8;76.3;2.9
58;2021-09-29;98;322;372;157341;152657;6144;78.8;76.5;3.1
58;2021-09-30;77;208;261;157418;152865;6405;78.9;76.6;3.2
58;2021-10-01;100;215;200;157518;153080;6605;78.9;76.7;3.3
58;2021-10-02;85;201;167;157603;153281;6772;79.0;76.8;3.4
58;2021-10-03;0;4;8;157603;153285;6780;79.0;76.8;3.4
58;2021-10-04;69;169;185;157672;153454;6965;79.0;76.9;3.5
58;2021-10-05;131;294;437;157803;153748;7402;79.1;77.0;3.7
58;2021-10-06;72;281;276;157875;154029;7678;79.1;77.2;3.8
58;2021-10-07;85;138;304;157960;154167;7982;79.1;77.2;4.0
58;2021-10-08;110;217;309;158070;154384;8291;79.2;77.3;4.2
58;2021-10-09;67;134;137;158137;154518;8428;79.2;77.4;4.2
58;2021-10-10;3;14;16;158140;154532;8444;79.2;77.4;4.2
58;2021-10-11;50;152;260;158190;154684;8704;79.3;77.5;4.4
58;2021-10-12;107;196;430;158297;154880;9134;79.3;77.6;4.6
58;2021-10-13;122;230;521;158419;155110;9655;79.4;77.7;4.8
58;2021-10-14;67;209;333;158486;155319;9988;79.4;77.8;5.0
58;2021-10-15;73;107;290;158559;155426;10278;79.4;77.9;5.1
58;2021-10-16;61;117;142;158620;155543;10420;79.5;77.9;5.2
58;2021-10-17;3;7;7;158623;155550;10427;79.5;77.9;5.2
58;2021-10-18;33;68;242;158656;155618;10669;79.5;78.0;5.3
58;2021-10-19;67;100;432;158723;155718;11101;79.5;78.0;5.6
58;2021-10-20;132;151;624;158855;155869;11725;79.6;78.1;5.9
58;2021-10-21;49;78;334;158904;155947;12059;79.6;78.1;6.0
58;2021-10-22;52;88;274;158956;156035;12333;79.6;78.2;6.2
58;2021-10-23;63;89;247;159019;156124;12580;79.7;78.2;6.3
58;2021-10-24;9;18;23;159028;156142;12603;79.7;78.2;6.3
58;2021-10-25;40;63;269;159068;156205;12872;79.7;78.3;6.4
58;2021-10-26;83;116;573;159151;156321;13445;79.7;78.3;6.7
58;2021-10-27;75;89;507;159226;156410;13952;79.8;78.4;7.0
58;2021-10-28;55;92;521;159281;156502;14473;79.8;78.4;7.3
58;2021-10-29;41;68;299;159322;156570;14772;79.8;78.4;7.4
58;2021-10-30;54;74;172;159376;156644;14944;79.8;78.5;7.5
58;2021-10-31;0;10;8;159376;156654;14952;79.8;78.5;7.5
58;2021-11-01;5;0;4;159381;156654;14956;79.9;78.5;7.5
58;2021-11-02;58;93;449;159439;156747;15405;79.9;78.5;7.7
58;2021-11-03;74;143;671;159513;156890;16076;79.9;78.6;8.1
58;2021-11-04;63;71;461;159576;156961;16537;79.9;78.6;8.3
58;2021-11-05;60;66;408;159636;157027;16945;80.0;78.7;8.5
58;2021-11-06;41;54;216;159677;157081;17161;80.0;78.7;8.6
58;2021-11-07;4;6;36;159681;157087;17197;80.0;78.7;8.6
58;2021-11-08;28;39;442;159709;157126;17639;80.0;78.7;8.8
58;2021-11-09;54;84;775;159763;157210;18414;80.0;78.8;9.2
58;2021-11-10;84;144;857;159847;157354;19271;80.1;78.8;9.7
58;2021-11-11;6;8;24;159853;157362;19295;80.1;78.8;9.7
58;2021-11-12;69;74;610;159922;157436;19905;80.1;78.9;10.0
58;2021-11-13;32;61;279;159954;157497;20184;80.1;78.9;10.1
58;2021-11-14;2;8;12;159956;157505;20196;80.1;78.9;10.1
58;2021-11-15;34;46;626;159990;157551;20822;80.2;78.9;10.4
58;2021-11-16;58;89;1014;160048;157640;21836;80.2;79.0;10.9
58;2021-11-17;69;136;951;160117;157776;22787;80.2;79.0;11.4
58;2021-11-18;58;60;856;160175;157836;23643;80.2;79.1;11.8
58;2021-11-19;55;63;743;160230;157899;24386;80.3;79.1;12.2
58;2021-11-20;39;51;361;160269;157950;24747;80.3;79.1;12.4
58;2021-11-21;3;3;48;160272;157953;24795;80.3;79.1;12.4
58;2021-11-22;39;31;682;160311;157984;25477;80.3;79.2;12.8
58;2021-11-23;74;64;1022;160385;158048;26499;80.4;79.2;13.3
58;2021-11-24;89;125;1063;160474;158173;27562;80.4;79.2;13.8
58;2021-11-25;63;65;1331;160537;158238;28893;80.4;79.3;14.5
58;2021-11-26;78;64;1100;160615;158302;29993;80.5;79.3;15.0
58;2021-11-27;44;57;627;160659;158359;30620;80.5;79.3;15.3
58;2021-11-28;9;5;104;160668;158364;30724;80.5;79.3;15.4
58;2021-11-29;61;40;1402;160729;158404;32126;80.5;79.4;16.1
58;2021-11-30;74;58;2101;160803;158462;34227;80.6;79.4;17.1
58;2021-12-01;52;66;1927;160855;158528;36154;80.6;79.4;18.1
58;2021-12-02;52;52;2189;160907;158580;38343;80.6;79.5;19.2
58;2021-12-03;51;65;1956;160958;158645;40299;80.6;79.5;20.2
58;2021-12-04;46;44;934;161004;158689;41233;80.7;79.5;20.7
58;2021-12-05;2;6;132;161006;158695;41365;80.7;79.5;20.7
58;2021-12-06;39;34;1686;161045;158729;43051;80.7;79.5;21.6
58;2021-12-07;50;70;2374;161095;158799;45425;80.7;79.6;22.8
58;2021-12-08;34;70;2030;161129;158869;47455;80.7;79.6;23.8
58;2021-12-09;47;62;2757;161176;158931;50212;80.8;79.6;25.2
58;2021-12-10;69;64;2309;161245;158995;52521;80.8;79.7;26.3
58;2021-12-11;36;56;1024;161281;159051;53545;80.8;79.7;26.8
58;2021-12-12;6;9;185;161287;159060;53730;80.8;79.7;26.9
58;2021-12-13;43;53;1881;161330;159113;55611;80.8;79.7;27.9
58;2021-12-14;53;95;3146;161383;159208;58757;80.9;79.8;29.4
58;2021-12-15;63;81;2501;161446;159289;61258;80.9;79.8;30.7
58;2021-12-16;54;95;2952;161500;159384;64210;80.9;79.9;32.2
58;2021-12-17;56;72;2479;161556;159456;66689;80.9;79.9;33.4
58;2021-12-18;60;60;1315;161616;159516;68004;81.0;79.9;34.1
58;2021-12-19;9;11;250;161625;159527;68254;81.0;79.9;34.2
58;2021-12-20;68;70;2152;161693;159597;70406;81.0;80.0;35.3
58;2021-12-21;82;93;2476;161775;159690;72882;81.1;80.0;36.5
58;2021-12-22;53;77;1842;161828;159767;74724;81.1;80.0;37.4
58;2021-12-23;75;69;1651;161903;159836;76375;81.1;80.1;38.3
58;2021-12-24;17;15;286;161920;159851;76661;81.1;80.1;38.4
58;2021-12-25;0;2;9;161920;159853;76670;81.1;80.1;38.4
58;2021-12-26;2;2;47;161922;159855;76717;81.1;80.1;38.4
59;2020-12-27;0;0;0;0;0;0;0.0;0.0;0.0
59;2020-12-28;25;0;0;25;0;0;0.0;0.0;0.0
59;2020-12-29;0;0;0;25;0;0;0.0;0.0;0.0
59;2020-12-30;1;0;0;26;0;0;0.0;0.0;0.0
59;2020-12-31;1;0;0;27;0;0;0.0;0.0;0.0
59;2021-01-01;2;0;0;29;0;0;0.0;0.0;0.0
59;2021-01-02;5;2;0;34;2;0;0.0;0.0;0.0
59;2021-01-03;3;0;0;37;2;0;0.0;0.0;0.0
59;2021-01-04;80;0;0;117;2;0;0.0;0.0;0.0
59;2021-01-05;202;0;0;319;2;0;0.0;0.0;0.0
59;2021-01-06;404;2;0;723;4;0;0.0;0.0;0.0
59;2021-01-07;1277;1;0;2000;5;0;0.1;0.0;0.0
59;2021-01-08;1253;9;0;3253;14;0;0.1;0.0;0.0
59;2021-01-09;564;2;0;3817;16;0;0.1;0.0;0.0
59;2021-01-10;401;0;0;4218;16;0;0.2;0.0;0.0
59;2021-01-11;1770;7;0;5988;23;0;0.2;0.0;0.0
59;2021-01-12;2402;3;0;8390;26;0;0.3;0.0;0.0
59;2021-01-13;2317;5;0;10707;31;0;0.4;0.0;0.0
59;2021-01-14;2666;26;0;13373;57;0;0.5;0.0;0.0
59;2021-01-15;2213;17;0;15586;74;0;0.6;0.0;0.0
59;2021-01-16;735;3;0;16321;77;0;0.6;0.0;0.0
59;2021-01-17;514;4;0;16835;81;0;0.7;0.0;0.0
59;2021-01-18;3441;13;0;20276;94;0;0.8;0.0;0.0
59;2021-01-19;4726;14;0;25002;108;0;1.0;0.0;0.0
59;2021-01-20;4093;13;0;29095;121;0;1.1;0.0;0.0
59;2021-01-21;4721;43;0;33816;164;0;1.3;0.0;0.0
59;2021-01-22;4066;13;0;37882;177;0;1.5;0.0;0.0
59;2021-01-23;1221;2;0;39103;179;0;1.5;0.0;0.0
59;2021-01-24;163;0;0;39266;179;0;1.5;0.0;0.0
59;2021-01-25;2757;54;0;42023;233;0;1.6;0.0;0.0
59;2021-01-26;2836;130;0;44859;363;0;1.7;0.0;0.0
59;2021-01-27;1780;293;0;46639;656;0;1.8;0.0;0.0
59;2021-01-28;3469;747;0;50108;1403;0;1.9;0.1;0.0
59;2021-01-29;2569;774;0;52677;2177;0;2.0;0.1;0.0
59;2021-01-30;298;177;0;52975;2354;0;2.0;0.1;0.0
59;2021-01-31;26;1;0;53001;2355;0;2.0;0.1;0.0
59;2021-02-01;90;840;0;53091;3195;0;2.1;0.1;0.0
59;2021-02-02;702;1445;0;53793;4640;0;2.1;0.2;0.0
59;2021-02-03;3541;1429;0;57334;6069;0;2.2;0.2;0.0
59;2021-02-04;2831;1707;0;60165;7776;0;2.3;0.3;0.0
59;2021-02-05;1055;1386;0;61220;9162;0;2.4;0.4;0.0
59;2021-02-06;219;378;0;61439;9540;0;2.4;0.4;0.0
59;2021-02-07;250;47;0;61689;9587;0;2.4;0.4;0.0
59;2021-02-08;673;1569;0;62362;11156;0;2.4;0.4;0.0
59;2021-02-09;1011;1793;0;63373;12949;0;2.4;0.5;0.0
59;2021-02-10;1011;1625;0;64384;14574;0;2.5;0.6;0.0
59;2021-02-11;1342;1822;0;65726;16396;0;2.5;0.6;0.0
59;2021-02-12;1452;1589;0;67178;17985;0;2.6;0.7;0.0
59;2021-02-13;194;708;0;67372;18693;0;2.6;0.7;0.0
59;2021-02-14;15;41;0;67387;18734;0;2.6;0.7;0.0
59;2021-02-15;1336;3097;0;68723;21831;0;2.7;0.8;0.0
59;2021-02-16;1430;3694;0;70153;25525;0;2.7;1.0;0.0
59;2021-02-17;1592;3824;0;71745;29349;0;2.8;1.1;0.0
59;2021-02-18;3024;5183;0;74769;34532;0;2.9;1.3;0.0
59;2021-02-19;3210;3637;0;77979;38169;0;3.0;1.5;0.0
59;2021-02-20;1382;1560;0;79361;39729;0;3.1;1.5;0.0
59;2021-02-21;247;244;0;79608;39973;0;3.1;1.5;0.0
59;2021-02-22;1407;2552;0;81015;42525;0;3.1;1.6;0.0
59;2021-02-23;2607;2856;0;83622;45381;0;3.2;1.8;0.0
59;2021-02-24;3996;3888;0;87618;49269;0;3.4;1.9;0.0
59;2021-02-25;6730;3561;0;94348;52830;0;3.6;2.0;0.0
59;2021-02-26;6356;1827;0;100704;54657;0;3.9;2.1;0.0
59;2021-02-27;3026;186;0;103730;54843;0;4.0;2.1;0.0
59;2021-02-28;204;62;0;103934;54905;0;4.0;2.1;0.0
59;2021-03-01;3583;652;0;107517;55557;0;4.2;2.1;0.0
59;2021-03-02;4766;572;0;112283;56129;0;4.3;2.2;0.0
59;2021-03-03;5652;992;0;117935;57121;0;4.6;2.2;0.0
59;2021-03-04;6997;928;0;124932;58049;0;4.8;2.2;0.0
59;2021-03-05;7752;980;0;132684;59029;0;5.1;2.3;0.0
59;2021-03-06;11371;562;0;144055;59591;0;5.6;2.3;0.0
59;2021-03-07;7481;364;0;151536;59955;0;5.9;2.3;0.0
59;2021-03-08;4366;1081;0;155902;61036;0;6.0;2.4;0.0
59;2021-03-09;6392;1394;0;162294;62430;0;6.3;2.4;0.0
59;2021-03-10;6842;1217;0;169136;63647;0;6.5;2.5;0.0
59;2021-03-11;9273;1931;0;178409;65578;0;6.9;2.5;0.0
59;2021-03-12;11936;1599;0;190345;67177;0;7.4;2.6;0.0
59;2021-03-13;16251;1102;0;206596;68279;0;8.0;2.6;0.0
59;2021-03-14;6788;374;0;213384;68653;0;8.2;2.7;0.0
59;2021-03-15;5504;1492;0;218888;70145;0;8.5;2.7;0.0
59;2021-03-16;3703;1371;0;222591;71516;0;8.6;2.8;0.0
59;2021-03-17;3792;2041;0;226383;73557;0;8.7;2.8;0.0
59;2021-03-18;3910;2385;0;230293;75942;0;8.9;2.9;0.0
59;2021-03-19;7644;1859;0;237937;77801;0;9.2;3.0;0.0
59;2021-03-20;15515;1294;0;253452;79095;0;9.8;3.1;0.0
59;2021-03-21;6345;462;0;259797;79557;0;10.0;3.1;0.0
59;2021-03-22;5287;1739;0;265084;81296;0;10.2;3.1;0.0
59;2021-03-23;7683;2821;0;272767;84117;0;10.5;3.2;0.0
59;2021-03-24;6951;2985;0;279718;87102;0;10.8;3.4;0.0
59;2021-03-25;10502;2562;0;290220;89664;0;11.2;3.5;0.0
59;2021-03-26;12210;2878;0;302430;92542;0;11.7;3.6;0.0
59;2021-03-27;15163;1155;0;317593;93697;0;12.3;3.6;0.0
59;2021-03-28;7844;366;0;325437;94063;0;12.6;3.6;0.0
59;2021-03-29;5499;3145;0;330936;97208;0;12.8;3.8;0.0
59;2021-03-30;7570;3755;0;338506;100963;0;13.1;3.9;0.0
59;2021-03-31;6250;4139;0;344756;105102;0;13.3;4.1;0.0
59;2021-04-01;7538;4937;0;352294;110039;0;13.6;4.3;0.0
59;2021-04-02;7727;5447;0;360021;115486;0;13.9;4.5;0.0
59;2021-04-03;12653;4235;0;372674;119721;0;14.4;4.6;0.0
59;2021-04-04;5216;2165;0;377890;121886;0;14.6;4.7;0.0
59;2021-04-05;5608;1473;0;383498;123359;0;14.8;4.8;0.0
59;2021-04-06;5482;4426;0;388980;127785;0;15.0;4.9;0.0
59;2021-04-07;7696;5341;0;396676;133126;0;15.3;5.1;0.0
59;2021-04-08;10319;5794;0;406995;138920;0;15.7;5.4;0.0
59;2021-04-09;13295;5842;0;420290;144762;0;16.2;5.6;0.0
59;2021-04-10;11218;6119;0;431508;150881;0;16.7;5.8;0.0
59;2021-04-11;4472;3523;0;435980;154404;0;16.8;6.0;0.0
59;2021-04-12;6222;4220;0;442202;158624;0;17.1;6.1;0.0
59;2021-04-13;8982;4714;0;451184;163338;0;17.4;6.3;0.0
59;2021-04-14;8741;4299;0;459925;167637;0;17.8;6.5;0.0
59;2021-04-15;10222;4840;0;470147;172477;0;18.2;6.7;0.0
59;2021-04-16;10711;5402;0;480858;177879;0;18.6;6.9;0.0
59;2021-04-17;7112;8739;0;487970;186618;0;18.8;7.2;0.0
59;2021-04-18;3078;4219;0;491048;190837;0;19.0;7.4;0.0
59;2021-04-19;4891;4154;0;495939;194991;0;19.2;7.5;0.0
59;2021-04-20;6896;4265;0;502835;199256;0;19.4;7.7;0.0
59;2021-04-21;6308;4539;0;509143;203795;0;19.7;7.9;0.0
59;2021-04-22;8379;5581;0;517522;209376;0;20.0;8.1;0.0
59;2021-04-23;8345;5744;0;525867;215120;0;20.3;8.3;0.0
59;2021-04-24;5423;7978;0;531290;223098;0;20.5;8.6;0.0
59;2021-04-25;3140;5886;0;534430;228984;0;20.6;8.8;0.0
59;2021-04-26;6263;3742;0;540693;232726;0;20.9;9.0;0.0
59;2021-04-27;8208;5254;0;548901;237980;0;21.2;9.2;0.0
59;2021-04-28;8644;6608;0;557545;244588;0;21.5;9.4;0.0
59;2021-04-29;9255;8613;0;566800;253201;0;21.9;9.8;0.0
59;2021-04-30;10259;8517;0;577059;261718;0;22.3;10.1;0.0
59;2021-05-01;11340;7125;0;588399;268843;0;22.7;10.4;0.0
59;2021-05-02;8157;5568;0;596556;274411;0;23.0;10.6;0.0
59;2021-05-03;9026;4979;0;605582;279390;0;23.4;10.8;0.0
59;2021-05-04;10944;6026;0;616526;285416;0;23.8;11.0;0.0
59;2021-05-05;9865;6280;0;626391;291696;0;24.2;11.3;0.0
59;2021-05-06;10842;8308;0;637233;300004;0;24.6;11.6;0.0
59;2021-05-07;12520;9453;0;649753;309457;0;25.1;12.0;0.0
59;2021-05-08;13747;3951;0;663500;313408;0;25.6;12.1;0.0
59;2021-05-09;10608;3216;0;674108;316624;0;26.0;12.2;0.0
59;2021-05-10;11627;6498;0;685735;323122;0;26.5;12.5;0.0
59;2021-05-11;14311;8310;0;700046;331432;0;27.0;12.8;0.0
59;2021-05-12;15753;8505;0;715799;339937;0;27.6;13.1;0.0
59;2021-05-13;17694;3332;0;733493;343269;0;28.3;13.3;0.0
59;2021-05-14;15451;6788;0;748944;350057;0;28.9;13.5;0.0
59;2021-05-15;22736;5107;0;771680;355164;0;29.8;13.7;0.0
59;2021-05-16;19880;2308;0;791560;357472;0;30.6;13.8;0.0
59;2021-05-17;14448;5082;0;806008;362554;0;31.1;14.0;0.0
59;2021-05-18;16554;5634;0;822562;368188;0;31.8;14.2;0.0
59;2021-05-19;17729;5120;0;840291;373308;0;32.5;14.4;0.0
59;2021-05-20;17379;6877;0;857670;380185;0;33.1;14.7;0.0
59;2021-05-21;17611;8086;0;875281;388271;0;33.8;15.0;0.0
59;2021-05-22;23098;5538;0;898379;393809;0;34.7;15.2;0.0
59;2021-05-23;16717;2195;0;915096;396004;0;35.3;15.3;0.0
59;2021-05-24;14846;1917;0;929942;397921;0;35.9;15.4;0.0
59;2021-05-25;14546;6641;0;944488;404562;0;36.5;15.6;0.0
59;2021-05-26;14976;7030;0;959464;411592;0;37.1;15.9;0.0
59;2021-05-27;15432;9063;0;974896;420655;0;37.7;16.2;0.0
59;2021-05-28;15167;11237;0;990063;431892;0;38.2;16.7;0.0
59;2021-05-29;13854;8592;0;1003917;440484;0;38.8;17.0;0.0
59;2021-05-30;7841;1773;0;1011758;442257;0;39.1;17.1;0.0
59;2021-05-31;13615;7703;0;1025373;449960;0;39.6;17.4;0.0
59;2021-06-01;14877;10315;0;1040250;460275;0;40.2;17.8;0.0
59;2021-06-02;14373;9725;0;1054623;470000;0;40.7;18.2;0.0
59;2021-06-03;15028;11850;0;1069651;481850;0;41.3;18.6;0.0
59;2021-06-04;15290;13207;0;1084941;495057;0;41.9;19.1;0.0
59;2021-06-05;14225;9111;0;1099166;504168;0;42.5;19.5;0.0
59;2021-06-06;8157;3064;0;1107323;507232;0;42.8;19.6;0.0
59;2021-06-07;10045;9147;0;1117368;516379;0;43.2;19.9;0.0
59;2021-06-08;11349;10880;0;1128717;527259;0;43.6;20.4;0.0
59;2021-06-09;10618;11584;0;1139335;538843;0;44.0;20.8;0.0
59;2021-06-10;11265;11948;0;1150600;550791;0;44.4;21.3;0.0
59;2021-06-11;10945;15571;0;1161545;566362;0;44.9;21.9;0.0
59;2021-06-12;10676;13160;0;1172221;579522;0;45.3;22.4;0.0
59;2021-06-13;5940;6675;0;1178161;586197;0;45.5;22.6;0.0
59;2021-06-14;6291;12251;0;1184452;598448;0;45.7;23.1;0.0
59;2021-06-15;8160;15563;0;1192612;614011;0;46.1;23.7;0.0
59;2021-06-16;9062;13284;0;1201674;627295;0;46.4;24.2;0.0
59;2021-06-17;9053;15283;0;1210727;642578;0;46.8;24.8;0.0
59;2021-06-18;8995;19195;0;1219722;661773;0;47.1;25.6;0.0
59;2021-06-19;8625;16433;0;1228347;678206;0;47.4;26.2;0.0
59;2021-06-20;4442;9233;0;1232789;687439;0;47.6;26.6;0.0
59;2021-06-21;5250;15162;0;1238039;702601;0;47.8;27.1;0.0
59;2021-06-22;6171;18266;0;1244210;720867;0;48.1;27.8;0.0
59;2021-06-23;5986;18573;0;1250196;739440;0;48.3;28.6;0.0
59;2021-06-24;7107;19996;0;1257303;759436;0;48.6;29.3;0.0
59;2021-06-25;6349;21024;0;1263652;780460;0;48.8;30.1;0.0
59;2021-06-26;6214;23111;0;1269866;803571;0;49.0;31.0;0.0
59;2021-06-27;4221;15858;0;1274087;819429;0;49.2;31.7;0.0
59;2021-06-28;4774;18983;0;1278861;838412;0;49.4;32.4;0.0
59;2021-06-29;5363;20046;0;1284224;858458;0;49.6;33.2;0.0
59;2021-06-30;6114;19693;0;1290338;878151;0;49.8;33.9;0.0
59;2021-07-01;7070;20283;0;1297408;898434;0;50.1;34.7;0.0
59;2021-07-02;7238;22592;0;1304646;921026;0;50.4;35.6;0.0
59;2021-07-03;5457;23752;0;1310103;944778;0;50.6;36.5;0.0
59;2021-07-04;4038;14724;0;1314141;959502;0;50.8;37.1;0.0
59;2021-07-05;5570;16536;0;1319711;976038;0;51.0;37.7;0.0
59;2021-07-06;6488;18461;0;1326199;994499;0;51.2;38.4;0.0
59;2021-07-07;6825;17166;0;1333024;1011665;0;51.5;39.1;0.0
59;2021-07-08;8071;17385;0;1341095;1029050;0;51.8;39.7;0.0
59;2021-07-09;7601;19779;0;1348696;1048829;0;52.1;40.5;0.0
59;2021-07-10;7229;17808;0;1355925;1066637;0;52.4;41.2;0.0
59;2021-07-11;4057;9284;0;1359982;1075921;0;52.5;41.6;0.0
59;2021-07-12;5785;17479;0;1365767;1093400;0;52.8;42.2;0.0
59;2021-07-13;9843;20603;0;1375610;1114003;0;53.1;43.0;0.0
59;2021-07-14;10002;8180;0;1385612;1122183;0;53.5;43.3;0.0
59;2021-07-15;11830;20238;0;1397442;1142421;0;54.0;44.1;0.0
59;2021-07-16;13254;20342;0;1410696;1162763;0;54.5;44.9;0.0
59;2021-07-17;12580;16753;0;1423276;1179516;0;55.0;45.6;0.0
59;2021-07-18;7626;8165;0;1430902;1187681;0;55.3;45.9;0.0
59;2021-07-19;10526;15954;0;1441428;1203635;0;55.7;46.5;0.0
59;2021-07-20;13572;17046;0;1455000;1220681;0;56.2;47.1;0.0
59;2021-07-21;14926;15639;0;1469926;1236320;0;56.8;47.8;0.0
59;2021-07-22;17288;15413;0;1487214;1251733;0;57.4;48.3;0.0
59;2021-07-23;16090;15965;0;1503304;1267698;0;58.1;49.0;0.0
59;2021-07-24;16094;12358;0;1519398;1280056;0;58.7;49.4;0.0
59;2021-07-25;11225;6965;0;1530623;1287021;0;59.1;49.7;0.0
59;2021-07-26;12945;12396;0;1543568;1299417;0;59.6;50.2;0.0
59;2021-07-27;16123;12069;0;1559691;1311486;0;60.2;50.7;0.0
59;2021-07-28;17460;11839;0;1577151;1323325;0;60.9;51.1;0.0
59;2021-07-29;17379;11854;0;1594530;1335179;0;61.6;51.6;0.0
59;2021-07-30;15994;11615;0;1610524;1346794;0;62.2;52.0;0.0
59;2021-07-31;13536;8924;0;1624060;1355718;0;62.7;52.4;0.0
59;2021-08-01;9298;4364;0;1633358;1360082;0;63.1;52.5;0.0
59;2021-08-02;12281;10053;0;1645639;1370135;0;63.6;52.9;0.0
59;2021-08-03;13657;10213;0;1659296;1380348;0;64.1;53.3;0.0
59;2021-08-04;11758;8807;0;1671054;1389155;0;64.5;53.7;0.0
59;2021-08-05;12959;10042;0;1684013;1399197;0;65.0;54.0;0.0
59;2021-08-06;12569;11341;0;1696582;1410538;0;65.5;54.5;0.0
59;2021-08-07;9313;8922;0;1705895;1419460;0;65.9;54.8;0.0
59;2021-08-08;6426;5065;0;1712321;1424525;0;66.1;55.0;0.0
59;2021-08-09;8342;11062;0;1720663;1435587;0;66.5;55.4;0.0
59;2021-08-10;10268;11208;0;1730931;1446795;0;66.9;55.9;0.0
59;2021-08-11;8729;9928;0;1739660;1456723;0;67.2;56.3;0.0
59;2021-08-12;9061;12508;0;1748721;1469231;0;67.5;56.7;0.0
59;2021-08-13;8410;11927;0;1757131;1481158;0;67.9;57.2;0.0
59;2021-08-14;5684;10459;0;1762815;1491617;0;68.1;57.6;0.0
59;2021-08-15;3043;4382;0;1765858;1495999;0;68.2;57.8;0.0
59;2021-08-16;5786;14047;0;1771644;1510046;0;68.4;58.3;0.0
59;2021-08-17;6993;13239;0;1778637;1523285;0;68.7;58.8;0.0
59;2021-08-18;5814;12022;0;1784451;1535307;0;68.9;59.3;0.0
59;2021-08-19;6203;13934;0;1790654;1549241;0;69.2;59.8;0.0
59;2021-08-20;5734;14601;0;1796388;1563842;0;69.4;60.4;0.0
59;2021-08-21;4084;10375;0;1800472;1574217;0;69.5;60.8;0.0
59;2021-08-22;2592;7168;0;1803064;1581385;0;69.6;61.1;0.0
59;2021-08-23;4624;15572;0;1807688;1596957;0;69.8;61.7;0.0
59;2021-08-24;5264;15319;0;1812952;1612276;0;70.0;62.3;0.0
59;2021-08-25;4554;13199;0;1817506;1625475;0;70.2;62.8;0.0
59;2021-08-26;5007;14336;0;1822513;1639811;0;70.4;63.3;0.0
59;2021-08-27;4816;15174;0;1827329;1654985;0;70.6;63.9;0.0
59;2021-08-28;3609;11898;0;1830938;1666883;0;70.7;64.4;0.0
59;2021-08-29;1761;7859;0;1832699;1674742;0;70.8;64.7;0.0
59;2021-08-30;3714;12338;273;1836413;1687080;273;70.9;65.2;0.0
59;2021-08-31;3683;12149;556;1840096;1699229;829;71.1;65.6;0.0
59;2021-09-01;3617;9561;966;1843713;1708790;1795;71.2;66.0;0.1
59;2021-09-02;3180;9812;1154;1846893;1718602;2949;71.3;66.4;0.1
59;2021-09-03;3672;10572;1287;1850565;1729174;4236;71.5;66.8;0.2
59;2021-09-04;3253;8856;593;1853818;1738030;4829;71.6;67.1;0.2
59;2021-09-05;1060;3164;202;1854878;1741194;5031;71.6;67.3;0.2
59;2021-09-06;2096;5988;1223;1856974;1747182;6254;71.7;67.5;0.2
59;2021-09-07;2193;5964;1109;1859167;1753146;7363;71.8;67.7;0.3
59;2021-09-08;2525;6470;1051;1861692;1759616;8414;71.9;68.0;0.3
59;2021-09-09;2347;5510;1072;1864039;1765126;9486;72.0;68.2;0.4
59;2021-09-10;3240;6584;1430;1867279;1771710;10916;72.1;68.4;0.4
59;2021-09-11;2465;6723;520;1869744;1778433;11436;72.2;68.7;0.4
59;2021-09-12;830;2544;149;1870574;1780977;11585;72.3;68.8;0.4
59;2021-09-13;1978;4125;1404;1872552;1785102;12989;72.3;68.9;0.5
59;2021-09-14;2307;4205;1927;1874859;1789307;14916;72.4;69.1;0.6
59;2021-09-15;2277;5274;1407;1877136;1794581;16323;72.5;69.3;0.6
59;2021-09-16;2088;4079;1985;1879224;1798660;18308;72.6;69.5;0.7
59;2021-09-17;2799;5187;1997;1882023;1803847;20305;72.7;69.7;0.8
59;2021-09-18;1673;5586;660;1883696;1809433;20965;72.8;69.9;0.8
59;2021-09-19;327;1193;146;1884023;1810626;21111;72.8;69.9;0.8
59;2021-09-20;1397;3137;1714;1885420;1813763;22825;72.8;70.1;0.9
59;2021-09-21;1279;2816;2103;1886699;1816579;24928;72.9;70.2;1.0
59;2021-09-22;1391;4641;1905;1888090;1821220;26833;72.9;70.3;1.0
59;2021-09-23;1416;2718;2189;1889506;1823938;29022;73.0;70.4;1.1
59;2021-09-24;1818;4067;2034;1891324;1828005;31056;73.1;70.6;1.2
59;2021-09-25;1146;3823;777;1892470;1831828;31833;73.1;70.8;1.2
59;2021-09-26;280;1087;146;1892750;1832915;31979;73.1;70.8;1.2
59;2021-09-27;1017;2400;1805;1893767;1835315;33784;73.1;70.9;1.3
59;2021-09-28;1044;2110;1709;1894811;1837425;35493;73.2;71.0;1.4
59;2021-09-29;1255;2888;1747;1896066;1840313;37240;73.2;71.1;1.4
59;2021-09-30;1180;2185;1941;1897246;1842498;39181;73.3;71.2;1.5
59;2021-10-01;2029;3236;2581;1899275;1845734;41762;73.4;71.3;1.6
59;2021-10-02;1453;3035;1290;1900728;1848769;43052;73.4;71.4;1.7
59;2021-10-03;232;593;173;1900960;1849362;43225;73.4;71.4;1.7
59;2021-10-04;1217;1934;2422;1902177;1851296;45647;73.5;71.5;1.8
59;2021-10-05;1126;2051;2421;1903303;1853347;48068;73.5;71.6;1.9
59;2021-10-06;1315;2363;2747;1904618;1855710;50815;73.6;71.7;2.0
59;2021-10-07;992;1798;2613;1905610;1857508;53428;73.6;71.7;2.1
59;2021-10-08;1704;3194;3407;1907314;1860702;56835;73.7;71.9;2.2
59;2021-10-09;1259;2165;1784;1908573;1862867;58619;73.7;72.0;2.3
59;2021-10-10;264;430;352;1908837;1863297;58971;73.7;72.0;2.3
59;2021-10-11;1084;1560;2958;1909921;1864857;61929;73.8;72.0;2.4
59;2021-10-12;1070;1595;3185;1910991;1866452;65114;73.8;72.1;2.5
59;2021-10-13;1212;1859;3119;1912203;1868311;68233;73.9;72.2;2.6
59;2021-10-14;976;1510;2786;1913179;1869821;71019;73.9;72.2;2.7
59;2021-10-15;1506;2459;4036;1914685;1872280;75055;74.0;72.3;2.9
59;2021-10-16;1171;1643;1945;1915856;1873923;77000;74.0;72.4;3.0
59;2021-10-17;258;328;325;1916114;1874251;77325;74.0;72.4;3.0
59;2021-10-18;991;1223;3047;1917105;1875474;80372;74.0;72.4;3.1
59;2021-10-19;915;1318;3430;1918020;1876792;83802;74.1;72.5;3.2
59;2021-10-20;1072;1482;3608;1919092;1878274;87410;74.1;72.5;3.4
59;2021-10-21;819;1359;3249;1919911;1879633;90659;74.2;72.6;3.5
59;2021-10-22;1238;1801;4316;1921149;1881434;94975;74.2;72.7;3.7
59;2021-10-23;1044;1407;2365;1922193;1882841;97340;74.2;72.7;3.8
59;2021-10-24;174;232;416;1922367;1883073;97756;74.3;72.7;3.8
59;2021-10-25;940;1179;3347;1923307;1884252;101103;74.3;72.8;3.9
59;2021-10-26;821;1081;3530;1924128;1885333;104633;74.3;72.8;4.0
59;2021-10-27;970;1351;4005;1925098;1886684;108638;74.4;72.9;4.2
59;2021-10-28;795;847;3250;1925893;1887531;111888;74.4;72.9;4.3
59;2021-10-29;1108;1471;4695;1927001;1889002;116583;74.4;73.0;4.5
59;2021-10-30;730;1276;2434;1927731;1890278;119017;74.5;73.0;4.6
59;2021-10-31;109;165;268;1927840;1890443;119285;74.5;73.0;4.6
59;2021-11-01;157;79;86;1927997;1890522;119371;74.5;73.0;4.6
59;2021-11-02;995;1421;4252;1928992;1891943;123623;74.5;73.1;4.8
59;2021-11-03;1033;1439;4800;1930025;1893382;128423;74.5;73.1;5.0
59;2021-11-04;805;945;3711;1930830;1894327;132134;74.6;73.2;5.1
59;2021-11-05;1134;1580;5321;1931964;1895907;137455;74.6;73.2;5.3
59;2021-11-06;860;1219;3100;1932824;1897126;140555;74.7;73.3;5.4
59;2021-11-07;123;226;428;1932947;1897352;140983;74.7;73.3;5.4
59;2021-11-08;697;1084;4776;1933644;1898436;145759;74.7;73.3;5.6
59;2021-11-09;829;1172;6197;1934473;1899608;151956;74.7;73.4;5.9
59;2021-11-10;1160;1478;6877;1935633;1901086;158833;74.8;73.4;6.1
59;2021-11-11;43;74;208;1935676;1901160;159041;74.8;73.4;6.1
59;2021-11-12;1100;1409;7565;1936776;1902569;166606;74.8;73.5;6.4
59;2021-11-13;900;1144;4126;1937676;1903713;170732;74.8;73.5;6.6
59;2021-11-14;120;116;442;1937796;1903829;171174;74.8;73.5;6.6
59;2021-11-15;768;1023;5926;1938564;1904852;177100;74.9;73.6;6.8
59;2021-11-16;885;1006;6838;1939449;1905858;183938;74.9;73.6;7.1
59;2021-11-17;1106;1324;6858;1940555;1907182;190796;75.0;73.7;7.4
59;2021-11-18;894;1007;6675;1941449;1908189;197471;75.0;73.7;7.6
59;2021-11-19;1364;1490;9005;1942813;1909679;206476;75.0;73.8;8.0
59;2021-11-20;1088;1220;5056;1943901;1910899;211532;75.1;73.8;8.2
59;2021-11-21;120;152;472;1944021;1911051;212004;75.1;73.8;8.2
59;2021-11-22;816;672;6181;1944837;1911723;218185;75.1;73.8;8.4
59;2021-11-23;936;900;8012;1945773;1912623;226197;75.2;73.9;8.7
59;2021-11-24;1077;1223;7500;1946850;1913846;233697;75.2;73.9;9.0
59;2021-11-25;864;905;9601;1947714;1914751;243298;75.2;74.0;9.4
59;2021-11-26;1160;1300;15344;1948874;1916051;258642;75.3;74.0;10.0
59;2021-11-27;909;1120;11740;1949783;1917171;270382;75.3;74.1;10.4
59;2021-11-28;154;213;4720;1949937;1917384;275102;75.3;74.1;10.6
59;2021-11-29;699;765;15820;1950636;1918149;290922;75.3;74.1;11.2
59;2021-11-30;902;944;20682;1951538;1919093;311604;75.4;74.1;12.0
59;2021-12-01;747;1104;20266;1952285;1920197;331870;75.4;74.2;12.8
59;2021-12-02;678;687;22093;1952963;1920884;353963;75.4;74.2;13.7
59;2021-12-03;851;1134;26615;1953814;1922018;380578;75.5;74.2;14.7
59;2021-12-04;648;1043;19502;1954462;1923061;400080;75.5;74.3;15.5
59;2021-12-05;179;239;7965;1954641;1923300;408045;75.5;74.3;15.8
59;2021-12-06;636;841;23644;1955277;1924141;431689;75.5;74.3;16.7
59;2021-12-07;692;954;27417;1955969;1925095;459106;75.5;74.4;17.7
59;2021-12-08;727;1074;25120;1956696;1926169;484226;75.6;74.4;18.7
59;2021-12-09;743;882;27830;1957439;1927051;512056;75.6;74.4;19.8
59;2021-12-10;764;1305;31598;1958203;1928356;543654;75.6;74.5;21.0
59;2021-12-11;674;1135;23061;1958877;1929491;566715;75.7;74.5;21.9
59;2021-12-12;239;221;8748;1959116;1929712;575463;75.7;74.5;22.2
59;2021-12-13;672;980;26048;1959788;1930692;601511;75.7;74.6;23.2
59;2021-12-14;806;921;30431;1960594;1931613;631942;75.7;74.6;24.4
59;2021-12-15;785;1170;27816;1961379;1932783;659758;75.8;74.7;25.5
59;2021-12-16;780;947;30860;1962159;1933730;690618;75.8;74.7;26.7
59;2021-12-17;902;1325;34714;1963061;1935055;725332;75.8;74.7;28.0
59;2021-12-18;826;1086;23786;1963887;1936141;749118;75.9;74.8;28.9
59;2021-12-19;362;276;9506;1964249;1936417;758624;75.9;74.8;29.3
59;2021-12-20;902;1005;25197;1965151;1937422;783821;75.9;74.8;30.3
59;2021-12-21;1150;1096;27321;1966301;1938518;811142;75.9;74.9;31.3
59;2021-12-22;1043;972;23834;1967344;1939490;834976;76.0;74.9;32.3
59;2021-12-23;851;736;17540;1968195;1940226;852516;76.0;74.9;32.9
59;2021-12-24;220;305;4176;1968415;1940531;856692;76.0;75.0;33.1
59;2021-12-25;16;46;287;1968431;1940577;856979;76.0;75.0;33.1
59;2021-12-26;129;138;3189;1968560;1940715;860168;76.0;75.0;33.2
60;2020-12-27;0;0;0;0;0;0;0.0;0.0;0.0
60;2020-12-28;1;0;0;1;0;0;0.0;0.0;0.0
60;2020-12-29;1;0;0;2;0;0;0.0;0.0;0.0
60;2020-12-30;2;0;0;4;0;0;0.0;0.0;0.0
60;2020-12-31;0;0;0;4;0;0;0.0;0.0;0.0
60;2021-01-01;0;0;0;4;0;0;0.0;0.0;0.0
60;2021-01-02;4;0;0;8;0;0;0.0;0.0;0.0
60;2021-01-03;1;0;0;9;0;0;0.0;0.0;0.0
60;2021-01-04;4;0;0;13;0;0;0.0;0.0;0.0
60;2021-01-05;45;1;0;58;1;0;0.0;0.0;0.0
60;2021-01-06;203;4;0;261;5;0;0.0;0.0;0.0
60;2021-01-07;238;4;0;499;9;0;0.1;0.0;0.0
60;2021-01-08;398;4;0;897;13;0;0.1;0.0;0.0
60;2021-01-09;23;0;0;920;13;0;0.1;0.0;0.0
60;2021-01-10;70;0;0;990;13;0;0.1;0.0;0.0
60;2021-01-11;394;5;0;1384;18;0;0.2;0.0;0.0
60;2021-01-12;590;6;0;1974;24;0;0.2;0.0;0.0
60;2021-01-13;576;7;0;2550;31;0;0.3;0.0;0.0
60;2021-01-14;592;11;0;3142;42;0;0.4;0.0;0.0
60;2021-01-15;744;12;0;3886;54;0;0.5;0.0;0.0
60;2021-01-16;132;1;0;4018;55;0;0.5;0.0;0.0
60;2021-01-17;41;0;0;4059;55;0;0.5;0.0;0.0
60;2021-01-18;929;15;0;4988;70;0;0.6;0.0;0.0
60;2021-01-19;1233;18;0;6221;88;0;0.8;0.0;0.0
60;2021-01-20;1760;13;0;7981;101;0;1.0;0.0;0.0
60;2021-01-21;2177;14;0;10158;115;0;1.2;0.0;0.0
60;2021-01-22;1459;23;0;11617;138;0;1.4;0.0;0.0
60;2021-01-23;469;4;0;12086;142;0;1.5;0.0;0.0
60;2021-01-24;71;1;0;12157;143;0;1.5;0.0;0.0
60;2021-01-25;915;12;0;13072;155;0;1.6;0.0;0.0
60;2021-01-26;888;16;0;13960;171;0;1.7;0.0;0.0
60;2021-01-27;657;29;0;14617;200;0;1.8;0.0;0.0
60;2021-01-28;477;171;0;15094;371;0;1.8;0.0;0.0
60;2021-01-29;160;126;0;15254;497;0;1.8;0.1;0.0
60;2021-01-30;33;9;0;15287;506;0;1.9;0.1;0.0
60;2021-01-31;24;56;0;15311;562;0;1.9;0.1;0.0
60;2021-02-01;77;140;0;15388;702;0;1.9;0.1;0.0
60;2021-02-02;46;194;0;15434;896;0;1.9;0.1;0.0
60;2021-02-03;178;295;0;15612;1191;0;1.9;0.1;0.0
60;2021-02-04;191;376;0;15803;1567;0;1.9;0.2;0.0
60;2021-02-05;314;472;0;16117;2039;0;2.0;0.2;0.0
60;2021-02-06;77;85;0;16194;2124;0;2.0;0.3;0.0
60;2021-02-07;29;46;0;16223;2170;0;2.0;0.3;0.0
60;2021-02-08;342;534;0;16565;2704;0;2.0;0.3;0.0
60;2021-02-09;356;521;0;16921;3225;0;2.1;0.4;0.0
60;2021-02-10;593;1055;0;17514;4280;0;2.1;0.5;0.0
60;2021-02-11;965;1125;0;18479;5405;0;2.2;0.7;0.0
60;2021-02-12;882;823;0;19361;6228;0;2.3;0.8;0.0
60;2021-02-13;113;260;0;19474;6488;0;2.4;0.8;0.0
60;2021-02-14;24;89;0;19498;6577;0;2.4;0.8;0.0
60;2021-02-15;633;844;0;20131;7421;0;2.4;0.9;0.0
60;2021-02-16;638;970;0;20769;8391;0;2.5;1.0;0.0
60;2021-02-17;652;942;0;21421;9333;0;2.6;1.1;0.0
60;2021-02-18;681;892;0;22102;10225;0;2.7;1.2;0.0
60;2021-02-19;655;821;0;22757;11046;0;2.8;1.3;0.0
60;2021-02-20;109;208;0;22866;11254;0;2.8;1.4;0.0
60;2021-02-21;27;119;0;22893;11373;0;2.8;1.4;0.0
60;2021-02-22;463;845;0;23356;12218;0;2.8;1.5;0.0
60;2021-02-23;572;777;0;23928;12995;0;2.9;1.6;0.0
60;2021-02-24;801;578;0;24729;13573;0;3.0;1.6;0.0
60;2021-02-25;1156;402;0;25885;13975;0;3.1;1.7;0.0
60;2021-02-26;1294;241;0;27179;14216;0;3.3;1.7;0.0
60;2021-02-27;631;56;0;27810;14272;0;3.4;1.7;0.0
60;2021-02-28;6;12;0;27816;14284;0;3.4;1.7;0.0
60;2021-03-01;849;78;0;28665;14362;0;3.5;1.7;0.0
60;2021-03-02;1001;194;0;29666;14556;0;3.6;1.8;0.0
60;2021-03-03;1353;444;0;31019;15000;0;3.8;1.8;0.0
60;2021-03-04;1824;506;0;32843;15506;0;4.0;1.9;0.0
60;2021-03-05;1985;325;0;34828;15831;0;4.2;1.9;0.0
60;2021-03-06;2171;170;0;36999;16001;0;4.5;1.9;0.0
60;2021-03-07;1113;65;0;38112;16066;0;4.6;1.9;0.0
60;2021-03-08;1167;366;0;39279;16432;0;4.8;2.0;0.0
60;2021-03-09;1934;394;0;41213;16826;0;5.0;2.0;0.0
60;2021-03-10;1974;457;0;43187;17283;0;5.2;2.1;0.0
60;2021-03-11;2431;441;0;45618;17724;0;5.5;2.1;0.0
60;2021-03-12;2750;544;0;48368;18268;0;5.9;2.2;0.0
60;2021-03-13;3737;234;0;52105;18502;0;6.3;2.2;0.0
60;2021-03-14;1655;62;0;53760;18564;0;6.5;2.2;0.0
60;2021-03-15;2133;506;0;55893;19070;0;6.8;2.3;0.0
60;2021-03-16;1534;606;0;57427;19676;0;7.0;2.4;0.0
60;2021-03-17;1648;595;0;59075;20271;0;7.2;2.5;0.0
60;2021-03-18;1667;709;0;60742;20980;0;7.4;2.5;0.0
60;2021-03-19;2576;525;0;63318;21505;0;7.7;2.6;0.0
60;2021-03-20;3116;202;0;66434;21707;0;8.1;2.6;0.0
60;2021-03-21;1965;88;0;68399;21795;0;8.3;2.6;0.0
60;2021-03-22;2155;698;0;70554;22493;0;8.6;2.7;0.0
60;2021-03-23;3213;718;0;73767;23211;0;8.9;2.8;0.0
60;2021-03-24;3082;865;0;76849;24076;0;9.3;2.9;0.0
60;2021-03-25;3881;855;0;80730;24931;0;9.8;3.0;0.0
60;2021-03-26;4319;901;0;85049;25832;0;10.3;3.1;0.0
60;2021-03-27;3980;320;0;89029;26152;0;10.8;3.2;0.0
60;2021-03-28;2277;91;0;91306;26243;0;11.1;3.2;0.0
60;2021-03-29;2691;1079;0;93997;27322;0;11.4;3.3;0.0
60;2021-03-30;3381;1092;0;97378;28414;0;11.8;3.4;0.0
60;2021-03-31;2726;1173;0;100104;29587;0;12.1;3.6;0.0
60;2021-04-01;2814;1182;0;102918;30769;0;12.5;3.7;0.0
60;2021-04-02;3289;1222;0;106207;31991;0;12.9;3.9;0.0
60;2021-04-03;3011;1010;0;109218;33001;0;13.2;4.0;0.0
60;2021-04-04;839;476;0;110057;33477;0;13.3;4.1;0.0
60;2021-04-05;538;97;0;110595;33574;0;13.4;4.1;0.0
60;2021-04-06;1955;1696;0;112550;35270;0;13.6;4.3;0.0
60;2021-04-07;2126;1753;0;114676;37023;0;13.9;4.5;0.0
60;2021-04-08;2790;1528;0;117466;38551;0;14.2;4.7;0.0
60;2021-04-09;3205;1554;0;120671;40105;0;14.6;4.9;0.0
60;2021-04-10;2879;1521;0;123550;41626;0;15.0;5.0;0.0
60;2021-04-11;962;926;0;124512;42552;0;15.1;5.2;0.0
60;2021-04-12;2155;1735;0;126667;44287;0;15.4;5.4;0.0
60;2021-04-13;2866;1794;0;129533;46081;0;15.7;5.6;0.0
60;2021-04-14;3069;1817;0;132602;47898;0;16.1;5.8;0.0
60;2021-04-15;3515;1856;0;136117;49754;0;16.5;6.0;0.0
60;2021-04-16;3296;1949;0;139413;51703;0;16.9;6.3;0.0
60;2021-04-17;2711;2061;0;142124;53764;0;17.2;6.5;0.0
60;2021-04-18;549;1708;0;142673;55472;0;17.3;6.7;0.0
60;2021-04-19;1777;2192;0;144450;57664;0;17.5;7.0;0.0
60;2021-04-20;2300;2588;0;146750;60252;0;17.8;7.3;0.0
60;2021-04-21;2646;2188;0;149396;62440;0;18.1;7.6;0.0
60;2021-04-22;2679;2514;0;152075;64954;0;18.4;7.9;0.0
60;2021-04-23;2675;2450;0;154750;67404;0;18.8;8.2;0.0
60;2021-04-24;2366;3240;0;157116;70644;0;19.0;8.6;0.0
60;2021-04-25;1237;1809;0;158353;72453;0;19.2;8.8;0.0
60;2021-04-26;1905;2531;0;160258;74984;0;19.4;9.1;0.0
60;2021-04-27;2488;2820;0;162746;77804;0;19.7;9.4;0.0
60;2021-04-28;3139;2370;0;165885;80174;0;20.1;9.7;0.0
60;2021-04-29;3397;2695;0;169282;82869;0;20.5;10.0;0.0
60;2021-04-30;3588;2807;0;172870;85676;0;21.0;10.4;0.0
60;2021-05-01;2358;1108;0;175228;86784;0;21.2;10.5;0.0
60;2021-05-02;2159;839;0;177387;87623;0;21.5;10.6;0.0
60;2021-05-03;3253;1936;0;180640;89559;0;21.9;10.9;0.0
60;2021-05-04;3369;2383;0;184009;91942;0;22.3;11.1;0.0
60;2021-05-05;3551;2762;0;187560;94704;0;22.7;11.5;0.0
60;2021-05-06;4211;2624;0;191771;97328;0;23.2;11.8;0.0
60;2021-05-07;4086;2646;0;195857;99974;0;23.7;12.1;0.0
60;2021-05-08;3537;1047;0;199394;101021;0;24.2;12.2;0.0
60;2021-05-09;3316;913;0;202710;101934;0;24.6;12.4;0.0
60;2021-05-10;2753;2372;0;205463;104306;0;24.9;12.6;0.0
60;2021-05-11;4083;2521;0;209546;106827;0;25.4;12.9;0.0
60;2021-05-12;4786;2597;0;214332;109424;0;26.0;13.3;0.0
60;2021-05-13;4757;1045;0;219089;110469;0;26.6;13.4;0.0
60;2021-05-14;5490;1794;0;224579;112263;0;27.2;13.6;0.0
60;2021-05-15;5899;1637;0;230478;113900;0;27.9;13.8;0.0
60;2021-05-16;4599;634;0;235077;114534;0;28.5;13.9;0.0
60;2021-05-17;3608;1590;0;238685;116124;0;28.9;14.1;0.0
60;2021-05-18;4186;2104;0;242871;118228;0;29.4;14.3;0.0
60;2021-05-19;4877;1891;0;247748;120119;0;30.0;14.6;0.0
60;2021-05-20;5372;1835;0;253120;121954;0;30.7;14.8;0.0
60;2021-05-21;5758;1930;0;258878;123884;0;31.4;15.0;0.0
60;2021-05-22;4881;1840;0;263759;125724;0;32.0;15.2;0.0
60;2021-05-23;3446;564;0;267205;126288;0;32.4;15.3;0.0
60;2021-05-24;2922;538;0;270127;126826;0;32.7;15.4;0.0
60;2021-05-25;4313;2056;0;274440;128882;0;33.3;15.6;0.0
60;2021-05-26;4802;1840;0;279242;130722;0;33.8;15.8;0.0
60;2021-05-27;5125;2127;0;284367;132849;0;34.5;16.1;0.0
60;2021-05-28;4876;2651;0;289243;135500;0;35.1;16.4;0.0
60;2021-05-29;4732;2253;0;293975;137753;0;35.6;16.7;0.0
60;2021-05-30;1325;369;0;295300;138122;0;35.8;16.7;0.0
60;2021-05-31;4157;2108;0;299457;140230;0;36.3;17.0;0.0
60;2021-06-01;4899;3058;0;304356;143288;0;36.9;17.4;0.0
60;2021-06-02;4475;2511;0;308831;145799;0;37.4;17.7;0.0
60;2021-06-03;4490;2614;0;313321;148413;0;38.0;18.0;0.0
60;2021-06-04;5076;3024;0;318397;151437;0;38.6;18.4;0.0
60;2021-06-05;4570;3350;0;322967;154787;0;39.1;18.8;0.0
60;2021-06-06;2278;899;0;325245;155686;0;39.4;18.9;0.0
60;2021-06-07;2991;2808;0;328236;158494;0;39.8;19.2;0.0
60;2021-06-08;4109;3255;0;332345;161749;0;40.3;19.6;0.0
60;2021-06-09;3703;3601;0;336048;165350;0;40.7;20.0;0.0
60;2021-06-10;3947;3868;0;339995;169218;0;41.2;20.5;0.0
60;2021-06-11;4215;4443;0;344210;173661;0;41.7;21.0;0.0
60;2021-06-12;4010;4199;0;348220;177860;0;42.2;21.6;0.0
60;2021-06-13;1267;2285;0;349487;180145;0;42.4;21.8;0.0
60;2021-06-14;2241;3649;0;351728;183794;0;42.6;22.3;0.0
60;2021-06-15;3300;4540;0;355028;188334;0;43.0;22.8;0.0
60;2021-06-16;3421;4729;0;358449;193063;0;43.4;23.4;0.0
60;2021-06-17;3309;5122;0;361758;198185;0;43.8;24.0;0.0
60;2021-06-18;3483;4871;0;365241;203056;0;44.3;24.6;0.0
60;2021-06-19;3400;4827;0;368641;207883;0;44.7;25.2;0.0
60;2021-06-20;1391;1918;0;370032;209801;0;44.8;25.4;0.0
60;2021-06-21;1626;4350;0;371658;214151;0;45.0;26.0;0.0
60;2021-06-22;2077;5548;0;373735;219699;0;45.3;26.6;0.0
60;2021-06-23;2190;5458;0;375925;225157;0;45.6;27.3;0.0
60;2021-06-24;2085;5746;0;378010;230903;0;45.8;28.0;0.0
60;2021-06-25;2127;6099;0;380137;237002;0;46.1;28.7;0.0
60;2021-06-26;2044;6779;0;382181;243781;0;46.3;29.5;0.0
60;2021-06-27;745;2610;0;382926;246391;0;46.4;29.9;0.0
60;2021-06-28;1841;4323;0;384767;250714;0;46.6;30.4;0.0
60;2021-06-29;2242;5702;0;387009;256416;0;46.9;31.1;0.0
60;2021-06-30;2469;5666;0;389478;262082;0;47.2;31.8;0.0
60;2021-07-01;2263;5418;0;391741;267500;0;47.5;32.4;0.0
60;2021-07-02;2648;6221;0;394389;273721;0;47.8;33.2;0.0
60;2021-07-03;2440;6025;0;396829;279746;0;48.1;33.9;0.0
60;2021-07-04;797;2678;0;397626;282424;0;48.2;34.2;0.0
60;2021-07-05;1810;4632;0;399436;287056;0;48.4;34.8;0.0
60;2021-07-06;2404;5088;0;401840;292144;0;48.7;35.4;0.0
60;2021-07-07;2520;5701;0;404360;297845;0;49.0;36.1;0.0
60;2021-07-08;3002;5381;0;407362;303226;0;49.4;36.8;0.0
60;2021-07-09;2977;6133;0;410339;309359;0;49.7;37.5;0.0
60;2021-07-10;2721;6141;0;413060;315500;0;50.1;38.2;0.0
60;2021-07-11;1215;2094;0;414275;317594;0;50.2;38.5;0.0
60;2021-07-12;1703;5314;0;415978;322908;0;50.4;39.1;0.0
60;2021-07-13;3554;5684;0;419532;328592;0;50.8;39.8;0.0
60;2021-07-14;2859;1837;0;422391;330429;0;51.2;40.0;0.0
60;2021-07-15;4330;5821;0;426721;336250;0;51.7;40.8;0.0
60;2021-07-16;4552;6130;0;431273;342380;0;52.3;41.5;0.0
60;2021-07-17;4483;5665;0;435756;348045;0;52.8;42.2;0.0
60;2021-07-18;2247;2268;0;438003;350313;0;53.1;42.5;0.0
60;2021-07-19;3375;4445;0;441378;354758;0;53.5;43.0;0.0
60;2021-07-20;5066;5535;0;446444;360293;0;54.1;43.7;0.0
60;2021-07-21;5451;5118;0;451895;365411;0;54.8;44.3;0.0
60;2021-07-22;5807;5092;0;457702;370503;0;55.5;44.9;0.0
60;2021-07-23;6085;5705;0;463787;376208;0;56.2;45.6;0.0
60;2021-07-24;4822;5138;0;468609;381346;0;56.8;46.2;0.0
60;2021-07-25;2642;1953;0;471251;383299;0;57.1;46.5;0.0
60;2021-07-26;3914;4162;0;475165;387461;0;57.6;47.0;0.0
60;2021-07-27;5456;5106;0;480621;392567;0;58.3;47.6;0.0
60;2021-07-28;5883;4375;0;486504;396942;0;59.0;48.1;0.0
60;2021-07-29;6109;4360;0;492613;401302;0;59.7;48.6;0.0
60;2021-07-30;5907;4703;0;498520;406005;0;60.4;49.2;0.0
60;2021-07-31;4548;4399;0;503068;410404;0;61.0;49.7;0.0
60;2021-08-01;1779;953;0;504847;411357;0;61.2;49.9;0.0
60;2021-08-02;3836;3105;0;508683;414462;0;61.7;50.2;0.0
60;2021-08-03;4354;3438;0;513037;417900;0;62.2;50.6;0.0
60;2021-08-04;4023;3343;0;517060;421243;0;62.7;51.1;0.0
60;2021-08-05;3717;2973;0;520777;424216;0;63.1;51.4;0.0
60;2021-08-06;4459;3820;0;525236;428036;0;63.7;51.9;0.0
60;2021-08-07;3488;3601;0;528724;431637;0;64.1;52.3;0.0
60;2021-08-08;1521;1082;0;530245;432719;0;64.3;52.4;0.0
60;2021-08-09;2485;3389;0;532730;436108;0;64.6;52.9;0.0
60;2021-08-10;3732;4275;0;536462;440383;0;65.0;53.4;0.0
60;2021-08-11;3206;4122;0;539668;444505;0;65.4;53.9;0.0
60;2021-08-12;2820;3621;0;542488;448126;0;65.7;54.3;0.0
60;2021-08-13;3010;3683;0;545498;451809;0;66.1;54.8;0.0
60;2021-08-14;2568;3044;0;548066;454853;0;66.4;55.1;0.0
60;2021-08-15;1258;631;0;549324;455484;0;66.6;55.2;0.0
60;2021-08-16;2317;4490;0;551641;459974;0;66.9;55.7;0.0
60;2021-08-17;2722;4714;0;554363;464688;0;67.2;56.3;0.0
60;2021-08-18;2216;4097;0;556579;468785;0;67.5;56.8;0.0
60;2021-08-19;1982;3860;0;558561;472645;0;67.7;57.3;0.0
60;2021-08-20;2002;4646;0;560563;477291;0;67.9;57.8;0.0
60;2021-08-21;1621;3839;0;562184;481130;0;68.1;58.3;0.0
60;2021-08-22;575;1450;0;562759;482580;0;68.2;58.5;0.0
60;2021-08-23;1272;4091;0;564031;486671;0;68.4;59.0;0.0
60;2021-08-24;1585;5320;0;565616;491991;0;68.6;59.6;0.0
60;2021-08-25;1738;4571;0;567354;496562;0;68.8;60.2;0.0
60;2021-08-26;1623;4231;1;568977;500793;1;69.0;60.7;0.0
60;2021-08-27;1583;4960;0;570560;505753;1;69.2;61.3;0.0
60;2021-08-28;1504;4761;0;572064;510514;1;69.3;61.9;0.0
60;2021-08-29;573;1986;0;572637;512500;1;69.4;62.1;0.0
60;2021-08-30;1302;3393;48;573939;515893;49;69.6;62.5;0.0
60;2021-08-31;1770;4291;62;575709;520184;111;69.8;63.0;0.0
60;2021-09-01;1535;3326;164;577244;523510;275;70.0;63.4;0.0
60;2021-09-02;1216;3053;184;578460;526563;459;70.1;63.8;0.1
60;2021-09-03;1147;3333;216;579607;529896;675;70.2;64.2;0.1
60;2021-09-04;1597;3945;155;581204;533841;830;70.4;64.7;0.1
60;2021-09-05;367;1246;37;581571;535087;867;70.5;64.9;0.1
60;2021-09-06;887;2556;238;582458;537643;1105;70.6;65.2;0.1
60;2021-09-07;903;2912;308;583361;540555;1413;70.7;65.5;0.2
60;2021-09-08;963;3042;304;584324;543597;1717;70.8;65.9;0.2
60;2021-09-09;748;2452;225;585072;546049;1942;70.9;66.2;0.2
60;2021-09-10;1124;2972;282;586196;549021;2224;71.0;66.5;0.3
60;2021-09-11;1081;3498;163;587277;552519;2387;71.2;67.0;0.3
60;2021-09-12;285;1072;59;587562;553591;2446;71.2;67.1;0.3
60;2021-09-13;652;1767;277;588214;555358;2723;71.3;67.3;0.3
60;2021-09-14;826;1620;391;589040;556978;3114;71.4;67.5;0.4
60;2021-09-15;649;1575;342;589689;558553;3456;71.5;67.7;0.4
60;2021-09-16;955;1513;586;590644;560066;4042;71.6;67.9;0.5
60;2021-09-17;797;1662;566;591441;561728;4608;71.7;68.1;0.6
60;2021-09-18;835;2732;273;592276;564460;4881;71.8;68.4;0.6
60;2021-09-19;169;488;90;592445;564948;4971;71.8;68.5;0.6
60;2021-09-20;467;1184;419;592912;566132;5390;71.9;68.6;0.7
60;2021-09-21;538;1107;627;593450;567239;6017;71.9;68.7;0.7
60;2021-09-22;488;1449;501;593938;568688;6518;72.0;68.9;0.8
60;2021-09-23;651;915;617;594589;569603;7135;72.1;69.0;0.9
60;2021-09-24;535;1352;604;595124;570955;7739;72.1;69.2;0.9
60;2021-09-25;514;2004;237;595638;572959;7976;72.2;69.4;1.0
60;2021-09-26;82;305;19;595720;573264;7995;72.2;69.5;1.0
60;2021-09-27;366;809;462;596086;574073;8457;72.2;69.6;1.0
60;2021-09-28;344;861;572;596430;574934;9029;72.3;69.7;1.1
60;2021-09-29;448;1135;366;596878;576069;9395;72.3;69.8;1.1
60;2021-09-30;401;764;658;597279;576833;10053;72.4;69.9;1.2
60;2021-10-01;644;1173;746;597923;578006;10799;72.5;70.1;1.3
60;2021-10-02;611;1509;469;598534;579515;11268;72.5;70.2;1.4
60;2021-10-03;94;294;58;598628;579809;11326;72.6;70.3;1.4
60;2021-10-04;425;721;646;599053;580530;11972;72.6;70.4;1.5
60;2021-10-05;348;597;483;599401;581127;12455;72.6;70.4;1.5
60;2021-10-06;433;828;666;599834;581955;13121;72.7;70.5;1.6
60;2021-10-07;244;588;543;600078;582543;13664;72.7;70.6;1.7
60;2021-10-08;516;902;724;600594;583445;14388;72.8;70.7;1.7
60;2021-10-09;657;1272;872;601251;584717;15260;72.9;70.9;1.8
60;2021-10-10;61;175;96;601312;584892;15356;72.9;70.9;1.9
60;2021-10-11;324;536;731;601636;585428;16087;72.9;71.0;1.9
60;2021-10-12;249;567;582;601885;585995;16669;72.9;71.0;2.0
60;2021-10-13;399;681;899;602284;586676;17568;73.0;71.1;2.1
60;2021-10-14;291;682;911;602575;587358;18479;73.0;71.2;2.2
60;2021-10-15;441;780;995;603016;588138;19474;73.1;71.3;2.4
60;2021-10-16;564;936;772;603580;589074;20246;73.2;71.4;2.5
60;2021-10-17;46;139;80;603626;589213;20326;73.2;71.4;2.5
60;2021-10-18;292;542;833;603918;589755;21159;73.2;71.5;2.6
60;2021-10-19;277;346;1000;604195;590101;22159;73.2;71.5;2.7
60;2021-10-20;379;502;1080;604574;590603;23239;73.3;71.6;2.8
60;2021-10-21;205;479;915;604779;591082;24154;73.3;71.6;2.9
60;2021-10-22;374;567;1124;605153;591649;25278;73.3;71.7;3.1
60;2021-10-23;452;725;903;605605;592374;26181;73.4;71.8;3.2
60;2021-10-24;35;64;110;605640;592438;26291;73.4;71.8;3.2
60;2021-10-25;270;390;1047;605910;592828;27338;73.4;71.9;3.3
60;2021-10-26;154;262;862;606064;593090;28200;73.5;71.9;3.4
60;2021-10-27;312;459;1207;606376;593549;29407;73.5;71.9;3.6
60;2021-10-28;205;238;986;606581;593787;30393;73.5;72.0;3.7
60;2021-10-29;318;502;1339;606899;594289;31732;73.6;72.0;3.8
60;2021-10-30;325;587;1210;607224;594876;32942;73.6;72.1;4.0
60;2021-10-31;28;70;71;607252;594946;33013;73.6;72.1;4.0
60;2021-11-01;45;25;62;607297;594971;33075;73.6;72.1;4.0
60;2021-11-02;234;311;1047;607531;595282;34122;73.6;72.1;4.1
60;2021-11-03;316;494;1530;607847;595776;35652;73.7;72.2;4.3
60;2021-11-04;249;344;1219;608096;596120;36871;73.7;72.3;4.5
60;2021-11-05;330;415;1662;608426;596535;38533;73.7;72.3;4.7
60;2021-11-06;347;581;1125;608773;597116;39658;73.8;72.4;4.8
60;2021-11-07;26;45;122;608799;597161;39780;73.8;72.4;4.8
60;2021-11-08;190;329;1410;608989;597490;41190;73.8;72.4;5.0
60;2021-11-09;196;283;1550;609185;597773;42740;73.8;72.5;5.2
60;2021-11-10;333;453;2008;609518;598226;44748;73.9;72.5;5.4
60;2021-11-11;65;73;272;609583;598299;45020;73.9;72.5;5.5
60;2021-11-12;303;434;2131;609886;598733;47151;73.9;72.6;5.7
60;2021-11-13;388;543;1601;610274;599276;48752;74.0;72.6;5.9
60;2021-11-14;27;46;190;610301;599322;48942;74.0;72.6;5.9
60;2021-11-15;206;280;1594;610507;599602;50536;74.0;72.7;6.1
60;2021-11-16;259;248;2009;610766;599850;52545;74.0;72.7;6.4
60;2021-11-17;288;333;2039;611054;600183;54584;74.1;72.7;6.6
60;2021-11-18;235;279;1914;611289;600462;56498;74.1;72.8;6.8
60;2021-11-19;307;382;2400;611596;600844;58898;74.1;72.8;7.1
60;2021-11-20;401;496;1628;611997;601340;60526;74.2;72.9;7.3
60;2021-11-21;35;56;218;612032;601396;60744;74.2;72.9;7.4
60;2021-11-22;209;199;2059;612241;601595;62803;74.2;72.9;7.6
60;2021-11-23;203;242;2456;612444;601837;65259;74.2;72.9;7.9
60;2021-11-24;329;328;2611;612773;602165;67870;74.3;73.0;8.2
60;2021-11-25;264;223;2648;613037;602388;70518;74.3;73.0;8.5
60;2021-11-26;346;416;4437;613383;602804;74955;74.3;73.1;9.1
60;2021-11-27;371;437;4013;613754;603241;78968;74.4;73.1;9.6
60;2021-11-28;50;59;875;613804;603300;79843;74.4;73.1;9.7
60;2021-11-29;172;253;4177;613976;603553;84020;74.4;73.2;10.2
60;2021-11-30;184;249;5187;614160;603802;89207;74.4;73.2;10.8
60;2021-12-01;247;301;5817;614407;604103;95024;74.5;73.2;11.5
60;2021-12-02;240;225;6223;614647;604328;101247;74.5;73.2;12.3
60;2021-12-03;213;294;7013;614860;604622;108260;74.5;73.3;13.1
60;2021-12-04;254;430;5773;615114;605052;114033;74.6;73.3;13.8
60;2021-12-05;52;70;1677;615166;605122;115710;74.6;73.3;14.0
60;2021-12-06;183;231;5689;615349;605353;121399;74.6;73.4;14.7
60;2021-12-07;199;239;7751;615548;605592;129150;74.6;73.4;15.7
60;2021-12-08;248;311;6968;615796;605903;136118;74.6;73.4;16.5
60;2021-12-09;249;301;7372;616045;606204;143490;74.7;73.5;17.4
60;2021-12-10;266;369;8898;616311;606573;152388;74.7;73.5;18.5
60;2021-12-11;295;441;7240;616606;607014;159628;74.7;73.6;19.3
60;2021-12-12;66;76;1745;616672;607090;161373;74.7;73.6;19.6
60;2021-12-13;189;260;7256;616861;607350;168629;74.8;73.6;20.4
60;2021-12-14;264;299;9518;617125;607649;178147;74.8;73.6;21.6
60;2021-12-15;243;375;8576;617368;608024;186723;74.8;73.7;22.6
60;2021-12-16;238;307;9104;617606;608331;195827;74.9;73.7;23.7
60;2021-12-17;247;392;9514;617853;608723;205341;74.9;73.8;24.9
60;2021-12-18;306;402;8035;618159;609125;213376;74.9;73.8;25.9
60;2021-12-19;97;63;2119;618256;609188;215495;74.9;73.8;26.1
60;2021-12-20;319;301;7027;618575;609489;222522;75.0;73.9;27.0
60;2021-12-21;358;317;7780;618933;609806;230302;75.0;73.9;27.9
60;2021-12-22;318;299;6543;619251;610105;236845;75.1;73.9;28.7
60;2021-12-23;299;275;5609;619550;610380;242454;75.1;74.0;29.4
60;2021-12-24;96;101;1673;619646;610481;244127;75.1;74.0;29.6
60;2021-12-25;8;19;185;619654;610500;244312;75.1;74.0;29.6
60;2021-12-26;59;54;1393;619713;610554;245705;75.1;74.0;29.8
61;2020-12-27;0;0;0;0;0;0;0.0;0.0;0.0
61;2020-12-28;0;0;0;0;0;0;0.0;0.0;0.0
61;2020-12-29;0;0;0;0;0;0;0.0;0.0;0.0
61;2020-12-30;0;0;0;0;0;0;0.0;0.0;0.0
61;2020-12-31;0;0;0;0;0;0;0.0;0.0;0.0
61;2021-01-01;2;0;0;2;0;0;0.0;0.0;0.0
61;2021-01-02;0;0;0;2;0;0;0.0;0.0;0.0
61;2021-01-03;0;0;0;2;0;0;0.0;0.0;0.0
61;2021-01-04;1;0;0;3;0;0;0.0;0.0;0.0
61;2021-01-05;2;0;0;5;0;0;0.0;0.0;0.0
61;2021-01-06;72;0;0;77;0;0;0.0;0.0;0.0
61;2021-01-07;139;2;0;216;2;0;0.1;0.0;0.0
61;2021-01-08;342;1;0;558;3;0;0.2;0.0;0.0
61;2021-01-09;138;1;0;696;4;0;0.3;0.0;0.0
61;2021-01-10;31;0;0;727;4;0;0.3;0.0;0.0
61;2021-01-11;356;0;0;1083;4;0;0.4;0.0;0.0
61;2021-01-12;537;3;0;1620;7;0;0.6;0.0;0.0
61;2021-01-13;638;1;0;2258;8;0;0.8;0.0;0.0
61;2021-01-14;489;8;0;2747;16;0;1.0;0.0;0.0
61;2021-01-15;498;2;0;3245;18;0;1.2;0.0;0.0
61;2021-01-16;261;1;0;3506;19;0;1.3;0.0;0.0
61;2021-01-17;777;9;0;4283;28;0;1.5;0.0;0.0
61;2021-01-18;1673;3;0;5956;31;0;2.2;0.0;0.0
61;2021-01-19;1106;3;0;7062;34;0;2.6;0.0;0.0
61;2021-01-20;610;0;0;7672;34;0;2.8;0.0;0.0
61;2021-01-21;718;0;0;8390;34;0;3.0;0.0;0.0
61;2021-01-22;647;0;0;9037;34;0;3.3;0.0;0.0
61;2021-01-23;220;1;0;9257;35;0;3.3;0.0;0.0
61;2021-01-24;197;2;0;9454;37;0;3.4;0.0;0.0
61;2021-01-25;468;1;0;9922;38;0;3.6;0.0;0.0
61;2021-01-26;425;4;0;10347;42;0;3.7;0.0;0.0
61;2021-01-27;443;11;0;10790;53;0;3.9;0.0;0.0
61;2021-01-28;429;47;0;11219;100;0;4.1;0.0;0.0
61;2021-01-29;428;173;0;11647;273;0;4.2;0.1;0.0
61;2021-01-30;164;1;0;11811;274;0;4.3;0.1;0.0
61;2021-01-31;93;0;0;11904;274;0;4.3;0.1;0.0
61;2021-02-01;344;162;0;12248;436;0;4.4;0.2;0.0
61;2021-02-02;360;382;0;12608;818;0;4.6;0.3;0.0
61;2021-02-03;354;438;0;12962;1256;0;4.7;0.5;0.0
61;2021-02-04;309;306;0;13271;1562;0;4.8;0.6;0.0
61;2021-02-05;427;338;0;13698;1900;0;4.9;0.7;0.0
61;2021-02-06;153;75;0;13851;1975;0;5.0;0.7;0.0
61;2021-02-07;32;174;0;13883;2149;0;5.0;0.8;0.0
61;2021-02-08;479;1281;0;14362;3430;0;5.2;1.2;0.0
61;2021-02-09;347;702;0;14709;4132;0;5.3;1.5;0.0
61;2021-02-10;234;514;0;14943;4646;0;5.4;1.7;0.0
61;2021-02-11;346;518;0;15289;5164;0;5.5;1.9;0.0
61;2021-02-12;338;664;0;15627;5828;0;5.6;2.1;0.0
61;2021-02-13;130;372;0;15757;6200;0;5.7;2.2;0.0
61;2021-02-14;2;278;0;15759;6478;0;5.7;2.3;0.0
61;2021-02-15;113;674;0;15872;7152;0;5.7;2.6;0.0
61;2021-02-16;166;565;0;16038;7717;0;5.8;2.8;0.0
61;2021-02-17;59;503;0;16097;8220;0;5.8;3.0;0.0
61;2021-02-18;122;459;0;16219;8679;0;5.9;3.1;0.0
61;2021-02-19;100;340;0;16319;9019;0;5.9;3.3;0.0
61;2021-02-20;42;188;0;16361;9207;0;5.9;3.3;0.0
61;2021-02-21;1;139;0;16362;9346;0;5.9;3.4;0.0
61;2021-02-22;72;506;0;16434;9852;0;5.9;3.6;0.0
61;2021-02-23;98;396;0;16532;10248;0;6.0;3.7;0.0
61;2021-02-24;123;432;0;16655;10680;0;6.0;3.9;0.0
61;2021-02-25;286;375;0;16941;11055;0;6.1;4.0;0.0
61;2021-02-26;287;388;0;17228;11443;0;6.2;4.1;0.0
61;2021-02-27;114;172;0;17342;11615;0;6.3;4.2;0.0
61;2021-02-28;4;100;0;17346;11715;0;6.3;4.2;0.0
61;2021-03-01;215;520;0;17561;12235;0;6.3;4.4;0.0
61;2021-03-02;170;593;0;17731;12828;0;6.4;4.6;0.0
61;2021-03-03;167;364;0;17898;13192;0;6.5;4.8;0.0
61;2021-03-04;460;377;0;18358;13569;0;6.6;4.9;0.0
61;2021-03-05;670;288;0;19028;13857;0;6.9;5.0;0.0
61;2021-03-06;437;173;0;19465;14030;0;7.0;5.1;0.0
61;2021-03-07;169;4;0;19634;14034;0;7.1;5.1;0.0
61;2021-03-08;334;276;0;19968;14310;0;7.2;5.2;0.0
61;2021-03-09;606;164;0;20574;14474;0;7.4;5.2;0.0
61;2021-03-10;657;181;0;21231;14655;0;7.7;5.3;0.0
61;2021-03-11;1064;130;0;22295;14785;0;8.1;5.3;0.0
61;2021-03-12;1387;101;0;23682;14886;0;8.6;5.4;0.0
61;2021-03-13;738;48;0;24420;14934;0;8.8;5.4;0.0
61;2021-03-14;178;6;0;24598;14940;0;8.9;5.4;0.0
61;2021-03-15;716;38;0;25314;14978;0;9.1;5.4;0.0
61;2021-03-16;664;27;0;25978;15005;0;9.4;5.4;0.0
61;2021-03-17;678;23;0;26656;15028;0;9.6;5.4;0.0
61;2021-03-18;814;35;0;27470;15063;0;9.9;5.4;0.0
61;2021-03-19;997;67;0;28467;15130;0;10.3;5.5;0.0
61;2021-03-20;487;18;0;28954;15148;0;10.5;5.5;0.0
61;2021-03-21;62;3;0;29016;15151;0;10.5;5.5;0.0
61;2021-03-22;731;99;0;29747;15250;0;10.7;5.5;0.0
61;2021-03-23;844;49;0;30591;15299;0;11.0;5.5;0.0
61;2021-03-24;1306;77;0;31897;15376;0;11.5;5.6;0.0
61;2021-03-25;1799;80;0;33696;15456;0;12.2;5.6;0.0
61;2021-03-26;1686;58;0;35382;15514;0;12.8;5.6;0.0
61;2021-03-27;937;18;0;36319;15532;0;13.1;5.6;0.0
61;2021-03-28;298;9;0;36617;15541;0;13.2;5.6;0.0
61;2021-03-29;1085;196;0;37702;15737;0;13.6;5.7;0.0
61;2021-03-30;1339;125;0;39041;15862;0;14.1;5.7;0.0
61;2021-03-31;1511;71;0;40552;15933;0;14.6;5.8;0.0
61;2021-04-01;1902;236;0;42454;16169;0;15.3;5.8;0.0
61;2021-04-02;1436;409;0;43890;16578;0;15.9;6.0;0.0
61;2021-04-03;568;277;0;44458;16855;0;16.1;6.1;0.0
61;2021-04-04;167;18;0;44625;16873;0;16.1;6.1;0.0
61;2021-04-05;444;12;0;45069;16885;0;16.3;6.1;0.0
61;2021-04-06;1247;545;0;46316;17430;0;16.7;6.3;0.0
61;2021-04-07;1553;596;0;47869;18026;0;17.3;6.5;0.0
61;2021-04-08;2068;714;0;49937;18740;0;18.0;6.8;0.0
61;2021-04-09;2063;760;0;52000;19500;0;18.8;7.0;0.0
61;2021-04-10;1286;429;0;53286;19929;0;19.2;7.2;0.0
61;2021-04-11;209;147;0;53495;20076;0;19.3;7.3;0.0
61;2021-04-12;1155;633;0;54650;20709;0;19.7;7.5;0.0
61;2021-04-13;1591;629;0;56241;21338;0;20.3;7.7;0.0
61;2021-04-14;1626;779;0;57867;22117;0;20.9;8.0;0.0
61;2021-04-15;2074;764;0;59941;22881;0;21.6;8.3;0.0
61;2021-04-16;1984;648;0;61925;23529;0;22.4;8.5;0.0
61;2021-04-17;1209;288;0;63134;23817;0;22.8;8.6;0.0
61;2021-04-18;428;82;0;63562;23899;0;23.0;8.6;0.0
61;2021-04-19;802;696;0;64364;24595;0;23.2;8.9;0.0
61;2021-04-20;1391;712;0;65755;25307;0;23.7;9.1;0.0
61;2021-04-21;1264;978;0;67019;26285;0;24.2;9.5;0.0
61;2021-04-22;1168;1125;0;68187;27410;0;24.6;9.9;0.0
61;2021-04-23;1150;1031;0;69337;28441;0;25.0;10.3;0.0
61;2021-04-24;1156;700;0;70493;29141;0;25.5;10.5;0.0
61;2021-04-25;273;267;0;70766;29408;0;25.6;10.6;0.0
61;2021-04-26;667;948;0;71433;30356;0;25.8;11.0;0.0
61;2021-04-27;1394;1035;0;72827;31391;0;26.3;11.3;0.0
61;2021-04-28;1250;1257;0;74077;32648;0;26.8;11.8;0.0
61;2021-04-29;1217;1658;0;75294;34306;0;27.2;12.4;0.0
61;2021-04-30;1620;1057;0;76914;35363;0;27.8;12.8;0.0
61;2021-05-01;665;298;0;77579;35661;0;28.0;12.9;0.0
61;2021-05-02;336;197;0;77915;35858;0;28.1;12.9;0.0
61;2021-05-03;832;1103;0;78747;36961;0;28.4;13.3;0.0
61;2021-05-04;1269;1599;0;80016;38560;0;28.9;13.9;0.0
61;2021-05-05;997;1868;0;81013;40428;0;29.3;14.6;0.0
61;2021-05-06;1656;1896;0;82669;42324;0;29.9;15.3;0.0
61;2021-05-07;1373;1756;0;84042;44080;0;30.4;15.9;0.0
61;2021-05-08;810;370;0;84852;44450;0;30.6;16.1;0.0
61;2021-05-09;302;234;0;85154;44684;0;30.8;16.1;0.0
61;2021-05-10;1003;1515;0;86157;46199;0;31.1;16.7;0.0
61;2021-05-11;1467;1348;0;87624;47547;0;31.6;17.2;0.0
61;2021-05-12;1605;1425;0;89229;48972;0;32.2;17.7;0.0
61;2021-05-13;875;417;0;90104;49389;0;32.5;17.8;0.0
61;2021-05-14;1614;1041;0;91718;50430;0;33.1;18.2;0.0
61;2021-05-15;1925;924;0;93643;51354;0;33.8;18.5;0.0
61;2021-05-16;844;245;0;94487;51599;0;34.1;18.6;0.0
61;2021-05-17;1298;794;0;95785;52393;0;34.6;18.9;0.0
61;2021-05-18;2320;880;0;98105;53273;0;35.4;19.2;0.0
61;2021-05-19;2148;752;0;100253;54025;0;36.2;19.5;0.0
61;2021-05-20;2060;831;0;102313;54856;0;36.9;19.8;0.0
61;2021-05-21;2189;883;0;104502;55739;0;37.7;20.1;0.0
61;2021-05-22;1368;578;0;105870;56317;0;38.2;20.3;0.0
61;2021-05-23;479;41;0;106349;56358;0;38.4;20.4;0.0
61;2021-05-24;798;138;0;107147;56496;0;38.7;20.4;0.0
61;2021-05-25;1851;863;0;108998;57359;0;39.4;20.7;0.0
61;2021-05-26;1835;892;0;110833;58251;0;40.0;21.0;0.0
61;2021-05-27;2047;1070;0;112880;59321;0;40.8;21.4;0.0
61;2021-05-28;2028;1319;0;114908;60640;0;41.5;21.9;0.0
61;2021-05-29;1265;520;0;116173;61160;0;42.0;22.1;0.0
61;2021-05-30;381;44;0;116554;61204;0;42.1;22.1;0.0
61;2021-05-31;1510;850;0;118064;62054;0;42.6;22.4;0.0
61;2021-06-01;1917;1307;0;119981;63361;0;43.3;22.9;0.0
61;2021-06-02;1642;1049;0;121623;64410;0;43.9;23.3;0.0
61;2021-06-03;2239;1068;0;123862;65478;0;44.7;23.6;0.0
61;2021-06-04;1856;1316;0;125718;66794;0;45.4;24.1;0.0
61;2021-06-05;1395;1104;0;127113;67898;0;45.9;24.5;0.0
61;2021-06-06;296;162;0;127409;68060;0;46.0;24.6;0.0
61;2021-06-07;2052;860;0;129461;68920;0;46.8;24.9;0.0
61;2021-06-08;1796;1538;0;131257;70458;0;47.4;25.4;0.0
61;2021-06-09;1906;1103;0;133163;71561;0;48.1;25.8;0.0
61;2021-06-10;1890;1154;0;135053;72715;0;48.8;26.3;0.0
61;2021-06-11;1736;1520;0;136789;74235;0;49.4;26.8;0.0
61;2021-06-12;1223;876;0;138012;75111;0;49.8;27.1;0.0
61;2021-06-13;289;328;0;138301;75439;0;49.9;27.2;0.0
61;2021-06-14;1063;1174;0;139364;76613;0;50.3;27.7;0.0
61;2021-06-15;1165;1639;0;140529;78252;0;50.8;28.3;0.0
61;2021-06-16;1105;1351;0;141634;79603;0;51.1;28.7;0.0
61;2021-06-17;1085;1713;0;142719;81316;0;51.5;29.4;0.0
61;2021-06-18;1450;1660;0;144169;82976;0;52.1;30.0;0.0
61;2021-06-19;1042;1139;0;145211;84115;0;52.4;30.4;0.0
61;2021-06-20;240;277;0;145451;84392;0;52.5;30.5;0.0
61;2021-06-21;722;1566;0;146173;85958;0;52.8;31.0;0.0
61;2021-06-22;986;1709;0;147159;87667;0;53.1;31.7;0.0
61;2021-06-23;976;2297;0;148135;89964;0;53.5;32.5;0.0
61;2021-06-24;698;1330;0;148833;91294;0;53.7;33.0;0.0
61;2021-06-25;799;1915;0;149632;93209;0;54.0;33.7;0.0
61;2021-06-26;586;1633;0;150218;94842;0;54.2;34.3;0.0
61;2021-06-27;136;671;0;150354;95513;0;54.3;34.5;0.0
61;2021-06-28;453;2098;0;150807;97611;0;54.5;35.3;0.0
61;2021-06-29;724;2767;0;151531;100378;0;54.7;36.3;0.0
61;2021-06-30;799;2344;0;152330;102722;0;55.0;37.1;0.0
61;2021-07-01;691;1705;0;153021;104427;0;55.3;37.7;0.0
61;2021-07-02;881;2556;0;153902;106983;0;55.6;38.6;0.0
61;2021-07-03;392;1525;0;154294;108508;0;55.7;39.2;0.0
61;2021-07-04;74;477;0;154368;108985;0;55.7;39.4;0.0
61;2021-07-05;674;1617;0;155042;110602;0;56.0;39.9;0.0
61;2021-07-06;870;2662;0;155912;113264;0;56.3;40.9;0.0
61;2021-07-07;842;2258;0;156754;115522;0;56.6;41.7;0.0
61;2021-07-08;831;1910;0;157585;117432;0;56.9;42.4;0.0
61;2021-07-09;738;2308;0;158323;119740;0;57.2;43.2;0.0
61;2021-07-10;398;1559;0;158721;121299;0;57.3;43.8;0.0
61;2021-07-11;204;417;0;158925;121716;0;57.4;44.0;0.0
61;2021-07-12;460;2291;0;159385;124007;0;57.6;44.8;0.0
61;2021-07-13;723;2512;0;160108;126519;0;57.8;45.7;0.0
61;2021-07-14;264;426;0;160372;126945;0;57.9;45.8;0.0
61;2021-07-15;836;2733;0;161208;129678;0;58.2;46.8;0.0
61;2021-07-16;1000;2514;0;162208;132192;0;58.6;47.7;0.0
61;2021-07-17;705;1913;0;162913;134105;0;58.8;48.4;0.0
61;2021-07-18;235;304;0;163148;134409;0;58.9;48.5;0.0
61;2021-07-19;963;2356;0;164111;136765;0;59.3;49.4;0.0
61;2021-07-20;1313;2413;0;165424;139178;0;59.7;50.3;0.0
61;2021-07-21;1454;2121;0;166878;141299;0;60.3;51.0;0.0
61;2021-07-22;1795;2116;0;168673;143415;0;60.9;51.8;0.0
61;2021-07-23;1719;2252;0;170392;145667;0;61.5;52.6;0.0
61;2021-07-24;1228;1716;0;171620;147383;0;62.0;53.2;0.0
61;2021-07-25;263;349;0;171883;147732;0;62.1;53.4;0.0
61;2021-07-26;1258;1838;0;173141;149570;0;62.5;54.0;0.0
61;2021-07-27;2326;1449;0;175467;151019;0;63.4;54.5;0.0
61;2021-07-28;2205;1386;0;177672;152405;0;64.2;55.0;0.0
61;2021-07-29;2398;1468;0;180070;153873;0;65.0;55.6;0.0
61;2021-07-30;2296;1328;0;182366;155201;0;65.9;56.0;0.0
61;2021-07-31;1052;1068;0;183418;156269;0;66.2;56.4;0.0
61;2021-08-01;361;217;0;183779;156486;0;66.4;56.5;0.0
61;2021-08-02;1725;1085;0;185504;157571;0;67.0;56.9;0.0
61;2021-08-03;2022;965;0;187526;158536;0;67.7;57.3;0.0
61;2021-08-04;1985;747;0;189511;159283;0;68.4;57.5;0.0
61;2021-08-05;1593;905;0;191104;160188;0;69.0;57.8;0.0
61;2021-08-06;1850;1095;0;192954;161283;0;69.7;58.2;0.0
61;2021-08-07;1113;674;0;194067;161957;0;70.1;58.5;0.0
61;2021-08-08;330;170;0;194397;162127;0;70.2;58.6;0.0
61;2021-08-09;1110;935;0;195507;163062;0;70.6;58.9;0.0
61;2021-08-10;1317;1141;0;196824;164203;0;71.1;59.3;0.0
61;2021-08-11;1035;1086;0;197859;165289;0;71.5;59.7;0.0
61;2021-08-12;1022;1230;0;198881;166519;0;71.8;60.1;0.0
61;2021-08-13;868;1399;0;199749;167918;0;72.1;60.6;0.0
61;2021-08-14;638;739;0;200387;168657;0;72.4;60.9;0.0
61;2021-08-15;90;177;0;200477;168834;0;72.4;61.0;0.0
61;2021-08-16;835;1498;0;201312;170332;0;72.7;61.5;0.0
61;2021-08-17;1005;1636;0;202317;171968;0;73.1;62.1;0.0
61;2021-08-18;821;1428;0;203138;173396;0;73.4;62.6;0.0
61;2021-08-19;709;1480;0;203847;174876;0;73.6;63.2;0.0
61;2021-08-20;761;2005;0;204608;176881;0;73.9;63.9;0.0
61;2021-08-21;433;1100;0;205041;177981;0;74.0;64.3;0.0
61;2021-08-22;104;333;0;205145;178314;0;74.1;64.4;0.0
61;2021-08-23;435;1608;0;205580;179922;0;74.2;65.0;0.0
61;2021-08-24;562;1778;0;206142;181700;0;74.4;65.6;0.0
61;2021-08-25;488;1675;0;206630;183375;0;74.6;66.2;0.0
61;2021-08-26;440;1603;0;207070;184978;0;74.8;66.8;0.0
61;2021-08-27;493;1807;0;207563;186785;0;75.0;67.5;0.0
61;2021-08-28;257;1174;0;207820;187959;0;75.1;67.9;0.0
61;2021-08-29;49;331;0;207869;188290;0;75.1;68.0;0.0
61;2021-08-30;399;1561;10;208268;189851;10;75.2;68.6;0.0
61;2021-08-31;549;1677;44;208817;191528;54;75.4;69.2;0.0
61;2021-09-01;474;1265;182;209291;192793;236;75.6;69.6;0.1
61;2021-09-02;424;1064;247;209715;193857;483;75.7;70.0;0.2
61;2021-09-03;473;1257;272;210188;195114;755;75.9;70.5;0.3
61;2021-09-04;302;1091;77;210490;196205;832;76.0;70.9;0.3
61;2021-09-05;71;156;41;210561;196361;873;76.0;70.9;0.3
61;2021-09-06;267;947;253;210828;197308;1126;76.1;71.3;0.4
61;2021-09-07;316;1252;169;211144;198560;1295;76.3;71.7;0.5
61;2021-09-08;284;1110;217;211428;199670;1512;76.4;72.1;0.5
61;2021-09-09;269;827;365;211697;200497;1877;76.5;72.4;0.7
61;2021-09-10;327;881;270;212024;201378;2147;76.6;72.7;0.8
61;2021-09-11;242;902;78;212266;202280;2225;76.7;73.1;0.8
61;2021-09-12;37;107;20;212303;202387;2245;76.7;73.1;0.8
61;2021-09-13;207;552;457;212510;202939;2702;76.7;73.3;1.0
61;2021-09-14;203;416;435;212713;203355;3137;76.8;73.4;1.1
61;2021-09-15;237;661;465;212950;204016;3602;76.9;73.7;1.3
61;2021-09-16;220;356;192;213170;204372;3794;77.0;73.8;1.4
61;2021-09-17;245;578;249;213415;204950;4043;77.1;74.0;1.5
61;2021-09-18;184;528;129;213599;205478;4172;77.1;74.2;1.5
61;2021-09-19;3;11;1;213602;205489;4173;77.1;74.2;1.5
61;2021-09-20;166;307;248;213768;205796;4421;77.2;74.3;1.6
61;2021-09-21;244;240;226;214012;206036;4647;77.3;74.4;1.7
61;2021-09-22;158;661;361;214170;206697;5008;77.3;74.6;1.8
61;2021-09-23;154;272;226;214324;206969;5234;77.4;74.7;1.9
61;2021-09-24;151;399;371;214475;207368;5605;77.5;74.9;2.0
61;2021-09-25;147;496;168;214622;207864;5773;77.5;75.1;2.1
61;2021-09-26;8;17;4;214630;207881;5777;77.5;75.1;2.1
61;2021-09-27;130;295;405;214760;208176;6182;77.6;75.2;2.2
61;2021-09-28;98;243;161;214858;208419;6343;77.6;75.3;2.3
61;2021-09-29;115;256;228;214973;208675;6571;77.6;75.4;2.4
61;2021-09-30;183;265;210;215156;208940;6781;77.7;75.5;2.4
61;2021-10-01;117;274;237;215273;209214;7018;77.7;75.6;2.5
61;2021-10-02;210;514;261;215483;209728;7279;77.8;75.7;2.6
61;2021-10-03;2;12;2;215485;209740;7281;77.8;75.7;2.6
61;2021-10-04;104;249;443;215589;209989;7724;77.9;75.8;2.8
61;2021-10-05;107;255;402;215696;210244;8126;77.9;75.9;2.9
61;2021-10-06;156;304;384;215852;210548;8510;78.0;76.0;3.1
61;2021-10-07;151;243;518;216003;210791;9028;78.0;76.1;3.3
61;2021-10-08;164;268;442;216167;211059;9470;78.1;76.2;3.4
61;2021-10-09;71;141;105;216238;211200;9575;78.1;76.3;3.5
61;2021-10-10;3;5;3;216241;211205;9578;78.1;76.3;3.5
61;2021-10-11;132;326;586;216373;211531;10164;78.1;76.4;3.7
61;2021-10-12;76;203;229;216449;211734;10393;78.2;76.5;3.8
61;2021-10-13;125;219;430;216574;211953;10823;78.2;76.5;3.9
61;2021-10-14;69;196;341;216643;212149;11164;78.2;76.6;4.0
61;2021-10-15;165;244;441;216808;212393;11605;78.3;76.7;4.2
61;2021-10-16;67;96;142;216875;212489;11747;78.3;76.7;4.2
61;2021-10-17;8;9;13;216883;212498;11760;78.3;76.7;4.2
61;2021-10-18;71;164;306;216954;212662;12066;78.4;76.8;4.4
61;2021-10-19;65;127;258;217019;212789;12324;78.4;76.8;4.5
61;2021-10-20;73;137;348;217092;212926;12672;78.4;76.9;4.6
61;2021-10-21;104;161;449;217196;213087;13121;78.4;77.0;4.7
61;2021-10-22;119;177;497;217315;213264;13618;78.5;77.0;4.9
61;2021-10-23;92;244;310;217407;213508;13928;78.5;77.1;5.0
61;2021-10-24;1;3;0;217408;213511;13928;78.5;77.1;5.0
61;2021-10-25;88;133;436;217496;213644;14364;78.5;77.2;5.2
61;2021-10-26;55;79;235;217551;213723;14599;78.6;77.2;5.3
61;2021-10-27;78;126;631;217629;213849;15230;78.6;77.2;5.5
61;2021-10-28;67;108;461;217696;213957;15691;78.6;77.3;5.7
61;2021-10-29;127;161;677;217823;214118;16368;78.7;77.3;5.9
61;2021-10-30;31;84;207;217854;214202;16575;78.7;77.4;6.0
61;2021-10-31;5;5;1;217859;214207;16576;78.7;77.4;6.0
61;2021-11-01;5;1;4;217864;214208;16580;78.7;77.4;6.0
61;2021-11-02;60;107;503;217924;214315;17083;78.7;77.4;6.2
61;2021-11-03;69;148;621;217993;214463;17704;78.7;77.5;6.4
61;2021-11-04;66;92;633;218059;214555;18337;78.7;77.5;6.6
61;2021-11-05;116;156;873;218175;214711;19210;78.8;77.5;6.9
61;2021-11-06;64;77;348;218239;214788;19558;78.8;77.6;7.1
61;2021-11-07;2;11;24;218241;214799;19582;78.8;77.6;7.1
61;2021-11-08;60;105;849;218301;214904;20431;78.8;77.6;7.4
61;2021-11-09;45;86;608;218346;214990;21039;78.9;77.6;7.6
61;2021-11-10;89;117;979;218435;215107;22018;78.9;77.7;8.0
61;2021-11-11;5;3;33;218440;215110;22051;78.9;77.7;8.0
61;2021-11-12;83;160;1023;218523;215270;23074;78.9;77.7;8.3
61;2021-11-13;51;53;218;218574;215323;23292;78.9;77.8;8.4
61;2021-11-14;0;7;8;218574;215330;23300;78.9;77.8;8.4
61;2021-11-15;56;83;987;218630;215413;24287;79.0;77.8;8.8
61;2021-11-16;82;59;961;218712;215472;25248;79.0;77.8;9.1
61;2021-11-17;90;106;1062;218802;215578;26310;79.0;77.9;9.5
61;2021-11-18;98;113;1277;218900;215691;27587;79.1;77.9;10.0
61;2021-11-19;111;153;1439;219011;215844;29026;79.1;77.9;10.5
61;2021-11-20;75;70;500;219086;215914;29526;79.1;78.0;10.7
61;2021-11-21;5;5;20;219091;215919;29546;79.1;78.0;10.7
61;2021-11-22;69;43;936;219160;215962;30482;79.1;78.0;11.0
61;2021-11-23;127;69;1388;219287;216031;31870;79.2;78.0;11.5
61;2021-11-24;142;106;1347;219429;216137;33217;79.2;78.1;12.0
61;2021-11-25;117;72;1470;219546;216209;34687;79.3;78.1;12.5
61;2021-11-26;88;129;2019;219634;216338;36706;79.3;78.1;13.3
61;2021-11-27;79;60;1107;219713;216398;37813;79.3;78.1;13.7
61;2021-11-28;5;7;42;219718;216405;37855;79.3;78.2;13.7
61;2021-11-29;59;63;1719;219777;216468;39574;79.4;78.2;14.3
61;2021-11-30;125;79;2303;219902;216547;41877;79.4;78.2;15.1
61;2021-12-01;69;94;2359;219971;216641;44236;79.4;78.2;16.0
61;2021-12-02;86;50;3003;220057;216691;47239;79.5;78.3;17.1
61;2021-12-03;95;110;2864;220152;216801;50103;79.5;78.3;18.1
61;2021-12-04;61;65;1390;220213;216866;51493;79.5;78.3;18.6
61;2021-12-05;10;5;359;220223;216871;51852;79.5;78.3;18.7
61;2021-12-06;41;54;2334;220264;216925;54186;79.5;78.3;19.6
61;2021-12-07;76;74;3493;220340;216999;57679;79.6;78.4;20.8
61;2021-12-08;92;97;3193;220432;217096;60872;79.6;78.4;22.0
61;2021-12-09;82;79;3373;220514;217175;64245;79.6;78.4;23.2
61;2021-12-10;65;147;3487;220579;217322;67732;79.7;78.5;24.5
61;2021-12-11;72;70;2135;220651;217392;69867;79.7;78.5;25.2
61;2021-12-12;13;10;428;220664;217402;70295;79.7;78.5;25.4
61;2021-12-13;96;89;3112;220760;217491;73407;79.7;78.5;26.5
61;2021-12-14;88;108;4157;220848;217599;77564;79.8;78.6;28.0
61;2021-12-15;102;126;3516;220950;217725;81080;79.8;78.6;29.3
61;2021-12-16;90;121;4096;221040;217846;85176;79.8;78.7;30.8
61;2021-12-17;118;141;4064;221158;217987;89240;79.9;78.7;32.2
61;2021-12-18;78;67;2124;221236;218054;91364;79.9;78.7;33.0
61;2021-12-19;37;23;571;221273;218077;91935;79.9;78.8;33.2
61;2021-12-20;108;99;3351;221381;218176;95286;79.9;78.8;34.4
61;2021-12-21;114;123;3375;221495;218299;98661;80.0;78.8;35.6
61;2021-12-22;113;110;2481;221608;218409;101142;80.0;78.9;36.5
61;2021-12-23;82;67;2160;221690;218476;103302;80.1;78.9;37.3
61;2021-12-24;7;15;159;221697;218491;103461;80.1;78.9;37.4
61;2021-12-25;0;0;18;221697;218491;103479;80.1;78.9;37.4
61;2021-12-26;7;3;83;221704;218494;103562;80.1;78.9;37.4
62;2020-12-27;3;0;0;3;0;0;0.0;0.0;0.0
62;2020-12-28;1;0;0;4;0;0;0.0;0.0;0.0
62;2020-12-29;0;0;0;4;0;0;0.0;0.0;0.0
62;2020-12-30;0;0;0;4;0;0;0.0;0.0;0.0
62;2020-12-31;0;0;0;4;0;0;0.0;0.0;0.0
62;2021-01-01;1;0;0;5;0;0;0.0;0.0;0.0
62;2021-01-02;3;2;0;8;2;0;0.0;0.0;0.0
62;2021-01-03;0;0;0;8;2;0;0.0;0.0;0.0
62;2021-01-04;5;0;0;13;2;0;0.0;0.0;0.0
62;2021-01-05;64;0;0;77;2;0;0.0;0.0;0.0
62;2021-01-06;149;0;0;226;2;0;0.0;0.0;0.0
62;2021-01-07;371;0;0;597;2;0;0.0;0.0;0.0
62;2021-01-08;710;10;0;1307;12;0;0.1;0.0;0.0
62;2021-01-09;199;2;0;1506;14;0;0.1;0.0;0.0
62;2021-01-10;109;0;0;1615;14;0;0.1;0.0;0.0
62;2021-01-11;611;3;0;2226;17;0;0.2;0.0;0.0
62;2021-01-12;1319;5;0;3545;22;0;0.2;0.0;0.0
62;2021-01-13;1146;16;0;4691;38;0;0.3;0.0;0.0
62;2021-01-14;1460;11;0;6151;49;0;0.4;0.0;0.0
62;2021-01-15;1335;14;0;7486;63;0;0.5;0.0;0.0
62;2021-01-16;351;3;0;7837;66;0;0.5;0.0;0.0
62;2021-01-17;143;1;0;7980;67;0;0.5;0.0;0.0
62;2021-01-18;1726;9;0;9706;76;0;0.7;0.0;0.0
62;2021-01-19;2038;5;0;11744;81;0;0.8;0.0;0.0
62;2021-01-20;2003;10;0;13747;91;0;0.9;0.0;0.0
62;2021-01-21;2257;6;0;16004;97;0;1.1;0.0;0.0
62;2021-01-22;1800;8;0;17804;105;0;1.2;0.0;0.0
62;2021-01-23;494;1;0;18298;106;0;1.3;0.0;0.0
62;2021-01-24;9;0;0;18307;106;0;1.3;0.0;0.0
62;2021-01-25;1263;12;0;19570;118;0;1.3;0.0;0.0
62;2021-01-26;1597;32;0;21167;150;0;1.5;0.0;0.0
62;2021-01-27;1346;185;0;22513;335;0;1.5;0.0;0.0
62;2021-01-28;4003;406;0;26516;741;0;1.8;0.1;0.0
62;2021-01-29;1991;347;0;28507;1088;0;2.0;0.1;0.0
62;2021-01-30;166;152;0;28673;1240;0;2.0;0.1;0.0
62;2021-01-31;20;3;0;28693;1243;0;2.0;0.1;0.0
62;2021-02-01;53;367;0;28746;1610;0;2.0;0.1;0.0
62;2021-02-02;74;788;0;28820;2398;0;2.0;0.2;0.0
62;2021-02-03;172;648;0;28992;3046;0;2.0;0.2;0.0
62;2021-02-04;193;823;0;29185;3869;0;2.0;0.3;0.0
62;2021-02-05;105;754;0;29290;4623;0;2.0;0.3;0.0
62;2021-02-06;39;162;0;29329;4785;0;2.0;0.3;0.0
62;2021-02-07;242;33;0;29571;4818;0;2.0;0.3;0.0
62;2021-02-08;166;873;0;29737;5691;0;2.0;0.4;0.0
62;2021-02-09;273;1099;0;30010;6790;0;2.1;0.5;0.0
62;2021-02-10;384;1104;0;30394;7894;0;2.1;0.5;0.0
62;2021-02-11;772;1022;0;31166;8916;0;2.1;0.6;0.0
62;2021-02-12;985;848;0;32151;9764;0;2.2;0.7;0.0
62;2021-02-13;179;303;0;32330;10067;0;2.2;0.7;0.0
62;2021-02-14;3;10;0;32333;10077;0;2.2;0.7;0.0
62;2021-02-15;737;1259;0;33070;11336;0;2.3;0.8;0.0
62;2021-02-16;929;1816;0;33999;13152;0;2.3;0.9;0.0
62;2021-02-17;1092;2073;0;35091;15225;0;2.4;1.0;0.0
62;2021-02-18;2241;3708;0;37332;18933;0;2.6;1.3;0.0
62;2021-02-19;2268;2478;0;39600;21411;0;2.7;1.5;0.0
62;2021-02-20;616;499;0;40216;21910;0;2.8;1.5;0.0
62;2021-02-21;84;63;0;40300;21973;0;2.8;1.5;0.0
62;2021-02-22;855;954;0;41155;22927;0;2.8;1.6;0.0
62;2021-02-23;1431;1218;0;42586;24145;0;2.9;1.7;0.0
62;2021-02-24;1587;762;0;44173;24907;0;3.0;1.7;0.0
62;2021-02-25;3257;557;0;47430;25464;0;3.3;1.8;0.0
62;2021-02-26;2959;453;0;50389;25917;0;3.5;1.8;0.0
62;2021-02-27;1838;118;0;52227;26035;0;3.6;1.8;0.0
62;2021-02-28;59;44;0;52286;26079;0;3.6;1.8;0.0
62;2021-03-01;1389;154;0;53675;26233;0;3.7;1.8;0.0
62;2021-03-02;3121;206;0;56796;26439;0;3.9;1.8;0.0
62;2021-03-03;3304;209;0;60100;26648;0;4.1;1.8;0.0
62;2021-03-04;3877;274;0;63977;26922;0;4.4;1.9;0.0
62;2021-03-05;4703;301;0;68680;27223;0;4.7;1.9;0.0
62;2021-03-06;9724;308;0;78404;27531;0;5.4;1.9;0.0
62;2021-03-07;8118;253;0;86522;27784;0;6.0;1.9;0.0
62;2021-03-08;2318;354;0;88840;28138;0;6.1;1.9;0.0
62;2021-03-09;3934;473;0;92774;28611;0;6.4;2.0;0.0
62;2021-03-10;4349;667;0;97123;29278;0;6.7;2.0;0.0
62;2021-03-11;6177;1533;0;103300;30811;0;7.1;2.1;0.0
62;2021-03-12;6828;1454;0;110128;32265;0;7.6;2.2;0.0
62;2021-03-13;14783;873;0;124911;33138;0;8.6;2.3;0.0
62;2021-03-14;9612;410;0;134523;33548;0;9.3;2.3;0.0
62;2021-03-15;3858;1055;0;138381;34603;0;9.5;2.4;0.0
62;2021-03-16;2811;838;0;141192;35441;0;9.7;2.4;0.0
62;2021-03-17;2850;816;0;144042;36257;0;9.9;2.5;0.0
62;2021-03-18;2800;1058;0;146842;37315;0;10.1;2.6;0.0
62;2021-03-19;4835;935;0;151677;38250;0;10.4;2.6;0.0
62;2021-03-20;11341;637;0;163018;38887;0;11.2;2.7;0.0
62;2021-03-21;9219;388;0;172237;39275;0;11.9;2.7;0.0
62;2021-03-22;3061;1157;0;175298;40432;0;12.1;2.8;0.0
62;2021-03-23;5008;1538;0;180306;41970;0;12.4;2.9;0.0
62;2021-03-24;4656;1420;0;184962;43390;0;12.7;3.0;0.0
62;2021-03-25;6575;1519;0;191537;44909;0;13.2;3.1;0.0
62;2021-03-26;7136;1490;0;198673;46399;0;13.7;3.2;0.0
62;2021-03-27;12463;783;0;211136;47182;0;14.5;3.2;0.0
62;2021-03-28;6812;287;0;217948;47469;0;15.0;3.3;0.0
62;2021-03-29;3489;1303;0;221437;48772;0;15.2;3.4;0.0
62;2021-03-30;4579;2264;0;226016;51036;0;15.6;3.5;0.0
62;2021-03-31;4137;2482;0;230153;53518;0;15.8;3.7;0.0
62;2021-04-01;4945;2795;0;235098;56313;0;16.2;3.9;0.0
62;2021-04-02;5021;3373;0;240119;59686;0;16.5;4.1;0.0
62;2021-04-03;8343;3433;0;248462;63119;0;17.1;4.3;0.0
62;2021-04-04;4494;1939;0;252956;65058;0;17.4;4.5;0.0
62;2021-04-05;1207;514;0;254163;65572;0;17.5;4.5;0.0
62;2021-04-06;4030;3098;0;258193;68670;0;17.8;4.7;0.0
62;2021-04-07;5023;3650;0;263216;72320;0;18.1;5.0;0.0
62;2021-04-08;6518;4009;0;269734;76329;0;18.6;5.3;0.0
62;2021-04-09;7688;3609;0;277422;79938;0;19.1;5.5;0.0
62;2021-04-10;6740;8128;0;284162;88066;0;19.6;6.1;0.0
62;2021-04-11;2796;6847;0;286958;94913;0;19.8;6.5;0.0
62;2021-04-12;3471;2517;0;290429;97430;0;20.0;6.7;0.0
62;2021-04-13;6136;3296;0;296565;100726;0;20.4;6.9;0.0
62;2021-04-14;5396;3128;0;301961;103854;0;20.8;7.1;0.0
62;2021-04-15;5851;3048;0;307812;106902;0;21.2;7.4;0.0
62;2021-04-16;5539;3313;0;313351;110215;0;21.6;7.6;0.0
62;2021-04-17;4418;7633;0;317769;117848;0;21.9;8.1;0.0
62;2021-04-18;1972;6641;0;319741;124489;0;22.0;8.6;0.0
62;2021-04-19;2921;2082;0;322662;126571;0;22.2;8.7;0.0
62;2021-04-20;4109;3857;0;326771;130428;0;22.5;9.0;0.0
62;2021-04-21;3735;3881;0;330506;134309;0;22.7;9.2;0.0
62;2021-04-22;4167;5135;0;334673;139444;0;23.0;9.6;0.0
62;2021-04-23;4167;5273;0;338840;144717;0;23.3;10.0;0.0
62;2021-04-24;4443;6749;0;343283;151466;0;23.6;10.4;0.0
62;2021-04-25;1946;3513;0;345229;154979;0;23.8;10.7;0.0
62;2021-04-26;2441;2555;0;347670;157534;0;23.9;10.8;0.0
62;2021-04-27;4569;3654;0;352239;161188;0;24.2;11.1;0.0
62;2021-04-28;4709;4357;0;356948;165545;0;24.6;11.4;0.0
62;2021-04-29;4979;5761;0;361927;171306;0;24.9;11.8;0.0
62;2021-04-30;5555;5698;0;367482;177004;0;25.3;12.2;0.0
62;2021-05-01;6176;3844;0;373658;180848;0;25.7;12.4;0.0
62;2021-05-02;8050;3321;0;381708;184169;0;26.3;12.7;0.0
62;2021-05-03;5071;2444;0;386779;186613;0;26.6;12.8;0.0
62;2021-05-04;5816;4955;0;392595;191568;0;27.0;13.2;0.0
62;2021-05-05;5196;4766;0;397791;196334;0;27.4;13.5;0.0
62;2021-05-06;5893;4992;0;403684;201326;0;27.8;13.9;0.0
62;2021-05-07;8361;4824;0;412045;206150;0;28.4;14.2;0.0
62;2021-05-08;11291;2514;0;423336;208664;0;29.1;14.4;0.0
62;2021-05-09;8999;1704;0;432335;210368;0;29.8;14.5;0.0
62;2021-05-10;5807;4129;0;438142;214497;0;30.2;14.8;0.0
62;2021-05-11;7108;5032;0;445250;219529;0;30.6;15.1;0.0
62;2021-05-12;9337;4714;0;454587;224243;0;31.3;15.4;0.0
62;2021-05-13;10056;1552;0;464643;225795;0;32.0;15.5;0.0
62;2021-05-14;11602;3494;0;476245;229289;0;32.8;15.8;0.0
62;2021-05-15;19351;3353;0;495596;232642;0;34.1;16.0;0.0
62;2021-05-16;16409;1444;0;512005;234086;0;35.2;16.1;0.0
62;2021-05-17;8428;2760;0;520433;236846;0;35.8;16.3;0.0
62;2021-05-18;9301;3140;0;529734;239986;0;36.5;16.5;0.0
62;2021-05-19;8841;2875;0;538575;242861;0;37.1;16.7;0.0
62;2021-05-20;8592;3914;0;547167;246775;0;37.7;17.0;0.0
62;2021-05-21;9758;4311;0;556925;251086;0;38.3;17.3;0.0
62;2021-05-22;17380;3498;0;574305;254584;0;39.5;17.5;0.0
62;2021-05-23;12433;1142;0;586738;255726;0;40.4;17.6;0.0
62;2021-05-24;5028;732;0;591766;256458;0;40.7;17.7;0.0
62;2021-05-25;7217;4041;0;598983;260499;0;41.2;17.9;0.0
62;2021-05-26;7240;4887;0;606223;265386;0;41.7;18.3;0.0
62;2021-05-27;6521;5724;0;612744;271110;0;42.2;18.7;0.0
62;2021-05-28;6795;6888;0;619539;277998;0;42.6;19.1;0.0
62;2021-05-29;10409;5515;0;629948;283513;0;43.4;19.5;0.0
62;2021-05-30;3937;950;0;633885;284463;0;43.6;19.6;0.0
62;2021-05-31;4916;4152;0;638801;288615;0;44.0;19.9;0.0
62;2021-06-01;6576;6536;0;645377;295151;0;44.4;20.3;0.0
62;2021-06-02;7478;5939;0;652855;301090;0;44.9;20.7;0.0
62;2021-06-03;7852;6102;0;660707;307192;0;45.5;21.1;0.0
62;2021-06-04;7930;6445;0;668637;313637;0;46.0;21.6;0.0
62;2021-06-05;8034;6223;0;676671;319860;0;46.6;22.0;0.0
62;2021-06-06;3113;1360;0;679784;321220;0;46.8;22.1;0.0
62;2021-06-07;4873;4073;0;684657;325293;0;47.1;22.4;0.0
62;2021-06-08;6271;6054;0;690928;331347;0;47.6;22.8;0.0
62;2021-06-09;5526;5058;0;696454;336405;0;47.9;23.2;0.0
62;2021-06-10;5198;6188;0;701652;342593;0;48.3;23.6;0.0
62;2021-06-11;6140;9194;0;707792;351787;0;48.7;24.2;0.0
62;2021-06-12;5843;8890;0;713635;360677;0;49.1;24.8;0.0
62;2021-06-13;3148;3824;0;716783;364501;0;49.3;25.1;0.0
62;2021-06-14;2801;7243;0;719584;371744;0;49.5;25.6;0.0
62;2021-06-15;4717;8783;0;724301;380527;0;49.9;26.2;0.0
62;2021-06-16;5130;7681;0;729431;388208;0;50.2;26.7;0.0
62;2021-06-17;5220;8200;0;734651;396408;0;50.6;27.3;0.0
62;2021-06-18;4849;11212;0;739500;407620;0;50.9;28.1;0.0
62;2021-06-19;5784;13971;0;745284;421591;0;51.3;29.0;0.0
62;2021-06-20;2270;4845;0;747554;426436;0;51.5;29.4;0.0
62;2021-06-21;2980;9580;0;750534;436016;0;51.7;30.0;0.0
62;2021-06-22;3525;10480;0;754059;446496;0;51.9;30.7;0.0
62;2021-06-23;3478;10755;0;757537;457251;0;52.1;31.5;0.0
62;2021-06-24;3437;11996;0;760974;469247;0;52.4;32.3;0.0
62;2021-06-25;3821;15602;0;764795;484849;0;52.6;33.4;0.0
62;2021-06-26;3652;18217;0;768447;503066;0;52.9;34.6;0.0
62;2021-06-27;1367;10155;0;769814;513221;0;53.0;35.3;0.0
62;2021-06-28;2050;9468;0;771864;522689;0;53.1;36.0;0.0
62;2021-06-29;3068;11513;0;774932;534202;0;53.3;36.8;0.0
62;2021-06-30;4074;11059;0;779006;545261;0;53.6;37.5;0.0
62;2021-07-01;4468;10609;0;783474;555870;0;53.9;38.3;0.0
62;2021-07-02;4154;12303;0;787628;568173;0;54.2;39.1;0.0
62;2021-07-03;2964;17978;0;790592;586151;0;54.4;40.3;0.0
62;2021-07-04;1581;9652;0;792173;595803;0;54.5;41.0;0.0
62;2021-07-05;2608;7613;0;794781;603416;0;54.7;41.5;0.0
62;2021-07-06;3862;10117;0;798643;613533;0;55.0;42.2;0.0
62;2021-07-07;4020;8920;0;802663;622453;0;55.3;42.8;0.0
62;2021-07-08;5164;8987;0;807827;631440;0;55.6;43.5;0.0
62;2021-07-09;4552;11081;0;812379;642521;0;55.9;44.2;0.0
62;2021-07-10;5117;11858;0;817496;654379;0;56.3;45.0;0.0
62;2021-07-11;1514;2472;0;819010;656851;0;56.4;45.2;0.0
62;2021-07-12;2502;7598;0;821512;664449;0;56.5;45.7;0.0
62;2021-07-13;5343;12018;0;826855;676467;0;56.9;46.6;0.0
62;2021-07-14;3741;3246;0;830596;679713;0;57.2;46.8;0.0
62;2021-07-15;7653;11507;0;838249;691220;0;57.7;47.6;0.0
62;2021-07-16;7925;11082;0;846174;702302;0;58.2;48.3;0.0
62;2021-07-17;9508;10456;0;855682;712758;0;58.9;49.1;0.0
62;2021-07-18;3182;3778;0;858864;716536;0;59.1;49.3;0.0
62;2021-07-19;6191;7399;0;865055;723935;0;59.5;49.8;0.0
62;2021-07-20;8180;10695;0;873235;734630;0;60.1;50.6;0.0
62;2021-07-21;9727;9451;0;882962;744081;0;60.8;51.2;0.0
62;2021-07-22;9918;8880;0;892880;752961;0;61.5;51.8;0.0
62;2021-07-23;10656;8491;0;903536;761452;0;62.2;52.4;0.0
62;2021-07-24;9924;10237;0;913460;771689;0;62.9;53.1;0.0
62;2021-07-25;5921;2055;0;919381;773744;0;63.3;53.3;0.0
62;2021-07-26;6690;5852;0;926071;779596;0;63.7;53.7;0.0
62;2021-07-27;9974;8102;0;936045;787698;0;64.4;54.2;0.0
62;2021-07-28;10550;7471;0;946595;795169;0;65.2;54.7;0.0
62;2021-07-29;11868;7545;0;958463;802714;0;66.0;55.3;0.0
62;2021-07-30;9266;6511;0;967729;809225;0;66.6;55.7;0.0
62;2021-07-31;6966;4306;0;974695;813531;0;67.1;56.0;0.0
62;2021-08-01;2782;1286;0;977477;814817;0;67.3;56.1;0.0
62;2021-08-02;6919;5054;0;984396;819871;0;67.8;56.4;0.0
62;2021-08-03;8488;7563;0;992884;827434;0;68.3;57.0;0.0
62;2021-08-04;9387;5538;0;1002271;832972;0;69.0;57.3;0.0
62;2021-08-05;8194;5781;0;1010465;838753;0;69.6;57.7;0.0
62;2021-08-06;7403;6045;0;1017868;844798;0;70.1;58.2;0.0
62;2021-08-07;5808;5491;0;1023676;850289;0;70.5;58.5;0.0
62;2021-08-08;2041;1502;0;1025717;851791;0;70.6;58.6;0.0
62;2021-08-09;5320;5391;0;1031037;857182;0;71.0;59.0;0.0
62;2021-08-10;6179;7345;0;1037216;864527;0;71.4;59.5;0.0
62;2021-08-11;5432;7398;0;1042648;871925;0;71.8;60.0;0.0
62;2021-08-12;5800;7142;0;1048448;879067;0;72.2;60.5;0.0
62;2021-08-13;4575;6264;0;1053023;885331;0;72.5;60.9;0.0
62;2021-08-14;3955;7085;0;1056978;892416;0;72.8;61.4;0.0
62;2021-08-15;1210;1357;0;1058188;893773;0;72.8;61.5;0.0
62;2021-08-16;3272;6244;0;1061460;900017;0;73.1;62.0;0.0
62;2021-08-17;4013;7210;0;1065473;907227;0;73.3;62.4;0.0
62;2021-08-18;4374;7234;0;1069847;914461;0;73.6;62.9;0.0
62;2021-08-19;4267;8465;0;1074114;922926;0;73.9;63.5;0.0
62;2021-08-20;3369;8637;0;1077483;931563;0;74.2;64.1;0.0
62;2021-08-21;2460;9716;0;1079943;941279;0;74.3;64.8;0.0
62;2021-08-22;483;3010;0;1080426;944289;0;74.4;65.0;0.0
62;2021-08-23;2727;8039;0;1083153;952328;0;74.6;65.6;0.0
62;2021-08-24;3691;10131;0;1086844;962459;0;74.8;66.2;0.0
62;2021-08-25;3470;9072;0;1090314;971531;0;75.1;66.9;0.0
62;2021-08-26;3081;9403;0;1093395;980934;0;75.3;67.5;0.0
62;2021-08-27;2594;8942;0;1095989;989876;0;75.4;68.1;0.0
62;2021-08-28;2097;8126;0;1098086;998002;0;75.6;68.7;0.0
62;2021-08-29;906;2415;0;1098992;1000417;0;75.6;68.9;0.0
62;2021-08-30;2051;7415;102;1101043;1007832;102;75.8;69.4;0.0
62;2021-08-31;2181;7805;197;1103224;1015637;299;75.9;69.9;0.0
62;2021-09-01;1867;5871;401;1105091;1021508;700;76.1;70.3;0.0
62;2021-09-02;1797;6203;449;1106888;1027711;1149;76.2;70.7;0.1
62;2021-09-03;2093;6934;614;1108981;1034645;1763;76.3;71.2;0.1
62;2021-09-04;2126;6517;405;1111107;1041162;2168;76.5;71.7;0.1
62;2021-09-05;321;1236;67;1111428;1042398;2235;76.5;71.8;0.2
62;2021-09-06;1079;3416;534;1112507;1045814;2769;76.6;72.0;0.2
62;2021-09-07;1210;3812;566;1113717;1049626;3335;76.7;72.2;0.2
62;2021-09-08;1311;4069;445;1115028;1053695;3780;76.8;72.5;0.3
62;2021-09-09;1270;4225;483;1116298;1057920;4263;76.8;72.8;0.3
62;2021-09-10;1621;4451;637;1117919;1062371;4900;77.0;73.1;0.3
62;2021-09-11;1276;3988;365;1119195;1066359;5265;77.0;73.4;0.4
62;2021-09-12;219;563;50;1119414;1066922;5315;77.1;73.4;0.4
62;2021-09-13;831;2291;608;1120245;1069213;5923;77.1;73.6;0.4
62;2021-09-14;1333;3322;1092;1121578;1072535;7015;77.2;73.8;0.5
62;2021-09-15;1349;4095;846;1122927;1076630;7861;77.3;74.1;0.5
62;2021-09-16;1361;2855;1034;1124288;1079485;8895;77.4;74.3;0.6
62;2021-09-17;1370;2485;1051;1125658;1081970;9946;77.5;74.5;0.7
62;2021-09-18;1067;2944;518;1126725;1084914;10464;77.6;74.7;0.7
62;2021-09-19;137;475;52;1126862;1085389;10516;77.6;74.7;0.7
62;2021-09-20;610;1536;855;1127472;1086925;11371;77.6;74.8;0.8
62;2021-09-21;903;2406;915;1128375;1089331;12286;77.7;75.0;0.8
62;2021-09-22;785;2607;896;1129160;1091938;13182;77.7;75.2;0.9
62;2021-09-23;713;1771;1486;1129873;1093709;14668;77.8;75.3;1.0
62;2021-09-24;772;1998;936;1130645;1095707;15604;77.8;75.4;1.1
62;2021-09-25;696;2676;655;1131341;1098383;16259;77.9;75.6;1.1
62;2021-09-26;85;329;58;1131426;1098712;16317;77.9;75.6;1.1
62;2021-09-27;353;1133;635;1131779;1099845;16952;77.9;75.7;1.2
62;2021-09-28;582;1676;985;1132361;1101521;17937;77.9;75.8;1.2
62;2021-09-29;723;1875;992;1133084;1103396;18929;78.0;76.0;1.3
62;2021-09-30;432;994;832;1133516;1104390;19761;78.0;76.0;1.4
62;2021-10-01;786;1688;1055;1134302;1106078;20816;78.1;76.1;1.4
62;2021-10-02;732;1558;817;1135034;1107636;21633;78.1;76.2;1.5
62;2021-10-03;94;251;76;1135128;1107887;21709;78.1;76.3;1.5
62;2021-10-04;450;821;1123;1135578;1108708;22832;78.2;76.3;1.6
62;2021-10-05;651;1443;1716;1136229;1110151;24548;78.2;76.4;1.7
62;2021-10-06;610;1260;1198;1136839;1111411;25746;78.3;76.5;1.8
62;2021-10-07;508;1185;1383;1137347;1112596;27129;78.3;76.6;1.9
62;2021-10-08;760;1573;1721;1138107;1114169;28850;78.3;76.7;2.0
62;2021-10-09;644;1375;1515;1138751;1115544;30365;78.4;76.8;2.1
62;2021-10-10;76;203;193;1138827;1115747;30558;78.4;76.8;2.1
62;2021-10-11;376;709;1273;1139203;1116456;31831;78.4;76.8;2.2
62;2021-10-12;501;1302;2454;1139704;1117758;34285;78.4;76.9;2.4
62;2021-10-13;576;930;1666;1140280;1118688;35951;78.5;77.0;2.5
62;2021-10-14;410;737;1397;1140690;1119425;37348;78.5;77.1;2.6
62;2021-10-15;685;1129;2310;1141375;1120554;39658;78.6;77.1;2.7
62;2021-10-16;539;790;1694;1141914;1121344;41352;78.6;77.2;2.8
62;2021-10-17;57;80;165;1141971;1121424;41517;78.6;77.2;2.9
62;2021-10-18;386;542;1818;1142357;1121966;43335;78.6;77.2;3.0
62;2021-10-19;546;841;2940;1142903;1122807;46275;78.7;77.3;3.2
62;2021-10-20;495;724;2190;1143398;1123531;48465;78.7;77.3;3.3
62;2021-10-21;420;544;2217;1143818;1124075;50682;78.7;77.4;3.5
62;2021-10-22;611;980;2817;1144429;1125055;53499;78.8;77.4;3.7
62;2021-10-23;509;754;2281;1144938;1125809;55780;78.8;77.5;3.8
62;2021-10-24;25;53;152;1144963;1125862;55932;78.8;77.5;3.9
62;2021-10-25;430;484;2148;1145393;1126346;58080;78.8;77.5;4.0
62;2021-10-26;472;662;3070;1145865;1127008;61150;78.9;77.6;4.2
62;2021-10-27;409;597;2290;1146274;1127605;63440;78.9;77.6;4.4
62;2021-10-28;407;470;2245;1146681;1128075;65685;78.9;77.6;4.5
62;2021-10-29;507;742;3039;1147188;1128817;68724;79.0;77.7;4.7
62;2021-10-30;368;648;2568;1147556;1129465;71292;79.0;77.7;4.9
62;2021-10-31;25;33;134;1147581;1129498;71426;79.0;77.7;4.9
62;2021-11-01;34;27;78;1147615;1129525;71504;79.0;77.7;4.9
62;2021-11-02;489;703;3333;1148104;1130228;74837;79.0;77.8;5.2
62;2021-11-03;442;638;2769;1148546;1130866;77606;79.1;77.8;5.3
62;2021-11-04;398;423;2461;1148944;1131289;80067;79.1;77.9;5.5
62;2021-11-05;471;633;3313;1149415;1131922;83380;79.1;77.9;5.7
62;2021-11-06;481;643;3114;1149896;1132565;86494;79.2;78.0;6.0
62;2021-11-07;104;116;468;1150000;1132681;86962;79.2;78.0;6.0
62;2021-11-08;302;422;2721;1150302;1133103;89683;79.2;78.0;6.2
62;2021-11-09;445;551;4680;1150747;1133654;94363;79.2;78.0;6.5
62;2021-11-10;539;727;4295;1151286;1134381;98658;79.2;78.1;6.8
62;2021-11-11;16;27;133;1151302;1134408;98791;79.2;78.1;6.8
62;2021-11-12;533;752;4667;1151835;1135160;103458;79.3;78.1;7.1
62;2021-11-13;390;551;2782;1152225;1135711;106240;79.3;78.2;7.3
62;2021-11-14;35;48;249;1152260;1135759;106489;79.3;78.2;7.3
62;2021-11-15;367;407;3616;1152627;1136166;110105;79.3;78.2;7.6
62;2021-11-16;342;430;4353;1152969;1136596;114458;79.4;78.2;7.9
62;2021-11-17;552;573;4666;1153521;1137169;119124;79.4;78.3;8.2
62;2021-11-18;433;605;5026;1153954;1137774;124150;79.4;78.3;8.5
62;2021-11-19;698;678;5867;1154652;1138452;130017;79.5;78.4;8.9
62;2021-11-20;516;569;3820;1155168;1139021;133837;79.5;78.4;9.2
62;2021-11-21;25;68;425;1155193;1139089;134262;79.5;78.4;9.2
62;2021-11-22;420;258;3755;1155613;1139347;138017;79.5;78.4;9.5
62;2021-11-23;432;389;5010;1156045;1139736;143027;79.6;78.5;9.8
62;2021-11-24;480;458;4039;1156525;1140194;147066;79.6;78.5;10.1
62;2021-11-25;508;432;6412;1157033;1140626;153478;79.6;78.5;10.6
62;2021-11-26;635;604;9789;1157668;1141230;163267;79.7;78.6;11.2
62;2021-11-27;404;506;7101;1158072;1141736;170368;79.7;78.6;11.7
62;2021-11-28;44;64;1428;1158116;1141800;171796;79.7;78.6;11.8
62;2021-11-29;287;332;7994;1158403;1142132;179790;79.7;78.6;12.4
62;2021-11-30;421;460;11787;1158824;1142592;191577;79.8;78.6;13.2
62;2021-12-01;346;483;11957;1159170;1143075;203534;79.8;78.7;14.0
62;2021-12-02;342;271;12898;1159512;1143346;216432;79.8;78.7;14.9
62;2021-12-03;429;655;15721;1159941;1144001;232153;79.8;78.7;16.0
62;2021-12-04;371;514;13188;1160312;1144515;245341;79.9;78.8;16.9
62;2021-12-05;66;61;4863;1160378;1144576;250204;79.9;78.8;17.2
62;2021-12-06;294;382;13451;1160672;1144958;263655;79.9;78.8;18.1
62;2021-12-07;316;406;16535;1160988;1145364;280190;79.9;78.8;19.3
62;2021-12-08;380;583;14385;1161368;1145947;294575;79.9;78.9;20.3
62;2021-12-09;417;464;17488;1161785;1146411;312063;80.0;78.9;21.5
62;2021-12-10;458;653;19546;1162243;1147064;331609;80.0;79.0;22.8
62;2021-12-11;387;563;17464;1162630;1147627;349073;80.0;79.0;24.0
62;2021-12-12;119;100;6380;1162749;1147727;355453;80.0;79.0;24.5
62;2021-12-13;352;436;16044;1163101;1148163;371497;80.1;79.0;25.6
62;2021-12-14;411;463;18853;1163512;1148626;390350;80.1;79.1;26.9
62;2021-12-15;353;544;16896;1163865;1149170;407246;80.1;79.1;28.0
62;2021-12-16;477;524;19466;1164342;1149694;426712;80.1;79.1;29.4
62;2021-12-17;429;664;20054;1164771;1150358;446766;80.2;79.2;30.8
62;2021-12-18;504;493;18417;1165275;1150851;465183;80.2;79.2;32.0
62;2021-12-19;193;142;6650;1165468;1150993;471833;80.2;79.2;32.5
62;2021-12-20;498;415;15313;1165966;1151408;487146;80.3;79.3;33.5
62;2021-12-21;532;519;16824;1166498;1151927;503970;80.3;79.3;34.7
62;2021-12-22;543;455;13640;1167041;1152382;517610;80.3;79.3;35.6
62;2021-12-23;512;321;10638;1167553;1152703;528248;80.4;79.3;36.4
62;2021-12-24;103;90;1721;1167656;1152793;529969;80.4;79.4;36.5
62;2021-12-25;13;21;77;1167669;1152814;530046;80.4;79.4;36.5
62;2021-12-26;135;41;1588;1167804;1152855;531634;80.4;79.4;36.6
63;2020-12-27;0;0;0;0;0;0;0.0;0.0;0.0
63;2020-12-28;0;0;0;0;0;0;0.0;0.0;0.0
63;2020-12-29;0;0;0;0;0;0;0.0;0.0;0.0
63;2020-12-30;0;0;0;0;0;0;0.0;0.0;0.0
63;2020-12-31;1;1;0;1;1;0;0.0;0.0;0.0
63;2021-01-01;1;0;0;2;1;0;0.0;0.0;0.0
63;2021-01-02;0;0;0;2;1;0;0.0;0.0;0.0
63;2021-01-03;0;0;0;2;1;0;0.0;0.0;0.0
63;2021-01-04;0;0;0;2;1;0;0.0;0.0;0.0
63;2021-01-05;1;0;0;3;1;0;0.0;0.0;0.0
63;2021-01-06;5;1;0;8;2;0;0.0;0.0;0.0
63;2021-01-07;303;1;0;311;3;0;0.0;0.0;0.0
63;2021-01-08;216;5;0;527;8;0;0.1;0.0;0.0
63;2021-01-09;101;0;0;628;8;0;0.1;0.0;0.0
63;2021-01-10;82;0;0;710;8;0;0.1;0.0;0.0
63;2021-01-11;435;4;0;1145;12;0;0.2;0.0;0.0
63;2021-01-12;663;1;0;1808;13;0;0.3;0.0;0.0
63;2021-01-13;785;8;0;2593;21;0;0.4;0.0;0.0
63;2021-01-14;548;8;0;3141;29;0;0.5;0.0;0.0
63;2021-01-15;428;6;0;3569;35;0;0.5;0.0;0.0
63;2021-01-16;168;0;0;3737;35;0;0.6;0.0;0.0
63;2021-01-17;140;0;0;3877;35;0;0.6;0.0;0.0
63;2021-01-18;655;3;0;4532;38;0;0.7;0.0;0.0
63;2021-01-19;873;2;0;5405;40;0;0.8;0.0;0.0
63;2021-01-20;1127;12;0;6532;52;0;1.0;0.0;0.0
63;2021-01-21;1088;5;0;7620;57;0;1.2;0.0;0.0
63;2021-01-22;1040;5;0;8660;62;0;1.3;0.0;0.0
63;2021-01-23;200;0;0;8860;62;0;1.3;0.0;0.0
63;2021-01-24;165;2;0;9025;64;0;1.4;0.0;0.0
63;2021-01-25;893;4;0;9918;68;0;1.5;0.0;0.0
63;2021-01-26;971;3;0;10889;71;0;1.6;0.0;0.0
63;2021-01-27;1058;6;0;11947;77;0;1.8;0.0;0.0
63;2021-01-28;1370;70;0;13317;147;0;2.0;0.0;0.0
63;2021-01-29;1200;73;0;14517;220;0;2.2;0.0;0.0
63;2021-01-30;98;2;0;14615;222;0;2.2;0.0;0.0
63;2021-01-31;9;0;0;14624;222;0;2.2;0.0;0.0
63;2021-02-01;656;188;0;15280;410;0;2.3;0.1;0.0
63;2021-02-02;919;256;0;16199;666;0;2.5;0.1;0.0
63;2021-02-03;1598;317;0;17797;983;0;2.7;0.1;0.0
63;2021-02-04;2111;508;0;19908;1491;0;3.0;0.2;0.0
63;2021-02-05;1240;287;0;21148;1778;0;3.2;0.3;0.0
63;2021-02-06;121;5;0;21269;1783;0;3.2;0.3;0.0
63;2021-02-07;11;3;0;21280;1786;0;3.2;0.3;0.0
63;2021-02-08;549;405;0;21829;2191;0;3.3;0.3;0.0
63;2021-02-09;712;436;0;22541;2627;0;3.4;0.4;0.0
63;2021-02-10;642;587;0;23183;3214;0;3.5;0.5;0.0
63;2021-02-11;843;505;0;24026;3719;0;3.6;0.6;0.0
63;2021-02-12;846;820;0;24872;4539;0;3.8;0.7;0.0
63;2021-02-13;115;2;0;24987;4541;0;3.8;0.7;0.0
63;2021-02-14;2;61;0;24989;4602;0;3.8;0.7;0.0
63;2021-02-15;222;852;0;25211;5454;0;3.8;0.8;0.0
63;2021-02-16;426;1168;0;25637;6622;0;3.9;1.0;0.0
63;2021-02-17;405;921;0;26042;7543;0;3.9;1.1;0.0
63;2021-02-18;641;902;0;26683;8445;0;4.0;1.3;0.0
63;2021-02-19;480;1025;0;27163;9470;0;4.1;1.4;0.0
63;2021-02-20;47;40;0;27210;9510;0;4.1;1.4;0.0
63;2021-02-21;3;19;0;27213;9529;0;4.1;1.4;0.0
63;2021-02-22;276;943;0;27489;10472;0;4.2;1.6;0.0
63;2021-02-23;587;1150;0;28076;11622;0;4.3;1.8;0.0
63;2021-02-24;708;1414;0;28784;13036;0;4.4;2.0;0.0
63;2021-02-25;1598;1696;0;30382;14732;0;4.6;2.2;0.0
63;2021-02-26;1640;1417;0;32022;16149;0;4.9;2.4;0.0
63;2021-02-27;633;82;0;32655;16231;0;4.9;2.5;0.0
63;2021-02-28;6;170;0;32661;16401;0;4.9;2.5;0.0
63;2021-03-01;593;546;0;33254;16947;0;5.0;2.6;0.0
63;2021-03-02;965;825;0;34219;17772;0;5.2;2.7;0.0
63;2021-03-03;1077;742;0;35296;18514;0;5.3;2.8;0.0
63;2021-03-04;1794;531;0;37090;19045;0;5.6;2.9;0.0
63;2021-03-05;2653;728;0;39743;19773;0;6.0;3.0;0.0
63;2021-03-06;1576;56;0;41319;19829;0;6.3;3.0;0.0
63;2021-03-07;506;21;0;41825;19850;0;6.3;3.0;0.0
63;2021-03-08;1004;684;0;42829;20534;0;6.5;3.1;0.0
63;2021-03-09;1607;1062;0;44436;21596;0;6.7;3.3;0.0
63;2021-03-10;1683;665;0;46119;22261;0;7.0;3.4;0.0
63;2021-03-11;3134;944;0;49253;23205;0;7.5;3.5;0.0
63;2021-03-12;3581;431;0;52834;23636;0;8.0;3.6;0.0
63;2021-03-13;2101;92;0;54935;23728;0;8.3;3.6;0.0
63;2021-03-14;73;25;0;55008;23753;0;8.3;3.6;0.0
63;2021-03-15;1735;364;0;56743;24117;0;8.6;3.7;0.0
63;2021-03-16;1747;424;0;58490;24541;0;8.9;3.7;0.0
63;2021-03-17;1685;730;0;60175;25271;0;9.1;3.8;0.0
63;2021-03-18;1978;751;0;62153;26022;0;9.4;3.9;0.0
63;2021-03-19;2820;547;0;64973;26569;0;9.8;4.0;0.0
63;2021-03-20;1131;76;0;66104;26645;0;10.0;4.0;0.0
63;2021-03-21;57;42;0;66161;26687;0;10.0;4.0;0.0
63;2021-03-22;2025;261;0;68186;26948;0;10.3;4.1;0.0
63;2021-03-23;3004;369;0;71190;27317;0;10.8;4.1;0.0
63;2021-03-24;3245;364;0;74435;27681;0;11.3;4.2;0.0
63;2021-03-25;4664;439;0;79099;28120;0;12.0;4.3;0.0
63;2021-03-26;4603;590;0;83702;28710;0;12.7;4.3;0.0
63;2021-03-27;2440;232;0;86142;28942;0;13.0;4.4;0.0
63;2021-03-28;1021;75;0;87163;29017;0;13.2;4.4;0.0
63;2021-03-29;2519;523;0;89682;29540;0;13.6;4.5;0.0
63;2021-03-30;3334;663;0;93016;30203;0;14.1;4.6;0.0
63;2021-03-31;3023;809;0;96039;31012;0;14.5;4.7;0.0
63;2021-04-01;3877;595;0;99916;31607;0;15.1;4.8;0.0
63;2021-04-02;3460;722;0;103376;32329;0;15.7;4.9;0.0
63;2021-04-03;1163;188;0;104539;32517;0;15.8;4.9;0.0
63;2021-04-04;835;31;0;105374;32548;0;16.0;4.9;0.0
63;2021-04-05;773;82;0;106147;32630;0;16.1;4.9;0.0
63;2021-04-06;2473;1007;0;108620;33637;0;16.5;5.1;0.0
63;2021-04-07;3252;899;0;111872;34536;0;16.9;5.2;0.0
63;2021-04-08;4733;1248;0;116605;35784;0;17.7;5.4;0.0
63;2021-04-09;5404;1095;0;122009;36879;0;18.5;5.6;0.0
63;2021-04-10;2307;503;0;124316;37382;0;18.8;5.7;0.0
63;2021-04-11;938;50;0;125254;37432;0;19.0;5.7;0.0
63;2021-04-12;1634;1329;0;126888;38761;0;19.2;5.9;0.0
63;2021-04-13;2052;1996;0;128940;40757;0;19.5;6.2;0.0
63;2021-04-14;2765;1504;0;131705;42261;0;19.9;6.4;0.0
63;2021-04-15;3859;1613;0;135564;43874;0;20.5;6.6;0.0
63;2021-04-16;2979;2161;0;138543;46035;0;21.0;7.0;0.0
63;2021-04-17;1288;698;0;139831;46733;0;21.2;7.1;0.0
63;2021-04-18;772;69;0;140603;46802;0;21.3;7.1;0.0
63;2021-04-19;1728;2109;0;142331;48911;0;21.6;7.4;0.0
63;2021-04-20;1804;2345;0;144135;51256;0;21.8;7.8;0.0
63;2021-04-21;1558;2454;0;145693;53710;0;22.1;8.1;0.0
63;2021-04-22;2044;2362;0;147737;56072;0;22.4;8.5;0.0
63;2021-04-23;2094;3080;0;149831;59152;0;22.7;9.0;0.0
63;2021-04-24;1202;1178;0;151033;60330;0;22.9;9.1;0.0
63;2021-04-25;534;409;0;151567;60739;0;23.0;9.2;0.0
63;2021-04-26;1528;2258;0;153095;62997;0;23.2;9.5;0.0
63;2021-04-27;2406;2610;0;155501;65607;0;23.6;9.9;0.0
63;2021-04-28;2427;3156;0;157928;68763;0;23.9;10.4;0.0
63;2021-04-29;3011;2946;0;160939;71709;0;24.4;10.9;0.0
63;2021-04-30;3062;2782;0;164001;74491;0;24.8;11.3;0.0
63;2021-05-01;1190;1008;0;165191;75499;0;25.0;11.4;0.0
63;2021-05-02;869;626;0;166060;76125;0;25.2;11.5;0.0
63;2021-05-03;2788;2271;0;168848;78396;0;25.6;11.9;0.0
63;2021-05-04;3044;2723;0;171892;81119;0;26.0;12.3;0.0
63;2021-05-05;3050;3142;0;174942;84261;0;26.5;12.8;0.0
63;2021-05-06;3846;3152;0;178788;87413;0;27.1;13.2;0.0
63;2021-05-07;4291;3659;0;183079;91072;0;27.7;13.8;0.0
63;2021-05-08;2153;721;0;185232;91793;0;28.1;13.9;0.0
63;2021-05-09;1780;765;0;187012;92558;0;28.3;14.0;0.0
63;2021-05-10;4343;2791;0;191355;95349;0;29.0;14.4;0.0
63;2021-05-11;5575;2822;0;196930;98171;0;29.8;14.9;0.0
63;2021-05-12;5398;2958;0;202328;101129;0;30.6;15.3;0.0
63;2021-05-13;4443;719;0;206771;101848;0;31.3;15.4;0.0
63;2021-05-14;4959;1620;0;211730;103468;0;32.1;15.7;0.0
63;2021-05-15;3738;1014;0;215468;104482;0;32.6;15.8;0.0
63;2021-05-16;3413;441;0;218881;104923;0;33.2;15.9;0.0
63;2021-05-17;3967;2007;0;222848;106930;0;33.8;16.2;0.0
63;2021-05-18;5230;1685;0;228078;108615;0;34.5;16.5;0.0
63;2021-05-19;5398;1691;0;233476;110306;0;35.4;16.7;0.0
63;2021-05-20;6839;2177;0;240315;112483;0;36.4;17.0;0.0
63;2021-05-21;6439;2318;0;246754;114801;0;37.4;17.4;0.0
63;2021-05-22;3437;848;0;250191;115649;0;37.9;17.5;0.0
63;2021-05-23;2320;233;0;252511;115882;0;38.2;17.6;0.0
63;2021-05-24;2887;603;0;255398;116485;0;38.7;17.6;0.0
63;2021-05-25;4320;2633;0;259718;119118;0;39.3;18.0;0.0
63;2021-05-26;5480;2425;0;265198;121543;0;40.2;18.4;0.0
63;2021-05-27;6466;2793;0;271664;124336;0;41.1;18.8;0.0
63;2021-05-28;5721;3897;0;277385;128233;0;42.0;19.4;0.0
63;2021-05-29;3366;1521;0;280751;129754;0;42.5;19.7;0.0
63;2021-05-30;1498;215;0;282249;129969;0;42.7;19.7;0.0
63;2021-05-31;4007;2312;0;286256;132281;0;43.4;20.0;0.0
63;2021-06-01;3903;3055;0;290159;135336;0;43.9;20.5;0.0
63;2021-06-02;3965;2557;0;294124;137893;0;44.5;20.9;0.0
63;2021-06-03;4904;3311;0;299028;141204;0;45.3;21.4;0.0
63;2021-06-04;5088;3687;0;304116;144891;0;46.1;21.9;0.0
63;2021-06-05;2784;1727;0;306900;146618;0;46.5;22.2;0.0
63;2021-06-06;1241;688;0;308141;147306;0;46.7;22.3;0.0
63;2021-06-07;3180;2602;0;311321;149908;0;47.2;22.7;0.0
63;2021-06-08;2974;2808;0;314295;152716;0;47.6;23.1;0.0
63;2021-06-09;3147;2359;0;317442;155075;0;48.1;23.5;0.0
63;2021-06-10;3289;2800;0;320731;157875;0;48.6;23.9;0.0
63;2021-06-11;3116;4228;0;323847;162103;0;49.0;24.6;0.0
63;2021-06-12;1692;1972;0;325539;164075;0;49.3;24.9;0.0
63;2021-06-13;466;1080;0;326005;165155;0;49.4;25.0;0.0
63;2021-06-14;1819;3545;0;327824;168700;0;49.7;25.6;0.0
63;2021-06-15;2339;3679;0;330163;172379;0;50.0;26.1;0.0
63;2021-06-16;2602;3421;0;332765;175800;0;50.4;26.6;0.0
63;2021-06-17;2480;4483;0;335245;180283;0;50.8;27.3;0.0
63;2021-06-18;2567;5991;0;337812;186274;0;51.2;28.2;0.0
63;2021-06-19;1681;3022;0;339493;189296;0;51.4;28.7;0.0
63;2021-06-20;648;2358;0;340141;191654;0;51.5;29.0;0.0
63;2021-06-21;1285;5540;0;341426;197194;0;51.7;29.9;0.0
63;2021-06-22;1356;5798;0;342782;202992;0;51.9;30.7;0.0
63;2021-06-23;1578;5014;0;344360;208006;0;52.2;31.5;0.0
63;2021-06-24;2008;5514;0;346368;213520;0;52.5;32.3;0.0
63;2021-06-25;1793;6164;0;348161;219684;0;52.7;33.3;0.0
63;2021-06-26;1077;3400;0;349238;223084;0;52.9;33.8;0.0
63;2021-06-27;686;3363;0;349924;226447;0;53.0;34.3;0.0
63;2021-06-28;1163;5645;0;351087;232092;0;53.2;35.2;0.0
63;2021-06-29;1282;5330;0;352369;237422;0;53.4;36.0;0.0
63;2021-06-30;1667;5533;0;354036;242955;0;53.6;36.8;0.0
63;2021-07-01;1970;7979;0;356006;250934;0;53.9;38.0;0.0
63;2021-07-02;2181;6699;0;358187;257633;0;54.3;39.0;0.0
63;2021-07-03;962;3009;0;359149;260642;0;54.4;39.5;0.0
63;2021-07-04;1013;1874;0;360162;262516;0;54.6;39.8;0.0
63;2021-07-05;1559;6340;0;361721;268856;0;54.8;40.7;0.0
63;2021-07-06;1644;4974;0;363365;273830;0;55.0;41.5;0.0
63;2021-07-07;1954;4317;0;365319;278147;0;55.3;42.1;0.0
63;2021-07-08;2243;4757;0;367562;282904;0;55.7;42.8;0.0
63;2021-07-09;1995;5948;0;369557;288852;0;56.0;43.7;0.0
63;2021-07-10;1542;3615;0;371099;292467;0;56.2;44.3;0.0
63;2021-07-11;864;1488;0;371963;293955;0;56.3;44.5;0.0
63;2021-07-12;1597;8293;0;373560;302248;0;56.6;45.8;0.0
63;2021-07-13;3609;6206;0;377169;308454;0;57.1;46.7;0.0
63;2021-07-14;3383;1730;0;380552;310184;0;57.6;47.0;0.0
63;2021-07-15;4312;5144;0;384864;315328;0;58.3;47.8;0.0
63;2021-07-16;4638;5794;0;389502;321122;0;59.0;48.6;0.0
63;2021-07-17;2885;2568;0;392387;323690;0;59.4;49.0;0.0
63;2021-07-18;2632;1091;0;395019;324781;0;59.8;49.2;0.0
63;2021-07-19;3909;4787;0;398928;329568;0;60.4;49.9;0.0
63;2021-07-20;4642;5426;0;403570;334994;0;61.1;50.7;0.0
63;2021-07-21;4661;4069;0;408231;339063;0;61.8;51.4;0.0
63;2021-07-22;5287;4407;0;413518;343470;0;62.6;52.0;0.0
63;2021-07-23;5060;4598;0;418578;348068;0;63.4;52.7;0.0
63;2021-07-24;3394;2010;0;421972;350078;0;63.9;53.0;0.0
63;2021-07-25;2692;1308;0;424664;351386;0;64.3;53.2;0.0
63;2021-07-26;3838;3243;0;428502;354629;0;64.9;53.7;0.0
63;2021-07-27;3897;3214;0;432399;357843;0;65.5;54.2;0.0
63;2021-07-28;3784;2738;0;436183;360581;0;66.1;54.6;0.0
63;2021-07-29;4372;3199;0;440555;363780;0;66.7;55.1;0.0
63;2021-07-30;3823;3602;0;444378;367382;0;67.3;55.6;0.0
63;2021-07-31;2162;1832;0;446540;369214;0;67.6;55.9;0.0
63;2021-08-01;1060;793;0;447600;370007;0;67.8;56.0;0.0
63;2021-08-02;2265;2964;0;449865;372971;0;68.1;56.5;0.0
63;2021-08-03;2758;3334;0;452623;376305;0;68.6;57.0;0.0
63;2021-08-04;2831;3180;1;455454;379485;1;69.0;57.5;0.0
63;2021-08-05;2401;3501;0;457855;382986;1;69.3;58.0;0.0
63;2021-08-06;2314;4022;0;460169;387008;1;69.7;58.6;0.0
63;2021-08-07;1272;2723;0;461441;389731;1;69.9;59.0;0.0
63;2021-08-08;335;1170;0;461776;390901;1;69.9;59.2;0.0
63;2021-08-09;1775;4094;0;463551;394995;1;70.2;59.8;0.0
63;2021-08-10;2218;4007;0;465769;399002;1;70.5;60.4;0.0
63;2021-08-11;2045;3651;0;467814;402653;1;70.9;61.0;0.0
63;2021-08-12;1801;4606;0;469615;407259;1;71.1;61.7;0.0
63;2021-08-13;1671;3906;0;471286;411165;1;71.4;62.3;0.0
63;2021-08-14;839;3017;0;472125;414182;1;71.5;62.7;0.0
63;2021-08-15;181;1346;0;472306;415528;1;71.5;62.9;0.0
63;2021-08-16;1137;4302;0;473443;419830;1;71.7;63.6;0.0
63;2021-08-17;1624;4034;0;475067;423864;1;72.0;64.2;0.0
63;2021-08-18;1399;3312;0;476466;427176;1;72.2;64.7;0.0
63;2021-08-19;1316;3508;0;477782;430684;1;72.4;65.2;0.0
63;2021-08-20;1328;3599;0;479110;434283;1;72.6;65.8;0.0
63;2021-08-21;670;2072;0;479780;436355;1;72.7;66.1;0.0
63;2021-08-22;214;1039;0;479994;437394;1;72.7;66.2;0.0
63;2021-08-23;1009;3505;0;481003;440899;1;72.9;66.8;0.0
63;2021-08-24;1066;3046;0;482069;443945;1;73.0;67.2;0.0
63;2021-08-25;1039;2921;0;483108;446866;1;73.2;67.7;0.0
63;2021-08-26;1105;2690;0;484213;449556;1;73.3;68.1;0.0
63;2021-08-27;1094;3261;0;485307;452817;1;73.5;68.6;0.0
63;2021-08-28;675;1683;0;485982;454500;1;73.6;68.8;0.0
63;2021-08-29;108;581;0;486090;455081;1;73.6;68.9;0.0
63;2021-08-30;763;2396;54;486853;457477;55;73.7;69.3;0.0
63;2021-08-31;972;2501;100;487825;459978;155;73.9;69.7;0.0
63;2021-09-01;956;1820;266;488781;461798;421;74.0;69.9;0.1
63;2021-09-02;825;1810;320;489606;463608;741;74.2;70.2;0.1
63;2021-09-03;909;2263;404;490515;465871;1145;74.3;70.6;0.2
63;2021-09-04;661;1398;130;491176;467269;1275;74.4;70.8;0.2
63;2021-09-05;76;201;14;491252;467470;1289;74.4;70.8;0.2
63;2021-09-06;522;1155;384;491774;468625;1673;74.5;71.0;0.3
63;2021-09-07;639;1398;381;492413;470023;2054;74.6;71.2;0.3
63;2021-09-08;679;1442;285;493092;471465;2339;74.7;71.4;0.4
63;2021-09-09;606;1173;354;493698;472638;2693;74.8;71.6;0.4
63;2021-09-10;749;1608;477;494447;474246;3170;74.9;71.8;0.5
63;2021-09-11;461;1024;128;494908;475270;3298;75.0;72.0;0.5
63;2021-09-12;50;159;13;494958;475429;3311;75.0;72.0;0.5
63;2021-09-13;431;875;500;495389;476304;3811;75.0;72.1;0.6
63;2021-09-14;537;833;632;495926;477137;4443;75.1;72.3;0.7
63;2021-09-15;550;1230;392;496476;478367;4835;75.2;72.5;0.7
63;2021-09-16;459;877;565;496935;479244;5400;75.3;72.6;0.8
63;2021-09-17;451;1189;579;497386;480433;5979;75.3;72.8;0.9
63;2021-09-18;299;953;124;497685;481386;6103;75.4;72.9;0.9
63;2021-09-19;41;109;9;497726;481495;6112;75.4;72.9;0.9
63;2021-09-20;337;667;552;498063;482162;6664;75.4;73.0;1.0
63;2021-09-21;401;687;687;498464;482849;7351;75.5;73.1;1.1
63;2021-09-22;376;1098;383;498840;483947;7734;75.6;73.3;1.2
63;2021-09-23;274;650;561;499114;484597;8295;75.6;73.4;1.3
63;2021-09-24;467;1101;527;499581;485698;8822;75.7;73.6;1.3
63;2021-09-25;233;750;140;499814;486448;8962;75.7;73.7;1.4
63;2021-09-26;26;97;6;499840;486545;8968;75.7;73.7;1.4
63;2021-09-27;298;588;490;500138;487133;9458;75.8;73.8;1.4
63;2021-09-28;274;580;580;500412;487713;10038;75.8;73.9;1.5
63;2021-09-29;310;737;692;500722;488450;10730;75.8;74.0;1.6
63;2021-09-30;270;637;718;500992;489087;11448;75.9;74.1;1.7
63;2021-10-01;476;851;627;501468;489938;12075;76.0;74.2;1.8
63;2021-10-02;254;514;150;501722;490452;12225;76.0;74.3;1.9
63;2021-10-03;33;75;12;501755;490527;12237;76.0;74.3;1.9
63;2021-10-04;200;381;423;501955;490908;12660;76.0;74.4;1.9
63;2021-10-05;283;479;624;502238;491387;13284;76.1;74.4;2.0
63;2021-10-06;340;606;580;502578;491993;13864;76.1;74.5;2.1
63;2021-10-07;239;452;763;502817;492445;14627;76.2;74.6;2.2
63;2021-10-08;369;683;869;503186;493128;15496;76.2;74.7;2.3
63;2021-10-09;218;382;254;503404;493510;15750;76.2;74.7;2.4
63;2021-10-10;25;45;14;503429;493555;15764;76.2;74.8;2.4
63;2021-10-11;195;415;690;503624;493970;16454;76.3;74.8;2.5
63;2021-10-12;209;406;755;503833;494376;17209;76.3;74.9;2.6
63;2021-10-13;288;418;789;504121;494794;17998;76.4;74.9;2.7
63;2021-10-14;245;361;851;504366;495155;18849;76.4;75.0;2.9
63;2021-10-15;370;637;1230;504736;495792;20079;76.4;75.1;3.0
63;2021-10-16;207;308;233;504943;496100;20312;76.5;75.1;3.1
63;2021-10-17;23;41;11;504966;496141;20323;76.5;75.1;3.1
63;2021-10-18;194;380;786;505160;496521;21109;76.5;75.2;3.2
63;2021-10-19;129;246;832;505289;496767;21941;76.5;75.2;3.3
63;2021-10-20;170;346;1057;505459;497113;22998;76.6;75.3;3.5
63;2021-10-21;107;341;997;505566;497454;23995;76.6;75.3;3.6
63;2021-10-22;170;496;1334;505736;497950;25329;76.6;75.4;3.8
63;2021-10-23;81;228;335;505817;498178;25664;76.6;75.5;3.9
63;2021-10-24;15;31;21;505832;498209;25685;76.6;75.5;3.9
63;2021-10-25;122;225;981;505954;498434;26666;76.6;75.5;4.0
63;2021-10-26;110;192;1094;506064;498626;27760;76.6;75.5;4.2
63;2021-10-27;115;285;1200;506179;498911;28960;76.7;75.6;4.4
63;2021-10-28;107;285;1175;506286;499196;30135;76.7;75.6;4.6
63;2021-10-29;130;324;1350;506416;499520;31485;76.7;75.7;4.8
63;2021-10-30;54;157;323;506470;499677;31808;76.7;75.7;4.8
63;2021-10-31;4;14;30;506474;499691;31838;76.7;75.7;4.8
63;2021-11-01;29;33;146;506503;499724;31984;76.7;75.7;4.8
63;2021-11-02;126;243;1489;506629;499967;33473;76.7;75.7;5.1
63;2021-11-03;112;272;1257;506741;500239;34730;76.8;75.8;5.3
63;2021-11-04;125;199;1511;506866;500438;36241;76.8;75.8;5.5
63;2021-11-05;151;344;1951;507017;500782;38192;76.8;75.8;5.8
63;2021-11-06;67;187;646;507084;500969;38838;76.8;75.9;5.9
63;2021-11-07;9;30;33;507093;500999;38871;76.8;75.9;5.9
63;2021-11-08;90;215;1710;507183;501214;40581;76.8;75.9;6.1
63;2021-11-09;93;189;2022;507276;501403;42603;76.8;75.9;6.5
63;2021-11-10;145;236;2009;507421;501639;44612;76.9;76.0;6.8
63;2021-11-11;38;34;396;507459;501673;45008;76.9;76.0;6.8
63;2021-11-12;149;207;2077;507608;501880;47085;76.9;76.0;7.1
63;2021-11-13;79;110;756;507687;501990;47841;76.9;76.0;7.2
63;2021-11-14;6;18;65;507693;502008;47906;76.9;76.0;7.3
63;2021-11-15;88;134;2349;507781;502142;50255;76.9;76.1;7.6
63;2021-11-16;106;135;2603;507887;502277;52858;76.9;76.1;8.0
63;2021-11-17;157;191;2344;508044;502468;55202;76.9;76.1;8.4
63;2021-11-18;105;127;2338;508149;502595;57540;77.0;76.1;8.7
63;2021-11-19;173;195;2916;508322;502790;60456;77.0;76.2;9.2
63;2021-11-20;89;103;1007;508411;502893;61463;77.0;76.2;9.3
63;2021-11-21;10;15;68;508421;502908;61531;77.0;76.2;9.3
63;2021-11-22;94;80;2183;508515;502988;63714;77.0;76.2;9.7
63;2021-11-23;105;109;2575;508620;503097;66289;77.0;76.2;10.0
63;2021-11-24;178;189;2376;508798;503286;68665;77.1;76.2;10.4
63;2021-11-25;113;129;2923;508911;503415;71588;77.1;76.2;10.8
63;2021-11-26;181;177;5151;509092;503592;76739;77.1;76.3;11.6
63;2021-11-27;87;73;2394;509179;503665;79133;77.1;76.3;12.0
63;2021-11-28;26;19;992;509205;503684;80125;77.1;76.3;12.1
63;2021-11-29;104;111;4927;509309;503795;85052;77.1;76.3;12.9
63;2021-11-30;117;116;5794;509426;503911;90846;77.2;76.3;13.8
63;2021-12-01;120;155;5881;509546;504066;96727;77.2;76.3;14.7
63;2021-12-02;118;101;6616;509664;504167;103343;77.2;76.4;15.7
63;2021-12-03;118;173;7275;509782;504340;110618;77.2;76.4;16.8
63;2021-12-04;53;103;3506;509835;504443;114124;77.2;76.4;17.3
63;2021-12-05;11;20;1257;509846;504463;115381;77.2;76.4;17.5
63;2021-12-06;106;96;6666;509952;504559;122047;77.2;76.4;18.5
63;2021-12-07;84;127;7989;510036;504686;130036;77.3;76.4;19.7
63;2021-12-08;130;186;6776;510166;504872;136812;77.3;76.5;20.7
63;2021-12-09;92;129;7435;510258;505001;144247;77.3;76.5;21.8
63;2021-12-10;130;202;9038;510388;505203;153285;77.3;76.5;23.2
63;2021-12-11;84;95;4798;510472;505298;158083;77.3;76.5;23.9
63;2021-12-12;6;9;1222;510478;505307;159305;77.3;76.5;24.1
63;2021-12-13;84;130;7796;510562;505437;167101;77.3;76.6;25.3
63;2021-12-14;127;139;9750;510689;505576;176851;77.3;76.6;26.8
63;2021-12-15;140;195;7997;510829;505771;184848;77.4;76.6;28.0
63;2021-12-16;117;138;9126;510946;505909;193974;77.4;76.6;29.4
63;2021-12-17;164;236;10282;511110;506145;204256;77.4;76.7;30.9
63;2021-12-18;108;106;5851;511218;506251;210107;77.4;76.7;31.8
63;2021-12-19;32;34;1420;511250;506285;211527;77.4;76.7;32.0
63;2021-12-20;161;152;7691;511411;506437;219218;77.5;76.7;33.2
63;2021-12-21;198;193;8375;511609;506630;227593;77.5;76.7;34.5
63;2021-12-22;144;158;6114;511753;506788;233707;77.5;76.8;35.4
63;2021-12-23;114;93;4214;511867;506881;237921;77.5;76.8;36.0
63;2021-12-24;51;46;1133;511918;506927;239054;77.5;76.8;36.2
63;2021-12-25;6;2;178;511924;506929;239232;77.5;76.8;36.2
63;2021-12-26;26;18;893;511950;506947;240125;77.5;76.8;36.4
64;2020-12-27;1;0;0;1;0;0;0.0;0.0;0.0
64;2020-12-28;2;0;0;3;0;0;0.0;0.0;0.0
64;2020-12-29;0;0;0;3;0;0;0.0;0.0;0.0
64;2020-12-30;0;0;0;3;0;0;0.0;0.0;0.0
64;2020-12-31;0;0;0;3;0;0;0.0;0.0;0.0
64;2021-01-01;1;0;0;4;0;0;0.0;0.0;0.0
64;2021-01-02;0;0;0;4;0;0;0.0;0.0;0.0
64;2021-01-03;0;0;0;4;0;0;0.0;0.0;0.0
64;2021-01-04;28;0;0;32;0;0;0.0;0.0;0.0
64;2021-01-05;24;0;0;56;0;0;0.0;0.0;0.0
64;2021-01-06;186;0;0;242;0;0;0.0;0.0;0.0
64;2021-01-07;808;1;0;1050;1;0;0.2;0.0;0.0
64;2021-01-08;832;2;0;1882;3;0;0.3;0.0;0.0
64;2021-01-09;54;0;0;1936;3;0;0.3;0.0;0.0
64;2021-01-10;2;0;0;1938;3;0;0.3;0.0;0.0
64;2021-01-11;515;0;0;2453;3;0;0.4;0.0;0.0
64;2021-01-12;723;3;0;3176;6;0;0.5;0.0;0.0
64;2021-01-13;841;2;0;4017;8;0;0.6;0.0;0.0
64;2021-01-14;992;5;0;5009;13;0;0.7;0.0;0.0
64;2021-01-15;904;5;0;5913;18;0;0.9;0.0;0.0
64;2021-01-16;76;0;0;5989;18;0;0.9;0.0;0.0
64;2021-01-17;3;1;0;5992;19;0;0.9;0.0;0.0
64;2021-01-18;914;7;0;6906;26;0;1.0;0.0;0.0
64;2021-01-19;1422;4;0;8328;30;0;1.2;0.0;0.0
64;2021-01-20;1553;3;0;9881;33;0;1.4;0.0;0.0
64;2021-01-21;2470;4;0;12351;37;0;1.8;0.0;0.0
64;2021-01-22;1531;3;0;13882;40;0;2.0;0.0;0.0
64;2021-01-23;481;1;0;14363;41;0;2.1;0.0;0.0
64;2021-01-24;59;0;0;14422;41;0;2.1;0.0;0.0
64;2021-01-25;915;7;0;15337;48;0;2.2;0.0;0.0
64;2021-01-26;1285;21;0;16622;69;0;2.4;0.0;0.0
64;2021-01-27;1199;119;0;17821;188;0;2.6;0.0;0.0
64;2021-01-28;1606;604;0;19427;792;0;2.8;0.1;0.0
64;2021-01-29;943;597;0;20370;1389;0;3.0;0.2;0.0
64;2021-01-30;445;57;0;20815;1446;0;3.0;0.2;0.0
64;2021-01-31;76;0;0;20891;1446;0;3.1;0.2;0.0
64;2021-02-01;648;305;0;21539;1751;0;3.2;0.3;0.0
64;2021-02-02;1113;537;0;22652;2288;0;3.3;0.3;0.0
64;2021-02-03;1023;633;0;23675;2921;0;3.5;0.4;0.0
64;2021-02-04;1021;544;0;24696;3465;0;3.6;0.5;0.0
64;2021-02-05;801;458;0;25497;3923;0;3.7;0.6;0.0
64;2021-02-06;490;34;0;25987;3957;0;3.8;0.6;0.0
64;2021-02-07;104;5;0;26091;3962;0;3.8;0.6;0.0
64;2021-02-08;716;308;0;26807;4270;0;3.9;0.6;0.0
64;2021-02-09;886;712;0;27693;4982;0;4.1;0.7;0.0
64;2021-02-10;871;747;0;28564;5729;0;4.2;0.8;0.0
64;2021-02-11;1136;1488;0;29700;7217;0;4.3;1.1;0.0
64;2021-02-12;1019;1001;0;30719;8218;0;4.5;1.2;0.0
64;2021-02-13;239;302;0;30958;8520;0;4.5;1.2;0.0
64;2021-02-14;34;40;0;30992;8560;0;4.5;1.3;0.0
64;2021-02-15;212;1095;0;31204;9655;0;4.6;1.4;0.0
64;2021-02-16;276;1357;0;31480;11012;0;4.6;1.6;0.0
64;2021-02-17;303;1200;0;31783;12212;0;4.7;1.8;0.0
64;2021-02-18;492;1604;0;32275;13816;0;4.7;2.0;0.0
64;2021-02-19;418;1238;0;32693;15054;0;4.8;2.2;0.0
64;2021-02-20;114;407;0;32807;15461;0;4.8;2.3;0.0
64;2021-02-21;17;68;0;32824;15529;0;4.8;2.3;0.0
64;2021-02-22;428;929;0;33252;16458;0;4.9;2.4;0.0
64;2021-02-23;676;1095;0;33928;17553;0;5.0;2.6;0.0
64;2021-02-24;718;984;0;34646;18537;0;5.1;2.7;0.0
64;2021-02-25;1060;921;0;35706;19458;0;5.2;2.8;0.0
64;2021-02-26;1168;880;0;36874;20338;0;5.4;3.0;0.0
64;2021-02-27;833;376;0;37707;20714;0;5.5;3.0;0.0
64;2021-02-28;43;61;0;37750;20775;0;5.5;3.0;0.0
64;2021-03-01;736;780;0;38486;21555;0;5.6;3.2;0.0
64;2021-03-02;1042;893;0;39528;22448;0;5.8;3.3;0.0
64;2021-03-03;1215;939;0;40743;23387;0;6.0;3.4;0.0
64;2021-03-04;1840;1114;0;42583;24501;0;6.2;3.6;0.0
64;2021-03-05;2119;1025;0;44702;25526;0;6.5;3.7;0.0
64;2021-03-06;1484;515;0;46186;26041;0;6.8;3.8;0.0
64;2021-03-07;585;91;0;46771;26132;0;6.8;3.8;0.0
64;2021-03-08;1459;733;0;48230;26865;0;7.1;3.9;0.0
64;2021-03-09;2030;824;0;50260;27689;0;7.4;4.1;0.0
64;2021-03-10;2048;711;0;52308;28400;0;7.7;4.2;0.0
64;2021-03-11;2867;1055;0;55175;29455;0;8.1;4.3;0.0
64;2021-03-12;3315;607;0;58490;30062;0;8.6;4.4;0.0
64;2021-03-13;2100;192;0;60590;30254;0;8.9;4.4;0.0
64;2021-03-14;209;17;0;60799;30271;0;8.9;4.4;0.0
64;2021-03-15;2212;235;0;63011;30506;0;9.2;4.5;0.0
64;2021-03-16;1935;262;0;64946;30768;0;9.5;4.5;0.0
64;2021-03-17;1985;272;0;66931;31040;0;9.8;4.5;0.0
64;2021-03-18;2312;232;0;69243;31272;0;10.1;4.6;0.0
64;2021-03-19;2901;287;0;72144;31559;0;10.6;4.6;0.0
64;2021-03-20;2287;94;0;74431;31653;0;10.9;4.6;0.0
64;2021-03-21;1171;25;0;75602;31678;0;11.1;4.6;0.0
64;2021-03-22;2430;539;0;78032;32217;0;11.4;4.7;0.0
64;2021-03-23;3039;625;0;81071;32842;0;11.9;4.8;0.0
64;2021-03-24;3355;670;0;84426;33512;0;12.4;4.9;0.0
64;2021-03-25;4135;773;0;88561;34285;0;13.0;5.0;0.0
64;2021-03-26;4215;650;0;92776;34935;0;13.6;5.1;0.0
64;2021-03-27;2870;405;0;95646;35340;0;14.0;5.2;0.0
64;2021-03-28;418;67;0;96064;35407;0;14.1;5.2;0.0
64;2021-03-29;2921;860;0;98985;36267;0;14.5;5.3;0.0
64;2021-03-30;3967;863;0;102952;37130;0;15.1;5.4;0.0
64;2021-03-31;3444;761;0;106396;37891;0;15.6;5.5;0.0
64;2021-04-01;4515;905;0;110911;38796;0;16.2;5.7;0.0
64;2021-04-02;4236;710;0;115147;39506;0;16.9;5.8;0.0
64;2021-04-03;1979;547;0;117126;40053;0;17.1;5.9;0.0
64;2021-04-04;258;40;0;117384;40093;0;17.2;5.9;0.0
64;2021-04-05;1501;117;0;118885;40210;0;17.4;5.9;0.0
64;2021-04-06;3513;1343;0;122398;41553;0;17.9;6.1;0.0
64;2021-04-07;3843;1444;0;126241;42997;0;18.5;6.3;0.0
64;2021-04-08;4995;1508;0;131236;44505;0;19.2;6.5;0.0
64;2021-04-09;5652;1607;0;136888;46112;0;20.0;6.7;0.0
64;2021-04-10;3084;983;0;139972;47095;0;20.5;6.9;0.0
64;2021-04-11;389;218;0;140361;47313;0;20.5;6.9;0.0
64;2021-04-12;3874;1779;0;144235;49092;0;21.1;7.2;0.0
64;2021-04-13;4218;2054;0;148453;51146;0;21.7;7.5;0.0
64;2021-04-14;3924;2011;0;152377;53157;0;22.3;7.8;0.0
64;2021-04-15;4146;2146;0;156523;55303;0;22.9;8.1;0.0
64;2021-04-16;4129;2169;0;160652;57472;0;23.5;8.4;0.0
64;2021-04-17;2426;1375;0;163078;58847;0;23.9;8.6;0.0
64;2021-04-18;992;1077;0;164070;59924;0;24.0;8.8;0.0
64;2021-04-19;2570;2321;0;166640;62245;0;24.4;9.1;0.0
64;2021-04-20;3039;2309;0;169679;64554;0;24.8;9.4;0.0
64;2021-04-21;2962;2479;0;172641;67033;0;25.3;9.8;0.0
64;2021-04-22;3237;2620;0;175878;69653;0;25.7;10.2;0.0
64;2021-04-23;3153;2508;0;179031;72161;0;26.2;10.6;0.0
64;2021-04-24;1909;1497;0;180940;73658;0;26.5;10.8;0.0
64;2021-04-25;244;196;0;181184;73854;0;26.5;10.8;0.0
64;2021-04-26;2469;2596;0;183653;76450;0;26.9;11.2;0.0
64;2021-04-27;2813;2995;0;186466;79445;0;27.3;11.6;0.0
64;2021-04-28;3361;2836;0;189827;82281;0;27.8;12.0;0.0
64;2021-04-29;4394;3330;0;194221;85611;0;28.4;12.5;0.0
64;2021-04-30;3846;3456;0;198067;89067;0;29.0;13.0;0.0
64;2021-05-01;1437;971;0;199504;90038;0;29.2;13.2;0.0
64;2021-05-02;429;301;0;199933;90339;0;29.3;13.2;0.0
64;2021-05-03;2744;3348;0;202677;93687;0;29.7;13.7;0.0
64;2021-05-04;3444;3788;0;206121;97475;0;30.2;14.3;0.0
64;2021-05-05;3139;3898;0;209260;101373;0;30.6;14.8;0.0
64;2021-05-06;3849;3836;0;213109;105209;0;31.2;15.4;0.0
64;2021-05-07;3694;4022;0;216803;109231;0;31.7;16.0;0.0
64;2021-05-08;2497;1185;0;219300;110416;0;32.1;16.2;0.0
64;2021-05-09;644;276;0;219944;110692;0;32.2;16.2;0.0
64;2021-05-10;2674;3980;0;222618;114672;0;32.6;16.8;0.0
64;2021-05-11;3861;3876;0;226479;118548;0;33.2;17.4;0.0
64;2021-05-12;4224;3775;0;230703;122323;0;33.8;17.9;0.0
64;2021-05-13;2880;827;0;233583;123150;0;34.2;18.0;0.0
64;2021-05-14;4712;2933;0;238295;126083;0;34.9;18.5;0.0
64;2021-05-15;3288;1717;0;241583;127800;0;35.4;18.7;0.0
64;2021-05-16;591;190;0;242174;127990;0;35.4;18.7;0.0
64;2021-05-17;3921;2261;0;246095;130251;0;36.0;19.1;0.0
64;2021-05-18;4832;2188;0;250927;132439;0;36.7;19.4;0.0
64;2021-05-19;4694;2048;0;255621;134487;0;37.4;19.7;0.0
64;2021-05-20;5225;2021;0;260846;136508;0;38.2;20.0;0.0
64;2021-05-21;5031;2132;0;265877;138640;0;38.9;20.3;0.0
64;2021-05-22;3285;1369;0;269162;140009;0;39.4;20.5;0.0
64;2021-05-23;413;169;0;269575;140178;0;39.5;20.5;0.0
64;2021-05-24;2768;1046;0;272343;141224;0;39.9;20.7;0.0
64;2021-05-25;4034;2645;0;276377;143869;0;40.5;21.1;0.0
64;2021-05-26;4170;2602;0;280547;146471;0;41.1;21.4;0.0
64;2021-05-27;5038;3055;0;285585;149526;0;41.8;21.9;0.0
64;2021-05-28;4312;3220;0;289897;152746;0;42.4;22.4;0.0
64;2021-05-29;2656;2010;0;292553;154756;0;42.8;22.7;0.0
64;2021-05-30;389;186;0;292942;154942;0;42.9;22.7;0.0
64;2021-05-31;3661;3401;0;296603;158343;0;43.4;23.2;0.0
64;2021-06-01;5069;3321;0;301672;161664;0;44.2;23.7;0.0
64;2021-06-02;4715;2991;0;306387;164655;0;44.8;24.1;0.0
64;2021-06-03;5870;3102;0;312257;167757;0;45.7;24.6;0.0
64;2021-06-04;4820;4330;0;317077;172087;0;46.4;25.2;0.0
64;2021-06-05;3098;2379;0;320175;174466;0;46.9;25.5;0.0
64;2021-06-06;1773;284;0;321948;174750;0;47.1;25.6;0.0
64;2021-06-07;3721;4134;0;325669;178884;0;47.7;26.2;0.0
64;2021-06-08;4644;3873;0;330313;182757;0;48.4;26.8;0.0
64;2021-06-09;4723;3323;0;335036;186080;0;49.0;27.2;0.0
64;2021-06-10;5560;3003;0;340596;189083;0;49.9;27.7;0.0
64;2021-06-11;5072;4565;0;345668;193648;0;50.6;28.3;0.0
64;2021-06-12;3500;2134;0;349168;195782;0;51.1;28.7;0.0
64;2021-06-13;1402;331;0;350570;196113;0;51.3;28.7;0.0
64;2021-06-14;3300;4485;0;353870;200598;0;51.8;29.4;0.0
64;2021-06-15;4174;4394;0;358044;204992;0;52.4;30.0;0.0
64;2021-06-16;4128;4412;0;362172;209404;0;53.0;30.7;0.0
64;2021-06-17;3284;3996;0;365456;213400;0;53.5;31.2;0.0
64;2021-06-18;4042;4818;0;369498;218218;0;54.1;31.9;0.0
64;2021-06-19;2661;3056;0;372159;221274;0;54.5;32.4;0.0
64;2021-06-20;762;478;0;372921;221752;0;54.6;32.5;0.0
64;2021-06-21;2041;4722;0;374962;226474;0;54.9;33.2;0.0
64;2021-06-22;2344;5353;0;377306;231827;0;55.2;33.9;0.0
64;2021-06-23;2814;5114;0;380120;236941;0;55.6;34.7;0.0
64;2021-06-24;2485;3567;0;382605;240508;0;56.0;35.2;0.0
64;2021-06-25;2505;6009;0;385110;246517;0;56.4;36.1;0.0
64;2021-06-26;1564;3647;0;386674;250164;0;56.6;36.6;0.0
64;2021-06-27;410;736;0;387084;250900;0;56.7;36.7;0.0
64;2021-06-28;1689;5576;0;388773;256476;0;56.9;37.5;0.0
64;2021-06-29;1748;5858;0;390521;262334;0;57.2;38.4;0.0
64;2021-06-30;2030;5623;0;392551;267957;0;57.5;39.2;0.0
64;2021-07-01;2225;4959;0;394776;272916;0;57.8;39.9;0.0
64;2021-07-02;2149;5914;0;396925;278830;0;58.1;40.8;0.0
64;2021-07-03;1116;3553;0;398041;282383;0;58.3;41.3;0.0
64;2021-07-04;387;753;0;398428;283136;0;58.3;41.4;0.0
64;2021-07-05;1257;5038;0;399685;288174;0;58.5;42.2;0.0
64;2021-07-06;1905;5914;1;401590;294088;1;58.8;43.0;0.0
64;2021-07-07;1942;5423;0;403532;299511;1;59.1;43.8;0.0
64;2021-07-08;1660;4042;0;405192;303553;1;59.3;44.4;0.0
64;2021-07-09;1768;6036;0;406960;309589;1;59.6;45.3;0.0
64;2021-07-10;1140;3575;0;408100;313164;1;59.7;45.8;0.0
64;2021-07-11;238;741;0;408338;313905;1;59.8;45.9;0.0
64;2021-07-12;1396;5687;0;409734;319592;1;60.0;46.8;0.0
64;2021-07-13;2282;6717;0;412016;326309;1;60.3;47.8;0.0
64;2021-07-14;2173;2929;0;414189;329238;1;60.6;48.2;0.0
64;2021-07-15;2158;4959;0;416347;334197;1;60.9;48.9;0.0
64;2021-07-16;2791;6198;0;419138;340395;1;61.4;49.8;0.0
64;2021-07-17;2242;4037;0;421380;344432;1;61.7;50.4;0.0
64;2021-07-18;650;1790;0;422030;346222;1;61.8;50.7;0.0
64;2021-07-19;2392;5540;0;424422;351762;1;62.1;51.5;0.0
64;2021-07-20;3213;6036;0;427635;357798;1;62.6;52.4;0.0
64;2021-07-21;3460;5438;0;431095;363236;1;63.1;53.2;0.0
64;2021-07-22;3961;5152;0;435056;368388;1;63.7;53.9;0.0
64;2021-07-23;3754;5082;0;438810;373470;1;64.2;54.7;0.0
64;2021-07-24;2608;3968;0;441418;377438;1;64.6;55.2;0.0
64;2021-07-25;730;841;0;442148;378279;1;64.7;55.4;0.0
64;2021-07-26;2934;4497;0;445082;382776;1;65.1;56.0;0.0
64;2021-07-27;4103;4669;0;449185;387445;1;65.8;56.7;0.0
64;2021-07-28;4105;4066;0;453290;391511;1;66.4;57.3;0.0
64;2021-07-29;5213;3339;0;458503;394850;1;67.1;57.8;0.0
64;2021-07-30;4747;3762;0;463250;398612;1;67.8;58.3;0.0
64;2021-07-31;3091;2971;0;466341;401583;1;68.3;58.8;0.0
64;2021-08-01;887;399;0;467228;401982;1;68.4;58.8;0.0
64;2021-08-02;3840;2242;0;471068;404224;1;69.0;59.2;0.0
64;2021-08-03;4044;2741;0;475112;406965;1;69.5;59.6;0.0
64;2021-08-04;3762;2592;0;478874;409557;1;70.1;59.9;0.0
64;2021-08-05;3676;2266;0;482550;411823;1;70.6;60.3;0.0
64;2021-08-06;3442;2818;0;485992;414641;1;71.1;60.7;0.0
64;2021-08-07;2177;2315;0;488169;416956;1;71.5;61.0;0.0
64;2021-08-08;378;464;0;488547;417420;1;71.5;61.1;0.0
64;2021-08-09;2395;2739;0;490942;420159;1;71.9;61.5;0.0
64;2021-08-10;2955;3084;0;493897;423243;1;72.3;62.0;0.0
64;2021-08-11;2752;2892;0;496649;426135;1;72.7;62.4;0.0
64;2021-08-12;2798;2969;0;499447;429104;1;73.1;62.8;0.0
64;2021-08-13;2298;3360;0;501745;432464;1;73.4;63.3;0.0
64;2021-08-14;1483;2457;0;503228;434921;1;73.7;63.7;0.0
64;2021-08-15;173;552;0;503401;435473;1;73.7;63.7;0.0
64;2021-08-16;1901;3012;0;505302;438485;1;74.0;64.2;0.0
64;2021-08-17;2062;3564;0;507364;442049;1;74.3;64.7;0.0
64;2021-08-18;1807;3265;0;509171;445314;1;74.5;65.2;0.0
64;2021-08-19;1742;3302;0;510913;448616;1;74.8;65.7;0.0
64;2021-08-20;1427;3752;0;512340;452368;1;75.0;66.2;0.0
64;2021-08-21;883;2668;0;513223;455036;1;75.1;66.6;0.0
64;2021-08-22;135;777;0;513358;455813;1;75.1;66.7;0.0
64;2021-08-23;1120;3009;0;514478;458822;1;75.3;67.2;0.0
64;2021-08-24;1276;4307;0;515754;463129;1;75.5;67.8;0.0
64;2021-08-25;1176;3574;0;516930;466703;1;75.7;68.3;0.0
64;2021-08-26;990;3454;0;517920;470157;1;75.8;68.8;0.0
64;2021-08-27;1083;3992;1;519003;474149;2;76.0;69.4;0.0
64;2021-08-28;676;2335;0;519679;476484;2;76.1;69.7;0.0
64;2021-08-29;90;477;0;519769;476961;2;76.1;69.8;0.0
64;2021-08-30;861;3306;84;520630;480267;86;76.2;70.3;0.0
64;2021-08-31;920;3532;181;521550;483799;267;76.3;70.8;0.0
64;2021-09-01;920;2842;275;522470;486641;542;76.5;71.2;0.1
64;2021-09-02;857;2681;413;523327;489322;955;76.6;71.6;0.1
64;2021-09-03;842;2579;436;524169;491901;1391;76.7;72.0;0.2
64;2021-09-04;655;2000;166;524824;493901;1557;76.8;72.3;0.2
64;2021-09-05;68;199;51;524892;494100;1608;76.8;72.3;0.2
64;2021-09-06;509;1994;422;525401;496094;2030;76.9;72.6;0.3
64;2021-09-07;632;1814;457;526033;497908;2487;77.0;72.9;0.4
64;2021-09-08;722;2382;280;526755;500290;2767;77.1;73.2;0.4
64;2021-09-09;463;1567;423;527218;501857;3190;77.2;73.5;0.5
64;2021-09-10;693;1927;398;527911;503784;3588;77.3;73.7;0.5
64;2021-09-11;549;1901;152;528460;505685;3740;77.4;74.0;0.5
64;2021-09-12;60;159;37;528520;505844;3777;77.4;74.0;0.6
64;2021-09-13;444;1259;494;528964;507103;4271;77.4;74.2;0.6
64;2021-09-14;435;1017;915;529399;508120;5186;77.5;74.4;0.8
64;2021-09-15;648;1613;647;530047;509733;5833;77.6;74.6;0.9
64;2021-09-16;464;795;938;530511;510528;6771;77.7;74.7;1.0
64;2021-09-17;526;1224;946;531037;511752;7717;77.7;74.9;1.1
64;2021-09-18;305;1161;212;531342;512913;7929;77.8;75.1;1.2
64;2021-09-19;18;45;13;531360;512958;7942;77.8;75.1;1.2
64;2021-09-20;228;445;567;531588;513403;8509;77.8;75.2;1.2
64;2021-09-21;384;881;953;531972;514284;9462;77.9;75.3;1.4
64;2021-09-22;356;1365;727;532328;515649;10189;77.9;75.5;1.5
64;2021-09-23;243;688;752;532571;516337;10941;78.0;75.6;1.6
64;2021-09-24;379;959;693;532950;517296;11634;78.0;75.7;1.7
64;2021-09-25;283;955;186;533233;518251;11820;78.1;75.9;1.7
64;2021-09-26;6;18;9;533239;518269;11829;78.1;75.9;1.7
64;2021-09-27;213;523;494;533452;518792;12323;78.1;75.9;1.8
64;2021-09-28;255;627;732;533707;519419;13055;78.1;76.0;1.9
64;2021-09-29;327;939;765;534034;520358;13820;78.2;76.2;2.0
64;2021-09-30;220;398;666;534254;520756;14486;78.2;76.2;2.1
64;2021-10-01;346;686;736;534600;521442;15222;78.3;76.3;2.2
64;2021-10-02;228;515;173;534828;521957;15395;78.3;76.4;2.3
64;2021-10-03;7;19;3;534835;521976;15398;78.3;76.4;2.3
64;2021-10-04;293;404;670;535128;522380;16068;78.3;76.5;2.4
64;2021-10-05;248;546;780;535376;522926;16848;78.4;76.5;2.5
64;2021-10-06;411;886;757;535787;523812;17605;78.4;76.7;2.6
64;2021-10-07;205;481;855;535992;524293;18460;78.5;76.7;2.7
64;2021-10-08;338;677;946;536330;524970;19406;78.5;76.8;2.8
64;2021-10-09;217;376;222;536547;525346;19628;78.5;76.9;2.9
64;2021-10-10;3;2;6;536550;525348;19634;78.5;76.9;2.9
64;2021-10-11;144;231;530;536694;525579;20164;78.6;76.9;3.0
64;2021-10-12;216;524;1101;536910;526103;21265;78.6;77.0;3.1
64;2021-10-13;323;545;990;537233;526648;22255;78.6;77.1;3.3
64;2021-10-14;190;266;766;537423;526914;23021;78.7;77.1;3.4
64;2021-10-15;304;507;1125;537727;527421;24146;78.7;77.2;3.5
64;2021-10-16;178;269;282;537905;527690;24428;78.7;77.2;3.6
64;2021-10-17;15;10;9;537920;527700;24437;78.7;77.2;3.6
64;2021-10-18;120;259;603;538040;527959;25040;78.8;77.3;3.7
64;2021-10-19;193;321;1109;538233;528280;26149;78.8;77.3;3.8
64;2021-10-20;326;412;1379;538559;528692;27528;78.8;77.4;4.0
64;2021-10-21;184;268;1348;538743;528960;28876;78.9;77.4;4.2
64;2021-10-22;237;389;1298;538980;529349;30174;78.9;77.5;4.4
64;2021-10-23;174;238;442;539154;529587;30616;78.9;77.5;4.5
64;2021-10-24;3;18;5;539157;529605;30621;78.9;77.5;4.5
64;2021-10-25;130;170;848;539287;529775;31469;78.9;77.5;4.6
64;2021-10-26;223;309;1395;539510;530084;32864;79.0;77.6;4.8
64;2021-10-27;251;386;1554;539761;530470;34418;79.0;77.6;5.0
64;2021-10-28;144;175;1323;539905;530645;35741;79.0;77.7;5.2
64;2021-10-29;233;324;1605;540138;530969;37346;79.1;77.7;5.5
64;2021-10-30;143;212;516;540281;531181;37862;79.1;77.8;5.5
64;2021-10-31;1;7;33;540282;531188;37895;79.1;77.8;5.5
64;2021-11-01;50;37;71;540332;531225;37966;79.1;77.8;5.6
64;2021-11-02;181;288;1480;540513;531513;39446;79.1;77.8;5.8
64;2021-11-03;234;356;1760;540747;531869;41206;79.2;77.9;6.0
64;2021-11-04;157;216;1436;540904;532085;42642;79.2;77.9;6.2
64;2021-11-05;221;326;1921;541125;532411;44563;79.2;77.9;6.5
64;2021-11-06;147;199;664;541272;532610;45227;79.2;78.0;6.6
64;2021-11-07;3;18;12;541275;532628;45239;79.2;78.0;6.6
64;2021-11-08;113;161;1412;541388;532789;46651;79.2;78.0;6.8
64;2021-11-09;183;269;2628;541571;533058;49279;79.3;78.0;7.2
64;2021-11-10;252;333;2365;541823;533391;51644;79.3;78.1;7.6
64;2021-11-11;27;31;144;541850;533422;51788;79.3;78.1;7.6
64;2021-11-12;241;291;2538;542091;533713;54326;79.3;78.1;8.0
64;2021-11-13;137;208;927;542228;533921;55253;79.4;78.2;8.1
64;2021-11-14;3;8;21;542231;533929;55274;79.4;78.2;8.1
64;2021-11-15;116;127;1675;542347;534056;56949;79.4;78.2;8.3
64;2021-11-16;218;259;3066;542565;534315;60015;79.4;78.2;8.8
64;2021-11-17;247;291;2625;542812;534606;62640;79.5;78.3;9.2
64;2021-11-18;186;215;2694;542998;534821;65334;79.5;78.3;9.6
64;2021-11-19;230;285;3028;543228;535106;68362;79.5;78.3;10.0
64;2021-11-20;229;202;952;543457;535308;69314;79.5;78.4;10.1
64;2021-11-21;1;10;19;543458;535318;69333;79.5;78.4;10.1
64;2021-11-22;148;123;2337;543606;535441;71670;79.6;78.4;10.5
64;2021-11-23;257;236;3454;543863;535677;75124;79.6;78.4;11.0
64;2021-11-24;228;256;2935;544091;535933;78059;79.6;78.4;11.4
64;2021-11-25;284;210;4402;544375;536143;82461;79.7;78.5;12.1
64;2021-11-26;235;289;4230;544610;536432;86691;79.7;78.5;12.7
64;2021-11-27;175;211;1955;544785;536643;88646;79.7;78.6;13.0
64;2021-11-28;14;13;466;544799;536656;89112;79.7;78.6;13.0
64;2021-11-29;152;164;4103;544951;536820;93215;79.8;78.6;13.6
64;2021-11-30;220;228;6038;545171;537048;99253;79.8;78.6;14.5
64;2021-12-01;184;264;5303;545355;537312;104556;79.8;78.6;15.3
64;2021-12-02;173;171;6579;545528;537483;111135;79.9;78.7;16.3
64;2021-12-03;197;258;6898;545725;537741;118033;79.9;78.7;17.3
64;2021-12-04;155;189;3514;545880;537930;121547;79.9;78.7;17.8
64;2021-12-05;25;25;1196;545905;537955;122743;79.9;78.7;18.0
64;2021-12-06;152;167;5653;546057;538122;128396;79.9;78.8;18.8
64;2021-12-07;167;234;7722;546224;538356;136118;80.0;78.8;19.9
64;2021-12-08;192;291;7089;546416;538647;143207;80.0;78.8;21.0
64;2021-12-09;220;203;8268;546636;538850;151475;80.0;78.9;22.2
64;2021-12-10;244;278;9292;546880;539128;160767;80.1;78.9;23.5
64;2021-12-11;155;243;4674;547035;539371;165441;80.1;79.0;24.2
64;2021-12-12;26;28;2274;547061;539399;167715;80.1;79.0;24.5
64;2021-12-13;141;197;7157;547202;539596;174872;80.1;79.0;25.6
64;2021-12-14;239;311;10139;547441;539907;185011;80.1;79.0;27.1
64;2021-12-15;239;279;8883;547680;540186;193894;80.2;79.1;28.4
64;2021-12-16;228;297;10611;547908;540483;204505;80.2;79.1;29.9
64;2021-12-17;275;338;10733;548183;540821;215238;80.2;79.2;31.5
64;2021-12-18;166;223;5423;548349;541044;220661;80.3;79.2;32.3
64;2021-12-19;35;51;2266;548384;541095;222927;80.3;79.2;32.6
64;2021-12-20;279;263;8121;548663;541358;231048;80.3;79.2;33.8
64;2021-12-21;410;317;9250;549073;541675;240298;80.4;79.3;35.2
64;2021-12-22;300;306;7972;549373;541981;248270;80.4;79.3;36.3
64;2021-12-23;290;187;6075;549663;542168;254345;80.5;79.4;37.2
64;2021-12-24;81;77;1546;549744;542245;255891;80.5;79.4;37.5
64;2021-12-25;5;2;27;549749;542247;255918;80.5;79.4;37.5
64;2021-12-26;12;14;165;549761;542261;256083;80.5;79.4;37.5
65;2020-12-27;0;0;0;0;0;0;0.0;0.0;0.0
65;2020-12-28;1;0;0;1;0;0;0.0;0.0;0.0
65;2020-12-29;0;0;0;1;0;0;0.0;0.0;0.0
65;2020-12-30;0;0;0;1;0;0;0.0;0.0;0.0
65;2020-12-31;0;0;0;1;0;0;0.0;0.0;0.0
65;2021-01-01;0;0;0;1;0;0;0.0;0.0;0.0
65;2021-01-02;0;0;0;1;0;0;0.0;0.0;0.0
65;2021-01-03;0;0;0;1;0;0;0.0;0.0;0.0
65;2021-01-04;0;0;0;1;0;0;0.0;0.0;0.0
65;2021-01-05;0;0;0;1;0;0;0.0;0.0;0.0
65;2021-01-06;8;0;0;9;0;0;0.0;0.0;0.0
65;2021-01-07;124;0;0;133;0;0;0.1;0.0;0.0
65;2021-01-08;183;1;0;316;1;0;0.1;0.0;0.0
65;2021-01-09;175;2;0;491;3;0;0.2;0.0;0.0
65;2021-01-10;1;0;0;492;3;0;0.2;0.0;0.0
65;2021-01-11;250;3;0;742;6;0;0.3;0.0;0.0
65;2021-01-12;260;2;0;1002;8;0;0.4;0.0;0.0
65;2021-01-13;563;1;0;1565;9;0;0.7;0.0;0.0
65;2021-01-14;556;9;0;2121;18;0;0.9;0.0;0.0
65;2021-01-15;490;2;0;2611;20;0;1.2;0.0;0.0
65;2021-01-16;206;3;0;2817;23;0;1.2;0.0;0.0
65;2021-01-17;1;0;0;2818;23;0;1.2;0.0;0.0
65;2021-01-18;542;5;0;3360;28;0;1.5;0.0;0.0
65;2021-01-19;543;2;0;3903;30;0;1.7;0.0;0.0
65;2021-01-20;572;5;0;4475;35;0;2.0;0.0;0.0
65;2021-01-21;548;1;0;5023;36;0;2.2;0.0;0.0
65;2021-01-22;573;2;0;5596;38;0;2.5;0.0;0.0
65;2021-01-23;176;1;0;5772;39;0;2.5;0.0;0.0
65;2021-01-24;3;1;0;5775;40;0;2.5;0.0;0.0
65;2021-01-25;537;5;0;6312;45;0;2.8;0.0;0.0
65;2021-01-26;808;2;0;7120;47;0;3.1;0.0;0.0
65;2021-01-27;564;8;0;7684;55;0;3.4;0.0;0.0
65;2021-01-28;479;35;0;8163;90;0;3.6;0.0;0.0
65;2021-01-29;404;67;0;8567;157;0;3.8;0.1;0.0
65;2021-01-30;175;67;0;8742;224;0;3.9;0.1;0.0
65;2021-01-31;16;0;0;8758;224;0;3.9;0.1;0.0
65;2021-02-01;316;98;0;9074;322;0;4.0;0.1;0.0
65;2021-02-02;346;182;0;9420;504;0;4.2;0.2;0.0
65;2021-02-03;438;240;0;9858;744;0;4.3;0.3;0.0
65;2021-02-04;287;297;0;10145;1041;0;4.5;0.5;0.0
65;2021-02-05;254;341;0;10399;1382;0;4.6;0.6;0.0
65;2021-02-06;93;97;0;10492;1479;0;4.6;0.7;0.0
65;2021-02-07;11;0;0;10503;1479;0;4.6;0.7;0.0
65;2021-02-08;373;207;0;10876;1686;0;4.8;0.7;0.0
65;2021-02-09;262;359;0;11138;2045;0;4.9;0.9;0.0
65;2021-02-10;284;273;0;11422;2318;0;5.0;1.0;0.0
65;2021-02-11;304;261;0;11726;2579;0;5.2;1.1;0.0
65;2021-02-12;261;214;0;11987;2793;0;5.3;1.2;0.0
65;2021-02-13;118;93;0;12105;2886;0;5.3;1.3;0.0
65;2021-02-14;2;17;0;12107;2903;0;5.3;1.3;0.0
65;2021-02-15;190;389;0;12297;3292;0;5.4;1.5;0.0
65;2021-02-16;440;553;0;12737;3845;0;5.6;1.7;0.0
65;2021-02-17;211;496;0;12948;4341;0;5.7;1.9;0.0
65;2021-02-18;268;563;0;13216;4904;0;5.8;2.2;0.0
65;2021-02-19;142;453;0;13358;5357;0;5.9;2.4;0.0
65;2021-02-20;54;153;0;13412;5510;0;5.9;2.4;0.0
65;2021-02-21;2;45;0;13414;5555;0;5.9;2.4;0.0
65;2021-02-22;162;519;0;13576;6074;0;6.0;2.7;0.0
65;2021-02-23;213;513;0;13789;6587;0;6.1;2.9;0.0
65;2021-02-24;209;601;0;13998;7188;0;6.2;3.2;0.0
65;2021-02-25;232;195;0;14230;7383;0;6.3;3.3;0.0
65;2021-02-26;323;726;0;14553;8109;0;6.4;3.6;0.0
65;2021-02-27;104;199;0;14657;8308;0;6.5;3.7;0.0
65;2021-02-28;1;0;0;14658;8308;0;6.5;3.7;0.0
65;2021-03-01;367;352;0;15025;8660;0;6.6;3.8;0.0
65;2021-03-02;407;338;0;15432;8998;0;6.8;4.0;0.0
65;2021-03-03;371;382;0;15803;9380;0;7.0;4.1;0.0
65;2021-03-04;637;311;0;16440;9691;0;7.2;4.3;0.0
65;2021-03-05;672;275;0;17112;9966;0;7.5;4.4;0.0
65;2021-03-06;1140;87;0;18252;10053;0;8.0;4.4;0.0
65;2021-03-07;240;12;0;18492;10065;0;8.2;4.4;0.0
65;2021-03-08;385;330;0;18877;10395;0;8.3;4.6;0.0
65;2021-03-09;599;295;0;19476;10690;0;8.6;4.7;0.0
65;2021-03-10;583;353;0;20059;11043;0;8.8;4.9;0.0
65;2021-03-11;747;337;0;20806;11380;0;9.2;5.0;0.0
65;2021-03-12;1016;193;0;21822;11573;0;9.6;5.1;0.0
65;2021-03-13;347;86;0;22169;11659;0;9.8;5.1;0.0
65;2021-03-14;5;31;0;22174;11690;0;9.8;5.2;0.0
65;2021-03-15;766;173;0;22940;11863;0;10.1;5.2;0.0
65;2021-03-16;677;216;0;23617;12079;0;10.4;5.3;0.0
65;2021-03-17;663;183;0;24280;12262;0;10.7;5.4;0.0
65;2021-03-18;504;227;0;24784;12489;0;10.9;5.5;0.0
65;2021-03-19;814;148;0;25598;12637;0;11.3;5.6;0.0
65;2021-03-20;248;47;0;25846;12684;0;11.4;5.6;0.0
65;2021-03-21;11;1;0;25857;12685;0;11.4;5.6;0.0
65;2021-03-22;684;149;0;26541;12834;0;11.7;5.7;0.0
65;2021-03-23;821;345;0;27362;13179;0;12.1;5.8;0.0
65;2021-03-24;825;244;0;28187;13423;0;12.4;5.9;0.0
65;2021-03-25;1198;179;0;29385;13602;0;13.0;6.0;0.0
65;2021-03-26;1210;134;0;30595;13736;0;13.5;6.1;0.0
65;2021-03-27;1231;89;0;31826;13825;0;14.0;6.1;0.0
65;2021-03-28;5;2;0;31831;13827;0;14.0;6.1;0.0
65;2021-03-29;1390;329;0;33221;14156;0;14.6;6.2;0.0
65;2021-03-30;1261;350;0;34482;14506;0;15.2;6.4;0.0
65;2021-03-31;1082;349;0;35564;14855;0;15.7;6.5;0.0
65;2021-04-01;1363;371;0;36927;15226;0;16.3;6.7;0.0
65;2021-04-02;1504;277;0;38431;15503;0;16.9;6.8;0.0
65;2021-04-03;228;47;0;38659;15550;0;17.0;6.9;0.0
65;2021-04-04;7;2;0;38666;15552;0;17.0;6.9;0.0
65;2021-04-05;155;46;0;38821;15598;0;17.1;6.9;0.0
65;2021-04-06;1130;455;0;39951;16053;0;17.6;7.1;0.0
65;2021-04-07;1540;412;0;41491;16465;0;18.3;7.3;0.0
65;2021-04-08;1465;382;0;42956;16847;0;18.9;7.4;0.0
65;2021-04-09;1471;439;0;44427;17286;0;19.6;7.6;0.0
65;2021-04-10;1412;147;0;45839;17433;0;20.2;7.7;0.0
65;2021-04-11;8;5;0;45847;17438;0;20.2;7.7;0.0
65;2021-04-12;1215;690;0;47062;18128;0;20.7;8.0;0.0
65;2021-04-13;1419;570;0;48481;18698;0;21.4;8.2;0.0
65;2021-04-14;1731;696;0;50212;19394;0;22.1;8.5;0.0
65;2021-04-15;1541;665;0;51753;20059;0;22.8;8.8;0.0
65;2021-04-16;1619;493;0;53372;20552;0;23.5;9.1;0.0
65;2021-04-17;1833;130;0;55205;20682;0;24.3;9.1;0.0
65;2021-04-18;11;32;0;55216;20714;0;24.3;9.1;0.0
65;2021-04-19;1205;711;0;56421;21425;0;24.9;9.4;0.0
65;2021-04-20;1398;677;0;57819;22102;0;25.5;9.7;0.0
65;2021-04-21;982;960;0;58801;23062;0;25.9;10.2;0.0
65;2021-04-22;1479;706;0;60280;23768;0;26.6;10.5;0.0
65;2021-04-23;1056;1021;0;61336;24789;0;27.0;10.9;0.0
65;2021-04-24;1152;551;0;62488;25340;0;27.5;11.2;0.0
65;2021-04-25;37;17;0;62525;25357;0;27.6;11.2;0.0
65;2021-04-26;1449;1151;0;63974;26508;0;28.2;11.7;0.0
65;2021-04-27;1325;1181;0;65299;27689;0;28.8;12.2;0.0
65;2021-04-28;1631;898;0;66930;28587;0;29.5;12.6;0.0
65;2021-04-29;1747;966;0;68677;29553;0;30.3;13.0;0.0
65;2021-04-30;1571;856;0;70248;30409;0;31.0;13.4;0.0
65;2021-05-01;1437;227;0;71685;30636;0;31.6;13.5;0.0
65;2021-05-02;608;24;0;72293;30660;0;31.9;13.5;0.0
65;2021-05-03;1159;1292;0;73452;31952;0;32.4;14.1;0.0
65;2021-05-04;1381;1100;0;74833;33052;0;33.0;14.6;0.0
65;2021-05-05;1188;1496;0;76021;34548;0;33.5;15.2;0.0
65;2021-05-06;1311;1096;0;77332;35644;0;34.1;15.7;0.0
65;2021-05-07;1103;1411;0;78435;37055;0;34.6;16.3;0.0
65;2021-05-08;1481;404;0;79916;37459;0;35.2;16.5;0.0
65;2021-05-09;11;92;0;79927;37551;0;35.2;16.6;0.0
65;2021-05-10;855;1661;0;80782;39212;0;35.6;17.3;0.0
65;2021-05-11;911;1648;0;81693;40860;0;36.0;18.0;0.0
65;2021-05-12;1043;1473;0;82736;42333;0;36.5;18.7;0.0
65;2021-05-13;1026;141;0;83762;42474;0;36.9;18.7;0.0
65;2021-05-14;1293;945;0;85055;43419;0;37.5;19.1;0.0
65;2021-05-15;1099;427;0;86154;43846;0;38.0;19.3;0.0
65;2021-05-16;1156;62;0;87310;43908;0;38.5;19.4;0.0
65;2021-05-17;954;1387;0;88264;45295;0;38.9;20.0;0.0
65;2021-05-18;1388;1054;0;89652;46349;0;39.5;20.4;0.0
65;2021-05-19;1429;911;0;91081;47260;0;40.2;20.8;0.0
65;2021-05-20;1582;909;0;92663;48169;0;40.8;21.2;0.0
65;2021-05-21;1456;949;0;94119;49118;0;41.5;21.7;0.0
65;2021-05-22;1101;624;0;95220;49742;0;42.0;21.9;0.0
65;2021-05-23;342;13;0;95562;49755;0;42.1;21.9;0.0
65;2021-05-24;531;70;0;96093;49825;0;42.4;22.0;0.0
65;2021-05-25;1209;1349;0;97302;51174;0;42.9;22.6;0.0
65;2021-05-26;1235;1239;0;98537;52413;0;43.4;23.1;0.0
65;2021-05-27;1228;1341;0;99765;53754;0;44.0;23.7;0.0
65;2021-05-28;1208;1544;0;100973;55298;0;44.5;24.4;0.0
65;2021-05-29;822;1346;0;101795;56644;0;44.9;25.0;0.0
65;2021-05-30;20;10;0;101815;56654;0;44.9;25.0;0.0
65;2021-05-31;1066;1205;0;102881;57859;0;45.4;25.5;0.0
65;2021-06-01;1423;925;0;104304;58784;0;46.0;25.9;0.0
65;2021-06-02;1243;987;0;105547;59771;0;46.5;26.3;0.0
65;2021-06-03;1118;1055;0;106665;60826;0;47.0;26.8;0.0
65;2021-06-04;1333;1440;0;107998;62266;0;47.6;27.4;0.0
65;2021-06-05;361;1134;0;108359;63400;0;47.8;27.9;0.0
65;2021-06-06;47;21;0;108406;63421;0;47.8;28.0;0.0
65;2021-06-07;620;1810;0;109026;65231;0;48.1;28.8;0.0
65;2021-06-08;844;1416;0;109870;66647;0;48.4;29.4;0.0
65;2021-06-09;780;1495;0;110650;68142;0;48.8;30.0;0.0
65;2021-06-10;764;1079;0;111414;69221;0;49.1;30.5;0.0
65;2021-06-11;833;1627;0;112247;70848;0;49.5;31.2;0.0
65;2021-06-12;188;604;0;112435;71452;0;49.6;31.5;0.0
65;2021-06-13;42;6;0;112477;71458;0;49.6;31.5;0.0
65;2021-06-14;504;2091;0;112981;73549;0;49.8;32.4;0.0
65;2021-06-15;901;1650;0;113882;75199;0;50.2;33.2;0.0
65;2021-06-16;1026;1253;0;114908;76452;0;50.7;33.7;0.0
65;2021-06-17;743;937;0;115651;77389;0;51.0;34.1;0.0
65;2021-06-18;954;1476;0;116605;78865;0;51.4;34.8;0.0
65;2021-06-19;631;1544;0;117236;80409;0;51.7;35.4;0.0
65;2021-06-20;14;9;0;117250;80418;0;51.7;35.5;0.0
65;2021-06-21;679;1683;0;117929;82101;0;52.0;36.2;0.0
65;2021-06-22;959;1316;0;118888;83417;0;52.4;36.8;0.0
65;2021-06-23;949;1098;0;119837;84515;0;52.8;37.3;0.0
65;2021-06-24;903;906;0;120740;85421;0;53.2;37.7;0.0
65;2021-06-25;805;1631;0;121545;87052;0;53.6;38.4;0.0
65;2021-06-26;175;1307;0;121720;88359;0;53.7;39.0;0.0
65;2021-06-27;24;904;0;121744;89263;0;53.7;39.4;0.0
65;2021-06-28;408;1906;0;122152;91169;0;53.8;40.2;0.0
65;2021-06-29;625;1694;0;122777;92863;0;54.1;40.9;0.0
65;2021-06-30;827;1477;0;123604;94340;0;54.5;41.6;0.0
65;2021-07-01;567;738;0;124171;95078;0;54.7;41.9;0.0
65;2021-07-02;1024;1499;0;125195;96577;0;55.2;42.6;0.0
65;2021-07-03;198;1469;0;125393;98046;0;55.3;43.2;0.0
65;2021-07-04;341;161;0;125734;98207;0;55.4;43.3;0.0
65;2021-07-05;515;1746;0;126249;99953;0;55.7;44.1;0.0
65;2021-07-06;722;1737;0;126971;101690;0;56.0;44.8;0.0
65;2021-07-07;802;1334;0;127773;103024;0;56.3;45.4;0.0
65;2021-07-08;368;647;0;128141;103671;0;56.5;45.7;0.0
65;2021-07-09;518;1388;0;128659;105059;0;56.7;46.3;0.0
65;2021-07-10;277;745;0;128936;105804;0;56.8;46.6;0.0
65;2021-07-11;14;15;0;128950;105819;0;56.8;46.6;0.0
65;2021-07-12;434;1790;0;129384;107609;0;57.0;47.4;0.0
65;2021-07-13;692;1766;0;130076;109375;0;57.3;48.2;0.0
65;2021-07-14;169;90;0;130245;109465;0;57.4;48.3;0.0
65;2021-07-15;1040;1462;0;131285;110927;0;57.9;48.9;0.0
65;2021-07-16;1127;1651;0;132412;112578;0;58.4;49.6;0.0
65;2021-07-17;418;452;0;132830;113030;0;58.6;49.8;0.0
65;2021-07-18;49;60;0;132879;113090;0;58.6;49.9;0.0
65;2021-07-19;731;1373;0;133610;114463;0;58.9;50.5;0.0
65;2021-07-20;1307;1549;0;134917;116012;0;59.5;51.1;0.0
65;2021-07-21;1301;1518;0;136218;117530;0;60.1;51.8;0.0
65;2021-07-22;1862;1152;0;138080;118682;0;60.9;52.3;0.0
65;2021-07-23;1527;1652;0;139607;120334;0;61.5;53.0;0.0
65;2021-07-24;1011;629;0;140618;120963;0;62.0;53.3;0.0
65;2021-07-25;86;60;0;140704;121023;0;62.0;53.4;0.0
65;2021-07-26;1105;1091;0;141809;122114;0;62.5;53.8;0.0
65;2021-07-27;1672;1697;0;143481;123811;0;63.3;54.6;0.0
65;2021-07-28;1477;1191;0;144958;125002;0;63.9;55.1;0.0
65;2021-07-29;2549;1061;0;147507;126063;0;65.0;55.6;0.0
65;2021-07-30;2177;1277;0;149684;127340;0;66.0;56.1;0.0
65;2021-07-31;1886;336;0;151570;127676;0;66.8;56.3;0.0
65;2021-08-01;52;29;0;151622;127705;0;66.8;56.3;0.0
65;2021-08-02;953;739;0;152575;128444;0;67.3;56.6;0.0
65;2021-08-03;1759;902;0;154334;129346;0;68.0;57.0;0.0
65;2021-08-04;1534;560;0;155868;129906;0;68.7;57.3;0.0
65;2021-08-05;1590;720;0;157458;130626;0;69.4;57.6;0.0
65;2021-08-06;1466;840;0;158924;131466;0;70.1;58.0;0.0
65;2021-08-07;646;464;0;159570;131930;0;70.3;58.2;0.0
65;2021-08-08;28;27;0;159598;131957;0;70.4;58.2;0.0
65;2021-08-09;647;950;0;160245;132907;0;70.6;58.6;0.0
65;2021-08-10;1039;1349;0;161284;134256;0;71.1;59.2;0.0
65;2021-08-11;670;1109;0;161954;135365;0;71.4;59.7;0.0
65;2021-08-12;718;1013;0;162672;136378;0;71.7;60.1;0.0
65;2021-08-13;423;882;0;163095;137260;0;71.9;60.5;0.0
65;2021-08-14;520;534;0;163615;137794;0;72.1;60.7;0.0
65;2021-08-15;15;42;0;163630;137836;0;72.1;60.8;0.0
65;2021-08-16;350;1413;0;163980;139249;0;72.3;61.4;0.0
65;2021-08-17;671;1970;0;164651;141219;0;72.6;62.3;0.0
65;2021-08-18;587;1440;0;165238;142659;0;72.8;62.9;0.0
65;2021-08-19;625;1165;0;165863;143824;0;73.1;63.4;0.0
65;2021-08-20;377;1202;0;166240;145026;0;73.3;63.9;0.0
65;2021-08-21;83;210;0;166323;145236;0;73.3;64.0;0.0
65;2021-08-22;13;41;0;166336;145277;0;73.3;64.0;0.0
65;2021-08-23;272;1556;0;166608;146833;0;73.4;64.7;0.0
65;2021-08-24;532;2191;0;167140;149024;0;73.7;65.7;0.0
65;2021-08-25;399;1756;0;167539;150780;0;73.9;66.5;0.0
65;2021-08-26;417;2028;0;167956;152808;0;74.0;67.4;0.0
65;2021-08-27;413;1768;0;168369;154576;0;74.2;68.1;0.0
65;2021-08-28;147;253;0;168516;154829;0;74.3;68.3;0.0
65;2021-08-29;9;26;0;168525;154855;0;74.3;68.3;0.0
65;2021-08-30;252;946;26;168777;155801;26;74.4;68.7;0.0
65;2021-08-31;406;1376;86;169183;157177;112;74.6;69.3;0.0
65;2021-09-01;452;1019;83;169635;158196;195;74.8;69.7;0.1
65;2021-09-02;347;802;126;169982;158998;321;74.9;70.1;0.1
65;2021-09-03;424;952;132;170406;159950;453;75.1;70.5;0.2
65;2021-09-04;172;757;63;170578;160707;516;75.2;70.8;0.2
65;2021-09-05;22;22;23;170600;160729;539;75.2;70.9;0.2
65;2021-09-06;261;498;287;170861;161227;826;75.3;71.1;0.4
65;2021-09-07;291;729;369;171152;161956;1195;75.5;71.4;0.5
65;2021-09-08;327;662;236;171479;162618;1431;75.6;71.7;0.6
65;2021-09-09;227;556;191;171706;163174;1622;75.7;71.9;0.7
65;2021-09-10;354;694;192;172060;163868;1814;75.9;72.2;0.8
65;2021-09-11;67;165;26;172127;164033;1840;75.9;72.3;0.8
65;2021-09-12;8;12;0;172135;164045;1840;75.9;72.3;0.8
65;2021-09-13;192;311;193;172327;164356;2033;76.0;72.5;0.9
65;2021-09-14;172;321;261;172499;164677;2294;76.0;72.6;1.0
65;2021-09-15;235;583;331;172734;165260;2625;76.1;72.9;1.2
65;2021-09-16;147;222;224;172881;165482;2849;76.2;73.0;1.3
65;2021-09-17;254;496;371;173135;165978;3220;76.3;73.2;1.4
65;2021-09-18;91;253;83;173226;166231;3303;76.4;73.3;1.5
65;2021-09-19;3;15;4;173229;166246;3307;76.4;73.3;1.5
65;2021-09-20;103;223;242;173332;166469;3549;76.4;73.4;1.6
65;2021-09-21;110;250;246;173442;166719;3795;76.5;73.5;1.7
65;2021-09-22;143;601;334;173585;167320;4129;76.5;73.8;1.8
65;2021-09-23;60;169;245;173645;167489;4374;76.5;73.8;1.9
65;2021-09-24;158;506;284;173803;167995;4658;76.6;74.1;2.1
65;2021-09-25;78;213;40;173881;168208;4698;76.7;74.2;2.1
65;2021-09-26;2;4;9;173883;168212;4707;76.7;74.2;2.1
65;2021-09-27;55;236;179;173938;168448;4886;76.7;74.3;2.2
65;2021-09-28;85;268;340;174023;168716;5226;76.7;74.4;2.3
65;2021-09-29;140;386;282;174163;169102;5508;76.8;74.5;2.4
65;2021-09-30;47;134;158;174210;169236;5666;76.8;74.6;2.5
65;2021-10-01;180;354;325;174390;169590;5991;76.9;74.8;2.6
65;2021-10-02;26;71;10;174416;169661;6001;76.9;74.8;2.6
65;2021-10-03;0;9;0;174416;169670;6001;76.9;74.8;2.6
65;2021-10-04;124;236;270;174540;169906;6271;76.9;74.9;2.8
65;2021-10-05;67;170;237;174607;170076;6508;77.0;75.0;2.9
65;2021-10-06;152;320;334;174759;170396;6842;77.0;75.1;3.0
65;2021-10-07;69;148;191;174828;170544;7033;77.1;75.2;3.1
65;2021-10-08;181;373;361;175009;170917;7394;77.2;75.3;3.3
65;2021-10-09;32;42;36;175041;170959;7430;77.2;75.4;3.3
65;2021-10-10;4;4;1;175045;170963;7431;77.2;75.4;3.3
65;2021-10-11;93;183;344;175138;171146;7775;77.2;75.4;3.4
65;2021-10-12;48;111;313;175186;171257;8088;77.2;75.5;3.6
65;2021-10-13;125;214;336;175311;171471;8424;77.3;75.6;3.7
65;2021-10-14;45;100;122;175356;171571;8546;77.3;75.6;3.8
65;2021-10-15;172;222;577;175528;171793;9123;77.4;75.7;4.0
65;2021-10-16;32;22;12;175560;171815;9135;77.4;75.7;4.0
65;2021-10-17;1;2;2;175561;171817;9137;77.4;75.7;4.0
65;2021-10-18;91;113;319;175652;171930;9456;77.4;75.8;4.2
65;2021-10-19;52;62;245;175704;171992;9701;77.5;75.8;4.3
65;2021-10-20;107;153;504;175811;172145;10205;77.5;75.9;4.5
65;2021-10-21;40;54;111;175851;172199;10316;77.5;75.9;4.5
65;2021-10-22;123;197;600;175974;172396;10916;77.6;76.0;4.8
65;2021-10-23;12;29;34;175986;172425;10950;77.6;76.0;4.8
65;2021-10-24;1;7;6;175987;172432;10956;77.6;76.0;4.8
65;2021-10-25;95;134;496;176082;172566;11452;77.6;76.1;5.0
65;2021-10-26;33;45;265;176115;172611;11717;77.6;76.1;5.2
65;2021-10-27;96;143;525;176211;172754;12242;77.7;76.2;5.4
65;2021-10-28;25;34;172;176236;172788;12414;77.7;76.2;5.5
65;2021-10-29;98;217;592;176334;173005;13006;77.7;76.3;5.7
65;2021-10-30;20;33;19;176354;173038;13025;77.7;76.3;5.7
65;2021-10-31;0;1;0;176354;173039;13025;77.7;76.3;5.7
65;2021-11-01;9;12;1;176363;173051;13026;77.7;76.3;5.7
65;2021-11-02;35;63;298;176398;173114;13324;77.8;76.3;5.9
65;2021-11-03;115;168;745;176513;173282;14069;77.8;76.4;6.2
65;2021-11-04;38;42;343;176551;173324;14412;77.8;76.4;6.4
65;2021-11-05;103;163;759;176654;173487;15171;77.9;76.5;6.7
65;2021-11-06;23;36;101;176677;173523;15272;77.9;76.5;6.7
65;2021-11-07;1;5;1;176678;173528;15273;77.9;76.5;6.7
65;2021-11-08;53;97;707;176731;173625;15980;77.9;76.5;7.0
65;2021-11-09;37;57;509;176768;173682;16489;77.9;76.6;7.3
65;2021-11-10;95;118;964;176863;173800;17453;78.0;76.6;7.7
65;2021-11-11;0;4;22;176863;173804;17475;78.0;76.6;7.7
65;2021-11-12;95;147;1269;176958;173951;18744;78.0;76.7;8.3
65;2021-11-13;8;13;66;176966;173964;18810;78.0;76.7;8.3
65;2021-11-14;0;5;4;176966;173969;18814;78.0;76.7;8.3
65;2021-11-15;50;99;814;177016;174068;19628;78.0;76.7;8.7
65;2021-11-16;59;58;838;177075;174126;20466;78.1;76.8;9.0
65;2021-11-17;80;131;1097;177155;174257;21563;78.1;76.8;9.5
65;2021-11-18;57;47;631;177212;174304;22194;78.1;76.8;9.8
65;2021-11-19;98;128;1358;177310;174432;23552;78.2;76.9;10.4
65;2021-11-20;20;20;159;177330;174452;23711;78.2;76.9;10.5
65;2021-11-21;2;3;7;177332;174455;23718;78.2;76.9;10.5
65;2021-11-22;52;51;971;177384;174506;24689;78.2;76.9;10.9
65;2021-11-23;69;51;1250;177453;174557;25939;78.2;77.0;11.4
65;2021-11-24;97;105;1284;177550;174662;27223;78.3;77.0;12.0
65;2021-11-25;73;40;1052;177623;174702;28275;78.3;77.0;12.5
65;2021-11-26;120;127;2196;177743;174829;30471;78.4;77.1;13.4
65;2021-11-27;42;25;1116;177785;174854;31587;78.4;77.1;13.9
65;2021-11-28;24;15;562;177809;174869;32149;78.4;77.1;14.2
65;2021-11-29;54;73;1563;177863;174942;33712;78.4;77.1;14.9
65;2021-11-30;113;70;2438;177976;175012;36150;78.5;77.2;15.9
65;2021-12-01;89;125;2405;178065;175137;38555;78.5;77.2;17.0
65;2021-12-02;95;67;2529;178160;175204;41084;78.5;77.2;18.1
65;2021-12-03;91;111;2784;178251;175315;43868;78.6;77.3;19.3
65;2021-12-04;40;35;1155;178291;175350;45023;78.6;77.3;19.8
65;2021-12-05;2;10;686;178293;175360;45709;78.6;77.3;20.2
65;2021-12-06;57;61;1995;178350;175421;47704;78.6;77.3;21.0
65;2021-12-07;73;63;2756;178423;175484;50460;78.7;77.4;22.2
65;2021-12-08;85;116;2573;178508;175600;53033;78.7;77.4;23.4
65;2021-12-09;64;59;2882;178572;175659;55915;78.7;77.4;24.6
65;2021-12-10;83;101;3048;178655;175760;58963;78.8;77.5;26.0
65;2021-12-11;57;33;1408;178712;175793;60371;78.8;77.5;26.6
65;2021-12-12;6;8;821;178718;175801;61192;78.8;77.5;27.0
65;2021-12-13;62;55;2189;178780;175856;63381;78.8;77.5;27.9
65;2021-12-14;90;105;2947;178870;175961;66328;78.9;77.6;29.2
65;2021-12-15;87;106;3168;178957;176067;69496;78.9;77.6;30.6
65;2021-12-16;91;72;3302;179048;176139;72798;78.9;77.6;32.1
65;2021-12-17;114;148;3692;179162;176287;76490;79.0;77.7;33.7
65;2021-12-18;61;42;1377;179223;176329;77867;79.0;77.7;34.3
65;2021-12-19;40;16;910;179263;176345;78777;79.0;77.7;34.7
65;2021-12-20;125;116;2497;179388;176461;81274;79.1;77.8;35.8
65;2021-12-21;144;115;2682;179532;176576;83956;79.1;77.8;37.0
65;2021-12-22;134;115;2296;179666;176691;86252;79.2;77.9;38.0
65;2021-12-23;90;90;1620;179756;176781;87872;79.2;77.9;38.7
65;2021-12-24;20;26;292;179776;176807;88164;79.3;77.9;38.9
65;2021-12-25;0;2;11;179776;176809;88175;79.3;77.9;38.9
65;2021-12-26;1;5;61;179777;176814;88236;79.3;77.9;38.9
66;2020-12-27;0;0;0;0;0;0;0.0;0.0;0.0
66;2020-12-28;5;0;0;5;0;0;0.0;0.0;0.0
66;2020-12-29;1;0;0;6;0;0;0.0;0.0;0.0
66;2020-12-30;0;0;0;6;0;0;0.0;0.0;0.0
66;2020-12-31;2;0;0;8;0;0;0.0;0.0;0.0
66;2021-01-01;2;0;0;10;0;0;0.0;0.0;0.0
66;2021-01-02;0;0;0;10;0;0;0.0;0.0;0.0
66;2021-01-03;0;0;0;10;0;0;0.0;0.0;0.0
66;2021-01-04;31;0;0;41;0;0;0.0;0.0;0.0
66;2021-01-05;134;0;0;175;0;0;0.0;0.0;0.0
66;2021-01-06;184;0;0;359;0;0;0.1;0.0;0.0
66;2021-01-07;169;0;0;528;0;0;0.1;0.0;0.0
66;2021-01-08;212;0;0;740;0;0;0.2;0.0;0.0
66;2021-01-09;227;0;0;967;0;0;0.2;0.0;0.0
66;2021-01-10;9;0;0;976;0;0;0.2;0.0;0.0
66;2021-01-11;387;2;0;1363;2;0;0.3;0.0;0.0
66;2021-01-12;547;2;0;1910;4;0;0.4;0.0;0.0
66;2021-01-13;850;9;0;2760;13;0;0.6;0.0;0.0
66;2021-01-14;855;12;0;3615;25;0;0.8;0.0;0.0
66;2021-01-15;582;1;0;4197;26;0;0.9;0.0;0.0
66;2021-01-16;114;3;0;4311;29;0;0.9;0.0;0.0
66;2021-01-17;46;1;0;4357;30;0;0.9;0.0;0.0
66;2021-01-18;616;3;0;4973;33;0;1.0;0.0;0.0
66;2021-01-19;706;4;0;5679;37;0;1.2;0.0;0.0
66;2021-01-20;1129;6;0;6808;43;0;1.4;0.0;0.0
66;2021-01-21;2301;7;0;9109;50;0;1.9;0.0;0.0
66;2021-01-22;1365;9;0;10474;59;0;2.2;0.0;0.0
66;2021-01-23;388;4;0;10862;63;0;2.3;0.0;0.0
66;2021-01-24;216;9;0;11078;72;0;2.3;0.0;0.0
66;2021-01-25;691;44;0;11769;116;0;2.5;0.0;0.0
66;2021-01-26;786;63;0;12555;179;0;2.6;0.0;0.0
66;2021-01-27;834;95;0;13389;274;0;2.8;0.1;0.0
66;2021-01-28;836;120;0;14225;394;0;3.0;0.1;0.0
66;2021-01-29;786;125;0;15011;519;0;3.1;0.1;0.0
66;2021-01-30;455;85;0;15466;604;0;3.2;0.1;0.0
66;2021-01-31;197;25;0;15663;629;0;3.3;0.1;0.0
66;2021-02-01;545;185;0;16208;814;0;3.4;0.2;0.0
66;2021-02-02;618;276;0;16826;1090;0;3.5;0.2;0.0
66;2021-02-03;713;578;0;17539;1668;0;3.7;0.3;0.0
66;2021-02-04;688;601;0;18227;2269;0;3.8;0.5;0.0
66;2021-02-05;758;412;0;18985;2681;0;4.0;0.6;0.0
66;2021-02-06;400;143;0;19385;2824;0;4.0;0.6;0.0
66;2021-02-07;165;138;0;19550;2962;0;4.1;0.6;0.0
66;2021-02-08;486;366;0;20036;3328;0;4.2;0.7;0.0
66;2021-02-09;512;392;0;20548;3720;0;4.3;0.8;0.0
66;2021-02-10;595;758;0;21143;4478;0;4.4;0.9;0.0
66;2021-02-11;1072;1518;0;22215;5996;0;4.6;1.3;0.0
66;2021-02-12;1079;1131;0;23294;7127;0;4.9;1.5;0.0
66;2021-02-13;345;299;0;23639;7426;0;4.9;1.6;0.0
66;2021-02-14;106;191;0;23745;7617;0;5.0;1.6;0.0
66;2021-02-15;422;680;0;24167;8297;0;5.0;1.7;0.0
66;2021-02-16;311;778;0;24478;9075;0;5.1;1.9;0.0
66;2021-02-17;360;669;0;24838;9744;0;5.2;2.0;0.0
66;2021-02-18;371;748;0;25209;10492;0;5.3;2.2;0.0
66;2021-02-19;386;681;0;25595;11173;0;5.3;2.3;0.0
66;2021-02-20;172;388;0;25767;11561;0;5.4;2.4;0.0
66;2021-02-21;34;162;0;25801;11723;0;5.4;2.4;0.0
66;2021-02-22;405;598;0;26206;12321;0;5.5;2.6;0.0
66;2021-02-23;504;651;0;26710;12972;0;5.6;2.7;0.0
66;2021-02-24;356;733;0;27066;13705;0;5.7;2.9;0.0
66;2021-02-25;706;687;0;27772;14392;0;5.8;3.0;0.0
66;2021-02-26;934;740;0;28706;15132;0;6.0;3.2;0.0
66;2021-02-27;359;407;0;29065;15539;0;6.1;3.2;0.0
66;2021-02-28;60;167;0;29125;15706;0;6.1;3.3;0.0
66;2021-03-01;346;613;0;29471;16319;0;6.2;3.4;0.0
66;2021-03-02;329;651;0;29800;16970;0;6.2;3.5;0.0
66;2021-03-03;525;613;0;30325;17583;0;6.3;3.7;0.0
66;2021-03-04;989;1045;0;31314;18628;0;6.5;3.9;0.0
66;2021-03-05;1507;782;0;32821;19410;0;6.9;4.1;0.0
66;2021-03-06;1126;333;0;33947;19743;0;7.1;4.1;0.0
66;2021-03-07;1028;96;0;34975;19839;0;7.3;4.1;0.0
66;2021-03-08;663;524;0;35638;20363;0;7.4;4.3;0.0
66;2021-03-09;1190;584;0;36828;20947;0;7.7;4.4;0.0
66;2021-03-10;1273;503;0;38101;21450;0;8.0;4.5;0.0
66;2021-03-11;1463;571;0;39564;22021;0;8.3;4.6;0.0
66;2021-03-12;2340;562;0;41904;22583;0;8.7;4.7;0.0
66;2021-03-13;1072;297;0;42976;22880;0;9.0;4.8;0.0
66;2021-03-14;195;83;0;43171;22963;0;9.0;4.8;0.0
66;2021-03-15;1049;394;0;44220;23357;0;9.2;4.9;0.0
66;2021-03-16;928;266;0;45148;23623;0;9.4;4.9;0.0
66;2021-03-17;855;382;0;46003;24005;0;9.6;5.0;0.0
66;2021-03-18;946;329;0;46949;24334;0;9.8;5.1;0.0
66;2021-03-19;1244;318;0;48193;24652;0;10.1;5.1;0.0
66;2021-03-20;812;118;0;49005;24770;0;10.2;5.2;0.0
66;2021-03-21;186;40;0;49191;24810;0;10.3;5.2;0.0
66;2021-03-22;1089;388;0;50280;25198;0;10.5;5.3;0.0
66;2021-03-23;1717;386;0;51997;25584;0;10.9;5.3;0.0
66;2021-03-24;1772;507;0;53769;26091;0;11.2;5.4;0.0
66;2021-03-25;2509;464;0;56278;26555;0;11.7;5.5;0.0
66;2021-03-26;2480;375;0;58758;26930;0;12.3;5.6;0.0
66;2021-03-27;1171;287;0;59929;27217;0;12.5;5.7;0.0
66;2021-03-28;323;3;0;60252;27220;0;12.6;5.7;0.0
66;2021-03-29;1734;244;0;61986;27464;0;12.9;5.7;0.0
66;2021-03-30;2167;176;0;64153;27640;0;13.4;5.8;0.0
66;2021-03-31;1931;246;0;66084;27886;0;13.8;5.8;0.0
66;2021-04-01;2574;319;0;68658;28205;0;14.3;5.9;0.0
66;2021-04-02;2329;266;0;70987;28471;0;14.8;5.9;0.0
66;2021-04-03;1104;318;0;72091;28789;0;15.1;6.0;0.0
66;2021-04-04;104;117;0;72195;28906;0;15.1;6.0;0.0
66;2021-04-05;201;135;0;72396;29041;0;15.1;6.1;0.0
66;2021-04-06;1244;631;0;73640;29672;0;15.4;6.2;0.0
66;2021-04-07;1380;573;0;75020;30245;0;15.7;6.3;0.0
66;2021-04-08;1945;551;0;76965;30796;0;16.1;6.4;0.0
66;2021-04-09;3382;677;0;80347;31473;0;16.8;6.6;0.0
66;2021-04-10;2189;509;0;82536;31982;0;17.2;6.7;0.0
66;2021-04-11;1137;163;0;83673;32145;0;17.5;6.7;0.0
66;2021-04-12;2543;989;0;86216;33134;0;18.0;6.9;0.0
66;2021-04-13;3434;1048;0;89650;34182;0;18.7;7.1;0.0
66;2021-04-14;3131;905;0;92781;35087;0;19.4;7.3;0.0
66;2021-04-15;3370;1002;0;96151;36089;0;20.1;7.5;0.0
66;2021-04-16;3383;1015;0;99534;37104;0;20.8;7.7;0.0
66;2021-04-17;2124;578;0;101658;37682;0;21.2;7.9;0.0
66;2021-04-18;1344;138;0;103002;37820;0;21.5;7.9;0.0
66;2021-04-19;2106;1087;0;105108;38907;0;21.9;8.1;0.0
66;2021-04-20;2212;1059;0;107320;39966;0;22.4;8.3;0.0
66;2021-04-21;2633;1150;0;109953;41116;0;23.0;8.6;0.0
66;2021-04-22;2517;1204;0;112470;42320;0;23.5;8.8;0.0
66;2021-04-23;2228;1185;0;114698;43505;0;23.9;9.1;0.0
66;2021-04-24;2536;845;0;117234;44350;0;24.5;9.3;0.0
66;2021-04-25;1126;271;0;118360;44621;0;24.7;9.3;0.0
66;2021-04-26;1850;1177;0;120210;45798;0;25.1;9.6;0.0
66;2021-04-27;2572;1263;0;122782;47061;0;25.6;9.8;0.0
66;2021-04-28;2297;1609;0;125079;48670;0;26.1;10.2;0.0
66;2021-04-29;2512;2028;0;127591;50698;0;26.6;10.6;0.0
66;2021-04-30;2847;1470;0;130438;52168;0;27.2;10.9;0.0
66;2021-05-01;1872;470;0;132310;52638;0;27.6;11.0;0.0
66;2021-05-02;1420;259;0;133730;52897;0;27.9;11.0;0.0
66;2021-05-03;2778;1055;0;136508;53952;0;28.5;11.3;0.0
66;2021-05-04;2938;1271;0;139446;55223;0;29.1;11.5;0.0
66;2021-05-05;2883;1513;0;142329;56736;0;29.7;11.8;0.0
66;2021-05-06;3531;2001;0;145860;58737;0;30.5;12.3;0.0
66;2021-05-07;2825;2960;0;148685;61697;0;31.0;12.9;0.0
66;2021-05-08;1598;1111;0;150283;62808;0;31.4;13.1;0.0
66;2021-05-09;837;1308;0;151120;64116;0;31.5;13.4;0.0
66;2021-05-10;1673;2770;0;152793;66886;0;31.9;14.0;0.0
66;2021-05-11;2582;2974;0;155375;69860;0;32.4;14.6;0.0
66;2021-05-12;2210;2422;0;157585;72282;0;32.9;15.1;0.0
66;2021-05-13;1971;1283;0;159556;73565;0;33.3;15.4;0.0
66;2021-05-14;2489;1994;0;162045;75559;0;33.8;15.8;0.0
66;2021-05-15;2049;1466;0;164094;77025;0;34.3;16.1;0.0
66;2021-05-16;1983;1138;0;166077;78163;0;34.7;16.3;0.0
66;2021-05-17;1886;1733;0;167963;79896;0;35.1;16.7;0.0
66;2021-05-18;2913;1669;0;170876;81565;0;35.7;17.0;0.0
66;2021-05-19;2618;1277;0;173494;82842;0;36.2;17.3;0.0
66;2021-05-20;3969;1363;0;177463;84205;0;37.0;17.6;0.0
66;2021-05-21;2971;1368;0;180434;85573;0;37.7;17.9;0.0
66;2021-05-22;2729;739;0;183163;86312;0;38.2;18.0;0.0
66;2021-05-23;1359;211;0;184522;86523;0;38.5;18.1;0.0
66;2021-05-24;1819;400;0;186341;86923;0;38.9;18.1;0.0
66;2021-05-25;2602;1579;0;188943;88502;0;39.4;18.5;0.0
66;2021-05-26;2591;1394;0;191534;89896;0;40.0;18.8;0.0
66;2021-05-27;3126;2106;0;194660;92002;0;40.6;19.2;0.0
66;2021-05-28;2489;2903;0;197149;94905;0;41.2;19.8;0.0
66;2021-05-29;1910;1396;0;199059;96301;0;41.6;20.1;0.0
66;2021-05-30;719;904;0;199778;97205;0;41.7;20.3;0.0
66;2021-05-31;1935;1638;0;201713;98843;0;42.1;20.6;0.0
66;2021-06-01;2452;1906;0;204165;100749;0;42.6;21.0;0.0
66;2021-06-02;2604;2208;0;206769;102957;0;43.2;21.5;0.0
66;2021-06-03;2347;2777;0;209116;105734;0;43.7;22.1;0.0
66;2021-06-04;1754;3171;0;210870;108905;0;44.0;22.7;0.0
66;2021-06-05;1279;2446;0;212149;111351;0;44.3;23.2;0.0
66;2021-06-06;314;1142;0;212463;112493;0;44.4;23.5;0.0
66;2021-06-07;1267;2720;0;213730;115213;0;44.6;24.1;0.0
66;2021-06-08;1670;2847;0;215400;118060;0;45.0;24.6;0.0
66;2021-06-09;1914;2593;0;217314;120653;0;45.4;25.2;0.0
66;2021-06-10;1972;2738;0;219286;123391;0;45.8;25.8;0.0
66;2021-06-11;1938;3595;0;221224;126986;0;46.2;26.5;0.0
66;2021-06-12;820;2249;0;222044;129235;0;46.4;27.0;0.0
66;2021-06-13;468;1268;0;222512;130503;0;46.5;27.2;0.0
66;2021-06-14;1297;3245;0;223809;133748;0;46.7;27.9;0.0
66;2021-06-15;1998;3328;0;225807;137076;0;47.1;28.6;0.0
66;2021-06-16;1725;3317;0;227532;140393;0;47.5;29.3;0.0
66;2021-06-17;2242;3363;0;229774;143756;0;48.0;30.0;0.0
66;2021-06-18;2052;3551;0;231826;147307;0;48.4;30.8;0.0
66;2021-06-19;1378;2100;0;233204;149407;0;48.7;31.2;0.0
66;2021-06-20;875;1117;0;234079;150524;0;48.9;31.4;0.0
66;2021-06-21;1043;2659;0;235122;153183;0;49.1;32.0;0.0
66;2021-06-22;1382;3440;0;236504;156623;0;49.4;32.7;0.0
66;2021-06-23;1217;2755;0;237721;159378;0;49.6;33.3;0.0
66;2021-06-24;1360;2948;0;239081;162326;0;49.9;33.9;0.0
66;2021-06-25;1310;3228;0;240391;165554;0;50.2;34.6;0.0
66;2021-06-26;863;2395;0;241254;167949;0;50.4;35.1;0.0
66;2021-06-27;594;1383;0;241848;169332;0;50.5;35.4;0.0
66;2021-06-28;904;2772;0;242752;172104;0;50.7;35.9;0.0
66;2021-06-29;1073;3469;0;243825;175573;0;50.9;36.7;0.0
66;2021-06-30;1176;3027;0;245001;178600;0;51.1;37.3;0.0
66;2021-07-01;1350;3793;0;246351;182393;0;51.4;38.1;0.0
66;2021-07-02;1232;3270;0;247583;185663;0;51.7;38.8;0.0
66;2021-07-03;1026;3590;0;248609;189253;0;51.9;39.5;0.0
66;2021-07-04;633;1624;0;249242;190877;0;52.0;39.8;0.0
66;2021-07-05;977;2726;0;250219;193603;0;52.2;40.4;0.0
66;2021-07-06;1222;3455;0;251441;197058;0;52.5;41.1;0.0
66;2021-07-07;1242;2978;0;252683;200036;0;52.8;41.8;0.0
66;2021-07-08;1158;3115;0;253841;203151;0;53.0;42.4;0.0
66;2021-07-09;1279;3121;0;255120;206272;0;53.3;43.1;0.0
66;2021-07-10;884;2119;0;256004;208391;0;53.4;43.5;0.0
66;2021-07-11;475;1377;0;256479;209768;0;53.5;43.8;0.0
66;2021-07-12;860;3250;0;257339;213018;0;53.7;44.5;0.0
66;2021-07-13;1883;3910;0;259222;216928;0;54.1;45.3;0.0
66;2021-07-14;1682;1106;0;260904;218034;0;54.5;45.5;0.0
66;2021-07-15;2440;2718;0;263344;220752;0;55.0;46.1;0.0
66;2021-07-16;2854;2840;0;266198;223592;0;55.6;46.7;0.0
66;2021-07-17;1882;1815;0;268080;225407;0;56.0;47.1;0.0
66;2021-07-18;1026;966;0;269106;226373;0;56.2;47.3;0.0
66;2021-07-19;2297;2596;0;271403;228969;0;56.7;47.8;0.0
66;2021-07-20;2940;2554;0;274343;231523;0;57.3;48.3;0.0
66;2021-07-21;3271;2540;0;277614;234063;0;58.0;48.9;0.0
66;2021-07-22;3444;2463;0;281058;236526;0;58.7;49.4;0.0
66;2021-07-23;3439;2562;0;284497;239088;0;59.4;49.9;0.0
66;2021-07-24;2434;1708;0;286931;240796;0;59.9;50.3;0.0
66;2021-07-25;1855;1070;0;288786;241866;0;60.3;50.5;0.0
66;2021-07-26;2327;2175;0;291113;244041;0;60.8;50.9;0.0
66;2021-07-27;2744;2408;0;293857;246449;0;61.3;51.5;0.0
66;2021-07-28;2914;2222;0;296771;248671;0;62.0;51.9;0.0
66;2021-07-29;3383;2146;0;300154;250817;0;62.7;52.4;0.0
66;2021-07-30;3635;2103;0;303789;252920;0;63.4;52.8;0.0
66;2021-07-31;1977;1493;0;305766;254413;0;63.8;53.1;0.0
66;2021-08-01;1506;713;0;307272;255126;0;64.1;53.3;0.0
66;2021-08-02;1976;1481;0;309248;256607;0;64.6;53.6;0.0
66;2021-08-03;2239;1533;0;311487;258140;0;65.0;53.9;0.0
66;2021-08-04;2137;1550;0;313624;259690;0;65.5;54.2;0.0
66;2021-08-05;2044;1894;0;315668;261584;0;65.9;54.6;0.0
66;2021-08-06;1978;2061;0;317646;263645;0;66.3;55.0;0.0
66;2021-08-07;1348;1701;0;318994;265346;0;66.6;55.4;0.0
66;2021-08-08;490;1110;0;319484;266456;0;66.7;55.6;0.0
66;2021-08-09;1170;2091;0;320654;268547;0;66.9;56.1;0.0
66;2021-08-10;1435;2384;0;322089;270931;0;67.2;56.6;0.0
66;2021-08-11;1384;2375;0;323473;273306;0;67.5;57.1;0.0
66;2021-08-12;1464;2444;0;324937;275750;0;67.8;57.6;0.0
66;2021-08-13;1286;2428;0;326223;278178;0;68.1;58.1;0.0
66;2021-08-14;573;2160;0;326796;280338;0;68.2;58.5;0.0
66;2021-08-15;133;1351;0;326929;281689;0;68.3;58.8;0.0
66;2021-08-16;1176;2171;0;328105;283860;0;68.5;59.3;0.0
66;2021-08-17;1310;2474;0;329415;286334;0;68.8;59.8;0.0
66;2021-08-18;1171;2596;0;330586;288930;0;69.0;60.3;0.0
66;2021-08-19;1007;2506;0;331593;291436;0;69.2;60.8;0.0
66;2021-08-20;890;2871;0;332483;294307;0;69.4;61.4;0.0
66;2021-08-21;529;1791;0;333012;296098;0;69.5;61.8;0.0
66;2021-08-22;200;1185;0;333212;297283;0;69.6;62.1;0.0
66;2021-08-23;1046;2417;0;334258;299700;0;69.8;62.6;0.0
66;2021-08-24;907;2491;0;335165;302191;0;70.0;63.1;0.0
66;2021-08-25;853;1971;0;336018;304162;0;70.1;63.5;0.0
66;2021-08-26;860;1994;0;336878;306156;0;70.3;63.9;0.0
66;2021-08-27;805;2137;0;337683;308293;0;70.5;64.4;0.0
66;2021-08-28;470;1064;0;338153;309357;0;70.6;64.6;0.0
66;2021-08-29;217;326;0;338370;309683;0;70.6;64.7;0.0
66;2021-08-30;803;2260;50;339173;311943;50;70.8;65.1;0.0
66;2021-08-31;767;2269;79;339940;314212;129;71.0;65.6;0.0
66;2021-09-01;764;1658;204;340704;315870;333;71.1;65.9;0.1
66;2021-09-02;625;1433;235;341329;317303;568;71.3;66.2;0.1
66;2021-09-03;654;1703;276;341983;319006;844;71.4;66.6;0.2
66;2021-09-04;652;1479;133;342635;320485;977;71.5;66.9;0.2
66;2021-09-05;193;268;44;342828;320753;1021;71.6;67.0;0.2
66;2021-09-06;437;1263;516;343265;322016;1537;71.7;67.2;0.3
66;2021-09-07;369;1078;421;343634;323094;1958;71.7;67.5;0.4
66;2021-09-08;560;1179;423;344194;324273;2381;71.9;67.7;0.5
66;2021-09-09;452;1046;447;344646;325319;2828;72.0;67.9;0.6
66;2021-09-10;476;1064;409;345122;326383;3237;72.1;68.1;0.7
66;2021-09-11;482;1084;135;345604;327467;3372;72.2;68.4;0.7
66;2021-09-12;94;134;41;345698;327601;3413;72.2;68.4;0.7
66;2021-09-13;358;1000;623;346056;328601;4036;72.2;68.6;0.8
66;2021-09-14;383;780;580;346439;329381;4616;72.3;68.8;1.0
66;2021-09-15;480;931;625;346919;330312;5241;72.4;69.0;1.1
66;2021-09-16;372;677;537;347291;330989;5778;72.5;69.1;1.2
66;2021-09-17;351;719;661;347642;331708;6439;72.6;69.3;1.3
66;2021-09-18;343;1024;160;347985;332732;6599;72.6;69.5;1.4
66;2021-09-19;76;220;38;348061;332952;6637;72.7;69.5;1.4
66;2021-09-20;282;623;400;348343;333575;7037;72.7;69.6;1.5
66;2021-09-21;288;557;569;348631;334132;7606;72.8;69.8;1.6
66;2021-09-22;306;741;555;348937;334873;8161;72.8;69.9;1.7
66;2021-09-23;236;480;409;349173;335353;8570;72.9;70.0;1.8
66;2021-09-24;331;722;397;349504;336075;8967;73.0;70.2;1.9
66;2021-09-25;216;836;125;349720;336911;9092;73.0;70.3;1.9
66;2021-09-26;63;204;11;349783;337115;9103;73.0;70.4;1.9
66;2021-09-27;178;477;446;349961;337592;9549;73.1;70.5;2.0
66;2021-09-28;251;492;327;350212;338084;9876;73.1;70.6;2.1
66;2021-09-29;236;548;314;350448;338632;10190;73.2;70.7;2.1
66;2021-09-30;321;448;480;350769;339080;10670;73.2;70.8;2.2
66;2021-10-01;403;519;409;351172;339599;11079;73.3;70.9;2.3
66;2021-10-02;278;583;102;351450;340182;11181;73.4;71.0;2.3
66;2021-10-03;75;113;40;351525;340295;11221;73.4;71.0;2.3
66;2021-10-04;253;378;525;351778;340673;11746;73.4;71.1;2.5
66;2021-10-05;242;382;597;352020;341055;12343;73.5;71.2;2.6
66;2021-10-06;211;370;460;352231;341425;12803;73.5;71.3;2.7
66;2021-10-07;233;425;472;352464;341850;13275;73.6;71.4;2.8
66;2021-10-08;285;496;646;352749;342346;13921;73.6;71.5;2.9
66;2021-10-09;295;483;260;353044;342829;14181;73.7;71.6;3.0
66;2021-10-10;6;19;5;353050;342848;14186;73.7;71.6;3.0
66;2021-10-11;214;374;389;353264;343222;14575;73.8;71.7;3.0
66;2021-10-12;227;318;575;353491;343540;15150;73.8;71.7;3.2
66;2021-10-13;222;397;606;353713;343937;15756;73.8;71.8;3.3
66;2021-10-14;210;287;627;353923;344224;16383;73.9;71.9;3.4
66;2021-10-15;329;385;715;354252;344609;17098;74.0;71.9;3.6
66;2021-10-16;232;299;194;354484;344908;17292;74.0;72.0;3.6
66;2021-10-17;7;17;0;354491;344925;17292;74.0;72.0;3.6
66;2021-10-18;193;227;500;354684;345152;17792;74.0;72.1;3.7
66;2021-10-19;207;273;699;354891;345425;18491;74.1;72.1;3.9
66;2021-10-20;192;262;688;355083;345687;19179;74.1;72.2;4.0
66;2021-10-21;211;342;880;355294;346029;20059;74.2;72.2;4.2
66;2021-10-22;207;321;745;355501;346350;20804;74.2;72.3;4.3
66;2021-10-23;221;290;331;355722;346640;21135;74.3;72.4;4.4
66;2021-10-24;4;11;14;355726;346651;21149;74.3;72.4;4.4
66;2021-10-25;173;305;681;355899;346956;21830;74.3;72.4;4.6
66;2021-10-26;149;220;697;356048;347176;22527;74.3;72.5;4.7
66;2021-10-27;135;209;791;356183;347385;23318;74.4;72.5;4.9
66;2021-10-28;173;229;811;356356;347614;24129;74.4;72.6;5.0
66;2021-10-29;183;267;766;356539;347881;24895;74.4;72.6;5.2
66;2021-10-30;121;224;313;356660;348105;25208;74.5;72.7;5.3
66;2021-10-31;6;3;5;356666;348108;25213;74.5;72.7;5.3
66;2021-11-01;39;32;11;356705;348140;25224;74.5;72.7;5.3
66;2021-11-02;196;282;900;356901;348422;26124;74.5;72.7;5.5
66;2021-11-03;214;271;1019;357115;348693;27143;74.6;72.8;5.7
66;2021-11-04;216;206;1085;357331;348899;28228;74.6;72.8;5.9
66;2021-11-05;200;291;1173;357531;349190;29401;74.6;72.9;6.1
66;2021-11-06;148;263;453;357679;349453;29854;74.7;73.0;6.2
66;2021-11-07;11;20;13;357690;349473;29867;74.7;73.0;6.2
66;2021-11-08;107;248;1015;357797;349721;30882;74.7;73.0;6.4
66;2021-11-09;139;207;1498;357936;349928;32380;74.7;73.1;6.8
66;2021-11-10;205;251;1404;358141;350179;33784;74.8;73.1;7.1
66;2021-11-11;14;31;43;358155;350210;33827;74.8;73.1;7.1
66;2021-11-12;163;275;1608;358318;350485;35435;74.8;73.2;7.4
66;2021-11-13;96;197;462;358414;350682;35897;74.8;73.2;7.5
66;2021-11-14;15;12;29;358429;350694;35926;74.8;73.2;7.5
66;2021-11-15;119;170;1588;358548;350864;37514;74.9;73.2;7.8
66;2021-11-16;161;200;2114;358709;351064;39628;74.9;73.3;8.3
66;2021-11-17;179;217;1797;358888;351281;41425;74.9;73.3;8.6
66;2021-11-18;188;224;2311;359076;351505;43736;75.0;73.4;9.1
66;2021-11-19;203;232;2418;359279;351737;46154;75.0;73.4;9.6
66;2021-11-20;211;181;829;359490;351918;46983;75.1;73.5;9.8
66;2021-11-21;17;31;24;359507;351949;47007;75.1;73.5;9.8
66;2021-11-22;218;133;1720;359725;352082;48727;75.1;73.5;10.2
66;2021-11-23;193;210;2553;359918;352292;51280;75.1;73.5;10.7
66;2021-11-24;194;250;1926;360112;352542;53206;75.2;73.6;11.1
66;2021-11-25;195;196;2534;360307;352738;55740;75.2;73.6;11.6
66;2021-11-26;228;246;3597;360535;352984;59337;75.3;73.7;12.4
66;2021-11-27;185;214;1459;360720;353198;60796;75.3;73.7;12.7
66;2021-11-28;50;50;1860;360770;353248;62656;75.3;73.7;13.1
66;2021-11-29;157;192;3583;360927;353440;66239;75.4;73.8;13.8
66;2021-11-30;241;266;4768;361168;353706;71007;75.4;73.8;14.8
66;2021-12-01;189;275;4524;361357;353981;75531;75.4;73.9;15.8
66;2021-12-02;165;173;5698;361522;354154;81229;75.5;73.9;17.0
66;2021-12-03;206;227;5739;361728;354381;86968;75.5;74.0;18.2
66;2021-12-04;128;148;2167;361856;354529;89135;75.5;74.0;18.6
66;2021-12-05;17;23;250;361873;354552;89385;75.5;74.0;18.7
66;2021-12-06;190;193;4737;362063;354745;94122;75.6;74.1;19.6
66;2021-12-07;191;217;5797;362254;354962;99919;75.6;74.1;20.9
66;2021-12-08;212;224;5383;362466;355186;105302;75.7;74.2;22.0
66;2021-12-09;188;243;6257;362654;355429;111559;75.7;74.2;23.3
66;2021-12-10;313;292;6687;362967;355721;118246;75.8;74.3;24.7
66;2021-12-11;160;272;3003;363127;355993;121249;75.8;74.3;25.3
66;2021-12-12;18;41;633;363145;356034;121882;75.8;74.3;25.4
66;2021-12-13;158;239;5104;363303;356273;126986;75.8;74.4;26.5
66;2021-12-14;221;253;7015;363524;356526;134001;75.9;74.4;28.0
66;2021-12-15;222;255;6205;363746;356781;140206;75.9;74.5;29.3
66;2021-12-16;240;243;5778;363986;357024;145984;76.0;74.5;30.5
66;2021-12-17;266;327;6417;364252;357351;152401;76.0;74.6;31.8
66;2021-12-18;196;201;3600;364448;357552;156001;76.1;74.6;32.6
66;2021-12-19;31;29;527;364479;357581;156528;76.1;74.7;32.7
66;2021-12-20;259;292;4377;364738;357873;160905;76.1;74.7;33.6
66;2021-12-21;272;264;4856;365010;358137;165761;76.2;74.8;34.6
66;2021-12-22;272;258;3608;365282;358395;169369;76.3;74.8;35.4
66;2021-12-23;239;192;2995;365521;358587;172364;76.3;74.9;36.0
66;2021-12-24;76;102;1204;365597;358689;173568;76.3;74.9;36.2
66;2021-12-25;2;11;44;365599;358700;173612;76.3;74.9;36.2
66;2021-12-26;11;15;110;365610;358715;173722;76.3;74.9;36.3
67;2020-12-27;0;0;0;0;0;0;0.0;0.0;0.0
67;2020-12-28;3;0;0;3;0;0;0.0;0.0;0.0
67;2020-12-29;2;0;0;5;0;0;0.0;0.0;0.0
67;2020-12-30;1;0;0;6;0;0;0.0;0.0;0.0
67;2020-12-31;1;0;0;7;0;0;0.0;0.0;0.0
67;2021-01-01;5;0;0;12;0;0;0.0;0.0;0.0
67;2021-01-02;1;0;0;13;0;0;0.0;0.0;0.0
67;2021-01-03;1;0;0;14;0;0;0.0;0.0;0.0
67;2021-01-04;43;0;0;57;0;0;0.0;0.0;0.0
67;2021-01-05;169;7;0;226;7;0;0.0;0.0;0.0
67;2021-01-06;125;0;0;351;7;0;0.0;0.0;0.0
67;2021-01-07;240;1;0;591;8;0;0.1;0.0;0.0
67;2021-01-08;235;2;0;826;10;0;0.1;0.0;0.0
67;2021-01-09;111;1;0;937;11;0;0.1;0.0;0.0
67;2021-01-10;67;0;0;1004;11;0;0.1;0.0;0.0
67;2021-01-11;189;1;0;1193;12;0;0.1;0.0;0.0
67;2021-01-12;521;3;0;1714;15;0;0.2;0.0;0.0
67;2021-01-13;669;4;0;2383;19;0;0.2;0.0;0.0
67;2021-01-14;1094;8;0;3477;27;0;0.3;0.0;0.0
67;2021-01-15;928;7;0;4405;34;0;0.4;0.0;0.0
67;2021-01-16;199;4;0;4604;38;0;0.4;0.0;0.0
67;2021-01-17;100;0;0;4704;38;0;0.4;0.0;0.0
67;2021-01-18;909;6;0;5613;44;0;0.5;0.0;0.0
67;2021-01-19;1396;5;0;7009;49;0;0.6;0.0;0.0
67;2021-01-20;1835;14;0;8844;63;0;0.8;0.0;0.0
67;2021-01-21;2190;11;0;11034;74;0;1.0;0.0;0.0
67;2021-01-22;1978;11;0;13012;85;0;1.1;0.0;0.0
67;2021-01-23;728;5;0;13740;90;0;1.2;0.0;0.0
67;2021-01-24;397;1;0;14137;91;0;1.2;0.0;0.0
67;2021-01-25;568;30;0;14705;121;0;1.3;0.0;0.0
67;2021-01-26;237;107;0;14942;228;0;1.3;0.0;0.0
67;2021-01-27;1433;137;0;16375;365;0;1.4;0.0;0.0
67;2021-01-28;3003;232;0;19378;597;0;1.7;0.1;0.0
67;2021-01-29;1985;169;0;21363;766;0;1.9;0.1;0.0
67;2021-01-30;1061;78;0;22424;844;0;2.0;0.1;0.0
67;2021-01-31;1127;32;0;23551;876;0;2.1;0.1;0.0
67;2021-02-01;3238;251;0;26789;1127;0;2.4;0.1;0.0
67;2021-02-02;2593;427;0;29382;1554;0;2.6;0.1;0.0
67;2021-02-03;1533;413;0;30915;1967;0;2.7;0.2;0.0
67;2021-02-04;1130;769;0;32045;2736;0;2.8;0.2;0.0
67;2021-02-05;1147;628;0;33192;3364;0;2.9;0.3;0.0
67;2021-02-06;763;142;0;33955;3506;0;3.0;0.3;0.0
67;2021-02-07;291;46;0;34246;3552;0;3.0;0.3;0.0
67;2021-02-08;846;460;0;35092;4012;0;3.1;0.4;0.0
67;2021-02-09;1022;737;0;36114;4749;0;3.2;0.4;0.0
67;2021-02-10;982;807;0;37096;5556;0;3.3;0.5;0.0
67;2021-02-11;1180;1151;0;38276;6707;0;3.4;0.6;0.0
67;2021-02-12;1246;807;0;39522;7514;0;3.5;0.7;0.0
67;2021-02-13;775;270;0;40297;7784;0;3.6;0.7;0.0
67;2021-02-14;251;97;0;40548;7881;0;3.6;0.7;0.0
67;2021-02-15;808;892;0;41356;8773;0;3.7;0.8;0.0
67;2021-02-16;935;1166;0;42291;9939;0;3.7;0.9;0.0
67;2021-02-17;830;1211;0;43121;11150;0;3.8;1.0;0.0
67;2021-02-18;1428;2521;0;44549;13671;0;3.9;1.2;0.0
67;2021-02-19;1307;2102;0;45856;15773;0;4.0;1.4;0.0
67;2021-02-20;608;826;0;46464;16599;0;4.1;1.5;0.0
67;2021-02-21;199;1167;0;46663;17766;0;4.1;1.6;0.0
67;2021-02-22;1370;2087;0;48033;19853;0;4.2;1.8;0.0
67;2021-02-23;1463;1579;0;49496;21432;0;4.4;1.9;0.0
67;2021-02-24;1429;1073;0;50925;22505;0;4.5;2.0;0.0
67;2021-02-25;1629;1476;0;52554;23981;0;4.6;2.1;0.0
67;2021-02-26;2262;1404;0;54816;25385;0;4.8;2.2;0.0
67;2021-02-27;1255;772;0;56071;26157;0;5.0;2.3;0.0
67;2021-02-28;150;364;0;56221;26521;0;5.0;2.3;0.0
67;2021-03-01;675;990;0;56896;27511;0;5.0;2.4;0.0
67;2021-03-02;956;1184;0;57852;28695;0;5.1;2.5;0.0
67;2021-03-03;1478;1241;0;59330;29936;0;5.2;2.6;0.0
67;2021-03-04;2024;1066;0;61354;31002;0;5.4;2.7;0.0
67;2021-03-05;3288;1125;0;64642;32127;0;5.7;2.8;0.0
67;2021-03-06;2392;756;0;67034;32883;0;5.9;2.9;0.0
67;2021-03-07;527;290;0;67561;33173;0;6.0;2.9;0.0
67;2021-03-08;1232;818;0;68793;33991;0;6.1;3.0;0.0
67;2021-03-09;2244;971;0;71037;34962;0;6.3;3.1;0.0
67;2021-03-10;2477;1237;0;73514;36199;0;6.5;3.2;0.0
67;2021-03-11;3220;1408;0;76734;37607;0;6.8;3.3;0.0
67;2021-03-12;5201;1421;0;81935;39028;0;7.2;3.4;0.0
67;2021-03-13;4034;883;0;85969;39911;0;7.6;3.5;0.0
67;2021-03-14;588;381;0;86557;40292;0;7.6;3.6;0.0
67;2021-03-15;2285;1149;0;88842;41441;0;7.8;3.7;0.0
67;2021-03-16;1673;1233;0;90515;42674;0;8.0;3.8;0.0
67;2021-03-17;2176;951;0;92691;43625;0;8.2;3.9;0.0
67;2021-03-18;2461;783;0;95152;44408;0;8.4;3.9;0.0
67;2021-03-19;3765;774;0;98917;45182;0;8.7;4.0;0.0
67;2021-03-20;3054;516;0;101971;45698;0;9.0;4.0;0.0
67;2021-03-21;345;26;0;102316;45724;0;9.0;4.0;0.0
67;2021-03-22;2402;801;0;104718;46525;0;9.2;4.1;0.0
67;2021-03-23;3451;840;0;108169;47365;0;9.6;4.2;0.0
67;2021-03-24;3923;885;0;112092;48250;0;9.9;4.3;0.0
67;2021-03-25;5339;597;0;117431;48847;0;10.4;4.3;0.0
67;2021-03-26;6801;542;0;124232;49389;0;11.0;4.4;0.0
67;2021-03-27;3808;349;0;128040;49738;0;11.3;4.4;0.0
67;2021-03-28;579;108;0;128619;49846;0;11.4;4.4;0.0
67;2021-03-29;3772;495;0;132391;50341;0;11.7;4.4;0.0
67;2021-03-30;4783;780;0;137174;51121;0;12.1;4.5;0.0
67;2021-03-31;4722;819;0;141896;51940;0;12.5;4.6;0.0
67;2021-04-01;5020;1045;0;146916;52985;0;13.0;4.7;0.0
67;2021-04-02;1053;204;0;147969;53189;0;13.1;4.7;0.0
67;2021-04-03;1608;302;0;149577;53491;0;13.2;4.7;0.0
67;2021-04-04;350;28;0;149927;53519;0;13.2;4.7;0.0
67;2021-04-05;394;12;0;150321;53531;0;13.3;4.7;0.0
67;2021-04-06;3432;1287;0;153753;54818;0;13.6;4.8;0.0
67;2021-04-07;4473;1364;0;158226;56182;0;14.0;5.0;0.0
67;2021-04-08;5502;1454;0;163728;57636;0;14.5;5.1;0.0
67;2021-04-09;6981;1386;0;170709;59022;0;15.1;5.2;0.0
67;2021-04-10;4150;958;0;174859;59980;0;15.4;5.3;0.0
67;2021-04-11;850;514;0;175709;60494;0;15.5;5.3;0.0
67;2021-04-12;3839;1523;0;179548;62017;0;15.9;5.5;0.0
67;2021-04-13;4794;1717;0;184342;63734;0;16.3;5.6;0.0
67;2021-04-14;5167;1997;0;189509;65731;0;16.7;5.8;0.0
67;2021-04-15;5945;2215;0;195454;67946;0;17.3;6.0;0.0
67;2021-04-16;7615;2511;0;203069;70457;0;17.9;6.2;0.0
67;2021-04-17;3837;1562;0;206906;72019;0;18.3;6.4;0.0
67;2021-04-18;1065;644;0;207971;72663;0;18.4;6.4;0.0
67;2021-04-19;3507;2198;0;211478;74861;0;18.7;6.6;0.0
67;2021-04-20;4112;1993;0;215590;76854;0;19.0;6.8;0.0
67;2021-04-21;3976;2552;0;219566;79406;0;19.4;7.0;0.0
67;2021-04-22;4423;2911;0;223989;82317;0;19.8;7.3;0.0
67;2021-04-23;5149;2994;0;229138;85311;0;20.2;7.5;0.0
67;2021-04-24;3015;1963;0;232153;87274;0;20.5;7.7;0.0
67;2021-04-25;992;444;0;233145;87718;0;20.6;7.7;0.0
67;2021-04-26;3145;2570;0;236290;90288;0;20.9;8.0;0.0
67;2021-04-27;3964;2890;0;240254;93178;0;21.2;8.2;0.0
67;2021-04-28;4200;3329;0;244454;96507;0;21.6;8.5;0.0
67;2021-04-29;5138;3475;0;249592;99982;0;22.0;8.8;0.0
67;2021-04-30;7120;2437;0;256712;102419;0;22.7;9.0;0.0
67;2021-05-01;2637;769;0;259349;103188;0;22.9;9.1;0.0
67;2021-05-02;2145;669;0;261494;103857;0;23.1;9.2;0.0
67;2021-05-03;5439;2598;0;266933;106455;0;23.6;9.4;0.0
67;2021-05-04;5709;3541;0;272642;109996;0;24.1;9.7;0.0
67;2021-05-05;5133;4110;0;277775;114106;0;24.5;10.1;0.0
67;2021-05-06;6669;4725;0;284444;118831;0;25.1;10.5;0.0
67;2021-05-07;6442;6751;0;290886;125582;0;25.7;11.1;0.0
67;2021-05-08;3504;1007;0;294390;126589;0;26.0;11.2;0.0
67;2021-05-09;3179;606;0;297569;127195;0;26.3;11.2;0.0
67;2021-05-10;4779;4478;0;302348;131673;0;26.7;11.6;0.0
67;2021-05-11;5772;4861;0;308120;136534;0;27.2;12.1;0.0
67;2021-05-12;6690;4716;0;314810;141250;0;27.8;12.5;0.0
67;2021-05-13;7369;1593;0;322179;142843;0;28.4;12.6;0.0
67;2021-05-14;8902;5153;0;331081;147996;0;29.2;13.1;0.0
67;2021-05-15;8022;3449;0;339103;151445;0;29.9;13.4;0.0
67;2021-05-16;5733;913;0;344836;152358;0;30.4;13.5;0.0
67;2021-05-17;5789;3742;0;350625;156100;0;31.0;13.8;0.0
67;2021-05-18;6989;3863;0;357614;159963;0;31.6;14.1;0.0
67;2021-05-19;7564;4048;0;365178;164011;0;32.2;14.5;0.0
67;2021-05-20;8908;4096;0;374086;168107;0;33.0;14.8;0.0
67;2021-05-21;8392;5685;0;382478;173792;0;33.8;15.3;0.0
67;2021-05-22;5905;3308;0;388383;177100;0;34.3;15.6;0.0
67;2021-05-23;2547;585;0;390930;177685;0;34.5;15.7;0.0
67;2021-05-24;4630;868;0;395560;178553;0;34.9;15.8;0.0
67;2021-05-25;5678;4724;0;401238;183277;0;35.4;16.2;0.0
67;2021-05-26;6404;4821;0;407642;188098;0;36.0;16.6;0.0
67;2021-05-27;7611;4876;0;415253;192974;0;36.7;17.0;0.0
67;2021-05-28;8310;6377;0;423563;199351;0;37.4;17.6;0.0
67;2021-05-29;6553;3801;0;430116;203152;0;38.0;17.9;0.0
67;2021-05-30;1148;783;0;431264;203935;0;38.1;18.0;0.0
67;2021-05-31;6678;4035;0;437942;207970;0;38.7;18.4;0.0
67;2021-06-01;7541;4390;0;445483;212360;0;39.3;18.7;0.0
67;2021-06-02;8226;4139;0;453709;216499;0;40.1;19.1;0.0
67;2021-06-03;8972;4862;0;462681;221361;0;40.9;19.5;0.0
67;2021-06-04;8600;6071;0;471281;227432;0;41.6;20.1;0.0
67;2021-06-05;6368;3891;0;477649;231323;0;42.2;20.4;0.0
67;2021-06-06;3166;828;0;480815;232151;0;42.5;20.5;0.0
67;2021-06-07;7421;4222;0;488236;236373;0;43.1;20.9;0.0
67;2021-06-08;8540;4919;0;496776;241292;0;43.9;21.3;0.0
67;2021-06-09;9062;4800;0;505838;246092;0;44.7;21.7;0.0
67;2021-06-10;9526;4968;0;515364;251060;0;45.5;22.2;0.0
67;2021-06-11;7951;8225;0;523315;259285;0;46.2;22.9;0.0
67;2021-06-12;6678;5055;0;529993;264340;0;46.8;23.3;0.0
67;2021-06-13;2793;1018;0;532786;265358;0;47.0;23.4;0.0
67;2021-06-14;5430;6350;0;538216;271708;0;47.5;24.0;0.0
67;2021-06-15;6515;6622;0;544731;278330;0;48.1;24.6;0.0
67;2021-06-16;6746;6569;0;551477;284899;0;48.7;25.2;0.0
67;2021-06-17;6995;8865;0;558472;293764;0;49.3;25.9;0.0
67;2021-06-18;7284;8393;0;565756;302157;0;50.0;26.7;0.0
67;2021-06-19;6026;5703;0;571782;307860;0;50.5;27.2;0.0
67;2021-06-20;1304;1326;0;573086;309186;0;50.6;27.3;0.0
67;2021-06-21;4135;6793;0;577221;315979;0;51.0;27.9;0.0
67;2021-06-22;4125;8897;0;581346;324876;0;51.3;28.7;0.0
67;2021-06-23;5102;8151;0;586448;333027;0;51.8;29.4;0.0
67;2021-06-24;4500;8813;0;590948;341840;0;52.2;30.2;0.0
67;2021-06-25;5177;9947;0;596125;351787;0;52.6;31.1;0.0
67;2021-06-26;3305;8915;0;599430;360702;0;52.9;31.8;0.0
67;2021-06-27;956;3416;0;600386;364118;0;53.0;32.1;0.0
67;2021-06-28;2782;8674;0;603168;372792;0;53.3;32.9;0.0
67;2021-06-29;2855;8658;0;606023;381450;0;53.5;33.7;0.0
67;2021-06-30;3277;8755;8;609300;390205;8;53.8;34.5;0.0
67;2021-07-01;3634;8397;0;612934;398602;8;54.1;35.2;0.0
67;2021-07-02;3759;10909;0;616693;409511;8;54.4;36.2;0.0
67;2021-07-03;2850;7602;0;619543;417113;8;54.7;36.8;0.0
67;2021-07-04;708;1793;0;620251;418906;8;54.8;37.0;0.0
67;2021-07-05;2702;8361;0;622953;427267;8;55.0;37.7;0.0
67;2021-07-06;2997;8570;0;625950;435837;8;55.3;38.5;0.0
67;2021-07-07;3888;8646;0;629838;444483;8;55.6;39.2;0.0
67;2021-07-08;4120;7791;0;633958;452274;8;56.0;39.9;0.0
67;2021-07-09;3709;11343;0;637667;463617;8;56.3;40.9;0.0
67;2021-07-10;2712;7989;0;640379;471606;8;56.5;41.6;0.0
67;2021-07-11;870;1893;0;641249;473499;8;56.6;41.8;0.0
67;2021-07-12;2467;9823;0;643716;483322;8;56.8;42.7;0.0
67;2021-07-13;4112;9957;0;647828;493279;8;57.2;43.6;0.0
67;2021-07-14;3429;4323;0;651257;497602;8;57.5;43.9;0.0
67;2021-07-15;5144;12090;0;656401;509692;8;58.0;45.0;0.0
67;2021-07-16;4920;12218;0;661321;521910;8;58.4;46.1;0.0
67;2021-07-17;3638;8601;0;664959;530511;8;58.7;46.8;0.0
67;2021-07-18;1373;2395;0;666332;532906;8;58.8;47.1;0.0
67;2021-07-19;4487;9680;0;670819;542586;8;59.2;47.9;0.0
67;2021-07-20;5707;9706;0;676526;552292;8;59.7;48.8;0.0
67;2021-07-21;5847;10318;0;682373;562610;8;60.2;49.7;0.0
67;2021-07-22;6370;9819;0;688743;572429;8;60.8;50.5;0.0
67;2021-07-23;7270;10985;0;696013;583414;8;61.5;51.5;0.0
67;2021-07-24;5204;7330;0;701217;590744;8;61.9;52.2;0.0
67;2021-07-25;2091;1870;0;703308;592614;8;62.1;52.3;0.0
67;2021-07-26;4976;7241;0;708284;599855;8;62.5;53.0;0.0
67;2021-07-27;6478;7148;0;714762;607003;8;63.1;53.6;0.0
67;2021-07-28;7405;7117;0;722167;614120;8;63.8;54.2;0.0
67;2021-07-29;8054;6312;0;730221;620432;8;64.5;54.8;0.0
67;2021-07-30;8339;7185;1;738560;627617;9;65.2;55.4;0.0
67;2021-07-31;4988;4740;0;743548;632357;9;65.6;55.8;0.0
67;2021-08-01;2238;1344;0;745786;633701;9;65.8;56.0;0.0
67;2021-08-02;6240;5053;0;752026;638754;9;66.4;56.4;0.0
67;2021-08-03;7053;4674;0;759079;643428;9;67.0;56.8;0.0
67;2021-08-04;6636;4572;0;765715;648000;9;67.6;57.2;0.0
67;2021-08-05;5510;4248;0;771225;652248;9;68.1;57.6;0.0
67;2021-08-06;6069;5368;0;777294;657616;9;68.6;58.1;0.0
67;2021-08-07;4330;4101;1;781624;661717;10;69.0;58.4;0.0
67;2021-08-08;1178;1332;0;782802;663049;10;69.1;58.5;0.0
67;2021-08-09;3092;4507;0;785894;667556;10;69.4;58.9;0.0
67;2021-08-10;3140;4774;0;789034;672330;10;69.7;59.4;0.0
67;2021-08-11;3234;4621;1;792268;676951;11;70.0;59.8;0.0
67;2021-08-12;2932;4734;0;795200;681685;11;70.2;60.2;0.0
67;2021-08-13;3142;5373;0;798342;687058;11;70.5;60.7;0.0
67;2021-08-14;2034;4835;0;800376;691893;11;70.7;61.1;0.0
67;2021-08-15;628;1416;0;801004;693309;11;70.7;61.2;0.0
67;2021-08-16;2015;5257;0;803019;698566;11;70.9;61.7;0.0
67;2021-08-17;2056;5295;0;805075;703861;11;71.1;62.1;0.0
67;2021-08-18;2222;6150;1;807297;710011;12;71.3;62.7;0.0
67;2021-08-19;1815;5897;0;809112;715908;12;71.4;63.2;0.0
67;2021-08-20;2222;7208;0;811334;723116;12;71.6;63.8;0.0
67;2021-08-21;1416;5288;0;812750;728404;12;71.8;64.3;0.0
67;2021-08-22;361;1879;0;813111;730283;12;71.8;64.5;0.0
67;2021-08-23;1780;6629;0;814891;736912;12;71.9;65.1;0.0
67;2021-08-24;1862;6451;0;816753;743363;12;72.1;65.6;0.0
67;2021-08-25;1970;6913;0;818723;750276;12;72.3;66.2;0.0
67;2021-08-26;1754;5332;0;820477;755608;12;72.4;66.7;0.0
67;2021-08-27;2059;6796;0;822536;762404;12;72.6;67.3;0.0
67;2021-08-28;1528;5689;0;824064;768093;12;72.8;67.8;0.0
67;2021-08-29;382;1450;0;824446;769543;12;72.8;67.9;0.0
67;2021-08-30;1349;4278;156;825795;773821;168;72.9;68.3;0.0
67;2021-08-31;1318;3784;241;827113;777605;409;73.0;68.7;0.0
67;2021-09-01;1839;3803;486;828952;781408;895;73.2;69.0;0.1
67;2021-09-02;1030;2495;415;829982;783903;1310;73.3;69.2;0.1
67;2021-09-03;1496;3675;519;831478;787578;1829;73.4;69.5;0.2
67;2021-09-04;1386;3543;339;832864;791121;2168;73.5;69.8;0.2
67;2021-09-05;266;764;92;833130;791885;2260;73.6;69.9;0.2
67;2021-09-06;921;1881;419;834051;793766;2679;73.6;70.1;0.2
67;2021-09-07;783;1735;393;834834;795501;3072;73.7;70.2;0.3
67;2021-09-08;1136;2304;521;835970;797805;3593;73.8;70.4;0.3
67;2021-09-09;1067;1712;514;837037;799517;4107;73.9;70.6;0.4
67;2021-09-10;1339;2280;547;838376;801797;4654;74.0;70.8;0.4
67;2021-09-11;1002;2520;364;839378;804317;5018;74.1;71.0;0.4
67;2021-09-12;227;467;96;839605;804784;5114;74.1;71.1;0.5
67;2021-09-13;685;1363;696;840290;806147;5810;74.2;71.2;0.5
67;2021-09-14;927;1357;1010;841217;807504;6820;74.3;71.3;0.6
67;2021-09-15;977;2014;953;842194;809518;7773;74.4;71.5;0.7
67;2021-09-16;722;1234;1022;842916;810752;8795;74.4;71.6;0.8
67;2021-09-17;964;2118;1046;843880;812870;9841;74.5;71.8;0.9
67;2021-09-18;793;2251;399;844673;815121;10240;74.6;72.0;0.9
67;2021-09-19;98;370;98;844771;815491;10338;74.6;72.0;0.9
67;2021-09-20;571;1049;936;845342;816540;11274;74.6;72.1;1.0
67;2021-09-21;465;909;733;845807;817449;12007;74.7;72.2;1.1
67;2021-09-22;600;1804;1105;846407;819253;13112;74.7;72.3;1.2
67;2021-09-23;529;854;848;846936;820107;13960;74.8;72.4;1.2
67;2021-09-24;631;1569;973;847567;821676;14933;74.8;72.5;1.3
67;2021-09-25;593;1729;388;848160;823405;15321;74.9;72.7;1.4
67;2021-09-26;81;284;81;848241;823689;15402;74.9;72.7;1.4
67;2021-09-27;398;814;596;848639;824503;15998;74.9;72.8;1.4
67;2021-09-28;403;763;629;849042;825266;16627;75.0;72.9;1.5
67;2021-09-29;612;1255;1039;849654;826521;17666;75.0;73.0;1.6
67;2021-09-30;395;835;1121;850049;827356;18787;75.1;73.0;1.7
67;2021-10-01;871;1359;1036;850920;828715;19823;75.1;73.2;1.8
67;2021-10-02;602;1225;380;851522;829940;20203;75.2;73.3;1.8
67;2021-10-03;100;202;79;851622;830142;20282;75.2;73.3;1.8
67;2021-10-04;380;584;533;852002;830726;20815;75.2;73.3;1.8
67;2021-10-05;364;671;647;852366;831397;21462;75.3;73.4;1.9
67;2021-10-06;601;1032;999;852967;832429;22461;75.3;73.5;2.0
67;2021-10-07;449;737;914;853416;833166;23375;75.3;73.6;2.1
67;2021-10-08;712;1176;994;854128;834342;24369;75.4;73.7;2.2
67;2021-10-09;502;979;577;854630;835321;24946;75.5;73.8;2.2
67;2021-10-10;71;102;48;854701;835423;24994;75.5;73.8;2.2
67;2021-10-11;401;599;704;855102;836022;25698;75.5;73.8;2.3
67;2021-10-12;372;554;704;855474;836576;26402;75.5;73.9;2.3
67;2021-10-13;537;913;1076;856011;837489;27478;75.6;73.9;2.4
67;2021-10-14;380;625;815;856391;838114;28293;75.6;74.0;2.5
67;2021-10-15;693;971;1441;857084;839085;29734;75.7;74.1;2.6
67;2021-10-16;533;895;743;857617;839980;30477;75.7;74.2;2.7
67;2021-10-17;110;105;63;857727;840085;30540;75.7;74.2;2.7
67;2021-10-18;406;482;859;858133;840567;31399;75.8;74.2;2.8
67;2021-10-19;314;492;804;858447;841059;32203;75.8;74.3;2.8
67;2021-10-20;453;659;1263;858900;841718;33466;75.8;74.3;3.0
67;2021-10-21;317;483;929;859217;842201;34395;75.9;74.4;3.0
67;2021-10-22;570;692;1414;859787;842893;35809;75.9;74.4;3.2
67;2021-10-23;502;713;1114;860289;843606;36923;76.0;74.5;3.3
67;2021-10-24;56;116;99;860345;843722;37022;76.0;74.5;3.3
67;2021-10-25;324;411;929;860669;844133;37951;76.0;74.5;3.4
67;2021-10-26;259;333;971;860928;844466;38922;76.0;74.6;3.4
67;2021-10-27;393;543;1502;861321;845009;40424;76.0;74.6;3.6
67;2021-10-28;325;408;1102;861646;845417;41526;76.1;74.6;3.7
67;2021-10-29;487;573;1854;862133;845990;43380;76.1;74.7;3.8
67;2021-10-30;367;493;1243;862500;846483;44623;76.2;74.7;3.9
67;2021-10-31;66;89;100;862566;846572;44723;76.2;74.7;3.9
67;2021-11-01;96;56;84;862662;846628;44807;76.2;74.8;4.0
67;2021-11-02;264;345;1058;862926;846973;45865;76.2;74.8;4.0
67;2021-11-03;397;626;1766;863323;847599;47631;76.2;74.8;4.2
67;2021-11-04;302;408;1377;863625;848007;49008;76.3;74.9;4.3
67;2021-11-05;573;689;2635;864198;848696;51643;76.3;74.9;4.6
67;2021-11-06;364;593;1647;864562;849289;53290;76.3;75.0;4.7
67;2021-11-07;41;117;142;864603;849406;53432;76.3;75.0;4.7
67;2021-11-08;251;479;1967;864854;849885;55399;76.4;75.0;4.9
67;2021-11-09;249;367;1995;865103;850252;57394;76.4;75.1;5.1
67;2021-11-10;395;547;2790;865498;850799;60184;76.4;75.1;5.3
67;2021-11-11;46;71;298;865544;850870;60482;76.4;75.1;5.3
67;2021-11-12;428;598;3392;865972;851468;63874;76.5;75.2;5.6
67;2021-11-13;391;552;2178;866363;852020;66052;76.5;75.2;5.8
67;2021-11-14;45;57;205;866408;852077;66257;76.5;75.2;5.8
67;2021-11-15;279;370;2756;866687;852447;69013;76.5;75.3;6.1
67;2021-11-16;341;350;2756;867028;852797;71769;76.6;75.3;6.3
67;2021-11-17;411;482;3593;867439;853279;75362;76.6;75.3;6.7
67;2021-11-18;385;413;3524;867824;853692;78886;76.6;75.4;7.0
67;2021-11-19;562;696;4871;868386;854388;83757;76.7;75.4;7.4
67;2021-11-20;355;534;2781;868741;854922;86538;76.7;75.5;7.6
67;2021-11-21;33;82;232;868774;855004;86770;76.7;75.5;7.7
67;2021-11-22;392;311;3363;869166;855315;90133;76.7;75.5;8.0
67;2021-11-23;399;338;3718;869565;855653;93851;76.8;75.5;8.3
67;2021-11-24;534;520;4152;870099;856173;98003;76.8;75.6;8.7
67;2021-11-25;409;382;4383;870508;856555;102386;76.9;75.6;9.0
67;2021-11-26;604;596;7400;871112;857151;109786;76.9;75.7;9.7
67;2021-11-27;386;462;4804;871498;857613;114590;76.9;75.7;10.1
67;2021-11-28;50;75;945;871548;857688;115535;77.0;75.7;10.2
67;2021-11-29;329;313;5642;871877;858001;121177;77.0;75.8;10.7
67;2021-11-30;395;380;6785;872272;858381;127962;77.0;75.8;11.3
67;2021-12-01;350;433;7307;872622;858814;135269;77.0;75.8;11.9
67;2021-12-02;241;274;8081;872863;859088;143350;77.1;75.9;12.7
67;2021-12-03;329;513;10623;873192;859601;153973;77.1;75.9;13.6
67;2021-12-04;309;410;8011;873501;860011;161984;77.1;75.9;14.3
67;2021-12-05;49;111;1573;873550;860122;163557;77.1;75.9;14.4
67;2021-12-06;240;308;9112;873790;860430;172669;77.1;76.0;15.2
67;2021-12-07;334;395;11732;874124;860825;184401;77.2;76.0;16.3
67;2021-12-08;350;482;10975;874474;861307;195376;77.2;76.0;17.3
67;2021-12-09;313;381;11535;874787;861688;206911;77.2;76.1;18.3
67;2021-12-10;461;583;14538;875248;862271;221449;77.3;76.1;19.6
67;2021-12-11;416;482;10860;875664;862753;232309;77.3;76.2;20.5
67;2021-12-12;98;90;2688;875762;862843;234997;77.3;76.2;20.7
67;2021-12-13;229;423;11785;875991;863266;246782;77.3;76.2;21.8
67;2021-12-14;393;479;14378;876384;863745;261160;77.4;76.3;23.1
67;2021-12-15;384;606;14048;876768;864351;275208;77.4;76.3;24.3
67;2021-12-16;314;523;13831;877082;864874;289039;77.4;76.4;25.5
67;2021-12-17;467;676;16714;877549;865550;305753;77.5;76.4;27.0
67;2021-12-18;378;477;11281;877927;866027;317034;77.5;76.5;28.0
67;2021-12-19;102;122;2602;878029;866149;319636;77.5;76.5;28.2
67;2021-12-20;392;433;12112;878421;866582;331748;77.6;76.5;29.3
67;2021-12-21;559;554;13428;878980;867136;345176;77.6;76.6;30.5
67;2021-12-22;491;474;11729;879471;867610;356905;77.7;76.6;31.5
67;2021-12-23;368;342;7954;879839;867952;364859;77.7;76.6;32.2
67;2021-12-24;75;105;1086;879914;868057;365945;77.7;76.6;32.3
67;2021-12-25;15;31;95;879929;868088;366040;77.7;76.6;32.3
67;2021-12-26;25;36;406;879954;868124;366446;77.7;76.6;32.4
68;2020-12-27;0;0;0;0;0;0;0.0;0.0;0.0
68;2020-12-28;1;0;0;1;0;0;0.0;0.0;0.0
68;2020-12-29;0;0;0;1;0;0;0.0;0.0;0.0
68;2020-12-30;2;0;0;3;0;0;0.0;0.0;0.0
68;2020-12-31;0;0;0;3;0;0;0.0;0.0;0.0
68;2021-01-01;0;0;0;3;0;0;0.0;0.0;0.0
68;2021-01-02;0;0;0;3;0;0;0.0;0.0;0.0
68;2021-01-03;0;0;0;3;0;0;0.0;0.0;0.0
68;2021-01-04;1;0;0;4;0;0;0.0;0.0;0.0
68;2021-01-05;11;0;0;15;0;0;0.0;0.0;0.0
68;2021-01-06;222;1;0;237;1;0;0.0;0.0;0.0
68;2021-01-07;84;1;0;321;2;0;0.0;0.0;0.0
68;2021-01-08;137;1;0;458;3;0;0.1;0.0;0.0
68;2021-01-09;25;1;0;483;4;0;0.1;0.0;0.0
68;2021-01-10;0;0;0;483;4;0;0.1;0.0;0.0
68;2021-01-11;94;0;0;577;4;0;0.1;0.0;0.0
68;2021-01-12;378;1;0;955;5;0;0.1;0.0;0.0
68;2021-01-13;703;3;0;1658;8;0;0.2;0.0;0.0
68;2021-01-14;383;2;0;2041;10;0;0.3;0.0;0.0
68;2021-01-15;225;1;0;2266;11;0;0.3;0.0;0.0
68;2021-01-16;4;0;0;2270;11;0;0.3;0.0;0.0
68;2021-01-17;1;0;0;2271;11;0;0.3;0.0;0.0
68;2021-01-18;389;4;0;2660;15;0;0.3;0.0;0.0
68;2021-01-19;600;5;0;3260;20;0;0.4;0.0;0.0
68;2021-01-20;748;10;0;4008;30;0;0.5;0.0;0.0
68;2021-01-21;1400;13;0;5408;43;0;0.7;0.0;0.0
68;2021-01-22;1482;14;0;6890;57;0;0.9;0.0;0.0
68;2021-01-23;255;3;0;7145;60;0;0.9;0.0;0.0
68;2021-01-24;671;2;0;7816;62;0;1.0;0.0;0.0
68;2021-01-25;1342;44;0;9158;106;0;1.2;0.0;0.0
68;2021-01-26;1493;76;0;10651;182;0;1.4;0.0;0.0
68;2021-01-27;2680;147;0;13331;329;0;1.7;0.0;0.0
68;2021-01-28;2315;59;0;15646;388;0;2.1;0.1;0.0
68;2021-01-29;1510;137;0;17156;525;0;2.2;0.1;0.0
68;2021-01-30;177;6;0;17333;531;0;2.3;0.1;0.0
68;2021-01-31;8;0;0;17341;531;0;2.3;0.1;0.0
68;2021-02-01;759;122;0;18100;653;0;2.4;0.1;0.0
68;2021-02-02;889;299;0;18989;952;0;2.5;0.1;0.0
68;2021-02-03;992;613;0;19981;1565;0;2.6;0.2;0.0
68;2021-02-04;1010;326;0;20991;1891;0;2.8;0.2;0.0
68;2021-02-05;961;235;0;21952;2126;0;2.9;0.3;0.0
68;2021-02-06;150;7;0;22102;2133;0;2.9;0.3;0.0
68;2021-02-07;3;17;0;22105;2150;0;2.9;0.3;0.0
68;2021-02-08;868;42;0;22973;2192;0;3.0;0.3;0.0
68;2021-02-09;1278;67;0;24251;2259;0;3.2;0.3;0.0
68;2021-02-10;1391;76;0;25642;2335;0;3.4;0.3;0.0
68;2021-02-11;1460;457;0;27102;2792;0;3.6;0.4;0.0
68;2021-02-12;1510;444;0;28612;3236;0;3.7;0.4;0.0
68;2021-02-13;141;6;0;28753;3242;0;3.8;0.4;0.0
68;2021-02-14;61;229;0;28814;3471;0;3.8;0.5;0.0
68;2021-02-15;619;1054;0;29433;4525;0;3.9;0.6;0.0
68;2021-02-16;830;1340;0;30263;5865;0;4.0;0.8;0.0
68;2021-02-17;1210;2063;0;31473;7928;0;4.1;1.0;0.0
68;2021-02-18;1606;2025;0;33079;9953;0;4.3;1.3;0.0
68;2021-02-19;971;1359;0;34050;11312;0;4.5;1.5;0.0
68;2021-02-20;108;165;0;34158;11477;0;4.5;1.5;0.0
68;2021-02-21;1;48;0;34159;11525;0;4.5;1.5;0.0
68;2021-02-22;445;799;0;34604;12324;0;4.5;1.6;0.0
68;2021-02-23;614;1035;0;35218;13359;0;4.6;1.8;0.0
68;2021-02-24;801;1151;0;36019;14510;0;4.7;1.9;0.0
68;2021-02-25;1178;1250;0;37197;15760;0;4.9;2.1;0.0
68;2021-02-26;1151;1002;0;38348;16762;0;5.0;2.2;0.0
68;2021-02-27;547;188;0;38895;16950;0;5.1;2.2;0.0
68;2021-02-28;12;1;0;38907;16951;0;5.1;2.2;0.0
68;2021-03-01;920;776;0;39827;17727;0;5.2;2.3;0.0
68;2021-03-02;1163;926;0;40990;18653;0;5.4;2.4;0.0
68;2021-03-03;1491;986;0;42481;19639;0;5.6;2.6;0.0
68;2021-03-04;1892;1038;0;44373;20677;0;5.8;2.7;0.0
68;2021-03-05;2265;1030;0;46638;21707;0;6.1;2.8;0.0
68;2021-03-06;2199;267;0;48837;21974;0;6.4;2.9;0.0
68;2021-03-07;818;103;0;49655;22077;0;6.5;2.9;0.0
68;2021-03-08;1385;944;0;51040;23021;0;6.7;3.0;0.0
68;2021-03-09;1649;1265;0;52689;24286;0;6.9;3.2;0.0
68;2021-03-10;1884;1749;0;54573;26035;0;7.2;3.4;0.0
68;2021-03-11;2552;1871;0;57125;27906;0;7.5;3.7;0.0
68;2021-03-12;2566;1374;0;59691;29280;0;7.8;3.8;0.0
68;2021-03-13;3274;276;0;62965;29556;0;8.3;3.9;0.0
68;2021-03-14;1405;63;0;64370;29619;0;8.4;3.9;0.0
68;2021-03-15;1630;603;0;66000;30222;0;8.6;4.0;0.0
68;2021-03-16;1862;575;0;67862;30797;0;8.9;4.0;0.0
68;2021-03-17;1803;695;0;69665;31492;0;9.1;4.1;0.0
68;2021-03-18;2043;905;0;71708;32397;0;9.4;4.2;0.0
68;2021-03-19;2900;713;0;74608;33110;0;9.8;4.3;0.0
68;2021-03-20;974;132;0;75582;33242;0;9.9;4.4;0.0
68;2021-03-21;75;2;0;75657;33244;0;9.9;4.4;0.0
68;2021-03-22;1874;568;0;77531;33812;0;10.2;4.4;0.0
68;2021-03-23;2751;583;0;80282;34395;0;10.5;4.5;0.0
68;2021-03-24;3117;757;0;83399;35152;0;10.9;4.6;0.0
68;2021-03-25;3393;765;0;86792;35917;0;11.4;4.7;0.0
68;2021-03-26;3923;710;0;90715;36627;0;11.9;4.8;0.0
68;2021-03-27;1183;175;0;91898;36802;0;12.0;4.8;0.0
68;2021-03-28;60;5;0;91958;36807;0;12.0;4.8;0.0
68;2021-03-29;2240;1292;0;94198;38099;0;12.3;5.0;0.0
68;2021-03-30;2930;1205;0;97128;39304;0;12.7;5.1;0.0
68;2021-03-31;2682;1254;0;99810;40558;0;13.1;5.3;0.0
68;2021-04-01;2780;1447;0;102590;42005;0;13.4;5.5;0.0
68;2021-04-02;323;101;0;102913;42106;0;13.5;5.5;0.0
68;2021-04-03;304;128;0;103217;42234;0;13.5;5.5;0.0
68;2021-04-04;27;2;0;103244;42236;0;13.5;5.5;0.0
68;2021-04-05;67;5;0;103311;42241;0;13.5;5.5;0.0
68;2021-04-06;1767;1229;0;105078;43470;0;13.8;5.7;0.0
68;2021-04-07;2587;1420;0;107665;44890;0;14.1;5.9;0.0
68;2021-04-08;3266;1431;0;110931;46321;0;14.5;6.1;0.0
68;2021-04-09;4179;1472;0;115110;47793;0;15.1;6.3;0.0
68;2021-04-10;1303;1870;0;116413;49663;0;15.3;6.5;0.0
68;2021-04-11;127;1181;0;116540;50844;0;15.3;6.7;0.0
68;2021-04-12;2660;1521;0;119200;52365;0;15.6;6.9;0.0
68;2021-04-13;2743;1967;0;121943;54332;0;16.0;7.1;0.0
68;2021-04-14;3523;2140;0;125466;56472;0;16.4;7.4;0.0
68;2021-04-15;4011;2000;0;129477;58472;0;17.0;7.7;0.0
68;2021-04-16;3892;1958;0;133369;60430;0;17.5;7.9;0.0
68;2021-04-17;1176;452;0;134545;60882;0;17.6;8.0;0.0
68;2021-04-18;115;17;0;134660;60899;0;17.6;8.0;0.0
68;2021-04-19;2309;1760;0;136969;62659;0;17.9;8.2;0.0
68;2021-04-20;2368;2227;0;139337;64886;0;18.3;8.5;0.0
68;2021-04-21;2770;2406;0;142107;67292;0;18.6;8.8;0.0
68;2021-04-22;3181;1946;0;145288;69238;0;19.0;9.1;0.0
68;2021-04-23;3290;2043;0;148578;71281;0;19.5;9.3;0.0
68;2021-04-24;860;542;0;149438;71823;0;19.6;9.4;0.0
68;2021-04-25;215;22;0;149653;71845;0;19.6;9.4;0.0
68;2021-04-26;2261;2100;0;151914;73945;0;19.9;9.7;0.0
68;2021-04-27;2533;2199;0;154447;76144;0;20.2;10.0;0.0
68;2021-04-28;3421;1817;0;157868;77961;0;20.7;10.2;0.0
68;2021-04-29;4008;1753;0;161876;79714;0;21.2;10.4;0.0
68;2021-04-30;4640;1405;0;166516;81119;0;21.8;10.6;0.0
68;2021-05-01;984;132;0;167500;81251;0;21.9;10.6;0.0
68;2021-05-02;734;77;0;168234;81328;0;22.0;10.7;0.0
68;2021-05-03;3510;1753;0;171744;83081;0;22.5;10.9;0.0
68;2021-05-04;3806;2315;0;175550;85396;0;23.0;11.2;0.0
68;2021-05-05;3572;3187;0;179122;88583;0;23.5;11.6;0.0
68;2021-05-06;4669;2882;0;183791;91465;0;24.1;12.0;0.0
68;2021-05-07;4358;2950;0;188149;94415;0;24.7;12.4;0.0
68;2021-05-08;1669;252;0;189818;94667;0;24.9;12.4;0.0
68;2021-05-09;1067;114;0;190885;94781;0;25.0;12.4;0.0
68;2021-05-10;2970;3673;0;193855;98454;0;25.4;12.9;0.0
68;2021-05-11;4534;3568;0;198389;102022;0;26.0;13.4;0.0
68;2021-05-12;5579;3252;0;203968;105274;0;26.7;13.8;0.0
68;2021-05-13;4555;883;0;208523;106157;0;27.3;13.9;0.0
68;2021-05-14;5619;2170;0;214142;108327;0;28.1;14.2;0.0
68;2021-05-15;3510;979;0;217652;109306;0;28.5;14.3;0.0
68;2021-05-16;776;148;0;218428;109454;0;28.6;14.3;0.0
68;2021-05-17;4299;2428;0;222727;111882;0;29.2;14.7;0.0
68;2021-05-18;6021;2305;0;228748;114187;0;30.0;15.0;0.0
68;2021-05-19;5720;2790;0;234468;116977;0;30.7;15.3;0.0
68;2021-05-20;5908;2414;0;240376;119391;0;31.5;15.6;0.0
68;2021-05-21;5713;2873;0;246089;122264;0;32.2;16.0;0.0
68;2021-05-22;2675;969;0;248764;123233;0;32.6;16.1;0.0
68;2021-05-23;140;25;0;248904;123258;0;32.6;16.2;0.0
68;2021-05-24;2210;942;0;251114;124200;0;32.9;16.3;0.0
68;2021-05-25;4194;3307;0;255308;127507;0;33.5;16.7;0.0
68;2021-05-26;4795;3288;0;260103;130795;0;34.1;17.1;0.0
68;2021-05-27;5330;3331;0;265433;134126;0;34.8;17.6;0.0
68;2021-05-28;5411;3719;0;270844;137845;0;35.5;18.1;0.0
68;2021-05-29;1625;1198;0;272469;139043;0;35.7;18.2;0.0
68;2021-05-30;82;65;0;272551;139108;0;35.7;18.2;0.0
68;2021-05-31;4926;2298;0;277477;141406;0;36.4;18.5;0.0
68;2021-06-01;5735;2737;0;283212;144143;0;37.1;18.9;0.0
68;2021-06-02;4900;2959;0;288112;147102;0;37.8;19.3;0.0
68;2021-06-03;5727;3041;0;293839;150143;0;38.5;19.7;0.0
68;2021-06-04;4947;3265;0;298786;153408;0;39.1;20.1;0.0
68;2021-06-05;935;1223;0;299721;154631;0;39.3;20.3;0.0
68;2021-06-06;148;125;0;299869;154756;0;39.3;20.3;0.0
68;2021-06-07;4545;2932;0;304414;157688;0;39.9;20.7;0.0
68;2021-06-08;4685;3442;0;309099;161130;0;40.5;21.1;0.0
68;2021-06-09;4833;3301;0;313932;164431;0;41.1;21.5;0.0
68;2021-06-10;4941;3093;0;318873;167524;0;41.8;22.0;0.0
68;2021-06-11;4897;4034;0;323770;171558;0;42.4;22.5;0.0
68;2021-06-12;2972;1777;0;326742;173335;0;42.8;22.7;0.0
68;2021-06-13;585;675;0;327327;174010;0;42.9;22.8;0.0
68;2021-06-14;2432;4280;0;329759;178290;0;43.2;23.4;0.0
68;2021-06-15;2993;4690;0;332752;182980;0;43.6;24.0;0.0
68;2021-06-16;3303;4405;0;336055;187385;0;44.0;24.6;0.0
68;2021-06-17;2377;4386;0;338432;191771;0;44.3;25.1;0.0
68;2021-06-18;3284;5090;0;341716;196861;0;44.8;25.8;0.0
68;2021-06-19;2249;2196;0;343965;199057;0;45.1;26.1;0.0
68;2021-06-20;272;887;0;344237;199944;0;45.1;26.2;0.0
68;2021-06-21;1967;4960;0;346204;204904;0;45.4;26.8;0.0
68;2021-06-22;1857;5103;0;348061;210007;0;45.6;27.5;0.0
68;2021-06-23;2235;5637;0;350296;215644;0;45.9;28.3;0.0
68;2021-06-24;2090;4743;0;352386;220387;0;46.2;28.9;0.0
68;2021-06-25;2198;6378;0;354584;226765;0;46.5;29.7;0.0
68;2021-06-26;1263;2634;0;355847;229399;0;46.6;30.1;0.0
68;2021-06-27;169;856;0;356016;230255;0;46.6;30.2;0.0
68;2021-06-28;1527;6233;0;357543;236488;0;46.8;31.0;0.0
68;2021-06-29;1489;6449;0;359032;242937;0;47.0;31.8;0.0
68;2021-06-30;1771;6417;0;360803;249354;0;47.3;32.7;0.0
68;2021-07-01;2113;5258;0;362916;254612;0;47.6;33.4;0.0
68;2021-07-02;2174;6371;0;365090;260983;0;47.8;34.2;0.0
68;2021-07-03;1030;2021;0;366120;263004;0;48.0;34.5;0.0
68;2021-07-04;240;230;0;366360;263234;0;48.0;34.5;0.0
68;2021-07-05;1427;5227;0;367787;268461;0;48.2;35.2;0.0
68;2021-07-06;1965;5667;0;369752;274128;0;48.4;35.9;0.0
68;2021-07-07;2375;4970;0;372127;279098;0;48.8;36.6;0.0
68;2021-07-08;2390;4650;0;374517;283748;0;49.1;37.2;0.0
68;2021-07-09;2065;7101;0;376582;290849;0;49.3;38.1;0.0
68;2021-07-10;1023;2071;0;377605;292920;0;49.5;38.4;0.0
68;2021-07-11;157;205;0;377762;293125;0;49.5;38.4;0.0
68;2021-07-12;1615;6466;0;379377;299591;0;49.7;39.3;0.0
68;2021-07-13;2779;6320;0;382156;305911;0;50.1;40.1;0.0
68;2021-07-14;1778;1091;0;383934;307002;0;50.3;40.2;0.0
68;2021-07-15;3181;6499;0;387115;313501;0;50.7;41.1;0.0
68;2021-07-16;3816;6665;0;390931;320166;0;51.2;42.0;0.0
68;2021-07-17;3351;2399;0;394282;322565;0;51.7;42.3;0.0
68;2021-07-18;1016;301;0;395298;322866;0;51.8;42.3;0.0
68;2021-07-19;3181;5897;0;398479;328763;0;52.2;43.1;0.0
68;2021-07-20;4218;5466;0;402697;334229;0;52.8;43.8;0.0
68;2021-07-21;4400;5663;0;407097;339892;0;53.3;44.5;0.0
68;2021-07-22;4185;4700;0;411282;344592;0;53.9;45.2;0.0
68;2021-07-23;5009;5680;0;416291;350272;0;54.5;45.9;0.0
68;2021-07-24;3293;2154;0;419584;352426;0;55.0;46.2;0.0
68;2021-07-25;842;552;0;420426;352978;0;55.1;46.2;0.0
68;2021-07-26;4743;4259;0;425169;357237;0;55.7;46.8;0.0
68;2021-07-27;6128;3649;0;431297;360886;0;56.5;47.3;0.0
68;2021-07-28;6593;3716;0;437890;364602;0;57.4;47.8;0.0
68;2021-07-29;6185;3337;0;444075;367939;0;58.2;48.2;0.0
68;2021-07-30;6197;4245;0;450272;372184;0;59.0;48.8;0.0
68;2021-07-31;3790;1463;0;454062;373647;0;59.5;49.0;0.0
68;2021-08-01;1560;499;0;455622;374146;0;59.7;49.0;0.0
68;2021-08-02;4583;3076;0;460205;377222;0;60.3;49.4;0.0
68;2021-08-03;3564;2457;0;463769;379679;0;60.8;49.7;0.0
68;2021-08-04;3159;2678;1;466928;382357;1;61.2;50.1;0.0
68;2021-08-05;2806;2648;0;469734;385005;1;61.5;50.4;0.0
68;2021-08-06;3974;4164;0;473708;389169;1;62.1;51.0;0.0
68;2021-08-07;1350;1404;0;475058;390573;1;62.2;51.2;0.0
68;2021-08-08;388;819;0;475446;391392;1;62.3;51.3;0.0
68;2021-08-09;2478;3608;0;477924;395000;1;62.6;51.8;0.0
68;2021-08-10;2213;2962;0;480137;397962;1;62.9;52.1;0.0
68;2021-08-11;1912;2912;0;482049;400874;1;63.2;52.5;0.0
68;2021-08-12;1791;2827;0;483840;403701;1;63.4;52.9;0.0
68;2021-08-13;2609;4632;0;486449;408333;1;63.7;53.5;0.0
68;2021-08-14;753;1557;0;487202;409890;1;63.8;53.7;0.0
68;2021-08-15;64;468;0;487266;410358;1;63.8;53.8;0.0
68;2021-08-16;1904;4935;0;489170;415293;1;64.1;54.4;0.0
68;2021-08-17;1746;4706;1;490916;419999;2;64.3;55.0;0.0
68;2021-08-18;1249;3789;0;492165;423788;2;64.5;55.5;0.0
68;2021-08-19;1338;3785;0;493503;427573;2;64.7;56.0;0.0
68;2021-08-20;2160;6031;1;495663;433604;3;64.9;56.8;0.0
68;2021-08-21;549;1495;0;496212;435099;3;65.0;57.0;0.0
68;2021-08-22;127;489;0;496339;435588;3;65.0;57.1;0.0
68;2021-08-23;1188;5297;0;497527;440885;3;65.2;57.8;0.0
68;2021-08-24;1354;5729;0;498881;446614;3;65.4;58.5;0.0
68;2021-08-25;1582;3767;0;500463;450381;3;65.6;59.0;0.0
68;2021-08-26;1916;4424;0;502379;454805;3;65.8;59.6;0.0
68;2021-08-27;1783;6143;1;504162;460948;4;66.1;60.4;0.0
68;2021-08-28;448;1245;0;504610;462193;4;66.1;60.6;0.0
68;2021-08-29;47;433;0;504657;462626;4;66.1;60.6;0.0
68;2021-08-30;1287;4299;37;505944;466925;41;66.3;61.2;0.0
68;2021-08-31;1253;3920;128;507197;470845;169;66.5;61.7;0.0
68;2021-09-01;1014;2176;136;508211;473021;305;66.6;62.0;0.0
68;2021-09-02;918;1771;224;509129;474792;529;66.7;62.2;0.1
68;2021-09-03;1313;4173;297;510442;478965;826;66.9;62.8;0.1
68;2021-09-04;550;951;86;510992;479916;912;67.0;62.9;0.1
68;2021-09-05;202;142;58;511194;480058;970;67.0;62.9;0.1
68;2021-09-06;719;2031;250;511913;482089;1220;67.1;63.2;0.2
68;2021-09-07;627;1267;192;512540;483356;1412;67.2;63.3;0.2
68;2021-09-08;653;1383;159;513193;484739;1571;67.2;63.5;0.2
68;2021-09-09;913;1263;332;514106;486002;1903;67.4;63.7;0.2
68;2021-09-10;1480;2954;331;515586;488956;2234;67.6;64.1;0.3
68;2021-09-11;475;696;56;516061;489652;2290;67.6;64.2;0.3
68;2021-09-12;75;76;10;516136;489728;2300;67.6;64.2;0.3
68;2021-09-13;828;1217;225;516964;490945;2525;67.7;64.3;0.3
68;2021-09-14;975;1311;536;517939;492256;3061;67.9;64.5;0.4
68;2021-09-15;724;1570;555;518663;493826;3616;68.0;64.7;0.5
68;2021-09-16;629;1043;482;519292;494869;4098;68.0;64.8;0.5
68;2021-09-17;984;2260;583;520276;497129;4681;68.2;65.1;0.6
68;2021-09-18;456;797;188;520732;497926;4869;68.2;65.2;0.6
68;2021-09-19;23;74;19;520755;498000;4888;68.2;65.3;0.6
68;2021-09-20;561;956;320;521316;498956;5208;68.3;65.4;0.7
68;2021-09-21;592;1257;756;521908;500213;5964;68.4;65.5;0.8
68;2021-09-22;621;1171;629;522529;501384;6593;68.5;65.7;0.9
68;2021-09-23;356;694;698;522885;502078;7291;68.5;65.8;1.0
68;2021-09-24;638;1524;800;523523;503602;8091;68.6;66.0;1.1
68;2021-09-25;300;697;176;523823;504299;8267;68.6;66.1;1.1
68;2021-09-26;32;57;12;523855;504356;8279;68.6;66.1;1.1
68;2021-09-27;346;676;515;524201;505032;8794;68.7;66.2;1.2
68;2021-09-28;346;548;524;524547;505580;9318;68.7;66.2;1.2
68;2021-09-29;563;859;891;525110;506439;10209;68.8;66.4;1.3
68;2021-09-30;403;763;671;525513;507202;10880;68.9;66.5;1.4
68;2021-10-01;888;1540;702;526401;508742;11582;69.0;66.7;1.5
68;2021-10-02;334;583;203;526735;509325;11785;69.0;66.7;1.5
68;2021-10-03;61;99;15;526796;509424;11800;69.0;66.7;1.5
68;2021-10-04;344;451;441;527140;509875;12241;69.1;66.8;1.6
68;2021-10-05;361;593;509;527501;510468;12750;69.1;66.9;1.7
68;2021-10-06;420;865;564;527921;511333;13314;69.2;67.0;1.7
68;2021-10-07;391;591;668;528312;511924;13982;69.2;67.1;1.8
68;2021-10-08;1052;1587;1170;529364;513511;15152;69.4;67.3;2.0
68;2021-10-09;315;621;298;529679;514132;15450;69.4;67.4;2.0
68;2021-10-10;39;51;45;529718;514183;15495;69.4;67.4;2.0
68;2021-10-11;323;472;419;530041;514655;15914;69.4;67.4;2.1
68;2021-10-12;271;493;511;530312;515148;16425;69.5;67.5;2.2
68;2021-10-13;510;642;662;530822;515790;17087;69.6;67.6;2.2
68;2021-10-14;407;625;794;531229;516415;17881;69.6;67.7;2.3
68;2021-10-15;703;945;1294;531932;517360;19175;69.7;67.8;2.5
68;2021-10-16;230;392;320;532162;517752;19495;69.7;67.8;2.6
68;2021-10-17;29;33;34;532191;517785;19529;69.7;67.8;2.6
68;2021-10-18;262;355;435;532453;518140;19964;69.8;67.9;2.6
68;2021-10-19;278;440;415;532731;518580;20379;69.8;67.9;2.7
68;2021-10-20;442;525;987;533173;519105;21366;69.9;68.0;2.8
68;2021-10-21;367;553;896;533540;519658;22262;69.9;68.1;2.9
68;2021-10-22;582;774;1353;534122;520432;23615;70.0;68.2;3.1
68;2021-10-23;204;354;445;534326;520786;24060;70.0;68.2;3.2
68;2021-10-24;25;49;22;534351;520835;24082;70.0;68.2;3.2
68;2021-10-25;196;267;476;534547;521102;24558;70.0;68.3;3.2
68;2021-10-26;189;286;519;534736;521388;25077;70.1;68.3;3.3
68;2021-10-27;341;418;1058;535077;521806;26135;70.1;68.4;3.4
68;2021-10-28;309;411;1057;535386;522217;27192;70.1;68.4;3.6
68;2021-10-29;453;614;1554;535839;522831;28746;70.2;68.5;3.8
68;2021-10-30;178;310;493;536017;523141;29239;70.2;68.5;3.8
68;2021-10-31;14;42;47;536031;523183;29286;70.2;68.6;3.8
68;2021-11-01;224;35;20;536255;523218;29306;70.3;68.6;3.8
68;2021-11-02;208;361;746;536463;523579;30052;70.3;68.6;3.9
68;2021-11-03;315;496;885;536778;524075;30937;70.3;68.7;4.1
68;2021-11-04;307;368;1305;537085;524443;32242;70.4;68.7;4.2
68;2021-11-05;502;756;2203;537587;525199;34445;70.4;68.8;4.5
68;2021-11-06;177;312;644;537764;525511;35089;70.5;68.9;4.6
68;2021-11-07;22;74;34;537786;525585;35123;70.5;68.9;4.6
68;2021-11-08;200;298;1197;537986;525883;36320;70.5;68.9;4.8
68;2021-11-09;187;341;1326;538173;526224;37646;70.5;68.9;4.9
68;2021-11-10;326;523;2312;538499;526747;39958;70.6;69.0;5.2
68;2021-11-11;8;40;25;538507;526787;39983;70.6;69.0;5.2
68;2021-11-12;350;704;3140;538857;527491;43123;70.6;69.1;5.7
68;2021-11-13;173;274;1040;539030;527765;44163;70.6;69.2;5.8
68;2021-11-14;29;59;83;539059;527824;44246;70.6;69.2;5.8
68;2021-11-15;256;288;2262;539315;528112;46508;70.7;69.2;6.1
68;2021-11-16;384;332;2787;539699;528444;49295;70.7;69.2;6.5
68;2021-11-17;314;389;2741;540013;528833;52036;70.8;69.3;6.8
68;2021-11-18;237;349;2214;540250;529182;54250;70.8;69.3;7.1
68;2021-11-19;379;534;3499;540629;529716;57749;70.8;69.4;7.6
68;2021-11-20;182;275;1202;540811;529991;58951;70.9;69.4;7.7
68;2021-11-21;3;46;48;540814;530037;58999;70.9;69.4;7.7
68;2021-11-22;329;251;2264;541143;530288;61263;70.9;69.5;8.0
68;2021-11-23;419;288;3183;541562;530576;64446;71.0;69.5;8.4
68;2021-11-24;345;320;3046;541907;530896;67492;71.0;69.6;8.8
68;2021-11-25;309;346;3616;542216;531242;71108;71.0;69.6;9.3
68;2021-11-26;478;554;5612;542694;531796;76720;71.1;69.7;10.1
68;2021-11-27;200;329;2195;542894;532125;78915;71.1;69.7;10.3
68;2021-11-28;25;48;458;542919;532173;79373;71.1;69.7;10.4
68;2021-11-29;230;275;4078;543149;532448;83451;71.2;69.8;10.9
68;2021-11-30;322;286;5685;543471;532734;89136;71.2;69.8;11.7
68;2021-12-01;216;346;5506;543687;533080;94642;71.2;69.8;12.4
68;2021-12-02;228;246;7560;543915;533326;102202;71.3;69.9;13.4
68;2021-12-03;282;462;8399;544197;533788;110601;71.3;69.9;14.5
68;2021-12-04;175;286;3242;544372;534074;113843;71.3;70.0;14.9
68;2021-12-05;27;90;921;544399;534164;114764;71.3;70.0;15.0
68;2021-12-06;214;334;6219;544613;534498;120983;71.4;70.0;15.9
68;2021-12-07;236;320;7322;544849;534818;128305;71.4;70.1;16.8
68;2021-12-08;270;468;6743;545119;535286;135048;71.4;70.1;17.7
68;2021-12-09;256;342;8237;545375;535628;143285;71.5;70.2;18.8
68;2021-12-10;319;458;8840;545694;536086;152125;71.5;70.2;19.9
68;2021-12-11;210;267;3889;545904;536353;156014;71.5;70.3;20.4
68;2021-12-12;50;93;1109;545954;536446;157123;71.5;70.3;20.6
68;2021-12-13;248;351;6687;546202;536797;163810;71.6;70.3;21.5
68;2021-12-14;242;434;7737;546444;537231;171547;71.6;70.4;22.5
68;2021-12-15;268;513;7980;546712;537744;179527;71.6;70.5;23.5
68;2021-12-16;296;375;9032;547008;538119;188559;71.7;70.5;24.7
68;2021-12-17;297;502;9332;547305;538621;197891;71.7;70.6;25.9
68;2021-12-18;166;207;3734;547471;538828;201625;71.7;70.6;26.4
68;2021-12-19;62;86;1245;547533;538914;202870;71.7;70.6;26.6
68;2021-12-20;334;366;7432;547867;539280;210302;71.8;70.7;27.6
68;2021-12-21;427;431;8497;548294;539711;218799;71.8;70.7;28.7
68;2021-12-22;389;369;7320;548683;540080;226119;71.9;70.8;29.6
68;2021-12-23;369;305;5418;549052;540385;231537;71.9;70.8;30.3
68;2021-12-24;78;92;681;549130;540477;232218;72.0;70.8;30.4
68;2021-12-25;5;13;59;549135;540490;232277;72.0;70.8;30.4
68;2021-12-26;10;23;161;549145;540513;232438;72.0;70.8;30.5
69;2020-12-27;2;0;0;2;0;0;0.0;0.0;0.0
69;2020-12-28;10;1;0;12;1;0;0.0;0.0;0.0
69;2020-12-29;6;0;0;18;1;0;0.0;0.0;0.0
69;2020-12-30;6;1;0;24;2;0;0.0;0.0;0.0
69;2020-12-31;13;3;0;37;5;0;0.0;0.0;0.0
69;2021-01-01;2;0;0;39;5;0;0.0;0.0;0.0
69;2021-01-02;3;0;0;42;5;0;0.0;0.0;0.0
69;2021-01-03;4;2;0;46;7;0;0.0;0.0;0.0
69;2021-01-04;16;0;0;62;7;0;0.0;0.0;0.0
69;2021-01-05;198;7;0;260;14;0;0.0;0.0;0.0
69;2021-01-06;468;6;0;728;20;0;0.0;0.0;0.0
69;2021-01-07;736;5;0;1464;25;0;0.1;0.0;0.0
69;2021-01-08;750;1;0;2214;26;0;0.1;0.0;0.0
69;2021-01-09;47;3;0;2261;29;0;0.1;0.0;0.0
69;2021-01-10;3;1;0;2264;30;0;0.1;0.0;0.0
69;2021-01-11;1021;3;0;3285;33;0;0.2;0.0;0.0
69;2021-01-12;1283;9;0;4568;42;0;0.2;0.0;0.0
69;2021-01-13;1261;3;0;5829;45;0;0.3;0.0;0.0
69;2021-01-14;2121;23;0;7950;68;0;0.4;0.0;0.0
69;2021-01-15;1734;8;0;9684;76;0;0.5;0.0;0.0
69;2021-01-16;890;4;0;10574;80;0;0.6;0.0;0.0
69;2021-01-17;264;3;0;10838;83;0;0.6;0.0;0.0
69;2021-01-18;1694;16;0;12532;99;0;0.7;0.0;0.0
69;2021-01-19;3517;31;0;16049;130;0;0.9;0.0;0.0
69;2021-01-20;4253;32;0;20302;162;0;1.1;0.0;0.0
69;2021-01-21;3915;43;0;24217;205;0;1.3;0.0;0.0
69;2021-01-22;3010;29;0;27227;234;0;1.5;0.0;0.0
69;2021-01-23;1224;3;0;28451;237;0;1.5;0.0;0.0
69;2021-01-24;105;1;0;28556;238;0;1.5;0.0;0.0
69;2021-01-25;2082;47;0;30638;285;0;1.6;0.0;0.0
69;2021-01-26;2449;88;0;33087;373;0;1.8;0.0;0.0
69;2021-01-27;2234;176;0;35321;549;0;1.9;0.0;0.0
69;2021-01-28;2276;356;0;37597;905;0;2.0;0.0;0.0
69;2021-01-29;2051;280;0;39648;1185;0;2.1;0.1;0.0
69;2021-01-30;881;4;0;40529;1189;0;2.2;0.1;0.0
69;2021-01-31;63;1;0;40592;1190;0;2.2;0.1;0.0
69;2021-02-01;1078;377;0;41670;1567;0;2.2;0.1;0.0
69;2021-02-02;1559;426;0;43229;1993;0;2.3;0.1;0.0
69;2021-02-03;1381;528;0;44610;2521;0;2.4;0.1;0.0
69;2021-02-04;1749;907;0;46359;3428;0;2.5;0.2;0.0
69;2021-02-05;791;796;0;47150;4224;0;2.5;0.2;0.0
69;2021-02-06;385;58;0;47535;4282;0;2.5;0.2;0.0
69;2021-02-07;15;7;0;47550;4289;0;2.5;0.2;0.0
69;2021-02-08;1060;985;0;48610;5274;0;2.6;0.3;0.0
69;2021-02-09;1947;2041;0;50557;7315;0;2.7;0.4;0.0
69;2021-02-10;1819;2520;0;52376;9835;0;2.8;0.5;0.0
69;2021-02-11;1768;3099;0;54144;12934;0;2.9;0.7;0.0
69;2021-02-12;1776;1992;0;55920;14926;0;3.0;0.8;0.0
69;2021-02-13;425;751;0;56345;15677;0;3.0;0.8;0.0
69;2021-02-14;86;47;0;56431;15724;0;3.0;0.8;0.0
69;2021-02-15;945;1750;0;57376;17474;0;3.1;0.9;0.0
69;2021-02-16;973;2384;0;58349;19858;0;3.1;1.1;0.0
69;2021-02-17;987;2338;0;59336;22196;0;3.2;1.2;0.0
69;2021-02-18;952;2269;0;60288;24465;0;3.2;1.3;0.0
69;2021-02-19;878;1826;0;61166;26291;0;3.3;1.4;0.0
69;2021-02-20;324;917;0;61490;27208;0;3.3;1.5;0.0
69;2021-02-21;47;70;0;61537;27278;0;3.3;1.5;0.0
69;2021-02-22;573;2078;0;62110;29356;0;3.3;1.6;0.0
69;2021-02-23;733;2095;0;62843;31451;0;3.3;1.7;0.0
69;2021-02-24;1010;2175;0;63853;33626;0;3.4;1.8;0.0
69;2021-02-25;2142;2631;0;65995;36257;0;3.5;1.9;0.0
69;2021-02-26;2674;1822;0;68669;38079;0;3.7;2.0;0.0
69;2021-02-27;907;552;0;69576;38631;0;3.7;2.1;0.0
69;2021-02-28;125;95;0;69701;38726;0;3.7;2.1;0.0
69;2021-03-01;2150;925;0;71851;39651;0;3.8;2.1;0.0
69;2021-03-02;3195;1419;0;75046;41070;0;4.0;2.2;0.0
69;2021-03-03;3546;1247;0;78592;42317;0;4.2;2.3;0.0
69;2021-03-04;4726;1362;0;83318;43679;0;4.4;2.3;0.0
69;2021-03-05;5755;1285;0;89073;44964;0;4.7;2.4;0.0
69;2021-03-06;3383;423;0;92456;45387;0;4.9;2.4;0.0
69;2021-03-07;732;61;0;93188;45448;0;5.0;2.4;0.0
69;2021-03-08;2832;1103;0;96020;46551;0;5.1;2.5;0.0
69;2021-03-09;4491;1246;0;100511;47797;0;5.4;2.5;0.0
69;2021-03-10;4846;1029;0;105357;48826;0;5.6;2.6;0.0
69;2021-03-11;6439;1043;0;111796;49869;0;6.0;2.7;0.0
69;2021-03-12;8417;1190;0;120213;51059;0;6.4;2.7;0.0
69;2021-03-13;4597;264;0;124810;51323;0;6.7;2.7;0.0
69;2021-03-14;2467;150;0;127277;51473;0;6.8;2.7;0.0
69;2021-03-15;4527;724;0;131804;52197;0;7.0;2.8;0.0
69;2021-03-16;3654;724;0;135458;52921;0;7.2;2.8;0.0
69;2021-03-17;3816;922;0;139274;53843;0;7.4;2.9;0.0
69;2021-03-18;4693;1575;0;143967;55418;0;7.7;3.0;0.0
69;2021-03-19;6382;1031;0;150349;56449;0;8.0;3.0;0.0
69;2021-03-20;3486;255;0;153835;56704;0;8.2;3.0;0.0
69;2021-03-21;1800;96;0;155635;56800;0;8.3;3.0;0.0
69;2021-03-22;4424;813;0;160059;57613;0;8.5;3.1;0.0
69;2021-03-23;7043;856;0;167102;58469;0;8.9;3.1;0.0
69;2021-03-24;6239;1017;0;173341;59486;0;9.2;3.2;0.0
69;2021-03-25;8292;1142;0;181633;60628;0;9.7;3.2;0.0
69;2021-03-26;8553;1335;0;190186;61963;0;10.1;3.3;0.0
69;2021-03-27;3099;804;0;193285;62767;0;10.3;3.3;0.0
69;2021-03-28;2056;184;0;195341;62951;0;10.4;3.4;0.0
69;2021-03-29;4000;2134;0;199341;65085;0;10.6;3.5;0.0
69;2021-03-30;7383;2603;0;206724;67688;0;11.0;3.6;0.0
69;2021-03-31;6035;3100;0;212759;70788;0;11.3;3.8;0.0
69;2021-04-01;8087;2705;0;220846;73493;0;11.8;3.9;0.0
69;2021-04-02;7936;3103;0;228782;76596;0;12.2;4.1;0.0
69;2021-04-03;4993;2070;0;233775;78666;0;12.5;4.2;0.0
69;2021-04-04;5908;536;0;239683;79202;0;12.8;4.2;0.0
69;2021-04-05;5505;774;0;245188;79976;0;13.1;4.3;0.0
69;2021-04-06;4987;3377;0;250175;83353;0;13.3;4.4;0.0
69;2021-04-07;5142;3750;0;255317;87103;0;13.6;4.6;0.0
69;2021-04-08;6326;3916;0;261643;91019;0;13.9;4.9;0.0
69;2021-04-09;9168;3765;0;270811;94784;0;14.4;5.1;0.0
69;2021-04-10;2993;2381;0;273804;97165;0;14.6;5.2;0.0
69;2021-04-11;1894;1741;0;275698;98906;0;14.7;5.3;0.0
69;2021-04-12;5310;3516;0;281008;102422;0;15.0;5.5;0.0
69;2021-04-13;7018;4016;0;288026;106438;0;15.4;5.7;0.0
69;2021-04-14;6616;4042;0;294642;110480;0;15.7;5.9;0.0
69;2021-04-15;7736;4440;0;302378;114920;0;16.1;6.1;0.0
69;2021-04-16;7784;4392;0;310162;119312;0;16.5;6.4;0.0
69;2021-04-17;4767;2225;0;314929;121537;0;16.8;6.5;0.0
69;2021-04-18;1698;1658;0;316627;123195;0;16.9;6.6;0.0
69;2021-04-19;6640;3668;0;323267;126863;0;17.2;6.8;0.0
69;2021-04-20;6454;4549;0;329721;131412;0;17.6;7.0;0.0
69;2021-04-21;5696;4287;0;335417;135699;0;17.9;7.2;0.0
69;2021-04-22;6340;5200;0;341757;140899;0;18.2;7.5;0.0
69;2021-04-23;6672;4757;0;348429;145656;0;18.6;7.8;0.0
69;2021-04-24;3229;2017;0;351658;147673;0;18.7;7.9;0.0
69;2021-04-25;2123;1468;0;353781;149141;0;18.9;7.9;0.0
69;2021-04-26;4591;3797;0;358372;152938;0;19.1;8.2;0.0
69;2021-04-27;6620;5110;0;364992;158048;0;19.5;8.4;0.0
69;2021-04-28;6370;4700;0;371362;162748;0;19.8;8.7;0.0
69;2021-04-29;6768;5278;0;378130;168026;0;20.2;9.0;0.0
69;2021-04-30;7091;5985;0;385221;174011;0;20.5;9.3;0.0
69;2021-05-01;3383;635;0;388604;174646;0;20.7;9.3;0.0
69;2021-05-02;1584;5210;0;390188;179856;0;20.8;9.6;0.0
69;2021-05-03;5746;7606;0;395934;187462;0;21.1;10.0;0.0
69;2021-05-04;7371;7606;0;403305;195068;0;21.5;10.4;0.0
69;2021-05-05;10388;5496;0;413693;200564;0;22.1;10.7;0.0
69;2021-05-06;11434;6054;0;425127;206618;0;22.7;11.0;0.0
69;2021-05-07;10828;6976;0;435955;213594;0;23.2;11.4;0.0
69;2021-05-08;4279;1588;0;440234;215182;0;23.5;11.5;0.0
69;2021-05-09;5937;2509;0;446171;217691;0;23.8;11.6;0.0
69;2021-05-10;6794;5983;0;452965;223674;0;24.1;11.9;0.0
69;2021-05-11;9858;6839;0;462823;230513;0;24.7;12.3;0.0
69;2021-05-12;12035;6600;0;474858;237113;0;25.3;12.6;0.0
69;2021-05-13;10779;2471;0;485637;239584;0;25.9;12.8;0.0
69;2021-05-14;12451;5130;0;498088;244714;0;26.5;13.0;0.0
69;2021-05-15;9207;2574;0;507295;247288;0;27.0;13.2;0.0
69;2021-05-16;8032;1757;0;515327;249045;0;27.5;13.3;0.0
69;2021-05-17;11056;5409;0;526383;254454;0;28.1;13.6;0.0
69;2021-05-18;12949;6053;0;539332;260507;0;28.7;13.9;0.0
69;2021-05-19;13220;5569;0;552552;266076;0;29.5;14.2;0.0
69;2021-05-20;11595;5828;0;564147;271904;0;30.1;14.5;0.0
69;2021-05-21;11491;6485;0;575638;278389;0;30.7;14.8;0.0
69;2021-05-22;7227;2585;0;582865;280974;0;31.1;15.0;0.0
69;2021-05-23;5166;1498;0;588031;282472;0;31.3;15.1;0.0
69;2021-05-24;9107;1961;0;597138;284433;0;31.8;15.2;0.0
69;2021-05-25;10339;6145;0;607477;290578;0;32.4;15.5;0.0
69;2021-05-26;10969;6007;0;618446;296585;0;33.0;15.8;0.0
69;2021-05-27;10934;6641;0;629380;303226;0;33.5;16.2;0.0
69;2021-05-28;11761;8575;0;641141;311801;0;34.2;16.6;0.0
69;2021-05-29;8451;5761;0;649592;317562;0;34.6;16.9;0.0
69;2021-05-30;7221;2872;0;656813;320434;0;35.0;17.1;0.0
69;2021-05-31;11191;6258;0;668004;326692;0;35.6;17.4;0.0
69;2021-06-01;12120;7335;0;680124;334027;0;36.3;17.8;0.0
69;2021-06-02;14217;6538;0;694341;340565;0;37.0;18.2;0.0
69;2021-06-03;15811;7212;0;710152;347777;0;37.9;18.5;0.0
69;2021-06-04;13508;8508;0;723660;356285;0;38.6;19.0;0.0
69;2021-06-05;10243;3536;0;733903;359821;0;39.1;19.2;0.0
69;2021-06-06;6983;1680;0;740886;361501;0;39.5;19.3;0.0
69;2021-06-07;11985;6900;0;752871;368401;0;40.1;19.6;0.0
69;2021-06-08;14541;8023;0;767412;376424;0;40.9;20.1;0.0
69;2021-06-09;13612;7237;0;781024;383661;0;41.6;20.5;0.0
69;2021-06-10;14356;7084;0;795380;390745;0;42.4;20.8;0.0
69;2021-06-11;14337;9489;0;809717;400234;0;43.2;21.3;0.0
69;2021-06-12;7903;4217;0;817620;404451;0;43.6;21.6;0.0
69;2021-06-13;4871;2015;0;822491;406466;0;43.8;21.7;0.0
69;2021-06-14;7258;8869;0;829749;415335;0;44.2;22.1;0.0
69;2021-06-15;9325;10611;0;839074;425946;0;44.7;22.7;0.0
69;2021-06-16;9548;11580;0;848622;437526;0;45.2;23.3;0.0
69;2021-06-17;9766;12396;0;858388;449922;0;45.8;24.0;0.0
69;2021-06-18;9971;14131;0;868359;464053;0;46.3;24.7;0.0
69;2021-06-19;5953;8277;0;874312;472330;0;46.6;25.2;0.0
69;2021-06-20;4410;4444;0;878722;476774;0;46.8;25.4;0.0
69;2021-06-21;5359;12086;0;884081;488860;0;47.1;26.1;0.0
69;2021-06-22;6195;13317;0;890276;502177;0;47.5;26.8;0.0
69;2021-06-23;7051;12635;0;897327;514812;0;47.8;27.4;0.0
69;2021-06-24;7632;13009;0;904959;527821;0;48.2;28.1;0.0
69;2021-06-25;6390;15948;0;911349;543769;0;48.6;29.0;0.0
69;2021-06-26;3570;9590;0;914919;553359;0;48.8;29.5;0.0
69;2021-06-27;2881;6994;0;917800;560353;0;48.9;29.9;0.0
69;2021-06-28;3990;14715;0;921790;575068;0;49.1;30.7;0.0
69;2021-06-29;4800;15256;0;926590;590324;0;49.4;31.5;0.0
69;2021-06-30;5927;14071;0;932517;604395;0;49.7;32.2;0.0
69;2021-07-01;7509;11985;0;940026;616380;0;50.1;32.9;0.0
69;2021-07-02;6502;14403;0;946528;630783;0;50.5;33.6;0.0
69;2021-07-03;5078;8897;0;951606;639680;0;50.7;34.1;0.0
69;2021-07-04;3474;5485;0;955080;645165;0;50.9;34.4;0.0
69;2021-07-05;5527;13246;0;960607;658411;0;51.2;35.1;0.0
69;2021-07-06;5442;14259;0;966049;672670;0;51.5;35.9;0.0
69;2021-07-07;6986;13417;0;973035;686087;0;51.9;36.6;0.0
69;2021-07-08;7168;13100;0;980203;699187;0;52.2;37.3;0.0
69;2021-07-09;7067;16264;0;987270;715451;0;52.6;38.1;0.0
69;2021-07-10;2982;10895;0;990252;726346;0;52.8;38.7;0.0
69;2021-07-11;3623;5434;0;993875;731780;0;53.0;39.0;0.0
69;2021-07-12;3920;16489;0;997795;748269;0;53.2;39.9;0.0
69;2021-07-13;6311;18541;0;1004106;766810;0;53.5;40.9;0.0
69;2021-07-14;5043;6548;0;1009149;773358;0;53.8;41.2;0.0
69;2021-07-15;7936;18516;0;1017085;791874;0;54.2;42.2;0.0
69;2021-07-16;9754;17534;0;1026839;809408;0;54.7;43.1;0.0
69;2021-07-17;5111;10935;0;1031950;820343;0;55.0;43.7;0.0
69;2021-07-18;3138;7391;0;1035088;827734;0;55.2;44.1;0.0
69;2021-07-19;6878;14928;0;1041966;842662;0;55.5;44.9;0.0
69;2021-07-20;9351;17001;0;1051317;859663;0;56.0;45.8;0.0
69;2021-07-21;9685;15828;0;1061002;875491;0;56.6;46.7;0.0
69;2021-07-22;11533;15320;0;1072535;890811;0;57.2;47.5;0.0
69;2021-07-23;11000;15735;3;1083535;906546;3;57.8;48.3;0.0
69;2021-07-24;6003;9981;0;1089538;916527;3;58.1;48.9;0.0
69;2021-07-25;4242;5691;0;1093780;922218;3;58.3;49.2;0.0
69;2021-07-26;8733;11739;0;1102513;933957;3;58.8;49.8;0.0
69;2021-07-27;12571;11754;1;1115084;945711;4;59.4;50.4;0.0
69;2021-07-28;11729;11169;0;1126813;956880;4;60.1;51.0;0.0
69;2021-07-29;13898;10869;1;1140711;967749;5;60.8;51.6;0.0
69;2021-07-30;13189;11196;1;1153900;978945;6;61.5;52.2;0.0
69;2021-07-31;7739;6680;0;1161639;985625;6;61.9;52.5;0.0
69;2021-08-01;4430;4461;0;1166069;990086;6;62.2;52.8;0.0
69;2021-08-02;10784;8336;0;1176853;998422;6;62.7;53.2;0.0
69;2021-08-03;12143;7672;0;1188996;1006094;6;63.4;53.6;0.0
69;2021-08-04;11654;7410;0;1200650;1013504;6;64.0;54.0;0.0
69;2021-08-05;10355;7149;0;1211005;1020653;6;64.6;54.4;0.0
69;2021-08-06;9295;7610;0;1220300;1028263;6;65.0;54.8;0.0
69;2021-08-07;4482;4447;1;1224782;1032710;7;65.3;55.0;0.0
69;2021-08-08;3590;3176;0;1228372;1035886;7;65.5;55.2;0.0
69;2021-08-09;6823;8603;0;1235195;1044489;7;65.8;55.7;0.0
69;2021-08-10;7434;6936;0;1242629;1051425;7;66.2;56.0;0.0
69;2021-08-11;7138;7458;0;1249767;1058883;7;66.6;56.4;0.0
69;2021-08-12;6562;6898;0;1256329;1065781;7;67.0;56.8;0.0
69;2021-08-13;6138;8087;0;1262467;1073868;7;67.3;57.2;0.0
69;2021-08-14;3919;5144;0;1266386;1079012;7;67.5;57.5;0.0
69;2021-08-15;2094;2242;0;1268480;1081254;7;67.6;57.6;0.0
69;2021-08-16;4898;8854;0;1273378;1090108;7;67.9;58.1;0.0
69;2021-08-17;5827;8227;0;1279205;1098335;7;68.2;58.5;0.0
69;2021-08-18;5523;9197;0;1284728;1107532;7;68.5;59.0;0.0
69;2021-08-19;5470;8884;0;1290198;1116416;7;68.8;59.5;0.0
69;2021-08-20;5344;8686;0;1295542;1125102;7;69.1;60.0;0.0
69;2021-08-21;2467;4002;0;1298009;1129104;7;69.2;60.2;0.0
69;2021-08-22;1610;2207;0;1299619;1131311;7;69.3;60.3;0.0
69;2021-08-23;3388;11556;0;1303007;1142867;7;69.5;60.9;0.0
69;2021-08-24;4405;12099;0;1307412;1154966;7;69.7;61.6;0.0
69;2021-08-25;3880;11448;0;1311292;1166414;7;69.9;62.2;0.0
69;2021-08-26;3844;10082;0;1315136;1176496;7;70.1;62.7;0.0
69;2021-08-27;3934;12789;0;1319070;1189285;7;70.3;63.4;0.0
69;2021-08-28;1695;7406;0;1320765;1196691;7;70.4;63.8;0.0
69;2021-08-29;1090;5371;0;1321855;1202062;7;70.5;64.1;0.0
69;2021-08-30;3016;10160;88;1324871;1212222;95;70.6;64.6;0.0
69;2021-08-31;3584;8623;199;1328455;1220845;294;70.8;65.1;0.0
69;2021-09-01;3926;7915;381;1332381;1228760;675;71.0;65.5;0.0
69;2021-09-02;3741;6949;902;1336122;1235709;1577;71.2;65.9;0.1
69;2021-09-03;3584;8928;855;1339706;1244637;2432;71.4;66.3;0.1
69;2021-09-04;1978;6908;214;1341684;1251545;2646;71.5;66.7;0.1
69;2021-09-05;1121;2897;230;1342805;1254442;2876;71.6;66.9;0.2
69;2021-09-06;2165;5009;819;1344970;1259451;3695;71.7;67.1;0.2
69;2021-09-07;1989;4589;957;1346959;1264040;4652;71.8;67.4;0.2
69;2021-09-08;2440;5356;705;1349399;1269396;5357;71.9;67.7;0.3
69;2021-09-09;2131;4472;1004;1351530;1273868;6361;72.0;67.9;0.3
69;2021-09-10;2422;5395;1056;1353952;1279263;7417;72.2;68.2;0.4
69;2021-09-11;1476;4153;219;1355428;1283416;7636;72.2;68.4;0.4
69;2021-09-12;409;1715;112;1355837;1285131;7748;72.3;68.5;0.4
69;2021-09-13;1509;3519;1045;1357346;1288650;8793;72.4;68.7;0.5
69;2021-09-14;1614;3136;1505;1358960;1291786;10298;72.4;68.9;0.5
69;2021-09-15;1783;4172;1207;1360743;1295958;11505;72.5;69.1;0.6
69;2021-09-16;1425;2683;1525;1362168;1298641;13030;72.6;69.2;0.7
69;2021-09-17;1643;4104;1586;1363811;1302745;14616;72.7;69.4;0.8
69;2021-09-18;1006;3504;265;1364817;1306249;14881;72.7;69.6;0.8
69;2021-09-19;383;1188;121;1365200;1307437;15002;72.8;69.7;0.8
69;2021-09-20;893;2370;1041;1366093;1309807;16043;72.8;69.8;0.9
69;2021-09-21;880;2622;1472;1366973;1312429;17515;72.9;70.0;0.9
69;2021-09-22;1034;3572;1098;1368007;1316001;18613;72.9;70.1;1.0
69;2021-09-23;804;2519;1469;1368811;1318520;20082;73.0;70.3;1.1
69;2021-09-24;1155;3481;1074;1369966;1322001;21156;73.0;70.5;1.1
69;2021-09-25;666;2334;228;1370632;1324335;21384;73.1;70.6;1.1
69;2021-09-26;264;959;64;1370896;1325294;21448;73.1;70.6;1.1
69;2021-09-27;604;1735;966;1371500;1327029;22414;73.1;70.7;1.2
69;2021-09-28;773;1698;1312;1372273;1328727;23726;73.1;70.8;1.3
69;2021-09-29;1026;2737;1223;1373299;1331464;24949;73.2;71.0;1.3
69;2021-09-30;876;1864;1296;1374175;1333328;26245;73.2;71.1;1.4
69;2021-10-01;1752;2987;1769;1375927;1336315;28014;73.3;71.2;1.5
69;2021-10-02;926;1875;406;1376853;1338190;28420;73.4;71.3;1.5
69;2021-10-03;258;516;160;1377111;1338706;28580;73.4;71.4;1.5
69;2021-10-04;932;1655;1374;1378043;1340361;29954;73.5;71.4;1.6
69;2021-10-05;768;1332;1509;1378811;1341693;31463;73.5;71.5;1.7
69;2021-10-06;1074;2014;1605;1379885;1343707;33068;73.6;71.6;1.8
69;2021-10-07;820;1403;1765;1380705;1345110;34833;73.6;71.7;1.9
69;2021-10-08;1222;2146;2193;1381927;1347256;37026;73.7;71.8;2.0
69;2021-10-09;653;1212;584;1382580;1348468;37610;73.7;71.9;2.0
69;2021-10-10;68;271;132;1382648;1348739;37742;73.7;71.9;2.0
69;2021-10-11;596;1200;1486;1383244;1349939;39228;73.7;72.0;2.1
69;2021-10-12;695;1046;1778;1383939;1350985;41006;73.8;72.0;2.2
69;2021-10-13;1062;1682;2266;1385001;1352667;43272;73.8;72.1;2.3
69;2021-10-14;768;1207;2250;1385769;1353874;45522;73.9;72.2;2.4
69;2021-10-15;1097;1705;2878;1386866;1355579;48400;73.9;72.3;2.6
69;2021-10-16;704;1130;751;1387570;1356709;49151;74.0;72.3;2.6
69;2021-10-17;31;157;64;1387601;1356866;49215;74.0;72.3;2.6
69;2021-10-18;538;812;1876;1388139;1357678;51091;74.0;72.4;2.7
69;2021-10-19;296;729;2175;1388435;1358407;53266;74.0;72.4;2.8
69;2021-10-20;584;1178;2887;1389019;1359585;56153;74.0;72.5;3.0
69;2021-10-21;338;842;2722;1389357;1360427;58875;74.1;72.5;3.1
69;2021-10-22;512;1280;3082;1389869;1361707;61957;74.1;72.6;3.3
69;2021-10-23;456;989;1176;1390325;1362696;63133;74.1;72.6;3.4
69;2021-10-24;21;87;89;1390346;1362783;63222;74.1;72.6;3.4
69;2021-10-25;340;722;2128;1390686;1363505;65350;74.1;72.7;3.5
69;2021-10-26;307;621;2154;1390993;1364126;67504;74.1;72.7;3.6
69;2021-10-27;474;1186;3333;1391467;1365312;70837;74.2;72.8;3.8
69;2021-10-28;373;719;2686;1391840;1366031;73523;74.2;72.8;3.9
69;2021-10-29;438;1025;3373;1392278;1367056;76896;74.2;72.9;4.1
69;2021-10-30;226;610;1048;1392504;1367666;77944;74.2;72.9;4.2
69;2021-10-31;26;69;69;1392530;1367735;78013;74.2;72.9;4.2
69;2021-11-01;112;48;24;1392642;1367783;78037;74.2;72.9;4.2
69;2021-11-02;321;749;2261;1392963;1368532;80298;74.2;72.9;4.3
69;2021-11-03;427;972;3716;1393390;1369504;84014;74.3;73.0;4.5
69;2021-11-04;348;722;3416;1393738;1370226;87430;74.3;73.0;4.7
69;2021-11-05;472;995;4454;1394210;1371221;91884;74.3;73.1;4.9
69;2021-11-06;231;604;1352;1394441;1371825;93236;74.3;73.1;5.0
69;2021-11-07;24;49;102;1394465;1371874;93338;74.3;73.1;5.0
69;2021-11-08;202;569;3165;1394667;1372443;96503;74.3;73.2;5.1
69;2021-11-09;220;510;4116;1394887;1372953;100619;74.4;73.2;5.4
69;2021-11-10;459;845;4954;1395346;1373798;105573;74.4;73.2;5.6
69;2021-11-11;80;120;715;1395426;1373918;106288;74.4;73.2;5.7
69;2021-11-12;415;649;5913;1395841;1374567;112201;74.4;73.3;6.0
69;2021-11-13;285;440;1958;1396126;1375007;114159;74.4;73.3;6.1
69;2021-11-14;17;35;165;1396143;1375042;114324;74.4;73.3;6.1
69;2021-11-15;211;442;3942;1396354;1375484;118266;74.4;73.3;6.3
69;2021-11-16;278;478;5075;1396632;1375962;123341;74.4;73.3;6.6
69;2021-11-17;445;673;5512;1397077;1376635;128853;74.5;73.4;6.9
69;2021-11-18;251;419;5753;1397328;1377054;134606;74.5;73.4;7.2
69;2021-11-19;497;727;7569;1397825;1377781;142175;74.5;73.4;7.6
69;2021-11-20;337;375;2224;1398162;1378156;144399;74.5;73.5;7.7
69;2021-11-21;24;71;147;1398186;1378227;144546;74.5;73.5;7.7
69;2021-11-22;284;354;4623;1398470;1378581;149169;74.5;73.5;8.0
69;2021-11-23;282;345;5309;1398752;1378926;154478;74.6;73.5;8.2
69;2021-11-24;471;612;6186;1399223;1379538;160664;74.6;73.5;8.6
69;2021-11-25;296;426;7263;1399519;1379964;167927;74.6;73.6;9.0
69;2021-11-26;401;599;11818;1399920;1380563;179745;74.6;73.6;9.6
69;2021-11-27;369;548;6275;1400289;1381111;186020;74.6;73.6;9.9
69;2021-11-28;32;69;584;1400321;1381180;186604;74.6;73.6;9.9
69;2021-11-29;209;322;8172;1400530;1381502;194776;74.7;73.6;10.4
69;2021-11-30;248;384;10780;1400778;1381886;205556;74.7;73.7;11.0
69;2021-12-01;324;526;11836;1401102;1382412;217392;74.7;73.7;11.6
69;2021-12-02;263;346;14228;1401365;1382758;231620;74.7;73.7;12.3
69;2021-12-03;306;544;17480;1401671;1383302;249100;74.7;73.7;13.3
69;2021-12-04;187;414;9277;1401858;1383716;258377;74.7;73.8;13.8
69;2021-12-05;32;88;3261;1401890;1383804;261638;74.7;73.8;13.9
69;2021-12-06;198;397;12739;1402088;1384201;274377;74.7;73.8;14.6
69;2021-12-07;254;436;16308;1402342;1384637;290685;74.7;73.8;15.5
69;2021-12-08;330;581;13971;1402672;1385218;304656;74.8;73.8;16.2
69;2021-12-09;249;403;17057;1402921;1385621;321713;74.8;73.9;17.1
69;2021-12-10;307;538;19640;1403228;1386159;341353;74.8;73.9;18.2
69;2021-12-11;210;408;9157;1403438;1386567;350510;74.8;73.9;18.7
69;2021-12-12;41;98;2881;1403479;1386665;353391;74.8;73.9;18.8
69;2021-12-13;253;426;17256;1403732;1387091;370647;74.8;73.9;19.8
69;2021-12-14;288;397;21475;1404020;1387488;392122;74.8;74.0;20.9
69;2021-12-15;314;541;18978;1404334;1388029;411100;74.9;74.0;21.9
69;2021-12-16;311;470;22701;1404645;1388499;433801;74.9;74.0;23.1
69;2021-12-17;372;560;25183;1405017;1389059;458984;74.9;74.0;24.5
69;2021-12-18;222;340;12322;1405239;1389399;471306;74.9;74.1;25.1
69;2021-12-19;119;114;7501;1405358;1389513;478807;74.9;74.1;25.5
69;2021-12-20;352;557;20058;1405710;1390070;498865;74.9;74.1;26.6
69;2021-12-21;534;532;22047;1406244;1390602;520912;75.0;74.1;27.8
69;2021-12-22;496;521;19688;1406740;1391123;540600;75.0;74.2;28.8
69;2021-12-23;413;426;16277;1407153;1391549;556877;75.0;74.2;29.7
69;2021-12-24;144;182;5503;1407297;1391731;562380;75.0;74.2;30.0
69;2021-12-25;9;30;403;1407306;1391761;562783;75.0;74.2;30.0
69;2021-12-26;39;59;1864;1407345;1391820;564647;75.0;74.2;30.1
70;2020-12-27;0;0;0;0;0;0;0.0;0.0;0.0
70;2020-12-28;0;0;0;0;0;0;0.0;0.0;0.0
70;2020-12-29;0;0;0;0;0;0;0.0;0.0;0.0
70;2020-12-30;0;0;0;0;0;0;0.0;0.0;0.0
70;2020-12-31;0;0;0;0;0;0;0.0;0.0;0.0
70;2021-01-01;1;0;0;1;0;0;0.0;0.0;0.0
70;2021-01-02;0;0;0;1;0;0;0.0;0.0;0.0
70;2021-01-03;0;0;0;1;0;0;0.0;0.0;0.0
70;2021-01-04;0;0;0;1;0;0;0.0;0.0;0.0
70;2021-01-05;2;1;0;3;1;0;0.0;0.0;0.0
70;2021-01-06;26;0;0;29;1;0;0.0;0.0;0.0
70;2021-01-07;129;0;0;158;1;0;0.1;0.0;0.0
70;2021-01-08;67;0;0;225;1;0;0.1;0.0;0.0
70;2021-01-09;19;1;0;244;2;0;0.1;0.0;0.0
70;2021-01-10;0;0;0;244;2;0;0.1;0.0;0.0
70;2021-01-11;175;1;0;419;3;0;0.2;0.0;0.0
70;2021-01-12;240;2;0;659;5;0;0.3;0.0;0.0
70;2021-01-13;219;2;0;878;7;0;0.4;0.0;0.0
70;2021-01-14;214;5;0;1092;12;0;0.5;0.0;0.0
70;2021-01-15;218;3;0;1310;15;0;0.6;0.0;0.0
70;2021-01-16;81;0;0;1391;15;0;0.6;0.0;0.0
70;2021-01-17;7;0;0;1398;15;0;0.6;0.0;0.0
70;2021-01-18;418;0;0;1816;15;0;0.8;0.0;0.0
70;2021-01-19;493;2;0;2309;17;0;1.0;0.0;0.0
70;2021-01-20;495;1;0;2804;18;0;1.2;0.0;0.0
70;2021-01-21;671;3;0;3475;21;0;1.5;0.0;0.0
70;2021-01-22;503;3;0;3978;24;0;1.7;0.0;0.0
70;2021-01-23;250;2;0;4228;26;0;1.8;0.0;0.0
70;2021-01-24;13;0;0;4241;26;0;1.8;0.0;0.0
70;2021-01-25;382;1;0;4623;27;0;2.0;0.0;0.0
70;2021-01-26;367;3;0;4990;30;0;2.1;0.0;0.0
70;2021-01-27;344;14;0;5334;44;0;2.3;0.0;0.0
70;2021-01-28;351;39;0;5685;83;0;2.4;0.0;0.0
70;2021-01-29;329;86;0;6014;169;0;2.6;0.1;0.0
70;2021-01-30;249;20;0;6263;189;0;2.7;0.1;0.0
70;2021-01-31;1;0;0;6264;189;0;2.7;0.1;0.0
70;2021-02-01;261;58;0;6525;247;0;2.8;0.1;0.0
70;2021-02-02;290;128;0;6815;375;0;2.9;0.2;0.0
70;2021-02-03;261;87;0;7076;462;0;3.0;0.2;0.0
70;2021-02-04;288;157;0;7364;619;0;3.2;0.3;0.0
70;2021-02-05;263;117;0;7627;736;0;3.3;0.3;0.0
70;2021-02-06;212;45;0;7839;781;0;3.4;0.3;0.0
70;2021-02-07;0;0;0;7839;781;0;3.4;0.3;0.0
70;2021-02-08;184;250;0;8023;1031;0;3.4;0.4;0.0
70;2021-02-09;211;245;0;8234;1276;0;3.5;0.5;0.0
70;2021-02-10;243;294;0;8477;1570;0;3.6;0.7;0.0
70;2021-02-11;377;365;0;8854;1935;0;3.8;0.8;0.0
70;2021-02-12;228;499;0;9082;2434;0;3.9;1.0;0.0
70;2021-02-13;93;223;0;9175;2657;0;3.9;1.1;0.0
70;2021-02-14;1;31;0;9176;2688;0;3.9;1.2;0.0
70;2021-02-15;82;383;0;9258;3071;0;4.0;1.3;0.0
70;2021-02-16;115;440;0;9373;3511;0;4.0;1.5;0.0
70;2021-02-17;172;362;0;9545;3873;0;4.1;1.7;0.0
70;2021-02-18;213;300;0;9758;4173;0;4.2;1.8;0.0
70;2021-02-19;195;230;0;9953;4403;0;4.3;1.9;0.0
70;2021-02-20;193;91;0;10146;4494;0;4.4;1.9;0.0
70;2021-02-21;3;9;0;10149;4503;0;4.4;1.9;0.0
70;2021-02-22;114;246;0;10263;4749;0;4.4;2.0;0.0
70;2021-02-23;129;271;0;10392;5020;0;4.5;2.2;0.0
70;2021-02-24;157;267;0;10549;5287;0;4.5;2.3;0.0
70;2021-02-25;348;262;0;10897;5549;0;4.7;2.4;0.0
70;2021-02-26;392;184;0;11289;5733;0;4.8;2.5;0.0
70;2021-02-27;157;224;0;11446;5957;0;4.9;2.6;0.0
70;2021-02-28;0;3;0;11446;5960;0;4.9;2.6;0.0
70;2021-03-01;275;254;0;11721;6214;0;5.0;2.7;0.0
70;2021-03-02;497;290;0;12218;6504;0;5.2;2.8;0.0
70;2021-03-03;483;270;0;12701;6774;0;5.4;2.9;0.0
70;2021-03-04;695;297;0;13396;7071;0;5.7;3.0;0.0
70;2021-03-05;787;276;0;14183;7347;0;6.1;3.2;0.0
70;2021-03-06;546;121;0;14729;7468;0;6.3;3.2;0.0
70;2021-03-07;230;24;0;14959;7492;0;6.4;3.2;0.0
70;2021-03-08;564;243;0;15523;7735;0;6.7;3.3;0.0
70;2021-03-09;861;221;0;16384;7956;0;7.0;3.4;0.0
70;2021-03-10;654;215;0;17038;8171;0;7.3;3.5;0.0
70;2021-03-11;786;270;0;17824;8441;0;7.6;3.6;0.0
70;2021-03-12;1055;183;0;18879;8624;0;8.1;3.7;0.0
70;2021-03-13;614;128;0;19493;8752;0;8.4;3.8;0.0
70;2021-03-14;22;4;0;19515;8756;0;8.4;3.8;0.0
70;2021-03-15;748;107;0;20263;8863;0;8.7;3.8;0.0
70;2021-03-16;651;103;0;20914;8966;0;9.0;3.8;0.0
70;2021-03-17;580;179;0;21494;9145;0;9.2;3.9;0.0
70;2021-03-18;645;148;0;22139;9293;0;9.5;4.0;0.0
70;2021-03-19;981;150;0;23120;9443;0;9.9;4.0;0.0
70;2021-03-20;652;187;0;23772;9630;0;10.2;4.1;0.0
70;2021-03-21;13;0;0;23785;9630;0;10.2;4.1;0.0
70;2021-03-22;808;100;0;24593;9730;0;10.5;4.2;0.0
70;2021-03-23;1318;174;0;25911;9904;0;11.1;4.2;0.0
70;2021-03-24;1279;113;0;27190;10017;0;11.7;4.3;0.0
70;2021-03-25;1283;200;0;28473;10217;0;12.2;4.4;0.0
70;2021-03-26;1540;305;0;30013;10522;0;12.9;4.5;0.0
70;2021-03-27;984;123;0;30997;10645;0;13.3;4.6;0.0
70;2021-03-28;10;14;0;31007;10659;0;13.3;4.6;0.0
70;2021-03-29;734;399;0;31741;11058;0;13.6;4.7;0.0
70;2021-03-30;1095;289;0;32836;11347;0;14.1;4.9;0.0
70;2021-03-31;934;310;0;33770;11657;0;14.5;5.0;0.0
70;2021-04-01;1169;415;0;34939;12072;0;15.0;5.2;0.0
70;2021-04-02;1272;330;0;36211;12402;0;15.5;5.3;0.0
70;2021-04-03;617;307;0;36828;12709;0;15.8;5.4;0.0
70;2021-04-04;9;3;0;36837;12712;0;15.8;5.5;0.0
70;2021-04-05;11;2;0;36848;12714;0;15.8;5.5;0.0
70;2021-04-06;822;543;0;37670;13257;0;16.2;5.7;0.0
70;2021-04-07;862;580;0;38532;13837;0;16.5;5.9;0.0
70;2021-04-08;1336;553;0;39868;14390;0;17.1;6.2;0.0
70;2021-04-09;1446;567;0;41314;14957;0;17.7;6.4;0.0
70;2021-04-10;847;319;0;42161;15276;0;18.1;6.6;0.0
70;2021-04-11;32;7;0;42193;15283;0;18.1;6.6;0.0
70;2021-04-12;712;667;0;42905;15950;0;18.4;6.8;0.0
70;2021-04-13;992;779;0;43897;16729;0;18.8;7.2;0.0
70;2021-04-14;859;566;0;44756;17295;0;19.2;7.4;0.0
70;2021-04-15;1161;610;0;45917;17905;0;19.7;7.7;0.0
70;2021-04-16;1271;551;0;47188;18456;0;20.2;7.9;0.0
70;2021-04-17;684;469;0;47872;18925;0;20.5;8.1;0.0
70;2021-04-18;62;6;0;47934;18931;0;20.6;8.1;0.0
70;2021-04-19;577;845;0;48511;19776;0;20.8;8.5;0.0
70;2021-04-20;737;855;0;49248;20631;0;21.1;8.8;0.0
70;2021-04-21;565;905;0;49813;21536;0;21.4;9.2;0.0
70;2021-04-22;844;854;0;50657;22390;0;21.7;9.6;0.0
70;2021-04-23;926;800;0;51583;23190;0;22.1;9.9;0.0
70;2021-04-24;457;650;0;52040;23840;0;22.3;10.2;0.0
70;2021-04-25;17;7;0;52057;23847;0;22.3;10.2;0.0
70;2021-04-26;1064;647;0;53121;24494;0;22.8;10.5;0.0
70;2021-04-27;1220;800;0;54341;25294;0;23.3;10.8;0.0
70;2021-04-28;958;821;0;55299;26115;0;23.7;11.2;0.0
70;2021-04-29;1407;913;0;56706;27028;0;24.3;11.6;0.0
70;2021-04-30;1585;907;0;58291;27935;0;25.0;12.0;0.0
70;2021-05-01;1583;130;0;59874;28065;0;25.7;12.0;0.0
70;2021-05-02;33;5;0;59907;28070;0;25.7;12.0;0.0
70;2021-05-03;1237;563;0;61144;28633;0;26.2;12.3;0.0
70;2021-05-04;1335;793;0;62479;29426;0;26.8;12.6;0.0
70;2021-05-05;1216;886;0;63695;30312;0;27.3;13.0;0.0
70;2021-05-06;1852;1288;0;65547;31600;0;28.1;13.6;0.0
70;2021-05-07;2089;1297;0;67636;32897;0;29.0;14.1;0.0
70;2021-05-08;1224;189;0;68860;33086;0;29.5;14.2;0.0
70;2021-05-09;38;64;0;68898;33150;0;29.5;14.2;0.0
70;2021-05-10;1049;970;0;69947;34120;0;30.0;14.6;0.0
70;2021-05-11;1279;1128;0;71226;35248;0;30.5;15.1;0.0
70;2021-05-12;1211;901;0;72437;36149;0;31.1;15.5;0.0
70;2021-05-13;1552;169;0;73989;36318;0;31.7;15.6;0.0
70;2021-05-14;2095;740;0;76084;37058;0;32.6;15.9;0.0
70;2021-05-15;2367;505;0;78451;37563;0;33.6;16.1;0.0
70;2021-05-16;900;68;0;79351;37631;0;34.0;16.1;0.0
70;2021-05-17;1278;390;0;80629;38021;0;34.6;16.3;0.0
70;2021-05-18;1400;602;0;82029;38623;0;35.2;16.6;0.0
70;2021-05-19;1565;554;0;83594;39177;0;35.8;16.8;0.0
70;2021-05-20;1722;652;0;85316;39829;0;36.6;17.1;0.0
70;2021-05-21;1775;865;0;87091;40694;0;37.3;17.5;0.0
70;2021-05-22;1146;651;0;88237;41345;0;37.8;17.7;0.0
70;2021-05-23;59;20;0;88296;41365;0;37.9;17.7;0.0
70;2021-05-24;236;45;0;88532;41410;0;38.0;17.8;0.0
70;2021-05-25;955;945;0;89487;42355;0;38.4;18.2;0.0
70;2021-05-26;1041;963;0;90528;43318;0;38.8;18.6;0.0
70;2021-05-27;1301;1019;0;91829;44337;0;39.4;19.0;0.0
70;2021-05-28;1511;1220;0;93340;45557;0;40.0;19.5;0.0
70;2021-05-29;1252;577;0;94592;46134;0;40.6;19.8;0.0
70;2021-05-30;10;22;0;94602;46156;0;40.6;19.8;0.0
70;2021-05-31;1008;717;0;95610;46873;0;41.0;20.1;0.0
70;2021-06-01;1284;926;0;96894;47799;0;41.6;20.5;0.0
70;2021-06-02;1148;755;0;98042;48554;0;42.0;20.8;0.0
70;2021-06-03;1344;930;0;99386;49484;0;42.6;21.2;0.0
70;2021-06-04;1389;1180;0;100775;50664;0;43.2;21.7;0.0
70;2021-06-05;960;637;0;101735;51301;0;43.6;22.0;0.0
70;2021-06-06;564;85;0;102299;51386;0;43.9;22.0;0.0
70;2021-06-07;1073;1029;0;103372;52415;0;44.3;22.5;0.0
70;2021-06-08;1300;1219;0;104672;53634;0;44.9;23.0;0.0
70;2021-06-09;1126;981;0;105798;54615;0;45.4;23.4;0.0
70;2021-06-10;1400;903;0;107198;55518;0;46.0;23.8;0.0
70;2021-06-11;1588;1946;0;108786;57464;0;46.7;24.6;0.0
70;2021-06-12;856;1892;0;109642;59356;0;47.0;25.5;0.0
70;2021-06-13;191;28;0;109833;59384;0;47.1;25.5;0.0
70;2021-06-14;550;1237;0;110383;60621;0;47.3;26.0;0.0
70;2021-06-15;548;1469;0;110931;62090;0;47.6;26.6;0.0
70;2021-06-16;718;1383;0;111649;63473;0;47.9;27.2;0.0
70;2021-06-17;1011;2110;0;112660;65583;0;48.3;28.1;0.0
70;2021-06-18;1055;2254;0;113715;67837;0;48.8;29.1;0.0
70;2021-06-19;1060;1523;0;114775;69360;0;49.2;29.7;0.0
70;2021-06-20;11;19;0;114786;69379;0;49.2;29.8;0.0
70;2021-06-21;695;1476;0;115481;70855;0;49.5;30.4;0.0
70;2021-06-22;683;1609;0;116164;72464;0;49.8;31.1;0.0
70;2021-06-23;628;1552;0;116792;74016;0;50.1;31.7;0.0
70;2021-06-24;805;2043;0;117597;76059;0;50.4;32.6;0.0
70;2021-06-25;695;2626;0;118292;78685;0;50.7;33.7;0.0
70;2021-06-26;862;2025;0;119154;80710;0;51.1;34.6;0.0
70;2021-06-27;162;709;0;119316;81419;0;51.2;34.9;0.0
70;2021-06-28;369;1449;0;119685;82868;0;51.3;35.5;0.0
70;2021-06-29;413;1735;0;120098;84603;0;51.5;36.3;0.0
70;2021-06-30;442;1723;1;120540;86326;1;51.7;37.0;0.0
70;2021-07-01;634;1763;0;121174;88089;1;52.0;37.8;0.0
70;2021-07-02;846;1636;0;122020;89725;1;52.3;38.5;0.0
70;2021-07-03;785;1030;0;122805;90755;1;52.7;38.9;0.0
70;2021-07-04;43;95;0;122848;90850;1;52.7;39.0;0.0
70;2021-07-05;617;1111;0;123465;91961;1;52.9;39.4;0.0
70;2021-07-06;687;1382;0;124152;93343;1;53.2;40.0;0.0
70;2021-07-07;531;1429;0;124683;94772;1;53.5;40.6;0.0
70;2021-07-08;733;1495;0;125416;96267;1;53.8;41.3;0.0
70;2021-07-09;848;1746;0;126264;98013;1;54.1;42.0;0.0
70;2021-07-10;745;1040;0;127009;99053;1;54.5;42.5;0.0
70;2021-07-11;18;48;0;127027;99101;1;54.5;42.5;0.0
70;2021-07-12;455;1420;0;127482;100521;1;54.7;43.1;0.0
70;2021-07-13;932;1915;0;128414;102436;1;55.1;43.9;0.0
70;2021-07-14;72;32;0;128486;102468;1;55.1;43.9;0.0
70;2021-07-15;1298;1676;0;129784;104144;1;55.7;44.7;0.0
70;2021-07-16;1602;2077;0;131386;106221;1;56.3;45.6;0.0
70;2021-07-17;1354;1419;0;132740;107640;1;56.9;46.2;0.0
70;2021-07-18;853;618;0;133593;108258;1;57.3;46.4;0.0
70;2021-07-19;933;1146;0;134526;109404;1;57.7;46.9;0.0
70;2021-07-20;1321;1410;0;135847;110814;1;58.3;47.5;0.0
70;2021-07-21;1224;1352;0;137071;112166;1;58.8;48.1;0.0
70;2021-07-22;1678;1630;0;138749;113796;1;59.5;48.8;0.0
70;2021-07-23;1576;2325;0;140325;116121;1;60.2;49.8;0.0
70;2021-07-24;1245;1745;0;141570;117866;1;60.7;50.5;0.0
70;2021-07-25;83;69;0;141653;117935;1;60.7;50.6;0.0
70;2021-07-26;1121;1041;0;142774;118976;1;61.2;51.0;0.0
70;2021-07-27;1406;1000;0;144180;119976;1;61.8;51.4;0.0
70;2021-07-28;1316;1067;0;145496;121043;1;62.4;51.9;0.0
70;2021-07-29;1722;1239;0;147218;122282;1;63.1;52.4;0.0
70;2021-07-30;1894;1324;0;149112;123606;1;63.9;53.0;0.0
70;2021-07-31;1582;1061;0;150694;124667;1;64.6;53.5;0.0
70;2021-08-01;114;17;0;150808;124684;1;64.7;53.5;0.0
70;2021-08-02;803;752;0;151611;125436;1;65.0;53.8;0.0
70;2021-08-03;1287;1036;0;152898;126472;1;65.6;54.2;0.0
70;2021-08-04;1099;857;0;153997;127329;1;66.0;54.6;0.0
70;2021-08-05;1426;1073;0;155423;128402;1;66.6;55.1;0.0
70;2021-08-06;1597;1309;0;157020;129711;1;67.3;55.6;0.0
70;2021-08-07;1040;972;0;158060;130683;1;67.8;56.0;0.0
70;2021-08-08;50;79;0;158110;130762;1;67.8;56.1;0.0
70;2021-08-09;544;830;0;158654;131592;1;68.0;56.4;0.0
70;2021-08-10;882;1195;0;159536;132787;1;68.4;56.9;0.0
70;2021-08-11;724;783;0;160260;133570;1;68.7;57.3;0.0
70;2021-08-12;830;1241;0;161090;134811;1;69.1;57.8;0.0
70;2021-08-13;968;1529;0;162058;136340;1;69.5;58.5;0.0
70;2021-08-14;684;955;0;162742;137295;1;69.8;58.9;0.0
70;2021-08-15;43;36;0;162785;137331;1;69.8;58.9;0.0
70;2021-08-16;541;936;0;163326;138267;1;70.0;59.3;0.0
70;2021-08-17;625;1292;0;163951;139559;1;70.3;59.8;0.0
70;2021-08-18;486;948;0;164437;140507;1;70.5;60.3;0.0
70;2021-08-19;511;1309;0;164948;141816;1;70.7;60.8;0.0
70;2021-08-20;492;1872;0;165440;143688;1;70.9;61.6;0.0
70;2021-08-21;409;1108;0;165849;144796;1;71.1;62.1;0.0
70;2021-08-22;22;109;0;165871;144905;1;71.1;62.1;0.0
70;2021-08-23;305;951;0;166176;145856;1;71.3;62.5;0.0
70;2021-08-24;377;1360;0;166553;147216;1;71.4;63.1;0.0
70;2021-08-25;321;1245;0;166874;148461;1;71.6;63.7;0.0
70;2021-08-26;418;1397;0;167292;149858;1;71.7;64.3;0.0
70;2021-08-27;395;1992;0;167687;151850;1;71.9;65.1;0.0
70;2021-08-28;351;1529;0;168038;153379;1;72.1;65.8;0.0
70;2021-08-29;19;45;0;168057;153424;1;72.1;65.8;0.0
70;2021-08-30;302;813;4;168359;154237;5;72.2;66.1;0.0
70;2021-08-31;357;1128;11;168716;155365;16;72.4;66.6;0.0
70;2021-09-01;309;885;201;169025;156250;217;72.5;67.0;0.1
70;2021-09-02;283;981;166;169308;157231;383;72.6;67.4;0.2
70;2021-09-03;297;1022;188;169605;158253;571;72.7;67.9;0.2
70;2021-09-04;453;1021;136;170058;159274;707;72.9;68.3;0.3
70;2021-09-05;23;33;9;170081;159307;716;72.9;68.3;0.3
70;2021-09-06;155;594;97;170236;159901;813;73.0;68.6;0.3
70;2021-09-07;202;730;135;170438;160631;948;73.1;68.9;0.4
70;2021-09-08;192;756;102;170630;161387;1050;73.2;69.2;0.5
70;2021-09-09;182;675;138;170812;162062;1188;73.2;69.5;0.5
70;2021-09-10;253;784;124;171065;162846;1312;73.4;69.8;0.6
70;2021-09-11;288;800;82;171353;163646;1394;73.5;70.2;0.6
70;2021-09-12;19;44;6;171372;163690;1400;73.5;70.2;0.6
70;2021-09-13;165;369;157;171537;164059;1557;73.6;70.4;0.7
70;2021-09-14;321;401;158;171858;164460;1715;73.7;70.5;0.7
70;2021-09-15;183;484;139;172041;164944;1854;73.8;70.7;0.8
70;2021-09-16;234;386;177;172275;165330;2031;73.9;70.9;0.9
70;2021-09-17;230;483;122;172505;165813;2153;74.0;71.1;0.9
70;2021-09-18;163;434;80;172668;166247;2233;74.0;71.3;1.0
70;2021-09-19;3;23;0;172671;166270;2233;74.0;71.3;1.0
70;2021-09-20;102;212;123;172773;166482;2356;74.1;71.4;1.0
70;2021-09-21;151;275;154;172924;166757;2510;74.2;71.5;1.1
70;2021-09-22;99;347;130;173023;167104;2640;74.2;71.7;1.1
70;2021-09-23;68;207;203;173091;167311;2843;74.2;71.7;1.2
70;2021-09-24;189;394;162;173280;167705;3005;74.3;71.9;1.3
70;2021-09-25;136;462;115;173416;168167;3120;74.4;72.1;1.3
70;2021-09-26;2;6;0;173418;168173;3120;74.4;72.1;1.3
70;2021-09-27;58;209;105;173476;168382;3225;74.4;72.2;1.4
70;2021-09-28;79;191;235;173555;168573;3460;74.4;72.3;1.5
70;2021-09-29;104;242;154;173659;168815;3614;74.5;72.4;1.5
70;2021-09-30;101;168;236;173760;168983;3850;74.5;72.5;1.7
70;2021-10-01;138;267;222;173898;169250;4072;74.6;72.6;1.7
70;2021-10-02;116;304;152;174014;169554;4224;74.6;72.7;1.8
70;2021-10-03;2;2;2;174016;169556;4226;74.6;72.7;1.8
70;2021-10-04;81;168;185;174097;169724;4411;74.7;72.8;1.9
70;2021-10-05;87;283;228;174184;170007;4639;74.7;72.9;2.0
70;2021-10-06;127;216;237;174311;170223;4876;74.7;73.0;2.1
70;2021-10-07;89;209;301;174400;170432;5177;74.8;73.1;2.2
70;2021-10-08;152;247;329;174552;170679;5506;74.9;73.2;2.4
70;2021-10-09;140;293;170;174692;170972;5676;74.9;73.3;2.4
70;2021-10-10;4;4;15;174696;170976;5691;74.9;73.3;2.4
70;2021-10-11;72;119;194;174768;171095;5885;74.9;73.4;2.5
70;2021-10-12;51;117;266;174819;171212;6151;75.0;73.4;2.6
70;2021-10-13;99;176;342;174918;171388;6493;75.0;73.5;2.8
70;2021-10-14;53;116;198;174971;171504;6691;75.0;73.5;2.9
70;2021-10-15;154;208;373;175125;171712;7064;75.1;73.6;3.0
70;2021-10-16;131;165;255;175256;171877;7319;75.2;73.7;3.1
70;2021-10-17;4;12;0;175260;171889;7319;75.2;73.7;3.1
70;2021-10-18;55;100;209;175315;171989;7528;75.2;73.8;3.2
70;2021-10-19;78;83;339;175393;172072;7867;75.2;73.8;3.4
70;2021-10-20;106;137;364;175499;172209;8231;75.3;73.8;3.5
70;2021-10-21;55;90;386;175554;172299;8617;75.3;73.9;3.7
70;2021-10-22;96;139;570;175650;172438;9187;75.3;73.9;3.9
70;2021-10-23;127;166;281;175777;172604;9468;75.4;74.0;4.1
70;2021-10-24;2;2;1;175779;172606;9469;75.4;74.0;4.1
70;2021-10-25;51;78;309;175830;172684;9778;75.4;74.1;4.2
70;2021-10-26;52;88;321;175882;172772;10099;75.4;74.1;4.3
70;2021-10-27;80;122;443;175962;172894;10542;75.5;74.1;4.5
70;2021-10-28;44;69;240;176006;172963;10782;75.5;74.2;4.6
70;2021-10-29;107;140;460;176113;173103;11242;75.5;74.2;4.8
70;2021-10-30;70;131;247;176183;173234;11489;75.6;74.3;4.9
70;2021-10-31;1;2;0;176184;173236;11489;75.6;74.3;4.9
70;2021-11-01;8;5;1;176192;173241;11490;75.6;74.3;4.9
70;2021-11-02;67;103;430;176259;173344;11920;75.6;74.3;5.1
70;2021-11-03;84;129;585;176343;173473;12505;75.6;74.4;5.4
70;2021-11-04;38;44;332;176381;173517;12837;75.6;74.4;5.5
70;2021-11-05;97;144;863;176478;173661;13700;75.7;74.5;5.9
70;2021-11-06;103;143;497;176581;173804;14197;75.7;74.5;6.1
70;2021-11-07;1;4;0;176582;173808;14197;75.7;74.5;6.1
70;2021-11-08;42;71;565;176624;173879;14762;75.7;74.6;6.3
70;2021-11-09;46;76;704;176670;173955;15466;75.8;74.6;6.6
70;2021-11-10;86;128;838;176756;174083;16304;75.8;74.7;7.0
70;2021-11-11;1;5;5;176757;174088;16309;75.8;74.7;7.0
70;2021-11-12;103;134;891;176860;174222;17200;75.8;74.7;7.4
70;2021-11-13;99;148;708;176959;174370;17908;75.9;74.8;7.7
70;2021-11-14;3;7;7;176962;174377;17915;75.9;74.8;7.7
70;2021-11-15;38;44;678;177000;174421;18593;75.9;74.8;8.0
70;2021-11-16;35;39;670;177035;174460;19263;75.9;74.8;8.3
70;2021-11-17;94;117;1043;177129;174577;20306;76.0;74.9;8.7
70;2021-11-18;43;63;719;177172;174640;21025;76.0;74.9;9.0
70;2021-11-19;104;112;995;177276;174752;22020;76.0;74.9;9.4
70;2021-11-20;124;106;590;177400;174858;22610;76.1;75.0;9.7
70;2021-11-21;0;3;2;177400;174861;22612;76.1;75.0;9.7
70;2021-11-22;45;35;782;177445;174896;23394;76.1;75.0;10.0
70;2021-11-23;42;46;901;177487;174942;24295;76.1;75.0;10.4
70;2021-11-24;94;99;1187;177581;175041;25482;76.2;75.1;10.9
70;2021-11-25;62;55;779;177643;175096;26261;76.2;75.1;11.3
70;2021-11-26;110;99;1681;177753;175195;27942;76.2;75.1;12.0
70;2021-11-27;120;134;1035;177873;175329;28977;76.3;75.2;12.4
70;2021-11-28;1;2;47;177874;175331;29024;76.3;75.2;12.4
70;2021-11-29;22;40;1130;177896;175371;30154;76.3;75.2;12.9
70;2021-11-30;71;51;1813;177967;175422;31967;76.3;75.2;13.7
70;2021-12-01;81;107;1797;178048;175529;33764;76.4;75.3;14.5
70;2021-12-02;55;36;2158;178103;175565;35922;76.4;75.3;15.4
70;2021-12-03;67;103;2613;178170;175668;38535;76.4;75.3;16.5
70;2021-12-04;81;101;2002;178251;175769;40537;76.4;75.4;17.4
70;2021-12-05;22;11;443;178273;175780;40980;76.4;75.4;17.6
70;2021-12-06;33;63;1506;178306;175843;42486;76.5;75.4;18.2
70;2021-12-07;73;39;2624;178379;175882;45110;76.5;75.4;19.3
70;2021-12-08;59;90;2346;178438;175972;47456;76.5;75.5;20.4
70;2021-12-09;50;75;3034;178488;176047;50490;76.5;75.5;21.7
70;2021-12-10;68;93;3578;178556;176140;54068;76.6;75.5;23.2
70;2021-12-11;81;137;2739;178637;176277;56807;76.6;75.6;24.4
70;2021-12-12;32;7;561;178669;176284;57368;76.6;75.6;24.6
70;2021-12-13;50;46;2058;178719;176330;59426;76.6;75.6;25.5
70;2021-12-14;77;45;2956;178796;176375;62382;76.7;75.6;26.8
70;2021-12-15;65;77;2602;178861;176452;64984;76.7;75.7;27.9
70;2021-12-16;87;73;3344;178948;176525;68328;76.7;75.7;29.3
70;2021-12-17;94;99;3214;179042;176624;71542;76.8;75.7;30.7
70;2021-12-18;100;127;2117;179142;176751;73659;76.8;75.8;31.6
70;2021-12-19;3;11;149;179145;176762;73808;76.8;75.8;31.7
70;2021-12-20;73;69;1888;179218;176831;75696;76.9;75.8;32.5
70;2021-12-21;130;107;2450;179348;176938;78146;76.9;75.9;33.5
70;2021-12-22;107;121;2471;179455;177059;80617;77.0;75.9;34.6
70;2021-12-23;100;52;1672;179555;177111;82289;77.0;76.0;35.3
70;2021-12-24;20;7;213;179575;177118;82502;77.0;76.0;35.4
70;2021-12-25;0;1;13;179575;177119;82515;77.0;76.0;35.4
70;2021-12-26;1;5;82;179576;177124;82597;77.0;76.0;35.4
71;2020-12-27;1;0;0;1;0;0;0.0;0.0;0.0
71;2020-12-28;8;0;0;9;0;0;0.0;0.0;0.0
71;2020-12-29;2;0;0;11;0;0;0.0;0.0;0.0
71;2020-12-30;0;0;0;11;0;0;0.0;0.0;0.0
71;2020-12-31;0;0;0;11;0;0;0.0;0.0;0.0
71;2021-01-01;99;0;0;110;0;0;0.0;0.0;0.0
71;2021-01-02;8;0;0;118;0;0;0.0;0.0;0.0
71;2021-01-03;0;0;0;118;0;0;0.0;0.0;0.0
71;2021-01-04;3;0;0;121;0;0;0.0;0.0;0.0
71;2021-01-05;15;1;0;136;1;0;0.0;0.0;0.0
71;2021-01-06;75;0;0;211;1;0;0.0;0.0;0.0
71;2021-01-07;78;1;0;289;2;0;0.1;0.0;0.0
71;2021-01-08;152;0;0;441;2;0;0.1;0.0;0.0
71;2021-01-09;93;0;0;534;2;0;0.1;0.0;0.0
71;2021-01-10;2;0;0;536;2;0;0.1;0.0;0.0
71;2021-01-11;237;0;0;773;2;0;0.1;0.0;0.0
71;2021-01-12;770;1;0;1543;3;0;0.3;0.0;0.0
71;2021-01-13;551;2;0;2094;5;0;0.4;0.0;0.0
71;2021-01-14;590;7;0;2684;12;0;0.5;0.0;0.0
71;2021-01-15;641;2;0;3325;14;0;0.6;0.0;0.0
71;2021-01-16;23;0;0;3348;14;0;0.6;0.0;0.0
71;2021-01-17;3;0;0;3351;14;0;0.6;0.0;0.0
71;2021-01-18;954;5;0;4305;19;0;0.8;0.0;0.0
71;2021-01-19;1580;7;0;5885;26;0;1.1;0.0;0.0
71;2021-01-20;1494;8;0;7379;34;0;1.3;0.0;0.0
71;2021-01-21;1913;15;0;9292;49;0;1.7;0.0;0.0
71;2021-01-22;1348;4;0;10640;53;0;1.9;0.0;0.0
71;2021-01-23;772;6;0;11412;59;0;2.1;0.0;0.0
71;2021-01-24;2;0;0;11414;59;0;2.1;0.0;0.0
71;2021-01-25;1009;7;0;12423;66;0;2.3;0.0;0.0
71;2021-01-26;1535;28;0;13958;94;0;2.5;0.0;0.0
71;2021-01-27;1166;33;0;15124;127;0;2.8;0.0;0.0
71;2021-01-28;1092;100;0;16216;227;0;3.0;0.0;0.0
71;2021-01-29;1026;137;0;17242;364;0;3.1;0.1;0.0
71;2021-01-30;584;2;0;17826;366;0;3.3;0.1;0.0
71;2021-01-31;5;15;0;17831;381;0;3.3;0.1;0.0
71;2021-02-01;749;210;0;18580;591;0;3.4;0.1;0.0
71;2021-02-02;780;332;0;19360;923;0;3.5;0.2;0.0
71;2021-02-03;763;401;0;20123;1324;0;3.7;0.2;0.0
71;2021-02-04;736;569;0;20859;1893;0;3.8;0.3;0.0
71;2021-02-05;703;503;0;21562;2396;0;3.9;0.4;0.0
71;2021-02-06;514;21;0;22076;2417;0;4.0;0.4;0.0
71;2021-02-07;3;46;0;22079;2463;0;4.0;0.4;0.0
71;2021-02-08;605;631;0;22684;3094;0;4.1;0.6;0.0
71;2021-02-09;385;972;0;23069;4066;0;4.2;0.7;0.0
71;2021-02-10;418;939;0;23487;5005;0;4.3;0.9;0.0
71;2021-02-11;512;1208;0;23999;6213;0;4.4;1.1;0.0
71;2021-02-12;543;1003;0;24542;7216;0;4.5;1.3;0.0
71;2021-02-13;147;509;0;24689;7725;0;4.5;1.4;0.0
71;2021-02-14;8;5;0;24697;7730;0;4.5;1.4;0.0
71;2021-02-15;311;878;0;25008;8608;0;4.6;1.6;0.0
71;2021-02-16;386;1333;0;25394;9941;0;4.6;1.8;0.0
71;2021-02-17;437;1107;0;25831;11048;0;4.7;2.0;0.0
71;2021-02-18;499;879;0;26330;11927;0;4.8;2.2;0.0
71;2021-02-19;525;749;0;26855;12676;0;4.9;2.3;0.0
71;2021-02-20;221;368;0;27076;13044;0;4.9;2.4;0.0
71;2021-02-21;0;11;0;27076;13055;0;4.9;2.4;0.0
71;2021-02-22;228;865;0;27304;13920;0;5.0;2.5;0.0
71;2021-02-23;448;952;0;27752;14872;0;5.1;2.7;0.0
71;2021-02-24;444;763;0;28196;15635;0;5.1;2.9;0.0
71;2021-02-25;530;758;0;28726;16393;0;5.2;3.0;0.0
71;2021-02-26;846;571;0;29572;16964;0;5.4;3.1;0.0
71;2021-02-27;468;341;0;30040;17305;0;5.5;3.2;0.0
71;2021-02-28;57;17;0;30097;17322;0;5.5;3.2;0.0
71;2021-03-01;1139;703;0;31236;18025;0;5.7;3.3;0.0
71;2021-03-02;1509;716;0;32745;18741;0;6.0;3.4;0.0
71;2021-03-03;1751;764;0;34496;19505;0;6.3;3.6;0.0
71;2021-03-04;1996;824;0;36492;20329;0;6.7;3.7;0.0
71;2021-03-05;2252;686;0;38744;21015;0;7.1;3.8;0.0
71;2021-03-06;793;74;0;39537;21089;0;7.2;3.8;0.0
71;2021-03-07;74;13;0;39611;21102;0;7.2;3.9;0.0
71;2021-03-08;1423;798;0;41034;21900;0;7.5;4.0;0.0
71;2021-03-09;2111;604;0;43145;22504;0;7.9;4.1;0.0
71;2021-03-10;2124;461;0;45269;22965;0;8.3;4.2;0.0
71;2021-03-11;2580;681;0;47849;23646;0;8.7;4.3;0.0
71;2021-03-12;2534;610;0;50383;24256;0;9.2;4.4;0.0
71;2021-03-13;1082;104;0;51465;24360;0;9.4;4.4;0.0
71;2021-03-14;58;8;0;51523;24368;0;9.4;4.4;0.0
71;2021-03-15;1776;478;0;53299;24846;0;9.7;4.5;0.0
71;2021-03-16;1769;218;0;55068;25064;0;10.1;4.6;0.0
71;2021-03-17;2079;259;0;57147;25323;0;10.4;4.6;0.0
71;2021-03-18;1892;455;0;59039;25778;0;10.8;4.7;0.0
71;2021-03-19;2322;327;0;61361;26105;0;11.2;4.8;0.0
71;2021-03-20;1029;53;0;62390;26158;0;11.4;4.8;0.0
71;2021-03-21;25;4;0;62415;26162;0;11.4;4.8;0.0
71;2021-03-22;2447;372;0;64862;26534;0;11.8;4.8;0.0
71;2021-03-23;3285;487;0;68147;27021;0;12.4;4.9;0.0
71;2021-03-24;3186;457;0;71333;27478;0;13.0;5.0;0.0
71;2021-03-25;3866;559;0;75199;28037;0;13.7;5.1;0.0
71;2021-03-26;3810;337;0;79009;28374;0;14.4;5.2;0.0
71;2021-03-27;936;102;0;79945;28476;0;14.6;5.2;0.0
71;2021-03-28;75;11;0;80020;28487;0;14.6;5.2;0.0
71;2021-03-29;2323;1114;0;82343;29601;0;15.0;5.4;0.0
71;2021-03-30;3000;1311;0;85343;30912;0;15.6;5.6;0.0
71;2021-03-31;2456;1496;0;87799;32408;0;16.0;5.9;0.0
71;2021-04-01;2645;1284;0;90444;33692;0;16.5;6.2;0.0
71;2021-04-02;2385;1412;0;92829;35104;0;16.9;6.4;0.0
71;2021-04-03;297;48;0;93126;35152;0;17.0;6.4;0.0
71;2021-04-04;23;8;0;93149;35160;0;17.0;6.4;0.0
71;2021-04-05;95;2;0;93244;35162;0;17.0;6.4;0.0
71;2021-04-06;2096;1827;0;95340;36989;0;17.4;6.8;0.0
71;2021-04-07;2276;1744;0;97616;38733;0;17.8;7.1;0.0
71;2021-04-08;3156;1757;0;100772;40490;0;18.4;7.4;0.0
71;2021-04-09;3871;1621;0;104643;42111;0;19.1;7.7;0.0
71;2021-04-10;830;97;0;105473;42208;0;19.3;7.7;0.0
71;2021-04-11;108;13;0;105581;42221;0;19.3;7.7;0.0
71;2021-04-12;2279;1674;0;107860;43895;0;19.7;8.0;0.0
71;2021-04-13;2529;1834;0;110389;45729;0;20.2;8.3;0.0
71;2021-04-14;2318;1905;0;112707;47634;0;20.6;8.7;0.0
71;2021-04-15;2702;1654;0;115409;49288;0;21.1;9.0;0.0
71;2021-04-16;2564;1669;0;117973;50957;0;21.5;9.3;0.0
71;2021-04-17;947;354;0;118920;51311;0;21.7;9.4;0.0
71;2021-04-18;126;20;0;119046;51331;0;21.7;9.4;0.0
71;2021-04-19;1638;2363;0;120684;53694;0;22.0;9.8;0.0
71;2021-04-20;2104;2435;0;122788;56129;0;22.4;10.2;0.0
71;2021-04-21;2010;2372;0;124798;58501;0;22.8;10.7;0.0
71;2021-04-22;2371;2255;0;127169;60756;0;23.2;11.1;0.0
71;2021-04-23;2694;2089;0;129863;62845;0;23.7;11.5;0.0
71;2021-04-24;574;103;0;130437;62948;0;23.8;11.5;0.0
71;2021-04-25;43;7;0;130480;62955;0;23.8;11.5;0.0
71;2021-04-26;2277;1982;0;132757;64937;0;24.2;11.9;0.0
71;2021-04-27;2816;2164;0;135573;67101;0;24.7;12.2;0.0
71;2021-04-28;2895;2092;0;138468;69193;0;25.3;12.6;0.0
71;2021-04-29;3531;2102;0;141999;71295;0;25.9;13.0;0.0
71;2021-04-30;3689;1595;0;145688;72890;0;26.6;13.3;0.0
71;2021-05-01;137;64;0;145825;72954;0;26.6;13.3;0.0
71;2021-05-02;57;33;0;145882;72987;0;26.6;13.3;0.0
71;2021-05-03;3915;1404;0;149797;74391;0;27.3;13.6;0.0
71;2021-05-04;2767;2240;0;152564;76631;0;27.8;14.0;0.0
71;2021-05-05;3180;1976;0;155744;78607;0;28.4;14.3;0.0
71;2021-05-06;3370;2199;0;159114;80806;0;29.0;14.8;0.0
71;2021-05-07;3419;2619;0;162533;83425;0;29.7;15.2;0.0
71;2021-05-08;309;220;0;162842;83645;0;29.7;15.3;0.0
71;2021-05-09;93;56;0;162935;83701;0;29.7;15.3;0.0
71;2021-05-10;3374;2196;0;166309;85897;0;30.4;15.7;0.0
71;2021-05-11;4228;2255;0;170537;88152;0;31.1;16.1;0.0
71;2021-05-12;3782;2421;0;174319;90573;0;31.8;16.5;0.0
71;2021-05-13;1541;175;0;175860;90748;0;32.1;16.6;0.0
71;2021-05-14;3642;2034;0;179502;92782;0;32.8;16.9;0.0
71;2021-05-15;653;336;0;180155;93118;0;32.9;17.0;0.0
71;2021-05-16;87;17;0;180242;93135;0;32.9;17.0;0.0
71;2021-05-17;3698;1767;0;183940;94902;0;33.6;17.3;0.0
71;2021-05-18;3361;2289;0;187301;97191;0;34.2;17.7;0.0
71;2021-05-19;3765;2151;0;191066;99342;0;34.9;18.1;0.0
71;2021-05-20;4303;2176;0;195369;101518;0;35.7;18.5;0.0
71;2021-05-21;3768;2394;0;199137;103912;0;36.4;19.0;0.0
71;2021-05-22;631;368;0;199768;104280;0;36.5;19.0;0.0
71;2021-05-23;100;60;0;199868;104340;0;36.5;19.0;0.0
71;2021-05-24;400;144;0;200268;104484;0;36.6;19.1;0.0
71;2021-05-25;2715;2897;0;202983;107381;0;37.1;19.6;0.0
71;2021-05-26;3087;2327;0;206070;109708;0;37.6;20.0;0.0
71;2021-05-27;3555;2412;0;209625;112120;0;38.3;20.5;0.0
71;2021-05-28;2980;3000;0;212605;115120;0;38.8;21.0;0.0
71;2021-05-29;892;720;0;213497;115840;0;39.0;21.1;0.0
71;2021-05-30;127;82;0;213624;115922;0;39.0;21.2;0.0
71;2021-05-31;2756;3228;0;216380;119150;0;39.5;21.7;0.0
71;2021-06-01;3525;3390;0;219905;122540;0;40.1;22.4;0.0
71;2021-06-02;3853;2535;0;223758;125075;0;40.8;22.8;0.0
71;2021-06-03;4151;2435;0;227909;127510;0;41.6;23.3;0.0
71;2021-06-04;3680;3427;0;231589;130937;0;42.3;23.9;0.0
71;2021-06-05;1118;729;0;232707;131666;0;42.5;24.0;0.0
71;2021-06-06;138;103;0;232845;131769;0;42.5;24.1;0.0
71;2021-06-07;3191;3702;0;236036;135471;0;43.1;24.7;0.0
71;2021-06-08;3795;3647;0;239831;139118;0;43.8;25.4;0.0
71;2021-06-09;4418;2609;0;244249;141727;0;44.6;25.9;0.0
71;2021-06-10;4936;2718;0;249185;144445;0;45.5;26.4;0.0
71;2021-06-11;4122;3510;0;253307;147955;0;46.2;27.0;0.0
71;2021-06-12;1062;684;0;254369;148639;0;46.4;27.1;0.0
71;2021-06-13;153;200;0;254522;148839;0;46.5;27.2;0.0
71;2021-06-14;3176;3552;0;257698;152391;0;47.0;27.8;0.0
71;2021-06-15;3814;3339;0;261512;155730;0;47.7;28.4;0.0
71;2021-06-16;4184;2616;0;265696;158346;0;48.5;28.9;0.0
71;2021-06-17;3979;2907;0;269675;161253;0;49.2;29.4;0.0
71;2021-06-18;3956;3477;0;273631;164730;0;49.9;30.1;0.0
71;2021-06-19;1292;838;0;274923;165568;0;50.2;30.2;0.0
71;2021-06-20;72;70;0;274995;165638;0;50.2;30.2;0.0
71;2021-06-21;2035;3930;0;277030;169568;0;50.6;31.0;0.0
71;2021-06-22;2448;4192;0;279478;173760;0;51.0;31.7;0.0
71;2021-06-23;2866;3304;0;282344;177064;0;51.5;32.3;0.0
71;2021-06-24;3110;2894;0;285454;179958;0;52.1;32.8;0.0
71;2021-06-25;2455;4349;0;287909;184307;0;52.6;33.6;0.0
71;2021-06-26;503;1006;0;288412;185313;0;52.6;33.8;0.0
71;2021-06-27;60;121;0;288472;185434;0;52.7;33.8;0.0
71;2021-06-28;1444;4402;0;289916;189836;0;52.9;34.7;0.0
71;2021-06-29;1839;4595;0;291755;194431;0;53.3;35.5;0.0
71;2021-06-30;2298;3856;0;294053;198287;0;53.7;36.2;0.0
71;2021-07-01;2505;3802;0;296558;202089;0;54.1;36.9;0.0
71;2021-07-02;2720;3915;0;299278;206004;0;54.6;37.6;0.0
71;2021-07-03;404;1089;0;299682;207093;0;54.7;37.8;0.0
71;2021-07-04;51;192;0;299733;207285;0;54.7;37.8;0.0
71;2021-07-05;2133;4168;0;301866;211453;0;55.1;38.6;0.0
71;2021-07-06;2136;4348;0;304002;215801;0;55.5;39.4;0.0
71;2021-07-07;2569;3574;0;306571;219375;0;56.0;40.0;0.0
71;2021-07-08;2447;3968;0;309018;223343;0;56.4;40.8;0.0
71;2021-07-09;2119;4757;0;311137;228100;0;56.8;41.6;0.0
71;2021-07-10;363;999;0;311500;229099;0;56.9;41.8;0.0
71;2021-07-11;60;118;0;311560;229217;0;56.9;41.8;0.0
71;2021-07-12;1765;4967;0;313325;234184;0;57.2;42.7;0.0
71;2021-07-13;2416;5455;0;315741;239639;0;57.6;43.7;0.0
71;2021-07-14;1036;469;0;316777;240108;0;57.8;43.8;0.0
71;2021-07-15;2808;5356;0;319585;245464;0;58.3;44.8;0.0
71;2021-07-16;3396;5673;0;322981;251137;0;59.0;45.8;0.0
71;2021-07-17;982;1279;0;323963;252416;0;59.1;46.1;0.0
71;2021-07-18;162;176;0;324125;252592;0;59.2;46.1;0.0
71;2021-07-19;2862;5243;0;326987;257835;0;59.7;47.1;0.0
71;2021-07-20;3257;5559;0;330244;263394;0;60.3;48.1;0.0
71;2021-07-21;3524;5104;0;333768;268498;0;60.9;49.0;0.0
71;2021-07-22;3836;5020;0;337604;273518;0;61.6;49.9;0.0
71;2021-07-23;3272;5645;0;340876;279163;0;62.2;51.0;0.0
71;2021-07-24;1056;1072;0;341932;280235;0;62.4;51.2;0.0
71;2021-07-25;253;153;0;342185;280388;0;62.5;51.2;0.0
71;2021-07-26;3454;4467;0;345639;284855;0;63.1;52.0;0.0
71;2021-07-27;3943;4554;0;349582;289409;0;63.8;52.8;0.0
71;2021-07-28;4172;4405;0;353754;293814;0;64.6;53.6;0.0
71;2021-07-29;4113;4304;0;357867;298118;0;65.3;54.4;0.0
71;2021-07-30;4115;4472;0;361982;302590;0;66.1;55.2;0.0
71;2021-07-31;1043;890;0;363025;303480;0;66.3;55.4;0.0
71;2021-08-01;224;105;0;363249;303585;0;66.3;55.4;0.0
71;2021-08-02;3770;3393;0;367019;306978;0;67.0;56.0;0.0
71;2021-08-03;4078;3519;0;371097;310497;0;67.7;56.7;0.0
71;2021-08-04;4055;2823;0;375152;313320;0;68.5;57.2;0.0
71;2021-08-05;3927;3090;0;379079;316410;0;69.2;57.8;0.0
71;2021-08-06;3499;3835;0;382578;320245;0;69.8;58.5;0.0
71;2021-08-07;669;683;0;383247;320928;0;70.0;58.6;0.0
71;2021-08-08;108;119;0;383355;321047;0;70.0;58.6;0.0
71;2021-08-09;2618;3058;0;385973;324105;0;70.5;59.2;0.0
71;2021-08-10;2764;3144;0;388737;327249;0;71.0;59.7;0.0
71;2021-08-11;2896;3006;0;391633;330255;0;71.5;60.3;0.0
71;2021-08-12;2773;3041;0;394406;333296;0;72.0;60.8;0.0
71;2021-08-13;2476;3183;0;396882;336479;0;72.4;61.4;0.0
71;2021-08-14;369;779;0;397251;337258;0;72.5;61.6;0.0
71;2021-08-15;71;185;0;397322;337443;0;72.5;61.6;0.0
71;2021-08-16;1487;3218;0;398809;340661;0;72.8;62.2;0.0
71;2021-08-17;1580;3095;0;400389;343756;0;73.1;62.7;0.0
71;2021-08-18;1359;2981;0;401748;346737;0;73.3;63.3;0.0
71;2021-08-19;1226;2825;0;402974;349562;0;73.6;63.8;0.0
71;2021-08-20;1203;3590;0;404177;353152;0;73.8;64.5;0.0
71;2021-08-21;211;721;0;404388;353873;0;73.8;64.6;0.0
71;2021-08-22;62;148;0;404450;354021;0;73.8;64.6;0.0
71;2021-08-23;1248;4226;0;405698;358247;0;74.1;65.4;0.0
71;2021-08-24;1187;3534;0;406885;361781;0;74.3;66.0;0.0
71;2021-08-25;881;3585;0;407766;365366;0;74.4;66.7;0.0
71;2021-08-26;894;3248;0;408660;368614;0;74.6;67.3;0.0
71;2021-08-27;1045;4153;0;409705;372767;0;74.8;68.0;0.0
71;2021-08-28;236;641;0;409941;373408;0;74.8;68.2;0.0
71;2021-08-29;37;154;0;409978;373562;0;74.8;68.2;0.0
71;2021-08-30;1093;3501;52;411071;377063;52;75.0;68.8;0.0
71;2021-08-31;906;3115;159;411977;380178;211;75.2;69.4;0.0
71;2021-09-01;898;3122;313;412875;383300;524;75.4;70.0;0.1
71;2021-09-02;612;2663;296;413487;385963;820;75.5;70.5;0.1
71;2021-09-03;811;3469;377;414298;389432;1197;75.6;71.1;0.2
71;2021-09-04;301;692;66;414599;390124;1263;75.7;71.2;0.2
71;2021-09-05;30;104;8;414629;390228;1271;75.7;71.2;0.2
71;2021-09-06;598;2083;405;415227;392311;1676;75.8;71.6;0.3
71;2021-09-07;504;1575;538;415731;393886;2214;75.9;71.9;0.4
71;2021-09-08;657;2028;413;416388;395914;2627;76.0;72.3;0.5
71;2021-09-09;440;1250;563;416828;397164;3190;76.1;72.5;0.6
71;2021-09-10;750;1955;616;417578;399119;3806;76.2;72.9;0.7
71;2021-09-11;232;409;69;417810;399528;3875;76.3;72.9;0.7
71;2021-09-12;27;51;13;417837;399579;3888;76.3;72.9;0.7
71;2021-09-13;611;1211;348;418448;400790;4236;76.4;73.2;0.8
71;2021-09-14;481;977;506;418929;401767;4742;76.5;73.3;0.9
71;2021-09-15;577;1387;565;419506;403154;5307;76.6;73.6;1.0
71;2021-09-16;449;805;527;419955;403959;5834;76.7;73.7;1.1
71;2021-09-17;526;1303;595;420481;405262;6429;76.8;74.0;1.2
71;2021-09-18;159;324;119;420640;405586;6548;76.8;74.0;1.2
71;2021-09-19;16;35;9;420656;405621;6557;76.8;74.0;1.2
71;2021-09-20;433;817;532;421089;406438;7089;76.9;74.2;1.3
71;2021-09-21;274;644;705;421363;407082;7794;76.9;74.3;1.4
71;2021-09-22;310;1181;601;421673;408263;8395;77.0;74.5;1.5
71;2021-09-23;279;568;538;421952;408831;8933;77.0;74.6;1.6
71;2021-09-24;347;946;562;422299;409777;9495;77.1;74.8;1.7
71;2021-09-25;78;237;62;422377;410014;9557;77.1;74.8;1.7
71;2021-09-26;10;40;4;422387;410054;9561;77.1;74.9;1.7
71;2021-09-27;272;678;601;422659;410732;10162;77.2;75.0;1.9
71;2021-09-28;275;453;705;422934;411185;10867;77.2;75.1;2.0
71;2021-09-29;306;703;668;423240;411888;11535;77.3;75.2;2.1
71;2021-09-30;210;478;722;423450;412366;12257;77.3;75.3;2.2
71;2021-10-01;402;807;967;423852;413173;13224;77.4;75.4;2.4
71;2021-10-02;129;230;135;423981;413403;13359;77.4;75.5;2.4
71;2021-10-03;5;16;35;423986;413419;13394;77.4;75.5;2.4
71;2021-10-04;260;535;618;424246;413954;14012;77.4;75.6;2.6
71;2021-10-05;201;379;644;424447;414333;14656;77.5;75.6;2.7
71;2021-10-06;378;644;820;424825;414977;15476;77.5;75.8;2.8
71;2021-10-07;159;358;651;424984;415335;16127;77.6;75.8;2.9
71;2021-10-08;340;645;1087;425324;415980;17214;77.6;75.9;3.1
71;2021-10-09;80;194;165;425404;416174;17379;77.7;76.0;3.2
71;2021-10-10;9;21;23;425413;416195;17402;77.7;76.0;3.2
71;2021-10-11;266;511;740;425679;416706;18142;77.7;76.1;3.3
71;2021-10-12;185;362;743;425864;417068;18885;77.7;76.1;3.4
71;2021-10-13;299;446;928;426163;417514;19813;77.8;76.2;3.6
71;2021-10-14;159;283;759;426322;417797;20572;77.8;76.3;3.8
71;2021-10-15;280;526;1262;426602;418323;21834;77.9;76.4;4.0
71;2021-10-16;114;139;161;426716;418462;21995;77.9;76.4;4.0
71;2021-10-17;3;13;26;426719;418475;22021;77.9;76.4;4.0
71;2021-10-18;235;362;1093;426954;418837;23114;77.9;76.5;4.2
71;2021-10-19;169;280;1055;427123;419117;24169;78.0;76.5;4.4
71;2021-10-20;285;432;1504;427408;419549;25673;78.0;76.6;4.7
71;2021-10-21;129;188;961;427537;419737;26634;78.0;76.6;4.9
71;2021-10-22;233;337;1327;427770;420074;27961;78.1;76.7;5.1
71;2021-10-23;84;117;165;427854;420191;28126;78.1;76.7;5.1
71;2021-10-24;6;30;27;427860;420221;28153;78.1;76.7;5.1
71;2021-10-25;201;299;1067;428061;420520;29220;78.1;76.8;5.3
71;2021-10-26;138;202;939;428199;420722;30159;78.2;76.8;5.5
71;2021-10-27;186;322;1279;428385;421044;31438;78.2;76.9;5.7
71;2021-10-28;132;150;844;428517;421194;32282;78.2;76.9;5.9
71;2021-10-29;197;313;1295;428714;421507;33577;78.3;76.9;6.1
71;2021-10-30;69;121;192;428783;421628;33769;78.3;77.0;6.2
71;2021-10-31;9;14;48;428792;421642;33817;78.3;77.0;6.2
71;2021-11-01;17;9;2;428809;421651;33819;78.3;77.0;6.2
71;2021-11-02;175;243;1326;428984;421894;35145;78.3;77.0;6.4
71;2021-11-03;191;354;1388;429175;422248;36533;78.3;77.1;6.7
71;2021-11-04;133;161;1091;429308;422409;37624;78.4;77.1;6.9
71;2021-11-05;227;307;2100;429535;422716;39724;78.4;77.2;7.3
71;2021-11-06;75;101;292;429610;422817;40016;78.4;77.2;7.3
71;2021-11-07;1;4;22;429611;422821;40038;78.4;77.2;7.3
71;2021-11-08;155;246;1691;429766;423067;41729;78.4;77.2;7.6
71;2021-11-09;96;194;1773;429862;423261;43502;78.5;77.3;7.9
71;2021-11-10;218;297;2043;430080;423558;45545;78.5;77.3;8.3
71;2021-11-11;15;22;87;430095;423580;45632;78.5;77.3;8.3
71;2021-11-12;192;293;2143;430287;423873;47775;78.5;77.4;8.7
71;2021-11-13;62;78;338;430349;423951;48113;78.6;77.4;8.8
71;2021-11-14;4;9;8;430353;423960;48121;78.6;77.4;8.8
71;2021-11-15;138;200;1929;430491;424160;50050;78.6;77.4;9.1
71;2021-11-16;138;162;2079;430629;424322;52129;78.6;77.5;9.5
71;2021-11-17;187;238;2152;430816;424560;54281;78.6;77.5;9.9
71;2021-11-18;123;153;1734;430939;424713;56015;78.7;77.5;10.2
71;2021-11-19;220;279;2674;431159;424992;58689;78.7;77.6;10.7
71;2021-11-20;70;55;489;431229;425047;59178;78.7;77.6;10.8
71;2021-11-21;5;18;87;431234;425065;59265;78.7;77.6;10.8
71;2021-11-22;200;139;2458;431434;425204;61723;78.8;77.6;11.3
71;2021-11-23;139;179;2188;431573;425383;63911;78.8;77.6;11.7
71;2021-11-24;275;281;2697;431848;425664;66608;78.8;77.7;12.2
71;2021-11-25;153;145;2271;432001;425809;68879;78.9;77.7;12.6
71;2021-11-26;270;290;4014;432271;426099;72893;78.9;77.8;13.3
71;2021-11-27;88;99;737;432359;426198;73630;78.9;77.8;13.4
71;2021-11-28;12;18;126;432371;426216;73756;78.9;77.8;13.5
71;2021-11-29;175;167;3722;432546;426383;77478;79.0;77.8;14.1
71;2021-11-30;177;169;4382;432723;426552;81860;79.0;77.9;14.9
71;2021-12-01;183;246;4754;432906;426798;86614;79.0;77.9;15.8
71;2021-12-02;144;89;4485;433050;426887;91099;79.0;77.9;16.6
71;2021-12-03;161;253;5940;433211;427140;97039;79.1;78.0;17.7
71;2021-12-04;95;116;2046;433306;427256;99085;79.1;78.0;18.1
71;2021-12-05;8;16;197;433314;427272;99282;79.1;78.0;18.1
71;2021-12-06;133;212;5908;433447;427484;105190;79.1;78.0;19.2
71;2021-12-07;153;196;7295;433600;427680;112485;79.1;78.1;20.5
71;2021-12-08;159;197;6280;433759;427877;118765;79.2;78.1;21.7
71;2021-12-09;159;171;6866;433918;428048;125631;79.2;78.1;22.9
71;2021-12-10;176;228;7135;434094;428276;132766;79.2;78.2;24.2
71;2021-12-11;96;99;2484;434190;428375;135250;79.3;78.2;24.7
71;2021-12-12;14;10;367;434204;428385;135617;79.3;78.2;24.8
71;2021-12-13;146;187;6638;434350;428572;142255;79.3;78.2;26.0
71;2021-12-14;163;184;7893;434513;428756;150148;79.3;78.3;27.4
71;2021-12-15;154;281;6994;434667;429037;157142;79.3;78.3;28.7
71;2021-12-16;161;167;7409;434828;429204;164551;79.4;78.3;30.0
71;2021-12-17;201;313;7895;435029;429517;172446;79.4;78.4;31.5
71;2021-12-18;172;105;2762;435201;429622;175208;79.4;78.4;32.0
71;2021-12-19;18;18;277;435219;429640;175485;79.4;78.4;32.0
71;2021-12-20;210;247;6636;435429;429887;182121;79.5;78.5;33.2
71;2021-12-21;280;229;7701;435709;430116;189822;79.5;78.5;34.7
71;2021-12-22;269;226;6067;435978;430342;195889;79.6;78.6;35.8
71;2021-12-23;214;171;4047;436192;430513;199936;79.6;78.6;36.5
71;2021-12-24;40;31;477;436232;430544;200413;79.6;78.6;36.6
71;2021-12-25;3;16;51;436235;430560;200464;79.6;78.6;36.6
71;2021-12-26;2;13;84;436237;430573;200548;79.6;78.6;36.6
72;2020-12-27;0;0;0;0;0;0;0.0;0.0;0.0
72;2020-12-28;2;0;0;2;0;0;0.0;0.0;0.0
72;2020-12-29;0;0;0;2;0;0;0.0;0.0;0.0
72;2020-12-30;0;0;0;2;0;0;0.0;0.0;0.0
72;2020-12-31;0;0;0;2;0;0;0.0;0.0;0.0
72;2021-01-01;1;0;0;3;0;0;0.0;0.0;0.0
72;2021-01-02;0;0;0;3;0;0;0.0;0.0;0.0
72;2021-01-03;0;0;0;3;0;0;0.0;0.0;0.0
72;2021-01-04;1;0;0;4;0;0;0.0;0.0;0.0
72;2021-01-05;15;0;0;19;0;0;0.0;0.0;0.0
72;2021-01-06;42;0;0;61;0;0;0.0;0.0;0.0
72;2021-01-07;142;1;0;203;1;0;0.0;0.0;0.0
72;2021-01-08;255;1;0;458;2;0;0.1;0.0;0.0
72;2021-01-09;48;0;0;506;2;0;0.1;0.0;0.0
72;2021-01-10;14;0;0;520;2;0;0.1;0.0;0.0
72;2021-01-11;513;1;0;1033;3;0;0.2;0.0;0.0
72;2021-01-12;621;1;0;1654;4;0;0.3;0.0;0.0
72;2021-01-13;563;2;0;2217;6;0;0.4;0.0;0.0
72;2021-01-14;672;4;0;2889;10;0;0.5;0.0;0.0
72;2021-01-15;505;1;0;3394;11;0;0.6;0.0;0.0
72;2021-01-16;120;0;0;3514;11;0;0.6;0.0;0.0
72;2021-01-17;34;1;0;3548;12;0;0.6;0.0;0.0
72;2021-01-18;407;1;0;3955;13;0;0.7;0.0;0.0
72;2021-01-19;859;5;0;4814;18;0;0.9;0.0;0.0
72;2021-01-20;1506;6;0;6320;24;0;1.1;0.0;0.0
72;2021-01-21;1790;6;0;8110;30;0;1.4;0.0;0.0
72;2021-01-22;1140;6;0;9250;36;0;1.7;0.0;0.0
72;2021-01-23;73;1;0;9323;37;0;1.7;0.0;0.0
72;2021-01-24;12;0;0;9335;37;0;1.7;0.0;0.0
72;2021-01-25;570;6;0;9905;43;0;1.8;0.0;0.0
72;2021-01-26;1214;23;0;11119;66;0;2.0;0.0;0.0
72;2021-01-27;961;24;0;12080;90;0;2.2;0.0;0.0
72;2021-01-28;859;70;0;12939;160;0;2.3;0.0;0.0
72;2021-01-29;712;67;0;13651;227;0;2.4;0.0;0.0
72;2021-01-30;101;1;0;13752;228;0;2.5;0.0;0.0
72;2021-01-31;2;1;0;13754;229;0;2.5;0.0;0.0
72;2021-02-01;552;248;0;14306;477;0;2.6;0.1;0.0
72;2021-02-02;559;296;0;14865;773;0;2.7;0.1;0.0
72;2021-02-03;545;259;0;15410;1032;0;2.8;0.2;0.0
72;2021-02-04;546;367;0;15956;1399;0;2.8;0.2;0.0
72;2021-02-05;532;441;0;16488;1840;0;2.9;0.3;0.0
72;2021-02-06;108;37;0;16596;1877;0;3.0;0.3;0.0
72;2021-02-07;18;6;0;16614;1883;0;3.0;0.3;0.0
72;2021-02-08;350;441;0;16964;2324;0;3.0;0.4;0.0
72;2021-02-09;527;558;0;17491;2882;0;3.1;0.5;0.0
72;2021-02-10;594;925;0;18085;3807;0;3.2;0.7;0.0
72;2021-02-11;941;1352;0;19026;5159;0;3.4;0.9;0.0
72;2021-02-12;891;588;0;19917;5747;0;3.6;1.0;0.0
72;2021-02-13;131;71;0;20048;5818;0;3.6;1.0;0.0
72;2021-02-14;1;40;0;20049;5858;0;3.6;1.0;0.0
72;2021-02-15;267;598;0;20316;6456;0;3.6;1.2;0.0
72;2021-02-16;529;1051;0;20845;7507;0;3.7;1.3;0.0
72;2021-02-17;485;754;0;21330;8261;0;3.8;1.5;0.0
72;2021-02-18;639;722;0;21969;8983;0;3.9;1.6;0.0
72;2021-02-19;557;640;0;22526;9623;0;4.0;1.7;0.0
72;2021-02-20;87;88;0;22613;9711;0;4.0;1.7;0.0
72;2021-02-21;0;3;0;22613;9714;0;4.0;1.7;0.0
72;2021-02-22;345;647;0;22958;10361;0;4.1;1.8;0.0
72;2021-02-23;603;637;0;23561;10998;0;4.2;2.0;0.0
72;2021-02-24;505;603;0;24066;11601;0;4.3;2.1;0.0
72;2021-02-25;929;643;0;24995;12244;0;4.5;2.2;0.0
72;2021-02-26;665;592;0;25660;12836;0;4.6;2.3;0.0
72;2021-02-27;336;97;0;25996;12933;0;4.6;2.3;0.0
72;2021-02-28;15;19;0;26011;12952;0;4.6;2.3;0.0
72;2021-03-01;384;515;0;26395;13467;0;4.7;2.4;0.0
72;2021-03-02;522;666;0;26917;14133;0;4.8;2.5;0.0
72;2021-03-03;743;691;0;27660;14824;0;4.9;2.6;0.0
72;2021-03-04;764;839;0;28424;15663;0;5.1;2.8;0.0
72;2021-03-05;954;752;0;29378;16415;0;5.2;2.9;0.0
72;2021-03-06;815;164;0;30193;16579;0;5.4;3.0;0.0
72;2021-03-07;421;25;0;30614;16604;0;5.5;3.0;0.0
72;2021-03-08;568;490;0;31182;17094;0;5.6;3.1;0.0
72;2021-03-09;1095;648;0;32277;17742;0;5.8;3.2;0.0
72;2021-03-10;1221;652;0;33498;18394;0;6.0;3.3;0.0
72;2021-03-11;1670;523;0;35168;18917;0;6.3;3.4;0.0
72;2021-03-12;1506;519;0;36674;19436;0;6.5;3.5;0.0
72;2021-03-13;1069;133;0;37743;19569;0;6.7;3.5;0.0
72;2021-03-14;25;8;0;37768;19577;0;6.7;3.5;0.0
72;2021-03-15;1210;215;0;38978;19792;0;7.0;3.5;0.0
72;2021-03-16;1115;196;0;40093;19988;0;7.2;3.6;0.0
72;2021-03-17;1105;270;0;41198;20258;0;7.4;3.6;0.0
72;2021-03-18;1175;386;0;42373;20644;0;7.6;3.7;0.0
72;2021-03-19;1386;297;0;43759;20941;0;7.8;3.7;0.0
72;2021-03-20;515;81;0;44274;21022;0;7.9;3.8;0.0
72;2021-03-21;26;4;0;44300;21026;0;7.9;3.8;0.0
72;2021-03-22;1428;346;0;45728;21372;0;8.2;3.8;0.0
72;2021-03-23;1836;507;0;47564;21879;0;8.5;3.9;0.0
72;2021-03-24;1967;306;0;49531;22185;0;8.8;4.0;0.0
72;2021-03-25;2584;481;0;52115;22666;0;9.3;4.0;0.0
72;2021-03-26;2494;371;0;54609;23037;0;9.7;4.1;0.0
72;2021-03-27;710;35;0;55319;23072;0;9.9;4.1;0.0
72;2021-03-28;49;1;0;55368;23073;0;9.9;4.1;0.0
72;2021-03-29;1718;381;0;57086;23454;0;10.2;4.2;0.0
72;2021-03-30;2615;406;0;59701;23860;0;10.7;4.3;0.0
72;2021-03-31;2342;385;0;62043;24245;0;11.1;4.3;0.0
72;2021-04-01;3048;383;0;65091;24628;0;11.6;4.4;0.0
72;2021-04-02;2438;440;0;67529;25068;0;12.1;4.5;0.0
72;2021-04-03;375;65;0;67904;25133;0;12.1;4.5;0.0
72;2021-04-04;26;6;0;67930;25139;0;12.1;4.5;0.0
72;2021-04-05;124;52;0;68054;25191;0;12.1;4.5;0.0
72;2021-04-06;1882;523;0;69936;25714;0;12.5;4.6;0.0
72;2021-04-07;2723;683;0;72659;26397;0;13.0;4.7;0.0
72;2021-04-08;2879;851;0;75538;27248;0;13.5;4.9;0.0
72;2021-04-09;4069;652;0;79607;27900;0;14.2;5.0;0.0
72;2021-04-10;1282;96;0;80889;27996;0;14.4;5.0;0.0
72;2021-04-11;31;8;0;80920;28004;0;14.4;5.0;0.0
72;2021-04-12;2018;969;0;82938;28973;0;14.8;5.2;0.0
72;2021-04-13;2615;1180;0;85553;30153;0;15.3;5.4;0.0
72;2021-04-14;2458;1177;0;88011;31330;0;15.7;5.6;0.0
72;2021-04-15;2705;1200;0;90716;32530;0;16.2;5.8;0.0
72;2021-04-16;2849;1090;0;93565;33620;0;16.7;6.0;0.0
72;2021-04-17;986;184;0;94551;33804;0;16.9;6.0;0.0
72;2021-04-18;90;5;0;94641;33809;0;16.9;6.0;0.0
72;2021-04-19;1619;1201;0;96260;35010;0;17.2;6.2;0.0
72;2021-04-20;3234;1387;0;99494;36397;0;17.8;6.5;0.0
72;2021-04-21;2687;1667;0;102181;38064;0;18.2;6.8;0.0
72;2021-04-22;3012;1909;0;105193;39973;0;18.8;7.1;0.0
72;2021-04-23;3428;1595;0;108621;41568;0;19.4;7.4;0.0
72;2021-04-24;1671;347;0;110292;41915;0;19.7;7.5;0.0
72;2021-04-25;873;26;0;111165;41941;0;19.8;7.5;0.0
72;2021-04-26;3665;1627;0;114830;43568;0;20.5;7.8;0.0
72;2021-04-27;4261;2048;0;119091;45616;0;21.3;8.1;0.0
72;2021-04-28;4070;2073;0;123161;47689;0;22.0;8.5;0.0
72;2021-04-29;4418;1962;0;127579;49651;0;22.8;8.9;0.0
72;2021-04-30;3896;1862;0;131475;51513;0;23.5;9.2;0.0
72;2021-05-01;1661;236;0;133136;51749;0;23.8;9.2;0.0
72;2021-05-02;1497;172;0;134633;51921;0;24.0;9.3;0.0
72;2021-05-03;3606;1280;0;138239;53201;0;24.7;9.5;0.0
72;2021-05-04;4134;2017;0;142373;55218;0;25.4;9.9;0.0
72;2021-05-05;3984;2347;0;146357;57565;0;26.1;10.3;0.0
72;2021-05-06;3822;2180;0;150179;59745;0;26.8;10.7;0.0
72;2021-05-07;3663;2387;0;153842;62132;0;27.5;11.1;0.0
72;2021-05-08;1977;225;0;155819;62357;0;27.8;11.1;0.0
72;2021-05-09;1949;220;0;157768;62577;0;28.2;11.2;0.0
72;2021-05-10;3822;1841;0;161590;64418;0;28.8;11.5;0.0
72;2021-05-11;4635;2313;0;166225;66731;0;29.7;11.9;0.0
72;2021-05-12;4168;2091;0;170393;68822;0;30.4;12.3;0.0
72;2021-05-13;2932;351;0;173325;69173;0;30.9;12.3;0.0
72;2021-05-14;3797;1534;0;177122;70707;0;31.6;12.6;0.0
72;2021-05-15;3144;518;0;180266;71225;0;32.2;12.7;0.0
72;2021-05-16;2390;157;0;182656;71382;0;32.6;12.7;0.0
72;2021-05-17;3861;1479;0;186517;72861;0;33.3;13.0;0.0
72;2021-05-18;4503;1841;0;191020;74702;0;34.1;13.3;0.0
72;2021-05-19;4185;1692;0;195205;76394;0;34.8;13.6;0.0
72;2021-05-20;4489;1554;0;199694;77948;0;35.6;13.9;0.0
72;2021-05-21;4003;1519;0;203697;79467;0;36.4;14.2;0.0
72;2021-05-22;2649;602;0;206346;80069;0;36.8;14.3;0.0
72;2021-05-23;1325;160;0;207671;80229;0;37.1;14.3;0.0
72;2021-05-24;2410;304;0;210081;80533;0;37.5;14.4;0.0
72;2021-05-25;4168;1472;0;214249;82005;0;38.2;14.6;0.0
72;2021-05-26;4198;1532;0;218447;83537;0;39.0;14.9;0.0
72;2021-05-27;4482;2123;0;222929;85660;0;39.8;15.3;0.0
72;2021-05-28;4208;2100;0;227137;87760;0;40.5;15.7;0.0
72;2021-05-29;2709;898;0;229846;88658;0;41.0;15.8;0.0
72;2021-05-30;1086;853;0;230932;89511;0;41.2;16.0;0.0
72;2021-05-31;3183;2452;0;234115;91963;0;41.8;16.4;0.0
72;2021-06-01;3641;2819;0;237756;94782;0;42.4;16.9;0.0
72;2021-06-02;3772;2902;0;241528;97684;0;43.1;17.4;0.0
72;2021-06-03;4499;3034;0;246027;100718;0;43.9;18.0;0.0
72;2021-06-04;4061;2877;0;250088;103595;0;44.6;18.5;0.0
72;2021-06-05;1577;2666;0;251665;106261;0;44.9;19.0;0.0
72;2021-06-06;859;1498;0;252524;107759;0;45.1;19.2;0.0
72;2021-06-07;2007;3616;0;254531;111375;0;45.4;19.9;0.0
72;2021-06-08;3157;4014;0;257688;115389;0;46.0;20.6;0.0
72;2021-06-09;2855;3477;0;260543;118866;0;46.5;21.2;0.0
72;2021-06-10;3067;3407;0;263610;122273;0;47.1;21.8;0.0
72;2021-06-11;3013;3933;0;266623;126206;0;47.6;22.5;0.0
72;2021-06-12;1501;2693;0;268124;128899;0;47.9;23.0;0.0
72;2021-06-13;411;1799;0;268535;130698;0;47.9;23.3;0.0
72;2021-06-14;1492;4316;0;270027;135014;0;48.2;24.1;0.0
72;2021-06-15;2867;3675;0;272894;138689;0;48.7;24.8;0.0
72;2021-06-16;2555;3724;0;275449;142413;0;49.2;25.4;0.0
72;2021-06-17;2456;3945;0;277905;146358;0;49.6;26.1;0.0
72;2021-06-18;2450;4470;0;280355;150828;0;50.0;26.9;0.0
72;2021-06-19;1243;2817;0;281598;153645;0;50.3;27.4;0.0
72;2021-06-20;337;1944;0;281935;155589;0;50.3;27.8;0.0
72;2021-06-21;1593;4146;0;283528;159735;0;50.6;28.5;0.0
72;2021-06-22;1841;5092;0;285369;164827;0;50.9;29.4;0.0
72;2021-06-23;2071;4422;0;287440;169249;0;51.3;30.2;0.0
72;2021-06-24;2321;4027;0;289761;173276;0;51.7;30.9;0.0
72;2021-06-25;1865;5042;0;291626;178318;0;52.1;31.8;0.0
72;2021-06-26;1235;2970;0;292861;181288;0;52.3;32.4;0.0
72;2021-06-27;400;1997;0;293261;183285;0;52.3;32.7;0.0
72;2021-06-28;1433;4521;0;294694;187806;0;52.6;33.5;0.0
72;2021-06-29;1771;5053;0;296465;192859;0;52.9;34.4;0.0
72;2021-06-30;2037;4488;0;298502;197347;0;53.3;35.2;0.0
72;2021-07-01;2046;4476;0;300548;201823;0;53.6;36.0;0.0
72;2021-07-02;1901;4926;1;302449;206749;1;54.0;36.9;0.0
72;2021-07-03;1308;3301;1;303757;210050;2;54.2;37.5;0.0
72;2021-07-04;571;1886;0;304328;211936;2;54.3;37.8;0.0
72;2021-07-05;1205;4284;0;305533;216220;2;54.5;38.6;0.0
72;2021-07-06;1519;5335;1;307052;221555;3;54.8;39.5;0.0
72;2021-07-07;1648;4769;0;308700;226324;3;55.1;40.4;0.0
72;2021-07-08;1739;4513;0;310439;230837;3;55.4;41.2;0.0
72;2021-07-09;2167;4792;0;312606;235629;3;55.8;42.1;0.0
72;2021-07-10;1616;2799;0;314222;238428;3;56.1;42.6;0.0
72;2021-07-11;908;1520;0;315130;239948;3;56.3;42.8;0.0
72;2021-07-12;1560;4001;0;316690;243949;3;56.5;43.5;0.0
72;2021-07-13;2093;5060;0;318783;249009;3;56.9;44.4;0.0
72;2021-07-14;1313;2327;0;320096;251336;3;57.1;44.9;0.0
72;2021-07-15;3439;3834;0;323535;255170;3;57.8;45.5;0.0
72;2021-07-16;3301;4502;0;326836;259672;3;58.3;46.4;0.0
72;2021-07-17;2518;1972;0;329354;261644;3;58.8;46.7;0.0
72;2021-07-18;1669;828;0;331023;262472;3;59.1;46.9;0.0
72;2021-07-19;2732;3835;1;333755;266307;4;59.6;47.5;0.0
72;2021-07-20;2991;4630;0;336746;270937;4;60.1;48.4;0.0
72;2021-07-21;2953;3830;1;339699;274767;5;60.6;49.0;0.0
72;2021-07-22;3794;3173;0;343493;277940;5;61.3;49.6;0.0
72;2021-07-23;3534;4036;0;347027;281976;5;61.9;50.3;0.0
72;2021-07-24;2777;1680;0;349804;283656;5;62.4;50.6;0.0
72;2021-07-25;1375;1042;0;351179;284698;5;62.7;50.8;0.0
72;2021-07-26;2852;3197;0;354031;287895;5;63.2;51.4;0.0
72;2021-07-27;3947;3982;0;357978;291877;5;63.9;52.1;0.0
72;2021-07-28;3718;3269;0;361696;295146;5;64.6;52.7;0.0
72;2021-07-29;3904;2857;0;365600;298003;5;65.3;53.2;0.0
72;2021-07-30;3840;3587;0;369440;301590;5;65.9;53.8;0.0
72;2021-07-31;2397;1909;0;371837;303499;5;66.4;54.2;0.0
72;2021-08-01;1735;439;0;373572;303938;5;66.7;54.3;0.0
72;2021-08-02;3146;2404;0;376718;306342;5;67.2;54.7;0.0
72;2021-08-03;3333;3324;0;380051;309666;5;67.8;55.3;0.0
72;2021-08-04;3696;2603;0;383747;312269;5;68.5;55.7;0.0
72;2021-08-05;3877;2556;0;387624;314825;5;69.2;56.2;0.0
72;2021-08-06;3364;2789;0;390988;317614;5;69.8;56.7;0.0
72;2021-08-07;2259;1682;0;393247;319296;5;70.2;57.0;0.0
72;2021-08-08;1470;705;0;394717;320001;5;70.5;57.1;0.0
72;2021-08-09;2568;2801;0;397285;322802;5;70.9;57.6;0.0
72;2021-08-10;2780;2856;0;400065;325658;5;71.4;58.1;0.0
72;2021-08-11;2288;2353;0;402353;328011;5;71.8;58.5;0.0
72;2021-08-12;2237;2632;0;404590;330643;5;72.2;59.0;0.0
72;2021-08-13;2056;2384;0;406646;333027;5;72.6;59.4;0.0
72;2021-08-14;1094;1585;0;407740;334612;5;72.8;59.7;0.0
72;2021-08-15;562;591;0;408302;335203;5;72.9;59.8;0.0
72;2021-08-16;1619;2554;0;409921;337757;5;73.2;60.3;0.0
72;2021-08-17;1691;3057;0;411612;340814;5;73.5;60.8;0.0
72;2021-08-18;1677;3035;0;413289;343849;5;73.8;61.4;0.0
72;2021-08-19;1222;3100;0;414511;346949;5;74.0;61.9;0.0
72;2021-08-20;1554;3366;0;416065;350315;5;74.3;62.5;0.0
72;2021-08-21;686;2025;0;416751;352340;5;74.4;62.9;0.0
72;2021-08-22;241;1105;0;416992;353445;5;74.4;63.1;0.0
72;2021-08-23;1657;3475;0;418649;356920;5;74.7;63.7;0.0
72;2021-08-24;1461;4161;0;420110;361081;5;75.0;64.5;0.0
72;2021-08-25;1536;3522;0;421646;364603;5;75.3;65.1;0.0
72;2021-08-26;1200;4376;0;422846;368979;5;75.5;65.9;0.0
72;2021-08-27;1163;4159;1;424009;373138;6;75.7;66.6;0.0
72;2021-08-28;845;2608;0;424854;375746;6;75.8;67.1;0.0
72;2021-08-29;337;1565;0;425191;377311;6;75.9;67.3;0.0
72;2021-08-30;1088;3309;61;426279;380620;67;76.1;67.9;0.0
72;2021-08-31;1158;3799;107;427437;384419;174;76.3;68.6;0.0
72;2021-09-01;1076;3127;163;428513;387546;337;76.5;69.2;0.1
72;2021-09-02;910;3121;230;429423;390667;567;76.7;69.7;0.1
72;2021-09-03;910;2998;244;430333;393665;811;76.8;70.3;0.1
72;2021-09-04;696;2507;114;431029;396172;925;76.9;70.7;0.2
72;2021-09-05;223;1370;56;431252;397542;981;77.0;71.0;0.2
72;2021-09-06;577;2425;302;431829;399967;1283;77.1;71.4;0.2
72;2021-09-07;493;2517;381;432322;402484;1664;77.2;71.8;0.3
72;2021-09-08;622;2903;308;432944;405387;1972;77.3;72.4;0.4
72;2021-09-09;409;1705;327;433353;407092;2299;77.4;72.7;0.4
72;2021-09-10;631;2273;353;433984;409365;2652;77.5;73.1;0.5
72;2021-09-11;404;2443;91;434388;411808;2743;77.5;73.5;0.5
72;2021-09-12;147;862;31;434535;412670;2774;77.6;73.7;0.5
72;2021-09-13;368;1248;336;434903;413918;3110;77.6;73.9;0.6
72;2021-09-14;474;1199;518;435377;415117;3628;77.7;74.1;0.6
72;2021-09-15;595;1888;412;435972;417005;4040;77.8;74.4;0.7
72;2021-09-16;347;779;466;436319;417784;4506;77.9;74.6;0.8
72;2021-09-17;448;1394;581;436767;419178;5087;78.0;74.8;0.9
72;2021-09-18;350;1438;127;437117;420616;5214;78.0;75.1;0.9
72;2021-09-19;82;344;33;437199;420960;5247;78.0;75.1;0.9
72;2021-09-20;353;799;348;437552;421759;5595;78.1;75.3;1.0
72;2021-09-21;318;778;645;437870;422537;6240;78.2;75.4;1.1
72;2021-09-22;411;1486;467;438281;424023;6707;78.2;75.7;1.2
72;2021-09-23;378;609;426;438659;424632;7133;78.3;75.8;1.3
72;2021-09-24;569;1018;389;439228;425650;7522;78.4;76.0;1.3
72;2021-09-25;252;978;149;439480;426628;7671;78.4;76.2;1.4
72;2021-09-26;74;194;26;439554;426822;7697;78.5;76.2;1.4
72;2021-09-27;214;614;503;439768;427436;8200;78.5;76.3;1.5
72;2021-09-28;201;418;688;439969;427854;8888;78.5;76.4;1.6
72;2021-09-29;337;949;730;440306;428803;9618;78.6;76.5;1.7
72;2021-09-30;169;342;412;440475;429145;10030;78.6;76.6;1.8
72;2021-10-01;323;717;523;440798;429862;10553;78.7;76.7;1.9
72;2021-10-02;292;564;208;441090;430426;10761;78.7;76.8;1.9
72;2021-10-03;82;142;20;441172;430568;10781;78.7;76.9;1.9
72;2021-10-04;199;419;448;441371;430987;11229;78.8;76.9;2.0
72;2021-10-05;257;350;489;441628;431337;11718;78.8;77.0;2.1
72;2021-10-06;263;537;583;441891;431874;12301;78.9;77.1;2.2
72;2021-10-07;211;342;487;442102;432216;12788;78.9;77.2;2.3
72;2021-10-08;328;646;685;442430;432862;13473;79.0;77.3;2.4
72;2021-10-09;226;436;172;442656;433298;13645;79.0;77.3;2.4
72;2021-10-10;76;111;47;442732;433409;13692;79.0;77.4;2.4
72;2021-10-11;180;290;535;442912;433699;14227;79.1;77.4;2.5
72;2021-10-12;216;344;700;443128;434043;14927;79.1;77.5;2.7
72;2021-10-13;272;474;691;443400;434517;15618;79.1;77.6;2.8
72;2021-10-14;136;287;489;443536;434804;16107;79.2;77.6;2.9
72;2021-10-15;311;429;712;443847;435233;16819;79.2;77.7;3.0
72;2021-10-16;189;263;223;444036;435496;17042;79.3;77.7;3.0
72;2021-10-17;44;91;46;444080;435587;17088;79.3;77.8;3.1
72;2021-10-18;192;344;506;444272;435931;17594;79.3;77.8;3.1
72;2021-10-19;182;250;702;444454;436181;18296;79.3;77.9;3.3
72;2021-10-20;199;390;907;444653;436571;19203;79.4;77.9;3.4
72;2021-10-21;130;331;681;444783;436902;19884;79.4;78.0;3.5
72;2021-10-22;245;521;1034;445028;437423;20918;79.4;78.1;3.7
72;2021-10-23;174;308;385;445202;437731;21303;79.5;78.1;3.8
72;2021-10-24;39;84;42;445241;437815;21345;79.5;78.1;3.8
72;2021-10-25;199;242;770;445440;438057;22115;79.5;78.2;3.9
72;2021-10-26;157;197;977;445597;438254;23092;79.5;78.2;4.1
72;2021-10-27;177;267;1037;445774;438521;24129;79.6;78.3;4.3
72;2021-10-28;132;153;671;445906;438674;24800;79.6;78.3;4.4
72;2021-10-29;226;321;1161;446132;438995;25961;79.6;78.4;4.6
72;2021-10-30;115;197;267;446247;439192;26228;79.7;78.4;4.7
72;2021-10-31;24;74;40;446271;439266;26268;79.7;78.4;4.7
72;2021-11-01;33;23;68;446304;439289;26336;79.7;78.4;4.7
72;2021-11-02;173;246;860;446477;439535;27196;79.7;78.5;4.9
72;2021-11-03;145;280;975;446622;439815;28171;79.7;78.5;5.0
72;2021-11-04;140;170;926;446762;439985;29097;79.7;78.5;5.2
72;2021-11-05;239;302;1509;447001;440287;30606;79.8;78.6;5.5
72;2021-11-06;128;193;545;447129;440480;31151;79.8;78.6;5.6
72;2021-11-07;26;30;74;447155;440510;31225;79.8;78.6;5.6
72;2021-11-08;123;223;1607;447278;440733;32832;79.8;78.7;5.9
72;2021-11-09;164;206;1834;447442;440939;34666;79.9;78.7;6.2
72;2021-11-10;208;236;1868;447650;441175;36534;79.9;78.7;6.5
72;2021-11-11;69;53;215;447719;441228;36749;79.9;78.8;6.6
72;2021-11-12;164;239;1409;447883;441467;38158;79.9;78.8;6.8
72;2021-11-13;106;131;485;447989;441598;38643;80.0;78.8;6.9
72;2021-11-14;45;51;112;448034;441649;38755;80.0;78.8;6.9
72;2021-11-15;106;208;1641;448140;441857;40396;80.0;78.9;7.2
72;2021-11-16;152;177;2110;448292;442034;42506;80.0;78.9;7.6
72;2021-11-17;187;229;1840;448479;442263;44346;80.1;78.9;7.9
72;2021-11-18;152;130;1763;448631;442393;46109;80.1;79.0;8.2
72;2021-11-19;249;259;2357;448880;442652;48466;80.1;79.0;8.7
72;2021-11-20;182;175;540;449062;442827;49006;80.2;79.0;8.7
72;2021-11-21;52;54;107;449114;442881;49113;80.2;79.1;8.8
72;2021-11-22;121;138;1899;449235;443019;51012;80.2;79.1;9.1
72;2021-11-23;141;147;1807;449376;443166;52819;80.2;79.1;9.4
72;2021-11-24;238;212;1981;449614;443378;54800;80.3;79.1;9.8
72;2021-11-25;166;133;2084;449780;443511;56884;80.3;79.2;10.2
72;2021-11-26;250;259;2963;450030;443770;59847;80.3;79.2;10.7
72;2021-11-27;171;178;1614;450201;443948;61461;80.4;79.2;11.0
72;2021-11-28;45;40;1178;450246;443988;62639;80.4;79.3;11.2
72;2021-11-29;110;134;3512;450356;444122;66151;80.4;79.3;11.8
72;2021-11-30;135;138;3906;450491;444260;70057;80.4;79.3;12.5
72;2021-12-01;175;185;4425;450666;444445;74482;80.4;79.3;13.3
72;2021-12-02;119;132;4478;450785;444577;78960;80.5;79.4;14.1
72;2021-12-03;121;185;4887;450906;444762;83847;80.5;79.4;15.0
72;2021-12-04;87;168;2670;450993;444930;86517;80.5;79.4;15.4
72;2021-12-05;35;40;1324;451028;444970;87841;80.5;79.4;15.7
72;2021-12-06;121;132;5128;451149;445102;92969;80.5;79.5;16.6
72;2021-12-07;111;132;6285;451260;445234;99254;80.5;79.5;17.7
72;2021-12-08;125;210;5357;451385;445444;104611;80.6;79.5;18.7
72;2021-12-09;125;135;6213;451510;445579;110824;80.6;79.5;19.8
72;2021-12-10;122;224;6115;451632;445803;116939;80.6;79.6;20.9
72;2021-12-11;91;207;3373;451723;446010;120312;80.6;79.6;21.5
72;2021-12-12;48;56;1782;451771;446066;122094;80.6;79.6;21.8
72;2021-12-13;110;127;5506;451881;446193;127600;80.7;79.6;22.8
72;2021-12-14;129;190;7248;452010;446383;134848;80.7;79.7;24.1
72;2021-12-15;140;214;6451;452150;446597;141299;80.7;79.7;25.2
72;2021-12-16;148;191;7266;452298;446788;148565;80.7;79.8;26.5
72;2021-12-17;131;263;6942;452429;447051;155507;80.8;79.8;27.8
72;2021-12-18;98;149;3962;452527;447200;159469;80.8;79.8;28.5
72;2021-12-19;73;79;2128;452600;447279;161597;80.8;79.8;28.8
72;2021-12-20;195;184;5904;452795;447463;167501;80.8;79.9;29.9
72;2021-12-21;195;180;6433;452990;447643;173934;80.9;79.9;31.0
72;2021-12-22;188;165;5591;453178;447808;179525;80.9;79.9;32.0
72;2021-12-23;186;139;4079;453364;447947;183604;80.9;80.0;32.8
72;2021-12-24;76;49;1133;453440;447996;184737;80.9;80.0;33.0
72;2021-12-25;3;3;127;453443;447999;184864;80.9;80.0;33.0
72;2021-12-26;29;17;931;453472;448016;185795;80.9;80.0;33.2
73;2020-12-27;0;0;0;0;0;0;0.0;0.0;0.0
73;2020-12-28;0;0;0;0;0;0;0.0;0.0;0.0
73;2020-12-29;0;0;0;0;0;0;0.0;0.0;0.0
73;2020-12-30;0;0;0;0;0;0;0.0;0.0;0.0
73;2020-12-31;0;0;0;0;0;0;0.0;0.0;0.0
73;2021-01-01;1;0;0;1;0;0;0.0;0.0;0.0
73;2021-01-02;0;0;0;1;0;0;0.0;0.0;0.0
73;2021-01-03;0;0;0;1;0;0;0.0;0.0;0.0
73;2021-01-04;7;0;0;8;0;0;0.0;0.0;0.0
73;2021-01-05;3;0;0;11;0;0;0.0;0.0;0.0
73;2021-01-06;11;0;0;22;0;0;0.0;0.0;0.0
73;2021-01-07;43;0;0;65;0;0;0.0;0.0;0.0
73;2021-01-08;90;0;0;155;0;0;0.0;0.0;0.0
73;2021-01-09;0;0;0;155;0;0;0.0;0.0;0.0
73;2021-01-10;1;0;0;156;0;0;0.0;0.0;0.0
73;2021-01-11;112;0;0;268;0;0;0.1;0.0;0.0
73;2021-01-12;321;0;0;589;0;0;0.1;0.0;0.0
73;2021-01-13;373;0;0;962;0;0;0.2;0.0;0.0
73;2021-01-14;529;2;0;1491;2;0;0.3;0.0;0.0
73;2021-01-15;591;1;0;2082;3;0;0.5;0.0;0.0
73;2021-01-16;135;2;0;2217;5;0;0.5;0.0;0.0
73;2021-01-17;10;0;0;2227;5;0;0.5;0.0;0.0
73;2021-01-18;556;0;0;2783;5;0;0.6;0.0;0.0
73;2021-01-19;1171;4;0;3954;9;0;0.9;0.0;0.0
73;2021-01-20;894;3;0;4848;12;0;1.1;0.0;0.0
73;2021-01-21;982;4;0;5830;16;0;1.3;0.0;0.0
73;2021-01-22;868;1;0;6698;17;0;1.5;0.0;0.0
73;2021-01-23;365;0;0;7063;17;0;1.6;0.0;0.0
73;2021-01-24;0;0;0;7063;17;0;1.6;0.0;0.0
73;2021-01-25;611;10;0;7674;27;0;1.8;0.0;0.0
73;2021-01-26;715;7;0;8389;34;0;1.9;0.0;0.0
73;2021-01-27;962;13;0;9351;47;0;2.2;0.0;0.0
73;2021-01-28;862;12;0;10213;59;0;2.4;0.0;0.0
73;2021-01-29;616;17;0;10829;76;0;2.5;0.0;0.0
73;2021-01-30;291;3;0;11120;79;0;2.6;0.0;0.0
73;2021-01-31;0;1;0;11120;80;0;2.6;0.0;0.0
73;2021-02-01;571;42;0;11691;122;0;2.7;0.0;0.0
73;2021-02-02;702;315;0;12393;437;0;2.9;0.1;0.0
73;2021-02-03;609;347;0;13002;784;0;3.0;0.2;0.0
73;2021-02-04;606;226;0;13608;1010;0;3.1;0.2;0.0
73;2021-02-05;600;392;0;14208;1402;0;3.3;0.3;0.0
73;2021-02-06;216;39;0;14424;1441;0;3.3;0.3;0.0
73;2021-02-07;1;1;0;14425;1442;0;3.3;0.3;0.0
73;2021-02-08;497;251;0;14922;1693;0;3.4;0.4;0.0
73;2021-02-09;750;456;0;15672;2149;0;3.6;0.5;0.0
73;2021-02-10;779;394;0;16451;2543;0;3.8;0.6;0.0
73;2021-02-11;946;691;0;17397;3234;0;4.0;0.7;0.0
73;2021-02-12;767;512;0;18164;3746;0;4.2;0.9;0.0
73;2021-02-13;265;66;0;18429;3812;0;4.3;0.9;0.0
73;2021-02-14;8;6;0;18437;3818;0;4.3;0.9;0.0
73;2021-02-15;341;518;0;18778;4336;0;4.3;1.0;0.0
73;2021-02-16;463;737;0;19241;5073;0;4.4;1.2;0.0
73;2021-02-17;450;883;0;19691;5956;0;4.6;1.4;0.0
73;2021-02-18;442;503;0;20133;6459;0;4.7;1.5;0.0
73;2021-02-19;397;605;0;20530;7064;0;4.7;1.6;0.0
73;2021-02-20;85;236;0;20615;7300;0;4.8;1.7;0.0
73;2021-02-21;1;0;0;20616;7300;0;4.8;1.7;0.0
73;2021-02-22;247;383;0;20863;7683;0;4.8;1.8;0.0
73;2021-02-23;323;480;0;21186;8163;0;4.9;1.9;0.0
73;2021-02-24;467;666;0;21653;8829;0;5.0;2.0;0.0
73;2021-02-25;528;520;0;22181;9349;0;5.1;2.2;0.0
73;2021-02-26;725;553;0;22906;9902;0;5.3;2.3;0.0
73;2021-02-27;304;168;0;23210;10070;0;5.4;2.3;0.0
73;2021-02-28;4;3;0;23214;10073;0;5.4;2.3;0.0
73;2021-03-01;570;471;0;23784;10544;0;5.5;2.4;0.0
73;2021-03-02;687;851;0;24471;11395;0;5.7;2.6;0.0
73;2021-03-03;630;1102;0;25101;12497;0;5.8;2.9;0.0
73;2021-03-04;1026;871;0;26127;13368;0;6.0;3.1;0.0
73;2021-03-05;1234;583;0;27361;13951;0;6.3;3.2;0.0
73;2021-03-06;1055;333;0;28416;14284;0;6.6;3.3;0.0
73;2021-03-07;419;83;0;28835;14367;0;6.7;3.3;0.0
73;2021-03-08;609;424;0;29444;14791;0;6.8;3.4;0.0
73;2021-03-09;979;522;0;30423;15313;0;7.0;3.5;0.0
73;2021-03-10;1036;833;0;31459;16146;0;7.3;3.7;0.0
73;2021-03-11;1548;643;0;33007;16789;0;7.6;3.9;0.0
73;2021-03-12;1954;525;0;34961;17314;0;8.1;4.0;0.0
73;2021-03-13;1169;215;0;36130;17529;0;8.4;4.1;0.0
73;2021-03-14;69;2;0;36199;17531;0;8.4;4.1;0.0
73;2021-03-15;1183;399;0;37382;17930;0;8.6;4.1;0.0
73;2021-03-16;798;405;0;38180;18335;0;8.8;4.2;0.0
73;2021-03-17;867;478;0;39047;18813;0;9.0;4.3;0.0
73;2021-03-18;1334;258;0;40381;19071;0;9.3;4.4;0.0
73;2021-03-19;1711;340;0;42092;19411;0;9.7;4.5;0.0
73;2021-03-20;899;137;0;42991;19548;0;9.9;4.5;0.0
73;2021-03-21;121;3;0;43112;19551;0;10.0;4.5;0.0
73;2021-03-22;1206;394;0;44318;19945;0;10.2;4.6;0.0
73;2021-03-23;1509;261;0;45827;20206;0;10.6;4.7;0.0
73;2021-03-24;1647;363;0;47474;20569;0;11.0;4.8;0.0
73;2021-03-25;2092;391;0;49566;20960;0;11.5;4.8;0.0
73;2021-03-26;2469;361;0;52035;21321;0;12.0;4.9;0.0
73;2021-03-27;923;161;0;52958;21482;0;12.2;5.0;0.0
73;2021-03-28;287;17;0;53245;21499;0;12.3;5.0;0.0
73;2021-03-29;1572;271;0;54817;21770;0;12.7;5.0;0.0
73;2021-03-30;2137;503;0;56954;22273;0;13.2;5.1;0.0
73;2021-03-31;2104;418;0;59058;22691;0;13.7;5.2;0.0
73;2021-04-01;2204;374;0;61262;23065;0;14.2;5.3;0.0
73;2021-04-02;2405;257;0;63667;23322;0;14.7;5.4;0.0
73;2021-04-03;864;167;0;64531;23489;0;14.9;5.4;0.0
73;2021-04-04;185;16;0;64716;23505;0;15.0;5.4;0.0
73;2021-04-05;327;38;0;65043;23543;0;15.0;5.4;0.0
73;2021-04-06;1657;543;0;66700;24086;0;15.4;5.6;0.0
73;2021-04-07;2086;678;0;68786;24764;0;15.9;5.7;0.0
73;2021-04-08;2586;855;0;71372;25619;0;16.5;5.9;0.0
73;2021-04-09;3099;592;0;74471;26211;0;17.2;6.1;0.0
73;2021-04-10;1280;366;0;75751;26577;0;17.5;6.1;0.0
73;2021-04-11;150;13;0;75901;26590;0;17.5;6.1;0.0
73;2021-04-12;1750;958;0;77651;27548;0;18.0;6.4;0.0
73;2021-04-13;2003;1136;0;79654;28684;0;18.4;6.6;0.0
73;2021-04-14;2095;1086;0;81749;29770;0;18.9;6.9;0.0
73;2021-04-15;2496;1191;0;84245;30961;0;19.5;7.2;0.0
73;2021-04-16;1953;970;0;86198;31931;0;19.9;7.4;0.0
73;2021-04-17;1246;585;0;87444;32516;0;20.2;7.5;0.0
73;2021-04-18;153;74;0;87597;32590;0;20.3;7.5;0.0
73;2021-04-19;1418;1119;0;89015;33709;0;20.6;7.8;0.0
73;2021-04-20;1871;1385;0;90886;35094;0;21.0;8.1;0.0
73;2021-04-21;1666;1331;0;92552;36425;0;21.4;8.4;0.0
73;2021-04-22;1951;1275;0;94503;37700;0;21.8;8.7;0.0
73;2021-04-23;1984;1285;0;96487;38985;0;22.3;9.0;0.0
73;2021-04-24;1070;720;0;97557;39705;0;22.6;9.2;0.0
73;2021-04-25;95;103;0;97652;39808;0;22.6;9.2;0.0
73;2021-04-26;1251;1368;0;98903;41176;0;22.9;9.5;0.0
73;2021-04-27;1601;1563;0;100504;42739;0;23.2;9.9;0.0
73;2021-04-28;1854;1551;0;102358;44290;0;23.7;10.2;0.0
73;2021-04-29;2565;1583;0;104923;45873;0;24.3;10.6;0.0
73;2021-04-30;2521;1481;0;107444;47354;0;24.8;10.9;0.0
73;2021-05-01;1080;319;0;108524;47673;0;25.1;11.0;0.0
73;2021-05-02;49;160;0;108573;47833;0;25.1;11.1;0.0
73;2021-05-03;1501;1729;0;110074;49562;0;25.4;11.5;0.0
73;2021-05-04;1843;2069;0;111917;51631;0;25.9;11.9;0.0
73;2021-05-05;2060;1909;0;113977;53540;0;26.4;12.4;0.0
73;2021-05-06;2525;1847;0;116502;55387;0;26.9;12.8;0.0
73;2021-05-07;2342;1987;0;118844;57374;0;27.5;13.3;0.0
73;2021-05-08;1751;392;0;120595;57766;0;27.9;13.4;0.0
73;2021-05-09;229;154;0;120824;57920;0;27.9;13.4;0.0
73;2021-05-10;1668;2003;0;122492;59923;0;28.3;13.9;0.0
73;2021-05-11;2483;2523;0;124975;62446;0;28.9;14.4;0.0
73;2021-05-12;3564;2165;0;128539;64611;0;29.7;14.9;0.0
73;2021-05-13;1778;333;0;130317;64944;0;30.1;15.0;0.0
73;2021-05-14;1914;1575;0;132231;66519;0;30.6;15.4;0.0
73;2021-05-15;1723;1028;0;133954;67547;0;31.0;15.6;0.0
73;2021-05-16;420;105;0;134374;67652;0;31.1;15.6;0.0
73;2021-05-17;2017;1940;0;136391;69592;0;31.5;16.1;0.0
73;2021-05-18;2840;1808;0;139231;71400;0;32.2;16.5;0.0
73;2021-05-19;2794;1597;0;142025;72997;0;32.8;16.9;0.0
73;2021-05-20;3480;1568;0;145505;74565;0;33.6;17.2;0.0
73;2021-05-21;2734;1843;0;148239;76408;0;34.3;17.7;0.0
73;2021-05-22;2114;907;0;150353;77315;0;34.8;17.9;0.0
73;2021-05-23;386;29;0;150739;77344;0;34.8;17.9;0.0
73;2021-05-24;2534;354;0;153273;77698;0;35.4;18.0;0.0
73;2021-05-25;2410;1778;0;155683;79476;0;36.0;18.4;0.0
73;2021-05-26;2415;1991;0;158098;81467;0;36.6;18.8;0.0
73;2021-05-27;3245;1789;0;161343;83256;0;37.3;19.2;0.0
73;2021-05-28;3030;2345;0;164373;85601;0;38.0;19.8;0.0
73;2021-05-29;2269;1319;0;166642;86920;0;38.5;20.1;0.0
73;2021-05-30;257;38;0;166899;86958;0;38.6;20.1;0.0
73;2021-05-31;2405;1765;0;169304;88723;0;39.1;20.5;0.0
73;2021-06-01;3155;1941;0;172459;90664;0;39.9;21.0;0.0
73;2021-06-02;2981;1511;0;175440;92175;0;40.6;21.3;0.0
73;2021-06-03;4241;1808;0;179681;93983;0;41.5;21.7;0.0
73;2021-06-04;4144;2325;0;183825;96308;0;42.5;22.3;0.0
73;2021-06-05;2925;1354;0;186750;97662;0;43.2;22.6;0.0
73;2021-06-06;1620;282;0;188370;97944;0;43.5;22.6;0.0
73;2021-06-07;2570;2218;0;190940;100162;0;44.1;23.2;0.0
73;2021-06-08;2575;1995;0;193515;102157;0;44.7;23.6;0.0
73;2021-06-09;2249;1870;0;195764;104027;0;45.3;24.0;0.0
73;2021-06-10;1942;1741;0;197706;105768;0;45.7;24.5;0.0
73;2021-06-11;2114;2516;0;199820;108284;0;46.2;25.0;0.0
73;2021-06-12;2055;1347;0;201875;109631;0;46.7;25.3;0.0
73;2021-06-13;71;99;0;201946;109730;0;46.7;25.4;0.0
73;2021-06-14;1277;3002;0;203223;112732;0;47.0;26.1;0.0
73;2021-06-15;1610;2787;0;204833;115519;0;47.4;26.7;0.0
73;2021-06-16;1476;2600;0;206309;118119;0;47.7;27.3;0.0
73;2021-06-17;1016;1792;0;207325;119911;0;47.9;27.7;0.0
73;2021-06-18;1867;2904;0;209192;122815;0;48.4;28.4;0.0
73;2021-06-19;1255;1971;0;210447;124786;0;48.7;28.8;0.0
73;2021-06-20;373;294;0;210820;125080;0;48.7;28.9;0.0
73;2021-06-21;1089;3054;0;211909;128134;0;49.0;29.6;0.0
73;2021-06-22;1075;2975;0;212984;131109;0;49.2;30.3;0.0
73;2021-06-23;1058;3176;0;214042;134285;0;49.5;31.0;0.0
73;2021-06-24;916;1965;0;214958;136250;0;49.7;31.5;0.0
73;2021-06-25;1228;2938;0;216186;139188;0;50.0;32.2;0.0
73;2021-06-26;842;2493;0;217028;141681;0;50.2;32.8;0.0
73;2021-06-27;279;576;0;217307;142257;0;50.2;32.9;0.0
73;2021-06-28;911;3694;0;218218;145951;0;50.4;33.7;0.0
73;2021-06-29;1038;3531;0;219256;149482;0;50.7;34.6;0.0
73;2021-06-30;1161;3155;0;220417;152637;0;51.0;35.3;0.0
73;2021-07-01;1205;2545;0;221622;155182;0;51.2;35.9;0.0
73;2021-07-02;1255;3732;0;222877;158914;0;51.5;36.7;0.0
73;2021-07-03;926;2810;0;223803;161724;0;51.7;37.4;0.0
73;2021-07-04;280;613;0;224083;162337;0;51.8;37.5;0.0
73;2021-07-05;1138;3668;0;225221;166005;0;52.1;38.4;0.0
73;2021-07-06;1264;3020;0;226485;169025;0;52.4;39.1;0.0
73;2021-07-07;1389;2949;0;227874;171974;0;52.7;39.8;0.0
73;2021-07-08;1318;2324;0;229192;174298;0;53.0;40.3;0.0
73;2021-07-09;1399;3944;0;230591;178242;0;53.3;41.2;0.0
73;2021-07-10;806;2917;0;231397;181159;0;53.5;41.9;0.0
73;2021-07-11;499;1282;0;231896;182441;0;53.6;42.2;0.0
73;2021-07-12;983;4026;0;232879;186467;0;53.8;43.1;0.0
73;2021-07-13;1747;4135;0;234626;190602;0;54.2;44.1;0.0
73;2021-07-14;1588;1705;0;236214;192307;0;54.6;44.5;0.0
73;2021-07-15;2533;3534;0;238747;195841;0;55.2;45.3;0.0
73;2021-07-16;2363;3858;0;241110;199699;0;55.7;46.2;0.0
73;2021-07-17;1501;2488;0;242611;202187;0;56.1;46.7;0.0
73;2021-07-18;929;1042;0;243540;203229;0;56.3;47.0;0.0
73;2021-07-19;2191;3091;0;245731;206320;0;56.8;47.7;0.0
73;2021-07-20;3157;2751;0;248888;209071;0;57.5;48.3;0.0
73;2021-07-21;3044;2573;0;251932;211644;0;58.2;48.9;0.0
73;2021-07-22;2662;2130;0;254594;213774;0;58.9;49.4;0.0
73;2021-07-23;3293;2862;0;257887;216636;0;59.6;50.1;0.0
73;2021-07-24;1945;2162;0;259832;218798;0;60.1;50.6;0.0
73;2021-07-25;537;652;0;260369;219450;0;60.2;50.7;0.0
73;2021-07-26;2499;2361;0;262868;221811;0;60.8;51.3;0.0
73;2021-07-27;3482;2144;0;266350;223955;0;61.6;51.8;0.0
73;2021-07-28;3275;1933;0;269625;225888;0;62.3;52.2;0.0
73;2021-07-29;3530;1821;0;273155;227709;0;63.2;52.6;0.0
73;2021-07-30;3334;2349;0;276489;230058;0;63.9;53.2;0.0
73;2021-07-31;2232;1386;0;278721;231444;0;64.4;53.5;0.0
73;2021-08-01;703;528;0;279424;231972;0;64.6;53.6;0.0
73;2021-08-02;2931;1924;0;282355;233896;0;65.3;54.1;0.0
73;2021-08-03;3161;1793;0;285516;235689;0;66.0;54.5;0.0
73;2021-08-04;2936;1832;0;288452;237521;0;66.7;54.9;0.0
73;2021-08-05;2522;1905;0;290974;239426;0;67.3;55.4;0.0
73;2021-08-06;2202;2262;0;293176;241688;0;67.8;55.9;0.0
73;2021-08-07;1250;1418;0;294426;243106;0;68.1;56.2;0.0
73;2021-08-08;377;494;0;294803;243600;0;68.2;56.3;0.0
73;2021-08-09;1611;2141;0;296414;245741;0;68.5;56.8;0.0
73;2021-08-10;1699;2300;0;298113;248041;0;68.9;57.3;0.0
73;2021-08-11;1591;2293;0;299704;250334;0;69.3;57.9;0.0
73;2021-08-12;1490;2235;0;301194;252569;0;69.6;58.4;0.0
73;2021-08-13;1374;2665;0;302568;255234;0;70.0;59.0;0.0
73;2021-08-14;926;1505;0;303494;256739;0;70.2;59.4;0.0
73;2021-08-15;89;165;0;303583;256904;0;70.2;59.4;0.0
73;2021-08-16;917;1551;0;304500;258455;0;70.4;59.8;0.0
73;2021-08-17;920;1909;0;305420;260364;0;70.6;60.2;0.0
73;2021-08-18;906;2632;0;306326;262996;0;70.8;60.8;0.0
73;2021-08-19;904;2739;0;307230;265735;0;71.0;61.4;0.0
73;2021-08-20;831;2983;0;308061;268718;0;71.2;62.1;0.0
73;2021-08-21;422;1821;0;308483;270539;0;71.3;62.5;0.0
73;2021-08-22;212;799;0;308695;271338;0;71.4;62.7;0.0
73;2021-08-23;701;2815;0;309396;274153;0;71.5;63.4;0.0
73;2021-08-24;860;2976;0;310256;277129;0;71.7;64.1;0.0
73;2021-08-25;721;2725;0;310977;279854;0;71.9;64.7;0.0
73;2021-08-26;682;2264;0;311659;282118;0;72.1;65.2;0.0
73;2021-08-27;762;2587;0;312421;284705;0;72.2;65.8;0.0
73;2021-08-28;430;1682;0;312851;286387;0;72.3;66.2;0.0
73;2021-08-29;251;836;0;313102;287223;0;72.4;66.4;0.0
73;2021-08-30;823;2477;20;313925;289700;20;72.6;67.0;0.0
73;2021-08-31;773;2283;31;314698;291983;51;72.8;67.5;0.0
73;2021-09-01;834;1949;155;315532;293932;206;72.9;68.0;0.0
73;2021-09-02;636;1667;280;316168;295599;486;73.1;68.3;0.1
73;2021-09-03;693;1885;210;316861;297484;696;73.3;68.8;0.2
73;2021-09-04;525;1231;92;317386;298715;788;73.4;69.1;0.2
73;2021-09-05;198;598;40;317584;299313;828;73.4;69.2;0.2
73;2021-09-06;377;1044;242;317961;300357;1070;73.5;69.4;0.2
73;2021-09-07;395;863;249;318356;301220;1319;73.6;69.6;0.3
73;2021-09-08;480;925;188;318836;302145;1507;73.7;69.9;0.3
73;2021-09-09;458;891;275;319294;303036;1782;73.8;70.1;0.4
73;2021-09-10;602;1176;284;319896;304212;2066;74.0;70.3;0.5
73;2021-09-11;363;896;88;320259;305108;2154;74.0;70.5;0.5
73;2021-09-12;68;140;9;320327;305248;2163;74.1;70.6;0.5
73;2021-09-13;342;702;345;320669;305950;2508;74.1;70.7;0.6
73;2021-09-14;398;632;376;321067;306582;2884;74.2;70.9;0.7
73;2021-09-15;416;881;312;321483;307463;3196;74.3;71.1;0.7
73;2021-09-16;324;590;308;321807;308053;3504;74.4;71.2;0.8
73;2021-09-17;390;874;429;322197;308927;3933;74.5;71.4;0.9
73;2021-09-18;257;618;136;322454;309545;4069;74.5;71.6;0.9
73;2021-09-19;45;176;9;322499;309721;4078;74.6;71.6;0.9
73;2021-09-20;185;647;380;322684;310368;4458;74.6;71.8;1.0
73;2021-09-21;283;535;534;322967;310903;4992;74.7;71.9;1.2
73;2021-09-22;270;789;329;323237;311692;5321;74.7;72.1;1.2
73;2021-09-23;246;480;421;323483;312172;5742;74.8;72.2;1.3
73;2021-09-24;283;826;477;323766;312998;6219;74.9;72.4;1.4
73;2021-09-25;187;720;99;323953;313718;6318;74.9;72.5;1.5
73;2021-09-26;60;182;14;324013;313900;6332;74.9;72.6;1.5
73;2021-09-27;238;485;527;324251;314385;6859;75.0;72.7;1.6
73;2021-09-28;190;347;435;324441;314732;7294;75.0;72.8;1.7
73;2021-09-29;232;658;335;324673;315390;7629;75.1;72.9;1.8
73;2021-09-30;200;380;326;324873;315770;7955;75.1;73.0;1.8
73;2021-10-01;275;588;339;325148;316358;8294;75.2;73.1;1.9
73;2021-10-02;191;493;150;325339;316851;8444;75.2;73.3;2.0
73;2021-10-03;8;31;3;325347;316882;8447;75.2;73.3;2.0
73;2021-10-04;251;365;434;325598;317247;8881;75.3;73.3;2.1
73;2021-10-05;179;319;521;325777;317566;9402;75.3;73.4;2.2
73;2021-10-06;310;497;395;326087;318063;9797;75.4;73.5;2.3
73;2021-10-07;170;305;424;326257;318368;10221;75.4;73.6;2.4
73;2021-10-08;325;562;588;326582;318930;10809;75.5;73.7;2.5
73;2021-10-09;170;358;121;326752;319288;10930;75.5;73.8;2.5
73;2021-10-10;6;15;4;326758;319303;10934;75.5;73.8;2.5
73;2021-10-11;210;329;401;326968;319632;11335;75.6;73.9;2.6
73;2021-10-12;151;193;293;327119;319825;11628;75.6;73.9;2.7
73;2021-10-13;234;364;459;327353;320189;12087;75.7;74.0;2.8
73;2021-10-14;175;303;551;327528;320492;12638;75.7;74.1;2.9
73;2021-10-15;226;351;464;327754;320843;13102;75.8;74.2;3.0
73;2021-10-16;122;198;160;327876;321041;13262;75.8;74.2;3.1
73;2021-10-17;4;7;25;327880;321048;13287;75.8;74.2;3.1
73;2021-10-18;178;338;433;328058;321386;13720;75.8;74.3;3.2
73;2021-10-19;102;255;805;328160;321641;14525;75.9;74.4;3.4
73;2021-10-20;108;201;501;328268;321842;15026;75.9;74.4;3.5
73;2021-10-21;79;189;663;328347;322031;15689;75.9;74.4;3.6
73;2021-10-22;115;215;528;328462;322246;16217;75.9;74.5;3.7
73;2021-10-23;66;151;121;328528;322397;16338;76.0;74.5;3.8
73;2021-10-24;2;12;1;328530;322409;16339;76.0;74.5;3.8
73;2021-10-25;106;136;576;328636;322545;16915;76.0;74.6;3.9
73;2021-10-26;128;202;917;328764;322747;17832;76.0;74.6;4.1
73;2021-10-27;94;249;706;328858;322996;18538;76.0;74.7;4.3
73;2021-10-28;88;144;841;328946;323140;19379;76.0;74.7;4.5
73;2021-10-29;124;259;826;329070;323399;20205;76.1;74.8;4.7
73;2021-10-30;61;143;255;329131;323542;20460;76.1;74.8;4.7
73;2021-10-31;6;25;33;329137;323567;20493;76.1;74.8;4.7
73;2021-11-01;24;6;39;329161;323573;20532;76.1;74.8;4.7
73;2021-11-02;116;194;902;329277;323767;21434;76.1;74.9;5.0
73;2021-11-03;91;183;850;329368;323950;22284;76.1;74.9;5.2
73;2021-11-04;85;166;873;329453;324116;23157;76.2;74.9;5.4
73;2021-11-05;105;207;1061;329558;324323;24218;76.2;75.0;5.6
73;2021-11-06;77;142;503;329635;324465;24721;76.2;75.0;5.7
73;2021-11-07;1;5;6;329636;324470;24727;76.2;75.0;5.7
73;2021-11-08;88;154;1198;329724;324624;25925;76.2;75.0;6.0
73;2021-11-09;88;153;1384;329812;324777;27309;76.2;75.1;6.3
73;2021-11-10;135;182;1334;329947;324959;28643;76.3;75.1;6.6
73;2021-11-11;8;22;99;329955;324981;28742;76.3;75.1;6.6
73;2021-11-12;94;157;1246;330049;325138;29988;76.3;75.2;6.9
73;2021-11-13;73;98;483;330122;325236;30471;76.3;75.2;7.0
73;2021-11-14;2;6;5;330124;325242;30476;76.3;75.2;7.0
73;2021-11-15;82;145;1652;330206;325387;32128;76.3;75.2;7.4
73;2021-11-16;90;126;1835;330296;325513;33963;76.4;75.3;7.9
73;2021-11-17;108;146;1492;330404;325659;35455;76.4;75.3;8.2
73;2021-11-18;69;84;1510;330473;325743;36965;76.4;75.3;8.5
73;2021-11-19;156;192;1744;330629;325935;38709;76.4;75.4;8.9
73;2021-11-20;114;114;723;330743;326049;39432;76.5;75.4;9.1
73;2021-11-21;2;14;86;330745;326063;39518;76.5;75.4;9.1
73;2021-11-22;86;84;1789;330831;326147;41307;76.5;75.4;9.5
73;2021-11-23;117;129;1999;330948;326276;43306;76.5;75.4;10.0
73;2021-11-24;152;139;1611;331100;326415;44917;76.5;75.5;10.4
73;2021-11-25;93;82;2071;331193;326497;46988;76.6;75.5;10.9
73;2021-11-26;142;166;2501;331335;326663;49489;76.6;75.5;11.4
73;2021-11-27;106;110;1057;331441;326773;50546;76.6;75.5;11.7
73;2021-11-28;5;26;50;331446;326799;50596;76.6;75.6;11.7
73;2021-11-29;72;99;2677;331518;326898;53273;76.6;75.6;12.3
73;2021-11-30;135;166;3872;331653;327064;57145;76.7;75.6;13.2
73;2021-12-01;107;142;3284;331760;327206;60429;76.7;75.6;14.0
73;2021-12-02;106;108;3944;331866;327314;64373;76.7;75.7;14.9
73;2021-12-03;90;146;4084;331956;327460;68457;76.7;75.7;15.8
73;2021-12-04;73;90;2007;332029;327550;70464;76.8;75.7;16.3
73;2021-12-05;17;23;762;332046;327573;71226;76.8;75.7;16.5
73;2021-12-06;93;133;3458;332139;327706;74684;76.8;75.8;17.3
73;2021-12-07;87;109;4030;332226;327815;78714;76.8;75.8;18.2
73;2021-12-08;118;152;4050;332344;327967;82764;76.8;75.8;19.1
73;2021-12-09;90;138;4809;332434;328105;87573;76.9;75.9;20.2
73;2021-12-10;101;142;4912;332535;328247;92485;76.9;75.9;21.4
73;2021-12-11;81;122;2632;332616;328369;95117;76.9;75.9;22.0
73;2021-12-12;12;13;1283;332628;328382;96400;76.9;75.9;22.3
73;2021-12-13;79;101;4593;332707;328483;100993;76.9;75.9;23.3
73;2021-12-14;105;151;5498;332812;328634;106491;76.9;76.0;24.6
73;2021-12-15;123;183;5137;332935;328817;111628;77.0;76.0;25.8
73;2021-12-16;117;124;6179;333052;328941;117807;77.0;76.0;27.2
73;2021-12-17;133;174;6094;333185;329115;123901;77.0;76.1;28.6
73;2021-12-18;73;121;2307;333258;329236;126208;77.0;76.1;29.2
73;2021-12-19;25;25;928;333283;329261;127136;77.1;76.1;29.4
73;2021-12-20;108;113;3383;333391;329374;130519;77.1;76.1;30.2
73;2021-12-21;156;141;3937;333547;329515;134456;77.1;76.2;31.1
73;2021-12-22;137;127;3487;333684;329642;137943;77.1;76.2;31.9
73;2021-12-23;93;86;2464;333777;329728;140407;77.2;76.2;32.5
73;2021-12-24;29;40;944;333806;329768;141351;77.2;76.2;32.7
73;2021-12-25;2;9;88;333808;329777;141439;77.2;76.2;32.7
73;2021-12-26;2;13;92;333810;329790;141531;77.2;76.2;32.7
74;2020-12-27;2;0;0;2;0;0;0.0;0.0;0.0
74;2020-12-28;2;1;0;4;1;0;0.0;0.0;0.0
74;2020-12-29;0;0;0;4;1;0;0.0;0.0;0.0
74;2020-12-30;0;0;0;4;1;0;0.0;0.0;0.0
74;2020-12-31;0;0;0;4;1;0;0.0;0.0;0.0
74;2021-01-01;0;0;0;4;1;0;0.0;0.0;0.0
74;2021-01-02;1;1;0;5;2;0;0.0;0.0;0.0
74;2021-01-03;1;0;0;6;2;0;0.0;0.0;0.0
74;2021-01-04;1;0;0;7;2;0;0.0;0.0;0.0
74;2021-01-05;3;0;0;10;2;0;0.0;0.0;0.0
74;2021-01-06;46;0;0;56;2;0;0.0;0.0;0.0
74;2021-01-07;220;1;0;276;3;0;0.0;0.0;0.0
74;2021-01-08;288;2;0;564;5;0;0.1;0.0;0.0
74;2021-01-09;79;0;0;643;5;0;0.1;0.0;0.0
74;2021-01-10;74;0;0;717;5;0;0.1;0.0;0.0
74;2021-01-11;373;1;0;1090;6;0;0.1;0.0;0.0
74;2021-01-12;409;3;0;1499;9;0;0.2;0.0;0.0
74;2021-01-13;403;0;0;1902;9;0;0.2;0.0;0.0
74;2021-01-14;467;2;0;2369;11;0;0.3;0.0;0.0
74;2021-01-15;629;4;0;2998;15;0;0.4;0.0;0.0
74;2021-01-16;241;1;0;3239;16;0;0.4;0.0;0.0
74;2021-01-17;113;1;0;3352;17;0;0.4;0.0;0.0
74;2021-01-18;513;0;0;3865;17;0;0.5;0.0;0.0
74;2021-01-19;792;3;0;4657;20;0;0.6;0.0;0.0
74;2021-01-20;1282;3;0;5939;23;0;0.7;0.0;0.0
74;2021-01-21;1496;4;0;7435;27;0;0.9;0.0;0.0
74;2021-01-22;1181;6;0;8616;33;0;1.0;0.0;0.0
74;2021-01-23;317;1;0;8933;34;0;1.1;0.0;0.0
74;2021-01-24;81;1;0;9014;35;0;1.1;0.0;0.0
74;2021-01-25;775;3;0;9789;38;0;1.2;0.0;0.0
74;2021-01-26;1301;25;0;11090;63;0;1.3;0.0;0.0
74;2021-01-27;1058;16;0;12148;79;0;1.5;0.0;0.0
74;2021-01-28;993;48;0;13141;127;0;1.6;0.0;0.0
74;2021-01-29;826;47;0;13967;174;0;1.7;0.0;0.0
74;2021-01-30;331;2;0;14298;176;0;1.7;0.0;0.0
74;2021-01-31;89;2;0;14387;178;0;1.7;0.0;0.0
74;2021-02-01;581;46;0;14968;224;0;1.8;0.0;0.0
74;2021-02-02;609;161;0;15577;385;0;1.9;0.0;0.0
74;2021-02-03;586;138;0;16163;523;0;2.0;0.1;0.0
74;2021-02-04;588;139;0;16751;662;0;2.0;0.1;0.0
74;2021-02-05;524;230;0;17275;892;0;2.1;0.1;0.0
74;2021-02-06;288;132;0;17563;1024;0;2.1;0.1;0.0
74;2021-02-07;85;122;0;17648;1146;0;2.1;0.1;0.0
74;2021-02-08;587;338;0;18235;1484;0;2.2;0.2;0.0
74;2021-02-09;530;514;0;18765;1998;0;2.3;0.2;0.0
74;2021-02-10;749;556;0;19514;2554;0;2.4;0.3;0.0
74;2021-02-11;1025;1007;0;20539;3561;0;2.5;0.4;0.0
74;2021-02-12;883;608;0;21422;4169;0;2.6;0.5;0.0
74;2021-02-13;380;228;0;21802;4397;0;2.6;0.5;0.0
74;2021-02-14;286;99;0;22088;4496;0;2.7;0.5;0.0
74;2021-02-15;274;813;0;22362;5309;0;2.7;0.6;0.0
74;2021-02-16;466;1019;0;22828;6328;0;2.8;0.8;0.0
74;2021-02-17;524;1096;0;23352;7424;0;2.8;0.9;0.0
74;2021-02-18;482;957;0;23834;8381;0;2.9;1.0;0.0
74;2021-02-19;616;648;0;24450;9029;0;3.0;1.1;0.0
74;2021-02-20;118;188;0;24568;9217;0;3.0;1.1;0.0
74;2021-02-21;46;58;0;24614;9275;0;3.0;1.1;0.0
74;2021-02-22;299;804;0;24913;10079;0;3.0;1.2;0.0
74;2021-02-23;305;809;0;25218;10888;0;3.0;1.3;0.0
74;2021-02-24;265;719;0;25483;11607;0;3.1;1.4;0.0
74;2021-02-25;518;733;0;26001;12340;0;3.1;1.5;0.0
74;2021-02-26;931;682;0;26932;13022;0;3.3;1.6;0.0
74;2021-02-27;277;242;0;27209;13264;0;3.3;1.6;0.0
74;2021-02-28;117;68;0;27326;13332;0;3.3;1.6;0.0
74;2021-03-01;723;591;0;28049;13923;0;3.4;1.7;0.0
74;2021-03-02;1064;653;0;29113;14576;0;3.5;1.8;0.0
74;2021-03-03;1024;676;0;30137;15252;0;3.6;1.8;0.0
74;2021-03-04;1565;986;0;31702;16238;0;3.8;2.0;0.0
74;2021-03-05;2029;880;0;33731;17118;0;4.1;2.1;0.0
74;2021-03-06;1739;337;0;35470;17455;0;4.3;2.1;0.0
74;2021-03-07;1344;107;0;36814;17562;0;4.4;2.1;0.0
74;2021-03-08;1163;905;0;37977;18467;0;4.6;2.2;0.0
74;2021-03-09;1893;658;0;39870;19125;0;4.8;2.3;0.0
74;2021-03-10;1724;894;0;41594;20019;0;5.0;2.4;0.0
74;2021-03-11;2412;711;0;44006;20730;0;5.3;2.5;0.0
74;2021-03-12;3159;991;0;47165;21721;0;5.7;2.6;0.0
74;2021-03-13;1925;270;0;49090;21991;0;5.9;2.7;0.0
74;2021-03-14;576;98;0;49666;22089;0;6.0;2.7;0.0
74;2021-03-15;2088;556;0;51754;22645;0;6.2;2.7;0.0
74;2021-03-16;1922;425;0;53676;23070;0;6.5;2.8;0.0
74;2021-03-17;1924;338;0;55600;23408;0;6.7;2.8;0.0
74;2021-03-18;2091;298;0;57691;23706;0;7.0;2.9;0.0
74;2021-03-19;2573;321;0;60264;24027;0;7.3;2.9;0.0
74;2021-03-20;1332;102;0;61596;24129;0;7.4;2.9;0.0
74;2021-03-21;268;33;0;61864;24162;0;7.5;2.9;0.0
74;2021-03-22;1995;322;0;63859;24484;0;7.7;3.0;0.0
74;2021-03-23;2657;345;0;66516;24829;0;8.0;3.0;0.0
74;2021-03-24;2859;341;0;69375;25170;0;8.4;3.0;0.0
74;2021-03-25;3737;322;0;73112;25492;0;8.8;3.1;0.0
74;2021-03-26;3998;419;0;77110;25911;0;9.3;3.1;0.0
74;2021-03-27;1853;268;0;78963;26179;0;9.5;3.2;0.0
74;2021-03-28;429;73;0;79392;26252;0;9.6;3.2;0.0
74;2021-03-29;2872;709;0;82264;26961;0;9.9;3.3;0.0
74;2021-03-30;3419;775;0;85683;27736;0;10.3;3.3;0.0
74;2021-03-31;3056;736;0;88739;28472;0;10.7;3.4;0.0
74;2021-04-01;4003;882;0;92742;29354;0;11.2;3.5;0.0
74;2021-04-02;3517;786;0;96259;30140;0;11.6;3.6;0.0
74;2021-04-03;1574;522;0;97833;30662;0;11.8;3.7;0.0
74;2021-04-04;231;117;0;98064;30779;0;11.8;3.7;0.0
74;2021-04-05;450;18;0;98514;30797;0;11.9;3.7;0.0
74;2021-04-06;2527;1202;0;101041;31999;0;12.2;3.9;0.0
74;2021-04-07;2989;1248;0;104030;33247;0;12.6;4.0;0.0
74;2021-04-08;3696;1211;0;107726;34458;0;13.0;4.2;0.0
74;2021-04-09;3939;1187;0;111665;35645;0;13.5;4.3;0.0
74;2021-04-10;1816;956;0;113481;36601;0;13.7;4.4;0.0
74;2021-04-11;240;171;0;113721;36772;0;13.7;4.4;0.0
74;2021-04-12;2633;1759;0;116354;38531;0;14.0;4.7;0.0
74;2021-04-13;3034;2126;0;119388;40657;0;14.4;4.9;0.0
74;2021-04-14;2827;1955;0;122215;42612;0;14.8;5.1;0.0
74;2021-04-15;3328;1880;0;125543;44492;0;15.2;5.4;0.0
74;2021-04-16;3226;1730;0;128769;46222;0;15.5;5.6;0.0
74;2021-04-17;1827;1016;0;130596;47238;0;15.8;5.7;0.0
74;2021-04-18;203;197;0;130799;47435;0;15.8;5.7;0.0
74;2021-04-19;2053;2036;0;132852;49471;0;16.0;6.0;0.0
74;2021-04-20;2966;2382;0;135818;51853;0;16.4;6.3;0.0
74;2021-04-21;2386;2327;0;138204;54180;0;16.7;6.5;0.0
74;2021-04-22;2486;2304;0;140690;56484;0;17.0;6.8;0.0
74;2021-04-23;2508;2201;0;143198;58685;0;17.3;7.1;0.0
74;2021-04-24;1403;1493;0;144601;60178;0;17.5;7.3;0.0
74;2021-04-25;231;147;0;144832;60325;0;17.5;7.3;0.0
74;2021-04-26;2255;2376;0;147087;62701;0;17.8;7.6;0.0
74;2021-04-27;3084;2798;0;150171;65499;0;18.1;7.9;0.0
74;2021-04-28;3320;2556;0;153491;68055;0;18.5;8.2;0.0
74;2021-04-29;3709;2624;0;157200;70679;0;19.0;8.5;0.0
74;2021-04-30;3904;2172;0;161104;72851;0;19.4;8.8;0.0
74;2021-05-01;2002;387;0;163106;73238;0;19.7;8.8;0.0
74;2021-05-02;202;221;0;163308;73459;0;19.7;8.9;0.0
74;2021-05-03;2498;2900;0;165806;76359;0;20.0;9.2;0.0
74;2021-05-04;3044;2933;0;168850;79292;0;20.4;9.6;0.0
74;2021-05-05;3164;2866;0;172014;82158;0;20.8;9.9;0.0
74;2021-05-06;3669;2582;0;175683;84740;0;21.2;10.2;0.0
74;2021-05-07;3457;3468;0;179140;88208;0;21.6;10.6;0.0
74;2021-05-08;1167;795;0;180307;89003;0;21.8;10.7;0.0
74;2021-05-09;236;248;0;180543;89251;0;21.8;10.8;0.0
74;2021-05-10;3268;3031;0;183811;92282;0;22.2;11.1;0.0
74;2021-05-11;4107;3303;0;187918;95585;0;22.7;11.5;0.0
74;2021-05-12;4865;2868;0;192783;98453;0;23.3;11.9;0.0
74;2021-05-13;2236;921;0;195019;99374;0;23.5;12.0;0.0
74;2021-05-14;5256;2271;0;200275;101645;0;24.2;12.3;0.0
74;2021-05-15;4045;1738;0;204320;103383;0;24.7;12.5;0.0
74;2021-05-16;2321;308;0;206641;103691;0;24.9;12.5;0.0
74;2021-05-17;4861;2773;0;211502;106464;0;25.5;12.9;0.0
74;2021-05-18;6119;2687;0;217621;109151;0;26.3;13.2;0.0
74;2021-05-19;5636;2234;0;223257;111385;0;27.0;13.4;0.0
74;2021-05-20;5955;2411;0;229212;113796;0;27.7;13.7;0.0
74;2021-05-21;5906;2870;0;235118;116666;0;28.4;14.1;0.0
74;2021-05-22;4613;1465;0;239731;118131;0;28.9;14.3;0.0
74;2021-05-23;1688;261;0;241419;118392;0;29.1;14.3;0.0
74;2021-05-24;2307;640;0;243726;119032;0;29.4;14.4;0.0
74;2021-05-25;4692;3181;0;248418;122213;0;30.0;14.8;0.0
74;2021-05-26;4821;2475;0;253239;124688;0;30.6;15.1;0.0
74;2021-05-27;5466;2857;0;258705;127545;0;31.2;15.4;0.0
74;2021-05-28;5095;3482;0;263800;131027;0;31.8;15.8;0.0
74;2021-05-29;3431;2034;0;267231;133061;0;32.3;16.1;0.0
74;2021-05-30;519;301;0;267750;133362;0;32.3;16.1;0.0
74;2021-05-31;4544;3427;0;272294;136789;0;32.9;16.5;0.0
74;2021-06-01;4620;3602;0;276914;140391;0;33.4;16.9;0.0
74;2021-06-02;4820;3061;0;281734;143452;0;34.0;17.3;0.0
74;2021-06-03;6262;3102;0;287996;146554;0;34.8;17.7;0.0
74;2021-06-04;6370;4228;0;294366;150782;0;35.5;18.2;0.0
74;2021-06-05;4008;2538;0;298374;153320;0;36.0;18.5;0.0
74;2021-06-06;217;133;0;298591;153453;0;36.0;18.5;0.0
74;2021-06-07;4579;3934;0;303170;157387;0;36.6;19.0;0.0
74;2021-06-08;4573;3737;0;307743;161124;0;37.1;19.4;0.0
74;2021-06-09;4565;3303;0;312308;164427;0;37.7;19.8;0.0
74;2021-06-10;4659;2735;0;316967;167162;0;38.3;20.2;0.0
74;2021-06-11;4690;3573;0;321657;170735;0;38.8;20.6;0.0
74;2021-06-12;3158;2239;0;324815;172974;0;39.2;20.9;0.0
74;2021-06-13;189;104;0;325004;173078;0;39.2;20.9;0.0
74;2021-06-14;3222;4178;0;328226;177256;0;39.6;21.4;0.0
74;2021-06-15;3282;3676;0;331508;180932;0;40.0;21.8;0.0
74;2021-06-16;4262;2942;0;335770;183874;0;40.5;22.2;0.0
74;2021-06-17;3375;2776;0;339145;186650;0;40.9;22.5;0.0
74;2021-06-18;3802;4405;0;342947;191055;0;41.4;23.1;0.0
74;2021-06-19;2573;2776;0;345520;193831;0;41.7;23.4;0.0
74;2021-06-20;147;132;0;345667;193963;0;41.7;23.4;0.0
74;2021-06-21;2176;5009;0;347843;198972;0;42.0;24.0;0.0
74;2021-06-22;2291;4933;0;350134;203905;0;42.3;24.6;0.0
74;2021-06-23;2761;4356;0;352895;208261;0;42.6;25.1;0.0
74;2021-06-24;2623;4123;0;355518;212384;0;42.9;25.6;0.0
74;2021-06-25;2671;6205;0;358189;218589;0;43.2;26.4;0.0
74;2021-06-26;1486;4804;0;359675;223393;0;43.4;27.0;0.0
74;2021-06-27;84;1366;0;359759;224759;0;43.4;27.1;0.0
74;2021-06-28;1726;6542;0;361485;231301;0;43.6;27.9;0.0
74;2021-06-29;2043;6677;0;363528;237978;0;43.9;28.7;0.0
74;2021-06-30;2536;6011;0;366064;243989;0;44.2;29.5;0.0
74;2021-07-01;3045;4851;0;369109;248840;0;44.6;30.0;0.0
74;2021-07-02;2941;6069;0;372050;254909;0;44.9;30.8;0.0
74;2021-07-03;1462;4560;0;373512;259469;0;45.1;31.3;0.0
74;2021-07-04;113;894;0;373625;260363;0;45.1;31.4;0.0
74;2021-07-05;1913;6263;0;375538;266626;0;45.3;32.2;0.0
74;2021-07-06;2384;5911;0;377922;272537;0;45.6;32.9;0.0
74;2021-07-07;2722;4981;0;380644;277518;0;45.9;33.5;0.0
74;2021-07-08;3415;4460;0;384059;281978;0;46.4;34.0;0.0
74;2021-07-09;2541;6350;0;386600;288328;0;46.7;34.8;0.0
74;2021-07-10;1481;4576;0;388081;292904;0;46.8;35.4;0.0
74;2021-07-11;117;225;0;388198;293129;0;46.9;35.4;0.0
74;2021-07-12;1988;7108;0;390186;300237;0;47.1;36.2;0.0
74;2021-07-13;3662;6838;0;393848;307075;0;47.5;37.1;0.0
74;2021-07-14;2006;2133;0;395854;309208;0;47.8;37.3;0.0
74;2021-07-15;3553;6305;0;399407;315513;0;48.2;38.1;0.0
74;2021-07-16;4015;7107;0;403422;322620;0;48.7;38.9;0.0
74;2021-07-17;2705;4794;0;406127;327414;0;49.0;39.5;0.0
74;2021-07-18;279;273;0;406406;327687;0;49.1;39.6;0.0
74;2021-07-19;3989;6611;0;410395;334298;0;49.5;40.4;0.0
74;2021-07-20;5363;5923;0;415758;340221;0;50.2;41.1;0.0
74;2021-07-21;5192;6023;0;420950;346244;0;50.8;41.8;0.0
74;2021-07-22;4459;4819;0;425409;351063;0;51.4;42.4;0.0
74;2021-07-23;5745;6419;0;431154;357482;0;52.0;43.2;0.0
74;2021-07-24;2968;3904;0;434122;361386;0;52.4;43.6;0.0
74;2021-07-25;250;225;0;434372;361611;0;52.4;43.7;0.0
74;2021-07-26;5019;5561;0;439391;367172;0;53.0;44.3;0.0
74;2021-07-27;6099;4647;0;445490;371819;0;53.8;44.9;0.0
74;2021-07-28;6060;4617;0;451550;376436;0;54.5;45.4;0.0
74;2021-07-29;4818;3614;0;456368;380050;0;55.1;45.9;0.0
74;2021-07-30;6188;4995;0;462556;385045;0;55.8;46.5;0.0
74;2021-07-31;4060;2900;0;466616;387945;0;56.3;46.8;0.0
74;2021-08-01;294;201;0;466910;388146;0;56.4;46.9;0.0
74;2021-08-02;5729;3993;0;472639;392139;0;57.1;47.3;0.0
74;2021-08-03;5328;3490;0;477967;395629;0;57.7;47.8;0.0
74;2021-08-04;5630;3162;0;483597;398791;0;58.4;48.1;0.0
74;2021-08-05;4493;3082;0;488090;401873;0;58.9;48.5;0.0
74;2021-08-06;4568;3860;0;492658;405733;0;59.5;49.0;0.0
74;2021-08-07;2943;2639;0;495601;408372;0;59.8;49.3;0.0
74;2021-08-08;204;208;0;495805;408580;0;59.9;49.3;0.0
74;2021-08-09;4302;4232;0;500107;412812;0;60.4;49.8;0.0
74;2021-08-10;4304;4221;0;504411;417033;0;60.9;50.3;0.0
74;2021-08-11;3869;4275;0;508280;421308;0;61.4;50.9;0.0
74;2021-08-12;3166;3368;0;511446;424676;0;61.7;51.3;0.0
74;2021-08-13;3256;4136;0;514702;428812;0;62.1;51.8;0.0
74;2021-08-14;2031;3049;0;516733;431861;0;62.4;52.1;0.0
74;2021-08-15;97;161;0;516830;432022;0;62.4;52.2;0.0
74;2021-08-16;2922;5266;0;519752;437288;0;62.7;52.8;0.0
74;2021-08-17;2683;4915;0;522435;442203;0;63.1;53.4;0.0
74;2021-08-18;2629;4805;0;525064;447008;0;63.4;54.0;0.0
74;2021-08-19;2117;3617;0;527181;450625;0;63.6;54.4;0.0
74;2021-08-20;2348;5082;0;529529;455707;0;63.9;55.0;0.0
74;2021-08-21;1068;3744;0;530597;459451;0;64.1;55.5;0.0
74;2021-08-22;61;192;0;530658;459643;0;64.1;55.5;0.0
74;2021-08-23;1799;5786;0;532457;465429;0;64.3;56.2;0.0
74;2021-08-24;1896;5102;0;534353;470531;0;64.5;56.8;0.0
74;2021-08-25;1755;5378;0;536108;475909;0;64.7;57.4;0.0
74;2021-08-26;1423;3505;0;537531;479414;0;64.9;57.9;0.0
74;2021-08-27;1686;4995;0;539217;484409;0;65.1;58.5;0.0
74;2021-08-28;880;3612;0;540097;488021;0;65.2;58.9;0.0
74;2021-08-29;78;239;0;540175;488260;0;65.2;58.9;0.0
74;2021-08-30;1617;4958;114;541792;493218;114;65.4;59.5;0.0
74;2021-08-31;1503;4474;146;543295;497692;260;65.6;60.1;0.0
74;2021-09-01;1862;3648;257;545157;501340;517;65.8;60.5;0.1
74;2021-09-02;1167;2641;210;546324;503981;727;65.9;60.8;0.1
74;2021-09-03;1457;3504;331;547781;507485;1058;66.1;61.3;0.1
74;2021-09-04;1130;2522;87;548911;510007;1145;66.3;61.6;0.1
74;2021-09-05;53;136;2;548964;510143;1147;66.3;61.6;0.1
74;2021-09-06;1160;2664;342;550124;512807;1489;66.4;61.9;0.2
74;2021-09-07;953;2329;294;551077;515136;1783;66.5;62.2;0.2
74;2021-09-08;1251;2616;301;552328;517752;2084;66.7;62.5;0.3
74;2021-09-09;1135;1845;314;553463;519597;2398;66.8;62.7;0.3
74;2021-09-10;1099;2547;358;554562;522144;2756;66.9;63.0;0.3
74;2021-09-11;709;2032;114;555271;524176;2870;67.0;63.3;0.3
74;2021-09-12;49;93;8;555320;524269;2878;67.0;63.3;0.3
74;2021-09-13;918;1871;610;556238;526140;3488;67.1;63.5;0.4
74;2021-09-14;992;1664;667;557230;527804;4155;67.3;63.7;0.5
74;2021-09-15;1032;2104;485;558262;529908;4640;67.4;64.0;0.6
74;2021-09-16;735;1016;374;558997;530924;5014;67.5;64.1;0.6
74;2021-09-17;807;1652;474;559804;532576;5488;67.6;64.3;0.7
74;2021-09-18;543;1449;121;560347;534025;5609;67.6;64.5;0.7
74;2021-09-19;11;54;21;560358;534079;5630;67.6;64.5;0.7
74;2021-09-20;729;1543;586;561087;535622;6216;67.7;64.7;0.8
74;2021-09-21;579;1139;476;561666;536761;6692;67.8;64.8;0.8
74;2021-09-22;577;1757;439;562243;538518;7131;67.9;65.0;0.9
74;2021-09-23;601;924;418;562844;539442;7549;67.9;65.1;0.9
74;2021-09-24;657;1632;503;563501;541074;8052;68.0;65.3;1.0
74;2021-09-25;426;1379;130;563927;542453;8182;68.1;65.5;1.0
74;2021-09-26;9;26;0;563936;542479;8182;68.1;65.5;1.0
74;2021-09-27;520;1172;478;564456;543651;8660;68.1;65.6;1.0
74;2021-09-28;370;821;575;564826;544472;9235;68.2;65.7;1.1
74;2021-09-29;507;1333;462;565333;545805;9697;68.2;65.9;1.2
74;2021-09-30;391;1022;431;565724;546827;10128;68.3;66.0;1.2
74;2021-10-01;734;1096;406;566458;547923;10534;68.4;66.1;1.3
74;2021-10-02;420;719;113;566878;548642;10647;68.4;66.2;1.3
74;2021-10-03;9;25;5;566887;548667;10652;68.4;66.2;1.3
74;2021-10-04;577;959;623;567464;549626;11275;68.5;66.3;1.4
74;2021-10-05;356;805;604;567820;550431;11879;68.5;66.4;1.4
74;2021-10-06;428;986;455;568248;551417;12334;68.6;66.6;1.5
74;2021-10-07;270;647;444;568518;552064;12778;68.6;66.6;1.5
74;2021-10-08;616;1127;709;569134;553191;13487;68.7;66.8;1.6
74;2021-10-09;396;732;184;569530;553923;13671;68.8;66.9;1.7
74;2021-10-10;6;25;3;569536;553948;13674;68.8;66.9;1.7
74;2021-10-11;380;807;801;569916;554755;14475;68.8;67.0;1.7
74;2021-10-12;358;653;919;570274;555408;15394;68.8;67.0;1.9
74;2021-10-13;405;793;668;570679;556201;16062;68.9;67.1;1.9
74;2021-10-14;301;543;571;570980;556744;16633;68.9;67.2;2.0
74;2021-10-15;555;905;997;571535;557649;17630;69.0;67.3;2.1
74;2021-10-16;279;534;283;571814;558183;17913;69.0;67.4;2.2
74;2021-10-17;6;28;3;571820;558211;17916;69.0;67.4;2.2
74;2021-10-18;361;648;741;572181;558859;18657;69.1;67.5;2.3
74;2021-10-19;168;516;1084;572349;559375;19741;69.1;67.5;2.4
74;2021-10-20;235;586;1074;572584;559961;20815;69.1;67.6;2.5
74;2021-10-21;106;286;596;572690;560247;21411;69.1;67.6;2.6
74;2021-10-22;265;632;1183;572955;560879;22594;69.2;67.7;2.7
74;2021-10-23;144;372;279;573099;561251;22873;69.2;67.8;2.8
74;2021-10-24;7;19;3;573106;561270;22876;69.2;67.8;2.8
74;2021-10-25;193;418;1061;573299;561688;23937;69.2;67.8;2.9
74;2021-10-26;185;370;1544;573484;562058;25481;69.2;67.8;3.1
74;2021-10-27;212;478;1324;573696;562536;26805;69.3;67.9;3.2
74;2021-10-28;86;221;701;573782;562757;27506;69.3;67.9;3.3
74;2021-10-29;211;508;1415;573993;563265;28921;69.3;68.0;3.5
74;2021-10-30;103;323;505;574096;563588;29426;69.3;68.0;3.6
74;2021-10-31;2;7;0;574098;563595;29426;69.3;68.0;3.6
74;2021-11-01;49;49;37;574147;563644;29463;69.3;68.0;3.6
74;2021-11-02;204;443;1358;574351;564087;30821;69.3;68.1;3.7
74;2021-11-03;181;371;1510;574532;564458;32331;69.4;68.1;3.9
74;2021-11-04;99;248;958;574631;564706;33289;69.4;68.2;4.0
74;2021-11-05;221;422;1763;574852;565128;35052;69.4;68.2;4.2
74;2021-11-06;101;252;513;574953;565380;35565;69.4;68.2;4.3
74;2021-11-07;3;22;3;574956;565402;35568;69.4;68.3;4.3
74;2021-11-08;135;402;1973;575091;565804;37541;69.4;68.3;4.5
74;2021-11-09;156;254;2075;575247;566058;39616;69.4;68.3;4.8
74;2021-11-10;228;382;2502;575475;566440;42118;69.5;68.4;5.1
74;2021-11-11;6;32;25;575481;566472;42143;69.5;68.4;5.1
74;2021-11-12;186;333;2137;575667;566805;44280;69.5;68.4;5.3
74;2021-11-13;143;173;752;575810;566978;45032;69.5;68.4;5.4
74;2021-11-14;3;13;16;575813;566991;45048;69.5;68.4;5.4
74;2021-11-15;118;236;2193;575931;567227;47241;69.5;68.5;5.7
74;2021-11-16;143;206;2654;576074;567433;49895;69.5;68.5;6.0
74;2021-11-17;247;352;2630;576321;567785;52525;69.6;68.5;6.3
74;2021-11-18;96;149;1689;576417;567934;54214;69.6;68.6;6.5
74;2021-11-19;210;315;3114;576627;568249;57328;69.6;68.6;6.9
74;2021-11-20;223;193;970;576850;568442;58298;69.6;68.6;7.0
74;2021-11-21;14;16;33;576864;568458;58331;69.6;68.6;7.0
74;2021-11-22;172;167;2489;577036;568625;60820;69.7;68.6;7.3
74;2021-11-23;196;204;2686;577232;568829;63506;69.7;68.7;7.7
74;2021-11-24;248;299;2618;577480;569128;66124;69.7;68.7;8.0
74;2021-11-25;138;141;2176;577618;569269;68300;69.7;68.7;8.2
74;2021-11-26;248;330;4297;577866;569599;72597;69.8;68.8;8.8
74;2021-11-27;173;219;1920;578039;569818;74517;69.8;68.8;9.0
74;2021-11-28;5;16;84;578044;569834;74601;69.8;68.8;9.0
74;2021-11-29;130;188;3644;578174;570022;78245;69.8;68.8;9.4
74;2021-11-30;170;264;4806;578344;570286;83051;69.8;68.8;10.0
74;2021-12-01;185;257;4844;578529;570543;87895;69.8;68.9;10.6
74;2021-12-02;152;156;4697;578681;570699;92592;69.9;68.9;11.2
74;2021-12-03;190;250;6078;578871;570949;98670;69.9;68.9;11.9
74;2021-12-04;121;196;2793;578992;571145;101463;69.9;68.9;12.2
74;2021-12-05;5;21;265;578997;571166;101728;69.9;68.9;12.3
74;2021-12-06;189;206;5592;579186;571372;107320;69.9;69.0;13.0
74;2021-12-07;189;245;6986;579375;571617;114306;69.9;69.0;13.8
74;2021-12-08;201;293;5790;579576;571910;120096;70.0;69.0;14.5
74;2021-12-09;172;214;6787;579748;572124;126883;70.0;69.1;15.3
74;2021-12-10;150;251;6188;579898;572375;133071;70.0;69.1;16.1
74;2021-12-11;122;229;3851;580020;572604;136922;70.0;69.1;16.5
74;2021-12-12;13;38;371;580033;572642;137293;70.0;69.1;16.6
74;2021-12-13;144;241;7029;580177;572883;144322;70.0;69.2;17.4
74;2021-12-14;229;290;9075;580406;573173;153397;70.1;69.2;18.5
74;2021-12-15;237;363;7835;580643;573536;161232;70.1;69.2;19.5
74;2021-12-16;209;268;8226;580852;573804;169458;70.1;69.3;20.5
74;2021-12-17;200;364;8248;581052;574168;177706;70.1;69.3;21.5
74;2021-12-18;147;230;4640;581199;574398;182346;70.2;69.3;22.0
74;2021-12-19;18;38;660;581217;574436;183006;70.2;69.3;22.1
74;2021-12-20;262;285;7180;581479;574721;190186;70.2;69.4;23.0
74;2021-12-21;282;289;7901;581761;575010;198087;70.2;69.4;23.9
74;2021-12-22;256;246;6411;582017;575256;204498;70.3;69.4;24.7
74;2021-12-23;238;214;5571;582255;575470;210069;70.3;69.5;25.4
74;2021-12-24;55;62;1705;582310;575532;211774;70.3;69.5;25.6
74;2021-12-25;1;14;88;582311;575546;211862;70.3;69.5;25.6
74;2021-12-26;8;21;302;582319;575567;212164;70.3;69.5;25.6
75;2020-12-27;28;0;0;28;0;0;0.0;0.0;0.0
75;2020-12-28;27;0;0;55;0;0;0.0;0.0;0.0
75;2020-12-29;23;1;0;78;1;0;0.0;0.0;0.0
75;2020-12-30;67;0;0;145;1;0;0.0;0.0;0.0
75;2020-12-31;46;0;0;191;1;0;0.0;0.0;0.0
75;2021-01-01;43;2;0;234;3;0;0.0;0.0;0.0
75;2021-01-02;40;1;0;274;4;0;0.0;0.0;0.0
75;2021-01-03;71;3;0;345;7;0;0.0;0.0;0.0
75;2021-01-04;231;4;0;576;11;0;0.0;0.0;0.0
75;2021-01-05;659;7;0;1235;18;0;0.1;0.0;0.0
75;2021-01-06;996;3;0;2231;21;0;0.1;0.0;0.0
75;2021-01-07;1482;10;0;3713;31;0;0.2;0.0;0.0
75;2021-01-08;2219;19;0;5932;50;0;0.3;0.0;0.0
75;2021-01-09;788;5;0;6720;55;0;0.3;0.0;0.0
75;2021-01-10;783;2;0;7503;57;0;0.3;0.0;0.0
75;2021-01-11;2183;30;0;9686;87;0;0.5;0.0;0.0
75;2021-01-12;2548;48;0;12234;135;0;0.6;0.0;0.0
75;2021-01-13;2710;43;0;14944;178;0;0.7;0.0;0.0
75;2021-01-14;2765;50;0;17709;228;0;0.8;0.0;0.0
75;2021-01-15;2492;34;0;20201;262;0;0.9;0.0;0.0
75;2021-01-16;890;16;0;21091;278;0;1.0;0.0;0.0
75;2021-01-17;505;10;0;21596;288;0;1.0;0.0;0.0
75;2021-01-18;3050;52;0;24646;340;0;1.1;0.0;0.0
75;2021-01-19;3995;54;0;28641;394;0;1.3;0.0;0.0
75;2021-01-20;4432;49;0;33073;443;0;1.5;0.0;0.0
75;2021-01-21;5221;62;0;38294;505;0;1.8;0.0;0.0
75;2021-01-22;4428;69;0;42722;574;0;2.0;0.0;0.0
75;2021-01-23;1686;12;0;44408;586;0;2.1;0.0;0.0
75;2021-01-24;604;5;0;45012;591;0;2.1;0.0;0.0
75;2021-01-25;1879;26;0;46891;617;0;2.2;0.0;0.0
75;2021-01-26;2752;79;0;49643;696;0;2.3;0.0;0.0
75;2021-01-27;3614;183;0;53257;879;0;2.5;0.0;0.0
75;2021-01-28;4932;278;0;58189;1157;0;2.7;0.1;0.0
75;2021-01-29;3778;290;0;61967;1447;0;2.9;0.1;0.0
75;2021-01-30;1328;48;0;63295;1495;0;2.9;0.1;0.0
75;2021-01-31;197;7;0;63492;1502;0;3.0;0.1;0.0
75;2021-02-01;1787;387;0;65279;1889;0;3.0;0.1;0.0
75;2021-02-02;2213;603;0;67492;2492;0;3.1;0.1;0.0
75;2021-02-03;2110;731;0;69602;3223;0;3.2;0.2;0.0
75;2021-02-04;2329;1022;0;71931;4245;0;3.3;0.2;0.0
75;2021-02-05;2279;859;0;74210;5104;0;3.5;0.2;0.0
75;2021-02-06;1093;154;0;75303;5258;0;3.5;0.2;0.0
75;2021-02-07;176;66;0;75479;5324;0;3.5;0.2;0.0
75;2021-02-08;1347;1283;0;76826;6607;0;3.6;0.3;0.0
75;2021-02-09;1945;1923;0;78771;8530;0;3.7;0.4;0.0
75;2021-02-10;2380;2228;0;81151;10758;0;3.8;0.5;0.0
75;2021-02-11;2797;5025;0;83948;15783;0;3.9;0.7;0.0
75;2021-02-12;3045;2268;0;86993;18051;0;4.0;0.8;0.0
75;2021-02-13;797;898;0;87790;18949;0;4.1;0.9;0.0
75;2021-02-14;145;110;0;87935;19059;0;4.1;0.9;0.0
75;2021-02-15;995;2670;0;88930;21729;0;4.1;1.0;0.0
75;2021-02-16;1282;5727;0;90212;27456;0;4.2;1.3;0.0
75;2021-02-17;1198;3639;0;91410;31095;0;4.3;1.4;0.0
75;2021-02-18;1695;5694;0;93105;36789;0;4.3;1.7;0.0
75;2021-02-19;1989;3921;0;95094;40710;0;4.4;1.9;0.0
75;2021-02-20;466;1440;0;95560;42150;0;4.4;2.0;0.0
75;2021-02-21;170;193;0;95730;42343;0;4.5;2.0;0.0
75;2021-02-22;1052;2339;0;96782;44682;0;4.5;2.1;0.0
75;2021-02-23;1268;2782;0;98050;47464;0;4.6;2.2;0.0
75;2021-02-24;1453;2525;0;99503;49989;0;4.6;2.3;0.0
75;2021-02-25;2282;4367;0;101785;54356;0;4.7;2.5;0.0
75;2021-02-26;2776;2518;0;104561;56874;0;4.9;2.6;0.0
75;2021-02-27;1269;930;0;105830;57804;0;4.9;2.7;0.0
75;2021-02-28;301;171;0;106131;57975;0;4.9;2.7;0.0
75;2021-03-01;2209;1898;0;108340;59873;0;5.0;2.8;0.0
75;2021-03-02;3567;2462;0;111907;62335;0;5.2;2.9;0.0
75;2021-03-03;4580;2553;0;116487;64888;0;5.4;3.0;0.0
75;2021-03-04;6482;2698;0;122969;67586;0;5.7;3.1;0.0
75;2021-03-05;8279;2763;0;131248;70349;0;6.1;3.3;0.0
75;2021-03-06;9941;1127;0;141189;71476;0;6.6;3.3;0.0
75;2021-03-07;8340;1015;0;149529;72491;0;7.0;3.4;0.0
75;2021-03-08;4617;1779;0;154146;74270;0;7.2;3.5;0.0
75;2021-03-09;6276;2216;0;160422;76486;0;7.5;3.6;0.0
75;2021-03-10;6014;2263;0;166436;78749;0;7.7;3.7;0.0
75;2021-03-11;8339;2482;0;174775;81231;0;8.1;3.8;0.0
75;2021-03-12;10122;2547;0;184897;83778;0;8.6;3.9;0.0
75;2021-03-13;7779;819;0;192676;84597;0;9.0;3.9;0.0
75;2021-03-14;3440;270;0;196116;84867;0;9.1;4.0;0.0
75;2021-03-15;6532;1099;0;202648;85966;0;9.4;4.0;0.0
75;2021-03-16;4803;836;0;207451;86802;0;9.7;4.0;0.0
75;2021-03-17;4974;944;0;212425;87746;0;9.9;4.1;0.0
75;2021-03-18;6047;1001;0;218472;88747;0;10.2;4.1;0.0
75;2021-03-19;8682;1139;0;227154;89886;0;10.6;4.2;0.0
75;2021-03-20;5470;548;0;232624;90434;0;10.8;4.2;0.0
75;2021-03-21;1490;435;0;234114;90869;0;10.9;4.2;0.0
75;2021-03-22;7601;1184;0;241715;92053;0;11.3;4.3;0.0
75;2021-03-23;9644;1334;0;251359;93387;0;11.7;4.3;0.0
75;2021-03-24;9490;1308;0;260849;94695;0;12.1;4.4;0.0
75;2021-03-25;12228;1517;0;273077;96212;0;12.7;4.5;0.0
75;2021-03-26;12166;1651;0;285243;97863;0;13.3;4.6;0.0
75;2021-03-27;6561;738;0;291804;98601;0;13.6;4.6;0.0
75;2021-03-28;1674;157;0;293478;98758;0;13.7;4.6;0.0
75;2021-03-29;6717;2099;0;300195;100857;0;14.0;4.7;0.0
75;2021-03-30;9224;2998;0;309419;103855;0;14.4;4.8;0.0
75;2021-03-31;7930;3479;0;317349;107334;0;14.8;5.0;0.0
75;2021-04-01;8688;4841;0;326037;112175;0;15.2;5.2;0.0
75;2021-04-02;7369;5292;0;333406;117467;0;15.5;5.5;0.0
75;2021-04-03;3550;4790;0;336956;122257;0;15.7;5.7;0.0
75;2021-04-04;1140;1499;0;338096;123756;0;15.7;5.8;0.0
75;2021-04-05;1981;1142;0;340077;124898;0;15.8;5.8;0.0
75;2021-04-06;6076;4320;0;346153;129218;0;16.1;6.0;0.0
75;2021-04-07;7354;4188;0;353507;133406;0;16.5;6.2;0.0
75;2021-04-08;9847;4088;0;363354;137494;0;16.9;6.4;0.0
75;2021-04-09;10870;4568;0;374224;142062;0;17.4;6.6;0.0
75;2021-04-10;5607;3871;0;379831;145933;0;17.7;6.8;0.0
75;2021-04-11;1600;1536;0;381431;147469;0;17.8;6.9;0.0
75;2021-04-12;6835;3963;0;388266;151432;0;18.1;7.0;0.0
75;2021-04-13;7671;6114;0;395937;157546;0;18.4;7.3;0.0
75;2021-04-14;7313;5061;0;403250;162607;0;18.8;7.6;0.0
75;2021-04-15;8022;5717;0;411272;168324;0;19.1;7.8;0.0
75;2021-04-16;8444;5733;0;419716;174057;0;19.5;8.1;0.0
75;2021-04-17;4575;3428;0;424291;177485;0;19.8;8.3;0.0
75;2021-04-18;1343;949;0;425634;178434;0;19.8;8.3;0.0
75;2021-04-19;5424;4848;0;431058;183282;0;20.1;8.5;0.0
75;2021-04-20;6275;5517;0;437333;188799;0;20.4;8.8;0.0
75;2021-04-21;6411;5346;0;443744;194145;0;20.7;9.0;0.0
75;2021-04-22;7340;5850;0;451084;199995;0;21.0;9.3;0.0
75;2021-04-23;8016;6140;0;459100;206135;0;21.4;9.6;0.0
75;2021-04-24;6270;3605;0;465370;209740;0;21.7;9.8;0.0
75;2021-04-25;2615;1009;0;467985;210749;0;21.8;9.8;0.0
75;2021-04-26;6543;4876;0;474528;215625;0;22.1;10.0;0.0
75;2021-04-27;9272;6042;0;483800;221667;0;22.5;10.3;0.0
75;2021-04-28;10526;5719;0;494326;227386;0;23.0;10.6;0.0
75;2021-04-29;12220;5872;0;506546;233258;0;23.6;10.9;0.0
75;2021-04-30;12588;5851;0;519134;239109;0;24.2;11.1;0.0
75;2021-05-01;4860;1340;0;523994;240449;0;24.4;11.2;0.0
75;2021-05-02;2345;925;0;526339;241374;0;24.5;11.2;0.0
75;2021-05-03;10156;9370;0;536495;250744;0;25.0;11.7;0.0
75;2021-05-04;10851;7209;0;547346;257953;0;25.5;12.0;0.0
75;2021-05-05;12274;6555;0;559620;264508;0;26.0;12.3;0.0
75;2021-05-06;13262;7668;0;572882;272176;0;26.7;12.7;0.0
75;2021-05-07;12624;8333;0;585506;280509;0;27.3;13.1;0.0
75;2021-05-08;10028;3683;0;595534;284192;0;27.7;13.2;0.0
75;2021-05-09;5046;2338;0;600580;286530;0;28.0;13.3;0.0
75;2021-05-10;12986;6444;0;613566;292974;0;28.6;13.6;0.0
75;2021-05-11;16145;7984;0;629711;300958;0;29.3;14.0;0.0
75;2021-05-12;18016;7305;0;647727;308263;0;30.2;14.3;0.0
75;2021-05-13;15288;2590;0;663015;310853;0;30.9;14.5;0.0
75;2021-05-14;18913;5282;0;681928;316135;0;31.7;14.7;0.0
75;2021-05-15;14309;3018;0;696237;319153;0;32.4;14.9;0.0
75;2021-05-16;6277;985;0;702514;320138;0;32.7;14.9;0.0
75;2021-05-17;17430;4543;0;719944;324681;0;33.5;15.1;0.0
75;2021-05-18;20810;5131;0;740754;329812;0;34.5;15.4;0.0
75;2021-05-19;20650;7551;0;761404;337363;0;35.4;15.7;0.0
75;2021-05-20;22184;7020;0;783588;344383;0;36.5;16.0;0.0
75;2021-05-21;21190;6115;0;804778;350498;0;37.5;16.3;0.0
75;2021-05-22;16454;3232;0;821232;353730;0;38.2;16.5;0.0
75;2021-05-23;7270;1310;0;828502;355040;0;38.6;16.5;0.0
75;2021-05-24;15233;2584;0;843735;357624;0;39.3;16.6;0.0
75;2021-05-25;18507;8016;0;862242;365640;0;40.1;17.0;0.0
75;2021-05-26;18121;7220;0;880363;372860;0;41.0;17.4;0.0
75;2021-05-27;19457;8528;0;899820;381388;0;41.9;17.8;0.0
75;2021-05-28;18605;9754;0;918425;391142;0;42.8;18.2;0.0
75;2021-05-29;15343;5556;0;933768;396698;0;43.5;18.5;0.0
75;2021-05-30;7838;2020;0;941606;398718;0;43.8;18.6;0.0
75;2021-05-31;17661;8957;0;959267;407675;0;44.7;19.0;0.0
75;2021-06-01;18519;11239;0;977786;418914;0;45.5;19.5;0.0
75;2021-06-02;17762;9542;0;995548;428456;0;46.3;19.9;0.0
75;2021-06-03;19280;11116;0;1014828;439572;0;47.2;20.5;0.0
75;2021-06-04;17722;12297;0;1032550;451869;0;48.1;21.0;0.0
75;2021-06-05;12162;9619;0;1044712;461488;0;48.6;21.5;0.0
75;2021-06-06;8073;3130;0;1052785;464618;0;49.0;21.6;0.0
75;2021-06-07;14194;11407;0;1066979;476025;0;49.7;22.2;0.0
75;2021-06-08;14887;13577;0;1081866;489602;0;50.4;22.8;0.0
75;2021-06-09;15422;13827;0;1097288;503429;0;51.1;23.4;0.0
75;2021-06-10;16575;18948;0;1113863;522377;0;51.8;24.3;0.0
75;2021-06-11;13279;15320;0;1127142;537697;0;52.5;25.0;0.0
75;2021-06-12;11881;9491;0;1139023;547188;0;53.0;25.5;0.0
75;2021-06-13;6389;3906;0;1145412;551094;0;53.3;25.7;0.0
75;2021-06-14;10351;15193;0;1155763;566287;0;53.8;26.4;0.0
75;2021-06-15;11223;17622;0;1166986;583909;0;54.3;27.2;0.0
75;2021-06-16;10866;16158;0;1177852;600067;0;54.8;27.9;0.0
75;2021-06-17;10830;16801;0;1188682;616868;0;55.3;28.7;0.0
75;2021-06-18;9216;20729;0;1197898;637597;0;55.8;29.7;0.0
75;2021-06-19;6787;12471;0;1204685;650068;0;56.1;30.3;0.0
75;2021-06-20;2807;6293;0;1207492;656361;0;56.2;30.6;0.0
75;2021-06-21;7012;16765;0;1214504;673126;0;56.5;31.3;0.0
75;2021-06-22;7272;21454;0;1221776;694580;0;56.9;32.3;0.0
75;2021-06-23;7981;20386;0;1229757;714966;0;57.2;33.3;0.0
75;2021-06-24;8781;20390;0;1238538;735356;0;57.7;34.2;0.0
75;2021-06-25;7491;23413;0;1246029;758769;0;58.0;35.3;0.0
75;2021-06-26;6262;16418;0;1252291;775187;0;58.3;36.1;0.0
75;2021-06-27;2287;7484;0;1254578;782671;0;58.4;36.4;0.0
75;2021-06-28;6447;20403;0;1261025;803074;0;58.7;37.4;0.0
75;2021-06-29;7137;23234;0;1268162;826308;0;59.0;38.5;0.0
75;2021-06-30;7330;22163;0;1275492;848471;0;59.4;39.5;0.0
75;2021-07-01;8646;21883;0;1284138;870354;0;59.8;40.5;0.0
75;2021-07-02;8005;22682;0;1292143;893036;0;60.1;41.6;0.0
75;2021-07-03;5757;18443;0;1297900;911479;0;60.4;42.4;0.0
75;2021-07-04;2632;9029;0;1300532;920508;0;60.5;42.8;0.0
75;2021-07-05;6717;20013;0;1307249;940521;0;60.9;43.8;0.0
75;2021-07-06;7424;21827;1;1314673;962348;1;61.2;44.8;0.0
75;2021-07-07;7231;21201;0;1321904;983549;1;61.5;45.8;0.0
75;2021-07-08;7930;20961;0;1329834;1004510;1;61.9;46.8;0.0
75;2021-07-09;7861;21516;0;1337695;1026026;1;62.3;47.8;0.0
75;2021-07-10;5760;16585;0;1343455;1042611;1;62.5;48.5;0.0
75;2021-07-11;2947;8105;0;1346402;1050716;1;62.7;48.9;0.0
75;2021-07-12;6918;20862;0;1353320;1071578;1;63.0;49.9;0.0
75;2021-07-13;10141;21971;0;1363461;1093549;1;63.5;50.9;0.0
75;2021-07-14;6425;8659;0;1369886;1102208;1;63.8;51.3;0.0
75;2021-07-15;10722;22221;0;1380608;1124429;1;64.3;52.3;0.0
75;2021-07-16;11116;19427;0;1391724;1143856;1;64.8;53.2;0.0
75;2021-07-17;7950;14500;0;1399674;1158356;1;65.2;53.9;0.0
75;2021-07-18;4031;6517;0;1403705;1164873;1;65.3;54.2;0.0
75;2021-07-19;9527;18611;0;1413232;1183484;1;65.8;55.1;0.0
75;2021-07-20;11115;19224;0;1424347;1202708;1;66.3;56.0;0.0
75;2021-07-21;10796;17459;0;1435143;1220167;1;66.8;56.8;0.0
75;2021-07-22;11693;16684;0;1446836;1236851;1;67.3;57.6;0.0
75;2021-07-23;11644;15698;0;1458480;1252549;1;67.9;58.3;0.0
75;2021-07-24;7574;11198;0;1466054;1263747;1;68.2;58.8;0.0
75;2021-07-25;3430;4023;0;1469484;1267770;1;68.4;59.0;0.0
75;2021-07-26;10394;13536;1;1479878;1281306;2;68.9;59.6;0.0
75;2021-07-27;12384;12914;0;1492262;1294220;2;69.5;60.2;0.0
75;2021-07-28;11875;11932;0;1504137;1306152;2;70.0;60.8;0.0
75;2021-07-29;11846;11828;0;1515983;1317980;2;70.6;61.4;0.0
75;2021-07-30;11274;11401;0;1527257;1329381;2;71.1;61.9;0.0
75;2021-07-31;6625;7570;0;1533882;1336951;2;71.4;62.2;0.0
75;2021-08-01;2772;2463;0;1536654;1339414;2;71.5;62.3;0.0
75;2021-08-02;7986;9412;0;1544640;1348826;2;71.9;62.8;0.0
75;2021-08-03;8057;8831;0;1552697;1357657;2;72.3;63.2;0.0
75;2021-08-04;7310;7643;0;1560007;1365300;2;72.6;63.6;0.0
75;2021-08-05;6546;7725;0;1566553;1373025;2;72.9;63.9;0.0
75;2021-08-06;6361;8092;0;1572914;1381117;2;73.2;64.3;0.0
75;2021-08-07;3965;5357;0;1576879;1386474;2;73.4;64.5;0.0
75;2021-08-08;1341;2261;0;1578220;1388735;2;73.5;64.6;0.0
75;2021-08-09;5751;8551;0;1583971;1397286;2;73.7;65.0;0.0
75;2021-08-10;6178;8755;0;1590149;1406041;2;74.0;65.4;0.0
75;2021-08-11;5350;7811;0;1595499;1413852;2;74.3;65.8;0.0
75;2021-08-12;4771;8053;0;1600270;1421905;2;74.5;66.2;0.0
75;2021-08-13;4342;6975;0;1604612;1428880;2;74.7;66.5;0.0
75;2021-08-14;2677;5189;0;1607289;1434069;2;74.8;66.8;0.0
75;2021-08-15;667;1216;0;1607956;1435285;2;74.8;66.8;0.0
75;2021-08-16;4247;9806;0;1612203;1445091;2;75.0;67.3;0.0
75;2021-08-17;3957;9556;0;1616160;1454647;2;75.2;67.7;0.0
75;2021-08-18;3517;8701;0;1619677;1463348;2;75.4;68.1;0.0
75;2021-08-19;3477;8737;0;1623154;1472085;2;75.6;68.5;0.0
75;2021-08-20;3170;8466;0;1626324;1480551;2;75.7;68.9;0.0
75;2021-08-21;2158;6210;0;1628482;1486761;2;75.8;69.2;0.0
75;2021-08-22;632;2315;0;1629114;1489076;2;75.8;69.3;0.0
75;2021-08-23;3283;10165;0;1632397;1499241;2;76.0;69.8;0.0
75;2021-08-24;3343;9699;0;1635740;1508940;2;76.1;70.2;0.0
75;2021-08-25;3106;8489;0;1638846;1517429;2;76.3;70.6;0.0
75;2021-08-26;2819;7423;4;1641665;1524852;6;76.4;71.0;0.0
75;2021-08-27;3217;8598;2;1644882;1533450;8;76.6;71.4;0.0
75;2021-08-28;2261;5931;0;1647143;1539381;8;76.7;71.7;0.0
75;2021-08-29;617;1540;0;1647760;1540921;8;76.7;71.7;0.0
75;2021-08-30;3259;9463;564;1651019;1550384;572;76.9;72.2;0.0
75;2021-08-31;3120;8536;1043;1654139;1558920;1615;77.0;72.6;0.1
75;2021-09-01;3387;6863;1767;1657526;1565783;3382;77.2;72.9;0.2
75;2021-09-02;2539;5166;1948;1660065;1570949;5330;77.3;73.1;0.2
75;2021-09-03;2617;5884;1944;1662682;1576833;7274;77.4;73.4;0.3
75;2021-09-04;2767;5534;1051;1665449;1582367;8325;77.5;73.7;0.4
75;2021-09-05;468;919;396;1665917;1583286;8721;77.5;73.7;0.4
75;2021-09-06;1754;4036;1707;1667671;1587322;10428;77.6;73.9;0.5
75;2021-09-07;1582;3563;1603;1669253;1590885;12031;77.7;74.1;0.6
75;2021-09-08;1871;3964;1524;1671124;1594849;13555;77.8;74.2;0.6
75;2021-09-09;1666;3212;1721;1672790;1598061;15276;77.9;74.4;0.7
75;2021-09-10;1973;3770;2042;1674763;1601831;17318;78.0;74.6;0.8
75;2021-09-11;1666;4037;825;1676429;1605868;18143;78.0;74.8;0.8
75;2021-09-12;312;630;178;1676741;1606498;18321;78.1;74.8;0.9
75;2021-09-13;1649;2901;1873;1678390;1609399;20194;78.1;74.9;0.9
75;2021-09-14;1530;2551;1970;1679920;1611950;22164;78.2;75.0;1.0
75;2021-09-15;1754;3095;1836;1681674;1615045;24000;78.3;75.2;1.1
75;2021-09-16;1376;2242;1788;1683050;1617287;25788;78.3;75.3;1.2
75;2021-09-17;1843;3260;2211;1684893;1620547;27999;78.4;75.4;1.3
75;2021-09-18;1163;3456;714;1686056;1624003;28713;78.5;75.6;1.3
75;2021-09-19;216;539;117;1686272;1624542;28830;78.5;75.6;1.3
75;2021-09-20;1288;2426;1851;1687560;1626968;30681;78.6;75.7;1.4
75;2021-09-21;1155;2073;1672;1688715;1629041;32353;78.6;75.8;1.5
75;2021-09-22;1253;2968;1704;1689968;1632009;34057;78.7;76.0;1.6
75;2021-09-23;995;1786;1840;1690963;1633795;35897;78.7;76.1;1.7
75;2021-09-24;1261;2805;2046;1692224;1636600;37943;78.8;76.2;1.8
75;2021-09-25;908;3210;626;1693132;1639810;38569;78.8;76.3;1.8
75;2021-09-26;188;411;120;1693320;1640221;38689;78.8;76.4;1.8
75;2021-09-27;958;2001;1610;1694278;1642222;40299;78.9;76.4;1.9
75;2021-09-28;1023;1604;1683;1695301;1643826;41982;78.9;76.5;2.0
75;2021-09-29;1054;2091;1776;1696355;1645917;43758;79.0;76.6;2.0
75;2021-09-30;904;1747;1947;1697259;1647664;45705;79.0;76.7;2.1
75;2021-10-01;1669;1949;2193;1698928;1649613;47898;79.1;76.8;2.2
75;2021-10-02;1132;2027;898;1700060;1651640;48796;79.1;76.9;2.3
75;2021-10-03;158;283;120;1700218;1651923;48916;79.1;76.9;2.3
75;2021-10-04;1118;1633;2756;1701336;1653556;51672;79.2;77.0;2.4
75;2021-10-05;894;1426;2627;1702230;1654982;54299;79.2;77.0;2.5
75;2021-10-06;1034;1759;2524;1703264;1656741;56823;79.3;77.1;2.6
75;2021-10-07;843;1324;2457;1704107;1658065;59280;79.3;77.2;2.8
75;2021-10-08;1210;2115;3275;1705317;1660180;62555;79.4;77.3;2.9
75;2021-10-09;967;1538;1383;1706284;1661718;63938;79.4;77.4;3.0
75;2021-10-10;183;304;164;1706467;1662022;64102;79.4;77.4;3.0
75;2021-10-11;955;1401;2591;1707422;1663423;66693;79.5;77.4;3.1
75;2021-10-12;894;1400;2870;1708316;1664823;69563;79.5;77.5;3.2
75;2021-10-13;1009;1559;2790;1709325;1666382;72353;79.6;77.6;3.4
75;2021-10-14;841;1287;2844;1710166;1667669;75197;79.6;77.6;3.5
75;2021-10-15;1138;1616;3531;1711304;1669285;78728;79.7;77.7;3.7
75;2021-10-16;972;1367;1467;1712276;1670652;80195;79.7;77.8;3.7
75;2021-10-17;165;233;245;1712441;1670885;80440;79.7;77.8;3.7
75;2021-10-18;830;1178;2946;1713271;1672063;83386;79.8;77.8;3.9
75;2021-10-19;756;1173;3504;1714027;1673236;86890;79.8;77.9;4.0
75;2021-10-20;855;1255;3473;1714882;1674491;90363;79.8;77.9;4.2
75;2021-10-21;614;1116;3055;1715496;1675607;93418;79.9;78.0;4.3
75;2021-10-22;914;1386;3867;1716410;1676993;97285;79.9;78.1;4.5
75;2021-10-23;727;1111;1886;1717137;1678104;99171;79.9;78.1;4.6
75;2021-10-24;110;148;179;1717247;1678252;99350;79.9;78.1;4.6
75;2021-10-25;671;1030;3471;1717918;1679282;102821;80.0;78.2;4.8
75;2021-10-26;667;954;3812;1718585;1680236;106633;80.0;78.2;5.0
75;2021-10-27;647;984;3867;1719232;1681220;110500;80.0;78.3;5.1
75;2021-10-28;591;861;3610;1719823;1682081;114110;80.1;78.3;5.3
75;2021-10-29;679;1052;4220;1720502;1683133;118330;80.1;78.3;5.5
75;2021-10-30;527;806;2022;1721029;1683939;120352;80.1;78.4;5.6
75;2021-10-31;77;137;218;1721106;1684076;120570;80.1;78.4;5.6
75;2021-11-01;209;148;236;1721315;1684224;120806;80.1;78.4;5.6
75;2021-11-02;717;1036;3269;1722032;1685260;124075;80.2;78.4;5.8
75;2021-11-03;610;968;3516;1722642;1686228;127591;80.2;78.5;5.9
75;2021-11-04;543;839;3429;1723185;1687067;131020;80.2;78.5;6.1
75;2021-11-05;639;1011;4362;1723824;1688078;135382;80.2;78.6;6.3
75;2021-11-06;536;854;2116;1724360;1688932;137498;80.3;78.6;6.4
75;2021-11-07;102;159;299;1724462;1689091;137797;80.3;78.6;6.4
75;2021-11-08;491;829;4553;1724953;1689920;142350;80.3;78.7;6.6
75;2021-11-09;568;887;5427;1725521;1690807;147777;80.3;78.7;6.9
75;2021-11-10;731;1118;6101;1726252;1691925;153878;80.4;78.8;7.2
75;2021-11-11;203;317;1108;1726455;1692242;154986;80.4;78.8;7.2
75;2021-11-12;612;986;6281;1727067;1693228;161267;80.4;78.8;7.5
75;2021-11-13;550;809;3027;1727617;1694037;164294;80.4;78.9;7.6
75;2021-11-14;99;152;447;1727716;1694189;164741;80.4;78.9;7.7
75;2021-11-15;507;848;5789;1728223;1695037;170530;80.4;78.9;7.9
75;2021-11-16;578;826;6310;1728801;1695863;176840;80.5;78.9;8.2
75;2021-11-17;678;924;5976;1729479;1696787;182816;80.5;79.0;8.5
75;2021-11-18;522;815;5952;1730001;1697602;188768;80.5;79.0;8.8
75;2021-11-19;674;904;7169;1730675;1698506;195937;80.6;79.1;9.1
75;2021-11-20;618;862;3671;1731293;1699368;199608;80.6;79.1;9.3
75;2021-11-21;81;157;565;1731374;1699525;200173;80.6;79.1;9.3
75;2021-11-22;556;637;6360;1731930;1700162;206533;80.6;79.1;9.6
75;2021-11-23;619;793;7477;1732549;1700955;214010;80.6;79.2;10.0
75;2021-11-24;639;896;7232;1733188;1701851;221242;80.7;79.2;10.3
75;2021-11-25;604;770;9722;1733792;1702621;230964;80.7;79.3;10.8
75;2021-11-26;558;864;13966;1734350;1703485;244930;80.7;79.3;11.4
75;2021-11-27;492;755;10615;1734842;1704240;255545;80.8;79.3;11.9
75;2021-11-28;144;209;4679;1734986;1704449;260224;80.8;79.3;12.1
75;2021-11-29;469;738;15228;1735455;1705187;275452;80.8;79.4;12.8
75;2021-11-30;514;854;18751;1735969;1706041;294203;80.8;79.4;13.7
75;2021-12-01;499;889;19293;1736468;1706930;313496;80.8;79.5;14.6
75;2021-12-02;455;708;20673;1736923;1707638;334169;80.9;79.5;15.6
75;2021-12-03;506;936;22694;1737429;1708574;356863;80.9;79.5;16.6
75;2021-12-04;373;752;15525;1737802;1709326;372388;80.9;79.6;17.3
75;2021-12-05;178;299;8055;1737980;1709625;380443;80.9;79.6;17.7
75;2021-12-06;425;799;20887;1738405;1710424;401330;80.9;79.6;18.7
75;2021-12-07;500;921;24762;1738905;1711345;426092;80.9;79.7;19.8
75;2021-12-08;513;926;22698;1739418;1712271;448790;81.0;79.7;20.9
75;2021-12-09;448;871;24630;1739866;1713142;473420;81.0;79.7;22.0
75;2021-12-10;471;889;26189;1740337;1714031;499609;81.0;79.8;23.3
75;2021-12-11;506;883;20182;1740843;1714914;519791;81.0;79.8;24.2
75;2021-12-12;238;329;12991;1741081;1715243;532782;81.0;79.8;24.8
75;2021-12-13;501;876;25336;1741582;1716119;558118;81.1;79.9;26.0
75;2021-12-14;596;957;29835;1742178;1717076;587953;81.1;79.9;27.4
75;2021-12-15;604;985;28017;1742782;1718061;615970;81.1;80.0;28.7
75;2021-12-16;626;979;29799;1743408;1719040;645769;81.2;80.0;30.1
75;2021-12-17;582;1037;29849;1743990;1720077;675618;81.2;80.1;31.4
75;2021-12-18;525;860;20220;1744515;1720937;695838;81.2;80.1;32.4
75;2021-12-19;327;408;14628;1744842;1721345;710466;81.2;80.1;33.1
75;2021-12-20;680;1053;26304;1745522;1722398;736770;81.3;80.2;34.3
75;2021-12-21;805;1106;28670;1746327;1723504;765440;81.3;80.2;35.6
75;2021-12-22;830;1005;25384;1747157;1724509;790824;81.3;80.3;36.8
75;2021-12-23;772;963;22452;1747929;1725472;813276;81.4;80.3;37.9
75;2021-12-24;329;412;7726;1748258;1725884;821002;81.4;80.3;38.2
75;2021-12-25;25;64;595;1748283;1725948;821597;81.4;80.3;38.2
75;2021-12-26;165;187;5007;1748448;1726135;826604;81.4;80.3;38.5
76;2020-12-27;0;0;0;0;0;0;0.0;0.0;0.0
76;2020-12-28;0;0;0;0;0;0;0.0;0.0;0.0
76;2020-12-29;0;0;0;0;0;0;0.0;0.0;0.0
76;2020-12-30;0;0;0;0;0;0;0.0;0.0;0.0
76;2020-12-31;0;0;0;0;0;0;0.0;0.0;0.0
76;2021-01-01;1;0;0;1;0;0;0.0;0.0;0.0
76;2021-01-02;0;0;0;1;0;0;0.0;0.0;0.0
76;2021-01-03;0;0;0;1;0;0;0.0;0.0;0.0
76;2021-01-04;17;0;0;18;0;0;0.0;0.0;0.0
76;2021-01-05;124;0;0;142;0;0;0.0;0.0;0.0
76;2021-01-06;622;2;0;764;2;0;0.1;0.0;0.0
76;2021-01-07;1233;9;0;1997;11;0;0.2;0.0;0.0
76;2021-01-08;1370;2;0;3367;13;0;0.3;0.0;0.0
76;2021-01-09;665;1;0;4032;14;0;0.3;0.0;0.0
76;2021-01-10;472;2;0;4504;16;0;0.4;0.0;0.0
76;2021-01-11;1286;4;0;5790;20;0;0.5;0.0;0.0
76;2021-01-12;1253;1;0;7043;21;0;0.6;0.0;0.0
76;2021-01-13;1144;5;0;8187;26;0;0.7;0.0;0.0
76;2021-01-14;2070;23;0;10257;49;0;0.8;0.0;0.0
76;2021-01-15;1819;8;0;12076;57;0;1.0;0.0;0.0
76;2021-01-16;953;7;0;13029;64;0;1.0;0.0;0.0
76;2021-01-17;2707;20;0;15736;84;0;1.3;0.0;0.0
76;2021-01-18;4175;18;0;19911;102;0;1.6;0.0;0.0
76;2021-01-19;2840;11;0;22751;113;0;1.8;0.0;0.0
76;2021-01-20;1952;11;0;24703;124;0;2.0;0.0;0.0
76;2021-01-21;1706;5;0;26409;129;0;2.1;0.0;0.0
76;2021-01-22;1610;2;0;28019;131;0;2.3;0.0;0.0
76;2021-01-23;451;4;0;28470;135;0;2.3;0.0;0.0
76;2021-01-24;100;0;0;28570;135;0;2.3;0.0;0.0
76;2021-01-25;1370;131;0;29940;266;0;2.4;0.0;0.0
76;2021-01-26;1323;314;0;31263;580;0;2.5;0.0;0.0
76;2021-01-27;1269;392;0;32532;972;0;2.6;0.1;0.0
76;2021-01-28;1237;320;0;33769;1292;0;2.7;0.1;0.0
76;2021-01-29;1108;367;0;34877;1659;0;2.8;0.1;0.0
76;2021-01-30;259;260;0;35136;1919;0;2.8;0.2;0.0
76;2021-01-31;4;96;0;35140;2015;0;2.8;0.2;0.0
76;2021-02-01;790;741;0;35930;2756;0;2.9;0.2;0.0
76;2021-02-02;963;905;0;36893;3661;0;3.0;0.3;0.0
76;2021-02-03;847;966;0;37740;4627;0;3.0;0.4;0.0
76;2021-02-04;927;1392;0;38667;6019;0;3.1;0.5;0.0
76;2021-02-05;942;1078;0;39609;7097;0;3.2;0.6;0.0
76;2021-02-06;263;841;0;39872;7938;0;3.2;0.6;0.0
76;2021-02-07;438;1521;0;40310;9459;0;3.2;0.8;0.0
76;2021-02-08;1798;3523;0;42108;12982;0;3.4;1.0;0.0
76;2021-02-09;1691;2868;0;43799;15850;0;3.5;1.3;0.0
76;2021-02-10;1414;1747;0;45213;17597;0;3.6;1.4;0.0
76;2021-02-11;1599;1449;0;46812;19046;0;3.8;1.5;0.0
76;2021-02-12;1601;1548;0;48413;20594;0;3.9;1.7;0.0
76;2021-02-13;243;336;0;48656;20930;0;3.9;1.7;0.0
76;2021-02-14;7;75;0;48663;21005;0;3.9;1.7;0.0
76;2021-02-15;530;1569;0;49193;22574;0;4.0;1.8;0.0
76;2021-02-16;699;1529;0;49892;24103;0;4.0;1.9;0.0
76;2021-02-17;605;1387;0;50497;25490;0;4.1;2.0;0.0
76;2021-02-18;774;1307;0;51271;26797;0;4.1;2.2;0.0
76;2021-02-19;838;1234;0;52109;28031;0;4.2;2.3;0.0
76;2021-02-20;260;288;0;52369;28319;0;4.2;2.3;0.0
76;2021-02-21;2;5;0;52371;28324;0;4.2;2.3;0.0
76;2021-02-22;318;1212;0;52689;29536;0;4.2;2.4;0.0
76;2021-02-23;566;1150;0;53255;30686;0;4.3;2.5;0.0
76;2021-02-24;591;1134;0;53846;31820;0;4.3;2.6;0.0
76;2021-02-25;1606;1214;0;55452;33034;0;4.5;2.7;0.0
76;2021-02-26;2146;993;0;57598;34027;0;4.6;2.7;0.0
76;2021-02-27;1091;271;0;58689;34298;0;4.7;2.8;0.0
76;2021-02-28;30;193;0;58719;34491;0;4.7;2.8;0.0
76;2021-03-01;839;1976;0;59558;36467;0;4.8;2.9;0.0
76;2021-03-02;1353;1612;0;60911;38079;0;4.9;3.1;0.0
76;2021-03-03;1857;1323;0;62768;39402;0;5.0;3.2;0.0
76;2021-03-04;2753;1059;0;65521;40461;0;5.3;3.3;0.0
76;2021-03-05;4036;777;0;69557;41238;0;5.6;3.3;0.0
76;2021-03-06;3311;175;0;72868;41413;0;5.9;3.3;0.0
76;2021-03-07;1288;40;0;74156;41453;0;6.0;3.3;0.0
76;2021-03-08;2041;1205;0;76197;42658;0;6.1;3.4;0.0
76;2021-03-09;3519;1126;0;79716;43784;0;6.4;3.5;0.0
76;2021-03-10;3548;1037;0;83264;44821;0;6.7;3.6;0.0
76;2021-03-11;5490;925;0;88754;45746;0;7.1;3.7;0.0
76;2021-03-12;6588;608;0;95342;46354;0;7.7;3.7;0.0
76;2021-03-13;4670;185;0;100012;46539;0;8.0;3.7;0.0
76;2021-03-14;1065;27;0;101077;46566;0;8.1;3.7;0.0
76;2021-03-15;2833;235;0;103910;46801;0;8.4;3.8;0.0
76;2021-03-16;2498;387;0;106408;47188;0;8.6;3.8;0.0
76;2021-03-17;2697;316;0;109105;47504;0;8.8;3.8;0.0
76;2021-03-18;2976;341;0;112081;47845;0;9.0;3.8;0.0
76;2021-03-19;4269;425;0;116350;48270;0;9.4;3.9;0.0
76;2021-03-20;3930;295;0;120280;48565;0;9.7;3.9;0.0
76;2021-03-21;820;15;0;121100;48580;0;9.7;3.9;0.0
76;2021-03-22;3775;355;0;124875;48935;0;10.0;3.9;0.0
76;2021-03-23;5444;371;0;130319;49306;0;10.5;4.0;0.0
76;2021-03-24;5489;411;0;135808;49717;0;10.9;4.0;0.0
76;2021-03-25;7293;576;0;143101;50293;0;11.5;4.0;0.0
76;2021-03-26;8343;616;0;151444;50909;0;12.2;4.1;0.0
76;2021-03-27;4669;385;0;156113;51294;0;12.6;4.1;0.0
76;2021-03-28;1058;39;0;157171;51333;0;12.6;4.1;0.0
76;2021-03-29;5051;840;0;162222;52173;0;13.0;4.2;0.0
76;2021-03-30;6257;1063;0;168479;53236;0;13.5;4.3;0.0
76;2021-03-31;6066;1262;0;174545;54498;0;14.0;4.4;0.0
76;2021-04-01;6285;1994;0;180830;56492;0;14.5;4.5;0.0
76;2021-04-02;6283;2561;0;187113;59053;0;15.0;4.7;0.0
76;2021-04-03;2424;1123;0;189537;60176;0;15.2;4.8;0.0
76;2021-04-04;267;26;0;189804;60202;0;15.3;4.8;0.0
76;2021-04-05;801;356;0;190605;60558;0;15.3;4.9;0.0
76;2021-04-06;3346;2766;0;193951;63324;0;15.6;5.1;0.0
76;2021-04-07;4143;2423;0;198094;65747;0;15.9;5.3;0.0
76;2021-04-08;5524;2718;0;203618;68465;0;16.4;5.5;0.0
76;2021-04-09;8464;2982;0;212082;71447;0;17.1;5.7;0.0
76;2021-04-10;4684;1477;0;216766;72924;0;17.4;5.9;0.0
76;2021-04-11;810;535;0;217576;73459;0;17.5;5.9;0.0
76;2021-04-12;4442;2770;0;222018;76229;0;17.9;6.1;0.0
76;2021-04-13;5643;2805;0;227661;79034;0;18.3;6.4;0.0
76;2021-04-14;4573;3112;0;232234;82146;0;18.7;6.6;0.0
76;2021-04-15;5332;3306;0;237566;85452;0;19.1;6.9;0.0
76;2021-04-16;7049;3242;0;244615;88694;0;19.7;7.1;0.0
76;2021-04-17;4206;1436;0;248821;90130;0;20.0;7.2;0.0
76;2021-04-18;351;156;0;249172;90286;0;20.0;7.3;0.0
76;2021-04-19;3294;3536;0;252466;93822;0;20.3;7.5;0.0
76;2021-04-20;4177;4106;0;256643;97928;0;20.6;7.9;0.0
76;2021-04-21;4058;4446;0;260701;102374;0;21.0;8.2;0.0
76;2021-04-22;4444;5169;0;265145;107543;0;21.3;8.6;0.0
76;2021-04-23;5267;5654;0;270412;113197;0;21.7;9.1;0.0
76;2021-04-24;4059;2092;0;274471;115289;0;22.1;9.3;0.0
76;2021-04-25;972;340;0;275443;115629;0;22.1;9.3;0.0
76;2021-04-26;4364;4163;0;279807;119792;0;22.5;9.6;0.0
76;2021-04-27;4836;4662;0;284643;124454;0;22.9;10.0;0.0
76;2021-04-28;5168;3885;0;289811;128339;0;23.3;10.3;0.0
76;2021-04-29;6752;3850;0;296563;132189;0;23.8;10.6;0.0
76;2021-04-30;7900;4450;0;304463;136639;0;24.5;11.0;0.0
76;2021-05-01;4531;997;0;308994;137636;0;24.8;11.1;0.0
76;2021-05-02;1903;285;0;310897;137921;0;25.0;11.1;0.0
76;2021-05-03;4663;3122;0;315560;141043;0;25.4;11.3;0.0
76;2021-05-04;4719;4312;0;320279;145355;0;25.8;11.7;0.0
76;2021-05-05;4742;4854;0;325021;150209;0;26.1;12.1;0.0
76;2021-05-06;5851;5260;0;330872;155469;0;26.6;12.5;0.0
76;2021-05-07;6125;6428;0;336997;161897;0;27.1;13.0;0.0
76;2021-05-08;4875;906;0;341872;162803;0;27.5;13.1;0.0
76;2021-05-09;2635;274;0;344507;163077;0;27.7;13.1;0.0
76;2021-05-10;4927;4765;0;349434;167842;0;28.1;13.5;0.0
76;2021-05-11;6370;5367;0;355804;173209;0;28.6;13.9;0.0
76;2021-05-12;6326;4843;0;362130;178052;0;29.1;14.3;0.0
76;2021-05-13;8180;1202;0;370310;179254;0;29.8;14.4;0.0
76;2021-05-14;9873;4394;0;380183;183648;0;30.6;14.8;0.0
76;2021-05-15;8788;2405;0;388971;186053;0;31.3;15.0;0.0
76;2021-05-16;6106;475;0;395077;186528;0;31.8;15.0;0.0
76;2021-05-17;7149;3106;0;402226;189634;0;32.3;15.2;0.0
76;2021-05-18;8169;2678;0;410395;192312;0;33.0;15.5;0.0
76;2021-05-19;8253;3072;0;418648;195384;0;33.7;15.7;0.0
76;2021-05-20;9290;3336;0;427938;198720;0;34.4;16.0;0.0
76;2021-05-21;8048;4027;0;435986;202747;0;35.1;16.3;0.0
76;2021-05-22;7024;2268;0;443010;205015;0;35.6;16.5;0.0
76;2021-05-23;5991;404;0;449001;205419;0;36.1;16.5;0.0
76;2021-05-24;6204;1456;0;455205;206875;0;36.6;16.6;0.0
76;2021-05-25;7558;3941;0;462763;210816;0;37.2;16.9;0.0
76;2021-05-26;7171;3544;0;469934;214360;0;37.8;17.2;0.0
76;2021-05-27;8229;4542;0;478163;218902;0;38.4;17.6;0.0
76;2021-05-28;8173;6385;0;486336;225287;0;39.1;18.1;0.0
76;2021-05-29;6266;3465;0;492602;228752;0;39.6;18.4;0.0
76;2021-05-30;3108;405;0;495710;229157;0;39.9;18.4;0.0
76;2021-05-31;7785;3817;0;503495;232974;0;40.5;18.7;0.0
76;2021-06-01;8765;4868;0;512260;237842;0;41.2;19.1;0.0
76;2021-06-02;7449;4436;0;519709;242278;0;41.8;19.5;0.0
76;2021-06-03;9269;5308;0;528978;247586;0;42.5;19.9;0.0
76;2021-06-04;8705;6574;0;537683;254160;0;43.2;20.4;0.0
76;2021-06-05;6218;3832;0;543901;257992;0;43.7;20.7;0.0
76;2021-06-06;2690;712;0;546591;258704;0;43.9;20.8;0.0
76;2021-06-07;6622;5293;0;553213;263997;0;44.5;21.2;0.0
76;2021-06-08;8245;6108;0;561458;270105;0;45.1;21.7;0.0
76;2021-06-09;6912;5963;0;568370;276068;0;45.7;22.2;0.0
76;2021-06-10;7450;6416;0;575820;282484;0;46.3;22.7;0.0
76;2021-06-11;7225;8033;0;583045;290517;0;46.9;23.4;0.0
76;2021-06-12;6698;5795;0;589743;296312;0;47.4;23.8;0.0
76;2021-06-13;2859;1407;0;592602;297719;0;47.6;23.9;0.0
76;2021-06-14;5627;6606;0;598229;304325;0;48.1;24.5;0.0
76;2021-06-15;5894;7305;0;604123;311630;0;48.6;25.1;0.0
76;2021-06-16;6222;7339;0;610345;318969;0;49.1;25.6;0.0
76;2021-06-17;6559;7592;0;616904;326561;0;49.6;26.3;0.0
76;2021-06-18;7009;9108;0;623913;335669;0;50.2;27.0;0.0
76;2021-06-19;5552;6172;0;629465;341841;0;50.6;27.5;0.0
76;2021-06-20;2684;1753;0;632149;343594;0;50.8;27.6;0.0
76;2021-06-21;4654;7809;0;636803;351403;0;51.2;28.3;0.0
76;2021-06-22;4529;9386;0;641332;360789;0;51.6;29.0;0.0
76;2021-06-23;4373;9253;0;645705;370042;0;51.9;29.8;0.0
76;2021-06-24;4470;9669;0;650175;379711;0;52.3;30.5;0.0
76;2021-06-25;4618;11258;0;654793;390969;0;52.6;31.4;0.0
76;2021-06-26;3248;7798;0;658041;398767;0;52.9;32.1;0.0
76;2021-06-27;1351;4865;0;659392;403632;0;53.0;32.5;0.0
76;2021-06-28;3269;9601;0;662661;413233;0;53.3;33.2;0.0
76;2021-06-29;3701;9956;0;666362;423189;0;53.6;34.0;0.0
76;2021-06-30;4032;9546;0;670394;432735;0;53.9;34.8;0.0
76;2021-07-01;4364;9705;0;674758;442440;0;54.3;35.6;0.0
76;2021-07-02;4176;11754;0;678934;454194;0;54.6;36.5;0.0
76;2021-07-03;3354;8316;0;682288;462510;0;54.9;37.2;0.0
76;2021-07-04;1452;5072;0;683740;467582;0;55.0;37.6;0.0
76;2021-07-05;3654;8937;0;687394;476519;0;55.3;38.3;0.0
76;2021-07-06;3750;9849;0;691144;486368;0;55.6;39.1;0.0
76;2021-07-07;3746;9091;0;694890;495459;0;55.9;39.8;0.0
76;2021-07-08;4222;9307;0;699112;504766;0;56.2;40.6;0.0
76;2021-07-09;4194;12083;0;703306;516849;0;56.5;41.6;0.0
76;2021-07-10;2955;8268;0;706261;525117;0;56.8;42.2;0.0
76;2021-07-11;1660;2751;0;707921;527868;0;56.9;42.4;0.0
76;2021-07-12;2994;10708;0;710915;538576;0;57.2;43.3;0.0
76;2021-07-13;4740;11854;0;715655;550430;0;57.5;44.3;0.0
76;2021-07-14;4284;5044;0;719939;555474;0;57.9;44.7;0.0
76;2021-07-15;5638;11685;0;725577;567159;0;58.3;45.6;0.0
76;2021-07-16;6562;11876;0;732139;579035;0;58.9;46.6;0.0
76;2021-07-17;4880;8479;0;737019;587514;0;59.3;47.2;0.0
76;2021-07-18;2196;3375;0;739215;590889;0;59.4;47.5;0.0
76;2021-07-19;5077;10164;0;744292;601053;0;59.8;48.3;0.0
76;2021-07-20;6283;10567;0;750575;611620;0;60.3;49.2;0.0
76;2021-07-21;6300;9590;0;756875;621210;0;60.9;49.9;0.0
76;2021-07-22;8039;8683;0;764914;629893;0;61.5;50.6;0.0
76;2021-07-23;7483;10582;0;772397;640475;0;62.1;51.5;0.0
76;2021-07-24;4892;6795;0;777289;647270;0;62.5;52.0;0.0
76;2021-07-25;2884;2471;0;780173;649741;0;62.7;52.2;0.0
76;2021-07-26;5299;8893;0;785472;658634;0;63.2;53.0;0.0
76;2021-07-27;8097;8404;0;793569;667038;0;63.8;53.6;0.0
76;2021-07-28;8047;7516;0;801616;674554;0;64.4;54.2;0.0
76;2021-07-29;9048;6638;0;810664;681192;0;65.2;54.8;0.0
76;2021-07-30;7768;7551;0;818432;688743;0;65.8;55.4;0.0
76;2021-07-31;6266;5016;0;824698;693759;0;66.3;55.8;0.0
76;2021-08-01;3647;1962;0;828345;695721;0;66.6;55.9;0.0
76;2021-08-02;6269;6657;0;834614;702378;0;67.1;56.5;0.0
76;2021-08-03;7510;6160;0;842124;708538;0;67.7;57.0;0.0
76;2021-08-04;6858;5594;0;848982;714132;0;68.3;57.4;0.0
76;2021-08-05;7522;5420;0;856504;719552;0;68.9;57.9;0.0
76;2021-08-06;6352;6525;0;862856;726077;0;69.4;58.4;0.0
76;2021-08-07;4340;4167;0;867196;730244;0;69.7;58.7;0.0
76;2021-08-08;2229;1775;0;869425;732019;0;69.9;58.9;0.0
76;2021-08-09;5078;6274;0;874503;738293;0;70.3;59.4;0.0
76;2021-08-10;5778;6360;0;880281;744653;0;70.8;59.9;0.0
76;2021-08-11;5854;5340;0;886135;749993;0;71.2;60.3;0.0
76;2021-08-12;5491;5811;0;891626;755804;0;71.7;60.8;0.0
76;2021-08-13;4572;5951;0;896198;761755;0;72.1;61.2;0.0
76;2021-08-14;3466;4441;0;899664;766196;0;72.3;61.6;0.0
76;2021-08-15;1410;2204;0;901074;768400;0;72.4;61.8;0.0
76;2021-08-16;3334;6328;0;904408;774728;0;72.7;62.3;0.0
76;2021-08-17;3534;6705;0;907942;781433;0;73.0;62.8;0.0
76;2021-08-18;3310;6408;0;911252;787841;0;73.3;63.3;0.0
76;2021-08-19;3060;6808;0;914312;794649;0;73.5;63.9;0.0
76;2021-08-20;3201;7391;0;917513;802040;0;73.8;64.5;0.0
76;2021-08-21;1677;3991;0;919190;806031;0;73.9;64.8;0.0
76;2021-08-22;803;3053;0;919993;809084;0;74.0;65.0;0.0
76;2021-08-23;2367;7206;1;922360;816290;1;74.2;65.6;0.0
76;2021-08-24;2570;7207;1;924930;823497;2;74.4;66.2;0.0
76;2021-08-25;2445;6662;1;927375;830159;3;74.6;66.7;0.0
76;2021-08-26;1909;5529;1;929284;835688;4;74.7;67.2;0.0
76;2021-08-27;2505;7393;0;931789;843081;4;74.9;67.8;0.0
76;2021-08-28;1904;5773;0;933693;848854;4;75.1;68.2;0.0
76;2021-08-29;657;2771;0;934350;851625;4;75.1;68.5;0.0
76;2021-08-30;1949;6671;98;936299;858296;102;75.3;69.0;0.0
76;2021-08-31;1809;6519;193;938108;864815;295;75.4;69.5;0.0
76;2021-09-01;1702;5936;488;939810;870751;783;75.6;70.0;0.1
76;2021-09-02;1240;4176;491;941050;874927;1274;75.7;70.3;0.1
76;2021-09-03;1497;6118;621;942547;881045;1895;75.8;70.8;0.2
76;2021-09-04;1486;5491;346;944033;886536;2241;75.9;71.3;0.2
76;2021-09-05;588;1658;133;944621;888194;2374;75.9;71.4;0.2
76;2021-09-06;1154;3905;717;945775;892099;3091;76.0;71.7;0.2
76;2021-09-07;1078;3428;773;946853;895527;3864;76.1;72.0;0.3
76;2021-09-08;1187;3932;685;948040;899459;4549;76.2;72.3;0.4
76;2021-09-09;985;2696;710;949025;902155;5259;76.3;72.5;0.4
76;2021-09-10;1609;3783;839;950634;905938;6098;76.4;72.8;0.5
76;2021-09-11;1084;2964;405;951718;908902;6503;76.5;73.1;0.5
76;2021-09-12;243;751;66;951961;909653;6569;76.5;73.1;0.5
76;2021-09-13;786;2033;1137;952747;911686;7706;76.6;73.3;0.6
76;2021-09-14;1306;2430;1259;954053;914116;8965;76.7;73.5;0.7
76;2021-09-15;1125;3024;1250;955178;917140;10215;76.8;73.7;0.8
76;2021-09-16;1143;1844;962;956321;918984;11177;76.9;73.9;0.9
76;2021-09-17;1276;2568;1299;957597;921552;12476;77.0;74.1;1.0
76;2021-09-18;668;2295;422;958265;923847;12898;77.0;74.3;1.0
76;2021-09-19;168;704;78;958433;924551;12976;77.1;74.3;1.0
76;2021-09-20;792;1589;857;959225;926140;13833;77.1;74.5;1.1
76;2021-09-21;732;1527;1178;959957;927667;15011;77.2;74.6;1.2
76;2021-09-22;625;2124;984;960582;929791;15995;77.2;74.8;1.3
76;2021-09-23;690;1101;1115;961272;930892;17110;77.3;74.8;1.4
76;2021-09-24;950;1845;1251;962222;932737;18361;77.4;75.0;1.5
76;2021-09-25;557;1956;394;962779;934693;18755;77.4;75.1;1.5
76;2021-09-26;95;378;58;962874;935071;18813;77.4;75.2;1.5
76;2021-09-27;517;1131;883;963391;936202;19696;77.5;75.3;1.6
76;2021-09-28;459;1046;1065;963850;937248;20761;77.5;75.4;1.7
76;2021-09-29;707;1447;954;964557;938695;21715;77.5;75.5;1.7
76;2021-09-30;379;782;704;964936;939477;22419;77.6;75.5;1.8
76;2021-10-01;860;1606;1515;965796;941083;23934;77.6;75.7;1.9
76;2021-10-02;544;1218;379;966340;942301;24313;77.7;75.8;2.0
76;2021-10-03;106;339;119;966446;942640;24432;77.7;75.8;2.0
76;2021-10-04;614;1009;1232;967060;943649;25664;77.8;75.9;2.1
76;2021-10-05;458;964;1185;967518;944613;26849;77.8;75.9;2.2
76;2021-10-06;425;828;963;967943;945441;27812;77.8;76.0;2.2
76;2021-10-07;349;788;1356;968292;946229;29168;77.9;76.1;2.3
76;2021-10-08;844;1722;1877;969136;947951;31045;77.9;76.2;2.5
76;2021-10-09;499;895;755;969635;948846;31800;78.0;76.3;2.6
76;2021-10-10;54;87;74;969689;948933;31874;78.0;76.3;2.6
76;2021-10-11;486;992;1234;970175;949925;33108;78.0;76.4;2.7
76;2021-10-12;448;851;1486;970623;950776;34594;78.0;76.4;2.8
76;2021-10-13;556;976;1455;971179;951752;36049;78.1;76.5;2.9
76;2021-10-14;381;643;1324;971560;952395;37373;78.1;76.6;3.0
76;2021-10-15;737;1241;2481;972297;953636;39854;78.2;76.7;3.2
76;2021-10-16;379;539;573;972676;954175;40427;78.2;76.7;3.3
76;2021-10-17;88;193;218;972764;954368;40645;78.2;76.7;3.3
76;2021-10-18;376;748;1431;973140;955116;42076;78.2;76.8;3.4
76;2021-10-19;451;733;1676;973591;955849;43752;78.3;76.8;3.5
76;2021-10-20;419;623;2172;974010;956472;45924;78.3;76.9;3.7
76;2021-10-21;271;522;1955;974281;956994;47879;78.3;76.9;3.8
76;2021-10-22;592;937;2277;974873;957931;50156;78.4;77.0;4.0
76;2021-10-23;318;504;730;975191;958435;50886;78.4;77.1;4.1
76;2021-10-24;7;30;20;975198;958465;50906;78.4;77.1;4.1
76;2021-10-25;468;678;2407;975666;959143;53313;78.4;77.1;4.3
76;2021-10-26;365;448;2015;976031;959591;55328;78.5;77.2;4.4
76;2021-10-27;344;477;2053;976375;960068;57381;78.5;77.2;4.6
76;2021-10-28;339;414;1888;976714;960482;59269;78.5;77.2;4.8
76;2021-10-29;447;842;3282;977161;961324;62551;78.6;77.3;5.0
76;2021-10-30;319;492;1094;977480;961816;63645;78.6;77.3;5.1
76;2021-10-31;32;32;38;977512;961848;63683;78.6;77.3;5.1
76;2021-11-01;24;17;11;977536;961865;63694;78.6;77.3;5.1
76;2021-11-02;412;576;2165;977948;962441;65859;78.6;77.4;5.3
76;2021-11-03;400;547;2227;978348;962988;68086;78.7;77.4;5.5
76;2021-11-04;346;479;2250;978694;963467;70336;78.7;77.5;5.7
76;2021-11-05;586;802;3676;979280;964269;74012;78.7;77.5;6.0
76;2021-11-06;326;440;1245;979606;964709;75257;78.8;77.6;6.1
76;2021-11-07;8;28;40;979614;964737;75297;78.8;77.6;6.1
76;2021-11-08;286;421;2693;979900;965158;77990;78.8;77.6;6.3
76;2021-11-09;263;427;3402;980163;965585;81392;78.8;77.6;6.5
76;2021-11-10;451;627;4132;980614;966212;85524;78.8;77.7;6.9
76;2021-11-11;10;37;109;980624;966249;85633;78.8;77.7;6.9
76;2021-11-12;460;642;4527;981084;966891;90160;78.9;77.7;7.2
76;2021-11-13;282;374;1457;981366;967265;91617;78.9;77.8;7.4
76;2021-11-14;15;22;66;981381;967287;91683;78.9;77.8;7.4
76;2021-11-15;300;393;3601;981681;967680;95284;78.9;77.8;7.7
76;2021-11-16;321;347;4015;982002;968027;99299;79.0;77.8;8.0
76;2021-11-17;413;503;3778;982415;968530;103077;79.0;77.9;8.3
76;2021-11-18;258;315;3730;982673;968845;106807;79.0;77.9;8.6
76;2021-11-19;542;575;5870;983215;969420;112677;79.1;77.9;9.1
76;2021-11-20;446;498;2457;983661;969918;115134;79.1;78.0;9.3
76;2021-11-21;18;22;70;983679;969940;115204;79.1;78.0;9.3
76;2021-11-22;312;258;4200;983991;970198;119404;79.1;78.0;9.6
76;2021-11-23;372;397;4942;984363;970595;124346;79.1;78.0;10.0
76;2021-11-24;451;465;5013;984814;971060;129359;79.2;78.1;10.4
76;2021-11-25;279;298;5047;985093;971358;134406;79.2;78.1;10.8
76;2021-11-26;450;617;8859;985543;971975;143265;79.2;78.1;11.5
76;2021-11-27;271;418;4988;985814;972393;148253;79.3;78.2;11.9
76;2021-11-28;21;22;914;985835;972415;149167;79.3;78.2;12.0
76;2021-11-29;265;356;8509;986100;972771;157676;79.3;78.2;12.7
76;2021-11-30;314;324;9975;986414;973095;167651;79.3;78.2;13.5
76;2021-12-01;295;408;9195;986709;973503;176846;79.3;78.3;14.2
76;2021-12-02;272;237;11343;986981;973740;188189;79.4;78.3;15.1
76;2021-12-03;332;449;13183;987313;974189;201372;79.4;78.3;16.2
76;2021-12-04;212;347;8119;987525;974536;209491;79.4;78.4;16.8
76;2021-12-05;46;40;2066;987571;974576;211557;79.4;78.4;17.0
76;2021-12-06;248;314;10646;987819;974890;222203;79.4;78.4;17.9
76;2021-12-07;236;324;13122;988055;975214;235325;79.4;78.4;18.9
76;2021-12-08;322;466;12973;988377;975680;248298;79.5;78.4;20.0
76;2021-12-09;308;328;15815;988685;976008;264113;79.5;78.5;21.2
76;2021-12-10;348;586;18053;989033;976594;282166;79.5;78.5;22.7
76;2021-12-11;260;381;11205;989293;976975;293371;79.5;78.5;23.6
76;2021-12-12;68;71;4371;989361;977046;297742;79.5;78.6;23.9
76;2021-12-13;222;350;14121;989583;977396;311863;79.6;78.6;25.1
76;2021-12-14;363;397;16854;989946;977793;328717;79.6;78.6;26.4
76;2021-12-15;359;464;15265;990305;978257;343982;79.6;78.7;27.7
76;2021-12-16;364;393;17116;990669;978650;361098;79.6;78.7;29.0
76;2021-12-17;498;570;20052;991167;979220;381150;79.7;78.7;30.6
76;2021-12-18;307;360;11466;991474;979580;392616;79.7;78.8;31.6
76;2021-12-19;117;99;5109;991591;979679;397725;79.7;78.8;32.0
76;2021-12-20;436;405;14418;992027;980084;412143;79.8;78.8;33.1
76;2021-12-21;499;420;14092;992526;980504;426235;79.8;78.8;34.3
76;2021-12-22;501;389;11756;993027;980893;437991;79.8;78.9;35.2
76;2021-12-23;390;278;7330;993417;981171;445321;79.9;78.9;35.8
76;2021-12-24;80;88;1454;993497;981259;446775;79.9;78.9;35.9
76;2021-12-25;12;12;266;993509;981271;447041;79.9;78.9;35.9
76;2021-12-26;114;66;2069;993623;981337;449110;79.9;78.9;36.1
77;2020-12-27;2;1;0;2;1;0;0.0;0.0;0.0
77;2020-12-28;2;0;0;4;1;0;0.0;0.0;0.0
77;2020-12-29;1;0;0;5;1;0;0.0;0.0;0.0
77;2020-12-30;1;0;0;6;1;0;0.0;0.0;0.0
77;2020-12-31;0;0;0;6;1;0;0.0;0.0;0.0
77;2021-01-01;10;0;0;16;1;0;0.0;0.0;0.0
77;2021-01-02;1;0;0;17;1;0;0.0;0.0;0.0
77;2021-01-03;1;0;0;18;1;0;0.0;0.0;0.0
77;2021-01-04;10;0;0;28;1;0;0.0;0.0;0.0
77;2021-01-05;200;1;0;228;2;0;0.0;0.0;0.0
77;2021-01-06;276;2;0;504;4;0;0.0;0.0;0.0
77;2021-01-07;664;10;0;1168;14;0;0.1;0.0;0.0
77;2021-01-08;735;3;0;1903;17;0;0.1;0.0;0.0
77;2021-01-09;259;1;0;2162;18;0;0.2;0.0;0.0
77;2021-01-10;207;2;0;2369;20;0;0.2;0.0;0.0
77;2021-01-11;882;6;0;3251;26;0;0.2;0.0;0.0
77;2021-01-12;1087;5;0;4338;31;0;0.3;0.0;0.0
77;2021-01-13;1144;8;0;5482;39;0;0.4;0.0;0.0
77;2021-01-14;1136;18;0;6618;57;0;0.5;0.0;0.0
77;2021-01-15;989;18;0;7607;75;0;0.5;0.0;0.0
77;2021-01-16;164;1;0;7771;76;0;0.5;0.0;0.0
77;2021-01-17;109;3;0;7880;79;0;0.6;0.0;0.0
77;2021-01-18;1319;12;0;9199;91;0;0.6;0.0;0.0
77;2021-01-19;1878;28;0;11077;119;0;0.8;0.0;0.0
77;2021-01-20;2601;14;0;13678;133;0;1.0;0.0;0.0
77;2021-01-21;2361;38;0;16039;171;0;1.1;0.0;0.0
77;2021-01-22;1274;9;0;17313;180;0;1.2;0.0;0.0
77;2021-01-23;363;2;0;17676;182;0;1.2;0.0;0.0
77;2021-01-24;45;0;0;17721;182;0;1.2;0.0;0.0
77;2021-01-25;1043;26;0;18764;208;0;1.3;0.0;0.0
77;2021-01-26;1736;31;0;20500;239;0;1.4;0.0;0.0
77;2021-01-27;1493;43;0;21993;282;0;1.5;0.0;0.0
77;2021-01-28;1835;131;0;23828;413;0;1.7;0.0;0.0
77;2021-01-29;1366;177;0;25194;590;0;1.8;0.0;0.0
77;2021-01-30;266;5;0;25460;595;0;1.8;0.0;0.0
77;2021-01-31;5;2;0;25465;597;0;1.8;0.0;0.0
77;2021-02-01;687;226;0;26152;823;0;1.8;0.1;0.0
77;2021-02-02;878;342;0;27030;1165;0;1.9;0.1;0.0
77;2021-02-03;864;596;0;27894;1761;0;2.0;0.1;0.0
77;2021-02-04;867;891;0;28761;2652;0;2.0;0.2;0.0
77;2021-02-05;918;859;0;29679;3511;0;2.1;0.2;0.0
77;2021-02-06;201;102;0;29880;3613;0;2.1;0.3;0.0
77;2021-02-07;19;77;0;29899;3690;0;2.1;0.3;0.0
77;2021-02-08;474;998;0;30373;4688;0;2.1;0.3;0.0
77;2021-02-09;719;1567;0;31092;6255;0;2.2;0.4;0.0
77;2021-02-10;1097;1945;0;32189;8200;0;2.3;0.6;0.0
77;2021-02-11;1185;1843;0;33374;10043;0;2.3;0.7;0.0
77;2021-02-12;1201;1272;0;34575;11315;0;2.4;0.8;0.0
77;2021-02-13;230;181;0;34805;11496;0;2.4;0.8;0.0
77;2021-02-14;16;55;0;34821;11551;0;2.4;0.8;0.0
77;2021-02-15;605;1074;0;35426;12625;0;2.5;0.9;0.0
77;2021-02-16;691;1685;0;36117;14310;0;2.5;1.0;0.0
77;2021-02-17;662;1381;0;36779;15691;0;2.6;1.1;0.0
77;2021-02-18;999;1692;0;37778;17383;0;2.7;1.2;0.0
77;2021-02-19;933;1179;0;38711;18562;0;2.7;1.3;0.0
77;2021-02-20;97;258;0;38808;18820;0;2.7;1.3;0.0
77;2021-02-21;12;36;0;38820;18856;0;2.7;1.3;0.0
77;2021-02-22;388;899;0;39208;19755;0;2.8;1.4;0.0
77;2021-02-23;474;1193;0;39682;20948;0;2.8;1.5;0.0
77;2021-02-24;616;1046;0;40298;21994;0;2.8;1.5;0.0
77;2021-02-25;914;1171;0;41212;23165;0;2.9;1.6;0.0
77;2021-02-26;1000;935;0;42212;24100;0;3.0;1.7;0.0
77;2021-02-27;533;227;0;42745;24327;0;3.0;1.7;0.0
77;2021-02-28;36;15;0;42781;24342;0;3.0;1.7;0.0
77;2021-03-01;811;797;0;43592;25139;0;3.1;1.8;0.0
77;2021-03-02;1228;1028;0;44820;26167;0;3.1;1.8;0.0
77;2021-03-03;2099;1222;0;46919;27389;0;3.3;1.9;0.0
77;2021-03-04;3086;1246;0;50005;28635;0;3.5;2.0;0.0
77;2021-03-05;3767;1074;0;53772;29709;0;3.8;2.1;0.0
77;2021-03-06;5019;299;0;58791;30008;0;4.1;2.1;0.0
77;2021-03-07;3456;183;0;62247;30191;0;4.4;2.1;0.0
77;2021-03-08;1508;607;0;63755;30798;0;4.5;2.2;0.0
77;2021-03-09;2746;729;0;66501;31527;0;4.7;2.2;0.0
77;2021-03-10;2731;703;0;69232;32230;0;4.9;2.3;0.0
77;2021-03-11;3963;879;0;73195;33109;0;5.1;2.3;0.0
77;2021-03-12;4366;822;0;77561;33931;0;5.4;2.4;0.0
77;2021-03-13;4635;251;0;82196;34182;0;5.8;2.4;0.0
77;2021-03-14;2112;115;0;84308;34297;0;5.9;2.4;0.0
77;2021-03-15;2788;384;0;87096;34681;0;6.1;2.4;0.0
77;2021-03-16;2674;437;0;89770;35118;0;6.3;2.5;0.0
77;2021-03-17;2646;463;0;92416;35581;0;6.5;2.5;0.0
77;2021-03-18;3236;457;0;95652;36038;0;6.7;2.5;0.0
77;2021-03-19;3582;483;0;99234;36521;0;7.0;2.6;0.0
77;2021-03-20;2393;125;0;101627;36646;0;7.1;2.6;0.0
77;2021-03-21;453;62;0;102080;36708;0;7.2;2.6;0.0
77;2021-03-22;3256;465;0;105336;37173;0;7.4;2.6;0.0
77;2021-03-23;4888;654;0;110224;37827;0;7.7;2.7;0.0
77;2021-03-24;4623;650;0;114847;38477;0;8.1;2.7;0.0
77;2021-03-25;6425;549;0;121272;39026;0;8.5;2.7;0.0
77;2021-03-26;6821;560;0;128093;39586;0;9.0;2.8;0.0
77;2021-03-27;3997;208;0;132090;39794;0;9.3;2.8;0.0
77;2021-03-28;1879;72;0;133969;39866;0;9.4;2.8;0.0
77;2021-03-29;3293;842;0;137262;40708;0;9.6;2.9;0.0
77;2021-03-30;4700;1319;0;141962;42027;0;10.0;3.0;0.0
77;2021-03-31;4374;1288;0;146336;43315;0;10.3;3.0;0.0
77;2021-04-01;5068;2047;0;151404;45362;0;10.6;3.2;0.0
77;2021-04-02;4739;2209;0;156143;47571;0;11.0;3.3;0.0
77;2021-04-03;2267;2320;0;158410;49891;0;11.1;3.5;0.0
77;2021-04-04;742;1424;0;159152;51315;0;11.2;3.6;0.0
77;2021-04-05;626;184;0;159778;51499;0;11.2;3.6;0.0
77;2021-04-06;3452;2075;0;163230;53574;0;11.5;3.8;0.0
77;2021-04-07;4235;2260;0;167465;55834;0;11.8;3.9;0.0
77;2021-04-08;5652;2522;0;173117;58356;0;12.2;4.1;0.0
77;2021-04-09;5997;2208;0;179114;60564;0;12.6;4.3;0.0
77;2021-04-10;3737;2811;0;182851;63375;0;12.8;4.5;0.0
77;2021-04-11;941;838;0;183792;64213;0;12.9;4.5;0.0
77;2021-04-12;3010;2047;0;186802;66260;0;13.1;4.7;0.0
77;2021-04-13;4339;3071;0;191141;69331;0;13.4;4.9;0.0
77;2021-04-14;3418;2713;0;194559;72044;0;13.7;5.1;0.0
77;2021-04-15;4468;3294;0;199027;75338;0;14.0;5.3;0.0
77;2021-04-16;4477;2857;0;203504;78195;0;14.3;5.5;0.0
77;2021-04-17;2214;892;0;205718;79087;0;14.5;5.6;0.0
77;2021-04-18;403;213;0;206121;79300;0;14.5;5.6;0.0
77;2021-04-19;2877;2673;0;208998;81973;0;14.7;5.8;0.0
77;2021-04-20;3270;3640;0;212268;85613;0;14.9;6.0;0.0
77;2021-04-21;3091;3696;0;215359;89309;0;15.1;6.3;0.0
77;2021-04-22;4082;4246;0;219441;93555;0;15.4;6.6;0.0
77;2021-04-23;4615;4062;0;224056;97617;0;15.7;6.9;0.0
77;2021-04-24;6058;3035;0;230114;100652;0;16.2;7.1;0.0
77;2021-04-25;4620;1420;0;234734;102072;0;16.5;7.2;0.0
77;2021-04-26;4131;2545;0;238865;104617;0;16.8;7.3;0.0
77;2021-04-27;5169;3104;0;244034;107721;0;17.1;7.6;0.0
77;2021-04-28;5290;3170;0;249324;110891;0;17.5;7.8;0.0
77;2021-04-29;6000;3714;0;255324;114605;0;17.9;8.1;0.0
77;2021-04-30;6504;3946;0;261828;118551;0;18.4;8.3;0.0
77;2021-05-01;3635;933;0;265463;119484;0;18.6;8.4;0.0
77;2021-05-02;3499;661;0;268962;120145;0;18.9;8.4;0.0
77;2021-05-03;7144;3360;0;276106;123505;0;19.4;8.7;0.0
77;2021-05-04;7602;3800;0;283708;127305;0;19.9;8.9;0.0
77;2021-05-05;7115;3846;0;290823;131151;0;20.4;9.2;0.0
77;2021-05-06;8188;4345;0;299011;135496;0;21.0;9.5;0.0
77;2021-05-07;9247;4241;0;308258;139737;0;21.7;9.8;0.0
77;2021-05-08;6845;1514;0;315103;141251;0;22.1;9.9;0.0
77;2021-05-09;5315;1044;0;320418;142295;0;22.5;10.0;0.0
77;2021-05-10;8744;3074;0;329162;145369;0;23.1;10.2;0.0
77;2021-05-11;10096;3788;0;339258;149157;0;23.8;10.5;0.0
77;2021-05-12;9514;3034;0;348772;152191;0;24.5;10.7;0.0
77;2021-05-13;9534;1152;0;358306;153343;0;25.2;10.8;0.0
77;2021-05-14;10776;2158;0;369082;155501;0;25.9;10.9;0.0
77;2021-05-15;9257;1616;0;378339;157117;0;26.6;11.0;0.0
77;2021-05-16;5051;579;0;383390;157696;0;26.9;11.1;0.0
77;2021-05-17;10096;1783;0;393486;159479;0;27.6;11.2;0.0
77;2021-05-18;11625;2139;0;405111;161618;0;28.5;11.4;0.0
77;2021-05-19;10635;2188;0;415746;163806;0;29.2;11.5;0.0
77;2021-05-20;11952;2826;0;427698;166632;0;30.0;11.7;0.0
77;2021-05-21;11434;3031;0;439132;169663;0;30.8;11.9;0.0
77;2021-05-22;9512;1851;0;448644;171514;0;31.5;12.0;0.0
77;2021-05-23;6325;834;0;454969;172348;0;32.0;12.1;0.0
77;2021-05-24;6731;873;0;461700;173221;0;32.4;12.2;0.0
77;2021-05-25;8270;3410;0;469970;176631;0;33.0;12.4;0.0
77;2021-05-26;7862;3388;0;477832;180019;0;33.6;12.6;0.0
77;2021-05-27;8031;4549;0;485863;184568;0;34.1;13.0;0.0
77;2021-05-28;8063;4717;0;493926;189285;0;34.7;13.3;0.0
77;2021-05-29;7347;2889;0;501273;192174;0;35.2;13.5;0.0
77;2021-05-30;4201;1059;0;505474;193233;0;35.5;13.6;0.0
77;2021-05-31;7819;4474;0;513293;197707;0;36.1;13.9;0.0
77;2021-06-01;9222;5185;0;522515;202892;0;36.7;14.3;0.0
77;2021-06-02;8699;4620;0;531214;207512;0;37.3;14.6;0.0
77;2021-06-03;8697;6177;0;539911;213689;0;37.9;15.0;0.0
77;2021-06-04;9072;6555;0;548983;220244;0;38.6;15.5;0.0
77;2021-06-05;6415;5977;0;555398;226221;0;39.0;15.9;0.0
77;2021-06-06;4369;3225;0;559767;229446;0;39.3;16.1;0.0
77;2021-06-07;6314;5535;0;566081;234981;0;39.8;16.5;0.0
77;2021-06-08;5938;6244;0;572019;241225;0;40.2;16.9;0.0
77;2021-06-09;5344;6133;0;577363;247358;0;40.6;17.4;0.0
77;2021-06-10;5374;7448;0;582737;254806;0;40.9;17.9;0.0
77;2021-06-11;5997;7280;0;588734;262086;0;41.4;18.4;0.0
77;2021-06-12;6214;5794;0;594948;267880;0;41.8;18.8;0.0
77;2021-06-13;3267;3253;0;598215;271133;0;42.0;19.0;0.0
77;2021-06-14;3608;9135;0;601823;280268;0;42.3;19.7;0.0
77;2021-06-15;4544;9740;0;606367;290008;0;42.6;20.4;0.0
77;2021-06-16;5046;9257;0;611413;299265;0;42.9;21.0;0.0
77;2021-06-17;4832;9884;0;616245;309149;0;43.3;21.7;0.0
77;2021-06-18;4755;11026;0;621000;320175;0;43.6;22.5;0.0
77;2021-06-19;5113;8059;0;626113;328234;0;44.0;23.1;0.0
77;2021-06-20;2169;4297;0;628282;332531;0;44.1;23.4;0.0
77;2021-06-21;3336;10105;0;631618;342636;0;44.4;24.1;0.0
77;2021-06-22;3885;11784;0;635503;354420;0;44.6;24.9;0.0
77;2021-06-23;3746;10622;0;639249;365042;0;44.9;25.6;0.0
77;2021-06-24;3765;11333;0;643014;376375;0;45.2;26.4;0.0
77;2021-06-25;3785;11485;0;646799;387860;0;45.4;27.2;0.0
77;2021-06-26;3910;10571;0;650709;398431;0;45.7;28.0;0.0
77;2021-06-27;2036;6113;0;652745;404544;0;45.9;28.4;0.0
77;2021-06-28;2887;10905;0;655632;415449;0;46.1;29.2;0.0
77;2021-06-29;3600;12620;0;659232;428069;0;46.3;30.1;0.0
77;2021-06-30;3559;11512;0;662791;439581;0;46.6;30.9;0.0
77;2021-07-01;3889;11606;0;666680;451187;0;46.8;31.7;0.0
77;2021-07-02;4153;12404;0;670833;463591;0;47.1;32.6;0.0
77;2021-07-03;3381;10713;0;674214;474304;0;47.4;33.3;0.0
77;2021-07-04;1976;6084;0;676190;480388;0;47.5;33.7;0.0
77;2021-07-05;3794;9656;0;679984;490044;0;47.8;34.4;0.0
77;2021-07-06;3989;9894;0;683973;499938;0;48.0;35.1;0.0
77;2021-07-07;4267;9464;2;688240;509402;2;48.3;35.8;0.0
77;2021-07-08;4455;9480;0;692695;518882;2;48.7;36.4;0.0
77;2021-07-09;5096;10878;0;697791;529760;2;49.0;37.2;0.0
77;2021-07-10;4082;9950;0;701873;539710;2;49.3;37.9;0.0
77;2021-07-11;2868;4921;0;704741;544631;2;49.5;38.3;0.0
77;2021-07-12;3647;10652;0;708388;555283;2;49.8;39.0;0.0
77;2021-07-13;6880;12183;0;715268;567466;2;50.2;39.9;0.0
77;2021-07-14;4172;6240;0;719440;573706;2;50.5;40.3;0.0
77;2021-07-15;8292;12437;0;727732;586143;2;51.1;41.2;0.0
77;2021-07-16;8897;10626;0;736629;596769;2;51.7;41.9;0.0
77;2021-07-17;6542;9532;0;743171;606301;2;52.2;42.6;0.0
77;2021-07-18;4109;5045;0;747280;611346;2;52.5;42.9;0.0
77;2021-07-19;7888;9349;0;755168;620695;2;53.0;43.6;0.0
77;2021-07-20;10297;8990;0;765465;629685;2;53.8;44.2;0.0
77;2021-07-21;10229;8358;0;775694;638043;2;54.5;44.8;0.0
77;2021-07-22;11216;8422;0;786910;646465;2;55.3;45.4;0.0
77;2021-07-23;10700;9151;0;797610;655616;2;56.0;46.1;0.0
77;2021-07-24;7593;8134;0;805203;663750;2;56.6;46.6;0.0
77;2021-07-25;5348;3902;0;810551;667652;2;56.9;46.9;0.0
77;2021-07-26;9131;6585;0;819682;674237;2;57.6;47.4;0.0
77;2021-07-27;10913;6599;0;830595;680836;2;58.3;47.8;0.0
77;2021-07-28;9926;7052;0;840521;687888;2;59.0;48.3;0.0
77;2021-07-29;9807;6163;0;850328;694051;2;59.7;48.8;0.0
77;2021-07-30;9880;6963;0;860208;701014;2;60.4;49.2;0.0
77;2021-07-31;7003;6659;0;867211;707673;2;60.9;49.7;0.0
77;2021-08-01;2864;1433;0;870075;709106;2;61.1;49.8;0.0
77;2021-08-02;7380;6149;0;877455;715255;2;61.6;50.2;0.0
77;2021-08-03;6359;5437;0;883814;720692;2;62.1;50.6;0.0
77;2021-08-04;5405;5275;0;889219;725967;2;62.5;51.0;0.0
77;2021-08-05;3927;4076;0;893146;730043;2;62.7;51.3;0.0
77;2021-08-06;6229;6119;0;899375;736162;2;63.2;51.7;0.0
77;2021-08-07;5248;6988;0;904623;743150;2;63.5;52.2;0.0
77;2021-08-08;1939;2137;0;906562;745287;2;63.7;52.4;0.0
77;2021-08-09;5377;7414;0;911939;752701;2;64.1;52.9;0.0
77;2021-08-10;3529;5115;0;915468;757816;2;64.3;53.2;0.0
77;2021-08-11;3618;7187;0;919086;765003;2;64.6;53.7;0.0
77;2021-08-12;3037;4966;0;922123;769969;2;64.8;54.1;0.0
77;2021-08-13;3285;6014;0;925408;775983;2;65.0;54.5;0.0
77;2021-08-14;3013;7524;0;928421;783507;2;65.2;55.0;0.0
77;2021-08-15;819;942;0;929240;784449;2;65.3;55.1;0.0
77;2021-08-16;2813;7822;0;932053;792271;2;65.5;55.7;0.0
77;2021-08-17;3303;8023;0;935356;800294;2;65.7;56.2;0.0
77;2021-08-18;2982;7299;0;938338;807593;2;65.9;56.7;0.0
77;2021-08-19;2946;6150;0;941284;813743;2;66.1;57.2;0.0
77;2021-08-20;2972;6639;0;944256;820382;2;66.3;57.6;0.0
77;2021-08-21;2695;7324;0;946951;827706;2;66.5;58.1;0.0
77;2021-08-22;1614;4855;0;948565;832561;2;66.6;58.5;0.0
77;2021-08-23;2585;9609;0;951150;842170;2;66.8;59.2;0.0
77;2021-08-24;3196;9320;0;954346;851490;2;67.0;59.8;0.0
77;2021-08-25;2723;6933;0;957069;858423;2;67.2;60.3;0.0
77;2021-08-26;2727;6578;0;959796;865001;2;67.4;60.8;0.0
77;2021-08-27;2902;7541;1;962698;872542;3;67.6;61.3;0.0
77;2021-08-28;2114;7341;0;964812;879883;3;67.8;61.8;0.0
77;2021-08-29;1439;4721;0;966251;884604;3;67.9;62.1;0.0
77;2021-08-30;2695;8265;112;968946;892869;115;68.1;62.7;0.0
77;2021-08-31;2916;6078;153;971862;898947;268;68.3;63.1;0.0
77;2021-09-01;2725;4255;346;974587;903202;614;68.5;63.4;0.0
77;2021-09-02;1921;3252;372;976508;906454;986;68.6;63.7;0.1
77;2021-09-03;2276;4595;470;978784;911049;1456;68.8;64.0;0.1
77;2021-09-04;2521;5785;201;981305;916834;1657;68.9;64.4;0.1
77;2021-09-05;873;1443;183;982178;918277;1840;69.0;64.5;0.1
77;2021-09-06;1288;2505;468;983466;920782;2308;69.1;64.7;0.2
77;2021-09-07;1152;2510;363;984618;923292;2671;69.2;64.9;0.2
77;2021-09-08;1847;3156;528;986465;926448;3199;69.3;65.1;0.2
77;2021-09-09;1142;2252;459;987607;928700;3658;69.4;65.2;0.3
77;2021-09-10;1438;2633;412;989045;931333;4070;69.5;65.4;0.3
77;2021-09-11;1968;5334;329;991013;936667;4399;69.6;65.8;0.3
77;2021-09-12;548;1377;72;991561;938044;4471;69.7;65.9;0.3
77;2021-09-13;1203;2027;662;992764;940071;5133;69.7;66.0;0.4
77;2021-09-14;1214;2012;647;993978;942083;5780;69.8;66.2;0.4
77;2021-09-15;1310;2671;897;995288;944754;6677;69.9;66.4;0.5
77;2021-09-16;1071;1802;979;996359;946556;7656;70.0;66.5;0.5
77;2021-09-17;1318;2337;682;997677;948893;8338;70.1;66.7;0.6
77;2021-09-18;1346;3743;330;999023;952636;8668;70.2;66.9;0.6
77;2021-09-19;254;1178;87;999277;953814;8755;70.2;67.0;0.6
77;2021-09-20;942;1838;712;1000219;955652;9467;70.3;67.1;0.7
77;2021-09-21;896;1667;945;1001115;957319;10412;70.3;67.2;0.7
77;2021-09-22;882;2689;935;1001997;960008;11347;70.4;67.4;0.8
77;2021-09-23;636;1554;662;1002633;961562;12009;70.4;67.5;0.8
77;2021-09-24;887;1995;772;1003520;963557;12781;70.5;67.7;0.9
77;2021-09-25;1021;3912;519;1004541;967469;13300;70.6;68.0;0.9
77;2021-09-26;252;866;121;1004793;968335;13421;70.6;68.0;0.9
77;2021-09-27;747;1435;771;1005540;969770;14192;70.6;68.1;1.0
77;2021-09-28;814;1060;577;1006354;970830;14769;70.7;68.2;1.0
77;2021-09-29;1018;1874;1032;1007372;972704;15801;70.8;68.3;1.1
77;2021-09-30;699;1092;652;1008071;973796;16453;70.8;68.4;1.2
77;2021-10-01;1231;1300;760;1009302;975096;17213;70.9;68.5;1.2
77;2021-10-02;1184;2197;610;1010486;977293;17823;71.0;68.6;1.3
77;2021-10-03;182;504;92;1010668;977797;17915;71.0;68.7;1.3
77;2021-10-04;663;932;869;1011331;978729;18784;71.0;68.7;1.3
77;2021-10-05;514;937;743;1011845;979666;19527;71.1;68.8;1.4
77;2021-10-06;707;1417;968;1012552;981083;20495;71.1;68.9;1.4
77;2021-10-07;518;876;830;1013070;981959;21325;71.2;69.0;1.5
77;2021-10-08;856;1408;1103;1013926;983367;22428;71.2;69.1;1.6
77;2021-10-09;932;1967;987;1014858;985334;23415;71.3;69.2;1.6
77;2021-10-10;102;156;43;1014960;985490;23458;71.3;69.2;1.6
77;2021-10-11;719;991;1168;1015679;986481;24626;71.3;69.3;1.7
77;2021-10-12;598;996;1380;1016277;987477;26006;71.4;69.4;1.8
77;2021-10-13;829;1084;1487;1017106;988561;27493;71.4;69.4;1.9
77;2021-10-14;513;832;1156;1017619;989393;28649;71.5;69.5;2.0
77;2021-10-15;769;1204;1440;1018388;990597;30089;71.5;69.6;2.1
77;2021-10-16;915;1301;951;1019303;991898;31040;71.6;69.7;2.2
77;2021-10-17;81;123;54;1019384;992021;31094;71.6;69.7;2.2
77;2021-10-18;584;861;1421;1019968;992882;32515;71.6;69.7;2.3
77;2021-10-19;457;895;1160;1020425;993777;33675;71.7;69.8;2.4
77;2021-10-20;625;1137;1820;1021050;994914;35495;71.7;69.9;2.5
77;2021-10-21;416;683;1371;1021466;995597;36866;71.8;69.9;2.6
77;2021-10-22;671;1105;2038;1022137;996702;38904;71.8;70.0;2.7
77;2021-10-23;801;1247;1400;1022938;997949;40304;71.9;70.1;2.8
77;2021-10-24;39;100;39;1022977;998049;40343;71.9;70.1;2.8
77;2021-10-25;481;661;1411;1023458;998710;41754;71.9;70.2;2.9
77;2021-10-26;348;444;1041;1023806;999154;42795;71.9;70.2;3.0
77;2021-10-27;496;700;2143;1024302;999854;44938;72.0;70.2;3.2
77;2021-10-28;376;556;1294;1024678;1000410;46232;72.0;70.3;3.2
77;2021-10-29;553;787;1752;1025231;1001197;47984;72.0;70.3;3.4
77;2021-10-30;570;901;1393;1025801;1002098;49377;72.1;70.4;3.5
77;2021-10-31;42;89;30;1025843;1002187;49407;72.1;70.4;3.5
77;2021-11-01;169;125;213;1026012;1002312;49620;72.1;70.4;3.5
77;2021-11-02;356;585;1261;1026368;1002897;50881;72.1;70.4;3.6
77;2021-11-03;487;787;1899;1026855;1003684;52780;72.1;70.5;3.7
77;2021-11-04;342;578;1708;1027197;1004262;54488;72.2;70.5;3.8
77;2021-11-05;545;696;2129;1027742;1004958;56617;72.2;70.6;4.0
77;2021-11-06;628;1098;1748;1028370;1006056;58365;72.2;70.7;4.1
77;2021-11-07;32;73;33;1028402;1006129;58398;72.2;70.7;4.1
77;2021-11-08;396;630;2548;1028798;1006759;60946;72.3;70.7;4.3
77;2021-11-09;302;502;2118;1029100;1007261;63064;72.3;70.8;4.4
77;2021-11-10;510;731;3101;1029610;1007992;66165;72.3;70.8;4.6
77;2021-11-11;61;111;393;1029671;1008103;66558;72.3;70.8;4.7
77;2021-11-12;543;724;3104;1030214;1008827;69662;72.4;70.9;4.9
77;2021-11-13;658;1005;2214;1030872;1009832;71876;72.4;70.9;5.0
77;2021-11-14;32;79;120;1030904;1009911;71996;72.4;70.9;5.1
77;2021-11-15;352;461;2564;1031256;1010372;74560;72.4;71.0;5.2
77;2021-11-16;377;432;2977;1031633;1010804;77537;72.5;71.0;5.4
77;2021-11-17;455;627;2707;1032088;1011431;80244;72.5;71.0;5.6
77;2021-11-18;355;463;2970;1032443;1011894;83214;72.5;71.1;5.8
77;2021-11-19;548;605;3456;1032991;1012499;86670;72.6;71.1;6.1
77;2021-11-20;833;1096;3078;1033824;1013595;89748;72.6;71.2;6.3
77;2021-11-21;54;88;306;1033878;1013683;90054;72.6;71.2;6.3
77;2021-11-22;444;482;3212;1034322;1014165;93266;72.7;71.2;6.6
77;2021-11-23;317;400;2593;1034639;1014565;95859;72.7;71.3;6.7
77;2021-11-24;519;694;3637;1035158;1015259;99496;72.7;71.3;7.0
77;2021-11-25;387;444;3707;1035545;1015703;103203;72.7;71.3;7.2
77;2021-11-26;570;624;6429;1036115;1016327;109632;72.8;71.4;7.7
77;2021-11-27;702;868;6184;1036817;1017195;115816;72.8;71.5;8.1
77;2021-11-28;64;98;764;1036881;1017293;116580;72.8;71.5;8.2
77;2021-11-29;282;401;6266;1037163;1017694;122846;72.9;71.5;8.6
77;2021-11-30;356;453;8264;1037519;1018147;131110;72.9;71.5;9.2
77;2021-12-01;395;575;9083;1037914;1018722;140193;72.9;71.6;9.8
77;2021-12-02;323;393;10121;1038237;1019115;150314;72.9;71.6;10.6
77;2021-12-03;342;527;11001;1038579;1019642;161315;73.0;71.6;11.3
77;2021-12-04;476;792;8969;1039055;1020434;170284;73.0;71.7;12.0
77;2021-12-05;92;114;2130;1039147;1020548;172414;73.0;71.7;12.1
77;2021-12-06;318;508;10627;1039465;1021056;183041;73.0;71.7;12.9
77;2021-12-07;381;492;14276;1039846;1021548;197317;73.0;71.8;13.9
77;2021-12-08;462;572;14115;1040308;1022120;211432;73.1;71.8;14.9
77;2021-12-09;414;506;15303;1040722;1022626;226735;73.1;71.8;15.9
77;2021-12-10;423;649;17038;1041145;1023275;243773;73.1;71.9;17.1
77;2021-12-11;503;791;14865;1041648;1024066;258638;73.2;71.9;18.2
77;2021-12-12;240;214;7460;1041888;1024280;266098;73.2;71.9;18.7
77;2021-12-13;339;502;12749;1042227;1024782;278847;73.2;72.0;19.6
77;2021-12-14;402;500;15564;1042629;1025282;294411;73.2;72.0;20.7
77;2021-12-15;462;555;14678;1043091;1025837;309089;73.3;72.1;21.7
77;2021-12-16;433;531;15945;1043524;1026368;325034;73.3;72.1;22.8
77;2021-12-17;467;704;17130;1043991;1027072;342164;73.3;72.1;24.0
77;2021-12-18;644;866;15161;1044635;1027938;357325;73.4;72.2;25.1
77;2021-12-19;242;180;5502;1044877;1028118;362827;73.4;72.2;25.5
77;2021-12-20;542;552;12854;1045419;1028670;375681;73.4;72.3;26.4
77;2021-12-21;694;679;15114;1046113;1029349;390795;73.5;72.3;27.5
77;2021-12-22;638;681;11900;1046751;1030030;402695;73.5;72.4;28.3
77;2021-12-23;619;477;9034;1047370;1030507;411729;73.6;72.4;28.9
77;2021-12-24;137;198;1964;1047507;1030705;413693;73.6;72.4;29.1
77;2021-12-25;3;27;157;1047510;1030732;413850;73.6;72.4;29.1
77;2021-12-26;148;120;1551;1047658;1030852;415401;73.6;72.4;29.2
78;2020-12-27;4;0;0;4;0;0;0.0;0.0;0.0
78;2020-12-28;0;0;0;4;0;0;0.0;0.0;0.0
78;2020-12-29;2;0;0;6;0;0;0.0;0.0;0.0
78;2020-12-30;6;0;0;12;0;0;0.0;0.0;0.0
78;2020-12-31;12;0;0;24;0;0;0.0;0.0;0.0
78;2021-01-01;8;0;0;32;0;0;0.0;0.0;0.0
78;2021-01-02;1;0;0;33;0;0;0.0;0.0;0.0
78;2021-01-03;5;0;0;38;0;0;0.0;0.0;0.0
78;2021-01-04;122;3;0;160;3;0;0.0;0.0;0.0
78;2021-01-05;221;1;0;381;4;0;0.0;0.0;0.0
78;2021-01-06;262;5;0;643;9;0;0.0;0.0;0.0
78;2021-01-07;517;3;0;1160;12;0;0.1;0.0;0.0
78;2021-01-08;704;5;0;1864;17;0;0.1;0.0;0.0
78;2021-01-09;78;1;0;1942;18;0;0.1;0.0;0.0
78;2021-01-10;49;1;0;1991;19;0;0.1;0.0;0.0
78;2021-01-11;909;8;0;2900;27;0;0.2;0.0;0.0
78;2021-01-12;1074;7;0;3974;34;0;0.3;0.0;0.0
78;2021-01-13;964;12;0;4938;46;0;0.3;0.0;0.0
78;2021-01-14;1080;19;0;6018;65;0;0.4;0.0;0.0
78;2021-01-15;1025;9;0;7043;74;0;0.5;0.0;0.0
78;2021-01-16;108;2;0;7151;76;0;0.5;0.0;0.0
78;2021-01-17;80;0;0;7231;76;0;0.5;0.0;0.0
78;2021-01-18;1551;13;0;8782;89;0;0.6;0.0;0.0
78;2021-01-19;2024;23;0;10806;112;0;0.7;0.0;0.0
78;2021-01-20;2046;17;0;12852;129;0;0.9;0.0;0.0
78;2021-01-21;3491;27;0;16343;156;0;1.1;0.0;0.0
78;2021-01-22;2526;25;0;18869;181;0;1.3;0.0;0.0
78;2021-01-23;454;0;0;19323;181;0;1.3;0.0;0.0
78;2021-01-24;74;2;0;19397;183;0;1.3;0.0;0.0
78;2021-01-25;1152;33;0;20549;216;0;1.4;0.0;0.0
78;2021-01-26;1738;39;0;22287;255;0;1.5;0.0;0.0
78;2021-01-27;2321;73;0;24608;328;0;1.7;0.0;0.0
78;2021-01-28;2868;137;0;27476;465;0;1.9;0.0;0.0
78;2021-01-29;1869;103;0;29345;568;0;2.0;0.0;0.0
78;2021-01-30;359;9;0;29704;577;0;2.1;0.0;0.0
78;2021-01-31;33;4;0;29737;581;0;2.1;0.0;0.0
78;2021-02-01;977;262;0;30714;843;0;2.1;0.1;0.0
78;2021-02-02;1191;372;0;31905;1215;0;2.2;0.1;0.0
78;2021-02-03;1202;324;0;33107;1539;0;2.3;0.1;0.0
78;2021-02-04;1375;526;0;34482;2065;0;2.4;0.1;0.0
78;2021-02-05;1346;581;0;35828;2646;0;2.5;0.2;0.0
78;2021-02-06;302;58;0;36130;2704;0;2.5;0.2;0.0
78;2021-02-07;104;34;0;36234;2738;0;2.5;0.2;0.0
78;2021-02-08;841;735;0;37075;3473;0;2.6;0.2;0.0
78;2021-02-09;1261;1193;0;38336;4666;0;2.6;0.3;0.0
78;2021-02-10;1417;1365;0;39753;6031;0;2.7;0.4;0.0
78;2021-02-11;1959;2090;0;41712;8121;0;2.9;0.6;0.0
78;2021-02-12;1953;1480;0;43665;9601;0;3.0;0.7;0.0
78;2021-02-13;196;154;0;43861;9755;0;3.0;0.7;0.0
78;2021-02-14;44;67;0;43905;9822;0;3.0;0.7;0.0
78;2021-02-15;517;1627;0;44422;11449;0;3.1;0.8;0.0
78;2021-02-16;681;1985;0;45103;13434;0;3.1;0.9;0.0
78;2021-02-17;727;2395;0;45830;15829;0;3.2;1.1;0.0
78;2021-02-18;1159;2635;0;46989;18464;0;3.2;1.3;0.0
78;2021-02-19;1016;2010;0;48005;20474;0;3.3;1.4;0.0
78;2021-02-20;174;275;0;48179;20749;0;3.3;1.4;0.0
78;2021-02-21;16;54;0;48195;20803;0;3.3;1.4;0.0
78;2021-02-22;606;1296;0;48801;22099;0;3.4;1.5;0.0
78;2021-02-23;699;1331;0;49500;23430;0;3.4;1.6;0.0
78;2021-02-24;736;1502;0;50236;24932;0;3.5;1.7;0.0
78;2021-02-25;1067;1609;0;51303;26541;0;3.5;1.8;0.0
78;2021-02-26;1422;1475;0;52725;28016;0;3.6;1.9;0.0
78;2021-02-27;827;274;0;53552;28290;0;3.7;2.0;0.0
78;2021-02-28;117;48;0;53669;28338;0;3.7;2.0;0.0
78;2021-03-01;1159;1107;0;54828;29445;0;3.8;2.0;0.0
78;2021-03-02;2036;1275;0;56864;30720;0;3.9;2.1;0.0
78;2021-03-03;2286;1444;0;59150;32164;0;4.1;2.2;0.0
78;2021-03-04;3569;1822;0;62719;33986;0;4.3;2.3;0.0
78;2021-03-05;4091;1869;0;66810;35855;0;4.6;2.5;0.0
78;2021-03-06;7018;384;0;73828;36239;0;5.1;2.5;0.0
78;2021-03-07;4421;221;0;78249;36460;0;5.4;2.5;0.0
78;2021-03-08;1975;930;0;80224;37390;0;5.5;2.6;0.0
78;2021-03-09;3624;1088;0;83848;38478;0;5.8;2.7;0.0
78;2021-03-10;3706;1293;0;87554;39771;0;6.0;2.7;0.0
78;2021-03-11;4976;1537;0;92530;41308;0;6.4;2.9;0.0
78;2021-03-12;6188;1591;0;98718;42899;0;6.8;3.0;0.0
78;2021-03-13;5419;316;0;104137;43215;0;7.2;3.0;0.0
78;2021-03-14;1522;73;0;105659;43288;0;7.3;3.0;0.0
78;2021-03-15;4102;381;0;109761;43669;0;7.6;3.0;0.0
78;2021-03-16;3172;616;0;112933;44285;0;7.8;3.1;0.0
78;2021-03-17;3480;545;0;116413;44830;0;8.0;3.1;0.0
78;2021-03-18;4579;550;0;120992;45380;0;8.4;3.1;0.0
78;2021-03-19;6153;618;0;127145;45998;0;8.8;3.2;0.0
78;2021-03-20;2803;160;0;129948;46158;0;9.0;3.2;0.0
78;2021-03-21;310;39;0;130258;46197;0;9.0;3.2;0.0
78;2021-03-22;3893;509;0;134151;46706;0;9.3;3.2;0.0
78;2021-03-23;5787;699;0;139938;47405;0;9.7;3.3;0.0
78;2021-03-24;5408;728;0;145346;48133;0;10.0;3.3;0.0
78;2021-03-25;7750;776;0;153096;48909;0;10.6;3.4;0.0
78;2021-03-26;7759;921;0;160855;49830;0;11.1;3.4;0.0
78;2021-03-27;4506;336;0;165361;50166;0;11.4;3.5;0.0
78;2021-03-28;2120;81;0;167481;50247;0;11.6;3.5;0.0
78;2021-03-29;4259;1001;0;171740;51248;0;11.9;3.5;0.0
78;2021-03-30;5882;1363;0;177622;52611;0;12.3;3.6;0.0
78;2021-03-31;5747;1693;0;183369;54304;0;12.7;3.7;0.0
78;2021-04-01;6358;2799;0;189727;57103;0;13.1;3.9;0.0
78;2021-04-02;5617;3278;0;195344;60381;0;13.5;4.2;0.0
78;2021-04-03;2411;3385;0;197755;63766;0;13.7;4.4;0.0
78;2021-04-04;465;345;0;198220;64111;0;13.7;4.4;0.0
78;2021-04-05;544;76;0;198764;64187;0;13.7;4.4;0.0
78;2021-04-06;3865;2822;0;202629;67009;0;14.0;4.6;0.0
78;2021-04-07;5065;3114;0;207694;70123;0;14.3;4.8;0.0
78;2021-04-08;6109;3212;0;213803;73335;0;14.8;5.1;0.0
78;2021-04-09;7531;3039;0;221334;76374;0;15.3;5.3;0.0
78;2021-04-10;4188;2464;0;225522;78838;0;15.6;5.4;0.0
78;2021-04-11;583;851;0;226105;79689;0;15.6;5.5;0.0
78;2021-04-12;3693;2767;0;229798;82456;0;15.9;5.7;0.0
78;2021-04-13;5628;3295;0;235426;85751;0;16.3;5.9;0.0
78;2021-04-14;5372;3845;0;240798;89596;0;16.6;6.2;0.0
78;2021-04-15;5208;4634;0;246006;94230;0;17.0;6.5;0.0
78;2021-04-16;6408;4618;0;252414;98848;0;17.4;6.8;0.0
78;2021-04-17;4027;1160;0;256441;100008;0;17.7;6.9;0.0
78;2021-04-18;549;159;0;256990;100167;0;17.7;6.9;0.0
78;2021-04-19;3524;3103;0;260514;103270;0;18.0;7.1;0.0
78;2021-04-20;5011;4126;0;265525;107396;0;18.3;7.4;0.0
78;2021-04-21;5261;3867;0;270786;111263;0;18.7;7.7;0.0
78;2021-04-22;5079;5121;0;275865;116384;0;19.0;8.0;0.0
78;2021-04-23;5788;5054;0;281653;121438;0;19.4;8.4;0.0
78;2021-04-24;5868;3165;0;287521;124603;0;19.8;8.6;0.0
78;2021-04-25;3301;1813;0;290822;126416;0;20.1;8.7;0.0
78;2021-04-26;4999;3629;0;295821;130045;0;20.4;9.0;0.0
78;2021-04-27;5827;4530;0;301648;134575;0;20.8;9.3;0.0
78;2021-04-28;6050;4907;0;307698;139482;0;21.2;9.6;0.0
78;2021-04-29;6943;4718;0;314641;144200;0;21.7;10.0;0.0
78;2021-04-30;8208;4813;0;322849;149013;0;22.3;10.3;0.0
78;2021-05-01;1246;449;0;324095;149462;0;22.4;10.3;0.0
78;2021-05-02;2032;308;0;326127;149770;0;22.5;10.3;0.0
78;2021-05-03;7311;2403;0;333438;152173;0;23.0;10.5;0.0
78;2021-05-04;6873;4375;0;340311;156548;0;23.5;10.8;0.0
78;2021-05-05;7806;5051;0;348117;161599;0;24.0;11.2;0.0
78;2021-05-06;7721;5553;0;355838;167152;0;24.6;11.5;0.0
78;2021-05-07;9430;5685;0;365268;172837;0;25.2;11.9;0.0
78;2021-05-08;4606;1773;0;369874;174610;0;25.5;12.1;0.0
78;2021-05-09;3682;655;0;373556;175265;0;25.8;12.1;0.0
78;2021-05-10;8879;4592;0;382435;179857;0;26.4;12.4;0.0
78;2021-05-11;10246;5598;0;392681;185455;0;27.1;12.8;0.0
78;2021-05-12;10916;4352;0;403597;189807;0;27.9;13.1;0.0
78;2021-05-13;9036;953;0;412633;190760;0;28.5;13.2;0.0
78;2021-05-14;11889;2747;0;424522;193507;0;29.3;13.4;0.0
78;2021-05-15;6947;2624;0;431469;196131;0;29.8;13.5;0.0
78;2021-05-16;4768;868;0;436237;196999;0;30.1;13.6;0.0
78;2021-05-17;9789;1716;0;446026;198715;0;30.8;13.7;0.0
78;2021-05-18;12024;2430;0;458050;201145;0;31.6;13.9;0.0
78;2021-05-19;13408;2739;0;471458;203884;0;32.5;14.1;0.0
78;2021-05-20;13748;3046;0;485206;206930;0;33.5;14.3;0.0
78;2021-05-21;14073;3188;0;499279;210118;0;34.5;14.5;0.0
78;2021-05-22;8867;1740;0;508146;211858;0;35.1;14.6;0.0
78;2021-05-23;4373;548;0;512519;212406;0;35.4;14.7;0.0
78;2021-05-24;5308;708;0;517827;213114;0;35.7;14.7;0.0
78;2021-05-25;10923;3181;0;528750;216295;0;36.5;14.9;0.0
78;2021-05-26;11313;4344;0;540063;220639;0;37.3;15.2;0.0
78;2021-05-27;12126;5229;0;552189;225868;0;38.1;15.6;0.0
78;2021-05-28;12306;6703;0;564495;232571;0;39.0;16.1;0.0
78;2021-05-29;5550;3661;0;570045;236232;0;39.4;16.3;0.0
78;2021-05-30;1204;550;0;571249;236782;0;39.4;16.3;0.0
78;2021-05-31;8886;5478;0;580135;242260;0;40.0;16.7;0.0
78;2021-06-01;11633;7147;0;591768;249407;0;40.9;17.2;0.0
78;2021-06-02;10496;6849;0;602264;256256;0;41.6;17.7;0.0
78;2021-06-03;11201;7496;0;613465;263752;0;42.3;18.2;0.0
78;2021-06-04;11491;8670;0;624956;272422;0;43.1;18.8;0.0
78;2021-06-05;7848;6956;0;632804;279378;0;43.7;19.3;0.0
78;2021-06-06;2879;2188;0;635683;281566;0;43.9;19.4;0.0
78;2021-06-07;9716;6924;0;645399;288490;0;44.6;19.9;0.0
78;2021-06-08;9594;7851;0;654993;296341;0;45.2;20.5;0.0
78;2021-06-09;8592;7716;0;663585;304057;0;45.8;21.0;0.0
78;2021-06-10;8301;8634;0;671886;312691;0;46.4;21.6;0.0
78;2021-06-11;8759;8999;0;680645;321690;0;47.0;22.2;0.0
78;2021-06-12;7764;4069;0;688409;325759;0;47.5;22.5;0.0
78;2021-06-13;1679;2824;0;690088;328583;0;47.6;22.7;0.0
78;2021-06-14;4503;10090;0;694591;338673;0;47.9;23.4;0.0
78;2021-06-15;6294;9514;0;700885;348187;0;48.4;24.0;0.0
78;2021-06-16;6192;9789;0;707077;357976;0;48.8;24.7;0.0
78;2021-06-17;6187;9819;0;713264;367795;0;49.2;25.4;0.0
78;2021-06-18;6836;11705;0;720100;379500;0;49.7;26.2;0.0
78;2021-06-19;5782;7015;0;725882;386515;0;50.1;26.7;0.0
78;2021-06-20;1003;3873;0;726885;390388;0;50.2;26.9;0.0
78;2021-06-21;4474;10834;0;731359;401222;0;50.5;27.7;0.0
78;2021-06-22;4098;12076;0;735457;413298;0;50.8;28.5;0.0
78;2021-06-23;4494;12250;0;739951;425548;0;51.1;29.4;0.0
78;2021-06-24;4491;11822;0;744442;437370;0;51.4;30.2;0.0
78;2021-06-25;4763;14945;0;749205;452315;0;51.7;31.2;0.0
78;2021-06-26;4711;10088;0;753916;462403;0;52.0;31.9;0.0
78;2021-06-27;1325;3577;0;755241;465980;0;52.1;32.2;0.0
78;2021-06-28;3744;12367;0;758985;478347;0;52.4;33.0;0.0
78;2021-06-29;3855;13167;0;762840;491514;0;52.7;33.9;0.0
78;2021-06-30;4514;14728;0;767354;506242;0;53.0;34.9;0.0
78;2021-07-01;4652;13995;0;772006;520237;0;53.3;35.9;0.0
78;2021-07-02;4804;15230;0;776810;535467;0;53.6;37.0;0.0
78;2021-07-03;3408;10872;0;780218;546339;0;53.9;37.7;0.0
78;2021-07-04;959;2726;0;781177;549065;0;53.9;37.9;0.0
78;2021-07-05;3847;10866;0;785024;559931;0;54.2;38.7;0.0
78;2021-07-06;3907;13373;0;788931;573304;0;54.5;39.6;0.0
78;2021-07-07;4490;12789;0;793421;586093;0;54.8;40.5;0.0
78;2021-07-08;4797;13039;0;798218;599132;0;55.1;41.4;0.0
78;2021-07-09;5409;13986;0;803627;613118;0;55.5;42.3;0.0
78;2021-07-10;3239;8488;0;806866;621606;0;55.7;42.9;0.0
78;2021-07-11;1126;2821;0;807992;624427;0;55.8;43.1;0.0
78;2021-07-12;4008;13782;0;812000;638209;0;56.1;44.1;0.0
78;2021-07-13;6453;14084;0;818453;652293;0;56.5;45.0;0.0
78;2021-07-14;4019;6117;0;822472;658410;0;56.8;45.5;0.0
78;2021-07-15;7413;14477;0;829885;672887;0;57.3;46.5;0.0
78;2021-07-16;8551;13196;0;838436;686083;0;57.9;47.4;0.0
78;2021-07-17;5650;6826;0;844086;692909;0;58.3;47.8;0.0
78;2021-07-18;1745;1206;0;845831;694115;0;58.4;47.9;0.0
78;2021-07-19;5841;12444;0;851672;706559;0;58.8;48.8;0.0
78;2021-07-20;7431;11936;0;859103;718495;0;59.3;49.6;0.0
78;2021-07-21;8191;11760;0;867294;730255;0;59.9;50.4;0.0
78;2021-07-22;8781;11266;0;876075;741521;0;60.5;51.2;0.0
78;2021-07-23;8792;11225;0;884867;752746;0;61.1;52.0;0.0
78;2021-07-24;4725;6319;0;889592;759065;0;61.4;52.4;0.0
78;2021-07-25;1918;1290;0;891510;760355;0;61.5;52.5;0.0
78;2021-07-26;7725;8607;0;899235;768962;0;62.1;53.1;0.0
78;2021-07-27;10375;8644;0;909610;777606;0;62.8;53.7;0.0
78;2021-07-28;10019;7806;0;919629;785412;0;63.5;54.2;0.0
78;2021-07-29;10345;7467;0;929974;792879;0;64.2;54.7;0.0
78;2021-07-30;9628;8803;0;939602;801682;0;64.9;55.3;0.0
78;2021-07-31;4325;3874;0;943927;805556;0;65.2;55.6;0.0
78;2021-08-01;1237;820;0;945164;806376;0;65.2;55.7;0.0
78;2021-08-02;4643;3817;0;949807;810193;0;65.6;55.9;0.0
78;2021-08-03;5968;6141;0;955775;816334;0;66.0;56.4;0.0
78;2021-08-04;6116;4772;0;961891;821106;0;66.4;56.7;0.0
78;2021-08-05;5591;4876;0;967482;825982;0;66.8;57.0;0.0
78;2021-08-06;5417;5847;0;972899;831829;0;67.2;57.4;0.0
78;2021-08-07;3458;4449;0;976357;836278;0;67.4;57.7;0.0
78;2021-08-08;842;838;0;977199;837116;0;67.5;57.8;0.0
78;2021-08-09;3302;3909;0;980501;841025;0;67.7;58.1;0.0
78;2021-08-10;4385;5654;0;984886;846679;0;68.0;58.4;0.0
78;2021-08-11;4133;5413;0;989019;852092;0;68.3;58.8;0.0
78;2021-08-12;3936;5681;0;992955;857773;0;68.5;59.2;0.0
78;2021-08-13;3664;4814;0;996619;862587;0;68.8;59.5;0.0
78;2021-08-14;2842;4118;0;999461;866705;0;69.0;59.8;0.0
78;2021-08-15;424;617;0;999885;867322;0;69.0;59.9;0.0
78;2021-08-16;1864;4918;0;1001749;872240;0;69.2;60.2;0.0
78;2021-08-17;3228;6399;0;1004977;878639;0;69.4;60.7;0.0
78;2021-08-18;3089;6032;0;1008066;884671;0;69.6;61.1;0.0
78;2021-08-19;2832;5469;0;1010898;890140;0;69.8;61.4;0.0
78;2021-08-20;2767;6150;0;1013665;896290;0;70.0;61.9;0.0
78;2021-08-21;2233;5007;0;1015898;901297;0;70.1;62.2;0.0
78;2021-08-22;244;732;0;1016142;902029;0;70.1;62.3;0.0
78;2021-08-23;2512;6277;0;1018654;908306;0;70.3;62.7;0.0
78;2021-08-24;3578;8220;0;1022232;916526;0;70.6;63.3;0.0
78;2021-08-25;3417;7926;0;1025649;924452;0;70.8;63.8;0.0
78;2021-08-26;3025;8515;0;1028674;932967;0;71.0;64.4;0.0
78;2021-08-27;2965;8617;0;1031639;941584;0;71.2;65.0;0.0
78;2021-08-28;2543;6216;0;1034182;947800;0;71.4;65.4;0.0
78;2021-08-29;362;705;0;1034544;948505;0;71.4;65.5;0.0
78;2021-08-30;2930;5947;109;1037474;954452;109;71.6;65.9;0.0
78;2021-08-31;3404;6443;189;1040878;960895;298;71.9;66.3;0.0
78;2021-09-01;3142;5963;509;1044020;966858;807;72.1;66.7;0.1
78;2021-09-02;2333;4808;572;1046353;971666;1379;72.2;67.1;0.1
78;2021-09-03;2374;5133;601;1048727;976799;1980;72.4;67.4;0.1
78;2021-09-04;2708;5144;339;1051435;981943;2319;72.6;67.8;0.2
78;2021-09-05;293;415;34;1051728;982358;2353;72.6;67.8;0.2
78;2021-09-06;1349;2815;594;1053077;985173;2947;72.7;68.0;0.2
78;2021-09-07;1465;3217;702;1054542;988390;3649;72.8;68.2;0.3
78;2021-09-08;1814;3687;607;1056356;992077;4256;72.9;68.5;0.3
78;2021-09-09;1148;2867;657;1057504;994944;4913;73.0;68.7;0.3
78;2021-09-10;1528;3330;624;1059032;998274;5537;73.1;68.9;0.4
78;2021-09-11;2220;4326;511;1061252;1002600;6048;73.3;69.2;0.4
78;2021-09-12;133;230;36;1061385;1002830;6084;73.3;69.2;0.4
78;2021-09-13;1101;2124;700;1062486;1004954;6784;73.3;69.4;0.5
78;2021-09-14;1209;2783;1162;1063695;1007737;7946;73.4;69.6;0.5
78;2021-09-15;1378;3789;1022;1065073;1011526;8968;73.5;69.8;0.6
78;2021-09-16;916;2111;1035;1065989;1013637;10003;73.6;70.0;0.7
78;2021-09-17;1262;2872;991;1067251;1016509;10994;73.7;70.2;0.8
78;2021-09-18;1491;4362;426;1068742;1020871;11420;73.8;70.5;0.8
78;2021-09-19;128;389;32;1068870;1021260;11452;73.8;70.5;0.8
78;2021-09-20;755;1675;853;1069625;1022935;12305;73.8;70.6;0.8
78;2021-09-21;834;1958;1180;1070459;1024893;13485;73.9;70.7;0.9
78;2021-09-22;989;3570;940;1071448;1028463;14425;74.0;71.0;1.0
78;2021-09-23;874;1623;1316;1072322;1030086;15741;74.0;71.1;1.1
78;2021-09-24;1025;2329;1079;1073347;1032415;16820;74.1;71.3;1.2
78;2021-09-25;1123;4151;555;1074470;1036566;17375;74.2;71.6;1.2
78;2021-09-26;63;176;17;1074533;1036742;17392;74.2;71.6;1.2
78;2021-09-27;690;1484;990;1075223;1038226;18382;74.2;71.7;1.3
78;2021-09-28;848;1441;1166;1076071;1039667;19548;74.3;71.8;1.3
78;2021-09-29;1054;2271;1088;1077125;1041938;20636;74.4;71.9;1.4
78;2021-09-30;585;1020;934;1077710;1042958;21570;74.4;72.0;1.5
78;2021-10-01;1303;1777;1279;1079013;1044735;22849;74.5;72.1;1.6
78;2021-10-02;1338;2647;738;1080351;1047382;23587;74.6;72.3;1.6
78;2021-10-03;76;110;30;1080427;1047492;23617;74.6;72.3;1.6
78;2021-10-04;620;966;1053;1081047;1048458;24670;74.6;72.4;1.7
78;2021-10-05;577;907;1090;1081624;1049365;25760;74.7;72.4;1.8
78;2021-10-06;894;1587;1721;1082518;1050952;27481;74.7;72.5;1.9
78;2021-10-07;490;858;1303;1083008;1051810;28784;74.8;72.6;2.0
78;2021-10-08;929;1674;2145;1083937;1053484;30929;74.8;72.7;2.1
78;2021-10-09;941;1878;908;1084878;1055362;31837;74.9;72.9;2.2
78;2021-10-10;83;116;60;1084961;1055478;31897;74.9;72.9;2.2
78;2021-10-11;589;824;1251;1085550;1056302;33148;74.9;72.9;2.3
78;2021-10-12;476;759;1457;1086026;1057061;34605;75.0;73.0;2.4
78;2021-10-13;711;1375;2018;1086737;1058436;36623;75.0;73.1;2.5
78;2021-10-14;546;895;1574;1087283;1059331;38197;75.1;73.1;2.6
78;2021-10-15;774;1343;2622;1088057;1060674;40819;75.1;73.2;2.8
78;2021-10-16;878;1345;1097;1088935;1062019;41916;75.2;73.3;2.9
78;2021-10-17;60;89;49;1088995;1062108;41965;75.2;73.3;2.9
78;2021-10-18;474;813;1527;1089469;1062921;43492;75.2;73.4;3.0
78;2021-10-19;451;748;1463;1089920;1063669;44955;75.2;73.4;3.1
78;2021-10-20;724;1214;2637;1090644;1064883;47592;75.3;73.5;3.3
78;2021-10-21;435;787;2022;1091079;1065670;49614;75.3;73.6;3.4
78;2021-10-22;715;1167;2798;1091794;1066837;52412;75.4;73.6;3.6
78;2021-10-23;758;1227;1224;1092552;1068064;53636;75.4;73.7;3.7
78;2021-10-24;56;92;49;1092608;1068156;53685;75.4;73.7;3.7
78;2021-10-25;477;621;1882;1093085;1068777;55567;75.5;73.8;3.8
78;2021-10-26;317;529;1717;1093402;1069306;57284;75.5;73.8;4.0
78;2021-10-27;553;869;2760;1093955;1070175;60044;75.5;73.9;4.1
78;2021-10-28;331;502;1973;1094286;1070677;62017;75.5;73.9;4.3
78;2021-10-29;506;779;2639;1094792;1071456;64656;75.6;74.0;4.5
78;2021-10-30;409;879;1288;1095201;1072335;65944;75.6;74.0;4.6
78;2021-10-31;61;89;65;1095262;1072424;66009;75.6;74.0;4.6
78;2021-11-01;122;81;80;1095384;1072505;66089;75.6;74.0;4.6
78;2021-11-02;427;509;1763;1095811;1073014;67852;75.6;74.1;4.7
78;2021-11-03;484;581;1955;1096295;1073595;69807;75.7;74.1;4.8
78;2021-11-04;422;532;2097;1096717;1074127;71904;75.7;74.1;5.0
78;2021-11-05;557;811;2818;1097274;1074938;74722;75.7;74.2;5.2
78;2021-11-06;365;601;946;1097639;1075539;75668;75.8;74.2;5.2
78;2021-11-07;55;93;142;1097694;1075632;75810;75.8;74.3;5.2
78;2021-11-08;279;599;2123;1097973;1076231;77933;75.8;74.3;5.4
78;2021-11-09;365;567;3214;1098338;1076798;81147;75.8;74.3;5.6
78;2021-11-10;475;783;3334;1098813;1077581;84481;75.9;74.4;5.8
78;2021-11-11;80;117;332;1098893;1077698;84813;75.9;74.4;5.9
78;2021-11-12;440;745;4092;1099333;1078443;88905;75.9;74.4;6.1
78;2021-11-13;387;543;1454;1099720;1078986;90359;75.9;74.5;6.2
78;2021-11-14;70;62;131;1099790;1079048;90490;75.9;74.5;6.2
78;2021-11-15;252;501;2950;1100042;1079549;93440;75.9;74.5;6.5
78;2021-11-16;414;494;4171;1100456;1080043;97611;76.0;74.6;6.7
78;2021-11-17;485;714;4111;1100941;1080757;101722;76.0;74.6;7.0
78;2021-11-18;353;588;3637;1101294;1081345;105359;76.0;74.6;7.3
78;2021-11-19;603;736;5049;1101897;1082081;110408;76.1;74.7;7.6
78;2021-11-20;508;648;2179;1102405;1082729;112587;76.1;74.7;7.8
78;2021-11-21;67;83;206;1102472;1082812;112793;76.1;74.7;7.8
78;2021-11-22;326;432;3391;1102798;1083244;116184;76.1;74.8;8.0
78;2021-11-23;478;513;5003;1103276;1083757;121187;76.2;74.8;8.4
78;2021-11-24;502;693;4548;1103778;1084450;125735;76.2;74.9;8.7
78;2021-11-25;450;509;5529;1104228;1084959;131264;76.2;74.9;9.1
78;2021-11-26;496;715;8256;1104724;1085674;139520;76.3;74.9;9.6
78;2021-11-27;422;538;4856;1105146;1086212;144376;76.3;75.0;10.0
78;2021-11-28;80;101;1399;1105226;1086313;145775;76.3;75.0;10.1
78;2021-11-29;250;421;7041;1105476;1086734;152816;76.3;75.0;10.5
78;2021-11-30;394;541;11204;1105870;1087275;164020;76.3;75.1;11.3
78;2021-12-01;394;490;10919;1106264;1087765;174939;76.4;75.1;12.1
78;2021-12-02;324;415;12520;1106588;1088180;187459;76.4;75.1;12.9
78;2021-12-03;377;566;14319;1106965;1088746;201778;76.4;75.2;13.9
78;2021-12-04;298;414;8758;1107263;1089160;210536;76.4;75.2;14.5
78;2021-12-05;109;148;3694;1107372;1089308;214230;76.4;75.2;14.8
78;2021-12-06;301;459;11435;1107673;1089767;225665;76.5;75.2;15.6
78;2021-12-07;371;581;15711;1108044;1090348;241376;76.5;75.3;16.7
78;2021-12-08;402;622;15836;1108446;1090970;257212;76.5;75.3;17.8
78;2021-12-09;388;483;17855;1108834;1091453;275067;76.5;75.3;19.0
78;2021-12-10;450;687;19429;1109284;1092140;294496;76.6;75.4;20.3
78;2021-12-11;390;666;11924;1109674;1092806;306420;76.6;75.4;21.2
78;2021-12-12;125;162;5121;1109799;1092968;311541;76.6;75.4;21.5
78;2021-12-13;313;527;14418;1110112;1093495;325959;76.6;75.5;22.5
78;2021-12-14;419;670;19447;1110531;1094165;345406;76.7;75.5;23.8
78;2021-12-15;428;643;18163;1110959;1094808;363569;76.7;75.6;25.1
78;2021-12-16;411;591;20402;1111370;1095399;383971;76.7;75.6;26.5
78;2021-12-17;484;748;21318;1111854;1096147;405289;76.8;75.7;28.0
78;2021-12-18;424;541;12520;1112278;1096688;417809;76.8;75.7;28.8
78;2021-12-19;198;180;6285;1112476;1096868;424094;76.8;75.7;29.3
78;2021-12-20;523;526;15509;1112999;1097394;439603;76.8;75.8;30.3
78;2021-12-21;669;718;18474;1113668;1098112;458077;76.9;75.8;31.6
78;2021-12-22;620;659;15905;1114288;1098771;473982;76.9;75.8;32.7
78;2021-12-23;573;569;12368;1114861;1099340;486350;77.0;75.9;33.6
78;2021-12-24;180;246;3100;1115041;1099586;489450;77.0;75.9;33.8
78;2021-12-25;26;51;345;1115067;1099637;489795;77.0;75.9;33.8
78;2021-12-26;95;90;2199;1115162;1099727;491994;77.0;75.9;34.0
79;2020-12-27;0;0;0;0;0;0;0.0;0.0;0.0
79;2020-12-28;3;0;0;3;0;0;0.0;0.0;0.0
79;2020-12-29;0;0;0;3;0;0;0.0;0.0;0.0
79;2020-12-30;0;0;0;3;0;0;0.0;0.0;0.0
79;2020-12-31;0;0;0;3;0;0;0.0;0.0;0.0
79;2021-01-01;0;0;0;3;0;0;0.0;0.0;0.0
79;2021-01-02;0;0;0;3;0;0;0.0;0.0;0.0
79;2021-01-03;0;0;0;3;0;0;0.0;0.0;0.0
79;2021-01-04;3;0;0;6;0;0;0.0;0.0;0.0
79;2021-01-05;1;0;0;7;0;0;0.0;0.0;0.0
79;2021-01-06;3;0;0;10;0;0;0.0;0.0;0.0
79;2021-01-07;165;0;0;175;0;0;0.0;0.0;0.0
79;2021-01-08;173;0;0;348;0;0;0.1;0.0;0.0
79;2021-01-09;95;1;0;443;1;0;0.1;0.0;0.0
79;2021-01-10;5;0;0;448;1;0;0.1;0.0;0.0
79;2021-01-11;184;1;0;632;2;0;0.2;0.0;0.0
79;2021-01-12;249;1;0;881;3;0;0.2;0.0;0.0
79;2021-01-13;261;0;0;1142;3;0;0.3;0.0;0.0
79;2021-01-14;484;7;0;1626;10;0;0.4;0.0;0.0
79;2021-01-15;585;7;0;2211;17;0;0.6;0.0;0.0
79;2021-01-16;59;0;0;2270;17;0;0.6;0.0;0.0
79;2021-01-17;3;0;0;2273;17;0;0.6;0.0;0.0
79;2021-01-18;471;2;0;2744;19;0;0.7;0.0;0.0
79;2021-01-19;1276;3;0;4020;22;0;1.1;0.0;0.0
79;2021-01-20;1607;2;0;5627;24;0;1.5;0.0;0.0
79;2021-01-21;1947;9;0;7574;33;0;2.0;0.0;0.0
79;2021-01-22;882;5;0;8456;38;0;2.3;0.0;0.0
79;2021-01-23;75;0;0;8531;38;0;2.3;0.0;0.0
79;2021-01-24;1;0;0;8532;38;0;2.3;0.0;0.0
79;2021-01-25;652;6;0;9184;44;0;2.5;0.0;0.0
79;2021-01-26;598;16;0;9782;60;0;2.6;0.0;0.0
79;2021-01-27;729;80;0;10511;140;0;2.8;0.0;0.0
79;2021-01-28;757;155;0;11268;295;0;3.0;0.1;0.0
79;2021-01-29;487;87;0;11755;382;0;3.2;0.1;0.0
79;2021-01-30;9;2;0;11764;384;0;3.2;0.1;0.0
79;2021-01-31;4;0;0;11768;384;0;3.2;0.1;0.0
79;2021-02-01;232;110;0;12000;494;0;3.2;0.1;0.0
79;2021-02-02;333;77;0;12333;571;0;3.3;0.2;0.0
79;2021-02-03;342;64;0;12675;635;0;3.4;0.2;0.0
79;2021-02-04;323;116;0;12998;751;0;3.5;0.2;0.0
79;2021-02-05;333;274;0;13331;1025;0;3.6;0.3;0.0
79;2021-02-06;10;3;0;13341;1028;0;3.6;0.3;0.0
79;2021-02-07;21;2;0;13362;1030;0;3.6;0.3;0.0
79;2021-02-08;281;163;0;13643;1193;0;3.7;0.3;0.0
79;2021-02-09;428;755;0;14071;1948;0;3.8;0.5;0.0
79;2021-02-10;545;1103;0;14616;3051;0;3.9;0.8;0.0
79;2021-02-11;768;1206;0;15384;4257;0;4.1;1.1;0.0
79;2021-02-12;458;742;0;15842;4999;0;4.3;1.3;0.0
79;2021-02-13;53;70;0;15895;5069;0;4.3;1.4;0.0
79;2021-02-14;0;1;0;15895;5070;0;4.3;1.4;0.0
79;2021-02-15;184;486;0;16079;5556;0;4.3;1.5;0.0
79;2021-02-16;338;735;0;16417;6291;0;4.4;1.7;0.0
79;2021-02-17;252;816;0;16669;7107;0;4.5;1.9;0.0
79;2021-02-18;377;990;0;17046;8097;0;4.6;2.2;0.0
79;2021-02-19;306;584;0;17352;8681;0;4.7;2.3;0.0
79;2021-02-20;14;25;0;17366;8706;0;4.7;2.3;0.0
79;2021-02-21;0;0;0;17366;8706;0;4.7;2.3;0.0
79;2021-02-22;142;464;0;17508;9170;0;4.7;2.5;0.0
79;2021-02-23;245;570;0;17753;9740;0;4.8;2.6;0.0
79;2021-02-24;256;518;0;18009;10258;0;4.8;2.8;0.0
79;2021-02-25;538;484;0;18547;10742;0;5.0;2.9;0.0
79;2021-02-26;649;386;0;19196;11128;0;5.2;3.0;0.0
79;2021-02-27;409;10;0;19605;11138;0;5.3;3.0;0.0
79;2021-02-28;29;5;0;19634;11143;0;5.3;3.0;0.0
79;2021-03-01;97;365;0;19731;11508;0;5.3;3.1;0.0
79;2021-03-02;336;495;0;20067;12003;0;5.4;3.2;0.0
79;2021-03-03;671;497;0;20738;12500;0;5.6;3.4;0.0
79;2021-03-04;928;565;0;21666;13065;0;5.8;3.5;0.0
79;2021-03-05;1258;412;0;22924;13477;0;6.2;3.6;0.0
79;2021-03-06;696;13;0;23620;13490;0;6.3;3.6;0.0
79;2021-03-07;98;2;0;23718;13492;0;6.4;3.6;0.0
79;2021-03-08;347;312;0;24065;13804;0;6.5;3.7;0.0
79;2021-03-09;854;347;0;24919;14151;0;6.7;3.8;0.0
79;2021-03-10;1176;373;0;26095;14524;0;7.0;3.9;0.0
79;2021-03-11;1676;325;0;27771;14849;0;7.5;4.0;0.0
79;2021-03-12;1788;156;0;29559;15005;0;7.9;4.0;0.0
79;2021-03-13;1162;15;0;30721;15020;0;8.2;4.0;0.0
79;2021-03-14;53;1;0;30774;15021;0;8.3;4.0;0.0
79;2021-03-15;545;165;0;31319;15186;0;8.4;4.1;0.0
79;2021-03-16;713;156;0;32032;15342;0;8.6;4.1;0.0
79;2021-03-17;635;121;0;32667;15463;0;8.8;4.1;0.0
79;2021-03-18;591;215;0;33258;15678;0;8.9;4.2;0.0
79;2021-03-19;720;256;0;33978;15934;0;9.1;4.3;0.0
79;2021-03-20;1003;20;0;34981;15954;0;9.4;4.3;0.0
79;2021-03-21;9;0;0;34990;15954;0;9.4;4.3;0.0
79;2021-03-22;984;209;0;35974;16163;0;9.7;4.3;0.0
79;2021-03-23;1621;193;0;37595;16356;0;10.1;4.4;0.0
79;2021-03-24;1803;176;0;39398;16532;0;10.6;4.4;0.0
79;2021-03-25;2510;206;0;41908;16738;0;11.2;4.5;0.0
79;2021-03-26;2394;143;0;44302;16881;0;11.9;4.5;0.0
79;2021-03-27;684;21;0;44986;16902;0;12.1;4.5;0.0
79;2021-03-28;3;2;0;44989;16904;0;12.1;4.5;0.0
79;2021-03-29;2065;119;0;47054;17023;0;12.6;4.6;0.0
79;2021-03-30;2702;85;0;49756;17108;0;13.4;4.6;0.0
79;2021-03-31;2651;389;0;52407;17497;0;14.1;4.7;0.0
79;2021-04-01;2656;400;0;55063;17897;0;14.8;4.8;0.0
79;2021-04-02;2699;399;0;57762;18296;0;15.5;4.9;0.0
79;2021-04-03;661;67;0;58423;18363;0;15.7;4.9;0.0
79;2021-04-04;9;1;0;58432;18364;0;15.7;4.9;0.0
79;2021-04-05;386;7;0;58818;18371;0;15.8;4.9;0.0
79;2021-04-06;1676;592;0;60494;18963;0;16.2;5.1;0.0
79;2021-04-07;2903;754;0;63397;19717;0;17.0;5.3;0.0
79;2021-04-08;2538;712;0;65935;20429;0;17.7;5.5;0.0
79;2021-04-09;3519;560;0;69454;20989;0;18.6;5.6;0.0
79;2021-04-10;1364;388;0;70818;21377;0;19.0;5.7;0.0
79;2021-04-11;12;2;0;70830;21379;0;19.0;5.7;0.0
79;2021-04-12;1695;396;0;72525;21775;0;19.5;5.8;0.0
79;2021-04-13;2131;768;0;74656;22543;0;20.0;6.0;0.0
79;2021-04-14;2335;704;0;76991;23247;0;20.7;6.2;0.0
79;2021-04-15;2229;692;0;79220;23939;0;21.3;6.4;0.0
79;2021-04-16;1470;468;0;80690;24407;0;21.7;6.5;0.0
79;2021-04-17;610;349;0;81300;24756;0;21.8;6.6;0.0
79;2021-04-18;14;16;0;81314;24772;0;21.8;6.6;0.0
79;2021-04-19;1119;840;0;82433;25612;0;22.1;6.9;0.0
79;2021-04-20;1548;1246;0;83981;26858;0;22.5;7.2;0.0
79;2021-04-21;1440;1431;0;85421;28289;0;22.9;7.6;0.0
79;2021-04-22;1702;1122;0;87123;29411;0;23.4;7.9;0.0
79;2021-04-23;1345;1213;0;88468;30624;0;23.7;8.2;0.0
79;2021-04-24;681;391;0;89149;31015;0;23.9;8.3;0.0
79;2021-04-25;41;1;0;89190;31016;0;23.9;8.3;0.0
79;2021-04-26;1437;1719;0;90627;32735;0;24.3;8.8;0.0
79;2021-04-27;2054;2256;0;92681;34991;0;24.9;9.4;0.0
79;2021-04-28;1506;2732;0;94187;37723;0;25.3;10.1;0.0
79;2021-04-29;2221;2165;0;96408;39888;0;25.9;10.7;0.0
79;2021-04-30;2192;2300;0;98600;42188;0;26.5;11.3;0.0
79;2021-05-01;581;379;0;99181;42567;0;26.6;11.4;0.0
79;2021-05-02;42;22;0;99223;42589;0;26.6;11.4;0.0
79;2021-05-03;1327;1270;0;100550;43859;0;27.0;11.8;0.0
79;2021-05-04;1879;2191;0;102429;46050;0;27.5;12.4;0.0
79;2021-05-05;1765;2286;0;104194;48336;0;28.0;13.0;0.0
79;2021-05-06;2514;2135;0;106708;50471;0;28.6;13.5;0.0
79;2021-05-07;2144;2600;0;108852;53071;0;29.2;14.2;0.0
79;2021-05-08;396;464;0;109248;53535;0;29.3;14.4;0.0
79;2021-05-09;98;16;0;109346;53551;0;29.3;14.4;0.0
79;2021-05-10;1637;1741;0;110983;55292;0;29.8;14.8;0.0
79;2021-05-11;2517;1654;0;113500;56946;0;30.5;15.3;0.0
79;2021-05-12;2102;2579;0;115602;59525;0;31.0;16.0;0.0
79;2021-05-13;839;325;0;116441;59850;0;31.2;16.1;0.0
79;2021-05-14;2203;713;0;118644;60563;0;31.8;16.3;0.0
79;2021-05-15;1419;514;0;120063;61077;0;32.2;16.4;0.0
79;2021-05-16;129;31;0;120192;61108;0;32.3;16.4;0.0
79;2021-05-17;1920;1146;0;122112;62254;0;32.8;16.7;0.0
79;2021-05-18;3067;1315;0;125179;63569;0;33.6;17.1;0.0
79;2021-05-19;2942;984;0;128121;64553;0;34.4;17.3;0.0
79;2021-05-20;3386;1292;0;131507;65845;0;35.3;17.7;0.0
79;2021-05-21;2872;1137;0;134379;66982;0;36.1;18.0;0.0
79;2021-05-22;1304;285;0;135683;67267;0;36.4;18.1;0.0
79;2021-05-23;115;9;0;135798;67276;0;36.4;18.1;0.0
79;2021-05-24;453;30;0;136251;67306;0;36.6;18.1;0.0
79;2021-05-25;3397;1037;0;139648;68343;0;37.5;18.3;0.0
79;2021-05-26;3318;887;0;142966;69230;0;38.4;18.6;0.0
79;2021-05-27;3874;1754;0;146840;70984;0;39.4;19.0;0.0
79;2021-05-28;3320;1882;0;150160;72866;0;40.3;19.6;0.0
79;2021-05-29;1271;502;0;151431;73368;0;40.6;19.7;0.0
79;2021-05-30;55;16;0;151486;73384;0;40.7;19.7;0.0
79;2021-05-31;2423;826;0;153909;74210;0;41.3;19.9;0.0
79;2021-06-01;3235;1639;0;157144;75849;0;42.2;20.4;0.0
79;2021-06-02;3718;1206;0;160862;77055;0;43.2;20.7;0.0
79;2021-06-03;4130;1775;0;164992;78830;0;44.3;21.2;0.0
79;2021-06-04;3753;2061;0;168745;80891;0;45.3;21.7;0.0
79;2021-06-05;2579;835;0;171324;81726;0;46.0;21.9;0.0
79;2021-06-06;666;73;0;171990;81799;0;46.2;22.0;0.0
79;2021-06-07;2540;1546;0;174530;83345;0;46.8;22.4;0.0
79;2021-06-08;2859;2231;0;177389;85576;0;47.6;23.0;0.0
79;2021-06-09;3002;1954;0;180391;87530;0;48.4;23.5;0.0
79;2021-06-10;2981;2037;0;183372;89567;0;49.2;24.0;0.0
79;2021-06-11;3355;2314;0;186727;91881;0;50.1;24.7;0.0
79;2021-06-12;1511;700;0;188238;92581;0;50.5;24.8;0.0
79;2021-06-13;172;116;0;188410;92697;0;50.6;24.9;0.0
79;2021-06-14;1166;1826;0;189576;94523;0;50.9;25.4;0.0
79;2021-06-15;1710;2574;0;191286;97097;0;51.3;26.1;0.0
79;2021-06-16;1936;2286;0;193222;99383;0;51.9;26.7;0.0
79;2021-06-17;2122;2713;0;195344;102096;0;52.4;27.4;0.0
79;2021-06-18;2178;2410;0;197522;104506;0;53.0;28.0;0.0
79;2021-06-19;1085;692;0;198607;105198;0;53.3;28.2;0.0
79;2021-06-20;15;46;0;198622;105244;0;53.3;28.2;0.0
79;2021-06-21;1126;2376;0;199748;107620;0;53.6;28.9;0.0
79;2021-06-22;1453;3052;0;201201;110672;0;54.0;29.7;0.0
79;2021-06-23;1469;2501;0;202670;113173;0;54.4;30.4;0.0
79;2021-06-24;1916;2054;0;204586;115227;0;54.9;30.9;0.0
79;2021-06-25;1302;2881;0;205888;118108;0;55.3;31.7;0.0
79;2021-06-26;802;981;0;206690;119089;0;55.5;32.0;0.0
79;2021-06-27;29;89;0;206719;119178;0;55.5;32.0;0.0
79;2021-06-28;949;2656;0;207668;121834;0;55.7;32.7;0.0
79;2021-06-29;1271;3673;0;208939;125507;0;56.1;33.7;0.0
79;2021-06-30;1125;3396;0;210064;128903;0;56.4;34.6;0.0
79;2021-07-01;1172;3721;0;211236;132624;0;56.7;35.6;0.0
79;2021-07-02;1346;3408;0;212582;136032;0;57.0;36.5;0.0
79;2021-07-03;368;1655;0;212950;137687;0;57.1;37.0;0.0
79;2021-07-04;19;103;0;212969;137790;0;57.2;37.0;0.0
79;2021-07-05;689;2302;0;213658;140092;0;57.3;37.6;0.0
79;2021-07-06;841;3873;0;214499;143965;0;57.6;38.6;0.0
79;2021-07-07;1185;4186;0;215684;148151;0;57.9;39.8;0.0
79;2021-07-08;1071;4117;0;216755;152268;0;58.2;40.9;0.0
79;2021-07-09;887;3681;0;217642;155949;0;58.4;41.9;0.0
79;2021-07-10;570;1425;0;218212;157374;0;58.6;42.2;0.0
79;2021-07-11;21;44;0;218233;157418;0;58.6;42.2;0.0
79;2021-07-12;577;3616;0;218810;161034;0;58.7;43.2;0.0
79;2021-07-13;1018;5076;0;219828;166110;0;59.0;44.6;0.0
79;2021-07-14;198;882;0;220026;166992;0;59.0;44.8;0.0
79;2021-07-15;1211;4602;0;221237;171594;0;59.4;46.0;0.0
79;2021-07-16;1296;3998;0;222533;175592;0;59.7;47.1;0.0
79;2021-07-17;605;2311;0;223138;177903;0;59.9;47.7;0.0
79;2021-07-18;109;492;0;223247;178395;0;59.9;47.9;0.0
79;2021-07-19;828;3183;0;224075;181578;0;60.1;48.7;0.0
79;2021-07-20;1455;3719;0;225530;185297;0;60.5;49.7;0.0
79;2021-07-21;1285;3655;0;226815;188952;0;60.9;50.7;0.0
79;2021-07-22;1660;3710;0;228475;192662;0;61.3;51.7;0.0
79;2021-07-23;1505;4112;0;229980;196774;0;61.7;52.8;0.0
79;2021-07-24;1007;1458;0;230987;198232;0;62.0;53.2;0.0
79;2021-07-25;110;236;0;231097;198468;0;62.0;53.3;0.0
79;2021-07-26;1377;2432;0;232474;200900;0;62.4;53.9;0.0
79;2021-07-27;2487;2794;0;234961;203694;0;63.1;54.7;0.0
79;2021-07-28;2535;2231;0;237496;205925;0;63.7;55.3;0.0
79;2021-07-29;3128;2675;0;240624;208600;0;64.6;56.0;0.0
79;2021-07-30;2276;2687;0;242900;211287;0;65.2;56.7;0.0
79;2021-07-31;1011;1073;0;243911;212360;0;65.5;57.0;0.0
79;2021-08-01;74;28;0;243985;212388;0;65.5;57.0;0.0
79;2021-08-02;1853;1515;0;245838;213903;0;66.0;57.4;0.0
79;2021-08-03;2978;1901;0;248816;215804;0;66.8;57.9;0.0
79;2021-08-04;2897;1510;0;251713;217314;0;67.6;58.3;0.0
79;2021-08-05;3067;2083;0;254780;219397;0;68.4;58.9;0.0
79;2021-08-06;2414;1461;0;257194;220858;0;69.0;59.3;0.0
79;2021-08-07;1013;774;0;258207;221632;0;69.3;59.5;0.0
79;2021-08-08;74;29;0;258281;221661;0;69.3;59.5;0.0
79;2021-08-09;2356;1073;0;260637;222734;0;69.9;59.8;0.0
79;2021-08-10;2937;1488;0;263574;224222;0;70.7;60.2;0.0
79;2021-08-11;2396;1407;0;265970;225629;0;71.4;60.6;0.0
79;2021-08-12;2606;1410;0;268576;227039;0;72.1;60.9;0.0
79;2021-08-13;2593;1140;0;271169;228179;0;72.8;61.2;0.0
79;2021-08-14;590;442;0;271759;228621;0;72.9;61.4;0.0
79;2021-08-15;39;26;0;271798;228647;0;72.9;61.4;0.0
79;2021-08-16;1566;1245;0;273364;229892;0;73.4;61.7;0.0
79;2021-08-17;2071;1763;0;275435;231655;0;73.9;62.2;0.0
79;2021-08-18;1839;1749;0;277274;233404;0;74.4;62.6;0.0
79;2021-08-19;1457;1803;0;278731;235207;0;74.8;63.1;0.0
79;2021-08-20;1388;2118;0;280119;237325;0;75.2;63.7;0.0
79;2021-08-21;317;659;0;280436;237984;0;75.3;63.9;0.0
79;2021-08-22;13;73;0;280449;238057;0;75.3;63.9;0.0
79;2021-08-23;742;2203;0;281191;240260;0;75.5;64.5;0.0
79;2021-08-24;1013;2552;0;282204;242812;0;75.7;65.2;0.0
79;2021-08-25;1006;2594;0;283210;245406;0;76.0;65.9;0.0
79;2021-08-26;984;2409;0;284194;247815;0;76.3;66.5;0.0
79;2021-08-27;635;2152;0;284829;249967;0;76.4;67.1;0.0
79;2021-08-28;295;905;0;285124;250872;0;76.5;67.3;0.0
79;2021-08-29;10;61;0;285134;250933;0;76.5;67.3;0.0
79;2021-08-30;527;2323;23;285661;253256;23;76.7;68.0;0.0
79;2021-08-31;612;2750;28;286273;256006;51;76.8;68.7;0.0
79;2021-09-01;614;2638;77;286887;258644;128;77.0;69.4;0.0
79;2021-09-02;747;2428;109;287634;261072;237;77.2;70.1;0.1
79;2021-09-03;614;2646;114;288248;263718;351;77.4;70.8;0.1
79;2021-09-04;281;735;25;288529;264453;376;77.4;71.0;0.1
79;2021-09-05;13;47;8;288542;264500;384;77.4;71.0;0.1
79;2021-09-06;345;1691;119;288887;266191;503;77.5;71.4;0.1
79;2021-09-07;368;1973;113;289255;268164;616;77.6;72.0;0.2
79;2021-09-08;519;2092;120;289774;270256;736;77.8;72.5;0.2
79;2021-09-09;331;1538;129;290105;271794;865;77.9;72.9;0.2
79;2021-09-10;409;1880;229;290514;273674;1094;78.0;73.4;0.3
79;2021-09-11;148;893;33;290662;274567;1127;78.0;73.7;0.3
79;2021-09-12;3;26;4;290665;274593;1131;78.0;73.7;0.3
79;2021-09-13;332;942;249;290997;275535;1380;78.1;73.9;0.4
79;2021-09-14;353;1078;382;291350;276613;1762;78.2;74.2;0.5
79;2021-09-15;422;1357;367;291772;277970;2129;78.3;74.6;0.6
79;2021-09-16;437;987;327;292209;278957;2456;78.4;74.9;0.7
79;2021-09-17;428;1273;382;292637;280230;2838;78.5;75.2;0.8
79;2021-09-18;149;634;64;292786;280864;2902;78.6;75.4;0.8
79;2021-09-19;1;12;0;292787;280876;2902;78.6;75.4;0.8
79;2021-09-20;186;533;418;292973;281409;3320;78.6;75.5;0.9
79;2021-09-21;319;685;549;293292;282094;3869;78.7;75.7;1.0
79;2021-09-22;216;1011;573;293508;283105;4442;78.8;76.0;1.2
79;2021-09-23;390;573;449;293898;283678;4891;78.9;76.1;1.3
79;2021-09-24;228;1234;312;294126;284912;5203;78.9;76.5;1.4
79;2021-09-25;80;331;48;294206;285243;5251;79.0;76.5;1.4
79;2021-09-26;0;2;4;294206;285245;5255;79.0;76.5;1.4
79;2021-09-27;204;528;234;294410;285773;5489;79.0;76.7;1.5
79;2021-09-28;129;380;393;294539;286153;5882;79.0;76.8;1.6
79;2021-09-29;299;714;455;294838;286867;6337;79.1;77.0;1.7
79;2021-09-30;153;304;353;294991;287171;6690;79.2;77.1;1.8
79;2021-10-01;274;513;531;295265;287684;7221;79.2;77.2;1.9
79;2021-10-02;119;261;99;295384;287945;7320;79.3;77.3;2.0
79;2021-10-03;1;4;0;295385;287949;7320;79.3;77.3;2.0
79;2021-10-04;168;332;286;295553;288281;7606;79.3;77.4;2.0
79;2021-10-05;109;241;405;295662;288522;8011;79.3;77.4;2.1
79;2021-10-06;151;345;559;295813;288867;8570;79.4;77.5;2.3
79;2021-10-07;109;217;478;295922;289084;9048;79.4;77.6;2.4
79;2021-10-08;217;536;350;296139;289620;9398;79.5;77.7;2.5
79;2021-10-09;92;138;57;296231;289758;9455;79.5;77.8;2.5
79;2021-10-10;1;4;8;296232;289762;9463;79.5;77.8;2.5
79;2021-10-11;126;264;512;296358;290026;9975;79.5;77.8;2.7
79;2021-10-12;150;328;461;296508;290354;10436;79.6;77.9;2.8
79;2021-10-13;182;259;515;296690;290613;10951;79.6;78.0;2.9
79;2021-10-14;137;316;534;296827;290929;11485;79.7;78.1;3.1
79;2021-10-15;197;556;652;297024;291485;12137;79.7;78.2;3.3
79;2021-10-16;86;113;109;297110;291598;12246;79.7;78.3;3.3
79;2021-10-17;2;3;2;297112;291601;12248;79.7;78.3;3.3
79;2021-10-18;129;236;521;297241;291837;12769;79.8;78.3;3.4
79;2021-10-19;91;146;458;297332;291983;13227;79.8;78.4;3.5
79;2021-10-20;117;172;637;297449;292155;13864;79.8;78.4;3.7
79;2021-10-21;91;253;347;297540;292408;14211;79.8;78.5;3.8
79;2021-10-22;189;356;701;297729;292764;14912;79.9;78.6;4.0
79;2021-10-23;95;116;183;297824;292880;15095;79.9;78.6;4.1
79;2021-10-24;0;1;0;297824;292881;15095;79.9;78.6;4.1
79;2021-10-25;119;225;666;297943;293106;15761;80.0;78.7;4.2
79;2021-10-26;119;138;787;298062;293244;16548;80.0;78.7;4.4
79;2021-10-27;121;201;754;298183;293445;17302;80.0;78.8;4.6
79;2021-10-28;75;122;745;298258;293567;18047;80.0;78.8;4.8
79;2021-10-29;117;186;933;298375;293753;18980;80.1;78.8;5.1
79;2021-10-30;78;104;284;298453;293857;19264;80.1;78.9;5.2
79;2021-10-31;0;1;2;298453;293858;19266;80.1;78.9;5.2
79;2021-11-01;6;3;0;298459;293861;19266;80.1;78.9;5.2
79;2021-11-02;95;160;938;298554;294021;20204;80.1;78.9;5.4
79;2021-11-03;109;191;917;298663;294212;21121;80.2;79.0;5.7
79;2021-11-04;107;103;1067;298770;294315;22188;80.2;79.0;6.0
79;2021-11-05;180;300;1266;298950;294615;23454;80.2;79.1;6.3
79;2021-11-06;66;121;321;299016;294736;23775;80.2;79.1;6.4
79;2021-11-07;0;4;2;299016;294740;23777;80.2;79.1;6.4
79;2021-11-08;84;164;1228;299100;294904;25005;80.3;79.1;6.7
79;2021-11-09;88;130;1343;299188;295034;26348;80.3;79.2;7.1
79;2021-11-10;133;170;1422;299321;295204;27770;80.3;79.2;7.5
79;2021-11-11;0;2;24;299321;295206;27794;80.3;79.2;7.5
79;2021-11-12;100;208;1339;299421;295414;29133;80.4;79.3;7.8
79;2021-11-13;57;99;378;299478;295513;29511;80.4;79.3;7.9
79;2021-11-14;0;2;3;299478;295515;29514;80.4;79.3;7.9
79;2021-11-15;77;135;1274;299555;295650;30788;80.4;79.3;8.3
79;2021-11-16;69;131;1692;299624;295781;32480;80.4;79.4;8.7
79;2021-11-17;127;146;1435;299751;295927;33915;80.4;79.4;9.1
79;2021-11-18;77;115;1724;299828;296042;35639;80.5;79.4;9.6
79;2021-11-19;151;149;1828;299979;296191;37467;80.5;79.5;10.1
79;2021-11-20;90;79;377;300069;296270;37844;80.5;79.5;10.2
79;2021-11-21;2;2;12;300071;296272;37856;80.5;79.5;10.2
79;2021-11-22;78;46;1361;300149;296318;39217;80.5;79.5;10.5
79;2021-11-23;118;81;1973;300267;296399;41190;80.6;79.5;11.1
79;2021-11-24;152;114;1468;300419;296513;42658;80.6;79.6;11.4
79;2021-11-25;100;109;1752;300519;296622;44410;80.6;79.6;11.9
79;2021-11-26;147;193;2085;300666;296815;46495;80.7;79.7;12.5
79;2021-11-27;71;80;960;300737;296895;47455;80.7;79.7;12.7
79;2021-11-28;2;2;34;300739;296897;47489;80.7;79.7;12.7
79;2021-11-29;95;109;2196;300834;297006;49685;80.7;79.7;13.3
79;2021-11-30;111;77;2368;300945;297083;52053;80.8;79.7;14.0
79;2021-12-01;91;85;2616;301036;297168;54669;80.8;79.7;14.7
79;2021-12-02;74;77;2840;301110;297245;57509;80.8;79.8;15.4
79;2021-12-03;79;138;3203;301189;297383;60712;80.8;79.8;16.3
79;2021-12-04;48;58;1086;301237;297441;61798;80.8;79.8;16.6
79;2021-12-05;9;6;172;301246;297447;61970;80.8;79.8;16.6
79;2021-12-06;77;93;3014;301323;297540;64984;80.9;79.8;17.4
79;2021-12-07;78;108;3957;301401;297648;68941;80.9;79.9;18.5
79;2021-12-08;92;146;4130;301493;297794;73071;80.9;79.9;19.6
79;2021-12-09;97;85;4350;301590;297879;77421;80.9;79.9;20.8
79;2021-12-10;85;148;3943;301675;298027;81364;81.0;80.0;21.8
79;2021-12-11;63;92;1819;301738;298119;83183;81.0;80.0;22.3
79;2021-12-12;3;12;167;301741;298131;83350;81.0;80.0;22.4
79;2021-12-13;87;99;3910;301828;298230;87260;81.0;80.0;23.4
79;2021-12-14;87;130;5061;301915;298360;92321;81.0;80.1;24.8
79;2021-12-15;115;145;4719;302030;298505;97040;81.1;80.1;26.0
79;2021-12-16;109;115;5405;302139;298620;102445;81.1;80.1;27.5
79;2021-12-17;137;218;5942;302276;298838;108387;81.1;80.2;29.1
79;2021-12-18;90;75;2556;302366;298913;110943;81.1;80.2;29.8
79;2021-12-19;6;7;311;302372;298920;111254;81.1;80.2;29.9
79;2021-12-20;136;135;3879;302508;299055;115133;81.2;80.3;30.9
79;2021-12-21;180;144;5284;302688;299199;120417;81.2;80.3;32.3
79;2021-12-22;119;135;4297;302807;299334;124714;81.3;80.3;33.5
79;2021-12-23;132;132;3507;302939;299466;128221;81.3;80.4;34.4
79;2021-12-24;17;24;432;302956;299490;128653;81.3;80.4;34.5
79;2021-12-25;1;2;25;302957;299492;128678;81.3;80.4;34.5
79;2021-12-26;1;1;34;302958;299493;128712;81.3;80.4;34.5
80;2020-12-27;0;0;0;0;0;0;0.0;0.0;0.0
80;2020-12-28;0;0;0;0;0;0;0.0;0.0;0.0
80;2020-12-29;11;0;0;11;0;0;0.0;0.0;0.0
80;2020-12-30;0;0;0;11;0;0;0.0;0.0;0.0
80;2020-12-31;0;0;0;11;0;0;0.0;0.0;0.0
80;2021-01-01;0;0;0;11;0;0;0.0;0.0;0.0
80;2021-01-02;2;0;0;13;0;0;0.0;0.0;0.0
80;2021-01-03;1;0;0;14;0;0;0.0;0.0;0.0
80;2021-01-04;0;0;0;14;0;0;0.0;0.0;0.0
80;2021-01-05;4;0;0;18;0;0;0.0;0.0;0.0
80;2021-01-06;34;0;0;52;0;0;0.0;0.0;0.0
80;2021-01-07;270;2;0;322;2;0;0.1;0.0;0.0
80;2021-01-08;340;2;0;662;4;0;0.1;0.0;0.0
80;2021-01-09;125;1;0;787;5;0;0.1;0.0;0.0
80;2021-01-10;26;0;0;813;5;0;0.1;0.0;0.0
80;2021-01-11;279;1;0;1092;6;0;0.2;0.0;0.0
80;2021-01-12;454;1;0;1546;7;0;0.3;0.0;0.0
80;2021-01-13;534;4;0;2080;11;0;0.4;0.0;0.0
80;2021-01-14;458;3;0;2538;14;0;0.4;0.0;0.0
80;2021-01-15;382;1;0;2920;15;0;0.5;0.0;0.0
80;2021-01-16;112;1;0;3032;16;0;0.5;0.0;0.0
80;2021-01-17;132;1;0;3164;17;0;0.6;0.0;0.0
80;2021-01-18;502;3;0;3666;20;0;0.6;0.0;0.0
80;2021-01-19;989;17;0;4655;37;0;0.8;0.0;0.0
80;2021-01-20;1115;10;0;5770;47;0;1.0;0.0;0.0
80;2021-01-21;1098;10;0;6868;57;0;1.2;0.0;0.0
80;2021-01-22;1178;6;0;8046;63;0;1.4;0.0;0.0
80;2021-01-23;885;17;0;8931;80;0;1.6;0.0;0.0
80;2021-01-24;778;9;0;9709;89;0;1.7;0.0;0.0
80;2021-01-25;1502;18;0;11211;107;0;2.0;0.0;0.0
80;2021-01-26;1448;13;0;12659;120;0;2.2;0.0;0.0
80;2021-01-27;844;29;0;13503;149;0;2.4;0.0;0.0
80;2021-01-28;650;170;0;14153;319;0;2.5;0.1;0.0
80;2021-01-29;652;206;0;14805;525;0;2.6;0.1;0.0
80;2021-01-30;96;79;0;14901;604;0;2.6;0.1;0.0
80;2021-01-31;1;2;0;14902;606;0;2.6;0.1;0.0
80;2021-02-01;58;236;0;14960;842;0;2.6;0.1;0.0
80;2021-02-02;74;443;0;15034;1285;0;2.6;0.2;0.0
80;2021-02-03;73;532;0;15107;1817;0;2.7;0.3;0.0
80;2021-02-04;327;353;0;15434;2170;0;2.7;0.4;0.0
80;2021-02-05;391;221;0;15825;2391;0;2.8;0.4;0.0
80;2021-02-06;174;72;0;15999;2463;0;2.8;0.4;0.0
80;2021-02-07;3;8;0;16002;2471;0;2.8;0.4;0.0
80;2021-02-08;437;286;0;16439;2757;0;2.9;0.5;0.0
80;2021-02-09;704;298;0;17143;3055;0;3.0;0.5;0.0
80;2021-02-10;623;508;0;17766;3563;0;3.1;0.6;0.0
80;2021-02-11;856;428;0;18622;3991;0;3.3;0.7;0.0
80;2021-02-12;934;376;0;19556;4367;0;3.4;0.8;0.0
80;2021-02-13;202;408;0;19758;4775;0;3.5;0.8;0.0
80;2021-02-14;77;547;0;19835;5322;0;3.5;0.9;0.0
80;2021-02-15;566;1042;0;20401;6364;0;3.6;1.1;0.0
80;2021-02-16;642;1081;0;21043;7445;0;3.7;1.3;0.0
80;2021-02-17;460;1174;0;21503;8619;0;3.8;1.5;0.0
80;2021-02-18;565;1142;0;22068;9761;0;3.9;1.7;0.0
80;2021-02-19;520;899;0;22588;10660;0;4.0;1.9;0.0
80;2021-02-20;36;499;0;22624;11159;0;4.0;2.0;0.0
80;2021-02-21;47;46;0;22671;11205;0;4.0;2.0;0.0
80;2021-02-22;182;622;0;22853;11827;0;4.0;2.1;0.0
80;2021-02-23;451;711;0;23304;12538;0;4.1;2.2;0.0
80;2021-02-24;464;697;0;23768;13235;0;4.2;2.3;0.0
80;2021-02-25;803;550;0;24571;13785;0;4.3;2.4;0.0
80;2021-02-26;1077;534;0;25648;14319;0;4.5;2.5;0.0
80;2021-02-27;495;75;0;26143;14394;0;4.6;2.5;0.0
80;2021-02-28;46;26;0;26189;14420;0;4.6;2.5;0.0
80;2021-03-01;743;101;0;26932;14521;0;4.7;2.5;0.0
80;2021-03-02;1040;138;0;27972;14659;0;4.9;2.6;0.0
80;2021-03-03;1035;105;0;29007;14764;0;5.1;2.6;0.0
80;2021-03-04;1407;297;0;30414;15061;0;5.3;2.6;0.0
80;2021-03-05;1887;379;0;32301;15440;0;5.7;2.7;0.0
80;2021-03-06;2890;322;0;35191;15762;0;6.2;2.8;0.0
80;2021-03-07;1794;81;0;36985;15843;0;6.5;2.8;0.0
80;2021-03-08;722;603;0;37707;16446;0;6.6;2.9;0.0
80;2021-03-09;1288;879;0;38995;17325;0;6.8;3.0;0.0
80;2021-03-10;1766;758;0;40761;18083;0;7.2;3.2;0.0
80;2021-03-11;1916;822;0;42677;18905;0;7.5;3.3;0.0
80;2021-03-12;3168;736;0;45845;19641;0;8.0;3.4;0.0
80;2021-03-13;4019;232;0;49864;19873;0;8.8;3.5;0.0
80;2021-03-14;426;18;0;50290;19891;0;8.8;3.5;0.0
80;2021-03-15;1091;272;0;51381;20163;0;9.0;3.5;0.0
80;2021-03-16;904;366;0;52285;20529;0;9.2;3.6;0.0
80;2021-03-17;722;274;0;53007;20803;0;9.3;3.7;0.0
80;2021-03-18;1074;313;0;54081;21116;0;9.5;3.7;0.0
80;2021-03-19;1801;412;0;55882;21528;0;9.8;3.8;0.0
80;2021-03-20;3825;116;0;59707;21644;0;10.5;3.8;0.0
80;2021-03-21;624;35;0;60331;21679;0;10.6;3.8;0.0
80;2021-03-22;1023;317;0;61354;21996;0;10.8;3.9;0.0
80;2021-03-23;1906;433;0;63260;22429;0;11.1;3.9;0.0
80;2021-03-24;1805;477;0;65065;22906;0;11.4;4.0;0.0
80;2021-03-25;2838;468;0;67903;23374;0;11.9;4.1;0.0
80;2021-03-26;3256;444;0;71159;23818;0;12.5;4.2;0.0
80;2021-03-27;2389;227;0;73548;24045;0;12.9;4.2;0.0
80;2021-03-28;738;93;0;74286;24138;0;13.0;4.2;0.0
80;2021-03-29;2026;765;0;76312;24903;0;13.4;4.4;0.0
80;2021-03-30;2054;884;0;78366;25787;0;13.8;4.5;0.0
80;2021-03-31;1638;1014;0;80004;26801;0;14.0;4.7;0.0
80;2021-04-01;2142;1472;0;82146;28273;0;14.4;5.0;0.0
80;2021-04-02;2896;1605;0;85042;29878;0;14.9;5.2;0.0
80;2021-04-03;3095;858;0;88137;30736;0;15.5;5.4;0.0
80;2021-04-04;238;37;0;88375;30773;0;15.5;5.4;0.0
80;2021-04-05;789;201;0;89164;30974;0;15.6;5.4;0.0
80;2021-04-06;1406;992;0;90570;31966;0;15.9;5.6;0.0
80;2021-04-07;1713;1186;0;92283;33152;0;16.2;5.8;0.0
80;2021-04-08;2239;931;0;94522;34083;0;16.6;6.0;0.0
80;2021-04-09;3585;1407;0;98107;35490;0;17.2;6.2;0.0
80;2021-04-10;2690;1894;0;100797;37384;0;17.7;6.6;0.0
80;2021-04-11;280;228;0;101077;37612;0;17.7;6.6;0.0
80;2021-04-12;1944;585;0;103021;38197;0;18.1;6.7;0.0
80;2021-04-13;2484;1047;0;105505;39244;0;18.5;6.9;0.0
80;2021-04-14;2872;1197;0;108377;40441;0;19.0;7.1;0.0
80;2021-04-15;3701;930;0;112078;41371;0;19.7;7.3;0.0
80;2021-04-16;3441;1008;0;115519;42379;0;20.3;7.4;0.0
80;2021-04-17;1759;2363;0;117278;44742;0;20.6;7.9;0.0
80;2021-04-18;401;488;0;117679;45230;0;20.7;7.9;0.0
80;2021-04-19;1042;901;0;118721;46131;0;20.8;8.1;0.0
80;2021-04-20;1708;960;0;120429;47091;0;21.1;8.3;0.0
80;2021-04-21;1741;1054;0;122170;48145;0;21.4;8.4;0.0
80;2021-04-22;2208;1356;0;124378;49501;0;21.8;8.7;0.0
80;2021-04-23;2693;1411;0;127071;50912;0;22.3;8.9;0.0
80;2021-04-24;1495;1337;0;128566;52249;0;22.6;9.2;0.0
80;2021-04-25;275;594;0;128841;52843;0;22.6;9.3;0.0
80;2021-04-26;1455;1500;0;130296;54343;0;22.9;9.5;0.0
80;2021-04-27;2158;1520;0;132454;55863;0;23.2;9.8;0.0
80;2021-04-28;2345;1518;0;134799;57381;0;23.7;10.1;0.0
80;2021-04-29;3350;2061;0;138149;59442;0;24.2;10.4;0.0
80;2021-04-30;3227;2985;0;141376;62427;0;24.8;11.0;0.0
80;2021-05-01;1090;747;0;142466;63174;0;25.0;11.1;0.0
80;2021-05-02;530;130;0;142996;63304;0;25.1;11.1;0.0
80;2021-05-03;2786;1281;0;145782;64585;0;25.6;11.3;0.0
80;2021-05-04;2670;1815;0;148452;66400;0;26.1;11.7;0.0
80;2021-05-05;3463;1997;0;151915;68397;0;26.7;12.0;0.0
80;2021-05-06;3304;2524;0;155219;70921;0;27.2;12.4;0.0
80;2021-05-07;3572;2700;0;158791;73621;0;27.9;12.9;0.0
80;2021-05-08;2980;883;0;161771;74504;0;28.4;13.1;0.0
80;2021-05-09;1647;302;0;163418;74806;0;28.7;13.1;0.0
80;2021-05-10;2040;1963;0;165458;76769;0;29.0;13.5;0.0
80;2021-05-11;3384;1920;0;168842;78689;0;29.6;13.8;0.0
80;2021-05-12;4652;1694;0;173494;80383;0;30.4;14.1;0.0
80;2021-05-13;3933;429;0;177427;80812;0;31.1;14.2;0.0
80;2021-05-14;5200;1457;0;182627;82269;0;32.1;14.4;0.0
80;2021-05-15;5908;1042;0;188535;83311;0;33.1;14.6;0.0
80;2021-05-16;2811;314;0;191346;83625;0;33.6;14.7;0.0
80;2021-05-17;2565;917;0;193911;84542;0;34.0;14.8;0.0
80;2021-05-18;3924;927;0;197835;85469;0;34.7;15.0;0.0
80;2021-05-19;4012;1036;0;201847;86505;0;35.4;15.2;0.0
80;2021-05-20;4665;1257;0;206512;87762;0;36.2;15.4;0.0
80;2021-05-21;4951;1694;0;211463;89456;0;37.1;15.7;0.0
80;2021-05-22;5187;1210;0;216650;90666;0;38.0;15.9;0.0
80;2021-05-23;2015;262;0;218665;90928;0;38.4;16.0;0.0
80;2021-05-24;1788;209;0;220453;91137;0;38.7;16.0;0.0
80;2021-05-25;2809;1237;0;223262;92374;0;39.2;16.2;0.0
80;2021-05-26;4359;1766;0;227621;94140;0;39.9;16.5;0.0
80;2021-05-27;4043;2471;0;231664;96611;0;40.7;17.0;0.0
80;2021-05-28;3888;2992;0;235552;99603;0;41.3;17.5;0.0
80;2021-05-29;3725;1670;0;239277;101273;0;42.0;17.8;0.0
80;2021-05-30;1215;206;0;240492;101479;0;42.2;17.8;0.0
80;2021-05-31;2715;1458;0;243207;102937;0;42.7;18.1;0.0
80;2021-06-01;4056;2504;0;247263;105441;0;43.4;18.5;0.0
80;2021-06-02;3324;2097;0;250587;107538;0;44.0;18.9;0.0
80;2021-06-03;4245;3049;0;254832;110587;0;44.7;19.4;0.0
80;2021-06-04;4635;3164;0;259467;113751;0;45.5;20.0;0.0
80;2021-06-05;3483;2216;0;262950;115967;0;46.2;20.4;0.0
80;2021-06-06;855;227;0;263805;116194;0;46.3;20.4;0.0
80;2021-06-07;1867;2097;0;265672;118291;0;46.6;20.8;0.0
80;2021-06-08;2734;2762;0;268406;121053;0;47.1;21.2;0.0
80;2021-06-09;2917;2823;0;271323;123876;0;47.6;21.7;0.0
80;2021-06-10;3133;3266;0;274456;127142;0;48.2;22.3;0.0
80;2021-06-11;3165;3954;0;277621;131096;0;48.7;23.0;0.0
80;2021-06-12;3028;2433;0;280649;133529;0;49.3;23.4;0.0
80;2021-06-13;547;546;0;281196;134075;0;49.4;23.5;0.0
80;2021-06-14;1397;3025;0;282593;137100;0;49.6;24.1;0.0
80;2021-06-15;2362;3587;0;284955;140687;0;50.0;24.7;0.0
80;2021-06-16;1653;4341;0;286608;145028;0;50.3;25.5;0.0
80;2021-06-17;2453;3817;0;289061;148845;0;50.7;26.1;0.0
80;2021-06-18;2576;4142;0;291637;152987;0;51.2;26.9;0.0
80;2021-06-19;2892;4483;0;294529;157470;0;51.7;27.6;0.0
80;2021-06-20;326;1250;0;294855;158720;0;51.7;27.9;0.0
80;2021-06-21;1074;2820;0;295929;161540;0;51.9;28.4;0.0
80;2021-06-22;1244;4146;0;297173;165686;0;52.2;29.1;0.0
80;2021-06-23;1798;5242;0;298971;170928;0;52.5;30.0;0.0
80;2021-06-24;1788;4778;0;300759;175706;0;52.8;30.8;0.0
80;2021-06-25;1424;6193;0;302183;181899;0;53.0;31.9;0.0
80;2021-06-26;1897;6209;0;304080;188108;0;53.4;33.0;0.0
80;2021-06-27;413;2216;0;304493;190324;0;53.4;33.4;0.0
80;2021-06-28;997;3403;0;305490;193727;0;53.6;34.0;0.0
80;2021-06-29;1866;4707;0;307356;198434;0;53.9;34.8;0.0
80;2021-06-30;1297;4835;0;308653;203269;0;54.2;35.7;0.0
80;2021-07-01;1669;5066;0;310322;208335;0;54.5;36.6;0.0
80;2021-07-02;1898;6097;0;312220;214432;0;54.8;37.6;0.0
80;2021-07-03;1356;5419;0;313576;219851;0;55.0;38.6;0.0
80;2021-07-04;777;1697;0;314353;221548;0;55.2;38.9;0.0
80;2021-07-05;972;3236;0;315325;224784;0;55.3;39.5;0.0
80;2021-07-06;1855;4061;0;317180;228845;0;55.7;40.2;0.0
80;2021-07-07;1557;4598;0;318737;233443;0;55.9;41.0;0.0
80;2021-07-08;2114;4995;0;320851;238438;0;56.3;41.8;0.0
80;2021-07-09;2608;5417;0;323459;243855;0;56.8;42.8;0.0
80;2021-07-10;1634;4145;0;325093;248000;0;57.1;43.5;0.0
80;2021-07-11;448;949;0;325541;248949;0;57.1;43.7;0.0
80;2021-07-12;952;3596;0;326493;252545;0;57.3;44.3;0.0
80;2021-07-13;2165;5191;0;328658;257736;0;57.7;45.2;0.0
80;2021-07-14;2726;1641;0;331384;259377;0;58.2;45.5;0.0
80;2021-07-15;2865;5308;0;334249;264685;0;58.7;46.5;0.0
80;2021-07-16;3864;5767;0;338113;270452;0;59.3;47.5;0.0
80;2021-07-17;3324;4363;0;341437;274815;0;59.9;48.2;0.0
80;2021-07-18;1025;1019;0;342462;275834;0;60.1;48.4;0.0
80;2021-07-19;2273;3182;0;344735;279016;0;60.5;49.0;0.0
80;2021-07-20;3318;4940;0;348053;283956;0;61.1;49.8;0.0
80;2021-07-21;3498;4402;0;351551;288358;0;61.7;50.6;0.0
80;2021-07-22;4165;4560;0;355716;292918;0;62.4;51.4;0.0
80;2021-07-23;4949;4739;0;360665;297657;0;63.3;52.2;0.0
80;2021-07-24;4087;4302;0;364752;301959;0;64.0;53.0;0.0
80;2021-07-25;1228;725;0;365980;302684;0;64.2;53.1;0.0
80;2021-07-26;2685;2451;0;368665;305135;0;64.7;53.6;0.0
80;2021-07-27;4149;3701;0;372814;308836;0;65.4;54.2;0.0
80;2021-07-28;4694;2788;0;377508;311624;0;66.3;54.7;0.0
80;2021-07-29;4796;3250;0;382304;314874;0;67.1;55.3;0.0
80;2021-07-30;4755;3629;0;387059;318503;0;67.9;55.9;0.0
80;2021-07-31;3909;2984;0;390968;321487;0;68.6;56.4;0.0
80;2021-08-01;1320;421;0;392288;321908;0;68.9;56.5;0.0
80;2021-08-02;2100;1879;0;394388;323787;0;69.2;56.8;0.0
80;2021-08-03;3470;2446;0;397858;326233;0;69.8;57.3;0.0
80;2021-08-04;3220;2518;0;401078;328751;0;70.4;57.7;0.0
80;2021-08-05;3060;2616;0;404138;331367;0;70.9;58.2;0.0
80;2021-08-06;3048;2882;0;407186;334249;0;71.5;58.7;0.0
80;2021-08-07;2304;2539;0;409490;336788;0;71.9;59.1;0.0
80;2021-08-08;652;814;0;410142;337602;0;72.0;59.3;0.0
80;2021-08-09;1407;2216;0;411549;339818;0;72.2;59.6;0.0
80;2021-08-10;2251;2883;0;413800;342701;0;72.6;60.1;0.0
80;2021-08-11;1820;2442;0;415620;345143;0;72.9;60.6;0.0
80;2021-08-12;2092;2685;0;417712;347828;0;73.3;61.0;0.0
80;2021-08-13;1804;3001;0;419516;350829;0;73.6;61.6;0.0
80;2021-08-14;1283;1991;0;420799;352820;0;73.9;61.9;0.0
80;2021-08-15;378;669;0;421177;353489;0;73.9;62.0;0.0
80;2021-08-16;976;2648;0;422153;356137;0;74.1;62.5;0.0
80;2021-08-17;1613;3498;0;423766;359635;0;74.4;63.1;0.0
80;2021-08-18;1148;3631;0;424914;363266;0;74.6;63.8;0.0
80;2021-08-19;1425;3830;0;426339;367096;0;74.8;64.4;0.0
80;2021-08-20;1213;4311;0;427552;371407;0;75.0;65.2;0.0
80;2021-08-21;982;2750;0;428534;374157;0;75.2;65.7;0.0
80;2021-08-22;134;797;0;428668;374954;0;75.2;65.8;0.0
80;2021-08-23;616;3187;0;429284;378141;0;75.3;66.4;0.0
80;2021-08-24;1058;4314;0;430342;382455;0;75.5;67.1;0.0
80;2021-08-25;914;3533;0;431256;385988;0;75.7;67.7;0.0
80;2021-08-26;952;3798;0;432208;389786;0;75.9;68.4;0.0
80;2021-08-27;1030;4340;0;433238;394126;0;76.0;69.2;0.0
80;2021-08-28;656;3222;0;433894;397348;0;76.2;69.7;0.0
80;2021-08-29;193;665;0;434087;398013;0;76.2;69.9;0.0
80;2021-08-30;526;2400;32;434613;400413;32;76.3;70.3;0.0
80;2021-08-31;735;3091;89;435348;403504;121;76.4;70.8;0.0
80;2021-09-01;688;2228;184;436036;405732;305;76.5;71.2;0.1
80;2021-09-02;575;2046;208;436611;407778;513;76.6;71.6;0.1
80;2021-09-03;760;2709;324;437371;410487;837;76.8;72.0;0.1
80;2021-09-04;912;2475;170;438283;412962;1007;76.9;72.5;0.2
80;2021-09-05;163;408;38;438446;413370;1045;77.0;72.6;0.2
80;2021-09-06;411;1363;285;438857;414733;1330;77.0;72.8;0.2
80;2021-09-07;499;1568;274;439356;416301;1604;77.1;73.1;0.3
80;2021-09-08;464;1478;369;439820;417779;1973;77.2;73.3;0.3
80;2021-09-09;522;1395;266;440342;419174;2239;77.3;73.6;0.4
80;2021-09-10;645;1690;395;440987;420864;2634;77.4;73.9;0.5
80;2021-09-11;486;1757;167;441473;422621;2801;77.5;74.2;0.5
80;2021-09-12;73;291;23;441546;422912;2824;77.5;74.2;0.5
80;2021-09-13;324;805;420;441870;423717;3244;77.6;74.4;0.6
80;2021-09-14;600;981;582;442470;424698;3826;77.7;74.5;0.7
80;2021-09-15;379;995;540;442849;425693;4366;77.7;74.7;0.8
80;2021-09-16;483;979;435;443332;426672;4801;77.8;74.9;0.8
80;2021-09-17;521;1196;642;443853;427868;5443;77.9;75.1;1.0
80;2021-09-18;327;1146;265;444180;429014;5708;78.0;75.3;1.0
80;2021-09-19;14;156;19;444194;429170;5727;78.0;75.3;1.0
80;2021-09-20;315;457;343;444509;429627;6070;78.0;75.4;1.1
80;2021-09-21;273;567;545;444782;430194;6615;78.1;75.5;1.2
80;2021-09-22;272;701;579;445054;430895;7194;78.1;75.6;1.3
80;2021-09-23;306;528;611;445360;431423;7805;78.2;75.7;1.4
80;2021-09-24;384;915;714;445744;432338;8519;78.2;75.9;1.5
80;2021-09-25;286;1053;350;446030;433391;8869;78.3;76.1;1.6
80;2021-09-26;12;99;11;446042;433490;8880;78.3;76.1;1.6
80;2021-09-27;178;545;416;446220;434035;9296;78.3;76.2;1.6
80;2021-09-28;156;399;471;446376;434434;9767;78.3;76.2;1.7
80;2021-09-29;283;545;458;446659;434979;10225;78.4;76.3;1.8
80;2021-09-30;197;344;493;446856;435323;10718;78.4;76.4;1.9
80;2021-10-01;334;732;851;447190;436055;11569;78.5;76.5;2.0
80;2021-10-02;320;806;317;447510;436861;11886;78.5;76.7;2.1
80;2021-10-03;17;63;30;447527;436924;11916;78.5;76.7;2.1
80;2021-10-04;158;336;487;447685;437260;12403;78.6;76.7;2.2
80;2021-10-05;160;443;537;447845;437703;12940;78.6;76.8;2.3
80;2021-10-06;273;447;565;448118;438150;13505;78.6;76.9;2.4
80;2021-10-07;198;448;510;448316;438598;14015;78.7;77.0;2.5
80;2021-10-08;280;717;887;448596;439315;14902;78.7;77.1;2.6
80;2021-10-09;269;458;456;448865;439773;15358;78.8;77.2;2.7
80;2021-10-10;22;17;38;448887;439790;15396;78.8;77.2;2.7
80;2021-10-11;156;221;671;449043;440011;16067;78.8;77.2;2.8
80;2021-10-12;178;390;746;449221;440401;16813;78.8;77.3;3.0
80;2021-10-13;197;278;745;449418;440679;17558;78.9;77.3;3.1
80;2021-10-14;212;320;630;449630;440999;18188;78.9;77.4;3.2
80;2021-10-15;319;528;1198;449949;441527;19386;79.0;77.5;3.4
80;2021-10-16;225;370;556;450174;441897;19942;79.0;77.6;3.5
80;2021-10-17;19;17;41;450193;441914;19983;79.0;77.6;3.5
80;2021-10-18;166;309;688;450359;442223;20671;79.0;77.6;3.6
80;2021-10-19;108;167;608;450467;442390;21279;79.1;77.6;3.7
80;2021-10-20;186;266;737;450653;442656;22016;79.1;77.7;3.9
80;2021-10-21;177;282;875;450830;442938;22891;79.1;77.7;4.0
80;2021-10-22;271;385;1278;451101;443323;24169;79.2;77.8;4.2
80;2021-10-23;204;300;688;451305;443623;24857;79.2;77.9;4.4
80;2021-10-24;16;27;28;451321;443650;24885;79.2;77.9;4.4
80;2021-10-25;122;165;809;451443;443815;25694;79.2;77.9;4.5
80;2021-10-26;118;149;866;451561;443964;26560;79.3;77.9;4.7
80;2021-10-27;160;234;890;451721;444198;27450;79.3;78.0;4.8
80;2021-10-28;168;202;765;451889;444400;28215;79.3;78.0;5.0
80;2021-10-29;224;295;1312;452113;444695;29527;79.4;78.0;5.2
80;2021-10-30;159;240;769;452272;444935;30296;79.4;78.1;5.3
80;2021-10-31;12;21;28;452284;444956;30324;79.4;78.1;5.3
80;2021-11-01;7;13;12;452291;444969;30336;79.4;78.1;5.3
80;2021-11-02;180;206;945;452471;445175;31281;79.4;78.1;5.5
80;2021-11-03;88;217;866;452559;445392;32147;79.4;78.2;5.6
80;2021-11-04;135;206;761;452694;445598;32908;79.5;78.2;5.8
80;2021-11-05;252;349;1405;452946;445947;34313;79.5;78.3;6.0
80;2021-11-06;194;270;1017;453140;446217;35330;79.5;78.3;6.2
80;2021-11-07;9;28;54;453149;446245;35384;79.5;78.3;6.2
80;2021-11-08;98;138;871;453247;446383;36255;79.5;78.3;6.4
80;2021-11-09;122;178;1447;453369;446561;37702;79.6;78.4;6.6
80;2021-11-10;155;174;1356;453524;446735;39058;79.6;78.4;6.9
80;2021-11-11;10;9;95;453534;446744;39153;79.6;78.4;6.9
80;2021-11-12;231;320;1639;453765;447064;40792;79.6;78.5;7.2
80;2021-11-13;134;223;1043;453899;447287;41835;79.7;78.5;7.3
80;2021-11-14;22;15;81;453921;447302;41916;79.7;78.5;7.4
80;2021-11-15;95;127;853;454016;447429;42769;79.7;78.5;7.5
80;2021-11-16;145;154;1676;454161;447583;44445;79.7;78.6;7.8
80;2021-11-17;148;181;1285;454309;447764;45730;79.7;78.6;8.0
80;2021-11-18;145;190;1610;454454;447954;47340;79.8;78.6;8.3
80;2021-11-19;279;349;2365;454733;448303;49705;79.8;78.7;8.7
80;2021-11-20;245;263;1440;454978;448566;51145;79.9;78.7;9.0
80;2021-11-21;19;24;92;454997;448590;51237;79.9;78.7;9.0
80;2021-11-22;122;89;1191;455119;448679;52428;79.9;78.7;9.2
80;2021-11-23;146;129;1830;455265;448808;54258;79.9;78.8;9.5
80;2021-11-24;180;137;1670;455445;448945;55928;79.9;78.8;9.8
80;2021-11-25;163;177;2043;455608;449122;57971;80.0;78.8;10.2
80;2021-11-26;243;278;3927;455851;449400;61898;80.0;78.9;10.9
80;2021-11-27;180;238;4350;456031;449638;66248;80.0;78.9;11.6
80;2021-11-28;17;25;1190;456048;449663;67438;80.0;78.9;11.8
80;2021-11-29;97;117;3149;456145;449780;70587;80.1;78.9;12.4
80;2021-11-30;133;150;4977;456278;449930;75564;80.1;79.0;13.3
80;2021-12-01;120;180;4522;456398;450110;80086;80.1;79.0;14.1
80;2021-12-02;162;102;5896;456560;450212;85982;80.1;79.0;15.1
80;2021-12-03;188;233;7109;456748;450445;93091;80.2;79.1;16.3
80;2021-12-04;160;155;6471;456908;450600;99562;80.2;79.1;17.5
80;2021-12-05;39;44;1577;456947;450644;101139;80.2;79.1;17.8
80;2021-12-06;105;139;4292;457052;450783;105431;80.2;79.1;18.5
80;2021-12-07;113;139;6565;457165;450922;111996;80.2;79.1;19.7
80;2021-12-08;140;188;6305;457305;451110;118301;80.3;79.2;20.8
80;2021-12-09;139;135;7036;457444;451245;125337;80.3;79.2;22.0
80;2021-12-10;157;252;8794;457601;451497;134131;80.3;79.2;23.5
80;2021-12-11;156;202;6648;457757;451699;140779;80.3;79.3;24.7
80;2021-12-12;42;34;2326;457799;451733;143105;80.3;79.3;25.1
80;2021-12-13;82;112;5067;457881;451845;148172;80.4;79.3;26.0
80;2021-12-14;172;184;7434;458053;452029;155606;80.4;79.3;27.3
80;2021-12-15;162;177;7240;458215;452206;162846;80.4;79.4;28.6
80;2021-12-16;165;183;7985;458380;452389;170831;80.5;79.4;30.0
80;2021-12-17;223;288;8801;458603;452677;179632;80.5;79.4;31.5
80;2021-12-18;181;194;6781;458784;452871;186413;80.5;79.5;32.7
80;2021-12-19;34;37;1852;458818;452908;188265;80.5;79.5;33.0
80;2021-12-20;153;145;4789;458971;453053;193054;80.6;79.5;33.9
80;2021-12-21;240;210;6588;459211;453263;199642;80.6;79.6;35.0
80;2021-12-22;247;200;5077;459458;453463;204719;80.6;79.6;35.9
80;2021-12-23;166;138;4167;459624;453601;208886;80.7;79.6;36.7
80;2021-12-24;45;36;916;459669;453637;209802;80.7;79.6;36.8
80;2021-12-25;1;1;26;459670;453638;209828;80.7;79.6;36.8
80;2021-12-26;16;29;464;459686;453667;210292;80.7;79.6;36.9
81;2020-12-27;0;0;0;0;0;0;0.0;0.0;0.0
81;2020-12-28;0;0;0;0;0;0;0.0;0.0;0.0
81;2020-12-29;0;0;0;0;0;0;0.0;0.0;0.0
81;2020-12-30;0;0;0;0;0;0;0.0;0.0;0.0
81;2020-12-31;1;1;0;1;1;0;0.0;0.0;0.0
81;2021-01-01;0;0;0;1;1;0;0.0;0.0;0.0
81;2021-01-02;0;0;0;1;1;0;0.0;0.0;0.0
81;2021-01-03;0;0;0;1;1;0;0.0;0.0;0.0
81;2021-01-04;1;0;0;2;1;0;0.0;0.0;0.0
81;2021-01-05;2;0;0;4;1;0;0.0;0.0;0.0
81;2021-01-06;7;0;0;11;1;0;0.0;0.0;0.0
81;2021-01-07;269;0;0;280;1;0;0.1;0.0;0.0
81;2021-01-08;311;1;0;591;2;0;0.2;0.0;0.0
81;2021-01-09;71;1;0;662;3;0;0.2;0.0;0.0
81;2021-01-10;4;0;0;666;3;0;0.2;0.0;0.0
81;2021-01-11;146;0;0;812;3;0;0.2;0.0;0.0
81;2021-01-12;251;0;0;1063;3;0;0.3;0.0;0.0
81;2021-01-13;268;1;0;1331;4;0;0.3;0.0;0.0
81;2021-01-14;970;7;0;2301;11;0;0.6;0.0;0.0
81;2021-01-15;572;4;0;2873;15;0;0.7;0.0;0.0
81;2021-01-16;80;2;0;2953;17;0;0.8;0.0;0.0
81;2021-01-17;3;0;0;2956;17;0;0.8;0.0;0.0
81;2021-01-18;566;2;0;3522;19;0;0.9;0.0;0.0
81;2021-01-19;708;5;0;4230;24;0;1.1;0.0;0.0
81;2021-01-20;814;3;0;5044;27;0;1.3;0.0;0.0
81;2021-01-21;1206;13;0;6250;40;0;1.6;0.0;0.0
81;2021-01-22;851;3;0;7101;43;0;1.8;0.0;0.0
81;2021-01-23;227;2;0;7328;45;0;1.9;0.0;0.0
81;2021-01-24;100;0;0;7428;45;0;1.9;0.0;0.0
81;2021-01-25;563;6;0;7991;51;0;2.1;0.0;0.0
81;2021-01-26;636;7;0;8627;58;0;2.2;0.0;0.0
81;2021-01-27;581;3;0;9208;61;0;2.4;0.0;0.0
81;2021-01-28;659;226;0;9867;287;0;2.5;0.1;0.0
81;2021-01-29;317;187;0;10184;474;0;2.6;0.1;0.0
81;2021-01-30;198;38;0;10382;512;0;2.7;0.1;0.0
81;2021-01-31;98;1;0;10480;513;0;2.7;0.1;0.0
81;2021-02-01;296;172;0;10776;685;0;2.8;0.2;0.0
81;2021-02-02;441;182;0;11217;867;0;2.9;0.2;0.0
81;2021-02-03;478;288;0;11695;1155;0;3.0;0.3;0.0
81;2021-02-04;1374;700;0;13069;1855;0;3.4;0.5;0.0
81;2021-02-05;822;325;0;13891;2180;0;3.6;0.6;0.0
81;2021-02-06;242;19;0;14133;2199;0;3.6;0.6;0.0
81;2021-02-07;97;1;0;14230;2200;0;3.7;0.6;0.0
81;2021-02-08;272;226;0;14502;2426;0;3.7;0.6;0.0
81;2021-02-09;430;273;0;14932;2699;0;3.8;0.7;0.0
81;2021-02-10;375;338;0;15307;3037;0;3.9;0.8;0.0
81;2021-02-11;657;481;0;15964;3518;0;4.1;0.9;0.0
81;2021-02-12;543;526;0;16507;4044;0;4.3;1.0;0.0
81;2021-02-13;196;163;0;16703;4207;0;4.3;1.1;0.0
81;2021-02-14;93;1;0;16796;4208;0;4.3;1.1;0.0
81;2021-02-15;236;453;0;17032;4661;0;4.4;1.2;0.0
81;2021-02-16;290;636;0;17322;5297;0;4.5;1.4;0.0
81;2021-02-17;247;546;0;17569;5843;0;4.5;1.5;0.0
81;2021-02-18;488;700;0;18057;6543;0;4.7;1.7;0.0
81;2021-02-19;570;433;0;18627;6976;0;4.8;1.8;0.0
81;2021-02-20;317;279;0;18944;7255;0;4.9;1.9;0.0
81;2021-02-21;22;81;0;18966;7336;0;4.9;1.9;0.0
81;2021-02-22;232;540;0;19198;7876;0;4.9;2.0;0.0
81;2021-02-23;185;593;0;19383;8469;0;5.0;2.2;0.0
81;2021-02-24;298;667;0;19681;9136;0;5.1;2.4;0.0
81;2021-02-25;715;1018;0;20396;10154;0;5.3;2.6;0.0
81;2021-02-26;943;927;0;21339;11081;0;5.5;2.9;0.0
81;2021-02-27;283;234;0;21622;11315;0;5.6;2.9;0.0
81;2021-02-28;18;85;0;21640;11400;0;5.6;2.9;0.0
81;2021-03-01;233;416;0;21873;11816;0;5.6;3.0;0.0
81;2021-03-02;389;507;0;22262;12323;0;5.7;3.2;0.0
81;2021-03-03;485;444;0;22747;12767;0;5.9;3.3;0.0
81;2021-03-04;1119;459;0;23866;13226;0;6.2;3.4;0.0
81;2021-03-05;1403;409;0;25269;13635;0;6.5;3.5;0.0
81;2021-03-06;1010;164;0;26279;13799;0;6.8;3.6;0.0
81;2021-03-07;189;92;0;26468;13891;0;6.8;3.6;0.0
81;2021-03-08;485;360;0;26953;14251;0;6.9;3.7;0.0
81;2021-03-09;827;367;0;27780;14618;0;7.2;3.8;0.0
81;2021-03-10;926;399;0;28706;15017;0;7.4;3.9;0.0
81;2021-03-11;1380;371;0;30086;15388;0;7.8;4.0;0.0
81;2021-03-12;1724;321;0;31810;15709;0;8.2;4.0;0.0
81;2021-03-13;1063;199;0;32873;15908;0;8.5;4.1;0.0
81;2021-03-14;67;78;0;32940;15986;0;8.5;4.1;0.0
81;2021-03-15;1078;239;0;34018;16225;0;8.8;4.2;0.0
81;2021-03-16;737;250;0;34755;16475;0;9.0;4.2;0.0
81;2021-03-17;851;282;0;35606;16757;0;9.2;4.3;0.0
81;2021-03-18;967;573;0;36573;17330;0;9.4;4.5;0.0
81;2021-03-19;1294;472;0;37867;17802;0;9.8;4.6;0.0
81;2021-03-20;698;285;0;38565;18087;0;9.9;4.7;0.0
81;2021-03-21;142;22;0;38707;18109;0;10.0;4.7;0.0
81;2021-03-22;950;286;0;39657;18395;0;10.2;4.7;0.0
81;2021-03-23;1462;231;0;41119;18626;0;10.6;4.8;0.0
81;2021-03-24;1675;298;0;42794;18924;0;11.0;4.9;0.0
81;2021-03-25;2125;363;0;44919;19287;0;11.6;5.0;0.0
81;2021-03-26;2157;302;0;47076;19589;0;12.1;5.1;0.0
81;2021-03-27;1144;42;0;48220;19631;0;12.4;5.1;0.0
81;2021-03-28;716;41;0;48936;19672;0;12.6;5.1;0.0
81;2021-03-29;2792;185;0;51728;19857;0;13.3;5.1;0.0
81;2021-03-30;3088;240;0;54816;20097;0;14.1;5.2;0.0
81;2021-03-31;2694;283;0;57510;20380;0;14.8;5.3;0.0
81;2021-04-01;3326;571;0;60836;20951;0;15.7;5.4;0.0
81;2021-04-02;2658;401;0;63494;21352;0;16.4;5.5;0.0
81;2021-04-03;1149;305;0;64643;21657;0;16.7;5.6;0.0
81;2021-04-04;1333;26;0;65976;21683;0;17.0;5.6;0.0
81;2021-04-05;713;20;0;66689;21703;0;17.2;5.6;0.0
81;2021-04-06;1649;525;0;68338;22228;0;17.6;5.7;0.0
81;2021-04-07;1860;566;0;70198;22794;0;18.1;5.9;0.0
81;2021-04-08;2659;822;0;72857;23616;0;18.8;6.1;0.0
81;2021-04-09;3041;480;0;75898;24096;0;19.6;6.2;0.0
81;2021-04-10;1474;504;0;77372;24600;0;19.9;6.3;0.0
81;2021-04-11;1236;71;0;78608;24671;0;20.3;6.4;0.0
81;2021-04-12;1305;677;0;79913;25348;0;20.6;6.5;0.0
81;2021-04-13;2527;812;0;82440;26160;0;21.3;6.7;0.0
81;2021-04-14;2471;840;0;84911;27000;0;21.9;7.0;0.0
81;2021-04-15;3126;1236;0;88037;28236;0;22.7;7.3;0.0
81;2021-04-16;2735;1100;0;90772;29336;0;23.4;7.6;0.0
81;2021-04-17;1252;338;0;92024;29674;0;23.7;7.6;0.0
81;2021-04-18;497;139;0;92521;29813;0;23.9;7.7;0.0
81;2021-04-19;930;826;0;93451;30639;0;24.1;7.9;0.0
81;2021-04-20;2247;1200;0;95698;31839;0;24.7;8.2;0.0
81;2021-04-21;2155;1065;0;97853;32904;0;25.2;8.5;0.0
81;2021-04-22;2762;1134;0;100615;34038;0;25.9;8.8;0.0
81;2021-04-23;2752;1024;0;103367;35062;0;26.6;9.0;0.0
81;2021-04-24;1258;771;0;104625;35833;0;27.0;9.2;0.0
81;2021-04-25;433;689;0;105058;36522;0;27.1;9.4;0.0
81;2021-04-26;1062;2330;0;106120;38852;0;27.4;10.0;0.0
81;2021-04-27;1516;2341;0;107636;41193;0;27.7;10.6;0.0
81;2021-04-28;1383;2400;0;109019;43593;0;28.1;11.2;0.0
81;2021-04-29;1747;2749;0;110766;46342;0;28.6;11.9;0.0
81;2021-04-30;1931;2323;0;112697;48665;0;29.1;12.5;0.0
81;2021-05-01;380;657;0;113077;49322;0;29.2;12.7;0.0
81;2021-05-02;302;1309;0;113379;50631;0;29.2;13.1;0.0
81;2021-05-03;1102;1205;0;114481;51836;0;29.5;13.4;0.0
81;2021-05-04;2444;1895;0;116925;53731;0;30.1;13.9;0.0
81;2021-05-05;1963;1944;0;118888;55675;0;30.6;14.4;0.0
81;2021-05-06;2659;3418;0;121547;59093;0;31.3;15.2;0.0
81;2021-05-07;1998;2963;0;123545;62056;0;31.8;16.0;0.0
81;2021-05-08;876;944;0;124421;63000;0;32.1;16.2;0.0
81;2021-05-09;572;1278;0;124993;64278;0;32.2;16.6;0.0
81;2021-05-10;839;1624;0;125832;65902;0;32.4;17.0;0.0
81;2021-05-11;1562;2538;0;127394;68440;0;32.8;17.6;0.0
81;2021-05-12;1520;2439;0;128914;70879;0;33.2;18.3;0.0
81;2021-05-13;1167;567;0;130081;71446;0;33.5;18.4;0.0
81;2021-05-14;1805;1660;0;131886;73106;0;34.0;18.8;0.0
81;2021-05-15;1397;596;0;133283;73702;0;34.4;19.0;0.0
81;2021-05-16;1161;385;0;134444;74087;0;34.7;19.1;0.0
81;2021-05-17;1068;884;0;135512;74971;0;34.9;19.3;0.0
81;2021-05-18;1619;1446;0;137131;76417;0;35.4;19.7;0.0
81;2021-05-19;2481;1229;0;139612;77646;0;36.0;20.0;0.0
81;2021-05-20;2769;1348;0;142381;78994;0;36.7;20.4;0.0
81;2021-05-21;2510;1149;0;144891;80143;0;37.4;20.7;0.0
81;2021-05-22;2323;506;0;147214;80649;0;38.0;20.8;0.0
81;2021-05-23;995;72;0;148209;80721;0;38.2;20.8;0.0
81;2021-05-24;678;88;0;148887;80809;0;38.4;20.8;0.0
81;2021-05-25;2223;1072;0;151110;81881;0;39.0;21.1;0.0
81;2021-05-26;1661;848;0;152771;82729;0;39.4;21.3;0.0
81;2021-05-27;2275;1580;0;155046;84309;0;40.0;21.7;0.0
81;2021-05-28;2266;1700;0;157312;86009;0;40.6;22.2;0.0
81;2021-05-29;1211;551;0;158523;86560;0;40.9;22.3;0.0
81;2021-05-30;756;199;0;159279;86759;0;41.1;22.4;0.0
81;2021-05-31;1056;1336;0;160335;88095;0;41.3;22.7;0.0
81;2021-06-01;1710;2607;0;162045;90702;0;41.8;23.4;0.0
81;2021-06-02;1871;2360;0;163916;93062;0;42.3;24.0;0.0
81;2021-06-03;1883;2507;0;165799;95569;0;42.7;24.6;0.0
81;2021-06-04;1925;2854;0;167724;98423;0;43.2;25.4;0.0
81;2021-06-05;1467;1224;0;169191;99647;0;43.6;25.7;0.0
81;2021-06-06;461;356;0;169652;100003;0;43.7;25.8;0.0
81;2021-06-07;1193;1510;0;170845;101513;0;44.0;26.2;0.0
81;2021-06-08;2282;2290;0;173127;103803;0;44.6;26.8;0.0
81;2021-06-09;2350;1781;0;175477;105584;0;45.2;27.2;0.0
81;2021-06-10;1318;1521;0;176795;107105;0;45.6;27.6;0.0
81;2021-06-11;2520;2128;0;179315;109233;0;46.2;28.2;0.0
81;2021-06-12;1579;1010;0;180894;110243;0;46.6;28.4;0.0
81;2021-06-13;514;494;0;181408;110737;0;46.8;28.5;0.0
81;2021-06-14;844;1415;0;182252;112152;0;47.0;28.9;0.0
81;2021-06-15;1656;3357;0;183908;115509;0;47.4;29.8;0.0
81;2021-06-16;1305;2845;0;185213;118354;0;47.7;30.5;0.0
81;2021-06-17;1360;2475;0;186573;120829;0;48.1;31.1;0.0
81;2021-06-18;1863;2632;0;188436;123461;0;48.6;31.8;0.0
81;2021-06-19;884;968;0;189320;124429;0;48.8;32.1;0.0
81;2021-06-20;446;475;0;189766;124904;0;48.9;32.2;0.0
81;2021-06-21;472;1082;0;190238;125986;0;49.0;32.5;0.0
81;2021-06-22;1100;2388;0;191338;128374;0;49.3;33.1;0.0
81;2021-06-23;1144;2058;0;192482;130432;0;49.6;33.6;0.0
81;2021-06-24;1143;1842;0;193625;132274;0;49.9;34.1;0.0
81;2021-06-25;1203;2673;0;194828;134947;0;50.2;34.8;0.0
81;2021-06-26;740;1565;0;195568;136512;0;50.4;35.2;0.0
81;2021-06-27;542;1402;0;196110;137914;0;50.6;35.6;0.0
81;2021-06-28;508;1476;0;196618;139390;0;50.7;35.9;0.0
81;2021-06-29;1055;2493;0;197673;141883;0;51.0;36.6;0.0
81;2021-06-30;1021;2957;0;198694;144840;0;51.2;37.3;0.0
81;2021-07-01;917;2503;0;199611;147343;0;51.5;38.0;0.0
81;2021-07-02;1040;2804;0;200651;150147;0;51.7;38.7;0.0
81;2021-07-03;730;2408;0;201381;152555;0;51.9;39.3;0.0
81;2021-07-04;297;912;0;201678;153467;0;52.0;39.6;0.0
81;2021-07-05;753;1533;0;202431;155000;0;52.2;40.0;0.0
81;2021-07-06;993;2984;1;203424;157984;1;52.4;40.7;0.0
81;2021-07-07;1055;2290;0;204479;160274;1;52.7;41.3;0.0
81;2021-07-08;1017;2152;1;205496;162426;2;53.0;41.9;0.0
81;2021-07-09;1175;2599;0;206671;165025;2;53.3;42.5;0.0
81;2021-07-10;788;1421;0;207459;166446;2;53.5;42.9;0.0
81;2021-07-11;449;921;0;207908;167367;2;53.6;43.1;0.0
81;2021-07-12;782;1649;0;208690;169016;2;53.8;43.6;0.0
81;2021-07-13;2005;2953;0;210695;171969;2;54.3;44.3;0.0
81;2021-07-14;1454;1438;0;212149;173407;2;54.7;44.7;0.0
81;2021-07-15;2454;2718;0;214603;176125;2;55.3;45.4;0.0
81;2021-07-16;2097;2933;0;216700;179058;2;55.9;46.2;0.0
81;2021-07-17;1313;2316;0;218013;181374;2;56.2;46.8;0.0
81;2021-07-18;730;1147;0;218743;182521;2;56.4;47.1;0.0
81;2021-07-19;1171;1755;0;219914;184276;2;56.7;47.5;0.0
81;2021-07-20;2753;2685;0;222667;186961;2;57.4;48.2;0.0
81;2021-07-21;3207;2272;0;225874;189233;2;58.2;48.8;0.0
81;2021-07-22;3210;2047;0;229084;191280;2;59.1;49.3;0.0
81;2021-07-23;2923;3132;0;232007;194412;2;59.8;50.1;0.0
81;2021-07-24;2439;1690;0;234446;196102;2;60.4;50.6;0.0
81;2021-07-25;1555;738;0;236001;196840;2;60.8;50.7;0.0
81;2021-07-26;1871;1545;0;237872;198385;2;61.3;51.1;0.0
81;2021-07-27;3233;2379;0;241105;200764;2;62.2;51.8;0.0
81;2021-07-28;2877;2097;0;243982;202861;2;62.9;52.3;0.0
81;2021-07-29;3134;1754;0;247116;204615;2;63.7;52.7;0.0
81;2021-07-30;2673;2214;0;249789;206829;2;64.4;53.3;0.0
81;2021-07-31;1824;1012;0;251613;207841;2;64.9;53.6;0.0
81;2021-08-01;811;640;0;252424;208481;2;65.1;53.7;0.0
81;2021-08-02;1154;1044;0;253578;209525;2;65.4;54.0;0.0
81;2021-08-03;2216;2017;0;255794;211542;2;65.9;54.5;0.0
81;2021-08-04;1962;1502;0;257756;213044;2;66.4;54.9;0.0
81;2021-08-05;1482;1814;0;259238;214858;2;66.8;55.4;0.0
81;2021-08-06;1650;1981;0;260888;216839;2;67.3;55.9;0.0
81;2021-08-07;959;1086;0;261847;217925;2;67.5;56.2;0.0
81;2021-08-08;428;752;0;262275;218677;2;67.6;56.4;0.0
81;2021-08-09;814;794;0;263089;219471;2;67.8;56.6;0.0
81;2021-08-10;1535;2544;0;264624;222015;2;68.2;57.2;0.0
81;2021-08-11;1110;2345;0;265734;224360;2;68.5;57.8;0.0
81;2021-08-12;1068;2154;0;266802;226514;2;68.8;58.4;0.0
81;2021-08-13;906;2346;0;267708;228860;2;69.0;59.0;0.0
81;2021-08-14;519;1753;0;268227;230613;2;69.1;59.5;0.0
81;2021-08-15;185;1045;0;268412;231658;2;69.2;59.7;0.0
81;2021-08-16;683;1726;0;269095;233384;2;69.4;60.2;0.0
81;2021-08-17;1283;2915;0;270378;236299;2;69.7;60.9;0.0
81;2021-08-18;1020;2295;0;271398;238594;2;70.0;61.5;0.0
81;2021-08-19;924;2182;0;272322;240776;2;70.2;62.1;0.0
81;2021-08-20;913;2255;0;273235;243031;2;70.4;62.7;0.0
81;2021-08-21;489;1575;0;273724;244606;2;70.6;63.1;0.0
81;2021-08-22;215;956;0;273939;245562;2;70.6;63.3;0.0
81;2021-08-23;501;1329;0;274440;246891;2;70.8;63.6;0.0
81;2021-08-24;793;2463;0;275233;249354;2;71.0;64.3;0.0
81;2021-08-25;717;2057;0;275950;251411;2;71.1;64.8;0.0
81;2021-08-26;869;2041;0;276819;253452;2;71.4;65.3;0.0
81;2021-08-27;828;2112;0;277647;255564;2;71.6;65.9;0.0
81;2021-08-28;469;1422;0;278116;256986;2;71.7;66.3;0.0
81;2021-08-29;178;845;0;278294;257831;2;71.7;66.5;0.0
81;2021-08-30;427;1127;27;278721;258958;29;71.9;66.8;0.0
81;2021-08-31;787;1954;92;279508;260912;121;72.1;67.3;0.0
81;2021-09-01;695;1225;172;280203;262137;293;72.2;67.6;0.1
81;2021-09-02;577;1005;207;280780;263142;500;72.4;67.8;0.1
81;2021-09-03;587;1274;193;281367;264416;693;72.5;68.2;0.2
81;2021-09-04;499;898;72;281866;265314;765;72.7;68.4;0.2
81;2021-09-05;119;248;24;281985;265562;789;72.7;68.5;0.2
81;2021-09-06;302;537;197;282287;266099;986;72.8;68.6;0.3
81;2021-09-07;396;1050;268;282683;267149;1254;72.9;68.9;0.3
81;2021-09-08;423;1080;192;283106;268229;1446;73.0;69.1;0.4
81;2021-09-09;383;801;228;283489;269030;1674;73.1;69.4;0.4
81;2021-09-10;409;957;269;283898;269987;1943;73.2;69.6;0.5
81;2021-09-11;396;881;75;284294;270868;2018;73.3;69.8;0.5
81;2021-09-12;80;239;30;284374;271107;2048;73.3;69.9;0.5
81;2021-09-13;241;473;274;284615;271580;2322;73.4;70.0;0.6
81;2021-09-14;490;683;452;285105;272263;2774;73.5;70.2;0.7
81;2021-09-15;445;788;481;285550;273051;3255;73.6;70.4;0.8
81;2021-09-16;346;537;387;285896;273588;3642;73.7;70.5;0.9
81;2021-09-17;431;796;356;286327;274384;3998;73.8;70.7;1.0
81;2021-09-18;267;672;136;286594;275056;4134;73.9;70.9;1.1
81;2021-09-19;57;169;17;286651;275225;4151;73.9;71.0;1.1
81;2021-09-20;136;311;224;286787;275536;4375;73.9;71.0;1.1
81;2021-09-21;263;550;532;287050;276086;4907;74.0;71.2;1.3
81;2021-09-22;201;676;395;287251;276762;5302;74.1;71.3;1.4
81;2021-09-23;162;502;471;287413;277264;5773;74.1;71.5;1.5
81;2021-09-24;299;685;471;287712;277949;6244;74.2;71.7;1.6
81;2021-09-25;168;686;99;287880;278635;6343;74.2;71.8;1.6
81;2021-09-26;34;137;22;287914;278772;6365;74.2;71.9;1.6
81;2021-09-27;137;277;283;288051;279049;6648;74.3;71.9;1.7
81;2021-09-28;179;356;271;288230;279405;6919;74.3;72.0;1.8
81;2021-09-29;233;499;268;288463;279904;7187;74.4;72.2;1.9
81;2021-09-30;150;301;336;288613;280205;7523;74.4;72.2;1.9
81;2021-10-01;293;456;340;288906;280661;7863;74.5;72.4;2.0
81;2021-10-02;198;422;157;289104;281083;8020;74.5;72.5;2.1
81;2021-10-03;52;106;23;289156;281189;8043;74.5;72.5;2.1
81;2021-10-04;112;211;209;289268;281400;8252;74.6;72.5;2.1
81;2021-10-05;150;333;454;289418;281733;8706;74.6;72.6;2.2
81;2021-10-06;215;460;432;289633;282193;9138;74.7;72.7;2.4
81;2021-10-07;153;313;542;289786;282506;9680;74.7;72.8;2.5
81;2021-10-08;209;499;794;289995;283005;10474;74.8;73.0;2.7
81;2021-10-09;151;322;102;290146;283327;10576;74.8;73.0;2.7
81;2021-10-10;46;69;45;290192;283396;10621;74.8;73.1;2.7
81;2021-10-11;135;216;357;290327;283612;10978;74.8;73.1;2.8
81;2021-10-12;131;240;504;290458;283852;11482;74.9;73.2;3.0
81;2021-10-13;208;307;266;290666;284159;11748;74.9;73.3;3.0
81;2021-10-14;136;246;465;290802;284405;12213;75.0;73.3;3.1
81;2021-10-15;258;355;926;291060;284760;13139;75.0;73.4;3.4
81;2021-10-16;190;199;119;291250;284959;13258;75.1;73.5;3.4
81;2021-10-17;3;8;1;291253;284967;13259;75.1;73.5;3.4
81;2021-10-18;106;139;308;291359;285106;13567;75.1;73.5;3.5
81;2021-10-19;142;196;477;291501;285302;14044;75.1;73.6;3.6
81;2021-10-20;175;245;507;291676;285547;14551;75.2;73.6;3.8
81;2021-10-21;114;187;617;291790;285734;15168;75.2;73.7;3.9
81;2021-10-22;194;330;670;291984;286064;15838;75.3;73.7;4.1
81;2021-10-23;122;216;205;292106;286280;16043;75.3;73.8;4.1
81;2021-10-24;43;62;86;292149;286342;16129;75.3;73.8;4.2
81;2021-10-25;127;143;507;292276;286485;16636;75.3;73.9;4.3
81;2021-10-26;104;119;706;292380;286604;17342;75.4;73.9;4.5
81;2021-10-27;106;139;500;292486;286743;17842;75.4;73.9;4.6
81;2021-10-28;69;121;657;292555;286864;18499;75.4;74.0;4.8
81;2021-10-29;145;186;796;292700;287050;19295;75.5;74.0;5.0
81;2021-10-30;133;208;961;292833;287258;20256;75.5;74.1;5.2
81;2021-10-31;38;48;118;292871;287306;20374;75.5;74.1;5.3
81;2021-11-01;12;3;0;292883;287309;20374;75.5;74.1;5.3
81;2021-11-02;110;158;708;292993;287467;21082;75.5;74.1;5.4
81;2021-11-03;191;286;1052;293184;287753;22134;75.6;74.2;5.7
81;2021-11-04;120;135;922;293304;287888;23056;75.6;74.2;5.9
81;2021-11-05;162;238;1177;293466;288126;24233;75.7;74.3;6.2
81;2021-11-06;113;191;449;293579;288317;24682;75.7;74.3;6.4
81;2021-11-07;45;50;109;293624;288367;24791;75.7;74.3;6.4
81;2021-11-08;71;97;552;293695;288464;25343;75.7;74.4;6.5
81;2021-11-09;107;173;1640;293802;288637;26983;75.7;74.4;7.0
81;2021-11-10;208;244;1621;294010;288881;28604;75.8;74.5;7.4
81;2021-11-11;3;5;54;294013;288886;28658;75.8;74.5;7.4
81;2021-11-12;129;183;1195;294142;289069;29853;75.8;74.5;7.7
81;2021-11-13;118;161;602;294260;289230;30455;75.9;74.6;7.9
81;2021-11-14;21;51;139;294281;289281;30594;75.9;74.6;7.9
81;2021-11-15;123;103;1286;294404;289384;31880;75.9;74.6;8.2
81;2021-11-16;127;179;1960;294531;289563;33840;75.9;74.6;8.7
81;2021-11-17;90;153;995;294621;289716;34835;76.0;74.7;9.0
81;2021-11-18;110;151;1489;294731;289867;36324;76.0;74.7;9.4
81;2021-11-19;126;131;1537;294857;289998;37861;76.0;74.8;9.8
81;2021-11-20;62;85;338;294919;290083;38199;76.0;74.8;9.8
81;2021-11-21;122;112;634;295041;290195;38833;76.1;74.8;10.0
81;2021-11-22;52;41;810;295093;290236;39643;76.1;74.8;10.2
81;2021-11-23;176;131;2682;295269;290367;42325;76.1;74.9;10.9
81;2021-11-24;224;194;1936;295493;290561;44261;76.2;74.9;11.4
81;2021-11-25;141;113;2212;295634;290674;46473;76.2;74.9;12.0
81;2021-11-26;221;203;3185;295855;290877;49658;76.3;75.0;12.8
81;2021-11-27;169;175;1540;296024;291052;51198;76.3;75.0;13.2
81;2021-11-28;38;51;842;296062;291103;52040;76.3;75.0;13.4
81;2021-11-29;62;69;1256;296124;291172;53296;76.3;75.1;13.7
81;2021-11-30;141;132;4129;296265;291304;57425;76.4;75.1;14.8
81;2021-12-01;129;166;3103;296394;291470;60528;76.4;75.1;15.6
81;2021-12-02;103;71;3602;296497;291541;64130;76.4;75.2;16.5
81;2021-12-03;86;129;3717;296583;291670;67847;76.5;75.2;17.5
81;2021-12-04;75;75;1652;296658;291745;69499;76.5;75.2;17.9
81;2021-12-05;12;15;765;296670;291760;70264;76.5;75.2;18.1
81;2021-12-06;92;73;2937;296762;291833;73201;76.5;75.2;18.9
81;2021-12-07;114;134;4858;296876;291967;78059;76.5;75.3;20.1
81;2021-12-08;140;227;3791;297016;292194;81850;76.6;75.3;21.1
81;2021-12-09;117;122;4359;297133;292316;86209;76.6;75.4;22.2
81;2021-12-10;123;156;4616;297256;292472;90825;76.6;75.4;23.4
81;2021-12-11;85;91;2466;297341;292563;93291;76.7;75.4;24.1
81;2021-12-12;36;21;1011;297377;292584;94302;76.7;75.4;24.3
81;2021-12-13;93;78;3249;297470;292662;97551;76.7;75.4;25.1
81;2021-12-14;150;209;5671;297620;292871;103222;76.7;75.5;26.6
81;2021-12-15;165;260;4420;297785;293131;107642;76.8;75.6;27.8
81;2021-12-16;153;187;5012;297938;293318;112654;76.8;75.6;29.0
81;2021-12-17;126;194;4098;298064;293512;116752;76.8;75.7;30.1
81;2021-12-18;118;243;2331;298182;293755;119083;76.9;75.7;30.7
81;2021-12-19;13;19;443;298195;293774;119526;76.9;75.7;30.8
81;2021-12-20;140;148;2900;298335;293922;122426;76.9;75.8;31.6
81;2021-12-21;209;223;4545;298544;294145;126971;77.0;75.8;32.7
81;2021-12-22;213;169;3843;298757;294314;130814;77.0;75.9;33.7
81;2021-12-23;144;136;2961;298901;294450;133775;77.1;75.9;34.5
81;2021-12-24;31;48;788;298932;294498;134563;77.1;75.9;34.7
81;2021-12-25;0;3;17;298932;294501;134580;77.1;75.9;34.7
81;2021-12-26;22;6;251;298954;294507;134831;77.1;75.9;34.8
82;2020-12-27;0;0;0;0;0;0;0.0;0.0;0.0
82;2020-12-28;1;0;0;1;0;0;0.0;0.0;0.0
82;2020-12-29;0;0;0;1;0;0;0.0;0.0;0.0
82;2020-12-30;0;0;0;1;0;0;0.0;0.0;0.0
82;2020-12-31;0;0;0;1;0;0;0.0;0.0;0.0
82;2021-01-01;0;0;0;1;0;0;0.0;0.0;0.0
82;2021-01-02;0;0;0;1;0;0;0.0;0.0;0.0
82;2021-01-03;0;0;0;1;0;0;0.0;0.0;0.0
82;2021-01-04;0;0;0;1;0;0;0.0;0.0;0.0
82;2021-01-05;78;0;0;79;0;0;0.0;0.0;0.0
82;2021-01-06;4;0;0;83;0;0;0.0;0.0;0.0
82;2021-01-07;68;0;0;151;0;0;0.1;0.0;0.0
82;2021-01-08;61;0;0;212;0;0;0.1;0.0;0.0
82;2021-01-09;75;0;0;287;0;0;0.1;0.0;0.0
82;2021-01-10;2;0;0;289;0;0;0.1;0.0;0.0
82;2021-01-11;102;0;0;391;0;0;0.1;0.0;0.0
82;2021-01-12;286;0;0;677;0;0;0.3;0.0;0.0
82;2021-01-13;324;1;0;1001;1;0;0.4;0.0;0.0
82;2021-01-14;416;5;0;1417;6;0;0.5;0.0;0.0
82;2021-01-15;602;3;0;2019;9;0;0.8;0.0;0.0
82;2021-01-16;214;3;0;2233;12;0;0.9;0.0;0.0
82;2021-01-17;89;0;0;2322;12;0;0.9;0.0;0.0
82;2021-01-18;415;0;0;2737;12;0;1.0;0.0;0.0
82;2021-01-19;478;1;0;3215;13;0;1.2;0.0;0.0
82;2021-01-20;643;5;0;3858;18;0;1.5;0.0;0.0
82;2021-01-21;450;2;0;4308;20;0;1.6;0.0;0.0
82;2021-01-22;465;2;0;4773;22;0;1.8;0.0;0.0
82;2021-01-23;159;0;0;4932;22;0;1.9;0.0;0.0
82;2021-01-24;2;0;0;4934;22;0;1.9;0.0;0.0
82;2021-01-25;365;0;0;5299;22;0;2.0;0.0;0.0
82;2021-01-26;446;0;0;5745;22;0;2.2;0.0;0.0
82;2021-01-27;508;5;0;6253;27;0;2.4;0.0;0.0
82;2021-01-28;544;34;0;6797;61;0;2.6;0.0;0.0
82;2021-01-29;387;102;0;7184;163;0;2.7;0.1;0.0
82;2021-01-30;57;24;0;7241;187;0;2.8;0.1;0.0
82;2021-01-31;4;2;0;7245;189;0;2.8;0.1;0.0
82;2021-02-01;288;76;0;7533;265;0;2.9;0.1;0.0
82;2021-02-02;360;117;0;7893;382;0;3.0;0.1;0.0
82;2021-02-03;430;81;0;8323;463;0;3.2;0.2;0.0
82;2021-02-04;729;206;0;9052;669;0;3.4;0.3;0.0
82;2021-02-05;456;150;0;9508;819;0;3.6;0.3;0.0
82;2021-02-06;89;37;0;9597;856;0;3.7;0.3;0.0
82;2021-02-07;30;71;0;9627;927;0;3.7;0.4;0.0
82;2021-02-08;151;224;0;9778;1151;0;3.7;0.4;0.0
82;2021-02-09;220;381;0;9998;1532;0;3.8;0.6;0.0
82;2021-02-10;259;575;0;10257;2107;0;3.9;0.8;0.0
82;2021-02-11;221;379;0;10478;2486;0;4.0;0.9;0.0
82;2021-02-12;191;573;0;10669;3059;0;4.1;1.2;0.0
82;2021-02-13;59;119;0;10728;3178;0;4.1;1.2;0.0
82;2021-02-14;6;86;0;10734;3264;0;4.1;1.2;0.0
82;2021-02-15;220;306;0;10954;3570;0;4.2;1.4;0.0
82;2021-02-16;266;381;0;11220;3951;0;4.3;1.5;0.0
82;2021-02-17;328;514;0;11548;4465;0;4.4;1.7;0.0
82;2021-02-18;457;486;0;12005;4951;0;4.6;1.9;0.0
82;2021-02-19;439;513;0;12444;5464;0;4.7;2.1;0.0
82;2021-02-20;68;141;0;12512;5605;0;4.8;2.1;0.0
82;2021-02-21;3;0;0;12515;5605;0;4.8;2.1;0.0
82;2021-02-22;190;390;0;12705;5995;0;4.8;2.3;0.0
82;2021-02-23;268;454;0;12973;6449;0;4.9;2.5;0.0
82;2021-02-24;266;439;0;13239;6888;0;5.0;2.6;0.0
82;2021-02-25;581;498;0;13820;7386;0;5.3;2.8;0.0
82;2021-02-26;600;380;0;14420;7766;0;5.5;3.0;0.0
82;2021-02-27;206;74;0;14626;7840;0;5.6;3.0;0.0
82;2021-02-28;33;8;0;14659;7848;0;5.6;3.0;0.0
82;2021-03-01;257;212;0;14916;8060;0;5.7;3.1;0.0
82;2021-03-02;477;400;0;15393;8460;0;5.9;3.2;0.0
82;2021-03-03;405;361;0;15798;8821;0;6.0;3.4;0.0
82;2021-03-04;565;302;0;16363;9123;0;6.2;3.5;0.0
82;2021-03-05;666;369;0;17029;9492;0;6.5;3.6;0.0
82;2021-03-06;675;54;0;17704;9546;0;6.7;3.6;0.0
82;2021-03-07;318;6;0;18022;9552;0;6.9;3.6;0.0
82;2021-03-08;568;150;0;18590;9702;0;7.1;3.7;0.0
82;2021-03-09;563;245;0;19153;9947;0;7.3;3.8;0.0
82;2021-03-10;737;232;0;19890;10179;0;7.6;3.9;0.0
82;2021-03-11;923;274;0;20813;10453;0;7.9;4.0;0.0
82;2021-03-12;952;115;0;21765;10568;0;8.3;4.0;0.0
82;2021-03-13;549;53;0;22314;10621;0;8.5;4.0;0.0
82;2021-03-14;63;5;0;22377;10626;0;8.5;4.0;0.0
82;2021-03-15;488;309;0;22865;10935;0;8.7;4.2;0.0
82;2021-03-16;214;307;0;23079;11242;0;8.8;4.3;0.0
82;2021-03-17;200;259;0;23279;11501;0;8.9;4.4;0.0
82;2021-03-18;279;326;0;23558;11827;0;9.0;4.5;0.0
82;2021-03-19;509;279;0;24067;12106;0;9.2;4.6;0.0
82;2021-03-20;248;59;0;24315;12165;0;9.3;4.6;0.0
82;2021-03-21;28;0;0;24343;12165;0;9.3;4.6;0.0
82;2021-03-22;410;281;0;24753;12446;0;9.4;4.7;0.0
82;2021-03-23;575;277;0;25328;12723;0;9.6;4.8;0.0
82;2021-03-24;622;298;0;25950;13021;0;9.9;5.0;0.0
82;2021-03-25;917;241;0;26867;13262;0;10.2;5.0;0.0
82;2021-03-26;1113;257;0;27980;13519;0;10.7;5.1;0.0
82;2021-03-27;421;83;0;28401;13602;0;10.8;5.2;0.0
82;2021-03-28;141;3;0;28542;13605;0;10.9;5.2;0.0
82;2021-03-29;783;344;0;29325;13949;0;11.2;5.3;0.0
82;2021-03-30;1079;267;0;30404;14216;0;11.6;5.4;0.0
82;2021-03-31;911;228;0;31315;14444;0;11.9;5.5;0.0
82;2021-04-01;1017;177;0;32332;14621;0;12.3;5.6;0.0
82;2021-04-02;1127;259;0;33459;14880;0;12.7;5.7;0.0
82;2021-04-03;596;125;0;34055;15005;0;13.0;5.7;0.0
82;2021-04-04;248;15;0;34303;15020;0;13.1;5.7;0.0
82;2021-04-05;330;16;0;34633;15036;0;13.2;5.7;0.0
82;2021-04-06;870;473;0;35503;15509;0;13.5;5.9;0.0
82;2021-04-07;945;443;0;36448;15952;0;13.9;6.1;0.0
82;2021-04-08;1384;401;0;37832;16353;0;14.4;6.2;0.0
82;2021-04-09;1526;454;0;39358;16807;0;15.0;6.4;0.0
82;2021-04-10;1502;92;0;40860;16899;0;15.6;6.4;0.0
82;2021-04-11;487;24;0;41347;16923;0;15.7;6.4;0.0
82;2021-04-12;1211;293;0;42558;17216;0;16.2;6.6;0.0
82;2021-04-13;1547;290;0;44105;17506;0;16.8;6.7;0.0
82;2021-04-14;1374;286;0;45479;17792;0;17.3;6.8;0.0
82;2021-04-15;1705;327;0;47184;18119;0;18.0;6.9;0.0
82;2021-04-16;1462;339;0;48646;18458;0;18.5;7.0;0.0
82;2021-04-17;1134;76;0;49780;18534;0;19.0;7.1;0.0
82;2021-04-18;506;16;0;50286;18550;0;19.1;7.1;0.0
82;2021-04-19;895;328;0;51181;18878;0;19.5;7.2;0.0
82;2021-04-20;1206;373;0;52387;19251;0;19.9;7.3;0.0
82;2021-04-21;1116;352;0;53503;19603;0;20.4;7.5;0.0
82;2021-04-22;1401;298;0;54904;19901;0;20.9;7.6;0.0
82;2021-04-23;1034;562;0;55938;20463;0;21.3;7.8;0.0
82;2021-04-24;1042;209;0;56980;20672;0;21.7;7.9;0.0
82;2021-04-25;635;46;0;57615;20718;0;21.9;7.9;0.0
82;2021-04-26;699;624;0;58314;21342;0;22.2;8.1;0.0
82;2021-04-27;905;837;0;59219;22179;0;22.5;8.4;0.0
82;2021-04-28;852;789;0;60071;22968;0;22.9;8.7;0.0
82;2021-04-29;1043;831;0;61114;23799;0;23.3;9.1;0.0
82;2021-04-30;1000;804;0;62114;24603;0;23.7;9.4;0.0
82;2021-05-01;1001;234;0;63115;24837;0;24.0;9.5;0.0
82;2021-05-02;609;136;0;63724;24973;0;24.3;9.5;0.0
82;2021-05-03;425;1032;0;64149;26005;0;24.4;9.9;0.0
82;2021-05-04;823;1050;0;64972;27055;0;24.7;10.3;0.0
82;2021-05-05;593;1088;0;65565;28143;0;25.0;10.7;0.0
82;2021-05-06;849;1341;0;66414;29484;0;25.3;11.2;0.0
82;2021-05-07;787;1322;0;67201;30806;0;25.6;11.7;0.0
82;2021-05-08;833;482;0;68034;31288;0;25.9;11.9;0.0
82;2021-05-09;629;504;0;68663;31792;0;26.1;12.1;0.0
82;2021-05-10;666;1234;0;69329;33026;0;26.4;12.6;0.0
82;2021-05-11;1077;1278;0;70406;34304;0;26.8;13.1;0.0
82;2021-05-12;839;1255;0;71245;35559;0;27.1;13.5;0.0
82;2021-05-13;1215;406;0;72460;35965;0;27.6;13.7;0.0
82;2021-05-14;1306;1144;0;73766;37109;0;28.1;14.1;0.0
82;2021-05-15;1384;624;0;75150;37733;0;28.6;14.4;0.0
82;2021-05-16;497;115;0;75647;37848;0;28.8;14.4;0.0
82;2021-05-17;853;1071;0;76500;38919;0;29.1;14.8;0.0
82;2021-05-18;1316;1084;0;77816;40003;0;29.6;15.2;0.0
82;2021-05-19;1041;881;0;78857;40884;0;30.0;15.6;0.0
82;2021-05-20;1338;1096;0;80195;41980;0;30.5;16.0;0.0
82;2021-05-21;1126;1118;0;81321;43098;0;31.0;16.4;0.0
82;2021-05-22;1436;532;0;82757;43630;0;31.5;16.6;0.0
82;2021-05-23;579;99;0;83336;43729;0;31.7;16.7;0.0
82;2021-05-24;1083;224;0;84419;43953;0;32.1;16.7;0.0
82;2021-05-25;1309;895;0;85728;44848;0;32.6;17.1;0.0
82;2021-05-26;1147;840;0;86875;45688;0;33.1;17.4;0.0
82;2021-05-27;1254;975;0;88129;46663;0;33.6;17.8;0.0
82;2021-05-28;1253;1080;0;89382;47743;0;34.0;18.2;0.0
82;2021-05-29;1122;512;0;90504;48255;0;34.5;18.4;0.0
82;2021-05-30;283;101;0;90787;48356;0;34.6;18.4;0.0
82;2021-05-31;1207;923;0;91994;49279;0;35.0;18.8;0.0
82;2021-06-01;1511;997;0;93505;50276;0;35.6;19.1;0.0
82;2021-06-02;1212;928;0;94717;51204;0;36.1;19.5;0.0
82;2021-06-03;1353;1160;0;96070;52364;0;36.6;19.9;0.0
82;2021-06-04;1889;1205;0;97959;53569;0;37.3;20.4;0.0
82;2021-06-05;1541;862;0;99500;54431;0;37.9;20.7;0.0
82;2021-06-06;296;126;0;99796;54557;0;38.0;20.8;0.0
82;2021-06-07;803;1169;0;100599;55726;0;38.3;21.2;0.0
82;2021-06-08;1355;1067;0;101954;56793;0;38.8;21.6;0.0
82;2021-06-09;1359;1049;0;103313;57842;0;39.3;22.0;0.0
82;2021-06-10;1354;1162;0;104667;59004;0;39.9;22.5;0.0
82;2021-06-11;1636;1031;0;106303;60035;0;40.5;22.9;0.0
82;2021-06-12;1697;1107;0;108000;61142;0;41.1;23.3;0.0
82;2021-06-13;360;119;0;108360;61261;0;41.3;23.3;0.0
82;2021-06-14;1116;1003;0;109476;62264;0;41.7;23.7;0.0
82;2021-06-15;1357;1144;0;110833;63408;0;42.2;24.1;0.0
82;2021-06-16;1472;1100;0;112305;64508;0;42.8;24.6;0.0
82;2021-06-17;1156;1384;0;113461;65892;0;43.2;25.1;0.0
82;2021-06-18;1332;1379;0;114793;67271;0;43.7;25.6;0.0
82;2021-06-19;1734;834;0;116527;68105;0;44.4;25.9;0.0
82;2021-06-20;268;163;0;116795;68268;0;44.5;26.0;0.0
82;2021-06-21;517;1127;0;117312;69395;0;44.7;26.4;0.0
82;2021-06-22;869;1555;0;118181;70950;0;45.0;27.0;0.0
82;2021-06-23;1140;1328;0;119321;72278;0;45.4;27.5;0.0
82;2021-06-24;720;1673;0;120041;73951;0;45.7;28.2;0.0
82;2021-06-25;761;1615;0;120802;75566;0;46.0;28.8;0.0
82;2021-06-26;1084;1650;0;121886;77216;0;46.4;29.4;0.0
82;2021-06-27;177;376;0;122063;77592;0;46.5;29.5;0.0
82;2021-06-28;359;1228;0;122422;78820;0;46.6;30.0;0.0
82;2021-06-29;522;1659;0;122944;80479;0;46.8;30.6;0.0
82;2021-06-30;884;1568;0;123828;82047;0;47.2;31.2;0.0
82;2021-07-01;660;1488;0;124488;83535;0;47.4;31.8;0.0
82;2021-07-02;950;1962;0;125438;85497;0;47.8;32.6;0.0
82;2021-07-03;810;1758;0;126248;87255;0;48.1;33.2;0.0
82;2021-07-04;147;396;0;126395;87651;0;48.1;33.4;0.0
82;2021-07-05;443;1385;0;126838;89036;0;48.3;33.9;0.0
82;2021-07-06;589;1686;0;127427;90722;0;48.5;34.5;0.0
82;2021-07-07;786;1491;0;128213;92213;0;48.8;35.1;0.0
82;2021-07-08;572;1402;1;128785;93615;1;49.0;35.6;0.0
82;2021-07-09;818;1830;0;129603;95445;1;49.4;36.3;0.0
82;2021-07-10;708;1780;0;130311;97225;1;49.6;37.0;0.0
82;2021-07-11;109;336;0;130420;97561;1;49.7;37.1;0.0
82;2021-07-12;595;1640;0;131015;99201;1;49.9;37.8;0.0
82;2021-07-13;848;1881;0;131863;101082;1;50.2;38.5;0.0
82;2021-07-14;699;578;0;132562;101660;1;50.5;38.7;0.0
82;2021-07-15;1053;1708;0;133615;103368;1;50.9;39.4;0.0
82;2021-07-16;1521;2394;0;135136;105762;1;51.5;40.3;0.0
82;2021-07-17;816;1849;0;135952;107611;1;51.8;41.0;0.0
82;2021-07-18;274;169;0;136226;107780;1;51.9;41.0;0.0
82;2021-07-19;932;1792;0;137158;109572;1;52.2;41.7;0.0
82;2021-07-20;1194;1864;0;138352;111436;1;52.7;42.4;0.0
82;2021-07-21;1542;1649;0;139894;113085;1;53.3;43.1;0.0
82;2021-07-22;1430;1763;0;141324;114848;1;53.8;43.7;0.0
82;2021-07-23;1369;2679;0;142693;117527;1;54.3;44.8;0.0
82;2021-07-24;1491;1403;0;144184;118930;1;54.9;45.3;0.0
82;2021-07-25;525;184;0;144709;119114;1;55.1;45.4;0.0
82;2021-07-26;1152;1824;0;145861;120938;1;55.5;46.1;0.0
82;2021-07-27;1615;1643;0;147476;122581;1;56.2;46.7;0.0
82;2021-07-28;1791;1424;0;149267;124005;1;56.8;47.2;0.0
82;2021-07-29;1630;1504;0;150897;125509;1;57.5;47.8;0.0
82;2021-07-30;1873;2212;0;152770;127721;1;58.2;48.6;0.0
82;2021-07-31;868;466;0;153638;128187;1;58.5;48.8;0.0
82;2021-08-01;426;139;0;154064;128326;1;58.7;48.9;0.0
82;2021-08-02;1452;875;0;155516;129201;1;59.2;49.2;0.0
82;2021-08-03;1689;883;0;157205;130084;1;59.9;49.5;0.0
82;2021-08-04;1652;1000;0;158857;131084;1;60.5;49.9;0.0
82;2021-08-05;1694;761;0;160551;131845;1;61.1;50.2;0.0
82;2021-08-06;1252;812;0;161803;132657;1;61.6;50.5;0.0
82;2021-08-07;1132;1271;0;162935;133928;1;62.0;51.0;0.0
82;2021-08-08;308;237;0;163243;134165;1;62.2;51.1;0.0
82;2021-08-09;1209;1100;0;164452;135265;1;62.6;51.5;0.0
82;2021-08-10;1514;1088;0;165966;136353;1;63.2;51.9;0.0
82;2021-08-11;1363;1221;0;167329;137574;1;63.7;52.4;0.0
82;2021-08-12;1540;1091;0;168869;138665;1;64.3;52.8;0.0
82;2021-08-13;1407;1190;0;170276;139855;1;64.8;53.3;0.0
82;2021-08-14;498;779;0;170774;140634;1;65.0;53.6;0.0
82;2021-08-15;81;158;0;170855;140792;1;65.1;53.6;0.0
82;2021-08-16;835;1640;0;171690;142432;1;65.4;54.2;0.0
82;2021-08-17;1031;1431;0;172721;143863;1;65.8;54.8;0.0
82;2021-08-18;688;1107;0;173409;144970;1;66.0;55.2;0.0
82;2021-08-19;987;1282;0;174396;146252;1;66.4;55.7;0.0
82;2021-08-20;991;2020;0;175387;148272;1;66.8;56.5;0.0
82;2021-08-21;511;1130;0;175898;149402;1;67.0;56.9;0.0
82;2021-08-22;52;260;0;175950;149662;1;67.0;57.0;0.0
82;2021-08-23;737;1455;0;176687;151117;1;67.3;57.5;0.0
82;2021-08-24;857;1304;0;177544;152421;1;67.6;58.0;0.0
82;2021-08-25;768;1659;0;178312;154080;1;67.9;58.7;0.0
82;2021-08-26;603;1266;0;178915;155346;1;68.1;59.2;0.0
82;2021-08-27;823;1814;0;179738;157160;1;68.4;59.8;0.0
82;2021-08-28;240;954;0;179978;158114;1;68.5;60.2;0.0
82;2021-08-29;72;254;0;180050;158368;1;68.6;60.3;0.0
82;2021-08-30;396;1234;8;180446;159602;9;68.7;60.8;0.0
82;2021-08-31;381;1228;23;180827;160830;32;68.9;61.2;0.0
82;2021-09-01;675;1433;53;181502;162263;85;69.1;61.8;0.0
82;2021-09-02;406;1284;62;181908;163547;147;69.3;62.3;0.1
82;2021-09-03;521;1857;146;182429;165404;293;69.5;63.0;0.1
82;2021-09-04;408;958;45;182837;166362;338;69.6;63.3;0.1
82;2021-09-05;33;82;1;182870;166444;339;69.6;63.4;0.1
82;2021-09-06;362;1118;149;183232;167562;488;69.8;63.8;0.2
82;2021-09-07;227;889;93;183459;168451;581;69.9;64.1;0.2
82;2021-09-08;443;1173;90;183902;169624;671;70.0;64.6;0.3
82;2021-09-09;266;921;112;184168;170545;783;70.1;64.9;0.3
82;2021-09-10;486;1230;207;184654;171775;990;70.3;65.4;0.4
82;2021-09-11;244;590;53;184898;172365;1043;70.4;65.6;0.4
82;2021-09-12;28;70;0;184926;172435;1043;70.4;65.7;0.4
82;2021-09-13;287;806;249;185213;173241;1292;70.5;66.0;0.5
82;2021-09-14;226;798;177;185439;174039;1469;70.6;66.3;0.6
82;2021-09-15;302;1113;398;185741;175152;1867;70.7;66.7;0.7
82;2021-09-16;226;487;259;185967;175639;2126;70.8;66.9;0.8
82;2021-09-17;215;531;173;186182;176170;2299;70.9;67.1;0.9
82;2021-09-18;298;1033;107;186480;177203;2406;71.0;67.5;0.9
82;2021-09-19;5;38;8;186485;177241;2414;71.0;67.5;0.9
82;2021-09-20;146;392;377;186631;177633;2791;71.1;67.6;1.1
82;2021-09-21;102;383;264;186733;178016;3055;71.1;67.8;1.2
82;2021-09-22;141;465;300;186874;178481;3355;71.2;68.0;1.3
82;2021-09-23;116;379;344;186990;178860;3699;71.2;68.1;1.4
82;2021-09-24;204;565;326;187194;179425;4025;71.3;68.3;1.5
82;2021-09-25;168;635;109;187362;180060;4134;71.3;68.6;1.6
82;2021-09-26;9;36;8;187371;180096;4142;71.3;68.6;1.6
82;2021-09-27;106;444;169;187477;180540;4311;71.4;68.7;1.6
82;2021-09-28;99;235;227;187576;180775;4538;71.4;68.8;1.7
82;2021-09-29;233;478;196;187809;181253;4734;71.5;69.0;1.8
82;2021-09-30;116;222;263;187925;181475;4997;71.6;69.1;1.9
82;2021-10-01;219;379;267;188144;181854;5264;71.6;69.2;2.0
82;2021-10-02;140;300;87;188284;182154;5351;71.7;69.4;2.0
82;2021-10-03;4;5;0;188288;182159;5351;71.7;69.4;2.0
82;2021-10-04;126;380;206;188414;182539;5557;71.7;69.5;2.1
82;2021-10-05;134;280;229;188548;182819;5786;71.8;69.6;2.2
82;2021-10-06;167;337;384;188715;183156;6170;71.9;69.7;2.3
82;2021-10-07;81;143;393;188796;183299;6563;71.9;69.8;2.5
82;2021-10-08;169;307;300;188965;183606;6863;72.0;69.9;2.6
82;2021-10-09;124;269;147;189089;183875;7010;72.0;70.0;2.7
82;2021-10-10;7;17;5;189096;183892;7015;72.0;70.0;2.7
82;2021-10-11;80;203;243;189176;184095;7258;72.0;70.1;2.8
82;2021-10-12;84;158;310;189260;184253;7568;72.1;70.2;2.9
82;2021-10-13;180;287;360;189440;184540;7928;72.1;70.3;3.0
82;2021-10-14;51;88;111;189491;184628;8039;72.2;70.3;3.1
82;2021-10-15;198;241;374;189689;184869;8413;72.2;70.4;3.2
82;2021-10-16;103;134;94;189792;185003;8507;72.3;70.4;3.2
82;2021-10-17;0;5;0;189792;185008;8507;72.3;70.4;3.2
82;2021-10-18;127;129;218;189919;185137;8725;72.3;70.5;3.3
82;2021-10-19;113;151;304;190032;185288;9029;72.4;70.6;3.4
82;2021-10-20;188;274;398;190220;185562;9427;72.4;70.7;3.6
82;2021-10-21;65;79;164;190285;185641;9591;72.5;70.7;3.7
82;2021-10-22;121;253;381;190406;185894;9972;72.5;70.8;3.8
82;2021-10-23;122;172;155;190528;186066;10127;72.5;70.9;3.9
82;2021-10-24;1;6;6;190529;186072;10133;72.5;70.9;3.9
82;2021-10-25;85;120;389;190614;186192;10522;72.6;70.9;4.0
82;2021-10-26;112;157;396;190726;186349;10918;72.6;71.0;4.2
82;2021-10-27;85;168;389;190811;186517;11307;72.7;71.0;4.3
82;2021-10-28;49;62;198;190860;186579;11505;72.7;71.0;4.4
82;2021-10-29;108;213;384;190968;186792;11889;72.7;71.1;4.5
82;2021-10-30;106;136;227;191074;186928;12116;72.8;71.2;4.6
82;2021-10-31;2;0;1;191076;186928;12117;72.8;71.2;4.6
82;2021-11-01;7;3;3;191083;186931;12120;72.8;71.2;4.6
82;2021-11-02;81;112;361;191164;187043;12481;72.8;71.2;4.8
82;2021-11-03;117;112;498;191281;187155;12979;72.8;71.3;4.9
82;2021-11-04;95;94;408;191376;187249;13387;72.9;71.3;5.1
82;2021-11-05;102;138;524;191478;187387;13911;72.9;71.4;5.3
82;2021-11-06;59;77;189;191537;187464;14100;72.9;71.4;5.4
82;2021-11-07;0;5;14;191537;187469;14114;72.9;71.4;5.4
82;2021-11-08;47;95;251;191584;187564;14365;73.0;71.4;5.5
82;2021-11-09;75;94;619;191659;187658;14984;73.0;71.5;5.7
82;2021-11-10;100;275;602;191759;187933;15586;73.0;71.6;5.9
82;2021-11-11;4;6;29;191763;187939;15615;73.0;71.6;5.9
82;2021-11-12;78;92;582;191841;188031;16197;73.0;71.6;6.2
82;2021-11-13;61;153;248;191902;188184;16445;73.1;71.7;6.3
82;2021-11-14;2;2;6;191904;188186;16451;73.1;71.7;6.3
82;2021-11-15;55;58;380;191959;188244;16831;73.1;71.7;6.4
82;2021-11-16;82;81;1083;192041;188325;17914;73.1;71.7;6.8
82;2021-11-17;91;121;951;192132;188446;18865;73.2;71.8;7.2
82;2021-11-18;87;66;817;192219;188512;19682;73.2;71.8;7.5
82;2021-11-19;140;108;957;192359;188620;20639;73.2;71.8;7.9
82;2021-11-20;69;68;273;192428;188688;20912;73.3;71.8;8.0
82;2021-11-21;3;6;25;192431;188694;20937;73.3;71.9;8.0
82;2021-11-22;50;47;605;192481;188741;21542;73.3;71.9;8.2
82;2021-11-23;71;87;1198;192552;188828;22740;73.3;71.9;8.7
82;2021-11-24;124;235;1073;192676;189063;23813;73.4;72.0;9.1
82;2021-11-25;80;79;1366;192756;189142;25179;73.4;72.0;9.6
82;2021-11-26;110;149;1337;192866;189291;26516;73.4;72.1;10.1
82;2021-11-27;98;147;672;192964;189438;27188;73.5;72.1;10.4
82;2021-11-28;4;12;37;192968;189450;27225;73.5;72.1;10.4
82;2021-11-29;59;66;1400;193027;189516;28625;73.5;72.2;10.9
82;2021-11-30;95;88;2173;193122;189604;30798;73.5;72.2;11.7
82;2021-12-01;89;88;2078;193211;189692;32876;73.6;72.2;12.5
82;2021-12-02;99;81;2457;193310;189773;35333;73.6;72.3;13.5
82;2021-12-03;127;98;2437;193437;189871;37770;73.7;72.3;14.4
82;2021-12-04;54;95;1385;193491;189966;39155;73.7;72.3;14.9
82;2021-12-05;14;12;133;193505;189978;39288;73.7;72.3;15.0
82;2021-12-06;84;73;2486;193589;190051;41774;73.7;72.4;15.9
82;2021-12-07;110;104;3579;193699;190155;45353;73.8;72.4;17.3
82;2021-12-08;143;123;2495;193842;190278;47848;73.8;72.5;18.2
82;2021-12-09;99;106;3255;193941;190384;51103;73.8;72.5;19.5
82;2021-12-10;94;141;3591;194035;190525;54694;73.9;72.5;20.8
82;2021-12-11;117;95;1823;194152;190620;56517;73.9;72.6;21.5
82;2021-12-12;3;13;125;194155;190633;56642;73.9;72.6;21.6
82;2021-12-13;104;98;2784;194259;190731;59426;74.0;72.6;22.6
82;2021-12-14;130;132;3560;194389;190863;62986;74.0;72.7;24.0
82;2021-12-15;129;137;2901;194518;191000;65887;74.1;72.7;25.1
82;2021-12-16;132;119;3520;194650;191119;69407;74.1;72.8;26.4
82;2021-12-17;148;171;3590;194798;191290;72997;74.2;72.8;27.8
82;2021-12-18;134;131;1694;194932;191421;74691;74.2;72.9;28.4
82;2021-12-19;11;12;261;194943;191433;74952;74.2;72.9;28.5
82;2021-12-20;95;80;2222;195038;191513;77174;74.3;72.9;29.4
82;2021-12-21;189;130;2858;195227;191643;80032;74.3;73.0;30.5
82;2021-12-22;151;122;2322;195378;191765;82354;74.4;73.0;31.4
82;2021-12-23;144;111;1927;195522;191876;84281;74.5;73.1;32.1
82;2021-12-24;28;39;406;195550;191915;84687;74.5;73.1;32.2
82;2021-12-25;0;3;15;195550;191918;84702;74.5;73.1;32.3
82;2021-12-26;4;2;57;195554;191920;84759;74.5;73.1;32.3
83;2020-12-27;4;0;0;4;0;0;0.0;0.0;0.0
83;2020-12-28;7;0;0;11;0;0;0.0;0.0;0.0
83;2020-12-29;3;0;0;14;0;0;0.0;0.0;0.0
83;2020-12-30;4;0;0;18;0;0;0.0;0.0;0.0
83;2020-12-31;1;0;0;19;0;0;0.0;0.0;0.0
83;2021-01-01;3;0;0;22;0;0;0.0;0.0;0.0
83;2021-01-02;1;0;0;23;0;0;0.0;0.0;0.0
83;2021-01-03;0;0;0;23;0;0;0.0;0.0;0.0
83;2021-01-04;3;0;0;26;0;0;0.0;0.0;0.0
83;2021-01-05;6;1;0;32;1;0;0.0;0.0;0.0
83;2021-01-06;87;0;0;119;1;0;0.0;0.0;0.0
83;2021-01-07;317;0;0;436;1;0;0.0;0.0;0.0
83;2021-01-08;426;0;0;862;1;0;0.1;0.0;0.0
83;2021-01-09;57;0;0;919;1;0;0.1;0.0;0.0
83;2021-01-10;7;0;0;926;1;0;0.1;0.0;0.0
83;2021-01-11;504;0;0;1430;1;0;0.1;0.0;0.0
83;2021-01-12;1047;4;0;2477;5;0;0.2;0.0;0.0
83;2021-01-13;967;8;0;3444;13;0;0.3;0.0;0.0
83;2021-01-14;898;6;0;4342;19;0;0.4;0.0;0.0
83;2021-01-15;764;2;0;5106;21;0;0.5;0.0;0.0
83;2021-01-16;66;0;0;5172;21;0;0.5;0.0;0.0
83;2021-01-17;6;0;0;5178;21;0;0.5;0.0;0.0
83;2021-01-18;1288;2;0;6466;23;0;0.6;0.0;0.0
83;2021-01-19;2198;8;0;8664;31;0;0.8;0.0;0.0
83;2021-01-20;1766;10;0;10430;41;0;1.0;0.0;0.0
83;2021-01-21;2274;9;0;12704;50;0;1.2;0.0;0.0
83;2021-01-22;1849;9;0;14553;59;0;1.4;0.0;0.0
83;2021-01-23;278;2;0;14831;61;0;1.4;0.0;0.0
83;2021-01-24;35;1;0;14866;62;0;1.4;0.0;0.0
83;2021-01-25;1578;8;0;16444;70;0;1.5;0.0;0.0
83;2021-01-26;1847;13;0;18291;83;0;1.7;0.0;0.0
83;2021-01-27;2199;96;0;20490;179;0;1.9;0.0;0.0
83;2021-01-28;4972;363;0;25462;542;0;2.4;0.1;0.0
83;2021-01-29;3009;357;0;28471;899;0;2.7;0.1;0.0
83;2021-01-30;261;50;0;28732;949;0;2.7;0.1;0.0
83;2021-01-31;40;0;0;28772;949;0;2.7;0.1;0.0
83;2021-02-01;1298;429;0;30070;1378;0;2.8;0.1;0.0
83;2021-02-02;1464;713;0;31534;2091;0;2.9;0.2;0.0
83;2021-02-03;1568;632;0;33102;2723;0;3.1;0.3;0.0
83;2021-02-04;1535;779;0;34637;3502;0;3.2;0.3;0.0
83;2021-02-05;1310;711;0;35947;4213;0;3.3;0.4;0.0
83;2021-02-06;70;28;0;36017;4241;0;3.4;0.4;0.0
83;2021-02-07;8;4;0;36025;4245;0;3.4;0.4;0.0
83;2021-02-08;1103;638;0;37128;4883;0;3.5;0.5;0.0
83;2021-02-09;1352;985;0;38480;5868;0;3.6;0.5;0.0
83;2021-02-10;1534;853;0;40014;6721;0;3.7;0.6;0.0
83;2021-02-11;1670;1132;0;41684;7853;0;3.9;0.7;0.0
83;2021-02-12;1374;906;0;43058;8759;0;4.0;0.8;0.0
83;2021-02-13;81;49;0;43139;8808;0;4.0;0.8;0.0
83;2021-02-14;6;6;0;43145;8814;0;4.0;0.8;0.0
83;2021-02-15;728;1102;0;43873;9916;0;4.1;0.9;0.0
83;2021-02-16;607;1508;0;44480;11424;0;4.1;1.1;0.0
83;2021-02-17;837;1874;0;45317;13298;0;4.2;1.2;0.0
83;2021-02-18;1543;3831;0;46860;17129;0;4.4;1.6;0.0
83;2021-02-19;1454;2422;0;48314;19551;0;4.5;1.8;0.0
83;2021-02-20;82;200;0;48396;19751;0;4.5;1.8;0.0
83;2021-02-21;21;37;0;48417;19788;0;4.5;1.8;0.0
83;2021-02-22;594;1769;0;49011;21557;0;4.6;2.0;0.0
83;2021-02-23;725;1535;0;49736;23092;0;4.6;2.2;0.0
83;2021-02-24;785;1511;0;50521;24603;0;4.7;2.3;0.0
83;2021-02-25;1294;1479;0;51815;26082;0;4.8;2.4;0.0
83;2021-02-26;1365;1267;0;53180;27349;0;5.0;2.5;0.0
83;2021-02-27;571;91;0;53751;27440;0;5.0;2.6;0.0
83;2021-02-28;18;15;0;53769;27455;0;5.0;2.6;0.0
83;2021-03-01;845;1213;0;54614;28668;0;5.1;2.7;0.0
83;2021-03-02;1045;1338;0;55659;30006;0;5.2;2.8;0.0
83;2021-03-03;1493;1584;0;57152;31590;0;5.3;2.9;0.0
83;2021-03-04;1934;1458;0;59086;33048;0;5.5;3.1;0.0
83;2021-03-05;2301;1289;0;61387;34337;0;5.7;3.2;0.0
83;2021-03-06;3082;162;0;64469;34499;0;6.0;3.2;0.0
83;2021-03-07;2325;70;0;66794;34569;0;6.2;3.2;0.0
83;2021-03-08;969;1318;0;67763;35887;0;6.3;3.3;0.0
83;2021-03-09;2018;1271;0;69781;37158;0;6.5;3.5;0.0
83;2021-03-10;2487;1387;0;72268;38545;0;6.7;3.6;0.0
83;2021-03-11;3766;2138;0;76034;40683;0;7.1;3.8;0.0
83;2021-03-12;3788;1497;0;79822;42180;0;7.4;3.9;0.0
83;2021-03-13;4607;188;0;84429;42368;0;7.9;3.9;0.0
83;2021-03-14;2260;61;0;86689;42429;0;8.1;4.0;0.0
83;2021-03-15;3334;722;0;90023;43151;0;8.4;4.0;0.0
83;2021-03-16;2598;759;0;92621;43910;0;8.6;4.1;0.0
83;2021-03-17;2898;824;0;95519;44734;0;8.9;4.2;0.0
83;2021-03-18;3535;859;0;99054;45593;0;9.2;4.2;0.0
83;2021-03-19;4170;673;0;103224;46266;0;9.6;4.3;0.0
83;2021-03-20;3406;104;0;106630;46370;0;9.9;4.3;0.0
83;2021-03-21;1912;35;0;108542;46405;0;10.1;4.3;0.0
83;2021-03-22;3938;946;0;112480;47351;0;10.5;4.4;0.0
83;2021-03-23;4689;647;0;117169;47998;0;10.9;4.5;0.0
83;2021-03-24;5021;791;0;122190;48789;0;11.4;4.5;0.0
83;2021-03-25;6524;948;0;128714;49737;0;12.0;4.6;0.0
83;2021-03-26;7132;848;0;135846;50585;0;12.7;4.7;0.0
83;2021-03-27;3927;395;0;139773;50980;0;13.0;4.7;0.0
83;2021-03-28;2094;40;0;141867;51020;0;13.2;4.8;0.0
83;2021-03-29;4545;811;0;146412;51831;0;13.6;4.8;0.0
83;2021-03-30;6084;1015;0;152496;52846;0;14.2;4.9;0.0
83;2021-03-31;5682;1084;0;158178;53930;0;14.7;5.0;0.0
83;2021-04-01;6188;1336;0;164366;55266;0;15.3;5.1;0.0
83;2021-04-02;5870;1150;0;170236;56416;0;15.9;5.3;0.0
83;2021-04-03;1917;710;0;172153;57126;0;16.0;5.3;0.0
83;2021-04-04;832;357;0;172985;57483;0;16.1;5.4;0.0
83;2021-04-05;311;79;0;173296;57562;0;16.1;5.4;0.0
83;2021-04-06;4781;1513;0;178077;59075;0;16.6;5.5;0.0
83;2021-04-07;5809;1727;0;183886;60802;0;17.1;5.7;0.0
83;2021-04-08;7770;2128;0;191656;62930;0;17.8;5.9;0.0
83;2021-04-09;7583;2250;0;199239;65180;0;18.6;6.1;0.0
83;2021-04-10;3013;2584;0;202252;67764;0;18.8;6.3;0.0
83;2021-04-11;1633;2009;0;203885;69773;0;19.0;6.5;0.0
83;2021-04-12;4913;2854;0;208798;72627;0;19.4;6.8;0.0
83;2021-04-13;5592;2969;0;214390;75596;0;20.0;7.0;0.0
83;2021-04-14;5977;2991;0;220367;78587;0;20.5;7.3;0.0
83;2021-04-15;6893;3052;0;227260;81639;0;21.2;7.6;0.0
83;2021-04-16;6182;3522;0;233442;85161;0;21.7;7.9;0.0
83;2021-04-17;3377;2107;0;236819;87268;0;22.1;8.1;0.0
83;2021-04-18;2059;1272;0;238878;88540;0;22.2;8.2;0.0
83;2021-04-19;4117;3821;0;242995;92361;0;22.6;8.6;0.0
83;2021-04-20;4433;3922;0;247428;96283;0;23.0;9.0;0.0
83;2021-04-21;4425;4130;0;251853;100413;0;23.5;9.4;0.0
83;2021-04-22;5067;4346;0;256920;104759;0;23.9;9.8;0.0
83;2021-04-23;4527;4507;0;261447;109266;0;24.3;10.2;0.0
83;2021-04-24;2639;2669;0;264086;111935;0;24.6;10.4;0.0
83;2021-04-25;1834;1500;0;265920;113435;0;24.8;10.6;0.0
83;2021-04-26;3546;3864;0;269466;117299;0;25.1;10.9;0.0
83;2021-04-27;4164;4622;0;273630;121921;0;25.5;11.4;0.0
83;2021-04-28;4405;4470;0;278035;126391;0;25.9;11.8;0.0
83;2021-04-29;5889;5199;0;283924;131590;0;26.4;12.3;0.0
83;2021-04-30;5810;4466;0;289734;136056;0;27.0;12.7;0.0
83;2021-05-01;1815;525;0;291549;136581;0;27.2;12.7;0.0
83;2021-05-02;1207;744;0;292756;137325;0;27.3;12.8;0.0
83;2021-05-03;3954;4228;0;296710;141553;0;27.6;13.2;0.0
83;2021-05-04;3633;5166;0;300343;146719;0;28.0;13.7;0.0
83;2021-05-05;3806;4999;0;304149;151718;0;28.3;14.1;0.0
83;2021-05-06;4902;4981;0;309051;156699;0;28.8;14.6;0.0
83;2021-05-07;4297;5347;0;313348;162046;0;29.2;15.1;0.0
83;2021-05-08;2762;1067;0;316110;163113;0;29.4;15.2;0.0
83;2021-05-09;1996;1190;0;318106;164303;0;29.6;15.3;0.0
83;2021-05-10;3291;5437;0;321397;169740;0;29.9;15.8;0.0
83;2021-05-11;5013;5768;0;326410;175508;0;30.4;16.3;0.0
83;2021-05-12;6108;4928;0;332518;180436;0;31.0;16.8;0.0
83;2021-05-13;5932;1299;0;338450;181735;0;31.5;16.9;0.0
83;2021-05-14;6959;3975;0;345409;185710;0;32.2;17.3;0.0
83;2021-05-15;7174;2235;0;352583;187945;0;32.8;17.5;0.0
83;2021-05-16;5991;1150;0;358574;189095;0;33.4;17.6;0.0
83;2021-05-17;4951;4137;0;363525;193232;0;33.9;18.0;0.0
83;2021-05-18;5551;3766;0;369076;196998;0;34.4;18.3;0.0
83;2021-05-19;6185;3469;0;375261;200467;0;34.9;18.7;0.0
83;2021-05-20;6789;3749;0;382050;204216;0;35.6;19.0;0.0
83;2021-05-21;7629;3817;0;389679;208033;0;36.3;19.4;0.0
83;2021-05-22;5493;1699;0;395172;209732;0;36.8;19.5;0.0
83;2021-05-23;4074;619;0;399246;210351;0;37.2;19.6;0.0
83;2021-05-24;5274;893;0;404520;211244;0;37.7;19.7;0.0
83;2021-05-25;5288;4681;0;409808;215925;0;38.2;20.1;0.0
83;2021-05-26;4877;4396;0;414685;220321;0;38.6;20.5;0.0
83;2021-05-27;5052;5161;0;419737;225482;0;39.1;21.0;0.0
83;2021-05-28;4440;5687;0;424177;231169;0;39.5;21.5;0.0
83;2021-05-29;2680;4200;0;426857;235369;0;39.8;21.9;0.0
83;2021-05-30;1140;1282;0;427997;236651;0;39.9;22.0;0.0
83;2021-05-31;5272;4817;0;433269;241468;0;40.3;22.5;0.0
83;2021-06-01;5751;5359;0;439020;246827;0;40.9;23.0;0.0
83;2021-06-02;5201;4707;0;444221;251534;0;41.4;23.4;0.0
83;2021-06-03;5739;5123;0;449960;256657;0;41.9;23.9;0.0
83;2021-06-04;5433;5930;0;455393;262587;0;42.4;24.5;0.0
83;2021-06-05;3781;3177;0;459174;265764;0;42.8;24.7;0.0
83;2021-06-06;1794;1324;0;460968;267088;0;42.9;24.9;0.0
83;2021-06-07;3828;5050;0;464796;272138;0;43.3;25.3;0.0
83;2021-06-08;4153;4788;0;468949;276926;0;43.7;25.8;0.0
83;2021-06-09;4041;4663;0;472990;281589;0;44.0;26.2;0.0
83;2021-06-10;4105;4215;0;477095;285804;0;44.4;26.6;0.0
83;2021-06-11;3639;5442;0;480734;291246;0;44.8;27.1;0.0
83;2021-06-12;2895;2980;0;483629;294226;0;45.0;27.4;0.0
83;2021-06-13;940;1290;0;484569;295516;0;45.1;27.5;0.0
83;2021-06-14;2790;5642;0;487359;301158;0;45.4;28.0;0.0
83;2021-06-15;3162;4992;0;490521;306150;0;45.7;28.5;0.0
83;2021-06-16;3120;4513;0;493641;310663;0;46.0;28.9;0.0
83;2021-06-17;2954;5256;0;496595;315919;0;46.2;29.4;0.0
83;2021-06-18;3198;5828;0;499793;321747;0;46.5;30.0;0.0
83;2021-06-19;2251;3978;0;502044;325725;0;46.8;30.3;0.0
83;2021-06-20;622;1734;0;502666;327459;0;46.8;30.5;0.0
83;2021-06-21;2055;7296;0;504721;334755;0;47.0;31.2;0.0
83;2021-06-22;2090;6943;0;506811;341698;0;47.2;31.8;0.0
83;2021-06-23;2045;6832;0;508856;348530;0;47.4;32.5;0.0
83;2021-06-24;2127;7057;0;510983;355587;0;47.6;33.1;0.0
83;2021-06-25;2171;8088;0;513154;363675;0;47.8;33.9;0.0
83;2021-06-26;1408;6463;0;514562;370138;0;47.9;34.5;0.0
83;2021-06-27;590;2953;0;515152;373091;0;48.0;34.7;0.0
83;2021-06-28;1472;7636;0;516624;380727;0;48.1;35.5;0.0
83;2021-06-29;1882;7589;0;518506;388316;0;48.3;36.2;0.0
83;2021-06-30;2200;7008;0;520706;395324;0;48.5;36.8;0.0
83;2021-07-01;2723;6431;0;523429;401755;0;48.7;37.4;0.0
83;2021-07-02;2439;7491;0;525868;409246;0;49.0;38.1;0.0
83;2021-07-03;1494;5393;0;527362;414639;0;49.1;38.6;0.0
83;2021-07-04;526;2502;0;527888;417141;0;49.2;38.8;0.0
83;2021-07-05;1924;7210;0;529812;424351;0;49.3;39.5;0.0
83;2021-07-06;2508;5816;0;532320;430167;0;49.6;40.1;0.0
83;2021-07-07;2657;4514;0;534977;434681;0;49.8;40.5;0.0
83;2021-07-08;3152;4384;0;538129;439065;0;50.1;40.9;0.0
83;2021-07-09;3036;6600;0;541165;445665;0;50.4;41.5;0.0
83;2021-07-10;1545;4700;0;542710;450365;0;50.5;41.9;0.0
83;2021-07-11;909;1638;0;543619;452003;0;50.6;42.1;0.0
83;2021-07-12;2114;7259;0;545733;459262;0;50.8;42.8;0.0
83;2021-07-13;3915;6815;0;549648;466077;0;51.2;43.4;0.0
83;2021-07-14;1956;1262;0;551604;467339;0;51.4;43.5;0.0
83;2021-07-15;4668;6704;0;556272;474043;0;51.8;44.1;0.0
83;2021-07-16;5239;6799;0;561511;480842;0;52.3;44.8;0.0
83;2021-07-17;3520;4825;0;565031;485667;0;52.6;45.2;0.0
83;2021-07-18;1530;1279;0;566561;486946;0;52.8;45.3;0.0
83;2021-07-19;3929;6106;0;570490;493052;0;53.1;45.9;0.0
83;2021-07-20;5743;5962;0;576233;499014;0;53.7;46.5;0.0
83;2021-07-21;5751;5047;0;581984;504061;0;54.2;46.9;0.0
83;2021-07-22;6905;5344;0;588889;509405;0;54.8;47.4;0.0
83;2021-07-23;6641;5498;0;595530;514903;0;55.5;47.9;0.0
83;2021-07-24;4427;4312;0;599957;519215;0;55.9;48.4;0.0
83;2021-07-25;1298;705;0;601255;519920;0;56.0;48.4;0.0
83;2021-07-26;5349;4407;0;606604;524327;0;56.5;48.8;0.0
83;2021-07-27;6648;4459;0;613252;528786;0;57.1;49.2;0.0
83;2021-07-28;6410;4066;0;619662;532852;0;57.7;49.6;0.0
83;2021-07-29;7387;4506;0;627049;537358;0;58.4;50.0;0.0
83;2021-07-30;6725;4352;0;633774;541710;0;59.0;50.4;0.0
83;2021-07-31;4476;2939;0;638250;544649;0;59.4;50.7;0.0
83;2021-08-01;1125;777;0;639375;545426;0;59.5;50.8;0.0
83;2021-08-02;5828;3210;0;645203;548636;0;60.1;51.1;0.0
83;2021-08-03;6226;3553;0;651429;552189;0;60.7;51.4;0.0
83;2021-08-04;5742;3126;0;657171;555315;0;61.2;51.7;0.0
83;2021-08-05;5974;3563;0;663145;558878;0;61.8;52.0;0.0
83;2021-08-06;5904;4129;0;669049;563007;0;62.3;52.4;0.0
83;2021-08-07;3554;3081;0;672603;566088;0;62.6;52.7;0.0
83;2021-08-08;999;758;0;673602;566846;0;62.7;52.8;0.0
83;2021-08-09;4488;3909;0;678090;570755;0;63.1;53.2;0.0
83;2021-08-10;5102;4453;0;683192;575208;0;63.6;53.6;0.0
83;2021-08-11;4463;4455;0;687655;579663;0;64.0;54.0;0.0
83;2021-08-12;4738;5075;0;692393;584738;0;64.5;54.5;0.0
83;2021-08-13;4565;4906;0;696958;589644;0;64.9;54.9;0.0
83;2021-08-14;3027;3599;0;699985;593243;0;65.2;55.2;0.0
83;2021-08-15;229;355;0;700214;593598;0;65.2;55.3;0.0
83;2021-08-16;3615;5005;0;703829;598603;0;65.5;55.7;0.0
83;2021-08-17;3598;5033;0;707427;603636;0;65.9;56.2;0.0
83;2021-08-18;3433;4807;0;710860;608443;0;66.2;56.7;0.0
83;2021-08-19;4038;5705;0;714898;614148;0;66.6;57.2;0.0
83;2021-08-20;3516;5948;0;718414;620096;0;66.9;57.7;0.0
83;2021-08-21;2175;4188;0;720589;624284;0;67.1;58.1;0.0
83;2021-08-22;584;978;0;721173;625262;0;67.2;58.2;0.0
83;2021-08-23;2442;5551;0;723615;630813;0;67.4;58.7;0.0
83;2021-08-24;2785;5698;0;726400;636511;0;67.6;59.3;0.0
83;2021-08-25;2489;5153;0;728889;641664;0;67.9;59.8;0.0
83;2021-08-26;2837;5752;0;731726;647416;0;68.1;60.3;0.0
83;2021-08-27;2852;5806;0;734578;653222;0;68.4;60.8;0.0
83;2021-08-28;1815;4297;0;736393;657519;0;68.6;61.2;0.0
83;2021-08-29;469;1190;0;736862;658709;0;68.6;61.3;0.0
83;2021-08-30;2289;5043;75;739151;663752;75;68.8;61.8;0.0
83;2021-08-31;2440;5397;171;741591;669149;246;69.1;62.3;0.0
83;2021-09-01;2816;4756;463;744407;673905;709;69.3;62.8;0.1
83;2021-09-02;2467;4390;467;746874;678295;1176;69.6;63.2;0.1
83;2021-09-03;2301;4713;548;749175;683008;1724;69.8;63.6;0.2
83;2021-09-04;1819;4327;227;750994;687335;1951;69.9;64.0;0.2
83;2021-09-05;533;434;110;751527;687769;2061;70.0;64.0;0.2
83;2021-09-06;1868;3359;704;753395;691128;2765;70.2;64.4;0.3
83;2021-09-07;1663;3256;674;755058;694384;3439;70.3;64.7;0.3
83;2021-09-08;1987;3501;517;757045;697885;3956;70.5;65.0;0.4
83;2021-09-09;1554;3325;637;758599;701210;4593;70.6;65.3;0.4
83;2021-09-10;1824;3674;747;760423;704884;5340;70.8;65.6;0.5
83;2021-09-11;1376;3571;262;761799;708455;5602;70.9;66.0;0.5
83;2021-09-12;219;454;43;762018;708909;5645;71.0;66.0;0.5
83;2021-09-13;1283;2500;907;763301;711409;6552;71.1;66.2;0.6
83;2021-09-14;1399;2490;1065;764700;713899;7617;71.2;66.5;0.7
83;2021-09-15;1440;2629;821;766140;716528;8438;71.3;66.7;0.8
83;2021-09-16;1067;2202;966;767207;718730;9404;71.4;66.9;0.9
83;2021-09-17;1062;2612;904;768269;721342;10308;71.5;67.2;1.0
83;2021-09-18;995;2918;289;769264;724260;10597;71.6;67.4;1.0
83;2021-09-19;112;407;51;769376;724667;10648;71.6;67.5;1.0
83;2021-09-20;758;2064;792;770134;726731;11440;71.7;67.7;1.1
83;2021-09-21;696;1798;796;770830;728529;12236;71.8;67.8;1.1
83;2021-09-22;776;2521;702;771606;731050;12938;71.9;68.1;1.2
83;2021-09-23;716;2070;751;772322;733120;13689;71.9;68.3;1.3
83;2021-09-24;789;2253;838;773111;735373;14527;72.0;68.5;1.4
83;2021-09-25;757;2613;281;773868;737986;14808;72.1;68.7;1.4
83;2021-09-26;76;441;30;773944;738427;14838;72.1;68.8;1.4
83;2021-09-27;585;1728;626;774529;740155;15464;72.1;68.9;1.4
83;2021-09-28;539;1482;644;775068;741637;16108;72.2;69.1;1.5
83;2021-09-29;722;1935;575;775790;743572;16683;72.2;69.2;1.6
83;2021-09-30;637;1511;807;776427;745083;17490;72.3;69.4;1.6
83;2021-10-01;1041;1553;844;777468;746636;18334;72.4;69.5;1.7
83;2021-10-02;703;1634;295;778171;748270;18629;72.5;69.7;1.7
83;2021-10-03;115;263;70;778286;748533;18699;72.5;69.7;1.7
83;2021-10-04;642;898;747;778928;749431;19446;72.5;69.8;1.8
83;2021-10-05;647;1146;1091;779575;750577;20537;72.6;69.9;1.9
83;2021-10-06;876;1641;1047;780451;752218;21584;72.7;70.0;2.0
83;2021-10-07;513;1087;1076;780964;753305;22660;72.7;70.2;2.1
83;2021-10-08;824;1425;1293;781788;754730;23953;72.8;70.3;2.2
83;2021-10-09;534;1032;402;782322;755762;24355;72.9;70.4;2.3
83;2021-10-10;26;67;7;782348;755829;24362;72.9;70.4;2.3
83;2021-10-11;659;1073;1333;783007;756902;25695;72.9;70.5;2.4
83;2021-10-12;532;832;1316;783539;757734;27011;73.0;70.6;2.5
83;2021-10-13;713;1102;1294;784252;758836;28305;73.0;70.7;2.6
83;2021-10-14;530;870;1495;784782;759706;29800;73.1;70.7;2.8
83;2021-10-15;763;1125;1826;785545;760831;31626;73.2;70.9;2.9
83;2021-10-16;568;886;550;786113;761717;32176;73.2;70.9;3.0
83;2021-10-17;31;45;16;786144;761762;32192;73.2;70.9;3.0
83;2021-10-18;565;815;1629;786709;762577;33821;73.3;71.0;3.1
83;2021-10-19;416;618;1267;787125;763195;35088;73.3;71.1;3.3
83;2021-10-20;610;907;1970;787735;764102;37058;73.4;71.2;3.5
83;2021-10-21;503;713;1794;788238;764815;38852;73.4;71.2;3.6
83;2021-10-22;551;795;1653;788789;765610;40505;73.5;71.3;3.8
83;2021-10-23;433;568;661;789222;766178;41166;73.5;71.3;3.8
83;2021-10-24;16;58;39;789238;766236;41205;73.5;71.4;3.8
83;2021-10-25;460;732;1949;789698;766968;43154;73.5;71.4;4.0
83;2021-10-26;439;619;2056;790137;767587;45210;73.6;71.5;4.2
83;2021-10-27;496;741;2486;790633;768328;47696;73.6;71.5;4.4
83;2021-10-28;421;598;2383;791054;768926;50079;73.7;71.6;4.7
83;2021-10-29;406;656;2076;791460;769582;52155;73.7;71.7;4.9
83;2021-10-30;368;487;895;791828;770069;53050;73.7;71.7;4.9
83;2021-10-31;21;45;36;791849;770114;53086;73.7;71.7;4.9
83;2021-11-01;87;49;86;791936;770163;53172;73.7;71.7;5.0
83;2021-11-02;384;635;1762;792320;770798;54934;73.8;71.8;5.1
83;2021-11-03;520;796;2924;792840;771594;57858;73.8;71.9;5.4
83;2021-11-04;373;597;2328;793213;772191;60186;73.9;71.9;5.6
83;2021-11-05;463;704;2674;793676;772895;62860;73.9;72.0;5.9
83;2021-11-06;318;552;1179;793994;773447;64039;73.9;72.0;6.0
83;2021-11-07;18;62;46;794012;773509;64085;73.9;72.0;6.0
83;2021-11-08;370;680;3417;794382;774189;67502;74.0;72.1;6.3
83;2021-11-09;371;520;3415;794753;774709;70917;74.0;72.1;6.6
83;2021-11-10;538;865;4533;795291;775574;75450;74.1;72.2;7.0
83;2021-11-11;52;98;111;795343;775672;75561;74.1;72.2;7.0
83;2021-11-12;418;649;3874;795761;776321;79435;74.1;72.3;7.4
83;2021-11-13;304;462;1529;796065;776783;80964;74.1;72.3;7.5
83;2021-11-14;13;64;91;796078;776847;81055;74.1;72.3;7.5
83;2021-11-15;376;574;4366;796454;777421;85421;74.2;72.4;8.0
83;2021-11-16;353;455;4051;796807;777876;89472;74.2;72.4;8.3
83;2021-11-17;515;743;4816;797322;778619;94288;74.2;72.5;8.8
83;2021-11-18;447;618;4600;797769;779237;98888;74.3;72.6;9.2
83;2021-11-19;574;633;4567;798343;779870;103455;74.3;72.6;9.6
83;2021-11-20;367;462;1882;798710;780332;105337;74.4;72.7;9.8
83;2021-11-21;27;55;68;798737;780387;105405;74.4;72.7;9.8
83;2021-11-22;476;392;4971;799213;780779;110376;74.4;72.7;10.3
83;2021-11-23;397;461;4604;799610;781240;114980;74.5;72.8;10.7
83;2021-11-24;639;694;5490;800249;781934;120470;74.5;72.8;11.2
83;2021-11-25;509;496;5931;800758;782430;126401;74.6;72.9;11.8
83;2021-11-26;587;600;7072;801345;783030;133473;74.6;72.9;12.4
83;2021-11-27;464;474;3649;801809;783504;137122;74.7;73.0;12.8
83;2021-11-28;40;60;186;801849;783564;137308;74.7;73.0;12.8
83;2021-11-29;448;511;7993;802297;784075;145301;74.7;73.0;13.5
83;2021-11-30;480;507;8310;802777;784582;153611;74.8;73.1;14.3
83;2021-12-01;485;634;9812;803262;785216;163423;74.8;73.1;15.2
83;2021-12-02;421;419;10004;803683;785635;173427;74.8;73.2;16.2
83;2021-12-03;534;613;10506;804217;786248;183933;74.9;73.2;17.1
83;2021-12-04;398;440;5497;804615;786688;189430;74.9;73.3;17.6
83;2021-12-05;40;100;1785;804655;786788;191215;74.9;73.3;17.8
83;2021-12-06;388;551;10374;805043;787339;201589;75.0;73.3;18.8
83;2021-12-07;493;573;11535;805536;787912;213124;75.0;73.4;19.8
83;2021-12-08;466;655;10878;806002;788567;224002;75.1;73.4;20.9
83;2021-12-09;490;615;11434;806492;789182;235436;75.1;73.5;21.9
83;2021-12-10;532;620;12106;807024;789802;247542;75.2;73.5;23.1
83;2021-12-11;422;491;5931;807446;790293;253473;75.2;73.6;23.6
83;2021-12-12;88;80;1069;807534;790373;254542;75.2;73.6;23.7
83;2021-12-13;426;540;11200;807960;790913;265742;75.2;73.7;24.7
83;2021-12-14;528;562;13190;808488;791475;278932;75.3;73.7;26.0
83;2021-12-15;547;698;12414;809035;792173;291346;75.3;73.8;27.1
83;2021-12-16;543;643;12861;809578;792816;304207;75.4;73.8;28.3
83;2021-12-17;592;794;12823;810170;793610;317030;75.4;73.9;29.5
83;2021-12-18;532;559;6378;810702;794169;323408;75.5;74.0;30.1
83;2021-12-19;109;99;1138;810811;794268;324546;75.5;74.0;30.2
83;2021-12-20;642;699;9829;811453;794967;334375;75.6;74.0;31.1
83;2021-12-21;798;691;10282;812251;795658;344657;75.6;74.1;32.1
83;2021-12-22;683;632;8996;812934;796290;353653;75.7;74.2;32.9
83;2021-12-23;527;467;6131;813461;796757;359784;75.8;74.2;33.5
83;2021-12-24;144;195;1355;813605;796952;361139;75.8;74.2;33.6
83;2021-12-25;5;48;93;813610;797000;361232;75.8;74.2;33.6
83;2021-12-26;38;67;243;813648;797067;361475;75.8;74.2;33.7
84;2020-12-27;0;0;0;0;0;0;0.0;0.0;0.0
84;2020-12-28;3;0;0;3;0;0;0.0;0.0;0.0
84;2020-12-29;3;0;0;6;0;0;0.0;0.0;0.0
84;2020-12-30;3;0;0;9;0;0;0.0;0.0;0.0
84;2020-12-31;0;0;0;9;0;0;0.0;0.0;0.0
84;2021-01-01;0;0;0;9;0;0;0.0;0.0;0.0
84;2021-01-02;0;0;0;9;0;0;0.0;0.0;0.0
84;2021-01-03;0;0;0;9;0;0;0.0;0.0;0.0
84;2021-01-04;6;0;0;15;0;0;0.0;0.0;0.0
84;2021-01-05;4;0;0;19;0;0;0.0;0.0;0.0
84;2021-01-06;8;0;0;27;0;0;0.0;0.0;0.0
84;2021-01-07;62;0;0;89;0;0;0.0;0.0;0.0
84;2021-01-08;71;0;0;160;0;0;0.0;0.0;0.0
84;2021-01-09;21;0;0;181;0;0;0.0;0.0;0.0
84;2021-01-10;1;0;0;182;0;0;0.0;0.0;0.0
84;2021-01-11;174;1;0;356;1;0;0.1;0.0;0.0
84;2021-01-12;561;3;0;917;4;0;0.2;0.0;0.0
84;2021-01-13;294;0;0;1211;4;0;0.2;0.0;0.0
84;2021-01-14;790;13;0;2001;17;0;0.4;0.0;0.0
84;2021-01-15;514;9;0;2515;26;0;0.4;0.0;0.0
84;2021-01-16;114;1;0;2629;27;0;0.5;0.0;0.0
84;2021-01-17;29;1;0;2658;28;0;0.5;0.0;0.0
84;2021-01-18;593;3;0;3251;31;0;0.6;0.0;0.0
84;2021-01-19;850;2;0;4101;33;0;0.7;0.0;0.0
84;2021-01-20;949;6;0;5050;39;0;0.9;0.0;0.0
84;2021-01-21;962;6;0;6012;45;0;1.1;0.0;0.0
84;2021-01-22;1006;0;0;7018;45;0;1.3;0.0;0.0
84;2021-01-23;215;0;0;7233;45;0;1.3;0.0;0.0
84;2021-01-24;6;0;0;7239;45;0;1.3;0.0;0.0
84;2021-01-25;701;4;0;7940;49;0;1.4;0.0;0.0
84;2021-01-26;876;9;0;8816;58;0;1.6;0.0;0.0
84;2021-01-27;981;6;0;9797;64;0;1.7;0.0;0.0
84;2021-01-28;1428;20;0;11225;84;0;2.0;0.0;0.0
84;2021-01-29;1078;48;0;12303;132;0;2.2;0.0;0.0
84;2021-01-30;125;19;0;12428;151;0;2.2;0.0;0.0
84;2021-01-31;13;0;0;12441;151;0;2.2;0.0;0.0
84;2021-02-01;608;150;0;13049;301;0;2.3;0.1;0.0
84;2021-02-02;745;223;0;13794;524;0;2.5;0.1;0.0
84;2021-02-03;626;225;0;14420;749;0;2.6;0.1;0.0
84;2021-02-04;799;359;0;15219;1108;0;2.7;0.2;0.0
84;2021-02-05;647;377;0;15866;1485;0;2.8;0.3;0.0
84;2021-02-06;109;43;0;15975;1528;0;2.8;0.3;0.0
84;2021-02-07;2;0;0;15977;1528;0;2.8;0.3;0.0
84;2021-02-08;543;260;0;16520;1788;0;2.9;0.3;0.0
84;2021-02-09;648;638;0;17168;2426;0;3.1;0.4;0.0
84;2021-02-10;525;569;0;17693;2995;0;3.2;0.5;0.0
84;2021-02-11;556;561;0;18249;3556;0;3.3;0.6;0.0
84;2021-02-12;534;614;0;18783;4170;0;3.3;0.7;0.0
84;2021-02-13;54;114;0;18837;4284;0;3.4;0.8;0.0
84;2021-02-14;4;8;0;18841;4292;0;3.4;0.8;0.0
84;2021-02-15;201;734;0;19042;5026;0;3.4;0.9;0.0
84;2021-02-16;224;724;0;19266;5750;0;3.4;1.0;0.0
84;2021-02-17;416;766;0;19682;6516;0;3.5;1.2;0.0
84;2021-02-18;503;1029;0;20185;7545;0;3.6;1.3;0.0
84;2021-02-19;712;1052;0;20897;8597;0;3.7;1.5;0.0
84;2021-02-20;68;116;0;20965;8713;0;3.7;1.6;0.0
84;2021-02-21;5;35;0;20970;8748;0;3.7;1.6;0.0
84;2021-02-22;306;644;0;21276;9392;0;3.8;1.7;0.0
84;2021-02-23;275;664;0;21551;10056;0;3.8;1.8;0.0
84;2021-02-24;378;689;0;21929;10745;0;3.9;1.9;0.0
84;2021-02-25;697;756;0;22626;11501;0;4.0;2.1;0.0
84;2021-02-26;813;610;0;23439;12111;0;4.2;2.2;0.0
84;2021-02-27;142;106;0;23581;12217;0;4.2;2.2;0.0
84;2021-02-28;13;2;0;23594;12219;0;4.2;2.2;0.0
84;2021-03-01;461;566;0;24055;12785;0;4.3;2.3;0.0
84;2021-03-02;635;711;0;24690;13496;0;4.4;2.4;0.0
84;2021-03-03;874;808;0;25564;14304;0;4.6;2.5;0.0
84;2021-03-04;1130;606;0;26694;14910;0;4.8;2.7;0.0
84;2021-03-05;1315;505;0;28009;15415;0;5.0;2.7;0.0
84;2021-03-06;1378;67;0;29387;15482;0;5.2;2.8;0.0
84;2021-03-07;557;28;0;29944;15510;0;5.3;2.8;0.0
84;2021-03-08;748;586;0;30692;16096;0;5.5;2.9;0.0
84;2021-03-09;1345;657;0;32037;16753;0;5.7;3.0;0.0
84;2021-03-10;1446;604;0;33483;17357;0;6.0;3.1;0.0
84;2021-03-11;1939;613;0;35422;17970;0;6.3;3.2;0.0
84;2021-03-12;2059;609;0;37481;18579;0;6.7;3.3;0.0
84;2021-03-13;834;48;0;38315;18627;0;6.8;3.3;0.0
84;2021-03-14;287;47;0;38602;18674;0;6.9;3.3;0.0
84;2021-03-15;1067;306;0;39669;18980;0;7.1;3.4;0.0
84;2021-03-16;1160;318;0;40829;19298;0;7.3;3.4;0.0
84;2021-03-17;1170;466;0;41999;19764;0;7.5;3.5;0.0
84;2021-03-18;1451;399;0;43450;20163;0;7.7;3.6;0.0
84;2021-03-19;2101;473;0;45551;20636;0;8.1;3.7;0.0
84;2021-03-20;879;48;0;46430;20684;0;8.3;3.7;0.0
84;2021-03-21;148;9;0;46578;20693;0;8.3;3.7;0.0
84;2021-03-22;1219;445;0;47797;21138;0;8.5;3.8;0.0
84;2021-03-23;1951;429;0;49748;21567;0;8.9;3.8;0.0
84;2021-03-24;2116;391;0;51864;21958;0;9.2;3.9;0.0
84;2021-03-25;3546;402;0;55410;22360;0;9.9;4.0;0.0
84;2021-03-26;3280;485;0;58690;22845;0;10.5;4.1;0.0
84;2021-03-27;944;83;0;59634;22928;0;10.6;4.1;0.0
84;2021-03-28;86;2;0;59720;22930;0;10.6;4.1;0.0
84;2021-03-29;1708;557;0;61428;23487;0;10.9;4.2;0.0
84;2021-03-30;2628;723;0;64056;24210;0;11.4;4.3;0.0
84;2021-03-31;2313;679;0;66369;24889;0;11.8;4.4;0.0
84;2021-04-01;2980;598;0;69349;25487;0;12.4;4.5;0.0
84;2021-04-02;2370;562;0;71719;26049;0;12.8;4.6;0.0
84;2021-04-03;528;83;0;72247;26132;0;12.9;4.7;0.0
84;2021-04-04;25;8;0;72272;26140;0;12.9;4.7;0.0
84;2021-04-05;812;111;0;73084;26251;0;13.0;4.7;0.0
84;2021-04-06;2045;861;0;75129;27112;0;13.4;4.8;0.0
84;2021-04-07;2345;916;0;77474;28028;0;13.8;5.0;0.0
84;2021-04-08;3526;1043;0;81000;29071;0;14.4;5.2;0.0
84;2021-04-09;3951;916;0;84951;29987;0;15.1;5.3;0.0
84;2021-04-10;1412;185;0;86363;30172;0;15.4;5.4;0.0
84;2021-04-11;61;26;0;86424;30198;0;15.4;5.4;0.0
84;2021-04-12;2125;851;0;88549;31049;0;15.8;5.5;0.0
84;2021-04-13;2856;1377;0;91405;32426;0;16.3;5.8;0.0
84;2021-04-14;2669;1330;0;94074;33756;0;16.8;6.0;0.0
84;2021-04-15;3165;1376;0;97239;35132;0;17.3;6.3;0.0
84;2021-04-16;3309;1467;0;100548;36599;0;17.9;6.5;0.0
84;2021-04-17;1505;251;0;102053;36850;0;18.2;6.6;0.0
84;2021-04-18;72;23;0;102125;36873;0;18.2;6.6;0.0
84;2021-04-19;2316;1041;0;104441;37914;0;18.6;6.8;0.0
84;2021-04-20;2521;1586;0;106962;39500;0;19.1;7.0;0.0
84;2021-04-21;2482;1536;0;109444;41036;0;19.5;7.3;0.0
84;2021-04-22;2805;1687;0;112249;42723;0;20.0;7.6;0.0
84;2021-04-23;2738;1811;0;114987;44534;0;20.5;7.9;0.0
84;2021-04-24;1388;355;0;116375;44889;0;20.7;8.0;0.0
84;2021-04-25;88;27;0;116463;44916;0;20.8;8.0;0.0
84;2021-04-26;2087;1399;0;118550;46315;0;21.1;8.3;0.0
84;2021-04-27;2458;1950;0;121008;48265;0;21.6;8.6;0.0
84;2021-04-28;2617;1787;0;123625;50052;0;22.0;8.9;0.0
84;2021-04-29;3143;1989;0;126768;52041;0;22.6;9.3;0.0
84;2021-04-30;2906;2228;0;129674;54269;0;23.1;9.7;0.0
84;2021-05-01;534;275;0;130208;54544;0;23.2;9.7;0.0
84;2021-05-02;134;29;0;130342;54573;0;23.2;9.7;0.0
84;2021-05-03;2085;1695;0;132427;56268;0;23.6;10.0;0.0
84;2021-05-04;2429;2425;0;134856;58693;0;24.0;10.5;0.0
84;2021-05-05;2270;2229;0;137126;60922;0;24.4;10.9;0.0
84;2021-05-06;3106;2211;0;140232;63133;0;25.0;11.3;0.0
84;2021-05-07;2622;2468;0;142854;65601;0;25.5;11.7;0.0
84;2021-05-08;1144;558;0;143998;66159;0;25.7;11.8;0.0
84;2021-05-09;90;82;0;144088;66241;0;25.7;11.8;0.0
84;2021-05-10;2029;2391;0;146117;68632;0;26.0;12.2;0.0
84;2021-05-11;2883;3033;0;149000;71665;0;26.6;12.8;0.0
84;2021-05-12;2801;2730;0;151801;74395;0;27.1;13.3;0.0
84;2021-05-13;2140;832;0;153941;75227;0;27.4;13.4;0.0
84;2021-05-14;2765;1983;0;156706;77210;0;27.9;13.8;0.0
84;2021-05-15;2160;981;0;158866;78191;0;28.3;13.9;0.0
84;2021-05-16;1381;193;0;160247;78384;0;28.6;14.0;0.0
84;2021-05-17;2286;2023;0;162533;80407;0;29.0;14.3;0.0
84;2021-05-18;2920;2016;0;165453;82423;0;29.5;14.7;0.0
84;2021-05-19;3249;1637;0;168702;84060;0;30.1;15.0;0.0
84;2021-05-20;3728;2119;0;172430;86179;0;30.7;15.4;0.0
84;2021-05-21;3506;2213;0;175936;88392;0;31.4;15.8;0.0
84;2021-05-22;1631;648;0;177567;89040;0;31.7;15.9;0.0
84;2021-05-23;178;31;0;177745;89071;0;31.7;15.9;0.0
84;2021-05-24;1894;421;0;179639;89492;0;32.0;16.0;0.0
84;2021-05-25;2957;2145;0;182596;91637;0;32.5;16.3;0.0
84;2021-05-26;3006;2045;0;185602;93682;0;33.1;16.7;0.0
84;2021-05-27;3655;2216;0;189257;95898;0;33.7;17.1;0.0
84;2021-05-28;3026;3083;0;192283;98981;0;34.3;17.6;0.0
84;2021-05-29;1215;1541;0;193498;100522;0;34.5;17.9;0.0
84;2021-05-30;67;108;0;193565;100630;0;34.5;17.9;0.0
84;2021-05-31;2144;2493;0;195709;103123;0;34.9;18.4;0.0
84;2021-06-01;3097;3001;0;198806;106124;0;35.4;18.9;0.0
84;2021-06-02;3012;2408;0;201818;108532;0;36.0;19.3;0.0
84;2021-06-03;3963;2829;0;205781;111361;0;36.7;19.9;0.0
84;2021-06-04;3512;2889;0;209293;114250;0;37.3;20.4;0.0
84;2021-06-05;1666;1385;0;210959;115635;0;37.6;20.6;0.0
84;2021-06-06;881;195;0;211840;115830;0;37.8;20.6;0.0
84;2021-06-07;2346;2645;0;214186;118475;0;38.2;21.1;0.0
84;2021-06-08;3115;2911;0;217301;121386;0;38.7;21.6;0.0
84;2021-06-09;2790;2508;0;220091;123894;0;39.2;22.1;0.0
84;2021-06-10;3289;2693;0;223380;126587;0;39.8;22.6;0.0
84;2021-06-11;2873;2950;0;226253;129537;0;40.3;23.1;0.0
84;2021-06-12;1769;1287;0;228022;130824;0;40.6;23.3;0.0
84;2021-06-13;392;201;0;228414;131025;0;40.7;23.4;0.0
84;2021-06-14;1787;3122;0;230201;134147;0;41.0;23.9;0.0
84;2021-06-15;2314;3301;0;232515;137448;0;41.4;24.5;0.0
84;2021-06-16;2438;2852;0;234953;140300;0;41.9;25.0;0.0
84;2021-06-17;2677;3330;0;237630;143630;0;42.4;25.6;0.0
84;2021-06-18;2242;3420;0;239872;147050;0;42.8;26.2;0.0
84;2021-06-19;1195;1581;0;241067;148631;0;43.0;26.5;0.0
84;2021-06-20;427;329;0;241494;148960;0;43.0;26.6;0.0
84;2021-06-21;1479;3082;0;242973;152042;0;43.3;27.1;0.0
84;2021-06-22;2039;3861;0;245012;155903;0;43.7;27.8;0.0
84;2021-06-23;1949;3243;0;246961;159146;0;44.0;28.4;0.0
84;2021-06-24;2001;3442;0;248962;162588;0;44.4;29.0;0.0
84;2021-06-25;1718;3845;0;250680;166433;0;44.7;29.7;0.0
84;2021-06-26;1049;1738;0;251729;168171;0;44.9;30.0;0.0
84;2021-06-27;243;379;0;251972;168550;0;44.9;30.0;0.0
84;2021-06-28;1082;3174;0;253054;171724;0;45.1;30.6;0.0
84;2021-06-29;1282;3856;0;254336;175580;0;45.3;31.3;0.0
84;2021-06-30;1644;3827;0;255980;179407;0;45.6;32.0;0.0
84;2021-07-01;1848;3723;0;257828;183130;0;46.0;32.6;0.0
84;2021-07-02;1778;3839;0;259606;186969;0;46.3;33.3;0.0
84;2021-07-03;1028;1949;0;260634;188918;0;46.5;33.7;0.0
84;2021-07-04;324;481;0;260958;189399;0;46.5;33.8;0.0
84;2021-07-05;1334;3333;0;262292;192732;0;46.8;34.4;0.0
84;2021-07-06;1519;3909;0;263811;196641;0;47.0;35.1;0.0
84;2021-07-07;1579;2833;0;265390;199474;0;47.3;35.6;0.0
84;2021-07-08;1966;3462;0;267356;202936;0;47.7;36.2;0.0
84;2021-07-09;1819;3782;0;269175;206718;0;48.0;36.8;0.0
84;2021-07-10;1118;2107;0;270293;208825;0;48.2;37.2;0.0
84;2021-07-11;308;284;0;270601;209109;0;48.2;37.3;0.0
84;2021-07-12;1315;3596;0;271916;212705;0;48.5;37.9;0.0
84;2021-07-13;2141;4657;0;274057;217362;0;48.9;38.7;0.0
84;2021-07-14;1685;1171;0;275742;218533;0;49.2;39.0;0.0
84;2021-07-15;2585;4271;0;278327;222804;0;49.6;39.7;0.0
84;2021-07-16;2711;4259;0;281038;227063;0;50.1;40.5;0.0
84;2021-07-17;1467;2268;0;282505;229331;0;50.4;40.9;0.0
84;2021-07-18;816;479;0;283321;229810;0;50.5;41.0;0.0
84;2021-07-19;2212;3488;0;285533;233298;0;50.9;41.6;0.0
84;2021-07-20;2946;3912;0;288479;237210;0;51.4;42.3;0.0
84;2021-07-21;3028;3480;0;291507;240690;0;52.0;42.9;0.0
84;2021-07-22;3569;3506;0;295076;244196;0;52.6;43.5;0.0
84;2021-07-23;3386;3437;0;298462;247633;0;53.2;44.1;0.0
84;2021-07-24;1526;2099;0;299988;249732;0;53.5;44.5;0.0
84;2021-07-25;877;432;0;300865;250164;0;53.6;44.6;0.0
84;2021-07-26;2508;2817;0;303373;252981;0;54.1;45.1;0.0
84;2021-07-27;3278;3224;0;306651;256205;0;54.7;45.7;0.0
84;2021-07-28;3432;2929;0;310083;259134;0;55.3;46.2;0.0
84;2021-07-29;3854;2927;0;313937;262061;0;56.0;46.7;0.0
84;2021-07-30;3746;3053;0;317683;265114;0;56.6;47.3;0.0
84;2021-07-31;1886;1566;0;319569;266680;0;57.0;47.5;0.0
84;2021-08-01;750;402;0;320319;267082;0;57.1;47.6;0.0
84;2021-08-02;2854;2464;0;323173;269546;0;57.6;48.0;0.0
84;2021-08-03;3733;2456;0;326906;272002;0;58.3;48.5;0.0
84;2021-08-04;3367;2236;0;330273;274238;0;58.9;48.9;0.0
84;2021-08-05;3483;2361;0;333756;276599;0;59.5;49.3;0.0
84;2021-08-06;3312;2593;0;337068;279192;0;60.1;49.8;0.0
84;2021-08-07;1755;1546;0;338823;280738;0;60.4;50.0;0.0
84;2021-08-08;321;607;0;339144;281345;0;60.5;50.2;0.0
84;2021-08-09;2548;2366;0;341692;283711;0;60.9;50.6;0.0
84;2021-08-10;3271;2566;0;344963;286277;0;61.5;51.0;0.0
84;2021-08-11;2830;2328;0;347793;288605;0;62.0;51.4;0.0
84;2021-08-12;2806;2677;0;350599;291282;0;62.5;51.9;0.0
84;2021-08-13;2657;2412;0;353256;293694;0;63.0;52.4;0.0
84;2021-08-14;1360;1641;0;354616;295335;0;63.2;52.6;0.0
84;2021-08-15;236;209;0;354852;295544;0;63.3;52.7;0.0
84;2021-08-16;2106;2852;0;356958;298396;0;63.6;53.2;0.0
84;2021-08-17;2345;2909;0;359303;301305;0;64.0;53.7;0.0
84;2021-08-18;2019;2583;0;361322;303888;0;64.4;54.2;0.0
84;2021-08-19;2097;2826;0;363419;306714;0;64.8;54.7;0.0
84;2021-08-20;1870;3013;0;365289;309727;0;65.1;55.2;0.0
84;2021-08-21;987;1722;0;366276;311449;0;65.3;55.5;0.0
84;2021-08-22;118;575;0;366394;312024;0;65.3;55.6;0.0
84;2021-08-23;1566;3038;0;367960;315062;0;65.6;56.2;0.0
84;2021-08-24;1759;3133;0;369719;318195;0;65.9;56.7;0.0
84;2021-08-25;1675;2994;0;371394;321189;0;66.2;57.3;0.0
84;2021-08-26;1443;3300;0;372837;324489;0;66.5;57.8;0.0
84;2021-08-27;1477;3440;0;374314;327929;0;66.7;58.5;0.0
84;2021-08-28;761;1983;0;375075;329912;0;66.9;58.8;0.0
84;2021-08-29;113;508;0;375188;330420;0;66.9;58.9;0.0
84;2021-08-30;1265;2890;41;376453;333310;41;67.1;59.4;0.0
84;2021-08-31;1240;3578;72;377693;336888;113;67.3;60.1;0.0
84;2021-09-01;1299;2996;143;378992;339884;256;67.6;60.6;0.0
84;2021-09-02;1128;2612;297;380120;342496;553;67.8;61.1;0.1
84;2021-09-03;1235;3154;234;381355;345650;787;68.0;61.6;0.1
84;2021-09-04;675;1725;75;382030;347375;862;68.1;61.9;0.2
84;2021-09-05;104;337;6;382134;347712;868;68.1;62.0;0.2
84;2021-09-06;785;2008;268;382919;349720;1136;68.3;62.3;0.2
84;2021-09-07;885;2155;372;383804;351875;1508;68.4;62.7;0.3
84;2021-09-08;835;2342;242;384639;354217;1750;68.6;63.1;0.3
84;2021-09-09;849;1907;389;385488;356124;2139;68.7;63.5;0.4
84;2021-09-10;873;2249;338;386361;358373;2477;68.9;63.9;0.4
84;2021-09-11;528;1559;121;386889;359932;2598;69.0;64.2;0.5
84;2021-09-12;86;192;5;386975;360124;2603;69.0;64.2;0.5
84;2021-09-13;654;1369;493;387629;361493;3096;69.1;64.4;0.6
84;2021-09-14;780;1395;528;388409;362888;3624;69.2;64.7;0.6
84;2021-09-15;775;1749;406;389184;364637;4030;69.4;65.0;0.7
84;2021-09-16;534;1148;536;389718;365785;4566;69.5;65.2;0.8
84;2021-09-17;577;1464;518;390295;367249;5084;69.6;65.5;0.9
84;2021-09-18;414;1252;141;390709;368501;5225;69.6;65.7;0.9
84;2021-09-19;43;140;0;390752;368641;5225;69.7;65.7;0.9
84;2021-09-20;313;818;317;391065;369459;5542;69.7;65.9;1.0
84;2021-09-21;361;1059;453;391426;370518;5995;69.8;66.0;1.1
84;2021-09-22;413;1435;489;391839;371953;6484;69.8;66.3;1.2
84;2021-09-23;358;1035;483;392197;372988;6967;69.9;66.5;1.2
84;2021-09-24;397;1143;348;392594;374131;7315;70.0;66.7;1.3
84;2021-09-25;286;1030;161;392880;375161;7476;70.0;66.9;1.3
84;2021-09-26;38;114;7;392918;375275;7483;70.0;66.9;1.3
84;2021-09-27;278;715;338;393196;375990;7821;70.1;67.0;1.4
84;2021-09-28;322;684;420;393518;376674;8241;70.1;67.1;1.5
84;2021-09-29;319;1071;433;393837;377745;8674;70.2;67.3;1.5
84;2021-09-30;339;814;533;394176;378559;9207;70.3;67.5;1.6
84;2021-10-01;575;800;399;394751;379359;9606;70.4;67.6;1.7
84;2021-10-02;265;708;183;395016;380067;9789;70.4;67.7;1.7
84;2021-10-03;34;72;3;395050;380139;9792;70.4;67.8;1.7
84;2021-10-04;366;506;415;395416;380645;10207;70.5;67.9;1.8
84;2021-10-05;352;484;468;395768;381129;10675;70.5;67.9;1.9
84;2021-10-06;363;733;498;396131;381862;11173;70.6;68.1;2.0
84;2021-10-07;355;599;570;396486;382461;11743;70.7;68.2;2.1
84;2021-10-08;447;721;680;396933;383182;12423;70.8;68.3;2.2
84;2021-10-09;216;549;209;397149;383731;12632;70.8;68.4;2.3
84;2021-10-10;25;91;6;397174;383822;12638;70.8;68.4;2.3
84;2021-10-11;284;362;323;397458;384184;12961;70.8;68.5;2.3
84;2021-10-12;335;402;642;397793;384586;13603;70.9;68.6;2.4
84;2021-10-13;390;567;610;398183;385153;14213;71.0;68.7;2.5
84;2021-10-14;278;396;556;398461;385549;14769;71.0;68.7;2.6
84;2021-10-15;302;557;665;398763;386106;15434;71.1;68.8;2.8
84;2021-10-16;287;373;225;399050;386479;15659;71.1;68.9;2.8
84;2021-10-17;23;47;7;399073;386526;15666;71.1;68.9;2.8
84;2021-10-18;253;351;553;399326;386877;16219;71.2;69.0;2.9
84;2021-10-19;221;379;787;399547;387256;17006;71.2;69.0;3.0
84;2021-10-20;320;459;934;399867;387715;17940;71.3;69.1;3.2
84;2021-10-21;219;361;681;400086;388076;18621;71.3;69.2;3.3
84;2021-10-22;247;482;833;400333;388558;19454;71.4;69.3;3.5
84;2021-10-23;209;285;223;400542;388843;19677;71.4;69.3;3.5
84;2021-10-24;19;28;4;400561;388871;19681;71.4;69.3;3.5
84;2021-10-25;253;357;613;400814;389228;20294;71.4;69.4;3.6
84;2021-10-26;243;324;759;401057;389552;21053;71.5;69.4;3.8
84;2021-10-27;223;397;1140;401280;389949;22193;71.5;69.5;4.0
84;2021-10-28;168;242;673;401448;390191;22866;71.6;69.6;4.1
84;2021-10-29;236;443;985;401684;390634;23851;71.6;69.6;4.3
84;2021-10-30;148;211;379;401832;390845;24230;71.6;69.7;4.3
84;2021-10-31;13;24;9;401845;390869;24239;71.6;69.7;4.3
84;2021-11-01;42;42;42;401887;390911;24281;71.6;69.7;4.3
84;2021-11-02;234;277;806;402121;391188;25087;71.7;69.7;4.5
84;2021-11-03;268;434;1051;402389;391622;26138;71.7;69.8;4.7
84;2021-11-04;170;253;921;402559;391875;27059;71.8;69.9;4.8
84;2021-11-05;240;346;1203;402799;392221;28262;71.8;69.9;5.0
84;2021-11-06;191;307;591;402990;392528;28853;71.8;70.0;5.1
84;2021-11-07;27;42;37;403017;392570;28890;71.8;70.0;5.1
84;2021-11-08;146;237;1054;403163;392807;29944;71.9;70.0;5.3
84;2021-11-09;184;344;1409;403347;393151;31353;71.9;70.1;5.6
84;2021-11-10;251;420;1539;403598;393571;32892;71.9;70.2;5.9
84;2021-11-11;45;45;156;403643;393616;33048;72.0;70.2;5.9
84;2021-11-12;208;243;1409;403851;393859;34457;72.0;70.2;6.1
84;2021-11-13;140;213;552;403991;394072;35009;72.0;70.2;6.2
84;2021-11-14;28;34;46;404019;394106;35055;72.0;70.3;6.2
84;2021-11-15;170;232;1241;404189;394338;36296;72.0;70.3;6.5
84;2021-11-16;178;271;1784;404367;394609;38080;72.1;70.3;6.8
84;2021-11-17;249;338;2049;404616;394947;40129;72.1;70.4;7.2
84;2021-11-18;186;242;1471;404802;395189;41600;72.2;70.4;7.4
84;2021-11-19;273;359;2016;405075;395548;43616;72.2;70.5;7.8
84;2021-11-20;188;206;771;405263;395754;44387;72.2;70.5;7.9
84;2021-11-21;18;32;86;405281;395786;44473;72.2;70.6;7.9
84;2021-11-22;181;221;1444;405462;396007;45917;72.3;70.6;8.2
84;2021-11-23;216;279;2335;405678;396286;48252;72.3;70.6;8.6
84;2021-11-24;256;313;2011;405934;396599;50263;72.4;70.7;9.0
84;2021-11-25;247;215;2228;406181;396814;52491;72.4;70.7;9.4
84;2021-11-26;254;334;3232;406435;397148;55723;72.4;70.8;9.9
84;2021-11-27;176;247;1762;406611;397395;57485;72.5;70.8;10.2
84;2021-11-28;38;51;412;406649;397446;57897;72.5;70.8;10.3
84;2021-11-29;134;196;2649;406783;397642;60546;72.5;70.9;10.8
84;2021-11-30;220;251;4047;407003;397893;64593;72.5;70.9;11.5
84;2021-12-01;239;282;3879;407242;398175;68472;72.6;71.0;12.2
84;2021-12-02;193;187;4797;407435;398362;73269;72.6;71.0;13.1
84;2021-12-03;239;263;5341;407674;398625;78610;72.7;71.1;14.0
84;2021-12-04;155;174;2566;407829;398799;81176;72.7;71.1;14.5
84;2021-12-05;51;49;754;407880;398848;81930;72.7;71.1;14.6
84;2021-12-06;138;181;3904;408018;399029;85834;72.7;71.1;15.3
84;2021-12-07;225;299;6396;408243;399328;92230;72.8;71.2;16.4
84;2021-12-08;224;306;5353;408467;399634;97583;72.8;71.2;17.4
84;2021-12-09;195;276;5994;408662;399910;103577;72.8;71.3;18.5
84;2021-12-10;211;346;5808;408873;400256;109385;72.9;71.3;19.5
84;2021-12-11;193;223;3034;409066;400479;112419;72.9;71.4;20.0
84;2021-12-12;68;52;1007;409134;400531;113426;72.9;71.4;20.2
84;2021-12-13;190;231;4374;409324;400762;117800;73.0;71.4;21.0
84;2021-12-14;275;329;6791;409599;401091;124591;73.0;71.5;22.2
84;2021-12-15;263;294;5970;409862;401385;130561;73.1;71.5;23.3
84;2021-12-16;267;329;7082;410129;401714;137643;73.1;71.6;24.5
84;2021-12-17;309;332;6602;410438;402046;144245;73.2;71.7;25.7
84;2021-12-18;224;266;3478;410662;402312;147723;73.2;71.7;26.3
84;2021-12-19;64;70;1049;410726;402382;148772;73.2;71.7;26.5
84;2021-12-20;266;262;3916;410992;402644;152688;73.3;71.8;27.2
84;2021-12-21;409;356;5313;411401;403000;158001;73.3;71.8;28.2
84;2021-12-22;344;347;4353;411745;403347;162354;73.4;71.9;28.9
84;2021-12-23;272;238;3180;412017;403585;165534;73.4;71.9;29.5
84;2021-12-24;63;86;561;412080;403671;166095;73.5;72.0;29.6
84;2021-12-25;3;11;25;412083;403682;166120;73.5;72.0;29.6
84;2021-12-26;22;50;326;412105;403732;166446;73.5;72.0;29.7
85;2020-12-27;0;0;0;0;0;0;0.0;0.0;0.0
85;2020-12-28;0;0;0;0;0;0;0.0;0.0;0.0
85;2020-12-29;0;0;0;0;0;0;0.0;0.0;0.0
85;2020-12-30;0;0;0;0;0;0;0.0;0.0;0.0
85;2020-12-31;0;0;0;0;0;0;0.0;0.0;0.0
85;2021-01-01;0;0;0;0;0;0;0.0;0.0;0.0
85;2021-01-02;0;0;0;0;0;0;0.0;0.0;0.0
85;2021-01-03;0;0;0;0;0;0;0.0;0.0;0.0
85;2021-01-04;22;0;0;22;0;0;0.0;0.0;0.0
85;2021-01-05;57;0;0;79;0;0;0.0;0.0;0.0
85;2021-01-06;94;1;0;173;1;0;0.0;0.0;0.0
85;2021-01-07;164;0;0;337;1;0;0.0;0.0;0.0
85;2021-01-08;289;2;0;626;3;0;0.1;0.0;0.0
85;2021-01-09;284;1;0;910;4;0;0.1;0.0;0.0
85;2021-01-10;66;0;0;976;4;0;0.1;0.0;0.0
85;2021-01-11;453;0;0;1429;4;0;0.2;0.0;0.0
85;2021-01-12;568;1;0;1997;5;0;0.3;0.0;0.0
85;2021-01-13;567;2;0;2564;7;0;0.4;0.0;0.0
85;2021-01-14;701;6;0;3265;13;0;0.5;0.0;0.0
85;2021-01-15;447;3;0;3712;16;0;0.5;0.0;0.0
85;2021-01-16;264;3;0;3976;19;0;0.6;0.0;0.0
85;2021-01-17;39;0;0;4015;19;0;0.6;0.0;0.0
85;2021-01-18;1010;3;0;5025;22;0;0.7;0.0;0.0
85;2021-01-19;1402;18;0;6427;40;0;0.9;0.0;0.0
85;2021-01-20;1917;6;0;8344;46;0;1.2;0.0;0.0
85;2021-01-21;3170;14;0;11514;60;0;1.7;0.0;0.0
85;2021-01-22;1685;20;0;13199;80;0;1.9;0.0;0.0
85;2021-01-23;458;2;0;13657;82;0;2.0;0.0;0.0
85;2021-01-24;46;0;0;13703;82;0;2.0;0.0;0.0
85;2021-01-25;581;1;0;14284;83;0;2.1;0.0;0.0
85;2021-01-26;929;31;0;15213;114;0;2.2;0.0;0.0
85;2021-01-27;1810;30;0;17023;144;0;2.5;0.0;0.0
85;2021-01-28;1733;25;0;18756;169;0;2.7;0.0;0.0
85;2021-01-29;892;72;0;19648;241;0;2.9;0.0;0.0
85;2021-01-30;155;9;0;19803;250;0;2.9;0.0;0.0
85;2021-01-31;4;51;0;19807;301;0;2.9;0.0;0.0
85;2021-02-01;481;118;0;20288;419;0;3.0;0.1;0.0
85;2021-02-02;548;172;0;20836;591;0;3.0;0.1;0.0
85;2021-02-03;427;283;0;21263;874;0;3.1;0.1;0.0
85;2021-02-04;622;280;0;21885;1154;0;3.2;0.2;0.0
85;2021-02-05;647;281;0;22532;1435;0;3.3;0.2;0.0
85;2021-02-06;158;238;0;22690;1673;0;3.3;0.2;0.0
85;2021-02-07;4;5;0;22694;1678;0;3.3;0.2;0.0
85;2021-02-08;380;649;0;23074;2327;0;3.4;0.3;0.0
85;2021-02-09;655;1030;0;23729;3357;0;3.5;0.5;0.0
85;2021-02-10;596;1134;0;24325;4491;0;3.6;0.7;0.0
85;2021-02-11;1507;2926;0;25832;7417;0;3.8;1.1;0.0
85;2021-02-12;1023;1290;0;26855;8707;0;3.9;1.3;0.0
85;2021-02-13;241;470;0;27096;9177;0;4.0;1.3;0.0
85;2021-02-14;3;127;0;27099;9304;0;4.0;1.4;0.0
85;2021-02-15;349;829;0;27448;10133;0;4.0;1.5;0.0
85;2021-02-16;586;1199;0;28034;11332;0;4.1;1.7;0.0
85;2021-02-17;760;1600;0;28794;12932;0;4.2;1.9;0.0
85;2021-02-18;1222;1948;0;30016;14880;0;4.4;2.2;0.0
85;2021-02-19;938;1211;0;30954;16091;0;4.5;2.4;0.0
85;2021-02-20;186;262;0;31140;16353;0;4.6;2.4;0.0
85;2021-02-21;3;13;0;31143;16366;0;4.6;2.4;0.0
85;2021-02-22;797;869;0;31940;17235;0;4.7;2.5;0.0
85;2021-02-23;825;520;0;32765;17755;0;4.8;2.6;0.0
85;2021-02-24;765;343;0;33530;18098;0;4.9;2.6;0.0
85;2021-02-25;1313;432;0;34843;18530;0;5.1;2.7;0.0
85;2021-02-26;1265;369;0;36108;18899;0;5.3;2.8;0.0
85;2021-02-27;422;105;0;36530;19004;0;5.3;2.8;0.0
85;2021-02-28;9;2;0;36539;19006;0;5.3;2.8;0.0
85;2021-03-01;769;435;0;37308;19441;0;5.5;2.8;0.0
85;2021-03-02;1098;767;0;38406;20208;0;5.6;3.0;0.0
85;2021-03-03;887;532;0;39293;20740;0;5.8;3.0;0.0
85;2021-03-04;1599;1167;0;40892;21907;0;6.0;3.2;0.0
85;2021-03-05;1793;877;0;42685;22784;0;6.2;3.3;0.0
85;2021-03-06;1202;138;0;43887;22922;0;6.4;3.4;0.0
85;2021-03-07;334;30;0;44221;22952;0;6.5;3.4;0.0
85;2021-03-08;1743;450;0;45964;23402;0;6.7;3.4;0.0
85;2021-03-09;2237;593;0;48201;23995;0;7.1;3.5;0.0
85;2021-03-10;1883;651;0;50084;24646;0;7.3;3.6;0.0
85;2021-03-11;3168;1079;0;53252;25725;0;7.8;3.8;0.0
85;2021-03-12;2781;854;0;56033;26579;0;8.2;3.9;0.0
85;2021-03-13;1393;173;0;57426;26752;0;8.4;3.9;0.0
85;2021-03-14;175;4;0;57601;26756;0;8.4;3.9;0.0
85;2021-03-15;1939;508;0;59540;27264;0;8.7;4.0;0.0
85;2021-03-16;1620;486;0;61160;27750;0;9.0;4.1;0.0
85;2021-03-17;985;514;0;62145;28264;0;9.1;4.1;0.0
85;2021-03-18;1869;452;0;64014;28716;0;9.4;4.2;0.0
85;2021-03-19;2249;362;0;66263;29078;0;9.7;4.3;0.0
85;2021-03-20;1085;174;0;67348;29252;0;9.9;4.3;0.0
85;2021-03-21;276;5;0;67624;29257;0;9.9;4.3;0.0
85;2021-03-22;1810;541;0;69434;29798;0;10.2;4.4;0.0
85;2021-03-23;2488;750;0;71922;30548;0;10.5;4.5;0.0
85;2021-03-24;2240;523;0;74162;31071;0;10.9;4.5;0.0
85;2021-03-25;3710;625;0;77872;31696;0;11.4;4.6;0.0
85;2021-03-26;3381;673;0;81253;32369;0;11.9;4.7;0.0
85;2021-03-27;1737;124;0;82990;32493;0;12.1;4.8;0.0
85;2021-03-28;548;7;0;83538;32500;0;12.2;4.8;0.0
85;2021-03-29;2422;760;0;85960;33260;0;12.6;4.9;0.0
85;2021-03-30;2885;1009;0;88845;34269;0;13.0;5.0;0.0
85;2021-03-31;2324;674;0;91169;34943;0;13.3;5.1;0.0
85;2021-04-01;3826;927;0;94995;35870;0;13.9;5.3;0.0
85;2021-04-02;2832;1130;0;97827;37000;0;14.3;5.4;0.0
85;2021-04-03;1396;322;0;99223;37322;0;14.5;5.5;0.0
85;2021-04-04;324;34;0;99547;37356;0;14.6;5.5;0.0
85;2021-04-05;141;172;0;99688;37528;0;14.6;5.5;0.0
85;2021-04-06;2169;1590;0;101857;39118;0;14.9;5.7;0.0
85;2021-04-07;3095;1196;0;104952;40314;0;15.4;5.9;0.0
85;2021-04-08;4570;1597;0;109522;41911;0;16.0;6.1;0.0
85;2021-04-09;4600;1214;0;114122;43125;0;16.7;6.3;0.0
85;2021-04-10;1799;400;0;115921;43525;0;17.0;6.4;0.0
85;2021-04-11;44;17;0;115965;43542;0;17.0;6.4;0.0
85;2021-04-12;4178;1439;0;120143;44981;0;17.6;6.6;0.0
85;2021-04-13;4651;1856;0;124794;46837;0;18.3;6.9;0.0
85;2021-04-14;4026;1050;0;128820;47887;0;18.9;7.0;0.0
85;2021-04-15;5362;1760;0;134182;49647;0;19.6;7.3;0.0
85;2021-04-16;5072;1581;0;139254;51228;0;20.4;7.5;0.0
85;2021-04-17;1408;433;0;140662;51661;0;20.6;7.6;0.0
85;2021-04-18;368;31;0;141030;51692;0;20.6;7.6;0.0
85;2021-04-19;3305;1688;0;144335;53380;0;21.1;7.8;0.0
85;2021-04-20;3719;1926;0;148054;55306;0;21.7;8.1;0.0
85;2021-04-21;2747;1682;0;150801;56988;0;22.1;8.3;0.0
85;2021-04-22;3766;2175;0;154567;59163;0;22.6;8.7;0.0
85;2021-04-23;4009;2114;0;158576;61277;0;23.2;9.0;0.0
85;2021-04-24;1653;1497;0;160229;62774;0;23.5;9.2;0.0
85;2021-04-25;953;569;0;161182;63343;0;23.6;9.3;0.0
85;2021-04-26;3631;2291;0;164813;65634;0;24.1;9.6;0.0
85;2021-04-27;4369;2203;0;169182;67837;0;24.8;9.9;0.0
85;2021-04-28;5711;1415;0;174893;69252;0;25.6;10.1;0.0
85;2021-04-29;5538;2024;0;180431;71276;0;26.4;10.4;0.0
85;2021-04-30;5569;1804;0;186000;73080;0;27.2;10.7;0.0
85;2021-05-01;1587;666;0;187587;73746;0;27.5;10.8;0.0
85;2021-05-02;722;443;0;188309;74189;0;27.6;10.9;0.0
85;2021-05-03;3536;2267;0;191845;76456;0;28.1;11.2;0.0
85;2021-05-04;3477;2959;0;195322;79415;0;28.6;11.6;0.0
85;2021-05-05;4565;2178;0;199887;81593;0;29.3;11.9;0.0
85;2021-05-06;4810;2626;0;204697;84219;0;30.0;12.3;0.0
85;2021-05-07;3975;3753;0;208672;87972;0;30.5;12.9;0.0
85;2021-05-08;2066;243;0;210738;88215;0;30.8;12.9;0.0
85;2021-05-09;1375;170;0;212113;88385;0;31.0;12.9;0.0
85;2021-05-10;3333;4761;0;215446;93146;0;31.5;13.6;0.0
85;2021-05-11;4110;4838;0;219556;97984;0;32.1;14.3;0.0
85;2021-05-12;5050;3963;0;224606;101947;0;32.9;14.9;0.0
85;2021-05-13;4539;570;0;229145;102517;0;33.5;15.0;0.0
85;2021-05-14;4191;3022;0;233336;105539;0;34.2;15.4;0.0
85;2021-05-15;2204;739;0;235540;106278;0;34.5;15.6;0.0
85;2021-05-16;1953;134;0;237493;106412;0;34.8;15.6;0.0
85;2021-05-17;4020;3281;0;241513;109693;0;35.4;16.1;0.0
85;2021-05-18;5069;2812;0;246582;112505;0;36.1;16.5;0.0
85;2021-05-19;6239;1772;0;252821;114277;0;37.0;16.7;0.0
85;2021-05-20;6407;2184;0;259228;116461;0;37.9;17.0;0.0
85;2021-05-21;5285;2769;0;264513;119230;0;38.7;17.5;0.0
85;2021-05-22;2288;728;0;266801;119958;0;39.1;17.6;0.0
85;2021-05-23;957;125;0;267758;120083;0;39.2;17.6;0.0
85;2021-05-24;3824;398;0;271582;120481;0;39.8;17.6;0.0
85;2021-05-25;4153;3540;0;275735;124021;0;40.4;18.2;0.0
85;2021-05-26;4894;2667;0;280629;126688;0;41.1;18.5;0.0
85;2021-05-27;4771;3592;0;285400;130280;0;41.8;19.1;0.0
85;2021-05-28;5143;4004;0;290543;134284;0;42.5;19.7;0.0
85;2021-05-29;3539;1499;0;294082;135783;0;43.0;19.9;0.0
85;2021-05-30;754;101;0;294836;135884;0;43.2;19.9;0.0
85;2021-05-31;4464;3384;0;299300;139268;0;43.8;20.4;0.0
85;2021-06-01;5082;3427;0;304382;142695;0;44.6;20.9;0.0
85;2021-06-02;5522;2581;0;309904;145276;0;45.4;21.3;0.0
85;2021-06-03;5868;3268;0;315772;148544;0;46.2;21.7;0.0
85;2021-06-04;5846;3842;0;321618;152386;0;47.1;22.3;0.0
85;2021-06-05;2594;1890;0;324212;154276;0;47.5;22.6;0.0
85;2021-06-06;1250;828;0;325462;155104;0;47.6;22.7;0.0
85;2021-06-07;3269;4800;0;328731;159904;0;48.1;23.4;0.0
85;2021-06-08;4031;4537;0;332762;164441;0;48.7;24.1;0.0
85;2021-06-09;5116;3595;0;337878;168036;0;49.5;24.6;0.0
85;2021-06-10;5224;3632;0;343102;171668;0;50.2;25.1;0.0
85;2021-06-11;4796;4586;0;347898;176254;0;50.9;25.8;0.0
85;2021-06-12;1654;1793;0;349552;178047;0;51.2;26.1;0.0
85;2021-06-13;763;617;0;350315;178664;0;51.3;26.2;0.0
85;2021-06-14;2648;5034;0;352963;183698;0;51.7;26.9;0.0
85;2021-06-15;3762;4984;0;356725;188682;0;52.2;27.6;0.0
85;2021-06-16;4285;3849;0;361010;192531;0;52.8;28.2;0.0
85;2021-06-17;4086;3758;0;365096;196289;0;53.4;28.7;0.0
85;2021-06-18;3732;5608;0;368828;201897;0;54.0;29.6;0.0
85;2021-06-19;1287;1938;0;370115;203835;0;54.2;29.8;0.0
85;2021-06-20;117;471;0;370232;204306;0;54.2;29.9;0.0
85;2021-06-21;2426;5757;0;372658;210063;0;54.5;30.7;0.0
85;2021-06-22;2916;5649;0;375574;215712;0;55.0;31.6;0.0
85;2021-06-23;3578;4443;0;379152;220155;0;55.5;32.2;0.0
85;2021-06-24;3818;4377;0;382970;224532;0;56.1;32.9;0.0
85;2021-06-25;2581;6105;0;385551;230637;0;56.4;33.8;0.0
85;2021-06-26;891;3593;0;386442;234230;0;56.6;34.3;0.0
85;2021-06-27;111;1284;0;386553;235514;0;56.6;34.5;0.0
85;2021-06-28;1337;6589;0;387890;242103;0;56.8;35.4;0.0
85;2021-06-29;1964;6706;0;389854;248809;0;57.1;36.4;0.0
85;2021-06-30;2395;6038;0;392249;254847;0;57.4;37.3;0.0
85;2021-07-01;3063;5795;0;395312;260642;0;57.9;38.2;0.0
85;2021-07-02;2511;6764;0;397823;267406;0;58.2;39.1;0.0
85;2021-07-03;647;3002;0;398470;270408;0;58.3;39.6;0.0
85;2021-07-04;125;977;0;398595;271385;0;58.3;39.7;0.0
85;2021-07-05;1103;6324;2;399698;277709;2;58.5;40.6;0.0
85;2021-07-06;1651;6211;0;401349;283920;2;58.7;41.6;0.0
85;2021-07-07;1687;5759;0;403036;289679;2;59.0;42.4;0.0
85;2021-07-08;2269;5340;0;405305;295019;2;59.3;43.2;0.0
85;2021-07-09;1748;6967;0;407053;301986;2;59.6;44.2;0.0
85;2021-07-10;564;2645;0;407617;304631;2;59.7;44.6;0.0
85;2021-07-11;427;894;0;408044;305525;2;59.7;44.7;0.0
85;2021-07-12;1348;6739;0;409392;312264;2;59.9;45.7;0.0
85;2021-07-13;2042;7367;0;411434;319631;2;60.2;46.8;0.0
85;2021-07-14;1301;1656;0;412735;321287;2;60.4;47.0;0.0
85;2021-07-15;2605;6813;0;415340;328100;2;60.8;48.0;0.0
85;2021-07-16;3353;6816;0;418693;334916;2;61.3;49.0;0.0
85;2021-07-17;1573;2133;0;420266;337049;2;61.5;49.3;0.0
85;2021-07-18;843;822;0;421109;337871;2;61.6;49.5;0.0
85;2021-07-19;3147;6045;0;424256;343916;2;62.1;50.3;0.0
85;2021-07-20;3778;6092;0;428034;350008;2;62.7;51.2;0.0
85;2021-07-21;3606;6062;0;431640;356070;2;63.2;52.1;0.0
85;2021-07-22;3737;6029;0;435377;362099;2;63.7;53.0;0.0
85;2021-07-23;4236;6553;0;439613;368652;2;64.3;54.0;0.0
85;2021-07-24;1410;2296;0;441023;370948;2;64.6;54.3;0.0
85;2021-07-25;441;278;0;441464;371226;2;64.6;54.3;0.0
85;2021-07-26;4106;5126;0;445570;376352;2;65.2;55.1;0.0
85;2021-07-27;4756;5334;0;450326;381686;2;65.9;55.9;0.0
85;2021-07-28;4780;4874;0;455106;386560;2;66.6;56.6;0.0
85;2021-07-29;5611;4664;0;460717;391224;2;67.4;57.3;0.0
85;2021-07-30;5667;4812;0;466384;396036;2;68.3;58.0;0.0
85;2021-07-31;1302;1572;0;467686;397608;2;68.5;58.2;0.0
85;2021-08-01;377;130;0;468063;397738;2;68.5;58.2;0.0
85;2021-08-02;4420;3616;0;472483;401354;2;69.2;58.7;0.0
85;2021-08-03;5890;3337;0;478373;404691;2;70.0;59.2;0.0
85;2021-08-04;6192;3297;1;484565;407988;3;70.9;59.7;0.0
85;2021-08-05;5783;3311;0;490348;411299;3;71.8;60.2;0.0
85;2021-08-06;5373;4141;0;495721;415440;3;72.6;60.8;0.0
85;2021-08-07;1448;1065;0;497169;416505;3;72.8;61.0;0.0
85;2021-08-08;286;176;0;497455;416681;3;72.8;61.0;0.0
85;2021-08-09;4046;2990;0;501501;419671;3;73.4;61.4;0.0
85;2021-08-10;4773;2969;0;506274;422640;3;74.1;61.9;0.0
85;2021-08-11;4572;3679;0;510846;426319;3;74.8;62.4;0.0
85;2021-08-12;4245;3563;0;515091;429882;3;75.4;62.9;0.0
85;2021-08-13;3871;3267;0;518962;433149;3;76.0;63.4;0.0
85;2021-08-14;1019;922;0;519981;434071;3;76.1;63.5;0.0
85;2021-08-15;123;179;0;520104;434250;3;76.1;63.6;0.0
85;2021-08-16;2838;4122;0;522942;438372;3;76.5;64.2;0.0
85;2021-08-17;2983;3716;0;525925;442088;3;77.0;64.7;0.0
85;2021-08-18;3131;3585;0;529056;445673;3;77.4;65.2;0.0
85;2021-08-19;2589;3755;1;531645;449428;4;77.8;65.8;0.0
85;2021-08-20;2455;4821;0;534100;454249;4;78.2;66.5;0.0
85;2021-08-21;639;1280;0;534739;455529;4;78.3;66.7;0.0
85;2021-08-22;265;734;0;535004;456263;4;78.3;66.8;0.0
85;2021-08-23;1874;4920;1;536878;461183;5;78.6;67.5;0.0
85;2021-08-24;1888;4563;1;538766;465746;6;78.9;68.2;0.0
85;2021-08-25;1672;4633;0;540438;470379;6;79.1;68.9;0.0
85;2021-08-26;1539;4545;1;541977;474924;7;79.3;69.5;0.0
85;2021-08-27;1761;5182;1;543738;480106;8;79.6;70.3;0.0
85;2021-08-28;556;1313;0;544294;481419;8;79.7;70.5;0.0
85;2021-08-29;103;737;0;544397;482156;8;79.7;70.6;0.0
85;2021-08-30;1099;4917;26;545496;487073;34;79.8;71.3;0.0
85;2021-08-31;1185;5405;74;546681;492478;108;80.0;72.1;0.0
85;2021-09-01;1190;4969;162;547871;497447;270;80.2;72.8;0.0
85;2021-09-02;975;4010;235;548846;501457;505;80.3;73.4;0.1
85;2021-09-03;1248;4269;301;550094;505726;806;80.5;74.0;0.1
85;2021-09-04;390;1423;81;550484;507149;887;80.6;74.2;0.1
85;2021-09-05;30;164;15;550514;507313;902;80.6;74.3;0.1
85;2021-09-06;841;3459;407;551355;510772;1309;80.7;74.8;0.2
85;2021-09-07;861;2973;405;552216;513745;1714;80.8;75.2;0.3
85;2021-09-08;890;3531;265;553106;517276;1979;81.0;75.7;0.3
85;2021-09-09;638;2499;412;553744;519775;2391;81.1;76.1;0.3
85;2021-09-10;798;3459;340;554542;523234;2731;81.2;76.6;0.4
85;2021-09-11;285;1356;74;554827;524590;2805;81.2;76.8;0.4
85;2021-09-12;17;45;25;554844;524635;2830;81.2;76.8;0.4
85;2021-09-13;560;2219;479;555404;526854;3309;81.3;77.1;0.5
85;2021-09-14;565;1699;789;555969;528553;4098;81.4;77.4;0.6
85;2021-09-15;630;2650;588;556599;531203;4686;81.5;77.8;0.7
85;2021-09-16;406;1373;619;557005;532576;5305;81.5;78.0;0.8
85;2021-09-17;729;2485;608;557734;535061;5913;81.6;78.3;0.9
85;2021-09-18;201;957;89;557935;536018;6002;81.7;78.5;0.9
85;2021-09-19;10;35;6;557945;536053;6008;81.7;78.5;0.9
85;2021-09-20;343;1367;631;558288;537420;6639;81.7;78.7;1.0
85;2021-09-21;431;1107;953;558719;538527;7592;81.8;78.8;1.1
85;2021-09-22;429;2018;850;559148;540545;8442;81.8;79.1;1.2
85;2021-09-23;772;1004;1019;559920;541549;9461;82.0;79.3;1.4
85;2021-09-24;604;2037;687;560524;543586;10148;82.0;79.6;1.5
85;2021-09-25;155;888;150;560679;544474;10298;82.1;79.7;1.5
85;2021-09-26;6;8;0;560685;544482;10298;82.1;79.7;1.5
85;2021-09-27;368;949;977;561053;545431;11275;82.1;79.8;1.7
85;2021-09-28;244;612;759;561297;546043;12034;82.2;79.9;1.8
85;2021-09-29;400;1327;653;561697;547370;12687;82.2;80.1;1.9
85;2021-09-30;336;770;1184;562033;548140;13871;82.3;80.2;2.0
85;2021-10-01;455;960;729;562488;549100;14600;82.3;80.4;2.1
85;2021-10-02;187;538;159;562675;549638;14759;82.4;80.5;2.2
85;2021-10-03;8;18;12;562683;549656;14771;82.4;80.5;2.2
85;2021-10-04;216;698;758;562899;550354;15529;82.4;80.6;2.3
85;2021-10-05;303;455;674;563202;550809;16203;82.4;80.6;2.4
85;2021-10-06;395;884;762;563597;551693;16965;82.5;80.8;2.5
85;2021-10-07;244;415;1063;563841;552108;18028;82.5;80.8;2.6
85;2021-10-08;366;1023;884;564207;553131;18912;82.6;81.0;2.8
85;2021-10-09;124;331;155;564331;553462;19067;82.6;81.0;2.8
85;2021-10-10;14;17;5;564345;553479;19072;82.6;81.0;2.8
85;2021-10-11;229;488;957;564574;553967;20029;82.6;81.1;2.9
85;2021-10-12;170;328;594;564744;554295;20623;82.7;81.1;3.0
85;2021-10-13;342;668;861;565086;554963;21484;82.7;81.2;3.1
85;2021-10-14;203;580;790;565289;555543;22274;82.7;81.3;3.3
85;2021-10-15;262;842;919;565551;556385;23193;82.8;81.4;3.4
85;2021-10-16;108;168;160;565659;556553;23353;82.8;81.5;3.4
85;2021-10-17;2;10;7;565661;556563;23360;82.8;81.5;3.4
85;2021-10-18;239;357;901;565900;556920;24261;82.8;81.5;3.6
85;2021-10-19;76;198;619;565976;557118;24880;82.8;81.5;3.6
85;2021-10-20;178;591;1187;566154;557709;26067;82.9;81.6;3.8
85;2021-10-21;125;363;1488;566279;558072;27555;82.9;81.7;4.0
85;2021-10-22;172;653;1302;566451;558725;28857;82.9;81.8;4.2
85;2021-10-23;44;156;186;566495;558881;29043;82.9;81.8;4.3
85;2021-10-24;1;2;1;566496;558883;29044;82.9;81.8;4.3
85;2021-10-25;166;244;1133;566662;559127;30177;82.9;81.8;4.4
85;2021-10-26;61;139;543;566723;559266;30720;83.0;81.9;4.5
85;2021-10-27;173;456;1374;566896;559722;32094;83.0;81.9;4.7
85;2021-10-28;127;186;1057;567023;559908;33151;83.0;82.0;4.9
85;2021-10-29;134;375;1579;567157;560283;34730;83.0;82.0;5.1
85;2021-10-30;31;105;241;567188;560388;34971;83.0;82.0;5.1
85;2021-10-31;0;1;0;567188;560389;34971;83.0;82.0;5.1
85;2021-11-01;1;2;4;567189;560391;34975;83.0;82.0;5.1
85;2021-11-02;120;302;1255;567309;560693;36230;83.0;82.1;5.3
85;2021-11-03;186;364;1913;567495;561057;38143;83.1;82.1;5.6
85;2021-11-04;110;222;1704;567605;561279;39847;83.1;82.2;5.8
85;2021-11-05;133;323;1813;567738;561602;41660;83.1;82.2;6.1
85;2021-11-06;34;109;444;567772;561711;42104;83.1;82.2;6.2
85;2021-11-07;2;8;19;567774;561719;42123;83.1;82.2;6.2
85;2021-11-08;103;274;1946;567877;561993;44069;83.1;82.3;6.5
85;2021-11-09;85;166;1802;567962;562159;45871;83.1;82.3;6.7
85;2021-11-10;158;260;2716;568120;562419;48587;83.2;82.3;7.1
85;2021-11-11;2;3;59;568122;562422;48646;83.2;82.3;7.1
85;2021-11-12;86;158;1791;568208;562580;50437;83.2;82.3;7.4
85;2021-11-13;24;64;471;568232;562644;50908;83.2;82.4;7.5
85;2021-11-14;2;2;10;568234;562646;50918;83.2;82.4;7.5
85;2021-11-15;76;189;2473;568310;562835;53391;83.2;82.4;7.8
85;2021-11-16;96;127;2662;568406;562962;56053;83.2;82.4;8.2
85;2021-11-17;152;261;2944;568558;563223;58997;83.2;82.4;8.6
85;2021-11-18;99;132;2709;568657;563355;61706;83.2;82.5;9.0
85;2021-11-19;124;203;3081;568781;563558;64787;83.3;82.5;9.5
85;2021-11-20;48;81;556;568829;563639;65343;83.3;82.5;9.6
85;2021-11-21;2;2;2;568831;563641;65345;83.3;82.5;9.6
85;2021-11-22;143;110;3185;568974;563751;68530;83.3;82.5;10.0
85;2021-11-23;136;82;3582;569110;563833;72112;83.3;82.5;10.6
85;2021-11-24;182;259;3155;569292;564092;75267;83.3;82.6;11.0
85;2021-11-25;131;147;3545;569423;564239;78812;83.3;82.6;11.5
85;2021-11-26;131;190;4308;569554;564429;83120;83.4;82.6;12.2
85;2021-11-27;47;83;1635;569601;564512;84755;83.4;82.6;12.4
85;2021-11-28;18;10;909;569619;564522;85664;83.4;82.6;12.5
85;2021-11-29;116;152;4712;569735;564674;90376;83.4;82.7;13.2
85;2021-11-30;148;108;5448;569883;564782;95824;83.4;82.7;14.0
85;2021-12-01;144;152;6097;570027;564934;101921;83.4;82.7;14.9
85;2021-12-02;80;63;5850;570107;564997;107771;83.4;82.7;15.8
85;2021-12-03;95;125;7191;570202;565122;114962;83.5;82.7;16.8
85;2021-12-04;40;41;2560;570242;565163;117522;83.5;82.7;17.2
85;2021-12-05;7;2;428;570249;565165;117950;83.5;82.7;17.3
85;2021-12-06;70;103;6731;570319;565268;124681;83.5;82.7;18.2
85;2021-12-07;71;99;6732;570390;565367;131413;83.5;82.8;19.2
85;2021-12-08;99;156;7374;570489;565523;138787;83.5;82.8;20.3
85;2021-12-09;77;116;7353;570566;565639;146140;83.5;82.8;21.4
85;2021-12-10;121;163;9117;570687;565802;155257;83.5;82.8;22.7
85;2021-12-11;69;56;2794;570756;565858;158051;83.5;82.8;23.1
85;2021-12-12;6;10;1040;570762;565868;159091;83.5;82.8;23.3
85;2021-12-13;85;126;9139;570847;565994;168230;83.6;82.8;24.6
85;2021-12-14;106;152;10260;570953;566146;178490;83.6;82.9;26.1
85;2021-12-15;120;217;9311;571073;566363;187801;83.6;82.9;27.5
85;2021-12-16;117;163;10564;571190;566526;198365;83.6;82.9;29.0
85;2021-12-17;120;200;10959;571310;566726;209324;83.6;83.0;30.6
85;2021-12-18;61;70;2840;571371;566796;212164;83.6;83.0;31.1
85;2021-12-19;24;22;2439;571395;566818;214603;83.6;83.0;31.4
85;2021-12-20;162;173;8092;571557;566991;222695;83.7;83.0;32.6
85;2021-12-21;141;160;8559;571698;567151;231254;83.7;83.0;33.8
85;2021-12-22;154;170;7565;571852;567321;238819;83.7;83.0;35.0
85;2021-12-23;116;93;5734;571968;567414;244553;83.7;83.1;35.8
85;2021-12-24;20;26;798;571988;567440;245351;83.7;83.1;35.9
85;2021-12-25;0;1;25;571988;567441;245376;83.7;83.1;35.9
85;2021-12-26;1;4;111;571989;567445;245487;83.7;83.1;35.9
86;2020-12-27;0;0;0;0;0;0;0.0;0.0;0.0
86;2020-12-28;0;0;0;0;0;0;0.0;0.0;0.0
86;2020-12-29;1;0;0;1;0;0;0.0;0.0;0.0
86;2020-12-30;0;0;0;1;0;0;0.0;0.0;0.0
86;2020-12-31;0;0;0;1;0;0;0.0;0.0;0.0
86;2021-01-01;1;0;0;2;0;0;0.0;0.0;0.0
86;2021-01-02;1;0;0;3;0;0;0.0;0.0;0.0
86;2021-01-03;0;0;0;3;0;0;0.0;0.0;0.0
86;2021-01-04;1;0;0;4;0;0;0.0;0.0;0.0
86;2021-01-05;3;0;0;7;0;0;0.0;0.0;0.0
86;2021-01-06;166;1;0;173;1;0;0.0;0.0;0.0
86;2021-01-07;662;0;0;835;1;0;0.2;0.0;0.0
86;2021-01-08;592;3;0;1427;4;0;0.3;0.0;0.0
86;2021-01-09;2;0;0;1429;4;0;0.3;0.0;0.0
86;2021-01-10;165;0;0;1594;4;0;0.4;0.0;0.0
86;2021-01-11;305;0;0;1899;4;0;0.4;0.0;0.0
86;2021-01-12;462;1;0;2361;5;0;0.5;0.0;0.0
86;2021-01-13;340;1;0;2701;6;0;0.6;0.0;0.0
86;2021-01-14;561;1;0;3262;7;0;0.7;0.0;0.0
86;2021-01-15;551;3;0;3813;10;0;0.9;0.0;0.0
86;2021-01-16;5;0;0;3818;10;0;0.9;0.0;0.0
86;2021-01-17;0;0;0;3818;10;0;0.9;0.0;0.0
86;2021-01-18;564;0;0;4382;10;0;1.0;0.0;0.0
86;2021-01-19;1820;2;0;6202;12;0;1.4;0.0;0.0
86;2021-01-20;1441;27;0;7643;39;0;1.7;0.0;0.0
86;2021-01-21;1263;3;0;8906;42;0;2.0;0.0;0.0
86;2021-01-22;824;2;0;9730;44;0;2.2;0.0;0.0
86;2021-01-23;295;2;0;10025;46;0;2.3;0.0;0.0
86;2021-01-24;1;0;0;10026;46;0;2.3;0.0;0.0
86;2021-01-25;588;108;0;10614;154;0;2.4;0.0;0.0
86;2021-01-26;731;120;0;11345;274;0;2.6;0.1;0.0
86;2021-01-27;761;152;0;12106;426;0;2.8;0.1;0.0
86;2021-01-28;1018;413;0;13124;839;0;3.0;0.2;0.0
86;2021-01-29;877;217;0;14001;1056;0;3.2;0.2;0.0
86;2021-01-30;259;101;0;14260;1157;0;3.3;0.3;0.0
86;2021-01-31;54;151;0;14314;1308;0;3.3;0.3;0.0
86;2021-02-01;416;213;0;14730;1521;0;3.4;0.3;0.0
86;2021-02-02;562;376;0;15292;1897;0;3.5;0.4;0.0
86;2021-02-03;521;233;0;15813;2130;0;3.6;0.5;0.0
86;2021-02-04;453;367;0;16266;2497;0;3.7;0.6;0.0
86;2021-02-05;437;725;0;16703;3222;0;3.8;0.7;0.0
86;2021-02-06;138;195;0;16841;3417;0;3.9;0.8;0.0
86;2021-02-07;103;4;0;16944;3421;0;3.9;0.8;0.0
86;2021-02-08;353;312;0;17297;3733;0;4.0;0.9;0.0
86;2021-02-09;737;1070;0;18034;4803;0;4.1;1.1;0.0
86;2021-02-10;940;903;0;18974;5706;0;4.3;1.3;0.0
86;2021-02-11;948;983;0;19922;6689;0;4.6;1.5;0.0
86;2021-02-12;698;405;0;20620;7094;0;4.7;1.6;0.0
86;2021-02-13;179;96;0;20799;7190;0;4.8;1.6;0.0
86;2021-02-14;1;32;0;20800;7222;0;4.8;1.7;0.0
86;2021-02-15;245;497;0;21045;7719;0;4.8;1.8;0.0
86;2021-02-16;372;843;0;21417;8562;0;4.9;2.0;0.0
86;2021-02-17;434;875;0;21851;9437;0;5.0;2.2;0.0
86;2021-02-18;432;894;0;22283;10331;0;5.1;2.4;0.0
86;2021-02-19;577;620;0;22860;10951;0;5.2;2.5;0.0
86;2021-02-20;110;174;0;22970;11125;0;5.3;2.5;0.0
86;2021-02-21;3;3;0;22973;11128;0;5.3;2.5;0.0
86;2021-02-22;225;432;0;23198;11560;0;5.3;2.6;0.0
86;2021-02-23;368;581;0;23566;12141;0;5.4;2.8;0.0
86;2021-02-24;394;587;0;23960;12728;0;5.5;2.9;0.0
86;2021-02-25;856;647;0;24816;13375;0;5.7;3.1;0.0
86;2021-02-26;983;554;0;25799;13929;0;5.9;3.2;0.0
86;2021-02-27;460;134;0;26259;14063;0;6.0;3.2;0.0
86;2021-02-28;7;2;0;26266;14065;0;6.0;3.2;0.0
86;2021-03-01;240;481;0;26506;14546;0;6.1;3.3;0.0
86;2021-03-02;1121;819;0;27627;15365;0;6.3;3.5;0.0
86;2021-03-03;807;628;0;28434;15993;0;6.5;3.7;0.0
86;2021-03-04;1485;583;0;29919;16576;0;6.8;3.8;0.0
86;2021-03-05;1566;322;0;31485;16898;0;7.2;3.9;0.0
86;2021-03-06;976;165;0;32461;17063;0;7.4;3.9;0.0
86;2021-03-07;342;38;0;32803;17101;0;7.5;3.9;0.0
86;2021-03-08;461;522;0;33264;17623;0;7.6;4.0;0.0
86;2021-03-09;1339;502;0;34603;18125;0;7.9;4.1;0.0
86;2021-03-10;939;609;0;35542;18734;0;8.1;4.3;0.0
86;2021-03-11;1774;477;0;37316;19211;0;8.5;4.4;0.0
86;2021-03-12;2151;415;0;39467;19626;0;9.0;4.5;0.0
86;2021-03-13;1402;93;0;40869;19719;0;9.3;4.5;0.0
86;2021-03-14;126;13;0;40995;19732;0;9.4;4.5;0.0
86;2021-03-15;743;160;0;41738;19892;0;9.5;4.5;0.0
86;2021-03-16;821;206;0;42559;20098;0;9.7;4.6;0.0
86;2021-03-17;729;215;0;43288;20313;0;9.9;4.6;0.0
86;2021-03-18;892;111;0;44180;20424;0;10.1;4.7;0.0
86;2021-03-19;2038;341;0;46218;20765;0;10.6;4.7;0.0
86;2021-03-20;606;127;0;46824;20892;0;10.7;4.8;0.0
86;2021-03-21;14;0;0;46838;20892;0;10.7;4.8;0.0
86;2021-03-22;812;272;0;47650;21164;0;10.9;4.8;0.0
86;2021-03-23;1967;334;0;49617;21498;0;11.3;4.9;0.0
86;2021-03-24;1497;340;0;51114;21838;0;11.7;5.0;0.0
86;2021-03-25;2382;365;0;53496;22203;0;12.2;5.1;0.0
86;2021-03-26;2907;367;0;56403;22570;0;12.9;5.2;0.0
86;2021-03-27;731;142;0;57134;22712;0;13.1;5.2;0.0
86;2021-03-28;8;111;0;57142;22823;0;13.1;5.2;0.0
86;2021-03-29;1160;382;0;58302;23205;0;13.3;5.3;0.0
86;2021-03-30;2305;801;0;60607;24006;0;13.9;5.5;0.0
86;2021-03-31;1446;618;0;62053;24624;0;14.2;5.6;0.0
86;2021-04-01;2156;920;0;64209;25544;0;14.7;5.8;0.0
86;2021-04-02;1884;531;0;66093;26075;0;15.1;6.0;0.0
86;2021-04-03;796;286;0;66889;26361;0;15.3;6.0;0.0
86;2021-04-04;80;96;0;66969;26457;0;15.3;6.0;0.0
86;2021-04-05;287;4;0;67256;26461;0;15.4;6.0;0.0
86;2021-04-06;1543;916;0;68799;27377;0;15.7;6.3;0.0
86;2021-04-07;1619;606;0;70418;27983;0;16.1;6.4;0.0
86;2021-04-08;2516;751;0;72934;28734;0;16.7;6.6;0.0
86;2021-04-09;3227;620;0;76161;29354;0;17.4;6.7;0.0
86;2021-04-10;1615;182;0;77776;29536;0;17.8;6.8;0.0
86;2021-04-11;425;11;0;78201;29547;0;17.9;6.8;0.0
86;2021-04-12;809;707;0;79010;30254;0;18.1;6.9;0.0
86;2021-04-13;2381;886;0;81391;31140;0;18.6;7.1;0.0
86;2021-04-14;1836;829;0;83227;31969;0;19.0;7.3;0.0
86;2021-04-15;2256;675;0;85483;32644;0;19.5;7.5;0.0
86;2021-04-16;2397;1169;0;87880;33813;0;20.1;7.7;0.0
86;2021-04-17;1045;276;0;88925;34089;0;20.3;7.8;0.0
86;2021-04-18;123;5;0;89048;34094;0;20.4;7.8;0.0
86;2021-04-19;759;744;0;89807;34838;0;20.5;8.0;0.0
86;2021-04-20;2326;1471;0;92133;36309;0;21.1;8.3;0.0
86;2021-04-21;2039;1032;0;94172;37341;0;21.5;8.5;0.0
86;2021-04-22;2252;1314;0;96424;38655;0;22.0;8.8;0.0
86;2021-04-23;2340;1461;0;98764;40116;0;22.6;9.2;0.0
86;2021-04-24;1228;514;0;99992;40630;0;22.9;9.3;0.0
86;2021-04-25;771;27;0;100763;40657;0;23.0;9.3;0.0
86;2021-04-26;1945;835;0;102708;41492;0;23.5;9.5;0.0
86;2021-04-27;2983;1622;0;105691;43114;0;24.2;9.9;0.0
86;2021-04-28;2876;1408;0;108567;44522;0;24.8;10.2;0.0
86;2021-04-29;3481;1782;0;112048;46304;0;25.6;10.6;0.0
86;2021-04-30;2937;1429;0;114985;47733;0;26.3;10.9;0.0
86;2021-05-01;1546;202;0;116531;47935;0;26.6;11.0;0.0
86;2021-05-02;1211;45;0;117742;47980;0;26.9;11.0;0.0
86;2021-05-03;2418;963;0;120160;48943;0;27.5;11.2;0.0
86;2021-05-04;3288;1860;0;123448;50803;0;28.2;11.6;0.0
86;2021-05-05;3749;1448;0;127197;52251;0;29.1;11.9;0.0
86;2021-05-06;4075;1618;0;131272;53869;0;30.0;12.3;0.0
86;2021-05-07;3983;1815;0;135255;55684;0;30.9;12.7;0.0
86;2021-05-08;1826;383;0;137081;56067;0;31.3;12.8;0.0
86;2021-05-09;1512;184;0;138593;56251;0;31.7;12.9;0.0
86;2021-05-10;1854;1142;0;140447;57393;0;32.1;13.1;0.0
86;2021-05-11;3262;2592;0;143709;59985;0;32.9;13.7;0.0
86;2021-05-12;2142;1632;0;145851;61617;0;33.3;14.1;0.0
86;2021-05-13;1477;279;0;147328;61896;0;33.7;14.2;0.0
86;2021-05-14;1934;795;0;149262;62691;0;34.1;14.3;0.0
86;2021-05-15;1367;459;0;150629;63150;0;34.4;14.4;0.0
86;2021-05-16;734;148;0;151363;63298;0;34.6;14.5;0.0
86;2021-05-17;3005;1026;0;154368;64324;0;35.3;14.7;0.0
86;2021-05-18;3997;1596;0;158365;65920;0;36.2;15.1;0.0
86;2021-05-19;3322;1360;0;161687;67280;0;37.0;15.4;0.0
86;2021-05-20;3930;1567;0;165617;68847;0;37.9;15.7;0.0
86;2021-05-21;3224;1702;0;168841;70549;0;38.6;16.1;0.0
86;2021-05-22;1886;665;0;170727;71214;0;39.0;16.3;0.0
86;2021-05-23;1266;166;0;171993;71380;0;39.3;16.3;0.0
86;2021-05-24;1630;199;0;173623;71579;0;39.7;16.4;0.0
86;2021-05-25;2558;1546;0;176181;73125;0;40.3;16.7;0.0
86;2021-05-26;2545;1450;0;178726;74575;0;40.9;17.0;0.0
86;2021-05-27;3159;1772;0;181885;76347;0;41.6;17.5;0.0
86;2021-05-28;2131;2495;0;184016;78842;0;42.1;18.0;0.0
86;2021-05-29;1397;1252;0;185413;80094;0;42.4;18.3;0.0
86;2021-05-30;862;126;0;186275;80220;0;42.6;18.3;0.0
86;2021-05-31;1820;1738;0;188095;81958;0;43.0;18.7;0.0
86;2021-06-01;2451;2571;0;190546;84529;0;43.6;19.3;0.0
86;2021-06-02;2213;2532;0;192759;87061;0;44.1;19.9;0.0
86;2021-06-03;2978;2370;0;195737;89431;0;44.8;20.4;0.0
86;2021-06-04;2222;2809;0;197959;92240;0;45.3;21.1;0.0
86;2021-06-05;1466;1526;0;199425;93766;0;45.6;21.4;0.0
86;2021-06-06;788;870;0;200213;94636;0;45.8;21.6;0.0
86;2021-06-07;1180;2301;0;201393;96937;0;46.0;22.2;0.0
86;2021-06-08;1906;3537;0;203299;100474;0;46.5;23.0;0.0
86;2021-06-09;1873;3157;0;205172;103631;0;46.9;23.7;0.0
86;2021-06-10;2313;3116;0;207485;106747;0;47.4;24.4;0.0
86;2021-06-11;1617;2770;0;209102;109517;0;47.8;25.0;0.0
86;2021-06-12;900;2149;0;210002;111666;0;48.0;25.5;0.0
86;2021-06-13;281;1405;0;210283;113071;0;48.1;25.9;0.0
86;2021-06-14;1203;2783;0;211486;115854;0;48.4;26.5;0.0
86;2021-06-15;1725;3986;0;213211;119840;0;48.7;27.4;0.0
86;2021-06-16;1785;3064;0;214996;122904;0;49.2;28.1;0.0
86;2021-06-17;1844;4319;0;216840;127223;0;49.6;29.1;0.0
86;2021-06-18;1960;4474;0;218800;131697;0;50.0;30.1;0.0
86;2021-06-19;725;1985;0;219525;133682;0;50.2;30.6;0.0
86;2021-06-20;185;1235;0;219710;134917;0;50.2;30.8;0.0
86;2021-06-21;1198;2099;0;220908;137016;0;50.5;31.3;0.0
86;2021-06-22;1358;3257;0;222266;140273;0;50.8;32.1;0.0
86;2021-06-23;1479;2344;0;223745;142617;0;51.2;32.6;0.0
86;2021-06-24;1707;2665;0;225452;145282;0;51.5;33.2;0.0
86;2021-06-25;1312;3421;0;226764;148703;0;51.8;34.0;0.0
86;2021-06-26;475;2495;0;227239;151198;0;52.0;34.6;0.0
86;2021-06-27;142;1524;0;227381;152722;0;52.0;34.9;0.0
86;2021-06-28;437;3169;0;227818;155891;0;52.1;35.6;0.0
86;2021-06-29;981;4272;0;228799;160163;0;52.3;36.6;0.0
86;2021-06-30;1117;2863;0;229916;163026;0;52.6;37.3;0.0
86;2021-07-01;1541;2971;0;231457;165997;0;52.9;38.0;0.0
86;2021-07-02;1200;3582;0;232657;169579;0;53.2;38.8;0.0
86;2021-07-03;561;2268;0;233218;171847;0;53.3;39.3;0.0
86;2021-07-04;118;1241;0;233336;173088;0;53.3;39.6;0.0
86;2021-07-05;595;2724;0;233931;175812;0;53.5;40.2;0.0
86;2021-07-06;1039;3880;0;234970;179692;0;53.7;41.1;0.0
86;2021-07-07;1291;2555;0;236261;182247;0;54.0;41.7;0.0
86;2021-07-08;1639;3009;0;237900;185256;0;54.4;42.4;0.0
86;2021-07-09;1674;3060;0;239574;188316;0;54.8;43.1;0.0
86;2021-07-10;1165;1879;0;240739;190195;0;55.0;43.5;0.0
86;2021-07-11;476;807;0;241215;191002;0;55.1;43.7;0.0
86;2021-07-12;860;2406;0;242075;193408;0;55.3;44.2;0.0
86;2021-07-13;1760;3208;0;243835;196616;0;55.7;45.0;0.0
86;2021-07-14;796;1141;0;244631;197757;0;55.9;45.2;0.0
86;2021-07-15;1929;3188;0;246560;200945;0;56.4;45.9;0.0
86;2021-07-16;1733;2711;0;248293;203656;0;56.8;46.6;0.0
86;2021-07-17;1341;1653;0;249634;205309;0;57.1;46.9;0.0
86;2021-07-18;418;886;0;250052;206195;0;57.2;47.1;0.0
86;2021-07-19;1416;1973;0;251468;208168;0;57.5;47.6;0.0
86;2021-07-20;2357;2786;0;253825;210954;0;58.0;48.2;0.0
86;2021-07-21;2317;2268;0;256142;213222;0;58.6;48.7;0.0
86;2021-07-22;2722;2820;0;258864;216042;0;59.2;49.4;0.0
86;2021-07-23;2441;2447;0;261305;218489;0;59.7;50.0;0.0
86;2021-07-24;1529;1356;0;262834;219845;0;60.1;50.3;0.0
86;2021-07-25;730;393;0;263564;220238;0;60.3;50.4;0.0
86;2021-07-26;1669;2209;0;265233;222447;0;60.6;50.9;0.0
86;2021-07-27;3248;2781;0;268481;225228;0;61.4;51.5;0.0
86;2021-07-28;3161;2203;0;271642;227431;0;62.1;52.0;0.0
86;2021-07-29;3189;2549;0;274831;229980;0;62.8;52.6;0.0
86;2021-07-30;2266;2464;0;277097;232444;0;63.4;53.1;0.0
86;2021-07-31;1404;1106;0;278501;233550;0;63.7;53.4;0.0
86;2021-08-01;672;344;0;279173;233894;0;63.8;53.5;0.0
86;2021-08-02;1907;1677;0;281080;235571;0;64.3;53.9;0.0
86;2021-08-03;3069;2022;0;284149;237593;0;65.0;54.3;0.0
86;2021-08-04;2601;1736;0;286750;239329;0;65.6;54.7;0.0
86;2021-08-05;3183;2013;0;289933;241342;0;66.3;55.2;0.0
86;2021-08-06;2416;1806;0;292349;243148;0;66.8;55.6;0.0
86;2021-08-07;1510;1032;0;293859;244180;0;67.2;55.8;0.0
86;2021-08-08;837;525;0;294696;244705;0;67.4;55.9;0.0
86;2021-08-09;1843;1354;0;296539;246059;0;67.8;56.3;0.0
86;2021-08-10;2504;1847;0;299043;247906;0;68.4;56.7;0.0
86;2021-08-11;2223;1460;0;301266;249366;0;68.9;57.0;0.0
86;2021-08-12;2209;1839;0;303475;251205;0;69.4;57.4;0.0
86;2021-08-13;1795;1537;0;305270;252742;0;69.8;57.8;0.0
86;2021-08-14;1244;1114;0;306514;253856;0;70.1;58.0;0.0
86;2021-08-15;501;589;0;307015;254445;0;70.2;58.2;0.0
86;2021-08-16;1119;1869;0;308134;256314;0;70.4;58.6;0.0
86;2021-08-17;1507;2168;0;309641;258482;0;70.8;59.1;0.0
86;2021-08-18;1270;1862;0;310911;260344;0;71.1;59.5;0.0
86;2021-08-19;1412;2579;0;312323;262923;0;71.4;60.1;0.0
86;2021-08-20;1237;2635;0;313560;265558;0;71.7;60.7;0.0
86;2021-08-21;795;1856;0;314355;267414;0;71.9;61.1;0.0
86;2021-08-22;319;693;0;314674;268107;0;71.9;61.3;0.0
86;2021-08-23;754;1840;0;315428;269947;0;72.1;61.7;0.0
86;2021-08-24;1049;2668;0;316477;272615;0;72.4;62.3;0.0
86;2021-08-25;886;1972;0;317363;274587;0;72.6;62.8;0.0
86;2021-08-26;872;2644;0;318235;277231;0;72.8;63.4;0.0
86;2021-08-27;847;2208;0;319082;279439;0;73.0;63.9;0.0
86;2021-08-28;504;1672;0;319586;281111;0;73.1;64.3;0.0
86;2021-08-29;109;789;0;319695;281900;0;73.1;64.4;0.0
86;2021-08-30;655;2034;25;320350;283934;25;73.2;64.9;0.0
86;2021-08-31;921;2957;51;321271;286891;76;73.5;65.6;0.0
86;2021-09-01;587;2464;176;321858;289355;252;73.6;66.2;0.1
86;2021-09-02;708;2329;213;322566;291684;465;73.7;66.7;0.1
86;2021-09-03;720;2193;168;323286;293877;633;73.9;67.2;0.1
86;2021-09-04;348;2005;88;323634;295882;721;74.0;67.6;0.2
86;2021-09-05;33;836;11;323667;296718;732;74.0;67.8;0.2
86;2021-09-06;354;1496;176;324021;298214;908;74.1;68.2;0.2
86;2021-09-07;471;1852;220;324492;300066;1128;74.2;68.6;0.3
86;2021-09-08;542;1996;298;325034;302062;1426;74.3;69.1;0.3
86;2021-09-09;483;1618;240;325517;303680;1666;74.4;69.4;0.4
86;2021-09-10;498;1736;318;326015;305416;1984;74.5;69.8;0.5
86;2021-09-11;337;1715;55;326352;307131;2039;74.6;70.2;0.5
86;2021-09-12;93;694;57;326445;307825;2096;74.6;70.4;0.5
86;2021-09-13;328;978;520;326773;308803;2616;74.7;70.6;0.6
86;2021-09-14;381;1310;661;327154;310113;3277;74.8;70.9;0.7
86;2021-09-15;462;1470;298;327616;311583;3575;74.9;71.2;0.8
86;2021-09-16;395;954;828;328011;312537;4403;75.0;71.5;1.0
86;2021-09-17;454;1051;540;328465;313588;4943;75.1;71.7;1.1
86;2021-09-18;290;1148;119;328755;314736;5062;75.2;72.0;1.2
86;2021-09-19;70;388;17;328825;315124;5079;75.2;72.0;1.2
86;2021-09-20;218;607;341;329043;315731;5420;75.2;72.2;1.2
86;2021-09-21;261;836;519;329304;316567;5939;75.3;72.4;1.4
86;2021-09-22;301;1139;426;329605;317706;6365;75.4;72.6;1.5
86;2021-09-23;349;585;730;329954;318291;7095;75.4;72.8;1.6
86;2021-09-24;312;833;341;330266;319124;7436;75.5;73.0;1.7
86;2021-09-25;266;923;136;330532;320047;7572;75.6;73.2;1.7
86;2021-09-26;36;157;16;330568;320204;7588;75.6;73.2;1.7
86;2021-09-27;154;333;361;330722;320537;7949;75.6;73.3;1.8
86;2021-09-28;238;340;527;330960;320877;8476;75.7;73.4;1.9
86;2021-09-29;222;648;517;331182;321525;8993;75.7;73.5;2.1
86;2021-09-30;236;433;675;331418;321958;9668;75.8;73.6;2.2
86;2021-10-01;279;521;475;331697;322479;10143;75.8;73.7;2.3
86;2021-10-02;271;523;204;331968;323002;10347;75.9;73.8;2.4
86;2021-10-03;18;63;4;331986;323065;10351;75.9;73.9;2.4
86;2021-10-04;110;294;397;332096;323359;10748;75.9;73.9;2.5
86;2021-10-05;141;281;477;332237;323640;11225;76.0;74.0;2.6
86;2021-10-06;186;457;336;332423;324097;11561;76.0;74.1;2.6
86;2021-10-07;161;407;761;332584;324504;12322;76.0;74.2;2.8
86;2021-10-08;215;466;484;332799;324970;12806;76.1;74.3;2.9
86;2021-10-09;212;417;203;333011;325387;13009;76.1;74.4;3.0
86;2021-10-10;7;14;7;333018;325401;13016;76.1;74.4;3.0
86;2021-10-11;145;294;428;333163;325695;13444;76.2;74.5;3.1
86;2021-10-12;121;307;684;333284;326002;14128;76.2;74.5;3.2
86;2021-10-13;198;349;636;333482;326351;14764;76.2;74.6;3.4
86;2021-10-14;140;325;800;333622;326676;15564;76.3;74.7;3.6
86;2021-10-15;186;324;689;333808;327000;16253;76.3;74.8;3.7
86;2021-10-16;200;315;207;334008;327315;16460;76.4;74.8;3.8
86;2021-10-17;4;5;0;334012;327320;16460;76.4;74.8;3.8
86;2021-10-18;148;294;530;334160;327614;16990;76.4;74.9;3.9
86;2021-10-19;113;271;797;334273;327885;17787;76.4;75.0;4.1
86;2021-10-20;205;327;696;334478;328212;18483;76.5;75.0;4.2
86;2021-10-21;142;322;591;334620;328534;19074;76.5;75.1;4.4
86;2021-10-22;171;220;637;334791;328754;19711;76.5;75.2;4.5
86;2021-10-23;191;332;318;334982;329086;20029;76.6;75.2;4.6
86;2021-10-24;1;3;2;334983;329089;20031;76.6;75.2;4.6
86;2021-10-25;69;152;628;335052;329241;20659;76.6;75.3;4.7
86;2021-10-26;103;113;638;335155;329354;21297;76.6;75.3;4.9
86;2021-10-27;207;277;681;335362;329631;21978;76.7;75.4;5.0
86;2021-10-28;78;141;531;335440;329772;22509;76.7;75.4;5.1
86;2021-10-29;109;160;697;335549;329932;23206;76.7;75.4;5.3
86;2021-10-30;141;197;372;335690;330129;23578;76.7;75.5;5.4
86;2021-10-31;0;5;5;335690;330134;23583;76.7;75.5;5.4
86;2021-11-01;15;2;21;335705;330136;23604;76.8;75.5;5.4
86;2021-11-02;68;135;793;335773;330271;24397;76.8;75.5;5.6
86;2021-11-03;160;274;1030;335933;330545;25427;76.8;75.6;5.8
86;2021-11-04;100;134;766;336033;330679;26193;76.8;75.6;6.0
86;2021-11-05;138;178;775;336171;330857;26968;76.9;75.6;6.2
86;2021-11-06;143;235;629;336314;331092;27597;76.9;75.7;6.3
86;2021-11-07;2;6;5;336316;331098;27602;76.9;75.7;6.3
86;2021-11-08;74;99;744;336390;331197;28346;76.9;75.7;6.5
86;2021-11-09;101;141;1385;336491;331338;29731;76.9;75.8;6.8
86;2021-11-10;145;305;1538;336636;331643;31269;77.0;75.8;7.1
86;2021-11-11;12;9;71;336648;331652;31340;77.0;75.8;7.2
86;2021-11-12;85;146;922;336733;331798;32262;77.0;75.9;7.4
86;2021-11-13;88;218;881;336821;332016;33143;77.0;75.9;7.6
86;2021-11-14;2;2;21;336823;332018;33164;77.0;75.9;7.6
86;2021-11-15;65;69;872;336888;332087;34036;77.0;75.9;7.8
86;2021-11-16;101;132;1543;336989;332219;35579;77.0;76.0;8.1
86;2021-11-17;132;224;1657;337121;332443;37236;77.1;76.0;8.5
86;2021-11-18;122;113;1557;337243;332556;38793;77.1;76.0;8.9
86;2021-11-19;138;144;1558;337381;332700;40351;77.1;76.1;9.2
86;2021-11-20;100;180;974;337481;332880;41325;77.2;76.1;9.4
86;2021-11-21;2;4;18;337483;332884;41343;77.2;76.1;9.5
86;2021-11-22;79;42;914;337562;332926;42257;77.2;76.1;9.7
86;2021-11-23;135;110;1617;337697;333036;43874;77.2;76.1;10.0
86;2021-11-24;127;168;1614;337824;333204;45488;77.2;76.2;10.4
86;2021-11-25;176;106;2069;338000;333310;47557;77.3;76.2;10.9
86;2021-11-26;145;146;1847;338145;333456;49404;77.3;76.2;11.3
86;2021-11-27;87;134;1107;338232;333590;50511;77.3;76.3;11.5
86;2021-11-28;3;9;69;338235;333599;50580;77.3;76.3;11.6
86;2021-11-29;80;70;2104;338315;333669;52684;77.3;76.3;12.0
86;2021-11-30;144;126;3909;338459;333795;56593;77.4;76.3;12.9
86;2021-12-01;87;104;3012;338546;333899;59605;77.4;76.3;13.6
86;2021-12-02;122;102;4430;338668;334001;64035;77.4;76.4;14.6
86;2021-12-03;93;119;3726;338761;334120;67761;77.4;76.4;15.5
86;2021-12-04;66;93;2293;338827;334213;70054;77.5;76.4;16.0
86;2021-12-05;10;17;732;338837;334230;70786;77.5;76.4;16.2
86;2021-12-06;48;72;2738;338885;334302;73524;77.5;76.4;16.8
86;2021-12-07;116;105;5194;339001;334407;78718;77.5;76.5;18.0
86;2021-12-08;86;131;5012;339087;334538;83730;77.5;76.5;19.1
86;2021-12-09;106;149;5876;339193;334687;89606;77.5;76.5;20.5
86;2021-12-10;134;157;5119;339327;334844;94725;77.6;76.6;21.7
86;2021-12-11;79;89;3210;339406;334933;97935;77.6;76.6;22.4
86;2021-12-12;23;23;721;339429;334956;98656;77.6;76.6;22.6
86;2021-12-13;72;88;3873;339501;335044;102529;77.6;76.6;23.4
86;2021-12-14;141;186;6470;339642;335230;108999;77.7;76.6;24.9
86;2021-12-15;116;148;5023;339758;335378;114022;77.7;76.7;26.1
86;2021-12-16;148;239;7294;339906;335617;121316;77.7;76.7;27.7
86;2021-12-17;163;167;6802;340069;335784;128118;77.7;76.8;29.3
86;2021-12-18;113;135;3993;340182;335919;132111;77.8;76.8;30.2
86;2021-12-19;41;24;1594;340223;335943;133705;77.8;76.8;30.6
86;2021-12-20;127;113;3975;340350;336056;137680;77.8;76.8;31.5
86;2021-12-21;203;175;5702;340553;336231;143382;77.9;76.9;32.8
86;2021-12-22;158;124;4091;340711;336355;147473;77.9;76.9;33.7
86;2021-12-23;137;133;3643;340848;336488;151116;77.9;76.9;34.5
86;2021-12-24;41;47;961;340889;336535;152077;77.9;76.9;34.8
86;2021-12-25;0;5;29;340889;336540;152106;77.9;76.9;34.8
86;2021-12-26;14;9;163;340903;336549;152269;77.9;76.9;34.8
87;2020-12-27;0;0;0;0;0;0;0.0;0.0;0.0
87;2020-12-28;1;0;0;1;0;0;0.0;0.0;0.0
87;2020-12-29;0;0;0;1;0;0;0.0;0.0;0.0
87;2020-12-30;1;0;0;2;0;0;0.0;0.0;0.0
87;2020-12-31;0;0;0;2;0;0;0.0;0.0;0.0
87;2021-01-01;0;0;0;2;0;0;0.0;0.0;0.0
87;2021-01-02;0;0;0;2;0;0;0.0;0.0;0.0
87;2021-01-03;0;0;0;2;0;0;0.0;0.0;0.0
87;2021-01-04;1;0;0;3;0;0;0.0;0.0;0.0
87;2021-01-05;2;0;0;5;0;0;0.0;0.0;0.0
87;2021-01-06;22;0;0;27;0;0;0.0;0.0;0.0
87;2021-01-07;253;0;0;280;0;0;0.1;0.0;0.0
87;2021-01-08;347;0;0;627;0;0;0.2;0.0;0.0
87;2021-01-09;64;0;0;691;0;0;0.2;0.0;0.0
87;2021-01-10;33;0;0;724;0;0;0.2;0.0;0.0
87;2021-01-11;397;0;0;1121;0;0;0.3;0.0;0.0
87;2021-01-12;616;0;0;1737;0;0;0.5;0.0;0.0
87;2021-01-13;506;1;0;2243;1;0;0.6;0.0;0.0
87;2021-01-14;435;3;0;2678;4;0;0.7;0.0;0.0
87;2021-01-15;507;3;0;3185;7;0;0.9;0.0;0.0
87;2021-01-16;208;1;0;3393;8;0;0.9;0.0;0.0
87;2021-01-17;5;0;0;3398;8;0;0.9;0.0;0.0
87;2021-01-18;605;5;0;4003;13;0;1.1;0.0;0.0
87;2021-01-19;689;2;0;4692;15;0;1.3;0.0;0.0
87;2021-01-20;701;4;0;5393;19;0;1.5;0.0;0.0
87;2021-01-21;759;2;0;6152;21;0;1.7;0.0;0.0
87;2021-01-22;734;5;0;6886;26;0;1.9;0.0;0.0
87;2021-01-23;308;2;0;7194;28;0;1.9;0.0;0.0
87;2021-01-24;0;0;0;7194;28;0;1.9;0.0;0.0
87;2021-01-25;619;9;0;7813;37;0;2.1;0.0;0.0
87;2021-01-26;618;55;0;8431;92;0;2.3;0.0;0.0
87;2021-01-27;581;50;0;9012;142;0;2.4;0.0;0.0
87;2021-01-28;869;122;0;9881;264;0;2.7;0.1;0.0
87;2021-01-29;727;205;0;10608;469;0;2.9;0.1;0.0
87;2021-01-30;321;73;0;10929;542;0;2.9;0.1;0.0
87;2021-01-31;31;65;0;10960;607;0;3.0;0.2;0.0
87;2021-02-01;396;297;0;11356;904;0;3.1;0.2;0.0
87;2021-02-02;431;461;0;11787;1365;0;3.2;0.4;0.0
87;2021-02-03;619;338;0;12406;1703;0;3.3;0.5;0.0
87;2021-02-04;547;547;0;12953;2250;0;3.5;0.6;0.0
87;2021-02-05;340;343;0;13293;2593;0;3.6;0.7;0.0
87;2021-02-06;56;156;0;13349;2749;0;3.6;0.7;0.0
87;2021-02-07;20;0;0;13369;2749;0;3.6;0.7;0.0
87;2021-02-08;243;409;0;13612;3158;0;3.7;0.9;0.0
87;2021-02-09;262;466;0;13874;3624;0;3.7;1.0;0.0
87;2021-02-10;267;623;0;14141;4247;0;3.8;1.1;0.0
87;2021-02-11;307;540;0;14448;4787;0;3.9;1.3;0.0
87;2021-02-12;281;558;0;14729;5345;0;4.0;1.4;0.0
87;2021-02-13;30;176;0;14759;5521;0;4.0;1.5;0.0
87;2021-02-14;1;4;0;14760;5525;0;4.0;1.5;0.0
87;2021-02-15;241;393;0;15001;5918;0;4.0;1.6;0.0
87;2021-02-16;326;301;0;15327;6219;0;4.1;1.7;0.0
87;2021-02-17;319;397;0;15646;6616;0;4.2;1.8;0.0
87;2021-02-18;470;634;0;16116;7250;0;4.3;2.0;0.0
87;2021-02-19;407;485;0;16523;7735;0;4.5;2.1;0.0
87;2021-02-20;117;196;0;16640;7931;0;4.5;2.1;0.0
87;2021-02-21;5;8;0;16645;7939;0;4.5;2.1;0.0
87;2021-02-22;424;578;0;17069;8517;0;4.6;2.3;0.0
87;2021-02-23;563;645;0;17632;9162;0;4.8;2.5;0.0
87;2021-02-24;514;707;0;18146;9869;0;4.9;2.7;0.0
87;2021-02-25;783;724;0;18929;10593;0;5.1;2.9;0.0
87;2021-02-26;852;502;0;19781;11095;0;5.3;3.0;0.0
87;2021-02-27;406;213;0;20187;11308;0;5.4;3.0;0.0
87;2021-02-28;5;1;0;20192;11309;0;5.4;3.1;0.0
87;2021-03-01;499;366;0;20691;11675;0;5.6;3.1;0.0
87;2021-03-02;971;390;0;21662;12065;0;5.8;3.3;0.0
87;2021-03-03;1125;364;0;22787;12429;0;6.1;3.4;0.0
87;2021-03-04;1399;351;0;24186;12780;0;6.5;3.4;0.0
87;2021-03-05;1763;300;0;25949;13080;0;7.0;3.5;0.0
87;2021-03-06;1003;53;0;26952;13133;0;7.3;3.5;0.0
87;2021-03-07;271;8;0;27223;13141;0;7.3;3.5;0.0
87;2021-03-08;812;240;0;28035;13381;0;7.6;3.6;0.0
87;2021-03-09;1271;243;0;29306;13624;0;7.9;3.7;0.0
87;2021-03-10;1286;224;0;30592;13848;0;8.3;3.7;0.0
87;2021-03-11;1726;259;0;32318;14107;0;8.7;3.8;0.0
87;2021-03-12;2081;292;0;34399;14399;0;9.3;3.9;0.0
87;2021-03-13;1307;27;0;35706;14426;0;9.6;3.9;0.0
87;2021-03-14;94;1;0;35800;14427;0;9.7;3.9;0.0
87;2021-03-15;958;341;0;36758;14768;0;9.9;4.0;0.0
87;2021-03-16;1039;232;0;37797;15000;0;10.2;4.0;0.0
87;2021-03-17;1076;246;0;38873;15246;0;10.5;4.1;0.0
87;2021-03-18;1184;350;0;40057;15596;0;10.8;4.2;0.0
87;2021-03-19;1613;301;0;41670;15897;0;11.2;4.3;0.0
87;2021-03-20;988;91;0;42658;15988;0;11.5;4.3;0.0
87;2021-03-21;35;0;0;42693;15988;0;11.5;4.3;0.0
87;2021-03-22;1003;392;0;43696;16380;0;11.8;4.4;0.0
87;2021-03-23;1340;408;0;45036;16788;0;12.1;4.5;0.0
87;2021-03-24;1484;388;0;46520;17176;0;12.5;4.6;0.0
87;2021-03-25;2400;391;0;48920;17567;0;13.2;4.7;0.0
87;2021-03-26;2456;411;0;51376;17978;0;13.9;4.8;0.0
87;2021-03-27;876;131;0;52252;18109;0;14.1;4.9;0.0
87;2021-03-28;260;17;0;52512;18126;0;14.2;4.9;0.0
87;2021-03-29;1098;406;0;53610;18532;0;14.5;5.0;0.0
87;2021-03-30;1877;646;0;55487;19178;0;15.0;5.2;0.0
87;2021-03-31;1663;683;0;57150;19861;0;15.4;5.4;0.0
87;2021-04-01;2254;577;0;59404;20438;0;16.0;5.5;0.0
87;2021-04-02;1845;598;0;61249;21036;0;16.5;5.7;0.0
87;2021-04-03;494;256;0;61743;21292;0;16.7;5.7;0.0
87;2021-04-04;5;1;0;61748;21293;0;16.7;5.7;0.0
87;2021-04-05;96;4;0;61844;21297;0;16.7;5.7;0.0
87;2021-04-06;1034;911;0;62878;22208;0;17.0;6.0;0.0
87;2021-04-07;1552;929;0;64430;23137;0;17.4;6.2;0.0
87;2021-04-08;1749;1021;0;66179;24158;0;17.8;6.5;0.0
87;2021-04-09;2652;737;0;68831;24895;0;18.6;6.7;0.0
87;2021-04-10;1226;312;0;70057;25207;0;18.9;6.8;0.0
87;2021-04-11;102;7;0;70159;25214;0;18.9;6.8;0.0
87;2021-04-12;1652;815;0;71811;26029;0;19.4;7.0;0.0
87;2021-04-13;2255;1027;0;74066;27056;0;20.0;7.3;0.0
87;2021-04-14;2510;1198;0;76576;28254;0;20.7;7.6;0.0
87;2021-04-15;2216;1050;0;78792;29304;0;21.3;7.9;0.0
87;2021-04-16;2671;1043;0;81463;30347;0;22.0;8.2;0.0
87;2021-04-17;824;447;0;82287;30794;0;22.2;8.3;0.0
87;2021-04-18;137;146;0;82424;30940;0;22.2;8.3;0.0
87;2021-04-19;1686;820;0;84110;31760;0;22.7;8.6;0.0
87;2021-04-20;2068;890;0;86178;32650;0;23.2;8.8;0.0
87;2021-04-21;2236;971;0;88414;33621;0;23.8;9.1;0.0
87;2021-04-22;2549;1151;0;90963;34772;0;24.5;9.4;0.0
87;2021-04-23;2004;1186;0;92967;35958;0;25.1;9.7;0.0
87;2021-04-24;1031;613;0;93998;36571;0;25.4;9.9;0.0
87;2021-04-25;109;106;0;94107;36677;0;25.4;9.9;0.0
87;2021-04-26;1318;884;0;95425;37561;0;25.7;10.1;0.0
87;2021-04-27;2301;1205;0;97726;38766;0;26.4;10.5;0.0
87;2021-04-28;3721;1445;0;101447;40211;0;27.4;10.8;0.0
87;2021-04-29;2972;1839;0;104419;42050;0;28.2;11.3;0.0
87;2021-04-30;3075;1393;0;107494;43443;0;29.0;11.7;0.0
87;2021-05-01;755;65;0;108249;43508;0;29.2;11.7;0.0
87;2021-05-02;389;17;0;108638;43525;0;29.3;11.7;0.0
87;2021-05-03;2123;957;0;110761;44482;0;29.9;12.0;0.0
87;2021-05-04;2732;1128;0;113493;45610;0;30.6;12.3;0.0
87;2021-05-05;2818;1553;0;116311;47163;0;31.4;12.7;0.0
87;2021-05-06;2533;1739;0;118844;48902;0;32.1;13.2;0.0
87;2021-05-07;2866;1748;0;121710;50650;0;32.8;13.7;0.0
87;2021-05-08;826;321;0;122536;50971;0;33.0;13.7;0.0
87;2021-05-09;57;157;0;122593;51128;0;33.1;13.8;0.0
87;2021-05-10;1802;1576;0;124395;52704;0;33.6;14.2;0.0
87;2021-05-11;2381;1915;0;126776;54619;0;34.2;14.7;0.0
87;2021-05-12;2676;2048;0;129452;56667;0;34.9;15.3;0.0
87;2021-05-13;1131;293;0;130583;56960;0;35.2;15.4;0.0
87;2021-05-14;2231;1716;0;132814;58676;0;35.8;15.8;0.0
87;2021-05-15;1100;489;0;133914;59165;0;36.1;16.0;0.0
87;2021-05-16;201;81;0;134115;59246;0;36.2;16.0;0.0
87;2021-05-17;1625;1649;0;135740;60895;0;36.6;16.4;0.0
87;2021-05-18;2709;1796;0;138449;62691;0;37.3;16.9;0.0
87;2021-05-19;2900;1546;0;141349;64237;0;38.1;17.3;0.0
87;2021-05-20;3335;1719;0;144684;65956;0;39.0;17.8;0.0
87;2021-05-21;2812;1799;0;147496;67755;0;39.8;18.3;0.0
87;2021-05-22;1548;641;0;149044;68396;0;40.2;18.4;0.0
87;2021-05-23;251;91;0;149295;68487;0;40.3;18.5;0.0
87;2021-05-24;1101;148;0;150396;68635;0;40.6;18.5;0.0
87;2021-05-25;2154;1778;0;152550;70413;0;41.1;19.0;0.0
87;2021-05-26;3248;2431;0;155798;72844;0;42.0;19.6;0.0
87;2021-05-27;2970;2315;0;158768;75159;0;42.8;20.3;0.0
87;2021-05-28;2652;2513;0;161420;77672;0;43.5;20.9;0.0
87;2021-05-29;1168;1368;0;162588;79040;0;43.9;21.3;0.0
87;2021-05-30;286;85;0;162874;79125;0;43.9;21.3;0.0
87;2021-05-31;2317;1369;0;165191;80494;0;44.6;21.7;0.0
87;2021-06-01;2546;1910;0;167737;82404;0;45.2;22.2;0.0
87;2021-06-02;2574;1858;0;170311;84262;0;45.9;22.7;0.0
87;2021-06-03;3149;2468;0;173460;86730;0;46.8;23.4;0.0
87;2021-06-04;2834;2033;0;176294;88763;0;47.5;23.9;0.0
87;2021-06-05;1405;663;0;177699;89426;0;47.9;24.1;0.0
87;2021-06-06;266;110;0;177965;89536;0;48.0;24.1;0.0
87;2021-06-07;2036;1836;0;180001;91372;0;48.5;24.6;0.0
87;2021-06-08;2843;2472;0;182844;93844;0;49.3;25.3;0.0
87;2021-06-09;2242;2665;0;185086;96509;0;49.9;26.0;0.0
87;2021-06-10;2787;2489;0;187873;98998;0;50.7;26.7;0.0
87;2021-06-11;2306;2944;0;190179;101942;0;51.3;27.5;0.0
87;2021-06-12;1224;1134;0;191403;103076;0;51.6;27.8;0.0
87;2021-06-13;297;497;0;191700;103573;0;51.7;27.9;0.0
87;2021-06-14;990;2596;0;192690;106169;0;52.0;28.6;0.0
87;2021-06-15;1336;3221;0;194026;109390;0;52.3;29.5;0.0
87;2021-06-16;1646;3291;0;195672;112681;0;52.8;30.4;0.0
87;2021-06-17;2341;2269;0;198013;114950;0;53.4;31.0;0.0
87;2021-06-18;1709;2936;0;199722;117886;0;53.9;31.8;0.0
87;2021-06-19;1042;1219;0;200764;119105;0;54.1;32.1;0.0
87;2021-06-20;220;205;0;200984;119310;0;54.2;32.2;0.0
87;2021-06-21;949;2511;0;201933;121821;0;54.5;32.9;0.0
87;2021-06-22;1001;2827;0;202934;124648;0;54.7;33.6;0.0
87;2021-06-23;1198;3090;0;204132;127738;0;55.1;34.5;0.0
87;2021-06-24;1542;2554;0;205674;130292;0;55.5;35.1;0.0
87;2021-06-25;1345;2706;0;207019;132998;0;55.8;35.9;0.0
87;2021-06-26;546;1300;0;207565;134298;0;56.0;36.2;0.0
87;2021-06-27;34;264;0;207599;134562;0;56.0;36.3;0.0
87;2021-06-28;683;2595;0;208282;137157;0;56.2;37.0;0.0
87;2021-06-29;1087;3434;0;209369;140591;0;56.5;37.9;0.0
87;2021-06-30;1055;2735;0;210424;143326;0;56.8;38.7;0.0
87;2021-07-01;1280;2552;0;211704;145878;0;57.1;39.3;0.0
87;2021-07-02;1154;3477;0;212858;149355;0;57.4;40.3;0.0
87;2021-07-03;437;1610;0;213295;150965;0;57.5;40.7;0.0
87;2021-07-04;34;393;0;213329;151358;0;57.5;40.8;0.0
87;2021-07-05;653;2474;0;213982;153832;0;57.7;41.5;0.0
87;2021-07-06;575;3236;0;214557;157068;0;57.9;42.4;0.0
87;2021-07-07;877;3326;0;215434;160394;0;58.1;43.3;0.0
87;2021-07-08;1062;3551;0;216496;163945;0;58.4;44.2;0.0
87;2021-07-09;1099;3716;0;217595;167661;0;58.7;45.2;0.0
87;2021-07-10;331;1476;0;217926;169137;0;58.8;45.6;0.0
87;2021-07-11;64;330;0;217990;169467;0;58.8;45.7;0.0
87;2021-07-12;583;3179;0;218573;172646;0;59.0;46.6;0.0
87;2021-07-13;892;3512;0;219465;176158;0;59.2;47.5;0.0
87;2021-07-14;513;583;0;219978;176741;0;59.3;47.7;0.0
87;2021-07-15;1363;3436;0;221341;180177;0;59.7;48.6;0.0
87;2021-07-16;1727;3599;0;223068;183776;0;60.2;49.6;0.0
87;2021-07-17;685;1458;0;223753;185234;0;60.3;50.0;0.0
87;2021-07-18;121;281;0;223874;185515;0;60.4;50.0;0.0
87;2021-07-19;1367;3316;0;225241;188831;0;60.7;50.9;0.0
87;2021-07-20;1765;3478;0;227006;192309;0;61.2;51.9;0.0
87;2021-07-21;1476;3042;0;228482;195351;0;61.6;52.7;0.0
87;2021-07-22;1897;3112;0;230379;198463;0;62.1;53.5;0.0
87;2021-07-23;1868;3065;0;232247;201528;0;62.6;54.4;0.0
87;2021-07-24;876;1319;0;233123;202847;0;62.9;54.7;0.0
87;2021-07-25;149;231;0;233272;203078;0;62.9;54.8;0.0
87;2021-07-26;1499;2290;0;234771;205368;0;63.3;55.4;0.0
87;2021-07-27;2465;1996;0;237236;207364;0;64.0;55.9;0.0
87;2021-07-28;2292;1932;0;239528;209296;0;64.6;56.4;0.0
87;2021-07-29;2825;1899;0;242353;211195;0;65.4;57.0;0.0
87;2021-07-30;2432;1894;0;244785;213089;0;66.0;57.5;0.0
87;2021-07-31;1200;913;0;245985;214002;0;66.3;57.7;0.0
87;2021-08-01;297;163;0;246282;214165;0;66.4;57.8;0.0
87;2021-08-02;2025;1497;0;248307;215662;0;67.0;58.2;0.0
87;2021-08-03;2348;1293;0;250655;216955;0;67.6;58.5;0.0
87;2021-08-04;2214;996;0;252869;217951;0;68.2;58.8;0.0
87;2021-08-05;2358;1355;0;255227;219306;0;68.8;59.1;0.0
87;2021-08-06;2039;1619;0;257266;220925;0;69.4;59.6;0.0
87;2021-08-07;1082;793;0;258348;221718;0;69.7;59.8;0.0
87;2021-08-08;213;128;0;258561;221846;0;69.7;59.8;0.0
87;2021-08-09;1722;1461;0;260283;223307;0;70.2;60.2;0.0
87;2021-08-10;2094;1492;0;262377;224799;0;70.8;60.6;0.0
87;2021-08-11;1806;1255;0;264183;226054;0;71.3;61.0;0.0
87;2021-08-12;1903;1425;0;266086;227479;0;71.8;61.4;0.0
87;2021-08-13;1566;1533;0;267652;229012;0;72.2;61.8;0.0
87;2021-08-14;674;704;0;268326;229716;0;72.4;62.0;0.0
87;2021-08-15;74;106;0;268400;229822;0;72.4;62.0;0.0
87;2021-08-16;1366;1681;0;269766;231503;0;72.8;62.4;0.0
87;2021-08-17;1284;1652;0;271050;233155;0;73.1;62.9;0.0
87;2021-08-18;1150;1928;0;272200;235083;0;73.4;63.4;0.0
87;2021-08-19;1104;1759;0;273304;236842;0;73.7;63.9;0.0
87;2021-08-20;870;2140;0;274174;238982;0;73.9;64.5;0.0
87;2021-08-21;351;972;0;274525;239954;0;74.0;64.7;0.0
87;2021-08-22;84;233;0;274609;240187;0;74.1;64.8;0.0
87;2021-08-23;699;2307;0;275308;242494;0;74.3;65.4;0.0
87;2021-08-24;733;2136;0;276041;244630;0;74.4;66.0;0.0
87;2021-08-25;678;2007;0;276719;246637;0;74.6;66.5;0.0
87;2021-08-26;803;2125;0;277522;248762;0;74.8;67.1;0.0
87;2021-08-27;737;2553;0;278259;251315;0;75.0;67.8;0.0
87;2021-08-28;323;1289;0;278582;252604;0;75.1;68.1;0.0
87;2021-08-29;64;263;0;278646;252867;0;75.2;68.2;0.0
87;2021-08-30;466;2115;15;279112;254982;15;75.3;68.8;0.0
87;2021-08-31;566;1832;28;279678;256814;43;75.4;69.3;0.0
87;2021-09-01;732;2260;123;280410;259074;166;75.6;69.9;0.0
87;2021-09-02;540;2004;200;280950;261078;366;75.8;70.4;0.1
87;2021-09-03;593;2006;337;281543;263084;703;75.9;71.0;0.2
87;2021-09-04;281;1134;61;281824;264218;764;76.0;71.3;0.2
87;2021-09-05;10;24;2;281834;264242;766;76.0;71.3;0.2
87;2021-09-06;371;1474;374;282205;265716;1140;76.1;71.7;0.3
87;2021-09-07;355;1150;286;282560;266866;1426;76.2;72.0;0.4
87;2021-09-08;430;1411;309;282990;268277;1735;76.3;72.4;0.5
87;2021-09-09;327;916;309;283317;269193;2044;76.4;72.6;0.6
87;2021-09-10;427;1301;330;283744;270494;2374;76.5;73.0;0.6
87;2021-09-11;283;882;70;284027;271376;2444;76.6;73.2;0.7
87;2021-09-12;7;18;2;284034;271394;2446;76.6;73.2;0.7
87;2021-09-13;308;721;372;284342;272115;2818;76.7;73.4;0.8
87;2021-09-14;287;606;412;284629;272721;3230;76.8;73.6;0.9
87;2021-09-15;336;930;339;284965;273651;3569;76.9;73.8;1.0
87;2021-09-16;318;747;374;285283;274398;3943;76.9;74.0;1.1
87;2021-09-17;371;830;429;285654;275228;4372;77.0;74.2;1.2
87;2021-09-18;261;688;123;285915;275916;4495;77.1;74.4;1.2
87;2021-09-19;9;23;7;285924;275939;4502;77.1;74.4;1.2
87;2021-09-20;184;440;246;286108;276379;4748;77.2;74.5;1.3
87;2021-09-21;274;487;307;286382;276866;5055;77.2;74.7;1.4
87;2021-09-22;219;723;416;286601;277589;5471;77.3;74.9;1.5
87;2021-09-23;206;506;394;286807;278095;5865;77.4;75.0;1.6
87;2021-09-24;258;686;557;287065;278781;6422;77.4;75.2;1.7
87;2021-09-25;149;474;156;287214;279255;6578;77.5;75.3;1.8
87;2021-09-26;5;11;4;287219;279266;6582;77.5;75.3;1.8
87;2021-09-27;186;382;246;287405;279648;6828;77.5;75.4;1.8
87;2021-09-28;178;296;346;287583;279944;7174;77.6;75.5;1.9
87;2021-09-29;142;388;347;287725;280332;7521;77.6;75.6;2.0
87;2021-09-30;121;257;389;287846;280589;7910;77.6;75.7;2.1
87;2021-10-01;216;478;353;288062;281067;8263;77.7;75.8;2.2
87;2021-10-02;146;348;136;288208;281415;8399;77.7;75.9;2.3
87;2021-10-03;5;6;2;288213;281421;8401;77.7;75.9;2.3
87;2021-10-04;148;275;449;288361;281696;8850;77.8;76.0;2.4
87;2021-10-05;108;209;480;288469;281905;9330;77.8;76.0;2.5
87;2021-10-06;185;384;589;288654;282289;9919;77.9;76.1;2.7
87;2021-10-07;114;249;409;288768;282538;10328;77.9;76.2;2.8
87;2021-10-08;223;461;679;288991;282999;11007;77.9;76.3;3.0
87;2021-10-09;148;324;243;289139;283323;11250;78.0;76.4;3.0
87;2021-10-10;3;8;3;289142;283331;11253;78.0;76.4;3.0
87;2021-10-11;126;260;310;289268;283591;11563;78.0;76.5;3.1
87;2021-10-12;101;218;575;289369;283809;12138;78.0;76.5;3.3
87;2021-10-13;151;201;494;289520;284010;12632;78.1;76.6;3.4
87;2021-10-14;116;236;503;289636;284246;13135;78.1;76.7;3.5
87;2021-10-15;176;313;601;289812;284559;13736;78.2;76.7;3.7
87;2021-10-16;134;253;294;289946;284812;14030;78.2;76.8;3.8
87;2021-10-17;6;10;0;289952;284822;14030;78.2;76.8;3.8
87;2021-10-18;115;190;526;290067;285012;14556;78.2;76.9;3.9
87;2021-10-19;121;179;603;290188;285191;15159;78.3;76.9;4.1
87;2021-10-20;123;165;623;290311;285356;15782;78.3;77.0;4.3
87;2021-10-21;92;243;620;290403;285599;16402;78.3;77.0;4.4
87;2021-10-22;162;267;606;290565;285866;17008;78.4;77.1;4.6
87;2021-10-23;88;144;242;290653;286010;17250;78.4;77.1;4.7
87;2021-10-24;5;8;1;290658;286018;17251;78.4;77.1;4.7
87;2021-10-25;112;172;546;290770;286190;17797;78.4;77.2;4.8
87;2021-10-26;54;74;571;290824;286264;18368;78.4;77.2;5.0
87;2021-10-27;111;177;740;290935;286441;19108;78.5;77.3;5.2
87;2021-10-28;94;116;585;291029;286557;19693;78.5;77.3;5.3
87;2021-10-29;144;195;688;291173;286752;20381;78.5;77.3;5.5
87;2021-10-30;70;125;263;291243;286877;20644;78.6;77.4;5.6
87;2021-10-31;4;5;5;291247;286882;20649;78.6;77.4;5.6
87;2021-11-01;6;3;5;291253;286885;20654;78.6;77.4;5.6
87;2021-11-02;101;128;663;291354;287013;21317;78.6;77.4;5.7
87;2021-11-03;86;186;644;291440;287199;21961;78.6;77.5;5.9
87;2021-11-04;79;109;654;291519;287308;22615;78.6;77.5;6.1
87;2021-11-05;129;187;840;291648;287495;23455;78.7;77.5;6.3
87;2021-11-06;94;106;313;291742;287601;23768;78.7;77.6;6.4
87;2021-11-07;2;9;0;291744;287610;23768;78.7;77.6;6.4
87;2021-11-08;95;113;798;291839;287723;24566;78.7;77.6;6.6
87;2021-11-09;86;125;1172;291925;287848;25738;78.7;77.6;6.9
87;2021-11-10;114;197;1103;292039;288045;26841;78.8;77.7;7.2
87;2021-11-11;4;5;18;292043;288050;26859;78.8;77.7;7.2
87;2021-11-12;89;157;1036;292132;288207;27895;78.8;77.7;7.5
87;2021-11-13;45;65;326;292177;288272;28221;78.8;77.7;7.6
87;2021-11-14;2;8;3;292179;288280;28224;78.8;77.8;7.6
87;2021-11-15;71;104;1073;292250;288384;29297;78.8;77.8;7.9
87;2021-11-16;85;107;1494;292335;288491;30791;78.8;77.8;8.3
87;2021-11-17;139;154;1307;292474;288645;32098;78.9;77.8;8.7
87;2021-11-18;135;124;1501;292609;288769;33599;78.9;77.9;9.1
87;2021-11-19;117;166;1661;292726;288935;35260;78.9;77.9;9.5
87;2021-11-20;80;116;614;292806;289051;35874;79.0;78.0;9.7
87;2021-11-21;10;7;54;292816;289058;35928;79.0;78.0;9.7
87;2021-11-22;93;88;1338;292909;289146;37266;79.0;78.0;10.1
87;2021-11-23;128;101;1999;293037;289247;39265;79.0;78.0;10.6
87;2021-11-24;159;116;1665;293196;289363;40930;79.1;78.0;11.0
87;2021-11-25;103;115;2181;293299;289478;43111;79.1;78.1;11.6
87;2021-11-26;127;138;2511;293426;289616;45622;79.1;78.1;12.3
87;2021-11-27;79;91;1256;293505;289707;46878;79.2;78.1;12.6
87;2021-11-28;5;6;62;293510;289713;46940;79.2;78.1;12.7
87;2021-11-29;72;100;2119;293582;289813;49059;79.2;78.2;13.2
87;2021-11-30;103;97;3000;293685;289910;52059;79.2;78.2;14.0
87;2021-12-01;63;124;2910;293748;290034;54969;79.2;78.2;14.8
87;2021-12-02;67;65;3582;293815;290099;58551;79.2;78.2;15.8
87;2021-12-03;92;120;3931;293907;290219;62482;79.3;78.3;16.9
87;2021-12-04;62;123;1317;293969;290342;63799;79.3;78.3;17.2
87;2021-12-05;0;9;221;293969;290351;64020;79.3;78.3;17.3
87;2021-12-06;44;86;2781;294013;290437;66801;79.3;78.3;18.0
87;2021-12-07;78;108;5525;294091;290545;72326;79.3;78.4;19.5
87;2021-12-08;94;111;4534;294185;290656;76860;79.3;78.4;20.7
87;2021-12-09;69;108;4317;294254;290764;81177;79.4;78.4;21.9
87;2021-12-10;96;131;5611;294350;290895;86788;79.4;78.5;23.4
87;2021-12-11;54;74;2457;294404;290969;89245;79.4;78.5;24.1
87;2021-12-12;7;15;331;294411;290984;89576;79.4;78.5;24.2
87;2021-12-13;82;103;4353;294493;291087;93929;79.4;78.5;25.3
87;2021-12-14;100;127;5894;294593;291214;99823;79.5;78.5;26.9
87;2021-12-15;99;172;5269;294692;291386;105092;79.5;78.6;28.3
87;2021-12-16;66;108;5342;294758;291494;110434;79.5;78.6;29.8
87;2021-12-17;122;168;6041;294880;291662;116475;79.5;78.7;31.4
87;2021-12-18;80;110;3118;294960;291772;119593;79.6;78.7;32.3
87;2021-12-19;12;14;378;294972;291786;119971;79.6;78.7;32.4
87;2021-12-20;89;105;4223;295061;291891;124194;79.6;78.7;33.5
87;2021-12-21;152;129;5581;295213;292020;129775;79.6;78.8;35.0
87;2021-12-22;107;80;3956;295320;292100;133731;79.6;78.8;36.1
87;2021-12-23;117;72;3011;295437;292172;136742;79.7;78.8;36.9
87;2021-12-24;39;30;721;295476;292202;137463;79.7;78.8;37.1
87;2021-12-25;4;6;43;295480;292208;137506;79.7;78.8;37.1
87;2021-12-26;9;11;209;295489;292219;137715;79.7;78.8;37.1
88;2020-12-27;0;0;0;0;0;0;0.0;0.0;0.0
88;2020-12-28;0;0;0;0;0;0;0.0;0.0;0.0
88;2020-12-29;0;0;0;0;0;0;0.0;0.0;0.0
88;2020-12-30;0;0;0;0;0;0;0.0;0.0;0.0
88;2020-12-31;0;0;0;0;0;0;0.0;0.0;0.0
88;2021-01-01;1;0;0;1;0;0;0.0;0.0;0.0
88;2021-01-02;0;0;0;1;0;0;0.0;0.0;0.0
88;2021-01-03;0;0;0;1;0;0;0.0;0.0;0.0
88;2021-01-04;1;0;0;2;0;0;0.0;0.0;0.0
88;2021-01-05;8;0;0;10;0;0;0.0;0.0;0.0
88;2021-01-06;19;0;0;29;0;0;0.0;0.0;0.0
88;2021-01-07;80;0;0;109;0;0;0.0;0.0;0.0
88;2021-01-08;170;2;0;279;2;0;0.1;0.0;0.0
88;2021-01-09;174;1;0;453;3;0;0.1;0.0;0.0
88;2021-01-10;2;0;0;455;3;0;0.1;0.0;0.0
88;2021-01-11;222;0;0;677;3;0;0.2;0.0;0.0
88;2021-01-12;419;0;0;1096;3;0;0.3;0.0;0.0
88;2021-01-13;485;3;0;1581;6;0;0.4;0.0;0.0
88;2021-01-14;367;4;0;1948;10;0;0.5;0.0;0.0
88;2021-01-15;372;3;0;2320;13;0;0.6;0.0;0.0
88;2021-01-16;61;0;0;2381;13;0;0.7;0.0;0.0
88;2021-01-17;0;0;0;2381;13;0;0.7;0.0;0.0
88;2021-01-18;458;0;0;2839;13;0;0.8;0.0;0.0
88;2021-01-19;462;1;0;3301;14;0;0.9;0.0;0.0
88;2021-01-20;474;1;0;3775;15;0;1.1;0.0;0.0
88;2021-01-21;1435;7;0;5210;22;0;1.4;0.0;0.0
88;2021-01-22;1117;3;0;6327;25;0;1.8;0.0;0.0
88;2021-01-23;280;0;0;6607;25;0;1.8;0.0;0.0
88;2021-01-24;267;2;0;6874;27;0;1.9;0.0;0.0
88;2021-01-25;865;3;0;7739;30;0;2.2;0.0;0.0
88;2021-01-26;359;9;0;8098;39;0;2.3;0.0;0.0
88;2021-01-27;19;5;0;8117;44;0;2.3;0.0;0.0
88;2021-01-28;154;36;0;8271;80;0;2.3;0.0;0.0
88;2021-01-29;509;136;0;8780;216;0;2.4;0.1;0.0
88;2021-01-30;286;118;0;9066;334;0;2.5;0.1;0.0
88;2021-01-31;1;1;0;9067;335;0;2.5;0.1;0.0
88;2021-02-01;411;273;0;9478;608;0;2.6;0.2;0.0
88;2021-02-02;325;348;0;9803;956;0;2.7;0.3;0.0
88;2021-02-03;434;245;0;10237;1201;0;2.8;0.3;0.0
88;2021-02-04;325;242;0;10562;1443;0;2.9;0.4;0.0
88;2021-02-05;461;282;0;11023;1725;0;3.1;0.5;0.0
88;2021-02-06;109;57;0;11132;1782;0;3.1;0.5;0.0
88;2021-02-07;0;4;0;11132;1786;0;3.1;0.5;0.0
88;2021-02-08;356;202;0;11488;1988;0;3.2;0.6;0.0
88;2021-02-09;294;283;0;11782;2271;0;3.3;0.6;0.0
88;2021-02-10;423;347;0;12205;2618;0;3.4;0.7;0.0
88;2021-02-11;811;1011;0;13016;3629;0;3.6;1.0;0.0
88;2021-02-12;912;677;0;13928;4306;0;3.9;1.2;0.0
88;2021-02-13;158;200;0;14086;4506;0;3.9;1.3;0.0
88;2021-02-14;76;193;0;14162;4699;0;3.9;1.3;0.0
88;2021-02-15;620;989;0;14782;5688;0;4.1;1.6;0.0
88;2021-02-16;470;689;0;15252;6377;0;4.2;1.8;0.0
88;2021-02-17;464;435;0;15716;6812;0;4.4;1.9;0.0
88;2021-02-18;519;366;0;16235;7178;0;4.5;2.0;0.0
88;2021-02-19;560;421;0;16795;7599;0;4.7;2.1;0.0
88;2021-02-20;163;104;0;16958;7703;0;4.7;2.1;0.0
88;2021-02-21;0;24;0;16958;7727;0;4.7;2.1;0.0
88;2021-02-22;418;337;0;17376;8064;0;4.8;2.2;0.0
88;2021-02-23;407;237;0;17783;8301;0;4.9;2.3;0.0
88;2021-02-24;543;229;0;18326;8530;0;5.1;2.4;0.0
88;2021-02-25;682;296;0;19008;8826;0;5.3;2.5;0.0
88;2021-02-26;880;293;0;19888;9119;0;5.5;2.5;0.0
88;2021-02-27;265;34;0;20153;9153;0;5.6;2.5;0.0
88;2021-02-28;28;0;0;20181;9153;0;5.6;2.5;0.0
88;2021-03-01;361;453;0;20542;9606;0;5.7;2.7;0.0
88;2021-03-02;438;472;0;20980;10078;0;5.8;2.8;0.0
88;2021-03-03;666;455;0;21646;10533;0;6.0;2.9;0.0
88;2021-03-04;1037;731;0;22683;11264;0;6.3;3.1;0.0
88;2021-03-05;921;690;0;23604;11954;0;6.6;3.3;0.0
88;2021-03-06;1789;123;0;25393;12077;0;7.1;3.4;0.0
88;2021-03-07;1034;81;0;26427;12158;0;7.4;3.4;0.0
88;2021-03-08;721;668;0;27148;12826;0;7.6;3.6;0.0
88;2021-03-09;1102;512;0;28250;13338;0;7.9;3.7;0.0
88;2021-03-10;1064;495;0;29314;13833;0;8.2;3.8;0.0
88;2021-03-11;1413;400;0;30727;14233;0;8.5;4.0;0.0
88;2021-03-12;1289;493;0;32016;14726;0;8.9;4.1;0.0
88;2021-03-13;1244;130;0;33260;14856;0;9.3;4.1;0.0
88;2021-03-14;168;5;0;33428;14861;0;9.3;4.1;0.0
88;2021-03-15;903;436;0;34331;15297;0;9.5;4.3;0.0
88;2021-03-16;967;339;0;35298;15636;0;9.8;4.3;0.0
88;2021-03-17;832;415;0;36130;16051;0;10.0;4.5;0.0
88;2021-03-18;1249;397;0;37379;16448;0;10.4;4.6;0.0
88;2021-03-19;1372;506;0;38751;16954;0;10.8;4.7;0.0
88;2021-03-20;1267;62;0;40018;17016;0;11.1;4.7;0.0
88;2021-03-21;37;0;0;40055;17016;0;11.1;4.7;0.0
88;2021-03-22;1127;531;0;41182;17547;0;11.5;4.9;0.0
88;2021-03-23;1614;436;0;42796;17983;0;11.9;5.0;0.0
88;2021-03-24;1738;477;0;44534;18460;0;12.4;5.1;0.0
88;2021-03-25;2350;483;0;46884;18943;0;13.0;5.3;0.0
88;2021-03-26;2316;451;0;49200;19394;0;13.7;5.4;0.0
88;2021-03-27;879;306;0;50079;19700;0;13.9;5.5;0.0
88;2021-03-28;64;5;0;50143;19705;0;13.9;5.5;0.0
88;2021-03-29;1210;442;0;51353;20147;0;14.3;5.6;0.0
88;2021-03-30;1961;399;0;53314;20546;0;14.8;5.7;0.0
88;2021-03-31;1530;577;0;54844;21123;0;15.3;5.9;0.0
88;2021-04-01;2053;696;0;56897;21819;0;15.8;6.1;0.0
88;2021-04-02;2560;625;0;59457;22444;0;16.5;6.2;0.0
88;2021-04-03;663;211;0;60120;22655;0;16.7;6.3;0.0
88;2021-04-04;22;10;0;60142;22665;0;16.7;6.3;0.0
88;2021-04-05;27;7;0;60169;22672;0;16.7;6.3;0.0
88;2021-04-06;1077;681;0;61246;23353;0;17.0;6.5;0.0
88;2021-04-07;1473;694;0;62719;24047;0;17.4;6.7;0.0
88;2021-04-08;1737;777;0;64456;24824;0;17.9;6.9;0.0
88;2021-04-09;2843;763;0;67299;25587;0;18.7;7.1;0.0
88;2021-04-10;733;640;0;68032;26227;0;18.9;7.3;0.0
88;2021-04-11;36;10;0;68068;26237;0;18.9;7.3;0.0
88;2021-04-12;1437;909;0;69505;27146;0;19.3;7.6;0.0
88;2021-04-13;1975;1037;0;71480;28183;0;19.9;7.8;0.0
88;2021-04-14;1852;870;0;73332;29053;0;20.4;8.1;0.0
88;2021-04-15;1864;1195;0;75196;30248;0;20.9;8.4;0.0
88;2021-04-16;2021;973;0;77217;31221;0;21.5;8.7;0.0
88;2021-04-17;1251;706;0;78468;31927;0;21.8;8.9;0.0
88;2021-04-18;228;23;0;78696;31950;0;21.9;8.9;0.0
88;2021-04-19;1131;1073;0;79827;33023;0;22.2;9.2;0.0
88;2021-04-20;1145;1257;0;80972;34280;0;22.5;9.5;0.0
88;2021-04-21;1450;1216;0;82422;35496;0;22.9;9.9;0.0
88;2021-04-22;1876;1539;0;84298;37035;0;23.4;10.3;0.0
88;2021-04-23;1795;1908;0;86093;38943;0;23.9;10.8;0.0
88;2021-04-24;1039;749;0;87132;39692;0;24.2;11.0;0.0
88;2021-04-25;40;3;0;87172;39695;0;24.2;11.0;0.0
88;2021-04-26;1106;1043;0;88278;40738;0;24.6;11.3;0.0
88;2021-04-27;1228;1621;0;89506;42359;0;24.9;11.8;0.0
88;2021-04-28;1526;1363;0;91032;43722;0;25.3;12.2;0.0
88;2021-04-29;1873;1371;0;92905;45093;0;25.8;12.5;0.0
88;2021-04-30;2240;1455;1;95145;46548;1;26.5;12.9;0.0
88;2021-05-01;1905;288;0;97050;46836;1;27.0;13.0;0.0
88;2021-05-02;1180;121;0;98230;46957;1;27.3;13.1;0.0
88;2021-05-03;1465;1097;0;99695;48054;1;27.7;13.4;0.0
88;2021-05-04;1394;1367;0;101089;49421;1;28.1;13.7;0.0
88;2021-05-05;2268;1478;0;103357;50899;1;28.7;14.2;0.0
88;2021-05-06;2955;1173;0;106312;52072;1;29.6;14.5;0.0
88;2021-05-07;2617;1225;0;108929;53297;1;30.3;14.8;0.0
88;2021-05-08;1455;464;0;110384;53761;1;30.7;15.0;0.0
88;2021-05-09;1461;146;0;111845;53907;1;31.1;15.0;0.0
88;2021-05-10;1632;1482;0;113477;55389;1;31.6;15.4;0.0
88;2021-05-11;2408;1819;0;115885;57208;1;32.2;15.9;0.0
88;2021-05-12;2335;1737;0;118220;58945;1;32.9;16.4;0.0
88;2021-05-13;2715;640;0;120935;59585;1;33.6;16.6;0.0
88;2021-05-14;2220;1381;0;123155;60966;1;34.3;17.0;0.0
88;2021-05-15;1631;741;0;124786;61707;1;34.7;17.2;0.0
88;2021-05-16;1132;95;0;125918;61802;1;35.0;17.2;0.0
88;2021-05-17;1751;911;0;127669;62713;1;35.5;17.4;0.0
88;2021-05-18;1979;1059;0;129648;63772;1;36.1;17.7;0.0
88;2021-05-19;2334;1068;0;131982;64840;1;36.7;18.0;0.0
88;2021-05-20;2818;1187;0;134800;66027;1;37.5;18.4;0.0
88;2021-05-21;2447;1102;0;137247;67129;1;38.2;18.7;0.0
88;2021-05-22;1470;712;0;138717;67841;1;38.6;18.9;0.0
88;2021-05-23;536;73;0;139253;67914;1;38.7;18.9;0.0
88;2021-05-24;1257;388;0;140510;68302;1;39.1;19.0;0.0
88;2021-05-25;1446;1095;0;141956;69397;1;39.5;19.3;0.0
88;2021-05-26;2062;1070;0;144018;70467;1;40.1;19.6;0.0
88;2021-05-27;1795;1268;0;145813;71735;1;40.6;20.0;0.0
88;2021-05-28;1683;1859;0;147496;73594;1;41.0;20.5;0.0
88;2021-05-29;1243;1693;0;148739;75287;1;41.4;20.9;0.0
88;2021-05-30;548;406;0;149287;75693;1;41.5;21.1;0.0
88;2021-05-31;1141;1727;0;150428;77420;1;41.8;21.5;0.0
88;2021-06-01;1583;1880;0;152011;79300;1;42.3;22.1;0.0
88;2021-06-02;1846;1766;0;153857;81066;1;42.8;22.5;0.0
88;2021-06-03;2505;1592;0;156362;82658;1;43.5;23.0;0.0
88;2021-06-04;1863;1841;0;158225;84499;1;44.0;23.5;0.0
88;2021-06-05;1430;1106;0;159655;85605;1;44.4;23.8;0.0
88;2021-06-06;670;151;0;160325;85756;1;44.6;23.9;0.0
88;2021-06-07;1237;1600;0;161562;87356;1;44.9;24.3;0.0
88;2021-06-08;1619;1788;0;163181;89144;1;45.4;24.8;0.0
88;2021-06-09;1591;1806;0;164772;90950;1;45.8;25.3;0.0
88;2021-06-10;1746;1914;0;166518;92864;1;46.3;25.8;0.0
88;2021-06-11;1550;2102;0;168068;94966;1;46.7;26.4;0.0
88;2021-06-12;754;1629;0;168822;96595;1;47.0;26.9;0.0
88;2021-06-13;452;356;0;169274;96951;1;47.1;27.0;0.0
88;2021-06-14;954;2062;0;170228;99013;1;47.3;27.5;0.0
88;2021-06-15;1801;2340;0;172029;101353;1;47.8;28.2;0.0
88;2021-06-16;1408;2714;0;173437;104067;1;48.2;28.9;0.0
88;2021-06-17;1560;2551;0;174997;106618;1;48.7;29.7;0.0
88;2021-06-18;1358;2303;0;176355;108921;1;49.1;30.3;0.0
88;2021-06-19;627;1077;0;176982;109998;1;49.2;30.6;0.0
88;2021-06-20;78;82;0;177060;110080;1;49.2;30.6;0.0
88;2021-06-21;643;2286;0;177703;112366;1;49.4;31.3;0.0
88;2021-06-22;881;3181;0;178584;115547;1;49.7;32.1;0.0
88;2021-06-23;1094;2649;0;179678;118196;1;50.0;32.9;0.0
88;2021-06-24;712;2471;0;180390;120667;1;50.2;33.6;0.0
88;2021-06-25;1358;2921;0;181748;123588;1;50.6;34.4;0.0
88;2021-06-26;802;2030;0;182550;125618;1;50.8;34.9;0.0
88;2021-06-27;520;622;0;183070;126240;1;50.9;35.1;0.0
88;2021-06-28;701;2219;0;183771;128459;1;51.1;35.7;0.0
88;2021-06-29;829;3056;0;184600;131515;1;51.3;36.6;0.0
88;2021-06-30;1029;2847;0;185629;134362;1;51.6;37.4;0.0
88;2021-07-01;1056;2553;0;186685;136915;1;51.9;38.1;0.0
88;2021-07-02;1025;2897;0;187710;139812;1;52.2;38.9;0.0
88;2021-07-03;654;1700;0;188364;141512;1;52.4;39.4;0.0
88;2021-07-04;250;771;0;188614;142283;1;52.5;39.6;0.0
88;2021-07-05;945;1792;0;189559;144075;1;52.7;40.1;0.0
88;2021-07-06;1012;2179;0;190571;146254;1;53.0;40.7;0.0
88;2021-07-07;1143;2412;0;191714;148666;1;53.3;41.4;0.0
88;2021-07-08;1005;1964;0;192719;150630;1;53.6;41.9;0.0
88;2021-07-09;1536;2467;0;194255;153097;1;54.0;42.6;0.0
88;2021-07-10;729;1819;0;194984;154916;1;54.2;43.1;0.0
88;2021-07-11;444;656;0;195428;155572;1;54.4;43.3;0.0
88;2021-07-12;991;2292;0;196419;157864;1;54.6;43.9;0.0
88;2021-07-13;1289;2454;0;197708;160318;1;55.0;44.6;0.0
88;2021-07-14;1116;720;0;198824;161038;1;55.3;44.8;0.0
88;2021-07-15;1712;3132;0;200536;164170;1;55.8;45.7;0.0
88;2021-07-16;1533;2861;0;202069;167031;1;56.2;46.5;0.0
88;2021-07-17;961;1691;0;203030;168722;1;56.5;46.9;0.0
88;2021-07-18;320;727;0;203350;169449;1;56.6;47.1;0.0
88;2021-07-19;1500;2044;0;204850;171493;1;57.0;47.7;0.0
88;2021-07-20;2083;2308;0;206933;173801;1;57.6;48.3;0.0
88;2021-07-21;1959;2195;0;208892;175996;1;58.1;49.0;0.0
88;2021-07-22;1872;2195;0;210764;178191;1;58.6;49.6;0.0
88;2021-07-23;2517;2785;0;213281;180976;1;59.3;50.3;0.0
88;2021-07-24;1263;1321;0;214544;182297;1;59.7;50.7;0.0
88;2021-07-25;445;591;0;214989;182888;1;59.8;50.9;0.0
88;2021-07-26;1653;1896;0;216642;184784;1;60.3;51.4;0.0
88;2021-07-27;2361;1972;0;219003;186756;1;60.9;51.9;0.0
88;2021-07-28;2316;1906;0;221319;188662;1;61.6;52.5;0.0
88;2021-07-29;2993;1598;0;224312;190260;1;62.4;52.9;0.0
88;2021-07-30;2340;2246;0;226652;192506;1;63.0;53.5;0.0
88;2021-07-31;1307;1112;0;227959;193618;1;63.4;53.9;0.0
88;2021-08-01;452;448;0;228411;194066;1;63.5;54.0;0.0
88;2021-08-02;2248;1620;0;230659;195686;1;64.2;54.4;0.0
88;2021-08-03;2762;1512;0;233421;197198;1;64.9;54.9;0.0
88;2021-08-04;2450;1541;0;235871;198739;1;65.6;55.3;0.0
88;2021-08-05;2028;1375;0;237899;200114;1;66.2;55.7;0.0
88;2021-08-06;2847;1931;0;240746;202045;1;67.0;56.2;0.0
88;2021-08-07;1232;992;0;241978;203037;1;67.3;56.5;0.0
88;2021-08-08;715;315;0;242693;203352;1;67.5;56.6;0.0
88;2021-08-09;1424;1562;0;244117;204914;1;67.9;57.0;0.0
88;2021-08-10;1826;1963;0;245943;206877;1;68.4;57.5;0.0
88;2021-08-11;1759;1679;0;247702;208556;1;68.9;58.0;0.0
88;2021-08-12;1582;1375;0;249284;209931;1;69.3;58.4;0.0
88;2021-08-13;1839;2079;0;251123;212010;1;69.8;59.0;0.0
88;2021-08-14;591;999;0;251714;213009;1;70.0;59.2;0.0
88;2021-08-15;280;485;0;251994;213494;1;70.1;59.4;0.0
88;2021-08-16;1041;1857;0;253035;215351;1;70.4;59.9;0.0
88;2021-08-17;1206;1976;0;254241;217327;1;70.7;60.4;0.0
88;2021-08-18;1179;1915;0;255420;219242;1;71.0;61.0;0.0
88;2021-08-19;998;1600;0;256418;220842;1;71.3;61.4;0.0
88;2021-08-20;1023;2278;0;257441;223120;1;71.6;62.1;0.0
88;2021-08-21;439;1292;0;257880;224412;1;71.7;62.4;0.0
88;2021-08-22;91;471;0;257971;224883;1;71.8;62.6;0.0
88;2021-08-23;695;1562;0;258666;226445;1;71.9;63.0;0.0
88;2021-08-24;871;1899;0;259537;228344;1;72.2;63.5;0.0
88;2021-08-25;856;2411;0;260393;230755;1;72.4;64.2;0.0
88;2021-08-26;834;2035;0;261227;232790;1;72.7;64.8;0.0
88;2021-08-27;801;2634;0;262028;235424;1;72.9;65.5;0.0
88;2021-08-28;494;1452;0;262522;236876;1;73.0;65.9;0.0
88;2021-08-29;128;657;0;262650;237533;1;73.1;66.1;0.0
88;2021-08-30;665;2219;38;263315;239752;39;73.2;66.7;0.0
88;2021-08-31;781;2335;46;264096;242087;85;73.5;67.3;0.0
88;2021-09-01;667;1915;86;264763;244002;171;73.6;67.9;0.0
88;2021-09-02;646;1556;130;265409;245558;301;73.8;68.3;0.1
88;2021-09-03;726;2057;158;266135;247615;459;74.0;68.9;0.1
88;2021-09-04;465;1127;56;266600;248742;515;74.2;69.2;0.1
88;2021-09-05;182;366;53;266782;249108;568;74.2;69.3;0.2
88;2021-09-06;467;1085;148;267249;250193;716;74.3;69.6;0.2
88;2021-09-07;542;1153;188;267791;251346;904;74.5;69.9;0.3
88;2021-09-08;451;1245;149;268242;252591;1053;74.6;70.3;0.3
88;2021-09-09;530;783;293;268772;253374;1346;74.8;70.5;0.4
88;2021-09-10;593;1286;227;269365;254660;1573;74.9;70.8;0.4
88;2021-09-11;351;811;72;269716;255471;1645;75.0;71.1;0.5
88;2021-09-12;62;122;18;269778;255593;1663;75.0;71.1;0.5
88;2021-09-13;401;632;334;270179;256225;1997;75.1;71.3;0.6
88;2021-09-14;536;706;572;270715;256931;2569;75.3;71.5;0.7
88;2021-09-15;425;931;417;271140;257862;2986;75.4;71.7;0.8
88;2021-09-16;264;527;338;271404;258389;3324;75.5;71.9;0.9
88;2021-09-17;411;967;426;271815;259356;3750;75.6;72.1;1.0
88;2021-09-18;234;719;151;272049;260075;3901;75.7;72.3;1.1
88;2021-09-19;45;157;10;272094;260232;3911;75.7;72.4;1.1
88;2021-09-20;224;536;368;272318;260768;4279;75.7;72.5;1.2
88;2021-09-21;214;569;351;272532;261337;4630;75.8;72.7;1.3
88;2021-09-22;187;744;456;272719;262081;5086;75.9;72.9;1.4
88;2021-09-23;277;610;331;272996;262691;5417;75.9;73.1;1.5
88;2021-09-24;268;797;474;273264;263488;5891;76.0;73.3;1.6
88;2021-09-25;130;596;179;273394;264084;6070;76.0;73.5;1.7
88;2021-09-26;16;150;22;273410;264234;6092;76.0;73.5;1.7
88;2021-09-27;153;431;428;273563;264665;6520;76.1;73.6;1.8
88;2021-09-28;177;500;475;273740;265165;6995;76.1;73.8;1.9
88;2021-09-29;163;484;368;273903;265649;7363;76.2;73.9;2.0
88;2021-09-30;136;455;254;274039;266104;7617;76.2;74.0;2.1
88;2021-10-01;245;655;355;274284;266759;7972;76.3;74.2;2.2
88;2021-10-02;151;366;102;274435;267125;8074;76.3;74.3;2.2
88;2021-10-03;24;72;20;274459;267197;8094;76.3;74.3;2.3
88;2021-10-04;149;435;387;274608;267632;8481;76.4;74.4;2.4
88;2021-10-05;178;550;477;274786;268182;8958;76.4;74.6;2.5
88;2021-10-06;182;391;402;274968;268573;9360;76.5;74.7;2.6
88;2021-10-07;75;223;173;275043;268796;9533;76.5;74.8;2.7
88;2021-10-08;268;610;521;275311;269406;10054;76.6;74.9;2.8
88;2021-10-09;131;260;137;275442;269666;10191;76.6;75.0;2.8
88;2021-10-10;23;43;12;275465;269709;10203;76.6;75.0;2.8
88;2021-10-11;107;229;447;275572;269938;10650;76.6;75.1;3.0
88;2021-10-12;146;267;717;275718;270205;11367;76.7;75.2;3.2
88;2021-10-13;146;238;537;275864;270443;11904;76.7;75.2;3.3
88;2021-10-14;84;200;281;275948;270643;12185;76.8;75.3;3.4
88;2021-10-15;193;377;586;276141;271020;12771;76.8;75.4;3.6
88;2021-10-16;132;139;156;276273;271159;12927;76.8;75.4;3.6
88;2021-10-17;1;13;0;276274;271172;12927;76.8;75.4;3.6
88;2021-10-18;166;224;637;276440;271396;13564;76.9;75.5;3.8
88;2021-10-19;142;156;478;276582;271552;14042;76.9;75.5;3.9
88;2021-10-20;156;190;449;276738;271742;14491;77.0;75.6;4.0
88;2021-10-21;97;124;299;276835;271866;14790;77.0;75.6;4.1
88;2021-10-22;168;255;762;277003;272121;15552;77.0;75.7;4.3
88;2021-10-23;92;139;191;277095;272260;15743;77.1;75.7;4.4
88;2021-10-24;2;1;8;277097;272261;15751;77.1;75.7;4.4
88;2021-10-25;170;178;731;277267;272439;16482;77.1;75.8;4.6
88;2021-10-26;174;185;889;277441;272624;17371;77.2;75.8;4.8
88;2021-10-27;113;152;663;277554;272776;18034;77.2;75.9;5.0
88;2021-10-28;57;82;218;277611;272858;18252;77.2;75.9;5.1
88;2021-10-29;166;209;801;277777;273067;19053;77.3;76.0;5.3
88;2021-10-30;71;169;308;277848;273236;19361;77.3;76.0;5.4
88;2021-10-31;2;6;0;277850;273242;19361;77.3;76.0;5.4
88;2021-11-01;9;18;12;277859;273260;19373;77.3;76.0;5.4
88;2021-11-02;133;188;782;277992;273448;20155;77.3;76.1;5.6
88;2021-11-03;111;168;830;278103;273616;20985;77.4;76.1;5.8
88;2021-11-04;63;103;429;278166;273719;21414;77.4;76.1;6.0
88;2021-11-05;141;232;988;278307;273951;22402;77.4;76.2;6.2
88;2021-11-06;103;147;327;278410;274098;22729;77.4;76.2;6.3
88;2021-11-07;7;7;17;278417;274105;22746;77.4;76.2;6.3
88;2021-11-08;116;161;1013;278533;274266;23759;77.5;76.3;6.6
88;2021-11-09;95;182;1318;278628;274448;25077;77.5;76.3;7.0
88;2021-11-10;157;181;1270;278785;274629;26347;77.5;76.4;7.3
88;2021-11-11;1;7;11;278786;274636;26358;77.5;76.4;7.3
88;2021-11-12;140;155;1294;278926;274791;27652;77.6;76.4;7.7
88;2021-11-13;75;137;442;279001;274928;28094;77.6;76.5;7.8
88;2021-11-14;1;2;4;279002;274930;28098;77.6;76.5;7.8
88;2021-11-15;113;177;1226;279115;275107;29324;77.6;76.5;8.2
88;2021-11-16;140;144;1466;279255;275251;30790;77.7;76.6;8.6
88;2021-11-17;118;180;1068;279373;275431;31858;77.7;76.6;8.9
88;2021-11-18;78;84;828;279451;275515;32686;77.7;76.6;9.1
88;2021-11-19;165;212;1739;279616;275727;34425;77.8;76.7;9.6
88;2021-11-20;105;105;570;279721;275832;34995;77.8;76.7;9.7
88;2021-11-21;12;15;30;279733;275847;35025;77.8;76.7;9.7
88;2021-11-22;86;56;1232;279819;275903;36257;77.8;76.7;10.1
88;2021-11-23;141;143;1990;279960;276046;38247;77.9;76.8;10.6
88;2021-11-24;137;123;1363;280097;276169;39610;77.9;76.8;11.0
88;2021-11-25;87;73;1106;280184;276242;40716;77.9;76.8;11.3
88;2021-11-26;186;182;2243;280370;276424;42959;78.0;76.9;11.9
88;2021-11-27;137;150;1330;280507;276574;44289;78.0;76.9;12.3
88;2021-11-28;0;5;45;280507;276579;44334;78.0;76.9;12.3
88;2021-11-29;134;110;2545;280641;276689;46879;78.1;77.0;13.0
88;2021-11-30;97;105;2509;280738;276794;49388;78.1;77.0;13.7
88;2021-12-01;109;125;3425;280847;276919;52813;78.1;77.0;14.7
88;2021-12-02;121;52;3539;280968;276971;56352;78.2;77.0;15.7
88;2021-12-03;117;153;3775;281085;277124;60127;78.2;77.1;16.7
88;2021-12-04;95;106;2453;281180;277230;62580;78.2;77.1;17.4
88;2021-12-05;9;19;261;281189;277249;62841;78.2;77.1;17.5
88;2021-12-06;87;102;3173;281276;277351;66014;78.2;77.1;18.4
88;2021-12-07;113;129;4254;281389;277480;70268;78.3;77.2;19.5
88;2021-12-08;117;137;3688;281506;277617;73956;78.3;77.2;20.6
88;2021-12-09;109;104;3576;281615;277721;77532;78.3;77.2;21.6
88;2021-12-10;105;165;4479;281720;277886;82011;78.4;77.3;22.8
88;2021-12-11;116;140;2853;281836;278026;84864;78.4;77.3;23.6
88;2021-12-12;18;13;585;281854;278039;85449;78.4;77.3;23.8
88;2021-12-13;103;87;3606;281957;278126;89055;78.4;77.4;24.8
88;2021-12-14;156;171;5104;282113;278297;94159;78.5;77.4;26.2
88;2021-12-15;163;135;3947;282276;278432;98106;78.5;77.4;27.3
88;2021-12-16;148;116;4732;282424;278548;102838;78.6;77.5;28.6
88;2021-12-17;126;170;4484;282550;278718;107322;78.6;77.5;29.9
88;2021-12-18;120;147;2702;282670;278865;110024;78.6;77.6;30.6
88;2021-12-19;13;10;425;282683;278875;110449;78.6;77.6;30.7
88;2021-12-20;131;142;3263;282814;279017;113712;78.7;77.6;31.6
88;2021-12-21;164;150;3970;282978;279167;117682;78.7;77.6;32.7
88;2021-12-22;157;133;3581;283135;279300;121263;78.8;77.7;33.7
88;2021-12-23;103;87;2387;283238;279387;123650;78.8;77.7;34.4
88;2021-12-24;18;19;232;283256;279406;123882;78.8;77.7;34.5
88;2021-12-25;1;1;26;283257;279407;123908;78.8;77.7;34.5
88;2021-12-26;12;4;342;283269;279411;124250;78.8;77.7;34.6
89;2020-12-27;0;0;0;0;0;0;0.0;0.0;0.0
89;2020-12-28;0;0;0;0;0;0;0.0;0.0;0.0
89;2020-12-29;0;0;0;0;0;0;0.0;0.0;0.0
89;2020-12-30;0;0;0;0;0;0;0.0;0.0;0.0
89;2020-12-31;0;0;0;0;0;0;0.0;0.0;0.0
89;2021-01-01;0;0;0;0;0;0;0.0;0.0;0.0
89;2021-01-02;0;0;0;0;0;0;0.0;0.0;0.0
89;2021-01-03;0;0;0;0;0;0;0.0;0.0;0.0
89;2021-01-04;0;0;0;0;0;0;0.0;0.0;0.0
89;2021-01-05;3;0;0;3;0;0;0.0;0.0;0.0
89;2021-01-06;46;0;0;49;0;0;0.0;0.0;0.0
89;2021-01-07;194;0;0;243;0;0;0.1;0.0;0.0
89;2021-01-08;55;0;0;298;0;0;0.1;0.0;0.0
89;2021-01-09;4;0;0;302;0;0;0.1;0.0;0.0
89;2021-01-10;0;0;0;302;0;0;0.1;0.0;0.0
89;2021-01-11;221;0;0;523;0;0;0.2;0.0;0.0
89;2021-01-12;327;1;0;850;1;0;0.3;0.0;0.0
89;2021-01-13;501;3;0;1351;4;0;0.4;0.0;0.0
89;2021-01-14;637;7;0;1988;11;0;0.6;0.0;0.0
89;2021-01-15;287;3;0;2275;14;0;0.7;0.0;0.0
89;2021-01-16;90;4;0;2365;18;0;0.7;0.0;0.0
89;2021-01-17;0;0;0;2365;18;0;0.7;0.0;0.0
89;2021-01-18;494;1;0;2859;19;0;0.9;0.0;0.0
89;2021-01-19;775;4;0;3634;23;0;1.1;0.0;0.0
89;2021-01-20;762;0;0;4396;23;0;1.3;0.0;0.0
89;2021-01-21;879;1;0;5275;24;0;1.6;0.0;0.0
89;2021-01-22;960;1;0;6235;25;0;1.9;0.0;0.0
89;2021-01-23;154;0;0;6389;25;0;1.9;0.0;0.0
89;2021-01-24;93;1;0;6482;26;0;2.0;0.0;0.0
89;2021-01-25;479;3;0;6961;29;0;2.1;0.0;0.0
89;2021-01-26;584;15;0;7545;44;0;2.3;0.0;0.0
89;2021-01-27;489;34;0;8034;78;0;2.4;0.0;0.0
89;2021-01-28;551;118;0;8585;196;0;2.6;0.1;0.0
89;2021-01-29;849;41;0;9434;237;0;2.8;0.1;0.0
89;2021-01-30;165;64;0;9599;301;0;2.9;0.1;0.0
89;2021-01-31;23;2;0;9622;303;0;2.9;0.1;0.0
89;2021-02-01;257;153;0;9879;456;0;3.0;0.1;0.0
89;2021-02-02;283;322;0;10162;778;0;3.1;0.2;0.0
89;2021-02-03;293;325;0;10455;1103;0;3.1;0.3;0.0
89;2021-02-04;421;540;0;10876;1643;0;3.3;0.5;0.0
89;2021-02-05;364;193;0;11240;1836;0;3.4;0.6;0.0
89;2021-02-06;78;65;0;11318;1901;0;3.4;0.6;0.0
89;2021-02-07;1;1;0;11319;1902;0;3.4;0.6;0.0
89;2021-02-08;271;186;0;11590;2088;0;3.5;0.6;0.0
89;2021-02-09;294;441;0;11884;2529;0;3.6;0.8;0.0
89;2021-02-10;389;303;0;12273;2832;0;3.7;0.9;0.0
89;2021-02-11;330;553;0;12603;3385;0;3.8;1.0;0.0
89;2021-02-12;437;564;0;13040;3949;0;3.9;1.2;0.0
89;2021-02-13;50;125;0;13090;4074;0;3.9;1.2;0.0
89;2021-02-14;20;104;0;13110;4178;0;3.9;1.3;0.0
89;2021-02-15;211;407;0;13321;4585;0;4.0;1.4;0.0
89;2021-02-16;136;559;0;13457;5144;0;4.1;1.5;0.0
89;2021-02-17;271;431;0;13728;5575;0;4.1;1.7;0.0
89;2021-02-18;234;538;0;13962;6113;0;4.2;1.8;0.0
89;2021-02-19;235;609;0;14197;6722;0;4.3;2.0;0.0
89;2021-02-20;35;120;0;14232;6842;0;4.3;2.1;0.0
89;2021-02-21;1;9;0;14233;6851;0;4.3;2.1;0.0
89;2021-02-22;221;443;0;14454;7294;0;4.4;2.2;0.0
89;2021-02-23;179;491;0;14633;7785;0;4.4;2.3;0.0
89;2021-02-24;327;403;0;14960;8188;0;4.5;2.5;0.0
89;2021-02-25;385;461;0;15345;8649;0;4.6;2.6;0.0
89;2021-02-26;375;320;0;15720;8969;0;4.7;2.7;0.0
89;2021-02-27;143;89;0;15863;9058;0;4.8;2.7;0.0
89;2021-02-28;2;13;0;15865;9071;0;4.8;2.7;0.0
89;2021-03-01;518;249;0;16383;9320;0;4.9;2.8;0.0
89;2021-03-02;733;363;0;17116;9683;0;5.2;2.9;0.0
89;2021-03-03;640;272;0;17756;9955;0;5.3;3.0;0.0
89;2021-03-04;673;382;0;18429;10337;0;5.5;3.1;0.0
89;2021-03-05;755;486;0;19184;10823;0;5.8;3.3;0.0
89;2021-03-06;552;137;0;19736;10960;0;5.9;3.3;0.0
89;2021-03-07;308;47;0;20044;11007;0;6.0;3.3;0.0
89;2021-03-08;569;315;0;20613;11322;0;6.2;3.4;0.0
89;2021-03-09;1011;288;0;21624;11610;0;6.5;3.5;0.0
89;2021-03-10;1026;256;0;22650;11866;0;6.8;3.6;0.0
89;2021-03-11;1090;307;0;23740;12173;0;7.1;3.7;0.0
89;2021-03-12;1279;334;0;25019;12507;0;7.5;3.8;0.0
89;2021-03-13;635;48;0;25654;12555;0;7.7;3.8;0.0
89;2021-03-14;12;1;0;25666;12556;0;7.7;3.8;0.0
89;2021-03-15;839;304;0;26505;12860;0;8.0;3.9;0.0
89;2021-03-16;932;214;0;27437;13074;0;8.3;3.9;0.0
89;2021-03-17;923;208;0;28360;13282;0;8.5;4.0;0.0
89;2021-03-18;894;220;0;29254;13502;0;8.8;4.1;0.0
89;2021-03-19;1122;194;0;30376;13696;0;9.1;4.1;0.0
89;2021-03-20;827;28;0;31203;13724;0;9.4;4.1;0.0
89;2021-03-21;193;11;0;31396;13735;0;9.5;4.1;0.0
89;2021-03-22;1051;223;0;32447;13958;0;9.8;4.2;0.0
89;2021-03-23;1700;230;0;34147;14188;0;10.3;4.3;0.0
89;2021-03-24;1937;324;0;36084;14512;0;10.9;4.4;0.0
89;2021-03-25;1847;184;0;37931;14696;0;11.4;4.4;0.0
89;2021-03-26;2504;177;0;40435;14873;0;12.2;4.5;0.0
89;2021-03-27;1682;50;0;42117;14923;0;12.7;4.5;0.0
89;2021-03-28;26;0;0;42143;14923;0;12.7;4.5;0.0
89;2021-03-29;943;565;0;43086;15488;0;13.0;4.7;0.0
89;2021-03-30;1167;565;0;44253;16053;0;13.3;4.8;0.0
89;2021-03-31;1911;487;0;46164;16540;0;13.9;5.0;0.0
89;2021-04-01;2043;467;0;48207;17007;0;14.5;5.1;0.0
89;2021-04-02;1973;443;0;50180;17450;0;15.1;5.3;0.0
89;2021-04-03;912;243;0;51092;17693;0;15.4;5.3;0.0
89;2021-04-04;29;12;0;51121;17705;0;15.4;5.3;0.0
89;2021-04-05;92;5;0;51213;17710;0;15.4;5.3;0.0
89;2021-04-06;1017;751;0;52230;18461;0;15.7;5.6;0.0
89;2021-04-07;985;800;0;53215;19261;0;16.0;5.8;0.0
89;2021-04-08;1689;716;0;54904;19977;0;16.5;6.0;0.0
89;2021-04-09;2123;751;0;57027;20728;0;17.2;6.2;0.0
89;2021-04-10;896;184;0;57923;20912;0;17.4;6.3;0.0
89;2021-04-11;48;5;0;57971;20917;0;17.5;6.3;0.0
89;2021-04-12;967;791;0;58938;21708;0;17.7;6.5;0.0
89;2021-04-13;1315;1049;0;60253;22757;0;18.1;6.9;0.0
89;2021-04-14;1185;1007;0;61438;23764;0;18.5;7.2;0.0
89;2021-04-15;1381;928;0;62819;24692;0;18.9;7.4;0.0
89;2021-04-16;1322;916;0;64141;25608;0;19.3;7.7;0.0
89;2021-04-17;997;440;0;65138;26048;0;19.6;7.8;0.0
89;2021-04-18;47;176;0;65185;26224;0;19.6;7.9;0.0
89;2021-04-19;717;1021;0;65902;27245;0;19.8;8.2;0.0
89;2021-04-20;988;1532;0;66890;28777;0;20.1;8.7;0.0
89;2021-04-21;823;1091;0;67713;29868;0;20.4;9.0;0.0
89;2021-04-22;1060;1155;0;68773;31023;0;20.7;9.3;0.0
89;2021-04-23;1664;1892;0;70437;32915;0;21.2;9.9;0.0
89;2021-04-24;1137;1115;0;71574;34030;0;21.6;10.2;0.0
89;2021-04-25;180;18;0;71754;34048;0;21.6;10.3;0.0
89;2021-04-26;1440;749;0;73194;34797;0;22.0;10.5;0.0
89;2021-04-27;1721;1040;0;74915;35837;0;22.6;10.8;0.0
89;2021-04-28;1590;1764;0;76505;37601;0;23.0;11.3;0.0
89;2021-04-29;1915;1815;0;78420;39416;0;23.6;11.9;0.0
89;2021-04-30;1797;1639;0;80217;41055;0;24.2;12.4;0.0
89;2021-05-01;843;642;0;81060;41697;0;24.4;12.6;0.0
89;2021-05-02;161;47;0;81221;41744;0;24.5;12.6;0.0
89;2021-05-03;1520;777;0;82741;42521;0;24.9;12.8;0.0
89;2021-05-04;1573;1111;0;84314;43632;0;25.4;13.1;0.0
89;2021-05-05;2281;1192;0;86595;44824;0;26.1;13.5;0.0
89;2021-05-06;2350;1364;0;88945;46188;0;26.8;13.9;0.0
89;2021-05-07;2653;1274;0;91598;47462;0;27.6;14.3;0.0
89;2021-05-08;1671;504;0;93269;47966;0;28.1;14.4;0.0
89;2021-05-09;259;33;0;93528;47999;0;28.2;14.5;0.0
89;2021-05-10;1271;949;0;94799;48948;0;28.5;14.7;0.0
89;2021-05-11;2550;1450;0;97349;50398;0;29.3;15.2;0.0
89;2021-05-12;2112;1202;0;99461;51600;0;29.9;15.5;0.0
89;2021-05-13;542;318;0;100003;51918;0;30.1;15.6;0.0
89;2021-05-14;1957;1041;0;101960;52959;0;30.7;15.9;0.0
89;2021-05-15;2034;374;0;103994;53333;0;31.3;16.1;0.0
89;2021-05-16;109;50;0;104103;53383;0;31.3;16.1;0.0
89;2021-05-17;2169;631;0;106272;54014;0;32.0;16.3;0.0
89;2021-05-18;2429;831;0;108701;54845;0;32.7;16.5;0.0
89;2021-05-19;2880;878;0;111581;55723;0;33.6;16.8;0.0
89;2021-05-20;2964;885;0;114545;56608;0;34.5;17.0;0.0
89;2021-05-21;2503;854;0;117048;57462;0;35.2;17.3;0.0
89;2021-05-22;1397;565;0;118445;58027;0;35.7;17.5;0.0
89;2021-05-23;215;15;0;118660;58042;0;35.7;17.5;0.0
89;2021-05-24;442;219;0;119102;58261;0;35.9;17.5;0.0
89;2021-05-25;1650;971;0;120752;59232;0;36.4;17.8;0.0
89;2021-05-26;1863;1005;0;122615;60237;0;36.9;18.1;0.0
89;2021-05-27;2194;1329;0;124809;61566;0;37.6;18.5;0.0
89;2021-05-28;2134;1388;0;126943;62954;0;38.2;19.0;0.0
89;2021-05-29;687;651;0;127630;63605;0;38.4;19.2;0.0
89;2021-05-30;87;29;0;127717;63634;0;38.5;19.2;0.0
89;2021-05-31;1379;964;0;129096;64598;0;38.9;19.5;0.0
89;2021-06-01;1698;982;0;130794;65580;0;39.4;19.7;0.0
89;2021-06-02;2066;1231;0;132860;66811;0;40.0;20.1;0.0
89;2021-06-03;2448;1467;0;135308;68278;0;40.7;20.6;0.0
89;2021-06-04;2274;1834;0;137582;70112;0;41.4;21.1;0.0
89;2021-06-05;1258;1196;0;138840;71308;0;41.8;21.5;0.0
89;2021-06-06;98;69;0;138938;71377;0;41.8;21.5;0.0
89;2021-06-07;2144;1440;0;141082;72817;0;42.5;21.9;0.0
89;2021-06-08;2236;1484;0;143318;74301;0;43.2;22.4;0.0
89;2021-06-09;2296;1475;0;145614;75776;0;43.8;22.8;0.0
89;2021-06-10;2803;1637;0;148417;77413;0;44.7;23.3;0.0
89;2021-06-11;2002;1727;0;150419;79140;0;45.3;23.8;0.0
89;2021-06-12;1040;797;0;151459;79937;0;45.6;24.1;0.0
89;2021-06-13;198;432;0;151657;80369;0;45.7;24.2;0.0
89;2021-06-14;1364;1762;0;153021;82131;0;46.1;24.7;0.0
89;2021-06-15;1458;1969;0;154479;84100;0;46.5;25.3;0.0
89;2021-06-16;1159;2547;0;155638;86647;0;46.9;26.1;0.0
89;2021-06-17;1472;2366;0;157110;89013;0;47.3;26.8;0.0
89;2021-06-18;1625;2811;0;158735;91824;0;47.8;27.6;0.0
89;2021-06-19;722;1633;0;159457;93457;0;48.0;28.1;0.0
89;2021-06-20;71;161;0;159528;93618;0;48.0;28.2;0.0
89;2021-06-21;775;1563;0;160303;95181;0;48.3;28.7;0.0
89;2021-06-22;1080;2724;0;161383;97905;0;48.6;29.5;0.0
89;2021-06-23;1177;1891;0;162560;99796;0;48.9;30.1;0.0
89;2021-06-24;1116;1623;0;163676;101419;0;49.3;30.5;0.0
89;2021-06-25;982;2508;0;164658;103927;0;49.6;31.3;0.0
89;2021-06-26;605;2279;0;165263;106206;0;49.8;32.0;0.0
89;2021-06-27;42;90;0;165305;106296;0;49.8;32.0;0.0
89;2021-06-28;975;2545;0;166280;108841;0;50.1;32.8;0.0
89;2021-06-29;705;2545;0;166985;111386;0;50.3;33.5;0.0
89;2021-06-30;1057;3193;0;168042;114579;0;50.6;34.5;0.0
89;2021-07-01;979;2981;0;169021;117560;0;50.9;35.4;0.0
89;2021-07-02;1198;2757;0;170219;120317;0;51.3;36.2;0.0
89;2021-07-03;585;1585;0;170804;121902;0;51.4;36.7;0.0
89;2021-07-04;35;143;0;170839;122045;0;51.4;36.7;0.0
89;2021-07-05;1280;1877;0;172119;123922;0;51.8;37.3;0.0
89;2021-07-06;1059;2337;0;173178;126259;0;52.1;38.0;0.0
89;2021-07-07;710;1868;0;173888;128127;0;52.4;38.6;0.0
89;2021-07-08;852;1997;0;174740;130124;0;52.6;39.2;0.0
89;2021-07-09;1173;2576;0;175913;132700;0;53.0;40.0;0.0
89;2021-07-10;739;1025;0;176652;133725;0;53.2;40.3;0.0
89;2021-07-11;68;116;0;176720;133841;0;53.2;40.3;0.0
89;2021-07-12;1334;2000;0;178054;135841;0;53.6;40.9;0.0
89;2021-07-13;2094;2804;0;180148;138645;0;54.2;41.7;0.0
89;2021-07-14;433;450;0;180581;139095;0;54.4;41.9;0.0
89;2021-07-15;2214;3248;0;182795;142343;0;55.0;42.9;0.0
89;2021-07-16;2364;2940;0;185159;145283;0;55.8;43.7;0.0
89;2021-07-17;1281;1362;0;186440;146645;0;56.1;44.2;0.0
89;2021-07-18;336;171;0;186776;146816;0;56.2;44.2;0.0
89;2021-07-19;1636;2838;0;188412;149654;0;56.7;45.1;0.0
89;2021-07-20;2076;3333;0;190488;152987;0;57.4;46.1;0.0
89;2021-07-21;2088;2686;0;192576;155673;0;58.0;46.9;0.0
89;2021-07-22;2598;2970;0;195174;158643;0;58.8;47.8;0.0
89;2021-07-23;2543;3094;0;197717;161737;0;59.5;48.7;0.0
89;2021-07-24;1270;1237;0;198987;162974;0;59.9;49.1;0.0
89;2021-07-25;219;231;0;199206;163205;0;60.0;49.1;0.0
89;2021-07-26;1782;2312;0;200988;165517;0;60.5;49.8;0.0
89;2021-07-27;2494;1954;0;203482;167471;0;61.3;50.4;0.0
89;2021-07-28;2573;1423;0;206055;168894;0;62.0;50.9;0.0
89;2021-07-29;2604;1627;0;208659;170521;0;62.8;51.3;0.0
89;2021-07-30;2617;1657;0;211276;172178;0;63.6;51.8;0.0
89;2021-07-31;1173;1099;0;212449;173277;0;64.0;52.2;0.0
89;2021-08-01;175;68;0;212624;173345;0;64.0;52.2;0.0
89;2021-08-02;1851;1346;0;214475;174691;0;64.6;52.6;0.0
89;2021-08-03;2404;1298;0;216879;175989;0;65.3;53.0;0.0
89;2021-08-04;1509;1610;0;218388;177599;0;65.8;53.5;0.0
89;2021-08-05;1508;1665;0;219896;179264;0;66.2;54.0;0.0
89;2021-08-06;2094;1671;0;221990;180935;0;66.8;54.5;0.0
89;2021-08-07;929;1195;0;222919;182130;0;67.1;54.8;0.0
89;2021-08-08;94;103;0;223013;182233;0;67.2;54.9;0.0
89;2021-08-09;1094;1342;0;224107;183575;0;67.5;55.3;0.0
89;2021-08-10;1692;1848;0;225799;185423;0;68.0;55.8;0.0
89;2021-08-11;1470;1613;0;227269;187036;0;68.4;56.3;0.0
89;2021-08-12;1340;1451;0;228609;188487;0;68.8;56.8;0.0
89;2021-08-13;1233;1975;0;229842;190462;0;69.2;57.4;0.0
89;2021-08-14;521;1116;0;230363;191578;0;69.4;57.7;0.0
89;2021-08-15;38;109;0;230401;191687;0;69.4;57.7;0.0
89;2021-08-16;1017;2047;0;231418;193734;0;69.7;58.3;0.0
89;2021-08-17;801;1700;0;232219;195434;0;69.9;58.8;0.0
89;2021-08-18;615;1942;0;232834;197376;0;70.1;59.4;0.0
89;2021-08-19;698;1449;0;233532;198825;0;70.3;59.9;0.0
89;2021-08-20;1009;2208;0;234541;201033;0;70.6;60.5;0.0
89;2021-08-21;311;1159;0;234852;202192;0;70.7;60.9;0.0
89;2021-08-22;42;139;0;234894;202331;0;70.7;60.9;0.0
89;2021-08-23;741;2256;0;235635;204587;0;71.0;61.6;0.0
89;2021-08-24;842;2440;0;236477;207027;0;71.2;62.3;0.0
89;2021-08-25;576;1544;0;237053;208571;0;71.4;62.8;0.0
89;2021-08-26;588;2022;0;237641;210593;0;71.6;63.4;0.0
89;2021-08-27;784;2233;0;238425;212826;0;71.8;64.1;0.0
89;2021-08-28;381;1372;0;238806;214198;0;71.9;64.5;0.0
89;2021-08-29;21;148;0;238827;214346;0;71.9;64.5;0.0
89;2021-08-30;587;2192;25;239414;216538;25;72.1;65.2;0.0
89;2021-08-31;578;1590;40;239992;218128;65;72.3;65.7;0.0
89;2021-09-01;550;1362;82;240542;219490;147;72.4;66.1;0.0
89;2021-09-02;469;1386;151;241011;220876;298;72.6;66.5;0.1
89;2021-09-03;594;1884;181;241605;222760;479;72.8;67.1;0.1
89;2021-09-04;463;955;56;242068;223715;535;72.9;67.4;0.2
89;2021-09-05;27;35;7;242095;223750;542;72.9;67.4;0.2
89;2021-09-06;394;1484;295;242489;225234;837;73.0;67.8;0.3
89;2021-09-07;356;944;236;242845;226178;1073;73.1;68.1;0.3
89;2021-09-08;346;904;173;243191;227082;1246;73.2;68.4;0.4
89;2021-09-09;278;832;132;243469;227914;1378;73.3;68.6;0.4
89;2021-09-10;461;1340;174;243930;229254;1552;73.5;69.0;0.5
89;2021-09-11;295;792;61;244225;230046;1613;73.5;69.3;0.5
89;2021-09-12;14;56;10;244239;230102;1623;73.5;69.3;0.5
89;2021-09-13;381;1026;232;244620;231128;1855;73.7;69.6;0.6
89;2021-09-14;380;664;218;245000;231792;2073;73.8;69.8;0.6
89;2021-09-15;253;728;164;245253;232520;2237;73.9;70.0;0.7
89;2021-09-16;253;544;414;245506;233064;2651;73.9;70.2;0.8
89;2021-09-17;477;1039;344;245983;234103;2995;74.1;70.5;0.9
89;2021-09-18;183;749;92;246166;234852;3087;74.1;70.7;0.9
89;2021-09-19;9;23;12;246175;234875;3099;74.1;70.7;0.9
89;2021-09-20;254;670;381;246429;235545;3480;74.2;70.9;1.0
89;2021-09-21;301;455;466;246730;236000;3946;74.3;71.1;1.2
89;2021-09-22;205;602;261;246935;236602;4207;74.4;71.2;1.3
89;2021-09-23;220;421;274;247155;237023;4481;74.4;71.4;1.3
89;2021-09-24;301;822;322;247456;237845;4803;74.5;71.6;1.4
89;2021-09-25;112;486;75;247568;238331;4878;74.5;71.8;1.5
89;2021-09-26;8;29;5;247576;238360;4883;74.5;71.8;1.5
89;2021-09-27;181;439;378;247757;238799;5261;74.6;71.9;1.6
89;2021-09-28;240;367;309;247997;239166;5570;74.7;72.0;1.7
89;2021-09-29;200;375;312;248197;239541;5882;74.7;72.1;1.8
89;2021-09-30;151;406;328;248348;239947;6210;74.8;72.3;1.9
89;2021-10-01;297;494;381;248645;240441;6591;74.9;72.4;2.0
89;2021-10-02;141;358;84;248786;240799;6675;74.9;72.5;2.0
89;2021-10-03;7;21;5;248793;240820;6680;74.9;72.5;2.0
89;2021-10-04;127;392;329;248920;241212;7009;75.0;72.6;2.1
89;2021-10-05;149;430;328;249069;241642;7337;75.0;72.8;2.2
89;2021-10-06;231;423;434;249300;242065;7771;75.1;72.9;2.3
89;2021-10-07;83;322;385;249383;242387;8156;75.1;73.0;2.5
89;2021-10-08;226;526;494;249609;242913;8650;75.2;73.1;2.6
89;2021-10-09;126;252;173;249735;243165;8823;75.2;73.2;2.7
89;2021-10-10;1;9;7;249736;243174;8830;75.2;73.2;2.7
89;2021-10-11;137;296;276;249873;243470;9106;75.2;73.3;2.7
89;2021-10-12;116;228;432;249989;243698;9538;75.3;73.4;2.9
89;2021-10-13;162;257;398;250151;243955;9936;75.3;73.5;3.0
89;2021-10-14;120;243;397;250271;244198;10333;75.4;73.5;3.1
89;2021-10-15;209;420;518;250480;244618;10851;75.4;73.7;3.3
89;2021-10-16;119;137;153;250599;244755;11004;75.5;73.7;3.3
89;2021-10-17;5;12;31;250604;244767;11035;75.5;73.7;3.3
89;2021-10-18;120;246;399;250724;245013;11434;75.5;73.8;3.4
89;2021-10-19;141;240;546;250865;245253;11980;75.5;73.9;3.6
89;2021-10-20;104;267;640;250969;245520;12620;75.6;73.9;3.8
89;2021-10-21;106;157;548;251075;245677;13168;75.6;74.0;4.0
89;2021-10-22;227;324;586;251302;246001;13754;75.7;74.1;4.1
89;2021-10-23;105;149;304;251407;246150;14058;75.7;74.1;4.2
89;2021-10-24;1;9;3;251408;246159;14061;75.7;74.1;4.2
89;2021-10-25;101;143;569;251509;246302;14630;75.7;74.2;4.4
89;2021-10-26;97;134;621;251606;246436;15251;75.8;74.2;4.6
89;2021-10-27;139;215;784;251745;246651;16035;75.8;74.3;4.8
89;2021-10-28;75;119;735;251820;246770;16770;75.8;74.3;5.0
89;2021-10-29;134;220;707;251954;246990;17477;75.9;74.4;5.3
89;2021-10-30;73;116;345;252027;247106;17822;75.9;74.4;5.4
89;2021-10-31;5;12;18;252032;247118;17840;75.9;74.4;5.4
89;2021-11-01;9;8;12;252041;247126;17852;75.9;74.4;5.4
89;2021-11-02;105;156;609;252146;247282;18461;75.9;74.5;5.6
89;2021-11-03;129;222;947;252275;247504;19408;76.0;74.5;5.8
89;2021-11-04;85;109;588;252360;247613;19996;76.0;74.6;6.0
89;2021-11-05;164;229;951;252524;247842;20947;76.0;74.6;6.3
89;2021-11-06;61;146;409;252585;247988;21356;76.1;74.7;6.4
89;2021-11-07;1;9;18;252586;247997;21374;76.1;74.7;6.4
89;2021-11-08;120;99;868;252706;248096;22242;76.1;74.7;6.7
89;2021-11-09;99;126;933;252805;248222;23175;76.1;74.7;7.0
89;2021-11-10;143;164;1199;252948;248386;24374;76.2;74.8;7.3
89;2021-11-11;6;11;43;252954;248397;24417;76.2;74.8;7.4
89;2021-11-12;115;189;1038;253069;248586;25455;76.2;74.9;7.7
89;2021-11-13;59;138;651;253128;248724;26106;76.2;74.9;7.9
89;2021-11-14;4;13;30;253132;248737;26136;76.2;74.9;7.9
89;2021-11-15;101;125;1119;253233;248862;27255;76.3;74.9;8.2
89;2021-11-16;103;126;1233;253336;248988;28488;76.3;75.0;8.6
89;2021-11-17;143;169;1158;253479;249157;29646;76.3;75.0;8.9
89;2021-11-18;62;86;768;253541;249243;30414;76.3;75.1;9.2
89;2021-11-19;144;206;1344;253685;249449;31758;76.4;75.1;9.6
89;2021-11-20;101;130;746;253786;249579;32504;76.4;75.2;9.8
89;2021-11-21;12;15;40;253798;249594;32544;76.4;75.2;9.8
89;2021-11-22;115;92;1326;253913;249686;33870;76.5;75.2;10.2
89;2021-11-23;98;104;1302;254011;249790;35172;76.5;75.2;10.6
89;2021-11-24;150;121;1263;254161;249911;36435;76.5;75.3;11.0
89;2021-11-25;100;125;1424;254261;250036;37859;76.6;75.3;11.4
89;2021-11-26;125;159;1925;254386;250195;39784;76.6;75.3;12.0
89;2021-11-27;105;117;1081;254491;250312;40865;76.6;75.4;12.3
89;2021-11-28;2;18;79;254493;250330;40944;76.6;75.4;12.3
89;2021-11-29;103;133;1859;254596;250463;42803;76.7;75.4;12.9
89;2021-11-30;105;127;2338;254701;250590;45141;76.7;75.5;13.6
89;2021-12-01;114;131;2488;254815;250721;47629;76.7;75.5;14.3
89;2021-12-02;80;61;2325;254895;250782;49954;76.8;75.5;15.0
89;2021-12-03;106;125;2900;255001;250907;52854;76.8;75.6;15.9
89;2021-12-04;42;92;1825;255043;250999;54679;76.8;75.6;16.5
89;2021-12-05;5;8;108;255048;251007;54787;76.8;75.6;16.5
89;2021-12-06;79;99;3375;255127;251106;58162;76.8;75.6;17.5
89;2021-12-07;111;113;3569;255238;251219;61731;76.9;75.6;18.6
89;2021-12-08;108;107;3162;255346;251326;64893;76.9;75.7;19.5
89;2021-12-09;118;85;3399;255464;251411;68292;76.9;75.7;20.6
89;2021-12-10;118;157;4014;255582;251568;72306;77.0;75.8;21.8
89;2021-12-11;62;121;2712;255644;251689;75018;77.0;75.8;22.6
89;2021-12-12;10;12;238;255654;251701;75256;77.0;75.8;22.7
89;2021-12-13;108;144;3816;255762;251845;79072;77.0;75.8;23.8
89;2021-12-14;110;127;5081;255872;251972;84153;77.0;75.9;25.3
89;2021-12-15;105;159;3672;255977;252131;87825;77.1;75.9;26.4
89;2021-12-16;109;127;4129;256086;252258;91954;77.1;76.0;27.7
89;2021-12-17;116;138;3745;256202;252396;95699;77.1;76.0;28.8
89;2021-12-18;98;141;2767;256300;252537;98466;77.2;76.0;29.6
89;2021-12-19;35;17;1157;256335;252554;99623;77.2;76.0;30.0
89;2021-12-20;184;127;3521;256519;252681;103144;77.2;76.1;31.1
89;2021-12-21;185;161;4025;256704;252842;107169;77.3;76.1;32.3
89;2021-12-22;138;111;3349;256842;252953;110518;77.3;76.2;33.3
89;2021-12-23;123;83;2121;256965;253036;112639;77.4;76.2;33.9
89;2021-12-24;22;29;449;256987;253065;113088;77.4;76.2;34.1
89;2021-12-25;4;8;33;256991;253073;113121;77.4;76.2;34.1
89;2021-12-26;5;6;88;256996;253079;113209;77.4;76.2;34.1
90;2020-12-27;0;0;0;0;0;0;0.0;0.0;0.0
90;2020-12-28;0;0;0;0;0;0;0.0;0.0;0.0
90;2020-12-29;0;0;0;0;0;0;0.0;0.0;0.0
90;2020-12-30;1;0;0;1;0;0;0.0;0.0;0.0
90;2020-12-31;0;0;0;1;0;0;0.0;0.0;0.0
90;2021-01-01;0;0;0;1;0;0;0.0;0.0;0.0
90;2021-01-02;1;0;0;2;0;0;0.0;0.0;0.0
90;2021-01-03;0;0;0;2;0;0;0.0;0.0;0.0
90;2021-01-04;4;0;0;6;0;0;0.0;0.0;0.0
90;2021-01-05;0;0;0;6;0;0;0.0;0.0;0.0
90;2021-01-06;6;0;0;12;0;0;0.0;0.0;0.0
90;2021-01-07;10;0;0;22;0;0;0.0;0.0;0.0
90;2021-01-08;93;0;0;115;0;0;0.1;0.0;0.0
90;2021-01-09;35;0;0;150;0;0;0.1;0.0;0.0
90;2021-01-10;0;0;0;150;0;0;0.1;0.0;0.0
90;2021-01-11;136;0;0;286;0;0;0.2;0.0;0.0
90;2021-01-12;335;0;0;621;0;0;0.4;0.0;0.0
90;2021-01-13;358;2;0;979;2;0;0.7;0.0;0.0
90;2021-01-14;310;2;0;1289;4;0;0.9;0.0;0.0
90;2021-01-15;299;7;0;1588;11;0;1.1;0.0;0.0
90;2021-01-16;77;2;0;1665;13;0;1.2;0.0;0.0
90;2021-01-17;1;0;0;1666;13;0;1.2;0.0;0.0
90;2021-01-18;278;1;0;1944;14;0;1.4;0.0;0.0
90;2021-01-19;358;5;0;2302;19;0;1.6;0.0;0.0
90;2021-01-20;318;2;0;2620;21;0;1.9;0.0;0.0
90;2021-01-21;301;1;0;2921;22;0;2.1;0.0;0.0
90;2021-01-22;335;1;0;3256;23;0;2.3;0.0;0.0
90;2021-01-23;118;0;0;3374;23;0;2.4;0.0;0.0
90;2021-01-24;2;0;0;3376;23;0;2.4;0.0;0.0
90;2021-01-25;287;3;0;3663;26;0;2.6;0.0;0.0
90;2021-01-26;259;2;0;3922;28;0;2.8;0.0;0.0
90;2021-01-27;267;4;0;4189;32;0;3.0;0.0;0.0
90;2021-01-28;301;24;0;4490;56;0;3.2;0.0;0.0
90;2021-01-29;245;89;0;4735;145;0;3.4;0.1;0.0
90;2021-01-30;134;23;0;4869;168;0;3.5;0.1;0.0
90;2021-01-31;111;0;0;4980;168;0;3.6;0.1;0.0
90;2021-02-01;254;62;0;5234;230;0;3.7;0.2;0.0
90;2021-02-02;271;99;0;5505;329;0;3.9;0.2;0.0
90;2021-02-03;233;271;0;5738;600;0;4.1;0.4;0.0
90;2021-02-04;235;218;0;5973;818;0;4.3;0.6;0.0
90;2021-02-05;225;224;0;6198;1042;0;4.4;0.7;0.0
90;2021-02-06;83;49;0;6281;1091;0;4.5;0.8;0.0
90;2021-02-07;2;0;0;6283;1091;0;4.5;0.8;0.0
90;2021-02-08;161;155;0;6444;1246;0;4.6;0.9;0.0
90;2021-02-09;117;112;0;6561;1358;0;4.7;1.0;0.0
90;2021-02-10;177;36;0;6738;1394;0;4.8;1.0;0.0
90;2021-02-11;164;93;0;6902;1487;0;4.9;1.1;0.0
90;2021-02-12;129;214;0;7031;1701;0;5.0;1.2;0.0
90;2021-02-13;83;42;0;7114;1743;0;5.1;1.2;0.0
90;2021-02-14;0;1;0;7114;1744;0;5.1;1.2;0.0
90;2021-02-15;118;210;0;7232;1954;0;5.2;1.4;0.0
90;2021-02-16;100;200;0;7332;2154;0;5.2;1.5;0.0
90;2021-02-17;145;181;0;7477;2335;0;5.3;1.7;0.0
90;2021-02-18;128;256;0;7605;2591;0;5.4;1.8;0.0
90;2021-02-19;81;257;0;7686;2848;0;5.5;2.0;0.0
90;2021-02-20;44;92;0;7730;2940;0;5.5;2.1;0.0
90;2021-02-21;0;1;0;7730;2941;0;5.5;2.1;0.0
90;2021-02-22;46;295;0;7776;3236;0;5.5;2.3;0.0
90;2021-02-23;49;247;0;7825;3483;0;5.6;2.5;0.0
90;2021-02-24;79;268;0;7904;3751;0;5.6;2.7;0.0
90;2021-02-25;89;304;0;7993;4055;0;5.7;2.9;0.0
90;2021-02-26;95;318;0;8088;4373;0;5.8;3.1;0.0
90;2021-02-27;140;155;0;8228;4528;0;5.9;3.2;0.0
90;2021-02-28;7;106;0;8235;4634;0;5.9;3.3;0.0
90;2021-03-01;150;206;0;8385;4840;0;6.0;3.5;0.0
90;2021-03-02;182;263;0;8567;5103;0;6.1;3.6;0.0
90;2021-03-03;227;299;0;8794;5402;0;6.3;3.9;0.0
90;2021-03-04;225;245;0;9019;5647;0;6.4;4.0;0.0
90;2021-03-05;339;248;0;9358;5895;0;6.7;4.2;0.0
90;2021-03-06;261;98;0;9619;5993;0;6.9;4.3;0.0
90;2021-03-07;27;2;0;9646;5995;0;6.9;4.3;0.0
90;2021-03-08;186;228;0;9832;6223;0;7.0;4.4;0.0
90;2021-03-09;360;146;0;10192;6369;0;7.3;4.5;0.0
90;2021-03-10;323;182;0;10515;6551;0;7.5;4.7;0.0
90;2021-03-11;314;133;0;10829;6684;0;7.7;4.8;0.0
90;2021-03-12;486;130;0;11315;6814;0;8.1;4.9;0.0
90;2021-03-13;491;51;0;11806;6865;0;8.4;4.9;0.0
90;2021-03-14;53;0;0;11859;6865;0;8.5;4.9;0.0
90;2021-03-15;390;121;0;12249;6986;0;8.7;5.0;0.0
90;2021-03-16;421;103;0;12670;7089;0;9.0;5.1;0.0
90;2021-03-17;306;73;0;12976;7162;0;9.3;5.1;0.0
90;2021-03-18;321;80;0;13297;7242;0;9.5;5.2;0.0
90;2021-03-19;432;80;0;13729;7322;0;9.8;5.2;0.0
90;2021-03-20;404;49;0;14133;7371;0;10.1;5.3;0.0
90;2021-03-21;3;0;0;14136;7371;0;10.1;5.3;0.0
90;2021-03-22;334;34;0;14470;7405;0;10.3;5.3;0.0
90;2021-03-23;660;73;0;15130;7478;0;10.8;5.3;0.0
90;2021-03-24;737;50;0;15867;7528;0;11.3;5.4;0.0
90;2021-03-25;815;69;0;16682;7597;0;11.9;5.4;0.0
90;2021-03-26;1057;46;0;17739;7643;0;12.7;5.5;0.0
90;2021-03-27;337;24;0;18076;7667;0;12.9;5.5;0.0
90;2021-03-28;35;0;0;18111;7667;0;12.9;5.5;0.0
90;2021-03-29;604;146;0;18715;7813;0;13.4;5.6;0.0
90;2021-03-30;585;143;0;19300;7956;0;13.8;5.7;0.0
90;2021-03-31;631;90;0;19931;8046;0;14.2;5.7;0.0
90;2021-04-01;490;120;0;20421;8166;0;14.6;5.8;0.0
90;2021-04-02;543;103;0;20964;8269;0;15.0;5.9;0.0
90;2021-04-03;299;34;0;21263;8303;0;15.2;5.9;0.0
90;2021-04-04;3;2;0;21266;8305;0;15.2;5.9;0.0
90;2021-04-05;3;0;0;21269;8305;0;15.2;5.9;0.0
90;2021-04-06;520;234;0;21789;8539;0;15.5;6.1;0.0
90;2021-04-07;402;228;0;22191;8767;0;15.8;6.3;0.0
90;2021-04-08;470;206;0;22661;8973;0;16.2;6.4;0.0
90;2021-04-09;658;207;0;23319;9180;0;16.6;6.6;0.0
90;2021-04-10;240;39;0;23559;9219;0;16.8;6.6;0.0
90;2021-04-11;9;38;0;23568;9257;0;16.8;6.6;0.0
90;2021-04-12;423;421;0;23991;9678;0;17.1;6.9;0.0
90;2021-04-13;470;463;0;24461;10141;0;17.5;7.2;0.0
90;2021-04-14;419;329;0;24880;10470;0;17.8;7.5;0.0
90;2021-04-15;737;267;0;25617;10737;0;18.3;7.7;0.0
90;2021-04-16;332;349;0;25949;11086;0;18.5;7.9;0.0
90;2021-04-17;147;84;0;26096;11170;0;18.6;8.0;0.0
90;2021-04-18;18;4;0;26114;11174;0;18.6;8.0;0.0
90;2021-04-19;372;485;0;26486;11659;0;18.9;8.3;0.0
90;2021-04-20;435;550;0;26921;12209;0;19.2;8.7;0.0
90;2021-04-21;327;478;0;27248;12687;0;19.4;9.1;0.0
90;2021-04-22;470;489;0;27718;13176;0;19.8;9.4;0.0
90;2021-04-23;437;598;0;28155;13774;0;20.1;9.8;0.0
90;2021-04-24;231;119;0;28386;13893;0;20.3;9.9;0.0
90;2021-04-25;11;1;0;28397;13894;0;20.3;9.9;0.0
90;2021-04-26;398;595;0;28795;14489;0;20.5;10.3;0.0
90;2021-04-27;563;524;0;29358;15013;0;20.9;10.7;0.0
90;2021-04-28;645;420;0;30003;15433;0;21.4;11.0;0.0
90;2021-04-29;884;355;0;30887;15788;0;22.0;11.3;0.0
90;2021-04-30;940;367;0;31827;16155;0;22.7;11.5;0.0
90;2021-05-01;131;45;0;31958;16200;0;22.8;11.6;0.0
90;2021-05-02;28;1;0;31986;16201;0;22.8;11.6;0.0
90;2021-05-03;839;278;0;32825;16479;0;23.4;11.8;0.0
90;2021-05-04;738;562;0;33563;17041;0;23.9;12.2;0.0
90;2021-05-05;837;472;0;34400;17513;0;24.5;12.5;0.0
90;2021-05-06;790;489;0;35190;18002;0;25.1;12.8;0.0
90;2021-05-07;487;429;0;35677;18431;0;25.5;13.2;0.0
90;2021-05-08;55;31;0;35732;18462;0;25.5;13.2;0.0
90;2021-05-09;23;30;0;35755;18492;0;25.5;13.2;0.0
90;2021-05-10;593;440;0;36348;18932;0;25.9;13.5;0.0
90;2021-05-11;851;521;0;37199;19453;0;26.5;13.9;0.0
90;2021-05-12;711;551;0;37910;20004;0;27.1;14.3;0.0
90;2021-05-13;1257;234;0;39167;20238;0;27.9;14.4;0.0
90;2021-05-14;1037;369;0;40204;20607;0;28.7;14.7;0.0
90;2021-05-15;280;125;0;40484;20732;0;28.9;14.8;0.0
90;2021-05-16;41;10;0;40525;20742;0;28.9;14.8;0.0
90;2021-05-17;958;286;0;41483;21028;0;29.6;15.0;0.0
90;2021-05-18;1271;398;0;42754;21426;0;30.5;15.3;0.0
90;2021-05-19;1483;347;0;44237;21773;0;31.6;15.5;0.0
90;2021-05-20;1427;267;0;45664;22040;0;32.6;15.7;0.0
90;2021-05-21;1430;428;0;47094;22468;0;33.6;16.0;0.0
90;2021-05-22;322;145;0;47416;22613;0;33.8;16.1;0.0
90;2021-05-23;13;1;0;47429;22614;0;33.8;16.1;0.0
90;2021-05-24;340;224;0;47769;22838;0;34.1;16.3;0.0
90;2021-05-25;739;676;0;48508;23514;0;34.6;16.8;0.0
90;2021-05-26;886;501;0;49394;24015;0;35.2;17.1;0.0
90;2021-05-27;1177;368;0;50571;24383;0;36.1;17.4;0.0
90;2021-05-28;827;695;0;51398;25078;0;36.7;17.9;0.0
90;2021-05-29;183;291;0;51581;25369;0;36.8;18.1;0.0
90;2021-05-30;7;1;0;51588;25370;0;36.8;18.1;0.0
90;2021-05-31;908;538;0;52496;25908;0;37.5;18.5;0.0
90;2021-06-01;946;575;0;53442;26483;0;38.1;18.9;0.0
90;2021-06-02;777;544;0;54219;27027;0;38.7;19.3;0.0
90;2021-06-03;795;576;0;55014;27603;0;39.3;19.7;0.0
90;2021-06-04;865;822;0;55879;28425;0;39.9;20.3;0.0
90;2021-06-05;120;405;0;55999;28830;0;40.0;20.6;0.0
90;2021-06-06;33;19;0;56032;28849;0;40.0;20.6;0.0
90;2021-06-07;1096;934;0;57128;29783;0;40.8;21.3;0.0
90;2021-06-08;1320;821;0;58448;30604;0;41.7;21.8;0.0
90;2021-06-09;881;599;0;59329;31203;0;42.3;22.3;0.0
90;2021-06-10;647;472;0;59976;31675;0;42.8;22.6;0.0
90;2021-06-11;753;989;0;60729;32664;0;43.3;23.3;0.0
90;2021-06-12;688;350;0;61417;33014;0;43.8;23.6;0.0
90;2021-06-13;22;20;0;61439;33034;0;43.8;23.6;0.0
90;2021-06-14;280;918;0;61719;33952;0;44.0;24.2;0.0
90;2021-06-15;536;899;0;62255;34851;0;44.4;24.9;0.0
90;2021-06-16;518;606;0;62773;35457;0;44.8;25.3;0.0
90;2021-06-17;408;571;0;63181;36028;0;45.1;25.7;0.0
90;2021-06-18;577;984;0;63758;37012;0;45.5;26.4;0.0
90;2021-06-19;416;233;0;64174;37245;0;45.8;26.6;0.0
90;2021-06-20;9;47;0;64183;37292;0;45.8;26.6;0.0
90;2021-06-21;288;1239;0;64471;38531;0;46.0;27.5;0.0
90;2021-06-22;349;1072;0;64820;39603;0;46.3;28.3;0.0
90;2021-06-23;377;783;0;65197;40386;0;46.5;28.8;0.0
90;2021-06-24;324;756;0;65521;41142;0;46.8;29.4;0.0
90;2021-06-25;402;1344;0;65923;42486;0;47.0;30.3;0.0
90;2021-06-26;388;762;0;66311;43248;0;47.3;30.9;0.0
90;2021-06-27;13;42;0;66324;43290;0;47.3;30.9;0.0
90;2021-06-28;363;1419;0;66687;44709;0;47.6;31.9;0.0
90;2021-06-29;292;1497;0;66979;46206;0;47.8;33.0;0.0
90;2021-06-30;454;1345;0;67433;47551;0;48.1;33.9;0.0
90;2021-07-01;349;1028;0;67782;48579;0;48.4;34.7;0.0
90;2021-07-02;544;1301;0;68326;49880;0;48.8;35.6;0.0
90;2021-07-03;87;295;0;68413;50175;0;48.8;35.8;0.0
90;2021-07-04;13;46;0;68426;50221;0;48.8;35.8;0.0
90;2021-07-05;402;948;0;68828;51169;0;49.1;36.5;0.0
90;2021-07-06;482;1120;0;69310;52289;0;49.5;37.3;0.0
90;2021-07-07;372;1176;0;69682;53465;0;49.7;38.1;0.0
90;2021-07-08;309;714;0;69991;54179;0;49.9;38.7;0.0
90;2021-07-09;441;1050;0;70432;55229;0;50.3;39.4;0.0
90;2021-07-10;82;229;0;70514;55458;0;50.3;39.6;0.0
90;2021-07-11;18;22;0;70532;55480;0;50.3;39.6;0.0
90;2021-07-12;262;1160;0;70794;56640;0;50.5;40.4;0.0
90;2021-07-13;512;1211;0;71306;57851;0;50.9;41.3;0.0
90;2021-07-14;106;60;0;71412;57911;0;51.0;41.3;0.0
90;2021-07-15;725;1332;0;72137;59243;0;51.5;42.3;0.0
90;2021-07-16;755;1493;0;72892;60736;0;52.0;43.3;0.0
90;2021-07-17;389;825;0;73281;61561;0;52.3;43.9;0.0
90;2021-07-18;78;42;0;73359;61603;0;52.3;44.0;0.0
90;2021-07-19;946;1263;0;74305;62866;0;53.0;44.9;0.0
90;2021-07-20;1082;1051;0;75387;63917;0;53.8;45.6;0.0
90;2021-07-21;1149;868;0;76536;64785;0;54.6;46.2;0.0
90;2021-07-22;1016;672;0;77552;65457;0;55.3;46.7;0.0
90;2021-07-23;928;1008;0;78480;66465;0;56.0;47.4;0.0
90;2021-07-24;196;133;0;78676;66598;0;56.1;47.5;0.0
90;2021-07-25;47;31;0;78723;66629;0;56.2;47.5;0.0
90;2021-07-26;955;751;0;79678;67380;0;56.9;48.1;0.0
90;2021-07-27;957;700;0;80635;68080;0;57.5;48.6;0.0
90;2021-07-28;839;596;0;81474;68676;0;58.1;49.0;0.0
90;2021-07-29;895;474;0;82369;69150;0;58.8;49.3;0.0
90;2021-07-30;863;571;0;83232;69721;0;59.4;49.7;0.0
90;2021-07-31;493;302;0;83725;70023;0;59.7;50.0;0.0
90;2021-08-01;38;27;0;83763;70050;0;59.8;50.0;0.0
90;2021-08-02;853;511;0;84616;70561;0;60.4;50.3;0.0
90;2021-08-03;863;509;0;85479;71070;0;61.0;50.7;0.0
90;2021-08-04;1042;436;0;86521;71506;0;61.7;51.0;0.0
90;2021-08-05;542;276;0;87063;71782;0;62.1;51.2;0.0
90;2021-08-06;599;433;0;87662;72215;0;62.6;51.5;0.0
90;2021-08-07;100;135;0;87762;72350;0;62.6;51.6;0.0
90;2021-08-08;36;44;0;87798;72394;0;62.6;51.7;0.0
90;2021-08-09;653;766;0;88451;73160;0;63.1;52.2;0.0
90;2021-08-10;499;992;0;88950;74152;0;63.5;52.9;0.0
90;2021-08-11;533;814;0;89483;74966;0;63.9;53.5;0.0
90;2021-08-12;396;716;0;89879;75682;0;64.1;54.0;0.0
90;2021-08-13;472;787;0;90351;76469;0;64.5;54.6;0.0
90;2021-08-14;81;170;0;90432;76639;0;64.5;54.7;0.0
90;2021-08-15;6;37;0;90438;76676;0;64.5;54.7;0.0
90;2021-08-16;411;627;0;90849;77303;0;64.8;55.2;0.0
90;2021-08-17;327;988;0;91176;78291;0;65.1;55.9;0.0
90;2021-08-18;275;849;0;91451;79140;0;65.3;56.5;0.0
90;2021-08-19;252;672;0;91703;79812;0;65.4;56.9;0.0
90;2021-08-20;341;777;0;92044;80589;0;65.7;57.5;0.0
90;2021-08-21;50;168;0;92094;80757;0;65.7;57.6;0.0
90;2021-08-22;3;36;0;92097;80793;0;65.7;57.6;0.0
90;2021-08-23;285;552;0;92382;81345;0;65.9;58.0;0.0
90;2021-08-24;295;937;0;92677;82282;0;66.1;58.7;0.0
90;2021-08-25;239;933;0;92916;83215;0;66.3;59.4;0.0
90;2021-08-26;224;678;0;93140;83893;0;66.5;59.9;0.0
90;2021-08-27;268;786;0;93408;84679;0;66.7;60.4;0.0
90;2021-08-28;41;159;0;93449;84838;0;66.7;60.5;0.0
90;2021-08-29;6;12;0;93455;84850;0;66.7;60.5;0.0
90;2021-08-30;312;655;11;93767;85505;11;66.9;61.0;0.0
90;2021-08-31;251;917;19;94018;86422;30;67.1;61.7;0.0
90;2021-09-01;288;671;141;94306;87093;171;67.3;62.1;0.1
90;2021-09-02;175;376;67;94481;87469;238;67.4;62.4;0.2
90;2021-09-03;249;535;33;94730;88004;271;67.6;62.8;0.2
90;2021-09-04;76;182;35;94806;88186;306;67.6;62.9;0.2
90;2021-09-05;10;31;2;94816;88217;308;67.7;62.9;0.2
90;2021-09-06;149;674;48;94965;88891;356;67.8;63.4;0.3
90;2021-09-07;199;513;111;95164;89404;467;67.9;63.8;0.3
90;2021-09-08;211;536;89;95375;89940;556;68.1;64.2;0.4
90;2021-09-09;186;264;65;95561;90204;621;68.2;64.4;0.4
90;2021-09-10;191;440;93;95752;90644;714;68.3;64.7;0.5
90;2021-09-11;32;39;14;95784;90683;728;68.3;64.7;0.5
90;2021-09-12;5;10;2;95789;90693;730;68.3;64.7;0.5
90;2021-09-13;220;331;156;96009;91024;886;68.5;64.9;0.6
90;2021-09-14;152;328;132;96161;91352;1018;68.6;65.2;0.7
90;2021-09-15;163;349;106;96324;91701;1124;68.7;65.4;0.8
90;2021-09-16;154;230;114;96478;91931;1238;68.8;65.6;0.9
90;2021-09-17;180;318;142;96658;92249;1380;69.0;65.8;1.0
90;2021-09-18;28;65;37;96686;92314;1417;69.0;65.9;1.0
90;2021-09-19;9;8;18;96695;92322;1435;69.0;65.9;1.0
90;2021-09-20;137;226;206;96832;92548;1641;69.1;66.0;1.2
90;2021-09-21;97;239;183;96929;92787;1824;69.2;66.2;1.3
90;2021-09-22;96;301;205;97025;93088;2029;69.2;66.4;1.4
90;2021-09-23;83;133;37;97108;93221;2066;69.3;66.5;1.5
90;2021-09-24;107;292;165;97215;93513;2231;69.4;66.7;1.6
90;2021-09-25;32;58;20;97247;93571;2251;69.4;66.8;1.6
90;2021-09-26;1;5;1;97248;93576;2252;69.4;66.8;1.6
90;2021-09-27;90;197;139;97338;93773;2391;69.5;66.9;1.7
90;2021-09-28;91;140;94;97429;93913;2485;69.5;67.0;1.8
90;2021-09-29;73;225;87;97502;94138;2572;69.6;67.2;1.8
90;2021-09-30;75;134;83;97577;94272;2655;69.6;67.3;1.9
90;2021-10-01;157;217;150;97734;94489;2805;69.7;67.4;2.0
90;2021-10-02;23;63;18;97757;94552;2823;69.8;67.5;2.0
90;2021-10-03;5;10;0;97762;94562;2823;69.8;67.5;2.0
90;2021-10-04;119;191;154;97881;94753;2977;69.8;67.6;2.1
90;2021-10-05;47;142;212;97928;94895;3189;69.9;67.7;2.3
90;2021-10-06;97;177;250;98025;95072;3439;69.9;67.8;2.5
90;2021-10-07;53;117;182;98078;95189;3621;70.0;67.9;2.6
90;2021-10-08;122;223;162;98200;95412;3783;70.1;68.1;2.7
90;2021-10-09;29;36;34;98229;95448;3817;70.1;68.1;2.7
90;2021-10-10;3;4;3;98232;95452;3820;70.1;68.1;2.7
90;2021-10-11;75;130;154;98307;95582;3974;70.1;68.2;2.8
90;2021-10-12;77;120;195;98384;95702;4169;70.2;68.3;3.0
90;2021-10-13;100;148;192;98484;95850;4361;70.3;68.4;3.1
90;2021-10-14;66;106;115;98550;95956;4476;70.3;68.5;3.2
90;2021-10-15;126;182;184;98676;96138;4660;70.4;68.6;3.3
90;2021-10-16;25;43;28;98701;96181;4688;70.4;68.6;3.3
90;2021-10-17;0;3;1;98701;96184;4689;70.4;68.6;3.3
90;2021-10-18;79;128;176;98780;96312;4865;70.5;68.7;3.5
90;2021-10-19;57;107;196;98837;96419;5061;70.5;68.8;3.6
90;2021-10-20;59;98;163;98896;96517;5224;70.6;68.9;3.7
90;2021-10-21;50;59;155;98946;96576;5379;70.6;68.9;3.8
90;2021-10-22;62;152;168;99008;96728;5547;70.6;69.0;4.0
90;2021-10-23;22;22;29;99030;96750;5576;70.7;69.0;4.0
90;2021-10-24;0;4;1;99030;96754;5577;70.7;69.0;4.0
90;2021-10-25;54;105;176;99084;96859;5753;70.7;69.1;4.1
90;2021-10-26;64;85;266;99148;96944;6019;70.7;69.2;4.3
90;2021-10-27;41;125;329;99189;97069;6348;70.8;69.3;4.5
90;2021-10-28;40;46;168;99229;97115;6516;70.8;69.3;4.6
90;2021-10-29;56;92;293;99285;97207;6809;70.8;69.4;4.9
90;2021-10-30;16;27;36;99301;97234;6845;70.9;69.4;4.9
90;2021-10-31;1;8;0;99302;97242;6845;70.9;69.4;4.9
90;2021-11-01;2;1;0;99304;97243;6845;70.9;69.4;4.9
90;2021-11-02;61;90;195;99365;97333;7040;70.9;69.5;5.0
90;2021-11-03;58;108;357;99423;97441;7397;70.9;69.5;5.3
90;2021-11-04;41;65;185;99464;97506;7582;71.0;69.6;5.4
90;2021-11-05;75;112;310;99539;97618;7892;71.0;69.7;5.6
90;2021-11-06;14;29;52;99553;97647;7944;71.0;69.7;5.7
90;2021-11-07;0;2;7;99553;97649;7951;71.0;69.7;5.7
90;2021-11-08;43;72;357;99596;97721;8308;71.1;69.7;5.9
90;2021-11-09;39;72;381;99635;97793;8689;71.1;69.8;6.2
90;2021-11-10;68;75;399;99703;97868;9088;71.1;69.8;6.5
90;2021-11-11;4;7;5;99707;97875;9093;71.1;69.8;6.5
90;2021-11-12;49;83;431;99756;97958;9524;71.2;69.9;6.8
90;2021-11-13;12;34;56;99768;97992;9580;71.2;69.9;6.8
90;2021-11-14;0;4;0;99768;97996;9580;71.2;69.9;6.8
90;2021-11-15;39;53;428;99807;98049;10008;71.2;70.0;7.1
90;2021-11-16;60;59;451;99867;98108;10459;71.3;70.0;7.5
90;2021-11-17;46;80;561;99913;98188;11020;71.3;70.1;7.9
90;2021-11-18;46;46;434;99959;98234;11454;71.3;70.1;8.2
90;2021-11-19;66;61;643;100025;98295;12097;71.4;70.1;8.6
90;2021-11-20;18;20;78;100043;98315;12175;71.4;70.2;8.7
90;2021-11-21;0;2;1;100043;98317;12176;71.4;70.2;8.7
90;2021-11-22;72;41;572;100115;98358;12748;71.4;70.2;9.1
90;2021-11-23;48;59;613;100163;98417;13361;71.5;70.2;9.5
90;2021-11-24;57;76;461;100220;98493;13822;71.5;70.3;9.9
90;2021-11-25;36;41;418;100256;98534;14240;71.5;70.3;10.2
90;2021-11-26;48;84;738;100304;98618;14978;71.6;70.4;10.7
90;2021-11-27;9;27;166;100313;98645;15144;71.6;70.4;10.8
90;2021-11-28;3;6;16;100316;98651;15160;71.6;70.4;10.8
90;2021-11-29;39;53;1141;100355;98704;16301;71.6;70.4;11.6
90;2021-11-30;47;57;1356;100402;98761;17657;71.6;70.5;12.6
90;2021-12-01;39;66;1333;100441;98827;18990;71.7;70.5;13.6
90;2021-12-02;35;30;1507;100476;98857;20497;71.7;70.5;14.6
90;2021-12-03;44;57;1696;100520;98914;22193;71.7;70.6;15.8
90;2021-12-04;28;24;635;100548;98938;22828;71.7;70.6;16.3
90;2021-12-05;4;3;99;100552;98941;22927;71.7;70.6;16.4
90;2021-12-06;35;54;1528;100587;98995;24455;71.8;70.6;17.4
90;2021-12-07;42;79;1878;100629;99074;26333;71.8;70.7;18.8
90;2021-12-08;36;61;1554;100665;99135;27887;71.8;70.7;19.9
90;2021-12-09;34;46;1532;100699;99181;29419;71.9;70.8;21.0
90;2021-12-10;53;88;1766;100752;99269;31185;71.9;70.8;22.3
90;2021-12-11;12;20;563;100764;99289;31748;71.9;70.8;22.7
90;2021-12-12;0;3;37;100764;99292;31785;71.9;70.8;22.7
90;2021-12-13;48;70;1639;100812;99362;33424;71.9;70.9;23.8
90;2021-12-14;43;66;1843;100855;99428;35267;72.0;70.9;25.2
90;2021-12-15;22;70;1351;100877;99498;36618;72.0;71.0;26.1
90;2021-12-16;46;42;1417;100923;99540;38035;72.0;71.0;27.1
90;2021-12-17;46;65;1706;100969;99605;39741;72.0;71.1;28.4
90;2021-12-18;46;24;630;101015;99629;40371;72.1;71.1;28.8
90;2021-12-19;1;9;42;101016;99638;40413;72.1;71.1;28.8
90;2021-12-20;52;60;1231;101068;99698;41644;72.1;71.1;29.7
90;2021-12-21;78;67;1494;101146;99765;43138;72.2;71.2;30.8
90;2021-12-22;51;54;1076;101197;99819;44214;72.2;71.2;31.5
90;2021-12-23;53;40;906;101250;99859;45120;72.2;71.3;32.2
90;2021-12-24;16;22;304;101266;99881;45424;72.3;71.3;32.4
90;2021-12-25;0;5;4;101266;99886;45428;72.3;71.3;32.4
90;2021-12-26;3;2;15;101269;99888;45443;72.3;71.3;32.4
91;2020-12-27;1;0;0;1;0;0;0.0;0.0;0.0
91;2020-12-28;0;0;0;1;0;0;0.0;0.0;0.0
91;2020-12-29;1;0;0;2;0;0;0.0;0.0;0.0
91;2020-12-30;5;0;0;7;0;0;0.0;0.0;0.0
91;2020-12-31;0;0;0;7;0;0;0.0;0.0;0.0
91;2021-01-01;9;0;0;16;0;0;0.0;0.0;0.0
91;2021-01-02;0;0;0;16;0;0;0.0;0.0;0.0
91;2021-01-03;2;0;0;18;0;0;0.0;0.0;0.0
91;2021-01-04;12;0;0;30;0;0;0.0;0.0;0.0
91;2021-01-05;143;3;0;173;3;0;0.0;0.0;0.0
91;2021-01-06;287;2;0;460;5;0;0.0;0.0;0.0
91;2021-01-07;585;7;0;1045;12;0;0.1;0.0;0.0
91;2021-01-08;526;5;0;1571;17;0;0.1;0.0;0.0
91;2021-01-09;111;3;0;1682;20;0;0.1;0.0;0.0
91;2021-01-10;24;0;0;1706;20;0;0.1;0.0;0.0
91;2021-01-11;760;7;0;2466;27;0;0.2;0.0;0.0
91;2021-01-12;1081;14;0;3547;41;0;0.3;0.0;0.0
91;2021-01-13;887;12;0;4434;53;0;0.3;0.0;0.0
91;2021-01-14;974;17;0;5408;70;0;0.4;0.0;0.0
91;2021-01-15;784;8;0;6192;78;0;0.5;0.0;0.0
91;2021-01-16;304;7;0;6496;85;0;0.5;0.0;0.0
91;2021-01-17;101;1;0;6597;86;0;0.5;0.0;0.0
91;2021-01-18;1165;17;0;7762;103;0;0.6;0.0;0.0
91;2021-01-19;1993;35;0;9755;138;0;0.7;0.0;0.0
91;2021-01-20;2339;38;0;12094;176;0;0.9;0.0;0.0
91;2021-01-21;2222;28;0;14316;204;0;1.1;0.0;0.0
91;2021-01-22;1884;20;0;16200;224;0;1.2;0.0;0.0
91;2021-01-23;433;2;0;16633;226;0;1.3;0.0;0.0
91;2021-01-24;75;2;0;16708;228;0;1.3;0.0;0.0
91;2021-01-25;1075;8;0;17783;236;0;1.3;0.0;0.0
91;2021-01-26;1653;56;0;19436;292;0;1.5;0.0;0.0
91;2021-01-27;2332;104;0;21768;396;0;1.6;0.0;0.0
91;2021-01-28;1949;221;0;23717;617;0;1.8;0.0;0.0
91;2021-01-29;1733;83;0;25450;700;0;1.9;0.1;0.0
91;2021-01-30;382;11;0;25832;711;0;2.0;0.1;0.0
91;2021-01-31;48;3;0;25880;714;0;2.0;0.1;0.0
91;2021-02-01;941;215;0;26821;929;0;2.0;0.1;0.0
91;2021-02-02;888;367;0;27709;1296;0;2.1;0.1;0.0
91;2021-02-03;992;527;0;28701;1823;0;2.2;0.1;0.0
91;2021-02-04;868;357;0;29569;2180;0;2.2;0.2;0.0
91;2021-02-05;1016;444;0;30585;2624;0;2.3;0.2;0.0
91;2021-02-06;297;97;0;30882;2721;0;2.3;0.2;0.0
91;2021-02-07;19;12;0;30901;2733;0;2.3;0.2;0.0
91;2021-02-08;809;648;0;31710;3381;0;2.4;0.3;0.0
91;2021-02-09;908;1020;0;32618;4401;0;2.5;0.3;0.0
91;2021-02-10;1039;1145;0;33657;5546;0;2.6;0.4;0.0
91;2021-02-11;1209;1268;0;34866;6814;0;2.6;0.5;0.0
91;2021-02-12;1105;1000;0;35971;7814;0;2.7;0.6;0.0
91;2021-02-13;305;310;0;36276;8124;0;2.7;0.6;0.0
91;2021-02-14;14;90;0;36290;8214;0;2.8;0.6;0.0
91;2021-02-15;421;1307;0;36711;9521;0;2.8;0.7;0.0
91;2021-02-16;609;2039;0;37320;11560;0;2.8;0.9;0.0
91;2021-02-17;791;2459;0;38111;14019;0;2.9;1.1;0.0
91;2021-02-18;950;1994;0;39061;16013;0;3.0;1.2;0.0
91;2021-02-19;964;1446;0;40025;17459;0;3.0;1.3;0.0
91;2021-02-20;145;416;0;40170;17875;0;3.0;1.4;0.0
91;2021-02-21;18;43;0;40188;17918;0;3.0;1.4;0.0
91;2021-02-22;407;1157;0;40595;19075;0;3.1;1.4;0.0
91;2021-02-23;508;1072;0;41103;20147;0;3.1;1.5;0.0
91;2021-02-24;591;1006;0;41694;21153;0;3.2;1.6;0.0
91;2021-02-25;815;1176;0;42509;22329;0;3.2;1.7;0.0
91;2021-02-26;1191;1034;0;43700;23363;0;3.3;1.8;0.0
91;2021-02-27;621;290;0;44321;23653;0;3.4;1.8;0.0
91;2021-02-28;76;66;0;44397;23719;0;3.4;1.8;0.0
91;2021-03-01;986;948;0;45383;24667;0;3.4;1.9;0.0
91;2021-03-02;1487;1080;0;46870;25747;0;3.6;2.0;0.0
91;2021-03-03;1733;1234;0;48603;26981;0;3.7;2.0;0.0
91;2021-03-04;2702;1150;0;51305;28131;0;3.9;2.1;0.0
91;2021-03-05;3832;1202;0;55137;29333;0;4.2;2.2;0.0
91;2021-03-06;4820;436;0;59957;29769;0;4.5;2.3;0.0
91;2021-03-07;3021;200;0;62978;29969;0;4.8;2.3;0.0
91;2021-03-08;1788;988;0;64766;30957;0;4.9;2.3;0.0
91;2021-03-09;2979;942;0;67745;31899;0;5.1;2.4;0.0
91;2021-03-10;2982;1002;0;70727;32901;0;5.4;2.5;0.0
91;2021-03-11;4091;1124;0;74818;34025;0;5.7;2.6;0.0
91;2021-03-12;5081;1025;0;79899;35050;0;6.1;2.7;0.0
91;2021-03-13;5280;364;0;85179;35414;0;6.5;2.7;0.0
91;2021-03-14;522;50;0;85701;35464;0;6.5;2.7;0.0
91;2021-03-15;3189;486;0;88890;35950;0;6.7;2.7;0.0
91;2021-03-16;2720;440;0;91610;36390;0;6.9;2.8;0.0
91;2021-03-17;2470;395;0;94080;36785;0;7.1;2.8;0.0
91;2021-03-18;2615;448;0;96695;37233;0;7.3;2.8;0.0
91;2021-03-19;4172;463;0;100867;37696;0;7.6;2.9;0.0
91;2021-03-20;3413;199;0;104280;37895;0;7.9;2.9;0.0
91;2021-03-21;207;71;0;104487;37966;0;7.9;2.9;0.0
91;2021-03-22;3319;599;0;107806;38565;0;8.2;2.9;0.0
91;2021-03-23;4412;722;0;112218;39287;0;8.5;3.0;0.0
91;2021-03-24;4210;600;0;116428;39887;0;8.8;3.0;0.0
91;2021-03-25;5576;566;0;122004;40453;0;9.2;3.1;0.0
91;2021-03-26;6004;671;0;128008;41124;0;9.7;3.1;0.0
91;2021-03-27;4602;336;0;132610;41460;0;10.1;3.1;0.0
91;2021-03-28;430;62;0;133040;41522;0;10.1;3.1;0.0
91;2021-03-29;3712;1119;0;136752;42641;0;10.4;3.2;0.0
91;2021-03-30;4930;1307;0;141682;43948;0;10.7;3.3;0.0
91;2021-03-31;3861;1476;0;145543;45424;0;11.0;3.4;0.0
91;2021-04-01;4467;1860;0;150010;47284;0;11.4;3.6;0.0
91;2021-04-02;4393;2414;0;154403;49698;0;11.7;3.8;0.0
91;2021-04-03;2113;2454;0;156516;52152;0;11.9;4.0;0.0
91;2021-04-04;684;1130;0;157200;53282;0;11.9;4.0;0.0
91;2021-04-05;698;162;0;157898;53444;0;12.0;4.1;0.0
91;2021-04-06;3884;1984;0;161782;55428;0;12.3;4.2;0.0
91;2021-04-07;4195;2129;0;165977;57557;0;12.6;4.4;0.0
91;2021-04-08;5265;2324;0;171242;59881;0;13.0;4.5;0.0
91;2021-04-09;6066;2357;0;177308;62238;0;13.4;4.7;0.0
91;2021-04-10;3119;2739;0;180427;64977;0;13.7;4.9;0.0
91;2021-04-11;334;229;0;180761;65206;0;13.7;4.9;0.0
91;2021-04-12;3386;2360;0;184147;67566;0;14.0;5.1;0.0
91;2021-04-13;4314;2966;0;188461;70532;0;14.3;5.3;0.0
91;2021-04-14;4261;2512;0;192722;73044;0;14.6;5.5;0.0
91;2021-04-15;4911;2703;0;197633;75747;0;15.0;5.7;0.0
91;2021-04-16;5162;2971;0;202795;78718;0;15.4;6.0;0.0
91;2021-04-17;3130;2002;0;205925;80720;0;15.6;6.1;0.0
91;2021-04-18;432;125;0;206357;80845;0;15.6;6.1;0.0
91;2021-04-19;2805;2852;0;209162;83697;0;15.9;6.3;0.0
91;2021-04-20;3692;3055;0;212854;86752;0;16.1;6.6;0.0
91;2021-04-21;3583;3045;0;216437;89797;0;16.4;6.8;0.0
91;2021-04-22;3785;3701;0;220222;93498;0;16.7;7.1;0.0
91;2021-04-23;4363;3541;0;224585;97039;0;17.0;7.4;0.0
91;2021-04-24;4054;3379;0;228639;100418;0;17.3;7.6;0.0
91;2021-04-25;2638;704;0;231277;101122;0;17.5;7.7;0.0
91;2021-04-26;3997;3009;0;235274;104131;0;17.8;7.9;0.0
91;2021-04-27;5062;3204;0;240336;107335;0;18.2;8.1;0.0
91;2021-04-28;5316;2950;0;245652;110285;0;18.6;8.4;0.0
91;2021-04-29;6425;3288;0;252077;113573;0;19.1;8.6;0.0
91;2021-04-30;6080;3107;0;258157;116680;0;19.6;8.8;0.0
91;2021-05-01;3536;636;0;261693;117316;0;19.8;8.9;0.0
91;2021-05-02;929;205;0;262622;117521;0;19.9;8.9;0.0
91;2021-05-03;5788;3242;0;268410;120763;0;20.3;9.2;0.0
91;2021-05-04;6121;3815;0;274531;124578;0;20.8;9.4;0.0
91;2021-05-05;5610;3355;0;280141;127933;0;21.2;9.7;0.0
91;2021-05-06;6043;3852;0;286184;131785;0;21.7;10.0;0.0
91;2021-05-07;6696;4099;0;292880;135884;0;22.2;10.3;0.0
91;2021-05-08;6091;1489;0;298971;137373;0;22.7;10.4;0.0
91;2021-05-09;4690;768;0;303661;138141;0;23.0;10.5;0.0
91;2021-05-10;6598;3481;0;310259;141622;0;23.5;10.7;0.0
91;2021-05-11;7836;4298;0;318095;145920;0;24.1;11.1;0.0
91;2021-05-12;7265;3869;0;325360;149789;0;24.7;11.4;0.0
91;2021-05-13;5631;1148;0;330991;150937;0;25.1;11.4;0.0
91;2021-05-14;7813;2671;0;338804;153608;0;25.7;11.6;0.0
91;2021-05-15;7658;2054;0;346462;155662;0;26.3;11.8;0.0
91;2021-05-16;4397;445;0;350859;156107;0;26.6;11.8;0.0
91;2021-05-17;7761;1937;0;358620;158044;0;27.2;12.0;0.0
91;2021-05-18;8999;2013;0;367619;160057;0;27.9;12.1;0.0
91;2021-05-19;8562;2444;0;376181;162501;0;28.5;12.3;0.0
91;2021-05-20;9532;2673;0;385713;165174;0;29.2;12.5;0.0
91;2021-05-21;9253;2827;0;394966;168001;0;29.9;12.7;0.0
91;2021-05-22;7497;1560;0;402463;169561;0;30.5;12.9;0.0
91;2021-05-23;4683;560;0;407146;170121;0;30.9;12.9;0.0
91;2021-05-24;5049;644;0;412195;170765;0;31.2;12.9;0.0
91;2021-05-25;8557;3208;0;420752;173973;0;31.9;13.2;0.0
91;2021-05-26;7825;3320;0;428577;177293;0;32.5;13.4;0.0
91;2021-05-27;8560;3816;0;437137;181109;0;33.1;13.7;0.0
91;2021-05-28;8031;4688;0;445168;185797;0;33.7;14.1;0.0
91;2021-05-29;8583;3509;0;453751;189306;0;34.4;14.3;0.0
91;2021-05-30;4622;897;0;458373;190203;0;34.7;14.4;0.0
91;2021-05-31;7317;4108;0;465690;194311;0;35.3;14.7;0.0
91;2021-06-01;8360;5281;0;474050;199592;0;35.9;15.1;0.0
91;2021-06-02;8125;4602;0;482175;204194;0;36.5;15.5;0.0
91;2021-06-03;8451;5249;0;490626;209443;0;37.2;15.9;0.0
91;2021-06-04;7837;6143;0;498463;215586;0;37.8;16.3;0.0
91;2021-06-05;6347;6131;0;504810;221717;0;38.3;16.8;0.0
91;2021-06-06;3856;2313;0;508666;224030;0;38.6;17.0;0.0
91;2021-06-07;6241;5881;0;514907;229911;0;39.0;17.4;0.0
91;2021-06-08;7140;6483;0;522047;236394;0;39.6;17.9;0.0
91;2021-06-09;6849;6052;0;528896;242446;0;40.1;18.4;0.0
91;2021-06-10;7281;7558;0;536177;250004;0;40.6;18.9;0.0
91;2021-06-11;6758;7553;0;542935;257557;0;41.2;19.5;0.0
91;2021-06-12;6200;6967;0;549135;264524;0;41.6;20.0;0.0
91;2021-06-13;2653;2159;0;551788;266683;0;41.8;20.2;0.0
91;2021-06-14;4426;7884;0;556214;274567;0;42.2;20.8;0.0
91;2021-06-15;5734;8043;0;561948;282610;0;42.6;21.4;0.0
91;2021-06-16;5175;7090;0;567123;289700;0;43.0;22.0;0.0
91;2021-06-17;6043;7737;0;573166;297437;0;43.4;22.5;0.0
91;2021-06-18;4917;9494;0;578083;306931;0;43.8;23.3;0.0
91;2021-06-19;4052;7249;0;582135;314180;0;44.1;23.8;0.0
91;2021-06-20;957;4212;0;583092;318392;0;44.2;24.1;0.0
91;2021-06-21;3432;8124;0;586524;326516;0;44.5;24.7;0.0
91;2021-06-22;4050;9923;0;590574;336439;0;44.8;25.5;0.0
91;2021-06-23;4147;8719;0;594721;345158;0;45.1;26.2;0.0
91;2021-06-24;4746;8902;0;599467;354060;0;45.4;26.8;0.0
91;2021-06-25;3649;10184;0;603116;364244;0;45.7;27.6;0.0
91;2021-06-26;2909;8279;0;606025;372523;0;45.9;28.2;0.0
91;2021-06-27;612;3226;0;606637;375749;0;46.0;28.5;0.0
91;2021-06-28;3084;8919;0;609721;384668;0;46.2;29.2;0.0
91;2021-06-29;3600;10271;0;613321;394939;0;46.5;29.9;0.0
91;2021-06-30;3886;9528;0;617207;404467;0;46.8;30.7;0.0
91;2021-07-01;4215;9690;0;621422;414157;0;47.1;31.4;0.0
91;2021-07-02;4133;10098;0;625555;424255;0;47.4;32.2;0.0
91;2021-07-03;3009;9907;0;628564;434162;0;47.6;32.9;0.0
91;2021-07-04;986;4550;0;629550;438712;0;47.7;33.3;0.0
91;2021-07-05;2997;7806;0;632547;446518;0;47.9;33.8;0.0
91;2021-07-06;3803;10080;0;636350;456598;0;48.2;34.6;0.0
91;2021-07-07;4075;9676;0;640425;466274;0;48.5;35.3;0.0
91;2021-07-08;4572;9678;0;644997;475952;0;48.9;36.1;0.0
91;2021-07-09;4392;10475;0;649389;486427;0;49.2;36.9;0.0
91;2021-07-10;3555;9902;0;652944;496329;0;49.5;37.6;0.0
91;2021-07-11;1220;4303;0;654164;500632;0;49.6;37.9;0.0
91;2021-07-12;3245;9920;0;657409;510552;0;49.8;38.7;0.0
91;2021-07-13;5655;11397;0;663064;521949;0;50.3;39.6;0.0
91;2021-07-14;3336;4058;0;666400;526007;0;50.5;39.9;0.0
91;2021-07-15;6150;11158;0;672550;537165;0;51.0;40.7;0.0
91;2021-07-16;7548;10425;0;680098;547590;0;51.5;41.5;0.0
91;2021-07-17;6297;8940;0;686395;556530;0;52.0;42.2;0.0
91;2021-07-18;3734;3568;0;690129;560098;0;52.3;42.5;0.0
91;2021-07-19;5085;8402;0;695214;568500;0;52.7;43.1;0.0
91;2021-07-20;7545;9912;0;702759;578412;0;53.3;43.8;0.0
91;2021-07-21;7748;8411;0;710507;586823;0;53.9;44.5;0.0
91;2021-07-22;8172;8983;0;718679;595806;0;54.5;45.2;0.0
91;2021-07-23;8268;8810;0;726947;604616;0;55.1;45.8;0.0
91;2021-07-24;5824;6691;0;732771;611307;0;55.5;46.3;0.0
91;2021-07-25;3511;1625;0;736282;612932;0;55.8;46.5;0.0
91;2021-07-26;6174;7157;0;742456;620089;0;56.3;47.0;0.0
91;2021-07-27;8717;7607;0;751173;627696;0;56.9;47.6;0.0
91;2021-07-28;8379;6447;0;759552;634143;0;57.6;48.1;0.0
91;2021-07-29;8456;6513;0;768008;640656;0;58.2;48.6;0.0
91;2021-07-30;7797;6347;0;775805;647003;0;58.8;49.0;0.0
91;2021-07-31;5306;5073;0;781111;652076;0;59.2;49.4;0.0
91;2021-08-01;2717;1414;0;783828;653490;0;59.4;49.5;0.0
91;2021-08-02;5575;4856;0;789403;658346;0;59.8;49.9;0.0
91;2021-08-03;6320;5415;0;795723;663761;0;60.3;50.3;0.0
91;2021-08-04;6270;4844;0;801993;668605;0;60.8;50.7;0.0
91;2021-08-05;5799;5100;0;807792;673705;0;61.2;51.1;0.0
91;2021-08-06;6042;6397;0;813834;680102;0;61.7;51.5;0.0
91;2021-08-07;3270;3352;0;817104;683454;0;61.9;51.8;0.0
91;2021-08-08;883;1494;0;817987;684948;0;62.0;51.9;0.0
91;2021-08-09;4245;5083;0;822232;690031;0;62.3;52.3;0.0
91;2021-08-10;4919;5609;0;827151;695640;0;62.7;52.7;0.0
91;2021-08-11;4375;5565;0;831526;701205;0;63.0;53.1;0.0
91;2021-08-12;4231;5755;0;835757;706960;0;63.3;53.6;0.0
91;2021-08-13;4176;5640;1;839933;712600;1;63.7;54.0;0.0
91;2021-08-14;2214;3335;0;842147;715935;1;63.8;54.3;0.0
91;2021-08-15;259;464;0;842406;716399;1;63.8;54.3;0.0
91;2021-08-16;3051;5860;0;845457;722259;1;64.1;54.7;0.0
91;2021-08-17;3638;6818;0;849095;729077;1;64.4;55.3;0.0
91;2021-08-18;3017;6570;0;852112;735647;1;64.6;55.8;0.0
91;2021-08-19;3437;6541;0;855549;742188;1;64.8;56.3;0.0
91;2021-08-20;3149;7397;0;858698;749585;1;65.1;56.8;0.0
91;2021-08-21;2298;4172;0;860996;753757;1;65.3;57.1;0.0
91;2021-08-22;703;1721;0;861699;755478;1;65.3;57.3;0.0
91;2021-08-23;2471;6364;0;864170;761842;1;65.5;57.7;0.0
91;2021-08-24;2962;7544;0;867132;769386;1;65.7;58.3;0.0
91;2021-08-25;3172;7048;0;870304;776434;1;66.0;58.8;0.0
91;2021-08-26;2739;6376;0;873043;782810;1;66.2;59.3;0.0
91;2021-08-27;2783;7735;0;875826;790545;1;66.4;59.9;0.0
91;2021-08-28;2180;5070;0;878006;795615;1;66.5;60.3;0.0
91;2021-08-29;1531;2637;0;879537;798252;1;66.7;60.5;0.0
91;2021-08-30;1844;6037;80;881381;804289;81;66.8;61.0;0.0
91;2021-08-31;2209;6049;190;883590;810338;271;67.0;61.4;0.0
91;2021-09-01;2613;4563;255;886203;814901;526;67.2;61.8;0.0
91;2021-09-02;2113;3791;366;888316;818692;892;67.3;62.1;0.1
91;2021-09-03;2174;4701;375;890490;823393;1267;67.5;62.4;0.1
91;2021-09-04;2072;4122;143;892562;827515;1410;67.6;62.7;0.1
91;2021-09-05;661;842;68;893223;828357;1478;67.7;62.8;0.1
91;2021-09-06;1630;3051;541;894853;831408;2019;67.8;63.0;0.2
91;2021-09-07;1523;2871;512;896376;834279;2531;67.9;63.2;0.2
91;2021-09-08;1796;3141;509;898172;837420;3040;68.1;63.5;0.2
91;2021-09-09;1330;2790;611;899502;840210;3651;68.2;63.7;0.3
91;2021-09-10;1823;3390;526;901325;843600;4177;68.3;63.9;0.3
91;2021-09-11;1693;4032;208;903018;847632;4385;68.4;64.2;0.3
91;2021-09-12;547;907;87;903565;848539;4472;68.5;64.3;0.3
91;2021-09-13;1374;2282;728;904939;850821;5200;68.6;64.5;0.4
91;2021-09-14;1693;2534;1131;906632;853355;6331;68.7;64.7;0.5
91;2021-09-15;1663;3258;874;908295;856613;7205;68.8;64.9;0.5
91;2021-09-16;1381;2153;1021;909676;858766;8226;68.9;65.1;0.6
91;2021-09-17;1382;2757;772;911058;861523;8998;69.1;65.3;0.7
91;2021-09-18;1285;3346;260;912343;864869;9258;69.1;65.6;0.7
91;2021-09-19;391;1017;62;912734;865886;9320;69.2;65.6;0.7
91;2021-09-20;779;1589;844;913513;867475;10164;69.2;65.7;0.8
91;2021-09-21;907;1653;1167;914420;869128;11331;69.3;65.9;0.9
91;2021-09-22;917;2531;636;915337;871659;11967;69.4;66.1;0.9
91;2021-09-23;882;1683;1075;916219;873342;13042;69.4;66.2;1.0
91;2021-09-24;912;2143;845;917131;875485;13887;69.5;66.4;1.1
91;2021-09-25;1011;3152;357;918142;878637;14244;69.6;66.6;1.1
91;2021-09-26;198;719;115;918340;879356;14359;69.6;66.6;1.1
91;2021-09-27;748;1529;664;919088;880885;15023;69.7;66.8;1.1
91;2021-09-28;863;1313;664;919951;882198;15687;69.7;66.9;1.2
91;2021-09-29;972;2192;782;920923;884390;16469;69.8;67.0;1.2
91;2021-09-30;657;1159;796;921580;885549;17265;69.8;67.1;1.3
91;2021-10-01;1358;1827;899;922938;887376;18164;70.0;67.3;1.4
91;2021-10-02;1020;2162;454;923958;889538;18618;70.0;67.4;1.4
91;2021-10-03;218;532;99;924176;890070;18717;70.0;67.5;1.4
91;2021-10-04;733;1128;1092;924909;891198;19809;70.1;67.5;1.5
91;2021-10-05;695;1144;951;925604;892342;20760;70.2;67.6;1.6
91;2021-10-06;792;1718;1207;926396;894060;21967;70.2;67.8;1.7
91;2021-10-07;613;1051;1213;927009;895111;23180;70.3;67.8;1.8
91;2021-10-08;846;1695;1413;927855;896806;24593;70.3;68.0;1.9
91;2021-10-09;963;1770;685;928818;898576;25278;70.4;68.1;1.9
91;2021-10-10;236;441;131;929054;899017;25409;70.4;68.1;1.9
91;2021-10-11;589;953;1105;929643;899970;26514;70.5;68.2;2.0
91;2021-10-12;559;1023;1099;930202;900993;27613;70.5;68.3;2.1
91;2021-10-13;744;1326;1393;930946;902319;29006;70.6;68.4;2.2
91;2021-10-14;492;975;979;931438;903294;29985;70.6;68.5;2.3
91;2021-10-15;881;1366;1729;932319;904660;31714;70.7;68.6;2.4
91;2021-10-16;838;1343;699;933157;906003;32413;70.7;68.7;2.5
91;2021-10-17;189;284;248;933346;906287;32661;70.7;68.7;2.5
91;2021-10-18;592;876;1341;933938;907163;34002;70.8;68.8;2.6
91;2021-10-19;471;984;1092;934409;908147;35094;70.8;68.8;2.7
91;2021-10-20;599;1010;1738;935008;909157;36832;70.9;68.9;2.8
91;2021-10-21;316;683;1244;935324;909840;38076;70.9;69.0;2.9
91;2021-10-22;593;1119;1792;935917;910959;39868;70.9;69.0;3.0
91;2021-10-23;643;1128;1032;936560;912087;40900;71.0;69.1;3.1
91;2021-10-24;133;225;213;936693;912312;41113;71.0;69.1;3.1
91;2021-10-25;363;625;1300;937056;912937;42413;71.0;69.2;3.2
91;2021-10-26;434;602;1456;937490;913539;43869;71.1;69.2;3.3
91;2021-10-27;490;818;1889;937980;914357;45758;71.1;69.3;3.5
91;2021-10-28;312;502;1317;938292;914859;47075;71.1;69.3;3.6
91;2021-10-29;500;777;2051;938792;915636;49126;71.2;69.4;3.7
91;2021-10-30;484;891;1076;939276;916527;50202;71.2;69.5;3.8
91;2021-10-31;98;155;216;939374;916682;50418;71.2;69.5;3.8
91;2021-11-01;100;106;63;939474;916788;50481;71.2;69.5;3.8
91;2021-11-02;436;630;1263;939910;917418;51744;71.2;69.5;3.9
91;2021-11-03;492;737;1922;940402;918155;53666;71.3;69.6;4.1
91;2021-11-04;334;522;1401;940736;918677;55067;71.3;69.6;4.2
91;2021-11-05;451;765;2434;941187;919442;57501;71.3;69.7;4.4
91;2021-11-06;512;875;1450;941699;920317;58951;71.4;69.8;4.5
91;2021-11-07;82;161;238;941781;920478;59189;71.4;69.8;4.5
91;2021-11-08;221;461;1893;942002;920939;61082;71.4;69.8;4.6
91;2021-11-09;314;621;2613;942316;921560;63695;71.4;69.8;4.8
91;2021-11-10;475;759;3137;942791;922319;66832;71.5;69.9;5.1
91;2021-11-11;120;157;520;942911;922476;67352;71.5;69.9;5.1
91;2021-11-12;449;713;3561;943360;923189;70913;71.5;70.0;5.4
91;2021-11-13;542;852;2176;943902;924041;73089;71.5;70.0;5.5
91;2021-11-14;56;137;271;943958;924178;73360;71.5;70.0;5.6
91;2021-11-15;272;462;2193;944230;924640;75553;71.6;70.1;5.7
91;2021-11-16;373;506;3306;944603;925146;78859;71.6;70.1;6.0
91;2021-11-17;389;603;3008;944992;925749;81867;71.6;70.2;6.2
91;2021-11-18;295;423;2834;945287;926172;84701;71.6;70.2;6.4
91;2021-11-19;429;630;3427;945716;926802;88128;71.7;70.2;6.7
91;2021-11-20;592;786;2672;946308;927588;90800;71.7;70.3;6.9
91;2021-11-21;137;185;454;946445;927773;91254;71.7;70.3;6.9
91;2021-11-22;266;298;2398;946711;928071;93652;71.8;70.3;7.1
91;2021-11-23;333;431;3208;947044;928502;96860;71.8;70.4;7.3
91;2021-11-24;425;550;2990;947469;929052;99850;71.8;70.4;7.6
91;2021-11-25;343;445;4118;947812;929497;103968;71.8;70.4;7.9
91;2021-11-26;435;547;6458;948247;930044;110426;71.9;70.5;8.4
91;2021-11-27;512;759;5792;948759;930803;116218;71.9;70.5;8.8
91;2021-11-28;101;145;1793;948860;930948;118011;71.9;70.6;8.9
91;2021-11-29;192;342;5205;949052;931290;123216;71.9;70.6;9.3
91;2021-11-30;292;417;7667;949344;931707;130883;72.0;70.6;9.9
91;2021-12-01;257;507;8728;949601;932214;139611;72.0;70.7;10.6
91;2021-12-02;207;326;9078;949808;932540;148689;72.0;70.7;11.3
91;2021-12-03;231;432;10245;950039;932972;158934;72.0;70.7;12.0
91;2021-12-04;308;569;8748;950347;933541;167682;72.0;70.8;12.7
91;2021-12-05;99;148;3669;950446;933689;171351;72.0;70.8;13.0
91;2021-12-06;220;405;7478;950666;934094;178829;72.1;70.8;13.6
91;2021-12-07;253;474;11398;950919;934568;190227;72.1;70.8;14.4
91;2021-12-08;294;525;10203;951213;935093;200430;72.1;70.9;15.2
91;2021-12-09;257;455;11905;951470;935548;212335;72.1;70.9;16.1
91;2021-12-10;265;518;12653;951735;936066;224988;72.1;70.9;17.1
91;2021-12-11;362;677;13107;952097;936743;238095;72.2;71.0;18.0
91;2021-12-12;173;223;6684;952270;936966;244779;72.2;71.0;18.6
91;2021-12-13;226;375;8794;952496;937341;253573;72.2;71.0;19.2
91;2021-12-14;316;401;14366;952812;937742;267939;72.2;71.1;20.3
91;2021-12-15;324;524;12902;953136;938266;280841;72.2;71.1;21.3
91;2021-12-16;347;490;14484;953483;938756;295325;72.3;71.2;22.4
91;2021-12-17;361;556;13926;953844;939312;309251;72.3;71.2;23.4
91;2021-12-18;489;637;14702;954333;939949;323953;72.3;71.2;24.6
91;2021-12-19;238;239;8363;954571;940188;332316;72.3;71.3;25.2
91;2021-12-20;404;435;10830;954975;940623;343146;72.4;71.3;26.0
91;2021-12-21;480;492;13254;955455;941115;356400;72.4;71.3;27.0
91;2021-12-22;482;505;10966;955937;941620;367366;72.5;71.4;27.8
91;2021-12-23;430;383;9159;956367;942003;376525;72.5;71.4;28.5
91;2021-12-24;180;204;3186;956547;942207;379711;72.5;71.4;28.8
91;2021-12-25;3;35;208;956550;942242;379919;72.5;71.4;28.8
91;2021-12-26;221;147;4346;956771;942389;384265;72.5;71.4;29.1
92;2020-12-27;7;0;0;7;0;0;0.0;0.0;0.0
92;2020-12-28;14;0;0;21;0;0;0.0;0.0;0.0
92;2020-12-29;51;0;0;72;0;0;0.0;0.0;0.0
92;2020-12-30;21;0;0;93;0;0;0.0;0.0;0.0
92;2020-12-31;11;0;0;104;0;0;0.0;0.0;0.0
92;2021-01-01;13;0;0;117;0;0;0.0;0.0;0.0
92;2021-01-02;9;0;0;126;0;0;0.0;0.0;0.0
92;2021-01-03;25;2;0;151;2;0;0.0;0.0;0.0
92;2021-01-04;86;1;0;237;3;0;0.0;0.0;0.0
92;2021-01-05;268;4;0;505;7;0;0.0;0.0;0.0
92;2021-01-06;512;10;0;1017;17;0;0.1;0.0;0.0
92;2021-01-07;799;4;0;1816;21;0;0.1;0.0;0.0
92;2021-01-08;1049;9;0;2865;30;0;0.2;0.0;0.0
92;2021-01-09;209;0;0;3074;30;0;0.2;0.0;0.0
92;2021-01-10;199;2;0;3273;32;0;0.2;0.0;0.0
92;2021-01-11;1119;21;0;4392;53;0;0.3;0.0;0.0
92;2021-01-12;1562;17;0;5954;70;0;0.4;0.0;0.0
92;2021-01-13;1405;12;0;7359;82;0;0.5;0.0;0.0
92;2021-01-14;1363;17;0;8722;99;0;0.5;0.0;0.0
92;2021-01-15;1244;11;0;9966;110;0;0.6;0.0;0.0
92;2021-01-16;340;4;0;10306;114;0;0.6;0.0;0.0
92;2021-01-17;142;3;0;10448;117;0;0.6;0.0;0.0
92;2021-01-18;1947;26;0;12395;143;0;0.8;0.0;0.0
92;2021-01-19;2058;21;0;14453;164;0;0.9;0.0;0.0
92;2021-01-20;2343;26;0;16796;190;0;1.0;0.0;0.0
92;2021-01-21;3553;27;0;20349;217;0;1.3;0.0;0.0
92;2021-01-22;2971;43;0;23320;260;0;1.4;0.0;0.0
92;2021-01-23;430;1;0;23750;261;0;1.5;0.0;0.0
92;2021-01-24;111;2;0;23861;263;0;1.5;0.0;0.0
92;2021-01-25;1225;18;0;25086;281;0;1.6;0.0;0.0
92;2021-01-26;1573;28;0;26659;309;0;1.7;0.0;0.0
92;2021-01-27;2222;104;0;28881;413;0;1.8;0.0;0.0
92;2021-01-28;3964;182;0;32845;595;0;2.0;0.0;0.0
92;2021-01-29;2845;249;0;35690;844;0;2.2;0.1;0.0
92;2021-01-30;455;12;0;36145;856;0;2.2;0.1;0.0
92;2021-01-31;72;2;0;36217;858;0;2.2;0.1;0.0
92;2021-02-01;1202;277;0;37419;1135;0;2.3;0.1;0.0
92;2021-02-02;1414;408;0;38833;1543;0;2.4;0.1;0.0
92;2021-02-03;1299;456;0;40132;1999;0;2.5;0.1;0.0
92;2021-02-04;1298;607;0;41430;2606;0;2.6;0.2;0.0
92;2021-02-05;1603;561;0;43033;3167;0;2.7;0.2;0.0
92;2021-02-06;262;62;0;43295;3229;0;2.7;0.2;0.0
92;2021-02-07;77;39;0;43372;3268;0;2.7;0.2;0.0
92;2021-02-08;927;769;0;44299;4037;0;2.7;0.3;0.0
92;2021-02-09;1275;1343;0;45574;5380;0;2.8;0.3;0.0
92;2021-02-10;1293;1323;0;46867;6703;0;2.9;0.4;0.0
92;2021-02-11;1860;2356;0;48727;9059;0;3.0;0.6;0.0
92;2021-02-12;1593;1565;0;50320;10624;0;3.1;0.7;0.0
92;2021-02-13;204;250;0;50524;10874;0;3.1;0.7;0.0
92;2021-02-14;47;39;0;50571;10913;0;3.1;0.7;0.0
92;2021-02-15;630;2043;0;51201;12956;0;3.2;0.8;0.0
92;2021-02-16;832;2682;0;52033;15638;0;3.2;1.0;0.0
92;2021-02-17;660;2002;0;52693;17640;0;3.3;1.1;0.0
92;2021-02-18;1468;3655;0;54161;21295;0;3.4;1.3;0.0
92;2021-02-19;1630;2783;0;55791;24078;0;3.5;1.5;0.0
92;2021-02-20;223;613;0;56014;24691;0;3.5;1.5;0.0
92;2021-02-21;50;90;0;56064;24781;0;3.5;1.5;0.0
92;2021-02-22;606;1524;0;56670;26305;0;3.5;1.6;0.0
92;2021-02-23;781;1607;0;57451;27912;0;3.6;1.7;0.0
92;2021-02-24;767;1496;0;58218;29408;0;3.6;1.8;0.0
92;2021-02-25;1195;2280;0;59413;31688;0;3.7;2.0;0.0
92;2021-02-26;1733;1694;0;61146;33382;0;3.8;2.1;0.0
92;2021-02-27;615;266;0;61761;33648;0;3.8;2.1;0.0
92;2021-02-28;107;77;0;61868;33725;0;3.8;2.1;0.0
92;2021-03-01;1298;1334;0;63166;35059;0;3.9;2.2;0.0
92;2021-03-02;2155;1569;0;65321;36628;0;4.0;2.3;0.0
92;2021-03-03;2940;1454;0;68261;38082;0;4.2;2.4;0.0
92;2021-03-04;3947;1703;0;72208;39785;0;4.5;2.5;0.0
92;2021-03-05;5432;1910;0;77640;41695;0;4.8;2.6;0.0
92;2021-03-06;6769;499;0;84409;42194;0;5.2;2.6;0.0
92;2021-03-07;4271;494;0;88680;42688;0;5.5;2.6;0.0
92;2021-03-08;2754;1174;0;91434;43862;0;5.7;2.7;0.0
92;2021-03-09;3700;1262;0;95134;45124;0;5.9;2.8;0.0
92;2021-03-10;3992;1142;0;99126;46266;0;6.1;2.9;0.0
92;2021-03-11;5311;1530;0;104437;47796;0;6.5;3.0;0.0
92;2021-03-12;7053;1642;0;111490;49438;0;6.9;3.1;0.0
92;2021-03-13;5919;343;0;117409;49781;0;7.3;3.1;0.0
92;2021-03-14;2037;128;0;119446;49909;0;7.4;3.1;0.0
92;2021-03-15;4356;700;0;123802;50609;0;7.7;3.1;0.0
92;2021-03-16;3928;681;0;127730;51290;0;7.9;3.2;0.0
92;2021-03-17;4274;525;0;132004;51815;0;8.2;3.2;0.0
92;2021-03-18;4498;825;0;136502;52640;0;8.5;3.3;0.0
92;2021-03-19;6493;795;0;142995;53435;0;8.9;3.3;0.0
92;2021-03-20;3264;180;0;146259;53615;0;9.1;3.3;0.0
92;2021-03-21;630;148;0;146889;53763;0;9.1;3.3;0.0
92;2021-03-22;4922;635;0;151811;54398;0;9.4;3.4;0.0
92;2021-03-23;6621;991;0;158432;55389;0;9.8;3.4;0.0
92;2021-03-24;6913;857;0;165345;56246;0;10.2;3.5;0.0
92;2021-03-25;8951;796;0;174296;57042;0;10.8;3.5;0.0
92;2021-03-26;8984;1051;0;183280;58093;0;11.4;3.6;0.0
92;2021-03-27;3881;343;0;187161;58436;0;11.6;3.6;0.0
92;2021-03-28;900;73;0;188061;58509;0;11.7;3.6;0.0
92;2021-03-29;5139;1252;0;193200;59761;0;12.0;3.7;0.0
92;2021-03-30;7122;1813;0;200322;61574;0;12.4;3.8;0.0
92;2021-03-31;6086;2369;0;206408;63943;0;12.8;4.0;0.0
92;2021-04-01;6547;4020;0;212955;67963;0;13.2;4.2;0.0
92;2021-04-02;6040;3890;0;218995;71853;0;13.6;4.5;0.0
92;2021-04-03;1620;2051;0;220615;73904;0;13.7;4.6;0.0
92;2021-04-04;744;1161;0;221359;75065;0;13.7;4.7;0.0
92;2021-04-05;1001;318;0;222360;75383;0;13.8;4.7;0.0
92;2021-04-06;4211;2387;0;226571;77770;0;14.0;4.8;0.0
92;2021-04-07;5397;3307;0;231968;81077;0;14.4;5.0;0.0
92;2021-04-08;6252;3399;0;238220;84476;0;14.8;5.2;0.0
92;2021-04-09;8064;3409;0;246284;87885;0;15.3;5.4;0.0
92;2021-04-10;3243;1903;0;249527;89788;0;15.5;5.6;0.0
92;2021-04-11;619;1022;0;250146;90810;0;15.5;5.6;0.0
92;2021-04-12;4381;2994;0;254527;93804;0;15.8;5.8;0.0
92;2021-04-13;5211;4731;0;259738;98535;0;16.1;6.1;0.0
92;2021-04-14;5499;4427;0;265237;102962;0;16.4;6.4;0.0
92;2021-04-15;5729;4413;0;270966;107375;0;16.8;6.7;0.0
92;2021-04-16;5978;4383;0;276944;111758;0;17.2;6.9;0.0
92;2021-04-17;2727;1864;0;279671;113622;0;17.3;7.0;0.0
92;2021-04-18;724;483;0;280395;114105;0;17.4;7.1;0.0
92;2021-04-19;3669;3541;0;284064;117646;0;17.6;7.3;0.0
92;2021-04-20;4977;4377;0;289041;122023;0;17.9;7.6;0.0
92;2021-04-21;5206;4817;0;294247;126840;0;18.2;7.9;0.0
92;2021-04-22;5213;5498;0;299460;132338;0;18.6;8.2;0.0
92;2021-04-23;5777;4966;0;305237;137304;0;18.9;8.5;0.0
92;2021-04-24;5307;2582;0;310544;139886;0;19.2;8.7;0.0
92;2021-04-25;2140;570;0;312684;140456;0;19.4;8.7;0.0
92;2021-04-26;4575;3967;0;317259;144423;0;19.7;8.9;0.0
92;2021-04-27;7002;5619;0;324261;150042;0;20.1;9.3;0.0
92;2021-04-28;8226;4968;0;332487;155010;0;20.6;9.6;0.0
92;2021-04-29;8830;5091;0;341317;160101;0;21.2;9.9;0.0
92;2021-04-30;9804;4983;0;351121;165084;0;21.8;10.2;0.0
92;2021-05-01;2357;664;0;353478;165748;0;21.9;10.3;0.0
92;2021-05-02;1326;488;0;354804;166236;0;22.0;10.3;0.0
92;2021-05-03;7633;4971;0;362437;171207;0;22.5;10.6;0.0
92;2021-05-04;10210;4947;0;372647;176154;0;23.1;10.9;0.0
92;2021-05-05;9857;5425;0;382504;181579;0;23.7;11.3;0.0
92;2021-05-06;10993;5226;0;393497;186805;0;24.4;11.6;0.0
92;2021-05-07;9891;5615;0;403388;192420;0;25.0;11.9;0.0
92;2021-05-08;7404;2351;0;410792;194771;0;25.5;12.1;0.0
92;2021-05-09;4249;1134;0;415041;195905;0;25.7;12.1;0.0
92;2021-05-10;10480;4528;0;425521;200433;0;26.4;12.4;0.0
92;2021-05-11;13468;6174;0;438989;206607;0;27.2;12.8;0.0
92;2021-05-12;13804;5099;0;452793;211706;0;28.1;13.1;0.0
92;2021-05-13;9715;1330;0;462508;213036;0;28.7;13.2;0.0
92;2021-05-14;12849;3096;0;475357;216132;0;29.5;13.4;0.0
92;2021-05-15;9429;1708;0;484786;217840;0;30.0;13.5;0.0
92;2021-05-16;5086;620;0;489872;218460;0;30.4;13.5;0.0
92;2021-05-17;11980;2734;0;501852;221194;0;31.1;13.7;0.0
92;2021-05-18;16600;3254;0;518452;224448;0;32.1;13.9;0.0
92;2021-05-19;16185;4296;0;534637;228744;0;33.1;14.2;0.0
92;2021-05-20;17038;4500;0;551675;233244;0;34.2;14.5;0.0
92;2021-05-21;15135;3956;0;566810;237200;0;35.1;14.7;0.0
92;2021-05-22;10631;1946;0;577441;239146;0;35.8;14.8;0.0
92;2021-05-23;5383;750;0;582824;239896;0;36.1;14.9;0.0
92;2021-05-24;8069;1144;0;590893;241040;0;36.6;14.9;0.0
92;2021-05-25;13638;4899;0;604531;245939;0;37.5;15.2;0.0
92;2021-05-26;12781;5221;0;617312;251160;0;38.3;15.6;0.0
92;2021-05-27;13604;6485;0;630916;257645;0;39.1;16.0;0.0
92;2021-05-28;12627;6761;0;643543;264406;0;39.9;16.4;0.0
92;2021-05-29;8432;3174;0;651975;267580;0;40.4;16.6;0.0
92;2021-05-30;4028;898;0;656003;268478;0;40.7;16.6;0.0
92;2021-05-31;12475;6064;0;668478;274542;0;41.4;17.0;0.0
92;2021-06-01;12731;8241;0;681209;282783;0;42.2;17.5;0.0
92;2021-06-02;13732;7203;0;694941;289986;0;43.1;18.0;0.0
92;2021-06-03;14034;7957;0;708975;297943;0;43.9;18.5;0.0
92;2021-06-04;12259;8684;0;721234;306627;0;44.7;19.0;0.0
92;2021-06-05;8015;6772;0;729249;313399;0;45.2;19.4;0.0
92;2021-06-06;4703;2128;0;733952;315527;0;45.5;19.6;0.0
92;2021-06-07;10235;8110;0;744187;323637;0;46.1;20.1;0.0
92;2021-06-08;11204;10080;0;755391;333717;0;46.8;20.7;0.0
92;2021-06-09;10796;9993;0;766187;343710;0;47.5;21.3;0.0
92;2021-06-10;11191;11751;0;777378;355461;0;48.2;22.0;0.0
92;2021-06-11;8586;11504;0;785964;366965;0;48.7;22.7;0.0
92;2021-06-12;7242;5939;0;793206;372904;0;49.2;23.1;0.0
92;2021-06-13;3802;3047;0;797008;375951;0;49.4;23.3;0.0
92;2021-06-14;5282;11599;0;802290;387550;0;49.7;24.0;0.0
92;2021-06-15;6849;13281;0;809139;400831;0;50.1;24.8;0.0
92;2021-06-16;6872;12286;0;816011;413117;0;50.6;25.6;0.0
92;2021-06-17;7283;13323;0;823294;426440;0;51.0;26.4;0.0
92;2021-06-18;7225;14445;0;830519;440885;0;51.5;27.3;0.0
92;2021-06-19;4730;9513;0;835249;450398;0;51.8;27.9;0.0
92;2021-06-20;2066;5355;0;837315;455753;0;51.9;28.2;0.0
92;2021-06-21;4582;12580;0;841897;468333;0;52.2;29.0;0.0
92;2021-06-22;5581;16345;0;847478;484678;0;52.5;30.0;0.0
92;2021-06-23;5461;15376;0;852939;500054;0;52.9;31.0;0.0
92;2021-06-24;6070;14433;0;859009;514487;0;53.2;31.9;0.0
92;2021-06-25;4996;16398;0;864005;530885;0;53.5;32.9;0.0
92;2021-06-26;4214;11547;0;868219;542432;0;53.8;33.6;0.0
92;2021-06-27;1597;6281;0;869816;548713;0;53.9;34.0;0.0
92;2021-06-28;3594;13171;0;873410;561884;0;54.1;34.8;0.0
92;2021-06-29;4503;17596;0;877913;579480;0;54.4;35.9;0.0
92;2021-06-30;4667;16152;0;882580;595632;0;54.7;36.9;0.0
92;2021-07-01;5944;16128;1;888524;611760;1;55.1;37.9;0.0
92;2021-07-02;5479;16337;0;894003;628097;1;55.4;38.9;0.0
92;2021-07-03;3557;11889;0;897560;639986;1;55.6;39.7;0.0
92;2021-07-04;1386;5278;0;898946;645264;1;55.7;40.0;0.0
92;2021-07-05;4634;12817;0;903580;658081;1;56.0;40.8;0.0
92;2021-07-06;5314;15670;0;908894;673751;1;56.3;41.8;0.0
92;2021-07-07;4937;12817;0;913831;686568;1;56.6;42.5;0.0
92;2021-07-08;5597;14417;0;919428;700985;1;57.0;43.4;0.0
92;2021-07-09;5916;15319;0;925344;716304;1;57.3;44.4;0.0
92;2021-07-10;3915;10196;0;929259;726500;1;57.6;45.0;0.0
92;2021-07-11;1726;4248;0;930985;730748;1;57.7;45.3;0.0
92;2021-07-12;4533;15095;0;935518;745843;1;58.0;46.2;0.0
92;2021-07-13;8027;16880;0;943545;762723;1;58.5;47.3;0.0
92;2021-07-14;4762;5576;0;948307;768299;1;58.8;47.6;0.0
92;2021-07-15;9162;16122;0;957469;784421;1;59.3;48.6;0.0
92;2021-07-16;9088;14386;0;966557;798807;1;59.9;49.5;0.0
92;2021-07-17;6138;8536;0;972695;807343;1;60.3;50.0;0.0
92;2021-07-18;2358;3640;0;975053;810983;1;60.4;50.3;0.0
92;2021-07-19;6447;12706;0;981500;823689;1;60.8;51.0;0.0
92;2021-07-20;9242;13303;0;990742;836992;1;61.4;51.9;0.0
92;2021-07-21;9463;11774;0;1000205;848766;1;62.0;52.6;0.0
92;2021-07-22;10477;12607;0;1010682;861373;1;62.6;53.4;0.0
92;2021-07-23;9809;11259;0;1020491;872632;1;63.2;54.1;0.0
92;2021-07-24;5883;6819;0;1026374;879451;1;63.6;54.5;0.0
92;2021-07-25;2627;2503;0;1029001;881954;1;63.8;54.7;0.0
92;2021-07-26;8132;9214;0;1037133;891168;1;64.3;55.2;0.0
92;2021-07-27;9667;9555;0;1046800;900723;1;64.9;55.8;0.0
92;2021-07-28;9412;8286;0;1056212;909009;1;65.5;56.3;0.0
92;2021-07-29;9039;8498;0;1065251;917507;1;66.0;56.9;0.0
92;2021-07-30;8222;8381;0;1073473;925888;1;66.5;57.4;0.0
92;2021-07-31;4936;4869;0;1078409;930757;1;66.8;57.7;0.0
92;2021-08-01;2116;1697;0;1080525;932454;1;67.0;57.8;0.0
92;2021-08-02;5370;5552;0;1085895;938006;1;67.3;58.1;0.0
92;2021-08-03;5657;6786;0;1091552;944792;1;67.6;58.5;0.0
92;2021-08-04;5309;5637;0;1096861;950429;1;68.0;58.9;0.0
92;2021-08-05;4728;6175;0;1101589;956604;1;68.3;59.3;0.0
92;2021-08-06;4932;6738;0;1106521;963342;1;68.6;59.7;0.0
92;2021-08-07;2814;4255;0;1109335;967597;1;68.7;60.0;0.0
92;2021-08-08;1048;1532;0;1110383;969129;1;68.8;60.1;0.0
92;2021-08-09;3621;5406;0;1114004;974535;1;69.0;60.4;0.0
92;2021-08-10;4191;6751;0;1118195;981286;1;69.3;60.8;0.0
92;2021-08-11;3557;5612;0;1121752;986898;1;69.5;61.2;0.0
92;2021-08-12;3502;6199;0;1125254;993097;1;69.7;61.5;0.0
92;2021-08-13;3117;5732;0;1128371;998829;1;69.9;61.9;0.0
92;2021-08-14;1908;4088;0;1130279;1002917;1;70.0;62.1;0.0
92;2021-08-15;573;935;0;1130852;1003852;1;70.1;62.2;0.0
92;2021-08-16;2549;6238;0;1133401;1010090;1;70.2;62.6;0.0
92;2021-08-17;2947;7573;0;1136348;1017663;1;70.4;63.1;0.0
92;2021-08-18;2502;6042;0;1138850;1023705;1;70.6;63.4;0.0
92;2021-08-19;2554;6136;0;1141404;1029841;1;70.7;63.8;0.0
92;2021-08-20;2327;5887;0;1143731;1035728;1;70.9;64.2;0.0
92;2021-08-21;1365;4292;0;1145096;1040020;1;71.0;64.4;0.0
92;2021-08-22;421;1686;0;1145517;1041706;1;71.0;64.6;0.0
92;2021-08-23;2333;6976;0;1147850;1048682;1;71.1;65.0;0.0
92;2021-08-24;2827;8296;0;1150677;1056978;1;71.3;65.5;0.0
92;2021-08-25;2708;7267;0;1153385;1064245;1;71.5;65.9;0.0
92;2021-08-26;2705;6884;0;1156090;1071129;1;71.6;66.4;0.0
92;2021-08-27;2643;6826;0;1158733;1077955;1;71.8;66.8;0.0
92;2021-08-28;1567;4484;0;1160300;1082439;1;71.9;67.1;0.0
92;2021-08-29;339;979;0;1160639;1083418;1;71.9;67.1;0.0
92;2021-08-30;2139;5339;198;1162778;1088757;199;72.1;67.5;0.0
92;2021-08-31;2732;6426;446;1165510;1095183;645;72.2;67.9;0.0
92;2021-09-01;3155;5637;855;1168665;1100820;1500;72.4;68.2;0.1
92;2021-09-02;2462;4771;846;1171127;1105591;2346;72.6;68.5;0.1
92;2021-09-03;2383;4738;1029;1173510;1110329;3375;72.7;68.8;0.2
92;2021-09-04;2058;4038;360;1175568;1114367;3735;72.8;69.1;0.2
92;2021-09-05;413;763;108;1175981;1115130;3843;72.9;69.1;0.2
92;2021-09-06;1181;2668;931;1177162;1117798;4774;72.9;69.3;0.3
92;2021-09-07;1416;2801;921;1178578;1120599;5695;73.0;69.4;0.4
92;2021-09-08;1908;3190;900;1180486;1123789;6595;73.2;69.6;0.4
92;2021-09-09;1106;2382;745;1181592;1126171;7340;73.2;69.8;0.5
92;2021-09-10;1645;3026;1158;1183237;1129197;8498;73.3;70.0;0.5
92;2021-09-11;1411;2555;261;1184648;1131752;8759;73.4;70.1;0.5
92;2021-09-12;212;436;51;1184860;1132188;8810;73.4;70.2;0.5
92;2021-09-13;1188;1940;1149;1186048;1134128;9959;73.5;70.3;0.6
92;2021-09-14;1104;2086;1334;1187152;1136214;11293;73.6;70.4;0.7
92;2021-09-15;1517;3216;1316;1188669;1139430;12609;73.7;70.6;0.8
92;2021-09-16;1020;1884;1210;1189689;1141314;13819;73.7;70.7;0.9
92;2021-09-17;1353;2752;1247;1191042;1144066;15066;73.8;70.9;0.9
92;2021-09-18;872;2136;322;1191914;1146202;15388;73.9;71.0;1.0
92;2021-09-19;143;284;22;1192057;1146486;15410;73.9;71.0;1.0
92;2021-09-20;748;1658;1176;1192805;1148144;16586;73.9;71.1;1.0
92;2021-09-21;729;1676;1358;1193534;1149820;17944;74.0;71.3;1.1
92;2021-09-22;1013;3479;1107;1194547;1153299;19051;74.0;71.5;1.2
92;2021-09-23;721;1695;1122;1195268;1154994;20173;74.1;71.6;1.3
92;2021-09-24;1022;2583;1083;1196290;1157577;21256;74.1;71.7;1.3
92;2021-09-25;639;2084;287;1196929;1159661;21543;74.2;71.9;1.3
92;2021-09-26;103;264;29;1197032;1159925;21572;74.2;71.9;1.3
92;2021-09-27;668;1446;996;1197700;1161371;22568;74.2;72.0;1.4
92;2021-09-28;692;1376;1040;1198392;1162747;23608;74.3;72.1;1.5
92;2021-09-29;986;2470;1165;1199378;1165217;24773;74.3;72.2;1.5
92;2021-09-30;811;1251;1114;1200189;1166468;25887;74.4;72.3;1.6
92;2021-10-01;1247;1913;1433;1201436;1168381;27320;74.4;72.4;1.7
92;2021-10-02;849;1582;412;1202285;1169963;27732;74.5;72.5;1.7
92;2021-10-03;98;206;46;1202383;1170169;27778;74.5;72.5;1.7
92;2021-10-04;709;1077;1364;1203092;1171246;29142;74.6;72.6;1.8
92;2021-10-05;664;1134;1663;1203756;1172380;30805;74.6;72.6;1.9
92;2021-10-06;954;1713;1936;1204710;1174093;32741;74.7;72.8;2.0
92;2021-10-07;524;898;1490;1205234;1174991;34231;74.7;72.8;2.1
92;2021-10-08;1036;1746;2139;1206270;1176737;36370;74.7;72.9;2.3
92;2021-10-09;686;1231;674;1206956;1177968;37044;74.8;73.0;2.3
92;2021-10-10;131;191;35;1207087;1178159;37079;74.8;73.0;2.3
92;2021-10-11;597;903;1453;1207684;1179062;38532;74.8;73.1;2.4
92;2021-10-12;701;1009;1771;1208385;1180071;40303;74.9;73.1;2.5
92;2021-10-13;894;1377;2345;1209279;1181448;42648;74.9;73.2;2.6
92;2021-10-14;561;846;1725;1209840;1182294;44373;75.0;73.3;2.7
92;2021-10-15;877;1363;2416;1210717;1183657;46789;75.0;73.3;2.9
92;2021-10-16;695;1063;956;1211412;1184720;47745;75.1;73.4;3.0
92;2021-10-17;78;150;74;1211490;1184870;47819;75.1;73.4;3.0
92;2021-10-18;481;730;1558;1211971;1185600;49377;75.1;73.5;3.1
92;2021-10-19;316;706;2082;1212287;1186306;51459;75.1;73.5;3.2
92;2021-10-20;410;944;2782;1212697;1187250;54241;75.1;73.6;3.4
92;2021-10-21;234;621;2020;1212931;1187871;56261;75.2;73.6;3.5
92;2021-10-22;386;1080;2749;1213317;1188951;59010;75.2;73.7;3.7
92;2021-10-23;280;798;1028;1213597;1189749;60038;75.2;73.7;3.7
92;2021-10-24;33;76;94;1213630;1189825;60132;75.2;73.7;3.7
92;2021-10-25;304;550;1953;1213934;1190375;62085;75.2;73.8;3.8
92;2021-10-26;307;631;2297;1214241;1191006;64382;75.2;73.8;4.0
92;2021-10-27;333;834;3184;1214574;1191840;67566;75.3;73.9;4.2
92;2021-10-28;218;461;2168;1214792;1192301;69734;75.3;73.9;4.3
92;2021-10-29;313;776;3030;1215105;1193077;72764;75.3;73.9;4.5
92;2021-10-30;213;611;1153;1215318;1193688;73917;75.3;74.0;4.6
92;2021-10-31;22;81;71;1215340;1193769;73988;75.3;74.0;4.6
92;2021-11-01;102;96;128;1215442;1193865;74116;75.3;74.0;4.6
92;2021-11-02;293;710;2073;1215735;1194575;76189;75.3;74.0;4.7
92;2021-11-03;292;772;2621;1216027;1195347;78810;75.4;74.1;4.9
92;2021-11-04;245;552;2316;1216272;1195899;81126;75.4;74.1;5.0
92;2021-11-05;313;702;2942;1216585;1196601;84068;75.4;74.1;5.2
92;2021-11-06;198;500;1025;1216783;1197101;85093;75.4;74.2;5.3
92;2021-11-07;26;92;89;1216809;1197193;85182;75.4;74.2;5.3
92;2021-11-08;159;485;2728;1216968;1197678;87910;75.4;74.2;5.4
92;2021-11-09;214;535;3550;1217182;1198213;91460;75.4;74.2;5.7
92;2021-11-10;338;667;4319;1217520;1198880;95779;75.4;74.3;5.9
92;2021-11-11;71;115;509;1217591;1198995;96288;75.5;74.3;6.0
92;2021-11-12;249;539;4114;1217840;1199534;100402;75.5;74.3;6.2
92;2021-11-13;206;302;1541;1218046;1199836;101943;75.5;74.4;6.3
92;2021-11-14;34;52;148;1218080;1199888;102091;75.5;74.4;6.3
92;2021-11-15;208;362;3613;1218288;1200250;105704;75.5;74.4;6.6
92;2021-11-16;224;382;3704;1218512;1200632;109408;75.5;74.4;6.8
92;2021-11-17;326;498;3938;1218838;1201130;113346;75.5;74.4;7.0
92;2021-11-18;232;418;4135;1219070;1201548;117481;75.5;74.5;7.3
92;2021-11-19;377;522;5251;1219447;1202070;122732;75.6;74.5;7.6
92;2021-11-20;243;362;1871;1219690;1202432;124603;75.6;74.5;7.7
92;2021-11-21;26;60;231;1219716;1202492;124834;75.6;74.5;7.7
92;2021-11-22;206;318;3742;1219922;1202810;128576;75.6;74.5;8.0
92;2021-11-23;257;341;4423;1220179;1203151;132999;75.6;74.6;8.2
92;2021-11-24;353;498;4888;1220532;1203649;137887;75.6;74.6;8.5
92;2021-11-25;243;341;6196;1220775;1203990;144083;75.6;74.6;8.9
92;2021-11-26;322;514;10409;1221097;1204504;154492;75.7;74.6;9.6
92;2021-11-27;227;296;6165;1221324;1204800;160657;75.7;74.7;10.0
92;2021-11-28;52;112;3889;1221376;1204912;164546;75.7;74.7;10.2
92;2021-11-29;189;318;9528;1221565;1205230;174074;75.7;74.7;10.8
92;2021-11-30;239;364;12961;1221804;1205594;187035;75.7;74.7;11.6
92;2021-12-01;232;393;14305;1222036;1205987;201340;75.7;74.7;12.5
92;2021-12-02;195;311;15259;1222231;1206298;216599;75.7;74.8;13.4
92;2021-12-03;235;421;18320;1222466;1206719;234919;75.8;74.8;14.6
92;2021-12-04;175;328;11367;1222641;1207047;246286;75.8;74.8;15.3
92;2021-12-05;67;93;4073;1222708;1207140;250359;75.8;74.8;15.5
92;2021-12-06;158;341;13817;1222866;1207481;264176;75.8;74.8;16.4
92;2021-12-07;203;368;18013;1223069;1207849;282189;75.8;74.8;17.5
92;2021-12-08;260;492;17229;1223329;1208341;299418;75.8;74.9;18.6
92;2021-12-09;229;393;18603;1223558;1208734;318021;75.8;74.9;19.7
92;2021-12-10;249;489;20809;1223807;1209223;338830;75.8;74.9;21.0
92;2021-12-11;209;370;13417;1224016;1209593;352247;75.8;75.0;21.8
92;2021-12-12;59;111;5820;1224075;1209704;358067;75.9;75.0;22.2
92;2021-12-13;183;388;17248;1224258;1210092;375315;75.9;75.0;23.3
92;2021-12-14;254;406;21601;1224512;1210498;396916;75.9;75.0;24.6
92;2021-12-15;296;496;19689;1224808;1210994;416605;75.9;75.0;25.8
92;2021-12-16;284;442;21908;1225092;1211436;438513;75.9;75.1;27.2
92;2021-12-17;324;540;22650;1225416;1211976;461163;75.9;75.1;28.6
92;2021-12-18;223;292;12740;1225639;1212268;473903;75.9;75.1;29.4
92;2021-12-19;138;157;7471;1225777;1212425;481374;76.0;75.1;29.8
92;2021-12-20;305;431;18534;1226082;1212856;499908;76.0;75.2;31.0
92;2021-12-21;390;473;20419;1226472;1213329;520327;76.0;75.2;32.2
92;2021-12-22;398;463;17708;1226870;1213792;538035;76.0;75.2;33.3
92;2021-12-23;347;397;15210;1227217;1214189;553245;76.0;75.2;34.3
92;2021-12-24;151;172;5065;1227368;1214361;558310;76.1;75.3;34.6
92;2021-12-25;17;22;444;1227385;1214383;558754;76.1;75.3;34.6
92;2021-12-26;43;65;2620;1227428;1214448;561374;76.1;75.3;34.8
93;2020-12-27;7;3;0;7;3;0;0.0;0.0;0.0
93;2020-12-28;2;0;0;9;3;0;0.0;0.0;0.0
93;2020-12-29;0;0;0;9;3;0;0.0;0.0;0.0
93;2020-12-30;27;1;0;36;4;0;0.0;0.0;0.0
93;2020-12-31;7;0;0;43;4;0;0.0;0.0;0.0
93;2021-01-01;16;0;0;59;4;0;0.0;0.0;0.0
93;2021-01-02;5;0;0;64;4;0;0.0;0.0;0.0
93;2021-01-03;7;0;0;71;4;0;0.0;0.0;0.0
93;2021-01-04;18;1;0;89;5;0;0.0;0.0;0.0
93;2021-01-05;95;2;0;184;7;0;0.0;0.0;0.0
93;2021-01-06;138;3;0;322;10;0;0.0;0.0;0.0
93;2021-01-07;363;5;0;685;15;0;0.0;0.0;0.0
93;2021-01-08;503;4;0;1188;19;0;0.1;0.0;0.0
93;2021-01-09;43;0;0;1231;19;0;0.1;0.0;0.0
93;2021-01-10;57;0;0;1288;19;0;0.1;0.0;0.0
93;2021-01-11;508;4;0;1796;23;0;0.1;0.0;0.0
93;2021-01-12;734;6;0;2530;29;0;0.2;0.0;0.0
93;2021-01-13;713;10;0;3243;39;0;0.2;0.0;0.0
93;2021-01-14;661;15;0;3904;54;0;0.2;0.0;0.0
93;2021-01-15;570;7;0;4474;61;0;0.3;0.0;0.0
93;2021-01-16;126;3;0;4600;64;0;0.3;0.0;0.0
93;2021-01-17;62;2;0;4662;66;0;0.3;0.0;0.0
93;2021-01-18;974;19;0;5636;85;0;0.3;0.0;0.0
93;2021-01-19;1287;16;0;6923;101;0;0.4;0.0;0.0
93;2021-01-20;1336;23;0;8259;124;0;0.5;0.0;0.0
93;2021-01-21;1614;37;0;9873;161;0;0.6;0.0;0.0
93;2021-01-22;1207;27;0;11080;188;0;0.7;0.0;0.0
93;2021-01-23;576;6;0;11656;194;0;0.7;0.0;0.0
93;2021-01-24;56;0;0;11712;194;0;0.7;0.0;0.0
93;2021-01-25;852;10;0;12564;204;0;0.8;0.0;0.0
93;2021-01-26;1016;30;0;13580;234;0;0.8;0.0;0.0
93;2021-01-27;1694;76;0;15274;310;0;0.9;0.0;0.0
93;2021-01-28;1826;145;0;17100;455;0;1.0;0.0;0.0
93;2021-01-29;1377;171;0;18477;626;0;1.1;0.0;0.0
93;2021-01-30;695;29;0;19172;655;0;1.1;0.0;0.0
93;2021-01-31;24;4;0;19196;659;0;1.1;0.0;0.0
93;2021-02-01;749;111;0;19945;770;0;1.2;0.0;0.0
93;2021-02-02;791;232;0;20736;1002;0;1.2;0.1;0.0
93;2021-02-03;861;317;0;21597;1319;0;1.3;0.1;0.0
93;2021-02-04;710;382;0;22307;1701;0;1.3;0.1;0.0
93;2021-02-05;652;332;0;22959;2033;0;1.4;0.1;0.0
93;2021-02-06;509;52;0;23468;2085;0;1.4;0.1;0.0
93;2021-02-07;18;23;0;23486;2108;0;1.4;0.1;0.0
93;2021-02-08;678;512;0;24164;2620;0;1.4;0.2;0.0
93;2021-02-09;650;632;0;24814;3252;0;1.5;0.2;0.0
93;2021-02-10;741;768;0;25555;4020;0;1.5;0.2;0.0
93;2021-02-11;985;1004;0;26540;5024;0;1.6;0.3;0.0
93;2021-02-12;933;689;0;27473;5713;0;1.6;0.3;0.0
93;2021-02-13;321;248;0;27794;5961;0;1.7;0.4;0.0
93;2021-02-14;21;68;0;27815;6029;0;1.7;0.4;0.0
93;2021-02-15;423;919;0;28238;6948;0;1.7;0.4;0.0
93;2021-02-16;518;1166;0;28756;8114;0;1.7;0.5;0.0
93;2021-02-17;579;1430;0;29335;9544;0;1.8;0.6;0.0
93;2021-02-18;1018;1704;0;30353;11248;0;1.8;0.7;0.0
93;2021-02-19;941;1429;0;31294;12677;0;1.9;0.8;0.0
93;2021-02-20;233;545;0;31527;13222;0;1.9;0.8;0.0
93;2021-02-21;23;45;0;31550;13267;0;1.9;0.8;0.0
93;2021-02-22;539;903;0;32089;14170;0;1.9;0.8;0.0
93;2021-02-23;522;848;0;32611;15018;0;2.0;0.9;0.0
93;2021-02-24;612;951;0;33223;15969;0;2.0;1.0;0.0
93;2021-02-25;929;999;0;34152;16968;0;2.0;1.0;0.0
93;2021-02-26;1134;820;0;35286;17788;0;2.1;1.1;0.0
93;2021-02-27;520;462;0;35806;18250;0;2.1;1.1;0.0
93;2021-02-28;83;49;0;35889;18299;0;2.1;1.1;0.0
93;2021-03-01;980;722;0;36869;19021;0;2.2;1.1;0.0
93;2021-03-02;1412;828;0;38281;19849;0;2.3;1.2;0.0
93;2021-03-03;1703;856;0;39984;20705;0;2.4;1.2;0.0
93;2021-03-04;2584;926;0;42568;21631;0;2.5;1.3;0.0
93;2021-03-05;3562;834;0;46130;22465;0;2.8;1.3;0.0
93;2021-03-06;4109;505;0;50239;22970;0;3.0;1.4;0.0
93;2021-03-07;3202;289;0;53441;23259;0;3.2;1.4;0.0
93;2021-03-08;2024;895;0;55465;24154;0;3.3;1.4;0.0
93;2021-03-09;2744;742;0;58209;24896;0;3.5;1.5;0.0
93;2021-03-10;2849;830;0;61058;25726;0;3.7;1.5;0.0
93;2021-03-11;3641;1068;0;64699;26794;0;3.9;1.6;0.0
93;2021-03-12;4166;1123;0;68865;27917;0;4.1;1.7;0.0
93;2021-03-13;3740;507;0;72605;28424;0;4.3;1.7;0.0
93;2021-03-14;1125;104;0;73730;28528;0;4.4;1.7;0.0
93;2021-03-15;3012;554;0;76742;29082;0;4.6;1.7;0.0
93;2021-03-16;2647;493;0;79389;29575;0;4.8;1.8;0.0
93;2021-03-17;2245;559;0;81634;30134;0;4.9;1.8;0.0
93;2021-03-18;2769;646;0;84403;30780;0;5.1;1.8;0.0
93;2021-03-19;3342;604;0;87745;31384;0;5.3;1.9;0.0
93;2021-03-20;2765;280;0;90510;31664;0;5.4;1.9;0.0
93;2021-03-21;789;197;0;91299;31861;0;5.5;1.9;0.0
93;2021-03-22;3391;571;0;94690;32432;0;5.7;1.9;0.0
93;2021-03-23;4287;726;0;98977;33158;0;5.9;2.0;0.0
93;2021-03-24;4024;679;0;103001;33837;0;6.2;2.0;0.0
93;2021-03-25;5427;792;0;108428;34629;0;6.5;2.1;0.0
93;2021-03-26;5292;815;0;113720;35444;0;6.8;2.1;0.0
93;2021-03-27;3770;298;0;117490;35742;0;7.0;2.1;0.0
93;2021-03-28;834;63;0;118324;35805;0;7.1;2.1;0.0
93;2021-03-29;3531;939;0;121855;36744;0;7.3;2.2;0.0
93;2021-03-30;4389;1243;0;126244;37987;0;7.6;2.3;0.0
93;2021-03-31;3939;1283;0;130183;39270;0;7.8;2.4;0.0
93;2021-04-01;4235;2693;0;134418;41963;0;8.0;2.5;0.0
93;2021-04-02;3495;2859;0;137913;44822;0;8.3;2.7;0.0
93;2021-04-03;2261;1801;0;140174;46623;0;8.4;2.8;0.0
93;2021-04-04;814;230;0;140988;46853;0;8.4;2.8;0.0
93;2021-04-05;874;124;0;141862;46977;0;8.5;2.8;0.0
93;2021-04-06;3744;2035;0;145606;49012;0;8.7;2.9;0.0
93;2021-04-07;4015;1929;0;149621;50941;0;9.0;3.1;0.0
93;2021-04-08;4842;2386;0;154463;53327;0;9.2;3.2;0.0
93;2021-04-09;5258;2699;0;159721;56026;0;9.6;3.4;0.0
93;2021-04-10;3220;2074;0;162941;58100;0;9.8;3.5;0.0
93;2021-04-11;779;591;0;163720;58691;0;9.8;3.5;0.0
93;2021-04-12;3729;2240;0;167449;60931;0;10.0;3.6;0.0
93;2021-04-13;4019;3196;0;171468;64127;0;10.3;3.8;0.0
93;2021-04-14;3770;2158;0;175238;66285;0;10.5;4.0;0.0
93;2021-04-15;4105;2735;0;179343;69020;0;10.7;4.1;0.0
93;2021-04-16;3758;2522;0;183101;71542;0;11.0;4.3;0.0
93;2021-04-17;2549;1961;0;185650;73503;0;11.1;4.4;0.0
93;2021-04-18;469;513;0;186119;74016;0;11.1;4.4;0.0
93;2021-04-19;2899;2416;0;189018;76432;0;11.3;4.6;0.0
93;2021-04-20;3242;2892;0;192260;79324;0;11.5;4.7;0.0
93;2021-04-21;3051;2614;0;195311;81938;0;11.7;4.9;0.0
93;2021-04-22;3531;3678;0;198842;85616;0;11.9;5.1;0.0
93;2021-04-23;3745;3077;0;202587;88693;0;12.1;5.3;0.0
93;2021-04-24;3631;2680;0;206218;91373;0;12.3;5.5;0.0
93;2021-04-25;1409;738;0;207627;92111;0;12.4;5.5;0.0
93;2021-04-26;3626;2786;0;211253;94897;0;12.6;5.7;0.0
93;2021-04-27;5112;3140;0;216365;98037;0;13.0;5.9;0.0
93;2021-04-28;4694;3037;0;221059;101074;0;13.2;6.1;0.0
93;2021-04-29;6044;3074;0;227103;104148;0;13.6;6.2;0.0
93;2021-04-30;6572;3066;0;233675;107214;0;14.0;6.4;0.0
93;2021-05-01;3022;918;0;236697;108132;0;14.2;6.5;0.0
93;2021-05-02;952;751;0;237649;108883;0;14.2;6.5;0.0
93;2021-05-03;6059;4477;0;243708;113360;0;14.6;6.8;0.0
93;2021-05-04;6078;4289;0;249786;117649;0;15.0;7.0;0.0
93;2021-05-05;6053;3603;0;255839;121252;0;15.3;7.3;0.0
93;2021-05-06;6867;3994;0;262706;125246;0;15.7;7.5;0.0
93;2021-05-07;5716;4339;0;268422;129585;0;16.1;7.8;0.0
93;2021-05-08;5458;2153;0;273880;131738;0;16.4;7.9;0.0
93;2021-05-09;3655;1387;0;277535;133125;0;16.6;8.0;0.0
93;2021-05-10;7221;3555;0;284756;136680;0;17.0;8.2;0.0
93;2021-05-11;7586;4165;0;292342;140845;0;17.5;8.4;0.0
93;2021-05-12;7239;3216;0;299581;144061;0;17.9;8.6;0.0
93;2021-05-13;6082;1141;0;305663;145202;0;18.3;8.7;0.0
93;2021-05-14;8566;3013;0;314229;148215;0;18.8;8.9;0.0
93;2021-05-15;8554;2261;0;322783;150476;0;19.3;9.0;0.0
93;2021-05-16;4202;673;0;326985;151149;0;19.6;9.1;0.0
93;2021-05-17;8227;1903;0;335212;153052;0;20.1;9.2;0.0
93;2021-05-18;9146;2017;0;344358;155069;0;20.6;9.3;0.0
93;2021-05-19;8638;3037;0;352996;158106;0;21.1;9.5;0.0
93;2021-05-20;10029;3320;0;363025;161426;0;21.7;9.7;0.0
93;2021-05-21;9827;2746;0;372852;164172;0;22.3;9.8;0.0
93;2021-05-22;9217;1987;0;382069;166159;0;22.9;9.9;0.0
93;2021-05-23;5689;902;0;387758;167061;0;23.2;10.0;0.0
93;2021-05-24;7584;1441;0;395342;168502;0;23.7;10.1;0.0
93;2021-05-25;8252;4089;0;403594;172591;0;24.2;10.3;0.0
93;2021-05-26;8055;3404;0;411649;175995;0;24.6;10.5;0.0
93;2021-05-27;9332;3710;0;420981;179705;0;25.2;10.8;0.0
93;2021-05-28;9254;4701;0;430235;184406;0;25.8;11.0;0.0
93;2021-05-29;7844;3277;0;438079;187683;0;26.2;11.2;0.0
93;2021-05-30;5316;1224;0;443395;188907;0;26.5;11.3;0.0
93;2021-05-31;7083;4268;0;450478;193175;0;27.0;11.6;0.0
93;2021-06-01;8657;5183;0;459135;198358;0;27.5;11.9;0.0
93;2021-06-02;8068;4203;0;467203;202561;0;28.0;12.1;0.0
93;2021-06-03;8383;4472;0;475586;207033;0;28.5;12.4;0.0
93;2021-06-04;8715;5818;0;484301;212851;0;29.0;12.7;0.0
93;2021-06-05;7078;5075;0;491379;217926;0;29.4;13.0;0.0
93;2021-06-06;5213;1543;0;496592;219469;0;29.7;13.1;0.0
93;2021-06-07;7106;5810;0;503698;225279;0;30.2;13.5;0.0
93;2021-06-08;7879;6115;0;511577;231394;0;30.6;13.9;0.0
93;2021-06-09;7934;6202;0;519511;237596;0;31.1;14.2;0.0
93;2021-06-10;7126;8201;0;526637;245797;0;31.5;14.7;0.0
93;2021-06-11;7050;7599;0;533687;253396;0;32.0;15.2;0.0
93;2021-06-12;7338;5224;0;541025;258620;0;32.4;15.5;0.0
93;2021-06-13;4580;2118;0;545605;260738;0;32.7;15.6;0.0
93;2021-06-14;4771;7446;0;550376;268184;0;33.0;16.1;0.0
93;2021-06-15;5797;7974;0;556173;276158;0;33.3;16.5;0.0
93;2021-06-16;5720;7304;0;561893;283462;0;33.6;17.0;0.0
93;2021-06-17;5159;7347;0;567052;290809;0;34.0;17.4;0.0
93;2021-06-18;6105;9529;0;573157;300338;0;34.3;18.0;0.0
93;2021-06-19;5517;8274;0;578674;308612;0;34.6;18.5;0.0
93;2021-06-20;3133;4754;0;581807;313366;0;34.8;18.8;0.0
93;2021-06-21;3634;8302;0;585441;321668;0;35.1;19.3;0.0
93;2021-06-22;4074;9139;0;589515;330807;0;35.3;19.8;0.0
93;2021-06-23;4145;8733;0;593660;339540;0;35.5;20.3;0.0
93;2021-06-24;3920;8319;0;597580;347859;0;35.8;20.8;0.0
93;2021-06-25;4546;10774;0;602126;358633;0;36.1;21.5;0.0
93;2021-06-26;4107;10489;0;606233;369122;0;36.3;22.1;0.0
93;2021-06-27;2347;5146;0;608580;374268;0;36.4;22.4;0.0
93;2021-06-28;3406;9450;0;611986;383718;0;36.6;23.0;0.0
93;2021-06-29;3735;9530;0;615721;393248;0;36.9;23.5;0.0
93;2021-06-30;3876;9258;0;619597;402506;0;37.1;24.1;0.0
93;2021-07-01;4879;9405;0;624476;411911;0;37.4;24.7;0.0
93;2021-07-02;5078;10499;0;629554;422410;0;37.7;25.3;0.0
93;2021-07-03;4463;10420;0;634017;432830;0;38.0;25.9;0.0
93;2021-07-04;2383;6118;0;636400;438948;0;38.1;26.3;0.0
93;2021-07-05;4216;8615;0;640616;447563;0;38.4;26.8;0.0
93;2021-07-06;4469;9581;1;645085;457144;1;38.6;27.4;0.0
93;2021-07-07;4770;9722;0;649855;466866;1;38.9;28.0;0.0
93;2021-07-08;4752;9363;0;654607;476229;1;39.2;28.5;0.0
93;2021-07-09;5451;11104;0;660058;487333;1;39.5;29.2;0.0
93;2021-07-10;4790;10970;0;664848;498303;1;39.8;29.8;0.0
93;2021-07-11;2624;6519;0;667472;504822;1;40.0;30.2;0.0
93;2021-07-12;4806;10037;0;672278;514859;1;40.3;30.8;0.0
93;2021-07-13;8768;11826;0;681046;526685;1;40.8;31.5;0.0
93;2021-07-14;7010;5785;0;688056;532470;1;41.2;31.9;0.0
93;2021-07-15;9876;12389;1;697932;544859;2;41.8;32.6;0.0
93;2021-07-16;10477;11766;0;708409;556625;2;42.4;33.3;0.0
93;2021-07-17;8551;11155;0;716960;567780;2;42.9;34.0;0.0
93;2021-07-18;4805;6242;0;721765;574022;2;43.2;34.4;0.0
93;2021-07-19;7573;9498;0;729338;583520;2;43.7;34.9;0.0
93;2021-07-20;9914;9682;0;739252;593202;2;44.3;35.5;0.0
93;2021-07-21;11065;9668;0;750317;602870;2;44.9;36.1;0.0
93;2021-07-22;11237;8568;0;761554;611438;2;45.6;36.6;0.0
93;2021-07-23;11869;9832;0;773423;621270;2;46.3;37.2;0.0
93;2021-07-24;9602;8783;0;783025;630053;2;46.9;37.7;0.0
93;2021-07-25;5388;4780;0;788413;634833;2;47.2;38.0;0.0
93;2021-07-26;9643;7361;0;798056;642194;2;47.8;38.5;0.0
93;2021-07-27;11664;7276;1;809720;649470;3;48.5;38.9;0.0
93;2021-07-28;11611;7663;0;821331;657133;3;49.2;39.3;0.0
93;2021-07-29;10801;6726;0;832132;663859;3;49.8;39.7;0.0
93;2021-07-30;11014;7432;0;843146;671291;3;50.5;40.2;0.0
93;2021-07-31;8250;6414;0;851396;677705;3;51.0;40.6;0.0
93;2021-08-01;4534;3226;0;855930;680931;3;51.2;40.8;0.0
93;2021-08-02;7549;5515;0;863479;686446;3;51.7;41.1;0.0
93;2021-08-03;6713;6167;0;870192;692613;3;52.1;41.5;0.0
93;2021-08-04;6751;6571;0;876943;699184;3;52.5;41.9;0.0
93;2021-08-05;5544;6153;0;882487;705337;3;52.8;42.2;0.0
93;2021-08-06;6205;7333;0;888692;712670;3;53.2;42.7;0.0
93;2021-08-07;5107;6861;0;893799;719531;3;53.5;43.1;0.0
93;2021-08-08;2630;3729;0;896429;723260;3;53.7;43.3;0.0
93;2021-08-09;5565;6830;0;901994;730090;3;54.0;43.7;0.0
93;2021-08-10;5913;7635;0;907907;737725;3;54.4;44.2;0.0
93;2021-08-11;5621;7984;0;913528;745709;3;54.7;44.6;0.0
93;2021-08-12;5066;7660;0;918594;753369;3;55.0;45.1;0.0
93;2021-08-13;4760;7490;0;923354;760859;3;55.3;45.6;0.0
93;2021-08-14;3743;7309;0;927097;768168;3;55.5;46.0;0.0
93;2021-08-15;1440;2239;0;928537;770407;3;55.6;46.1;0.0
93;2021-08-16;4296;8901;0;932833;779308;3;55.9;46.7;0.0
93;2021-08-17;4779;9053;0;937612;788361;3;56.1;47.2;0.0
93;2021-08-18;4348;9133;0;941960;797494;3;56.4;47.7;0.0
93;2021-08-19;3721;7932;0;945681;805426;3;56.6;48.2;0.0
93;2021-08-20;3916;8952;0;949597;814378;3;56.9;48.8;0.0
93;2021-08-21;3030;8229;0;952627;822607;3;57.0;49.3;0.0
93;2021-08-22;1353;4215;0;953980;826822;3;57.1;49.5;0.0
93;2021-08-23;3440;8112;0;957420;834934;3;57.3;50.0;0.0
93;2021-08-24;3602;7733;0;961022;842667;3;57.5;50.5;0.0
93;2021-08-25;3487;7704;0;964509;850371;3;57.7;50.9;0.0
93;2021-08-26;3116;6468;0;967625;856839;3;57.9;51.3;0.0
93;2021-08-27;3366;7701;0;970991;864540;3;58.1;51.8;0.0
93;2021-08-28;2742;7134;0;973733;871674;3;58.3;52.2;0.0
93;2021-08-29;1236;3201;0;974969;874875;3;58.4;52.4;0.0
93;2021-08-30;2645;6687;94;977614;881562;97;58.5;52.8;0.0
93;2021-08-31;2764;6674;162;980378;888236;259;58.7;53.2;0.0
93;2021-09-01;3597;6102;324;983975;894338;583;58.9;53.5;0.0
93;2021-09-02;2724;4776;298;986699;899114;881;59.1;53.8;0.1
93;2021-09-03;2678;5845;332;989377;904959;1213;59.2;54.2;0.1
93;2021-09-04;2862;5986;243;992239;910945;1456;59.4;54.5;0.1
93;2021-09-05;947;2050;87;993186;912995;1543;59.5;54.7;0.1
93;2021-09-06;1667;3852;312;994853;916847;1855;59.6;54.9;0.1
93;2021-09-07;1765;3667;252;996618;920514;2107;59.7;55.1;0.1
93;2021-09-08;2200;3995;332;998818;924509;2439;59.8;55.4;0.1
93;2021-09-09;1891;3321;364;1000709;927830;2803;59.9;55.6;0.2
93;2021-09-10;2689;3988;376;1003398;931818;3179;60.1;55.8;0.2
93;2021-09-11;2015;4634;188;1005413;936452;3367;60.2;56.1;0.2
93;2021-09-12;631;1581;75;1006044;938033;3442;60.2;56.2;0.2
93;2021-09-13;1961;2971;460;1008005;941004;3902;60.4;56.3;0.2
93;2021-09-14;1907;2787;618;1009912;943791;4520;60.5;56.5;0.3
93;2021-09-15;1932;3100;589;1011844;946891;5109;60.6;56.7;0.3
93;2021-09-16;1615;2316;489;1013459;949207;5598;60.7;56.8;0.3
93;2021-09-17;1869;3190;542;1015328;952397;6140;60.8;57.0;0.4
93;2021-09-18;1373;3769;359;1016701;956166;6499;60.9;57.3;0.4
93;2021-09-19;383;1242;97;1017084;957408;6596;60.9;57.3;0.4
93;2021-09-20;1199;1937;447;1018283;959345;7043;61.0;57.4;0.4
93;2021-09-21;1011;1849;457;1019294;961194;7500;61.0;57.6;0.4
93;2021-09-22;1252;2774;552;1020546;963968;8052;61.1;57.7;0.5
93;2021-09-23;1008;1670;515;1021554;965638;8567;61.2;57.8;0.5
93;2021-09-24;1299;2570;631;1022853;968208;9198;61.2;58.0;0.6
93;2021-09-25;1152;3392;264;1024005;971600;9462;61.3;58.2;0.6
93;2021-09-26;296;1038;81;1024301;972638;9543;61.3;58.2;0.6
93;2021-09-27;862;1583;468;1025163;974221;10011;61.4;58.3;0.6
93;2021-09-28;897;1372;498;1026060;975593;10509;61.4;58.4;0.6
93;2021-09-29;1134;2183;599;1027194;977776;11108;61.5;58.5;0.7
93;2021-09-30;878;1576;637;1028072;979352;11745;61.6;58.6;0.7
93;2021-10-01;2100;2026;663;1030172;981378;12408;61.7;58.8;0.7
93;2021-10-02;1384;2085;365;1031556;983463;12773;61.8;58.9;0.8
93;2021-10-03;237;496;97;1031793;983959;12870;61.8;58.9;0.8
93;2021-10-04;1080;1493;706;1032873;985452;13576;61.8;59.0;0.8
93;2021-10-05;895;1357;565;1033768;986809;14141;61.9;59.1;0.8
93;2021-10-06;1119;1722;937;1034887;988531;15078;62.0;59.2;0.9
93;2021-10-07;883;1541;937;1035770;990072;16015;62.0;59.3;1.0
93;2021-10-08;1137;1850;973;1036907;991922;16988;62.1;59.4;1.0
93;2021-10-09;1266;2019;619;1038173;993941;17607;62.2;59.5;1.1
93;2021-10-10;259;424;110;1038432;994365;17717;62.2;59.5;1.1
93;2021-10-11;933;1445;853;1039365;995810;18570;62.2;59.6;1.1
93;2021-10-12;779;1247;955;1040144;997057;19525;62.3;59.7;1.2
93;2021-10-13;1032;1542;1119;1041176;998599;20644;62.3;59.8;1.2
93;2021-10-14;852;1329;1060;1042028;999928;21704;62.4;59.9;1.3
93;2021-10-15;1136;1620;1202;1043164;1001548;22906;62.5;60.0;1.4
93;2021-10-16;1077;1563;686;1044241;1003111;23592;62.5;60.1;1.4
93;2021-10-17;213;303;164;1044454;1003414;23756;62.5;60.1;1.4
93;2021-10-18;736;1200;939;1045190;1004614;24695;62.6;60.2;1.5
93;2021-10-19;707;1123;917;1045897;1005737;25612;62.6;60.2;1.5
93;2021-10-20;725;1077;1427;1046622;1006814;27039;62.7;60.3;1.6
93;2021-10-21;553;972;1277;1047175;1007786;28316;62.7;60.3;1.7
93;2021-10-22;796;1291;1373;1047971;1009077;29689;62.7;60.4;1.8
93;2021-10-23;814;1266;961;1048785;1010343;30650;62.8;60.5;1.8
93;2021-10-24;164;249;165;1048949;1010592;30815;62.8;60.5;1.8
93;2021-10-25;529;913;1111;1049478;1011505;31926;62.8;60.6;1.9
93;2021-10-26;500;825;1118;1049978;1012330;33044;62.9;60.6;2.0
93;2021-10-27;650;1010;1566;1050628;1013340;34610;62.9;60.7;2.1
93;2021-10-28;567;934;1433;1051195;1014274;36043;62.9;60.7;2.2
93;2021-10-29;606;1041;1469;1051801;1015315;37512;63.0;60.8;2.2
93;2021-10-30;612;1236;1046;1052413;1016551;38558;63.0;60.9;2.3
93;2021-10-31;153;244;177;1052566;1016795;38735;63.0;60.9;2.3
93;2021-11-01;277;202;88;1052843;1016997;38823;63.0;60.9;2.3
93;2021-11-02;628;885;1057;1053471;1017882;39880;63.1;60.9;2.4
93;2021-11-03;557;1021;1319;1054028;1018903;41199;63.1;61.0;2.5
93;2021-11-04;511;846;1280;1054539;1019749;42479;63.1;61.1;2.5
93;2021-11-05;558;948;1346;1055097;1020697;43825;63.2;61.1;2.6
93;2021-11-06;562;971;957;1055659;1021668;44782;63.2;61.2;2.7
93;2021-11-07;92;221;174;1055751;1021889;44956;63.2;61.2;2.7
93;2021-11-08;401;731;1530;1056152;1022620;46486;63.2;61.2;2.8
93;2021-11-09;425;871;1930;1056577;1023491;48416;63.3;61.3;2.9
93;2021-11-10;617;1004;2525;1057194;1024495;50941;63.3;61.3;3.1
93;2021-11-11;171;245;484;1057365;1024740;51425;63.3;61.4;3.1
93;2021-11-12;586;915;2729;1057951;1025655;54154;63.3;61.4;3.2
93;2021-11-13;554;806;1511;1058505;1026461;55665;63.4;61.5;3.3
93;2021-11-14;95;202;287;1058600;1026663;55952;63.4;61.5;3.4
93;2021-11-15;439;762;2509;1059039;1027425;58461;63.4;61.5;3.5
93;2021-11-16;475;726;2695;1059514;1028151;61156;63.4;61.6;3.7
93;2021-11-17;528;867;2343;1060042;1029018;63499;63.5;61.6;3.8
93;2021-11-18;433;695;2320;1060475;1029713;65819;63.5;61.7;3.9
93;2021-11-19;527;870;2927;1061002;1030583;68746;63.5;61.7;4.1
93;2021-11-20;701;1018;2087;1061703;1031601;70833;63.6;61.8;4.2
93;2021-11-21;106;235;385;1061809;1031836;71218;63.6;61.8;4.3
93;2021-11-22;406;608;2823;1062215;1032444;74041;63.6;61.8;4.4
93;2021-11-23;460;758;2934;1062675;1033202;76975;63.6;61.9;4.6
93;2021-11-24;561;848;2897;1063236;1034050;79872;63.7;61.9;4.8
93;2021-11-25;441;696;4008;1063677;1034746;83880;63.7;62.0;5.0
93;2021-11-26;528;871;6384;1064205;1035617;90264;63.7;62.0;5.4
93;2021-11-27;551;823;5520;1064756;1036440;95784;63.8;62.1;5.7
93;2021-11-28;162;267;2209;1064918;1036707;97993;63.8;62.1;5.9
93;2021-11-29;356;638;6778;1065274;1037345;104771;63.8;62.1;6.3
93;2021-11-30;389;664;8292;1065663;1038009;113063;63.8;62.2;6.8
93;2021-12-01;432;788;8305;1066095;1038797;121368;63.8;62.2;7.3
93;2021-12-02;388;640;8098;1066483;1039437;129466;63.9;62.2;7.8
93;2021-12-03;417;788;10040;1066900;1040225;139506;63.9;62.3;8.4
93;2021-12-04;416;789;7603;1067316;1041014;147109;63.9;62.3;8.8
93;2021-12-05;159;280;3329;1067475;1041294;150438;63.9;62.3;9.0
93;2021-12-06;371;692;8777;1067846;1041986;159215;63.9;62.4;9.5
93;2021-12-07;414;773;10007;1068260;1042759;169222;64.0;62.4;10.1
93;2021-12-08;465;839;10275;1068725;1043598;179497;64.0;62.5;10.7
93;2021-12-09;427;713;9555;1069152;1044311;189052;64.0;62.5;11.3
93;2021-12-10;500;826;12605;1069652;1045137;201657;64.0;62.6;12.1
93;2021-12-11;463;849;9708;1070115;1045986;211365;64.1;62.6;12.7
93;2021-12-12;214;348;5562;1070329;1046334;216927;64.1;62.6;13.0
93;2021-12-13;420;736;10369;1070749;1047070;227296;64.1;62.7;13.6
93;2021-12-14;480;713;12195;1071229;1047783;239491;64.1;62.7;14.3
93;2021-12-15;477;731;11635;1071706;1048514;251126;64.2;62.8;15.0
93;2021-12-16;444;712;11014;1072150;1049226;262140;64.2;62.8;15.7
93;2021-12-17;528;778;13416;1072678;1050004;275556;64.2;62.9;16.5
93;2021-12-18;549;726;11052;1073227;1050730;286608;64.3;62.9;17.2
93;2021-12-19;285;319;6290;1073512;1051049;292898;64.3;62.9;17.5
93;2021-12-20;584;778;10918;1074096;1051827;303816;64.3;63.0;18.2
93;2021-12-21;648;743;11223;1074744;1052570;315039;64.4;63.0;18.9
93;2021-12-22;641;680;10580;1075385;1053250;325619;64.4;63.1;19.5
93;2021-12-23;625;654;9172;1076010;1053904;334791;64.4;63.1;20.0
93;2021-12-24;333;454;4767;1076343;1054358;339558;64.4;63.1;20.3
93;2021-12-25;20;103;362;1076363;1054461;339920;64.4;63.1;20.4
93;2021-12-26;206;226;3557;1076569;1054687;343477;64.5;63.1;20.6
94;2020-12-27;13;0;0;13;0;0;0.0;0.0;0.0
94;2020-12-28;9;1;0;22;1;0;0.0;0.0;0.0
94;2020-12-29;3;0;0;25;1;0;0.0;0.0;0.0
94;2020-12-30;10;0;0;35;1;0;0.0;0.0;0.0
94;2020-12-31;13;2;0;48;3;0;0.0;0.0;0.0
94;2021-01-01;14;0;0;62;3;0;0.0;0.0;0.0
94;2021-01-02;11;0;0;73;3;0;0.0;0.0;0.0
94;2021-01-03;12;0;0;85;3;0;0.0;0.0;0.0
94;2021-01-04;65;1;0;150;4;0;0.0;0.0;0.0
94;2021-01-05;262;2;0;412;6;0;0.0;0.0;0.0
94;2021-01-06;376;6;0;788;12;0;0.1;0.0;0.0
94;2021-01-07;728;7;0;1516;19;0;0.1;0.0;0.0
94;2021-01-08;946;10;0;2462;29;0;0.2;0.0;0.0
94;2021-01-09;132;0;0;2594;29;0;0.2;0.0;0.0
94;2021-01-10;100;0;0;2694;29;0;0.2;0.0;0.0
94;2021-01-11;1043;12;0;3737;41;0;0.3;0.0;0.0
94;2021-01-12;1298;17;0;5035;58;0;0.4;0.0;0.0
94;2021-01-13;1312;17;0;6347;75;0;0.5;0.0;0.0
94;2021-01-14;1362;23;0;7709;98;0;0.5;0.0;0.0
94;2021-01-15;1094;20;0;8803;118;0;0.6;0.0;0.0
94;2021-01-16;270;2;0;9073;120;0;0.6;0.0;0.0
94;2021-01-17;134;3;0;9207;123;0;0.7;0.0;0.0
94;2021-01-18;1443;27;0;10650;150;0;0.8;0.0;0.0
94;2021-01-19;1873;23;0;12523;173;0;0.9;0.0;0.0
94;2021-01-20;2166;28;0;14689;201;0;1.0;0.0;0.0
94;2021-01-21;2957;31;0;17646;232;0;1.3;0.0;0.0
94;2021-01-22;2116;19;0;19762;251;0;1.4;0.0;0.0
94;2021-01-23;745;5;0;20507;256;0;1.5;0.0;0.0
94;2021-01-24;272;1;0;20779;257;0;1.5;0.0;0.0
94;2021-01-25;1307;28;0;22086;285;0;1.6;0.0;0.0
94;2021-01-26;1540;27;0;23626;312;0;1.7;0.0;0.0
94;2021-01-27;1953;77;0;25579;389;0;1.8;0.0;0.0
94;2021-01-28;1924;148;0;27503;537;0;2.0;0.0;0.0
94;2021-01-29;1530;190;0;29033;727;0;2.1;0.1;0.0
94;2021-01-30;661;13;0;29694;740;0;2.1;0.1;0.0
94;2021-01-31;126;12;0;29820;752;0;2.1;0.1;0.0
94;2021-02-01;918;239;0;30738;991;0;2.2;0.1;0.0
94;2021-02-02;969;319;0;31707;1310;0;2.3;0.1;0.0
94;2021-02-03;854;400;0;32561;1710;0;2.3;0.1;0.0
94;2021-02-04;998;526;0;33559;2236;0;2.4;0.2;0.0
94;2021-02-05;989;570;0;34548;2806;0;2.5;0.2;0.0
94;2021-02-06;467;71;0;35015;2877;0;2.5;0.2;0.0
94;2021-02-07;115;13;0;35130;2890;0;2.5;0.2;0.0
94;2021-02-08;698;666;0;35828;3556;0;2.5;0.3;0.0
94;2021-02-09;1076;1135;0;36904;4691;0;2.6;0.3;0.0
94;2021-02-10;1105;1234;0;38009;5925;0;2.7;0.4;0.0
94;2021-02-11;1465;1858;0;39474;7783;0;2.8;0.6;0.0
94;2021-02-12;1372;1530;0;40846;9313;0;2.9;0.7;0.0
94;2021-02-13;300;245;0;41146;9558;0;2.9;0.7;0.0
94;2021-02-14;47;82;0;41193;9640;0;2.9;0.7;0.0
94;2021-02-15;679;1519;0;41872;11159;0;3.0;0.8;0.0
94;2021-02-16;694;2250;0;42566;13409;0;3.0;1.0;0.0
94;2021-02-17;642;1575;0;43208;14984;0;3.1;1.1;0.0
94;2021-02-18;943;1896;0;44151;16880;0;3.1;1.2;0.0
94;2021-02-19;920;1571;0;45071;18451;0;3.2;1.3;0.0
94;2021-02-20;180;859;0;45251;19310;0;3.2;1.4;0.0
94;2021-02-21;43;148;0;45294;19458;0;3.2;1.4;0.0
94;2021-02-22;482;1284;0;45776;20742;0;3.3;1.5;0.0
94;2021-02-23;641;1437;0;46417;22179;0;3.3;1.6;0.0
94;2021-02-24;658;1058;0;47075;23237;0;3.3;1.7;0.0
94;2021-02-25;1152;1645;0;48227;24882;0;3.4;1.8;0.0
94;2021-02-26;1312;1215;0;49539;26097;0;3.5;1.9;0.0
94;2021-02-27;594;595;0;50133;26692;0;3.6;1.9;0.0
94;2021-02-28;87;82;0;50220;26774;0;3.6;1.9;0.0
94;2021-03-01;948;1001;0;51168;27775;0;3.6;2.0;0.0
94;2021-03-02;1603;1128;0;52771;28903;0;3.8;2.1;0.0
94;2021-03-03;2014;1126;0;54785;30029;0;3.9;2.1;0.0
94;2021-03-04;3024;1265;0;57809;31294;0;4.1;2.2;0.0
94;2021-03-05;4122;1430;0;61931;32724;0;4.4;2.3;0.0
94;2021-03-06;5153;639;0;67084;33363;0;4.8;2.4;0.0
94;2021-03-07;3928;526;0;71012;33889;0;5.1;2.4;0.0
94;2021-03-08;1857;891;0;72869;34780;0;5.2;2.5;0.0
94;2021-03-09;2721;1070;0;75590;35850;0;5.4;2.5;0.0
94;2021-03-10;3195;1128;0;78785;36978;0;5.6;2.6;0.0
94;2021-03-11;4128;1099;0;82913;38077;0;5.9;2.7;0.0
94;2021-03-12;4781;1002;0;87694;39079;0;6.2;2.8;0.0
94;2021-03-13;4445;454;0;92139;39533;0;6.6;2.8;0.0
94;2021-03-14;2159;151;0;94298;39684;0;6.7;2.8;0.0
94;2021-03-15;3312;734;0;97610;40418;0;6.9;2.9;0.0
94;2021-03-16;2807;501;0;100417;40919;0;7.1;2.9;0.0
94;2021-03-17;2896;447;0;103313;41366;0;7.3;2.9;0.0
94;2021-03-18;3396;463;0;106709;41829;0;7.6;3.0;0.0
94;2021-03-19;4444;645;0;111153;42474;0;7.9;3.0;0.0
94;2021-03-20;3698;316;0;114851;42790;0;8.2;3.0;0.0
94;2021-03-21;1165;290;0;116016;43080;0;8.3;3.1;0.0
94;2021-03-22;3426;644;0;119442;43724;0;8.5;3.1;0.0
94;2021-03-23;4743;744;0;124185;44468;0;8.8;3.2;0.0
94;2021-03-24;4924;674;0;129109;45142;0;9.2;3.2;0.0
94;2021-03-25;6584;780;0;135693;45922;0;9.7;3.3;0.0
94;2021-03-26;6335;809;0;142028;46731;0;10.1;3.3;0.0
94;2021-03-27;4513;314;0;146541;47045;0;10.4;3.3;0.0
94;2021-03-28;1501;94;0;148042;47139;0;10.5;3.4;0.0
94;2021-03-29;4103;1146;0;152145;48285;0;10.8;3.4;0.0
94;2021-03-30;5225;1411;0;157370;49696;0;11.2;3.5;0.0
94;2021-03-31;4771;1744;0;162141;51440;0;11.5;3.7;0.0
94;2021-04-01;5724;2356;0;167865;53796;0;11.9;3.8;0.0
94;2021-04-02;5245;2485;0;173110;56281;0;12.3;4.0;0.0
94;2021-04-03;2932;2437;0;176042;58718;0;12.5;4.2;0.0
94;2021-04-04;992;704;0;177034;59422;0;12.6;4.2;0.0
94;2021-04-05;790;188;0;177824;59610;0;12.6;4.2;0.0
94;2021-04-06;3575;2367;0;181399;61977;0;12.9;4.4;0.0
94;2021-04-07;3984;2227;0;185383;64204;0;13.2;4.6;0.0
94;2021-04-08;5008;2155;0;190391;66359;0;13.5;4.7;0.0
94;2021-04-09;5942;2594;0;196333;68953;0;14.0;4.9;0.0
94;2021-04-10;3242;3130;0;199575;72083;0;14.2;5.1;0.0
94;2021-04-11;1015;1594;0;200590;73677;0;14.3;5.2;0.0
94;2021-04-12;3551;2385;0;204141;76062;0;14.5;5.4;0.0
94;2021-04-13;4373;3306;0;208514;79368;0;14.8;5.6;0.0
94;2021-04-14;3811;2840;0;212325;82208;0;15.1;5.8;0.0
94;2021-04-15;4587;3232;0;216912;85440;0;15.4;6.1;0.0
94;2021-04-16;4844;3035;0;221756;88475;0;15.8;6.3;0.0
94;2021-04-17;2776;2591;0;224532;91066;0;16.0;6.5;0.0
94;2021-04-18;944;892;0;225476;91958;0;16.0;6.5;0.0
94;2021-04-19;3071;2621;0;228547;94579;0;16.3;6.7;0.0
94;2021-04-20;3323;3020;0;231870;97599;0;16.5;6.9;0.0
94;2021-04-21;3298;3319;0;235168;100918;0;16.7;7.2;0.0
94;2021-04-22;3917;3778;0;239085;104696;0;17.0;7.4;0.0
94;2021-04-23;4279;3909;0;243364;108605;0;17.3;7.7;0.0
94;2021-04-24;4326;3225;0;247690;111830;0;17.6;8.0;0.0
94;2021-04-25;2238;1100;0;249928;112930;0;17.8;8.0;0.0
94;2021-04-26;3935;3177;0;253863;116107;0;18.1;8.3;0.0
94;2021-04-27;5136;3479;0;258999;119586;0;18.4;8.5;0.0
94;2021-04-28;5176;3744;0;264175;123330;0;18.8;8.8;0.0
94;2021-04-29;6248;3874;0;270423;127204;0;19.2;9.0;0.0
94;2021-04-30;6419;3947;0;276842;131151;0;19.7;9.3;0.0
94;2021-05-01;4006;895;0;280848;132046;0;20.0;9.4;0.0
94;2021-05-02;2269;1136;0;283117;133182;0;20.1;9.5;0.0
94;2021-05-03;5767;5112;0;288884;138294;0;20.5;9.8;0.0
94;2021-05-04;6118;3773;0;295002;142067;0;21.0;10.1;0.0
94;2021-05-05;6199;3632;0;301201;145699;0;21.4;10.4;0.0
94;2021-05-06;6999;3939;0;308200;149638;0;21.9;10.6;0.0
94;2021-05-07;6512;4441;0;314712;154079;0;22.4;11.0;0.0
94;2021-05-08;5301;2443;0;320013;156522;0;22.8;11.1;0.0
94;2021-05-09;3847;1816;0;323860;158338;0;23.0;11.3;0.0
94;2021-05-10;7149;3309;0;331009;161647;0;23.5;11.5;0.0
94;2021-05-11;8455;4071;0;339464;165718;0;24.1;11.8;0.0
94;2021-05-12;9187;3792;0;348651;169510;0;24.8;12.1;0.0
94;2021-05-13;7989;1323;0;356640;170833;0;25.4;12.1;0.0
94;2021-05-14;9488;3232;0;366128;174065;0;26.0;12.4;0.0
94;2021-05-15;8329;2170;0;374457;176235;0;26.6;12.5;0.0
94;2021-05-16;3945;773;0;378402;177008;0;26.9;12.6;0.0
94;2021-05-17;9422;2232;0;387824;179240;0;27.6;12.7;0.0
94;2021-05-18;9892;2408;0;397716;181648;0;28.3;12.9;0.0
94;2021-05-19;9834;3464;0;407550;185112;0;29.0;13.2;0.0
94;2021-05-20;10371;3847;0;417921;188959;0;29.7;13.4;0.0
94;2021-05-21;10166;3020;0;428087;191979;0;30.4;13.7;0.0
94;2021-05-22;8788;1874;0;436875;193853;0;31.1;13.8;0.0
94;2021-05-23;4028;610;0;440903;194463;0;31.4;13.8;0.0
94;2021-05-24;7392;1108;0;448295;195571;0;31.9;13.9;0.0
94;2021-05-25;8261;3915;0;456556;199486;0;32.5;14.2;0.0
94;2021-05-26;8367;3335;0;464923;202821;0;33.1;14.4;0.0
94;2021-05-27;8664;4539;0;473587;207360;0;33.7;14.7;0.0
94;2021-05-28;8675;5001;0;482262;212361;0;34.3;15.1;0.0
94;2021-05-29;7859;3356;0;490121;215717;0;34.9;15.3;0.0
94;2021-05-30;3526;804;0;493647;216521;0;35.1;15.4;0.0
94;2021-05-31;8372;4129;0;502019;220650;0;35.7;15.7;0.0
94;2021-06-01;9019;5115;0;511038;225765;0;36.3;16.1;0.0
94;2021-06-02;8364;4718;0;519402;230483;0;36.9;16.4;0.0
94;2021-06-03;8782;5797;0;528184;236280;0;37.6;16.8;0.0
94;2021-06-04;9109;6597;0;537293;242877;0;38.2;17.3;0.0
94;2021-06-05;7073;5976;0;544366;248853;0;38.7;17.7;0.0
94;2021-06-06;3064;1712;0;547430;250565;0;38.9;17.8;0.0
94;2021-06-07;7348;5812;0;554778;256377;0;39.5;18.2;0.0
94;2021-06-08;7673;6333;0;562451;262710;0;40.0;18.7;0.0
94;2021-06-09;7469;6953;0;569920;269663;0;40.5;19.2;0.0
94;2021-06-10;7677;9769;0;577597;279432;0;41.1;19.9;0.0
94;2021-06-11;7112;7898;0;584709;287330;0;41.6;20.4;0.0
94;2021-06-12;8238;6347;0;592947;293677;0;42.2;20.9;0.0
94;2021-06-13;2736;2654;0;595683;296331;0;42.4;21.1;0.0
94;2021-06-14;5895;7905;0;601578;304236;0;42.8;21.6;0.0
94;2021-06-15;6686;8540;0;608264;312776;0;43.3;22.2;0.0
94;2021-06-16;6271;8024;0;614535;320800;0;43.7;22.8;0.0
94;2021-06-17;5911;8360;0;620446;329160;0;44.1;23.4;0.0
94;2021-06-18;5832;10719;0;626278;339879;0;44.5;24.2;0.0
94;2021-06-19;5161;8549;0;631439;348428;0;44.9;24.8;0.0
94;2021-06-20;1600;3492;0;633039;351920;0;45.0;25.0;0.0
94;2021-06-21;4433;9912;0;637472;361832;0;45.3;25.7;0.0
94;2021-06-22;4522;10095;0;641994;371927;0;45.7;26.5;0.0
94;2021-06-23;4224;10310;0;646218;382237;0;46.0;27.2;0.0
94;2021-06-24;4607;9606;0;650825;391843;0;46.3;27.9;0.0
94;2021-06-25;4177;12646;0;655002;404489;0;46.6;28.8;0.0
94;2021-06-26;3321;10676;0;658323;415165;0;46.8;29.5;0.0
94;2021-06-27;1076;4024;0;659399;419189;0;46.9;29.8;0.0
94;2021-06-28;3340;10390;0;662739;429579;0;47.1;30.6;0.0
94;2021-06-29;3807;11132;0;666546;440711;0;47.4;31.3;0.0
94;2021-06-30;4023;10330;0;670569;451041;0;47.7;32.1;0.0
94;2021-07-01;4679;10177;0;675248;461218;0;48.0;32.8;0.0
94;2021-07-02;4542;10984;0;679790;472202;0;48.3;33.6;0.0
94;2021-07-03;3525;10468;0;683315;482670;0;48.6;34.3;0.0
94;2021-07-04;1431;4102;0;684746;486772;0;48.7;34.6;0.0
94;2021-07-05;3817;9739;0;688563;496511;0;49.0;35.3;0.0
94;2021-07-06;4119;9761;1;692682;506272;1;49.3;36.0;0.0
94;2021-07-07;4317;10017;0;696999;516289;1;49.6;36.7;0.0
94;2021-07-08;4641;9432;0;701640;525721;1;49.9;37.4;0.0
94;2021-07-09;4745;10839;0;706385;536560;1;50.2;38.2;0.0
94;2021-07-10;3838;9670;0;710223;546230;1;50.5;38.8;0.0
94;2021-07-11;1534;3748;0;711757;549978;1;50.6;39.1;0.0
94;2021-07-12;3684;10812;0;715441;560790;1;50.9;39.9;0.0
94;2021-07-13;6243;11618;0;721684;572408;1;51.3;40.7;0.0
94;2021-07-14;4521;5168;0;726205;577576;1;51.6;41.1;0.0
94;2021-07-15;7209;11916;0;733414;589492;1;52.2;41.9;0.0
94;2021-07-16;7779;11133;0;741193;600625;1;52.7;42.7;0.0
94;2021-07-17;5967;10130;0;747160;610755;1;53.1;43.4;0.0
94;2021-07-18;2808;3376;0;749968;614131;1;53.3;43.7;0.0
94;2021-07-19;6536;9813;0;756504;623944;1;53.8;44.4;0.0
94;2021-07-20;8115;9876;0;764619;633820;1;54.4;45.1;0.0
94;2021-07-21;8729;9286;0;773348;643106;1;55.0;45.7;0.0
94;2021-07-22;9531;9064;1;782879;652170;2;55.7;46.4;0.0
94;2021-07-23;9072;9446;0;791951;661616;2;56.3;47.1;0.0
94;2021-07-24;7026;8202;0;798977;669818;2;56.8;47.6;0.0
94;2021-07-25;2490;2653;0;801467;672471;2;57.0;47.8;0.0
94;2021-07-26;7417;7966;0;808884;680437;2;57.5;48.4;0.0
94;2021-07-27;8540;7266;0;817424;687703;2;58.1;48.9;0.0
94;2021-07-28;8675;6790;0;826099;694493;2;58.8;49.4;0.0
94;2021-07-29;8704;6607;0;834803;701100;2;59.4;49.9;0.0
94;2021-07-30;7779;6773;0;842582;707873;2;59.9;50.3;0.0
94;2021-07-31;6357;5917;0;848939;713790;2;60.4;50.8;0.0
94;2021-08-01;2648;1711;0;851587;715501;2;60.6;50.9;0.0
94;2021-08-02;6336;5558;0;857923;721059;2;61.0;51.3;0.0
94;2021-08-03;6104;5523;0;864027;726582;2;61.5;51.7;0.0
94;2021-08-04;5819;5263;0;869846;731845;2;61.9;52.1;0.0
94;2021-08-05;5712;5678;0;875558;737523;2;62.3;52.5;0.0
94;2021-08-06;5319;5750;0;880877;743273;2;62.6;52.9;0.0
94;2021-08-07;4030;4476;0;884907;747749;2;62.9;53.2;0.0
94;2021-08-08;1289;1707;0;886196;749456;2;63.0;53.3;0.0
94;2021-08-09;4515;6265;0;890711;755721;2;63.3;53.7;0.0
94;2021-08-10;4893;6089;0;895604;761810;2;63.7;54.2;0.0
94;2021-08-11;3906;5742;0;899510;767552;2;64.0;54.6;0.0
94;2021-08-12;3995;6251;0;903505;773803;2;64.3;55.0;0.0
94;2021-08-13;3373;5541;0;906878;779344;2;64.5;55.4;0.0
94;2021-08-14;2586;4871;0;909464;784215;2;64.7;55.8;0.0
94;2021-08-15;559;918;0;910023;785133;2;64.7;55.8;0.0
94;2021-08-16;3190;6957;0;913213;792090;2;64.9;56.3;0.0
94;2021-08-17;3134;6911;0;916347;799001;2;65.2;56.8;0.0
94;2021-08-18;2949;6421;0;919296;805422;2;65.4;57.3;0.0
94;2021-08-19;2935;6428;0;922231;811850;2;65.6;57.7;0.0
94;2021-08-20;2793;6569;0;925024;818419;2;65.8;58.2;0.0
94;2021-08-21;2183;5556;0;927207;823975;2;65.9;58.6;0.0
94;2021-08-22;715;2356;0;927922;826331;2;66.0;58.8;0.0
94;2021-08-23;2560;7071;0;930482;833402;2;66.2;59.3;0.0
94;2021-08-24;2839;6984;0;933321;840386;2;66.4;59.8;0.0
94;2021-08-25;2472;6104;0;935793;846490;2;66.6;60.2;0.0
94;2021-08-26;2345;5939;0;938138;852429;2;66.7;60.6;0.0
94;2021-08-27;2399;6283;0;940537;858712;2;66.9;61.1;0.0
94;2021-08-28;2107;5722;0;942644;864434;2;67.0;61.5;0.0
94;2021-08-29;700;1902;0;943344;866336;2;67.1;61.6;0.0
94;2021-08-30;2436;6606;170;945780;872942;172;67.3;62.1;0.0
94;2021-08-31;2389;6451;262;948169;879393;434;67.4;62.5;0.0
94;2021-09-01;2500;4871;563;950669;884264;997;67.6;62.9;0.1
94;2021-09-02;1966;4120;599;952635;888384;1596;67.8;63.2;0.1
94;2021-09-03;1951;4604;623;954586;892988;2219;67.9;63.5;0.2
94;2021-09-04;2127;4534;283;956713;897522;2502;68.0;63.8;0.2
94;2021-09-05;619;1034;156;957332;898556;2658;68.1;63.9;0.2
94;2021-09-06;1440;2999;667;958772;901555;3325;68.2;64.1;0.2
94;2021-09-07;1270;2805;599;960042;904360;3924;68.3;64.3;0.3
94;2021-09-08;1461;2874;496;961503;907234;4420;68.4;64.5;0.3
94;2021-09-09;1173;2423;641;962676;909657;5061;68.5;64.7;0.4
94;2021-09-10;1594;3019;746;964270;912676;5807;68.6;64.9;0.4
94;2021-09-11;1571;3692;258;965841;916368;6065;68.7;65.2;0.4
94;2021-09-12;383;924;92;966224;917292;6157;68.7;65.2;0.4
94;2021-09-13;1197;2094;680;967421;919386;6837;68.8;65.4;0.5
94;2021-09-14;1257;2072;1035;968678;921458;7872;68.9;65.5;0.6
94;2021-09-15;1315;2720;945;969993;924178;8817;69.0;65.7;0.6
94;2021-09-16;996;1782;1109;970989;925960;9926;69.1;65.9;0.7
94;2021-09-17;1186;2295;900;972175;928255;10826;69.1;66.0;0.8
94;2021-09-18;1072;3187;332;973247;931442;11158;69.2;66.2;0.8
94;2021-09-19;265;748;164;973512;932190;11322;69.2;66.3;0.8
94;2021-09-20;815;1646;768;974327;933836;12090;69.3;66.4;0.9
94;2021-09-21;902;1624;956;975229;935460;13046;69.4;66.5;0.9
94;2021-09-22;917;2198;707;976146;937658;13753;69.4;66.7;1.0
94;2021-09-23;767;1455;852;976913;939113;14605;69.5;66.8;1.0
94;2021-09-24;979;1899;837;977892;941012;15442;69.5;66.9;1.1
94;2021-09-25;927;2801;370;978819;943813;15812;69.6;67.1;1.1
94;2021-09-26;231;619;93;979050;944432;15905;69.6;67.2;1.1
94;2021-09-27;637;1368;762;979687;945800;16667;69.7;67.3;1.2
94;2021-09-28;687;1275;888;980374;947075;17555;69.7;67.4;1.2
94;2021-09-29;807;1560;694;981181;948635;18249;69.8;67.5;1.3
94;2021-09-30;950;1139;1015;982131;949774;19264;69.9;67.5;1.4
94;2021-10-01;1323;1605;980;983454;951379;20244;69.9;67.7;1.4
94;2021-10-02;1024;2003;446;984478;953382;20690;70.0;67.8;1.5
94;2021-10-03;217;431;101;984695;953813;20791;70.0;67.8;1.5
94;2021-10-04;658;1035;980;985353;954848;21771;70.1;67.9;1.5
94;2021-10-05;666;1066;936;986019;955914;22707;70.1;68.0;1.6
94;2021-10-06;690;1222;1007;986709;957136;23714;70.2;68.1;1.7
94;2021-10-07;614;994;1282;987323;958130;24996;70.2;68.1;1.8
94;2021-10-08;963;1445;1346;988286;959575;26342;70.3;68.2;1.9
94;2021-10-09;825;1497;634;989111;961072;26976;70.3;68.4;1.9
94;2021-10-10;188;360;241;989299;961432;27217;70.4;68.4;1.9
94;2021-10-11;583;941;1185;989882;962373;28402;70.4;68.4;2.0
94;2021-10-12;637;1087;1351;990519;963460;29753;70.4;68.5;2.1
94;2021-10-13;738;1070;1186;991257;964530;30939;70.5;68.6;2.2
94;2021-10-14;636;1020;1530;991893;965550;32469;70.5;68.7;2.3
94;2021-10-15;872;1276;1625;992765;966826;34094;70.6;68.8;2.4
94;2021-10-16;810;1249;882;993575;968075;34976;70.7;68.9;2.5
94;2021-10-17;172;284;186;993747;968359;35162;70.7;68.9;2.5
94;2021-10-18;483;804;1531;994230;969163;36693;70.7;68.9;2.6
94;2021-10-19;343;710;1523;994573;969873;38216;70.7;69.0;2.7
94;2021-10-20;399;819;1663;994972;970692;39879;70.8;69.0;2.8
94;2021-10-21;344;788;1851;995316;971480;41730;70.8;69.1;3.0
94;2021-10-22;425;1108;1998;995741;972588;43728;70.8;69.2;3.1
94;2021-10-23;463;1001;1240;996204;973589;44968;70.9;69.2;3.2
94;2021-10-24;95;185;294;996299;973774;45262;70.9;69.3;3.2
94;2021-10-25;314;550;1609;996613;974324;46871;70.9;69.3;3.3
94;2021-10-26;304;553;1807;996917;974877;48678;70.9;69.3;3.5
94;2021-10-27;306;625;1598;997223;975502;50276;70.9;69.4;3.6
94;2021-10-28;312;584;1936;997535;976086;52212;70.9;69.4;3.7
94;2021-10-29;316;684;1889;997851;976770;54101;71.0;69.5;3.8
94;2021-10-30;304;648;1159;998155;977418;55260;71.0;69.5;3.9
94;2021-10-31;65;151;255;998220;977569;55515;71.0;69.5;3.9
94;2021-11-01;91;85;65;998311;977654;55580;71.0;69.5;4.0
94;2021-11-02;305;678;1832;998616;978332;57412;71.0;69.6;4.1
94;2021-11-03;292;591;1766;998908;978923;59178;71.0;69.6;4.2
94;2021-11-04;298;581;2207;999206;979504;61385;71.1;69.7;4.4
94;2021-11-05;299;595;2186;999505;980099;63571;71.1;69.7;4.5
94;2021-11-06;313;654;1429;999818;980753;65000;71.1;69.8;4.6
94;2021-11-07;73;152;450;999891;980905;65450;71.1;69.8;4.7
94;2021-11-08;188;498;2058;1000079;981403;67508;71.1;69.8;4.8
94;2021-11-09;249;590;2904;1000328;981993;70412;71.1;69.8;5.0
94;2021-11-10;348;606;3001;1000676;982599;73413;71.2;69.9;5.2
94;2021-11-11;25;89;211;1000701;982688;73624;71.2;69.9;5.2
94;2021-11-12;327;631;3346;1001028;983319;76970;71.2;69.9;5.5
94;2021-11-13;333;555;1932;1001361;983874;78902;71.2;70.0;5.6
94;2021-11-14;60;126;380;1001421;984000;79282;71.2;70.0;5.6
94;2021-11-15;184;346;2627;1001605;984346;81909;71.2;70.0;5.8
94;2021-11-16;247;388;3397;1001852;984734;85306;71.3;70.0;6.1
94;2021-11-17;332;497;2918;1002184;985231;88224;71.3;70.1;6.3
94;2021-11-18;294;404;3444;1002478;985635;91668;71.3;70.1;6.5
94;2021-11-19;354;487;3810;1002832;986122;95478;71.3;70.1;6.8
94;2021-11-20;424;560;2267;1003256;986682;97745;71.4;70.2;7.0
94;2021-11-21;71;80;427;1003327;986762;98172;71.4;70.2;7.0
94;2021-11-22;210;320;2856;1003537;987082;101028;71.4;70.2;7.2
94;2021-11-23;249;329;3555;1003786;987411;104583;71.4;70.2;7.4
94;2021-11-24;348;427;3484;1004134;987838;108067;71.4;70.3;7.7
94;2021-11-25;288;360;4707;1004422;988198;112774;71.4;70.3;8.0
94;2021-11-26;348;444;6713;1004770;988642;119487;71.5;70.3;8.5
94;2021-11-27;323;430;5484;1005093;989072;124971;71.5;70.3;8.9
94;2021-11-28;67;90;1930;1005160;989162;126901;71.5;70.4;9.0
94;2021-11-29;157;276;6037;1005317;989438;132938;71.5;70.4;9.5
94;2021-11-30;248;370;9266;1005565;989808;142204;71.5;70.4;10.1
94;2021-12-01;253;433;9561;1005818;990241;151765;71.5;70.4;10.8
94;2021-12-02;221;263;10326;1006039;990504;162091;71.6;70.4;11.5
94;2021-12-03;227;417;11141;1006266;990921;173232;71.6;70.5;12.3
94;2021-12-04;213;419;8618;1006479;991340;181850;71.6;70.5;12.9
94;2021-12-05;69;102;2874;1006548;991442;184724;71.6;70.5;13.1
94;2021-12-06;175;341;9893;1006723;991783;194617;71.6;70.5;13.8
94;2021-12-07;249;394;12919;1006972;992177;207536;71.6;70.6;14.8
94;2021-12-08;248;399;11746;1007220;992576;219282;71.6;70.6;15.6
94;2021-12-09;268;383;13138;1007488;992959;232420;71.7;70.6;16.5
94;2021-12-10;249;480;13702;1007737;993439;246122;71.7;70.7;17.5
94;2021-12-11;251;460;10870;1007988;993899;256992;71.7;70.7;18.3
94;2021-12-12;94;122;5176;1008082;994021;262168;71.7;70.7;18.6
94;2021-12-13;199;331;11777;1008281;994352;273945;71.7;70.7;19.5
94;2021-12-14;259;403;14845;1008540;994755;288790;71.7;70.7;20.5
94;2021-12-15;320;506;13363;1008860;995261;302153;71.8;70.8;21.5
94;2021-12-16;316;459;15074;1009176;995720;317227;71.8;70.8;22.6
94;2021-12-17;317;488;15308;1009493;996208;332535;71.8;70.9;23.7
94;2021-12-18;300;452;11762;1009793;996660;344297;71.8;70.9;24.5
94;2021-12-19;161;139;6270;1009954;996799;350567;71.8;70.9;24.9
94;2021-12-20;371;398;12864;1010325;997197;363431;71.9;70.9;25.8
94;2021-12-21;452;428;14214;1010777;997625;377645;71.9;71.0;26.9
94;2021-12-22;398;422;12327;1011175;998047;389972;71.9;71.0;27.7
94;2021-12-23;393;418;10562;1011568;998465;400534;71.9;71.0;28.5
94;2021-12-24;161;169;3917;1011729;998634;404451;72.0;71.0;28.8
94;2021-12-25;9;27;239;1011738;998661;404690;72.0;71.0;28.8
94;2021-12-26;93;92;2898;1011831;998753;407588;72.0;71.0;29.0
95;2020-12-27;8;0;0;8;0;0;0.0;0.0;0.0
95;2020-12-28;5;0;0;13;0;0;0.0;0.0;0.0
95;2020-12-29;2;0;0;15;0;0;0.0;0.0;0.0
95;2020-12-30;3;0;0;18;0;0;0.0;0.0;0.0
95;2020-12-31;5;0;0;23;0;0;0.0;0.0;0.0
95;2021-01-01;3;0;0;26;0;0;0.0;0.0;0.0
95;2021-01-02;14;0;0;40;0;0;0.0;0.0;0.0
95;2021-01-03;3;0;0;43;0;0;0.0;0.0;0.0
95;2021-01-04;63;0;0;106;0;0;0.0;0.0;0.0
95;2021-01-05;306;1;0;412;1;0;0.0;0.0;0.0
95;2021-01-06;208;1;0;620;2;0;0.0;0.0;0.0
95;2021-01-07;253;3;0;873;5;0;0.1;0.0;0.0
95;2021-01-08;433;3;0;1306;8;0;0.1;0.0;0.0
95;2021-01-09;279;0;0;1585;8;0;0.1;0.0;0.0
95;2021-01-10;334;2;0;1919;10;0;0.2;0.0;0.0
95;2021-01-11;577;13;0;2496;23;0;0.2;0.0;0.0
95;2021-01-12;846;6;0;3342;29;0;0.3;0.0;0.0
95;2021-01-13;862;16;0;4204;45;0;0.3;0.0;0.0
95;2021-01-14;891;15;0;5095;60;0;0.4;0.0;0.0
95;2021-01-15;870;16;0;5965;76;0;0.5;0.0;0.0
95;2021-01-16;303;4;0;6268;80;0;0.5;0.0;0.0
95;2021-01-17;138;1;0;6406;81;0;0.5;0.0;0.0
95;2021-01-18;1309;10;0;7715;91;0;0.6;0.0;0.0
95;2021-01-19;1542;15;0;9257;106;0;0.7;0.0;0.0
95;2021-01-20;1912;11;0;11169;117;0;0.9;0.0;0.0
95;2021-01-21;1859;10;0;13028;127;0;1.0;0.0;0.0
95;2021-01-22;1496;13;0;14524;140;0;1.2;0.0;0.0
95;2021-01-23;564;1;0;15088;141;0;1.2;0.0;0.0
95;2021-01-24;160;0;0;15248;141;0;1.2;0.0;0.0
95;2021-01-25;809;42;0;16057;183;0;1.3;0.0;0.0
95;2021-01-26;1017;152;0;17074;335;0;1.4;0.0;0.0
95;2021-01-27;1277;142;0;18351;477;0;1.5;0.0;0.0
95;2021-01-28;1574;65;0;19925;542;0;1.6;0.0;0.0
95;2021-01-29;1192;193;0;21117;735;0;1.7;0.1;0.0
95;2021-01-30;450;5;0;21567;740;0;1.7;0.1;0.0
95;2021-01-31;170;2;0;21737;742;0;1.7;0.1;0.0
95;2021-02-01;498;253;0;22235;995;0;1.8;0.1;0.0
95;2021-02-02;552;253;0;22787;1248;0;1.8;0.1;0.0
95;2021-02-03;597;462;0;23384;1710;0;1.9;0.1;0.0
95;2021-02-04;949;408;0;24333;2118;0;1.9;0.2;0.0
95;2021-02-05;657;370;0;24990;2488;0;2.0;0.2;0.0
95;2021-02-06;352;232;0;25342;2720;0;2.0;0.2;0.0
95;2021-02-07;126;311;0;25468;3031;0;2.0;0.2;0.0
95;2021-02-08;694;426;0;26162;3457;0;2.1;0.3;0.0
95;2021-02-09;1003;1039;0;27165;4496;0;2.2;0.4;0.0
95;2021-02-10;1144;1374;0;28309;5870;0;2.3;0.5;0.0
95;2021-02-11;1295;1269;0;29604;7139;0;2.4;0.6;0.0
95;2021-02-12;1007;1062;0;30611;8201;0;2.5;0.7;0.0
95;2021-02-13;332;328;0;30943;8529;0;2.5;0.7;0.0
95;2021-02-14;41;103;0;30984;8632;0;2.5;0.7;0.0
95;2021-02-15;365;1063;0;31349;9695;0;2.5;0.8;0.0
95;2021-02-16;503;1057;0;31852;10752;0;2.6;0.9;0.0
95;2021-02-17;589;1142;0;32441;11894;0;2.6;1.0;0.0
95;2021-02-18;728;1659;0;33169;13553;0;2.7;1.1;0.0
95;2021-02-19;770;1331;0;33939;14884;0;2.7;1.2;0.0
95;2021-02-20;287;497;0;34226;15381;0;2.7;1.2;0.0
95;2021-02-21;116;238;0;34342;15619;0;2.8;1.3;0.0
95;2021-02-22;314;944;0;34656;16563;0;2.8;1.3;0.0
95;2021-02-23;356;791;0;35012;17354;0;2.8;1.4;0.0
95;2021-02-24;358;887;0;35370;18241;0;2.8;1.5;0.0
95;2021-02-25;727;1152;0;36097;19393;0;2.9;1.6;0.0
95;2021-02-26;1081;888;0;37178;20281;0;3.0;1.6;0.0
95;2021-02-27;384;413;0;37562;20694;0;3.0;1.7;0.0
95;2021-02-28;51;171;0;37613;20865;0;3.0;1.7;0.0
95;2021-03-01;784;544;0;38397;21409;0;3.1;1.7;0.0
95;2021-03-02;1335;842;0;39732;22251;0;3.2;1.8;0.0
95;2021-03-03;1573;916;0;41305;23167;0;3.3;1.9;0.0
95;2021-03-04;3063;1182;0;44368;24349;0;3.6;2.0;0.0
95;2021-03-05;3466;1062;0;47834;25411;0;3.8;2.0;0.0
95;2021-03-06;3743;490;0;51577;25901;0;4.1;2.1;0.0
95;2021-03-07;3658;327;0;55235;26228;0;4.4;2.1;0.0
95;2021-03-08;1442;805;0;56677;27033;0;4.5;2.2;0.0
95;2021-03-09;2526;538;0;59203;27571;0;4.7;2.2;0.0
95;2021-03-10;2502;858;0;61705;28429;0;4.9;2.3;0.0
95;2021-03-11;3211;1139;0;64916;29568;0;5.2;2.4;0.0
95;2021-03-12;3688;877;0;68604;30445;0;5.5;2.4;0.0
95;2021-03-13;3413;431;0;72017;30876;0;5.8;2.5;0.0
95;2021-03-14;1616;242;0;73633;31118;0;5.9;2.5;0.0
95;2021-03-15;2281;355;0;75914;31473;0;6.1;2.5;0.0
95;2021-03-16;1659;413;0;77573;31886;0;6.2;2.6;0.0
95;2021-03-17;2078;411;0;79651;32297;0;6.4;2.6;0.0
95;2021-03-18;2591;398;0;82242;32695;0;6.6;2.6;0.0
95;2021-03-19;3394;374;0;85636;33069;0;6.9;2.6;0.0
95;2021-03-20;2657;213;0;88293;33282;0;7.1;2.7;0.0
95;2021-03-21;948;212;0;89241;33494;0;7.1;2.7;0.0
95;2021-03-22;2821;326;0;92062;33820;0;7.4;2.7;0.0
95;2021-03-23;3527;459;0;95589;34279;0;7.7;2.7;0.0
95;2021-03-24;3622;495;0;99211;34774;0;7.9;2.8;0.0
95;2021-03-25;5561;652;0;104772;35426;0;8.4;2.8;0.0
95;2021-03-26;5425;673;0;110197;36099;0;8.8;2.9;0.0
95;2021-03-27;3329;219;0;113526;36318;0;9.1;2.9;0.0
95;2021-03-28;1052;72;0;114578;36390;0;9.2;2.9;0.0
95;2021-03-29;2807;587;0;117385;36977;0;9.4;3.0;0.0
95;2021-03-30;3922;1192;0;121307;38169;0;9.7;3.1;0.0
95;2021-03-31;3807;1577;0;125114;39746;0;10.0;3.2;0.0
95;2021-04-01;4920;2205;0;130034;41951;0;10.4;3.4;0.0
95;2021-04-02;3645;2589;0;133679;44540;0;10.7;3.6;0.0
95;2021-04-03;2104;2269;0;135783;46809;0;10.9;3.7;0.0
95;2021-04-04;889;951;0;136672;47760;0;10.9;3.8;0.0
95;2021-04-05;725;88;0;137397;47848;0;11.0;3.8;0.0
95;2021-04-06;2312;1466;0;139709;49314;0;11.2;4.0;0.0
95;2021-04-07;4448;1983;0;144157;51297;0;11.5;4.1;0.0
95;2021-04-08;4971;2275;0;149128;53572;0;11.9;4.3;0.0
95;2021-04-09;5761;2194;0;154889;55766;0;12.4;4.5;0.0
95;2021-04-10;3698;1414;0;158587;57180;0;12.7;4.6;0.0
95;2021-04-11;1137;799;0;159724;57979;0;12.8;4.6;0.0
95;2021-04-12;3084;1610;0;162808;59589;0;13.0;4.8;0.0
95;2021-04-13;3372;1866;0;166180;61455;0;13.3;4.9;0.0
95;2021-04-14;3177;2008;0;169357;63463;0;13.6;5.1;0.0
95;2021-04-15;4143;2948;0;173500;66411;0;13.9;5.3;0.0
95;2021-04-16;4342;2827;0;177842;69238;0;14.2;5.5;0.0
95;2021-04-17;2492;1788;0;180334;71026;0;14.4;5.7;0.0
95;2021-04-18;1057;745;0;181391;71771;0;14.5;5.7;0.0
95;2021-04-19;2543;2193;0;183934;73964;0;14.7;5.9;0.0
95;2021-04-20;2512;2399;0;186446;76363;0;14.9;6.1;0.0
95;2021-04-21;3971;2522;0;190417;78885;0;15.3;6.3;0.0
95;2021-04-22;3560;4071;0;193977;82956;0;15.5;6.6;0.0
95;2021-04-23;3277;3384;0;197254;86340;0;15.8;6.9;0.0
95;2021-04-24;3622;2371;0;200876;88711;0;16.1;7.1;0.0
95;2021-04-25;1860;1034;0;202736;89745;0;16.2;7.2;0.0
95;2021-04-26;3039;2490;0;205775;92235;0;16.5;7.4;0.0
95;2021-04-27;4179;2333;0;209954;94568;0;16.8;7.6;0.0
95;2021-04-28;4214;2827;0;214168;97395;0;17.2;7.8;0.0
95;2021-04-29;6088;4108;0;220256;101503;0;17.6;8.1;0.0
95;2021-04-30;6633;3064;0;226889;104567;0;18.2;8.4;0.0
95;2021-05-01;2467;895;0;229356;105462;0;18.4;8.4;0.0
95;2021-05-02;1939;948;0;231295;106410;0;18.5;8.5;0.0
95;2021-05-03;4893;2706;0;236188;109116;0;18.9;8.7;0.0
95;2021-05-04;5975;2984;0;242163;112100;0;19.4;9.0;0.0
95;2021-05-05;5218;3756;0;247381;115856;0;19.8;9.3;0.0
95;2021-05-06;7215;4530;0;254596;120386;0;20.4;9.6;0.0
95;2021-05-07;5624;4664;0;260220;125050;0;20.8;10.0;0.0
95;2021-05-08;4999;1725;0;265219;126775;0;21.2;10.2;0.0
95;2021-05-09;2579;1415;0;267798;128190;0;21.5;10.3;0.0
95;2021-05-10;8037;3048;0;275835;131238;0;22.1;10.5;0.0
95;2021-05-11;7466;3556;0;283301;134794;0;22.7;10.8;0.0
95;2021-05-12;8294;3248;0;291595;138042;0;23.4;11.1;0.0
95;2021-05-13;6413;1153;0;298008;139195;0;23.9;11.2;0.0
95;2021-05-14;6637;2062;0;304645;141257;0;24.4;11.3;0.0
95;2021-05-15;4658;1245;0;309303;142502;0;24.8;11.4;0.0
95;2021-05-16;3900;744;0;313203;143246;0;25.1;11.5;0.0
95;2021-05-17;6269;1379;0;319472;144625;0;25.6;11.6;0.0
95;2021-05-18;8077;1777;0;327549;146402;0;26.2;11.7;0.0
95;2021-05-19;8318;2656;0;335867;149058;0;26.9;11.9;0.0
95;2021-05-20;10191;2473;0;346058;151531;0;27.7;12.1;0.0
95;2021-05-21;9047;2516;0;355105;154047;0;28.4;12.3;0.0
95;2021-05-22;7835;1513;0;362940;155560;0;29.1;12.5;0.0
95;2021-05-23;3565;869;0;366505;156429;0;29.4;12.5;0.0
95;2021-05-24;2981;604;0;369486;157033;0;29.6;12.6;0.0
95;2021-05-25;6742;2338;0;376228;159371;0;30.1;12.8;0.0
95;2021-05-26;7795;3049;0;384023;162420;0;30.8;13.0;0.0
95;2021-05-27;8835;4360;0;392858;166780;0;31.5;13.4;0.0
95;2021-05-28;6969;4526;0;399827;171306;0;32.0;13.7;0.0
95;2021-05-29;4947;2893;0;404774;174199;0;32.4;14.0;0.0
95;2021-05-30;2944;1296;0;407718;175495;0;32.7;14.1;0.0
95;2021-05-31;5234;3366;0;412952;178861;0;33.1;14.3;0.0
95;2021-06-01;7443;4115;0;420395;182976;0;33.7;14.7;0.0
95;2021-06-02;7409;4480;0;427804;187456;0;34.3;15.0;0.0
95;2021-06-03;7291;6029;0;435095;193485;0;34.9;15.5;0.0
95;2021-06-04;7677;4759;0;442772;198244;0;35.5;15.9;0.0
95;2021-06-05;6581;3894;0;449353;202138;0;36.0;16.2;0.0
95;2021-06-06;3243;1412;0;452596;203550;0;36.3;16.3;0.0
95;2021-06-07;5116;4640;0;457712;208190;0;36.7;16.7;0.0
95;2021-06-08;5896;5523;0;463608;213713;0;37.1;17.1;0.0
95;2021-06-09;5844;6267;0;469452;219980;0;37.6;17.6;0.0
95;2021-06-10;6000;7250;0;475452;227230;0;38.1;18.2;0.0
95;2021-06-11;6132;6426;0;481584;233656;0;38.6;18.7;0.0
95;2021-06-12;5208;4201;0;486792;237857;0;39.0;19.1;0.0
95;2021-06-13;1828;2764;0;488620;240621;0;39.1;19.3;0.0
95;2021-06-14;4022;5852;0;492642;246473;0;39.5;19.7;0.0
95;2021-06-15;4240;7676;0;496882;254149;0;39.8;20.4;0.0
95;2021-06-16;4991;7253;0;501873;261402;0;40.2;20.9;0.0
95;2021-06-17;5719;7699;0;507592;269101;0;40.7;21.6;0.0
95;2021-06-18;5160;7727;0;512752;276828;0;41.1;22.2;0.0
95;2021-06-19;4335;7757;0;517087;284585;0;41.4;22.8;0.0
95;2021-06-20;1244;2986;0;518331;287571;0;41.5;23.0;0.0
95;2021-06-21;2970;7066;0;521301;294637;0;41.8;23.6;0.0
95;2021-06-22;4214;8443;0;525515;303080;0;42.1;24.3;0.0
95;2021-06-23;4144;9901;0;529659;312981;0;42.4;25.1;0.0
95;2021-06-24;4281;9442;0;533940;322423;0;42.8;25.8;0.0
95;2021-06-25;4295;9674;0;538235;332097;0;43.1;26.6;0.0
95;2021-06-26;3630;7830;0;541865;339927;0;43.4;27.2;0.0
95;2021-06-27;836;3434;0;542701;343361;0;43.5;27.5;0.0
95;2021-06-28;2408;8095;0;545109;351456;0;43.7;28.2;0.0
95;2021-06-29;2469;8119;0;547578;359575;0;43.9;28.8;0.0
95;2021-06-30;3658;9393;0;551236;368968;0;44.2;29.6;0.0
95;2021-07-01;4306;9987;0;555542;378955;0;44.5;30.4;0.0
95;2021-07-02;4221;9651;0;559763;388606;0;44.8;31.1;0.0
95;2021-07-03;3309;8292;0;563072;396898;0;45.1;31.8;0.0
95;2021-07-04;1045;3067;0;564117;399965;0;45.2;32.0;0.0
95;2021-07-05;2704;4943;0;566821;404908;0;45.4;32.4;0.0
95;2021-07-06;2941;7569;0;569762;412477;0;45.6;33.0;0.0
95;2021-07-07;4002;9014;0;573764;421491;0;46.0;33.8;0.0
95;2021-07-08;4811;9208;0;578575;430699;0;46.3;34.5;0.0
95;2021-07-09;4708;9645;0;583283;440344;0;46.7;35.3;0.0
95;2021-07-10;3458;7000;0;586741;447344;0;47.0;35.8;0.0
95;2021-07-11;1303;2948;0;588044;450292;0;47.1;36.1;0.0
95;2021-07-12;3247;8629;0;591291;458921;0;47.4;36.8;0.0
95;2021-07-13;6038;9779;0;597329;468700;0;47.8;37.5;0.0
95;2021-07-14;4991;5348;0;602320;474048;0;48.2;38.0;0.0
95;2021-07-15;7671;11318;0;609991;485366;0;48.9;38.9;0.0
95;2021-07-16;8564;11131;0;618555;496497;0;49.5;39.8;0.0
95;2021-07-17;5535;7465;0;624090;503962;0;50.0;40.4;0.0
95;2021-07-18;3307;2590;0;627397;506552;0;50.3;40.6;0.0
95;2021-07-19;5452;6554;0;632849;513106;0;50.7;41.1;0.0
95;2021-07-20;7055;8100;0;639904;521206;0;51.3;41.8;0.0
95;2021-07-21;9212;8876;0;649116;530082;0;52.0;42.5;0.0
95;2021-07-22;10005;9186;0;659121;539268;0;52.8;43.2;0.0
95;2021-07-23;10519;9644;1;669640;548912;1;53.6;44.0;0.0
95;2021-07-24;5634;6226;0;675274;555138;1;54.1;44.5;0.0
95;2021-07-25;2595;2251;0;677869;557389;1;54.3;44.6;0.0
95;2021-07-26;5482;4755;0;683351;562144;1;54.7;45.0;0.0
95;2021-07-27;8620;6951;0;691971;569095;1;55.4;45.6;0.0
95;2021-07-28;9489;7280;0;701460;576375;1;56.2;46.2;0.0
95;2021-07-29;8540;5846;0;710000;582221;1;56.9;46.6;0.0
95;2021-07-30;8495;7157;0;718495;589378;1;57.6;47.2;0.0
95;2021-07-31;4513;3687;0;723008;593065;1;57.9;47.5;0.0
95;2021-08-01;2029;1318;0;725037;594383;1;58.1;47.6;0.0
95;2021-08-02;4843;3959;0;729880;598342;1;58.5;47.9;0.0
95;2021-08-03;5851;5411;0;735731;603753;1;58.9;48.4;0.0
95;2021-08-04;5958;5503;0;741689;609256;1;59.4;48.8;0.0
95;2021-08-05;5864;5159;0;747553;614415;1;59.9;49.2;0.0
95;2021-08-06;5840;6435;0;753393;620850;1;60.4;49.7;0.0
95;2021-08-07;2781;3389;0;756174;624239;1;60.6;50.0;0.0
95;2021-08-08;1181;1893;0;757355;626132;1;60.7;50.2;0.0
95;2021-08-09;4032;4977;0;761387;631109;1;61.0;50.6;0.0
95;2021-08-10;4888;5583;0;766275;636692;1;61.4;51.0;0.0
95;2021-08-11;4642;6139;0;770917;642831;1;61.8;51.5;0.0
95;2021-08-12;4444;6363;0;775361;649194;1;62.1;52.0;0.0
95;2021-08-13;3542;5243;0;778903;654437;1;62.4;52.4;0.0
95;2021-08-14;3069;3741;0;781972;658178;1;62.6;52.7;0.0
95;2021-08-15;409;570;0;782381;658748;1;62.7;52.8;0.0
95;2021-08-16;2760;6040;0;785141;664788;1;62.9;53.3;0.0
95;2021-08-17;3233;6888;0;788374;671676;1;63.2;53.8;0.0
95;2021-08-18;3646;7524;0;792020;679200;1;63.4;54.4;0.0
95;2021-08-19;3128;6276;0;795148;685476;1;63.7;54.9;0.0
95;2021-08-20;3235;7314;0;798383;692790;1;64.0;55.5;0.0
95;2021-08-21;2298;4238;0;800681;697028;1;64.1;55.8;0.0
95;2021-08-22;609;1879;0;801290;698907;1;64.2;56.0;0.0
95;2021-08-23;2323;5971;0;803613;704878;1;64.4;56.5;0.0
95;2021-08-24;2608;6337;0;806221;711215;1;64.6;57.0;0.0
95;2021-08-25;3287;7473;1;809508;718688;2;64.8;57.6;0.0
95;2021-08-26;2623;6597;0;812131;725285;2;65.1;58.1;0.0
95;2021-08-27;2964;7599;0;815095;732884;2;65.3;58.7;0.0
95;2021-08-28;2406;5012;0;817501;737896;2;65.5;59.1;0.0
95;2021-08-29;534;1380;0;818035;739276;2;65.5;59.2;0.0
95;2021-08-30;2425;5702;83;820460;744978;85;65.7;59.7;0.0
95;2021-08-31;2394;5714;207;822854;750692;292;65.9;60.1;0.0
95;2021-09-01;2853;5295;444;825707;755987;736;66.1;60.6;0.1
95;2021-09-02;1896;3916;417;827603;759903;1153;66.3;60.9;0.1
95;2021-09-03;2145;4808;474;829748;764711;1627;66.5;61.3;0.1
95;2021-09-04;2250;4743;219;831998;769454;1846;66.6;61.6;0.1
95;2021-09-05;429;700;24;832427;770154;1870;66.7;61.7;0.1
95;2021-09-06;1272;2897;408;833699;773051;2278;66.8;61.9;0.2
95;2021-09-07;1373;2897;346;835072;775948;2624;66.9;62.2;0.2
95;2021-09-08;1594;3373;363;836666;779321;2987;67.0;62.4;0.2
95;2021-09-09;1198;2794;448;837864;782115;3435;67.1;62.7;0.3
95;2021-09-10;1601;3078;499;839465;785193;3934;67.2;62.9;0.3
95;2021-09-11;1423;3233;246;840888;788426;4180;67.4;63.2;0.3
95;2021-09-12;285;552;106;841173;788978;4286;67.4;63.2;0.3
95;2021-09-13;1178;2185;442;842351;791163;4728;67.5;63.4;0.4
95;2021-09-14;1200;2138;610;843551;793301;5338;67.6;63.5;0.4
95;2021-09-15;1399;3253;772;844950;796554;6110;67.7;63.8;0.5
95;2021-09-16;883;1721;599;845833;798275;6709;67.8;63.9;0.5
95;2021-09-17;1196;2711;673;847029;800986;7382;67.9;64.2;0.6
95;2021-09-18;1190;3622;242;848219;804608;7624;67.9;64.5;0.6
95;2021-09-19;231;543;48;848450;805151;7672;68.0;64.5;0.6
95;2021-09-20;699;1399;590;849149;806550;8262;68.0;64.6;0.7
95;2021-09-21;777;1623;942;849926;808173;9204;68.1;64.7;0.7
95;2021-09-22;936;2741;625;850862;810914;9829;68.2;65.0;0.8
95;2021-09-23;775;1225;701;851637;812139;10530;68.2;65.1;0.8
95;2021-09-24;794;2004;703;852431;814143;11233;68.3;65.2;0.9
95;2021-09-25;1007;3234;337;853438;817377;11570;68.4;65.5;0.9
95;2021-09-26;115;310;31;853553;817687;11601;68.4;65.5;0.9
95;2021-09-27;618;1162;503;854171;818849;12104;68.4;65.6;1.0
95;2021-09-28;683;1272;841;854854;820121;12945;68.5;65.7;1.0
95;2021-09-29;808;1764;666;855662;821885;13611;68.5;65.8;1.1
95;2021-09-30;793;1123;841;856455;823008;14452;68.6;65.9;1.2
95;2021-10-01;1285;1392;843;857740;824400;15295;68.7;66.0;1.2
95;2021-10-02;1266;2111;573;859006;826511;15868;68.8;66.2;1.3
95;2021-10-03;140;244;30;859146;826755;15898;68.8;66.2;1.3
95;2021-10-04;624;887;507;859770;827642;16405;68.9;66.3;1.3
95;2021-10-05;728;1072;880;860498;828714;17285;68.9;66.4;1.4
95;2021-10-06;783;1279;931;861281;829993;18216;69.0;66.5;1.5
95;2021-10-07;543;861;836;861824;830854;19052;69.0;66.6;1.5
95;2021-10-08;886;1350;1169;862710;832204;20221;69.1;66.7;1.6
95;2021-10-09;922;1576;672;863632;833780;20893;69.2;66.8;1.7
95;2021-10-10;152;238;47;863784;834018;20940;69.2;66.8;1.7
95;2021-10-11;486;681;707;864270;834699;21647;69.2;66.9;1.7
95;2021-10-12;536;893;984;864806;835592;22631;69.3;66.9;1.8
95;2021-10-13;798;1133;1102;865604;836725;23733;69.3;67.0;1.9
95;2021-10-14;554;1059;1052;866158;837784;24785;69.4;67.1;2.0
95;2021-10-15;920;1066;1328;867078;838850;26113;69.5;67.2;2.1
95;2021-10-16;841;1238;875;867919;840088;26988;69.5;67.3;2.2
95;2021-10-17;100;198;123;868019;840286;27111;69.5;67.3;2.2
95;2021-10-18;435;624;519;868454;840910;27630;69.6;67.4;2.2
95;2021-10-19;532;813;1227;868986;841723;28857;69.6;67.4;2.3
95;2021-10-20;513;825;1203;869499;842548;30060;69.7;67.5;2.4
95;2021-10-21;376;664;1235;869875;843212;31295;69.7;67.5;2.5
95;2021-10-22;580;1085;1384;870455;844297;32679;69.7;67.6;2.6
95;2021-10-23;618;1105;998;871073;845402;33677;69.8;67.7;2.7
95;2021-10-24;84;148;89;871157;845550;33766;69.8;67.7;2.7
95;2021-10-25;326;490;614;871483;846040;34380;69.8;67.8;2.8
95;2021-10-26;461;643;1311;871944;846683;35691;69.8;67.8;2.9
95;2021-10-27;466;734;1555;872410;847417;37246;69.9;67.9;3.0
95;2021-10-28;406;707;1528;872816;848124;38774;69.9;67.9;3.1
95;2021-10-29;499;759;1517;873315;848883;40291;70.0;68.0;3.2
95;2021-10-30;445;789;1038;873760;849672;41329;70.0;68.1;3.3
95;2021-10-31;87;155;56;873847;849827;41385;70.0;68.1;3.3
95;2021-11-01;176;148;129;874023;849975;41514;70.0;68.1;3.3
95;2021-11-02;463;671;1172;874486;850646;42686;70.1;68.1;3.4
95;2021-11-03;428;672;1342;874914;851318;44028;70.1;68.2;3.5
95;2021-11-04;357;568;1467;875271;851886;45495;70.1;68.2;3.6
95;2021-11-05;421;725;1612;875692;852611;47107;70.1;68.3;3.8
95;2021-11-06;450;839;1168;876142;853450;48275;70.2;68.4;3.9
95;2021-11-07;70;159;115;876212;853609;48390;70.2;68.4;3.9
95;2021-11-08;217;417;1045;876429;854026;49435;70.2;68.4;4.0
95;2021-11-09;388;667;2280;876817;854693;51715;70.2;68.5;4.1
95;2021-11-10;432;707;2695;877249;855400;54410;70.3;68.5;4.4
95;2021-11-11;150;188;685;877399;855588;55095;70.3;68.5;4.4
95;2021-11-12;478;834;3018;877877;856422;58113;70.3;68.6;4.7
95;2021-11-13;428;732;1480;878305;857154;59593;70.4;68.7;4.8
95;2021-11-14;100;133;159;878405;857287;59752;70.4;68.7;4.8
95;2021-11-15;236;398;1445;878641;857685;61197;70.4;68.7;4.9
95;2021-11-16;400;601;2944;879041;858286;64141;70.4;68.8;5.1
95;2021-11-17;393;611;2654;879434;858897;66795;70.4;68.8;5.4
95;2021-11-18;343;505;2618;879777;859402;69413;70.5;68.8;5.6
95;2021-11-19;496;745;3470;880273;860147;72883;70.5;68.9;5.8
95;2021-11-20;500;709;1608;880773;860856;74491;70.6;69.0;6.0
95;2021-11-21;71;193;331;880844;861049;74822;70.6;69.0;6.0
95;2021-11-22;250;390;1813;881094;861439;76635;70.6;69.0;6.1
95;2021-11-23;404;516;3207;881498;861955;79842;70.6;69.0;6.4
95;2021-11-24;443;628;2999;881941;862583;82841;70.6;69.1;6.6
95;2021-11-25;401;481;3486;882342;863064;86327;70.7;69.1;6.9
95;2021-11-26;452;620;5955;882794;863684;92282;70.7;69.2;7.4
95;2021-11-27;398;608;4717;883192;864292;96999;70.7;69.2;7.8
95;2021-11-28;147;172;1267;883339;864464;98266;70.8;69.2;7.9
95;2021-11-29;187;314;3830;883526;864778;102096;70.8;69.3;8.2
95;2021-11-30;287;517;7855;883813;865295;109951;70.8;69.3;8.8
95;2021-12-01;367;558;8646;884180;865853;118597;70.8;69.4;9.5
95;2021-12-02;295;423;10287;884475;866276;128884;70.9;69.4;10.3
95;2021-12-03;405;595;11131;884880;866871;140015;70.9;69.4;11.2
95;2021-12-04;323;554;7736;885203;867425;147751;70.9;69.5;11.8
95;2021-12-05;113;206;3179;885316;867631;150930;70.9;69.5;12.1
95;2021-12-06;181;382;5965;885497;868013;156895;70.9;69.5;12.6
95;2021-12-07;303;516;10934;885800;868529;167829;71.0;69.6;13.4
95;2021-12-08;392;572;10390;886192;869101;178219;71.0;69.6;14.3
95;2021-12-09;330;504;11880;886522;869605;190099;71.0;69.7;15.2
95;2021-12-10;402;592;14437;886924;870197;204536;71.0;69.7;16.4
95;2021-12-11;307;564;9659;887231;870761;214195;71.1;69.8;17.2
95;2021-12-12;174;196;4690;887405;870957;218885;71.1;69.8;17.5
95;2021-12-13;262;444;8111;887667;871401;226996;71.1;69.8;18.2
95;2021-12-14;379;566;12406;888046;871967;239402;71.1;69.8;19.2
95;2021-12-15;403;576;11349;888449;872543;250751;71.2;69.9;20.1
95;2021-12-16;371;513;12909;888820;873056;263660;71.2;69.9;21.1
95;2021-12-17;466;569;14227;889286;873625;277887;71.2;70.0;22.3
95;2021-12-18;381;512;10046;889667;874137;287933;71.3;70.0;23.1
95;2021-12-19;280;277;5169;889947;874414;293102;71.3;70.0;23.5
95;2021-12-20;389;430;7826;890336;874844;300928;71.3;70.1;24.1
95;2021-12-21;556;543;11189;890892;875387;312117;71.4;70.1;25.0
95;2021-12-22;603;562;9714;891495;875949;321831;71.4;70.2;25.8
95;2021-12-23;477;455;8840;891972;876404;330671;71.5;70.2;26.5
95;2021-12-24;238;243;2528;892210;876647;333199;71.5;70.2;26.7
95;2021-12-25;40;56;319;892250;876703;333518;71.5;70.2;26.7
95;2021-12-26;188;179;2355;892438;876882;335873;71.5;70.2;26.9
