dep;jour;n_dose1;n_complet;n_cum_dose1;n_cum_complet;couv_dose1;couv_complet
01;2020-12-27;1;0;1;0;0.0;0.0
01;2020-12-28;0;0;1;0;0.0;0.0
01;2020-12-29;0;0;1;0;0.0;0.0
01;2020-12-30;0;0;1;0;0.0;0.0
01;2020-12-31;0;0;1;0;0.0;0.0
01;2021-01-01;2;0;3;0;0.0;0.0
01;2021-01-02;0;0;3;0;0.0;0.0
01;2021-01-03;0;0;3;0;0.0;0.0
01;2021-01-04;2;0;5;0;0.0;0.0
01;2021-01-05;2;0;7;0;0.0;0.0
01;2021-01-06;1;0;8;0;0.0;0.0
01;2021-01-07;67;0;75;0;0.0;0.0
01;2021-01-08;159;0;234;0;0.0;0.0
01;2021-01-09;2;1;236;1;0.0;0.0
01;2021-01-10;0;0;236;1;0.0;0.0
01;2021-01-11;148;0;384;1;0.1;0.0
01;2021-01-12;317;2;701;3;0.1;0.0
01;2021-01-13;444;1;1145;4;0.2;0.0
01;2021-01-14;530;3;1675;7;0.3;0.0
01;2021-01-15;398;3;2073;10;0.3;0.0
01;2021-01-16;202;0;2275;10;0.3;0.0
01;2021-01-17;128;0;2403;10;0.4;0.0
01;2021-01-18;379;1;2782;11;0.4;0.0
01;2021-01-19;1041;1;3823;12;0.6;0.0
01;2021-01-20;1262;2;5085;14;0.8;0.0
01;2021-01-21;1099;4;6184;18;0.9;0.0
01;2021-01-22;649;0;6833;18;1.0;0.0
01;2021-01-23;222;0;7055;18;1.1;0.0
01;2021-01-24;71;1;7126;19;1.1;0.0
01;2021-01-25;485;1;7611;20;1.2;0.0
01;2021-01-26;741;3;8352;23;1.3;0.0
01;2021-01-27;517;3;8869;26;1.4;0.0
01;2021-01-28;682;51;9551;77;1.5;0.0
01;2021-01-29;637;99;10188;176;1.6;0.0
01;2021-01-30;237;15;10425;191;1.6;0.0
01;2021-01-31;62;0;10487;191;1.6;0.0
01;2021-02-01;458;70;10945;261;1.7;0.0
01;2021-02-02;518;171;11463;432;1.7;0.1
01;2021-02-03;374;236;11837;668;1.8;0.1
01;2021-02-04;480;373;12317;1041;1.9;0.2
01;2021-02-05;441;241;12758;1282;1.9;0.2
01;2021-02-06;261;110;13019;1392;2.0;0.2
01;2021-02-07;2;94;13021;1486;2.0;0.2
01;2021-02-08;505;333;13526;1819;2.1;0.3
01;2021-02-09;775;777;14301;2596;2.2;0.4
01;2021-02-10;952;637;15253;3233;2.3;0.5
01;2021-02-11;792;709;16045;3942;2.4;0.6
01;2021-02-12;639;485;16684;4427;2.5;0.7
01;2021-02-13;161;102;16845;4529;2.6;0.7
01;2021-02-14;0;9;16845;4538;2.6;0.7
01;2021-02-15;437;386;17282;4924;2.6;0.7
01;2021-02-16;660;346;17942;5270;2.7;0.8
01;2021-02-17;520;227;18462;5497;2.8;0.8
01;2021-02-18;589;505;19051;6002;2.9;0.9
01;2021-02-19;580;205;19631;6207;3.0;0.9
01;2021-02-20;201;130;19832;6337;3.0;1.0
01;2021-02-21;0;1;19832;6338;3.0;1.0
01;2021-02-22;428;456;20260;6794;3.1;1.0
01;2021-02-23;482;435;20742;7229;3.2;1.1
01;2021-02-24;433;375;21175;7604;3.2;1.2
01;2021-02-25;827;526;22002;8130;3.3;1.2
01;2021-02-26;874;445;22876;8575;3.5;1.3
01;2021-02-27;480;104;23356;8679;3.6;1.3
01;2021-02-28;20;3;23376;8682;3.6;1.3
01;2021-03-01;630;394;24006;9076;3.7;1.4
01;2021-03-02;963;494;24969;9570;3.8;1.5
01;2021-03-03;939;598;25908;10168;3.9;1.5
01;2021-03-04;1198;561;27106;10729;4.1;1.6
01;2021-03-05;1354;448;28460;11177;4.3;1.7
01;2021-03-06;781;90;29241;11267;4.5;1.7
01;2021-03-07;43;1;29284;11268;4.5;1.7
01;2021-03-08;669;586;29953;11854;4.6;1.8
01;2021-03-09;1340;561;31293;12415;4.8;1.9
01;2021-03-10;1160;543;32453;12958;4.9;2.0
01;2021-03-11;1685;618;34138;13576;5.2;2.1
01;2021-03-12;2004;612;36142;14188;5.5;2.2
01;2021-03-13;1502;96;37644;14284;5.7;2.2
01;2021-03-14;132;59;37776;14343;5.8;2.2
01;2021-03-15;1157;395;38933;14738;5.9;2.2
01;2021-03-16;1012;556;39945;15294;6.1;2.3
01;2021-03-17;839;338;40784;15632;6.2;2.4
01;2021-03-18;1294;464;42078;16096;6.4;2.5
01;2021-03-19;1748;530;43826;16626;6.7;2.5
01;2021-03-20;1447;133;45273;16759;6.9;2.6
01;2021-03-21;97;11;45370;16770;6.9;2.6
01;2021-03-22;1576;488;46946;17258;7.1;2.6
01;2021-03-23;2197;646;49143;17904;7.5;2.7
01;2021-03-24;1615;414;50758;18318;7.7;2.8
01;2021-03-25;2910;633;53668;18951;8.2;2.9
01;2021-03-26;2872;612;56540;19563;8.6;3.0
01;2021-03-27;1311;159;57851;19722;8.8;3.0
01;2021-03-28;22;1;57873;19723;8.8;3.0
01;2021-03-29;1930;539;59803;20262;9.1;3.1
01;2021-03-30;2516;765;62319;21027;9.5;3.2
01;2021-03-31;1868;624;64187;21651;9.8;3.3
01;2021-04-01;2571;853;66758;22504;10.2;3.4
01;2021-04-02;2818;722;69576;23226;10.6;3.5
01;2021-04-03;1256;134;70832;23360;10.8;3.6
01;2021-04-04;3;0;70835;23360;10.8;3.6
01;2021-04-05;1261;65;72096;23425;11.0;3.6
01;2021-04-06;2823;792;74919;24217;11.4;3.7
01;2021-04-07;2740;706;77659;24923;11.8;3.8
01;2021-04-08;3243;996;80902;25919;12.3;3.9
01;2021-04-09;3988;1334;84890;27253;12.9;4.1
01;2021-04-10;1824;303;86714;27556;13.2;4.2
01;2021-04-11;44;22;86758;27578;13.2;4.2
01;2021-04-12;2716;1221;89474;28799;13.6;4.4
01;2021-04-13;2944;1323;92418;30122;14.1;4.6
01;2021-04-14;3127;1082;95545;31204;14.5;4.7
01;2021-04-15;3073;1475;98618;32679;15.0;5.0
01;2021-04-16;2861;1576;101479;34255;15.4;5.2
01;2021-04-17;1654;682;103133;34937;15.7;5.3
01;2021-04-18;13;0;103146;34937;15.7;5.3
01;2021-04-19;2040;1520;105186;36457;16.0;5.5
01;2021-04-20;2664;1571;107850;38028;16.4;5.8
01;2021-04-21;2688;1349;110538;39377;16.8;6.0
01;2021-04-22;2835;1532;113373;40909;17.3;6.2
01;2021-04-23;2764;1532;116137;42441;17.7;6.5
01;2021-04-24;1447;652;117584;43093;17.9;6.6
01;2021-04-25;9;0;117593;43093;17.9;6.6
01;2021-04-26;1970;1730;119563;44823;18.2;6.8
01;2021-04-27;2573;1555;122136;46378;18.6;7.1
01;2021-04-28;2500;1568;124636;47946;19.0;7.3
01;2021-04-29;2714;1761;127350;49707;19.4;7.6
01;2021-04-30;2983;2241;130333;51948;19.8;7.9
01;2021-05-01;1473;855;131806;52803;20.1;8.0
01;2021-05-02;546;76;132352;52879;20.1;8.0
01;2021-05-03;2294;2477;134646;55356;20.5;8.4
01;2021-05-04;2540;2634;137186;57990;20.9;8.8
01;2021-05-05;2528;2497;139714;60487;21.3;9.2
01;2021-05-06;2996;2527;142710;63014;21.7;9.6
01;2021-05-07;3218;2776;145928;65790;22.2;10.0
01;2021-05-08;1646;923;147574;66713;22.5;10.2
01;2021-05-09;1023;162;148597;66875;22.6;10.2
01;2021-05-10;2501;3066;151098;69941;23.0;10.6
01;2021-05-11;3581;3061;154679;73002;23.5;11.1
01;2021-05-12;3652;3002;158331;76004;24.1;11.6
01;2021-05-13;4088;1501;162419;77505;24.7;11.8
01;2021-05-14;4270;2344;166689;79849;25.4;12.2
01;2021-05-15;3158;1435;169847;81284;25.9;12.4
01;2021-05-16;1413;150;171260;81434;26.1;12.4
01;2021-05-17;3445;2469;174705;83903;26.6;12.8
01;2021-05-18;4073;1957;178778;85860;27.2;13.1
01;2021-05-19;3974;1901;182752;87761;27.8;13.4
01;2021-05-20;4530;2013;187282;89774;28.5;13.7
01;2021-05-21;4621;2193;191903;91967;29.2;14.0
01;2021-05-22;3368;953;195271;92920;29.7;14.1
01;2021-05-23;834;83;196105;93003;29.9;14.2
01;2021-05-24;2765;500;198870;93503;30.3;14.2
01;2021-05-25;3559;2428;202429;95931;30.8;14.6
01;2021-05-26;3571;2245;206000;98176;31.4;14.9
01;2021-05-27;3854;2097;209854;100273;31.9;15.3
01;2021-05-28;3665;2631;213519;102904;32.5;15.7
01;2021-05-29;3060;1300;216579;104204;33.0;15.9
01;2021-05-30;613;88;217192;104292;33.1;15.9
01;2021-05-31;2406;2516;219598;106808;33.4;16.3
01;2021-06-01;2769;2584;222367;109392;33.8;16.7
01;2021-06-02;2884;2202;225251;111594;34.3;17.0
01;2021-06-03;3365;2437;228616;114031;34.8;17.4
01;2021-06-04;4500;3370;233116;117401;35.5;17.9
01;2021-06-05;3253;1733;236369;119134;36.0;18.1
01;2021-06-06;670;78;237039;119212;36.1;18.1
01;2021-06-07;3389;2875;240428;122087;36.6;18.6
01;2021-06-08;3650;2718;244078;124805;37.2;19.0
01;2021-06-09;2949;2635;247027;127440;37.6;19.4
01;2021-06-10;2768;2039;249795;129479;38.0;19.7
01;2021-06-11;3071;3364;252866;132843;38.5;20.2
01;2021-06-12;2402;2198;255268;135041;38.9;20.6
01;2021-06-13;200;479;255468;135520;38.9;20.6
01;2021-06-14;2122;3165;257590;138685;39.2;21.1
01;2021-06-15;2004;3369;259594;142054;39.5;21.6
01;2021-06-16;2180;3290;261774;145344;39.8;22.1
01;2021-06-17;1958;3174;263732;148518;40.1;22.6
01;2021-06-18;2645;4165;266377;152683;40.5;23.2
01;2021-06-19;1728;2559;268105;155242;40.8;23.6
01;2021-06-20;159;498;268264;155740;40.8;23.7
01;2021-06-21;1799;3703;270063;159443;41.1;24.3
01;2021-06-22;1551;4000;271614;163443;41.3;24.9
01;2021-06-23;1584;3756;273198;167199;41.6;25.5
01;2021-06-24;1471;3566;274669;170765;41.8;26.0
01;2021-06-25;1889;4563;276558;175328;42.1;26.7
01;2021-06-26;1210;2946;277768;178274;42.3;27.1
01;2021-06-27;170;339;277938;178613;42.3;27.2
01;2021-06-28;1385;4024;279323;182637;42.5;27.8
01;2021-06-29;1412;3847;280735;186484;42.7;28.4
01;2021-06-30;1378;4158;282113;190642;42.9;29.0
01;2021-07-01;1432;4089;283545;194731;43.2;29.6
01;2021-07-02;1589;4987;285134;199718;43.4;30.4
01;2021-07-03;858;3376;285992;203094;43.5;30.9
01;2021-07-04;105;499;286097;203593;43.5;31.0
01;2021-07-05;1488;4083;287585;207676;43.8;31.6
01;2021-07-06;1105;4276;288690;211952;43.9;32.3
01;2021-07-07;1757;3697;290447;215649;44.2;32.8
01;2021-07-08;1475;3676;291922;219325;44.4;33.4
01;2021-07-09;1885;4361;293807;223686;44.7;34.0
01;2021-07-10;1120;3439;294927;227125;44.9;34.6
01;2021-07-11;105;418;295032;227543;44.9;34.6
01;2021-07-12;1422;3842;296454;231385;45.1;35.2
01;2021-07-13;2058;4117;298512;235502;45.4;35.8
01;2021-07-14;148;179;298660;235681;45.5;35.9
01;2021-07-15;3091;4190;301751;239871;45.9;36.5
01;2021-07-16;3747;4841;305498;244712;46.5;37.2
01;2021-07-17;2204;3048;307702;247760;46.8;37.7
01;2021-07-18;289;551;307991;248311;46.9;37.8
01;2021-07-19;2915;3867;310906;252178;47.3;38.4
01;2021-07-20;3299;3693;314205;255871;47.8;38.9
01;2021-07-21;3936;3563;318141;259434;48.4;39.5
01;2021-07-22;4219;3495;322360;262929;49.1;40.0
01;2021-07-23;3940;4220;326300;267149;49.7;40.7
01;2021-07-24;2732;2713;329032;269862;50.1;41.1
01;2021-07-25;61;59;329093;269921;50.1;41.1
01;2021-07-26;3348;3241;332441;273162;50.6;41.6
01;2021-07-27;4103;2788;336544;275950;51.2;42.0
01;2021-07-28;3990;2651;340534;278601;51.8;42.4
01;2021-07-29;4697;2438;345231;281039;52.6;42.8
01;2021-07-30;4455;3432;349686;284471;53.2;43.3
01;2021-07-31;3642;1778;353328;286249;53.8;43.6
01;2021-08-01;397;74;353725;286323;53.8;43.6
01;2021-08-02;3081;2453;356806;288776;54.3;44.0
01;2021-08-03;3071;2451;359877;291227;54.8;44.3
01;2021-08-04;2542;1734;362419;292961;55.2;44.6
01;2021-08-05;2243;2360;364662;295321;55.5;45.0
01;2021-08-06;2749;3111;367411;298432;55.9;45.4
01;2021-08-07;2071;1836;369482;300268;56.2;45.7
01;2021-08-08;246;261;369728;300529;56.3;45.7
01;2021-08-09;1134;2633;370862;303162;56.5;46.1
01;2021-08-10;1449;2417;372311;305579;56.7;46.5
01;2021-08-11;1471;2594;373782;308173;56.9;46.9
01;2021-08-12;1625;2826;375407;310999;57.1;47.3
01;2021-08-13;1815;2725;377222;313724;57.4;47.8
01;2021-08-14;1394;2234;378616;315958;57.6;48.1
01;2021-08-15;14;21;378630;315979;57.6;48.1
01;2021-08-16;979;3012;379609;318991;57.8;48.6
01;2021-08-17;1352;2759;380961;321750;58.0;49.0
01;2021-08-18;1254;2904;382215;324654;58.2;49.4
01;2021-08-19;1300;2423;383515;327077;58.4;49.8
01;2021-08-20;1454;3952;384969;331029;58.6;50.4
01;2021-08-21;881;2847;385850;333876;58.7;50.8
01;2021-08-22;19;20;385869;333896;58.7;50.8
01;2021-08-23;1115;3019;386984;336915;58.9;51.3
01;2021-08-24;1222;3148;388206;340063;59.1;51.8
01;2021-08-25;1121;2988;389327;343051;59.3;52.2
01;2021-08-26;1640;2734;390967;345785;59.5;52.6
01;2021-08-27;1635;3647;392602;349432;59.8;53.2
01;2021-08-28;1040;2589;393642;352021;59.9;53.6
01;2021-08-29;16;31;393658;352052;59.9;53.6
01;2021-08-30;1181;2733;394839;354785;60.1;54.0
01;2021-08-31;1088;1944;395927;356729;60.3;54.3
01;2021-09-01;908;1869;396835;358598;60.4;54.6
01;2021-09-02;797;1755;397632;360353;60.5;54.9
01;2021-09-03;1129;2399;398761;362752;60.7;55.2
01;2021-09-04;795;2003;399556;364755;60.8;55.5
01;2021-09-05;97;81;399653;364836;60.8;55.5
01;2021-09-06;647;1398;400300;366234;60.9;55.7
01;2021-09-07;575;1200;400875;367434;61.0;55.9
01;2021-09-08;811;1574;401686;369008;61.1;56.2
01;2021-09-09;739;1273;402425;370281;61.3;56.4
01;2021-09-10;1031;1813;403456;372094;61.4;56.6
01;2021-09-11;734;1493;404190;373587;61.5;56.9
01;2021-09-12;21;40;404211;373627;61.5;56.9
01;2021-09-13;573;1337;404784;374964;61.6;57.1
02;2020-12-27;0;0;0;0;0.0;0.0
02;2020-12-28;0;0;0;0;0.0;0.0
02;2020-12-29;0;0;0;0;0.0;0.0
02;2020-12-30;0;0;0;0;0.0;0.0
02;2020-12-31;0;0;0;0;0.0;0.0
02;2021-01-01;0;0;0;0;0.0;0.0
02;2021-01-02;0;0;0;0;0.0;0.0
02;2021-01-03;0;0;0;0;0.0;0.0
02;2021-01-04;0;0;0;0;0.0;0.0
02;2021-01-05;0;0;0;0;0.0;0.0
02;2021-01-06;22;0;22;0;0.0;0.0
02;2021-01-07;261;2;283;2;0.1;0.0
02;2021-01-08;489;3;772;5;0.1;0.0
02;2021-01-09;74;0;846;5;0.2;0.0
02;2021-01-10;49;0;895;5;0.2;0.0
02;2021-01-11;267;0;1162;5;0.2;0.0
02;2021-01-12;355;1;1517;6;0.3;0.0
02;2021-01-13;468;4;1985;10;0.4;0.0
02;2021-01-14;651;11;2636;21;0.5;0.0
02;2021-01-15;631;6;3267;27;0.6;0.0
02;2021-01-16;333;4;3600;31;0.7;0.0
02;2021-01-17;62;0;3662;31;0.7;0.0
02;2021-01-18;811;8;4473;39;0.9;0.0
02;2021-01-19;942;5;5415;44;1.0;0.0
02;2021-01-20;1430;5;6845;49;1.3;0.0
02;2021-01-21;2602;5;9447;54;1.8;0.0
02;2021-01-22;1421;5;10868;59;2.1;0.0
02;2021-01-23;291;1;11159;60;2.1;0.0
02;2021-01-24;67;0;11226;60;2.1;0.0
02;2021-01-25;432;8;11658;68;2.2;0.0
02;2021-01-26;704;14;12362;82;2.3;0.0
02;2021-01-27;162;2;12524;84;2.4;0.0
02;2021-01-28;69;228;12593;312;2.4;0.1
02;2021-01-29;119;375;12712;687;2.4;0.1
02;2021-01-30;4;13;12716;700;2.4;0.1
02;2021-01-31;0;10;12716;710;2.4;0.1
02;2021-02-01;11;200;12727;910;2.4;0.2
02;2021-02-02;45;313;12772;1223;2.4;0.2
02;2021-02-03;124;309;12896;1532;2.5;0.3
02;2021-02-04;227;326;13123;1858;2.5;0.4
02;2021-02-05;178;367;13301;2225;2.5;0.4
02;2021-02-06;68;150;13369;2375;2.5;0.5
02;2021-02-07;9;0;13378;2375;2.5;0.5
02;2021-02-08;305;394;13683;2769;2.6;0.5
02;2021-02-09;322;610;14005;3379;2.7;0.6
02;2021-02-10;485;951;14490;4330;2.8;0.8
02;2021-02-11;936;1773;15426;6103;2.9;1.2
02;2021-02-12;885;1020;16311;7123;3.1;1.4
02;2021-02-13;290;112;16601;7235;3.2;1.4
02;2021-02-14;1;5;16602;7240;3.2;1.4
02;2021-02-15;344;535;16946;7775;3.2;1.5
02;2021-02-16;413;451;17359;8226;3.3;1.6
02;2021-02-17;498;508;17857;8734;3.4;1.7
02;2021-02-18;507;371;18364;9105;3.5;1.7
02;2021-02-19;444;480;18808;9585;3.6;1.8
02;2021-02-20;372;198;19180;9783;3.6;1.9
02;2021-02-21;39;17;19219;9800;3.7;1.9
02;2021-02-22;377;261;19596;10061;3.7;1.9
02;2021-02-23;432;311;20028;10372;3.8;2.0
02;2021-02-24;600;131;20628;10503;3.9;2.0
02;2021-02-25;870;123;21498;10626;4.1;2.0
02;2021-02-26;808;72;22306;10698;4.2;2.0
02;2021-02-27;445;14;22751;10712;4.3;2.0
02;2021-02-28;55;2;22806;10714;4.3;2.0
02;2021-03-01;638;23;23444;10737;4.5;2.0
02;2021-03-02;1032;125;24476;10862;4.7;2.1
02;2021-03-03;754;203;25230;11065;4.8;2.1
02;2021-03-04;1162;616;26392;11681;5.0;2.2
02;2021-03-05;1048;495;27440;12176;5.2;2.3
02;2021-03-06;2140;95;29580;12271;5.6;2.3
02;2021-03-07;1505;50;31085;12321;5.9;2.3
02;2021-03-08;574;340;31659;12661;6.0;2.4
02;2021-03-09;998;375;32657;13036;6.2;2.5
02;2021-03-10;895;436;33552;13472;6.4;2.6
02;2021-03-11;1294;380;34846;13852;6.6;2.6
02;2021-03-12;1705;391;36551;14243;6.9;2.7
02;2021-03-13;2592;240;39143;14483;7.4;2.8
02;2021-03-14;1457;43;40600;14526;7.7;2.8
02;2021-03-15;612;446;41212;14972;7.8;2.8
02;2021-03-16;863;400;42075;15372;8.0;2.9
02;2021-03-17;759;436;42834;15808;8.1;3.0
02;2021-03-18;608;608;43442;16416;8.3;3.1
02;2021-03-19;1172;294;44614;16710;8.5;3.2
02;2021-03-20;2430;157;47044;16867;8.9;3.2
02;2021-03-21;1488;82;48532;16949;9.2;3.2
02;2021-03-22;762;485;49294;17434;9.4;3.3
02;2021-03-23;1194;542;50488;17976;9.6;3.4
02;2021-03-24;1582;501;52070;18477;9.9;3.5
02;2021-03-25;1694;589;53764;19066;10.2;3.6
02;2021-03-26;2412;491;56176;19557;10.7;3.7
02;2021-03-27;2495;138;58671;19695;11.2;3.7
02;2021-03-28;638;14;59309;19709;11.3;3.7
02;2021-03-29;1038;852;60347;20561;11.5;3.9
02;2021-03-30;1554;841;61901;21402;11.8;4.1
02;2021-03-31;1299;712;63200;22114;12.0;4.2
02;2021-04-01;1290;860;64490;22974;12.3;4.4
02;2021-04-02;1184;1225;65674;24199;12.5;4.6
02;2021-04-03;2646;849;68320;25048;13.0;4.8
02;2021-04-04;727;240;69047;25288;13.1;4.8
02;2021-04-05;1509;133;70556;25421;13.4;4.8
02;2021-04-06;1540;850;72096;26271;13.7;5.0
02;2021-04-07;1871;778;73967;27049;14.1;5.1
02;2021-04-08;1919;1103;75886;28152;14.4;5.4
02;2021-04-09;2433;1093;78319;29245;14.9;5.6
02;2021-04-10;2430;1210;80749;30455;15.4;5.8
02;2021-04-11;476;416;81225;30871;15.4;5.9
02;2021-04-12;1824;620;83049;31491;15.8;6.0
02;2021-04-13;1601;922;84650;32413;16.1;6.2
02;2021-04-14;2584;976;87234;33389;16.6;6.3
02;2021-04-15;2496;777;89730;34166;17.1;6.5
02;2021-04-16;2439;1131;92169;35297;17.5;6.7
02;2021-04-17;1890;2141;94059;37438;17.9;7.1
02;2021-04-18;270;812;94329;38250;17.9;7.3
02;2021-04-19;1158;633;95487;38883;18.2;7.4
02;2021-04-20;1676;765;97163;39648;18.5;7.5
02;2021-04-21;1550;994;98713;40642;18.8;7.7
02;2021-04-22;1748;704;100461;41346;19.1;7.9
02;2021-04-23;1930;1410;102391;42756;19.5;8.1
02;2021-04-24;1714;1639;104105;44395;19.8;8.4
02;2021-04-25;462;235;104567;44630;19.9;8.5
02;2021-04-26;1339;561;105906;45191;20.1;8.6
02;2021-04-27;1627;1092;107533;46283;20.4;8.8
02;2021-04-28;1592;1429;109125;47712;20.7;9.1
02;2021-04-29;1888;1169;111013;48881;21.1;9.3
02;2021-04-30;2717;1649;113730;50530;21.6;9.6
02;2021-05-01;1991;1229;115721;51759;22.0;9.8
02;2021-05-02;1982;420;117703;52179;22.4;9.9
02;2021-05-03;2225;982;119928;53161;22.8;10.1
02;2021-05-04;1523;1308;121451;54469;23.1;10.4
02;2021-05-05;2330;1842;123781;56311;23.5;10.7
02;2021-05-06;2123;1737;125904;58048;23.9;11.0
02;2021-05-07;2358;2174;128262;60222;24.4;11.4
02;2021-05-08;2920;951;131182;61173;24.9;11.6
02;2021-05-09;1822;421;133004;61594;25.3;11.7
02;2021-05-10;2375;1479;135379;63073;25.7;12.0
02;2021-05-11;2878;1575;138257;64648;26.3;12.3
02;2021-05-12;2675;1612;140932;66260;26.8;12.6
02;2021-05-13;2991;1038;143923;67298;27.4;12.8
02;2021-05-14;3382;1199;147305;68497;28.0;13.0
02;2021-05-15;4374;1082;151679;69579;28.8;13.2
02;2021-05-16;2797;212;154476;69791;29.4;13.3
02;2021-05-17;2147;664;156623;70455;29.8;13.4
02;2021-05-18;2635;974;159258;71429;30.3;13.6
02;2021-05-19;2852;1000;162110;72429;30.8;13.8
02;2021-05-20;3554;1232;165664;73661;31.5;14.0
02;2021-05-21;3819;1070;169483;74731;32.2;14.2
02;2021-05-22;5847;969;175330;75700;33.3;14.4
02;2021-05-23;2659;240;177989;75940;33.8;14.4
02;2021-05-24;3542;541;181531;76481;34.5;14.5
02;2021-05-25;2260;1163;183791;77644;34.9;14.8
02;2021-05-26;3080;1498;186871;79142;35.5;15.0
02;2021-05-27;3651;1488;190522;80630;36.2;15.3
02;2021-05-28;3514;1576;194036;82206;36.9;15.6
02;2021-05-29;4081;1562;198117;83768;37.7;15.9
02;2021-05-30;1449;177;199566;83945;37.9;16.0
02;2021-05-31;2575;1190;202141;85135;38.4;16.2
02;2021-06-01;2870;1870;205011;87005;39.0;16.5
02;2021-06-02;3160;1651;208171;88656;39.6;16.9
02;2021-06-03;2857;1833;211028;90489;40.1;17.2
02;2021-06-04;3142;2055;214170;92544;40.7;17.6
02;2021-06-05;3441;1734;217611;94278;41.4;17.9
02;2021-06-06;1738;259;219349;94537;41.7;18.0
02;2021-06-07;1613;1499;220962;96036;42.0;18.3
02;2021-06-08;2063;1840;223025;97876;42.4;18.6
02;2021-06-09;2057;1644;225082;99520;42.8;18.9
02;2021-06-10;2011;1838;227093;101358;43.2;19.3
02;2021-06-11;2194;3073;229287;104431;43.6;19.9
02;2021-06-12;2312;2595;231599;107026;44.0;20.3
02;2021-06-13;684;1387;232283;108413;44.2;20.6
02;2021-06-14;1049;2392;233332;110805;44.4;21.1
02;2021-06-15;1519;2459;234851;113264;44.6;21.5
02;2021-06-16;1534;2750;236385;116014;44.9;22.1
02;2021-06-17;1782;2855;238167;118869;45.3;22.6
02;2021-06-18;2312;3570;240479;122439;45.7;23.3
02;2021-06-19;1841;3820;242320;126259;46.1;24.0
02;2021-06-20;644;1522;242964;127781;46.2;24.3
02;2021-06-21;808;3193;243772;130974;46.3;24.9
02;2021-06-22;1155;3668;244927;134642;46.6;25.6
02;2021-06-23;1227;3588;246154;138230;46.8;26.3
02;2021-06-24;1327;3149;247481;141379;47.0;26.9
02;2021-06-25;1400;4545;248881;145924;47.3;27.7
02;2021-06-26;1346;4228;250227;150152;47.6;28.5
02;2021-06-27;600;2334;250827;152486;47.7;29.0
02;2021-06-28;877;3021;251704;155507;47.8;29.6
02;2021-06-29;919;2929;252623;158436;48.0;30.1
02;2021-06-30;1511;3162;254134;161598;48.3;30.7
02;2021-07-01;1196;3592;255330;165190;48.5;31.4
02;2021-07-02;1360;5134;256690;170324;48.8;32.4
02;2021-07-03;999;5989;257689;176313;49.0;33.5
02;2021-07-04;509;2370;258198;178683;49.1;34.0
02;2021-07-05;661;3936;258859;182619;49.2;34.7
02;2021-07-06;674;3046;259533;185665;49.3;35.3
02;2021-07-07;1322;3723;260855;189388;49.6;36.0
02;2021-07-08;1394;3869;262249;193257;49.9;36.7
02;2021-07-09;1281;4213;263530;197470;50.1;37.5
02;2021-07-10;1332;4605;264862;202075;50.3;38.4
02;2021-07-11;481;1968;265343;204043;50.4;38.8
02;2021-07-12;1416;3726;266759;207769;50.7;39.5
02;2021-07-13;2066;3662;268825;211431;51.1;40.2
02;2021-07-14;1755;1600;270580;213031;51.4;40.5
02;2021-07-15;2725;3559;273305;216590;52.0;41.2
02;2021-07-16;3166;4217;276471;220807;52.6;42.0
02;2021-07-17;3563;4229;280034;225036;53.2;42.8
02;2021-07-18;2038;1614;282072;226650;53.6;43.1
02;2021-07-19;3440;3034;285512;229684;54.3;43.7
02;2021-07-20;3500;3300;289012;232984;54.9;44.3
02;2021-07-21;3910;2953;292922;235937;55.7;44.9
02;2021-07-22;3323;2802;296245;238739;56.3;45.4
02;2021-07-23;3208;3557;299453;242296;56.9;46.1
02;2021-07-24;4448;3723;303901;246019;57.8;46.8
02;2021-07-25;2192;1090;306093;247109;58.2;47.0
02;2021-07-26;3878;2255;309971;249364;58.9;47.4
02;2021-07-27;3662;2148;313633;251512;59.6;47.8
02;2021-07-28;3282;2097;316915;253609;60.2;48.2
02;2021-07-29;2583;2224;319498;255833;60.7;48.6
02;2021-07-30;3315;2304;322813;258137;61.4;49.1
02;2021-07-31;4186;2278;326999;260415;62.2;49.5
02;2021-08-01;1475;692;328474;261107;62.4;49.6
02;2021-08-02;2039;1601;330513;262708;62.8;49.9
02;2021-08-03;2534;1898;333047;264606;63.3;50.3
02;2021-08-04;2568;1707;335615;266313;63.8;50.6
02;2021-08-05;1849;2267;337464;268580;64.2;51.1
02;2021-08-06;2096;2743;339560;271323;64.5;51.6
02;2021-08-07;2522;2788;342082;274111;65.0;52.1
02;2021-08-08;1027;1572;343109;275683;65.2;52.4
02;2021-08-09;1899;2749;345008;278432;65.6;52.9
02;2021-08-10;1766;2459;346774;280891;65.9;53.4
02;2021-08-11;1481;2108;348255;282999;66.2;53.8
02;2021-08-12;1209;2331;349464;285330;66.4;54.2
02;2021-08-13;1611;2909;351075;288239;66.7;54.8
02;2021-08-14;1665;3692;352740;291931;67.1;55.5
02;2021-08-15;161;572;352901;292503;67.1;55.6
02;2021-08-16;1270;3756;354171;296259;67.3;56.3
02;2021-08-17;1420;2842;355591;299101;67.6;56.9
02;2021-08-18;1576;3182;357167;302283;67.9;57.5
02;2021-08-19;1134;3219;358301;305502;68.1;58.1
02;2021-08-20;1200;2949;359501;308451;68.3;58.6
02;2021-08-21;1447;4081;360948;312532;68.6;59.4
02;2021-08-22;407;1656;361355;314188;68.7;59.7
02;2021-08-23;1153;3076;362508;317264;68.9;60.3
02;2021-08-24;903;2184;363411;319448;69.1;60.7
02;2021-08-25;1019;2593;364430;322041;69.3;61.2
02;2021-08-26;910;2333;365340;324374;69.4;61.7
02;2021-08-27;964;2611;366304;326985;69.6;62.2
02;2021-08-28;1299;3424;367603;330409;69.9;62.8
02;2021-08-29;328;1170;367931;331579;69.9;63.0
02;2021-08-30;993;2470;368924;334049;70.1;63.5
02;2021-08-31;858;2256;369782;336305;70.3;63.9
02;2021-09-01;702;1549;370484;337854;70.4;64.2
02;2021-09-02;647;1760;371131;339614;70.6;64.6
02;2021-09-03;690;1956;371821;341570;70.7;64.9
02;2021-09-04;848;2838;372669;344408;70.8;65.5
02;2021-09-05;226;531;372895;344939;70.9;65.6
02;2021-09-06;402;1035;373297;345974;71.0;65.8
02;2021-09-07;450;1399;373747;347373;71.0;66.0
02;2021-09-08;507;1874;374254;349247;71.1;66.4
02;2021-09-09;432;1326;374686;350573;71.2;66.6
02;2021-09-10;556;1548;375242;352121;71.3;66.9
02;2021-09-11;707;2272;375949;354393;71.5;67.4
02;2021-09-12;91;284;376040;354677;71.5;67.4
02;2021-09-13;420;1203;376460;355880;71.6;67.7
03;2020-12-27;0;0;0;0;0.0;0.0
03;2020-12-28;1;0;1;0;0.0;0.0
03;2020-12-29;0;0;1;0;0.0;0.0
03;2020-12-30;1;0;2;0;0.0;0.0
03;2020-12-31;0;0;2;0;0.0;0.0
03;2021-01-01;0;0;2;0;0.0;0.0
03;2021-01-02;0;0;2;0;0.0;0.0
03;2021-01-03;0;0;2;0;0.0;0.0
03;2021-01-04;0;0;2;0;0.0;0.0
03;2021-01-05;0;0;2;0;0.0;0.0
03;2021-01-06;10;0;12;0;0.0;0.0
03;2021-01-07;61;0;73;0;0.0;0.0
03;2021-01-08;146;1;219;1;0.1;0.0
03;2021-01-09;122;0;341;1;0.1;0.0
03;2021-01-10;6;0;347;1;0.1;0.0
03;2021-01-11;412;1;759;2;0.2;0.0
03;2021-01-12;631;0;1390;2;0.4;0.0
03;2021-01-13;669;2;2059;4;0.6;0.0
03;2021-01-14;861;4;2920;8;0.9;0.0
03;2021-01-15;387;2;3307;10;1.0;0.0
03;2021-01-16;278;0;3585;10;1.1;0.0
03;2021-01-17;42;0;3627;10;1.1;0.0
03;2021-01-18;878;0;4505;10;1.4;0.0
03;2021-01-19;1150;2;5655;12;1.7;0.0
03;2021-01-20;1290;3;6945;15;2.1;0.0
03;2021-01-21;1200;5;8145;20;2.5;0.0
03;2021-01-22;1117;4;9262;24;2.8;0.0
03;2021-01-23;466;0;9728;24;2.9;0.0
03;2021-01-24;0;0;9728;24;2.9;0.0
03;2021-01-25;187;0;9915;24;3.0;0.0
03;2021-01-26;679;7;10594;31;3.2;0.0
03;2021-01-27;695;10;11289;41;3.4;0.0
03;2021-01-28;1020;40;12309;81;3.7;0.0
03;2021-01-29;856;78;13165;159;4.0;0.0
03;2021-01-30;600;2;13765;161;4.2;0.0
03;2021-01-31;0;0;13765;161;4.2;0.0
03;2021-02-01;160;69;13925;230;4.2;0.1
03;2021-02-02;767;230;14692;460;4.4;0.1
03;2021-02-03;1056;425;15748;885;4.8;0.3
03;2021-02-04;1558;597;17306;1482;5.2;0.4
03;2021-02-05;948;298;18254;1780;5.5;0.5
03;2021-02-06;152;13;18406;1793;5.6;0.5
03;2021-02-07;5;0;18411;1793;5.6;0.5
03;2021-02-08;128;51;18539;1844;5.6;0.6
03;2021-02-09;612;420;19151;2264;5.8;0.7
03;2021-02-10;485;332;19636;2596;5.9;0.8
03;2021-02-11;1026;556;20662;3152;6.2;1.0
03;2021-02-12;1078;522;21740;3674;6.6;1.1
03;2021-02-13;126;156;21866;3830;6.6;1.2
03;2021-02-14;0;1;21866;3831;6.6;1.2
03;2021-02-15;309;638;22175;4469;6.7;1.3
03;2021-02-16;548;958;22723;5427;6.9;1.6
03;2021-02-17;453;1095;23176;6522;7.0;2.0
03;2021-02-18;368;1035;23544;7557;7.1;2.3
03;2021-02-19;496;676;24040;8233;7.3;2.5
03;2021-02-20;128;147;24168;8380;7.3;2.5
03;2021-02-21;2;1;24170;8381;7.3;2.5
03;2021-02-22;158;169;24328;8550;7.3;2.6
03;2021-02-23;720;791;25048;9341;7.6;2.8
03;2021-02-24;609;892;25657;10233;7.7;3.1
03;2021-02-25;1093;1591;26750;11824;8.1;3.6
03;2021-02-26;821;1228;27571;13052;8.3;3.9
03;2021-02-27;96;220;27667;13272;8.4;4.0
03;2021-02-28;0;14;27667;13286;8.4;4.0
03;2021-03-01;178;224;27845;13510;8.4;4.1
03;2021-03-02;818;610;28663;14120;8.7;4.3
03;2021-03-03;903;407;29566;14527;8.9;4.4
03;2021-03-04;1540;542;31106;15069;9.4;4.5
03;2021-03-05;1121;673;32227;15742;9.7;4.8
03;2021-03-06;915;109;33142;15851;10.0;4.8
03;2021-03-07;2;0;33144;15851;10.0;4.8
03;2021-03-08;239;237;33383;16088;10.1;4.9
03;2021-03-09;1016;423;34399;16511;10.4;5.0
03;2021-03-10;941;524;35340;17035;10.7;5.1
03;2021-03-11;1676;637;37016;17672;11.2;5.3
03;2021-03-12;1302;821;38318;18493;11.6;5.6
03;2021-03-13;863;113;39181;18606;11.8;5.6
03;2021-03-14;2;5;39183;18611;11.8;5.6
03;2021-03-15;250;195;39433;18806;11.9;5.7
03;2021-03-16;650;402;40083;19208;12.1;5.8
03;2021-03-17;1303;427;41386;19635;12.5;5.9
03;2021-03-18;1720;394;43106;20029;13.0;6.0
03;2021-03-19;1728;362;44834;20391;13.5;6.2
03;2021-03-20;301;26;45135;20417;13.6;6.2
03;2021-03-21;1;0;45136;20417;13.6;6.2
03;2021-03-22;222;392;45358;20809;13.7;6.3
03;2021-03-23;1355;353;46713;21162;14.1;6.4
03;2021-03-24;1824;349;48537;21511;14.6;6.5
03;2021-03-25;2368;565;50905;22076;15.4;6.7
03;2021-03-26;2239;445;53144;22521;16.0;6.8
03;2021-03-27;816;21;53960;22542;16.3;6.8
03;2021-03-28;1;39;53961;22581;16.3;6.8
03;2021-03-29;659;175;54620;22756;16.5;6.9
03;2021-03-30;1908;449;56528;23205;17.1;7.0
03;2021-03-31;1014;982;57542;24187;17.4;7.3
03;2021-04-01;1375;1093;58917;25280;17.8;7.6
03;2021-04-02;1706;614;60623;25894;18.3;7.8
03;2021-04-03;366;99;60989;25993;18.4;7.8
03;2021-04-04;3;0;60992;25993;18.4;7.8
03;2021-04-05;18;14;61010;26007;18.4;7.8
03;2021-04-06;1073;410;62083;26417;18.7;8.0
03;2021-04-07;1562;522;63645;26939;19.2;8.1
03;2021-04-08;2121;482;65766;27421;19.8;8.3
03;2021-04-09;2057;1160;67823;28581;20.5;8.6
03;2021-04-10;1013;73;68836;28654;20.8;8.6
03;2021-04-11;478;9;69314;28663;20.9;8.7
03;2021-04-12;985;226;70299;28889;21.2;8.7
03;2021-04-13;1873;988;72172;29877;21.8;9.0
03;2021-04-14;2337;1220;74509;31097;22.5;9.4
03;2021-04-15;2621;1401;77130;32498;23.3;9.8
03;2021-04-16;2836;1179;79966;33677;24.1;10.2
03;2021-04-17;1082;441;81048;34118;24.5;10.3
03;2021-04-18;0;0;81048;34118;24.5;10.3
03;2021-04-19;1191;586;82239;34704;24.8;10.5
03;2021-04-20;1748;1273;83987;35977;25.3;10.9
03;2021-04-21;1122;1293;85109;37270;25.7;11.2
03;2021-04-22;1675;999;86784;38269;26.2;11.6
03;2021-04-23;2479;1272;89263;39541;26.9;11.9
03;2021-04-24;1301;921;90564;40462;27.3;12.2
03;2021-04-25;350;16;90914;40478;27.4;12.2
03;2021-04-26;1332;464;92246;40942;27.8;12.4
03;2021-04-27;1767;1521;94013;42463;28.4;12.8
03;2021-04-28;1930;1120;95943;43583;29.0;13.2
03;2021-04-29;2371;1237;98314;44820;29.7;13.5
03;2021-04-30;1931;806;100245;45626;30.3;13.8
03;2021-05-01;437;491;100682;46117;30.4;13.9
03;2021-05-02;2;1;100684;46118;30.4;13.9
03;2021-05-03;1912;773;102596;46891;31.0;14.2
03;2021-05-04;2845;1632;105441;48523;31.8;14.6
03;2021-05-05;2603;1325;108044;49848;32.6;15.0
03;2021-05-06;3097;2008;111141;51856;33.5;15.7
03;2021-05-07;4729;1791;115870;53647;35.0;16.2
03;2021-05-08;661;381;116531;54028;35.2;16.3
03;2021-05-09;49;511;116580;54539;35.2;16.5
03;2021-05-10;1892;1481;118472;56020;35.8;16.9
03;2021-05-11;3900;1838;122372;57858;36.9;17.5
03;2021-05-12;2971;1522;125343;59380;37.8;17.9
03;2021-05-13;4383;410;129726;59790;39.2;18.0
03;2021-05-14;3655;1698;133381;61488;40.3;18.6
03;2021-05-15;1942;490;135323;61978;40.8;18.7
03;2021-05-16;520;57;135843;62035;41.0;18.7
03;2021-05-17;1277;862;137120;62897;41.4;19.0
03;2021-05-18;3070;1505;140190;64402;42.3;19.4
03;2021-05-19;2623;967;142813;65369;43.1;19.7
03;2021-05-20;3336;1142;146149;66511;44.1;20.1
03;2021-05-21;4195;1282;150344;67793;45.4;20.5
03;2021-05-22;2012;359;152356;68152;46.0;20.6
03;2021-05-23;641;73;152997;68225;46.2;20.6
03;2021-05-24;2655;216;155652;68441;47.0;20.7
03;2021-05-25;3070;1688;158722;70129;47.9;21.2
03;2021-05-26;2338;1043;161060;71172;48.6;21.5
03;2021-05-27;2947;1127;164007;72299;49.5;21.8
03;2021-05-28;3849;2280;167856;74579;50.7;22.5
03;2021-05-29;1748;603;169604;75182;51.2;22.7
03;2021-05-30;242;23;169846;75205;51.3;22.7
03;2021-05-31;697;569;170543;75774;51.5;22.9
03;2021-06-01;2303;2346;172846;78120;52.2;23.6
03;2021-06-02;1535;1747;174381;79867;52.6;24.1
03;2021-06-03;2060;2753;176441;82620;53.3;24.9
03;2021-06-04;1699;2506;178140;85126;53.8;25.7
03;2021-06-05;1076;1143;179216;86269;54.1;26.0
03;2021-06-06;59;7;179275;86276;54.1;26.0
03;2021-06-07;785;1815;180060;88091;54.3;26.6
03;2021-06-08;1457;2556;181517;90647;54.8;27.4
03;2021-06-09;1267;1876;182784;92523;55.2;27.9
03;2021-06-10;1380;2124;184164;94647;55.6;28.6
03;2021-06-11;1503;3450;185667;98097;56.0;29.6
03;2021-06-12;831;823;186498;98920;56.3;29.9
03;2021-06-13;20;10;186518;98930;56.3;29.9
03;2021-06-14;381;2175;186899;101105;56.4;30.5
03;2021-06-15;1317;3834;188216;104939;56.8;31.7
03;2021-06-16;788;2889;189004;107828;57.0;32.5
03;2021-06-17;1083;3334;190087;111162;57.4;33.6
03;2021-06-18;1109;3978;191196;115140;57.7;34.8
03;2021-06-19;641;1618;191837;116758;57.9;35.2
03;2021-06-20;20;8;191857;116766;57.9;35.2
03;2021-06-21;462;2636;192319;119402;58.0;36.0
03;2021-06-22;1027;4004;193346;123406;58.4;37.2
03;2021-06-23;716;3285;194062;126691;58.6;38.2
03;2021-06-24;984;3862;195046;130553;58.9;39.4
03;2021-06-25;1019;3893;196065;134446;59.2;40.6
03;2021-06-26;513;2040;196578;136486;59.3;41.2
03;2021-06-27;65;486;196643;136972;59.4;41.3
03;2021-06-28;640;2097;197283;139069;59.5;42.0
03;2021-06-29;1029;3331;198312;142400;59.9;43.0
03;2021-06-30;831;3119;199143;145519;60.1;43.9
03;2021-07-01;986;2937;200129;148456;60.4;44.8
03;2021-07-02;920;4095;201049;152551;60.7;46.0
03;2021-07-03;487;1884;201536;154435;60.8;46.6
03;2021-07-04;20;332;201556;154767;60.8;46.7
03;2021-07-05;817;2381;202373;157148;61.1;47.4
03;2021-07-06;1171;3462;203544;160610;61.4;48.5
03;2021-07-07;805;2618;204349;163228;61.7;49.3
03;2021-07-08;1060;3041;205409;166269;62.0;50.2
03;2021-07-09;1471;3627;206880;169896;62.4;51.3
03;2021-07-10;509;1926;207389;171822;62.6;51.9
03;2021-07-11;61;492;207450;172314;62.6;52.0
03;2021-07-12;939;1149;208389;173463;62.9;52.4
03;2021-07-13;2613;3151;211002;176614;63.7;53.3
03;2021-07-14;195;25;211197;176639;63.7;53.3
03;2021-07-15;2613;2455;213810;179094;64.5;54.1
03;2021-07-16;2736;2278;216546;181372;65.4;54.7
03;2021-07-17;1033;1626;217579;182998;65.7;55.2
03;2021-07-18;31;6;217610;183004;65.7;55.2
03;2021-07-19;2392;1276;220002;184280;66.4;55.6
03;2021-07-20;3075;3032;223077;187312;67.3;56.5
03;2021-07-21;3213;1438;226290;188750;68.3;57.0
03;2021-07-22;2853;1887;229143;190637;69.2;57.5
03;2021-07-23;3206;1306;232349;191943;70.1;57.9
03;2021-07-24;588;581;232937;192524;70.3;58.1
03;2021-07-25;18;5;232955;192529;70.3;58.1
03;2021-07-26;2045;1578;235000;194107;70.9;58.6
03;2021-07-27;3325;2234;238325;196341;71.9;59.3
03;2021-07-28;2715;1115;241040;197456;72.8;59.6
03;2021-07-29;2548;1661;243588;199117;73.5;60.1
03;2021-07-30;2136;1453;245724;200570;74.2;60.5
03;2021-07-31;965;893;246689;201463;74.5;60.8
03;2021-08-01;13;20;246702;201483;74.5;60.8
03;2021-08-02;1680;1605;248382;203088;75.0;61.3
03;2021-08-03;2224;2774;250606;205862;75.6;62.1
03;2021-08-04;2195;891;252801;206753;76.3;62.4
03;2021-08-05;1265;1940;254066;208693;76.7;63.0
03;2021-08-06;1281;1025;255347;209718;77.1;63.3
03;2021-08-07;606;494;255953;210212;77.3;63.4
03;2021-08-08;66;29;256019;210241;77.3;63.5
03;2021-08-09;598;1305;256617;211546;77.5;63.9
03;2021-08-10;1678;3469;258295;215015;78.0;64.9
03;2021-08-11;1336;2530;259631;217545;78.4;65.7
03;2021-08-12;1138;3513;260769;221058;78.7;66.7
03;2021-08-13;772;1051;261541;222109;78.9;67.0
03;2021-08-14;379;567;261920;222676;79.1;67.2
03;2021-08-15;9;61;261929;222737;79.1;67.2
03;2021-08-16;723;2695;262652;225432;79.3;68.0
03;2021-08-17;1077;3219;263729;228651;79.6;69.0
03;2021-08-18;1163;2156;264892;230807;80.0;69.7
03;2021-08-19;1008;3048;265900;233855;80.3;70.6
03;2021-08-20;719;1139;266619;234994;80.5;70.9
03;2021-08-21;419;726;267038;235720;80.6;71.1
03;2021-08-22;8;6;267046;235726;80.6;71.1
03;2021-08-23;778;2288;267824;238014;80.8;71.8
03;2021-08-24;891;2408;268715;240422;81.1;72.6
03;2021-08-25;928;2025;269643;242447;81.4;73.2
03;2021-08-26;570;1435;270213;243882;81.6;73.6
03;2021-08-27;456;1580;270669;245462;81.7;74.1
03;2021-08-28;218;674;270887;246136;81.8;74.3
03;2021-08-29;4;0;270891;246136;81.8;74.3
03;2021-08-30;766;1469;271657;247605;82.0;74.7
03;2021-08-31;695;2053;272352;249658;82.2;75.4
03;2021-09-01;598;1513;272950;251171;82.4;75.8
03;2021-09-02;477;1234;273427;252405;82.5;76.2
03;2021-09-03;489;1186;273916;253591;82.7;76.5
03;2021-09-04;251;630;274167;254221;82.8;76.7
03;2021-09-05;5;11;274172;254232;82.8;76.7
03;2021-09-06;320;1098;274492;255330;82.8;77.1
03;2021-09-07;571;1595;275063;256925;83.0;77.5
03;2021-09-08;422;1539;275485;258464;83.1;78.0
03;2021-09-09;270;949;275755;259413;83.2;78.3
03;2021-09-10;406;1239;276161;260652;83.4;78.7
03;2021-09-11;206;688;276367;261340;83.4;78.9
03;2021-09-12;1;19;276368;261359;83.4;78.9
03;2021-09-13;281;938;276649;262297;83.5;79.2
04;2020-12-27;0;0;0;0;0.0;0.0
04;2020-12-28;1;0;1;0;0.0;0.0
04;2020-12-29;0;0;1;0;0.0;0.0
04;2020-12-30;0;0;1;0;0.0;0.0
04;2020-12-31;0;0;1;0;0.0;0.0
04;2021-01-01;0;0;1;0;0.0;0.0
04;2021-01-02;0;0;1;0;0.0;0.0
04;2021-01-03;0;0;1;0;0.0;0.0
04;2021-01-04;0;0;1;0;0.0;0.0
04;2021-01-05;4;0;5;0;0.0;0.0
04;2021-01-06;0;0;5;0;0.0;0.0
04;2021-01-07;61;0;66;0;0.0;0.0
04;2021-01-08;88;0;154;0;0.1;0.0
04;2021-01-09;57;0;211;0;0.1;0.0
04;2021-01-10;0;0;211;0;0.1;0.0
04;2021-01-11;77;0;288;0;0.2;0.0
04;2021-01-12;421;0;709;0;0.4;0.0
04;2021-01-13;245;2;954;2;0.6;0.0
04;2021-01-14;90;2;1044;4;0.6;0.0
04;2021-01-15;164;4;1208;8;0.7;0.0
04;2021-01-16;106;2;1314;10;0.8;0.0
04;2021-01-17;14;0;1328;10;0.8;0.0
04;2021-01-18;236;9;1564;19;0.9;0.0
04;2021-01-19;468;3;2032;22;1.2;0.0
04;2021-01-20;574;9;2606;31;1.6;0.0
04;2021-01-21;614;3;3220;34;1.9;0.0
04;2021-01-22;638;1;3858;35;2.3;0.0
04;2021-01-23;111;0;3969;35;2.4;0.0
04;2021-01-24;0;0;3969;35;2.4;0.0
04;2021-01-25;240;0;4209;35;2.5;0.0
04;2021-01-26;656;1;4865;36;2.9;0.0
04;2021-01-27;480;0;5345;36;3.2;0.0
04;2021-01-28;665;20;6010;56;3.6;0.0
04;2021-01-29;368;41;6378;97;3.9;0.1
04;2021-01-30;65;41;6443;138;3.9;0.1
04;2021-01-31;1;5;6444;143;3.9;0.1
04;2021-02-01;269;137;6713;280;4.1;0.2
04;2021-02-02;560;218;7273;498;4.4;0.3
04;2021-02-03;367;159;7640;657;4.6;0.4
04;2021-02-04;357;52;7997;709;4.8;0.4
04;2021-02-05;379;202;8376;911;5.1;0.6
04;2021-02-06;50;86;8426;997;5.1;0.6
04;2021-02-07;2;22;8428;1019;5.1;0.6
04;2021-02-08;163;66;8591;1085;5.2;0.7
04;2021-02-09;194;116;8785;1201;5.3;0.7
04;2021-02-10;252;156;9037;1357;5.5;0.8
04;2021-02-11;364;259;9401;1616;5.7;1.0
04;2021-02-12;293;292;9694;1908;5.9;1.2
04;2021-02-13;26;88;9720;1996;5.9;1.2
04;2021-02-14;0;0;9720;1996;5.9;1.2
04;2021-02-15;31;142;9751;2138;5.9;1.3
04;2021-02-16;81;429;9832;2567;6.0;1.6
04;2021-02-17;67;375;9899;2942;6.0;1.8
04;2021-02-18;45;533;9944;3475;6.0;2.1
04;2021-02-19;52;313;9996;3788;6.1;2.3
04;2021-02-20;5;67;10001;3855;6.1;2.3
04;2021-02-21;0;0;10001;3855;6.1;2.3
04;2021-02-22;7;261;10008;4116;6.1;2.5
04;2021-02-23;19;513;10027;4629;6.1;2.8
04;2021-02-24;38;376;10065;5005;6.1;3.0
04;2021-02-25;72;328;10137;5333;6.1;3.2
04;2021-02-26;216;287;10353;5620;6.3;3.4
04;2021-02-27;179;67;10532;5687;6.4;3.4
04;2021-02-28;1;0;10533;5687;6.4;3.4
04;2021-03-01;18;67;10551;5754;6.4;3.5
04;2021-03-02;135;38;10686;5792;6.5;3.5
04;2021-03-03;375;581;11061;6373;6.7;3.9
04;2021-03-04;207;436;11268;6809;6.8;4.1
04;2021-03-05;236;330;11504;7139;7.0;4.3
04;2021-03-06;912;72;12416;7211;7.5;4.4
04;2021-03-07;498;25;12914;7236;7.8;4.4
04;2021-03-08;45;76;12959;7312;7.8;4.4
04;2021-03-09;215;241;13174;7553;8.0;4.6
04;2021-03-10;401;353;13575;7906;8.2;4.8
04;2021-03-11;495;328;14070;8234;8.5;5.0
04;2021-03-12;699;204;14769;8438;8.9;5.1
04;2021-03-13;1088;63;15857;8501;9.6;5.1
04;2021-03-14;461;3;16318;8504;9.9;5.1
04;2021-03-15;93;14;16411;8518;9.9;5.2
04;2021-03-16;74;8;16485;8526;10.0;5.2
04;2021-03-17;535;81;17020;8607;10.3;5.2
04;2021-03-18;815;24;17835;8631;10.8;5.2
04;2021-03-19;724;33;18559;8664;11.2;5.2
04;2021-03-20;159;3;18718;8667;11.3;5.2
04;2021-03-21;0;0;18718;8667;11.3;5.2
04;2021-03-22;105;13;18823;8680;11.4;5.3
04;2021-03-23;244;7;19067;8687;11.5;5.3
04;2021-03-24;1024;51;20091;8738;12.2;5.3
04;2021-03-25;1325;45;21416;8783;13.0;5.3
04;2021-03-26;1449;66;22865;8849;13.8;5.4
04;2021-03-27;266;19;23131;8868;14.0;5.4
04;2021-03-28;2;0;23133;8868;14.0;5.4
04;2021-03-29;681;13;23814;8881;14.4;5.4
04;2021-03-30;1086;143;24900;9024;15.1;5.5
04;2021-03-31;1327;107;26227;9131;15.9;5.5
04;2021-04-01;1133;133;27360;9264;16.6;5.6
04;2021-04-02;1185;111;28545;9375;17.3;5.7
04;2021-04-03;250;20;28795;9395;17.4;5.7
04;2021-04-04;1;0;28796;9395;17.4;5.7
04;2021-04-05;36;1;28832;9396;17.5;5.7
04;2021-04-06;928;148;29760;9544;18.0;5.8
04;2021-04-07;881;435;30641;9979;18.5;6.0
04;2021-04-08;926;698;31567;10677;19.1;6.5
04;2021-04-09;678;421;32245;11098;19.5;6.7
04;2021-04-10;231;191;32476;11289;19.7;6.8
04;2021-04-11;153;65;32629;11354;19.8;6.9
04;2021-04-12;593;101;33222;11455;20.1;6.9
04;2021-04-13;1190;240;34412;11695;20.8;7.1
04;2021-04-14;995;498;35407;12193;21.4;7.4
04;2021-04-15;921;672;36328;12865;22.0;7.8
04;2021-04-16;819;456;37147;13321;22.5;8.1
04;2021-04-17;211;69;37358;13390;22.6;8.1
04;2021-04-18;0;13;37358;13403;22.6;8.1
04;2021-04-19;338;287;37696;13690;22.8;8.3
04;2021-04-20;1005;444;38701;14134;23.4;8.6
04;2021-04-21;656;744;39357;14878;23.8;9.0
04;2021-04-22;759;853;40116;15731;24.3;9.5
04;2021-04-23;695;537;40811;16268;24.7;9.8
04;2021-04-24;165;65;40976;16333;24.8;9.9
04;2021-04-25;0;0;40976;16333;24.8;9.9
04;2021-04-26;172;611;41148;16944;24.9;10.3
04;2021-04-27;395;966;41543;17910;25.1;10.8
04;2021-04-28;432;1085;41975;18995;25.4;11.5
04;2021-04-29;687;1126;42662;20121;25.8;12.2
04;2021-04-30;436;847;43098;20968;26.1;12.7
04;2021-05-01;104;22;43202;20990;26.2;12.7
04;2021-05-02;8;131;43210;21121;26.2;12.8
04;2021-05-03;151;551;43361;21672;26.2;13.1
04;2021-05-04;564;837;43925;22509;26.6;13.6
04;2021-05-05;514;926;44439;23435;26.9;14.2
04;2021-05-06;1162;592;45601;24027;27.6;14.5
04;2021-05-07;657;755;46258;24782;28.0;15.0
04;2021-05-08;48;98;46306;24880;28.0;15.1
04;2021-05-09;0;0;46306;24880;28.0;15.1
04;2021-05-10;466;293;46772;25173;28.3;15.2
04;2021-05-11;1200;906;47972;26079;29.0;15.8
04;2021-05-12;1389;741;49361;26820;29.9;16.2
04;2021-05-13;378;131;49739;26951;30.1;16.3
04;2021-05-14;440;296;50179;27247;30.4;16.5
04;2021-05-15;99;162;50278;27409;30.4;16.6
04;2021-05-16;4;6;50282;27415;30.4;16.6
04;2021-05-17;155;298;50437;27713;30.5;16.8
04;2021-05-18;392;974;50829;28687;30.8;17.4
04;2021-05-19;773;688;51602;29375;31.2;17.8
04;2021-05-20;1258;549;52860;29924;32.0;18.1
04;2021-05-21;853;787;53713;30711;32.5;18.6
04;2021-05-22;105;146;53818;30857;32.6;18.7
04;2021-05-23;1;1;53819;30858;32.6;18.7
04;2021-05-24;2;36;53821;30894;32.6;18.7
04;2021-05-25;867;593;54688;31487;33.1;19.1
04;2021-05-26;1048;787;55736;32274;33.7;19.5
04;2021-05-27;1357;633;57093;32907;34.6;19.9
04;2021-05-28;1119;652;58212;33559;35.2;20.3
04;2021-05-29;90;398;58302;33957;35.3;20.6
04;2021-05-30;3;1;58305;33958;35.3;20.6
04;2021-05-31;421;417;58726;34375;35.5;20.8
04;2021-06-01;643;640;59369;35015;35.9;21.2
04;2021-06-02;871;1063;60240;36078;36.5;21.8
04;2021-06-03;1196;852;61436;36930;37.2;22.4
04;2021-06-04;977;778;62413;37708;37.8;22.8
04;2021-06-05;142;200;62555;37908;37.9;22.9
04;2021-06-06;7;13;62562;37921;37.9;23.0
04;2021-06-07;563;316;63125;38237;38.2;23.1
04;2021-06-08;843;595;63968;38832;38.7;23.5
04;2021-06-09;1148;685;65116;39517;39.4;23.9
04;2021-06-10;1147;585;66263;40102;40.1;24.3
04;2021-06-11;945;616;67208;40718;40.7;24.6
04;2021-06-12;212;144;67420;40862;40.8;24.7
04;2021-06-13;1;1;67421;40863;40.8;24.7
04;2021-06-14;478;303;67899;41166;41.1;24.9
04;2021-06-15;645;1003;68544;42169;41.5;25.5
04;2021-06-16;1022;786;69566;42955;42.1;26.0
04;2021-06-17;1001;960;70567;43915;42.7;26.6
04;2021-06-18;765;886;71332;44801;43.2;27.1
04;2021-06-19;40;85;71372;44886;43.2;27.2
04;2021-06-20;7;9;71379;44895;43.2;27.2
04;2021-06-21;306;615;71685;45510;43.4;27.5
04;2021-06-22;361;1310;72046;46820;43.6;28.3
04;2021-06-23;476;1313;72522;48133;43.9;29.1
04;2021-06-24;852;815;73374;48948;44.4;29.6
04;2021-06-25;462;639;73836;49587;44.7;30.0
04;2021-06-26;57;130;73893;49717;44.7;30.1
04;2021-06-27;4;4;73897;49721;44.7;30.1
04;2021-06-28;158;341;74055;50062;44.8;30.3
04;2021-06-29;371;838;74426;50900;45.1;30.8
04;2021-06-30;541;1121;74967;52021;45.4;31.5
04;2021-07-01;579;1219;75546;53240;45.7;32.2
04;2021-07-02;557;1090;76103;54330;46.1;32.9
04;2021-07-03;65;162;76168;54492;46.1;33.0
04;2021-07-04;6;6;76174;54498;46.1;33.0
04;2021-07-05;106;297;76280;54795;46.2;33.2
04;2021-07-06;505;1382;76785;56177;46.5;34.0
04;2021-07-07;495;1342;77280;57519;46.8;34.8
04;2021-07-08;726;1362;78006;58881;47.2;35.6
04;2021-07-09;582;1061;78588;59942;47.6;36.3
04;2021-07-10;92;177;78680;60119;47.6;36.4
04;2021-07-11;0;21;78680;60140;47.6;36.4
04;2021-07-12;128;652;78808;60792;47.7;36.8
04;2021-07-13;882;1541;79690;62333;48.2;37.7
04;2021-07-14;26;43;79716;62376;48.3;37.8
04;2021-07-15;1220;1737;80936;64113;49.0;38.8
04;2021-07-16;1082;1114;82018;65227;49.6;39.5
04;2021-07-17;446;234;82464;65461;49.9;39.6
04;2021-07-18;114;18;82578;65479;50.0;39.6
04;2021-07-19;484;655;83062;66134;50.3;40.0
04;2021-07-20;1314;1467;84376;67601;51.1;40.9
04;2021-07-21;1127;1166;85503;68767;51.8;41.6
04;2021-07-22;1500;1372;87003;70139;52.7;42.5
04;2021-07-23;1151;1141;88154;71280;53.4;43.1
04;2021-07-24;685;213;88839;71493;53.8;43.3
04;2021-07-25;42;16;88881;71509;53.8;43.3
04;2021-07-26;445;639;89326;72148;54.1;43.7
04;2021-07-27;1372;1045;90698;73193;54.9;44.3
04;2021-07-28;1074;1038;91772;74231;55.6;44.9
04;2021-07-29;1560;1299;93332;75530;56.5;45.7
04;2021-07-30;1247;925;94579;76455;57.3;46.3
04;2021-07-31;252;176;94831;76631;57.4;46.4
04;2021-08-01;48;19;94879;76650;57.4;46.4
04;2021-08-02;139;110;95018;76760;57.5;46.5
04;2021-08-03;1347;1115;96365;77875;58.3;47.1
04;2021-08-04;1178;862;97543;78737;59.0;47.7
04;2021-08-05;1193;736;98736;79473;59.8;48.1
04;2021-08-06;519;397;99255;79870;60.1;48.3
04;2021-08-07;162;162;99417;80032;60.2;48.4
04;2021-08-08;25;12;99442;80044;60.2;48.5
04;2021-08-09;103;117;99545;80161;60.3;48.5
04;2021-08-10;656;980;100201;81141;60.7;49.1
04;2021-08-11;1147;1021;101348;82162;61.3;49.7
04;2021-08-12;1126;1301;102474;83463;62.0;50.5
04;2021-08-13;443;384;102917;83847;62.3;50.8
04;2021-08-14;100;73;103017;83920;62.4;50.8
04;2021-08-15;0;0;103017;83920;62.4;50.8
04;2021-08-16;103;138;103120;84058;62.4;50.9
04;2021-08-17;497;1014;103617;85072;62.7;51.5
04;2021-08-18;718;1320;104335;86392;63.2;52.3
04;2021-08-19;742;1409;105077;87801;63.6;53.1
04;2021-08-20;745;1364;105822;89165;64.1;54.0
04;2021-08-21;66;111;105888;89276;64.1;54.0
04;2021-08-22;15;45;105903;89321;64.1;54.1
04;2021-08-23;54;110;105957;89431;64.1;54.1
04;2021-08-24;680;1492;106637;90923;64.6;55.0
04;2021-08-25;656;1183;107293;92106;64.9;55.8
04;2021-08-26;488;1214;107781;93320;65.2;56.5
04;2021-08-27;450;931;108231;94251;65.5;57.1
04;2021-08-28;123;244;108354;94495;65.6;57.2
04;2021-08-29;27;23;108381;94518;65.6;57.2
04;2021-08-30;122;244;108503;94762;65.7;57.4
04;2021-08-31;510;1007;109013;95769;66.0;58.0
04;2021-09-01;507;1253;109520;97022;66.3;58.7
04;2021-09-02;333;930;109853;97952;66.5;59.3
04;2021-09-03;289;819;110142;98771;66.7;59.8
04;2021-09-04;149;239;110291;99010;66.8;59.9
04;2021-09-05;14;9;110305;99019;66.8;59.9
04;2021-09-06;57;106;110362;99125;66.8;60.0
04;2021-09-07;370;1037;110732;100162;67.0;60.6
04;2021-09-08;324;889;111056;101051;67.2;61.2
04;2021-09-09;339;959;111395;102010;67.4;61.8
04;2021-09-10;277;812;111672;102822;67.6;62.2
04;2021-09-11;93;153;111765;102975;67.7;62.3
04;2021-09-12;14;30;111779;103005;67.7;62.4
04;2021-09-13;80;92;111859;103097;67.7;62.4
05;2020-12-27;0;0;0;0;0.0;0.0
05;2020-12-28;1;0;1;0;0.0;0.0
05;2020-12-29;1;0;2;0;0.0;0.0
05;2020-12-30;2;0;4;0;0.0;0.0
05;2020-12-31;0;0;4;0;0.0;0.0
05;2021-01-01;2;0;6;0;0.0;0.0
05;2021-01-02;2;0;8;0;0.0;0.0
05;2021-01-03;1;0;9;0;0.0;0.0
05;2021-01-04;2;0;11;0;0.0;0.0
05;2021-01-05;0;0;11;0;0.0;0.0
05;2021-01-06;22;0;33;0;0.0;0.0
05;2021-01-07;128;0;161;0;0.1;0.0
05;2021-01-08;146;0;307;0;0.2;0.0
05;2021-01-09;11;0;318;0;0.2;0.0
05;2021-01-10;0;0;318;0;0.2;0.0
05;2021-01-11;44;0;362;0;0.3;0.0
05;2021-01-12;105;0;467;0;0.3;0.0
05;2021-01-13;140;0;607;0;0.4;0.0
05;2021-01-14;167;0;774;0;0.5;0.0
05;2021-01-15;128;1;902;1;0.6;0.0
05;2021-01-16;14;0;916;1;0.6;0.0
05;2021-01-17;0;0;916;1;0.6;0.0
05;2021-01-18;226;1;1142;2;0.8;0.0
05;2021-01-19;228;0;1370;2;1.0;0.0
05;2021-01-20;213;0;1583;2;1.1;0.0
05;2021-01-21;255;0;1838;2;1.3;0.0
05;2021-01-22;195;1;2033;3;1.4;0.0
05;2021-01-23;112;0;2145;3;1.5;0.0
05;2021-01-24;0;0;2145;3;1.5;0.0
05;2021-01-25;317;0;2462;3;1.7;0.0
05;2021-01-26;486;0;2948;3;2.1;0.0
05;2021-01-27;389;3;3337;6;2.4;0.0
05;2021-01-28;363;43;3700;49;2.6;0.0
05;2021-01-29;364;109;4064;158;2.9;0.1
05;2021-01-30;97;9;4161;167;2.9;0.1
05;2021-01-31;4;0;4165;167;2.9;0.1
05;2021-02-01;177;20;4342;187;3.1;0.1
05;2021-02-02;187;69;4529;256;3.2;0.2
05;2021-02-03;207;58;4736;314;3.3;0.2
05;2021-02-04;197;114;4933;428;3.5;0.3
05;2021-02-05;183;109;5116;537;3.6;0.4
05;2021-02-06;76;24;5192;561;3.7;0.4
05;2021-02-07;0;5;5192;566;3.7;0.4
05;2021-02-08;84;97;5276;663;3.7;0.5
05;2021-02-09;97;91;5373;754;3.8;0.5
05;2021-02-10;81;149;5454;903;3.8;0.6
05;2021-02-11;87;112;5541;1015;3.9;0.7
05;2021-02-12;84;121;5625;1136;4.0;0.8
05;2021-02-13;75;29;5700;1165;4.0;0.8
05;2021-02-14;0;0;5700;1165;4.0;0.8
05;2021-02-15;97;152;5797;1317;4.1;0.9
05;2021-02-16;111;234;5908;1551;4.2;1.1
05;2021-02-17;136;199;6044;1750;4.3;1.2
05;2021-02-18;154;269;6198;2019;4.4;1.4
05;2021-02-19;158;291;6356;2310;4.5;1.6
05;2021-02-20;31;73;6387;2383;4.5;1.7
05;2021-02-21;0;0;6387;2383;4.5;1.7
05;2021-02-22;70;209;6457;2592;4.6;1.8
05;2021-02-23;18;173;6475;2765;4.6;2.0
05;2021-02-24;20;150;6495;2915;4.6;2.1
05;2021-02-25;56;119;6551;3034;4.6;2.1
05;2021-02-26;145;171;6696;3205;4.7;2.3
05;2021-02-27;65;151;6761;3356;4.8;2.4
05;2021-02-28;11;0;6772;3356;4.8;2.4
05;2021-03-01;92;144;6864;3500;4.8;2.5
05;2021-03-02;92;165;6956;3665;4.9;2.6
05;2021-03-03;112;196;7068;3861;5.0;2.7
05;2021-03-04;242;140;7310;4001;5.2;2.8
05;2021-03-05;578;166;7888;4167;5.6;2.9
05;2021-03-06;668;51;8556;4218;6.0;3.0
05;2021-03-07;516;19;9072;4237;6.4;3.0
05;2021-03-08;556;128;9628;4365;6.8;3.1
05;2021-03-09;520;151;10148;4516;7.2;3.2
05;2021-03-10;498;127;10646;4643;7.5;3.3
05;2021-03-11;377;134;11023;4777;7.8;3.4
05;2021-03-12;435;87;11458;4864;8.1;3.4
05;2021-03-13;796;95;12254;4959;8.6;3.5
05;2021-03-14;670;11;12924;4970;9.1;3.5
05;2021-03-15;354;122;13278;5092;9.4;3.6
05;2021-03-16;149;141;13427;5233;9.5;3.7
05;2021-03-17;262;120;13689;5353;9.7;3.8
05;2021-03-18;364;35;14053;5388;9.9;3.8
05;2021-03-19;450;59;14503;5447;10.2;3.8
05;2021-03-20;167;29;14670;5476;10.3;3.9
05;2021-03-21;1;0;14671;5476;10.3;3.9
05;2021-03-22;717;36;15388;5512;10.9;3.9
05;2021-03-23;805;15;16193;5527;11.4;3.9
05;2021-03-24;790;77;16983;5604;12.0;4.0
05;2021-03-25;901;59;17884;5663;12.6;4.0
05;2021-03-26;1023;49;18907;5712;13.3;4.0
05;2021-03-27;467;33;19374;5745;13.7;4.1
05;2021-03-28;10;0;19384;5745;13.7;4.1
05;2021-03-29;905;63;20289;5808;14.3;4.1
05;2021-03-30;1142;78;21431;5886;15.1;4.2
05;2021-03-31;823;253;22254;6139;15.7;4.3
05;2021-04-01;900;240;23154;6379;16.3;4.5
05;2021-04-02;665;378;23819;6757;16.8;4.8
05;2021-04-03;550;183;24369;6940;17.2;4.9
05;2021-04-04;350;63;24719;7003;17.4;4.9
05;2021-04-05;158;12;24877;7015;17.5;4.9
05;2021-04-06;646;274;25523;7289;18.0;5.1
05;2021-04-07;773;323;26296;7612;18.6;5.4
05;2021-04-08;734;336;27030;7948;19.1;5.6
05;2021-04-09;882;407;27912;8355;19.7;5.9
05;2021-04-10;714;387;28626;8742;20.2;6.2
05;2021-04-11;191;174;28817;8916;20.3;6.3
05;2021-04-12;732;264;29549;9180;20.8;6.5
05;2021-04-13;921;247;30470;9427;21.5;6.7
05;2021-04-14;668;326;31138;9753;22.0;6.9
05;2021-04-15;768;398;31906;10151;22.5;7.2
05;2021-04-16;731;397;32637;10548;23.0;7.4
05;2021-04-17;671;238;33308;10786;23.5;7.6
05;2021-04-18;305;23;33613;10809;23.7;7.6
05;2021-04-19;363;536;33976;11345;24.0;8.0
05;2021-04-20;482;629;34458;11974;24.3;8.4
05;2021-04-21;494;627;34952;12601;24.7;8.9
05;2021-04-22;385;546;35337;13147;24.9;9.3
05;2021-04-23;523;655;35860;13802;25.3;9.7
05;2021-04-24;347;384;36207;14186;25.5;10.0
05;2021-04-25;288;23;36495;14209;25.7;10.0
05;2021-04-26;367;704;36862;14913;26.0;10.5
05;2021-04-27;657;749;37519;15662;26.5;11.0
05;2021-04-28;468;721;37987;16383;26.8;11.6
05;2021-04-29;703;747;38690;17130;27.3;12.1
05;2021-04-30;509;754;39199;17884;27.7;12.6
05;2021-05-01;138;110;39337;17994;27.7;12.7
05;2021-05-02;267;115;39604;18109;27.9;12.8
05;2021-05-03;457;492;40061;18601;28.3;13.1
05;2021-05-04;384;503;40445;19104;28.5;13.5
05;2021-05-05;462;670;40907;19774;28.9;13.9
05;2021-05-06;646;725;41553;20499;29.3;14.5
05;2021-05-07;596;800;42149;21299;29.7;15.0
05;2021-05-08;481;177;42630;21476;30.1;15.1
05;2021-05-09;208;57;42838;21533;30.2;15.2
05;2021-05-10;500;697;43338;22230;30.6;15.7
05;2021-05-11;669;907;44007;23137;31.0;16.3
05;2021-05-12;647;733;44654;23870;31.5;16.8
05;2021-05-13;960;116;45614;23986;32.2;16.9
05;2021-05-14;826;495;46440;24481;32.8;17.3
05;2021-05-15;1043;354;47483;24835;33.5;17.5
05;2021-05-16;235;52;47718;24887;33.7;17.6
05;2021-05-17;484;430;48202;25317;34.0;17.9
05;2021-05-18;519;419;48721;25736;34.4;18.2
05;2021-05-19;727;460;49448;26196;34.9;18.5
05;2021-05-20;747;434;50195;26630;35.4;18.8
05;2021-05-21;706;512;50901;27142;35.9;19.1
05;2021-05-22;607;239;51508;27381;36.3;19.3
05;2021-05-23;277;59;51785;27440;36.5;19.4
05;2021-05-24;509;157;52294;27597;36.9;19.5
05;2021-05-25;515;483;52809;28080;37.3;19.8
05;2021-05-26;696;363;53505;28443;37.7;20.1
05;2021-05-27;799;572;54304;29015;38.3;20.5
05;2021-05-28;666;648;54970;29663;38.8;20.9
05;2021-05-29;566;544;55536;30207;39.2;21.3
05;2021-05-30;212;82;55748;30289;39.3;21.4
05;2021-05-31;575;495;56323;30784;39.7;21.7
05;2021-06-01;589;585;56912;31369;40.1;22.1
05;2021-06-02;685;703;57597;32072;40.6;22.6
05;2021-06-03;716;649;58313;32721;41.1;23.1
05;2021-06-04;1018;818;59331;33539;41.9;23.7
05;2021-06-05;807;508;60138;34047;42.4;24.0
05;2021-06-06;202;89;60340;34136;42.6;24.1
05;2021-06-07;605;833;60945;34969;43.0;24.7
05;2021-06-08;702;659;61647;35628;43.5;25.1
05;2021-06-09;648;783;62295;36411;43.9;25.7
05;2021-06-10;544;718;62839;37129;44.3;26.2
05;2021-06-11;766;723;63605;37852;44.9;26.7
05;2021-06-12;593;484;64198;38336;45.3;27.0
05;2021-06-13;112;91;64310;38427;45.4;27.1
05;2021-06-14;403;669;64713;39096;45.7;27.6
05;2021-06-15;543;910;65256;40006;46.0;28.2
05;2021-06-16;433;671;65689;40677;46.3;28.7
05;2021-06-17;361;805;66050;41482;46.6;29.3
05;2021-06-18;398;724;66448;42206;46.9;29.8
05;2021-06-19;421;570;66869;42776;47.2;30.2
05;2021-06-20;64;77;66933;42853;47.2;30.2
05;2021-06-21;319;641;67252;43494;47.4;30.7
05;2021-06-22;356;829;67608;44323;47.7;31.3
05;2021-06-23;354;764;67962;45087;47.9;31.8
05;2021-06-24;388;1022;68350;46109;48.2;32.5
05;2021-06-25;229;892;68579;47001;48.4;33.2
05;2021-06-26;292;1074;68871;48075;48.6;33.9
05;2021-06-27;128;170;68999;48245;48.7;34.0
05;2021-06-28;254;792;69253;49037;48.9;34.6
05;2021-06-29;250;785;69503;49822;49.0;35.1
05;2021-06-30;329;788;69832;50610;49.3;35.7
05;2021-07-01;383;789;70215;51399;49.5;36.3
05;2021-07-02;370;871;70585;52270;49.8;36.9
05;2021-07-03;305;741;70890;53011;50.0;37.4
05;2021-07-04;179;177;71069;53188;50.1;37.5
05;2021-07-05;264;781;71333;53969;50.3;38.1
05;2021-07-06;336;858;71669;54827;50.6;38.7
05;2021-07-07;401;782;72070;55609;50.8;39.2
05;2021-07-08;431;848;72501;56457;51.1;39.8
05;2021-07-09;422;994;72923;57451;51.4;40.5
05;2021-07-10;314;729;73237;58180;51.7;41.0
05;2021-07-11;176;120;73413;58300;51.8;41.1
05;2021-07-12;416;1014;73829;59314;52.1;41.8
05;2021-07-13;483;870;74312;60184;52.4;42.5
05;2021-07-14;838;299;75150;60483;53.0;42.7
05;2021-07-15;709;993;75859;61476;53.5;43.4
05;2021-07-16;1027;1457;76886;62933;54.2;44.4
05;2021-07-17;674;1306;77560;64239;54.7;45.3
05;2021-07-18;285;131;77845;64370;54.9;45.4
05;2021-07-19;572;792;78417;65162;55.3;46.0
05;2021-07-20;763;801;79180;65963;55.9;46.5
05;2021-07-21;883;841;80063;66804;56.5;47.1
05;2021-07-22;814;870;80877;67674;57.1;47.7
05;2021-07-23;1447;1239;82324;68913;58.1;48.6
05;2021-07-24;864;836;83188;69749;58.7;49.2
05;2021-07-25;305;160;83493;69909;58.9;49.3
05;2021-07-26;779;561;84272;70470;59.4;49.7
05;2021-07-27;1261;756;85533;71226;60.3;50.2
05;2021-07-28;1523;719;87056;71945;61.4;50.8
05;2021-07-29;1346;724;88402;72669;62.4;51.3
05;2021-07-30;961;594;89363;73263;63.0;51.7
05;2021-07-31;782;525;90145;73788;63.6;52.1
05;2021-08-01;192;178;90337;73966;63.7;52.2
05;2021-08-02;836;549;91173;74515;64.3;52.6
05;2021-08-03;827;609;92000;75124;64.9;53.0
05;2021-08-04;990;757;92990;75881;65.6;53.5
05;2021-08-05;982;724;93972;76605;66.3;54.0
05;2021-08-06;875;794;94847;77399;66.9;54.6
05;2021-08-07;631;641;95478;78040;67.4;55.1
05;2021-08-08;196;270;95674;78310;67.5;55.2
05;2021-08-09;774;847;96448;79157;68.0;55.8
05;2021-08-10;652;699;97100;79856;68.5;56.3
05;2021-08-11;742;857;97842;80713;69.0;56.9
05;2021-08-12;793;784;98635;81497;69.6;57.5
05;2021-08-13;626;893;99261;82390;70.0;58.1
05;2021-08-14;408;782;99669;83172;70.3;58.7
05;2021-08-15;189;224;99858;83396;70.4;58.8
05;2021-08-16;489;1083;100347;84479;70.8;59.6
05;2021-08-17;433;880;100780;85359;71.1;60.2
05;2021-08-18;435;973;101215;86332;71.4;60.9
05;2021-08-19;500;963;101715;87295;71.8;61.6
05;2021-08-20;477;1113;102192;88408;72.1;62.4
05;2021-08-21;359;851;102551;89259;72.3;63.0
05;2021-08-22;117;254;102668;89513;72.4;63.1
05;2021-08-23;321;828;102989;90341;72.7;63.7
05;2021-08-24;401;779;103390;91120;72.9;64.3
05;2021-08-25;407;924;103797;92044;73.2;64.9
05;2021-08-26;304;814;104101;92858;73.4;65.5
05;2021-08-27;334;921;104435;93779;73.7;66.2
05;2021-08-28;244;655;104679;94434;73.8;66.6
05;2021-08-29;66;255;104745;94689;73.9;66.8
05;2021-08-30;268;803;105013;95492;74.1;67.4
05;2021-08-31;252;713;105265;96205;74.3;67.9
05;2021-09-01;268;655;105533;96860;74.4;68.3
05;2021-09-02;250;705;105783;97565;74.6;68.8
05;2021-09-03;251;616;106034;98181;74.8;69.3
05;2021-09-04;202;668;106236;98849;74.9;69.7
05;2021-09-05;55;178;106291;99027;75.0;69.9
05;2021-09-06;163;421;106454;99448;75.1;70.2
05;2021-09-07;217;618;106671;100066;75.2;70.6
05;2021-09-08;176;592;106847;100658;75.4;71.0
05;2021-09-09;190;522;107037;101180;75.5;71.4
05;2021-09-10;181;447;107218;101627;75.6;71.7
05;2021-09-11;148;463;107366;102090;75.7;72.0
05;2021-09-12;22;106;107388;102196;75.8;72.1
05;2021-09-13;159;415;107547;102611;75.9;72.4
06;2020-12-27;14;0;14;0;0.0;0.0
06;2020-12-28;24;0;38;0;0.0;0.0
06;2020-12-29;12;0;50;0;0.0;0.0
06;2020-12-30;9;0;59;0;0.0;0.0
06;2020-12-31;30;0;89;0;0.0;0.0
06;2021-01-01;24;0;113;0;0.0;0.0
06;2021-01-02;7;0;120;0;0.0;0.0
06;2021-01-03;9;0;129;0;0.0;0.0
06;2021-01-04;154;1;283;1;0.0;0.0
06;2021-01-05;191;2;474;3;0.0;0.0
06;2021-01-06;247;1;721;4;0.1;0.0
06;2021-01-07;521;2;1242;6;0.1;0.0
06;2021-01-08;690;2;1932;8;0.2;0.0
06;2021-01-09;393;3;2325;11;0.2;0.0
06;2021-01-10;82;0;2407;11;0.2;0.0
06;2021-01-11;1156;1;3563;12;0.3;0.0
06;2021-01-12;2249;5;5812;17;0.5;0.0
06;2021-01-13;1747;6;7559;23;0.7;0.0
06;2021-01-14;2165;18;9724;41;0.9;0.0
06;2021-01-15;1890;5;11614;46;1.1;0.0
06;2021-01-16;992;4;12606;50;1.2;0.0
06;2021-01-17;243;0;12849;50;1.2;0.0
06;2021-01-18;2500;7;15349;57;1.4;0.0
06;2021-01-19;2777;12;18126;69;1.7;0.0
06;2021-01-20;3374;12;21500;81;2.0;0.0
06;2021-01-21;3046;23;24546;104;2.3;0.0
06;2021-01-22;2986;16;27532;120;2.6;0.0
06;2021-01-23;1307;3;28839;123;2.7;0.0
06;2021-01-24;34;0;28873;123;2.7;0.0
06;2021-01-25;2082;13;30955;136;2.9;0.0
06;2021-01-26;3409;44;34364;180;3.2;0.0
06;2021-01-27;2572;93;36936;273;3.4;0.0
06;2021-01-28;2821;187;39757;460;3.7;0.0
06;2021-01-29;2523;285;42280;745;3.9;0.1
06;2021-01-30;674;39;42954;784;4.0;0.1
06;2021-01-31;4;1;42958;785;4.0;0.1
06;2021-02-01;1028;416;43986;1201;4.1;0.1
06;2021-02-02;1507;364;45493;1565;4.2;0.1
06;2021-02-03;336;128;45829;1693;4.2;0.2
06;2021-02-04;723;780;46552;2473;4.3;0.2
06;2021-02-05;1015;953;47567;3426;4.4;0.3
06;2021-02-06;169;392;47736;3818;4.4;0.4
06;2021-02-07;14;49;47750;3867;4.4;0.4
06;2021-02-08;542;884;48292;4751;4.5;0.4
06;2021-02-09;323;685;48615;5436;4.5;0.5
06;2021-02-10;382;569;48997;6005;4.5;0.6
06;2021-02-11;482;910;49479;6915;4.6;0.6
06;2021-02-12;660;1089;50139;8004;4.6;0.7
06;2021-02-13;206;241;50345;8245;4.7;0.8
06;2021-02-14;17;1;50362;8246;4.7;0.8
06;2021-02-15;471;994;50833;9240;4.7;0.9
06;2021-02-16;873;1779;51706;11019;4.8;1.0
06;2021-02-17;838;1771;52544;12790;4.9;1.2
06;2021-02-18;1818;2278;54362;15068;5.0;1.4
06;2021-02-19;1770;1805;56132;16873;5.2;1.6
06;2021-02-20;287;425;56419;17298;5.2;1.6
06;2021-02-21;24;52;56443;17350;5.2;1.6
06;2021-02-22;1088;1238;57531;18588;5.3;1.7
06;2021-02-23;1760;1203;59291;19791;5.5;1.8
06;2021-02-24;2122;1027;61413;20818;5.7;1.9
06;2021-02-25;3864;1394;65277;22212;6.0;2.1
06;2021-02-26;3407;1356;68684;23568;6.4;2.2
06;2021-02-27;1441;300;70125;23868;6.5;2.2
06;2021-02-28;98;23;70223;23891;6.5;2.2
06;2021-03-01;2425;681;72648;24572;6.7;2.3
06;2021-03-02;2466;820;75114;25392;7.0;2.4
06;2021-03-03;2870;466;77984;25858;7.2;2.4
06;2021-03-04;4634;506;82618;26364;7.7;2.4
06;2021-03-05;3918;913;86536;27277;8.0;2.5
06;2021-03-06;11969;340;98505;27617;9.1;2.6
06;2021-03-07;10220;309;108725;27926;10.1;2.6
06;2021-03-08;4180;1026;112905;28952;10.5;2.7
06;2021-03-09;5015;800;117920;29752;10.9;2.8
06;2021-03-10;4736;660;122656;30412;11.4;2.8
06;2021-03-11;6743;843;129399;31255;12.0;2.9
06;2021-03-12;6889;985;136288;32240;12.6;3.0
06;2021-03-13;11267;349;147555;32589;13.7;3.0
06;2021-03-14;514;47;148069;32636;13.7;3.0
06;2021-03-15;4843;732;152912;33368;14.2;3.1
06;2021-03-16;3781;1021;156693;34389;14.5;3.2
06;2021-03-17;6210;1767;162903;36156;15.1;3.3
06;2021-03-18;5135;1775;168038;37931;15.6;3.5
06;2021-03-19;6835;1965;174873;39896;16.2;3.7
06;2021-03-20;2377;547;177250;40443;16.4;3.7
06;2021-03-21;413;23;177663;40466;16.5;3.7
06;2021-03-22;3993;691;181656;41157;16.8;3.8
06;2021-03-23;5994;1197;187650;42354;17.4;3.9
06;2021-03-24;4230;3082;191880;45436;17.8;4.2
06;2021-03-25;5881;3109;197761;48545;18.3;4.5
06;2021-03-26;6371;1976;204132;50521;18.9;4.7
06;2021-03-27;2041;364;206173;50885;19.1;4.7
06;2021-03-28;215;5;206388;50890;19.1;4.7
06;2021-03-29;3212;2073;209600;52963;19.4;4.9
06;2021-03-30;5199;2490;214799;55453;19.9;5.1
06;2021-03-31;8063;1651;222862;57104;20.6;5.3
06;2021-04-01;7673;2464;230535;59568;21.4;5.5
06;2021-04-02;7254;2699;237789;62267;22.0;5.8
06;2021-04-03;2726;1373;240515;63640;22.3;5.9
06;2021-04-04;302;547;240817;64187;22.3;5.9
06;2021-04-05;1413;696;242230;64883;22.4;6.0
06;2021-04-06;6677;3308;248907;68191;23.1;6.3
06;2021-04-07;6237;3888;255144;72079;23.6;6.7
06;2021-04-08;5753;5650;260897;77729;24.2;7.2
06;2021-04-09;9398;5857;270295;83586;25.0;7.7
06;2021-04-10;2397;2780;272692;86366;25.3;8.0
06;2021-04-11;189;58;272881;86424;25.3;8.0
06;2021-04-12;4392;3504;277273;89928;25.7;8.3
06;2021-04-13;6388;5014;283661;94942;26.3;8.8
06;2021-04-14;5476;4440;289137;99382;26.8;9.2
06;2021-04-15;5558;4384;294695;103766;27.3;9.6
06;2021-04-16;7092;5192;301787;108958;28.0;10.1
06;2021-04-17;2787;3051;304574;112009;28.2;10.4
06;2021-04-18;268;223;304842;112232;28.2;10.4
06;2021-04-19;5501;4039;310343;116271;28.8;10.8
06;2021-04-20;5667;4871;316010;121142;29.3;11.2
06;2021-04-21;8333;4173;324343;125315;30.0;11.6
06;2021-04-22;8582;4194;332925;129509;30.8;12.0
06;2021-04-23;8843;4279;341768;133788;31.7;12.4
06;2021-04-24;2357;1495;344125;135283;31.9;12.5
06;2021-04-25;122;14;344247;135297;31.9;12.5
06;2021-04-26;4158;2316;348405;137613;32.3;12.7
06;2021-04-27;4589;4038;352994;141651;32.7;13.1
06;2021-04-28;4156;4577;357150;146228;33.1;13.5
06;2021-04-29;6093;5454;363243;151682;33.7;14.1
06;2021-04-30;6784;5169;370027;156851;34.3;14.5
06;2021-05-01;4169;835;374196;157686;34.7;14.6
06;2021-05-02;494;157;374690;157843;34.7;14.6
06;2021-05-03;6926;3557;381616;161400;35.4;15.0
06;2021-05-04;5760;5383;387376;166783;35.9;15.5
06;2021-05-05;4550;3908;391926;170691;36.3;15.8
06;2021-05-06;5232;4738;397158;175429;36.8;16.3
06;2021-05-07;5665;5674;402823;181103;37.3;16.8
06;2021-05-08;4875;1329;407698;182432;37.8;16.9
06;2021-05-09;206;308;407904;182740;37.8;16.9
06;2021-05-10;4832;5046;412736;187786;38.2;17.4
06;2021-05-11;4948;5562;417684;193348;38.7;17.9
06;2021-05-12;9115;4901;426799;198249;39.5;18.4
06;2021-05-13;9284;2145;436083;200394;40.4;18.6
06;2021-05-14;10863;3363;446946;203757;41.4;18.9
06;2021-05-15;9308;2222;456254;205979;42.3;19.1
06;2021-05-16;1507;287;457761;206266;42.4;19.1
06;2021-05-17;7521;3752;465282;210018;43.1;19.5
06;2021-05-18;9746;3224;475028;213242;44.0;19.8
06;2021-05-19;7717;2983;482745;216225;44.7;20.0
06;2021-05-20;7972;3668;490717;219893;45.5;20.4
06;2021-05-21;8825;3947;499542;223840;46.3;20.7
06;2021-05-22;3035;1325;502577;225165;46.6;20.9
06;2021-05-23;132;628;502709;225793;46.6;20.9
06;2021-05-24;3205;1002;505914;226795;46.9;21.0
06;2021-05-25;4769;4932;510683;231727;47.3;21.5
06;2021-05-26;5701;6632;516384;238359;47.8;22.1
06;2021-05-27;5594;6279;521978;244638;48.4;22.7
06;2021-05-28;4994;7289;526972;251927;48.8;23.3
06;2021-05-29;1644;2929;528616;254856;49.0;23.6
06;2021-05-30;258;1122;528874;255978;49.0;23.7
06;2021-05-31;4421;5121;533295;261099;49.4;24.2
06;2021-06-01;5756;7426;539051;268525;49.9;24.9
06;2021-06-02;3324;8550;542375;277075;50.2;25.7
06;2021-06-03;4555;8303;546930;285378;50.7;26.4
06;2021-06-04;5500;7731;552430;293109;51.2;27.2
06;2021-06-05;2466;3345;554896;296454;51.4;27.5
06;2021-06-06;181;234;555077;296688;51.4;27.5
06;2021-06-07;4151;5585;559228;302273;51.8;28.0
06;2021-06-08;4482;5212;563710;307485;52.2;28.5
06;2021-06-09;4131;7361;567841;314846;52.6;29.2
06;2021-06-10;4801;6870;572642;321716;53.1;29.8
06;2021-06-11;3932;8363;576574;330079;53.4;30.6
06;2021-06-12;1748;3750;578322;333829;53.6;30.9
06;2021-06-13;150;439;578472;334268;53.6;31.0
06;2021-06-14;2745;8605;581217;342873;53.8;31.8
06;2021-06-15;3295;9491;584512;352364;54.2;32.6
06;2021-06-16;3519;7017;588031;359381;54.5;33.3
06;2021-06-17;3691;7191;591722;366572;54.8;34.0
06;2021-06-18;2649;5929;594371;372501;55.1;34.5
06;2021-06-19;1318;1685;595689;374186;55.2;34.7
06;2021-06-20;211;349;595900;374535;55.2;34.7
06;2021-06-21;1739;6304;597639;380839;55.4;35.3
06;2021-06-22;2368;7362;600007;388201;55.6;36.0
06;2021-06-23;2097;6543;602104;394744;55.8;36.6
06;2021-06-24;3494;8974;605598;403718;56.1;37.4
06;2021-06-25;2311;9608;607909;413326;56.3;38.3
06;2021-06-26;897;2288;608806;415614;56.4;38.5
06;2021-06-27;379;1189;609185;416803;56.4;38.6
06;2021-06-28;2499;8127;611684;424930;56.7;39.4
06;2021-06-29;2394;7728;614078;432658;56.9;40.1
06;2021-06-30;1526;7694;615604;440352;57.0;40.8
06;2021-07-01;3558;7486;619162;447838;57.4;41.5
06;2021-07-02;4481;8282;623643;456120;57.8;42.3
06;2021-07-03;1244;4310;624887;460430;57.9;42.7
06;2021-07-04;318;303;625205;460733;57.9;42.7
06;2021-07-05;4075;5146;629280;465879;58.3;43.2
06;2021-07-06;2147;5818;631427;471697;58.5;43.7
06;2021-07-07;4198;5978;635625;477675;58.9;44.3
06;2021-07-08;3730;6334;639355;484009;59.2;44.8
06;2021-07-09;4864;6238;644219;490247;59.7;45.4
06;2021-07-10;1776;2332;645995;492579;59.8;45.6
06;2021-07-11;331;322;646326;492901;59.9;45.7
06;2021-07-12;4208;7155;650534;500056;60.3;46.3
06;2021-07-13;6133;9027;656667;509083;60.8;47.2
06;2021-07-14;1236;441;657903;509524;61.0;47.2
06;2021-07-15;6835;8046;664738;517570;61.6;47.9
06;2021-07-16;8541;9027;673279;526597;62.4;48.8
06;2021-07-17;3176;5472;676455;532069;62.7;49.3
06;2021-07-18;1081;5333;677536;537402;62.8;49.8
06;2021-07-19;6170;8028;683706;545430;63.3;50.5
06;2021-07-20;7601;10256;691307;555686;64.0;51.5
06;2021-07-21;8481;8711;699788;564397;64.8;52.3
06;2021-07-22;10453;7875;710241;572272;65.8;53.0
06;2021-07-23;9570;6934;719811;579206;66.7;53.7
06;2021-07-24;3306;3108;723117;582314;67.0;53.9
06;2021-07-25;1003;479;724120;582793;67.1;54.0
06;2021-07-26;7666;6896;731786;589689;67.8;54.6
06;2021-07-27;9275;5596;741061;595285;68.7;55.1
06;2021-07-28;7481;5405;748542;600690;69.3;55.7
06;2021-07-29;8885;5780;757427;606470;70.2;56.2
06;2021-07-30;8559;5551;765986;612021;71.0;56.7
06;2021-07-31;3826;3082;769812;615103;71.3;57.0
06;2021-08-01;902;434;770714;615537;71.4;57.0
06;2021-08-02;7131;4625;777845;620162;72.1;57.5
06;2021-08-03;6842;5497;784687;625659;72.7;58.0
06;2021-08-04;5822;3512;790509;629171;73.2;58.3
06;2021-08-05;6741;4465;797250;633636;73.9;58.7
06;2021-08-06;6096;6120;803346;639756;74.4;59.3
06;2021-08-07;2324;2471;805670;642227;74.6;59.5
06;2021-08-08;612;631;806282;642858;74.7;59.6
06;2021-08-09;4843;6025;811125;648883;75.1;60.1
06;2021-08-10;5499;6913;816624;655796;75.7;60.8
06;2021-08-11;4425;6211;821049;662007;76.1;61.3
06;2021-08-12;4687;6744;825736;668751;76.5;62.0
06;2021-08-13;3833;6452;829569;675203;76.9;62.6
06;2021-08-14;1568;2281;831137;677484;77.0;62.8
06;2021-08-15;409;637;831546;678121;77.0;62.8
06;2021-08-16;3217;6893;834763;685014;77.3;63.5
06;2021-08-17;3806;7773;838569;692787;77.7;64.2
06;2021-08-18;2977;6412;841546;699199;78.0;64.8
06;2021-08-19;3967;8119;845513;707318;78.3;65.5
06;2021-08-20;3216;6517;848729;713835;78.6;66.1
06;2021-08-21;1818;3590;850547;717425;78.8;66.5
06;2021-08-22;368;707;850915;718132;78.8;66.5
06;2021-08-23;2422;6527;853337;724659;79.1;67.1
06;2021-08-24;2801;6468;856138;731127;79.3;67.7
06;2021-08-25;2551;5670;858689;736797;79.6;68.3
06;2021-08-26;2644;6875;861333;743672;79.8;68.9
06;2021-08-27;2450;7082;863783;750754;80.0;69.6
06;2021-08-28;1281;3331;865064;754085;80.1;69.9
06;2021-08-29;288;824;865352;754909;80.2;69.9
06;2021-08-30;2367;6373;867719;761282;80.4;70.5
06;2021-08-31;2697;7134;870416;768416;80.6;71.2
06;2021-09-01;2236;5809;872652;774225;80.8;71.7
06;2021-09-02;2391;6427;875043;780652;81.1;72.3
06;2021-09-03;2090;6877;877133;787529;81.3;73.0
06;2021-09-04;1325;3649;878458;791178;81.4;73.3
06;2021-09-05;264;526;878722;791704;81.4;73.3
06;2021-09-06;1371;4891;880093;796595;81.5;73.8
06;2021-09-07;1573;5256;881666;801851;81.7;74.3
06;2021-09-08;1523;4458;883189;806309;81.8;74.7
06;2021-09-09;1377;4150;884566;810459;82.0;75.1
06;2021-09-10;1734;4213;886300;814672;82.1;75.5
06;2021-09-11;1037;2420;887337;817092;82.2;75.7
06;2021-09-12;137;335;887474;817427;82.2;75.7
06;2021-09-13;1223;3424;888697;820851;82.3;76.0
07;2020-12-27;0;0;0;0;0.0;0.0
07;2020-12-28;0;0;0;0;0.0;0.0
07;2020-12-29;0;0;0;0;0.0;0.0
07;2020-12-30;0;0;0;0;0.0;0.0
07;2020-12-31;0;0;0;0;0.0;0.0
07;2021-01-01;7;0;7;0;0.0;0.0
07;2021-01-02;0;0;7;0;0.0;0.0
07;2021-01-03;0;0;7;0;0.0;0.0
07;2021-01-04;0;0;7;0;0.0;0.0
07;2021-01-05;0;0;7;0;0.0;0.0
07;2021-01-06;31;0;38;0;0.0;0.0
07;2021-01-07;130;1;168;1;0.1;0.0
07;2021-01-08;45;1;213;2;0.1;0.0
07;2021-01-09;17;0;230;2;0.1;0.0
07;2021-01-10;0;0;230;2;0.1;0.0
07;2021-01-11;157;1;387;3;0.1;0.0
07;2021-01-12;310;0;697;3;0.2;0.0
07;2021-01-13;309;1;1006;4;0.3;0.0
07;2021-01-14;476;0;1482;4;0.5;0.0
07;2021-01-15;188;0;1670;4;0.5;0.0
07;2021-01-16;17;0;1687;4;0.5;0.0
07;2021-01-17;2;0;1689;4;0.5;0.0
07;2021-01-18;364;4;2053;8;0.6;0.0
07;2021-01-19;831;2;2884;10;0.9;0.0
07;2021-01-20;605;2;3489;12;1.1;0.0
07;2021-01-21;452;3;3941;15;1.2;0.0
07;2021-01-22;291;0;4232;15;1.3;0.0
07;2021-01-23;107;0;4339;15;1.3;0.0
07;2021-01-24;0;0;4339;15;1.3;0.0
07;2021-01-25;164;0;4503;15;1.4;0.0
07;2021-01-26;491;4;4994;19;1.5;0.0
07;2021-01-27;556;8;5550;27;1.7;0.0
07;2021-01-28;1207;101;6757;128;2.1;0.0
07;2021-01-29;707;17;7464;145;2.3;0.0
07;2021-01-30;213;4;7677;149;2.3;0.0
07;2021-01-31;7;0;7684;149;2.4;0.0
07;2021-02-01;267;17;7951;166;2.4;0.1
07;2021-02-02;664;200;8615;366;2.6;0.1
07;2021-02-03;1046;176;9661;542;3.0;0.2
07;2021-02-04;722;249;10383;791;3.2;0.2
07;2021-02-05;484;242;10867;1033;3.3;0.3
07;2021-02-06;98;3;10965;1036;3.4;0.3
07;2021-02-07;12;1;10977;1037;3.4;0.3
07;2021-02-08;239;143;11216;1180;3.4;0.4
07;2021-02-09;488;306;11704;1486;3.6;0.5
07;2021-02-10;538;367;12242;1853;3.7;0.6
07;2021-02-11;400;249;12642;2102;3.9;0.6
07;2021-02-12;267;148;12909;2250;3.9;0.7
07;2021-02-13;69;16;12978;2266;4.0;0.7
07;2021-02-14;0;0;12978;2266;4.0;0.7
07;2021-02-15;270;106;13248;2372;4.1;0.7
07;2021-02-16;348;313;13596;2685;4.2;0.8
07;2021-02-17;466;289;14062;2974;4.3;0.9
07;2021-02-18;562;727;14624;3701;4.5;1.1
07;2021-02-19;457;478;15081;4179;4.6;1.3
07;2021-02-20;109;58;15190;4237;4.6;1.3
07;2021-02-21;15;0;15205;4237;4.7;1.3
07;2021-02-22;425;185;15630;4422;4.8;1.4
07;2021-02-23;646;586;16276;5008;5.0;1.5
07;2021-02-24;928;663;17204;5671;5.3;1.7
07;2021-02-25;710;480;17914;6151;5.5;1.9
07;2021-02-26;845;246;18759;6397;5.7;2.0
07;2021-02-27;190;139;18949;6536;5.8;2.0
07;2021-02-28;1;0;18950;6536;5.8;2.0
07;2021-03-01;438;183;19388;6719;5.9;2.1
07;2021-03-02;655;525;20043;7244;6.1;2.2
07;2021-03-03;693;490;20736;7734;6.3;2.4
07;2021-03-04;1100;319;21836;8053;6.7;2.5
07;2021-03-05;1084;346;22920;8399;7.0;2.6
07;2021-03-06;1125;97;24045;8496;7.4;2.6
07;2021-03-07;717;20;24762;8516;7.6;2.6
07;2021-03-08;352;287;25114;8803;7.7;2.7
07;2021-03-09;1088;400;26202;9203;8.0;2.8
07;2021-03-10;867;502;27069;9705;8.3;3.0
07;2021-03-11;1373;451;28442;10156;8.7;3.1
07;2021-03-12;1618;551;30060;10707;9.2;3.3
07;2021-03-13;682;93;30742;10800;9.4;3.3
07;2021-03-14;4;0;30746;10800;9.4;3.3
07;2021-03-15;527;281;31273;11081;9.6;3.4
07;2021-03-16;1209;481;32482;11562;9.9;3.5
07;2021-03-17;1188;769;33670;12331;10.3;3.8
07;2021-03-18;1219;407;34889;12738;10.7;3.9
07;2021-03-19;1268;422;36157;13160;11.1;4.0
07;2021-03-20;467;107;36624;13267;11.2;4.1
07;2021-03-21;3;1;36627;13268;11.2;4.1
07;2021-03-22;790;531;37417;13799;11.4;4.2
07;2021-03-23;1518;714;38935;14513;11.9;4.4
07;2021-03-24;1278;661;40213;15174;12.3;4.6
07;2021-03-25;1852;513;42065;15687;12.9;4.8
07;2021-03-26;1834;439;43899;16126;13.4;4.9
07;2021-03-27;385;100;44284;16226;13.5;5.0
07;2021-03-28;6;1;44290;16227;13.5;5.0
07;2021-03-29;789;356;45079;16583;13.8;5.1
07;2021-03-30;1526;506;46605;17089;14.3;5.2
07;2021-03-31;1660;507;48265;17596;14.8;5.4
07;2021-04-01;1588;661;49853;18257;15.3;5.6
07;2021-04-02;1523;439;51376;18696;15.7;5.7
07;2021-04-03;230;106;51606;18802;15.8;5.8
07;2021-04-04;3;1;51609;18803;15.8;5.8
07;2021-04-05;0;66;51609;18869;15.8;5.8
07;2021-04-06;1160;759;52769;19628;16.1;6.0
07;2021-04-07;1317;900;54086;20528;16.5;6.3
07;2021-04-08;1969;1176;56055;21704;17.1;6.6
07;2021-04-09;2425;567;58480;22271;17.9;6.8
07;2021-04-10;808;162;59288;22433;18.1;6.9
07;2021-04-11;339;12;59627;22445;18.2;6.9
07;2021-04-12;1287;596;60914;23041;18.6;7.0
07;2021-04-13;1768;1336;62682;24377;19.2;7.5
07;2021-04-14;1678;1009;64360;25386;19.7;7.8
07;2021-04-15;1443;844;65803;26230;20.1;8.0
07;2021-04-16;1505;907;67308;27137;20.6;8.3
07;2021-04-17;870;216;68178;27353;20.9;8.4
07;2021-04-18;701;38;68879;27391;21.1;8.4
07;2021-04-19;1161;574;70040;27965;21.4;8.6
07;2021-04-20;1441;1318;71481;29283;21.9;9.0
07;2021-04-21;1718;917;73199;30200;22.4;9.2
07;2021-04-22;1817;965;75016;31165;22.9;9.5
07;2021-04-23;1411;969;76427;32134;23.4;9.8
07;2021-04-24;962;252;77389;32386;23.7;9.9
07;2021-04-25;717;69;78106;32455;23.9;9.9
07;2021-04-26;1138;677;79244;33132;24.2;10.1
07;2021-04-27;1396;1565;80640;34697;24.7;10.6
07;2021-04-28;1636;1755;82276;36452;25.2;11.2
07;2021-04-29;1938;1531;84214;37983;25.8;11.6
07;2021-04-30;1661;1479;85875;39462;26.3;12.1
07;2021-05-01;960;118;86835;39580;26.6;12.1
07;2021-05-02;844;155;87679;39735;26.8;12.2
07;2021-05-03;1280;434;88959;40169;27.2;12.3
07;2021-05-04;2171;1566;91130;41735;27.9;12.8
07;2021-05-05;1745;1385;92875;43120;28.4;13.2
07;2021-05-06;2105;1587;94980;44707;29.1;13.7
07;2021-05-07;1597;1554;96577;46261;29.5;14.2
07;2021-05-08;1229;403;97806;46664;29.9;14.3
07;2021-05-09;1030;327;98836;46991;30.2;14.4
07;2021-05-10;1406;1176;100242;48167;30.7;14.7
07;2021-05-11;2472;1695;102714;49862;31.4;15.3
07;2021-05-12;2165;1277;104879;51139;32.1;15.6
07;2021-05-13;1712;273;106591;51412;32.6;15.7
07;2021-05-14;1735;996;108326;52408;33.1;16.0
07;2021-05-15;1627;500;109953;52908;33.6;16.2
07;2021-05-16;1444;213;111397;53121;34.1;16.3
07;2021-05-17;1772;857;113169;53978;34.6;16.5
07;2021-05-18;2296;1303;115465;55281;35.3;16.9
07;2021-05-19;2375;999;117840;56280;36.1;17.2
07;2021-05-20;2165;1309;120005;57589;36.7;17.6
07;2021-05-21;1758;1312;121763;58901;37.3;18.0
07;2021-05-22;935;542;122698;59443;37.5;18.2
07;2021-05-23;857;157;123555;59600;37.8;18.2
07;2021-05-24;1650;339;125205;59939;38.3;18.3
07;2021-05-25;2185;1476;127390;61415;39.0;18.8
07;2021-05-26;1529;1380;128919;62795;39.4;19.2
07;2021-05-27;2018;1412;130937;64207;40.1;19.6
07;2021-05-28;1770;2078;132707;66285;40.6;20.3
07;2021-05-29;943;682;133650;66967;40.9;20.5
07;2021-05-30;622;570;134272;67537;41.1;20.7
07;2021-05-31;1133;1281;135405;68818;41.4;21.1
07;2021-06-01;2153;2001;137558;70819;42.1;21.7
07;2021-06-02;1530;1653;139088;72472;42.6;22.2
07;2021-06-03;1712;1254;140800;73726;43.1;22.6
07;2021-06-04;1676;1594;142476;75320;43.6;23.0
07;2021-06-05;987;955;143463;76275;43.9;23.3
07;2021-06-06;598;624;144061;76899;44.1;23.5
07;2021-06-07;962;1193;145023;78092;44.4;23.9
07;2021-06-08;1549;1771;146572;79863;44.8;24.4
07;2021-06-09;1030;1418;147602;81281;45.2;24.9
07;2021-06-10;788;1389;148390;82670;45.4;25.3
07;2021-06-11;1154;2032;149544;84702;45.7;25.9
07;2021-06-12;643;1217;150187;85919;45.9;26.3
07;2021-06-13;395;444;150582;86363;46.1;26.4
07;2021-06-14;566;1959;151148;88322;46.2;27.0
07;2021-06-15;936;2551;152084;90873;46.5;27.8
07;2021-06-16;1024;1852;153108;92725;46.8;28.4
07;2021-06-17;885;1950;153993;94675;47.1;29.0
07;2021-06-18;872;2282;154865;96957;47.4;29.7
07;2021-06-19;603;1453;155468;98410;47.6;30.1
07;2021-06-20;369;727;155837;99137;47.7;30.3
07;2021-06-21;517;2144;156354;101281;47.8;31.0
07;2021-06-22;655;2661;157009;103942;48.0;31.8
07;2021-06-23;680;1961;157689;105903;48.2;32.4
07;2021-06-24;646;1849;158335;107752;48.4;33.0
07;2021-06-25;701;2177;159036;109929;48.7;33.6
07;2021-06-26;362;1431;159398;111360;48.8;34.1
07;2021-06-27;285;1073;159683;112433;48.9;34.4
07;2021-06-28;506;2241;160189;114674;49.0;35.1
07;2021-06-29;540;2986;160729;117660;49.2;36.0
07;2021-06-30;822;2281;161551;119941;49.4;36.7
07;2021-07-01;776;1952;162327;121893;49.7;37.3
07;2021-07-02;882;2296;163209;124189;49.9;38.0
07;2021-07-03;421;1139;163630;125328;50.1;38.3
07;2021-07-04;211;852;163841;126180;50.1;38.6
07;2021-07-05;670;1686;164511;127866;50.3;39.1
07;2021-07-06;880;2632;165391;130498;50.6;39.9
07;2021-07-07;970;1947;166361;132445;50.9;40.5
07;2021-07-08;928;1960;167289;134405;51.2;41.1
07;2021-07-09;996;2262;168285;136667;51.5;41.8
07;2021-07-10;598;1101;168883;137768;51.7;42.1
07;2021-07-11;239;614;169122;138382;51.7;42.3
07;2021-07-12;809;1769;169931;140151;52.0;42.9
07;2021-07-13;1771;3175;171702;143326;52.5;43.8
07;2021-07-14;167;133;171869;143459;52.6;43.9
07;2021-07-15;1961;2464;173830;145923;53.2;44.6
07;2021-07-16;2055;1986;175885;147909;53.8;45.2
07;2021-07-17;1484;1250;177369;149159;54.3;45.6
07;2021-07-18;771;480;178140;149639;54.5;45.8
07;2021-07-19;1514;1686;179654;151325;55.0;46.3
07;2021-07-20;2522;2683;182176;154008;55.7;47.1
07;2021-07-21;1856;1915;184032;155923;56.3;47.7
07;2021-07-22;1919;1373;185951;157296;56.9;48.1
07;2021-07-23;2267;1687;188218;158983;57.6;48.6
07;2021-07-24;1642;1111;189860;160094;58.1;49.0
07;2021-07-25;34;22;189894;160116;58.1;49.0
07;2021-07-26;2197;1539;192091;161655;58.8;49.5
07;2021-07-27;3014;1913;195105;163568;59.7;50.0
07;2021-07-28;1644;1307;196749;164875;60.2;50.4
07;2021-07-29;2541;1274;199290;166149;61.0;50.8
07;2021-07-30;1356;1417;200646;167566;61.4;51.3
07;2021-07-31;1506;922;202152;168488;61.8;51.5
07;2021-08-01;74;26;202226;168514;61.9;51.6
07;2021-08-02;1514;1133;203740;169647;62.3;51.9
07;2021-08-03;2417;1913;206157;171560;63.1;52.5
07;2021-08-04;1947;1031;208104;172591;63.7;52.8
07;2021-08-05;1892;1294;209996;173885;64.2;53.2
07;2021-08-06;2032;1709;212028;175594;64.9;53.7
07;2021-08-07;999;554;213027;176148;65.2;53.9
07;2021-08-08;12;23;213039;176171;65.2;53.9
07;2021-08-09;1258;1383;214297;177554;65.6;54.3
07;2021-08-10;1602;2260;215899;179814;66.0;55.0
07;2021-08-11;1399;1600;217298;181414;66.5;55.5
07;2021-08-12;1104;1483;218402;182897;66.8;56.0
07;2021-08-13;1180;1787;219582;184684;67.2;56.5
07;2021-08-14;512;765;220094;185449;67.3;56.7
07;2021-08-15;9;28;220103;185477;67.3;56.7
07;2021-08-16;755;1328;220858;186805;67.6;57.1
07;2021-08-17;1333;2278;222191;189083;68.0;57.8
07;2021-08-18;873;1514;223064;190597;68.2;58.3
07;2021-08-19;1146;1696;224210;192293;68.6;58.8
07;2021-08-20;899;2086;225109;194379;68.9;59.5
07;2021-08-21;365;549;225474;194928;69.0;59.6
07;2021-08-22;7;23;225481;194951;69.0;59.6
07;2021-08-23;467;1306;225948;196257;69.1;60.0
07;2021-08-24;1122;2308;227070;198565;69.5;60.7
07;2021-08-25;683;1834;227753;200399;69.7;61.3
07;2021-08-26;683;2017;228436;202416;69.9;61.9
07;2021-08-27;779;1820;229215;204236;70.1;62.5
07;2021-08-28;335;607;229550;204843;70.2;62.7
07;2021-08-29;1;33;229551;204876;70.2;62.7
07;2021-08-30;425;1323;229976;206199;70.4;63.1
07;2021-08-31;1091;2281;231067;208480;70.7;63.8
07;2021-09-01;535;1395;231602;209875;70.9;64.2
07;2021-09-02;602;1541;232204;211416;71.0;64.7
07;2021-09-03;735;1889;232939;213305;71.3;65.3
07;2021-09-04;308;716;233247;214021;71.4;65.5
07;2021-09-05;26;26;233273;214047;71.4;65.5
07;2021-09-06;401;1028;233674;215075;71.5;65.8
07;2021-09-07;514;1462;234188;216537;71.6;66.2
07;2021-09-08;439;1161;234627;217698;71.8;66.6
07;2021-09-09;476;1051;235103;218749;71.9;66.9
07;2021-09-10;517;1414;235620;220163;72.1;67.4
07;2021-09-11;167;660;235787;220823;72.1;67.6
07;2021-09-12;0;9;235787;220832;72.1;67.6
07;2021-09-13;342;614;236129;221446;72.2;67.7
08;2020-12-27;1;0;1;0;0.0;0.0
08;2020-12-28;0;0;1;0;0.0;0.0
08;2020-12-29;0;0;1;0;0.0;0.0
08;2020-12-30;0;0;1;0;0.0;0.0
08;2020-12-31;0;0;1;0;0.0;0.0
08;2021-01-01;0;0;1;0;0.0;0.0
08;2021-01-02;0;0;1;0;0.0;0.0
08;2021-01-03;2;0;3;0;0.0;0.0
08;2021-01-04;24;0;27;0;0.0;0.0
08;2021-01-05;1;0;28;0;0.0;0.0
08;2021-01-06;0;0;28;0;0.0;0.0
08;2021-01-07;188;0;216;0;0.1;0.0
08;2021-01-08;315;0;531;0;0.2;0.0
08;2021-01-09;113;0;644;0;0.2;0.0
08;2021-01-10;1;0;645;0;0.2;0.0
08;2021-01-11;67;0;712;0;0.3;0.0
08;2021-01-12;157;0;869;0;0.3;0.0
08;2021-01-13;480;1;1349;1;0.5;0.0
08;2021-01-14;537;9;1886;10;0.7;0.0
08;2021-01-15;287;2;2173;12;0.8;0.0
08;2021-01-16;107;0;2280;12;0.9;0.0
08;2021-01-17;2;0;2282;12;0.9;0.0
08;2021-01-18;371;2;2653;14;1.0;0.0
08;2021-01-19;873;1;3526;15;1.3;0.0
08;2021-01-20;910;4;4436;19;1.7;0.0
08;2021-01-21;743;1;5179;20;2.0;0.0
08;2021-01-22;677;1;5856;21;2.2;0.0
08;2021-01-23;237;0;6093;21;2.3;0.0
08;2021-01-24;0;0;6093;21;2.3;0.0
08;2021-01-25;209;0;6302;21;2.4;0.0
08;2021-01-26;303;1;6605;22;2.5;0.0
08;2021-01-27;410;1;7015;23;2.6;0.0
08;2021-01-28;565;176;7580;199;2.9;0.1
08;2021-01-29;588;174;8168;373;3.1;0.1
08;2021-01-30;222;59;8390;432;3.2;0.2
08;2021-01-31;0;0;8390;432;3.2;0.2
08;2021-02-01;80;43;8470;475;3.2;0.2
08;2021-02-02;192;162;8662;637;3.3;0.2
08;2021-02-03;141;162;8803;799;3.3;0.3
08;2021-02-04;309;275;9112;1074;3.4;0.4
08;2021-02-05;499;343;9611;1417;3.6;0.5
08;2021-02-06;149;67;9760;1484;3.7;0.6
08;2021-02-07;8;0;9768;1484;3.7;0.6
08;2021-02-08;40;156;9808;1640;3.7;0.6
08;2021-02-09;220;615;10028;2255;3.8;0.8
08;2021-02-10;334;590;10362;2845;3.9;1.1
08;2021-02-11;466;322;10828;3167;4.1;1.2
08;2021-02-12;676;342;11504;3509;4.3;1.3
08;2021-02-13;140;91;11644;3600;4.4;1.4
08;2021-02-14;3;60;11647;3660;4.4;1.4
08;2021-02-15;227;169;11874;3829;4.5;1.4
08;2021-02-16;130;311;12004;4140;4.5;1.6
08;2021-02-17;112;318;12116;4458;4.6;1.7
08;2021-02-18;215;421;12331;4879;4.6;1.8
08;2021-02-19;305;339;12636;5218;4.8;2.0
08;2021-02-20;7;188;12643;5406;4.8;2.0
08;2021-02-21;0;0;12643;5406;4.8;2.0
08;2021-02-22;131;149;12774;5555;4.8;2.1
08;2021-02-23;150;265;12924;5820;4.9;2.2
08;2021-02-24;163;337;13087;6157;4.9;2.3
08;2021-02-25;500;444;13587;6601;5.1;2.5
08;2021-02-26;603;540;14190;7141;5.3;2.7
08;2021-02-27;318;176;14508;7317;5.5;2.8
08;2021-02-28;19;1;14527;7318;5.5;2.8
08;2021-03-01;200;94;14727;7412;5.5;2.8
08;2021-03-02;654;259;15381;7671;5.8;2.9
08;2021-03-03;897;183;16278;7854;6.1;3.0
08;2021-03-04;734;292;17012;8146;6.4;3.1
08;2021-03-05;1022;478;18034;8624;6.8;3.2
08;2021-03-06;695;138;18729;8762;7.1;3.3
08;2021-03-07;75;2;18804;8764;7.1;3.3
08;2021-03-08;217;122;19021;8886;7.2;3.3
08;2021-03-09;688;148;19709;9034;7.4;3.4
08;2021-03-10;1038;113;20747;9147;7.8;3.4
08;2021-03-11;982;235;21729;9382;8.2;3.5
08;2021-03-12;1631;507;23360;9889;8.8;3.7
08;2021-03-13;798;121;24158;10010;9.1;3.8
08;2021-03-14;22;0;24180;10010;9.1;3.8
08;2021-03-15;291;72;24471;10082;9.2;3.8
08;2021-03-16;563;38;25034;10120;9.4;3.8
08;2021-03-17;804;64;25838;10184;9.7;3.8
08;2021-03-18;816;157;26654;10341;10.0;3.9
08;2021-03-19;1135;278;27789;10619;10.5;4.0
08;2021-03-20;511;16;28300;10635;10.7;4.0
08;2021-03-21;13;1;28313;10636;10.7;4.0
08;2021-03-22;367;45;28680;10681;10.8;4.0
08;2021-03-23;733;63;29413;10744;11.1;4.0
08;2021-03-24;1327;69;30740;10813;11.6;4.1
08;2021-03-25;1905;96;32645;10909;12.3;4.1
08;2021-03-26;2570;170;35215;11079;13.3;4.2
08;2021-03-27;898;123;36113;11202;13.6;4.2
08;2021-03-28;228;6;36341;11208;13.7;4.2
08;2021-03-29;261;183;36602;11391;13.8;4.3
08;2021-03-30;832;482;37434;11873;14.1;4.5
08;2021-03-31;852;530;38286;12403;14.4;4.7
08;2021-04-01;1685;445;39971;12848;15.1;4.8
08;2021-04-02;1499;514;41470;13362;15.6;5.0
08;2021-04-03;1329;203;42799;13565;16.1;5.1
08;2021-04-04;134;4;42933;13569;16.2;5.1
08;2021-04-05;17;0;42950;13569;16.2;5.1
08;2021-04-06;703;481;43653;14050;16.4;5.3
08;2021-04-07;910;701;44563;14751;16.8;5.6
08;2021-04-08;1743;521;46306;15272;17.4;5.8
08;2021-04-09;2348;728;48654;16000;18.3;6.0
08;2021-04-10;1448;226;50102;16226;18.9;6.1
08;2021-04-11;10;6;50112;16232;18.9;6.1
08;2021-04-12;671;211;50783;16443;19.1;6.2
08;2021-04-13;1310;610;52093;17053;19.6;6.4
08;2021-04-14;1280;867;53373;17920;20.1;6.7
08;2021-04-15;1606;805;54979;18725;20.7;7.1
08;2021-04-16;1873;880;56852;19605;21.4;7.4
08;2021-04-17;1112;402;57964;20007;21.8;7.5
08;2021-04-18;23;14;57987;20021;21.8;7.5
08;2021-04-19;1151;298;59138;20319;22.3;7.7
08;2021-04-20;1120;542;60258;20861;22.7;7.9
08;2021-04-21;1139;744;61397;21605;23.1;8.1
08;2021-04-22;1327;879;62724;22484;23.6;8.5
08;2021-04-23;1676;1171;64400;23655;24.3;8.9
08;2021-04-24;1325;646;65725;24301;24.8;9.2
08;2021-04-25;26;198;65751;24499;24.8;9.2
08;2021-04-26;1040;156;66791;24655;25.2;9.3
08;2021-04-27;1338;592;68129;25247;25.7;9.5
08;2021-04-28;1453;667;69582;25914;26.2;9.8
08;2021-04-29;1173;1305;70755;27219;26.6;10.3
08;2021-04-30;1769;1609;72524;28828;27.3;10.9
08;2021-05-01;1049;493;73573;29321;27.7;11.0
08;2021-05-02;627;183;74200;29504;27.9;11.1
08;2021-05-03;1169;372;75369;29876;28.4;11.3
08;2021-05-04;1328;873;76697;30749;28.9;11.6
08;2021-05-05;1567;1335;78264;32084;29.5;12.1
08;2021-05-06;1971;1650;80235;33734;30.2;12.7
08;2021-05-07;1861;2097;82096;35831;30.9;13.5
08;2021-05-08;923;767;83019;36598;31.3;13.8
08;2021-05-09;443;71;83462;36669;31.4;13.8
08;2021-05-10;1192;657;84654;37326;31.9;14.1
08;2021-05-11;1910;940;86564;38266;32.6;14.4
08;2021-05-12;1810;1239;88374;39505;33.3;14.9
08;2021-05-13;1306;616;89680;40121;33.8;15.1
08;2021-05-14;2535;1036;92215;41157;34.7;15.5
08;2021-05-15;1821;712;94036;41869;35.4;15.8
08;2021-05-16;820;102;94856;41971;35.7;15.8
08;2021-05-17;700;905;95556;42876;36.0;16.1
08;2021-05-18;1251;838;96807;43714;36.5;16.5
08;2021-05-19;1610;960;98417;44674;37.1;16.8
08;2021-05-20;2147;955;100564;45629;37.9;17.2
08;2021-05-21;2338;1273;102902;46902;38.8;17.7
08;2021-05-22;1817;762;104719;47664;39.4;18.0
08;2021-05-23;864;90;105583;47754;39.8;18.0
08;2021-05-24;716;106;106299;47860;40.0;18.0
08;2021-05-25;1456;669;107755;48529;40.6;18.3
08;2021-05-26;1526;1008;109281;49537;41.2;18.7
08;2021-05-27;2005;1143;111286;50680;41.9;19.1
08;2021-05-28;1973;1813;113259;52493;42.7;19.8
08;2021-05-29;1768;960;115027;53453;43.3;20.1
08;2021-05-30;836;102;115863;53555;43.6;20.2
08;2021-05-31;755;569;116618;54124;43.9;20.4
08;2021-06-01;1350;876;117968;55000;44.4;20.7
08;2021-06-02;1295;1192;119263;56192;44.9;21.2
08;2021-06-03;1386;1521;120649;57713;45.4;21.7
08;2021-06-04;1777;2418;122426;60131;46.1;22.6
08;2021-06-05;1177;1379;123603;61510;46.5;23.2
08;2021-06-06;907;106;124510;61616;46.9;23.2
08;2021-06-07;661;1174;125171;62790;47.1;23.6
08;2021-06-08;931;1496;126102;64286;47.5;24.2
08;2021-06-09;841;1386;126943;65672;47.8;24.7
08;2021-06-10;1718;1561;128661;67233;48.5;25.3
08;2021-06-11;1721;2206;130382;69439;49.1;26.2
08;2021-06-12;1418;1526;131800;70965;49.6;26.7
08;2021-06-13;386;598;132186;71563;49.8;27.0
08;2021-06-14;380;1304;132566;72867;49.9;27.4
08;2021-06-15;742;1551;133308;74418;50.2;28.0
08;2021-06-16;809;2052;134117;76470;50.5;28.8
08;2021-06-17;1285;1850;135402;78320;51.0;29.5
08;2021-06-18;1609;2592;137011;80912;51.6;30.5
08;2021-06-19;1325;1405;138336;82317;52.1;31.0
08;2021-06-20;117;422;138453;82739;52.1;31.2
08;2021-06-21;494;1397;138947;84136;52.3;31.7
08;2021-06-22;809;2023;139756;86159;52.6;32.4
08;2021-06-23;860;1673;140616;87832;53.0;33.1
08;2021-06-24;1038;1923;141654;89755;53.3;33.8
08;2021-06-25;1084;2729;142738;92484;53.8;34.8
08;2021-06-26;1011;1784;143749;94268;54.1;35.5
08;2021-06-27;351;642;144100;94910;54.3;35.7
08;2021-06-28;397;1324;144497;96234;54.4;36.2
08;2021-06-29;628;1472;145125;97706;54.7;36.8
08;2021-06-30;856;1689;145981;99395;55.0;37.4
08;2021-07-01;887;2194;146868;101589;55.3;38.3
08;2021-07-02;939;2642;147807;104231;55.7;39.3
08;2021-07-03;784;2145;148591;106376;56.0;40.1
08;2021-07-04;128;861;148719;107237;56.0;40.4
08;2021-07-05;104;1195;148823;108432;56.0;40.8
08;2021-07-06;425;1834;149248;110266;56.2;41.5
08;2021-07-07;364;1781;149612;112047;56.3;42.2
08;2021-07-08;717;2016;150329;114063;56.6;43.0
08;2021-07-09;734;2434;151063;116497;56.9;43.9
08;2021-07-10;653;1998;151716;118495;57.1;44.6
08;2021-07-11;238;726;151954;119221;57.2;44.9
08;2021-07-12;312;1192;152266;120413;57.3;45.3
08;2021-07-13;946;1787;153212;122200;57.7;46.0
08;2021-07-14;178;329;153390;122529;57.8;46.1
08;2021-07-15;760;2448;154150;124977;58.1;47.1
08;2021-07-16;1084;2404;155234;127381;58.5;48.0
08;2021-07-17;993;2107;156227;129488;58.8;48.8
08;2021-07-18;346;741;156573;130229;59.0;49.0
08;2021-07-19;457;918;157030;131147;59.1;49.4
08;2021-07-20;878;1435;157908;132582;59.5;49.9
08;2021-07-21;1235;1716;159143;134298;59.9;50.6
08;2021-07-22;1151;2168;160294;136466;60.4;51.4
08;2021-07-23;1586;2441;161880;138907;61.0;52.3
08;2021-07-24;1310;1921;163190;140828;61.5;53.0
08;2021-07-25;774;445;163964;141273;61.7;53.2
08;2021-07-26;1323;843;165287;142116;62.2;53.5
08;2021-07-27;2188;1405;167475;143521;63.1;54.1
08;2021-07-28;2414;1452;169889;144973;64.0;54.6
08;2021-07-29;2605;1346;172494;146319;65.0;55.1
08;2021-07-30;2601;1588;175095;147907;65.9;55.7
08;2021-07-31;1974;1076;177069;148983;66.7;56.1
08;2021-08-01;935;300;178004;149283;67.0;56.2
08;2021-08-02;1255;682;179259;149965;67.5;56.5
08;2021-08-03;1633;822;180892;150787;68.1;56.8
08;2021-08-04;1493;664;182385;151451;68.7;57.0
08;2021-08-05;1905;976;184290;152427;69.4;57.4
08;2021-08-06;2589;1100;186879;153527;70.4;57.8
08;2021-08-07;1673;1162;188552;154689;71.0;58.3
08;2021-08-08;585;373;189137;155062;71.2;58.4
08;2021-08-09;672;534;189809;155596;71.5;58.6
08;2021-08-10;880;750;190689;156346;71.8;58.9
08;2021-08-11;524;791;191213;157137;72.0;59.2
08;2021-08-12;1161;1079;192374;158216;72.4;59.6
08;2021-08-13;1157;1012;193531;159228;72.9;60.0
08;2021-08-14;587;912;194118;160140;73.1;60.3
08;2021-08-15;137;274;194255;160414;73.2;60.4
08;2021-08-16;219;1180;194474;161594;73.2;60.9
08;2021-08-17;514;1210;194988;162804;73.4;61.3
08;2021-08-18;280;1264;195268;164068;73.5;61.8
08;2021-08-19;605;1888;195873;165956;73.8;62.5
08;2021-08-20;685;2178;196558;168134;74.0;63.3
08;2021-08-21;274;1339;196832;169473;74.1;63.8
08;2021-08-22;105;900;196937;170373;74.2;64.2
08;2021-08-23;160;1447;197097;171820;74.2;64.7
08;2021-08-24;361;1753;197458;173573;74.4;65.4
08;2021-08-25;320;1248;197778;174821;74.5;65.8
08;2021-08-26;500;2065;198278;176886;74.7;66.6
08;2021-08-27;449;2324;198727;179210;74.8;67.5
08;2021-08-28;260;1287;198987;180497;74.9;68.0
08;2021-08-29;167;561;199154;181058;75.0;68.2
08;2021-08-30;302;1167;199456;182225;75.1;68.6
08;2021-08-31;360;1284;199816;183509;75.3;69.1
08;2021-09-01;413;1353;200229;184862;75.4;69.6
08;2021-09-02;463;1291;200692;186153;75.6;70.1
08;2021-09-03;462;1692;201154;187845;75.8;70.7
08;2021-09-04;348;1464;201502;189309;75.9;71.3
08;2021-09-05;106;206;201608;189515;75.9;71.4
08;2021-09-06;196;515;201804;190030;76.0;71.6
08;2021-09-07;205;612;202009;190642;76.1;71.8
08;2021-09-08;277;597;202286;191239;76.2;72.0
08;2021-09-09;342;743;202628;191982;76.3;72.3
08;2021-09-10;493;1026;203121;193008;76.5;72.7
08;2021-09-11;384;847;203505;193855;76.6;73.0
08;2021-09-12;52;91;203557;193946;76.7;73.0
08;2021-09-13;373;249;203930;194195;76.8;73.1
09;2020-12-27;0;0;0;0;0.0;0.0
09;2020-12-28;1;0;1;0;0.0;0.0
09;2020-12-29;0;0;1;0;0.0;0.0
09;2020-12-30;0;0;1;0;0.0;0.0
09;2020-12-31;0;0;1;0;0.0;0.0
09;2021-01-01;0;0;1;0;0.0;0.0
09;2021-01-02;0;0;1;0;0.0;0.0
09;2021-01-03;0;0;1;0;0.0;0.0
09;2021-01-04;2;1;3;1;0.0;0.0
09;2021-01-05;0;0;3;1;0.0;0.0
09;2021-01-06;3;0;6;1;0.0;0.0
09;2021-01-07;257;2;263;3;0.2;0.0
09;2021-01-08;228;0;491;3;0.3;0.0
09;2021-01-09;103;0;594;3;0.4;0.0
09;2021-01-10;59;0;653;3;0.4;0.0
09;2021-01-11;175;0;828;3;0.5;0.0
09;2021-01-12;303;0;1131;3;0.7;0.0
09;2021-01-13;196;0;1327;3;0.9;0.0
09;2021-01-14;432;8;1759;11;1.2;0.0
09;2021-01-15;223;1;1982;12;1.3;0.0
09;2021-01-16;192;1;2174;13;1.4;0.0
09;2021-01-17;123;0;2297;13;1.5;0.0
09;2021-01-18;265;1;2562;14;1.7;0.0
09;2021-01-19;256;1;2818;15;1.8;0.0
09;2021-01-20;346;1;3164;16;2.1;0.0
09;2021-01-21;331;1;3495;17;2.3;0.0
09;2021-01-22;329;1;3824;18;2.5;0.0
09;2021-01-23;237;0;4061;18;2.7;0.0
09;2021-01-24;85;1;4146;19;2.7;0.0
09;2021-01-25;206;11;4352;30;2.9;0.0
09;2021-01-26;632;25;4984;55;3.3;0.0
09;2021-01-27;472;45;5456;100;3.6;0.1
09;2021-01-28;286;140;5742;240;3.8;0.2
09;2021-01-29;251;121;5993;361;3.9;0.2
09;2021-01-30;143;50;6136;411;4.0;0.3
09;2021-01-31;56;10;6192;421;4.1;0.3
09;2021-02-01;81;128;6273;549;4.1;0.4
09;2021-02-02;57;277;6330;826;4.2;0.5
09;2021-02-03;87;187;6417;1013;4.2;0.7
09;2021-02-04;49;263;6466;1276;4.2;0.8
09;2021-02-05;90;121;6556;1397;4.3;0.9
09;2021-02-06;68;31;6624;1428;4.3;0.9
09;2021-02-07;6;48;6630;1476;4.4;1.0
09;2021-02-08;22;141;6652;1617;4.4;1.1
09;2021-02-09;55;229;6707;1846;4.4;1.2
09;2021-02-10;14;129;6721;1975;4.4;1.3
09;2021-02-11;6;159;6727;2134;4.4;1.4
09;2021-02-12;148;108;6875;2242;4.5;1.5
09;2021-02-13;7;116;6882;2358;4.5;1.5
09;2021-02-14;0;37;6882;2395;4.5;1.6
09;2021-02-15;75;105;6957;2500;4.6;1.6
09;2021-02-16;227;456;7184;2956;4.7;1.9
09;2021-02-17;83;332;7267;3288;4.8;2.2
09;2021-02-18;87;365;7354;3653;4.8;2.4
09;2021-02-19;63;202;7417;3855;4.9;2.5
09;2021-02-20;59;145;7476;4000;4.9;2.6
09;2021-02-21;0;37;7476;4037;4.9;2.6
09;2021-02-22;127;167;7603;4204;5.0;2.8
09;2021-02-23;161;107;7764;4311;5.1;2.8
09;2021-02-24;74;146;7838;4457;5.1;2.9
09;2021-02-25;211;143;8049;4600;5.3;3.0
09;2021-02-26;162;141;8211;4741;5.4;3.1
09;2021-02-27;65;44;8276;4785;5.4;3.1
09;2021-02-28;44;13;8320;4798;5.5;3.1
09;2021-03-01;247;83;8567;4881;5.6;3.2
09;2021-03-02;282;65;8849;4946;5.8;3.2
09;2021-03-03;252;122;9101;5068;6.0;3.3
09;2021-03-04;413;29;9514;5097;6.2;3.3
09;2021-03-05;331;48;9845;5145;6.5;3.4
09;2021-03-06;397;41;10242;5186;6.7;3.4
09;2021-03-07;124;4;10366;5190;6.8;3.4
09;2021-03-08;380;60;10746;5250;7.1;3.4
09;2021-03-09;437;132;11183;5382;7.3;3.5
09;2021-03-10;562;71;11745;5453;7.7;3.6
09;2021-03-11;695;78;12440;5531;8.2;3.6
09;2021-03-12;660;31;13100;5562;8.6;3.6
09;2021-03-13;385;3;13485;5565;8.8;3.7
09;2021-03-14;120;3;13605;5568;8.9;3.7
09;2021-03-15;467;51;14072;5619;9.2;3.7
09;2021-03-16;370;77;14442;5696;9.5;3.7
09;2021-03-17;399;72;14841;5768;9.7;3.8
09;2021-03-18;454;43;15295;5811;10.0;3.8
09;2021-03-19;525;56;15820;5867;10.4;3.8
09;2021-03-20;314;39;16134;5906;10.6;3.9
09;2021-03-21;105;0;16239;5906;10.7;3.9
09;2021-03-22;424;117;16663;6023;10.9;4.0
09;2021-03-23;567;166;17230;6189;11.3;4.1
09;2021-03-24;711;43;17941;6232;11.8;4.1
09;2021-03-25;869;134;18810;6366;12.3;4.2
09;2021-03-26;751;47;19561;6413;12.8;4.2
09;2021-03-27;622;70;20183;6483;13.2;4.3
09;2021-03-28;132;24;20315;6507;13.3;4.3
09;2021-03-29;498;274;20813;6781;13.7;4.4
09;2021-03-30;729;154;21542;6935;14.1;4.6
09;2021-03-31;803;182;22345;7117;14.7;4.7
09;2021-04-01;734;252;23079;7369;15.1;4.8
09;2021-04-02;694;266;23773;7635;15.6;5.0
09;2021-04-03;771;116;24544;7751;16.1;5.1
09;2021-04-04;122;57;24666;7808;16.2;5.1
09;2021-04-05;237;61;24903;7869;16.3;5.2
09;2021-04-06;1058;390;25961;8259;17.0;5.4
09;2021-04-07;1209;360;27170;8619;17.8;5.7
09;2021-04-08;1470;406;28640;9025;18.8;5.9
09;2021-04-09;1138;416;29778;9441;19.5;6.2
09;2021-04-10;1349;196;31127;9637;20.4;6.3
09;2021-04-11;173;101;31300;9738;20.5;6.4
09;2021-04-12;737;346;32037;10084;21.0;6.6
09;2021-04-13;1047;414;33084;10498;21.7;6.9
09;2021-04-14;1332;509;34416;11007;22.6;7.2
09;2021-04-15;1147;502;35563;11509;23.3;7.6
09;2021-04-16;1032;405;36595;11914;24.0;7.8
09;2021-04-17;1193;356;37788;12270;24.8;8.1
09;2021-04-18;102;96;37890;12366;24.9;8.1
09;2021-04-19;697;406;38587;12772;25.3;8.4
09;2021-04-20;766;531;39353;13303;25.8;8.7
09;2021-04-21;939;589;40292;13892;26.4;9.1
09;2021-04-22;666;605;40958;14497;26.9;9.5
09;2021-04-23;774;430;41732;14927;27.4;9.8
09;2021-04-24;741;671;42473;15598;27.9;10.2
09;2021-04-25;75;112;42548;15710;27.9;10.3
09;2021-04-26;382;529;42930;16239;28.2;10.7
09;2021-04-27;444;719;43374;16958;28.5;11.1
09;2021-04-28;806;794;44180;17752;29.0;11.6
09;2021-04-29;550;776;44730;18528;29.4;12.2
09;2021-04-30;621;722;45351;19250;29.8;12.6
09;2021-05-01;478;455;45829;19705;30.1;12.9
09;2021-05-02;51;100;45880;19805;30.1;13.0
09;2021-05-03;521;662;46401;20467;30.4;13.4
09;2021-05-04;554;1348;46955;21815;30.8;14.3
09;2021-05-05;822;1348;47777;23163;31.4;15.2
09;2021-05-06;849;1032;48626;24195;31.9;15.9
09;2021-05-07;977;822;49603;25017;32.5;16.4
09;2021-05-08;395;461;49998;25478;32.8;16.7
09;2021-05-09;264;84;50262;25562;33.0;16.8
09;2021-05-10;504;966;50766;26528;33.3;17.4
09;2021-05-11;741;1049;51507;27577;33.8;18.1
09;2021-05-12;1535;1402;53042;28979;34.8;19.0
09;2021-05-13;1383;425;54425;29404;35.7;19.3
09;2021-05-14;986;653;55411;30057;36.4;19.7
09;2021-05-15;1236;789;56647;30846;37.2;20.2
09;2021-05-16;296;48;56943;30894;37.4;20.3
09;2021-05-17;873;413;57816;31307;37.9;20.5
09;2021-05-18;1291;395;59107;31702;38.8;20.8
09;2021-05-19;1496;371;60603;32073;39.8;21.0
09;2021-05-20;1380;404;61983;32477;40.7;21.3
09;2021-05-21;1164;496;63147;32973;41.4;21.6
09;2021-05-22;1546;365;64693;33338;42.5;21.9
09;2021-05-23;273;24;64966;33362;42.6;21.9
09;2021-05-24;177;100;65143;33462;42.7;22.0
09;2021-05-25;998;500;66141;33962;43.4;22.3
09;2021-05-26;1285;447;67426;34409;44.2;22.6
09;2021-05-27;966;403;68392;34812;44.9;22.8
09;2021-05-28;958;511;69350;35323;45.5;23.2
09;2021-05-29;1796;600;71146;35923;46.7;23.6
09;2021-05-30;541;197;71687;36120;47.0;23.7
09;2021-05-31;717;592;72404;36712;47.5;24.1
09;2021-06-01;970;638;73374;37350;48.1;24.5
09;2021-06-02;1009;896;74383;38246;48.8;25.1
09;2021-06-03;810;681;75193;38927;49.3;25.5
09;2021-06-04;877;798;76070;39725;49.9;26.1
09;2021-06-05;1320;874;77390;40599;50.8;26.6
09;2021-06-06;304;108;77694;40707;51.0;26.7
09;2021-06-07;623;517;78317;41224;51.4;27.1
09;2021-06-08;823;488;79140;41712;51.9;27.4
09;2021-06-09;805;834;79945;42546;52.5;27.9
09;2021-06-10;642;533;80587;43079;52.9;28.3
09;2021-06-11;831;762;81418;43841;53.4;28.8
09;2021-06-12;636;809;82054;44650;53.8;29.3
09;2021-06-13;94;130;82148;44780;53.9;29.4
09;2021-06-14;630;708;82778;45488;54.3;29.8
09;2021-06-15;823;889;83601;46377;54.9;30.4
09;2021-06-16;627;1079;84228;47456;55.3;31.1
09;2021-06-17;780;853;85008;48309;55.8;31.7
09;2021-06-18;635;1148;85643;49457;56.2;32.5
09;2021-06-19;517;1580;86160;51037;56.5;33.5
09;2021-06-20;8;279;86168;51316;56.5;33.7
09;2021-06-21;473;698;86641;52014;56.9;34.1
09;2021-06-22;463;1066;87104;53080;57.2;34.8
09;2021-06-23;435;1224;87539;54304;57.4;35.6
09;2021-06-24;581;771;88120;55075;57.8;36.1
09;2021-06-25;411;1063;88531;56138;58.1;36.8
09;2021-06-26;443;1087;88974;57225;58.4;37.5
09;2021-06-27;2;275;88976;57500;58.4;37.7
09;2021-06-28;239;1046;89215;58546;58.5;38.4
09;2021-06-29;314;1228;89529;59774;58.7;39.2
09;2021-06-30;457;1491;89986;61265;59.0;40.2
09;2021-07-01;384;1430;90370;62695;59.3;41.1
09;2021-07-02;308;1162;90678;63857;59.5;41.9
09;2021-07-03;210;1619;90888;65476;59.6;43.0
09;2021-07-04;4;254;90892;65730;59.6;43.1
09;2021-07-05;189;713;91081;66443;59.8;43.6
09;2021-07-06;293;1221;91374;67664;60.0;44.4
09;2021-07-07;419;1399;91793;69063;60.2;45.3
09;2021-07-08;325;1058;92118;70121;60.4;46.0
09;2021-07-09;293;1153;92411;71274;60.6;46.8
09;2021-07-10;345;1727;92756;73001;60.9;47.9
09;2021-07-11;147;392;92903;73393;61.0;48.2
09;2021-07-12;187;1074;93090;74467;61.1;48.9
09;2021-07-13;642;1308;93732;75775;61.5;49.7
09;2021-07-14;490;220;94222;75995;61.8;49.9
09;2021-07-15;819;1165;95041;77160;62.4;50.6
09;2021-07-16;610;1189;95651;78349;62.8;51.4
09;2021-07-17;1016;1444;96667;79793;63.4;52.4
09;2021-07-18;302;221;96969;80014;63.6;52.5
09;2021-07-19;483;973;97452;80987;63.9;53.1
09;2021-07-20;830;1260;98282;82247;64.5;54.0
09;2021-07-21;1017;1167;99299;83414;65.2;54.7
09;2021-07-22;847;909;100146;84323;65.7;55.3
09;2021-07-23;724;910;100870;85233;66.2;55.9
09;2021-07-24;928;464;101798;85697;66.8;56.2
09;2021-07-25;560;134;102358;85831;67.2;56.3
09;2021-07-26;647;767;103005;86598;67.6;56.8
09;2021-07-27;1180;948;104185;87546;68.4;57.4
09;2021-07-28;1196;987;105381;88533;69.1;58.1
09;2021-07-29;1042;737;106423;89270;69.8;58.6
09;2021-07-30;780;624;107203;89894;70.3;59.0
09;2021-07-31;1378;417;108581;90311;71.2;59.3
09;2021-08-01;141;125;108722;90436;71.3;59.3
09;2021-08-02;614;478;109336;90914;71.7;59.7
09;2021-08-03;1254;768;110590;91682;72.6;60.2
09;2021-08-04;1398;654;111988;92336;73.5;60.6
09;2021-08-05;998;677;112986;93013;74.1;61.0
09;2021-08-06;1018;639;114004;93652;74.8;61.5
09;2021-08-07;827;429;114831;94081;75.3;61.7
09;2021-08-08;129;131;114960;94212;75.4;61.8
09;2021-08-09;690;648;115650;94860;75.9;62.2
09;2021-08-10;940;694;116590;95554;76.5;62.7
09;2021-08-11;896;866;117486;96420;77.1;63.3
09;2021-08-12;631;730;118117;97150;77.5;63.7
09;2021-08-13;465;645;118582;97795;77.8;64.2
09;2021-08-14;311;828;118893;98623;78.0;64.7
09;2021-08-15;66;138;118959;98761;78.1;64.8
09;2021-08-16;546;619;119505;99380;78.4;65.2
09;2021-08-17;674;776;120179;100156;78.9;65.7
09;2021-08-18;619;930;120798;101086;79.3;66.3
09;2021-08-19;431;722;121229;101808;79.5;66.8
09;2021-08-20;363;749;121592;102557;79.8;67.3
09;2021-08-21;343;1384;121935;103941;80.0;68.2
09;2021-08-22;67;168;122002;104109;80.1;68.3
09;2021-08-23;336;759;122338;104868;80.3;68.8
09;2021-08-24;402;955;122740;105823;80.5;69.4
09;2021-08-25;283;1004;123023;106827;80.7;70.1
09;2021-08-26;315;927;123338;107754;80.9;70.7
09;2021-08-27;223;740;123561;108494;81.1;71.2
09;2021-08-28;256;970;123817;109464;81.2;71.8
09;2021-08-29;15;144;123832;109608;81.3;71.9
09;2021-08-30;275;748;124107;110356;81.4;72.4
09;2021-08-31;316;1148;124423;111504;81.6;73.2
09;2021-09-01;360;977;124783;112481;81.9;73.8
09;2021-09-02;159;602;124942;113083;82.0;74.2
09;2021-09-03;223;879;125165;113962;82.1;74.8
09;2021-09-04;163;536;125328;114498;82.2;75.1
09;2021-09-05;25;104;125353;114602;82.3;75.2
09;2021-09-06;183;653;125536;115255;82.4;75.6
09;2021-09-07;154;694;125690;115949;82.5;76.1
09;2021-09-08;201;918;125891;116867;82.6;76.7
09;2021-09-09;159;555;126050;117422;82.7;77.0
09;2021-09-10;130;474;126180;117896;82.8;77.4
09;2021-09-11;174;506;126354;118402;82.9;77.7
09;2021-09-12;27;80;126381;118482;82.9;77.7
09;2021-09-13;129;524;126510;119006;83.0;78.1
10;2020-12-27;0;0;0;0;0.0;0.0
10;2020-12-28;0;0;0;0;0.0;0.0
10;2020-12-29;0;0;0;0;0.0;0.0
10;2020-12-30;0;0;0;0;0.0;0.0
10;2020-12-31;0;0;0;0;0.0;0.0
10;2021-01-01;0;0;0;0;0.0;0.0
10;2021-01-02;1;0;1;0;0.0;0.0
10;2021-01-03;0;0;1;0;0.0;0.0
10;2021-01-04;0;0;1;0;0.0;0.0
10;2021-01-05;1;0;2;0;0.0;0.0
10;2021-01-06;0;0;2;0;0.0;0.0
10;2021-01-07;84;0;86;0;0.0;0.0
10;2021-01-08;255;0;341;0;0.1;0.0
10;2021-01-09;0;0;341;0;0.1;0.0
10;2021-01-10;0;0;341;0;0.1;0.0
10;2021-01-11;118;0;459;0;0.1;0.0
10;2021-01-12;195;0;654;0;0.2;0.0
10;2021-01-13;313;0;967;0;0.3;0.0
10;2021-01-14;391;7;1358;7;0.4;0.0
10;2021-01-15;359;3;1717;10;0.6;0.0
10;2021-01-16;56;0;1773;10;0.6;0.0
10;2021-01-17;0;0;1773;10;0.6;0.0
10;2021-01-18;702;0;2475;10;0.8;0.0
10;2021-01-19;1391;2;3866;12;1.2;0.0
10;2021-01-20;1079;9;4945;21;1.6;0.0
10;2021-01-21;1152;2;6097;23;2.0;0.0
10;2021-01-22;819;2;6916;25;2.2;0.0
10;2021-01-23;309;0;7225;25;2.3;0.0
10;2021-01-24;0;0;7225;25;2.3;0.0
10;2021-01-25;445;8;7670;33;2.5;0.0
10;2021-01-26;487;17;8157;50;2.6;0.0
10;2021-01-27;459;14;8616;64;2.8;0.0
10;2021-01-28;358;37;8974;101;2.9;0.0
10;2021-01-29;430;170;9404;271;3.0;0.1
10;2021-01-30;30;0;9434;271;3.0;0.1
10;2021-01-31;0;0;9434;271;3.0;0.1
10;2021-02-01;405;119;9839;390;3.2;0.1
10;2021-02-02;182;135;10021;525;3.2;0.2
10;2021-02-03;361;211;10382;736;3.4;0.2
10;2021-02-04;342;234;10724;970;3.5;0.3
10;2021-02-05;327;283;11051;1253;3.6;0.4
10;2021-02-06;3;35;11054;1288;3.6;0.4
10;2021-02-07;0;0;11054;1288;3.6;0.4
10;2021-02-08;190;317;11244;1605;3.6;0.5
10;2021-02-09;486;498;11730;2103;3.8;0.7
10;2021-02-10;667;463;12397;2566;4.0;0.8
10;2021-02-11;781;576;13178;3142;4.3;1.0
10;2021-02-12;580;516;13758;3658;4.4;1.2
10;2021-02-13;37;94;13795;3752;4.5;1.2
10;2021-02-14;0;0;13795;3752;4.5;1.2
10;2021-02-15;142;310;13937;4062;4.5;1.3
10;2021-02-16;116;426;14053;4488;4.5;1.4
10;2021-02-17;129;484;14182;4972;4.6;1.6
10;2021-02-18;216;429;14398;5401;4.6;1.7
10;2021-02-19;188;403;14586;5804;4.7;1.9
10;2021-02-20;24;155;14610;5959;4.7;1.9
10;2021-02-21;0;0;14610;5959;4.7;1.9
10;2021-02-22;77;357;14687;6316;4.7;2.0
10;2021-02-23;76;485;14763;6801;4.8;2.2
10;2021-02-24;113;317;14876;7118;4.8;2.3
10;2021-02-25;324;331;15200;7449;4.9;2.4
10;2021-02-26;351;263;15551;7712;5.0;2.5
10;2021-02-27;275;109;15826;7821;5.1;2.5
10;2021-02-28;0;0;15826;7821;5.1;2.5
10;2021-03-01;257;287;16083;8108;5.2;2.6
10;2021-03-02;435;347;16518;8455;5.3;2.7
10;2021-03-03;454;525;16972;8980;5.5;2.9
10;2021-03-04;636;469;17608;9449;5.7;3.0
10;2021-03-05;677;239;18285;9688;5.9;3.1
10;2021-03-06;950;43;19235;9731;6.2;3.1
10;2021-03-07;769;6;20004;9737;6.5;3.1
10;2021-03-08;502;401;20506;10138;6.6;3.3
10;2021-03-09;673;392;21179;10530;6.8;3.4
10;2021-03-10;660;337;21839;10867;7.0;3.5
10;2021-03-11;1174;232;23013;11099;7.4;3.6
10;2021-03-12;1338;236;24351;11335;7.9;3.7
10;2021-03-13;891;38;25242;11373;8.1;3.7
10;2021-03-14;1381;16;26623;11389;8.6;3.7
10;2021-03-15;821;78;27444;11467;8.9;3.7
10;2021-03-16;688;61;28132;11528;9.1;3.7
10;2021-03-17;831;67;28963;11595;9.3;3.7
10;2021-03-18;885;79;29848;11674;9.6;3.8
10;2021-03-19;951;68;30799;11742;9.9;3.8
10;2021-03-20;552;18;31351;11760;10.1;3.8
10;2021-03-21;1849;42;33200;11802;10.7;3.8
10;2021-03-22;879;73;34079;11875;11.0;3.8
10;2021-03-23;1244;92;35323;11967;11.4;3.9
10;2021-03-24;1311;58;36634;12025;11.8;3.9
10;2021-03-25;1676;227;38310;12252;12.4;4.0
10;2021-03-26;1431;116;39741;12368;12.8;4.0
10;2021-03-27;762;78;40503;12446;13.1;4.0
10;2021-03-28;1221;29;41724;12475;13.5;4.0
10;2021-03-29;648;303;42372;12778;13.7;4.1
10;2021-03-30;927;374;43299;13152;14.0;4.2
10;2021-03-31;617;359;43916;13511;14.2;4.4
10;2021-04-01;884;683;44800;14194;14.5;4.6
10;2021-04-02;1069;587;45869;14781;14.8;4.8
10;2021-04-03;540;602;46409;15383;15.0;5.0
10;2021-04-04;1826;262;48235;15645;15.6;5.0
10;2021-04-05;1843;43;50078;15688;16.2;5.1
10;2021-04-06;514;650;50592;16338;16.3;5.3
10;2021-04-07;590;540;51182;16878;16.5;5.4
10;2021-04-08;1057;607;52239;17485;16.9;5.6
10;2021-04-09;1130;611;53369;18096;17.2;5.8
10;2021-04-10;1770;349;55139;18445;17.8;6.0
10;2021-04-11;55;1220;55194;19665;17.8;6.3
10;2021-04-12;1003;807;56197;20472;18.1;6.6
10;2021-04-13;1506;894;57703;21366;18.6;6.9
10;2021-04-14;820;601;58523;21967;18.9;7.1
10;2021-04-15;1454;891;59977;22858;19.4;7.4
10;2021-04-16;1109;697;61086;23555;19.7;7.6
10;2021-04-17;2391;361;63477;23916;20.5;7.7
10;2021-04-18;1422;1783;64899;25699;20.9;8.3
10;2021-04-19;838;833;65737;26532;21.2;8.6
10;2021-04-20;546;1034;66283;27566;21.4;8.9
10;2021-04-21;636;974;66919;28540;21.6;9.2
10;2021-04-22;932;963;67851;29503;21.9;9.5
10;2021-04-23;2173;776;70024;30279;22.6;9.8
10;2021-04-24;2296;374;72320;30653;23.3;9.9
10;2021-04-25;1991;1215;74311;31868;24.0;10.3
10;2021-04-26;773;621;75084;32489;24.2;10.5
10;2021-04-27;895;536;75979;33025;24.5;10.7
10;2021-04-28;873;404;76852;33429;24.8;10.8
10;2021-04-29;1433;669;78285;34098;25.3;11.0
10;2021-04-30;2173;768;80458;34866;26.0;11.3
10;2021-05-01;1988;2167;82446;37033;26.6;11.9
10;2021-05-02;1948;1897;84394;38930;27.2;12.6
10;2021-05-03;622;447;85016;39377;27.4;12.7
10;2021-05-04;1145;1247;86161;40624;27.8;13.1
10;2021-05-05;1755;1022;87916;41646;28.4;13.4
10;2021-05-06;2257;948;90173;42594;29.1;13.7
10;2021-05-07;2218;1135;92391;43729;29.8;14.1
10;2021-05-08;2272;858;94663;44587;30.5;14.4
10;2021-05-09;2005;100;96668;44687;31.2;14.4
10;2021-05-10;530;1092;97198;45779;31.4;14.8
10;2021-05-11;1052;1026;98250;46805;31.7;15.1
10;2021-05-12;2062;882;100312;47687;32.4;15.4
10;2021-05-13;2180;435;102492;48122;33.1;15.5
10;2021-05-14;2729;673;105221;48795;34.0;15.7
10;2021-05-15;2426;2049;107647;50844;34.7;16.4
10;2021-05-16;2081;1448;109728;52292;35.4;16.9
10;2021-05-17;1451;442;111179;52734;35.9;17.0
10;2021-05-18;2510;640;113689;53374;36.7;17.2
10;2021-05-19;1553;640;115242;54014;37.2;17.4
10;2021-05-20;1892;846;117134;54860;37.8;17.7
10;2021-05-21;2318;618;119452;55478;38.5;17.9
10;2021-05-22;2180;421;121632;55899;39.2;18.0
10;2021-05-23;1817;139;123449;56038;39.8;18.1
10;2021-05-24;1968;177;125417;56215;40.5;18.1
10;2021-05-25;2195;491;127612;56706;41.2;18.3
10;2021-05-26;1677;419;129289;57125;41.7;18.4
10;2021-05-27;1660;755;130949;57880;42.3;18.7
10;2021-05-28;1719;1180;132668;59060;42.8;19.1
10;2021-05-29;2170;643;134838;59703;43.5;19.3
10;2021-05-30;1029;135;135867;59838;43.8;19.3
10;2021-05-31;1040;741;136907;60579;44.2;19.5
10;2021-06-01;1134;885;138041;61464;44.5;19.8
10;2021-06-02;1033;720;139074;62184;44.9;20.1
10;2021-06-03;1473;1067;140547;63251;45.4;20.4
10;2021-06-04;1768;2598;142315;65849;45.9;21.2
10;2021-06-05;1519;2450;143834;68299;46.4;22.0
10;2021-06-06;1005;1876;144839;70175;46.7;22.6
10;2021-06-07;698;1112;145537;71287;47.0;23.0
10;2021-06-08;896;1172;146433;72459;47.3;23.4
10;2021-06-09;877;912;147310;73371;47.5;23.7
10;2021-06-10;678;1070;147988;74441;47.8;24.0
10;2021-06-11;1199;2199;149187;76640;48.1;24.7
10;2021-06-12;855;2387;150042;79027;48.4;25.5
10;2021-06-13;401;1834;150443;80861;48.5;26.1
10;2021-06-14;535;743;150978;81604;48.7;26.3
10;2021-06-15;740;2133;151718;83737;49.0;27.0
10;2021-06-16;741;1860;152459;85597;49.2;27.6
10;2021-06-17;850;2458;153309;88055;49.5;28.4
10;2021-06-18;1031;2473;154340;90528;49.8;29.2
10;2021-06-19;981;2595;155321;93123;50.1;30.0
10;2021-06-20;549;1598;155870;94721;50.3;30.6
10;2021-06-21;682;1045;156552;95766;50.5;30.9
10;2021-06-22;744;1525;157296;97291;50.8;31.4
10;2021-06-23;653;2408;157949;99699;51.0;32.2
10;2021-06-24;784;2618;158733;102317;51.2;33.0
10;2021-06-25;730;3046;159463;105363;51.5;34.0
10;2021-06-26;513;2746;159976;108109;51.6;34.9
10;2021-06-27;403;1940;160379;110049;51.8;35.5
10;2021-06-28;685;1787;161064;111836;52.0;36.1
10;2021-06-29;617;2695;161681;114531;52.2;37.0
10;2021-06-30;534;1523;162215;116054;52.3;37.4
10;2021-07-01;553;2172;162768;118226;52.5;38.1
10;2021-07-02;668;2727;163436;120953;52.7;39.0
10;2021-07-03;529;2600;163965;123553;52.9;39.9
10;2021-07-04;411;1727;164376;125280;53.0;40.4
10;2021-07-05;668;2222;165044;127502;53.3;41.1
10;2021-07-06;652;2189;165696;129691;53.5;41.8
10;2021-07-07;636;1703;166332;131394;53.7;42.4
10;2021-07-08;749;1458;167081;132852;53.9;42.9
10;2021-07-09;815;1946;167896;134798;54.2;43.5
10;2021-07-10;633;2096;168529;136894;54.4;44.2
10;2021-07-11;500;1383;169029;138277;54.5;44.6
10;2021-07-12;780;1621;169809;139898;54.8;45.1
10;2021-07-13;1125;1873;170934;141771;55.2;45.7
10;2021-07-14;1170;1056;172104;142827;55.5;46.1
10;2021-07-15;1474;1979;173578;144806;56.0;46.7
10;2021-07-16;1240;2274;174818;147080;56.4;47.5
10;2021-07-17;1288;1739;176106;148819;56.8;48.0
10;2021-07-18;942;1225;177048;150044;57.1;48.4
10;2021-07-19;1360;1621;178408;151665;57.6;48.9
10;2021-07-20;1687;1432;180095;153097;58.1;49.4
10;2021-07-21;1395;1485;181490;154582;58.6;49.9
10;2021-07-22;1936;1598;183426;156180;59.2;50.4
10;2021-07-23;1596;1544;185022;157724;59.7;50.9
10;2021-07-24;1390;1227;186412;158951;60.2;51.3
10;2021-07-25;1251;788;187663;159739;60.6;51.5
10;2021-07-26;1913;1315;189576;161054;61.2;52.0
10;2021-07-27;2138;1090;191714;162144;61.9;52.3
10;2021-07-28;2095;1016;193809;163160;62.5;52.6
10;2021-07-29;2438;1204;196247;164364;63.3;53.0
10;2021-07-30;2162;1310;198409;165674;64.0;53.5
10;2021-07-31;1680;937;200089;166611;64.6;53.8
10;2021-08-01;1236;570;201325;167181;65.0;53.9
10;2021-08-02;1417;1337;202742;168518;65.4;54.4
10;2021-08-03;1567;895;204309;169413;65.9;54.7
10;2021-08-04;1318;1066;205627;170479;66.4;55.0
10;2021-08-05;1628;1346;207255;171825;66.9;55.4
10;2021-08-06;1805;1333;209060;173158;67.5;55.9
10;2021-08-07;1151;1132;210211;174290;67.8;56.2
10;2021-08-08;660;751;210871;175041;68.0;56.5
10;2021-08-09;1305;1544;212176;176585;68.5;57.0
10;2021-08-10;1632;1350;213808;177935;69.0;57.4
10;2021-08-11;836;1106;214644;179041;69.3;57.8
10;2021-08-12;1027;1225;215671;180266;69.6;58.2
10;2021-08-13;730;1076;216401;181342;69.8;58.5
10;2021-08-14;571;1235;216972;182577;70.0;58.9
10;2021-08-15;303;780;217275;183357;70.1;59.2
10;2021-08-16;703;1618;217978;184975;70.3;59.7
10;2021-08-17;861;1775;218839;186750;70.6;60.3
10;2021-08-18;695;1619;219534;188369;70.8;60.8
10;2021-08-19;537;1567;220071;189936;71.0;61.3
10;2021-08-20;624;1734;220695;191670;71.2;61.8
10;2021-08-21;419;1424;221114;193094;71.3;62.3
10;2021-08-22;187;1061;221301;194155;71.4;62.6
10;2021-08-23;479;1560;221780;195715;71.6;63.2
10;2021-08-24;664;1770;222444;197485;71.8;63.7
10;2021-08-25;453;1378;222897;198863;71.9;64.2
10;2021-08-26;427;1485;223324;200348;72.1;64.6
10;2021-08-27;620;1587;223944;201935;72.3;65.2
10;2021-08-28;390;1332;224334;203267;72.4;65.6
10;2021-08-29;225;946;224559;204213;72.5;65.9
10;2021-08-30;432;1395;224991;205608;72.6;66.3
10;2021-08-31;466;1450;225457;207058;72.7;66.8
10;2021-09-01;295;1201;225752;208259;72.8;67.2
10;2021-09-02;262;1147;226014;209406;72.9;67.6
10;2021-09-03;400;1218;226414;210624;73.1;68.0
10;2021-09-04;335;1095;226749;211719;73.2;68.3
10;2021-09-05;173;467;226922;212186;73.2;68.5
10;2021-09-06;267;752;227189;212938;73.3;68.7
10;2021-09-07;302;759;227491;213697;73.4;69.0
10;2021-09-08;253;762;227744;214459;73.5;69.2
10;2021-09-09;326;963;228070;215422;73.6;69.5
10;2021-09-10;404;887;228474;216309;73.7;69.8
10;2021-09-11;259;716;228733;217025;73.8;70.0
10;2021-09-12;91;227;228824;217252;73.8;70.1
10;2021-09-13;223;659;229047;217911;73.9;70.3
11;2020-12-27;0;0;0;0;0.0;0.0
11;2020-12-28;1;0;1;0;0.0;0.0
11;2020-12-29;1;0;2;0;0.0;0.0
11;2020-12-30;0;0;2;0;0.0;0.0
11;2020-12-31;0;0;2;0;0.0;0.0
11;2021-01-01;0;0;2;0;0.0;0.0
11;2021-01-02;5;0;7;0;0.0;0.0
11;2021-01-03;0;0;7;0;0.0;0.0
11;2021-01-04;1;0;8;0;0.0;0.0
11;2021-01-05;95;0;103;0;0.0;0.0
11;2021-01-06;25;0;128;0;0.0;0.0
11;2021-01-07;119;0;247;0;0.1;0.0
11;2021-01-08;91;1;338;1;0.1;0.0
11;2021-01-09;86;0;424;1;0.1;0.0
11;2021-01-10;67;0;491;1;0.1;0.0
11;2021-01-11;136;0;627;1;0.2;0.0
11;2021-01-12;545;3;1172;4;0.3;0.0
11;2021-01-13;410;1;1582;5;0.4;0.0
11;2021-01-14;646;8;2228;13;0.6;0.0
11;2021-01-15;342;3;2570;16;0.7;0.0
11;2021-01-16;77;1;2647;17;0.7;0.0
11;2021-01-17;47;1;2694;18;0.7;0.0
11;2021-01-18;388;0;3082;18;0.8;0.0
11;2021-01-19;538;4;3620;22;1.0;0.0
11;2021-01-20;693;7;4313;29;1.2;0.0
11;2021-01-21;649;4;4962;33;1.3;0.0
11;2021-01-22;524;2;5486;35;1.5;0.0
11;2021-01-23;160;0;5646;35;1.5;0.0
11;2021-01-24;139;0;5785;35;1.6;0.0
11;2021-01-25;377;19;6162;54;1.7;0.0
11;2021-01-26;846;86;7008;140;1.9;0.0
11;2021-01-27;801;24;7809;164;2.1;0.0
11;2021-01-28;650;53;8459;217;2.3;0.1
11;2021-01-29;443;120;8902;337;2.4;0.1
11;2021-01-30;137;0;9039;337;2.4;0.1
11;2021-01-31;82;0;9121;337;2.4;0.1
11;2021-02-01;345;187;9466;524;2.5;0.1
11;2021-02-02;412;393;9878;917;2.7;0.2
11;2021-02-03;391;344;10269;1261;2.8;0.3
11;2021-02-04;376;486;10645;1747;2.9;0.5
11;2021-02-05;317;327;10962;2074;2.9;0.6
11;2021-02-06;209;56;11171;2130;3.0;0.6
11;2021-02-07;108;13;11279;2143;3.0;0.6
11;2021-02-08;316;129;11595;2272;3.1;0.6
11;2021-02-09;300;246;11895;2518;3.2;0.7
11;2021-02-10;342;394;12237;2912;3.3;0.8
11;2021-02-11;610;536;12847;3448;3.4;0.9
11;2021-02-12;404;348;13251;3796;3.6;1.0
11;2021-02-13;194;90;13445;3886;3.6;1.0
11;2021-02-14;72;22;13517;3908;3.6;1.0
11;2021-02-15;241;178;13758;4086;3.7;1.1
11;2021-02-16;265;465;14023;4551;3.8;1.2
11;2021-02-17;453;579;14476;5130;3.9;1.4
11;2021-02-18;456;476;14932;5606;4.0;1.5
11;2021-02-19;300;458;15232;6064;4.1;1.6
11;2021-02-20;147;62;15379;6126;4.1;1.6
11;2021-02-21;59;33;15438;6159;4.1;1.7
11;2021-02-22;124;277;15562;6436;4.2;1.7
11;2021-02-23;282;268;15844;6704;4.3;1.8
11;2021-02-24;252;323;16096;7027;4.3;1.9
11;2021-02-25;563;285;16659;7312;4.5;2.0
11;2021-02-26;523;275;17182;7587;4.6;2.0
11;2021-02-27;319;90;17501;7677;4.7;2.1
11;2021-02-28;95;21;17596;7698;4.7;2.1
11;2021-03-01;339;265;17935;7963;4.8;2.1
11;2021-03-02;562;348;18497;8311;5.0;2.2
11;2021-03-03;600;391;19097;8702;5.1;2.3
11;2021-03-04;1078;371;20175;9073;5.4;2.4
11;2021-03-05;1003;381;21178;9454;5.7;2.5
11;2021-03-06;1094;180;22272;9634;6.0;2.6
11;2021-03-07;658;30;22930;9664;6.2;2.6
11;2021-03-08;370;320;23300;9984;6.3;2.7
11;2021-03-09;997;363;24297;10347;6.5;2.8
11;2021-03-10;1174;517;25471;10864;6.8;2.9
11;2021-03-11;1570;414;27041;11278;7.3;3.0
11;2021-03-12;1457;421;28498;11699;7.6;3.1
11;2021-03-13;1160;226;29658;11925;8.0;3.2
11;2021-03-14;523;50;30181;11975;8.1;3.2
11;2021-03-15;651;227;30832;12202;8.3;3.3
11;2021-03-16;853;196;31685;12398;8.5;3.3
11;2021-03-17;907;211;32592;12609;8.7;3.4
11;2021-03-18;1172;282;33764;12891;9.1;3.5
11;2021-03-19;1372;240;35136;13131;9.4;3.5
11;2021-03-20;790;172;35926;13303;9.6;3.6
11;2021-03-21;225;65;36151;13368;9.7;3.6
11;2021-03-22;808;219;36959;13587;9.9;3.6
11;2021-03-23;1806;388;38765;13975;10.4;3.7
11;2021-03-24;1846;314;40611;14289;10.9;3.8
11;2021-03-25;2192;372;42803;14661;11.5;3.9
11;2021-03-26;2125;442;44928;15103;12.1;4.1
11;2021-03-27;1178;145;46106;15248;12.4;4.1
11;2021-03-28;265;42;46371;15290;12.4;4.1
11;2021-03-29;1182;223;47553;15513;12.8;4.2
11;2021-03-30;1993;325;49546;15838;13.3;4.2
11;2021-03-31;1614;384;51160;16222;13.7;4.4
11;2021-04-01;2145;425;53305;16647;14.3;4.5
11;2021-04-02;1643;428;54948;17075;14.7;4.6
11;2021-04-03;720;145;55668;17220;14.9;4.6
11;2021-04-04;198;75;55866;17295;15.0;4.6
11;2021-04-05;257;4;56123;17299;15.1;4.6
11;2021-04-06;1574;551;57697;17850;15.5;4.8
11;2021-04-07;1778;572;59475;18422;16.0;4.9
11;2021-04-08;1784;682;61259;19104;16.4;5.1
11;2021-04-09;2263;602;63522;19706;17.0;5.3
11;2021-04-10;1169;178;64691;19884;17.4;5.3
11;2021-04-11;549;105;65240;19989;17.5;5.4
11;2021-04-12;1616;539;66856;20528;17.9;5.5
11;2021-04-13;2261;883;69117;21411;18.5;5.7
11;2021-04-14;1661;1018;70778;22429;19.0;6.0
11;2021-04-15;1845;1130;72623;23559;19.5;6.3
11;2021-04-16;1836;849;74459;24408;20.0;6.5
11;2021-04-17;1773;561;76232;24969;20.5;6.7
11;2021-04-18;114;155;76346;25124;20.5;6.7
11;2021-04-19;1384;735;77730;25859;20.9;6.9
11;2021-04-20;1729;1281;79459;27140;21.3;7.3
11;2021-04-21;1779;1323;81238;28463;21.8;7.6
11;2021-04-22;1751;1323;82989;29786;22.3;8.0
11;2021-04-23;2012;1235;85001;31021;22.8;8.3
11;2021-04-24;1735;468;86736;31489;23.3;8.4
11;2021-04-25;661;177;87397;31666;23.4;8.5
11;2021-04-26;1380;839;88777;32505;23.8;8.7
11;2021-04-27;1840;1549;90617;34054;24.3;9.1
11;2021-04-28;2009;1465;92626;35519;24.9;9.5
11;2021-04-29;2248;1637;94874;37156;25.5;10.0
11;2021-04-30;2158;1427;97032;38583;26.0;10.4
11;2021-05-01;1338;341;98370;38924;26.4;10.4
11;2021-05-02;588;336;98958;39260;26.6;10.5
11;2021-05-03;1487;735;100445;39995;27.0;10.7
11;2021-05-04;1879;1427;102324;41422;27.5;11.1
11;2021-05-05;1895;1442;104219;42864;28.0;11.5
11;2021-05-06;2192;1477;106411;44341;28.6;11.9
11;2021-05-07;2106;1554;108517;45895;29.1;12.3
11;2021-05-08;898;727;109415;46622;29.4;12.5
11;2021-05-09;628;543;110043;47165;29.5;12.7
11;2021-05-10;1328;1651;111371;48816;29.9;13.1
11;2021-05-11;2041;1868;113412;50684;30.4;13.6
11;2021-05-12;1848;1649;115260;52333;30.9;14.0
11;2021-05-13;1406;414;116666;52747;31.3;14.2
11;2021-05-14;1716;1182;118382;53929;31.8;14.5
11;2021-05-15;1157;897;119539;54826;32.1;14.7
11;2021-05-16;808;164;120347;54990;32.3;14.8
11;2021-05-17;1471;1048;121818;56038;32.7;15.0
11;2021-05-18;1898;1190;123716;57228;33.2;15.4
11;2021-05-19;1847;1123;125563;58351;33.7;15.7
11;2021-05-20;1970;1091;127533;59442;34.2;15.9
11;2021-05-21;2275;1091;129808;60533;34.8;16.2
11;2021-05-22;1485;726;131293;61259;35.2;16.4
11;2021-05-23;768;71;132061;61330;35.4;16.5
11;2021-05-24;1411;224;133472;61554;35.8;16.5
11;2021-05-25;1811;1353;135283;62907;36.3;16.9
11;2021-05-26;1934;1300;137217;64207;36.8;17.2
11;2021-05-27;1988;1722;139205;65929;37.3;17.7
11;2021-05-28;1758;1899;140963;67828;37.8;18.2
11;2021-05-29;1427;1599;142390;69427;38.2;18.6
11;2021-05-30;486;395;142876;69822;38.3;18.7
11;2021-05-31;1261;1615;144137;71437;38.7;19.2
11;2021-06-01;1857;1903;145994;73340;39.2;19.7
11;2021-06-02;1761;2068;147755;75408;39.6;20.2
11;2021-06-03;2599;2412;150354;77820;40.3;20.9
11;2021-06-04;2146;2665;152500;80485;40.9;21.6
11;2021-06-05;1590;1902;154090;82387;41.3;22.1
11;2021-06-06;877;859;154967;83246;41.6;22.3
11;2021-06-07;1527;1709;156494;84955;42.0;22.8
11;2021-06-08;2038;1988;158532;86943;42.5;23.3
11;2021-06-09;1789;2182;160321;89125;43.0;23.9
11;2021-06-10;1806;2427;162127;91552;43.5;24.6
11;2021-06-11;1864;2492;163991;94044;44.0;25.2
11;2021-06-12;1457;1624;165448;95668;44.4;25.7
11;2021-06-13;713;723;166161;96391;44.6;25.9
11;2021-06-14;1033;1969;167194;98360;44.9;26.4
11;2021-06-15;1395;2686;168589;101046;45.2;27.1
11;2021-06-16;1337;2528;169926;103574;45.6;27.8
11;2021-06-17;1474;2538;171400;106112;46.0;28.5
11;2021-06-18;1520;2486;172920;108598;46.4;29.1
11;2021-06-19;1237;1411;174157;110009;46.7;29.5
11;2021-06-20;299;599;174456;110608;46.8;29.7
11;2021-06-21;838;2123;175294;112731;47.0;30.2
11;2021-06-22;1016;2606;176310;115337;47.3;30.9
11;2021-06-23;1097;2088;177407;117425;47.6;31.5
11;2021-06-24;907;2246;178314;119671;47.8;32.1
11;2021-06-25;993;2546;179307;122217;48.1;32.8
11;2021-06-26;776;1656;180083;123873;48.3;33.2
11;2021-06-27;210;688;180293;124561;48.4;33.4
11;2021-06-28;697;2298;180990;126859;48.6;34.0
11;2021-06-29;964;2598;181954;129457;48.8;34.7
11;2021-06-30;905;2521;182859;131978;49.1;35.4
11;2021-07-01;1004;1888;183863;133866;49.3;35.9
11;2021-07-02;968;2541;184831;136407;49.6;36.6
11;2021-07-03;728;1806;185559;138213;49.8;37.1
11;2021-07-04;340;1109;185899;139322;49.9;37.4
11;2021-07-05;696;2133;186595;141455;50.1;38.0
11;2021-07-06;973;2519;187568;143974;50.3;38.6
11;2021-07-07;946;2511;188514;146485;50.6;39.3
11;2021-07-08;1191;1911;189705;148396;50.9;39.8
11;2021-07-09;823;1794;190528;150190;51.1;40.3
11;2021-07-10;369;1301;190897;151491;51.2;40.6
11;2021-07-11;313;564;191210;152055;51.3;40.8
11;2021-07-12;505;2671;191715;154726;51.4;41.5
11;2021-07-13;1305;3065;193020;157791;51.8;42.3
11;2021-07-14;211;233;193231;158024;51.8;42.4
11;2021-07-15;1451;2962;194682;160986;52.2;43.2
11;2021-07-16;1876;2731;196558;163717;52.7;43.9
11;2021-07-17;1075;2162;197633;165879;53.0;44.5
11;2021-07-18;653;946;198286;166825;53.2;44.8
11;2021-07-19;1355;2090;199641;168915;53.6;45.3
11;2021-07-20;1998;2403;201639;171318;54.1;46.0
11;2021-07-21;2015;2437;203654;173755;54.6;46.6
11;2021-07-22;2415;1885;206069;175640;55.3;47.1
11;2021-07-23;2231;2280;208300;177920;55.9;47.7
11;2021-07-24;1274;1628;209574;179548;56.2;48.2
11;2021-07-25;750;692;210324;180240;56.4;48.4
11;2021-07-26;1667;1428;211991;181668;56.9;48.7
11;2021-07-27;2342;1998;214333;183666;57.5;49.3
11;2021-07-28;2482;1987;216815;185653;58.2;49.8
11;2021-07-29;2772;1793;219587;187446;58.9;50.3
11;2021-07-30;2575;1802;222162;189248;59.6;50.8
11;2021-07-31;2008;1141;224170;190389;60.1;51.1
11;2021-08-01;1012;482;225182;190871;60.4;51.2
11;2021-08-02;1933;1153;227115;192024;60.9;51.5
11;2021-08-03;2440;1601;229555;193625;61.6;52.0
11;2021-08-04;2557;1267;232112;194892;62.3;52.3
11;2021-08-05;2384;1334;234496;196226;62.9;52.6
11;2021-08-06;2253;1661;236749;197887;63.5;53.1
11;2021-08-07;1666;1167;238415;199054;64.0;53.4
11;2021-08-08;599;210;239014;199264;64.1;53.5
11;2021-08-09;1032;1433;240046;200697;64.4;53.8
11;2021-08-10;1743;1986;241789;202683;64.9;54.4
11;2021-08-11;1716;1688;243505;204371;65.3;54.8
11;2021-08-12;1710;1856;245215;206227;65.8;55.3
11;2021-08-13;1348;1654;246563;207881;66.2;55.8
11;2021-08-14;982;1596;247545;209477;66.4;56.2
11;2021-08-15;138;125;247683;209602;66.5;56.2
11;2021-08-16;730;1914;248413;211516;66.7;56.8
11;2021-08-17;1046;2393;249459;213909;66.9;57.4
11;2021-08-18;1106;2031;250565;215940;67.2;57.9
11;2021-08-19;1004;2290;251569;218230;67.5;58.6
11;2021-08-20;967;2290;252536;220520;67.8;59.2
11;2021-08-21;575;1838;253111;222358;67.9;59.7
11;2021-08-22;190;512;253301;222870;68.0;59.8
11;2021-08-23;522;1816;253823;224686;68.1;60.3
11;2021-08-24;794;2254;254617;226940;68.3;60.9
11;2021-08-25;788;2152;255405;229092;68.5;61.5
11;2021-08-26;746;2003;256151;231095;68.7;62.0
11;2021-08-27;703;2224;256854;233319;68.9;62.6
11;2021-08-28;435;1743;257289;235062;69.0;63.1
11;2021-08-29;143;514;257432;235576;69.1;63.2
11;2021-08-30;449;1344;257881;236920;69.2;63.6
11;2021-08-31;569;1946;258450;238866;69.3;64.1
11;2021-09-01;598;1809;259048;240675;69.5;64.6
11;2021-09-02;549;1702;259597;242377;69.7;65.0
11;2021-09-03;532;1711;260129;244088;69.8;65.5
11;2021-09-04;487;1553;260616;245641;69.9;65.9
11;2021-09-05;153;271;260769;245912;70.0;66.0
11;2021-09-06;298;856;261067;246768;70.0;66.2
11;2021-09-07;354;1124;261421;247892;70.1;66.5
11;2021-09-08;475;1308;261896;249200;70.3;66.9
11;2021-09-09;391;1036;262287;250236;70.4;67.1
11;2021-09-10;381;1134;262668;251370;70.5;67.4
11;2021-09-11;375;1052;263043;252422;70.6;67.7
11;2021-09-12;61;145;263104;252567;70.6;67.8
11;2021-09-13;236;1019;263340;253586;70.7;68.0
12;2020-12-27;0;0;0;0;0.0;0.0
12;2020-12-28;0;0;0;0;0.0;0.0
12;2020-12-29;0;0;0;0;0.0;0.0
12;2020-12-30;0;0;0;0;0.0;0.0
12;2020-12-31;0;0;0;0;0.0;0.0
12;2021-01-01;0;0;0;0;0.0;0.0
12;2021-01-02;0;0;0;0;0.0;0.0
12;2021-01-03;2;0;2;0;0.0;0.0
12;2021-01-04;1;0;3;0;0.0;0.0
12;2021-01-05;1;0;4;0;0.0;0.0
12;2021-01-06;12;0;16;0;0.0;0.0
12;2021-01-07;202;0;218;0;0.1;0.0
12;2021-01-08;65;0;283;0;0.1;0.0
12;2021-01-09;0;0;283;0;0.1;0.0
12;2021-01-10;1;0;284;0;0.1;0.0
12;2021-01-11;100;0;384;0;0.1;0.0
12;2021-01-12;361;1;745;1;0.3;0.0
12;2021-01-13;285;0;1030;1;0.4;0.0
12;2021-01-14;600;12;1630;13;0.6;0.0
12;2021-01-15;367;8;1997;21;0.7;0.0
12;2021-01-16;138;1;2135;22;0.8;0.0
12;2021-01-17;0;0;2135;22;0.8;0.0
12;2021-01-18;453;0;2588;22;0.9;0.0
12;2021-01-19;606;3;3194;25;1.1;0.0
12;2021-01-20;879;2;4073;27;1.5;0.0
12;2021-01-21;736;0;4809;27;1.7;0.0
12;2021-01-22;798;1;5607;28;2.0;0.0
12;2021-01-23;382;0;5989;28;2.2;0.0
12;2021-01-24;0;0;5989;28;2.2;0.0
12;2021-01-25;453;0;6442;28;2.3;0.0
12;2021-01-26;650;0;7092;28;2.5;0.0
12;2021-01-27;1886;30;8978;58;3.2;0.0
12;2021-01-28;1886;220;10864;278;3.9;0.1
12;2021-01-29;1331;41;12195;319;4.4;0.1
12;2021-01-30;359;2;12554;321;4.5;0.1
12;2021-01-31;0;0;12554;321;4.5;0.1
12;2021-02-01;334;85;12888;406;4.6;0.1
12;2021-02-02;457;234;13345;640;4.8;0.2
12;2021-02-03;457;166;13802;806;5.0;0.3
12;2021-02-04;459;512;14261;1318;5.1;0.5
12;2021-02-05;449;172;14710;1490;5.3;0.5
12;2021-02-06;220;42;14930;1532;5.4;0.6
12;2021-02-07;8;0;14938;1532;5.4;0.6
12;2021-02-08;104;282;15042;1814;5.4;0.7
12;2021-02-09;208;293;15250;2107;5.5;0.8
12;2021-02-10;464;397;15714;2504;5.6;0.9
12;2021-02-11;539;297;16253;2801;5.8;1.0
12;2021-02-12;570;274;16823;3075;6.0;1.1
12;2021-02-13;175;111;16998;3186;6.1;1.1
12;2021-02-14;1;0;16999;3186;6.1;1.1
12;2021-02-15;175;299;17174;3485;6.2;1.3
12;2021-02-16;171;431;17345;3916;6.2;1.4
12;2021-02-17;366;1313;17711;5229;6.4;1.9
12;2021-02-18;676;1513;18387;6742;6.6;2.4
12;2021-02-19;594;901;18981;7643;6.8;2.7
12;2021-02-20;103;357;19084;8000;6.9;2.9
12;2021-02-21;0;0;19084;8000;6.9;2.9
12;2021-02-22;150;335;19234;8335;6.9;3.0
12;2021-02-23;157;473;19391;8808;7.0;3.2
12;2021-02-24;156;557;19547;9365;7.0;3.4
12;2021-02-25;201;653;19748;10018;7.1;3.6
12;2021-02-26;320;557;20068;10575;7.2;3.8
12;2021-02-27;190;307;20258;10882;7.3;3.9
12;2021-02-28;13;0;20271;10882;7.3;3.9
12;2021-03-01;51;324;20322;11206;7.3;4.0
12;2021-03-02;190;455;20512;11661;7.4;4.2
12;2021-03-03;244;349;20756;12010;7.5;4.3
12;2021-03-04;278;324;21034;12334;7.6;4.4
12;2021-03-05;421;330;21455;12664;7.7;4.5
12;2021-03-06;793;122;22248;12786;8.0;4.6
12;2021-03-07;140;32;22388;12818;8.0;4.6
12;2021-03-08;234;193;22622;13011;8.1;4.7
12;2021-03-09;716;219;23338;13230;8.4;4.8
12;2021-03-10;784;721;24122;13951;8.7;5.0
12;2021-03-11;919;646;25041;14597;9.0;5.2
12;2021-03-12;1260;517;26301;15114;9.4;5.4
12;2021-03-13;896;139;27197;15253;9.8;5.5
12;2021-03-14;45;2;27242;15255;9.8;5.5
12;2021-03-15;559;154;27801;15409;10.0;5.5
12;2021-03-16;818;160;28619;15569;10.3;5.6
12;2021-03-17;1504;165;30123;15734;10.8;5.7
12;2021-03-18;996;245;31119;15979;11.2;5.7
12;2021-03-19;1383;280;32502;16259;11.7;5.8
12;2021-03-20;725;79;33227;16338;11.9;5.9
12;2021-03-21;264;10;33491;16348;12.0;5.9
12;2021-03-22;606;174;34097;16522;12.2;5.9
12;2021-03-23;1214;175;35311;16697;12.7;6.0
12;2021-03-24;1422;206;36733;16903;13.2;6.1
12;2021-03-25;1846;206;38579;17109;13.9;6.1
12;2021-03-26;1978;227;40557;17336;14.6;6.2
12;2021-03-27;981;68;41538;17404;14.9;6.3
12;2021-03-28;60;1;41598;17405;14.9;6.3
12;2021-03-29;963;84;42561;17489;15.3;6.3
12;2021-03-30;1737;123;44298;17612;15.9;6.3
12;2021-03-31;1461;106;45759;17718;16.4;6.4
12;2021-04-01;1958;164;47717;17882;17.1;6.4
12;2021-04-02;1615;341;49332;18223;17.7;6.5
12;2021-04-03;882;95;50214;18318;18.0;6.6
12;2021-04-04;1;0;50215;18318;18.0;6.6
12;2021-04-05;645;14;50860;18332;18.3;6.6
12;2021-04-06;1154;535;52014;18867;18.7;6.8
12;2021-04-07;1651;636;53665;19503;19.3;7.0
12;2021-04-08;2098;567;55763;20070;20.0;7.2
12;2021-04-09;2112;650;57875;20720;20.8;7.4
12;2021-04-10;1427;219;59302;20939;21.3;7.5
12;2021-04-11;120;1;59422;20940;21.3;7.5
12;2021-04-12;1838;504;61260;21444;22.0;7.7
12;2021-04-13;1907;775;63167;22219;22.7;8.0
12;2021-04-14;1832;1318;64999;23537;23.4;8.5
12;2021-04-15;1938;896;66937;24433;24.0;8.8
12;2021-04-16;1676;1205;68613;25638;24.6;9.2
12;2021-04-17;1554;568;70167;26206;25.2;9.4
12;2021-04-18;0;0;70167;26206;25.2;9.4
12;2021-04-19;1688;549;71855;26755;25.8;9.6
12;2021-04-20;1546;984;73401;27739;26.4;10.0
12;2021-04-21;1693;1183;75094;28922;27.0;10.4
12;2021-04-22;1691;1094;76785;30016;27.6;10.8
12;2021-04-23;1383;1335;78168;31351;28.1;11.3
12;2021-04-24;1451;719;79619;32070;28.6;11.5
12;2021-04-25;60;0;79679;32070;28.6;11.5
12;2021-04-26;1459;897;81138;32967;29.1;11.8
12;2021-04-27;1320;1279;82458;34246;29.6;12.3
12;2021-04-28;1113;1870;83571;36116;30.0;13.0
12;2021-04-29;1571;1910;85142;38026;30.6;13.7
12;2021-04-30;1813;1836;86955;39862;31.2;14.3
12;2021-05-01;1616;260;88571;40122;31.8;14.4
12;2021-05-02;8;0;88579;40122;31.8;14.4
12;2021-05-03;1713;1251;90292;41373;32.4;14.9
12;2021-05-04;1483;1393;91775;42766;33.0;15.4
12;2021-05-05;1296;1673;93071;44439;33.4;16.0
12;2021-05-06;1753;1376;94824;45815;34.1;16.5
12;2021-05-07;1485;1777;96309;47592;34.6;17.1
12;2021-05-08;1330;461;97639;48053;35.1;17.3
12;2021-05-09;13;34;97652;48087;35.1;17.3
12;2021-05-10;828;2213;98480;50300;35.4;18.1
12;2021-05-11;930;1848;99410;52148;35.7;18.7
12;2021-05-12;948;1820;100358;53968;36.1;19.4
12;2021-05-13;1588;811;101946;54779;36.6;19.7
12;2021-05-14;1235;1533;103181;56312;37.1;20.2
12;2021-05-15;1068;1115;104249;57427;37.5;20.6
12;2021-05-16;2;19;104251;57446;37.5;20.6
12;2021-05-17;1082;1810;105333;59256;37.8;21.3
12;2021-05-18;1427;1533;106760;60789;38.4;21.8
12;2021-05-19;1915;1331;108675;62120;39.0;22.3
12;2021-05-20;2119;876;110794;62996;39.8;22.6
12;2021-05-21;1821;1253;112615;64249;40.5;23.1
12;2021-05-22;1206;1014;113821;65263;40.9;23.4
12;2021-05-23;7;12;113828;65275;40.9;23.4
12;2021-05-24;1956;537;115784;65812;41.6;23.6
12;2021-05-25;1744;1157;117528;66969;42.2;24.1
12;2021-05-26;1998;780;119526;67749;42.9;24.3
12;2021-05-27;2165;744;121691;68493;43.7;24.6
12;2021-05-28;1928;1025;123619;69518;44.4;25.0
12;2021-05-29;1637;805;125256;70323;45.0;25.3
12;2021-05-30;9;43;125265;70366;45.0;25.3
12;2021-05-31;1699;810;126964;71176;45.6;25.6
12;2021-06-01;1889;1026;128853;72202;46.3;25.9
12;2021-06-02;1979;1052;130832;73254;47.0;26.3
12;2021-06-03;2120;824;132952;74078;47.8;26.6
12;2021-06-04;1967;1417;134919;75495;48.5;27.1
12;2021-06-05;1739;985;136658;76480;49.1;27.5
12;2021-06-06;6;6;136664;76486;49.1;27.5
12;2021-06-07;1091;1809;137755;78295;49.5;28.1
12;2021-06-08;1332;1201;139087;79496;50.0;28.6
12;2021-06-09;896;1291;139983;80787;50.3;29.0
12;2021-06-10;1022;920;141005;81707;50.7;29.4
12;2021-06-11;1204;2076;142209;83783;51.1;30.1
12;2021-06-12;1033;1321;143242;85104;51.5;30.6
12;2021-06-13;6;47;143248;85151;51.5;30.6
12;2021-06-14;662;1830;143910;86981;51.7;31.2
12;2021-06-15;744;1876;144654;88857;52.0;31.9
12;2021-06-16;821;1818;145475;90675;52.3;32.6
12;2021-06-17;678;995;146153;91670;52.5;32.9
12;2021-06-18;1134;1840;147287;93510;52.9;33.6
12;2021-06-19;914;1406;148201;94916;53.2;34.1
12;2021-06-20;4;10;148205;94926;53.2;34.1
12;2021-06-21;512;1738;148717;96664;53.4;34.7
12;2021-06-22;503;1475;149220;98139;53.6;35.3
12;2021-06-23;578;1306;149798;99445;53.8;35.7
12;2021-06-24;249;541;150047;99986;53.9;35.9
12;2021-06-25;876;1841;150923;101827;54.2;36.6
12;2021-06-26;673;1527;151596;103354;54.5;37.1
12;2021-06-27;1;9;151597;103363;54.5;37.1
12;2021-06-28;468;2453;152065;105816;54.6;38.0
12;2021-06-29;565;1956;152630;107772;54.8;38.7
12;2021-06-30;829;2133;153459;109905;55.1;39.5
12;2021-07-01;344;1087;153803;110992;55.3;39.9
12;2021-07-02;796;2627;154599;113619;55.5;40.8
12;2021-07-03;565;1873;155164;115492;55.7;41.5
12;2021-07-04;1;0;155165;115492;55.7;41.5
12;2021-07-05;440;2407;155605;117899;55.9;42.4
12;2021-07-06;640;2496;156245;120395;56.1;43.3
12;2021-07-07;688;2117;156933;122512;56.4;44.0
12;2021-07-08;294;912;157227;123424;56.5;44.3
12;2021-07-09;724;2586;157951;126010;56.7;45.3
12;2021-07-10;445;2077;158396;128087;56.9;46.0
12;2021-07-11;0;0;158396;128087;56.9;46.0
12;2021-07-12;587;2439;158983;130526;57.1;46.9
12;2021-07-13;842;2592;159825;133118;57.4;47.8
12;2021-07-14;44;25;159869;133143;57.4;47.8
12;2021-07-15;792;2106;160661;135249;57.7;48.6
12;2021-07-16;1248;2556;161909;137805;58.2;49.5
12;2021-07-17;790;2007;162699;139812;58.4;50.2
12;2021-07-18;25;11;162724;139823;58.5;50.2
12;2021-07-19;1319;2004;164043;141827;58.9;51.0
12;2021-07-20;1422;1474;165465;143301;59.4;51.5
12;2021-07-21;1022;941;166487;144242;59.8;51.8
12;2021-07-22;2237;1308;168724;145550;60.6;52.3
12;2021-07-23;1866;2055;170590;147605;61.3;53.0
12;2021-07-24;1604;1564;172194;149169;61.9;53.6
12;2021-07-25;98;28;172292;149197;61.9;53.6
12;2021-07-26;1931;1435;174223;150632;62.6;54.1
12;2021-07-27;2237;1006;176460;151638;63.4;54.5
12;2021-07-28;1716;676;178176;152314;64.0;54.7
12;2021-07-29;1192;807;179368;153121;64.4;55.0
12;2021-07-30;2508;1283;181876;154404;65.3;55.5
12;2021-07-31;1965;1002;183841;155406;66.0;55.8
12;2021-08-01;225;38;184066;155444;66.1;55.8
12;2021-08-02;1815;832;185881;156276;66.8;56.1
12;2021-08-03;1960;776;187841;157052;67.5;56.4
12;2021-08-04;1691;832;189532;157884;68.1;56.7
12;2021-08-05;1636;679;191168;158563;68.7;57.0
12;2021-08-06;1706;1313;192874;159876;69.3;57.4
12;2021-08-07;1447;744;194321;160620;69.8;57.7
12;2021-08-08;0;3;194321;160623;69.8;57.7
12;2021-08-09;1351;1416;195672;162039;70.3;58.2
12;2021-08-10;1343;1247;197015;163286;70.8;58.7
12;2021-08-11;820;1195;197835;164481;71.1;59.1
12;2021-08-12;735;1070;198570;165551;71.3;59.5
12;2021-08-13;1074;1335;199644;166886;71.7;60.0
12;2021-08-14;739;1354;200383;168240;72.0;60.4
12;2021-08-15;255;75;200638;168315;72.1;60.5
12;2021-08-16;670;1817;201308;170132;72.3;61.1
12;2021-08-17;904;1991;202212;172123;72.6;61.8
12;2021-08-18;449;1522;202661;173645;72.8;62.4
12;2021-08-19;639;1115;203300;174760;73.0;62.8
12;2021-08-20;797;1886;204097;176646;73.3;63.5
12;2021-08-21;472;1526;204569;178172;73.5;64.0
12;2021-08-22;93;27;204662;178199;73.5;64.0
12;2021-08-23;452;1921;205114;180120;73.7;64.7
12;2021-08-24;485;1916;205599;182036;73.9;65.4
12;2021-08-25;329;1580;205928;183616;74.0;66.0
12;2021-08-26;481;1608;206409;185224;74.2;66.5
12;2021-08-27;600;1697;207009;186921;74.4;67.2
12;2021-08-28;332;1550;207341;188471;74.5;67.7
12;2021-08-29;175;140;207516;188611;74.5;67.8
12;2021-08-30;560;1909;208076;190520;74.8;68.4
12;2021-08-31;414;1392;208490;191912;74.9;68.9
12;2021-09-01;424;1019;208914;192931;75.1;69.3
12;2021-09-02;266;822;209180;193753;75.1;69.6
12;2021-09-03;485;1374;209665;195127;75.3;70.1
12;2021-09-04;429;1209;210094;196336;75.5;70.5
12;2021-09-05;52;205;210146;196541;75.5;70.6
12;2021-09-06;215;805;210361;197346;75.6;70.9
12;2021-09-07;271;672;210632;198018;75.7;71.1
12;2021-09-08;240;615;210872;198633;75.8;71.4
12;2021-09-09;174;448;211046;199081;75.8;71.5
12;2021-09-10;496;1276;211542;200357;76.0;72.0
12;2021-09-11;385;1084;211927;201441;76.1;72.4
12;2021-09-12;17;120;211944;201561;76.1;72.4
12;2021-09-13;158;624;212102;202185;76.2;72.6
13;2020-12-27;4;0;4;0;0.0;0.0
13;2020-12-28;6;0;10;0;0.0;0.0
13;2020-12-29;1;0;11;0;0.0;0.0
13;2020-12-30;2;0;13;0;0.0;0.0
13;2020-12-31;6;0;19;0;0.0;0.0
13;2021-01-01;4;0;23;0;0.0;0.0
13;2021-01-02;4;0;27;0;0.0;0.0
13;2021-01-03;11;0;38;0;0.0;0.0
13;2021-01-04;0;0;38;0;0.0;0.0
13;2021-01-05;78;1;116;1;0.0;0.0
13;2021-01-06;122;0;238;1;0.0;0.0
13;2021-01-07;174;1;412;2;0.0;0.0
13;2021-01-08;188;0;600;2;0.0;0.0
13;2021-01-09;13;0;613;2;0.0;0.0
13;2021-01-10;3;0;616;2;0.0;0.0
13;2021-01-11;481;1;1097;3;0.1;0.0
13;2021-01-12;814;1;1911;4;0.1;0.0
13;2021-01-13;1086;1;2997;5;0.1;0.0
13;2021-01-14;1581;17;4578;22;0.2;0.0
13;2021-01-15;1539;7;6117;29;0.3;0.0
13;2021-01-16;407;2;6524;31;0.3;0.0
13;2021-01-17;44;0;6568;31;0.3;0.0
13;2021-01-18;2383;9;8951;40;0.4;0.0
13;2021-01-19;7410;38;16361;78;0.8;0.0
13;2021-01-20;5563;17;21924;95;1.1;0.0
13;2021-01-21;5365;29;27289;124;1.3;0.0
13;2021-01-22;4002;23;31291;147;1.5;0.0
13;2021-01-23;1349;6;32640;153;1.6;0.0
13;2021-01-24;491;5;33131;158;1.6;0.0
13;2021-01-25;2340;27;35471;185;1.7;0.0
13;2021-01-26;2950;84;38421;269;1.9;0.0
13;2021-01-27;3120;121;41541;390;2.0;0.0
13;2021-01-28;3246;176;44787;566;2.2;0.0
13;2021-01-29;2511;121;47298;687;2.3;0.0
13;2021-01-30;1025;10;48323;697;2.4;0.0
13;2021-01-31;251;0;48574;697;2.4;0.0
13;2021-02-01;1862;267;50436;964;2.5;0.0
13;2021-02-02;2254;572;52690;1536;2.6;0.1
13;2021-02-03;1864;540;54554;2076;2.7;0.1
13;2021-02-04;1907;883;56461;2959;2.8;0.1
13;2021-02-05;2625;1476;59086;4435;2.9;0.2
13;2021-02-06;855;278;59941;4713;2.9;0.2
13;2021-02-07;277;5;60218;4718;3.0;0.2
13;2021-02-08;1903;1448;62121;6166;3.1;0.3
13;2021-02-09;3316;4178;65437;10344;3.2;0.5
13;2021-02-10;3235;3209;68672;13553;3.4;0.7
13;2021-02-11;3582;3280;72254;16833;3.6;0.8
13;2021-02-12;2838;2763;75092;19596;3.7;1.0
13;2021-02-13;734;526;75826;20122;3.7;1.0
13;2021-02-14;72;342;75898;20464;3.7;1.0
13;2021-02-15;969;1806;76867;22270;3.8;1.1
13;2021-02-16;1392;2352;78259;24622;3.8;1.2
13;2021-02-17;1346;2662;79605;27284;3.9;1.3
13;2021-02-18;1903;2388;81508;29672;4.0;1.5
13;2021-02-19;1514;1948;83022;31620;4.1;1.6
13;2021-02-20;458;672;83480;32292;4.1;1.6
13;2021-02-21;33;243;83513;32535;4.1;1.6
13;2021-02-22;1024;1958;84537;34493;4.2;1.7
13;2021-02-23;1288;2303;85825;36796;4.2;1.8
13;2021-02-24;1519;2308;87344;39104;4.3;1.9
13;2021-02-25;2383;1888;89727;40992;4.4;2.0
13;2021-02-26;2457;1898;92184;42890;4.5;2.1
13;2021-02-27;982;667;93166;43557;4.6;2.1
13;2021-02-28;194;187;93360;43744;4.6;2.2
13;2021-03-01;1925;1381;95285;45125;4.7;2.2
13;2021-03-02;3012;2413;98297;47538;4.8;2.3
13;2021-03-03;3486;2411;101783;49949;5.0;2.5
13;2021-03-04;4207;2915;105990;52864;5.2;2.6
13;2021-03-05;4046;2584;110036;55448;5.4;2.7
13;2021-03-06;5302;758;115338;56206;5.7;2.8
13;2021-03-07;4292;367;119630;56573;5.9;2.8
13;2021-03-08;3929;1840;123559;58413;6.1;2.9
13;2021-03-09;5075;2115;128634;60528;6.3;3.0
13;2021-03-10;5180;1905;133814;62433;6.6;3.1
13;2021-03-11;7309;2054;141123;64487;6.9;3.2
13;2021-03-12;8331;2050;149454;66537;7.3;3.3
13;2021-03-13;6377;709;155831;67246;7.7;3.3
13;2021-03-14;2312;165;158143;67411;7.8;3.3
13;2021-03-15;6359;1295;164502;68706;8.1;3.4
13;2021-03-16;5080;1511;169582;70217;8.3;3.5
13;2021-03-17;5176;1407;174758;71624;8.6;3.5
13;2021-03-18;5818;1848;180576;73472;8.9;3.6
13;2021-03-19;6810;1600;187386;75072;9.2;3.7
13;2021-03-20;4043;690;191429;75762;9.4;3.7
13;2021-03-21;724;84;192153;75846;9.4;3.7
13;2021-03-22;7300;1536;199453;77382;9.8;3.8
13;2021-03-23;9130;1740;208583;79122;10.3;3.9
13;2021-03-24;8866;2181;217449;81303;10.7;4.0
13;2021-03-25;10914;2100;228363;83403;11.2;4.1
13;2021-03-26;10715;1902;239078;85305;11.8;4.2
13;2021-03-27;4868;825;243946;86130;12.0;4.2
13;2021-03-28;1119;80;245065;86210;12.0;4.2
13;2021-03-29;7579;1986;252644;88196;12.4;4.3
13;2021-03-30;12621;2515;265265;90711;13.0;4.5
13;2021-03-31;10818;3152;276083;93863;13.6;4.6
13;2021-04-01;12280;3075;288363;96938;14.2;4.8
13;2021-04-02;9792;3892;298155;100830;14.7;5.0
13;2021-04-03;4011;2804;302166;103634;14.9;5.1
13;2021-04-04;630;305;302796;103939;14.9;5.1
13;2021-04-05;3533;728;306329;104667;15.1;5.1
13;2021-04-06;8522;4241;314851;108908;15.5;5.4
13;2021-04-07;10082;4682;324933;113590;16.0;5.6
13;2021-04-08;10120;5456;335053;119046;16.5;5.9
13;2021-04-09;11278;5108;346331;124154;17.0;6.1
13;2021-04-10;7301;2094;353632;126248;17.4;6.2
13;2021-04-11;1379;534;355011;126782;17.4;6.2
13;2021-04-12;7985;4785;362996;131567;17.8;6.5
13;2021-04-13;9148;5494;372144;137061;18.3;6.7
13;2021-04-14;9536;5814;381680;142875;18.8;7.0
13;2021-04-15;9879;5953;391559;148828;19.2;7.3
13;2021-04-16;9968;5560;401527;154388;19.7;7.6
13;2021-04-17;4081;2022;405608;156410;19.9;7.7
13;2021-04-18;2523;1423;408131;157833;20.1;7.8
13;2021-04-19;6456;6405;414587;164238;20.4;8.1
13;2021-04-20;7407;7595;421994;171833;20.7;8.4
13;2021-04-21;7775;7382;429769;179215;21.1;8.8
13;2021-04-22;8465;7913;438234;187128;21.5;9.2
13;2021-04-23;8394;6820;446628;193948;22.0;9.5
13;2021-04-24;4625;3816;451253;197764;22.2;9.7
13;2021-04-25;876;520;452129;198284;22.2;9.7
13;2021-04-26;6171;7113;458300;205397;22.5;10.1
13;2021-04-27;7263;8021;465563;213418;22.9;10.5
13;2021-04-28;9453;7708;475016;221126;23.3;10.9
13;2021-04-29;11408;7595;486424;228721;23.9;11.2
13;2021-04-30;10920;7377;497344;236098;24.4;11.6
13;2021-05-01;5366;3793;502710;239891;24.7;11.8
13;2021-05-02;2100;747;504810;240638;24.8;11.8
13;2021-05-03;7301;7865;512111;248503;25.2;12.2
13;2021-05-04;8455;8512;520566;257015;25.6;12.6
13;2021-05-05;8230;8965;528796;265980;26.0;13.1
13;2021-05-06;10144;8583;538940;274563;26.5;13.5
13;2021-05-07;8856;10025;547796;284588;26.9;14.0
13;2021-05-08;4572;3935;552368;288523;27.2;14.2
13;2021-05-09;938;686;553306;289209;27.2;14.2
13;2021-05-10;7714;8754;561020;297963;27.6;14.6
13;2021-05-11;10983;9562;572003;307525;28.1;15.1
13;2021-05-12;12846;8729;584849;316254;28.7;15.5
13;2021-05-13;9511;3638;594360;319892;29.2;15.7
13;2021-05-14;13659;6448;608019;326340;29.9;16.0
13;2021-05-15;10200;4535;618219;330875;30.4;16.3
13;2021-05-16;3125;789;621344;331664;30.5;16.3
13;2021-05-17;10849;6804;632193;338468;31.1;16.6
13;2021-05-18;11919;6481;644112;344949;31.7;17.0
13;2021-05-19;12160;6357;656272;351306;32.3;17.3
13;2021-05-20;13451;6466;669723;357772;32.9;17.6
13;2021-05-21;13002;6780;682725;364552;33.6;17.9
13;2021-05-22;7523;3637;690248;368189;33.9;18.1
13;2021-05-23;863;638;691111;368827;34.0;18.1
13;2021-05-24;6770;2471;697881;371298;34.3;18.3
13;2021-05-25;9273;7598;707154;378896;34.8;18.6
13;2021-05-26;10144;7841;717298;386737;35.3;19.0
13;2021-05-27;10352;8421;727650;395158;35.8;19.4
13;2021-05-28;9008;9164;736658;404322;36.2;19.9
13;2021-05-29;7179;4619;743837;408941;36.6;20.1
13;2021-05-30;891;527;744728;409468;36.6;20.1
13;2021-05-31;8195;8022;752923;417490;37.0;20.5
13;2021-06-01;9592;9287;762515;426777;37.5;21.0
13;2021-06-02;10092;8782;772607;435559;38.0;21.4
13;2021-06-03;12300;9484;784907;445043;38.6;21.9
13;2021-06-04;12038;10037;796945;455080;39.2;22.4
13;2021-06-05;7832;5590;804777;460670;39.6;22.6
13;2021-06-06;1671;886;806448;461556;39.6;22.7
13;2021-06-07;6688;9877;813136;471433;40.0;23.2
13;2021-06-08;8320;9987;821456;481420;40.4;23.7
13;2021-06-09;8403;9730;829859;491150;40.8;24.1
13;2021-06-10;8949;9771;838808;500921;41.2;24.6
13;2021-06-11;8238;12708;847046;513629;41.6;25.2
13;2021-06-12;5789;6707;852835;520336;41.9;25.6
13;2021-06-13;953;1216;853788;521552;42.0;25.6
13;2021-06-14;6008;11142;859796;532694;42.3;26.2
13;2021-06-15;7293;11403;867089;544097;42.6;26.7
13;2021-06-16;7349;9876;874438;553973;43.0;27.2
13;2021-06-17;7444;10712;881882;564685;43.3;27.8
13;2021-06-18;7549;11073;889431;575758;43.7;28.3
13;2021-06-19;4619;7497;894050;583255;43.9;28.7
13;2021-06-20;971;1045;895021;584300;44.0;28.7
13;2021-06-21;4471;12263;899492;596563;44.2;29.3
13;2021-06-22;4942;13877;904434;610440;44.5;30.0
13;2021-06-23;5155;13577;909589;624017;44.7;30.7
13;2021-06-24;5341;12857;914930;636874;45.0;31.3
13;2021-06-25;5267;14685;920197;651559;45.2;32.0
13;2021-06-26;3021;9684;923218;661243;45.4;32.5
13;2021-06-27;535;931;923753;662174;45.4;32.5
13;2021-06-28;3738;12565;927491;674739;45.6;33.2
13;2021-06-29;4503;12905;931994;687644;45.8;33.8
13;2021-06-30;4905;12694;936899;700338;46.1;34.4
13;2021-07-01;5592;11496;942491;711834;46.3;35.0
13;2021-07-02;5583;12399;948074;724233;46.6;35.6
13;2021-07-03;3515;9165;951589;733398;46.8;36.0
13;2021-07-04;476;867;952065;734265;46.8;36.1
13;2021-07-05;3874;11774;955939;746039;47.0;36.7
13;2021-07-06;5466;11680;961405;757719;47.3;37.2
13;2021-07-07;5828;10708;967233;768427;47.5;37.8
13;2021-07-08;6231;10326;973464;778753;47.8;38.3
13;2021-07-09;5936;11929;979400;790682;48.1;38.9
13;2021-07-10;3169;8638;982569;799320;48.3;39.3
13;2021-07-11;437;1014;983006;800334;48.3;39.3
13;2021-07-12;4496;10952;987502;811286;48.5;39.9
13;2021-07-13;8978;13181;996480;824467;49.0;40.5
13;2021-07-14;5617;4858;1002097;829325;49.3;40.8
13;2021-07-15;11453;12948;1013550;842273;49.8;41.4
13;2021-07-16;12204;12923;1025754;855196;50.4;42.0
13;2021-07-17;6590;8492;1032344;863688;50.7;42.5
13;2021-07-18;726;1059;1033070;864747;50.8;42.5
13;2021-07-19;9810;11147;1042880;875894;51.3;43.1
13;2021-07-20;12278;11660;1055158;887554;51.9;43.6
13;2021-07-21;12695;10355;1067853;897909;52.5;44.1
13;2021-07-22;14564;10458;1082417;908367;53.2;44.6
13;2021-07-23;14487;10967;1096904;919334;53.9;45.2
13;2021-07-24;8346;7991;1105250;927325;54.3;45.6
13;2021-07-25;1017;784;1106267;928109;54.4;45.6
13;2021-07-26;11668;9112;1117935;937221;54.9;46.1
13;2021-07-27;13630;9426;1131565;946647;55.6;46.5
13;2021-07-28;12352;8181;1143917;954828;56.2;46.9
13;2021-07-29;13853;8168;1157770;962996;56.9;47.3
13;2021-07-30;13754;8669;1171524;971665;57.6;47.8
13;2021-07-31;8708;5856;1180232;977521;58.0;48.0
13;2021-08-01;1106;729;1181338;978250;58.1;48.1
13;2021-08-02;10052;6722;1191390;984972;58.6;48.4
13;2021-08-03;11091;7307;1202481;992279;59.1;48.8
13;2021-08-04;9436;6566;1211917;998845;59.6;49.1
13;2021-08-05;9448;7565;1221365;1006410;60.0;49.5
13;2021-08-06;9159;9022;1230524;1015432;60.5;49.9
13;2021-08-07;5433;5577;1235957;1021009;60.8;50.2
13;2021-08-08;906;804;1236863;1021813;60.8;50.2
13;2021-08-09;8299;9068;1245162;1030881;61.2;50.7
13;2021-08-10;9032;8898;1254194;1039779;61.6;51.1
13;2021-08-11;7794;8533;1261988;1048312;62.0;51.5
13;2021-08-12;7640;9658;1269628;1057970;62.4;52.0
13;2021-08-13;6926;9181;1276554;1067151;62.7;52.5
13;2021-08-14;3695;6455;1280249;1073606;62.9;52.8
13;2021-08-15;479;733;1280728;1074339;63.0;52.8
13;2021-08-16;6429;11073;1287157;1085412;63.3;53.4
13;2021-08-17;6636;10608;1293793;1096020;63.6;53.9
13;2021-08-18;6312;10165;1300105;1106185;63.9;54.4
13;2021-08-19;6649;10597;1306754;1116782;64.2;54.9
13;2021-08-20;5792;11228;1312546;1128010;64.5;55.4
13;2021-08-21;2611;7564;1315157;1135574;64.6;55.8
13;2021-08-22;368;1091;1315525;1136665;64.7;55.9
13;2021-08-23;4918;11201;1320443;1147866;64.9;56.4
13;2021-08-24;5403;10901;1325846;1158767;65.2;57.0
13;2021-08-25;5155;10076;1331001;1168843;65.4;57.5
13;2021-08-26;5083;9755;1336084;1178598;65.7;57.9
13;2021-08-27;4987;10615;1341071;1189213;65.9;58.5
13;2021-08-28;2330;6454;1343401;1195667;66.0;58.8
13;2021-08-29;335;1135;1343736;1196802;66.0;58.8
13;2021-08-30;4190;9847;1347926;1206649;66.3;59.3
13;2021-08-31;4476;10096;1352402;1216745;66.5;59.8
13;2021-09-01;4161;8561;1356563;1225306;66.7;60.2
13;2021-09-02;4189;8453;1360752;1233759;66.9;60.6
13;2021-09-03;4231;9277;1364983;1243036;67.1;61.1
13;2021-09-04;2141;5542;1367124;1248578;67.2;61.4
13;2021-09-05;182;392;1367306;1248970;67.2;61.4
13;2021-09-06;3069;6689;1370375;1255659;67.4;61.7
13;2021-09-07;3182;7257;1373557;1262916;67.5;62.1
13;2021-09-08;3390;7139;1376947;1270055;67.7;62.4
13;2021-09-09;3120;6676;1380067;1276731;67.8;62.8
13;2021-09-10;3522;7708;1383589;1284439;68.0;63.1
13;2021-09-11;2271;5451;1385860;1289890;68.1;63.4
13;2021-09-12;213;323;1386073;1290213;68.1;63.4
13;2021-09-13;2367;5128;1388440;1295341;68.2;63.7
14;2020-12-27;0;0;0;0;0.0;0.0
14;2020-12-28;1;1;1;1;0.0;0.0
14;2020-12-29;0;0;1;1;0.0;0.0
14;2020-12-30;0;0;1;1;0.0;0.0
14;2020-12-31;3;0;4;1;0.0;0.0
14;2021-01-01;1;0;5;1;0.0;0.0
14;2021-01-02;1;0;6;1;0.0;0.0
14;2021-01-03;0;0;6;1;0.0;0.0
14;2021-01-04;10;0;16;1;0.0;0.0
14;2021-01-05;24;0;40;1;0.0;0.0
14;2021-01-06;349;0;389;1;0.1;0.0
14;2021-01-07;402;2;791;3;0.1;0.0
14;2021-01-08;631;2;1422;5;0.2;0.0
14;2021-01-09;127;0;1549;5;0.2;0.0
14;2021-01-10;41;0;1590;5;0.2;0.0
14;2021-01-11;673;1;2263;6;0.3;0.0
14;2021-01-12;954;2;3217;8;0.5;0.0
14;2021-01-13;849;1;4066;9;0.6;0.0
14;2021-01-14;2838;15;6904;24;1.0;0.0
14;2021-01-15;1896;17;8800;41;1.3;0.0
14;2021-01-16;271;2;9071;43;1.3;0.0
14;2021-01-17;145;7;9216;50;1.3;0.0
14;2021-01-18;1085;5;10301;55;1.5;0.0
14;2021-01-19;1154;2;11455;57;1.7;0.0
14;2021-01-20;1988;2;13443;59;1.9;0.0
14;2021-01-21;1816;6;15259;65;2.2;0.0
14;2021-01-22;1495;5;16754;70;2.4;0.0
14;2021-01-23;297;1;17051;71;2.5;0.0
14;2021-01-24;72;0;17123;71;2.5;0.0
14;2021-01-25;911;10;18034;81;2.6;0.0
14;2021-01-26;848;35;18882;116;2.7;0.0
14;2021-01-27;884;157;19766;273;2.9;0.0
14;2021-01-28;782;145;20548;418;3.0;0.1
14;2021-01-29;786;221;21334;639;3.1;0.1
14;2021-01-30;270;11;21604;650;3.1;0.1
14;2021-01-31;58;1;21662;651;3.1;0.1
14;2021-02-01;728;219;22390;870;3.2;0.1
14;2021-02-02;829;413;23219;1283;3.4;0.2
14;2021-02-03;761;371;23980;1654;3.5;0.2
14;2021-02-04;1170;1913;25150;3567;3.6;0.5
14;2021-02-05;1295;1283;26445;4850;3.8;0.7
14;2021-02-06;396;211;26841;5061;3.9;0.7
14;2021-02-07;179;59;27020;5120;3.9;0.7
14;2021-02-08;774;685;27794;5805;4.0;0.8
14;2021-02-09;722;897;28516;6702;4.1;1.0
14;2021-02-10;825;1442;29341;8144;4.2;1.2
14;2021-02-11;1351;1361;30692;9505;4.4;1.4
14;2021-02-12;1382;968;32074;10473;4.6;1.5
14;2021-02-13;308;152;32382;10625;4.7;1.5
14;2021-02-14;84;49;32466;10674;4.7;1.5
14;2021-02-15;441;880;32907;11554;4.8;1.7
14;2021-02-16;679;735;33586;12289;4.9;1.8
14;2021-02-17;406;782;33992;13071;4.9;1.9
14;2021-02-18;706;708;34698;13779;5.0;2.0
14;2021-02-19;733;653;35431;14432;5.1;2.1
14;2021-02-20;88;214;35519;14646;5.1;2.1
14;2021-02-21;6;79;35525;14725;5.1;2.1
14;2021-02-22;431;821;35956;15546;5.2;2.2
14;2021-02-23;486;711;36442;16257;5.3;2.4
14;2021-02-24;438;712;36880;16969;5.3;2.5
14;2021-02-25;1224;999;38104;17968;5.5;2.6
14;2021-02-26;1576;1035;39680;19003;5.7;2.7
14;2021-02-27;507;232;40187;19235;5.8;2.8
14;2021-02-28;27;32;40214;19267;5.8;2.8
14;2021-03-01;522;763;40736;20030;5.9;2.9
14;2021-03-02;966;684;41702;20714;6.0;3.0
14;2021-03-03;1080;726;42782;21440;6.2;3.1
14;2021-03-04;1949;735;44731;22175;6.5;3.2
14;2021-03-05;2433;803;47164;22978;6.8;3.3
14;2021-03-06;3076;176;50240;23154;7.3;3.3
14;2021-03-07;1196;61;51436;23215;7.4;3.4
14;2021-03-08;1252;723;52688;23938;7.6;3.5
14;2021-03-09;1741;651;54429;24589;7.9;3.6
14;2021-03-10;1835;544;56264;25133;8.1;3.6
14;2021-03-11;2757;444;59021;25577;8.5;3.7
14;2021-03-12;4045;550;63066;26127;9.1;3.8
14;2021-03-13;1853;174;64919;26301;9.4;3.8
14;2021-03-14;31;38;64950;26339;9.4;3.8
14;2021-03-15;2005;142;66955;26481;9.7;3.8
14;2021-03-16;1401;267;68356;26748;9.9;3.9
14;2021-03-17;1155;194;69511;26942;10.1;3.9
14;2021-03-18;1481;296;70992;27238;10.3;3.9
14;2021-03-19;2608;260;73600;27498;10.6;4.0
14;2021-03-20;2659;41;76259;27539;11.0;4.0
14;2021-03-21;454;8;76713;27547;11.1;4.0
14;2021-03-22;1872;363;78585;27910;11.4;4.0
14;2021-03-23;2178;318;80763;28228;11.7;4.1
14;2021-03-24;2432;192;83195;28420;12.0;4.1
14;2021-03-25;3292;318;86487;28738;12.5;4.2
14;2021-03-26;4607;475;91094;29213;13.2;4.2
14;2021-03-27;2231;225;93325;29438;13.5;4.3
14;2021-03-28;36;1;93361;29439;13.5;4.3
14;2021-03-29;1614;478;94975;29917;13.7;4.3
14;2021-03-30;2722;516;97697;30433;14.1;4.4
14;2021-03-31;2326;921;100023;31354;14.5;4.5
14;2021-04-01;4174;1680;104197;33034;15.1;4.8
14;2021-04-02;3867;1266;108064;34300;15.6;5.0
14;2021-04-03;1128;1198;109192;35498;15.8;5.1
14;2021-04-04;25;481;109217;35979;15.8;5.2
14;2021-04-05;1219;324;110436;36303;16.0;5.3
14;2021-04-06;2383;995;112819;37298;16.3;5.4
14;2021-04-07;2729;1029;115548;38327;16.7;5.5
14;2021-04-08;4301;1118;119849;39445;17.3;5.7
14;2021-04-09;6030;1185;125879;40630;18.2;5.9
14;2021-04-10;2896;439;128775;41069;18.6;5.9
14;2021-04-11;628;121;129403;41190;18.7;6.0
14;2021-04-12;2915;1583;132318;42773;19.1;6.2
14;2021-04-13;3471;1442;135789;44215;19.6;6.4
14;2021-04-14;3122;1165;138911;45380;20.1;6.6
14;2021-04-15;4400;1499;143311;46879;20.7;6.8
14;2021-04-16;4600;1563;147911;48442;21.4;7.0
14;2021-04-17;2312;1668;150223;50110;21.7;7.2
14;2021-04-18;539;327;150762;50437;21.8;7.3
14;2021-04-19;2759;1684;153521;52121;22.2;7.5
14;2021-04-20;3390;1816;156911;53937;22.7;7.8
14;2021-04-21;3015;1468;159926;55405;23.1;8.0
14;2021-04-22;4228;2088;164154;57493;23.7;8.3
14;2021-04-23;4650;2302;168804;59795;24.4;8.6
14;2021-04-24;1852;1748;170656;61543;24.7;8.9
14;2021-04-25;456;29;171112;61572;24.7;8.9
14;2021-04-26;3378;1566;174490;63138;25.2;9.1
14;2021-04-27;3504;2565;177994;65703;25.7;9.5
14;2021-04-28;3245;1897;181239;67600;26.2;9.8
14;2021-04-29;4545;2310;185784;69910;26.9;10.1
14;2021-04-30;5125;2632;190909;72542;27.6;10.5
14;2021-05-01;3554;200;194463;72742;28.1;10.5
14;2021-05-02;1237;55;195700;72797;28.3;10.5
14;2021-05-03;2483;2766;198183;75563;28.7;10.9
14;2021-05-04;3128;2893;201311;78456;29.1;11.3
14;2021-05-05;3688;2742;204999;81198;29.6;11.7
14;2021-05-06;4930;3475;209929;84673;30.4;12.2
14;2021-05-07;4868;3835;214797;88508;31.1;12.8
14;2021-05-08;2728;1263;217525;89771;31.5;13.0
14;2021-05-09;1915;670;219440;90441;31.7;13.1
14;2021-05-10;3635;3146;223075;93587;32.3;13.5
14;2021-05-11;4346;3602;227421;97189;32.9;14.1
14;2021-05-12;4051;3212;231472;100401;33.5;14.5
14;2021-05-13;4690;1131;236162;101532;34.2;14.7
14;2021-05-14;6675;2626;242837;104158;35.1;15.1
14;2021-05-15;5150;778;247987;104936;35.9;15.2
14;2021-05-16;2319;120;250306;105056;36.2;15.2
14;2021-05-17;2820;2259;253126;107315;36.6;15.5
14;2021-05-18;4090;2237;257216;109552;37.2;15.8
14;2021-05-19;3752;2021;260968;111573;37.7;16.1
14;2021-05-20;4482;2764;265450;114337;38.4;16.5
14;2021-05-21;4277;3522;269727;117859;39.0;17.0
14;2021-05-22;1670;862;271397;118721;39.3;17.2
14;2021-05-23;649;71;272046;118792;39.3;17.2
14;2021-05-24;2845;750;274891;119542;39.8;17.3
14;2021-05-25;3637;3382;278528;122924;40.3;17.8
14;2021-05-26;3439;2406;281967;125330;40.8;18.1
14;2021-05-27;4771;3231;286738;128561;41.5;18.6
14;2021-05-28;5093;3870;291831;132431;42.2;19.2
14;2021-05-29;2341;2457;294172;134888;42.5;19.5
14;2021-05-30;760;237;294932;135125;42.7;19.5
14;2021-05-31;4092;2963;299024;138088;43.2;20.0
14;2021-06-01;5740;3211;304764;141299;44.1;20.4
14;2021-06-02;5028;2859;309792;144158;44.8;20.8
14;2021-06-03;6661;4018;316453;148176;45.8;21.4
14;2021-06-04;6446;5131;322899;153307;46.7;22.2
14;2021-06-05;4360;1861;327259;155168;47.3;22.4
14;2021-06-06;2045;83;329304;155251;47.6;22.5
14;2021-06-07;4252;3448;333556;158699;48.2;23.0
14;2021-06-08;5239;3133;338795;161832;49.0;23.4
14;2021-06-09;4272;2965;343067;164797;49.6;23.8
14;2021-06-10;5083;2970;348150;167767;50.4;24.3
14;2021-06-11;4843;4876;352993;172643;51.1;25.0
14;2021-06-12;3679;4519;356672;177162;51.6;25.6
14;2021-06-13;849;1089;357521;178251;51.7;25.8
14;2021-06-14;2186;3791;359707;182042;52.0;26.3
14;2021-06-15;3316;3970;363023;186012;52.5;26.9
14;2021-06-16;3449;4554;366472;190566;53.0;27.6
14;2021-06-17;4234;5263;370706;195829;53.6;28.3
14;2021-06-18;3734;6118;374440;201947;54.2;29.2
14;2021-06-19;2591;2951;377031;204898;54.5;29.6
14;2021-06-20;580;1556;377611;206454;54.6;29.9
14;2021-06-21;2122;4356;379733;210810;54.9;30.5
14;2021-06-22;2583;5178;382316;215988;55.3;31.2
14;2021-06-23;2502;4348;384818;220336;55.7;31.9
14;2021-06-24;3450;5810;388268;226146;56.2;32.7
14;2021-06-25;2752;7272;391020;233418;56.6;33.8
14;2021-06-26;2176;4540;393196;237958;56.9;34.4
14;2021-06-27;440;1828;393636;239786;56.9;34.7
14;2021-06-28;1311;3963;394947;243749;57.1;35.3
14;2021-06-29;1791;5365;396738;249114;57.4;36.0
14;2021-06-30;2024;4618;398762;253732;57.7;36.7
14;2021-07-01;2932;5064;401694;258796;58.1;37.4
14;2021-07-02;2601;6668;404295;265464;58.5;38.4
14;2021-07-03;1430;2645;405725;268109;58.7;38.8
14;2021-07-04;422;713;406147;268822;58.7;38.9
14;2021-07-05;1192;4780;407339;273602;58.9;39.6
14;2021-07-06;2093;6001;409432;279603;59.2;40.4
14;2021-07-07;2260;4576;411692;284179;59.5;41.1
14;2021-07-08;2912;5524;414604;289703;60.0;41.9
14;2021-07-09;2771;6431;417375;296134;60.4;42.8
14;2021-07-10;2041;3203;419416;299337;60.7;43.3
14;2021-07-11;900;872;420316;300209;60.8;43.4
14;2021-07-12;1635;5902;421951;306111;61.0;44.3
14;2021-07-13;3085;7343;425036;313454;61.5;45.3
14;2021-07-14;2259;3061;427295;316515;61.8;45.8
14;2021-07-15;4173;7653;431468;324168;62.4;46.9
14;2021-07-16;4710;7691;436178;331859;63.1;48.0
14;2021-07-17;2117;4210;438295;336069;63.4;48.6
14;2021-07-18;822;1870;439117;337939;63.5;48.9
14;2021-07-19;2600;6123;441717;344062;63.9;49.8
14;2021-07-20;3247;7255;444964;351317;64.4;50.8
14;2021-07-21;4107;5843;449071;357160;64.9;51.7
14;2021-07-22;4855;6604;453926;363764;65.6;52.6
14;2021-07-23;5385;6769;459311;370533;66.4;53.6
14;2021-07-24;3085;3790;462396;374323;66.9;54.1
14;2021-07-25;1506;1248;463902;375571;67.1;54.3
14;2021-07-26;4684;4186;468586;379757;67.8;54.9
14;2021-07-27;5405;4360;473991;384117;68.5;55.6
14;2021-07-28;5117;3972;479108;388089;69.3;56.1
14;2021-07-29;6445;4884;485553;392973;70.2;56.8
14;2021-07-30;5841;5166;491394;398139;71.1;57.6
14;2021-07-31;2774;2509;494168;400648;71.5;57.9
14;2021-08-01;1895;933;496063;401581;71.7;58.1
14;2021-08-02;3948;4289;500011;405870;72.3;58.7
14;2021-08-03;4480;4170;504491;410040;73.0;59.3
14;2021-08-04;4648;3537;509139;413577;73.6;59.8
14;2021-08-05;4660;4036;513799;417613;74.3;60.4
14;2021-08-06;4428;4807;518227;422420;74.9;61.1
14;2021-08-07;2133;2295;520360;424715;75.3;61.4
14;2021-08-08;638;853;520998;425568;75.3;61.5
14;2021-08-09;2128;2876;523126;428444;75.7;62.0
14;2021-08-10;3659;4171;526785;432615;76.2;62.6
14;2021-08-11;3075;3456;529860;436071;76.6;63.1
14;2021-08-12;3483;4347;533343;440418;77.1;63.7
14;2021-08-13;2636;4137;535979;444555;77.5;64.3
14;2021-08-14;1424;2008;537403;446563;77.7;64.6
14;2021-08-15;391;1483;537794;448046;77.8;64.8
14;2021-08-16;1831;2782;539625;450828;78.0;65.2
14;2021-08-17;2261;4565;541886;455393;78.4;65.9
14;2021-08-18;2064;4524;543950;459917;78.7;66.5
14;2021-08-19;2333;5085;546283;465002;79.0;67.2
14;2021-08-20;2185;5403;548468;470405;79.3;68.0
14;2021-08-21;1014;2836;549482;473241;79.5;68.4
14;2021-08-22;170;1564;549652;474805;79.5;68.7
14;2021-08-23;1263;4169;550915;478974;79.7;69.3
14;2021-08-24;1325;4304;552240;483278;79.9;69.9
14;2021-08-25;1391;4399;553631;487677;80.1;70.5
14;2021-08-26;1421;5078;555052;492755;80.3;71.3
14;2021-08-27;1466;5289;556518;498044;80.5;72.0
14;2021-08-28;729;3004;557247;501048;80.6;72.5
14;2021-08-29;183;1013;557430;502061;80.6;72.6
14;2021-08-30;1011;3630;558441;505691;80.8;73.1
14;2021-08-31;1321;4802;559762;510493;81.0;73.8
14;2021-09-01;1064;3984;560826;514477;81.1;74.4
14;2021-09-02;857;3349;561683;517826;81.2;74.9
14;2021-09-03;1173;4355;562856;522181;81.4;75.5
14;2021-09-04;661;2371;563517;524552;81.5;75.9
14;2021-09-05;126;413;563643;524965;81.5;75.9
14;2021-09-06;463;2221;564106;527186;81.6;76.2
14;2021-09-07;495;2200;564601;529386;81.7;76.6
14;2021-09-08;677;3170;565278;532556;81.8;77.0
14;2021-09-09;589;2210;565867;534766;81.8;77.3
14;2021-09-10;762;2866;566629;537632;81.9;77.8
14;2021-09-11;518;1625;567147;539257;82.0;78.0
14;2021-09-12;75;294;567222;539551;82.0;78.0
14;2021-09-13;310;1559;567532;541110;82.1;78.3
15;2020-12-27;2;0;2;0;0.0;0.0
15;2020-12-28;0;0;2;0;0.0;0.0
15;2020-12-29;0;0;2;0;0.0;0.0
15;2020-12-30;0;0;2;0;0.0;0.0
15;2020-12-31;0;0;2;0;0.0;0.0
15;2021-01-01;1;0;3;0;0.0;0.0
15;2021-01-02;0;0;3;0;0.0;0.0
15;2021-01-03;0;0;3;0;0.0;0.0
15;2021-01-04;0;0;3;0;0.0;0.0
15;2021-01-05;0;0;3;0;0.0;0.0
15;2021-01-06;0;0;3;0;0.0;0.0
15;2021-01-07;72;0;75;0;0.1;0.0
15;2021-01-08;110;0;185;0;0.1;0.0
15;2021-01-09;0;0;185;0;0.1;0.0
15;2021-01-10;2;0;187;0;0.1;0.0
15;2021-01-11;99;0;286;0;0.2;0.0
15;2021-01-12;94;0;380;0;0.3;0.0
15;2021-01-13;230;0;610;0;0.4;0.0
15;2021-01-14;313;1;923;1;0.6;0.0
15;2021-01-15;138;0;1061;1;0.7;0.0
15;2021-01-16;90;0;1151;1;0.8;0.0
15;2021-01-17;0;0;1151;1;0.8;0.0
15;2021-01-18;404;2;1555;3;1.1;0.0
15;2021-01-19;550;0;2105;3;1.5;0.0
15;2021-01-20;629;1;2734;4;1.9;0.0
15;2021-01-21;576;4;3310;8;2.3;0.0
15;2021-01-22;503;1;3813;9;2.7;0.0
15;2021-01-23;432;1;4245;10;3.0;0.0
15;2021-01-24;6;0;4251;10;3.0;0.0
15;2021-01-25;401;0;4652;10;3.3;0.0
15;2021-01-26;437;0;5089;10;3.6;0.0
15;2021-01-27;736;7;5825;17;4.1;0.0
15;2021-01-28;624;51;6449;68;4.5;0.0
15;2021-01-29;336;80;6785;148;4.8;0.1
15;2021-01-30;218;3;7003;151;4.9;0.1
15;2021-01-31;1;1;7004;152;4.9;0.1
15;2021-02-01;239;81;7243;233;5.1;0.2
15;2021-02-02;188;80;7431;313;5.2;0.2
15;2021-02-03;267;145;7698;458;5.4;0.3
15;2021-02-04;663;166;8361;624;5.9;0.4
15;2021-02-05;296;201;8657;825;6.1;0.6
15;2021-02-06;98;52;8755;877;6.1;0.6
15;2021-02-07;0;0;8755;877;6.1;0.6
15;2021-02-08;233;87;8988;964;6.3;0.7
15;2021-02-09;205;105;9193;1069;6.4;0.7
15;2021-02-10;338;287;9531;1356;6.7;0.9
15;2021-02-11;117;225;9648;1581;6.8;1.1
15;2021-02-12;136;145;9784;1726;6.9;1.2
15;2021-02-13;92;76;9876;1802;6.9;1.3
15;2021-02-14;0;0;9876;1802;6.9;1.3
15;2021-02-15;64;177;9940;1979;7.0;1.4
15;2021-02-16;52;249;9992;2228;7.0;1.6
15;2021-02-17;134;382;10126;2610;7.1;1.8
15;2021-02-18;87;679;10213;3289;7.2;2.3
15;2021-02-19;90;375;10303;3664;7.2;2.6
15;2021-02-20;20;212;10323;3876;7.2;2.7
15;2021-02-21;0;0;10323;3876;7.2;2.7
15;2021-02-22;23;405;10346;4281;7.2;3.0
15;2021-02-23;180;386;10526;4667;7.4;3.3
15;2021-02-24;31;400;10557;5067;7.4;3.5
15;2021-02-25;228;911;10785;5978;7.6;4.2
15;2021-02-26;186;431;10971;6409;7.7;4.5
15;2021-02-27;145;74;11116;6483;7.8;4.5
15;2021-02-28;1;0;11117;6483;7.8;4.5
15;2021-03-01;121;192;11238;6675;7.9;4.7
15;2021-03-02;250;279;11488;6954;8.0;4.9
15;2021-03-03;207;26;11695;6980;8.2;4.9
15;2021-03-04;246;225;11941;7205;8.4;5.0
15;2021-03-05;348;166;12289;7371;8.6;5.2
15;2021-03-06;680;11;12969;7382;9.1;5.2
15;2021-03-07;81;2;13050;7384;9.1;5.2
15;2021-03-08;93;93;13143;7477;9.2;5.2
15;2021-03-09;281;270;13424;7747;9.4;5.4
15;2021-03-10;417;166;13841;7913;9.7;5.5
15;2021-03-11;434;283;14275;8196;10.0;5.7
15;2021-03-12;525;90;14800;8286;10.4;5.8
15;2021-03-13;355;7;15155;8293;10.6;5.8
15;2021-03-14;18;0;15173;8293;10.6;5.8
15;2021-03-15;542;64;15715;8357;11.0;5.9
15;2021-03-16;328;21;16043;8378;11.2;5.9
15;2021-03-17;130;53;16173;8431;11.3;5.9
15;2021-03-18;250;94;16423;8525;11.5;6.0
15;2021-03-19;669;32;17092;8557;12.0;6.0
15;2021-03-20;148;36;17240;8593;12.1;6.0
15;2021-03-21;6;0;17246;8593;12.1;6.0
15;2021-03-22;575;79;17821;8672;12.5;6.1
15;2021-03-23;776;98;18597;8770;13.0;6.1
15;2021-03-24;937;35;19534;8805;13.7;6.2
15;2021-03-25;1282;33;20816;8838;14.6;6.2
15;2021-03-26;1009;61;21825;8899;15.3;6.2
15;2021-03-27;301;7;22126;8906;15.5;6.2
15;2021-03-28;20;0;22146;8906;15.5;6.2
15;2021-03-29;782;18;22928;8924;16.1;6.2
15;2021-03-30;1136;202;24064;9126;16.9;6.4
15;2021-03-31;941;26;25005;9152;17.5;6.4
15;2021-04-01;1233;60;26238;9212;18.4;6.5
15;2021-04-02;1142;61;27380;9273;19.2;6.5
15;2021-04-03;120;18;27500;9291;19.3;6.5
15;2021-04-04;0;0;27500;9291;19.3;6.5
15;2021-04-05;33;3;27533;9294;19.3;6.5
15;2021-04-06;834;86;28367;9380;19.9;6.6
15;2021-04-07;663;108;29030;9488;20.3;6.6
15;2021-04-08;1247;150;30277;9638;21.2;6.7
15;2021-04-09;1277;105;31554;9743;22.1;6.8
15;2021-04-10;364;20;31918;9763;22.3;6.8
15;2021-04-11;14;0;31932;9763;22.4;6.8
15;2021-04-12;644;456;32576;10219;22.8;7.2
15;2021-04-13;1124;321;33700;10540;23.6;7.4
15;2021-04-14;1039;199;34739;10739;24.3;7.5
15;2021-04-15;1183;310;35922;11049;25.2;7.7
15;2021-04-16;1038;551;36960;11600;25.9;8.1
15;2021-04-17;445;14;37405;11614;26.2;8.1
15;2021-04-18;0;10;37405;11624;26.2;8.1
15;2021-04-19;539;514;37944;12138;26.6;8.5
15;2021-04-20;847;615;38791;12753;27.2;8.9
15;2021-04-21;593;651;39384;13404;27.6;9.4
15;2021-04-22;728;775;40112;14179;28.1;9.9
15;2021-04-23;731;676;40843;14855;28.6;10.4
15;2021-04-24;363;123;41206;14978;28.9;10.5
15;2021-04-25;1;3;41207;14981;28.9;10.5
15;2021-04-26;325;632;41532;15613;29.1;10.9
15;2021-04-27;469;939;42001;16552;29.4;11.6
15;2021-04-28;383;785;42384;17337;29.7;12.1
15;2021-04-29;587;1008;42971;18345;30.1;12.8
15;2021-04-30;547;1071;43518;19416;30.5;13.6
15;2021-05-01;283;30;43801;19446;30.7;13.6
15;2021-05-02;0;0;43801;19446;30.7;13.6
15;2021-05-03;881;331;44682;19777;31.3;13.8
15;2021-05-04;802;854;45484;20631;31.8;14.4
15;2021-05-05;676;680;46160;21311;32.3;14.9
15;2021-05-06;827;967;46987;22278;32.9;15.6
15;2021-05-07;1154;904;48141;23182;33.7;16.2
15;2021-05-08;491;55;48632;23237;34.1;16.3
15;2021-05-09;24;9;48656;23246;34.1;16.3
15;2021-05-10;705;910;49361;24156;34.6;16.9
15;2021-05-11;1186;1182;50547;25338;35.4;17.7
15;2021-05-12;1147;836;51694;26174;36.2;18.3
15;2021-05-13;1165;440;52859;26614;37.0;18.6
15;2021-05-14;1504;582;54363;27196;38.1;19.0
15;2021-05-15;1410;418;55773;27614;39.1;19.3
15;2021-05-16;1;10;55774;27624;39.1;19.3
15;2021-05-17;999;605;56773;28229;39.8;19.8
15;2021-05-18;1222;970;57995;29199;40.6;20.4
15;2021-05-19;1020;459;59015;29658;41.3;20.8
15;2021-05-20;1239;782;60254;30440;42.2;21.3
15;2021-05-21;1349;748;61603;31188;43.1;21.8
15;2021-05-22;527;188;62130;31376;43.5;22.0
15;2021-05-23;2;11;62132;31387;43.5;22.0
15;2021-05-24;693;257;62825;31644;44.0;22.2
15;2021-05-25;1151;620;63976;32264;44.8;22.6
15;2021-05-26;1095;459;65071;32723;45.6;22.9
15;2021-05-27;1271;660;66342;33383;46.5;23.4
15;2021-05-28;1509;882;67851;34265;47.5;24.0
15;2021-05-29;984;361;68835;34626;48.2;24.2
15;2021-05-30;14;25;68849;34651;48.2;24.3
15;2021-05-31;1201;479;70050;35130;49.1;24.6
15;2021-06-01;1400;570;71450;35700;50.0;25.0
15;2021-06-02;865;417;72315;36117;50.6;25.3
15;2021-06-03;932;706;73247;36823;51.3;25.8
15;2021-06-04;1076;713;74323;37536;52.0;26.3
15;2021-06-05;651;262;74974;37798;52.5;26.5
15;2021-06-06;16;20;74990;37818;52.5;26.5
15;2021-06-07;797;349;75787;38167;53.1;26.7
15;2021-06-08;477;393;76264;38560;53.4;27.0
15;2021-06-09;377;377;76641;38937;53.7;27.3
15;2021-06-10;276;423;76917;39360;53.9;27.6
15;2021-06-11;661;1099;77578;40459;54.3;28.3
15;2021-06-12;377;467;77955;40926;54.6;28.7
15;2021-06-13;11;6;77966;40932;54.6;28.7
15;2021-06-14;542;977;78508;41909;55.0;29.3
15;2021-06-15;450;1164;78958;43073;55.3;30.2
15;2021-06-16;543;899;79501;43972;55.7;30.8
15;2021-06-17;290;934;79791;44906;55.9;31.4
15;2021-06-18;741;1206;80532;46112;56.4;32.3
15;2021-06-19;543;705;81075;46817;56.8;32.8
15;2021-06-20;11;1;81086;46818;56.8;32.8
15;2021-06-21;280;1042;81366;47860;57.0;33.5
15;2021-06-22;232;1479;81598;49339;57.1;34.5
15;2021-06-23;346;1445;81944;50784;57.4;35.6
15;2021-06-24;292;1094;82236;51878;57.6;36.3
15;2021-06-25;379;1640;82615;53518;57.8;37.5
15;2021-06-26;165;908;82780;54426;58.0;38.1
15;2021-06-27;0;0;82780;54426;58.0;38.1
15;2021-06-28;176;1227;82956;55653;58.1;39.0
15;2021-06-29;303;1264;83259;56917;58.3;39.9
15;2021-06-30;268;981;83527;57898;58.5;40.5
15;2021-07-01;381;1220;83908;59118;58.8;41.4
15;2021-07-02;410;1348;84318;60466;59.0;42.3
15;2021-07-03;251;707;84569;61173;59.2;42.8
15;2021-07-04;1;1;84570;61174;59.2;42.8
15;2021-07-05;248;1257;84818;62431;59.4;43.7
15;2021-07-06;274;1467;85092;63898;59.6;44.7
15;2021-07-07;256;1344;85348;65242;59.8;45.7
15;2021-07-08;489;1353;85837;66595;60.1;46.6
15;2021-07-09;488;1783;86325;68378;60.4;47.9
15;2021-07-10;215;862;86540;69240;60.6;48.5
15;2021-07-11;9;5;86549;69245;60.6;48.5
15;2021-07-12;277;1484;86826;70729;60.8;49.5
15;2021-07-13;587;1769;87413;72498;61.2;50.8
15;2021-07-14;16;130;87429;72628;61.2;50.9
15;2021-07-15;1132;729;88561;73357;62.0;51.4
15;2021-07-16;1141;1336;89702;74693;62.8;52.3
15;2021-07-17;820;953;90522;75646;63.4;53.0
15;2021-07-18;0;3;90522;75649;63.4;53.0
15;2021-07-19;1075;1270;91597;76919;64.1;53.9
15;2021-07-20;1614;569;93211;77488;65.3;54.3
15;2021-07-21;1189;603;94400;78091;66.1;54.7
15;2021-07-22;894;513;95294;78604;66.7;55.0
15;2021-07-23;1341;1064;96635;79668;67.7;55.8
15;2021-07-24;628;769;97263;80437;68.1;56.3
15;2021-07-25;1;24;97264;80461;68.1;56.3
15;2021-07-26;1248;593;98512;81054;69.0;56.8
15;2021-07-27;1692;574;100204;81628;70.2;57.2
15;2021-07-28;1239;581;101443;82209;71.0;57.6
15;2021-07-29;837;399;102280;82608;71.6;57.8
15;2021-07-30;1008;1131;103288;83739;72.3;58.6
15;2021-07-31;604;637;103892;84376;72.7;59.1
15;2021-08-01;21;12;103913;84388;72.8;59.1
15;2021-08-02;1143;542;105056;84930;73.6;59.5
15;2021-08-03;1164;382;106220;85312;74.4;59.7
15;2021-08-04;789;408;107009;85720;74.9;60.0
15;2021-08-05;383;284;107392;86004;75.2;60.2
15;2021-08-06;790;1235;108182;87239;75.8;61.1
15;2021-08-07;264;1161;108446;88400;75.9;61.9
15;2021-08-08;3;6;108449;88406;75.9;61.9
15;2021-08-09;512;1165;108961;89571;76.3;62.7
15;2021-08-10;434;724;109395;90295;76.6;63.2
15;2021-08-11;411;1006;109806;91301;76.9;63.9
15;2021-08-12;523;1183;110329;92484;77.3;64.8
15;2021-08-13;681;1137;111010;93621;77.7;65.6
15;2021-08-14;179;552;111189;94173;77.9;65.9
15;2021-08-15;17;9;111206;94182;77.9;65.9
15;2021-08-16;387;1134;111593;95316;78.1;66.7
15;2021-08-17;399;1140;111992;96456;78.4;67.5
15;2021-08-18;368;803;112360;97259;78.7;68.1
15;2021-08-19;300;878;112660;98137;78.9;68.7
15;2021-08-20;601;1214;113261;99351;79.3;69.6
15;2021-08-21;217;866;113478;100217;79.5;70.2
15;2021-08-22;12;26;113490;100243;79.5;70.2
15;2021-08-23;227;611;113717;100854;79.6;70.6
15;2021-08-24;245;590;113962;101444;79.8;71.0
15;2021-08-25;150;492;114112;101936;79.9;71.4
15;2021-08-26;136;362;114248;102298;80.0;71.6
15;2021-08-27;365;1337;114613;103635;80.3;72.6
15;2021-08-28;214;857;114827;104492;80.4;73.2
15;2021-08-29;7;13;114834;104505;80.4;73.2
15;2021-08-30;223;1062;115057;105567;80.6;73.9
15;2021-08-31;402;664;115459;106231;80.8;74.4
15;2021-09-01;182;445;115641;106676;81.0;74.7
15;2021-09-02;91;275;115732;106951;81.0;74.9
15;2021-09-03;201;1007;115933;107958;81.2;75.6
15;2021-09-04;150;422;116083;108380;81.3;75.9
15;2021-09-05;0;2;116083;108382;81.3;75.9
15;2021-09-06;98;491;116181;108873;81.4;76.2
15;2021-09-07;98;269;116279;109142;81.4;76.4
15;2021-09-08;199;613;116478;109755;81.6;76.9
15;2021-09-09;102;353;116580;110108;81.6;77.1
15;2021-09-10;231;1004;116811;111112;81.8;77.8
15;2021-09-11;95;365;116906;111477;81.9;78.1
15;2021-09-12;0;0;116906;111477;81.9;78.1
15;2021-09-13;102;406;117008;111883;81.9;78.3
16;2020-12-27;0;0;0;0;0.0;0.0
16;2020-12-28;2;0;2;0;0.0;0.0
16;2020-12-29;0;0;2;0;0.0;0.0
16;2020-12-30;1;0;3;0;0.0;0.0
16;2020-12-31;0;0;3;0;0.0;0.0
16;2021-01-01;0;0;3;0;0.0;0.0
16;2021-01-02;0;0;3;0;0.0;0.0
16;2021-01-03;0;0;3;0;0.0;0.0
16;2021-01-04;1;0;4;0;0.0;0.0
16;2021-01-05;1;0;5;0;0.0;0.0
16;2021-01-06;88;0;93;0;0.0;0.0
16;2021-01-07;240;0;333;0;0.1;0.0
16;2021-01-08;465;2;798;2;0.2;0.0
16;2021-01-09;1;0;799;2;0.2;0.0
16;2021-01-10;1;0;800;2;0.2;0.0
16;2021-01-11;304;0;1104;2;0.3;0.0
16;2021-01-12;437;1;1541;3;0.4;0.0
16;2021-01-13;480;0;2021;3;0.6;0.0
16;2021-01-14;600;6;2621;9;0.8;0.0
16;2021-01-15;504;3;3125;12;0.9;0.0
16;2021-01-16;0;0;3125;12;0.9;0.0
16;2021-01-17;0;0;3125;12;0.9;0.0
16;2021-01-18;432;3;3557;15;1.0;0.0
16;2021-01-19;833;2;4390;17;1.3;0.0
16;2021-01-20;1185;2;5575;19;1.6;0.0
16;2021-01-21;1375;3;6950;22;2.0;0.0
16;2021-01-22;1114;0;8064;22;2.3;0.0
16;2021-01-23;183;0;8247;22;2.4;0.0
16;2021-01-24;0;0;8247;22;2.4;0.0
16;2021-01-25;641;2;8888;24;2.6;0.0
16;2021-01-26;1026;1;9914;25;2.8;0.0
16;2021-01-27;1406;105;11320;130;3.3;0.0
16;2021-01-28;1275;53;12595;183;3.6;0.1
16;2021-01-29;742;126;13337;309;3.8;0.1
16;2021-01-30;36;0;13373;309;3.8;0.1
16;2021-01-31;0;0;13373;309;3.8;0.1
16;2021-02-01;394;197;13767;506;4.0;0.1
16;2021-02-02;576;172;14343;678;4.1;0.2
16;2021-02-03;621;343;14964;1021;4.3;0.3
16;2021-02-04;464;256;15428;1277;4.4;0.4
16;2021-02-05;505;262;15933;1539;4.6;0.4
16;2021-02-06;3;80;15936;1619;4.6;0.5
16;2021-02-07;41;3;15977;1622;4.6;0.5
16;2021-02-08;356;188;16333;1810;4.7;0.5
16;2021-02-09;649;251;16982;2061;4.9;0.6
16;2021-02-10;693;600;17675;2661;5.1;0.8
16;2021-02-11;802;560;18477;3221;5.3;0.9
16;2021-02-12;623;796;19100;4017;5.5;1.2
16;2021-02-13;43;78;19143;4095;5.5;1.2
16;2021-02-14;2;7;19145;4102;5.5;1.2
16;2021-02-15;217;583;19362;4685;5.6;1.3
16;2021-02-16;374;800;19736;5485;5.7;1.6
16;2021-02-17;347;1177;20083;6662;5.8;1.9
16;2021-02-18;512;1062;20595;7724;5.9;2.2
16;2021-02-19;389;658;20984;8382;6.0;2.4
16;2021-02-20;2;8;20986;8390;6.0;2.4
16;2021-02-21;2;0;20988;8390;6.0;2.4
16;2021-02-22;136;422;21124;8812;6.1;2.5
16;2021-02-23;206;721;21330;9533;6.1;2.7
16;2021-02-24;274;781;21604;10314;6.2;3.0
16;2021-02-25;395;556;21999;10870;6.3;3.1
16;2021-02-26;479;430;22478;11300;6.5;3.2
16;2021-02-27;249;1;22727;11301;6.5;3.2
16;2021-02-28;5;4;22732;11305;6.5;3.2
16;2021-03-01;152;249;22884;11554;6.6;3.3
16;2021-03-02;272;551;23156;12105;6.7;3.5
16;2021-03-03;391;638;23547;12743;6.8;3.7
16;2021-03-04;804;516;24351;13259;7.0;3.8
16;2021-03-05;1143;499;25494;13758;7.3;4.0
16;2021-03-06;753;13;26247;13771;7.5;4.0
16;2021-03-07;94;18;26341;13789;7.6;4.0
16;2021-03-08;438;274;26779;14063;7.7;4.0
16;2021-03-09;774;597;27553;14660;7.9;4.2
16;2021-03-10;606;606;28159;15266;8.1;4.4
16;2021-03-11;1447;512;29606;15778;8.5;4.5
16;2021-03-12;1164;433;30770;16211;8.8;4.7
16;2021-03-13;765;15;31535;16226;9.1;4.7
16;2021-03-14;1;0;31536;16226;9.1;4.7
16;2021-03-15;462;176;31998;16402;9.2;4.7
16;2021-03-16;860;406;32858;16808;9.4;4.8
16;2021-03-17;590;280;33448;17088;9.6;4.9
16;2021-03-18;1033;270;34481;17358;9.9;5.0
16;2021-03-19;1101;247;35582;17605;10.2;5.1
16;2021-03-20;396;5;35978;17610;10.3;5.1
16;2021-03-21;9;0;35987;17610;10.3;5.1
16;2021-03-22;728;98;36715;17708;10.5;5.1
16;2021-03-23;1464;102;38179;17810;11.0;5.1
16;2021-03-24;1120;182;39299;17992;11.3;5.2
16;2021-03-25;2047;87;41346;18079;11.9;5.2
16;2021-03-26;1916;98;43262;18177;12.4;5.2
16;2021-03-27;433;21;43695;18198;12.5;5.2
16;2021-03-28;0;0;43695;18198;12.5;5.2
16;2021-03-29;925;60;44620;18258;12.8;5.2
16;2021-03-30;1884;180;46504;18438;13.4;5.3
16;2021-03-31;1514;134;48018;18572;13.8;5.3
16;2021-04-01;2009;398;50027;18970;14.4;5.4
16;2021-04-02;1442;378;51469;19348;14.8;5.6
16;2021-04-03;288;5;51757;19353;14.9;5.6
16;2021-04-04;1;0;51758;19353;14.9;5.6
16;2021-04-05;2;0;51760;19353;14.9;5.6
16;2021-04-06;2013;545;53773;19898;15.4;5.7
16;2021-04-07;1954;405;55727;20303;16.0;5.8
16;2021-04-08;2823;582;58550;20885;16.8;6.0
16;2021-04-09;2695;553;61245;21438;17.6;6.2
16;2021-04-10;1291;37;62536;21475;18.0;6.2
16;2021-04-11;2;0;62538;21475;18.0;6.2
16;2021-04-12;1431;316;63969;21791;18.4;6.3
16;2021-04-13;2124;838;66093;22629;19.0;6.5
16;2021-04-14;1951;629;68044;23258;19.5;6.7
16;2021-04-15;2103;982;70147;24240;20.1;7.0
16;2021-04-16;2045;788;72192;25028;20.7;7.2
16;2021-04-17;1507;92;73699;25120;21.2;7.2
16;2021-04-18;197;3;73896;25123;21.2;7.2
16;2021-04-19;1440;523;75336;25646;21.6;7.4
16;2021-04-20;2055;1231;77391;26877;22.2;7.7
16;2021-04-21;1776;750;79167;27627;22.7;7.9
16;2021-04-22;2291;1006;81458;28633;23.4;8.2
16;2021-04-23;2364;1170;83822;29803;24.1;8.6
16;2021-04-24;829;38;84651;29841;24.3;8.6
16;2021-04-25;117;5;84768;29846;24.3;8.6
16;2021-04-26;1400;808;86168;30654;24.7;8.8
16;2021-04-27;2057;1414;88225;32068;25.3;9.2
16;2021-04-28;1591;1125;89816;33193;25.8;9.5
16;2021-04-29;2250;1483;92066;34676;26.4;10.0
16;2021-04-30;2856;1339;94922;36015;27.3;10.3
16;2021-05-01;353;60;95275;36075;27.4;10.4
16;2021-05-02;155;13;95430;36088;27.4;10.4
16;2021-05-03;2610;530;98040;36618;28.2;10.5
16;2021-05-04;2061;2042;100101;38660;28.7;11.1
16;2021-05-05;1688;1827;101789;40487;29.2;11.6
16;2021-05-06;1888;2238;103677;42725;29.8;12.3
16;2021-05-07;3071;2116;106748;44841;30.7;12.9
16;2021-05-08;1197;468;107945;45309;31.0;13.0
16;2021-05-09;530;27;108475;45336;31.2;13.0
16;2021-05-10;1930;1624;110405;46960;31.7;13.5
16;2021-05-11;2354;1963;112759;48923;32.4;14.1
16;2021-05-12;1734;1793;114493;50716;32.9;14.6
16;2021-05-13;1461;355;115954;51071;33.3;14.7
16;2021-05-14;1989;1552;117943;52623;33.9;15.1
16;2021-05-15;596;895;118539;53518;34.0;15.4
16;2021-05-16;132;6;118671;53524;34.1;15.4
16;2021-05-17;1609;1285;120280;54809;34.5;15.7
16;2021-05-18;2759;1422;123039;56231;35.3;16.1
16;2021-05-19;2006;1241;125045;57472;35.9;16.5
16;2021-05-20;2833;1389;127878;58861;36.7;16.9
16;2021-05-21;2943;1391;130821;60252;37.6;17.3
16;2021-05-22;412;711;131233;60963;37.7;17.5
16;2021-05-23;210;11;131443;60974;37.8;17.5
16;2021-05-24;1263;234;132706;61208;38.1;17.6
16;2021-05-25;2759;1461;135465;62669;38.9;18.0
16;2021-05-26;1835;1186;137300;63855;39.4;18.3
16;2021-05-27;2419;1582;139719;65437;40.1;18.8
16;2021-05-28;2899;1558;142618;66995;41.0;19.2
16;2021-05-29;814;883;143432;67878;41.2;19.5
16;2021-05-30;1;4;143433;67882;41.2;19.5
16;2021-05-31;1984;1102;145417;68984;41.8;19.8
16;2021-06-01;2344;1705;147761;70689;42.4;20.3
16;2021-06-02;1821;1502;149582;72191;43.0;20.7
16;2021-06-03;2623;1758;152205;73949;43.7;21.2
16;2021-06-04;2834;2028;155039;75977;44.5;21.8
16;2021-06-05;1006;546;156045;76523;44.8;22.0
16;2021-06-06;161;29;156206;76552;44.9;22.0
16;2021-06-07;1991;1281;158197;77833;45.4;22.4
16;2021-06-08;2395;1991;160592;79824;46.1;22.9
16;2021-06-09;2529;1617;163121;81441;46.8;23.4
16;2021-06-10;2571;1997;165692;83438;47.6;24.0
16;2021-06-11;2152;2730;167844;86168;48.2;24.7
16;2021-06-12;1614;517;169458;86685;48.7;24.9
16;2021-06-13;261;72;169719;86757;48.7;24.9
16;2021-06-14;797;2794;170516;89551;49.0;25.7
16;2021-06-15;1866;2623;172382;92174;49.5;26.5
16;2021-06-16;1576;2086;173958;94260;50.0;27.1
16;2021-06-17;2041;2497;175999;96757;50.5;27.8
16;2021-06-18;2061;3215;178060;99972;51.1;28.7
16;2021-06-19;1352;1311;179412;101283;51.5;29.1
16;2021-06-20;243;28;179655;101311;51.6;29.1
16;2021-06-21;1411;2170;181066;103481;52.0;29.7
16;2021-06-22;1675;2943;182741;106424;52.5;30.6
16;2021-06-23;1565;2017;184306;108441;52.9;31.1
16;2021-06-24;1927;2167;186233;110608;53.5;31.8
16;2021-06-25;1984;2725;188217;113333;54.1;32.6
16;2021-06-26;1061;725;189278;114058;54.4;32.8
16;2021-06-27;132;25;189410;114083;54.4;32.8
16;2021-06-28;1164;1965;190574;116048;54.7;33.3
16;2021-06-29;1283;3355;191857;119403;55.1;34.3
16;2021-06-30;1337;2713;193194;122116;55.5;35.1
16;2021-07-01;1866;3155;195060;125271;56.0;36.0
16;2021-07-02;1424;3580;196484;128851;56.4;37.0
16;2021-07-03;694;1108;197178;129959;56.6;37.3
16;2021-07-04;3;15;197181;129974;56.6;37.3
16;2021-07-05;815;2297;197996;132271;56.9;38.0
16;2021-07-06;1278;3363;199274;135634;57.2;39.0
16;2021-07-07;871;2274;200145;137908;57.5;39.6
16;2021-07-08;1234;2732;201379;140640;57.8;40.4
16;2021-07-09;1112;3706;202491;144346;58.2;41.5
16;2021-07-10;338;1336;202829;145682;58.3;41.8
16;2021-07-11;2;13;202831;145695;58.3;41.8
16;2021-07-12;634;2435;203465;148130;58.4;42.5
16;2021-07-13;1392;3529;204857;151659;58.8;43.6
16;2021-07-14;799;877;205656;152536;59.1;43.8
16;2021-07-15;1250;3407;206906;155943;59.4;44.8
16;2021-07-16;1498;3380;208404;159323;59.9;45.8
16;2021-07-17;538;1188;208942;160511;60.0;46.1
16;2021-07-18;14;6;208956;160517;60.0;46.1
16;2021-07-19;618;2853;209574;163370;60.2;46.9
16;2021-07-20;1125;3281;210699;166651;60.5;47.9
16;2021-07-21;1118;2619;211817;169270;60.8;48.6
16;2021-07-22;1871;2853;213688;172123;61.4;49.4
16;2021-07-23;1554;3544;215242;175667;61.8;50.5
16;2021-07-24;639;1207;215881;176874;62.0;50.8
16;2021-07-25;11;11;215892;176885;62.0;50.8
16;2021-07-26;1530;2129;217422;179014;62.4;51.4
16;2021-07-27;1868;2818;219290;181832;63.0;52.2
16;2021-07-28;1863;2314;221153;184146;63.5;52.9
16;2021-07-29;2243;2472;223396;186618;64.2;53.6
16;2021-07-30;2356;3102;225752;189720;64.8;54.5
16;2021-07-31;960;1354;226712;191074;65.1;54.9
16;2021-08-01;192;22;226904;191096;65.2;54.9
16;2021-08-02;2122;1828;229026;192924;65.8;55.4
16;2021-08-03;2124;2326;231150;195250;66.4;56.1
16;2021-08-04;2120;1885;233270;197135;67.0;56.6
16;2021-08-05;2777;1654;236047;198789;67.8;57.1
16;2021-08-06;2509;2365;238556;201154;68.5;57.8
16;2021-08-07;831;562;239387;201716;68.8;57.9
16;2021-08-08;36;33;239423;201749;68.8;57.9
16;2021-08-09;2181;1061;241604;202810;69.4;58.2
16;2021-08-10;2887;1584;244491;204394;70.2;58.7
16;2021-08-11;2604;1230;247095;205624;71.0;59.1
16;2021-08-12;2000;1737;249095;207361;71.5;59.6
16;2021-08-13;2687;1468;251782;208829;72.3;60.0
16;2021-08-14;757;456;252539;209285;72.5;60.1
16;2021-08-15;28;4;252567;209289;72.5;60.1
16;2021-08-16;1338;1581;253905;210870;72.9;60.6
16;2021-08-17;1827;1627;255732;212497;73.4;61.0
16;2021-08-18;1592;1471;257324;213968;73.9;61.5
16;2021-08-19;1513;1776;258837;215744;74.3;62.0
16;2021-08-20;1603;1902;260440;217646;74.8;62.5
16;2021-08-21;562;827;261002;218473;75.0;62.7
16;2021-08-22;4;5;261006;218478;75.0;62.7
16;2021-08-23;989;2065;261995;220543;75.2;63.3
16;2021-08-24;1038;2376;263033;222919;75.5;64.0
16;2021-08-25;882;1780;263915;224699;75.8;64.5
16;2021-08-26;871;2530;264786;227229;76.0;65.3
16;2021-08-27;852;2407;265638;229636;76.3;66.0
16;2021-08-28;260;770;265898;230406;76.4;66.2
16;2021-08-29;2;16;265900;230422;76.4;66.2
16;2021-08-30;639;2397;266539;232819;76.6;66.9
16;2021-08-31;667;2632;267206;235451;76.7;67.6
16;2021-09-01;467;2542;267673;237993;76.9;68.4
16;2021-09-02;539;2365;268212;240358;77.0;69.0
16;2021-09-03;539;2812;268751;243170;77.2;69.8
16;2021-09-04;361;964;269112;244134;77.3;70.1
16;2021-09-05;5;29;269117;244163;77.3;70.1
16;2021-09-06;318;1759;269435;245922;77.4;70.6
16;2021-09-07;353;1989;269788;247911;77.5;71.2
16;2021-09-08;388;2213;270176;250124;77.6;71.8
16;2021-09-09;342;1709;270518;251833;77.7;72.3
16;2021-09-10;441;2101;270959;253934;77.8;72.9
16;2021-09-11;185;847;271144;254781;77.9;73.2
16;2021-09-12;6;23;271150;254804;77.9;73.2
16;2021-09-13;255;1332;271405;256136;77.9;73.6
17;2020-12-27;0;0;0;0;0.0;0.0
17;2020-12-28;0;0;0;0;0.0;0.0
17;2020-12-29;0;0;0;0;0.0;0.0
17;2020-12-30;1;0;1;0;0.0;0.0
17;2020-12-31;0;0;1;0;0.0;0.0
17;2021-01-01;1;0;2;0;0.0;0.0
17;2021-01-02;1;0;3;0;0.0;0.0
17;2021-01-03;0;0;3;0;0.0;0.0
17;2021-01-04;56;0;59;0;0.0;0.0
17;2021-01-05;98;0;157;0;0.0;0.0
17;2021-01-06;132;0;289;0;0.0;0.0
17;2021-01-07;485;1;774;1;0.1;0.0
17;2021-01-08;418;0;1192;1;0.2;0.0
17;2021-01-09;0;0;1192;1;0.2;0.0
17;2021-01-10;1;0;1193;1;0.2;0.0
17;2021-01-11;381;1;1574;2;0.2;0.0
17;2021-01-12;750;1;2324;3;0.4;0.0
17;2021-01-13;654;2;2978;5;0.5;0.0
17;2021-01-14;617;9;3595;14;0.6;0.0
17;2021-01-15;681;1;4276;15;0.7;0.0
17;2021-01-16;129;2;4405;17;0.7;0.0
17;2021-01-17;19;0;4424;17;0.7;0.0
17;2021-01-18;887;2;5311;19;0.8;0.0
17;2021-01-19;1910;3;7221;22;1.1;0.0
17;2021-01-20;2394;2;9615;24;1.5;0.0
17;2021-01-21;2499;3;12114;27;1.9;0.0
17;2021-01-22;1892;6;14006;33;2.2;0.0
17;2021-01-23;738;1;14744;34;2.3;0.0
17;2021-01-24;48;0;14792;34;2.3;0.0
17;2021-01-25;1383;5;16175;39;2.5;0.0
17;2021-01-26;2110;2;18285;41;2.8;0.0
17;2021-01-27;1675;32;19960;73;3.1;0.0
17;2021-01-28;2474;223;22434;296;3.5;0.0
17;2021-01-29;1739;216;24173;512;3.7;0.1
17;2021-01-30;528;3;24701;515;3.8;0.1
17;2021-01-31;37;2;24738;517;3.8;0.1
17;2021-02-01;740;186;25478;703;3.9;0.1
17;2021-02-02;1202;326;26680;1029;4.1;0.2
17;2021-02-03;1296;384;27976;1413;4.3;0.2
17;2021-02-04;1162;437;29138;1850;4.5;0.3
17;2021-02-05;603;697;29741;2547;4.6;0.4
17;2021-02-06;23;39;29764;2586;4.6;0.4
17;2021-02-07;31;13;29795;2599;4.6;0.4
17;2021-02-08;706;354;30501;2953;4.7;0.5
17;2021-02-09;1101;1137;31602;4090;4.9;0.6
17;2021-02-10;866;1224;32468;5314;5.0;0.8
17;2021-02-11;1242;1309;33710;6623;5.2;1.0
17;2021-02-12;771;886;34481;7509;5.3;1.2
17;2021-02-13;43;93;34524;7602;5.3;1.2
17;2021-02-14;1;10;34525;7612;5.3;1.2
17;2021-02-15;621;954;35146;8566;5.4;1.3
17;2021-02-16;749;1526;35895;10092;5.5;1.6
17;2021-02-17;795;1033;36690;11125;5.7;1.7
17;2021-02-18;965;1847;37655;12972;5.8;2.0
17;2021-02-19;1067;1290;38722;14262;6.0;2.2
17;2021-02-20;105;261;38827;14523;6.0;2.2
17;2021-02-21;9;2;38836;14525;6.0;2.2
17;2021-02-22;647;1301;39483;15826;6.1;2.4
17;2021-02-23;781;1256;40264;17082;6.2;2.6
17;2021-02-24;1080;1353;41344;18435;6.4;2.8
17;2021-02-25;1087;1482;42431;19917;6.6;3.1
17;2021-02-26;1307;1084;43738;21001;6.8;3.2
17;2021-02-27;527;214;44265;21215;6.8;3.3
17;2021-02-28;19;9;44284;21224;6.8;3.3
17;2021-03-01;634;918;44918;22142;6.9;3.4
17;2021-03-02;1094;759;46012;22901;7.1;3.5
17;2021-03-03;1618;694;47630;23595;7.4;3.6
17;2021-03-04;2426;1018;50056;24613;7.7;3.8
17;2021-03-05;2663;584;52719;25197;8.1;3.9
17;2021-03-06;1029;28;53748;25225;8.3;3.9
17;2021-03-07;183;17;53931;25242;8.3;3.9
17;2021-03-08;1017;758;54948;26000;8.5;4.0
17;2021-03-09;1745;540;56693;26540;8.8;4.1
17;2021-03-10;2047;599;58740;27139;9.1;4.2
17;2021-03-11;3226;941;61966;28080;9.6;4.3
17;2021-03-12;3356;582;65322;28662;10.1;4.4
17;2021-03-13;1202;11;66524;28673;10.3;4.4
17;2021-03-14;32;0;66556;28673;10.3;4.4
17;2021-03-15;1242;967;67798;29640;10.5;4.6
17;2021-03-16;893;520;68691;30160;10.6;4.7
17;2021-03-17;1460;695;70151;30855;10.8;4.8
17;2021-03-18;1683;759;71834;31614;11.1;4.9
17;2021-03-19;2096;538;73930;32152;11.4;5.0
17;2021-03-20;1084;57;75014;32209;11.6;5.0
17;2021-03-21;37;41;75051;32250;11.6;5.0
17;2021-03-22;1578;683;76629;32933;11.8;5.1
17;2021-03-23;2491;573;79120;33506;12.2;5.2
17;2021-03-24;3545;845;82665;34351;12.8;5.3
17;2021-03-25;4713;639;87378;34990;13.5;5.4
17;2021-03-26;4944;470;92322;35460;14.3;5.5
17;2021-03-27;1737;68;94059;35528;14.5;5.5
17;2021-03-28;369;45;94428;35573;14.6;5.5
17;2021-03-29;2362;565;96790;36138;15.0;5.6
17;2021-03-30;2655;976;99445;37114;15.4;5.7
17;2021-03-31;3844;901;103289;38015;16.0;5.9
17;2021-04-01;4014;1160;107303;39175;16.6;6.1
17;2021-04-02;3710;833;111013;40008;17.2;6.2
17;2021-04-03;1152;187;112165;40195;17.3;6.2
17;2021-04-04;501;6;112666;40201;17.4;6.2
17;2021-04-05;445;128;113111;40329;17.5;6.2
17;2021-04-06;3481;1024;116592;41353;18.0;6.4
17;2021-04-07;4130;1149;120722;42502;18.7;6.6
17;2021-04-08;4570;1478;125292;43980;19.4;6.8
17;2021-04-09;6498;843;131790;44823;20.4;6.9
17;2021-04-10;2583;68;134373;44891;20.8;6.9
17;2021-04-11;790;16;135163;44907;20.9;6.9
17;2021-04-12;2889;1609;138052;46516;21.3;7.2
17;2021-04-13;4151;1286;142203;47802;22.0;7.4
17;2021-04-14;4419;1203;146622;49005;22.7;7.6
17;2021-04-15;4600;1133;151222;50138;23.4;7.7
17;2021-04-16;4298;1154;155520;51292;24.0;7.9
17;2021-04-17;1682;382;157202;51674;24.3;8.0
17;2021-04-18;472;81;157674;51755;24.4;8.0
17;2021-04-19;2338;2054;160012;53809;24.7;8.3
17;2021-04-20;2928;2547;162940;56356;25.2;8.7
17;2021-04-21;2973;1940;165913;58296;25.6;9.0
17;2021-04-22;3122;2355;169035;60651;26.1;9.4
17;2021-04-23;2447;2725;171482;63376;26.5;9.8
17;2021-04-24;1669;923;173151;64299;26.8;9.9
17;2021-04-25;665;244;173816;64543;26.9;10.0
17;2021-04-26;2578;2615;176394;67158;27.3;10.4
17;2021-04-27;3151;2659;179545;69817;27.7;10.8
17;2021-04-28;3103;2919;182648;72736;28.2;11.2
17;2021-04-29;4149;2837;186797;75573;28.9;11.7
17;2021-04-30;4356;2623;191153;78196;29.5;12.1
17;2021-05-01;849;539;192002;78735;29.7;12.2
17;2021-05-02;553;837;192555;79572;29.8;12.3
17;2021-05-03;2542;2954;195097;82526;30.2;12.8
17;2021-05-04;2317;3718;197414;86244;30.5;13.3
17;2021-05-05;2908;3697;200322;89941;31.0;13.9
17;2021-05-06;4122;3397;204444;93338;31.6;14.4
17;2021-05-07;4357;3617;208801;96955;32.3;15.0
17;2021-05-08;1306;751;210107;97706;32.5;15.1
17;2021-05-09;1310;705;211417;98411;32.7;15.2
17;2021-05-10;2726;3676;214143;102087;33.1;15.8
17;2021-05-11;3499;3988;217642;106075;33.6;16.4
17;2021-05-12;3532;3798;221174;109873;34.2;17.0
17;2021-05-13;2545;693;223719;110566;34.6;17.1
17;2021-05-14;3032;2392;226751;112958;35.0;17.5
17;2021-05-15;2128;657;228879;113615;35.4;17.6
17;2021-05-16;1734;316;230613;113931;35.6;17.6
17;2021-05-17;4288;1998;234901;115929;36.3;17.9
17;2021-05-18;4746;1630;239647;117559;37.0;18.2
17;2021-05-19;5070;1281;244717;118840;37.8;18.4
17;2021-05-20;4943;1940;249660;120780;38.6;18.7
17;2021-05-21;4998;1946;254658;122726;39.4;19.0
17;2021-05-22;2392;530;257050;123256;39.7;19.0
17;2021-05-23;1900;128;258950;123384;40.0;19.1
17;2021-05-24;1426;210;260376;123594;40.2;19.1
17;2021-05-25;4030;1766;264406;125360;40.9;19.4
17;2021-05-26;4367;2036;268773;127396;41.5;19.7
17;2021-05-27;5216;2137;273989;129533;42.3;20.0
17;2021-05-28;4468;3414;278457;132947;43.0;20.5
17;2021-05-29;1561;1697;280018;134644;43.3;20.8
17;2021-05-30;857;411;280875;135055;43.4;20.9
17;2021-05-31;2946;3005;283821;138060;43.9;21.3
17;2021-06-01;4296;2917;288117;140977;44.5;21.8
17;2021-06-02;4203;3167;292320;144144;45.2;22.3
17;2021-06-03;5056;3149;297376;147293;46.0;22.8
17;2021-06-04;4517;3849;301893;151142;46.7;23.4
17;2021-06-05;1991;1596;303884;152738;47.0;23.6
17;2021-06-06;851;733;304735;153471;47.1;23.7
17;2021-06-07;3138;4339;307873;157810;47.6;24.4
17;2021-06-08;3790;4492;311663;162302;48.2;25.1
17;2021-06-09;4346;3047;316009;165349;48.8;25.6
17;2021-06-10;4929;2785;320938;168134;49.6;26.0
17;2021-06-11;4794;3679;325732;171813;50.3;26.6
17;2021-06-12;1812;1386;327544;173199;50.6;26.8
17;2021-06-13;612;415;328156;173614;50.7;26.8
17;2021-06-14;2834;4536;330990;178150;51.2;27.5
17;2021-06-15;3624;4370;334614;182520;51.7;28.2
17;2021-06-16;4131;3691;338745;186211;52.3;28.8
17;2021-06-17;4368;4110;343113;190321;53.0;29.4
17;2021-06-18;4055;4439;347168;194760;53.7;30.1
17;2021-06-19;1450;1977;348618;196737;53.9;30.4
17;2021-06-20;595;1036;349213;197773;54.0;30.6
17;2021-06-21;2562;4372;351775;202145;54.4;31.2
17;2021-06-22;3530;4453;355305;206598;54.9;31.9
17;2021-06-23;3796;3993;359101;210591;55.5;32.5
17;2021-06-24;3600;3954;362701;214545;56.1;33.2
17;2021-06-25;2719;4986;365420;219531;56.5;33.9
17;2021-06-26;906;2335;366326;221866;56.6;34.3
17;2021-06-27;396;1902;366722;223768;56.7;34.6
17;2021-06-28;1523;5414;368245;229182;56.9;35.4
17;2021-06-29;1684;5892;369929;235074;57.2;36.3
17;2021-06-30;2029;5547;371958;240621;57.5;37.2
17;2021-07-01;2267;5558;374225;246179;57.8;38.0
17;2021-07-02;2488;5982;376713;252161;58.2;39.0
17;2021-07-03;627;2534;377340;254695;58.3;39.4
17;2021-07-04;155;1250;377495;255945;58.3;39.6
17;2021-07-05;1891;5179;379386;261124;58.6;40.4
17;2021-07-06;2133;5595;381519;266719;59.0;41.2
17;2021-07-07;2408;5498;383927;272217;59.3;42.1
17;2021-07-08;2916;5440;386843;277657;59.8;42.9
17;2021-07-09;2526;6075;389369;283732;60.2;43.8
17;2021-07-10;828;2471;390197;286203;60.3;44.2
17;2021-07-11;380;907;390577;287110;60.4;44.4
17;2021-07-12;2007;5618;392584;292728;60.7;45.2
17;2021-07-13;2373;6716;394957;299444;61.0;46.3
17;2021-07-14;71;71;395028;299515;61.0;46.3
17;2021-07-15;2191;6859;397219;306374;61.4;47.3
17;2021-07-16;2779;6966;399998;313340;61.8;48.4
17;2021-07-17;1051;2271;401049;315611;62.0;48.8
17;2021-07-18;313;1037;401362;316648;62.0;48.9
17;2021-07-19;2635;5907;403997;322555;62.4;49.8
17;2021-07-20;3319;6313;407316;328868;62.9;50.8
17;2021-07-21;3801;6025;411117;334893;63.5;51.8
17;2021-07-22;4251;6268;415368;341161;64.2;52.7
17;2021-07-23;3905;6565;419273;347726;64.8;53.7
17;2021-07-24;2068;1390;421341;349116;65.1;54.0
17;2021-07-25;1043;417;422384;349533;65.3;54.0
17;2021-07-26;3740;5424;426124;354957;65.9;54.9
17;2021-07-27;4730;5439;430854;360396;66.6;55.7
17;2021-07-28;5218;5164;436072;365560;67.4;56.5
17;2021-07-29;5168;5341;441240;370901;68.2;57.3
17;2021-07-30;5511;5572;446751;376473;69.0;58.2
17;2021-07-31;2118;1213;448869;377686;69.4;58.4
17;2021-08-01;1095;359;449964;378045;69.5;58.4
17;2021-08-02;4623;4390;454587;382435;70.3;59.1
17;2021-08-03;5765;4164;460352;386599;71.1;59.7
17;2021-08-04;6200;3376;466552;389975;72.1;60.3
17;2021-08-05;6387;3151;472939;393126;73.1;60.8
17;2021-08-06;5890;3603;478829;396729;74.0;61.3
17;2021-08-07;1990;867;480819;397596;74.3;61.4
17;2021-08-08;978;219;481797;397815;74.5;61.5
17;2021-08-09;3923;3696;485720;401511;75.1;62.0
17;2021-08-10;5081;3487;490801;404998;75.8;62.6
17;2021-08-11;4917;3812;495718;408810;76.6;63.2
17;2021-08-12;4892;3957;500610;412767;77.4;63.8
17;2021-08-13;4521;4142;505131;416909;78.1;64.4
17;2021-08-14;1239;1381;506370;418290;78.3;64.6
17;2021-08-15;406;375;506776;418665;78.3;64.7
17;2021-08-16;2843;4064;509619;422729;78.8;65.3
17;2021-08-17;3048;4288;512667;427017;79.2;66.0
17;2021-08-18;2619;4547;515286;431564;79.6;66.7
17;2021-08-19;2724;4375;518010;435939;80.1;67.4
17;2021-08-20;2483;5025;520493;440964;80.4;68.1
17;2021-08-21;683;1355;521176;442319;80.5;68.4
17;2021-08-22;216;458;521392;442777;80.6;68.4
17;2021-08-23;1982;4953;523374;447730;80.9;69.2
17;2021-08-24;1936;5091;525310;452821;81.2;70.0
17;2021-08-25;1656;5505;526966;458326;81.4;70.8
17;2021-08-26;1598;5762;528564;464088;81.7;71.7
17;2021-08-27;1544;5951;530108;470039;81.9;72.6
17;2021-08-28;517;1454;530625;471493;82.0;72.9
17;2021-08-29;87;575;530712;472068;82.0;73.0
17;2021-08-30;1425;5111;532137;477179;82.2;73.7
17;2021-08-31;1325;5353;533462;482532;82.4;74.6
17;2021-09-01;1192;5114;534654;487646;82.6;75.4
17;2021-09-02;1134;4548;535788;492194;82.8;76.1
17;2021-09-03;1160;5333;536948;497527;83.0;76.9
17;2021-09-04;285;972;537233;498499;83.0;77.0
17;2021-09-05;53;138;537286;498637;83.0;77.1
17;2021-09-06;722;3727;538008;502364;83.1;77.6
17;2021-09-07;712;3269;538720;505633;83.3;78.1
17;2021-09-08;821;4146;539541;509779;83.4;78.8
17;2021-09-09;807;3193;540348;512972;83.5;79.3
17;2021-09-10;782;3951;541130;516923;83.6;79.9
17;2021-09-11;296;998;541426;517921;83.7;80.0
17;2021-09-12;0;23;541426;517944;83.7;80.0
17;2021-09-13;642;2796;542068;520740;83.8;80.5
18;2020-12-27;0;0;0;0;0.0;0.0
18;2020-12-28;0;0;0;0;0.0;0.0
18;2020-12-29;0;0;0;0;0.0;0.0
18;2020-12-30;1;0;1;0;0.0;0.0
18;2020-12-31;0;0;1;0;0.0;0.0
18;2021-01-01;0;0;1;0;0.0;0.0
18;2021-01-02;0;0;1;0;0.0;0.0
18;2021-01-03;0;0;1;0;0.0;0.0
18;2021-01-04;3;0;4;0;0.0;0.0
18;2021-01-05;0;0;4;0;0.0;0.0
18;2021-01-06;1;0;5;0;0.0;0.0
18;2021-01-07;30;1;35;1;0.0;0.0
18;2021-01-08;65;0;100;1;0.0;0.0
18;2021-01-09;225;0;325;1;0.1;0.0
18;2021-01-10;146;0;471;1;0.2;0.0
18;2021-01-11;170;1;641;2;0.2;0.0
18;2021-01-12;372;0;1013;2;0.3;0.0
18;2021-01-13;270;1;1283;3;0.4;0.0
18;2021-01-14;269;2;1552;5;0.5;0.0
18;2021-01-15;332;2;1884;7;0.6;0.0
18;2021-01-16;288;2;2172;9;0.7;0.0
18;2021-01-17;1;0;2173;9;0.7;0.0
18;2021-01-18;291;0;2464;9;0.8;0.0
18;2021-01-19;1374;2;3838;11;1.3;0.0
18;2021-01-20;1239;2;5077;13;1.7;0.0
18;2021-01-21;965;0;6042;13;2.0;0.0
18;2021-01-22;780;2;6822;15;2.3;0.0
18;2021-01-23;249;2;7071;17;2.4;0.0
18;2021-01-24;0;0;7071;17;2.4;0.0
18;2021-01-25;509;0;7580;17;2.6;0.0
18;2021-01-26;395;1;7975;18;2.7;0.0
18;2021-01-27;390;2;8365;20;2.8;0.0
18;2021-01-28;566;8;8931;28;3.0;0.0
18;2021-01-29;491;72;9422;100;3.2;0.0
18;2021-01-30;432;137;9854;237;3.3;0.1
18;2021-01-31;82;98;9936;335;3.4;0.1
18;2021-02-01;328;120;10264;455;3.5;0.2
18;2021-02-02;507;228;10771;683;3.6;0.2
18;2021-02-03;398;202;11169;885;3.8;0.3
18;2021-02-04;630;226;11799;1111;4.0;0.4
18;2021-02-05;448;183;12247;1294;4.1;0.4
18;2021-02-06;283;88;12530;1382;4.2;0.5
18;2021-02-07;108;1;12638;1383;4.3;0.5
18;2021-02-08;268;190;12906;1573;4.4;0.5
18;2021-02-09;583;763;13489;2336;4.6;0.8
18;2021-02-10;741;658;14230;2994;4.8;1.0
18;2021-02-11;655;420;14885;3414;5.0;1.2
18;2021-02-12;502;308;15387;3722;5.2;1.3
18;2021-02-13;286;108;15673;3830;5.3;1.3
18;2021-02-14;364;97;16037;3927;5.4;1.3
18;2021-02-15;378;310;16415;4237;5.5;1.4
18;2021-02-16;399;330;16814;4567;5.7;1.5
18;2021-02-17;403;392;17217;4959;5.8;1.7
18;2021-02-18;344;464;17561;5423;5.9;1.8
18;2021-02-19;472;251;18033;5674;6.1;1.9
18;2021-02-20;721;193;18754;5867;6.3;2.0
18;2021-02-21;316;4;19070;5871;6.4;2.0
18;2021-02-22;217;301;19287;6172;6.5;2.1
18;2021-02-23;204;274;19491;6446;6.6;2.2
18;2021-02-24;241;209;19732;6655;6.7;2.2
18;2021-02-25;293;459;20025;7114;6.8;2.4
18;2021-02-26;582;194;20607;7308;7.0;2.5
18;2021-02-27;510;349;21117;7657;7.1;2.6
18;2021-02-28;7;68;21124;7725;7.1;2.6
18;2021-03-01;236;355;21360;8080;7.2;2.7
18;2021-03-02;284;471;21644;8551;7.3;2.9
18;2021-03-03;346;533;21990;9084;7.4;3.1
18;2021-03-04;475;526;22465;9610;7.6;3.2
18;2021-03-05;524;339;22989;9949;7.8;3.4
18;2021-03-06;1071;311;24060;10260;8.1;3.5
18;2021-03-07;7;131;24067;10391;8.1;3.5
18;2021-03-08;335;319;24402;10710;8.2;3.6
18;2021-03-09;410;333;24812;11043;8.4;3.7
18;2021-03-10;422;423;25234;11466;8.5;3.9
18;2021-03-11;518;395;25752;11861;8.7;4.0
18;2021-03-12;704;287;26456;12148;8.9;4.1
18;2021-03-13;1164;243;27620;12391;9.3;4.2
18;2021-03-14;301;213;27921;12604;9.4;4.3
18;2021-03-15;492;368;28413;12972;9.6;4.4
18;2021-03-16;392;307;28805;13279;9.7;4.5
18;2021-03-17;383;408;29188;13687;9.8;4.6
18;2021-03-18;512;221;29700;13908;10.0;4.7
18;2021-03-19;755;222;30455;14130;10.3;4.8
18;2021-03-20;986;614;31441;14744;10.6;5.0
18;2021-03-21;308;305;31749;15049;10.7;5.1
18;2021-03-22;603;292;32352;15341;10.9;5.2
18;2021-03-23;706;288;33058;15629;11.2;5.3
18;2021-03-24;1051;295;34109;15924;11.5;5.4
18;2021-03-25;1049;300;35158;16224;11.9;5.5
18;2021-03-26;1210;347;36368;16571;12.3;5.6
18;2021-03-27;1489;317;37857;16888;12.8;5.7
18;2021-03-28;215;0;38072;16888;12.8;5.7
18;2021-03-29;1102;197;39174;17085;13.2;5.8
18;2021-03-30;1084;302;40258;17387;13.6;5.9
18;2021-03-31;1305;253;41563;17640;14.0;6.0
18;2021-04-01;1377;347;42940;17987;14.5;6.1
18;2021-04-02;1229;310;44169;18297;14.9;6.2
18;2021-04-03;581;181;44750;18478;15.1;6.2
18;2021-04-04;71;5;44821;18483;15.1;6.2
18;2021-04-05;199;0;45020;18483;15.2;6.2
18;2021-04-06;1027;352;46047;18835;15.5;6.4
18;2021-04-07;1322;363;47369;19198;16.0;6.5
18;2021-04-08;1692;348;49061;19546;16.6;6.6
18;2021-04-09;1833;281;50894;19827;17.2;6.7
18;2021-04-10;2633;651;53527;20478;18.1;6.9
18;2021-04-11;1986;317;55513;20795;18.7;7.0
18;2021-04-12;1401;404;56914;21199;19.2;7.2
18;2021-04-13;1784;469;58698;21668;19.8;7.3
18;2021-04-14;1378;517;60076;22185;20.3;7.5
18;2021-04-15;1532;527;61608;22712;20.8;7.7
18;2021-04-16;1614;591;63222;23303;21.3;7.9
18;2021-04-17;1599;518;64821;23821;21.9;8.0
18;2021-04-18;377;232;65198;24053;22.0;8.1
18;2021-04-19;1317;593;66515;24646;22.4;8.3
18;2021-04-20;1446;713;67961;25359;22.9;8.6
18;2021-04-21;1270;909;69231;26268;23.4;8.9
18;2021-04-22;1403;703;70634;26971;23.8;9.1
18;2021-04-23;1387;734;72021;27705;24.3;9.3
18;2021-04-24;1355;1271;73376;28976;24.8;9.8
18;2021-04-25;288;217;73664;29193;24.9;9.8
18;2021-04-26;1204;954;74868;30147;25.3;10.2
18;2021-04-27;1545;764;76413;30911;25.8;10.4
18;2021-04-28;1359;876;77772;31787;26.2;10.7
18;2021-04-29;1850;734;79622;32521;26.9;11.0
18;2021-04-30;1570;997;81192;33518;27.4;11.3
18;2021-05-01;788;210;81980;33728;27.7;11.4
18;2021-05-02;806;60;82786;33788;27.9;11.4
18;2021-05-03;1627;1012;84413;34800;28.5;11.7
18;2021-05-04;1730;1283;86143;36083;29.1;12.2
18;2021-05-05;1735;1215;87878;37298;29.6;12.6
18;2021-05-06;2163;1361;90041;38659;30.4;13.0
18;2021-05-07;1234;1400;91275;40059;30.8;13.5
18;2021-05-08;994;1464;92269;41523;31.1;14.0
18;2021-05-09;500;2258;92769;43781;31.3;14.8
18;2021-05-10;1157;1508;93926;45289;31.7;15.3
18;2021-05-11;1696;1748;95622;47037;32.3;15.9
18;2021-05-12;1808;1494;97430;48531;32.9;16.4
18;2021-05-13;1061;370;98491;48901;33.2;16.5
18;2021-05-14;1346;942;99837;49843;33.7;16.8
18;2021-05-15;1809;1163;101646;51006;34.3;17.2
18;2021-05-16;538;581;102184;51587;34.5;17.4
18;2021-05-17;1245;1091;103429;52678;34.9;17.8
18;2021-05-18;2147;933;105576;53611;35.6;18.1
18;2021-05-19;2162;919;107738;54530;36.3;18.4
18;2021-05-20;2277;984;110015;55514;37.1;18.7
18;2021-05-21;1497;764;111512;56278;37.6;19.0
18;2021-05-22;1724;1073;113236;57351;38.2;19.3
18;2021-05-23;485;335;113721;57686;38.4;19.5
18;2021-05-24;462;292;114183;57978;38.5;19.6
18;2021-05-25;1842;1061;116025;59039;39.1;19.9
18;2021-05-26;2154;844;118179;59883;39.9;20.2
18;2021-05-27;2209;1229;120388;61112;40.6;20.6
18;2021-05-28;1713;1306;122101;62418;41.2;21.1
18;2021-05-29;2621;1661;124722;64079;42.1;21.6
18;2021-05-30;1484;504;126206;64583;42.6;21.8
18;2021-05-31;1786;693;127992;65276;43.2;22.0
18;2021-06-01;2040;949;130032;66225;43.9;22.3
18;2021-06-02;2010;1015;132042;67240;44.5;22.7
18;2021-06-03;2283;1200;134325;68440;45.3;23.1
18;2021-06-04;1913;1121;136238;69561;46.0;23.5
18;2021-06-05;2802;1446;139040;71007;46.9;24.0
18;2021-06-06;365;381;139405;71388;47.0;24.1
18;2021-06-07;1296;1233;140701;72621;47.5;24.5
18;2021-06-08;1490;1394;142191;74015;48.0;25.0
18;2021-06-09;1329;1067;143520;75082;48.4;25.3
18;2021-06-10;1631;1406;145151;76488;49.0;25.8
18;2021-06-11;1496;1404;146647;77892;49.5;26.3
18;2021-06-12;1245;2511;147892;80403;49.9;27.1
18;2021-06-13;126;262;148018;80665;49.9;27.2
18;2021-06-14;656;1828;148674;82493;50.2;27.8
18;2021-06-15;1093;1822;149767;84315;50.5;28.4
18;2021-06-16;1258;1442;151025;85757;51.0;28.9
18;2021-06-17;1205;1671;152230;87428;51.4;29.5
18;2021-06-18;1292;1665;153522;89093;51.8;30.1
18;2021-06-19;1564;1251;155086;90344;52.3;30.5
18;2021-06-20;246;159;155332;90503;52.4;30.5
18;2021-06-21;665;1602;155997;92105;52.6;31.1
18;2021-06-22;1068;1644;157065;93749;53.0;31.6
18;2021-06-23;944;1642;158009;95391;53.3;32.2
18;2021-06-24;1032;1062;159041;96453;53.7;32.5
18;2021-06-25;893;1745;159934;98198;54.0;33.1
18;2021-06-26;1098;1473;161032;99671;54.3;33.6
18;2021-06-27;31;372;161063;100043;54.3;33.8
18;2021-06-28;423;1923;161486;101966;54.5;34.4
18;2021-06-29;595;2377;162081;104343;54.7;35.2
18;2021-06-30;600;2543;162681;106886;54.9;36.1
18;2021-07-01;962;2155;163643;109041;55.2;36.8
18;2021-07-02;615;1686;164258;110727;55.4;37.4
18;2021-07-03;755;2574;165013;113301;55.7;38.2
18;2021-07-04;164;1032;165177;114333;55.7;38.6
18;2021-07-05;765;1877;165942;116210;56.0;39.2
18;2021-07-06;560;2302;166502;118512;56.2;40.0
18;2021-07-07;767;2115;167269;120627;56.4;40.7
18;2021-07-08;1031;1984;168300;122611;56.8;41.4
18;2021-07-09;704;2307;169004;124918;57.0;42.1
18;2021-07-10;781;3173;169785;128091;57.3;43.2
18;2021-07-11;82;665;169867;128756;57.3;43.4
18;2021-07-12;223;2253;170090;131009;57.4;44.2
18;2021-07-13;619;2905;170709;133914;57.6;45.2
18;2021-07-14;194;936;170903;134850;57.7;45.5
18;2021-07-15;1396;2816;172299;137666;58.1;46.4
18;2021-07-16;1185;2122;173484;139788;58.5;47.2
18;2021-07-17;1130;2471;174614;142259;58.9;48.0
18;2021-07-18;229;332;174843;142591;59.0;48.1
18;2021-07-19;1056;1658;175899;144249;59.3;48.7
18;2021-07-20;1625;2268;177524;146517;59.9;49.4
18;2021-07-21;1902;2062;179426;148579;60.5;50.1
18;2021-07-22;2214;1900;181640;150479;61.3;50.8
18;2021-07-23;1399;1612;183039;152091;61.8;51.3
18;2021-07-24;891;1532;183930;153623;62.1;51.8
18;2021-07-25;192;396;184122;154019;62.1;52.0
18;2021-07-26;1399;1503;185521;155522;62.6;52.5
18;2021-07-27;1825;1535;187346;157057;63.2;53.0
18;2021-07-28;2199;1796;189545;158853;63.9;53.6
18;2021-07-29;2142;1817;191687;160670;64.7;54.2
18;2021-07-30;1586;1343;193273;162013;65.2;54.7
18;2021-07-31;1237;1281;194510;163294;65.6;55.1
18;2021-08-01;90;34;194600;163328;65.7;55.1
18;2021-08-02;1410;766;196010;164094;66.1;55.4
18;2021-08-03;1719;1628;197729;165722;66.7;55.9
18;2021-08-04;2439;1102;200168;166824;67.5;56.3
18;2021-08-05;1529;1247;201697;168071;68.0;56.7
18;2021-08-06;1582;1140;203279;169211;68.6;57.1
18;2021-08-07;609;763;203888;169974;68.8;57.3
18;2021-08-08;49;60;203937;170034;68.8;57.4
18;2021-08-09;1105;874;205042;170908;69.2;57.7
18;2021-08-10;1207;1511;206249;172419;69.6;58.2
18;2021-08-11;1608;1505;207857;173924;70.1;58.7
18;2021-08-12;1554;1595;209411;175519;70.7;59.2
18;2021-08-13;1087;1171;210498;176690;71.0;59.6
18;2021-08-14;759;603;211257;177293;71.3;59.8
18;2021-08-15;35;17;211292;177310;71.3;59.8
18;2021-08-16;829;1201;212121;178511;71.6;60.2
18;2021-08-17;978;1997;213099;180508;71.9;60.9
18;2021-08-18;1156;1958;214255;182466;72.3;61.6
18;2021-08-19;1098;1612;215353;184078;72.7;62.1
18;2021-08-20;910;1756;216263;185834;73.0;62.7
18;2021-08-21;420;705;216683;186539;73.1;62.9
18;2021-08-22;21;73;216704;186612;73.1;63.0
18;2021-08-23;484;1680;217188;188292;73.3;63.5
18;2021-08-24;900;1493;218088;189785;73.6;64.0
18;2021-08-25;838;1864;218926;191649;73.9;64.7
18;2021-08-26;769;1530;219695;193179;74.1;65.2
18;2021-08-27;572;1995;220267;195174;74.3;65.8
18;2021-08-28;501;870;220768;196044;74.5;66.1
18;2021-08-29;91;176;220859;196220;74.5;66.2
18;2021-08-30;526;1443;221385;197663;74.7;66.7
18;2021-08-31;503;1441;221888;199104;74.9;67.2
18;2021-09-01;577;1643;222465;200747;75.1;67.7
18;2021-09-02;397;1268;222862;202015;75.2;68.2
18;2021-09-03;452;1304;223314;203319;75.3;68.6
18;2021-09-04;356;807;223670;204126;75.5;68.9
18;2021-09-05;29;80;223699;204206;75.5;68.9
18;2021-09-06;278;1090;223977;205296;75.6;69.3
18;2021-09-07;279;989;224256;206285;75.7;69.6
18;2021-09-08;400;1137;224656;207422;75.8;70.0
18;2021-09-09;352;1145;225008;208567;75.9;70.4
18;2021-09-10;405;1089;225413;209656;76.0;70.7
18;2021-09-11;262;866;225675;210522;76.1;71.0
18;2021-09-12;8;32;225683;210554;76.1;71.0
18;2021-09-13;308;859;225991;211413;76.2;71.3
19;2020-12-27;0;0;0;0;0.0;0.0
19;2020-12-28;0;0;0;0;0.0;0.0
19;2020-12-29;1;0;1;0;0.0;0.0
19;2020-12-30;0;0;1;0;0.0;0.0
19;2020-12-31;0;0;1;0;0.0;0.0
19;2021-01-01;0;0;1;0;0.0;0.0
19;2021-01-02;0;0;1;0;0.0;0.0
19;2021-01-03;0;0;1;0;0.0;0.0
19;2021-01-04;0;0;1;0;0.0;0.0
19;2021-01-05;0;0;1;0;0.0;0.0
19;2021-01-06;0;0;1;0;0.0;0.0
19;2021-01-07;344;1;345;1;0.1;0.0
19;2021-01-08;247;1;592;2;0.2;0.0
19;2021-01-09;1;0;593;2;0.2;0.0
19;2021-01-10;1;0;594;2;0.2;0.0
19;2021-01-11;38;0;632;2;0.3;0.0
19;2021-01-12;415;1;1047;3;0.4;0.0
19;2021-01-13;425;3;1472;6;0.6;0.0
19;2021-01-14;475;0;1947;6;0.8;0.0
19;2021-01-15;226;0;2173;6;0.9;0.0
19;2021-01-16;0;0;2173;6;0.9;0.0
19;2021-01-17;1;0;2174;6;0.9;0.0
19;2021-01-18;251;2;2425;8;1.0;0.0
19;2021-01-19;519;0;2944;8;1.2;0.0
19;2021-01-20;922;5;3866;13;1.6;0.0
19;2021-01-21;507;4;4373;17;1.8;0.0
19;2021-01-22;1317;4;5690;21;2.4;0.0
19;2021-01-23;281;0;5971;21;2.5;0.0
19;2021-01-24;37;0;6008;21;2.5;0.0
19;2021-01-25;233;0;6241;21;2.6;0.0
19;2021-01-26;607;3;6848;24;2.8;0.0
19;2021-01-27;334;3;7182;27;3.0;0.0
19;2021-01-28;297;153;7479;180;3.1;0.1
19;2021-01-29;348;54;7827;234;3.3;0.1
19;2021-01-30;130;24;7957;258;3.3;0.1
19;2021-01-31;42;0;7999;258;3.3;0.1
19;2021-02-01;158;94;8157;352;3.4;0.1
19;2021-02-02;303;424;8460;776;3.5;0.3
19;2021-02-03;285;237;8745;1013;3.6;0.4
19;2021-02-04;255;363;9000;1376;3.7;0.6
19;2021-02-05;311;74;9311;1450;3.9;0.6
19;2021-02-06;214;2;9525;1452;4.0;0.6
19;2021-02-07;48;2;9573;1454;4.0;0.6
19;2021-02-08;177;99;9750;1553;4.1;0.6
19;2021-02-09;333;252;10083;1805;4.2;0.8
19;2021-02-10;517;224;10600;2029;4.4;0.8
19;2021-02-11;412;301;11012;2330;4.6;1.0
19;2021-02-12;798;1125;11810;3455;4.9;1.4
19;2021-02-13;352;141;12162;3596;5.1;1.5
19;2021-02-14;98;5;12260;3601;5.1;1.5
19;2021-02-15;200;216;12460;3817;5.2;1.6
19;2021-02-16;386;149;12846;3966;5.3;1.7
19;2021-02-17;306;395;13152;4361;5.5;1.8
19;2021-02-18;174;425;13326;4786;5.5;2.0
19;2021-02-19;469;263;13795;5049;5.7;2.1
19;2021-02-20;133;161;13928;5210;5.8;2.2
19;2021-02-21;20;35;13948;5245;5.8;2.2
19;2021-02-22;221;191;14169;5436;5.9;2.3
19;2021-02-23;268;314;14437;5750;6.0;2.4
19;2021-02-24;361;182;14798;5932;6.2;2.5
19;2021-02-25;519;342;15317;6274;6.4;2.6
19;2021-02-26;395;274;15712;6548;6.5;2.7
19;2021-02-27;348;135;16060;6683;6.7;2.8
19;2021-02-28;68;32;16128;6715;6.7;2.8
19;2021-03-01;266;201;16394;6916;6.8;2.9
19;2021-03-02;428;232;16822;7148;7.0;3.0
19;2021-03-03;692;303;17514;7451;7.3;3.1
19;2021-03-04;826;325;18340;7776;7.6;3.2
19;2021-03-05;891;688;19231;8464;8.0;3.5
19;2021-03-06;1072;176;20303;8640;8.4;3.6
19;2021-03-07;463;34;20766;8674;8.6;3.6
19;2021-03-08;639;135;21405;8809;8.9;3.7
19;2021-03-09;836;229;22241;9038;9.3;3.8
19;2021-03-10;1155;286;23396;9324;9.7;3.9
19;2021-03-11;1274;297;24670;9621;10.3;4.0
19;2021-03-12;1136;381;25806;10002;10.7;4.2
19;2021-03-13;1111;161;26917;10163;11.2;4.2
19;2021-03-14;160;83;27077;10246;11.3;4.3
19;2021-03-15;699;132;27776;10378;11.6;4.3
19;2021-03-16;688;298;28464;10676;11.8;4.4
19;2021-03-17;839;278;29303;10954;12.2;4.6
19;2021-03-18;767;279;30070;11233;12.5;4.7
19;2021-03-19;1014;483;31084;11716;12.9;4.9
19;2021-03-20;783;131;31867;11847;13.3;4.9
19;2021-03-21;128;3;31995;11850;13.3;4.9
19;2021-03-22;548;174;32543;12024;13.5;5.0
19;2021-03-23;1045;230;33588;12254;14.0;5.1
19;2021-03-24;1171;371;34759;12625;14.5;5.3
19;2021-03-25;1189;405;35948;13030;15.0;5.4
19;2021-03-26;1324;274;37272;13304;15.5;5.5
19;2021-03-27;854;185;38126;13489;15.9;5.6
19;2021-03-28;63;60;38189;13549;15.9;5.6
19;2021-03-29;612;176;38801;13725;16.1;5.7
19;2021-03-30;971;344;39772;14069;16.5;5.9
19;2021-03-31;1157;490;40929;14559;17.0;6.1
19;2021-04-01;1491;424;42420;14983;17.7;6.2
19;2021-04-02;1008;521;43428;15504;18.1;6.5
19;2021-04-03;597;282;44025;15786;18.3;6.6
19;2021-04-04;130;3;44155;15789;18.4;6.6
19;2021-04-05;40;75;44195;15864;18.4;6.6
19;2021-04-06;735;602;44930;16466;18.7;6.9
19;2021-04-07;978;732;45908;17198;19.1;7.2
19;2021-04-08;1116;1014;47024;18212;19.6;7.6
19;2021-04-09;1642;615;48666;18827;20.2;7.8
19;2021-04-10;946;556;49612;19383;20.6;8.1
19;2021-04-11;558;74;50170;19457;20.9;8.1
19;2021-04-12;681;521;50851;19978;21.2;8.3
19;2021-04-13;915;575;51766;20553;21.5;8.6
19;2021-04-14;1333;845;53099;21398;22.1;8.9
19;2021-04-15;1229;871;54328;22269;22.6;9.3
19;2021-04-16;1505;818;55833;23087;23.2;9.6
19;2021-04-17;762;478;56595;23565;23.5;9.8
19;2021-04-18;661;69;57256;23634;23.8;9.8
19;2021-04-19;730;440;57986;24074;24.1;10.0
19;2021-04-20;979;748;58965;24822;24.5;10.3
19;2021-04-21;1271;698;60236;25520;25.1;10.6
19;2021-04-22;1189;898;61425;26418;25.6;11.0
19;2021-04-23;1129;1020;62554;27438;26.0;11.4
19;2021-04-24;679;676;63233;28114;26.3;11.7
19;2021-04-25;675;69;63908;28183;26.6;11.7
19;2021-04-26;1056;331;64964;28514;27.0;11.9
19;2021-04-27;1028;568;65992;29082;27.5;12.1
19;2021-04-28;1553;555;67545;29637;28.1;12.3
19;2021-04-29;1453;1181;68998;30818;28.7;12.8
19;2021-04-30;1876;1057;70874;31875;29.5;13.3
19;2021-05-01;671;171;71545;32046;29.8;13.3
19;2021-05-02;550;152;72095;32198;30.0;13.4
19;2021-05-03;854;547;72949;32745;30.4;13.6
19;2021-05-04;1025;707;73974;33452;30.8;13.9
19;2021-05-05;1255;741;75229;34193;31.3;14.2
19;2021-05-06;1127;1195;76356;35388;31.8;14.7
19;2021-05-07;1664;1189;78020;36577;32.5;15.2
19;2021-05-08;712;205;78732;36782;32.8;15.3
19;2021-05-09;487;546;79219;37328;33.0;15.5
19;2021-05-10;1164;664;80383;37992;33.4;15.8
19;2021-05-11;1640;856;82023;38848;34.1;16.2
19;2021-05-12;1945;1315;83968;40163;34.9;16.7
19;2021-05-13;571;242;84539;40405;35.2;16.8
19;2021-05-14;1646;988;86185;41393;35.9;17.2
19;2021-05-15;1443;592;87628;41985;36.5;17.5
19;2021-05-16;350;82;87978;42067;36.6;17.5
19;2021-05-17;1498;559;89476;42626;37.2;17.7
19;2021-05-18;1670;498;91146;43124;37.9;17.9
19;2021-05-19;2009;822;93155;43946;38.8;18.3
19;2021-05-20;1722;890;94877;44836;39.5;18.7
19;2021-05-21;1965;814;96842;45650;40.3;19.0
19;2021-05-22;1272;652;98114;46302;40.8;19.3
19;2021-05-23;324;131;98438;46433;41.0;19.3
19;2021-05-24;139;46;98577;46479;41.0;19.3
19;2021-05-25;1502;492;100079;46971;41.6;19.5
19;2021-05-26;1926;666;102005;47637;42.4;19.8
19;2021-05-27;1786;834;103791;48471;43.2;20.2
19;2021-05-28;1937;991;105728;49462;44.0;20.6
19;2021-05-29;1375;705;107103;50167;44.6;20.9
19;2021-05-30;191;495;107294;50662;44.6;21.1
19;2021-05-31;1199;537;108493;51199;45.1;21.3
19;2021-06-01;1285;886;109778;52085;45.7;21.7
19;2021-06-02;1817;951;111595;53036;46.4;22.1
19;2021-06-03;1447;1248;113042;54284;47.0;22.6
19;2021-06-04;1848;1349;114890;55633;47.8;23.1
19;2021-06-05;1210;815;116100;56448;48.3;23.5
19;2021-06-06;87;648;116187;57096;48.3;23.8
19;2021-06-07;922;934;117109;58030;48.7;24.1
19;2021-06-08;1104;907;118213;58937;49.2;24.5
19;2021-06-09;1330;1460;119543;60397;49.7;25.1
19;2021-06-10;1284;1580;120827;61977;50.3;25.8
19;2021-06-11;1315;1917;122142;63894;50.8;26.6
19;2021-06-12;1357;1316;123499;65210;51.4;27.1
19;2021-06-13;543;424;124042;65634;51.6;27.3
19;2021-06-14;736;1016;124778;66650;51.9;27.7
19;2021-06-15;979;1143;125757;67793;52.3;28.2
19;2021-06-16;1222;1363;126979;69156;52.8;28.8
19;2021-06-17;869;1789;127848;70945;53.2;29.5
19;2021-06-18;1057;2136;128905;73081;53.6;30.4
19;2021-06-19;919;1302;129824;74383;54.0;30.9
19;2021-06-20;395;327;130219;74710;54.2;31.1
19;2021-06-21;500;1075;130719;75785;54.4;31.5
19;2021-06-22;698;1490;131417;77275;54.7;32.2
19;2021-06-23;745;1988;132162;79263;55.0;33.0
19;2021-06-24;687;1663;132849;80926;55.3;33.7
19;2021-06-25;562;2216;133411;83142;55.5;34.6
19;2021-06-26;473;1741;133884;84883;55.7;35.3
19;2021-06-27;289;445;134173;85328;55.8;35.5
19;2021-06-28;315;1499;134488;86827;56.0;36.1
19;2021-06-29;354;1894;134842;88721;56.1;36.9
19;2021-06-30;795;2153;135637;90874;56.4;37.8
19;2021-07-01;361;2321;135998;93195;56.6;38.8
19;2021-07-02;781;2317;136779;95512;56.9;39.7
19;2021-07-03;513;1744;137292;97256;57.1;40.5
19;2021-07-04;1;73;137293;97329;57.1;40.5
19;2021-07-05;600;1015;137893;98344;57.4;40.9
19;2021-07-06;505;1539;138398;99883;57.6;41.6
19;2021-07-07;706;2046;139104;101929;57.9;42.4
19;2021-07-08;770;2149;139874;104078;58.2;43.3
19;2021-07-09;716;2659;140590;106737;58.5;44.4
19;2021-07-10;587;1706;141177;108443;58.7;45.1
19;2021-07-11;45;212;141222;108655;58.8;45.2
19;2021-07-12;447;1488;141669;110143;58.9;45.8
19;2021-07-13;687;1829;142356;111972;59.2;46.6
19;2021-07-14;202;272;142558;112244;59.3;46.7
19;2021-07-15;870;2051;143428;114295;59.7;47.6
19;2021-07-16;1230;2445;144658;116740;60.2;48.6
19;2021-07-17;703;1718;145361;118458;60.5;49.3
19;2021-07-18;365;673;145726;119131;60.6;49.6
19;2021-07-19;969;1402;146695;120533;61.0;50.2
19;2021-07-20;967;1674;147662;122207;61.4;50.8
19;2021-07-21;1083;1711;148745;123918;61.9;51.6
19;2021-07-22;1393;1854;150138;125772;62.5;52.3
19;2021-07-23;1785;1995;151923;127767;63.2;53.2
19;2021-07-24;908;1755;152831;129522;63.6;53.9
19;2021-07-25;165;513;152996;130035;63.7;54.1
19;2021-07-26;911;911;153907;130946;64.0;54.5
19;2021-07-27;1424;1115;155331;132061;64.6;54.9
19;2021-07-28;2047;1222;157378;133283;65.5;55.5
19;2021-07-29;1623;1204;159001;134487;66.2;56.0
19;2021-07-30;1910;1027;160911;135514;67.0;56.4
19;2021-07-31;1129;1018;162040;136532;67.4;56.8
19;2021-08-01;347;372;162387;136904;67.6;57.0
19;2021-08-02;1147;809;163534;137713;68.0;57.3
19;2021-08-03;1451;1052;164985;138765;68.6;57.7
19;2021-08-04;1987;762;166972;139527;69.5;58.1
19;2021-08-05;1628;957;168600;140484;70.2;58.5
19;2021-08-06;1961;1214;170561;141698;71.0;59.0
19;2021-08-07;1335;999;171896;142697;71.5;59.4
19;2021-08-08;186;234;172082;142931;71.6;59.5
19;2021-08-09;1009;785;173091;143716;72.0;59.8
19;2021-08-10;1280;1011;174371;144727;72.6;60.2
19;2021-08-11;1356;1006;175727;145733;73.1;60.6
19;2021-08-12;1016;1276;176743;147009;73.5;61.2
19;2021-08-13;1179;1276;177922;148285;74.0;61.7
19;2021-08-14;980;1163;178902;149448;74.4;62.2
19;2021-08-15;30;54;178932;149502;74.5;62.2
19;2021-08-16;591;1029;179523;150531;74.7;62.6
19;2021-08-17;630;1167;180153;151698;75.0;63.1
19;2021-08-18;652;979;180805;152677;75.2;63.5
19;2021-08-19;436;1259;181241;153936;75.4;64.1
19;2021-08-20;864;1927;182105;155863;75.8;64.9
19;2021-08-21;494;1374;182599;157237;76.0;65.4
19;2021-08-22;52;93;182651;157330;76.0;65.5
19;2021-08-23;222;1157;182873;158487;76.1;65.9
19;2021-08-24;535;1318;183408;159805;76.3;66.5
19;2021-08-25;644;1557;184052;161362;76.6;67.1
19;2021-08-26;475;1463;184527;162825;76.8;67.7
19;2021-08-27;500;1689;185027;164514;77.0;68.5
19;2021-08-28;360;1277;185387;165791;77.1;69.0
19;2021-08-29;60;182;185447;165973;77.2;69.1
19;2021-08-30;224;1094;185671;167067;77.3;69.5
19;2021-08-31;322;1451;185993;168518;77.4;70.1
19;2021-09-01;355;1479;186348;169997;77.5;70.7
19;2021-09-02;345;1318;186693;171315;77.7;71.3
19;2021-09-03;407;1518;187100;172833;77.8;71.9
19;2021-09-04;301;1393;187401;174226;78.0;72.5
19;2021-09-05;32;245;187433;174471;78.0;72.6
19;2021-09-06;196;697;187629;175168;78.1;72.9
19;2021-09-07;228;822;187857;175990;78.2;73.2
19;2021-09-08;278;933;188135;176923;78.3;73.6
19;2021-09-09;254;617;188389;177540;78.4;73.9
19;2021-09-10;250;853;188639;178393;78.5;74.2
19;2021-09-11;293;1157;188932;179550;78.6;74.7
19;2021-09-12;42;151;188974;179701;78.6;74.8
19;2021-09-13;106;437;189080;180138;78.7;75.0
21;2020-12-27;4;0;4;0;0.0;0.0
21;2020-12-28;2;0;6;0;0.0;0.0
21;2020-12-29;19;0;25;0;0.0;0.0
21;2020-12-30;22;0;47;0;0.0;0.0
21;2020-12-31;0;0;47;0;0.0;0.0
21;2021-01-01;0;0;47;0;0.0;0.0
21;2021-01-02;1;0;48;0;0.0;0.0
21;2021-01-03;1;0;49;0;0.0;0.0
21;2021-01-04;22;0;71;0;0.0;0.0
21;2021-01-05;250;2;321;2;0.1;0.0
21;2021-01-06;300;0;621;2;0.1;0.0
21;2021-01-07;388;0;1009;2;0.2;0.0
21;2021-01-08;455;2;1464;4;0.3;0.0
21;2021-01-09;252;0;1716;4;0.3;0.0
21;2021-01-10;2;0;1718;4;0.3;0.0
21;2021-01-11;624;1;2342;5;0.4;0.0
21;2021-01-12;655;0;2997;5;0.6;0.0
21;2021-01-13;705;2;3702;7;0.7;0.0
21;2021-01-14;1192;6;4894;13;0.9;0.0
21;2021-01-15;718;5;5612;18;1.1;0.0
21;2021-01-16;162;0;5774;18;1.1;0.0
21;2021-01-17;5;0;5779;18;1.1;0.0
21;2021-01-18;1318;4;7097;22;1.3;0.0
21;2021-01-19;1371;2;8468;24;1.6;0.0
21;2021-01-20;1297;45;9765;69;1.8;0.0
21;2021-01-21;1541;3;11306;72;2.1;0.0
21;2021-01-22;1245;5;12551;77;2.4;0.0
21;2021-01-23;488;0;13039;77;2.4;0.0
21;2021-01-24;124;0;13163;77;2.5;0.0
21;2021-01-25;928;18;14091;95;2.6;0.0
21;2021-01-26;1542;135;15633;230;2.9;0.0
21;2021-01-27;2060;146;17693;376;3.3;0.1
21;2021-01-28;1461;216;19154;592;3.6;0.1
21;2021-01-29;1023;209;20177;801;3.8;0.2
21;2021-01-30;470;26;20647;827;3.9;0.2
21;2021-01-31;97;3;20744;830;3.9;0.2
21;2021-02-01;453;280;21197;1110;4.0;0.2
21;2021-02-02;456;428;21653;1538;4.1;0.3
21;2021-02-03;445;272;22098;1810;4.1;0.3
21;2021-02-04;417;523;22515;2333;4.2;0.4
21;2021-02-05;490;450;23005;2783;4.3;0.5
21;2021-02-06;158;217;23163;3000;4.3;0.6
21;2021-02-07;2;2;23165;3002;4.3;0.6
21;2021-02-08;433;369;23598;3371;4.4;0.6
21;2021-02-09;515;472;24113;3843;4.5;0.7
21;2021-02-10;461;543;24574;4386;4.6;0.8
21;2021-02-11;485;714;25059;5100;4.7;1.0
21;2021-02-12;356;835;25415;5935;4.8;1.1
21;2021-02-13;361;250;25776;6185;4.8;1.2
21;2021-02-14;239;130;26015;6315;4.9;1.2
21;2021-02-15;120;1120;26135;7435;4.9;1.4
21;2021-02-16;207;1326;26342;8761;4.9;1.6
21;2021-02-17;402;1782;26744;10543;5.0;2.0
21;2021-02-18;604;1202;27348;11745;5.1;2.2
21;2021-02-19;217;1006;27565;12751;5.2;2.4
21;2021-02-20;121;335;27686;13086;5.2;2.5
21;2021-02-21;1;83;27687;13169;5.2;2.5
21;2021-02-22;83;670;27770;13839;5.2;2.6
21;2021-02-23;170;899;27940;14738;5.2;2.8
21;2021-02-24;225;618;28165;15356;5.3;2.9
21;2021-02-25;647;725;28812;16081;5.4;3.0
21;2021-02-26;926;609;29738;16690;5.6;3.1
21;2021-02-27;533;243;30271;16933;5.7;3.2
21;2021-02-28;24;113;30295;17046;5.7;3.2
21;2021-03-01;679;562;30974;17608;5.8;3.3
21;2021-03-02;1054;495;32028;18103;6.0;3.4
21;2021-03-03;1168;388;33196;18491;6.2;3.5
21;2021-03-04;1685;479;34881;18970;6.5;3.6
21;2021-03-05;2196;635;37077;19605;7.0;3.7
21;2021-03-06;1593;190;38670;19795;7.3;3.7
21;2021-03-07;4;15;38674;19810;7.3;3.7
21;2021-03-08;772;418;39446;20228;7.4;3.8
21;2021-03-09;1571;535;41017;20763;7.7;3.9
21;2021-03-10;1627;529;42644;21292;8.0;4.0
21;2021-03-11;2196;672;44840;21964;8.4;4.1
21;2021-03-12;2906;430;47746;22394;9.0;4.2
21;2021-03-13;1932;156;49678;22550;9.3;4.2
21;2021-03-14;38;42;49716;22592;9.3;4.2
21;2021-03-15;1414;87;51130;22679;9.6;4.3
21;2021-03-16;1885;150;53015;22829;9.9;4.3
21;2021-03-17;1809;113;54824;22942;10.3;4.3
21;2021-03-18;2128;260;56952;23202;10.7;4.4
21;2021-03-19;1964;148;58916;23350;11.1;4.4
21;2021-03-20;1228;37;60144;23387;11.3;4.4
21;2021-03-21;2;0;60146;23387;11.3;4.4
21;2021-03-22;1556;92;61702;23479;11.6;4.4
21;2021-03-23;2695;104;64397;23583;12.1;4.4
21;2021-03-24;2892;163;67289;23746;12.6;4.5
21;2021-03-25;3731;246;71020;23992;13.3;4.5
21;2021-03-26;3655;195;74675;24187;14.0;4.5
21;2021-03-27;1732;60;76407;24247;14.3;4.6
21;2021-03-28;200;38;76607;24285;14.4;4.6
21;2021-03-29;1789;510;78396;24795;14.7;4.7
21;2021-03-30;2348;797;80744;25592;15.2;4.8
21;2021-03-31;2717;645;83461;26237;15.7;4.9
21;2021-04-01;2693;719;86154;26956;16.2;5.1
21;2021-04-02;2249;740;88403;27696;16.6;5.2
21;2021-04-03;1018;280;89421;27976;16.8;5.2
21;2021-04-04;2;12;89423;27988;16.8;5.3
21;2021-04-05;9;0;89432;27988;16.8;5.3
21;2021-04-06;1360;1134;90792;29122;17.0;5.5
21;2021-04-07;1751;968;92543;30090;17.4;5.6
21;2021-04-08;3218;1143;95761;31233;18.0;5.9
21;2021-04-09;3482;1184;99243;32417;18.6;6.1
21;2021-04-10;1376;729;100619;33146;18.9;6.2
21;2021-04-11;145;3;100764;33149;18.9;6.2
21;2021-04-12;1117;1344;101881;34493;19.1;6.5
21;2021-04-13;1656;1777;103537;36270;19.4;6.8
21;2021-04-14;1484;1467;105021;37737;19.7;7.1
21;2021-04-15;1902;1592;106923;39329;20.1;7.4
21;2021-04-16;2322;1308;109245;40637;20.5;7.6
21;2021-04-17;1020;972;110265;41609;20.7;7.8
21;2021-04-18;15;4;110280;41613;20.7;7.8
21;2021-04-19;1110;1319;111390;42932;20.9;8.1
21;2021-04-20;1242;1834;112632;44766;21.1;8.4
21;2021-04-21;1095;1720;113727;46486;21.3;8.7
21;2021-04-22;1275;2210;115002;48696;21.6;9.1
21;2021-04-23;1984;1724;116986;50420;22.0;9.5
21;2021-04-24;1001;872;117987;51292;22.1;9.6
21;2021-04-25;9;167;117996;51459;22.1;9.7
21;2021-04-26;1013;1591;119009;53050;22.3;10.0
21;2021-04-27;1842;1933;120851;54983;22.7;10.3
21;2021-04-28;2230;2221;123081;57204;23.1;10.7
21;2021-04-29;3136;2251;126217;59455;23.7;11.2
21;2021-04-30;3561;1836;129778;61291;24.4;11.5
21;2021-05-01;962;225;130740;61516;24.5;11.5
21;2021-05-02;2;5;130742;61521;24.5;11.5
21;2021-05-03;2081;1349;132823;62870;24.9;11.8
21;2021-05-04;2577;1640;135400;64510;25.4;12.1
21;2021-05-05;2248;1691;137648;66201;25.8;12.4
21;2021-05-06;3015;2245;140663;68446;26.4;12.8
21;2021-05-07;2804;2169;143467;70615;26.9;13.3
21;2021-05-08;1068;271;144535;70886;27.1;13.3
21;2021-05-09;26;177;144561;71063;27.1;13.3
21;2021-05-10;3170;1730;147731;72793;27.7;13.7
21;2021-05-11;4923;2004;152654;74797;28.6;14.0
21;2021-05-12;4805;1744;157459;76541;29.5;14.4
21;2021-05-13;3846;368;161305;76909;30.3;14.4
21;2021-05-14;5202;1470;166507;78379;31.2;14.7
21;2021-05-15;3428;646;169935;79025;31.9;14.8
21;2021-05-16;49;4;169984;79029;31.9;14.8
21;2021-05-17;4128;1255;174112;80284;32.7;15.1
21;2021-05-18;4359;1502;178471;81786;33.5;15.3
21;2021-05-19;3470;1125;181941;82911;34.1;15.6
21;2021-05-20;3901;1357;185842;84268;34.9;15.8
21;2021-05-21;3626;2154;189468;86422;35.6;16.2
21;2021-05-22;1669;768;191137;87190;35.9;16.4
21;2021-05-23;4;17;191141;87207;35.9;16.4
21;2021-05-24;1816;266;192957;87473;36.2;16.4
21;2021-05-25;2649;1964;195606;89437;36.7;16.8
21;2021-05-26;2604;1997;198210;91434;37.2;17.2
21;2021-05-27;4014;2091;202224;93525;37.9;17.6
21;2021-05-28;3572;2813;205796;96338;38.6;18.1
21;2021-05-29;1931;1468;207727;97806;39.0;18.4
21;2021-05-30;98;13;207825;97819;39.0;18.4
21;2021-05-31;2502;1775;210327;99594;39.5;18.7
21;2021-06-01;3454;2250;213781;101844;40.1;19.1
21;2021-06-02;2618;1759;216399;103603;40.6;19.4
21;2021-06-03;3146;2075;219545;105678;41.2;19.8
21;2021-06-04;3284;2586;222829;108264;41.8;20.3
21;2021-06-05;2925;1654;225754;109918;42.4;20.6
21;2021-06-06;51;85;225805;110003;42.4;20.6
21;2021-06-07;4317;1345;230122;111348;43.2;20.9
21;2021-06-08;4941;2144;235063;113492;44.1;21.3
21;2021-06-09;4502;1625;239565;115117;45.0;21.6
21;2021-06-10;3935;2596;243500;117713;45.7;22.1
21;2021-06-11;4169;3095;247669;120808;46.5;22.7
21;2021-06-12;2198;1607;249867;122415;46.9;23.0
21;2021-06-13;29;11;249896;122426;46.9;23.0
21;2021-06-14;2199;2563;252095;124989;47.3;23.5
21;2021-06-15;2959;3090;255054;128079;47.9;24.0
21;2021-06-16;2854;2609;257908;130688;48.4;24.5
21;2021-06-17;3422;3042;261330;133730;49.0;25.1
21;2021-06-18;2427;3793;263757;137523;49.5;25.8
21;2021-06-19;2045;1865;265802;139388;49.9;26.2
21;2021-06-20;26;13;265828;139401;49.9;26.2
21;2021-06-21;1843;3407;267671;142808;50.2;26.8
21;2021-06-22;1885;5829;269556;148637;50.6;27.9
21;2021-06-23;2030;5013;271586;153650;51.0;28.8
21;2021-06-24;2367;4664;273953;158314;51.4;29.7
21;2021-06-25;1532;5897;275485;164211;51.7;30.8
21;2021-06-26;1441;3900;276926;168111;52.0;31.5
21;2021-06-27;18;125;276944;168236;52.0;31.6
21;2021-06-28;1397;4016;278341;172252;52.2;32.3
21;2021-06-29;1637;4176;279978;176428;52.5;33.1
21;2021-06-30;1569;3375;281547;179803;52.8;33.7
21;2021-07-01;1665;4150;283212;183953;53.1;34.5
21;2021-07-02;2179;4231;285391;188184;53.6;35.3
21;2021-07-03;1095;2101;286486;190285;53.8;35.7
21;2021-07-04;37;55;286523;190340;53.8;35.7
21;2021-07-05;1609;3626;288132;193966;54.1;36.4
21;2021-07-06;1348;3584;289480;197550;54.3;37.1
21;2021-07-07;1455;3240;290935;200790;54.6;37.7
21;2021-07-08;1881;4157;292816;204947;54.9;38.5
21;2021-07-09;2084;4349;294900;209296;55.3;39.3
21;2021-07-10;1089;2546;295989;211842;55.5;39.8
21;2021-07-11;21;74;296010;211916;55.5;39.8
21;2021-07-12;1658;3728;297668;215644;55.9;40.5
21;2021-07-13;2345;4886;300013;220530;56.3;41.4
21;2021-07-14;2873;2017;302886;222547;56.8;41.8
21;2021-07-15;3816;4551;306702;227098;57.6;42.6
21;2021-07-16;3889;5256;310591;232354;58.3;43.6
21;2021-07-17;2774;4169;313365;236523;58.8;44.4
21;2021-07-18;157;82;313522;236605;58.8;44.4
21;2021-07-19;2377;4625;315899;241230;59.3;45.3
21;2021-07-20;2760;5485;318659;246715;59.8;46.3
21;2021-07-21;2910;4789;321569;251504;60.3;47.2
21;2021-07-22;3026;4721;324595;256225;60.9;48.1
21;2021-07-23;4354;4895;328949;261120;61.7;49.0
21;2021-07-24;3037;3019;331986;264139;62.3;49.6
21;2021-07-25;68;40;332054;264179;62.3;49.6
21;2021-07-26;2664;3588;334718;267767;62.8;50.2
21;2021-07-27;3412;3774;338130;271541;63.5;51.0
21;2021-07-28;3575;3351;341705;274892;64.1;51.6
21;2021-07-29;4134;3364;345839;278256;64.9;52.2
21;2021-07-30;4624;3341;350463;281597;65.8;52.8
21;2021-07-31;3429;2378;353892;283975;66.4;53.3
21;2021-08-01;330;57;354222;284032;66.5;53.3
21;2021-08-02;2541;3165;356763;287197;66.9;53.9
21;2021-08-03;2621;2762;359384;289959;67.4;54.4
21;2021-08-04;2367;2486;361751;292445;67.9;54.9
21;2021-08-05;2217;3077;363968;295522;68.3;55.5
21;2021-08-06;2589;3308;366557;298830;68.8;56.1
21;2021-08-07;1904;2659;368461;301489;69.1;56.6
21;2021-08-08;74;69;368535;301558;69.2;56.6
21;2021-08-09;1651;2929;370186;304487;69.5;57.1
21;2021-08-10;1411;2713;371597;307200;69.7;57.6
21;2021-08-11;1665;2446;373262;309646;70.0;58.1
21;2021-08-12;1170;2417;374432;312063;70.3;58.6
21;2021-08-13;1518;2746;375950;314809;70.5;59.1
21;2021-08-14;855;2437;376805;317246;70.7;59.5
21;2021-08-15;51;64;376856;317310;70.7;59.5
21;2021-08-16;1396;2819;378252;320129;71.0;60.1
21;2021-08-17;1204;2776;379456;322905;71.2;60.6
21;2021-08-18;1030;2871;380486;325776;71.4;61.1
21;2021-08-19;953;3068;381439;328844;71.6;61.7
21;2021-08-20;1054;4192;382493;333036;71.8;62.5
21;2021-08-21;841;3140;383334;336176;71.9;63.1
21;2021-08-22;32;116;383366;336292;71.9;63.1
21;2021-08-23;915;3216;384281;339508;72.1;63.7
21;2021-08-24;967;2878;385248;342386;72.3;64.3
21;2021-08-25;860;2551;386108;344937;72.5;64.7
21;2021-08-26;713;2424;386821;347361;72.6;65.2
21;2021-08-27;1028;3390;387849;350751;72.8;65.8
21;2021-08-28;704;2753;388553;353504;72.9;66.3
21;2021-08-29;43;215;388596;353719;72.9;66.4
21;2021-08-30;773;2264;389369;355983;73.1;66.8
21;2021-08-31;935;2108;390304;358091;73.2;67.2
21;2021-09-01;613;1777;390917;359868;73.4;67.5
21;2021-09-02;541;1458;391458;361326;73.5;67.8
21;2021-09-03;782;2031;392240;363357;73.6;68.2
21;2021-09-04;749;1671;392989;365028;73.7;68.5
21;2021-09-05;69;107;393058;365135;73.8;68.5
21;2021-09-06;406;1477;393464;366612;73.8;68.8
21;2021-09-07;388;1311;393852;367923;73.9;69.0
21;2021-09-08;546;1604;394398;369527;74.0;69.3
21;2021-09-09;396;1377;394794;370904;74.1;69.6
21;2021-09-10;642;1757;395436;372661;74.2;69.9
21;2021-09-11;468;1460;395904;374121;74.3;70.2
21;2021-09-12;17;34;395921;374155;74.3;70.2
21;2021-09-13;238;887;396159;375042;74.3;70.4
22;2020-12-27;0;0;0;0;0.0;0.0
22;2020-12-28;0;0;0;0;0.0;0.0
22;2020-12-29;0;0;0;0;0.0;0.0
22;2020-12-30;0;0;0;0;0.0;0.0
22;2020-12-31;0;0;0;0;0.0;0.0
22;2021-01-01;0;0;0;0;0.0;0.0
22;2021-01-02;2;0;2;0;0.0;0.0
22;2021-01-03;0;0;2;0;0.0;0.0
22;2021-01-04;5;0;7;0;0.0;0.0
22;2021-01-05;61;0;68;0;0.0;0.0
22;2021-01-06;114;1;182;1;0.0;0.0
22;2021-01-07;67;0;249;1;0.0;0.0
22;2021-01-08;174;0;423;1;0.1;0.0
22;2021-01-09;1;0;424;1;0.1;0.0
22;2021-01-10;0;0;424;1;0.1;0.0
22;2021-01-11;234;3;658;4;0.1;0.0
22;2021-01-12;627;0;1285;4;0.2;0.0
22;2021-01-13;676;1;1961;5;0.3;0.0
22;2021-01-14;716;8;2677;13;0.4;0.0
22;2021-01-15;529;2;3206;15;0.5;0.0
22;2021-01-16;96;0;3302;15;0.6;0.0
22;2021-01-17;1;0;3303;15;0.6;0.0
22;2021-01-18;311;1;3614;16;0.6;0.0
22;2021-01-19;687;1;4301;17;0.7;0.0
22;2021-01-20;598;1;4899;18;0.8;0.0
22;2021-01-21;947;1;5846;19;1.0;0.0
22;2021-01-22;840;2;6686;21;1.1;0.0
22;2021-01-23;219;0;6905;21;1.2;0.0
22;2021-01-24;1;0;6906;21;1.2;0.0
22;2021-01-25;750;9;7656;30;1.3;0.0
22;2021-01-26;1017;59;8673;89;1.5;0.0
22;2021-01-27;3861;108;12534;197;2.1;0.0
22;2021-01-28;4511;83;17045;280;2.9;0.0
22;2021-01-29;1898;120;18943;400;3.2;0.1
22;2021-01-30;289;0;19232;400;3.2;0.1
22;2021-01-31;3;0;19235;400;3.2;0.1
22;2021-02-01;641;75;19876;475;3.3;0.1
22;2021-02-02;903;429;20779;904;3.5;0.2
22;2021-02-03;690;489;21469;1393;3.6;0.2
22;2021-02-04;965;613;22434;2006;3.8;0.3
22;2021-02-05;721;552;23155;2558;3.9;0.4
22;2021-02-06;256;0;23411;2558;3.9;0.4
22;2021-02-07;0;0;23411;2558;3.9;0.4
22;2021-02-08;531;116;23942;2674;4.0;0.4
22;2021-02-09;614;267;24556;2941;4.1;0.5
22;2021-02-10;425;183;24981;3124;4.2;0.5
22;2021-02-11;1086;306;26067;3430;4.4;0.6
22;2021-02-12;594;297;26661;3727;4.5;0.6
22;2021-02-13;319;70;26980;3797;4.5;0.6
22;2021-02-14;0;4;26980;3801;4.5;0.6
22;2021-02-15;672;371;27652;4172;4.6;0.7
22;2021-02-16;1042;609;28694;4781;4.8;0.8
22;2021-02-17;1202;2348;29896;7129;5.0;1.2
22;2021-02-18;2142;2826;32038;9955;5.4;1.7
22;2021-02-19;1637;1828;33675;11783;5.6;2.0
22;2021-02-20;480;167;34155;11950;5.7;2.0
22;2021-02-21;6;49;34161;11999;5.7;2.0
22;2021-02-22;403;593;34564;12592;5.8;2.1
22;2021-02-23;665;805;35229;13397;5.9;2.2
22;2021-02-24;695;797;35924;14194;6.0;2.4
22;2021-02-25;1200;1036;37124;15230;6.2;2.6
22;2021-02-26;1067;614;38191;15844;6.4;2.7
22;2021-02-27;564;231;38755;16075;6.5;2.7
22;2021-02-28;16;8;38771;16083;6.5;2.7
22;2021-03-01;958;465;39729;16548;6.7;2.8
22;2021-03-02;1206;764;40935;17312;6.9;2.9
22;2021-03-03;1325;761;42260;18073;7.1;3.0
22;2021-03-04;1600;817;43860;18890;7.4;3.2
22;2021-03-05;2108;713;45968;19603;7.7;3.3
22;2021-03-06;1114;258;47082;19861;7.9;3.3
22;2021-03-07;219;1;47301;19862;7.9;3.3
22;2021-03-08;1291;601;48592;20463;8.2;3.4
22;2021-03-09;1824;694;50416;21157;8.5;3.5
22;2021-03-10;1988;944;52404;22101;8.8;3.7
22;2021-03-11;2377;1587;54781;23688;9.2;4.0
22;2021-03-12;3102;925;57883;24613;9.7;4.1
22;2021-03-13;1721;280;59604;24893;10.0;4.2
22;2021-03-14;245;22;59849;24915;10.0;4.2
22;2021-03-15;1620;554;61469;25469;10.3;4.3
22;2021-03-16;1603;843;63072;26312;10.6;4.4
22;2021-03-17;2650;693;65722;27005;11.0;4.5
22;2021-03-18;2552;1101;68274;28106;11.5;4.7
22;2021-03-19;3282;792;71556;28898;12.0;4.8
22;2021-03-20;2208;282;73764;29180;12.4;4.9
22;2021-03-21;16;0;73780;29180;12.4;4.9
22;2021-03-22;2364;359;76144;29539;12.8;5.0
22;2021-03-23;3142;782;79286;30321;13.3;5.1
22;2021-03-24;3485;682;82771;31003;13.9;5.2
22;2021-03-25;3962;606;86733;31609;14.5;5.3
22;2021-03-26;4003;483;90736;32092;15.2;5.4
22;2021-03-27;2090;179;92826;32271;15.6;5.4
22;2021-03-28;67;1;92893;32272;15.6;5.4
22;2021-03-29;2766;908;95659;33180;16.0;5.6
22;2021-03-30;3568;1149;99227;34329;16.6;5.8
22;2021-03-31;3676;1080;102903;35409;17.3;5.9
22;2021-04-01;4944;1129;107847;36538;18.1;6.1
22;2021-04-02;4391;1035;112238;37573;18.8;6.3
22;2021-04-03;1997;403;114235;37976;19.2;6.4
22;2021-04-04;37;0;114272;37976;19.2;6.4
22;2021-04-05;15;0;114287;37976;19.2;6.4
22;2021-04-06;3291;1136;117578;39112;19.7;6.6
22;2021-04-07;3432;1364;121010;40476;20.3;6.8
22;2021-04-08;4448;1322;125458;41798;21.0;7.0
22;2021-04-09;5184;1360;130642;43158;21.9;7.2
22;2021-04-10;2446;365;133088;43523;22.3;7.3
22;2021-04-11;485;10;133573;43533;22.4;7.3
22;2021-04-12;2988;1006;136561;44539;22.9;7.5
22;2021-04-13;3320;1518;139881;46057;23.5;7.7
22;2021-04-14;3169;2481;143050;48538;24.0;8.1
22;2021-04-15;3600;2431;146650;50969;24.6;8.5
22;2021-04-16;3632;2485;150282;53454;25.2;9.0
22;2021-04-17;1920;1792;152202;55246;25.5;9.3
22;2021-04-18;17;0;152219;55246;25.5;9.3
22;2021-04-19;3022;2145;155241;57391;26.0;9.6
22;2021-04-20;3313;2795;158554;60186;26.6;10.1
22;2021-04-21;3224;2732;161778;62918;27.1;10.6
22;2021-04-22;3593;3131;165371;66049;27.7;11.1
22;2021-04-23;3729;3173;169100;69222;28.4;11.6
22;2021-04-24;2006;1962;171106;71184;28.7;11.9
22;2021-04-25;17;0;171123;71184;28.7;11.9
22;2021-04-26;3213;2853;174336;74037;29.2;12.4
22;2021-04-27;3373;3130;177709;77167;29.8;12.9
22;2021-04-28;3489;3154;181198;80321;30.4;13.5
22;2021-04-29;4081;3246;185279;83567;31.1;14.0
22;2021-04-30;3905;3217;189184;86784;31.7;14.6
22;2021-05-01;60;69;189244;86853;31.7;14.6
22;2021-05-02;1237;59;190481;86912;31.9;14.6
22;2021-05-03;2030;2711;192511;89623;32.3;15.0
22;2021-05-04;2154;2896;194665;92519;32.7;15.5
22;2021-05-05;2050;3005;196715;95524;33.0;16.0
22;2021-05-06;2509;3490;199224;99014;33.4;16.6
22;2021-05-07;2831;3389;202055;102403;33.9;17.2
22;2021-05-08;45;120;202100;102523;33.9;17.2
22;2021-05-09;602;438;202702;102961;34.0;17.3
22;2021-05-10;4474;2730;207176;105691;34.8;17.7
22;2021-05-11;5107;2894;212283;108585;35.6;18.2
22;2021-05-12;6600;1016;218883;109601;36.7;18.4
22;2021-05-13;528;35;219411;109636;36.8;18.4
22;2021-05-14;6408;1078;225819;110714;37.9;18.6
22;2021-05-15;3988;420;229807;111134;38.5;18.6
22;2021-05-16;419;37;230226;111171;38.6;18.6
22;2021-05-17;5669;517;235895;111688;39.6;18.7
22;2021-05-18;6010;948;241905;112636;40.6;18.9
22;2021-05-19;6131;704;248036;113340;41.6;19.0
22;2021-05-20;6586;1369;254622;114709;42.7;19.2
22;2021-05-21;5897;1450;260519;116159;43.7;19.5
22;2021-05-22;4092;771;264611;116930;44.4;19.6
22;2021-05-23;407;17;265018;116947;44.5;19.6
22;2021-05-24;5313;225;270331;117172;45.3;19.7
22;2021-05-25;5637;1173;275968;118345;46.3;19.9
22;2021-05-26;4225;2807;280193;121152;47.0;20.3
22;2021-05-27;4506;3833;284699;124985;47.8;21.0
22;2021-05-28;4384;4421;289083;129406;48.5;21.7
22;2021-05-29;3046;1771;292129;131177;49.0;22.0
22;2021-05-30;19;7;292148;131184;49.0;22.0
22;2021-05-31;3653;3147;295801;134331;49.6;22.5
22;2021-06-01;3523;3684;299324;138015;50.2;23.1
22;2021-06-02;3086;3377;302410;141392;50.7;23.7
22;2021-06-03;3197;4090;305607;145482;51.3;24.4
22;2021-06-04;3373;4539;308980;150021;51.8;25.2
22;2021-06-05;3543;2025;312523;152046;52.4;25.5
22;2021-06-06;214;30;312737;152076;52.5;25.5
22;2021-06-07;3046;3253;315783;155329;53.0;26.1
22;2021-06-08;2800;3527;318583;158856;53.4;26.6
22;2021-06-09;2543;3507;321126;162363;53.9;27.2
22;2021-06-10;2517;4243;323643;166606;54.3;27.9
22;2021-06-11;2552;4227;326195;170833;54.7;28.7
22;2021-06-12;2414;1454;328609;172287;55.1;28.9
22;2021-06-13;133;1093;328742;173380;55.1;29.1
22;2021-06-14;2644;2463;331386;175843;55.6;29.5
22;2021-06-15;3096;2996;334482;178839;56.1;30.0
22;2021-06-16;3007;2805;337489;181644;56.6;30.5
22;2021-06-17;2564;3174;340053;184818;57.0;31.0
22;2021-06-18;3099;4111;343152;188929;57.6;31.7
22;2021-06-19;2985;1454;346137;190383;58.1;31.9
22;2021-06-20;155;8;346292;190391;58.1;31.9
22;2021-06-21;1782;5021;348074;195412;58.4;32.8
22;2021-06-22;2403;5552;350477;200964;58.8;33.7
22;2021-06-23;1284;6204;351761;207168;59.0;34.7
22;2021-06-24;2578;3912;354339;211080;59.4;35.4
22;2021-06-25;1569;6811;355908;217891;59.7;36.5
22;2021-06-26;783;3855;356691;221746;59.8;37.2
22;2021-06-27;4;511;356695;222257;59.8;37.3
22;2021-06-28;1051;5585;357746;227842;60.0;38.2
22;2021-06-29;1376;5952;359122;233794;60.2;39.2
22;2021-06-30;1130;5736;360252;239530;60.4;40.2
22;2021-07-01;1383;6034;361635;245564;60.7;41.2
22;2021-07-02;1712;6091;363347;251655;60.9;42.2
22;2021-07-03;1008;3818;364355;255473;61.1;42.9
22;2021-07-04;149;365;364504;255838;61.1;42.9
22;2021-07-05;1597;5804;366101;261642;61.4;43.9
22;2021-07-06;2315;5993;368416;267635;61.8;44.9
22;2021-07-07;2292;4933;370708;272568;62.2;45.7
22;2021-07-08;2503;5097;373211;277665;62.6;46.6
22;2021-07-09;2497;5378;375708;283043;63.0;47.5
22;2021-07-10;1808;3354;377516;286397;63.3;48.0
22;2021-07-11;484;75;378000;286472;63.4;48.1
22;2021-07-12;2333;4729;380333;291201;63.8;48.8
22;2021-07-13;3783;5056;384116;296257;64.4;49.7
22;2021-07-14;700;2495;384816;298752;64.5;50.1
22;2021-07-15;3869;4620;388685;303372;65.2;50.9
22;2021-07-16;3835;5290;392520;308662;65.8;51.8
22;2021-07-17;2556;3411;395076;312073;66.3;52.3
22;2021-07-18;570;88;395646;312161;66.4;52.4
22;2021-07-19;2772;4105;398418;316266;66.8;53.0
22;2021-07-20;3923;4130;402341;320396;67.5;53.7
22;2021-07-21;3998;3406;406339;323802;68.2;54.3
22;2021-07-22;4859;3703;411198;327505;69.0;54.9
22;2021-07-23;4453;4219;415651;331724;69.7;55.6
22;2021-07-24;2261;2616;417912;334340;70.1;56.1
22;2021-07-25;118;149;418030;334489;70.1;56.1
22;2021-07-26;3023;3917;421053;338406;70.6;56.8
22;2021-07-27;3725;4911;424778;343317;71.2;57.6
22;2021-07-28;3706;3657;428484;346974;71.9;58.2
22;2021-07-29;4296;3779;432780;350753;72.6;58.8
22;2021-07-30;4039;3971;436819;354724;73.3;59.5
22;2021-07-31;2403;2805;439222;357529;73.7;60.0
22;2021-08-01;118;151;439340;357680;73.7;60.0
22;2021-08-02;4668;2550;444008;360230;74.5;60.4
22;2021-08-03;4787;3427;448795;363657;75.3;61.0
22;2021-08-04;5767;2495;454562;366152;76.2;61.4
22;2021-08-05;4122;3804;458684;369956;76.9;62.1
22;2021-08-06;3653;3810;462337;373766;77.5;62.7
22;2021-08-07;2352;2264;464689;376030;77.9;63.1
22;2021-08-08;425;71;465114;376101;78.0;63.1
22;2021-08-09;2722;2703;467836;378804;78.5;63.5
22;2021-08-10;2717;3513;470553;382317;78.9;64.1
22;2021-08-11;2416;3115;472969;385432;79.3;64.6
22;2021-08-12;2191;3476;475160;388908;79.7;65.2
22;2021-08-13;1907;2969;477067;391877;80.0;65.7
22;2021-08-14;1328;1912;478395;393789;80.2;66.1
22;2021-08-15;85;198;478480;393987;80.3;66.1
22;2021-08-16;1464;3180;479944;397167;80.5;66.6
22;2021-08-17;1748;3461;481692;400628;80.8;67.2
22;2021-08-18;1401;3305;483093;403933;81.0;67.8
22;2021-08-19;1325;3608;484418;407541;81.3;68.4
22;2021-08-20;1453;3599;485871;411140;81.5;69.0
22;2021-08-21;805;2258;486676;413398;81.6;69.3
22;2021-08-22;151;308;486827;413706;81.7;69.4
22;2021-08-23;1954;3609;488781;417315;82.0;70.0
22;2021-08-24;1420;3248;490201;420563;82.2;70.5
22;2021-08-25;838;2507;491039;423070;82.4;71.0
22;2021-08-26;1052;4292;492091;427362;82.5;71.7
22;2021-08-27;1308;4601;493399;431963;82.8;72.5
22;2021-08-28;727;2518;494126;434481;82.9;72.9
22;2021-08-29;35;26;494161;434507;82.9;72.9
22;2021-08-30;918;2965;495079;437472;83.0;73.4
22;2021-08-31;960;3797;496039;441269;83.2;74.0
22;2021-09-01;952;3410;496991;444679;83.4;74.6
22;2021-09-02;826;3041;497817;447720;83.5;75.1
22;2021-09-03;930;3045;498747;450765;83.7;75.6
22;2021-09-04;779;2721;499526;453486;83.8;76.1
22;2021-09-05;95;47;499621;453533;83.8;76.1
22;2021-09-06;487;2155;500108;455688;83.9;76.4
22;2021-09-07;507;2273;500615;457961;84.0;76.8
22;2021-09-08;614;2174;501229;460135;84.1;77.2
22;2021-09-09;676;2292;501905;462427;84.2;77.6
22;2021-09-10;700;2415;502605;464842;84.3;78.0
22;2021-09-11;576;1819;503181;466661;84.4;78.3
22;2021-09-12;29;85;503210;466746;84.4;78.3
22;2021-09-13;467;2540;503677;469286;84.5;78.7
23;2020-12-27;0;0;0;0;0.0;0.0
23;2020-12-28;1;0;1;0;0.0;0.0
23;2020-12-29;0;0;1;0;0.0;0.0
23;2020-12-30;0;0;1;0;0.0;0.0
23;2020-12-31;0;0;1;0;0.0;0.0
23;2021-01-01;0;0;1;0;0.0;0.0
23;2021-01-02;1;0;2;0;0.0;0.0
23;2021-01-03;1;0;3;0;0.0;0.0
23;2021-01-04;1;0;4;0;0.0;0.0
23;2021-01-05;3;0;7;0;0.0;0.0
23;2021-01-06;10;0;17;0;0.0;0.0
23;2021-01-07;116;1;133;1;0.1;0.0
23;2021-01-08;117;0;250;1;0.2;0.0
23;2021-01-09;36;0;286;1;0.2;0.0
23;2021-01-10;1;0;287;1;0.2;0.0
23;2021-01-11;176;1;463;2;0.4;0.0
23;2021-01-12;238;3;701;5;0.6;0.0
23;2021-01-13;308;0;1009;5;0.9;0.0
23;2021-01-14;293;4;1302;9;1.1;0.0
23;2021-01-15;334;5;1636;14;1.4;0.0
23;2021-01-16;163;1;1799;15;1.5;0.0
23;2021-01-17;0;0;1799;15;1.5;0.0
23;2021-01-18;342;3;2141;18;1.8;0.0
23;2021-01-19;498;2;2639;20;2.3;0.0
23;2021-01-20;362;1;3001;21;2.6;0.0
23;2021-01-21;698;1;3699;22;3.2;0.0
23;2021-01-22;479;0;4178;22;3.6;0.0
23;2021-01-23;368;1;4546;23;3.9;0.0
23;2021-01-24;0;0;4546;23;3.9;0.0
23;2021-01-25;382;16;4928;39;4.2;0.0
23;2021-01-26;301;5;5229;44;4.5;0.0
23;2021-01-27;228;2;5457;46;4.7;0.0
23;2021-01-28;232;32;5689;78;4.9;0.1
23;2021-01-29;304;98;5993;176;5.2;0.2
23;2021-01-30;100;24;6093;200;5.2;0.2
23;2021-01-31;2;33;6095;233;5.2;0.2
23;2021-02-01;148;81;6243;314;5.4;0.3
23;2021-02-02;157;110;6400;424;5.5;0.4
23;2021-02-03;105;179;6505;603;5.6;0.5
23;2021-02-04;78;249;6583;852;5.7;0.7
23;2021-02-05;117;277;6700;1129;5.8;1.0
23;2021-02-06;14;137;6714;1266;5.8;1.1
23;2021-02-07;1;0;6715;1266;5.8;1.1
23;2021-02-08;124;166;6839;1432;5.9;1.2
23;2021-02-09;89;260;6928;1692;6.0;1.5
23;2021-02-10;92;235;7020;1927;6.0;1.7
23;2021-02-11;245;556;7265;2483;6.2;2.1
23;2021-02-12;174;260;7439;2743;6.4;2.4
23;2021-02-13;8;180;7447;2923;6.4;2.5
23;2021-02-14;8;0;7455;2923;6.4;2.5
23;2021-02-15;157;312;7612;3235;6.5;2.8
23;2021-02-16;103;379;7715;3614;6.6;3.1
23;2021-02-17;65;410;7780;4024;6.7;3.5
23;2021-02-18;142;315;7922;4339;6.8;3.7
23;2021-02-19;109;205;8031;4544;6.9;3.9
23;2021-02-20;2;81;8033;4625;6.9;4.0
23;2021-02-21;0;0;8033;4625;6.9;4.0
23;2021-02-22;104;181;8137;4806;7.0;4.1
23;2021-02-23;109;176;8246;4982;7.1;4.3
23;2021-02-24;176;145;8422;5127;7.2;4.4
23;2021-02-25;184;87;8606;5214;7.4;4.5
23;2021-02-26;287;152;8893;5366;7.6;4.6
23;2021-02-27;112;11;9005;5377;7.7;4.6
23;2021-02-28;1;31;9006;5408;7.7;4.7
23;2021-03-01;88;177;9094;5585;7.8;4.8
23;2021-03-02;229;118;9323;5703;8.0;4.9
23;2021-03-03;133;79;9456;5782;8.1;5.0
23;2021-03-04;307;133;9763;5915;8.4;5.1
23;2021-03-05;517;104;10280;6019;8.8;5.2
23;2021-03-06;494;7;10774;6026;9.3;5.2
23;2021-03-07;313;3;11087;6029;9.5;5.2
23;2021-03-08;197;70;11284;6099;9.7;5.2
23;2021-03-09;421;102;11705;6201;10.1;5.3
23;2021-03-10;348;37;12053;6238;10.4;5.4
23;2021-03-11;324;44;12377;6282;10.6;5.4
23;2021-03-12;618;34;12995;6316;11.2;5.4
23;2021-03-13;287;12;13282;6328;11.4;5.4
23;2021-03-14;47;34;13329;6362;11.5;5.5
23;2021-03-15;220;124;13549;6486;11.7;5.6
23;2021-03-16;192;81;13741;6567;11.8;5.6
23;2021-03-17;131;99;13872;6666;11.9;5.7
23;2021-03-18;193;92;14065;6758;12.1;5.8
23;2021-03-19;207;117;14272;6875;12.3;5.9
23;2021-03-20;631;37;14903;6912;12.8;5.9
23;2021-03-21;128;0;15031;6912;12.9;5.9
23;2021-03-22;274;156;15305;7068;13.2;6.1
23;2021-03-23;504;103;15809;7171;13.6;6.2
23;2021-03-24;423;124;16232;7295;14.0;6.3
23;2021-03-25;820;188;17052;7483;14.7;6.4
23;2021-03-26;735;193;17787;7676;15.3;6.6
23;2021-03-27;505;50;18292;7726;15.7;6.6
23;2021-03-28;3;9;18295;7735;15.7;6.7
23;2021-03-29;358;108;18653;7843;16.0;6.7
23;2021-03-30;537;178;19190;8021;16.5;6.9
23;2021-03-31;411;173;19601;8194;16.9;7.0
23;2021-04-01;600;171;20201;8365;17.4;7.2
23;2021-04-02;498;297;20699;8662;17.8;7.4
23;2021-04-03;715;44;21414;8706;18.4;7.5
23;2021-04-04;4;0;21418;8706;18.4;7.5
23;2021-04-05;2;3;21420;8709;18.4;7.5
23;2021-04-06;382;293;21802;9002;18.8;7.7
23;2021-04-07;707;309;22509;9311;19.4;8.0
23;2021-04-08;805;236;23314;9547;20.1;8.2
23;2021-04-09;940;367;24254;9914;20.9;8.5
23;2021-04-10;1097;111;25351;10025;21.8;8.6
23;2021-04-11;21;2;25372;10027;21.8;8.6
23;2021-04-12;692;236;26064;10263;22.4;8.8
23;2021-04-13;669;302;26733;10565;23.0;9.1
23;2021-04-14;586;178;27319;10743;23.5;9.2
23;2021-04-15;930;185;28249;10928;24.3;9.4
23;2021-04-16;905;212;29154;11140;25.1;9.6
23;2021-04-17;996;553;30150;11693;25.9;10.1
23;2021-04-18;3;136;30153;11829;25.9;10.2
23;2021-04-19;613;297;30766;12126;26.5;10.4
23;2021-04-20;721;292;31487;12418;27.1;10.7
23;2021-04-21;733;397;32220;12815;27.7;11.0
23;2021-04-22;657;472;32877;13287;28.3;11.4
23;2021-04-23;596;345;33473;13632;28.8;11.7
23;2021-04-24;855;449;34328;14081;29.5;12.1
23;2021-04-25;0;0;34328;14081;29.5;12.1
23;2021-04-26;616;254;34944;14335;30.1;12.3
23;2021-04-27;675;422;35619;14757;30.6;12.7
23;2021-04-28;628;277;36247;15034;31.2;12.9
23;2021-04-29;883;379;37130;15413;31.9;13.3
23;2021-04-30;719;784;37849;16197;32.6;13.9
23;2021-05-01;1229;42;39078;16239;33.6;14.0
23;2021-05-02;14;0;39092;16239;33.6;14.0
23;2021-05-03;434;520;39526;16759;34.0;14.4
23;2021-05-04;617;513;40143;17272;34.5;14.9
23;2021-05-05;540;713;40683;17985;35.0;15.5
23;2021-05-06;728;698;41411;18683;35.6;16.1
23;2021-05-07;685;643;42096;19326;36.2;16.6
23;2021-05-08;1411;588;43507;19914;37.4;17.1
23;2021-05-09;4;0;43511;19914;37.4;17.1
23;2021-05-10;555;656;44066;20570;37.9;17.7
23;2021-05-11;560;764;44626;21334;38.4;18.3
23;2021-05-12;720;662;45346;21996;39.0;18.9
23;2021-05-13;537;56;45883;22052;39.5;19.0
23;2021-05-14;788;458;46671;22510;40.1;19.4
23;2021-05-15;995;235;47666;22745;41.0;19.6
23;2021-05-16;0;0;47666;22745;41.0;19.6
23;2021-05-17;568;448;48234;23193;41.5;19.9
23;2021-05-18;777;292;49011;23485;42.2;20.2
23;2021-05-19;1051;259;50062;23744;43.1;20.4
23;2021-05-20;837;315;50899;24059;43.8;20.7
23;2021-05-21;1108;311;52007;24370;44.7;21.0
23;2021-05-22;740;125;52747;24495;45.4;21.1
23;2021-05-23;3;20;52750;24515;45.4;21.1
23;2021-05-24;363;166;53113;24681;45.7;21.2
23;2021-05-25;908;336;54021;25017;46.5;21.5
23;2021-05-26;1078;227;55099;25244;47.4;21.7
23;2021-05-27;932;438;56031;25682;48.2;22.1
23;2021-05-28;781;744;56812;26426;48.9;22.7
23;2021-05-29;638;1102;57450;27528;49.4;23.7
23;2021-05-30;6;63;57456;27591;49.4;23.7
23;2021-05-31;433;539;57889;28130;49.8;24.2
23;2021-06-01;583;827;58472;28957;50.3;24.9
23;2021-06-02;625;516;59097;29473;50.8;25.3
23;2021-06-03;709;551;59806;30024;51.4;25.8
23;2021-06-04;778;614;60584;30638;52.1;26.4
23;2021-06-05;545;777;61129;31415;52.6;27.0
23;2021-06-06;0;0;61129;31415;52.6;27.0
23;2021-06-07;393;696;61522;32111;52.9;27.6
23;2021-06-08;323;776;61845;32887;53.2;28.3
23;2021-06-09;287;648;62132;33535;53.4;28.8
23;2021-06-10;374;689;62506;34224;53.8;29.4
23;2021-06-11;384;807;62890;35031;54.1;30.1
23;2021-06-12;377;1265;63267;36296;54.4;31.2
23;2021-06-13;13;5;63280;36301;54.4;31.2
23;2021-06-14;235;590;63515;36891;54.6;31.7
23;2021-06-15;231;860;63746;37751;54.8;32.5
23;2021-06-16;362;579;64108;38330;55.1;33.0
23;2021-06-17;339;810;64447;39140;55.4;33.7
23;2021-06-18;356;767;64803;39907;55.7;34.3
23;2021-06-19;492;1523;65295;41430;56.2;35.6
23;2021-06-20;2;11;65297;41441;56.2;35.6
23;2021-06-21;205;620;65502;42061;56.3;36.2
23;2021-06-22;216;687;65718;42748;56.5;36.8
23;2021-06-23;221;750;65939;43498;56.7;37.4
23;2021-06-24;200;606;66139;44104;56.9;37.9
23;2021-06-25;302;815;66441;44919;57.1;38.6
23;2021-06-26;221;999;66662;45918;57.3;39.5
23;2021-06-27;3;0;66665;45918;57.3;39.5
23;2021-06-28;115;692;66780;46610;57.4;40.1
23;2021-06-29;189;823;66969;47433;57.6;40.8
23;2021-06-30;169;944;67138;48377;57.7;41.6
23;2021-07-01;168;870;67306;49247;57.9;42.4
23;2021-07-02;192;1069;67498;50316;58.1;43.3
23;2021-07-03;250;979;67748;51295;58.3;44.1
23;2021-07-04;1;0;67749;51295;58.3;44.1
23;2021-07-05;160;805;67909;52100;58.4;44.8
23;2021-07-06;214;1043;68123;53143;58.6;45.7
23;2021-07-07;210;848;68333;53991;58.8;46.4
23;2021-07-08;254;740;68587;54731;59.0;47.1
23;2021-07-09;275;1012;68862;55743;59.2;47.9
23;2021-07-10;234;644;69096;56387;59.4;48.5
23;2021-07-11;0;0;69096;56387;59.4;48.5
23;2021-07-12;232;702;69328;57089;59.6;49.1
23;2021-07-13;471;917;69799;58006;60.0;49.9
23;2021-07-14;212;320;70011;58326;60.2;50.2
23;2021-07-15;481;810;70492;59136;60.6;50.9
23;2021-07-16;765;568;71257;59704;61.3;51.3
23;2021-07-17;220;478;71477;60182;61.5;51.8
23;2021-07-18;0;1;71477;60183;61.5;51.8
23;2021-07-19;704;628;72181;60811;62.1;52.3
23;2021-07-20;633;568;72814;61379;62.6;52.8
23;2021-07-21;702;635;73516;62014;63.2;53.3
23;2021-07-22;945;437;74461;62451;64.0;53.7
23;2021-07-23;842;508;75303;62959;64.8;54.1
23;2021-07-24;1013;439;76316;63398;65.6;54.5
23;2021-07-25;13;16;76329;63414;65.6;54.5
23;2021-07-26;787;566;77116;63980;66.3;55.0
23;2021-07-27;929;436;78045;64416;67.1;55.4
23;2021-07-28;878;412;78923;64828;67.9;55.8
23;2021-07-29;1050;400;79973;65228;68.8;56.1
23;2021-07-30;947;521;80920;65749;69.6;56.5
23;2021-07-31;1166;306;82086;66055;70.6;56.8
23;2021-08-01;19;8;82105;66063;70.6;56.8
23;2021-08-02;673;506;82778;66569;71.2;57.3
23;2021-08-03;767;458;83545;67027;71.9;57.6
23;2021-08-04;612;297;84157;67324;72.4;57.9
23;2021-08-05;692;365;84849;67689;73.0;58.2
23;2021-08-06;422;483;85271;68172;73.3;58.6
23;2021-08-07;299;189;85570;68361;73.6;58.8
23;2021-08-08;146;38;85716;68399;73.7;58.8
23;2021-08-09;493;492;86209;68891;74.1;59.3
23;2021-08-10;467;608;86676;69499;74.5;59.8
23;2021-08-11;426;488;87102;69987;74.9;60.2
23;2021-08-12;513;567;87615;70554;75.4;60.7
23;2021-08-13;418;578;88033;71132;75.7;61.2
23;2021-08-14;287;390;88320;71522;76.0;61.5
23;2021-08-15;27;9;88347;71531;76.0;61.5
23;2021-08-16;277;711;88624;72242;76.2;62.1
23;2021-08-17;278;730;88902;72972;76.5;62.8
23;2021-08-18;179;635;89081;73607;76.6;63.3
23;2021-08-19;257;727;89338;74334;76.8;63.9
23;2021-08-20;214;682;89552;75016;77.0;64.5
23;2021-08-21;140;499;89692;75515;77.1;64.9
23;2021-08-22;54;48;89746;75563;77.2;65.0
23;2021-08-23;149;818;89895;76381;77.3;65.7
23;2021-08-24;263;911;90158;77292;77.5;66.5
23;2021-08-25;185;791;90343;78083;77.7;67.2
23;2021-08-26;215;744;90558;78827;77.9;67.8
23;2021-08-27;213;641;90771;79468;78.1;68.3
23;2021-08-28;219;454;90990;79922;78.3;68.7
23;2021-08-29;15;88;91005;80010;78.3;68.8
23;2021-08-30;187;665;91192;80675;78.4;69.4
23;2021-08-31;228;671;91420;81346;78.6;70.0
23;2021-09-01;160;429;91580;81775;78.8;70.3
23;2021-09-02;117;346;91697;82121;78.9;70.6
23;2021-09-03;207;583;91904;82704;79.0;71.1
23;2021-09-04;179;846;92083;83550;79.2;71.9
23;2021-09-05;5;7;92088;83557;79.2;71.9
23;2021-09-06;131;489;92219;84046;79.3;72.3
23;2021-09-07;97;526;92316;84572;79.4;72.7
23;2021-09-08;120;487;92436;85059;79.5;73.2
23;2021-09-09;114;393;92550;85452;79.6;73.5
23;2021-09-10;144;446;92694;85898;79.7;73.9
23;2021-09-11;102;224;92796;86122;79.8;74.1
23;2021-09-12;5;16;92801;86138;79.8;74.1
23;2021-09-13;109;400;92910;86538;79.9;74.4
24;2020-12-27;1;0;1;0;0.0;0.0
24;2020-12-28;1;0;2;0;0.0;0.0
24;2020-12-29;2;0;4;0;0.0;0.0
24;2020-12-30;1;0;5;0;0.0;0.0
24;2020-12-31;1;0;6;0;0.0;0.0
24;2021-01-01;1;0;7;0;0.0;0.0
24;2021-01-02;0;0;7;0;0.0;0.0
24;2021-01-03;0;0;7;0;0.0;0.0
24;2021-01-04;1;0;8;0;0.0;0.0
24;2021-01-05;1;0;9;0;0.0;0.0
24;2021-01-06;2;0;11;0;0.0;0.0
24;2021-01-07;190;0;201;0;0.0;0.0
24;2021-01-08;282;0;483;0;0.1;0.0
24;2021-01-09;185;13;668;13;0.2;0.0
24;2021-01-10;35;0;703;13;0.2;0.0
24;2021-01-11;269;0;972;13;0.2;0.0
24;2021-01-12;280;0;1252;13;0.3;0.0
24;2021-01-13;233;0;1485;13;0.4;0.0
24;2021-01-14;1021;21;2506;34;0.6;0.0
24;2021-01-15;605;4;3111;38;0.8;0.0
24;2021-01-16;87;0;3198;38;0.8;0.0
24;2021-01-17;2;1;3200;39;0.8;0.0
24;2021-01-18;300;0;3500;39;0.9;0.0
24;2021-01-19;468;1;3968;40;1.0;0.0
24;2021-01-20;556;0;4524;40;1.1;0.0
24;2021-01-21;645;6;5169;46;1.3;0.0
24;2021-01-22;516;1;5685;47;1.4;0.0
24;2021-01-23;152;1;5837;48;1.4;0.0
24;2021-01-24;3;0;5840;48;1.4;0.0
24;2021-01-25;442;0;6282;48;1.5;0.0
24;2021-01-26;638;65;6920;113;1.7;0.0
24;2021-01-27;1267;12;8187;125;2.0;0.0
24;2021-01-28;985;126;9172;251;2.2;0.1
24;2021-01-29;932;128;10104;379;2.5;0.1
24;2021-01-30;282;1;10386;380;2.5;0.1
24;2021-01-31;0;0;10386;380;2.5;0.1
24;2021-02-01;377;164;10763;544;2.6;0.1
24;2021-02-02;616;289;11379;833;2.8;0.2
24;2021-02-03;653;434;12032;1267;2.9;0.3
24;2021-02-04;978;383;13010;1650;3.2;0.4
24;2021-02-05;690;356;13700;2006;3.4;0.5
24;2021-02-06;141;35;13841;2041;3.4;0.5
24;2021-02-07;33;1;13874;2042;3.4;0.5
24;2021-02-08;309;223;14183;2265;3.5;0.6
24;2021-02-09;454;230;14637;2495;3.6;0.6
24;2021-02-10;378;102;15015;2597;3.7;0.6
24;2021-02-11;561;488;15576;3085;3.8;0.8
24;2021-02-12;495;374;16071;3459;3.9;0.8
24;2021-02-13;202;41;16273;3500;4.0;0.9
24;2021-02-14;89;0;16362;3500;4.0;0.9
24;2021-02-15;187;199;16549;3699;4.1;0.9
24;2021-02-16;336;458;16885;4157;4.1;1.0
24;2021-02-17;584;789;17469;4946;4.3;1.2
24;2021-02-18;443;650;17912;5596;4.4;1.4
24;2021-02-19;462;643;18374;6239;4.5;1.5
24;2021-02-20;163;110;18537;6349;4.5;1.6
24;2021-02-21;109;0;18646;6349;4.6;1.6
24;2021-02-22;426;455;19072;6804;4.7;1.7
24;2021-02-23;562;605;19634;7409;4.8;1.8
24;2021-02-24;538;745;20172;8154;4.9;2.0
24;2021-02-25;728;784;20900;8938;5.1;2.2
24;2021-02-26;977;869;21877;9807;5.4;2.4
24;2021-02-27;363;235;22240;10042;5.4;2.5
24;2021-02-28;25;4;22265;10046;5.5;2.5
24;2021-03-01;292;320;22557;10366;5.5;2.5
24;2021-03-02;539;382;23096;10748;5.7;2.6
24;2021-03-03;681;300;23777;11048;5.8;2.7
24;2021-03-04;914;472;24691;11520;6.0;2.8
24;2021-03-05;1068;524;25759;12044;6.3;2.9
24;2021-03-06;1127;129;26886;12173;6.6;3.0
24;2021-03-07;232;63;27118;12236;6.6;3.0
24;2021-03-08;531;225;27649;12461;6.8;3.1
24;2021-03-09;1173;405;28822;12866;7.1;3.2
24;2021-03-10;1142;422;29964;13288;7.3;3.3
24;2021-03-11;1605;451;31569;13739;7.7;3.4
24;2021-03-12;2052;429;33621;14168;8.2;3.5
24;2021-03-13;1348;185;34969;14353;8.6;3.5
24;2021-03-14;141;88;35110;14441;8.6;3.5
24;2021-03-15;954;165;36064;14606;8.8;3.6
24;2021-03-16;1143;228;37207;14834;9.1;3.6
24;2021-03-17;1218;281;38425;15115;9.4;3.7
24;2021-03-18;1055;551;39480;15666;9.7;3.8
24;2021-03-19;1253;530;40733;16196;10.0;4.0
24;2021-03-20;1055;143;41788;16339;10.2;4.0
24;2021-03-21;25;11;41813;16350;10.2;4.0
24;2021-03-22;1224;408;43037;16758;10.5;4.1
24;2021-03-23;1881;397;44918;17155;11.0;4.2
24;2021-03-24;1891;381;46809;17536;11.5;4.3
24;2021-03-25;1991;468;48800;18004;11.9;4.4
24;2021-03-26;2374;278;51174;18282;12.5;4.5
24;2021-03-27;1349;42;52523;18324;12.9;4.5
24;2021-03-28;63;9;52586;18333;12.9;4.5
24;2021-03-29;1673;327;54259;18660;13.3;4.6
24;2021-03-30;2410;390;56669;19050;13.9;4.7
24;2021-03-31;2186;308;58855;19358;14.4;4.7
24;2021-04-01;2197;308;61052;19666;14.9;4.8
24;2021-04-02;2071;393;63123;20059;15.5;4.9
24;2021-04-03;1376;121;64499;20180;15.8;4.9
24;2021-04-04;74;1;64573;20181;15.8;4.9
24;2021-04-05;947;60;65520;20241;16.0;5.0
24;2021-04-06;2355;701;67875;20942;16.6;5.1
24;2021-04-07;2717;691;70592;21633;17.3;5.3
24;2021-04-08;3007;959;73599;22592;18.0;5.5
24;2021-04-09;3489;1006;77088;23598;18.9;5.8
24;2021-04-10;2595;314;79683;23912;19.5;5.9
24;2021-04-11;1103;20;80786;23932;19.8;5.9
24;2021-04-12;2498;809;83284;24741;20.4;6.1
24;2021-04-13;2903;1201;86187;25942;21.1;6.4
24;2021-04-14;2939;1196;89126;27138;21.8;6.6
24;2021-04-15;2792;1102;91918;28240;22.5;6.9
24;2021-04-16;3266;975;95184;29215;23.3;7.2
24;2021-04-17;2273;501;97457;29716;23.9;7.3
24;2021-04-18;424;6;97881;29722;24.0;7.3
24;2021-04-19;1599;1011;99480;30733;24.4;7.5
24;2021-04-20;2269;1432;101749;32165;24.9;7.9
24;2021-04-21;2146;1443;103895;33608;25.4;8.2
24;2021-04-22;2060;1257;105955;34865;25.9;8.5
24;2021-04-23;1959;1334;107914;36199;26.4;8.9
24;2021-04-24;863;724;108777;36923;26.6;9.0
24;2021-04-25;54;4;108831;36927;26.6;9.0
24;2021-04-26;1296;1476;110127;38403;27.0;9.4
24;2021-04-27;1850;1879;111977;40282;27.4;9.9
24;2021-04-28;1507;1942;113484;42224;27.8;10.3
24;2021-04-29;1730;1883;115214;44107;28.2;10.8
24;2021-04-30;2272;1773;117486;45880;28.8;11.2
24;2021-05-01;2059;1061;119545;46941;29.3;11.5
24;2021-05-02;1924;216;121469;47157;29.7;11.5
24;2021-05-03;1474;1829;122943;48986;30.1;12.0
24;2021-05-04;2227;2295;125170;51281;30.6;12.6
24;2021-05-05;1891;2716;127061;53997;31.1;13.2
24;2021-05-06;1890;2795;128951;56792;31.6;13.9
24;2021-05-07;2266;2785;131217;59577;32.1;14.6
24;2021-05-08;1285;1150;132502;60727;32.4;14.9
24;2021-05-09;1169;903;133671;61630;32.7;15.1
24;2021-05-10;1098;2624;134769;64254;33.0;15.7
24;2021-05-11;2039;2782;136808;67036;33.5;16.4
24;2021-05-12;1924;2246;138732;69282;34.0;17.0
24;2021-05-13;1465;1214;140197;70496;34.3;17.3
24;2021-05-14;2378;1334;142575;71830;34.9;17.6
24;2021-05-15;2047;816;144622;72646;35.4;17.8
24;2021-05-16;1171;346;145793;72992;35.7;17.9
24;2021-05-17;2242;1250;148035;74242;36.2;18.2
24;2021-05-18;2484;1820;150519;76062;36.9;18.6
24;2021-05-19;2284;1376;152803;77438;37.4;19.0
24;2021-05-20;2375;1571;155178;79009;38.0;19.3
24;2021-05-21;2433;1415;157611;80424;38.6;19.7
24;2021-05-22;1719;409;159330;80833;39.0;19.8
24;2021-05-23;952;72;160282;80905;39.2;19.8
24;2021-05-24;1516;331;161798;81236;39.6;19.9
24;2021-05-25;2298;1384;164096;82620;40.2;20.2
24;2021-05-26;2149;1318;166245;83938;40.7;20.6
24;2021-05-27;1749;2193;167994;86131;41.1;21.1
24;2021-05-28;2145;1999;170139;88130;41.7;21.6
24;2021-05-29;1154;2083;171293;90213;41.9;22.1
24;2021-05-30;1418;169;172711;90382;42.3;22.1
24;2021-05-31;1744;1364;174455;91746;42.7;22.5
24;2021-06-01;2583;1978;177038;93724;43.3;22.9
24;2021-06-02;2654;1781;179692;95505;44.0;23.4
24;2021-06-03;2291;1460;181983;96965;44.6;23.7
24;2021-06-04;2381;1900;184364;98865;45.1;24.2
24;2021-06-05;2007;1413;186371;100278;45.6;24.6
24;2021-06-06;767;222;187138;100500;45.8;24.6
24;2021-06-07;1432;1496;188570;101996;46.2;25.0
24;2021-06-08;1678;1905;190248;103901;46.6;25.4
24;2021-06-09;1323;1596;191571;105497;46.9;25.8
24;2021-06-10;1577;1910;193148;107407;47.3;26.3
24;2021-06-11;1335;2077;194483;109484;47.6;26.8
24;2021-06-12;1120;2539;195603;112023;47.9;27.4
24;2021-06-13;1238;921;196841;112944;48.2;27.7
24;2021-06-14;1166;1858;198007;114802;48.5;28.1
24;2021-06-15;1487;2989;199494;117791;48.8;28.8
24;2021-06-16;1670;2732;201164;120523;49.3;29.5
24;2021-06-17;1544;2176;202708;122699;49.6;30.0
24;2021-06-18;1400;2859;204108;125558;50.0;30.7
24;2021-06-19;1274;1522;205382;127080;50.3;31.1
24;2021-06-20;514;501;205896;127581;50.4;31.2
24;2021-06-21;932;1834;206828;129415;50.6;31.7
24;2021-06-22;1452;2592;208280;132007;51.0;32.3
24;2021-06-23;1427;2420;209707;134427;51.3;32.9
24;2021-06-24;1138;1917;210845;136344;51.6;33.4
24;2021-06-25;968;2817;211813;139161;51.9;34.1
24;2021-06-26;866;2101;212679;141262;52.1;34.6
24;2021-06-27;402;979;213081;142241;52.2;34.8
24;2021-06-28;818;2482;213899;144723;52.4;35.4
24;2021-06-29;940;2868;214839;147591;52.6;36.1
24;2021-06-30;1113;2457;215952;150048;52.9;36.7
24;2021-07-01;1132;2303;217084;152351;53.2;37.3
24;2021-07-02;1099;2743;218183;155094;53.4;38.0
24;2021-07-03;811;1903;218994;156997;53.6;38.4
24;2021-07-04;410;1014;219404;158011;53.7;38.7
24;2021-07-05;795;2316;220199;160327;53.9;39.3
24;2021-07-06;879;3354;221078;163681;54.1;40.1
24;2021-07-07;1084;3043;222162;166724;54.4;40.8
24;2021-07-08;1342;2119;223504;168843;54.7;41.3
24;2021-07-09;1178;3218;224682;172061;55.0;42.1
24;2021-07-10;480;1962;225162;174023;55.1;42.6
24;2021-07-11;587;1189;225749;175212;55.3;42.9
24;2021-07-12;907;2518;226656;177730;55.5;43.5
24;2021-07-13;1324;3214;227980;180944;55.8;44.3
24;2021-07-14;619;1189;228599;182133;56.0;44.6
24;2021-07-15;1697;2776;230296;184909;56.4;45.3
24;2021-07-16;2148;2598;232444;187507;56.9;45.9
24;2021-07-17;1529;2236;233973;189743;57.3;46.5
24;2021-07-18;709;887;234682;190630;57.5;46.7
24;2021-07-19;1580;2188;236262;192818;57.9;47.2
24;2021-07-20;2020;2439;238282;195257;58.3;47.8
24;2021-07-21;1875;2329;240157;197586;58.8;48.4
24;2021-07-22;2351;2439;242508;200025;59.4;49.0
24;2021-07-23;2304;2623;244812;202648;59.9;49.6
24;2021-07-24;1808;1546;246620;204194;60.4;50.0
24;2021-07-25;816;874;247436;205068;60.6;50.2
24;2021-07-26;1573;2016;249009;207084;61.0;50.7
24;2021-07-27;2853;2289;251862;209373;61.7;51.3
24;2021-07-28;2764;1935;254626;211308;62.3;51.7
24;2021-07-29;3069;2239;257695;213547;63.1;52.3
24;2021-07-30;2467;1918;260162;215465;63.7;52.8
24;2021-07-31;1652;1563;261814;217028;64.1;53.1
24;2021-08-01;1118;655;262932;217683;64.4;53.3
24;2021-08-02;1945;1620;264877;219303;64.9;53.7
24;2021-08-03;2889;1907;267766;221210;65.6;54.2
24;2021-08-04;3080;1628;270846;222838;66.3;54.6
24;2021-08-05;3048;1437;273894;224275;67.1;54.9
24;2021-08-06;2536;1537;276430;225812;67.7;55.3
24;2021-08-07;1790;1118;278220;226930;68.1;55.6
24;2021-08-08;1106;685;279326;227615;68.4;55.7
24;2021-08-09;1741;1383;281067;228998;68.8;56.1
24;2021-08-10;2267;1782;283334;230780;69.4;56.5
24;2021-08-11;2278;1694;285612;232474;69.9;56.9
24;2021-08-12;1914;1958;287526;234432;70.4;57.4
24;2021-08-13;1531;1625;289057;236057;70.8;57.8
24;2021-08-14;1168;1242;290225;237299;71.1;58.1
24;2021-08-15;741;581;290966;237880;71.2;58.2
24;2021-08-16;1121;1704;292087;239584;71.5;58.7
24;2021-08-17;1629;2107;293716;241691;71.9;59.2
24;2021-08-18;1564;1921;295280;243612;72.3;59.7
24;2021-08-19;1126;2634;296406;246246;72.6;60.3
24;2021-08-20;1104;2427;297510;248673;72.8;60.9
24;2021-08-21;874;1631;298384;250304;73.1;61.3
24;2021-08-22;350;1101;298734;251405;73.1;61.6
24;2021-08-23;667;2037;299401;253442;73.3;62.1
24;2021-08-24;811;2394;300212;255836;73.5;62.6
24;2021-08-25;808;2319;301020;258155;73.7;63.2
24;2021-08-26;742;2839;301762;260994;73.9;63.9
24;2021-08-27;799;2760;302561;263754;74.1;64.6
24;2021-08-28;516;1911;303077;265665;74.2;65.1
24;2021-08-29;170;1029;303247;266694;74.3;65.3
24;2021-08-30;368;1966;303615;268660;74.3;65.8
24;2021-08-31;587;2489;304202;271149;74.5;66.4
24;2021-09-01;619;2476;304821;273625;74.6;67.0
24;2021-09-02;464;1900;305285;275525;74.8;67.5
24;2021-09-03;539;2233;305824;277758;74.9;68.0
24;2021-09-04;347;1995;306171;279753;75.0;68.5
24;2021-09-05;240;971;306411;280724;75.0;68.7
24;2021-09-06;344;1622;306755;282346;75.1;69.1
24;2021-09-07;477;1893;307232;284239;75.2;69.6
24;2021-09-08;396;1926;307628;286165;75.3;70.1
24;2021-09-09;334;1344;307962;287509;75.4;70.4
24;2021-09-10;374;1782;308336;289291;75.5;70.8
24;2021-09-11;307;1682;308643;290973;75.6;71.2
24;2021-09-12;92;433;308735;291406;75.6;71.4
24;2021-09-13;292;1231;309027;292637;75.7;71.7
25;2020-12-27;0;0;0;0;0.0;0.0
25;2020-12-28;1;0;1;0;0.0;0.0
25;2020-12-29;0;0;1;0;0.0;0.0
25;2020-12-30;0;0;1;0;0.0;0.0
25;2020-12-31;3;0;4;0;0.0;0.0
25;2021-01-01;0;0;4;0;0.0;0.0
25;2021-01-02;1;0;5;0;0.0;0.0
25;2021-01-03;0;0;5;0;0.0;0.0
25;2021-01-04;1;0;6;0;0.0;0.0
25;2021-01-05;1;0;7;0;0.0;0.0
25;2021-01-06;75;1;82;1;0.0;0.0
25;2021-01-07;236;1;318;2;0.1;0.0
25;2021-01-08;345;1;663;3;0.1;0.0
25;2021-01-09;102;0;765;3;0.1;0.0
25;2021-01-10;0;0;765;3;0.1;0.0
25;2021-01-11;503;5;1268;8;0.2;0.0
25;2021-01-12;683;2;1951;10;0.4;0.0
25;2021-01-13;627;2;2578;12;0.5;0.0
25;2021-01-14;898;13;3476;25;0.6;0.0
25;2021-01-15;786;9;4262;34;0.8;0.0
25;2021-01-16;206;0;4468;34;0.8;0.0
25;2021-01-17;112;0;4580;34;0.8;0.0
25;2021-01-18;1297;6;5877;40;1.1;0.0
25;2021-01-19;1412;5;7289;45;1.4;0.0
25;2021-01-20;1422;4;8711;49;1.6;0.0
25;2021-01-21;1842;3;10553;52;2.0;0.0
25;2021-01-22;1509;4;12062;56;2.2;0.0
25;2021-01-23;499;0;12561;56;2.3;0.0
25;2021-01-24;119;0;12680;56;2.4;0.0
25;2021-01-25;991;0;13671;56;2.5;0.0
25;2021-01-26;1487;41;15158;97;2.8;0.0
25;2021-01-27;1248;67;16406;164;3.0;0.0
25;2021-01-28;1090;74;17496;238;3.2;0.0
25;2021-01-29;906;227;18402;465;3.4;0.1
25;2021-01-30;293;82;18695;547;3.5;0.1
25;2021-01-31;2;0;18697;547;3.5;0.1
25;2021-02-01;612;203;19309;750;3.6;0.1
25;2021-02-02;674;372;19983;1122;3.7;0.2
25;2021-02-03;758;215;20741;1337;3.8;0.2
25;2021-02-04;715;365;21456;1702;4.0;0.3
25;2021-02-05;520;429;21976;2131;4.1;0.4
25;2021-02-06;197;138;22173;2269;4.1;0.4
25;2021-02-07;2;34;22175;2303;4.1;0.4
25;2021-02-08;612;470;22787;2773;4.2;0.5
25;2021-02-09;615;433;23402;3206;4.3;0.6
25;2021-02-10;818;419;24220;3625;4.5;0.7
25;2021-02-11;589;768;24809;4393;4.6;0.8
25;2021-02-12;413;471;25222;4864;4.7;0.9
25;2021-02-13;97;116;25319;4980;4.7;0.9
25;2021-02-14;0;0;25319;4980;4.7;0.9
25;2021-02-15;186;823;25505;5803;4.7;1.1
25;2021-02-16;213;1188;25718;6991;4.8;1.3
25;2021-02-17;108;1059;25826;8050;4.8;1.5
25;2021-02-18;147;1169;25973;9219;4.8;1.7
25;2021-02-19;102;1026;26075;10245;4.8;1.9
25;2021-02-20;27;376;26102;10621;4.8;2.0
25;2021-02-21;1;107;26103;10728;4.8;2.0
25;2021-02-22;83;896;26186;11624;4.9;2.2
25;2021-02-23;195;892;26381;12516;4.9;2.3
25;2021-02-24;104;814;26485;13330;4.9;2.5
25;2021-02-25;522;811;27007;14141;5.0;2.6
25;2021-02-26;607;830;27614;14971;5.1;2.8
25;2021-02-27;228;322;27842;15293;5.2;2.8
25;2021-02-28;5;1;27847;15294;5.2;2.8
25;2021-03-01;443;538;28290;15832;5.2;2.9
25;2021-03-02;654;725;28944;16557;5.4;3.1
25;2021-03-03;542;661;29486;17218;5.5;3.2
25;2021-03-04;1157;612;30643;17830;5.7;3.3
25;2021-03-05;1855;349;32498;18179;6.0;3.4
25;2021-03-06;1170;210;33668;18389;6.2;3.4
25;2021-03-07;9;7;33677;18396;6.2;3.4
25;2021-03-08;548;637;34225;19033;6.3;3.5
25;2021-03-09;1040;734;35265;19767;6.5;3.7
25;2021-03-10;1151;608;36416;20375;6.8;3.8
25;2021-03-11;1658;555;38074;20930;7.1;3.9
25;2021-03-12;1996;444;40070;21374;7.4;4.0
25;2021-03-13;1120;97;41190;21471;7.6;4.0
25;2021-03-14;35;0;41225;21471;7.6;4.0
25;2021-03-15;1126;139;42351;21610;7.9;4.0
25;2021-03-16;1287;122;43638;21732;8.1;4.0
25;2021-03-17;1414;137;45052;21869;8.4;4.1
25;2021-03-18;1529;85;46581;21954;8.6;4.1
25;2021-03-19;1595;126;48176;22080;8.9;4.1
25;2021-03-20;822;41;48998;22121;9.1;4.1
25;2021-03-21;24;0;49022;22121;9.1;4.1
25;2021-03-22;1485;85;50507;22206;9.4;4.1
25;2021-03-23;2162;145;52669;22351;9.8;4.1
25;2021-03-24;2419;96;55088;22447;10.2;4.2
25;2021-03-25;2838;194;57926;22641;10.7;4.2
25;2021-03-26;3160;181;61086;22822;11.3;4.2
25;2021-03-27;1111;89;62197;22911;11.5;4.2
25;2021-03-28;121;64;62318;22975;11.6;4.3
25;2021-03-29;1789;278;64107;23253;11.9;4.3
25;2021-03-30;2214;392;66321;23645;12.3;4.4
25;2021-03-31;2221;359;68542;24004;12.7;4.4
25;2021-04-01;2450;522;70992;24526;13.2;4.5
25;2021-04-02;2027;601;73019;25127;13.5;4.7
25;2021-04-03;447;110;73466;25237;13.6;4.7
25;2021-04-04;39;19;73505;25256;13.6;4.7
25;2021-04-05;145;4;73650;25260;13.7;4.7
25;2021-04-06;1937;685;75587;25945;14.0;4.8
25;2021-04-07;1878;847;77465;26792;14.4;5.0
25;2021-04-08;2435;822;79900;27614;14.8;5.1
25;2021-04-09;2597;998;82497;28612;15.3;5.3
25;2021-04-10;978;288;83475;28900;15.5;5.4
25;2021-04-11;105;28;83580;28928;15.5;5.4
25;2021-04-12;1558;966;85138;29894;15.8;5.5
25;2021-04-13;1989;1320;87127;31214;16.2;5.8
25;2021-04-14;1750;1217;88877;32431;16.5;6.0
25;2021-04-15;1998;1327;90875;33758;16.8;6.3
25;2021-04-16;2084;1006;92959;34764;17.2;6.4
25;2021-04-17;1105;414;94064;35178;17.4;6.5
25;2021-04-18;118;18;94182;35196;17.5;6.5
25;2021-04-19;1327;1243;95509;36439;17.7;6.8
25;2021-04-20;1615;1460;97124;37899;18.0;7.0
25;2021-04-21;1717;1629;98841;39528;18.3;7.3
25;2021-04-22;1858;1709;100699;41237;18.7;7.6
25;2021-04-23;1903;1769;102602;43006;19.0;8.0
25;2021-04-24;1279;703;103881;43709;19.3;8.1
25;2021-04-25;140;114;104021;43823;19.3;8.1
25;2021-04-26;1722;1685;105743;45508;19.6;8.4
25;2021-04-27;2804;1521;108547;47029;20.1;8.7
25;2021-04-28;2426;1553;110973;48582;20.6;9.0
25;2021-04-29;2649;1827;113622;50409;21.1;9.3
25;2021-04-30;3109;1565;116731;51974;21.6;9.6
25;2021-05-01;1789;334;118520;52308;22.0;9.7
25;2021-05-02;442;22;118962;52330;22.1;9.7
25;2021-05-03;2902;845;121864;53175;22.6;9.9
25;2021-05-04;2640;1884;124504;55059;23.1;10.2
25;2021-05-05;2598;1666;127102;56725;23.6;10.5
25;2021-05-06;2927;2164;130029;58889;24.1;10.9
25;2021-05-07;3063;2117;133092;61006;24.7;11.3
25;2021-05-08;1334;229;134426;61235;24.9;11.4
25;2021-05-09;244;87;134670;61322;25.0;11.4
25;2021-05-10;3130;1635;137800;62957;25.5;11.7
25;2021-05-11;3748;2039;141548;64996;26.2;12.0
25;2021-05-12;3688;1788;145236;66784;26.9;12.4
25;2021-05-13;3523;598;148759;67382;27.6;12.5
25;2021-05-14;4484;1307;153243;68689;28.4;12.7
25;2021-05-15;3282;710;156525;69399;29.0;12.9
25;2021-05-16;723;93;157248;69492;29.1;12.9
25;2021-05-17;4090;1096;161338;70588;29.9;13.1
25;2021-05-18;5204;1193;166542;71781;30.9;13.3
25;2021-05-19;5248;1133;171790;72914;31.8;13.5
25;2021-05-20;5135;1451;176925;74365;32.8;13.8
25;2021-05-21;5764;1981;182689;76346;33.9;14.2
25;2021-05-22;3177;722;185866;77068;34.5;14.3
25;2021-05-23;781;156;186647;77224;34.6;14.3
25;2021-05-24;1529;152;188176;77376;34.9;14.3
25;2021-05-25;3515;1647;191691;79023;35.5;14.6
25;2021-05-26;3977;1556;195668;80579;36.3;14.9
25;2021-05-27;4519;1898;200187;82477;37.1;15.3
25;2021-05-28;3994;2652;204181;85129;37.8;15.8
25;2021-05-29;2016;1021;206197;86150;38.2;16.0
25;2021-05-30;175;96;206372;86246;38.3;16.0
25;2021-05-31;2673;1705;209045;87951;38.8;16.3
25;2021-06-01;2729;2155;211774;90106;39.3;16.7
25;2021-06-02;2609;2247;214383;92353;39.7;17.1
25;2021-06-03;3274;2044;217657;94397;40.3;17.5
25;2021-06-04;3210;2407;220867;96804;40.9;17.9
25;2021-06-05;1492;1401;222359;98205;41.2;18.2
25;2021-06-06;987;259;223346;98464;41.4;18.3
25;2021-06-07;2782;2575;226128;101039;41.9;18.7
25;2021-06-08;2605;2760;228733;103799;42.4;19.2
25;2021-06-09;2382;2765;231115;106564;42.8;19.8
25;2021-06-10;2324;2654;233439;109218;43.3;20.2
25;2021-06-11;2709;3303;236148;112521;43.8;20.9
25;2021-06-12;1572;1861;237720;114382;44.1;21.2
25;2021-06-13;496;257;238216;114639;44.2;21.3
25;2021-06-14;1422;3754;239638;118393;44.4;21.9
25;2021-06-15;1644;3567;241282;121960;44.7;22.6
25;2021-06-16;1954;3273;243236;125233;45.1;23.2
25;2021-06-17;1474;3321;244710;128554;45.4;23.8
25;2021-06-18;2289;4297;246999;132851;45.8;24.6
25;2021-06-19;1351;1976;248350;134827;46.0;25.0
25;2021-06-20;59;239;248409;135066;46.0;25.0
25;2021-06-21;1139;4139;249548;139205;46.3;25.8
25;2021-06-22;1150;4674;250698;143879;46.5;26.7
25;2021-06-23;1406;4073;252104;147952;46.7;27.4
25;2021-06-24;1194;4085;253298;152037;47.0;28.2
25;2021-06-25;1641;5604;254939;157641;47.3;29.2
25;2021-06-26;626;3384;255565;161025;47.4;29.8
25;2021-06-27;451;878;256016;161903;47.5;30.0
25;2021-06-28;907;4475;256923;166378;47.6;30.8
25;2021-06-29;1132;5471;258055;171849;47.8;31.9
25;2021-06-30;1311;5370;259366;177219;48.1;32.9
25;2021-07-01;1709;5230;261075;182449;48.4;33.8
25;2021-07-02;1751;5061;262826;187510;48.7;34.8
25;2021-07-03;1042;2694;263868;190204;48.9;35.3
25;2021-07-04;409;722;264277;190926;49.0;35.4
25;2021-07-05;1300;2579;265577;193505;49.2;35.9
25;2021-07-06;1571;4747;267148;198252;49.5;36.8
25;2021-07-07;1600;4504;268748;202756;49.8;37.6
25;2021-07-08;1557;3933;270305;206689;50.1;38.3
25;2021-07-09;1800;4588;272105;211277;50.4;39.2
25;2021-07-10;781;2372;272886;213649;50.6;39.6
25;2021-07-11;127;307;273013;213956;50.6;39.7
25;2021-07-12;1405;3860;274418;217816;50.9;40.4
25;2021-07-13;2473;4768;276891;222584;51.3;41.3
25;2021-07-14;379;561;277270;223145;51.4;41.4
25;2021-07-15;2403;3655;279673;226800;51.8;42.0
25;2021-07-16;3486;3833;283159;230633;52.5;42.8
25;2021-07-17;2208;2040;285367;232673;52.9;43.1
25;2021-07-18;807;1300;286174;233973;53.0;43.4
25;2021-07-19;2545;4209;288719;238182;53.5;44.2
25;2021-07-20;3383;3714;292102;241896;54.1;44.8
25;2021-07-21;3301;3368;295403;245264;54.8;45.5
25;2021-07-22;3350;2985;298753;248249;55.4;46.0
25;2021-07-23;3567;3354;302320;251603;56.0;46.6
25;2021-07-24;1414;2271;303734;253874;56.3;47.1
25;2021-07-25;679;709;304413;254583;56.4;47.2
25;2021-07-26;3057;3009;307470;257592;57.0;47.8
25;2021-07-27;3837;2126;311307;259718;57.7;48.1
25;2021-07-28;3694;2120;315001;261838;58.4;48.5
25;2021-07-29;4320;2091;319321;263929;59.2;48.9
25;2021-07-30;4294;2488;323615;266417;60.0;49.4
25;2021-07-31;1821;1469;325436;267886;60.3;49.7
25;2021-08-01;1352;199;326788;268085;60.6;49.7
25;2021-08-02;2735;2211;329523;270296;61.1;50.1
25;2021-08-03;2840;2205;332363;272501;61.6;50.5
25;2021-08-04;2939;1430;335302;273931;62.2;50.8
25;2021-08-05;2199;1732;337501;275663;62.6;51.1
25;2021-08-06;2282;2349;339783;278012;63.0;51.5
25;2021-08-07;1294;1206;341077;279218;63.2;51.8
25;2021-08-08;326;477;341403;279695;63.3;51.8
25;2021-08-09;2025;2229;343428;281924;63.7;52.3
25;2021-08-10;1970;2521;345398;284445;64.0;52.7
25;2021-08-11;1832;2033;347230;286478;64.4;53.1
25;2021-08-12;2145;2502;349375;288980;64.8;53.6
25;2021-08-13;1704;2023;351079;291003;65.1;53.9
25;2021-08-14;969;1788;352048;292791;65.3;54.3
25;2021-08-15;9;45;352057;292836;65.3;54.3
25;2021-08-16;1259;3261;353316;296097;65.5;54.9
25;2021-08-17;1457;3285;354773;299382;65.8;55.5
25;2021-08-18;1232;2802;356005;302184;66.0;56.0
25;2021-08-19;986;2867;356991;305051;66.2;56.5
25;2021-08-20;1421;3692;358412;308743;66.4;57.2
25;2021-08-21;566;1781;358978;310524;66.5;57.6
25;2021-08-22;212;1273;359190;311797;66.6;57.8
25;2021-08-23;1101;3333;360291;315130;66.8;58.4
25;2021-08-24;1066;3230;361357;318360;67.0;59.0
25;2021-08-25;1017;3059;362374;321419;67.2;59.6
25;2021-08-26;1135;3005;363509;324424;67.4;60.1
25;2021-08-27;1197;3063;364706;327487;67.6;60.7
25;2021-08-28;589;1785;365295;329272;67.7;61.0
25;2021-08-29;158;511;365453;329783;67.7;61.1
25;2021-08-30;935;2822;366388;332605;67.9;61.7
25;2021-08-31;963;2417;367351;335022;68.1;62.1
25;2021-09-01;837;2573;368188;337595;68.3;62.6
25;2021-09-02;766;1947;368954;339542;68.4;62.9
25;2021-09-03;793;2216;369747;341758;68.5;63.4
25;2021-09-04;686;1549;370433;343307;68.7;63.6
25;2021-09-05;127;234;370560;343541;68.7;63.7
25;2021-09-06;622;1843;371182;345384;68.8;64.0
25;2021-09-07;488;1412;371670;346796;68.9;64.3
25;2021-09-08;621;1997;372291;348793;69.0;64.7
25;2021-09-09;424;1351;372715;350144;69.1;64.9
25;2021-09-10;838;2061;373553;352205;69.2;65.3
25;2021-09-11;372;1140;373925;353345;69.3;65.5
25;2021-09-12;110;229;374035;353574;69.3;65.5
25;2021-09-13;719;1335;374754;354909;69.5;65.8
26;2020-12-27;0;0;0;0;0.0;0.0
26;2020-12-28;0;0;0;0;0.0;0.0
26;2020-12-29;0;0;0;0;0.0;0.0
26;2020-12-30;0;0;0;0;0.0;0.0
26;2020-12-31;0;0;0;0;0.0;0.0
26;2021-01-01;1;0;1;0;0.0;0.0
26;2021-01-02;0;0;1;0;0.0;0.0
26;2021-01-03;0;0;1;0;0.0;0.0
26;2021-01-04;0;0;1;0;0.0;0.0
26;2021-01-05;0;0;1;0;0.0;0.0
26;2021-01-06;0;0;1;0;0.0;0.0
26;2021-01-07;168;0;169;0;0.0;0.0
26;2021-01-08;125;0;294;0;0.1;0.0
26;2021-01-09;2;0;296;0;0.1;0.0
26;2021-01-10;0;0;296;0;0.1;0.0
26;2021-01-11;266;1;562;1;0.1;0.0
26;2021-01-12;176;1;738;2;0.1;0.0
26;2021-01-13;417;1;1155;3;0.2;0.0
26;2021-01-14;488;0;1643;3;0.3;0.0
26;2021-01-15;563;1;2206;4;0.4;0.0
26;2021-01-16;250;1;2456;5;0.5;0.0
26;2021-01-17;0;0;2456;5;0.5;0.0
26;2021-01-18;637;1;3093;6;0.6;0.0
26;2021-01-19;785;3;3878;9;0.7;0.0
26;2021-01-20;742;0;4620;9;0.9;0.0
26;2021-01-21;807;2;5427;11;1.0;0.0
26;2021-01-22;787;4;6214;15;1.2;0.0
26;2021-01-23;563;3;6777;18;1.3;0.0
26;2021-01-24;24;0;6801;18;1.3;0.0
26;2021-01-25;697;3;7498;21;1.4;0.0
26;2021-01-26;801;4;8299;25;1.6;0.0
26;2021-01-27;822;6;9121;31;1.8;0.0
26;2021-01-28;1329;104;10450;135;2.0;0.0
26;2021-01-29;970;63;11420;198;2.2;0.0
26;2021-01-30;606;5;12026;203;2.3;0.0
26;2021-01-31;24;0;12050;203;2.3;0.0
26;2021-02-01;710;176;12760;379;2.5;0.1
26;2021-02-02;1275;201;14035;580;2.7;0.1
26;2021-02-03;1259;246;15294;826;2.9;0.2
26;2021-02-04;986;404;16280;1230;3.1;0.2
26;2021-02-05;673;296;16953;1526;3.3;0.3
26;2021-02-06;407;176;17360;1702;3.3;0.3
26;2021-02-07;57;2;17417;1704;3.3;0.3
26;2021-02-08;545;358;17962;2062;3.5;0.4
26;2021-02-09;616;416;18578;2478;3.6;0.5
26;2021-02-10;665;299;19243;2777;3.7;0.5
26;2021-02-11;753;254;19996;3031;3.8;0.6
26;2021-02-12;591;393;20587;3424;4.0;0.7
26;2021-02-13;388;243;20975;3667;4.0;0.7
26;2021-02-14;36;0;21011;3667;4.0;0.7
26;2021-02-15;414;417;21425;4084;4.1;0.8
26;2021-02-16;294;444;21719;4528;4.2;0.9
26;2021-02-17;196;610;21915;5138;4.2;1.0
26;2021-02-18;337;770;22252;5908;4.3;1.1
26;2021-02-19;341;709;22593;6617;4.3;1.3
26;2021-02-20;95;386;22688;7003;4.4;1.3
26;2021-02-21;3;17;22691;7020;4.4;1.3
26;2021-02-22;144;560;22835;7580;4.4;1.5
26;2021-02-23;398;892;23233;8472;4.5;1.6
26;2021-02-24;344;1108;23577;9580;4.5;1.8
26;2021-02-25;742;936;24319;10516;4.7;2.0
26;2021-02-26;926;549;25245;11065;4.8;2.1
26;2021-02-27;278;435;25523;11500;4.9;2.2
26;2021-02-28;3;28;25526;11528;4.9;2.2
26;2021-03-01;458;580;25984;12108;5.0;2.3
26;2021-03-02;742;555;26726;12663;5.1;2.4
26;2021-03-03;730;614;27456;13277;5.3;2.6
26;2021-03-04;1046;520;28502;13797;5.5;2.7
26;2021-03-05;1710;475;30212;14272;5.8;2.7
26;2021-03-06;2773;435;32985;14707;6.3;2.8
26;2021-03-07;2989;217;35974;14924;6.9;2.9
26;2021-03-08;910;592;36884;15516;7.1;3.0
26;2021-03-09;1325;510;38209;16026;7.3;3.1
26;2021-03-10;1219;477;39428;16503;7.6;3.2
26;2021-03-11;1609;623;41037;17126;7.9;3.3
26;2021-03-12;2215;461;43252;17587;8.3;3.4
26;2021-03-13;1886;324;45138;17911;8.7;3.4
26;2021-03-14;69;39;45207;17950;8.7;3.4
26;2021-03-15;1652;248;46859;18198;9.0;3.5
26;2021-03-16;1233;512;48092;18710;9.2;3.6
26;2021-03-17;1369;301;49461;19011;9.5;3.7
26;2021-03-18;1587;278;51048;19289;9.8;3.7
26;2021-03-19;2444;342;53492;19631;10.3;3.8
26;2021-03-20;1289;151;54781;19782;10.5;3.8
26;2021-03-21;61;20;54842;19802;10.5;3.8
26;2021-03-22;1847;194;56689;19996;10.9;3.8
26;2021-03-23;2474;275;59163;20271;11.4;3.9
26;2021-03-24;2552;245;61715;20516;11.9;3.9
26;2021-03-25;3044;339;64759;20855;12.4;4.0
26;2021-03-26;3050;356;67809;21211;13.0;4.1
26;2021-03-27;1245;161;69054;21372;13.3;4.1
26;2021-03-28;94;7;69148;21379;13.3;4.1
26;2021-03-29;1908;406;71056;21785;13.6;4.2
26;2021-03-30;2383;550;73439;22335;14.1;4.3
26;2021-03-31;2229;582;75668;22917;14.5;4.4
26;2021-04-01;2278;778;77946;23695;15.0;4.6
26;2021-04-02;2214;986;80160;24681;15.4;4.7
26;2021-04-03;552;1198;80712;25879;15.5;5.0
26;2021-04-04;215;884;80927;26763;15.5;5.1
26;2021-04-05;556;53;81483;26816;15.7;5.2
26;2021-04-06;1486;833;82969;27649;15.9;5.3
26;2021-04-07;1792;894;84761;28543;16.3;5.5
26;2021-04-08;3007;936;87768;29479;16.9;5.7
26;2021-04-09;3416;1008;91184;30487;17.5;5.9
26;2021-04-10;1356;924;92540;31411;17.8;6.0
26;2021-04-11;88;35;92628;31446;17.8;6.0
26;2021-04-12;1714;1125;94342;32571;18.1;6.3
26;2021-04-13;2797;1450;97139;34021;18.7;6.5
26;2021-04-14;2207;1483;99346;35504;19.1;6.8
26;2021-04-15;2282;1588;101628;37092;19.5;7.1
26;2021-04-16;2271;1591;103899;38683;20.0;7.4
26;2021-04-17;1096;841;104995;39524;20.2;7.6
26;2021-04-18;36;52;105031;39576;20.2;7.6
26;2021-04-19;1547;1570;106578;41146;20.5;7.9
26;2021-04-20;1799;1727;108377;42873;20.8;8.2
26;2021-04-21;2012;1506;110389;44379;21.2;8.5
26;2021-04-22;2291;1599;112680;45978;21.6;8.8
26;2021-04-23;2011;1636;114691;47614;22.0;9.1
26;2021-04-24;1655;844;116346;48458;22.4;9.3
26;2021-04-25;629;97;116975;48555;22.5;9.3
26;2021-04-26;1377;1595;118352;50150;22.7;9.6
26;2021-04-27;1986;1685;120338;51835;23.1;10.0
26;2021-04-28;1867;1541;122205;53376;23.5;10.3
26;2021-04-29;2866;1892;125071;55268;24.0;10.6
26;2021-04-30;2627;1763;127698;57031;24.5;11.0
26;2021-05-01;1538;378;129236;57409;24.8;11.0
26;2021-05-02;1086;118;130322;57527;25.0;11.1
26;2021-05-03;2200;1787;132522;59314;25.5;11.4
26;2021-05-04;2614;2358;135136;61672;26.0;11.8
26;2021-05-05;2772;2198;137908;63870;26.5;12.3
26;2021-05-06;3321;2222;141229;66092;27.1;12.7
26;2021-05-07;2861;2254;144090;68346;27.7;13.1
26;2021-05-08;1960;619;146050;68965;28.1;13.2
26;2021-05-09;713;123;146763;69088;28.2;13.3
26;2021-05-10;3023;1827;149786;70915;28.8;13.6
26;2021-05-11;4446;2183;154232;73098;29.6;14.0
26;2021-05-12;4828;1694;159060;74792;30.6;14.4
26;2021-05-13;4363;616;163423;75408;31.4;14.5
26;2021-05-14;4642;1549;168065;76957;32.3;14.8
26;2021-05-15;4469;625;172534;77582;33.1;14.9
26;2021-05-16;3630;343;176164;77925;33.8;15.0
26;2021-05-17;3657;1486;179821;79411;34.5;15.3
26;2021-05-18;4477;1742;184298;81153;35.4;15.6
26;2021-05-19;4486;1451;188784;82604;36.3;15.9
26;2021-05-20;4686;1765;193470;84369;37.2;16.2
26;2021-05-21;4731;1799;198201;86168;38.1;16.6
26;2021-05-22;3189;690;201390;86858;38.7;16.7
26;2021-05-23;1598;183;202988;87041;39.0;16.7
26;2021-05-24;3791;743;206779;87784;39.7;16.9
26;2021-05-25;3593;2348;210372;90132;40.4;17.3
26;2021-05-26;4179;2271;214551;92403;41.2;17.8
26;2021-05-27;4215;2461;218766;94864;42.0;18.2
26;2021-05-28;3777;2767;222543;97631;42.8;18.8
26;2021-05-29;3088;1654;225631;99285;43.3;19.1
26;2021-05-30;322;70;225953;99355;43.4;19.1
26;2021-05-31;3081;1854;229034;101209;44.0;19.4
26;2021-06-01;3111;2307;232145;103516;44.6;19.9
26;2021-06-02;2871;2218;235016;105734;45.1;20.3
26;2021-06-03;2851;2491;237867;108225;45.7;20.8
26;2021-06-04;2660;2908;240527;111133;46.2;21.3
26;2021-06-05;1805;1694;242332;112827;46.6;21.7
26;2021-06-06;9;0;242341;112827;46.6;21.7
26;2021-06-07;2348;2430;244689;115257;47.0;22.1
26;2021-06-08;2453;2293;247142;117550;47.5;22.6
26;2021-06-09;2095;2387;249237;119937;47.9;23.0
26;2021-06-10;1981;2763;251218;122700;48.3;23.6
26;2021-06-11;1896;3274;253114;125974;48.6;24.2
26;2021-06-12;1219;1790;254333;127764;48.9;24.5
26;2021-06-13;97;214;254430;127978;48.9;24.6
26;2021-06-14;1417;3498;255847;131476;49.1;25.3
26;2021-06-15;1585;3964;257432;135440;49.5;26.0
26;2021-06-16;1785;3470;259217;138910;49.8;26.7
26;2021-06-17;1509;3166;260726;142076;50.1;27.3
26;2021-06-18;1797;4370;262523;146446;50.4;28.1
26;2021-06-19;933;3180;263456;149626;50.6;28.7
26;2021-06-20;264;876;263720;150502;50.7;28.9
26;2021-06-21;1005;4557;264725;155059;50.9;29.8
26;2021-06-22;1061;5120;265786;160179;51.1;30.8
26;2021-06-23;1167;5072;266953;165251;51.3;31.7
26;2021-06-24;1260;4543;268213;169794;51.5;32.6
26;2021-06-25;1014;5541;269227;175335;51.7;33.7
26;2021-06-26;662;3825;269889;179160;51.8;34.4
26;2021-06-27;300;1273;270189;180433;51.9;34.7
26;2021-06-28;778;4757;270967;185190;52.1;35.6
26;2021-06-29;1098;4959;272065;190149;52.3;36.5
26;2021-06-30;1413;4893;273478;195042;52.5;37.5
26;2021-07-01;1651;4391;275129;199433;52.9;38.3
26;2021-07-02;1334;5164;276463;204597;53.1;39.3
26;2021-07-03;771;3322;277234;207919;53.3;39.9
26;2021-07-04;332;633;277566;208552;53.3;40.1
26;2021-07-05;889;4677;278455;213229;53.5;41.0
26;2021-07-06;1266;4201;279721;217430;53.7;41.8
26;2021-07-07;1442;3797;281163;221227;54.0;42.5
26;2021-07-08;2388;3332;283551;224559;54.5;43.1
26;2021-07-09;1559;4791;285110;229350;54.8;44.1
26;2021-07-10;910;2914;286020;232264;54.9;44.6
26;2021-07-11;333;348;286353;232612;55.0;44.7
26;2021-07-12;1113;4219;287466;236831;55.2;45.5
26;2021-07-13;2303;4344;289769;241175;55.7;46.3
26;2021-07-14;1060;813;290829;241988;55.9;46.5
26;2021-07-15;3169;3655;293998;245643;56.5;47.2
26;2021-07-16;3004;3690;297002;249333;57.1;47.9
26;2021-07-17;1877;1814;298879;251147;57.4;48.2
26;2021-07-18;20;24;298899;251171;57.4;48.3
26;2021-07-19;2727;3266;301626;254437;57.9;48.9
26;2021-07-20;3706;3371;305332;257808;58.7;49.5
26;2021-07-21;3589;3086;308921;260894;59.3;50.1
26;2021-07-22;4122;2969;313043;263863;60.1;50.7
26;2021-07-23;3862;3401;316905;267264;60.9;51.3
26;2021-07-24;2344;1363;319249;268627;61.3;51.6
26;2021-07-25;608;97;319857;268724;61.4;51.6
26;2021-07-26;3428;2582;323285;271306;62.1;52.1
26;2021-07-27;4845;2621;328130;273927;63.0;52.6
26;2021-07-28;4536;2394;332666;276321;63.9;53.1
26;2021-07-29;3905;2897;336571;279218;64.7;53.6
26;2021-07-30;3487;2672;340058;281890;65.3;54.2
26;2021-07-31;1144;1009;341202;282899;65.5;54.3
26;2021-08-01;417;108;341619;283007;65.6;54.4
26;2021-08-02;2949;2363;344568;285370;66.2;54.8
26;2021-08-03;3297;2296;347865;287666;66.8;55.3
26;2021-08-04;3996;2015;351861;289681;67.6;55.6
26;2021-08-05;3147;2203;355008;291884;68.2;56.1
26;2021-08-06;3140;2639;358148;294523;68.8;56.6
26;2021-08-07;640;844;358788;295367;68.9;56.7
26;2021-08-08;29;13;358817;295380;68.9;56.7
26;2021-08-09;2190;3062;361007;298442;69.3;57.3
26;2021-08-10;2340;3046;363347;301488;69.8;57.9
26;2021-08-11;2079;2718;365426;304206;70.2;58.4
26;2021-08-12;1773;2587;367199;306793;70.5;58.9
26;2021-08-13;1739;2424;368938;309217;70.9;59.4
26;2021-08-14;272;872;369210;310089;70.9;59.6
26;2021-08-15;6;8;369216;310097;70.9;59.6
26;2021-08-16;1186;3291;370402;313388;71.2;60.2
26;2021-08-17;1516;3152;371918;316540;71.4;60.8
26;2021-08-18;1631;3377;373549;319917;71.8;61.5
26;2021-08-19;1555;3071;375104;322988;72.1;62.0
26;2021-08-20;1439;2978;376543;325966;72.3;62.6
26;2021-08-21;598;1090;377141;327056;72.4;62.8
26;2021-08-22;60;379;377201;327435;72.5;62.9
26;2021-08-23;1594;3620;378795;331055;72.8;63.6
26;2021-08-24;1727;3593;380522;334648;73.1;64.3
26;2021-08-25;1603;3660;382125;338308;73.4;65.0
26;2021-08-26;1485;3155;383610;341463;73.7;65.6
26;2021-08-27;1557;3605;385167;345068;74.0;66.3
26;2021-08-28;395;1101;385562;346169;74.1;66.5
26;2021-08-29;10;25;385572;346194;74.1;66.5
26;2021-08-30;1460;3439;387032;349633;74.3;67.2
26;2021-08-31;1280;3429;388312;353062;74.6;67.8
26;2021-09-01;1367;2812;389679;355874;74.9;68.4
26;2021-09-02;1112;2149;390791;358023;75.1;68.8
26;2021-09-03;1102;2752;391893;360775;75.3;69.3
26;2021-09-04;426;738;392319;361513;75.4;69.4
26;2021-09-05;25;24;392344;361537;75.4;69.5
26;2021-09-06;723;1777;393067;363314;75.5;69.8
26;2021-09-07;753;1692;393820;365006;75.7;70.1
26;2021-09-08;844;1924;394664;366930;75.8;70.5
26;2021-09-09;500;1607;395164;368537;75.9;70.8
26;2021-09-10;831;1993;395995;370530;76.1;71.2
26;2021-09-11;301;797;396296;371327;76.1;71.3
26;2021-09-12;1;5;396297;371332;76.1;71.3
26;2021-09-13;533;1703;396830;373035;76.2;71.7
27;2020-12-27;1;0;1;0;0.0;0.0
27;2020-12-28;1;0;2;0;0.0;0.0
27;2020-12-29;2;0;4;0;0.0;0.0
27;2020-12-30;0;0;4;0;0.0;0.0
27;2020-12-31;0;0;4;0;0.0;0.0
27;2021-01-01;0;0;4;0;0.0;0.0
27;2021-01-02;0;0;4;0;0.0;0.0
27;2021-01-03;2;0;6;0;0.0;0.0
27;2021-01-04;0;0;6;0;0.0;0.0
27;2021-01-05;15;0;21;0;0.0;0.0
27;2021-01-06;161;0;182;0;0.0;0.0
27;2021-01-07;372;1;554;1;0.1;0.0
27;2021-01-08;443;0;997;1;0.2;0.0
27;2021-01-09;72;1;1069;2;0.2;0.0
27;2021-01-10;100;0;1169;2;0.2;0.0
27;2021-01-11;383;0;1552;2;0.3;0.0
27;2021-01-12;409;2;1961;4;0.3;0.0
27;2021-01-13;840;1;2801;5;0.5;0.0
27;2021-01-14;1631;24;4432;29;0.7;0.0
27;2021-01-15;1222;3;5654;32;0.9;0.0
27;2021-01-16;333;1;5987;33;1.0;0.0
27;2021-01-17;205;0;6192;33;1.0;0.0
27;2021-01-18;799;2;6991;35;1.2;0.0
27;2021-01-19;773;3;7764;38;1.3;0.0
27;2021-01-20;871;1;8635;39;1.4;0.0
27;2021-01-21;655;4;9290;43;1.5;0.0
27;2021-01-22;780;4;10070;47;1.7;0.0
27;2021-01-23;350;0;10420;47;1.7;0.0
27;2021-01-24;169;2;10589;49;1.8;0.0
27;2021-01-25;635;13;11224;62;1.9;0.0
27;2021-01-26;462;16;11686;78;1.9;0.0
27;2021-01-27;506;98;12192;176;2.0;0.0
27;2021-01-28;517;235;12709;411;2.1;0.1
27;2021-01-29;509;99;13218;510;2.2;0.1
27;2021-01-30;242;23;13460;533;2.2;0.1
27;2021-01-31;27;18;13487;551;2.2;0.1
27;2021-02-01;348;180;13835;731;2.3;0.1
27;2021-02-02;307;254;14142;985;2.4;0.2
27;2021-02-03;487;367;14629;1352;2.4;0.2
27;2021-02-04;716;802;15345;2154;2.6;0.4
27;2021-02-05;664;1038;16009;3192;2.7;0.5
27;2021-02-06;126;193;16135;3385;2.7;0.6
27;2021-02-07;25;35;16160;3420;2.7;0.6
27;2021-02-08;312;306;16472;3726;2.7;0.6
27;2021-02-09;341;431;16813;4157;2.8;0.7
27;2021-02-10;303;453;17116;4610;2.8;0.8
27;2021-02-11;318;370;17434;4980;2.9;0.8
27;2021-02-12;230;439;17664;5419;2.9;0.9
27;2021-02-13;151;103;17815;5522;3.0;0.9
27;2021-02-14;6;66;17821;5588;3.0;0.9
27;2021-02-15;390;456;18211;6044;3.0;1.0
27;2021-02-16;295;545;18506;6589;3.1;1.1
27;2021-02-17;247;474;18753;7063;3.1;1.2
27;2021-02-18;363;503;19116;7566;3.2;1.3
27;2021-02-19;218;544;19334;8110;3.2;1.4
27;2021-02-20;129;207;19463;8317;3.2;1.4
27;2021-02-21;12;97;19475;8414;3.2;1.4
27;2021-02-22;482;454;19957;8868;3.3;1.5
27;2021-02-23;495;524;20452;9392;3.4;1.6
27;2021-02-24;543;541;20995;9933;3.5;1.7
27;2021-02-25;847;642;21842;10575;3.6;1.8
27;2021-02-26;953;601;22795;11176;3.8;1.9
27;2021-02-27;408;133;23203;11309;3.9;1.9
27;2021-02-28;173;24;23376;11333;3.9;1.9
27;2021-03-01;488;382;23864;11715;4.0;2.0
27;2021-03-02;765;288;24629;12003;4.1;2.0
27;2021-03-03;852;286;25481;12289;4.2;2.0
27;2021-03-04;887;209;26368;12498;4.4;2.1
27;2021-03-05;1304;208;27672;12706;4.6;2.1
27;2021-03-06;1637;101;29309;12807;4.9;2.1
27;2021-03-07;620;16;29929;12823;5.0;2.1
27;2021-03-08;1204;268;31133;13091;5.2;2.2
27;2021-03-09;1827;237;32960;13328;5.5;2.2
27;2021-03-10;2116;326;35076;13654;5.8;2.3
27;2021-03-11;2162;201;37238;13855;6.2;2.3
27;2021-03-12;2818;194;40056;14049;6.7;2.3
27;2021-03-13;1920;121;41976;14170;7.0;2.4
27;2021-03-14;655;15;42631;14185;7.1;2.4
27;2021-03-15;1557;214;44188;14399;7.4;2.4
27;2021-03-16;1489;236;45677;14635;7.6;2.4
27;2021-03-17;1855;337;47532;14972;7.9;2.5
27;2021-03-18;1688;344;49220;15316;8.2;2.5
27;2021-03-19;1834;161;51054;15477;8.5;2.6
27;2021-03-20;905;41;51959;15518;8.6;2.6
27;2021-03-21;258;3;52217;15521;8.7;2.6
27;2021-03-22;1235;535;53452;16056;8.9;2.7
27;2021-03-23;1627;443;55079;16499;9.2;2.7
27;2021-03-24;1523;468;56602;16967;9.4;2.8
27;2021-03-25;2165;506;58767;17473;9.8;2.9
27;2021-03-26;2531;433;61298;17906;10.2;3.0
27;2021-03-27;1568;199;62866;18105;10.5;3.0
27;2021-03-28;1149;49;64015;18154;10.7;3.0
27;2021-03-29;1375;820;65390;18974;10.9;3.2
27;2021-03-30;1391;836;66781;19810;11.1;3.3
27;2021-03-31;1487;866;68268;20676;11.4;3.4
27;2021-04-01;1956;810;70224;21486;11.7;3.6
27;2021-04-02;2000;1170;72224;22656;12.0;3.8
27;2021-04-03;1563;731;73787;23387;12.3;3.9
27;2021-04-04;978;175;74765;23562;12.4;3.9
27;2021-04-05;283;6;75048;23568;12.5;3.9
27;2021-04-06;1416;1791;76464;25359;12.7;4.2
27;2021-04-07;1323;1742;77787;27101;12.9;4.5
27;2021-04-08;1684;1679;79471;28780;13.2;4.8
27;2021-04-09;2948;1560;82419;30340;13.7;5.1
27;2021-04-10;2033;985;84452;31325;14.1;5.2
27;2021-04-11;946;211;85398;31536;14.2;5.2
27;2021-04-12;2435;1506;87833;33042;14.6;5.5
27;2021-04-13;2393;1548;90226;34590;15.0;5.8
27;2021-04-14;2085;1623;92311;36213;15.4;6.0
27;2021-04-15;1874;1658;94185;37871;15.7;6.3
27;2021-04-16;2753;1109;96938;38980;16.1;6.5
27;2021-04-17;2169;497;99107;39477;16.5;6.6
27;2021-04-18;453;16;99560;39493;16.6;6.6
27;2021-04-19;1713;1175;101273;40668;16.9;6.8
27;2021-04-20;2387;1301;103660;41969;17.3;7.0
27;2021-04-21;2210;1081;105870;43050;17.6;7.2
27;2021-04-22;2180;1417;108050;44467;18.0;7.4
27;2021-04-23;2447;1172;110497;45639;18.4;7.6
27;2021-04-24;3258;1146;113755;46785;18.9;7.8
27;2021-04-25;1130;1051;114885;47836;19.1;8.0
27;2021-04-26;1924;1147;116809;48983;19.4;8.2
27;2021-04-27;2529;1082;119338;50065;19.9;8.3
27;2021-04-28;2396;1312;121734;51377;20.3;8.6
27;2021-04-29;2491;1471;124225;52848;20.7;8.8
27;2021-04-30;2371;1606;126596;54454;21.1;9.1
27;2021-05-01;2638;891;129234;55345;21.5;9.2
27;2021-05-02;1953;896;131187;56241;21.8;9.4
27;2021-05-03;3064;870;134251;57111;22.3;9.5
27;2021-05-04;2781;1647;137032;58758;22.8;9.8
27;2021-05-05;2816;1648;139848;60406;23.3;10.1
27;2021-05-06;3184;1285;143032;61691;23.8;10.3
27;2021-05-07;3322;1982;146354;63673;24.4;10.6
27;2021-05-08;2804;1329;149158;65002;24.8;10.8
27;2021-05-09;1696;296;150854;65298;25.1;10.9
27;2021-05-10;2950;2269;153804;67567;25.6;11.2
27;2021-05-11;3358;1755;157162;69322;26.2;11.5
27;2021-05-12;3463;1726;160625;71048;26.7;11.8
27;2021-05-13;1892;254;162517;71302;27.1;11.9
27;2021-05-14;3884;1784;166401;73086;27.7;12.2
27;2021-05-15;6602;950;173003;74036;28.8;12.3
27;2021-05-16;3668;437;176671;74473;29.4;12.4
27;2021-05-17;2776;1161;179447;75634;29.9;12.6
27;2021-05-18;3845;1294;183292;76928;30.5;12.8
27;2021-05-19;3967;1154;187259;78082;31.2;13.0
27;2021-05-20;3874;1170;191133;79252;31.8;13.2
27;2021-05-21;3968;1789;195101;81041;32.5;13.5
27;2021-05-22;4369;802;199470;81843;33.2;13.6
27;2021-05-23;799;173;200269;82016;33.3;13.7
27;2021-05-24;1490;342;201759;82358;33.6;13.7
27;2021-05-25;3512;1605;205271;83963;34.2;14.0
27;2021-05-26;3857;1740;209128;85703;34.8;14.3
27;2021-05-27;3789;1482;212917;87185;35.4;14.5
27;2021-05-28;3401;2620;216318;89805;36.0;15.0
27;2021-05-29;4823;2295;221141;92100;36.8;15.3
27;2021-05-30;1118;248;222259;92348;37.0;15.4
27;2021-05-31;3466;2271;225725;94619;37.6;15.8
27;2021-06-01;3816;2241;229541;96860;38.2;16.1
27;2021-06-02;3341;2179;232882;99039;38.8;16.5
27;2021-06-03;4430;2116;237312;101155;39.5;16.8
27;2021-06-04;3603;2963;240915;104118;40.1;17.3
27;2021-06-05;3208;3348;244123;107466;40.6;17.9
27;2021-06-06;2005;1007;246128;108473;41.0;18.1
27;2021-06-07;2571;2355;248699;110828;41.4;18.5
27;2021-06-08;3127;2377;251826;113205;41.9;18.8
27;2021-06-09;2304;2469;254130;115674;42.3;19.3
27;2021-06-10;2432;2038;256562;117712;42.7;19.6
27;2021-06-11;2890;3768;259452;121480;43.2;20.2
27;2021-06-12;1982;4192;261434;125672;43.5;20.9
27;2021-06-13;1084;2686;262518;128358;43.7;21.4
27;2021-06-14;1995;3108;264513;131466;44.0;21.9
27;2021-06-15;2688;3018;267201;134484;44.5;22.4
27;2021-06-16;2502;3254;269703;137738;44.9;22.9
27;2021-06-17;2296;3288;271999;141026;45.3;23.5
27;2021-06-18;2746;4418;274745;145444;45.7;24.2
27;2021-06-19;1863;3392;276608;148836;46.0;24.8
27;2021-06-20;607;710;277215;149546;46.1;24.9
27;2021-06-21;1703;3495;278918;153041;46.4;25.5
27;2021-06-22;2385;3710;281303;156751;46.8;26.1
27;2021-06-23;2075;3568;283378;160319;47.2;26.7
27;2021-06-24;2256;3412;285634;163731;47.6;27.3
27;2021-06-25;1936;4457;287570;168188;47.9;28.0
27;2021-06-26;884;5353;288454;173541;48.0;28.9
27;2021-06-27;377;1427;288831;174968;48.1;29.1
27;2021-06-28;1128;3403;289959;178371;48.3;29.7
27;2021-06-29;1702;4364;291661;182735;48.6;30.4
27;2021-06-30;2117;4096;293778;186831;48.9;31.1
27;2021-07-01;2224;3909;296002;190740;49.3;31.8
27;2021-07-02;1590;4618;297592;195358;49.5;32.5
27;2021-07-03;1308;4774;298900;200132;49.8;33.3
27;2021-07-04;504;1405;299404;201537;49.8;33.6
27;2021-07-05;1418;3529;300822;205066;50.1;34.1
27;2021-07-06;1369;4181;302191;209247;50.3;34.8
27;2021-07-07;1758;4899;303949;214146;50.6;35.7
27;2021-07-08;2089;4349;306038;218495;50.9;36.4
27;2021-07-09;1985;5289;308023;223784;51.3;37.3
27;2021-07-10;1167;4178;309190;227962;51.5;38.0
27;2021-07-11;426;1139;309616;229101;51.5;38.1
27;2021-07-12;1254;4374;310870;233475;51.8;38.9
27;2021-07-13;2760;5348;313630;238823;52.2;39.8
27;2021-07-14;1519;1752;315149;240575;52.5;40.0
27;2021-07-15;3035;5465;318184;246040;53.0;41.0
27;2021-07-16;3821;5286;322005;251326;53.6;41.8
27;2021-07-17;2734;3878;324739;255204;54.1;42.5
27;2021-07-18;552;1265;325291;256469;54.2;42.7
27;2021-07-19;3688;3786;328979;260255;54.8;43.3
27;2021-07-20;3460;3589;332439;263844;55.3;43.9
27;2021-07-21;4254;3900;336693;267744;56.1;44.6
27;2021-07-22;4752;3713;341445;271457;56.8;45.2
27;2021-07-23;3592;3395;345037;274852;57.4;45.8
27;2021-07-24;3114;2325;348151;277177;58.0;46.1
27;2021-07-25;493;545;348644;277722;58.0;46.2
27;2021-07-26;3071;3176;351715;280898;58.6;46.8
27;2021-07-27;3598;3102;355313;284000;59.2;47.3
27;2021-07-28;3592;3241;358905;287241;59.7;47.8
27;2021-07-29;4591;3509;363496;290750;60.5;48.4
27;2021-07-30;3816;3141;367312;293891;61.1;48.9
27;2021-07-31;3066;2583;370378;296474;61.7;49.4
27;2021-08-01;538;498;370916;296972;61.7;49.4
27;2021-08-02;3321;2583;374237;299555;62.3;49.9
27;2021-08-03;3429;2771;377666;302326;62.9;50.3
27;2021-08-04;3048;2333;380714;304659;63.4;50.7
27;2021-08-05;2679;2358;383393;307017;63.8;51.1
27;2021-08-06;3271;3246;386664;310263;64.4;51.7
27;2021-08-07;1801;2553;388465;312816;64.7;52.1
27;2021-08-08;219;197;388684;313013;64.7;52.1
27;2021-08-09;2212;2808;390896;315821;65.1;52.6
27;2021-08-10;2813;3508;393709;319329;65.5;53.2
27;2021-08-11;2631;3099;396340;322428;66.0;53.7
27;2021-08-12;2354;3904;398694;326332;66.4;54.3
27;2021-08-13;1744;2569;400438;328901;66.7;54.8
27;2021-08-14;1163;2889;401601;331790;66.9;55.2
27;2021-08-15;18;23;401619;331813;66.9;55.2
27;2021-08-16;1809;3814;403428;335627;67.2;55.9
27;2021-08-17;2043;3440;405471;339067;67.5;56.4
27;2021-08-18;1453;2986;406924;342053;67.7;56.9
27;2021-08-19;1708;3355;408632;345408;68.0;57.5
27;2021-08-20;1632;3438;410264;348846;68.3;58.1
27;2021-08-21;985;2842;411249;351688;68.5;58.5
27;2021-08-22;184;157;411433;351845;68.5;58.6
27;2021-08-23;1078;4005;412511;355850;68.7;59.2
27;2021-08-24;1433;3970;413944;359820;68.9;59.9
27;2021-08-25;1716;3412;415660;363232;69.2;60.5
27;2021-08-26;1146;2925;416806;366157;69.4;61.0
27;2021-08-27;1264;3218;418070;369375;69.6;61.5
27;2021-08-28;907;2866;418977;372241;69.7;62.0
27;2021-08-29;86;136;419063;372377;69.8;62.0
27;2021-08-30;905;3314;419968;375691;69.9;62.5
27;2021-08-31;1221;3206;421189;378897;70.1;63.1
27;2021-09-01;992;3174;422181;382071;70.3;63.6
27;2021-09-02;871;2489;423052;384560;70.4;64.0
27;2021-09-03;850;2467;423902;387027;70.6;64.4
27;2021-09-04;724;2087;424626;389114;70.7;64.8
27;2021-09-05;36;162;424662;389276;70.7;64.8
27;2021-09-06;536;1804;425198;391080;70.8;65.1
27;2021-09-07;693;2364;425891;393444;70.9;65.5
27;2021-09-08;760;2406;426651;395850;71.0;65.9
27;2021-09-09;676;1931;427327;397781;71.1;66.2
27;2021-09-10;892;2372;428219;400153;71.3;66.6
27;2021-09-11;598;1944;428817;402097;71.4;66.9
27;2021-09-12;42;184;428859;402281;71.4;67.0
27;2021-09-13;339;1318;429198;403599;71.5;67.2
28;2020-12-27;0;0;0;0;0.0;0.0
28;2020-12-28;0;0;0;0;0.0;0.0
28;2020-12-29;0;0;0;0;0.0;0.0
28;2020-12-30;0;0;0;0;0.0;0.0
28;2020-12-31;0;0;0;0;0.0;0.0
28;2021-01-01;1;0;1;0;0.0;0.0
28;2021-01-02;0;0;1;0;0.0;0.0
28;2021-01-03;0;0;1;0;0.0;0.0
28;2021-01-04;0;0;1;0;0.0;0.0
28;2021-01-05;5;0;6;0;0.0;0.0
28;2021-01-06;84;0;90;0;0.0;0.0
28;2021-01-07;102;0;192;0;0.0;0.0
28;2021-01-08;134;2;326;2;0.1;0.0
28;2021-01-09;78;0;404;2;0.1;0.0
28;2021-01-10;1;0;405;2;0.1;0.0
28;2021-01-11;205;0;610;2;0.1;0.0
28;2021-01-12;265;1;875;3;0.2;0.0
28;2021-01-13;397;3;1272;6;0.3;0.0
28;2021-01-14;450;5;1722;11;0.4;0.0
28;2021-01-15;374;3;2096;14;0.5;0.0
28;2021-01-16;206;2;2302;16;0.5;0.0
28;2021-01-17;21;0;2323;16;0.5;0.0
28;2021-01-18;372;2;2695;18;0.6;0.0
28;2021-01-19;503;4;3198;22;0.7;0.0
28;2021-01-20;637;1;3835;23;0.9;0.0
28;2021-01-21;797;3;4632;26;1.1;0.0
28;2021-01-22;479;1;5111;27;1.2;0.0
28;2021-01-23;354;0;5465;27;1.3;0.0
28;2021-01-24;1;0;5466;27;1.3;0.0
28;2021-01-25;456;4;5922;31;1.4;0.0
28;2021-01-26;719;4;6641;35;1.5;0.0
28;2021-01-27;1213;50;7854;85;1.8;0.0
28;2021-01-28;1587;90;9441;175;2.2;0.0
28;2021-01-29;897;87;10338;262;2.4;0.1
28;2021-01-30;248;47;10586;309;2.5;0.1
28;2021-01-31;2;22;10588;331;2.5;0.1
28;2021-02-01;325;115;10913;446;2.5;0.1
28;2021-02-02;370;228;11283;674;2.6;0.2
28;2021-02-03;473;249;11756;923;2.7;0.2
28;2021-02-04;525;267;12281;1190;2.9;0.3
28;2021-02-05;436;210;12717;1400;3.0;0.3
28;2021-02-06;200;128;12917;1528;3.0;0.4
28;2021-02-07;0;0;12917;1528;3.0;0.4
28;2021-02-08;331;211;13248;1739;3.1;0.4
28;2021-02-09;281;270;13529;2009;3.2;0.5
28;2021-02-10;443;334;13972;2343;3.3;0.5
28;2021-02-11;562;420;14534;2763;3.4;0.6
28;2021-02-12;453;340;14987;3103;3.5;0.7
28;2021-02-13;181;158;15168;3261;3.5;0.8
28;2021-02-14;0;2;15168;3263;3.5;0.8
28;2021-02-15;280;350;15448;3613;3.6;0.8
28;2021-02-16;394;620;15842;4233;3.7;1.0
28;2021-02-17;585;1055;16427;5288;3.8;1.2
28;2021-02-18;666;1316;17093;6604;4.0;1.5
28;2021-02-19;548;664;17641;7268;4.1;1.7
28;2021-02-20;114;118;17755;7386;4.1;1.7
28;2021-02-21;7;32;17762;7418;4.1;1.7
28;2021-02-22;223;434;17985;7852;4.2;1.8
28;2021-02-23;203;321;18188;8173;4.2;1.9
28;2021-02-24;244;389;18432;8562;4.3;2.0
28;2021-02-25;574;351;19006;8913;4.4;2.1
28;2021-02-26;764;311;19770;9224;4.6;2.1
28;2021-02-27;265;75;20035;9299;4.7;2.2
28;2021-02-28;23;17;20058;9316;4.7;2.2
28;2021-03-01;292;182;20350;9498;4.7;2.2
28;2021-03-02;397;252;20747;9750;4.8;2.3
28;2021-03-03;369;346;21116;10096;4.9;2.4
28;2021-03-04;720;430;21836;10526;5.1;2.5
28;2021-03-05;1319;372;23155;10898;5.4;2.5
28;2021-03-06;1998;82;25153;10980;5.9;2.6
28;2021-03-07;974;30;26127;11010;6.1;2.6
28;2021-03-08;398;267;26525;11277;6.2;2.6
28;2021-03-09;981;341;27506;11618;6.4;2.7
28;2021-03-10;1357;500;28863;12118;6.7;2.8
28;2021-03-11;1536;673;30399;12791;7.1;3.0
28;2021-03-12;2258;615;32657;13406;7.6;3.1
28;2021-03-13;1235;122;33892;13528;7.9;3.2
28;2021-03-14;518;17;34410;13545;8.0;3.2
28;2021-03-15;755;227;35165;13772;8.2;3.2
28;2021-03-16;716;219;35881;13991;8.4;3.3
28;2021-03-17;746;283;36627;14274;8.5;3.3
28;2021-03-18;1203;270;37830;14544;8.8;3.4
28;2021-03-19;1558;323;39388;14867;9.2;3.5
28;2021-03-20;639;21;40027;14888;9.3;3.5
28;2021-03-21;29;8;40056;14896;9.3;3.5
28;2021-03-22;767;317;40823;15213;9.5;3.5
28;2021-03-23;1027;190;41850;15403;9.7;3.6
28;2021-03-24;1313;274;43163;15677;10.1;3.7
28;2021-03-25;1797;285;44960;15962;10.5;3.7
28;2021-03-26;2084;345;47044;16307;11.0;3.8
28;2021-03-27;402;38;47446;16345;11.0;3.8
28;2021-03-28;12;0;47458;16345;11.1;3.8
28;2021-03-29;1140;349;48598;16694;11.3;3.9
28;2021-03-30;1711;251;50309;16945;11.7;3.9
28;2021-03-31;2018;476;52327;17421;12.2;4.1
28;2021-04-01;1796;584;54123;18005;12.6;4.2
28;2021-04-02;1585;1314;55708;19319;13.0;4.5
28;2021-04-03;607;1070;56315;20389;13.1;4.7
28;2021-04-04;33;299;56348;20688;13.1;4.8
28;2021-04-05;40;3;56388;20691;13.1;4.8
28;2021-04-06;1225;459;57613;21150;13.4;4.9
28;2021-04-07;1890;1005;59503;22155;13.9;5.2
28;2021-04-08;2086;1069;61589;23224;14.3;5.4
28;2021-04-09;3235;918;64824;24142;15.1;5.6
28;2021-04-10;1581;199;66405;24341;15.5;5.7
28;2021-04-11;141;451;66546;24792;15.5;5.8
28;2021-04-12;1674;558;68220;25350;15.9;5.9
28;2021-04-13;1875;673;70095;26023;16.3;6.1
28;2021-04-14;2771;902;72866;26925;17.0;6.3
28;2021-04-15;2556;1145;75422;28070;17.6;6.5
28;2021-04-16;2553;805;77975;28875;18.2;6.7
28;2021-04-17;2309;133;80284;29008;18.7;6.8
28;2021-04-18;45;8;80329;29016;18.7;6.8
28;2021-04-19;1577;648;81906;29664;19.1;6.9
28;2021-04-20;1840;597;83746;30261;19.5;7.0
28;2021-04-21;2679;962;86425;31223;20.1;7.3
28;2021-04-22;1783;1216;88208;32439;20.5;7.6
28;2021-04-23;2325;1102;90533;33541;21.1;7.8
28;2021-04-24;3657;137;94190;33678;21.9;7.8
28;2021-04-25;1012;38;95202;33716;22.2;7.9
28;2021-04-26;1331;927;96533;34643;22.5;8.1
28;2021-04-27;1436;1270;97969;35913;22.8;8.4
28;2021-04-28;2374;1829;100343;37742;23.4;8.8
28;2021-04-29;2130;1507;102473;39249;23.9;9.1
28;2021-04-30;2974;1226;105447;40475;24.6;9.4
28;2021-05-01;127;118;105574;40593;24.6;9.5
28;2021-05-02;2;65;105576;40658;24.6;9.5
28;2021-05-03;1047;1017;106623;41675;24.8;9.7
28;2021-05-04;1360;1670;107983;43345;25.1;10.1
28;2021-05-05;2831;1648;110814;44993;25.8;10.5
28;2021-05-06;2457;1473;113271;46466;26.4;10.8
28;2021-05-07;2311;1923;115582;48389;26.9;11.3
28;2021-05-08;1078;112;116660;48501;27.2;11.3
28;2021-05-09;105;610;116765;49111;27.2;11.4
28;2021-05-10;1308;1891;118073;51002;27.5;11.9
28;2021-05-11;2028;2330;120101;53332;28.0;12.4
28;2021-05-12;2619;3231;122720;56563;28.6;13.2
28;2021-05-13;290;451;123010;57014;28.6;13.3
28;2021-05-14;1899;1612;124909;58626;29.1;13.7
28;2021-05-15;1436;1673;126345;60299;29.4;14.0
28;2021-05-16;1987;131;128332;60430;29.9;14.1
28;2021-05-17;2876;1485;131208;61915;30.6;14.4
28;2021-05-18;3382;1378;134590;63293;31.3;14.7
28;2021-05-19;5092;1279;139682;64572;32.5;15.0
28;2021-05-20;4150;1231;143832;65803;33.5;15.3
28;2021-05-21;3465;1580;147297;67383;34.3;15.7
28;2021-05-22;729;1161;148026;68544;34.5;16.0
28;2021-05-23;1957;137;149983;68681;34.9;16.0
28;2021-05-24;1429;395;151412;69076;35.3;16.1
28;2021-05-25;1877;1403;153289;70479;35.7;16.4
28;2021-05-26;2767;1341;156056;71820;36.3;16.7
28;2021-05-27;2756;1233;158812;73053;37.0;17.0
28;2021-05-28;3081;1727;161893;74780;37.7;17.4
28;2021-05-29;1869;872;163762;75652;38.1;17.6
28;2021-05-30;16;47;163778;75699;38.1;17.6
28;2021-05-31;2014;936;165792;76635;38.6;17.8
28;2021-06-01;2133;1658;167925;78293;39.1;18.2
28;2021-06-02;2077;2458;170002;80751;39.6;18.8
28;2021-06-03;2498;1560;172500;82311;40.2;19.2
28;2021-06-04;2608;2355;175108;84666;40.8;19.7
28;2021-06-05;1909;2522;177017;87188;41.2;20.3
28;2021-06-06;1059;1046;178076;88234;41.5;20.5
28;2021-06-07;3577;1573;181653;89807;42.3;20.9
28;2021-06-08;3198;1517;184851;91324;43.0;21.3
28;2021-06-09;3676;2125;188527;93449;43.9;21.8
28;2021-06-10;3142;1257;191669;94706;44.6;22.1
28;2021-06-11;3792;2130;195461;96836;45.5;22.6
28;2021-06-12;1305;560;196766;97396;45.8;22.7
28;2021-06-13;385;108;197151;97504;45.9;22.7
28;2021-06-14;2208;1997;199359;99501;46.4;23.2
28;2021-06-15;2092;2225;201451;101726;46.9;23.7
28;2021-06-16;2510;3972;203961;105698;47.5;24.6
28;2021-06-17;1931;3135;205892;108833;47.9;25.3
28;2021-06-18;2474;3784;208366;112617;48.5;26.2
28;2021-06-19;776;1612;209142;114229;48.7;26.6
28;2021-06-20;23;24;209165;114253;48.7;26.6
28;2021-06-21;1685;1989;210850;116242;49.1;27.1
28;2021-06-22;1372;2106;212222;118348;49.4;27.6
28;2021-06-23;1782;3164;214004;121512;49.8;28.3
28;2021-06-24;733;929;214737;122441;50.0;28.5
28;2021-06-25;1890;3025;216627;125466;50.4;29.2
28;2021-06-26;310;2111;216937;127577;50.5;29.7
28;2021-06-27;588;1284;217525;128861;50.7;30.0
28;2021-06-28;1226;3655;218751;132516;50.9;30.9
28;2021-06-29;1342;3792;220093;136308;51.3;31.7
28;2021-06-30;1495;4259;221588;140567;51.6;32.7
28;2021-07-01;1277;3500;222865;144067;51.9;33.5
28;2021-07-02;1313;4652;224178;148719;52.2;34.6
28;2021-07-03;1132;2369;225310;151088;52.5;35.2
28;2021-07-04;146;1326;225456;152414;52.5;35.5
28;2021-07-05;1362;2513;226818;154927;52.8;36.1
28;2021-07-06;1510;2870;228328;157797;53.2;36.7
28;2021-07-07;1636;4143;229964;161940;53.6;37.7
28;2021-07-08;1470;3239;231434;165179;53.9;38.5
28;2021-07-09;1394;4518;232828;169697;54.2;39.5
28;2021-07-10;528;2207;233356;171904;54.3;40.0
28;2021-07-11;2;1;233358;171905;54.3;40.0
28;2021-07-12;1527;3930;234885;175835;54.7;40.9
28;2021-07-13;2263;4143;237148;179978;55.2;41.9
28;2021-07-14;1330;1395;238478;181373;55.5;42.2
28;2021-07-15;2986;3975;241464;185348;56.2;43.2
28;2021-07-16;2444;4750;243908;190098;56.8;44.3
28;2021-07-17;1263;2429;245171;192527;57.1;44.8
28;2021-07-18;369;944;245540;193471;57.2;45.1
28;2021-07-19;1809;4335;247349;197806;57.6;46.1
28;2021-07-20;2478;4090;249827;201896;58.2;47.0
28;2021-07-21;2965;4286;252792;206182;58.9;48.0
28;2021-07-22;3668;3428;256460;209610;59.7;48.8
28;2021-07-23;2963;3997;259423;213607;60.4;49.7
28;2021-07-24;1713;1484;261136;215091;60.8;50.1
28;2021-07-25;67;60;261203;215151;60.8;50.1
28;2021-07-26;2932;3385;264135;218536;61.5;50.9
28;2021-07-27;3885;2621;268020;221157;62.4;51.5
28;2021-07-28;3949;2742;271969;223899;63.3;52.1
28;2021-07-29;4469;2090;276438;225989;64.4;52.6
28;2021-07-30;3821;2844;280259;228833;65.3;53.3
28;2021-07-31;763;821;281022;229654;65.4;53.5
28;2021-08-01;378;65;281400;229719;65.5;53.5
28;2021-08-02;1794;1519;283194;231238;65.9;53.8
28;2021-08-03;2686;2165;285880;233403;66.6;54.4
28;2021-08-04;1934;2299;287814;235702;67.0;54.9
28;2021-08-05;1666;1731;289480;237433;67.4;55.3
28;2021-08-06;1616;1970;291096;239403;67.8;55.7
28;2021-08-07;801;1001;291897;240404;68.0;56.0
28;2021-08-08;22;33;291919;240437;68.0;56.0
28;2021-08-09;1389;1101;293308;241538;68.3;56.2
28;2021-08-10;1713;2027;295021;243565;68.7;56.7
28;2021-08-11;1272;1571;296293;245136;69.0;57.1
28;2021-08-12;1165;1882;297458;247018;69.3;57.5
28;2021-08-13;1320;1648;298778;248666;69.6;57.9
28;2021-08-14;656;842;299434;249508;69.7;58.1
28;2021-08-15;266;60;299700;249568;69.8;58.1
28;2021-08-16;860;2145;300560;251713;70.0;58.6
28;2021-08-17;1126;2797;301686;254510;70.3;59.3
28;2021-08-18;891;2411;302577;256921;70.5;59.8
28;2021-08-19;884;2614;303461;259535;70.7;60.4
28;2021-08-20;938;2752;304399;262287;70.9;61.1
28;2021-08-21;379;1001;304778;263288;71.0;61.3
28;2021-08-22;8;31;304786;263319;71.0;61.3
28;2021-08-23;1042;2148;305828;265467;71.2;61.8
28;2021-08-24;861;2583;306689;268050;71.4;62.4
28;2021-08-25;1068;2210;307757;270260;71.7;62.9
28;2021-08-26;692;1815;308449;272075;71.8;63.4
28;2021-08-27;749;2365;309198;274440;72.0;63.9
28;2021-08-28;522;1094;309720;275534;72.1;64.2
28;2021-08-29;7;23;309727;275557;72.1;64.2
28;2021-08-30;992;2183;310719;277740;72.4;64.7
28;2021-08-31;797;2248;311516;279988;72.5;65.2
28;2021-09-01;744;2603;312260;282591;72.7;65.8
28;2021-09-02;541;2111;312801;284702;72.8;66.3
28;2021-09-03;661;2560;313462;287262;73.0;66.9
28;2021-09-04;583;2602;314045;289864;73.1;67.5
28;2021-09-05;209;247;314254;290111;73.2;67.6
28;2021-09-06;403;1618;314657;291729;73.3;67.9
28;2021-09-07;351;1450;315008;293179;73.4;68.3
28;2021-09-08;540;1586;315548;294765;73.5;68.6
28;2021-09-09;318;1141;315866;295906;73.6;68.9
28;2021-09-10;582;1657;316448;297563;73.7;69.3
28;2021-09-11;298;1328;316746;298891;73.8;69.6
28;2021-09-12;39;32;316785;298923;73.8;69.6
28;2021-09-13;298;1022;317083;299945;73.8;69.8
29;2020-12-27;0;0;0;0;0.0;0.0
29;2020-12-28;1;0;1;0;0.0;0.0
29;2020-12-29;0;0;1;0;0.0;0.0
29;2020-12-30;0;0;1;0;0.0;0.0
29;2020-12-31;0;0;1;0;0.0;0.0
29;2021-01-01;2;0;3;0;0.0;0.0
29;2021-01-02;0;0;3;0;0.0;0.0
29;2021-01-03;1;0;4;0;0.0;0.0
29;2021-01-04;32;0;36;0;0.0;0.0
29;2021-01-05;31;0;67;0;0.0;0.0
29;2021-01-06;43;0;110;0;0.0;0.0
29;2021-01-07;137;0;247;0;0.0;0.0
29;2021-01-08;408;0;655;0;0.1;0.0
29;2021-01-09;2;0;657;0;0.1;0.0
29;2021-01-10;2;0;659;0;0.1;0.0
29;2021-01-11;667;0;1326;0;0.1;0.0
29;2021-01-12;1120;0;2446;0;0.3;0.0
29;2021-01-13;1101;1;3547;1;0.4;0.0
29;2021-01-14;894;4;4441;5;0.5;0.0
29;2021-01-15;1221;7;5662;12;0.6;0.0
29;2021-01-16;168;1;5830;13;0.6;0.0
29;2021-01-17;112;1;5942;14;0.7;0.0
29;2021-01-18;842;3;6784;17;0.7;0.0
29;2021-01-19;1313;1;8097;18;0.9;0.0
29;2021-01-20;2396;2;10493;20;1.2;0.0
29;2021-01-21;5660;7;16153;27;1.8;0.0
29;2021-01-22;3775;4;19928;31;2.2;0.0
29;2021-01-23;538;0;20466;31;2.3;0.0
29;2021-01-24;200;1;20666;32;2.3;0.0
29;2021-01-25;575;7;21241;39;2.3;0.0
29;2021-01-26;951;34;22192;73;2.4;0.0
29;2021-01-27;1286;51;23478;124;2.6;0.0
29;2021-01-28;803;134;24281;258;2.7;0.0
29;2021-01-29;780;196;25061;454;2.8;0.1
29;2021-01-30;281;4;25342;458;2.8;0.1
29;2021-01-31;80;5;25422;463;2.8;0.1
29;2021-02-01;429;412;25851;875;2.9;0.1
29;2021-02-02;878;682;26729;1557;2.9;0.2
29;2021-02-03;812;828;27541;2385;3.0;0.3
29;2021-02-04;867;623;28408;3008;3.1;0.3
29;2021-02-05;675;550;29083;3558;3.2;0.4
29;2021-02-06;249;87;29332;3645;3.2;0.4
29;2021-02-07;78;95;29410;3740;3.2;0.4
29;2021-02-08;383;422;29793;4162;3.3;0.5
29;2021-02-09;863;819;30656;4981;3.4;0.5
29;2021-02-10;1150;986;31806;5967;3.5;0.7
29;2021-02-11;1796;4052;33602;10019;3.7;1.1
29;2021-02-12;2326;2463;35928;12482;4.0;1.4
29;2021-02-13;638;389;36566;12871;4.0;1.4
29;2021-02-14;12;209;36578;13080;4.0;1.4
29;2021-02-15;265;812;36843;13892;4.1;1.5
29;2021-02-16;887;893;37730;14785;4.2;1.6
29;2021-02-17;801;671;38531;15456;4.3;1.7
29;2021-02-18;1530;711;40061;16167;4.4;1.8
29;2021-02-19;1417;819;41478;16986;4.6;1.9
29;2021-02-20;204;281;41682;17267;4.6;1.9
29;2021-02-21;162;152;41844;17419;4.6;1.9
29;2021-02-22;773;468;42617;17887;4.7;2.0
29;2021-02-23;1271;739;43888;18626;4.8;2.1
29;2021-02-24;1471;653;45359;19279;5.0;2.1
29;2021-02-25;2511;736;47870;20015;5.3;2.2
29;2021-02-26;2676;584;50546;20599;5.6;2.3
29;2021-02-27;1284;216;51830;20815;5.7;2.3
29;2021-02-28;200;60;52030;20875;5.7;2.3
29;2021-03-01;945;394;52975;21269;5.8;2.3
29;2021-03-02;1817;681;54792;21950;6.0;2.4
29;2021-03-03;2095;882;56887;22832;6.3;2.5
29;2021-03-04;2844;1432;59731;24264;6.6;2.7
29;2021-03-05;3540;1563;63271;25827;7.0;2.8
29;2021-03-06;2000;400;65271;26227;7.2;2.9
29;2021-03-07;412;75;65683;26302;7.2;2.9
29;2021-03-08;1274;538;66957;26840;7.4;3.0
29;2021-03-09;2605;891;69562;27731;7.7;3.1
29;2021-03-10;2427;800;71989;28531;7.9;3.1
29;2021-03-11;4521;929;76510;29460;8.4;3.2
29;2021-03-12;5270;914;81780;30374;9.0;3.4
29;2021-03-13;2826;392;84606;30766;9.3;3.4
29;2021-03-14;365;3;84971;30769;9.4;3.4
29;2021-03-15;2050;268;87021;31037;9.6;3.4
29;2021-03-16;1823;726;88844;31763;9.8;3.5
29;2021-03-17;1861;694;90705;32457;10.0;3.6
29;2021-03-18;1865;1033;92570;33490;10.2;3.7
29;2021-03-19;3269;873;95839;34363;10.6;3.8
29;2021-03-20;1915;218;97754;34581;10.8;3.8
29;2021-03-21;132;11;97886;34592;10.8;3.8
29;2021-03-22;1647;551;99533;35143;11.0;3.9
29;2021-03-23;3442;1028;102975;36171;11.4;4.0
29;2021-03-24;3781;1019;106756;37190;11.8;4.1
29;2021-03-25;4820;1061;111576;38251;12.3;4.2
29;2021-03-26;5425;1158;117001;39409;12.9;4.3
29;2021-03-27;2429;331;119430;39740;13.2;4.4
29;2021-03-28;198;50;119628;39790;13.2;4.4
29;2021-03-29;2041;813;121669;40603;13.4;4.5
29;2021-03-30;3977;1325;125646;41928;13.9;4.6
29;2021-03-31;3935;1153;129581;43081;14.3;4.8
29;2021-04-01;5028;1141;134609;44222;14.8;4.9
29;2021-04-02;4766;1165;139375;45387;15.4;5.0
29;2021-04-03;2500;535;141875;45922;15.6;5.1
29;2021-04-04;146;33;142021;45955;15.7;5.1
29;2021-04-05;972;329;142993;46284;15.8;5.1
29;2021-04-06;3200;1233;146193;47517;16.1;5.2
29;2021-04-07;3654;940;149847;48457;16.5;5.3
29;2021-04-08;5285;2054;155132;50511;17.1;5.6
29;2021-04-09;6753;1562;161885;52073;17.9;5.7
29;2021-04-10;3502;709;165387;52782;18.2;5.8
29;2021-04-11;120;80;165507;52862;18.3;5.8
29;2021-04-12;3855;1480;169362;54342;18.7;6.0
29;2021-04-13;5863;1756;175225;56098;19.3;6.2
29;2021-04-14;4762;1743;179987;57841;19.9;6.4
29;2021-04-15;7177;1731;187164;59572;20.6;6.6
29;2021-04-16;6704;1353;193868;60925;21.4;6.7
29;2021-04-17;3829;968;197697;61893;21.8;6.8
29;2021-04-18;489;40;198186;61933;21.9;6.8
29;2021-04-19;3881;1464;202067;63397;22.3;7.0
29;2021-04-20;4398;2134;206465;65531;22.8;7.2
29;2021-04-21;4375;2199;210840;67730;23.3;7.5
29;2021-04-22;6643;2851;217483;70581;24.0;7.8
29;2021-04-23;6050;2194;223533;72775;24.7;8.0
29;2021-04-24;4008;1309;227541;74084;25.1;8.2
29;2021-04-25;434;169;227975;74253;25.1;8.2
29;2021-04-26;5261;1863;233236;76116;25.7;8.4
29;2021-04-27;5336;3178;238572;79294;26.3;8.7
29;2021-04-28;5361;2891;243933;82185;26.9;9.1
29;2021-04-29;6596;3310;250529;85495;27.6;9.4
29;2021-04-30;6269;3865;256798;89360;28.3;9.9
29;2021-05-01;1987;977;258785;90337;28.5;10.0
29;2021-05-02;1249;191;260034;90528;28.7;10.0
29;2021-05-03;4541;2279;264575;92807;29.2;10.2
29;2021-05-04;4111;3740;268686;96547;29.6;10.6
29;2021-05-05;4518;3401;273204;99948;30.1;11.0
29;2021-05-06;6238;3708;279442;103656;30.8;11.4
29;2021-05-07;5985;4571;285427;108227;31.5;11.9
29;2021-05-08;2096;560;287523;108787;31.7;12.0
29;2021-05-09;1729;136;289252;108923;31.9;12.0
29;2021-05-10;4760;3753;294012;112676;32.4;12.4
29;2021-05-11;4710;4973;298722;117649;33.0;13.0
29;2021-05-12;5025;4367;303747;122016;33.5;13.5
29;2021-05-13;3441;1498;307188;123514;33.9;13.6
29;2021-05-14;5650;3987;312838;127501;34.5;14.1
29;2021-05-15;4048;2295;316886;129796;35.0;14.3
29;2021-05-16;1588;294;318474;130090;35.1;14.3
29;2021-05-17;5563;3126;324037;133216;35.7;14.7
29;2021-05-18;5732;3076;329769;136292;36.4;15.0
29;2021-05-19;6214;2959;335983;139251;37.1;15.4
29;2021-05-20;7176;4547;343159;143798;37.9;15.9
29;2021-05-21;7216;3798;350375;147596;38.6;16.3
29;2021-05-22;5343;2126;355718;149722;39.2;16.5
29;2021-05-23;1631;65;357349;149787;39.4;16.5
29;2021-05-24;3485;534;360834;150321;39.8;16.6
29;2021-05-25;5836;3030;366670;153351;40.4;16.9
29;2021-05-26;5894;2990;372564;156341;41.1;17.2
29;2021-05-27;6826;3955;379390;160296;41.8;17.7
29;2021-05-28;6547;4399;385937;164695;42.6;18.2
29;2021-05-29;4382;2800;390319;167495;43.1;18.5
29;2021-05-30;1114;360;391433;167855;43.2;18.5
29;2021-05-31;6384;3436;397817;171291;43.9;18.9
29;2021-06-01;6604;4315;404421;175606;44.6;19.4
29;2021-06-02;6166;4129;410587;179735;45.3;19.8
29;2021-06-03;7696;4500;418283;184235;46.1;20.3
29;2021-06-04;6814;6139;425097;190374;46.9;21.0
29;2021-06-05;5351;3024;430448;193398;47.5;21.3
29;2021-06-06;1285;538;431733;193936;47.6;21.4
29;2021-06-07;4660;5562;436393;199498;48.1;22.0
29;2021-06-08;7174;5188;443567;204686;48.9;22.6
29;2021-06-09;6408;4747;449975;209433;49.6;23.1
29;2021-06-10;7776;5050;457751;214483;50.5;23.7
29;2021-06-11;8478;5861;466229;220344;51.4;24.3
29;2021-06-12;6567;2811;472796;223155;52.2;24.6
29;2021-06-13;2352;1372;475148;224527;52.4;24.8
29;2021-06-14;4035;6312;479183;230839;52.9;25.5
29;2021-06-15;5479;6186;484662;237025;53.5;26.1
29;2021-06-16;5571;5623;490233;242648;54.1;26.8
29;2021-06-17;6368;6306;496601;248954;54.8;27.5
29;2021-06-18;6116;7487;502717;256441;55.5;28.3
29;2021-06-19;4623;3523;507340;259964;56.0;28.7
29;2021-06-20;891;1452;508231;261416;56.1;28.8
29;2021-06-21;3761;6495;511992;267911;56.5;29.6
29;2021-06-22;4490;6421;516482;274332;57.0;30.3
29;2021-06-23;4679;6131;521161;280463;57.5;30.9
29;2021-06-24;4809;6746;525970;287209;58.0;31.7
29;2021-06-25;3598;7530;529568;294739;58.4;32.5
29;2021-06-26;2131;4093;531699;298832;58.7;33.0
29;2021-06-27;967;1632;532666;300464;58.8;33.1
29;2021-06-28;2843;6862;535509;307326;59.1;33.9
29;2021-06-29;2816;7723;538325;315049;59.4;34.8
29;2021-06-30;3048;7506;541373;322555;59.7;35.6
29;2021-07-01;3790;8417;545163;330972;60.1;36.5
29;2021-07-02;3607;9654;548770;340626;60.5;37.6
29;2021-07-03;2328;6051;551098;346677;60.8;38.2
29;2021-07-04;816;1771;551914;348448;60.9;38.4
29;2021-07-05;1915;7158;553829;355606;61.1;39.2
29;2021-07-06;1540;8007;555369;363613;61.3;40.1
29;2021-07-07;1707;7037;557076;370650;61.4;40.9
29;2021-07-08;2453;8201;559529;378851;61.7;41.8
29;2021-07-09;2632;9065;562161;387916;62.0;42.8
29;2021-07-10;1919;6103;564080;394019;62.2;43.5
29;2021-07-11;449;1064;564529;395083;62.3;43.6
29;2021-07-12;1983;8379;566512;403462;62.5;44.5
29;2021-07-13;2755;8661;569267;412123;62.8;45.5
29;2021-07-14;2087;3373;571354;415496;63.0;45.8
29;2021-07-15;3859;9722;575213;425218;63.5;46.9
29;2021-07-16;4621;9185;579834;434403;64.0;47.9
29;2021-07-17;3224;6110;583058;440513;64.3;48.6
29;2021-07-18;669;1080;583727;441593;64.4;48.7
29;2021-07-19;3158;7544;586885;449137;64.7;49.5
29;2021-07-20;3558;9432;590443;458569;65.1;50.6
29;2021-07-21;3662;7715;594105;466284;65.5;51.4
29;2021-07-22;3428;8533;597533;474817;65.9;52.4
29;2021-07-23;4066;10703;601599;485520;66.4;53.6
29;2021-07-24;2536;5958;604135;491478;66.6;54.2
29;2021-07-25;656;2360;604791;493838;66.7;54.5
29;2021-07-26;3399;7278;608190;501116;67.1;55.3
29;2021-07-27;3727;7111;611917;508227;67.5;56.1
29;2021-07-28;4209;6032;616126;514259;68.0;56.7
29;2021-07-29;5699;6362;621825;520621;68.6;57.4
29;2021-07-30;5471;6536;627296;527157;69.2;58.1
29;2021-07-31;2939;4930;630235;532087;69.5;58.7
29;2021-08-01;658;921;630893;533008;69.6;58.8
29;2021-08-02;4295;5214;635188;538222;70.1;59.4
29;2021-08-03;5493;4406;640681;542628;70.7;59.9
29;2021-08-04;5741;3607;646422;546235;71.3;60.3
29;2021-08-05;6655;4110;653077;550345;72.0;60.7
29;2021-08-06;6211;4333;659288;554678;72.7;61.2
29;2021-08-07;4289;2953;663577;557631;73.2;61.5
29;2021-08-08;848;753;664425;558384;73.3;61.6
29;2021-08-09;3086;4737;667511;563121;73.6;62.1
29;2021-08-10;4491;3864;672002;566985;74.1;62.5
29;2021-08-11;3964;3188;675966;570173;74.6;62.9
29;2021-08-12;4644;4499;680610;574672;75.1;63.4
29;2021-08-13;4190;3715;684800;578387;75.5;63.8
29;2021-08-14;2966;2845;687766;581232;75.9;64.1
29;2021-08-15;337;404;688103;581636;75.9;64.2
29;2021-08-16;3284;4376;691387;586012;76.3;64.6
29;2021-08-17;4405;3413;695792;589425;76.8;65.0
29;2021-08-18;3673;3615;699465;593040;77.2;65.4
29;2021-08-19;3905;4717;703370;597757;77.6;65.9
29;2021-08-20;3503;4601;706873;602358;78.0;66.4
29;2021-08-21;2270;3167;709143;605525;78.2;66.8
29;2021-08-22;214;416;709357;605941;78.2;66.8
29;2021-08-23;2496;4628;711853;610569;78.5;67.4
29;2021-08-24;2439;4950;714292;615519;78.8;67.9
29;2021-08-25;2150;4229;716442;619748;79.0;68.4
29;2021-08-26;2340;5337;718782;625085;79.3;69.0
29;2021-08-27;2043;5917;720825;631002;79.5;69.6
29;2021-08-28;1468;3997;722293;634999;79.7;70.0
29;2021-08-29;449;1318;722742;636317;79.7;70.2
29;2021-08-30;1453;4231;724195;640548;79.9;70.7
29;2021-08-31;1595;4533;725790;645081;80.1;71.2
29;2021-09-01;1341;4002;727131;649083;80.2;71.6
29;2021-09-02;1172;4411;728303;653494;80.3;72.1
29;2021-09-03;1419;5241;729722;658735;80.5;72.7
29;2021-09-04;1416;4064;731138;662799;80.7;73.1
29;2021-09-05;225;740;731363;663539;80.7;73.2
29;2021-09-06;735;3745;732098;667284;80.8;73.6
29;2021-09-07;922;3989;733020;671273;80.9;74.0
29;2021-09-08;905;3883;733925;675156;81.0;74.5
29;2021-09-09;954;3897;734879;679053;81.1;74.9
29;2021-09-10;1194;5049;736073;684102;81.2;75.5
29;2021-09-11;727;3667;736800;687769;81.3;75.9
29;2021-09-12;116;442;736916;688211;81.3;75.9
29;2021-09-13;828;3827;737744;692038;81.4;76.3
2A;2020-12-27;0;0;0;0;0.0;0.0
2A;2020-12-28;0;0;0;0;0.0;0.0
2A;2020-12-29;0;0;0;0;0.0;0.0
2A;2020-12-30;0;0;0;0;0.0;0.0
2A;2020-12-31;0;0;0;0;0.0;0.0
2A;2021-01-01;0;0;0;0;0.0;0.0
2A;2021-01-02;1;0;1;0;0.0;0.0
2A;2021-01-03;0;0;1;0;0.0;0.0
2A;2021-01-04;0;0;1;0;0.0;0.0
2A;2021-01-05;0;0;1;0;0.0;0.0
2A;2021-01-06;6;0;7;0;0.0;0.0
2A;2021-01-07;122;1;129;1;0.1;0.0
2A;2021-01-08;114;0;243;1;0.1;0.0
2A;2021-01-09;39;0;282;1;0.2;0.0
2A;2021-01-10;33;0;315;1;0.2;0.0
2A;2021-01-11;76;0;391;1;0.2;0.0
2A;2021-01-12;85;0;476;1;0.3;0.0
2A;2021-01-13;112;0;588;1;0.4;0.0
2A;2021-01-14;191;1;779;2;0.5;0.0
2A;2021-01-15;149;0;928;2;0.6;0.0
2A;2021-01-16;160;1;1088;3;0.7;0.0
2A;2021-01-17;85;1;1173;4;0.7;0.0
2A;2021-01-18;201;2;1374;6;0.8;0.0
2A;2021-01-19;488;1;1862;7;1.1;0.0
2A;2021-01-20;356;0;2218;7;1.4;0.0
2A;2021-01-21;453;1;2671;8;1.6;0.0
2A;2021-01-22;367;0;3038;8;1.9;0.0
2A;2021-01-23;183;0;3221;8;2.0;0.0
2A;2021-01-24;118;1;3339;9;2.1;0.0
2A;2021-01-25;215;0;3554;9;2.2;0.0
2A;2021-01-26;402;7;3956;16;2.4;0.0
2A;2021-01-27;324;5;4280;21;2.6;0.0
2A;2021-01-28;335;74;4615;95;2.8;0.1
2A;2021-01-29;342;61;4957;156;3.1;0.1
2A;2021-01-30;127;34;5084;190;3.1;0.1
2A;2021-01-31;92;12;5176;202;3.2;0.1
2A;2021-02-01;231;46;5407;248;3.3;0.2
2A;2021-02-02;289;110;5696;358;3.5;0.2
2A;2021-02-03;265;72;5961;430;3.7;0.3
2A;2021-02-04;256;118;6217;548;3.8;0.3
2A;2021-02-05;267;98;6484;646;4.0;0.4
2A;2021-02-06;121;54;6605;700;4.1;0.4
2A;2021-02-07;68;41;6673;741;4.1;0.5
2A;2021-02-08;91;180;6764;921;4.2;0.6
2A;2021-02-09;128;277;6892;1198;4.2;0.7
2A;2021-02-10;163;221;7055;1419;4.3;0.9
2A;2021-02-11;296;324;7351;1743;4.5;1.1
2A;2021-02-12;345;260;7696;2003;4.7;1.2
2A;2021-02-13;225;50;7921;2053;4.9;1.3
2A;2021-02-14;135;65;8056;2118;5.0;1.3
2A;2021-02-15;198;158;8254;2276;5.1;1.4
2A;2021-02-16;384;280;8638;2556;5.3;1.6
2A;2021-02-17;289;153;8927;2709;5.5;1.7
2A;2021-02-18;340;179;9267;2888;5.7;1.8
2A;2021-02-19;145;265;9412;3153;5.8;1.9
2A;2021-02-20;243;112;9655;3265;5.9;2.0
2A;2021-02-21;58;47;9713;3312;6.0;2.0
2A;2021-02-22;77;196;9790;3508;6.0;2.2
2A;2021-02-23;122;252;9912;3760;6.1;2.3
2A;2021-02-24;82;258;9994;4018;6.2;2.5
2A;2021-02-25;104;224;10098;4242;6.2;2.6
2A;2021-02-26;123;241;10221;4483;6.3;2.8
2A;2021-02-27;308;61;10529;4544;6.5;2.8
2A;2021-02-28;69;57;10598;4601;6.5;2.8
2A;2021-03-01;116;137;10714;4738;6.6;2.9
2A;2021-03-02;199;238;10913;4976;6.7;3.1
2A;2021-03-03;244;241;11157;5217;6.9;3.2
2A;2021-03-04;508;214;11665;5431;7.2;3.3
2A;2021-03-05;973;275;12638;5706;7.8;3.5
2A;2021-03-06;1166;75;13804;5781;8.5;3.6
2A;2021-03-07;1020;43;14824;5824;9.1;3.6
2A;2021-03-08;933;79;15757;5903;9.7;3.6
2A;2021-03-09;937;146;16694;6049;10.3;3.7
2A;2021-03-10;632;136;17326;6185;10.7;3.8
2A;2021-03-11;723;273;18049;6458;11.1;4.0
2A;2021-03-12;561;315;18610;6773;11.5;4.2
2A;2021-03-13;613;197;19223;6970;11.8;4.3
2A;2021-03-14;312;126;19535;7096;12.0;4.4
2A;2021-03-15;377;200;19912;7296;12.3;4.5
2A;2021-03-16;498;367;20410;7663;12.6;4.7
2A;2021-03-17;702;273;21112;7936;13.0;4.9
2A;2021-03-18;447;302;21559;8238;13.3;5.1
2A;2021-03-19;489;153;22048;8391;13.6;5.2
2A;2021-03-20;1079;259;23127;8650;14.2;5.3
2A;2021-03-21;695;53;23822;8703;14.7;5.4
2A;2021-03-22;347;66;24169;8769;14.9;5.4
2A;2021-03-23;518;56;24687;8825;15.2;5.4
2A;2021-03-24;864;92;25551;8917;15.7;5.5
2A;2021-03-25;930;141;26481;9058;16.3;5.6
2A;2021-03-26;1080;164;27561;9222;17.0;5.7
2A;2021-03-27;1189;199;28750;9421;17.7;5.8
2A;2021-03-28;241;97;28991;9518;17.8;5.9
2A;2021-03-29;283;138;29274;9656;18.0;5.9
2A;2021-03-30;383;233;29657;9889;18.3;6.1
2A;2021-03-31;446;225;30103;10114;18.5;6.2
2A;2021-04-01;638;451;30741;10565;18.9;6.5
2A;2021-04-02;904;784;31645;11349;19.5;7.0
2A;2021-04-03;646;982;32291;12331;19.9;7.6
2A;2021-04-04;579;784;32870;13115;20.2;8.1
2A;2021-04-05;525;693;33395;13808;20.6;8.5
2A;2021-04-06;550;558;33945;14366;20.9;8.8
2A;2021-04-07;791;428;34736;14794;21.4;9.1
2A;2021-04-08;1049;358;35785;15152;22.0;9.3
2A;2021-04-09;935;390;36720;15542;22.6;9.6
2A;2021-04-10;1059;382;37779;15924;23.3;9.8
2A;2021-04-11;362;256;38141;16180;23.5;10.0
2A;2021-04-12;669;340;38810;16520;23.9;10.2
2A;2021-04-13;329;379;39139;16899;24.1;10.4
2A;2021-04-14;1046;587;40185;17486;24.7;10.8
2A;2021-04-15;1044;525;41229;18011;25.4;11.1
2A;2021-04-16;873;392;42102;18403;25.9;11.3
2A;2021-04-17;1369;937;43471;19340;26.8;11.9
2A;2021-04-18;983;948;44454;20288;27.4;12.5
2A;2021-04-19;270;343;44724;20631;27.5;12.7
2A;2021-04-20;354;344;45078;20975;27.8;12.9
2A;2021-04-21;729;734;45807;21709;28.2;13.4
2A;2021-04-22;897;647;46704;22356;28.8;13.8
2A;2021-04-23;986;776;47690;23132;29.4;14.2
2A;2021-04-24;1751;985;49441;24117;30.4;14.8
2A;2021-04-25;976;305;50417;24422;31.0;15.0
2A;2021-04-26;308;226;50725;24648;31.2;15.2
2A;2021-04-27;344;347;51069;24995;31.4;15.4
2A;2021-04-28;1676;424;52745;25419;32.5;15.7
2A;2021-04-29;1054;361;53799;25780;33.1;15.9
2A;2021-04-30;1131;1062;54930;26842;33.8;16.5
2A;2021-05-01;971;575;55901;27417;34.4;16.9
2A;2021-05-02;675;708;56576;28125;34.8;17.3
2A;2021-05-03;583;575;57159;28700;35.2;17.7
2A;2021-05-04;752;535;57911;29235;35.7;18.0
2A;2021-05-05;1011;984;58922;30219;36.3;18.6
2A;2021-05-06;905;912;59827;31131;36.8;19.2
2A;2021-05-07;1156;835;60983;31966;37.5;19.7
2A;2021-05-08;422;501;61405;32467;37.8;20.0
2A;2021-05-09;783;638;62188;33105;38.3;20.4
2A;2021-05-10;454;741;62642;33846;38.6;20.8
2A;2021-05-11;652;416;63294;34262;39.0;21.1
2A;2021-05-12;924;490;64218;34752;39.5;21.4
2A;2021-05-13;920;138;65138;34890;40.1;21.5
2A;2021-05-14;797;679;65935;35569;40.6;21.9
2A;2021-05-15;780;649;66715;36218;41.1;22.3
2A;2021-05-16;739;500;67454;36718;41.5;22.6
2A;2021-05-17;584;557;68038;37275;41.9;22.9
2A;2021-05-18;614;475;68652;37750;42.3;23.2
2A;2021-05-19;787;480;69439;38230;42.8;23.5
2A;2021-05-20;692;540;70131;38770;43.2;23.9
2A;2021-05-21;536;483;70667;39253;43.5;24.2
2A;2021-05-22;442;310;71109;39563;43.8;24.4
2A;2021-05-23;533;282;71642;39845;44.1;24.5
2A;2021-05-24;125;33;71767;39878;44.2;24.6
2A;2021-05-25;420;503;72187;40381;44.4;24.9
2A;2021-05-26;425;1166;72612;41547;44.7;25.6
2A;2021-05-27;435;1111;73047;42658;45.0;26.3
2A;2021-05-28;298;916;73345;43574;45.2;26.8
2A;2021-05-29;334;900;73679;44474;45.4;27.4
2A;2021-05-30;181;507;73860;44981;45.5;27.7
2A;2021-05-31;191;413;74051;45394;45.6;27.9
2A;2021-06-01;342;727;74393;46121;45.8;28.4
2A;2021-06-02;285;940;74678;47061;46.0;29.0
2A;2021-06-03;306;850;74984;47911;46.2;29.5
2A;2021-06-04;271;1091;75255;49002;46.3;30.2
2A;2021-06-05;319;1442;75574;50444;46.5;31.1
2A;2021-06-06;173;907;75747;51351;46.6;31.6
2A;2021-06-07;170;660;75917;52011;46.7;32.0
2A;2021-06-08;324;706;76241;52717;46.9;32.5
2A;2021-06-09;300;1316;76541;54033;47.1;33.3
2A;2021-06-10;329;857;76870;54890;47.3;33.8
2A;2021-06-11;277;1019;77147;55909;47.5;34.4
2A;2021-06-12;232;657;77379;56566;47.6;34.8
2A;2021-06-13;189;797;77568;57363;47.8;35.3
2A;2021-06-14;251;922;77819;58285;47.9;35.9
2A;2021-06-15;217;507;78036;58792;48.0;36.2
2A;2021-06-16;213;776;78249;59568;48.2;36.7
2A;2021-06-17;235;591;78484;60159;48.3;37.0
2A;2021-06-18;246;914;78730;61073;48.5;37.6
2A;2021-06-19;208;690;78938;61763;48.6;38.0
2A;2021-06-20;150;692;79088;62455;48.7;38.5
2A;2021-06-21;181;792;79269;63247;48.8;38.9
2A;2021-06-22;236;841;79505;64088;48.9;39.5
2A;2021-06-23;217;568;79722;64656;49.1;39.8
2A;2021-06-24;149;369;79871;65025;49.2;40.0
2A;2021-06-25;167;471;80038;65496;49.3;40.3
2A;2021-06-26;203;873;80241;66369;49.4;40.9
2A;2021-06-27;175;794;80416;67163;49.5;41.4
2A;2021-06-28;194;704;80610;67867;49.6;41.8
2A;2021-06-29;215;689;80825;68556;49.8;42.2
2A;2021-06-30;242;491;81067;69047;49.9;42.5
2A;2021-07-01;212;484;81279;69531;50.0;42.8
2A;2021-07-02;295;369;81574;69900;50.2;43.0
2A;2021-07-03;211;617;81785;70517;50.4;43.4
2A;2021-07-04;178;664;81963;71181;50.5;43.8
2A;2021-07-05;163;235;82126;71416;50.6;44.0
2A;2021-07-06;252;389;82378;71805;50.7;44.2
2A;2021-07-07;433;610;82811;72415;51.0;44.6
2A;2021-07-08;593;705;83404;73120;51.4;45.0
2A;2021-07-09;384;421;83788;73541;51.6;45.3
2A;2021-07-10;281;346;84069;73887;51.8;45.5
2A;2021-07-11;92;151;84161;74038;51.8;45.6
2A;2021-07-12;316;347;84477;74385;52.0;45.8
2A;2021-07-13;1179;533;85656;74918;52.7;46.1
2A;2021-07-14;1624;340;87280;75258;53.7;46.3
2A;2021-07-15;1437;836;88717;76094;54.6;46.8
2A;2021-07-16;1169;464;89886;76558;55.3;47.1
2A;2021-07-17;1096;345;90982;76903;56.0;47.3
2A;2021-07-18;635;135;91617;77038;56.4;47.4
2A;2021-07-19;918;425;92535;77463;57.0;47.7
2A;2021-07-20;1284;469;93819;77932;57.8;48.0
2A;2021-07-21;1428;725;95247;78657;58.6;48.4
2A;2021-07-22;1399;764;96646;79421;59.5;48.9
2A;2021-07-23;1440;465;98086;79886;60.4;49.2
2A;2021-07-24;896;289;98982;80175;60.9;49.4
2A;2021-07-25;451;81;99433;80256;61.2;49.4
2A;2021-07-26;1199;507;100632;80763;62.0;49.7
2A;2021-07-27;1300;510;101932;81273;62.8;50.0
2A;2021-07-28;1200;592;103132;81865;63.5;50.4
2A;2021-07-29;1229;656;104361;82521;64.3;50.8
2A;2021-07-30;961;611;105322;83132;64.8;51.2
2A;2021-07-31;543;340;105865;83472;65.2;51.4
2A;2021-08-01;570;122;106435;83594;65.5;51.5
2A;2021-08-02;450;493;106885;84087;65.8;51.8
2A;2021-08-03;814;882;107699;84969;66.3;52.3
2A;2021-08-04;725;1161;108424;86130;66.8;53.0
2A;2021-08-05;957;1347;109381;87477;67.3;53.9
2A;2021-08-06;389;814;109770;88291;67.6;54.4
2A;2021-08-07;353;888;110123;89179;67.8;54.9
2A;2021-08-08;78;185;110201;89364;67.8;55.0
2A;2021-08-09;662;1141;110863;90505;68.3;55.7
2A;2021-08-10;640;1208;111503;91713;68.7;56.5
2A;2021-08-11;592;1061;112095;92774;69.0;57.1
2A;2021-08-12;742;1490;112837;94264;69.5;58.0
2A;2021-08-13;480;1067;113317;95331;69.8;58.7
2A;2021-08-14;412;765;113729;96096;70.0;59.2
2A;2021-08-15;22;26;113751;96122;70.0;59.2
2A;2021-08-16;484;1292;114235;97414;70.3;60.0
2A;2021-08-17;936;1557;115171;98971;70.9;60.9
2A;2021-08-18;525;1125;115696;100096;71.2;61.6
2A;2021-08-19;430;1009;116126;101105;71.5;62.2
2A;2021-08-20;327;574;116453;101679;71.7;62.6
2A;2021-08-21;229;535;116682;102214;71.8;62.9
2A;2021-08-22;195;618;116877;102832;72.0;63.3
2A;2021-08-23;323;744;117200;103576;72.2;63.8
2A;2021-08-24;323;858;117523;104434;72.4;64.3
2A;2021-08-25;393;879;117916;105313;72.6;64.8
2A;2021-08-26;341;769;118257;106082;72.8;65.3
2A;2021-08-27;242;711;118499;106793;73.0;65.8
2A;2021-08-28;254;352;118753;107145;73.1;66.0
2A;2021-08-29;97;115;118850;107260;73.2;66.0
2A;2021-08-30;243;653;119093;107913;73.3;66.4
2A;2021-08-31;169;521;119262;108434;73.4;66.8
2A;2021-09-01;337;826;119599;109260;73.6;67.3
2A;2021-09-02;301;707;119900;109967;73.8;67.7
2A;2021-09-03;239;616;120139;110583;74.0;68.1
2A;2021-09-04;147;449;120286;111032;74.1;68.4
2A;2021-09-05;25;23;120311;111055;74.1;68.4
2A;2021-09-06;111;400;120422;111455;74.1;68.6
2A;2021-09-07;191;752;120613;112207;74.3;69.1
2A;2021-09-08;219;770;120832;112977;74.4;69.6
2A;2021-09-09;201;556;121033;113533;74.5;69.9
2A;2021-09-10;160;447;121193;113980;74.6;70.2
2A;2021-09-11;135;334;121328;114314;74.7;70.4
2A;2021-09-12;41;131;121369;114445;74.7;70.5
2A;2021-09-13;96;200;121465;114645;74.8;70.6
2B;2020-12-27;0;0;0;0;0.0;0.0
2B;2020-12-28;0;0;0;0;0.0;0.0
2B;2020-12-29;0;0;0;0;0.0;0.0
2B;2020-12-30;0;0;0;0;0.0;0.0
2B;2020-12-31;0;0;0;0;0.0;0.0
2B;2021-01-01;0;0;0;0;0.0;0.0
2B;2021-01-02;0;0;0;0;0.0;0.0
2B;2021-01-03;0;0;0;0;0.0;0.0
2B;2021-01-04;2;0;2;0;0.0;0.0
2B;2021-01-05;0;0;2;0;0.0;0.0
2B;2021-01-06;48;1;50;1;0.0;0.0
2B;2021-01-07;210;0;260;1;0.1;0.0
2B;2021-01-08;197;1;457;2;0.3;0.0
2B;2021-01-09;40;0;497;2;0.3;0.0
2B;2021-01-10;1;0;498;2;0.3;0.0
2B;2021-01-11;74;0;572;2;0.3;0.0
2B;2021-01-12;128;1;700;3;0.4;0.0
2B;2021-01-13;93;0;793;3;0.4;0.0
2B;2021-01-14;72;0;865;3;0.5;0.0
2B;2021-01-15;259;0;1124;3;0.6;0.0
2B;2021-01-16;43;0;1167;3;0.6;0.0
2B;2021-01-17;8;0;1175;3;0.6;0.0
2B;2021-01-18;271;0;1446;3;0.8;0.0
2B;2021-01-19;502;0;1948;3;1.1;0.0
2B;2021-01-20;462;2;2410;5;1.3;0.0
2B;2021-01-21;358;0;2768;5;1.5;0.0
2B;2021-01-22;380;0;3148;5;1.7;0.0
2B;2021-01-23;61;0;3209;5;1.8;0.0
2B;2021-01-24;29;0;3238;5;1.8;0.0
2B;2021-01-25;210;2;3448;7;1.9;0.0
2B;2021-01-26;391;1;3839;8;2.1;0.0
2B;2021-01-27;342;45;4181;53;2.3;0.0
2B;2021-01-28;365;141;4546;194;2.5;0.1
2B;2021-01-29;293;151;4839;345;2.7;0.2
2B;2021-01-30;80;32;4919;377;2.7;0.2
2B;2021-01-31;60;0;4979;377;2.7;0.2
2B;2021-02-01;232;86;5211;463;2.9;0.3
2B;2021-02-02;357;74;5568;537;3.1;0.3
2B;2021-02-03;520;86;6088;623;3.3;0.3
2B;2021-02-04;458;113;6546;736;3.6;0.4
2B;2021-02-05;395;90;6941;826;3.8;0.5
2B;2021-02-06;87;11;7028;837;3.9;0.5
2B;2021-02-07;60;0;7088;837;3.9;0.5
2B;2021-02-08;231;127;7319;964;4.0;0.5
2B;2021-02-09;586;282;7905;1246;4.3;0.7
2B;2021-02-10;485;175;8390;1421;4.6;0.8
2B;2021-02-11;382;111;8772;1532;4.8;0.8
2B;2021-02-12;298;110;9070;1642;5.0;0.9
2B;2021-02-13;77;10;9147;1652;5.0;0.9
2B;2021-02-14;62;1;9209;1653;5.1;0.9
2B;2021-02-15;190;100;9399;1753;5.2;1.0
2B;2021-02-16;253;222;9652;1975;5.3;1.1
2B;2021-02-17;312;258;9964;2233;5.5;1.2
2B;2021-02-18;215;284;10179;2517;5.6;1.4
2B;2021-02-19;163;272;10342;2789;5.7;1.5
2B;2021-02-20;32;42;10374;2831;5.7;1.6
2B;2021-02-21;28;26;10402;2857;5.7;1.6
2B;2021-02-22;133;163;10535;3020;5.8;1.7
2B;2021-02-23;231;312;10766;3332;5.9;1.8
2B;2021-02-24;229;275;10995;3607;6.0;2.0
2B;2021-02-25;245;284;11240;3891;6.2;2.1
2B;2021-02-26;300;247;11540;4138;6.3;2.3
2B;2021-02-27;60;70;11600;4208;6.4;2.3
2B;2021-02-28;1;44;11601;4252;6.4;2.3
2B;2021-03-01;246;247;11847;4499;6.5;2.5
2B;2021-03-02;352;361;12199;4860;6.7;2.7
2B;2021-03-03;299;401;12498;5261;6.9;2.9
2B;2021-03-04;447;381;12945;5642;7.1;3.1
2B;2021-03-05;619;354;13564;5996;7.4;3.3
2B;2021-03-06;682;92;14246;6088;7.8;3.3
2B;2021-03-07;361;59;14607;6147;8.0;3.4
2B;2021-03-08;301;226;14908;6373;8.2;3.5
2B;2021-03-09;384;481;15292;6854;8.4;3.8
2B;2021-03-10;631;423;15923;7277;8.7;4.0
2B;2021-03-11;584;343;16507;7620;9.1;4.2
2B;2021-03-12;968;220;17475;7840;9.6;4.3
2B;2021-03-13;511;99;17986;7939;9.9;4.4
2B;2021-03-14;226;63;18212;8002;10.0;4.4
2B;2021-03-15;515;201;18727;8203;10.3;4.5
2B;2021-03-16;571;271;19298;8474;10.6;4.6
2B;2021-03-17;530;259;19828;8733;10.9;4.8
2B;2021-03-18;551;223;20379;8956;11.2;4.9
2B;2021-03-19;804;193;21183;9149;11.6;5.0
2B;2021-03-20;656;37;21839;9186;12.0;5.0
2B;2021-03-21;428;36;22267;9222;12.2;5.1
2B;2021-03-22;546;123;22813;9345;12.5;5.1
2B;2021-03-23;789;256;23602;9601;12.9;5.3
2B;2021-03-24;831;214;24433;9815;13.4;5.4
2B;2021-03-25;824;163;25257;9978;13.9;5.5
2B;2021-03-26;958;190;26215;10168;14.4;5.6
2B;2021-03-27;1092;36;27307;10204;15.0;5.6
2B;2021-03-28;830;121;28137;10325;15.4;5.7
2B;2021-03-29;745;177;28882;10502;15.8;5.8
2B;2021-03-30;972;327;29854;10829;16.4;5.9
2B;2021-03-31;981;265;30835;11094;16.9;6.1
2B;2021-04-01;1003;226;31838;11320;17.5;6.2
2B;2021-04-02;966;410;32804;11730;18.0;6.4
2B;2021-04-03;1247;153;34051;11883;18.7;6.5
2B;2021-04-04;197;60;34248;11943;18.8;6.6
2B;2021-04-05;109;113;34357;12056;18.9;6.6
2B;2021-04-06;1033;359;35390;12415;19.4;6.8
2B;2021-04-07;1231;428;36621;12843;20.1;7.0
2B;2021-04-08;1129;408;37750;13251;20.7;7.3
2B;2021-04-09;1166;567;38916;13818;21.4;7.6
2B;2021-04-10;1353;266;40269;14084;22.1;7.7
2B;2021-04-11;815;65;41084;14149;22.5;7.8
2B;2021-04-12;853;558;41937;14707;23.0;8.1
2B;2021-04-13;1063;631;43000;15338;23.6;8.4
2B;2021-04-14;1046;494;44046;15832;24.2;8.7
2B;2021-04-15;886;517;44932;16349;24.7;9.0
2B;2021-04-16;910;647;45842;16996;25.2;9.3
2B;2021-04-17;386;447;46228;17443;25.4;9.6
2B;2021-04-18;253;342;46481;17785;25.5;9.8
2B;2021-04-19;822;436;47303;18221;26.0;10.0
2B;2021-04-20;898;843;48201;19064;26.4;10.5
2B;2021-04-21;1056;608;49257;19672;27.0;10.8
2B;2021-04-22;938;732;50195;20404;27.5;11.2
2B;2021-04-23;662;627;50857;21031;27.9;11.5
2B;2021-04-24;287;772;51144;21803;28.1;12.0
2B;2021-04-25;285;477;51429;22280;28.2;12.2
2B;2021-04-26;708;919;52137;23199;28.6;12.7
2B;2021-04-27;965;873;53102;24072;29.1;13.2
2B;2021-04-28;919;861;54021;24933;29.6;13.7
2B;2021-04-29;925;867;54946;25800;30.1;14.2
2B;2021-04-30;1133;831;56079;26631;30.8;14.6
2B;2021-05-01;460;1116;56539;27747;31.0;15.2
2B;2021-05-02;335;244;56874;27991;31.2;15.4
2B;2021-05-03;1017;496;57891;28487;31.8;15.6
2B;2021-05-04;811;1151;58702;29638;32.2;16.3
2B;2021-05-05;801;1377;59503;31015;32.6;17.0
2B;2021-05-06;1287;905;60790;31920;33.4;17.5
2B;2021-05-07;1062;987;61852;32907;33.9;18.1
2B;2021-05-08;459;854;62311;33761;34.2;18.5
2B;2021-05-09;394;683;62705;34444;34.4;18.9
2B;2021-05-10;926;801;63631;35245;34.9;19.3
2B;2021-05-11;933;1162;64564;36407;35.4;20.0
2B;2021-05-12;861;893;65425;37300;35.9;20.5
2B;2021-05-13;1028;376;66453;37676;36.5;20.7
2B;2021-05-14;719;578;67172;38254;36.9;21.0
2B;2021-05-15;701;353;67873;38607;37.2;21.2
2B;2021-05-16;300;180;68173;38787;37.4;21.3
2B;2021-05-17;1003;405;69176;39192;38.0;21.5
2B;2021-05-18;991;383;70167;39575;38.5;21.7
2B;2021-05-19;771;416;70938;39991;38.9;21.9
2B;2021-05-20;673;359;71611;40350;39.3;22.1
2B;2021-05-21;706;502;72317;40852;39.7;22.4
2B;2021-05-22;574;392;72891;41244;40.0;22.6
2B;2021-05-23;170;46;73061;41290;40.1;22.7
2B;2021-05-24;40;115;73101;41405;40.1;22.7
2B;2021-05-25;549;350;73650;41755;40.4;22.9
2B;2021-05-26;544;787;74194;42542;40.7;23.3
2B;2021-05-27;407;1131;74601;43673;40.9;24.0
2B;2021-05-28;553;906;75154;44579;41.2;24.5
2B;2021-05-29;311;353;75465;44932;41.4;24.7
2B;2021-05-30;46;45;75511;44977;41.4;24.7
2B;2021-05-31;376;831;75887;45808;41.6;25.1
2B;2021-06-01;414;1037;76301;46845;41.9;25.7
2B;2021-06-02;364;990;76665;47835;42.1;26.2
2B;2021-06-03;499;806;77164;48641;42.3;26.7
2B;2021-06-04;344;1253;77508;49894;42.5;27.4
2B;2021-06-05;257;491;77765;50385;42.7;27.6
2B;2021-06-06;51;129;77816;50514;42.7;27.7
2B;2021-06-07;283;949;78099;51463;42.9;28.2
2B;2021-06-08;399;1167;78498;52630;43.1;28.9
2B;2021-06-09;519;1177;79017;53807;43.4;29.5
2B;2021-06-10;368;939;79385;54746;43.6;30.0
2B;2021-06-11;432;1272;79817;56018;43.8;30.7
2B;2021-06-12;151;544;79968;56562;43.9;31.0
2B;2021-06-13;27;59;79995;56621;43.9;31.1
2B;2021-06-14;195;1111;80190;57732;44.0;31.7
2B;2021-06-15;345;1219;80535;58951;44.2;32.3
2B;2021-06-16;383;935;80918;59886;44.4;32.9
2B;2021-06-17;403;1047;81321;60933;44.6;33.4
2B;2021-06-18;348;960;81669;61893;44.8;34.0
2B;2021-06-19;144;330;81813;62223;44.9;34.1
2B;2021-06-20;44;194;81857;62417;44.9;34.2
2B;2021-06-21;265;962;82122;63379;45.1;34.8
2B;2021-06-22;317;1115;82439;64494;45.2;35.4
2B;2021-06-23;209;872;82648;65366;45.3;35.9
2B;2021-06-24;337;757;82985;66123;45.5;36.3
2B;2021-06-25;212;1074;83197;67197;45.6;36.9
2B;2021-06-26;105;550;83302;67747;45.7;37.2
2B;2021-06-27;32;215;83334;67962;45.7;37.3
2B;2021-06-28;329;954;83663;68916;45.9;37.8
2B;2021-06-29;270;987;83933;69903;46.1;38.4
2B;2021-06-30;381;950;84314;70853;46.3;38.9
2B;2021-07-01;226;509;84540;71362;46.4;39.2
2B;2021-07-02;219;557;84759;71919;46.5;39.5
2B;2021-07-03;91;397;84850;72316;46.6;39.7
2B;2021-07-04;2;0;84852;72316;46.6;39.7
2B;2021-07-05;264;666;85116;72982;46.7;40.0
2B;2021-07-06;450;707;85566;73689;46.9;40.4
2B;2021-07-07;376;908;85942;74597;47.2;40.9
2B;2021-07-08;183;348;86125;74945;47.3;41.1
2B;2021-07-09;250;376;86375;75321;47.4;41.3
2B;2021-07-10;197;199;86572;75520;47.5;41.4
2B;2021-07-11;13;14;86585;75534;47.5;41.4
2B;2021-07-12;498;747;87083;76281;47.8;41.9
2B;2021-07-13;822;1017;87905;77298;48.2;42.4
2B;2021-07-14;344;100;88249;77398;48.4;42.5
2B;2021-07-15;1272;589;89521;77987;49.1;42.8
2B;2021-07-16;1121;564;90642;78551;49.7;43.1
2B;2021-07-17;711;318;91353;78869;50.1;43.3
2B;2021-07-18;179;49;91532;78918;50.2;43.3
2B;2021-07-19;858;709;92390;79627;50.7;43.7
2B;2021-07-20;1212;682;93602;80309;51.4;44.1
2B;2021-07-21;1396;725;94998;81034;52.1;44.5
2B;2021-07-22;1330;604;96328;81638;52.9;44.8
2B;2021-07-23;1325;502;97653;82140;53.6;45.1
2B;2021-07-24;536;316;98189;82456;53.9;45.2
2B;2021-07-25;203;71;98392;82527;54.0;45.3
2B;2021-07-26;913;632;99305;83159;54.5;45.6
2B;2021-07-27;1579;703;100884;83862;55.4;46.0
2B;2021-07-28;1174;634;102058;84496;56.0;46.4
2B;2021-07-29;1145;449;103203;84945;56.6;46.6
2B;2021-07-30;766;349;103969;85294;57.0;46.8
2B;2021-07-31;539;233;104508;85527;57.3;46.9
2B;2021-08-01;230;57;104738;85584;57.5;47.0
2B;2021-08-02;802;471;105540;86055;57.9;47.2
2B;2021-08-03;1137;785;106677;86840;58.5;47.6
2B;2021-08-04;811;454;107488;87294;59.0;47.9
2B;2021-08-05;1024;558;108512;87852;59.5;48.2
2B;2021-08-06;701;524;109213;88376;59.9;48.5
2B;2021-08-07;306;406;109519;88782;60.1;48.7
2B;2021-08-08;93;142;109612;88924;60.1;48.8
2B;2021-08-09;537;747;110149;89671;60.4;49.2
2B;2021-08-10;737;1133;110886;90804;60.8;49.8
2B;2021-08-11;752;900;111638;91704;61.3;50.3
2B;2021-08-12;691;1046;112329;92750;61.6;50.9
2B;2021-08-13;491;949;112820;93699;61.9;51.4
2B;2021-08-14;200;438;113020;94137;62.0;51.7
2B;2021-08-15;117;173;113137;94310;62.1;51.7
2B;2021-08-16;509;1065;113646;95375;62.4;52.3
2B;2021-08-17;585;1306;114231;96681;62.7;53.0
2B;2021-08-18;509;1194;114740;97875;63.0;53.7
2B;2021-08-19;432;898;115172;98773;63.2;54.2
2B;2021-08-20;365;810;115537;99583;63.4;54.6
2B;2021-08-21;158;475;115695;100058;63.5;54.9
2B;2021-08-22;79;208;115774;100266;63.5;55.0
2B;2021-08-23;371;943;116145;101209;63.7;55.5
2B;2021-08-24;495;1212;116640;102421;64.0;56.2
2B;2021-08-25;342;967;116982;103388;64.2;56.7
2B;2021-08-26;397;816;117379;104204;64.4;57.2
2B;2021-08-27;258;572;117637;104776;64.5;57.5
2B;2021-08-28;166;442;117803;105218;64.6;57.7
2B;2021-08-29;52;126;117855;105344;64.7;57.8
2B;2021-08-30;363;851;118218;106195;64.9;58.3
2B;2021-08-31;378;921;118596;107116;65.1;58.8
2B;2021-09-01;367;986;118963;108102;65.3;59.3
2B;2021-09-02;304;735;119267;108837;65.4;59.7
2B;2021-09-03;218;506;119485;109343;65.6;60.0
2B;2021-09-04;123;352;119608;109695;65.6;60.2
2B;2021-09-05;17;137;119625;109832;65.6;60.3
2B;2021-09-06;162;654;119787;110486;65.7;60.6
2B;2021-09-07;254;981;120041;111467;65.9;61.2
2B;2021-09-08;199;740;120240;112207;66.0;61.6
2B;2021-09-09;180;521;120420;112728;66.1;61.9
2B;2021-09-10;196;483;120616;113211;66.2;62.1
2B;2021-09-11;126;308;120742;113519;66.2;62.3
2B;2021-09-12;17;114;120759;113633;66.3;62.3
2B;2021-09-13;188;533;120947;114166;66.4;62.6
30;2020-12-27;1;0;1;0;0.0;0.0
30;2020-12-28;1;0;2;0;0.0;0.0
30;2020-12-29;0;0;2;0;0.0;0.0
30;2020-12-30;0;0;2;0;0.0;0.0
30;2020-12-31;0;0;2;0;0.0;0.0
30;2021-01-01;0;0;2;0;0.0;0.0
30;2021-01-02;0;0;2;0;0.0;0.0
30;2021-01-03;0;0;2;0;0.0;0.0
30;2021-01-04;1;0;3;0;0.0;0.0
30;2021-01-05;3;0;6;0;0.0;0.0
30;2021-01-06;128;0;134;0;0.0;0.0
30;2021-01-07;313;0;447;0;0.1;0.0
30;2021-01-08;533;0;980;0;0.1;0.0
30;2021-01-09;270;0;1250;0;0.2;0.0
30;2021-01-10;0;0;1250;0;0.2;0.0
30;2021-01-11;537;0;1787;0;0.2;0.0
30;2021-01-12;800;3;2587;3;0.3;0.0
30;2021-01-13;640;0;3227;3;0.4;0.0
30;2021-01-14;652;5;3879;8;0.5;0.0
30;2021-01-15;756;2;4635;10;0.6;0.0
30;2021-01-16;313;0;4948;10;0.7;0.0
30;2021-01-17;3;0;4951;10;0.7;0.0
30;2021-01-18;944;5;5895;15;0.8;0.0
30;2021-01-19;1735;6;7630;21;1.0;0.0
30;2021-01-20;1304;2;8934;23;1.2;0.0
30;2021-01-21;1229;2;10163;25;1.4;0.0
30;2021-01-22;1078;6;11241;31;1.5;0.0
30;2021-01-23;634;2;11875;33;1.6;0.0
30;2021-01-24;0;0;11875;33;1.6;0.0
30;2021-01-25;831;4;12706;37;1.7;0.0
30;2021-01-26;1059;15;13765;52;1.8;0.0
30;2021-01-27;982;107;14747;159;2.0;0.0
30;2021-01-28;713;254;15460;413;2.1;0.1
30;2021-01-29;669;426;16129;839;2.2;0.1
30;2021-01-30;472;266;16601;1105;2.2;0.1
30;2021-01-31;3;6;16604;1111;2.2;0.1
30;2021-02-01;816;409;17420;1520;2.3;0.2
30;2021-02-02;1876;660;19296;2180;2.6;0.3
30;2021-02-03;1185;466;20481;2646;2.7;0.4
30;2021-02-04;968;604;21449;3250;2.9;0.4
30;2021-02-05;599;709;22048;3959;2.9;0.5
30;2021-02-06;294;220;22342;4179;3.0;0.6
30;2021-02-07;2;8;22344;4187;3.0;0.6
30;2021-02-08;574;631;22918;4818;3.1;0.6
30;2021-02-09;984;938;23902;5756;3.2;0.8
30;2021-02-10;986;1000;24888;6756;3.3;0.9
30;2021-02-11;929;957;25817;7713;3.4;1.0
30;2021-02-12;619;896;26436;8609;3.5;1.2
30;2021-02-13;436;313;26872;8922;3.6;1.2
30;2021-02-14;3;21;26875;8943;3.6;1.2
30;2021-02-15;450;504;27325;9447;3.7;1.3
30;2021-02-16;460;740;27785;10187;3.7;1.4
30;2021-02-17;682;532;28467;10719;3.8;1.4
30;2021-02-18;796;440;29263;11159;3.9;1.5
30;2021-02-19;574;588;29837;11747;4.0;1.6
30;2021-02-20;223;182;30060;11929;4.0;1.6
30;2021-02-21;5;3;30065;11932;4.0;1.6
30;2021-02-22;501;670;30566;12602;4.1;1.7
30;2021-02-23;973;1373;31539;13975;4.2;1.9
30;2021-02-24;929;1039;32468;15014;4.3;2.0
30;2021-02-25;1209;794;33677;15808;4.5;2.1
30;2021-02-26;1337;502;35014;16310;4.7;2.2
30;2021-02-27;564;479;35578;16789;4.8;2.2
30;2021-02-28;3;7;35581;16796;4.8;2.2
30;2021-03-01;1340;761;36921;17557;4.9;2.3
30;2021-03-02;1713;827;38634;18384;5.2;2.5
30;2021-03-03;2310;711;40944;19095;5.5;2.6
30;2021-03-04;2638;810;43582;19905;5.8;2.7
30;2021-03-05;2765;574;46347;20479;6.2;2.7
30;2021-03-06;2997;324;49344;20803;6.6;2.8
30;2021-03-07;1862;47;51206;20850;6.8;2.8
30;2021-03-08;1555;725;52761;21575;7.0;2.9
30;2021-03-09;2276;823;55037;22398;7.4;3.0
30;2021-03-10;2359;616;57396;23014;7.7;3.1
30;2021-03-11;3056;679;60452;23693;8.1;3.2
30;2021-03-12;3115;373;63567;24066;8.5;3.2
30;2021-03-13;2227;284;65794;24350;8.8;3.3
30;2021-03-14;83;3;65877;24353;8.8;3.3
30;2021-03-15;1579;548;67456;24901;9.0;3.3
30;2021-03-16;1299;1022;68755;25923;9.2;3.5
30;2021-03-17;1456;630;70211;26553;9.4;3.5
30;2021-03-18;1649;705;71860;27258;9.6;3.6
30;2021-03-19;2250;538;74110;27796;9.9;3.7
30;2021-03-20;1401;142;75511;27938;10.1;3.7
30;2021-03-21;58;8;75569;27946;10.1;3.7
30;2021-03-22;2397;712;77966;28658;10.4;3.8
30;2021-03-23;3512;798;81478;29456;10.9;3.9
30;2021-03-24;3638;812;85116;30268;11.4;4.0
30;2021-03-25;4406;839;89522;31107;12.0;4.2
30;2021-03-26;4363;642;93885;31749;12.5;4.2
30;2021-03-27;1971;377;95856;32126;12.8;4.3
30;2021-03-28;35;29;95891;32155;12.8;4.3
30;2021-03-29;2817;1643;98708;33798;13.2;4.5
30;2021-03-30;3778;1871;102486;35669;13.7;4.8
30;2021-03-31;3507;1639;105993;37308;14.2;5.0
30;2021-04-01;4016;1466;110009;38774;14.7;5.2
30;2021-04-02;3605;1222;113614;39996;15.2;5.3
30;2021-04-03;1063;1218;114677;41214;15.3;5.5
30;2021-04-04;30;188;114707;41402;15.3;5.5
30;2021-04-05;766;289;115473;41691;15.4;5.6
30;2021-04-06;3044;1577;118517;43268;15.8;5.8
30;2021-04-07;2720;1629;121237;44897;16.2;6.0
30;2021-04-08;3923;1485;125160;46382;16.7;6.2
30;2021-04-09;4889;1514;130049;47896;17.4;6.4
30;2021-04-10;2427;1175;132476;49071;17.7;6.6
30;2021-04-11;950;59;133426;49130;17.8;6.6
30;2021-04-12;3146;1489;136572;50619;18.2;6.8
30;2021-04-13;4019;1930;140591;52549;18.8;7.0
30;2021-04-14;3387;1542;143978;54091;19.2;7.2
30;2021-04-15;3830;1469;147808;55560;19.7;7.4
30;2021-04-16;3703;1543;151511;57103;20.2;7.6
30;2021-04-17;1493;950;153004;58053;20.4;7.8
30;2021-04-18;961;67;153965;58120;20.6;7.8
30;2021-04-19;2450;2295;156415;60415;20.9;8.1
30;2021-04-20;2816;2828;159231;63243;21.3;8.4
30;2021-04-21;2603;2570;161834;65813;21.6;8.8
30;2021-04-22;3527;2317;165361;68130;22.1;9.1
30;2021-04-23;3583;2300;168944;70430;22.6;9.4
30;2021-04-24;1347;1229;170291;71659;22.8;9.6
30;2021-04-25;748;90;171039;71749;22.9;9.6
30;2021-04-26;2019;2387;173058;74136;23.1;9.9
30;2021-04-27;2952;2594;176010;76730;23.5;10.3
30;2021-04-28;2838;2486;178848;79216;23.9;10.6
30;2021-04-29;3621;2319;182469;81535;24.4;10.9
30;2021-04-30;3409;2013;185878;83548;24.8;11.2
30;2021-05-01;1749;603;187627;84151;25.1;11.2
30;2021-05-02;665;245;188292;84396;25.2;11.3
30;2021-05-03;3758;2502;192050;86898;25.7;11.6
30;2021-05-04;3986;3540;196036;90438;26.2;12.1
30;2021-05-05;3947;3117;199983;93555;26.7;12.5
30;2021-05-06;4205;3364;204188;96919;27.3;12.9
30;2021-05-07;4079;3060;208267;99979;27.8;13.4
30;2021-05-08;1605;722;209872;100701;28.0;13.5
30;2021-05-09;372;613;210244;101314;28.1;13.5
30;2021-05-10;2921;3113;213165;104427;28.5;14.0
30;2021-05-11;5388;3645;218553;108072;29.2;14.4
30;2021-05-12;5303;3216;223856;111288;29.9;14.9
30;2021-05-13;3232;1027;227088;112315;30.3;15.0
30;2021-05-14;4892;2460;231980;114775;31.0;15.3
30;2021-05-15;3408;1206;235388;115981;31.4;15.5
30;2021-05-16;397;338;235785;116319;31.5;15.5
30;2021-05-17;3798;3031;239583;119350;32.0;15.9
30;2021-05-18;4828;3032;244411;122382;32.7;16.4
30;2021-05-19;4775;2546;249186;124928;33.3;16.7
30;2021-05-20;5015;2573;254201;127501;34.0;17.0
30;2021-05-21;4888;2471;259089;129972;34.6;17.4
30;2021-05-22;3158;1286;262247;131258;35.0;17.5
30;2021-05-23;288;344;262535;131602;35.1;17.6
30;2021-05-24;786;766;263321;132368;35.2;17.7
30;2021-05-25;2657;3157;265978;135525;35.5;18.1
30;2021-05-26;2889;2572;268867;138097;35.9;18.5
30;2021-05-27;3761;2708;272628;140805;36.4;18.8
30;2021-05-28;3326;3250;275954;144055;36.9;19.2
30;2021-05-29;1687;1794;277641;145849;37.1;19.5
30;2021-05-30;360;584;278001;146433;37.1;19.6
30;2021-05-31;2830;2293;280831;148726;37.5;19.9
30;2021-06-01;3659;2792;284490;151518;38.0;20.2
30;2021-06-02;3320;2452;287810;153970;38.5;20.6
30;2021-06-03;4132;3343;291942;157313;39.0;21.0
30;2021-06-04;3904;3394;295846;160707;39.5;21.5
30;2021-06-05;1907;1315;297753;162022;39.8;21.6
30;2021-06-06;684;264;298437;162286;39.9;21.7
30;2021-06-07;4725;2525;303162;164811;40.5;22.0
30;2021-06-08;4833;3326;307995;168137;41.2;22.5
30;2021-06-09;4155;2990;312150;171127;41.7;22.9
30;2021-06-10;4612;3355;316762;174482;42.3;23.3
30;2021-06-11;4587;3807;321349;178289;42.9;23.8
30;2021-06-12;2485;1710;323834;179999;43.3;24.0
30;2021-06-13;494;344;324328;180343;43.3;24.1
30;2021-06-14;2470;4710;326798;185053;43.7;24.7
30;2021-06-15;3199;5309;329997;190362;44.1;25.4
30;2021-06-16;3108;4644;333105;195006;44.5;26.1
30;2021-06-17;3923;4371;337028;199377;45.0;26.6
30;2021-06-18;3714;4697;340742;204074;45.5;27.3
30;2021-06-19;1441;2004;342183;206078;45.7;27.5
30;2021-06-20;357;490;342540;206568;45.8;27.6
30;2021-06-21;2380;4911;344920;211479;46.1;28.3
30;2021-06-22;2365;5741;347285;217220;46.4;29.0
30;2021-06-23;2529;5343;349814;222563;46.7;29.7
30;2021-06-24;2339;4707;352153;227270;47.0;30.4
30;2021-06-25;2611;5601;354764;232871;47.4;31.1
30;2021-06-26;909;2939;355673;235810;47.5;31.5
30;2021-06-27;222;527;355895;236337;47.5;31.6
30;2021-06-28;1670;6027;357565;242364;47.8;32.4
30;2021-06-29;1837;6025;359402;248389;48.0;33.2
30;2021-06-30;2003;5255;361405;253644;48.3;33.9
30;2021-07-01;2988;4718;364393;258362;48.7;34.5
30;2021-07-02;2836;4629;367229;262991;49.1;35.1
30;2021-07-03;1155;3047;368384;266038;49.2;35.5
30;2021-07-04;116;393;368500;266431;49.2;35.6
30;2021-07-05;2027;4029;370527;270460;49.5;36.1
30;2021-07-06;2666;4972;373193;275432;49.9;36.8
30;2021-07-07;2539;4220;375732;279652;50.2;37.4
30;2021-07-08;2016;3421;377748;283073;50.5;37.8
30;2021-07-09;2410;5315;380158;288388;50.8;38.5
30;2021-07-10;1505;2156;381663;290544;51.0;38.8
30;2021-07-11;48;415;381711;290959;51.0;38.9
30;2021-07-12;2528;5150;384239;296109;51.3;39.6
30;2021-07-13;3302;6036;387541;302145;51.8;40.4
30;2021-07-14;501;551;388042;302696;51.8;40.4
30;2021-07-15;4137;5477;392179;308173;52.4;41.2
30;2021-07-16;4987;5727;397166;313900;53.1;41.9
30;2021-07-17;1706;2467;398872;316367;53.3;42.3
30;2021-07-18;146;601;399018;316968;53.3;42.3
30;2021-07-19;3374;6309;402392;323277;53.8;43.2
30;2021-07-20;4642;6521;407034;329798;54.4;44.1
30;2021-07-21;4063;5413;411097;335211;54.9;44.8
30;2021-07-22;4901;5738;415998;340949;55.6;45.6
30;2021-07-23;5001;5865;420999;346814;56.2;46.3
30;2021-07-24;2241;3261;423240;350075;56.5;46.8
30;2021-07-25;137;309;423377;350384;56.6;46.8
30;2021-07-26;4418;4129;427795;354513;57.2;47.4
30;2021-07-27;4860;4650;432655;359163;57.8;48.0
30;2021-07-28;4880;4023;437535;363186;58.5;48.5
30;2021-07-29;5927;4135;443462;367321;59.2;49.1
30;2021-07-30;5346;4389;448808;371710;60.0;49.7
30;2021-07-31;2653;1965;451461;373675;60.3;49.9
30;2021-08-01;734;312;452195;373987;60.4;50.0
30;2021-08-02;3685;4016;455880;378003;60.9;50.5
30;2021-08-03;4886;3952;460766;381955;61.6;51.0
30;2021-08-04;5280;3055;466046;385010;62.3;51.4
30;2021-08-05;4618;3787;470664;388797;62.9;51.9
30;2021-08-06;4293;4055;474957;392852;63.5;52.5
30;2021-08-07;1841;1952;476798;394804;63.7;52.7
30;2021-08-08;619;280;477417;395084;63.8;52.8
30;2021-08-09;3344;3758;480761;398842;64.2;53.3
30;2021-08-10;3928;4403;484689;403245;64.8;53.9
30;2021-08-11;3402;3481;488091;406726;65.2;54.3
30;2021-08-12;3762;4217;491853;410943;65.7;54.9
30;2021-08-13;3307;3339;495160;414282;66.2;55.4
30;2021-08-14;1131;2050;496291;416332;66.3;55.6
30;2021-08-15;270;176;496561;416508;66.3;55.6
30;2021-08-16;2204;4865;498765;421373;66.6;56.3
30;2021-08-17;2744;4197;501509;425570;67.0;56.9
30;2021-08-18;2812;3835;504321;429405;67.4;57.4
30;2021-08-19;2853;4318;507174;433723;67.8;57.9
30;2021-08-20;2602;4461;509776;438184;68.1;58.5
30;2021-08-21;1017;2887;510793;441071;68.2;58.9
30;2021-08-22;226;516;511019;441587;68.3;59.0
30;2021-08-23;1682;4475;512701;446062;68.5;59.6
30;2021-08-24;1943;4522;514644;450584;68.8;60.2
30;2021-08-25;1680;4343;516324;454927;69.0;60.8
30;2021-08-26;1843;4253;518167;459180;69.2;61.3
30;2021-08-27;1761;4354;519928;463534;69.5;61.9
30;2021-08-28;679;2474;520607;466008;69.6;62.3
30;2021-08-29;181;613;520788;466621;69.6;62.3
30;2021-08-30;1405;4306;522193;470927;69.8;62.9
30;2021-08-31;1324;4186;523517;475113;69.9;63.5
30;2021-09-01;1235;3624;524752;478737;70.1;64.0
30;2021-09-02;1350;3584;526102;482321;70.3;64.4
30;2021-09-03;1499;4147;527601;486468;70.5;65.0
30;2021-09-04;682;1927;528283;488395;70.6;65.3
30;2021-09-05;136;495;528419;488890;70.6;65.3
30;2021-09-06;730;2686;529149;491576;70.7;65.7
30;2021-09-07;693;2595;529842;494171;70.8;66.0
30;2021-09-08;859;2807;530701;496978;70.9;66.4
30;2021-09-09;890;2487;531591;499465;71.0;66.7
30;2021-09-10;918;2998;532509;502463;71.1;67.1
30;2021-09-11;521;1657;533030;504120;71.2;67.4
30;2021-09-12;85;219;533115;504339;71.2;67.4
30;2021-09-13;663;1948;533778;506287;71.3;67.6
31;2020-12-27;0;0;0;0;0.0;0.0
31;2020-12-28;1;0;1;0;0.0;0.0
31;2020-12-29;0;0;1;0;0.0;0.0
31;2020-12-30;0;0;1;0;0.0;0.0
31;2020-12-31;1;0;2;0;0.0;0.0
31;2021-01-01;4;0;6;0;0.0;0.0
31;2021-01-02;0;0;6;0;0.0;0.0
31;2021-01-03;2;0;8;0;0.0;0.0
31;2021-01-04;5;0;13;0;0.0;0.0
31;2021-01-05;50;0;63;0;0.0;0.0
31;2021-01-06;211;1;274;1;0.0;0.0
31;2021-01-07;284;1;558;2;0.0;0.0
31;2021-01-08;546;1;1104;3;0.1;0.0
31;2021-01-09;275;0;1379;3;0.1;0.0
31;2021-01-10;286;0;1665;3;0.1;0.0
31;2021-01-11;983;3;2648;6;0.2;0.0
31;2021-01-12;1193;1;3841;7;0.3;0.0
31;2021-01-13;1158;3;4999;10;0.4;0.0
31;2021-01-14;1179;18;6178;28;0.4;0.0
31;2021-01-15;1047;3;7225;31;0.5;0.0
31;2021-01-16;243;1;7468;32;0.5;0.0
31;2021-01-17;176;0;7644;32;0.5;0.0
31;2021-01-18;1615;5;9259;37;0.7;0.0
31;2021-01-19;2936;10;12195;47;0.9;0.0
31;2021-01-20;3670;12;15865;59;1.1;0.0
31;2021-01-21;2994;7;18859;66;1.3;0.0
31;2021-01-22;2274;5;21133;71;1.5;0.0
31;2021-01-23;728;2;21861;73;1.6;0.0
31;2021-01-24;212;1;22073;74;1.6;0.0
31;2021-01-25;1744;9;23817;83;1.7;0.0
31;2021-01-26;1839;38;25656;121;1.8;0.0
31;2021-01-27;1575;140;27231;261;1.9;0.0
31;2021-01-28;1385;284;28616;545;2.0;0.0
31;2021-01-29;1359;317;29975;862;2.1;0.1
31;2021-01-30;446;168;30421;1030;2.2;0.1
31;2021-01-31;61;191;30482;1221;2.2;0.1
31;2021-02-01;1182;684;31664;1905;2.3;0.1
31;2021-02-02;3046;763;34710;2668;2.5;0.2
31;2021-02-03;1922;740;36632;3408;2.6;0.2
31;2021-02-04;1813;815;38445;4223;2.7;0.3
31;2021-02-05;1342;542;39787;4765;2.8;0.3
31;2021-02-06;383;52;40170;4817;2.9;0.3
31;2021-02-07;37;37;40207;4854;2.9;0.3
31;2021-02-08;1115;612;41322;5466;2.9;0.4
31;2021-02-09;1679;1500;43001;6966;3.1;0.5
31;2021-02-10;1961;2293;44962;9259;3.2;0.7
31;2021-02-11;1814;1768;46776;11027;3.3;0.8
31;2021-02-12;1539;749;48315;11776;3.4;0.8
31;2021-02-13;504;216;48819;11992;3.5;0.9
31;2021-02-14;56;192;48875;12184;3.5;0.9
31;2021-02-15;444;1079;49319;13263;3.5;0.9
31;2021-02-16;464;1285;49783;14548;3.6;1.0
31;2021-02-17;471;1343;50254;15891;3.6;1.1
31;2021-02-18;476;1418;50730;17309;3.6;1.2
31;2021-02-19;393;1304;51123;18613;3.6;1.3
31;2021-02-20;69;417;51192;19030;3.7;1.4
31;2021-02-21;77;146;51269;19176;3.7;1.4
31;2021-02-22;433;1470;51702;20646;3.7;1.5
31;2021-02-23;865;2756;52567;23402;3.8;1.7
31;2021-02-24;652;1942;53219;25344;3.8;1.8
31;2021-02-25;1434;1638;54653;26982;3.9;1.9
31;2021-02-26;1711;1002;56364;27984;4.0;2.0
31;2021-02-27;638;309;57002;28293;4.1;2.0
31;2021-02-28;78;54;57080;28347;4.1;2.0
31;2021-03-01;874;963;57954;29310;4.1;2.1
31;2021-03-02;1240;1465;59194;30775;4.2;2.2
31;2021-03-03;1354;1637;60548;32412;4.3;2.3
31;2021-03-04;2424;1328;62972;33740;4.5;2.4
31;2021-03-05;3054;1455;66026;35195;4.7;2.5
31;2021-03-06;2835;357;68861;35552;4.9;2.5
31;2021-03-07;5368;110;74229;35662;5.3;2.5
31;2021-03-08;1599;985;75828;36647;5.4;2.6
31;2021-03-09;2792;1062;78620;37709;5.6;2.7
31;2021-03-10;2574;1014;81194;38723;5.8;2.8
31;2021-03-11;4380;1077;85574;39800;6.1;2.8
31;2021-03-12;5316;1113;90890;40913;6.5;2.9
31;2021-03-13;2838;482;93728;41395;6.7;3.0
31;2021-03-14;235;49;93963;41444;6.7;3.0
31;2021-03-15;2583;415;96546;41859;6.9;3.0
31;2021-03-16;1747;797;98293;42656;7.0;3.0
31;2021-03-17;1657;548;99950;43204;7.1;3.1
31;2021-03-18;1988;700;101938;43904;7.3;3.1
31;2021-03-19;3187;518;105125;44422;7.5;3.2
31;2021-03-20;1797;135;106922;44557;7.6;3.2
31;2021-03-21;210;35;107132;44592;7.6;3.2
31;2021-03-22;2580;364;109712;44956;7.8;3.2
31;2021-03-23;4056;317;113768;45273;8.1;3.2
31;2021-03-24;4357;290;118125;45563;8.4;3.3
31;2021-03-25;6040;523;124165;46086;8.9;3.3
31;2021-03-26;5466;505;129631;46591;9.3;3.3
31;2021-03-27;4350;208;133981;46799;9.6;3.3
31;2021-03-28;2291;48;136272;46847;9.7;3.3
31;2021-03-29;4207;430;140479;47277;10.0;3.4
31;2021-03-30;6597;553;147076;47830;10.5;3.4
31;2021-03-31;5651;380;152727;48210;10.9;3.4
31;2021-04-01;6967;553;159694;48763;11.4;3.5
31;2021-04-02;6102;574;165796;49337;11.8;3.5
31;2021-04-03;3929;151;169725;49488;12.1;3.5
31;2021-04-04;2060;113;171785;49601;12.3;3.5
31;2021-04-05;481;70;172266;49671;12.3;3.5
31;2021-04-06;4166;1144;176432;50815;12.6;3.6
31;2021-04-07;5987;982;182419;51797;13.0;3.7
31;2021-04-08;7568;1038;189987;52835;13.6;3.8
31;2021-04-09;8387;1256;198374;54091;14.2;3.9
31;2021-04-10;4717;543;203091;54634;14.5;3.9
31;2021-04-11;2068;137;205159;54771;14.6;3.9
31;2021-04-12;6000;1834;211159;56605;15.1;4.0
31;2021-04-13;8041;2015;219200;58620;15.6;4.2
31;2021-04-14;6653;1908;225853;60528;16.1;4.3
31;2021-04-15;7773;2238;233626;62766;16.7;4.5
31;2021-04-16;7182;2095;240808;64861;17.2;4.6
31;2021-04-17;4414;905;245222;65766;17.5;4.7
31;2021-04-18;2513;354;247735;66120;17.7;4.7
31;2021-04-19;5220;2023;252955;68143;18.1;4.9
31;2021-04-20;6073;2838;259028;70981;18.5;5.1
31;2021-04-21;5974;2787;265002;73768;18.9;5.3
31;2021-04-22;6381;3239;271383;77007;19.4;5.5
31;2021-04-23;6283;2548;277666;79555;19.8;5.7
31;2021-04-24;1615;3138;279281;82693;19.9;5.9
31;2021-04-25;688;2091;279969;84784;20.0;6.1
31;2021-04-26;3794;3217;283763;88001;20.3;6.3
31;2021-04-27;4517;3881;288280;91882;20.6;6.6
31;2021-04-28;4544;3558;292824;95440;20.9;6.8
31;2021-04-29;5184;4058;298008;99498;21.3;7.1
31;2021-04-30;5037;4122;303045;103620;21.6;7.4
31;2021-05-01;1487;3117;304532;106737;21.7;7.6
31;2021-05-02;1414;1980;305946;108717;21.8;7.8
31;2021-05-03;5658;2419;311604;111136;22.2;7.9
31;2021-05-04;4779;4739;316383;115875;22.6;8.3
31;2021-05-05;2996;5713;319379;121588;22.8;8.7
31;2021-05-06;3636;7375;323015;128963;23.1;9.2
31;2021-05-07;5258;7148;328273;136111;23.4;9.7
31;2021-05-08;3634;3104;331907;139215;23.7;9.9
31;2021-05-09;3760;2308;335667;141523;24.0;10.1
31;2021-05-10;5685;5474;341352;146997;24.4;10.5
31;2021-05-11;6653;6683;348005;153680;24.8;11.0
31;2021-05-12;6172;5931;354177;159611;25.3;11.4
31;2021-05-13;4643;2064;358820;161675;25.6;11.5
31;2021-05-14;6912;3975;365732;165650;26.1;11.8
31;2021-05-15;5144;1753;370876;167403;26.5;11.9
31;2021-05-16;3301;633;374177;168036;26.7;12.0
31;2021-05-17;5144;4149;379321;172185;27.1;12.3
31;2021-05-18;5589;4269;384910;176454;27.5;12.6
31;2021-05-19;5783;3760;390693;180214;27.9;12.9
31;2021-05-20;6475;4791;397168;185005;28.4;13.2
31;2021-05-21;5985;4598;403153;189603;28.8;13.5
31;2021-05-22;4085;1628;407238;191231;29.1;13.7
31;2021-05-23;3585;342;410823;191573;29.3;13.7
31;2021-05-24;3880;707;414703;192280;29.6;13.7
31;2021-05-25;6191;3606;420894;195886;30.0;14.0
31;2021-05-26;5611;4642;426505;200528;30.4;14.3
31;2021-05-27;4789;6187;431294;206715;30.8;14.8
31;2021-05-28;4118;6348;435412;213063;31.1;15.2
31;2021-05-29;1918;4024;437330;217087;31.2;15.5
31;2021-05-30;751;2361;438081;219448;31.3;15.7
31;2021-05-31;4399;5073;442480;224521;31.6;16.0
31;2021-06-01;5955;6559;448435;231080;32.0;16.5
31;2021-06-02;5801;6299;454236;237379;32.4;16.9
31;2021-06-03;7308;8134;461544;245513;32.9;17.5
31;2021-06-04;7545;7152;469089;252665;33.5;18.0
31;2021-06-05;9079;2770;478168;255435;34.1;18.2
31;2021-06-06;8115;1581;486283;257016;34.7;18.3
31;2021-06-07;7989;5471;494272;262487;35.3;18.7
31;2021-06-08;9109;6043;503381;268530;35.9;19.2
31;2021-06-09;8920;5551;512301;274081;36.6;19.6
31;2021-06-10;9784;6352;522085;280433;37.3;20.0
31;2021-06-11;10050;6632;532135;287065;38.0;20.5
31;2021-06-12;8791;3020;540926;290085;38.6;20.7
31;2021-06-13;8376;2018;549302;292103;39.2;20.9
31;2021-06-14;8433;6730;557735;298833;39.8;21.3
31;2021-06-15;9780;7448;567515;306281;40.5;21.9
31;2021-06-16;8739;5255;576254;311536;41.1;22.2
31;2021-06-17;8279;6605;584533;318141;41.7;22.7
31;2021-06-18;8554;7752;593087;325893;42.3;23.3
31;2021-06-19;7367;5437;600454;331330;42.9;23.7
31;2021-06-20;5575;3726;606029;335056;43.3;23.9
31;2021-06-21;5377;6918;611406;341974;43.6;24.4
31;2021-06-22;4989;8226;616395;350200;44.0;25.0
31;2021-06-23;5111;7282;621506;357482;44.4;25.5
31;2021-06-24;4635;8324;626141;365806;44.7;26.1
31;2021-06-25;5018;9313;631159;375119;45.1;26.8
31;2021-06-26;4283;6399;635442;381518;45.4;27.2
31;2021-06-27;3598;4108;639040;385626;45.6;27.5
31;2021-06-28;4101;6643;643141;392269;45.9;28.0
31;2021-06-29;3799;7562;646940;399831;46.2;28.5
31;2021-06-30;4281;7813;651221;407644;46.5;29.1
31;2021-07-01;4095;8465;655316;416109;46.8;29.7
31;2021-07-02;4109;9326;659425;425435;47.1;30.4
31;2021-07-03;4101;6111;663526;431546;47.4;30.8
31;2021-07-04;3206;4811;666732;436357;47.6;31.1
31;2021-07-05;4055;7096;670787;443453;47.9;31.7
31;2021-07-06;3889;8363;674676;451816;48.2;32.3
31;2021-07-07;3963;7962;678639;459778;48.4;32.8
31;2021-07-08;4055;8537;682694;468315;48.7;33.4
31;2021-07-09;4464;8801;687158;477116;49.0;34.1
31;2021-07-10;3919;5492;691077;482608;49.3;34.4
31;2021-07-11;3138;4138;694215;486746;49.6;34.7
31;2021-07-12;3826;8633;698041;495379;49.8;35.4
31;2021-07-13;6922;9441;704963;504820;50.3;36.0
31;2021-07-14;6168;3936;711131;508756;50.8;36.3
31;2021-07-15;8522;9449;719653;518205;51.4;37.0
31;2021-07-16;7779;9912;727432;528117;51.9;37.7
31;2021-07-17;8366;10554;735798;538671;52.5;38.5
31;2021-07-18;6628;9472;742426;548143;53.0;39.1
31;2021-07-19;4793;10772;747219;558915;53.3;39.9
31;2021-07-20;7165;11480;754384;570395;53.8;40.7
31;2021-07-21;7044;11528;761428;581923;54.4;41.5
31;2021-07-22;8165;11758;769593;593681;54.9;42.4
31;2021-07-23;7475;11809;777068;605490;55.5;43.2
31;2021-07-24;10317;10568;787385;616058;56.2;44.0
31;2021-07-25;7568;8803;794953;624861;56.7;44.6
31;2021-07-26;5520;9544;800473;634405;57.1;45.3
31;2021-07-27;7968;9197;808441;643602;57.7;45.9
31;2021-07-28;8683;8281;817124;651883;58.3;46.5
31;2021-07-29;8855;8048;825979;659931;59.0;47.1
31;2021-07-30;7671;7985;833650;667916;59.5;47.7
31;2021-07-31;6017;7391;839667;675307;59.9;48.2
31;2021-08-01;4434;4302;844101;679609;60.3;48.5
31;2021-08-02;5486;5418;849587;685027;60.6;48.9
31;2021-08-03;5857;5186;855444;690213;61.1;49.3
31;2021-08-04;5923;4803;861367;695016;61.5;49.6
31;2021-08-05;5584;7228;866951;702244;61.9;50.1
31;2021-08-06;5300;7344;872251;709588;62.3;50.7
31;2021-08-07;4597;6649;876848;716237;62.6;51.1
31;2021-08-08;3386;5576;880234;721813;62.8;51.5
31;2021-08-09;4392;7010;884626;728823;63.1;52.0
31;2021-08-10;4679;6279;889305;735102;63.5;52.5
31;2021-08-11;4523;5857;893828;740959;63.8;52.9
31;2021-08-12;4522;6751;898350;747710;64.1;53.4
31;2021-08-13;4156;6198;902506;753908;64.4;53.8
31;2021-08-14;3034;6458;905540;760366;64.6;54.3
31;2021-08-15;1298;4095;906838;764461;64.7;54.6
31;2021-08-16;3214;8119;910052;772580;65.0;55.1
31;2021-08-17;3429;7098;913481;779678;65.2;55.7
31;2021-08-18;3310;7001;916791;786679;65.4;56.2
31;2021-08-19;2978;6990;919769;793669;65.7;56.7
31;2021-08-20;2971;7391;922740;801060;65.9;57.2
31;2021-08-21;1974;6797;924714;807857;66.0;57.7
31;2021-08-22;1489;5634;926203;813491;66.1;58.1
31;2021-08-23;2328;7724;928531;821215;66.3;58.6
31;2021-08-24;2542;6168;931073;827383;66.5;59.1
31;2021-08-25;2355;5728;933428;833111;66.6;59.5
31;2021-08-26;2261;5794;935689;838905;66.8;59.9
31;2021-08-27;2350;6662;938039;845567;67.0;60.4
31;2021-08-28;1826;6786;939865;852353;67.1;60.8
31;2021-08-29;1270;5064;941135;857417;67.2;61.2
31;2021-08-30;2113;6629;943248;864046;67.3;61.7
31;2021-08-31;2246;5564;945494;869610;67.5;62.1
31;2021-09-01;1678;5055;947172;874665;67.6;62.4
31;2021-09-02;1746;4523;948918;879188;67.7;62.8
31;2021-09-03;1768;5208;950686;884396;67.9;63.1
31;2021-09-04;1993;5929;952679;890325;68.0;63.6
31;2021-09-05;1126;2403;953805;892728;68.1;63.7
31;2021-09-06;1358;3604;955163;896332;68.2;64.0
31;2021-09-07;1241;3351;956404;899683;68.3;64.2
31;2021-09-08;1403;3953;957807;903636;68.4;64.5
31;2021-09-09;1070;3102;958877;906738;68.4;64.7
31;2021-09-10;1631;3950;960508;910688;68.6;65.0
31;2021-09-11;1276;3983;961784;914671;68.7;65.3
31;2021-09-12;539;1814;962323;916485;68.7;65.4
31;2021-09-13;979;2595;963302;919080;68.8;65.6
32;2020-12-27;0;0;0;0;0.0;0.0
32;2020-12-28;0;0;0;0;0.0;0.0
32;2020-12-29;0;0;0;0;0.0;0.0
32;2020-12-30;0;0;0;0;0.0;0.0
32;2020-12-31;0;0;0;0;0.0;0.0
32;2021-01-01;0;0;0;0;0.0;0.0
32;2021-01-02;0;0;0;0;0.0;0.0
32;2021-01-03;1;0;1;0;0.0;0.0
32;2021-01-04;3;0;4;0;0.0;0.0
32;2021-01-05;1;0;5;0;0.0;0.0
32;2021-01-06;2;0;7;0;0.0;0.0
32;2021-01-07;155;0;162;0;0.1;0.0
32;2021-01-08;70;0;232;0;0.1;0.0
32;2021-01-09;5;0;237;0;0.1;0.0
32;2021-01-10;1;0;238;0;0.1;0.0
32;2021-01-11;11;0;249;0;0.1;0.0
32;2021-01-12;96;0;345;0;0.2;0.0
32;2021-01-13;325;1;670;1;0.4;0.0
32;2021-01-14;378;3;1048;4;0.6;0.0
32;2021-01-15;448;2;1496;6;0.8;0.0
32;2021-01-16;16;2;1512;8;0.8;0.0
32;2021-01-17;1;0;1513;8;0.8;0.0
32;2021-01-18;345;1;1858;9;1.0;0.0
32;2021-01-19;418;0;2276;9;1.2;0.0
32;2021-01-20;358;0;2634;9;1.4;0.0
32;2021-01-21;582;0;3216;9;1.7;0.0
32;2021-01-22;372;0;3588;9;1.9;0.0
32;2021-01-23;180;0;3768;9;2.0;0.0
32;2021-01-24;5;0;3773;9;2.0;0.0
32;2021-01-25;468;1;4241;10;2.2;0.0
32;2021-01-26;608;0;4849;10;2.6;0.0
32;2021-01-27;702;4;5551;14;2.9;0.0
32;2021-01-28;687;12;6238;26;3.3;0.0
32;2021-01-29;460;49;6698;75;3.5;0.0
32;2021-01-30;260;0;6958;75;3.7;0.0
32;2021-01-31;4;5;6962;80;3.7;0.0
32;2021-02-01;289;57;7251;137;3.8;0.1
32;2021-02-02;638;135;7889;272;4.2;0.1
32;2021-02-03;338;197;8227;469;4.3;0.2
32;2021-02-04;426;270;8653;739;4.6;0.4
32;2021-02-05;348;354;9001;1093;4.7;0.6
32;2021-02-06;147;0;9148;1093;4.8;0.6
32;2021-02-07;0;36;9148;1129;4.8;0.6
32;2021-02-08;278;111;9426;1240;5.0;0.7
32;2021-02-09;310;226;9736;1466;5.1;0.8
32;2021-02-10;271;242;10007;1708;5.3;0.9
32;2021-02-11;382;302;10389;2010;5.5;1.1
32;2021-02-12;297;275;10686;2285;5.6;1.2
32;2021-02-13;249;1;10935;2286;5.8;1.2
32;2021-02-14;0;28;10935;2314;5.8;1.2
32;2021-02-15;25;188;10960;2502;5.8;1.3
32;2021-02-16;393;343;11353;2845;6.0;1.5
32;2021-02-17;192;442;11545;3287;6.1;1.7
32;2021-02-18;331;469;11876;3756;6.2;2.0
32;2021-02-19;184;268;12060;4024;6.3;2.1
32;2021-02-20;1;80;12061;4104;6.3;2.2
32;2021-02-21;0;0;12061;4104;6.3;2.2
32;2021-02-22;158;343;12219;4447;6.4;2.3
32;2021-02-23;431;536;12650;4983;6.7;2.6
32;2021-02-24;277;338;12927;5321;6.8;2.8
32;2021-02-25;481;468;13408;5789;7.1;3.0
32;2021-02-26;444;365;13852;6154;7.3;3.2
32;2021-02-27;157;219;14009;6373;7.4;3.4
32;2021-02-28;4;0;14013;6373;7.4;3.4
32;2021-03-01;51;282;14064;6655;7.4;3.5
32;2021-03-02;415;414;14479;7069;7.6;3.7
32;2021-03-03;276;268;14755;7337;7.8;3.9
32;2021-03-04;541;324;15296;7661;8.0;4.0
32;2021-03-05;437;232;15733;7893;8.3;4.2
32;2021-03-06;522;150;16255;8043;8.6;4.2
32;2021-03-07;25;5;16280;8048;8.6;4.2
32;2021-03-08;234;286;16514;8334;8.7;4.4
32;2021-03-09;644;318;17158;8652;9.0;4.6
32;2021-03-10;482;322;17640;8974;9.3;4.7
32;2021-03-11;854;285;18494;9259;9.7;4.9
32;2021-03-12;882;335;19376;9594;10.2;5.0
32;2021-03-13;492;245;19868;9839;10.5;5.2
32;2021-03-14;1;0;19869;9839;10.5;5.2
32;2021-03-15;267;25;20136;9864;10.6;5.2
32;2021-03-16;314;305;20450;10169;10.8;5.4
32;2021-03-17;150;154;20600;10323;10.8;5.4
32;2021-03-18;375;305;20975;10628;11.0;5.6
32;2021-03-19;404;179;21379;10807;11.2;5.7
32;2021-03-20;136;33;21515;10840;11.3;5.7
32;2021-03-21;0;0;21515;10840;11.3;5.7
32;2021-03-22;340;167;21855;11007;11.5;5.8
32;2021-03-23;560;398;22415;11405;11.8;6.0
32;2021-03-24;643;267;23058;11672;12.1;6.1
32;2021-03-25;899;414;23957;12086;12.6;6.4
32;2021-03-26;657;294;24614;12380;13.0;6.5
32;2021-03-27;165;3;24779;12383;13.0;6.5
32;2021-03-28;1;1;24780;12384;13.0;6.5
32;2021-03-29;371;48;25151;12432;13.2;6.5
32;2021-03-30;766;289;25917;12721;13.6;6.7
32;2021-03-31;654;170;26571;12891;14.0;6.8
32;2021-04-01;1237;318;27808;13209;14.6;7.0
32;2021-04-02;575;167;28383;13376;14.9;7.0
32;2021-04-03;114;0;28497;13376;15.0;7.0
32;2021-04-04;0;0;28497;13376;15.0;7.0
32;2021-04-05;0;0;28497;13376;15.0;7.0
32;2021-04-06;2649;311;31146;13687;16.4;7.2
32;2021-04-07;1178;202;32324;13889;17.0;7.3
32;2021-04-08;1736;405;34060;14294;17.9;7.5
32;2021-04-09;883;218;34943;14512;18.4;7.6
32;2021-04-10;809;29;35752;14541;18.8;7.7
32;2021-04-11;14;0;35766;14541;18.8;7.7
32;2021-04-12;477;23;36243;14564;19.1;7.7
32;2021-04-13;2469;388;38712;14952;20.4;7.9
32;2021-04-14;1227;263;39939;15215;21.0;8.0
32;2021-04-15;1704;392;41643;15607;21.9;8.2
32;2021-04-16;638;282;42281;15889;22.2;8.4
32;2021-04-17;783;39;43064;15928;22.7;8.4
32;2021-04-18;13;1;43077;15929;22.7;8.4
32;2021-04-19;502;45;43579;15974;22.9;8.4
32;2021-04-20;2472;392;46051;16366;24.2;8.6
32;2021-04-21;1010;303;47061;16669;24.8;8.8
32;2021-04-22;1662;319;48723;16988;25.6;8.9
32;2021-04-23;549;158;49272;17146;25.9;9.0
32;2021-04-24;1392;55;50664;17201;26.7;9.1
32;2021-04-25;0;11;50664;17212;26.7;9.1
32;2021-04-26;387;359;51051;17571;26.9;9.2
32;2021-04-27;2552;555;53603;18126;28.2;9.5
32;2021-04-28;972;355;54575;18481;28.7;9.7
32;2021-04-29;1009;883;55584;19364;29.2;10.2
32;2021-04-30;453;363;56037;19727;29.5;10.4
32;2021-05-01;2607;97;58644;19824;30.9;10.4
32;2021-05-02;0;0;58644;19824;30.9;10.4
32;2021-05-03;171;321;58815;20145;30.9;10.6
32;2021-05-04;788;2490;59603;22635;31.4;11.9
32;2021-05-05;2361;1097;61964;23732;32.6;12.5
32;2021-05-06;516;1656;62480;25388;32.9;13.4
32;2021-05-07;2286;538;64766;25926;34.1;13.6
32;2021-05-08;71;516;64837;26442;34.1;13.9
32;2021-05-09;21;179;64858;26621;34.1;14.0
32;2021-05-10;1994;547;66852;27168;35.2;14.3
32;2021-05-11;651;2275;67503;29443;35.5;15.5
32;2021-05-12;2313;1138;69816;30581;36.7;16.1
32;2021-05-13;281;1417;70097;31998;36.9;16.8
32;2021-05-14;2222;327;72319;32325;38.1;17.0
32;2021-05-15;134;712;72453;33037;38.1;17.4
32;2021-05-16;2;0;72455;33037;38.1;17.4
32;2021-05-17;353;169;72808;33206;38.3;17.5
32;2021-05-18;1642;297;74450;33503;39.2;17.6
32;2021-05-19;2475;273;76925;33776;40.5;17.8
32;2021-05-20;2887;470;79812;34246;42.0;18.0
32;2021-05-21;2535;499;82347;34745;43.3;18.3
32;2021-05-22;334;110;82681;34855;43.5;18.3
32;2021-05-23;2;13;82683;34868;43.5;18.3
32;2021-05-24;3;0;82686;34868;43.5;18.3
32;2021-05-25;1983;372;84669;35240;44.6;18.5
32;2021-05-26;2548;556;87217;35796;45.9;18.8
32;2021-05-27;2878;626;90095;36422;47.4;19.2
32;2021-05-28;2312;766;92407;37188;48.6;19.6
32;2021-05-29;372;313;92779;37501;48.8;19.7
32;2021-05-30;4;6;92783;37507;48.8;19.7
32;2021-05-31;1414;625;94197;38132;49.6;20.1
32;2021-06-01;566;2887;94763;41019;49.9;21.6
32;2021-06-02;1580;1351;96343;42370;50.7;22.3
32;2021-06-03;395;2087;96738;44457;50.9;23.4
32;2021-06-04;1837;830;98575;45287;51.9;23.8
32;2021-06-05;206;1660;98781;46947;52.0;24.7
32;2021-06-06;8;14;98789;46961;52.0;24.7
32;2021-06-07;102;418;98891;47379;52.0;24.9
32;2021-06-08;664;2540;99555;49919;52.4;26.3
32;2021-06-09;1191;1055;100746;50974;53.0;26.8
32;2021-06-10;686;1225;101432;52199;53.4;27.5
32;2021-06-11;926;662;102358;52861;53.9;27.8
32;2021-06-12;150;2679;102508;55540;53.9;29.2
32;2021-06-13;1;1;102509;55541;53.9;29.2
32;2021-06-14;529;210;103038;55751;54.2;29.3
32;2021-06-15;1735;1025;104773;56776;55.1;29.9
32;2021-06-16;850;2777;105623;59553;55.6;31.3
32;2021-06-17;860;829;106483;60382;56.0;31.8
32;2021-06-18;315;2723;106798;63105;56.2;33.2
32;2021-06-19;914;437;107712;63542;56.7;33.4
32;2021-06-20;5;13;107717;63555;56.7;33.4
32;2021-06-21;67;1994;107784;65549;56.7;34.5
32;2021-06-22;1043;970;108827;66519;57.3;35.0
32;2021-06-23;516;2184;109343;68703;57.5;36.2
32;2021-06-24;528;518;109871;69221;57.8;36.4
32;2021-06-25;501;2360;110372;71581;58.1;37.7
32;2021-06-26;108;171;110480;71752;58.1;37.8
32;2021-06-27;2;5;110482;71757;58.1;37.8
32;2021-06-28;630;603;111112;72360;58.5;38.1
32;2021-06-29;800;1984;111912;74344;58.9;39.1
32;2021-06-30;757;2727;112669;77071;59.3;40.6
32;2021-07-01;540;2640;113209;79711;59.6;41.9
32;2021-07-02;641;2335;113850;82046;59.9;43.2
32;2021-07-03;482;506;114332;82552;60.2;43.4
32;2021-07-04;1;12;114333;82564;60.2;43.4
32;2021-07-05;76;390;114409;82954;60.2;43.7
32;2021-07-06;880;2083;115289;85037;60.7;44.7
32;2021-07-07;781;2757;116070;87794;61.1;46.2
32;2021-07-08;478;2268;116548;90062;61.3;47.4
32;2021-07-09;615;2226;117163;92288;61.7;48.6
32;2021-07-10;537;521;117700;92809;61.9;48.8
32;2021-07-11;0;5;117700;92814;61.9;48.8
32;2021-07-12;525;1243;118225;94057;62.2;49.5
32;2021-07-13;1697;1818;119922;95875;63.1;50.4
32;2021-07-14;492;35;120414;95910;63.4;50.5
32;2021-07-15;2095;891;122509;96801;64.5;50.9
32;2021-07-16;1170;1913;123679;98714;65.1;51.9
32;2021-07-17;78;129;123757;98843;65.1;52.0
32;2021-07-18;2;5;123759;98848;65.1;52.0
32;2021-07-19;1996;147;125755;98995;66.2;52.1
32;2021-07-20;2039;1271;127794;100266;67.2;52.8
32;2021-07-21;1616;1691;129410;101957;68.1;53.7
32;2021-07-22;1949;512;131359;102469;69.1;53.9
32;2021-07-23;1407;1731;132766;104200;69.9;54.8
32;2021-07-24;139;117;132905;104317;69.9;54.9
32;2021-07-25;34;10;132939;104327;70.0;54.9
32;2021-07-26;1071;1071;134010;105398;70.5;55.5
32;2021-07-27;1730;2099;135740;107497;71.4;56.6
32;2021-07-28;694;974;136434;108471;71.8;57.1
32;2021-07-29;1694;1608;138128;110079;72.7;57.9
32;2021-07-30;363;348;138491;110427;72.9;58.1
32;2021-07-31;187;351;138678;110778;73.0;58.3
32;2021-08-01;18;4;138696;110782;73.0;58.3
32;2021-08-02;82;76;138778;110858;73.0;58.3
32;2021-08-03;1177;1792;139955;112650;73.6;59.3
32;2021-08-04;633;652;140588;113302;74.0;59.6
32;2021-08-05;1109;1941;141697;115243;74.6;60.6
32;2021-08-06;561;495;142258;115738;74.9;60.9
32;2021-08-07;148;92;142406;115830;74.9;61.0
32;2021-08-08;0;0;142406;115830;74.9;61.0
32;2021-08-09;263;1826;142669;117656;75.1;61.9
32;2021-08-10;716;2078;143385;119734;75.4;63.0
32;2021-08-11;581;447;143966;120181;75.8;63.2
32;2021-08-12;933;2101;144899;122282;76.2;64.3
32;2021-08-13;177;251;145076;122533;76.3;64.5
32;2021-08-14;113;117;145189;122650;76.4;64.5
32;2021-08-15;13;21;145202;122671;76.4;64.6
32;2021-08-16;41;39;145243;122710;76.4;64.6
32;2021-08-17;573;2301;145816;125011;76.7;65.8
32;2021-08-18;310;559;146126;125570;76.9;66.1
32;2021-08-19;951;1407;147077;126977;77.4;66.8
32;2021-08-20;154;165;147231;127142;77.5;66.9
32;2021-08-21;149;191;147380;127333;77.6;67.0
32;2021-08-22;8;3;147388;127336;77.6;67.0
32;2021-08-23;42;101;147430;127437;77.6;67.1
32;2021-08-24;582;1450;148012;128887;77.9;67.8
32;2021-08-25;92;191;148104;129078;77.9;67.9
32;2021-08-26;321;2260;148425;131338;78.1;69.1
32;2021-08-27;271;552;148696;131890;78.2;69.4
32;2021-08-28;70;109;148766;131999;78.3;69.5
32;2021-08-29;1;8;148767;132007;78.3;69.5
32;2021-08-30;19;50;148786;132057;78.3;69.5
32;2021-08-31;195;1535;148981;133592;78.4;70.3
32;2021-09-01;651;828;149632;134420;78.7;70.7
32;2021-09-02;315;1733;149947;136153;78.9;71.6
32;2021-09-03;187;313;150134;136466;79.0;71.8
32;2021-09-04;49;104;150183;136570;79.0;71.9
32;2021-09-05;11;15;150194;136585;79.0;71.9
32;2021-09-06;38;103;150232;136688;79.1;71.9
32;2021-09-07;436;946;150668;137634;79.3;72.4
32;2021-09-08;253;554;150921;138188;79.4;72.7
32;2021-09-09;227;1061;151148;139249;79.5;73.3
32;2021-09-10;203;241;151351;139490;79.6;73.4
32;2021-09-11;87;160;151438;139650;79.7;73.5
32;2021-09-12;7;11;151445;139661;79.7;73.5
32;2021-09-13;4;12;151449;139673;79.7;73.5
33;2020-12-27;2;0;2;0;0.0;0.0
33;2020-12-28;3;0;5;0;0.0;0.0
33;2020-12-29;0;0;5;0;0.0;0.0
33;2020-12-30;0;0;5;0;0.0;0.0
33;2020-12-31;0;0;5;0;0.0;0.0
33;2021-01-01;0;0;5;0;0.0;0.0
33;2021-01-02;2;0;7;0;0.0;0.0
33;2021-01-03;1;0;8;0;0.0;0.0
33;2021-01-04;2;0;10;0;0.0;0.0
33;2021-01-05;2;0;12;0;0.0;0.0
33;2021-01-06;135;0;147;0;0.0;0.0
33;2021-01-07;1309;1;1456;1;0.1;0.0
33;2021-01-08;1200;2;2656;3;0.2;0.0
33;2021-01-09;298;0;2954;3;0.2;0.0
33;2021-01-10;229;0;3183;3;0.2;0.0
33;2021-01-11;627;0;3810;3;0.2;0.0
33;2021-01-12;1417;2;5227;5;0.3;0.0
33;2021-01-13;1313;9;6540;14;0.4;0.0
33;2021-01-14;1291;13;7831;27;0.5;0.0
33;2021-01-15;1606;11;9437;38;0.6;0.0
33;2021-01-16;569;6;10006;44;0.6;0.0
33;2021-01-17;406;3;10412;47;0.6;0.0
33;2021-01-18;1223;9;11635;56;0.7;0.0
33;2021-01-19;2928;4;14563;60;0.9;0.0
33;2021-01-20;3406;11;17969;71;1.1;0.0
33;2021-01-21;2863;4;20832;75;1.3;0.0
33;2021-01-22;2328;7;23160;82;1.4;0.0
33;2021-01-23;852;2;24012;84;1.5;0.0
33;2021-01-24;531;2;24543;86;1.5;0.0
33;2021-01-25;2173;54;26716;140;1.6;0.0
33;2021-01-26;2244;141;28960;281;1.8;0.0
33;2021-01-27;2260;190;31220;471;1.9;0.0
33;2021-01-28;2158;415;33378;886;2.0;0.1
33;2021-01-29;1822;637;35200;1523;2.2;0.1
33;2021-01-30;704;155;35904;1678;2.2;0.1
33;2021-01-31;390;133;36294;1811;2.2;0.1
33;2021-02-01;1456;606;37750;2417;2.3;0.1
33;2021-02-02;2645;1036;40395;3453;2.5;0.2
33;2021-02-03;2923;836;43318;4289;2.7;0.3
33;2021-02-04;4031;1286;47349;5575;2.9;0.3
33;2021-02-05;2191;1100;49540;6675;3.0;0.4
33;2021-02-06;646;173;50186;6848;3.1;0.4
33;2021-02-07;218;185;50404;7033;3.1;0.4
33;2021-02-08;1264;692;51668;7725;3.2;0.5
33;2021-02-09;1324;1517;52992;9242;3.2;0.6
33;2021-02-10;1265;1648;54257;10890;3.3;0.7
33;2021-02-11;1303;1314;55560;12204;3.4;0.7
33;2021-02-12;1119;1095;56679;13299;3.5;0.8
33;2021-02-13;203;242;56882;13541;3.5;0.8
33;2021-02-14;47;195;56929;13736;3.5;0.8
33;2021-02-15;684;1378;57613;15114;3.5;0.9
33;2021-02-16;814;1719;58427;16833;3.6;1.0
33;2021-02-17;667;1701;59094;18534;3.6;1.1
33;2021-02-18;899;1861;59993;20395;3.7;1.2
33;2021-02-19;917;1706;60910;22101;3.7;1.4
33;2021-02-20;79;477;60989;22578;3.7;1.4
33;2021-02-21;38;364;61027;22942;3.7;1.4
33;2021-02-22;706;1512;61733;24454;3.8;1.5
33;2021-02-23;1234;2264;62967;26718;3.9;1.6
33;2021-02-24;1399;2133;64366;28851;3.9;1.8
33;2021-02-25;2834;3370;67200;32221;4.1;2.0
33;2021-02-26;4058;2033;71258;34254;4.4;2.1
33;2021-02-27;1360;581;72618;34835;4.4;2.1
33;2021-02-28;126;432;72744;35267;4.5;2.2
33;2021-03-01;1534;1636;74278;36903;4.5;2.3
33;2021-03-02;2324;1528;76602;38431;4.7;2.4
33;2021-03-03;2311;1511;78913;39942;4.8;2.4
33;2021-03-04;3935;1487;82848;41429;5.1;2.5
33;2021-03-05;5761;1534;88609;42963;5.4;2.6
33;2021-03-06;3414;514;92023;43477;5.6;2.7
33;2021-03-07;741;143;92764;43620;5.7;2.7
33;2021-03-08;2715;1015;95479;44635;5.8;2.7
33;2021-03-09;4403;1204;99882;45839;6.1;2.8
33;2021-03-10;5122;1154;105004;46993;6.4;2.9
33;2021-03-11;7542;1162;112546;48155;6.9;2.9
33;2021-03-12;10121;1113;122667;49268;7.5;3.0
33;2021-03-13;5156;208;127823;49476;7.8;3.0
33;2021-03-14;715;28;128538;49504;7.9;3.0
33;2021-03-15;4442;661;132980;50165;8.1;3.1
33;2021-03-16;3579;845;136559;51010;8.4;3.1
33;2021-03-17;3640;939;140199;51949;8.6;3.2
33;2021-03-18;4038;1398;144237;53347;8.8;3.3
33;2021-03-19;6270;1021;150507;54368;9.2;3.3
33;2021-03-20;3368;105;153875;54473;9.4;3.3
33;2021-03-21;462;29;154337;54502;9.4;3.3
33;2021-03-22;4900;445;159237;54947;9.7;3.4
33;2021-03-23;6321;603;165558;55550;10.1;3.4
33;2021-03-24;7077;527;172635;56077;10.6;3.4
33;2021-03-25;8841;648;181476;56725;11.1;3.5
33;2021-03-26;10039;844;191515;57569;11.7;3.5
33;2021-03-27;3620;83;195135;57652;11.9;3.5
33;2021-03-28;577;33;195712;57685;12.0;3.5
33;2021-03-29;6769;697;202481;58382;12.4;3.6
33;2021-03-30;8101;1032;210582;59414;12.9;3.6
33;2021-03-31;7579;1047;218161;60461;13.4;3.7
33;2021-04-01;8822;1192;226983;61653;13.9;3.8
33;2021-04-02;8406;1546;235389;63199;14.4;3.9
33;2021-04-03;2832;521;238221;63720;14.6;3.9
33;2021-04-04;218;160;238439;63880;14.6;3.9
33;2021-04-05;693;123;239132;64003;14.6;3.9
33;2021-04-06;6051;2678;245183;66681;15.0;4.1
33;2021-04-07;7425;2519;252608;69200;15.5;4.2
33;2021-04-08;10327;2768;262935;71968;16.1;4.4
33;2021-04-09;12688;3084;275623;75052;16.9;4.6
33;2021-04-10;5357;1392;280980;76444;17.2;4.7
33;2021-04-11;1002;351;281982;76795;17.3;4.7
33;2021-04-12;7423;3273;289405;80068;17.7;4.9
33;2021-04-13;9320;3473;298725;83541;18.3;5.1
33;2021-04-14;9044;3638;307769;87179;18.8;5.3
33;2021-04-15;10111;3877;317880;91056;19.5;5.6
33;2021-04-16;9720;4224;327600;95280;20.1;5.8
33;2021-04-17;4652;1657;332252;96937;20.3;5.9
33;2021-04-18;929;410;333181;97347;20.4;6.0
33;2021-04-19;5617;3834;338798;101181;20.7;6.2
33;2021-04-20;7294;4263;346092;105444;21.2;6.5
33;2021-04-21;6595;4342;352687;109786;21.6;6.7
33;2021-04-22;7351;4477;360038;114263;22.0;7.0
33;2021-04-23;7708;4818;367746;119081;22.5;7.3
33;2021-04-24;4503;1796;372249;120877;22.8;7.4
33;2021-04-25;1651;418;373900;121295;22.9;7.4
33;2021-04-26;5267;5074;379167;126369;23.2;7.7
33;2021-04-27;6579;5595;385746;131964;23.6;8.1
33;2021-04-28;6783;5559;392529;137523;24.0;8.4
33;2021-04-29;8425;6215;400954;143738;24.5;8.8
33;2021-04-30;8740;6093;409694;149831;25.1;9.2
33;2021-05-01;2901;513;412595;150344;25.3;9.2
33;2021-05-02;1835;346;414430;150690;25.4;9.2
33;2021-05-03;7018;5208;421448;155898;25.8;9.5
33;2021-05-04;6828;6654;428276;162552;26.2;10.0
33;2021-05-05;7143;7567;435419;170119;26.7;10.4
33;2021-05-06;8705;8226;444124;178345;27.2;10.9
33;2021-05-07;8609;8868;452733;187213;27.7;11.5
33;2021-05-08;3542;1587;456275;188800;27.9;11.6
33;2021-05-09;1118;969;457393;189769;28.0;11.6
33;2021-05-10;6878;7293;464271;197062;28.4;12.1
33;2021-05-11;8636;7871;472907;204933;29.0;12.5
33;2021-05-12;9176;6706;482083;211639;29.5;13.0
33;2021-05-13;5209;2111;487292;213750;29.8;13.1
33;2021-05-14;8130;5351;495422;219101;30.3;13.4
33;2021-05-15;5184;2864;500606;221965;30.6;13.6
33;2021-05-16;1842;804;502448;222769;30.8;13.6
33;2021-05-17;8860;5110;511308;227879;31.3;14.0
33;2021-05-18;10626;4874;521934;232753;32.0;14.2
33;2021-05-19;10902;4774;532836;237527;32.6;14.5
33;2021-05-20;10912;5583;543748;243110;33.3;14.9
33;2021-05-21;10919;6238;554667;249348;34.0;15.3
33;2021-05-22;5122;2748;559789;252096;34.3;15.4
33;2021-05-23;1750;385;561539;252481;34.4;15.5
33;2021-05-24;5414;1000;566953;253481;34.7;15.5
33;2021-05-25;9391;5764;576344;259245;35.3;15.9
33;2021-05-26;9679;6029;586023;265274;35.9;16.2
33;2021-05-27;10907;7712;596930;272986;36.5;16.7
33;2021-05-28;10067;9488;606997;282474;37.2;17.3
33;2021-05-29;5042;4116;612039;286590;37.5;17.5
33;2021-05-30;1703;667;613742;287257;37.6;17.6
33;2021-05-31;8555;6406;622297;293663;38.1;18.0
33;2021-06-01;11807;8699;634104;302362;38.8;18.5
33;2021-06-02;11713;8198;645817;310560;39.5;19.0
33;2021-06-03;12717;9186;658534;319746;40.3;19.6
33;2021-06-04;12939;10932;671473;330678;41.1;20.2
33;2021-06-05;5276;5053;676749;335731;41.4;20.6
33;2021-06-06;2526;1193;679275;336924;41.6;20.6
33;2021-06-07;9760;8497;689035;345421;42.2;21.1
33;2021-06-08;11941;9443;700976;354864;42.9;21.7
33;2021-06-09;11778;8518;712754;363382;43.6;22.2
33;2021-06-10;12954;8384;725708;371766;44.4;22.8
33;2021-06-11;12521;11150;738229;382916;45.2;23.4
33;2021-06-12;6189;4475;744418;387391;45.6;23.7
33;2021-06-13;2614;1283;747032;388674;45.7;23.8
33;2021-06-14;8584;10151;755616;398825;46.3;24.4
33;2021-06-15;12060;10262;767676;409087;47.0;25.0
33;2021-06-16;12057;8860;779733;417947;47.7;25.6
33;2021-06-17;13117;9605;792850;427552;48.5;26.2
33;2021-06-18;11800;11432;804650;438984;49.3;26.9
33;2021-06-19;5613;4816;810263;443800;49.6;27.2
33;2021-06-20;2947;1475;813210;445275;49.8;27.3
33;2021-06-21;7878;10165;821088;455440;50.3;27.9
33;2021-06-22;9068;11081;830156;466521;50.8;28.6
33;2021-06-23;8667;10843;838823;477364;51.4;29.2
33;2021-06-24;9747;9984;848570;487348;51.9;29.8
33;2021-06-25;8050;13710;856620;501058;52.4;30.7
33;2021-06-26;4343;5918;860963;506976;52.7;31.0
33;2021-06-27;2468;1960;863431;508936;52.9;31.2
33;2021-06-28;4875;12765;868306;521701;53.2;31.9
33;2021-06-29;6445;13653;874751;535354;53.6;32.8
33;2021-06-30;6684;13388;881435;548742;54.0;33.6
33;2021-07-01;8052;11812;889487;560554;54.5;34.3
33;2021-07-02;6849;15108;896336;575662;54.9;35.2
33;2021-07-03;3232;6783;899568;582445;55.1;35.7
33;2021-07-04;2068;2379;901636;584824;55.2;35.8
33;2021-07-05;4401;12907;906037;597731;55.5;36.6
33;2021-07-06;6150;14590;912187;612321;55.8;37.5
33;2021-07-07;6897;13048;919084;625369;56.3;38.3
33;2021-07-08;7974;12752;927058;638121;56.8;39.1
33;2021-07-09;6472;15109;933530;653230;57.2;40.0
33;2021-07-10;3114;7160;936644;660390;57.3;40.4
33;2021-07-11;1844;2303;938488;662693;57.5;40.6
33;2021-07-12;3951;14703;942439;677396;57.7;41.5
33;2021-07-13;7164;16102;949603;693498;58.1;42.5
33;2021-07-14;3687;5318;953290;698816;58.4;42.8
33;2021-07-15;7627;15971;960917;714787;58.8;43.8
33;2021-07-16;8589;15145;969506;729932;59.4;44.7
33;2021-07-17;3157;6426;972663;736358;59.5;45.1
33;2021-07-18;1703;3206;974366;739564;59.7;45.3
33;2021-07-19;5872;15090;980238;754654;60.0;46.2
33;2021-07-20;7428;16121;987666;770775;60.5;47.2
33;2021-07-21;8377;14539;996043;785314;61.0;48.1
33;2021-07-22;9372;15100;1005415;800414;61.6;49.0
33;2021-07-23;9669;16348;1015084;816762;62.1;50.0
33;2021-07-24;3837;7552;1018921;824314;62.4;50.5
33;2021-07-25;2093;2667;1021014;826981;62.5;50.6
33;2021-07-26;6965;13414;1027979;840395;62.9;51.4
33;2021-07-27;10097;13397;1038076;853792;63.6;52.3
33;2021-07-28;10937;11968;1049013;865760;64.2;53.0
33;2021-07-29;11679;11909;1060692;877669;64.9;53.7
33;2021-07-30;11399;12208;1072091;889877;65.6;54.5
33;2021-07-31;4762;5648;1076853;895525;65.9;54.8
33;2021-08-01;2487;1951;1079340;897476;66.1;54.9
33;2021-08-02;8415;9888;1087755;907364;66.6;55.5
33;2021-08-03;11556;9018;1099311;916382;67.3;56.1
33;2021-08-04;12292;7361;1111603;923743;68.1;56.6
33;2021-08-05;11925;8036;1123528;931779;68.8;57.0
33;2021-08-06;11214;9055;1134742;940834;69.5;57.6
33;2021-08-07;5934;4518;1140676;945352;69.8;57.9
33;2021-08-08;3202;1820;1143878;947172;70.0;58.0
33;2021-08-09;8658;8718;1152536;955890;70.6;58.5
33;2021-08-10;9357;8446;1161893;964336;71.1;59.0
33;2021-08-11;8108;7578;1170001;971914;71.6;59.5
33;2021-08-12;7969;8018;1177970;979932;72.1;60.0
33;2021-08-13;7843;7678;1185813;987610;72.6;60.5
33;2021-08-14;3520;4331;1189333;991941;72.8;60.7
33;2021-08-15;1211;1881;1190544;993822;72.9;60.8
33;2021-08-16;6426;8634;1196970;1002456;73.3;61.4
33;2021-08-17;6609;9064;1203579;1011520;73.7;61.9
33;2021-08-18;5604;8770;1209183;1020290;74.0;62.5
33;2021-08-19;5487;9113;1214670;1029403;74.4;63.0
33;2021-08-20;4919;9834;1219589;1039237;74.7;63.6
33;2021-08-21;2192;5034;1221781;1044271;74.8;63.9
33;2021-08-22;566;2366;1222347;1046637;74.8;64.1
33;2021-08-23;3896;10290;1226243;1056927;75.1;64.7
33;2021-08-24;4104;11093;1230347;1068020;75.3;65.4
33;2021-08-25;3695;10481;1234042;1078501;75.5;66.0
33;2021-08-26;3608;11046;1237650;1089547;75.8;66.7
33;2021-08-27;3766;12584;1241416;1102131;76.0;67.5
33;2021-08-28;1559;6635;1242975;1108766;76.1;67.9
33;2021-08-29;453;2429;1243428;1111195;76.1;68.0
33;2021-08-30;2320;10535;1245748;1121730;76.3;68.7
33;2021-08-31;3218;11069;1248966;1132799;76.5;69.4
33;2021-09-01;2794;8814;1251760;1141613;76.6;69.9
33;2021-09-02;2669;8386;1254429;1149999;76.8;70.4
33;2021-09-03;3081;10135;1257510;1160134;77.0;71.0
33;2021-09-04;1633;6078;1259143;1166212;77.1;71.4
33;2021-09-05;411;1516;1259554;1167728;77.1;71.5
33;2021-09-06;1587;7176;1261141;1174904;77.2;71.9
33;2021-09-07;2048;6576;1263189;1181480;77.3;72.3
33;2021-09-08;1742;6595;1264931;1188075;77.4;72.7
33;2021-09-09;1868;6711;1266799;1194786;77.6;73.1
33;2021-09-10;2067;7270;1268866;1202056;77.7;73.6
33;2021-09-11;976;4486;1269842;1206542;77.7;73.9
33;2021-09-12;130;605;1269972;1207147;77.7;73.9
33;2021-09-13;1446;4778;1271418;1211925;77.8;74.2
34;2020-12-27;1;0;1;0;0.0;0.0
34;2020-12-28;1;0;2;0;0.0;0.0
34;2020-12-29;0;0;2;0;0.0;0.0
34;2020-12-30;0;0;2;0;0.0;0.0
34;2020-12-31;0;0;2;0;0.0;0.0
34;2021-01-01;1;0;3;0;0.0;0.0
34;2021-01-02;2;0;5;0;0.0;0.0
34;2021-01-03;0;0;5;0;0.0;0.0
34;2021-01-04;23;0;28;0;0.0;0.0
34;2021-01-05;106;2;134;2;0.0;0.0
34;2021-01-06;198;1;332;3;0.0;0.0
34;2021-01-07;364;0;696;3;0.1;0.0
34;2021-01-08;606;0;1302;3;0.1;0.0
34;2021-01-09;244;0;1546;3;0.1;0.0
34;2021-01-10;95;1;1641;4;0.1;0.0
34;2021-01-11;567;2;2208;6;0.2;0.0
34;2021-01-12;1007;1;3215;7;0.3;0.0
34;2021-01-13;1098;5;4313;12;0.4;0.0
34;2021-01-14;1957;12;6270;24;0.5;0.0
34;2021-01-15;1470;5;7740;29;0.7;0.0
34;2021-01-16;332;7;8072;36;0.7;0.0
34;2021-01-17;233;1;8305;37;0.7;0.0
34;2021-01-18;1126;3;9431;40;0.8;0.0
34;2021-01-19;1610;8;11041;48;0.9;0.0
34;2021-01-20;2088;8;13129;56;1.1;0.0
34;2021-01-21;4235;10;17364;66;1.5;0.0
34;2021-01-22;2554;8;19918;74;1.7;0.0
34;2021-01-23;600;2;20518;76;1.7;0.0
34;2021-01-24;2;0;20520;76;1.7;0.0
34;2021-01-25;1243;5;21763;81;1.9;0.0
34;2021-01-26;1460;18;23223;99;2.0;0.0
34;2021-01-27;1470;23;24693;122;2.1;0.0
34;2021-01-28;1392;120;26085;242;2.2;0.0
34;2021-01-29;1260;126;27345;368;2.3;0.0
34;2021-01-30;479;12;27824;380;2.4;0.0
34;2021-01-31;4;0;27828;380;2.4;0.0
34;2021-02-01;1028;220;28856;600;2.5;0.1
34;2021-02-02;1459;401;30315;1001;2.6;0.1
34;2021-02-03;2656;485;32971;1486;2.8;0.1
34;2021-02-04;2313;838;35284;2324;3.0;0.2
34;2021-02-05;1888;1126;37172;3450;3.2;0.3
34;2021-02-06;498;211;37670;3661;3.2;0.3
34;2021-02-07;32;95;37702;3756;3.2;0.3
34;2021-02-08;860;963;38562;4719;3.3;0.4
34;2021-02-09;1034;1193;39596;5912;3.4;0.5
34;2021-02-10;1296;1350;40892;7262;3.5;0.6
34;2021-02-11;1791;2536;42683;9798;3.6;0.8
34;2021-02-12;1923;1472;44606;11270;3.8;1.0
34;2021-02-13;357;442;44963;11712;3.8;1.0
34;2021-02-14;22;274;44985;11986;3.8;1.0
34;2021-02-15;673;886;45658;12872;3.9;1.1
34;2021-02-16;665;1155;46323;14027;3.9;1.2
34;2021-02-17;714;1190;47037;15217;4.0;1.3
34;2021-02-18;836;1148;47873;16365;4.1;1.4
34;2021-02-19;815;935;48688;17300;4.1;1.5
34;2021-02-20;301;347;48989;17647;4.2;1.5
34;2021-02-21;64;18;49053;17665;4.2;1.5
34;2021-02-22;630;1011;49683;18676;4.2;1.6
34;2021-02-23;562;1141;50245;19817;4.3;1.7
34;2021-02-24;941;1975;51186;21792;4.4;1.9
34;2021-02-25;1607;1928;52793;23720;4.5;2.0
34;2021-02-26;1849;1366;54642;25086;4.6;2.1
34;2021-02-27;701;321;55343;25407;4.7;2.2
34;2021-02-28;86;61;55429;25468;4.7;2.2
34;2021-03-01;930;967;56359;26435;4.8;2.2
34;2021-03-02;1591;1068;57950;27503;4.9;2.3
34;2021-03-03;1834;1151;59784;28654;5.1;2.4
34;2021-03-04;2866;1421;62650;30075;5.3;2.6
34;2021-03-05;3686;1383;66336;31458;5.6;2.7
34;2021-03-06;2644;176;68980;31634;5.9;2.7
34;2021-03-07;1243;56;70223;31690;6.0;2.7
34;2021-03-08;2781;873;73004;32563;6.2;2.8
34;2021-03-09;4019;1270;77023;33833;6.5;2.9
34;2021-03-10;3992;1206;81015;35039;6.9;3.0
34;2021-03-11;5437;1227;86452;36266;7.4;3.1
34;2021-03-12;6495;874;92947;37140;7.9;3.2
34;2021-03-13;3138;167;96085;37307;8.2;3.2
34;2021-03-14;1003;54;97088;37361;8.3;3.2
34;2021-03-15;3306;551;100394;37912;8.5;3.2
34;2021-03-16;2913;647;103307;38559;8.8;3.3
34;2021-03-17;3305;735;106612;39294;9.1;3.3
34;2021-03-18;3450;904;110062;40198;9.4;3.4
34;2021-03-19;4695;788;114757;40986;9.8;3.5
34;2021-03-20;3148;65;117905;41051;10.0;3.5
34;2021-03-21;1997;60;119902;41111;10.2;3.5
34;2021-03-22;3683;461;123585;41572;10.5;3.5
34;2021-03-23;4962;537;128547;42109;10.9;3.6
34;2021-03-24;5219;627;133766;42736;11.4;3.6
34;2021-03-25;7198;712;140964;43448;12.0;3.7
34;2021-03-26;7169;570;148133;44018;12.6;3.7
34;2021-03-27;2373;82;150506;44100;12.8;3.7
34;2021-03-28;699;21;151205;44121;12.9;3.8
34;2021-03-29;4186;749;155391;44870;13.2;3.8
34;2021-03-30;5222;963;160613;45833;13.7;3.9
34;2021-03-31;5068;1203;165681;47036;14.1;4.0
34;2021-04-01;7034;1036;172715;48072;14.7;4.1
34;2021-04-02;5823;1189;178538;49261;15.2;4.2
34;2021-04-03;1137;85;179675;49346;15.3;4.2
34;2021-04-04;166;5;179841;49351;15.3;4.2
34;2021-04-05;432;26;180273;49377;15.3;4.2
34;2021-04-06;3138;2444;183411;51821;15.6;4.4
34;2021-04-07;3387;2632;186798;54453;15.9;4.6
34;2021-04-08;5253;2805;192051;57258;16.3;4.9
34;2021-04-09;8074;2492;200125;59750;17.0;5.1
34;2021-04-10;3164;1373;203289;61123;17.3;5.2
34;2021-04-11;1715;805;205004;61928;17.4;5.3
34;2021-04-12;4500;2518;209504;64446;17.8;5.5
34;2021-04-13;5240;3050;214744;67496;18.3;5.7
34;2021-04-14;5619;3239;220363;70735;18.7;6.0
34;2021-04-15;6998;3167;227361;73902;19.3;6.3
34;2021-04-16;6576;3157;233937;77059;19.9;6.6
34;2021-04-17;2378;2068;236315;79127;20.1;6.7
34;2021-04-18;989;1717;237304;80844;20.2;6.9
34;2021-04-19;3421;3118;240725;83962;20.5;7.1
34;2021-04-20;3767;3660;244492;87622;20.8;7.4
34;2021-04-21;4243;3716;248735;91338;21.1;7.8
34;2021-04-22;4489;4608;253224;95946;21.5;8.2
34;2021-04-23;5379;3514;258603;99460;22.0;8.5
34;2021-04-24;3164;1579;261767;101039;22.3;8.6
34;2021-04-25;1919;644;263686;101683;22.4;8.6
34;2021-04-26;4224;3471;267910;105154;22.8;8.9
34;2021-04-27;5128;4009;273038;109163;23.2;9.3
34;2021-04-28;5771;3539;278809;112702;23.7;9.6
34;2021-04-29;6422;3924;285231;116626;24.3;9.9
34;2021-04-30;7874;3268;293105;119894;24.9;10.2
34;2021-05-01;2405;499;295510;120393;25.1;10.2
34;2021-05-02;3262;322;298772;120715;25.4;10.3
34;2021-05-03;6576;2902;305348;123617;26.0;10.5
34;2021-05-04;7111;3791;312459;127408;26.6;10.8
34;2021-05-05;6498;4527;318957;131935;27.1;11.2
34;2021-05-06;6947;5194;325904;137129;27.7;11.7
34;2021-05-07;6930;5661;332834;142790;28.3;12.1
34;2021-05-08;3609;1172;336443;143962;28.6;12.2
34;2021-05-09;2178;1288;338621;145250;28.8;12.3
34;2021-05-10;5854;4800;344475;150050;29.3;12.8
34;2021-05-11;7414;5307;351889;155357;29.9;13.2
34;2021-05-12;7756;4452;359645;159809;30.6;13.6
34;2021-05-13;6127;781;365772;160590;31.1;13.7
34;2021-05-14;7491;3735;373263;164325;31.7;14.0
34;2021-05-15;4865;1688;378128;166013;32.1;14.1
34;2021-05-16;4952;460;383080;166473;32.6;14.2
34;2021-05-17;8696;1980;391776;168453;33.3;14.3
34;2021-05-18;9142;1975;400918;170428;34.1;14.5
34;2021-05-19;8629;1813;409547;172241;34.8;14.6
34;2021-05-20;8869;2512;418416;174753;35.6;14.9
34;2021-05-21;8786;3207;427202;177960;36.3;15.1
34;2021-05-22;5788;1154;432990;179114;36.8;15.2
34;2021-05-23;3884;549;436874;179663;37.1;15.3
34;2021-05-24;1897;852;438771;180515;37.3;15.3
34;2021-05-25;7142;3811;445913;184326;37.9;15.7
34;2021-05-26;8325;3035;454238;187361;38.6;15.9
34;2021-05-27;8321;4307;462559;191668;39.3;16.3
34;2021-05-28;8053;5439;470612;197107;40.0;16.8
34;2021-05-29;4008;3101;474620;200208;40.4;17.0
34;2021-05-30;1988;1389;476608;201597;40.5;17.1
34;2021-05-31;5877;5249;482485;206846;41.0;17.6
34;2021-06-01;6954;6096;489439;212942;41.6;18.1
34;2021-06-02;6137;5807;495576;218749;42.1;18.6
34;2021-06-03;7714;6481;503290;225230;42.8;19.1
34;2021-06-04;7660;7580;510950;232810;43.4;19.8
34;2021-06-05;4142;3678;515092;236488;43.8;20.1
34;2021-06-06;3270;1865;518362;238353;44.1;20.3
34;2021-06-07;4422;6760;522784;245113;44.4;20.8
34;2021-06-08;5858;6827;528642;251940;44.9;21.4
34;2021-06-09;5829;6838;534471;258778;45.4;22.0
34;2021-06-10;6325;6863;540796;265641;46.0;22.6
34;2021-06-11;5402;9278;546198;274919;46.4;23.4
34;2021-06-12;3167;4726;549365;279645;46.7;23.8
34;2021-06-13;1081;1906;550446;281551;46.8;23.9
34;2021-06-14;3447;7813;553893;289364;47.1;24.6
34;2021-06-15;3955;8791;557848;298155;47.4;25.4
34;2021-06-16;4620;7855;562468;306010;47.8;26.0
34;2021-06-17;4225;7950;566693;313960;48.2;26.7
34;2021-06-18;4350;9327;571043;323287;48.6;27.5
34;2021-06-19;2733;4404;573776;327691;48.8;27.9
34;2021-06-20;891;2872;574667;330563;48.9;28.1
34;2021-06-21;2181;8555;576848;339118;49.0;28.8
34;2021-06-22;2977;9409;579825;348527;49.3;29.6
34;2021-06-23;3528;8968;583353;357495;49.6;30.4
34;2021-06-24;3561;8674;586914;366169;49.9;31.1
34;2021-06-25;3376;10437;590290;376606;50.2;32.0
34;2021-06-26;1643;6189;591933;382795;50.3;32.5
34;2021-06-27;308;4270;592241;387065;50.4;32.9
34;2021-06-28;2267;9429;594508;396494;50.5;33.7
34;2021-06-29;2686;10301;597194;406795;50.8;34.6
34;2021-06-30;3357;9545;600551;416340;51.1;35.4
34;2021-07-01;3527;9442;604078;425782;51.4;36.2
34;2021-07-02;3434;9741;607512;435523;51.7;37.0
34;2021-07-03;1682;6158;609194;441681;51.8;37.6
34;2021-07-04;312;2763;609506;444444;51.8;37.8
34;2021-07-05;3233;7998;612739;452442;52.1;38.5
34;2021-07-06;3538;9179;616277;461621;52.4;39.2
34;2021-07-07;3276;8649;619553;470270;52.7;40.0
34;2021-07-08;4302;8870;623855;479140;53.0;40.7
34;2021-07-09;4008;9348;627863;488488;53.4;41.5
34;2021-07-10;2142;5718;630005;494206;53.6;42.0
34;2021-07-11;924;2578;630929;496784;53.6;42.2
34;2021-07-12;2929;8968;633858;505752;53.9;43.0
34;2021-07-13;4659;10044;638517;515796;54.3;43.9
34;2021-07-14;783;357;639300;516153;54.4;43.9
34;2021-07-15;5912;10395;645212;526548;54.9;44.8
34;2021-07-16;5862;10724;651074;537272;55.4;45.7
34;2021-07-17;4497;4412;655571;541684;55.7;46.1
34;2021-07-18;234;195;655805;541879;55.8;46.1
34;2021-07-19;5119;8327;660924;550206;56.2;46.8
34;2021-07-20;6903;8385;667827;558591;56.8;47.5
34;2021-07-21;7656;7823;675483;566414;57.4;48.2
34;2021-07-22;7441;8173;682924;574587;58.1;48.9
34;2021-07-23;7839;8157;690763;582744;58.7;49.5
34;2021-07-24;6153;3058;696916;585802;59.3;49.8
34;2021-07-25;3214;547;700130;586349;59.5;49.9
34;2021-07-26;6244;6430;706374;592779;60.1;50.4
34;2021-07-27;8756;6053;715130;598832;60.8;50.9
34;2021-07-28;9706;5918;724836;604750;61.6;51.4
34;2021-07-29;11328;6050;736164;610800;62.6;51.9
34;2021-07-30;9850;6533;746014;617333;63.4;52.5
34;2021-07-31;6448;2193;752462;619526;64.0;52.7
34;2021-08-01;3321;616;755783;620142;64.3;52.7
34;2021-08-02;7360;5064;763143;625206;64.9;53.2
34;2021-08-03;8142;5393;771285;630599;65.6;53.6
34;2021-08-04;8452;4564;779737;635163;66.3;54.0
34;2021-08-05;7108;5022;786845;640185;66.9;54.4
34;2021-08-06;5953;5220;792798;645405;67.4;54.9
34;2021-08-07;3104;2433;795902;647838;67.7;55.1
34;2021-08-08;199;204;796101;648042;67.7;55.1
34;2021-08-09;4777;6169;800878;654211;68.1;55.6
34;2021-08-10;5398;6483;806276;660694;68.6;56.2
34;2021-08-11;4834;6539;811110;667233;69.0;56.7
34;2021-08-12;4568;6199;815678;673432;69.4;57.3
34;2021-08-13;4107;5737;819785;679169;69.7;57.7
34;2021-08-14;1798;2881;821583;682050;69.9;58.0
34;2021-08-15;203;190;821786;682240;69.9;58.0
34;2021-08-16;2864;7549;824650;689789;70.1;58.6
34;2021-08-17;3577;8279;828227;698068;70.4;59.4
34;2021-08-18;3196;7553;831423;705621;70.7;60.0
34;2021-08-19;3261;7777;834684;713398;71.0;60.7
34;2021-08-20;2723;7716;837407;721114;71.2;61.3
34;2021-08-21;1383;3560;838790;724674;71.3;61.6
34;2021-08-22;161;310;838951;724984;71.3;61.6
34;2021-08-23;2323;8652;841274;733636;71.5;62.4
34;2021-08-24;2717;8959;843991;742595;71.8;63.1
34;2021-08-25;2332;8540;846323;751135;72.0;63.9
34;2021-08-26;2576;7882;848899;759017;72.2;64.5
34;2021-08-27;2185;7566;851084;766583;72.4;65.2
34;2021-08-28;1106;3558;852190;770141;72.5;65.5
34;2021-08-29;361;1358;852551;771499;72.5;65.6
34;2021-08-30;2040;6877;854591;778376;72.7;66.2
34;2021-08-31;2109;6824;856700;785200;72.8;66.8
34;2021-09-01;2038;6405;858738;791605;73.0;67.3
34;2021-09-02;1653;4856;860391;796461;73.2;67.7
34;2021-09-03;1753;5560;862144;802021;73.3;68.2
34;2021-09-04;1354;3376;863498;805397;73.4;68.5
34;2021-09-05;143;241;863641;805638;73.4;68.5
34;2021-09-06;1145;4052;864786;809690;73.5;68.8
34;2021-09-07;1349;4125;866135;813815;73.6;69.2
34;2021-09-08;1608;4762;867743;818577;73.8;69.6
34;2021-09-09;1178;3845;868921;822422;73.9;69.9
34;2021-09-10;1505;4080;870426;826502;74.0;70.3
34;2021-09-11;1267;2069;871693;828571;74.1;70.4
34;2021-09-12;87;86;871780;828657;74.1;70.5
34;2021-09-13;977;3278;872757;831935;74.2;70.7
35;2020-12-27;0;0;0;0;0.0;0.0
35;2020-12-28;0;0;0;0;0.0;0.0
35;2020-12-29;2;0;2;0;0.0;0.0
35;2020-12-30;0;0;2;0;0.0;0.0
35;2020-12-31;1;0;3;0;0.0;0.0
35;2021-01-01;3;0;6;0;0.0;0.0
35;2021-01-02;1;0;7;0;0.0;0.0
35;2021-01-03;0;0;7;0;0.0;0.0
35;2021-01-04;10;0;17;0;0.0;0.0
35;2021-01-05;110;0;127;0;0.0;0.0
35;2021-01-06;175;0;302;0;0.0;0.0
35;2021-01-07;440;1;742;1;0.1;0.0
35;2021-01-08;513;1;1255;2;0.1;0.0
35;2021-01-09;31;0;1286;2;0.1;0.0
35;2021-01-10;2;0;1288;2;0.1;0.0
35;2021-01-11;538;0;1826;2;0.2;0.0
35;2021-01-12;886;2;2712;4;0.3;0.0
35;2021-01-13;969;1;3681;5;0.3;0.0
35;2021-01-14;1261;18;4942;23;0.5;0.0
35;2021-01-15;729;2;5671;25;0.5;0.0
35;2021-01-16;189;2;5860;27;0.5;0.0
35;2021-01-17;44;0;5904;27;0.5;0.0
35;2021-01-18;1222;0;7126;27;0.7;0.0
35;2021-01-19;5407;13;12533;40;1.2;0.0
35;2021-01-20;3237;8;15770;48;1.5;0.0
35;2021-01-21;3638;5;19408;53;1.8;0.0
35;2021-01-22;2088;10;21496;63;2.0;0.0
35;2021-01-23;421;1;21917;64;2.0;0.0
35;2021-01-24;50;0;21967;64;2.0;0.0
35;2021-01-25;917;16;22884;80;2.1;0.0
35;2021-01-26;1130;128;24014;208;2.2;0.0
35;2021-01-27;1030;115;25044;323;2.3;0.0
35;2021-01-28;915;273;25959;596;2.4;0.1
35;2021-01-29;724;257;26683;853;2.5;0.1
35;2021-01-30;139;17;26822;870;2.5;0.1
35;2021-01-31;0;0;26822;870;2.5;0.1
35;2021-02-01;670;282;27492;1152;2.5;0.1
35;2021-02-02;726;411;28218;1563;2.6;0.1
35;2021-02-03;661;471;28879;2034;2.7;0.2
35;2021-02-04;591;588;29470;2622;2.7;0.2
35;2021-02-05;624;511;30094;3133;2.8;0.3
35;2021-02-06;175;4;30269;3137;2.8;0.3
35;2021-02-07;1;0;30270;3137;2.8;0.3
35;2021-02-08;446;553;30716;3690;2.8;0.3
35;2021-02-09;1715;3443;32431;7133;3.0;0.7
35;2021-02-10;1368;2568;33799;9701;3.1;0.9
35;2021-02-11;1946;3063;35745;12764;3.3;1.2
35;2021-02-12;1662;1572;37407;14336;3.5;1.3
35;2021-02-13;58;233;37465;14569;3.5;1.3
35;2021-02-14;8;68;37473;14637;3.5;1.4
35;2021-02-15;771;848;38244;15485;3.5;1.4
35;2021-02-16;920;806;39164;16291;3.6;1.5
35;2021-02-17;892;904;40056;17195;3.7;1.6
35;2021-02-18;1015;828;41071;18023;3.8;1.7
35;2021-02-19;1012;779;42083;18802;3.9;1.7
35;2021-02-20;143;40;42226;18842;3.9;1.7
35;2021-02-21;5;0;42231;18842;3.9;1.7
35;2021-02-22;777;669;43008;19511;4.0;1.8
35;2021-02-23;1288;714;44296;20225;4.1;1.9
35;2021-02-24;1404;691;45700;20916;4.2;1.9
35;2021-02-25;2249;668;47949;21584;4.4;2.0
35;2021-02-26;2601;618;50550;22202;4.7;2.1
35;2021-02-27;869;87;51419;22289;4.8;2.1
35;2021-02-28;10;0;51429;22289;4.8;2.1
35;2021-03-01;962;592;52391;22881;4.8;2.1
35;2021-03-02;1634;1861;54025;24742;5.0;2.3
35;2021-03-03;1913;876;55938;25618;5.2;2.4
35;2021-03-04;2918;1319;58856;26937;5.4;2.5
35;2021-03-05;3717;1275;62573;28212;5.8;2.6
35;2021-03-06;1339;82;63912;28294;5.9;2.6
35;2021-03-07;1;40;63913;28334;5.9;2.6
35;2021-03-08;1474;547;65387;28881;6.0;2.7
35;2021-03-09;3235;562;68622;29443;6.3;2.7
35;2021-03-10;2905;530;71527;29973;6.6;2.8
35;2021-03-11;4199;662;75726;30635;7.0;2.8
35;2021-03-12;6048;534;81774;31169;7.6;2.9
35;2021-03-13;2427;128;84201;31297;7.8;2.9
35;2021-03-14;18;25;84219;31322;7.8;2.9
35;2021-03-15;1966;664;86185;31986;8.0;3.0
35;2021-03-16;2505;717;88690;32703;8.2;3.0
35;2021-03-17;2397;592;91087;33295;8.4;3.1
35;2021-03-18;2336;583;93423;33878;8.6;3.1
35;2021-03-19;3546;496;96969;34374;9.0;3.2
35;2021-03-20;1542;108;98511;34482;9.1;3.2
35;2021-03-21;38;1;98549;34483;9.1;3.2
35;2021-03-22;1750;836;100299;35319;9.3;3.3
35;2021-03-23;3626;1168;103925;36487;9.6;3.4
35;2021-03-24;3731;982;107656;37469;9.9;3.5
35;2021-03-25;5328;983;112984;38452;10.4;3.6
35;2021-03-26;5851;803;118835;39255;11.0;3.6
35;2021-03-27;1416;208;120251;39463;11.1;3.6
35;2021-03-28;4;0;120255;39463;11.1;3.6
35;2021-03-29;2780;905;123035;40368;11.4;3.7
35;2021-03-30;4292;1322;127327;41690;11.8;3.9
35;2021-03-31;3471;1332;130798;43022;12.1;4.0
35;2021-04-01;4252;1239;135050;44261;12.5;4.1
35;2021-04-02;4864;1205;139914;45466;12.9;4.2
35;2021-04-03;764;213;140678;45679;13.0;4.2
35;2021-04-04;6;0;140684;45679;13.0;4.2
35;2021-04-05;23;1;140707;45680;13.0;4.2
35;2021-04-06;3283;2022;143990;47702;13.3;4.4
35;2021-04-07;3966;1842;147956;49544;13.7;4.6
35;2021-04-08;5803;1590;153759;51134;14.2;4.7
35;2021-04-09;7427;1412;161186;52546;14.9;4.9
35;2021-04-10;1861;250;163047;52796;15.1;4.9
35;2021-04-11;35;23;163082;52819;15.1;4.9
35;2021-04-12;5137;1594;168219;54413;15.5;5.0
35;2021-04-13;7626;2782;175845;57195;16.3;5.3
35;2021-04-14;6312;2298;182157;59493;16.8;5.5
35;2021-04-15;7566;2176;189723;61669;17.5;5.7
35;2021-04-16;8081;1760;197804;63429;18.3;5.9
35;2021-04-17;1571;223;199375;63652;18.4;5.9
35;2021-04-18;10;4;199385;63656;18.4;5.9
35;2021-04-19;4820;1668;204205;65324;18.9;6.0
35;2021-04-20;5163;2637;209368;67961;19.3;6.3
35;2021-04-21;5134;2208;214502;70169;19.8;6.5
35;2021-04-22;6430;2326;220932;72495;20.4;6.7
35;2021-04-23;6822;2362;227754;74857;21.0;6.9
35;2021-04-24;1131;262;228885;75119;21.2;6.9
35;2021-04-25;8;16;228893;75135;21.2;6.9
35;2021-04-26;5101;2152;233994;77287;21.6;7.1
35;2021-04-27;6092;3193;240086;80480;22.2;7.4
35;2021-04-28;6173;2557;246259;83037;22.8;7.7
35;2021-04-29;7116;2735;253375;85772;23.4;7.9
35;2021-04-30;7562;2525;260937;88297;24.1;8.2
35;2021-05-01;618;239;261555;88536;24.2;8.2
35;2021-05-02;15;21;261570;88557;24.2;8.2
35;2021-05-03;5308;2328;266878;90885;24.7;8.4
35;2021-05-04;5071;5319;271949;96204;25.1;8.9
35;2021-05-05;4883;4438;276832;100642;25.6;9.3
35;2021-05-06;6177;5260;283009;105902;26.2;9.8
35;2021-05-07;5619;5225;288628;111127;26.7;10.3
35;2021-05-08;1720;135;290348;111262;26.8;10.3
35;2021-05-09;698;75;291046;111337;26.9;10.3
35;2021-05-10;3724;4951;294770;116288;27.2;10.7
35;2021-05-11;4775;5796;299545;122084;27.7;11.3
35;2021-05-12;5291;5491;304836;127575;28.2;11.8
35;2021-05-13;2702;1427;307538;129002;28.4;11.9
35;2021-05-14;5460;4327;312998;133329;28.9;12.3
35;2021-05-15;2930;718;315928;134047;29.2;12.4
35;2021-05-16;999;61;316927;134108;29.3;12.4
35;2021-05-17;4475;3882;321402;137990;29.7;12.8
35;2021-05-18;5838;4321;327240;142311;30.2;13.2
35;2021-05-19;5867;3632;333107;145943;30.8;13.5
35;2021-05-20;6448;3997;339555;149940;31.4;13.9
35;2021-05-21;6141;4759;345696;154699;31.9;14.3
35;2021-05-22;2118;728;347814;155427;32.1;14.4
35;2021-05-23;688;46;348502;155473;32.2;14.4
35;2021-05-24;3207;1297;351709;156770;32.5;14.5
35;2021-05-25;5544;4270;357253;161040;33.0;14.9
35;2021-05-26;5726;4154;362979;165194;33.5;15.3
35;2021-05-27;6528;4757;369507;169951;34.1;15.7
35;2021-05-28;6332;5552;375839;175503;34.7;16.2
35;2021-05-29;2875;1138;378714;176641;35.0;16.3
35;2021-05-30;877;39;379591;176680;35.1;16.3
35;2021-05-31;6312;4381;385903;181061;35.7;16.7
35;2021-06-01;7366;5106;393269;186167;36.3;17.2
35;2021-06-02;7221;3791;400490;189958;37.0;17.6
35;2021-06-03;8155;4986;408645;194944;37.8;18.0
35;2021-06-04;7274;7449;415919;202393;38.4;18.7
35;2021-06-05;4139;1580;420058;203973;38.8;18.9
35;2021-06-06;3055;146;423113;204119;39.1;18.9
35;2021-06-07;5782;5775;428895;209894;39.6;19.4
35;2021-06-08;7602;5949;436497;215843;40.3;19.9
35;2021-06-09;8465;4805;444962;220648;41.1;20.4
35;2021-06-10;9349;4736;454311;225384;42.0;20.8
35;2021-06-11;8635;7469;462946;232853;42.8;21.5
35;2021-06-12;4688;1208;467634;234061;43.2;21.6
35;2021-06-13;3386;226;471020;234287;43.5;21.7
35;2021-06-14;6233;6517;477253;240804;44.1;22.3
35;2021-06-15;7506;6962;484759;247766;44.8;22.9
35;2021-06-16;8326;5622;493085;253388;45.6;23.4
35;2021-06-17;8895;5904;501980;259292;46.4;24.0
35;2021-06-18;8719;8095;510699;267387;47.2;24.7
35;2021-06-19;1504;2511;512203;269898;47.3;24.9
35;2021-06-20;2955;883;515158;270781;47.6;25.0
35;2021-06-21;5932;6372;521090;277153;48.2;25.6
35;2021-06-22;6843;7497;527933;284650;48.8;26.3
35;2021-06-23;7252;6145;535185;290795;49.5;26.9
35;2021-06-24;8371;5922;543556;296717;50.2;27.4
35;2021-06-25;6630;8476;550186;305193;50.8;28.2
35;2021-06-26;1107;3076;551293;308269;50.9;28.5
35;2021-06-27;2637;1031;553930;309300;51.2;28.6
35;2021-06-28;4296;7758;558226;317058;51.6;29.3
35;2021-06-29;5091;7970;563317;325028;52.1;30.0
35;2021-06-30;5603;7892;568920;332920;52.6;30.8
35;2021-07-01;6586;7537;575506;340457;53.2;31.5
35;2021-07-02;5334;9857;580840;350314;53.7;32.4
35;2021-07-03;1084;2838;581924;353152;53.8;32.6
35;2021-07-04;2149;1554;584073;354706;54.0;32.8
35;2021-07-05;3737;8206;587810;362912;54.3;33.5
35;2021-07-06;4789;9472;592599;372384;54.8;34.4
35;2021-07-07;5059;8319;597658;380703;55.2;35.2
35;2021-07-08;5387;8485;603045;389188;55.7;36.0
35;2021-07-09;3907;11543;606952;400731;56.1;37.0
35;2021-07-10;892;3149;607844;403880;56.2;37.3
35;2021-07-11;1301;2355;609145;406235;56.3;37.5
35;2021-07-12;3121;9145;612266;415380;56.6;38.4
35;2021-07-13;3982;10749;616248;426129;57.0;39.4
35;2021-07-14;2152;4449;618400;430578;57.1;39.8
35;2021-07-15;4294;10182;622694;440760;57.5;40.7
35;2021-07-16;4800;11004;627494;451764;58.0;41.7
35;2021-07-17;1986;4065;629480;455829;58.2;42.1
35;2021-07-18;845;2571;630325;458400;58.3;42.4
35;2021-07-19;3253;8970;633578;467370;58.6;43.2
35;2021-07-20;4243;10588;637821;477958;58.9;44.2
35;2021-07-21;4372;9383;642193;487341;59.3;45.0
35;2021-07-22;4848;9655;647041;496996;59.8;45.9
35;2021-07-23;4566;11011;651607;508007;60.2;46.9
35;2021-07-24;1587;4267;653194;512274;60.4;47.3
35;2021-07-25;816;2844;654010;515118;60.4;47.6
35;2021-07-26;3892;8737;657902;523855;60.8;48.4
35;2021-07-27;5282;9650;663184;533505;61.3;49.3
35;2021-07-28;5320;8669;668504;542174;61.8;50.1
35;2021-07-29;6111;8336;674615;550510;62.3;50.9
35;2021-07-30;5904;9086;680519;559596;62.9;51.7
35;2021-07-31;2319;3655;682838;563251;63.1;52.1
35;2021-08-01;1525;2411;684363;565662;63.2;52.3
35;2021-08-02;4757;6951;689120;572613;63.7;52.9
35;2021-08-03;6713;7579;695833;580192;64.3;53.6
35;2021-08-04;6711;6589;702544;586781;64.9;54.2
35;2021-08-05;6683;6980;709227;593761;65.5;54.9
35;2021-08-06;6062;7323;715289;601084;66.1;55.5
35;2021-08-07;2108;3149;717397;604233;66.3;55.8
35;2021-08-08;1525;2256;718922;606489;66.4;56.0
35;2021-08-09;4616;5536;723538;612025;66.9;56.6
35;2021-08-10;6565;6377;730103;618402;67.5;57.1
35;2021-08-11;6470;5863;736573;624265;68.1;57.7
35;2021-08-12;7003;5583;743576;629848;68.7;58.2
35;2021-08-13;6671;5062;750247;634910;69.3;58.7
35;2021-08-14;3048;1983;753295;636893;69.6;58.9
35;2021-08-15;2473;1256;755768;638149;69.8;59.0
35;2021-08-16;4862;5293;760630;643442;70.3;59.5
35;2021-08-17;6383;6076;767013;649518;70.9;60.0
35;2021-08-18;6471;5625;773484;655143;71.5;60.5
35;2021-08-19;6278;5754;779762;660897;72.1;61.1
35;2021-08-20;5122;6346;784884;667243;72.5;61.7
35;2021-08-21;2381;2631;787265;669874;72.8;61.9
35;2021-08-22;1762;1793;789027;671667;72.9;62.1
35;2021-08-23;3089;6010;792116;677677;73.2;62.6
35;2021-08-24;3466;7220;795582;684897;73.5;63.3
35;2021-08-25;3287;6614;798869;691511;73.8;63.9
35;2021-08-26;2615;6889;801484;698400;74.1;64.5
35;2021-08-27;2750;7258;804234;705658;74.3;65.2
35;2021-08-28;1175;2952;805409;708610;74.4;65.5
35;2021-08-29;519;1759;805928;710369;74.5;65.6
35;2021-08-30;1963;5487;807891;715856;74.7;66.2
35;2021-08-31;2342;6507;810233;722363;74.9;66.8
35;2021-09-01;1910;6090;812143;728453;75.1;67.3
35;2021-09-02;1829;6169;813972;734622;75.2;67.9
35;2021-09-03;2015;7045;815987;741667;75.4;68.5
35;2021-09-04;1119;4095;817106;745762;75.5;68.9
35;2021-09-05;517;2074;817623;747836;75.6;69.1
35;2021-09-06;1125;5007;818748;752843;75.7;69.6
35;2021-09-07;1308;5409;820056;758252;75.8;70.1
35;2021-09-08;1331;6255;821387;764507;75.9;70.7
35;2021-09-09;1244;5308;822631;769815;76.0;71.1
35;2021-09-10;1562;6569;824193;776384;76.2;71.7
35;2021-09-11;622;3897;824815;780281;76.2;72.1
35;2021-09-12;285;2374;825100;782655;76.3;72.3
35;2021-09-13;1302;4301;826402;786956;76.4;72.7
36;2020-12-27;0;0;0;0;0.0;0.0
36;2020-12-28;0;0;0;0;0.0;0.0
36;2020-12-29;0;0;0;0;0.0;0.0
36;2020-12-30;0;0;0;0;0.0;0.0
36;2020-12-31;0;0;0;0;0.0;0.0
36;2021-01-01;0;0;0;0;0.0;0.0
36;2021-01-02;0;0;0;0;0.0;0.0
36;2021-01-03;0;0;0;0;0.0;0.0
36;2021-01-04;2;0;2;0;0.0;0.0
36;2021-01-05;0;0;2;0;0.0;0.0
36;2021-01-06;24;0;26;0;0.0;0.0
36;2021-01-07;51;0;77;0;0.0;0.0
36;2021-01-08;111;0;188;0;0.1;0.0
36;2021-01-09;84;0;272;0;0.1;0.0
36;2021-01-10;142;0;414;0;0.2;0.0
36;2021-01-11;240;1;654;1;0.3;0.0
36;2021-01-12;282;0;936;1;0.4;0.0
36;2021-01-13;198;1;1134;2;0.5;0.0
36;2021-01-14;505;3;1639;5;0.8;0.0
36;2021-01-15;179;1;1818;6;0.8;0.0
36;2021-01-16;24;1;1842;7;0.8;0.0
36;2021-01-17;19;1;1861;8;0.9;0.0
36;2021-01-18;613;3;2474;11;1.1;0.0
36;2021-01-19;1174;1;3648;12;1.7;0.0
36;2021-01-20;1102;2;4750;14;2.2;0.0
36;2021-01-21;721;0;5471;14;2.5;0.0
36;2021-01-22;857;2;6328;16;2.9;0.0
36;2021-01-23;295;0;6623;16;3.1;0.0
36;2021-01-24;185;0;6808;16;3.1;0.0
36;2021-01-25;640;4;7448;20;3.4;0.0
36;2021-01-26;610;1;8058;21;3.7;0.0
36;2021-01-27;852;19;8910;40;4.1;0.0
36;2021-01-28;478;35;9388;75;4.3;0.0
36;2021-01-29;573;88;9961;163;4.6;0.1
36;2021-01-30;288;61;10249;224;4.7;0.1
36;2021-01-31;115;117;10364;341;4.8;0.2
36;2021-02-01;378;99;10742;440;4.9;0.2
36;2021-02-02;410;167;11152;607;5.1;0.3
36;2021-02-03;473;255;11625;862;5.4;0.4
36;2021-02-04;275;247;11900;1109;5.5;0.5
36;2021-02-05;302;155;12202;1264;5.6;0.6
36;2021-02-06;1;0;12203;1264;5.6;0.6
36;2021-02-07;1;0;12204;1264;5.6;0.6
36;2021-02-08;280;201;12484;1465;5.7;0.7
36;2021-02-09;328;578;12812;2043;5.9;0.9
36;2021-02-10;490;612;13302;2655;6.1;1.2
36;2021-02-11;384;568;13686;3223;6.3;1.5
36;2021-02-12;303;414;13989;3637;6.4;1.7
36;2021-02-13;126;55;14115;3692;6.5;1.7
36;2021-02-14;22;22;14137;3714;6.5;1.7
36;2021-02-15;42;458;14179;4172;6.5;1.9
36;2021-02-16;107;330;14286;4502;6.6;2.1
36;2021-02-17;117;493;14403;4995;6.6;2.3
36;2021-02-18;161;531;14564;5526;6.7;2.5
36;2021-02-19;181;421;14745;5947;6.8;2.7
36;2021-02-20;86;198;14831;6145;6.8;2.8
36;2021-02-21;87;127;14918;6272;6.9;2.9
36;2021-02-22;162;401;15080;6673;6.9;3.1
36;2021-02-23;62;510;15142;7183;7.0;3.3
36;2021-02-24;110;565;15252;7748;7.0;3.6
36;2021-02-25;251;228;15503;7976;7.1;3.7
36;2021-02-26;339;405;15842;8381;7.3;3.9
36;2021-02-27;73;221;15915;8602;7.3;4.0
36;2021-02-28;13;79;15928;8681;7.3;4.0
36;2021-03-01;218;306;16146;8987;7.4;4.1
36;2021-03-02;352;330;16498;9317;7.6;4.3
36;2021-03-03;394;491;16892;9808;7.8;4.5
36;2021-03-04;663;326;17555;10134;8.1;4.7
36;2021-03-05;799;275;18354;10409;8.5;4.8
36;2021-03-06;410;17;18764;10426;8.6;4.8
36;2021-03-07;339;7;19103;10433;8.8;4.8
36;2021-03-08;251;292;19354;10725;8.9;4.9
36;2021-03-09;449;246;19803;10971;9.1;5.1
36;2021-03-10;724;391;20527;11362;9.5;5.2
36;2021-03-11;840;238;21367;11600;9.8;5.3
36;2021-03-12;1446;295;22813;11895;10.5;5.5
36;2021-03-13;575;124;23388;12019;10.8;5.5
36;2021-03-14;113;1;23501;12020;10.8;5.5
36;2021-03-15;649;156;24150;12176;11.1;5.6
36;2021-03-16;447;67;24597;12243;11.3;5.6
36;2021-03-17;766;90;25363;12333;11.7;5.7
36;2021-03-18;414;72;25777;12405;11.9;5.7
36;2021-03-19;738;40;26515;12445;12.2;5.7
36;2021-03-20;451;26;26966;12471;12.4;5.7
36;2021-03-21;0;0;26966;12471;12.4;5.7
36;2021-03-22;497;59;27463;12530;12.6;5.8
36;2021-03-23;777;58;28240;12588;13.0;5.8
36;2021-03-24;1090;77;29330;12665;13.5;5.8
36;2021-03-25;1337;89;30667;12754;14.1;5.9
36;2021-03-26;1419;158;32086;12912;14.8;5.9
36;2021-03-27;475;43;32561;12955;15.0;6.0
36;2021-03-28;68;57;32629;13012;15.0;6.0
36;2021-03-29;462;182;33091;13194;15.2;6.1
36;2021-03-30;584;263;33675;13457;15.5;6.2
36;2021-03-31;1263;172;34938;13629;16.1;6.3
36;2021-04-01;1086;430;36024;14059;16.6;6.5
36;2021-04-02;966;143;36990;14202;17.0;6.5
36;2021-04-03;282;176;37272;14378;17.2;6.6
36;2021-04-04;42;2;37314;14380;17.2;6.6
36;2021-04-05;15;46;37329;14426;17.2;6.6
36;2021-04-06;821;361;38150;14787;17.6;6.8
36;2021-04-07;1073;539;39223;15326;18.1;7.1
36;2021-04-08;1347;479;40570;15805;18.7;7.3
36;2021-04-09;1939;403;42509;16208;19.6;7.5
36;2021-04-10;592;243;43101;16451;19.8;7.6
36;2021-04-11;256;90;43357;16541;20.0;7.6
36;2021-04-12;848;561;44205;17102;20.4;7.9
36;2021-04-13;1140;517;45345;17619;20.9;8.1
36;2021-04-14;1582;864;46927;18483;21.6;8.5
36;2021-04-15;1654;473;48581;18956;22.4;8.7
36;2021-04-16;1488;466;50069;19422;23.1;8.9
36;2021-04-17;893;250;50962;19672;23.5;9.1
36;2021-04-18;383;7;51345;19679;23.6;9.1
36;2021-04-19;874;443;52219;20122;24.0;9.3
36;2021-04-20;1145;521;53364;20643;24.6;9.5
36;2021-04-21;1240;879;54604;21522;25.1;9.9
36;2021-04-22;1593;870;56197;22392;25.9;10.3
36;2021-04-23;1327;613;57524;23005;26.5;10.6
36;2021-04-24;678;381;58202;23386;26.8;10.8
36;2021-04-25;413;94;58615;23480;27.0;10.8
36;2021-04-26;1134;446;59749;23926;27.5;11.0
36;2021-04-27;1278;551;61027;24477;28.1;11.3
36;2021-04-28;1488;1062;62515;25539;28.8;11.8
36;2021-04-29;2016;703;64531;26242;29.7;12.1
36;2021-04-30;1553;458;66084;26700;30.4;12.3
36;2021-05-01;724;62;66808;26762;30.8;12.3
36;2021-05-02;498;64;67306;26826;31.0;12.4
36;2021-05-03;1292;316;68598;27142;31.6;12.5
36;2021-05-04;780;804;69378;27946;32.0;12.9
36;2021-05-05;1283;1304;70661;29250;32.5;13.5
36;2021-05-06;2138;795;72799;30045;33.5;13.8
36;2021-05-07;1469;765;74268;30810;34.2;14.2
36;2021-05-08;306;105;74574;30915;34.3;14.2
36;2021-05-09;174;343;74748;31258;34.4;14.4
36;2021-05-10;1216;814;75964;32072;35.0;14.8
36;2021-05-11;1725;1248;77689;33320;35.8;15.3
36;2021-05-12;1827;1484;79516;34804;36.6;16.0
36;2021-05-13;548;304;80064;35108;36.9;16.2
36;2021-05-14;701;1037;80765;36145;37.2;16.6
36;2021-05-15;635;591;81400;36736;37.5;16.9
36;2021-05-16;337;377;81737;37113;37.6;17.1
36;2021-05-17;615;943;82352;38056;37.9;17.5
36;2021-05-18;874;936;83226;38992;38.3;18.0
36;2021-05-19;1333;846;84559;39838;38.9;18.3
36;2021-05-20;1611;1205;86170;41043;39.7;18.9
36;2021-05-21;1107;1064;87277;42107;40.2;19.4
36;2021-05-22;678;342;87955;42449;40.5;19.5
36;2021-05-23;429;297;88384;42746;40.7;19.7
36;2021-05-24;506;469;88890;43215;40.9;19.9
36;2021-05-25;1046;685;89936;43900;41.4;20.2
36;2021-05-26;1473;1159;91409;45059;42.1;20.8
36;2021-05-27;1397;976;92806;46035;42.7;21.2
36;2021-05-28;921;1481;93727;47516;43.2;21.9
36;2021-05-29;700;507;94427;48023;43.5;22.1
36;2021-05-30;111;572;94538;48595;43.5;22.4
36;2021-05-31;1137;763;95675;49358;44.1;22.7
36;2021-06-01;1412;828;97087;50186;44.7;23.1
36;2021-06-02;2062;614;99149;50800;45.7;23.4
36;2021-06-03;1902;1202;101051;52002;46.5;23.9
36;2021-06-04;1774;1038;102825;53040;47.4;24.4
36;2021-06-05;693;657;103518;53697;47.7;24.7
36;2021-06-06;336;272;103854;53969;47.8;24.9
36;2021-06-07;983;808;104837;54777;48.3;25.2
36;2021-06-08;958;981;105795;55758;48.7;25.7
36;2021-06-09;1675;1061;107470;56819;49.5;26.2
36;2021-06-10;1530;1382;109000;58201;50.2;26.8
36;2021-06-11;1289;1494;110289;59695;50.8;27.5
36;2021-06-12;920;779;111209;60474;51.2;27.9
36;2021-06-13;343;269;111552;60743;51.4;28.0
36;2021-06-14;606;1268;112158;62011;51.7;28.6
36;2021-06-15;734;1215;112892;63226;52.0;29.1
36;2021-06-16;903;1518;113795;64744;52.4;29.8
36;2021-06-17;750;1901;114545;66645;52.8;30.7
36;2021-06-18;706;1878;115251;68523;53.1;31.6
36;2021-06-19;295;395;115546;68918;53.2;31.7
36;2021-06-20;235;327;115781;69245;53.3;31.9
36;2021-06-21;686;1449;116467;70694;53.6;32.6
36;2021-06-22;841;1552;117308;72246;54.0;33.3
36;2021-06-23;773;1788;118081;74034;54.4;34.1
36;2021-06-24;855;1523;118936;75557;54.8;34.8
36;2021-06-25;942;1218;119878;76775;55.2;35.4
36;2021-06-26;325;602;120203;77377;55.4;35.6
36;2021-06-27;105;267;120308;77644;55.4;35.8
36;2021-06-28;697;924;121005;78568;55.7;36.2
36;2021-06-29;688;1459;121693;80027;56.0;36.9
36;2021-06-30;837;2147;122530;82174;56.4;37.8
36;2021-07-01;351;1081;122881;83255;56.6;38.3
36;2021-07-02;748;1843;123629;85098;56.9;39.2
36;2021-07-03;466;885;124095;85983;57.2;39.6
36;2021-07-04;185;325;124280;86308;57.2;39.7
36;2021-07-05;494;1335;124774;87643;57.5;40.4
36;2021-07-06;491;1221;125265;88864;57.7;40.9
36;2021-07-07;586;1792;125851;90656;58.0;41.8
36;2021-07-08;550;1708;126401;92364;58.2;42.5
36;2021-07-09;786;1652;127187;94016;58.6;43.3
36;2021-07-10;470;1119;127657;95135;58.8;43.8
36;2021-07-11;257;154;127914;95289;58.9;43.9
36;2021-07-12;332;1628;128246;96917;59.1;44.6
36;2021-07-13;312;1937;128558;98854;59.2;45.5
36;2021-07-14;376;763;128934;99617;59.4;45.9
36;2021-07-15;917;2164;129851;101781;59.8;46.9
36;2021-07-16;628;1872;130479;103653;60.1;47.7
36;2021-07-17;400;859;130879;104512;60.3;48.1
36;2021-07-18;199;408;131078;104920;60.4;48.3
36;2021-07-19;552;1455;131630;106375;60.6;49.0
36;2021-07-20;776;1406;132406;107781;61.0;49.6
36;2021-07-21;713;1983;133119;109764;61.3;50.6
36;2021-07-22;1139;1687;134258;111451;61.8;51.3
36;2021-07-23;969;1741;135227;113192;62.3;52.1
36;2021-07-24;606;801;135833;113993;62.6;52.5
36;2021-07-25;148;404;135981;114397;62.6;52.7
36;2021-07-26;949;1085;136930;115482;63.1;53.2
36;2021-07-27;816;1354;137746;116836;63.4;53.8
36;2021-07-28;1385;1401;139131;118237;64.1;54.5
36;2021-07-29;1707;1308;140838;119545;64.9;55.1
36;2021-07-30;1448;1324;142286;120869;65.5;55.7
36;2021-07-31;933;536;143219;121405;66.0;55.9
36;2021-08-01;209;239;143428;121644;66.1;56.0
36;2021-08-02;1117;894;144545;122538;66.6;56.4
36;2021-08-03;1272;994;145817;123532;67.2;56.9
36;2021-08-04;1693;938;147510;124470;67.9;57.3
36;2021-08-05;1823;910;149333;125380;68.8;57.7
36;2021-08-06;1419;878;150752;126258;69.4;58.1
36;2021-08-07;541;527;151293;126785;69.7;58.4
36;2021-08-08;292;154;151585;126939;69.8;58.5
36;2021-08-09;818;846;152403;127785;70.2;58.8
36;2021-08-10;1067;1013;153470;128798;70.7;59.3
36;2021-08-11;1355;857;154825;129655;71.3;59.7
36;2021-08-12;1159;855;155984;130510;71.8;60.1
36;2021-08-13;1187;777;157171;131287;72.4;60.5
36;2021-08-14;426;838;157597;132125;72.6;60.8
36;2021-08-15;363;113;157960;132238;72.7;60.9
36;2021-08-16;606;957;158566;133195;73.0;61.3
36;2021-08-17;766;1000;159332;134195;73.4;61.8
36;2021-08-18;1038;1163;160370;135358;73.9;62.3
36;2021-08-19;838;1182;161208;136540;74.2;62.9
36;2021-08-20;485;1477;161693;138017;74.5;63.6
36;2021-08-21;309;467;162002;138484;74.6;63.8
36;2021-08-22;27;65;162029;138549;74.6;63.8
36;2021-08-23;549;1178;162578;139727;74.9;64.3
36;2021-08-24;588;1205;163166;140932;75.1;64.9
36;2021-08-25;461;1093;163627;142025;75.4;65.4
36;2021-08-26;666;1479;164293;143504;75.7;66.1
36;2021-08-27;528;1410;164821;144914;75.9;66.7
36;2021-08-28;368;580;165189;145494;76.1;67.0
36;2021-08-29;220;239;165409;145733;76.2;67.1
36;2021-08-30;246;748;165655;146481;76.3;67.5
36;2021-08-31;387;932;166042;147413;76.5;67.9
36;2021-09-01;385;1219;166427;148632;76.6;68.5
36;2021-09-02;324;1054;166751;149686;76.8;68.9
36;2021-09-03;296;1492;167047;151178;76.9;69.6
36;2021-09-04;248;867;167295;152045;77.0;70.0
36;2021-09-05;119;382;167414;152427;77.1;70.2
36;2021-09-06;149;1040;167563;153467;77.2;70.7
36;2021-09-07;190;853;167753;154320;77.3;71.1
36;2021-09-08;236;1303;167989;155623;77.4;71.7
36;2021-09-09;291;1010;168280;156633;77.5;72.1
36;2021-09-10;269;1140;168549;157773;77.6;72.7
36;2021-09-11;162;761;168711;158534;77.7;73.0
36;2021-09-12;82;236;168793;158770;77.7;73.1
36;2021-09-13;167;731;168960;159501;77.8;73.5
37;2020-12-27;0;0;0;0;0.0;0.0
37;2020-12-28;17;0;17;0;0.0;0.0
37;2020-12-29;10;0;27;0;0.0;0.0
37;2020-12-30;0;0;27;0;0.0;0.0
37;2020-12-31;0;0;27;0;0.0;0.0
37;2021-01-01;0;0;27;0;0.0;0.0
37;2021-01-02;0;0;27;0;0.0;0.0
37;2021-01-03;0;0;27;0;0.0;0.0
37;2021-01-04;21;0;48;0;0.0;0.0
37;2021-01-05;47;0;95;0;0.0;0.0
37;2021-01-06;79;0;174;0;0.0;0.0
37;2021-01-07;116;0;290;0;0.0;0.0
37;2021-01-08;442;1;732;1;0.1;0.0
37;2021-01-09;80;1;812;2;0.1;0.0
37;2021-01-10;83;0;895;2;0.1;0.0
37;2021-01-11;280;0;1175;2;0.2;0.0
37;2021-01-12;658;4;1833;6;0.3;0.0
37;2021-01-13;560;1;2393;7;0.4;0.0
37;2021-01-14;523;3;2916;10;0.5;0.0
37;2021-01-15;628;1;3544;11;0.6;0.0
37;2021-01-16;304;2;3848;13;0.6;0.0
37;2021-01-17;262;1;4110;14;0.7;0.0
37;2021-01-18;733;9;4843;23;0.8;0.0
37;2021-01-19;1243;10;6086;33;1.0;0.0
37;2021-01-20;1038;3;7124;36;1.2;0.0
37;2021-01-21;856;1;7980;37;1.3;0.0
37;2021-01-22;768;2;8748;39;1.4;0.0
37;2021-01-23;173;0;8921;39;1.5;0.0
37;2021-01-24;0;0;8921;39;1.5;0.0
37;2021-01-25;541;15;9462;54;1.6;0.0
37;2021-01-26;1814;63;11276;117;1.9;0.0
37;2021-01-27;1524;68;12800;185;2.1;0.0
37;2021-01-28;1531;87;14331;272;2.4;0.0
37;2021-01-29;634;305;14965;577;2.5;0.1
37;2021-01-30;202;53;15167;630;2.5;0.1
37;2021-01-31;15;52;15182;682;2.5;0.1
37;2021-02-01;332;182;15514;864;2.6;0.1
37;2021-02-02;523;494;16037;1358;2.6;0.2
37;2021-02-03;659;331;16696;1689;2.8;0.3
37;2021-02-04;548;386;17244;2075;2.8;0.3
37;2021-02-05;466;406;17710;2481;2.9;0.4
37;2021-02-06;189;2;17899;2483;3.0;0.4
37;2021-02-07;20;1;17919;2484;3.0;0.4
37;2021-02-08;332;281;18251;2765;3.0;0.5
37;2021-02-09;626;660;18877;3425;3.1;0.6
37;2021-02-10;664;480;19541;3905;3.2;0.6
37;2021-02-11;612;526;20153;4431;3.3;0.7
37;2021-02-12;489;520;20642;4951;3.4;0.8
37;2021-02-13;156;169;20798;5120;3.4;0.8
37;2021-02-14;2;70;20800;5190;3.4;0.9
37;2021-02-15;426;392;21226;5582;3.5;0.9
37;2021-02-16;841;1335;22067;6917;3.6;1.1
37;2021-02-17;635;1243;22702;8160;3.8;1.3
37;2021-02-18;913;1315;23615;9475;3.9;1.6
37;2021-02-19;795;743;24410;10218;4.0;1.7
37;2021-02-20;245;160;24655;10378;4.1;1.7
37;2021-02-21;5;1;24660;10379;4.1;1.7
37;2021-02-22;335;470;24995;10849;4.1;1.8
37;2021-02-23;606;511;25601;11360;4.2;1.9
37;2021-02-24;572;494;26173;11854;4.3;2.0
37;2021-02-25;875;489;27048;12343;4.5;2.0
37;2021-02-26;1116;478;28164;12821;4.7;2.1
37;2021-02-27;585;142;28749;12963;4.7;2.1
37;2021-02-28;23;0;28772;12963;4.8;2.1
37;2021-03-01;603;310;29375;13273;4.9;2.2
37;2021-03-02;1090;460;30465;13733;5.0;2.3
37;2021-03-03;973;444;31438;14177;5.2;2.3
37;2021-03-04;1607;419;33045;14596;5.5;2.4
37;2021-03-05;2129;495;35174;15091;5.8;2.5
37;2021-03-06;1165;182;36339;15273;6.0;2.5
37;2021-03-07;472;66;36811;15339;6.1;2.5
37;2021-03-08;668;368;37479;15707;6.2;2.6
37;2021-03-09;1652;641;39131;16348;6.5;2.7
37;2021-03-10;1606;693;40737;17041;6.7;2.8
37;2021-03-11;2049;650;42786;17691;7.1;2.9
37;2021-03-12;3209;460;45995;18151;7.6;3.0
37;2021-03-13;1947;182;47942;18333;7.9;3.0
37;2021-03-14;206;4;48148;18337;8.0;3.0
37;2021-03-15;1069;243;49217;18580;8.1;3.1
37;2021-03-16;1049;525;50266;19105;8.3;3.2
37;2021-03-17;934;278;51200;19383;8.5;3.2
37;2021-03-18;1035;519;52235;19902;8.6;3.3
37;2021-03-19;2218;339;54453;20241;9.0;3.3
37;2021-03-20;1334;140;55787;20381;9.2;3.4
37;2021-03-21;204;3;55991;20384;9.2;3.4
37;2021-03-22;1287;238;57278;20622;9.5;3.4
37;2021-03-23;2257;565;59535;21187;9.8;3.5
37;2021-03-24;2246;464;61781;21651;10.2;3.6
37;2021-03-25;2985;441;64766;22092;10.7;3.6
37;2021-03-26;3524;402;68290;22494;11.3;3.7
37;2021-03-27;1175;125;69465;22619;11.5;3.7
37;2021-03-28;139;1;69604;22620;11.5;3.7
37;2021-03-29;1605;346;71209;22966;11.8;3.8
37;2021-03-30;2524;618;73733;23584;12.2;3.9
37;2021-03-31;2048;483;75781;24067;12.5;4.0
37;2021-04-01;2601;965;78382;25032;12.9;4.1
37;2021-04-02;2811;667;81193;25699;13.4;4.2
37;2021-04-03;818;223;82011;25922;13.5;4.3
37;2021-04-04;104;1;82115;25923;13.6;4.3
37;2021-04-05;4;0;82119;25923;13.6;4.3
37;2021-04-06;2241;781;84360;26704;13.9;4.4
37;2021-04-07;3173;873;87533;27577;14.5;4.6
37;2021-04-08;4045;965;91578;28542;15.1;4.7
37;2021-04-09;4546;947;96124;29489;15.9;4.9
37;2021-04-10;1328;429;97452;29918;16.1;4.9
37;2021-04-11;104;1;97556;29919;16.1;4.9
37;2021-04-12;2644;675;100200;30594;16.6;5.1
37;2021-04-13;4114;1163;104314;31757;17.2;5.2
37;2021-04-14;3044;895;107358;32652;17.7;5.4
37;2021-04-15;3759;1018;111117;33670;18.4;5.6
37;2021-04-16;4359;1229;115476;34899;19.1;5.8
37;2021-04-17;1147;223;116623;35122;19.3;5.8
37;2021-04-18;97;3;116720;35125;19.3;5.8
37;2021-04-19;2482;848;119202;35973;19.7;5.9
37;2021-04-20;3234;1339;122436;37312;20.2;6.2
37;2021-04-21;2930;1155;125366;38467;20.7;6.4
37;2021-04-22;3456;1400;128822;39867;21.3;6.6
37;2021-04-23;3692;1813;132514;41680;21.9;6.9
37;2021-04-24;1007;385;133521;42065;22.1;6.9
37;2021-04-25;46;2;133567;42067;22.1;6.9
37;2021-04-26;2971;1336;136538;43403;22.6;7.2
37;2021-04-27;4185;1802;140723;45205;23.2;7.5
37;2021-04-28;3464;1951;144187;47156;23.8;7.8
37;2021-04-29;4586;2004;148773;49160;24.6;8.1
37;2021-04-30;5056;1961;153829;51121;25.4;8.4
37;2021-05-01;638;209;154467;51330;25.5;8.5
37;2021-05-02;104;15;154571;51345;25.5;8.5
37;2021-05-03;2672;1957;157243;53302;26.0;8.8
37;2021-05-04;3731;2707;160974;56009;26.6;9.3
37;2021-05-05;3498;2074;164472;58083;27.2;9.6
37;2021-05-06;4994;1942;169466;60025;28.0;9.9
37;2021-05-07;4684;2870;174150;62895;28.8;10.4
37;2021-05-08;538;312;174688;63207;28.9;10.4
37;2021-05-09;63;41;174751;63248;28.9;10.4
37;2021-05-10;2159;3480;176910;66728;29.2;11.0
37;2021-05-11;3869;3873;180779;70601;29.9;11.7
37;2021-05-12;4041;2540;184820;73141;30.5;12.1
37;2021-05-13;1138;515;185958;73656;30.7;12.2
37;2021-05-14;4046;2676;190004;76332;31.4;12.6
37;2021-05-15;2323;743;192327;77075;31.8;12.7
37;2021-05-16;22;70;192349;77145;31.8;12.7
37;2021-05-17;2765;2041;195114;79186;32.2;13.1
37;2021-05-18;3875;2358;198989;81544;32.9;13.5
37;2021-05-19;3495;1808;202484;83352;33.4;13.8
37;2021-05-20;4752;1770;207236;85122;34.2;14.1
37;2021-05-21;4526;2571;211762;87693;35.0;14.5
37;2021-05-22;1078;752;212840;88445;35.2;14.6
37;2021-05-23;73;89;212913;88534;35.2;14.6
37;2021-05-24;513;106;213426;88640;35.3;14.6
37;2021-05-25;5125;2176;218551;90816;36.1;15.0
37;2021-05-26;4929;2098;223480;92914;36.9;15.3
37;2021-05-27;5988;2358;229468;95272;37.9;15.7
37;2021-05-28;6023;3248;235491;98520;38.9;16.3
37;2021-05-29;1520;1164;237011;99684;39.2;16.5
37;2021-05-30;55;160;237066;99844;39.2;16.5
37;2021-05-31;3648;2519;240714;102363;39.8;16.9
37;2021-06-01;5846;3614;246560;105977;40.7;17.5
37;2021-06-02;5077;2450;251637;108427;41.6;17.9
37;2021-06-03;6087;2877;257724;111304;42.6;18.4
37;2021-06-04;5511;4202;263235;115506;43.5;19.1
37;2021-06-05;1855;1300;265090;116806;43.8;19.3
37;2021-06-06;49;197;265139;117003;43.8;19.3
37;2021-06-07;3022;4166;268161;121169;44.3;20.0
37;2021-06-08;4202;4644;272363;125813;45.0;20.8
37;2021-06-09;3883;3570;276246;129383;45.6;21.4
37;2021-06-10;5270;3622;281516;133005;46.5;22.0
37;2021-06-11;4977;4824;286493;137829;47.3;22.8
37;2021-06-12;3553;1348;290046;139177;47.9;23.0
37;2021-06-13;15;164;290061;139341;47.9;23.0
37;2021-06-14;2668;4032;292729;143373;48.4;23.7
37;2021-06-15;3900;4779;296629;148152;49.0;24.5
37;2021-06-16;3259;3601;299888;151753;49.5;25.1
37;2021-06-17;4012;4493;303900;156246;50.2;25.8
37;2021-06-18;4705;5070;308605;161316;51.0;26.6
37;2021-06-19;2520;1099;311125;162415;51.4;26.8
37;2021-06-20;9;183;311134;162598;51.4;26.9
37;2021-06-21;2419;3827;313553;166425;51.8;27.5
37;2021-06-22;2970;5005;316523;171430;52.3;28.3
37;2021-06-23;2626;3641;319149;175071;52.7;28.9
37;2021-06-24;2874;3539;322023;178610;53.2;29.5
37;2021-06-25;3309;4876;325332;183486;53.7;30.3
37;2021-06-26;1240;3084;326572;186570;53.9;30.8
37;2021-06-27;23;142;326595;186712;53.9;30.8
37;2021-06-28;1703;4508;328298;191220;54.2;31.6
37;2021-06-29;1904;6222;330202;197442;54.5;32.6
37;2021-06-30;1871;4441;332073;201883;54.9;33.3
37;2021-07-01;2126;4794;334199;206677;55.2;34.1
37;2021-07-02;2680;5588;336879;212265;55.6;35.1
37;2021-07-03;945;2138;337824;214403;55.8;35.4
37;2021-07-04;5;105;337829;214508;55.8;35.4
37;2021-07-05;1709;5136;339538;219644;56.1;36.3
37;2021-07-06;2005;6759;341543;226403;56.4;37.4
37;2021-07-07;1945;5461;343488;231864;56.7;38.3
37;2021-07-08;2465;6663;345953;238527;57.1;39.4
37;2021-07-09;1988;7642;347941;246169;57.5;40.7
37;2021-07-10;1013;2618;348954;248787;57.6;41.1
37;2021-07-11;26;96;348980;248883;57.6;41.1
37;2021-07-12;1132;5982;350112;254865;57.8;42.1
37;2021-07-13;1616;7817;351728;262682;58.1;43.4
37;2021-07-14;524;407;352252;263089;58.2;43.5
37;2021-07-15;2625;7500;354877;270589;58.6;44.7
37;2021-07-16;2760;7799;357637;278388;59.1;46.0
37;2021-07-17;1202;2444;358839;280832;59.3;46.4
37;2021-07-18;50;53;358889;280885;59.3;46.4
37;2021-07-19;1652;6128;360541;287013;59.6;47.4
37;2021-07-20;2909;7066;363450;294079;60.0;48.6
37;2021-07-21;2983;5783;366433;299862;60.5;49.5
37;2021-07-22;4060;6533;370493;306395;61.2;50.6
37;2021-07-23;3810;7101;374303;313496;61.8;51.8
37;2021-07-24;1777;3306;376080;316802;62.1;52.3
37;2021-07-25;66;77;376146;316879;62.1;52.3
37;2021-07-26;3241;4321;379387;321200;62.7;53.1
37;2021-07-27;4433;4960;383820;326160;63.4;53.9
37;2021-07-28;4142;3658;387962;329818;64.1;54.5
37;2021-07-29;5088;4195;393050;334013;64.9;55.2
37;2021-07-30;5246;4934;398296;338947;65.8;56.0
37;2021-07-31;1924;1846;400220;340793;66.1;56.3
37;2021-08-01;31;52;400251;340845;66.1;56.3
37;2021-08-02;3294;3291;403545;344136;66.7;56.8
37;2021-08-03;5263;3145;408808;347281;67.5;57.4
37;2021-08-04;4559;1923;413367;349204;68.3;57.7
37;2021-08-05;4786;2599;418153;351803;69.1;58.1
37;2021-08-06;4854;3306;423007;355109;69.9;58.7
37;2021-08-07;1624;1122;424631;356231;70.1;58.8
37;2021-08-08;34;176;424665;356407;70.1;58.9
37;2021-08-09;2434;2259;427099;358666;70.6;59.2
37;2021-08-10;3027;2638;430126;361304;71.1;59.7
37;2021-08-11;2099;2107;432225;363411;71.4;60.0
37;2021-08-12;2614;2687;434839;366098;71.8;60.5
37;2021-08-13;2484;2772;437323;368870;72.2;60.9
37;2021-08-14;755;814;438078;369684;72.4;61.1
37;2021-08-15;12;57;438090;369741;72.4;61.1
37;2021-08-16;1464;3159;439554;372900;72.6;61.6
37;2021-08-17;1793;3973;441347;376873;72.9;62.3
37;2021-08-18;1396;3141;442743;380014;73.1;62.8
37;2021-08-19;1595;3842;444338;383856;73.4;63.4
37;2021-08-20;1599;4549;445937;388405;73.7;64.2
37;2021-08-21;610;1201;446547;389606;73.8;64.4
37;2021-08-22;3;31;446550;389637;73.8;64.4
37;2021-08-23;1287;3984;447837;393621;74.0;65.0
37;2021-08-24;1540;4848;449377;398469;74.2;65.8
37;2021-08-25;1053;4223;450430;402692;74.4;66.5
37;2021-08-26;1277;4513;451707;407205;74.6;67.3
37;2021-08-27;1446;5661;453153;412866;74.9;68.2
37;2021-08-28;404;1462;453557;414328;74.9;68.4
37;2021-08-29;1;18;453558;414346;74.9;68.4
37;2021-08-30;1070;3945;454628;418291;75.1;69.1
37;2021-08-31;1277;3826;455905;422117;75.3;69.7
37;2021-09-01;976;2689;456881;424806;75.5;70.2
37;2021-09-02;890;2808;457771;427614;75.6;70.6
37;2021-09-03;1042;3958;458813;431572;75.8;71.3
37;2021-09-04;665;1464;459478;433036;75.9;71.5
37;2021-09-05;1;30;459479;433066;75.9;71.5
37;2021-09-06;375;1314;459854;434380;76.0;71.8
37;2021-09-07;531;1507;460385;435887;76.0;72.0
37;2021-09-08;815;2077;461200;437964;76.2;72.3
37;2021-09-09;549;1532;461749;439496;76.3;72.6
37;2021-09-10;810;1904;462559;441400;76.4;72.9
37;2021-09-11;395;1005;462954;442405;76.5;73.1
37;2021-09-12;14;24;462968;442429;76.5;73.1
37;2021-09-13;443;1389;463411;443818;76.5;73.3
38;2020-12-27;1;0;1;0;0.0;0.0
38;2020-12-28;1;0;2;0;0.0;0.0
38;2020-12-29;0;0;2;0;0.0;0.0
38;2020-12-30;2;0;4;0;0.0;0.0
38;2020-12-31;5;0;9;0;0.0;0.0
38;2021-01-01;2;0;11;0;0.0;0.0
38;2021-01-02;1;0;12;0;0.0;0.0
38;2021-01-03;3;0;15;0;0.0;0.0
38;2021-01-04;163;0;178;0;0.0;0.0
38;2021-01-05;258;1;436;1;0.0;0.0
38;2021-01-06;364;0;800;1;0.1;0.0
38;2021-01-07;636;1;1436;2;0.1;0.0
38;2021-01-08;695;0;2131;2;0.2;0.0
38;2021-01-09;30;0;2161;2;0.2;0.0
38;2021-01-10;2;0;2163;2;0.2;0.0
38;2021-01-11;801;2;2964;4;0.2;0.0
38;2021-01-12;1471;4;4435;8;0.4;0.0
38;2021-01-13;1083;5;5518;13;0.4;0.0
38;2021-01-14;1682;13;7200;26;0.6;0.0
38;2021-01-15;1676;7;8876;33;0.7;0.0
38;2021-01-16;307;1;9183;34;0.7;0.0
38;2021-01-17;3;0;9186;34;0.7;0.0
38;2021-01-18;1178;3;10364;37;0.8;0.0
38;2021-01-19;2241;6;12605;43;1.0;0.0
38;2021-01-20;1887;4;14492;47;1.1;0.0
38;2021-01-21;1644;7;16136;54;1.3;0.0
38;2021-01-22;1400;8;17536;62;1.4;0.0
38;2021-01-23;379;3;17915;65;1.4;0.0
38;2021-01-24;1;0;17916;65;1.4;0.0
38;2021-01-25;791;89;18707;154;1.5;0.0
38;2021-01-26;855;154;19562;308;1.5;0.0
38;2021-01-27;1093;233;20655;541;1.6;0.0
38;2021-01-28;1174;436;21829;977;1.7;0.1
38;2021-01-29;952;342;22781;1319;1.8;0.1
38;2021-01-30;304;0;23085;1319;1.8;0.1
38;2021-01-31;0;0;23085;1319;1.8;0.1
38;2021-02-01;702;555;23787;1874;1.9;0.1
38;2021-02-02;966;890;24753;2764;2.0;0.2
38;2021-02-03;1230;605;25983;3369;2.1;0.3
38;2021-02-04;1278;892;27261;4261;2.2;0.3
38;2021-02-05;1399;819;28660;5080;2.3;0.4
38;2021-02-06;187;80;28847;5160;2.3;0.4
38;2021-02-07;3;47;28850;5207;2.3;0.4
38;2021-02-08;862;666;29712;5873;2.3;0.5
38;2021-02-09;1537;1182;31249;7055;2.5;0.6
38;2021-02-10;1581;1162;32830;8217;2.6;0.6
38;2021-02-11;1871;1027;34701;9244;2.7;0.7
38;2021-02-12;1509;986;36210;10230;2.9;0.8
38;2021-02-13;467;169;36677;10399;2.9;0.8
38;2021-02-14;1;3;36678;10402;2.9;0.8
38;2021-02-15;977;772;37655;11174;3.0;0.9
38;2021-02-16;1379;820;39034;11994;3.1;0.9
38;2021-02-17;1376;890;40410;12884;3.2;1.0
38;2021-02-18;1791;934;42201;13818;3.3;1.1
38;2021-02-19;1256;704;43457;14522;3.4;1.1
38;2021-02-20;471;245;43928;14767;3.5;1.2
38;2021-02-21;1;0;43929;14767;3.5;1.2
38;2021-02-22;1075;749;45004;15516;3.6;1.2
38;2021-02-23;1541;820;46545;16336;3.7;1.3
38;2021-02-24;1737;992;48282;17328;3.8;1.4
38;2021-02-25;2501;920;50783;18248;4.0;1.4
38;2021-02-26;3311;846;54094;19094;4.3;1.5
38;2021-02-27;1511;373;55605;19467;4.4;1.5
38;2021-02-28;33;2;55638;19469;4.4;1.5
38;2021-03-01;2512;703;58150;20172;4.6;1.6
38;2021-03-02;4048;994;62198;21166;4.9;1.7
38;2021-03-03;3368;1155;65566;22321;5.2;1.8
38;2021-03-04;4486;1302;70052;23623;5.5;1.9
38;2021-03-05;5234;1098;75286;24721;6.0;2.0
38;2021-03-06;3042;262;78328;24983;6.2;2.0
38;2021-03-07;115;2;78443;24985;6.2;2.0
38;2021-03-08;2442;821;80885;25806;6.4;2.0
38;2021-03-09;4028;1257;84913;27063;6.7;2.1
38;2021-03-10;3509;1018;88422;28081;7.0;2.2
38;2021-03-11;5141;1464;93563;29545;7.4;2.3
38;2021-03-12;7094;1145;100657;30690;8.0;2.4
38;2021-03-13;3772;224;104429;30914;8.3;2.4
38;2021-03-14;544;15;104973;30929;8.3;2.4
38;2021-03-15;2701;986;107674;31915;8.5;2.5
38;2021-03-16;2081;1317;109755;33232;8.7;2.6
38;2021-03-17;2025;1187;111780;34419;8.8;2.7
38;2021-03-18;2641;1349;114421;35768;9.0;2.8
38;2021-03-19;4010;1050;118431;36818;9.4;2.9
38;2021-03-20;1826;243;120257;37061;9.5;2.9
38;2021-03-21;130;8;120387;37069;9.5;2.9
38;2021-03-22;2867;991;123254;38060;9.7;3.0
38;2021-03-23;4782;1478;128036;39538;10.1;3.1
38;2021-03-24;3707;1564;131743;41102;10.4;3.2
38;2021-03-25;5792;1540;137535;42642;10.9;3.4
38;2021-03-26;6599;1740;144134;44382;11.4;3.5
38;2021-03-27;2512;757;146646;45139;11.6;3.6
38;2021-03-28;926;48;147572;45187;11.7;3.6
38;2021-03-29;2678;1837;150250;47024;11.9;3.7
38;2021-03-30;4564;2533;154814;49557;12.2;3.9
38;2021-03-31;3665;2219;158479;51776;12.5;4.1
38;2021-04-01;5133;2525;163612;54301;12.9;4.3
38;2021-04-02;3874;2520;167486;56821;13.2;4.5
38;2021-04-03;1418;939;168904;57760;13.4;4.6
38;2021-04-04;430;45;169334;57805;13.4;4.6
38;2021-04-05;2177;347;171511;58152;13.6;4.6
38;2021-04-06;4347;2398;175858;60550;13.9;4.8
38;2021-04-07;4415;2731;180273;63281;14.3;5.0
38;2021-04-08;5650;2663;185923;65944;14.7;5.2
38;2021-04-09;8562;2728;194485;68672;15.4;5.4
38;2021-04-10;3600;1477;198085;70149;15.7;5.5
38;2021-04-11;1048;100;199133;70249;15.7;5.6
38;2021-04-12;4201;2250;203334;72499;16.1;5.7
38;2021-04-13;6125;2471;209459;74970;16.6;5.9
38;2021-04-14;5120;2459;214579;77429;17.0;6.1
38;2021-04-15;6363;2770;220942;80199;17.5;6.3
38;2021-04-16;6216;2707;227158;82906;18.0;6.6
38;2021-04-17;2588;993;229746;83899;18.2;6.6
38;2021-04-18;1333;72;231079;83971;18.3;6.6
38;2021-04-19;3946;2838;235025;86809;18.6;6.9
38;2021-04-20;5425;2855;240450;89664;19.0;7.1
38;2021-04-21;4979;2707;245429;92371;19.4;7.3
38;2021-04-22;5786;2836;251215;95207;19.9;7.5
38;2021-04-23;6039;2820;257254;98027;20.3;7.7
38;2021-04-24;2665;1350;259919;99377;20.5;7.9
38;2021-04-25;805;590;260724;99967;20.6;7.9
38;2021-04-26;4488;2474;265212;102441;21.0;8.1
38;2021-04-27;6044;2721;271256;105162;21.4;8.3
38;2021-04-28;6199;2508;277455;107670;21.9;8.5
38;2021-04-29;8331;3062;285786;110732;22.6;8.8
38;2021-04-30;7675;4045;293461;114777;23.2;9.1
38;2021-05-01;1546;195;295007;114972;23.3;9.1
38;2021-05-02;846;73;295853;115045;23.4;9.1
38;2021-05-03;5299;3591;301152;118636;23.8;9.4
38;2021-05-04;6201;5082;307353;123718;24.3;9.8
38;2021-05-05;6068;4604;313421;128322;24.8;10.1
38;2021-05-06;6714;5330;320135;133652;25.3;10.6
38;2021-05-07;7285;6441;327420;140093;25.9;11.1
38;2021-05-08;3778;719;331198;140812;26.2;11.1
38;2021-05-09;2852;1930;334050;142742;26.4;11.3
38;2021-05-10;6157;5306;340207;148048;26.9;11.7
38;2021-05-11;8227;6020;348434;154068;27.5;12.2
38;2021-05-12;9050;4704;357484;158772;28.3;12.6
38;2021-05-13;6635;1416;364119;160188;28.8;12.7
38;2021-05-14;9565;3425;373684;163613;29.5;12.9
38;2021-05-15;6865;1449;380549;165062;30.1;13.0
38;2021-05-16;5474;650;386023;165712;30.5;13.1
38;2021-05-17;7672;3000;393695;168712;31.1;13.3
38;2021-05-18;8625;4034;402320;172746;31.8;13.7
38;2021-05-19;8159;3351;410479;176097;32.4;13.9
38;2021-05-20;8979;4489;419458;180586;33.2;14.3
38;2021-05-21;9959;4585;429417;185171;33.9;14.6
38;2021-05-22;7457;1906;436874;187077;34.5;14.8
38;2021-05-23;5590;580;442464;187657;35.0;14.8
38;2021-05-24;7503;1626;449967;189283;35.6;15.0
38;2021-05-25;9543;4850;459510;194133;36.3;15.3
38;2021-05-26;8126;4726;467636;198859;37.0;15.7
38;2021-05-27;9135;5653;476771;204512;37.7;16.2
38;2021-05-28;8788;6486;485559;210998;38.4;16.7
38;2021-05-29;5822;3247;491381;214245;38.8;16.9
38;2021-05-30;2695;1593;494076;215838;39.1;17.1
38;2021-05-31;8273;5133;502349;220971;39.7;17.5
38;2021-06-01;7964;6424;510313;227395;40.3;18.0
38;2021-06-02;7144;5615;517457;233010;40.9;18.4
38;2021-06-03;7397;6822;524854;239832;41.5;19.0
38;2021-06-04;8129;7609;532983;247441;42.1;19.6
38;2021-06-05;5798;3946;538781;251387;42.6;19.9
38;2021-06-06;2508;1463;541289;252850;42.8;20.0
38;2021-06-07;5554;6868;546843;259718;43.2;20.5
38;2021-06-08;5878;7528;552721;267246;43.7;21.1
38;2021-06-09;5052;6468;557773;273714;44.1;21.6
38;2021-06-10;5429;6789;563202;280503;44.5;22.2
38;2021-06-11;5889;7785;569091;288288;45.0;22.8
38;2021-06-12;3945;3259;573036;291547;45.3;23.0
38;2021-06-13;1258;1299;574294;292846;45.4;23.2
38;2021-06-14;3870;7663;578164;300509;45.7;23.8
38;2021-06-15;5236;8146;583400;308655;46.1;24.4
38;2021-06-16;5126;7407;588526;316062;46.5;25.0
38;2021-06-17;4524;7058;593050;323120;46.9;25.5
38;2021-06-18;6167;9232;599217;332352;47.4;26.3
38;2021-06-19;3595;4968;602812;337320;47.7;26.7
38;2021-06-20;1038;2901;603850;340221;47.7;26.9
38;2021-06-21;3750;8710;607600;348931;48.0;27.6
38;2021-06-22;3793;10103;611393;359034;48.3;28.4
38;2021-06-23;3156;9549;614549;368583;48.6;29.1
38;2021-06-24;3382;8586;617931;377169;48.8;29.8
38;2021-06-25;3786;11488;621717;388657;49.1;30.7
38;2021-06-26;2230;7853;623947;396510;49.3;31.3
38;2021-06-27;1099;4356;625046;400866;49.4;31.7
38;2021-06-28;2953;10303;627999;411169;49.6;32.5
38;2021-06-29;3786;10450;631785;421619;49.9;33.3
38;2021-06-30;4061;9938;635846;431557;50.3;34.1
38;2021-07-01;3549;9009;639395;440566;50.5;34.8
38;2021-07-02;3729;11615;643124;452181;50.8;35.7
38;2021-07-03;1741;8786;644865;460967;51.0;36.4
38;2021-07-04;1243;3209;646108;464176;51.1;36.7
38;2021-07-05;3062;10545;649170;474721;51.3;37.5
38;2021-07-06;3462;10239;652632;484960;51.6;38.3
38;2021-07-07;3571;9401;656203;494361;51.9;39.1
38;2021-07-08;3501;8221;659704;502582;52.2;39.7
38;2021-07-09;3895;10739;663599;513321;52.5;40.6
38;2021-07-10;2405;7803;666004;521124;52.6;41.2
38;2021-07-11;778;2029;666782;523153;52.7;41.4
38;2021-07-12;3483;10677;670265;533830;53.0;42.2
38;2021-07-13;6598;10932;676863;544762;53.5;43.1
38;2021-07-14;4676;3337;681539;548099;53.9;43.3
38;2021-07-15;8737;9674;690276;557773;54.6;44.1
38;2021-07-16;8763;10701;699039;568474;55.3;44.9
38;2021-07-17;4742;7484;703781;575958;55.6;45.5
38;2021-07-18;2573;2490;706354;578448;55.8;45.7
38;2021-07-19;5827;9224;712181;587672;56.3;46.5
38;2021-07-20;6289;8306;718470;595978;56.8;47.1
38;2021-07-21;7865;8030;726335;604008;57.4;47.7
38;2021-07-22;7602;6997;733937;611005;58.0;48.3
38;2021-07-23;8947;9040;742884;620045;58.7;49.0
38;2021-07-24;5577;5534;748461;625579;59.2;49.5
38;2021-07-25;2872;1653;751333;627232;59.4;49.6
38;2021-07-26;7875;7502;759208;634734;60.0;50.2
38;2021-07-27;7628;6275;766836;641009;60.6;50.7
38;2021-07-28;8629;5715;775465;646724;61.3;51.1
38;2021-07-29;7684;4679;783149;651403;61.9;51.5
38;2021-07-30;7808;6656;790957;658059;62.5;52.0
38;2021-07-31;4356;3601;795313;661660;62.9;52.3
38;2021-08-01;1301;1085;796614;662745;63.0;52.4
38;2021-08-02;3925;4450;800539;667195;63.3;52.7
38;2021-08-03;4585;4554;805124;671749;63.6;53.1
38;2021-08-04;4637;4358;809761;676107;64.0;53.4
38;2021-08-05;3726;4642;813487;680749;64.3;53.8
38;2021-08-06;4158;5947;817645;686696;64.6;54.3
38;2021-08-07;2309;3532;819954;690228;64.8;54.6
38;2021-08-08;793;2016;820747;692244;64.9;54.7
38;2021-08-09;3606;5577;824353;697821;65.2;55.2
38;2021-08-10;4887;6253;829240;704074;65.6;55.7
38;2021-08-11;3959;4662;833199;708736;65.9;56.0
38;2021-08-12;3390;4608;836589;713344;66.1;56.4
38;2021-08-13;4198;6031;840787;719375;66.5;56.9
38;2021-08-14;1780;4019;842567;723394;66.6;57.2
38;2021-08-15;535;1919;843102;725313;66.6;57.3
38;2021-08-16;2977;7923;846079;733236;66.9;58.0
38;2021-08-17;3438;5963;849517;739199;67.2;58.4
38;2021-08-18;2981;7148;852498;746347;67.4;59.0
38;2021-08-19;2609;4827;855107;751174;67.6;59.4
38;2021-08-20;2883;8423;857990;759597;67.8;60.0
38;2021-08-21;1196;5016;859186;764613;67.9;60.4
38;2021-08-22;507;1511;859693;766124;68.0;60.6
38;2021-08-23;2576;7620;862269;773744;68.2;61.2
38;2021-08-24;2551;5331;864820;779075;68.4;61.6
38;2021-08-25;2545;5869;867365;784944;68.6;62.1
38;2021-08-26;2250;4242;869615;789186;68.7;62.4
38;2021-08-27;2493;5925;872108;795111;68.9;62.9
38;2021-08-28;1412;3684;873520;798795;69.1;63.1
38;2021-08-29;374;1084;873894;799879;69.1;63.2
38;2021-08-30;2311;5779;876205;805658;69.3;63.7
38;2021-08-31;2197;4715;878402;810373;69.4;64.1
38;2021-09-01;2171;4355;880573;814728;69.6;64.4
38;2021-09-02;1655;3360;882228;818088;69.7;64.7
38;2021-09-03;1996;5039;884224;823127;69.9;65.1
38;2021-09-04;1137;2811;885361;825938;70.0;65.3
38;2021-09-05;385;725;885746;826663;70.0;65.3
38;2021-09-06;1183;3393;886929;830056;70.1;65.6
38;2021-09-07;1288;3336;888217;833392;70.2;65.9
38;2021-09-08;1712;3631;889929;837023;70.4;66.2
38;2021-09-09;1100;2332;891029;839355;70.4;66.4
38;2021-09-10;1555;3843;892584;843198;70.6;66.7
38;2021-09-11;1034;2378;893618;845576;70.6;66.8
38;2021-09-12;212;546;893830;846122;70.7;66.9
38;2021-09-13;895;2744;894725;848866;70.7;67.1
39;2020-12-27;0;0;0;0;0.0;0.0
39;2020-12-28;0;0;0;0;0.0;0.0
39;2020-12-29;0;0;0;0;0.0;0.0
39;2020-12-30;0;0;0;0;0.0;0.0
39;2020-12-31;0;0;0;0;0.0;0.0
39;2021-01-01;0;0;0;0;0.0;0.0
39;2021-01-02;0;0;0;0;0.0;0.0
39;2021-01-03;0;0;0;0;0.0;0.0
39;2021-01-04;3;0;3;0;0.0;0.0
39;2021-01-05;3;0;6;0;0.0;0.0
39;2021-01-06;57;3;63;3;0.0;0.0
39;2021-01-07;333;2;396;5;0.2;0.0
39;2021-01-08;657;2;1053;7;0.4;0.0
39;2021-01-09;169;0;1222;7;0.5;0.0
39;2021-01-10;1;0;1223;7;0.5;0.0
39;2021-01-11;474;1;1697;8;0.7;0.0
39;2021-01-12;431;1;2128;9;0.8;0.0
39;2021-01-13;408;2;2536;11;1.0;0.0
39;2021-01-14;575;3;3111;14;1.2;0.0
39;2021-01-15;471;1;3582;15;1.4;0.0
39;2021-01-16;141;1;3723;16;1.4;0.0
39;2021-01-17;0;1;3723;17;1.4;0.0
39;2021-01-18;924;7;4647;24;1.8;0.0
39;2021-01-19;1181;6;5828;30;2.3;0.0
39;2021-01-20;906;4;6734;34;2.6;0.0
39;2021-01-21;1178;2;7912;36;3.1;0.0
39;2021-01-22;985;1;8897;37;3.5;0.0
39;2021-01-23;383;1;9280;38;3.6;0.0
39;2021-01-24;0;0;9280;38;3.6;0.0
39;2021-01-25;642;2;9922;40;3.8;0.0
39;2021-01-26;1121;11;11043;51;4.3;0.0
39;2021-01-27;926;16;11969;67;4.6;0.0
39;2021-01-28;740;231;12709;298;4.9;0.1
39;2021-01-29;582;397;13291;695;5.2;0.3
39;2021-01-30;265;101;13556;796;5.3;0.3
39;2021-01-31;1;0;13557;796;5.3;0.3
39;2021-02-01;562;245;14119;1041;5.5;0.4
39;2021-02-02;754;294;14873;1335;5.8;0.5
39;2021-02-03;531;501;15404;1836;6.0;0.7
39;2021-02-04;555;425;15959;2261;6.2;0.9
39;2021-02-05;439;402;16398;2663;6.4;1.0
39;2021-02-06;265;106;16663;2769;6.5;1.1
39;2021-02-07;0;1;16663;2770;6.5;1.1
39;2021-02-08;321;293;16984;3063;6.6;1.2
39;2021-02-09;383;455;17367;3518;6.7;1.4
39;2021-02-10;253;298;17620;3816;6.8;1.5
39;2021-02-11;587;485;18207;4301;7.1;1.7
39;2021-02-12;386;402;18593;4703;7.2;1.8
39;2021-02-13;99;57;18692;4760;7.2;1.8
39;2021-02-14;0;0;18692;4760;7.2;1.8
39;2021-02-15;99;603;18791;5363;7.3;2.1
39;2021-02-16;99;818;18890;6181;7.3;2.4
39;2021-02-17;58;606;18948;6787;7.3;2.6
39;2021-02-18;109;764;19057;7551;7.4;2.9
39;2021-02-19;100;438;19157;7989;7.4;3.1
39;2021-02-20;18;333;19175;8322;7.4;3.2
39;2021-02-21;0;0;19175;8322;7.4;3.2
39;2021-02-22;100;648;19275;8970;7.5;3.5
39;2021-02-23;4;696;19279;9666;7.5;3.7
39;2021-02-24;125;787;19404;10453;7.5;4.1
39;2021-02-25;214;678;19618;11131;7.6;4.3
39;2021-02-26;218;439;19836;11570;7.7;4.5
39;2021-02-27;169;263;20005;11833;7.8;4.6
39;2021-02-28;1;0;20006;11833;7.8;4.6
39;2021-03-01;218;601;20224;12434;7.8;4.8
39;2021-03-02;329;784;20553;13218;8.0;5.1
39;2021-03-03;602;504;21155;13722;8.2;5.3
39;2021-03-04;658;446;21813;14168;8.5;5.5
39;2021-03-05;670;310;22483;14478;8.7;5.6
39;2021-03-06;777;231;23260;14709;9.0;5.7
39;2021-03-07;242;84;23502;14793;9.1;5.7
39;2021-03-08;286;431;23788;15224;9.2;5.9
39;2021-03-09;843;450;24631;15674;9.6;6.1
39;2021-03-10;984;331;25615;16005;9.9;6.2
39;2021-03-11;829;453;26444;16458;10.3;6.4
39;2021-03-12;805;284;27249;16742;10.6;6.5
39;2021-03-13;788;102;28037;16844;10.9;6.5
39;2021-03-14;35;10;28072;16854;10.9;6.5
39;2021-03-15;513;107;28585;16961;11.1;6.6
39;2021-03-16;555;68;29140;17029;11.3;6.6
39;2021-03-17;612;56;29752;17085;11.5;6.6
39;2021-03-18;597;71;30349;17156;11.8;6.7
39;2021-03-19;393;68;30742;17224;11.9;6.7
39;2021-03-20;312;12;31054;17236;12.0;6.7
39;2021-03-21;3;0;31057;17236;12.0;6.7
39;2021-03-22;754;115;31811;17351;12.3;6.7
39;2021-03-23;1130;44;32941;17395;12.8;6.7
39;2021-03-24;1179;97;34120;17492;13.2;6.8
39;2021-03-25;2042;131;36162;17623;14.0;6.8
39;2021-03-26;797;116;36959;17739;14.3;6.9
39;2021-03-27;345;7;37304;17746;14.5;6.9
39;2021-03-28;36;4;37340;17750;14.5;6.9
39;2021-03-29;1037;192;38377;17942;14.9;7.0
39;2021-03-30;1400;268;39777;18210;15.4;7.1
39;2021-03-31;658;526;40435;18736;15.7;7.3
39;2021-04-01;1310;316;41745;19052;16.2;7.4
39;2021-04-02;626;129;42371;19181;16.4;7.4
39;2021-04-03;180;8;42551;19189;16.5;7.4
39;2021-04-04;4;1;42555;19190;16.5;7.4
39;2021-04-05;1;0;42556;19190;16.5;7.4
39;2021-04-06;824;634;43380;19824;16.8;7.7
39;2021-04-07;1133;679;44513;20503;17.3;8.0
39;2021-04-08;1790;580;46303;21083;18.0;8.2
39;2021-04-09;1676;293;47979;21376;18.6;8.3
39;2021-04-10;346;187;48325;21563;18.7;8.4
39;2021-04-11;2;0;48327;21563;18.7;8.4
39;2021-04-12;680;398;49007;21961;19.0;8.5
39;2021-04-13;1200;579;50207;22540;19.5;8.7
39;2021-04-14;845;639;51052;23179;19.8;9.0
39;2021-04-15;1481;722;52533;23901;20.4;9.3
39;2021-04-16;1090;176;53623;24077;20.8;9.3
39;2021-04-17;197;61;53820;24138;20.9;9.4
39;2021-04-18;0;0;53820;24138;20.9;9.4
39;2021-04-19;524;696;54344;24834;21.1;9.6
39;2021-04-20;766;546;55110;25380;21.4;9.8
39;2021-04-21;1142;721;56252;26101;21.8;10.1
39;2021-04-22;1012;1130;57264;27231;22.2;10.6
39;2021-04-23;457;363;57721;27594;22.4;10.7
39;2021-04-24;276;149;57997;27743;22.5;10.8
39;2021-04-25;12;3;58009;27746;22.5;10.8
39;2021-04-26;568;1039;58577;28785;22.7;11.2
39;2021-04-27;788;982;59365;29767;23.0;11.5
39;2021-04-28;1720;418;61085;30185;23.7;11.7
39;2021-04-29;2571;972;63656;31157;24.7;12.1
39;2021-04-30;2475;392;66131;31549;25.6;12.2
39;2021-05-01;41;53;66172;31602;25.7;12.3
39;2021-05-02;0;0;66172;31602;25.7;12.3
39;2021-05-03;917;808;67089;32410;26.0;12.6
39;2021-05-04;949;1123;68038;33533;26.4;13.0
39;2021-05-05;1954;881;69992;34414;27.1;13.3
39;2021-05-06;2424;1341;72416;35755;28.1;13.9
39;2021-05-07;1286;573;73702;36328;28.6;14.1
39;2021-05-08;179;55;73881;36383;28.7;14.1
39;2021-05-09;10;8;73891;36391;28.7;14.1
39;2021-05-10;1761;849;75652;37240;29.3;14.4
39;2021-05-11;1775;1514;77427;38754;30.0;15.0
39;2021-05-12;1810;1494;79237;40248;30.7;15.6
39;2021-05-13;246;23;79483;40271;30.8;15.6
39;2021-05-14;2392;335;81875;40606;31.8;15.7
39;2021-05-15;1849;255;83724;40861;32.5;15.8
39;2021-05-16;0;0;83724;40861;32.5;15.8
39;2021-05-17;1988;726;85712;41587;33.2;16.1
39;2021-05-18;1693;1179;87405;42766;33.9;16.6
39;2021-05-19;2496;553;89901;43319;34.9;16.8
39;2021-05-20;2465;757;92366;44076;35.8;17.1
39;2021-05-21;1800;561;94166;44637;36.5;17.3
39;2021-05-22;322;218;94488;44855;36.6;17.4
39;2021-05-23;7;36;94495;44891;36.6;17.4
39;2021-05-24;8;28;94503;44919;36.7;17.4
39;2021-05-25;1725;1195;96228;46114;37.3;17.9
39;2021-05-26;1643;1377;97871;47491;38.0;18.4
39;2021-05-27;1486;1624;99357;49115;38.5;19.0
39;2021-05-28;856;1219;100213;50334;38.9;19.5
39;2021-05-29;261;274;100474;50608;39.0;19.6
39;2021-05-30;2;40;100476;50648;39.0;19.6
39;2021-05-31;1626;1245;102102;51893;39.6;20.1
39;2021-06-01;1893;1322;103995;53215;40.3;20.6
39;2021-06-02;1707;1165;105702;54380;41.0;21.1
39;2021-06-03;1326;1158;107028;55538;41.5;21.5
39;2021-06-04;941;1070;107969;56608;41.9;22.0
39;2021-06-05;766;513;108735;57121;42.2;22.2
39;2021-06-06;1;36;108736;57157;42.2;22.2
39;2021-06-07;2104;918;110840;58075;43.0;22.5
39;2021-06-08;2211;1155;113051;59230;43.8;23.0
39;2021-06-09;1733;1242;114784;60472;44.5;23.5
39;2021-06-10;1617;2082;116401;62554;45.1;24.3
39;2021-06-11;1569;1271;117970;63825;45.8;24.8
39;2021-06-12;1263;348;119233;64173;46.2;24.9
39;2021-06-13;11;18;119244;64191;46.2;24.9
39;2021-06-14;1337;1890;120581;66081;46.8;25.6
39;2021-06-15;1388;1258;121969;67339;47.3;26.1
39;2021-06-16;1171;1533;123140;68872;47.8;26.7
39;2021-06-17;1043;1715;124183;70587;48.2;27.4
39;2021-06-18;1638;1180;125821;71767;48.8;27.8
39;2021-06-19;249;404;126070;72171;48.9;28.0
39;2021-06-20;2;18;126072;72189;48.9;28.0
39;2021-06-21;351;2495;126423;74684;49.0;29.0
39;2021-06-22;814;2294;127237;76978;49.3;29.9
39;2021-06-23;1200;1301;128437;78279;49.8;30.4
39;2021-06-24;736;1043;129173;79322;50.1;30.8
39;2021-06-25;680;2962;129853;82284;50.4;31.9
39;2021-06-26;207;1564;130060;83848;50.4;32.5
39;2021-06-27;0;0;130060;83848;50.4;32.5
39;2021-06-28;305;2743;130365;86591;50.6;33.6
39;2021-06-29;497;2699;130862;89290;50.8;34.6
39;2021-06-30;898;2425;131760;91715;51.1;35.6
39;2021-07-01;645;1938;132405;93653;51.3;36.3
39;2021-07-02;1113;1407;133518;95060;51.8;36.9
39;2021-07-03;554;524;134072;95584;52.0;37.1
39;2021-07-04;2;1;134074;95585;52.0;37.1
39;2021-07-05;602;2588;134676;98173;52.2;38.1
39;2021-07-06;836;1888;135512;100061;52.6;38.8
39;2021-07-07;591;1386;136103;101447;52.8;39.3
39;2021-07-08;699;906;136802;102353;53.1;39.7
39;2021-07-09;1080;1585;137882;103938;53.5;40.3
39;2021-07-10;739;476;138621;104414;53.8;40.5
39;2021-07-11;28;8;138649;104422;53.8;40.5
39;2021-07-12;578;2598;139227;107020;54.0;41.5
39;2021-07-13;1637;2659;140864;109679;54.6;42.5
39;2021-07-14;17;21;140881;109700;54.6;42.5
39;2021-07-15;1905;1837;142786;111537;55.4;43.3
39;2021-07-16;3227;2051;146013;113588;56.6;44.1
39;2021-07-17;2225;1162;148238;114750;57.5;44.5
39;2021-07-18;164;52;148402;114802;57.6;44.5
39;2021-07-19;1402;2947;149804;117749;58.1;45.7
39;2021-07-20;1842;2810;151646;120559;58.8;46.8
39;2021-07-21;2588;2584;154234;123143;59.8;47.8
39;2021-07-22;1935;1843;156169;124986;60.6;48.5
39;2021-07-23;1815;1933;157984;126919;61.3;49.2
39;2021-07-24;1400;1429;159384;128348;61.8;49.8
39;2021-07-25;0;1;159384;128349;61.8;49.8
39;2021-07-26;1320;1999;160704;130348;62.3;50.6
39;2021-07-27;2345;1902;163049;132250;63.2;51.3
39;2021-07-28;2688;1475;165737;133725;64.3;51.9
39;2021-07-29;2200;1742;167937;135467;65.1;52.5
39;2021-07-30;2047;1467;169984;136934;65.9;53.1
39;2021-07-31;1367;656;171351;137590;66.5;53.4
39;2021-08-01;10;18;171361;137608;66.5;53.4
39;2021-08-02;1203;1399;172564;139007;66.9;53.9
39;2021-08-03;1920;1486;174484;140493;67.7;54.5
39;2021-08-04;1046;661;175530;141154;68.1;54.7
39;2021-08-05;1238;737;176768;141891;68.6;55.0
39;2021-08-06;1375;2291;178143;144182;69.1;55.9
39;2021-08-07;1067;1213;179210;145395;69.5;56.4
39;2021-08-08;26;10;179236;145405;69.5;56.4
39;2021-08-09;436;302;179672;145707;69.7;56.5
39;2021-08-10;1230;932;180902;146639;70.2;56.9
39;2021-08-11;894;1532;181796;148171;70.5;57.5
39;2021-08-12;1597;2171;183393;150342;71.1;58.3
39;2021-08-13;1331;2120;184724;152462;71.6;59.1
39;2021-08-14;361;1106;185085;153568;71.8;59.6
39;2021-08-15;0;1;185085;153569;71.8;59.6
39;2021-08-16;488;735;185573;154304;72.0;59.8
39;2021-08-17;571;1441;186144;155745;72.2;60.4
39;2021-08-18;860;1727;187004;157472;72.5;61.1
39;2021-08-19;906;1594;187910;159066;72.9;61.7
39;2021-08-20;638;2502;188548;161568;73.1;62.7
39;2021-08-21;468;1292;189016;162860;73.3;63.2
39;2021-08-22;6;11;189022;162871;73.3;63.2
39;2021-08-23;263;972;189285;163843;73.4;63.5
39;2021-08-24;453;1609;189738;165452;73.6;64.2
39;2021-08-25;624;1604;190362;167056;73.8;64.8
39;2021-08-26;708;1860;191070;168916;74.1;65.5
39;2021-08-27;405;2062;191475;170978;74.3;66.3
39;2021-08-28;323;1367;191798;172345;74.4;66.8
39;2021-08-29;0;1;191798;172346;74.4;66.8
39;2021-08-30;345;1017;192143;173363;74.5;67.2
39;2021-08-31;395;1034;192538;174397;74.7;67.6
39;2021-09-01;507;1577;193045;175974;74.9;68.2
39;2021-09-02;331;1479;193376;177453;75.0;68.8
39;2021-09-03;467;2386;193843;179839;75.2;69.7
39;2021-09-04;147;212;193990;180051;75.2;69.8
39;2021-09-05;0;1;193990;180052;75.2;69.8
39;2021-09-06;239;552;194229;180604;75.3;70.0
39;2021-09-07;227;343;194456;180947;75.4;70.2
39;2021-09-08;439;915;194895;181862;75.6;70.5
39;2021-09-09;418;1191;195313;183053;75.7;71.0
39;2021-09-10;198;737;195511;183790;75.8;71.3
39;2021-09-11;281;926;195792;184716;75.9;71.6
39;2021-09-12;0;32;195792;184748;75.9;71.6
39;2021-09-13;128;218;195920;184966;76.0;71.7
40;2020-12-27;0;0;0;0;0.0;0.0
40;2020-12-28;0;0;0;0;0.0;0.0
40;2020-12-29;0;0;0;0;0.0;0.0
40;2020-12-30;0;0;0;0;0.0;0.0
40;2020-12-31;1;0;1;0;0.0;0.0
40;2021-01-01;0;0;1;0;0.0;0.0
40;2021-01-02;0;0;1;0;0.0;0.0
40;2021-01-03;0;0;1;0;0.0;0.0
40;2021-01-04;0;0;1;0;0.0;0.0
40;2021-01-05;0;0;1;0;0.0;0.0
40;2021-01-06;1;0;2;0;0.0;0.0
40;2021-01-07;212;0;214;0;0.1;0.0
40;2021-01-08;391;2;605;2;0.1;0.0
40;2021-01-09;0;0;605;2;0.1;0.0
40;2021-01-10;1;0;606;2;0.1;0.0
40;2021-01-11;111;0;717;2;0.2;0.0
40;2021-01-12;0;0;717;2;0.2;0.0
40;2021-01-13;681;5;1398;7;0.3;0.0
40;2021-01-14;901;8;2299;15;0.6;0.0
40;2021-01-15;811;3;3110;18;0.8;0.0
40;2021-01-16;157;0;3267;18;0.8;0.0
40;2021-01-17;1;1;3268;19;0.8;0.0
40;2021-01-18;402;0;3670;19;0.9;0.0
40;2021-01-19;1205;3;4875;22;1.2;0.0
40;2021-01-20;879;2;5754;24;1.4;0.0
40;2021-01-21;1266;5;7020;29;1.7;0.0
40;2021-01-22;810;2;7830;31;1.9;0.0
40;2021-01-23;288;0;8118;31;2.0;0.0
40;2021-01-24;2;0;8120;31;2.0;0.0
40;2021-01-25;393;2;8513;33;2.1;0.0
40;2021-01-26;803;5;9316;38;2.3;0.0
40;2021-01-27;1118;11;10434;49;2.5;0.0
40;2021-01-28;708;109;11142;158;2.7;0.0
40;2021-01-29;601;226;11743;384;2.9;0.1
40;2021-01-30;237;3;11980;387;2.9;0.1
40;2021-01-31;1;0;11981;387;2.9;0.1
40;2021-02-01;358;128;12339;515;3.0;0.1
40;2021-02-02;923;51;13262;566;3.2;0.1
40;2021-02-03;895;296;14157;862;3.4;0.2
40;2021-02-04;1059;553;15216;1415;3.7;0.3
40;2021-02-05;794;338;16010;1753;3.9;0.4
40;2021-02-06;380;81;16390;1834;4.0;0.4
40;2021-02-07;10;0;16400;1834;4.0;0.4
40;2021-02-08;372;106;16772;1940;4.1;0.5
40;2021-02-09;810;513;17582;2453;4.3;0.6
40;2021-02-10;749;422;18331;2875;4.4;0.7
40;2021-02-11;740;559;19071;3434;4.6;0.8
40;2021-02-12;628;620;19699;4054;4.8;1.0
40;2021-02-13;400;83;20099;4137;4.9;1.0
40;2021-02-14;0;0;20099;4137;4.9;1.0
40;2021-02-15;48;329;20147;4466;4.9;1.1
40;2021-02-16;285;499;20432;4965;5.0;1.2
40;2021-02-17;360;822;20792;5787;5.0;1.4
40;2021-02-18;382;622;21174;6409;5.1;1.6
40;2021-02-19;143;562;21317;6971;5.2;1.7
40;2021-02-20;39;86;21356;7057;5.2;1.7
40;2021-02-21;1;63;21357;7120;5.2;1.7
40;2021-02-22;53;494;21410;7614;5.2;1.8
40;2021-02-23;179;714;21589;8328;5.2;2.0
40;2021-02-24;283;600;21872;8928;5.3;2.2
40;2021-02-25;727;888;22599;9816;5.5;2.4
40;2021-02-26;656;567;23255;10383;5.6;2.5
40;2021-02-27;384;94;23639;10477;5.7;2.5
40;2021-02-28;2;0;23641;10477;5.7;2.5
40;2021-03-01;418;444;24059;10921;5.8;2.7
40;2021-03-02;734;925;24793;11846;6.0;2.9
40;2021-03-03;934;801;25727;12647;6.2;3.1
40;2021-03-04;1320;737;27047;13384;6.6;3.2
40;2021-03-05;1231;661;28278;14045;6.9;3.4
40;2021-03-06;867;345;29145;14390;7.1;3.5
40;2021-03-07;92;1;29237;14391;7.1;3.5
40;2021-03-08;838;446;30075;14837;7.3;3.6
40;2021-03-09;1505;581;31580;15418;7.7;3.7
40;2021-03-10;1753;676;33333;16094;8.1;3.9
40;2021-03-11;1985;639;35318;16733;8.6;4.1
40;2021-03-12;2049;523;37367;17256;9.1;4.2
40;2021-03-13;972;248;38339;17504;9.3;4.2
40;2021-03-14;98;0;38437;17504;9.3;4.2
40;2021-03-15;924;88;39361;17592;9.6;4.3
40;2021-03-16;988;261;40349;17853;9.8;4.3
40;2021-03-17;1576;334;41925;18187;10.2;4.4
40;2021-03-18;1560;333;43485;18520;10.6;4.5
40;2021-03-19;1808;140;45293;18660;11.0;4.5
40;2021-03-20;706;14;45999;18674;11.2;4.5
40;2021-03-21;52;1;46051;18675;11.2;4.5
40;2021-03-22;1174;35;47225;18710;11.5;4.5
40;2021-03-23;2325;166;49550;18876;12.0;4.6
40;2021-03-24;2326;231;51876;19107;12.6;4.6
40;2021-03-25;2768;381;54644;19488;13.3;4.7
40;2021-03-26;3122;201;57766;19689;14.0;4.8
40;2021-03-27;923;47;58689;19736;14.2;4.8
40;2021-03-28;178;47;58867;19783;14.3;4.8
40;2021-03-29;1153;376;60020;20159;14.6;4.9
40;2021-03-30;2298;388;62318;20547;15.1;5.0
40;2021-03-31;1996;301;64314;20848;15.6;5.1
40;2021-04-01;2413;330;66727;21178;16.2;5.1
40;2021-04-02;2362;219;69089;21397;16.8;5.2
40;2021-04-03;743;120;69832;21517;17.0;5.2
40;2021-04-04;362;8;70194;21525;17.0;5.2
40;2021-04-05;523;40;70717;21565;17.2;5.2
40;2021-04-06;2096;803;72813;22368;17.7;5.4
40;2021-04-07;2665;868;75478;23236;18.3;5.6
40;2021-04-08;3061;896;78539;24132;19.1;5.9
40;2021-04-09;3826;605;82365;24737;20.0;6.0
40;2021-04-10;1599;341;83964;25078;20.4;6.1
40;2021-04-11;51;6;84015;25084;20.4;6.1
40;2021-04-12;2178;730;86193;25814;20.9;6.3
40;2021-04-13;2567;1088;88760;26902;21.5;6.5
40;2021-04-14;2573;1375;91333;28277;22.2;6.9
40;2021-04-15;2987;1505;94320;29782;22.9;7.2
40;2021-04-16;2878;1182;97198;30964;23.6;7.5
40;2021-04-17;1464;345;98662;31309;23.9;7.6
40;2021-04-18;57;24;98719;31333;24.0;7.6
40;2021-04-19;1058;1019;99777;32352;24.2;7.9
40;2021-04-20;1622;1744;101399;34096;24.6;8.3
40;2021-04-21;1777;1734;103176;35830;25.0;8.7
40;2021-04-22;2111;1773;105287;37603;25.6;9.1
40;2021-04-23;2163;1390;107450;38993;26.1;9.5
40;2021-04-24;1328;623;108778;39616;26.4;9.6
40;2021-04-25;37;57;108815;39673;26.4;9.6
40;2021-04-26;1251;1134;110066;40807;26.7;9.9
40;2021-04-27;1487;2032;111553;42839;27.1;10.4
40;2021-04-28;2053;1366;113606;44205;27.6;10.7
40;2021-04-29;2608;1890;116214;46095;28.2;11.2
40;2021-04-30;2702;1614;118916;47709;28.9;11.6
40;2021-05-01;1229;783;120145;48492;29.2;11.8
40;2021-05-02;143;322;120288;48814;29.2;11.8
40;2021-05-03;1857;1499;122145;50313;29.6;12.2
40;2021-05-04;1882;2465;124027;52778;30.1;12.8
40;2021-05-05;2188;2669;126215;55447;30.6;13.5
40;2021-05-06;2238;2864;128453;58311;31.2;14.2
40;2021-05-07;1904;3002;130357;61313;31.6;14.9
40;2021-05-08;674;469;131031;61782;31.8;15.0
40;2021-05-09;316;21;131347;61803;31.9;15.0
40;2021-05-10;1400;2041;132747;63844;32.2;15.5
40;2021-05-11;2197;2504;134944;66348;32.8;16.1
40;2021-05-12;2730;1943;137674;68291;33.4;16.6
40;2021-05-13;1984;512;139658;68803;33.9;16.7
40;2021-05-14;2325;1657;141983;70460;34.5;17.1
40;2021-05-15;1340;962;143323;71422;34.8;17.3
40;2021-05-16;434;24;143757;71446;34.9;17.3
40;2021-05-17;2121;1307;145878;72753;35.4;17.7
40;2021-05-18;2509;1408;148387;74161;36.0;18.0
40;2021-05-19;2956;1106;151343;75267;36.7;18.3
40;2021-05-20;3586;1159;154929;76426;37.6;18.6
40;2021-05-21;2926;1320;157855;77746;38.3;18.9
40;2021-05-22;1146;794;159001;78540;38.6;19.1
40;2021-05-23;631;29;159632;78569;38.7;19.1
40;2021-05-24;1212;332;160844;78901;39.0;19.2
40;2021-05-25;2168;1310;163012;80211;39.6;19.5
40;2021-05-26;2614;1562;165626;81773;40.2;19.8
40;2021-05-27;2733;1999;168359;83772;40.9;20.3
40;2021-05-28;2569;2271;170928;86043;41.5;20.9
40;2021-05-29;1559;1255;172487;87298;41.9;21.2
40;2021-05-30;4;52;172491;87350;41.9;21.2
40;2021-05-31;2567;1207;175058;88557;42.5;21.5
40;2021-06-01;3012;1766;178070;90323;43.2;21.9
40;2021-06-02;3173;1989;181243;92312;44.0;22.4
40;2021-06-03;3593;2332;184836;94644;44.9;23.0
40;2021-06-04;3015;2802;187851;97446;45.6;23.7
40;2021-06-05;1780;1395;189631;98841;46.0;24.0
40;2021-06-06;459;79;190090;98920;46.1;24.0
40;2021-06-07;2186;2024;192276;100944;46.7;24.5
40;2021-06-08;2955;2097;195231;103041;47.4;25.0
40;2021-06-09;3216;2266;198447;105307;48.2;25.6
40;2021-06-10;2996;2097;201443;107404;48.9;26.1
40;2021-06-11;3140;2793;204583;110197;49.7;26.7
40;2021-06-12;1964;1635;206547;111832;50.1;27.1
40;2021-06-13;645;162;207192;111994;50.3;27.2
40;2021-06-14;1458;2495;208650;114489;50.6;27.8
40;2021-06-15;2236;2820;210886;117309;51.2;28.5
40;2021-06-16;2609;2459;213495;119768;51.8;29.1
40;2021-06-17;2432;2438;215927;122206;52.4;29.7
40;2021-06-18;2326;2902;218253;125108;53.0;30.4
40;2021-06-19;1799;1227;220052;126335;53.4;30.7
40;2021-06-20;345;276;220397;126611;53.5;30.7
40;2021-06-21;1395;2318;221792;128929;53.8;31.3
40;2021-06-22;1688;2996;223480;131925;54.2;32.0
40;2021-06-23;1606;3346;225086;135271;54.6;32.8
40;2021-06-24;1735;2384;226821;137655;55.1;33.4
40;2021-06-25;1760;3258;228581;140913;55.5;34.2
40;2021-06-26;1328;1712;229909;142625;55.8;34.6
40;2021-06-27;263;354;230172;142979;55.9;34.7
40;2021-06-28;1334;2819;231506;145798;56.2;35.4
40;2021-06-29;1711;3391;233217;149189;56.6;36.2
40;2021-06-30;1777;3641;234994;152830;57.0;37.1
40;2021-07-01;1714;3951;236708;156781;57.5;38.1
40;2021-07-02;1562;3808;238270;160589;57.8;39.0
40;2021-07-03;678;1918;238948;162507;58.0;39.4
40;2021-07-04;219;483;239167;162990;58.1;39.6
40;2021-07-05;1476;3020;240643;166010;58.4;40.3
40;2021-07-06;1769;3612;242412;169622;58.8;41.2
40;2021-07-07;1975;3844;244387;173466;59.3;42.1
40;2021-07-08;2102;3408;246489;176874;59.8;42.9
40;2021-07-09;2111;3948;248600;180822;60.3;43.9
40;2021-07-10;1005;2158;249605;182980;60.6;44.4
40;2021-07-11;207;294;249812;183274;60.6;44.5
40;2021-07-12;1313;4045;251125;187319;61.0;45.5
40;2021-07-13;2428;4697;253553;192016;61.5;46.6
40;2021-07-14;2199;2059;255752;194075;62.1;47.1
40;2021-07-15;2845;4859;258597;198934;62.8;48.3
40;2021-07-16;3315;3945;261912;202879;63.6;49.2
40;2021-07-17;2111;2595;264023;205474;64.1;49.9
40;2021-07-18;472;542;264495;206016;64.2;50.0
40;2021-07-19;2569;3700;267064;209716;64.8;50.9
40;2021-07-20;3064;4053;270128;213769;65.6;51.9
40;2021-07-21;3207;3888;273335;217657;66.3;52.8
40;2021-07-22;3857;3931;277192;221588;67.3;53.8
40;2021-07-23;4091;4110;281283;225698;68.3;54.8
40;2021-07-24;2796;2114;284079;227812;69.0;55.3
40;2021-07-25;955;489;285034;228301;69.2;55.4
40;2021-07-26;2942;3075;287976;231376;69.9;56.2
40;2021-07-27;3527;3602;291503;234978;70.8;57.0
40;2021-07-28;3380;3398;294883;238376;71.6;57.9
40;2021-07-29;3544;3432;298427;241808;72.4;58.7
40;2021-07-30;3135;3407;301562;245215;73.2;59.5
40;2021-07-31;1782;1908;303344;247123;73.6;60.0
40;2021-08-01;343;287;303687;247410;73.7;60.1
40;2021-08-02;2003;2380;305690;249790;74.2;60.6
40;2021-08-03;2333;2694;308023;252484;74.8;61.3
40;2021-08-04;2093;2322;310116;254806;75.3;61.8
40;2021-08-05;1970;2671;312086;257477;75.8;62.5
40;2021-08-06;1886;3067;313972;260544;76.2;63.2
40;2021-08-07;1218;1746;315190;262290;76.5;63.7
40;2021-08-08;84;154;315274;262444;76.5;63.7
40;2021-08-09;1599;3125;316873;265569;76.9;64.5
40;2021-08-10;1430;3162;318303;268731;77.3;65.2
40;2021-08-11;1423;2847;319726;271578;77.6;65.9
40;2021-08-12;1277;3101;321003;274679;77.9;66.7
40;2021-08-13;1138;2979;322141;277658;78.2;67.4
40;2021-08-14;619;2031;322760;279689;78.3;67.9
40;2021-08-15;5;172;322765;279861;78.3;67.9
40;2021-08-16;1107;3384;323872;283245;78.6;68.8
40;2021-08-17;1158;3420;325030;286665;78.9;69.6
40;2021-08-18;986;3259;326016;289924;79.1;70.4
40;2021-08-19;855;2971;326871;292895;79.3;71.1
40;2021-08-20;810;3034;327681;295929;79.5;71.8
40;2021-08-21;523;1899;328204;297828;79.7;72.3
40;2021-08-22;71;463;328275;298291;79.7;72.4
40;2021-08-23;728;2818;329003;301109;79.9;73.1
40;2021-08-24;692;2541;329695;303650;80.0;73.7
40;2021-08-25;673;2003;330368;305653;80.2;74.2
40;2021-08-26;488;1675;330856;307328;80.3;74.6
40;2021-08-27;636;2469;331492;309797;80.5;75.2
40;2021-08-28;324;1218;331816;311015;80.5;75.5
40;2021-08-29;1;9;331817;311024;80.5;75.5
40;2021-08-30;600;2160;332417;313184;80.7;76.0
40;2021-08-31;469;1466;332886;314650;80.8;76.4
40;2021-09-01;449;1543;333335;316193;80.9;76.7
40;2021-09-02;401;1492;333736;317685;81.0;77.1
40;2021-09-03;436;1621;334172;319306;81.1;77.5
40;2021-09-04;369;1182;334541;320488;81.2;77.8
40;2021-09-05;2;26;334543;320514;81.2;77.8
40;2021-09-06;243;847;334786;321361;81.3;78.0
40;2021-09-07;290;966;335076;322327;81.3;78.2
40;2021-09-08;403;1199;335479;323526;81.4;78.5
40;2021-09-09;256;1014;335735;324540;81.5;78.8
40;2021-09-10;358;1263;336093;325803;81.6;79.1
40;2021-09-11;246;883;336339;326686;81.6;79.3
40;2021-09-12;3;8;336342;326694;81.6;79.3
40;2021-09-13;369;920;336711;327614;81.7;79.5
41;2020-12-27;0;0;0;0;0.0;0.0
41;2020-12-28;0;0;0;0;0.0;0.0
41;2020-12-29;0;0;0;0;0.0;0.0
41;2020-12-30;0;0;0;0;0.0;0.0
41;2020-12-31;0;0;0;0;0.0;0.0
41;2021-01-01;0;0;0;0;0.0;0.0
41;2021-01-02;2;0;2;0;0.0;0.0
41;2021-01-03;0;0;2;0;0.0;0.0
41;2021-01-04;0;0;2;0;0.0;0.0
41;2021-01-05;35;0;37;0;0.0;0.0
41;2021-01-06;72;0;109;0;0.0;0.0
41;2021-01-07;21;0;130;0;0.0;0.0
41;2021-01-08;1;0;131;0;0.0;0.0
41;2021-01-09;0;0;131;0;0.0;0.0
41;2021-01-10;0;0;131;0;0.0;0.0
41;2021-01-11;133;0;264;0;0.1;0.0
41;2021-01-12;321;1;585;1;0.2;0.0
41;2021-01-13;271;0;856;1;0.3;0.0
41;2021-01-14;284;1;1140;2;0.3;0.0
41;2021-01-15;215;1;1355;3;0.4;0.0
41;2021-01-16;0;0;1355;3;0.4;0.0
41;2021-01-17;0;0;1355;3;0.4;0.0
41;2021-01-18;397;2;1752;5;0.5;0.0
41;2021-01-19;857;2;2609;7;0.8;0.0
41;2021-01-20;1059;3;3668;10;1.1;0.0
41;2021-01-21;1568;2;5236;12;1.6;0.0
41;2021-01-22;838;1;6074;13;1.9;0.0
41;2021-01-23;92;0;6166;13;1.9;0.0
41;2021-01-24;0;0;6166;13;1.9;0.0
41;2021-01-25;421;1;6587;14;2.0;0.0
41;2021-01-26;473;3;7060;17;2.2;0.0
41;2021-01-27;441;2;7501;19;2.3;0.0
41;2021-01-28;604;57;8105;76;2.5;0.0
41;2021-01-29;260;29;8365;105;2.6;0.0
41;2021-01-30;0;0;8365;105;2.6;0.0
41;2021-01-31;0;0;8365;105;2.6;0.0
41;2021-02-01;349;127;8714;232;2.7;0.1
41;2021-02-02;471;221;9185;453;2.8;0.1
41;2021-02-03;341;199;9526;652;2.9;0.2
41;2021-02-04;559;139;10085;791;3.1;0.2
41;2021-02-05;329;168;10414;959;3.2;0.3
41;2021-02-06;4;0;10418;959;3.2;0.3
41;2021-02-07;2;0;10420;959;3.2;0.3
41;2021-02-08;306;281;10726;1240;3.3;0.4
41;2021-02-09;599;431;11325;1671;3.5;0.5
41;2021-02-10;486;674;11811;2345;3.6;0.7
41;2021-02-11;1066;1153;12877;3498;3.9;1.1
41;2021-02-12;687;355;13564;3853;4.1;1.2
41;2021-02-13;9;5;13573;3858;4.1;1.2
41;2021-02-14;3;27;13576;3885;4.1;1.2
41;2021-02-15;314;263;13890;4148;4.2;1.3
41;2021-02-16;354;487;14244;4635;4.3;1.4
41;2021-02-17;317;405;14561;5040;4.4;1.5
41;2021-02-18;617;271;15178;5311;4.6;1.6
41;2021-02-19;456;282;15634;5593;4.8;1.7
41;2021-02-20;68;39;15702;5632;4.8;1.7
41;2021-02-21;0;0;15702;5632;4.8;1.7
41;2021-02-22;310;341;16012;5973;4.9;1.8
41;2021-02-23;454;275;16466;6248;5.0;1.9
41;2021-02-24;282;372;16748;6620;5.1;2.0
41;2021-02-25;676;389;17424;7009;5.3;2.1
41;2021-02-26;630;220;18054;7229;5.5;2.2
41;2021-02-27;161;4;18215;7233;5.6;2.2
41;2021-02-28;4;31;18219;7264;5.6;2.2
41;2021-03-01;311;268;18530;7532;5.7;2.3
41;2021-03-02;649;344;19179;7876;5.9;2.4
41;2021-03-03;497;375;19676;8251;6.0;2.5
41;2021-03-04;786;764;20462;9015;6.2;2.7
41;2021-03-05;840;643;21302;9658;6.5;2.9
41;2021-03-06;715;22;22017;9680;6.7;3.0
41;2021-03-07;498;18;22515;9698;6.9;3.0
41;2021-03-08;301;339;22816;10037;7.0;3.1
41;2021-03-09;1042;406;23858;10443;7.3;3.2
41;2021-03-10;721;444;24579;10887;7.5;3.3
41;2021-03-11;1182;641;25761;11528;7.9;3.5
41;2021-03-12;1116;399;26877;11927;8.2;3.6
41;2021-03-13;1224;18;28101;11945;8.6;3.6
41;2021-03-14;392;7;28493;11952;8.7;3.6
41;2021-03-15;797;339;29290;12291;8.9;3.7
41;2021-03-16;1061;403;30351;12694;9.3;3.9
41;2021-03-17;587;238;30938;12932;9.4;3.9
41;2021-03-18;926;398;31864;13330;9.7;4.1
41;2021-03-19;911;328;32775;13658;10.0;4.2
41;2021-03-20;541;16;33316;13674;10.2;4.2
41;2021-03-21;1;0;33317;13674;10.2;4.2
41;2021-03-22;810;271;34127;13945;10.4;4.3
41;2021-03-23;1309;481;35436;14426;10.8;4.4
41;2021-03-24;1231;365;36667;14791;11.2;4.5
41;2021-03-25;2026;437;38693;15228;11.8;4.6
41;2021-03-26;1655;325;40348;15553;12.3;4.7
41;2021-03-27;452;58;40800;15611;12.4;4.8
41;2021-03-28;1;0;40801;15611;12.4;4.8
41;2021-03-29;939;305;41740;15916;12.7;4.9
41;2021-03-30;1496;591;43236;16507;13.2;5.0
41;2021-03-31;1148;491;44384;16998;13.5;5.2
41;2021-04-01;2252;564;46636;17562;14.2;5.4
41;2021-04-02;1242;474;47878;18036;14.6;5.5
41;2021-04-03;321;5;48199;18041;14.7;5.5
41;2021-04-04;39;0;48238;18041;14.7;5.5
41;2021-04-05;140;2;48378;18043;14.8;5.5
41;2021-04-06;1302;626;49680;18669;15.2;5.7
41;2021-04-07;1853;702;51533;19371;15.7;5.9
41;2021-04-08;2294;919;53827;20290;16.4;6.2
41;2021-04-09;2569;611;56396;20901;17.2;6.4
41;2021-04-10;954;496;57350;21397;17.5;6.5
41;2021-04-11;279;376;57629;21773;17.6;6.6
41;2021-04-12;1690;655;59319;22428;18.1;6.8
41;2021-04-13;2262;987;61581;23415;18.8;7.1
41;2021-04-14;1794;547;63375;23962;19.3;7.3
41;2021-04-15;2385;973;65760;24935;20.1;7.6
41;2021-04-16;1931;625;67691;25560;20.6;7.8
41;2021-04-17;647;137;68338;25697;20.8;7.8
41;2021-04-18;5;0;68343;25697;20.8;7.8
41;2021-04-19;1262;744;69605;26441;21.2;8.1
41;2021-04-20;2004;1200;71609;27641;21.8;8.4
41;2021-04-21;1503;919;73112;28560;22.3;8.7
41;2021-04-22;2236;1597;75348;30157;23.0;9.2
41;2021-04-23;1736;1079;77084;31236;23.5;9.5
41;2021-04-24;1544;283;78628;31519;24.0;9.6
41;2021-04-25;1007;20;79635;31539;24.3;9.6
41;2021-04-26;1355;625;80990;32164;24.7;9.8
41;2021-04-27;2094;1033;83084;33197;25.3;10.1
41;2021-04-28;1562;858;84646;34055;25.8;10.4
41;2021-04-29;2211;1377;86857;35432;26.5;10.8
41;2021-04-30;1963;862;88820;36294;27.1;11.1
41;2021-05-01;189;12;89009;36306;27.2;11.1
41;2021-05-02;107;17;89116;36323;27.2;11.1
41;2021-05-03;1866;892;90982;37215;27.8;11.4
41;2021-05-04;2093;1544;93075;38759;28.4;11.8
41;2021-05-05;1881;1190;94956;39949;29.0;12.2
41;2021-05-06;2448;1693;97404;41642;29.7;12.7
41;2021-05-07;2017;1801;99421;43443;30.3;13.3
41;2021-05-08;203;155;99624;43598;30.4;13.3
41;2021-05-09;11;354;99635;43952;30.4;13.4
41;2021-05-10;1590;1555;101225;45507;30.9;13.9
41;2021-05-11;2087;2101;103312;47608;31.5;14.5
41;2021-05-12;1951;1678;105263;49286;32.1;15.0
41;2021-05-13;1486;947;106749;50233;32.6;15.3
41;2021-05-14;1576;1305;108325;51538;33.0;15.7
41;2021-05-15;206;294;108531;51832;33.1;15.8
41;2021-05-16;4;0;108535;51832;33.1;15.8
41;2021-05-17;2483;564;111018;52396;33.9;16.0
41;2021-05-18;3138;1029;114156;53425;34.8;16.3
41;2021-05-19;2553;674;116709;54099;35.6;16.5
41;2021-05-20;3349;1147;120058;55246;36.6;16.9
41;2021-05-21;2727;967;122785;56213;37.5;17.1
41;2021-05-22;397;237;123182;56450;37.6;17.2
41;2021-05-23;6;2;123188;56452;37.6;17.2
41;2021-05-24;2605;150;125793;56602;38.4;17.3
41;2021-05-25;2992;577;128785;57179;39.3;17.4
41;2021-05-26;3038;650;131823;57829;40.2;17.6
41;2021-05-27;3296;1110;135119;58939;41.2;18.0
41;2021-05-28;3144;973;138263;59912;42.2;18.3
41;2021-05-29;2074;429;140337;60341;42.8;18.4
41;2021-05-30;344;22;140681;60363;42.9;18.4
41;2021-05-31;1711;1499;142392;61862;43.4;18.9
41;2021-06-01;2262;2010;144654;63872;44.1;19.5
41;2021-06-02;1832;1288;146486;65160;44.7;19.9
41;2021-06-03;2597;1940;149083;67100;45.5;20.5
41;2021-06-04;2304;1959;151387;69059;46.2;21.1
41;2021-06-05;611;1583;151998;70642;46.4;21.5
41;2021-06-06;109;927;152107;71569;46.4;21.8
41;2021-06-07;1515;1530;153622;73099;46.9;22.3
41;2021-06-08;1713;2410;155335;75509;47.4;23.0
41;2021-06-09;1615;1639;156950;77148;47.9;23.5
41;2021-06-10;1917;1814;158867;78962;48.5;24.1
41;2021-06-11;1572;1790;160439;80752;48.9;24.6
41;2021-06-12;663;649;161102;81401;49.1;24.8
41;2021-06-13;13;77;161115;81478;49.1;24.9
41;2021-06-14;1269;1962;162384;83440;49.5;25.5
41;2021-06-15;1835;2758;164219;86198;50.1;26.3
41;2021-06-16;1725;2308;165944;88506;50.6;27.0
41;2021-06-17;1811;2573;167755;91079;51.2;27.8
41;2021-06-18;1665;2399;169420;93478;51.7;28.5
41;2021-06-19;412;529;169832;94007;51.8;28.7
41;2021-06-20;11;32;169843;94039;51.8;28.7
41;2021-06-21;1325;1779;171168;95818;52.2;29.2
41;2021-06-22;1619;2563;172787;98381;52.7;30.0
41;2021-06-23;1375;2040;174162;100421;53.1;30.6
41;2021-06-24;1483;2307;175645;102728;53.6;31.3
41;2021-06-25;1293;2616;176938;105344;54.0;32.1
41;2021-06-26;434;614;177372;105958;54.1;32.3
41;2021-06-27;1;4;177373;105962;54.1;32.3
41;2021-06-28;404;2696;177777;108658;54.2;33.1
41;2021-06-29;666;3443;178443;112101;54.4;34.2
41;2021-06-30;552;3067;178995;115168;54.6;35.1
41;2021-07-01;767;3100;179762;118268;54.8;36.1
41;2021-07-02;590;3500;180352;121768;55.0;37.1
41;2021-07-03;158;646;180510;122414;55.1;37.3
41;2021-07-04;2;2;180512;122416;55.1;37.3
41;2021-07-05;287;2818;180799;125234;55.1;38.2
41;2021-07-06;666;3634;181465;128868;55.4;39.3
41;2021-07-07;479;3140;181944;132008;55.5;40.3
41;2021-07-08;941;3367;182885;135375;55.8;41.3
41;2021-07-09;540;3641;183425;139016;56.0;42.4
41;2021-07-10;247;2087;183672;141103;56.0;43.0
41;2021-07-11;5;280;183677;141383;56.0;43.1
41;2021-07-12;862;2292;184539;143675;56.3;43.8
41;2021-07-13;1198;3285;185737;146960;56.7;44.8
41;2021-07-14;141;1080;185878;148040;56.7;45.2
41;2021-07-15;1334;3321;187212;151361;57.1;46.2
41;2021-07-16;1091;3390;188303;154751;57.4;47.2
41;2021-07-17;344;807;188647;155558;57.5;47.5
41;2021-07-18;24;32;188671;155590;57.6;47.5
41;2021-07-19;1190;2319;189861;157909;57.9;48.2
41;2021-07-20;1641;2744;191502;160653;58.4;49.0
41;2021-07-21;1708;2083;193210;162736;58.9;49.6
41;2021-07-22;2262;2289;195472;165025;59.6;50.3
41;2021-07-23;2104;2469;197576;167494;60.3;51.1
41;2021-07-24;329;840;197905;168334;60.4;51.3
41;2021-07-25;19;23;197924;168357;60.4;51.4
41;2021-07-26;1903;1679;199827;170036;61.0;51.9
41;2021-07-27;2536;2339;202363;172375;61.7;52.6
41;2021-07-28;2161;1829;204524;174204;62.4;53.1
41;2021-07-29;2345;2025;206869;176229;63.1;53.8
41;2021-07-30;2152;2085;209021;178314;63.8;54.4
41;2021-07-31;378;580;209399;178894;63.9;54.6
41;2021-08-01;21;7;209420;178901;63.9;54.6
41;2021-08-02;1550;1605;210970;180506;64.4;55.1
41;2021-08-03;2516;1856;213486;182362;65.1;55.6
41;2021-08-04;2301;1199;215787;183561;65.8;56.0
41;2021-08-05;3046;1263;218833;184824;66.8;56.4
41;2021-08-06;2214;1303;221047;186127;67.4;56.8
41;2021-08-07;511;347;221558;186474;67.6;56.9
41;2021-08-08;13;20;221571;186494;67.6;56.9
41;2021-08-09;1689;1357;223260;187851;68.1;57.3
41;2021-08-10;2563;1421;225823;189272;68.9;57.7
41;2021-08-11;1594;1439;227417;190711;69.4;58.2
41;2021-08-12;1943;1337;229360;192048;70.0;58.6
41;2021-08-13;1477;1697;230837;193745;70.4;59.1
41;2021-08-14;364;205;231201;193950;70.5;59.2
41;2021-08-15;0;16;231201;193966;70.5;59.2
41;2021-08-16;866;2069;232067;196035;70.8;59.8
41;2021-08-17;1498;1635;233565;197670;71.2;60.3
41;2021-08-18;1134;1970;234699;199640;71.6;60.9
41;2021-08-19;1309;1554;236008;201194;72.0;61.4
41;2021-08-20;915;2312;236923;203506;72.3;62.1
41;2021-08-21;120;227;237043;203733;72.3;62.1
41;2021-08-22;1;32;237044;203765;72.3;62.2
41;2021-08-23;694;2295;237738;206060;72.5;62.9
41;2021-08-24;1409;2306;239147;208366;72.9;63.6
41;2021-08-25;618;2201;239765;210567;73.1;64.2
41;2021-08-26;842;2820;240607;213387;73.4;65.1
41;2021-08-27;617;2760;241224;216147;73.6;65.9
41;2021-08-28;98;622;241322;216769;73.6;66.1
41;2021-08-29;46;24;241368;216793;73.6;66.1
41;2021-08-30;667;2117;242035;218910;73.8;66.8
41;2021-08-31;765;2597;242800;221507;74.1;67.6
41;2021-09-01;497;1829;243297;223336;74.2;68.1
41;2021-09-02;625;2145;243922;225481;74.4;68.8
41;2021-09-03;652;2228;244574;227709;74.6;69.5
41;2021-09-04;194;593;244768;228302;74.7;69.6
41;2021-09-05;3;1;244771;228303;74.7;69.6
41;2021-09-06;290;1095;245061;229398;74.8;70.0
41;2021-09-07;415;1339;245476;230737;74.9;70.4
41;2021-09-08;314;1276;245790;232013;75.0;70.8
41;2021-09-09;295;1284;246085;233297;75.1;71.2
41;2021-09-10;381;1371;246466;234668;75.2;71.6
41;2021-09-11;82;391;246548;235059;75.2;71.7
41;2021-09-12;0;9;246548;235068;75.2;71.7
41;2021-09-13;201;913;246749;235981;75.3;72.0
42;2020-12-27;2;0;2;0;0.0;0.0
42;2020-12-28;0;0;2;0;0.0;0.0
42;2020-12-29;0;0;2;0;0.0;0.0
42;2020-12-30;0;0;2;0;0.0;0.0
42;2020-12-31;0;0;2;0;0.0;0.0
42;2021-01-01;0;0;2;0;0.0;0.0
42;2021-01-02;0;0;2;0;0.0;0.0
42;2021-01-03;0;0;2;0;0.0;0.0
42;2021-01-04;1;0;3;0;0.0;0.0
42;2021-01-05;1;0;4;0;0.0;0.0
42;2021-01-06;178;1;182;1;0.0;0.0
42;2021-01-07;256;0;438;1;0.1;0.0
42;2021-01-08;264;1;702;2;0.1;0.0
42;2021-01-09;136;0;838;2;0.1;0.0
42;2021-01-10;0;0;838;2;0.1;0.0
42;2021-01-11;293;2;1131;4;0.1;0.0
42;2021-01-12;412;1;1543;5;0.2;0.0
42;2021-01-13;527;2;2070;7;0.3;0.0
42;2021-01-14;774;2;2844;9;0.4;0.0
42;2021-01-15;705;4;3549;13;0.5;0.0
42;2021-01-16;298;2;3847;15;0.5;0.0
42;2021-01-17;219;0;4066;15;0.5;0.0
42;2021-01-18;968;1;5034;16;0.7;0.0
42;2021-01-19;1329;8;6363;24;0.8;0.0
42;2021-01-20;956;4;7319;28;1.0;0.0
42;2021-01-21;1022;6;8341;34;1.1;0.0
42;2021-01-22;992;5;9333;39;1.2;0.0
42;2021-01-23;401;0;9734;39;1.3;0.0
42;2021-01-24;358;0;10092;39;1.3;0.0
42;2021-01-25;1099;12;11191;51;1.5;0.0
42;2021-01-26;1746;17;12937;68;1.7;0.0
42;2021-01-27;1457;118;14394;186;1.9;0.0
42;2021-01-28;1668;133;16062;319;2.1;0.0
42;2021-01-29;947;109;17009;428;2.2;0.1
42;2021-01-30;257;97;17266;525;2.3;0.1
42;2021-01-31;258;2;17524;527;2.3;0.1
42;2021-02-01;737;59;18261;586;2.4;0.1
42;2021-02-02;1825;268;20086;854;2.6;0.1
42;2021-02-03;1517;458;21603;1312;2.8;0.2
42;2021-02-04;1282;575;22885;1887;3.0;0.2
42;2021-02-05;684;490;23569;2377;3.1;0.3
42;2021-02-06;304;130;23873;2507;3.1;0.3
42;2021-02-07;276;136;24149;2643;3.2;0.3
42;2021-02-08;508;510;24657;3153;3.2;0.4
42;2021-02-09;703;661;25360;3814;3.3;0.5
42;2021-02-10;742;581;26102;4395;3.4;0.6
42;2021-02-11;772;577;26874;4972;3.5;0.7
42;2021-02-12;675;630;27549;5602;3.6;0.7
42;2021-02-13;428;248;27977;5850;3.7;0.8
42;2021-02-14;186;175;28163;6025;3.7;0.8
42;2021-02-15;521;650;28684;6675;3.8;0.9
42;2021-02-16;490;1073;29174;7748;3.8;1.0
42;2021-02-17;518;1371;29692;9119;3.9;1.2
42;2021-02-18;756;1189;30448;10308;4.0;1.3
42;2021-02-19;769;870;31217;11178;4.1;1.5
42;2021-02-20;248;343;31465;11521;4.1;1.5
42;2021-02-21;63;267;31528;11788;4.1;1.5
42;2021-02-22;574;835;32102;12623;4.2;1.7
42;2021-02-23;1210;1332;33312;13955;4.4;1.8
42;2021-02-24;1245;1089;34557;15044;4.5;2.0
42;2021-02-25;1666;1336;36223;16380;4.7;2.1
42;2021-02-26;1647;853;37870;17233;5.0;2.3
42;2021-02-27;580;250;38450;17483;5.0;2.3
42;2021-02-28;167;100;38617;17583;5.0;2.3
42;2021-03-01;807;764;39424;18347;5.2;2.4
42;2021-03-02;1276;742;40700;19089;5.3;2.5
42;2021-03-03;1368;732;42068;19821;5.5;2.6
42;2021-03-04;1705;665;43773;20486;5.7;2.7
42;2021-03-05;2625;621;46398;21107;6.1;2.8
42;2021-03-06;1933;243;48331;21350;6.3;2.8
42;2021-03-07;1491;92;49822;21442;6.5;2.8
42;2021-03-08;1405;491;51227;21933;6.7;2.9
42;2021-03-09;1984;437;53211;22370;7.0;2.9
42;2021-03-10;2053;493;55264;22863;7.2;3.0
42;2021-03-11;3047;612;58311;23475;7.6;3.1
42;2021-03-12;3008;826;61319;24301;8.0;3.2
42;2021-03-13;1479;355;62798;24656;8.2;3.2
42;2021-03-14;472;166;63270;24822;8.3;3.2
42;2021-03-15;1571;593;64841;25415;8.5;3.3
42;2021-03-16;1472;764;66313;26179;8.7;3.4
42;2021-03-17;1724;1074;68037;27253;8.9;3.6
42;2021-03-18;1804;1026;69841;28279;9.1;3.7
42;2021-03-19;2567;677;72408;28956;9.5;3.8
42;2021-03-20;1672;233;74080;29189;9.7;3.8
42;2021-03-21;526;99;74606;29288;9.8;3.8
42;2021-03-22;1427;730;76033;30018;9.9;3.9
42;2021-03-23;2507;855;78540;30873;10.3;4.0
42;2021-03-24;2783;782;81323;31655;10.6;4.1
42;2021-03-25;3720;932;85043;32587;11.1;4.3
42;2021-03-26;3759;785;88802;33372;11.6;4.4
42;2021-03-27;1806;452;90608;33824;11.8;4.4
42;2021-03-28;1040;215;91648;34039;12.0;4.5
42;2021-03-29;2062;924;93710;34963;12.3;4.6
42;2021-03-30;3146;864;96856;35827;12.7;4.7
42;2021-03-31;2443;1072;99299;36899;13.0;4.8
42;2021-04-01;3392;1051;102691;37950;13.4;5.0
42;2021-04-02;2850;1229;105541;39179;13.8;5.1
42;2021-04-03;1419;609;106960;39788;14.0;5.2
42;2021-04-04;1404;393;108364;40181;14.2;5.3
42;2021-04-05;1901;297;110265;40478;14.4;5.3
42;2021-04-06;2292;1411;112557;41889;14.7;5.5
42;2021-04-07;2762;1831;115319;43720;15.1;5.7
42;2021-04-08;4025;1591;119344;45311;15.6;5.9
42;2021-04-09;5135;1562;124479;46873;16.3;6.1
42;2021-04-10;2591;766;127070;47639;16.6;6.2
42;2021-04-11;1956;431;129026;48070;16.9;6.3
42;2021-04-12;3699;1550;132725;49620;17.4;6.5
42;2021-04-13;4658;1809;137383;51429;18.0;6.7
42;2021-04-14;4311;1904;141694;53333;18.5;7.0
42;2021-04-15;4810;1839;146504;55172;19.2;7.2
42;2021-04-16;4620;1890;151124;57062;19.8;7.5
42;2021-04-17;2983;1071;154107;58133;20.2;7.6
42;2021-04-18;1884;413;155991;58546;20.4;7.7
42;2021-04-19;3090;1539;159081;60085;20.8;7.9
42;2021-04-20;3468;1955;162549;62040;21.3;8.1
42;2021-04-21;3479;1748;166028;63788;21.7;8.3
42;2021-04-22;3769;1952;169797;65740;22.2;8.6
42;2021-04-23;3841;2016;173638;67756;22.7;8.9
42;2021-04-24;2363;1518;176001;69274;23.0;9.1
42;2021-04-25;1658;942;177659;70216;23.2;9.2
42;2021-04-26;3280;1733;180939;71949;23.7;9.4
42;2021-04-27;3256;2207;184195;74156;24.1;9.7
42;2021-04-28;3464;2620;187659;76776;24.5;10.0
42;2021-04-29;3770;2800;191429;79576;25.0;10.4
42;2021-04-30;3361;3026;194790;82602;25.5;10.8
42;2021-05-01;2969;1051;197759;83653;25.9;10.9
42;2021-05-02;1935;1259;199694;84912;26.1;11.1
42;2021-05-03;2868;2767;202562;87679;26.5;11.5
42;2021-05-04;3417;3125;205979;90804;26.9;11.9
42;2021-05-05;3327;3396;209306;94200;27.4;12.3
42;2021-05-06;3888;3769;213194;97969;27.9;12.8
42;2021-05-07;3731;4037;216925;102006;28.4;13.3
42;2021-05-08;3165;1069;220090;103075;28.8;13.5
42;2021-05-09;1505;2214;221595;105289;29.0;13.8
42;2021-05-10;3250;3828;224845;109117;29.4;14.3
42;2021-05-11;5575;3902;230420;113019;30.1;14.8
42;2021-05-12;5342;3570;235762;116589;30.8;15.2
42;2021-05-13;5453;1150;241215;117739;31.5;15.4
42;2021-05-14;5240;2927;246455;120666;32.2;15.8
42;2021-05-15;4881;2127;251336;122793;32.9;16.1
42;2021-05-16;2873;1036;254209;123829;33.2;16.2
42;2021-05-17;5887;2838;260096;126667;34.0;16.6
42;2021-05-18;6252;2978;266348;129645;34.8;17.0
42;2021-05-19;6524;2749;272872;132394;35.7;17.3
42;2021-05-20;7104;2894;279976;135288;36.6;17.7
42;2021-05-21;6351;3276;286327;138564;37.4;18.1
42;2021-05-22;5836;2132;292163;140696;38.2;18.4
42;2021-05-23;2835;874;294998;141570;38.6;18.5
42;2021-05-24;5251;1434;300249;143004;39.3;18.7
42;2021-05-25;5155;3939;305404;146943;39.9;19.2
42;2021-05-26;5162;3457;310566;150400;40.6;19.7
42;2021-05-27;5370;3631;315936;154031;41.3;20.1
42;2021-05-28;5043;4191;320979;158222;42.0;20.7
42;2021-05-29;4344;2984;325323;161206;42.5;21.1
42;2021-05-30;1981;1205;327304;162411;42.8;21.2
42;2021-05-31;4243;3422;331547;165833;43.4;21.7
42;2021-06-01;4592;3566;336139;169399;44.0;22.2
42;2021-06-02;4480;3006;340619;172405;44.5;22.5
42;2021-06-03;4930;3840;345549;176245;45.2;23.0
42;2021-06-04;4767;4216;350316;180461;45.8;23.6
42;2021-06-05;3689;2427;354005;182888;46.3;23.9
42;2021-06-06;1446;1293;355451;184181;46.5;24.1
42;2021-06-07;3991;3378;359442;187559;47.0;24.5
42;2021-06-08;3467;3248;362909;190807;47.5;25.0
42;2021-06-09;2964;3206;365873;194013;47.8;25.4
42;2021-06-10;3242;2934;369115;196947;48.3;25.8
42;2021-06-11;3589;4116;372704;201063;48.7;26.3
42;2021-06-12;2863;2880;375567;203943;49.1;26.7
42;2021-06-13;944;1278;376511;205221;49.2;26.8
42;2021-06-14;2313;4062;378824;209283;49.5;27.4
42;2021-06-15;2831;4071;381655;213354;49.9;27.9
42;2021-06-16;2923;3551;384578;216905;50.3;28.4
42;2021-06-17;2638;3733;387216;220638;50.6;28.9
42;2021-06-18;3093;5145;390309;225783;51.0;29.5
42;2021-06-19;2849;4244;393158;230027;51.4;30.1
42;2021-06-20;857;1844;394015;231871;51.5;30.3
42;2021-06-21;1908;6278;395923;238149;51.8;31.1
42;2021-06-22;1877;5893;397800;244042;52.0;31.9
42;2021-06-23;1845;5323;399645;249365;52.3;32.6
42;2021-06-24;1787;4684;401432;254049;52.5;33.2
42;2021-06-25;2039;6952;403471;261001;52.8;34.1
42;2021-06-26;1409;5822;404880;266823;52.9;34.9
42;2021-06-27;756;2858;405636;269681;53.0;35.3
42;2021-06-28;1746;7063;407382;276744;53.3;36.2
42;2021-06-29;1527;6566;408909;283310;53.5;37.0
42;2021-06-30;1968;5764;410877;289074;53.7;37.8
42;2021-07-01;1779;5122;412656;294196;54.0;38.5
42;2021-07-02;2049;6742;414705;300938;54.2;39.4
42;2021-07-03;1760;5978;416465;306916;54.5;40.1
42;2021-07-04;854;2513;417319;309429;54.6;40.5
42;2021-07-05;1716;6286;419035;315715;54.8;41.3
42;2021-07-06;2106;5577;421141;321292;55.1;42.0
42;2021-07-07;2337;4661;423478;325953;55.4;42.6
42;2021-07-08;2273;3957;425751;329910;55.7;43.1
42;2021-07-09;2415;6097;428166;336007;56.0;43.9
42;2021-07-10;1694;5582;429860;341589;56.2;44.7
42;2021-07-11;921;2304;430781;343893;56.3;45.0
42;2021-07-12;1777;6288;432558;350181;56.6;45.8
42;2021-07-13;3613;6290;436171;356471;57.0;46.6
42;2021-07-14;4479;2053;440650;358524;57.6;46.9
42;2021-07-15;4561;5628;445211;364152;58.2;47.6
42;2021-07-16;4445;6195;449656;370347;58.8;48.4
42;2021-07-17;3221;4706;452877;375053;59.2;49.0
42;2021-07-18;1839;1743;454716;376796;59.5;49.3
42;2021-07-19;3806;5073;458522;381869;60.0;49.9
42;2021-07-20;4719;4862;463241;386731;60.6;50.6
42;2021-07-21;5176;4716;468417;391447;61.3;51.2
42;2021-07-22;5499;3935;473916;395382;62.0;51.7
42;2021-07-23;5500;5114;479416;400496;62.7;52.4
42;2021-07-24;4037;3833;483453;404329;63.2;52.9
42;2021-07-25;1656;1389;485109;405718;63.4;53.1
42;2021-07-26;4733;4316;489842;410034;64.1;53.6
42;2021-07-27;5331;3958;495173;413992;64.8;54.1
42;2021-07-28;5786;3676;500959;417668;65.5;54.6
42;2021-07-29;5680;3429;506639;421097;66.3;55.1
42;2021-07-30;5139;3774;511778;424871;66.9;55.6
42;2021-07-31;4763;3057;516541;427928;67.5;56.0
42;2021-08-01;2499;1314;519040;429242;67.9;56.1
42;2021-08-02;4364;3107;523404;432349;68.4;56.5
42;2021-08-03;3819;3282;527223;435631;68.9;57.0
42;2021-08-04;3473;3222;530696;438853;69.4;57.4
42;2021-08-05;3403;3312;534099;442165;69.8;57.8
42;2021-08-06;3637;3994;537736;446159;70.3;58.3
42;2021-08-07;3024;3066;540760;449225;70.7;58.7
42;2021-08-08;1198;1716;541958;450941;70.9;59.0
42;2021-08-09;2809;3857;544767;454798;71.2;59.5
42;2021-08-10;3275;3904;548042;458702;71.7;60.0
42;2021-08-11;2593;3520;550635;462222;72.0;60.4
42;2021-08-12;2515;3567;553150;465789;72.3;60.9
42;2021-08-13;2330;3906;555480;469695;72.6;61.4
42;2021-08-14;1651;3269;557131;472964;72.9;61.8
42;2021-08-15;600;1027;557731;473991;72.9;62.0
42;2021-08-16;2074;4569;559805;478560;73.2;62.6
42;2021-08-17;2245;4177;562050;482737;73.5;63.1
42;2021-08-18;2050;4145;564100;486882;73.8;63.7
42;2021-08-19;1925;3370;566025;490252;74.0;64.1
42;2021-08-20;2268;4610;568293;494862;74.3;64.7
42;2021-08-21;1081;3864;569374;498726;74.5;65.2
42;2021-08-22;501;2020;569875;500746;74.5;65.5
42;2021-08-23;1621;4664;571496;505410;74.7;66.1
42;2021-08-24;1729;4039;573225;509449;75.0;66.6
42;2021-08-25;1739;3891;574964;513340;75.2;67.1
42;2021-08-26;1438;3040;576402;516380;75.4;67.5
42;2021-08-27;1772;4560;578174;520940;75.6;68.1
42;2021-08-28;1300;3707;579474;524647;75.8;68.6
42;2021-08-29;377;1427;579851;526074;75.8;68.8
42;2021-08-30;1276;3418;581127;529492;76.0;69.2
42;2021-08-31;1234;2844;582361;532336;76.2;69.6
42;2021-09-01;1242;2990;583603;535326;76.3;70.0
42;2021-09-02;1310;2919;584913;538245;76.5;70.4
42;2021-09-03;1560;3271;586473;541516;76.7;70.8
42;2021-09-04;1039;2985;587512;544501;76.8;71.2
42;2021-09-05;378;873;587890;545374;76.9;71.3
42;2021-09-06;758;2141;588648;547515;77.0;71.6
42;2021-09-07;815;1914;589463;549429;77.1;71.8
42;2021-09-08;909;2202;590372;551631;77.2;72.1
42;2021-09-09;649;1764;591021;553395;77.3;72.4
42;2021-09-10;921;2261;591942;555656;77.4;72.7
42;2021-09-11;712;2397;592654;558053;77.5;73.0
42;2021-09-12;163;552;592817;558605;77.5;73.0
42;2021-09-13;537;1584;593354;560189;77.6;73.3
43;2020-12-27;0;0;0;0;0.0;0.0
43;2020-12-28;0;0;0;0;0.0;0.0
43;2020-12-29;0;0;0;0;0.0;0.0
43;2020-12-30;0;0;0;0;0.0;0.0
43;2020-12-31;0;0;0;0;0.0;0.0
43;2021-01-01;0;0;0;0;0.0;0.0
43;2021-01-02;0;0;0;0;0.0;0.0
43;2021-01-03;0;0;0;0;0.0;0.0
43;2021-01-04;2;0;2;0;0.0;0.0
43;2021-01-05;0;0;2;0;0.0;0.0
43;2021-01-06;0;0;2;0;0.0;0.0
43;2021-01-07;167;0;169;0;0.1;0.0
43;2021-01-08;151;1;320;1;0.1;0.0
43;2021-01-09;0;0;320;1;0.1;0.0
43;2021-01-10;0;0;320;1;0.1;0.0
43;2021-01-11;137;0;457;1;0.2;0.0
43;2021-01-12;244;0;701;1;0.3;0.0
43;2021-01-13;244;2;945;3;0.4;0.0
43;2021-01-14;294;2;1239;5;0.5;0.0
43;2021-01-15;303;2;1542;7;0.7;0.0
43;2021-01-16;32;0;1574;7;0.7;0.0
43;2021-01-17;0;0;1574;7;0.7;0.0
43;2021-01-18;761;5;2335;12;1.0;0.0
43;2021-01-19;776;5;3111;17;1.4;0.0
43;2021-01-20;519;2;3630;19;1.6;0.0
43;2021-01-21;446;2;4076;21;1.8;0.0
43;2021-01-22;465;6;4541;27;2.0;0.0
43;2021-01-23;1;0;4542;27;2.0;0.0
43;2021-01-24;2;0;4544;27;2.0;0.0
43;2021-01-25;539;0;5083;27;2.2;0.0
43;2021-01-26;615;5;5698;32;2.5;0.0
43;2021-01-27;740;0;6438;32;2.8;0.0
43;2021-01-28;747;30;7185;62;3.2;0.0
43;2021-01-29;721;83;7906;145;3.5;0.1
43;2021-01-30;109;0;8015;145;3.5;0.1
43;2021-01-31;0;0;8015;145;3.5;0.1
43;2021-02-01;404;99;8419;244;3.7;0.1
43;2021-02-02;716;145;9135;389;4.0;0.2
43;2021-02-03;690;41;9825;430;4.3;0.2
43;2021-02-04;524;157;10349;587;4.6;0.3
43;2021-02-05;544;169;10893;756;4.8;0.3
43;2021-02-06;165;16;11058;772;4.9;0.3
43;2021-02-07;0;0;11058;772;4.9;0.3
43;2021-02-08;411;284;11469;1056;5.1;0.5
43;2021-02-09;369;414;11838;1470;5.2;0.6
43;2021-02-10;400;348;12238;1818;5.4;0.8
43;2021-02-11;388;371;12626;2189;5.6;1.0
43;2021-02-12;425;187;13051;2376;5.8;1.0
43;2021-02-13;570;41;13621;2417;6.0;1.1
43;2021-02-14;0;0;13621;2417;6.0;1.1
43;2021-02-15;68;391;13689;2808;6.0;1.2
43;2021-02-16;41;321;13730;3129;6.1;1.4
43;2021-02-17;87;436;13817;3565;6.1;1.6
43;2021-02-18;147;329;13964;3894;6.2;1.7
43;2021-02-19;278;468;14242;4362;6.3;1.9
43;2021-02-20;22;4;14264;4366;6.3;1.9
43;2021-02-21;0;0;14264;4366;6.3;1.9
43;2021-02-22;16;434;14280;4800;6.3;2.1
43;2021-02-23;202;732;14482;5532;6.4;2.4
43;2021-02-24;147;688;14629;6220;6.4;2.7
43;2021-02-25;227;630;14856;6850;6.5;3.0
43;2021-02-26;222;586;15078;7436;6.6;3.3
43;2021-02-27;138;64;15216;7500;6.7;3.3
43;2021-02-28;1;0;15217;7500;6.7;3.3
43;2021-03-01;210;445;15427;7945;6.8;3.5
43;2021-03-02;342;551;15769;8496;6.9;3.7
43;2021-03-03;338;549;16107;9045;7.1;4.0
43;2021-03-04;551;442;16658;9487;7.3;4.2
43;2021-03-05;566;435;17224;9922;7.6;4.4
43;2021-03-06;489;173;17713;10095;7.8;4.4
43;2021-03-07;12;0;17725;10095;7.8;4.4
43;2021-03-08;446;422;18171;10517;8.0;4.6
43;2021-03-09;621;350;18792;10867;8.3;4.8
43;2021-03-10;674;484;19466;11351;8.6;5.0
43;2021-03-11;953;432;20419;11783;9.0;5.2
43;2021-03-12;945;422;21364;12205;9.4;5.4
43;2021-03-13;792;110;22156;12315;9.8;5.4
43;2021-03-14;2;0;22158;12315;9.8;5.4
43;2021-03-15;706;141;22864;12456;10.1;5.5
43;2021-03-16;848;286;23712;12742;10.5;5.6
43;2021-03-17;638;137;24350;12879;10.7;5.7
43;2021-03-18;676;138;25026;13017;11.0;5.7
43;2021-03-19;839;108;25865;13125;11.4;5.8
43;2021-03-20;450;60;26315;13185;11.6;5.8
43;2021-03-21;0;0;26315;13185;11.6;5.8
43;2021-03-22;744;39;27059;13224;11.9;5.8
43;2021-03-23;872;49;27931;13273;12.3;5.8
43;2021-03-24;1174;95;29105;13368;12.8;5.9
43;2021-03-25;1594;156;30699;13524;13.5;6.0
43;2021-03-26;1609;191;32308;13715;14.2;6.0
43;2021-03-27;1449;79;33757;13794;14.9;6.1
43;2021-03-28;420;20;34177;13814;15.1;6.1
43;2021-03-29;1096;171;35273;13985;15.5;6.2
43;2021-03-30;1313;236;36586;14221;16.1;6.3
43;2021-03-31;1305;265;37891;14486;16.7;6.4
43;2021-04-01;1347;341;39238;14827;17.3;6.5
43;2021-04-02;1052;350;40290;15177;17.8;6.7
43;2021-04-03;340;198;40630;15375;17.9;6.8
43;2021-04-04;0;0;40630;15375;17.9;6.8
43;2021-04-05;3;0;40633;15375;17.9;6.8
43;2021-04-06;688;608;41321;15983;18.2;7.0
43;2021-04-07;868;573;42189;16556;18.6;7.3
43;2021-04-08;1087;463;43276;17019;19.1;7.5
43;2021-04-09;1148;661;44424;17680;19.6;7.8
43;2021-04-10;626;264;45050;17944;19.9;7.9
43;2021-04-11;0;0;45050;17944;19.9;7.9
43;2021-04-12;682;650;45732;18594;20.2;8.2
43;2021-04-13;917;724;46649;19318;20.6;8.5
43;2021-04-14;725;667;47374;19985;20.9;8.8
43;2021-04-15;959;701;48333;20686;21.3;9.1
43;2021-04-16;1009;694;49342;21380;21.7;9.4
43;2021-04-17;423;302;49765;21682;21.9;9.6
43;2021-04-18;3;5;49768;21687;21.9;9.6
43;2021-04-19;629;568;50397;22255;22.2;9.8
43;2021-04-20;840;676;51237;22931;22.6;10.1
43;2021-04-21;320;986;51557;23917;22.7;10.5
43;2021-04-22;680;1016;52237;24933;23.0;11.0
43;2021-04-23;401;1102;52638;26035;23.2;11.5
43;2021-04-24;347;1039;52985;27074;23.4;11.9
43;2021-04-25;23;403;53008;27477;23.4;12.1
43;2021-04-26;385;964;53393;28441;23.5;12.5
43;2021-04-27;825;984;54218;29425;23.9;13.0
43;2021-04-28;794;1108;55012;30533;24.2;13.5
43;2021-04-29;1238;1139;56250;31672;24.8;14.0
43;2021-04-30;1199;1068;57449;32740;25.3;14.4
43;2021-05-01;400;27;57849;32767;25.5;14.4
43;2021-05-02;1;0;57850;32767;25.5;14.4
43;2021-05-03;1218;408;59068;33175;26.0;14.6
43;2021-05-04;1237;954;60305;34129;26.6;15.0
43;2021-05-05;1143;848;61448;34977;27.1;15.4
43;2021-05-06;1405;938;62853;35915;27.7;15.8
43;2021-05-07;1089;1172;63942;37087;28.2;16.3
43;2021-05-08;521;136;64463;37223;28.4;16.4
43;2021-05-09;0;2;64463;37225;28.4;16.4
43;2021-05-10;1084;725;65547;37950;28.9;16.7
43;2021-05-11;1554;1010;67101;38960;29.6;17.2
43;2021-05-12;1482;808;68583;39768;30.2;17.5
43;2021-05-13;936;378;69519;40146;30.6;17.7
43;2021-05-14;2204;1110;71723;41256;31.6;18.2
43;2021-05-15;1271;315;72994;41571;32.2;18.3
43;2021-05-16;272;47;73266;41618;32.3;18.3
43;2021-05-17;1625;631;74891;42249;33.0;18.6
43;2021-05-18;1966;676;76857;42925;33.9;18.9
43;2021-05-19;2065;571;78922;43496;34.8;19.2
43;2021-05-20;2338;805;81260;44301;35.8;19.5
43;2021-05-21;2385;709;83645;45010;36.9;19.8
43;2021-05-22;1209;341;84854;45351;37.4;20.0
43;2021-05-23;1;0;84855;45351;37.4;20.0
43;2021-05-24;382;99;85237;45450;37.6;20.0
43;2021-05-25;1408;653;86645;46103;38.2;20.3
43;2021-05-26;1348;560;87993;46663;38.8;20.6
43;2021-05-27;1390;714;89383;47377;39.4;20.9
43;2021-05-28;1348;727;90731;48104;40.0;21.2
43;2021-05-29;1135;604;91866;48708;40.5;21.5
43;2021-05-30;149;17;92015;48725;40.6;21.5
43;2021-05-31;1208;442;93223;49167;41.1;21.7
43;2021-06-01;1280;985;94503;50152;41.6;22.1
43;2021-06-02;1086;700;95589;50852;42.1;22.4
43;2021-06-03;1193;857;96782;51709;42.7;22.8
43;2021-06-04;1351;858;98133;52567;43.2;23.2
43;2021-06-05;824;452;98957;53019;43.6;23.4
43;2021-06-06;10;5;98967;53024;43.6;23.4
43;2021-06-07;748;516;99715;53540;43.9;23.6
43;2021-06-08;664;705;100379;54245;44.2;23.9
43;2021-06-09;539;760;100918;55005;44.5;24.2
43;2021-06-10;808;1120;101726;56125;44.8;24.7
43;2021-06-11;761;1348;102487;57473;45.2;25.3
43;2021-06-12;914;514;103401;57987;45.6;25.6
43;2021-06-13;3;27;103404;58014;45.6;25.6
43;2021-06-14;446;1087;103850;59101;45.8;26.0
43;2021-06-15;630;1195;104480;60296;46.0;26.6
43;2021-06-16;549;974;105029;61270;46.3;27.0
43;2021-06-17;602;1500;105631;62770;46.6;27.7
43;2021-06-18;899;1464;106530;64234;46.9;28.3
43;2021-06-19;447;782;106977;65016;47.1;28.7
43;2021-06-20;0;12;106977;65028;47.1;28.7
43;2021-06-21;424;1306;107401;66334;47.3;29.2
43;2021-06-22;533;1959;107934;68293;47.6;30.1
43;2021-06-23;343;1743;108277;70036;47.7;30.9
43;2021-06-24;512;1492;108789;71528;47.9;31.5
43;2021-06-25;597;2345;109386;73873;48.2;32.6
43;2021-06-26;505;1245;109891;75118;48.4;33.1
43;2021-06-27;10;20;109901;75138;48.4;33.1
43;2021-06-28;341;1785;110242;76923;48.6;33.9
43;2021-06-29;525;2381;110767;79304;48.8;35.0
43;2021-06-30;460;2276;111227;81580;49.0;36.0
43;2021-07-01;473;1910;111700;83490;49.2;36.8
43;2021-07-02;500;1964;112200;85454;49.4;37.7
43;2021-07-03;258;1108;112458;86562;49.6;38.1
43;2021-07-04;1;0;112459;86562;49.6;38.1
43;2021-07-05;526;1202;112985;87764;49.8;38.7
43;2021-07-06;633;1680;113618;89444;50.1;39.4
43;2021-07-07;525;1423;114143;90867;50.3;40.0
43;2021-07-08;837;1418;114980;92285;50.7;40.7
43;2021-07-09;550;1500;115530;93785;50.9;41.3
43;2021-07-10;401;1337;115931;95122;51.1;41.9
43;2021-07-11;23;99;115954;95221;51.1;42.0
43;2021-07-12;603;1685;116557;96906;51.4;42.7
43;2021-07-13;1186;1849;117743;98755;51.9;43.5
43;2021-07-14;848;159;118591;98914;52.3;43.6
43;2021-07-15;1932;1839;120523;100753;53.1;44.4
43;2021-07-16;1752;1616;122275;102369;53.9;45.1
43;2021-07-17;1545;1201;123820;103570;54.6;45.6
43;2021-07-18;4;19;123824;103589;54.6;45.7
43;2021-07-19;1441;1257;125265;104846;55.2;46.2
43;2021-07-20;1897;1451;127162;106297;56.0;46.8
43;2021-07-21;1852;1111;129014;107408;56.9;47.3
43;2021-07-22;2110;1334;131124;108742;57.8;47.9
43;2021-07-23;1619;1325;132743;110067;58.5;48.5
43;2021-07-24;577;1000;133320;111067;58.8;48.9
43;2021-07-25;0;1;133320;111068;58.8;48.9
43;2021-07-26;1642;1072;134962;112140;59.5;49.4
43;2021-07-27;2283;1225;137245;113365;60.5;50.0
43;2021-07-28;1953;1093;139198;114458;61.3;50.4
43;2021-07-29;1987;1014;141185;115472;62.2;50.9
43;2021-07-30;1870;1336;143055;116808;63.0;51.5
43;2021-07-31;706;610;143761;117418;63.4;51.7
43;2021-08-01;13;21;143774;117439;63.4;51.8
43;2021-08-02;1540;969;145314;118408;64.0;52.2
43;2021-08-03;1405;1167;146719;119575;64.7;52.7
43;2021-08-04;1263;1108;147982;120683;65.2;53.2
43;2021-08-05;1255;1285;149237;121968;65.8;53.8
43;2021-08-06;1129;1465;150366;123433;66.3;54.4
43;2021-08-07;758;757;151124;124190;66.6;54.7
43;2021-08-08;5;0;151129;124190;66.6;54.7
43;2021-08-09;820;1636;151949;125826;67.0;55.5
43;2021-08-10;1024;1584;152973;127410;67.4;56.2
43;2021-08-11;681;1340;153654;128750;67.7;56.7
43;2021-08-12;875;1606;154529;130356;68.1;57.5
43;2021-08-13;680;1179;155209;131535;68.4;58.0
43;2021-08-14;361;556;155570;132091;68.6;58.2
43;2021-08-15;3;9;155573;132100;68.6;58.2
43;2021-08-16;684;1674;156257;133774;68.9;59.0
43;2021-08-17;711;1511;156968;135285;69.2;59.6
43;2021-08-18;560;1513;157528;136798;69.4;60.3
43;2021-08-19;642;1610;158170;138408;69.7;61.0
43;2021-08-20;518;1594;158688;140002;69.9;61.7
43;2021-08-21;238;555;158926;140557;70.0;61.9
43;2021-08-22;7;7;158933;140564;70.0;61.9
43;2021-08-23;500;1589;159433;142153;70.3;62.6
43;2021-08-24;513;1395;159946;143548;70.5;63.3
43;2021-08-25;511;1299;160457;144847;70.7;63.8
43;2021-08-26;473;1137;160930;145984;70.9;64.3
43;2021-08-27;528;1358;161458;147342;71.2;64.9
43;2021-08-28;176;499;161634;147841;71.2;65.2
43;2021-08-29;0;1;161634;147842;71.2;65.2
43;2021-08-30;484;1059;162118;148901;71.4;65.6
43;2021-08-31;381;889;162499;149790;71.6;66.0
43;2021-09-01;305;960;162804;150750;71.8;66.4
43;2021-09-02;308;967;163112;151717;71.9;66.9
43;2021-09-03;502;1017;163614;152734;72.1;67.3
43;2021-09-04;317;569;163931;153303;72.2;67.6
43;2021-09-05;39;24;163970;153327;72.3;67.6
43;2021-09-06;249;760;164219;154087;72.4;67.9
43;2021-09-07;236;711;164455;154798;72.5;68.2
43;2021-09-08;207;804;164662;155602;72.6;68.6
43;2021-09-09;267;809;164929;156411;72.7;68.9
43;2021-09-10;328;705;165257;157116;72.8;69.2
43;2021-09-11;261;453;165518;157569;72.9;69.4
43;2021-09-12;0;4;165518;157573;72.9;69.4
43;2021-09-13;146;515;165664;158088;73.0;69.7
44;2020-12-27;1;0;1;0;0.0;0.0
44;2020-12-28;1;0;2;0;0.0;0.0
44;2020-12-29;1;0;3;0;0.0;0.0
44;2020-12-30;1;0;4;0;0.0;0.0
44;2020-12-31;1;0;5;0;0.0;0.0
44;2021-01-01;2;0;7;0;0.0;0.0
44;2021-01-02;0;0;7;0;0.0;0.0
44;2021-01-03;3;0;10;0;0.0;0.0
44;2021-01-04;0;0;10;0;0.0;0.0
44;2021-01-05;1;0;11;0;0.0;0.0
44;2021-01-06;20;1;31;1;0.0;0.0
44;2021-01-07;187;0;218;1;0.0;0.0
44;2021-01-08;528;0;746;1;0.1;0.0
44;2021-01-09;473;0;1219;1;0.1;0.0
44;2021-01-10;455;1;1674;2;0.1;0.0
44;2021-01-11;801;1;2475;3;0.2;0.0
44;2021-01-12;908;1;3383;4;0.2;0.0
44;2021-01-13;1086;1;4469;5;0.3;0.0
44;2021-01-14;1115;6;5584;11;0.4;0.0
44;2021-01-15;989;1;6573;12;0.5;0.0
44;2021-01-16;336;2;6909;14;0.5;0.0
44;2021-01-17;328;1;7237;15;0.5;0.0
44;2021-01-18;856;3;8093;18;0.6;0.0
44;2021-01-19;2622;5;10715;23;0.7;0.0
44;2021-01-20;2741;4;13456;27;0.9;0.0
44;2021-01-21;4534;8;17990;35;1.3;0.0
44;2021-01-22;2416;7;20406;42;1.4;0.0
44;2021-01-23;767;1;21173;43;1.5;0.0
44;2021-01-24;119;0;21292;43;1.5;0.0
44;2021-01-25;833;0;22125;43;1.5;0.0
44;2021-01-26;2563;16;24688;59;1.7;0.0
44;2021-01-27;2100;55;26788;114;1.9;0.0
44;2021-01-28;3733;186;30521;300;2.1;0.0
44;2021-01-29;2370;445;32891;745;2.3;0.1
44;2021-01-30;627;196;33518;941;2.3;0.1
44;2021-01-31;14;177;33532;1118;2.3;0.1
44;2021-02-01;593;506;34125;1624;2.4;0.1
44;2021-02-02;879;699;35004;2323;2.4;0.2
44;2021-02-03;890;815;35894;3138;2.5;0.2
44;2021-02-04;938;667;36832;3805;2.6;0.3
44;2021-02-05;897;566;37729;4371;2.6;0.3
44;2021-02-06;471;234;38200;4605;2.7;0.3
44;2021-02-07;72;177;38272;4782;2.7;0.3
44;2021-02-08;521;390;38793;5172;2.7;0.4
44;2021-02-09;993;1142;39786;6314;2.8;0.4
44;2021-02-10;1141;1216;40927;7530;2.8;0.5
44;2021-02-11;2289;2980;43216;10510;3.0;0.7
44;2021-02-12;1663;1667;44879;12177;3.1;0.8
44;2021-02-13;433;416;45312;12593;3.2;0.9
44;2021-02-14;10;158;45322;12751;3.2;0.9
44;2021-02-15;505;868;45827;13619;3.2;0.9
44;2021-02-16;1440;2293;47267;15912;3.3;1.1
44;2021-02-17;1105;1874;48372;17786;3.4;1.2
44;2021-02-18;1959;3378;50331;21164;3.5;1.5
44;2021-02-19;1579;2330;51910;23494;3.6;1.6
44;2021-02-20;409;504;52319;23998;3.6;1.7
44;2021-02-21;6;171;52325;24169;3.6;1.7
44;2021-02-22;717;694;53042;24863;3.7;1.7
44;2021-02-23;1246;914;54288;25777;3.8;1.8
44;2021-02-24;1238;911;55526;26688;3.9;1.9
44;2021-02-25;2445;851;57971;27539;4.0;1.9
44;2021-02-26;2292;786;60263;28325;4.2;2.0
44;2021-02-27;976;352;61239;28677;4.3;2.0
44;2021-02-28;7;31;61246;28708;4.3;2.0
44;2021-03-01;989;466;62235;29174;4.3;2.0
44;2021-03-02;1813;892;64048;30066;4.5;2.1
44;2021-03-03;1861;1004;65909;31070;4.6;2.2
44;2021-03-04;2881;1427;68790;32497;4.8;2.3
44;2021-03-05;3482;1234;72272;33731;5.0;2.3
44;2021-03-06;2508;418;74780;34149;5.2;2.4
44;2021-03-07;988;86;75768;34235;5.3;2.4
44;2021-03-08;1785;543;77553;34778;5.4;2.4
44;2021-03-09;3351;1043;80904;35821;5.6;2.5
44;2021-03-10;3079;1029;83983;36850;5.8;2.6
44;2021-03-11;4439;1723;88422;38573;6.2;2.7
44;2021-03-12;5894;1286;94316;39859;6.6;2.8
44;2021-03-13;3632;284;97948;40143;6.8;2.8
44;2021-03-14;431;62;98379;40205;6.8;2.8
44;2021-03-15;2688;362;101067;40567;7.0;2.8
44;2021-03-16;2149;620;103216;41187;7.2;2.9
44;2021-03-17;1966;652;105182;41839;7.3;2.9
44;2021-03-18;2169;635;107351;42474;7.5;3.0
44;2021-03-19;3788;364;111139;42838;7.7;3.0
44;2021-03-20;3213;297;114352;43135;8.0;3.0
44;2021-03-21;914;19;115266;43154;8.0;3.0
44;2021-03-22;2462;439;117728;43593;8.2;3.0
44;2021-03-23;3960;700;121688;44293;8.5;3.1
44;2021-03-24;4303;628;125991;44921;8.8;3.1
44;2021-03-25;5635;922;131626;45843;9.2;3.2
44;2021-03-26;6510;750;138136;46593;9.6;3.2
44;2021-03-27;3216;401;141352;46994;9.8;3.3
44;2021-03-28;1244;26;142596;47020;9.9;3.3
44;2021-03-29;3122;785;145718;47805;10.1;3.3
44;2021-03-30;5139;1103;150857;48908;10.5;3.4
44;2021-03-31;4613;1296;155470;50204;10.8;3.5
44;2021-04-01;6139;1004;161609;51208;11.2;3.6
44;2021-04-02;5796;949;167405;52157;11.6;3.6
44;2021-04-03;2435;647;169840;52804;11.8;3.7
44;2021-04-04;667;21;170507;52825;11.9;3.7
44;2021-04-05;692;287;171199;53112;11.9;3.7
44;2021-04-06;4213;1373;175412;54485;12.2;3.8
44;2021-04-07;5077;1650;180489;56135;12.6;3.9
44;2021-04-08;7180;1663;187669;57798;13.1;4.0
44;2021-04-09;10067;1816;197736;59614;13.8;4.1
44;2021-04-10;4563;1454;202299;61068;14.1;4.2
44;2021-04-11;2149;423;204448;61491;14.2;4.3
44;2021-04-12;5466;1587;209914;63078;14.6;4.4
44;2021-04-13;6729;2257;216643;65335;15.1;4.5
44;2021-04-14;5911;2235;222554;67570;15.5;4.7
44;2021-04-15;6709;2207;229263;69777;16.0;4.9
44;2021-04-16;7784;2045;237047;71822;16.5;5.0
44;2021-04-17;4301;1382;241348;73204;16.8;5.1
44;2021-04-18;2254;818;243602;74022;17.0;5.2
44;2021-04-19;5046;1903;248648;75925;17.3;5.3
44;2021-04-20;6282;2644;254930;78569;17.7;5.5
44;2021-04-21;6007;2786;260937;81355;18.2;5.7
44;2021-04-22;6961;2509;267898;83864;18.6;5.8
44;2021-04-23;7337;3179;275235;87043;19.2;6.1
44;2021-04-24;3971;2043;279206;89086;19.4;6.2
44;2021-04-25;2076;1056;281282;90142;19.6;6.3
44;2021-04-26;5653;2753;286935;92895;20.0;6.5
44;2021-04-27;7419;4078;294354;96973;20.5;6.7
44;2021-04-28;7608;3776;301962;100749;21.0;7.0
44;2021-04-29;8966;4271;310928;105020;21.6;7.3
44;2021-04-30;9569;4684;320497;109704;22.3;7.6
44;2021-05-01;2849;922;323346;110626;22.5;7.7
44;2021-05-02;1901;619;325247;111245;22.6;7.7
44;2021-05-03;5550;4067;330797;115312;23.0;8.0
44;2021-05-04;6330;5119;337127;120431;23.5;8.4
44;2021-05-05;6074;4606;343201;125037;23.9;8.7
44;2021-05-06;7256;4872;350457;129909;24.4;9.0
44;2021-05-07;7452;5692;357909;135601;24.9;9.4
44;2021-05-08;2583;1263;360492;136864;25.1;9.5
44;2021-05-09;1801;1812;362293;138676;25.2;9.6
44;2021-05-10;6574;5764;368867;144440;25.7;10.1
44;2021-05-11;7788;6260;376655;150700;26.2;10.5
44;2021-05-12;8196;5708;384851;156408;26.8;10.9
44;2021-05-13;5305;1190;390156;157598;27.1;11.0
44;2021-05-14;7587;3973;397743;161571;27.7;11.2
44;2021-05-15;5008;2233;402751;163804;28.0;11.4
44;2021-05-16;2795;741;405546;164545;28.2;11.4
44;2021-05-17;6744;5142;412290;169687;28.7;11.8
44;2021-05-18;7966;5212;420256;174899;29.2;12.2
44;2021-05-19;8168;4279;428424;179178;29.8;12.5
44;2021-05-20;8367;4647;436791;183825;30.4;12.8
44;2021-05-21;8843;5196;445634;189021;31.0;13.2
44;2021-05-22;5099;2231;450733;191252;31.4;13.3
44;2021-05-23;1759;824;452492;192076;31.5;13.4
44;2021-05-24;4887;1616;457379;193692;31.8;13.5
44;2021-05-25;7741;5546;465120;199238;32.4;13.9
44;2021-05-26;8182;5042;473302;204280;32.9;14.2
44;2021-05-27;9660;5346;482962;209626;33.6;14.6
44;2021-05-28;9187;6899;492149;216525;34.2;15.1
44;2021-05-29;5886;3314;498035;219839;34.7;15.3
44;2021-05-30;1775;705;499810;220544;34.8;15.3
44;2021-05-31;8063;6175;507873;226719;35.3;15.8
44;2021-06-01;9907;6550;517780;233269;36.0;16.2
44;2021-06-02;9531;5687;527311;238956;36.7;16.6
44;2021-06-03;10864;5872;538175;244828;37.4;17.0
44;2021-06-04;9961;8067;548136;252895;38.1;17.6
44;2021-06-05;5781;4332;553917;257227;38.5;17.9
44;2021-06-06;2363;1130;556280;258357;38.7;18.0
44;2021-06-07;9555;6931;565835;265288;39.4;18.5
44;2021-06-08;10913;7505;576748;272793;40.1;19.0
44;2021-06-09;10557;6315;587305;279108;40.9;19.4
44;2021-06-10;11428;6039;598733;285147;41.7;19.8
44;2021-06-11;11962;8631;610695;293778;42.5;20.4
44;2021-06-12;7767;4093;618462;297871;43.0;20.7
44;2021-06-13;2793;1006;621255;298877;43.2;20.8
44;2021-06-14;8768;8411;630023;307288;43.8;21.4
44;2021-06-15;11709;8258;641732;315546;44.7;22.0
44;2021-06-16;10978;7656;652710;323202;45.4;22.5
44;2021-06-17;11731;8685;664441;331887;46.2;23.1
44;2021-06-18;10903;10114;675344;342001;47.0;23.8
44;2021-06-19;5884;4321;681228;346322;47.4;24.1
44;2021-06-20;2535;1341;683763;347663;47.6;24.2
44;2021-06-21;7353;10015;691116;357678;48.1;24.9
44;2021-06-22;8469;10628;699585;368306;48.7;25.6
44;2021-06-23;8557;9141;708142;377447;49.3;26.3
44;2021-06-24;9124;8566;717266;386013;49.9;26.9
44;2021-06-25;7649;10816;724915;396829;50.4;27.6
44;2021-06-26;2959;6468;727874;403297;50.6;28.1
44;2021-06-27;817;2405;728691;405702;50.7;28.2
44;2021-06-28;5230;10058;733921;415760;51.1;28.9
44;2021-06-29;6181;12082;740102;427842;51.5;29.8
44;2021-06-30;6184;10448;746286;438290;51.9;30.5
44;2021-07-01;6933;10477;753219;448767;52.4;31.2
44;2021-07-02;6696;12554;759915;461321;52.9;32.1
44;2021-07-03;2583;7003;762498;468324;53.1;32.6
44;2021-07-04;995;2236;763493;470560;53.1;32.7
44;2021-07-05;5322;11871;768815;482431;53.5;33.6
44;2021-07-06;6061;12599;774876;495030;53.9;34.4
44;2021-07-07;6510;11099;781386;506129;54.4;35.2
44;2021-07-08;7397;11959;788783;518088;54.9;36.1
44;2021-07-09;6263;14251;795046;532339;55.3;37.0
44;2021-07-10;2447;7008;797493;539347;55.5;37.5
44;2021-07-11;731;2262;798224;541609;55.5;37.7
44;2021-07-12;4400;14054;802624;555663;55.8;38.7
44;2021-07-13;5772;14848;808396;570511;56.3;39.7
44;2021-07-14;3690;5810;812086;576321;56.5;40.1
44;2021-07-15;7233;14285;819319;590606;57.0;41.1
44;2021-07-16;8236;14993;827555;605599;57.6;42.1
44;2021-07-17;3372;7576;830927;613175;57.8;42.7
44;2021-07-18;1434;2548;832361;615723;57.9;42.8
44;2021-07-19;4869;14695;837230;630418;58.3;43.9
44;2021-07-20;6037;15672;843267;646090;58.7;45.0
44;2021-07-21;5846;13988;849113;660078;59.1;45.9
44;2021-07-22;6726;13746;855839;673824;59.6;46.9
44;2021-07-23;6162;15629;862001;689453;60.0;48.0
44;2021-07-24;2853;8715;864854;698168;60.2;48.6
44;2021-07-25;945;3088;865799;701256;60.2;48.8
44;2021-07-26;6081;12682;871880;713938;60.7;49.7
44;2021-07-27;9710;12183;881590;726121;61.3;50.5
44;2021-07-28;9251;10843;890841;736964;62.0;51.3
44;2021-07-29;10286;10836;901127;747800;62.7;52.0
44;2021-07-30;9172;10925;910299;758725;63.3;52.8
44;2021-07-31;4784;5648;915083;764373;63.7;53.2
44;2021-08-01;2572;1409;917655;765782;63.9;53.3
44;2021-08-02;6601;9475;924256;775257;64.3;53.9
44;2021-08-03;8446;8536;932702;783793;64.9;54.5
44;2021-08-04;9111;6984;941813;790777;65.5;55.0
44;2021-08-05;11548;7521;953361;798298;66.3;55.5
44;2021-08-06;9675;8198;963036;806496;67.0;56.1
44;2021-08-07;4603;3701;967639;810197;67.3;56.4
44;2021-08-08;2538;1728;970177;811925;67.5;56.5
44;2021-08-09;8893;7977;979070;819902;68.1;57.1
44;2021-08-10;10258;7616;989328;827518;68.8;57.6
44;2021-08-11;10405;6785;999733;834303;69.6;58.1
44;2021-08-12;10390;7344;1010123;841647;70.3;58.6
44;2021-08-13;8423;6156;1018546;847803;70.9;59.0
44;2021-08-14;3221;3221;1021767;851024;71.1;59.2
44;2021-08-15;717;930;1022484;851954;71.1;59.3
44;2021-08-16;5845;8303;1028329;860257;71.6;59.9
44;2021-08-17;5602;8178;1033931;868435;71.9;60.4
44;2021-08-18;4818;7614;1038749;876049;72.3;61.0
44;2021-08-19;4956;8347;1043705;884396;72.6;61.5
44;2021-08-20;4484;8921;1048189;893317;72.9;62.2
44;2021-08-21;1952;4614;1050141;897931;73.1;62.5
44;2021-08-22;703;2440;1050844;900371;73.1;62.7
44;2021-08-23;3658;9428;1054502;909799;73.4;63.3
44;2021-08-24;3621;8700;1058123;918499;73.6;63.9
44;2021-08-25;3132;8584;1061255;927083;73.8;64.5
44;2021-08-26;2932;10340;1064187;937423;74.0;65.2
44;2021-08-27;3062;10454;1067249;947877;74.3;66.0
44;2021-08-28;1367;5851;1068616;953728;74.4;66.4
44;2021-08-29;561;2706;1069177;956434;74.4;66.6
44;2021-08-30;2652;10967;1071829;967401;74.6;67.3
44;2021-08-31;2807;11225;1074636;978626;74.8;68.1
44;2021-09-01;2669;9933;1077305;988559;75.0;68.8
44;2021-09-02;2247;8745;1079552;997304;75.1;69.4
44;2021-09-03;2120;10198;1081672;1007502;75.3;70.1
44;2021-09-04;1446;6020;1083118;1013522;75.4;70.5
44;2021-09-05;436;1435;1083554;1014957;75.4;70.6
44;2021-09-06;1617;6619;1085171;1021576;75.5;71.1
44;2021-09-07;1469;5774;1086640;1027350;75.6;71.5
44;2021-09-08;1884;6516;1088524;1033866;75.7;71.9
44;2021-09-09;1484;5135;1090008;1039001;75.8;72.3
44;2021-09-10;1819;6485;1091827;1045486;76.0;72.7
44;2021-09-11;1081;4156;1092908;1049642;76.0;73.0
44;2021-09-12;227;849;1093135;1050491;76.1;73.1
44;2021-09-13;1157;4371;1094292;1054862;76.1;73.4
45;2020-12-27;0;0;0;0;0.0;0.0
45;2020-12-28;1;0;1;0;0.0;0.0
45;2020-12-29;0;0;1;0;0.0;0.0
45;2020-12-30;0;0;1;0;0.0;0.0
45;2020-12-31;1;0;2;0;0.0;0.0
45;2021-01-01;0;0;2;0;0.0;0.0
45;2021-01-02;0;0;2;0;0.0;0.0
45;2021-01-03;0;0;2;0;0.0;0.0
45;2021-01-04;0;0;2;0;0.0;0.0
45;2021-01-05;76;0;78;0;0.0;0.0
45;2021-01-06;68;0;146;0;0.0;0.0
45;2021-01-07;207;0;353;0;0.1;0.0
45;2021-01-08;199;1;552;1;0.1;0.0
45;2021-01-09;42;0;594;1;0.1;0.0
45;2021-01-10;23;0;617;1;0.1;0.0
45;2021-01-11;254;0;871;1;0.1;0.0
45;2021-01-12;680;3;1551;4;0.2;0.0
45;2021-01-13;496;1;2047;5;0.3;0.0
45;2021-01-14;491;39;2538;44;0.4;0.0
45;2021-01-15;391;3;2929;47;0.4;0.0
45;2021-01-16;39;1;2968;48;0.4;0.0
45;2021-01-17;24;0;2992;48;0.4;0.0
45;2021-01-18;815;1;3807;49;0.6;0.0
45;2021-01-19;1197;5;5004;54;0.7;0.0
45;2021-01-20;2119;12;7123;66;1.0;0.0
45;2021-01-21;2523;6;9646;72;1.4;0.0
45;2021-01-22;1409;4;11055;76;1.6;0.0
45;2021-01-23;124;0;11179;76;1.6;0.0
45;2021-01-24;39;0;11218;76;1.6;0.0
45;2021-01-25;557;3;11775;79;1.7;0.0
45;2021-01-26;870;16;12645;95;1.9;0.0
45;2021-01-27;650;42;13295;137;1.9;0.0
45;2021-01-28;881;199;14176;336;2.1;0.0
45;2021-01-29;578;111;14754;447;2.2;0.1
45;2021-01-30;40;37;14794;484;2.2;0.1
45;2021-01-31;37;22;14831;506;2.2;0.1
45;2021-02-01;462;195;15293;701;2.2;0.1
45;2021-02-02;759;441;16052;1142;2.4;0.2
45;2021-02-03;773;447;16825;1589;2.5;0.2
45;2021-02-04;709;257;17534;1846;2.6;0.3
45;2021-02-05;418;149;17952;1995;2.6;0.3
45;2021-02-06;38;25;17990;2020;2.6;0.3
45;2021-02-07;7;24;17997;2044;2.6;0.3
45;2021-02-08;455;177;18452;2221;2.7;0.3
45;2021-02-09;1006;393;19458;2614;2.8;0.4
45;2021-02-10;1281;772;20739;3386;3.0;0.5
45;2021-02-11;1386;1502;22125;4888;3.2;0.7
45;2021-02-12;1052;1091;23177;5979;3.4;0.9
45;2021-02-13;85;148;23262;6127;3.4;0.9
45;2021-02-14;39;11;23301;6138;3.4;0.9
45;2021-02-15;524;460;23825;6598;3.5;1.0
45;2021-02-16;757;782;24582;7380;3.6;1.1
45;2021-02-17;642;825;25224;8205;3.7;1.2
45;2021-02-18;841;677;26065;8882;3.8;1.3
45;2021-02-19;827;647;26892;9529;3.9;1.4
45;2021-02-20;59;75;26951;9604;3.9;1.4
45;2021-02-21;17;34;26968;9638;3.9;1.4
45;2021-02-22;409;475;27377;10113;4.0;1.5
45;2021-02-23;816;599;28193;10712;4.1;1.6
45;2021-02-24;651;717;28844;11429;4.2;1.7
45;2021-02-25;962;612;29806;12041;4.4;1.8
45;2021-02-26;1044;542;30850;12583;4.5;1.8
45;2021-02-27;290;33;31140;12616;4.6;1.8
45;2021-02-28;28;2;31168;12618;4.6;1.8
45;2021-03-01;534;258;31702;12876;4.6;1.9
45;2021-03-02;671;586;32373;13462;4.7;2.0
45;2021-03-03;982;779;33355;14241;4.9;2.1
45;2021-03-04;1108;916;34463;15157;5.0;2.2
45;2021-03-05;1445;784;35908;15941;5.3;2.3
45;2021-03-06;2021;126;37929;16067;5.6;2.4
45;2021-03-07;143;53;38072;16120;5.6;2.4
45;2021-03-08;753;778;38825;16898;5.7;2.5
45;2021-03-09;1256;620;40081;17518;5.9;2.6
45;2021-03-10;1591;834;41672;18352;6.1;2.7
45;2021-03-11;1722;704;43394;19056;6.4;2.8
45;2021-03-12;2073;583;45467;19639;6.7;2.9
45;2021-03-13;988;44;46455;19683;6.8;2.9
45;2021-03-14;24;39;46479;19722;6.8;2.9
45;2021-03-15;810;575;47289;20297;6.9;3.0
45;2021-03-16;942;816;48231;21113;7.1;3.1
45;2021-03-17;1053;656;49284;21769;7.2;3.2
45;2021-03-18;998;576;50282;22345;7.4;3.3
45;2021-03-19;1619;421;51901;22766;7.6;3.3
45;2021-03-20;498;80;52399;22846;7.7;3.3
45;2021-03-21;20;35;52419;22881;7.7;3.4
45;2021-03-22;914;521;53333;23402;7.8;3.4
45;2021-03-23;1985;710;55318;24112;8.1;3.5
45;2021-03-24;1897;541;57215;24653;8.4;3.6
45;2021-03-25;2983;451;60198;25104;8.8;3.7
45;2021-03-26;3390;483;63588;25587;9.3;3.7
45;2021-03-27;1796;123;65384;25710;9.6;3.8
45;2021-03-28;89;40;65473;25750;9.6;3.8
45;2021-03-29;1531;538;67004;26288;9.8;3.8
45;2021-03-30;2785;777;69789;27065;10.2;4.0
45;2021-03-31;2135;578;71924;27643;10.5;4.0
45;2021-04-01;2973;564;74897;28207;11.0;4.1
45;2021-04-02;2827;512;77724;28719;11.4;4.2
45;2021-04-03;810;72;78534;28791;11.5;4.2
45;2021-04-04;113;33;78647;28824;11.5;4.2
45;2021-04-05;14;2;78661;28826;11.5;4.2
45;2021-04-06;1736;791;80397;29617;11.8;4.3
45;2021-04-07;1775;1113;82172;30730;12.0;4.5
45;2021-04-08;2772;1021;84944;31751;12.4;4.6
45;2021-04-09;3675;645;88619;32396;13.0;4.7
45;2021-04-10;2323;116;90942;32512;13.3;4.8
45;2021-04-11;153;24;91095;32536;13.3;4.8
45;2021-04-12;2608;667;93703;33203;13.7;4.9
45;2021-04-13;3849;1093;97552;34296;14.3;5.0
45;2021-04-14;2930;1219;100482;35515;14.7;5.2
45;2021-04-15;3518;1035;104000;36550;15.2;5.4
45;2021-04-16;3775;688;107775;37238;15.8;5.5
45;2021-04-17;1614;112;109389;37350;16.0;5.5
45;2021-04-18;200;42;109589;37392;16.0;5.5
45;2021-04-19;1938;946;111527;38338;16.3;5.6
45;2021-04-20;3075;1695;114602;40033;16.8;5.9
45;2021-04-21;2723;1304;117325;41337;17.2;6.1
45;2021-04-22;3422;1843;120747;43180;17.7;6.3
45;2021-04-23;3279;1784;124026;44964;18.2;6.6
45;2021-04-24;2023;867;126049;45831;18.5;6.7
45;2021-04-25;291;86;126340;45917;18.5;6.7
45;2021-04-26;2230;1162;128570;47079;18.8;6.9
45;2021-04-27;3353;2352;131923;49431;19.3;7.2
45;2021-04-28;2803;1939;134726;51370;19.7;7.5
45;2021-04-29;3854;2326;138580;53696;20.3;7.9
45;2021-04-30;4391;1798;142971;55494;20.9;8.1
45;2021-05-01;451;61;143422;55555;21.0;8.1
45;2021-05-02;627;122;144049;55677;21.1;8.2
45;2021-05-03;2821;992;146870;56669;21.5;8.3
45;2021-05-04;3160;2349;150030;59018;22.0;8.6
45;2021-05-05;2716;2162;152746;61180;22.4;9.0
45;2021-05-06;3329;2537;156075;63717;22.9;9.3
45;2021-05-07;2873;3182;158948;66899;23.3;9.8
45;2021-05-08;612;243;159560;67142;23.4;9.8
45;2021-05-09;1498;128;161058;67270;23.6;9.9
45;2021-05-10;4142;2970;165200;70240;24.2;10.3
45;2021-05-11;5030;2968;170230;73208;24.9;10.7
45;2021-05-12;6078;2773;176308;75981;25.8;11.1
45;2021-05-13;2450;598;178758;76579;26.2;11.2
45;2021-05-14;4967;1629;183725;78208;26.9;11.5
45;2021-05-15;4067;616;187792;78824;27.5;11.5
45;2021-05-16;289;33;188081;78857;27.5;11.5
45;2021-05-17;3360;1532;191441;80389;28.0;11.8
45;2021-05-18;5117;1680;196558;82069;28.8;12.0
45;2021-05-19;4495;2064;201053;84133;29.4;12.3
45;2021-05-20;5268;2138;206321;86271;30.2;12.6
45;2021-05-21;5143;2223;211464;88494;31.0;13.0
45;2021-05-22;3042;632;214506;89126;31.4;13.1
45;2021-05-23;15;94;214521;89220;31.4;13.1
45;2021-05-24;2827;214;217348;89434;31.8;13.1
45;2021-05-25;4962;3029;222310;92463;32.6;13.5
45;2021-05-26;5112;2337;227422;94800;33.3;13.9
45;2021-05-27;5309;3230;232731;98030;34.1;14.4
45;2021-05-28;5664;3593;238395;101623;34.9;14.9
45;2021-05-29;3671;1288;242066;102911;35.4;15.1
45;2021-05-30;33;182;242099;103093;35.5;15.1
45;2021-05-31;4330;2513;246429;105606;36.1;15.5
45;2021-06-01;6091;2999;252520;108605;37.0;15.9
45;2021-06-02;4945;3107;257465;111712;37.7;16.4
45;2021-06-03;5621;3200;263086;114912;38.5;16.8
45;2021-06-04;5896;3184;268982;118096;39.4;17.3
45;2021-06-05;2034;1332;271016;119428;39.7;17.5
45;2021-06-06;88;198;271104;119626;39.7;17.5
45;2021-06-07;4080;2722;275184;122348;40.3;17.9
45;2021-06-08;4643;4073;279827;126421;41.0;18.5
45;2021-06-09;4358;3342;284185;129763;41.6;19.0
45;2021-06-10;4649;2687;288834;132450;42.3;19.4
45;2021-06-11;4120;3662;292954;136112;42.9;19.9
45;2021-06-12;2440;1504;295394;137616;43.3;20.2
45;2021-06-13;21;424;295415;138040;43.3;20.2
45;2021-06-14;3140;4152;298555;142192;43.7;20.8
45;2021-06-15;3389;4324;301944;146516;44.2;21.5
45;2021-06-16;3904;3452;305848;149968;44.8;22.0
45;2021-06-17;3525;3536;309373;153504;45.3;22.5
45;2021-06-18;3799;5030;313172;158534;45.9;23.2
45;2021-06-19;2395;1761;315567;160295;46.2;23.5
45;2021-06-20;48;142;315615;160437;46.2;23.5
45;2021-06-21;2164;5850;317779;166287;46.5;24.4
45;2021-06-22;2419;6531;320198;172818;46.9;25.3
45;2021-06-23;2283;5599;322481;178417;47.2;26.1
45;2021-06-24;2136;3533;324617;181950;47.5;26.6
45;2021-06-25;2444;6447;327061;188397;47.9;27.6
45;2021-06-26;1947;3092;329008;191489;48.2;28.0
45;2021-06-27;53;138;329061;191627;48.2;28.1
45;2021-06-28;2076;4827;331137;196454;48.5;28.8
45;2021-06-29;2847;6815;333984;203269;48.9;29.8
45;2021-06-30;2887;5852;336871;209121;49.3;30.6
45;2021-07-01;2401;5038;339272;214159;49.7;31.4
45;2021-07-02;2370;6282;341642;220441;50.0;32.3
45;2021-07-03;755;2542;342397;222983;50.1;32.7
45;2021-07-04;6;12;342403;222995;50.1;32.7
45;2021-07-05;2139;4989;344542;227984;50.5;33.4
45;2021-07-06;2805;6780;347347;234764;50.9;34.4
45;2021-07-07;2449;6061;349796;240825;51.2;35.3
45;2021-07-08;2828;5380;352624;246205;51.6;36.1
45;2021-07-09;2148;6985;354772;253190;52.0;37.1
45;2021-07-10;1547;3862;356319;257052;52.2;37.6
45;2021-07-11;24;31;356343;257083;52.2;37.6
45;2021-07-12;1591;5998;357934;263081;52.4;38.5
45;2021-07-13;3040;8238;360974;271319;52.9;39.7
45;2021-07-14;1474;1519;362448;272838;53.1;40.0
45;2021-07-15;3734;7290;366182;280128;53.6;41.0
45;2021-07-16;3259;7445;369441;287573;54.1;42.1
45;2021-07-17;1285;2332;370726;289905;54.3;42.5
45;2021-07-18;15;19;370741;289924;54.3;42.5
45;2021-07-19;1868;5937;372609;295861;54.6;43.3
45;2021-07-20;4761;6902;377370;302763;55.3;44.3
45;2021-07-21;5177;5478;382547;308241;56.0;45.1
45;2021-07-22;6182;4906;388729;313147;56.9;45.9
45;2021-07-23;4261;5481;392990;318628;57.5;46.7
45;2021-07-24;1862;2823;394852;321451;57.8;47.1
45;2021-07-25;5;14;394857;321465;57.8;47.1
45;2021-07-26;2918;4977;397775;326442;58.2;47.8
45;2021-07-27;5467;5080;403242;331522;59.0;48.5
45;2021-07-28;4991;4176;408233;335698;59.8;49.2
45;2021-07-29;5281;3251;413514;338949;60.6;49.6
45;2021-07-30;4762;4711;418276;343660;61.3;50.3
45;2021-07-31;849;1950;419125;345610;61.4;50.6
45;2021-08-01;2;4;419127;345614;61.4;50.6
45;2021-08-02;3620;3246;422747;348860;61.9;51.1
45;2021-08-03;4878;3010;427625;351870;62.6;51.5
45;2021-08-04;3742;2232;431367;354102;63.2;51.9
45;2021-08-05;3313;2633;434680;356735;63.7;52.2
45;2021-08-06;3751;3265;438431;360000;64.2;52.7
45;2021-08-07;1682;1047;440113;361047;64.4;52.9
45;2021-08-08;9;18;440122;361065;64.4;52.9
45;2021-08-09;2600;3013;442722;364078;64.8;53.3
45;2021-08-10;3510;3803;446232;367881;65.3;53.9
45;2021-08-11;2701;3718;448933;371599;65.7;54.4
45;2021-08-12;2096;3430;451029;375029;66.0;54.9
45;2021-08-13;1743;4223;452772;379252;66.3;55.5
45;2021-08-14;682;956;453454;380208;66.4;55.7
45;2021-08-15;59;31;453513;380239;66.4;55.7
45;2021-08-16;1159;2317;454672;382556;66.6;56.0
45;2021-08-17;1858;3449;456530;386005;66.9;56.5
45;2021-08-18;1782;4049;458312;390054;67.1;57.1
45;2021-08-19;1443;4269;459755;394323;67.3;57.7
45;2021-08-20;1421;3682;461176;398005;67.5;58.3
45;2021-08-21;905;1152;462081;399157;67.7;58.5
45;2021-08-22;4;8;462085;399165;67.7;58.5
45;2021-08-23;1326;4241;463411;403406;67.9;59.1
45;2021-08-24;1731;4516;465142;407922;68.1;59.7
45;2021-08-25;1576;3723;466718;411645;68.3;60.3
45;2021-08-26;1003;3450;467721;415095;68.5;60.8
45;2021-08-27;1421;4978;469142;420073;68.7;61.5
45;2021-08-28;877;2027;470019;422100;68.8;61.8
45;2021-08-29;100;38;470119;422138;68.8;61.8
45;2021-08-30;1218;4114;471337;426252;69.0;62.4
45;2021-08-31;1074;4508;472411;430760;69.2;63.1
45;2021-09-01;1096;3547;473507;434307;69.3;63.6
45;2021-09-02;919;3354;474426;437661;69.5;64.1
45;2021-09-03;1086;3843;475512;441504;69.6;64.7
45;2021-09-04;493;1310;476005;442814;69.7;64.8
45;2021-09-05;1;16;476006;442830;69.7;64.8
45;2021-09-06;875;2820;476881;445650;69.8;65.3
45;2021-09-07;703;2226;477584;447876;69.9;65.6
45;2021-09-08;847;2614;478431;450490;70.1;66.0
45;2021-09-09;795;1678;479226;452168;70.2;66.2
45;2021-09-10;771;1865;479997;454033;70.3;66.5
45;2021-09-11;439;1601;480436;455634;70.4;66.7
45;2021-09-12;369;369;480805;456003;70.4;66.8
45;2021-09-13;353;1292;481158;457295;70.5;67.0
46;2020-12-27;4;0;4;0;0.0;0.0
46;2020-12-28;0;0;4;0;0.0;0.0
46;2020-12-29;0;0;4;0;0.0;0.0
46;2020-12-30;0;0;4;0;0.0;0.0
46;2020-12-31;0;0;4;0;0.0;0.0
46;2021-01-01;0;0;4;0;0.0;0.0
46;2021-01-02;0;0;4;0;0.0;0.0
46;2021-01-03;1;0;5;0;0.0;0.0
46;2021-01-04;0;0;5;0;0.0;0.0
46;2021-01-05;0;0;5;0;0.0;0.0
46;2021-01-06;3;0;8;0;0.0;0.0
46;2021-01-07;136;0;144;0;0.1;0.0
46;2021-01-08;181;0;325;0;0.2;0.0
46;2021-01-09;1;0;326;0;0.2;0.0
46;2021-01-10;2;0;328;0;0.2;0.0
46;2021-01-11;118;0;446;0;0.3;0.0
46;2021-01-12;140;0;586;0;0.3;0.0
46;2021-01-13;235;0;821;0;0.5;0.0
46;2021-01-14;243;2;1064;2;0.6;0.0
46;2021-01-15;306;2;1370;4;0.8;0.0
46;2021-01-16;18;0;1388;4;0.8;0.0
46;2021-01-17;0;0;1388;4;0.8;0.0
46;2021-01-18;276;2;1664;6;1.0;0.0
46;2021-01-19;390;0;2054;6;1.2;0.0
46;2021-01-20;937;2;2991;8;1.7;0.0
46;2021-01-21;997;0;3988;8;2.3;0.0
46;2021-01-22;390;2;4378;10;2.5;0.0
46;2021-01-23;0;0;4378;10;2.5;0.0
46;2021-01-24;0;0;4378;10;2.5;0.0
46;2021-01-25;204;1;4582;11;2.6;0.0
46;2021-01-26;264;1;4846;12;2.8;0.0
46;2021-01-27;277;0;5123;12;3.0;0.0
46;2021-01-28;278;43;5401;55;3.1;0.0
46;2021-01-29;233;90;5634;145;3.3;0.1
46;2021-01-30;1;0;5635;145;3.3;0.1
46;2021-01-31;1;0;5636;145;3.3;0.1
46;2021-02-01;234;143;5870;288;3.4;0.2
46;2021-02-02;210;204;6080;492;3.5;0.3
46;2021-02-03;227;90;6307;582;3.6;0.3
46;2021-02-04;372;73;6679;655;3.9;0.4
46;2021-02-05;226;155;6905;810;4.0;0.5
46;2021-02-06;9;0;6914;810;4.0;0.5
46;2021-02-07;43;0;6957;810;4.0;0.5
46;2021-02-08;197;131;7154;941;4.1;0.5
46;2021-02-09;271;205;7425;1146;4.3;0.7
46;2021-02-10;280;517;7705;1663;4.4;1.0
46;2021-02-11;655;537;8360;2200;4.8;1.3
46;2021-02-12;322;317;8682;2517;5.0;1.5
46;2021-02-13;2;0;8684;2517;5.0;1.5
46;2021-02-14;0;62;8684;2579;5.0;1.5
46;2021-02-15;195;250;8879;2829;5.1;1.6
46;2021-02-16;218;248;9097;3077;5.3;1.8
46;2021-02-17;200;290;9297;3367;5.4;1.9
46;2021-02-18;336;241;9633;3608;5.6;2.1
46;2021-02-19;277;203;9910;3811;5.7;2.2
46;2021-02-20;0;0;9910;3811;5.7;2.2
46;2021-02-21;1;0;9911;3811;5.7;2.2
46;2021-02-22;131;158;10042;3969;5.8;2.3
46;2021-02-23;225;134;10267;4103;5.9;2.4
46;2021-02-24;179;271;10446;4374;6.0;2.5
46;2021-02-25;248;291;10694;4665;6.2;2.7
46;2021-02-26;401;318;11095;4983;6.4;2.9
46;2021-02-27;120;1;11215;4984;6.5;2.9
46;2021-02-28;0;3;11215;4987;6.5;2.9
46;2021-03-01;169;159;11384;5146;6.6;3.0
46;2021-03-02;406;201;11790;5347;6.8;3.1
46;2021-03-03;458;313;12248;5660;7.1;3.3
46;2021-03-04;607;419;12855;6079;7.4;3.5
46;2021-03-05;809;345;13664;6424;7.9;3.7
46;2021-03-06;476;15;14140;6439;8.2;3.7
46;2021-03-07;101;19;14241;6458;8.2;3.7
46;2021-03-08;349;224;14590;6682;8.4;3.9
46;2021-03-09;746;257;15336;6939;8.9;4.0
46;2021-03-10;685;237;16021;7176;9.3;4.1
46;2021-03-11;852;251;16873;7427;9.7;4.3
46;2021-03-12;927;209;17800;7636;10.3;4.4
46;2021-03-13;512;3;18312;7639;10.6;4.4
46;2021-03-14;0;0;18312;7639;10.6;4.4
46;2021-03-15;505;159;18817;7798;10.9;4.5
46;2021-03-16;752;170;19569;7968;11.3;4.6
46;2021-03-17;674;189;20243;8157;11.7;4.7
46;2021-03-18;758;204;21001;8361;12.1;4.8
46;2021-03-19;811;147;21812;8508;12.6;4.9
46;2021-03-20;293;3;22105;8511;12.8;4.9
46;2021-03-21;2;0;22107;8511;12.8;4.9
46;2021-03-22;555;240;22662;8751;13.1;5.1
46;2021-03-23;702;211;23364;8962;13.5;5.2
46;2021-03-24;674;237;24038;9199;13.9;5.3
46;2021-03-25;1135;178;25173;9377;14.5;5.4
46;2021-03-26;1025;340;26198;9717;15.1;5.6
46;2021-03-27;420;50;26618;9767;15.4;5.6
46;2021-03-28;127;1;26745;9768;15.4;5.6
46;2021-03-29;733;251;27478;10019;15.9;5.8
46;2021-03-30;767;364;28245;10383;16.3;6.0
46;2021-03-31;865;417;29110;10800;16.8;6.2
46;2021-04-01;1172;346;30282;11146;17.5;6.4
46;2021-04-02;924;394;31206;11540;18.0;6.7
46;2021-04-03;167;165;31373;11705;18.1;6.8
46;2021-04-04;0;71;31373;11776;18.1;6.8
46;2021-04-05;3;0;31376;11776;18.1;6.8
46;2021-04-06;545;518;31921;12294;18.4;7.1
46;2021-04-07;785;644;32706;12938;18.9;7.5
46;2021-04-08;961;540;33667;13478;19.4;7.8
46;2021-04-09;1018;506;34685;13984;20.0;8.1
46;2021-04-10;506;208;35191;14192;20.3;8.2
46;2021-04-11;232;1;35423;14193;20.5;8.2
46;2021-04-12;845;546;36268;14739;20.9;8.5
46;2021-04-13;1187;719;37455;15458;21.6;8.9
46;2021-04-14;1533;612;38988;16070;22.5;9.3
46;2021-04-15;1502;662;40490;16732;23.4;9.7
46;2021-04-16;1585;567;42075;17299;24.3;10.0
46;2021-04-17;994;135;43069;17434;24.9;10.1
46;2021-04-18;517;9;43586;17443;25.2;10.1
46;2021-04-19;1070;571;44656;18014;25.8;10.4
46;2021-04-20;1229;728;45885;18742;26.5;10.8
46;2021-04-21;1230;712;47115;19454;27.2;11.2
46;2021-04-22;1391;728;48506;20182;28.0;11.7
46;2021-04-23;1132;732;49638;20914;28.7;12.1
46;2021-04-24;472;19;50110;20933;28.9;12.1
46;2021-04-25;351;11;50461;20944;29.1;12.1
46;2021-04-26;852;730;51313;21674;29.6;12.5
46;2021-04-27;1221;664;52534;22338;30.3;12.9
46;2021-04-28;1289;667;53823;23005;31.1;13.3
46;2021-04-29;1416;523;55239;23528;31.9;13.6
46;2021-04-30;1438;564;56677;24092;32.7;13.9
46;2021-05-01;697;72;57374;24164;33.1;14.0
46;2021-05-02;346;4;57720;24168;33.3;14.0
46;2021-05-03;854;568;58574;24736;33.8;14.3
46;2021-05-04;1037;1063;59611;25799;34.4;14.9
46;2021-05-05;1374;789;60985;26588;35.2;15.4
46;2021-05-06;1376;742;62361;27330;36.0;15.8
46;2021-05-07;1398;792;63759;28122;36.8;16.2
46;2021-05-08;280;409;64039;28531;37.0;16.5
46;2021-05-09;23;225;64062;28756;37.0;16.6
46;2021-05-10;517;1137;64579;29893;37.3;17.3
46;2021-05-11;1034;1254;65613;31147;37.9;18.0
46;2021-05-12;993;1558;66606;32705;38.5;18.9
46;2021-05-13;600;144;67206;32849;38.8;19.0
46;2021-05-14;959;1097;68165;33946;39.4;19.6
46;2021-05-15;254;654;68419;34600;39.5;20.0
46;2021-05-16;77;297;68496;34897;39.6;20.2
46;2021-05-17;653;960;69149;35857;39.9;20.7
46;2021-05-18;1404;1024;70553;36881;40.7;21.3
46;2021-05-19;1306;904;71859;37785;41.5;21.8
46;2021-05-20;1453;810;73312;38595;42.3;22.3
46;2021-05-21;997;1158;74309;39753;42.9;23.0
46;2021-05-22;147;367;74456;40120;43.0;23.2
46;2021-05-23;451;25;74907;40145;43.3;23.2
46;2021-05-24;411;113;75318;40258;43.5;23.2
46;2021-05-25;961;1333;76279;41591;44.0;24.0
46;2021-05-26;1239;1149;77518;42740;44.8;24.7
46;2021-05-27;1433;1192;78951;43932;45.6;25.4
46;2021-05-28;1428;1210;80379;45142;46.4;26.1
46;2021-05-29;1052;397;81431;45539;47.0;26.3
46;2021-05-30;409;40;81840;45579;47.3;26.3
46;2021-05-31;970;976;82810;46555;47.8;26.9
46;2021-06-01;1277;997;84087;47552;48.6;27.5
46;2021-06-02;1321;1117;85408;48669;49.3;28.1
46;2021-06-03;1418;1009;86826;49678;50.1;28.7
46;2021-06-04;1332;977;88158;50655;50.9;29.3
46;2021-06-05;381;414;88539;51069;51.1;29.5
46;2021-06-06;209;96;88748;51165;51.3;29.5
46;2021-06-07;814;616;89562;51781;51.7;29.9
46;2021-06-08;1020;895;90582;52676;52.3;30.4
46;2021-06-09;1504;974;92086;53650;53.2;31.0
46;2021-06-10;982;852;93068;54502;53.7;31.5
46;2021-06-11;970;1321;94038;55823;54.3;32.2
46;2021-06-12;459;545;94497;56368;54.6;32.6
46;2021-06-13;27;86;94524;56454;54.6;32.6
46;2021-06-14;593;1138;95117;57592;54.9;33.3
46;2021-06-15;751;1247;95868;58839;55.4;34.0
46;2021-06-16;1001;1112;96869;59951;55.9;34.6
46;2021-06-17;527;895;97396;60846;56.2;35.1
46;2021-06-18;658;1254;98054;62100;56.6;35.9
46;2021-06-19;457;313;98511;62413;56.9;36.0
46;2021-06-20;39;161;98550;62574;56.9;36.1
46;2021-06-21;429;946;98979;63520;57.2;36.7
46;2021-06-22;350;1177;99329;64697;57.4;37.4
46;2021-06-23;520;1075;99849;65772;57.7;38.0
46;2021-06-24;251;821;100100;66593;57.8;38.5
46;2021-06-25;491;1118;100591;67711;58.1;39.1
46;2021-06-26;397;553;100988;68264;58.3;39.4
46;2021-06-27;3;4;100991;68268;58.3;39.4
46;2021-06-28;315;1338;101306;69606;58.5;40.2
46;2021-06-29;376;1682;101682;71288;58.7;41.2
46;2021-06-30;512;1578;102194;72866;59.0;42.1
46;2021-07-01;490;1153;102684;74019;59.3;42.7
46;2021-07-02;468;1086;103152;75105;59.6;43.4
46;2021-07-03;124;455;103276;75560;59.6;43.6
46;2021-07-04;57;127;103333;75687;59.7;43.7
46;2021-07-05;347;1187;103680;76874;59.9;44.4
46;2021-07-06;449;1458;104129;78332;60.1;45.2
46;2021-07-07;583;1726;104712;80058;60.5;46.2
46;2021-07-08;341;1165;105053;81223;60.7;46.9
46;2021-07-09;396;1707;105449;82930;60.9;47.9
46;2021-07-10;285;1040;105734;83970;61.1;48.5
46;2021-07-11;15;375;105749;84345;61.1;48.7
46;2021-07-12;248;1261;105997;85606;61.2;49.4
46;2021-07-13;626;1671;106623;87277;61.6;50.4
46;2021-07-14;73;144;106696;87421;61.6;50.5
46;2021-07-15;917;1466;107613;88887;62.1;51.3
46;2021-07-16;766;1395;108379;90282;62.6;52.1
46;2021-07-17;364;539;108743;90821;62.8;52.4
46;2021-07-18;2;0;108745;90821;62.8;52.4
46;2021-07-19;729;1189;109474;92010;63.2;53.1
46;2021-07-20;983;1436;110457;93446;63.8;54.0
46;2021-07-21;1002;1379;111459;94825;64.4;54.8
46;2021-07-22;1404;1117;112863;95942;65.2;55.4
46;2021-07-23;768;1322;113631;97264;65.6;56.2
46;2021-07-24;957;663;114588;97927;66.2;56.6
46;2021-07-25;136;17;114724;97944;66.3;56.6
46;2021-07-26;881;879;115605;98823;66.8;57.1
46;2021-07-27;1220;978;116825;99801;67.5;57.6
46;2021-07-28;1284;1114;118109;100915;68.2;58.3
46;2021-07-29;1580;849;119689;101764;69.1;58.8
46;2021-07-30;1931;957;121620;102721;70.2;59.3
46;2021-07-31;958;660;122578;103381;70.8;59.7
46;2021-08-01;12;3;122590;103384;70.8;59.7
46;2021-08-02;974;591;123564;103975;71.4;60.0
46;2021-08-03;1364;678;124928;104653;72.1;60.4
46;2021-08-04;1738;608;126666;105261;73.1;60.8
46;2021-08-05;1383;847;128049;106108;73.9;61.3
46;2021-08-06;1421;846;129470;106954;74.8;61.8
46;2021-08-07;707;542;130177;107496;75.2;62.1
46;2021-08-08;147;66;130324;107562;75.3;62.1
46;2021-08-09;1017;693;131341;108255;75.8;62.5
46;2021-08-10;1204;892;132545;109147;76.5;63.0
46;2021-08-11;1261;1065;133806;110212;77.3;63.6
46;2021-08-12;990;799;134796;111011;77.8;64.1
46;2021-08-13;953;1004;135749;112015;78.4;64.7
46;2021-08-14;584;774;136333;112789;78.7;65.1
46;2021-08-15;8;27;136341;112816;78.7;65.1
46;2021-08-16;795;807;137136;113623;79.2;65.6
46;2021-08-17;886;1287;138022;114910;79.7;66.4
46;2021-08-18;769;1051;138791;115961;80.1;67.0
46;2021-08-19;672;1362;139463;117323;80.5;67.8
46;2021-08-20;520;1556;139983;118879;80.8;68.7
46;2021-08-21;376;649;140359;119528;81.1;69.0
46;2021-08-22;2;31;140361;119559;81.1;69.0
46;2021-08-23;423;1203;140784;120762;81.3;69.7
46;2021-08-24;550;1337;141334;122099;81.6;70.5
46;2021-08-25;525;1398;141859;123497;81.9;71.3
46;2021-08-26;389;1096;142248;124593;82.1;72.0
46;2021-08-27;433;1911;142681;126504;82.4;73.1
46;2021-08-28;270;651;142951;127155;82.6;73.4
46;2021-08-29;5;11;142956;127166;82.6;73.4
46;2021-08-30;284;1133;143240;128299;82.7;74.1
46;2021-08-31;331;1278;143571;129577;82.9;74.8
46;2021-09-01;393;1146;143964;130723;83.1;75.5
46;2021-09-02;267;1017;144231;131740;83.3;76.1
46;2021-09-03;320;1293;144551;133033;83.5;76.8
46;2021-09-04;188;664;144739;133697;83.6;77.2
46;2021-09-05;8;16;144747;133713;83.6;77.2
46;2021-09-06;218;755;144965;134468;83.7;77.7
46;2021-09-07;252;815;145217;135283;83.9;78.1
46;2021-09-08;277;891;145494;136174;84.0;78.6
46;2021-09-09;196;638;145690;136812;84.1;79.0
46;2021-09-10;275;1024;145965;137836;84.3;79.6
46;2021-09-11;145;387;146110;138223;84.4;79.8
46;2021-09-12;8;23;146118;138246;84.4;79.8
46;2021-09-13;169;692;146287;138938;84.5;80.2
47;2020-12-27;0;0;0;0;0.0;0.0
47;2020-12-28;0;0;0;0;0.0;0.0
47;2020-12-29;0;0;0;0;0.0;0.0
47;2020-12-30;0;0;0;0;0.0;0.0
47;2020-12-31;0;0;0;0;0.0;0.0
47;2021-01-01;4;0;4;0;0.0;0.0
47;2021-01-02;0;0;4;0;0.0;0.0
47;2021-01-03;0;0;4;0;0.0;0.0
47;2021-01-04;0;0;4;0;0.0;0.0
47;2021-01-05;0;0;4;0;0.0;0.0
47;2021-01-06;0;0;4;0;0.0;0.0
47;2021-01-07;71;0;75;0;0.0;0.0
47;2021-01-08;314;0;389;0;0.1;0.0
47;2021-01-09;113;0;502;0;0.2;0.0
47;2021-01-10;0;0;502;0;0.2;0.0
47;2021-01-11;249;1;751;1;0.2;0.0
47;2021-01-12;327;0;1078;1;0.3;0.0
47;2021-01-13;349;0;1427;1;0.4;0.0
47;2021-01-14;364;4;1791;5;0.5;0.0
47;2021-01-15;287;1;2078;6;0.6;0.0
47;2021-01-16;176;3;2254;9;0.7;0.0
47;2021-01-17;0;0;2254;9;0.7;0.0
47;2021-01-18;486;1;2740;10;0.8;0.0
47;2021-01-19;469;2;3209;12;1.0;0.0
47;2021-01-20;516;0;3725;12;1.1;0.0
47;2021-01-21;585;0;4310;12;1.3;0.0
47;2021-01-22;470;0;4780;12;1.4;0.0
47;2021-01-23;391;0;5171;12;1.6;0.0
47;2021-01-24;0;0;5171;12;1.6;0.0
47;2021-01-25;426;0;5597;12;1.7;0.0
47;2021-01-26;791;4;6388;16;1.9;0.0
47;2021-01-27;732;0;7120;16;2.2;0.0
47;2021-01-28;576;60;7696;76;2.3;0.0
47;2021-01-29;461;162;8157;238;2.5;0.1
47;2021-01-30;302;37;8459;275;2.6;0.1
47;2021-01-31;0;0;8459;275;2.6;0.1
47;2021-02-01;373;113;8832;388;2.7;0.1
47;2021-02-02;759;308;9591;696;2.9;0.2
47;2021-02-03;425;149;10016;845;3.0;0.3
47;2021-02-04;370;303;10386;1148;3.1;0.3
47;2021-02-05;300;302;10686;1450;3.2;0.4
47;2021-02-06;297;83;10983;1533;3.3;0.5
47;2021-02-07;0;0;10983;1533;3.3;0.5
47;2021-02-08;183;210;11166;1743;3.4;0.5
47;2021-02-09;231;202;11397;1945;3.5;0.6
47;2021-02-10;254;204;11651;2149;3.5;0.7
47;2021-02-11;356;321;12007;2470;3.6;0.7
47;2021-02-12;243;378;12250;2848;3.7;0.9
47;2021-02-13;226;92;12476;2940;3.8;0.9
47;2021-02-14;0;0;12476;2940;3.8;0.9
47;2021-02-15;194;315;12670;3255;3.8;1.0
47;2021-02-16;303;536;12973;3791;3.9;1.1
47;2021-02-17;326;396;13299;4187;4.0;1.3
47;2021-02-18;201;494;13500;4681;4.1;1.4
47;2021-02-19;193;323;13693;5004;4.1;1.5
47;2021-02-20;117;223;13810;5227;4.2;1.6
47;2021-02-21;0;0;13810;5227;4.2;1.6
47;2021-02-22;75;329;13885;5556;4.2;1.7
47;2021-02-23;149;594;14034;6150;4.2;1.9
47;2021-02-24;261;499;14295;6649;4.3;2.0
47;2021-02-25;304;365;14599;7014;4.4;2.1
47;2021-02-26;468;291;15067;7305;4.6;2.2
47;2021-02-27;324;175;15391;7480;4.7;2.3
47;2021-02-28;0;0;15391;7480;4.7;2.3
47;2021-03-01;124;370;15515;7850;4.7;2.4
47;2021-03-02;200;324;15715;8174;4.8;2.5
47;2021-03-03;244;309;15959;8483;4.8;2.6
47;2021-03-04;593;299;16552;8782;5.0;2.7
47;2021-03-05;844;258;17396;9040;5.3;2.7
47;2021-03-06;507;168;17903;9208;5.4;2.8
47;2021-03-07;331;6;18234;9214;5.5;2.8
47;2021-03-08;458;203;18692;9417;5.7;2.9
47;2021-03-09;508;461;19200;9878;5.8;3.0
47;2021-03-10;666;286;19866;10164;6.0;3.1
47;2021-03-11;940;364;20806;10528;6.3;3.2
47;2021-03-12;1374;279;22180;10807;6.7;3.3
47;2021-03-13;950;108;23130;10915;7.0;3.3
47;2021-03-14;51;0;23181;10915;7.0;3.3
47;2021-03-15;592;162;23773;11077;7.2;3.4
47;2021-03-16;750;176;24523;11253;7.4;3.4
47;2021-03-17;860;210;25383;11463;7.7;3.5
47;2021-03-18;917;178;26300;11641;8.0;3.5
47;2021-03-19;1272;128;27572;11769;8.3;3.6
47;2021-03-20;1088;59;28660;11828;8.7;3.6
47;2021-03-21;344;1;29004;11829;8.8;3.6
47;2021-03-22;1012;94;30016;11923;9.1;3.6
47;2021-03-23;1146;145;31162;12068;9.4;3.7
47;2021-03-24;1212;130;32374;12198;9.8;3.7
47;2021-03-25;1568;150;33942;12348;10.3;3.7
47;2021-03-26;1882;197;35824;12545;10.8;3.8
47;2021-03-27;980;130;36804;12675;11.1;3.8
47;2021-03-28;700;5;37504;12680;11.4;3.8
47;2021-03-29;1512;80;39016;12760;11.8;3.9
47;2021-03-30;1644;127;40660;12887;12.3;3.9
47;2021-03-31;1606;152;42266;13039;12.8;3.9
47;2021-04-01;1682;269;43948;13308;13.3;4.0
47;2021-04-02;1934;452;45882;13760;13.9;4.2
47;2021-04-03;1202;182;47084;13942;14.3;4.2
47;2021-04-04;475;13;47559;13955;14.4;4.2
47;2021-04-05;1297;58;48856;14013;14.8;4.2
47;2021-04-06;1386;388;50242;14401;15.2;4.4
47;2021-04-07;1697;591;51939;14992;15.7;4.5
47;2021-04-08;1834;478;53773;15470;16.3;4.7
47;2021-04-09;2084;541;55857;16011;16.9;4.8
47;2021-04-10;1565;325;57422;16336;17.4;4.9
47;2021-04-11;530;9;57952;16345;17.5;4.9
47;2021-04-12;1438;613;59390;16958;18.0;5.1
47;2021-04-13;1816;763;61206;17721;18.5;5.4
47;2021-04-14;1749;720;62955;18441;19.1;5.6
47;2021-04-15;2012;844;64967;19285;19.7;5.8
47;2021-04-16;1767;891;66734;20176;20.2;6.1
47;2021-04-17;1472;969;68206;21145;20.6;6.4
47;2021-04-18;23;0;68229;21145;20.7;6.4
47;2021-04-19;1331;931;69560;22076;21.1;6.7
47;2021-04-20;1626;910;71186;22986;21.5;7.0
47;2021-04-21;1626;774;72812;23760;22.0;7.2
47;2021-04-22;1870;1057;74682;24817;22.6;7.5
47;2021-04-23;1726;1071;76408;25888;23.1;7.8
47;2021-04-24;1549;801;77957;26689;23.6;8.1
47;2021-04-25;242;345;78199;27034;23.7;8.2
47;2021-04-26;1490;1359;79689;28393;24.1;8.6
47;2021-04-27;1921;1468;81610;29861;24.7;9.0
47;2021-04-28;2090;1589;83700;31450;25.3;9.5
47;2021-04-29;2533;1505;86233;32955;26.1;10.0
47;2021-04-30;2044;1780;88277;34735;26.7;10.5
47;2021-05-01;2263;985;90540;35720;27.4;10.8
47;2021-05-02;21;357;90561;36077;27.4;10.9
47;2021-05-03;1596;1419;92157;37496;27.9;11.4
47;2021-05-04;1646;1731;93803;39227;28.4;11.9
47;2021-05-05;1927;1641;95730;40868;29.0;12.4
47;2021-05-06;2106;1507;97836;42375;29.6;12.8
47;2021-05-07;2001;1622;99837;43997;30.2;13.3
47;2021-05-08;2098;464;101935;44461;30.9;13.5
47;2021-05-09;24;359;101959;44820;30.9;13.6
47;2021-05-10;1202;1669;103161;46489;31.2;14.1
47;2021-05-11;2173;1983;105334;48472;31.9;14.7
47;2021-05-12;2626;1446;107960;49918;32.7;15.1
47;2021-05-13;2381;657;110341;50575;33.4;15.3
47;2021-05-14;2062;859;112403;51434;34.0;15.6
47;2021-05-15;1935;863;114338;52297;34.6;15.8
47;2021-05-16;367;9;114705;52306;34.7;15.8
47;2021-05-17;1885;1124;116590;53430;35.3;16.2
47;2021-05-18;2358;1140;118948;54570;36.0;16.5
47;2021-05-19;2345;760;121293;55330;36.7;16.7
47;2021-05-20;2589;967;123882;56297;37.5;17.0
47;2021-05-21;1538;1134;125420;57431;38.0;17.4
47;2021-05-22;2369;839;127789;58270;38.7;17.6
47;2021-05-23;25;186;127814;58456;38.7;17.7
47;2021-05-24;1549;237;129363;58693;39.2;17.8
47;2021-05-25;1485;1319;130848;60012;39.6;18.2
47;2021-05-26;1599;1090;132447;61102;40.1;18.5
47;2021-05-27;1942;1270;134389;62372;40.7;18.9
47;2021-05-28;1458;1535;135847;63907;41.1;19.3
47;2021-05-29;1153;1120;137000;65027;41.5;19.7
47;2021-05-30;12;45;137012;65072;41.5;19.7
47;2021-05-31;1868;1415;138880;66487;42.0;20.1
47;2021-06-01;1922;1341;140802;67828;42.6;20.5
47;2021-06-02;2102;1332;142904;69160;43.3;20.9
47;2021-06-03;2486;1613;145390;70773;44.0;21.4
47;2021-06-04;1968;2116;147358;72889;44.6;22.1
47;2021-06-05;1640;1470;148998;74359;45.1;22.5
47;2021-06-06;211;70;149209;74429;45.2;22.5
47;2021-06-07;1661;2239;150870;76668;45.7;23.2
47;2021-06-08;1631;1903;152501;78571;46.2;23.8
47;2021-06-09;1824;2123;154325;80694;46.7;24.4
47;2021-06-10;2377;1621;156702;82315;47.4;24.9
47;2021-06-11;1827;2099;158529;84414;48.0;25.6
47;2021-06-12;1351;2102;159880;86516;48.4;26.2
47;2021-06-13;4;10;159884;86526;48.4;26.2
47;2021-06-14;1281;2440;161165;88966;48.8;26.9
47;2021-06-15;1465;2033;162630;90999;49.2;27.5
47;2021-06-16;1206;2184;163836;93183;49.6;28.2
47;2021-06-17;1656;1522;165492;94705;50.1;28.7
47;2021-06-18;1440;2496;166932;97201;50.5;29.4
47;2021-06-19;1540;2453;168472;99654;51.0;30.2
47;2021-06-20;5;33;168477;99687;51.0;30.2
47;2021-06-21;1136;2513;169613;102200;51.3;30.9
47;2021-06-22;761;2505;170374;104705;51.6;31.7
47;2021-06-23;999;2016;171373;106721;51.9;32.3
47;2021-06-24;1212;1936;172585;108657;52.2;32.9
47;2021-06-25;1006;2608;173591;111265;52.5;33.7
47;2021-06-26;988;2790;174579;114055;52.8;34.5
47;2021-06-27;16;349;174595;114404;52.9;34.6
47;2021-06-28;875;2407;175470;116811;53.1;35.4
47;2021-06-29;798;2316;176268;119127;53.4;36.1
47;2021-06-30;730;2304;176998;121431;53.6;36.8
47;2021-07-01;922;2106;177920;123537;53.9;37.4
47;2021-07-02;885;2275;178805;125812;54.1;38.1
47;2021-07-03;726;3044;179531;128856;54.3;39.0
47;2021-07-04;34;12;179565;128868;54.4;39.0
47;2021-07-05;980;2148;180545;131016;54.7;39.7
47;2021-07-06;1007;1957;181552;132973;55.0;40.3
47;2021-07-07;1300;2065;182852;135038;55.4;40.9
47;2021-07-08;1144;2193;183996;137231;55.7;41.5
47;2021-07-09;1049;2406;185045;139637;56.0;42.3
47;2021-07-10;953;2131;185998;141768;56.3;42.9
47;2021-07-11;1;6;185999;141774;56.3;42.9
47;2021-07-12;557;2582;186556;144356;56.5;43.7
47;2021-07-13;1094;2588;187650;146944;56.8;44.5
47;2021-07-14;1166;1577;188816;148521;57.2;45.0
47;2021-07-15;1717;3136;190533;151657;57.7;45.9
47;2021-07-16;1723;2678;192256;154335;58.2;46.7
47;2021-07-17;1202;2459;193458;156794;58.6;47.5
47;2021-07-18;36;188;193494;156982;58.6;47.5
47;2021-07-19;1115;2558;194609;159540;58.9;48.3
47;2021-07-20;1639;2341;196248;161881;59.4;49.0
47;2021-07-21;2193;2239;198441;164120;60.1;49.7
47;2021-07-22;2159;2299;200600;166419;60.7;50.4
47;2021-07-23;2125;2248;202725;168667;61.4;51.1
47;2021-07-24;1114;1915;203839;170582;61.7;51.6
47;2021-07-25;20;1;203859;170583;61.7;51.6
47;2021-07-26;1236;1945;205095;172528;62.1;52.2
47;2021-07-27;2121;1634;207216;174162;62.7;52.7
47;2021-07-28;1882;1607;209098;175769;63.3;53.2
47;2021-07-29;2326;1598;211424;177367;64.0;53.7
47;2021-07-30;1865;1625;213289;178992;64.6;54.2
47;2021-07-31;1485;1667;214774;180659;65.0;54.7
47;2021-08-01;18;8;214792;180667;65.0;54.7
47;2021-08-02;2057;1218;216849;181885;65.6;55.1
47;2021-08-03;2160;1104;219009;182989;66.3;55.4
47;2021-08-04;2193;1527;221202;184516;67.0;55.9
47;2021-08-05;2406;1447;223608;185963;67.7;56.3
47;2021-08-06;2002;1842;225610;187805;68.3;56.9
47;2021-08-07;1628;1418;227238;189223;68.8;57.3
47;2021-08-08;24;22;227262;189245;68.8;57.3
47;2021-08-09;1884;1212;229146;190457;69.4;57.7
47;2021-08-10;1922;1297;231068;191754;69.9;58.0
47;2021-08-11;1804;1402;232872;193156;70.5;58.5
47;2021-08-12;2060;1336;234932;194492;71.1;58.9
47;2021-08-13;1424;1667;236356;196159;71.6;59.4
47;2021-08-14;1351;1442;237707;197601;72.0;59.8
47;2021-08-15;11;18;237718;197619;72.0;59.8
47;2021-08-16;1436;1446;239154;199065;72.4;60.3
47;2021-08-17;1124;1685;240278;200750;72.7;60.8
47;2021-08-18;1172;1713;241450;202463;73.1;61.3
47;2021-08-19;1037;1810;242487;204273;73.4;61.8
47;2021-08-20;965;1707;243452;205980;73.7;62.4
47;2021-08-21;826;1274;244278;207254;73.9;62.7
47;2021-08-22;19;31;244297;207285;74.0;62.7
47;2021-08-23;610;1826;244907;209111;74.1;63.3
47;2021-08-24;811;1620;245718;210731;74.4;63.8
47;2021-08-25;804;1786;246522;212517;74.6;64.3
47;2021-08-26;730;2080;247252;214597;74.8;65.0
47;2021-08-27;698;1977;247950;216574;75.1;65.6
47;2021-08-28;549;1669;248499;218243;75.2;66.1
47;2021-08-29;2;16;248501;218259;75.2;66.1
47;2021-08-30;458;1925;248959;220184;75.4;66.7
47;2021-08-31;580;1817;249539;222001;75.5;67.2
47;2021-09-01;413;2022;249952;224023;75.7;67.8
47;2021-09-02;435;2017;250387;226040;75.8;68.4
47;2021-09-03;500;1953;250887;227993;75.9;69.0
47;2021-09-04;478;1821;251365;229814;76.1;69.6
47;2021-09-05;8;36;251373;229850;76.1;69.6
47;2021-09-06;338;1406;251711;231256;76.2;70.0
47;2021-09-07;472;1267;252183;232523;76.3;70.4
47;2021-09-08;415;1621;252598;234144;76.5;70.9
47;2021-09-09;405;1343;253003;235487;76.6;71.3
47;2021-09-10;470;1331;253473;236818;76.7;71.7
47;2021-09-11;433;1429;253906;238247;76.9;72.1
47;2021-09-12;3;7;253909;238254;76.9;72.1
47;2021-09-13;247;903;254156;239157;76.9;72.4
48;2020-12-27;0;0;0;0;0.0;0.0
48;2020-12-28;0;0;0;0;0.0;0.0
48;2020-12-29;0;0;0;0;0.0;0.0
48;2020-12-30;0;0;0;0;0.0;0.0
48;2020-12-31;0;0;0;0;0.0;0.0
48;2021-01-01;0;0;0;0;0.0;0.0
48;2021-01-02;0;0;0;0;0.0;0.0
48;2021-01-03;0;0;0;0;0.0;0.0
48;2021-01-04;0;0;0;0;0.0;0.0
48;2021-01-05;0;0;0;0;0.0;0.0
48;2021-01-06;0;0;0;0;0.0;0.0
48;2021-01-07;56;0;56;0;0.1;0.0
48;2021-01-08;88;0;144;0;0.2;0.0
48;2021-01-09;1;0;145;0;0.2;0.0
48;2021-01-10;0;0;145;0;0.2;0.0
48;2021-01-11;13;0;158;0;0.2;0.0
48;2021-01-12;19;1;177;1;0.2;0.0
48;2021-01-13;104;0;281;1;0.4;0.0
48;2021-01-14;90;1;371;2;0.5;0.0
48;2021-01-15;63;0;434;2;0.6;0.0
48;2021-01-16;0;0;434;2;0.6;0.0
48;2021-01-17;0;0;434;2;0.6;0.0
48;2021-01-18;117;0;551;2;0.7;0.0
48;2021-01-19;345;2;896;4;1.2;0.0
48;2021-01-20;364;0;1260;4;1.7;0.0
48;2021-01-21;466;1;1726;5;2.3;0.0
48;2021-01-22;269;0;1995;5;2.6;0.0
48;2021-01-23;36;0;2031;5;2.7;0.0
48;2021-01-24;0;0;2031;5;2.7;0.0
48;2021-01-25;109;2;2140;7;2.8;0.0
48;2021-01-26;261;0;2401;7;3.1;0.0
48;2021-01-27;257;1;2658;8;3.5;0.0
48;2021-01-28;271;10;2929;18;3.8;0.0
48;2021-01-29;175;59;3104;77;4.1;0.1
48;2021-01-30;1;7;3105;84;4.1;0.1
48;2021-01-31;0;6;3105;90;4.1;0.1
48;2021-02-01;99;45;3204;135;4.2;0.2
48;2021-02-02;191;32;3395;167;4.5;0.2
48;2021-02-03;177;81;3572;248;4.7;0.3
48;2021-02-04;234;13;3806;261;5.0;0.3
48;2021-02-05;145;34;3951;295;5.2;0.4
48;2021-02-06;34;1;3985;296;5.2;0.4
48;2021-02-07;0;0;3985;296;5.2;0.4
48;2021-02-08;50;57;4035;353;5.3;0.5
48;2021-02-09;66;151;4101;504;5.4;0.7
48;2021-02-10;65;297;4166;801;5.5;1.0
48;2021-02-11;165;379;4331;1180;5.7;1.5
48;2021-02-12;120;144;4451;1324;5.8;1.7
48;2021-02-13;8;54;4459;1378;5.8;1.8
48;2021-02-14;0;0;4459;1378;5.8;1.8
48;2021-02-15;51;88;4510;1466;5.9;1.9
48;2021-02-16;43;146;4553;1612;6.0;2.1
48;2021-02-17;35;271;4588;1883;6.0;2.5
48;2021-02-18;252;93;4840;1976;6.3;2.6
48;2021-02-19;60;154;4900;2130;6.4;2.8
48;2021-02-20;0;1;4900;2131;6.4;2.8
48;2021-02-21;0;14;4900;2145;6.4;2.8
48;2021-02-22;24;88;4924;2233;6.5;2.9
48;2021-02-23;74;200;4998;2433;6.6;3.2
48;2021-02-24;68;241;5066;2674;6.6;3.5
48;2021-02-25;148;242;5214;2916;6.8;3.8
48;2021-02-26;51;197;5265;3113;6.9;4.1
48;2021-02-27;28;1;5293;3114;6.9;4.1
48;2021-02-28;3;14;5296;3128;6.9;4.1
48;2021-03-01;102;78;5398;3206;7.1;4.2
48;2021-03-02;199;74;5597;3280;7.3;4.3
48;2021-03-03;155;94;5752;3374;7.5;4.4
48;2021-03-04;194;174;5946;3548;7.8;4.7
48;2021-03-05;136;125;6082;3673;8.0;4.8
48;2021-03-06;180;53;6262;3726;8.2;4.9
48;2021-03-07;75;2;6337;3728;8.3;4.9
48;2021-03-08;352;123;6689;3851;8.8;5.0
48;2021-03-09;377;93;7066;3944;9.3;5.2
48;2021-03-10;263;57;7329;4001;9.6;5.2
48;2021-03-11;334;82;7663;4083;10.0;5.4
48;2021-03-12;255;139;7918;4222;10.4;5.5
48;2021-03-13;301;5;8219;4227;10.8;5.5
48;2021-03-14;8;0;8227;4227;10.8;5.5
48;2021-03-15;174;55;8401;4282;11.0;5.6
48;2021-03-16;167;65;8568;4347;11.2;5.7
48;2021-03-17;156;110;8724;4457;11.4;5.8
48;2021-03-18;190;104;8914;4561;11.7;6.0
48;2021-03-19;116;95;9030;4656;11.8;6.1
48;2021-03-20;101;0;9131;4656;12.0;6.1
48;2021-03-21;0;0;9131;4656;12.0;6.1
48;2021-03-22;160;18;9291;4674;12.2;6.1
48;2021-03-23;329;103;9620;4777;12.6;6.3
48;2021-03-24;284;99;9904;4876;13.0;6.4
48;2021-03-25;757;121;10661;4997;14.0;6.6
48;2021-03-26;269;58;10930;5055;14.3;6.6
48;2021-03-27;104;1;11034;5056;14.5;6.6
48;2021-03-28;80;20;11114;5076;14.6;6.7
48;2021-03-29;305;78;11419;5154;15.0;6.8
48;2021-03-30;365;131;11784;5285;15.4;6.9
48;2021-03-31;448;84;12232;5369;16.0;7.0
48;2021-04-01;729;72;12961;5441;17.0;7.1
48;2021-04-02;487;134;13448;5575;17.6;7.3
48;2021-04-03;140;83;13588;5658;17.8;7.4
48;2021-04-04;0;0;13588;5658;17.8;7.4
48;2021-04-05;43;1;13631;5659;17.9;7.4
48;2021-04-06;465;160;14096;5819;18.5;7.6
48;2021-04-07;465;141;14561;5960;19.1;7.8
48;2021-04-08;620;188;15181;6148;19.9;8.1
48;2021-04-09;446;122;15627;6270;20.5;8.2
48;2021-04-10;95;60;15722;6330;20.6;8.3
48;2021-04-11;2;0;15724;6330;20.6;8.3
48;2021-04-12;364;71;16088;6401;21.1;8.4
48;2021-04-13;361;92;16449;6493;21.6;8.5
48;2021-04-14;624;187;17073;6680;22.4;8.8
48;2021-04-15;702;358;17775;7038;23.3;9.2
48;2021-04-16;538;225;18313;7263;24.0;9.5
48;2021-04-17;89;72;18402;7335;24.1;9.6
48;2021-04-18;0;0;18402;7335;24.1;9.6
48;2021-04-19;197;105;18599;7440;24.4;9.8
48;2021-04-20;216;180;18815;7620;24.7;10.0
48;2021-04-21;284;208;19099;7828;25.0;10.3
48;2021-04-22;307;480;19406;8308;25.4;10.9
48;2021-04-23;255;242;19661;8550;25.8;11.2
48;2021-04-24;97;94;19758;8644;25.9;11.3
48;2021-04-25;1;9;19759;8653;25.9;11.3
48;2021-04-26;87;210;19846;8863;26.0;11.6
48;2021-04-27;172;292;20018;9155;26.2;12.0
48;2021-04-28;149;415;20167;9570;26.4;12.5
48;2021-04-29;204;488;20371;10058;26.7;13.2
48;2021-04-30;172;223;20543;10281;26.9;13.5
48;2021-05-01;0;0;20543;10281;26.9;13.5
48;2021-05-02;0;0;20543;10281;26.9;13.5
48;2021-05-03;106;386;20649;10667;27.1;14.0
48;2021-05-04;227;420;20876;11087;27.4;14.5
48;2021-05-05;84;486;20960;11573;27.5;15.2
48;2021-05-06;775;640;21735;12213;28.5;16.0
48;2021-05-07;96;503;21831;12716;28.6;16.7
48;2021-05-08;309;43;22140;12759;29.0;16.7
48;2021-05-09;285;9;22425;12768;29.4;16.7
48;2021-05-10;55;325;22480;13093;29.5;17.2
48;2021-05-11;221;289;22701;13382;29.8;17.5
48;2021-05-12;249;313;22950;13695;30.1;18.0
48;2021-05-13;472;158;23422;13853;30.7;18.2
48;2021-05-14;244;222;23666;14075;31.0;18.5
48;2021-05-15;84;46;23750;14121;31.1;18.5
48;2021-05-16;1;6;23751;14127;31.1;18.5
48;2021-05-17;474;267;24225;14394;31.8;18.9
48;2021-05-18;263;229;24488;14623;32.1;19.2
48;2021-05-19;207;277;24695;14900;32.4;19.5
48;2021-05-20;318;256;25013;15156;32.8;19.9
48;2021-05-21;174;267;25187;15423;33.0;20.2
48;2021-05-22;25;50;25212;15473;33.0;20.3
48;2021-05-23;0;6;25212;15479;33.0;20.3
48;2021-05-24;0;14;25212;15493;33.0;20.3
48;2021-05-25;180;264;25392;15757;33.3;20.7
48;2021-05-26;416;298;25808;16055;33.8;21.0
48;2021-05-27;1179;379;26987;16434;35.4;21.5
48;2021-05-28;316;350;27303;16784;35.8;22.0
48;2021-05-29;79;50;27382;16834;35.9;22.1
48;2021-05-30;0;1;27382;16835;35.9;22.1
48;2021-05-31;625;263;28007;17098;36.7;22.4
48;2021-06-01;272;305;28279;17403;37.1;22.8
48;2021-06-02;407;425;28686;17828;37.6;23.4
48;2021-06-03;629;432;29315;18260;38.4;23.9
48;2021-06-04;291;282;29606;18542;38.8;24.3
48;2021-06-05;121;77;29727;18619;39.0;24.4
48;2021-06-06;1;1;29728;18620;39.0;24.4
48;2021-06-07;440;161;30168;18781;39.5;24.6
48;2021-06-08;615;309;30783;19090;40.4;25.0
48;2021-06-09;379;190;31162;19280;40.8;25.3
48;2021-06-10;1002;241;32164;19521;42.2;25.6
48;2021-06-11;372;161;32536;19682;42.7;25.8
48;2021-06-12;74;57;32610;19739;42.7;25.9
48;2021-06-13;0;2;32610;19741;42.7;25.9
48;2021-06-14;124;115;32734;19856;42.9;26.0
48;2021-06-15;407;386;33141;20242;43.4;26.5
48;2021-06-16;260;144;33401;20386;43.8;26.7
48;2021-06-17;486;575;33887;20961;44.4;27.5
48;2021-06-18;254;314;34141;21275;44.8;27.9
48;2021-06-19;35;291;34176;21566;44.8;28.3
48;2021-06-20;123;224;34299;21790;45.0;28.6
48;2021-06-21;125;134;34424;21924;45.1;28.7
48;2021-06-22;258;334;34682;22258;45.5;29.2
48;2021-06-23;111;546;34793;22804;45.6;29.9
48;2021-06-24;364;610;35157;23414;46.1;30.7
48;2021-06-25;154;276;35311;23690;46.3;31.1
48;2021-06-26;15;45;35326;23735;46.3;31.1
48;2021-06-27;1;1;35327;23736;46.3;31.1
48;2021-06-28;81;177;35408;23913;46.4;31.3
48;2021-06-29;297;413;35705;24326;46.8;31.9
48;2021-06-30;98;465;35803;24791;46.9;32.5
48;2021-07-01;194;669;35997;25460;47.2;33.4
48;2021-07-02;148;369;36145;25829;47.4;33.9
48;2021-07-03;42;89;36187;25918;47.4;34.0
48;2021-07-04;7;0;36194;25918;47.4;34.0
48;2021-07-05;40;116;36234;26034;47.5;34.1
48;2021-07-06;277;597;36511;26631;47.9;34.9
48;2021-07-07;201;488;36712;27119;48.1;35.5
48;2021-07-08;224;1191;36936;28310;48.4;37.1
48;2021-07-09;159;553;37095;28863;48.6;37.8
48;2021-07-10;95;147;37190;29010;48.8;38.0
48;2021-07-11;0;4;37190;29014;48.8;38.0
48;2021-07-12;140;674;37330;29688;48.9;38.9
48;2021-07-13;212;431;37542;30119;49.2;39.5
48;2021-07-14;179;145;37721;30264;49.4;39.7
48;2021-07-15;187;459;37908;30723;49.7;40.3
48;2021-07-16;234;314;38142;31037;50.0;40.7
48;2021-07-17;129;118;38271;31155;50.2;40.8
48;2021-07-18;4;5;38275;31160;50.2;40.8
48;2021-07-19;105;306;38380;31466;50.3;41.2
48;2021-07-20;677;993;39057;32459;51.2;42.5
48;2021-07-21;69;371;39126;32830;51.3;43.0
48;2021-07-22;779;1124;39905;33954;52.3;44.5
48;2021-07-23;367;437;40272;34391;52.8;45.1
48;2021-07-24;509;170;40781;34561;53.5;45.3
48;2021-07-25;138;46;40919;34607;53.6;45.4
48;2021-07-26;101;198;41020;34805;53.8;45.6
48;2021-07-27;1195;644;42215;35449;55.3;46.5
48;2021-07-28;177;316;42392;35765;55.6;46.9
48;2021-07-29;715;646;43107;36411;56.5;47.7
48;2021-07-30;200;292;43307;36703;56.8;48.1
48;2021-07-31;337;178;43644;36881;57.2;48.3
48;2021-08-01;18;55;43662;36936;57.2;48.4
48;2021-08-02;228;164;43890;37100;57.5;48.6
48;2021-08-03;924;572;44814;37672;58.7;49.4
48;2021-08-04;328;220;45142;37892;59.2;49.7
48;2021-08-05;675;474;45817;38366;60.1;50.3
48;2021-08-06;442;275;46259;38641;60.6;50.7
48;2021-08-07;249;125;46508;38766;61.0;50.8
48;2021-08-08;2;5;46510;38771;61.0;50.8
48;2021-08-09;170;140;46680;38911;61.2;51.0
48;2021-08-10;726;555;47406;39466;62.1;51.7
48;2021-08-11;295;238;47701;39704;62.5;52.0
48;2021-08-12;419;415;48120;40119;63.1;52.6
48;2021-08-13;227;212;48347;40331;63.4;52.9
48;2021-08-14;138;165;48485;40496;63.6;53.1
48;2021-08-15;131;81;48616;40577;63.7;53.2
48;2021-08-16;121;192;48737;40769;63.9;53.4
48;2021-08-17;365;1188;49102;41957;64.4;55.0
48;2021-08-18;208;202;49310;42159;64.6;55.3
48;2021-08-19;240;325;49550;42484;65.0;55.7
48;2021-08-20;214;284;49764;42768;65.2;56.1
48;2021-08-21;85;232;49849;43000;65.3;56.4
48;2021-08-22;0;0;49849;43000;65.3;56.4
48;2021-08-23;65;153;49914;43153;65.4;56.6
48;2021-08-24;308;952;50222;44105;65.8;57.8
48;2021-08-25;156;349;50378;44454;66.0;58.3
48;2021-08-26;180;501;50558;44955;66.3;58.9
48;2021-08-27;152;337;50710;45292;66.5;59.4
48;2021-08-28;126;302;50836;45594;66.6;59.8
48;2021-08-29;0;1;50836;45595;66.6;59.8
48;2021-08-30;54;146;50890;45741;66.7;60.0
48;2021-08-31;258;1070;51148;46811;67.0;61.4
48;2021-09-01;123;346;51271;47157;67.2;61.8
48;2021-09-02;131;404;51402;47561;67.4;62.3
48;2021-09-03;138;328;51540;47889;67.6;62.8
48;2021-09-04;121;242;51661;48131;67.7;63.1
48;2021-09-05;3;26;51664;48157;67.7;63.1
48;2021-09-06;34;189;51698;48346;67.8;63.4
48;2021-09-07;159;392;51857;48738;68.0;63.9
48;2021-09-08;96;225;51953;48963;68.1;64.2
48;2021-09-09;83;296;52036;49259;68.2;64.6
48;2021-09-10;128;401;52164;49660;68.4;65.1
48;2021-09-11;88;215;52252;49875;68.5;65.4
48;2021-09-12;1;3;52253;49878;68.5;65.4
48;2021-09-13;74;151;52327;50029;68.6;65.6
49;2020-12-27;0;0;0;0;0.0;0.0
49;2020-12-28;2;0;2;0;0.0;0.0
49;2020-12-29;0;0;2;0;0.0;0.0
49;2020-12-30;0;0;2;0;0.0;0.0
49;2020-12-31;0;0;2;0;0.0;0.0
49;2021-01-01;2;0;4;0;0.0;0.0
49;2021-01-02;1;1;5;1;0.0;0.0
49;2021-01-03;0;0;5;1;0.0;0.0
49;2021-01-04;10;0;15;1;0.0;0.0
49;2021-01-05;92;0;107;1;0.0;0.0
49;2021-01-06;232;0;339;1;0.0;0.0
49;2021-01-07;367;0;706;1;0.1;0.0
49;2021-01-08;329;1;1035;2;0.1;0.0
49;2021-01-09;118;0;1153;2;0.1;0.0
49;2021-01-10;114;0;1267;2;0.2;0.0
49;2021-01-11;287;0;1554;2;0.2;0.0
49;2021-01-12;623;0;2177;2;0.3;0.0
49;2021-01-13;602;2;2779;4;0.3;0.0
49;2021-01-14;590;5;3369;9;0.4;0.0
49;2021-01-15;775;1;4144;10;0.5;0.0
49;2021-01-16;147;0;4291;10;0.5;0.0
49;2021-01-17;111;2;4402;12;0.5;0.0
49;2021-01-18;691;0;5093;12;0.6;0.0
49;2021-01-19;1204;1;6297;13;0.8;0.0
49;2021-01-20;1511;3;7808;16;1.0;0.0
49;2021-01-21;1943;4;9751;20;1.2;0.0
49;2021-01-22;1319;5;11070;25;1.4;0.0
49;2021-01-23;263;1;11333;26;1.4;0.0
49;2021-01-24;1;0;11334;26;1.4;0.0
49;2021-01-25;552;3;11886;29;1.5;0.0
49;2021-01-26;987;74;12873;103;1.6;0.0
49;2021-01-27;1860;35;14733;138;1.8;0.0
49;2021-01-28;2878;78;17611;216;2.2;0.0
49;2021-01-29;1589;83;19200;299;2.4;0.0
49;2021-01-30;300;43;19500;342;2.4;0.0
49;2021-01-31;62;45;19562;387;2.4;0.0
49;2021-02-01;662;149;20224;536;2.5;0.1
49;2021-02-02;743;362;20967;898;2.6;0.1
49;2021-02-03;677;366;21644;1264;2.7;0.2
49;2021-02-04;758;429;22402;1693;2.7;0.2
49;2021-02-05;708;535;23110;2228;2.8;0.3
49;2021-02-06;228;101;23338;2329;2.9;0.3
49;2021-02-07;59;73;23397;2402;2.9;0.3
49;2021-02-08;549;426;23946;2828;2.9;0.3
49;2021-02-09;714;567;24660;3395;3.0;0.4
49;2021-02-10;806;809;25466;4204;3.1;0.5
49;2021-02-11;1029;1340;26495;5544;3.2;0.7
49;2021-02-12;871;905;27366;6449;3.4;0.8
49;2021-02-13;266;100;27632;6549;3.4;0.8
49;2021-02-14;9;93;27641;6642;3.4;0.8
49;2021-02-15;731;609;28372;7251;3.5;0.9
49;2021-02-16;1106;1059;29478;8310;3.6;1.0
49;2021-02-17;1159;1786;30637;10096;3.8;1.2
49;2021-02-18;1811;2363;32448;12459;4.0;1.5
49;2021-02-19;1396;1053;33844;13512;4.1;1.7
49;2021-02-20;233;332;34077;13844;4.2;1.7
49;2021-02-21;0;64;34077;13908;4.2;1.7
49;2021-02-22;646;486;34723;14394;4.3;1.8
49;2021-02-23;734;771;35457;15165;4.3;1.9
49;2021-02-24;822;540;36279;15705;4.4;1.9
49;2021-02-25;1208;698;37487;16403;4.6;2.0
49;2021-02-26;1678;737;39165;17140;4.8;2.1
49;2021-02-27;435;232;39600;17372;4.9;2.1
49;2021-02-28;49;34;39649;17406;4.9;2.1
49;2021-03-01;767;500;40416;17906;5.0;2.2
49;2021-03-02;1082;621;41498;18527;5.1;2.3
49;2021-03-03;1559;609;43057;19136;5.3;2.3
49;2021-03-04;1768;868;44825;20004;5.5;2.5
49;2021-03-05;2214;632;47039;20636;5.8;2.5
49;2021-03-06;717;163;47756;20799;5.9;2.5
49;2021-03-07;627;12;48383;20811;5.9;2.6
49;2021-03-08;1397;663;49780;21474;6.1;2.6
49;2021-03-09;2051;701;51831;22175;6.4;2.7
49;2021-03-10;2530;846;54361;23021;6.7;2.8
49;2021-03-11;3195;1443;57556;24464;7.1;3.0
49;2021-03-12;3766;993;61322;25457;7.5;3.1
49;2021-03-13;1501;203;62823;25660;7.7;3.1
49;2021-03-14;6;0;62829;25660;7.7;3.1
49;2021-03-15;2084;528;64913;26188;8.0;3.2
49;2021-03-16;1733;958;66646;27146;8.2;3.3
49;2021-03-17;1811;674;68457;27820;8.4;3.4
49;2021-03-18;2204;723;70661;28543;8.7;3.5
49;2021-03-19;3334;563;73995;29106;9.1;3.6
49;2021-03-20;1743;203;75738;29309;9.3;3.6
49;2021-03-21;499;22;76237;29331;9.3;3.6
49;2021-03-22;2247;545;78484;29876;9.6;3.7
49;2021-03-23;3406;673;81890;30549;10.0;3.7
49;2021-03-24;3602;499;85492;31048;10.5;3.8
49;2021-03-25;4226;654;89718;31702;11.0;3.9
49;2021-03-26;4885;500;94603;32202;11.6;3.9
49;2021-03-27;1674;98;96277;32300;11.8;4.0
49;2021-03-28;400;27;96677;32327;11.8;4.0
49;2021-03-29;2371;606;99048;32933;12.1;4.0
49;2021-03-30;3267;936;102315;33869;12.5;4.2
49;2021-03-31;2980;749;105295;34618;12.9;4.2
49;2021-04-01;4122;868;109417;35486;13.4;4.3
49;2021-04-02;4297;955;113714;36441;13.9;4.5
49;2021-04-03;971;193;114685;36634;14.1;4.5
49;2021-04-04;315;3;115000;36637;14.1;4.5
49;2021-04-05;944;22;115944;36659;14.2;4.5
49;2021-04-06;2331;1317;118275;37976;14.5;4.7
49;2021-04-07;3308;1364;121583;39340;14.9;4.8
49;2021-04-08;5184;1422;126767;40762;15.5;5.0
49;2021-04-09;6207;1437;132974;42199;16.3;5.2
49;2021-04-10;2067;500;135041;42699;16.6;5.2
49;2021-04-11;390;9;135431;42708;16.6;5.2
49;2021-04-12;4075;1572;139506;44280;17.1;5.4
49;2021-04-13;5381;1914;144887;46194;17.8;5.7
49;2021-04-14;4542;1877;149429;48071;18.3;5.9
49;2021-04-15;5380;1882;154809;49953;19.0;6.1
49;2021-04-16;5762;2139;160571;52092;19.7;6.4
49;2021-04-17;3336;852;163907;52944;20.1;6.5
49;2021-04-18;381;476;164288;53420;20.1;6.5
49;2021-04-19;3710;2055;167998;55475;20.6;6.8
49;2021-04-20;4375;2109;172373;57584;21.1;7.1
49;2021-04-21;3954;2204;176327;59788;21.6;7.3
49;2021-04-22;4836;2108;181163;61896;22.2;7.6
49;2021-04-23;4814;2334;185977;64230;22.8;7.9
49;2021-04-24;2939;1154;188916;65384;23.2;8.0
49;2021-04-25;40;282;188956;65666;23.2;8.0
49;2021-04-26;3743;2111;192699;67777;23.6;8.3
49;2021-04-27;4473;2499;197172;70276;24.2;8.6
49;2021-04-28;4617;2497;201789;72773;24.7;8.9
49;2021-04-29;5206;3019;206995;75792;25.4;9.3
49;2021-04-30;5556;3202;212551;78994;26.1;9.7
49;2021-05-01;2364;665;214915;79659;26.3;9.8
49;2021-05-02;5;40;214920;79699;26.3;9.8
49;2021-05-03;5012;2409;219932;82108;27.0;10.1
49;2021-05-04;4972;3038;224904;85146;27.6;10.4
49;2021-05-05;4789;3005;229693;88151;28.2;10.8
49;2021-05-06;5330;3094;235023;91245;28.8;11.2
49;2021-05-07;4281;5011;239304;96256;29.3;11.8
49;2021-05-08;3577;437;242881;96693;29.8;11.9
49;2021-05-09;10;41;242891;96734;29.8;11.9
49;2021-05-10;4830;4272;247721;101006;30.4;12.4
49;2021-05-11;5397;5087;253118;106093;31.0;13.0
49;2021-05-12;4801;4593;257919;110686;31.6;13.6
49;2021-05-13;4779;690;262698;111376;32.2;13.7
49;2021-05-14;5172;3267;267870;114643;32.8;14.1
49;2021-05-15;4157;1806;272027;116449;33.3;14.3
49;2021-05-16;2788;117;274815;116566;33.7;14.3
49;2021-05-17;4834;3684;279649;120250;34.3;14.7
49;2021-05-18;5474;3769;285123;124019;34.9;15.2
49;2021-05-19;5918;3231;291041;127250;35.7;15.6
49;2021-05-20;6809;2964;297850;130214;36.5;16.0
49;2021-05-21;6452;3745;304302;133959;37.3;16.4
49;2021-05-22;5186;1191;309488;135150;37.9;16.6
49;2021-05-23;1;12;309489;135162;37.9;16.6
49;2021-05-24;4215;448;313704;135610;38.4;16.6
49;2021-05-25;6330;3302;320034;138912;39.2;17.0
49;2021-05-26;6274;2665;326308;141577;40.0;17.4
49;2021-05-27;7112;2723;333420;144300;40.9;17.7
49;2021-05-28;6877;4010;340297;148310;41.7;18.2
49;2021-05-29;5024;1894;345321;150204;42.3;18.4
49;2021-05-30;21;14;345342;150218;42.3;18.4
49;2021-05-31;6038;3220;351380;153438;43.1;18.8
49;2021-06-01;6591;3984;357971;157422;43.9;19.3
49;2021-06-02;5795;3741;363766;161163;44.6;19.8
49;2021-06-03;6606;3418;370372;164581;45.4;20.2
49;2021-06-04;6471;4860;376843;169441;46.2;20.8
49;2021-06-05;4387;2695;381230;172136;46.7;21.1
49;2021-06-06;38;48;381268;172184;46.7;21.1
49;2021-06-07;4634;4759;385902;176943;47.3;21.7
49;2021-06-08;5188;5104;391090;182047;47.9;22.3
49;2021-06-09;5325;4502;396415;186549;48.6;22.9
49;2021-06-10;6006;3781;402421;190330;49.3;23.3
49;2021-06-11;4872;6031;407293;196361;49.9;24.1
49;2021-06-12;4098;3201;411391;199562;50.4;24.5
49;2021-06-13;20;989;411411;200551;50.4;24.6
49;2021-06-14;3412;6016;414823;206567;50.8;25.3
49;2021-06-15;4243;6395;419066;212962;51.4;26.1
49;2021-06-16;4152;5679;423218;218641;51.9;26.8
49;2021-06-17;5068;5076;428286;223717;52.5;27.4
49;2021-06-18;4134;6887;432420;230604;53.0;28.3
49;2021-06-19;3525;3971;435945;234575;53.4;28.8
49;2021-06-20;33;25;435978;234600;53.4;28.8
49;2021-06-21;2829;6510;438807;241110;53.8;29.6
49;2021-06-22;3208;7006;442015;248116;54.2;30.4
49;2021-06-23;3254;6315;445269;254431;54.6;31.2
49;2021-06-24;4318;4978;449587;259409;55.1;31.8
49;2021-06-25;3328;7449;452915;266858;55.5;32.7
49;2021-06-26;2570;4625;455485;271483;55.8;33.3
49;2021-06-27;15;1544;455500;273027;55.8;33.5
49;2021-06-28;2234;7185;457734;280212;56.1;34.3
49;2021-06-29;3029;7271;460763;287483;56.5;35.2
49;2021-06-30;2826;6805;463589;294288;56.8;36.1
49;2021-07-01;3395;6276;466984;300564;57.2;36.8
49;2021-07-02;3069;8070;470053;308634;57.6;37.8
49;2021-07-03;2008;5485;472061;314119;57.9;38.5
49;2021-07-04;7;53;472068;314172;57.9;38.5
49;2021-07-05;1741;7081;473809;321253;58.1;39.4
49;2021-07-06;1895;7552;475704;328805;58.3;40.3
49;2021-07-07;2102;6624;477806;335429;58.6;41.1
49;2021-07-08;2691;6358;480497;341787;58.9;41.9
49;2021-07-09;2363;8247;482860;350034;59.2;42.9
49;2021-07-10;1804;5344;484664;355378;59.4;43.6
49;2021-07-11;11;35;484675;355413;59.4;43.6
49;2021-07-12;1948;7713;486623;363126;59.6;44.5
49;2021-07-13;2573;8305;489196;371431;60.0;45.5
49;2021-07-14;2893;3373;492089;374804;60.3;45.9
49;2021-07-15;3168;7555;495257;382359;60.7;46.9
49;2021-07-16;3398;8298;498655;390657;61.1;47.9
49;2021-07-17;2104;5479;500759;396136;61.4;48.6
49;2021-07-18;3751;583;504510;396719;61.8;48.6
49;2021-07-19;2668;7452;507178;404171;62.2;49.5
49;2021-07-20;3588;7480;510766;411651;62.6;50.5
49;2021-07-21;4230;6464;514996;418115;63.1;51.2
49;2021-07-22;4818;5864;519814;423979;63.7;52.0
49;2021-07-23;5116;6623;524930;430602;64.3;52.8
49;2021-07-24;3689;5003;528619;435605;64.8;53.4
49;2021-07-25;67;33;528686;435638;64.8;53.4
49;2021-07-26;4516;5901;533202;441539;65.4;54.1
49;2021-07-27;5755;5443;538957;446982;66.1;54.8
49;2021-07-28;6019;4364;544976;451346;66.8;55.3
49;2021-07-29;6705;4154;551681;455500;67.6;55.8
49;2021-07-30;6177;4790;557858;460290;68.4;56.4
49;2021-07-31;3959;3422;561817;463712;68.9;56.8
49;2021-08-01;21;22;561838;463734;68.9;56.8
49;2021-08-02;4272;4654;566110;468388;69.4;57.4
49;2021-08-03;5434;3801;571544;472189;70.1;57.9
49;2021-08-04;5274;3716;576818;475905;70.7;58.3
49;2021-08-05;5307;3290;582125;479195;71.3;58.7
49;2021-08-06;5718;4281;587843;483476;72.1;59.3
49;2021-08-07;3924;3044;591767;486520;72.5;59.6
49;2021-08-08;24;36;591791;486556;72.5;59.6
49;2021-08-09;3499;4682;595290;491238;73.0;60.2
49;2021-08-10;4242;3898;599532;495136;73.5;60.7
49;2021-08-11;4009;3648;603541;498784;74.0;61.1
49;2021-08-12;2659;3055;606200;501839;74.3;61.5
49;2021-08-13;3920;4266;610120;506105;74.8;62.0
49;2021-08-14;2278;3149;612398;509254;75.1;62.4
49;2021-08-15;29;26;612427;509280;75.1;62.4
49;2021-08-16;2832;5062;615259;514342;75.4;63.0
49;2021-08-17;3277;4915;618536;519257;75.8;63.6
49;2021-08-18;2970;4114;621506;523371;76.2;64.1
49;2021-08-19;1539;3662;623045;527033;76.4;64.6
49;2021-08-20;2732;5776;625777;532809;76.7;65.3
49;2021-08-21;1390;4149;627167;536958;76.9;65.8
49;2021-08-22;6;41;627173;536999;76.9;65.8
49;2021-08-23;2253;5626;629426;542625;77.1;66.5
49;2021-08-24;2734;5784;632160;548409;77.5;67.2
49;2021-08-25;2325;5431;634485;553840;77.8;67.9
49;2021-08-26;1704;4827;636189;558667;78.0;68.5
49;2021-08-27;2446;6812;638635;565479;78.3;69.3
49;2021-08-28;901;4304;639536;569783;78.4;69.8
49;2021-08-29;4;94;639540;569877;78.4;69.8
49;2021-08-30;1151;4295;640691;574172;78.5;70.4
49;2021-08-31;2233;6002;642924;580174;78.8;71.1
49;2021-09-01;1678;4424;644602;584598;79.0;71.7
49;2021-09-02;1052;2805;645654;587403;79.1;72.0
49;2021-09-03;1457;4185;647111;591588;79.3;72.5
49;2021-09-04;1207;3568;648318;595156;79.5;72.9
49;2021-09-05;4;9;648322;595165;79.5;72.9
49;2021-09-06;1093;2915;649415;598080;79.6;73.3
49;2021-09-07;1188;2870;650603;600950;79.7;73.7
49;2021-09-08;980;3306;651583;604256;79.9;74.1
49;2021-09-09;769;1774;652352;606030;80.0;74.3
49;2021-09-10;970;3059;653322;609089;80.1;74.7
49;2021-09-11;721;2628;654043;611717;80.2;75.0
49;2021-09-12;11;8;654054;611725;80.2;75.0
49;2021-09-13;737;2511;654791;614236;80.3;75.3
50;2020-12-27;0;0;0;0;0.0;0.0
50;2020-12-28;0;0;0;0;0.0;0.0
50;2020-12-29;1;0;1;0;0.0;0.0
50;2020-12-30;0;0;1;0;0.0;0.0
50;2020-12-31;0;0;1;0;0.0;0.0
50;2021-01-01;0;0;1;0;0.0;0.0
50;2021-01-02;0;0;1;0;0.0;0.0
50;2021-01-03;0;0;1;0;0.0;0.0
50;2021-01-04;1;0;2;0;0.0;0.0
50;2021-01-05;0;0;2;0;0.0;0.0
50;2021-01-06;126;0;128;0;0.0;0.0
50;2021-01-07;323;0;451;0;0.1;0.0
50;2021-01-08;436;2;887;2;0.2;0.0
50;2021-01-09;236;0;1123;2;0.2;0.0
50;2021-01-10;23;0;1146;2;0.2;0.0
50;2021-01-11;391;1;1537;3;0.3;0.0
50;2021-01-12;600;0;2137;3;0.4;0.0
50;2021-01-13;694;4;2831;7;0.6;0.0
50;2021-01-14;1046;5;3877;12;0.8;0.0
50;2021-01-15;710;2;4587;14;0.9;0.0
50;2021-01-16;215;3;4802;17;1.0;0.0
50;2021-01-17;1;0;4803;17;1.0;0.0
50;2021-01-18;620;1;5423;18;1.1;0.0
50;2021-01-19;901;3;6324;21;1.3;0.0
50;2021-01-20;965;0;7289;21;1.5;0.0
50;2021-01-21;917;4;8206;25;1.7;0.0
50;2021-01-22;716;2;8922;27;1.8;0.0
50;2021-01-23;667;4;9589;31;2.0;0.0
50;2021-01-24;880;3;10469;34;2.1;0.0
50;2021-01-25;2711;7;13180;41;2.7;0.0
50;2021-01-26;1336;14;14516;55;3.0;0.0
50;2021-01-27;766;56;15282;111;3.1;0.0
50;2021-01-28;718;161;16000;272;3.3;0.1
50;2021-01-29;581;291;16581;563;3.4;0.1
50;2021-01-30;381;138;16962;701;3.5;0.1
50;2021-01-31;0;0;16962;701;3.5;0.1
50;2021-02-01;450;210;17412;911;3.5;0.2
50;2021-02-02;417;224;17829;1135;3.6;0.2
50;2021-02-03;391;366;18220;1501;3.7;0.3
50;2021-02-04;486;428;18706;1929;3.8;0.4
50;2021-02-05;424;430;19130;2359;3.9;0.5
50;2021-02-06;179;105;19309;2464;3.9;0.5
50;2021-02-07;0;0;19309;2464;3.9;0.5
50;2021-02-08;254;450;19563;2914;4.0;0.6
50;2021-02-09;246;558;19809;3472;4.0;0.7
50;2021-02-10;571;481;20380;3953;4.2;0.8
50;2021-02-11;437;842;20817;4795;4.2;1.0
50;2021-02-12;329;592;21146;5387;4.3;1.1
50;2021-02-13;306;440;21452;5827;4.4;1.2
50;2021-02-14;185;748;21637;6575;4.4;1.3
50;2021-02-15;663;1835;22300;8410;4.5;1.7
50;2021-02-16;746;1473;23046;9883;4.7;2.0
50;2021-02-17;632;689;23678;10572;4.8;2.2
50;2021-02-18;569;714;24247;11286;4.9;2.3
50;2021-02-19;631;414;24878;11700;5.1;2.4
50;2021-02-20;423;135;25301;11835;5.2;2.4
50;2021-02-21;85;22;25386;11857;5.2;2.4
50;2021-02-22;291;605;25677;12462;5.2;2.5
50;2021-02-23;502;441;26179;12903;5.3;2.6
50;2021-02-24;624;507;26803;13410;5.5;2.7
50;2021-02-25;779;495;27582;13905;5.6;2.8
50;2021-02-26;999;327;28581;14232;5.8;2.9
50;2021-02-27;887;101;29468;14333;6.0;2.9
50;2021-02-28;111;0;29579;14333;6.0;2.9
50;2021-03-01;488;465;30067;14798;6.1;3.0
50;2021-03-02;651;455;30718;15253;6.3;3.1
50;2021-03-03;797;394;31515;15647;6.4;3.2
50;2021-03-04;1248;297;32763;15944;6.7;3.2
50;2021-03-05;1554;311;34317;16255;7.0;3.3
50;2021-03-06;1319;142;35636;16397;7.3;3.3
50;2021-03-07;550;42;36186;16439;7.4;3.4
50;2021-03-08;1025;579;37211;17018;7.6;3.5
50;2021-03-09;1559;556;38770;17574;7.9;3.6
50;2021-03-10;1609;300;40379;17874;8.2;3.6
50;2021-03-11;2352;342;42731;18216;8.7;3.7
50;2021-03-12;2866;247;45597;18463;9.3;3.8
50;2021-03-13;1994;130;47591;18593;9.7;3.8
50;2021-03-14;280;41;47871;18634;9.8;3.8
50;2021-03-15;1378;293;49249;18927;10.0;3.9
50;2021-03-16;1341;276;50590;19203;10.3;3.9
50;2021-03-17;1296;404;51886;19607;10.6;4.0
50;2021-03-18;1162;426;53048;20033;10.8;4.1
50;2021-03-19;1733;577;54781;20610;11.2;4.2
50;2021-03-20;1688;231;56469;20841;11.5;4.2
50;2021-03-21;794;12;57263;20853;11.7;4.2
50;2021-03-22;1509;334;58772;21187;12.0;4.3
50;2021-03-23;2077;399;60849;21586;12.4;4.4
50;2021-03-24;2281;550;63130;22136;12.9;4.5
50;2021-03-25;2813;471;65943;22607;13.4;4.6
50;2021-03-26;3206;471;69149;23078;14.1;4.7
50;2021-03-27;1823;372;70972;23450;14.5;4.8
50;2021-03-28;403;20;71375;23470;14.5;4.8
50;2021-03-29;2139;720;73514;24190;15.0;4.9
50;2021-03-30;2283;642;75797;24832;15.4;5.1
50;2021-03-31;2478;570;78275;25402;16.0;5.2
50;2021-04-01;3106;866;81381;26268;16.6;5.4
50;2021-04-02;2963;929;84344;27197;17.2;5.5
50;2021-04-03;1245;680;85589;27877;17.4;5.7
50;2021-04-04;321;134;85910;28011;17.5;5.7
50;2021-04-05;400;27;86310;28038;17.6;5.7
50;2021-04-06;2129;1223;88439;29261;18.0;6.0
50;2021-04-07;2559;1175;90998;30436;18.5;6.2
50;2021-04-08;3597;1210;94595;31646;19.3;6.4
50;2021-04-09;3936;1299;98531;32945;20.1;6.7
50;2021-04-10;2533;873;101064;33818;20.6;6.9
50;2021-04-11;411;144;101475;33962;20.7;6.9
50;2021-04-12;2438;1375;103913;35337;21.2;7.2
50;2021-04-13;2678;1512;106591;36849;21.7;7.5
50;2021-04-14;2608;1352;109199;38201;22.3;7.8
50;2021-04-15;3162;1117;112361;39318;22.9;8.0
50;2021-04-16;3365;1103;115726;40421;23.6;8.2
50;2021-04-17;2398;1184;118124;41605;24.1;8.5
50;2021-04-18;425;664;118549;42269;24.2;8.6
50;2021-04-19;1997;1470;120546;43739;24.6;8.9
50;2021-04-20;2275;1588;122821;45327;25.0;9.2
50;2021-04-21;2552;1758;125373;47085;25.6;9.6
50;2021-04-22;3078;1825;128451;48910;26.2;10.0
50;2021-04-23;2758;1916;131209;50826;26.7;10.4
50;2021-04-24;1901;1429;133110;52255;27.1;10.6
50;2021-04-25;470;272;133580;52527;27.2;10.7
50;2021-04-26;2120;1879;135700;54406;27.7;11.1
50;2021-04-27;2413;2001;138113;56407;28.1;11.5
50;2021-04-28;2708;1973;140821;58380;28.7;11.9
50;2021-04-29;3286;2040;144107;60420;29.4;12.3
50;2021-04-30;3000;1924;147107;62344;30.0;12.7
50;2021-05-01;1015;596;148122;62940;30.2;12.8
50;2021-05-02;523;448;148645;63388;30.3;12.9
50;2021-05-03;1771;1804;150416;65192;30.7;13.3
50;2021-05-04;1771;2329;152187;67521;31.0;13.8
50;2021-05-05;1661;2950;153848;70471;31.4;14.4
50;2021-05-06;2531;2580;156379;73051;31.9;14.9
50;2021-05-07;2150;2851;158529;75902;32.3;15.5
50;2021-05-08;1171;792;159700;76694;32.5;15.6
50;2021-05-09;624;361;160324;77055;32.7;15.7
50;2021-05-10;1705;2605;162029;79660;33.0;16.2
50;2021-05-11;2542;2838;164571;82498;33.5;16.8
50;2021-05-12;3180;2436;167751;84934;34.2;17.3
50;2021-05-13;3383;611;171134;85545;34.9;17.4
50;2021-05-14;3571;2274;174705;87819;35.6;17.9
50;2021-05-15;4003;1870;178708;89689;36.4;18.3
50;2021-05-16;947;267;179655;89956;36.6;18.3
50;2021-05-17;2140;1877;181795;91833;37.1;18.7
50;2021-05-18;2523;1617;184318;93450;37.6;19.0
50;2021-05-19;2503;1447;186821;94897;38.1;19.3
50;2021-05-20;3261;1625;190082;96522;38.7;19.7
50;2021-05-21;3158;1909;193240;98431;39.4;20.1
50;2021-05-22;2651;1323;195891;99754;39.9;20.3
50;2021-05-23;604;284;196495;100038;40.0;20.4
50;2021-05-24;1527;490;198022;100528;40.4;20.5
50;2021-05-25;2450;1669;200472;102197;40.9;20.8
50;2021-05-26;3000;1455;203472;103652;41.5;21.1
50;2021-05-27;3034;1972;206506;105624;42.1;21.5
50;2021-05-28;2945;2114;209451;107738;42.7;22.0
50;2021-05-29;2760;1402;212211;109140;43.2;22.2
50;2021-05-30;812;327;213023;109467;43.4;22.3
50;2021-05-31;2652;1816;215675;111283;44.0;22.7
50;2021-06-01;3332;2067;219007;113350;44.6;23.1
50;2021-06-02;3261;1788;222268;115138;45.3;23.5
50;2021-06-03;3914;2060;226182;117198;46.1;23.9
50;2021-06-04;3824;2875;230006;120073;46.9;24.5
50;2021-06-05;2960;1837;232966;121910;47.5;24.8
50;2021-06-06;813;442;233779;122352;47.6;24.9
50;2021-06-07;3513;2078;237292;124430;48.4;25.4
50;2021-06-08;4072;2228;241364;126658;49.2;25.8
50;2021-06-09;4255;1986;245619;128644;50.1;26.2
50;2021-06-10;4198;2115;249817;130759;50.9;26.6
50;2021-06-11;4226;2715;254043;133474;51.8;27.2
50;2021-06-12;3738;1614;257781;135088;52.5;27.5
50;2021-06-13;1143;451;258924;135539;52.8;27.6
50;2021-06-14;2694;2966;261618;138505;53.3;28.2
50;2021-06-15;3020;2599;264638;141104;53.9;28.8
50;2021-06-16;3096;1971;267734;143075;54.6;29.2
50;2021-06-17;2799;2484;270533;145559;55.1;29.7
50;2021-06-18;3240;3050;273773;148609;55.8;30.3
50;2021-06-19;3178;1925;276951;150534;56.4;30.7
50;2021-06-20;731;710;277682;151244;56.6;30.8
50;2021-06-21;1819;3129;279501;154373;57.0;31.5
50;2021-06-22;2064;3392;281565;157765;57.4;32.2
50;2021-06-23;1872;3875;283437;161640;57.8;32.9
50;2021-06-24;1714;4007;285151;165647;58.1;33.8
50;2021-06-25;2135;4010;287286;169657;58.5;34.6
50;2021-06-26;2146;3693;289432;173350;59.0;35.3
50;2021-06-27;616;895;290048;174245;59.1;35.5
50;2021-06-28;1927;3349;291975;177594;59.5;36.2
50;2021-06-29;1882;3406;293857;181000;59.9;36.9
50;2021-06-30;2183;3408;296040;184408;60.3;37.6
50;2021-07-01;1947;3281;297987;187689;60.7;38.3
50;2021-07-02;1899;3932;299886;191621;61.1;39.1
50;2021-07-03;1447;3446;301333;195067;61.4;39.8
50;2021-07-04;445;1066;301778;196133;61.5;40.0
50;2021-07-05;1262;3412;303040;199545;61.8;40.7
50;2021-07-06;1576;3894;304616;203439;62.1;41.5
50;2021-07-07;1803;3617;306419;207056;62.4;42.2
50;2021-07-08;1377;4105;307796;211161;62.7;43.0
50;2021-07-09;1395;4572;309191;215733;63.0;44.0
50;2021-07-10;1025;3599;310216;219332;63.2;44.7
50;2021-07-11;373;1018;310589;220350;63.3;44.9
50;2021-07-12;1319;4624;311908;224974;63.6;45.9
50;2021-07-13;1626;4858;313534;229832;63.9;46.8
50;2021-07-14;1476;2359;315010;232191;64.2;47.3
50;2021-07-15;1687;5051;316697;237242;64.5;48.4
50;2021-07-16;2993;5242;319690;242484;65.2;49.4
50;2021-07-17;2149;3732;321839;246216;65.6;50.2
50;2021-07-18;402;1089;322241;247305;65.7;50.4
50;2021-07-19;1573;5183;323814;252488;66.0;51.5
50;2021-07-20;1929;5410;325743;257898;66.4;52.6
50;2021-07-21;1803;5256;327546;263154;66.8;53.6
50;2021-07-22;1949;5003;329495;268157;67.2;54.7
50;2021-07-23;2072;5372;331567;273529;67.6;55.7
50;2021-07-24;1310;3837;332877;277366;67.8;56.5
50;2021-07-25;274;1037;333151;278403;67.9;56.7
50;2021-07-26;2289;3487;335440;281890;68.4;57.5
50;2021-07-27;2899;3345;338339;285235;69.0;58.1
50;2021-07-28;2995;3686;341334;288921;69.6;58.9
50;2021-07-29;3582;3223;344916;292144;70.3;59.5
50;2021-07-30;3075;3004;347991;295148;70.9;60.2
50;2021-07-31;2406;2672;350397;297820;71.4;60.7
50;2021-08-01;484;685;350881;298505;71.5;60.8
50;2021-08-02;2474;2738;353355;301243;72.0;61.4
50;2021-08-03;3400;2469;356755;303712;72.7;61.9
50;2021-08-04;3595;2322;360350;306034;73.4;62.4
50;2021-08-05;3182;2159;363532;308193;74.1;62.8
50;2021-08-06;3646;2799;367178;310992;74.8;63.4
50;2021-08-07;2459;2156;369637;313148;75.3;63.8
50;2021-08-08;511;712;370148;313860;75.4;64.0
50;2021-08-09;2483;2133;372631;315993;75.9;64.4
50;2021-08-10;2967;1986;375598;317979;76.5;64.8
50;2021-08-11;2825;2017;378423;319996;77.1;65.2
50;2021-08-12;2567;2440;380990;322436;77.6;65.7
50;2021-08-13;2462;1982;383452;324418;78.1;66.1
50;2021-08-14;1810;1746;385262;326164;78.5;66.5
50;2021-08-15;399;334;385661;326498;78.6;66.5
50;2021-08-16;1695;2225;387356;328723;78.9;67.0
50;2021-08-17;1951;2703;389307;331426;79.3;67.5
50;2021-08-18;1816;2388;391123;333814;79.7;68.0
50;2021-08-19;1701;2575;392824;336389;80.1;68.6
50;2021-08-20;1602;2741;394426;339130;80.4;69.1
50;2021-08-21;1011;2727;395437;341857;80.6;69.7
50;2021-08-22;384;519;395821;342376;80.7;69.8
50;2021-08-23;1135;2902;396956;345278;80.9;70.4
50;2021-08-24;1236;3222;398192;348500;81.2;71.0
50;2021-08-25;1085;2650;399277;351150;81.4;71.6
50;2021-08-26;857;3155;400134;354305;81.5;72.2
50;2021-08-27;928;3181;401062;357486;81.7;72.9
50;2021-08-28;789;2888;401851;360374;81.9;73.4
50;2021-08-29;282;574;402133;360948;82.0;73.6
50;2021-08-30;767;2945;402900;363893;82.1;74.2
50;2021-08-31;816;3033;403716;366926;82.3;74.8
50;2021-09-01;628;2886;404344;369812;82.4;75.4
50;2021-09-02;499;2536;404843;372348;82.5;75.9
50;2021-09-03;652;2836;405495;375184;82.6;76.5
50;2021-09-04;618;2981;406113;378165;82.8;77.1
50;2021-09-05;194;741;406307;378906;82.8;77.2
50;2021-09-06;373;2163;406680;381069;82.9;77.7
50;2021-09-07;292;1701;406972;382770;82.9;78.0
50;2021-09-08;457;2113;407429;384883;83.0;78.4
50;2021-09-09;379;1479;407808;386362;83.1;78.7
50;2021-09-10;487;1990;408295;388352;83.2;79.1
50;2021-09-11;362;2426;408657;390778;83.3;79.6
50;2021-09-12;71;387;408728;391165;83.3;79.7
50;2021-09-13;403;1371;409131;392536;83.4;80.0
51;2020-12-27;0;0;0;0;0.0;0.0
51;2020-12-28;0;0;0;0;0.0;0.0
51;2020-12-29;0;0;0;0;0.0;0.0
51;2020-12-30;0;0;0;0;0.0;0.0
51;2020-12-31;1;0;1;0;0.0;0.0
51;2021-01-01;0;0;1;0;0.0;0.0
51;2021-01-02;0;0;1;0;0.0;0.0
51;2021-01-03;0;0;1;0;0.0;0.0
51;2021-01-04;1;0;2;0;0.0;0.0
51;2021-01-05;1;0;3;0;0.0;0.0
51;2021-01-06;6;0;9;0;0.0;0.0
51;2021-01-07;262;1;271;1;0.0;0.0
51;2021-01-08;507;1;778;2;0.1;0.0
51;2021-01-09;91;0;869;2;0.2;0.0
51;2021-01-10;0;0;869;2;0.2;0.0
51;2021-01-11;545;2;1414;4;0.3;0.0
51;2021-01-12;1539;4;2953;8;0.5;0.0
51;2021-01-13;1291;5;4244;13;0.8;0.0
51;2021-01-14;1476;6;5720;19;1.0;0.0
51;2021-01-15;607;3;6327;22;1.1;0.0
51;2021-01-16;177;1;6504;23;1.2;0.0
51;2021-01-17;102;0;6606;23;1.2;0.0
51;2021-01-18;846;3;7452;26;1.3;0.0
51;2021-01-19;999;2;8451;28;1.5;0.0
51;2021-01-20;944;8;9395;36;1.7;0.0
51;2021-01-21;790;2;10185;38;1.8;0.0
51;2021-01-22;392;2;10577;40;1.9;0.0
51;2021-01-23;294;0;10871;40;1.9;0.0
51;2021-01-24;130;1;11001;41;2.0;0.0
51;2021-01-25;712;3;11713;44;2.1;0.0
51;2021-01-26;780;5;12493;49;2.2;0.0
51;2021-01-27;655;2;13148;51;2.3;0.0
51;2021-01-28;646;55;13794;106;2.4;0.0
51;2021-01-29;474;141;14268;247;2.5;0.0
51;2021-01-30;126;5;14394;252;2.6;0.0
51;2021-01-31;83;0;14477;252;2.6;0.0
51;2021-02-01;275;58;14752;310;2.6;0.1
51;2021-02-02;738;692;15490;1002;2.7;0.2
51;2021-02-03;642;453;16132;1455;2.9;0.3
51;2021-02-04;968;771;17100;2226;3.0;0.4
51;2021-02-05;973;506;18073;2732;3.2;0.5
51;2021-02-06;30;137;18103;2869;3.2;0.5
51;2021-02-07;0;18;18103;2887;3.2;0.5
51;2021-02-08;115;392;18218;3279;3.2;0.6
51;2021-02-09;222;454;18440;3733;3.3;0.7
51;2021-02-10;219;607;18659;4340;3.3;0.8
51;2021-02-11;300;495;18959;4835;3.4;0.9
51;2021-02-12;341;504;19300;5339;3.4;0.9
51;2021-02-13;8;99;19308;5438;3.4;1.0
51;2021-02-14;8;119;19316;5557;3.4;1.0
51;2021-02-15;265;620;19581;6177;3.5;1.1
51;2021-02-16;400;782;19981;6959;3.5;1.2
51;2021-02-17;367;708;20348;7667;3.6;1.4
51;2021-02-18;437;485;20785;8152;3.7;1.4
51;2021-02-19;529;393;21314;8545;3.8;1.5
51;2021-02-20;205;276;21519;8821;3.8;1.6
51;2021-02-21;10;93;21529;8914;3.8;1.6
51;2021-02-22;195;564;21724;9478;3.9;1.7
51;2021-02-23;262;959;21986;10437;3.9;1.9
51;2021-02-24;414;568;22400;11005;4.0;2.0
51;2021-02-25;1050;796;23450;11801;4.2;2.1
51;2021-02-26;1227;610;24677;12411;4.4;2.2
51;2021-02-27;590;100;25267;12511;4.5;2.2
51;2021-02-28;7;55;25274;12566;4.5;2.2
51;2021-03-01;767;280;26041;12846;4.6;2.3
51;2021-03-02;1128;417;27169;13263;4.8;2.4
51;2021-03-03;1193;413;28362;13676;5.0;2.4
51;2021-03-04;1061;645;29423;14321;5.2;2.5
51;2021-03-05;1560;580;30983;14901;5.5;2.6
51;2021-03-06;1433;57;32416;14958;5.7;2.7
51;2021-03-07;250;6;32666;14964;5.8;2.7
51;2021-03-08;992;98;33658;15062;6.0;2.7
51;2021-03-09;1665;186;35323;15248;6.3;2.7
51;2021-03-10;1994;100;37317;15348;6.6;2.7
51;2021-03-11;2372;167;39689;15515;7.0;2.8
51;2021-03-12;3253;154;42942;15669;7.6;2.8
51;2021-03-13;2550;50;45492;15719;8.1;2.8
51;2021-03-14;190;5;45682;15724;8.1;2.8
51;2021-03-15;1580;150;47262;15874;8.4;2.8
51;2021-03-16;1479;182;48741;16056;8.6;2.8
51;2021-03-17;1497;206;50238;16262;8.9;2.9
51;2021-03-18;1615;287;51853;16549;9.2;2.9
51;2021-03-19;2311;297;54164;16846;9.6;3.0
51;2021-03-20;1662;216;55826;17062;9.9;3.0
51;2021-03-21;133;4;55959;17066;9.9;3.0
51;2021-03-22;1417;125;57376;17191;10.2;3.0
51;2021-03-23;2468;164;59844;17355;10.6;3.1
51;2021-03-24;2844;131;62688;17486;11.1;3.1
51;2021-03-25;3254;331;65942;17817;11.7;3.2
51;2021-03-26;3413;499;69355;18316;12.3;3.2
51;2021-03-27;1842;251;71197;18567;12.6;3.3
51;2021-03-28;213;3;71410;18570;12.7;3.3
51;2021-03-29;991;631;72401;19201;12.8;3.4
51;2021-03-30;1748;850;74149;20051;13.2;3.6
51;2021-03-31;1738;750;75887;20801;13.5;3.7
51;2021-04-01;2283;447;78170;21248;13.9;3.8
51;2021-04-02;2425;641;80595;21889;14.3;3.9
51;2021-04-03;1304;411;81899;22300;14.5;4.0
51;2021-04-04;106;2;82005;22302;14.5;4.0
51;2021-04-05;72;139;82077;22441;14.6;4.0
51;2021-04-06;763;1232;82840;23673;14.7;4.2
51;2021-04-07;1313;1409;84153;25082;14.9;4.4
51;2021-04-08;2206;1768;86359;26850;15.3;4.8
51;2021-04-09;2862;1725;89221;28575;15.8;5.1
51;2021-04-10;2219;497;91440;29072;16.2;5.2
51;2021-04-11;105;85;91545;29157;16.2;5.2
51;2021-04-12;1450;1340;92995;30497;16.5;5.4
51;2021-04-13;1936;1679;94931;32176;16.8;5.7
51;2021-04-14;2461;1552;97392;33728;17.3;6.0
51;2021-04-15;2855;1673;100247;35401;17.8;6.3
51;2021-04-16;3215;1597;103462;36998;18.4;6.6
51;2021-04-17;1966;775;105428;37773;18.7;6.7
51;2021-04-18;296;114;105724;37887;18.8;6.7
51;2021-04-19;1561;1158;107285;39045;19.0;6.9
51;2021-04-20;1794;1661;109079;40706;19.3;7.2
51;2021-04-21;2005;1741;111084;42447;19.7;7.5
51;2021-04-22;2407;1660;113491;44107;20.1;7.8
51;2021-04-23;2982;1827;116473;45934;20.7;8.1
51;2021-04-24;1750;951;118223;46885;21.0;8.3
51;2021-04-25;123;161;118346;47046;21.0;8.3
51;2021-04-26;1851;761;120197;47807;21.3;8.5
51;2021-04-27;2442;1224;122639;49031;21.8;8.7
51;2021-04-28;2552;1292;125191;50323;22.2;8.9
51;2021-04-29;2674;1461;127865;51784;22.7;9.2
51;2021-04-30;2976;1666;130841;53450;23.2;9.5
51;2021-05-01;1454;412;132295;53862;23.5;9.6
51;2021-05-02;107;99;132402;53961;23.5;9.6
51;2021-05-03;2484;760;134886;54721;23.9;9.7
51;2021-05-04;2788;1351;137674;56072;24.4;9.9
51;2021-05-05;2860;1638;140534;57710;24.9;10.2
51;2021-05-06;5344;1949;145878;59659;25.9;10.6
51;2021-05-07;3705;1909;149583;61568;26.5;10.9
51;2021-05-08;2862;815;152445;62383;27.0;11.1
51;2021-05-09;211;92;152656;62475;27.1;11.1
51;2021-05-10;3216;1865;155872;64340;27.6;11.4
51;2021-05-11;3643;2034;159515;66374;28.3;11.8
51;2021-05-12;4182;2232;163697;68606;29.0;12.2
51;2021-05-13;1778;505;165475;69111;29.3;12.3
51;2021-05-14;5402;1742;170877;70853;30.3;12.6
51;2021-05-15;4229;1353;175106;72206;31.1;12.8
51;2021-05-16;284;46;175390;72252;31.1;12.8
51;2021-05-17;3133;1522;178523;73774;31.7;13.1
51;2021-05-18;3918;1767;182441;75541;32.4;13.4
51;2021-05-19;4031;1722;186472;77263;33.1;13.7
51;2021-05-20;4650;1967;191122;79230;33.9;14.1
51;2021-05-21;3597;2468;194719;81698;34.5;14.5
51;2021-05-22;2076;1547;196795;83245;34.9;14.8
51;2021-05-23;308;210;197103;83455;35.0;14.8
51;2021-05-24;2019;718;199122;84173;35.3;14.9
51;2021-05-25;3130;1830;202252;86003;35.9;15.3
51;2021-05-26;3297;1710;205549;87713;36.5;15.6
51;2021-05-27;3267;2058;208816;89771;37.0;15.9
51;2021-05-28;3606;2800;212422;92571;37.7;16.4
51;2021-05-29;2402;1992;214824;94563;38.1;16.8
51;2021-05-30;401;133;215225;94696;38.2;16.8
51;2021-05-31;3349;1773;218574;96469;38.8;17.1
51;2021-06-01;3855;2326;222429;98795;39.5;17.5
51;2021-06-02;6098;2325;228527;101120;40.5;17.9
51;2021-06-03;3582;2425;232109;103545;41.2;18.4
51;2021-06-04;6345;2934;238454;106479;42.3;18.9
51;2021-06-05;2598;1817;241052;108296;42.8;19.2
51;2021-06-06;172;157;241224;108453;42.8;19.2
51;2021-06-07;4303;2164;245527;110617;43.5;19.6
51;2021-06-08;3925;2529;249452;113146;44.2;20.1
51;2021-06-09;4018;2748;253470;115894;45.0;20.6
51;2021-06-10;3208;2487;256678;118381;45.5;21.0
51;2021-06-11;3358;3425;260036;121806;46.1;21.6
51;2021-06-12;2166;2171;262202;123977;46.5;22.0
51;2021-06-13;191;149;262393;124126;46.5;22.0
51;2021-06-14;1627;3328;264020;127454;46.8;22.6
51;2021-06-15;3191;3577;267211;131031;47.4;23.2
51;2021-06-16;2208;3683;269419;134714;47.8;23.9
51;2021-06-17;2609;5400;272028;140114;48.2;24.9
51;2021-06-18;2356;5210;274384;145324;48.7;25.8
51;2021-06-19;1683;4425;276067;149749;49.0;26.6
51;2021-06-20;184;228;276251;149977;49.0;26.6
51;2021-06-21;1231;4435;277482;154412;49.2;27.4
51;2021-06-22;1558;4043;279040;158455;49.5;28.1
51;2021-06-23;3671;4236;282711;162691;50.1;28.9
51;2021-06-24;2247;3226;284958;165917;50.5;29.4
51;2021-06-25;1907;6525;286865;172442;50.9;30.6
51;2021-06-26;1203;5067;288068;177509;51.1;31.5
51;2021-06-27;103;336;288171;177845;51.1;31.5
51;2021-06-28;1401;4413;289572;182258;51.4;32.3
51;2021-06-29;1175;4463;290747;186721;51.6;33.1
51;2021-06-30;1687;6044;292434;192765;51.9;34.2
51;2021-07-01;1978;3766;294412;196531;52.2;34.9
51;2021-07-02;1836;6890;296248;203421;52.5;36.1
51;2021-07-03;1004;3196;297252;206617;52.7;36.6
51;2021-07-04;171;254;297423;206871;52.8;36.7
51;2021-07-05;768;5529;298191;212400;52.9;37.7
51;2021-07-06;1248;4779;299439;217179;53.1;38.5
51;2021-07-07;1615;4935;301054;222114;53.4;39.4
51;2021-07-08;2068;3431;303122;225545;53.8;40.0
51;2021-07-09;1855;5054;304977;230599;54.1;40.9
51;2021-07-10;1236;3205;306213;233804;54.3;41.5
51;2021-07-11;191;281;306404;234085;54.3;41.5
51;2021-07-12;995;4379;307399;238464;54.5;42.3
51;2021-07-13;1481;4768;308880;243232;54.8;43.1
51;2021-07-14;1071;1690;309951;244922;55.0;43.4
51;2021-07-15;2937;4910;312888;249832;55.5;44.3
51;2021-07-16;2364;5275;315252;255107;55.9;45.2
51;2021-07-17;1821;3476;317073;258583;56.2;45.9
51;2021-07-18;163;330;317236;258913;56.3;45.9
51;2021-07-19;1892;3975;319128;262888;56.6;46.6
51;2021-07-20;2585;5141;321713;268029;57.1;47.5
51;2021-07-21;3614;4066;325327;272095;57.7;48.3
51;2021-07-22;4413;3759;329740;275854;58.5;48.9
51;2021-07-23;3643;4380;333383;280234;59.1;49.7
51;2021-07-24;2086;2723;335469;282957;59.5;50.2
51;2021-07-25;356;258;335825;283215;59.6;50.2
51;2021-07-26;3116;2811;338941;286026;60.1;50.7
51;2021-07-27;5860;3272;344801;289298;61.2;51.3
51;2021-07-28;4137;4319;348938;293617;61.9;52.1
51;2021-07-29;4700;2717;353638;296334;62.7;52.6
51;2021-07-30;3625;3152;357263;299486;63.4;53.1
51;2021-07-31;2529;2131;359792;301617;63.8;53.5
51;2021-08-01;375;236;360167;301853;63.9;53.5
51;2021-08-02;3287;2308;363454;304161;64.5;53.9
51;2021-08-03;3774;1911;367228;306072;65.1;54.3
51;2021-08-04;4456;2123;371684;308195;65.9;54.7
51;2021-08-05;2656;1536;374340;309731;66.4;54.9
51;2021-08-06;3044;2551;377384;312282;66.9;55.4
51;2021-08-07;2163;1696;379547;313978;67.3;55.7
51;2021-08-08;367;208;379914;314186;67.4;55.7
51;2021-08-09;2605;1851;382519;316037;67.8;56.1
51;2021-08-10;2371;1981;384890;318018;68.3;56.4
51;2021-08-11;2916;2340;387806;320358;68.8;56.8
51;2021-08-12;1753;1948;389559;322306;69.1;57.2
51;2021-08-13;2067;2671;391626;324977;69.5;57.6
51;2021-08-14;1580;2037;393206;327014;69.7;58.0
51;2021-08-15;149;148;393355;327162;69.8;58.0
51;2021-08-16;1354;3015;394709;330177;70.0;58.6
51;2021-08-17;1554;3282;396263;333459;70.3;59.1
51;2021-08-18;1898;3690;398161;337149;70.6;59.8
51;2021-08-19;1403;2545;399564;339694;70.9;60.2
51;2021-08-20;1704;3968;401268;343662;71.2;61.0
51;2021-08-21;986;2496;402254;346158;71.3;61.4
51;2021-08-22;101;342;402355;346500;71.4;61.5
51;2021-08-23;1106;3605;403461;350105;71.6;62.1
51;2021-08-24;1166;3640;404627;353745;71.8;62.7
51;2021-08-25;1308;4486;405935;358231;72.0;63.5
51;2021-08-26;1052;2546;406987;360777;72.2;64.0
51;2021-08-27;1210;4178;408197;364955;72.4;64.7
51;2021-08-28;649;2628;408846;367583;72.5;65.2
51;2021-08-29;83;360;408929;367943;72.5;65.3
51;2021-08-30;1330;4827;410259;372770;72.8;66.1
51;2021-08-31;777;3012;411036;375782;72.9;66.6
51;2021-09-01;739;3370;411775;379152;73.0;67.2
51;2021-09-02;794;2215;412569;381367;73.2;67.6
51;2021-09-03;901;2908;413470;384275;73.3;68.2
51;2021-09-04;612;2804;414082;387079;73.4;68.7
51;2021-09-05;122;225;414204;387304;73.5;68.7
51;2021-09-06;432;1788;414636;389092;73.5;69.0
51;2021-09-07;517;1576;415153;390668;73.6;69.3
51;2021-09-08;625;2175;415778;392843;73.7;69.7
51;2021-09-09;462;1345;416240;394188;73.8;69.9
51;2021-09-10;657;2078;416897;396266;73.9;70.3
51;2021-09-11;558;1928;417455;398194;74.0;70.6
51;2021-09-12;19;82;417474;398276;74.0;70.6
51;2021-09-13;419;1029;417893;399305;74.1;70.8
52;2020-12-27;0;0;0;0;0.0;0.0
52;2020-12-28;1;0;1;0;0.0;0.0
52;2020-12-29;0;0;1;0;0.0;0.0
52;2020-12-30;0;0;1;0;0.0;0.0
52;2020-12-31;0;0;1;0;0.0;0.0
52;2021-01-01;0;0;1;0;0.0;0.0
52;2021-01-02;1;0;2;0;0.0;0.0
52;2021-01-03;0;0;2;0;0.0;0.0
52;2021-01-04;0;0;2;0;0.0;0.0
52;2021-01-05;0;0;2;0;0.0;0.0
52;2021-01-06;2;0;4;0;0.0;0.0
52;2021-01-07;0;0;4;0;0.0;0.0
52;2021-01-08;201;1;205;1;0.1;0.0
52;2021-01-09;93;0;298;1;0.2;0.0
52;2021-01-10;0;0;298;1;0.2;0.0
52;2021-01-11;207;0;505;1;0.3;0.0
52;2021-01-12;171;0;676;1;0.4;0.0
52;2021-01-13;563;2;1239;3;0.7;0.0
52;2021-01-14;677;10;1916;13;1.1;0.0
52;2021-01-15;411;1;2327;14;1.4;0.0
52;2021-01-16;16;0;2343;14;1.4;0.0
52;2021-01-17;0;0;2343;14;1.4;0.0
52;2021-01-18;427;0;2770;14;1.6;0.0
52;2021-01-19;440;0;3210;14;1.9;0.0
52;2021-01-20;420;0;3630;14;2.1;0.0
52;2021-01-21;424;1;4054;15;2.4;0.0
52;2021-01-22;321;2;4375;17;2.6;0.0
52;2021-01-23;73;1;4448;18;2.6;0.0
52;2021-01-24;0;0;4448;18;2.6;0.0
52;2021-01-25;235;0;4683;18;2.8;0.0
52;2021-01-26;307;0;4990;18;2.9;0.0
52;2021-01-27;238;1;5228;19;3.1;0.0
52;2021-01-28;174;4;5402;23;3.2;0.0
52;2021-01-29;74;116;5476;139;3.2;0.1
52;2021-01-30;91;92;5567;231;3.3;0.1
52;2021-01-31;0;0;5567;231;3.3;0.1
52;2021-02-01;117;179;5684;410;3.4;0.2
52;2021-02-02;61;170;5745;580;3.4;0.3
52;2021-02-03;89;388;5834;968;3.4;0.6
52;2021-02-04;231;562;6065;1530;3.6;0.9
52;2021-02-05;113;430;6178;1960;3.7;1.2
52;2021-02-06;22;0;6200;1960;3.7;1.2
52;2021-02-07;0;1;6200;1961;3.7;1.2
52;2021-02-08;34;170;6234;2131;3.7;1.3
52;2021-02-09;47;181;6281;2312;3.7;1.4
52;2021-02-10;88;167;6369;2479;3.8;1.5
52;2021-02-11;129;126;6498;2605;3.8;1.5
52;2021-02-12;187;109;6685;2714;3.9;1.6
52;2021-02-13;5;1;6690;2715;4.0;1.6
52;2021-02-14;0;16;6690;2731;4.0;1.6
52;2021-02-15;79;230;6769;2961;4.0;1.7
52;2021-02-16;50;293;6819;3254;4.0;1.9
52;2021-02-17;38;262;6857;3516;4.1;2.1
52;2021-02-18;82;242;6939;3758;4.1;2.2
52;2021-02-19;51;156;6990;3914;4.1;2.3
52;2021-02-20;14;91;7004;4005;4.1;2.4
52;2021-02-21;0;0;7004;4005;4.1;2.4
52;2021-02-22;42;334;7046;4339;4.2;2.6
52;2021-02-23;57;233;7103;4572;4.2;2.7
52;2021-02-24;81;215;7184;4787;4.2;2.8
52;2021-02-25;161;226;7345;5013;4.3;3.0
52;2021-02-26;296;174;7641;5187;4.5;3.1
52;2021-02-27;149;49;7790;5236;4.6;3.1
52;2021-02-28;0;0;7790;5236;4.6;3.1
52;2021-03-01;163;13;7953;5249;4.7;3.1
52;2021-03-02;203;45;8156;5294;4.8;3.1
52;2021-03-03;356;35;8512;5329;5.0;3.1
52;2021-03-04;379;58;8891;5387;5.3;3.2
52;2021-03-05;531;51;9422;5438;5.6;3.2
52;2021-03-06;409;35;9831;5473;5.8;3.2
52;2021-03-07;0;0;9831;5473;5.8;3.2
52;2021-03-08;398;105;10229;5578;6.0;3.3
52;2021-03-09;549;104;10778;5682;6.4;3.4
52;2021-03-10;308;102;11086;5784;6.6;3.4
52;2021-03-11;586;33;11672;5817;6.9;3.4
52;2021-03-12;584;67;12256;5884;7.2;3.5
52;2021-03-13;492;10;12748;5894;7.5;3.5
52;2021-03-14;15;3;12763;5897;7.5;3.5
52;2021-03-15;318;27;13081;5924;7.7;3.5
52;2021-03-16;203;15;13284;5939;7.8;3.5
52;2021-03-17;367;13;13651;5952;8.1;3.5
52;2021-03-18;442;10;14093;5962;8.3;3.5
52;2021-03-19;452;53;14545;6015;8.6;3.6
52;2021-03-20;259;12;14804;6027;8.7;3.6
52;2021-03-21;15;1;14819;6028;8.8;3.6
52;2021-03-22;375;49;15194;6077;9.0;3.6
52;2021-03-23;686;88;15880;6165;9.4;3.6
52;2021-03-24;771;69;16651;6234;9.8;3.7
52;2021-03-25;1141;87;17792;6321;10.5;3.7
52;2021-03-26;1037;135;18829;6456;11.1;3.8
52;2021-03-27;477;75;19306;6531;11.4;3.9
52;2021-03-28;53;0;19359;6531;11.4;3.9
52;2021-03-29;507;183;19866;6714;11.7;4.0
52;2021-03-30;870;295;20736;7009;12.3;4.1
52;2021-03-31;956;291;21692;7300;12.8;4.3
52;2021-04-01;1145;183;22837;7483;13.5;4.4
52;2021-04-02;958;108;23795;7591;14.1;4.5
52;2021-04-03;461;3;24256;7594;14.3;4.5
52;2021-04-04;1;1;24257;7595;14.3;4.5
52;2021-04-05;1;0;24258;7595;14.3;4.5
52;2021-04-06;433;294;24691;7889;14.6;4.7
52;2021-04-07;506;450;25197;8339;14.9;4.9
52;2021-04-08;860;208;26057;8547;15.4;5.0
52;2021-04-09;1058;130;27115;8677;16.0;5.1
52;2021-04-10;852;102;27967;8779;16.5;5.2
52;2021-04-11;96;1;28063;8780;16.6;5.2
52;2021-04-12;932;277;28995;9057;17.1;5.4
52;2021-04-13;1251;379;30246;9436;17.9;5.6
52;2021-04-14;1346;455;31592;9891;18.7;5.8
52;2021-04-15;1506;438;33098;10329;19.6;6.1
52;2021-04-16;1573;357;34671;10686;20.5;6.3
52;2021-04-17;1311;134;35982;10820;21.3;6.4
52;2021-04-18;510;29;36492;10849;21.6;6.4
52;2021-04-19;697;611;37189;11460;22.0;6.8
52;2021-04-20;1080;678;38269;12138;22.6;7.2
52;2021-04-21;1060;674;39329;12812;23.2;7.6
52;2021-04-22;1468;733;40797;13545;24.1;8.0
52;2021-04-23;1251;667;42048;14212;24.8;8.4
52;2021-04-24;477;293;42525;14505;25.1;8.6
52;2021-04-25;3;77;42528;14582;25.1;8.6
52;2021-04-26;632;559;43160;15141;25.5;8.9
52;2021-04-27;933;668;44093;15809;26.1;9.3
52;2021-04-28;1442;567;45535;16376;26.9;9.7
52;2021-04-29;1452;583;46987;16959;27.8;10.0
52;2021-04-30;1316;609;48303;17568;28.5;10.4
52;2021-05-01;8;230;48311;17798;28.5;10.5
52;2021-05-02;0;1;48311;17799;28.5;10.5
52;2021-05-03;1159;628;49470;18427;29.2;10.9
52;2021-05-04;1445;719;50915;19146;30.1;11.3
52;2021-05-05;1768;647;52683;19793;31.1;11.7
52;2021-05-06;1963;537;54646;20330;32.3;12.0
52;2021-05-07;1442;1168;56088;21498;33.1;12.7
52;2021-05-08;589;318;56677;21816;33.5;12.9
52;2021-05-09;1;47;56678;21863;33.5;12.9
52;2021-05-10;793;1100;57471;22963;34.0;13.6
52;2021-05-11;868;1390;58339;24353;34.5;14.4
52;2021-05-12;1206;1382;59545;25735;35.2;15.2
52;2021-05-13;67;184;59612;25919;35.2;15.3
52;2021-05-14;1185;1366;60797;27285;35.9;16.1
52;2021-05-15;491;929;61288;28214;36.2;16.7
52;2021-05-16;8;43;61296;28257;36.2;16.7
52;2021-05-17;1144;705;62440;28962;36.9;17.1
52;2021-05-18;1218;677;63658;29639;37.6;17.5
52;2021-05-19;1542;416;65200;30055;38.5;17.8
52;2021-05-20;1546;418;66746;30473;39.4;18.0
52;2021-05-21;1625;614;68371;31087;40.4;18.4
52;2021-05-22;1089;210;69460;31297;41.0;18.5
52;2021-05-23;1;0;69461;31297;41.0;18.5
52;2021-05-24;405;33;69866;31330;41.3;18.5
52;2021-05-25;1351;385;71217;31715;42.1;18.7
52;2021-05-26;1479;672;72696;32387;43.0;19.1
52;2021-05-27;1565;787;74261;33174;43.9;19.6
52;2021-05-28;1493;668;75754;33842;44.8;20.0
52;2021-05-29;695;834;76449;34676;45.2;20.5
52;2021-05-30;16;551;76465;35227;45.2;20.8
52;2021-05-31;824;830;77289;36057;45.7;21.3
52;2021-06-01;956;816;78245;36873;46.2;21.8
52;2021-06-02;896;754;79141;37627;46.8;22.2
52;2021-06-03;825;825;79966;38452;47.2;22.7
52;2021-06-04;883;1340;80849;39792;47.8;23.5
52;2021-06-05;581;637;81430;40429;48.1;23.9
52;2021-06-06;27;55;81457;40484;48.1;23.9
52;2021-06-07;359;931;81816;41415;48.3;24.5
52;2021-06-08;556;1468;82372;42883;48.7;25.3
52;2021-06-09;612;1474;82984;44357;49.0;26.2
52;2021-06-10;794;1157;83778;45514;49.5;26.9
52;2021-06-11;830;1348;84608;46862;50.0;27.7
52;2021-06-12;422;586;85030;47448;50.2;28.0
52;2021-06-13;2;6;85032;47454;50.2;28.0
52;2021-06-14;171;1413;85203;48867;50.3;28.9
52;2021-06-15;221;1807;85424;50674;50.5;29.9
52;2021-06-16;351;1996;85775;52670;50.7;31.1
52;2021-06-17;265;1156;86040;53826;50.8;31.8
52;2021-06-18;308;1553;86348;55379;51.0;32.7
52;2021-06-19;502;684;86850;56063;51.3;33.1
52;2021-06-20;1;17;86851;56080;51.3;33.1
52;2021-06-21;523;897;87374;56977;51.6;33.7
52;2021-06-22;503;1048;87877;58025;51.9;34.3
52;2021-06-23;563;1043;88440;59068;52.3;34.9
52;2021-06-24;610;716;89050;59784;52.6;35.3
52;2021-06-25;661;1313;89711;61097;53.0;36.1
52;2021-06-26;264;722;89975;61819;53.2;36.5
52;2021-06-27;1;8;89976;61827;53.2;36.5
52;2021-06-28;185;1443;90161;63270;53.3;37.4
52;2021-06-29;163;1414;90324;64684;53.4;38.2
52;2021-06-30;220;1467;90544;66151;53.5;39.1
52;2021-07-01;320;1022;90864;67173;53.7;39.7
52;2021-07-02;430;1454;91294;68627;53.9;40.5
52;2021-07-03;302;1148;91596;69775;54.1;41.2
52;2021-07-04;0;11;91596;69786;54.1;41.2
52;2021-07-05;173;1448;91769;71234;54.2;42.1
52;2021-07-06;284;1449;92053;72683;54.4;42.9
52;2021-07-07;309;1165;92362;73848;54.6;43.6
52;2021-07-08;473;1166;92835;75014;54.9;44.3
52;2021-07-09;288;1620;93123;76634;55.0;45.3
52;2021-07-10;155;822;93278;77456;55.1;45.8
52;2021-07-11;13;12;93291;77468;55.1;45.8
52;2021-07-12;299;1466;93590;78934;55.3;46.6
52;2021-07-13;590;1368;94180;80302;55.6;47.4
52;2021-07-14;437;153;94617;80455;55.9;47.5
52;2021-07-15;614;1429;95231;81884;56.3;48.4
52;2021-07-16;900;1337;96131;83221;56.8;49.2
52;2021-07-17;530;343;96661;83564;57.1;49.4
52;2021-07-18;3;12;96664;83576;57.1;49.4
52;2021-07-19;691;986;97355;84562;57.5;50.0
52;2021-07-20;1110;831;98465;85393;58.2;50.5
52;2021-07-21;1161;737;99626;86130;58.9;50.9
52;2021-07-22;1449;862;101075;86992;59.7;51.4
52;2021-07-23;1400;956;102475;87948;60.5;52.0
52;2021-07-24;874;487;103349;88435;61.1;52.3
52;2021-07-25;22;21;103371;88456;61.1;52.3
52;2021-07-26;1010;613;104381;89069;61.7;52.6
52;2021-07-27;1343;657;105724;89726;62.5;53.0
52;2021-07-28;1381;643;107105;90369;63.3;53.4
52;2021-07-29;1263;622;108368;90991;64.0;53.8
52;2021-07-30;1366;710;109734;91701;64.8;54.2
52;2021-07-31;873;549;110607;92250;65.4;54.5
52;2021-08-01;1;14;110608;92264;65.4;54.5
52;2021-08-02;1184;562;111792;92826;66.1;54.8
52;2021-08-03;1361;540;113153;93366;66.9;55.2
52;2021-08-04;1156;580;114309;93946;67.5;55.5
52;2021-08-05;1025;575;115334;94521;68.1;55.8
52;2021-08-06;1057;698;116391;95219;68.8;56.3
52;2021-08-07;519;422;116910;95641;69.1;56.5
52;2021-08-08;0;6;116910;95647;69.1;56.5
52;2021-08-09;468;870;117378;96517;69.4;57.0
52;2021-08-10;717;748;118095;97265;69.8;57.5
52;2021-08-11;534;836;118629;98101;70.1;58.0
52;2021-08-12;622;750;119251;98851;70.5;58.4
52;2021-08-13;418;1027;119669;99878;70.7;59.0
52;2021-08-14;421;360;120090;100238;71.0;59.2
52;2021-08-15;13;13;120103;100251;71.0;59.2
52;2021-08-16;327;933;120430;101184;71.2;59.8
52;2021-08-17;414;910;120844;102094;71.4;60.3
52;2021-08-18;481;944;121325;103038;71.7;60.9
52;2021-08-19;460;836;121785;103874;72.0;61.4
52;2021-08-20;385;1211;122170;105085;72.2;62.1
52;2021-08-21;395;604;122565;105689;72.4;62.4
52;2021-08-22;4;11;122569;105700;72.4;62.5
52;2021-08-23;427;1059;122996;106759;72.7;63.1
52;2021-08-24;297;1077;123293;107836;72.8;63.7
52;2021-08-25;250;1061;123543;108897;73.0;64.3
52;2021-08-26;296;913;123839;109810;73.2;64.9
52;2021-08-27;426;1276;124265;111086;73.4;65.6
52;2021-08-28;243;495;124508;111581;73.6;65.9
52;2021-08-29;3;25;124511;111606;73.6;65.9
52;2021-08-30;203;998;124714;112604;73.7;66.5
52;2021-08-31;205;1055;124919;113659;73.8;67.2
52;2021-09-01;180;1067;125099;114726;73.9;67.8
52;2021-09-02;194;762;125293;115488;74.0;68.2
52;2021-09-03;241;936;125534;116424;74.2;68.8
52;2021-09-04;189;556;125723;116980;74.3;69.1
52;2021-09-05;2;14;125725;116994;74.3;69.1
52;2021-09-06;123;542;125848;117536;74.4;69.4
52;2021-09-07;160;520;126008;118056;74.5;69.8
52;2021-09-08;136;615;126144;118671;74.5;70.1
52;2021-09-09;138;432;126282;119103;74.6;70.4
52;2021-09-10;255;740;126537;119843;74.8;70.8
52;2021-09-11;151;321;126688;120164;74.9;71.0
52;2021-09-12;2;12;126690;120176;74.9;71.0
52;2021-09-13;173;620;126863;120796;75.0;71.4
53;2020-12-27;0;0;0;0;0.0;0.0
53;2020-12-28;0;0;0;0;0.0;0.0
53;2020-12-29;0;0;0;0;0.0;0.0
53;2020-12-30;0;0;0;0;0.0;0.0
53;2020-12-31;0;0;0;0;0.0;0.0
53;2021-01-01;0;0;0;0;0.0;0.0
53;2021-01-02;1;0;1;0;0.0;0.0
53;2021-01-03;0;0;1;0;0.0;0.0
53;2021-01-04;1;0;2;0;0.0;0.0
53;2021-01-05;0;0;2;0;0.0;0.0
53;2021-01-06;0;0;2;0;0.0;0.0
53;2021-01-07;102;0;104;0;0.0;0.0
53;2021-01-08;284;1;388;1;0.1;0.0
53;2021-01-09;134;1;522;2;0.2;0.0
53;2021-01-10;15;0;537;2;0.2;0.0
53;2021-01-11;176;0;713;2;0.2;0.0
53;2021-01-12;454;0;1167;2;0.4;0.0
53;2021-01-13;253;0;1420;2;0.5;0.0
53;2021-01-14;290;7;1710;9;0.6;0.0
53;2021-01-15;343;4;2053;13;0.7;0.0
53;2021-01-16;61;0;2114;13;0.7;0.0
53;2021-01-17;25;0;2139;13;0.7;0.0
53;2021-01-18;364;0;2503;13;0.8;0.0
53;2021-01-19;594;0;3097;13;1.0;0.0
53;2021-01-20;742;0;3839;13;1.3;0.0
53;2021-01-21;769;2;4608;15;1.5;0.0
53;2021-01-22;705;5;5313;20;1.7;0.0
53;2021-01-23;160;0;5473;20;1.8;0.0
53;2021-01-24;6;0;5479;20;1.8;0.0
53;2021-01-25;550;0;6029;20;2.0;0.0
53;2021-01-26;1198;6;7227;26;2.4;0.0
53;2021-01-27;696;4;7923;30;2.6;0.0
53;2021-01-28;737;93;8660;123;2.8;0.0
53;2021-01-29;422;177;9082;300;3.0;0.1
53;2021-01-30;129;0;9211;300;3.0;0.1
53;2021-01-31;0;0;9211;300;3.0;0.1
53;2021-02-01;298;144;9509;444;3.1;0.1
53;2021-02-02;309;226;9818;670;3.2;0.2
53;2021-02-03;227;360;10045;1030;3.3;0.3
53;2021-02-04;184;315;10229;1345;3.3;0.4
53;2021-02-05;234;289;10463;1634;3.4;0.5
53;2021-02-06;153;23;10616;1657;3.5;0.5
53;2021-02-07;0;0;10616;1657;3.5;0.5
53;2021-02-08;168;89;10784;1746;3.5;0.6
53;2021-02-09;369;211;11153;1957;3.7;0.6
53;2021-02-10;266;399;11419;2356;3.7;0.8
53;2021-02-11;433;424;11852;2780;3.9;0.9
53;2021-02-12;318;494;12170;3274;4.0;1.1
53;2021-02-13;96;54;12266;3328;4.0;1.1
53;2021-02-14;0;99;12266;3427;4.0;1.1
53;2021-02-15;239;339;12505;3766;4.1;1.2
53;2021-02-16;528;712;13033;4478;4.3;1.5
53;2021-02-17;391;532;13424;5010;4.4;1.6
53;2021-02-18;547;515;13971;5525;4.6;1.8
53;2021-02-19;895;362;14866;5887;4.9;1.9
53;2021-02-20;139;85;15005;5972;4.9;2.0
53;2021-02-21;1;20;15006;5992;4.9;2.0
53;2021-02-22;161;442;15167;6434;5.0;2.1
53;2021-02-23;59;520;15226;6954;5.0;2.3
53;2021-02-24;137;402;15363;7356;5.0;2.4
53;2021-02-25;457;278;15820;7634;5.2;2.5
53;2021-02-26;438;223;16258;7857;5.3;2.6
53;2021-02-27;86;88;16344;7945;5.4;2.6
53;2021-02-28;0;0;16344;7945;5.4;2.6
53;2021-03-01;231;226;16575;8171;5.4;2.7
53;2021-03-02;246;216;16821;8387;5.5;2.7
53;2021-03-03;321;367;17142;8754;5.6;2.9
53;2021-03-04;860;333;18002;9087;5.9;3.0
53;2021-03-05;659;271;18661;9358;6.1;3.1
53;2021-03-06;447;188;19108;9546;6.3;3.1
53;2021-03-07;276;5;19384;9551;6.3;3.1
53;2021-03-08;375;161;19759;9712;6.5;3.2
53;2021-03-09;878;243;20637;9955;6.8;3.3
53;2021-03-10;807;106;21444;10061;7.0;3.3
53;2021-03-11;1247;228;22691;10289;7.4;3.4
53;2021-03-12;1603;146;24294;10435;8.0;3.4
53;2021-03-13;824;13;25118;10448;8.2;3.4
53;2021-03-14;1;0;25119;10448;8.2;3.4
53;2021-03-15;1002;295;26121;10743;8.6;3.5
53;2021-03-16;1035;331;27156;11074;8.9;3.6
53;2021-03-17;687;257;27843;11331;9.1;3.7
53;2021-03-18;972;345;28815;11676;9.4;3.8
53;2021-03-19;1344;590;30159;12266;9.9;4.0
53;2021-03-20;592;17;30751;12283;10.1;4.0
53;2021-03-21;3;0;30754;12283;10.1;4.0
53;2021-03-22;1213;156;31967;12439;10.5;4.1
53;2021-03-23;1699;71;33666;12510;11.0;4.1
53;2021-03-24;1323;118;34989;12628;11.5;4.1
53;2021-03-25;2323;238;37312;12866;12.2;4.2
53;2021-03-26;1884;152;39196;13018;12.8;4.3
53;2021-03-27;339;3;39535;13021;12.9;4.3
53;2021-03-28;2;0;39537;13021;12.9;4.3
53;2021-03-29;1474;213;41011;13234;13.4;4.3
53;2021-03-30;1944;201;42955;13435;14.1;4.4
53;2021-03-31;1792;223;44747;13658;14.7;4.5
53;2021-04-01;1948;670;46695;14328;15.3;4.7
53;2021-04-02;2075;227;48770;14555;16.0;4.8
53;2021-04-03;414;1;49184;14556;16.1;4.8
53;2021-04-04;10;0;49194;14556;16.1;4.8
53;2021-04-05;9;15;49203;14571;16.1;4.8
53;2021-04-06;1304;503;50507;15074;16.5;4.9
53;2021-04-07;1175;925;51682;15999;16.9;5.2
53;2021-04-08;1663;1005;53345;17004;17.5;5.6
53;2021-04-09;1958;406;55303;17410;18.1;5.7
53;2021-04-10;543;13;55846;17423;18.3;5.7
53;2021-04-11;12;0;55858;17423;18.3;5.7
53;2021-04-12;694;1067;56552;18490;18.5;6.1
53;2021-04-13;1470;1105;58022;19595;19.0;6.4
53;2021-04-14;1024;734;59046;20329;19.3;6.7
53;2021-04-15;1158;1105;60204;21434;19.7;7.0
53;2021-04-16;1271;816;61475;22250;20.1;7.3
53;2021-04-17;281;273;61756;22523;20.2;7.4
53;2021-04-18;0;0;61756;22523;20.2;7.4
53;2021-04-19;681;1061;62437;23584;20.4;7.7
53;2021-04-20;936;1452;63373;25036;20.8;8.2
53;2021-04-21;851;1010;64224;26046;21.0;8.5
53;2021-04-22;1046;1614;65270;27660;21.4;9.1
53;2021-04-23;1327;1052;66597;28712;21.8;9.4
53;2021-04-24;68;7;66665;28719;21.8;9.4
53;2021-04-25;6;39;66671;28758;21.8;9.4
53;2021-04-26;368;1230;67039;29988;22.0;9.8
53;2021-04-27;723;1970;67762;31958;22.2;10.5
53;2021-04-28;978;1393;68740;33351;22.5;10.9
53;2021-04-29;1052;1711;69792;35062;22.9;11.5
53;2021-04-30;1366;1315;71158;36377;23.3;11.9
53;2021-05-01;36;50;71194;36427;23.3;11.9
53;2021-05-02;0;0;71194;36427;23.3;11.9
53;2021-05-03;1571;703;72765;37130;23.8;12.2
53;2021-05-04;1304;1442;74069;38572;24.3;12.6
53;2021-05-05;1611;825;75680;39397;24.8;12.9
53;2021-05-06;1391;1400;77071;40797;25.2;13.4
53;2021-05-07;1538;1300;78609;42097;25.7;13.8
53;2021-05-08;939;36;79548;42133;26.1;13.8
53;2021-05-09;11;2;79559;42135;26.1;13.8
53;2021-05-10;2416;815;81975;42950;26.8;14.1
53;2021-05-11;3098;1281;85073;44231;27.9;14.5
53;2021-05-12;2751;1093;87824;45324;28.8;14.8
53;2021-05-13;350;27;88174;45351;28.9;14.9
53;2021-05-14;2021;678;90195;46029;29.5;15.1
53;2021-05-15;1058;64;91253;46093;29.9;15.1
53;2021-05-16;3;0;91256;46093;29.9;15.1
53;2021-05-17;1701;1196;92957;47289;30.4;15.5
53;2021-05-18;1881;1550;94838;48839;31.1;16.0
53;2021-05-19;2303;745;97141;49584;31.8;16.2
53;2021-05-20;3216;867;100357;50451;32.9;16.5
53;2021-05-21;2798;828;103155;51279;33.8;16.8
53;2021-05-22;21;59;103176;51338;33.8;16.8
53;2021-05-23;0;0;103176;51338;33.8;16.8
53;2021-05-24;8;6;103184;51344;33.8;16.8
53;2021-05-25;1820;802;105004;52146;34.4;17.1
53;2021-05-26;1852;906;106856;53052;35.0;17.4
53;2021-05-27;3073;1079;109929;54131;36.0;17.7
53;2021-05-28;2562;872;112491;55003;36.8;18.0
53;2021-05-29;846;240;113337;55243;37.1;18.1
53;2021-05-30;18;6;113355;55249;37.1;18.1
53;2021-05-31;2565;802;115920;56051;38.0;18.4
53;2021-06-01;3489;1255;119409;57306;39.1;18.8
53;2021-06-02;3184;521;122593;57827;40.1;18.9
53;2021-06-03;4198;783;126791;58610;41.5;19.2
53;2021-06-04;3180;1265;129971;59875;42.6;19.6
53;2021-06-05;137;245;130108;60120;42.6;19.7
53;2021-06-06;1;4;130109;60124;42.6;19.7
53;2021-06-07;2629;923;132738;61047;43.5;20.0
53;2021-06-08;3589;1128;136327;62175;44.6;20.4
53;2021-06-09;2454;943;138781;63118;45.4;20.7
53;2021-06-10;3521;842;142302;63960;46.6;20.9
53;2021-06-11;2966;1210;145268;65170;47.6;21.3
53;2021-06-12;108;138;145376;65308;47.6;21.4
53;2021-06-13;10;2;145386;65310;47.6;21.4
53;2021-06-14;1600;1788;146986;67098;48.1;22.0
53;2021-06-15;1899;2264;148885;69362;48.8;22.7
53;2021-06-16;1826;1732;150711;71094;49.4;23.3
53;2021-06-17;3013;1651;153724;72745;50.3;23.8
53;2021-06-18;2704;1805;156428;74550;51.2;24.4
53;2021-06-19;762;1166;157190;75716;51.5;24.8
53;2021-06-20;3;479;157193;76195;51.5;25.0
53;2021-06-21;918;2524;158111;78719;51.8;25.8
53;2021-06-22;1299;3452;159410;82171;52.2;26.9
53;2021-06-23;1362;2892;160772;85063;52.6;27.9
53;2021-06-24;1802;2033;162574;87096;53.2;28.5
53;2021-06-25;1786;2044;164360;89140;53.8;29.2
53;2021-06-26;977;350;165337;89490;54.1;29.3
53;2021-06-27;8;8;165345;89498;54.1;29.3
53;2021-06-28;662;2900;166007;92398;54.4;30.3
53;2021-06-29;858;3645;166865;96043;54.6;31.5
53;2021-06-30;748;1518;167613;97561;54.9;31.9
53;2021-07-01;1507;2630;169120;100191;55.4;32.8
53;2021-07-02;1528;2025;170648;102216;55.9;33.5
53;2021-07-03;857;574;171505;102790;56.2;33.7
53;2021-07-04;0;4;171505;102794;56.2;33.7
53;2021-07-05;542;2058;172047;104852;56.3;34.3
53;2021-07-06;860;3616;172907;108468;56.6;35.5
53;2021-07-07;1024;2652;173931;111120;57.0;36.4
53;2021-07-08;1313;3116;175244;114236;57.4;37.4
53;2021-07-09;1131;3401;176375;117637;57.8;38.5
53;2021-07-10;422;1000;176797;118637;57.9;38.9
53;2021-07-11;12;20;176809;118657;57.9;38.9
53;2021-07-12;503;3706;177312;122363;58.1;40.1
53;2021-07-13;895;4762;178207;127125;58.4;41.6
53;2021-07-14;104;284;178311;127409;58.4;41.7
53;2021-07-15;1112;4343;179423;131752;58.8;43.1
53;2021-07-16;1248;3847;180671;135599;59.2;44.4
53;2021-07-17;1317;299;181988;135898;59.6;44.5
53;2021-07-18;27;20;182015;135918;59.6;44.5
53;2021-07-19;734;3428;182749;139346;59.8;45.6
53;2021-07-20;985;4122;183734;143468;60.2;47.0
53;2021-07-21;686;3274;184420;146742;60.4;48.1
53;2021-07-22;1513;3524;185933;150266;60.9;49.2
53;2021-07-23;1604;3759;187537;154025;61.4;50.4
53;2021-07-24;956;280;188493;154305;61.7;50.5
53;2021-07-25;60;24;188553;154329;61.7;50.5
53;2021-07-26;1727;1941;190280;156270;62.3;51.2
53;2021-07-27;2357;2820;192637;159090;63.1;52.1
53;2021-07-28;2145;2813;194782;161903;63.8;53.0
53;2021-07-29;2493;2545;197275;164448;64.6;53.9
53;2021-07-30;1829;2647;199104;167095;65.2;54.7
53;2021-07-31;626;230;199730;167325;65.4;54.8
53;2021-08-01;37;25;199767;167350;65.4;54.8
53;2021-08-02;2084;1730;201851;169080;66.1;55.4
53;2021-08-03;2414;1905;204265;170985;66.9;56.0
53;2021-08-04;2478;1863;206743;172848;67.7;56.6
53;2021-08-05;2870;1539;209613;174387;68.6;57.1
53;2021-08-06;2517;1718;212130;176105;69.5;57.7
53;2021-08-07;483;272;212613;176377;69.6;57.8
53;2021-08-08;6;19;212619;176396;69.6;57.8
53;2021-08-09;1840;1648;214459;178044;70.2;58.3
53;2021-08-10;2325;1748;216784;179792;71.0;58.9
53;2021-08-11;1682;866;218466;180658;71.5;59.2
53;2021-08-12;2007;983;220473;181641;72.2;59.5
53;2021-08-13;2039;1314;222512;182955;72.9;59.9
53;2021-08-14;66;63;222578;183018;72.9;59.9
53;2021-08-15;1;2;222579;183020;72.9;59.9
53;2021-08-16;1333;1595;223912;184615;73.3;60.5
53;2021-08-17;1548;1656;225460;186271;73.8;61.0
53;2021-08-18;1515;1602;226975;187873;74.3;61.5
53;2021-08-19;1372;1973;228347;189846;74.8;62.2
53;2021-08-20;1096;2082;229443;191928;75.1;62.9
53;2021-08-21;189;342;229632;192270;75.2;63.0
53;2021-08-22;0;0;229632;192270;75.2;63.0
53;2021-08-23;843;1913;230475;194183;75.5;63.6
53;2021-08-24;901;2114;231376;196297;75.8;64.3
53;2021-08-25;908;2272;232284;198569;76.1;65.0
53;2021-08-26;666;2611;232950;201180;76.3;65.9
53;2021-08-27;753;2642;233703;203822;76.5;66.7
53;2021-08-28;48;133;233751;203955;76.5;66.8
53;2021-08-29;11;31;233762;203986;76.6;66.8
53;2021-08-30;618;2107;234380;206093;76.8;67.5
53;2021-08-31;759;2919;235139;209012;77.0;68.4
53;2021-09-01;339;1637;235478;210649;77.1;69.0
53;2021-09-02;441;1824;235919;212473;77.3;69.6
53;2021-09-03;447;2496;236366;214969;77.4;70.4
53;2021-09-04;115;212;236481;215181;77.4;70.5
53;2021-09-05;1;12;236482;215193;77.4;70.5
53;2021-09-06;300;1662;236782;216855;77.5;71.0
53;2021-09-07;285;1942;237067;218797;77.6;71.7
53;2021-09-08;420;2157;237487;220954;77.8;72.4
53;2021-09-09;235;1460;237722;222414;77.8;72.8
53;2021-09-10;380;2088;238102;224502;78.0;73.5
53;2021-09-11;39;137;238141;224639;78.0;73.6
53;2021-09-12;0;1;238141;224640;78.0;73.6
53;2021-09-13;230;1197;238371;225837;78.1;74.0
54;2020-12-27;0;0;0;0;0.0;0.0
54;2020-12-28;1;0;1;0;0.0;0.0
54;2020-12-29;0;0;1;0;0.0;0.0
54;2020-12-30;0;0;1;0;0.0;0.0
54;2020-12-31;10;0;11;0;0.0;0.0
54;2021-01-01;0;0;11;0;0.0;0.0
54;2021-01-02;0;0;11;0;0.0;0.0
54;2021-01-03;1;0;12;0;0.0;0.0
54;2021-01-04;163;0;175;0;0.0;0.0
54;2021-01-05;396;0;571;0;0.1;0.0
54;2021-01-06;650;1;1221;1;0.2;0.0
54;2021-01-07;817;2;2038;3;0.3;0.0
54;2021-01-08;706;3;2744;6;0.4;0.0
54;2021-01-09;81;0;2825;6;0.4;0.0
54;2021-01-10;78;0;2903;6;0.4;0.0
54;2021-01-11;974;3;3877;9;0.5;0.0
54;2021-01-12;1181;1;5058;10;0.7;0.0
54;2021-01-13;2425;7;7483;17;1.0;0.0
54;2021-01-14;3401;25;10884;42;1.5;0.0
54;2021-01-15;2721;13;13605;55;1.9;0.0
54;2021-01-16;815;3;14420;58;2.0;0.0
54;2021-01-17;209;0;14629;58;2.0;0.0
54;2021-01-18;1557;5;16186;63;2.2;0.0
54;2021-01-19;1706;0;17892;63;2.4;0.0
54;2021-01-20;1525;4;19417;67;2.7;0.0
54;2021-01-21;1372;4;20789;71;2.8;0.0
54;2021-01-22;1092;8;21881;79;3.0;0.0
54;2021-01-23;478;1;22359;80;3.1;0.0
54;2021-01-24;66;0;22425;80;3.1;0.0
54;2021-01-25;946;28;23371;108;3.2;0.0
54;2021-01-26;142;5;23513;113;3.2;0.0
54;2021-01-27;12;148;23525;261;3.2;0.0
54;2021-01-28;32;211;23557;472;3.2;0.1
54;2021-01-29;18;239;23575;711;3.2;0.1
54;2021-01-30;7;0;23582;711;3.2;0.1
54;2021-01-31;1;0;23583;711;3.2;0.1
54;2021-02-01;13;740;23596;1451;3.2;0.2
54;2021-02-02;23;918;23619;2369;3.2;0.3
54;2021-02-03;363;1428;23982;3797;3.3;0.5
54;2021-02-04;740;2277;24722;6074;3.4;0.8
54;2021-02-05;797;1728;25519;7802;3.5;1.1
54;2021-02-06;204;267;25723;8069;3.5;1.1
54;2021-02-07;4;101;25727;8170;3.5;1.1
54;2021-02-08;117;877;25844;9047;3.5;1.2
54;2021-02-09;305;955;26149;10002;3.6;1.4
54;2021-02-10;385;696;26534;10698;3.6;1.5
54;2021-02-11;294;739;26828;11437;3.7;1.6
54;2021-02-12;446;1135;27274;12572;3.7;1.7
54;2021-02-13;148;220;27422;12792;3.8;1.8
54;2021-02-14;9;8;27431;12800;3.8;1.8
54;2021-02-15;428;977;27859;13777;3.8;1.9
54;2021-02-16;401;1076;28260;14853;3.9;2.0
54;2021-02-17;518;839;28778;15692;3.9;2.1
54;2021-02-18;595;697;29373;16389;4.0;2.2
54;2021-02-19;520;657;29893;17046;4.1;2.3
54;2021-02-20;33;251;29926;17297;4.1;2.4
54;2021-02-21;3;22;29929;17319;4.1;2.4
54;2021-02-22;484;525;30413;17844;4.2;2.4
54;2021-02-23;679;509;31092;18353;4.3;2.5
54;2021-02-24;728;336;31820;18689;4.4;2.6
54;2021-02-25;1475;671;33295;19360;4.6;2.7
54;2021-02-26;1776;757;35071;20117;4.8;2.8
54;2021-02-27;698;108;35769;20225;4.9;2.8
54;2021-02-28;11;26;35780;20251;4.9;2.8
54;2021-03-01;649;193;36429;20444;5.0;2.8
54;2021-03-02;1500;144;37929;20588;5.2;2.8
54;2021-03-03;1763;61;39692;20649;5.4;2.8
54;2021-03-04;2028;97;41720;20746;5.7;2.8
54;2021-03-05;2797;143;44517;20889;6.1;2.9
54;2021-03-06;4045;109;48562;20998;6.6;2.9
54;2021-03-07;2626;69;51188;21067;7.0;2.9
54;2021-03-08;1337;64;52525;21131;7.2;2.9
54;2021-03-09;2647;104;55172;21235;7.6;2.9
54;2021-03-10;3195;106;58367;21341;8.0;2.9
54;2021-03-11;3390;97;61757;21438;8.5;2.9
54;2021-03-12;4981;180;66738;21618;9.1;3.0
54;2021-03-13;4206;110;70944;21728;9.7;3.0
54;2021-03-14;543;40;71487;21768;9.8;3.0
54;2021-03-15;1719;102;73206;21870;10.0;3.0
54;2021-03-16;1735;170;74941;22040;10.3;3.0
54;2021-03-17;2082;151;77023;22191;10.5;3.0
54;2021-03-18;2062;170;79085;22361;10.8;3.1
54;2021-03-19;3320;272;82405;22633;11.3;3.1
54;2021-03-20;2312;72;84717;22705;11.6;3.1
54;2021-03-21;295;14;85012;22719;11.6;3.1
54;2021-03-22;1034;323;86046;23042;11.8;3.2
54;2021-03-23;1937;504;87983;23546;12.0;3.2
54;2021-03-24;2195;706;90178;24252;12.3;3.3
54;2021-03-25;3177;717;93355;24969;12.8;3.4
54;2021-03-26;3515;812;96870;25781;13.3;3.5
54;2021-03-27;2419;289;99289;26070;13.6;3.6
54;2021-03-28;279;6;99568;26076;13.6;3.6
54;2021-03-29;1669;384;101237;26460;13.9;3.6
54;2021-03-30;2559;968;103796;27428;14.2;3.8
54;2021-03-31;2598;1140;106394;28568;14.6;3.9
54;2021-04-01;3238;1283;109632;29851;15.0;4.1
54;2021-04-02;2963;1677;112595;31528;15.4;4.3
54;2021-04-03;1264;1303;113859;32831;15.6;4.5
54;2021-04-04;137;419;113996;33250;15.6;4.6
54;2021-04-05;144;572;114140;33822;15.6;4.6
54;2021-04-06;1269;1647;115409;35469;15.8;4.9
54;2021-04-07;926;2254;116335;37723;15.9;5.2
54;2021-04-08;2326;2423;118661;40146;16.2;5.5
54;2021-04-09;4121;3131;122782;43277;16.8;5.9
54;2021-04-10;3207;1679;125989;44956;17.2;6.2
54;2021-04-11;206;946;126195;45902;17.3;6.3
54;2021-04-12;2199;1529;128394;47431;17.6;6.5
54;2021-04-13;3002;1970;131396;49401;18.0;6.8
54;2021-04-14;3261;1860;134657;51261;18.4;7.0
54;2021-04-15;2876;2296;137533;53557;18.8;7.3
54;2021-04-16;3142;2599;140675;56156;19.3;7.7
54;2021-04-17;3474;1488;144149;57644;19.7;7.9
54;2021-04-18;64;245;144213;57889;19.7;7.9
54;2021-04-19;2462;1081;146675;58970;20.1;8.1
54;2021-04-20;3011;1245;149686;60215;20.5;8.2
54;2021-04-21;4403;1634;154089;61849;21.1;8.5
54;2021-04-22;3721;2386;157810;64235;21.6;8.8
54;2021-04-23;3866;2081;161676;66316;22.1;9.1
54;2021-04-24;2346;1039;164022;67355;22.5;9.2
54;2021-04-25;283;276;164305;67631;22.5;9.3
54;2021-04-26;2306;1270;166611;68901;22.8;9.4
54;2021-04-27;3288;1438;169899;70339;23.3;9.6
54;2021-04-28;2974;1942;172873;72281;23.7;9.9
54;2021-04-29;3796;2074;176669;74355;24.2;10.2
54;2021-04-30;4491;1955;181160;76310;24.8;10.4
54;2021-05-01;2264;803;183424;77113;25.1;10.6
54;2021-05-02;229;68;183653;77181;25.1;10.6
54;2021-05-03;3098;937;186751;78118;25.6;10.7
54;2021-05-04;3517;1454;190268;79572;26.0;10.9
54;2021-05-05;4896;1410;195164;80982;26.7;11.1
54;2021-05-06;4437;2798;199601;83780;27.3;11.5
54;2021-05-07;4825;3396;204426;87176;28.0;11.9
54;2021-05-08;2030;645;206456;87821;28.3;12.0
54;2021-05-09;375;136;206831;87957;28.3;12.0
54;2021-05-10;3208;2237;210039;90194;28.8;12.3
54;2021-05-11;5491;2931;215530;93125;29.5;12.7
54;2021-05-12;4146;3387;219676;96512;30.1;13.2
54;2021-05-13;2647;492;222323;97004;30.4;13.3
54;2021-05-14;6886;2000;229209;99004;31.4;13.6
54;2021-05-15;5484;1320;234693;100324;32.1;13.7
54;2021-05-16;946;109;235639;100433;32.3;13.8
54;2021-05-17;3798;826;239437;101259;32.8;13.9
54;2021-05-18;3289;1104;242726;102363;33.2;14.0
54;2021-05-19;3465;1514;246191;103877;33.7;14.2
54;2021-05-20;4538;1614;250729;105491;34.3;14.4
54;2021-05-21;6754;2502;257483;107993;35.3;14.8
54;2021-05-22;5662;1373;263145;109366;36.0;15.0
54;2021-05-23;504;55;263649;109421;36.1;15.0
54;2021-05-24;1444;344;265093;109765;36.3;15.0
54;2021-05-25;4200;1533;269293;111298;36.9;15.2
54;2021-05-26;3535;2214;272828;113512;37.4;15.5
54;2021-05-27;4182;2421;277010;115933;37.9;15.9
54;2021-05-28;4985;3553;281995;119486;38.6;16.4
54;2021-05-29;3847;3994;285842;123480;39.1;16.9
54;2021-05-30;127;83;285969;123563;39.2;16.9
54;2021-05-31;2939;3059;288908;126622;39.6;17.3
54;2021-06-01;2622;4194;291530;130816;39.9;17.9
54;2021-06-02;2165;4091;293695;134907;40.2;18.5
54;2021-06-03;3147;5646;296842;140553;40.6;19.2
54;2021-06-04;5102;5468;301944;146021;41.3;20.0
54;2021-06-05;2342;3280;304286;149301;41.7;20.4
54;2021-06-06;71;236;304357;149537;41.7;20.5
54;2021-06-07;3706;2935;308063;152472;42.2;20.9
54;2021-06-08;4546;4268;312609;156740;42.8;21.5
54;2021-06-09;6004;3309;318613;160049;43.6;21.9
54;2021-06-10;5300;4449;323913;164498;44.3;22.5
54;2021-06-11;5021;4916;328934;169414;45.0;23.2
54;2021-06-12;4244;3226;333178;172640;45.6;23.6
54;2021-06-13;54;210;333232;172850;45.6;23.7
54;2021-06-14;2331;3593;335563;176443;45.9;24.2
54;2021-06-15;2831;4728;338394;181171;46.3;24.8
54;2021-06-16;3490;5658;341884;186829;46.8;25.6
54;2021-06-17;3138;5217;345022;192046;47.2;26.3
54;2021-06-18;4157;6237;349179;198283;47.8;27.1
54;2021-06-19;2647;3126;351826;201409;48.2;27.6
54;2021-06-20;101;339;351927;201748;48.2;27.6
54;2021-06-21;2558;4769;354485;206517;48.5;28.3
54;2021-06-22;2048;6223;356533;212740;48.8;29.1
54;2021-06-23;2245;5589;358778;218329;49.1;29.9
54;2021-06-24;2093;3456;360871;221785;49.4;30.4
54;2021-06-25;2202;7055;363073;228840;49.7;31.3
54;2021-06-26;2383;5670;365456;234510;50.0;32.1
54;2021-06-27;134;607;365590;235117;50.1;32.2
54;2021-06-28;1962;4352;367552;239469;50.3;32.8
54;2021-06-29;1941;5204;369493;244673;50.6;33.5
54;2021-06-30;1982;5121;371475;249794;50.9;34.2
54;2021-07-01;2140;5982;373615;255776;51.2;35.0
54;2021-07-02;2816;7563;376431;263339;51.5;36.1
54;2021-07-03;2837;4095;379268;267434;51.9;36.6
54;2021-07-04;195;498;379463;267932;52.0;36.7
54;2021-07-05;1669;4253;381132;272185;52.2;37.3
54;2021-07-06;2000;5078;383132;277263;52.5;38.0
54;2021-07-07;1906;4843;385038;282106;52.7;38.6
54;2021-07-08;1680;4111;386718;286217;52.9;39.2
54;2021-07-09;3206;6025;389924;292242;53.4;40.0
54;2021-07-10;2544;4375;392468;296617;53.7;40.6
54;2021-07-11;9;103;392477;296720;53.7;40.6
54;2021-07-12;2101;4694;394578;301414;54.0;41.3
54;2021-07-13;2621;4969;397199;306383;54.4;41.9
54;2021-07-14;1536;1506;398735;307889;54.6;42.2
54;2021-07-15;3174;4835;401909;312724;55.0;42.8
54;2021-07-16;4666;6215;406575;318939;55.7;43.7
54;2021-07-17;4007;4768;410582;323707;56.2;44.3
54;2021-07-18;1804;1682;412386;325389;56.5;44.5
54;2021-07-19;2591;4045;414977;329434;56.8;45.1
54;2021-07-20;2907;4813;417884;334247;57.2;45.8
54;2021-07-21;3132;6331;421016;340578;57.6;46.6
54;2021-07-22;3279;5732;424295;346310;58.1;47.4
54;2021-07-23;3984;6977;428279;353287;58.6;48.4
54;2021-07-24;2948;5319;431227;358606;59.0;49.1
54;2021-07-25;71;50;431298;358656;59.0;49.1
54;2021-07-26;2983;4171;434281;362827;59.5;49.7
54;2021-07-27;3720;4009;438001;366836;60.0;50.2
54;2021-07-28;5206;3869;443207;370705;60.7;50.8
54;2021-07-29;5158;3203;448365;373908;61.4;51.2
54;2021-07-30;5136;5000;453501;378908;62.1;51.9
54;2021-07-31;4535;3228;458036;382136;62.7;52.3
54;2021-08-01;257;73;458293;382209;62.7;52.3
54;2021-08-02;3098;3706;461391;385915;63.2;52.8
54;2021-08-03;4105;2916;465496;388831;63.7;53.2
54;2021-08-04;4422;2697;469918;391528;64.3;53.6
54;2021-08-05;4617;2432;474535;393960;65.0;53.9
54;2021-08-06;5447;3992;479982;397952;65.7;54.5
54;2021-08-07;3671;2831;483653;400783;66.2;54.9
54;2021-08-08;248;114;483901;400897;66.3;54.9
54;2021-08-09;2979;2692;486880;403589;66.7;55.3
54;2021-08-10;2562;3769;489442;407358;67.0;55.8
54;2021-08-11;2333;2566;491775;409924;67.3;56.1
54;2021-08-12;2183;3002;493958;412926;67.6;56.5
54;2021-08-13;2622;4447;496580;417373;68.0;57.1
54;2021-08-14;1431;2075;498011;419448;68.2;57.4
54;2021-08-15;31;43;498042;419491;68.2;57.4
54;2021-08-16;1854;3425;499896;422916;68.4;57.9
54;2021-08-17;1943;3314;501839;426230;68.7;58.4
54;2021-08-18;1495;4103;503334;430333;68.9;58.9
54;2021-08-19;1255;2791;504589;433124;69.1;59.3
54;2021-08-20;1865;4931;506454;438055;69.3;60.0
54;2021-08-21;1462;4014;507916;442069;69.5;60.5
54;2021-08-22;59;27;507975;442096;69.5;60.5
54;2021-08-23;1205;3852;509180;445948;69.7;61.1
54;2021-08-24;1116;3154;510296;449102;69.9;61.5
54;2021-08-25;1401;4378;511697;453480;70.1;62.1
54;2021-08-26;992;3110;512689;456590;70.2;62.5
54;2021-08-27;1496;5322;514185;461912;70.4;63.2
54;2021-08-28;1126;4274;515311;466186;70.6;63.8
54;2021-08-29;15;50;515326;466236;70.6;63.8
54;2021-08-30;1183;4194;516509;470430;70.7;64.4
54;2021-08-31;1044;4698;517553;475128;70.9;65.1
54;2021-09-01;1092;3754;518645;478882;71.0;65.6
54;2021-09-02;717;2166;519362;481048;71.1;65.9
54;2021-09-03;969;3212;520331;484260;71.2;66.3
54;2021-09-04;1146;3426;521477;487686;71.4;66.8
54;2021-09-05;24;32;521501;487718;71.4;66.8
54;2021-09-06;484;1463;521985;489181;71.5;67.0
54;2021-09-07;574;1595;522559;490776;71.5;67.2
54;2021-09-08;624;1894;523183;492670;71.6;67.5
54;2021-09-09;923;2105;524106;494775;71.8;67.7
54;2021-09-10;974;2770;525080;497545;71.9;68.1
54;2021-09-11;721;2687;525801;500232;72.0;68.5
54;2021-09-12;80;116;525881;500348;72.0;68.5
54;2021-09-13;631;1244;526512;501592;72.1;68.7
55;2020-12-27;0;0;0;0;0.0;0.0
55;2020-12-28;0;0;0;0;0.0;0.0
55;2020-12-29;0;0;0;0;0.0;0.0
55;2020-12-30;0;0;0;0;0.0;0.0
55;2020-12-31;0;0;0;0;0.0;0.0
55;2021-01-01;0;0;0;0;0.0;0.0
55;2021-01-02;0;0;0;0;0.0;0.0
55;2021-01-03;0;0;0;0;0.0;0.0
55;2021-01-04;1;0;1;0;0.0;0.0
55;2021-01-05;0;0;1;0;0.0;0.0
55;2021-01-06;0;0;1;0;0.0;0.0
55;2021-01-07;122;0;123;0;0.1;0.0
55;2021-01-08;127;0;250;0;0.1;0.0
55;2021-01-09;52;0;302;0;0.2;0.0
55;2021-01-10;0;0;302;0;0.2;0.0
55;2021-01-11;128;1;430;1;0.2;0.0
55;2021-01-12;119;0;549;1;0.3;0.0
55;2021-01-13;135;0;684;1;0.4;0.0
55;2021-01-14;644;7;1328;8;0.7;0.0
55;2021-01-15;237;0;1565;8;0.9;0.0
55;2021-01-16;62;0;1627;8;0.9;0.0
55;2021-01-17;1;0;1628;8;0.9;0.0
55;2021-01-18;413;1;2041;9;1.1;0.0
55;2021-01-19;352;3;2393;12;1.3;0.0
55;2021-01-20;456;2;2849;14;1.6;0.0
55;2021-01-21;430;0;3279;14;1.8;0.0
55;2021-01-22;391;0;3670;14;2.0;0.0
55;2021-01-23;49;0;3719;14;2.0;0.0
55;2021-01-24;0;0;3719;14;2.0;0.0
55;2021-01-25;436;0;4155;14;2.3;0.0
55;2021-01-26;431;0;4586;14;2.5;0.0
55;2021-01-27;424;0;5010;14;2.8;0.0
55;2021-01-28;485;97;5495;111;3.0;0.1
55;2021-01-29;159;52;5654;163;3.1;0.1
55;2021-01-30;92;27;5746;190;3.2;0.1
55;2021-01-31;0;0;5746;190;3.2;0.1
55;2021-02-01;153;156;5899;346;3.2;0.2
55;2021-02-02;159;132;6058;478;3.3;0.3
55;2021-02-03;53;139;6111;617;3.4;0.3
55;2021-02-04;234;378;6345;995;3.5;0.5
55;2021-02-05;174;138;6519;1133;3.6;0.6
55;2021-02-06;62;56;6581;1189;3.6;0.7
55;2021-02-07;2;53;6583;1242;3.6;0.7
55;2021-02-08;0;17;6583;1259;3.6;0.7
55;2021-02-09;92;115;6675;1374;3.7;0.8
55;2021-02-10;65;23;6740;1397;3.7;0.8
55;2021-02-11;175;93;6915;1490;3.8;0.8
55;2021-02-12;94;27;7009;1517;3.9;0.8
55;2021-02-13;0;0;7009;1517;3.9;0.8
55;2021-02-14;0;0;7009;1517;3.9;0.8
55;2021-02-15;15;311;7024;1828;3.9;1.0
55;2021-02-16;143;291;7167;2119;3.9;1.2
55;2021-02-17;26;396;7193;2515;4.0;1.4
55;2021-02-18;20;260;7213;2775;4.0;1.5
55;2021-02-19;125;247;7338;3022;4.0;1.7
55;2021-02-20;11;0;7349;3022;4.0;1.7
55;2021-02-21;0;0;7349;3022;4.0;1.7
55;2021-02-22;55;367;7404;3389;4.1;1.9
55;2021-02-23;85;372;7489;3761;4.1;2.1
55;2021-02-24;72;352;7561;4113;4.2;2.3
55;2021-02-25;270;634;7831;4747;4.3;2.6
55;2021-02-26;324;208;8155;4955;4.5;2.7
55;2021-02-27;125;85;8280;5040;4.6;2.8
55;2021-02-28;2;8;8282;5048;4.6;2.8
55;2021-03-01;77;120;8359;5168;4.6;2.8
55;2021-03-02;124;139;8483;5307;4.7;2.9
55;2021-03-03;198;3;8681;5310;4.8;2.9
55;2021-03-04;238;41;8919;5351;4.9;2.9
55;2021-03-05;362;44;9281;5395;5.1;3.0
55;2021-03-06;224;6;9505;5401;5.2;3.0
55;2021-03-07;74;1;9579;5402;5.3;3.0
55;2021-03-08;329;49;9908;5451;5.5;3.0
55;2021-03-09;635;50;10543;5501;5.8;3.0
55;2021-03-10;397;25;10940;5526;6.0;3.0
55;2021-03-11;597;141;11537;5667;6.4;3.1
55;2021-03-12;816;89;12353;5756;6.8;3.2
55;2021-03-13;523;12;12876;5768;7.1;3.2
55;2021-03-14;14;0;12890;5768;7.1;3.2
55;2021-03-15;393;24;13283;5792;7.3;3.2
55;2021-03-16;568;105;13851;5897;7.6;3.2
55;2021-03-17;683;21;14534;5918;8.0;3.3
55;2021-03-18;323;23;14857;5941;8.2;3.3
55;2021-03-19;471;59;15328;6000;8.4;3.3
55;2021-03-20;254;15;15582;6015;8.6;3.3
55;2021-03-21;1;1;15583;6016;8.6;3.3
55;2021-03-22;474;20;16057;6036;8.8;3.3
55;2021-03-23;972;65;17029;6101;9.4;3.4
55;2021-03-24;802;43;17831;6144;9.8;3.4
55;2021-03-25;1098;81;18929;6225;10.4;3.4
55;2021-03-26;602;36;19531;6261;10.8;3.4
55;2021-03-27;256;23;19787;6284;10.9;3.5
55;2021-03-28;0;0;19787;6284;10.9;3.5
55;2021-03-29;944;39;20731;6323;11.4;3.5
55;2021-03-30;1425;72;22156;6395;12.2;3.5
55;2021-03-31;1484;69;23640;6464;13.0;3.6
55;2021-04-01;1207;129;24847;6593;13.7;3.6
55;2021-04-02;902;69;25749;6662;14.2;3.7
55;2021-04-03;93;12;25842;6674;14.2;3.7
55;2021-04-04;2;0;25844;6674;14.2;3.7
55;2021-04-05;6;12;25850;6686;14.2;3.7
55;2021-04-06;933;277;26783;6963;14.7;3.8
55;2021-04-07;993;237;27776;7200;15.3;4.0
55;2021-04-08;1649;420;29425;7620;16.2;4.2
55;2021-04-09;1430;261;30855;7881;17.0;4.3
55;2021-04-10;242;174;31097;8055;17.1;4.4
55;2021-04-11;452;21;31549;8076;17.4;4.4
55;2021-04-12;855;327;32404;8403;17.8;4.6
55;2021-04-13;1355;526;33759;8929;18.6;4.9
55;2021-04-14;1372;728;35131;9657;19.3;5.3
55;2021-04-15;1637;457;36768;10114;20.2;5.6
55;2021-04-16;705;379;37473;10493;20.6;5.8
55;2021-04-17;677;31;38150;10524;21.0;5.8
55;2021-04-18;38;18;38188;10542;21.0;5.8
55;2021-04-19;961;346;39149;10888;21.6;6.0
55;2021-04-20;1173;771;40322;11659;22.2;6.4
55;2021-04-21;991;640;41313;12299;22.7;6.8
55;2021-04-22;1099;677;42412;12976;23.3;7.1
55;2021-04-23;1424;598;43836;13574;24.1;7.5
55;2021-04-24;313;124;44149;13698;24.3;7.5
55;2021-04-25;384;51;44533;13749;24.5;7.6
55;2021-04-26;478;815;45011;14564;24.8;8.0
55;2021-04-27;570;994;45581;15558;25.1;8.6
55;2021-04-28;931;816;46512;16374;25.6;9.0
55;2021-04-29;1118;858;47630;17232;26.2;9.5
55;2021-04-30;1280;622;48910;17854;26.9;9.8
55;2021-05-01;153;131;49063;17985;27.0;9.9
55;2021-05-02;2;3;49065;17988;27.0;9.9
55;2021-05-03;1208;630;50273;18618;27.7;10.2
55;2021-05-04;683;1177;50956;19795;28.1;10.9
55;2021-05-05;658;1070;51614;20865;28.4;11.5
55;2021-05-06;1349;1160;52963;22025;29.2;12.1
55;2021-05-07;1433;554;54396;22579;29.9;12.4
55;2021-05-08;156;77;54552;22656;30.0;12.5
55;2021-05-09;62;522;54614;23178;30.1;12.8
55;2021-05-10;860;1029;55474;24207;30.5;13.3
55;2021-05-11;1070;1374;56544;25581;31.1;14.1
55;2021-05-12;1031;1763;57575;27344;31.7;15.1
55;2021-05-13;99;75;57674;27419;31.8;15.1
55;2021-05-14;352;555;58026;27974;31.9;15.4
55;2021-05-15;291;486;58317;28460;32.1;15.7
55;2021-05-16;3;10;58320;28470;32.1;15.7
55;2021-05-17;1028;841;59348;29311;32.7;16.1
55;2021-05-18;1568;888;60916;30199;33.5;16.6
55;2021-05-19;1809;778;62725;30977;34.5;17.1
55;2021-05-20;2215;730;64940;31707;35.8;17.5
55;2021-05-21;2011;799;66951;32506;36.9;17.9
55;2021-05-22;198;166;67149;32672;37.0;18.0
55;2021-05-23;23;120;67172;32792;37.0;18.1
55;2021-05-24;0;0;67172;32792;37.0;18.1
55;2021-05-25;1347;651;68519;33443;37.7;18.4
55;2021-05-26;1674;1016;70193;34459;38.6;19.0
55;2021-05-27;1321;981;71514;35440;39.4;19.5
55;2021-05-28;1521;928;73035;36368;40.2;20.0
55;2021-05-29;1403;694;74438;37062;41.0;20.4
55;2021-05-30;15;205;74453;37267;41.0;20.5
55;2021-05-31;1049;1130;75502;38397;41.6;21.1
55;2021-06-01;919;957;76421;39354;42.1;21.7
55;2021-06-02;1163;984;77584;40338;42.7;22.2
55;2021-06-03;703;540;78287;40878;43.1;22.5
55;2021-06-04;1389;1098;79676;41976;43.9;23.1
55;2021-06-05;1366;277;81042;42253;44.6;23.3
55;2021-06-06;0;2;81042;42255;44.6;23.3
55;2021-06-07;791;714;81833;42969;45.1;23.7
55;2021-06-08;699;1074;82532;44043;45.4;24.2
55;2021-06-09;852;868;83384;44911;45.9;24.7
55;2021-06-10;379;275;83763;45186;46.1;24.9
55;2021-06-11;528;1285;84291;46471;46.4;25.6
55;2021-06-12;761;519;85052;46990;46.8;25.9
55;2021-06-13;265;33;85317;47023;47.0;25.9
55;2021-06-14;391;1363;85708;48386;47.2;26.6
55;2021-06-15;574;1212;86282;49598;47.5;27.3
55;2021-06-16;735;832;87017;50430;47.9;27.8
55;2021-06-17;425;858;87442;51288;48.1;28.2
55;2021-06-18;668;1475;88110;52763;48.5;29.0
55;2021-06-19;593;455;88703;53218;48.8;29.3
55;2021-06-20;0;0;88703;53218;48.8;29.3
55;2021-06-21;439;1023;89142;54241;49.1;29.9
55;2021-06-22;335;1012;89477;55253;49.3;30.4
55;2021-06-23;626;1209;90103;56462;49.6;31.1
55;2021-06-24;163;433;90266;56895;49.7;31.3
55;2021-06-25;642;1227;90908;58122;50.0;32.0
55;2021-06-26;418;341;91326;58463;50.3;32.2
55;2021-06-27;1;2;91327;58465;50.3;32.2
55;2021-06-28;149;1380;91476;59845;50.4;32.9
55;2021-06-29;201;1288;91677;61133;50.5;33.7
55;2021-06-30;272;1932;91949;63065;50.6;34.7
55;2021-07-01;388;1978;92337;65043;50.8;35.8
55;2021-07-02;391;1719;92728;66762;51.1;36.8
55;2021-07-03;108;262;92836;67024;51.1;36.9
55;2021-07-04;12;19;92848;67043;51.1;36.9
55;2021-07-05;222;1508;93070;68551;51.2;37.7
55;2021-07-06;327;899;93397;69450;51.4;38.2
55;2021-07-07;388;1801;93785;71251;51.6;39.2
55;2021-07-08;534;1594;94319;72845;51.9;40.1
55;2021-07-09;456;1479;94775;74324;52.2;40.9
55;2021-07-10;356;1112;95131;75436;52.4;41.5
55;2021-07-11;0;9;95131;75445;52.4;41.5
55;2021-07-12;608;1166;95739;76611;52.7;42.2
55;2021-07-13;599;1487;96338;78098;53.0;43.0
55;2021-07-14;1;13;96339;78111;53.0;43.0
55;2021-07-15;782;1645;97121;79756;53.5;43.9
55;2021-07-16;1255;1808;98376;81564;54.2;44.9
55;2021-07-17;1283;821;99659;82385;54.9;45.4
55;2021-07-18;1;2;99660;82387;54.9;45.4
55;2021-07-19;597;785;100257;83172;55.2;45.8
55;2021-07-20;1001;1019;101258;84191;55.7;46.4
55;2021-07-21;1484;1370;102742;85561;56.6;47.1
55;2021-07-22;1175;565;103917;86126;57.2;47.4
55;2021-07-23;1113;1355;105030;87481;57.8;48.2
55;2021-07-24;819;760;105849;88241;58.3;48.6
55;2021-07-25;120;229;105969;88470;58.3;48.7
55;2021-07-26;669;444;106638;88914;58.7;49.0
55;2021-07-27;1168;479;107806;89393;59.4;49.2
55;2021-07-28;1039;1065;108845;90458;59.9;49.8
55;2021-07-29;670;446;109515;90904;60.3;50.0
55;2021-07-30;1271;966;110786;91870;61.0;50.6
55;2021-07-31;714;613;111500;92483;61.4;50.9
55;2021-08-01;9;5;111509;92488;61.4;50.9
55;2021-08-02;628;443;112137;92931;61.7;51.2
55;2021-08-03;642;419;112779;93350;62.1;51.4
55;2021-08-04;1248;952;114027;94302;62.8;51.9
55;2021-08-05;1002;323;115029;94625;63.3;52.1
55;2021-08-06;816;1096;115845;95721;63.8;52.7
55;2021-08-07;596;336;116441;96057;64.1;52.9
55;2021-08-08;0;0;116441;96057;64.1;52.9
55;2021-08-09;402;306;116843;96363;64.3;53.1
55;2021-08-10;438;775;117281;97138;64.6;53.5
55;2021-08-11;593;640;117874;97778;64.9;53.8
55;2021-08-12;325;488;118199;98266;65.1;54.1
55;2021-08-13;433;1109;118632;99375;65.3;54.7
55;2021-08-14;137;190;118769;99565;65.4;54.8
55;2021-08-15;11;5;118780;99570;65.4;54.8
55;2021-08-16;245;739;119025;100309;65.5;55.2
55;2021-08-17;257;290;119282;100599;65.7;55.4
55;2021-08-18;542;1241;119824;101840;66.0;56.1
55;2021-08-19;450;960;120274;102800;66.2;56.6
55;2021-08-20;567;1012;120841;103812;66.5;57.2
55;2021-08-21;292;771;121133;104583;66.7;57.6
55;2021-08-22;8;6;121141;104589;66.7;57.6
55;2021-08-23;353;611;121494;105200;66.9;57.9
55;2021-08-24;303;833;121797;106033;67.1;58.4
55;2021-08-25;664;1172;122461;107205;67.4;59.0
55;2021-08-26;448;1253;122909;108458;67.7;59.7
55;2021-08-27;314;1246;123223;109704;67.8;60.4
55;2021-08-28;382;579;123605;110283;68.0;60.7
55;2021-08-29;216;58;123821;110341;68.2;60.7
55;2021-08-30;129;677;123950;111018;68.2;61.1
55;2021-08-31;282;823;124232;111841;68.4;61.6
55;2021-09-01;542;1269;124774;113110;68.7;62.3
55;2021-09-02;202;894;124976;114004;68.8;62.8
55;2021-09-03;406;1273;125382;115277;69.0;63.5
55;2021-09-04;287;600;125669;115877;69.2;63.8
55;2021-09-05;17;90;125686;115967;69.2;63.8
55;2021-09-06;59;127;125745;116094;69.2;63.9
55;2021-09-07;267;594;126012;116688;69.4;64.2
55;2021-09-08;215;334;126227;117022;69.5;64.4
55;2021-09-09;181;595;126408;117617;69.6;64.8
55;2021-09-10;180;550;126588;118167;69.7;65.1
55;2021-09-11;89;314;126677;118481;69.7;65.2
55;2021-09-12;1;1;126678;118482;69.7;65.2
55;2021-09-13;95;431;126773;118913;69.8;65.5
56;2020-12-27;0;0;0;0;0.0;0.0
56;2020-12-28;1;0;1;0;0.0;0.0
56;2020-12-29;0;0;1;0;0.0;0.0
56;2020-12-30;0;0;1;0;0.0;0.0
56;2020-12-31;0;0;1;0;0.0;0.0
56;2021-01-01;0;0;1;0;0.0;0.0
56;2021-01-02;1;0;2;0;0.0;0.0
56;2021-01-03;2;0;4;0;0.0;0.0
56;2021-01-04;2;0;6;0;0.0;0.0
56;2021-01-05;1;0;7;0;0.0;0.0
56;2021-01-06;2;0;9;0;0.0;0.0
56;2021-01-07;198;0;207;0;0.0;0.0
56;2021-01-08;119;0;326;0;0.0;0.0
56;2021-01-09;1;0;327;0;0.0;0.0
56;2021-01-10;1;0;328;0;0.0;0.0
56;2021-01-11;242;0;570;0;0.1;0.0
56;2021-01-12;754;0;1324;0;0.2;0.0
56;2021-01-13;638;1;1962;1;0.3;0.0
56;2021-01-14;970;2;2932;3;0.4;0.0
56;2021-01-15;843;5;3775;8;0.5;0.0
56;2021-01-16;234;3;4009;11;0.5;0.0
56;2021-01-17;27;0;4036;11;0.5;0.0
56;2021-01-18;1005;1;5041;12;0.7;0.0
56;2021-01-19;866;0;5907;12;0.8;0.0
56;2021-01-20;884;1;6791;13;0.9;0.0
56;2021-01-21;1450;2;8241;15;1.1;0.0
56;2021-01-22;1182;3;9423;18;1.2;0.0
56;2021-01-23;319;2;9742;20;1.3;0.0
56;2021-01-24;6;0;9748;20;1.3;0.0
56;2021-01-25;830;0;10578;20;1.4;0.0
56;2021-01-26;1034;4;11612;24;1.5;0.0
56;2021-01-27;1082;59;12694;83;1.7;0.0
56;2021-01-28;975;119;13669;202;1.8;0.0
56;2021-01-29;873;100;14542;302;1.9;0.0
56;2021-01-30;139;18;14681;320;1.9;0.0
56;2021-01-31;0;0;14681;320;1.9;0.0
56;2021-02-01;479;152;15160;472;2.0;0.1
56;2021-02-02;941;253;16101;725;2.1;0.1
56;2021-02-03;1023;264;17124;989;2.3;0.1
56;2021-02-04;4701;340;21825;1329;2.9;0.2
56;2021-02-05;3591;418;25416;1747;3.4;0.2
56;2021-02-06;551;164;25967;1911;3.4;0.3
56;2021-02-07;136;26;26103;1937;3.5;0.3
56;2021-02-08;297;261;26400;2198;3.5;0.3
56;2021-02-09;794;463;27194;2661;3.6;0.4
56;2021-02-10;866;668;28060;3329;3.7;0.4
56;2021-02-11;973;1017;29033;4346;3.8;0.6
56;2021-02-12;1151;578;30184;4924;4.0;0.7
56;2021-02-13;220;80;30404;5004;4.0;0.7
56;2021-02-14;6;45;30410;5049;4.0;0.7
56;2021-02-15;622;857;31032;5906;4.1;0.8
56;2021-02-16;1220;611;32252;6517;4.3;0.9
56;2021-02-17;1189;787;33441;7304;4.4;1.0
56;2021-02-18;1352;723;34793;8027;4.6;1.1
56;2021-02-19;1322;725;36115;8752;4.8;1.2
56;2021-02-20;365;196;36480;8948;4.8;1.2
56;2021-02-21;1;0;36481;8948;4.8;1.2
56;2021-02-22;376;589;36857;9537;4.9;1.3
56;2021-02-23;741;769;37598;10306;5.0;1.4
56;2021-02-24;916;933;38514;11239;5.1;1.5
56;2021-02-25;2032;4033;40546;15272;5.4;2.0
56;2021-02-26;2356;2131;42902;17403;5.7;2.3
56;2021-02-27;745;376;43647;17779;5.8;2.4
56;2021-02-28;15;113;43662;17892;5.8;2.4
56;2021-03-01;648;459;44310;18351;5.9;2.4
56;2021-03-02;979;671;45289;19022;6.0;2.5
56;2021-03-03;1150;776;46439;19798;6.1;2.6
56;2021-03-04;1967;938;48406;20736;6.4;2.7
56;2021-03-05;2582;1338;50988;22074;6.7;2.9
56;2021-03-06;1207;196;52195;22270;6.9;2.9
56;2021-03-07;282;24;52477;22294;6.9;3.0
56;2021-03-08;1141;356;53618;22650;7.1;3.0
56;2021-03-09;2042;562;55660;23212;7.4;3.1
56;2021-03-10;2000;866;57660;24078;7.6;3.2
56;2021-03-11;3252;709;60912;24787;8.1;3.3
56;2021-03-12;4208;790;65120;25577;8.6;3.4
56;2021-03-13;1885;147;67005;25724;8.9;3.4
56;2021-03-14;195;4;67200;25728;8.9;3.4
56;2021-03-15;1285;524;68485;26252;9.1;3.5
56;2021-03-16;1089;1007;69574;27259;9.2;3.6
56;2021-03-17;1371;757;70945;28016;9.4;3.7
56;2021-03-18;2001;1847;72946;29863;9.7;4.0
56;2021-03-19;2944;1370;75890;31233;10.0;4.1
56;2021-03-20;1493;202;77383;31435;10.2;4.2
56;2021-03-21;208;22;77591;31457;10.3;4.2
56;2021-03-22;1611;400;79202;31857;10.5;4.2
56;2021-03-23;2808;678;82010;32535;10.9;4.3
56;2021-03-24;3450;520;85460;33055;11.3;4.4
56;2021-03-25;4240;715;89700;33770;11.9;4.5
56;2021-03-26;5092;761;94792;34531;12.5;4.6
56;2021-03-27;1501;289;96293;34820;12.7;4.6
56;2021-03-28;264;11;96557;34831;12.8;4.6
56;2021-03-29;2236;502;98793;35333;13.1;4.7
56;2021-03-30;3519;783;102312;36116;13.5;4.8
56;2021-03-31;3116;717;105428;36833;14.0;4.9
56;2021-04-01;4078;821;109506;37654;14.5;5.0
56;2021-04-02;3928;942;113434;38596;15.0;5.1
56;2021-04-03;1186;270;114620;38866;15.2;5.1
56;2021-04-04;232;4;114852;38870;15.2;5.1
56;2021-04-05;244;8;115096;38878;15.2;5.1
56;2021-04-06;2827;1233;117923;40111;15.6;5.3
56;2021-04-07;4026;1192;121949;41303;16.1;5.5
56;2021-04-08;5298;1165;127247;42468;16.8;5.6
56;2021-04-09;7392;1281;134639;43749;17.8;5.8
56;2021-04-10;2576;428;137215;44177;18.2;5.8
56;2021-04-11;194;101;137409;44278;18.2;5.9
56;2021-04-12;3933;833;141342;45111;18.7;6.0
56;2021-04-13;5966;1263;147308;46374;19.5;6.1
56;2021-04-14;5167;1431;152475;47805;20.2;6.3
56;2021-04-15;7154;1774;159629;49579;21.1;6.6
56;2021-04-16;7843;2011;167472;51590;22.2;6.8
56;2021-04-17;3132;646;170604;52236;22.6;6.9
56;2021-04-18;528;110;171132;52346;22.6;6.9
56;2021-04-19;3719;1262;174851;53608;23.1;7.1
56;2021-04-20;4107;1977;178958;55585;23.7;7.4
56;2021-04-21;4060;2324;183018;57909;24.2;7.7
56;2021-04-22;5175;1918;188193;59827;24.9;7.9
56;2021-04-23;5171;2412;193364;62239;25.6;8.2
56;2021-04-24;2901;637;196265;62876;26.0;8.3
56;2021-04-25;465;150;196730;63026;26.0;8.3
56;2021-04-26;4710;1665;201440;64691;26.7;8.6
56;2021-04-27;5098;2543;206538;67234;27.3;8.9
56;2021-04-28;4969;2241;211507;69475;28.0;9.2
56;2021-04-29;5842;2931;217349;72406;28.8;9.6
56;2021-04-30;6246;2785;223595;75191;29.6;10.0
56;2021-05-01;2489;362;226084;75553;29.9;10.0
56;2021-05-02;307;254;226391;75807;30.0;10.0
56;2021-05-03;3865;2053;230256;77860;30.5;10.3
56;2021-05-04;4379;3904;234635;81764;31.1;10.8
56;2021-05-05;3524;3873;238159;85637;31.5;11.3
56;2021-05-06;4377;5430;242536;91067;32.1;12.1
56;2021-05-07;4268;4991;246804;96058;32.7;12.7
56;2021-05-08;1645;320;248449;96378;32.9;12.8
56;2021-05-09;495;227;248944;96605;32.9;12.8
56;2021-05-10;3751;3805;252695;100410;33.4;13.3
56;2021-05-11;4170;5044;256865;105454;34.0;14.0
56;2021-05-12;4342;4772;261207;110226;34.6;14.6
56;2021-05-13;2397;1014;263604;111240;34.9;14.7
56;2021-05-14;4228;4349;267832;115589;35.4;15.3
56;2021-05-15;2487;1895;270319;117484;35.8;15.5
56;2021-05-16;237;488;270556;117972;35.8;15.6
56;2021-05-17;2513;3664;273069;121636;36.1;16.1
56;2021-05-18;3521;4092;276590;125728;36.6;16.6
56;2021-05-19;3528;3395;280118;129123;37.1;17.1
56;2021-05-20;3805;4809;283923;133932;37.6;17.7
56;2021-05-21;3746;5222;287669;139154;38.1;18.4
56;2021-05-22;1698;2207;289367;141361;38.3;18.7
56;2021-05-23;284;197;289651;141558;38.3;18.7
56;2021-05-24;2058;497;291709;142055;38.6;18.8
56;2021-05-25;3140;4470;294849;146525;39.0;19.4
56;2021-05-26;3735;3933;298584;150458;39.5;19.9
56;2021-05-27;4362;4865;302946;155323;40.1;20.6
56;2021-05-28;4639;5939;307585;161262;40.7;21.3
56;2021-05-29;1886;1631;309471;162893;41.0;21.6
56;2021-05-30;318;67;309789;162960;41.0;21.6
56;2021-05-31;4502;3213;314291;166173;41.6;22.0
56;2021-06-01;5664;3380;319955;169553;42.3;22.4
56;2021-06-02;5638;2948;325593;172501;43.1;22.8
56;2021-06-03;6188;3293;331781;175794;43.9;23.3
56;2021-06-04;5814;4401;337595;180195;44.7;23.8
56;2021-06-05;4346;2373;341941;182568;45.3;24.2
56;2021-06-06;496;616;342437;183184;45.3;24.2
56;2021-06-07;5103;3168;347540;186352;46.0;24.7
56;2021-06-08;6071;3366;353611;189718;46.8;25.1
56;2021-06-09;6433;2813;360044;192531;47.7;25.5
56;2021-06-10;7480;2873;367524;195404;48.6;25.9
56;2021-06-11;6765;3864;374289;199268;49.5;26.4
56;2021-06-12;5102;2062;379391;201330;50.2;26.6
56;2021-06-13;1980;439;381371;201769;50.5;26.7
56;2021-06-14;3313;4588;384684;206357;50.9;27.3
56;2021-06-15;4202;4887;388886;211244;51.5;28.0
56;2021-06-16;4497;4502;393383;215746;52.1;28.6
56;2021-06-17;4258;4747;397641;220493;52.6;29.2
56;2021-06-18;4518;5969;402159;226462;53.2;30.0
56;2021-06-19;3836;2143;405995;228605;53.7;30.3
56;2021-06-20;1504;340;407499;228945;53.9;30.3
56;2021-06-21;3308;4461;410807;233406;54.4;30.9
56;2021-06-22;3485;5435;414292;238841;54.8;31.6
56;2021-06-23;3765;5062;418057;243903;55.3;32.3
56;2021-06-24;3477;5320;421534;249223;55.8;33.0
56;2021-06-25;3884;6281;425418;255504;56.3;33.8
56;2021-06-26;3205;2915;428623;258419;56.7;34.2
56;2021-06-27;305;163;428928;258582;56.8;34.2
56;2021-06-28;1575;3982;430503;262564;57.0;34.8
56;2021-06-29;2436;5761;432939;268325;57.3;35.5
56;2021-06-30;2498;5558;435437;273883;57.6;36.2
56;2021-07-01;2735;4953;438172;278836;58.0;36.9
56;2021-07-02;2658;6203;440830;285039;58.3;37.7
56;2021-07-03;2205;2679;443035;287718;58.6;38.1
56;2021-07-04;778;811;443813;288529;58.7;38.2
56;2021-07-05;1872;5442;445685;293971;59.0;38.9
56;2021-07-06;2190;5932;447875;299903;59.3;39.7
56;2021-07-07;2846;5645;450721;305548;59.7;40.4
56;2021-07-08;3087;6035;453808;311583;60.1;41.2
56;2021-07-09;2217;7098;456025;318681;60.4;42.2
56;2021-07-10;1127;3000;457152;321681;60.5;42.6
56;2021-07-11;256;344;457408;322025;60.5;42.6
56;2021-07-12;2183;6607;459591;328632;60.8;43.5
56;2021-07-13;3261;7467;462852;336099;61.3;44.5
56;2021-07-14;1786;2591;464638;338690;61.5;44.8
56;2021-07-15;3821;7066;468459;345756;62.0;45.8
56;2021-07-16;4078;8085;472537;353841;62.5;46.8
56;2021-07-17;2321;3522;474858;357363;62.8;47.3
56;2021-07-18;256;478;475114;357841;62.9;47.4
56;2021-07-19;2866;6357;477980;364198;63.3;48.2
56;2021-07-20;3725;7915;481705;372113;63.8;49.2
56;2021-07-21;3095;7519;484800;379632;64.2;50.2
56;2021-07-22;4394;8027;489194;387659;64.7;51.3
56;2021-07-23;4392;8405;493586;396064;65.3;52.4
56;2021-07-24;1688;4601;495274;400665;65.6;53.0
56;2021-07-25;552;1918;495826;402583;65.6;53.3
56;2021-07-26;3682;5458;499508;408041;66.1;54.0
56;2021-07-27;5375;6198;504883;414239;66.8;54.8
56;2021-07-28;4689;5462;509572;419701;67.4;55.5
56;2021-07-29;5382;5628;514954;425329;68.2;56.3
56;2021-07-30;5387;5863;520341;431192;68.9;57.1
56;2021-07-31;2157;2693;522498;433885;69.2;57.4
56;2021-08-01;1249;977;523747;434862;69.3;57.6
56;2021-08-02;4514;4597;528261;439459;69.9;58.2
56;2021-08-03;6381;4961;534642;444420;70.8;58.8
56;2021-08-04;5952;4362;540594;448782;71.5;59.4
56;2021-08-05;6100;4604;546694;453386;72.4;60.0
56;2021-08-06;5849;4921;552543;458307;73.1;60.7
56;2021-08-07;2856;2224;555399;460531;73.5;61.0
56;2021-08-08;1827;563;557226;461094;73.7;61.0
56;2021-08-09;3926;4266;561152;465360;74.3;61.6
56;2021-08-10;4930;4608;566082;469968;74.9;62.2
56;2021-08-11;4566;4146;570648;474114;75.5;62.7
56;2021-08-12;4483;4541;575131;478655;76.1;63.4
56;2021-08-13;4216;4807;579347;483462;76.7;64.0
56;2021-08-14;1782;2138;581129;485600;76.9;64.3
56;2021-08-15;349;485;581478;486085;77.0;64.3
56;2021-08-16;3060;4520;584538;490605;77.4;64.9
56;2021-08-17;3755;5055;588293;495660;77.9;65.6
56;2021-08-18;3738;4608;592031;500268;78.4;66.2
56;2021-08-19;3058;4989;595089;505257;78.8;66.9
56;2021-08-20;2893;5258;597982;510515;79.1;67.6
56;2021-08-21;1153;2399;599135;512914;79.3;67.9
56;2021-08-22;129;503;599264;513417;79.3;68.0
56;2021-08-23;1922;4968;601186;518385;79.6;68.6
56;2021-08-24;1918;5514;603104;523899;79.8;69.3
56;2021-08-25;1699;5057;604803;528956;80.0;70.0
56;2021-08-26;1398;5324;606201;534280;80.2;70.7
56;2021-08-27;1734;5874;607935;540154;80.5;71.5
56;2021-08-28;591;2801;608526;542955;80.5;71.9
56;2021-08-29;79;477;608605;543432;80.5;71.9
56;2021-08-30;1375;4743;609980;548175;80.7;72.6
56;2021-08-31;1472;4791;611452;552966;80.9;73.2
56;2021-09-01;1314;4196;612766;557162;81.1;73.7
56;2021-09-02;1078;4037;613844;561199;81.2;74.3
56;2021-09-03;1088;4595;614932;565794;81.4;74.9
56;2021-09-04;756;2443;615688;568237;81.5;75.2
56;2021-09-05;121;371;615809;568608;81.5;75.3
56;2021-09-06;877;3621;616686;572229;81.6;75.7
56;2021-09-07;811;3467;617497;575696;81.7;76.2
56;2021-09-08;961;3466;618458;579162;81.9;76.7
56;2021-09-09;794;3019;619252;582181;82.0;77.1
56;2021-09-10;930;3490;620182;585671;82.1;77.5
56;2021-09-11;472;2108;620654;587779;82.1;77.8
56;2021-09-12;34;171;620688;587950;82.1;77.8
56;2021-09-13;751;2673;621439;590623;82.2;78.2
57;2020-12-27;2;0;2;0;0.0;0.0
57;2020-12-28;0;0;2;0;0.0;0.0
57;2020-12-29;1;0;3;0;0.0;0.0
57;2020-12-30;1;0;4;0;0.0;0.0
57;2020-12-31;0;0;4;0;0.0;0.0
57;2021-01-01;1;0;5;0;0.0;0.0
57;2021-01-02;3;0;8;0;0.0;0.0
57;2021-01-03;0;0;8;0;0.0;0.0
57;2021-01-04;17;0;25;0;0.0;0.0
57;2021-01-05;199;0;224;0;0.0;0.0
57;2021-01-06;226;1;450;1;0.0;0.0
57;2021-01-07;586;2;1036;3;0.1;0.0
57;2021-01-08;509;2;1545;5;0.1;0.0
57;2021-01-09;202;0;1747;5;0.2;0.0
57;2021-01-10;108;1;1855;6;0.2;0.0
57;2021-01-11;470;1;2325;7;0.2;0.0
57;2021-01-12;613;6;2938;13;0.3;0.0
57;2021-01-13;695;2;3633;15;0.4;0.0
57;2021-01-14;707;6;4340;21;0.4;0.0
57;2021-01-15;636;5;4976;26;0.5;0.0
57;2021-01-16;452;1;5428;27;0.5;0.0
57;2021-01-17;493;1;5921;28;0.6;0.0
57;2021-01-18;2715;20;8636;48;0.8;0.0
57;2021-01-19;2567;20;11203;68;1.1;0.0
57;2021-01-20;2763;22;13966;90;1.3;0.0
57;2021-01-21;1797;5;15763;95;1.5;0.0
57;2021-01-22;1325;6;17088;101;1.6;0.0
57;2021-01-23;543;15;17631;116;1.7;0.0
57;2021-01-24;1;0;17632;116;1.7;0.0
57;2021-01-25;869;175;18501;291;1.8;0.0
57;2021-01-26;1112;203;19613;494;1.9;0.0
57;2021-01-27;1070;161;20683;655;2.0;0.1
57;2021-01-28;1040;243;21723;898;2.1;0.1
57;2021-01-29;983;371;22706;1269;2.2;0.1
57;2021-01-30;440;83;23146;1352;2.2;0.1
57;2021-01-31;11;18;23157;1370;2.2;0.1
57;2021-02-01;827;322;23984;1692;2.3;0.2
57;2021-02-02;989;335;24973;2027;2.4;0.2
57;2021-02-03;986;296;25959;2323;2.5;0.2
57;2021-02-04;1138;774;27097;3097;2.6;0.3
57;2021-02-05;929;325;28026;3422;2.7;0.3
57;2021-02-06;481;311;28507;3733;2.8;0.4
57;2021-02-07;103;333;28610;4066;2.8;0.4
57;2021-02-08;1258;1442;29868;5508;2.9;0.5
57;2021-02-09;1764;1606;31632;7114;3.1;0.7
57;2021-02-10;1712;1994;33344;9108;3.2;0.9
57;2021-02-11;1486;1269;34830;10377;3.4;1.0
57;2021-02-12;1227;629;36057;11006;3.5;1.1
57;2021-02-13;1152;134;37209;11140;3.6;1.1
57;2021-02-14;1210;28;38419;11168;3.7;1.1
57;2021-02-15;766;711;39185;11879;3.8;1.1
57;2021-02-16;1076;670;40261;12549;3.9;1.2
57;2021-02-17;1009;807;41270;13356;4.0;1.3
57;2021-02-18;974;981;42244;14337;4.1;1.4
57;2021-02-19;956;755;43200;15092;4.2;1.5
57;2021-02-20;1173;500;44373;15592;4.3;1.5
57;2021-02-21;323;13;44696;15605;4.3;1.5
57;2021-02-22;1231;748;45927;16353;4.4;1.6
57;2021-02-23;2236;933;48163;17286;4.6;1.7
57;2021-02-24;2287;835;50450;18121;4.9;1.7
57;2021-02-25;3298;954;53748;19075;5.2;1.8
57;2021-02-26;3590;835;57338;19910;5.5;1.9
57;2021-02-27;3697;486;61035;20396;5.9;2.0
57;2021-02-28;1896;57;62931;20453;6.1;2.0
57;2021-03-01;2055;1220;64986;21673;6.3;2.1
57;2021-03-02;2859;1442;67845;23115;6.5;2.2
57;2021-03-03;2807;1488;70652;24603;6.8;2.4
57;2021-03-04;3274;1204;73926;25807;7.1;2.5
57;2021-03-05;4457;1151;78383;26958;7.6;2.6
57;2021-03-06;7245;711;85628;27669;8.3;2.7
57;2021-03-07;6071;260;91699;27929;8.9;2.7
57;2021-03-08;2299;922;93998;28851;9.1;2.8
57;2021-03-09;3386;1214;97384;30065;9.4;2.9
57;2021-03-10;3582;910;100966;30975;9.7;3.0
57;2021-03-11;4039;1182;105005;32157;10.1;3.1
57;2021-03-12;5109;1145;110114;33302;10.6;3.2
57;2021-03-13;6284;948;116398;34250;11.2;3.3
57;2021-03-14;2425;425;118823;34675;11.5;3.3
57;2021-03-15;2962;865;121785;35540;11.8;3.4
57;2021-03-16;3061;1260;124846;36800;12.1;3.6
57;2021-03-17;3050;1132;127896;37932;12.3;3.7
57;2021-03-18;3402;1060;131298;38992;12.7;3.8
57;2021-03-19;4627;1032;135925;40024;13.1;3.9
57;2021-03-20;4702;1024;140627;41048;13.6;4.0
57;2021-03-21;1895;251;142522;41299;13.8;4.0
57;2021-03-22;2480;1458;145002;42757;14.0;4.1
57;2021-03-23;3443;2323;148445;45080;14.3;4.4
57;2021-03-24;3896;2134;152341;47214;14.7;4.6
57;2021-03-25;4741;2587;157082;49801;15.2;4.8
57;2021-03-26;4842;2252;161924;52053;15.6;5.0
57;2021-03-27;3709;3131;165633;55184;16.0;5.3
57;2021-03-28;1401;1830;167034;57014;16.1;5.5
57;2021-03-29;1934;2155;168968;59169;16.3;5.7
57;2021-03-30;3300;2467;172268;61636;16.6;6.0
57;2021-03-31;2824;2281;175092;63917;16.9;6.2
57;2021-04-01;3222;3159;178314;67076;17.2;6.5
57;2021-04-02;2393;2566;180707;69642;17.4;6.7
57;2021-04-03;2566;2651;183273;72293;17.7;7.0
57;2021-04-04;594;968;183867;73261;17.8;7.1
57;2021-04-05;1923;673;185790;73934;17.9;7.1
57;2021-04-06;2451;2827;188241;76761;18.2;7.4
57;2021-04-07;3813;3089;192054;79850;18.5;7.7
57;2021-04-08;5613;2899;197667;82749;19.1;8.0
57;2021-04-09;5014;2729;202681;85478;19.6;8.3
57;2021-04-10;2353;3637;205034;89115;19.8;8.6
57;2021-04-11;1099;1891;206133;91006;19.9;8.8
57;2021-04-12;1795;2745;207928;93751;20.1;9.1
57;2021-04-13;1976;3025;209904;96776;20.3;9.3
57;2021-04-14;1920;2986;211824;99762;20.4;9.6
57;2021-04-15;2366;3424;214190;103186;20.7;10.0
57;2021-04-16;2701;3286;216891;106472;20.9;10.3
57;2021-04-17;2474;3178;219365;109650;21.2;10.6
57;2021-04-18;1244;1772;220609;111422;21.3;10.8
57;2021-04-19;2141;2257;222750;113679;21.5;11.0
57;2021-04-20;2514;2781;225264;116460;21.7;11.2
57;2021-04-21;2570;2380;227834;118840;22.0;11.5
57;2021-04-22;3207;2249;231041;121089;22.3;11.7
57;2021-04-23;4055;2574;235096;123663;22.7;11.9
57;2021-04-24;3395;2561;238491;126224;23.0;12.2
57;2021-04-25;757;1126;239248;127350;23.1;12.3
57;2021-04-26;2971;1991;242219;129341;23.4;12.5
57;2021-04-27;3900;2372;246119;131713;23.8;12.7
57;2021-04-28;4212;2586;250331;134299;24.2;13.0
57;2021-04-29;5260;3443;255591;137742;24.7;13.3
57;2021-04-30;4730;3544;260321;141286;25.1;13.6
57;2021-05-01;2353;1686;262674;142972;25.4;13.8
57;2021-05-02;790;913;263464;143885;25.4;13.9
57;2021-05-03;3565;2991;267029;146876;25.8;14.2
57;2021-05-04;4871;3159;271900;150035;26.2;14.5
57;2021-05-05;6122;3157;278022;153192;26.8;14.8
57;2021-05-06;5992;3275;284014;156467;27.4;15.1
57;2021-05-07;6852;3437;290866;159904;28.1;15.4
57;2021-05-08;4053;1605;294919;161509;28.5;15.6
57;2021-05-09;2049;1114;296968;162623;28.7;15.7
57;2021-05-10;5129;3066;302097;165689;29.2;16.0
57;2021-05-11;7450;2848;309547;168537;29.9;16.3
57;2021-05-12;7847;3243;317394;171780;30.6;16.6
57;2021-05-13;4511;915;321905;172695;31.1;16.7
57;2021-05-14;7838;2629;329743;175324;31.8;16.9
57;2021-05-15;5967;2044;335710;177368;32.4;17.1
57;2021-05-16;3308;578;339018;177946;32.7;17.2
57;2021-05-17;3866;2068;342884;180014;33.1;17.4
57;2021-05-18;6292;2105;349176;182119;33.7;17.6
57;2021-05-19;7023;2329;356199;184448;34.4;17.8
57;2021-05-20;6051;2175;362250;186623;35.0;18.0
57;2021-05-21;7565;2921;369815;189544;35.7;18.3
57;2021-05-22;4894;2171;374709;191715;36.2;18.5
57;2021-05-23;1963;430;376672;192145;36.4;18.5
57;2021-05-24;3032;1055;379704;193200;36.7;18.7
57;2021-05-25;5576;2804;385280;196004;37.2;18.9
57;2021-05-26;6378;3178;391658;199182;37.8;19.2
57;2021-05-27;5795;3121;397453;202303;38.4;19.5
57;2021-05-28;7026;4734;404479;207037;39.0;20.0
57;2021-05-29;5224;4245;409703;211282;39.6;20.4
57;2021-05-30;1967;1743;411670;213025;39.7;20.6
57;2021-05-31;4319;3339;415989;216364;40.2;20.9
57;2021-06-01;5936;3712;421925;220076;40.7;21.2
57;2021-06-02;6342;3898;428267;223974;41.3;21.6
57;2021-06-03;6215;3694;434482;227668;41.9;22.0
57;2021-06-04;7571;4990;442053;232658;42.7;22.5
57;2021-06-05;4768;4030;446821;236688;43.1;22.8
57;2021-06-06;1993;890;448814;237578;43.3;22.9
57;2021-06-07;4325;4034;453139;241612;43.7;23.3
57;2021-06-08;6720;4317;459859;245929;44.4;23.7
57;2021-06-09;6884;4155;466743;250084;45.1;24.1
57;2021-06-10;6221;4596;472964;254680;45.7;24.6
57;2021-06-11;5368;5363;478332;260043;46.2;25.1
57;2021-06-12;5743;4447;484075;264490;46.7;25.5
57;2021-06-13;1500;1142;485575;265632;46.9;25.6
57;2021-06-14;3384;4702;488959;270334;47.2;26.1
57;2021-06-15;3818;6022;492777;276356;47.6;26.7
57;2021-06-16;4402;6597;497179;282953;48.0;27.3
57;2021-06-17;4200;6073;501379;289026;48.4;27.9
57;2021-06-18;4275;7305;505654;296331;48.8;28.6
57;2021-06-19;4158;6290;509812;302621;49.2;29.2
57;2021-06-20;987;1667;510799;304288;49.3;29.4
57;2021-06-21;2069;5969;512868;310257;49.5;30.0
57;2021-06-22;2645;7991;515513;318248;49.8;30.7
57;2021-06-23;3076;8387;518589;326635;50.1;31.5
57;2021-06-24;2457;5285;521046;331920;50.3;32.0
57;2021-06-25;2857;7826;523903;339746;50.6;32.8
57;2021-06-26;2871;7256;526774;347002;50.9;33.5
57;2021-06-27;754;2987;527528;349989;50.9;33.8
57;2021-06-28;1591;5078;529119;355067;51.1;34.3
57;2021-06-29;2086;6829;531205;361896;51.3;34.9
57;2021-06-30;3066;7326;534271;369222;51.6;35.6
57;2021-07-01;2707;5960;536978;375182;51.8;36.2
57;2021-07-02;2701;8081;539679;383263;52.1;37.0
57;2021-07-03;3240;6530;542919;389793;52.4;37.6
57;2021-07-04;946;2467;543865;392260;52.5;37.9
57;2021-07-05;1712;4606;545577;396866;52.7;38.3
57;2021-07-06;2427;6480;548004;403346;52.9;38.9
57;2021-07-07;2733;7091;550737;410437;53.2;39.6
57;2021-07-08;2495;5876;553232;416313;53.4;40.2
57;2021-07-09;3429;8417;556661;424730;53.7;41.0
57;2021-07-10;3097;6940;559758;431670;54.0;41.7
57;2021-07-11;855;2232;560613;433902;54.1;41.9
57;2021-07-12;2441;6436;563054;440338;54.4;42.5
57;2021-07-13;4415;7506;567469;447844;54.8;43.2
57;2021-07-14;2826;3842;570295;451686;55.1;43.6
57;2021-07-15;3959;7789;574254;459475;55.4;44.4
57;2021-07-16;5642;9829;579896;469304;56.0;45.3
57;2021-07-17;5829;7287;585725;476591;56.5;46.0
57;2021-07-18;1493;2661;587218;479252;56.7;46.3
57;2021-07-19;2373;6205;589591;485457;56.9;46.9
57;2021-07-20;4326;6913;593917;492370;57.3;47.5
57;2021-07-21;5302;6904;599219;499274;57.8;48.2
57;2021-07-22;5959;5960;605178;505234;58.4;48.8
57;2021-07-23;7022;6408;612200;511642;59.1;49.4
57;2021-07-24;4536;7036;616736;518678;59.5;50.1
57;2021-07-25;1335;1770;618071;520448;59.7;50.2
57;2021-07-26;3726;4492;621797;524940;60.0;50.7
57;2021-07-27;6869;4948;628666;529888;60.7;51.2
57;2021-07-28;7484;4565;636150;534453;61.4;51.6
57;2021-07-29;7627;4592;643777;539045;62.1;52.0
57;2021-07-30;6875;4898;650652;543943;62.8;52.5
57;2021-07-31;5708;5018;656360;548961;63.4;53.0
57;2021-08-01;2025;1115;658385;550076;63.6;53.1
57;2021-08-02;3526;3179;661911;553255;63.9;53.4
57;2021-08-03;5602;4278;667513;557533;64.4;53.8
57;2021-08-04;5231;3458;672744;560991;64.9;54.2
57;2021-08-05;5376;3777;678120;564768;65.5;54.5
57;2021-08-06;5623;4849;683743;569617;66.0;55.0
57;2021-08-07;4579;5164;688322;574781;66.4;55.5
57;2021-08-08;1476;1507;689798;576288;66.6;55.6
57;2021-08-09;2620;3174;692418;579462;66.8;55.9
57;2021-08-10;3520;3788;695938;583250;67.2;56.3
57;2021-08-11;3721;4020;699659;587270;67.5;56.7
57;2021-08-12;3155;5215;702814;592485;67.8;57.2
57;2021-08-13;3489;4731;706303;597216;68.2;57.7
57;2021-08-14;2162;5183;708465;602399;68.4;58.2
57;2021-08-15;529;1093;708994;603492;68.4;58.3
57;2021-08-16;1784;3561;710778;607053;68.6;58.6
57;2021-08-17;2372;5357;713150;612410;68.8;59.1
57;2021-08-18;2459;5374;715609;617784;69.1;59.6
57;2021-08-19;2208;5484;717817;623268;69.3;60.2
57;2021-08-20;2052;6021;719869;629289;69.5;60.8
57;2021-08-21;1866;5389;721735;634678;69.7;61.3
57;2021-08-22;458;1527;722193;636205;69.7;61.4
57;2021-08-23;1145;3716;723338;639921;69.8;61.8
57;2021-08-24;1804;5612;725142;645533;70.0;62.3
57;2021-08-25;1603;5314;726745;650847;70.2;62.8
57;2021-08-26;1591;4666;728336;655513;70.3;63.3
57;2021-08-27;1761;5892;730097;661405;70.5;63.9
57;2021-08-28;2001;5376;732098;666781;70.7;64.4
57;2021-08-29;340;1088;732438;667869;70.7;64.5
57;2021-08-30;1028;3259;733466;671128;70.8;64.8
57;2021-08-31;1528;4420;734994;675548;71.0;65.2
57;2021-09-01;1430;4145;736424;679693;71.1;65.6
57;2021-09-02;1161;3396;737585;683089;71.2;65.9
57;2021-09-03;1550;4335;739135;687424;71.4;66.4
57;2021-09-04;1676;3992;740811;691416;71.5;66.7
57;2021-09-05;379;923;741190;692339;71.6;66.8
57;2021-09-06;750;2130;741940;694469;71.6;67.0
57;2021-09-07;687;2232;742627;696701;71.7;67.3
57;2021-09-08;899;2915;743526;699616;71.8;67.5
57;2021-09-09;593;2353;744119;701969;71.8;67.8
57;2021-09-10;1068;2964;745187;704933;71.9;68.1
57;2021-09-11;1162;3243;746349;708176;72.1;68.4
57;2021-09-12;242;545;746591;708721;72.1;68.4
57;2021-09-13;578;1785;747169;710506;72.1;68.6
58;2020-12-27;0;0;0;0;0.0;0.0
58;2020-12-28;0;0;0;0;0.0;0.0
58;2020-12-29;1;0;1;0;0.0;0.0
58;2020-12-30;0;0;1;0;0.0;0.0
58;2020-12-31;0;0;1;0;0.0;0.0
58;2021-01-01;0;0;1;0;0.0;0.0
58;2021-01-02;0;0;1;0;0.0;0.0
58;2021-01-03;1;0;2;0;0.0;0.0
58;2021-01-04;0;0;2;0;0.0;0.0
58;2021-01-05;2;0;4;0;0.0;0.0
58;2021-01-06;145;0;149;0;0.1;0.0
58;2021-01-07;241;0;390;0;0.2;0.0
58;2021-01-08;63;0;453;0;0.2;0.0
58;2021-01-09;1;0;454;0;0.2;0.0
58;2021-01-10;0;0;454;0;0.2;0.0
58;2021-01-11;54;0;508;0;0.3;0.0
58;2021-01-12;258;0;766;0;0.4;0.0
58;2021-01-13;406;0;1172;0;0.6;0.0
58;2021-01-14;291;1;1463;1;0.7;0.0
58;2021-01-15;141;0;1604;1;0.8;0.0
58;2021-01-16;10;1;1614;2;0.8;0.0
58;2021-01-17;0;0;1614;2;0.8;0.0
58;2021-01-18;413;1;2027;3;1.0;0.0
58;2021-01-19;987;2;3014;5;1.5;0.0
58;2021-01-20;1206;2;4220;7;2.1;0.0
58;2021-01-21;962;4;5182;11;2.6;0.0
58;2021-01-22;779;3;5961;14;3.0;0.0
58;2021-01-23;251;0;6212;14;3.1;0.0
58;2021-01-24;2;0;6214;14;3.1;0.0
58;2021-01-25;439;0;6653;14;3.3;0.0
58;2021-01-26;650;3;7303;17;3.7;0.0
58;2021-01-27;604;44;7907;61;4.0;0.0
58;2021-01-28;756;65;8663;126;4.3;0.1
58;2021-01-29;837;5;9500;131;4.8;0.1
58;2021-01-30;281;0;9781;131;4.9;0.1
58;2021-01-31;10;0;9791;131;4.9;0.1
58;2021-02-01;200;70;9991;201;5.0;0.1
58;2021-02-02;566;79;10557;280;5.3;0.1
58;2021-02-03;279;136;10836;416;5.4;0.2
58;2021-02-04;285;85;11121;501;5.6;0.3
58;2021-02-05;184;88;11305;589;5.7;0.3
58;2021-02-06;89;0;11394;589;5.7;0.3
58;2021-02-07;0;0;11394;589;5.7;0.3
58;2021-02-08;306;60;11700;649;5.9;0.3
58;2021-02-09;503;300;12203;949;6.1;0.5
58;2021-02-10;350;358;12553;1307;6.3;0.7
58;2021-02-11;287;365;12840;1672;6.4;0.8
58;2021-02-12;243;192;13083;1864;6.6;0.9
58;2021-02-13;83;29;13166;1893;6.6;0.9
58;2021-02-14;0;3;13166;1896;6.6;0.9
58;2021-02-15;114;374;13280;2270;6.7;1.1
58;2021-02-16;208;727;13488;2997;6.8;1.5
58;2021-02-17;221;614;13709;3611;6.9;1.8
58;2021-02-18;187;630;13896;4241;7.0;2.1
58;2021-02-19;241;602;14137;4843;7.1;2.4
58;2021-02-20;62;175;14199;5018;7.1;2.5
58;2021-02-21;0;30;14199;5048;7.1;2.5
58;2021-02-22;78;304;14277;5352;7.2;2.7
58;2021-02-23;49;496;14326;5848;7.2;2.9
58;2021-02-24;39;508;14365;6356;7.2;3.2
58;2021-02-25;252;595;14617;6951;7.3;3.5
58;2021-02-26;246;500;14863;7451;7.4;3.7
58;2021-02-27;104;143;14967;7594;7.5;3.8
58;2021-02-28;11;8;14978;7602;7.5;3.8
58;2021-03-01;145;185;15123;7787;7.6;3.9
58;2021-03-02;416;541;15539;8328;7.8;4.2
58;2021-03-03;524;254;16063;8582;8.0;4.3
58;2021-03-04;725;256;16788;8838;8.4;4.4
58;2021-03-05;867;193;17655;9031;8.8;4.5
58;2021-03-06;578;78;18233;9109;9.1;4.6
58;2021-03-07;63;10;18296;9119;9.2;4.6
58;2021-03-08;156;274;18452;9393;9.2;4.7
58;2021-03-09;545;491;18997;9884;9.5;5.0
58;2021-03-10;838;222;19835;10106;9.9;5.1
58;2021-03-11;857;254;20692;10360;10.4;5.2
58;2021-03-12;862;190;21554;10550;10.8;5.3
58;2021-03-13;506;64;22060;10614;11.1;5.3
58;2021-03-14;34;1;22094;10615;11.1;5.3
58;2021-03-15;528;107;22622;10722;11.3;5.4
58;2021-03-16;726;221;23348;10943;11.7;5.5
58;2021-03-17;756;189;24104;11132;12.1;5.6
58;2021-03-18;584;172;24688;11304;12.4;5.7
58;2021-03-19;539;98;25227;11402;12.6;5.7
58;2021-03-20;322;64;25549;11466;12.8;5.7
58;2021-03-21;17;0;25566;11466;12.8;5.7
58;2021-03-22;795;25;26361;11491;13.2;5.8
58;2021-03-23;1636;42;27997;11533;14.0;5.8
58;2021-03-24;1369;75;29366;11608;14.7;5.8
58;2021-03-25;1840;45;31206;11653;15.6;5.8
58;2021-03-26;1414;55;32620;11708;16.3;5.9
58;2021-03-27;358;8;32978;11716;16.5;5.9
58;2021-03-28;20;0;32998;11716;16.5;5.9
58;2021-03-29;637;150;33635;11866;16.9;5.9
58;2021-03-30;1186;254;34821;12120;17.4;6.1
58;2021-03-31;1116;392;35937;12512;18.0;6.3
58;2021-04-01;1548;402;37485;12914;18.8;6.5
58;2021-04-02;1464;361;38949;13275;19.5;6.7
58;2021-04-03;568;149;39517;13424;19.8;6.7
58;2021-04-04;1;1;39518;13425;19.8;6.7
58;2021-04-05;47;0;39565;13425;19.8;6.7
58;2021-04-06;824;343;40389;13768;20.2;6.9
58;2021-04-07;695;550;41084;14318;20.6;7.2
58;2021-04-08;1493;427;42577;14745;21.3;7.4
58;2021-04-09;1774;486;44351;15231;22.2;7.6
58;2021-04-10;652;201;45003;15432;22.5;7.7
58;2021-04-11;17;3;45020;15435;22.6;7.7
58;2021-04-12;1117;502;46137;15937;23.1;8.0
58;2021-04-13;1436;629;47573;16566;23.8;8.3
58;2021-04-14;1339;677;48912;17243;24.5;8.6
58;2021-04-15;1433;600;50345;17843;25.2;8.9
58;2021-04-16;1734;513;52079;18356;26.1;9.2
58;2021-04-17;722;233;52801;18589;26.5;9.3
58;2021-04-18;20;7;52821;18596;26.5;9.3
58;2021-04-19;531;602;53352;19198;26.7;9.6
58;2021-04-20;486;1120;53838;20318;27.0;10.2
58;2021-04-21;629;967;54467;21285;27.3;10.7
58;2021-04-22;767;1519;55234;22804;27.7;11.4
58;2021-04-23;919;784;56153;23588;28.1;11.8
58;2021-04-24;211;206;56364;23794;28.2;11.9
58;2021-04-25;109;9;56473;23803;28.3;11.9
58;2021-04-26;762;247;57235;24050;28.7;12.0
58;2021-04-27;1499;1106;58734;25156;29.4;12.6
58;2021-04-28;1536;1043;60270;26199;30.2;13.1
58;2021-04-29;1442;1039;61712;27238;30.9;13.6
58;2021-04-30;1257;938;62969;28176;31.5;14.1
58;2021-05-01;6;17;62975;28193;31.6;14.1
58;2021-05-02;4;2;62979;28195;31.6;14.1
58;2021-05-03;1042;407;64021;28602;32.1;14.3
58;2021-05-04;1074;1344;65095;29946;32.6;15.0
58;2021-05-05;955;1092;66050;31038;33.1;15.6
58;2021-05-06;1363;1053;67413;32091;33.8;16.1
58;2021-05-07;1111;1088;68524;33179;34.3;16.6
58;2021-05-08;59;60;68583;33239;34.4;16.7
58;2021-05-09;7;21;68590;33260;34.4;16.7
58;2021-05-10;875;991;69465;34251;34.8;17.2
58;2021-05-11;1185;1981;70650;36232;35.4;18.2
58;2021-05-12;1661;1557;72311;37789;36.2;18.9
58;2021-05-13;49;183;72360;37972;36.3;19.0
58;2021-05-14;2311;907;74671;38879;37.4;19.5
58;2021-05-15;1726;456;76397;39335;38.3;19.7
58;2021-05-16;118;33;76515;39368;38.3;19.7
58;2021-05-17;793;611;77308;39979;38.7;20.0
58;2021-05-18;1332;1180;78640;41159;39.4;20.6
58;2021-05-19;1737;548;80377;41707;40.3;20.9
58;2021-05-20;1701;673;82078;42380;41.1;21.2
58;2021-05-21;854;719;82932;43099;41.5;21.6
58;2021-05-22;304;237;83236;43336;41.7;21.7
58;2021-05-23;2;21;83238;43357;41.7;21.7
58;2021-05-24;21;41;83259;43398;41.7;21.7
58;2021-05-25;1386;1155;84645;44553;42.4;22.3
58;2021-05-26;845;835;85490;45388;42.8;22.7
58;2021-05-27;753;935;86243;46323;43.2;23.2
58;2021-05-28;429;907;86672;47230;43.4;23.7
58;2021-05-29;151;209;86823;47439;43.5;23.8
58;2021-05-30;21;19;86844;47458;43.5;23.8
58;2021-05-31;757;392;87601;47850;43.9;24.0
58;2021-06-01;1373;1646;88974;49496;44.6;24.8
58;2021-06-02;1468;1049;90442;50545;45.3;25.3
58;2021-06-03;1024;956;91466;51501;45.8;25.8
58;2021-06-04;843;902;92309;52403;46.2;26.3
58;2021-06-05;272;263;92581;52666;46.4;26.4
58;2021-06-06;26;45;92607;52711;46.4;26.4
58;2021-06-07;712;791;93319;53502;46.8;26.8
58;2021-06-08;1324;1758;94643;55260;47.4;27.7
58;2021-06-09;1419;1007;96062;56267;48.1;28.2
58;2021-06-10;1109;974;97171;57241;48.7;28.7
58;2021-06-11;1030;907;98201;58148;49.2;29.1
58;2021-06-12;1056;415;99257;58563;49.7;29.3
58;2021-06-13;36;33;99293;58596;49.7;29.4
58;2021-06-14;516;1016;99809;59612;50.0;29.9
58;2021-06-15;1595;1757;101404;61369;50.8;30.7
58;2021-06-16;1806;992;103210;62361;51.7;31.2
58;2021-06-17;2023;1104;105233;63465;52.7;31.8
58;2021-06-18;988;1062;106221;64527;53.2;32.3
58;2021-06-19;581;319;106802;64846;53.5;32.5
58;2021-06-20;9;2;106811;64848;53.5;32.5
58;2021-06-21;472;553;107283;65401;53.8;32.8
58;2021-06-22;1028;1963;108311;67364;54.3;33.8
58;2021-06-23;1478;1510;109789;68874;55.0;34.5
58;2021-06-24;728;1023;110517;69897;55.4;35.0
58;2021-06-25;826;1720;111343;71617;55.8;35.9
58;2021-06-26;554;1229;111897;72846;56.1;36.5
58;2021-06-27;18;22;111915;72868;56.1;36.5
58;2021-06-28;463;987;112378;73855;56.3;37.0
58;2021-06-29;623;2161;113001;76016;56.6;38.1
58;2021-06-30;999;1624;114000;77640;57.1;38.9
58;2021-07-01;760;1670;114760;79310;57.5;39.7
58;2021-07-02;444;849;115204;80159;57.7;40.2
58;2021-07-03;249;512;115453;80671;57.8;40.4
58;2021-07-04;12;30;115465;80701;57.8;40.4
58;2021-07-05;511;765;115976;81466;58.1;40.8
58;2021-07-06;695;2121;116671;83587;58.5;41.9
58;2021-07-07;389;947;117060;84534;58.6;42.4
58;2021-07-08;399;1018;117459;85552;58.8;42.9
58;2021-07-09;709;1417;118168;86969;59.2;43.6
58;2021-07-10;260;412;118428;87381;59.3;43.8
58;2021-07-11;175;52;118603;87433;59.4;43.8
58;2021-07-12;197;965;118800;88398;59.5;44.3
58;2021-07-13;932;2502;119732;90900;60.0;45.5
58;2021-07-14;27;58;119759;90958;60.0;45.6
58;2021-07-15;1135;1936;120894;92894;60.6;46.5
58;2021-07-16;1412;1443;122306;94337;61.3;47.3
58;2021-07-17;463;287;122769;94624;61.5;47.4
58;2021-07-18;102;21;122871;94645;61.6;47.4
58;2021-07-19;1654;987;124525;95632;62.4;47.9
58;2021-07-20;1407;2454;125932;98086;63.1;49.1
58;2021-07-21;1177;2008;127109;100094;63.7;50.1
58;2021-07-22;1144;1670;128253;101764;64.3;51.0
58;2021-07-23;1265;1446;129518;103210;64.9;51.7
58;2021-07-24;1001;1271;130519;104481;65.4;52.3
58;2021-07-25;89;39;130608;104520;65.4;52.4
58;2021-07-26;981;860;131589;105380;65.9;52.8
58;2021-07-27;1568;2572;133157;107952;66.7;54.1
58;2021-07-28;1573;1971;134730;109923;67.5;55.1
58;2021-07-29;1582;1620;136312;111543;68.3;55.9
58;2021-07-30;1466;1427;137778;112970;69.0;56.6
58;2021-07-31;569;524;138347;113494;69.3;56.9
58;2021-08-01;35;13;138382;113507;69.3;56.9
58;2021-08-02;1589;858;139971;114365;70.1;57.3
58;2021-08-03;2051;1778;142022;116143;71.2;58.2
58;2021-08-04;1309;1185;143331;117328;71.8;58.8
58;2021-08-05;1621;1175;144952;118503;72.6;59.4
58;2021-08-06;1359;1032;146311;119535;73.3;59.9
58;2021-08-07;318;400;146629;119935;73.5;60.1
58;2021-08-08;30;58;146659;119993;73.5;60.1
58;2021-08-09;1084;1387;147743;121380;74.0;60.8
58;2021-08-10;1780;1387;149523;122767;74.9;61.5
58;2021-08-11;1134;779;150657;123546;75.5;61.9
58;2021-08-12;1067;1108;151724;124654;76.0;62.5
58;2021-08-13;930;954;152654;125608;76.5;62.9
58;2021-08-14;233;317;152887;125925;76.6;63.1
58;2021-08-15;13;27;152900;125952;76.6;63.1
58;2021-08-16;310;1403;153210;127355;76.8;63.8
58;2021-08-17;805;1337;154015;128692;77.2;64.5
58;2021-08-18;765;1172;154780;129864;77.5;65.1
58;2021-08-19;728;1341;155508;131205;77.9;65.7
58;2021-08-20;706;1295;156214;132500;78.3;66.4
58;2021-08-21;252;476;156466;132976;78.4;66.6
58;2021-08-22;9;86;156475;133062;78.4;66.7
58;2021-08-23;418;814;156893;133876;78.6;67.1
58;2021-08-24;512;1480;157405;135356;78.9;67.8
58;2021-08-25;436;1543;157841;136899;79.1;68.6
58;2021-08-26;551;1732;158392;138631;79.4;69.5
58;2021-08-27;491;1563;158883;140194;79.6;70.2
58;2021-08-28;241;640;159124;140834;79.7;70.6
58;2021-08-29;9;42;159133;140876;79.7;70.6
58;2021-08-30;357;808;159490;141684;79.9;71.0
58;2021-08-31;484;1608;159974;143292;80.1;71.8
58;2021-09-01;419;1676;160393;144968;80.4;72.6
58;2021-09-02;288;1361;160681;146329;80.5;73.3
58;2021-09-03;363;1564;161044;147893;80.7;74.1
58;2021-09-04;206;700;161250;148593;80.8;74.4
58;2021-09-05;3;27;161253;148620;80.8;74.5
58;2021-09-06;116;560;161369;149180;80.8;74.7
58;2021-09-07;315;986;161684;150166;81.0;75.2
58;2021-09-08;240;1327;161924;151493;81.1;75.9
58;2021-09-09;247;701;162171;152194;81.2;76.3
58;2021-09-10;253;962;162424;153156;81.4;76.7
58;2021-09-11;128;526;162552;153682;81.4;77.0
58;2021-09-12;5;17;162557;153699;81.4;77.0
58;2021-09-13;207;749;162764;154448;81.5;77.4
59;2020-12-27;1;0;1;0;0.0;0.0
59;2020-12-28;27;0;28;0;0.0;0.0
59;2020-12-29;0;0;28;0;0.0;0.0
59;2020-12-30;0;0;28;0;0.0;0.0
59;2020-12-31;1;0;29;0;0.0;0.0
59;2021-01-01;3;0;32;0;0.0;0.0
59;2021-01-02;3;0;35;0;0.0;0.0
59;2021-01-03;4;0;39;0;0.0;0.0
59;2021-01-04;79;0;118;0;0.0;0.0
59;2021-01-05;217;0;335;0;0.0;0.0
59;2021-01-06;429;1;764;1;0.0;0.0
59;2021-01-07;1314;0;2078;1;0.1;0.0
59;2021-01-08;1262;5;3340;6;0.1;0.0
59;2021-01-09;609;3;3949;9;0.2;0.0
59;2021-01-10;428;0;4377;9;0.2;0.0
59;2021-01-11;1847;5;6224;14;0.2;0.0
59;2021-01-12;2471;2;8695;16;0.3;0.0
59;2021-01-13;2367;2;11062;18;0.4;0.0
59;2021-01-14;2758;21;13820;39;0.5;0.0
59;2021-01-15;2275;15;16095;54;0.6;0.0
59;2021-01-16;771;1;16866;55;0.7;0.0
59;2021-01-17;560;1;17426;56;0.7;0.0
59;2021-01-18;3511;13;20937;69;0.8;0.0
59;2021-01-19;4758;7;25695;76;1.0;0.0
59;2021-01-20;4134;12;29829;88;1.2;0.0
59;2021-01-21;4730;31;34559;119;1.3;0.0
59;2021-01-22;4024;10;38583;129;1.5;0.0
59;2021-01-23;1215;3;39798;132;1.5;0.0
59;2021-01-24;170;0;39968;132;1.5;0.0
59;2021-01-25;2729;50;42697;182;1.6;0.0
59;2021-01-26;2811;129;45508;311;1.8;0.0
59;2021-01-27;1736;288;47244;599;1.8;0.0
59;2021-01-28;3399;722;50643;1321;2.0;0.1
59;2021-01-29;2541;738;53184;2059;2.1;0.1
59;2021-01-30;288;144;53472;2203;2.1;0.1
59;2021-01-31;24;0;53496;2203;2.1;0.1
59;2021-02-01;79;760;53575;2963;2.1;0.1
59;2021-02-02;686;1362;54261;4325;2.1;0.2
59;2021-02-03;3749;1357;58010;5682;2.2;0.2
59;2021-02-04;2965;1610;60975;7292;2.4;0.3
59;2021-02-05;1053;1287;62028;8579;2.4;0.3
59;2021-02-06;206;301;62234;8880;2.4;0.3
59;2021-02-07;268;49;62502;8929;2.4;0.3
59;2021-02-08;683;1378;63185;10307;2.4;0.4
59;2021-02-09;1014;1549;64199;11856;2.5;0.5
59;2021-02-10;976;1408;65175;13264;2.5;0.5
59;2021-02-11;1347;1606;66522;14870;2.6;0.6
59;2021-02-12;1414;1426;67936;16296;2.6;0.6
59;2021-02-13;207;601;68143;16897;2.6;0.7
59;2021-02-14;13;41;68156;16938;2.6;0.7
59;2021-02-15;1395;2222;69551;19160;2.7;0.7
59;2021-02-16;1436;2724;70987;21884;2.7;0.8
59;2021-02-17;1622;2826;72609;24710;2.8;1.0
59;2021-02-18;3106;4290;75715;29000;2.9;1.1
59;2021-02-19;3211;3105;78926;32105;3.0;1.2
59;2021-02-20;1414;1279;80340;33384;3.1;1.3
59;2021-02-21;242;236;80582;33620;3.1;1.3
59;2021-02-22;1429;2033;82011;35653;3.2;1.4
59;2021-02-23;2659;2404;84670;38057;3.3;1.5
59;2021-02-24;4108;3763;88778;41820;3.4;1.6
59;2021-02-25;6916;3493;95694;45313;3.7;1.8
59;2021-02-26;6496;1706;102190;47019;3.9;1.8
59;2021-02-27;3096;183;105286;47202;4.1;1.8
59;2021-02-28;208;60;105494;47262;4.1;1.8
59;2021-03-01;3693;578;109187;47840;4.2;1.8
59;2021-03-02;4794;523;113981;48363;4.4;1.9
59;2021-03-03;5749;937;119730;49300;4.6;1.9
59;2021-03-04;7084;885;126814;50185;4.9;1.9
59;2021-03-05;7834;901;134648;51086;5.2;2.0
59;2021-03-06;11561;477;146209;51563;5.6;2.0
59;2021-03-07;7586;323;153795;51886;5.9;2.0
59;2021-03-08;4497;1006;158292;52892;6.1;2.0
59;2021-03-09;6581;1291;164873;54183;6.4;2.1
59;2021-03-10;7027;1094;171900;55277;6.6;2.1
59;2021-03-11;9476;1816;181376;57093;7.0;2.2
59;2021-03-12;12160;1507;193536;58600;7.5;2.3
59;2021-03-13;16556;1060;210092;59660;8.1;2.3
59;2021-03-14;6965;325;217057;59985;8.4;2.3
59;2021-03-15;5616;1445;222673;61430;8.6;2.4
59;2021-03-16;3738;1303;226411;62733;8.7;2.4
59;2021-03-17;3856;2059;230267;64792;8.9;2.5
59;2021-03-18;3959;2433;234226;67225;9.0;2.6
59;2021-03-19;7742;1763;241968;68988;9.3;2.7
59;2021-03-20;16025;1268;257993;70256;10.0;2.7
59;2021-03-21;6315;445;264308;70701;10.2;2.7
59;2021-03-22;5449;1734;269757;72435;10.4;2.8
59;2021-03-23;7773;2778;277530;75213;10.7;2.9
59;2021-03-24;6860;2937;284390;78150;11.0;3.0
59;2021-03-25;10532;2535;294922;80685;11.4;3.1
59;2021-03-26;12254;2813;307176;83498;11.9;3.2
59;2021-03-27;15277;1142;322453;84640;12.5;3.3
59;2021-03-28;7985;359;330438;84999;12.8;3.3
59;2021-03-29;5495;3167;335933;88166;13.0;3.4
59;2021-03-30;7540;3727;343473;91893;13.3;3.5
59;2021-03-31;6157;4073;349630;95966;13.5;3.7
59;2021-04-01;7490;4904;357120;100870;13.8;3.9
59;2021-04-02;7647;5498;364767;106368;14.1;4.1
59;2021-04-03;13018;4292;377785;110660;14.6;4.3
59;2021-04-04;5349;2175;383134;112835;14.8;4.4
59;2021-04-05;6020;1528;389154;114363;15.0;4.4
59;2021-04-06;5406;4476;394560;118839;15.2;4.6
59;2021-04-07;7625;5415;402185;124254;15.5;4.8
59;2021-04-08;10395;5735;412580;129989;15.9;5.0
59;2021-04-09;13419;5919;425999;135908;16.5;5.2
59;2021-04-10;11479;6126;437478;142034;16.9;5.5
59;2021-04-11;4637;3556;442115;145590;17.1;5.6
59;2021-04-12;6305;4343;448420;149933;17.3;5.8
59;2021-04-13;8934;4786;457354;154719;17.7;6.0
59;2021-04-14;8789;4341;466143;159060;18.0;6.1
59;2021-04-15;10310;4848;476453;163908;18.4;6.3
59;2021-04-16;10880;5496;487333;169404;18.8;6.5
59;2021-04-17;7299;9070;494632;178474;19.1;6.9
59;2021-04-18;3235;4159;497867;182633;19.2;7.1
59;2021-04-19;5043;4287;502910;186920;19.4;7.2
59;2021-04-20;6897;4205;509807;191125;19.7;7.4
59;2021-04-21;6275;4420;516082;195545;19.9;7.6
59;2021-04-22;8613;5514;524695;201059;20.3;7.8
59;2021-04-23;8459;5678;533154;206737;20.6;8.0
59;2021-04-24;5538;8046;538692;214783;20.8;8.3
59;2021-04-25;3243;6075;541935;220858;20.9;8.5
59;2021-04-26;6492;3782;548427;224640;21.2;8.7
59;2021-04-27;8366;5158;556793;229798;21.5;8.9
59;2021-04-28;8770;6543;565563;236341;21.8;9.1
59;2021-04-29;9418;8503;574981;244844;22.2;9.5
59;2021-04-30;10606;8493;585587;253337;22.6;9.8
59;2021-05-01;11999;7594;597586;260931;23.1;10.1
59;2021-05-02;8646;5989;606232;266920;23.4;10.3
59;2021-05-03;9555;5053;615787;271973;23.8;10.5
59;2021-05-04;11424;5971;627211;277944;24.2;10.7
59;2021-05-05;10296;6203;637507;284147;24.6;11.0
59;2021-05-06;11198;8431;648705;292578;25.1;11.3
59;2021-05-07;13299;9568;662004;302146;25.6;11.7
59;2021-05-08;14746;4164;676750;306310;26.1;11.8
59;2021-05-09;11492;3329;688242;309639;26.6;12.0
59;2021-05-10;12747;6626;700989;316265;27.1;12.2
59;2021-05-11;15113;8308;716102;324573;27.7;12.5
59;2021-05-12;16630;8631;732732;333204;28.3;12.9
59;2021-05-13;18443;3456;751175;336660;29.0;13.0
59;2021-05-14;15781;6959;766956;343619;29.6;13.3
59;2021-05-15;23450;5282;790406;348901;30.5;13.5
59;2021-05-16;21184;2414;811590;351315;31.3;13.6
59;2021-05-17;15073;5266;826663;356581;31.9;13.8
59;2021-05-18;16928;5669;843591;362250;32.6;14.0
59;2021-05-19;18323;5105;861914;367355;33.3;14.2
59;2021-05-20;17934;6986;879848;374341;34.0;14.5
59;2021-05-21;18372;8270;898220;382611;34.7;14.8
59;2021-05-22;23816;5674;922036;388285;35.6;15.0
59;2021-05-23;17922;2274;939958;390559;36.3;15.1
59;2021-05-24;16691;2138;956649;392697;37.0;15.2
59;2021-05-25;14991;6661;971640;399358;37.5;15.4
59;2021-05-26;15895;7033;987535;406391;38.1;15.7
59;2021-05-27;16153;9159;1003688;415550;38.8;16.1
59;2021-05-28;15887;11425;1019575;426975;39.4;16.5
59;2021-05-29;14376;8691;1033951;435666;39.9;16.8
59;2021-05-30;8407;1841;1042358;437507;40.3;16.9
59;2021-05-31;14211;7946;1056569;445453;40.8;17.2
59;2021-06-01;15096;10367;1071665;455820;41.4;17.6
59;2021-06-02;14772;9902;1086437;465722;42.0;18.0
59;2021-06-03;15633;12097;1102070;477819;42.6;18.5
59;2021-06-04;15616;13444;1117686;491263;43.2;19.0
59;2021-06-05;14984;9341;1132670;500604;43.7;19.3
59;2021-06-06;8832;3205;1141502;503809;44.1;19.5
59;2021-06-07;10529;9420;1152031;513229;44.5;19.8
59;2021-06-08;11765;11077;1163796;524306;45.0;20.3
59;2021-06-09;10765;11891;1174561;536197;45.4;20.7
59;2021-06-10;11504;12308;1186065;548505;45.8;21.2
59;2021-06-11;10979;15982;1197044;564487;46.2;21.8
59;2021-06-12;11074;13676;1208118;578163;46.7;22.3
59;2021-06-13;6345;7030;1214463;585193;46.9;22.6
59;2021-06-14;6510;12675;1220973;597868;47.2;23.1
59;2021-06-15;8237;15945;1229210;613813;47.5;23.7
59;2021-06-16;9205;13543;1238415;627356;47.8;24.2
59;2021-06-17;9190;15648;1247605;643004;48.2;24.8
59;2021-06-18;9089;20063;1256694;663067;48.5;25.6
59;2021-06-19;8957;17486;1265651;680553;48.9;26.3
59;2021-06-20;4901;10190;1270552;690743;49.1;26.7
59;2021-06-21;5280;15966;1275832;706709;49.3;27.3
59;2021-06-22;6335;18675;1282167;725384;49.5;28.0
59;2021-06-23;6168;19083;1288335;744467;49.8;28.8
59;2021-06-24;7340;20522;1295675;764989;50.0;29.5
59;2021-06-25;6509;21200;1302184;786189;50.3;30.4
59;2021-06-26;6488;23745;1308672;809934;50.5;31.3
59;2021-06-27;4755;17078;1313427;827012;50.7;31.9
59;2021-06-28;5006;19816;1318433;846828;50.9;32.7
59;2021-06-29;5553;20378;1323986;867206;51.1;33.5
59;2021-06-30;6134;20098;1330120;887304;51.4;34.3
59;2021-07-01;6795;20840;1336915;908144;51.6;35.1
59;2021-07-02;6842;23245;1343757;931389;51.9;36.0
59;2021-07-03;5564;24614;1349321;956003;52.1;36.9
59;2021-07-04;4418;15977;1353739;971980;52.3;37.5
59;2021-07-05;5674;17487;1359413;989467;52.5;38.2
59;2021-07-06;6611;18799;1366024;1008266;52.8;38.9
59;2021-07-07;6947;17452;1372971;1025718;53.0;39.6
59;2021-07-08;8028;17687;1380999;1043405;53.3;40.3
59;2021-07-09;7706;20298;1388705;1063703;53.6;41.1
59;2021-07-10;7450;18540;1396155;1082243;53.9;41.8
59;2021-07-11;4450;10230;1400605;1092473;54.1;42.2
59;2021-07-12;5915;18047;1406520;1110520;54.3;42.9
59;2021-07-13;9914;20766;1416434;1131286;54.7;43.7
59;2021-07-14;9785;8457;1426219;1139743;55.1;44.0
59;2021-07-15;11636;20394;1437855;1160137;55.5;44.8
59;2021-07-16;13224;20496;1451079;1180633;56.0;45.6
59;2021-07-17;12400;17465;1463479;1198098;56.5;46.3
59;2021-07-18;7966;8684;1471445;1206782;56.8;46.6
59;2021-07-19;10404;16449;1481849;1223231;57.2;47.2
59;2021-07-20;13417;17126;1495266;1240357;57.8;47.9
59;2021-07-21;14528;15597;1509794;1255954;58.3;48.5
59;2021-07-22;17070;15200;1526864;1271154;59.0;49.1
59;2021-07-23;15735;15830;1542599;1286984;59.6;49.7
59;2021-07-24;16357;12295;1558956;1299279;60.2;50.2
59;2021-07-25;11920;7335;1570876;1306614;60.7;50.5
59;2021-07-26;13046;12610;1583922;1319224;61.2;51.0
59;2021-07-27;16246;11975;1600168;1331199;61.8;51.4
59;2021-07-28;17456;11661;1617624;1342860;62.5;51.9
59;2021-07-29;17429;11665;1635053;1354525;63.2;52.3
59;2021-07-30;15920;11607;1650973;1366132;63.8;52.8
59;2021-07-31;14018;9205;1664991;1375337;64.3;53.1
59;2021-08-01;9961;4567;1674952;1379904;64.7;53.3
59;2021-08-02;12196;10024;1687148;1389928;65.2;53.7
59;2021-08-03;13447;10049;1700595;1399977;65.7;54.1
59;2021-08-04;11233;8281;1711828;1408258;66.1;54.4
59;2021-08-05;12714;9784;1724542;1418042;66.6;54.8
59;2021-08-06;12557;11036;1737099;1429078;67.1;55.2
59;2021-08-07;9739;9298;1746838;1438376;67.5;55.6
59;2021-08-08;6959;5263;1753797;1443639;67.7;55.8
59;2021-08-09;8399;10819;1762196;1454458;68.1;56.2
59;2021-08-10;10398;10769;1772594;1465227;68.5;56.6
59;2021-08-11;8658;9316;1781252;1474543;68.8;57.0
59;2021-08-12;8995;12067;1790247;1486610;69.1;57.4
59;2021-08-13;8613;11743;1798860;1498353;69.5;57.9
59;2021-08-14;5950;10390;1804810;1508743;69.7;58.3
59;2021-08-15;3372;4662;1808182;1513405;69.8;58.5
59;2021-08-16;5863;13862;1814045;1527267;70.1;59.0
59;2021-08-17;6946;12759;1820991;1540026;70.3;59.5
59;2021-08-18;5897;11464;1826888;1551490;70.6;59.9
59;2021-08-19;6332;13863;1833220;1565353;70.8;60.5
59;2021-08-20;5818;14570;1839038;1579923;71.0;61.0
59;2021-08-21;4175;10289;1843213;1590212;71.2;61.4
59;2021-08-22;2844;7649;1846057;1597861;71.3;61.7
59;2021-08-23;4767;15722;1850824;1613583;71.5;62.3
59;2021-08-24;5272;15182;1856096;1628765;71.7;62.9
59;2021-08-25;4644;13078;1860740;1641843;71.9;63.4
59;2021-08-26;5177;14335;1865917;1656178;72.1;64.0
59;2021-08-27;4962;15408;1870879;1671586;72.3;64.6
59;2021-08-28;3792;12367;1874671;1683953;72.4;65.0
59;2021-08-29;1930;8430;1876601;1692383;72.5;65.4
59;2021-08-30;3842;12924;1880443;1705307;72.6;65.9
59;2021-08-31;3793;12934;1884236;1718241;72.8;66.4
59;2021-09-01;3265;10700;1887501;1728941;72.9;66.8
59;2021-09-02;3170;10938;1890671;1739879;73.0;67.2
59;2021-09-03;3774;12119;1894445;1751998;73.2;67.7
59;2021-09-04;3383;9957;1897828;1761955;73.3;68.1
59;2021-09-05;1202;3654;1899030;1765609;73.4;68.2
59;2021-09-06;2131;7327;1901161;1772936;73.4;68.5
59;2021-09-07;2224;7039;1903385;1779975;73.5;68.8
59;2021-09-08;2553;7495;1905938;1787470;73.6;69.0
59;2021-09-09;2406;6693;1908344;1794163;73.7;69.3
59;2021-09-10;3255;8072;1911599;1802235;73.8;69.6
59;2021-09-11;2568;7482;1914167;1809717;73.9;69.9
59;2021-09-12;909;2909;1915076;1812626;74.0;70.0
59;2021-09-13;1927;5463;1917003;1818089;74.0;70.2
60;2020-12-27;0;0;0;0;0.0;0.0
60;2020-12-28;0;0;0;0;0.0;0.0
60;2020-12-29;1;0;1;0;0.0;0.0
60;2020-12-30;0;0;1;0;0.0;0.0
60;2020-12-31;0;0;1;0;0.0;0.0
60;2021-01-01;0;0;1;0;0.0;0.0
60;2021-01-02;5;0;6;0;0.0;0.0
60;2021-01-03;1;0;7;0;0.0;0.0
60;2021-01-04;1;0;8;0;0.0;0.0
60;2021-01-05;37;0;45;0;0.0;0.0
60;2021-01-06;188;3;233;3;0.0;0.0
60;2021-01-07;236;4;469;7;0.1;0.0
60;2021-01-08;380;3;849;10;0.1;0.0
60;2021-01-09;3;0;852;10;0.1;0.0
60;2021-01-10;60;0;912;10;0.1;0.0
60;2021-01-11;345;2;1257;12;0.2;0.0
60;2021-01-12;536;2;1793;14;0.2;0.0
60;2021-01-13;476;5;2269;19;0.3;0.0
60;2021-01-14;507;6;2776;25;0.3;0.0
60;2021-01-15;702;7;3478;32;0.4;0.0
60;2021-01-16;124;1;3602;33;0.4;0.0
60;2021-01-17;32;0;3634;33;0.4;0.0
60;2021-01-18;860;7;4494;40;0.5;0.0
60;2021-01-19;1203;11;5697;51;0.7;0.0
60;2021-01-20;1717;11;7414;62;0.9;0.0
60;2021-01-21;2264;8;9678;70;1.2;0.0
60;2021-01-22;1543;14;11221;84;1.4;0.0
60;2021-01-23;499;4;11720;88;1.4;0.0
60;2021-01-24;61;1;11781;89;1.4;0.0
60;2021-01-25;897;14;12678;103;1.5;0.0
60;2021-01-26;950;15;13628;118;1.7;0.0
60;2021-01-27;646;6;14274;124;1.7;0.0
60;2021-01-28;395;164;14669;288;1.8;0.0
60;2021-01-29;77;98;14746;386;1.8;0.0
60;2021-01-30;0;1;14746;387;1.8;0.0
60;2021-01-31;22;59;14768;446;1.8;0.1
60;2021-02-01;39;102;14807;548;1.8;0.1
60;2021-02-02;26;145;14833;693;1.8;0.1
60;2021-02-03;165;231;14998;924;1.8;0.1
60;2021-02-04;170;332;15168;1256;1.8;0.2
60;2021-02-05;315;467;15483;1723;1.9;0.2
60;2021-02-06;65;76;15548;1799;1.9;0.2
60;2021-02-07;31;31;15579;1830;1.9;0.2
60;2021-02-08;329;488;15908;2318;1.9;0.3
60;2021-02-09;319;439;16227;2757;2.0;0.3
60;2021-02-10;555;955;16782;3712;2.0;0.4
60;2021-02-11;942;1074;17724;4786;2.1;0.6
60;2021-02-12;914;824;18638;5610;2.3;0.7
60;2021-02-13;91;291;18729;5901;2.3;0.7
60;2021-02-14;24;82;18753;5983;2.3;0.7
60;2021-02-15;612;657;19365;6640;2.3;0.8
60;2021-02-16;580;806;19945;7446;2.4;0.9
60;2021-02-17;633;804;20578;8250;2.5;1.0
60;2021-02-18;684;713;21262;8963;2.6;1.1
60;2021-02-19;641;656;21903;9619;2.7;1.2
60;2021-02-20;104;163;22007;9782;2.7;1.2
60;2021-02-21;23;101;22030;9883;2.7;1.2
60;2021-02-22;461;754;22491;10637;2.7;1.3
60;2021-02-23;535;681;23026;11318;2.8;1.4
60;2021-02-24;794;473;23820;11791;2.9;1.4
60;2021-02-25;1095;266;24915;12057;3.0;1.5
60;2021-02-26;1300;175;26215;12232;3.2;1.5
60;2021-02-27;666;35;26881;12267;3.3;1.5
60;2021-02-28;7;10;26888;12277;3.3;1.5
60;2021-03-01;894;47;27782;12324;3.4;1.5
60;2021-03-02;1013;161;28795;12485;3.5;1.5
60;2021-03-03;1322;427;30117;12912;3.7;1.6
60;2021-03-04;1725;483;31842;13395;3.9;1.6
60;2021-03-05;1822;283;33664;13678;4.1;1.7
60;2021-03-06;1920;141;35584;13819;4.3;1.7
60;2021-03-07;885;31;36469;13850;4.4;1.7
60;2021-03-08;978;300;37447;14150;4.5;1.7
60;2021-03-09;1642;335;39089;14485;4.7;1.8
60;2021-03-10;1938;411;41027;14896;5.0;1.8
60;2021-03-11;2325;370;43352;15266;5.3;1.9
60;2021-03-12;2596;536;45948;15802;5.6;1.9
60;2021-03-13;3839;207;49787;16009;6.0;1.9
60;2021-03-14;1782;59;51569;16068;6.3;1.9
60;2021-03-15;2090;489;53659;16557;6.5;2.0
60;2021-03-16;1583;619;55242;17176;6.7;2.1
60;2021-03-17;1658;609;56900;17785;6.9;2.2
60;2021-03-18;1759;731;58659;18516;7.1;2.2
60;2021-03-19;2591;524;61250;19040;7.4;2.3
60;2021-03-20;3241;191;64491;19231;7.8;2.3
60;2021-03-21;2125;98;66616;19329;8.1;2.3
60;2021-03-22;2133;708;68749;20037;8.3;2.4
60;2021-03-23;3308;715;72057;20752;8.7;2.5
60;2021-03-24;3070;866;75127;21618;9.1;2.6
60;2021-03-25;3849;843;78976;22461;9.6;2.7
60;2021-03-26;4217;868;83193;23329;10.1;2.8
60;2021-03-27;4142;321;87335;23650;10.6;2.9
60;2021-03-28;2450;85;89785;23735;10.9;2.9
60;2021-03-29;2612;1080;92397;24815;11.2;3.0
60;2021-03-30;3285;1072;95682;25887;11.6;3.1
60;2021-03-31;2668;1138;98350;27025;11.9;3.3
60;2021-04-01;2562;1102;100912;28127;12.2;3.4
60;2021-04-02;3308;1112;104220;29239;12.6;3.5
60;2021-04-03;3171;1010;107391;30249;13.0;3.7
60;2021-04-04;876;485;108267;30734;13.1;3.7
60;2021-04-05;459;82;108726;30816;13.2;3.7
60;2021-04-06;1966;1620;110692;32436;13.4;3.9
60;2021-04-07;1984;1745;112676;34181;13.7;4.1
60;2021-04-08;2612;1495;115288;35676;14.0;4.3
60;2021-04-09;2999;1522;118287;37198;14.3;4.5
60;2021-04-10;2928;1585;121215;38783;14.7;4.7
60;2021-04-11;1046;998;122261;39781;14.8;4.8
60;2021-04-12;2045;1719;124306;41500;15.1;5.0
60;2021-04-13;2749;1784;127055;43284;15.4;5.2
60;2021-04-14;3144;1821;130199;45105;15.8;5.5
60;2021-04-15;3561;1895;133760;47000;16.2;5.7
60;2021-04-16;3292;1952;137052;48952;16.6;5.9
60;2021-04-17;2849;2169;139901;51121;17.0;6.2
60;2021-04-18;573;1833;140474;52954;17.0;6.4
60;2021-04-19;1742;2211;142216;55165;17.2;6.7
60;2021-04-20;2130;2678;144346;57843;17.5;7.0
60;2021-04-21;2653;2207;146999;60050;17.8;7.3
60;2021-04-22;2631;2507;149630;62557;18.1;7.6
60;2021-04-23;2650;2500;152280;65057;18.5;7.9
60;2021-04-24;2471;3452;154751;68509;18.8;8.3
60;2021-04-25;1160;1960;155911;70469;18.9;8.5
60;2021-04-26;1890;2526;157801;72995;19.1;8.8
60;2021-04-27;2311;2840;160112;75835;19.4;9.2
60;2021-04-28;3061;2393;163173;78228;19.8;9.5
60;2021-04-29;3154;2622;166327;80850;20.2;9.8
60;2021-04-30;3459;2957;169786;83807;20.6;10.2
60;2021-05-01;2355;1123;172141;84930;20.9;10.3
60;2021-05-02;2148;845;174289;85775;21.1;10.4
60;2021-05-03;2956;1855;177245;87630;21.5;10.6
60;2021-05-04;3018;2356;180263;89986;21.8;10.9
60;2021-05-05;3260;2810;183523;92796;22.2;11.2
60;2021-05-06;3649;2480;187172;95276;22.7;11.5
60;2021-05-07;3986;2513;191158;97789;23.2;11.9
60;2021-05-08;3583;968;194741;98757;23.6;12.0
60;2021-05-09;3460;956;198201;99713;24.0;12.1
60;2021-05-10;2392;2294;200593;102007;24.3;12.4
60;2021-05-11;3670;2464;204263;104471;24.8;12.7
60;2021-05-12;4718;2550;208981;107021;25.3;13.0
60;2021-05-13;5292;1129;214273;108150;26.0;13.1
60;2021-05-14;5603;1804;219876;109954;26.6;13.3
60;2021-05-15;6173;1718;226049;111672;27.4;13.5
60;2021-05-16;4861;691;230910;112363;28.0;13.6
60;2021-05-17;3716;1677;234626;114040;28.4;13.8
60;2021-05-18;4048;2081;238674;116121;28.9;14.1
60;2021-05-19;5098;1858;243772;117979;29.5;14.3
60;2021-05-20;5461;1790;249233;119769;30.2;14.5
60;2021-05-21;5974;1975;255207;121744;30.9;14.8
60;2021-05-22;5356;1972;260563;123716;31.6;15.0
60;2021-05-23;4267;658;264830;124374;32.1;15.1
60;2021-05-24;2951;534;267781;124908;32.5;15.1
60;2021-05-25;4139;2004;271920;126912;33.0;15.4
60;2021-05-26;4467;1835;276387;128747;33.5;15.6
60;2021-05-27;4613;1995;281000;130742;34.1;15.8
60;2021-05-28;4627;2492;285627;133234;34.6;16.1
60;2021-05-29;4612;2268;290239;135502;35.2;16.4
60;2021-05-30;1086;347;291325;135849;35.3;16.5
60;2021-05-31;3831;2084;295156;137933;35.8;16.7
60;2021-06-01;4445;2844;299601;140777;36.3;17.1
60;2021-06-02;3916;2445;303517;143222;36.8;17.4
60;2021-06-03;3905;2370;307422;145592;37.3;17.6
60;2021-06-04;4652;2904;312074;148496;37.8;18.0
60;2021-06-05;4303;3421;316377;151917;38.3;18.4
60;2021-06-06;2159;794;318536;152711;38.6;18.5
60;2021-06-07;2777;2761;321313;155472;38.9;18.8
60;2021-06-08;3802;2999;325115;158471;39.4;19.2
60;2021-06-09;3248;3399;328363;161870;39.8;19.6
60;2021-06-10;3456;3367;331819;165237;40.2;20.0
60;2021-06-11;3882;4192;335701;169429;40.7;20.5
60;2021-06-12;3782;4281;339483;173710;41.1;21.1
60;2021-06-13;1156;2225;340639;175935;41.3;21.3
60;2021-06-14;1910;3305;342549;179240;41.5;21.7
60;2021-06-15;3015;4161;345564;183401;41.9;22.2
60;2021-06-16;3252;4487;348816;187888;42.3;22.8
60;2021-06-17;2978;4784;351794;192672;42.6;23.4
60;2021-06-18;2984;4603;354778;197275;43.0;23.9
60;2021-06-19;3146;4724;357924;201999;43.4;24.5
60;2021-06-20;1432;1937;359356;203936;43.6;24.7
60;2021-06-21;1408;4041;360764;207977;43.7;25.2
60;2021-06-22;1759;5289;362523;213266;43.9;25.8
60;2021-06-23;1862;5236;364385;218502;44.2;26.5
60;2021-06-24;1804;5603;366189;224105;44.4;27.2
60;2021-06-25;1905;5728;368094;229833;44.6;27.9
60;2021-06-26;1863;6977;369957;236810;44.8;28.7
60;2021-06-27;715;2594;370672;239404;44.9;29.0
60;2021-06-28;1782;4142;372454;243546;45.1;29.5
60;2021-06-29;2014;5465;374468;249011;45.4;30.2
60;2021-06-30;2298;5358;376766;254369;45.7;30.8
60;2021-07-01;1891;4916;378657;259285;45.9;31.4
60;2021-07-02;2370;5880;381027;265165;46.2;32.1
60;2021-07-03;2404;6159;383431;271324;46.5;32.9
60;2021-07-04;792;2725;384223;274049;46.6;33.2
60;2021-07-05;1659;4404;385882;278453;46.8;33.7
60;2021-07-06;2147;4496;388029;282949;47.0;34.3
60;2021-07-07;2174;5116;390203;288065;47.3;34.9
60;2021-07-08;2672;4688;392875;292753;47.6;35.5
60;2021-07-09;2642;5562;395517;298315;47.9;36.2
60;2021-07-10;2581;5875;398098;304190;48.2;36.9
60;2021-07-11;1215;1942;399313;306132;48.4;37.1
60;2021-07-12;1446;4738;400759;310870;48.6;37.7
60;2021-07-13;2912;5023;403671;315893;48.9;38.3
60;2021-07-14;2586;1408;406257;317301;49.2;38.5
60;2021-07-15;3433;4876;409690;322177;49.7;39.0
60;2021-07-16;3700;5239;413390;327416;50.1;39.7
60;2021-07-17;4081;5134;417471;332550;50.6;40.3
60;2021-07-18;2186;2129;419657;334679;50.9;40.6
60;2021-07-19;2542;3888;422199;338567;51.2;41.0
60;2021-07-20;4198;4896;426397;343463;51.7;41.6
60;2021-07-21;4355;4282;430752;347745;52.2;42.1
60;2021-07-22;4628;4330;435380;352075;52.8;42.7
60;2021-07-23;4984;4904;440364;356979;53.4;43.3
60;2021-07-24;4317;4674;444681;361653;53.9;43.8
60;2021-07-25;2603;1830;447284;363483;54.2;44.1
60;2021-07-26;3379;3758;450663;367241;54.6;44.5
60;2021-07-27;4437;4627;455100;371868;55.2;45.1
60;2021-07-28;4550;3768;459650;375636;55.7;45.5
60;2021-07-29;4900;3708;464550;379344;56.3;46.0
60;2021-07-30;5032;4257;469582;383601;56.9;46.5
60;2021-07-31;4064;3969;473646;387570;57.4;47.0
60;2021-08-01;1685;862;475331;388432;57.6;47.1
60;2021-08-02;3176;2754;478507;391186;58.0;47.4
60;2021-08-03;3586;2892;482093;394078;58.4;47.8
60;2021-08-04;3314;2794;485407;396872;58.8;48.1
60;2021-08-05;3028;2256;488435;399128;59.2;48.4
60;2021-08-06;3828;3057;492263;402185;59.7;48.7
60;2021-08-07;3371;3074;495634;405259;60.1;49.1
60;2021-08-08;1534;909;497168;406168;60.3;49.2
60;2021-08-09;2202;2870;499370;409038;60.5;49.6
60;2021-08-10;3279;3309;502649;412347;60.9;50.0
60;2021-08-11;2812;3231;505461;415578;61.3;50.4
60;2021-08-12;2358;2664;507819;418242;61.5;50.7
60;2021-08-13;2749;2997;510568;421239;61.9;51.1
60;2021-08-14;2543;2734;513111;423973;62.2;51.4
60;2021-08-15;1361;553;514472;424526;62.4;51.5
60;2021-08-16;2045;3780;516517;428306;62.6;51.9
60;2021-08-17;2343;3829;518860;432135;62.9;52.4
60;2021-08-18;1939;3293;520799;435428;63.1;52.8
60;2021-08-19;1645;3090;522444;438518;63.3;53.1
60;2021-08-20;1856;3995;524300;442513;63.5;53.6
60;2021-08-21;1606;3491;525906;446004;63.7;54.1
60;2021-08-22;572;1338;526478;447342;63.8;54.2
60;2021-08-23;1101;3238;527579;450580;63.9;54.6
60;2021-08-24;1367;4491;528946;455071;64.1;55.2
60;2021-08-25;1431;3582;530377;458653;64.3;55.6
60;2021-08-26;1424;3459;531801;462112;64.5;56.0
60;2021-08-27;1432;4169;533233;466281;64.6;56.5
60;2021-08-28;1373;4476;534606;470757;64.8;57.1
60;2021-08-29;547;2035;535153;472792;64.9;57.3
60;2021-08-30;1226;2997;536379;475789;65.0;57.7
60;2021-08-31;1630;3849;538009;479638;65.2;58.1
60;2021-09-01;1229;2792;539238;482430;65.4;58.5
60;2021-09-02;1052;2711;540290;485141;65.5;58.8
60;2021-09-03;1019;3153;541309;488294;65.6;59.2
60;2021-09-04;1511;3716;542820;492010;65.8;59.6
60;2021-09-05;364;1352;543184;493362;65.8;59.8
60;2021-09-06;793;2529;543977;495891;65.9;60.1
60;2021-09-07;829;2969;544806;498860;66.0;60.5
60;2021-09-08;882;2976;545688;501836;66.1;60.8
60;2021-09-09;679;2344;546367;504180;66.2;61.1
60;2021-09-10;1029;2967;547396;507147;66.3;61.5
60;2021-09-11;1060;3483;548456;510630;66.5;61.9
60;2021-09-12;304;1125;548760;511755;66.5;62.0
60;2021-09-13;595;1893;549355;513648;66.6;62.3
61;2020-12-27;0;0;0;0;0.0;0.0
61;2020-12-28;0;0;0;0;0.0;0.0
61;2020-12-29;0;0;0;0;0.0;0.0
61;2020-12-30;0;0;0;0;0.0;0.0
61;2020-12-31;0;0;0;0;0.0;0.0
61;2021-01-01;1;0;1;0;0.0;0.0
61;2021-01-02;1;0;2;0;0.0;0.0
61;2021-01-03;0;0;2;0;0.0;0.0
61;2021-01-04;1;0;3;0;0.0;0.0
61;2021-01-05;3;0;6;0;0.0;0.0
61;2021-01-06;77;0;83;0;0.0;0.0
61;2021-01-07;175;2;258;2;0.1;0.0
61;2021-01-08;406;1;664;3;0.2;0.0
61;2021-01-09;165;1;829;4;0.3;0.0
61;2021-01-10;49;0;878;4;0.3;0.0
61;2021-01-11;396;1;1274;5;0.5;0.0
61;2021-01-12;681;2;1955;7;0.7;0.0
61;2021-01-13;740;1;2695;8;1.0;0.0
61;2021-01-14;530;7;3225;15;1.2;0.0
61;2021-01-15;537;4;3762;19;1.4;0.0
61;2021-01-16;289;1;4051;20;1.5;0.0
61;2021-01-17;859;6;4910;26;1.8;0.0
61;2021-01-18;1913;2;6823;28;2.5;0.0
61;2021-01-19;1323;3;8146;31;2.9;0.0
61;2021-01-20;683;0;8829;31;3.2;0.0
61;2021-01-21;848;1;9677;32;3.5;0.0
61;2021-01-22;764;0;10441;32;3.8;0.0
61;2021-01-23;257;2;10698;34;3.9;0.0
61;2021-01-24;229;0;10927;34;3.9;0.0
61;2021-01-25;578;1;11505;35;4.2;0.0
61;2021-01-26;562;0;12067;35;4.4;0.0
61;2021-01-27;569;13;12636;48;4.6;0.0
61;2021-01-28;464;50;13100;98;4.7;0.0
61;2021-01-29;479;197;13579;295;4.9;0.1
61;2021-01-30;212;3;13791;298;5.0;0.1
61;2021-01-31;109;0;13900;298;5.0;0.1
61;2021-02-01;430;178;14330;476;5.2;0.2
61;2021-02-02;387;305;14717;781;5.3;0.3
61;2021-02-03;412;412;15129;1193;5.5;0.4
61;2021-02-04;390;261;15519;1454;5.6;0.5
61;2021-02-05;538;337;16057;1791;5.8;0.6
61;2021-02-06;201;79;16258;1870;5.9;0.7
61;2021-02-07;45;199;16303;2069;5.9;0.7
61;2021-02-08;541;1260;16844;3329;6.1;1.2
61;2021-02-09;405;744;17249;4073;6.2;1.5
61;2021-02-10;279;510;17528;4583;6.3;1.7
61;2021-02-11;432;458;17960;5041;6.5;1.8
61;2021-02-12;402;630;18362;5671;6.6;2.0
61;2021-02-13;133;333;18495;6004;6.7;2.2
61;2021-02-14;3;249;18498;6253;6.7;2.3
61;2021-02-15;172;618;18670;6871;6.7;2.5
61;2021-02-16;203;525;18873;7396;6.8;2.7
61;2021-02-17;44;465;18917;7861;6.8;2.8
61;2021-02-18;161;409;19078;8270;6.9;3.0
61;2021-02-19;101;308;19179;8578;6.9;3.1
61;2021-02-20;40;196;19219;8774;6.9;3.2
61;2021-02-21;2;120;19221;8894;6.9;3.2
61;2021-02-22;88;446;19309;9340;7.0;3.4
61;2021-02-23;108;388;19417;9728;7.0;3.5
61;2021-02-24;173;438;19590;10166;7.1;3.7
61;2021-02-25;265;331;19855;10497;7.2;3.8
61;2021-02-26;266;381;20121;10878;7.3;3.9
61;2021-02-27;110;189;20231;11067;7.3;4.0
61;2021-02-28;4;117;20235;11184;7.3;4.0
61;2021-03-01;217;529;20452;11713;7.4;4.2
61;2021-03-02;148;632;20600;12345;7.4;4.5
61;2021-03-03;142;383;20742;12728;7.5;4.6
61;2021-03-04;431;392;21173;13120;7.6;4.7
61;2021-03-05;701;266;21874;13386;7.9;4.8
61;2021-03-06;437;216;22311;13602;8.1;4.9
61;2021-03-07;155;2;22466;13604;8.1;4.9
61;2021-03-08;296;289;22762;13893;8.2;5.0
61;2021-03-09;622;163;23384;14056;8.4;5.1
61;2021-03-10;672;168;24056;14224;8.7;5.1
61;2021-03-11;1120;119;25176;14343;9.1;5.2
61;2021-03-12;1468;89;26644;14432;9.6;5.2
61;2021-03-13;775;53;27419;14485;9.9;5.2
61;2021-03-14;226;6;27645;14491;10.0;5.2
61;2021-03-15;814;34;28459;14525;10.3;5.2
61;2021-03-16;721;21;29180;14546;10.5;5.3
61;2021-03-17;761;13;29941;14559;10.8;5.3
61;2021-03-18;858;27;30799;14586;11.1;5.3
61;2021-03-19;1027;50;31826;14636;11.5;5.3
61;2021-03-20;472;14;32298;14650;11.7;5.3
61;2021-03-21;72;2;32370;14652;11.7;5.3
61;2021-03-22;796;90;33166;14742;12.0;5.3
61;2021-03-23;920;39;34086;14781;12.3;5.3
61;2021-03-24;1372;70;35458;14851;12.8;5.4
61;2021-03-25;1876;68;37334;14919;13.5;5.4
61;2021-03-26;1799;46;39133;14965;14.1;5.4
61;2021-03-27;1083;18;40216;14983;14.5;5.4
61;2021-03-28;359;9;40575;14992;14.7;5.4
61;2021-03-29;1271;182;41846;15174;15.1;5.5
61;2021-03-30;1471;96;43317;15270;15.6;5.5
61;2021-03-31;1686;51;45003;15321;16.3;5.5
61;2021-04-01;2051;230;47054;15551;17.0;5.6
61;2021-04-02;1520;433;48574;15984;17.5;5.8
61;2021-04-03;640;287;49214;16271;17.8;5.9
61;2021-04-04;193;1;49407;16272;17.8;5.9
61;2021-04-05;532;8;49939;16280;18.0;5.9
61;2021-04-06;1354;618;51293;16898;18.5;6.1
61;2021-04-07;1699;657;52992;17555;19.1;6.3
61;2021-04-08;2267;831;55259;18386;20.0;6.6
61;2021-04-09;2138;835;57397;19221;20.7;6.9
61;2021-04-10;1534;485;58931;19706;21.3;7.1
61;2021-04-11;238;199;59169;19905;21.4;7.2
61;2021-04-12;1289;734;60458;20639;21.8;7.5
61;2021-04-13;1739;706;62197;21345;22.5;7.7
61;2021-04-14;1735;784;63932;22129;23.1;8.0
61;2021-04-15;2268;781;66200;22910;23.9;8.3
61;2021-04-16;2223;687;68423;23597;24.7;8.5
61;2021-04-17;1487;324;69910;23921;25.2;8.6
61;2021-04-18;538;99;70448;24020;25.4;8.7
61;2021-04-19;938;749;71386;24769;25.8;8.9
61;2021-04-20;1523;786;72909;25555;26.3;9.2
61;2021-04-21;1352;1040;74261;26595;26.8;9.6
61;2021-04-22;1293;1216;75554;27811;27.3;10.0
61;2021-04-23;1216;1147;76770;28958;27.7;10.5
61;2021-04-24;1437;818;78207;29776;28.2;10.8
61;2021-04-25;361;331;78568;30107;28.4;10.9
61;2021-04-26;670;1143;79238;31250;28.6;11.3
61;2021-04-27;1465;1138;80703;32388;29.1;11.7
61;2021-04-28;1386;1390;82089;33778;29.6;12.2
61;2021-04-29;1247;1860;83336;35638;30.1;12.9
61;2021-04-30;1721;1173;85057;36811;30.7;13.3
61;2021-05-01;788;321;85845;37132;31.0;13.4
61;2021-05-02;439;225;86284;37357;31.2;13.5
61;2021-05-03;844;1249;87128;38606;31.5;13.9
61;2021-05-04;1326;1750;88454;40356;31.9;14.6
61;2021-05-05;1009;2027;89463;42383;32.3;15.3
61;2021-05-06;1772;2213;91235;44596;32.9;16.1
61;2021-05-07;1376;1972;92611;46568;33.4;16.8
61;2021-05-08;930;472;93541;47040;33.8;17.0
61;2021-05-09;394;293;93935;47333;33.9;17.1
61;2021-05-10;988;1744;94923;49077;34.3;17.7
61;2021-05-11;1376;1515;96299;50592;34.8;18.3
61;2021-05-12;1870;1591;98169;52183;35.5;18.8
61;2021-05-13;889;491;99058;52674;35.8;19.0
61;2021-05-14;1852;1185;100910;53859;36.4;19.5
61;2021-05-15;2104;1117;103014;54976;37.2;19.9
61;2021-05-16;984;300;103998;55276;37.6;20.0
61;2021-05-17;1312;913;105310;56189;38.0;20.3
61;2021-05-18;2423;892;107733;57081;38.9;20.6
61;2021-05-19;2401;804;110134;57885;39.8;20.9
61;2021-05-20;2213;815;112347;58700;40.6;21.2
61;2021-05-21;2150;861;114497;59561;41.3;21.5
61;2021-05-22;1781;718;116278;60279;42.0;21.8
61;2021-05-23;714;54;116992;60333;42.3;21.8
61;2021-05-24;913;110;117905;60443;42.6;21.8
61;2021-05-25;1991;920;119896;61363;43.3;22.2
61;2021-05-26;2044;931;121940;62294;44.0;22.5
61;2021-05-27;2041;1089;123981;63383;44.8;22.9
61;2021-05-28;2053;1374;126034;64757;45.5;23.4
61;2021-05-29;1464;556;127498;65313;46.0;23.6
61;2021-05-30;450;44;127948;65357;46.2;23.6
61;2021-05-31;1561;936;129509;66293;46.8;23.9
61;2021-06-01;1876;1387;131385;67680;47.4;24.4
61;2021-06-02;1675;1133;133060;68813;48.1;24.9
61;2021-06-03;2250;1110;135310;69923;48.9;25.3
61;2021-06-04;1894;1344;137204;71267;49.5;25.7
61;2021-06-05;1669;1240;138873;72507;50.2;26.2
61;2021-06-06;318;230;139191;72737;50.3;26.3
61;2021-06-07;2189;867;141380;73604;51.1;26.6
61;2021-06-08;1847;1566;143227;75170;51.7;27.1
61;2021-06-09;1975;1185;145202;76355;52.4;27.6
61;2021-06-10;1974;1192;147176;77547;53.2;28.0
61;2021-06-11;1823;1579;148999;79126;53.8;28.6
61;2021-06-12;1424;999;150423;80125;54.3;28.9
61;2021-06-13;340;377;150763;80502;54.4;29.1
61;2021-06-14;1107;1188;151870;81690;54.8;29.5
61;2021-06-15;1215;1693;153085;83383;55.3;30.1
61;2021-06-16;1113;1363;154198;84746;55.7;30.6
61;2021-06-17;1020;1729;155218;86475;56.1;31.2
61;2021-06-18;1523;1671;156741;88146;56.6;31.8
61;2021-06-19;1245;1303;157986;89449;57.1;32.3
61;2021-06-20;289;345;158275;89794;57.2;32.4
61;2021-06-21;807;1627;159082;91421;57.5;33.0
61;2021-06-22;1024;1682;160106;93103;57.8;33.6
61;2021-06-23;967;2436;161073;95539;58.2;34.5
61;2021-06-24;650;1361;161723;96900;58.4;35.0
61;2021-06-25;840;2167;162563;99067;58.7;35.8
61;2021-06-26;624;1953;163187;101020;58.9;36.5
61;2021-06-27;139;799;163326;101819;59.0;36.8
61;2021-06-28;478;2246;163804;104065;59.2;37.6
61;2021-06-29;699;2859;164503;106924;59.4;38.6
61;2021-06-30;771;2463;165274;109387;59.7;39.5
61;2021-07-01;633;1696;165907;111083;59.9;40.1
61;2021-07-02;842;2497;166749;113580;60.2;41.0
61;2021-07-03;417;1912;167166;115492;60.4;41.7
61;2021-07-04;75;638;167241;116130;60.4;41.9
61;2021-07-05;683;1774;167924;117904;60.6;42.6
61;2021-07-06;990;2792;168914;120696;61.0;43.6
61;2021-07-07;734;2361;169648;123057;61.3;44.4
61;2021-07-08;841;1945;170489;125002;61.6;45.1
61;2021-07-09;723;2375;171212;127377;61.8;46.0
61;2021-07-10;464;1768;171676;129145;62.0;46.6
61;2021-07-11;244;489;171920;129634;62.1;46.8
61;2021-07-12;438;2290;172358;131924;62.2;47.6
61;2021-07-13;645;2486;173003;134410;62.5;48.5
61;2021-07-14;149;334;173152;134744;62.5;48.7
61;2021-07-15;815;2814;173967;137558;62.8;49.7
61;2021-07-16;968;2570;174935;140128;63.2;50.6
61;2021-07-17;707;2232;175642;142360;63.4;51.4
61;2021-07-18;339;368;175981;142728;63.6;51.5
61;2021-07-19;935;2400;176916;145128;63.9;52.4
61;2021-07-20;1327;2356;178243;147484;64.4;53.3
61;2021-07-21;1503;2182;179746;149666;64.9;54.0
61;2021-07-22;1751;2189;181497;151855;65.5;54.8
61;2021-07-23;1794;2304;183291;154159;66.2;55.7
61;2021-07-24;1457;2007;184748;156166;66.7;56.4
61;2021-07-25;324;393;185072;156559;66.8;56.5
61;2021-07-26;1252;1930;186324;158489;67.3;57.2
61;2021-07-27;2419;1584;188743;160073;68.2;57.8
61;2021-07-28;2458;1353;191201;161426;69.0;58.3
61;2021-07-29;2563;1576;193764;163002;70.0;58.9
61;2021-07-30;2398;1388;196162;164390;70.8;59.4
61;2021-07-31;1282;1300;197444;165690;71.3;59.8
61;2021-08-01;503;259;197947;165949;71.5;59.9
61;2021-08-02;1913;1121;199860;167070;72.2;60.3
61;2021-08-03;2451;914;202311;167984;73.1;60.7
61;2021-08-04;2346;781;204657;168765;73.9;60.9
61;2021-08-05;1900;990;206557;169755;74.6;61.3
61;2021-08-06;2165;1162;208722;170917;75.4;61.7
61;2021-08-07;1422;799;210144;171716;75.9;62.0
61;2021-08-08;447;263;210591;171979;76.1;62.1
61;2021-08-09;1309;1113;211900;173092;76.5;62.5
61;2021-08-10;1316;1107;213216;174199;77.0;62.9
61;2021-08-11;1118;1258;214334;175457;77.4;63.4
61;2021-08-12;1035;1321;215369;176778;77.8;63.8
61;2021-08-13;879;1609;216248;178387;78.1;64.4
61;2021-08-14;717;862;216965;179249;78.4;64.7
61;2021-08-15;94;184;217059;179433;78.4;64.8
61;2021-08-16;913;1541;217972;180974;78.7;65.4
61;2021-08-17;1152;1698;219124;182672;79.1;66.0
61;2021-08-18;809;1480;219933;184152;79.4;66.5
61;2021-08-19;743;1570;220676;185722;79.7;67.1
61;2021-08-20;802;2132;221478;187854;80.0;67.8
61;2021-08-21;491;1343;221969;189197;80.2;68.3
61;2021-08-22;137;447;222106;189644;80.2;68.5
61;2021-08-23;414;1702;222520;191346;80.4;69.1
61;2021-08-24;522;1897;223042;193243;80.5;69.8
61;2021-08-25;411;1734;223453;194977;80.7;70.4
61;2021-08-26;425;1598;223878;196575;80.9;71.0
61;2021-08-27;514;1888;224392;198463;81.0;71.7
61;2021-08-28;284;1366;224676;199829;81.1;72.2
61;2021-08-29;50;417;224726;200246;81.2;72.3
61;2021-08-30;382;1624;225108;201870;81.3;72.9
61;2021-08-31;505;1713;225613;203583;81.5;73.5
61;2021-09-01;451;1500;226064;205083;81.6;74.1
61;2021-09-02;419;1341;226483;206424;81.8;74.5
61;2021-09-03;474;1578;226957;208002;82.0;75.1
61;2021-09-04;342;1337;227299;209339;82.1;75.6
61;2021-09-05;76;225;227375;209564;82.1;75.7
61;2021-09-06;281;1231;227656;210795;82.2;76.1
61;2021-09-07;332;1564;227988;212359;82.3;76.7
61;2021-09-08;272;1431;228260;213790;82.4;77.2
61;2021-09-09;277;1204;228537;214994;82.5;77.6
61;2021-09-10;364;1167;228901;216161;82.7;78.1
61;2021-09-11;269;1101;229170;217262;82.8;78.5
61;2021-09-12;35;127;229205;217389;82.8;78.5
61;2021-09-13;205;866;229410;218255;82.8;78.8
62;2020-12-27;2;0;2;0;0.0;0.0
62;2020-12-28;2;0;4;0;0.0;0.0
62;2020-12-29;0;0;4;0;0.0;0.0
62;2020-12-30;0;0;4;0;0.0;0.0
62;2020-12-31;0;0;4;0;0.0;0.0
62;2021-01-01;0;0;4;0;0.0;0.0
62;2021-01-02;2;0;6;0;0.0;0.0
62;2021-01-03;0;0;6;0;0.0;0.0
62;2021-01-04;2;0;8;0;0.0;0.0
62;2021-01-05;47;0;55;0;0.0;0.0
62;2021-01-06;123;0;178;0;0.0;0.0
62;2021-01-07;351;0;529;0;0.0;0.0
62;2021-01-08;713;6;1242;6;0.1;0.0
62;2021-01-09;164;1;1406;7;0.1;0.0
62;2021-01-10;84;0;1490;7;0.1;0.0
62;2021-01-11;556;1;2046;8;0.1;0.0
62;2021-01-12;1260;3;3306;11;0.2;0.0
62;2021-01-13;1139;6;4445;17;0.3;0.0
62;2021-01-14;1387;8;5832;25;0.4;0.0
62;2021-01-15;1299;8;7131;33;0.5;0.0
62;2021-01-16;308;2;7439;35;0.5;0.0
62;2021-01-17;107;0;7546;35;0.5;0.0
62;2021-01-18;1666;9;9212;44;0.6;0.0
62;2021-01-19;2103;4;11315;48;0.8;0.0
62;2021-01-20;2055;5;13370;53;0.9;0.0
62;2021-01-21;2243;5;15613;58;1.1;0.0
62;2021-01-22;1835;7;17448;65;1.2;0.0
62;2021-01-23;512;1;17960;66;1.2;0.0
62;2021-01-24;0;0;17960;66;1.2;0.0
62;2021-01-25;1284;6;19244;72;1.3;0.0
62;2021-01-26;1544;14;20788;86;1.4;0.0
62;2021-01-27;1501;157;22289;243;1.5;0.0
62;2021-01-28;4169;375;26458;618;1.8;0.0
62;2021-01-29;2035;315;28493;933;2.0;0.1
62;2021-01-30;159;130;28652;1063;2.0;0.1
62;2021-01-31;22;3;28674;1066;2.0;0.1
62;2021-02-01;46;321;28720;1387;2.0;0.1
62;2021-02-02;59;742;28779;2129;2.0;0.1
62;2021-02-03;44;589;28823;2718;2.0;0.2
62;2021-02-04;81;766;28904;3484;2.0;0.2
62;2021-02-05;80;676;28984;4160;2.0;0.3
62;2021-02-06;31;165;29015;4325;2.0;0.3
62;2021-02-07;237;30;29252;4355;2.0;0.3
62;2021-02-08;132;715;29384;5070;2.0;0.3
62;2021-02-09;227;953;29611;6023;2.0;0.4
62;2021-02-10;385;1028;29996;7051;2.1;0.5
62;2021-02-11;726;869;30722;7920;2.1;0.5
62;2021-02-12;966;678;31688;8598;2.2;0.6
62;2021-02-13;160;219;31848;8817;2.2;0.6
62;2021-02-14;0;0;31848;8817;2.2;0.6
62;2021-02-15;665;979;32513;9796;2.2;0.7
62;2021-02-16;923;1426;33436;11222;2.3;0.8
62;2021-02-17;1075;1672;34511;12894;2.4;0.9
62;2021-02-18;2226;3461;36737;16355;2.5;1.1
62;2021-02-19;2311;2360;39048;18715;2.7;1.3
62;2021-02-20;616;402;39664;19117;2.7;1.3
62;2021-02-21;87;26;39751;19143;2.7;1.3
62;2021-02-22;848;743;40599;19886;2.8;1.4
62;2021-02-23;1420;1017;42019;20903;2.9;1.4
62;2021-02-24;1547;543;43566;21446;3.0;1.5
62;2021-02-25;3169;375;46735;21821;3.2;1.5
62;2021-02-26;2911;304;49646;22125;3.4;1.5
62;2021-02-27;1830;87;51476;22212;3.5;1.5
62;2021-02-28;52;42;51528;22254;3.5;1.5
62;2021-03-01;1322;104;52850;22358;3.6;1.5
62;2021-03-02;3157;161;56007;22519;3.9;1.6
62;2021-03-03;3272;131;59279;22650;4.1;1.6
62;2021-03-04;3811;217;63090;22867;4.3;1.6
62;2021-03-05;4646;227;67736;23094;4.7;1.6
62;2021-03-06;9621;267;77357;23361;5.3;1.6
62;2021-03-07;8075;223;85432;23584;5.9;1.6
62;2021-03-08;2196;240;87628;23824;6.0;1.6
62;2021-03-09;3808;358;91436;24182;6.3;1.7
62;2021-03-10;4234;576;95670;24758;6.6;1.7
62;2021-03-11;5994;1497;101664;26255;7.0;1.8
62;2021-03-12;6637;1405;108301;27660;7.5;1.9
62;2021-03-13;14724;804;123025;28464;8.5;2.0
62;2021-03-14;9586;408;132611;28872;9.1;2.0
62;2021-03-15;3763;1003;136374;29875;9.4;2.1
62;2021-03-16;2737;843;139111;30718;9.6;2.1
62;2021-03-17;2805;723;141916;31441;9.8;2.2
62;2021-03-18;2724;936;144640;32377;10.0;2.2
62;2021-03-19;4783;924;149423;33301;10.3;2.3
62;2021-03-20;11067;619;160490;33920;11.0;2.3
62;2021-03-21;9449;376;169939;34296;11.7;2.4
62;2021-03-22;2943;1098;172882;35394;11.9;2.4
62;2021-03-23;4996;1476;177878;36870;12.2;2.5
62;2021-03-24;4696;1363;182574;38233;12.6;2.6
62;2021-03-25;6555;1461;189129;39694;13.0;2.7
62;2021-03-26;7050;1488;196179;41182;13.5;2.8
62;2021-03-27;12592;749;208771;41931;14.4;2.9
62;2021-03-28;6941;287;215712;42218;14.8;2.9
62;2021-03-29;3472;1205;219184;43423;15.1;3.0
62;2021-03-30;4549;2200;223733;45623;15.4;3.1
62;2021-03-31;4224;2461;227957;48084;15.7;3.3
62;2021-04-01;4975;2759;232932;50843;16.0;3.5
62;2021-04-02;5067;3233;237999;54076;16.4;3.7
62;2021-04-03;8210;3346;246209;57422;16.9;4.0
62;2021-04-04;4582;1928;250791;59350;17.3;4.1
62;2021-04-05;944;464;251735;59814;17.3;4.1
62;2021-04-06;4125;3007;255860;62821;17.6;4.3
62;2021-04-07;5060;3501;260920;66322;18.0;4.6
62;2021-04-08;6489;3989;267409;70311;18.4;4.8
62;2021-04-09;7629;3478;275038;73789;18.9;5.1
62;2021-04-10;6633;8070;281671;81859;19.4;5.6
62;2021-04-11;2808;6882;284479;88741;19.6;6.1
62;2021-04-12;3423;2381;287902;91122;19.8;6.3
62;2021-04-13;6172;3165;294074;94287;20.2;6.5
62;2021-04-14;5306;3064;299380;97351;20.6;6.7
62;2021-04-15;5735;2987;305115;100338;21.0;6.9
62;2021-04-16;5420;3201;310535;103539;21.4;7.1
62;2021-04-17;4359;7357;314894;110896;21.7;7.6
62;2021-04-18;1956;6849;316850;117745;21.8;8.1
62;2021-04-19;2779;1933;319629;119678;22.0;8.2
62;2021-04-20;4150;3887;323779;123565;22.3;8.5
62;2021-04-21;3747;3985;327526;127550;22.5;8.8
62;2021-04-22;3949;5195;331475;132745;22.8;9.1
62;2021-04-23;4063;5319;335538;138064;23.1;9.5
62;2021-04-24;4403;6726;339941;144790;23.4;10.0
62;2021-04-25;1910;3499;341851;148289;23.5;10.2
62;2021-04-26;2224;2424;344075;150713;23.7;10.4
62;2021-04-27;4409;3754;348484;154467;24.0;10.6
62;2021-04-28;4589;4405;353073;158872;24.3;10.9
62;2021-04-29;4790;5875;357863;164747;24.6;11.3
62;2021-04-30;5214;5694;363077;170441;25.0;11.7
62;2021-05-01;5726;3472;368803;173913;25.4;12.0
62;2021-05-02;7828;3146;376631;177059;25.9;12.2
62;2021-05-03;4508;2343;381139;179402;26.2;12.3
62;2021-05-04;5396;4967;386535;184369;26.6;12.7
62;2021-05-05;4735;4826;391270;189195;26.9;13.0
62;2021-05-06;5622;4938;396892;194133;27.3;13.4
62;2021-05-07;7691;4660;404583;198793;27.8;13.7
62;2021-05-08;10658;2323;415241;201116;28.6;13.8
62;2021-05-09;8626;1639;423867;202755;29.2;14.0
62;2021-05-10;4867;4024;428734;206779;29.5;14.2
62;2021-05-11;6415;5042;435149;211821;30.0;14.6
62;2021-05-12;8623;4590;443772;216411;30.5;14.9
62;2021-05-13;9999;1491;453771;217902;31.2;15.0
62;2021-05-14;11881;3395;465652;221297;32.1;15.2
62;2021-05-15;19785;3293;485437;224590;33.4;15.5
62;2021-05-16;16397;1415;501834;226005;34.5;15.6
62;2021-05-17;8183;2659;510017;228664;35.1;15.7
62;2021-05-18;9325;3130;519342;231794;35.7;16.0
62;2021-05-19;8614;2928;527956;234722;36.3;16.2
62;2021-05-20;8342;3840;536298;238562;36.9;16.4
62;2021-05-21;9399;4216;545697;242778;37.6;16.7
62;2021-05-22;17876;3528;563573;246306;38.8;17.0
62;2021-05-23;12377;1162;575950;247468;39.6;17.0
62;2021-05-24;3910;586;579860;248054;39.9;17.1
62;2021-05-25;7221;4096;587081;252150;40.4;17.4
62;2021-05-26;6782;4913;593863;257063;40.9;17.7
62;2021-05-27;6382;5688;600245;262751;41.3;18.1
62;2021-05-28;6519;6734;606764;269485;41.8;18.5
62;2021-05-29;10852;5537;617616;275022;42.5;18.9
62;2021-05-30;4037;981;621653;276003;42.8;19.0
62;2021-05-31;4797;3953;626450;279956;43.1;19.3
62;2021-06-01;6521;6516;632971;286472;43.6;19.7
62;2021-06-02;7443;5814;640414;292286;44.1;20.1
62;2021-06-03;7859;5881;648273;298167;44.6;20.5
62;2021-06-04;7905;6240;656178;304407;45.2;21.0
62;2021-06-05;8275;6227;664453;310634;45.7;21.4
62;2021-06-06;3129;1289;667582;311923;46.0;21.5
62;2021-06-07;4623;3762;672205;315685;46.3;21.7
62;2021-06-08;6210;5903;678415;321588;46.7;22.1
62;2021-06-09;5498;4764;683913;326352;47.1;22.5
62;2021-06-10;5207;5865;689120;332217;47.4;22.9
62;2021-06-11;6213;8865;695333;341082;47.9;23.5
62;2021-06-12;5935;8643;701268;349725;48.3;24.1
62;2021-06-13;3228;3795;704496;353520;48.5;24.3
62;2021-06-14;2611;6772;707107;360292;48.7;24.8
62;2021-06-15;4675;8533;711782;368825;49.0;25.4
62;2021-06-16;5081;7429;716863;376254;49.3;25.9
62;2021-06-17;5234;8042;722097;384296;49.7;26.5
62;2021-06-18;4825;10491;726922;394787;50.0;27.2
62;2021-06-19;5798;13436;732720;408223;50.4;28.1
62;2021-06-20;2101;4369;734821;412592;50.6;28.4
62;2021-06-21;2975;8925;737796;421517;50.8;29.0
62;2021-06-22;3430;10170;741226;431687;51.0;29.7
62;2021-06-23;3388;10312;744614;441999;51.3;30.4
62;2021-06-24;3346;11783;747960;453782;51.5;31.2
62;2021-06-25;3726;15765;751686;469547;51.7;32.3
62;2021-06-26;3550;18423;755236;487970;52.0;33.6
62;2021-06-27;1121;9813;756357;497783;52.1;34.3
62;2021-06-28;1926;8868;758283;506651;52.2;34.9
62;2021-06-29;2974;11462;761257;518113;52.4;35.7
62;2021-06-30;4143;10813;765400;528926;52.7;36.4
62;2021-07-01;4482;10488;769882;539414;53.0;37.1
62;2021-07-02;4164;11977;774046;551391;53.3;38.0
62;2021-07-03;2997;18055;777043;569446;53.5;39.2
62;2021-07-04;1450;9196;778493;578642;53.6;39.8
62;2021-07-05;2416;6912;780909;585554;53.8;40.3
62;2021-07-06;3822;10015;784731;595569;54.0;41.0
62;2021-07-07;3916;8910;788647;604479;54.3;41.6
62;2021-07-08;5246;9087;793893;613566;54.6;42.2
62;2021-07-09;4470;10844;798363;624410;55.0;43.0
62;2021-07-10;4978;11892;803341;636302;55.3;43.8
62;2021-07-11;1337;2089;804678;638391;55.4;43.9
62;2021-07-12;2327;7135;807005;645526;55.5;44.4
62;2021-07-13;5177;12158;812182;657684;55.9;45.3
62;2021-07-14;3636;3163;815818;660847;56.2;45.5
62;2021-07-15;7586;11496;823404;672343;56.7;46.3
62;2021-07-16;7626;11042;831030;683385;57.2;47.0
62;2021-07-17;9729;10333;840759;693718;57.9;47.8
62;2021-07-18;2715;3457;843474;697175;58.1;48.0
62;2021-07-19;6014;7015;849488;704190;58.5;48.5
62;2021-07-20;7940;10722;857428;714912;59.0;49.2
62;2021-07-21;9777;9407;867205;724319;59.7;49.9
62;2021-07-22;9801;9016;877006;733335;60.4;50.5
62;2021-07-23;10633;8412;887639;741747;61.1;51.1
62;2021-07-24;9667;10318;897306;752065;61.8;51.8
62;2021-07-25;5549;1873;902855;753938;62.1;51.9
62;2021-07-26;6241;5386;909096;759324;62.6;52.3
62;2021-07-27;9854;8125;918950;767449;63.3;52.8
62;2021-07-28;10400;7489;929350;774938;64.0;53.3
62;2021-07-29;12005;7656;941355;782594;64.8;53.9
62;2021-07-30;9093;6286;950448;788880;65.4;54.3
62;2021-07-31;6638;4022;957086;792902;65.9;54.6
62;2021-08-01;2342;1103;959428;794005;66.0;54.7
62;2021-08-02;6866;4759;966294;798764;66.5;55.0
62;2021-08-03;8625;7475;974919;806239;67.1;55.5
62;2021-08-04;9493;5484;984412;811723;67.8;55.9
62;2021-08-05;8368;5625;992780;817348;68.3;56.3
62;2021-08-06;7322;5931;1000102;823279;68.8;56.7
62;2021-08-07;5494;4958;1005596;828237;69.2;57.0
62;2021-08-08;1875;1301;1007471;829538;69.3;57.1
62;2021-08-09;5257;5030;1012728;834568;69.7;57.4
62;2021-08-10;6221;7358;1018949;841926;70.1;58.0
62;2021-08-11;5415;7379;1024364;849305;70.5;58.5
62;2021-08-12;6001;7002;1030365;856307;70.9;58.9
62;2021-08-13;4508;6059;1034873;862366;71.2;59.4
62;2021-08-14;3831;6865;1038704;869231;71.5;59.8
62;2021-08-15;1138;1213;1039842;870444;71.6;59.9
62;2021-08-16;3179;5864;1043021;876308;71.8;60.3
62;2021-08-17;4169;7348;1047190;883656;72.1;60.8
62;2021-08-18;4348;7240;1051538;890896;72.4;61.3
62;2021-08-19;4349;8584;1055887;899480;72.7;61.9
62;2021-08-20;3372;8460;1059259;907940;72.9;62.5
62;2021-08-21;2456;9762;1061715;917702;73.1;63.2
62;2021-08-22;389;2815;1062104;920517;73.1;63.4
62;2021-08-23;2729;7829;1064833;928346;73.3;63.9
62;2021-08-24;3822;10411;1068655;938757;73.6;64.6
62;2021-08-25;3495;9201;1072150;947958;73.8;65.3
62;2021-08-26;3176;9773;1075326;957731;74.0;65.9
62;2021-08-27;2572;8824;1077898;966555;74.2;66.5
62;2021-08-28;2021;7994;1079919;974549;74.3;67.1
62;2021-08-29;861;2251;1080780;976800;74.4;67.2
62;2021-08-30;2032;7381;1082812;984181;74.5;67.7
62;2021-08-31;2126;8015;1084938;992196;74.7;68.3
62;2021-09-01;1805;6162;1086743;998358;74.8;68.7
62;2021-09-02;1839;6849;1088582;1005207;74.9;69.2
62;2021-09-03;2058;7368;1090640;1012575;75.1;69.7
62;2021-09-04;2115;6671;1092755;1019246;75.2;70.2
62;2021-09-05;311;1264;1093066;1020510;75.2;70.2
62;2021-09-06;1013;3803;1094079;1024313;75.3;70.5
62;2021-09-07;1225;4347;1095304;1028660;75.4;70.8
62;2021-09-08;1279;4546;1096583;1033206;75.5;71.1
62;2021-09-09;1265;4601;1097848;1037807;75.6;71.4
62;2021-09-10;1577;4867;1099425;1042674;75.7;71.8
62;2021-09-11;1262;4279;1100687;1046953;75.8;72.1
62;2021-09-12;199;546;1100886;1047499;75.8;72.1
62;2021-09-13;757;2752;1101643;1050251;75.8;72.3
63;2020-12-27;0;0;0;0;0.0;0.0
63;2020-12-28;1;0;1;0;0.0;0.0
63;2020-12-29;0;0;1;0;0.0;0.0
63;2020-12-30;0;0;1;0;0.0;0.0
63;2020-12-31;0;0;1;0;0.0;0.0
63;2021-01-01;1;0;2;0;0.0;0.0
63;2021-01-02;0;0;2;0;0.0;0.0
63;2021-01-03;1;0;3;0;0.0;0.0
63;2021-01-04;0;0;3;0;0.0;0.0
63;2021-01-05;1;0;4;0;0.0;0.0
63;2021-01-06;4;1;8;1;0.0;0.0
63;2021-01-07;310;0;318;1;0.0;0.0
63;2021-01-08;214;0;532;1;0.1;0.0
63;2021-01-09;91;0;623;1;0.1;0.0
63;2021-01-10;82;0;705;1;0.1;0.0
63;2021-01-11;431;2;1136;3;0.2;0.0
63;2021-01-12;661;1;1797;4;0.3;0.0
63;2021-01-13;873;2;2670;6;0.4;0.0
63;2021-01-14;545;8;3215;14;0.5;0.0
63;2021-01-15;431;3;3646;17;0.6;0.0
63;2021-01-16;157;0;3803;17;0.6;0.0
63;2021-01-17;133;0;3936;17;0.6;0.0
63;2021-01-18;632;2;4568;19;0.7;0.0
63;2021-01-19;866;1;5434;20;0.8;0.0
63;2021-01-20;1069;2;6503;22;1.0;0.0
63;2021-01-21;1015;3;7518;25;1.1;0.0
63;2021-01-22;968;3;8486;28;1.3;0.0
63;2021-01-23;192;0;8678;28;1.3;0.0
63;2021-01-24;164;1;8842;29;1.3;0.0
63;2021-01-25;829;0;9671;29;1.5;0.0
63;2021-01-26;972;2;10643;31;1.6;0.0
63;2021-01-27;1003;4;11646;35;1.8;0.0
63;2021-01-28;1320;67;12966;102;2.0;0.0
63;2021-01-29;1067;62;14033;164;2.1;0.0
63;2021-01-30;68;0;14101;164;2.1;0.0
63;2021-01-31;6;0;14107;164;2.1;0.0
63;2021-02-01;575;164;14682;328;2.2;0.0
63;2021-02-02;885;220;15567;548;2.4;0.1
63;2021-02-03;1474;270;17041;818;2.6;0.1
63;2021-02-04;2119;490;19160;1308;2.9;0.2
63;2021-02-05;1145;255;20305;1563;3.1;0.2
63;2021-02-06;117;0;20422;1563;3.1;0.2
63;2021-02-07;9;1;20431;1564;3.1;0.2
63;2021-02-08;538;348;20969;1912;3.2;0.3
63;2021-02-09;671;367;21640;2279;3.3;0.3
63;2021-02-10;608;514;22248;2793;3.4;0.4
63;2021-02-11;751;411;22999;3204;3.5;0.5
63;2021-02-12;820;734;23819;3938;3.6;0.6
63;2021-02-13;82;1;23901;3939;3.6;0.6
63;2021-02-14;0;57;23901;3996;3.6;0.6
63;2021-02-15;202;633;24103;4629;3.7;0.7
63;2021-02-16;409;966;24512;5595;3.7;0.8
63;2021-02-17;353;693;24865;6288;3.8;1.0
63;2021-02-18;607;684;25472;6972;3.9;1.1
63;2021-02-19;449;780;25921;7752;3.9;1.2
63;2021-02-20;35;17;25956;7769;3.9;1.2
63;2021-02-21;2;17;25958;7786;3.9;1.2
63;2021-02-22;291;713;26249;8499;4.0;1.3
63;2021-02-23;580;920;26829;9419;4.1;1.4
63;2021-02-24;696;1220;27525;10639;4.2;1.6
63;2021-02-25;1603;1523;29128;12162;4.4;1.8
63;2021-02-26;1625;1210;30753;13372;4.7;2.0
63;2021-02-27;642;70;31395;13442;4.8;2.0
63;2021-02-28;4;177;31399;13619;4.8;2.1
63;2021-03-01;586;411;31985;14030;4.8;2.1
63;2021-03-02;906;675;32891;14705;5.0;2.2
63;2021-03-03;1036;610;33927;15315;5.1;2.3
63;2021-03-04;1753;431;35680;15746;5.4;2.4
63;2021-03-05;2612;633;38292;16379;5.8;2.5
63;2021-03-06;1551;53;39843;16432;6.0;2.5
63;2021-03-07;513;19;40356;16451;6.1;2.5
63;2021-03-08;967;582;41323;17033;6.3;2.6
63;2021-03-09;1538;932;42861;17965;6.5;2.7
63;2021-03-10;1653;556;44514;18521;6.7;2.8
63;2021-03-11;3052;861;47566;19382;7.2;2.9
63;2021-03-12;3514;382;51080;19764;7.7;3.0
63;2021-03-13;2049;84;53129;19848;8.0;3.0
63;2021-03-14;61;22;53190;19870;8.1;3.0
63;2021-03-15;1766;364;54956;20234;8.3;3.1
63;2021-03-16;1746;393;56702;20627;8.6;3.1
63;2021-03-17;1642;673;58344;21300;8.8;3.2
63;2021-03-18;1941;735;60285;22035;9.1;3.3
63;2021-03-19;2742;485;63027;22520;9.5;3.4
63;2021-03-20;1121;70;64148;22590;9.7;3.4
63;2021-03-21;50;45;64198;22635;9.7;3.4
63;2021-03-22;1985;253;66183;22888;10.0;3.5
63;2021-03-23;2886;342;69069;23230;10.5;3.5
63;2021-03-24;3222;343;72291;23573;10.9;3.6
63;2021-03-25;4598;389;76889;23962;11.6;3.6
63;2021-03-26;4691;544;81580;24506;12.4;3.7
63;2021-03-27;2455;232;84035;24738;12.7;3.7
63;2021-03-28;1047;83;85082;24821;12.9;3.8
63;2021-03-29;2480;513;87562;25334;13.3;3.8
63;2021-03-30;3284;627;90846;25961;13.8;3.9
63;2021-03-31;2968;747;93814;26708;14.2;4.0
63;2021-04-01;3843;521;97657;27229;14.8;4.1
63;2021-04-02;3483;711;101140;27940;15.3;4.2
63;2021-04-03;1174;181;102314;28121;15.5;4.3
63;2021-04-04;877;28;103191;28149;15.6;4.3
63;2021-04-05;802;85;103993;28234;15.8;4.3
63;2021-04-06;2477;940;106470;29174;16.1;4.4
63;2021-04-07;3209;872;109679;30046;16.6;4.6
63;2021-04-08;4722;1219;114401;31265;17.3;4.7
63;2021-04-09;5314;998;119715;32263;18.1;4.9
63;2021-04-10;2221;481;121936;32744;18.5;5.0
63;2021-04-11;834;39;122770;32783;18.6;5.0
63;2021-04-12;1597;1309;124367;34092;18.8;5.2
63;2021-04-13;1986;1961;126353;36053;19.1;5.5
63;2021-04-14;2630;1437;128983;37490;19.5;5.7
63;2021-04-15;3809;1541;132792;39031;20.1;5.9
63;2021-04-16;2841;2157;135633;41188;20.5;6.2
63;2021-04-17;1233;672;136866;41860;20.7;6.3
63;2021-04-18;803;61;137669;41921;20.9;6.3
63;2021-04-19;1656;2100;139325;44021;21.1;6.7
63;2021-04-20;1702;2298;141027;46319;21.4;7.0
63;2021-04-21;1518;2407;142545;48726;21.6;7.4
63;2021-04-22;1915;2260;144460;50986;21.9;7.7
63;2021-04-23;2018;3110;146478;54096;22.2;8.2
63;2021-04-24;1192;1126;147670;55222;22.4;8.4
63;2021-04-25;554;412;148224;55634;22.5;8.4
63;2021-04-26;1438;2241;149662;57875;22.7;8.8
63;2021-04-27;2328;2607;151990;60482;23.0;9.2
63;2021-04-28;2347;3158;154337;63640;23.4;9.6
63;2021-04-29;2882;2813;157219;66453;23.8;10.1
63;2021-04-30;2862;2804;160081;69257;24.2;10.5
63;2021-05-01;1128;1051;161209;70308;24.4;10.6
63;2021-05-02;897;639;162106;70947;24.6;10.7
63;2021-05-03;2685;2232;164791;73179;25.0;11.1
63;2021-05-04;2879;2691;167670;75870;25.4;11.5
63;2021-05-05;2936;3116;170606;78986;25.8;12.0
63;2021-05-06;3671;3049;174277;82035;26.4;12.4
63;2021-05-07;4033;3528;178310;85563;27.0;13.0
63;2021-05-08;2000;653;180310;86216;27.3;13.1
63;2021-05-09;1802;606;182112;86822;27.6;13.2
63;2021-05-10;4196;2761;186308;89583;28.2;13.6
63;2021-05-11;5338;2759;191646;92342;29.0;14.0
63;2021-05-12;5270;2904;196916;95246;29.8;14.4
63;2021-05-13;4132;699;201048;95945;30.5;14.5
63;2021-05-14;4772;1510;205820;97455;31.2;14.8
63;2021-05-15;3724;986;209544;98441;31.7;14.9
63;2021-05-16;3521;447;213065;98888;32.3;15.0
63;2021-05-17;3899;1991;216964;100879;32.9;15.3
63;2021-05-18;5120;1610;222084;102489;33.6;15.5
63;2021-05-19;5222;1627;227306;104116;34.4;15.8
63;2021-05-20;6801;2088;234107;106204;35.5;16.1
63;2021-05-21;6254;2328;240361;108532;36.4;16.4
63;2021-05-22;3353;848;243714;109380;36.9;16.6
63;2021-05-23;2385;245;246099;109625;37.3;16.6
63;2021-05-24;2639;580;248738;110205;37.7;16.7
63;2021-05-25;4269;2641;253007;112846;38.3;17.1
63;2021-05-26;5451;2418;258458;115264;39.1;17.5
63;2021-05-27;6503;2800;264961;118064;40.1;17.9
63;2021-05-28;5420;3874;270381;121938;41.0;18.5
63;2021-05-29;3360;1499;273741;123437;41.5;18.7
63;2021-05-30;1579;217;275320;123654;41.7;18.7
63;2021-05-31;4154;2282;279474;125936;42.3;19.1
63;2021-06-01;3806;2955;283280;128891;42.9;19.5
63;2021-06-02;3888;2524;287168;131415;43.5;19.9
63;2021-06-03;4903;3138;292071;134553;44.2;20.4
63;2021-06-04;5100;3618;297171;138171;45.0;20.9
63;2021-06-05;2814;1742;299985;139913;45.4;21.2
63;2021-06-06;1308;697;301293;140610;45.6;21.3
63;2021-06-07;3165;2514;304458;143124;46.1;21.7
63;2021-06-08;2880;2752;307338;145876;46.5;22.1
63;2021-06-09;3026;2271;310364;148147;47.0;22.4
63;2021-06-10;3226;2689;313590;150836;47.5;22.8
63;2021-06-11;3100;4044;316690;154880;48.0;23.5
63;2021-06-12;1638;1969;318328;156849;48.2;23.8
63;2021-06-13;482;1098;318810;157947;48.3;23.9
63;2021-06-14;1826;3472;320636;161419;48.6;24.4
63;2021-06-15;2210;3477;322846;164896;48.9;25.0
63;2021-06-16;2575;3313;325421;168209;49.3;25.5
63;2021-06-17;2400;4314;327821;172523;49.7;26.1
63;2021-06-18;2479;5827;330300;178350;50.0;27.0
63;2021-06-19;1641;2835;331941;181185;50.3;27.4
63;2021-06-20;677;2441;332618;183626;50.4;27.8
63;2021-06-21;1272;5387;333890;189013;50.6;28.6
63;2021-06-22;1233;5537;335123;194550;50.8;29.5
63;2021-06-23;1530;4765;336653;199315;51.0;30.2
63;2021-06-24;1925;5384;338578;204699;51.3;31.0
63;2021-06-25;1752;5896;340330;210595;51.5;31.9
63;2021-06-26;1073;3351;341403;213946;51.7;32.4
63;2021-06-27;713;3487;342116;217433;51.8;32.9
63;2021-06-28;1137;5663;343253;223096;52.0;33.8
63;2021-06-29;1225;5159;344478;228255;52.2;34.6
63;2021-06-30;1603;5291;346081;233546;52.4;35.4
63;2021-07-01;1916;8063;347997;241609;52.7;36.6
63;2021-07-02;2061;6542;350058;248151;53.0;37.6
63;2021-07-03;963;2925;351021;251076;53.2;38.0
63;2021-07-04;1066;1885;352087;252961;53.3;38.3
63;2021-07-05;1539;6280;353626;259241;53.6;39.3
63;2021-07-06;1603;4804;355229;264045;53.8;40.0
63;2021-07-07;1976;4086;357205;268131;54.1;40.6
63;2021-07-08;2207;4580;359412;272711;54.4;41.3
63;2021-07-09;1926;5720;361338;278431;54.7;42.2
63;2021-07-10;1536;3415;362874;281846;55.0;42.7
63;2021-07-11;910;1537;363784;283383;55.1;42.9
63;2021-07-12;1595;8703;365379;292086;55.3;44.2
63;2021-07-13;3601;6135;368980;298221;55.9;45.2
63;2021-07-14;3618;1790;372598;300011;56.4;45.4
63;2021-07-15;4415;5032;377013;305043;57.1;46.2
63;2021-07-16;4694;5783;381707;310826;57.8;47.1
63;2021-07-17;3013;2473;384720;313299;58.3;47.5
63;2021-07-18;2826;1089;387546;314388;58.7;47.6
63;2021-07-19;4002;4844;391548;319232;59.3;48.4
63;2021-07-20;4740;5455;396288;324687;60.0;49.2
63;2021-07-21;4793;3977;401081;328664;60.7;49.8
63;2021-07-22;5510;4398;406591;333062;61.6;50.4
63;2021-07-23;5160;4651;411751;337713;62.4;51.2
63;2021-07-24;3677;1951;415428;339664;62.9;51.4
63;2021-07-25;3065;1438;418493;341102;63.4;51.7
63;2021-07-26;4040;3227;422533;344329;64.0;52.2
63;2021-07-27;3934;3161;426467;347490;64.6;52.6
63;2021-07-28;3857;2716;430324;350206;65.2;53.0
63;2021-07-29;4455;3159;434779;353365;65.9;53.5
63;2021-07-30;3817;3574;438596;356939;66.4;54.1
63;2021-07-31;2161;1718;440757;358657;66.8;54.3
63;2021-08-01;1197;836;441954;359493;66.9;54.4
63;2021-08-02;2234;3067;444188;362560;67.3;54.9
63;2021-08-03;2740;3267;446928;365827;67.7;55.4
63;2021-08-04;2818;3243;449746;369070;68.1;55.9
63;2021-08-05;2445;3472;452191;372542;68.5;56.4
63;2021-08-06;2357;4152;454548;376694;68.8;57.1
63;2021-08-07;1308;2806;455856;379500;69.0;57.5
63;2021-08-08;324;1205;456180;380705;69.1;57.7
63;2021-08-09;1897;4222;458077;384927;69.4;58.3
63;2021-08-10;2298;3995;460375;388922;69.7;58.9
63;2021-08-11;2138;3628;462513;392550;70.1;59.5
63;2021-08-12;1949;4623;464462;397173;70.3;60.2
63;2021-08-13;1685;4009;466147;401182;70.6;60.8
63;2021-08-14;842;3236;466989;404418;70.7;61.3
63;2021-08-15;184;1450;467173;405868;70.8;61.5
63;2021-08-16;1259;4398;468432;410266;70.9;62.1
63;2021-08-17;1626;4051;470058;414317;71.2;62.8
63;2021-08-18;1467;3303;471525;417620;71.4;63.3
63;2021-08-19;1365;3445;472890;421065;71.6;63.8
63;2021-08-20;1375;3711;474265;424776;71.8;64.3
63;2021-08-21;674;2165;474939;426941;71.9;64.7
63;2021-08-22;212;1092;475151;428033;72.0;64.8
63;2021-08-23;1067;3591;476218;431624;72.1;65.4
63;2021-08-24;1083;2986;477301;434610;72.3;65.8
63;2021-08-25;1001;2790;478302;437400;72.4;66.2
63;2021-08-26;1125;2705;479427;440105;72.6;66.7
63;2021-08-27;1143;3160;480570;443265;72.8;67.1
63;2021-08-28;696;1708;481266;444973;72.9;67.4
63;2021-08-29;107;577;481373;445550;72.9;67.5
63;2021-08-30;786;2443;482159;447993;73.0;67.9
63;2021-08-31;985;2564;483144;450557;73.2;68.2
63;2021-09-01;916;2136;484060;452693;73.3;68.6
63;2021-09-02;816;2195;484876;454888;73.4;68.9
63;2021-09-03;903;2662;485779;457550;73.6;69.3
63;2021-09-04;707;1536;486486;459086;73.7;69.5
63;2021-09-05;80;273;486566;459359;73.7;69.6
63;2021-09-06;557;1608;487123;460967;73.8;69.8
63;2021-09-07;655;1737;487778;462704;73.9;70.1
63;2021-09-08;703;1786;488481;464490;74.0;70.4
63;2021-09-09;585;1647;489066;466137;74.1;70.6
63;2021-09-10;729;2126;489795;468263;74.2;70.9
63;2021-09-11;454;1117;490249;469380;74.3;71.1
63;2021-09-12;49;159;490298;469539;74.3;71.1
63;2021-09-13;455;1454;490753;470993;74.3;71.3
64;2020-12-27;1;0;1;0;0.0;0.0
64;2020-12-28;2;0;3;0;0.0;0.0
64;2020-12-29;0;0;3;0;0.0;0.0
64;2020-12-30;0;0;3;0;0.0;0.0
64;2020-12-31;0;0;3;0;0.0;0.0
64;2021-01-01;0;0;3;0;0.0;0.0
64;2021-01-02;0;0;3;0;0.0;0.0
64;2021-01-03;0;0;3;0;0.0;0.0
64;2021-01-04;29;0;32;0;0.0;0.0
64;2021-01-05;25;0;57;0;0.0;0.0
64;2021-01-06;188;0;245;0;0.0;0.0
64;2021-01-07;842;1;1087;1;0.2;0.0
64;2021-01-08;880;2;1967;3;0.3;0.0
64;2021-01-09;54;0;2021;3;0.3;0.0
64;2021-01-10;2;0;2023;3;0.3;0.0
64;2021-01-11;543;0;2566;3;0.4;0.0
64;2021-01-12;760;3;3326;6;0.5;0.0
64;2021-01-13;866;2;4192;8;0.6;0.0
64;2021-01-14;1045;3;5237;11;0.8;0.0
64;2021-01-15;929;3;6166;14;0.9;0.0
64;2021-01-16;70;0;6236;14;0.9;0.0
64;2021-01-17;5;0;6241;14;0.9;0.0
64;2021-01-18;942;5;7183;19;1.1;0.0
64;2021-01-19;1448;2;8631;21;1.3;0.0
64;2021-01-20;1617;3;10248;24;1.5;0.0
64;2021-01-21;2604;1;12852;25;1.9;0.0
64;2021-01-22;1651;3;14503;28;2.1;0.0
64;2021-01-23;524;1;15027;29;2.2;0.0
64;2021-01-24;89;0;15116;29;2.2;0.0
64;2021-01-25;974;7;16090;36;2.4;0.0
64;2021-01-26;1358;21;17448;57;2.6;0.0
64;2021-01-27;1243;116;18691;173;2.7;0.0
64;2021-01-28;1649;606;20340;779;3.0;0.1
64;2021-01-29;973;630;21313;1409;3.1;0.2
64;2021-01-30;468;54;21781;1463;3.2;0.2
64;2021-01-31;92;0;21873;1463;3.2;0.2
64;2021-02-01;674;289;22547;1752;3.3;0.3
64;2021-02-02;1134;526;23681;2278;3.5;0.3
64;2021-02-03;1042;605;24723;2883;3.6;0.4
64;2021-02-04;1027;515;25750;3398;3.8;0.5
64;2021-02-05;867;445;26617;3843;3.9;0.6
64;2021-02-06;501;32;27118;3875;4.0;0.6
64;2021-02-07;131;3;27249;3878;4.0;0.6
64;2021-02-08;769;278;28018;4156;4.1;0.6
64;2021-02-09;948;672;28966;4828;4.2;0.7
64;2021-02-10;916;751;29882;5579;4.4;0.8
64;2021-02-11;1200;1409;31082;6988;4.5;1.0
64;2021-02-12;1076;988;32158;7976;4.7;1.2
64;2021-02-13;225;224;32383;8200;4.7;1.2
64;2021-02-14;38;27;32421;8227;4.7;1.2
64;2021-02-15;221;865;32642;9092;4.8;1.3
64;2021-02-16;260;1201;32902;10293;4.8;1.5
64;2021-02-17;290;1034;33192;11327;4.9;1.7
64;2021-02-18;508;1492;33700;12819;4.9;1.9
64;2021-02-19;415;1062;34115;13881;5.0;2.0
64;2021-02-20;119;326;34234;14207;5.0;2.1
64;2021-02-21;20;66;34254;14273;5.0;2.1
64;2021-02-22;477;786;34731;15059;5.1;2.2
64;2021-02-23;721;924;35452;15983;5.2;2.3
64;2021-02-24;732;849;36184;16832;5.3;2.5
64;2021-02-25;1094;788;37278;17620;5.5;2.6
64;2021-02-26;1216;760;38494;18380;5.6;2.7
64;2021-02-27;864;313;39358;18693;5.8;2.7
64;2021-02-28;42;60;39400;18753;5.8;2.7
64;2021-03-01;766;646;40166;19399;5.9;2.8
64;2021-03-02;1079;770;41245;20169;6.0;3.0
64;2021-03-03;1251;879;42496;21048;6.2;3.1
64;2021-03-04;1879;1090;44375;22138;6.5;3.2
64;2021-03-05;2198;963;46573;23101;6.8;3.4
64;2021-03-06;1543;464;48116;23565;7.0;3.4
64;2021-03-07;596;85;48712;23650;7.1;3.5
64;2021-03-08;1535;690;50247;24340;7.4;3.6
64;2021-03-09;2069;770;52316;25110;7.7;3.7
64;2021-03-10;2082;704;54398;25814;8.0;3.8
64;2021-03-11;2974;1006;57372;26820;8.4;3.9
64;2021-03-12;3487;570;60859;27390;8.9;4.0
64;2021-03-13;2258;161;63117;27551;9.2;4.0
64;2021-03-14;233;15;63350;27566;9.3;4.0
64;2021-03-15;2337;221;65687;27787;9.6;4.1
64;2021-03-16;1993;260;67680;28047;9.9;4.1
64;2021-03-17;2072;236;69752;28283;10.2;4.1
64;2021-03-18;2464;207;72216;28490;10.6;4.2
64;2021-03-19;3013;279;75229;28769;11.0;4.2
64;2021-03-20;2469;92;77698;28861;11.4;4.2
64;2021-03-21;1280;27;78978;28888;11.6;4.2
64;2021-03-22;2589;541;81567;29429;11.9;4.3
64;2021-03-23;3198;644;84765;30073;12.4;4.4
64;2021-03-24;3564;695;88329;30768;12.9;4.5
64;2021-03-25;4351;796;92680;31564;13.6;4.6
64;2021-03-26;4429;695;97109;32259;14.2;4.7
64;2021-03-27;2973;429;100082;32688;14.6;4.8
64;2021-03-28;521;55;100603;32743;14.7;4.8
64;2021-03-29;3028;874;103631;33617;15.2;4.9
64;2021-03-30;4136;864;107767;34481;15.8;5.0
64;2021-03-31;3593;787;111360;35268;16.3;5.2
64;2021-04-01;4783;936;116143;36204;17.0;5.3
64;2021-04-02;4445;743;120588;36947;17.7;5.4
64;2021-04-03;2060;584;122648;37531;18.0;5.5
64;2021-04-04;309;48;122957;37579;18.0;5.5
64;2021-04-05;1689;142;124646;37721;18.2;5.5
64;2021-04-06;3654;1388;128300;39109;18.8;5.7
64;2021-04-07;3948;1508;132248;40617;19.4;5.9
64;2021-04-08;5195;1592;137443;42209;20.1;6.2
64;2021-04-09;5900;1636;143343;43845;21.0;6.4
64;2021-04-10;3223;1047;146566;44892;21.5;6.6
64;2021-04-11;448;251;147014;45143;21.5;6.6
64;2021-04-12;4047;1863;151061;47006;22.1;6.9
64;2021-04-13;4466;2161;155527;49167;22.8;7.2
64;2021-04-14;4089;2133;159616;51300;23.4;7.5
64;2021-04-15;4396;2291;164012;53591;24.0;7.8
64;2021-04-16;4298;2255;168310;55846;24.6;8.2
64;2021-04-17;2480;1496;170790;57342;25.0;8.4
64;2021-04-18;1096;1181;171886;58523;25.2;8.6
64;2021-04-19;2735;2440;174621;60963;25.6;8.9
64;2021-04-20;3209;2425;177830;63388;26.0;9.3
64;2021-04-21;3225;2559;181055;65947;26.5;9.7
64;2021-04-22;3389;2780;184444;68727;27.0;10.1
64;2021-04-23;3434;2612;187878;71339;27.5;10.4
64;2021-04-24;2068;1587;189946;72926;27.8;10.7
64;2021-04-25;290;235;190236;73161;27.8;10.7
64;2021-04-26;2659;2644;192895;75805;28.2;11.1
64;2021-04-27;3061;3130;195956;78935;28.7;11.6
64;2021-04-28;3605;3056;199561;81991;29.2;12.0
64;2021-04-29;4653;3457;204214;85448;29.9;12.5
64;2021-04-30;4086;3599;208300;89047;30.5;13.0
64;2021-05-01;1485;1030;209785;90077;30.7;13.2
64;2021-05-02;446;325;210231;90402;30.8;13.2
64;2021-05-03;2909;3520;213140;93922;31.2;13.7
64;2021-05-04;3647;3980;216787;97902;31.7;14.3
64;2021-05-05;3360;4009;220147;101911;32.2;14.9
64;2021-05-06;4110;3989;224257;105900;32.8;15.5
64;2021-05-07;3922;4189;228179;110089;33.4;16.1
64;2021-05-08;2621;1236;230800;111325;33.8;16.3
64;2021-05-09;720;305;231520;111630;33.9;16.3
64;2021-05-10;2862;4234;234382;115864;34.3;17.0
64;2021-05-11;4186;4141;238568;120005;34.9;17.6
64;2021-05-12;4488;3940;243056;123945;35.6;18.1
64;2021-05-13;3199;885;246255;124830;36.0;18.3
64;2021-05-14;5153;3149;251408;127979;36.8;18.7
64;2021-05-15;3526;1865;254934;129844;37.3;19.0
64;2021-05-16;498;225;255432;130069;37.4;19.0
64;2021-05-17;4193;2387;259625;132456;38.0;19.4
64;2021-05-18;5165;2299;264790;134755;38.8;19.7
64;2021-05-19;4978;2163;269768;136918;39.5;20.0
64;2021-05-20;5570;2159;275338;139077;40.3;20.4
64;2021-05-21;5273;2247;280611;141324;41.1;20.7
64;2021-05-22;3582;1508;284193;142832;41.6;20.9
64;2021-05-23;431;206;284624;143038;41.7;20.9
64;2021-05-24;2997;1230;287621;144268;42.1;21.1
64;2021-05-25;4334;2850;291955;147118;42.7;21.5
64;2021-05-26;4356;2714;296311;149832;43.4;21.9
64;2021-05-27;5285;3155;301596;152987;44.1;22.4
64;2021-05-28;4620;3432;306216;156419;44.8;22.9
64;2021-05-29;2811;2111;309027;158530;45.2;23.2
64;2021-05-30;439;203;309466;158733;45.3;23.2
64;2021-05-31;3890;3662;313356;162395;45.9;23.8
64;2021-06-01;5339;3566;318695;165961;46.6;24.3
64;2021-06-02;4934;3175;323629;169136;47.4;24.8
64;2021-06-03;6367;3255;329996;172391;48.3;25.2
64;2021-06-04;5151;4552;335147;176943;49.1;25.9
64;2021-06-05;3485;2521;338632;179464;49.6;26.3
64;2021-06-06;2014;328;340646;179792;49.9;26.3
64;2021-06-07;4130;4332;344776;184124;50.5;27.0
64;2021-06-08;5155;4119;349931;188243;51.2;27.6
64;2021-06-09;5153;3655;355084;191898;52.0;28.1
64;2021-06-10;6182;3145;361266;195043;52.9;28.5
64;2021-06-11;5591;4875;366857;199918;53.7;29.3
64;2021-06-12;3950;2329;370807;202247;54.3;29.6
64;2021-06-13;1556;392;372363;202639;54.5;29.7
64;2021-06-14;3671;4792;376034;207431;55.0;30.4
64;2021-06-15;4574;4708;380608;212139;55.7;31.1
64;2021-06-16;4471;4665;385079;216804;56.4;31.7
64;2021-06-17;3643;4305;388722;221109;56.9;32.4
64;2021-06-18;4425;5168;393147;226277;57.5;33.1
64;2021-06-19;2985;3282;396132;229559;58.0;33.6
64;2021-06-20;881;539;397013;230098;58.1;33.7
64;2021-06-21;2315;5124;399328;235222;58.5;34.4
64;2021-06-22;2559;5729;401887;240951;58.8;35.3
64;2021-06-23;3105;5482;404992;246433;59.3;36.1
64;2021-06-24;2720;3809;407712;250242;59.7;36.6
64;2021-06-25;2903;6437;410615;256679;60.1;37.6
64;2021-06-26;1799;3837;412414;260516;60.4;38.1
64;2021-06-27;492;713;412906;261229;60.4;38.2
64;2021-06-28;1935;6070;414841;267299;60.7;39.1
64;2021-06-29;1965;6267;416806;273566;61.0;40.0
64;2021-06-30;2255;6001;419061;279567;61.3;40.9
64;2021-07-01;2413;5345;421474;284912;61.7;41.7
64;2021-07-02;2305;6404;423779;291316;62.0;42.6
64;2021-07-03;1263;3782;425042;295098;62.2;43.2
64;2021-07-04;411;847;425453;295945;62.3;43.3
64;2021-07-05;1379;5409;426832;301354;62.5;44.1
64;2021-07-06;1997;6150;428829;307504;62.8;45.0
64;2021-07-07;2065;5752;430894;313256;63.1;45.9
64;2021-07-08;1802;4398;432696;317654;63.3;46.5
64;2021-07-09;1824;6540;434520;324194;63.6;47.5
64;2021-07-10;1171;3881;435691;328075;63.8;48.0
64;2021-07-11;253;860;435944;328935;63.8;48.1
64;2021-07-12;1502;6089;437446;335024;64.0;49.0
64;2021-07-13;2366;7251;439812;342275;64.4;50.1
64;2021-07-14;2372;3406;442184;345681;64.7;50.6
64;2021-07-15;2104;5483;444288;351164;65.0;51.4
64;2021-07-16;2848;6774;447136;357938;65.5;52.4
64;2021-07-17;2338;4586;449474;362524;65.8;53.1
64;2021-07-18;716;2050;450190;364574;65.9;53.4
64;2021-07-19;2352;6123;452542;370697;66.2;54.3
64;2021-07-20;3127;6556;455669;377253;66.7;55.2
64;2021-07-21;3346;6047;459015;383300;67.2;56.1
64;2021-07-22;3816;5717;462831;389017;67.7;56.9
64;2021-07-23;3726;5619;466557;394636;68.3;57.8
64;2021-07-24;2551;4428;469108;399064;68.7;58.4
64;2021-07-25;753;1062;469861;400126;68.8;58.6
64;2021-07-26;3089;5133;472950;405259;69.2;59.3
64;2021-07-27;4264;5144;477214;410403;69.9;60.1
64;2021-07-28;4316;4595;481530;414998;70.5;60.7
64;2021-07-29;5520;3902;487050;418900;71.3;61.3
64;2021-07-30;5150;4223;492200;423123;72.0;61.9
64;2021-07-31;3173;3347;495373;426470;72.5;62.4
64;2021-08-01;1145;588;496518;427058;72.7;62.5
64;2021-08-02;4357;2632;500875;429690;73.3;62.9
64;2021-08-03;4551;3175;505426;432865;74.0;63.4
64;2021-08-04;4130;2997;509556;435862;74.6;63.8
64;2021-08-05;4022;2613;513578;438475;75.2;64.2
64;2021-08-06;3839;3337;517417;441812;75.7;64.7
64;2021-08-07;2482;2700;519899;444512;76.1;65.1
64;2021-08-08;492;609;520391;445121;76.2;65.2
64;2021-08-09;2736;3201;523127;448322;76.6;65.6
64;2021-08-10;3348;3433;526475;451755;77.1;66.1
64;2021-08-11;3064;3263;529539;455018;77.5;66.6
64;2021-08-12;3186;3301;532725;458319;78.0;67.1
64;2021-08-13;2573;3657;535298;461976;78.4;67.6
64;2021-08-14;1628;2681;536926;464657;78.6;68.0
64;2021-08-15;207;691;537133;465348;78.6;68.1
64;2021-08-16;2102;3233;539235;468581;78.9;68.6
64;2021-08-17;2291;3705;541526;472286;79.3;69.1
64;2021-08-18;2040;3517;543566;475803;79.6;69.6
64;2021-08-19;1933;3524;545499;479327;79.8;70.2
64;2021-08-20;1577;3974;547076;483301;80.1;70.7
64;2021-08-21;972;2881;548048;486182;80.2;71.2
64;2021-08-22;160;894;548208;487076;80.2;71.3
64;2021-08-23;1260;3237;549468;490313;80.4;71.8
64;2021-08-24;1369;4593;550837;494906;80.6;72.4
64;2021-08-25;1253;3745;552090;498651;80.8;73.0
64;2021-08-26;1102;3532;553192;502183;81.0;73.5
64;2021-08-27;1186;4225;554378;506408;81.1;74.1
64;2021-08-28;730;2497;555108;508905;81.3;74.5
64;2021-08-29;90;533;555198;509438;81.3;74.6
64;2021-08-30;984;3610;556182;513048;81.4;75.1
64;2021-08-31;989;3972;557171;517020;81.6;75.7
64;2021-09-01;913;3192;558084;520212;81.7;76.1
64;2021-09-02;892;3260;558976;523472;81.8;76.6
64;2021-09-03;867;3200;559843;526672;81.9;77.1
64;2021-09-04;694;2242;560537;528914;82.0;77.4
64;2021-09-05;74;267;560611;529181;82.1;77.5
64;2021-09-06;527;2582;561138;531763;82.1;77.8
64;2021-09-07;709;2337;561847;534100;82.2;78.2
64;2021-09-08;730;2830;562577;536930;82.3;78.6
64;2021-09-09;473;2161;563050;539091;82.4;78.9
64;2021-09-10;736;2472;563786;541563;82.5;79.3
64;2021-09-11;592;2134;564378;543697;82.6;79.6
64;2021-09-12;60;211;564438;543908;82.6;79.6
64;2021-09-13;426;1911;564864;545819;82.7;79.9
65;2020-12-27;0;0;0;0;0.0;0.0
65;2020-12-28;1;0;1;0;0.0;0.0
65;2020-12-29;0;0;1;0;0.0;0.0
65;2020-12-30;0;0;1;0;0.0;0.0
65;2020-12-31;0;0;1;0;0.0;0.0
65;2021-01-01;1;0;2;0;0.0;0.0
65;2021-01-02;0;0;2;0;0.0;0.0
65;2021-01-03;0;0;2;0;0.0;0.0
65;2021-01-04;0;0;2;0;0.0;0.0
65;2021-01-05;1;0;3;0;0.0;0.0
65;2021-01-06;3;0;6;0;0.0;0.0
65;2021-01-07;167;0;173;0;0.1;0.0
65;2021-01-08;253;1;426;1;0.2;0.0
65;2021-01-09;177;1;603;2;0.3;0.0
65;2021-01-10;1;0;604;2;0.3;0.0
65;2021-01-11;275;3;879;5;0.4;0.0
65;2021-01-12;272;1;1151;6;0.5;0.0
65;2021-01-13;587;1;1738;7;0.8;0.0
65;2021-01-14;579;5;2317;12;1.0;0.0
65;2021-01-15;527;2;2844;14;1.3;0.0
65;2021-01-16;221;2;3065;16;1.4;0.0
65;2021-01-17;1;0;3066;16;1.4;0.0
65;2021-01-18;554;4;3620;20;1.6;0.0
65;2021-01-19;570;2;4190;22;1.8;0.0
65;2021-01-20;585;5;4775;27;2.1;0.0
65;2021-01-21;584;0;5359;27;2.4;0.0
65;2021-01-22;598;0;5957;27;2.6;0.0
65;2021-01-23;174;1;6131;28;2.7;0.0
65;2021-01-24;3;1;6134;29;2.7;0.0
65;2021-01-25;551;4;6685;33;2.9;0.0
65;2021-01-26;882;2;7567;35;3.3;0.0
65;2021-01-27;588;11;8155;46;3.6;0.0
65;2021-01-28;509;70;8664;116;3.8;0.1
65;2021-01-29;426;135;9090;251;4.0;0.1
65;2021-01-30;183;69;9273;320;4.1;0.1
65;2021-01-31;15;0;9288;320;4.1;0.1
65;2021-02-01;349;77;9637;397;4.2;0.2
65;2021-02-02;427;150;10064;547;4.4;0.2
65;2021-02-03;463;222;10527;769;4.6;0.3
65;2021-02-04;310;274;10837;1043;4.8;0.5
65;2021-02-05;284;329;11121;1372;4.9;0.6
65;2021-02-06;99;74;11220;1446;4.9;0.6
65;2021-02-07;10;0;11230;1446;5.0;0.6
65;2021-02-08;427;189;11657;1635;5.1;0.7
65;2021-02-09;272;313;11929;1948;5.3;0.9
65;2021-02-10;298;210;12227;2158;5.4;1.0
65;2021-02-11;320;228;12547;2386;5.5;1.1
65;2021-02-12;277;179;12824;2565;5.7;1.1
65;2021-02-13;125;80;12949;2645;5.7;1.2
65;2021-02-14;3;15;12952;2660;5.7;1.2
65;2021-02-15;203;320;13155;2980;5.8;1.3
65;2021-02-16;489;460;13644;3440;6.0;1.5
65;2021-02-17;231;410;13875;3850;6.1;1.7
65;2021-02-18;284;474;14159;4324;6.2;1.9
65;2021-02-19;156;374;14315;4698;6.3;2.1
65;2021-02-20;53;140;14368;4838;6.3;2.1
65;2021-02-21;3;48;14371;4886;6.3;2.2
65;2021-02-22;166;438;14537;5324;6.4;2.3
65;2021-02-23;249;439;14786;5763;6.5;2.5
65;2021-02-24;232;538;15018;6301;6.6;2.8
65;2021-02-25;214;159;15232;6460;6.7;2.8
65;2021-02-26;350;643;15582;7103;6.9;3.1
65;2021-02-27;109;171;15691;7274;6.9;3.2
65;2021-02-28;1;0;15692;7274;6.9;3.2
65;2021-03-01;378;324;16070;7598;7.1;3.3
65;2021-03-02;454;299;16524;7897;7.3;3.5
65;2021-03-03;381;336;16905;8233;7.5;3.6
65;2021-03-04;695;288;17600;8521;7.8;3.8
65;2021-03-05;678;263;18278;8784;8.1;3.9
65;2021-03-06;1187;78;19465;8862;8.6;3.9
65;2021-03-07;258;12;19723;8874;8.7;3.9
65;2021-03-08;412;316;20135;9190;8.9;4.1
65;2021-03-09;669;314;20804;9504;9.2;4.2
65;2021-03-10;625;351;21429;9855;9.4;4.3
65;2021-03-11;778;342;22207;10197;9.8;4.5
65;2021-03-12;1059;183;23266;10380;10.3;4.6
65;2021-03-13;354;89;23620;10469;10.4;4.6
65;2021-03-14;3;30;23623;10499;10.4;4.6
65;2021-03-15;816;182;24439;10681;10.8;4.7
65;2021-03-16;693;213;25132;10894;11.1;4.8
65;2021-03-17;711;201;25843;11095;11.4;4.9
65;2021-03-18;536;231;26379;11326;11.6;5.0
65;2021-03-19;878;158;27257;11484;12.0;5.1
65;2021-03-20;245;42;27502;11526;12.1;5.1
65;2021-03-21;12;2;27514;11528;12.1;5.1
65;2021-03-22;735;149;28249;11677;12.5;5.1
65;2021-03-23;837;359;29086;12036;12.8;5.3
65;2021-03-24;867;251;29953;12287;13.2;5.4
65;2021-03-25;1253;188;31206;12475;13.8;5.5
65;2021-03-26;1225;139;32431;12614;14.3;5.6
65;2021-03-27;1357;92;33788;12706;14.9;5.6
65;2021-03-28;1;1;33789;12707;14.9;5.6
65;2021-03-29;1492;358;35281;13065;15.6;5.8
65;2021-03-30;1357;406;36638;13471;16.2;5.9
65;2021-03-31;1208;367;37846;13838;16.7;6.1
65;2021-04-01;1510;393;39356;14231;17.3;6.3
65;2021-04-02;1684;286;41040;14517;18.1;6.4
65;2021-04-03;247;45;41287;14562;18.2;6.4
65;2021-04-04;4;2;41291;14564;18.2;6.4
65;2021-04-05;158;44;41449;14608;18.3;6.4
65;2021-04-06;1295;493;42744;15101;18.8;6.7
65;2021-04-07;1959;458;44703;15559;19.7;6.9
65;2021-04-08;1643;414;46346;15973;20.4;7.0
65;2021-04-09;1644;471;47990;16444;21.2;7.2
65;2021-04-10;1591;149;49581;16593;21.9;7.3
65;2021-04-11;3;0;49584;16593;21.9;7.3
65;2021-04-12;1350;735;50934;17328;22.5;7.6
65;2021-04-13;1578;589;52512;17917;23.1;7.9
65;2021-04-14;1904;744;54416;18661;24.0;8.2
65;2021-04-15;1701;669;56117;19330;24.7;8.5
65;2021-04-16;1824;527;57941;19857;25.5;8.8
65;2021-04-17;2156;132;60097;19989;26.5;8.8
65;2021-04-18;7;27;60104;20016;26.5;8.8
65;2021-04-19;1337;766;61441;20782;27.1;9.2
65;2021-04-20;1531;706;62972;21488;27.8;9.5
65;2021-04-21;1054;1041;64026;22529;28.2;9.9
65;2021-04-22;1646;725;65672;23254;29.0;10.3
65;2021-04-23;1160;1146;66832;24400;29.5;10.8
65;2021-04-24;1265;610;68097;25010;30.0;11.0
65;2021-04-25;31;15;68128;25025;30.0;11.0
65;2021-04-26;1609;1292;69737;26317;30.7;11.6
65;2021-04-27;1423;1337;71160;27654;31.4;12.2
65;2021-04-28;1731;1021;72891;28675;32.1;12.6
65;2021-04-29;1959;1031;74850;29706;33.0;13.1
65;2021-04-30;1782;923;76632;30629;33.8;13.5
65;2021-05-01;1574;229;78206;30858;34.5;13.6
65;2021-05-02;671;25;78877;30883;34.8;13.6
65;2021-05-03;1280;1618;80157;32501;35.3;14.3
65;2021-05-04;1536;1241;81693;33742;36.0;14.9
65;2021-05-05;1374;1640;83067;35382;36.6;15.6
65;2021-05-06;1558;1172;84625;36554;37.3;16.1
65;2021-05-07;1274;1566;85899;38120;37.9;16.8
65;2021-05-08;1647;443;87546;38563;38.6;17.0
65;2021-05-09;0;87;87546;38650;38.6;17.0
65;2021-05-10;954;1883;88500;40533;39.0;17.9
65;2021-05-11;1059;1808;89559;42341;39.5;18.7
65;2021-05-12;1236;1636;90795;43977;40.0;19.4
65;2021-05-13;1345;171;92140;44148;40.6;19.5
65;2021-05-14;1575;1094;93715;45242;41.3;19.9
65;2021-05-15;1401;509;95116;45751;41.9;20.2
65;2021-05-16;1444;70;96560;45821;42.6;20.2
65;2021-05-17;1036;1614;97596;47435;43.0;20.9
65;2021-05-18;1613;1206;99209;48641;43.7;21.4
65;2021-05-19;1685;1009;100894;49650;44.5;21.9
65;2021-05-20;1845;1054;102739;50704;45.3;22.4
65;2021-05-21;1791;1230;104530;51934;46.1;22.9
65;2021-05-22;1287;638;105817;52572;46.6;23.2
65;2021-05-23;689;32;106506;52604;47.0;23.2
65;2021-05-24;703;77;107209;52681;47.3;23.2
65;2021-05-25;1358;1548;108567;54229;47.9;23.9
65;2021-05-26;1472;1353;110039;55582;48.5;24.5
65;2021-05-27;1622;1461;111661;57043;49.2;25.1
65;2021-05-28;1599;1670;113260;58713;49.9;25.9
65;2021-05-29;1188;1515;114448;60228;50.5;26.6
65;2021-05-30;7;10;114455;60238;50.5;26.6
65;2021-05-31;1324;1299;115779;61537;51.0;27.1
65;2021-06-01;1833;936;117612;62473;51.8;27.5
65;2021-06-02;1575;950;119187;63423;52.5;28.0
65;2021-06-03;1342;1104;120529;64527;53.1;28.4
65;2021-06-04;1791;1559;122320;66086;53.9;29.1
65;2021-06-05;433;1240;122753;67326;54.1;29.7
65;2021-06-06;3;13;122756;67339;54.1;29.7
65;2021-06-07;674;1984;123430;69323;54.4;30.6
65;2021-06-08;956;1532;124386;70855;54.8;31.2
65;2021-06-09;827;1546;125213;72401;55.2;31.9
65;2021-06-10;740;1154;125953;73555;55.5;32.4
65;2021-06-11;911;1802;126864;75357;55.9;33.2
65;2021-06-12;150;640;127014;75997;56.0;33.5
65;2021-06-13;5;7;127019;76004;56.0;33.5
65;2021-06-14;502;2422;127521;78426;56.2;34.6
65;2021-06-15;942;1802;128463;80228;56.6;35.4
65;2021-06-16;1065;1366;129528;81594;57.1;36.0
65;2021-06-17;814;1046;130342;82640;57.5;36.4
65;2021-06-18;1017;1632;131359;84272;57.9;37.2
65;2021-06-19;691;1689;132050;85961;58.2;37.9
65;2021-06-20;2;2;132052;85963;58.2;37.9
65;2021-06-21;735;1940;132787;87903;58.5;38.8
65;2021-06-22;1046;1479;133833;89382;59.0;39.4
65;2021-06-23;1064;1232;134897;90614;59.5;39.9
65;2021-06-24;959;1143;135856;91757;59.9;40.5
65;2021-06-25;831;1967;136687;93724;60.3;41.3
65;2021-06-26;168;1658;136855;95382;60.3;42.0
65;2021-06-27;15;1100;136870;96482;60.3;42.5
65;2021-06-28;444;2301;137314;98783;60.5;43.5
65;2021-06-29;685;1920;137999;100703;60.8;44.4
65;2021-06-30;933;1679;138932;102382;61.2;45.1
65;2021-07-01;606;751;139538;103133;61.5;45.5
65;2021-07-02;1167;1733;140705;104866;62.0;46.2
65;2021-07-03;197;1916;140902;106782;62.1;47.1
65;2021-07-04;416;186;141318;106968;62.3;47.2
65;2021-07-05;641;1992;141959;108960;62.6;48.0
65;2021-07-06;897;2127;142856;111087;63.0;49.0
65;2021-07-07;976;1516;143832;112603;63.4;49.6
65;2021-07-08;326;663;144158;113266;63.6;49.9
65;2021-07-09;550;1592;144708;114858;63.8;50.6
65;2021-07-10;302;956;145010;115814;63.9;51.1
65;2021-07-11;0;0;145010;115814;63.9;51.1
65;2021-07-12;480;2222;145490;118036;64.1;52.0
65;2021-07-13;700;2148;146190;120184;64.4;53.0
65;2021-07-14;214;52;146404;120236;64.5;53.0
65;2021-07-15;1054;1662;147458;121898;65.0;53.7
65;2021-07-16;1186;1884;148644;123782;65.5;54.6
65;2021-07-17;431;542;149075;124324;65.7;54.8
65;2021-07-18;22;11;149097;124335;65.7;54.8
65;2021-07-19;635;1495;149732;125830;66.0;55.5
65;2021-07-20;1447;1705;151179;127535;66.6;56.2
65;2021-07-21;1419;1661;152598;129196;67.3;57.0
65;2021-07-22;2197;1289;154795;130485;68.2;57.5
65;2021-07-23;1623;1789;156418;132274;69.0;58.3
65;2021-07-24;1043;649;157461;132923;69.4;58.6
65;2021-07-25;24;21;157485;132944;69.4;58.6
65;2021-07-26;1143;1246;158628;134190;69.9;59.2
65;2021-07-27;1793;1953;160421;136143;70.7;60.0
65;2021-07-28;1602;1322;162023;137465;71.4;60.6
65;2021-07-29;2896;1136;164919;138601;72.7;61.1
65;2021-07-30;2450;1397;167369;139998;73.8;61.7
65;2021-07-31;2304;355;169673;140353;74.8;61.9
65;2021-08-01;14;16;169687;140369;74.8;61.9
65;2021-08-02;992;834;170679;141203;75.2;62.2
65;2021-08-03;2103;1070;172782;142273;76.2;62.7
65;2021-08-04;1801;641;174583;142914;77.0;63.0
65;2021-08-05;1822;833;176405;143747;77.8;63.4
65;2021-08-06;1666;970;178071;144717;78.5;63.8
65;2021-08-07;730;487;178801;145204;78.8;64.0
65;2021-08-08;2;9;178803;145213;78.8;64.0
65;2021-08-09;701;943;179504;146156;79.1;64.4
65;2021-08-10;1194;1544;180698;147700;79.7;65.1
65;2021-08-11;731;1265;181429;148965;80.0;65.7
65;2021-08-12;779;1082;182208;150047;80.3;66.1
65;2021-08-13;425;1009;182633;151056;80.5;66.6
65;2021-08-14;600;568;183233;151624;80.8;66.8
65;2021-08-15;7;19;183240;151643;80.8;66.9
65;2021-08-16;402;1536;183642;153179;81.0;67.5
65;2021-08-17;736;2176;184378;155355;81.3;68.5
65;2021-08-18;598;1544;184976;156899;81.5;69.2
65;2021-08-19;729;1315;185705;158214;81.9;69.7
65;2021-08-20;450;1336;186155;159550;82.1;70.3
65;2021-08-21;39;105;186194;159655;82.1;70.4
65;2021-08-22;11;13;186205;159668;82.1;70.4
65;2021-08-23;263;1681;186468;161349;82.2;71.1
65;2021-08-24;544;2445;187012;163794;82.4;72.2
65;2021-08-25;413;1960;187425;165754;82.6;73.1
65;2021-08-26;457;2306;187882;168060;82.8;74.1
65;2021-08-27;434;1945;188316;170005;83.0;74.9
65;2021-08-28;161;194;188477;170199;83.1;75.0
65;2021-08-29;9;18;188486;170217;83.1;75.0
65;2021-08-30;257;1055;188743;171272;83.2;75.5
65;2021-08-31;460;1589;189203;172861;83.4;76.2
65;2021-09-01;452;1163;189655;174024;83.6;76.7
65;2021-09-02;354;1009;190009;175033;83.8;77.2
65;2021-09-03;440;1246;190449;176279;84.0;77.7
65;2021-09-04;164;909;190613;177188;84.0;78.1
65;2021-09-05;12;35;190625;177223;84.0;78.1
65;2021-09-06;275;772;190900;177995;84.2;78.5
65;2021-09-07;315;1193;191215;179188;84.3;79.0
65;2021-09-08;344;1037;191559;180225;84.4;79.5
65;2021-09-09;247;782;191806;181007;84.6;79.8
65;2021-09-10;370;923;192176;181930;84.7;80.2
65;2021-09-11;53;167;192229;182097;84.7;80.3
65;2021-09-12;1;2;192230;182099;84.7;80.3
65;2021-09-13;193;487;192423;182586;84.8;80.5
66;2020-12-27;0;0;0;0;0.0;0.0
66;2020-12-28;2;0;2;0;0.0;0.0
66;2020-12-29;0;0;2;0;0.0;0.0
66;2020-12-30;0;0;2;0;0.0;0.0
66;2020-12-31;1;0;3;0;0.0;0.0
66;2021-01-01;3;0;6;0;0.0;0.0
66;2021-01-02;0;0;6;0;0.0;0.0
66;2021-01-03;0;0;6;0;0.0;0.0
66;2021-01-04;30;0;36;0;0.0;0.0
66;2021-01-05;135;0;171;0;0.0;0.0
66;2021-01-06;195;0;366;0;0.1;0.0
66;2021-01-07;182;0;548;0;0.1;0.0
66;2021-01-08;212;0;760;0;0.2;0.0
66;2021-01-09;233;0;993;0;0.2;0.0
66;2021-01-10;11;0;1004;0;0.2;0.0
66;2021-01-11;404;3;1408;3;0.3;0.0
66;2021-01-12;588;2;1996;5;0.4;0.0
66;2021-01-13;877;7;2873;12;0.6;0.0
66;2021-01-14;892;12;3765;24;0.8;0.0
66;2021-01-15;588;1;4353;25;0.9;0.0
66;2021-01-16;106;2;4459;27;0.9;0.0
66;2021-01-17;46;1;4505;28;0.9;0.0
66;2021-01-18;655;3;5160;31;1.1;0.0
66;2021-01-19;717;3;5877;34;1.2;0.0
66;2021-01-20;1169;3;7046;37;1.5;0.0
66;2021-01-21;2403;4;9449;41;2.0;0.0
66;2021-01-22;1439;7;10888;48;2.3;0.0
66;2021-01-23;399;4;11287;52;2.4;0.0
66;2021-01-24;226;9;11513;61;2.4;0.0
66;2021-01-25;739;31;12252;92;2.6;0.0
66;2021-01-26;787;60;13039;152;2.7;0.0
66;2021-01-27;867;75;13906;227;2.9;0.0
66;2021-01-28;877;117;14783;344;3.1;0.1
66;2021-01-29;819;111;15602;455;3.3;0.1
66;2021-01-30;481;50;16083;505;3.4;0.1
66;2021-01-31;202;18;16285;523;3.4;0.1
66;2021-02-01;562;156;16847;679;3.5;0.1
66;2021-02-02;621;269;17468;948;3.6;0.2
66;2021-02-03;736;548;18204;1496;3.8;0.3
66;2021-02-04;688;512;18892;2008;3.9;0.4
66;2021-02-05;778;369;19670;2377;4.1;0.5
66;2021-02-06;420;129;20090;2506;4.2;0.5
66;2021-02-07;169;126;20259;2632;4.2;0.5
66;2021-02-08;501;305;20760;2937;4.3;0.6
66;2021-02-09;533;310;21293;3247;4.4;0.7
66;2021-02-10;618;639;21911;3886;4.6;0.8
66;2021-02-11;1105;1423;23016;5309;4.8;1.1
66;2021-02-12;1122;1074;24138;6383;5.0;1.3
66;2021-02-13;366;227;24504;6610;5.1;1.4
66;2021-02-14;111;166;24615;6776;5.1;1.4
66;2021-02-15;425;533;25040;7309;5.2;1.5
66;2021-02-16;303;635;25343;7944;5.3;1.7
66;2021-02-17;379;579;25722;8523;5.4;1.8
66;2021-02-18;366;624;26088;9147;5.4;1.9
66;2021-02-19;400;592;26488;9739;5.5;2.0
66;2021-02-20;184;324;26672;10063;5.6;2.1
66;2021-02-21;41;127;26713;10190;5.6;2.1
66;2021-02-22;416;496;27129;10686;5.7;2.2
66;2021-02-23;508;515;27637;11201;5.8;2.3
66;2021-02-24;345;589;27982;11790;5.8;2.5
66;2021-02-25;717;553;28699;12343;6.0;2.6
66;2021-02-26;954;610;29653;12953;6.2;2.7
66;2021-02-27;363;329;30016;13282;6.3;2.8
66;2021-02-28;59;109;30075;13391;6.3;2.8
66;2021-03-01;378;528;30453;13919;6.4;2.9
66;2021-03-02;335;553;30788;14472;6.4;3.0
66;2021-03-03;529;525;31317;14997;6.5;3.1
66;2021-03-04;991;934;32308;15931;6.7;3.3
66;2021-03-05;1528;715;33836;16646;7.1;3.5
66;2021-03-06;1146;311;34982;16957;7.3;3.5
66;2021-03-07;1099;83;36081;17040;7.5;3.6
66;2021-03-08;696;481;36777;17521;7.7;3.7
66;2021-03-09;1225;538;38002;18059;7.9;3.8
66;2021-03-10;1301;453;39303;18512;8.2;3.9
66;2021-03-11;1474;556;40777;19068;8.5;4.0
66;2021-03-12;2395;554;43172;19622;9.0;4.1
66;2021-03-13;1081;292;44253;19914;9.2;4.2
66;2021-03-14;192;79;44445;19993;9.3;4.2
66;2021-03-15;1109;388;45554;20381;9.5;4.3
66;2021-03-16;952;258;46506;20639;9.7;4.3
66;2021-03-17;866;383;47372;21022;9.9;4.4
66;2021-03-18;969;340;48341;21362;10.1;4.5
66;2021-03-19;1293;313;49634;21675;10.4;4.5
66;2021-03-20;837;121;50471;21796;10.5;4.6
66;2021-03-21;186;44;50657;21840;10.6;4.6
66;2021-03-22;1115;383;51772;22223;10.8;4.6
66;2021-03-23;1757;388;53529;22611;11.2;4.7
66;2021-03-24;1796;511;55325;23122;11.6;4.8
66;2021-03-25;2537;462;57862;23584;12.1;4.9
66;2021-03-26;2577;364;60439;23948;12.6;5.0
66;2021-03-27;1211;295;61650;24243;12.9;5.1
66;2021-03-28;321;3;61971;24246;12.9;5.1
66;2021-03-29;1831;250;63802;24496;13.3;5.1
66;2021-03-30;2241;172;66043;24668;13.8;5.1
66;2021-03-31;1987;249;68030;24917;14.2;5.2
66;2021-04-01;2673;302;70703;25219;14.8;5.3
66;2021-04-02;2422;256;73125;25475;15.3;5.3
66;2021-04-03;1148;331;74273;25806;15.5;5.4
66;2021-04-04;107;124;74380;25930;15.5;5.4
66;2021-04-05;196;140;74576;26070;15.6;5.4
66;2021-04-06;1334;648;75910;26718;15.8;5.6
66;2021-04-07;1397;597;77307;27315;16.1;5.7
66;2021-04-08;2071;547;79378;27862;16.6;5.8
66;2021-04-09;3503;662;82881;28524;17.3;6.0
66;2021-04-10;2308;524;85189;29048;17.8;6.1
66;2021-04-11;1200;168;86389;29216;18.0;6.1
66;2021-04-12;2702;1019;89091;30235;18.6;6.3
66;2021-04-13;3609;1055;92700;31290;19.4;6.5
66;2021-04-14;3293;921;95993;32211;20.0;6.7
66;2021-04-15;3556;1048;99549;33259;20.8;6.9
66;2021-04-16;3592;1035;103141;34294;21.5;7.2
66;2021-04-17;2263;592;105404;34886;22.0;7.3
66;2021-04-18;1445;132;106849;35018;22.3;7.3
66;2021-04-19;2256;1120;109105;36138;22.8;7.5
66;2021-04-20;2374;1075;111479;37213;23.3;7.8
66;2021-04-21;2870;1176;114349;38389;23.9;8.0
66;2021-04-22;2662;1232;117011;39621;24.4;8.3
66;2021-04-23;2380;1234;119391;40855;24.9;8.5
66;2021-04-24;2744;882;122135;41737;25.5;8.7
66;2021-04-25;1207;266;123342;42003;25.7;8.8
66;2021-04-26;1998;1252;125340;43255;26.2;9.0
66;2021-04-27;2749;1302;128089;44557;26.7;9.3
66;2021-04-28;2421;1654;130510;46211;27.2;9.6
66;2021-04-29;2704;2128;133214;48339;27.8;10.1
66;2021-04-30;3055;1552;136269;49891;28.4;10.4
66;2021-05-01;2001;470;138270;50361;28.9;10.5
66;2021-05-02;1529;264;139799;50625;29.2;10.6
66;2021-05-03;2940;1109;142739;51734;29.8;10.8
66;2021-05-04;3169;1342;145908;53076;30.5;11.1
66;2021-05-05;3054;1548;148962;54624;31.1;11.4
66;2021-05-06;3754;2084;152716;56708;31.9;11.8
66;2021-05-07;2968;3065;155684;59773;32.5;12.5
66;2021-05-08;1730;1170;157414;60943;32.9;12.7
66;2021-05-09;887;1369;158301;62312;33.0;13.0
66;2021-05-10;1805;2968;160106;65280;33.4;13.6
66;2021-05-11;2741;3125;162847;68405;34.0;14.3
66;2021-05-12;2432;2569;165279;70974;34.5;14.8
66;2021-05-13;2260;1387;167539;72361;35.0;15.1
66;2021-05-14;2773;2118;170312;74479;35.6;15.5
66;2021-05-15;2329;1574;172641;76053;36.0;15.9
66;2021-05-16;2286;1247;174927;77300;36.5;16.1
66;2021-05-17;2051;1826;176978;79126;36.9;16.5
66;2021-05-18;3237;1808;180215;80934;37.6;16.9
66;2021-05-19;2878;1341;183093;82275;38.2;17.2
66;2021-05-20;4375;1446;187468;83721;39.1;17.5
66;2021-05-21;3268;1460;190736;85181;39.8;17.8
66;2021-05-22;3066;780;193802;85961;40.5;17.9
66;2021-05-23;1510;236;195312;86197;40.8;18.0
66;2021-05-24;1954;427;197266;86624;41.2;18.1
66;2021-05-25;2797;1688;200063;88312;41.8;18.4
66;2021-05-26;2780;1492;202843;89804;42.3;18.7
66;2021-05-27;3386;2248;206229;92052;43.1;19.2
66;2021-05-28;2686;3034;208915;95086;43.6;19.9
66;2021-05-29;2147;1515;211062;96601;44.1;20.2
66;2021-05-30;786;988;211848;97589;44.2;20.4
66;2021-05-31;2126;1771;213974;99360;44.7;20.7
66;2021-06-01;2638;2001;216612;101361;45.2;21.2
66;2021-06-02;2811;2334;219423;103695;45.8;21.6
66;2021-06-03;2493;2957;221916;106652;46.3;22.3
66;2021-06-04;1961;3352;223877;110004;46.7;23.0
66;2021-06-05;1411;2599;225288;112603;47.0;23.5
66;2021-06-06;294;1228;225582;113831;47.1;23.8
66;2021-06-07;1343;2956;226925;116787;47.4;24.4
66;2021-06-08;1738;3020;228663;119807;47.7;25.0
66;2021-06-09;2068;2788;230731;122595;48.2;25.6
66;2021-06-10;2091;2961;232822;125556;48.6;26.2
66;2021-06-11;2103;3859;234925;129415;49.0;27.0
66;2021-06-12;872;2411;235797;131826;49.2;27.5
66;2021-06-13;517;1333;236314;133159;49.3;27.8
66;2021-06-14;1360;3495;237674;136654;49.6;28.5
66;2021-06-15;2131;3570;239805;140224;50.1;29.3
66;2021-06-16;1790;3567;241595;143791;50.4;30.0
66;2021-06-17;2441;3605;244036;147396;50.9;30.8
66;2021-06-18;2228;3822;246264;151218;51.4;31.6
66;2021-06-19;1542;2320;247806;153538;51.7;32.1
66;2021-06-20;998;1266;248804;154804;51.9;32.3
66;2021-06-21;1163;2878;249967;157682;52.2;32.9
66;2021-06-22;1510;3762;251477;161444;52.5;33.7
66;2021-06-23;1326;3027;252803;164471;52.8;34.3
66;2021-06-24;1519;3230;254322;167701;53.1;35.0
66;2021-06-25;1404;3536;255726;171237;53.4;35.7
66;2021-06-26;962;2680;256688;173917;53.6;36.3
66;2021-06-27;679;1557;257367;175474;53.7;36.6
66;2021-06-28;979;2975;258346;178449;53.9;37.3
66;2021-06-29;1149;3797;259495;182246;54.2;38.0
66;2021-06-30;1282;3306;260777;185552;54.4;38.7
66;2021-07-01;1485;4048;262262;189600;54.8;39.6
66;2021-07-02;1516;3600;263778;193200;55.1;40.3
66;2021-07-03;1154;3901;264932;197101;55.3;41.1
66;2021-07-04;717;1790;265649;198891;55.5;41.5
66;2021-07-05;1294;3007;266943;201898;55.7;42.1
66;2021-07-06;1456;3787;268399;205685;56.0;42.9
66;2021-07-07;1433;3247;269832;208932;56.3;43.6
66;2021-07-08;1378;3384;271210;212316;56.6;44.3
66;2021-07-09;1520;3467;272730;215783;56.9;45.0
66;2021-07-10;1004;2403;273734;218186;57.1;45.6
66;2021-07-11;540;1539;274274;219725;57.3;45.9
66;2021-07-12;1023;3643;275297;223368;57.5;46.6
66;2021-07-13;2356;4265;277653;227633;58.0;47.5
66;2021-07-14;1988;1242;279641;228875;58.4;47.8
66;2021-07-15;2837;3112;282478;231987;59.0;48.4
66;2021-07-16;3372;3209;285850;235196;59.7;49.1
66;2021-07-17;2126;2036;287976;237232;60.1;49.5
66;2021-07-18;1198;1062;289174;238294;60.4;49.7
66;2021-07-19;2794;3085;291968;241379;61.0;50.4
66;2021-07-20;3658;2881;295626;244260;61.7;51.0
66;2021-07-21;4099;2954;299725;247214;62.6;51.6
66;2021-07-22;3912;2817;303637;250031;63.4;52.2
66;2021-07-23;3897;3031;307534;253062;64.2;52.8
66;2021-07-24;2584;1922;310118;254984;64.7;53.2
66;2021-07-25;2023;1241;312141;256225;65.2;53.5
66;2021-07-26;2866;2627;315007;258852;65.8;54.0
66;2021-07-27;3231;2888;318238;261740;66.4;54.6
66;2021-07-28;3356;2575;321594;264315;67.1;55.2
66;2021-07-29;3865;2536;325459;266851;67.9;55.7
66;2021-07-30;4237;2469;329696;269320;68.8;56.2
66;2021-07-31;2233;1716;331929;271036;69.3;56.6
66;2021-08-01;1821;900;333750;271936;69.7;56.8
66;2021-08-02;2380;1927;336130;273863;70.2;57.2
66;2021-08-03;2624;2067;338754;275930;70.7;57.6
66;2021-08-04;2638;1994;341392;277924;71.3;58.0
66;2021-08-05;2441;2508;343833;280432;71.8;58.5
66;2021-08-06;2319;2645;346152;283077;72.3;59.1
66;2021-08-07;1506;2097;347658;285174;72.6;59.5
66;2021-08-08;614;1457;348272;286631;72.7;59.8
66;2021-08-09;1357;2798;349629;289429;73.0;60.4
66;2021-08-10;1645;3076;351274;292505;73.3;61.1
66;2021-08-11;1680;3019;352954;295524;73.7;61.7
66;2021-08-12;1673;2992;354627;298516;74.0;62.3
66;2021-08-13;1452;2980;356079;301496;74.3;62.9
66;2021-08-14;656;2509;356735;304005;74.5;63.5
66;2021-08-15;136;1629;356871;305634;74.5;63.8
66;2021-08-16;1278;2593;358149;308227;74.8;64.3
66;2021-08-17;1489;2978;359638;311205;75.1;65.0
66;2021-08-18;1345;3072;360983;314277;75.4;65.6
66;2021-08-19;1109;2921;362092;317198;75.6;66.2
66;2021-08-20;995;3321;363087;320519;75.8;66.9
66;2021-08-21;580;2013;363667;322532;75.9;67.3
66;2021-08-22;233;1352;363900;323884;76.0;67.6
66;2021-08-23;1147;2762;365047;326646;76.2;68.2
66;2021-08-24;1051;2948;366098;329594;76.4;68.8
66;2021-08-25;902;2307;367000;331901;76.6;69.3
66;2021-08-26;957;2185;367957;334086;76.8;69.7
66;2021-08-27;919;2369;368876;336455;77.0;70.2
66;2021-08-28;515;1138;369391;337593;77.1;70.5
66;2021-08-29;244;333;369635;337926;77.2;70.5
66;2021-08-30;835;2597;370470;340523;77.3;71.1
66;2021-08-31;824;2725;371294;343248;77.5;71.7
66;2021-09-01;728;2162;372022;345410;77.7;72.1
66;2021-09-02;667;1904;372689;347314;77.8;72.5
66;2021-09-03;707;2190;373396;349504;78.0;73.0
66;2021-09-04;700;1789;374096;351293;78.1;73.3
66;2021-09-05;203;311;374299;351604;78.1;73.4
66;2021-09-06;422;2118;374721;353722;78.2;73.8
66;2021-09-07;376;1690;375097;355412;78.3;74.2
66;2021-09-08;554;1839;375651;357251;78.4;74.6
66;2021-09-09;463;1593;376114;358844;78.5;74.9
66;2021-09-10;489;1529;376603;360373;78.6;75.2
66;2021-09-11;510;1307;377113;361680;78.7;75.5
66;2021-09-12;94;178;377207;361858;78.7;75.5
66;2021-09-13;296;1651;377503;363509;78.8;75.9
67;2020-12-27;8;0;8;0;0.0;0.0
67;2020-12-28;4;0;12;0;0.0;0.0
67;2020-12-29;2;0;14;0;0.0;0.0
67;2020-12-30;0;0;14;0;0.0;0.0
67;2020-12-31;0;0;14;0;0.0;0.0
67;2021-01-01;5;0;19;0;0.0;0.0
67;2021-01-02;1;0;20;0;0.0;0.0
67;2021-01-03;1;0;21;0;0.0;0.0
67;2021-01-04;41;0;62;0;0.0;0.0
67;2021-01-05;167;0;229;0;0.0;0.0
67;2021-01-06;121;0;350;0;0.0;0.0
67;2021-01-07;235;1;585;1;0.1;0.0
67;2021-01-08;233;1;818;2;0.1;0.0
67;2021-01-09;113;1;931;3;0.1;0.0
67;2021-01-10;67;0;998;3;0.1;0.0
67;2021-01-11;182;1;1180;4;0.1;0.0
67;2021-01-12;511;1;1691;5;0.1;0.0
67;2021-01-13;657;2;2348;7;0.2;0.0
67;2021-01-14;1087;7;3435;14;0.3;0.0
67;2021-01-15;939;6;4374;20;0.4;0.0
67;2021-01-16;198;3;4572;23;0.4;0.0
67;2021-01-17;101;0;4673;23;0.4;0.0
67;2021-01-18;899;3;5572;26;0.5;0.0
67;2021-01-19;1424;5;6996;31;0.6;0.0
67;2021-01-20;1854;12;8850;43;0.8;0.0
67;2021-01-21;2213;9;11063;52;1.0;0.0
67;2021-01-22;1991;7;13054;59;1.2;0.0
67;2021-01-23;813;5;13867;64;1.2;0.0
67;2021-01-24;380;1;14247;65;1.3;0.0
67;2021-01-25;527;29;14774;94;1.3;0.0
67;2021-01-26;160;101;14934;195;1.3;0.0
67;2021-01-27;1398;83;16332;278;1.4;0.0
67;2021-01-28;3057;207;19389;485;1.7;0.0
67;2021-01-29;2031;146;21420;631;1.9;0.1
67;2021-01-30;1096;67;22516;698;2.0;0.1
67;2021-01-31;1163;23;23679;721;2.1;0.1
67;2021-02-01;3393;239;27072;960;2.4;0.1
67;2021-02-02;2693;398;29765;1358;2.6;0.1
67;2021-02-03;1574;375;31339;1733;2.8;0.2
67;2021-02-04;1193;718;32532;2451;2.9;0.2
67;2021-02-05;1194;592;33726;3043;3.0;0.3
67;2021-02-06;797;125;34523;3168;3.0;0.3
67;2021-02-07;291;37;34814;3205;3.1;0.3
67;2021-02-08;839;384;35653;3589;3.1;0.3
67;2021-02-09;959;660;36612;4249;3.2;0.4
67;2021-02-10;933;704;37545;4953;3.3;0.4
67;2021-02-11;1151;1057;38696;6010;3.4;0.5
67;2021-02-12;1245;674;39941;6684;3.5;0.6
67;2021-02-13;765;249;40706;6933;3.6;0.6
67;2021-02-14;244;91;40950;7024;3.6;0.6
67;2021-02-15;780;664;41730;7688;3.7;0.7
67;2021-02-16;930;883;42660;8571;3.8;0.8
67;2021-02-17;783;967;43443;9538;3.8;0.8
67;2021-02-18;1401;2340;44844;11878;4.0;1.0
67;2021-02-19;1376;1811;46220;13689;4.1;1.2
67;2021-02-20;632;753;46852;14442;4.1;1.3
67;2021-02-21;209;1078;47061;15520;4.2;1.4
67;2021-02-22;1404;1988;48465;17508;4.3;1.5
67;2021-02-23;1462;1351;49927;18859;4.4;1.7
67;2021-02-24;1438;905;51365;19764;4.5;1.7
67;2021-02-25;1617;1212;52982;20976;4.7;1.9
67;2021-02-26;2229;1180;55211;22156;4.9;2.0
67;2021-02-27;1257;631;56468;22787;5.0;2.0
67;2021-02-28;147;266;56615;23053;5.0;2.0
67;2021-03-01;640;864;57255;23917;5.1;2.1
67;2021-03-02;896;1051;58151;24968;5.1;2.2
67;2021-03-03;1409;1129;59560;26097;5.3;2.3
67;2021-03-04;1962;945;61522;27042;5.4;2.4
67;2021-03-05;3258;1011;64780;28053;5.7;2.5
67;2021-03-06;2334;683;67114;28736;5.9;2.5
67;2021-03-07;467;245;67581;28981;6.0;2.6
67;2021-03-08;1188;724;68769;29705;6.1;2.6
67;2021-03-09;2225;831;70994;30536;6.3;2.7
67;2021-03-10;2449;1111;73443;31647;6.5;2.8
67;2021-03-11;3207;1302;76650;32949;6.8;2.9
67;2021-03-12;5260;1315;81910;34264;7.2;3.0
67;2021-03-13;3998;859;85908;35123;7.6;3.1
67;2021-03-14;483;373;86391;35496;7.6;3.1
67;2021-03-15;2189;1125;88580;36621;7.8;3.2
67;2021-03-16;1552;1204;90132;37825;8.0;3.3
67;2021-03-17;2070;897;92202;38722;8.1;3.4
67;2021-03-18;2389;722;94591;39444;8.4;3.5
67;2021-03-19;3671;739;98262;40183;8.7;3.5
67;2021-03-20;3062;503;101324;40686;8.9;3.6
67;2021-03-21;335;17;101659;40703;9.0;3.6
67;2021-03-22;2332;759;103991;41462;9.2;3.7
67;2021-03-23;3401;769;107392;42231;9.5;3.7
67;2021-03-24;3909;795;111301;43026;9.8;3.8
67;2021-03-25;5314;535;116615;43561;10.3;3.8
67;2021-03-26;6868;465;123483;44026;10.9;3.9
67;2021-03-27;3926;344;127409;44370;11.2;3.9
67;2021-03-28;580;99;127989;44469;11.3;3.9
67;2021-03-29;3821;424;131810;44893;11.6;4.0
67;2021-03-30;4847;665;136657;45558;12.1;4.0
67;2021-03-31;4848;690;141505;46248;12.5;4.1
67;2021-04-01;5147;925;146652;47173;12.9;4.2
67;2021-04-02;1008;173;147660;47346;13.0;4.2
67;2021-04-03;1689;283;149349;47629;13.2;4.2
67;2021-04-04;327;5;149676;47634;13.2;4.2
67;2021-04-05;371;4;150047;47638;13.2;4.2
67;2021-04-06;3483;1176;153530;48814;13.6;4.3
67;2021-04-07;4531;1281;158061;50095;14.0;4.4
67;2021-04-08;5661;1404;163722;51499;14.5;4.5
67;2021-04-09;7111;1348;170833;52847;15.1;4.7
67;2021-04-10;4332;887;175165;53734;15.5;4.7
67;2021-04-11;855;425;176020;54159;15.5;4.8
67;2021-04-12;3887;1402;179907;55561;15.9;4.9
67;2021-04-13;4892;1574;184799;57135;16.3;5.0
67;2021-04-14;5290;1897;190089;59032;16.8;5.2
67;2021-04-15;6081;2105;196170;61137;17.3;5.4
67;2021-04-16;7837;2414;204007;63551;18.0;5.6
67;2021-04-17;4009;1574;208016;65125;18.4;5.8
67;2021-04-18;1111;645;209127;65770;18.5;5.8
67;2021-04-19;3632;2138;212759;67908;18.8;6.0
67;2021-04-20;4258;1918;217017;69826;19.2;6.2
67;2021-04-21;4069;2512;221086;72338;19.5;6.4
67;2021-04-22;4480;2914;225566;75252;19.9;6.6
67;2021-04-23;5247;3002;230813;78254;20.4;6.9
67;2021-04-24;3102;2023;233915;80277;20.7;7.1
67;2021-04-25;1028;451;234943;80728;20.7;7.1
67;2021-04-26;3191;2615;238134;83343;21.0;7.4
67;2021-04-27;4024;2908;242158;86251;21.4;7.6
67;2021-04-28;4253;3413;246411;89664;21.8;7.9
67;2021-04-29;5126;3493;251537;93157;22.2;8.2
67;2021-04-30;7180;2461;258717;95618;22.8;8.4
67;2021-05-01;2687;779;261404;96397;23.1;8.5
67;2021-05-02;2182;676;263586;97073;23.3;8.6
67;2021-05-03;5562;2613;269148;99686;23.8;8.8
67;2021-05-04;5854;3602;275002;103288;24.3;9.1
67;2021-05-05;5219;4192;280221;107480;24.7;9.5
67;2021-05-06;6714;4919;286935;112399;25.3;9.9
67;2021-05-07;6435;6892;293370;119291;25.9;10.5
67;2021-05-08;3575;1018;296945;120309;26.2;10.6
67;2021-05-09;3371;591;300316;120900;26.5;10.7
67;2021-05-10;4697;4527;305013;125427;26.9;11.1
67;2021-05-11;5650;4915;310663;130342;27.4;11.5
67;2021-05-12;6600;4835;317263;135177;28.0;11.9
67;2021-05-13;7313;1670;324576;136847;28.7;12.1
67;2021-05-14;8880;5353;333456;142200;29.4;12.6
67;2021-05-15;8199;3655;341655;145855;30.2;12.9
67;2021-05-16;6178;969;347833;146824;30.7;13.0
67;2021-05-17;5695;3881;353528;150705;31.2;13.3
67;2021-05-18;6900;3977;360428;154682;31.8;13.7
67;2021-05-19;7378;4170;367806;158852;32.5;14.0
67;2021-05-20;8695;4230;376501;163082;33.2;14.4
67;2021-05-21;8165;5849;384666;168931;34.0;14.9
67;2021-05-22;5937;3416;390603;172347;34.5;15.2
67;2021-05-23;2660;593;393263;172940;34.7;15.3
67;2021-05-24;4418;863;397681;173803;35.1;15.3
67;2021-05-25;5415;4768;403096;178571;35.6;15.8
67;2021-05-26;6066;4871;409162;183442;36.1;16.2
67;2021-05-27;7315;4889;416477;188331;36.8;16.6
67;2021-05-28;7967;6489;424444;194820;37.5;17.2
67;2021-05-29;6652;3862;431096;198682;38.1;17.5
67;2021-05-30;1147;809;432243;199491;38.2;17.6
67;2021-05-31;6408;4058;438651;203549;38.7;18.0
67;2021-06-01;7328;4398;445979;207947;39.4;18.4
67;2021-06-02;8067;4177;454046;212124;40.1;18.7
67;2021-06-03;8843;4858;462889;216982;40.9;19.2
67;2021-06-04;8596;6120;471485;223102;41.6;19.7
67;2021-06-05;6554;3980;478039;227082;42.2;20.0
67;2021-06-06;3478;874;481517;227956;42.5;20.1
67;2021-06-07;7415;4251;488932;232207;43.2;20.5
67;2021-06-08;8630;4925;497562;237132;43.9;20.9
67;2021-06-09;9264;4790;506826;241922;44.7;21.4
67;2021-06-10;9777;5010;516603;246932;45.6;21.8
67;2021-06-11;8070;8310;524673;255242;46.3;22.5
67;2021-06-12;6792;5202;531465;260444;46.9;23.0
67;2021-06-13;3108;1044;534573;261488;47.2;23.1
67;2021-06-14;5511;6455;540084;267943;47.7;23.7
67;2021-06-15;6689;6749;546773;274692;48.3;24.3
67;2021-06-16;6954;6701;553727;281393;48.9;24.8
67;2021-06-17;7277;9049;561004;290442;49.5;25.6
67;2021-06-18;7606;8503;568610;298945;50.2;26.4
67;2021-06-19;6390;5965;575000;304910;50.8;26.9
67;2021-06-20;1451;1411;576451;306321;50.9;27.0
67;2021-06-21;4267;6773;580718;313094;51.3;27.6
67;2021-06-22;4243;9095;584961;322189;51.6;28.4
67;2021-06-23;5294;8187;590255;330376;52.1;29.2
67;2021-06-24;4524;9097;594779;339473;52.5;30.0
67;2021-06-25;5342;9953;600121;349426;53.0;30.9
67;2021-06-26;3465;9103;603586;358529;53.3;31.7
67;2021-06-27;1024;3523;604610;362052;53.4;32.0
67;2021-06-28;2848;8727;607458;370779;53.6;32.7
67;2021-06-29;2899;8612;610357;379391;53.9;33.5
67;2021-06-30;3383;8741;613740;388132;54.2;34.3
67;2021-07-01;3615;8424;617355;396556;54.5;35.0
67;2021-07-02;3737;10933;621092;407489;54.8;36.0
67;2021-07-03;2981;7746;624073;415235;55.1;36.7
67;2021-07-04;764;1871;624837;417106;55.2;36.8
67;2021-07-05;2624;8253;627461;425359;55.4;37.6
67;2021-07-06;3103;8437;630564;433796;55.7;38.3
67;2021-07-07;3928;8742;634492;442538;56.0;39.1
67;2021-07-08;4202;7787;638694;450325;56.4;39.8
67;2021-07-09;3768;11372;642462;461697;56.7;40.8
67;2021-07-10;2863;8207;645325;469904;57.0;41.5
67;2021-07-11;944;1995;646269;471899;57.1;41.7
67;2021-07-12;2479;9724;648748;481623;57.3;42.5
67;2021-07-13;4123;9888;652871;491511;57.6;43.4
67;2021-07-14;3492;4406;656363;495917;58.0;43.8
67;2021-07-15;5142;12229;661505;508146;58.4;44.9
67;2021-07-16;4870;12294;666375;520440;58.8;46.0
67;2021-07-17;3737;8823;670112;529263;59.2;46.7
67;2021-07-18;1464;2550;671576;531813;59.3;47.0
67;2021-07-19;4648;9739;676224;541552;59.7;47.8
67;2021-07-20;5777;9824;682001;551376;60.2;48.7
67;2021-07-21;5870;10653;687871;562029;60.7;49.6
67;2021-07-22;6439;10221;694310;572250;61.3;50.5
67;2021-07-23;7401;11186;701711;583436;62.0;51.5
67;2021-07-24;5425;7577;707136;591013;62.4;52.2
67;2021-07-25;2317;1970;709453;592983;62.6;52.4
67;2021-07-26;5010;7245;714463;600228;63.1;53.0
67;2021-07-27;6633;7322;721096;607550;63.7;53.6
67;2021-07-28;7545;7209;728641;614759;64.3;54.3
67;2021-07-29;8400;6430;737041;621189;65.1;54.8
67;2021-07-30;8669;7311;745710;628500;65.8;55.5
67;2021-07-31;5114;4878;750824;633378;66.3;55.9
67;2021-08-01;2485;1430;753309;634808;66.5;56.0
67;2021-08-02;6360;5090;759669;639898;67.1;56.5
67;2021-08-03;7299;4711;766968;644609;67.7;56.9
67;2021-08-04;6893;4600;773861;649209;68.3;57.3
67;2021-08-05;5747;4228;779608;653437;68.8;57.7
67;2021-08-06;6332;5425;785940;658862;69.4;58.2
67;2021-08-07;4683;4275;790623;663137;69.8;58.5
67;2021-08-08;1308;1438;791931;664575;69.9;58.7
67;2021-08-09;3133;4482;795064;669057;70.2;59.1
67;2021-08-10;3226;4782;798290;673839;70.5;59.5
67;2021-08-11;3419;4675;801709;678514;70.8;59.9
67;2021-08-12;3132;4887;804841;683401;71.1;60.3
67;2021-08-13;3198;5385;808039;688786;71.3;60.8
67;2021-08-14;2200;5082;810239;693868;71.5;61.3
67;2021-08-15;714;1602;810953;695470;71.6;61.4
67;2021-08-16;2070;5238;813023;700708;71.8;61.9
67;2021-08-17;2087;5273;815110;705981;72.0;62.3
67;2021-08-18;2362;6343;817472;712324;72.2;62.9
67;2021-08-19;1891;6151;819363;718475;72.3;63.4
67;2021-08-20;2317;7452;821680;725927;72.5;64.1
67;2021-08-21;1527;5567;823207;731494;72.7;64.6
67;2021-08-22;387;2050;823594;733544;72.7;64.8
67;2021-08-23;1915;6845;825509;740389;72.9;65.4
67;2021-08-24;1978;6614;827487;747003;73.1;66.0
67;2021-08-25;2088;7213;829575;754216;73.2;66.6
67;2021-08-26;1831;5541;831406;759757;73.4;67.1
67;2021-08-27;2188;7047;833594;766804;73.6;67.7
67;2021-08-28;1695;6097;835289;772901;73.7;68.2
67;2021-08-29;437;1599;835726;774500;73.8;68.4
67;2021-08-30;1408;4440;837134;778940;73.9;68.8
67;2021-08-31;1416;4205;838550;783145;74.0;69.1
67;2021-09-01;1774;4544;840324;787689;74.2;69.5
67;2021-09-02;1051;3134;841375;790823;74.3;69.8
67;2021-09-03;1538;4434;842913;795257;74.4;70.2
67;2021-09-04;1464;4093;844377;799350;74.6;70.6
67;2021-09-05;259;936;844636;800286;74.6;70.7
67;2021-09-06;950;2334;845586;802620;74.7;70.9
67;2021-09-07;878;2233;846464;804853;74.7;71.1
67;2021-09-08;1189;2988;847653;807841;74.8;71.3
67;2021-09-09;1102;2281;848755;810122;74.9;71.5
67;2021-09-10;1404;2880;850159;813002;75.1;71.8
67;2021-09-11;1054;3094;851213;816096;75.2;72.1
67;2021-09-12;251;613;851464;816709;75.2;72.1
67;2021-09-13;681;2026;852145;818735;75.2;72.3
68;2020-12-27;0;0;0;0;0.0;0.0
68;2020-12-28;0;0;0;0;0.0;0.0
68;2020-12-29;0;0;0;0;0.0;0.0
68;2020-12-30;2;0;2;0;0.0;0.0
68;2020-12-31;0;0;2;0;0.0;0.0
68;2021-01-01;0;0;2;0;0.0;0.0
68;2021-01-02;0;0;2;0;0.0;0.0
68;2021-01-03;1;0;3;0;0.0;0.0
68;2021-01-04;2;0;5;0;0.0;0.0
68;2021-01-05;11;0;16;0;0.0;0.0
68;2021-01-06;245;1;261;1;0.0;0.0
68;2021-01-07;75;0;336;1;0.0;0.0
68;2021-01-08;118;1;454;2;0.1;0.0
68;2021-01-09;20;0;474;2;0.1;0.0
68;2021-01-10;1;0;475;2;0.1;0.0
68;2021-01-11;82;0;557;2;0.1;0.0
68;2021-01-12;386;1;943;3;0.1;0.0
68;2021-01-13;703;2;1646;5;0.2;0.0
68;2021-01-14;372;2;2018;7;0.3;0.0
68;2021-01-15;204;1;2222;8;0.3;0.0
68;2021-01-16;1;0;2223;8;0.3;0.0
68;2021-01-17;0;0;2223;8;0.3;0.0
68;2021-01-18;379;5;2602;13;0.3;0.0
68;2021-01-19;559;5;3161;18;0.4;0.0
68;2021-01-20;707;10;3868;28;0.5;0.0
68;2021-01-21;1394;13;5262;41;0.7;0.0
68;2021-01-22;1499;12;6761;53;0.9;0.0
68;2021-01-23;215;3;6976;56;0.9;0.0
68;2021-01-24;698;1;7674;57;1.0;0.0
68;2021-01-25;1390;41;9064;98;1.2;0.0
68;2021-01-26;1555;80;10619;178;1.4;0.0
68;2021-01-27;2768;150;13387;328;1.8;0.0
68;2021-01-28;2355;59;15742;387;2.1;0.1
68;2021-01-29;1509;116;17251;503;2.3;0.1
68;2021-01-30;165;3;17416;506;2.3;0.1
68;2021-01-31;0;0;17416;506;2.3;0.1
68;2021-02-01;737;106;18153;612;2.4;0.1
68;2021-02-02;869;296;19022;908;2.5;0.1
68;2021-02-03;1000;597;20022;1505;2.6;0.2
68;2021-02-04;1001;310;21023;1815;2.8;0.2
68;2021-02-05;948;220;21971;2035;2.9;0.3
68;2021-02-06;140;2;22111;2037;2.9;0.3
68;2021-02-07;1;16;22112;2053;2.9;0.3
68;2021-02-08;893;23;23005;2076;3.0;0.3
68;2021-02-09;1359;43;24364;2119;3.2;0.3
68;2021-02-10;1453;63;25817;2182;3.4;0.3
68;2021-02-11;1486;462;27303;2644;3.6;0.3
68;2021-02-12;1550;439;28853;3083;3.8;0.4
68;2021-02-13;132;1;28985;3084;3.8;0.4
68;2021-02-14;58;232;29043;3316;3.8;0.4
68;2021-02-15;663;973;29706;4289;3.9;0.6
68;2021-02-16;864;1231;30570;5520;4.0;0.7
68;2021-02-17;1284;2029;31854;7549;4.2;1.0
68;2021-02-18;1662;1952;33516;9501;4.4;1.2
68;2021-02-19;987;1254;34503;10755;4.5;1.4
68;2021-02-20;93;121;34596;10876;4.5;1.4
68;2021-02-21;1;39;34597;10915;4.5;1.4
68;2021-02-22;446;690;35043;11605;4.6;1.5
68;2021-02-23;639;978;35682;12583;4.7;1.6
68;2021-02-24;854;1050;36536;13633;4.8;1.8
68;2021-02-25;1208;1151;37744;14784;4.9;1.9
68;2021-02-26;1200;874;38944;15658;5.1;2.1
68;2021-02-27;549;162;39493;15820;5.2;2.1
68;2021-02-28;12;1;39505;15821;5.2;2.1
68;2021-03-01;942;686;40447;16507;5.3;2.2
68;2021-03-02;1216;865;41663;17372;5.5;2.3
68;2021-03-03;1593;903;43256;18275;5.7;2.4
68;2021-03-04;1995;955;45251;19230;5.9;2.5
68;2021-03-05;2356;963;47607;20193;6.2;2.6
68;2021-03-06;2287;235;49894;20428;6.5;2.7
68;2021-03-07;839;105;50733;20533;6.6;2.7
68;2021-03-08;1474;892;52207;21425;6.8;2.8
68;2021-03-09;1698;1248;53905;22673;7.1;3.0
68;2021-03-10;1964;1737;55869;24410;7.3;3.2
68;2021-03-11;2639;1851;58508;26261;7.7;3.4
68;2021-03-12;2628;1370;61136;27631;8.0;3.6
68;2021-03-13;3342;260;64478;27891;8.4;3.7
68;2021-03-14;1543;66;66021;27957;8.7;3.7
68;2021-03-15;1795;611;67816;28568;8.9;3.7
68;2021-03-16;2001;596;69817;29164;9.1;3.8
68;2021-03-17;1957;721;71774;29885;9.4;3.9
68;2021-03-18;2220;935;73994;30820;9.7;4.0
68;2021-03-19;3085;725;77079;31545;10.1;4.1
68;2021-03-20;973;122;78052;31667;10.2;4.1
68;2021-03-21;68;2;78120;31669;10.2;4.1
68;2021-03-22;1965;588;80085;32257;10.5;4.2
68;2021-03-23;2860;616;82945;32873;10.9;4.3
68;2021-03-24;3177;810;86122;33683;11.3;4.4
68;2021-03-25;3501;782;89623;34465;11.7;4.5
68;2021-03-26;3894;724;93517;35189;12.3;4.6
68;2021-03-27;1102;167;94619;35356;12.4;4.6
68;2021-03-28;56;3;94675;35359;12.4;4.6
68;2021-03-29;2262;1358;96937;36717;12.7;4.8
68;2021-03-30;2934;1289;99871;38006;13.1;5.0
68;2021-03-31;2642;1347;102513;39353;13.4;5.2
68;2021-04-01;2748;1543;105261;40896;13.8;5.4
68;2021-04-02;244;88;105505;40984;13.8;5.4
68;2021-04-03;240;123;105745;41107;13.9;5.4
68;2021-04-04;5;0;105750;41107;13.9;5.4
68;2021-04-05;49;3;105799;41110;13.9;5.4
68;2021-04-06;1792;1321;107591;42431;14.1;5.6
68;2021-04-07;2585;1535;110176;43966;14.4;5.8
68;2021-04-08;3234;1501;113410;45467;14.9;6.0
68;2021-04-09;4201;1526;117611;46993;15.4;6.2
68;2021-04-10;1204;1968;118815;48961;15.6;6.4
68;2021-04-11;126;1318;118941;50279;15.6;6.6
68;2021-04-12;2668;1633;121609;51912;15.9;6.8
68;2021-04-13;2760;2109;124369;54021;16.3;7.1
68;2021-04-14;3607;2266;127976;56287;16.8;7.4
68;2021-04-15;4054;2159;132030;58446;17.3;7.7
68;2021-04-16;3943;2079;135973;60525;17.8;7.9
68;2021-04-17;1075;441;137048;60966;18.0;8.0
68;2021-04-18;85;9;137133;60975;18.0;8.0
68;2021-04-19;2358;1830;139491;62805;18.3;8.2
68;2021-04-20;2442;2323;141933;65128;18.6;8.5
68;2021-04-21;2831;2474;144764;67602;19.0;8.9
68;2021-04-22;3287;1973;148051;69575;19.4;9.1
68;2021-04-23;3414;2072;151465;71647;19.8;9.4
68;2021-04-24;842;488;152307;72135;20.0;9.5
68;2021-04-25;214;20;152521;72155;20.0;9.5
68;2021-04-26;2331;2105;154852;74260;20.3;9.7
68;2021-04-27;2600;2213;157452;76473;20.6;10.0
68;2021-04-28;3573;1761;161025;78234;21.1;10.3
68;2021-04-29;4166;1747;165191;79981;21.6;10.5
68;2021-04-30;4833;1369;170024;81350;22.3;10.7
68;2021-05-01;947;119;170971;81469;22.4;10.7
68;2021-05-02;732;69;171703;81538;22.5;10.7
68;2021-05-03;3624;1819;175327;83357;23.0;10.9
68;2021-05-04;3937;2359;179264;85716;23.5;11.2
68;2021-05-05;3632;3239;182896;88955;24.0;11.7
68;2021-05-06;4809;2859;187705;91814;24.6;12.0
68;2021-05-07;4522;2900;192227;94714;25.2;12.4
68;2021-05-08;1671;210;193898;94924;25.4;12.4
68;2021-05-09;1077;107;194975;95031;25.5;12.5
68;2021-05-10;3159;3720;198134;98751;26.0;12.9
68;2021-05-11;4719;3615;202853;102366;26.6;13.4
68;2021-05-12;5789;3292;208642;105658;27.3;13.8
68;2021-05-13;4765;839;213407;106497;28.0;14.0
68;2021-05-14;5962;2134;219369;108631;28.7;14.2
68;2021-05-15;3560;910;222929;109541;29.2;14.4
68;2021-05-16;669;118;223598;109659;29.3;14.4
68;2021-05-17;4449;2498;228047;112157;29.9;14.7
68;2021-05-18;6141;2307;234188;114464;30.7;15.0
68;2021-05-19;5871;2884;240059;117348;31.5;15.4
68;2021-05-20;5931;2412;245990;119760;32.2;15.7
68;2021-05-21;5778;2869;251768;122629;33.0;16.1
68;2021-05-22;2578;925;254346;123554;33.3;16.2
68;2021-05-23;15;17;254361;123571;33.3;16.2
68;2021-05-24;2307;970;256668;124541;33.6;16.3
68;2021-05-25;4347;3438;261015;127979;34.2;16.8
68;2021-05-26;4882;3382;265897;131361;34.8;17.2
68;2021-05-27;5408;3400;271305;134761;35.5;17.7
68;2021-05-28;5621;3717;276926;138478;36.3;18.1
68;2021-05-29;1541;1186;278467;139664;36.5;18.3
68;2021-05-30;41;46;278508;139710;36.5;18.3
68;2021-05-31;5162;2363;283670;142073;37.2;18.6
68;2021-06-01;5990;2793;289660;144866;38.0;19.0
68;2021-06-02;4887;3007;294547;147873;38.6;19.4
68;2021-06-03;5943;3097;300490;150970;39.4;19.8
68;2021-06-04;4897;3301;305387;154271;40.0;20.2
68;2021-06-05;781;1168;306168;155439;40.1;20.4
68;2021-06-06;69;114;306237;155553;40.1;20.4
68;2021-06-07;4758;3034;310995;158587;40.7;20.8
68;2021-06-08;4941;3554;315936;162141;41.4;21.2
68;2021-06-09;4996;3445;320932;165586;42.1;21.7
68;2021-06-10;5202;3146;326134;168732;42.7;22.1
68;2021-06-11;5059;4149;331193;172881;43.4;22.7
68;2021-06-12;3036;1769;334229;174650;43.8;22.9
68;2021-06-13;515;682;334744;175332;43.9;23.0
68;2021-06-14;2517;4392;337261;179724;44.2;23.5
68;2021-06-15;3112;4717;340373;184441;44.6;24.2
68;2021-06-16;3390;4443;343763;188884;45.0;24.7
68;2021-06-17;2361;4454;346124;193338;45.4;25.3
68;2021-06-18;3360;5178;349484;198516;45.8;26.0
68;2021-06-19;2256;2170;351740;200686;46.1;26.3
68;2021-06-20;259;893;351999;201579;46.1;26.4
68;2021-06-21;2061;5152;354060;206731;46.4;27.1
68;2021-06-22;1901;5175;355961;211906;46.6;27.8
68;2021-06-23;2317;5742;358278;217648;46.9;28.5
68;2021-06-24;2157;4897;360435;222545;47.2;29.2
68;2021-06-25;2287;6655;362722;229200;47.5;30.0
68;2021-06-26;1303;2609;364025;231809;47.7;30.4
68;2021-06-27;151;880;364176;232689;47.7;30.5
68;2021-06-28;1601;6445;365777;239134;47.9;31.3
68;2021-06-29;1539;6632;367316;245766;48.1;32.2
68;2021-06-30;1798;6555;369114;252321;48.4;33.1
68;2021-07-01;2110;5353;371224;257674;48.6;33.8
68;2021-07-02;2101;6483;373325;264157;48.9;34.6
68;2021-07-03;988;1935;374313;266092;49.0;34.9
68;2021-07-04;242;200;374555;266292;49.1;34.9
68;2021-07-05;1458;5516;376013;271808;49.3;35.6
68;2021-07-06;2002;5882;378015;277690;49.5;36.4
68;2021-07-07;2457;4975;380472;282665;49.9;37.0
68;2021-07-08;2436;4748;382908;287413;50.2;37.7
68;2021-07-09;2092;7367;385000;294780;50.4;38.6
68;2021-07-10;1026;2004;386026;296784;50.6;38.9
68;2021-07-11;147;156;386173;296940;50.6;38.9
68;2021-07-12;1646;6773;387819;303713;50.8;39.8
68;2021-07-13;2909;6548;390728;310261;51.2;40.7
68;2021-07-14;1841;983;392569;311244;51.4;40.8
68;2021-07-15;3189;6655;395758;317899;51.9;41.7
68;2021-07-16;3818;6764;399576;324663;52.4;42.5
68;2021-07-17;3363;2301;402939;326964;52.8;42.8
68;2021-07-18;1054;230;403993;327194;52.9;42.9
68;2021-07-19;3052;6081;407045;333275;53.3;43.7
68;2021-07-20;4002;5667;411047;338942;53.9;44.4
68;2021-07-21;4339;5828;415386;344770;54.4;45.2
68;2021-07-22;4192;4845;419578;349615;55.0;45.8
68;2021-07-23;5043;5759;424621;355374;55.6;46.6
68;2021-07-24;3351;2129;427972;357503;56.1;46.8
68;2021-07-25;826;537;428798;358040;56.2;46.9
68;2021-07-26;4837;4449;433635;362489;56.8;47.5
68;2021-07-27;6378;3755;440013;366244;57.7;48.0
68;2021-07-28;6853;3878;446866;370122;58.6;48.5
68;2021-07-29;6398;3420;453264;373542;59.4;48.9
68;2021-07-30;6350;4377;459614;377919;60.2;49.5
68;2021-07-31;3918;1426;463532;379345;60.7;49.7
68;2021-08-01;1653;493;465185;379838;61.0;49.8
68;2021-08-02;4600;3148;469785;382986;61.6;50.2
68;2021-08-03;3544;2444;473329;385430;62.0;50.5
68;2021-08-04;3141;2688;476470;388118;62.4;50.9
68;2021-08-05;2749;2638;479219;390756;62.8;51.2
68;2021-08-06;3998;4328;483217;395084;63.3;51.8
68;2021-08-07;1227;1304;484444;396388;63.5;51.9
68;2021-08-08;364;813;484808;397201;63.5;52.0
68;2021-08-09;2575;3684;487383;400885;63.9;52.5
68;2021-08-10;2215;2782;489598;403667;64.2;52.9
68;2021-08-11;1898;2729;491496;406396;64.4;53.2
68;2021-08-12;1750;2667;493246;409063;64.6;53.6
68;2021-08-13;2716;4758;495962;413821;65.0;54.2
68;2021-08-14;713;1439;496675;415260;65.1;54.4
68;2021-08-15;45;445;496720;415705;65.1;54.5
68;2021-08-16;2003;5062;498723;420767;65.3;55.1
68;2021-08-17;1795;4846;500518;425613;65.6;55.8
68;2021-08-18;1177;3691;501695;429304;65.7;56.3
68;2021-08-19;1363;3741;503058;433045;65.9;56.7
68;2021-08-20;2224;6061;505282;439106;66.2;57.5
68;2021-08-21;492;1379;505774;440485;66.3;57.7
68;2021-08-22;116;458;505890;440943;66.3;57.8
68;2021-08-23;1186;5424;507076;446367;66.4;58.5
68;2021-08-24;1399;5949;508475;452316;66.6;59.3
68;2021-08-25;1656;3751;510131;456067;66.8;59.8
68;2021-08-26;1984;4501;512115;460568;67.1;60.3
68;2021-08-27;1837;6279;513952;466847;67.3;61.2
68;2021-08-28;422;1070;514374;467917;67.4;61.3
68;2021-08-29;36;418;514410;468335;67.4;61.4
68;2021-08-30;1343;4554;515753;472889;67.6;62.0
68;2021-08-31;1292;4237;517045;477126;67.7;62.5
68;2021-09-01;880;2278;517925;479404;67.9;62.8
68;2021-09-02;875;1980;518800;481384;68.0;63.1
68;2021-09-03;1302;4609;520102;485993;68.1;63.7
68;2021-09-04;491;953;520593;486946;68.2;63.8
68;2021-09-05;209;174;520802;487120;68.2;63.8
68;2021-09-06;688;2386;521490;489506;68.3;64.1
68;2021-09-07;606;1450;522096;490956;68.4;64.3
68;2021-09-08;616;1484;522712;492440;68.5;64.5
68;2021-09-09;898;1564;523610;494004;68.6;64.7
68;2021-09-10;1477;3341;525087;497345;68.8;65.2
68;2021-09-11;458;667;525545;498012;68.9;65.3
68;2021-09-12;73;63;525618;498075;68.9;65.3
68;2021-09-13;802;1367;526420;499442;69.0;65.4
69;2020-12-27;5;0;5;0;0.0;0.0
69;2020-12-28;12;0;17;0;0.0;0.0
69;2020-12-29;5;0;22;0;0.0;0.0
69;2020-12-30;6;0;28;0;0.0;0.0
69;2020-12-31;12;0;40;0;0.0;0.0
69;2021-01-01;2;0;42;0;0.0;0.0
69;2021-01-02;2;0;44;0;0.0;0.0
69;2021-01-03;3;0;47;0;0.0;0.0
69;2021-01-04;13;0;60;0;0.0;0.0
69;2021-01-05;218;0;278;0;0.0;0.0
69;2021-01-06;518;0;796;0;0.0;0.0
69;2021-01-07;812;0;1608;0;0.1;0.0
69;2021-01-08;828;0;2436;0;0.1;0.0
69;2021-01-09;41;1;2477;1;0.1;0.0
69;2021-01-10;3;1;2480;2;0.1;0.0
69;2021-01-11;1135;2;3615;4;0.2;0.0
69;2021-01-12;1397;7;5012;11;0.3;0.0
69;2021-01-13;1395;3;6407;14;0.3;0.0
69;2021-01-14;2283;18;8690;32;0.5;0.0
69;2021-01-15;1826;8;10516;40;0.6;0.0
69;2021-01-16;930;3;11446;43;0.6;0.0
69;2021-01-17;260;2;11706;45;0.6;0.0
69;2021-01-18;1694;18;13400;63;0.7;0.0
69;2021-01-19;3512;36;16912;99;0.9;0.0
69;2021-01-20;4456;29;21368;128;1.1;0.0
69;2021-01-21;4079;27;25447;155;1.4;0.0
69;2021-01-22;3171;19;28618;174;1.5;0.0
69;2021-01-23;1285;5;29903;179;1.6;0.0
69;2021-01-24;101;1;30004;180;1.6;0.0
69;2021-01-25;2243;36;32247;216;1.7;0.0
69;2021-01-26;2562;87;34809;303;1.9;0.0
69;2021-01-27;2355;169;37164;472;2.0;0.0
69;2021-01-28;2236;351;39400;823;2.1;0.0
69;2021-01-29;2112;273;41512;1096;2.2;0.1
69;2021-01-30;889;3;42401;1099;2.3;0.1
69;2021-01-31;65;0;42466;1099;2.3;0.1
69;2021-02-01;1112;382;43578;1481;2.3;0.1
69;2021-02-02;1558;383;45136;1864;2.4;0.1
69;2021-02-03;1442;521;46578;2385;2.5;0.1
69;2021-02-04;1794;925;48372;3310;2.6;0.2
69;2021-02-05;820;799;49192;4109;2.6;0.2
69;2021-02-06;369;41;49561;4150;2.6;0.2
69;2021-02-07;0;0;49561;4150;2.6;0.2
69;2021-02-08;1133;957;50694;5107;2.7;0.3
69;2021-02-09;2051;1934;52745;7041;2.8;0.4
69;2021-02-10;1856;2463;54601;9504;2.9;0.5
69;2021-02-11;1862;3016;56463;12520;3.0;0.7
69;2021-02-12;1905;1849;58368;14369;3.1;0.8
69;2021-02-13;459;586;58827;14955;3.1;0.8
69;2021-02-14;89;32;58916;14987;3.1;0.8
69;2021-02-15;1014;1441;59930;16428;3.2;0.9
69;2021-02-16;984;1924;60914;18352;3.2;1.0
69;2021-02-17;1027;1943;61941;20295;3.3;1.1
69;2021-02-18;967;1869;62908;22164;3.4;1.2
69;2021-02-19;891;1512;63799;23676;3.4;1.3
69;2021-02-20;321;700;64120;24376;3.4;1.3
69;2021-02-21;54;58;64174;24434;3.4;1.3
69;2021-02-22;610;1749;64784;26183;3.5;1.4
69;2021-02-23;740;1880;65524;28063;3.5;1.5
69;2021-02-24;972;1901;66496;29964;3.5;1.6
69;2021-02-25;2215;2355;68711;32319;3.7;1.7
69;2021-02-26;2775;1683;71486;34002;3.8;1.8
69;2021-02-27;925;506;72411;34508;3.9;1.8
69;2021-02-28;148;98;72559;34606;3.9;1.8
69;2021-03-01;2166;766;74725;35372;4.0;1.9
69;2021-03-02;3298;1233;78023;36605;4.2;2.0
69;2021-03-03;3670;1148;81693;37753;4.4;2.0
69;2021-03-04;4885;1221;86578;38974;4.6;2.1
69;2021-03-05;5875;1159;92453;40133;4.9;2.1
69;2021-03-06;3417;371;95870;40504;5.1;2.2
69;2021-03-07;641;43;96511;40547;5.1;2.2
69;2021-03-08;2960;1016;99471;41563;5.3;2.2
69;2021-03-09;4609;1142;104080;42705;5.5;2.3
69;2021-03-10;5071;975;109151;43680;5.8;2.3
69;2021-03-11;6601;988;115752;44668;6.2;2.4
69;2021-03-12;8859;1122;124611;45790;6.6;2.4
69;2021-03-13;4927;240;129538;46030;6.9;2.5
69;2021-03-14;2741;151;132279;46181;7.1;2.5
69;2021-03-15;4807;676;137086;46857;7.3;2.5
69;2021-03-16;3819;661;140905;47518;7.5;2.5
69;2021-03-17;3952;868;144857;48386;7.7;2.6
69;2021-03-18;4967;1541;149824;49927;8.0;2.7
69;2021-03-19;6687;977;156511;50904;8.3;2.7
69;2021-03-20;3594;275;160105;51179;8.5;2.7
69;2021-03-21;1976;101;162081;51280;8.6;2.7
69;2021-03-22;4549;750;166630;52030;8.9;2.8
69;2021-03-23;7366;811;173996;52841;9.3;2.8
69;2021-03-24;6456;996;180452;53837;9.6;2.9
69;2021-03-25;8590;1117;189042;54954;10.1;2.9
69;2021-03-26;8814;1244;197856;56198;10.5;3.0
69;2021-03-27;3157;790;201013;56988;10.7;3.0
69;2021-03-28;2219;188;203232;57176;10.8;3.0
69;2021-03-29;4098;2168;207330;59344;11.1;3.2
69;2021-03-30;7642;2530;214972;61874;11.5;3.3
69;2021-03-31;6357;3105;221329;64979;11.8;3.5
69;2021-04-01;8464;2721;229793;67700;12.2;3.6
69;2021-04-02;8312;3107;238105;70807;12.7;3.8
69;2021-04-03;5425;2114;243530;72921;13.0;3.9
69;2021-04-04;6611;544;250141;73465;13.3;3.9
69;2021-04-05;6194;815;256335;74280;13.7;4.0
69;2021-04-06;5115;3467;261450;77747;13.9;4.1
69;2021-04-07;5169;3873;266619;81620;14.2;4.4
69;2021-04-08;6427;3999;273046;85619;14.6;4.6
69;2021-04-09;9166;3740;282212;89359;15.0;4.8
69;2021-04-10;3053;2488;285265;91847;15.2;4.9
69;2021-04-11;2039;1897;287304;93744;15.3;5.0
69;2021-04-12;5472;3560;292776;97304;15.6;5.2
69;2021-04-13;7069;4118;299845;101422;16.0;5.4
69;2021-04-14;6719;4154;306564;105576;16.3;5.6
69;2021-04-15;7944;4594;314508;110170;16.8;5.9
69;2021-04-16;7864;4492;322372;114662;17.2;6.1
69;2021-04-17;5038;2311;327410;116973;17.5;6.2
69;2021-04-18;1716;1791;329126;118764;17.5;6.3
69;2021-04-19;7019;3775;336145;122539;17.9;6.5
69;2021-04-20;6487;4758;342632;127297;18.3;6.8
69;2021-04-21;5688;4416;348320;131713;18.6;7.0
69;2021-04-22;6429;5438;354749;137151;18.9;7.3
69;2021-04-23;6739;4901;361488;142052;19.3;7.6
69;2021-04-24;3157;2028;364645;144080;19.4;7.7
69;2021-04-25;2119;1545;366764;145625;19.5;7.8
69;2021-04-26;4496;3868;371260;149493;19.8;8.0
69;2021-04-27;6516;5309;377776;154802;20.1;8.3
69;2021-04-28;6274;4860;384050;159662;20.5;8.5
69;2021-04-29;6702;5366;390752;165028;20.8;8.8
69;2021-04-30;6931;6149;397683;171177;21.2;9.1
69;2021-05-01;3303;644;400986;171821;21.4;9.2
69;2021-05-02;1628;5882;402614;177703;21.5;9.5
69;2021-05-03;5858;8241;408472;185944;21.8;9.9
69;2021-05-04;7608;8154;416080;194098;22.2;10.3
69;2021-05-05;11213;5661;427293;199759;22.8;10.6
69;2021-05-06;12475;6302;439768;206061;23.4;11.0
69;2021-05-07;11690;7140;451458;213201;24.1;11.4
69;2021-05-08;4306;1652;455764;214853;24.3;11.5
69;2021-05-09;6637;2679;462401;217532;24.6;11.6
69;2021-05-10;6939;6064;469340;223596;25.0;11.9
69;2021-05-11;9830;7034;479170;230630;25.5;12.3
69;2021-05-12;12461;6793;491631;237423;26.2;12.7
69;2021-05-13;10844;2562;502475;239985;26.8;12.8
69;2021-05-14;12595;5211;515070;245196;27.5;13.1
69;2021-05-15;9141;2592;524211;247788;27.9;13.2
69;2021-05-16;8409;1877;532620;249665;28.4;13.3
69;2021-05-17;11307;5650;543927;255315;29.0;13.6
69;2021-05-18;13229;6402;557156;261717;29.7;14.0
69;2021-05-19;13700;5893;570856;267610;30.4;14.3
69;2021-05-20;11391;6078;582247;273688;31.0;14.6
69;2021-05-21;11044;6550;593291;280238;31.6;14.9
69;2021-05-22;5579;2575;598870;282813;31.9;15.1
69;2021-05-23;4571;1543;603441;284356;32.2;15.2
69;2021-05-24;8429;1862;611870;286218;32.6;15.3
69;2021-05-25;9749;6177;621619;292395;33.1;15.6
69;2021-05-26;10287;6110;631906;298505;33.7;15.9
69;2021-05-27;10439;6787;642345;305292;34.2;16.3
69;2021-05-28;11621;8740;653966;314032;34.9;16.7
69;2021-05-29;7394;6045;661360;320077;35.3;17.1
69;2021-05-30;7384;3169;668744;323246;35.6;17.2
69;2021-05-31;10966;6373;679710;329619;36.2;17.6
69;2021-06-01;12853;7501;692563;337120;36.9;18.0
69;2021-06-02;14898;6722;707461;343842;37.7;18.3
69;2021-06-03;16648;7422;724109;351264;38.6;18.7
69;2021-06-04;16211;8554;740320;359818;39.5;19.2
69;2021-06-05;10110;3415;750430;363233;40.0;19.4
69;2021-06-06;7489;1719;757919;364952;40.4;19.5
69;2021-06-07;12827;7023;770746;371975;41.1;19.8
69;2021-06-08;16383;8281;787129;380256;42.0;20.3
69;2021-06-09;15223;7350;802352;387606;42.8;20.7
69;2021-06-10;16296;7333;818648;394939;43.6;21.1
69;2021-06-11;16653;9680;835301;404619;44.5;21.6
69;2021-06-12;8542;4186;843843;408805;45.0;21.8
69;2021-06-13;5624;2149;849467;410954;45.3;21.9
69;2021-06-14;8589;9085;858056;420039;45.7;22.4
69;2021-06-15;10949;11019;869005;431058;46.3;23.0
69;2021-06-16;11352;12325;880357;443383;46.9;23.6
69;2021-06-17;11478;13255;891835;456638;47.5;24.3
69;2021-06-18;12078;14775;903913;471413;48.2;25.1
69;2021-06-19;6832;8359;910745;479772;48.5;25.6
69;2021-06-20;5278;4769;916023;484541;48.8;25.8
69;2021-06-21;6556;12125;922579;496666;49.2;26.5
69;2021-06-22;7221;13830;929800;510496;49.6;27.2
69;2021-06-23;8359;13028;938159;523524;50.0;27.9
69;2021-06-24;9309;13743;947468;537267;50.5;28.6
69;2021-06-25;7077;16312;954545;553579;50.9;29.5
69;2021-06-26;3955;9075;958500;562654;51.1;30.0
69;2021-06-27;3293;7421;961793;570075;51.3;30.4
69;2021-06-28;4551;14891;966344;584966;51.5;31.2
69;2021-06-29;5376;15665;971720;600631;51.8;32.0
69;2021-06-30;6396;14452;978116;615083;52.1;32.8
69;2021-07-01;8827;11978;986943;627061;52.6;33.4
69;2021-07-02;10649;14127;997592;641188;53.2;34.2
69;2021-07-03;6004;7773;1003596;648961;53.5;34.6
69;2021-07-04;4152;5553;1007748;654514;53.7;34.9
69;2021-07-05;6237;13021;1013985;667535;54.0;35.6
69;2021-07-06;5894;14283;1019879;681818;54.4;36.3
69;2021-07-07;7323;13564;1027202;695382;54.8;37.1
69;2021-07-08;7575;13412;1034777;708794;55.2;37.8
69;2021-07-09;7591;16474;1042368;725268;55.6;38.7
69;2021-07-10;3127;10317;1045495;735585;55.7;39.2
69;2021-07-11;4332;5833;1049827;741418;56.0;39.5
69;2021-07-12;4215;16973;1054042;758391;56.2;40.4
69;2021-07-13;6305;20728;1060347;779119;56.5;41.5
69;2021-07-14;5060;8492;1065407;787611;56.8;42.0
69;2021-07-15;7500;22592;1072907;810203;57.2;43.2
69;2021-07-16;9888;20129;1082795;830332;57.7;44.3
69;2021-07-17;4885;12243;1087680;842575;58.0;44.9
69;2021-07-18;3413;8896;1091093;851471;58.2;45.4
69;2021-07-19;7086;16457;1098179;867928;58.5;46.3
69;2021-07-20;9584;19322;1107763;887250;59.0;47.3
69;2021-07-21;9388;17415;1117151;904665;59.5;48.2
69;2021-07-22;11469;16460;1128620;921125;60.2;49.1
69;2021-07-23;11133;17698;1139753;938823;60.8;50.0
69;2021-07-24;5701;11060;1145454;949883;61.1;50.6
69;2021-07-25;4708;6634;1150162;956517;61.3;51.0
69;2021-07-26;8931;12960;1159093;969477;61.8;51.7
69;2021-07-27;12948;12159;1172041;981636;62.5;52.3
69;2021-07-28;12099;12159;1184140;993795;63.1;53.0
69;2021-07-29;14771;12338;1198911;1006133;63.9;53.6
69;2021-07-30;14369;12249;1213280;1018382;64.7;54.3
69;2021-07-31;8268;7246;1221548;1025628;65.1;54.7
69;2021-08-01;5193;5875;1226741;1031503;65.4;55.0
69;2021-08-02;12564;9622;1239305;1041125;66.1;55.5
69;2021-08-03;13215;8992;1252520;1050117;66.8;56.0
69;2021-08-04;13705;8172;1266225;1058289;67.5;56.4
69;2021-08-05;11408;7532;1277633;1065821;68.1;56.8
69;2021-08-06;10444;7799;1288077;1073620;68.7;57.2
69;2021-08-07;4991;4816;1293068;1078436;68.9;57.5
69;2021-08-08;4357;3561;1297425;1081997;69.2;57.7
69;2021-08-09;7600;9222;1305025;1091219;69.6;58.2
69;2021-08-10;8002;7027;1313027;1098246;70.0;58.5
69;2021-08-11;7859;8116;1320886;1106362;70.4;59.0
69;2021-08-12;7220;7333;1328106;1113695;70.8;59.4
69;2021-08-13;6621;8360;1334727;1122055;71.1;59.8
69;2021-08-14;4415;5368;1339142;1127423;71.4;60.1
69;2021-08-15;2431;2523;1341573;1129946;71.5;60.2
69;2021-08-16;5546;8883;1347119;1138829;71.8;60.7
69;2021-08-17;6310;8278;1353429;1147107;72.1;61.1
69;2021-08-18;6197;9465;1359626;1156572;72.5;61.6
69;2021-08-19;6275;9330;1365901;1165902;72.8;62.1
69;2021-08-20;5924;8828;1371825;1174730;73.1;62.6
69;2021-08-21;2802;3953;1374627;1178683;73.3;62.8
69;2021-08-22;1913;2419;1376540;1181102;73.4;63.0
69;2021-08-23;3653;12380;1380193;1193482;73.6;63.6
69;2021-08-24;5004;13625;1385197;1207107;73.8;64.3
69;2021-08-25;4308;12891;1389505;1219998;74.1;65.0
69;2021-08-26;4416;11725;1393921;1231723;74.3;65.7
69;2021-08-27;4242;14469;1398163;1246192;74.5;66.4
69;2021-08-28;1846;8627;1400009;1254819;74.6;66.9
69;2021-08-29;1289;6524;1401298;1261343;74.7;67.2
69;2021-08-30;3143;11814;1404441;1273157;74.9;67.9
69;2021-08-31;4104;10188;1408545;1283345;75.1;68.4
69;2021-09-01;3534;9780;1412079;1293125;75.3;68.9
69;2021-09-02;4146;9218;1416225;1302343;75.5;69.4
69;2021-09-03;3852;11239;1420077;1313582;75.7;70.0
69;2021-09-04;2175;8707;1422252;1322289;75.8;70.5
69;2021-09-05;1411;3849;1423663;1326138;75.9;70.7
69;2021-09-06;2184;6903;1425847;1333041;76.0;71.1
69;2021-09-07;2279;6957;1428126;1339998;76.1;71.4
69;2021-09-08;2626;7499;1430752;1347497;76.3;71.8
69;2021-09-09;2323;6745;1433075;1354242;76.4;72.2
69;2021-09-10;2530;7596;1435605;1361838;76.5;72.6
69;2021-09-11;1607;5280;1437212;1367118;76.6;72.9
69;2021-09-12;503;2332;1437715;1369450;76.6;73.0
69;2021-09-13;1589;5410;1439304;1374860;76.7;73.3
70;2020-12-27;0;0;0;0;0.0;0.0
70;2020-12-28;0;0;0;0;0.0;0.0
70;2020-12-29;0;0;0;0;0.0;0.0
70;2020-12-30;0;0;0;0;0.0;0.0
70;2020-12-31;0;0;0;0;0.0;0.0
70;2021-01-01;0;0;0;0;0.0;0.0
70;2021-01-02;0;0;0;0;0.0;0.0
70;2021-01-03;0;0;0;0;0.0;0.0
70;2021-01-04;0;0;0;0;0.0;0.0
70;2021-01-05;1;0;1;0;0.0;0.0
70;2021-01-06;24;0;25;0;0.0;0.0
70;2021-01-07;121;0;146;0;0.1;0.0
70;2021-01-08;22;0;168;0;0.1;0.0
70;2021-01-09;0;0;168;0;0.1;0.0
70;2021-01-10;0;0;168;0;0.1;0.0
70;2021-01-11;148;1;316;1;0.1;0.0
70;2021-01-12;201;1;517;2;0.2;0.0
70;2021-01-13;172;2;689;4;0.3;0.0
70;2021-01-14;148;5;837;9;0.4;0.0
70;2021-01-15;153;1;990;10;0.4;0.0
70;2021-01-16;65;0;1055;10;0.5;0.0
70;2021-01-17;0;0;1055;10;0.5;0.0
70;2021-01-18;397;0;1452;10;0.6;0.0
70;2021-01-19;503;2;1955;12;0.8;0.0
70;2021-01-20;494;2;2449;14;1.1;0.0
70;2021-01-21;674;2;3123;16;1.3;0.0
70;2021-01-22;458;2;3581;18;1.5;0.0
70;2021-01-23;261;2;3842;20;1.6;0.0
70;2021-01-24;4;0;3846;20;1.6;0.0
70;2021-01-25;371;1;4217;21;1.8;0.0
70;2021-01-26;335;1;4552;22;2.0;0.0
70;2021-01-27;331;10;4883;32;2.1;0.0
70;2021-01-28;365;35;5248;67;2.3;0.0
70;2021-01-29;329;52;5577;119;2.4;0.1
70;2021-01-30;228;0;5805;119;2.5;0.1
70;2021-01-31;0;0;5805;119;2.5;0.1
70;2021-02-01;261;42;6066;161;2.6;0.1
70;2021-02-02;272;95;6338;256;2.7;0.1
70;2021-02-03;251;53;6589;309;2.8;0.1
70;2021-02-04;265;120;6854;429;2.9;0.2
70;2021-02-05;254;72;7108;501;3.0;0.2
70;2021-02-06;209;37;7317;538;3.1;0.2
70;2021-02-07;0;0;7317;538;3.1;0.2
70;2021-02-08;179;153;7496;691;3.2;0.3
70;2021-02-09;204;147;7700;838;3.3;0.4
70;2021-02-10;196;218;7896;1056;3.4;0.5
70;2021-02-11;351;270;8247;1326;3.5;0.6
70;2021-02-12;239;408;8486;1734;3.6;0.7
70;2021-02-13;75;149;8561;1883;3.7;0.8
70;2021-02-14;0;29;8561;1912;3.7;0.8
70;2021-02-15;70;279;8631;2191;3.7;0.9
70;2021-02-16;113;282;8744;2473;3.7;1.1
70;2021-02-17;164;276;8908;2749;3.8;1.2
70;2021-02-18;205;226;9113;2975;3.9;1.3
70;2021-02-19;197;185;9310;3160;4.0;1.4
70;2021-02-20;192;57;9502;3217;4.1;1.4
70;2021-02-21;1;0;9503;3217;4.1;1.4
70;2021-02-22;106;184;9609;3401;4.1;1.5
70;2021-02-23;125;208;9734;3609;4.2;1.5
70;2021-02-24;132;183;9866;3792;4.2;1.6
70;2021-02-25;315;205;10181;3997;4.4;1.7
70;2021-02-26;395;123;10576;4120;4.5;1.8
70;2021-02-27;147;147;10723;4267;4.6;1.8
70;2021-02-28;0;0;10723;4267;4.6;1.8
70;2021-03-01;249;213;10972;4480;4.7;1.9
70;2021-03-02;487;238;11459;4718;4.9;2.0
70;2021-03-03;467;225;11926;4943;5.1;2.1
70;2021-03-04;693;242;12619;5185;5.4;2.2
70;2021-03-05;767;228;13386;5413;5.7;2.3
70;2021-03-06;540;101;13926;5514;6.0;2.4
70;2021-03-07;216;23;14142;5537;6.1;2.4
70;2021-03-08;554;194;14696;5731;6.3;2.5
70;2021-03-09;866;165;15562;5896;6.7;2.5
70;2021-03-10;659;173;16221;6069;7.0;2.6
70;2021-03-11;698;249;16919;6318;7.3;2.7
70;2021-03-12;985;175;17904;6493;7.7;2.8
70;2021-03-13;583;119;18487;6612;7.9;2.8
70;2021-03-14;20;1;18507;6613;7.9;2.8
70;2021-03-15;774;108;19281;6721;8.3;2.9
70;2021-03-16;655;97;19936;6818;8.5;2.9
70;2021-03-17;595;182;20531;7000;8.8;3.0
70;2021-03-18;633;140;21164;7140;9.1;3.1
70;2021-03-19;1019;142;22183;7282;9.5;3.1
70;2021-03-20;641;186;22824;7468;9.8;3.2
70;2021-03-21;9;0;22833;7468;9.8;3.2
70;2021-03-22;757;97;23590;7565;10.1;3.2
70;2021-03-23;1310;154;24900;7719;10.7;3.3
70;2021-03-24;1270;106;26170;7825;11.2;3.4
70;2021-03-25;1246;198;27416;8023;11.8;3.4
70;2021-03-26;1487;298;28903;8321;12.4;3.6
70;2021-03-27;957;129;29860;8450;12.8;3.6
70;2021-03-28;0;10;29860;8460;12.8;3.6
70;2021-03-29;721;413;30581;8873;13.1;3.8
70;2021-03-30;1093;316;31674;9189;13.6;3.9
70;2021-03-31;878;317;32552;9506;14.0;4.1
70;2021-04-01;1154;428;33706;9934;14.5;4.3
70;2021-04-02;1310;346;35016;10280;15.0;4.4
70;2021-04-03;639;320;35655;10600;15.3;4.5
70;2021-04-04;11;0;35666;10600;15.3;4.5
70;2021-04-05;4;2;35670;10602;15.3;4.5
70;2021-04-06;832;555;36502;11157;15.7;4.8
70;2021-04-07;858;588;37360;11745;16.0;5.0
70;2021-04-08;1320;560;38680;12305;16.6;5.3
70;2021-04-09;1404;537;40084;12842;17.2;5.5
70;2021-04-10;859;346;40943;13188;17.6;5.7
70;2021-04-11;23;1;40966;13189;17.6;5.7
70;2021-04-12;696;660;41662;13849;17.9;5.9
70;2021-04-13;921;769;42583;14618;18.3;6.3
70;2021-04-14;816;575;43399;15193;18.6;6.5
70;2021-04-15;1079;604;44478;15797;19.1;6.8
70;2021-04-16;1243;552;45721;16349;19.6;7.0
70;2021-04-17;689;468;46410;16817;19.9;7.2
70;2021-04-18;62;4;46472;16821;19.9;7.2
70;2021-04-19;540;809;47012;17630;20.2;7.6
70;2021-04-20;664;852;47676;18482;20.4;7.9
70;2021-04-21;483;926;48159;19408;20.7;8.3
70;2021-04-22;775;800;48934;20208;21.0;8.7
70;2021-04-23;875;741;49809;20949;21.4;9.0
70;2021-04-24;432;642;50241;21591;21.5;9.3
70;2021-04-25;11;0;50252;21591;21.5;9.3
70;2021-04-26;924;604;51176;22195;21.9;9.5
70;2021-04-27;1209;753;52385;22948;22.5;9.8
70;2021-04-28;889;811;53274;23759;22.8;10.2
70;2021-04-29;1343;928;54617;24687;23.4;10.6
70;2021-04-30;1533;873;56150;25560;24.1;11.0
70;2021-05-01;1694;120;57844;25680;24.8;11.0
70;2021-05-02;2;0;57846;25680;24.8;11.0
70;2021-05-03;1189;579;59035;26259;25.3;11.3
70;2021-05-04;1354;756;60389;27015;25.9;11.6
70;2021-05-05;1190;879;61579;27894;26.4;12.0
70;2021-05-06;1846;1270;63425;29164;27.2;12.5
70;2021-05-07;2127;1239;65552;30403;28.1;13.0
70;2021-05-08;1341;193;66893;30596;28.7;13.1
70;2021-05-09;9;57;66902;30653;28.7;13.1
70;2021-05-10;961;946;67863;31599;29.1;13.6
70;2021-05-11;1241;1076;69104;32675;29.6;14.0
70;2021-05-12;1176;863;70280;33538;30.1;14.4
70;2021-05-13;1544;147;71824;33685;30.8;14.4
70;2021-05-14;2062;754;73886;34439;31.7;14.8
70;2021-05-15;2657;531;76543;34970;32.8;15.0
70;2021-05-16;999;72;77542;35042;33.3;15.0
70;2021-05-17;1238;386;78780;35428;33.8;15.2
70;2021-05-18;1296;591;80076;36019;34.3;15.4
70;2021-05-19;1476;480;81552;36499;35.0;15.7
70;2021-05-20;1779;630;83331;37129;35.7;15.9
70;2021-05-21;1693;817;85024;37946;36.5;16.3
70;2021-05-22;1221;665;86245;38611;37.0;16.6
70;2021-05-23;8;14;86253;38625;37.0;16.6
70;2021-05-24;227;27;86480;38652;37.1;16.6
70;2021-05-25;837;926;87317;39578;37.4;17.0
70;2021-05-26;1048;946;88365;40524;37.9;17.4
70;2021-05-27;1263;994;89628;41518;38.4;17.8
70;2021-05-28;1546;1158;91174;42676;39.1;18.3
70;2021-05-29;1371;587;92545;43263;39.7;18.6
70;2021-05-30;1;8;92546;43271;39.7;18.6
70;2021-05-31;969;679;93515;43950;40.1;18.8
70;2021-06-01;1213;848;94728;44798;40.6;19.2
70;2021-06-02;1265;678;95993;45476;41.2;19.5
70;2021-06-03;1430;837;97423;46313;41.8;19.9
70;2021-06-04;1335;1111;98758;47424;42.4;20.3
70;2021-06-05;1024;663;99782;48087;42.8;20.6
70;2021-06-06;599;78;100381;48165;43.0;20.7
70;2021-06-07;941;849;101322;49014;43.4;21.0
70;2021-06-08;1216;1187;102538;50201;44.0;21.5
70;2021-06-09;1156;988;103694;51189;44.5;22.0
70;2021-06-10;1569;830;105263;52019;45.1;22.3
70;2021-06-11;1587;1956;106850;53975;45.8;23.1
70;2021-06-12;829;1971;107679;55946;46.2;24.0
70;2021-06-13;143;15;107822;55961;46.2;24.0
70;2021-06-14;559;1244;108381;57205;46.5;24.5
70;2021-06-15;451;1506;108832;58711;46.7;25.2
70;2021-06-16;800;1393;109632;60104;47.0;25.8
70;2021-06-17;1153;2098;110785;62202;47.5;26.7
70;2021-06-18;997;2255;111782;64457;47.9;27.6
70;2021-06-19;1091;1639;112873;66096;48.4;28.3
70;2021-06-20;1;3;112874;66099;48.4;28.3
70;2021-06-21;692;1452;113566;67551;48.7;29.0
70;2021-06-22;654;1512;114220;69063;49.0;29.6
70;2021-06-23;662;1570;114882;70633;49.3;30.3
70;2021-06-24;877;2049;115759;72682;49.6;31.2
70;2021-06-25;681;2646;116440;75328;49.9;32.3
70;2021-06-26;943;2134;117383;77462;50.3;33.2
70;2021-06-27;141;763;117524;78225;50.4;33.5
70;2021-06-28;336;1351;117860;79576;50.5;34.1
70;2021-06-29;411;1610;118271;81186;50.7;34.8
70;2021-06-30;391;1635;118662;82821;50.9;35.5
70;2021-07-01;642;1752;119304;84573;51.2;36.3
70;2021-07-02;815;1576;120119;86149;51.5;36.9
70;2021-07-03;841;1085;120960;87234;51.9;37.4
70;2021-07-04;29;70;120989;87304;51.9;37.4
70;2021-07-05;610;1037;121599;88341;52.1;37.9
70;2021-07-06;681;1274;122280;89615;52.4;38.4
70;2021-07-07;509;1425;122789;91040;52.7;39.0
70;2021-07-08;817;1574;123606;92614;53.0;39.7
70;2021-07-09;872;1662;124478;94276;53.4;40.4
70;2021-07-10;831;1033;125309;95309;53.7;40.9
70;2021-07-11;7;20;125316;95329;53.7;40.9
70;2021-07-12;431;1391;125747;96720;53.9;41.5
70;2021-07-13;907;1867;126654;98587;54.3;42.3
70;2021-07-14;33;6;126687;98593;54.3;42.3
70;2021-07-15;1383;1692;128070;100285;54.9;43.0
70;2021-07-16;1632;2055;129702;102340;55.6;43.9
70;2021-07-17;1501;1455;131203;103795;56.3;44.5
70;2021-07-18;1145;641;132348;104436;56.8;44.8
70;2021-07-19;883;974;133231;105410;57.1;45.2
70;2021-07-20;1350;1351;134581;106761;57.7;45.8
70;2021-07-21;1288;1402;135869;108163;58.3;46.4
70;2021-07-22;1869;1828;137738;109991;59.1;47.2
70;2021-07-23;1830;2493;139568;112484;59.9;48.2
70;2021-07-24;1364;1806;140932;114290;60.4;49.0
70;2021-07-25;27;3;140959;114293;60.4;49.0
70;2021-07-26;1056;975;142015;115268;60.9;49.4
70;2021-07-27;1405;975;143420;116243;61.5;49.8
70;2021-07-28;1405;1162;144825;117405;62.1;50.3
70;2021-07-29;1874;1387;146699;118792;62.9;50.9
70;2021-07-30;1974;1346;148673;120138;63.8;51.5
70;2021-07-31;1752;1166;150425;121304;64.5;52.0
70;2021-08-01;2;4;150427;121308;64.5;52.0
70;2021-08-02;776;737;151203;122045;64.8;52.3
70;2021-08-03;1296;1037;152499;123082;65.4;52.8
70;2021-08-04;1211;921;153710;124003;65.9;53.2
70;2021-08-05;1658;1191;155368;125194;66.6;53.7
70;2021-08-06;1796;1330;157164;126524;67.4;54.3
70;2021-08-07;1194;1028;158358;127552;67.9;54.7
70;2021-08-08;35;28;158393;127580;67.9;54.7
70;2021-08-09;533;704;158926;128284;68.2;55.0
70;2021-08-10;898;1132;159824;129416;68.5;55.5
70;2021-08-11;807;722;160631;130138;68.9;55.8
70;2021-08-12;906;1272;161537;131410;69.3;56.4
70;2021-08-13;1041;1622;162578;133032;69.7;57.0
70;2021-08-14;772;975;163350;134007;70.0;57.5
70;2021-08-15;36;28;163386;134035;70.1;57.5
70;2021-08-16;544;907;163930;134942;70.3;57.9
70;2021-08-17;677;1194;164607;136136;70.6;58.4
70;2021-08-18;537;939;165144;137075;70.8;58.8
70;2021-08-19;565;1386;165709;138461;71.1;59.4
70;2021-08-20;512;1901;166221;140362;71.3;60.2
70;2021-08-21;446;1161;166667;141523;71.5;60.7
70;2021-08-22;2;6;166669;141529;71.5;60.7
70;2021-08-23;281;879;166950;142408;71.6;61.1
70;2021-08-24;386;1374;167336;143782;71.8;61.7
70;2021-08-25;354;1341;167690;145123;71.9;62.2
70;2021-08-26;439;1560;168129;146683;72.1;62.9
70;2021-08-27;389;2126;168518;148809;72.3;63.8
70;2021-08-28;367;1706;168885;150515;72.4;64.5
70;2021-08-29;11;6;168896;150521;72.4;64.5
70;2021-08-30;296;835;169192;151356;72.6;64.9
70;2021-08-31;357;1127;169549;152483;72.7;65.4
70;2021-09-01;316;1195;169865;153678;72.8;65.9
70;2021-09-02;303;1296;170168;154974;73.0;66.5
70;2021-09-03;278;1244;170446;156218;73.1;67.0
70;2021-09-04;453;1261;170899;157479;73.3;67.5
70;2021-09-05;20;31;170919;157510;73.3;67.5
70;2021-09-06;167;700;171086;158210;73.4;67.8
70;2021-09-07;186;879;171272;159089;73.4;68.2
70;2021-09-08;195;875;171467;159964;73.5;68.6
70;2021-09-09;174;861;171641;160825;73.6;69.0
70;2021-09-10;253;913;171894;161738;73.7;69.4
70;2021-09-11;289;972;172183;162710;73.8;69.8
70;2021-09-12;7;37;172190;162747;73.8;69.8
70;2021-09-13;148;440;172338;163187;73.9;70.0
71;2020-12-27;0;0;0;0;0.0;0.0
71;2020-12-28;0;0;0;0;0.0;0.0
71;2020-12-29;0;0;0;0;0.0;0.0
71;2020-12-30;0;0;0;0;0.0;0.0
71;2020-12-31;0;0;0;0;0.0;0.0
71;2021-01-01;1;0;1;0;0.0;0.0
71;2021-01-02;0;0;1;0;0.0;0.0
71;2021-01-03;1;0;2;0;0.0;0.0
71;2021-01-04;1;0;3;0;0.0;0.0
71;2021-01-05;13;0;16;0;0.0;0.0
71;2021-01-06;72;0;88;0;0.0;0.0
71;2021-01-07;67;0;155;0;0.0;0.0
71;2021-01-08;146;0;301;0;0.1;0.0
71;2021-01-09;117;0;418;0;0.1;0.0
71;2021-01-10;1;0;419;0;0.1;0.0
71;2021-01-11;245;1;664;1;0.1;0.0
71;2021-01-12;846;1;1510;2;0.3;0.0
71;2021-01-13;563;2;2073;4;0.4;0.0
71;2021-01-14;581;10;2654;14;0.5;0.0
71;2021-01-15;667;2;3321;16;0.6;0.0
71;2021-01-16;9;0;3330;16;0.6;0.0
71;2021-01-17;0;0;3330;16;0.6;0.0
71;2021-01-18;1094;7;4424;23;0.8;0.0
71;2021-01-19;1696;7;6120;30;1.1;0.0
71;2021-01-20;1517;6;7637;36;1.4;0.0
71;2021-01-21;2061;15;9698;51;1.8;0.0
71;2021-01-22;1413;6;11111;57;2.0;0.0
71;2021-01-23;815;6;11926;63;2.2;0.0
71;2021-01-24;1;0;11927;63;2.2;0.0
71;2021-01-25;1065;5;12992;68;2.4;0.0
71;2021-01-26;1505;25;14497;93;2.6;0.0
71;2021-01-27;1248;34;15745;127;2.9;0.0
71;2021-01-28;1083;76;16828;203;3.1;0.0
71;2021-01-29;1014;135;17842;338;3.3;0.1
71;2021-01-30;605;1;18447;339;3.4;0.1
71;2021-01-31;1;14;18448;353;3.4;0.1
71;2021-02-01;751;227;19199;580;3.5;0.1
71;2021-02-02;753;340;19952;920;3.6;0.2
71;2021-02-03;817;396;20769;1316;3.8;0.2
71;2021-02-04;781;546;21550;1862;3.9;0.3
71;2021-02-05;704;482;22254;2344;4.1;0.4
71;2021-02-06;535;8;22789;2352;4.2;0.4
71;2021-02-07;4;49;22793;2401;4.2;0.4
71;2021-02-08;603;529;23396;2930;4.3;0.5
71;2021-02-09;368;853;23764;3783;4.3;0.7
71;2021-02-10;412;835;24176;4618;4.4;0.8
71;2021-02-11;473;994;24649;5612;4.5;1.0
71;2021-02-12;535;887;25184;6499;4.6;1.2
71;2021-02-13;124;378;25308;6877;4.6;1.3
71;2021-02-14;2;7;25310;6884;4.6;1.3
71;2021-02-15;323;734;25633;7618;4.7;1.4
71;2021-02-16;442;1155;26075;8773;4.8;1.6
71;2021-02-17;427;1005;26502;9778;4.8;1.8
71;2021-02-18;548;795;27050;10573;4.9;1.9
71;2021-02-19;573;700;27623;11273;5.0;2.1
71;2021-02-20;224;292;27847;11565;5.1;2.1
71;2021-02-21;4;13;27851;11578;5.1;2.1
71;2021-02-22;237;746;28088;12324;5.1;2.2
71;2021-02-23;452;808;28540;13132;5.2;2.4
71;2021-02-24;445;606;28985;13738;5.3;2.5
71;2021-02-25;533;624;29518;14362;5.4;2.6
71;2021-02-26;830;487;30348;14849;5.5;2.7
71;2021-02-27;457;280;30805;15129;5.6;2.8
71;2021-02-28;54;14;30859;15143;5.6;2.8
71;2021-03-01;1187;595;32046;15738;5.8;2.9
71;2021-03-02;1574;576;33620;16314;6.1;3.0
71;2021-03-03;1819;714;35439;17028;6.5;3.1
71;2021-03-04;2003;749;37442;17777;6.8;3.2
71;2021-03-05;2290;632;39732;18409;7.3;3.4
71;2021-03-06;754;63;40486;18472;7.4;3.4
71;2021-03-07;40;20;40526;18492;7.4;3.4
71;2021-03-08;1452;722;41978;19214;7.7;3.5
71;2021-03-09;2160;492;44138;19706;8.1;3.6
71;2021-03-10;2173;448;46311;20154;8.5;3.7
71;2021-03-11;2629;649;48940;20803;8.9;3.8
71;2021-03-12;2606;612;51546;21415;9.4;3.9
71;2021-03-13;995;94;52541;21509;9.6;3.9
71;2021-03-14;36;0;52577;21509;9.6;3.9
71;2021-03-15;1798;491;54375;22000;9.9;4.0
71;2021-03-16;1822;202;56197;22202;10.3;4.1
71;2021-03-17;2134;249;58331;22451;10.6;4.1
71;2021-03-18;1952;434;60283;22885;11.0;4.2
71;2021-03-19;2370;332;62653;23217;11.4;4.2
71;2021-03-20;1084;41;63737;23258;11.6;4.2
71;2021-03-21;17;5;63754;23263;11.6;4.2
71;2021-03-22;2576;381;66330;23644;12.1;4.3
71;2021-03-23;3346;505;69676;24149;12.7;4.4
71;2021-03-24;3350;469;73026;24618;13.3;4.5
71;2021-03-25;4028;591;77054;25209;14.1;4.6
71;2021-03-26;4058;339;81112;25548;14.8;4.7
71;2021-03-27;997;107;82109;25655;15.0;4.7
71;2021-03-28;57;8;82166;25663;15.0;4.7
71;2021-03-29;2409;1162;84575;26825;15.4;4.9
71;2021-03-30;2952;1356;87527;28181;16.0;5.1
71;2021-03-31;2549;1519;90076;29700;16.4;5.4
71;2021-04-01;2717;1297;92793;30997;16.9;5.7
71;2021-04-02;2503;1416;95296;32413;17.4;5.9
71;2021-04-03;268;34;95564;32447;17.4;5.9
71;2021-04-04;6;0;95570;32447;17.4;5.9
71;2021-04-05;61;2;95631;32449;17.5;5.9
71;2021-04-06;2259;1875;97890;34324;17.9;6.3
71;2021-04-07;2390;1783;100280;36107;18.3;6.6
71;2021-04-08;3284;1800;103564;37907;18.9;6.9
71;2021-04-09;4043;1665;107607;39572;19.6;7.2
71;2021-04-10;769;47;108376;39619;19.8;7.2
71;2021-04-11;100;4;108476;39623;19.8;7.2
71;2021-04-12;2356;1694;110832;41317;20.2;7.5
71;2021-04-13;2585;1885;113417;43202;20.7;7.9
71;2021-04-14;2374;1919;115791;45121;21.1;8.2
71;2021-04-15;2780;1690;118571;46811;21.6;8.5
71;2021-04-16;2628;1648;121199;48459;22.1;8.8
71;2021-04-17;952;343;122151;48802;22.3;8.9
71;2021-04-18;106;6;122257;48808;22.3;8.9
71;2021-04-19;1761;2571;124018;51379;22.6;9.4
71;2021-04-20;2222;2601;126240;53980;23.0;9.9
71;2021-04-21;2124;2592;128364;56572;23.4;10.3
71;2021-04-22;2511;2441;130875;59013;23.9;10.8
71;2021-04-23;2923;2264;133798;61277;24.4;11.2
71;2021-04-24;517;53;134315;61330;24.5;11.2
71;2021-04-25;26;0;134341;61330;24.5;11.2
71;2021-04-26;2567;2136;136908;63466;25.0;11.6
71;2021-04-27;2990;2265;139898;65731;25.5;12.0
71;2021-04-28;3075;2125;142973;67856;26.1;12.4
71;2021-04-29;3781;2213;146754;70069;26.8;12.8
71;2021-04-30;3929;1717;150683;71786;27.5;13.1
71;2021-05-01;39;53;150722;71839;27.5;13.1
71;2021-05-02;23;18;150745;71857;27.5;13.1
71;2021-05-03;4289;1386;155034;73243;28.3;13.4
71;2021-05-04;2956;2357;157990;75600;28.8;13.8
71;2021-05-05;3427;2084;161417;77684;29.5;14.2
71;2021-05-06;3467;2364;164884;80048;30.1;14.6
71;2021-05-07;3679;2802;168563;82850;30.8;15.1
71;2021-05-08;180;183;168743;83033;30.8;15.2
71;2021-05-09;44;47;168787;83080;30.8;15.2
71;2021-05-10;3698;2283;172485;85363;31.5;15.6
71;2021-05-11;4664;2359;177149;87722;32.3;16.0
71;2021-05-12;3978;2595;181127;90317;33.1;16.5
71;2021-05-13;1576;155;182703;90472;33.4;16.5
71;2021-05-14;3766;2196;186469;92668;34.0;16.9
71;2021-05-15;242;330;186711;92998;34.1;17.0
71;2021-05-16;2;0;186713;92998;34.1;17.0
71;2021-05-17;3864;1887;190577;94885;34.8;17.3
71;2021-05-18;3497;2425;194074;97310;35.4;17.8
71;2021-05-19;3719;2278;197793;99588;36.1;18.2
71;2021-05-20;4183;2290;201976;101878;36.9;18.6
71;2021-05-21;3724;2563;205700;104441;37.5;19.1
71;2021-05-22;169;304;205869;104745;37.6;19.1
71;2021-05-23;14;55;205883;104800;37.6;19.1
71;2021-05-24;19;94;205902;104894;37.6;19.1
71;2021-05-25;2690;3006;208592;107900;38.1;19.7
71;2021-05-26;2973;2433;211565;110333;38.6;20.1
71;2021-05-27;3387;2587;214952;112920;39.2;20.6
71;2021-05-28;2920;3152;217872;116072;39.8;21.2
71;2021-05-29;482;659;218354;116731;39.9;21.3
71;2021-05-30;75;57;218429;116788;39.9;21.3
71;2021-05-31;2776;3454;221205;120242;40.4;21.9
71;2021-06-01;3676;3543;224881;123785;41.0;22.6
71;2021-06-02;3998;2632;228879;126417;41.8;23.1
71;2021-06-03;4436;2521;233315;128938;42.6;23.5
71;2021-06-04;3717;3705;237032;132643;43.3;24.2
71;2021-06-05;684;646;237716;133289;43.4;24.3
71;2021-06-06;57;91;237773;133380;43.4;24.3
71;2021-06-07;3282;4154;241055;137534;44.0;25.1
71;2021-06-08;3898;4011;244953;141545;44.7;25.8
71;2021-06-09;4694;2753;249647;144298;45.6;26.3
71;2021-06-10;5268;2745;254915;147043;46.5;26.8
71;2021-06-11;4435;3722;259350;150765;47.3;27.5
71;2021-06-12;716;594;260066;151359;47.5;27.6
71;2021-06-13;104;187;260170;151546;47.5;27.7
71;2021-06-14;3513;3785;263683;155331;48.1;28.4
71;2021-06-15;4207;3551;267890;158882;48.9;29.0
71;2021-06-16;4597;2729;272487;161611;49.7;29.5
71;2021-06-17;4268;2992;276755;164603;50.5;30.0
71;2021-06-18;4328;3771;281083;168374;51.3;30.7
71;2021-06-19;1269;654;282352;169028;51.5;30.9
71;2021-06-20;37;27;282389;169055;51.5;30.9
71;2021-06-21;2270;4280;284659;173335;52.0;31.6
71;2021-06-22;2687;4355;287346;177690;52.5;32.4
71;2021-06-23;3060;3421;290406;181111;53.0;33.1
71;2021-06-24;3329;3024;293735;184135;53.6;33.6
71;2021-06-25;2654;4470;296389;188605;54.1;34.4
71;2021-06-26;372;551;296761;189156;54.2;34.5
71;2021-06-27;29;68;296790;189224;54.2;34.5
71;2021-06-28;1535;4624;298325;193848;54.5;35.4
71;2021-06-29;1992;4822;300317;198670;54.8;36.3
71;2021-06-30;2505;3935;302822;202605;55.3;37.0
71;2021-07-01;2826;3904;305648;206509;55.8;37.7
71;2021-07-02;3030;3985;308678;210494;56.3;38.4
71;2021-07-03;318;711;308996;211205;56.4;38.6
71;2021-07-04;28;132;309024;211337;56.4;38.6
71;2021-07-05;2476;4321;311500;215658;56.9;39.4
71;2021-07-06;2462;4563;313962;220221;57.3;40.2
71;2021-07-07;2984;3725;316946;223946;57.9;40.9
71;2021-07-08;2769;4110;319715;228056;58.4;41.6
71;2021-07-09;2382;5021;322097;233077;58.8;42.5
71;2021-07-10;212;656;322309;233733;58.8;42.7
71;2021-07-11;15;65;322324;233798;58.8;42.7
71;2021-07-12;1913;5306;324237;239104;59.2;43.6
71;2021-07-13;2541;5865;326778;244969;59.7;44.7
71;2021-07-14;950;400;327728;245369;59.8;44.8
71;2021-07-15;3025;5732;330753;251101;60.4;45.8
71;2021-07-16;3296;6005;334049;257106;61.0;46.9
71;2021-07-17;505;779;334554;257885;61.1;47.1
71;2021-07-18;89;93;334643;257978;61.1;47.1
71;2021-07-19;2864;5552;337507;263530;61.6;48.1
71;2021-07-20;3371;5913;340878;269443;62.2;49.2
71;2021-07-21;3414;5470;344292;274913;62.8;50.2
71;2021-07-22;3945;5333;348237;280246;63.6;51.2
71;2021-07-23;3235;6004;351472;286250;64.2;52.3
71;2021-07-24;715;594;352187;286844;64.3;52.4
71;2021-07-25;148;82;352335;286926;64.3;52.4
71;2021-07-26;3596;4890;355931;291816;65.0;53.3
71;2021-07-27;4092;5123;360023;296939;65.7;54.2
71;2021-07-28;4251;4809;364274;301748;66.5;55.1
71;2021-07-29;4212;4644;368486;306392;67.3;55.9
71;2021-07-30;4242;4923;372728;311315;68.0;56.8
71;2021-07-31;722;722;373450;312037;68.2;57.0
71;2021-08-01;106;35;373556;312072;68.2;57.0
71;2021-08-02;3970;3761;377526;315833;68.9;57.7
71;2021-08-03;4406;3820;381932;319653;69.7;58.3
71;2021-08-04;4391;2984;386323;322637;70.5;58.9
71;2021-08-05;4190;3266;390513;325903;71.3;59.5
71;2021-08-06;3698;4007;394211;329910;72.0;60.2
71;2021-08-07;495;329;394706;330239;72.0;60.3
71;2021-08-08;50;65;394756;330304;72.1;60.3
71;2021-08-09;3046;3411;397802;333715;72.6;60.9
71;2021-08-10;3075;3388;400877;337103;73.2;61.5
71;2021-08-11;3185;3081;404062;340184;73.8;62.1
71;2021-08-12;3016;3107;407078;343291;74.3;62.7
71;2021-08-13;2689;3333;409767;346624;74.8;63.3
71;2021-08-14;282;521;410049;347145;74.9;63.4
71;2021-08-15;49;110;410098;347255;74.9;63.4
71;2021-08-16;1708;3526;411806;350781;75.2;64.0
71;2021-08-17;1738;3434;413544;354215;75.5;64.7
71;2021-08-18;1451;3163;414995;357378;75.8;65.2
71;2021-08-19;1274;3115;416269;360493;76.0;65.8
71;2021-08-20;1286;3698;417555;364191;76.2;66.5
71;2021-08-21;147;413;417702;364604;76.2;66.6
71;2021-08-22;40;99;417742;364703;76.3;66.6
71;2021-08-23;1421;4541;419163;369244;76.5;67.4
71;2021-08-24;1324;3798;420487;373042;76.8;68.1
71;2021-08-25;948;3773;421435;376815;76.9;68.8
71;2021-08-26;954;3395;422389;380210;77.1;69.4
71;2021-08-27;1147;4461;423536;384671;77.3;70.2
71;2021-08-28;195;413;423731;385084;77.3;70.3
71;2021-08-29;27;106;423758;385190;77.4;70.3
71;2021-08-30;1249;3939;425007;389129;77.6;71.0
71;2021-08-31;1015;3620;426022;392749;77.8;71.7
71;2021-09-01;930;3540;426952;396289;77.9;72.3
71;2021-09-02;599;3101;427551;399390;78.0;72.9
71;2021-09-03;833;4008;428384;403398;78.2;73.6
71;2021-09-04;258;584;428642;403982;78.2;73.7
71;2021-09-05;23;56;428665;404038;78.2;73.8
71;2021-09-06;635;2729;429300;406767;78.4;74.3
71;2021-09-07;515;2195;429815;408962;78.5;74.7
71;2021-09-08;710;2541;430525;411503;78.6;75.1
71;2021-09-09;454;1707;430979;413210;78.7;75.4
71;2021-09-10;804;2665;431783;415875;78.8;75.9
71;2021-09-11;200;319;431983;416194;78.9;76.0
71;2021-09-12;19;49;432002;416243;78.9;76.0
71;2021-09-13;638;1573;432640;417816;79.0;76.3
72;2020-12-27;0;0;0;0;0.0;0.0
72;2020-12-28;0;0;0;0;0.0;0.0
72;2020-12-29;0;0;0;0;0.0;0.0
72;2020-12-30;0;0;0;0;0.0;0.0
72;2020-12-31;0;0;0;0;0.0;0.0
72;2021-01-01;2;0;2;0;0.0;0.0
72;2021-01-02;0;0;2;0;0.0;0.0
72;2021-01-03;0;0;2;0;0.0;0.0
72;2021-01-04;0;0;2;0;0.0;0.0
72;2021-01-05;14;0;16;0;0.0;0.0
72;2021-01-06;27;0;43;0;0.0;0.0
72;2021-01-07;110;0;153;0;0.0;0.0
72;2021-01-08;232;0;385;0;0.1;0.0
72;2021-01-09;36;0;421;0;0.1;0.0
72;2021-01-10;0;0;421;0;0.1;0.0
72;2021-01-11;485;1;906;1;0.2;0.0
72;2021-01-12;615;1;1521;2;0.3;0.0
72;2021-01-13;500;1;2021;3;0.4;0.0
72;2021-01-14;644;3;2665;6;0.5;0.0
72;2021-01-15;478;1;3143;7;0.6;0.0
72;2021-01-16;94;0;3237;7;0.6;0.0
72;2021-01-17;0;0;3237;7;0.6;0.0
72;2021-01-18;294;0;3531;7;0.6;0.0
72;2021-01-19;777;4;4308;11;0.8;0.0
72;2021-01-20;1538;6;5846;17;1.0;0.0
72;2021-01-21;1776;5;7622;22;1.4;0.0
72;2021-01-22;1149;5;8771;27;1.6;0.0
72;2021-01-23;32;0;8803;27;1.6;0.0
72;2021-01-24;0;0;8803;27;1.6;0.0
72;2021-01-25;503;7;9306;34;1.7;0.0
72;2021-01-26;1164;21;10470;55;1.9;0.0
72;2021-01-27;884;20;11354;75;2.0;0.0
72;2021-01-28;777;66;12131;141;2.2;0.0
72;2021-01-29;712;59;12843;200;2.3;0.0
72;2021-01-30;58;0;12901;200;2.3;0.0
72;2021-01-31;1;0;12902;200;2.3;0.0
72;2021-02-01;499;197;13401;397;2.4;0.1
72;2021-02-02;507;288;13908;685;2.5;0.1
72;2021-02-03;487;216;14395;901;2.6;0.2
72;2021-02-04;477;333;14872;1234;2.7;0.2
72;2021-02-05;514;304;15386;1538;2.7;0.3
72;2021-02-06;83;7;15469;1545;2.8;0.3
72;2021-02-07;19;3;15488;1548;2.8;0.3
72;2021-02-08;310;320;15798;1868;2.8;0.3
72;2021-02-09;489;501;16287;2369;2.9;0.4
72;2021-02-10;567;848;16854;3217;3.0;0.6
72;2021-02-11;861;1311;17715;4528;3.2;0.8
72;2021-02-12;851;567;18566;5095;3.3;0.9
72;2021-02-13;109;35;18675;5130;3.3;0.9
72;2021-02-14;1;22;18676;5152;3.3;0.9
72;2021-02-15;220;401;18896;5553;3.4;1.0
72;2021-02-16;502;939;19398;6492;3.5;1.2
72;2021-02-17;463;618;19861;7110;3.5;1.3
72;2021-02-18;594;551;20455;7661;3.7;1.4
72;2021-02-19;521;504;20976;8165;3.7;1.5
72;2021-02-20;79;50;21055;8215;3.8;1.5
72;2021-02-21;0;0;21055;8215;3.8;1.5
72;2021-02-22;328;474;21383;8689;3.8;1.6
72;2021-02-23;569;379;21952;9068;3.9;1.6
72;2021-02-24;435;410;22387;9478;4.0;1.7
72;2021-02-25;922;473;23309;9951;4.2;1.8
72;2021-02-26;600;407;23909;10358;4.3;1.8
72;2021-02-27;322;33;24231;10391;4.3;1.9
72;2021-02-28;15;17;24246;10408;4.3;1.9
72;2021-03-01;378;383;24624;10791;4.4;1.9
72;2021-03-02;503;520;25127;11311;4.5;2.0
72;2021-03-03;733;549;25860;11860;4.6;2.1
72;2021-03-04;741;690;26601;12550;4.7;2.2
72;2021-03-05;935;704;27536;13254;4.9;2.4
72;2021-03-06;762;111;28298;13365;5.1;2.4
72;2021-03-07;448;26;28746;13391;5.1;2.4
72;2021-03-08;560;398;29306;13789;5.2;2.5
72;2021-03-09;1045;581;30351;14370;5.4;2.6
72;2021-03-10;1136;628;31487;14998;5.6;2.7
72;2021-03-11;1611;444;33098;15442;5.9;2.8
72;2021-03-12;1364;490;34462;15932;6.2;2.8
72;2021-03-13;983;114;35445;16046;6.3;2.9
72;2021-03-14;14;10;35459;16056;6.3;2.9
72;2021-03-15;1159;218;36618;16274;6.5;2.9
72;2021-03-16;1052;180;37670;16454;6.7;2.9
72;2021-03-17;1035;257;38705;16711;6.9;3.0
72;2021-03-18;1088;362;39793;17073;7.1;3.0
72;2021-03-19;1275;286;41068;17359;7.3;3.1
72;2021-03-20;489;88;41557;17447;7.4;3.1
72;2021-03-21;19;0;41576;17447;7.4;3.1
72;2021-03-22;1347;339;42923;17786;7.7;3.2
72;2021-03-23;1724;472;44647;18258;8.0;3.3
72;2021-03-24;1841;298;46488;18556;8.3;3.3
72;2021-03-25;2447;459;48935;19015;8.7;3.4
72;2021-03-26;2336;367;51271;19382;9.2;3.5
72;2021-03-27;614;31;51885;19413;9.3;3.5
72;2021-03-28;22;0;51907;19413;9.3;3.5
72;2021-03-29;1616;382;53523;19795;9.6;3.5
72;2021-03-30;2496;384;56019;20179;10.0;3.6
72;2021-03-31;2145;364;58164;20543;10.4;3.7
72;2021-04-01;2851;350;61015;20893;10.9;3.7
72;2021-04-02;2249;399;63264;21292;11.3;3.8
72;2021-04-03;292;39;63556;21331;11.3;3.8
72;2021-04-04;16;3;63572;21334;11.3;3.8
72;2021-04-05;51;49;63623;21383;11.4;3.8
72;2021-04-06;1759;469;65382;21852;11.7;3.9
72;2021-04-07;2575;597;67957;22449;12.1;4.0
72;2021-04-08;2724;781;70681;23230;12.6;4.1
72;2021-04-09;3864;582;74545;23812;13.3;4.3
72;2021-04-10;1112;52;75657;23864;13.5;4.3
72;2021-04-11;8;1;75665;23865;13.5;4.3
72;2021-04-12;1850;902;77515;24767;13.8;4.4
72;2021-04-13;2373;1072;79888;25839;14.3;4.6
72;2021-04-14;2250;1096;82138;26935;14.7;4.8
72;2021-04-15;2422;1119;84560;28054;15.1;5.0
72;2021-04-16;2563;957;87123;29011;15.6;5.2
72;2021-04-17;707;144;87830;29155;15.7;5.2
72;2021-04-18;57;2;87887;29157;15.7;5.2
72;2021-04-19;1396;1088;89283;30245;15.9;5.4
72;2021-04-20;2997;1304;92280;31549;16.5;5.6
72;2021-04-21;2516;1562;94796;33111;16.9;5.9
72;2021-04-22;2814;1794;97610;34905;17.4;6.2
72;2021-04-23;3215;1456;100825;36361;18.0;6.5
72;2021-04-24;1400;268;102225;36629;18.2;6.5
72;2021-04-25;881;18;103106;36647;18.4;6.5
72;2021-04-26;3514;1474;106620;38121;19.0;6.8
72;2021-04-27;4093;1855;110713;39976;19.8;7.1
72;2021-04-28;3834;1869;114547;41845;20.4;7.5
72;2021-04-29;4160;1780;118707;43625;21.2;7.8
72;2021-04-30;3615;1708;122322;45333;21.8;8.1
72;2021-05-01;1642;225;123964;45558;22.1;8.1
72;2021-05-02;1533;161;125497;45719;22.4;8.2
72;2021-05-03;3456;1154;128953;46873;23.0;8.4
72;2021-05-04;4012;1797;132965;48670;23.7;8.7
72;2021-05-05;3868;2174;136833;50844;24.4;9.1
72;2021-05-06;3597;1935;140430;52779;25.1;9.4
72;2021-05-07;3543;2138;143973;54917;25.7;9.8
72;2021-05-08;1899;152;145872;55069;26.0;9.8
72;2021-05-09;2082;214;147954;55283;26.4;9.9
72;2021-05-10;3770;1525;151724;56808;27.1;10.1
72;2021-05-11;4597;1993;156321;58801;27.9;10.5
72;2021-05-12;4081;1817;160402;60618;28.6;10.8
72;2021-05-13;3032;272;163434;60890;29.2;10.9
72;2021-05-14;3663;1394;167097;62284;29.8;11.1
72;2021-05-15;3121;366;170218;62650;30.4;11.2
72;2021-05-16;2502;153;172720;62803;30.8;11.2
72;2021-05-17;3725;1284;176445;64087;31.5;11.4
72;2021-05-18;4331;1687;180776;65774;32.3;11.7
72;2021-05-19;3976;1509;184752;67283;33.0;12.0
72;2021-05-20;4262;1453;189014;68736;33.7;12.3
72;2021-05-21;3789;1389;192803;70125;34.4;12.5
72;2021-05-22;2561;506;195364;70631;34.9;12.6
72;2021-05-23;1391;163;196755;70794;35.1;12.6
72;2021-05-24;2353;296;199108;71090;35.5;12.7
72;2021-05-25;4075;1412;203183;72502;36.3;12.9
72;2021-05-26;4097;1413;207280;73915;37.0;13.2
72;2021-05-27;4346;2048;211626;75963;37.8;13.6
72;2021-05-28;4106;2003;215732;77966;38.5;13.9
72;2021-05-29;2668;804;218400;78770;39.0;14.1
72;2021-05-30;1142;870;219542;79640;39.2;14.2
72;2021-05-31;3121;2328;222663;81968;39.7;14.6
72;2021-06-01;3569;2669;226232;84637;40.4;15.1
72;2021-06-02;3613;2782;229845;87419;41.0;15.6
72;2021-06-03;4242;2996;234087;90415;41.8;16.1
72;2021-06-04;3891;2752;237978;93167;42.5;16.6
72;2021-06-05;1440;2568;239418;95735;42.7;17.1
72;2021-06-06;908;1542;240326;97277;42.9;17.4
72;2021-06-07;1746;3423;242072;100700;43.2;18.0
72;2021-06-08;2931;3832;245003;104532;43.7;18.7
72;2021-06-09;2648;3370;247651;107902;44.2;19.3
72;2021-06-10;2826;3317;250477;111219;44.7;19.9
72;2021-06-11;2840;3775;253317;114994;45.2;20.5
72;2021-06-12;1242;2598;254559;117592;45.4;21.0
72;2021-06-13;388;1860;254947;119452;45.5;21.3
72;2021-06-14;1336;4128;256283;123580;45.7;22.1
72;2021-06-15;2755;3512;259038;127092;46.2;22.7
72;2021-06-16;2428;3580;261466;130672;46.7;23.3
72;2021-06-17;2320;3869;263786;134541;47.1;24.0
72;2021-06-18;2310;4313;266096;138854;47.5;24.8
72;2021-06-19;1128;2763;267224;141617;47.7;25.3
72;2021-06-20;339;2056;267563;143673;47.8;25.6
72;2021-06-21;1563;4028;269126;147701;48.0;26.4
72;2021-06-22;1712;4992;270838;152693;48.3;27.3
72;2021-06-23;2008;4221;272846;156914;48.7;28.0
72;2021-06-24;2233;4012;275079;160926;49.1;28.7
72;2021-06-25;1774;4839;276853;165765;49.4;29.6
72;2021-06-26;1190;2877;278043;168642;49.6;30.1
72;2021-06-27;392;2112;278435;170754;49.7;30.5
72;2021-06-28;1440;4293;279875;175047;50.0;31.2
72;2021-06-29;1770;4741;281645;179788;50.3;32.1
72;2021-06-30;1980;4169;283625;183957;50.6;32.8
72;2021-07-01;1953;4417;285578;188374;51.0;33.6
72;2021-07-02;1853;4715;287431;193089;51.3;34.5
72;2021-07-03;1294;3122;288725;196211;51.5;35.0
72;2021-07-04;584;1949;289309;198160;51.6;35.4
72;2021-07-05;1194;4165;290503;202325;51.9;36.1
72;2021-07-06;1462;5155;291965;207480;52.1;37.0
72;2021-07-07;1582;4610;293547;212090;52.4;37.9
72;2021-07-08;1648;4324;295195;216414;52.7;38.6
72;2021-07-09;2107;4604;297302;221018;53.1;39.5
72;2021-07-10;1595;2690;298897;223708;53.4;39.9
72;2021-07-11;948;1587;299845;225295;53.5;40.2
72;2021-07-12;1592;3752;301437;229047;53.8;40.9
72;2021-07-13;2090;4774;303527;233821;54.2;41.7
72;2021-07-14;1327;2365;304854;236186;54.4;42.2
72;2021-07-15;3488;3421;308342;239607;55.0;42.8
72;2021-07-16;3175;4124;311517;243731;55.6;43.5
72;2021-07-17;2646;1758;314163;245489;56.1;43.8
72;2021-07-18;1710;823;315873;246312;56.4;44.0
72;2021-07-19;2919;3507;318792;249819;56.9;44.6
72;2021-07-20;3038;4280;321830;254099;57.4;45.4
72;2021-07-21;2883;3586;324713;257685;58.0;46.0
72;2021-07-22;3773;2911;328486;260596;58.6;46.5
72;2021-07-23;3478;3790;331964;264386;59.3;47.2
72;2021-07-24;2820;1461;334784;265847;59.8;47.5
72;2021-07-25;1456;1080;336240;266927;60.0;47.6
72;2021-07-26;2724;2918;338964;269845;60.5;48.2
72;2021-07-27;3859;3817;342823;273662;61.2;48.8
72;2021-07-28;3571;3121;346394;276783;61.8;49.4
72;2021-07-29;3572;2711;349966;279494;62.5;49.9
72;2021-07-30;3788;3381;353754;282875;63.1;50.5
72;2021-07-31;2550;1748;356304;284623;63.6;50.8
72;2021-08-01;1837;432;358141;285055;63.9;50.9
72;2021-08-02;3215;2285;361356;287340;64.5;51.3
72;2021-08-03;3237;3297;364593;290637;65.1;51.9
72;2021-08-04;3769;2549;368362;293186;65.8;52.3
72;2021-08-05;3770;2460;372132;295646;66.4;52.8
72;2021-08-06;3339;2693;375471;298339;67.0;53.3
72;2021-08-07;2348;1611;377819;299950;67.4;53.5
72;2021-08-08;1626;699;379445;300649;67.7;53.7
72;2021-08-09;2700;2666;382145;303315;68.2;54.1
72;2021-08-10;2917;2748;385062;306063;68.7;54.6
72;2021-08-11;2368;2203;387430;308266;69.2;55.0
72;2021-08-12;2378;2597;389808;310863;69.6;55.5
72;2021-08-13;2157;2294;391965;313157;70.0;55.9
72;2021-08-14;1167;1546;393132;314703;70.2;56.2
72;2021-08-15;623;614;393755;315317;70.3;56.3
72;2021-08-16;1654;2374;395409;317691;70.6;56.7
72;2021-08-17;1716;2888;397125;320579;70.9;57.2
72;2021-08-18;1710;2875;398835;323454;71.2;57.7
72;2021-08-19;1246;2918;400081;326372;71.4;58.3
72;2021-08-20;1651;3169;401732;329541;71.7;58.8
72;2021-08-21;698;2031;402430;331572;71.8;59.2
72;2021-08-22;259;1150;402689;332722;71.9;59.4
72;2021-08-23;1736;3421;404425;336143;72.2;60.0
72;2021-08-24;1524;4127;405949;340270;72.5;60.7
72;2021-08-25;1593;3450;407542;343720;72.7;61.4
72;2021-08-26;1265;4443;408807;348163;73.0;62.1
72;2021-08-27;1185;4109;409992;352272;73.2;62.9
72;2021-08-28;878;2656;410870;354928;73.3;63.4
72;2021-08-29;356;1682;411226;356610;73.4;63.7
72;2021-08-30;1131;3465;412357;360075;73.6;64.3
72;2021-08-31;1217;4012;413574;364087;73.8;65.0
72;2021-09-01;1066;3308;414640;367395;74.0;65.6
72;2021-09-02;901;3458;415541;370853;74.2;66.2
72;2021-09-03;927;3300;416468;374153;74.3;66.8
72;2021-09-04;701;2658;417169;376811;74.5;67.3
72;2021-09-05;256;1553;417425;378364;74.5;67.5
72;2021-09-06;585;2812;418010;381176;74.6;68.0
72;2021-09-07;499;2950;418509;384126;74.7;68.6
72;2021-09-08;617;3169;419126;387295;74.8;69.1
72;2021-09-09;393;2093;419519;389388;74.9;69.5
72;2021-09-10;624;2702;420143;392090;75.0;70.0
72;2021-09-11;401;2716;420544;394806;75.1;70.5
72;2021-09-12;168;954;420712;395760;75.1;70.6
72;2021-09-13;364;1611;421076;397371;75.2;70.9
73;2020-12-27;1;0;1;0;0.0;0.0
73;2020-12-28;1;0;2;0;0.0;0.0
73;2020-12-29;0;0;2;0;0.0;0.0
73;2020-12-30;0;0;2;0;0.0;0.0
73;2020-12-31;0;0;2;0;0.0;0.0
73;2021-01-01;0;0;2;0;0.0;0.0
73;2021-01-02;0;0;2;0;0.0;0.0
73;2021-01-03;0;0;2;0;0.0;0.0
73;2021-01-04;1;0;3;0;0.0;0.0
73;2021-01-05;0;0;3;0;0.0;0.0
73;2021-01-06;1;0;4;0;0.0;0.0
73;2021-01-07;30;0;34;0;0.0;0.0
73;2021-01-08;81;0;115;0;0.0;0.0
73;2021-01-09;0;0;115;0;0.0;0.0
73;2021-01-10;0;0;115;0;0.0;0.0
73;2021-01-11;101;0;216;0;0.0;0.0
73;2021-01-12;303;1;519;1;0.1;0.0
73;2021-01-13;360;1;879;2;0.2;0.0
73;2021-01-14;515;2;1394;4;0.3;0.0
73;2021-01-15;617;1;2011;5;0.5;0.0
73;2021-01-16;128;0;2139;5;0.5;0.0
73;2021-01-17;0;0;2139;5;0.5;0.0
73;2021-01-18;624;0;2763;5;0.6;0.0
73;2021-01-19;1241;2;4004;7;0.9;0.0
73;2021-01-20;951;2;4955;9;1.1;0.0
73;2021-01-21;984;4;5939;13;1.4;0.0
73;2021-01-22;947;0;6886;13;1.6;0.0
73;2021-01-23;387;0;7273;13;1.7;0.0
73;2021-01-24;0;0;7273;13;1.7;0.0
73;2021-01-25;656;4;7929;17;1.8;0.0
73;2021-01-26;761;2;8690;19;2.0;0.0
73;2021-01-27;1106;5;9796;24;2.3;0.0
73;2021-01-28;961;5;10757;29;2.5;0.0
73;2021-01-29;683;5;11440;34;2.6;0.0
73;2021-01-30;345;2;11785;36;2.7;0.0
73;2021-01-31;0;0;11785;36;2.7;0.0
73;2021-02-01;607;37;12392;73;2.9;0.0
73;2021-02-02;753;328;13145;401;3.0;0.1
73;2021-02-03;650;342;13795;743;3.2;0.2
73;2021-02-04;626;226;14421;969;3.3;0.2
73;2021-02-05;680;399;15101;1368;3.5;0.3
73;2021-02-06;262;38;15363;1406;3.6;0.3
73;2021-02-07;1;0;15364;1406;3.6;0.3
73;2021-02-08;523;228;15887;1634;3.7;0.4
73;2021-02-09;793;407;16680;2041;3.9;0.5
73;2021-02-10;900;374;17580;2415;4.1;0.6
73;2021-02-11;962;676;18542;3091;4.3;0.7
73;2021-02-12;810;470;19352;3561;4.5;0.8
73;2021-02-13;263;49;19615;3610;4.5;0.8
73;2021-02-14;1;0;19616;3610;4.5;0.8
73;2021-02-15;346;398;19962;4008;4.6;0.9
73;2021-02-16;454;632;20416;4640;4.7;1.1
73;2021-02-17;451;849;20867;5489;4.8;1.3
73;2021-02-18;468;441;21335;5930;4.9;1.4
73;2021-02-19;445;541;21780;6471;5.0;1.5
73;2021-02-20;69;192;21849;6663;5.1;1.5
73;2021-02-21;0;0;21849;6663;5.1;1.5
73;2021-02-22;240;365;22089;7028;5.1;1.6
73;2021-02-23;327;443;22416;7471;5.2;1.7
73;2021-02-24;487;622;22903;8093;5.3;1.9
73;2021-02-25;503;424;23406;8517;5.4;2.0
73;2021-02-26;730;502;24136;9019;5.6;2.1
73;2021-02-27;330;206;24466;9225;5.7;2.1
73;2021-02-28;1;1;24467;9226;5.7;2.1
73;2021-03-01;557;446;25024;9672;5.8;2.2
73;2021-03-02;667;796;25691;10468;5.9;2.4
73;2021-03-03;642;1059;26333;11527;6.1;2.7
73;2021-03-04;1039;819;27372;12346;6.3;2.9
73;2021-03-05;1240;545;28612;12891;6.6;3.0
73;2021-03-06;1091;301;29703;13192;6.9;3.0
73;2021-03-07;455;88;30158;13280;7.0;3.1
73;2021-03-08;607;401;30765;13681;7.1;3.2
73;2021-03-09;983;482;31748;14163;7.3;3.3
73;2021-03-10;1035;772;32783;14935;7.6;3.5
73;2021-03-11;1557;597;34340;15532;7.9;3.6
73;2021-03-12;2018;516;36358;16048;8.4;3.7
73;2021-03-13;1179;200;37537;16248;8.7;3.8
73;2021-03-14;66;3;37603;16251;8.7;3.8
73;2021-03-15;1185;375;38788;16626;9.0;3.8
73;2021-03-16;796;390;39584;17016;9.2;3.9
73;2021-03-17;877;460;40461;17476;9.4;4.0
73;2021-03-18;1351;257;41812;17733;9.7;4.1
73;2021-03-19;1765;386;43577;18119;10.1;4.2
73;2021-03-20;888;127;44465;18246;10.3;4.2
73;2021-03-21;123;2;44588;18248;10.3;4.2
73;2021-03-22;1183;397;45771;18645;10.6;4.3
73;2021-03-23;1448;237;47219;18882;10.9;4.4
73;2021-03-24;1593;344;48812;19226;11.3;4.4
73;2021-03-25;2063;385;50875;19611;11.8;4.5
73;2021-03-26;2472;365;53347;19976;12.3;4.6
73;2021-03-27;885;147;54232;20123;12.5;4.7
73;2021-03-28;312;14;54544;20137;12.6;4.7
73;2021-03-29;1509;238;56053;20375;13.0;4.7
73;2021-03-30;2088;488;58141;20863;13.4;4.8
73;2021-03-31;2089;400;60230;21263;13.9;4.9
73;2021-04-01;2087;334;62317;21597;14.4;5.0
73;2021-04-02;2363;228;64680;21825;15.0;5.0
73;2021-04-03;848;147;65528;21972;15.1;5.1
73;2021-04-04;188;17;65716;21989;15.2;5.1
73;2021-04-05;212;26;65928;22015;15.2;5.1
73;2021-04-06;1507;509;67435;22524;15.6;5.2
73;2021-04-07;1946;649;69381;23173;16.0;5.4
73;2021-04-08;2491;822;71872;23995;16.6;5.5
73;2021-04-09;3062;522;74934;24517;17.3;5.7
73;2021-04-10;1135;320;76069;24837;17.6;5.7
73;2021-04-11;163;10;76232;24847;17.6;5.7
73;2021-04-12;1695;980;77927;25827;18.0;6.0
73;2021-04-13;1893;1128;79820;26955;18.5;6.2
73;2021-04-14;2018;1093;81838;28048;18.9;6.5
73;2021-04-15;2416;1188;84254;29236;19.5;6.8
73;2021-04-16;1894;932;86148;30168;19.9;7.0
73;2021-04-17;1176;560;87324;30728;20.2;7.1
73;2021-04-18;155;76;87479;30804;20.2;7.1
73;2021-04-19;1383;1059;88862;31863;20.5;7.4
73;2021-04-20;1790;1320;90652;33183;21.0;7.7
73;2021-04-21;1576;1301;92228;34484;21.3;8.0
73;2021-04-22;1813;1226;94041;35710;21.7;8.3
73;2021-04-23;1897;1254;95938;36964;22.2;8.5
73;2021-04-24;980;672;96918;37636;22.4;8.7
73;2021-04-25;79;96;96997;37732;22.4;8.7
73;2021-04-26;1164;1319;98161;39051;22.7;9.0
73;2021-04-27;1441;1470;99602;40521;23.0;9.4
73;2021-04-28;1732;1457;101334;41978;23.4;9.7
73;2021-04-29;2413;1564;103747;43542;24.0;10.1
73;2021-04-30;2397;1432;106144;44974;24.5;10.4
73;2021-05-01;1068;308;107212;45282;24.8;10.5
73;2021-05-02;34;165;107246;45447;24.8;10.5
73;2021-05-03;1392;1593;108638;47040;25.1;10.9
73;2021-05-04;1712;1827;110350;48867;25.5;11.3
73;2021-05-05;1976;1684;112326;50551;26.0;11.7
73;2021-05-06;2431;1695;114757;52246;26.5;12.1
73;2021-05-07;2261;1835;117018;54081;27.1;12.5
73;2021-05-08;1837;377;118855;54458;27.5;12.6
73;2021-05-09;127;125;118982;54583;27.5;12.6
73;2021-05-10;1608;1891;120590;56474;27.9;13.1
73;2021-05-11;2379;2368;122969;58842;28.4;13.6
73;2021-05-12;3556;2095;126525;60937;29.3;14.1
73;2021-05-13;1554;276;128079;61213;29.6;14.2
73;2021-05-14;1588;1492;129667;62705;30.0;14.5
73;2021-05-15;1447;943;131114;63648;30.3;14.7
73;2021-05-16;131;62;131245;63710;30.3;14.7
73;2021-05-17;1712;1951;132957;65661;30.7;15.2
73;2021-05-18;2495;1736;135452;67397;31.3;15.6
73;2021-05-19;2539;1623;137991;69020;31.9;16.0
73;2021-05-20;3161;1501;141152;70521;32.6;16.3
73;2021-05-21;2473;1849;143625;72370;33.2;16.7
73;2021-05-22;1989;923;145614;73293;33.7;16.9
73;2021-05-23;212;15;145826;73308;33.7;16.9
73;2021-05-24;2565;324;148391;73632;34.3;17.0
73;2021-05-25;2139;1741;150530;75373;34.8;17.4
73;2021-05-26;2343;1999;152873;77372;35.3;17.9
73;2021-05-27;3082;1712;155955;79084;36.1;18.3
73;2021-05-28;2918;2371;158873;81455;36.7;18.8
73;2021-05-29;2316;1320;161189;82775;37.3;19.1
73;2021-05-30;187;14;161376;82789;37.3;19.1
73;2021-05-31;2410;1630;163786;84419;37.9;19.5
73;2021-06-01;3178;1790;166964;86209;38.6;19.9
73;2021-06-02;3107;1453;170071;87662;39.3;20.3
73;2021-06-03;4424;1741;174495;89403;40.3;20.7
73;2021-06-04;4277;2183;178772;91586;41.3;21.2
73;2021-06-05;3161;1280;181933;92866;42.1;21.5
73;2021-06-06;1881;298;183814;93164;42.5;21.5
73;2021-06-07;2760;2147;186574;95311;43.1;22.0
73;2021-06-08;2685;1873;189259;97184;43.8;22.5
73;2021-06-09;2366;1789;191625;98973;44.3;22.9
73;2021-06-10;2006;1643;193631;100616;44.8;23.3
73;2021-06-11;2191;2441;195822;103057;45.3;23.8
73;2021-06-12;2246;1331;198068;104388;45.8;24.1
73;2021-06-13;44;82;198112;104470;45.8;24.2
73;2021-06-14;1347;2926;199459;107396;46.1;24.8
73;2021-06-15;1592;2755;201051;110151;46.5;25.5
73;2021-06-16;1468;2565;202519;112716;46.8;26.1
73;2021-06-17;946;1728;203465;114444;47.0;26.5
73;2021-06-18;1884;2930;205349;117374;47.5;27.1
73;2021-06-19;1423;1986;206772;119360;47.8;27.6
73;2021-06-20;448;307;207220;119667;47.9;27.7
73;2021-06-21;1110;2938;208330;122605;48.2;28.3
73;2021-06-22;1093;2871;209423;125476;48.4;29.0
73;2021-06-23;1085;3136;210508;128612;48.7;29.7
73;2021-06-24;883;1794;211391;130406;48.9;30.1
73;2021-06-25;1324;2796;212715;133202;49.2;30.8
73;2021-06-26;968;2397;213683;135599;49.4;31.3
73;2021-06-27;329;549;214012;136148;49.5;31.5
73;2021-06-28;971;3556;214983;139704;49.7;32.3
73;2021-06-29;1075;3341;216058;143045;50.0;33.1
73;2021-06-30;1241;3116;217299;146161;50.2;33.8
73;2021-07-01;1175;2363;218474;148524;50.5;34.3
73;2021-07-02;1206;3618;219680;152142;50.8;35.2
73;2021-07-03;961;2793;220641;154935;51.0;35.8
73;2021-07-04;301;619;220942;155554;51.1;36.0
73;2021-07-05;1156;3683;222098;159237;51.3;36.8
73;2021-07-06;1251;2950;223349;162187;51.6;37.5
73;2021-07-07;1444;2949;224793;165136;52.0;38.2
73;2021-07-08;1373;2299;226166;167435;52.3;38.7
73;2021-07-09;1430;4025;227596;171460;52.6;39.6
73;2021-07-10;891;3011;228487;174471;52.8;40.3
73;2021-07-11;561;1470;229048;175941;53.0;40.7
73;2021-07-12;1060;4195;230108;180136;53.2;41.6
73;2021-07-13;1729;4227;231837;184363;53.6;42.6
73;2021-07-14;1844;1919;233681;186282;54.0;43.1
73;2021-07-15;2747;3795;236428;190077;54.7;43.9
73;2021-07-16;2416;4016;238844;194093;55.2;44.9
73;2021-07-17;1515;2606;240359;196699;55.6;45.5
73;2021-07-18;1176;1217;241535;197916;55.8;45.8
73;2021-07-19;2451;3250;243986;201166;56.4;46.5
73;2021-07-20;3367;2854;247353;204020;57.2;47.2
73;2021-07-21;3382;2790;250735;206810;58.0;47.8
73;2021-07-22;2733;2215;253468;209025;58.6;48.3
73;2021-07-23;3417;2902;256885;211927;59.4;49.0
73;2021-07-24;2059;2280;258944;214207;59.9;49.5
73;2021-07-25;625;797;259569;215004;60.0;49.7
73;2021-07-26;2634;2494;262203;217498;60.6;50.3
73;2021-07-27;3815;2274;266018;219772;61.5;50.8
73;2021-07-28;3536;2095;269554;221867;62.3;51.3
73;2021-07-29;3981;2153;273535;224020;63.2;51.8
73;2021-07-30;3565;2474;277100;226494;64.1;52.4
73;2021-07-31;2477;1590;279577;228084;64.6;52.7
73;2021-08-01;833;620;280410;228704;64.8;52.9
73;2021-08-02;3105;2103;283515;230807;65.5;53.4
73;2021-08-03;3492;1999;287007;232806;66.4;53.8
73;2021-08-04;3299;2025;290306;234831;67.1;54.3
73;2021-08-05;2876;2230;293182;237061;67.8;54.8
73;2021-08-06;2510;2380;295692;239441;68.4;55.4
73;2021-08-07;1418;1482;297110;240923;68.7;55.7
73;2021-08-08;434;619;297544;241542;68.8;55.8
73;2021-08-09;1786;2391;299330;243933;69.2;56.4
73;2021-08-10;1896;2489;301226;246422;69.6;57.0
73;2021-08-11;1847;2534;303073;248956;70.1;57.6
73;2021-08-12;1679;2500;304752;251456;70.5;58.1
73;2021-08-13;1458;2840;306210;254296;70.8;58.8
73;2021-08-14;990;1534;307200;255830;71.0;59.1
73;2021-08-15;92;161;307292;255991;71.0;59.2
73;2021-08-16;950;1396;308242;257387;71.3;59.5
73;2021-08-17;961;1960;309203;259347;71.5;60.0
73;2021-08-18;1033;2843;310236;262190;71.7;60.6
73;2021-08-19;1041;3055;311277;265245;72.0;61.3
73;2021-08-20;849;3144;312126;268389;72.2;62.0
73;2021-08-21;459;1837;312585;270226;72.3;62.5
73;2021-08-22;268;936;312853;271162;72.3;62.7
73;2021-08-23;677;2970;313530;274132;72.5;63.4
73;2021-08-24;892;3158;314422;277290;72.7;64.1
73;2021-08-25;709;2906;315131;280196;72.9;64.8
73;2021-08-26;684;2424;315815;282620;73.0;65.3
73;2021-08-27;787;2749;316602;285369;73.2;66.0
73;2021-08-28;456;1748;317058;287117;73.3;66.4
73;2021-08-29;302;1015;317360;288132;73.4;66.6
73;2021-08-30;816;2587;318176;290719;73.6;67.2
73;2021-08-31;808;2387;318984;293106;73.7;67.8
73;2021-09-01;741;2249;319725;295355;73.9;68.3
73;2021-09-02;617;2016;320342;297371;74.1;68.7
73;2021-09-03;691;2206;321033;299577;74.2;69.3
73;2021-09-04;527;1463;321560;301040;74.3;69.6
73;2021-09-05;226;752;321786;301792;74.4;69.8
73;2021-09-06;345;1287;322131;303079;74.5;70.1
73;2021-09-07;411;1091;322542;304170;74.6;70.3
73;2021-09-08;485;1182;323027;305352;74.7;70.6
73;2021-09-09;462;1284;323489;306636;74.8;70.9
73;2021-09-10;574;1525;324063;308161;74.9;71.2
73;2021-09-11;350;1090;324413;309251;75.0;71.5
73;2021-09-12;96;163;324509;309414;75.0;71.5
73;2021-09-13;341;1026;324850;310440;75.1;71.8
74;2020-12-27;9;0;9;0;0.0;0.0
74;2020-12-28;3;0;12;0;0.0;0.0
74;2020-12-29;0;0;12;0;0.0;0.0
74;2020-12-30;2;0;14;0;0.0;0.0
74;2020-12-31;0;0;14;0;0.0;0.0
74;2021-01-01;0;0;14;0;0.0;0.0
74;2021-01-02;1;1;15;1;0.0;0.0
74;2021-01-03;0;0;15;1;0.0;0.0
74;2021-01-04;3;0;18;1;0.0;0.0
74;2021-01-05;2;0;20;1;0.0;0.0
74;2021-01-06;45;0;65;1;0.0;0.0
74;2021-01-07;219;1;284;2;0.0;0.0
74;2021-01-08;292;2;576;4;0.1;0.0
74;2021-01-09;78;0;654;4;0.1;0.0
74;2021-01-10;74;0;728;4;0.1;0.0
74;2021-01-11;375;0;1103;4;0.1;0.0
74;2021-01-12;406;3;1509;7;0.2;0.0
74;2021-01-13;396;0;1905;7;0.2;0.0
74;2021-01-14;479;1;2384;8;0.3;0.0
74;2021-01-15;645;4;3029;12;0.4;0.0
74;2021-01-16;252;1;3281;13;0.4;0.0
74;2021-01-17;133;1;3414;14;0.4;0.0
74;2021-01-18;524;0;3938;14;0.5;0.0
74;2021-01-19;808;2;4746;16;0.6;0.0
74;2021-01-20;1277;4;6023;20;0.7;0.0
74;2021-01-21;1568;2;7591;22;0.9;0.0
74;2021-01-22;1243;6;8834;28;1.1;0.0
74;2021-01-23;344;1;9178;29;1.1;0.0
74;2021-01-24;92;1;9270;30;1.1;0.0
74;2021-01-25;801;2;10071;32;1.2;0.0
74;2021-01-26;1365;14;11436;46;1.4;0.0
74;2021-01-27;1082;11;12518;57;1.5;0.0
74;2021-01-28;998;27;13516;84;1.6;0.0
74;2021-01-29;881;35;14397;119;1.7;0.0
74;2021-01-30;305;1;14702;120;1.8;0.0
74;2021-01-31;86;1;14788;121;1.8;0.0
74;2021-02-01;631;44;15419;165;1.9;0.0
74;2021-02-02;645;148;16064;313;1.9;0.0
74;2021-02-03;604;114;16668;427;2.0;0.1
74;2021-02-04;613;122;17281;549;2.1;0.1
74;2021-02-05;549;190;17830;739;2.2;0.1
74;2021-02-06;273;112;18103;851;2.2;0.1
74;2021-02-07;94;105;18197;956;2.2;0.1
74;2021-02-08;619;310;18816;1266;2.3;0.2
74;2021-02-09;537;428;19353;1694;2.3;0.2
74;2021-02-10;688;475;20041;2169;2.4;0.3
74;2021-02-11;1070;947;21111;3116;2.5;0.4
74;2021-02-12;911;573;22022;3689;2.7;0.4
74;2021-02-13;406;211;22428;3900;2.7;0.5
74;2021-02-14;317;99;22745;3999;2.7;0.5
74;2021-02-15;278;650;23023;4649;2.8;0.6
74;2021-02-16;488;871;23511;5520;2.8;0.7
74;2021-02-17;531;917;24042;6437;2.9;0.8
74;2021-02-18;470;856;24512;7293;3.0;0.9
74;2021-02-19;617;577;25129;7870;3.0;1.0
74;2021-02-20;114;142;25243;8012;3.0;1.0
74;2021-02-21;47;49;25290;8061;3.1;1.0
74;2021-02-22;319;609;25609;8670;3.1;1.0
74;2021-02-23;306;694;25915;9364;3.1;1.1
74;2021-02-24;241;562;26156;9926;3.2;1.2
74;2021-02-25;523;618;26679;10544;3.2;1.3
74;2021-02-26;973;583;27652;11127;3.3;1.3
74;2021-02-27;254;145;27906;11272;3.4;1.4
74;2021-02-28;125;65;28031;11337;3.4;1.4
74;2021-03-01;723;556;28754;11893;3.5;1.4
74;2021-03-02;1092;587;29846;12480;3.6;1.5
74;2021-03-03;1019;556;30865;13036;3.7;1.6
74;2021-03-04;1612;942;32477;13978;3.9;1.7
74;2021-03-05;2089;800;34566;14778;4.2;1.8
74;2021-03-06;1761;302;36327;15080;4.4;1.8
74;2021-03-07;1387;103;37714;15183;4.6;1.8
74;2021-03-08;1197;869;38911;16052;4.7;1.9
74;2021-03-09;1953;619;40864;16671;4.9;2.0
74;2021-03-10;1748;800;42612;17471;5.1;2.1
74;2021-03-11;2447;677;45059;18148;5.4;2.2
74;2021-03-12;3244;989;48303;19137;5.8;2.3
74;2021-03-13;2000;269;50303;19406;6.1;2.3
74;2021-03-14;609;101;50912;19507;6.1;2.4
74;2021-03-15;2129;540;53041;20047;6.4;2.4
74;2021-03-16;1960;403;55001;20450;6.6;2.5
74;2021-03-17;1974;314;56975;20764;6.9;2.5
74;2021-03-18;2136;282;59111;21046;7.1;2.5
74;2021-03-19;2634;294;61745;21340;7.5;2.6
74;2021-03-20;1374;103;63119;21443;7.6;2.6
74;2021-03-21;290;32;63409;21475;7.7;2.6
74;2021-03-22;2055;319;65464;21794;7.9;2.6
74;2021-03-23;2723;337;68187;22131;8.2;2.7
74;2021-03-24;2947;305;71134;22436;8.6;2.7
74;2021-03-25;3873;307;75007;22743;9.1;2.7
74;2021-03-26;4096;385;79103;23128;9.5;2.8
74;2021-03-27;1941;262;81044;23390;9.8;2.8
74;2021-03-28;437;78;81481;23468;9.8;2.8
74;2021-03-29;3035;703;84516;24171;10.2;2.9
74;2021-03-30;3543;764;88059;24935;10.6;3.0
74;2021-03-31;3145;738;91204;25673;11.0;3.1
74;2021-04-01;4237;900;95441;26573;11.5;3.2
74;2021-04-02;3707;791;99148;27364;12.0;3.3
74;2021-04-03;1699;540;100847;27904;12.2;3.4
74;2021-04-04;236;122;101083;28026;12.2;3.4
74;2021-04-05;433;16;101516;28042;12.3;3.4
74;2021-04-06;2625;1207;104141;29249;12.6;3.5
74;2021-04-07;3195;1252;107336;30501;13.0;3.7
74;2021-04-08;3867;1188;111203;31689;13.4;3.8
74;2021-04-09;4109;1175;115312;32864;13.9;4.0
74;2021-04-10;1945;1031;117257;33895;14.2;4.1
74;2021-04-11;254;184;117511;34079;14.2;4.1
74;2021-04-12;2723;1777;120234;35856;14.5;4.3
74;2021-04-13;3126;2106;123360;37962;14.9;4.6
74;2021-04-14;2903;1975;126263;39937;15.2;4.8
74;2021-04-15;3458;1912;129721;41849;15.7;5.1
74;2021-04-16;3386;1789;133107;43638;16.1;5.3
74;2021-04-17;1935;1034;135042;44672;16.3;5.4
74;2021-04-18;218;211;135260;44883;16.3;5.4
74;2021-04-19;2100;2097;137360;46980;16.6;5.7
74;2021-04-20;3072;2420;140432;49400;17.0;6.0
74;2021-04-21;2463;2376;142895;51776;17.2;6.3
74;2021-04-22;2630;2336;145525;54112;17.6;6.5
74;2021-04-23;2570;2250;148095;56362;17.9;6.8
74;2021-04-24;1484;1542;149579;57904;18.1;7.0
74;2021-04-25;227;149;149806;58053;18.1;7.0
74;2021-04-26;2397;2461;152203;60514;18.4;7.3
74;2021-04-27;3273;2907;155476;63421;18.8;7.7
74;2021-04-28;3464;2630;158940;66051;19.2;8.0
74;2021-04-29;3910;2697;162850;68748;19.7;8.3
74;2021-04-30;4076;2226;166926;70974;20.2;8.6
74;2021-05-01;2122;395;169048;71369;20.4;8.6
74;2021-05-02;205;237;169253;71606;20.4;8.6
74;2021-05-03;2597;3022;171850;74628;20.7;9.0
74;2021-05-04;3218;3115;175068;77743;21.1;9.4
74;2021-05-05;3392;3019;178460;80762;21.5;9.7
74;2021-05-06;3858;2632;182318;83394;22.0;10.1
74;2021-05-07;3595;3544;185913;86938;22.4;10.5
74;2021-05-08;1147;826;187060;87764;22.6;10.6
74;2021-05-09;194;247;187254;88011;22.6;10.6
74;2021-05-10;3467;3146;190721;91157;23.0;11.0
74;2021-05-11;4318;3421;195039;94578;23.5;11.4
74;2021-05-12;5305;2965;200344;97543;24.2;11.8
74;2021-05-13;2362;950;202706;98493;24.5;11.9
74;2021-05-14;5954;2401;208660;100894;25.2;12.2
74;2021-05-15;4517;1851;213177;102745;25.7;12.4
74;2021-05-16;3011;336;216188;103081;26.1;12.4
74;2021-05-17;5398;2893;221586;105974;26.7;12.8
74;2021-05-18;6791;2816;228377;108790;27.6;13.1
74;2021-05-19;6234;2296;234611;111086;28.3;13.4
74;2021-05-20;6646;2557;241257;113643;29.1;13.7
74;2021-05-21;6527;2992;247784;116635;29.9;14.1
74;2021-05-22;5295;1569;253079;118204;30.6;14.3
74;2021-05-23;2052;282;255131;118486;30.8;14.3
74;2021-05-24;2363;661;257494;119147;31.1;14.4
74;2021-05-25;5073;3333;262567;122480;31.7;14.8
74;2021-05-26;5256;2564;267823;125044;32.3;15.1
74;2021-05-27;6004;2978;273827;128022;33.1;15.5
74;2021-05-28;5657;3578;279484;131600;33.7;15.9
74;2021-05-29;3798;2158;283282;133758;34.2;16.1
74;2021-05-30;488;309;283770;134067;34.3;16.2
74;2021-05-31;5073;3551;288843;137618;34.9;16.6
74;2021-06-01;4937;3726;293780;141344;35.5;17.1
74;2021-06-02;5271;3208;299051;144552;36.1;17.4
74;2021-06-03;6897;3246;305948;147798;36.9;17.8
74;2021-06-04;6913;4434;312861;152232;37.8;18.4
74;2021-06-05;4612;2706;317473;154938;38.3;18.7
74;2021-06-06;124;112;317597;155050;38.3;18.7
74;2021-06-07;5031;4145;322628;159195;38.9;19.2
74;2021-06-08;5028;3949;327656;163144;39.6;19.7
74;2021-06-09;5082;3482;332738;166626;40.2;20.1
74;2021-06-10;5124;2876;337862;169502;40.8;20.5
74;2021-06-11;5215;3813;343077;173315;41.4;20.9
74;2021-06-12;3573;2381;346650;175696;41.8;21.2
74;2021-06-13;120;89;346770;175785;41.9;21.2
74;2021-06-14;3599;4482;350369;180267;42.3;21.8
74;2021-06-15;3672;3894;354041;184161;42.7;22.2
74;2021-06-16;4829;3122;358870;187283;43.3;22.6
74;2021-06-17;3822;2952;362692;190235;43.8;23.0
74;2021-06-18;4116;4666;366808;194901;44.3;23.5
74;2021-06-19;2997;3102;369805;198003;44.6;23.9
74;2021-06-20;125;97;369930;198100;44.7;23.9
74;2021-06-21;2387;5422;372317;203522;44.9;24.6
74;2021-06-22;2493;5312;374810;208834;45.2;25.2
74;2021-06-23;2978;4620;377788;213454;45.6;25.8
74;2021-06-24;2867;4626;380655;218080;46.0;26.3
74;2021-06-25;2932;6769;383587;224849;46.3;27.1
74;2021-06-26;1709;5402;385296;230251;46.5;27.8
74;2021-06-27;66;1664;385362;231915;46.5;28.0
74;2021-06-28;1917;7220;387279;239135;46.7;28.9
74;2021-06-29;2301;7428;389580;246563;47.0;29.8
74;2021-06-30;2747;6545;392327;253108;47.4;30.6
74;2021-07-01;3475;5427;395802;258535;47.8;31.2
74;2021-07-02;3122;6640;398924;265175;48.2;32.0
74;2021-07-03;1699;5086;400623;270261;48.4;32.6
74;2021-07-04;82;1022;400705;271283;48.4;32.7
74;2021-07-05;2079;6835;402784;278118;48.6;33.6
74;2021-07-06;2806;6490;405590;284608;49.0;34.4
74;2021-07-07;3096;5446;408686;290054;49.3;35.0
74;2021-07-08;3866;4920;412552;294974;49.8;35.6
74;2021-07-09;2675;6979;415227;301953;50.1;36.4
74;2021-07-10;1626;5132;416853;307085;50.3;37.1
74;2021-07-11;76;142;416929;307227;50.3;37.1
74;2021-07-12;2096;7899;419025;315126;50.6;38.0
74;2021-07-13;3968;7589;422993;322715;51.1;39.0
74;2021-07-14;1969;2239;424962;324954;51.3;39.2
74;2021-07-15;3591;6870;428553;331824;51.7;40.1
74;2021-07-16;4246;7742;432799;339566;52.2;41.0
74;2021-07-17;3005;5330;435804;344896;52.6;41.6
74;2021-07-18;155;155;435959;345051;52.6;41.7
74;2021-07-19;4294;7355;440253;352406;53.1;42.5
74;2021-07-20;5873;6465;446126;358871;53.9;43.3
74;2021-07-21;5630;6673;451756;365544;54.5;44.1
74;2021-07-22;4777;5326;456533;370870;55.1;44.8
74;2021-07-23;6226;6993;462759;377863;55.9;45.6
74;2021-07-24;3155;4314;465914;382177;56.2;46.1
74;2021-07-25;181;171;466095;382348;56.3;46.2
74;2021-07-26;5622;6134;471717;388482;56.9;46.9
74;2021-07-27;6860;5176;478577;393658;57.8;47.5
74;2021-07-28;6665;5100;485242;398758;58.6;48.1
74;2021-07-29;5276;3928;490518;402686;59.2;48.6
74;2021-07-30;6709;5501;497227;408187;60.0;49.3
74;2021-07-31;4378;3122;501605;411309;60.6;49.7
74;2021-08-01;183;148;501788;411457;60.6;49.7
74;2021-08-02;6118;4409;507906;415866;61.3;50.2
74;2021-08-03;5972;3858;513878;419724;62.0;50.7
74;2021-08-04;6316;3507;520194;423231;62.8;51.1
74;2021-08-05;4921;3263;525115;426494;63.4;51.5
74;2021-08-06;5050;4178;530165;430672;64.0;52.0
74;2021-08-07;3205;2899;533370;433571;64.4;52.3
74;2021-08-08;155;134;533525;433705;64.4;52.4
74;2021-08-09;4935;4827;538460;438532;65.0;52.9
74;2021-08-10;4952;4683;543412;443215;65.6;53.5
74;2021-08-11;4388;4889;547800;448104;66.1;54.1
74;2021-08-12;3591;3607;551391;451711;66.6;54.5
74;2021-08-13;3766;4619;555157;456330;67.0;55.1
74;2021-08-14;2177;3343;557334;459673;67.3;55.5
74;2021-08-15;60;102;557394;459775;67.3;55.5
74;2021-08-16;3219;5869;560613;465644;67.7;56.2
74;2021-08-17;3017;5486;563630;471130;68.0;56.9
74;2021-08-18;2992;5458;566622;476588;68.4;57.5
74;2021-08-19;2331;3895;568953;480483;68.7;58.0
74;2021-08-20;2586;5695;571539;486178;69.0;58.7
74;2021-08-21;1227;4271;572766;490449;69.1;59.2
74;2021-08-22;56;137;572822;490586;69.1;59.2
74;2021-08-23;1938;6690;574760;497276;69.4;60.0
74;2021-08-24;2076;5939;576836;503215;69.6;60.7
74;2021-08-25;1885;6294;578721;509509;69.9;61.5
74;2021-08-26;1516;3783;580237;513292;70.0;62.0
74;2021-08-27;1810;5505;582047;518797;70.3;62.6
74;2021-08-28;905;4036;582952;522833;70.4;63.1
74;2021-08-29;54;186;583006;523019;70.4;63.1
74;2021-08-30;1695;5482;584701;528501;70.6;63.8
74;2021-08-31;1621;5120;586322;533621;70.8;64.4
74;2021-09-01;1613;4143;587935;537764;71.0;64.9
74;2021-09-02;1197;3028;589132;540792;71.1;65.3
74;2021-09-03;1454;4180;590586;544972;71.3;65.8
74;2021-09-04;1123;2835;591709;547807;71.4;66.1
74;2021-09-05;48;94;591757;547901;71.4;66.1
74;2021-09-06;1200;3372;592957;551273;71.6;66.5
74;2021-09-07;1011;3046;593968;554319;71.7;66.9
74;2021-09-08;1296;3173;595264;557492;71.9;67.3
74;2021-09-09;1209;2202;596473;559694;72.0;67.6
74;2021-09-10;1105;3096;597578;562790;72.1;67.9
74;2021-09-11;745;2312;598323;565102;72.2;68.2
74;2021-09-12;40;80;598363;565182;72.2;68.2
74;2021-09-13;936;2609;599299;567791;72.3;68.5
75;2020-12-27;66;1;66;1;0.0;0.0
75;2020-12-28;59;0;125;1;0.0;0.0
75;2020-12-29;27;0;152;1;0.0;0.0
75;2020-12-30;80;0;232;1;0.0;0.0
75;2020-12-31;43;0;275;1;0.0;0.0
75;2021-01-01;60;3;335;4;0.0;0.0
75;2021-01-02;64;1;399;5;0.0;0.0
75;2021-01-03;104;1;503;6;0.0;0.0
75;2021-01-04;318;1;821;7;0.0;0.0
75;2021-01-05;878;10;1699;17;0.1;0.0
75;2021-01-06;1368;16;3067;33;0.1;0.0
75;2021-01-07;2066;19;5133;52;0.2;0.0
75;2021-01-08;2877;30;8010;82;0.4;0.0
75;2021-01-09;1098;2;9108;84;0.4;0.0
75;2021-01-10;1101;4;10209;88;0.5;0.0
75;2021-01-11;3112;47;13321;135;0.6;0.0
75;2021-01-12;3488;51;16809;186;0.8;0.0
75;2021-01-13;3570;43;20379;229;0.9;0.0
75;2021-01-14;3765;60;24144;289;1.1;0.0
75;2021-01-15;3330;47;27474;336;1.3;0.0
75;2021-01-16;1142;14;28616;350;1.3;0.0
75;2021-01-17;558;14;29174;364;1.4;0.0
75;2021-01-18;3283;70;32457;434;1.5;0.0
75;2021-01-19;3867;47;36324;481;1.7;0.0
75;2021-01-20;4427;57;40751;538;1.9;0.0
75;2021-01-21;4935;70;45686;608;2.1;0.0
75;2021-01-22;4599;70;50285;678;2.3;0.0
75;2021-01-23;1761;12;52046;690;2.4;0.0
75;2021-01-24;756;7;52802;697;2.5;0.0
75;2021-01-25;1735;24;54537;721;2.5;0.0
75;2021-01-26;2561;81;57098;802;2.7;0.0
75;2021-01-27;3162;148;60260;950;2.8;0.0
75;2021-01-28;4776;228;65036;1178;3.0;0.1
75;2021-01-29;4055;236;69091;1414;3.2;0.1
75;2021-01-30;1357;21;70448;1435;3.3;0.1
75;2021-01-31;223;3;70671;1438;3.3;0.1
75;2021-02-01;1622;339;72293;1777;3.4;0.1
75;2021-02-02;2145;586;74438;2363;3.5;0.1
75;2021-02-03;1887;633;76325;2996;3.6;0.1
75;2021-02-04;2149;1043;78474;4039;3.7;0.2
75;2021-02-05;2222;762;80696;4801;3.8;0.2
75;2021-02-06;1126;71;81822;4872;3.8;0.2
75;2021-02-07;178;6;82000;4878;3.8;0.2
75;2021-02-08;1261;1281;83261;6159;3.9;0.3
75;2021-02-09;1797;2243;85058;8402;4.0;0.4
75;2021-02-10;2424;2210;87482;10612;4.1;0.5
75;2021-02-11;2944;4977;90426;15589;4.2;0.7
75;2021-02-12;3128;2234;93554;17823;4.4;0.8
75;2021-02-13;851;831;94405;18654;4.4;0.9
75;2021-02-14;209;39;94614;18693;4.4;0.9
75;2021-02-15;1007;1916;95621;20609;4.5;1.0
75;2021-02-16;1458;5196;97079;25805;4.5;1.2
75;2021-02-17;1332;2477;98411;28282;4.6;1.3
75;2021-02-18;1770;4610;100181;32892;4.7;1.5
75;2021-02-19;2226;3320;102407;36212;4.8;1.7
75;2021-02-20;479;1308;102886;37520;4.8;1.7
75;2021-02-21;199;119;103085;37639;4.8;1.8
75;2021-02-22;1224;1508;104309;39147;4.9;1.8
75;2021-02-23;1456;2021;105765;41168;4.9;1.9
75;2021-02-24;1691;1784;107456;42952;5.0;2.0
75;2021-02-25;2782;4354;110238;47306;5.1;2.2
75;2021-02-26;3380;2079;113618;49385;5.3;2.3
75;2021-02-27;1408;706;115026;50091;5.4;2.3
75;2021-02-28;325;103;115351;50194;5.4;2.3
75;2021-03-01;2599;1367;117950;51561;5.5;2.4
75;2021-03-02;4183;1713;122133;53274;5.7;2.5
75;2021-03-03;5434;1910;127567;55184;5.9;2.6
75;2021-03-04;8054;2176;135621;57360;6.3;2.7
75;2021-03-05;10576;2307;146197;59667;6.8;2.8
75;2021-03-06;11079;956;157276;60623;7.3;2.8
75;2021-03-07;9513;1415;166789;62038;7.8;2.9
75;2021-03-08;5911;1400;172700;63438;8.0;3.0
75;2021-03-09;7527;1929;180227;65367;8.4;3.0
75;2021-03-10;7510;1977;187737;67344;8.7;3.1
75;2021-03-11;10352;2393;198089;69737;9.2;3.2
75;2021-03-12;12071;2445;210160;72182;9.8;3.4
75;2021-03-13;8552;760;218712;72942;10.2;3.4
75;2021-03-14;4167;258;222879;73200;10.4;3.4
75;2021-03-15;7464;963;230343;74163;10.7;3.5
75;2021-03-16;5156;680;235499;74843;11.0;3.5
75;2021-03-17;5430;824;240929;75667;11.2;3.5
75;2021-03-18;6624;852;247553;76519;11.5;3.6
75;2021-03-19;9762;981;257315;77500;12.0;3.6
75;2021-03-20;5943;603;263258;78103;12.3;3.6
75;2021-03-21;1590;424;264848;78527;12.3;3.7
75;2021-03-22;8655;1015;273503;79542;12.7;3.7
75;2021-03-23;10966;1255;284469;80797;13.2;3.8
75;2021-03-24;11007;1325;295476;82122;13.8;3.8
75;2021-03-25;14217;1533;309693;83655;14.4;3.9
75;2021-03-26;13980;1699;323673;85354;15.1;4.0
75;2021-03-27;7285;767;330958;86121;15.4;4.0
75;2021-03-28;1784;150;332742;86271;15.5;4.0
75;2021-03-29;7973;2172;340715;88443;15.9;4.1
75;2021-03-30;10948;3206;351663;91649;16.4;4.3
75;2021-03-31;9750;3566;361413;95215;16.8;4.4
75;2021-04-01;10705;5175;372118;100390;17.3;4.7
75;2021-04-02;9064;5540;381182;105930;17.7;4.9
75;2021-04-03;4120;4851;385302;110781;17.9;5.2
75;2021-04-04;1422;1456;386724;112237;18.0;5.2
75;2021-04-05;2250;1327;388974;113564;18.1;5.3
75;2021-04-06;6917;4255;395891;117819;18.4;5.5
75;2021-04-07;8095;4378;403986;122197;18.8;5.7
75;2021-04-08;11090;4169;415076;126366;19.3;5.9
75;2021-04-09;12215;4614;427291;130980;19.9;6.1
75;2021-04-10;5849;4241;433140;135221;20.2;6.3
75;2021-04-11;1943;1786;435083;137007;20.3;6.4
75;2021-04-12;7483;3786;442566;140793;20.6;6.6
75;2021-04-13;8571;6783;451137;147576;21.0;6.9
75;2021-04-14;8303;5215;459440;152791;21.4;7.1
75;2021-04-15;8908;6128;468348;158919;21.8;7.4
75;2021-04-16;9389;6103;477737;165022;22.2;7.7
75;2021-04-17;4820;3639;482557;168661;22.5;7.9
75;2021-04-18;1670;877;484227;169538;22.5;7.9
75;2021-04-19;5590;4942;489817;174480;22.8;8.1
75;2021-04-20;6473;5950;496290;180430;23.1;8.4
75;2021-04-21;6878;5565;503168;185995;23.4;8.7
75;2021-04-22;7549;5900;510717;191895;23.8;8.9
75;2021-04-23;8651;6405;519368;198300;24.2;9.2
75;2021-04-24;6178;3346;525546;201646;24.5;9.4
75;2021-04-25;2967;760;528513;202406;24.6;9.4
75;2021-04-26;7033;4708;535546;207114;24.9;9.6
75;2021-04-27;10602;6387;546148;213501;25.4;9.9
75;2021-04-28;12202;5990;558350;219491;26.0;10.2
75;2021-04-29;13767;6318;572117;225809;26.6;10.5
75;2021-04-30;13668;6149;585785;231958;27.3;10.8
75;2021-05-01;5081;1326;590866;233284;27.5;10.9
75;2021-05-02;2387;791;593253;234075;27.6;10.9
75;2021-05-03;10296;13451;603549;247526;28.1;11.5
75;2021-05-04;11192;8065;614741;255591;28.6;11.9
75;2021-05-05;13570;6699;628311;262290;29.2;12.2
75;2021-05-06;14008;8174;642319;270464;29.9;12.6
75;2021-05-07;13981;8558;656300;279022;30.6;13.0
75;2021-05-08;10086;5503;666386;284525;31.0;13.2
75;2021-05-09;3822;3180;670208;287705;31.2;13.4
75;2021-05-10;14301;6708;684509;294413;31.9;13.7
75;2021-05-11;16852;8396;701361;302809;32.6;14.1
75;2021-05-12;17965;8131;719326;310940;33.5;14.5
75;2021-05-13;13640;2489;732966;313429;34.1;14.6
75;2021-05-14;18396;5120;751362;318549;35.0;14.8
75;2021-05-15;12321;2648;763683;321197;35.5;15.0
75;2021-05-16;3859;758;767542;321955;35.7;15.0
75;2021-05-17;16008;4644;783550;326599;36.5;15.2
75;2021-05-18;19167;5312;802717;331911;37.4;15.5
75;2021-05-19;20733;10695;823450;342606;38.3;15.9
75;2021-05-20;21591;8657;845041;351263;39.3;16.4
75;2021-05-21;21039;6543;866080;357806;40.3;16.7
75;2021-05-22;15923;3298;882003;361104;41.1;16.8
75;2021-05-23;5636;1333;887639;362437;41.3;16.9
75;2021-05-24;15645;2559;903284;364996;42.0;17.0
75;2021-05-25;18039;9565;921323;374561;42.9;17.4
75;2021-05-26;18891;8191;940214;382752;43.8;17.8
75;2021-05-27;20154;9793;960368;392545;44.7;18.3
75;2021-05-28;19354;10833;979722;403378;45.6;18.8
75;2021-05-29;16124;5835;995846;409213;46.4;19.0
75;2021-05-30;7042;2159;1002888;411372;46.7;19.1
75;2021-05-31;18103;9436;1020991;420808;47.5;19.6
75;2021-06-01;18713;12967;1039704;433775;48.4;20.2
75;2021-06-02;18131;10295;1057835;444070;49.2;20.7
75;2021-06-03;20286;11958;1078121;456028;50.2;21.2
75;2021-06-04;18139;12829;1096260;468857;51.0;21.8
75;2021-06-05;12000;9614;1108260;478471;51.6;22.3
75;2021-06-06;6733;3156;1114993;481627;51.9;22.4
75;2021-06-07;13913;11816;1128906;493443;52.5;23.0
75;2021-06-08;14812;13965;1143718;507408;53.2;23.6
75;2021-06-09;16525;15229;1160243;522637;54.0;24.3
75;2021-06-10;18388;26290;1178631;548927;54.9;25.6
75;2021-06-11;15334;16464;1193965;565391;55.6;26.3
75;2021-06-12;13300;10001;1207265;575392;56.2;26.8
75;2021-06-13;6279;3795;1213544;579187;56.5;27.0
75;2021-06-14;11841;15398;1225385;594585;57.0;27.7
75;2021-06-15;12747;19549;1238132;614134;57.6;28.6
75;2021-06-16;12216;17236;1250348;631370;58.2;29.4
75;2021-06-17;12669;17677;1263017;649047;58.8;30.2
75;2021-06-18;11287;22604;1274304;671651;59.3;31.3
75;2021-06-19;7541;11821;1281845;683472;59.7;31.8
75;2021-06-20;2824;5480;1284669;688952;59.8;32.1
75;2021-06-21;8522;16332;1293191;705284;60.2;32.8
75;2021-06-22;8816;21800;1302007;727084;60.6;33.8
75;2021-06-23;10324;21433;1312331;748517;61.1;34.8
75;2021-06-24;11323;20639;1323654;769156;61.6;35.8
75;2021-06-25;9881;24687;1333535;793843;62.1;37.0
75;2021-06-26;7949;15427;1341484;809270;62.4;37.7
75;2021-06-27;2703;6326;1344187;815596;62.6;38.0
75;2021-06-28;8478;20147;1352665;835743;63.0;38.9
75;2021-06-29;9353;23826;1362018;859569;63.4;40.0
75;2021-06-30;10209;23626;1372227;883195;63.9;41.1
75;2021-07-01;11467;23521;1383694;906716;64.4;42.2
75;2021-07-02;10910;24779;1394604;931495;64.9;43.4
75;2021-07-03;7830;19813;1402434;951308;65.3;44.3
75;2021-07-04;3915;9558;1406349;960866;65.5;44.7
75;2021-07-05;9352;21582;1415701;982448;65.9;45.7
75;2021-07-06;10174;24012;1425875;1006460;66.4;46.8
75;2021-07-07;10173;25093;1436048;1031553;66.8;48.0
75;2021-07-08;10674;25015;1446722;1056568;67.3;49.2
75;2021-07-09;10872;24035;1457594;1080603;67.8;50.3
75;2021-07-10;7959;18509;1465553;1099112;68.2;51.2
75;2021-07-11;4352;8535;1469905;1107647;68.4;51.6
75;2021-07-12;9857;23092;1479762;1130739;68.9;52.6
75;2021-07-13;14404;24820;1494166;1155559;69.6;53.8
75;2021-07-14;8352;9727;1502518;1165286;69.9;54.2
75;2021-07-15;15306;25663;1517824;1190949;70.7;55.4
75;2021-07-16;15831;22156;1533655;1213105;71.4;56.5
75;2021-07-17;12195;16913;1545850;1230018;72.0;57.3
75;2021-07-18;6281;6842;1552131;1236860;72.3;57.6
75;2021-07-19;14405;21308;1566536;1258168;72.9;58.6
75;2021-07-20;16085;21899;1582621;1280067;73.7;59.6
75;2021-07-21;15713;20716;1598334;1300783;74.4;60.6
75;2021-07-22;17155;20086;1615489;1320869;75.2;61.5
75;2021-07-23;17185;19111;1632674;1339980;76.0;62.4
75;2021-07-24;11208;14076;1643882;1354056;76.5;63.0
75;2021-07-25;5012;5075;1648894;1359131;76.8;63.3
75;2021-07-26;15194;16886;1664088;1376017;77.5;64.1
75;2021-07-27;18152;16660;1682240;1392677;78.3;64.8
75;2021-07-28;17154;15485;1699394;1408162;79.1;65.5
75;2021-07-29;16779;15103;1716173;1423265;79.9;66.3
75;2021-07-30;16333;14347;1732506;1437612;80.6;66.9
75;2021-07-31;9345;9862;1741851;1447474;81.1;67.4
75;2021-08-01;3698;3305;1745549;1450779;81.3;67.5
75;2021-08-02;10831;11994;1756380;1462773;81.8;68.1
75;2021-08-03;11091;10837;1767471;1473610;82.3;68.6
75;2021-08-04;9691;9505;1777162;1483115;82.7;69.0
75;2021-08-05;8702;9545;1785864;1492660;83.1;69.5
75;2021-08-06;8204;9988;1794068;1502648;83.5;69.9
75;2021-08-07;5696;7152;1799764;1509800;83.8;70.3
75;2021-08-08;1951;3276;1801715;1513076;83.9;70.4
75;2021-08-09;8552;11466;1810267;1524542;84.3;71.0
75;2021-08-10;9161;11579;1819428;1536121;84.7;71.5
75;2021-08-11;7761;10140;1827189;1546261;85.1;72.0
75;2021-08-12;6893;10639;1834082;1556900;85.4;72.5
75;2021-08-13;6186;8924;1840268;1565824;85.7;72.9
75;2021-08-14;4094;7202;1844362;1573026;85.9;73.2
75;2021-08-15;1003;1933;1845365;1574959;85.9;73.3
75;2021-08-16;6082;14034;1851447;1588993;86.2;74.0
75;2021-08-17;5771;13602;1857218;1602595;86.5;74.6
75;2021-08-18;4983;12002;1862201;1614597;86.7;75.2
75;2021-08-19;4739;12684;1866940;1627281;86.9;75.7
75;2021-08-20;4492;11782;1871432;1639063;87.1;76.3
75;2021-08-21;3166;8804;1874598;1647867;87.3;76.7
75;2021-08-22;990;3161;1875588;1651028;87.3;76.9
75;2021-08-23;4868;15306;1880456;1666334;87.5;77.6
75;2021-08-24;4748;14534;1885204;1680868;87.8;78.2
75;2021-08-25;4428;12321;1889632;1693189;88.0;78.8
75;2021-08-26;3998;10271;1893630;1703460;88.1;79.3
75;2021-08-27;4392;11659;1898022;1715119;88.4;79.8
75;2021-08-28;3015;8287;1901037;1723406;88.5;80.2
75;2021-08-29;747;2014;1901784;1725420;88.5;80.3
75;2021-08-30;4468;14661;1906252;1740081;88.7;81.0
75;2021-08-31;4327;13778;1910579;1753859;88.9;81.6
75;2021-09-01;3848;11377;1914427;1765236;89.1;82.2
75;2021-09-02;3168;9613;1917595;1774849;89.3;82.6
75;2021-09-03;3626;10394;1921221;1785243;89.4;83.1
75;2021-09-04;3523;8904;1924744;1794147;89.6;83.5
75;2021-09-05;694;1711;1925438;1795858;89.6;83.6
75;2021-09-06;2533;8070;1927971;1803928;89.7;84.0
75;2021-09-07;2278;7362;1930249;1811290;89.9;84.3
75;2021-09-08;2484;7316;1932733;1818606;90.0;84.7
75;2021-09-09;2318;6803;1935051;1825409;90.1;85.0
75;2021-09-10;2632;8015;1937683;1833424;90.2;85.3
75;2021-09-11;2328;6954;1940011;1840378;90.3;85.7
75;2021-09-12;493;1195;1940504;1841573;90.3;85.7
75;2021-09-13;2158;6448;1942662;1848021;90.4;86.0
76;2020-12-27;0;0;0;0;0.0;0.0
76;2020-12-28;1;0;1;0;0.0;0.0
76;2020-12-29;0;0;1;0;0.0;0.0
76;2020-12-30;0;0;1;0;0.0;0.0
76;2020-12-31;0;0;1;0;0.0;0.0
76;2021-01-01;0;0;1;0;0.0;0.0
76;2021-01-02;0;0;1;0;0.0;0.0
76;2021-01-03;0;0;1;0;0.0;0.0
76;2021-01-04;17;0;18;0;0.0;0.0
76;2021-01-05;138;0;156;0;0.0;0.0
76;2021-01-06;682;2;838;2;0.1;0.0
76;2021-01-07;1354;7;2192;9;0.2;0.0
76;2021-01-08;1536;2;3728;11;0.3;0.0
76;2021-01-09;736;2;4464;13;0.4;0.0
76;2021-01-10;492;1;4956;14;0.4;0.0
76;2021-01-11;1359;2;6315;16;0.5;0.0
76;2021-01-12;1359;2;7674;18;0.6;0.0
76;2021-01-13;1188;4;8862;22;0.7;0.0
76;2021-01-14;2176;24;11038;46;0.9;0.0
76;2021-01-15;1911;9;12949;55;1.0;0.0
76;2021-01-16;990;7;13939;62;1.1;0.0
76;2021-01-17;2898;19;16837;81;1.4;0.0
76;2021-01-18;4400;16;21237;97;1.7;0.0
76;2021-01-19;3016;8;24253;105;1.9;0.0
76;2021-01-20;2071;6;26324;111;2.1;0.0
76;2021-01-21;1773;4;28097;115;2.3;0.0
76;2021-01-22;1706;4;29803;119;2.4;0.0
76;2021-01-23;450;2;30253;121;2.4;0.0
76;2021-01-24;99;0;30352;121;2.4;0.0
76;2021-01-25;1474;136;31826;257;2.6;0.0
76;2021-01-26;1392;327;33218;584;2.7;0.0
76;2021-01-27;1342;412;34560;996;2.8;0.1
76;2021-01-28;1286;368;35846;1364;2.9;0.1
76;2021-01-29;1155;435;37001;1799;3.0;0.1
76;2021-01-30;283;276;37284;2075;3.0;0.2
76;2021-01-31;4;91;37288;2166;3.0;0.2
76;2021-02-01;841;746;38129;2912;3.1;0.2
76;2021-02-02;1056;960;39185;3872;3.2;0.3
76;2021-02-03;920;931;40105;4803;3.2;0.4
76;2021-02-04;976;1376;41081;6179;3.3;0.5
76;2021-02-05;975;1041;42056;7220;3.4;0.6
76;2021-02-06;260;783;42316;8003;3.4;0.6
76;2021-02-07;468;1535;42784;9538;3.4;0.8
76;2021-02-08;1923;3378;44707;12916;3.6;1.0
76;2021-02-09;1756;2671;46463;15587;3.7;1.3
76;2021-02-10;1489;1633;47952;17220;3.9;1.4
76;2021-02-11;1676;1333;49628;18553;4.0;1.5
76;2021-02-12;1705;1402;51333;19955;4.1;1.6
76;2021-02-13;230;290;51563;20245;4.1;1.6
76;2021-02-14;9;81;51572;20326;4.1;1.6
76;2021-02-15;554;1418;52126;21744;4.2;1.7
76;2021-02-16;741;1379;52867;23123;4.3;1.9
76;2021-02-17;625;1145;53492;24268;4.3;2.0
76;2021-02-18;780;1095;54272;25363;4.4;2.0
76;2021-02-19;869;1070;55141;26433;4.4;2.1
76;2021-02-20;270;245;55411;26678;4.5;2.1
76;2021-02-21;0;0;55411;26678;4.5;2.1
76;2021-02-22;371;991;55782;27669;4.5;2.2
76;2021-02-23;575;963;56357;28632;4.5;2.3
76;2021-02-24;599;963;56956;29595;4.6;2.4
76;2021-02-25;1664;1020;58620;30615;4.7;2.5
76;2021-02-26;2171;861;60791;31476;4.9;2.5
76;2021-02-27;1108;247;61899;31723;5.0;2.6
76;2021-02-28;27;186;61926;31909;5.0;2.6
76;2021-03-01;828;1816;62754;33725;5.0;2.7
76;2021-03-02;1382;1504;64136;35229;5.2;2.8
76;2021-03-03;1942;1205;66078;36434;5.3;2.9
76;2021-03-04;2819;968;68897;37402;5.5;3.0
76;2021-03-05;4183;719;73080;38121;5.9;3.1
76;2021-03-06;3365;154;76445;38275;6.1;3.1
76;2021-03-07;1257;31;77702;38306;6.2;3.1
76;2021-03-08;2102;1135;79804;39441;6.4;3.2
76;2021-03-09;3575;1059;83379;40500;6.7;3.3
76;2021-03-10;3594;977;86973;41477;7.0;3.3
76;2021-03-11;5633;892;92606;42369;7.4;3.4
76;2021-03-12;6830;577;99436;42946;8.0;3.5
76;2021-03-13;4647;148;104083;43094;8.4;3.5
76;2021-03-14;1068;28;105151;43122;8.5;3.5
76;2021-03-15;2919;236;108070;43358;8.7;3.5
76;2021-03-16;2557;395;110627;43753;8.9;3.5
76;2021-03-17;2697;312;113324;44065;9.1;3.5
76;2021-03-18;3003;306;116327;44371;9.4;3.6
76;2021-03-19;4397;429;120724;44800;9.7;3.6
76;2021-03-20;3974;287;124698;45087;10.0;3.6
76;2021-03-21;838;16;125536;45103;10.1;3.6
76;2021-03-22;3992;349;129528;45452;10.4;3.7
76;2021-03-23;5711;352;135239;45804;10.9;3.7
76;2021-03-24;5701;392;140940;46196;11.3;3.7
76;2021-03-25;7507;573;148447;46769;11.9;3.8
76;2021-03-26;8722;590;157169;47359;12.6;3.8
76;2021-03-27;4810;388;161979;47747;13.0;3.8
76;2021-03-28;1021;32;163000;47779;13.1;3.8
76;2021-03-29;5390;823;168390;48602;13.5;3.9
76;2021-03-30;6587;1055;174977;49657;14.1;4.0
76;2021-03-31;6462;1258;181439;50915;14.6;4.1
76;2021-04-01;6787;2013;188226;52928;15.1;4.3
76;2021-04-02;6487;2677;194713;55605;15.7;4.5
76;2021-04-03;2442;1079;197155;56684;15.9;4.6
76;2021-04-04;264;10;197419;56694;15.9;4.6
76;2021-04-05;868;377;198287;57071;15.9;4.6
76;2021-04-06;3558;2784;201845;59855;16.2;4.8
76;2021-04-07;4417;2393;206262;62248;16.6;5.0
76;2021-04-08;5841;2780;212103;65028;17.1;5.2
76;2021-04-09;8805;3065;220908;68093;17.8;5.5
76;2021-04-10;4877;1420;225785;69513;18.2;5.6
76;2021-04-11;814;535;226599;70048;18.2;5.6
76;2021-04-12;4726;2842;231325;72890;18.6;5.9
76;2021-04-13;5929;2855;237254;75745;19.1;6.1
76;2021-04-14;4803;3126;242057;78871;19.5;6.3
76;2021-04-15;5564;3350;247621;82221;19.9;6.6
76;2021-04-16;7354;3440;254975;85661;20.5;6.9
76;2021-04-17;4388;1431;259363;87092;20.9;7.0
76;2021-04-18;339;140;259702;87232;20.9;7.0
76;2021-04-19;3478;3767;263180;90999;21.2;7.3
76;2021-04-20;4343;4276;267523;95275;21.5;7.7
76;2021-04-21;4193;4683;271716;99958;21.8;8.0
76;2021-04-22;4562;5436;276278;105394;22.2;8.5
76;2021-04-23;5440;5965;281718;111359;22.7;9.0
76;2021-04-24;4165;2193;285883;113552;23.0;9.1
76;2021-04-25;894;268;286777;113820;23.1;9.2
76;2021-04-26;4484;4468;291261;118288;23.4;9.5
76;2021-04-27;4999;4987;296260;123275;23.8;9.9
76;2021-04-28;5349;4155;301609;127430;24.2;10.2
76;2021-04-29;6926;4148;308535;131578;24.8;10.6
76;2021-04-30;8219;4608;316754;136186;25.5;10.9
76;2021-05-01;4828;1012;321582;137198;25.9;11.0
76;2021-05-02;1843;264;323425;137462;26.0;11.1
76;2021-05-03;4703;3299;328128;140761;26.4;11.3
76;2021-05-04;4822;4540;332950;145301;26.8;11.7
76;2021-05-05;4784;5174;337734;150475;27.2;12.1
76;2021-05-06;5923;5570;343657;156045;27.6;12.5
76;2021-05-07;6138;6746;349795;162791;28.1;13.1
76;2021-05-08;5056;908;354851;163699;28.5;13.2
76;2021-05-09;2539;235;357390;163934;28.7;13.2
76;2021-05-10;4947;5064;362337;168998;29.1;13.6
76;2021-05-11;6518;5675;368855;174673;29.7;14.0
76;2021-05-12;6264;5081;375119;179754;30.2;14.5
76;2021-05-13;8846;1284;383965;181038;30.9;14.6
76;2021-05-14;10417;4658;394382;185696;31.7;14.9
76;2021-05-15;9120;2456;403502;188152;32.4;15.1
76;2021-05-16;6234;479;409736;188631;32.9;15.2
76;2021-05-17;7227;3274;416963;191905;33.5;15.4
76;2021-05-18;8304;2816;425267;194721;34.2;15.7
76;2021-05-19;8403;3203;433670;197924;34.9;15.9
76;2021-05-20;9652;3425;443322;201349;35.6;16.2
76;2021-05-21;8369;4088;451691;205437;36.3;16.5
76;2021-05-22;7167;2356;458858;207793;36.9;16.7
76;2021-05-23;6390;415;465248;208208;37.4;16.7
76;2021-05-24;6865;1527;472113;209735;38.0;16.9
76;2021-05-25;8026;4085;480139;213820;38.6;17.2
76;2021-05-26;7574;3607;487713;217427;39.2;17.5
76;2021-05-27;8344;4700;496057;222127;39.9;17.9
76;2021-05-28;8233;6541;504290;228668;40.5;18.4
76;2021-05-29;6226;3513;510516;232181;41.0;18.7
76;2021-05-30;3148;431;513664;232612;41.3;18.7
76;2021-05-31;8169;3951;521833;236563;42.0;19.0
76;2021-06-01;9214;5019;531047;241582;42.7;19.4
76;2021-06-02;7933;4442;538980;246024;43.3;19.8
76;2021-06-03;9541;5398;548521;251422;44.1;20.2
76;2021-06-04;9245;6668;557766;258090;44.8;20.8
76;2021-06-05;6289;3800;564055;261890;45.3;21.1
76;2021-06-06;2556;649;566611;262539;45.6;21.1
76;2021-06-07;6982;5444;573593;267983;46.1;21.5
76;2021-06-08;8659;6271;582252;274254;46.8;22.0
76;2021-06-09;7212;6073;589464;280327;47.4;22.5
76;2021-06-10;7995;6560;597459;286887;48.0;23.1
76;2021-06-11;7581;8229;605040;295116;48.6;23.7
76;2021-06-12;7167;5876;612207;300992;49.2;24.2
76;2021-06-13;2963;1296;615170;302288;49.5;24.3
76;2021-06-14;6490;6720;621660;309008;50.0;24.8
76;2021-06-15;6299;7471;627959;316479;50.5;25.4
76;2021-06-16;6655;7483;634614;323962;51.0;26.0
76;2021-06-17;7012;7755;641626;331717;51.6;26.7
76;2021-06-18;7689;9227;649315;340944;52.2;27.4
76;2021-06-19;5986;6258;655301;347202;52.7;27.9
76;2021-06-20;2811;1817;658112;349019;52.9;28.1
76;2021-06-21;5591;8175;663703;357194;53.4;28.7
76;2021-06-22;4925;9869;668628;367063;53.8;29.5
76;2021-06-23;4731;9434;673359;376497;54.1;30.3
76;2021-06-24;4798;9918;678157;386415;54.5;31.1
76;2021-06-25;5225;11577;683382;397992;54.9;32.0
76;2021-06-26;3454;7874;686836;405866;55.2;32.6
76;2021-06-27;1367;5164;688203;411030;55.3;33.0
76;2021-06-28;3614;9946;691817;420976;55.6;33.8
76;2021-06-29;3876;10225;695693;431201;55.9;34.7
76;2021-06-30;4271;9843;699964;441044;56.3;35.5
76;2021-07-01;4598;9912;704562;450956;56.6;36.3
76;2021-07-02;4370;12002;708932;462958;57.0;37.2
76;2021-07-03;3587;8449;712519;471407;57.3;37.9
76;2021-07-04;1487;5306;714006;476713;57.4;38.3
76;2021-07-05;3957;9333;717963;486046;57.7;39.1
76;2021-07-06;4056;10075;722019;496121;58.1;39.9
76;2021-07-07;4015;9327;726034;505448;58.4;40.6
76;2021-07-08;4466;9455;730500;514903;58.7;41.4
76;2021-07-09;4367;12408;734867;527311;59.1;42.4
76;2021-07-10;3138;8546;738005;535857;59.3;43.1
76;2021-07-11;1778;2821;739783;538678;59.5;43.3
76;2021-07-12;3158;11149;742941;549827;59.7;44.2
76;2021-07-13;4935;12258;747876;562085;60.1;45.2
76;2021-07-14;4805;5544;752681;567629;60.5;45.6
76;2021-07-15;5915;11788;758596;579417;61.0;46.6
76;2021-07-16;6721;12010;765317;591427;61.5;47.6
76;2021-07-17;5281;8708;770598;600135;62.0;48.3
76;2021-07-18;2259;3358;772857;603493;62.1;48.5
76;2021-07-19;5163;11149;778020;614642;62.6;49.4
76;2021-07-20;6278;11621;784298;626263;63.1;50.4
76;2021-07-21;6343;10566;790641;636829;63.6;51.2
76;2021-07-22;8241;9651;798882;646480;64.2;52.0
76;2021-07-23;7645;11997;806527;658477;64.8;52.9
76;2021-07-24;4993;7718;811520;666195;65.2;53.6
76;2021-07-25;2873;3142;814393;669337;65.5;53.8
76;2021-07-26;5440;10148;819833;679485;65.9;54.6
76;2021-07-27;8341;9556;828174;689041;66.6;55.4
76;2021-07-28;8271;7824;836445;696865;67.2;56.0
76;2021-07-29;9590;6985;846035;703850;68.0;56.6
76;2021-07-30;8016;7844;854051;711694;68.7;57.2
76;2021-07-31;6617;5330;860668;717024;69.2;57.6
76;2021-08-01;3863;2084;864531;719108;69.5;57.8
76;2021-08-02;6561;7093;871092;726201;70.0;58.4
76;2021-08-03;7975;6360;879067;732561;70.7;58.9
76;2021-08-04;7253;5838;886320;738399;71.3;59.4
76;2021-08-05;8099;5724;894419;744123;71.9;59.8
76;2021-08-06;6811;6873;901230;750996;72.5;60.4
76;2021-08-07;4790;4380;906020;755376;72.8;60.7
76;2021-08-08;2408;2157;908428;757533;73.0;60.9
76;2021-08-09;5641;6739;914069;764272;73.5;61.4
76;2021-08-10;6350;6552;920419;770824;74.0;62.0
76;2021-08-11;6452;5493;926871;776317;74.5;62.4
76;2021-08-12;6042;6061;932913;782378;75.0;62.9
76;2021-08-13;5053;6204;937966;788582;75.4;63.4
76;2021-08-14;3839;4594;941805;793176;75.7;63.8
76;2021-08-15;1580;2354;943385;795530;75.8;64.0
76;2021-08-16;3623;6717;947008;802247;76.1;64.5
76;2021-08-17;3905;6943;950913;809190;76.5;65.1
76;2021-08-18;3730;6739;954643;815929;76.8;65.6
76;2021-08-19;3373;7169;958016;823098;77.0;66.2
76;2021-08-20;3420;7825;961436;830923;77.3;66.8
76;2021-08-21;1817;4220;963253;835143;77.4;67.1
76;2021-08-22;865;3292;964118;838435;77.5;67.4
76;2021-08-23;2619;7757;966737;846192;77.7;68.0
76;2021-08-24;2813;7584;969550;853776;78.0;68.6
76;2021-08-25;2618;7080;972168;860856;78.2;69.2
76;2021-08-26;2066;5797;974234;866653;78.3;69.7
76;2021-08-27;2683;7947;976917;874600;78.5;70.3
76;2021-08-28;2131;6061;979048;880661;78.7;70.8
76;2021-08-29;693;3008;979741;883669;78.8;71.0
76;2021-08-30;2161;7441;981902;891110;78.9;71.6
76;2021-08-31;1938;7331;983840;898441;79.1;72.2
76;2021-09-01;1714;6890;985554;905331;79.2;72.8
76;2021-09-02;1303;4931;986857;910262;79.3;73.2
76;2021-09-03;1589;7156;988446;917418;79.5;73.8
76;2021-09-04;1605;6321;990051;923739;79.6;74.3
76;2021-09-05;632;1929;990683;925668;79.7;74.4
76;2021-09-06;1259;5010;991942;930678;79.8;74.8
76;2021-09-07;1158;4345;993100;935023;79.8;75.2
76;2021-09-08;1263;5043;994363;940066;79.9;75.6
76;2021-09-09;1084;3542;995447;943608;80.0;75.9
76;2021-09-10;1693;4786;997140;948394;80.2;76.3
76;2021-09-11;1158;3590;998298;951984;80.3;76.5
76;2021-09-12;286;882;998584;952866;80.3;76.6
76;2021-09-13;809;3061;999393;955927;80.4;76.9
77;2020-12-27;1;0;1;0;0.0;0.0
77;2020-12-28;1;0;2;0;0.0;0.0
77;2020-12-29;0;0;2;0;0.0;0.0
77;2020-12-30;0;0;2;0;0.0;0.0
77;2020-12-31;0;0;2;0;0.0;0.0
77;2021-01-01;4;0;6;0;0.0;0.0
77;2021-01-02;2;0;8;0;0.0;0.0
77;2021-01-03;0;0;8;0;0.0;0.0
77;2021-01-04;7;0;15;0;0.0;0.0
77;2021-01-05;199;0;214;0;0.0;0.0
77;2021-01-06;235;2;449;2;0.0;0.0
77;2021-01-07;521;4;970;6;0.1;0.0
77;2021-01-08;621;0;1591;6;0.1;0.0
77;2021-01-09;273;1;1864;7;0.1;0.0
77;2021-01-10;235;2;2099;9;0.1;0.0
77;2021-01-11;783;3;2882;12;0.2;0.0
77;2021-01-12;884;1;3766;13;0.3;0.0
77;2021-01-13;941;1;4707;14;0.3;0.0
77;2021-01-14;850;7;5557;21;0.4;0.0
77;2021-01-15;859;10;6416;31;0.5;0.0
77;2021-01-16;168;1;6584;32;0.5;0.0
77;2021-01-17;132;2;6716;34;0.5;0.0
77;2021-01-18;1194;4;7910;38;0.6;0.0
77;2021-01-19;1722;12;9632;50;0.7;0.0
77;2021-01-20;2540;7;12172;57;0.9;0.0
77;2021-01-21;2057;25;14229;82;1.0;0.0
77;2021-01-22;1148;7;15377;89;1.1;0.0
77;2021-01-23;350;0;15727;89;1.1;0.0
77;2021-01-24;44;0;15771;89;1.1;0.0
77;2021-01-25;941;22;16712;111;1.2;0.0
77;2021-01-26;1714;24;18426;135;1.3;0.0
77;2021-01-27;1364;23;19790;158;1.4;0.0
77;2021-01-28;1698;89;21488;247;1.5;0.0
77;2021-01-29;1289;139;22777;386;1.6;0.0
77;2021-01-30;211;2;22988;388;1.6;0.0
77;2021-01-31;1;0;22989;388;1.6;0.0
77;2021-02-01;569;191;23558;579;1.7;0.0
77;2021-02-02;871;244;24429;823;1.7;0.1
77;2021-02-03;795;495;25224;1318;1.8;0.1
77;2021-02-04;789;763;26013;2081;1.8;0.1
77;2021-02-05;857;770;26870;2851;1.9;0.2
77;2021-02-06;165;96;27035;2947;1.9;0.2
77;2021-02-07;17;87;27052;3034;1.9;0.2
77;2021-02-08;498;832;27550;3866;1.9;0.3
77;2021-02-09;590;1355;28140;5221;2.0;0.4
77;2021-02-10;1029;1690;29169;6911;2.0;0.5
77;2021-02-11;1060;1516;30229;8427;2.1;0.6
77;2021-02-12;1098;1066;31327;9493;2.2;0.7
77;2021-02-13;188;169;31515;9662;2.2;0.7
77;2021-02-14;12;56;31527;9718;2.2;0.7
77;2021-02-15;555;739;32082;10457;2.3;0.7
77;2021-02-16;599;1204;32681;11661;2.3;0.8
77;2021-02-17;514;971;33195;12632;2.3;0.9
77;2021-02-18;839;1363;34034;13995;2.4;1.0
77;2021-02-19;777;926;34811;14921;2.4;1.0
77;2021-02-20;54;133;34865;15054;2.4;1.1
77;2021-02-21;7;31;34872;15085;2.4;1.1
77;2021-02-22;303;561;35175;15646;2.5;1.1
77;2021-02-23;360;850;35535;16496;2.5;1.2
77;2021-02-24;513;680;36048;17176;2.5;1.2
77;2021-02-25;794;764;36842;17940;2.6;1.3
77;2021-02-26;841;674;37683;18614;2.6;1.3
77;2021-02-27;459;123;38142;18737;2.7;1.3
77;2021-02-28;33;5;38175;18742;2.7;1.3
77;2021-03-01;678;578;38853;19320;2.7;1.4
77;2021-03-02;1093;887;39946;20207;2.8;1.4
77;2021-03-03;1957;1049;41903;21256;2.9;1.5
77;2021-03-04;2796;1033;44699;22289;3.1;1.6
77;2021-03-05;3381;914;48080;23203;3.4;1.6
77;2021-03-06;4825;247;52905;23450;3.7;1.6
77;2021-03-07;3194;112;56099;23562;3.9;1.7
77;2021-03-08;1230;469;57329;24031;4.0;1.7
77;2021-03-09;2505;574;59834;24605;4.2;1.7
77;2021-03-10;2399;532;62233;25137;4.4;1.8
77;2021-03-11;3501;749;65734;25886;4.6;1.8
77;2021-03-12;3891;666;69625;26552;4.9;1.9
77;2021-03-13;4481;198;74106;26750;5.2;1.9
77;2021-03-14;2153;120;76259;26870;5.4;1.9
77;2021-03-15;2511;273;78770;27143;5.5;1.9
77;2021-03-16;2444;370;81214;27513;5.7;1.9
77;2021-03-17;2554;420;83768;27933;5.9;2.0
77;2021-03-18;3010;391;86778;28324;6.1;2.0
77;2021-03-19;3358;435;90136;28759;6.3;2.0
77;2021-03-20;1967;77;92103;28836;6.5;2.0
77;2021-03-21;243;14;92346;28850;6.5;2.0
77;2021-03-22;3021;394;95367;29244;6.7;2.1
77;2021-03-23;4520;527;99887;29771;7.0;2.1
77;2021-03-24;4154;613;104041;30384;7.3;2.1
77;2021-03-25;5910;399;109951;30783;7.7;2.2
77;2021-03-26;6269;451;116220;31234;8.2;2.2
77;2021-03-27;3322;123;119542;31357;8.4;2.2
77;2021-03-28;1730;49;121272;31406;8.5;2.2
77;2021-03-29;2655;685;123927;32091;8.7;2.3
77;2021-03-30;3995;1183;127922;33274;9.0;2.3
77;2021-03-31;3754;1220;131676;34494;9.2;2.4
77;2021-04-01;4145;1813;135821;36307;9.5;2.6
77;2021-04-02;3993;2009;139814;38316;9.8;2.7
77;2021-04-03;1745;2273;141559;40589;9.9;2.9
77;2021-04-04;423;1424;141982;42013;10.0;3.0
77;2021-04-05;162;164;142144;42177;10.0;3.0
77;2021-04-06;2721;1925;144865;44102;10.2;3.1
77;2021-04-07;3322;2085;148187;46187;10.4;3.2
77;2021-04-08;4535;2359;152722;48546;10.7;3.4
77;2021-04-09;4854;2088;157576;50634;11.1;3.6
77;2021-04-10;3074;2750;160650;53384;11.3;3.7
77;2021-04-11;586;716;161236;54100;11.3;3.8
77;2021-04-12;2230;1820;163466;55920;11.5;3.9
77;2021-04-13;3358;2634;166824;58554;11.7;4.1
77;2021-04-14;2521;2650;169345;61204;11.9;4.3
77;2021-04-15;3322;3111;172667;64315;12.1;4.5
77;2021-04-16;3575;2718;176242;67033;12.4;4.7
77;2021-04-17;1386;476;177628;67509;12.5;4.7
77;2021-04-18;150;11;177778;67520;12.5;4.7
77;2021-04-19;2085;2510;179863;70030;12.6;4.9
77;2021-04-20;2573;3380;182436;73410;12.8;5.2
77;2021-04-21;2195;3471;184631;76881;13.0;5.4
77;2021-04-22;3003;3856;187634;80737;13.2;5.7
77;2021-04-23;3533;3638;191167;84375;13.4;5.9
77;2021-04-24;4901;2500;196068;86875;13.8;6.1
77;2021-04-25;4079;1238;200147;88113;14.1;6.2
77;2021-04-26;3226;2042;203373;90155;14.3;6.3
77;2021-04-27;3996;2507;207369;92662;14.6;6.5
77;2021-04-28;4068;2608;211437;95270;14.9;6.7
77;2021-04-29;4482;3066;215919;98336;15.2;6.9
77;2021-04-30;4911;3328;220830;101664;15.5;7.1
77;2021-05-01;2466;593;223296;102257;15.7;7.2
77;2021-05-02;3142;276;226438;102533;15.9;7.2
77;2021-05-03;5992;2069;232430;104602;16.3;7.3
77;2021-05-04;6440;2990;238870;107592;16.8;7.6
77;2021-05-05;6020;3023;244890;110615;17.2;7.8
77;2021-05-06;6888;3593;251778;114208;17.7;8.0
77;2021-05-07;8206;3256;259984;117464;18.3;8.3
77;2021-05-08;5715;809;265699;118273;18.7;8.3
77;2021-05-09;4908;484;270607;118757;19.0;8.3
77;2021-05-10;8090;2328;278697;121085;19.6;8.5
77;2021-05-11;9581;2913;288278;123998;20.2;8.7
77;2021-05-12;8981;2277;297259;126275;20.9;8.9
77;2021-05-13;9306;881;306565;127156;21.5;8.9
77;2021-05-14;10439;1667;317004;128823;22.3;9.0
77;2021-05-15;8992;1246;325996;130069;22.9;9.1
77;2021-05-16;5153;470;331149;130539;23.3;9.2
77;2021-05-17;10375;1479;341524;132018;24.0;9.3
77;2021-05-18;11785;1804;353309;133822;24.8;9.4
77;2021-05-19;10917;1599;364226;135421;25.6;9.5
77;2021-05-20;12214;2152;376440;137573;26.4;9.7
77;2021-05-21;11657;2699;388097;140272;27.3;9.9
77;2021-05-22;9820;1736;397917;142008;28.0;10.0
77;2021-05-23;6987;813;404904;142821;28.4;10.0
77;2021-05-24;6764;778;411668;143599;28.9;10.1
77;2021-05-25;8317;2815;419985;146414;29.5;10.3
77;2021-05-26;7564;2978;427549;149392;30.0;10.5
77;2021-05-27;7552;3966;435101;153358;30.6;10.8
77;2021-05-28;7637;4000;442738;157358;31.1;11.1
77;2021-05-29;7356;2320;450094;159678;31.6;11.2
77;2021-05-30;4359;891;454453;160569;31.9;11.3
77;2021-05-31;8383;3833;462836;164402;32.5;11.5
77;2021-06-01;9648;4375;472484;168777;33.2;11.9
77;2021-06-02;9007;3926;481491;172703;33.8;12.1
77;2021-06-03;9005;5257;490496;177960;34.5;12.5
77;2021-06-04;9118;5488;499614;183448;35.1;12.9
77;2021-06-05;6662;4987;506276;188435;35.6;13.2
77;2021-06-06;4910;3210;511186;191645;35.9;13.5
77;2021-06-07;6420;4536;517606;196181;36.4;13.8
77;2021-06-08;5729;5224;523335;201405;36.8;14.1
77;2021-06-09;5063;4954;528398;206359;37.1;14.5
77;2021-06-10;5015;5464;533413;211823;37.5;14.9
77;2021-06-11;5758;6028;539171;217851;37.9;15.3
77;2021-06-12;6545;4753;545716;222604;38.3;15.6
77;2021-06-13;3508;3052;549224;225656;38.6;15.9
77;2021-06-14;3219;7932;552443;233588;38.8;16.4
77;2021-06-15;4125;8476;556568;242064;39.1;17.0
77;2021-06-16;4810;8378;561378;250442;39.4;17.6
77;2021-06-17;4476;9024;565854;259466;39.7;18.2
77;2021-06-18;4366;9786;570220;269252;40.1;18.9
77;2021-06-19;5308;6931;575528;276183;40.4;19.4
77;2021-06-20;2096;3800;577624;279983;40.6;19.7
77;2021-06-21;3230;9583;580854;289566;40.8;20.3
77;2021-06-22;3668;11369;584522;300935;41.1;21.1
77;2021-06-23;3441;10054;587963;310989;41.3;21.8
77;2021-06-24;3362;10914;591325;321903;41.5;22.6
77;2021-06-25;3624;10803;594949;332706;41.8;23.4
77;2021-06-26;4089;10069;599038;342775;42.1;24.1
77;2021-06-27;2124;6427;601162;349202;42.2;24.5
77;2021-06-28;2799;10831;603961;360033;42.4;25.3
77;2021-06-29;3418;12526;607379;372559;42.7;26.2
77;2021-06-30;3293;11449;610672;384008;42.9;27.0
77;2021-07-01;3293;11652;613965;395660;43.1;27.8
77;2021-07-02;3466;12255;617431;407915;43.4;28.7
77;2021-07-03;3186;10802;620617;418717;43.6;29.4
77;2021-07-04;1997;6492;622614;425209;43.7;29.9
77;2021-07-05;3590;9546;626204;434755;44.0;30.5
77;2021-07-06;3743;9529;629947;444284;44.3;31.2
77;2021-07-07;4064;8962;634011;453246;44.5;31.8
77;2021-07-08;3935;8759;637946;462005;44.8;32.5
77;2021-07-09;4710;10337;642656;472342;45.1;33.2
77;2021-07-10;4047;9843;646703;482185;45.4;33.9
77;2021-07-11;3093;5094;649796;487279;45.6;34.2
77;2021-07-12;3286;10868;653082;498147;45.9;35.0
77;2021-07-13;6167;12030;659249;510177;46.3;35.8
77;2021-07-14;3604;6445;662853;516622;46.6;36.3
77;2021-07-15;7189;11973;670042;528595;47.1;37.1
77;2021-07-16;7830;9897;677872;538492;47.6;37.8
77;2021-07-17;5796;9465;683668;547957;48.0;38.5
77;2021-07-18;4139;5328;687807;553285;48.3;38.9
77;2021-07-19;7518;8950;695325;562235;48.8;39.5
77;2021-07-20;9639;8038;704964;570273;49.5;40.1
77;2021-07-21;9527;7483;714491;577756;50.2;40.6
77;2021-07-22;10565;7552;725056;585308;50.9;41.1
77;2021-07-23;9873;8201;734929;593509;51.6;41.7
77;2021-07-24;7219;7874;742148;601383;52.1;42.2
77;2021-07-25;5899;4033;748047;605416;52.5;42.5
77;2021-07-26;9219;5975;757266;611391;53.2;42.9
77;2021-07-27;10964;6044;768230;617435;54.0;43.4
77;2021-07-28;9494;6425;777724;623860;54.6;43.8
77;2021-07-29;9538;5509;787262;629369;55.3;44.2
77;2021-07-30;9743;6363;797005;635732;56.0;44.7
77;2021-07-31;7268;6633;804273;642365;56.5;45.1
77;2021-08-01;2955;1215;807228;643580;56.7;45.2
77;2021-08-02;7130;5733;814358;649313;57.2;45.6
77;2021-08-03;5856;4520;820214;653833;57.6;45.9
77;2021-08-04;4732;4387;824946;658220;57.9;46.2
77;2021-08-05;3255;2970;828201;661190;58.2;46.4
77;2021-08-06;5889;5258;834090;666448;58.6;46.8
77;2021-08-07;5295;6795;839385;673243;59.0;47.3
77;2021-08-08;1980;1863;841365;675106;59.1;47.4
77;2021-08-09;5062;6582;846427;681688;59.5;47.9
77;2021-08-10;2676;3579;849103;685267;59.6;48.1
77;2021-08-11;3118;6239;852221;691506;59.9;48.6
77;2021-08-12;2257;3575;854478;695081;60.0;48.8
77;2021-08-13;2724;4895;857202;699976;60.2;49.2
77;2021-08-14;2953;7330;860155;707306;60.4;49.7
77;2021-08-15;787;773;860942;708079;60.5;49.7
77;2021-08-16;2370;6984;863312;715063;60.6;50.2
77;2021-08-17;2890;7210;866202;722273;60.8;50.7
77;2021-08-18;2680;6559;868882;728832;61.0;51.2
77;2021-08-19;2644;5104;871526;733936;61.2;51.6
77;2021-08-20;2676;5684;874202;739620;61.4;52.0
77;2021-08-21;2717;7329;876919;746949;61.6;52.5
77;2021-08-22;1731;5340;878650;752289;61.7;52.8
77;2021-08-23;2436;9617;881086;761906;61.9;53.5
77;2021-08-24;3043;9240;884129;771146;62.1;54.2
77;2021-08-25;2532;6529;886661;777675;62.3;54.6
77;2021-08-26;2544;6254;889205;783929;62.5;55.1
77;2021-08-27;2709;6993;891914;790922;62.7;55.6
77;2021-08-28;1955;7247;893869;798169;62.8;56.1
77;2021-08-29;1481;5149;895350;803318;62.9;56.4
77;2021-08-30;2509;8142;897859;811460;63.1;57.0
77;2021-08-31;2822;5733;900681;817193;63.3;57.4
77;2021-09-01;2207;3839;902888;821032;63.4;57.7
77;2021-09-02;1597;3139;904485;824171;63.5;57.9
77;2021-09-03;2072;4551;906557;828722;63.7;58.2
77;2021-09-04;2392;5773;908949;834495;63.8;58.6
77;2021-09-05;893;1554;909842;836049;63.9;58.7
77;2021-09-06;1038;2310;910880;838359;64.0;58.9
77;2021-09-07;824;2284;911704;840643;64.0;59.1
77;2021-09-08;1695;3580;913399;844223;64.2;59.3
77;2021-09-09;944;2202;914343;846425;64.2;59.5
77;2021-09-10;1169;2548;915512;848973;64.3;59.6
77;2021-09-11;2031;5693;917543;854666;64.5;60.0
77;2021-09-12;517;1416;918060;856082;64.5;60.1
77;2021-09-13;862;2264;918922;858346;64.5;60.3
78;2020-12-27;2;0;2;0;0.0;0.0
78;2020-12-28;0;0;2;0;0.0;0.0
78;2020-12-29;0;0;2;0;0.0;0.0
78;2020-12-30;0;0;2;0;0.0;0.0
78;2020-12-31;15;0;17;0;0.0;0.0
78;2021-01-01;1;0;18;0;0.0;0.0
78;2021-01-02;1;0;19;0;0.0;0.0
78;2021-01-03;3;0;22;0;0.0;0.0
78;2021-01-04;145;3;167;3;0.0;0.0
78;2021-01-05;175;1;342;4;0.0;0.0
78;2021-01-06;208;3;550;7;0.0;0.0
78;2021-01-07;469;2;1019;9;0.1;0.0
78;2021-01-08;651;3;1670;12;0.1;0.0
78;2021-01-09;22;0;1692;12;0.1;0.0
78;2021-01-10;2;0;1694;12;0.1;0.0
78;2021-01-11;792;3;2486;15;0.2;0.0
78;2021-01-12;945;5;3431;20;0.2;0.0
78;2021-01-13;740;8;4171;28;0.3;0.0
78;2021-01-14;811;9;4982;37;0.3;0.0
78;2021-01-15;847;10;5829;47;0.4;0.0
78;2021-01-16;32;0;5861;47;0.4;0.0
78;2021-01-17;0;0;5861;47;0.4;0.0
78;2021-01-18;1382;21;7243;68;0.5;0.0
78;2021-01-19;1841;27;9084;95;0.6;0.0
78;2021-01-20;1659;15;10743;110;0.7;0.0
78;2021-01-21;3258;16;14001;126;1.0;0.0
78;2021-01-22;2218;17;16219;143;1.1;0.0
78;2021-01-23;279;0;16498;143;1.1;0.0
78;2021-01-24;5;0;16503;143;1.1;0.0
78;2021-01-25;959;28;17462;171;1.2;0.0
78;2021-01-26;1560;19;19022;190;1.3;0.0
78;2021-01-27;2061;42;21083;232;1.5;0.0
78;2021-01-28;2436;99;23519;331;1.6;0.0
78;2021-01-29;1490;58;25009;389;1.7;0.0
78;2021-01-30;210;3;25219;392;1.7;0.0
78;2021-01-31;3;0;25222;392;1.7;0.0
78;2021-02-01;786;212;26008;604;1.8;0.0
78;2021-02-02;968;323;26976;927;1.9;0.1
78;2021-02-03;975;222;27951;1149;1.9;0.1
78;2021-02-04;1117;413;29068;1562;2.0;0.1
78;2021-02-05;1191;459;30259;2021;2.1;0.1
78;2021-02-06;199;44;30458;2065;2.1;0.1
78;2021-02-07;139;13;30597;2078;2.1;0.1
78;2021-02-08;760;544;31357;2622;2.2;0.2
78;2021-02-09;1122;884;32479;3506;2.2;0.2
78;2021-02-10;1246;1096;33725;4602;2.3;0.3
78;2021-02-11;1820;1760;35545;6362;2.5;0.4
78;2021-02-12;1820;1263;37365;7625;2.6;0.5
78;2021-02-13;173;64;37538;7689;2.6;0.5
78;2021-02-14;27;23;37565;7712;2.6;0.5
78;2021-02-15;447;1152;38012;8864;2.6;0.6
78;2021-02-16;629;1330;38641;10194;2.7;0.7
78;2021-02-17;587;1950;39228;12144;2.7;0.8
78;2021-02-18;997;1967;40225;14111;2.8;1.0
78;2021-02-19;820;1496;41045;15607;2.8;1.1
78;2021-02-20;148;103;41193;15710;2.8;1.1
78;2021-02-21;0;12;41193;15722;2.8;1.1
78;2021-02-22;502;842;41695;16564;2.9;1.1
78;2021-02-23;540;924;42235;17488;2.9;1.2
78;2021-02-24;619;1045;42854;18533;3.0;1.3
78;2021-02-25;866;929;43720;19462;3.0;1.3
78;2021-02-26;1132;1045;44852;20507;3.1;1.4
78;2021-02-27;740;117;45592;20624;3.1;1.4
78;2021-02-28;68;18;45660;20642;3.2;1.4
78;2021-03-01;966;727;46626;21369;3.2;1.5
78;2021-03-02;1727;919;48353;22288;3.3;1.5
78;2021-03-03;1965;1076;50318;23364;3.5;1.6
78;2021-03-04;2949;1439;53267;24803;3.7;1.7
78;2021-03-05;3255;1502;56522;26305;3.9;1.8
78;2021-03-06;6247;279;62769;26584;4.3;1.8
78;2021-03-07;3444;101;66213;26685;4.6;1.8
78;2021-03-08;1459;690;67672;27375;4.7;1.9
78;2021-03-09;2942;852;70614;28227;4.9;1.9
78;2021-03-10;3080;1059;73694;29286;5.1;2.0
78;2021-03-11;4177;1266;77871;30552;5.4;2.1
78;2021-03-12;5372;1305;83243;31857;5.7;2.2
78;2021-03-13;4658;198;87901;32055;6.1;2.2
78;2021-03-14;1036;42;88937;32097;6.1;2.2
78;2021-03-15;3620;266;92557;32363;6.4;2.2
78;2021-03-16;2566;559;95123;32922;6.6;2.3
78;2021-03-17;2968;437;98091;33359;6.8;2.3
78;2021-03-18;3781;445;101872;33804;7.0;2.3
78;2021-03-19;5319;486;107191;34290;7.4;2.4
78;2021-03-20;2258;127;109449;34417;7.6;2.4
78;2021-03-21;165;7;109614;34424;7.6;2.4
78;2021-03-22;3532;376;113146;34800;7.8;2.4
78;2021-03-23;5232;539;118378;35339;8.2;2.4
78;2021-03-24;4893;552;123271;35891;8.5;2.5
78;2021-03-25;6941;560;130212;36451;9.0;2.5
78;2021-03-26;6942;705;137154;37156;9.5;2.6
78;2021-03-27;3746;197;140900;37353;9.7;2.6
78;2021-03-28;1919;55;142819;37408;9.9;2.6
78;2021-03-29;3865;759;146684;38167;10.1;2.6
78;2021-03-30;5527;1053;152211;39220;10.5;2.7
78;2021-03-31;5333;1288;157544;40508;10.9;2.8
78;2021-04-01;5594;2348;163138;42856;11.3;3.0
78;2021-04-02;5194;2623;168332;45479;11.6;3.1
78;2021-04-03;2198;2561;170530;48040;11.8;3.3
78;2021-04-04;173;14;170703;48054;11.8;3.3
78;2021-04-05;199;19;170902;48073;11.8;3.3
78;2021-04-06;3618;2305;174520;50378;12.0;3.5
78;2021-04-07;4356;2584;178876;52962;12.3;3.7
78;2021-04-08;5526;2672;184402;55634;12.7;3.8
78;2021-04-09;6909;2444;191311;58078;13.2;4.0
78;2021-04-10;3995;1902;195306;59980;13.5;4.1
78;2021-04-11;374;606;195680;60586;13.5;4.2
78;2021-04-12;3532;2357;199212;62943;13.8;4.3
78;2021-04-13;5460;2492;204672;65435;14.1;4.5
78;2021-04-14;4956;3382;209628;68817;14.5;4.8
78;2021-04-15;4616;3849;214244;72666;14.8;5.0
78;2021-04-16;5626;4014;219870;76680;15.2;5.3
78;2021-04-17;3615;717;223485;77397;15.4;5.3
78;2021-04-18;272;42;223757;77439;15.4;5.3
78;2021-04-19;3244;2813;227001;80252;15.7;5.5
78;2021-04-20;4710;3683;231711;83935;16.0;5.8
78;2021-04-21;4534;3507;236245;87442;16.3;6.0
78;2021-04-22;4565;4692;240810;92134;16.6;6.4
78;2021-04-23;5061;4431;245871;96565;17.0;6.7
78;2021-04-24;4866;2619;250737;99184;17.3;6.8
78;2021-04-25;3047;1733;253784;100917;17.5;7.0
78;2021-04-26;4770;3318;258554;104235;17.8;7.2
78;2021-04-27;5473;4298;264027;108533;18.2;7.5
78;2021-04-28;5651;4775;269678;113308;18.6;7.8
78;2021-04-29;6263;4057;275941;117365;19.0;8.1
78;2021-04-30;7208;4444;283149;121809;19.5;8.4
78;2021-05-01;612;254;283761;122063;19.6;8.4
78;2021-05-02;2008;164;285769;122227;19.7;8.4
78;2021-05-03;7463;1276;293232;123503;20.2;8.5
78;2021-05-04;6078;3976;299310;127479;20.7;8.8
78;2021-05-05;7300;4548;306610;132027;21.2;9.1
78;2021-05-06;6481;5168;313091;137195;21.6;9.5
78;2021-05-07;8313;5125;321404;142320;22.2;9.8
78;2021-05-08;2917;1446;324321;143766;22.4;9.9
78;2021-05-09;2819;350;327140;144116;22.6;9.9
78;2021-05-10;7343;4448;334483;148564;23.1;10.3
78;2021-05-11;8143;5412;342626;153976;23.7;10.6
78;2021-05-12;8733;3915;351359;157891;24.3;10.9
78;2021-05-13;6631;600;357990;158491;24.7;10.9
78;2021-05-14;10218;2214;368208;160705;25.4;11.1
78;2021-05-15;4936;2361;373144;163066;25.8;11.3
78;2021-05-16;3697;793;376841;163859;26.0;11.3
78;2021-05-17;8744;1348;385585;165207;26.6;11.4
78;2021-05-18;9888;1890;395473;167097;27.3;11.5
78;2021-05-19;11654;1710;407127;168807;28.1;11.7
78;2021-05-20;11599;2263;418726;171070;28.9;11.8
78;2021-05-21;12131;2626;430857;173696;29.7;12.0
78;2021-05-22;6546;1364;437403;175060;30.2;12.1
78;2021-05-23;3126;390;440529;175450;30.4;12.1
78;2021-05-24;3523;418;444052;175868;30.7;12.1
78;2021-05-25;9988;2505;454040;178373;31.3;12.3
78;2021-05-26;10166;3775;464206;182148;32.0;12.6
78;2021-05-27;10960;4639;475166;186787;32.8;12.9
78;2021-05-28;11413;6017;486579;192804;33.6;13.3
78;2021-05-29;4228;3382;490807;196186;33.9;13.5
78;2021-05-30;136;344;490943;196530;33.9;13.6
78;2021-05-31;7971;5352;498914;201882;34.4;13.9
78;2021-06-01;10027;6523;508941;208405;35.1;14.4
78;2021-06-02;8587;6198;517528;214603;35.7;14.8
78;2021-06-03;9899;6472;527427;221075;36.4;15.3
78;2021-06-04;9795;8143;537222;229218;37.1;15.8
78;2021-06-05;5522;6132;542744;235350;37.5;16.2
78;2021-06-06;2151;2009;544895;237359;37.6;16.4
78;2021-06-07;8124;6521;553019;243880;38.2;16.8
78;2021-06-08;8066;7321;561085;251201;38.7;17.3
78;2021-06-09;7327;6724;568412;257925;39.2;17.8
78;2021-06-10;7113;7097;575525;265022;39.7;18.3
78;2021-06-11;7585;8183;583110;273205;40.3;18.9
78;2021-06-12;6374;2918;589484;276123;40.7;19.1
78;2021-06-13;946;2458;590430;278581;40.8;19.2
78;2021-06-14;3414;9811;593844;288392;41.0;19.9
78;2021-06-15;5803;8286;599647;296678;41.4;20.5
78;2021-06-16;5434;8625;605081;305303;41.8;21.1
78;2021-06-17;5486;8536;610567;313839;42.1;21.7
78;2021-06-18;6168;9799;616735;323638;42.6;22.3
78;2021-06-19;5222;4816;621957;328454;42.9;22.7
78;2021-06-20;624;2838;622581;331292;43.0;22.9
78;2021-06-21;4100;9470;626681;340762;43.3;23.5
78;2021-06-22;3350;10318;630031;351080;43.5;24.2
78;2021-06-23;3842;10393;633873;361473;43.8;25.0
78;2021-06-24;3799;9973;637672;371446;44.0;25.6
78;2021-06-25;4004;13146;641676;384592;44.3;26.5
78;2021-06-26;4211;7952;645887;392544;44.6;27.1
78;2021-06-27;1040;2541;646927;395085;44.7;27.3
78;2021-06-28;3294;10899;650221;405984;44.9;28.0
78;2021-06-29;3540;11252;653761;417236;45.1;28.8
78;2021-06-30;4113;13224;657874;430460;45.4;29.7
78;2021-07-01;4108;12698;661982;443158;45.7;30.6
78;2021-07-02;4262;13940;666244;457098;46.0;31.6
78;2021-07-03;3161;8620;669405;465718;46.2;32.1
78;2021-07-04;777;1742;670182;467460;46.3;32.3
78;2021-07-05;3388;9694;673570;477154;46.5;32.9
78;2021-07-06;3530;12043;677100;489197;46.7;33.8
78;2021-07-07;3773;11604;680873;500801;47.0;34.6
78;2021-07-08;3891;11679;684764;512480;47.3;35.4
78;2021-07-09;4809;12742;689573;525222;47.6;36.3
78;2021-07-10;2627;6612;692200;531834;47.8;36.7
78;2021-07-11;748;2047;692948;533881;47.8;36.9
78;2021-07-12;3037;11742;695985;545623;48.0;37.7
78;2021-07-13;5354;11977;701339;557600;48.4;38.5
78;2021-07-14;2534;4991;703873;562591;48.6;38.8
78;2021-07-15;5670;11956;709543;574547;49.0;39.7
78;2021-07-16;7290;10782;716833;585329;49.5;40.4
78;2021-07-17;4729;4891;721562;590220;49.8;40.7
78;2021-07-18;1124;468;722686;590688;49.9;40.8
78;2021-07-19;3843;10349;726529;601037;50.2;41.5
78;2021-07-20;5618;9925;732147;610962;50.5;42.2
78;2021-07-21;5906;9861;738053;620823;50.9;42.9
78;2021-07-22;5953;9291;744006;630114;51.4;43.5
78;2021-07-23;6240;9224;750246;639338;51.8;44.1
78;2021-07-24;2938;4964;753184;644302;52.0;44.5
78;2021-07-25;987;375;754171;644677;52.1;44.5
78;2021-07-26;4865;6987;759036;651664;52.4;45.0
78;2021-07-27;7601;6917;766637;658581;52.9;45.5
78;2021-07-28;6982;5931;773619;664512;53.4;45.9
78;2021-07-29;7908;6001;781527;670513;53.9;46.3
78;2021-07-30;7740;7043;789267;677556;54.5;46.8
78;2021-07-31;2652;2732;791919;680288;54.7;47.0
78;2021-08-01;108;72;792027;680360;54.7;47.0
78;2021-08-02;2403;2122;794430;682482;54.8;47.1
78;2021-08-03;4265;4251;798695;686733;55.1;47.4
78;2021-08-04;4463;2808;803158;689541;55.4;47.6
78;2021-08-05;3881;3170;807039;692711;55.7;47.8
78;2021-08-06;3980;3713;811019;696424;56.0;48.1
78;2021-08-07;2820;3441;813839;699865;56.2;48.3
78;2021-08-08;481;343;814320;700208;56.2;48.3
78;2021-08-09;1871;1660;816191;701868;56.3;48.5
78;2021-08-10;3399;3981;819590;705849;56.6;48.7
78;2021-08-11;2974;3380;822564;709229;56.8;49.0
78;2021-08-12;2737;3542;825301;712771;57.0;49.2
78;2021-08-13;2861;3181;828162;715952;57.2;49.4
78;2021-08-14;2299;3086;830461;719038;57.3;49.6
78;2021-08-15;278;377;830739;719415;57.3;49.7
78;2021-08-16;908;2337;831647;721752;57.4;49.8
78;2021-08-17;2789;4421;834436;726173;57.6;50.1
78;2021-08-18;2456;3815;836892;729988;57.8;50.4
78;2021-08-19;2231;3581;839123;733569;57.9;50.6
78;2021-08-20;2088;4000;841211;737569;58.1;50.9
78;2021-08-21;1882;3585;843093;741154;58.2;51.2
78;2021-08-22;85;147;843178;741301;58.2;51.2
78;2021-08-23;2144;4242;845322;745543;58.4;51.5
78;2021-08-24;3619;6970;848941;752513;58.6;51.9
78;2021-08-25;3283;6591;852224;759104;58.8;52.4
78;2021-08-26;2968;7229;855192;766333;59.0;52.9
78;2021-08-27;2847;7368;858039;773701;59.2;53.4
78;2021-08-28;2422;5268;860461;778969;59.4;53.8
78;2021-08-29;369;351;860830;779320;59.4;53.8
78;2021-08-30;2855;5069;863685;784389;59.6;54.1
78;2021-08-31;3446;5808;867131;790197;59.9;54.5
78;2021-09-01;2706;5264;869837;795461;60.0;54.9
78;2021-09-02;2086;4403;871923;799864;60.2;55.2
78;2021-09-03;2244;4713;874167;804577;60.3;55.5
78;2021-09-04;2472;4246;876639;808823;60.5;55.8
78;2021-09-05;289;383;876928;809206;60.5;55.9
78;2021-09-06;1279;2998;878207;812204;60.6;56.1
78;2021-09-07;1348;3500;879555;815704;60.7;56.3
78;2021-09-08;1678;3790;881233;819494;60.8;56.6
78;2021-09-09;1065;3301;882298;822795;60.9;56.8
78;2021-09-10;1361;3459;883659;826254;61.0;57.0
78;2021-09-11;2034;4138;885693;830392;61.1;57.3
78;2021-09-12;72;166;885765;830558;61.1;57.3
78;2021-09-13;766;2565;886531;833123;61.2;57.5
79;2020-12-27;0;0;0;0;0.0;0.0
79;2020-12-28;3;0;3;0;0.0;0.0
79;2020-12-29;0;0;3;0;0.0;0.0
79;2020-12-30;0;0;3;0;0.0;0.0
79;2020-12-31;0;0;3;0;0.0;0.0
79;2021-01-01;0;0;3;0;0.0;0.0
79;2021-01-02;0;0;3;0;0.0;0.0
79;2021-01-03;0;0;3;0;0.0;0.0
79;2021-01-04;1;0;4;0;0.0;0.0
79;2021-01-05;0;0;4;0;0.0;0.0
79;2021-01-06;0;0;4;0;0.0;0.0
79;2021-01-07;158;0;162;0;0.0;0.0
79;2021-01-08;165;0;327;0;0.1;0.0
79;2021-01-09;99;0;426;0;0.1;0.0
79;2021-01-10;3;0;429;0;0.1;0.0
79;2021-01-11;184;1;613;1;0.2;0.0
79;2021-01-12;245;1;858;2;0.2;0.0
79;2021-01-13;258;0;1116;2;0.3;0.0
79;2021-01-14;505;8;1621;10;0.4;0.0
79;2021-01-15;616;5;2237;15;0.6;0.0
79;2021-01-16;66;0;2303;15;0.6;0.0
79;2021-01-17;0;0;2303;15;0.6;0.0
79;2021-01-18;477;2;2780;17;0.7;0.0
79;2021-01-19;1361;1;4141;18;1.1;0.0
79;2021-01-20;1677;1;5818;19;1.6;0.0
79;2021-01-21;1998;7;7816;26;2.1;0.0
79;2021-01-22;874;4;8690;30;2.3;0.0
79;2021-01-23;65;0;8755;30;2.3;0.0
79;2021-01-24;0;0;8755;30;2.3;0.0
79;2021-01-25;646;7;9401;37;2.5;0.0
79;2021-01-26;594;13;9995;50;2.7;0.0
79;2021-01-27;740;82;10735;132;2.9;0.0
79;2021-01-28;733;148;11468;280;3.1;0.1
79;2021-01-29;492;84;11960;364;3.2;0.1
79;2021-01-30;0;0;11960;364;3.2;0.1
79;2021-01-31;0;0;11960;364;3.2;0.1
79;2021-02-01;207;107;12167;471;3.3;0.1
79;2021-02-02;335;73;12502;544;3.4;0.1
79;2021-02-03;390;56;12892;600;3.5;0.2
79;2021-02-04;325;107;13217;707;3.5;0.2
79;2021-02-05;360;274;13577;981;3.6;0.3
79;2021-02-06;4;0;13581;981;3.6;0.3
79;2021-02-07;22;0;13603;981;3.7;0.3
79;2021-02-08;283;163;13886;1144;3.7;0.3
79;2021-02-09;457;758;14343;1902;3.8;0.5
79;2021-02-10;619;1158;14962;3060;4.0;0.8
79;2021-02-11;777;1197;15739;4257;4.2;1.1
79;2021-02-12;467;720;16206;4977;4.3;1.3
79;2021-02-13;53;65;16259;5042;4.4;1.4
79;2021-02-14;0;0;16259;5042;4.4;1.4
79;2021-02-15;186;438;16445;5480;4.4;1.5
79;2021-02-16;333;668;16778;6148;4.5;1.6
79;2021-02-17;249;774;17027;6922;4.6;1.9
79;2021-02-18;353;868;17380;7790;4.7;2.1
79;2021-02-19;267;517;17647;8307;4.7;2.2
79;2021-02-20;4;18;17651;8325;4.7;2.2
79;2021-02-21;1;0;17652;8325;4.7;2.2
79;2021-02-22;136;406;17788;8731;4.8;2.3
79;2021-02-23;248;506;18036;9237;4.8;2.5
79;2021-02-24;245;467;18281;9704;4.9;2.6
79;2021-02-25;519;428;18800;10132;5.0;2.7
79;2021-02-26;599;354;19399;10486;5.2;2.8
79;2021-02-27;407;6;19806;10492;5.3;2.8
79;2021-02-28;35;0;19841;10492;5.3;2.8
79;2021-03-01;89;312;19930;10804;5.3;2.9
79;2021-03-02;302;466;20232;11270;5.4;3.0
79;2021-03-03;662;489;20894;11759;5.6;3.2
79;2021-03-04;904;529;21798;12288;5.8;3.3
79;2021-03-05;1217;424;23015;12712;6.2;3.4
79;2021-03-06;611;5;23626;12717;6.3;3.4
79;2021-03-07;77;1;23703;12718;6.4;3.4
79;2021-03-08;344;288;24047;13006;6.5;3.5
79;2021-03-09;841;323;24888;13329;6.7;3.6
79;2021-03-10;1146;382;26034;13711;7.0;3.7
79;2021-03-11;1640;314;27674;14025;7.4;3.8
79;2021-03-12;1721;111;29395;14136;7.9;3.8
79;2021-03-13;1136;13;30531;14149;8.2;3.8
79;2021-03-14;50;0;30581;14149;8.2;3.8
79;2021-03-15;497;157;31078;14306;8.3;3.8
79;2021-03-16;735;146;31813;14452;8.5;3.9
79;2021-03-17;578;107;32391;14559;8.7;3.9
79;2021-03-18;553;199;32944;14758;8.8;4.0
79;2021-03-19;662;258;33606;15016;9.0;4.0
79;2021-03-20;1007;14;34613;15030;9.3;4.0
79;2021-03-21;3;0;34616;15030;9.3;4.0
79;2021-03-22;957;205;35573;15235;9.5;4.1
79;2021-03-23;1595;170;37168;15405;10.0;4.1
79;2021-03-24;1832;163;39000;15568;10.5;4.2
79;2021-03-25;2499;189;41499;15757;11.1;4.2
79;2021-03-26;2406;137;43905;15894;11.8;4.3
79;2021-03-27;769;18;44674;15912;12.0;4.3
79;2021-03-28;1;0;44675;15912;12.0;4.3
79;2021-03-29;2148;115;46823;16027;12.6;4.3
79;2021-03-30;2817;64;49640;16091;13.3;4.3
79;2021-03-31;2777;380;52417;16471;14.1;4.4
79;2021-04-01;2697;382;55114;16853;14.8;4.5
79;2021-04-02;2823;394;57937;17247;15.5;4.6
79;2021-04-03;634;53;58571;17300;15.7;4.6
79;2021-04-04;3;0;58574;17300;15.7;4.6
79;2021-04-05;381;4;58955;17304;15.8;4.6
79;2021-04-06;1794;584;60749;17888;16.3;4.8
79;2021-04-07;3117;729;63866;18617;17.1;5.0
79;2021-04-08;2631;697;66497;19314;17.8;5.2
79;2021-04-09;3738;546;70235;19860;18.8;5.3
79;2021-04-10;1466;385;71701;20245;19.2;5.4
79;2021-04-11;4;0;71705;20245;19.2;5.4
79;2021-04-12;1753;353;73458;20598;19.7;5.5
79;2021-04-13;2174;751;75632;21349;20.3;5.7
79;2021-04-14;2480;677;78112;22026;21.0;5.9
79;2021-04-15;2215;666;80327;22692;21.6;6.1
79;2021-04-16;1414;442;81741;23134;21.9;6.2
79;2021-04-17;581;352;82322;23486;22.1;6.3
79;2021-04-18;1;14;82323;23500;22.1;6.3
79;2021-04-19;1088;839;83411;24339;22.4;6.5
79;2021-04-20;1507;1230;84918;25569;22.8;6.9
79;2021-04-21;1419;1439;86337;27008;23.2;7.2
79;2021-04-22;1572;1085;87909;28093;23.6;7.5
79;2021-04-23;1316;1187;89225;29280;23.9;7.9
79;2021-04-24;653;462;89878;29742;24.1;8.0
79;2021-04-25;1;0;89879;29742;24.1;8.0
79;2021-04-26;1343;1813;91222;31555;24.5;8.5
79;2021-04-27;1898;2345;93120;33900;25.0;9.1
79;2021-04-28;1457;2866;94577;36766;25.4;9.9
79;2021-04-29;2105;2250;96682;39016;25.9;10.5
79;2021-04-30;2114;2456;98796;41472;26.5;11.1
79;2021-05-01;521;378;99317;41850;26.7;11.2
79;2021-05-02;1;11;99318;41861;26.7;11.2
79;2021-05-03;1182;1292;100500;43153;27.0;11.6
79;2021-05-04;1733;2328;102233;45481;27.4;12.2
79;2021-05-05;1695;2481;103928;47962;27.9;12.9
79;2021-05-06;2328;2222;106256;50184;28.5;13.5
79;2021-05-07;2088;2797;108344;52981;29.1;14.2
79;2021-05-08;199;506;108543;53487;29.1;14.4
79;2021-05-09;0;0;108543;53487;29.1;14.4
79;2021-05-10;1584;1786;110127;55273;29.6;14.8
79;2021-05-11;2310;1651;112437;56924;30.2;15.3
79;2021-05-12;2001;2680;114438;59604;30.7;16.0
79;2021-05-13;640;289;115078;59893;30.9;16.1
79;2021-05-14;2100;673;117178;60566;31.4;16.3
79;2021-05-15;1399;498;118577;61064;31.8;16.4
79;2021-05-16;1;22;118578;61086;31.8;16.4
79;2021-05-17;1876;1086;120454;62172;32.3;16.7
79;2021-05-18;2971;1272;123425;63444;33.1;17.0
79;2021-05-19;2897;968;126322;64412;33.9;17.3
79;2021-05-20;3106;1244;129428;65656;34.7;17.6
79;2021-05-21;2768;1066;132196;66722;35.5;17.9
79;2021-05-22;1084;262;133280;66984;35.8;18.0
79;2021-05-23;1;0;133281;66984;35.8;18.0
79;2021-05-24;161;20;133442;67004;35.8;18.0
79;2021-05-25;3199;990;136641;67994;36.7;18.2
79;2021-05-26;3313;852;139954;68846;37.6;18.5
79;2021-05-27;3590;1718;143544;70564;38.5;18.9
79;2021-05-28;3330;1817;146874;72381;39.4;19.4
79;2021-05-29;1073;450;147947;72831;39.7;19.5
79;2021-05-30;3;1;147950;72832;39.7;19.5
79;2021-05-31;2382;732;150332;73564;40.3;19.7
79;2021-06-01;3021;1572;153353;75136;41.2;20.2
79;2021-06-02;4067;1165;157420;76301;42.2;20.5
79;2021-06-03;4090;1755;161510;78056;43.3;20.9
79;2021-06-04;4144;2032;165654;80088;44.5;21.5
79;2021-06-05;2802;758;168456;80846;45.2;21.7
79;2021-06-06;696;39;169152;80885;45.4;21.7
79;2021-06-07;2809;1412;171961;82297;46.1;22.1
79;2021-06-08;2983;2066;174944;84363;46.9;22.6
79;2021-06-09;3631;1934;178575;86297;47.9;23.2
79;2021-06-10;3020;1965;181595;88262;48.7;23.7
79;2021-06-11;3768;2315;185363;90577;49.7;24.3
79;2021-06-12;1707;611;187070;91188;50.2;24.5
79;2021-06-13;214;24;187284;91212;50.3;24.5
79;2021-06-14;1247;1691;188531;92903;50.6;24.9
79;2021-06-15;1881;2358;190412;95261;51.1;25.6
79;2021-06-16;2206;2247;192618;97508;51.7;26.2
79;2021-06-17;2238;2613;194856;100121;52.3;26.9
79;2021-06-18;2413;2317;197269;102438;52.9;27.5
79;2021-06-19;1246;579;198515;103017;53.3;27.6
79;2021-06-20;3;2;198518;103019;53.3;27.6
79;2021-06-21;1233;2282;199751;105301;53.6;28.3
79;2021-06-22;1548;2869;201299;108170;54.0;29.0
79;2021-06-23;1771;2549;203070;110719;54.5;29.7
79;2021-06-24;2107;2001;205177;112720;55.1;30.3
79;2021-06-25;1488;2838;206665;115558;55.5;31.0
79;2021-06-26;870;808;207535;116366;55.7;31.2
79;2021-06-27;13;6;207548;116372;55.7;31.2
79;2021-06-28;1056;2622;208604;118994;56.0;31.9
79;2021-06-29;1474;3551;210078;122545;56.4;32.9
79;2021-06-30;1355;3447;211433;125992;56.7;33.8
79;2021-07-01;1203;3785;212636;129777;57.1;34.8
79;2021-07-02;1489;3347;214125;133124;57.5;35.7
79;2021-07-03;399;1504;214524;134628;57.6;36.1
79;2021-07-04;2;9;214526;134637;57.6;36.1
79;2021-07-05;753;2119;215279;136756;57.8;36.7
79;2021-07-06;947;3662;216226;140418;58.0;37.7
79;2021-07-07;1333;4309;217559;144727;58.4;38.8
79;2021-07-08;1104;4043;218663;148770;58.7;39.9
79;2021-07-09;837;3718;219500;152488;58.9;40.9
79;2021-07-10;516;1316;220016;153804;59.0;41.3
79;2021-07-11;2;12;220018;153816;59.0;41.3
79;2021-07-12;545;3694;220563;157510;59.2;42.3
79;2021-07-13;999;5187;221562;162697;59.5;43.7
79;2021-07-14;134;874;221696;163571;59.5;43.9
79;2021-07-15;1234;4681;222930;168252;59.8;45.2
79;2021-07-16;1333;4363;224263;172615;60.2;46.3
79;2021-07-17;576;2425;224839;175040;60.3;47.0
79;2021-07-18;45;498;224884;175538;60.4;47.1
79;2021-07-19;736;3315;225620;178853;60.5;48.0
79;2021-07-20;1232;3947;226852;182800;60.9;49.1
79;2021-07-21;1179;4196;228031;186996;61.2;50.2
79;2021-07-22;1354;3972;229385;190968;61.6;51.2
79;2021-07-23;1350;4553;230735;195521;61.9;52.5
79;2021-07-24;865;1499;231600;197020;62.2;52.9
79;2021-07-25;55;326;231655;197346;62.2;53.0
79;2021-07-26;1374;2598;233029;199944;62.5;53.7
79;2021-07-27;2084;2996;235113;202940;63.1;54.5
79;2021-07-28;2498;2492;237611;205432;63.8;55.1
79;2021-07-29;3009;2862;240620;208294;64.6;55.9
79;2021-07-30;2138;2818;242758;211112;65.1;56.7
79;2021-07-31;888;1157;243646;212269;65.4;57.0
79;2021-08-01;5;3;243651;212272;65.4;57.0
79;2021-08-02;1796;1545;245447;213817;65.9;57.4
79;2021-08-03;2821;2051;248268;215868;66.6;57.9
79;2021-08-04;2987;1744;251255;217612;67.4;58.4
79;2021-08-05;2901;2213;254156;219825;68.2;59.0
79;2021-08-06;2529;1636;256685;221461;68.9;59.4
79;2021-08-07;872;812;257557;222273;69.1;59.7
79;2021-08-08;4;3;257561;222276;69.1;59.7
79;2021-08-09;2493;1085;260054;223361;69.8;59.9
79;2021-08-10;2976;1545;263030;224906;70.6;60.4
79;2021-08-11;2580;1660;265610;226566;71.3;60.8
79;2021-08-12;2766;1425;268376;227991;72.0;61.2
79;2021-08-13;2872;1060;271248;229051;72.8;61.5
79;2021-08-14;518;391;271766;229442;72.9;61.6
79;2021-08-15;7;5;271773;229447;72.9;61.6
79;2021-08-16;1762;1195;273535;230642;73.4;61.9
79;2021-08-17;2101;1590;275636;232232;74.0;62.3
79;2021-08-18;1918;1914;277554;234146;74.5;62.8
79;2021-08-19;1616;1708;279170;235854;74.9;63.3
79;2021-08-20;1509;2159;280679;238013;75.3;63.9
79;2021-08-21;240;543;280919;238556;75.4;64.0
79;2021-08-22;1;21;280920;238577;75.4;64.0
79;2021-08-23;861;2174;281781;240751;75.6;64.6
79;2021-08-24;1065;2483;282846;243234;75.9;65.3
79;2021-08-25;1044;2760;283890;245994;76.2;66.0
79;2021-08-26;1015;2329;284905;248323;76.5;66.6
79;2021-08-27;610;2057;285515;250380;76.6;67.2
79;2021-08-28;295;839;285810;251219;76.7;67.4
79;2021-08-29;7;5;285817;251224;76.7;67.4
79;2021-08-30;553;2366;286370;253590;76.9;68.1
79;2021-08-31;633;2537;287003;256127;77.0;68.7
79;2021-09-01;647;2692;287650;258819;77.2;69.5
79;2021-09-02;755;2511;288405;261330;77.4;70.1
79;2021-09-03;632;2793;289037;264123;77.6;70.9
79;2021-09-04;266;722;289303;264845;77.6;71.1
79;2021-09-05;12;24;289315;264869;77.6;71.1
79;2021-09-06;329;1900;289644;266769;77.7;71.6
79;2021-09-07;342;2139;289986;268908;77.8;72.2
79;2021-09-08;538;2235;290524;271143;78.0;72.8
79;2021-09-09;315;1761;290839;272904;78.1;73.2
79;2021-09-10;416;2282;291255;275186;78.2;73.9
79;2021-09-11;153;868;291408;276054;78.2;74.1
79;2021-09-12;0;0;291408;276054;78.2;74.1
79;2021-09-13;359;1291;291767;277345;78.3;74.4
80;2020-12-27;0;0;0;0;0.0;0.0
80;2020-12-28;0;0;0;0;0.0;0.0
80;2020-12-29;11;0;11;0;0.0;0.0
80;2020-12-30;0;0;11;0;0.0;0.0
80;2020-12-31;0;0;11;0;0.0;0.0
80;2021-01-01;0;0;11;0;0.0;0.0
80;2021-01-02;0;0;11;0;0.0;0.0
80;2021-01-03;1;0;12;0;0.0;0.0
80;2021-01-04;0;0;12;0;0.0;0.0
80;2021-01-05;0;0;12;0;0.0;0.0
80;2021-01-06;30;0;42;0;0.0;0.0
80;2021-01-07;276;2;318;2;0.1;0.0
80;2021-01-08;330;0;648;2;0.1;0.0
80;2021-01-09;108;0;756;2;0.1;0.0
80;2021-01-10;21;0;777;2;0.1;0.0
80;2021-01-11;276;0;1053;2;0.2;0.0
80;2021-01-12;428;1;1481;3;0.3;0.0
80;2021-01-13;514;4;1995;7;0.4;0.0
80;2021-01-14;453;4;2448;11;0.4;0.0
80;2021-01-15;331;1;2779;12;0.5;0.0
80;2021-01-16;103;1;2882;13;0.5;0.0
80;2021-01-17;102;1;2984;14;0.5;0.0
80;2021-01-18;412;2;3396;16;0.6;0.0
80;2021-01-19;962;15;4358;31;0.8;0.0
80;2021-01-20;1086;10;5444;41;1.0;0.0
80;2021-01-21;1011;9;6455;50;1.1;0.0
80;2021-01-22;1114;3;7569;53;1.3;0.0
80;2021-01-23;907;3;8476;56;1.5;0.0
80;2021-01-24;824;5;9300;61;1.6;0.0
80;2021-01-25;1543;10;10843;71;1.9;0.0
80;2021-01-26;1480;11;12323;82;2.2;0.0
80;2021-01-27;822;22;13145;104;2.3;0.0
80;2021-01-28;623;157;13768;261;2.4;0.0
80;2021-01-29;637;190;14405;451;2.5;0.1
80;2021-01-30;87;54;14492;505;2.5;0.1
80;2021-01-31;0;0;14492;505;2.5;0.1
80;2021-02-01;26;231;14518;736;2.5;0.1
80;2021-02-02;21;408;14539;1144;2.6;0.2
80;2021-02-03;29;484;14568;1628;2.6;0.3
80;2021-02-04;278;310;14846;1938;2.6;0.3
80;2021-02-05;347;198;15193;2136;2.7;0.4
80;2021-02-06;168;56;15361;2192;2.7;0.4
80;2021-02-07;1;0;15362;2192;2.7;0.4
80;2021-02-08;426;206;15788;2398;2.8;0.4
80;2021-02-09;686;229;16474;2627;2.9;0.5
80;2021-02-10;606;430;17080;3057;3.0;0.5
80;2021-02-11;862;302;17942;3359;3.1;0.6
80;2021-02-12;945;287;18887;3646;3.3;0.6
80;2021-02-13;197;388;19084;4034;3.3;0.7
80;2021-02-14;78;522;19162;4556;3.4;0.8
80;2021-02-15;606;955;19768;5511;3.5;1.0
80;2021-02-16;688;987;20456;6498;3.6;1.1
80;2021-02-17;485;1005;20941;7503;3.7;1.3
80;2021-02-18;569;908;21510;8411;3.8;1.5
80;2021-02-19;503;689;22013;9100;3.9;1.6
80;2021-02-20;22;372;22035;9472;3.9;1.7
80;2021-02-21;47;40;22082;9512;3.9;1.7
80;2021-02-22;148;476;22230;9988;3.9;1.8
80;2021-02-23;471;578;22701;10566;4.0;1.9
80;2021-02-24;431;540;23132;11106;4.1;1.9
80;2021-02-25;815;423;23947;11529;4.2;2.0
80;2021-02-26;1063;420;25010;11949;4.4;2.1
80;2021-02-27;475;54;25485;12003;4.5;2.1
80;2021-02-28;49;22;25534;12025;4.5;2.1
80;2021-03-01;729;62;26263;12087;4.6;2.1
80;2021-03-02;1013;89;27276;12176;4.8;2.1
80;2021-03-03;982;51;28258;12227;5.0;2.1
80;2021-03-04;1391;209;29649;12436;5.2;2.2
80;2021-03-05;1874;309;31523;12745;5.5;2.2
80;2021-03-06;2918;330;34441;13075;6.0;2.3
80;2021-03-07;1842;76;36283;13151;6.4;2.3
80;2021-03-08;715;555;36998;13706;6.5;2.4
80;2021-03-09;1310;814;38308;14520;6.7;2.5
80;2021-03-10;1724;708;40032;15228;7.0;2.7
80;2021-03-11;1910;772;41942;16000;7.4;2.8
80;2021-03-12;3138;714;45080;16714;7.9;2.9
80;2021-03-13;4008;205;49088;16919;8.6;3.0
80;2021-03-14;350;13;49438;16932;8.7;3.0
80;2021-03-15;1014;242;50452;17174;8.9;3.0
80;2021-03-16;882;334;51334;17508;9.0;3.1
80;2021-03-17;665;272;51999;17780;9.1;3.1
80;2021-03-18;1002;290;53001;18070;9.3;3.2
80;2021-03-19;1739;370;54740;18440;9.6;3.2
80;2021-03-20;3822;117;58562;18557;10.3;3.3
80;2021-03-21;486;31;59048;18588;10.4;3.3
80;2021-03-22;903;287;59951;18875;10.5;3.3
80;2021-03-23;1713;413;61664;19288;10.8;3.4
80;2021-03-24;1755;465;63419;19753;11.1;3.5
80;2021-03-25;2715;443;66134;20196;11.6;3.5
80;2021-03-26;3105;404;69239;20600;12.2;3.6
80;2021-03-27;2237;226;71476;20826;12.5;3.7
80;2021-03-28;676;93;72152;20919;12.7;3.7
80;2021-03-29;1979;741;74131;21660;13.0;3.8
80;2021-03-30;1969;862;76100;22522;13.4;4.0
80;2021-03-31;1495;981;77595;23503;13.6;4.1
80;2021-04-01;1951;1482;79546;24985;14.0;4.4
80;2021-04-02;2811;1552;82357;26537;14.5;4.7
80;2021-04-03;3046;851;85403;27388;15.0;4.8
80;2021-04-04;134;8;85537;27396;15.0;4.8
80;2021-04-05;684;195;86221;27591;15.1;4.8
80;2021-04-06;1280;958;87501;28549;15.4;5.0
80;2021-04-07;1624;1193;89125;29742;15.6;5.2
80;2021-04-08;2154;840;91279;30582;16.0;5.4
80;2021-04-09;3530;1350;94809;31932;16.6;5.6
80;2021-04-10;2737;1946;97546;33878;17.1;5.9
80;2021-04-11;189;176;97735;34054;17.2;6.0
80;2021-04-12;1815;484;99550;34538;17.5;6.1
80;2021-04-13;2385;1030;101935;35568;17.9;6.2
80;2021-04-14;2770;1163;104705;36731;18.4;6.4
80;2021-04-15;3731;877;108436;37608;19.0;6.6
80;2021-04-16;3337;871;111773;38479;19.6;6.8
80;2021-04-17;1653;2294;113426;40773;19.9;7.2
80;2021-04-18;372;390;113798;41163;20.0;7.2
80;2021-04-19;951;772;114749;41935;20.1;7.4
80;2021-04-20;1612;819;116361;42754;20.4;7.5
80;2021-04-21;1612;995;117973;43749;20.7;7.7
80;2021-04-22;2167;1251;120140;45000;21.1;7.9
80;2021-04-23;2639;1244;122779;46244;21.5;8.1
80;2021-04-24;1356;1189;124135;47433;21.8;8.3
80;2021-04-25;209;531;124344;47964;21.8;8.4
80;2021-04-26;1295;1438;125639;49402;22.1;8.7
80;2021-04-27;2024;1396;127663;50798;22.4;8.9
80;2021-04-28;2199;1379;129862;52177;22.8;9.2
80;2021-04-29;3219;1866;133081;54043;23.4;9.5
80;2021-04-30;3081;2841;136162;56884;23.9;10.0
80;2021-05-01;987;658;137149;57542;24.1;10.1
80;2021-05-02;371;53;137520;57595;24.1;10.1
80;2021-05-03;2721;1185;140241;58780;24.6;10.3
80;2021-05-04;2495;1697;142736;60477;25.1;10.6
80;2021-05-05;3365;1894;146101;62371;25.6;10.9
80;2021-05-06;3172;2551;149273;64922;26.2;11.4
80;2021-05-07;3454;2686;152727;67608;26.8;11.9
80;2021-05-08;2782;924;155509;68532;27.3;12.0
80;2021-05-09;1407;268;156916;68800;27.5;12.1
80;2021-05-10;1880;1830;158796;70630;27.9;12.4
80;2021-05-11;3276;1795;162072;72425;28.4;12.7
80;2021-05-12;4703;1575;166775;74000;29.3;13.0
80;2021-05-13;3836;367;170611;74367;29.9;13.1
80;2021-05-14;5189;1394;175800;75761;30.9;13.3
80;2021-05-15;5918;1053;181718;76814;31.9;13.5
80;2021-05-16;2678;307;184396;77121;32.4;13.5
80;2021-05-17;2372;818;186768;77939;32.8;13.7
80;2021-05-18;3949;851;190717;78790;33.5;13.8
80;2021-05-19;4021;941;194738;79731;34.2;14.0
80;2021-05-20;4569;1214;199307;80945;35.0;14.2
80;2021-05-21;4892;1650;204199;82595;35.8;14.5
80;2021-05-22;5031;1156;209230;83751;36.7;14.7
80;2021-05-23;1783;237;211013;83988;37.0;14.7
80;2021-05-24;1469;159;212482;84147;37.3;14.8
80;2021-05-25;2622;1135;215104;85282;37.8;15.0
80;2021-05-26;4251;1702;219355;86984;38.5;15.3
80;2021-05-27;3977;2467;223332;89451;39.2;15.7
80;2021-05-28;3866;2970;227198;92421;39.9;16.2
80;2021-05-29;3699;1628;230897;94049;40.5;16.5
80;2021-05-30;1182;198;232079;94247;40.7;16.5
80;2021-05-31;2605;1371;234684;95618;41.2;16.8
80;2021-06-01;4033;2434;238717;98052;41.9;17.2
80;2021-06-02;3335;2004;242052;100056;42.5;17.6
80;2021-06-03;4268;2924;246320;102980;43.2;18.1
80;2021-06-04;4796;3083;251116;106063;44.1;18.6
80;2021-06-05;3561;2068;254677;108131;44.7;19.0
80;2021-06-06;802;211;255479;108342;44.8;19.0
80;2021-06-07;1753;1945;257232;110287;45.1;19.4
80;2021-06-08;2747;2551;259979;112838;45.6;19.8
80;2021-06-09;3010;2733;262989;115571;46.2;20.3
80;2021-06-10;3168;3167;266157;118738;46.7;20.8
80;2021-06-11;3223;3890;269380;122628;47.3;21.5
80;2021-06-12;3043;2325;272423;124953;47.8;21.9
80;2021-06-13;473;404;272896;125357;47.9;22.0
80;2021-06-14;1265;2851;274161;128208;48.1;22.5
80;2021-06-15;2315;3419;276476;131627;48.5;23.1
80;2021-06-16;1564;4213;278040;135840;48.8;23.8
80;2021-06-17;2361;3623;280401;139463;49.2;24.5
80;2021-06-18;2555;3900;282956;143363;49.7;25.2
80;2021-06-19;2989;4341;285945;147704;50.2;25.9
80;2021-06-20;203;1077;286148;148781;50.2;26.1
80;2021-06-21;1017;2619;287165;151400;50.4;26.6
80;2021-06-22;1153;3933;288318;155333;50.6;27.3
80;2021-06-23;1855;5290;290173;160623;50.9;28.2
80;2021-06-24;1701;4683;291874;165306;51.2;29.0
80;2021-06-25;1376;6122;293250;171428;51.5;30.1
80;2021-06-26;1936;6183;295186;177611;51.8;31.2
80;2021-06-27;333;2031;295519;179642;51.9;31.5
80;2021-06-28;909;3168;296428;182810;52.0;32.1
80;2021-06-29;1923;4619;298351;187429;52.4;32.9
80;2021-06-30;1252;4785;299603;192214;52.6;33.7
80;2021-07-01;1629;5000;301232;197214;52.9;34.6
80;2021-07-02;1879;5988;303111;203202;53.2;35.7
80;2021-07-03;1331;5267;304442;208469;53.4;36.6
80;2021-07-04;692;1471;305134;209940;53.6;36.8
80;2021-07-05;908;2964;306042;212904;53.7;37.4
80;2021-07-06;1873;3988;307915;216892;54.0;38.1
80;2021-07-07;1577;4506;309492;221398;54.3;38.9
80;2021-07-08;2098;5003;311590;226401;54.7;39.7
80;2021-07-09;2619;5470;314209;231871;55.1;40.7
80;2021-07-10;1635;4017;315844;235888;55.4;41.4
80;2021-07-11;406;805;316250;236693;55.5;41.5
80;2021-07-12;882;3379;317132;240072;55.7;42.1
80;2021-07-13;2102;5084;319234;245156;56.0;43.0
80;2021-07-14;2803;1748;322037;246904;56.5;43.3
80;2021-07-15;2808;5296;324845;252200;57.0;44.3
80;2021-07-16;3896;5890;328741;258090;57.7;45.3
80;2021-07-17;3384;4463;332125;262553;58.3;46.1
80;2021-07-18;875;896;333000;263449;58.4;46.2
80;2021-07-19;2163;2884;335163;266333;58.8;46.7
80;2021-07-20;3331;4903;338494;271236;59.4;47.6
80;2021-07-21;3510;4494;342004;275730;60.0;48.4
80;2021-07-22;4373;4572;346377;280302;60.8;49.2
80;2021-07-23;5408;4825;351785;285127;61.7;50.0
80;2021-07-24;4378;4344;356163;289471;62.5;50.8
80;2021-07-25;1186;650;357349;290121;62.7;50.9
80;2021-07-26;2682;2339;360031;292460;63.2;51.3
80;2021-07-27;4372;3706;364403;296166;64.0;52.0
80;2021-07-28;5102;2803;369505;298969;64.9;52.5
80;2021-07-29;4993;3230;374498;302199;65.7;53.0
80;2021-07-30;5028;3639;379526;305838;66.6;53.7
80;2021-07-31;4156;2929;383682;308767;67.3;54.2
80;2021-08-01;1289;362;384971;309129;67.6;54.3
80;2021-08-02;2059;1756;387030;310885;67.9;54.6
80;2021-08-03;3720;2362;390750;313247;68.6;55.0
80;2021-08-04;3368;2490;394118;315737;69.2;55.4
80;2021-08-05;3134;2572;397252;318309;69.7;55.9
80;2021-08-06;3248;2903;400500;321212;70.3;56.4
80;2021-08-07;2422;2665;402922;323877;70.7;56.8
80;2021-08-08;618;723;403540;324600;70.8;57.0
80;2021-08-09;1382;2121;404922;326721;71.1;57.3
80;2021-08-10;2351;2849;407273;329570;71.5;57.8
80;2021-08-11;1942;2481;409215;332051;71.8;58.3
80;2021-08-12;2237;2676;411452;334727;72.2;58.7
80;2021-08-13;1884;3153;413336;337880;72.5;59.3
80;2021-08-14;1411;2144;414747;340024;72.8;59.7
80;2021-08-15;318;673;415065;340697;72.8;59.8
80;2021-08-16;896;2514;415961;343211;73.0;60.2
80;2021-08-17;1709;3552;417670;346763;73.3;60.9
80;2021-08-18;1237;3713;418907;350476;73.5;61.5
80;2021-08-19;1563;3820;420470;354296;73.8;62.2
80;2021-08-20;1259;4433;421729;358729;74.0;63.0
80;2021-08-21;1075;2685;422804;361414;74.2;63.4
80;2021-08-22;145;680;422949;362094;74.2;63.6
80;2021-08-23;581;2997;423530;365091;74.3;64.1
80;2021-08-24;1091;4367;424621;369458;74.5;64.8
80;2021-08-25;970;3672;425591;373130;74.7;65.5
80;2021-08-26;955;3817;426546;376947;74.9;66.2
80;2021-08-27;1014;4455;427560;381402;75.0;66.9
80;2021-08-28;716;3348;428276;384750;75.2;67.5
80;2021-08-29;197;555;428473;385305;75.2;67.6
80;2021-08-30;499;2306;428972;387611;75.3;68.0
80;2021-08-31;748;3182;429720;390793;75.4;68.6
80;2021-09-01;674;2480;430394;393273;75.5;69.0
80;2021-09-02;525;2275;430919;395548;75.6;69.4
80;2021-09-03;758;3115;431677;398663;75.8;70.0
80;2021-09-04;951;2750;432628;401413;75.9;70.5
80;2021-09-05;165;374;432793;401787;76.0;70.5
80;2021-09-06;421;1557;433214;403344;76.0;70.8
80;2021-09-07;488;1839;433702;405183;76.1;71.1
80;2021-09-08;491;1872;434193;407055;76.2;71.4
80;2021-09-09;525;1765;434718;408820;76.3;71.8
80;2021-09-10;610;2061;435328;410881;76.4;72.1
80;2021-09-11;519;2114;435847;412995;76.5;72.5
80;2021-09-12;77;327;435924;413322;76.5;72.5
80;2021-09-13;310;1089;436234;414411;76.6;72.7
81;2020-12-27;0;0;0;0;0.0;0.0
81;2020-12-28;0;0;0;0;0.0;0.0
81;2020-12-29;0;0;0;0;0.0;0.0
81;2020-12-30;0;0;0;0;0.0;0.0
81;2020-12-31;0;0;0;0;0.0;0.0
81;2021-01-01;0;0;0;0;0.0;0.0
81;2021-01-02;0;0;0;0;0.0;0.0
81;2021-01-03;0;0;0;0;0.0;0.0
81;2021-01-04;1;0;1;0;0.0;0.0
81;2021-01-05;0;0;1;0;0.0;0.0
81;2021-01-06;5;0;6;0;0.0;0.0
81;2021-01-07;266;0;272;0;0.1;0.0
81;2021-01-08;312;1;584;1;0.2;0.0
81;2021-01-09;74;1;658;2;0.2;0.0
81;2021-01-10;1;0;659;2;0.2;0.0
81;2021-01-11;133;0;792;2;0.2;0.0
81;2021-01-12;167;0;959;2;0.2;0.0
81;2021-01-13;233;1;1192;3;0.3;0.0
81;2021-01-14;963;6;2155;9;0.6;0.0
81;2021-01-15;524;3;2679;12;0.7;0.0
81;2021-01-16;72;0;2751;12;0.7;0.0
81;2021-01-17;0;0;2751;12;0.7;0.0
81;2021-01-18;581;2;3332;14;0.9;0.0
81;2021-01-19;662;4;3994;18;1.0;0.0
81;2021-01-20;752;2;4746;20;1.2;0.0
81;2021-01-21;1186;4;5932;24;1.5;0.0
81;2021-01-22;856;2;6788;26;1.7;0.0
81;2021-01-23;221;2;7009;28;1.8;0.0
81;2021-01-24;102;0;7111;28;1.8;0.0
81;2021-01-25;568;3;7679;31;2.0;0.0
81;2021-01-26;634;3;8313;34;2.1;0.0
81;2021-01-27;551;1;8864;35;2.3;0.0
81;2021-01-28;700;204;9564;239;2.5;0.1
81;2021-01-29;303;171;9867;410;2.5;0.1
81;2021-01-30;204;34;10071;444;2.6;0.1
81;2021-01-31;104;0;10175;444;2.6;0.1
81;2021-02-01;320;110;10495;554;2.7;0.1
81;2021-02-02;445;122;10940;676;2.8;0.2
81;2021-02-03;476;204;11416;880;2.9;0.2
81;2021-02-04;1449;641;12865;1521;3.3;0.4
81;2021-02-05;870;303;13735;1824;3.5;0.5
81;2021-02-06;274;18;14009;1842;3.6;0.5
81;2021-02-07;103;0;14112;1842;3.6;0.5
81;2021-02-08;275;198;14387;2040;3.7;0.5
81;2021-02-09;419;191;14806;2231;3.8;0.6
81;2021-02-10;371;265;15177;2496;3.9;0.6
81;2021-02-11;651;373;15828;2869;4.1;0.7
81;2021-02-12;579;518;16407;3387;4.2;0.9
81;2021-02-13;188;109;16595;3496;4.3;0.9
81;2021-02-14;100;1;16695;3497;4.3;0.9
81;2021-02-15;234;345;16929;3842;4.4;1.0
81;2021-02-16;281;482;17210;4324;4.4;1.1
81;2021-02-17;242;402;17452;4726;4.5;1.2
81;2021-02-18;482;580;17934;5306;4.6;1.4
81;2021-02-19;570;322;18504;5628;4.8;1.5
81;2021-02-20;322;222;18826;5850;4.9;1.5
81;2021-02-21;23;70;18849;5920;4.9;1.5
81;2021-02-22;232;437;19081;6357;4.9;1.6
81;2021-02-23;168;499;19249;6856;5.0;1.8
81;2021-02-24;291;523;19540;7379;5.0;1.9
81;2021-02-25;716;937;20256;8316;5.2;2.1
81;2021-02-26;909;853;21165;9169;5.5;2.4
81;2021-02-27;275;222;21440;9391;5.5;2.4
81;2021-02-28;21;66;21461;9457;5.5;2.4
81;2021-03-01;208;359;21669;9816;5.6;2.5
81;2021-03-02;364;475;22033;10291;5.7;2.7
81;2021-03-03;462;377;22495;10668;5.8;2.8
81;2021-03-04;1061;421;23556;11089;6.1;2.9
81;2021-03-05;1407;359;24963;11448;6.4;3.0
81;2021-03-06;982;157;25945;11605;6.7;3.0
81;2021-03-07;154;94;26099;11699;6.7;3.0
81;2021-03-08;466;323;26565;12022;6.8;3.1
81;2021-03-09;814;347;27379;12369;7.1;3.2
81;2021-03-10;899;367;28278;12736;7.3;3.3
81;2021-03-11;1352;335;29630;13071;7.6;3.4
81;2021-03-12;1690;299;31320;13370;8.1;3.4
81;2021-03-13;1030;175;32350;13545;8.3;3.5
81;2021-03-14;66;82;32416;13627;8.4;3.5
81;2021-03-15;1093;221;33509;13848;8.6;3.6
81;2021-03-16;724;216;34233;14064;8.8;3.6
81;2021-03-17;893;277;35126;14341;9.1;3.7
81;2021-03-18;970;574;36096;14915;9.3;3.8
81;2021-03-19;1271;456;37367;15371;9.6;4.0
81;2021-03-20;677;285;38044;15656;9.8;4.0
81;2021-03-21;139;22;38183;15678;9.8;4.0
81;2021-03-22;933;270;39116;15948;10.1;4.1
81;2021-03-23;1421;219;40537;16167;10.5;4.2
81;2021-03-24;1606;264;42143;16431;10.9;4.2
81;2021-03-25;2028;322;44171;16753;11.4;4.3
81;2021-03-26;2101;284;46272;17037;11.9;4.4
81;2021-03-27;1092;37;47364;17074;12.2;4.4
81;2021-03-28;734;37;48098;17111;12.4;4.4
81;2021-03-29;2867;188;50965;17299;13.1;4.5
81;2021-03-30;3055;210;54020;17509;13.9;4.5
81;2021-03-31;2691;300;56711;17809;14.6;4.6
81;2021-04-01;3314;565;60025;18374;15.5;4.7
81;2021-04-02;2615;369;62640;18743;16.1;4.8
81;2021-04-03;1147;304;63787;19047;16.4;4.9
81;2021-04-04;1403;24;65190;19071;16.8;4.9
81;2021-04-05;719;21;65909;19092;17.0;4.9
81;2021-04-06;1599;513;67508;19605;17.4;5.1
81;2021-04-07;1817;583;69325;20188;17.9;5.2
81;2021-04-08;2619;820;71944;21008;18.5;5.4
81;2021-04-09;3052;476;74996;21484;19.3;5.5
81;2021-04-10;1476;516;76472;22000;19.7;5.7
81;2021-04-11;1298;70;77770;22070;20.0;5.7
81;2021-04-12;1220;684;78990;22754;20.4;5.9
81;2021-04-13;2529;790;81519;23544;21.0;6.1
81;2021-04-14;2506;833;84025;24377;21.7;6.3
81;2021-04-15;3098;1200;87123;25577;22.5;6.6
81;2021-04-16;2822;1090;89945;26667;23.2;6.9
81;2021-04-17;1145;295;91090;26962;23.5;7.0
81;2021-04-18;519;145;91609;27107;23.6;7.0
81;2021-04-19;913;819;92522;27926;23.9;7.2
81;2021-04-20;2270;1168;94792;29094;24.4;7.5
81;2021-04-21;2224;1006;97016;30100;25.0;7.8
81;2021-04-22;2817;1060;99833;31160;25.7;8.0
81;2021-04-23;2886;969;102719;32129;26.5;8.3
81;2021-04-24;1327;742;104046;32871;26.8;8.5
81;2021-04-25;454;715;104500;33586;26.9;8.7
81;2021-04-26;1061;2421;105561;36007;27.2;9.3
81;2021-04-27;1597;2348;107158;38355;27.6;9.9
81;2021-04-28;1427;2394;108585;40749;28.0;10.5
81;2021-04-29;1818;2740;110403;43489;28.5;11.2
81;2021-04-30;2014;2348;112417;45837;29.0;11.8
81;2021-05-01;362;685;112779;46522;29.1;12.0
81;2021-05-02;291;1376;113070;47898;29.1;12.3
81;2021-05-03;1115;1168;114185;49066;29.4;12.6
81;2021-05-04;2619;1907;116804;50973;30.1;13.1
81;2021-05-05;2016;1930;118820;52903;30.6;13.6
81;2021-05-06;2748;3454;121568;56357;31.3;14.5
81;2021-05-07;2128;2880;123696;59237;31.9;15.3
81;2021-05-08;963;878;124659;60115;32.1;15.5
81;2021-05-09;535;1352;125194;61467;32.3;15.8
81;2021-05-10;825;1599;126019;63066;32.5;16.3
81;2021-05-11;1661;2572;127680;65638;32.9;16.9
81;2021-05-12;1640;2462;129320;68100;33.3;17.6
81;2021-05-13;1216;564;130536;68664;33.7;17.7
81;2021-05-14;1890;1723;132426;70387;34.1;18.1
81;2021-05-15;1511;618;133937;71005;34.5;18.3
81;2021-05-16;1368;417;135305;71422;34.9;18.4
81;2021-05-17;1167;864;136472;72286;35.2;18.6
81;2021-05-18;1702;1422;138174;73708;35.6;19.0
81;2021-05-19;2643;1245;140817;74953;36.3;19.3
81;2021-05-20;2968;1351;143785;76304;37.1;19.7
81;2021-05-21;2740;1115;146525;77419;37.8;20.0
81;2021-05-22;2815;518;149340;77937;38.5;20.1
81;2021-05-23;1178;74;150518;78011;38.8;20.1
81;2021-05-24;837;82;151355;78093;39.0;20.1
81;2021-05-25;2493;1103;153848;79196;39.7;20.4
81;2021-05-26;1892;801;155740;79997;40.1;20.6
81;2021-05-27;2556;1543;158296;81540;40.8;21.0
81;2021-05-28;2566;1661;160862;83201;41.5;21.4
81;2021-05-29;1400;542;162262;83743;41.8;21.6
81;2021-05-30;935;219;163197;83962;42.1;21.6
81;2021-05-31;1183;1336;164380;85298;42.4;22.0
81;2021-06-01;1781;2695;166161;87993;42.8;22.7
81;2021-06-02;2006;2445;168167;90438;43.4;23.3
81;2021-06-03;2004;2530;170171;92968;43.9;24.0
81;2021-06-04;1844;2942;172015;95910;44.3;24.7
81;2021-06-05;1758;1307;173773;97217;44.8;25.1
81;2021-06-06;370;366;174143;97583;44.9;25.2
81;2021-06-07;1209;1540;175352;99123;45.2;25.6
81;2021-06-08;2371;2384;177723;101507;45.8;26.2
81;2021-06-09;2440;1867;180163;103374;46.4;26.6
81;2021-06-10;1279;1560;181442;104934;46.8;27.1
81;2021-06-11;2658;2198;184100;107132;47.5;27.6
81;2021-06-12;1659;1037;185759;108169;47.9;27.9
81;2021-06-13;444;475;186203;108644;48.0;28.0
81;2021-06-14;772;1416;186975;110060;48.2;28.4
81;2021-06-15;1678;3500;188653;113560;48.6;29.3
81;2021-06-16;1269;3013;189922;116573;49.0;30.1
81;2021-06-17;1344;2525;191266;119098;49.3;30.7
81;2021-06-18;1837;2770;193103;121868;49.8;31.4
81;2021-06-19;825;950;193928;122818;50.0;31.7
81;2021-06-20;405;536;194333;123354;50.1;31.8
81;2021-06-21;426;1038;194759;124392;50.2;32.1
81;2021-06-22;1061;2568;195820;126960;50.5;32.7
81;2021-06-23;1142;2158;196962;129118;50.8;33.3
81;2021-06-24;1115;1937;198077;131055;51.1;33.8
81;2021-06-25;1239;2865;199316;133920;51.4;34.5
81;2021-06-26;722;1712;200038;135632;51.6;35.0
81;2021-06-27;526;1646;200564;137278;51.7;35.4
81;2021-06-28;476;1540;201040;138818;51.8;35.8
81;2021-06-29;1083;2637;202123;141455;52.1;36.5
81;2021-06-30;1042;3153;203165;144608;52.4;37.3
81;2021-07-01;951;2628;204116;147236;52.6;38.0
81;2021-07-02;1070;2860;205186;150096;52.9;38.7
81;2021-07-03;732;2829;205918;152925;53.1;39.4
81;2021-07-04;268;1010;206186;153935;53.2;39.7
81;2021-07-05;703;1624;206889;155559;53.3;40.1
81;2021-07-06;975;3177;207864;158736;53.6;40.9
81;2021-07-07;1059;2436;208923;161172;53.9;41.6
81;2021-07-08;1030;2233;209953;163405;54.1;42.1
81;2021-07-09;1147;2702;211100;166107;54.4;42.8
81;2021-07-10;807;1523;211907;167630;54.6;43.2
81;2021-07-11;436;1012;212343;168642;54.7;43.5
81;2021-07-12;737;1726;213080;170368;54.9;43.9
81;2021-07-13;2066;3144;215146;173512;55.5;44.7
81;2021-07-14;1443;1572;216589;175084;55.8;45.1
81;2021-07-15;2546;2761;219135;177845;56.5;45.8
81;2021-07-16;2035;3030;221170;180875;57.0;46.6
81;2021-07-17;1219;2452;222389;183327;57.3;47.3
81;2021-07-18;672;1130;223061;184457;57.5;47.6
81;2021-07-19;1256;1734;224317;186191;57.8;48.0
81;2021-07-20;3066;2807;227383;188998;58.6;48.7
81;2021-07-21;3492;2346;230875;191344;59.5;49.3
81;2021-07-22;3561;2096;234436;193440;60.4;49.9
81;2021-07-23;3174;3248;237610;196688;61.3;50.7
81;2021-07-24;2519;1722;240129;198410;61.9;51.2
81;2021-07-25;1685;711;241814;199121;62.3;51.3
81;2021-07-26;2015;1546;243829;200667;62.9;51.7
81;2021-07-27;3620;2542;247449;203209;63.8;52.4
81;2021-07-28;3052;2205;250501;205414;64.6;53.0
81;2021-07-29;3355;1780;253856;207194;65.4;53.4
81;2021-07-30;2829;2261;256685;209455;66.2;54.0
81;2021-07-31;1948;1015;258633;210470;66.7;54.3
81;2021-08-01;836;637;259469;211107;66.9;54.4
81;2021-08-02;1082;989;260551;212096;67.2;54.7
81;2021-08-03;2362;2115;262913;214211;67.8;55.2
81;2021-08-04;2031;1534;264944;215745;68.3;55.6
81;2021-08-05;1541;1873;266485;217618;68.7;56.1
81;2021-08-06;1728;1971;268213;219589;69.1;56.6
81;2021-08-07;984;1042;269197;220631;69.4;56.9
81;2021-08-08;437;708;269634;221339;69.5;57.1
81;2021-08-09;804;659;270438;221998;69.7;57.2
81;2021-08-10;1608;2754;272046;224752;70.1;57.9
81;2021-08-11;1109;2409;273155;227161;70.4;58.6
81;2021-08-12;1062;2250;274217;229411;70.7;59.1
81;2021-08-13;872;2471;275089;231882;70.9;59.8
81;2021-08-14;501;1873;275590;233755;71.0;60.3
81;2021-08-15;141;1100;275731;234855;71.1;60.5
81;2021-08-16;632;1818;276363;236673;71.2;61.0
81;2021-08-17;1347;3102;277710;239775;71.6;61.8
81;2021-08-18;1066;2360;278776;242135;71.9;62.4
81;2021-08-19;939;2264;279715;244399;72.1;63.0
81;2021-08-20;927;2354;280642;246753;72.3;63.6
81;2021-08-21;469;1537;281111;248290;72.5;64.0
81;2021-08-22;184;930;281295;249220;72.5;64.2
81;2021-08-23;483;1262;281778;250482;72.6;64.6
81;2021-08-24;839;2540;282617;253022;72.9;65.2
81;2021-08-25;699;2053;283316;255075;73.0;65.8
81;2021-08-26;851;2108;284167;257183;73.3;66.3
81;2021-08-27;845;2183;285012;259366;73.5;66.9
81;2021-08-28;483;1417;285495;260783;73.6;67.2
81;2021-08-29;163;829;285658;261612;73.6;67.4
81;2021-08-30;416;1210;286074;262822;73.7;67.8
81;2021-08-31;825;2115;286899;264937;74.0;68.3
81;2021-09-01;648;1409;287547;266346;74.1;68.7
81;2021-09-02;567;1305;288114;267651;74.3;69.0
81;2021-09-03;578;1463;288692;269114;74.4;69.4
81;2021-09-04;496;931;289188;270045;74.6;69.6
81;2021-09-05;98;245;289286;270290;74.6;69.7
81;2021-09-06;271;677;289557;270967;74.6;69.9
81;2021-09-07;380;1378;289937;272345;74.7;70.2
81;2021-09-08;433;1257;290370;273602;74.9;70.5
81;2021-09-09;362;1038;290732;274640;75.0;70.8
81;2021-09-10;388;1214;291120;275854;75.1;71.1
81;2021-09-11;399;924;291519;276778;75.2;71.4
81;2021-09-12;76;241;291595;277019;75.2;71.4
81;2021-09-13;228;704;291823;277723;75.2;71.6
82;2020-12-27;0;0;0;0;0.0;0.0
82;2020-12-28;2;0;2;0;0.0;0.0
82;2020-12-29;0;0;2;0;0.0;0.0
82;2020-12-30;0;0;2;0;0.0;0.0
82;2020-12-31;0;0;2;0;0.0;0.0
82;2021-01-01;0;0;2;0;0.0;0.0
82;2021-01-02;0;0;2;0;0.0;0.0
82;2021-01-03;0;0;2;0;0.0;0.0
82;2021-01-04;0;0;2;0;0.0;0.0
82;2021-01-05;86;0;88;0;0.0;0.0
82;2021-01-06;1;0;89;0;0.0;0.0
82;2021-01-07;75;0;164;0;0.1;0.0
82;2021-01-08;46;0;210;0;0.1;0.0
82;2021-01-09;77;0;287;0;0.1;0.0
82;2021-01-10;0;0;287;0;0.1;0.0
82;2021-01-11;94;0;381;0;0.1;0.0
82;2021-01-12;284;0;665;0;0.3;0.0
82;2021-01-13;336;1;1001;1;0.4;0.0
82;2021-01-14;444;2;1445;3;0.6;0.0
82;2021-01-15;612;2;2057;5;0.8;0.0
82;2021-01-16;230;3;2287;8;0.9;0.0
82;2021-01-17;89;0;2376;8;0.9;0.0
82;2021-01-18;432;0;2808;8;1.1;0.0
82;2021-01-19;482;1;3290;9;1.3;0.0
82;2021-01-20;663;2;3953;11;1.5;0.0
82;2021-01-21;447;1;4400;12;1.7;0.0
82;2021-01-22;483;2;4883;14;1.9;0.0
82;2021-01-23;151;0;5034;14;1.9;0.0
82;2021-01-24;0;0;5034;14;1.9;0.0
82;2021-01-25;376;0;5410;14;2.1;0.0
82;2021-01-26;468;0;5878;14;2.2;0.0
82;2021-01-27;519;0;6397;14;2.4;0.0
82;2021-01-28;586;34;6983;48;2.7;0.0
82;2021-01-29;405;108;7388;156;2.8;0.1
82;2021-01-30;44;20;7432;176;2.8;0.1
82;2021-01-31;0;0;7432;176;2.8;0.1
82;2021-02-01;294;54;7726;230;2.9;0.1
82;2021-02-02;344;96;8070;326;3.1;0.1
82;2021-02-03;462;65;8532;391;3.2;0.1
82;2021-02-04;765;212;9297;603;3.5;0.2
82;2021-02-05;480;132;9777;735;3.7;0.3
82;2021-02-06;93;36;9870;771;3.8;0.3
82;2021-02-07;29;79;9899;850;3.8;0.3
82;2021-02-08;149;193;10048;1043;3.8;0.4
82;2021-02-09;238;337;10286;1380;3.9;0.5
82;2021-02-10;271;552;10557;1932;4.0;0.7
82;2021-02-11;225;358;10782;2290;4.1;0.9
82;2021-02-12;190;537;10972;2827;4.2;1.1
82;2021-02-13;60;97;11032;2924;4.2;1.1
82;2021-02-14;5;61;11037;2985;4.2;1.1
82;2021-02-15;217;253;11254;3238;4.3;1.2
82;2021-02-16;280;329;11534;3567;4.4;1.4
82;2021-02-17;359;470;11893;4037;4.5;1.5
82;2021-02-18;507;435;12400;4472;4.7;1.7
82;2021-02-19;490;501;12890;4973;4.9;1.9
82;2021-02-20;78;119;12968;5092;4.9;1.9
82;2021-02-21;0;0;12968;5092;4.9;1.9
82;2021-02-22;200;344;13168;5436;5.0;2.1
82;2021-02-23;277;418;13445;5854;5.1;2.2
82;2021-02-24;283;372;13728;6226;5.2;2.4
82;2021-02-25;639;468;14367;6694;5.5;2.5
82;2021-02-26;648;383;15015;7077;5.7;2.7
82;2021-02-27;214;62;15229;7139;5.8;2.7
82;2021-02-28;30;7;15259;7146;5.8;2.7
82;2021-03-01;291;201;15550;7347;5.9;2.8
82;2021-03-02;495;356;16045;7703;6.1;2.9
82;2021-03-03;440;351;16485;8054;6.3;3.1
82;2021-03-04;600;281;17085;8335;6.5;3.2
82;2021-03-05;680;360;17765;8695;6.8;3.3
82;2021-03-06;693;36;18458;8731;7.0;3.3
82;2021-03-07;302;3;18760;8734;7.1;3.3
82;2021-03-08;603;143;19363;8877;7.4;3.4
82;2021-03-09;582;235;19945;9112;7.6;3.5
82;2021-03-10;779;227;20724;9339;7.9;3.6
82;2021-03-11;976;269;21700;9608;8.3;3.7
82;2021-03-12;992;99;22692;9707;8.6;3.7
82;2021-03-13;564;54;23256;9761;8.9;3.7
82;2021-03-14;61;5;23317;9766;8.9;3.7
82;2021-03-15;485;314;23802;10080;9.1;3.8
82;2021-03-16;197;324;23999;10404;9.1;4.0
82;2021-03-17;191;285;24190;10689;9.2;4.1
82;2021-03-18;279;344;24469;11033;9.3;4.2
82;2021-03-19;533;305;25002;11338;9.5;4.3
82;2021-03-20;251;56;25253;11394;9.6;4.3
82;2021-03-21;23;0;25276;11394;9.6;4.3
82;2021-03-22;406;317;25682;11711;9.8;4.5
82;2021-03-23;601;312;26283;12023;10.0;4.6
82;2021-03-24;620;323;26903;12346;10.2;4.7
82;2021-03-25;928;244;27831;12590;10.6;4.8
82;2021-03-26;1216;264;29047;12854;11.1;4.9
82;2021-03-27;479;78;29526;12932;11.2;4.9
82;2021-03-28;136;2;29662;12934;11.3;4.9
82;2021-03-29;925;376;30587;13310;11.6;5.1
82;2021-03-30;1188;280;31775;13590;12.1;5.2
82;2021-03-31;1019;262;32794;13852;12.5;5.3
82;2021-04-01;1072;197;33866;14049;12.9;5.3
82;2021-04-02;1212;284;35078;14333;13.4;5.5
82;2021-04-03;715;129;35793;14462;13.6;5.5
82;2021-04-04;276;14;36069;14476;13.7;5.5
82;2021-04-05;388;20;36457;14496;13.9;5.5
82;2021-04-06;953;510;37410;15006;14.2;5.7
82;2021-04-07;1017;496;38427;15502;14.6;5.9
82;2021-04-08;1454;419;39881;15921;15.2;6.1
82;2021-04-09;1656;471;41537;16392;15.8;6.2
82;2021-04-10;1716;103;43253;16495;16.5;6.3
82;2021-04-11;560;19;43813;16514;16.7;6.3
82;2021-04-12;1348;293;45161;16807;17.2;6.4
82;2021-04-13;1626;271;46787;17078;17.8;6.5
82;2021-04-14;1411;296;48198;17374;18.4;6.6
82;2021-04-15;1782;324;49980;17698;19.0;6.7
82;2021-04-16;1542;335;51522;18033;19.6;6.9
82;2021-04-17;1243;70;52765;18103;20.1;6.9
82;2021-04-18;561;15;53326;18118;20.3;6.9
82;2021-04-19;958;358;54284;18476;20.7;7.0
82;2021-04-20;1268;401;55552;18877;21.2;7.2
82;2021-04-21;1219;373;56771;19250;21.6;7.3
82;2021-04-22;1452;294;58223;19544;22.2;7.4
82;2021-04-23;1076;682;59299;20226;22.6;7.7
82;2021-04-24;1188;264;60487;20490;23.0;7.8
82;2021-04-25;736;48;61223;20538;23.3;7.8
82;2021-04-26;748;808;61971;21346;23.6;8.1
82;2021-04-27;905;921;62876;22267;23.9;8.5
82;2021-04-28;921;898;63797;23165;24.3;8.8
82;2021-04-29;1107;912;64904;24077;24.7;9.2
82;2021-04-30;1042;885;65946;24962;25.1;9.5
82;2021-05-01;1143;258;67089;25220;25.5;9.6
82;2021-05-02;697;145;67786;25365;25.8;9.7
82;2021-05-03;410;1215;68196;26580;26.0;10.1
82;2021-05-04;864;1167;69060;27747;26.3;10.6
82;2021-05-05;568;1172;69628;28919;26.5;11.0
82;2021-05-06;848;1411;70476;30330;26.8;11.5
82;2021-05-07;734;1455;71210;31785;27.1;12.1
82;2021-05-08;934;518;72144;32303;27.5;12.3
82;2021-05-09;753;578;72897;32881;27.8;12.5
82;2021-05-10;850;1362;73747;34243;28.1;13.0
82;2021-05-11;1157;1348;74904;35591;28.5;13.6
82;2021-05-12;1016;1344;75920;36935;28.9;14.1
82;2021-05-13;1454;432;77374;37367;29.5;14.2
82;2021-05-14;1691;1239;79065;38606;30.1;14.7
82;2021-05-15;1935;697;81000;39303;30.8;15.0
82;2021-05-16;558;114;81558;39417;31.1;15.0
82;2021-05-17;1090;1172;82648;40589;31.5;15.5
82;2021-05-18;1466;1188;84114;41777;32.0;15.9
82;2021-05-19;1272;974;85386;42751;32.5;16.3
82;2021-05-20;1408;1160;86794;43911;33.0;16.7
82;2021-05-21;1411;1217;88205;45128;33.6;17.2
82;2021-05-22;2069;624;90274;45752;34.4;17.4
82;2021-05-23;705;117;90979;45869;34.6;17.5
82;2021-05-24;1441;265;92420;46134;35.2;17.6
82;2021-05-25;1445;964;93865;47098;35.7;17.9
82;2021-05-26;1413;919;95278;48017;36.3;18.3
82;2021-05-27;1460;1025;96738;49042;36.8;18.7
82;2021-05-28;1540;1139;98278;50181;37.4;19.1
82;2021-05-29;1496;543;99774;50724;38.0;19.3
82;2021-05-30;402;101;100176;50825;38.1;19.4
82;2021-05-31;1491;990;101667;51815;38.7;19.7
82;2021-06-01;1751;1048;103418;52863;39.4;20.1
82;2021-06-02;1478;1006;104896;53869;39.9;20.5
82;2021-06-03;1490;1180;106386;55049;40.5;21.0
82;2021-06-04;2250;1304;108636;56353;41.4;21.5
82;2021-06-05;2271;984;110907;57337;42.2;21.8
82;2021-06-06;329;133;111236;57470;42.4;21.9
82;2021-06-07;958;1275;112194;58745;42.7;22.4
82;2021-06-08;1445;1139;113639;59884;43.3;22.8
82;2021-06-09;1709;1143;115348;61027;43.9;23.2
82;2021-06-10;1441;1208;116789;62235;44.5;23.7
82;2021-06-11;1922;1126;118711;63361;45.2;24.1
82;2021-06-12;2392;1394;121103;64755;46.1;24.7
82;2021-06-13;379;113;121482;64868;46.3;24.7
82;2021-06-14;1213;1081;122695;65949;46.7;25.1
82;2021-06-15;1462;1245;124157;67194;47.3;25.6
82;2021-06-16;1751;1168;125908;68362;47.9;26.0
82;2021-06-17;1219;1471;127127;69833;48.4;26.6
82;2021-06-18;1469;1439;128596;71272;49.0;27.1
82;2021-06-19;2271;982;130867;72254;49.8;27.5
82;2021-06-20;268;173;131135;72427;49.9;27.6
82;2021-06-21;483;1360;131618;73787;50.1;28.1
82;2021-06-22;892;1709;132510;75496;50.5;28.7
82;2021-06-23;1239;1586;133749;77082;50.9;29.4
82;2021-06-24;757;1905;134506;78987;51.2;30.1
82;2021-06-25;741;1937;135247;80924;51.5;30.8
82;2021-06-26;1240;2144;136487;83068;52.0;31.6
82;2021-06-27;195;438;136682;83506;52.0;31.8
82;2021-06-28;329;1412;137011;84918;52.2;32.3
82;2021-06-29;518;1840;137529;86758;52.4;33.0
82;2021-06-30;948;1912;138477;88670;52.7;33.8
82;2021-07-01;659;1632;139136;90302;53.0;34.4
82;2021-07-02;931;2293;140067;92595;53.3;35.3
82;2021-07-03;859;2342;140926;94937;53.7;36.2
82;2021-07-04;120;439;141046;95376;53.7;36.3
82;2021-07-05;444;1561;141490;96937;53.9;36.9
82;2021-07-06;513;1866;142003;98803;54.1;37.6
82;2021-07-07;793;1772;142796;100575;54.4;38.3
82;2021-07-08;504;1504;143300;102079;54.6;38.9
82;2021-07-09;781;2154;144081;104233;54.9;39.7
82;2021-07-10;706;2215;144787;106448;55.1;40.5
82;2021-07-11;39;380;144826;106828;55.1;40.7
82;2021-07-12;578;1884;145404;108712;55.4;41.4
82;2021-07-13;715;2002;146119;110714;55.6;42.2
82;2021-07-14;617;741;146736;111455;55.9;42.4
82;2021-07-15;858;1749;147594;113204;56.2;43.1
82;2021-07-16;1438;2637;149032;115841;56.7;44.1
82;2021-07-17;561;2185;149593;118026;57.0;44.9
82;2021-07-18;14;41;149607;118067;57.0;45.0
82;2021-07-19;737;2071;150344;120138;57.2;45.7
82;2021-07-20;921;1884;151265;122022;57.6;46.5
82;2021-07-21;1289;1760;152554;123782;58.1;47.1
82;2021-07-22;1083;1765;153637;125547;58.5;47.8
82;2021-07-23;1054;2988;154691;128535;58.9;48.9
82;2021-07-24;1103;1490;155794;130025;59.3;49.5
82;2021-07-25;303;73;156097;130098;59.4;49.5
82;2021-07-26;952;1897;157049;131995;59.8;50.3
82;2021-07-27;1342;1640;158391;133635;60.3;50.9
82;2021-07-28;1468;1499;159859;135134;60.9;51.5
82;2021-07-29;1330;1534;161189;136668;61.4;52.0
82;2021-07-30;1539;2475;162728;139143;62.0;53.0
82;2021-07-31;459;295;163187;139438;62.1;53.1
82;2021-08-01;273;50;163460;139488;62.2;53.1
82;2021-08-02;1271;876;164731;140364;62.7;53.4
82;2021-08-03;1433;832;166164;141196;63.3;53.8
82;2021-08-04;1364;1030;167528;142226;63.8;54.2
82;2021-08-05;1490;600;169018;142826;64.4;54.4
82;2021-08-06;994;646;170012;143472;64.7;54.6
82;2021-08-07;923;1194;170935;144666;65.1;55.1
82;2021-08-08;156;65;171091;144731;65.1;55.1
82;2021-08-09;1072;899;172163;145630;65.6;55.5
82;2021-08-10;1290;914;173453;146544;66.0;55.8
82;2021-08-11;1263;1123;174716;147667;66.5;56.2
82;2021-08-12;1472;947;176188;148614;67.1;56.6
82;2021-08-13;1413;997;177601;149611;67.6;57.0
82;2021-08-14;313;485;177914;150096;67.7;57.2
82;2021-08-15;61;38;177975;150134;67.8;57.2
82;2021-08-16;782;1460;178757;151594;68.1;57.7
82;2021-08-17;1063;1237;179820;152831;68.5;58.2
82;2021-08-18;616;848;180436;153679;68.7;58.5
82;2021-08-19;1007;1146;181443;154825;69.1;59.0
82;2021-08-20;1033;1907;182476;156732;69.5;59.7
82;2021-08-21;495;990;182971;157722;69.7;60.1
82;2021-08-22;21;55;182992;157777;69.7;60.1
82;2021-08-23;742;1293;183734;159070;70.0;60.6
82;2021-08-24;858;1116;184592;160186;70.3;61.0
82;2021-08-25;849;1535;185441;161721;70.6;61.6
82;2021-08-26;594;1098;186035;162819;70.8;62.0
82;2021-08-27;896;1683;186931;164502;71.2;62.6
82;2021-08-28;211;616;187142;165118;71.3;62.9
82;2021-08-29;37;49;187179;165167;71.3;62.9
82;2021-08-30;429;1024;187608;166191;71.4;63.3
82;2021-08-31;338;1022;187946;167213;71.6;63.7
82;2021-09-01;719;1404;188665;168617;71.8;64.2
82;2021-09-02;400;1295;189065;169912;72.0;64.7
82;2021-09-03;497;1882;189562;171794;72.2;65.4
82;2021-09-04;423;734;189985;172528;72.3;65.7
82;2021-09-05;6;23;189991;172551;72.3;65.7
82;2021-09-06;372;1289;190363;173840;72.5;66.2
82;2021-09-07;209;959;190572;174799;72.6;66.6
82;2021-09-08;490;1256;191062;176055;72.8;67.0
82;2021-09-09;242;1042;191304;177097;72.8;67.4
82;2021-09-10;487;1459;191791;178556;73.0;68.0
82;2021-09-11;212;521;192003;179077;73.1;68.2
82;2021-09-12;10;29;192013;179106;73.1;68.2
82;2021-09-13;297;1116;192310;180222;73.2;68.6
83;2020-12-27;1;0;1;0;0.0;0.0
83;2020-12-28;0;0;1;0;0.0;0.0
83;2020-12-29;2;0;3;0;0.0;0.0
83;2020-12-30;1;0;4;0;0.0;0.0
83;2020-12-31;0;0;4;0;0.0;0.0
83;2021-01-01;1;0;5;0;0.0;0.0
83;2021-01-02;0;0;5;0;0.0;0.0
83;2021-01-03;1;0;6;0;0.0;0.0
83;2021-01-04;1;0;7;0;0.0;0.0
83;2021-01-05;4;0;11;0;0.0;0.0
83;2021-01-06;69;0;80;0;0.0;0.0
83;2021-01-07;324;0;404;0;0.0;0.0
83;2021-01-08;422;0;826;0;0.1;0.0
83;2021-01-09;48;0;874;0;0.1;0.0
83;2021-01-10;1;0;875;0;0.1;0.0
83;2021-01-11;475;0;1350;0;0.1;0.0
83;2021-01-12;1003;4;2353;4;0.2;0.0
83;2021-01-13;963;7;3316;11;0.3;0.0
83;2021-01-14;846;5;4162;16;0.4;0.0
83;2021-01-15;702;1;4864;17;0.5;0.0
83;2021-01-16;41;1;4905;18;0.5;0.0
83;2021-01-17;1;0;4906;18;0.5;0.0
83;2021-01-18;1224;4;6130;22;0.6;0.0
83;2021-01-19;2019;6;8149;28;0.8;0.0
83;2021-01-20;1660;9;9809;37;0.9;0.0
83;2021-01-21;2101;7;11910;44;1.1;0.0
83;2021-01-22;1658;6;13568;50;1.3;0.0
83;2021-01-23;245;0;13813;50;1.3;0.0
83;2021-01-24;21;1;13834;51;1.3;0.0
83;2021-01-25;1554;7;15388;58;1.4;0.0
83;2021-01-26;1758;13;17146;71;1.6;0.0
83;2021-01-27;2153;79;19299;150;1.8;0.0
83;2021-01-28;5089;357;24388;507;2.3;0.0
83;2021-01-29;2948;343;27336;850;2.5;0.1
83;2021-01-30;237;42;27573;892;2.6;0.1
83;2021-01-31;46;0;27619;892;2.6;0.1
83;2021-02-01;1281;390;28900;1282;2.7;0.1
83;2021-02-02;1439;685;30339;1967;2.8;0.2
83;2021-02-03;1527;588;31866;2555;3.0;0.2
83;2021-02-04;1484;707;33350;3262;3.1;0.3
83;2021-02-05;1226;639;34576;3901;3.2;0.4
83;2021-02-06;23;12;34599;3913;3.2;0.4
83;2021-02-07;1;0;34600;3913;3.2;0.4
83;2021-02-08;1090;558;35690;4471;3.3;0.4
83;2021-02-09;1324;838;37014;5309;3.4;0.5
83;2021-02-10;1534;754;38548;6063;3.6;0.6
83;2021-02-11;1606;978;40154;7041;3.7;0.7
83;2021-02-12;1348;771;41502;7812;3.9;0.7
83;2021-02-13;55;22;41557;7834;3.9;0.7
83;2021-02-14;0;0;41557;7834;3.9;0.7
83;2021-02-15;672;791;42229;8625;3.9;0.8
83;2021-02-16;541;1117;42770;9742;4.0;0.9
83;2021-02-17;804;1529;43574;11271;4.1;1.0
83;2021-02-18;1627;3463;45201;14734;4.2;1.4
83;2021-02-19;1480;2030;46681;16764;4.3;1.6
83;2021-02-20;63;157;46744;16921;4.4;1.6
83;2021-02-21;25;33;46769;16954;4.4;1.6
83;2021-02-22;507;1406;47276;18360;4.4;1.7
83;2021-02-23;671;1169;47947;19529;4.5;1.8
83;2021-02-24;724;1205;48671;20734;4.5;1.9
83;2021-02-25;1251;1138;49922;21872;4.6;2.0
83;2021-02-26;1299;1011;51221;22883;4.8;2.1
83;2021-02-27;552;52;51773;22935;4.8;2.1
83;2021-02-28;10;12;51783;22947;4.8;2.1
83;2021-03-01;811;1011;52594;23958;4.9;2.2
83;2021-03-02;989;1102;53583;25060;5.0;2.3
83;2021-03-03;1439;1316;55022;26376;5.1;2.5
83;2021-03-04;1889;1178;56911;27554;5.3;2.6
83;2021-03-05;2220;1086;59131;28640;5.5;2.7
83;2021-03-06;3010;111;62141;28751;5.8;2.7
83;2021-03-07;2227;45;64368;28796;6.0;2.7
83;2021-03-08;850;1127;65218;29923;6.1;2.8
83;2021-03-09;1933;1069;67151;30992;6.3;2.9
83;2021-03-10;2380;1250;69531;32242;6.5;3.0
83;2021-03-11;3675;2081;73206;34323;6.8;3.2
83;2021-03-12;3642;1415;76848;35738;7.2;3.3
83;2021-03-13;4610;175;81458;35913;7.6;3.3
83;2021-03-14;2340;54;83798;35967;7.8;3.3
83;2021-03-15;3337;650;87135;36617;8.1;3.4
83;2021-03-16;2601;684;89736;37301;8.4;3.5
83;2021-03-17;2847;745;92583;38046;8.6;3.5
83;2021-03-18;3549;784;96132;38830;9.0;3.6
83;2021-03-19;4176;581;100308;39411;9.3;3.7
83;2021-03-20;3477;71;103785;39482;9.7;3.7
83;2021-03-21;2011;30;105796;39512;9.9;3.7
83;2021-03-22;3966;887;109762;40399;10.2;3.8
83;2021-03-23;4755;580;114517;40979;10.7;3.8
83;2021-03-24;5051;713;119568;41692;11.1;3.9
83;2021-03-25;6534;846;126102;42538;11.7;4.0
83;2021-03-26;7177;746;133279;43284;12.4;4.0
83;2021-03-27;3969;384;137248;43668;12.8;4.1
83;2021-03-28;2183;33;139431;43701;13.0;4.1
83;2021-03-29;4558;762;143989;44463;13.4;4.1
83;2021-03-30;5968;944;149957;45407;14.0;4.2
83;2021-03-31;5554;1071;155511;46478;14.5;4.3
83;2021-04-01;5981;1251;161492;47729;15.0;4.4
83;2021-04-02;5762;1069;167254;48798;15.6;4.5
83;2021-04-03;1801;630;169055;49428;15.7;4.6
83;2021-04-04;855;346;169910;49774;15.8;4.6
83;2021-04-05;191;64;170101;49838;15.8;4.6
83;2021-04-06;4731;1392;174832;51230;16.3;4.8
83;2021-04-07;5832;1657;180664;52887;16.8;4.9
83;2021-04-08;7884;1993;188548;54880;17.6;5.1
83;2021-04-09;7597;2197;196145;57077;18.3;5.3
83;2021-04-10;2948;2644;199093;59721;18.5;5.6
83;2021-04-11;1716;2132;200809;61853;18.7;5.8
83;2021-04-12;4953;2854;205762;64707;19.2;6.0
83;2021-04-13;5410;2995;211172;67702;19.7;6.3
83;2021-04-14;5896;2931;217068;70633;20.2;6.6
83;2021-04-15;6776;3036;223844;73669;20.8;6.9
83;2021-04-16;6125;3515;229969;77184;21.4;7.2
83;2021-04-17;3511;2187;233480;79371;21.7;7.4
83;2021-04-18;2179;1292;235659;80663;21.9;7.5
83;2021-04-19;4109;3900;239768;84563;22.3;7.9
83;2021-04-20;4358;3869;244126;88432;22.7;8.2
83;2021-04-21;4303;4144;248429;92576;23.1;8.6
83;2021-04-22;5010;4297;253439;96873;23.6;9.0
83;2021-04-23;4528;4562;257967;101435;24.0;9.4
83;2021-04-24;2630;2710;260597;104145;24.3;9.7
83;2021-04-25;1925;1571;262522;105716;24.4;9.8
83;2021-04-26;3569;3848;266091;109564;24.8;10.2
83;2021-04-27;4140;4538;270231;114102;25.2;10.6
83;2021-04-28;4314;4361;274545;118463;25.6;11.0
83;2021-04-29;5819;5109;280364;123572;26.1;11.5
83;2021-04-30;5789;4287;286153;127859;26.6;11.9
83;2021-05-01;1691;428;287844;128287;26.8;11.9
83;2021-05-02;1237;757;289081;129044;26.9;12.0
83;2021-05-03;3751;4281;292832;133325;27.3;12.4
83;2021-05-04;3345;5097;296177;138422;27.6;12.9
83;2021-05-05;3642;4971;299819;143393;27.9;13.4
83;2021-05-06;4673;4946;304492;148339;28.4;13.8
83;2021-05-07;4168;5308;308660;153647;28.7;14.3
83;2021-05-08;2764;1010;311424;154657;29.0;14.4
83;2021-05-09;2153;1236;313577;155893;29.2;14.5
83;2021-05-10;3203;5415;316780;161308;29.5;15.0
83;2021-05-11;5130;5681;321910;166989;30.0;15.6
83;2021-05-12;6292;4848;328202;171837;30.6;16.0
83;2021-05-13;6582;1345;334784;173182;31.2;16.1
83;2021-05-14;7422;4117;342206;177299;31.9;16.5
83;2021-05-15;7754;2202;349960;179501;32.6;16.7
83;2021-05-16;6627;1247;356587;180748;33.2;16.8
83;2021-05-17;4894;4209;361481;184957;33.7;17.2
83;2021-05-18;5537;3861;367018;188818;34.2;17.6
83;2021-05-19;6209;3409;373227;192227;34.8;17.9
83;2021-05-20;6759;3799;379986;196026;35.4;18.3
83;2021-05-21;7908;3863;387894;199889;36.1;18.6
83;2021-05-22;6091;1718;393985;201607;36.7;18.8
83;2021-05-23;4685;712;398670;202319;37.1;18.8
83;2021-05-24;5810;971;404480;203290;37.7;18.9
83;2021-05-25;5516;4756;409996;208046;38.2;19.4
83;2021-05-26;4858;4446;414854;212492;38.6;19.8
83;2021-05-27;5070;5251;419924;217743;39.1;20.3
83;2021-05-28;4506;5761;424430;223504;39.5;20.8
83;2021-05-29;2705;4264;427135;227768;39.8;21.2
83;2021-05-30;1257;1374;428392;229142;39.9;21.3
83;2021-05-31;5488;4765;433880;233907;40.4;21.8
83;2021-06-01;5732;5291;439612;239198;40.9;22.3
83;2021-06-02;5263;4582;444875;243780;41.4;22.7
83;2021-06-03;5745;5128;450620;248908;42.0;23.2
83;2021-06-04;5446;6045;456066;254953;42.5;23.7
83;2021-06-05;3926;3197;459992;258150;42.8;24.0
83;2021-06-06;1937;1382;461929;259532;43.0;24.2
83;2021-06-07;3917;5086;465846;264618;43.4;24.6
83;2021-06-08;4178;4814;470024;269432;43.8;25.1
83;2021-06-09;4008;4700;474032;274132;44.1;25.5
83;2021-06-10;3998;4260;478030;278392;44.5;25.9
83;2021-06-11;3658;5445;481688;283837;44.9;26.4
83;2021-06-12;2913;2981;484601;286818;45.1;26.7
83;2021-06-13;995;1390;485596;288208;45.2;26.8
83;2021-06-14;2857;5650;488453;293858;45.5;27.4
83;2021-06-15;3170;4860;491623;298718;45.8;27.8
83;2021-06-16;2964;4506;494587;303224;46.1;28.2
83;2021-06-17;2779;5281;497366;308505;46.3;28.7
83;2021-06-18;3159;5964;500525;314469;46.6;29.3
83;2021-06-19;2323;4100;502848;318569;46.8;29.7
83;2021-06-20;676;1889;503524;320458;46.9;29.8
83;2021-06-21;2111;7587;505635;328045;47.1;30.5
83;2021-06-22;2103;7162;507738;335207;47.3;31.2
83;2021-06-23;1937;6928;509675;342135;47.5;31.9
83;2021-06-24;1964;7368;511639;349503;47.6;32.5
83;2021-06-25;2114;8398;513753;357901;47.8;33.3
83;2021-06-26;1464;6808;515217;364709;48.0;34.0
83;2021-06-27;692;3186;515909;367895;48.0;34.3
83;2021-06-28;1572;7886;517481;375781;48.2;35.0
83;2021-06-29;1911;7812;519392;383593;48.4;35.7
83;2021-06-30;2242;7275;521634;390868;48.6;36.4
83;2021-07-01;2560;6564;524194;397432;48.8;37.0
83;2021-07-02;2266;7800;526460;405232;49.0;37.7
83;2021-07-03;1510;5686;527970;410918;49.2;38.3
83;2021-07-04;573;2752;528543;413670;49.2;38.5
83;2021-07-05;1925;7533;530468;421203;49.4;39.2
83;2021-07-06;2573;5941;533041;427144;49.6;39.8
83;2021-07-07;2686;4671;535727;431815;49.9;40.2
83;2021-07-08;3246;4471;538973;436286;50.2;40.6
83;2021-07-09;3048;6962;542021;443248;50.5;41.3
83;2021-07-10;1577;4925;543598;448173;50.6;41.7
83;2021-07-11;1009;1766;544607;449939;50.7;41.9
83;2021-07-12;2140;7684;546747;457623;50.9;42.6
83;2021-07-13;4039;7088;550786;464711;51.3;43.3
83;2021-07-14;2096;1321;552882;466032;51.5;43.4
83;2021-07-15;4586;6845;557468;472877;51.9;44.0
83;2021-07-16;5274;7118;562742;479995;52.4;44.7
83;2021-07-17;3654;4998;566396;484993;52.7;45.2
83;2021-07-18;1605;1312;568001;486305;52.9;45.3
83;2021-07-19;3954;6314;571955;492619;53.3;45.9
83;2021-07-20;5989;6185;577944;498804;53.8;46.5
83;2021-07-21;6029;5208;583973;504012;54.4;46.9
83;2021-07-22;7119;5536;591092;509548;55.0;47.5
83;2021-07-23;7104;5913;598196;515461;55.7;48.0
83;2021-07-24;4650;4560;602846;520021;56.1;48.4
83;2021-07-25;1329;736;604175;520757;56.3;48.5
83;2021-07-26;5552;4934;609727;525691;56.8;49.0
83;2021-07-27;6839;4898;616566;530589;57.4;49.4
83;2021-07-28;6599;4423;623165;535012;58.0;49.8
83;2021-07-29;7502;4852;630667;539864;58.7;50.3
83;2021-07-30;6970;4760;637637;544624;59.4;50.7
83;2021-07-31;4670;3216;642307;547840;59.8;51.0
83;2021-08-01;1066;849;643373;548689;59.9;51.1
83;2021-08-02;5770;3703;649143;552392;60.5;51.4
83;2021-08-03;6387;3997;655530;556389;61.0;51.8
83;2021-08-04;5906;3708;661436;560097;61.6;52.2
83;2021-08-05;6180;4084;667616;564181;62.2;52.5
83;2021-08-06;6163;4912;673779;569093;62.7;53.0
83;2021-08-07;3754;3553;677533;572646;63.1;53.3
83;2021-08-08;1065;820;678598;573466;63.2;53.4
83;2021-08-09;4713;4638;683311;578104;63.6;53.8
83;2021-08-10;5238;5144;688549;583248;64.1;54.3
83;2021-08-11;4588;5069;693137;588317;64.5;54.8
83;2021-08-12;4923;5568;698060;593885;65.0;55.3
83;2021-08-13;4935;5743;702995;599628;65.5;55.8
83;2021-08-14;3217;3891;706212;603519;65.8;56.2
83;2021-08-15;206;391;706418;603910;65.8;56.2
83;2021-08-16;3632;5476;710050;609386;66.1;56.7
83;2021-08-17;3571;5270;713621;614656;66.5;57.2
83;2021-08-18;3591;4995;717212;619651;66.8;57.7
83;2021-08-19;4167;6256;721379;625907;67.2;58.3
83;2021-08-20;3626;6507;725005;632414;67.5;58.9
83;2021-08-21;2341;4486;727346;636900;67.7;59.3
83;2021-08-22;630;1032;727976;637932;67.8;59.4
83;2021-08-23;2499;5780;730475;643712;68.0;59.9
83;2021-08-24;2886;5915;733361;649627;68.3;60.5
83;2021-08-25;2568;5287;735929;654914;68.5;61.0
83;2021-08-26;2782;5833;738711;660747;68.8;61.5
83;2021-08-27;2902;5918;741613;666665;69.1;62.1
83;2021-08-28;1929;4534;743542;671199;69.2;62.5
83;2021-08-29;473;1161;744015;672360;69.3;62.6
83;2021-08-30;2361;4965;746376;677325;69.5;63.1
83;2021-08-31;2501;5473;748877;682798;69.7;63.6
83;2021-09-01;2523;5070;751400;687868;70.0;64.1
83;2021-09-02;2476;4956;753876;692824;70.2;64.5
83;2021-09-03;2304;5235;756180;698059;70.4;65.0
83;2021-09-04;1909;4637;758089;702696;70.6;65.4
83;2021-09-05;567;539;758656;703235;70.6;65.5
83;2021-09-06;1634;4097;760290;707332;70.8;65.9
83;2021-09-07;1632;3866;761922;711198;71.0;66.2
83;2021-09-08;1897;3849;763819;715047;71.1;66.6
83;2021-09-09;1471;3917;765290;718964;71.3;67.0
83;2021-09-10;1751;4318;767041;723282;71.4;67.4
83;2021-09-11;1368;3874;768409;727156;71.6;67.7
83;2021-09-12;202;494;768611;727650;71.6;67.8
83;2021-09-13;1198;3269;769809;730919;71.7;68.1
84;2020-12-27;1;0;1;0;0.0;0.0
84;2020-12-28;1;0;2;0;0.0;0.0
84;2020-12-29;1;0;3;0;0.0;0.0
84;2020-12-30;1;0;4;0;0.0;0.0
84;2020-12-31;0;0;4;0;0.0;0.0
84;2021-01-01;0;0;4;0;0.0;0.0
84;2021-01-02;0;0;4;0;0.0;0.0
84;2021-01-03;0;0;4;0;0.0;0.0
84;2021-01-04;0;0;4;0;0.0;0.0
84;2021-01-05;0;0;4;0;0.0;0.0
84;2021-01-06;0;0;4;0;0.0;0.0
84;2021-01-07;69;0;73;0;0.0;0.0
84;2021-01-08;81;0;154;0;0.0;0.0
84;2021-01-09;31;0;185;0;0.0;0.0
84;2021-01-10;0;0;185;0;0.0;0.0
84;2021-01-11;219;0;404;0;0.1;0.0
84;2021-01-12;624;2;1028;2;0.2;0.0
84;2021-01-13;359;0;1387;2;0.2;0.0
84;2021-01-14;952;12;2339;14;0.4;0.0
84;2021-01-15;618;10;2957;24;0.5;0.0
84;2021-01-16;167;0;3124;24;0.6;0.0
84;2021-01-17;29;1;3153;25;0.6;0.0
84;2021-01-18;696;2;3849;27;0.7;0.0
84;2021-01-19;880;2;4729;29;0.8;0.0
84;2021-01-20;1019;3;5748;32;1.0;0.0
84;2021-01-21;1049;5;6797;37;1.2;0.0
84;2021-01-22;1135;1;7932;38;1.4;0.0
84;2021-01-23;250;0;8182;38;1.5;0.0
84;2021-01-24;3;0;8185;38;1.5;0.0
84;2021-01-25;806;0;8991;38;1.6;0.0
84;2021-01-26;939;4;9930;42;1.8;0.0
84;2021-01-27;1072;2;11002;44;2.0;0.0
84;2021-01-28;1622;16;12624;60;2.3;0.0
84;2021-01-29;1202;58;13826;118;2.5;0.0
84;2021-01-30;171;16;13997;134;2.5;0.0
84;2021-01-31;7;0;14004;134;2.5;0.0
84;2021-02-01;658;124;14662;258;2.6;0.0
84;2021-02-02;788;247;15450;505;2.8;0.1
84;2021-02-03;760;229;16210;734;2.9;0.1
84;2021-02-04;914;370;17124;1104;3.1;0.2
84;2021-02-05;727;381;17851;1485;3.2;0.3
84;2021-02-06;127;40;17978;1525;3.2;0.3
84;2021-02-07;0;0;17978;1525;3.2;0.3
84;2021-02-08;568;236;18546;1761;3.3;0.3
84;2021-02-09;692;618;19238;2379;3.4;0.4
84;2021-02-10;557;499;19795;2878;3.5;0.5
84;2021-02-11;550;518;20345;3396;3.6;0.6
84;2021-02-12;562;599;20907;3995;3.7;0.7
84;2021-02-13;46;140;20953;4135;3.7;0.7
84;2021-02-14;3;0;20956;4135;3.7;0.7
84;2021-02-15;209;735;21165;4870;3.8;0.9
84;2021-02-16;222;684;21387;5554;3.8;1.0
84;2021-02-17;447;670;21834;6224;3.9;1.1
84;2021-02-18;557;965;22391;7189;4.0;1.3
84;2021-02-19;738;1003;23129;8192;4.1;1.5
84;2021-02-20;68;116;23197;8308;4.1;1.5
84;2021-02-21;6;35;23203;8343;4.1;1.5
84;2021-02-22;369;628;23572;8971;4.2;1.6
84;2021-02-23;273;625;23845;9596;4.3;1.7
84;2021-02-24;393;626;24238;10222;4.3;1.8
84;2021-02-25;713;725;24951;10947;4.4;2.0
84;2021-02-26;824;590;25775;11537;4.6;2.1
84;2021-02-27;133;103;25908;11640;4.6;2.1
84;2021-02-28;17;0;25925;11640;4.6;2.1
84;2021-03-01;457;572;26382;12212;4.7;2.2
84;2021-03-02;633;722;27015;12934;4.8;2.3
84;2021-03-03;820;836;27835;13770;5.0;2.5
84;2021-03-04;1098;624;28933;14394;5.2;2.6
84;2021-03-05;1314;480;30247;14874;5.4;2.7
84;2021-03-06;1460;64;31707;14938;5.7;2.7
84;2021-03-07;481;16;32188;14954;5.7;2.7
84;2021-03-08;812;552;33000;15506;5.9;2.8
84;2021-03-09;1388;714;34388;16220;6.1;2.9
84;2021-03-10;1476;619;35864;16839;6.4;3.0
84;2021-03-11;1984;611;37848;17450;6.7;3.1
84;2021-03-12;2080;582;39928;18032;7.1;3.2
84;2021-03-13;747;36;40675;18068;7.3;3.2
84;2021-03-14;247;53;40922;18121;7.3;3.2
84;2021-03-15;1069;300;41991;18421;7.5;3.3
84;2021-03-16;1180;312;43171;18733;7.7;3.3
84;2021-03-17;1147;425;44318;19158;7.9;3.4
84;2021-03-18;1458;391;45776;19549;8.2;3.5
84;2021-03-19;2177;454;47953;20003;8.5;3.6
84;2021-03-20;839;25;48792;20028;8.7;3.6
84;2021-03-21;150;11;48942;20039;8.7;3.6
84;2021-03-22;1159;459;50101;20498;8.9;3.7
84;2021-03-23;1914;435;52015;20933;9.3;3.7
84;2021-03-24;2178;396;54193;21329;9.7;3.8
84;2021-03-25;3655;392;57848;21721;10.3;3.9
84;2021-03-26;3319;479;61167;22200;10.9;4.0
84;2021-03-27;915;58;62082;22258;11.1;4.0
84;2021-03-28;74;2;62156;22260;11.1;4.0
84;2021-03-29;1717;528;63873;22788;11.4;4.1
84;2021-03-30;2670;685;66543;23473;11.9;4.2
84;2021-03-31;2405;643;68948;24116;12.3;4.3
84;2021-04-01;3024;575;71972;24691;12.8;4.4
84;2021-04-02;2451;526;74423;25217;13.3;4.5
84;2021-04-03;510;28;74933;25245;13.4;4.5
84;2021-04-04;13;0;74946;25245;13.4;4.5
84;2021-04-05;813;101;75759;25346;13.5;4.5
84;2021-04-06;2146;839;77905;26185;13.9;4.7
84;2021-04-07;2404;860;80309;27045;14.3;4.8
84;2021-04-08;3653;1041;83962;28086;15.0;5.0
84;2021-04-09;4117;947;88079;29033;15.7;5.2
84;2021-04-10;1308;130;89387;29163;15.9;5.2
84;2021-04-11;37;12;89424;29175;15.9;5.2
84;2021-04-12;2095;804;91519;29979;16.3;5.3
84;2021-04-13;2942;1365;94461;31344;16.8;5.6
84;2021-04-14;2811;1351;97272;32695;17.3;5.8
84;2021-04-15;3274;1422;100546;34117;17.9;6.1
84;2021-04-16;3431;1549;103977;35666;18.5;6.4
84;2021-04-17;1666;200;105643;35866;18.8;6.4
84;2021-04-18;38;1;105681;35867;18.8;6.4
84;2021-04-19;2507;920;108188;36787;19.3;6.6
84;2021-04-20;2626;1527;110814;38314;19.8;6.8
84;2021-04-21;2652;1483;113466;39797;20.2;7.1
84;2021-04-22;3014;1739;116480;41536;20.8;7.4
84;2021-04-23;3040;1905;119520;43441;21.3;7.7
84;2021-04-24;1531;288;121051;43729;21.6;7.8
84;2021-04-25;27;2;121078;43731;21.6;7.8
84;2021-04-26;2198;1364;123276;45095;22.0;8.0
84;2021-04-27;2555;1979;125831;47074;22.4;8.4
84;2021-04-28;2819;1844;128650;48918;22.9;8.7
84;2021-04-29;3420;2048;132070;50966;23.5;9.1
84;2021-04-30;3134;2426;135204;53392;24.1;9.5
84;2021-05-01;457;259;135661;53651;24.2;9.6
84;2021-05-02;2;0;135663;53651;24.2;9.6
84;2021-05-03;2164;1629;137827;55280;24.6;9.9
84;2021-05-04;2489;2533;140316;57813;25.0;10.3
84;2021-05-05;2352;2225;142668;60038;25.4;10.7
84;2021-05-06;3224;2260;145892;62298;26.0;11.1
84;2021-05-07;2766;2558;148658;64856;26.5;11.6
84;2021-05-08;1158;527;149816;65383;26.7;11.7
84;2021-05-09;7;52;149823;65435;26.7;11.7
84;2021-05-10;2159;2466;151982;67901;27.1;12.1
84;2021-05-11;2907;3156;154889;71057;27.6;12.7
84;2021-05-12;2848;2922;157737;73979;28.1;13.2
84;2021-05-13;2159;847;159896;74826;28.5;13.3
84;2021-05-14;2729;2037;162625;76863;29.0;13.7
84;2021-05-15;2001;986;164626;77849;29.3;13.9
84;2021-05-16;1340;186;165966;78035;29.6;13.9
84;2021-05-17;2223;2156;168189;80191;30.0;14.3
84;2021-05-18;2904;2112;171093;82303;30.5;14.7
84;2021-05-19;3231;1664;174324;83967;31.1;15.0
84;2021-05-20;3702;2210;178026;86177;31.7;15.4
84;2021-05-21;3472;2333;181498;88510;32.4;15.8
84;2021-05-22;1584;681;183082;89191;32.6;15.9
84;2021-05-23;6;9;183088;89200;32.6;15.9
84;2021-05-24;1840;424;184928;89624;33.0;16.0
84;2021-05-25;2984;2189;187912;91813;33.5;16.4
84;2021-05-26;3076;2090;190988;93903;34.0;16.7
84;2021-05-27;3859;2311;194847;96214;34.7;17.2
84;2021-05-28;3182;3302;198029;99516;35.3;17.7
84;2021-05-29;1093;1649;199122;101165;35.5;18.0
84;2021-05-30;9;85;199131;101250;35.5;18.0
84;2021-05-31;2190;2638;201321;103888;35.9;18.5
84;2021-06-01;3144;3162;204465;107050;36.4;19.1
84;2021-06-02;3173;2629;207638;109679;37.0;19.6
84;2021-06-03;4116;2993;211754;112672;37.7;20.1
84;2021-06-04;3616;3022;215370;115694;38.4;20.6
84;2021-06-05;1784;1501;217154;117195;38.7;20.9
84;2021-06-06;989;208;218143;117403;38.9;20.9
84;2021-06-07;2452;2760;220595;120163;39.3;21.4
84;2021-06-08;3319;3055;223914;123218;39.9;22.0
84;2021-06-09;3034;2686;226948;125904;40.5;22.4
84;2021-06-10;3514;2790;230462;128694;41.1;22.9
84;2021-06-11;3032;3069;233494;131763;41.6;23.5
84;2021-06-12;1965;1308;235459;133071;42.0;23.7
84;2021-06-13;414;213;235873;133284;42.0;23.8
84;2021-06-14;1929;3153;237802;136437;42.4;24.3
84;2021-06-15;2575;3455;240377;139892;42.8;24.9
84;2021-06-16;2527;2961;242904;142853;43.3;25.5
84;2021-06-17;2997;3481;245901;146334;43.8;26.1
84;2021-06-18;2425;3551;248326;149885;44.3;26.7
84;2021-06-19;1288;1551;249614;151436;44.5;27.0
84;2021-06-20;549;354;250163;151790;44.6;27.1
84;2021-06-21;1571;3136;251734;154926;44.9;27.6
84;2021-06-22;2164;4013;253898;158939;45.3;28.3
84;2021-06-23;2119;3306;256017;162245;45.6;28.9
84;2021-06-24;2202;3485;258219;165730;46.0;29.5
84;2021-06-25;1836;3887;260055;169617;46.4;30.2
84;2021-06-26;1132;1815;261187;171432;46.6;30.6
84;2021-06-27;297;345;261484;171777;46.6;30.6
84;2021-06-28;1207;3224;262691;175001;46.8;31.2
84;2021-06-29;1482;4052;264173;179053;47.1;31.9
84;2021-06-30;1716;3968;265889;183021;47.4;32.6
84;2021-07-01;1819;3956;267708;186977;47.7;33.3
84;2021-07-02;1752;3900;269460;190877;48.0;34.0
84;2021-07-03;1103;2030;270563;192907;48.2;34.4
84;2021-07-04;395;416;270958;193323;48.3;34.5
84;2021-07-05;1547;3542;272505;196865;48.6;35.1
84;2021-07-06;1639;4166;274144;201031;48.9;35.8
84;2021-07-07;1677;3103;275821;204134;49.2;36.4
84;2021-07-08;2161;3747;277982;207881;49.6;37.1
84;2021-07-09;1876;3971;279858;211852;49.9;37.8
84;2021-07-10;1256;2162;281114;214014;50.1;38.1
84;2021-07-11;357;303;281471;214317;50.2;38.2
84;2021-07-12;1411;3838;282882;218155;50.4;38.9
84;2021-07-13;2336;5011;285218;223166;50.8;39.8
84;2021-07-14;1886;1249;287104;224415;51.2;40.0
84;2021-07-15;2705;4554;289809;228969;51.7;40.8
84;2021-07-16;2781;4603;292590;233572;52.2;41.6
84;2021-07-17;1590;2449;294180;236021;52.4;42.1
84;2021-07-18;1018;551;295198;236572;52.6;42.2
84;2021-07-19;2417;3745;297615;240317;53.1;42.8
84;2021-07-20;2957;4170;300572;244487;53.6;43.6
84;2021-07-21;3187;3655;303759;248142;54.1;44.2
84;2021-07-22;3782;3793;307541;251935;54.8;44.9
84;2021-07-23;3523;3681;311064;255616;55.4;45.6
84;2021-07-24;1471;2248;312535;257864;55.7;46.0
84;2021-07-25;1034;512;313569;258376;55.9;46.1
84;2021-07-26;2725;3034;316294;261410;56.4;46.6
84;2021-07-27;3449;3568;319743;264978;57.0;47.2
84;2021-07-28;3870;3308;323613;268286;57.7;47.8
84;2021-07-29;4227;3155;327840;271441;58.4;48.4
84;2021-07-30;4029;3327;331869;274768;59.2;49.0
84;2021-07-31;2002;1691;333871;276459;59.5;49.3
84;2021-08-01;820;432;334691;276891;59.7;49.4
84;2021-08-02;2989;2693;337680;279584;60.2;49.8
84;2021-08-03;4112;2797;341792;282381;60.9;50.3
84;2021-08-04;3917;2606;345709;284987;61.6;50.8
84;2021-08-05;3885;2580;349594;287567;62.3;51.3
84;2021-08-06;3697;2869;353291;290436;63.0;51.8
84;2021-08-07;2079;1743;355370;292179;63.3;52.1
84;2021-08-08;386;735;355756;292914;63.4;52.2
84;2021-08-09;2939;2602;358695;295516;63.9;52.7
84;2021-08-10;3744;2950;362439;298466;64.6;53.2
84;2021-08-11;3272;2672;365711;301138;65.2;53.7
84;2021-08-12;3174;2981;368885;304119;65.8;54.2
84;2021-08-13;2925;2695;371810;306814;66.3;54.7
84;2021-08-14;1734;1744;373544;308558;66.6;55.0
84;2021-08-15;290;228;373834;308786;66.6;55.0
84;2021-08-16;2404;3078;376238;311864;67.1;55.6
84;2021-08-17;2704;3257;378942;315121;67.5;56.2
84;2021-08-18;2414;2797;381356;317918;68.0;56.7
84;2021-08-19;2276;3118;383632;321036;68.4;57.2
84;2021-08-20;2190;3303;385822;324339;68.8;57.8
84;2021-08-21;1226;1882;387048;326221;69.0;58.2
84;2021-08-22;167;738;387215;326959;69.0;58.3
84;2021-08-23;1748;3294;388963;330253;69.3;58.9
84;2021-08-24;1898;3462;390861;333715;69.7;59.5
84;2021-08-25;1835;3349;392696;337064;70.0;60.1
84;2021-08-26;1630;3627;394326;340691;70.3;60.7
84;2021-08-27;1596;3812;395922;344503;70.6;61.4
84;2021-08-28;912;2179;396834;346682;70.7;61.8
84;2021-08-29;174;607;397008;347289;70.8;61.9
84;2021-08-30;1371;3278;398379;350567;71.0;62.5
84;2021-08-31;1354;4150;399733;354717;71.3;63.2
84;2021-09-01;1232;3590;400965;358307;71.5;63.9
84;2021-09-02;1191;3202;402156;361509;71.7;64.4
84;2021-09-03;1269;3551;403425;365060;71.9;65.1
84;2021-09-04;740;2175;404165;367235;72.0;65.5
84;2021-09-05;124;474;404289;367709;72.1;65.5
84;2021-09-06;787;2479;405076;370188;72.2;66.0
84;2021-09-07;1018;2744;406094;372932;72.4;66.5
84;2021-09-08;903;2913;406997;375845;72.5;67.0
84;2021-09-09;882;2433;407879;378278;72.7;67.4
84;2021-09-10;922;2898;408801;381176;72.9;67.9
84;2021-09-11;569;1912;409370;383088;73.0;68.3
84;2021-09-12;115;299;409485;383387;73.0;68.3
84;2021-09-13;690;1941;410175;385328;73.1;68.7
85;2020-12-27;1;0;1;0;0.0;0.0
85;2020-12-28;0;0;1;0;0.0;0.0
85;2020-12-29;0;0;1;0;0.0;0.0
85;2020-12-30;0;0;1;0;0.0;0.0
85;2020-12-31;0;0;1;0;0.0;0.0
85;2021-01-01;0;0;1;0;0.0;0.0
85;2021-01-02;0;0;1;0;0.0;0.0
85;2021-01-03;1;0;2;0;0.0;0.0
85;2021-01-04;26;0;28;0;0.0;0.0
85;2021-01-05;62;0;90;0;0.0;0.0
85;2021-01-06;107;1;197;1;0.0;0.0
85;2021-01-07;203;0;400;1;0.1;0.0
85;2021-01-08;293;2;693;3;0.1;0.0
85;2021-01-09;288;1;981;4;0.1;0.0
85;2021-01-10;59;0;1040;4;0.2;0.0
85;2021-01-11;453;0;1493;4;0.2;0.0
85;2021-01-12;586;1;2079;5;0.3;0.0
85;2021-01-13;544;2;2623;7;0.4;0.0
85;2021-01-14;683;4;3306;11;0.5;0.0
85;2021-01-15;439;3;3745;14;0.5;0.0
85;2021-01-16;264;2;4009;16;0.6;0.0
85;2021-01-17;37;0;4046;16;0.6;0.0
85;2021-01-18;999;1;5045;17;0.7;0.0
85;2021-01-19;1429;10;6474;27;0.9;0.0
85;2021-01-20;1875;2;8349;29;1.2;0.0
85;2021-01-21;3222;10;11571;39;1.7;0.0
85;2021-01-22;1700;19;13271;58;1.9;0.0
85;2021-01-23;466;1;13737;59;2.0;0.0
85;2021-01-24;50;0;13787;59;2.0;0.0
85;2021-01-25;577;0;14364;59;2.1;0.0
85;2021-01-26;877;33;15241;92;2.2;0.0
85;2021-01-27;1810;32;17051;124;2.5;0.0
85;2021-01-28;1637;38;18688;162;2.7;0.0
85;2021-01-29;875;63;19563;225;2.9;0.0
85;2021-01-30;149;5;19712;230;2.9;0.0
85;2021-01-31;2;41;19714;271;2.9;0.0
85;2021-02-01;484;98;20198;369;3.0;0.1
85;2021-02-02;537;172;20735;541;3.0;0.1
85;2021-02-03;415;250;21150;791;3.1;0.1
85;2021-02-04;621;253;21771;1044;3.2;0.2
85;2021-02-05;624;255;22395;1299;3.3;0.2
85;2021-02-06;158;218;22553;1517;3.3;0.2
85;2021-02-07;1;0;22554;1517;3.3;0.2
85;2021-02-08;388;499;22942;2016;3.4;0.3
85;2021-02-09;663;988;23605;3004;3.5;0.4
85;2021-02-10;583;1050;24188;4054;3.5;0.6
85;2021-02-11;1542;2885;25730;6939;3.8;1.0
85;2021-02-12;1013;1193;26743;8132;3.9;1.2
85;2021-02-13;251;437;26994;8569;4.0;1.3
85;2021-02-14;2;87;26996;8656;4.0;1.3
85;2021-02-15;337;663;27333;9319;4.0;1.4
85;2021-02-16;569;1022;27902;10341;4.1;1.5
85;2021-02-17;785;1466;28687;11807;4.2;1.7
85;2021-02-18;1277;1819;29964;13626;4.4;2.0
85;2021-02-19;956;1093;30920;14719;4.5;2.2
85;2021-02-20;174;192;31094;14911;4.6;2.2
85;2021-02-21;1;11;31095;14922;4.6;2.2
85;2021-02-22;814;752;31909;15674;4.7;2.3
85;2021-02-23;828;388;32737;16062;4.8;2.4
85;2021-02-24;757;246;33494;16308;4.9;2.4
85;2021-02-25;1336;322;34830;16630;5.1;2.4
85;2021-02-26;1230;255;36060;16885;5.3;2.5
85;2021-02-27;401;78;36461;16963;5.3;2.5
85;2021-02-28;7;1;36468;16964;5.3;2.5
85;2021-03-01;765;367;37233;17331;5.4;2.5
85;2021-03-02;1100;679;38333;18010;5.6;2.6
85;2021-03-03;844;443;39177;18453;5.7;2.7
85;2021-03-04;1577;1091;40754;19544;6.0;2.9
85;2021-03-05;1741;757;42495;20301;6.2;3.0
85;2021-03-06;1227;117;43722;20418;6.4;3.0
85;2021-03-07;333;32;44055;20450;6.4;3.0
85;2021-03-08;1741;408;45796;20858;6.7;3.1
85;2021-03-09;2239;541;48035;21399;7.0;3.1
85;2021-03-10;1862;626;49897;22025;7.3;3.2
85;2021-03-11;3119;1049;53016;23074;7.8;3.4
85;2021-03-12;2730;829;55746;23903;8.2;3.5
85;2021-03-13;1372;154;57118;24057;8.4;3.5
85;2021-03-14;182;3;57300;24060;8.4;3.5
85;2021-03-15;1919;510;59219;24570;8.7;3.6
85;2021-03-16;1630;511;60849;25081;8.9;3.7
85;2021-03-17;980;524;61829;25605;9.1;3.7
85;2021-03-18;1904;452;63733;26057;9.3;3.8
85;2021-03-19;2200;365;65933;26422;9.7;3.9
85;2021-03-20;1069;179;67002;26601;9.8;3.9
85;2021-03-21;272;5;67274;26606;9.8;3.9
85;2021-03-22;1764;553;69038;27159;10.1;4.0
85;2021-03-23;2421;733;71459;27892;10.5;4.1
85;2021-03-24;2207;521;73666;28413;10.8;4.2
85;2021-03-25;3649;596;77315;29009;11.3;4.2
85;2021-03-26;3357;648;80672;29657;11.8;4.3
85;2021-03-27;1729;124;82401;29781;12.1;4.4
85;2021-03-28;541;4;82942;29785;12.1;4.4
85;2021-03-29;2414;757;85356;30542;12.5;4.5
85;2021-03-30;2865;1022;88221;31564;12.9;4.6
85;2021-03-31;2200;676;90421;32240;13.2;4.7
85;2021-04-01;3880;913;94301;33153;13.8;4.9
85;2021-04-02;2708;1102;97009;34255;14.2;5.0
85;2021-04-03;1413;322;98422;34577;14.4;5.1
85;2021-04-04;324;29;98746;34606;14.5;5.1
85;2021-04-05;104;175;98850;34781;14.5;5.1
85;2021-04-06;2200;1592;101050;36373;14.8;5.3
85;2021-04-07;3094;1188;104144;37561;15.2;5.5
85;2021-04-08;4544;1600;108688;39161;15.9;5.7
85;2021-04-09;4605;1224;113293;40385;16.6;5.9
85;2021-04-10;1867;400;115160;40785;16.9;6.0
85;2021-04-11;27;10;115187;40795;16.9;6.0
85;2021-04-12;4286;1488;119473;42283;17.5;6.2
85;2021-04-13;4836;1867;124309;44150;18.2;6.5
85;2021-04-14;3962;1010;128271;45160;18.8;6.6
85;2021-04-15;5519;1740;133790;46900;19.6;6.9
85;2021-04-16;5241;1543;139031;48443;20.4;7.1
85;2021-04-17;1382;436;140413;48879;20.6;7.2
85;2021-04-18;351;12;140764;48891;20.6;7.2
85;2021-04-19;3368;1699;144132;50590;21.1;7.4
85;2021-04-20;3694;1928;147826;52518;21.6;7.7
85;2021-04-21;2693;1692;150519;54210;22.0;7.9
85;2021-04-22;3806;2230;154325;56440;22.6;8.3
85;2021-04-23;3902;2090;158227;58530;23.2;8.6
85;2021-04-24;1662;1533;159889;60063;23.4;8.8
85;2021-04-25;981;564;160870;60627;23.5;8.9
85;2021-04-26;3589;2352;164459;62979;24.1;9.2
85;2021-04-27;4393;2154;168852;65133;24.7;9.5
85;2021-04-28;5747;1256;174599;66389;25.6;9.7
85;2021-04-29;5635;1998;180234;68387;26.4;10.0
85;2021-04-30;5576;1672;185810;70059;27.2;10.3
85;2021-05-01;1736;638;187546;70697;27.5;10.3
85;2021-05-02;873;471;188419;71168;27.6;10.4
85;2021-05-03;3494;2387;191913;73555;28.1;10.8
85;2021-05-04;3487;3084;195400;76639;28.6;11.2
85;2021-05-05;4532;2165;199932;78804;29.3;11.5
85;2021-05-06;4921;2597;204853;81401;30.0;11.9
85;2021-05-07;3932;3852;208785;85253;30.6;12.5
85;2021-05-08;2246;232;211031;85485;30.9;12.5
85;2021-05-09;1509;183;212540;85668;31.1;12.5
85;2021-05-10;3211;4919;215751;90587;31.6;13.3
85;2021-05-11;4027;4968;219778;95555;32.2;14.0
85;2021-05-12;5020;3936;224798;99491;32.9;14.6
85;2021-05-13;5146;613;229944;100104;33.7;14.7
85;2021-05-14;4358;3166;234302;103270;34.3;15.1
85;2021-05-15;2327;771;236629;104041;34.6;15.2
85;2021-05-16;2213;162;238842;104203;35.0;15.3
85;2021-05-17;4145;3374;242987;107577;35.6;15.7
85;2021-05-18;5215;2854;248202;110431;36.3;16.2
85;2021-05-19;6493;1770;254695;112201;37.3;16.4
85;2021-05-20;6775;2178;261470;114379;38.3;16.7
85;2021-05-21;5499;2738;266969;117117;39.1;17.1
85;2021-05-22;2584;749;269553;117866;39.5;17.3
85;2021-05-23;1329;161;270882;118027;39.6;17.3
85;2021-05-24;4573;437;275455;118464;40.3;17.3
85;2021-05-25;4517;3563;279972;122027;41.0;17.9
85;2021-05-26;4946;2679;284918;124706;41.7;18.3
85;2021-05-27;4960;3693;289878;128399;42.4;18.8
85;2021-05-28;5253;4055;295131;132454;43.2;19.4
85;2021-05-29;3962;1527;299093;133981;43.8;19.6
85;2021-05-30;1292;125;300385;134106;44.0;19.6
85;2021-05-31;4690;3379;305075;137485;44.7;20.1
85;2021-06-01;5406;3396;310481;140881;45.4;20.6
85;2021-06-02;5557;2516;316038;143397;46.3;21.0
85;2021-06-03;5917;3233;321955;146630;47.1;21.5
85;2021-06-04;5841;3814;327796;150444;48.0;22.0
85;2021-06-05;2848;1937;330644;152381;48.4;22.3
85;2021-06-06;1511;803;332155;153184;48.6;22.4
85;2021-06-07;3237;4860;335392;158044;49.1;23.1
85;2021-06-08;4091;4523;339483;162567;49.7;23.8
85;2021-06-09;4848;3509;344331;166076;50.4;24.3
85;2021-06-10;5201;3699;349532;169775;51.2;24.9
85;2021-06-11;4507;4660;354039;174435;51.8;25.5
85;2021-06-12;1492;1795;355531;176230;52.0;25.8
85;2021-06-13;1220;673;356751;176903;52.2;25.9
85;2021-06-14;2682;5094;359433;181997;52.6;26.6
85;2021-06-15;3715;4928;363148;186925;53.2;27.4
85;2021-06-16;4083;3906;367231;190831;53.8;27.9
85;2021-06-17;3940;3900;371171;194731;54.3;28.5
85;2021-06-18;3626;5683;374797;200414;54.9;29.3
85;2021-06-19;1213;2029;376010;202443;55.0;29.6
85;2021-06-20;140;521;376150;202964;55.1;29.7
85;2021-06-21;2376;5812;378526;208776;55.4;30.6
85;2021-06-22;2849;5729;381375;214505;55.8;31.4
85;2021-06-23;3391;4500;384766;219005;56.3;32.1
85;2021-06-24;3642;4562;388408;223567;56.9;32.7
85;2021-06-25;2290;6179;390698;229746;57.2;33.6
85;2021-06-26;791;3758;391489;233504;57.3;34.2
85;2021-06-27;125;1370;391614;234874;57.3;34.4
85;2021-06-28;1186;6713;392800;241587;57.5;35.4
85;2021-06-29;1757;6871;394557;248458;57.8;36.4
85;2021-06-30;2213;6209;396770;254667;58.1;37.3
85;2021-07-01;2844;6059;399614;260726;58.5;38.2
85;2021-07-02;2332;7017;401946;267743;58.8;39.2
85;2021-07-03;618;3164;402564;270907;58.9;39.7
85;2021-07-04;145;1086;402709;271993;58.9;39.8
85;2021-07-05;1084;6653;403793;278646;59.1;40.8
85;2021-07-06;1582;6456;405375;285102;59.3;41.7
85;2021-07-07;1650;5862;407025;290964;59.6;42.6
85;2021-07-08;2166;5441;409191;296405;59.9;43.4
85;2021-07-09;1647;7096;410838;303501;60.1;44.4
85;2021-07-10;565;2836;411403;306337;60.2;44.8
85;2021-07-11;529;1288;411932;307625;60.3;45.0
85;2021-07-12;1409;7049;413341;314674;60.5;46.1
85;2021-07-13;2061;7389;415402;322063;60.8;47.1
85;2021-07-14;1453;2047;416855;324110;61.0;47.4
85;2021-07-15;2681;6939;419536;331049;61.4;48.5
85;2021-07-16;3431;6833;422967;337882;61.9;49.5
85;2021-07-17;1565;2149;424532;340031;62.1;49.8
85;2021-07-18;1150;1154;425682;341185;62.3;49.9
85;2021-07-19;3557;6230;429239;347415;62.8;50.9
85;2021-07-20;4301;6214;433540;353629;63.5;51.8
85;2021-07-21;3998;6195;437538;359824;64.0;52.7
85;2021-07-22;3907;6188;441445;366012;64.6;53.6
85;2021-07-23;4531;6707;445976;372719;65.3;54.6
85;2021-07-24;1047;2292;447023;375011;65.4;54.9
85;2021-07-25;491;303;447514;375314;65.5;54.9
85;2021-07-26;4515;5361;452029;380675;66.2;55.7
85;2021-07-27;5321;5397;457350;386072;66.9;56.5
85;2021-07-28;4964;4970;462314;391042;67.7;57.2
85;2021-07-29;5879;4733;468193;395775;68.5;57.9
85;2021-07-30;6029;4949;474222;400724;69.4;58.7
85;2021-07-31;1233;1575;475455;402299;69.6;58.9
85;2021-08-01;471;195;475926;402494;69.7;58.9
85;2021-08-02;4949;3951;480875;406445;70.4;59.5
85;2021-08-03;6525;3351;487400;409796;71.3;60.0
85;2021-08-04;6629;3424;494029;413220;72.3;60.5
85;2021-08-05;6194;3605;500223;416825;73.2;61.0
85;2021-08-06;5813;4515;506036;421340;74.1;61.7
85;2021-08-07;1506;1180;507542;422520;74.3;61.8
85;2021-08-08;331;232;507873;422752;74.3;61.9
85;2021-08-09;4149;3276;512022;426028;74.9;62.4
85;2021-08-10;4829;3419;516851;429447;75.7;62.9
85;2021-08-11;4669;4215;521520;433662;76.3;63.5
85;2021-08-12;4472;4298;525992;437960;77.0;64.1
85;2021-08-13;3886;3648;529878;441608;77.6;64.6
85;2021-08-14;1025;1089;530903;442697;77.7;64.8
85;2021-08-15;160;239;531063;442936;77.7;64.8
85;2021-08-16;2839;4772;533902;447708;78.1;65.5
85;2021-08-17;2970;4354;536872;452062;78.6;66.2
85;2021-08-18;3151;4105;540023;456167;79.0;66.8
85;2021-08-19;2727;4273;542750;460440;79.4;67.4
85;2021-08-20;2477;5225;545227;465665;79.8;68.2
85;2021-08-21;692;1395;545919;467060;79.9;68.4
85;2021-08-22;343;1018;546262;468078;80.0;68.5
85;2021-08-23;1872;5370;548134;473448;80.2;69.3
85;2021-08-24;1822;4866;549956;478314;80.5;70.0
85;2021-08-25;1643;4833;551599;483147;80.7;70.7
85;2021-08-26;1538;4765;553137;487912;81.0;71.4
85;2021-08-27;1691;5516;554828;493428;81.2;72.2
85;2021-08-28;569;1345;555397;494773;81.3;72.4
85;2021-08-29;127;988;555524;495761;81.3;72.6
85;2021-08-30;1120;4972;556644;500733;81.5;73.3
85;2021-08-31;1125;5450;557769;506183;81.6;74.1
85;2021-09-01;1135;5226;558904;511409;81.8;74.9
85;2021-09-02;988;4373;559892;515782;82.0;75.5
85;2021-09-03;1239;4536;561131;520318;82.1;76.2
85;2021-09-04;369;1385;561500;521703;82.2;76.4
85;2021-09-05;42;195;561542;521898;82.2;76.4
85;2021-09-06;850;3824;562392;525722;82.3;77.0
85;2021-09-07;841;3312;563233;529034;82.4;77.4
85;2021-09-08;865;3649;564098;532683;82.6;78.0
85;2021-09-09;646;2978;564744;535661;82.7;78.4
85;2021-09-10;790;3641;565534;539302;82.8;78.9
85;2021-09-11;244;1402;565778;540704;82.8;79.1
85;2021-09-12;15;56;565793;540760;82.8;79.2
85;2021-09-13;539;2607;566332;543367;82.9;79.5
86;2020-12-27;0;0;0;0;0.0;0.0
86;2020-12-28;1;0;1;0;0.0;0.0
86;2020-12-29;1;0;2;0;0.0;0.0
86;2020-12-30;0;0;2;0;0.0;0.0
86;2020-12-31;0;0;2;0;0.0;0.0
86;2021-01-01;0;0;2;0;0.0;0.0
86;2021-01-02;0;0;2;0;0.0;0.0
86;2021-01-03;2;0;4;0;0.0;0.0
86;2021-01-04;0;0;4;0;0.0;0.0
86;2021-01-05;1;0;5;0;0.0;0.0
86;2021-01-06;178;0;183;0;0.0;0.0
86;2021-01-07;672;0;855;0;0.2;0.0
86;2021-01-08;610;2;1465;2;0.3;0.0
86;2021-01-09;0;0;1465;2;0.3;0.0
86;2021-01-10;173;0;1638;2;0.4;0.0
86;2021-01-11;305;0;1943;2;0.4;0.0
86;2021-01-12;460;0;2403;2;0.5;0.0
86;2021-01-13;336;0;2739;2;0.6;0.0
86;2021-01-14;551;1;3290;3;0.8;0.0
86;2021-01-15;544;0;3834;3;0.9;0.0
86;2021-01-16;2;0;3836;3;0.9;0.0
86;2021-01-17;0;0;3836;3;0.9;0.0
86;2021-01-18;564;0;4400;3;1.0;0.0
86;2021-01-19;1915;1;6315;4;1.4;0.0
86;2021-01-20;1463;10;7778;14;1.8;0.0
86;2021-01-21;1292;0;9070;14;2.1;0.0
86;2021-01-22;833;0;9903;14;2.3;0.0
86;2021-01-23;313;0;10216;14;2.3;0.0
86;2021-01-24;0;0;10216;14;2.3;0.0
86;2021-01-25;586;104;10802;118;2.5;0.0
86;2021-01-26;751;110;11553;228;2.6;0.1
86;2021-01-27;765;140;12318;368;2.8;0.1
86;2021-01-28;1048;383;13366;751;3.1;0.2
86;2021-01-29;880;196;14246;947;3.3;0.2
86;2021-01-30;275;94;14521;1041;3.3;0.2
86;2021-01-31;57;157;14578;1198;3.3;0.3
86;2021-02-01;434;193;15012;1391;3.4;0.3
86;2021-02-02;574;370;15586;1761;3.6;0.4
86;2021-02-03;525;214;16111;1975;3.7;0.5
86;2021-02-04;478;349;16589;2324;3.8;0.5
86;2021-02-05;437;673;17026;2997;3.9;0.7
86;2021-02-06;148;178;17174;3175;3.9;0.7
86;2021-02-07;120;8;17294;3183;4.0;0.7
86;2021-02-08;361;251;17655;3434;4.0;0.8
86;2021-02-09;753;1051;18408;4485;4.2;1.0
86;2021-02-10;975;865;19383;5350;4.4;1.2
86;2021-02-11;1009;888;20392;6238;4.7;1.4
86;2021-02-12;747;319;21139;6557;4.8;1.5
86;2021-02-13;193;69;21332;6626;4.9;1.5
86;2021-02-14;1;34;21333;6660;4.9;1.5
86;2021-02-15;243;395;21576;7055;4.9;1.6
86;2021-02-16;384;711;21960;7766;5.0;1.8
86;2021-02-17;453;792;22413;8558;5.1;2.0
86;2021-02-18;422;779;22835;9337;5.2;2.1
86;2021-02-19;601;541;23436;9878;5.4;2.3
86;2021-02-20;115;135;23551;10013;5.4;2.3
86;2021-02-21;1;0;23552;10013;5.4;2.3
86;2021-02-22;241;346;23793;10359;5.4;2.4
86;2021-02-23;369;516;24162;10875;5.5;2.5
86;2021-02-24;409;501;24571;11376;5.6;2.6
86;2021-02-25;902;583;25473;11959;5.8;2.7
86;2021-02-26;1029;473;26502;12432;6.1;2.8
86;2021-02-27;460;129;26962;12561;6.2;2.9
86;2021-02-28;3;2;26965;12563;6.2;2.9
86;2021-03-01;232;454;27197;13017;6.2;3.0
86;2021-03-02;1142;770;28339;13787;6.5;3.2
86;2021-03-03;794;562;29133;14349;6.7;3.3
86;2021-03-04;1495;598;30628;14947;7.0;3.4
86;2021-03-05;1578;293;32206;15240;7.4;3.5
86;2021-03-06;995;155;33201;15395;7.6;3.5
86;2021-03-07;371;29;33572;15424;7.7;3.5
86;2021-03-08;472;499;34044;15923;7.8;3.6
86;2021-03-09;1368;492;35412;16415;8.1;3.8
86;2021-03-10;948;582;36360;16997;8.3;3.9
86;2021-03-11;1798;457;38158;17454;8.7;4.0
86;2021-03-12;2208;424;40366;17878;9.2;4.1
86;2021-03-13;1444;97;41810;17975;9.6;4.1
86;2021-03-14;133;16;41943;17991;9.6;4.1
86;2021-03-15;784;151;42727;18142;9.8;4.1
86;2021-03-16;848;195;43575;18337;10.0;4.2
86;2021-03-17;786;201;44361;18538;10.1;4.2
86;2021-03-18;1005;101;45366;18639;10.4;4.3
86;2021-03-19;2145;307;47511;18946;10.9;4.3
86;2021-03-20;592;129;48103;19075;11.0;4.4
86;2021-03-21;10;0;48113;19075;11.0;4.4
86;2021-03-22;852;274;48965;19349;11.2;4.4
86;2021-03-23;2015;324;50980;19673;11.7;4.5
86;2021-03-24;1557;290;52537;19963;12.0;4.6
86;2021-03-25;2488;342;55025;20305;12.6;4.6
86;2021-03-26;3043;361;58068;20666;13.3;4.7
86;2021-03-27;733;142;58801;20808;13.4;4.8
86;2021-03-28;5;124;58806;20932;13.4;4.8
86;2021-03-29;1259;390;60065;21322;13.7;4.9
86;2021-03-30;2403;821;62468;22143;14.3;5.1
86;2021-03-31;1511;624;63979;22767;14.6;5.2
86;2021-04-01;2245;942;66224;23709;15.1;5.4
86;2021-04-02;1902;550;68126;24259;15.6;5.5
86;2021-04-03;826;324;68952;24583;15.8;5.6
86;2021-04-04;83;109;69035;24692;15.8;5.6
86;2021-04-05;314;5;69349;24697;15.9;5.6
86;2021-04-06;1534;958;70883;25655;16.2;5.9
86;2021-04-07;1634;622;72517;26277;16.6;6.0
86;2021-04-08;2568;760;75085;27037;17.2;6.2
86;2021-04-09;3251;651;78336;27688;17.9;6.3
86;2021-04-10;1663;192;79999;27880;18.3;6.4
86;2021-04-11;442;11;80441;27891;18.4;6.4
86;2021-04-12;821;763;81262;28654;18.6;6.6
86;2021-04-13;2453;940;83715;29594;19.1;6.8
86;2021-04-14;1871;878;85586;30472;19.6;7.0
86;2021-04-15;2276;726;87862;31198;20.1;7.1
86;2021-04-16;2472;1228;90334;32426;20.7;7.4
86;2021-04-17;1039;264;91373;32690;20.9;7.5
86;2021-04-18;119;4;91492;32694;20.9;7.5
86;2021-04-19;746;797;92238;33491;21.1;7.7
86;2021-04-20;2302;1503;94540;34994;21.6;8.0
86;2021-04-21;2107;1126;96647;36120;22.1;8.3
86;2021-04-22;2331;1442;98978;37562;22.6;8.6
86;2021-04-23;2393;1577;101371;39139;23.2;8.9
86;2021-04-24;1300;511;102671;39650;23.5;9.1
86;2021-04-25;825;27;103496;39677;23.7;9.1
86;2021-04-26;2080;891;105576;40568;24.1;9.3
86;2021-04-27;3156;1667;108732;42235;24.9;9.7
86;2021-04-28;3003;1513;111735;43748;25.5;10.0
86;2021-04-29;3557;1831;115292;45579;26.4;10.4
86;2021-04-30;2970;1479;118262;47058;27.0;10.8
86;2021-05-01;1580;198;119842;47256;27.4;10.8
86;2021-05-02;1280;45;121122;47301;27.7;10.8
86;2021-05-03;2563;1005;123685;48306;28.3;11.0
86;2021-05-04;3509;1895;127194;50201;29.1;11.5
86;2021-05-05;3989;1484;131183;51685;30.0;11.8
86;2021-05-06;4291;1649;135474;53334;31.0;12.2
86;2021-05-07;4047;1825;139521;55159;31.9;12.6
86;2021-05-08;1976;396;141497;55555;32.3;12.7
86;2021-05-09;1641;203;143138;55758;32.7;12.7
86;2021-05-10;1958;1176;145096;56934;33.2;13.0
86;2021-05-11;3604;2683;148700;59617;34.0;13.6
86;2021-05-12;2252;1649;150952;61266;34.5;14.0
86;2021-05-13;1687;299;152639;61565;34.9;14.1
86;2021-05-14;2097;788;154736;62353;35.4;14.3
86;2021-05-15;1467;499;156203;62852;35.7;14.4
86;2021-05-16;778;164;156981;63016;35.9;14.4
86;2021-05-17;3221;1058;160202;64074;36.6;14.6
86;2021-05-18;4307;1662;164509;65736;37.6;15.0
86;2021-05-19;3592;1435;168101;67171;38.4;15.4
86;2021-05-20;4376;1618;172477;68789;39.4;15.7
86;2021-05-21;3438;1771;175915;70560;40.2;16.1
86;2021-05-22;2076;664;177991;71224;40.7;16.3
86;2021-05-23;1439;183;179430;71407;41.0;16.3
86;2021-05-24;1848;203;181278;71610;41.4;16.4
86;2021-05-25;2850;1638;184128;73248;42.1;16.7
86;2021-05-26;2727;1528;186855;74776;42.7;17.1
86;2021-05-27;3546;1850;190401;76626;43.5;17.5
86;2021-05-28;2164;2533;192565;79159;44.0;18.1
86;2021-05-29;1527;1286;194092;80445;44.4;18.4
86;2021-05-30;934;132;195026;80577;44.6;18.4
86;2021-05-31;1922;1818;196948;82395;45.0;18.8
86;2021-06-01;2664;2582;199612;84977;45.6;19.4
86;2021-06-02;2305;2659;201917;87636;46.2;20.0
86;2021-06-03;3337;2410;205254;90046;46.9;20.6
86;2021-06-04;2239;2858;207493;92904;47.4;21.2
86;2021-06-05;1502;1575;208995;94479;47.8;21.6
86;2021-06-06;819;900;209814;95379;48.0;21.8
86;2021-06-07;1118;2465;210932;97844;48.2;22.4
86;2021-06-08;1990;3695;212922;101539;48.7;23.2
86;2021-06-09;1902;3315;214824;104854;49.1;24.0
86;2021-06-10;2352;3241;217176;108095;49.7;24.7
86;2021-06-11;1517;2784;218693;110879;50.0;25.3
86;2021-06-12;746;2242;219439;113121;50.2;25.9
86;2021-06-13;214;1477;219653;114598;50.2;26.2
86;2021-06-14;1159;2903;220812;117501;50.5;26.9
86;2021-06-15;1688;4257;222500;121758;50.9;27.8
86;2021-06-16;1809;3135;224309;124893;51.3;28.6
86;2021-06-17;1777;4445;226086;129338;51.7;29.6
86;2021-06-18;1884;4587;227970;133925;52.1;30.6
86;2021-06-19;636;2100;228606;136025;52.3;31.1
86;2021-06-20;173;1319;228779;137344;52.3;31.4
86;2021-06-21;1106;2234;229885;139578;52.6;31.9
86;2021-06-22;1298;3458;231183;143036;52.9;32.7
86;2021-06-23;1364;2400;232547;145436;53.2;33.3
86;2021-06-24;1590;2724;234137;148160;53.5;33.9
86;2021-06-25;1193;3546;235330;151706;53.8;34.7
86;2021-06-26;391;2653;235721;154359;53.9;35.3
86;2021-06-27;138;1633;235859;155992;53.9;35.7
86;2021-06-28;270;3339;236129;159331;54.0;36.4
86;2021-06-29;858;4604;236987;163935;54.2;37.5
86;2021-06-30;1051;2974;238038;166909;54.4;38.2
86;2021-07-01;1541;3004;239579;169913;54.8;38.8
86;2021-07-02;1109;3639;240688;173552;55.0;39.7
86;2021-07-03;517;2394;241205;175946;55.1;40.2
86;2021-07-04;116;1347;241321;177293;55.2;40.5
86;2021-07-05;470;2832;241791;180125;55.3;41.2
86;2021-07-06;989;4107;242780;184232;55.5;42.1
86;2021-07-07;1261;2628;244041;186860;55.8;42.7
86;2021-07-08;1619;3149;245660;190009;56.2;43.4
86;2021-07-09;1747;3083;247407;193092;56.6;44.1
86;2021-07-10;1304;1954;248711;195046;56.9;44.6
86;2021-07-11;482;839;249193;195885;57.0;44.8
86;2021-07-12;850;2400;250043;198285;57.2;45.3
86;2021-07-13;1780;3367;251823;201652;57.6;46.1
86;2021-07-14;785;1232;252608;202884;57.8;46.4
86;2021-07-15;1886;3290;254494;206174;58.2;47.1
86;2021-07-16;1672;2657;256166;208831;58.6;47.7
86;2021-07-17;1351;1601;257517;210432;58.9;48.1
86;2021-07-18;381;907;257898;211339;59.0;48.3
86;2021-07-19;1377;1888;259275;213227;59.3;48.7
86;2021-07-20;2353;2732;261628;215959;59.8;49.4
86;2021-07-21;2306;2161;263934;218120;60.3;49.9
86;2021-07-22;2904;2799;266838;220919;61.0;50.5
86;2021-07-23;2467;2162;269305;223081;61.6;51.0
86;2021-07-24;1548;1224;270853;224305;61.9;51.3
86;2021-07-25;718;322;271571;224627;62.1;51.4
86;2021-07-26;1588;2104;273159;226731;62.5;51.8
86;2021-07-27;3560;2756;276719;229487;63.3;52.5
86;2021-07-28;3285;2140;280004;231627;64.0;53.0
86;2021-07-29;3265;2544;283269;234171;64.8;53.5
86;2021-07-30;2248;2373;285517;236544;65.3;54.1
86;2021-07-31;1429;1059;286946;237603;65.6;54.3
86;2021-08-01;652;338;287598;237941;65.8;54.4
86;2021-08-02;1942;1680;289540;239621;66.2;54.8
86;2021-08-03;3293;1991;292833;241612;66.9;55.2
86;2021-08-04;2741;1785;295574;243397;67.6;55.6
86;2021-08-05;3570;2056;299144;245453;68.4;56.1
86;2021-08-06;2401;1760;301545;247213;68.9;56.5
86;2021-08-07;1577;996;303122;248209;69.3;56.7
86;2021-08-08;954;553;304076;248762;69.5;56.9
86;2021-08-09;1883;1305;305959;250067;69.9;57.2
86;2021-08-10;2684;1779;308643;251846;70.6;57.6
86;2021-08-11;2362;1437;311005;253283;71.1;57.9
86;2021-08-12;2485;1831;313490;255114;71.7;58.3
86;2021-08-13;1838;1489;315328;256603;72.1;58.7
86;2021-08-14;1331;1153;316659;257756;72.4;58.9
86;2021-08-15;563;623;317222;258379;72.5;59.1
86;2021-08-16;1147;1788;318369;260167;72.8;59.5
86;2021-08-17;1557;2217;319926;262384;73.1;60.0
86;2021-08-18;1264;1859;321190;264243;73.4;60.4
86;2021-08-19;1502;2631;322692;266874;73.8;61.0
86;2021-08-20;1256;2609;323948;269483;74.1;61.6
86;2021-08-21;886;2007;324834;271490;74.3;62.1
86;2021-08-22;349;722;325183;272212;74.3;62.2
86;2021-08-23;723;1822;325906;274034;74.5;62.7
86;2021-08-24;1076;2752;326982;276786;74.8;63.3
86;2021-08-25;931;2067;327913;278853;75.0;63.8
86;2021-08-26;912;2813;328825;281666;75.2;64.4
86;2021-08-27;863;2173;329688;283839;75.4;64.9
86;2021-08-28;549;1774;330237;285613;75.5;65.3
86;2021-08-29;113;828;330350;286441;75.5;65.5
86;2021-08-30;684;2121;331034;288562;75.7;66.0
86;2021-08-31;958;3203;331992;291765;75.9;66.7
86;2021-09-01;569;2749;332561;294514;76.0;67.3
86;2021-09-02;745;2825;333306;297339;76.2;68.0
86;2021-09-03;754;2401;334060;299740;76.4;68.5
86;2021-09-04;364;2217;334424;301957;76.5;69.0
86;2021-09-05;27;918;334451;302875;76.5;69.2
86;2021-09-06;355;1753;334806;304628;76.5;69.6
86;2021-09-07;508;2202;335314;306830;76.7;70.1
86;2021-09-08;557;2399;335871;309229;76.8;70.7
86;2021-09-09;572;2001;336443;311230;76.9;71.2
86;2021-09-10;509;2133;336952;313363;77.0;71.6
86;2021-09-11;354;1893;337306;315256;77.1;72.1
86;2021-09-12;101;795;337407;316051;77.1;72.3
86;2021-09-13;319;1426;337726;317477;77.2;72.6
87;2020-12-27;0;0;0;0;0.0;0.0
87;2020-12-28;1;0;1;0;0.0;0.0
87;2020-12-29;0;0;1;0;0.0;0.0
87;2020-12-30;0;0;1;0;0.0;0.0
87;2020-12-31;0;0;1;0;0.0;0.0
87;2021-01-01;0;0;1;0;0.0;0.0
87;2021-01-02;0;0;1;0;0.0;0.0
87;2021-01-03;0;0;1;0;0.0;0.0
87;2021-01-04;2;0;3;0;0.0;0.0
87;2021-01-05;1;0;4;0;0.0;0.0
87;2021-01-06;10;0;14;0;0.0;0.0
87;2021-01-07;301;0;315;0;0.1;0.0
87;2021-01-08;407;0;722;0;0.2;0.0
87;2021-01-09;65;0;787;0;0.2;0.0
87;2021-01-10;35;0;822;0;0.2;0.0
87;2021-01-11;424;0;1246;0;0.3;0.0
87;2021-01-12;653;0;1899;0;0.5;0.0
87;2021-01-13;660;3;2559;3;0.7;0.0
87;2021-01-14;517;10;3076;13;0.8;0.0
87;2021-01-15;533;3;3609;16;1.0;0.0
87;2021-01-16;204;1;3813;17;1.0;0.0
87;2021-01-17;1;0;3814;17;1.0;0.0
87;2021-01-18;646;5;4460;22;1.2;0.0
87;2021-01-19;656;1;5116;23;1.4;0.0
87;2021-01-20;674;3;5790;26;1.6;0.0
87;2021-01-21;717;0;6507;26;1.8;0.0
87;2021-01-22;758;4;7265;30;2.0;0.0
87;2021-01-23;287;0;7552;30;2.0;0.0
87;2021-01-24;0;0;7552;30;2.0;0.0
87;2021-01-25;620;10;8172;40;2.2;0.0
87;2021-01-26;570;47;8742;87;2.4;0.0
87;2021-01-27;572;36;9314;123;2.5;0.0
87;2021-01-28;857;92;10171;215;2.7;0.1
87;2021-01-29;740;239;10911;454;2.9;0.1
87;2021-01-30;326;66;11237;520;3.0;0.1
87;2021-01-31;34;71;11271;591;3.0;0.2
87;2021-02-01;413;280;11684;871;3.2;0.2
87;2021-02-02;453;410;12137;1281;3.3;0.3
87;2021-02-03;540;351;12677;1632;3.4;0.4
87;2021-02-04;612;548;13289;2180;3.6;0.6
87;2021-02-05;342;352;13631;2532;3.7;0.7
87;2021-02-06;55;110;13686;2642;3.7;0.7
87;2021-02-07;20;0;13706;2642;3.7;0.7
87;2021-02-08;245;374;13951;3016;3.8;0.8
87;2021-02-09;219;452;14170;3468;3.8;0.9
87;2021-02-10;262;514;14432;3982;3.9;1.1
87;2021-02-11;286;425;14718;4407;4.0;1.2
87;2021-02-12;287;412;15005;4819;4.0;1.3
87;2021-02-13;25;138;15030;4957;4.1;1.3
87;2021-02-14;0;2;15030;4959;4.1;1.3
87;2021-02-15;237;304;15267;5263;4.1;1.4
87;2021-02-16;330;245;15597;5508;4.2;1.5
87;2021-02-17;330;311;15927;5819;4.3;1.6
87;2021-02-18;478;553;16405;6372;4.4;1.7
87;2021-02-19;404;420;16809;6792;4.5;1.8
87;2021-02-20;123;145;16932;6937;4.6;1.9
87;2021-02-21;2;9;16934;6946;4.6;1.9
87;2021-02-22;440;458;17374;7404;4.7;2.0
87;2021-02-23;557;524;17931;7928;4.8;2.1
87;2021-02-24;451;504;18382;8432;5.0;2.3
87;2021-02-25;790;590;19172;9022;5.2;2.4
87;2021-02-26;841;384;20013;9406;5.4;2.5
87;2021-02-27;405;152;20418;9558;5.5;2.6
87;2021-02-28;3;0;20421;9558;5.5;2.6
87;2021-03-01;518;307;20939;9865;5.6;2.7
87;2021-03-02;1030;322;21969;10187;5.9;2.7
87;2021-03-03;1174;287;23143;10474;6.2;2.8
87;2021-03-04;1406;311;24549;10785;6.6;2.9
87;2021-03-05;1770;243;26319;11028;7.1;3.0
87;2021-03-06;1048;37;27367;11065;7.4;3.0
87;2021-03-07;257;6;27624;11071;7.5;3.0
87;2021-03-08;864;212;28488;11283;7.7;3.0
87;2021-03-09;1288;212;29776;11495;8.0;3.1
87;2021-03-10;1299;214;31075;11709;8.4;3.2
87;2021-03-11;1754;240;32829;11949;8.9;3.2
87;2021-03-12;2129;270;34958;12219;9.4;3.3
87;2021-03-13;1308;22;36266;12241;9.8;3.3
87;2021-03-14;80;1;36346;12242;9.8;3.3
87;2021-03-15;989;350;37335;12592;10.1;3.4
87;2021-03-16;1061;238;38396;12830;10.4;3.5
87;2021-03-17;1070;218;39466;13048;10.6;3.5
87;2021-03-18;1185;342;40651;13390;11.0;3.6
87;2021-03-19;1684;278;42335;13668;11.4;3.7
87;2021-03-20;926;84;43261;13752;11.7;3.7
87;2021-03-21;32;0;43293;13752;11.7;3.7
87;2021-03-22;1049;366;44342;14118;12.0;3.8
87;2021-03-23;1386;426;45728;14544;12.3;3.9
87;2021-03-24;1508;364;47236;14908;12.7;4.0
87;2021-03-25;2500;395;49736;15303;13.4;4.1
87;2021-03-26;2533;453;52269;15756;14.1;4.2
87;2021-03-27;891;123;53160;15879;14.3;4.3
87;2021-03-28;269;18;53429;15897;14.4;4.3
87;2021-03-29;1118;413;54547;16310;14.7;4.4
87;2021-03-30;1908;660;56455;16970;15.2;4.6
87;2021-03-31;1660;691;58115;17661;15.7;4.8
87;2021-04-01;2240;571;60355;18232;16.3;4.9
87;2021-04-02;1843;629;62198;18861;16.8;5.1
87;2021-04-03;455;266;62653;19127;16.9;5.2
87;2021-04-04;2;0;62655;19127;16.9;5.2
87;2021-04-05;82;1;62737;19128;16.9;5.2
87;2021-04-06;1000;903;63737;20031;17.2;5.4
87;2021-04-07;1487;921;65224;20952;17.6;5.7
87;2021-04-08;1785;1030;67009;21982;18.1;5.9
87;2021-04-09;2647;740;69656;22722;18.8;6.1
87;2021-04-10;1189;306;70845;23028;19.1;6.2
87;2021-04-11;69;0;70914;23028;19.1;6.2
87;2021-04-12;1619;826;72533;23854;19.6;6.4
87;2021-04-13;2289;1063;74822;24917;20.2;6.7
87;2021-04-14;2530;1185;77352;26102;20.9;7.0
87;2021-04-15;2224;1075;79576;27177;21.5;7.3
87;2021-04-16;2736;1071;82312;28248;22.2;7.6
87;2021-04-17;731;388;83043;28636;22.4;7.7
87;2021-04-18;111;141;83154;28777;22.4;7.8
87;2021-04-19;1659;839;84813;29616;22.9;8.0
87;2021-04-20;2085;883;86898;30499;23.4;8.2
87;2021-04-21;2296;991;89194;31490;24.1;8.5
87;2021-04-22;2565;1161;91759;32651;24.7;8.8
87;2021-04-23;1997;1183;93756;33834;25.3;9.1
87;2021-04-24;825;619;94581;34453;25.5;9.3
87;2021-04-25;64;103;94645;34556;25.5;9.3
87;2021-04-26;1356;910;96001;35466;25.9;9.6
87;2021-04-27;2399;1198;98400;36664;26.5;9.9
87;2021-04-28;3869;1432;102269;38096;27.6;10.3
87;2021-04-29;3078;1828;105347;39924;28.4;10.8
87;2021-04-30;3174;1348;108521;41272;29.3;11.1
87;2021-05-01;614;59;109135;41331;29.4;11.1
87;2021-05-02;361;5;109496;41336;29.5;11.1
87;2021-05-03;2322;932;111818;42268;30.2;11.4
87;2021-05-04;2906;1067;114724;43335;30.9;11.7
87;2021-05-05;2989;1506;117713;44841;31.7;12.1
87;2021-05-06;2531;1700;120244;46541;32.4;12.6
87;2021-05-07;2945;1710;123189;48251;33.2;13.0
87;2021-05-08;772;291;123961;48542;33.4;13.1
87;2021-05-09;18;133;123979;48675;33.4;13.1
87;2021-05-10;1938;1584;125917;50259;34.0;13.6
87;2021-05-11;2467;1903;128384;52162;34.6;14.1
87;2021-05-12;2624;2064;131008;54226;35.3;14.6
87;2021-05-13;1085;292;132093;54518;35.6;14.7
87;2021-05-14;2245;1772;134338;56290;36.2;15.2
87;2021-05-15;950;409;135288;56699;36.5;15.3
87;2021-05-16;141;73;135429;56772;36.5;15.3
87;2021-05-17;1628;1762;137057;58534;37.0;15.8
87;2021-05-18;2634;1817;139691;60351;37.7;16.3
87;2021-05-19;2822;1553;142513;61904;38.4;16.7
87;2021-05-20;3303;1724;145816;63628;39.3;17.2
87;2021-05-21;2765;1839;148581;65467;40.1;17.7
87;2021-05-22;1458;627;150039;66094;40.5;17.8
87;2021-05-23;211;92;150250;66186;40.5;17.9
87;2021-05-24;1055;141;151305;66327;40.8;17.9
87;2021-05-25;2117;1810;153422;68137;41.4;18.4
87;2021-05-26;3222;2476;156644;70613;42.2;19.0
87;2021-05-27;3022;2355;159666;72968;43.1;19.7
87;2021-05-28;2674;2511;162340;75479;43.8;20.4
87;2021-05-29;1061;1306;163401;76785;44.1;20.7
87;2021-05-30;258;60;163659;76845;44.1;20.7
87;2021-05-31;2287;1356;165946;78201;44.8;21.1
87;2021-06-01;2548;1858;168494;80059;45.4;21.6
87;2021-06-02;2525;1851;171019;81910;46.1;22.1
87;2021-06-03;3212;2525;174231;84435;47.0;22.8
87;2021-06-04;2839;2054;177070;86489;47.8;23.3
87;2021-06-05;1311;571;178381;87060;48.1;23.5
87;2021-06-06;262;95;178643;87155;48.2;23.5
87;2021-06-07;2101;1894;180744;89049;48.7;24.0
87;2021-06-08;2961;2597;183705;91646;49.5;24.7
87;2021-06-09;2304;2811;186009;94457;50.2;25.5
87;2021-06-10;2974;2554;188983;97011;51.0;26.2
87;2021-06-11;2364;3062;191347;100073;51.6;27.0
87;2021-06-12;1220;1099;192567;101172;51.9;27.3
87;2021-06-13;294;485;192861;101657;52.0;27.4
87;2021-06-14;980;2729;193841;104386;52.3;28.2
87;2021-06-15;1361;3319;195202;107705;52.6;29.0
87;2021-06-16;1650;3424;196852;111129;53.1;30.0
87;2021-06-17;2439;2315;199291;113444;53.7;30.6
87;2021-06-18;1790;3011;201081;116455;54.2;31.4
87;2021-06-19;1047;1177;202128;117632;54.5;31.7
87;2021-06-20;205;206;202333;117838;54.6;31.8
87;2021-06-21;1041;2643;203374;120481;54.9;32.5
87;2021-06-22;1029;2881;204403;123362;55.1;33.3
87;2021-06-23;1257;3081;205660;126443;55.5;34.1
87;2021-06-24;1619;2559;207279;129002;55.9;34.8
87;2021-06-25;1450;2708;208729;131710;56.3;35.5
87;2021-06-26;529;1199;209258;132909;56.4;35.8
87;2021-06-27;26;212;209284;133121;56.4;35.9
87;2021-06-28;717;2574;210001;135695;56.6;36.6
87;2021-06-29;1156;3414;211157;139109;57.0;37.5
87;2021-06-30;1125;2651;212282;141760;57.3;38.2
87;2021-07-01;1482;2549;213764;144309;57.7;38.9
87;2021-07-02;1200;3460;214964;147769;58.0;39.9
87;2021-07-03;414;1512;215378;149281;58.1;40.3
87;2021-07-04;24;384;215402;149665;58.1;40.4
87;2021-07-05;686;2392;216088;152057;58.3;41.0
87;2021-07-06;584;3221;216672;155278;58.4;41.9
87;2021-07-07;864;3344;217536;158622;58.7;42.8
87;2021-07-08;1119;3671;218655;162293;59.0;43.8
87;2021-07-09;1112;3700;219767;165993;59.3;44.8
87;2021-07-10;290;1360;220057;167353;59.4;45.1
87;2021-07-11;49;284;220106;167637;59.4;45.2
87;2021-07-12;560;3191;220666;170828;59.5;46.1
87;2021-07-13;833;3509;221499;174337;59.7;47.0
87;2021-07-14;518;538;222017;174875;59.9;47.2
87;2021-07-15;1361;3460;223378;178335;60.2;48.1
87;2021-07-16;1732;3599;225110;181934;60.7;49.1
87;2021-07-17;655;1373;225765;183307;60.9;49.4
87;2021-07-18;81;285;225846;183592;60.9;49.5
87;2021-07-19;1434;3401;227280;186993;61.3;50.4
87;2021-07-20;1806;3593;229086;190586;61.8;51.4
87;2021-07-21;1452;3149;230538;193735;62.2;52.3
87;2021-07-22;1878;3243;232416;196978;62.7;53.1
87;2021-07-23;1875;3172;234291;200150;63.2;54.0
87;2021-07-24;817;1285;235108;201435;63.4;54.3
87;2021-07-25;106;241;235214;201676;63.4;54.4
87;2021-07-26;1542;2328;236756;204004;63.9;55.0
87;2021-07-27;2556;2061;239312;206065;64.5;55.6
87;2021-07-28;2390;2005;241702;208070;65.2;56.1
87;2021-07-29;3010;1998;244712;210068;66.0;56.7
87;2021-07-30;2544;2072;247256;212140;66.7;57.2
87;2021-07-31;1105;837;248361;212977;67.0;57.4
87;2021-08-01;284;151;248645;213128;67.1;57.5
87;2021-08-02;2119;1517;250764;214645;67.6;57.9
87;2021-08-03;2494;1330;253258;215975;68.3;58.2
87;2021-08-04;2315;1061;255573;217036;68.9;58.5
87;2021-08-05;2529;1411;258102;218447;69.6;58.9
87;2021-08-06;2142;1658;260244;220105;70.2;59.4
87;2021-08-07;1109;782;261353;220887;70.5;59.6
87;2021-08-08;208;123;261561;221010;70.5;59.6
87;2021-08-09;1819;1524;263380;222534;71.0;60.0
87;2021-08-10;2200;1533;265580;224067;71.6;60.4
87;2021-08-11;1914;1273;267494;225340;72.1;60.8
87;2021-08-12;2104;1479;269598;226819;72.7;61.2
87;2021-08-13;1726;1619;271324;228438;73.2;61.6
87;2021-08-14;671;733;271995;229171;73.4;61.8
87;2021-08-15;72;104;272067;229275;73.4;61.8
87;2021-08-16;1504;1742;273571;231017;73.8;62.3
87;2021-08-17;1349;1667;274920;232684;74.1;62.8
87;2021-08-18;1243;1997;276163;234681;74.5;63.3
87;2021-08-19;1219;1798;277382;236479;74.8;63.8
87;2021-08-20;916;2204;278298;238683;75.1;64.4
87;2021-08-21;317;965;278615;239648;75.1;64.6
87;2021-08-22;92;235;278707;239883;75.2;64.7
87;2021-08-23;745;2390;279452;242273;75.4;65.3
87;2021-08-24;762;2134;280214;244407;75.6;65.9
87;2021-08-25;707;2062;280921;246469;75.8;66.5
87;2021-08-26;855;2155;281776;248624;76.0;67.1
87;2021-08-27;780;2665;282556;251289;76.2;67.8
87;2021-08-28;323;1295;282879;252584;76.3;68.1
87;2021-08-29;65;244;282944;252828;76.3;68.2
87;2021-08-30;471;2212;283415;255040;76.4;68.8
87;2021-08-31;606;1933;284021;256973;76.6;69.3
87;2021-09-01;743;2467;284764;259440;76.8;70.0
87;2021-09-02;551;2341;285315;261781;77.0;70.6
87;2021-09-03;643;2483;285958;264264;77.1;71.3
87;2021-09-04;274;1130;286232;265394;77.2;71.6
87;2021-09-05;9;7;286241;265401;77.2;71.6
87;2021-09-06;395;1986;286636;267387;77.3;72.1
87;2021-09-07;382;1522;287018;268909;77.4;72.5
87;2021-09-08;457;1820;287475;270729;77.5;73.0
87;2021-09-09;323;1280;287798;272009;77.6;73.4
87;2021-09-10;465;1693;288263;273702;77.7;73.8
87;2021-09-11;318;972;288581;274674;77.8;74.1
87;2021-09-12;3;13;288584;274687;77.8;74.1
87;2021-09-13;301;1103;288885;275790;77.9;74.4
88;2020-12-27;0;0;0;0;0.0;0.0
88;2020-12-28;0;0;0;0;0.0;0.0
88;2020-12-29;0;0;0;0;0.0;0.0
88;2020-12-30;0;0;0;0;0.0;0.0
88;2020-12-31;0;0;0;0;0.0;0.0
88;2021-01-01;2;0;2;0;0.0;0.0
88;2021-01-02;0;0;2;0;0.0;0.0
88;2021-01-03;0;0;2;0;0.0;0.0
88;2021-01-04;0;0;2;0;0.0;0.0
88;2021-01-05;1;0;3;0;0.0;0.0
88;2021-01-06;3;0;6;0;0.0;0.0
88;2021-01-07;71;1;77;1;0.0;0.0
88;2021-01-08;189;2;266;3;0.1;0.0
88;2021-01-09;190;2;456;5;0.1;0.0
88;2021-01-10;0;0;456;5;0.1;0.0
88;2021-01-11;227;0;683;5;0.2;0.0
88;2021-01-12;422;0;1105;5;0.3;0.0
88;2021-01-13;491;2;1596;7;0.4;0.0
88;2021-01-14;347;2;1943;9;0.5;0.0
88;2021-01-15;380;1;2323;10;0.6;0.0
88;2021-01-16;62;0;2385;10;0.7;0.0
88;2021-01-17;1;0;2386;10;0.7;0.0
88;2021-01-18;461;0;2847;10;0.8;0.0
88;2021-01-19;451;0;3298;10;0.9;0.0
88;2021-01-20;461;1;3759;11;1.0;0.0
88;2021-01-21;1545;5;5304;16;1.5;0.0
88;2021-01-22;1181;2;6485;18;1.8;0.0
88;2021-01-23;284;0;6769;18;1.9;0.0
88;2021-01-24;298;2;7067;20;2.0;0.0
88;2021-01-25;938;4;8005;24;2.2;0.0
88;2021-01-26;388;5;8393;29;2.3;0.0
88;2021-01-27;4;0;8397;29;2.3;0.0
88;2021-01-28;162;35;8559;64;2.4;0.0
88;2021-01-29;526;147;9085;211;2.5;0.1
88;2021-01-30;288;120;9373;331;2.6;0.1
88;2021-01-31;0;0;9373;331;2.6;0.1
88;2021-02-01;406;269;9779;600;2.7;0.2
88;2021-02-02;333;347;10112;947;2.8;0.3
88;2021-02-03;437;223;10549;1170;2.9;0.3
88;2021-02-04;315;212;10864;1382;3.0;0.4
88;2021-02-05;457;240;11321;1622;3.1;0.5
88;2021-02-06;110;49;11431;1671;3.2;0.5
88;2021-02-07;0;0;11431;1671;3.2;0.5
88;2021-02-08;360;162;11791;1833;3.3;0.5
88;2021-02-09;291;239;12082;2072;3.4;0.6
88;2021-02-10;416;304;12498;2376;3.5;0.7
88;2021-02-11;850;995;13348;3371;3.7;0.9
88;2021-02-12;941;669;14289;4040;4.0;1.1
88;2021-02-13;162;203;14451;4243;4.0;1.2
88;2021-02-14;81;204;14532;4447;4.0;1.2
88;2021-02-15;641;927;15173;5374;4.2;1.5
88;2021-02-16;472;613;15645;5987;4.4;1.7
88;2021-02-17;456;352;16101;6339;4.5;1.8
88;2021-02-18;516;288;16617;6627;4.6;1.8
88;2021-02-19;536;395;17153;7022;4.8;2.0
88;2021-02-20;156;89;17309;7111;4.8;2.0
88;2021-02-21;1;25;17310;7136;4.8;2.0
88;2021-02-22;425;269;17735;7405;4.9;2.1
88;2021-02-23;403;189;18138;7594;5.0;2.1
88;2021-02-24;506;170;18644;7764;5.2;2.2
88;2021-02-25;675;223;19319;7987;5.4;2.2
88;2021-02-26;863;237;20182;8224;5.6;2.3
88;2021-02-27;269;32;20451;8256;5.7;2.3
88;2021-02-28;30;1;20481;8257;5.7;2.3
88;2021-03-01;359;387;20840;8644;5.8;2.4
88;2021-03-02;431;402;21271;9046;5.9;2.5
88;2021-03-03;650;375;21921;9421;6.1;2.6
88;2021-03-04;1043;694;22964;10115;6.4;2.8
88;2021-03-05;934;646;23898;10761;6.6;3.0
88;2021-03-06;1874;115;25772;10876;7.2;3.0
88;2021-03-07;1060;79;26832;10955;7.5;3.0
88;2021-03-08;727;631;27559;11586;7.7;3.2
88;2021-03-09;1094;475;28653;12061;8.0;3.4
88;2021-03-10;1084;464;29737;12525;8.3;3.5
88;2021-03-11;1441;377;31178;12902;8.7;3.6
88;2021-03-12;1309;464;32487;13366;9.0;3.7
88;2021-03-13;1210;128;33697;13494;9.4;3.8
88;2021-03-14;166;5;33863;13499;9.4;3.8
88;2021-03-15;929;442;34792;13941;9.7;3.9
88;2021-03-16;1024;341;35816;14282;10.0;4.0
88;2021-03-17;905;419;36721;14701;10.2;4.1
88;2021-03-18;1303;398;38024;15099;10.6;4.2
88;2021-03-19;1465;502;39489;15601;11.0;4.3
88;2021-03-20;1319;55;40808;15656;11.4;4.4
88;2021-03-21;37;0;40845;15656;11.4;4.4
88;2021-03-22;1233;542;42078;16198;11.7;4.5
88;2021-03-23;1780;443;43858;16641;12.2;4.6
88;2021-03-24;1877;467;45735;17108;12.7;4.8
88;2021-03-25;2499;493;48234;17601;13.4;4.9
88;2021-03-26;2480;441;50714;18042;14.1;5.0
88;2021-03-27;883;297;51597;18339;14.4;5.1
88;2021-03-28;61;3;51658;18342;14.4;5.1
88;2021-03-29;1305;437;52963;18779;14.7;5.2
88;2021-03-30;2062;392;55025;19171;15.3;5.3
88;2021-03-31;1619;576;56644;19747;15.8;5.5
88;2021-04-01;2118;717;58762;20464;16.3;5.7
88;2021-04-02;2816;647;61578;21111;17.1;5.9
88;2021-04-03;745;215;62323;21326;17.3;5.9
88;2021-04-04;16;1;62339;21327;17.3;5.9
88;2021-04-05;23;2;62362;21329;17.3;5.9
88;2021-04-06;1140;678;63502;22007;17.7;6.1
88;2021-04-07;1600;714;65102;22721;18.1;6.3
88;2021-04-08;1858;788;66960;23509;18.6;6.5
88;2021-04-09;3080;741;70040;24250;19.5;6.7
88;2021-04-10;724;648;70764;24898;19.7;6.9
88;2021-04-11;33;1;70797;24899;19.7;6.9
88;2021-04-12;1538;985;72335;25884;20.1;7.2
88;2021-04-13;2037;1091;74372;26975;20.7;7.5
88;2021-04-14;1911;949;76283;27924;21.2;7.8
88;2021-04-15;1967;1244;78250;29168;21.8;8.1
88;2021-04-16;2109;1049;80359;30217;22.4;8.4
88;2021-04-17;1429;765;81788;30982;22.7;8.6
88;2021-04-18;268;23;82056;31005;22.8;8.6
88;2021-04-19;1172;1236;83228;32241;23.1;9.0
88;2021-04-20;1190;1398;84418;33639;23.5;9.4
88;2021-04-21;1503;1295;85921;34934;23.9;9.7
88;2021-04-22;1899;1633;87820;36567;24.4;10.2
88;2021-04-23;1825;2047;89645;38614;24.9;10.7
88;2021-04-24;1185;782;90830;39396;25.3;11.0
88;2021-04-25;34;2;90864;39398;25.3;11.0
88;2021-04-26;1181;1169;92045;40567;25.6;11.3
88;2021-04-27;1278;1726;93323;42293;26.0;11.8
88;2021-04-28;1634;1496;94957;43789;26.4;12.2
88;2021-04-29;2082;1461;97039;45250;27.0;12.6
88;2021-04-30;2451;1626;99490;46876;27.7;13.0
88;2021-05-01;2008;287;101498;47163;28.2;13.1
88;2021-05-02;1301;120;102799;47283;28.6;13.2
88;2021-05-03;1558;1218;104357;48501;29.0;13.5
88;2021-05-04;1444;1466;105801;49967;29.4;13.9
88;2021-05-05;2427;1598;108228;51565;30.1;14.3
88;2021-05-06;3210;1204;111438;52769;31.0;14.7
88;2021-05-07;2938;1345;114376;54114;31.8;15.1
88;2021-05-08;1533;469;115909;54583;32.2;15.2
88;2021-05-09;1735;161;117644;54744;32.7;15.2
88;2021-05-10;1764;1568;119408;56312;33.2;15.7
88;2021-05-11;2657;1907;122065;58219;34.0;16.2
88;2021-05-12;2531;1853;124596;60072;34.7;16.7
88;2021-05-13;3258;684;127854;60756;35.6;16.9
88;2021-05-14;2501;1539;130355;62295;36.3;17.3
88;2021-05-15;1625;744;131980;63039;36.7;17.5
88;2021-05-16;1333;103;133313;63142;37.1;17.6
88;2021-05-17;1988;943;135301;64085;37.6;17.8
88;2021-05-18;2256;1116;137557;65201;38.3;18.1
88;2021-05-19;2722;1147;140279;66348;39.0;18.5
88;2021-05-20;3347;1236;143626;67584;39.9;18.8
88;2021-05-21;2876;1148;146502;68732;40.7;19.1
88;2021-05-22;1432;713;147934;69445;41.1;19.3
88;2021-05-23;558;74;148492;69519;41.3;19.3
88;2021-05-24;1675;435;150167;69954;41.8;19.5
88;2021-05-25;1649;1174;151816;71128;42.2;19.8
88;2021-05-26;2368;1140;154184;72268;42.9;20.1
88;2021-05-27;2201;1362;156385;73630;43.5;20.5
88;2021-05-28;1891;1963;158276;75593;44.0;21.0
88;2021-05-29;1230;1755;159506;77348;44.4;21.5
88;2021-05-30;587;418;160093;77766;44.5;21.6
88;2021-05-31;1327;1849;161420;79615;44.9;22.1
88;2021-06-01;1720;1983;163140;81598;45.4;22.7
88;2021-06-02;2076;1872;165216;83470;46.0;23.2
88;2021-06-03;2739;1613;167955;85083;46.7;23.7
88;2021-06-04;2043;1928;169998;87011;47.3;24.2
88;2021-06-05;1531;1137;171529;88148;47.7;24.5
88;2021-06-06;693;156;172222;88304;47.9;24.6
88;2021-06-07;1292;1710;173514;90014;48.3;25.0
88;2021-06-08;1666;1933;175180;91947;48.7;25.6
88;2021-06-09;1618;1908;176798;93855;49.2;26.1
88;2021-06-10;1781;2046;178579;95901;49.7;26.7
88;2021-06-11;1549;2211;180128;98112;50.1;27.3
88;2021-06-12;669;1657;180797;99769;50.3;27.8
88;2021-06-13;464;377;181261;100146;50.4;27.9
88;2021-06-14;1030;2249;182291;102395;50.7;28.5
88;2021-06-15;1929;2460;184220;104855;51.2;29.2
88;2021-06-16;1486;2873;185706;107728;51.7;30.0
88;2021-06-17;1601;2732;187307;110460;52.1;30.7
88;2021-06-18;1355;2460;188662;112920;52.5;31.4
88;2021-06-19;701;1090;189363;114010;52.7;31.7
88;2021-06-20;78;79;189441;114089;52.7;31.7
88;2021-06-21;672;2580;190113;116669;52.9;32.5
88;2021-06-22;869;3433;190982;120102;53.1;33.4
88;2021-06-23;1144;2876;192126;122978;53.4;34.2
88;2021-06-24;703;2604;192829;125582;53.6;34.9
88;2021-06-25;1435;3180;194264;128762;54.0;35.8
88;2021-06-26;903;2072;195167;130834;54.3;36.4
88;2021-06-27;543;635;195710;131469;54.4;36.6
88;2021-06-28;760;2515;196470;133984;54.6;37.3
88;2021-06-29;961;3354;197431;137338;54.9;38.2
88;2021-06-30;1136;3114;198567;140452;55.2;39.1
88;2021-07-01;1056;2686;199623;143138;55.5;39.8
88;2021-07-02;992;3147;200615;146285;55.8;40.7
88;2021-07-03;694;1699;201309;147984;56.0;41.2
88;2021-07-04;258;815;201567;148799;56.1;41.4
88;2021-07-05;993;2021;202560;150820;56.3;42.0
88;2021-07-06;1020;2416;203580;153236;56.6;42.6
88;2021-07-07;1179;2588;204759;155824;57.0;43.3
88;2021-07-08;1085;2064;205844;157888;57.3;43.9
88;2021-07-09;1584;2703;207428;160591;57.7;44.7
88;2021-07-10;722;1817;208150;162408;57.9;45.2
88;2021-07-11;468;696;208618;163104;58.0;45.4
88;2021-07-12;1055;2521;209673;165625;58.3;46.1
88;2021-07-13;1313;2654;210986;168279;58.7;46.8
88;2021-07-14;1206;798;212192;169077;59.0;47.0
88;2021-07-15;1744;3306;213936;172383;59.5;47.9
88;2021-07-16;1470;2963;215406;175346;59.9;48.8
88;2021-07-17;802;1587;216208;176933;60.1;49.2
88;2021-07-18;180;679;216388;177612;60.2;49.4
88;2021-07-19;1564;2231;217952;179843;60.6;50.0
88;2021-07-20;2143;2388;220095;182231;61.2;50.7
88;2021-07-21;1938;2219;222033;184450;61.8;51.3
88;2021-07-22;1699;2108;223732;186558;62.2;51.9
88;2021-07-23;2509;2780;226241;189338;62.9;52.7
88;2021-07-24;1059;1186;227300;190524;63.2;53.0
88;2021-07-25;432;608;227732;191132;63.3;53.2
88;2021-07-26;1715;2074;229447;193206;63.8;53.7
88;2021-07-27;2351;2059;231798;195265;64.5;54.3
88;2021-07-28;2212;2248;234010;197513;65.1;54.9
88;2021-07-29;3033;1633;237043;199146;65.9;55.4
88;2021-07-30;2274;2295;239317;201441;66.6;56.0
88;2021-07-31;1106;1037;240423;202478;66.9;56.3
88;2021-08-01;449;461;240872;202939;67.0;56.4
88;2021-08-02;2376;1768;243248;204707;67.7;56.9
88;2021-08-03;2875;1590;246123;206297;68.5;57.4
88;2021-08-04;2517;1529;248640;207826;69.2;57.8
88;2021-08-05;1995;1379;250635;209205;69.7;58.2
88;2021-08-06;2931;2012;253566;211217;70.5;58.7
88;2021-08-07;1175;912;254741;212129;70.9;59.0
88;2021-08-08;751;320;255492;212449;71.1;59.1
88;2021-08-09;1549;1649;257041;214098;71.5;59.6
88;2021-08-10;1938;2055;258979;216153;72.0;60.1
88;2021-08-11;1867;1751;260846;217904;72.6;60.6
88;2021-08-12;1668;1348;262514;219252;73.0;61.0
88;2021-08-13;1946;2129;264460;221381;73.6;61.6
88;2021-08-14;579;911;265039;222292;73.7;61.8
88;2021-08-15;337;521;265376;222813;73.8;62.0
88;2021-08-16;1149;1987;266525;224800;74.1;62.5
88;2021-08-17;1268;2056;267793;226856;74.5;63.1
88;2021-08-18;1208;1924;269001;228780;74.8;63.6
88;2021-08-19;1041;1582;270042;230362;75.1;64.1
88;2021-08-20;1020;2329;271062;232691;75.4;64.7
88;2021-08-21;403;1142;271465;233833;75.5;65.0
88;2021-08-22;100;479;271565;234312;75.5;65.2
88;2021-08-23;731;1640;272296;235952;75.7;65.6
88;2021-08-24;914;1974;273210;237926;76.0;66.2
88;2021-08-25;889;2459;274099;240385;76.2;66.9
88;2021-08-26;864;2047;274963;242432;76.5;67.4
88;2021-08-27;844;2710;275807;245142;76.7;68.2
88;2021-08-28;485;1351;276292;246493;76.9;68.6
88;2021-08-29;130;694;276422;247187;76.9;68.8
88;2021-08-30;697;2383;277119;249570;77.1;69.4
88;2021-08-31;779;2374;277898;251944;77.3;70.1
88;2021-09-01;682;2074;278580;254018;77.5;70.7
88;2021-09-02;659;1742;279239;255760;77.7;71.1
88;2021-09-03;727;2260;279966;258020;77.9;71.8
88;2021-09-04;423;1156;280389;259176;78.0;72.1
88;2021-09-05;188;424;280577;259600;78.0;72.2
88;2021-09-06;505;1358;281082;260958;78.2;72.6
88;2021-09-07;567;1407;281649;262365;78.3;73.0
88;2021-09-08;455;1492;282104;263857;78.5;73.4
88;2021-09-09;536;1096;282640;264953;78.6;73.7
88;2021-09-10;587;1575;283227;266528;78.8;74.1
88;2021-09-11;341;849;283568;267377;78.9;74.4
88;2021-09-12;70;142;283638;267519;78.9;74.4
88;2021-09-13;427;1073;284065;268592;79.0;74.7
89;2020-12-27;0;0;0;0;0.0;0.0
89;2020-12-28;2;0;2;0;0.0;0.0
89;2020-12-29;0;0;2;0;0.0;0.0
89;2020-12-30;0;0;2;0;0.0;0.0
89;2020-12-31;0;0;2;0;0.0;0.0
89;2021-01-01;0;0;2;0;0.0;0.0
89;2021-01-02;0;0;2;0;0.0;0.0
89;2021-01-03;0;0;2;0;0.0;0.0
89;2021-01-04;0;0;2;0;0.0;0.0
89;2021-01-05;0;0;2;0;0.0;0.0
89;2021-01-06;48;0;50;0;0.0;0.0
89;2021-01-07;201;0;251;0;0.1;0.0
89;2021-01-08;48;0;299;0;0.1;0.0
89;2021-01-09;1;0;300;0;0.1;0.0
89;2021-01-10;0;0;300;0;0.1;0.0
89;2021-01-11;221;0;521;0;0.2;0.0
89;2021-01-12;349;0;870;0;0.3;0.0
89;2021-01-13;533;3;1403;3;0.4;0.0
89;2021-01-14;711;7;2114;10;0.6;0.0
89;2021-01-15;275;2;2389;12;0.7;0.0
89;2021-01-16;90;3;2479;15;0.7;0.0
89;2021-01-17;0;0;2479;15;0.7;0.0
89;2021-01-18;503;1;2982;16;0.9;0.0
89;2021-01-19;841;3;3823;19;1.2;0.0
89;2021-01-20;760;0;4583;19;1.4;0.0
89;2021-01-21;940;4;5523;23;1.7;0.0
89;2021-01-22;1021;1;6544;24;2.0;0.0
89;2021-01-23;200;0;6744;24;2.0;0.0
89;2021-01-24;107;0;6851;24;2.1;0.0
89;2021-01-25;482;3;7333;27;2.2;0.0
89;2021-01-26;582;12;7915;39;2.4;0.0
89;2021-01-27;473;37;8388;76;2.5;0.0
89;2021-01-28;551;123;8939;199;2.7;0.1
89;2021-01-29;958;39;9897;238;3.0;0.1
89;2021-01-30;184;13;10081;251;3.0;0.1
89;2021-01-31;24;1;10105;252;3.0;0.1
89;2021-02-01;255;138;10360;390;3.1;0.1
89;2021-02-02;283;313;10643;703;3.2;0.2
89;2021-02-03;292;318;10935;1021;3.3;0.3
89;2021-02-04;432;574;11367;1595;3.4;0.5
89;2021-02-05;387;179;11754;1774;3.5;0.5
89;2021-02-06;77;66;11831;1840;3.6;0.6
89;2021-02-07;0;0;11831;1840;3.6;0.6
89;2021-02-08;288;161;12119;2001;3.6;0.6
89;2021-02-09;285;402;12404;2403;3.7;0.7
89;2021-02-10;396;283;12800;2686;3.9;0.8
89;2021-02-11;332;529;13132;3215;4.0;1.0
89;2021-02-12;433;564;13565;3779;4.1;1.1
89;2021-02-13;52;123;13617;3902;4.1;1.2
89;2021-02-14;21;116;13638;4018;4.1;1.2
89;2021-02-15;218;315;13856;4333;4.2;1.3
89;2021-02-16;134;430;13990;4763;4.2;1.4
89;2021-02-17;263;339;14253;5102;4.3;1.5
89;2021-02-18;225;431;14478;5533;4.4;1.7
89;2021-02-19;244;578;14722;6111;4.4;1.8
89;2021-02-20;33;128;14755;6239;4.4;1.9
89;2021-02-21;0;10;14755;6249;4.4;1.9
89;2021-02-22;233;366;14988;6615;4.5;2.0
89;2021-02-23;171;392;15159;7007;4.6;2.1
89;2021-02-24;343;295;15502;7302;4.7;2.2
89;2021-02-25;370;374;15872;7676;4.8;2.3
89;2021-02-26;385;282;16257;7958;4.9;2.4
89;2021-02-27;138;62;16395;8020;4.9;2.4
89;2021-02-28;6;12;16401;8032;4.9;2.4
89;2021-03-01;541;200;16942;8232;5.1;2.5
89;2021-03-02;754;314;17696;8546;5.3;2.6
89;2021-03-03;647;233;18343;8779;5.5;2.6
89;2021-03-04;633;338;18976;9117;5.7;2.7
89;2021-03-05;728;468;19704;9585;5.9;2.9
89;2021-03-06;549;122;20253;9707;6.1;2.9
89;2021-03-07;288;40;20541;9747;6.2;2.9
89;2021-03-08;559;308;21100;10055;6.4;3.0
89;2021-03-09;1002;247;22102;10302;6.7;3.1
89;2021-03-10;984;236;23086;10538;7.0;3.2
89;2021-03-11;1075;285;24161;10823;7.3;3.3
89;2021-03-12;1281;315;25442;11138;7.7;3.4
89;2021-03-13;637;44;26079;11182;7.9;3.4
89;2021-03-14;1;0;26080;11182;7.9;3.4
89;2021-03-15;816;311;26896;11493;8.1;3.5
89;2021-03-16;948;219;27844;11712;8.4;3.5
89;2021-03-17;920;266;28764;11978;8.7;3.6
89;2021-03-18;885;253;29649;12231;8.9;3.7
89;2021-03-19;1149;196;30798;12427;9.3;3.7
89;2021-03-20;844;27;31642;12454;9.5;3.8
89;2021-03-21;173;6;31815;12460;9.6;3.8
89;2021-03-22;1044;222;32859;12682;9.9;3.8
89;2021-03-23;1742;256;34601;12938;10.4;3.9
89;2021-03-24;1967;323;36568;13261;11.0;4.0
89;2021-03-25;1821;170;38389;13431;11.6;4.0
89;2021-03-26;2627;184;41016;13615;12.4;4.1
89;2021-03-27;1774;48;42790;13663;12.9;4.1
89;2021-03-28;32;3;42822;13666;12.9;4.1
89;2021-03-29;965;571;43787;14237;13.2;4.3
89;2021-03-30;1154;566;44941;14803;13.5;4.5
89;2021-03-31;2005;471;46946;15274;14.1;4.6
89;2021-04-01;2120;458;49066;15732;14.8;4.7
89;2021-04-02;2139;444;51205;16176;15.4;4.9
89;2021-04-03;1004;243;52209;16419;15.7;4.9
89;2021-04-04;16;1;52225;16420;15.7;4.9
89;2021-04-05;92;2;52317;16422;15.8;4.9
89;2021-04-06;1033;754;53350;17176;16.1;5.2
89;2021-04-07;1029;799;54379;17975;16.4;5.4
89;2021-04-08;1730;726;56109;18701;16.9;5.6
89;2021-04-09;2165;766;58274;19467;17.5;5.9
89;2021-04-10;892;181;59166;19648;17.8;5.9
89;2021-04-11;38;51;59204;19699;17.8;5.9
89;2021-04-12;1012;791;60216;20490;18.1;6.2
89;2021-04-13;1357;1082;61573;21572;18.5;6.5
89;2021-04-14;1213;1036;62786;22608;18.9;6.8
89;2021-04-15;1415;943;64201;23551;19.3;7.1
89;2021-04-16;1329;939;65530;24490;19.7;7.4
89;2021-04-17;1069;455;66599;24945;20.1;7.5
89;2021-04-18;27;154;66626;25099;20.1;7.6
89;2021-04-19;749;1038;67375;26137;20.3;7.9
89;2021-04-20;1017;1533;68392;27670;20.6;8.3
89;2021-04-21;814;1100;69206;28770;20.8;8.7
89;2021-04-22;1108;1164;70314;29934;21.2;9.0
89;2021-04-23;1823;1965;72137;31899;21.7;9.6
89;2021-04-24;1174;1173;73311;33072;22.1;10.0
89;2021-04-25;139;6;73450;33078;22.1;10.0
89;2021-04-26;1503;776;74953;33854;22.6;10.2
89;2021-04-27;1733;1053;76686;34907;23.1;10.5
89;2021-04-28;1596;1854;78282;36761;23.6;11.1
89;2021-04-29;1970;1922;80252;38683;24.2;11.6
89;2021-04-30;1804;1766;82056;40449;24.7;12.2
89;2021-05-01;846;721;82902;41170;25.0;12.4
89;2021-05-02;134;31;83036;41201;25.0;12.4
89;2021-05-03;1606;762;84642;41963;25.5;12.6
89;2021-05-04;1620;1126;86262;43089;26.0;13.0
89;2021-05-05;2319;1266;88581;44355;26.7;13.4
89;2021-05-06;2412;1381;90993;45736;27.4;13.8
89;2021-05-07;2719;1313;93712;47049;28.2;14.2
89;2021-05-08;1787;533;95499;47582;28.8;14.3
89;2021-05-09;196;18;95695;47600;28.8;14.3
89;2021-05-10;1201;960;96896;48560;29.2;14.6
89;2021-05-11;2489;1461;99385;50021;29.9;15.1
89;2021-05-12;2059;1215;101444;51236;30.5;15.4
89;2021-05-13;414;332;101858;51568;30.7;15.5
89;2021-05-14;1880;1095;103738;52663;31.2;15.9
89;2021-05-15;2247;394;105985;53057;31.9;16.0
89;2021-05-16;10;35;105995;53092;31.9;16.0
89;2021-05-17;2092;636;108087;53728;32.5;16.2
89;2021-05-18;2323;830;110410;54558;33.2;16.4
89;2021-05-19;2861;881;113271;55439;34.1;16.7
89;2021-05-20;2927;887;116198;56326;35.0;17.0
89;2021-05-21;2481;877;118679;57203;35.7;17.2
89;2021-05-22;1430;560;120109;57763;36.2;17.4
89;2021-05-23;108;10;120217;57773;36.2;17.4
89;2021-05-24;287;225;120504;57998;36.3;17.5
89;2021-05-25;1559;982;122063;58980;36.8;17.8
89;2021-05-26;1817;1024;123880;60004;37.3;18.1
89;2021-05-27;2118;1358;125998;61362;37.9;18.5
89;2021-05-28;2143;1419;128141;62781;38.6;18.9
89;2021-05-29;541;659;128682;63440;38.7;19.1
89;2021-05-30;25;22;128707;63462;38.8;19.1
89;2021-05-31;1248;970;129955;64432;39.1;19.4
89;2021-06-01;1506;981;131461;65413;39.6;19.7
89;2021-06-02;1946;1278;133407;66691;40.2;20.1
89;2021-06-03;2428;1523;135835;68214;40.9;20.5
89;2021-06-04;2140;1884;137975;70098;41.5;21.1
89;2021-06-05;1186;1223;139161;71321;41.9;21.5
89;2021-06-06;23;37;139184;71358;41.9;21.5
89;2021-06-07;2108;1448;141292;72806;42.5;21.9
89;2021-06-08;2195;1448;143487;74254;43.2;22.4
89;2021-06-09;2321;1510;145808;75764;43.9;22.8
89;2021-06-10;2791;1599;148599;77363;44.7;23.3
89;2021-06-11;1950;1746;150549;79109;45.3;23.8
89;2021-06-12;1103;759;151652;79868;45.7;24.0
89;2021-06-13;156;418;151808;80286;45.7;24.2
89;2021-06-14;1311;1825;153119;82111;46.1;24.7
89;2021-06-15;1401;2012;154520;84123;46.5;25.3
89;2021-06-16;1129;2583;155649;86706;46.9;26.1
89;2021-06-17;1431;2335;157080;89041;47.3;26.8
89;2021-06-18;1623;2878;158703;91919;47.8;27.7
89;2021-06-19;687;1660;159390;93579;48.0;28.2
89;2021-06-20;55;125;159445;93704;48.0;28.2
89;2021-06-21;759;1528;160204;95232;48.2;28.7
89;2021-06-22;1048;2679;161252;97911;48.6;29.5
89;2021-06-23;1156;1796;162408;99707;48.9;30.0
89;2021-06-24;1077;1497;163485;101204;49.2;30.5
89;2021-06-25;1008;2425;164493;103629;49.5;31.2
89;2021-06-26;560;2482;165053;106111;49.7;32.0
89;2021-06-27;14;28;165067;106139;49.7;32.0
89;2021-06-28;1033;2493;166100;108632;50.0;32.7
89;2021-06-29;692;2403;166792;111035;50.2;33.4
89;2021-06-30;1084;3182;167876;114217;50.6;34.4
89;2021-07-01;1022;2987;168898;117204;50.9;35.3
89;2021-07-02;1106;2746;170004;119950;51.2;36.1
89;2021-07-03;554;1574;170558;121524;51.4;36.6
89;2021-07-04;11;36;170569;121560;51.4;36.6
89;2021-07-05;1296;1839;171865;123399;51.8;37.2
89;2021-07-06;1050;2312;172915;125711;52.1;37.9
89;2021-07-07;669;1789;173584;127500;52.3;38.4
89;2021-07-08;793;1872;174377;129372;52.5;39.0
89;2021-07-09;1142;2606;175519;131978;52.9;39.7
89;2021-07-10;719;816;176238;132794;53.1;40.0
89;2021-07-11;26;39;176264;132833;53.1;40.0
89;2021-07-12;1423;1900;177687;134733;53.5;40.6
89;2021-07-13;2137;2742;179824;137475;54.1;41.4
89;2021-07-14;314;324;180138;137799;54.2;41.5
89;2021-07-15;2244;3156;182382;140955;54.9;42.4
89;2021-07-16;2391;2863;184773;143818;55.6;43.3
89;2021-07-17;1234;1227;186007;145045;56.0;43.7
89;2021-07-18;276;97;186283;145142;56.1;43.7
89;2021-07-19;1566;2811;187849;147953;56.6;44.6
89;2021-07-20;1929;3282;189778;151235;57.1;45.5
89;2021-07-21;2080;2725;191858;153960;57.8;46.4
89;2021-07-22;2477;2992;194335;156952;58.5;47.3
89;2021-07-23;2478;3106;196813;160058;59.3;48.2
89;2021-07-24;1241;1247;198054;161305;59.6;48.6
89;2021-07-25;69;185;198123;161490;59.7;48.6
89;2021-07-26;1720;2321;199843;163811;60.2;49.3
89;2021-07-27;2345;1911;202188;165722;60.9;49.9
89;2021-07-28;2537;1340;204725;167062;61.6;50.3
89;2021-07-29;2526;1621;207251;168683;62.4;50.8
89;2021-07-30;2678;1622;209929;170305;63.2;51.3
89;2021-07-31;1122;1072;211051;171377;63.6;51.6
89;2021-08-01;69;31;211120;171408;63.6;51.6
89;2021-08-02;1787;1285;212907;172693;64.1;52.0
89;2021-08-03;2489;1256;215396;173949;64.9;52.4
89;2021-08-04;1527;1641;216923;175590;65.3;52.9
89;2021-08-05;1530;1692;218453;177282;65.8;53.4
89;2021-08-06;2169;1652;220622;178934;66.4;53.9
89;2021-08-07;928;1092;221550;180026;66.7;54.2
89;2021-08-08;56;48;221606;180074;66.7;54.2
89;2021-08-09;1089;1174;222695;181248;67.1;54.6
89;2021-08-10;1777;1815;224472;183063;67.6;55.1
89;2021-08-11;1522;1581;225994;184644;68.1;55.6
89;2021-08-12;1352;1389;227346;186033;68.5;56.0
89;2021-08-13;1266;1951;228612;187984;68.8;56.6
89;2021-08-14;523;1021;229135;189005;69.0;56.9
89;2021-08-15;19;43;229154;189048;69.0;56.9
89;2021-08-16;986;1967;230140;191015;69.3;57.5
89;2021-08-17;830;1570;230970;192585;69.5;58.0
89;2021-08-18;609;1897;231579;194482;69.7;58.6
89;2021-08-19;656;1389;232235;195871;69.9;59.0
89;2021-08-20;1006;2263;233241;198134;70.2;59.7
89;2021-08-21;297;1003;233538;199137;70.3;60.0
89;2021-08-22;32;34;233570;199171;70.3;60.0
89;2021-08-23;753;2248;234323;201419;70.6;60.7
89;2021-08-24;834;2366;235157;203785;70.8;61.4
89;2021-08-25;559;1429;235716;205214;71.0;61.8
89;2021-08-26;577;2053;236293;207267;71.2;62.4
89;2021-08-27;778;2261;237071;209528;71.4;63.1
89;2021-08-28;353;1302;237424;210830;71.5;63.5
89;2021-08-29;30;70;237454;210900;71.5;63.5
89;2021-08-30;626;2230;238080;213130;71.7;64.2
89;2021-08-31;597;1625;238677;214755;71.9;64.7
89;2021-09-01;506;1370;239183;216125;72.0;65.1
89;2021-09-02;426;1457;239609;217582;72.2;65.5
89;2021-09-03;574;2090;240183;219672;72.3;66.1
89;2021-09-04;495;998;240678;220670;72.5;66.4
89;2021-09-05;17;17;240695;220687;72.5;66.5
89;2021-09-06;415;1855;241110;222542;72.6;67.0
89;2021-09-07;351;1145;241461;223687;72.7;67.4
89;2021-09-08;325;1012;241786;224699;72.8;67.7
89;2021-09-09;266;956;242052;225655;72.9;67.9
89;2021-09-10;459;1553;242511;227208;73.0;68.4
89;2021-09-11;272;822;242783;228030;73.1;68.7
89;2021-09-12;11;45;242794;228075;73.1;68.7
89;2021-09-13;381;1282;243175;229357;73.2;69.1
90;2020-12-27;0;0;0;0;0.0;0.0
90;2020-12-28;0;0;0;0;0.0;0.0
90;2020-12-29;0;0;0;0;0.0;0.0
90;2020-12-30;1;0;1;0;0.0;0.0
90;2020-12-31;0;0;1;0;0.0;0.0
90;2021-01-01;0;0;1;0;0.0;0.0
90;2021-01-02;1;0;2;0;0.0;0.0
90;2021-01-03;0;0;2;0;0.0;0.0
90;2021-01-04;2;0;4;0;0.0;0.0
90;2021-01-05;0;0;4;0;0.0;0.0
90;2021-01-06;0;0;4;0;0.0;0.0
90;2021-01-07;1;0;5;0;0.0;0.0
90;2021-01-08;170;0;175;0;0.1;0.0
90;2021-01-09;46;0;221;0;0.2;0.0
90;2021-01-10;0;0;221;0;0.2;0.0
90;2021-01-11;200;0;421;0;0.3;0.0
90;2021-01-12;431;1;852;1;0.6;0.0
90;2021-01-13;468;2;1320;3;0.9;0.0
90;2021-01-14;414;2;1734;5;1.2;0.0
90;2021-01-15;404;8;2138;13;1.5;0.0
90;2021-01-16;111;2;2249;15;1.6;0.0
90;2021-01-17;1;0;2250;15;1.6;0.0
90;2021-01-18;365;2;2615;17;1.9;0.0
90;2021-01-19;462;4;3077;21;2.2;0.0
90;2021-01-20;392;2;3469;23;2.5;0.0
90;2021-01-21;351;1;3820;24;2.7;0.0
90;2021-01-22;345;2;4165;26;3.0;0.0
90;2021-01-23;98;0;4263;26;3.0;0.0
90;2021-01-24;0;0;4263;26;3.0;0.0
90;2021-01-25;322;2;4585;28;3.3;0.0
90;2021-01-26;224;0;4809;28;3.4;0.0
90;2021-01-27;255;0;5064;28;3.6;0.0
90;2021-01-28;328;29;5392;57;3.8;0.0
90;2021-01-29;291;157;5683;214;4.1;0.2
90;2021-01-30;176;41;5859;255;4.2;0.2
90;2021-01-31;118;0;5977;255;4.3;0.2
90;2021-02-01;275;103;6252;358;4.5;0.3
90;2021-02-02;290;151;6542;509;4.7;0.4
90;2021-02-03;256;253;6798;762;4.9;0.5
90;2021-02-04;257;297;7055;1059;5.0;0.8
90;2021-02-05;266;263;7321;1322;5.2;0.9
90;2021-02-06;89;59;7410;1381;5.3;1.0
90;2021-02-07;0;0;7410;1381;5.3;1.0
90;2021-02-08;170;207;7580;1588;5.4;1.1
90;2021-02-09;139;157;7719;1745;5.5;1.2
90;2021-02-10;182;27;7901;1772;5.6;1.3
90;2021-02-11;229;96;8130;1868;5.8;1.3
90;2021-02-12;126;235;8256;2103;5.9;1.5
90;2021-02-13;96;40;8352;2143;6.0;1.5
90;2021-02-14;0;0;8352;2143;6.0;1.5
90;2021-02-15;113;248;8465;2391;6.0;1.7
90;2021-02-16;92;249;8557;2640;6.1;1.9
90;2021-02-17;178;175;8735;2815;6.2;2.0
90;2021-02-18;128;203;8863;3018;6.3;2.2
90;2021-02-19;64;222;8927;3240;6.4;2.3
90;2021-02-20;40;65;8967;3305;6.4;2.4
90;2021-02-21;0;0;8967;3305;6.4;2.4
90;2021-02-22;77;278;9044;3583;6.5;2.6
90;2021-02-23;40;206;9084;3789;6.5;2.7
90;2021-02-24;109;256;9193;4045;6.6;2.9
90;2021-02-25;89;261;9282;4306;6.6;3.1
90;2021-02-26;89;339;9371;4645;6.7;3.3
90;2021-02-27;140;150;9511;4795;6.8;3.4
90;2021-02-28;8;99;9519;4894;6.8;3.5
90;2021-03-01;211;208;9730;5102;6.9;3.6
90;2021-03-02;178;253;9908;5355;7.1;3.8
90;2021-03-03;239;324;10147;5679;7.2;4.1
90;2021-03-04;260;261;10407;5940;7.4;4.2
90;2021-03-05;359;253;10766;6193;7.7;4.4
90;2021-03-06;291;97;11057;6290;7.9;4.5
90;2021-03-07;18;1;11075;6291;7.9;4.5
90;2021-03-08;246;226;11321;6517;8.1;4.7
90;2021-03-09;430;157;11751;6674;8.4;4.8
90;2021-03-10;348;193;12099;6867;8.6;4.9
90;2021-03-11;348;117;12447;6984;8.9;5.0
90;2021-03-12;519;129;12966;7113;9.3;5.1
90;2021-03-13;539;48;13505;7161;9.6;5.1
90;2021-03-14;21;0;13526;7161;9.7;5.1
90;2021-03-15;388;118;13914;7279;9.9;5.2
90;2021-03-16;402;100;14316;7379;10.2;5.3
90;2021-03-17;323;76;14639;7455;10.4;5.3
90;2021-03-18;348;81;14987;7536;10.7;5.4
90;2021-03-19;468;78;15455;7614;11.0;5.4
90;2021-03-20;427;48;15882;7662;11.3;5.5
90;2021-03-21;7;1;15889;7663;11.3;5.5
90;2021-03-22;399;30;16288;7693;11.6;5.5
90;2021-03-23;740;76;17028;7769;12.2;5.5
90;2021-03-24;817;45;17845;7814;12.7;5.6
90;2021-03-25;949;75;18794;7889;13.4;5.6
90;2021-03-26;1227;61;20021;7950;14.3;5.7
90;2021-03-27;439;34;20460;7984;14.6;5.7
90;2021-03-28;34;0;20494;7984;14.6;5.7
90;2021-03-29;712;142;21206;8126;15.1;5.8
90;2021-03-30;675;155;21881;8281;15.6;5.9
90;2021-03-31;728;84;22609;8365;16.1;6.0
90;2021-04-01;602;123;23211;8488;16.6;6.1
90;2021-04-02;657;98;23868;8586;17.0;6.1
90;2021-04-03;370;41;24238;8627;17.3;6.2
90;2021-04-04;1;0;24239;8627;17.3;6.2
90;2021-04-05;0;0;24239;8627;17.3;6.2
90;2021-04-06;528;250;24767;8877;17.7;6.3
90;2021-04-07;485;266;25252;9143;18.0;6.5
90;2021-04-08;510;245;25762;9388;18.4;6.7
90;2021-04-09;752;266;26514;9654;18.9;6.9
90;2021-04-10;224;8;26738;9662;19.1;6.9
90;2021-04-11;7;0;26745;9662;19.1;6.9
90;2021-04-12;557;480;27302;10142;19.5;7.2
90;2021-04-13;632;531;27934;10673;19.9;7.6
90;2021-04-14;526;350;28460;11023;20.3;7.9
90;2021-04-15;905;291;29365;11314;21.0;8.1
90;2021-04-16;370;404;29735;11718;21.2;8.4
90;2021-04-17;189;128;29924;11846;21.4;8.5
90;2021-04-18;21;0;29945;11846;21.4;8.5
90;2021-04-19;435;571;30380;12417;21.7;8.9
90;2021-04-20;494;617;30874;13034;22.0;9.3
90;2021-04-21;353;498;31227;13532;22.3;9.7
90;2021-04-22;569;602;31796;14134;22.7;10.1
90;2021-04-23;504;742;32300;14876;23.0;10.6
90;2021-04-24;305;202;32605;15078;23.3;10.8
90;2021-04-25;1;0;32606;15078;23.3;10.8
90;2021-04-26;509;750;33115;15828;23.6;11.3
90;2021-04-27;641;679;33756;16507;24.1;11.8
90;2021-04-28;765;445;34521;16952;24.6;12.1
90;2021-04-29;1003;449;35524;17401;25.3;12.4
90;2021-04-30;1120;460;36644;17861;26.1;12.7
90;2021-05-01;60;42;36704;17903;26.2;12.8
90;2021-05-02;4;0;36708;17903;26.2;12.8
90;2021-05-03;904;285;37612;18188;26.8;13.0
90;2021-05-04;784;637;38396;18825;27.4;13.4
90;2021-05-05;892;504;39288;19329;28.0;13.8
90;2021-05-06;852;626;40140;19955;28.6;14.2
90;2021-05-07;440;508;40580;20463;29.0;14.6
90;2021-05-08;26;27;40606;20490;29.0;14.6
90;2021-05-09;5;33;40611;20523;29.0;14.6
90;2021-05-10;506;581;41117;21104;29.3;15.1
90;2021-05-11;778;638;41895;21742;29.9;15.5
90;2021-05-12;532;598;42427;22340;30.3;15.9
90;2021-05-13;1114;265;43541;22605;31.1;16.1
90;2021-05-14;865;403;44406;23008;31.7;16.4
90;2021-05-15;14;125;44420;23133;31.7;16.5
90;2021-05-16;2;7;44422;23140;31.7;16.5
90;2021-05-17;793;290;45215;23430;32.3;16.7
90;2021-05-18;1024;473;46239;23903;33.0;17.1
90;2021-05-19;1265;384;47504;24287;33.9;17.3
90;2021-05-20;1201;270;48705;24557;34.8;17.5
90;2021-05-21;1265;432;49970;24989;35.7;17.8
90;2021-05-22;9;131;49979;25120;35.7;17.9
90;2021-05-23;4;0;49983;25120;35.7;17.9
90;2021-05-24;368;265;50351;25385;35.9;18.1
90;2021-05-25;636;791;50987;26176;36.4;18.7
90;2021-05-26;630;568;51617;26744;36.8;19.1
90;2021-05-27;963;381;52580;27125;37.5;19.4
90;2021-05-28;668;827;53248;27952;38.0;19.9
90;2021-05-29;93;296;53341;28248;38.1;20.2
90;2021-05-30;4;1;53345;28249;38.1;20.2
90;2021-05-31;809;713;54154;28962;38.6;20.7
90;2021-06-01;969;740;55123;29702;39.3;21.2
90;2021-06-02;760;676;55883;30378;39.9;21.7
90;2021-06-03;758;743;56641;31121;40.4;22.2
90;2021-06-04;833;971;57474;32092;41.0;22.9
90;2021-06-05;54;427;57528;32519;41.0;23.2
90;2021-06-06;1;16;57529;32535;41.0;23.2
90;2021-06-07;1265;1081;58794;33616;42.0;24.0
90;2021-06-08;1482;936;60276;34552;43.0;24.7
90;2021-06-09;965;659;61241;35211;43.7;25.1
90;2021-06-10;626;498;61867;35709;44.1;25.5
90;2021-06-11;787;1127;62654;36836;44.7;26.3
90;2021-06-12;806;297;63460;37133;45.3;26.5
90;2021-06-13;10;12;63470;37145;45.3;26.5
90;2021-06-14;265;974;63735;38119;45.5;27.2
90;2021-06-15;567;882;64302;39001;45.9;27.8
90;2021-06-16;510;548;64812;39549;46.2;28.2
90;2021-06-17;444;638;65256;40187;46.6;28.7
90;2021-06-18;624;998;65880;41185;47.0;29.4
90;2021-06-19;450;170;66330;41355;47.3;29.5
90;2021-06-20;0;28;66330;41383;47.3;29.5
90;2021-06-21;257;1177;66587;42560;47.5;30.4
90;2021-06-22;384;950;66971;43510;47.8;31.0
90;2021-06-23;415;633;67386;44143;48.1;31.5
90;2021-06-24;318;602;67704;44745;48.3;31.9
90;2021-06-25;431;1270;68135;46015;48.6;32.8
90;2021-06-26;420;561;68555;46576;48.9;33.2
90;2021-06-27;2;6;68557;46582;48.9;33.2
90;2021-06-28;378;1299;68935;47881;49.2;34.2
90;2021-06-29;305;1307;69240;49188;49.4;35.1
90;2021-06-30;485;1228;69725;50416;49.8;36.0
90;2021-07-01;355;920;70080;51336;50.0;36.6
90;2021-07-02;507;1205;70587;52541;50.4;37.5
90;2021-07-03;52;129;70639;52670;50.4;37.6
90;2021-07-04;0;21;70639;52691;50.4;37.6
90;2021-07-05;401;1014;71040;53705;50.7;38.3
90;2021-07-06;514;971;71554;54676;51.1;39.0
90;2021-07-07;381;995;71935;55671;51.3;39.7
90;2021-07-08;304;607;72239;56278;51.5;40.2
90;2021-07-09;440;949;72679;57227;51.9;40.8
90;2021-07-10;32;91;72711;57318;51.9;40.9
90;2021-07-11;7;17;72718;57335;51.9;40.9
90;2021-07-12;246;1076;72964;58411;52.1;41.7
90;2021-07-13;474;1162;73438;59573;52.4;42.5
90;2021-07-14;4;9;73442;59582;52.4;42.5
90;2021-07-15;790;1456;74232;61038;53.0;43.6
90;2021-07-16;827;1681;75059;62719;53.6;44.8
90;2021-07-17;485;955;75544;63674;53.9;45.4
90;2021-07-18;4;2;75548;63676;53.9;45.4
90;2021-07-19;1187;1460;76735;65136;54.8;46.5
90;2021-07-20;1339;1135;78074;66271;55.7;47.3
90;2021-07-21;1398;983;79472;67254;56.7;48.0
90;2021-07-22;1126;697;80598;67951;57.5;48.5
90;2021-07-23;970;1022;81568;68973;58.2;49.2
90;2021-07-24;121;66;81689;69039;58.3;49.3
90;2021-07-25;2;1;81691;69040;58.3;49.3
90;2021-07-26;1072;802;82763;69842;59.1;49.8
90;2021-07-27;1085;747;83848;70589;59.8;50.4
90;2021-07-28;824;712;84672;71301;60.4;50.9
90;2021-07-29;840;441;85512;71742;61.0;51.2
90;2021-07-30;786;504;86298;72246;61.6;51.6
90;2021-07-31;486;313;86784;72559;61.9;51.8
90;2021-08-01;0;3;86784;72562;61.9;51.8
90;2021-08-02;844;510;87628;73072;62.5;52.1
90;2021-08-03;915;493;88543;73565;63.2;52.5
90;2021-08-04;1067;459;89610;74024;63.9;52.8
90;2021-08-05;520;221;90130;74245;64.3;53.0
90;2021-08-06;640;390;90770;74635;64.8;53.3
90;2021-08-07;36;63;90806;74698;64.8;53.3
90;2021-08-08;18;3;90824;74701;64.8;53.3
90;2021-08-09;723;946;91547;75647;65.3;54.0
90;2021-08-10;535;1152;92082;76799;65.7;54.8
90;2021-08-11;537;947;92619;77746;66.1;55.5
90;2021-08-12;446;819;93065;78565;66.4;56.1
90;2021-08-13;532;896;93597;79461;66.8;56.7
90;2021-08-14;30;99;93627;79560;66.8;56.8
90;2021-08-15;2;8;93629;79568;66.8;56.8
90;2021-08-16;449;633;94078;80201;67.1;57.2
90;2021-08-17;344;1168;94422;81369;67.4;58.1
90;2021-08-18;272;879;94694;82248;67.6;58.7
90;2021-08-19;240;627;94934;82875;67.7;59.1
90;2021-08-20;355;771;95289;83646;68.0;59.7
90;2021-08-21;32;71;95321;83717;68.0;59.7
90;2021-08-22;0;7;95321;83724;68.0;59.7
90;2021-08-23;305;489;95626;84213;68.2;60.1
90;2021-08-24;332;957;95958;85170;68.5;60.8
90;2021-08-25;249;915;96207;86085;68.6;61.4
90;2021-08-26;241;673;96448;86758;68.8;61.9
90;2021-08-27;270;737;96718;87495;69.0;62.4
90;2021-08-28;20;64;96738;87559;69.0;62.5
90;2021-08-29;2;6;96740;87565;69.0;62.5
90;2021-08-30;319;639;97059;88204;69.3;62.9
90;2021-08-31;275;1024;97334;89228;69.5;63.7
90;2021-09-01;265;786;97599;90014;69.6;64.2
90;2021-09-02;156;407;97755;90421;69.8;64.5
90;2021-09-03;222;530;97977;90951;69.9;64.9
90;2021-09-04;55;156;98032;91107;70.0;65.0
90;2021-09-05;9;25;98041;91132;70.0;65.0
90;2021-09-06;133;740;98174;91872;70.1;65.6
90;2021-09-07;219;674;98393;92546;70.2;66.0
90;2021-09-08;219;652;98612;93198;70.4;66.5
90;2021-09-09;187;320;98799;93518;70.5;66.7
90;2021-09-10;188;551;98987;94069;70.6;67.1
90;2021-09-11;12;12;98999;94081;70.6;67.1
90;2021-09-12;0;7;98999;94088;70.6;67.1
90;2021-09-13;211;506;99210;94594;70.8;67.5
91;2020-12-27;0;0;0;0;0.0;0.0
91;2020-12-28;0;0;0;0;0.0;0.0
91;2020-12-29;1;0;1;0;0.0;0.0
91;2020-12-30;1;0;2;0;0.0;0.0
91;2020-12-31;0;0;2;0;0.0;0.0
91;2021-01-01;5;0;7;0;0.0;0.0
91;2021-01-02;0;0;7;0;0.0;0.0
91;2021-01-03;0;0;7;0;0.0;0.0
91;2021-01-04;1;0;8;0;0.0;0.0
91;2021-01-05;71;0;79;0;0.0;0.0
91;2021-01-06;188;2;267;2;0.0;0.0
91;2021-01-07;523;6;790;8;0.1;0.0
91;2021-01-08;394;1;1184;9;0.1;0.0
91;2021-01-09;89;2;1273;11;0.1;0.0
91;2021-01-10;1;0;1274;11;0.1;0.0
91;2021-01-11;595;2;1869;13;0.1;0.0
91;2021-01-12;899;8;2768;21;0.2;0.0
91;2021-01-13;703;7;3471;28;0.3;0.0
91;2021-01-14;721;11;4192;39;0.3;0.0
91;2021-01-15;569;4;4761;43;0.4;0.0
91;2021-01-16;316;7;5077;50;0.4;0.0
91;2021-01-17;117;1;5194;51;0.4;0.0
91;2021-01-18;992;3;6186;54;0.5;0.0
91;2021-01-19;1872;12;8058;66;0.6;0.0
91;2021-01-20;2378;17;10436;83;0.8;0.0
91;2021-01-21;2105;15;12541;98;1.0;0.0
91;2021-01-22;1861;10;14402;108;1.1;0.0
91;2021-01-23;413;1;14815;109;1.1;0.0
91;2021-01-24;53;0;14868;109;1.1;0.0
91;2021-01-25;1049;3;15917;112;1.2;0.0
91;2021-01-26;1579;36;17496;148;1.3;0.0
91;2021-01-27;2423;90;19919;238;1.5;0.0
91;2021-01-28;1984;216;21903;454;1.7;0.0
91;2021-01-29;1749;59;23652;513;1.8;0.0
91;2021-01-30;422;6;24074;519;1.8;0.0
91;2021-01-31;54;0;24128;519;1.8;0.0
91;2021-02-01;965;215;25093;734;1.9;0.1
91;2021-02-02;858;349;25951;1083;2.0;0.1
91;2021-02-03;938;542;26889;1625;2.0;0.1
91;2021-02-04;884;268;27773;1893;2.1;0.1
91;2021-02-05;1037;338;28810;2231;2.2;0.2
91;2021-02-06;338;85;29148;2316;2.2;0.2
91;2021-02-07;14;0;29162;2316;2.2;0.2
91;2021-02-08;906;535;30068;2851;2.3;0.2
91;2021-02-09;963;722;31031;3573;2.4;0.3
91;2021-02-10;1065;956;32096;4529;2.4;0.3
91;2021-02-11;1123;955;33219;5484;2.5;0.4
91;2021-02-12;1063;780;34282;6264;2.6;0.5
91;2021-02-13;331;323;34613;6587;2.6;0.5
91;2021-02-14;18;102;34631;6689;2.6;0.5
91;2021-02-15;368;923;34999;7612;2.7;0.6
91;2021-02-16;555;1451;35554;9063;2.7;0.7
91;2021-02-17;814;2301;36368;11364;2.8;0.9
91;2021-02-18;941;1748;37309;13112;2.8;1.0
91;2021-02-19;868;1178;38177;14290;2.9;1.1
91;2021-02-20;167;263;38344;14553;2.9;1.1
91;2021-02-21;13;40;38357;14593;2.9;1.1
91;2021-02-22;334;934;38691;15527;2.9;1.2
91;2021-02-23;397;874;39088;16401;3.0;1.2
91;2021-02-24;473;850;39561;17251;3.0;1.3
91;2021-02-25;735;810;40296;18061;3.1;1.4
91;2021-02-26;1097;872;41393;18933;3.1;1.4
91;2021-02-27;611;253;42004;19186;3.2;1.5
91;2021-02-28;65;60;42069;19246;3.2;1.5
91;2021-03-01;931;877;43000;20123;3.3;1.5
91;2021-03-02;1261;943;44261;21066;3.4;1.6
91;2021-03-03;1468;1122;45729;22188;3.5;1.7
91;2021-03-04;2433;1032;48162;23220;3.7;1.8
91;2021-03-05;3354;1018;51516;24238;3.9;1.8
91;2021-03-06;4911;418;56427;24656;4.3;1.9
91;2021-03-07;3208;117;59635;24773;4.5;1.9
91;2021-03-08;1473;939;61108;25712;4.6;1.9
91;2021-03-09;2625;904;63733;26616;4.8;2.0
91;2021-03-10;2623;970;66356;27586;5.0;2.1
91;2021-03-11;3786;1072;70142;28658;5.3;2.2
91;2021-03-12;4790;1008;74932;29666;5.7;2.2
91;2021-03-13;5259;336;80191;30002;6.1;2.3
91;2021-03-14;304;28;80495;30030;6.1;2.3
91;2021-03-15;2985;432;83480;30462;6.3;2.3
91;2021-03-16;2617;378;86097;30840;6.5;2.3
91;2021-03-17;2230;344;88327;31184;6.7;2.4
91;2021-03-18;2393;407;90720;31591;6.9;2.4
91;2021-03-19;4093;381;94813;31972;7.2;2.4
91;2021-03-20;3609;178;98422;32150;7.5;2.4
91;2021-03-21;138;21;98560;32171;7.5;2.4
91;2021-03-22;3150;594;101710;32765;7.7;2.5
91;2021-03-23;4140;686;105850;33451;8.0;2.5
91;2021-03-24;3936;498;109786;33949;8.3;2.6
91;2021-03-25;5062;525;114848;34474;8.7;2.6
91;2021-03-26;5550;552;120398;35026;9.1;2.7
91;2021-03-27;4984;343;125382;35369;9.5;2.7
91;2021-03-28;282;57;125664;35426;9.5;2.7
91;2021-03-29;3304;1026;128968;36452;9.8;2.8
91;2021-03-30;4426;1221;133394;37673;10.1;2.9
91;2021-03-31;3368;1329;136762;39002;10.4;3.0
91;2021-04-01;3740;1684;140502;40686;10.6;3.1
91;2021-04-02;3890;2310;144392;42996;10.9;3.3
91;2021-04-03;1874;2858;146266;45854;11.1;3.5
91;2021-04-04;648;1319;146914;47173;11.1;3.6
91;2021-04-05;562;131;147476;47304;11.2;3.6
91;2021-04-06;3402;1781;150878;49085;11.4;3.7
91;2021-04-07;3421;1928;154299;51013;11.7;3.9
91;2021-04-08;4665;2163;158964;53176;12.0;4.0
91;2021-04-09;5349;2159;164313;55335;12.5;4.2
91;2021-04-10;2732;2809;167045;58144;12.7;4.4
91;2021-04-11;191;141;167236;58285;12.7;4.4
91;2021-04-12;2854;2276;170090;60561;12.9;4.6
91;2021-04-13;3757;2645;173847;63206;13.2;4.8
91;2021-04-14;3708;2319;177555;65525;13.5;5.0
91;2021-04-15;4477;2512;182032;68037;13.8;5.2
91;2021-04-16;4550;2804;186582;70841;14.1;5.4
91;2021-04-17;2983;2075;189565;72916;14.4;5.5
91;2021-04-18;269;73;189834;72989;14.4;5.5
91;2021-04-19;2307;2731;192141;75720;14.6;5.7
91;2021-04-20;3179;2980;195320;78700;14.8;6.0
91;2021-04-21;2989;2894;198309;81594;15.0;6.2
91;2021-04-22;3169;3366;201478;84960;15.3;6.4
91;2021-04-23;3717;3340;205195;88300;15.6;6.7
91;2021-04-24;3482;3730;208677;92030;15.8;7.0
91;2021-04-25;2618;642;211295;92672;16.0;7.0
91;2021-04-26;3487;2797;214782;95469;16.3;7.2
91;2021-04-27;4488;2922;219270;98391;16.6;7.5
91;2021-04-28;4569;2699;223839;101090;17.0;7.7
91;2021-04-29;5746;3062;229585;104152;17.4;7.9
91;2021-04-30;5387;2849;234972;107001;17.8;8.1
91;2021-05-01;3517;521;238489;107522;18.1;8.1
91;2021-05-02;628;132;239117;107654;18.1;8.2
91;2021-05-03;5202;2291;244319;109945;18.5;8.3
91;2021-05-04;5591;3172;249910;113117;18.9;8.6
91;2021-05-05;4854;2872;254764;115989;19.3;8.8
91;2021-05-06;5250;3374;260014;119363;19.7;9.0
91;2021-05-07;6120;3740;266134;123103;20.2;9.3
91;2021-05-08;6520;965;272654;124068;20.7;9.4
91;2021-05-09;4803;561;277457;124629;21.0;9.4
91;2021-05-10;5904;3004;283361;127633;21.5;9.7
91;2021-05-11;6829;3834;290190;131467;22.0;10.0
91;2021-05-12;5898;3438;296088;134905;22.4;10.2
91;2021-05-13;4826;1081;300914;135986;22.8;10.3
91;2021-05-14;6548;2395;307462;138381;23.3;10.5
91;2021-05-15;7795;1926;315257;140307;23.9;10.6
91;2021-05-16;4584;372;319841;140679;24.2;10.7
91;2021-05-17;6952;1703;326793;142382;24.8;10.8
91;2021-05-18;8121;1739;334914;144121;25.4;10.9
91;2021-05-19;7100;1697;342014;145818;25.9;11.1
91;2021-05-20;8203;2142;350217;147960;26.5;11.2
91;2021-05-21;8147;2579;358364;150539;27.2;11.4
91;2021-05-22;7664;1537;366028;152076;27.7;11.5
91;2021-05-23;4799;534;370827;152610;28.1;11.6
91;2021-05-24;5018;598;375845;153208;28.5;11.6
91;2021-05-25;7628;2652;383473;155860;29.1;11.8
91;2021-05-26;6874;2939;390347;158799;29.6;12.0
91;2021-05-27;7974;3439;398321;162238;30.2;12.3
91;2021-05-28;7537;4323;405858;166561;30.8;12.6
91;2021-05-29;9303;3502;415161;170063;31.5;12.9
91;2021-05-30;5953;961;421114;171024;31.9;13.0
91;2021-05-31;6742;3700;427856;174724;32.4;13.2
91;2021-06-01;7788;4768;435644;179492;33.0;13.6
91;2021-06-02;7453;3950;443097;183442;33.6;13.9
91;2021-06-03;7861;4779;450958;188221;34.2;14.3
91;2021-06-04;7191;5719;458149;193940;34.7;14.7
91;2021-06-05;6389;5819;464538;199759;35.2;15.1
91;2021-06-06;4088;2512;468626;202271;35.5;15.3
91;2021-06-07;5882;5479;474508;207750;36.0;15.7
91;2021-06-08;7044;5795;481552;213545;36.5;16.2
91;2021-06-09;6473;5142;488025;218687;37.0;16.6
91;2021-06-10;7180;5778;495205;224465;37.5;17.0
91;2021-06-11;6545;7109;501750;231574;38.0;17.6
91;2021-06-12;6223;7365;507973;238939;38.5;18.1
91;2021-06-13;2852;2315;510825;241254;38.7;18.3
91;2021-06-14;4225;7196;515050;248450;39.0;18.8
91;2021-06-15;5576;7259;520626;255709;39.5;19.4
91;2021-06-16;5305;6446;525931;262155;39.9;19.9
91;2021-06-17;6251;7136;532182;269291;40.3;20.4
91;2021-06-18;4634;8739;536816;278030;40.7;21.1
91;2021-06-19;4191;7154;541007;285184;41.0;21.6
91;2021-06-20;1009;4211;542016;289395;41.1;21.9
91;2021-06-21;3232;7237;545248;296632;41.3;22.5
91;2021-06-22;4161;9232;549409;305864;41.6;23.2
91;2021-06-23;4318;7962;553727;313826;42.0;23.8
91;2021-06-24;4911;8484;558638;322310;42.3;24.4
91;2021-06-25;3478;9166;562116;331476;42.6;25.1
91;2021-06-26;2988;8033;565104;339509;42.8;25.7
91;2021-06-27;549;2996;565653;342505;42.9;26.0
91;2021-06-28;3129;8241;568782;350746;43.1;26.6
91;2021-06-29;3587;9634;572369;360380;43.4;27.3
91;2021-06-30;3956;8700;576325;369080;43.7;28.0
91;2021-07-01;4098;8873;580423;377953;44.0;28.6
91;2021-07-02;3777;9317;584200;387270;44.3;29.4
91;2021-07-03;2882;9791;587082;397061;44.5;30.1
91;2021-07-04;852;4725;587934;401786;44.6;30.5
91;2021-07-05;2663;7258;590597;409044;44.8;31.0
91;2021-07-06;3759;9430;594356;418474;45.0;31.7
91;2021-07-07;3810;8594;598166;427068;45.3;32.4
91;2021-07-08;4363;8993;602529;436061;45.7;33.0
91;2021-07-09;3967;9953;606496;446014;46.0;33.8
91;2021-07-10;3400;10237;609896;456251;46.2;34.6
91;2021-07-11;985;4803;610881;461054;46.3;34.9
91;2021-07-12;2804;8890;613685;469944;46.5;35.6
91;2021-07-13;4465;10391;618150;480335;46.9;36.4
91;2021-07-14;2302;3582;620452;483917;47.0;36.7
91;2021-07-15;4543;9827;624995;493744;47.4;37.4
91;2021-07-16;6289;9761;631284;503505;47.8;38.2
91;2021-07-17;5751;9065;637035;512570;48.3;38.8
91;2021-07-18;3399;3683;640434;516253;48.5;39.1
91;2021-07-19;3776;7532;644210;523785;48.8;39.7
91;2021-07-20;6074;9307;650284;533092;49.3;40.4
91;2021-07-21;6253;7727;656537;540819;49.8;41.0
91;2021-07-22;6502;8400;663039;549219;50.3;41.6
91;2021-07-23;6922;8280;669961;557499;50.8;42.3
91;2021-07-24;5022;6480;674983;563979;51.2;42.7
91;2021-07-25;3267;1403;678250;565382;51.4;42.9
91;2021-07-26;4937;6596;683187;571978;51.8;43.4
91;2021-07-27;7569;7081;690756;579059;52.4;43.9
91;2021-07-28;7366;5918;698122;584977;52.9;44.3
91;2021-07-29;7397;5910;705519;590887;53.5;44.8
91;2021-07-30;6914;5779;712433;596666;54.0;45.2
91;2021-07-31;4909;4784;717342;601450;54.4;45.6
91;2021-08-01;2661;1336;720003;602786;54.6;45.7
91;2021-08-02;4737;4232;724740;607018;54.9;46.0
91;2021-08-03;5837;4693;730577;611711;55.4;46.4
91;2021-08-04;5696;4139;736273;615850;55.8;46.7
91;2021-08-05;5600;4266;741873;620116;56.2;47.0
91;2021-08-06;5712;5630;747585;625746;56.7;47.4
91;2021-08-07;3073;2415;750658;628161;56.9;47.6
91;2021-08-08;599;1102;751257;629263;56.9;47.7
91;2021-08-09;3790;3972;755047;633235;57.2;48.0
91;2021-08-10;4608;4548;759655;637783;57.6;48.3
91;2021-08-11;4126;4484;763781;642267;57.9;48.7
91;2021-08-12;4052;4776;767833;647043;58.2;49.0
91;2021-08-13;4292;4858;772125;651901;58.5;49.4
91;2021-08-14;2240;2399;774365;654300;58.7;49.6
91;2021-08-15;94;171;774459;654471;58.7;49.6
91;2021-08-16;2936;4656;777395;659127;58.9;50.0
91;2021-08-17;3610;5814;781005;664941;59.2;50.4
91;2021-08-18;3022;5791;784027;670732;59.4;50.8
91;2021-08-19;3468;5774;787495;676506;59.7;51.3
91;2021-08-20;3195;6953;790690;683459;59.9;51.8
91;2021-08-21;2456;3348;793146;686807;60.1;52.1
91;2021-08-22;736;1300;793882;688107;60.2;52.2
91;2021-08-23;2398;5307;796280;693414;60.4;52.6
91;2021-08-24;2960;6956;799240;700370;60.6;53.1
91;2021-08-25;3393;6708;802633;707078;60.8;53.6
91;2021-08-26;2728;5945;805361;713023;61.0;54.0
91;2021-08-27;2816;7500;808177;720523;61.3;54.6
91;2021-08-28;2369;4832;810546;725355;61.4;55.0
91;2021-08-29;1762;2783;812308;728138;61.6;55.2
91;2021-08-30;1762;5608;814070;733746;61.7;55.6
91;2021-08-31;2229;6092;816299;739838;61.9;56.1
91;2021-09-01;2414;4599;818713;744437;62.1;56.4
91;2021-09-02;1889;3895;820602;748332;62.2;56.7
91;2021-09-03;2133;4963;822735;753295;62.4;57.1
91;2021-09-04;2059;4229;824794;757524;62.5;57.4
91;2021-09-05;733;940;825527;758464;62.6;57.5
91;2021-09-06;1653;3498;827180;761962;62.7;57.8
91;2021-09-07;1533;3272;828713;765234;62.8;58.0
91;2021-09-08;1768;3537;830481;768771;62.9;58.3
91;2021-09-09;1273;3350;831754;772121;63.0;58.5
91;2021-09-10;1774;4029;833528;776150;63.2;58.8
91;2021-09-11;1725;4454;835253;780604;63.3;59.2
91;2021-09-12;619;1021;835872;781625;63.4;59.2
91;2021-09-13;1247;2875;837119;784500;63.4;59.5
92;2020-12-27;32;0;32;0;0.0;0.0
92;2020-12-28;21;0;53;0;0.0;0.0
92;2020-12-29;62;0;115;0;0.0;0.0
92;2020-12-30;46;0;161;0;0.0;0.0
92;2020-12-31;7;0;168;0;0.0;0.0
92;2021-01-01;26;0;194;0;0.0;0.0
92;2021-01-02;8;0;202;0;0.0;0.0
92;2021-01-03;11;0;213;0;0.0;0.0
92;2021-01-04;71;1;284;1;0.0;0.0
92;2021-01-05;234;1;518;2;0.0;0.0
92;2021-01-06;416;3;934;5;0.1;0.0
92;2021-01-07;669;4;1603;9;0.1;0.0
92;2021-01-08;845;5;2448;14;0.2;0.0
92;2021-01-09;126;1;2574;15;0.2;0.0
92;2021-01-10;47;0;2621;15;0.2;0.0
92;2021-01-11;849;5;3470;20;0.2;0.0
92;2021-01-12;1303;9;4773;29;0.3;0.0
92;2021-01-13;1244;13;6017;42;0.4;0.0
92;2021-01-14;1221;16;7238;58;0.4;0.0
92;2021-01-15;983;7;8221;65;0.5;0.0
92;2021-01-16;183;1;8404;66;0.5;0.0
92;2021-01-17;28;0;8432;66;0.5;0.0
92;2021-01-18;1549;20;9981;86;0.6;0.0
92;2021-01-19;1563;20;11544;106;0.7;0.0
92;2021-01-20;1814;11;13358;117;0.8;0.0
92;2021-01-21;3447;21;16805;138;1.0;0.0
92;2021-01-22;2613;40;19418;178;1.2;0.0
92;2021-01-23;146;0;19564;178;1.2;0.0
92;2021-01-24;28;0;19592;178;1.2;0.0
92;2021-01-25;854;13;20446;191;1.3;0.0
92;2021-01-26;1216;10;21662;201;1.3;0.0
92;2021-01-27;2221;91;23883;292;1.5;0.0
92;2021-01-28;4194;176;28077;468;1.7;0.0
92;2021-01-29;2719;232;30796;700;1.9;0.0
92;2021-01-30;325;12;31121;712;1.9;0.0
92;2021-01-31;30;1;31151;713;1.9;0.0
92;2021-02-01;867;290;32018;1003;2.0;0.1
92;2021-02-02;1058;321;33076;1324;2.0;0.1
92;2021-02-03;1004;412;34080;1736;2.1;0.1
92;2021-02-04;1047;488;35127;2224;2.2;0.1
92;2021-02-05;1335;462;36462;2686;2.3;0.2
92;2021-02-06;120;18;36582;2704;2.3;0.2
92;2021-02-07;19;13;36601;2717;2.3;0.2
92;2021-02-08;579;627;37180;3344;2.3;0.2
92;2021-02-09;1070;1169;38250;4513;2.4;0.3
92;2021-02-10;1077;1230;39327;5743;2.4;0.4
92;2021-02-11;1509;1746;40836;7489;2.5;0.5
92;2021-02-12;1420;1396;42256;8885;2.6;0.6
92;2021-02-13;75;57;42331;8942;2.6;0.6
92;2021-02-14;26;0;42357;8942;2.6;0.6
92;2021-02-15;573;1262;42930;10204;2.7;0.6
92;2021-02-16;787;1638;43717;11842;2.7;0.7
92;2021-02-17;622;1504;44339;13346;2.7;0.8
92;2021-02-18;1573;3112;45912;16458;2.8;1.0
92;2021-02-19;1733;2310;47645;18768;3.0;1.2
92;2021-02-20;145;344;47790;19112;3.0;1.2
92;2021-02-21;37;50;47827;19162;3.0;1.2
92;2021-02-22;498;982;48325;20144;3.0;1.2
92;2021-02-23;732;1091;49057;21235;3.0;1.3
92;2021-02-24;613;1046;49670;22281;3.1;1.4
92;2021-02-25;923;1453;50593;23734;3.1;1.5
92;2021-02-26;1459;1138;52052;24872;3.2;1.5
92;2021-02-27;503;171;52555;25043;3.3;1.6
92;2021-02-28;68;44;52623;25087;3.3;1.6
92;2021-03-01;1103;820;53726;25907;3.3;1.6
92;2021-03-02;1976;1104;55702;27011;3.5;1.7
92;2021-03-03;2797;920;58499;27931;3.6;1.7
92;2021-03-04;3597;1293;62096;29224;3.8;1.8
92;2021-03-05;4980;1486;67076;30710;4.2;1.9
92;2021-03-06;5719;317;72795;31027;4.5;1.9
92;2021-03-07;2901;229;75696;31256;4.7;1.9
92;2021-03-08;2421;709;78117;31965;4.8;2.0
92;2021-03-09;3442;905;81559;32870;5.1;2.0
92;2021-03-10;3948;890;85507;33760;5.3;2.1
92;2021-03-11;5022;1322;90529;35082;5.6;2.2
92;2021-03-12;6773;1492;97302;36574;6.0;2.3
92;2021-03-13;5161;238;102463;36812;6.3;2.3
92;2021-03-14;1741;76;104204;36888;6.5;2.3
92;2021-03-15;3807;584;108011;37472;6.7;2.3
92;2021-03-16;3700;579;111711;38051;6.9;2.4
92;2021-03-17;3877;418;115588;38469;7.2;2.4
92;2021-03-18;4128;737;119716;39206;7.4;2.4
92;2021-03-19;5926;714;125642;39920;7.8;2.5
92;2021-03-20;2538;74;128180;39994;7.9;2.5
92;2021-03-21;153;29;128333;40023;8.0;2.5
92;2021-03-22;4116;478;132449;40501;8.2;2.5
92;2021-03-23;6103;864;138552;41365;8.6;2.6
92;2021-03-24;6380;652;144932;42017;9.0;2.6
92;2021-03-25;8443;642;153375;42659;9.5;2.6
92;2021-03-26;8356;889;161731;43548;10.0;2.7
92;2021-03-27;2836;275;164567;43823;10.2;2.7
92;2021-03-28;543;38;165110;43861;10.2;2.7
92;2021-03-29;4665;1060;169775;44921;10.5;2.8
92;2021-03-30;6394;1547;176169;46468;10.9;2.9
92;2021-03-31;5547;2244;181716;48712;11.3;3.0
92;2021-04-01;6269;3667;187985;52379;11.6;3.2
92;2021-04-02;5636;3412;193621;55791;12.0;3.5
92;2021-04-03;875;1413;194496;57204;12.1;3.5
92;2021-04-04;491;1054;194987;58258;12.1;3.6
92;2021-04-05;813;157;195800;58415;12.1;3.6
92;2021-04-06;3664;1947;199464;60362;12.4;3.7
92;2021-04-07;4999;2888;204463;63250;12.7;3.9
92;2021-04-08;5985;3184;210448;66434;13.0;4.1
92;2021-04-09;8038;3049;218486;69483;13.5;4.3
92;2021-04-10;2636;1289;221122;70772;13.7;4.4
92;2021-04-11;160;806;221282;71578;13.7;4.4
92;2021-04-12;3687;2515;224969;74093;13.9;4.6
92;2021-04-13;4382;4418;229351;78511;14.2;4.9
92;2021-04-14;4867;4039;234218;82550;14.5;5.1
92;2021-04-15;5302;3950;239520;86500;14.8;5.4
92;2021-04-16;5076;3858;244596;90358;15.2;5.6
92;2021-04-17;1805;1188;246401;91546;15.3;5.7
92;2021-04-18;350;94;246751;91640;15.3;5.7
92;2021-04-19;2815;2840;249566;94480;15.5;5.9
92;2021-04-20;4194;3756;253760;98236;15.7;6.1
92;2021-04-21;4616;4516;258376;102752;16.0;6.4
92;2021-04-22;4662;5118;263038;107870;16.3;6.7
92;2021-04-23;5247;4705;268285;112575;16.6;7.0
92;2021-04-24;4941;1903;273226;114478;16.9;7.1
92;2021-04-25;1792;148;275018;114626;17.0;7.1
92;2021-04-26;4001;3617;279019;118243;17.3;7.3
92;2021-04-27;6046;5261;285065;123504;17.7;7.7
92;2021-04-28;7381;4490;292446;127994;18.1;7.9
92;2021-04-29;7989;4771;300435;132765;18.6;8.2
92;2021-04-30;8847;4840;309282;137605;19.2;8.5
92;2021-05-01;1201;405;310483;138010;19.2;8.6
92;2021-05-02;664;139;311147;138149;19.3;8.6
92;2021-05-03;6780;3884;317927;142033;19.7;8.8
92;2021-05-04;10431;4357;328358;146390;20.3;9.1
92;2021-05-05;10074;5245;338432;151635;21.0;9.4
92;2021-05-06;11424;4894;349856;156529;21.7;9.7
92;2021-05-07;9870;5291;359726;161820;22.3;10.0
92;2021-05-08;7215;1922;366941;163742;22.7;10.1
92;2021-05-09;3788;600;370729;164342;23.0;10.2
92;2021-05-10;9542;3997;380271;168339;23.6;10.4
92;2021-05-11;13984;5684;394255;174023;24.4;10.8
92;2021-05-12;14288;4576;408543;178599;25.3;11.1
92;2021-05-13;9168;903;417711;179502;25.9;11.1
92;2021-05-14;12032;2307;429743;181809;26.6;11.3
92;2021-05-15;8393;1223;438136;183032;27.1;11.3
92;2021-05-16;4142;452;442278;183484;27.4;11.4
92;2021-05-17;10650;2217;452928;185701;28.1;11.5
92;2021-05-18;16415;3122;469343;188823;29.1;11.7
92;2021-05-19;16038;3716;485381;192539;30.1;11.9
92;2021-05-20;16840;3975;502221;196514;31.1;12.2
92;2021-05-21;14080;3616;516301;200130;32.0;12.4
92;2021-05-22;8318;1510;524619;201640;32.5;12.5
92;2021-05-23;4086;454;528705;202094;32.8;12.5
92;2021-05-24;6125;855;534830;202949;33.1;12.6
92;2021-05-25;13115;4561;547945;207510;34.0;12.9
92;2021-05-26;11931;5037;559876;212547;34.7;13.2
92;2021-05-27;12740;6323;572616;218870;35.5;13.6
92;2021-05-28;11237;6276;583853;225146;36.2;14.0
92;2021-05-29;5455;2304;589308;227450;36.5;14.1
92;2021-05-30;2250;389;591558;227839;36.7;14.1
92;2021-05-31;12057;5301;603615;233140;37.4;14.4
92;2021-06-01;12631;7632;616246;240772;38.2;14.9
92;2021-06-02;14384;7204;630630;247976;39.1;15.4
92;2021-06-03;14600;8018;645230;255994;40.0;15.9
92;2021-06-04;12231;8219;657461;264213;40.7;16.4
92;2021-06-05;7385;6232;664846;270445;41.2;16.8
92;2021-06-06;3599;1675;668445;272120;41.4;16.9
92;2021-06-07;11443;7634;679888;279754;42.1;17.3
92;2021-06-08;12767;9602;692655;289356;42.9;17.9
92;2021-06-09;11667;9476;704322;298832;43.6;18.5
92;2021-06-10;11976;10563;716298;309395;44.4;19.2
92;2021-06-11;8149;11034;724447;320429;44.9;19.9
92;2021-06-12;6370;5095;730817;325524;45.3;20.2
92;2021-06-13;3967;2721;734784;328245;45.5;20.3
92;2021-06-14;5215;11168;739999;339413;45.9;21.0
92;2021-06-15;6536;13122;746535;352535;46.3;21.8
92;2021-06-16;6960;12995;753495;365530;46.7;22.7
92;2021-06-17;7431;14002;760926;379532;47.2;23.5
92;2021-06-18;6904;14393;767830;393925;47.6;24.4
92;2021-06-19;3964;9108;771794;403033;47.8;25.0
92;2021-06-20;1968;5610;773762;408643;47.9;25.3
92;2021-06-21;4843;12278;778605;420921;48.2;26.1
92;2021-06-22;5884;17545;784489;438466;48.6;27.2
92;2021-06-23;5488;15994;789977;454460;49.0;28.2
92;2021-06-24;6207;15123;796184;469583;49.3;29.1
92;2021-06-25;5121;16100;801305;485683;49.7;30.1
92;2021-06-26;4072;10458;805377;496141;49.9;30.7
92;2021-06-27;1861;6050;807238;502191;50.0;31.1
92;2021-06-28;3677;12050;810915;514241;50.2;31.9
92;2021-06-29;4692;18156;815607;532397;50.5;33.0
92;2021-06-30;4461;16231;820068;548628;50.8;34.0
92;2021-07-01;5556;16309;825624;564937;51.2;35.0
92;2021-07-02;4950;15276;830574;580213;51.5;36.0
92;2021-07-03;3306;10183;833880;590396;51.7;36.6
92;2021-07-04;1124;4207;835004;594603;51.7;36.8
92;2021-07-05;4828;12332;839832;606935;52.0;37.6
92;2021-07-06;5288;15812;845120;622747;52.4;38.6
92;2021-07-07;4263;11452;849383;634199;52.6;39.3
92;2021-07-08;5414;14637;854797;648836;53.0;40.2
92;2021-07-09;5905;14208;860702;663044;53.3;41.1
92;2021-07-10;4383;8456;865085;671500;53.6;41.6
92;2021-07-11;1486;2614;866571;674114;53.7;41.8
92;2021-07-12;4418;14637;870989;688751;54.0;42.7
92;2021-07-13;7882;17459;878871;706210;54.5;43.8
92;2021-07-14;5113;5744;883984;711954;54.8;44.1
92;2021-07-15;9583;16256;893567;728210;55.4;45.1
92;2021-07-16;9069;14185;902636;742395;55.9;46.0
92;2021-07-17;6585;7607;909221;750002;56.3;46.5
92;2021-07-18;1839;2482;911060;752484;56.5;46.6
92;2021-07-19;6477;13199;917537;765683;56.9;47.4
92;2021-07-20;10096;14103;927633;779786;57.5;48.3
92;2021-07-21;10472;12120;938105;791906;58.1;49.1
92;2021-07-22;12060;12991;950165;804897;58.9;49.9
92;2021-07-23;11603;11358;961768;816255;59.6;50.6
92;2021-07-24;6735;6263;968503;822518;60.0;51.0
92;2021-07-25;2780;2326;971283;824844;60.2;51.1
92;2021-07-26;9501;9178;980784;834022;60.8;51.7
92;2021-07-27;11512;9612;992296;843634;61.5;52.3
92;2021-07-28;12962;8202;1005258;851836;62.3;52.8
92;2021-07-29;10461;8630;1015719;860466;62.9;53.3
92;2021-07-30;9137;8353;1024856;868819;63.5;53.8
92;2021-07-31;5705;4812;1030561;873631;63.9;54.1
92;2021-08-01;2209;1301;1032770;874932;64.0;54.2
92;2021-08-02;4671;4938;1037441;879870;64.3;54.5
92;2021-08-03;5137;6142;1042578;886012;64.6;54.9
92;2021-08-04;4772;4870;1047350;890882;64.9;55.2
92;2021-08-05;4520;5680;1051870;896562;65.2;55.6
92;2021-08-06;4550;5973;1056420;902535;65.5;55.9
92;2021-08-07;2828;4227;1059248;906762;65.6;56.2
92;2021-08-08;962;1081;1060210;907843;65.7;56.3
92;2021-08-09;3214;4255;1063424;912098;65.9;56.5
92;2021-08-10;3826;5612;1067250;917710;66.1;56.9
92;2021-08-11;3235;4432;1070485;922142;66.3;57.1
92;2021-08-12;3385;5596;1073870;927738;66.5;57.5
92;2021-08-13;2991;5141;1076861;932879;66.7;57.8
92;2021-08-14;1891;3933;1078752;936812;66.8;58.1
92;2021-08-15;585;839;1079337;937651;66.9;58.1
92;2021-08-16;2396;5322;1081733;942973;67.0;58.4
92;2021-08-17;2632;6989;1084365;949962;67.2;58.9
92;2021-08-18;2416;5252;1086781;955214;67.3;59.2
92;2021-08-19;2509;5744;1089290;960958;67.5;59.5
92;2021-08-20;2262;5189;1091552;966147;67.6;59.9
92;2021-08-21;1381;4219;1092933;970366;67.7;60.1
92;2021-08-22;425;1598;1093358;971964;67.8;60.2
92;2021-08-23;2482;6596;1095840;978560;67.9;60.6
92;2021-08-24;3128;8345;1098968;986905;68.1;61.2
92;2021-08-25;2835;7574;1101803;994479;68.3;61.6
92;2021-08-26;2950;7571;1104753;1002050;68.5;62.1
92;2021-08-27;3064;7015;1107817;1009065;68.6;62.5
92;2021-08-28;1611;4518;1109428;1013583;68.7;62.8
92;2021-08-29;343;789;1109771;1014372;68.8;62.9
92;2021-08-30;2208;4896;1111979;1019268;68.9;63.2
92;2021-08-31;3077;7030;1115056;1026298;69.1;63.6
92;2021-09-01;3264;7599;1118320;1033897;69.3;64.1
92;2021-09-02;2617;6825;1120937;1040722;69.5;64.5
92;2021-09-03;2632;6586;1123569;1047308;69.6;64.9
92;2021-09-04;2195;5048;1125764;1052356;69.8;65.2
92;2021-09-05;441;1049;1126205;1053405;69.8;65.3
92;2021-09-06;1300;3702;1127505;1057107;69.9;65.5
92;2021-09-07;1673;4182;1129178;1061289;70.0;65.8
92;2021-09-08;2173;4306;1131351;1065595;70.1;66.0
92;2021-09-09;1209;3262;1132560;1068857;70.2;66.2
92;2021-09-10;1756;4230;1134316;1073087;70.3;66.5
92;2021-09-11;1544;2917;1135860;1076004;70.4;66.7
92;2021-09-12;208;463;1136068;1076467;70.4;66.7
92;2021-09-13;1072;3065;1137140;1079532;70.5;66.9
93;2020-12-27;11;3;11;3;0.0;0.0
93;2020-12-28;6;0;17;3;0.0;0.0
93;2020-12-29;0;0;17;3;0.0;0.0
93;2020-12-30;44;1;61;4;0.0;0.0
93;2020-12-31;10;0;71;4;0.0;0.0
93;2021-01-01;5;0;76;4;0.0;0.0
93;2021-01-02;0;0;76;4;0.0;0.0
93;2021-01-03;3;0;79;4;0.0;0.0
93;2021-01-04;3;0;82;4;0.0;0.0
93;2021-01-05;65;1;147;5;0.0;0.0
93;2021-01-06;179;0;326;5;0.0;0.0
93;2021-01-07;381;1;707;6;0.0;0.0
93;2021-01-08;632;1;1339;7;0.1;0.0
93;2021-01-09;21;0;1360;7;0.1;0.0
93;2021-01-10;2;0;1362;7;0.1;0.0
93;2021-01-11;504;3;1866;10;0.1;0.0
93;2021-01-12;753;7;2619;17;0.2;0.0
93;2021-01-13;752;6;3371;23;0.2;0.0
93;2021-01-14;688;18;4059;41;0.2;0.0
93;2021-01-15;516;3;4575;44;0.3;0.0
93;2021-01-16;139;3;4714;47;0.3;0.0
93;2021-01-17;6;1;4720;48;0.3;0.0
93;2021-01-18;1199;10;5919;58;0.4;0.0
93;2021-01-19;1614;16;7533;74;0.5;0.0
93;2021-01-20;1557;18;9090;92;0.5;0.0
93;2021-01-21;1919;35;11009;127;0.7;0.0
93;2021-01-22;1391;14;12400;141;0.7;0.0
93;2021-01-23;712;4;13112;145;0.8;0.0
93;2021-01-24;0;0;13112;145;0.8;0.0
93;2021-01-25;1210;14;14322;159;0.9;0.0
93;2021-01-26;1291;27;15613;186;0.9;0.0
93;2021-01-27;2160;62;17773;248;1.1;0.0
93;2021-01-28;2267;171;20040;419;1.2;0.0
93;2021-01-29;1623;207;21663;626;1.3;0.0
93;2021-01-30;927;37;22590;663;1.4;0.0
93;2021-01-31;9;5;22599;668;1.4;0.0
93;2021-02-01;1184;146;23783;814;1.4;0.0
93;2021-02-02;1171;288;24954;1102;1.5;0.1
93;2021-02-03;1231;387;26185;1489;1.6;0.1
93;2021-02-04;924;540;27109;2029;1.6;0.1
93;2021-02-05;799;396;27908;2425;1.7;0.1
93;2021-02-06;694;63;28602;2488;1.7;0.1
93;2021-02-07;6;0;28608;2488;1.7;0.1
93;2021-02-08;912;564;29520;3052;1.8;0.2
93;2021-02-09;852;565;30372;3617;1.8;0.2
93;2021-02-10;882;620;31254;4237;1.9;0.3
93;2021-02-11;1244;790;32498;5027;1.9;0.3
93;2021-02-12;1042;572;33540;5599;2.0;0.3
93;2021-02-13;395;209;33935;5808;2.0;0.3
93;2021-02-14;13;58;33948;5866;2.0;0.4
93;2021-02-15;414;928;34362;6794;2.1;0.4
93;2021-02-16;549;1011;34911;7805;2.1;0.5
93;2021-02-17;541;1369;35452;9174;2.1;0.5
93;2021-02-18;1133;1654;36585;10828;2.2;0.6
93;2021-02-19;992;1341;37577;12169;2.2;0.7
93;2021-02-20;303;545;37880;12714;2.3;0.8
93;2021-02-21;9;23;37889;12737;2.3;0.8
93;2021-02-22;602;1007;38491;13744;2.3;0.8
93;2021-02-23;562;896;39053;14640;2.3;0.9
93;2021-02-24;643;981;39696;15621;2.4;0.9
93;2021-02-25;901;878;40597;16499;2.4;1.0
93;2021-02-26;1122;846;41719;17345;2.5;1.0
93;2021-02-27;543;521;42262;17866;2.5;1.1
93;2021-02-28;87;57;42349;17923;2.5;1.1
93;2021-03-01;1085;870;43434;18793;2.6;1.1
93;2021-03-02;1444;968;44878;19761;2.7;1.2
93;2021-03-03;1741;1022;46619;20783;2.8;1.2
93;2021-03-04;2718;1045;49337;21828;3.0;1.3
93;2021-03-05;3822;818;53159;22646;3.2;1.4
93;2021-03-06;5051;532;58210;23178;3.5;1.4
93;2021-03-07;4303;232;62513;23410;3.7;1.4
93;2021-03-08;2035;1129;64548;24539;3.9;1.5
93;2021-03-09;2917;892;67465;25431;4.0;1.5
93;2021-03-10;2860;1042;70325;26473;4.2;1.6
93;2021-03-11;3571;1203;73896;27676;4.4;1.7
93;2021-03-12;4126;1265;78022;28941;4.7;1.7
93;2021-03-13;4290;619;82312;29560;4.9;1.8
93;2021-03-14;884;72;83196;29632;5.0;1.8
93;2021-03-15;3555;664;86751;30296;5.2;1.8
93;2021-03-16;3160;609;89911;30905;5.4;1.9
93;2021-03-17;2657;597;92568;31502;5.5;1.9
93;2021-03-18;3315;712;95883;32214;5.7;1.9
93;2021-03-19;3767;635;99650;32849;6.0;2.0
93;2021-03-20;3462;303;103112;33152;6.2;2.0
93;2021-03-21;813;266;103925;33418;6.2;2.0
93;2021-03-22;3851;618;107776;34036;6.5;2.0
93;2021-03-23;4765;807;112541;34843;6.7;2.1
93;2021-03-24;4114;685;116655;35528;7.0;2.1
93;2021-03-25;5584;870;122239;36398;7.3;2.2
93;2021-03-26;5550;892;127789;37290;7.7;2.2
93;2021-03-27;4283;319;132072;37609;7.9;2.3
93;2021-03-28;613;42;132685;37651;7.9;2.3
93;2021-03-29;3853;963;136538;38614;8.2;2.3
93;2021-03-30;4726;1268;141264;39882;8.5;2.4
93;2021-03-31;3914;1246;145178;41128;8.7;2.5
93;2021-04-01;4059;3144;149237;44272;8.9;2.7
93;2021-04-02;3225;3550;152462;47822;9.1;2.9
93;2021-04-03;2519;2261;154981;50083;9.3;3.0
93;2021-04-04;764;159;155745;50242;9.3;3.0
93;2021-04-05;708;87;156453;50329;9.4;3.0
93;2021-04-06;4564;2349;161017;52678;9.6;3.2
93;2021-04-07;4904;2094;165921;54772;9.9;3.3
93;2021-04-08;5814;2682;171735;57454;10.3;3.4
93;2021-04-09;6096;3184;177831;60638;10.6;3.6
93;2021-04-10;4198;2488;182029;63126;10.9;3.8
93;2021-04-11;575;433;182604;63559;10.9;3.8
93;2021-04-12;4100;2915;186704;66474;11.2;4.0
93;2021-04-13;4602;3657;191306;70131;11.5;4.2
93;2021-04-14;4364;2474;195670;72605;11.7;4.3
93;2021-04-15;4560;3031;200230;75636;12.0;4.5
93;2021-04-16;4443;2993;204673;78629;12.3;4.7
93;2021-04-17;3518;2499;208191;81128;12.5;4.9
93;2021-04-18;292;434;208483;81562;12.5;4.9
93;2021-04-19;3778;2863;212261;84425;12.7;5.1
93;2021-04-20;4308;3261;216569;87686;13.0;5.3
93;2021-04-21;4145;2769;220714;90455;13.2;5.4
93;2021-04-22;4512;4019;225226;94474;13.5;5.7
93;2021-04-23;5627;3239;230853;97713;13.8;5.9
93;2021-04-24;5923;3326;236776;101039;14.2;6.0
93;2021-04-25;1732;597;238508;101636;14.3;6.1
93;2021-04-26;4863;3079;243371;104715;14.6;6.3
93;2021-04-27;6458;3623;249829;108338;15.0;6.5
93;2021-04-28;6077;3429;255906;111767;15.3;6.7
93;2021-04-29;7302;3248;263208;115015;15.8;6.9
93;2021-04-30;8264;3117;271472;118132;16.3;7.1
93;2021-05-01;4949;1193;276421;119325;16.6;7.1
93;2021-05-02;419;646;276840;119971;16.6;7.2
93;2021-05-03;8173;5116;285013;125087;17.1;7.5
93;2021-05-04;7825;5400;292838;130487;17.5;7.8
93;2021-05-05;7579;4805;300417;135292;18.0;8.1
93;2021-05-06;8254;4781;308671;140073;18.5;8.4
93;2021-05-07;7013;5426;315684;145499;18.9;8.7
93;2021-05-08;8363;2390;324047;147889;19.4;8.9
93;2021-05-09;6124;1367;330171;149256;19.8;8.9
93;2021-05-10;8255;4073;338426;153329;20.3;9.2
93;2021-05-11;9317;4805;347743;158134;20.8;9.5
93;2021-05-12;9192;3654;356935;161788;21.4;9.7
93;2021-05-13;8300;1652;365235;163440;21.9;9.8
93;2021-05-14;10425;3528;375660;166968;22.5;10.0
93;2021-05-15;11127;3010;386787;169978;23.2;10.2
93;2021-05-16;5559;728;392346;170706;23.5;10.2
93;2021-05-17;11902;2267;404248;172973;24.2;10.4
93;2021-05-18;14106;2392;418354;175365;25.0;10.5
93;2021-05-19;11433;2942;429787;178307;25.7;10.7
93;2021-05-20;12624;3484;442411;181791;26.5;10.9
93;2021-05-21;13022;2885;455433;184676;27.3;11.1
93;2021-05-22;12384;2199;467817;186875;28.0;11.2
93;2021-05-23;8481;1107;476298;187982;28.5;11.3
93;2021-05-24;11205;1940;487503;189922;29.2;11.4
93;2021-05-25;12299;4319;499802;194241;29.9;11.6
93;2021-05-26;11079;3755;510881;197996;30.6;11.9
93;2021-05-27;12713;3895;523594;201891;31.4;12.1
93;2021-05-28;12654;5255;536248;207146;32.1;12.4
93;2021-05-29;11395;4264;547643;211410;32.8;12.7
93;2021-05-30;8216;1378;555859;212788;33.3;12.7
93;2021-05-31;9184;5170;565043;217958;33.8;13.1
93;2021-06-01;11400;6277;576443;224235;34.5;13.4
93;2021-06-02;10722;5194;587165;229429;35.2;13.7
93;2021-06-03;10820;5517;597985;234946;35.8;14.1
93;2021-06-04;10612;7797;608597;242743;36.4;14.5
93;2021-06-05;9023;7355;617620;250098;37.0;15.0
93;2021-06-06;8409;1747;626029;251845;37.5;15.1
93;2021-06-07;10073;7516;636102;259361;38.1;15.5
93;2021-06-08;10383;7378;646485;266739;38.7;16.0
93;2021-06-09;10243;7291;656728;274030;39.3;16.4
93;2021-06-10;9013;8195;665741;282225;39.9;16.9
93;2021-06-11;8846;8810;674587;291035;40.4;17.4
93;2021-06-12;9869;6654;684456;297689;41.0;17.8
93;2021-06-13;7174;2129;691630;299818;41.4;18.0
93;2021-06-14;5400;9734;697030;309552;41.7;18.5
93;2021-06-15;6241;9659;703271;319211;42.1;19.1
93;2021-06-16;6647;9055;709918;328266;42.5;19.7
93;2021-06-17;5754;8464;715672;336730;42.9;20.2
93;2021-06-18;7228;11119;722900;347849;43.3;20.8
93;2021-06-19;7079;11100;729979;358949;43.7;21.5
93;2021-06-20;4955;6880;734934;365829;44.0;21.9
93;2021-06-21;4077;10730;739011;376559;44.2;22.5
93;2021-06-22;4695;11315;743706;387874;44.5;23.2
93;2021-06-23;4546;10600;748252;398474;44.8;23.9
93;2021-06-24;4212;10303;752464;408777;45.1;24.5
93;2021-06-25;5187;13058;757651;421835;45.4;25.3
93;2021-06-26;5300;13926;762951;435761;45.7;26.1
93;2021-06-27;3292;7106;766243;442867;45.9;26.5
93;2021-06-28;3702;12508;769945;455375;46.1;27.3
93;2021-06-29;4020;12355;773965;467730;46.3;28.0
93;2021-06-30;4142;11305;778107;479035;46.6;28.7
93;2021-07-01;6076;11162;784183;490197;47.0;29.4
93;2021-07-02;5774;12381;789957;502578;47.3;30.1
93;2021-07-03;5381;13457;795338;516035;47.6;30.9
93;2021-07-04;3084;7886;798422;523921;47.8;31.4
93;2021-07-05;4582;10850;803004;534771;48.1;32.0
93;2021-07-06;4850;11761;807854;546532;48.4;32.7
93;2021-07-07;5229;11414;813083;557946;48.7;33.4
93;2021-07-08;5061;10266;818144;568212;49.0;34.0
93;2021-07-09;5927;13037;824071;581249;49.3;34.8
93;2021-07-10;5915;14293;829986;595542;49.7;35.7
93;2021-07-11;3694;9091;833680;604633;49.9;36.2
93;2021-07-12;5590;12083;839270;616716;50.3;36.9
93;2021-07-13;11149;13302;850419;630018;50.9;37.7
93;2021-07-14;10675;6798;861094;636816;51.6;38.1
93;2021-07-15;12551;14137;873645;650953;52.3;39.0
93;2021-07-16;13248;13703;886893;664656;53.1;39.8
93;2021-07-17;11382;13918;898275;678574;53.8;40.6
93;2021-07-18;7408;8961;905683;687535;54.2;41.2
93;2021-07-19;9641;10930;915324;698465;54.8;41.8
93;2021-07-20;12661;10691;927985;709156;55.6;42.5
93;2021-07-21;14416;10956;942401;720112;56.4;43.1
93;2021-07-22;14179;9478;956580;729590;57.3;43.7
93;2021-07-23;14614;10660;971194;740250;58.2;44.3
93;2021-07-24;13929;10647;985123;750897;59.0;45.0
93;2021-07-25;9049;6361;994172;757258;59.5;45.3
93;2021-07-26;12771;7796;1006943;765054;60.3;45.8
93;2021-07-27;15151;7454;1022094;772508;61.2;46.3
93;2021-07-28;15033;8303;1037127;780811;62.1;46.8
93;2021-07-29;13611;7066;1050738;787877;62.9;47.2
93;2021-07-30;14165;7858;1064903;795735;63.8;47.6
93;2021-07-31;12260;7719;1077163;803454;64.5;48.1
93;2021-08-01;7501;4606;1084664;808060;64.9;48.4
93;2021-08-02;9487;5704;1094151;813764;65.5;48.7
93;2021-08-03;7608;6867;1101759;820631;66.0;49.1
93;2021-08-04;7885;7999;1109644;828630;66.4;49.6
93;2021-08-05;6179;6862;1115823;835492;66.8;50.0
93;2021-08-06;7086;8333;1122909;843825;67.2;50.5
93;2021-08-07;7365;9049;1130274;852874;67.7;51.1
93;2021-08-08;4516;5564;1134790;858438;67.9;51.4
93;2021-08-09;7455;8080;1142245;866518;68.4;51.9
93;2021-08-10;7366;8847;1149611;875365;68.8;52.4
93;2021-08-11;7520;9690;1157131;885055;69.3;53.0
93;2021-08-12;6371;9031;1163502;894086;69.7;53.5
93;2021-08-13;6492;9016;1169994;903102;70.1;54.1
93;2021-08-14;5935;10486;1175929;913588;70.4;54.7
93;2021-08-15;2769;3619;1178698;917207;70.6;54.9
93;2021-08-16;5525;11215;1184223;928422;70.9;55.6
93;2021-08-17;5853;10919;1190076;939341;71.3;56.2
93;2021-08-18;5497;11203;1195573;950544;71.6;56.9
93;2021-08-19;4531;9670;1200104;960214;71.9;57.5
93;2021-08-20;4853;11220;1204957;971434;72.1;58.2
93;2021-08-21;4309;11944;1209266;983378;72.4;58.9
93;2021-08-22;2220;7050;1211486;990428;72.5;59.3
93;2021-08-23;4379;9325;1215865;999753;72.8;59.9
93;2021-08-24;4333;8423;1220198;1008176;73.1;60.4
93;2021-08-25;4161;8599;1224359;1016775;73.3;60.9
93;2021-08-26;3658;7092;1228017;1023867;73.5;61.3
93;2021-08-27;3928;8542;1231945;1032409;73.8;61.8
93;2021-08-28;3805;9565;1235750;1041974;74.0;62.4
93;2021-08-29;1764;4805;1237514;1046779;74.1;62.7
93;2021-08-30;2969;7611;1240483;1054390;74.3;63.1
93;2021-08-31;3027;7799;1243510;1062189;74.5;63.6
93;2021-09-01;3259;7734;1246769;1069923;74.7;64.1
93;2021-09-02;2673;6017;1249442;1075940;74.8;64.4
93;2021-09-03;2832;7294;1252274;1083234;75.0;64.9
93;2021-09-04;3319;8946;1255593;1092180;75.2;65.4
93;2021-09-05;1262;3707;1256855;1095887;75.3;65.6
93;2021-09-06;1813;5308;1258668;1101195;75.4;65.9
93;2021-09-07;1762;4804;1260430;1105999;75.5;66.2
93;2021-09-08;2195;5605;1262625;1111604;75.6;66.6
93;2021-09-09;1966;4908;1264591;1116512;75.7;66.9
93;2021-09-10;2665;5724;1267256;1122236;75.9;67.2
93;2021-09-11;2306;6983;1269562;1129219;76.0;67.6
93;2021-09-12;854;2880;1270416;1132099;76.1;67.8
93;2021-09-13;1578;4877;1271994;1136976;76.2;68.1
94;2020-12-27;6;0;6;0;0.0;0.0
94;2020-12-28;11;0;17;0;0.0;0.0
94;2020-12-29;0;0;17;0;0.0;0.0
94;2020-12-30;1;0;18;0;0.0;0.0
94;2020-12-31;7;0;25;0;0.0;0.0
94;2021-01-01;4;0;29;0;0.0;0.0
94;2021-01-02;0;0;29;0;0.0;0.0
94;2021-01-03;3;0;32;0;0.0;0.0
94;2021-01-04;39;2;71;2;0.0;0.0
94;2021-01-05;233;2;304;4;0.0;0.0
94;2021-01-06;332;4;636;8;0.0;0.0
94;2021-01-07;691;11;1327;19;0.1;0.0
94;2021-01-08;923;10;2250;29;0.2;0.0
94;2021-01-09;47;0;2297;29;0.2;0.0
94;2021-01-10;18;0;2315;29;0.2;0.0
94;2021-01-11;1015;10;3330;39;0.2;0.0
94;2021-01-12;1345;25;4675;64;0.3;0.0
94;2021-01-13;1408;26;6083;90;0.4;0.0
94;2021-01-14;1545;27;7628;117;0.5;0.0
94;2021-01-15;1221;23;8849;140;0.6;0.0
94;2021-01-16;197;1;9046;141;0.6;0.0
94;2021-01-17;98;0;9144;141;0.7;0.0
94;2021-01-18;1498;26;10642;167;0.8;0.0
94;2021-01-19;1952;27;12594;194;0.9;0.0
94;2021-01-20;2184;24;14778;218;1.1;0.0
94;2021-01-21;3006;17;17784;235;1.3;0.0
94;2021-01-22;2190;26;19974;261;1.4;0.0
94;2021-01-23;733;3;20707;264;1.5;0.0
94;2021-01-24;285;0;20992;264;1.5;0.0
94;2021-01-25;1471;22;22463;286;1.6;0.0
94;2021-01-26;1576;19;24039;305;1.7;0.0
94;2021-01-27;1840;32;25879;337;1.8;0.0
94;2021-01-28;1537;126;27416;463;1.9;0.0
94;2021-01-29;1381;139;28797;602;2.0;0.0
94;2021-01-30;580;4;29377;606;2.1;0.0
94;2021-01-31;123;8;29500;614;2.1;0.0
94;2021-02-01;931;142;30431;756;2.2;0.1
94;2021-02-02;855;226;31286;982;2.2;0.1
94;2021-02-03;762;347;32048;1329;2.3;0.1
94;2021-02-04;901;391;32949;1720;2.3;0.1
94;2021-02-05;873;523;33822;2243;2.4;0.2
94;2021-02-06;407;62;34229;2305;2.4;0.2
94;2021-02-07;122;0;34351;2305;2.4;0.2
94;2021-02-08;635;464;34986;2769;2.5;0.2
94;2021-02-09;1036;938;36022;3707;2.6;0.3
94;2021-02-10;1101;1271;37123;4978;2.6;0.4
94;2021-02-11;1429;1473;38552;6451;2.7;0.5
94;2021-02-12;1390;1547;39942;7998;2.8;0.6
94;2021-02-13;300;200;40242;8198;2.9;0.6
94;2021-02-14;30;70;40272;8268;2.9;0.6
94;2021-02-15;753;1519;41025;9787;2.9;0.7
94;2021-02-16;702;2356;41727;12143;3.0;0.9
94;2021-02-17;716;1291;42443;13434;3.0;1.0
94;2021-02-18;788;1449;43231;14883;3.1;1.1
94;2021-02-19;966;1218;44197;16101;3.1;1.1
94;2021-02-20;133;739;44330;16840;3.2;1.2
94;2021-02-21;21;148;44351;16988;3.2;1.2
94;2021-02-22;522;1059;44873;18047;3.2;1.3
94;2021-02-23;624;1016;45497;19063;3.2;1.4
94;2021-02-24;695;680;46192;19743;3.3;1.4
94;2021-02-25;1071;1325;47263;21068;3.4;1.5
94;2021-02-26;1324;847;48587;21915;3.5;1.6
94;2021-02-27;518;443;49105;22358;3.5;1.6
94;2021-02-28;91;72;49196;22430;3.5;1.6
94;2021-03-01;883;787;50079;23217;3.6;1.7
94;2021-03-02;1568;819;51647;24036;3.7;1.7
94;2021-03-03;1948;881;53595;24917;3.8;1.8
94;2021-03-04;2862;1033;56457;25950;4.0;1.8
94;2021-03-05;3837;1258;60294;27208;4.3;1.9
94;2021-03-06;4821;532;65115;27740;4.6;2.0
94;2021-03-07;3690;532;68805;28272;4.9;2.0
94;2021-03-08;1918;701;70723;28973;5.0;2.1
94;2021-03-09;2556;827;73279;29800;5.2;2.1
94;2021-03-10;3201;965;76480;30765;5.4;2.2
94;2021-03-11;3839;906;80319;31671;5.7;2.3
94;2021-03-12;4583;777;84902;32448;6.0;2.3
94;2021-03-13;4131;393;89033;32841;6.3;2.3
94;2021-03-14;2115;156;91148;32997;6.5;2.3
94;2021-03-15;3172;778;94320;33775;6.7;2.4
94;2021-03-16;2775;434;97095;34209;6.9;2.4
94;2021-03-17;2860;459;99955;34668;7.1;2.5
94;2021-03-18;3265;441;103220;35109;7.3;2.5
94;2021-03-19;4273;700;107493;35809;7.6;2.5
94;2021-03-20;3692;301;111185;36110;7.9;2.6
94;2021-03-21;1465;382;112650;36492;8.0;2.6
94;2021-03-22;3221;657;115871;37149;8.2;2.6
94;2021-03-23;4515;729;120386;37878;8.6;2.7
94;2021-03-24;4628;624;125014;38502;8.9;2.7
94;2021-03-25;6322;683;131336;39185;9.3;2.8
94;2021-03-26;6092;812;137428;39997;9.8;2.8
94;2021-03-27;4472;279;141900;40276;10.1;2.9
94;2021-03-28;1891;112;143791;40388;10.2;2.9
94;2021-03-29;4126;1218;147917;41606;10.5;3.0
94;2021-03-30;5299;1354;153216;42960;10.9;3.1
94;2021-03-31;4913;1790;158129;44750;11.2;3.2
94;2021-04-01;5831;2309;163960;47059;11.7;3.3
94;2021-04-02;5249;2314;169209;49373;12.0;3.5
94;2021-04-03;3087;2500;172296;51873;12.3;3.7
94;2021-04-04;1051;765;173347;52638;12.3;3.7
94;2021-04-05;837;144;174184;52782;12.4;3.8
94;2021-04-06;3581;2535;177765;55317;12.6;3.9
94;2021-04-07;3867;2259;181632;57576;12.9;4.1
94;2021-04-08;4630;2066;186262;59642;13.2;4.2
94;2021-04-09;5362;2471;191624;62113;13.6;4.4
94;2021-04-10;2957;3004;194581;65117;13.8;4.6
94;2021-04-11;1268;1766;195849;66883;13.9;4.8
94;2021-04-12;3440;2279;199289;69162;14.2;4.9
94;2021-04-13;4313;3408;203602;72570;14.5;5.2
94;2021-04-14;3906;2694;207508;75264;14.8;5.4
94;2021-04-15;4450;2997;211958;78261;15.1;5.6
94;2021-04-16;4708;2850;216666;81111;15.4;5.8
94;2021-04-17;2462;2772;219128;83883;15.6;6.0
94;2021-04-18;920;1242;220048;85125;15.7;6.1
94;2021-04-19;2976;2445;223024;87570;15.9;6.2
94;2021-04-20;3274;2713;226298;90283;16.1;6.4
94;2021-04-21;3221;3165;229519;93448;16.3;6.6
94;2021-04-22;3913;3655;233432;97103;16.6;6.9
94;2021-04-23;4118;3993;237550;101096;16.9;7.2
94;2021-04-24;4266;3402;241816;104498;17.2;7.4
94;2021-04-25;2408;1510;244224;106008;17.4;7.5
94;2021-04-26;4013;3281;248237;109289;17.7;7.8
94;2021-04-27;5097;3371;253334;112660;18.0;8.0
94;2021-04-28;4834;3640;258168;116300;18.4;8.3
94;2021-04-29;6420;3808;264588;120108;18.8;8.5
94;2021-04-30;6487;3926;271075;124034;19.3;8.8
94;2021-05-01;4057;1065;275132;125099;19.6;8.9
94;2021-05-02;3053;1474;278185;126573;19.8;9.0
94;2021-05-03;5739;5330;283924;131903;20.2;9.4
94;2021-05-04;6100;3569;290024;135472;20.6;9.6
94;2021-05-05;6183;3426;296207;138898;21.1;9.9
94;2021-05-06;7161;3534;303368;142432;21.6;10.1
94;2021-05-07;6677;4118;310045;146550;22.1;10.4
94;2021-05-08;4904;2557;314949;149107;22.4;10.6
94;2021-05-09;4228;2254;319177;151361;22.7;10.8
94;2021-05-10;7717;3126;326894;154487;23.2;11.0
94;2021-05-11;8980;3934;335874;158421;23.9;11.3
94;2021-05-12;9580;3598;345454;162019;24.6;11.5
94;2021-05-13;8680;1370;354134;163389;25.2;11.6
94;2021-05-14;9876;3311;364010;166700;25.9;11.9
94;2021-05-15;8944;2163;372954;168863;26.5;12.0
94;2021-05-16;5070;912;378024;169775;26.9;12.1
94;2021-05-17;10843;2253;388867;172028;27.7;12.2
94;2021-05-18;11299;2451;400166;174479;28.5;12.4
94;2021-05-19;11677;3594;411843;178073;29.3;12.7
94;2021-05-20;12157;4359;424000;182432;30.2;13.0
94;2021-05-21;11880;3165;435880;185597;31.0;13.2
94;2021-05-22;10290;1974;446170;187571;31.7;13.3
94;2021-05-23;5003;712;451173;188283;32.1;13.4
94;2021-05-24;9674;1350;460847;189633;32.8;13.5
94;2021-05-25;10004;4269;470851;193902;33.5;13.8
94;2021-05-26;10295;3313;481146;197215;34.2;14.0
94;2021-05-27;10870;4589;492016;201804;35.0;14.4
94;2021-05-28;10452;4950;502468;206754;35.7;14.7
94;2021-05-29;9874;3455;512342;210209;36.4;15.0
94;2021-05-30;4788;931;517130;211140;36.8;15.0
94;2021-05-31;9990;4238;527120;215378;37.5;15.3
94;2021-06-01;10325;5096;537445;220474;38.2;15.7
94;2021-06-02;9370;4591;546815;225065;38.9;16.0
94;2021-06-03;9569;5607;556384;230672;39.6;16.4
94;2021-06-04;10416;6538;566800;237210;40.3;16.9
94;2021-06-05;9200;6260;576000;243470;41.0;17.3
94;2021-06-06;3984;1848;579984;245318;41.2;17.4
94;2021-06-07;8679;5985;588663;251303;41.9;17.9
94;2021-06-08;9014;7523;597677;258826;42.5;18.4
94;2021-06-09;8957;8165;606634;266991;43.1;19.0
94;2021-06-10;8813;10975;615447;277966;43.8;19.8
94;2021-06-11;7856;8391;623303;286357;44.3;20.4
94;2021-06-12;10267;6853;633570;293210;45.1;20.9
94;2021-06-13;3470;3263;637040;296473;45.3;21.1
94;2021-06-14;6967;8210;644007;304683;45.8;21.7
94;2021-06-15;7738;8817;651745;313500;46.4;22.3
94;2021-06-16;7247;8271;658992;321771;46.9;22.9
94;2021-06-17;6707;9067;665699;330838;47.3;23.5
94;2021-06-18;6580;11961;672279;342799;47.8;24.4
94;2021-06-19;6013;9594;678292;352393;48.2;25.1
94;2021-06-20;1888;4010;680180;356403;48.4;25.3
94;2021-06-21;4535;11188;684715;367591;48.7;26.1
94;2021-06-22;4843;10812;689558;378403;49.0;26.9
94;2021-06-23;4182;11167;693740;389570;49.3;27.7
94;2021-06-24;4973;10338;698713;399908;49.7;28.4
94;2021-06-25;4294;13740;703007;413648;50.0;29.4
94;2021-06-26;3140;12003;706147;425651;50.2;30.3
94;2021-06-27;1059;4998;707206;430649;50.3;30.6
94;2021-06-28;3504;12082;710710;442731;50.5;31.5
94;2021-06-29;4051;12183;714761;454914;50.8;32.4
94;2021-06-30;4458;11647;719219;466561;51.2;33.2
94;2021-07-01;5683;11121;724902;477682;51.6;34.0
94;2021-07-02;5706;12198;730608;489880;52.0;34.8
94;2021-07-03;3719;11805;734327;501685;52.2;35.7
94;2021-07-04;1516;5090;735843;506775;52.3;36.0
94;2021-07-05;4543;11436;740386;518211;52.7;36.9
94;2021-07-06;4628;10900;745014;529111;53.0;37.6
94;2021-07-07;5038;11088;750052;540199;53.3;38.4
94;2021-07-08;5141;10028;755193;550227;53.7;39.1
94;2021-07-09;6132;11875;761325;562102;54.1;40.0
94;2021-07-10;4126;11365;765451;573467;54.4;40.8
94;2021-07-11;1555;4721;767006;578188;54.6;41.1
94;2021-07-12;4334;11972;771340;590160;54.9;42.0
94;2021-07-13;6429;12048;777769;602208;55.3;42.8
94;2021-07-14;4198;5294;781967;607502;55.6;43.2
94;2021-07-15;7264;12371;789231;619873;56.1;44.1
94;2021-07-16;7809;11319;797040;631192;56.7;44.9
94;2021-07-17;6110;11328;803150;642520;57.1;45.7
94;2021-07-18;2630;4024;805780;646544;57.3;46.0
94;2021-07-19;6949;10446;812729;656990;57.8;46.7
94;2021-07-20;8524;10395;821253;667385;58.4;47.5
94;2021-07-21;8759;9589;830012;676974;59.0;48.1
94;2021-07-22;9772;9427;839784;686401;59.7;48.8
94;2021-07-23;9419;9420;849203;695821;60.4;49.5
94;2021-07-24;7217;8888;856420;704709;60.9;50.1
94;2021-07-25;2192;2740;858612;707449;61.1;50.3
94;2021-07-26;8035;8101;866647;715550;61.6;50.9
94;2021-07-27;8776;7138;875423;722688;62.3;51.4
94;2021-07-28;9067;6567;884490;729255;62.9;51.9
94;2021-07-29;9043;6369;893533;735624;63.5;52.3
94;2021-07-30;7991;6593;901524;742217;64.1;52.8
94;2021-07-31;7219;6306;908743;748523;64.6;53.2
94;2021-08-01;3206;1783;911949;750306;64.9;53.4
94;2021-08-02;6492;5488;918441;755794;65.3;53.8
94;2021-08-03;6296;5213;924737;761007;65.8;54.1
94;2021-08-04;6245;5129;930982;766136;66.2;54.5
94;2021-08-05;5799;5462;936781;771598;66.6;54.9
94;2021-08-06;5628;5839;942409;777437;67.0;55.3
94;2021-08-07;4243;4475;946652;781912;67.3;55.6
94;2021-08-08;1369;1716;948021;783628;67.4;55.7
94;2021-08-09;4871;6805;952892;790433;67.8;56.2
94;2021-08-10;5370;6534;958262;796967;68.2;56.7
94;2021-08-11;4249;5910;962511;802877;68.5;57.1
94;2021-08-12;4374;6508;966885;809385;68.8;57.6
94;2021-08-13;3731;5795;970616;815180;69.0;58.0
94;2021-08-14;2886;5742;973502;820922;69.2;58.4
94;2021-08-15;455;737;973957;821659;69.3;58.4
94;2021-08-16;3478;8289;977435;829948;69.5;59.0
94;2021-08-17;3354;8140;980789;838088;69.8;59.6
94;2021-08-18;3247;8615;984036;846703;70.0;60.2
94;2021-08-19;3304;6904;987340;853607;70.2;60.7
94;2021-08-20;2974;7755;990314;861362;70.4;61.3
94;2021-08-21;2525;7157;992839;868519;70.6;61.8
94;2021-08-22;890;2734;993729;871253;70.7;62.0
94;2021-08-23;2816;8453;996545;879706;70.9;62.6
94;2021-08-24;3113;7511;999658;887217;71.1;63.1
94;2021-08-25;2727;6736;1002385;893953;71.3;63.6
94;2021-08-26;2558;6134;1004943;900087;71.5;64.0
94;2021-08-27;2629;6564;1007572;906651;71.7;64.5
94;2021-08-28;2543;6489;1010115;913140;71.8;64.9
94;2021-08-29;863;2342;1010978;915482;71.9;65.1
94;2021-08-30;2747;7869;1013725;923351;72.1;65.7
94;2021-08-31;2583;7436;1016308;930787;72.3;66.2
94;2021-09-01;2269;6184;1018577;936971;72.4;66.6
94;2021-09-02;1926;5196;1020503;942167;72.6;67.0
94;2021-09-03;2053;5803;1022556;947970;72.7;67.4
94;2021-09-04;2355;5408;1024911;953378;72.9;67.8
94;2021-09-05;699;1284;1025610;954662;72.9;67.9
94;2021-09-06;1520;4069;1027130;958731;73.1;68.2
94;2021-09-07;1421;3722;1028551;962453;73.2;68.5
94;2021-09-08;1450;3712;1030001;966165;73.3;68.7
94;2021-09-09;1215;3420;1031216;969585;73.3;69.0
94;2021-09-10;1516;4048;1032732;973633;73.4;69.2
94;2021-09-11;1681;4496;1034413;978129;73.6;69.6
94;2021-09-12;406;1174;1034819;979303;73.6;69.6
94;2021-09-13;1005;2788;1035824;982091;73.7;69.8
95;2020-12-27;3;0;3;0;0.0;0.0
95;2020-12-28;6;0;9;0;0.0;0.0
95;2020-12-29;0;0;9;0;0.0;0.0
95;2020-12-30;0;0;9;0;0.0;0.0
95;2020-12-31;2;0;11;0;0.0;0.0
95;2021-01-01;0;0;11;0;0.0;0.0
95;2021-01-02;13;0;24;0;0.0;0.0
95;2021-01-03;1;0;25;0;0.0;0.0
95;2021-01-04;49;0;74;0;0.0;0.0
95;2021-01-05;316;0;390;0;0.0;0.0
95;2021-01-06;192;0;582;0;0.0;0.0
95;2021-01-07;130;1;712;1;0.1;0.0
95;2021-01-08;278;2;990;3;0.1;0.0
95;2021-01-09;251;0;1241;3;0.1;0.0
95;2021-01-10;384;1;1625;4;0.1;0.0
95;2021-01-11;492;1;2117;5;0.2;0.0
95;2021-01-12;864;1;2981;6;0.2;0.0
95;2021-01-13;782;11;3763;17;0.3;0.0
95;2021-01-14;887;12;4650;29;0.4;0.0
95;2021-01-15;758;5;5408;34;0.4;0.0
95;2021-01-16;298;2;5706;36;0.5;0.0
95;2021-01-17;224;1;5930;37;0.5;0.0
95;2021-01-18;1338;5;7268;42;0.6;0.0
95;2021-01-19;1576;5;8844;47;0.7;0.0
95;2021-01-20;2040;3;10884;50;0.9;0.0
95;2021-01-21;1854;5;12738;55;1.0;0.0
95;2021-01-22;1325;6;14063;61;1.1;0.0
95;2021-01-23;648;0;14711;61;1.2;0.0
95;2021-01-24;182;0;14893;61;1.2;0.0
95;2021-01-25;796;32;15689;93;1.3;0.0
95;2021-01-26;987;159;16676;252;1.3;0.0
95;2021-01-27;1251;156;17927;408;1.4;0.0
95;2021-01-28;1720;20;19647;428;1.6;0.0
95;2021-01-29;1249;177;20896;605;1.7;0.0
95;2021-01-30;478;5;21374;610;1.7;0.0
95;2021-01-31;212;1;21586;611;1.7;0.0
95;2021-02-01;566;247;22152;858;1.8;0.1
95;2021-02-02;528;263;22680;1121;1.8;0.1
95;2021-02-03;614;492;23294;1613;1.9;0.1
95;2021-02-04;1066;350;24360;1963;2.0;0.2
95;2021-02-05;732;276;25092;2239;2.0;0.2
95;2021-02-06;337;215;25429;2454;2.0;0.2
95;2021-02-07;141;349;25570;2803;2.0;0.2
95;2021-02-08;765;308;26335;3111;2.1;0.2
95;2021-02-09;1131;1037;27466;4148;2.2;0.3
95;2021-02-10;1264;1331;28730;5479;2.3;0.4
95;2021-02-11;1387;1086;30117;6565;2.4;0.5
95;2021-02-12;1032;911;31149;7476;2.5;0.6
95;2021-02-13;329;262;31478;7738;2.5;0.6
95;2021-02-14;42;149;31520;7887;2.5;0.6
95;2021-02-15;427;797;31947;8684;2.6;0.7
95;2021-02-16;493;639;32440;9323;2.6;0.7
95;2021-02-17;653;920;33093;10243;2.7;0.8
95;2021-02-18;725;1353;33818;11596;2.7;0.9
95;2021-02-19;783;1082;34601;12678;2.8;1.0
95;2021-02-20;306;387;34907;13065;2.8;1.0
95;2021-02-21;165;263;35072;13328;2.8;1.1
95;2021-02-22;327;799;35399;14127;2.8;1.1
95;2021-02-23;368;567;35767;14694;2.9;1.2
95;2021-02-24;310;699;36077;15393;2.9;1.2
95;2021-02-25;730;901;36807;16294;2.9;1.3
95;2021-02-26;989;690;37796;16984;3.0;1.4
95;2021-02-27;365;365;38161;17349;3.1;1.4
95;2021-02-28;61;194;38222;17543;3.1;1.4
95;2021-03-01;771;483;38993;18026;3.1;1.4
95;2021-03-02;1321;768;40314;18794;3.2;1.5
95;2021-03-03;1598;847;41912;19641;3.4;1.6
95;2021-03-04;3196;1065;45108;20706;3.6;1.7
95;2021-03-05;3651;1010;48759;21716;3.9;1.7
95;2021-03-06;4005;469;52764;22185;4.2;1.8
95;2021-03-07;4222;302;56986;22487;4.6;1.8
95;2021-03-08;1541;786;58527;23273;4.7;1.9
95;2021-03-09;2622;476;61149;23749;4.9;1.9
95;2021-03-10;2344;802;63493;24551;5.1;2.0
95;2021-03-11;3138;1102;66631;25653;5.3;2.1
95;2021-03-12;3521;781;70152;26434;5.6;2.1
95;2021-03-13;3519;412;73671;26846;5.9;2.2
95;2021-03-14;1983;296;75654;27142;6.1;2.2
95;2021-03-15;2373;311;78027;27453;6.3;2.2
95;2021-03-16;1575;408;79602;27861;6.4;2.2
95;2021-03-17;2104;412;81706;28273;6.5;2.3
95;2021-03-18;2798;369;84504;28642;6.8;2.3
95;2021-03-19;3476;361;87980;29003;7.0;2.3
95;2021-03-20;2592;204;90572;29207;7.3;2.3
95;2021-03-21;1204;244;91776;29451;7.4;2.4
95;2021-03-22;2938;363;94714;29814;7.6;2.4
95;2021-03-23;3438;458;98152;30272;7.9;2.4
95;2021-03-24;3945;518;102097;30790;8.2;2.5
95;2021-03-25;5860;652;107957;31442;8.6;2.5
95;2021-03-26;5430;687;113387;32129;9.1;2.6
95;2021-03-27;3749;223;117136;32352;9.4;2.6
95;2021-03-28;1535;121;118671;32473;9.5;2.6
95;2021-03-29;2895;575;121566;33048;9.7;2.6
95;2021-03-30;3886;1239;125452;34287;10.0;2.7
95;2021-03-31;3658;1670;129110;35957;10.3;2.9
95;2021-04-01;5484;2269;134594;38226;10.8;3.1
95;2021-04-02;3560;2749;138154;40975;11.1;3.3
95;2021-04-03;2095;2480;140249;43455;11.2;3.5
95;2021-04-04;1247;1202;141496;44657;11.3;3.6
95;2021-04-05;596;64;142092;44721;11.4;3.6
95;2021-04-06;1859;1537;143951;46258;11.5;3.7
95;2021-04-07;4954;2193;148905;48451;11.9;3.9
95;2021-04-08;4898;2466;153803;50917;12.3;4.1
95;2021-04-09;5436;2336;159239;53253;12.8;4.3
95;2021-04-10;3711;1433;162950;54686;13.1;4.4
95;2021-04-11;1567;1037;164517;55723;13.2;4.5
95;2021-04-12;3253;1607;167770;57330;13.4;4.6
95;2021-04-13;3142;1689;170912;59019;13.7;4.7
95;2021-04-14;2752;1989;173664;61008;13.9;4.9
95;2021-04-15;3903;3341;177567;64349;14.2;5.2
95;2021-04-16;4064;3035;181631;67384;14.5;5.4
95;2021-04-17;2375;1758;184006;69142;14.7;5.5
95;2021-04-18;1511;1018;185517;70160;14.9;5.6
95;2021-04-19;2569;2372;188086;72532;15.1;5.8
95;2021-04-20;2121;2457;190207;74989;15.2;6.0
95;2021-04-21;3931;2630;194138;77619;15.6;6.2
95;2021-04-22;3413;4633;197551;82252;15.8;6.6
95;2021-04-23;2767;3556;200318;85808;16.0;6.9
95;2021-04-24;3573;2585;203891;88393;16.3;7.1
95;2021-04-25;1960;1549;205851;89942;16.5;7.2
95;2021-04-26;2753;2703;208604;92645;16.7;7.4
95;2021-04-27;3851;2179;212455;94824;17.0;7.6
95;2021-04-28;3890;2666;216345;97490;17.3;7.8
95;2021-04-29;6141;4544;222486;102034;17.8;8.2
95;2021-04-30;6904;2932;229390;104966;18.4;8.4
95;2021-05-01;2370;919;231760;105885;18.6;8.5
95;2021-05-02;2448;1501;234208;107386;18.8;8.6
95;2021-05-03;5128;1928;239336;109314;19.2;8.8
95;2021-05-04;6353;2720;245689;112034;19.7;9.0
95;2021-05-05;5145;3801;250834;115835;20.1;9.3
95;2021-05-06;8205;4922;259039;120757;20.8;9.7
95;2021-05-07;5777;4751;264816;125508;21.2;10.1
95;2021-05-08;5743;1533;270559;127041;21.7;10.2
95;2021-05-09;2829;1589;273388;128630;21.9;10.3
95;2021-05-10;9974;3185;283362;131815;22.7;10.6
95;2021-05-11;8449;3457;291811;135272;23.4;10.8
95;2021-05-12;9465;3222;301276;138494;24.1;11.1
95;2021-05-13;7957;1204;309233;139698;24.8;11.2
95;2021-05-14;7016;1910;316249;141608;25.3;11.3
95;2021-05-15;4515;1065;320764;142673;25.7;11.4
95;2021-05-16;4826;845;325590;143518;26.1;11.5
95;2021-05-17;7742;1352;333332;144870;26.7;11.6
95;2021-05-18;9469;1858;342801;146728;27.5;11.8
95;2021-05-19;9245;2495;352046;149223;28.2;12.0
95;2021-05-20;12587;2443;364633;151666;29.2;12.1
95;2021-05-21;10175;2535;374808;154201;30.0;12.4
95;2021-05-22;9396;1569;384204;155770;30.8;12.5
95;2021-05-23;4147;961;388351;156731;31.1;12.6
95;2021-05-24;2398;535;390749;157266;31.3;12.6
95;2021-05-25;7212;2082;397961;159348;31.9;12.8
95;2021-05-26;8853;3118;406814;162466;32.6;13.0
95;2021-05-27;10364;4433;417178;166899;33.4;13.4
95;2021-05-28;7687;4421;424865;171320;34.0;13.7
95;2021-05-29;5267;2761;430132;174081;34.5;13.9
95;2021-05-30;3733;1706;433865;175787;34.8;14.1
95;2021-05-31;6430;3331;440295;179118;35.3;14.3
95;2021-06-01;8786;3810;449081;182928;36.0;14.7
95;2021-06-02;8802;4748;457883;187676;36.7;15.0
95;2021-06-03;8532;6561;466415;194237;37.4;15.6
95;2021-06-04;8890;4405;475305;198642;38.1;15.9
95;2021-06-05;8343;3744;483648;202386;38.7;16.2
95;2021-06-06;4840;1618;488488;204004;39.1;16.3
95;2021-06-07;6060;4544;494548;208548;39.6;16.7
95;2021-06-08;6556;5515;501104;214063;40.1;17.1
95;2021-06-09;6270;6476;507374;220539;40.6;17.7
95;2021-06-10;6435;6816;513809;227355;41.2;18.2
95;2021-06-11;7236;6441;521045;233796;41.7;18.7
95;2021-06-12;6005;4373;527050;238169;42.2;19.1
95;2021-06-13;2083;3289;529133;241458;42.4;19.3
95;2021-06-14;5374;5986;534507;247444;42.8;19.8
95;2021-06-15;5743;8070;540250;255514;43.3;20.5
95;2021-06-16;5494;7536;545744;263050;43.7;21.1
95;2021-06-17;6608;8166;552352;271216;44.2;21.7
95;2021-06-18;5835;7860;558187;279076;44.7;22.4
95;2021-06-19;4968;8926;563155;288002;45.1;23.1
95;2021-06-20;1426;3317;564581;291319;45.2;23.3
95;2021-06-21;3543;7712;568124;299031;45.5;24.0
95;2021-06-22;5070;9052;573194;308083;45.9;24.7
95;2021-06-23;4783;10876;577977;318959;46.3;25.6
95;2021-06-24;4942;10726;582919;329685;46.7;26.4
95;2021-06-25;4888;10359;587807;340044;47.1;27.2
95;2021-06-26;4326;8484;592133;348528;47.4;27.9
95;2021-06-27;1035;3996;593168;352524;47.5;28.2
95;2021-06-28;2742;9489;595910;362013;47.7;29.0
95;2021-06-29;2540;8789;598450;370802;47.9;29.7
95;2021-06-30;3957;9995;602407;380797;48.3;30.5
95;2021-07-01;4907;11164;607314;391961;48.6;31.4
95;2021-07-02;4287;10548;611601;402509;49.0;32.2
95;2021-07-03;3539;9159;615140;411668;49.3;33.0
95;2021-07-04;1279;3399;616419;415067;49.4;33.2
95;2021-07-05;2356;4375;618775;419442;49.6;33.6
95;2021-07-06;2777;7750;621552;427192;49.8;34.2
95;2021-07-07;3963;9626;625515;436818;50.1;35.0
95;2021-07-08;5319;9822;630834;446640;50.5;35.8
95;2021-07-09;4557;10075;635391;456715;50.9;36.6
95;2021-07-10;3399;7394;638790;464109;51.2;37.2
95;2021-07-11;1528;3603;640318;467712;51.3;37.5
95;2021-07-12;2992;9693;643310;477405;51.5;38.2
95;2021-07-13;5062;10072;648372;487477;51.9;39.0
95;2021-07-14;4430;5739;652802;493216;52.3;39.5
95;2021-07-15;7402;12364;660204;505580;52.9;40.5
95;2021-07-16;7986;12002;668190;517582;53.5;41.5
95;2021-07-17;5058;7823;673248;525405;53.9;42.1
95;2021-07-18;3490;2911;676738;528316;54.2;42.3
95;2021-07-19;4838;6868;681576;535184;54.6;42.9
95;2021-07-20;6963;8381;688539;543565;55.2;43.5
95;2021-07-21;9264;9451;697803;553016;55.9;44.3
95;2021-07-22;10150;9720;707953;562736;56.7;45.1
95;2021-07-23;10921;10201;718874;572937;57.6;45.9
95;2021-07-24;5265;6236;724139;579173;58.0;46.4
95;2021-07-25;2254;2283;726393;581456;58.2;46.6
95;2021-07-26;4521;4022;730914;585478;58.6;46.9
95;2021-07-27;8509;7041;739423;592519;59.2;47.5
95;2021-07-28;9723;7562;749146;600081;60.0;48.1
95;2021-07-29;8438;5469;757584;605550;60.7;48.5
95;2021-07-30;8517;7772;766101;613322;61.4;49.1
95;2021-07-31;4241;4118;770342;617440;61.7;49.5
95;2021-08-01;2329;1374;772671;618814;61.9;49.6
95;2021-08-02;4151;3915;776822;622729;62.2;49.9
95;2021-08-03;6154;5535;782976;628264;62.7;50.3
95;2021-08-04;6509;6080;789485;634344;63.2;50.8
95;2021-08-05;6868;5730;796353;640074;63.8;51.3
95;2021-08-06;6510;7075;802863;647149;64.3;51.8
95;2021-08-07;2844;3197;805707;650346;64.5;52.1
95;2021-08-08;1378;1890;807085;652236;64.7;52.2
95;2021-08-09;3927;5034;811012;657270;65.0;52.7
95;2021-08-10;5237;5846;816249;663116;65.4;53.1
95;2021-08-11;5365;6561;821614;669677;65.8;53.6
95;2021-08-12;5225;6363;826839;676040;66.2;54.2
95;2021-08-13;3893;5470;830732;681510;66.5;54.6
95;2021-08-14;3564;3322;834296;684832;66.8;54.9
95;2021-08-15;272;352;834568;685184;66.9;54.9
95;2021-08-16;2847;6048;837415;691232;67.1;55.4
95;2021-08-17;3580;7259;840995;698491;67.4;56.0
95;2021-08-18;4243;8072;845238;706563;67.7;56.6
95;2021-08-19;3757;6588;848995;713151;68.0;57.1
95;2021-08-20;3775;7926;852770;721077;68.3;57.8
95;2021-08-21;2708;4302;855478;725379;68.5;58.1
95;2021-08-22;848;2395;856326;727774;68.6;58.3
95;2021-08-23;2456;5648;858782;733422;68.8;58.8
95;2021-08-24;2911;6451;861693;739873;69.0;59.3
95;2021-08-25;3740;8280;865433;748153;69.3;59.9
95;2021-08-26;3124;7533;868557;755686;69.6;60.5
95;2021-08-27;3429;8720;871986;764406;69.9;61.2
95;2021-08-28;2790;5489;874776;769895;70.1;61.7
95;2021-08-29;627;1709;875403;771604;70.1;61.8
95;2021-08-30;2737;6189;878140;777793;70.3;62.3
95;2021-08-31;2770;6498;880910;784291;70.6;62.8
95;2021-09-01;2668;6475;883578;790766;70.8;63.3
95;2021-09-02;1663;4625;885241;795391;70.9;63.7
95;2021-09-03;2185;5836;887426;801227;71.1;64.2
95;2021-09-04;2512;5849;889938;807076;71.3;64.7
95;2021-09-05;404;637;890342;807713;71.3;64.7
95;2021-09-06;1189;3534;891531;811247;71.4;65.0
95;2021-09-07;1376;3442;892907;814689;71.5;65.3
95;2021-09-08;1633;4241;894540;818930;71.7;65.6
95;2021-09-09;1274;3694;895814;822624;71.8;65.9
95;2021-09-10;1541;3999;897355;826623;71.9;66.2
95;2021-09-11;1515;3809;898870;830432;72.0;66.5
95;2021-09-12;313;793;899183;831225;72.0;66.6
95;2021-09-13;851;2554;900034;833779;72.1;66.8
971;2020-12-27;0;0;0;0;0.0;0.0
971;2020-12-28;0;0;0;0;0.0;0.0
971;2020-12-29;0;0;0;0;0.0;0.0
971;2020-12-30;0;0;0;0;0.0;0.0
971;2020-12-31;0;0;0;0;0.0;0.0
971;2021-01-01;1;0;1;0;0.0;0.0
971;2021-01-02;0;0;1;0;0.0;0.0
971;2021-01-03;0;0;1;0;0.0;0.0
971;2021-01-04;1;0;2;0;0.0;0.0
971;2021-01-05;0;0;2;0;0.0;0.0
971;2021-01-06;1;0;3;0;0.0;0.0
971;2021-01-07;0;0;3;0;0.0;0.0
971;2021-01-08;57;1;60;1;0.0;0.0
971;2021-01-09;20;0;80;1;0.0;0.0
971;2021-01-10;0;0;80;1;0.0;0.0
971;2021-01-11;60;0;140;1;0.0;0.0
971;2021-01-12;45;0;185;1;0.0;0.0
971;2021-01-13;47;1;232;2;0.1;0.0
971;2021-01-14;63;0;295;2;0.1;0.0
971;2021-01-15;77;0;372;2;0.1;0.0
971;2021-01-16;0;0;372;2;0.1;0.0
971;2021-01-17;0;0;372;2;0.1;0.0
971;2021-01-18;81;1;453;3;0.1;0.0
971;2021-01-19;145;0;598;3;0.2;0.0
971;2021-01-20;135;0;733;3;0.2;0.0
971;2021-01-21;154;1;887;4;0.2;0.0
971;2021-01-22;135;0;1022;4;0.3;0.0
971;2021-01-23;1;0;1023;4;0.3;0.0
971;2021-01-24;0;0;1023;4;0.3;0.0
971;2021-01-25;203;1;1226;5;0.3;0.0
971;2021-01-26;217;1;1443;6;0.4;0.0
971;2021-01-27;236;0;1679;6;0.4;0.0
971;2021-01-28;242;2;1921;8;0.5;0.0
971;2021-01-29;197;2;2118;10;0.6;0.0
971;2021-01-30;25;0;2143;10;0.6;0.0
971;2021-01-31;1;0;2144;10;0.6;0.0
971;2021-02-01;229;3;2373;13;0.6;0.0
971;2021-02-02;246;13;2619;26;0.7;0.0
971;2021-02-03;227;3;2846;29;0.8;0.0
971;2021-02-04;304;21;3150;50;0.8;0.0
971;2021-02-05;281;25;3431;75;0.9;0.0
971;2021-02-06;49;1;3480;76;0.9;0.0
971;2021-02-07;0;0;3480;76;0.9;0.0
971;2021-02-08;257;18;3737;94;1.0;0.0
971;2021-02-09;316;25;4053;119;1.1;0.0
971;2021-02-10;251;21;4304;140;1.1;0.0
971;2021-02-11;298;99;4602;239;1.2;0.1
971;2021-02-12;291;25;4893;264;1.3;0.1
971;2021-02-13;50;4;4943;268;1.3;0.1
971;2021-02-14;19;36;4962;304;1.3;0.1
971;2021-02-15;85;46;5047;350;1.3;0.1
971;2021-02-16;16;1;5063;351;1.3;0.1
971;2021-02-17;17;1;5080;352;1.3;0.1
971;2021-02-18;252;11;5332;363;1.4;0.1
971;2021-02-19;249;15;5581;378;1.5;0.1
971;2021-02-20;49;0;5630;378;1.5;0.1
971;2021-02-21;1;0;5631;378;1.5;0.1
971;2021-02-22;192;49;5823;427;1.5;0.1
971;2021-02-23;206;59;6029;486;1.6;0.1
971;2021-02-24;344;113;6373;599;1.7;0.2
971;2021-02-25;386;68;6759;667;1.8;0.2
971;2021-02-26;232;72;6991;739;1.9;0.2
971;2021-02-27;65;0;7056;739;1.9;0.2
971;2021-02-28;1;0;7057;739;1.9;0.2
971;2021-03-01;180;76;7237;815;1.9;0.2
971;2021-03-02;279;117;7516;932;2.0;0.2
971;2021-03-03;245;101;7761;1033;2.1;0.3
971;2021-03-04;335;75;8096;1108;2.1;0.3
971;2021-03-05;375;136;8471;1244;2.2;0.3
971;2021-03-06;599;10;9070;1254;2.4;0.3
971;2021-03-07;1;0;9071;1254;2.4;0.3
971;2021-03-08;325;132;9396;1386;2.5;0.4
971;2021-03-09;388;136;9784;1522;2.6;0.4
971;2021-03-10;426;156;10210;1678;2.7;0.4
971;2021-03-11;122;43;10332;1721;2.7;0.5
971;2021-03-12;504;221;10836;1942;2.9;0.5
971;2021-03-13;137;3;10973;1945;2.9;0.5
971;2021-03-14;14;21;10987;1966;2.9;0.5
971;2021-03-15;424;43;11411;2009;3.0;0.5
971;2021-03-16;485;82;11896;2091;3.2;0.6
971;2021-03-17;471;71;12367;2162;3.3;0.6
971;2021-03-18;585;82;12952;2244;3.4;0.6
971;2021-03-19;584;90;13536;2334;3.6;0.6
971;2021-03-20;177;15;13713;2349;3.6;0.6
971;2021-03-21;8;0;13721;2349;3.6;0.6
971;2021-03-22;360;89;14081;2438;3.7;0.6
971;2021-03-23;539;155;14620;2593;3.9;0.7
971;2021-03-24;473;97;15093;2690;4.0;0.7
971;2021-03-25;760;181;15853;2871;4.2;0.8
971;2021-03-26;644;120;16497;2991;4.4;0.8
971;2021-03-27;295;33;16792;3024;4.5;0.8
971;2021-03-28;24;2;16816;3026;4.5;0.8
971;2021-03-29;383;84;17199;3110;4.6;0.8
971;2021-03-30;625;164;17824;3274;4.7;0.9
971;2021-03-31;545;132;18369;3406;4.9;0.9
971;2021-04-01;662;196;19031;3602;5.0;1.0
971;2021-04-02;39;34;19070;3636;5.1;1.0
971;2021-04-03;62;2;19132;3638;5.1;1.0
971;2021-04-04;4;17;19136;3655;5.1;1.0
971;2021-04-05;13;0;19149;3655;5.1;1.0
971;2021-04-06;485;193;19634;3848;5.2;1.0
971;2021-04-07;580;118;20214;3966;5.4;1.1
971;2021-04-08;521;156;20735;4122;5.5;1.1
971;2021-04-09;490;210;21225;4332;5.6;1.1
971;2021-04-10;101;5;21326;4337;5.7;1.2
971;2021-04-11;8;9;21334;4346;5.7;1.2
971;2021-04-12;304;259;21638;4605;5.7;1.2
971;2021-04-13;555;324;22193;4929;5.9;1.3
971;2021-04-14;445;228;22638;5157;6.0;1.4
971;2021-04-15;553;311;23191;5468;6.2;1.5
971;2021-04-16;564;274;23755;5742;6.3;1.5
971;2021-04-17;216;4;23971;5746;6.4;1.5
971;2021-04-18;6;13;23977;5759;6.4;1.5
971;2021-04-19;405;242;24382;6001;6.5;1.6
971;2021-04-20;724;344;25106;6345;6.7;1.7
971;2021-04-21;625;316;25731;6661;6.8;1.8
971;2021-04-22;819;324;26550;6985;7.0;1.9
971;2021-04-23;846;248;27396;7233;7.3;1.9
971;2021-04-24;390;68;27786;7301;7.4;1.9
971;2021-04-25;602;63;28388;7364;7.5;2.0
971;2021-04-26;974;219;29362;7583;7.8;2.0
971;2021-04-27;711;235;30073;7818;8.0;2.1
971;2021-04-28;865;268;30938;8086;8.2;2.1
971;2021-04-29;1203;203;32141;8289;8.5;2.2
971;2021-04-30;1270;188;33411;8477;8.9;2.2
971;2021-05-01;606;39;34017;8516;9.0;2.3
971;2021-05-02;355;18;34372;8534;9.1;2.3
971;2021-05-03;922;189;35294;8723;9.4;2.3
971;2021-05-04;961;207;36255;8930;9.6;2.4
971;2021-05-05;1027;251;37282;9181;9.9;2.4
971;2021-05-06;1147;175;38429;9356;10.2;2.5
971;2021-05-07;1264;271;39693;9627;10.5;2.6
971;2021-05-08;323;38;40016;9665;10.6;2.6
971;2021-05-09;183;11;40199;9676;10.7;2.6
971;2021-05-10;840;217;41039;9893;10.9;2.6
971;2021-05-11;964;314;42003;10207;11.1;2.7
971;2021-05-12;907;325;42910;10532;11.4;2.8
971;2021-05-13;212;78;43122;10610;11.4;2.8
971;2021-05-14;862;274;43984;10884;11.7;2.9
971;2021-05-15;487;15;44471;10899;11.8;2.9
971;2021-05-16;182;36;44653;10935;11.8;2.9
971;2021-05-17;721;275;45374;11210;12.0;3.0
971;2021-05-18;742;389;46116;11599;12.2;3.1
971;2021-05-19;703;530;46819;12129;12.4;3.2
971;2021-05-20;810;377;47629;12506;12.6;3.3
971;2021-05-21;827;405;48456;12911;12.9;3.4
971;2021-05-22;506;214;48962;13125;13.0;3.5
971;2021-05-23;201;114;49163;13239;13.0;3.5
971;2021-05-24;201;173;49364;13412;13.1;3.6
971;2021-05-25;549;660;49913;14072;13.2;3.7
971;2021-05-26;595;492;50508;14564;13.4;3.9
971;2021-05-27;133;181;50641;14745;13.4;3.9
971;2021-05-28;518;526;51159;15271;13.6;4.1
971;2021-05-29;238;140;51397;15411;13.6;4.1
971;2021-05-30;75;112;51472;15523;13.7;4.1
971;2021-05-31;449;534;51921;16057;13.8;4.3
971;2021-06-01;592;707;52513;16764;13.9;4.4
971;2021-06-02;577;706;53090;17470;14.1;4.6
971;2021-06-03;508;557;53598;18027;14.2;4.8
971;2021-06-04;835;799;54433;18826;14.4;5.0
971;2021-06-05;317;644;54750;19470;14.5;5.2
971;2021-06-06;139;529;54889;19999;14.6;5.3
971;2021-06-07;422;780;55311;20779;14.7;5.5
971;2021-06-08;494;885;55805;21664;14.8;5.7
971;2021-06-09;503;858;56308;22522;14.9;6.0
971;2021-06-10;539;849;56847;23371;15.1;6.2
971;2021-06-11;469;1235;57316;24606;15.2;6.5
971;2021-06-12;302;658;57618;25264;15.3;6.7
971;2021-06-13;127;313;57745;25577;15.3;6.8
971;2021-06-14;372;3694;58117;29271;15.4;7.8
971;2021-06-15;483;1985;58600;31256;15.5;8.3
971;2021-06-16;478;1437;59078;32693;15.7;8.7
971;2021-06-17;433;1009;59511;33702;15.8;8.9
971;2021-06-18;483;1019;59994;34721;15.9;9.2
971;2021-06-19;316;508;60310;35229;16.0;9.3
971;2021-06-20;111;231;60421;35460;16.0;9.4
971;2021-06-21;337;675;60758;36135;16.1;9.6
971;2021-06-22;333;871;61091;37006;16.2;9.8
971;2021-06-23;370;890;61461;37896;16.3;10.1
971;2021-06-24;417;731;61878;38627;16.4;10.2
971;2021-06-25;455;756;62333;39383;16.5;10.4
971;2021-06-26;301;512;62634;39895;16.6;10.6
971;2021-06-27;116;148;62750;40043;16.6;10.6
971;2021-06-28;303;685;63053;40728;16.7;10.8
971;2021-06-29;390;782;63443;41510;16.8;11.0
971;2021-06-30;441;924;63884;42434;17.0;11.3
971;2021-07-01;364;648;64248;43082;17.0;11.4
971;2021-07-02;429;693;64677;43775;17.2;11.6
971;2021-07-03;274;464;64951;44239;17.2;11.7
971;2021-07-04;112;239;65063;44478;17.3;11.8
971;2021-07-05;329;507;65392;44985;17.4;11.9
971;2021-07-06;385;769;65777;45754;17.5;12.1
971;2021-07-07;377;842;66154;46596;17.6;12.4
971;2021-07-08;414;791;66568;47387;17.7;12.6
971;2021-07-09;434;796;67002;48183;17.8;12.8
971;2021-07-10;245;294;67247;48477;17.8;12.9
971;2021-07-11;170;137;67417;48614;17.9;12.9
971;2021-07-12;477;603;67894;49217;18.0;13.1
971;2021-07-13;873;1004;68767;50221;18.2;13.3
971;2021-07-14;476;283;69243;50504;18.4;13.4
971;2021-07-15;880;839;70123;51343;18.6;13.6
971;2021-07-16;1094;1040;71217;52383;18.9;13.9
971;2021-07-17;648;444;71865;52827;19.1;14.0
971;2021-07-18;401;221;72266;53048;19.2;14.1
971;2021-07-19;578;581;72844;53629;19.3;14.2
971;2021-07-20;836;733;73680;54362;19.6;14.4
971;2021-07-21;767;494;74447;54856;19.8;14.6
971;2021-07-22;988;874;75435;55730;20.0;14.8
971;2021-07-23;1028;753;76463;56483;20.3;15.0
971;2021-07-24;426;384;76889;56867;20.4;15.1
971;2021-07-25;248;261;77137;57128;20.5;15.2
971;2021-07-26;636;562;77773;57690;20.6;15.3
971;2021-07-27;877;583;78650;58273;20.9;15.5
971;2021-07-28;796;655;79446;58928;21.1;15.6
971;2021-07-29;960;664;80406;59592;21.3;15.8
971;2021-07-30;1310;752;81716;60344;21.7;16.0
971;2021-07-31;558;411;82274;60755;21.8;16.1
971;2021-08-01;316;249;82590;61004;21.9;16.2
971;2021-08-02;760;417;83350;61421;22.1;16.3
971;2021-08-03;758;676;84108;62097;22.3;16.5
971;2021-08-04;684;674;84792;62771;22.5;16.7
971;2021-08-05;692;593;85484;63364;22.7;16.8
971;2021-08-06;931;638;86415;64002;22.9;17.0
971;2021-08-07;453;391;86868;64393;23.0;17.1
971;2021-08-08;277;313;87145;64706;23.1;17.2
971;2021-08-09;590;584;87735;65290;23.3;17.3
971;2021-08-10;757;797;88492;66087;23.5;17.5
971;2021-08-11;926;791;89418;66878;23.7;17.7
971;2021-08-12;987;794;90405;67672;24.0;18.0
971;2021-08-13;959;441;91364;68113;24.2;18.1
971;2021-08-14;634;701;91998;68814;24.4;18.3
971;2021-08-15;437;413;92435;69227;24.5;18.4
971;2021-08-16;766;742;93201;69969;24.7;18.6
971;2021-08-17;885;870;94086;70839;25.0;18.8
971;2021-08-18;1262;970;95348;71809;25.3;19.1
971;2021-08-19;1283;926;96631;72735;25.6;19.3
971;2021-08-20;1493;1044;98124;73779;26.0;19.6
971;2021-08-21;708;514;98832;74293;26.2;19.7
971;2021-08-22;361;271;99193;74564;26.3;19.8
971;2021-08-23;862;626;100055;75190;26.5;20.0
971;2021-08-24;1215;792;101270;75982;26.9;20.2
971;2021-08-25;1362;799;102632;76781;27.2;20.4
971;2021-08-26;1363;770;103995;77551;27.6;20.6
971;2021-08-27;1431;1100;105426;78651;28.0;20.9
971;2021-08-28;923;578;106349;79229;28.2;21.0
971;2021-08-29;218;239;106567;79468;28.3;21.1
971;2021-08-30;920;748;107487;80216;28.5;21.3
971;2021-08-31;1206;897;108693;81113;28.8;21.5
971;2021-09-01;1104;912;109797;82025;29.1;21.8
971;2021-09-02;1018;882;110815;82907;29.4;22.0
971;2021-09-03;935;1131;111750;84038;29.7;22.3
971;2021-09-04;523;620;112273;84658;29.8;22.5
971;2021-09-05;125;240;112398;84898;29.8;22.5
971;2021-09-06;603;704;113001;85602;30.0;22.7
971;2021-09-07;612;745;113613;86347;30.1;22.9
971;2021-09-08;685;1051;114298;87398;30.3;23.2
971;2021-09-09;612;1130;114910;88528;30.5;23.5
971;2021-09-10;718;1344;115628;89872;30.7;23.8
971;2021-09-11;396;694;116024;90566;30.8;24.0
971;2021-09-12;81;358;116105;90924;30.8;24.1
971;2021-09-13;288;640;116393;91564;30.9;24.3
972;2020-12-27;0;0;0;0;0.0;0.0
972;2020-12-28;0;0;0;0;0.0;0.0
972;2020-12-29;0;0;0;0;0.0;0.0
972;2020-12-30;0;0;0;0;0.0;0.0
972;2020-12-31;0;0;0;0;0.0;0.0
972;2021-01-01;0;0;0;0;0.0;0.0
972;2021-01-02;0;0;0;0;0.0;0.0
972;2021-01-03;0;0;0;0;0.0;0.0
972;2021-01-04;0;0;0;0;0.0;0.0
972;2021-01-05;0;0;0;0;0.0;0.0
972;2021-01-06;5;0;5;0;0.0;0.0
972;2021-01-07;31;0;36;0;0.0;0.0
972;2021-01-08;90;0;126;0;0.0;0.0
972;2021-01-09;20;0;146;0;0.0;0.0
972;2021-01-10;0;0;146;0;0.0;0.0
972;2021-01-11;122;0;268;0;0.1;0.0
972;2021-01-12;79;0;347;0;0.1;0.0
972;2021-01-13;65;0;412;0;0.1;0.0
972;2021-01-14;88;1;500;1;0.1;0.0
972;2021-01-15;171;0;671;1;0.2;0.0
972;2021-01-16;51;0;722;1;0.2;0.0
972;2021-01-17;0;0;722;1;0.2;0.0
972;2021-01-18;158;0;880;1;0.2;0.0
972;2021-01-19;168;1;1048;2;0.3;0.0
972;2021-01-20;170;0;1218;2;0.3;0.0
972;2021-01-21;181;2;1399;4;0.4;0.0
972;2021-01-22;173;0;1572;4;0.4;0.0
972;2021-01-23;58;0;1630;4;0.5;0.0
972;2021-01-24;0;0;1630;4;0.5;0.0
972;2021-01-25;161;0;1791;4;0.5;0.0
972;2021-01-26;138;1;1929;5;0.5;0.0
972;2021-01-27;163;5;2092;10;0.6;0.0
972;2021-01-28;152;12;2244;22;0.6;0.0
972;2021-01-29;143;41;2387;63;0.7;0.0
972;2021-01-30;96;16;2483;79;0.7;0.0
972;2021-01-31;0;0;2483;79;0.7;0.0
972;2021-02-01;119;57;2602;136;0.7;0.0
972;2021-02-02;184;76;2786;212;0.8;0.1
972;2021-02-03;132;66;2918;278;0.8;0.1
972;2021-02-04;160;63;3078;341;0.9;0.1
972;2021-02-05;123;75;3201;416;0.9;0.1
972;2021-02-06;62;18;3263;434;0.9;0.1
972;2021-02-07;1;0;3264;434;0.9;0.1
972;2021-02-08;137;56;3401;490;0.9;0.1
972;2021-02-09;177;59;3578;549;1.0;0.2
972;2021-02-10;153;73;3731;622;1.0;0.2
972;2021-02-11;150;80;3881;702;1.1;0.2
972;2021-02-12;152;104;4033;806;1.1;0.2
972;2021-02-13;47;27;4080;833;1.1;0.2
972;2021-02-14;0;0;4080;833;1.1;0.2
972;2021-02-15;51;64;4131;897;1.2;0.3
972;2021-02-16;0;0;4131;897;1.2;0.3
972;2021-02-17;1;3;4132;900;1.2;0.3
972;2021-02-18;69;102;4201;1002;1.2;0.3
972;2021-02-19;69;110;4270;1112;1.2;0.3
972;2021-02-20;48;50;4318;1162;1.2;0.3
972;2021-02-21;0;0;4318;1162;1.2;0.3
972;2021-02-22;102;53;4420;1215;1.2;0.3
972;2021-02-23;113;215;4533;1430;1.3;0.4
972;2021-02-24;106;203;4639;1633;1.3;0.5
972;2021-02-25;93;138;4732;1771;1.3;0.5
972;2021-02-26;132;154;4864;1925;1.4;0.5
972;2021-02-27;69;46;4933;1971;1.4;0.5
972;2021-02-28;0;0;4933;1971;1.4;0.5
972;2021-03-01;137;127;5070;2098;1.4;0.6
972;2021-03-02;158;65;5228;2163;1.5;0.6
972;2021-03-03;179;132;5407;2295;1.5;0.6
972;2021-03-04;152;126;5559;2421;1.5;0.7
972;2021-03-05;237;113;5796;2534;1.6;0.7
972;2021-03-06;119;52;5915;2586;1.6;0.7
972;2021-03-07;100;3;6015;2589;1.7;0.7
972;2021-03-08;196;125;6211;2714;1.7;0.8
972;2021-03-09;283;94;6494;2808;1.8;0.8
972;2021-03-10;322;123;6816;2931;1.9;0.8
972;2021-03-11;336;71;7152;3002;2.0;0.8
972;2021-03-12;413;51;7565;3053;2.1;0.9
972;2021-03-13;155;18;7720;3071;2.2;0.9
972;2021-03-14;4;1;7724;3072;2.2;0.9
972;2021-03-15;277;89;8001;3161;2.2;0.9
972;2021-03-16;305;54;8306;3215;2.3;0.9
972;2021-03-17;388;44;8694;3259;2.4;0.9
972;2021-03-18;435;44;9129;3303;2.5;0.9
972;2021-03-19;401;59;9530;3362;2.7;0.9
972;2021-03-20;149;47;9679;3409;2.7;1.0
972;2021-03-21;25;1;9704;3410;2.7;1.0
972;2021-03-22;362;114;10066;3524;2.8;1.0
972;2021-03-23;403;122;10469;3646;2.9;1.0
972;2021-03-24;429;105;10898;3751;3.0;1.0
972;2021-03-25;491;97;11389;3848;3.2;1.1
972;2021-03-26;634;103;12023;3951;3.4;1.1
972;2021-03-27;154;69;12177;4020;3.4;1.1
972;2021-03-28;81;0;12258;4020;3.4;1.1
972;2021-03-29;423;163;12681;4183;3.5;1.2
972;2021-03-30;469;239;13150;4422;3.7;1.2
972;2021-03-31;1150;188;14300;4610;4.0;1.3
972;2021-04-01;955;169;15255;4779;4.3;1.3
972;2021-04-02;896;14;16151;4793;4.5;1.3
972;2021-04-03;789;56;16940;4849;4.7;1.4
972;2021-04-04;751;13;17691;4862;4.9;1.4
972;2021-04-05;829;44;18520;4906;5.2;1.4
972;2021-04-06;885;136;19405;5042;5.4;1.4
972;2021-04-07;1436;325;20841;5367;5.8;1.5
972;2021-04-08;1308;272;22149;5639;6.2;1.6
972;2021-04-09;1240;316;23389;5955;6.5;1.7
972;2021-04-10;838;164;24227;6119;6.8;1.7
972;2021-04-11;621;14;24848;6133;6.9;1.7
972;2021-04-12;868;317;25716;6450;7.2;1.8
972;2021-04-13;881;327;26597;6777;7.4;1.9
972;2021-04-14;960;321;27557;7098;7.7;2.0
972;2021-04-15;959;299;28516;7397;7.9;2.1
972;2021-04-16;996;296;29512;7693;8.2;2.1
972;2021-04-17;529;161;30041;7854;8.4;2.2
972;2021-04-18;339;56;30380;7910;8.5;2.2
972;2021-04-19;668;342;31048;8252;8.7;2.3
972;2021-04-20;868;307;31916;8559;8.9;2.4
972;2021-04-21;1002;353;32918;8912;9.2;2.5
972;2021-04-22;605;309;33523;9221;9.3;2.6
972;2021-04-23;614;464;34137;9685;9.5;2.7
972;2021-04-24;363;197;34500;9882;9.6;2.8
972;2021-04-25;168;199;34668;10081;9.7;2.8
972;2021-04-26;516;540;35184;10621;9.8;3.0
972;2021-04-27;568;607;35752;11228;10.0;3.1
972;2021-04-28;448;689;36200;11917;10.1;3.3
972;2021-04-29;654;641;36854;12558;10.3;3.5
972;2021-04-30;771;684;37625;13242;10.5;3.7
972;2021-05-01;244;246;37869;13488;10.6;3.8
972;2021-05-02;227;512;38096;14000;10.6;3.9
972;2021-05-03;569;770;38665;14770;10.8;4.1
972;2021-05-04;525;678;39190;15448;10.9;4.3
972;2021-05-05;548;896;39738;16344;11.1;4.6
972;2021-05-06;546;785;40284;17129;11.2;4.8
972;2021-05-07;629;1014;40913;18143;11.4;5.1
972;2021-05-08;226;525;41139;18668;11.5;5.2
972;2021-05-09;172;505;41311;19173;11.5;5.3
972;2021-05-10;519;856;41830;20029;11.7;5.6
972;2021-05-11;476;870;42306;20899;11.8;5.8
972;2021-05-12;560;910;42866;21809;11.9;6.1
972;2021-05-13;274;533;43140;22342;12.0;6.2
972;2021-05-14;388;750;43528;23092;12.1;6.4
972;2021-05-15;234;578;43762;23670;12.2;6.6
972;2021-05-16;155;442;43917;24112;12.2;6.7
972;2021-05-17;474;753;44391;24865;12.4;6.9
972;2021-05-18;446;679;44837;25544;12.5;7.1
972;2021-05-19;453;744;45290;26288;12.6;7.3
972;2021-05-20;595;500;45885;26788;12.8;7.5
972;2021-05-21;545;684;46430;27472;12.9;7.7
972;2021-05-22;186;359;46616;27831;13.0;7.8
972;2021-05-23;111;182;46727;28013;13.0;7.8
972;2021-05-24;136;241;46863;28254;13.1;7.9
972;2021-05-25;350;697;47213;28951;13.2;8.1
972;2021-05-26;382;712;47595;29663;13.3;8.3
972;2021-05-27;271;647;47866;30310;13.3;8.4
972;2021-05-28;280;815;48146;31125;13.4;8.7
972;2021-05-29;154;513;48300;31638;13.5;8.8
972;2021-05-30;17;33;48317;31671;13.5;8.8
972;2021-05-31;347;678;48664;32349;13.6;9.0
972;2021-06-01;299;545;48963;32894;13.6;9.2
972;2021-06-02;325;575;49288;33469;13.7;9.3
972;2021-06-03;247;425;49535;33894;13.8;9.4
972;2021-06-04;351;643;49886;34537;13.9;9.6
972;2021-06-05;260;371;50146;34908;14.0;9.7
972;2021-06-06;25;32;50171;34940;14.0;9.7
972;2021-06-07;260;736;50431;35676;14.1;9.9
972;2021-06-08;256;587;50687;36263;14.1;10.1
972;2021-06-09;303;697;50990;36960;14.2;10.3
972;2021-06-10;308;450;51298;37410;14.3;10.4
972;2021-06-11;361;533;51659;37943;14.4;10.6
972;2021-06-12;246;321;51905;38264;14.5;10.7
972;2021-06-13;32;29;51937;38293;14.5;10.7
972;2021-06-14;367;547;52304;38840;14.6;10.8
972;2021-06-15;410;487;52714;39327;14.7;11.0
972;2021-06-16;436;436;53150;39763;14.8;11.1
972;2021-06-17;355;575;53505;40338;14.9;11.2
972;2021-06-18;458;538;53963;40876;15.0;11.4
972;2021-06-19;225;196;54188;41072;15.1;11.4
972;2021-06-20;25;17;54213;41089;15.1;11.5
972;2021-06-21;332;579;54545;41668;15.2;11.6
972;2021-06-22;297;462;54842;42130;15.3;11.7
972;2021-06-23;425;562;55267;42692;15.4;11.9
972;2021-06-24;328;437;55595;43129;15.5;12.0
972;2021-06-25;313;387;55908;43516;15.6;12.1
972;2021-06-26;222;201;56130;43717;15.6;12.2
972;2021-06-27;16;23;56146;43740;15.7;12.2
972;2021-06-28;337;421;56483;44161;15.7;12.3
972;2021-06-29;329;431;56812;44592;15.8;12.4
972;2021-06-30;441;421;57253;45013;16.0;12.5
972;2021-07-01;353;393;57606;45406;16.1;12.7
972;2021-07-02;124;200;57730;45606;16.1;12.7
972;2021-07-03;100;118;57830;45724;16.1;12.7
972;2021-07-04;24;36;57854;45760;16.1;12.8
972;2021-07-05;494;580;58348;46340;16.3;12.9
972;2021-07-06;488;428;58836;46768;16.4;13.0
972;2021-07-07;612;492;59448;47260;16.6;13.2
972;2021-07-08;494;422;59942;47682;16.7;13.3
972;2021-07-09;629;582;60571;48264;16.9;13.5
972;2021-07-10;405;309;60976;48573;17.0;13.5
972;2021-07-11;52;38;61028;48611;17.0;13.6
972;2021-07-12;847;696;61875;49307;17.2;13.7
972;2021-07-13;1473;705;63348;50012;17.7;13.9
972;2021-07-14;133;65;63481;50077;17.7;14.0
972;2021-07-15;1604;678;65085;50755;18.1;14.1
972;2021-07-16;1639;662;66724;51417;18.6;14.3
972;2021-07-17;1096;365;67820;51782;18.9;14.4
972;2021-07-18;56;39;67876;51821;18.9;14.4
972;2021-07-19;1146;652;69022;52473;19.2;14.6
972;2021-07-20;1131;577;70153;53050;19.6;14.8
972;2021-07-21;1093;599;71246;53649;19.9;15.0
972;2021-07-22;905;522;72151;54171;20.1;15.1
972;2021-07-23;968;484;73119;54655;20.4;15.2
972;2021-07-24;505;223;73624;54878;20.5;15.3
972;2021-07-25;51;63;73675;54941;20.5;15.3
972;2021-07-26;685;522;74360;55463;20.7;15.5
972;2021-07-27;1028;515;75388;55978;21.0;15.6
972;2021-07-28;645;560;76033;56538;21.2;15.8
972;2021-07-29;840;548;76873;57086;21.4;15.9
972;2021-07-30;902;615;77775;57701;21.7;16.1
972;2021-07-31;559;275;78334;57976;21.8;16.2
972;2021-08-01;83;33;78417;58009;21.9;16.2
972;2021-08-02;813;814;79230;58823;22.1;16.4
972;2021-08-03;733;742;79963;59565;22.3;16.6
972;2021-08-04;785;569;80748;60134;22.5;16.8
972;2021-08-05;915;589;81663;60723;22.8;16.9
972;2021-08-06;1196;893;82859;61616;23.1;17.2
972;2021-08-07;669;570;83528;62186;23.3;17.3
972;2021-08-08;85;83;83613;62269;23.3;17.4
972;2021-08-09;1128;1062;84741;63331;23.6;17.7
972;2021-08-10;1198;1039;85939;64370;24.0;17.9
972;2021-08-11;1232;918;87171;65288;24.3;18.2
972;2021-08-12;1451;930;88622;66218;24.7;18.5
972;2021-08-13;1311;642;89933;66860;25.1;18.6
972;2021-08-14;839;322;90772;67182;25.3;18.7
972;2021-08-15;70;55;90842;67237;25.3;18.7
972;2021-08-16;1277;1046;92119;68283;25.7;19.0
972;2021-08-17;1177;1187;93296;69470;26.0;19.4
972;2021-08-18;1237;1175;94533;70645;26.4;19.7
972;2021-08-19;1282;891;95815;71536;26.7;19.9
972;2021-08-20;1330;893;97145;72429;27.1;20.2
972;2021-08-21;758;624;97903;73053;27.3;20.4
972;2021-08-22;47;82;97950;73135;27.3;20.4
972;2021-08-23;1175;857;99125;73992;27.6;20.6
972;2021-08-24;1364;878;100489;74870;28.0;20.9
972;2021-08-25;1067;767;101556;75637;28.3;21.1
972;2021-08-26;1276;800;102832;76437;28.7;21.3
972;2021-08-27;1276;1077;104108;77514;29.0;21.6
972;2021-08-28;770;749;104878;78263;29.2;21.8
972;2021-08-29;100;63;104978;78326;29.3;21.8
972;2021-08-30;1136;1122;106114;79448;29.6;22.1
972;2021-08-31;899;1103;107013;80551;29.8;22.5
972;2021-09-01;795;1127;107808;81678;30.1;22.8
972;2021-09-02;871;1208;108679;82886;30.3;23.1
972;2021-09-03;754;1305;109433;84191;30.5;23.5
972;2021-09-04;612;907;110045;85098;30.7;23.7
972;2021-09-05;144;133;110189;85231;30.7;23.8
972;2021-09-06;591;1059;110780;86290;30.9;24.1
972;2021-09-07;631;970;111411;87260;31.1;24.3
972;2021-09-08;579;1146;111990;88406;31.2;24.6
972;2021-09-09;511;1114;112501;89520;31.4;25.0
972;2021-09-10;559;1331;113060;90851;31.5;25.3
972;2021-09-11;481;919;113541;91770;31.6;25.6
972;2021-09-12;100;112;113641;91882;31.7;25.6
972;2021-09-13;400;1107;114041;92989;31.8;25.9
973;2020-12-27;0;0;0;0;0.0;0.0
973;2020-12-28;0;0;0;0;0.0;0.0
973;2020-12-29;0;0;0;0;0.0;0.0
973;2020-12-30;0;0;0;0;0.0;0.0
973;2020-12-31;0;0;0;0;0.0;0.0
973;2021-01-01;0;0;0;0;0.0;0.0
973;2021-01-02;1;1;1;1;0.0;0.0
973;2021-01-03;0;0;1;1;0.0;0.0
973;2021-01-04;0;0;1;1;0.0;0.0
973;2021-01-05;0;0;1;1;0.0;0.0
973;2021-01-06;0;0;1;1;0.0;0.0
973;2021-01-07;0;0;1;1;0.0;0.0
973;2021-01-08;0;0;1;1;0.0;0.0
973;2021-01-09;0;0;1;1;0.0;0.0
973;2021-01-10;0;0;1;1;0.0;0.0
973;2021-01-11;0;0;1;1;0.0;0.0
973;2021-01-12;0;0;1;1;0.0;0.0
973;2021-01-13;30;0;31;1;0.0;0.0
973;2021-01-14;46;0;77;1;0.0;0.0
973;2021-01-15;35;0;112;1;0.0;0.0
973;2021-01-16;18;1;130;2;0.0;0.0
973;2021-01-17;0;0;130;2;0.0;0.0
973;2021-01-18;63;0;193;2;0.1;0.0
973;2021-01-19;150;1;343;3;0.1;0.0
973;2021-01-20;134;0;477;3;0.2;0.0
973;2021-01-21;118;0;595;3;0.2;0.0
973;2021-01-22;76;0;671;3;0.2;0.0
973;2021-01-23;0;0;671;3;0.2;0.0
973;2021-01-24;0;0;671;3;0.2;0.0
973;2021-01-25;56;0;727;3;0.3;0.0
973;2021-01-26;100;2;827;5;0.3;0.0
973;2021-01-27;109;1;936;6;0.3;0.0
973;2021-01-28;96;3;1032;9;0.4;0.0
973;2021-01-29;104;3;1136;12;0.4;0.0
973;2021-01-30;0;0;1136;12;0.4;0.0
973;2021-01-31;0;0;1136;12;0.4;0.0
973;2021-02-01;54;0;1190;12;0.4;0.0
973;2021-02-02;122;5;1312;17;0.5;0.0
973;2021-02-03;119;6;1431;23;0.5;0.0
973;2021-02-04;79;25;1510;48;0.5;0.0
973;2021-02-05;66;8;1576;56;0.5;0.0
973;2021-02-06;0;0;1576;56;0.5;0.0
973;2021-02-07;0;0;1576;56;0.5;0.0
973;2021-02-08;52;12;1628;68;0.6;0.0
973;2021-02-09;92;38;1720;106;0.6;0.0
973;2021-02-10;101;38;1821;144;0.6;0.0
973;2021-02-11;105;90;1926;234;0.7;0.1
973;2021-02-12;89;59;2015;293;0.7;0.1
973;2021-02-13;0;0;2015;293;0.7;0.1
973;2021-02-14;0;0;2015;293;0.7;0.1
973;2021-02-15;27;57;2042;350;0.7;0.1
973;2021-02-16;123;46;2165;396;0.7;0.1
973;2021-02-17;145;110;2310;506;0.8;0.2
973;2021-02-18;103;126;2413;632;0.8;0.2
973;2021-02-19;122;70;2535;702;0.9;0.2
973;2021-02-20;0;0;2535;702;0.9;0.2
973;2021-02-21;0;0;2535;702;0.9;0.2
973;2021-02-22;78;46;2613;748;0.9;0.3
973;2021-02-23;158;99;2771;847;1.0;0.3
973;2021-02-24;190;118;2961;965;1.0;0.3
973;2021-02-25;259;87;3220;1052;1.1;0.4
973;2021-02-26;264;62;3484;1114;1.2;0.4
973;2021-02-27;120;1;3604;1115;1.2;0.4
973;2021-02-28;0;0;3604;1115;1.2;0.4
973;2021-03-01;182;83;3786;1198;1.3;0.4
973;2021-03-02;256;103;4042;1301;1.4;0.4
973;2021-03-03;255;124;4297;1425;1.5;0.5
973;2021-03-04;281;83;4578;1508;1.6;0.5
973;2021-03-05;274;46;4852;1554;1.7;0.5
973;2021-03-06;118;2;4970;1556;1.7;0.5
973;2021-03-07;0;0;4970;1556;1.7;0.5
973;2021-03-08;188;39;5158;1595;1.8;0.5
973;2021-03-09;351;87;5509;1682;1.9;0.6
973;2021-03-10;359;105;5868;1787;2.0;0.6
973;2021-03-11;271;110;6139;1897;2.1;0.7
973;2021-03-12;288;95;6427;1992;2.2;0.7
973;2021-03-13;112;4;6539;1996;2.2;0.7
973;2021-03-14;0;0;6539;1996;2.2;0.7
973;2021-03-15;181;27;6720;2023;2.3;0.7
973;2021-03-16;243;139;6963;2162;2.4;0.7
973;2021-03-17;274;127;7237;2289;2.5;0.8
973;2021-03-18;249;154;7486;2443;2.6;0.8
973;2021-03-19;283;128;7769;2571;2.7;0.9
973;2021-03-20;258;17;8027;2588;2.8;0.9
973;2021-03-21;120;2;8147;2590;2.8;0.9
973;2021-03-22;219;109;8366;2699;2.9;0.9
973;2021-03-23;275;194;8641;2893;3.0;1.0
973;2021-03-24;235;215;8876;3108;3.1;1.1
973;2021-03-25;168;180;9044;3288;3.1;1.1
973;2021-03-26;190;303;9234;3591;3.2;1.2
973;2021-03-27;58;93;9292;3684;3.2;1.3
973;2021-03-28;0;0;9292;3684;3.2;1.3
973;2021-03-29;175;248;9467;3932;3.3;1.4
973;2021-03-30;446;237;9913;4169;3.4;1.4
973;2021-03-31;319;293;10232;4462;3.5;1.5
973;2021-04-01;446;260;10678;4722;3.7;1.6
973;2021-04-02;310;278;10988;5000;3.8;1.7
973;2021-04-03;159;121;11147;5121;3.8;1.8
973;2021-04-04;1;0;11148;5121;3.8;1.8
973;2021-04-05;118;14;11266;5135;3.9;1.8
973;2021-04-06;440;334;11706;5469;4.0;1.9
973;2021-04-07;503;344;12209;5813;4.2;2.0
973;2021-04-08;514;269;12723;6082;4.4;2.1
973;2021-04-09;498;226;13221;6308;4.5;2.2
973;2021-04-10;147;91;13368;6399;4.6;2.2
973;2021-04-11;2;0;13370;6399;4.6;2.2
973;2021-04-12;551;267;13921;6666;4.8;2.3
973;2021-04-13;673;244;14594;6910;5.0;2.4
973;2021-04-14;721;313;15315;7223;5.3;2.5
973;2021-04-15;777;248;16092;7471;5.5;2.6
973;2021-04-16;761;303;16853;7774;5.8;2.7
973;2021-04-17;499;137;17352;7911;6.0;2.7
973;2021-04-18;499;46;17851;7957;6.1;2.7
973;2021-04-19;715;252;18566;8209;6.4;2.8
973;2021-04-20;607;280;19173;8489;6.6;2.9
973;2021-04-21;873;250;20046;8739;6.9;3.0
973;2021-04-22;727;231;20773;8970;7.1;3.1
973;2021-04-23;705;232;21478;9202;7.4;3.2
973;2021-04-24;524;97;22002;9299;7.6;3.2
973;2021-04-25;611;50;22613;9349;7.8;3.2
973;2021-04-26;779;233;23392;9582;8.0;3.3
973;2021-04-27;819;344;24211;9926;8.3;3.4
973;2021-04-28;746;331;24957;10257;8.6;3.5
973;2021-04-29;665;285;25622;10542;8.8;3.6
973;2021-04-30;710;260;26332;10802;9.1;3.7
973;2021-05-01;211;29;26543;10831;9.1;3.7
973;2021-05-02;602;85;27145;10916;9.3;3.8
973;2021-05-03;557;390;27702;11306;9.5;3.9
973;2021-05-04;665;326;28367;11632;9.8;4.0
973;2021-05-05;701;455;29068;12087;10.0;4.2
973;2021-05-06;694;477;29762;12564;10.2;4.3
973;2021-05-07;595;473;30357;13037;10.4;4.5
973;2021-05-08;344;59;30701;13096;10.6;4.5
973;2021-05-09;263;72;30964;13168;10.7;4.5
973;2021-05-10;440;611;31404;13779;10.8;4.7
973;2021-05-11;398;497;31802;14276;10.9;4.9
973;2021-05-12;513;647;32315;14923;11.1;5.1
973;2021-05-13;334;99;32649;15022;11.2;5.2
973;2021-05-14;486;555;33135;15577;11.4;5.4
973;2021-05-15;257;348;33392;15925;11.5;5.5
973;2021-05-16;207;210;33599;16135;11.6;5.6
973;2021-05-17;447;599;34046;16734;11.7;5.8
973;2021-05-18;564;569;34610;17303;11.9;6.0
973;2021-05-19;534;552;35144;17855;12.1;6.1
973;2021-05-20;644;451;35788;18306;12.3;6.3
973;2021-05-21;503;608;36291;18914;12.5;6.5
973;2021-05-22;167;500;36458;19414;12.5;6.7
973;2021-05-23;271;475;36729;19889;12.6;6.8
973;2021-05-24;562;248;37291;20137;12.8;6.9
973;2021-05-25;500;745;37791;20882;13.0;7.2
973;2021-05-26;452;683;38243;21565;13.2;7.4
973;2021-05-27;710;527;38953;22092;13.4;7.6
973;2021-05-28;580;554;39533;22646;13.6;7.8
973;2021-05-29;258;360;39791;23006;13.7;7.9
973;2021-05-30;151;399;39942;23405;13.7;8.1
973;2021-05-31;356;574;40298;23979;13.9;8.2
973;2021-06-01;422;468;40720;24447;14.0;8.4
973;2021-06-02;564;555;41284;25002;14.2;8.6
973;2021-06-03;526;470;41810;25472;14.4;8.8
973;2021-06-04;604;495;42414;25967;14.6;8.9
973;2021-06-05;273;292;42687;26259;14.7;9.0
973;2021-06-06;211;301;42898;26560;14.8;9.1
973;2021-06-07;489;452;43387;27012;14.9;9.3
973;2021-06-08;547;315;43934;27327;15.1;9.4
973;2021-06-09;531;390;44465;27717;15.3;9.5
973;2021-06-10;358;291;44823;28008;15.4;9.6
973;2021-06-11;438;467;45261;28475;15.6;9.8
973;2021-06-12;170;283;45431;28758;15.6;9.9
973;2021-06-13;214;268;45645;29026;15.7;10.0
973;2021-06-14;385;549;46030;29575;15.8;10.2
973;2021-06-15;376;445;46406;30020;16.0;10.3
973;2021-06-16;488;459;46894;30479;16.1;10.5
973;2021-06-17;437;579;47331;31058;16.3;10.7
973;2021-06-18;396;563;47727;31621;16.4;10.9
973;2021-06-19;235;260;47962;31881;16.5;11.0
973;2021-06-20;127;270;48089;32151;16.5;11.1
973;2021-06-21;336;603;48425;32754;16.7;11.3
973;2021-06-22;376;462;48801;33216;16.8;11.4
973;2021-06-23;344;539;49145;33755;16.9;11.6
973;2021-06-24;443;500;49588;34255;17.1;11.8
973;2021-06-25;446;558;50034;34813;17.2;12.0
973;2021-06-26;172;320;50206;35133;17.3;12.1
973;2021-06-27;121;170;50327;35303;17.3;12.1
973;2021-06-28;317;593;50644;35896;17.4;12.3
973;2021-06-29;379;507;51023;36403;17.6;12.5
973;2021-06-30;411;680;51434;37083;17.7;12.8
973;2021-07-01;433;399;51867;37482;17.8;12.9
973;2021-07-02;504;524;52371;38006;18.0;13.1
973;2021-07-03;210;274;52581;38280;18.1;13.2
973;2021-07-04;86;243;52667;38523;18.1;13.3
973;2021-07-05;363;547;53030;39070;18.2;13.4
973;2021-07-06;350;473;53380;39543;18.4;13.6
973;2021-07-07;363;415;53743;39958;18.5;13.7
973;2021-07-08;300;329;54043;40287;18.6;13.9
973;2021-07-09;389;435;54432;40722;18.7;14.0
973;2021-07-10;168;278;54600;41000;18.8;14.1
973;2021-07-11;102;163;54702;41163;18.8;14.2
973;2021-07-12;401;497;55103;41660;19.0;14.3
973;2021-07-13;680;560;55783;42220;19.2;14.5
973;2021-07-14;391;161;56174;42381;19.3;14.6
973;2021-07-15;649;527;56823;42908;19.5;14.8
973;2021-07-16;603;486;57426;43394;19.8;14.9
973;2021-07-17;347;285;57773;43679;19.9;15.0
973;2021-07-18;252;124;58025;43803;20.0;15.1
973;2021-07-19;523;457;58548;44260;20.1;15.2
973;2021-07-20;563;494;59111;44754;20.3;15.4
973;2021-07-21;696;398;59807;45152;20.6;15.5
973;2021-07-22;654;454;60461;45606;20.8;15.7
973;2021-07-23;603;369;61064;45975;21.0;15.8
973;2021-07-24;327;241;61391;46216;21.1;15.9
973;2021-07-25;166;111;61557;46327;21.2;15.9
973;2021-07-26;442;346;61999;46673;21.3;16.1
973;2021-07-27;543;359;62542;47032;21.5;16.2
973;2021-07-28;449;371;62991;47403;21.7;16.3
973;2021-07-29;536;431;63527;47834;21.9;16.5
973;2021-07-30;539;408;64066;48242;22.0;16.6
973;2021-07-31;204;163;64270;48405;22.1;16.7
973;2021-08-01;139;132;64409;48537;22.2;16.7
973;2021-08-02;397;432;64806;48969;22.3;16.8
973;2021-08-03;432;402;65238;49371;22.4;17.0
973;2021-08-04;308;372;65546;49743;22.5;17.1
973;2021-08-05;344;362;65890;50105;22.7;17.2
973;2021-08-06;366;527;66256;50632;22.8;17.4
973;2021-08-07;164;266;66420;50898;22.8;17.5
973;2021-08-08;123;177;66543;51075;22.9;17.6
973;2021-08-09;332;472;66875;51547;23.0;17.7
973;2021-08-10;363;515;67238;52062;23.1;17.9
973;2021-08-11;586;517;67824;52579;23.3;18.1
973;2021-08-12;550;583;68374;53162;23.5;18.3
973;2021-08-13;361;234;68735;53396;23.6;18.4
973;2021-08-14;256;402;68991;53798;23.7;18.5
973;2021-08-15;122;138;69113;53936;23.8;18.6
973;2021-08-16;307;471;69420;54407;23.9;18.7
973;2021-08-17;359;398;69779;54805;24.0;18.9
973;2021-08-18;299;441;70078;55246;24.1;19.0
973;2021-08-19;322;482;70400;55728;24.2;19.2
973;2021-08-20;308;400;70708;56128;24.3;19.3
973;2021-08-21;160;257;70868;56385;24.4;19.4
973;2021-08-22;114;183;70982;56568;24.4;19.5
973;2021-08-23;283;382;71265;56950;24.5;19.6
973;2021-08-24;307;465;71572;57415;24.6;19.8
973;2021-08-25;274;343;71846;57758;24.7;19.9
973;2021-08-26;309;404;72155;58162;24.8;20.0
973;2021-08-27;348;426;72503;58588;24.9;20.2
973;2021-08-28;141;267;72644;58855;25.0;20.2
973;2021-08-29;83;184;72727;59039;25.0;20.3
973;2021-08-30;218;349;72945;59388;25.1;20.4
973;2021-08-31;297;373;73242;59761;25.2;20.6
973;2021-09-01;252;399;73494;60160;25.3;20.7
973;2021-09-02;296;412;73790;60572;25.4;20.8
973;2021-09-03;274;353;74064;60925;25.5;21.0
973;2021-09-04;147;201;74211;61126;25.5;21.0
973;2021-09-05;70;93;74281;61219;25.6;21.1
973;2021-09-06;159;240;74440;61459;25.6;21.1
973;2021-09-07;188;262;74628;61721;25.7;21.2
973;2021-09-08;216;420;74844;62141;25.7;21.4
973;2021-09-09;212;310;75056;62451;25.8;21.5
973;2021-09-10;224;322;75280;62773;25.9;21.6
973;2021-09-11;124;295;75404;63068;25.9;21.7
973;2021-09-12;60;97;75464;63165;26.0;21.7
973;2021-09-13;199;224;75663;63389;26.0;21.8
974;2020-12-27;0;0;0;0;0.0;0.0
974;2020-12-28;0;0;0;0;0.0;0.0
974;2020-12-29;0;0;0;0;0.0;0.0
974;2020-12-30;0;0;0;0;0.0;0.0
974;2020-12-31;0;0;0;0;0.0;0.0
974;2021-01-01;1;0;1;0;0.0;0.0
974;2021-01-02;0;0;1;0;0.0;0.0
974;2021-01-03;0;0;1;0;0.0;0.0
974;2021-01-04;0;0;1;0;0.0;0.0
974;2021-01-05;2;0;3;0;0.0;0.0
974;2021-01-06;0;0;3;0;0.0;0.0
974;2021-01-07;0;0;3;0;0.0;0.0
974;2021-01-08;0;0;3;0;0.0;0.0
974;2021-01-09;1;0;4;0;0.0;0.0
974;2021-01-10;0;0;4;0;0.0;0.0
974;2021-01-11;0;0;4;0;0.0;0.0
974;2021-01-12;0;0;4;0;0.0;0.0
974;2021-01-13;0;0;4;0;0.0;0.0
974;2021-01-14;0;0;4;0;0.0;0.0
974;2021-01-15;333;0;337;0;0.0;0.0
974;2021-01-16;27;0;364;0;0.0;0.0
974;2021-01-17;0;0;364;0;0.0;0.0
974;2021-01-18;49;1;413;1;0.0;0.0
974;2021-01-19;394;0;807;1;0.1;0.0
974;2021-01-20;482;1;1289;2;0.1;0.0
974;2021-01-21;614;2;1903;4;0.2;0.0
974;2021-01-22;414;1;2317;5;0.3;0.0
974;2021-01-23;75;0;2392;5;0.3;0.0
974;2021-01-24;0;0;2392;5;0.3;0.0
974;2021-01-25;273;2;2665;7;0.3;0.0
974;2021-01-26;429;0;3094;7;0.4;0.0
974;2021-01-27;316;0;3410;7;0.4;0.0
974;2021-01-28;409;0;3819;7;0.4;0.0
974;2021-01-29;422;3;4241;10;0.5;0.0
974;2021-01-30;421;1;4662;11;0.5;0.0
974;2021-01-31;0;0;4662;11;0.5;0.0
974;2021-02-01;373;4;5035;15;0.6;0.0
974;2021-02-02;501;3;5536;18;0.6;0.0
974;2021-02-03;602;9;6138;27;0.7;0.0
974;2021-02-04;629;16;6767;43;0.8;0.0
974;2021-02-05;564;97;7331;140;0.9;0.0
974;2021-02-06;501;6;7832;146;0.9;0.0
974;2021-02-07;0;8;7832;154;0.9;0.0
974;2021-02-08;470;32;8302;186;1.0;0.0
974;2021-02-09;787;93;9089;279;1.1;0.0
974;2021-02-10;820;86;9909;365;1.2;0.0
974;2021-02-11;796;86;10705;451;1.2;0.1
974;2021-02-12;638;91;11343;542;1.3;0.1
974;2021-02-13;654;75;11997;617;1.4;0.1
974;2021-02-14;1;0;11998;617;1.4;0.1
974;2021-02-15;526;123;12524;740;1.5;0.1
974;2021-02-16;651;527;13175;1267;1.5;0.1
974;2021-02-17;593;311;13768;1578;1.6;0.2
974;2021-02-18;495;384;14263;1962;1.7;0.2
974;2021-02-19;497;305;14760;2267;1.7;0.3
974;2021-02-20;577;109;15337;2376;1.8;0.3
974;2021-02-21;0;0;15337;2376;1.8;0.3
974;2021-02-22;403;212;15740;2588;1.8;0.3
974;2021-02-23;608;202;16348;2790;1.9;0.3
974;2021-02-24;584;221;16932;3011;2.0;0.4
974;2021-02-25;649;247;17581;3258;2.0;0.4
974;2021-02-26;485;415;18066;3673;2.1;0.4
974;2021-02-27;384;403;18450;4076;2.1;0.5
974;2021-02-28;0;0;18450;4076;2.1;0.5
974;2021-03-01;293;333;18743;4409;2.2;0.5
974;2021-03-02;486;437;19229;4846;2.2;0.6
974;2021-03-03;757;496;19986;5342;2.3;0.6
974;2021-03-04;777;457;20763;5799;2.4;0.7
974;2021-03-05;729;473;21492;6272;2.5;0.7
974;2021-03-06;813;500;22305;6772;2.6;0.8
974;2021-03-07;0;0;22305;6772;2.6;0.8
974;2021-03-08;436;506;22741;7278;2.6;0.8
974;2021-03-09;671;745;23412;8023;2.7;0.9
974;2021-03-10;644;803;24056;8826;2.8;1.0
974;2021-03-11;701;605;24757;9431;2.9;1.1
974;2021-03-12;731;645;25488;10076;3.0;1.2
974;2021-03-13;669;584;26157;10660;3.0;1.2
974;2021-03-14;2;0;26159;10660;3.0;1.2
974;2021-03-15;509;488;26668;11148;3.1;1.3
974;2021-03-16;681;678;27349;11826;3.2;1.4
974;2021-03-17;848;516;28197;12342;3.3;1.4
974;2021-03-18;1021;493;29218;12835;3.4;1.5
974;2021-03-19;786;524;30004;13359;3.5;1.6
974;2021-03-20;578;586;30582;13945;3.6;1.6
974;2021-03-21;0;0;30582;13945;3.6;1.6
974;2021-03-22;566;460;31148;14405;3.6;1.7
974;2021-03-23;780;634;31928;15039;3.7;1.7
974;2021-03-24;792;641;32720;15680;3.8;1.8
974;2021-03-25;934;531;33654;16211;3.9;1.9
974;2021-03-26;923;447;34577;16658;4.0;1.9
974;2021-03-27;781;334;35358;16992;4.1;2.0
974;2021-03-28;1;0;35359;16992;4.1;2.0
974;2021-03-29;961;270;36320;17262;4.2;2.0
974;2021-03-30;884;494;37204;17756;4.3;2.1
974;2021-03-31;739;653;37943;18409;4.4;2.1
974;2021-04-01;718;705;38661;19114;4.5;2.2
974;2021-04-02;688;753;39349;19867;4.6;2.3
974;2021-04-03;699;697;40048;20564;4.7;2.4
974;2021-04-04;0;0;40048;20564;4.7;2.4
974;2021-04-05;0;0;40048;20564;4.7;2.4
974;2021-04-06;796;635;40844;21199;4.7;2.5
974;2021-04-07;1367;780;42211;21979;4.9;2.6
974;2021-04-08;1792;768;44003;22747;5.1;2.6
974;2021-04-09;1509;774;45512;23521;5.3;2.7
974;2021-04-10;1137;643;46649;24164;5.4;2.8
974;2021-04-11;2;0;46651;24164;5.4;2.8
974;2021-04-12;1238;546;47889;24710;5.6;2.9
974;2021-04-13;1439;750;49328;25460;5.7;3.0
974;2021-04-14;2070;767;51398;26227;6.0;3.0
974;2021-04-15;2506;954;53904;27181;6.3;3.2
974;2021-04-16;1936;783;55840;27964;6.5;3.3
974;2021-04-17;1290;603;57130;28567;6.6;3.3
974;2021-04-18;0;0;57130;28567;6.6;3.3
974;2021-04-19;1374;562;58504;29129;6.8;3.4
974;2021-04-20;1651;804;60155;29933;7.0;3.5
974;2021-04-21;2126;626;62281;30559;7.2;3.6
974;2021-04-22;2953;820;65234;31379;7.6;3.6
974;2021-04-23;2312;817;67546;32196;7.9;3.7
974;2021-04-24;1111;804;68657;33000;8.0;3.8
974;2021-04-25;3;0;68660;33000;8.0;3.8
974;2021-04-26;1173;913;69833;33913;8.1;3.9
974;2021-04-27;1686;1027;71519;34940;8.3;4.1
974;2021-04-28;2901;749;74420;35689;8.7;4.2
974;2021-04-29;3949;813;78369;36502;9.1;4.2
974;2021-04-30;3451;905;81820;37407;9.5;4.3
974;2021-05-01;2107;226;83927;37633;9.8;4.4
974;2021-05-02;1;0;83928;37633;9.8;4.4
974;2021-05-03;1865;575;85793;38208;10.0;4.4
974;2021-05-04;2127;1092;87920;39300;10.2;4.6
974;2021-05-05;3121;1642;91041;40942;10.6;4.8
974;2021-05-06;4004;1587;95045;42529;11.1;4.9
974;2021-05-07;3229;1524;98274;44053;11.4;5.1
974;2021-05-08;1578;504;99852;44557;11.6;5.2
974;2021-05-09;2;1;99854;44558;11.6;5.2
974;2021-05-10;2414;1001;102268;45559;11.9;5.3
974;2021-05-11;3652;1640;105920;47199;12.3;5.5
974;2021-05-12;4723;2404;110643;49603;12.9;5.8
974;2021-05-13;3557;598;114200;50201;13.3;5.8
974;2021-05-14;5277;2518;119477;52719;13.9;6.1
974;2021-05-15;3158;1536;122635;54255;14.3;6.3
974;2021-05-16;17;18;122652;54273;14.3;6.3
974;2021-05-17;2998;1497;125650;55770;14.6;6.5
974;2021-05-18;3765;1804;129415;57574;15.0;6.7
974;2021-05-19;4692;2433;134107;60007;15.6;7.0
974;2021-05-20;5138;2852;139245;62859;16.2;7.3
974;2021-05-21;4997;2632;144242;65491;16.8;7.6
974;2021-05-22;3371;1256;147613;66747;17.2;7.8
974;2021-05-23;6;3;147619;66750;17.2;7.8
974;2021-05-24;3644;1079;151263;67829;17.6;7.9
974;2021-05-25;4250;1914;155513;69743;18.1;8.1
974;2021-05-26;4992;2992;160505;72735;18.7;8.5
974;2021-05-27;4620;4100;165125;76835;19.2;8.9
974;2021-05-28;4386;3835;169511;80670;19.7;9.4
974;2021-05-29;2555;2457;172066;83127;20.0;9.7
974;2021-05-30;8;14;172074;83141;20.0;9.7
974;2021-05-31;2349;2248;174423;85389;20.3;9.9
974;2021-06-01;3302;2760;177725;88149;20.7;10.3
974;2021-06-02;3971;3364;181696;91513;21.1;10.6
974;2021-06-03;4044;3650;185740;95163;21.6;11.1
974;2021-06-04;3851;3758;189591;98921;22.0;11.5
974;2021-06-05;2214;1931;191805;100852;22.3;11.7
974;2021-06-06;1074;134;192879;100986;22.4;11.7
974;2021-06-07;2012;2526;194891;103512;22.7;12.0
974;2021-06-08;2558;3338;197449;106850;23.0;12.4
974;2021-06-09;2985;4837;200434;111687;23.3;13.0
974;2021-06-10;3412;4465;203846;116152;23.7;13.5
974;2021-06-11;2841;4621;206687;120773;24.0;14.0
974;2021-06-12;1727;3376;208414;124149;24.2;14.4
974;2021-06-13;1324;246;209738;124395;24.4;14.5
974;2021-06-14;1490;3183;211228;127578;24.6;14.8
974;2021-06-15;2060;3616;213288;131194;24.8;15.3
974;2021-06-16;2750;4657;216038;135851;25.1;15.8
974;2021-06-17;2522;4895;218560;140746;25.4;16.4
974;2021-06-18;2598;4893;221158;145639;25.7;16.9
974;2021-06-19;1303;3517;222461;149156;25.9;17.3
974;2021-06-20;632;289;223093;149445;25.9;17.4
974;2021-06-21;1265;3235;224358;152680;26.1;17.8
974;2021-06-22;1621;3762;225979;156442;26.3;18.2
974;2021-06-23;2257;4994;228236;161436;26.5;18.8
974;2021-06-24;2282;4069;230518;165505;26.8;19.2
974;2021-06-25;2188;4106;232706;169611;27.1;19.7
974;2021-06-26;1401;2712;234107;172323;27.2;20.0
974;2021-06-27;665;268;234772;172591;27.3;20.1
974;2021-06-28;1306;2479;236078;175070;27.5;20.4
974;2021-06-29;1758;2846;237836;177916;27.7;20.7
974;2021-06-30;2564;3847;240400;181763;28.0;21.1
974;2021-07-01;2700;3827;243100;185590;28.3;21.6
974;2021-07-02;2513;3711;245613;189301;28.6;22.0
974;2021-07-03;1614;2457;247227;191758;28.7;22.3
974;2021-07-04;881;1038;248108;192796;28.9;22.4
974;2021-07-05;1696;2221;249804;195017;29.0;22.7
974;2021-07-06;2575;2545;252379;197562;29.3;23.0
974;2021-07-07;2663;3134;255042;200696;29.7;23.3
974;2021-07-08;2418;3171;257460;203867;29.9;23.7
974;2021-07-09;2763;3429;260223;207296;30.3;24.1
974;2021-07-10;1619;2192;261842;209488;30.4;24.4
974;2021-07-11;729;1017;262571;210505;30.5;24.5
974;2021-07-12;1748;2604;264319;213109;30.7;24.8
974;2021-07-13;4430;3341;268749;216450;31.3;25.2
974;2021-07-14;3298;605;272047;217055;31.6;25.2
974;2021-07-15;5558;4020;277605;221075;32.3;25.7
974;2021-07-16;6243;3297;283848;224372;33.0;26.1
974;2021-07-17;4374;1913;288222;226285;33.5;26.3
974;2021-07-18;2673;765;290895;227050;33.8;26.4
974;2021-07-19;4651;2030;295546;229080;34.4;26.6
974;2021-07-20;6235;2425;301781;231505;35.1;26.9
974;2021-07-21;6747;2853;308528;234358;35.9;27.3
974;2021-07-22;7143;2821;315671;237179;36.7;27.6
974;2021-07-23;6640;2980;322311;240159;37.5;27.9
974;2021-07-24;3802;2064;326113;242223;37.9;28.2
974;2021-07-25;2522;754;328635;242977;38.2;28.3
974;2021-07-26;4374;2093;333009;245070;38.7;28.5
974;2021-07-27;5442;2560;338451;247630;39.4;28.8
974;2021-07-28;5395;2902;343846;250532;40.0;29.1
974;2021-07-29;5745;2807;349591;253339;40.7;29.5
974;2021-07-30;5875;2578;355466;255917;41.3;29.8
974;2021-07-31;3938;1648;359404;257565;41.8;30.0
974;2021-08-01;1906;713;361310;258278;42.0;30.0
974;2021-08-02;3411;1865;364721;260143;42.4;30.3
974;2021-08-03;4305;4072;369026;264215;42.9;30.7
974;2021-08-04;4875;4229;373901;268444;43.5;31.2
974;2021-08-05;4440;4663;378341;273107;44.0;31.8
974;2021-08-06;4084;5099;382425;278206;44.5;32.4
974;2021-08-07;2747;4042;385172;282248;44.8;32.8
974;2021-08-08;1481;2264;386653;284512;45.0;33.1
974;2021-08-09;2573;4521;389226;289033;45.3;33.6
974;2021-08-10;3791;4962;393017;293995;45.7;34.2
974;2021-08-11;4627;5447;397644;299442;46.2;34.8
974;2021-08-12;4715;5914;402359;305356;46.8;35.5
974;2021-08-13;4457;5824;406816;311180;47.3;36.2
974;2021-08-14;2606;4327;409422;315507;47.6;36.7
974;2021-08-15;1573;2175;410995;317682;47.8;36.9
974;2021-08-16;2346;4178;413341;321860;48.1;37.4
974;2021-08-17;3169;4531;416510;326391;48.4;38.0
974;2021-08-18;3343;5897;419853;332288;48.8;38.6
974;2021-08-19;3304;4904;423157;337192;49.2;39.2
974;2021-08-20;3423;5269;426580;342461;49.6;39.8
974;2021-08-21;1820;4615;428400;347076;49.8;40.4
974;2021-08-22;1020;1944;429420;349020;49.9;40.6
974;2021-08-23;1798;3326;431218;352346;50.1;41.0
974;2021-08-24;2442;3775;433660;356121;50.4;41.4
974;2021-08-25;2881;5213;436541;361334;50.8;42.0
974;2021-08-26;2655;3867;439196;365201;51.1;42.5
974;2021-08-27;2762;4001;441958;369202;51.4;42.9
974;2021-08-28;1840;3876;443798;373078;51.6;43.4
974;2021-08-29;749;1574;444547;374652;51.7;43.6
974;2021-08-30;1559;2532;446106;377184;51.9;43.9
974;2021-08-31;1843;3348;447949;380532;52.1;44.3
974;2021-09-01;2383;4903;450332;385435;52.4;44.8
974;2021-09-02;2234;4315;452566;389750;52.6;45.3
974;2021-09-03;2318;4534;454884;394284;52.9;45.8
974;2021-09-04;1578;3918;456462;398202;53.1;46.3
974;2021-09-05;604;1337;457066;399539;53.1;46.5
974;2021-09-06;1211;2550;458277;402089;53.3;46.8
974;2021-09-07;1359;3205;459636;405294;53.4;47.1
974;2021-09-08;2088;3955;461724;409249;53.7;47.6
974;2021-09-09;1783;3422;463507;412671;53.9;48.0
974;2021-09-10;1909;3812;465416;416483;54.1;48.4
974;2021-09-11;1500;2498;466916;418981;54.3;48.7
974;2021-09-12;389;970;467305;419951;54.3;48.8
974;2021-09-13;1061;1936;468366;421887;54.5;49.1
976;2020-12-27;0;0;0;0;0.0;0.0
976;2020-12-28;0;0;0;0;0.0;0.0
976;2020-12-29;0;0;0;0;0.0;0.0
976;2020-12-30;0;0;0;0;0.0;0.0
976;2020-12-31;0;0;0;0;0.0;0.0
976;2021-01-01;0;0;0;0;0.0;0.0
976;2021-01-02;0;0;0;0;0.0;0.0
976;2021-01-03;0;0;0;0;0.0;0.0
976;2021-01-04;0;0;0;0;0.0;0.0
976;2021-01-05;0;0;0;0;0.0;0.0
976;2021-01-06;0;0;0;0;0.0;0.0
976;2021-01-07;0;0;0;0;0.0;0.0
976;2021-01-08;0;0;0;0;0.0;0.0
976;2021-01-09;0;0;0;0;0.0;0.0
976;2021-01-10;0;0;0;0;0.0;0.0
976;2021-01-11;9;0;9;0;0.0;0.0
976;2021-01-12;0;0;9;0;0.0;0.0
976;2021-01-13;0;0;9;0;0.0;0.0
976;2021-01-14;0;0;9;0;0.0;0.0
976;2021-01-15;1;0;10;0;0.0;0.0
976;2021-01-16;1;0;11;0;0.0;0.0
976;2021-01-17;0;0;11;0;0.0;0.0
976;2021-01-18;1;0;12;0;0.0;0.0
976;2021-01-19;0;0;12;0;0.0;0.0
976;2021-01-20;0;0;12;0;0.0;0.0
976;2021-01-21;1;1;13;1;0.0;0.0
976;2021-01-22;0;0;13;1;0.0;0.0
976;2021-01-23;1;0;14;1;0.0;0.0
976;2021-01-24;0;0;14;1;0.0;0.0
976;2021-01-25;143;3;157;4;0.1;0.0
976;2021-01-26;167;2;324;6;0.1;0.0
976;2021-01-27;250;3;574;9;0.2;0.0
976;2021-01-28;102;7;676;16;0.2;0.0
976;2021-01-29;231;3;907;19;0.3;0.0
976;2021-01-30;285;11;1192;30;0.4;0.0
976;2021-01-31;1;0;1193;30;0.4;0.0
976;2021-02-01;161;2;1354;32;0.5;0.0
976;2021-02-02;330;11;1684;43;0.6;0.0
976;2021-02-03;228;3;1912;46;0.7;0.0
976;2021-02-04;216;9;2128;55;0.8;0.0
976;2021-02-05;213;0;2341;55;0.8;0.0
976;2021-02-06;83;10;2424;65;0.9;0.0
976;2021-02-07;0;0;2424;65;0.9;0.0
976;2021-02-08;82;3;2506;68;0.9;0.0
976;2021-02-09;194;1;2700;69;1.0;0.0
976;2021-02-10;187;5;2887;74;1.0;0.0
976;2021-02-11;236;4;3123;78;1.1;0.0
976;2021-02-12;289;4;3412;82;1.2;0.0
976;2021-02-13;56;0;3468;82;1.2;0.0
976;2021-02-14;1;0;3469;82;1.2;0.0
976;2021-02-15;360;7;3829;89;1.4;0.0
976;2021-02-16;266;9;4095;98;1.5;0.0
976;2021-02-17;167;9;4262;107;1.5;0.0
976;2021-02-18;218;14;4480;121;1.6;0.0
976;2021-02-19;237;24;4717;145;1.7;0.1
976;2021-02-20;139;9;4856;154;1.7;0.1
976;2021-02-21;0;0;4856;154;1.7;0.1
976;2021-02-22;130;117;4986;271;1.8;0.1
976;2021-02-23;185;152;5171;423;1.9;0.2
976;2021-02-24;176;145;5347;568;1.9;0.2
976;2021-02-25;227;273;5574;841;2.0;0.3
976;2021-02-26;242;245;5816;1086;2.1;0.4
976;2021-02-27;0;0;5816;1086;2.1;0.4
976;2021-02-28;0;0;5816;1086;2.1;0.4
976;2021-03-01;146;258;5962;1344;2.1;0.5
976;2021-03-02;229;259;6191;1603;2.2;0.6
976;2021-03-03;202;189;6393;1792;2.3;0.6
976;2021-03-04;205;144;6598;1936;2.4;0.7
976;2021-03-05;224;116;6822;2052;2.4;0.7
976;2021-03-06;1;0;6823;2052;2.4;0.7
976;2021-03-07;1;0;6824;2052;2.4;0.7
976;2021-03-08;189;111;7013;2163;2.5;0.8
976;2021-03-09;391;162;7404;2325;2.6;0.8
976;2021-03-10;180;178;7584;2503;2.7;0.9
976;2021-03-11;167;207;7751;2710;2.8;1.0
976;2021-03-12;237;294;7988;3004;2.9;1.1
976;2021-03-13;3;0;7991;3004;2.9;1.1
976;2021-03-14;0;0;7991;3004;2.9;1.1
976;2021-03-15;157;295;8148;3299;2.9;1.2
976;2021-03-16;238;226;8386;3525;3.0;1.3
976;2021-03-17;264;145;8650;3670;3.1;1.3
976;2021-03-18;174;236;8824;3906;3.2;1.4
976;2021-03-19;173;297;8997;4203;3.2;1.5
976;2021-03-20;0;0;8997;4203;3.2;1.5
976;2021-03-21;0;0;8997;4203;3.2;1.5
976;2021-03-22;97;136;9094;4339;3.3;1.6
976;2021-03-23;136;239;9230;4578;3.3;1.6
976;2021-03-24;160;146;9390;4724;3.4;1.7
976;2021-03-25;185;206;9575;4930;3.4;1.8
976;2021-03-26;160;212;9735;5142;3.5;1.8
976;2021-03-27;18;0;9753;5142;3.5;1.8
976;2021-03-28;1;0;9754;5142;3.5;1.8
976;2021-03-29;0;2;9754;5144;3.5;1.8
976;2021-03-30;273;336;10027;5480;3.6;2.0
976;2021-03-31;225;125;10252;5605;3.7;2.0
976;2021-04-01;246;104;10498;5709;3.8;2.0
976;2021-04-02;289;262;10787;5971;3.9;2.1
976;2021-04-03;905;310;11692;6281;4.2;2.2
976;2021-04-04;2;0;11694;6281;4.2;2.2
976;2021-04-05;1;0;11695;6281;4.2;2.2
976;2021-04-06;162;277;11857;6558;4.2;2.3
976;2021-04-07;237;266;12094;6824;4.3;2.4
976;2021-04-08;284;139;12378;6963;4.4;2.5
976;2021-04-09;249;171;12627;7134;4.5;2.6
976;2021-04-10;181;114;12808;7248;4.6;2.6
976;2021-04-11;7;0;12815;7248;4.6;2.6
976;2021-04-12;0;18;12815;7266;4.6;2.6
976;2021-04-13;394;345;13209;7611;4.7;2.7
976;2021-04-14;239;205;13448;7816;4.8;2.8
976;2021-04-15;209;117;13657;7933;4.9;2.8
976;2021-04-16;214;127;13871;8060;5.0;2.9
976;2021-04-17;226;131;14097;8191;5.0;2.9
976;2021-04-18;1;0;14098;8191;5.0;2.9
976;2021-04-19;7;1;14105;8192;5.0;2.9
976;2021-04-20;369;222;14474;8414;5.2;3.0
976;2021-04-21;412;150;14886;8564;5.3;3.1
976;2021-04-22;410;150;15296;8714;5.5;3.1
976;2021-04-23;367;166;15663;8880;5.6;3.2
976;2021-04-24;413;128;16076;9008;5.8;3.2
976;2021-04-25;2;0;16078;9008;5.8;3.2
976;2021-04-26;55;8;16133;9016;5.8;3.2
976;2021-04-27;351;293;16484;9309;5.9;3.3
976;2021-04-28;357;513;16841;9822;6.0;3.5
976;2021-04-29;559;344;17400;10166;6.2;3.6
976;2021-04-30;408;238;17808;10404;6.4;3.7
976;2021-05-01;673;286;18481;10690;6.6;3.8
976;2021-05-02;0;0;18481;10690;6.6;3.8
976;2021-05-03;141;6;18622;10696;6.7;3.8
976;2021-05-04;354;426;18976;11122;6.8;4.0
976;2021-05-05;448;318;19424;11440;7.0;4.1
976;2021-05-06;320;202;19744;11642;7.1;4.2
976;2021-05-07;341;133;20085;11775;7.2;4.2
976;2021-05-08;307;141;20392;11916;7.3;4.3
976;2021-05-09;0;0;20392;11916;7.3;4.3
976;2021-05-10;9;9;20401;11925;7.3;4.3
976;2021-05-11;363;491;20764;12416;7.4;4.4
976;2021-05-12;334;310;21098;12726;7.5;4.6
976;2021-05-13;126;96;21224;12822;7.6;4.6
976;2021-05-14;0;0;21224;12822;7.6;4.6
976;2021-05-15;486;282;21710;13104;7.8;4.7
976;2021-05-16;1;0;21711;13104;7.8;4.7
976;2021-05-17;124;51;21835;13155;7.8;4.7
976;2021-05-18;517;430;22352;13585;8.0;4.9
976;2021-05-19;653;663;23005;14248;8.2;5.1
976;2021-05-20;1060;498;24065;14746;8.6;5.3
976;2021-05-21;1047;313;25112;15059;9.0;5.4
976;2021-05-22;1243;299;26355;15358;9.4;5.5
976;2021-05-23;0;0;26355;15358;9.4;5.5
976;2021-05-24;1;0;26356;15358;9.4;5.5
976;2021-05-25;890;623;27246;15981;9.7;5.7
976;2021-05-26;1036;842;28282;16823;10.1;6.0
976;2021-05-27;1326;514;29608;17337;10.6;6.2
976;2021-05-28;958;375;30566;17712;10.9;6.3
976;2021-05-29;1131;392;31697;18104;11.3;6.5
976;2021-05-30;1;1;31698;18105;11.3;6.5
976;2021-05-31;105;6;31803;18111;11.4;6.5
976;2021-06-01;1154;652;32957;18763;11.8;6.7
976;2021-06-02;1242;530;34199;19293;12.2;6.9
976;2021-06-03;815;354;35014;19647;12.5;7.0
976;2021-06-04;1003;324;36017;19971;12.9;7.1
976;2021-06-05;679;299;36696;20270;13.1;7.3
976;2021-06-06;1;0;36697;20270;13.1;7.3
976;2021-06-07;91;12;36788;20282;13.2;7.3
976;2021-06-08;962;444;37750;20726;13.5;7.4
976;2021-06-09;972;550;38722;21276;13.9;7.6
976;2021-06-10;703;232;39425;21508;14.1;7.7
976;2021-06-11;851;365;40276;21873;14.4;7.8
976;2021-06-12;585;276;40861;22149;14.6;7.9
976;2021-06-13;2;0;40863;22149;14.6;7.9
976;2021-06-14;187;112;41050;22261;14.7;8.0
976;2021-06-15;416;839;41466;23100;14.8;8.3
976;2021-06-16;893;1442;42359;24542;15.2;8.8
976;2021-06-17;802;660;43161;25202;15.4;9.0
976;2021-06-18;710;621;43871;25823;15.7;9.2
976;2021-06-19;538;644;44409;26467;15.9;9.5
976;2021-06-20;1;0;44410;26467;15.9;9.5
976;2021-06-21;128;132;44538;26599;15.9;9.5
976;2021-06-22;431;1150;44969;27749;16.1;9.9
976;2021-06-23;689;1187;45658;28936;16.3;10.4
976;2021-06-24;481;546;46139;29482;16.5;10.5
976;2021-06-25;547;479;46686;29961;16.7;10.7
976;2021-06-26;391;693;47077;30654;16.8;11.0
976;2021-06-27;1;0;47078;30654;16.8;11.0
976;2021-06-28;108;191;47186;30845;16.9;11.0
976;2021-06-29;744;974;47930;31819;17.2;11.4
976;2021-06-30;709;947;48639;32766;17.4;11.7
976;2021-07-01;582;547;49221;33313;17.6;11.9
976;2021-07-02;453;431;49674;33744;17.8;12.1
976;2021-07-03;445;423;50119;34167;17.9;12.2
976;2021-07-04;2;0;50121;34167;17.9;12.2
976;2021-07-05;121;224;50242;34391;18.0;12.3
976;2021-07-06;503;865;50745;35256;18.2;12.6
976;2021-07-07;771;1016;51516;36272;18.4;13.0
976;2021-07-08;831;637;52347;36909;18.7;13.2
976;2021-07-09;791;519;53138;37428;19.0;13.4
976;2021-07-10;441;320;53579;37748;19.2;13.5
976;2021-07-11;0;0;53579;37748;19.2;13.5
976;2021-07-12;165;172;53744;37920;19.2;13.6
976;2021-07-13;857;1000;54601;38920;19.5;13.9
976;2021-07-14;0;5;54601;38925;19.5;13.9
976;2021-07-15;1230;816;55831;39741;20.0;14.2
976;2021-07-16;1309;659;57140;40400;20.4;14.5
976;2021-07-17;1049;377;58189;40777;20.8;14.6
976;2021-07-18;0;0;58189;40777;20.8;14.6
976;2021-07-19;206;134;58395;40911;20.9;14.6
976;2021-07-20;1160;878;59555;41789;21.3;15.0
976;2021-07-21;35;29;59590;41818;21.3;15.0
976;2021-07-22;1127;665;60717;42483;21.7;15.2
976;2021-07-23;1210;546;61927;43029;22.2;15.4
976;2021-07-24;863;439;62790;43468;22.5;15.6
976;2021-07-25;2;0;62792;43468;22.5;15.6
976;2021-07-26;181;36;62973;43504;22.5;15.6
976;2021-07-27;1146;826;64119;44330;22.9;15.9
976;2021-07-28;1042;636;65161;44966;23.3;16.1
976;2021-07-29;1243;569;66404;45535;23.8;16.3
976;2021-07-30;1216;411;67620;45946;24.2;16.4
976;2021-07-31;768;277;68388;46223;24.5;16.5
976;2021-08-01;5;3;68393;46226;24.5;16.5
976;2021-08-02;322;176;68715;46402;24.6;16.6
976;2021-08-03;1512;938;70227;47340;25.1;16.9
976;2021-08-04;1840;810;72067;48150;25.8;17.2
976;2021-08-05;1474;503;73541;48653;26.3;17.4
976;2021-08-06;1694;507;75235;49160;26.9;17.6
976;2021-08-07;922;356;76157;49516;27.3;17.7
976;2021-08-08;7;1;76164;49517;27.3;17.7
976;2021-08-09;525;236;76689;49753;27.4;17.8
976;2021-08-10;1645;1380;78334;51133;28.0;18.3
976;2021-08-11;2044;1241;80378;52374;28.8;18.7
976;2021-08-12;1706;615;82084;52989;29.4;19.0
976;2021-08-13;1565;530;83649;53519;29.9;19.2
976;2021-08-14;833;454;84482;53973;30.2;19.3
976;2021-08-15;0;0;84482;53973;30.2;19.3
976;2021-08-16;559;291;85041;54264;30.4;19.4
976;2021-08-17;1804;1301;86845;55565;31.1;19.9
976;2021-08-18;2202;1222;89047;56787;31.9;20.3
976;2021-08-19;1946;549;90993;57336;32.6;20.5
976;2021-08-20;1744;543;92737;57879;33.2;20.7
976;2021-08-21;1037;520;93774;58399;33.6;20.9
976;2021-08-22;7;0;93781;58399;33.6;20.9
976;2021-08-23;510;270;94291;58669;33.7;21.0
976;2021-08-24;1029;1007;95320;59676;34.1;21.4
976;2021-08-25;1059;1290;96379;60966;34.5;21.8
976;2021-08-26;885;571;97264;61537;34.8;22.0
976;2021-08-27;725;561;97989;62098;35.1;22.2
976;2021-08-28;466;854;98455;62952;35.2;22.5
976;2021-08-29;0;12;98455;62964;35.2;22.5
976;2021-08-30;142;256;98597;63220;35.3;22.6
976;2021-08-31;638;1161;99235;64381;35.5;23.0
976;2021-09-01;753;1392;99988;65773;35.8;23.5
976;2021-09-02;835;900;100823;66673;36.1;23.9
976;2021-09-03;893;1291;101716;67964;36.4;24.3
976;2021-09-04;427;994;102143;68958;36.5;24.7
976;2021-09-05;0;1;102143;68959;36.5;24.7
976;2021-09-06;442;401;102585;69360;36.7;24.8
976;2021-09-07;659;698;103244;70058;36.9;25.1
976;2021-09-08;1042;1262;104286;71320;37.3;25.5
976;2021-09-09;806;1012;105092;72332;37.6;25.9
976;2021-09-10;950;1077;106042;73409;37.9;26.3
976;2021-09-11;497;1035;106539;74444;38.1;26.6
976;2021-09-12;0;32;106539;74476;38.1;26.6
976;2021-09-13;484;608;107023;75084;38.3;26.9
977;2020-12-27;0;0;0;0;0.0;0.0
977;2020-12-28;0;0;0;0;0.0;0.0
977;2020-12-29;0;0;0;0;0.0;0.0
977;2020-12-30;0;0;0;0;0.0;0.0
977;2020-12-31;0;0;0;0;0.0;0.0
977;2021-01-01;0;0;0;0;0.0;0.0
977;2021-01-02;0;0;0;0;0.0;0.0
977;2021-01-03;0;0;0;0;0.0;0.0
977;2021-01-04;0;0;0;0;0.0;0.0
977;2021-01-05;0;0;0;0;0.0;0.0
977;2021-01-06;0;0;0;0;0.0;0.0
977;2021-01-07;0;0;0;0;0.0;0.0
977;2021-01-08;0;0;0;0;0.0;0.0
977;2021-01-09;0;0;0;0;0.0;0.0
977;2021-01-10;0;0;0;0;0.0;0.0
977;2021-01-11;0;0;0;0;0.0;0.0
977;2021-01-12;0;0;0;0;0.0;0.0
977;2021-01-13;0;0;0;0;0.0;0.0
977;2021-01-14;0;0;0;0;0.0;0.0
977;2021-01-15;0;0;0;0;0.0;0.0
977;2021-01-16;0;0;0;0;0.0;0.0
977;2021-01-17;0;0;0;0;0.0;0.0
977;2021-01-18;1;0;1;0;0.0;0.0
977;2021-01-19;0;0;1;0;0.0;0.0
977;2021-01-20;0;0;1;0;0.0;0.0
977;2021-01-21;12;0;13;0;0.1;0.0
977;2021-01-22;12;0;25;0;0.3;0.0
977;2021-01-23;0;0;25;0;0.3;0.0
977;2021-01-24;0;0;25;0;0.3;0.0
977;2021-01-25;0;0;25;0;0.3;0.0
977;2021-01-26;0;0;25;0;0.3;0.0
977;2021-01-27;12;0;37;0;0.4;0.0
977;2021-01-28;1;0;38;0;0.4;0.0
977;2021-01-29;6;0;44;0;0.4;0.0
977;2021-01-30;0;0;44;0;0.4;0.0
977;2021-01-31;0;0;44;0;0.4;0.0
977;2021-02-01;0;0;44;0;0.4;0.0
977;2021-02-02;0;0;44;0;0.4;0.0
977;2021-02-03;11;0;55;0;0.6;0.0
977;2021-02-04;12;0;67;0;0.7;0.0
977;2021-02-05;11;0;78;0;0.8;0.0
977;2021-02-06;0;0;78;0;0.8;0.0
977;2021-02-07;0;0;78;0;0.8;0.0
977;2021-02-08;0;0;78;0;0.8;0.0
977;2021-02-09;14;0;92;0;0.9;0.0
977;2021-02-10;0;0;92;0;0.9;0.0
977;2021-02-11;18;0;110;0;1.1;0.0
977;2021-02-12;46;0;156;0;1.6;0.0
977;2021-02-13;0;0;156;0;1.6;0.0
977;2021-02-14;0;0;156;0;1.6;0.0
977;2021-02-15;0;0;156;0;1.6;0.0
977;2021-02-16;0;0;156;0;1.6;0.0
977;2021-02-17;0;0;156;0;1.6;0.0
977;2021-02-18;18;0;174;0;1.7;0.0
977;2021-02-19;35;0;209;0;2.1;0.0
977;2021-02-20;0;0;209;0;2.1;0.0
977;2021-02-21;0;0;209;0;2.1;0.0
977;2021-02-22;0;0;209;0;2.1;0.0
977;2021-02-23;0;18;209;18;2.1;0.2
977;2021-02-24;0;0;209;18;2.1;0.2
977;2021-02-25;15;5;224;23;2.2;0.2
977;2021-02-26;33;18;257;41;2.6;0.4
977;2021-02-27;0;0;257;41;2.6;0.4
977;2021-02-28;0;0;257;41;2.6;0.4
977;2021-03-01;0;0;257;41;2.6;0.4
977;2021-03-02;19;11;276;52;2.8;0.5
977;2021-03-03;0;0;276;52;2.8;0.5
977;2021-03-04;16;9;292;61;2.9;0.6
977;2021-03-05;35;16;327;77;3.3;0.8
977;2021-03-06;0;0;327;77;3.3;0.8
977;2021-03-07;0;0;327;77;3.3;0.8
977;2021-03-08;0;0;327;77;3.3;0.8
977;2021-03-09;1;0;328;77;3.3;0.8
977;2021-03-10;0;0;328;77;3.3;0.8
977;2021-03-11;20;26;348;103;3.5;1.0
977;2021-03-12;62;41;410;144;4.1;1.4
977;2021-03-13;0;0;410;144;4.1;1.4
977;2021-03-14;0;0;410;144;4.1;1.4
977;2021-03-15;0;0;410;144;4.1;1.4
977;2021-03-16;30;10;440;154;4.4;1.5
977;2021-03-17;0;0;440;154;4.4;1.5
977;2021-03-18;30;16;470;170;4.7;1.7
977;2021-03-19;58;27;528;197;5.3;2.0
977;2021-03-20;0;0;528;197;5.3;2.0
977;2021-03-21;0;0;528;197;5.3;2.0
977;2021-03-22;0;0;528;197;5.3;2.0
977;2021-03-23;0;0;528;197;5.3;2.0
977;2021-03-24;0;0;528;197;5.3;2.0
977;2021-03-25;65;17;593;214;6.0;2.1
977;2021-03-26;73;26;666;240;6.7;2.4
977;2021-03-27;0;0;666;240;6.7;2.4
977;2021-03-28;0;0;666;240;6.7;2.4
977;2021-03-29;0;0;666;240;6.7;2.4
977;2021-03-30;40;17;706;257;7.1;2.6
977;2021-03-31;26;14;732;271;7.3;2.7
977;2021-04-01;25;32;757;303;7.6;3.0
977;2021-04-02;0;0;757;303;7.6;3.0
977;2021-04-03;0;0;757;303;7.6;3.0
977;2021-04-04;0;0;757;303;7.6;3.0
977;2021-04-05;9;0;766;303;7.7;3.0
977;2021-04-06;0;0;766;303;7.7;3.0
977;2021-04-07;0;0;766;303;7.7;3.0
977;2021-04-08;57;46;823;349;8.3;3.5
977;2021-04-09;58;31;881;380;8.8;3.8
977;2021-04-10;0;0;881;380;8.8;3.8
977;2021-04-11;0;0;881;380;8.8;3.8
977;2021-04-12;0;0;881;380;8.8;3.8
977;2021-04-13;0;0;881;380;8.8;3.8
977;2021-04-14;5;5;886;385;8.9;3.9
977;2021-04-15;57;70;943;455;9.5;4.6
977;2021-04-16;90;35;1033;490;10.4;4.9
977;2021-04-17;0;1;1033;491;10.4;4.9
977;2021-04-18;0;0;1033;491;10.4;4.9
977;2021-04-19;1;0;1034;491;10.4;4.9
977;2021-04-20;335;62;1369;553;13.7;5.6
977;2021-04-21;337;30;1706;583;17.1;5.9
977;2021-04-22;284;47;1990;630;20.0;6.3
977;2021-04-23;260;42;2250;672;22.6;6.7
977;2021-04-24;231;1;2481;673;24.9;6.8
977;2021-04-25;0;0;2481;673;24.9;6.8
977;2021-04-26;283;19;2764;692;27.7;6.9
977;2021-04-27;224;67;2988;759;30.0;7.6
977;2021-04-28;192;26;3180;785;31.9;7.9
977;2021-04-29;170;23;3350;808;33.6;8.1
977;2021-04-30;172;17;3522;825;35.4;8.3
977;2021-05-01;203;11;3725;836;37.4;8.4
977;2021-05-02;0;0;3725;836;37.4;8.4
977;2021-05-03;135;9;3860;845;38.8;8.5
977;2021-05-04;161;54;4021;899;40.4;9.0
977;2021-05-05;221;28;4242;927;42.6;9.3
977;2021-05-06;175;33;4417;960;44.3;9.6
977;2021-05-07;149;32;4566;992;45.8;10.0
977;2021-05-08;1;0;4567;992;45.8;10.0
977;2021-05-09;0;0;4567;992;45.8;10.0
977;2021-05-10;0;0;4567;992;45.8;10.0
977;2021-05-11;3;41;4570;1033;45.9;10.4
977;2021-05-12;6;36;4576;1069;45.9;10.7
977;2021-05-13;0;0;4576;1069;45.9;10.7
977;2021-05-14;28;98;4604;1167;46.2;11.7
977;2021-05-15;0;0;4604;1167;46.2;11.7
977;2021-05-16;1;0;4605;1167;46.2;11.7
977;2021-05-17;1;14;4606;1181;46.2;11.9
977;2021-05-18;17;32;4623;1213;46.4;12.2
977;2021-05-19;1;2;4624;1215;46.4;12.2
977;2021-05-20;0;8;4624;1223;46.4;12.3
977;2021-05-21;12;31;4636;1254;46.5;12.6
977;2021-05-22;0;0;4636;1254;46.5;12.6
977;2021-05-23;0;0;4636;1254;46.5;12.6
977;2021-05-24;0;0;4636;1254;46.5;12.6
977;2021-05-25;50;331;4686;1585;47.0;15.9
977;2021-05-26;54;360;4740;1945;47.6;19.5
977;2021-05-27;34;317;4774;2262;47.9;22.7
977;2021-05-28;27;256;4801;2518;48.2;25.3
977;2021-05-29;35;375;4836;2893;48.5;29.0
977;2021-05-30;1;0;4837;2893;48.6;29.0
977;2021-05-31;45;216;4882;3109;49.0;31.2
977;2021-06-01;48;227;4930;3336;49.5;33.5
977;2021-06-02;69;273;4999;3609;50.2;36.2
977;2021-06-03;42;252;5041;3861;50.6;38.8
977;2021-06-04;81;270;5122;4131;51.4;41.5
977;2021-06-05;1;0;5123;4131;51.4;41.5
977;2021-06-06;0;0;5123;4131;51.4;41.5
977;2021-06-07;1;1;5124;4132;51.4;41.5
977;2021-06-08;8;2;5132;4134;51.5;41.5
977;2021-06-09;0;3;5132;4137;51.5;41.5
977;2021-06-10;8;4;5140;4141;51.6;41.6
977;2021-06-11;4;8;5144;4149;51.6;41.7
977;2021-06-12;16;59;5160;4208;51.8;42.2
977;2021-06-13;0;0;5160;4208;51.8;42.2
977;2021-06-14;0;0;5160;4208;51.8;42.2
977;2021-06-15;0;1;5160;4209;51.8;42.3
977;2021-06-16;0;0;5160;4209;51.8;42.3
977;2021-06-17;2;6;5162;4215;51.8;42.3
977;2021-06-18;0;2;5162;4217;51.8;42.3
977;2021-06-19;25;49;5187;4266;52.1;42.8
977;2021-06-20;0;0;5187;4266;52.1;42.8
977;2021-06-21;1;2;5188;4268;52.1;42.8
977;2021-06-22;9;0;5197;4268;52.2;42.8
977;2021-06-23;15;9;5212;4277;52.3;42.9
977;2021-06-24;10;5;5222;4282;52.4;43.0
977;2021-06-25;0;0;5222;4282;52.4;43.0
977;2021-06-26;25;45;5247;4327;52.7;43.4
977;2021-06-27;0;0;5247;4327;52.7;43.4
977;2021-06-28;0;0;5247;4327;52.7;43.4
977;2021-06-29;0;0;5247;4327;52.7;43.4
977;2021-06-30;0;0;5247;4327;52.7;43.4
977;2021-07-01;28;36;5275;4363;53.0;43.8
977;2021-07-02;26;31;5301;4394;53.2;44.1
977;2021-07-03;30;215;5331;4609;53.5;46.3
977;2021-07-04;0;0;5331;4609;53.5;46.3
977;2021-07-05;4;8;5335;4617;53.6;46.4
977;2021-07-06;0;0;5335;4617;53.6;46.4
977;2021-07-07;8;0;5343;4617;53.6;46.4
977;2021-07-08;33;23;5376;4640;54.0;46.6
977;2021-07-09;23;31;5399;4671;54.2;46.9
977;2021-07-10;33;45;5432;4716;54.5;47.3
977;2021-07-11;0;0;5432;4716;54.5;47.3
977;2021-07-12;0;1;5432;4717;54.5;47.4
977;2021-07-13;10;10;5442;4727;54.6;47.5
977;2021-07-14;0;0;5442;4727;54.6;47.5
977;2021-07-15;1;11;5443;4738;54.6;47.6
977;2021-07-16;44;51;5487;4789;55.1;48.1
977;2021-07-17;34;39;5521;4828;55.4;48.5
977;2021-07-18;1;0;5522;4828;55.4;48.5
977;2021-07-19;3;2;5525;4830;55.5;48.5
977;2021-07-20;3;1;5528;4831;55.5;48.5
977;2021-07-21;33;16;5561;4847;55.8;48.7
977;2021-07-22;36;33;5597;4880;56.2;49.0
977;2021-07-23;32;29;5629;4909;56.5;49.3
977;2021-07-24;43;26;5672;4935;56.9;49.5
977;2021-07-25;0;0;5672;4935;56.9;49.5
977;2021-07-26;13;9;5685;4944;57.1;49.6
977;2021-07-27;0;10;5685;4954;57.1;49.7
977;2021-07-28;31;14;5716;4968;57.4;49.9
977;2021-07-29;33;32;5749;5000;57.7;50.2
977;2021-07-30;31;28;5780;5028;58.0;50.5
977;2021-07-31;53;24;5833;5052;58.6;50.7
977;2021-08-01;0;0;5833;5052;58.6;50.7
977;2021-08-02;11;1;5844;5053;58.7;50.7
977;2021-08-03;0;0;5844;5053;58.7;50.7
977;2021-08-04;41;14;5885;5067;59.1;50.9
977;2021-08-05;28;30;5913;5097;59.4;51.2
977;2021-08-06;35;35;5948;5132;59.7;51.5
977;2021-08-07;56;25;6004;5157;60.3;51.8
977;2021-08-08;0;0;6004;5157;60.3;51.8
977;2021-08-09;7;5;6011;5162;60.3;51.8
977;2021-08-10;15;9;6026;5171;60.5;51.9
977;2021-08-11;36;18;6062;5189;60.9;52.1
977;2021-08-12;24;30;6086;5219;61.1;52.4
977;2021-08-13;32;14;6118;5233;61.4;52.5
977;2021-08-14;20;26;6138;5259;61.6;52.8
977;2021-08-15;0;0;6138;5259;61.6;52.8
977;2021-08-16;14;29;6152;5288;61.8;53.1
977;2021-08-17;15;8;6167;5296;61.9;53.2
977;2021-08-18;25;28;6192;5324;62.2;53.4
977;2021-08-19;31;36;6223;5360;62.5;53.8
977;2021-08-20;27;41;6250;5401;62.7;54.2
977;2021-08-21;34;41;6284;5442;63.1;54.6
977;2021-08-22;6;0;6290;5442;63.1;54.6
977;2021-08-23;3;11;6293;5453;63.2;54.7
977;2021-08-24;8;3;6301;5456;63.3;54.8
977;2021-08-25;20;37;6321;5493;63.5;55.1
977;2021-08-26;27;41;6348;5534;63.7;55.6
977;2021-08-27;27;35;6375;5569;64.0;55.9
977;2021-08-28;27;56;6402;5625;64.3;56.5
977;2021-08-29;0;0;6402;5625;64.3;56.5
977;2021-08-30;1;4;6403;5629;64.3;56.5
977;2021-08-31;1;2;6404;5631;64.3;56.5
977;2021-09-01;10;28;6414;5659;64.4;56.8
977;2021-09-02;22;35;6436;5694;64.6;57.2
977;2021-09-03;26;25;6462;5719;64.9;57.4
977;2021-09-04;37;47;6499;5766;65.2;57.9
977;2021-09-05;0;0;6499;5766;65.2;57.9
977;2021-09-06;4;16;6503;5782;65.3;58.0
977;2021-09-07;1;4;6504;5786;65.3;58.1
977;2021-09-08;12;13;6516;5799;65.4;58.2
977;2021-09-09;20;35;6536;5834;65.6;58.6
977;2021-09-10;6;31;6542;5865;65.7;58.9
977;2021-09-11;36;31;6578;5896;66.0;59.2
977;2021-09-12;0;6;6578;5902;66.0;59.3
977;2021-09-13;4;4;6582;5906;66.1;59.3
978;2020-12-27;0;0;0;0;0.0;0.0
978;2020-12-28;0;0;0;0;0.0;0.0
978;2020-12-29;0;0;0;0;0.0;0.0
978;2020-12-30;0;0;0;0;0.0;0.0
978;2020-12-31;0;0;0;0;0.0;0.0
978;2021-01-01;0;0;0;0;0.0;0.0
978;2021-01-02;0;0;0;0;0.0;0.0
978;2021-01-03;0;0;0;0;0.0;0.0
978;2021-01-04;0;0;0;0;0.0;0.0
978;2021-01-05;0;0;0;0;0.0;0.0
978;2021-01-06;0;0;0;0;0.0;0.0
978;2021-01-07;0;0;0;0;0.0;0.0
978;2021-01-08;0;0;0;0;0.0;0.0
978;2021-01-09;0;0;0;0;0.0;0.0
978;2021-01-10;0;0;0;0;0.0;0.0
978;2021-01-11;0;0;0;0;0.0;0.0
978;2021-01-12;0;0;0;0;0.0;0.0
978;2021-01-13;10;0;10;0;0.0;0.0
978;2021-01-14;12;0;22;0;0.1;0.0
978;2021-01-15;9;0;31;0;0.1;0.0
978;2021-01-16;0;0;31;0;0.1;0.0
978;2021-01-17;0;0;31;0;0.1;0.0
978;2021-01-18;0;0;31;0;0.1;0.0
978;2021-01-19;12;0;43;0;0.1;0.0
978;2021-01-20;13;0;56;0;0.2;0.0
978;2021-01-21;6;0;62;0;0.2;0.0
978;2021-01-22;0;0;62;0;0.2;0.0
978;2021-01-23;0;0;62;0;0.2;0.0
978;2021-01-24;0;0;62;0;0.2;0.0
978;2021-01-25;0;0;62;0;0.2;0.0
978;2021-01-26;9;0;71;0;0.2;0.0
978;2021-01-27;10;0;81;0;0.2;0.0
978;2021-01-28;6;1;87;1;0.2;0.0
978;2021-01-29;0;0;87;1;0.2;0.0
978;2021-01-30;0;0;87;1;0.2;0.0
978;2021-01-31;0;0;87;1;0.2;0.0
978;2021-02-01;1;0;88;1;0.2;0.0
978;2021-02-02;39;0;127;1;0.4;0.0
978;2021-02-03;11;0;138;1;0.4;0.0
978;2021-02-04;31;0;169;1;0.5;0.0
978;2021-02-05;6;0;175;1;0.5;0.0
978;2021-02-06;0;0;175;1;0.5;0.0
978;2021-02-07;0;0;175;1;0.5;0.0
978;2021-02-08;0;0;175;1;0.5;0.0
978;2021-02-09;38;0;213;1;0.6;0.0
978;2021-02-10;27;1;240;2;0.7;0.0
978;2021-02-11;0;0;240;2;0.7;0.0
978;2021-02-12;36;0;276;2;0.8;0.0
978;2021-02-13;0;0;276;2;0.8;0.0
978;2021-02-14;0;0;276;2;0.8;0.0
978;2021-02-15;50;1;326;3;0.9;0.0
978;2021-02-16;0;0;326;3;0.9;0.0
978;2021-02-17;0;0;326;3;0.9;0.0
978;2021-02-18;28;0;354;3;1.0;0.0
978;2021-02-19;44;0;398;3;1.1;0.0
978;2021-02-20;0;0;398;3;1.1;0.0
978;2021-02-21;0;0;398;3;1.1;0.0
978;2021-02-22;45;4;443;7;1.3;0.0
978;2021-02-23;41;25;484;32;1.4;0.1
978;2021-02-24;35;1;519;33;1.5;0.1
978;2021-02-25;55;34;574;67;1.6;0.2
978;2021-02-26;39;5;613;72;1.7;0.2
978;2021-02-27;0;0;613;72;1.7;0.2
978;2021-02-28;0;0;613;72;1.7;0.2
978;2021-03-01;49;4;662;76;1.9;0.2
978;2021-03-02;7;19;669;95;1.9;0.3
978;2021-03-03;53;23;722;118;2.0;0.3
978;2021-03-04;31;18;753;136;2.1;0.4
978;2021-03-05;46;10;799;146;2.3;0.4
978;2021-03-06;0;0;799;146;2.3;0.4
978;2021-03-07;0;0;799;146;2.3;0.4
978;2021-03-08;32;5;831;151;2.4;0.4
978;2021-03-09;21;26;852;177;2.4;0.5
978;2021-03-10;35;25;887;202;2.5;0.6
978;2021-03-11;2;0;889;202;2.5;0.6
978;2021-03-12;53;20;942;222;2.7;0.6
978;2021-03-13;13;0;955;222;2.7;0.6
978;2021-03-14;0;0;955;222;2.7;0.6
978;2021-03-15;31;41;986;263;2.8;0.7
978;2021-03-16;73;5;1059;268;3.0;0.8
978;2021-03-17;67;13;1126;281;3.2;0.8
978;2021-03-18;82;38;1208;319;3.4;0.9
978;2021-03-19;32;50;1240;369;3.5;1.0
978;2021-03-20;0;0;1240;369;3.5;1.0
978;2021-03-21;0;0;1240;369;3.5;1.0
978;2021-03-22;35;45;1275;414;3.6;1.2
978;2021-03-23;30;43;1305;457;3.7;1.3
978;2021-03-24;38;42;1343;499;3.8;1.4
978;2021-03-25;97;34;1440;533;4.1;1.5
978;2021-03-26;45;33;1485;566;4.2;1.6
978;2021-03-27;94;3;1579;569;4.5;1.6
978;2021-03-28;0;0;1579;569;4.5;1.6
978;2021-03-29;69;48;1648;617;4.7;1.7
978;2021-03-30;99;24;1747;641;4.9;1.8
978;2021-03-31;90;49;1837;690;5.2;2.0
978;2021-04-01;57;48;1894;738;5.4;2.1
978;2021-04-02;0;0;1894;738;5.4;2.1
978;2021-04-03;1;0;1895;738;5.4;2.1
978;2021-04-04;0;0;1895;738;5.4;2.1
978;2021-04-05;2;0;1897;738;5.4;2.1
978;2021-04-06;49;63;1946;801;5.5;2.3
978;2021-04-07;93;33;2039;834;5.8;2.4
978;2021-04-08;121;7;2160;841;6.1;2.4
978;2021-04-09;91;39;2251;880;6.4;2.5
978;2021-04-10;170;13;2421;893;6.9;2.5
978;2021-04-11;0;0;2421;893;6.9;2.5
978;2021-04-12;42;74;2463;967;7.0;2.7
978;2021-04-13;49;71;2512;1038;7.1;2.9
978;2021-04-14;82;45;2594;1083;7.3;3.1
978;2021-04-15;92;22;2686;1105;7.6;3.1
978;2021-04-16;77;42;2763;1147;7.8;3.2
978;2021-04-17;165;4;2928;1151;8.3;3.3
978;2021-04-18;0;0;2928;1151;8.3;3.3
978;2021-04-19;52;67;2980;1218;8.4;3.4
978;2021-04-20;83;27;3063;1245;8.7;3.5
978;2021-04-21;91;29;3154;1274;8.9;3.6
978;2021-04-22;101;20;3255;1294;9.2;3.7
978;2021-04-23;45;65;3300;1359;9.3;3.8
978;2021-04-24;99;78;3399;1437;9.6;4.1
978;2021-04-25;0;0;3399;1437;9.6;4.1
978;2021-04-26;29;91;3428;1528;9.7;4.3
978;2021-04-27;59;63;3487;1591;9.9;4.5
978;2021-04-28;93;39;3580;1630;10.1;4.6
978;2021-04-29;89;31;3669;1661;10.4;4.7
978;2021-04-30;103;14;3772;1675;10.7;4.7
978;2021-05-01;0;8;3772;1683;10.7;4.8
978;2021-05-02;0;0;3772;1683;10.7;4.8
978;2021-05-03;25;99;3797;1782;10.7;5.0
978;2021-05-04;159;102;3956;1884;11.2;5.3
978;2021-05-05;142;59;4098;1943;11.6;5.5
978;2021-05-06;199;49;4297;1992;12.2;5.6
978;2021-05-07;127;71;4424;2063;12.5;5.8
978;2021-05-08;69;122;4493;2185;12.7;6.2
978;2021-05-09;0;0;4493;2185;12.7;6.2
978;2021-05-10;124;99;4617;2284;13.1;6.5
978;2021-05-11;132;72;4749;2356;13.4;6.7
978;2021-05-12;156;78;4905;2434;13.9;6.9
978;2021-05-13;83;6;4988;2440;14.1;6.9
978;2021-05-14;130;62;5118;2502;14.5;7.1
978;2021-05-15;87;4;5205;2506;14.7;7.1
978;2021-05-16;0;0;5205;2506;14.7;7.1
978;2021-05-17;146;115;5351;2621;15.1;7.4
978;2021-05-18;151;94;5502;2715;15.6;7.7
978;2021-05-19;84;69;5586;2784;15.8;7.9
978;2021-05-20;104;26;5690;2810;16.1;8.0
978;2021-05-21;98;52;5788;2862;16.4;8.1
978;2021-05-22;100;11;5888;2873;16.7;8.1
978;2021-05-23;0;0;5888;2873;16.7;8.1
978;2021-05-24;33;7;5921;2880;16.8;8.2
978;2021-05-25;119;78;6040;2958;17.1;8.4
978;2021-05-26;109;49;6149;3007;17.4;8.5
978;2021-05-27;112;42;6261;3049;17.7;8.6
978;2021-05-28;33;1;6294;3050;17.8;8.6
978;2021-05-29;60;213;6354;3263;18.0;9.2
978;2021-05-30;0;0;6354;3263;18.0;9.2
978;2021-05-31;112;63;6466;3326;18.3;9.4
978;2021-06-01;116;62;6582;3388;18.6;9.6
978;2021-06-02;131;33;6713;3421;19.0;9.7
978;2021-06-03;102;38;6815;3459;19.3;9.8
978;2021-06-04;128;70;6943;3529;19.6;10.0
978;2021-06-05;83;21;7026;3550;19.9;10.0
978;2021-06-06;0;0;7026;3550;19.9;10.0
978;2021-06-07;96;96;7122;3646;20.2;10.3
978;2021-06-08;82;89;7204;3735;20.4;10.6
978;2021-06-09;99;73;7303;3808;20.7;10.8
978;2021-06-10;112;63;7415;3871;21.0;11.0
978;2021-06-11;116;106;7531;3977;21.3;11.3
978;2021-06-12;57;30;7588;4007;21.5;11.3
978;2021-06-13;0;0;7588;4007;21.5;11.3
978;2021-06-14;106;127;7694;4134;21.8;11.7
978;2021-06-15;88;120;7782;4254;22.0;12.0
978;2021-06-16;105;148;7887;4402;22.3;12.5
978;2021-06-17;85;72;7972;4474;22.6;12.7
978;2021-06-18;67;99;8039;4573;22.8;12.9
978;2021-06-19;65;79;8104;4652;22.9;13.2
978;2021-06-20;0;0;8104;4652;22.9;13.2
978;2021-06-21;78;150;8182;4802;23.2;13.6
978;2021-06-22;71;103;8253;4905;23.4;13.9
978;2021-06-23;68;115;8321;5020;23.5;14.2
978;2021-06-24;44;75;8365;5095;23.7;14.4
978;2021-06-25;64;100;8429;5195;23.9;14.7
978;2021-06-26;35;61;8464;5256;24.0;14.9
978;2021-06-27;0;0;8464;5256;24.0;14.9
978;2021-06-28;74;131;8538;5387;24.2;15.2
978;2021-06-29;62;104;8600;5491;24.3;15.5
978;2021-06-30;56;110;8656;5601;24.5;15.9
978;2021-07-01;42;87;8698;5688;24.6;16.1
978;2021-07-02;52;90;8750;5778;24.8;16.4
978;2021-07-03;40;90;8790;5868;24.9;16.6
978;2021-07-04;0;1;8790;5869;24.9;16.6
978;2021-07-05;67;93;8857;5962;25.1;16.9
978;2021-07-06;55;74;8912;6036;25.2;17.1
978;2021-07-07;55;123;8967;6159;25.4;17.4
978;2021-07-08;54;107;9021;6266;25.5;17.7
978;2021-07-09;46;92;9067;6358;25.7;18.0
978;2021-07-10;38;85;9105;6443;25.8;18.2
978;2021-07-11;0;4;9105;6447;25.8;18.2
978;2021-07-12;71;130;9176;6577;26.0;18.6
978;2021-07-13;146;162;9322;6739;26.4;19.1
978;2021-07-14;3;0;9325;6739;26.4;19.1
978;2021-07-15;162;195;9487;6934;26.8;19.6
978;2021-07-16;113;113;9600;7047;27.2;19.9
978;2021-07-17;52;100;9652;7147;27.3;20.2
978;2021-07-18;0;0;9652;7147;27.3;20.2
978;2021-07-19;99;133;9751;7280;27.6;20.6
978;2021-07-20;80;74;9831;7354;27.8;20.8
978;2021-07-21;63;50;9894;7404;28.0;21.0
978;2021-07-22;99;115;9993;7519;28.3;21.3
978;2021-07-23;67;98;10060;7617;28.5;21.6
978;2021-07-24;20;35;10080;7652;28.5;21.7
978;2021-07-25;0;0;10080;7652;28.5;21.7
978;2021-07-26;99;116;10179;7768;28.8;22.0
978;2021-07-27;72;144;10251;7912;29.0;22.4
978;2021-07-28;72;126;10323;8038;29.2;22.7
978;2021-07-29;80;98;10403;8136;29.4;23.0
978;2021-07-30;82;116;10485;8252;29.7;23.4
978;2021-07-31;49;68;10534;8320;29.8;23.5
978;2021-08-01;0;0;10534;8320;29.8;23.5
978;2021-08-02;65;95;10599;8415;30.0;23.8
978;2021-08-03;60;94;10659;8509;30.2;24.1
978;2021-08-04;64;55;10723;8564;30.3;24.2
978;2021-08-05;48;70;10771;8634;30.5;24.4
978;2021-08-06;74;127;10845;8761;30.7;24.8
978;2021-08-07;44;46;10889;8807;30.8;24.9
978;2021-08-08;0;0;10889;8807;30.8;24.9
978;2021-08-09;139;150;11028;8957;31.2;25.3
978;2021-08-10;82;93;11110;9050;31.4;25.6
978;2021-08-11;106;99;11216;9149;31.7;25.9
978;2021-08-12;99;99;11315;9248;32.0;26.2
978;2021-08-13;132;75;11447;9323;32.4;26.4
978;2021-08-14;74;100;11521;9423;32.6;26.7
978;2021-08-15;0;0;11521;9423;32.6;26.7
978;2021-08-16;45;71;11566;9494;32.7;26.9
978;2021-08-17;33;33;11599;9527;32.8;27.0
978;2021-08-18;35;55;11634;9582;32.9;27.1
978;2021-08-19;34;26;11668;9608;33.0;27.2
978;2021-08-20;46;60;11714;9668;33.2;27.4
978;2021-08-21;0;0;11714;9668;33.2;27.4
978;2021-08-22;0;0;11714;9668;33.2;27.4
978;2021-08-23;51;86;11765;9754;33.3;27.6
978;2021-08-24;31;51;11796;9805;33.4;27.7
978;2021-08-25;26;51;11822;9856;33.5;27.9
978;2021-08-26;30;26;11852;9882;33.5;28.0
978;2021-08-27;46;87;11898;9969;33.7;28.2
978;2021-08-28;0;0;11898;9969;33.7;28.2
978;2021-08-29;0;0;11898;9969;33.7;28.2
978;2021-08-30;39;113;11937;10082;33.8;28.5
978;2021-08-31;45;81;11982;10163;33.9;28.8
978;2021-09-01;30;85;12012;10248;34.0;29.0
978;2021-09-02;37;70;12049;10318;34.1;29.2
978;2021-09-03;15;96;12064;10414;34.1;29.5
978;2021-09-04;0;0;12064;10414;34.1;29.5
978;2021-09-05;0;0;12064;10414;34.1;29.5
978;2021-09-06;32;80;12096;10494;34.2;29.7
978;2021-09-07;35;51;12131;10545;34.3;29.8
978;2021-09-08;21;44;12152;10589;34.4;30.0
978;2021-09-09;21;58;12173;10647;34.5;30.1
978;2021-09-10;43;81;12216;10728;34.6;30.4
978;2021-09-11;1;0;12217;10728;34.6;30.4
978;2021-09-12;3;1;12220;10729;34.6;30.4
978;2021-09-13;28;56;12248;10785;34.7;30.5
