dep;jour;n_dose1;n_complet;n_cum_dose1;n_cum_complet;couv_dose1;couv_complet
01;2020-12-27;1;0;1;0;0.0;0.0
01;2020-12-28;0;0;1;0;0.0;0.0
01;2020-12-29;0;0;1;0;0.0;0.0
01;2020-12-30;0;0;1;0;0.0;0.0
01;2020-12-31;0;0;1;0;0.0;0.0
01;2021-01-01;1;0;2;0;0.0;0.0
01;2021-01-02;0;0;2;0;0.0;0.0
01;2021-01-03;0;0;2;0;0.0;0.0
01;2021-01-04;2;0;4;0;0.0;0.0
01;2021-01-05;2;0;6;0;0.0;0.0
01;2021-01-06;1;0;7;0;0.0;0.0
01;2021-01-07;67;0;74;0;0.0;0.0
01;2021-01-08;159;0;233;0;0.0;0.0
01;2021-01-09;2;1;235;1;0.0;0.0
01;2021-01-10;0;0;235;1;0.0;0.0
01;2021-01-11;148;0;383;1;0.1;0.0
01;2021-01-12;317;2;700;3;0.1;0.0
01;2021-01-13;444;1;1144;4;0.2;0.0
01;2021-01-14;529;3;1673;7;0.3;0.0
01;2021-01-15;397;3;2070;10;0.3;0.0
01;2021-01-16;202;0;2272;10;0.3;0.0
01;2021-01-17;128;0;2400;10;0.4;0.0
01;2021-01-18;378;1;2778;11;0.4;0.0
01;2021-01-19;1040;1;3818;12;0.6;0.0
01;2021-01-20;1262;2;5080;14;0.8;0.0
01;2021-01-21;1098;4;6178;18;0.9;0.0
01;2021-01-22;645;0;6823;18;1.0;0.0
01;2021-01-23;222;0;7045;18;1.1;0.0
01;2021-01-24;71;1;7116;19;1.1;0.0
01;2021-01-25;484;1;7600;20;1.2;0.0
01;2021-01-26;741;3;8341;23;1.3;0.0
01;2021-01-27;518;5;8859;28;1.3;0.0
01;2021-01-28;682;54;9541;82;1.5;0.0
01;2021-01-29;637;102;10178;184;1.5;0.0
01;2021-01-30;236;15;10414;199;1.6;0.0
01;2021-01-31;62;0;10476;199;1.6;0.0
01;2021-02-01;458;73;10934;272;1.7;0.0
01;2021-02-02;515;181;11449;453;1.7;0.1
01;2021-02-03;374;294;11823;747;1.8;0.1
01;2021-02-04;478;416;12301;1163;1.9;0.2
01;2021-02-05;441;279;12742;1442;1.9;0.2
01;2021-02-06;261;140;13003;1582;2.0;0.2
01;2021-02-07;2;109;13005;1691;2.0;0.3
01;2021-02-08;505;401;13510;2092;2.1;0.3
01;2021-02-09;774;858;14284;2950;2.2;0.4
01;2021-02-10;951;715;15235;3665;2.3;0.6
01;2021-02-11;791;771;16026;4436;2.4;0.7
01;2021-02-12;638;547;16664;4983;2.5;0.8
01;2021-02-13;161;147;16825;5130;2.6;0.8
01;2021-02-14;0;9;16825;5139;2.6;0.8
01;2021-02-15;437;444;17262;5583;2.6;0.8
01;2021-02-16;658;412;17920;5995;2.7;0.9
01;2021-02-17;519;245;18439;6240;2.8;0.9
01;2021-02-18;589;567;19028;6807;2.9;1.0
01;2021-02-19;580;246;19608;7053;3.0;1.1
01;2021-02-20;201;153;19809;7206;3.0;1.1
01;2021-02-21;0;1;19809;7207;3.0;1.1
01;2021-02-22;427;553;20236;7760;3.1;1.2
01;2021-02-23;483;524;20719;8284;3.2;1.3
01;2021-02-24;433;463;21152;8747;3.2;1.3
01;2021-02-25;826;607;21978;9354;3.3;1.4
01;2021-02-26;874;546;22852;9900;3.5;1.5
01;2021-02-27;480;117;23332;10017;3.6;1.5
01;2021-02-28;20;3;23352;10020;3.6;1.5
01;2021-03-01;629;456;23981;10476;3.7;1.6
01;2021-03-02;962;554;24943;11030;3.8;1.7
01;2021-03-03;938;661;25881;11691;3.9;1.8
01;2021-03-04;1198;642;27079;12333;4.1;1.9
01;2021-03-05;1354;494;28433;12827;4.3;2.0
01;2021-03-06;781;99;29214;12926;4.4;2.0
01;2021-03-07;43;1;29257;12927;4.5;2.0
01;2021-03-08;669;624;29926;13551;4.6;2.1
01;2021-03-09;1339;610;31265;14161;4.8;2.2
01;2021-03-10;1160;557;32425;14718;4.9;2.2
01;2021-03-11;1684;642;34109;15360;5.2;2.3
01;2021-03-12;2004;639;36113;15999;5.5;2.4
01;2021-03-13;1500;95;37613;16094;5.7;2.4
01;2021-03-14;132;59;37745;16153;5.7;2.5
01;2021-03-15;1157;405;38902;16558;5.9;2.5
01;2021-03-16;1011;563;39913;17121;6.1;2.6
01;2021-03-17;839;345;40752;17466;6.2;2.7
01;2021-03-18;1294;470;42046;17936;6.4;2.7
01;2021-03-19;1746;541;43792;18477;6.7;2.8
01;2021-03-20;1445;132;45237;18609;6.9;2.8
01;2021-03-21;97;11;45334;18620;6.9;2.8
01;2021-03-22;1575;493;46909;19113;7.1;2.9
01;2021-03-23;2196;646;49105;19759;7.5;3.0
01;2021-03-24;1616;414;50721;20173;7.7;3.1
01;2021-03-25;2910;633;53631;20806;8.2;3.2
01;2021-03-26;2872;614;56503;21420;8.6;3.3
01;2021-03-27;1310;159;57813;21579;8.8;3.3
01;2021-03-28;22;1;57835;21580;8.8;3.3
01;2021-03-29;1930;545;59765;22125;9.1;3.4
01;2021-03-30;2514;762;62279;22887;9.5;3.5
01;2021-03-31;1868;630;64147;23517;9.8;3.6
01;2021-04-01;2570;857;66717;24374;10.2;3.7
01;2021-04-02;2814;726;69531;25100;10.6;3.8
01;2021-04-03;1256;133;70787;25233;10.8;3.8
01;2021-04-04;2;0;70789;25233;10.8;3.8
01;2021-04-05;1261;63;72050;25296;11.0;3.9
01;2021-04-06;2821;791;74871;26087;11.4;4.0
01;2021-04-07;2739;708;77610;26795;11.8;4.1
01;2021-04-08;3241;999;80851;27794;12.3;4.2
01;2021-04-09;3989;1333;84840;29127;12.9;4.4
01;2021-04-10;1824;303;86664;29430;13.2;4.5
01;2021-04-11;44;22;86708;29452;13.2;4.5
01;2021-04-12;2716;1222;89424;30674;13.6;4.7
01;2021-04-13;2941;1321;92365;31995;14.1;4.9
01;2021-04-14;3127;1081;95492;33076;14.5;5.0
01;2021-04-15;3073;1477;98565;34553;15.0;5.3
01;2021-04-16;2861;1576;101426;36129;15.4;5.5
01;2021-04-17;1654;681;103080;36810;15.7;5.6
01;2021-04-18;13;0;103093;36810;15.7;5.6
01;2021-04-19;2039;1518;105132;38328;16.0;5.8
01;2021-04-20;2663;1572;107795;39900;16.4;6.1
01;2021-04-21;2686;1349;110481;41249;16.8;6.3
01;2021-04-22;2835;1533;113316;42782;17.2;6.5
01;2021-04-23;2764;1530;116080;44312;17.7;6.7
01;2021-04-24;1447;652;117527;44964;17.9;6.8
01;2021-04-25;9;0;117536;44964;17.9;6.8
01;2021-04-26;1970;1730;119506;46694;18.2;7.1
01;2021-04-27;2574;1557;122080;48251;18.6;7.3
01;2021-04-28;2500;1572;124580;49823;19.0;7.6
01;2021-04-29;2716;1773;127296;51596;19.4;7.9
01;2021-04-30;2983;2249;130279;53845;19.8;8.2
01;2021-05-01;1472;856;131751;54701;20.1;8.3
01;2021-05-02;546;76;132297;54777;20.1;8.3
01;2021-05-03;2293;2480;134590;57257;20.5;8.7
01;2021-05-04;2541;2644;137131;59901;20.9;9.1
01;2021-05-05;2529;2503;139660;62404;21.3;9.5
01;2021-05-06;2996;2530;142656;64934;21.7;9.9
01;2021-05-07;3217;2781;145873;67715;22.2;10.3
01;2021-05-08;1646;922;147519;68637;22.5;10.4
01;2021-05-09;1023;162;148542;68799;22.6;10.5
01;2021-05-10;2501;3074;151043;71873;23.0;10.9
01;2021-05-11;3581;3064;154624;74937;23.5;11.4
01;2021-05-12;3651;3002;158275;77939;24.1;11.9
01;2021-05-13;4087;1502;162362;79441;24.7;12.1
01;2021-05-14;4270;2345;166632;81786;25.4;12.4
01;2021-05-15;3157;1436;169789;83222;25.8;12.7
01;2021-05-16;1413;150;171202;83372;26.1;12.7
01;2021-05-17;3446;2468;174648;85840;26.6;13.1
01;2021-05-18;4075;1961;178723;87801;27.2;13.4
01;2021-05-19;3974;1905;182697;89706;27.8;13.7
01;2021-05-20;4529;2017;187226;91723;28.5;14.0
01;2021-05-21;4620;2198;191846;93921;29.2;14.3
01;2021-05-22;3369;957;195215;94878;29.7;14.4
01;2021-05-23;834;82;196049;94960;29.8;14.5
01;2021-05-24;2765;500;198814;95460;30.3;14.5
01;2021-05-25;3558;2430;202372;97890;30.8;14.9
01;2021-05-26;3571;2250;205943;100140;31.3;15.2
01;2021-05-27;3853;2099;209796;102239;31.9;15.6
01;2021-05-28;3665;2639;213461;104878;32.5;16.0
01;2021-05-29;3060;1303;216521;106181;33.0;16.2
01;2021-05-30;613;88;217134;106269;33.1;16.2
01;2021-05-31;2405;2517;219539;108786;33.4;16.6
01;2021-06-01;2767;2588;222306;111374;33.8;17.0
01;2021-06-02;2882;2203;225188;113577;34.3;17.3
01;2021-06-03;3365;2436;228553;116013;34.8;17.7
01;2021-06-04;4499;3362;233052;119375;35.5;18.2
01;2021-06-05;3253;1726;236305;121101;36.0;18.4
01;2021-06-06;670;78;236975;121179;36.1;18.4
01;2021-06-07;3389;2873;240364;124052;36.6;18.9
01;2021-06-08;3650;2712;244014;126764;37.1;19.3
01;2021-06-09;2947;2638;246961;129402;37.6;19.7
01;2021-06-10;2765;2042;249726;131444;38.0;20.0
01;2021-06-11;3070;3368;252796;134812;38.5;20.5
01;2021-06-12;2404;2199;255200;137011;38.8;20.9
01;2021-06-13;200;479;255400;137490;38.9;20.9
01;2021-06-14;2122;3166;257522;140656;39.2;21.4
01;2021-06-15;2004;3365;259526;144021;39.5;21.9
01;2021-06-16;2179;3289;261705;147310;39.8;22.4
01;2021-06-17;1958;3175;263663;150485;40.1;22.9
01;2021-06-18;2645;4163;266308;154648;40.5;23.5
01;2021-06-19;1727;2555;268035;157203;40.8;23.9
01;2021-06-20;159;497;268194;157700;40.8;24.0
01;2021-06-21;1800;3705;269994;161405;41.1;24.6
01;2021-06-22;1549;3998;271543;165403;41.3;25.2
01;2021-06-23;1585;3755;273128;169158;41.6;25.7
01;2021-06-24;1471;3567;274599;172725;41.8;26.3
01;2021-06-25;1889;4563;276488;177288;42.1;27.0
01;2021-06-26;1210;2946;277698;180234;42.3;27.4
01;2021-06-27;170;339;277868;180573;42.3;27.5
01;2021-06-28;1384;4026;279252;184599;42.5;28.1
01;2021-06-29;1411;3851;280663;188450;42.7;28.7
01;2021-06-30;1378;4159;282041;192609;42.9;29.3
01;2021-07-01;1432;4092;283473;196701;43.1;29.9
01;2021-07-02;1588;4987;285061;201688;43.4;30.7
01;2021-07-03;858;3377;285919;205065;43.5;31.2
01;2021-07-04;105;499;286024;205564;43.5;31.3
01;2021-07-05;1488;4084;287512;209648;43.8;31.9
01;2021-07-06;1105;4277;288617;213925;43.9;32.6
01;2021-07-07;1755;3699;290372;217624;44.2;33.1
01;2021-07-08;1472;3675;291844;221299;44.4;33.7
01;2021-07-09;1885;4362;293729;225661;44.7;34.3
01;2021-07-10;1120;3439;294849;229100;44.9;34.9
01;2021-07-11;105;418;294954;229518;44.9;34.9
01;2021-07-12;1421;3840;296375;233358;45.1;35.5
01;2021-07-13;2058;4116;298433;237474;45.4;36.1
01;2021-07-14;148;179;298581;237653;45.4;36.2
01;2021-07-15;3088;4193;301669;241846;45.9;36.8
01;2021-07-16;3746;4840;305415;246686;46.5;37.5
01;2021-07-17;2202;3049;307617;249735;46.8;38.0
01;2021-07-18;289;551;307906;250286;46.9;38.1
01;2021-07-19;2915;3869;310821;254155;47.3;38.7
01;2021-07-20;3298;3688;314119;257843;47.8;39.2
01;2021-07-21;3935;3561;318054;261404;48.4;39.8
01;2021-07-22;4217;3492;322271;264896;49.1;40.3
01;2021-07-23;3939;4214;326210;269110;49.7;41.0
01;2021-07-24;2729;2714;328939;271824;50.1;41.4
01;2021-07-25;59;59;328998;271883;50.1;41.4
01;2021-07-26;3347;3240;332345;275123;50.6;41.9
01;2021-07-27;4096;2789;336441;277912;51.2;42.3
01;2021-07-28;3985;2651;340426;280563;51.8;42.7
01;2021-07-29;4697;2436;345123;282999;52.5;43.1
01;2021-07-30;4452;3432;349575;286431;53.2;43.6
01;2021-07-31;3642;1777;353217;288208;53.8;43.9
01;2021-08-01;397;74;353614;288282;53.8;43.9
01;2021-08-02;3063;2455;356677;290737;54.3;44.3
01;2021-08-03;3063;2452;359740;293189;54.8;44.6
01;2021-08-04;2539;1732;362279;294921;55.1;44.9
01;2021-08-05;2240;2361;364519;297282;55.5;45.3
01;2021-08-06;2747;3114;367266;300396;55.9;45.7
01;2021-08-07;2059;1837;369325;302233;56.2;46.0
01;2021-08-08;245;260;369570;302493;56.3;46.0
01;2021-08-09;1127;2636;370697;305129;56.4;46.4
01;2021-08-10;1442;2416;372139;307545;56.6;46.8
01;2021-08-11;1458;2596;373597;310141;56.9;47.2
01;2021-08-12;1608;2821;375205;312962;57.1;47.6
01;2021-08-13;1797;2719;377002;315681;57.4;48.1
01;2021-08-14;1381;2232;378383;317913;57.6;48.4
01;2021-08-15;11;21;378394;317934;57.6;48.4
01;2021-08-16;973;3009;379367;320943;57.7;48.9
01;2021-08-17;1343;2756;380710;323699;58.0;49.3
01;2021-08-18;1249;2905;381959;326604;58.1;49.7
01;2021-08-19;1292;2421;383251;329025;58.3;50.1
01;2021-08-20;1449;3951;384700;332976;58.6;50.7
01;2021-08-21;881;2845;385581;335821;58.7;51.1
01;2021-08-22;18;20;385599;335841;58.7;51.1
01;2021-08-23;1113;3020;386712;338861;58.9;51.6
01;2021-08-24;1222;3144;387934;342005;59.1;52.1
01;2021-08-25;1122;2986;389056;344991;59.2;52.5
01;2021-08-26;1639;2728;390695;347719;59.5;52.9
01;2021-08-27;1634;3643;392329;351362;59.7;53.5
01;2021-08-28;1039;2585;393368;353947;59.9;53.9
01;2021-08-29;16;31;393384;353978;59.9;53.9
01;2021-08-30;1170;2718;394554;356696;60.1;54.3
01;2021-08-31;1084;1936;395638;358632;60.2;54.6
02;2020-12-27;0;0;0;0;0.0;0.0
02;2020-12-28;0;0;0;0;0.0;0.0
02;2020-12-29;0;0;0;0;0.0;0.0
02;2020-12-30;0;0;0;0;0.0;0.0
02;2020-12-31;0;0;0;0;0.0;0.0
02;2021-01-01;0;0;0;0;0.0;0.0
02;2021-01-02;0;0;0;0;0.0;0.0
02;2021-01-03;0;0;0;0;0.0;0.0
02;2021-01-04;0;0;0;0;0.0;0.0
02;2021-01-05;0;0;0;0;0.0;0.0
02;2021-01-06;22;0;22;0;0.0;0.0
02;2021-01-07;261;2;283;2;0.1;0.0
02;2021-01-08;489;3;772;5;0.1;0.0
02;2021-01-09;74;0;846;5;0.2;0.0
02;2021-01-10;49;0;895;5;0.2;0.0
02;2021-01-11;267;0;1162;5;0.2;0.0
02;2021-01-12;355;1;1517;6;0.3;0.0
02;2021-01-13;468;4;1985;10;0.4;0.0
02;2021-01-14;651;11;2636;21;0.5;0.0
02;2021-01-15;631;7;3267;28;0.6;0.0
02;2021-01-16;333;4;3600;32;0.7;0.0
02;2021-01-17;62;0;3662;32;0.7;0.0
02;2021-01-18;811;8;4473;40;0.9;0.0
02;2021-01-19;942;5;5415;45;1.0;0.0
02;2021-01-20;1430;5;6845;50;1.3;0.0
02;2021-01-21;2601;6;9446;56;1.8;0.0
02;2021-01-22;1421;5;10867;61;2.1;0.0
02;2021-01-23;291;1;11158;62;2.1;0.0
02;2021-01-24;67;0;11225;62;2.1;0.0
02;2021-01-25;432;10;11657;72;2.2;0.0
02;2021-01-26;704;15;12361;87;2.3;0.0
02;2021-01-27;161;2;12522;89;2.4;0.0
02;2021-01-28;69;245;12591;334;2.4;0.1
02;2021-01-29;119;414;12710;748;2.4;0.1
02;2021-01-30;4;13;12714;761;2.4;0.1
02;2021-01-31;0;10;12714;771;2.4;0.1
02;2021-02-01;11;209;12725;980;2.4;0.2
02;2021-02-02;45;328;12770;1308;2.4;0.2
02;2021-02-03;124;333;12894;1641;2.5;0.3
02;2021-02-04;227;353;13121;1994;2.5;0.4
02;2021-02-05;178;409;13299;2403;2.5;0.5
02;2021-02-06;66;173;13365;2576;2.5;0.5
02;2021-02-07;9;0;13374;2576;2.5;0.5
02;2021-02-08;305;433;13679;3009;2.6;0.6
02;2021-02-09;322;671;14001;3680;2.7;0.7
02;2021-02-10;485;1038;14486;4718;2.8;0.9
02;2021-02-11;937;1863;15423;6581;2.9;1.3
02;2021-02-12;885;1118;16308;7699;3.1;1.5
02;2021-02-13;290;129;16598;7828;3.2;1.5
02;2021-02-14;1;5;16599;7833;3.2;1.5
02;2021-02-15;344;671;16943;8504;3.2;1.6
02;2021-02-16;413;555;17356;9059;3.3;1.7
02;2021-02-17;498;624;17854;9683;3.4;1.8
02;2021-02-18;507;440;18361;10123;3.5;1.9
02;2021-02-19;444;563;18805;10686;3.6;2.0
02;2021-02-20;372;227;19177;10913;3.6;2.1
02;2021-02-21;39;17;19216;10930;3.7;2.1
02;2021-02-22;377;317;19593;11247;3.7;2.1
02;2021-02-23;432;358;20025;11605;3.8;2.2
02;2021-02-24;600;146;20625;11751;3.9;2.2
02;2021-02-25;870;136;21495;11887;4.1;2.3
02;2021-02-26;808;73;22303;11960;4.2;2.3
02;2021-02-27;445;14;22748;11974;4.3;2.3
02;2021-02-28;55;2;22803;11976;4.3;2.3
02;2021-03-01;638;24;23441;12000;4.5;2.3
02;2021-03-02;1032;127;24473;12127;4.7;2.3
02;2021-03-03;754;205;25227;12332;4.8;2.3
02;2021-03-04;1162;652;26389;12984;5.0;2.5
02;2021-03-05;1049;507;27438;13491;5.2;2.6
02;2021-03-06;2139;99;29577;13590;5.6;2.6
02;2021-03-07;1504;49;31081;13639;5.9;2.6
02;2021-03-08;573;370;31654;14009;6.0;2.7
02;2021-03-09;999;404;32653;14413;6.2;2.7
02;2021-03-10;895;473;33548;14886;6.4;2.8
02;2021-03-11;1293;391;34841;15277;6.6;2.9
02;2021-03-12;1705;416;36546;15693;6.9;3.0
02;2021-03-13;2592;238;39138;15931;7.4;3.0
02;2021-03-14;1457;43;40595;15974;7.7;3.0
02;2021-03-15;612;455;41207;16429;7.8;3.1
02;2021-03-16;863;402;42070;16831;8.0;3.2
02;2021-03-17;759;452;42829;17283;8.1;3.3
02;2021-03-18;608;616;43437;17899;8.3;3.4
02;2021-03-19;1172;301;44609;18200;8.5;3.5
02;2021-03-20;2430;159;47039;18359;8.9;3.5
02;2021-03-21;1488;81;48527;18440;9.2;3.5
02;2021-03-22;762;497;49289;18937;9.4;3.6
02;2021-03-23;1194;550;50483;19487;9.6;3.7
02;2021-03-24;1582;503;52065;19990;9.9;3.8
02;2021-03-25;1694;595;53759;20585;10.2;3.9
02;2021-03-26;2412;492;56171;21077;10.7;4.0
02;2021-03-27;2495;132;58666;21209;11.2;4.0
02;2021-03-28;638;14;59304;21223;11.3;4.0
02;2021-03-29;1038;860;60342;22083;11.5;4.2
02;2021-03-30;1554;846;61896;22929;11.8;4.4
02;2021-03-31;1299;717;63195;23646;12.0;4.5
02;2021-04-01;1290;862;64485;24508;12.3;4.7
02;2021-04-02;1184;1230;65669;25738;12.5;4.9
02;2021-04-03;2647;852;68316;26590;13.0;5.1
02;2021-04-04;727;240;69043;26830;13.1;5.1
02;2021-04-05;1509;133;70552;26963;13.4;5.1
02;2021-04-06;1540;856;72092;27819;13.7;5.3
02;2021-04-07;1871;779;73963;28598;14.1;5.4
02;2021-04-08;1918;1107;75881;29705;14.4;5.6
02;2021-04-09;2433;1094;78314;30799;14.9;5.9
02;2021-04-10;2430;1212;80744;32011;15.3;6.1
02;2021-04-11;476;418;81220;32429;15.4;6.2
02;2021-04-12;1824;630;83044;33059;15.8;6.3
02;2021-04-13;1601;926;84645;33985;16.1;6.5
02;2021-04-14;2584;974;87229;34959;16.6;6.6
02;2021-04-15;2497;777;89726;35736;17.1;6.8
02;2021-04-16;2439;1130;92165;36866;17.5;7.0
02;2021-04-17;1890;2145;94055;39011;17.9;7.4
02;2021-04-18;270;814;94325;39825;17.9;7.6
02;2021-04-19;1158;633;95483;40458;18.2;7.7
02;2021-04-20;1676;766;97159;41224;18.5;7.8
02;2021-04-21;1550;993;98709;42217;18.8;8.0
02;2021-04-22;1748;704;100457;42921;19.1;8.2
02;2021-04-23;1930;1414;102387;44335;19.5;8.4
02;2021-04-24;1714;1642;104101;45977;19.8;8.7
02;2021-04-25;462;235;104563;46212;19.9;8.8
02;2021-04-26;1339;563;105902;46775;20.1;8.9
02;2021-04-27;1627;1096;107529;47871;20.4;9.1
02;2021-04-28;1592;1438;109121;49309;20.7;9.4
02;2021-04-29;1885;1175;111006;50484;21.1;9.6
02;2021-04-30;2716;1656;113722;52140;21.6;9.9
02;2021-05-01;1991;1233;115713;53373;22.0;10.1
02;2021-05-02;1982;420;117695;53793;22.4;10.2
02;2021-05-03;2225;984;119920;54777;22.8;10.4
02;2021-05-04;1523;1318;121443;56095;23.1;10.7
02;2021-05-05;2329;1842;123772;57937;23.5;11.0
02;2021-05-06;2123;1738;125895;59675;23.9;11.3
02;2021-05-07;2357;2175;128252;61850;24.4;11.8
02;2021-05-08;2920;950;131172;62800;24.9;11.9
02;2021-05-09;1822;423;132994;63223;25.3;12.0
02;2021-05-10;2375;1482;135369;64705;25.7;12.3
02;2021-05-11;2878;1575;138247;66280;26.3;12.6
02;2021-05-12;2674;1624;140921;67904;26.8;12.9
02;2021-05-13;2991;1039;143912;68943;27.4;13.1
02;2021-05-14;3382;1206;147294;70149;28.0;13.3
02;2021-05-15;4374;1091;151668;71240;28.8;13.5
02;2021-05-16;2799;213;154467;71453;29.4;13.6
02;2021-05-17;2147;664;156614;72117;29.8;13.7
02;2021-05-18;2635;977;159249;73094;30.3;13.9
02;2021-05-19;2852;999;162101;74093;30.8;14.1
02;2021-05-20;3552;1231;165653;75324;31.5;14.3
02;2021-05-21;3819;1069;169472;76393;32.2;14.5
02;2021-05-22;5848;966;175320;77359;33.3;14.7
02;2021-05-23;2659;239;177979;77598;33.8;14.8
02;2021-05-24;3541;542;181520;78140;34.5;14.9
02;2021-05-25;2260;1164;183780;79304;34.9;15.1
02;2021-05-26;3080;1498;186860;80802;35.5;15.4
02;2021-05-27;3651;1491;190511;82293;36.2;15.6
02;2021-05-28;3514;1588;194025;83881;36.9;15.9
02;2021-05-29;4081;1574;198106;85455;37.7;16.2
02;2021-05-30;1449;187;199555;85642;37.9;16.3
02;2021-05-31;2575;1194;202130;86836;38.4;16.5
02;2021-06-01;2869;1872;204999;88708;39.0;16.9
02;2021-06-02;3161;1653;208160;90361;39.6;17.2
02;2021-06-03;2857;1834;211017;92195;40.1;17.5
02;2021-06-04;3142;2064;214159;94259;40.7;17.9
02;2021-06-05;3441;1734;217600;95993;41.4;18.2
02;2021-06-06;1738;258;219338;96251;41.7;18.3
02;2021-06-07;1613;1500;220951;97751;42.0;18.6
02;2021-06-08;2063;1850;223014;99601;42.4;18.9
02;2021-06-09;2057;1650;225071;101251;42.8;19.2
02;2021-06-10;2013;1838;227084;103089;43.2;19.6
02;2021-06-11;2195;3069;229279;106158;43.6;20.2
02;2021-06-12;2312;2598;231591;108756;44.0;20.7
02;2021-06-13;684;1387;232275;110143;44.2;20.9
02;2021-06-14;1049;2393;233324;112536;44.4;21.4
02;2021-06-15;1519;2463;234843;114999;44.6;21.9
02;2021-06-16;1534;2750;236377;117749;44.9;22.4
02;2021-06-17;1782;2860;238159;120609;45.3;22.9
02;2021-06-18;2312;3572;240471;124181;45.7;23.6
02;2021-06-19;1841;3821;242312;128002;46.1;24.3
02;2021-06-20;644;1522;242956;129524;46.2;24.6
02;2021-06-21;807;3195;243763;132719;46.3;25.2
02;2021-06-22;1155;3668;244918;136387;46.6;25.9
02;2021-06-23;1227;3588;246145;139975;46.8;26.6
02;2021-06-24;1327;3150;247472;143125;47.0;27.2
02;2021-06-25;1399;4545;248871;147670;47.3;28.1
02;2021-06-26;1346;4227;250217;151897;47.6;28.9
02;2021-06-27;600;2334;250817;154231;47.7;29.3
02;2021-06-28;877;3021;251694;157252;47.8;29.9
02;2021-06-29;919;2929;252613;160181;48.0;30.4
02;2021-06-30;1510;3162;254123;163343;48.3;31.1
02;2021-07-01;1196;3592;255319;166935;48.5;31.7
02;2021-07-02;1360;5137;256679;172072;48.8;32.7
02;2021-07-03;998;5990;257677;178062;49.0;33.8
02;2021-07-04;509;2367;258186;180429;49.1;34.3
02;2021-07-05;661;3937;258847;184366;49.2;35.0
02;2021-07-06;673;3047;259520;187413;49.3;35.6
02;2021-07-07;1322;3724;260842;191137;49.6;36.3
02;2021-07-08;1394;3873;262236;195010;49.9;37.1
02;2021-07-09;1281;4217;263517;199227;50.1;37.9
02;2021-07-10;1332;4609;264849;203836;50.3;38.7
02;2021-07-11;481;1968;265330;205804;50.4;39.1
02;2021-07-12;1416;3728;266746;209532;50.7;39.8
02;2021-07-13;2067;3661;268813;213193;51.1;40.5
02;2021-07-14;1755;1599;270568;214792;51.4;40.8
02;2021-07-15;2725;3560;273293;218352;52.0;41.5
02;2021-07-16;3166;4220;276459;222572;52.6;42.3
02;2021-07-17;3561;4227;280020;226799;53.2;43.1
02;2021-07-18;2038;1615;282058;228414;53.6;43.4
02;2021-07-19;3440;3040;285498;231454;54.3;44.0
02;2021-07-20;3500;3302;288998;234756;54.9;44.6
02;2021-07-21;3910;2953;292908;237709;55.7;45.2
02;2021-07-22;3321;2805;296229;240514;56.3;45.7
02;2021-07-23;3205;3560;299434;244074;56.9;46.4
02;2021-07-24;4448;3722;303882;247796;57.8;47.1
02;2021-07-25;2192;1088;306074;248884;58.2;47.3
02;2021-07-26;3878;2250;309952;251134;58.9;47.7
02;2021-07-27;3658;2149;313610;253283;59.6;48.1
02;2021-07-28;3282;2093;316892;255376;60.2;48.5
02;2021-07-29;2582;2219;319474;257595;60.7;49.0
02;2021-07-30;3314;2311;322788;259906;61.4;49.4
02;2021-07-31;4181;2277;326969;262183;62.2;49.8
02;2021-08-01;1473;691;328442;262874;62.4;50.0
02;2021-08-02;2035;1601;330477;264475;62.8;50.3
02;2021-08-03;2531;1902;333008;266377;63.3;50.6
02;2021-08-04;2558;1705;335566;268082;63.8;51.0
02;2021-08-05;1849;2268;337415;270350;64.1;51.4
02;2021-08-06;2092;2745;339507;273095;64.5;51.9
02;2021-08-07;2518;2783;342025;275878;65.0;52.4
02;2021-08-08;1027;1572;343052;277450;65.2;52.7
02;2021-08-09;1897;2746;344949;280196;65.6;53.3
02;2021-08-10;1765;2460;346714;282656;65.9;53.7
02;2021-08-11;1476;2110;348190;284766;66.2;54.1
02;2021-08-12;1205;2333;349395;287099;66.4;54.6
02;2021-08-13;1610;2910;351005;290009;66.7;55.1
02;2021-08-14;1647;3691;352652;293700;67.0;55.8
02;2021-08-15;160;572;352812;294272;67.1;55.9
02;2021-08-16;1269;3760;354081;298032;67.3;56.7
02;2021-08-17;1417;2835;355498;300867;67.6;57.2
02;2021-08-18;1573;3181;357071;304048;67.9;57.8
02;2021-08-19;1134;3217;358205;307265;68.1;58.4
02;2021-08-20;1187;2947;359392;310212;68.3;59.0
02;2021-08-21;1442;4080;360834;314292;68.6;59.7
02;2021-08-22;406;1654;361240;315946;68.7;60.1
02;2021-08-23;1151;3074;362391;319020;68.9;60.6
02;2021-08-24;902;2182;363293;321202;69.1;61.1
02;2021-08-25;1019;2592;364312;323794;69.3;61.6
02;2021-08-26;908;2333;365220;326127;69.4;62.0
02;2021-08-27;964;2613;366184;328740;69.6;62.5
02;2021-08-28;1295;3415;367479;332155;69.9;63.1
02;2021-08-29;328;1169;367807;333324;69.9;63.4
02;2021-08-30;992;2465;368799;335789;70.1;63.8
02;2021-08-31;849;2244;369648;338033;70.3;64.3
03;2020-12-27;0;0;0;0;0.0;0.0
03;2020-12-28;1;0;1;0;0.0;0.0
03;2020-12-29;0;0;1;0;0.0;0.0
03;2020-12-30;1;0;2;0;0.0;0.0
03;2020-12-31;0;0;2;0;0.0;0.0
03;2021-01-01;0;0;2;0;0.0;0.0
03;2021-01-02;0;0;2;0;0.0;0.0
03;2021-01-03;0;0;2;0;0.0;0.0
03;2021-01-04;0;0;2;0;0.0;0.0
03;2021-01-05;0;0;2;0;0.0;0.0
03;2021-01-06;10;0;12;0;0.0;0.0
03;2021-01-07;61;0;73;0;0.0;0.0
03;2021-01-08;146;1;219;1;0.1;0.0
03;2021-01-09;122;0;341;1;0.1;0.0
03;2021-01-10;6;0;347;1;0.1;0.0
03;2021-01-11;412;1;759;2;0.2;0.0
03;2021-01-12;631;0;1390;2;0.4;0.0
03;2021-01-13;669;2;2059;4;0.6;0.0
03;2021-01-14;861;4;2920;8;0.9;0.0
03;2021-01-15;387;3;3307;11;1.0;0.0
03;2021-01-16;278;0;3585;11;1.1;0.0
03;2021-01-17;42;0;3627;11;1.1;0.0
03;2021-01-18;878;0;4505;11;1.4;0.0
03;2021-01-19;1149;1;5654;12;1.7;0.0
03;2021-01-20;1291;4;6945;16;2.1;0.0
03;2021-01-21;1201;5;8146;21;2.5;0.0
03;2021-01-22;1116;4;9262;25;2.8;0.0
03;2021-01-23;466;0;9728;25;2.9;0.0
03;2021-01-24;0;0;9728;25;2.9;0.0
03;2021-01-25;187;0;9915;25;3.0;0.0
03;2021-01-26;679;14;10594;39;3.2;0.0
03;2021-01-27;695;11;11289;50;3.4;0.0
03;2021-01-28;1020;48;12309;98;3.7;0.0
03;2021-01-29;856;81;13165;179;4.0;0.1
03;2021-01-30;600;2;13765;181;4.2;0.1
03;2021-01-31;0;0;13765;181;4.2;0.1
03;2021-02-01;160;76;13925;257;4.2;0.1
03;2021-02-02;767;268;14692;525;4.4;0.2
03;2021-02-03;1056;484;15748;1009;4.8;0.3
03;2021-02-04;1549;630;17297;1639;5.2;0.5
03;2021-02-05;947;317;18244;1956;5.5;0.6
03;2021-02-06;152;13;18396;1969;5.6;0.6
03;2021-02-07;5;0;18401;1969;5.6;0.6
03;2021-02-08;128;56;18529;2025;5.6;0.6
03;2021-02-09;612;448;19141;2473;5.8;0.7
03;2021-02-10;485;344;19626;2817;5.9;0.9
03;2021-02-11;1026;583;20652;3400;6.2;1.0
03;2021-02-12;1075;546;21727;3946;6.6;1.2
03;2021-02-13;126;167;21853;4113;6.6;1.2
03;2021-02-14;0;1;21853;4114;6.6;1.2
03;2021-02-15;309;851;22162;4965;6.7;1.5
03;2021-02-16;547;1163;22709;6128;6.9;1.8
03;2021-02-17;453;1332;23162;7460;7.0;2.3
03;2021-02-18;368;1263;23530;8723;7.1;2.6
03;2021-02-19;496;789;24026;9512;7.3;2.9
03;2021-02-20;128;183;24154;9695;7.3;2.9
03;2021-02-21;2;1;24156;9696;7.3;2.9
03;2021-02-22;158;202;24314;9898;7.3;3.0
03;2021-02-23;721;947;25035;10845;7.6;3.3
03;2021-02-24;609;1020;25644;11865;7.7;3.6
03;2021-02-25;1089;1826;26733;13691;8.1;4.1
03;2021-02-26;821;1369;27554;15060;8.3;4.5
03;2021-02-27;96;256;27650;15316;8.3;4.6
03;2021-02-28;0;15;27650;15331;8.3;4.6
03;2021-03-01;178;240;27828;15571;8.4;4.7
03;2021-03-02;818;661;28646;16232;8.6;4.9
03;2021-03-03;894;449;29540;16681;8.9;5.0
03;2021-03-04;1537;584;31077;17265;9.4;5.2
03;2021-03-05;1121;734;32198;17999;9.7;5.4
03;2021-03-06;915;112;33113;18111;10.0;5.5
03;2021-03-07;2;0;33115;18111;10.0;5.5
03;2021-03-08;239;244;33354;18355;10.1;5.5
03;2021-03-09;1016;438;34370;18793;10.4;5.7
03;2021-03-10;941;547;35311;19340;10.7;5.8
03;2021-03-11;1677;654;36988;19994;11.2;6.0
03;2021-03-12;1302;867;38290;20861;11.6;6.3
03;2021-03-13;863;113;39153;20974;11.8;6.3
03;2021-03-14;2;9;39155;20983;11.8;6.3
03;2021-03-15;250;200;39405;21183;11.9;6.4
03;2021-03-16;650;405;40055;21588;12.1;6.5
03;2021-03-17;1302;443;41357;22031;12.5;6.6
03;2021-03-18;1720;393;43077;22424;13.0;6.8
03;2021-03-19;1729;365;44806;22789;13.5;6.9
03;2021-03-20;301;26;45107;22815;13.6;6.9
03;2021-03-21;1;0;45108;22815;13.6;6.9
03;2021-03-22;222;397;45330;23212;13.7;7.0
03;2021-03-23;1355;354;46685;23566;14.1;7.1
03;2021-03-24;1824;349;48509;23915;14.6;7.2
03;2021-03-25;2368;565;50877;24480;15.4;7.4
03;2021-03-26;2239;446;53116;24926;16.0;7.5
03;2021-03-27;817;21;53933;24947;16.3;7.5
03;2021-03-28;1;39;53934;24986;16.3;7.5
03;2021-03-29;659;176;54593;25162;16.5;7.6
03;2021-03-30;1907;447;56500;25609;17.1;7.7
03;2021-03-31;1014;985;57514;26594;17.4;8.0
03;2021-04-01;1362;1095;58876;27689;17.8;8.4
03;2021-04-02;1705;614;60581;28303;18.3;8.5
03;2021-04-03;366;97;60947;28400;18.4;8.6
03;2021-04-04;3;0;60950;28400;18.4;8.6
03;2021-04-05;18;14;60968;28414;18.4;8.6
03;2021-04-06;1073;413;62041;28827;18.7;8.7
03;2021-04-07;1562;522;63603;29349;19.2;8.9
03;2021-04-08;2121;482;65724;29831;19.8;9.0
03;2021-04-09;2057;1161;67781;30992;20.5;9.4
03;2021-04-10;1013;73;68794;31065;20.8;9.4
03;2021-04-11;478;9;69272;31074;20.9;9.4
03;2021-04-12;985;226;70257;31300;21.2;9.4
03;2021-04-13;1873;986;72130;32286;21.8;9.7
03;2021-04-14;2337;1221;74467;33507;22.5;10.1
03;2021-04-15;2621;1401;77088;34908;23.3;10.5
03;2021-04-16;2835;1177;79923;36085;24.1;10.9
03;2021-04-17;1082;442;81005;36527;24.4;11.0
03;2021-04-18;0;0;81005;36527;24.4;11.0
03;2021-04-19;1191;588;82196;37115;24.8;11.2
03;2021-04-20;1748;1276;83944;38391;25.3;11.6
03;2021-04-21;1122;1295;85066;39686;25.7;12.0
03;2021-04-22;1673;996;86739;40682;26.2;12.3
03;2021-04-23;2479;1267;89218;41949;26.9;12.7
03;2021-04-24;1301;922;90519;42871;27.3;12.9
03;2021-04-25;350;16;90869;42887;27.4;12.9
03;2021-04-26;1331;464;92200;43351;27.8;13.1
03;2021-04-27;1767;1524;93967;44875;28.4;13.5
03;2021-04-28;1930;1123;95897;45998;28.9;13.9
03;2021-04-29;2371;1245;98268;47243;29.7;14.3
03;2021-04-30;1931;807;100199;48050;30.2;14.5
03;2021-05-01;437;491;100636;48541;30.4;14.7
03;2021-05-02;2;1;100638;48542;30.4;14.7
03;2021-05-03;1912;773;102550;49315;31.0;14.9
03;2021-05-04;2845;1632;105395;50947;31.8;15.4
03;2021-05-05;2603;1321;107998;52268;32.6;15.8
03;2021-05-06;3097;2011;111095;54279;33.5;16.4
03;2021-05-07;4729;1791;115824;56070;35.0;16.9
03;2021-05-08;661;380;116485;56450;35.2;17.0
03;2021-05-09;49;511;116534;56961;35.2;17.2
03;2021-05-10;1892;1481;118426;58442;35.7;17.6
03;2021-05-11;3900;1839;122326;60281;36.9;18.2
03;2021-05-12;2971;1522;125297;61803;37.8;18.7
03;2021-05-13;4381;408;129678;62211;39.1;18.8
03;2021-05-14;3655;1696;133333;63907;40.2;19.3
03;2021-05-15;1942;491;135275;64398;40.8;19.4
03;2021-05-16;517;57;135792;64455;41.0;19.5
03;2021-05-17;1277;863;137069;65318;41.4;19.7
03;2021-05-18;3071;1502;140140;66820;42.3;20.2
03;2021-05-19;2623;967;142763;67787;43.1;20.5
03;2021-05-20;3336;1144;146099;68931;44.1;20.8
03;2021-05-21;4195;1286;150294;70217;45.4;21.2
03;2021-05-22;2012;359;152306;70576;46.0;21.3
03;2021-05-23;641;73;152947;70649;46.2;21.3
03;2021-05-24;2655;216;155602;70865;47.0;21.4
03;2021-05-25;3070;1692;158672;72557;47.9;21.9
03;2021-05-26;2337;1044;161009;73601;48.6;22.2
03;2021-05-27;2947;1127;163956;74728;49.5;22.6
03;2021-05-28;3846;2285;167802;77013;50.6;23.2
03;2021-05-29;1748;601;169550;77614;51.2;23.4
03;2021-05-30;242;23;169792;77637;51.2;23.4
03;2021-05-31;697;574;170489;78211;51.5;23.6
03;2021-06-01;2303;2345;172792;80556;52.2;24.3
03;2021-06-02;1535;1750;174327;82306;52.6;24.8
03;2021-06-03;2060;2753;176387;85059;53.2;25.7
03;2021-06-04;1699;2506;178086;87565;53.8;26.4
03;2021-06-05;1076;1143;179162;88708;54.1;26.8
03;2021-06-06;59;7;179221;88715;54.1;26.8
03;2021-06-07;785;1815;180006;90530;54.3;27.3
03;2021-06-08;1458;2556;181464;93086;54.8;28.1
03;2021-06-09;1268;1875;182732;94961;55.2;28.7
03;2021-06-10;1381;2124;184113;97085;55.6;29.3
03;2021-06-11;1504;3450;185617;100535;56.0;30.3
03;2021-06-12;831;823;186448;101358;56.3;30.6
03;2021-06-13;20;10;186468;101368;56.3;30.6
03;2021-06-14;381;2175;186849;103543;56.4;31.3
03;2021-06-15;1316;3835;188165;107378;56.8;32.4
03;2021-06-16;788;2888;188953;110266;57.0;33.3
03;2021-06-17;1083;3334;190036;113600;57.4;34.3
03;2021-06-18;1109;3979;191145;117579;57.7;35.5
03;2021-06-19;641;1618;191786;119197;57.9;36.0
03;2021-06-20;20;8;191806;119205;57.9;36.0
03;2021-06-21;462;2636;192268;121841;58.0;36.8
03;2021-06-22;1026;4004;193294;125845;58.3;38.0
03;2021-06-23;716;3285;194010;129130;58.6;39.0
03;2021-06-24;984;3864;194994;132994;58.9;40.1
03;2021-06-25;1019;3893;196013;136887;59.2;41.3
03;2021-06-26;513;2040;196526;138927;59.3;41.9
03;2021-06-27;65;486;196591;139413;59.3;42.1
03;2021-06-28;640;2101;197231;141514;59.5;42.7
03;2021-06-29;1029;3332;198260;144846;59.8;43.7
03;2021-06-30;831;3119;199091;147965;60.1;44.7
03;2021-07-01;986;2937;200077;150902;60.4;45.5
03;2021-07-02;920;4095;200997;154997;60.7;46.8
03;2021-07-03;487;1884;201484;156881;60.8;47.4
03;2021-07-04;19;332;201503;157213;60.8;47.5
03;2021-07-05;817;2379;202320;159592;61.1;48.2
03;2021-07-06;1171;3462;203491;163054;61.4;49.2
03;2021-07-07;805;2619;204296;165673;61.7;50.0
03;2021-07-08;1060;3042;205356;168715;62.0;50.9
03;2021-07-09;1470;3626;206826;172341;62.4;52.0
03;2021-07-10;510;1926;207336;174267;62.6;52.6
03;2021-07-11;61;492;207397;174759;62.6;52.7
03;2021-07-12;939;1149;208336;175908;62.9;53.1
03;2021-07-13;2613;3151;210949;179059;63.7;54.0
03;2021-07-14;195;25;211144;179084;63.7;54.1
03;2021-07-15;2613;2455;213757;181539;64.5;54.8
03;2021-07-16;2736;2276;216493;183815;65.3;55.5
03;2021-07-17;1030;1625;217523;185440;65.7;56.0
03;2021-07-18;31;6;217554;185446;65.7;56.0
03;2021-07-19;2392;1276;219946;186722;66.4;56.4
03;2021-07-20;3076;3032;223022;189754;67.3;57.3
03;2021-07-21;3213;1437;226235;191191;68.3;57.7
03;2021-07-22;2851;1886;229086;193077;69.1;58.3
03;2021-07-23;3205;1303;232291;194380;70.1;58.7
03;2021-07-24;588;581;232879;194961;70.3;58.8
03;2021-07-25;18;5;232897;194966;70.3;58.8
03;2021-07-26;2043;1580;234940;196546;70.9;59.3
03;2021-07-27;3323;2232;238263;198778;71.9;60.0
03;2021-07-28;2714;1116;240977;199894;72.7;60.3
03;2021-07-29;2546;1662;243523;201556;73.5;60.8
03;2021-07-30;2133;1449;245656;203005;74.1;61.3
03;2021-07-31;963;892;246619;203897;74.4;61.5
03;2021-08-01;13;20;246632;203917;74.4;61.5
03;2021-08-02;1678;1605;248310;205522;74.9;62.0
03;2021-08-03;2220;2778;250530;208300;75.6;62.9
03;2021-08-04;2193;887;252723;209187;76.3;63.1
03;2021-08-05;1264;1939;253987;211126;76.7;63.7
03;2021-08-06;1281;1024;255268;212150;77.0;64.0
03;2021-08-07;607;494;255875;212644;77.2;64.2
03;2021-08-08;66;29;255941;212673;77.3;64.2
03;2021-08-09;597;1306;256538;213979;77.4;64.6
03;2021-08-10;1662;3470;258200;217449;77.9;65.6
03;2021-08-11;1332;2530;259532;219979;78.3;66.4
03;2021-08-12;1132;3513;260664;223492;78.7;67.5
03;2021-08-13;689;1053;261353;224545;78.9;67.8
03;2021-08-14;379;567;261732;225112;79.0;67.9
03;2021-08-15;9;61;261741;225173;79.0;68.0
03;2021-08-16;713;2693;262454;227866;79.2;68.8
03;2021-08-17;1078;3222;263532;231088;79.5;69.7
03;2021-08-18;1157;2156;264689;233244;79.9;70.4
03;2021-08-19;1003;3049;265692;236293;80.2;71.3
03;2021-08-20;718;1137;266410;237430;80.4;71.7
03;2021-08-21;419;722;266829;238152;80.5;71.9
03;2021-08-22;8;6;266837;238158;80.5;71.9
03;2021-08-23;774;2285;267611;240443;80.8;72.6
03;2021-08-24;891;2409;268502;242852;81.0;73.3
03;2021-08-25;927;2024;269429;244876;81.3;73.9
03;2021-08-26;563;1434;269992;246310;81.5;74.3
03;2021-08-27;455;1578;270447;247888;81.6;74.8
03;2021-08-28;218;673;270665;248561;81.7;75.0
03;2021-08-29;4;0;270669;248561;81.7;75.0
03;2021-08-30;762;1464;271431;250025;81.9;75.5
03;2021-08-31;683;2045;272114;252070;82.1;76.1
04;2020-12-27;0;0;0;0;0.0;0.0
04;2020-12-28;1;0;1;0;0.0;0.0
04;2020-12-29;0;0;1;0;0.0;0.0
04;2020-12-30;0;0;1;0;0.0;0.0
04;2020-12-31;0;0;1;0;0.0;0.0
04;2021-01-01;0;0;1;0;0.0;0.0
04;2021-01-02;0;0;1;0;0.0;0.0
04;2021-01-03;0;0;1;0;0.0;0.0
04;2021-01-04;0;0;1;0;0.0;0.0
04;2021-01-05;4;0;5;0;0.0;0.0
04;2021-01-06;0;0;5;0;0.0;0.0
04;2021-01-07;61;0;66;0;0.0;0.0
04;2021-01-08;88;0;154;0;0.1;0.0
04;2021-01-09;57;0;211;0;0.1;0.0
04;2021-01-10;0;0;211;0;0.1;0.0
04;2021-01-11;77;0;288;0;0.2;0.0
04;2021-01-12;420;0;708;0;0.4;0.0
04;2021-01-13;245;1;953;1;0.6;0.0
04;2021-01-14;90;2;1043;3;0.6;0.0
04;2021-01-15;164;4;1207;7;0.7;0.0
04;2021-01-16;105;2;1312;9;0.8;0.0
04;2021-01-17;14;0;1326;9;0.8;0.0
04;2021-01-18;236;9;1562;18;0.9;0.0
04;2021-01-19;468;4;2030;22;1.2;0.0
04;2021-01-20;573;9;2603;31;1.6;0.0
04;2021-01-21;614;6;3217;37;1.9;0.0
04;2021-01-22;638;1;3855;38;2.3;0.0
04;2021-01-23;111;0;3966;38;2.4;0.0
04;2021-01-24;0;0;3966;38;2.4;0.0
04;2021-01-25;240;0;4206;38;2.5;0.0
04;2021-01-26;656;1;4862;39;2.9;0.0
04;2021-01-27;480;0;5342;39;3.2;0.0
04;2021-01-28;665;22;6007;61;3.6;0.0
04;2021-01-29;367;42;6374;103;3.9;0.1
04;2021-01-30;65;41;6439;144;3.9;0.1
04;2021-01-31;1;5;6440;149;3.9;0.1
04;2021-02-01;268;148;6708;297;4.1;0.2
04;2021-02-02;560;225;7268;522;4.4;0.3
04;2021-02-03;368;160;7636;682;4.6;0.4
04;2021-02-04;356;53;7992;735;4.8;0.4
04;2021-02-05;379;218;8371;953;5.1;0.6
04;2021-02-06;50;93;8421;1046;5.1;0.6
04;2021-02-07;2;22;8423;1068;5.1;0.6
04;2021-02-08;163;71;8586;1139;5.2;0.7
04;2021-02-09;194;143;8780;1282;5.3;0.8
04;2021-02-10;252;170;9032;1452;5.5;0.9
04;2021-02-11;364;289;9396;1741;5.7;1.1
04;2021-02-12;293;317;9689;2058;5.9;1.2
04;2021-02-13;26;94;9715;2152;5.9;1.3
04;2021-02-14;0;0;9715;2152;5.9;1.3
04;2021-02-15;31;164;9746;2316;5.9;1.4
04;2021-02-16;80;512;9826;2828;5.9;1.7
04;2021-02-17;67;428;9893;3256;6.0;2.0
04;2021-02-18;45;613;9938;3869;6.0;2.3
04;2021-02-19;52;372;9990;4241;6.0;2.6
04;2021-02-20;5;71;9995;4312;6.1;2.6
04;2021-02-21;0;0;9995;4312;6.1;2.6
04;2021-02-22;7;297;10002;4609;6.1;2.8
04;2021-02-23;19;595;10021;5204;6.1;3.2
04;2021-02-24;38;431;10059;5635;6.1;3.4
04;2021-02-25;72;375;10131;6010;6.1;3.6
04;2021-02-26;216;333;10347;6343;6.3;3.8
04;2021-02-27;179;75;10526;6418;6.4;3.9
04;2021-02-28;1;0;10527;6418;6.4;3.9
04;2021-03-01;18;74;10545;6492;6.4;3.9
04;2021-03-02;135;41;10680;6533;6.5;4.0
04;2021-03-03;375;643;11055;7176;6.7;4.3
04;2021-03-04;208;490;11263;7666;6.8;4.6
04;2021-03-05;236;357;11499;8023;7.0;4.9
04;2021-03-06;912;77;12411;8100;7.5;4.9
04;2021-03-07;498;24;12909;8124;7.8;4.9
04;2021-03-08;45;83;12954;8207;7.8;5.0
04;2021-03-09;215;257;13169;8464;8.0;5.1
04;2021-03-10;400;373;13569;8837;8.2;5.3
04;2021-03-11;495;341;14064;9178;8.5;5.6
04;2021-03-12;699;207;14763;9385;8.9;5.7
04;2021-03-13;1088;61;15851;9446;9.6;5.7
04;2021-03-14;460;3;16311;9449;9.9;5.7
04;2021-03-15;93;14;16404;9463;9.9;5.7
04;2021-03-16;74;9;16478;9472;10.0;5.7
04;2021-03-17;534;81;17012;9553;10.3;5.8
04;2021-03-18;815;25;17827;9578;10.8;5.8
04;2021-03-19;724;33;18551;9611;11.2;5.8
04;2021-03-20;159;3;18710;9614;11.3;5.8
04;2021-03-21;0;0;18710;9614;11.3;5.8
04;2021-03-22;105;13;18815;9627;11.4;5.8
04;2021-03-23;244;7;19059;9634;11.5;5.8
04;2021-03-24;1023;52;20082;9686;12.2;5.9
04;2021-03-25;1325;46;21407;9732;13.0;5.9
04;2021-03-26;1449;66;22856;9798;13.8;5.9
04;2021-03-27;266;20;23122;9818;14.0;5.9
04;2021-03-28;2;0;23124;9818;14.0;5.9
04;2021-03-29;681;13;23805;9831;14.4;6.0
04;2021-03-30;1085;148;24890;9979;15.1;6.0
04;2021-03-31;1327;107;26217;10086;15.9;6.1
04;2021-04-01;1133;130;27350;10216;16.6;6.2
04;2021-04-02;1184;111;28534;10327;17.3;6.3
04;2021-04-03;250;20;28784;10347;17.4;6.3
04;2021-04-04;1;0;28785;10347;17.4;6.3
04;2021-04-05;36;1;28821;10348;17.4;6.3
04;2021-04-06;928;147;29749;10495;18.0;6.4
04;2021-04-07;881;435;30630;10930;18.5;6.6
04;2021-04-08;926;698;31556;11628;19.1;7.0
04;2021-04-09;678;420;32234;12048;19.5;7.3
04;2021-04-10;231;192;32465;12240;19.7;7.4
04;2021-04-11;153;65;32618;12305;19.7;7.4
04;2021-04-12;593;101;33211;12406;20.1;7.5
04;2021-04-13;1190;240;34401;12646;20.8;7.7
04;2021-04-14;993;498;35394;13144;21.4;8.0
04;2021-04-15;921;673;36315;13817;22.0;8.4
04;2021-04-16;819;457;37134;14274;22.5;8.6
04;2021-04-17;211;69;37345;14343;22.6;8.7
04;2021-04-18;0;13;37345;14356;22.6;8.7
04;2021-04-19;338;288;37683;14644;22.8;8.9
04;2021-04-20;1005;445;38688;15089;23.4;9.1
04;2021-04-21;656;747;39344;15836;23.8;9.6
04;2021-04-22;759;853;40103;16689;24.3;10.1
04;2021-04-23;695;537;40798;17226;24.7;10.4
04;2021-04-24;165;65;40963;17291;24.8;10.5
04;2021-04-25;0;0;40963;17291;24.8;10.5
04;2021-04-26;172;611;41135;17902;24.9;10.8
04;2021-04-27;395;967;41530;18869;25.1;11.4
04;2021-04-28;432;1089;41962;19958;25.4;12.1
04;2021-04-29;687;1127;42649;21085;25.8;12.8
04;2021-04-30;436;849;43085;21934;26.1;13.3
04;2021-05-01;104;22;43189;21956;26.1;13.3
04;2021-05-02;8;131;43197;22087;26.1;13.4
04;2021-05-03;151;552;43348;22639;26.2;13.7
04;2021-05-04;564;839;43912;23478;26.6;14.2
04;2021-05-05;514;928;44426;24406;26.9;14.8
04;2021-05-06;1162;592;45588;24998;27.6;15.1
04;2021-05-07;657;762;46245;25760;28.0;15.6
04;2021-05-08;48;98;46293;25858;28.0;15.7
04;2021-05-09;0;0;46293;25858;28.0;15.7
04;2021-05-10;467;295;46760;26153;28.3;15.8
04;2021-05-11;1202;908;47962;27061;29.0;16.4
04;2021-05-12;1389;740;49351;27801;29.9;16.8
04;2021-05-13;378;131;49729;27932;30.1;16.9
04;2021-05-14;440;295;50169;28227;30.4;17.1
04;2021-05-15;99;163;50268;28390;30.4;17.2
04;2021-05-16;4;6;50272;28396;30.4;17.2
04;2021-05-17;154;298;50426;28694;30.5;17.4
04;2021-05-18;392;976;50818;29670;30.8;18.0
04;2021-05-19;774;690;51592;30360;31.2;18.4
04;2021-05-20;1258;551;52850;30911;32.0;18.7
04;2021-05-21;853;789;53703;31700;32.5;19.2
04;2021-05-22;105;146;53808;31846;32.6;19.3
04;2021-05-23;1;1;53809;31847;32.6;19.3
04;2021-05-24;2;36;53811;31883;32.6;19.3
04;2021-05-25;868;596;54679;32479;33.1;19.7
04;2021-05-26;1048;788;55727;33267;33.7;20.1
04;2021-05-27;1357;633;57084;33900;34.6;20.5
04;2021-05-28;1119;659;58203;34559;35.2;20.9
04;2021-05-29;90;398;58293;34957;35.3;21.2
04;2021-05-30;3;1;58296;34958;35.3;21.2
04;2021-05-31;421;417;58717;35375;35.5;21.4
04;2021-06-01;643;639;59360;36014;35.9;21.8
04;2021-06-02;872;1064;60232;37078;36.5;22.4
04;2021-06-03;1196;854;61428;37932;37.2;23.0
04;2021-06-04;977;780;62405;38712;37.8;23.4
04;2021-06-05;142;201;62547;38913;37.9;23.6
04;2021-06-06;7;13;62554;38926;37.9;23.6
04;2021-06-07;563;318;63117;39244;38.2;23.8
04;2021-06-08;843;595;63960;39839;38.7;24.1
04;2021-06-09;1149;689;65109;40528;39.4;24.5
04;2021-06-10;1147;586;66256;41114;40.1;24.9
04;2021-06-11;945;611;67201;41725;40.7;25.3
04;2021-06-12;212;148;67413;41873;40.8;25.3
04;2021-06-13;1;1;67414;41874;40.8;25.3
04;2021-06-14;478;304;67892;42178;41.1;25.5
04;2021-06-15;645;1003;68537;43181;41.5;26.1
04;2021-06-16;1021;787;69558;43968;42.1;26.6
04;2021-06-17;1001;961;70559;44929;42.7;27.2
04;2021-06-18;765;886;71324;45815;43.2;27.7
04;2021-06-19;40;85;71364;45900;43.2;27.8
04;2021-06-20;7;9;71371;45909;43.2;27.8
04;2021-06-21;306;615;71677;46524;43.4;28.2
04;2021-06-22;361;1308;72038;47832;43.6;29.0
04;2021-06-23;476;1313;72514;49145;43.9;29.7
04;2021-06-24;852;820;73366;49965;44.4;30.2
04;2021-06-25;462;638;73828;50603;44.7;30.6
04;2021-06-26;56;129;73884;50732;44.7;30.7
04;2021-06-27;4;4;73888;50736;44.7;30.7
04;2021-06-28;158;341;74046;51077;44.8;30.9
04;2021-06-29;371;837;74417;51914;45.0;31.4
04;2021-06-30;542;1121;74959;53035;45.4;32.1
04;2021-07-01;579;1219;75538;54254;45.7;32.8
04;2021-07-02;557;1089;76095;55343;46.1;33.5
04;2021-07-03;65;162;76160;55505;46.1;33.6
04;2021-07-04;6;6;76166;55511;46.1;33.6
04;2021-07-05;106;297;76272;55808;46.2;33.8
04;2021-07-06;505;1382;76777;57190;46.5;34.6
04;2021-07-07;495;1342;77272;58532;46.8;35.4
04;2021-07-08;725;1361;77997;59893;47.2;36.3
04;2021-07-09;581;1064;78578;60957;47.6;36.9
04;2021-07-10;92;177;78670;61134;47.6;37.0
04;2021-07-11;0;21;78670;61155;47.6;37.0
04;2021-07-12;127;651;78797;61806;47.7;37.4
04;2021-07-13;880;1542;79677;63348;48.2;38.3
04;2021-07-14;26;43;79703;63391;48.2;38.4
04;2021-07-15;1220;1735;80923;65126;49.0;39.4
04;2021-07-16;1082;1118;82005;66244;49.6;40.1
04;2021-07-17;446;234;82451;66478;49.9;40.2
04;2021-07-18;114;18;82565;66496;50.0;40.3
04;2021-07-19;484;655;83049;67151;50.3;40.6
04;2021-07-20;1314;1466;84363;68617;51.1;41.5
04;2021-07-21;1126;1166;85489;69783;51.7;42.2
04;2021-07-22;1500;1370;86989;71153;52.7;43.1
04;2021-07-23;1151;1143;88140;72296;53.4;43.8
04;2021-07-24;685;213;88825;72509;53.8;43.9
04;2021-07-25;42;20;88867;72529;53.8;43.9
04;2021-07-26;445;639;89312;73168;54.1;44.3
04;2021-07-27;1370;1047;90682;74215;54.9;44.9
04;2021-07-28;1073;1038;91755;75253;55.5;45.6
04;2021-07-29;1558;1299;93313;76552;56.5;46.3
04;2021-07-30;1246;928;94559;77480;57.2;46.9
04;2021-07-31;252;176;94811;77656;57.4;47.0
04;2021-08-01;48;19;94859;77675;57.4;47.0
04;2021-08-02;138;111;94997;77786;57.5;47.1
04;2021-08-03;1345;1116;96342;78902;58.3;47.8
04;2021-08-04;1176;862;97518;79764;59.0;48.3
04;2021-08-05;1187;738;98705;80502;59.7;48.7
04;2021-08-06;517;396;99222;80898;60.1;49.0
04;2021-08-07;159;162;99381;81060;60.2;49.1
04;2021-08-08;25;12;99406;81072;60.2;49.1
04;2021-08-09;104;120;99510;81192;60.2;49.1
04;2021-08-10;655;980;100165;82172;60.6;49.7
04;2021-08-11;1148;1026;101313;83198;61.3;50.4
04;2021-08-12;1120;1297;102433;84495;62.0;51.1
04;2021-08-13;440;384;102873;84879;62.3;51.4
04;2021-08-14;99;72;102972;84951;62.3;51.4
04;2021-08-15;0;0;102972;84951;62.3;51.4
04;2021-08-16;103;136;103075;85087;62.4;51.5
04;2021-08-17;494;1015;103569;86102;62.7;52.1
04;2021-08-18;717;1320;104286;87422;63.1;52.9
04;2021-08-19;738;1405;105024;88827;63.6;53.8
04;2021-08-20;746;1365;105770;90192;64.0;54.6
04;2021-08-21;65;111;105835;90303;64.1;54.7
04;2021-08-22;15;45;105850;90348;64.1;54.7
04;2021-08-23;54;109;105904;90457;64.1;54.8
04;2021-08-24;680;1491;106584;91948;64.5;55.7
04;2021-08-25;656;1183;107240;93131;64.9;56.4
04;2021-08-26;488;1210;107728;94341;65.2;57.1
04;2021-08-27;448;929;108176;95270;65.5;57.7
04;2021-08-28;123;243;108299;95513;65.6;57.8
04;2021-08-29;26;22;108325;95535;65.6;57.8
04;2021-08-30;120;242;108445;95777;65.6;58.0
04;2021-08-31;502;995;108947;96772;65.9;58.6
05;2020-12-27;0;0;0;0;0.0;0.0
05;2020-12-28;1;0;1;0;0.0;0.0
05;2020-12-29;1;0;2;0;0.0;0.0
05;2020-12-30;2;0;4;0;0.0;0.0
05;2020-12-31;0;0;4;0;0.0;0.0
05;2021-01-01;2;0;6;0;0.0;0.0
05;2021-01-02;2;0;8;0;0.0;0.0
05;2021-01-03;1;0;9;0;0.0;0.0
05;2021-01-04;2;0;11;0;0.0;0.0
05;2021-01-05;0;0;11;0;0.0;0.0
05;2021-01-06;21;0;32;0;0.0;0.0
05;2021-01-07;128;0;160;0;0.1;0.0
05;2021-01-08;146;0;306;0;0.2;0.0
05;2021-01-09;11;0;317;0;0.2;0.0
05;2021-01-10;0;0;317;0;0.2;0.0
05;2021-01-11;44;0;361;0;0.3;0.0
05;2021-01-12;105;0;466;0;0.3;0.0
05;2021-01-13;140;0;606;0;0.4;0.0
05;2021-01-14;167;0;773;0;0.5;0.0
05;2021-01-15;128;1;901;1;0.6;0.0
05;2021-01-16;14;0;915;1;0.6;0.0
05;2021-01-17;0;0;915;1;0.6;0.0
05;2021-01-18;226;1;1141;2;0.8;0.0
05;2021-01-19;228;0;1369;2;1.0;0.0
05;2021-01-20;213;0;1582;2;1.1;0.0
05;2021-01-21;255;0;1837;2;1.3;0.0
05;2021-01-22;195;1;2032;3;1.4;0.0
05;2021-01-23;112;0;2144;3;1.5;0.0
05;2021-01-24;0;0;2144;3;1.5;0.0
05;2021-01-25;317;0;2461;3;1.7;0.0
05;2021-01-26;486;0;2947;3;2.1;0.0
05;2021-01-27;389;4;3336;7;2.4;0.0
05;2021-01-28;363;56;3699;63;2.6;0.0
05;2021-01-29;363;112;4062;175;2.9;0.1
05;2021-01-30;97;9;4159;184;2.9;0.1
05;2021-01-31;4;0;4163;184;2.9;0.1
05;2021-02-01;177;20;4340;204;3.1;0.1
05;2021-02-02;187;121;4527;325;3.2;0.2
05;2021-02-03;207;63;4734;388;3.3;0.3
05;2021-02-04;197;125;4931;513;3.5;0.4
05;2021-02-05;183;111;5114;624;3.6;0.4
05;2021-02-06;76;24;5190;648;3.7;0.5
05;2021-02-07;0;5;5190;653;3.7;0.5
05;2021-02-08;84;122;5274;775;3.7;0.5
05;2021-02-09;97;113;5371;888;3.8;0.6
05;2021-02-10;81;176;5452;1064;3.8;0.8
05;2021-02-11;87;137;5539;1201;3.9;0.8
05;2021-02-12;84;148;5623;1349;4.0;1.0
05;2021-02-13;75;32;5698;1381;4.0;1.0
05;2021-02-14;0;0;5698;1381;4.0;1.0
05;2021-02-15;97;188;5795;1569;4.1;1.1
05;2021-02-16;110;285;5905;1854;4.2;1.3
05;2021-02-17;136;230;6041;2084;4.3;1.5
05;2021-02-18;154;294;6195;2378;4.4;1.7
05;2021-02-19;158;321;6353;2699;4.5;1.9
05;2021-02-20;31;87;6384;2786;4.5;2.0
05;2021-02-21;0;0;6384;2786;4.5;2.0
05;2021-02-22;70;246;6454;3032;4.6;2.1
05;2021-02-23;18;236;6472;3268;4.6;2.3
05;2021-02-24;20;186;6492;3454;4.6;2.4
05;2021-02-25;56;173;6548;3627;4.6;2.6
05;2021-02-26;145;207;6693;3834;4.7;2.7
05;2021-02-27;65;171;6758;4005;4.8;2.8
05;2021-02-28;11;0;6769;4005;4.8;2.8
05;2021-03-01;92;167;6861;4172;4.8;2.9
05;2021-03-02;92;197;6953;4369;4.9;3.1
05;2021-03-03;112;229;7065;4598;5.0;3.2
05;2021-03-04;242;166;7307;4764;5.2;3.4
05;2021-03-05;578;192;7885;4956;5.6;3.5
05;2021-03-06;668;58;8553;5014;6.0;3.5
05;2021-03-07;516;19;9069;5033;6.4;3.6
05;2021-03-08;556;136;9625;5169;6.8;3.6
05;2021-03-09;520;163;10145;5332;7.2;3.8
05;2021-03-10;498;143;10643;5475;7.5;3.9
05;2021-03-11;376;138;11019;5613;7.8;4.0
05;2021-03-12;435;91;11454;5704;8.1;4.0
05;2021-03-13;796;95;12250;5799;8.6;4.1
05;2021-03-14;670;11;12920;5810;9.1;4.1
05;2021-03-15;354;124;13274;5934;9.4;4.2
05;2021-03-16;148;143;13422;6077;9.5;4.3
05;2021-03-17;262;121;13684;6198;9.7;4.4
05;2021-03-18;364;35;14048;6233;9.9;4.4
05;2021-03-19;450;59;14498;6292;10.2;4.4
05;2021-03-20;167;32;14665;6324;10.3;4.5
05;2021-03-21;1;0;14666;6324;10.3;4.5
05;2021-03-22;717;36;15383;6360;10.9;4.5
05;2021-03-23;804;14;16187;6374;11.4;4.5
05;2021-03-24;790;77;16977;6451;12.0;4.6
05;2021-03-25;901;59;17878;6510;12.6;4.6
05;2021-03-26;1023;48;18901;6558;13.3;4.6
05;2021-03-27;467;34;19368;6592;13.7;4.7
05;2021-03-28;10;0;19378;6592;13.7;4.7
05;2021-03-29;905;63;20283;6655;14.3;4.7
05;2021-03-30;1142;79;21425;6734;15.1;4.8
05;2021-03-31;823;254;22248;6988;15.7;4.9
05;2021-04-01;900;243;23148;7231;16.3;5.1
05;2021-04-02;665;378;23813;7609;16.8;5.4
05;2021-04-03;550;185;24363;7794;17.2;5.5
05;2021-04-04;350;63;24713;7857;17.4;5.5
05;2021-04-05;158;12;24871;7869;17.5;5.6
05;2021-04-06;646;276;25517;8145;18.0;5.7
05;2021-04-07;773;323;26290;8468;18.5;6.0
05;2021-04-08;734;336;27024;8804;19.1;6.2
05;2021-04-09;882;411;27906;9215;19.7;6.5
05;2021-04-10;713;388;28619;9603;20.2;6.8
05;2021-04-11;191;174;28810;9777;20.3;6.9
05;2021-04-12;732;262;29542;10039;20.8;7.1
05;2021-04-13;921;248;30463;10287;21.5;7.3
05;2021-04-14;667;328;31130;10615;22.0;7.5
05;2021-04-15;768;398;31898;11013;22.5;7.8
05;2021-04-16;731;411;32629;11424;23.0;8.1
05;2021-04-17;671;240;33300;11664;23.5;8.2
05;2021-04-18;305;23;33605;11687;23.7;8.2
05;2021-04-19;363;537;33968;12224;24.0;8.6
05;2021-04-20;482;630;34450;12854;24.3;9.1
05;2021-04-21;494;629;34944;13483;24.7;9.5
05;2021-04-22;385;549;35329;14032;24.9;9.9
05;2021-04-23;523;657;35852;14689;25.3;10.4
05;2021-04-24;347;383;36199;15072;25.5;10.6
05;2021-04-25;288;23;36487;15095;25.7;10.6
05;2021-04-26;367;705;36854;15800;26.0;11.1
05;2021-04-27;657;749;37511;16549;26.5;11.7
05;2021-04-28;468;720;37979;17269;26.8;12.2
05;2021-04-29;703;748;38682;18017;27.3;12.7
05;2021-04-30;509;755;39191;18772;27.6;13.2
05;2021-05-01;138;110;39329;18882;27.7;13.3
05;2021-05-02;267;115;39596;18997;27.9;13.4
05;2021-05-03;457;494;40053;19491;28.3;13.7
05;2021-05-04;384;503;40437;19994;28.5;14.1
05;2021-05-05;462;671;40899;20665;28.9;14.6
05;2021-05-06;647;724;41546;21389;29.3;15.1
05;2021-05-07;596;801;42142;22190;29.7;15.7
05;2021-05-08;481;176;42623;22366;30.1;15.8
05;2021-05-09;208;57;42831;22423;30.2;15.8
05;2021-05-10;500;697;43331;23120;30.6;16.3
05;2021-05-11;669;915;44000;24035;31.0;17.0
05;2021-05-12;648;733;44648;24768;31.5;17.5
05;2021-05-13;960;116;45608;24884;32.2;17.6
05;2021-05-14;826;495;46434;25379;32.8;17.9
05;2021-05-15;1043;354;47477;25733;33.5;18.2
05;2021-05-16;235;52;47712;25785;33.7;18.2
05;2021-05-17;484;430;48196;26215;34.0;18.5
05;2021-05-18;519;419;48715;26634;34.4;18.8
05;2021-05-19;728;459;49443;27093;34.9;19.1
05;2021-05-20;747;434;50190;27527;35.4;19.4
05;2021-05-21;705;511;50895;28038;35.9;19.8
05;2021-05-22;606;239;51501;28277;36.3;19.9
05;2021-05-23;277;59;51778;28336;36.5;20.0
05;2021-05-24;509;157;52287;28493;36.9;20.1
05;2021-05-25;515;482;52802;28975;37.2;20.4
05;2021-05-26;696;362;53498;29337;37.7;20.7
05;2021-05-27;799;571;54297;29908;38.3;21.1
05;2021-05-28;666;649;54963;30557;38.8;21.6
05;2021-05-29;566;544;55529;31101;39.2;21.9
05;2021-05-30;212;82;55741;31183;39.3;22.0
05;2021-05-31;575;496;56316;31679;39.7;22.3
05;2021-06-01;589;585;56905;32264;40.1;22.8
05;2021-06-02;685;703;57590;32967;40.6;23.3
05;2021-06-03;716;652;58306;33619;41.1;23.7
05;2021-06-04;1018;819;59324;34438;41.8;24.3
05;2021-06-05;807;508;60131;34946;42.4;24.7
05;2021-06-06;200;89;60331;35035;42.6;24.7
05;2021-06-07;605;833;60936;35868;43.0;25.3
05;2021-06-08;702;659;61638;36527;43.5;25.8
05;2021-06-09;648;782;62286;37309;43.9;26.3
05;2021-06-10;544;718;62830;38027;44.3;26.8
05;2021-06-11;766;723;63596;38750;44.9;27.3
05;2021-06-12;593;484;64189;39234;45.3;27.7
05;2021-06-13;112;91;64301;39325;45.4;27.7
05;2021-06-14;403;668;64704;39993;45.6;28.2
05;2021-06-15;543;911;65247;40904;46.0;28.9
05;2021-06-16;433;670;65680;41574;46.3;29.3
05;2021-06-17;361;805;66041;42379;46.6;29.9
05;2021-06-18;396;724;66437;43103;46.9;30.4
05;2021-06-19;421;571;66858;43674;47.2;30.8
05;2021-06-20;64;77;66922;43751;47.2;30.9
05;2021-06-21;319;641;67241;44392;47.4;31.3
05;2021-06-22;356;829;67597;45221;47.7;31.9
05;2021-06-23;354;764;67951;45985;47.9;32.4
05;2021-06-24;388;1023;68339;47008;48.2;33.2
05;2021-06-25;229;893;68568;47901;48.4;33.8
05;2021-06-26;292;1074;68860;48975;48.6;34.5
05;2021-06-27;128;170;68988;49145;48.7;34.7
05;2021-06-28;254;793;69242;49938;48.8;35.2
05;2021-06-29;250;785;69492;50723;49.0;35.8
05;2021-06-30;329;790;69821;51513;49.3;36.3
05;2021-07-01;383;790;70204;52303;49.5;36.9
05;2021-07-02;370;871;70574;53174;49.8;37.5
05;2021-07-03;305;741;70879;53915;50.0;38.0
05;2021-07-04;179;177;71058;54092;50.1;38.2
05;2021-07-05;264;781;71322;54873;50.3;38.7
05;2021-07-06;336;859;71658;55732;50.6;39.3
05;2021-07-07;401;782;72059;56514;50.8;39.9
05;2021-07-08;431;848;72490;57362;51.1;40.5
05;2021-07-09;422;994;72912;58356;51.4;41.2
05;2021-07-10;314;729;73226;59085;51.7;41.7
05;2021-07-11;176;119;73402;59204;51.8;41.8
05;2021-07-12;416;1014;73818;60218;52.1;42.5
05;2021-07-13;483;870;74301;61088;52.4;43.1
05;2021-07-14;838;299;75139;61387;53.0;43.3
05;2021-07-15;709;994;75848;62381;53.5;44.0
05;2021-07-16;1028;1459;76876;63840;54.2;45.0
05;2021-07-17;674;1307;77550;65147;54.7;46.0
05;2021-07-18;285;129;77835;65276;54.9;46.0
05;2021-07-19;572;791;78407;66067;55.3;46.6
05;2021-07-20;762;801;79169;66868;55.8;47.2
05;2021-07-21;882;841;80051;67709;56.5;47.8
05;2021-07-22;814;869;80865;68578;57.0;48.4
05;2021-07-23;1447;1238;82312;69816;58.1;49.3
05;2021-07-24;864;835;83176;70651;58.7;49.8
05;2021-07-25;305;160;83481;70811;58.9;50.0
05;2021-07-26;779;562;84260;71373;59.4;50.3
05;2021-07-27;1261;754;85521;72127;60.3;50.9
05;2021-07-28;1523;718;87044;72845;61.4;51.4
05;2021-07-29;1346;722;88390;73567;62.4;51.9
05;2021-07-30;961;593;89351;74160;63.0;52.3
05;2021-07-31;782;525;90133;74685;63.6;52.7
05;2021-08-01;192;178;90325;74863;63.7;52.8
05;2021-08-02;834;548;91159;75411;64.3;53.2
05;2021-08-03;828;609;91987;76020;64.9;53.6
05;2021-08-04;990;755;92977;76775;65.6;54.2
05;2021-08-05;977;721;93954;77496;66.3;54.7
05;2021-08-06;873;792;94827;78288;66.9;55.2
05;2021-08-07;631;642;95458;78930;67.3;55.7
05;2021-08-08;196;270;95654;79200;67.5;55.9
05;2021-08-09;771;848;96425;80048;68.0;56.5
05;2021-08-10;649;697;97074;80745;68.5;57.0
05;2021-08-11;742;854;97816;81599;69.0;57.6
05;2021-08-12;787;782;98603;82381;69.6;58.1
05;2021-08-13;625;894;99228;83275;70.0;58.7
05;2021-08-14;408;782;99636;84057;70.3;59.3
05;2021-08-15;188;223;99824;84280;70.4;59.5
05;2021-08-16;487;1083;100311;85363;70.8;60.2
05;2021-08-17;431;883;100742;86246;71.1;60.8
05;2021-08-18;434;971;101176;87217;71.4;61.5
05;2021-08-19;500;962;101676;88179;71.7;62.2
05;2021-08-20;477;1113;102153;89292;72.1;63.0
05;2021-08-21;356;848;102509;90140;72.3;63.6
05;2021-08-22;117;254;102626;90394;72.4;63.8
05;2021-08-23;321;829;102947;91223;72.6;64.4
05;2021-08-24;399;778;103346;92001;72.9;64.9
05;2021-08-25;407;923;103753;92924;73.2;65.6
05;2021-08-26;302;812;104055;93736;73.4;66.1
05;2021-08-27;333;918;104388;94654;73.6;66.8
05;2021-08-28;241;652;104629;95306;73.8;67.2
05;2021-08-29;66;255;104695;95561;73.9;67.4
05;2021-08-30;268;802;104963;96363;74.0;68.0
05;2021-08-31;250;712;105213;97075;74.2;68.5
06;2020-12-27;12;0;12;0;0.0;0.0
06;2020-12-28;21;0;33;0;0.0;0.0
06;2020-12-29;10;0;43;0;0.0;0.0
06;2020-12-30;8;0;51;0;0.0;0.0
06;2020-12-31;29;0;80;0;0.0;0.0
06;2021-01-01;20;0;100;0;0.0;0.0
06;2021-01-02;7;0;107;0;0.0;0.0
06;2021-01-03;7;0;114;0;0.0;0.0
06;2021-01-04;154;1;268;1;0.0;0.0
06;2021-01-05;181;1;449;2;0.0;0.0
06;2021-01-06;236;0;685;2;0.1;0.0
06;2021-01-07;513;0;1198;2;0.1;0.0
06;2021-01-08;687;2;1885;4;0.2;0.0
06;2021-01-09;391;2;2276;6;0.2;0.0
06;2021-01-10;80;0;2356;6;0.2;0.0
06;2021-01-11;1152;0;3508;6;0.3;0.0
06;2021-01-12;2243;5;5751;11;0.5;0.0
06;2021-01-13;1740;7;7491;18;0.7;0.0
06;2021-01-14;2154;17;9645;35;0.9;0.0
06;2021-01-15;1875;5;11520;40;1.1;0.0
06;2021-01-16;986;4;12506;44;1.2;0.0
06;2021-01-17;240;0;12746;44;1.2;0.0
06;2021-01-18;2486;8;15232;52;1.4;0.0
06;2021-01-19;2766;9;17998;61;1.7;0.0
06;2021-01-20;3362;10;21360;71;2.0;0.0
06;2021-01-21;3036;24;24396;95;2.3;0.0
06;2021-01-22;2972;17;27368;112;2.5;0.0
06;2021-01-23;1304;3;28672;115;2.7;0.0
06;2021-01-24;32;0;28704;115;2.7;0.0
06;2021-01-25;2079;14;30783;129;2.9;0.0
06;2021-01-26;3402;41;34185;170;3.2;0.0
06;2021-01-27;2566;100;36751;270;3.4;0.0
06;2021-01-28;2817;200;39568;470;3.7;0.0
06;2021-01-29;2515;306;42083;776;3.9;0.1
06;2021-01-30;671;43;42754;819;4.0;0.1
06;2021-01-31;4;1;42758;820;4.0;0.1
06;2021-02-01;1030;469;43788;1289;4.1;0.1
06;2021-02-02;1504;407;45292;1696;4.2;0.2
06;2021-02-03;330;134;45622;1830;4.2;0.2
06;2021-02-04;716;886;46338;2716;4.3;0.3
06;2021-02-05;1015;1101;47353;3817;4.4;0.4
06;2021-02-06;163;460;47516;4277;4.4;0.4
06;2021-02-07;10;48;47526;4325;4.4;0.4
06;2021-02-08;537;1083;48063;5408;4.5;0.5
06;2021-02-09;320;734;48383;6142;4.5;0.6
06;2021-02-10;376;659;48759;6801;4.5;0.6
06;2021-02-11;478;1057;49237;7858;4.6;0.7
06;2021-02-12;658;1300;49895;9158;4.6;0.8
06;2021-02-13;205;515;50100;9673;4.6;0.9
06;2021-02-14;16;1;50116;9674;4.6;0.9
06;2021-02-15;470;1252;50586;10926;4.7;1.0
06;2021-02-16;869;1998;51455;12924;4.8;1.2
06;2021-02-17;835;2115;52290;15039;4.8;1.4
06;2021-02-18;1814;2672;54104;17711;5.0;1.6
06;2021-02-19;1767;2136;55871;19847;5.2;1.8
06;2021-02-20;286;522;56157;20369;5.2;1.9
06;2021-02-21;24;55;56181;20424;5.2;1.9
06;2021-02-22;1085;1610;57266;22034;5.3;2.0
06;2021-02-23;1756;1531;59022;23565;5.5;2.2
06;2021-02-24;2117;1284;61139;24849;5.7;2.3
06;2021-02-25;3856;1670;64995;26519;6.0;2.5
06;2021-02-26;3403;1606;68398;28125;6.3;2.6
06;2021-02-27;1438;330;69836;28455;6.5;2.6
06;2021-02-28;97;24;69933;28479;6.5;2.6
06;2021-03-01;2418;822;72351;29301;6.7;2.7
06;2021-03-02;2458;986;74809;30287;6.9;2.8
06;2021-03-03;2858;571;77667;30858;7.2;2.9
06;2021-03-04;4631;620;82298;31478;7.6;2.9
06;2021-03-05;3907;1029;86205;32507;8.0;3.0
06;2021-03-06;11957;359;98162;32866;9.1;3.0
06;2021-03-07;10207;313;108369;33179;10.0;3.1
06;2021-03-08;4165;1192;112534;34371;10.4;3.2
06;2021-03-09;4996;929;117530;35300;10.9;3.3
06;2021-03-10;4720;845;122250;36145;11.3;3.3
06;2021-03-11;6732;905;128982;37050;11.9;3.4
06;2021-03-12;6883;1012;135865;38062;12.6;3.5
06;2021-03-13;11253;354;147118;38416;13.6;3.6
06;2021-03-14;512;49;147630;38465;13.7;3.6
06;2021-03-15;4840;762;152470;39227;14.1;3.6
06;2021-03-16;3772;1056;156242;40283;14.5;3.7
06;2021-03-17;6202;1892;162444;42175;15.0;3.9
06;2021-03-18;5130;1827;167574;44002;15.5;4.1
06;2021-03-19;6825;2028;174399;46030;16.2;4.3
06;2021-03-20;2374;559;176773;46589;16.4;4.3
06;2021-03-21;410;23;177183;46612;16.4;4.3
06;2021-03-22;3984;708;181167;47320;16.8;4.4
06;2021-03-23;5988;1220;187155;48540;17.3;4.5
06;2021-03-24;4224;3325;191379;51865;17.7;4.8
06;2021-03-25;5869;3245;197248;55110;18.3;5.1
06;2021-03-26;6365;1995;203613;57105;18.9;5.3
06;2021-03-27;2041;367;205654;57472;19.1;5.3
06;2021-03-28;212;5;205866;57477;19.1;5.3
06;2021-03-29;3203;2091;209069;59568;19.4;5.5
06;2021-03-30;5195;2538;214264;62106;19.9;5.8
06;2021-03-31;8058;1660;222322;63766;20.6;5.9
06;2021-04-01;7643;2471;229965;66237;21.3;6.1
06;2021-04-02;7238;2710;237203;68947;22.0;6.4
06;2021-04-03;2725;1374;239928;70321;22.2;6.5
06;2021-04-04;301;549;240229;70870;22.3;6.6
06;2021-04-05;1405;692;241634;71562;22.4;6.6
06;2021-04-06;6668;3313;248302;74875;23.0;6.9
06;2021-04-07;6220;3894;254522;78769;23.6;7.3
06;2021-04-08;5750;5658;260272;84427;24.1;7.8
06;2021-04-09;9385;5862;269657;90289;25.0;8.4
06;2021-04-10;2396;2784;272053;93073;25.2;8.6
06;2021-04-11;188;58;272241;93131;25.2;8.6
06;2021-04-12;4386;3532;276627;96663;25.6;9.0
06;2021-04-13;6374;5133;283001;101796;26.2;9.4
06;2021-04-14;5462;4492;288463;106288;26.7;9.8
06;2021-04-15;5552;4391;294015;110679;27.2;10.3
06;2021-04-16;7086;5200;301101;115879;27.9;10.7
06;2021-04-17;2784;3052;303885;118931;28.2;11.0
06;2021-04-18;265;224;304150;119155;28.2;11.0
06;2021-04-19;5495;4047;309645;123202;28.7;11.4
06;2021-04-20;5664;4873;315309;128075;29.2;11.9
06;2021-04-21;8324;4162;323633;132237;30.0;12.3
06;2021-04-22;8573;4196;332206;136433;30.8;12.6
06;2021-04-23;8814;4265;341020;140698;31.6;13.0
06;2021-04-24;2356;1495;343376;142193;31.8;13.2
06;2021-04-25;122;29;343498;142222;31.8;13.2
06;2021-04-26;4152;2312;347650;144534;32.2;13.4
06;2021-04-27;4584;4039;352234;148573;32.6;13.8
06;2021-04-28;4152;4579;356386;153152;33.0;14.2
06;2021-04-29;6091;5461;362477;158613;33.6;14.7
06;2021-04-30;6775;5164;369252;163777;34.2;15.2
06;2021-05-01;4165;831;373417;164608;34.6;15.3
06;2021-05-02;492;158;373909;164766;34.6;15.3
06;2021-05-03;6916;3549;380825;168315;35.3;15.6
06;2021-05-04;5750;5384;386575;173699;35.8;16.1
06;2021-05-05;4546;3914;391121;177613;36.2;16.5
06;2021-05-06;5232;4735;396353;182348;36.7;16.9
06;2021-05-07;5659;5684;402012;188032;37.2;17.4
06;2021-05-08;4869;1325;406881;189357;37.7;17.5
06;2021-05-09;206;308;407087;189665;37.7;17.6
06;2021-05-10;4824;5046;411911;194711;38.2;18.0
06;2021-05-11;4938;5566;416849;200277;38.6;18.6
06;2021-05-12;9100;4892;425949;205169;39.5;19.0
06;2021-05-13;9272;2139;435221;207308;40.3;19.2
06;2021-05-14;10846;3365;446067;210673;41.3;19.5
06;2021-05-15;9292;2212;455359;212885;42.2;19.7
06;2021-05-16;1503;286;456862;213171;42.3;19.7
06;2021-05-17;7509;3754;464371;216925;43.0;20.1
06;2021-05-18;9740;3220;474111;220145;43.9;20.4
06;2021-05-19;7703;2982;481814;223127;44.6;20.7
06;2021-05-20;7948;3668;489762;226795;45.4;21.0
06;2021-05-21;8804;3942;498566;230737;46.2;21.4
06;2021-05-22;3033;1328;501599;232065;46.5;21.5
06;2021-05-23;132;629;501731;232694;46.5;21.6
06;2021-05-24;3196;999;504927;233693;46.8;21.7
06;2021-05-25;4758;4933;509685;238626;47.2;22.1
06;2021-05-26;5685;6628;515370;245254;47.7;22.7
06;2021-05-27;5579;6280;520949;251534;48.3;23.3
06;2021-05-28;4987;7293;525936;258827;48.7;24.0
06;2021-05-29;1644;2934;527580;261761;48.9;24.3
06;2021-05-30;258;1122;527838;262883;48.9;24.4
06;2021-05-31;4418;5130;532256;268013;49.3;24.8
06;2021-06-01;5741;7427;537997;275440;49.8;25.5
06;2021-06-02;3318;8555;541315;283995;50.1;26.3
06;2021-06-03;4546;8311;545861;292306;50.6;27.1
06;2021-06-04;5494;7743;551355;300049;51.1;27.8
06;2021-06-05;2463;3348;553818;303397;51.3;28.1
06;2021-06-06;181;236;553999;303633;51.3;28.1
06;2021-06-07;4148;5590;558147;309223;51.7;28.6
06;2021-06-08;4478;5213;562625;314436;52.1;29.1
06;2021-06-09;4119;7373;566744;321809;52.5;29.8
06;2021-06-10;4786;6867;571530;328676;52.9;30.4
06;2021-06-11;3912;8369;575442;337045;53.3;31.2
06;2021-06-12;1742;3747;577184;340792;53.5;31.6
06;2021-06-13;149;440;577333;341232;53.5;31.6
06;2021-06-14;2736;8608;580069;349840;53.7;32.4
06;2021-06-15;3284;9491;583353;359331;54.0;33.3
06;2021-06-16;3515;7010;586868;366341;54.4;33.9
06;2021-06-17;3687;7199;590555;373540;54.7;34.6
06;2021-06-18;2638;5931;593193;379471;55.0;35.2
06;2021-06-19;1312;1684;594505;381155;55.1;35.3
06;2021-06-20;210;347;594715;381502;55.1;35.3
06;2021-06-21;1724;6308;596439;387810;55.3;35.9
06;2021-06-22;2363;7370;598802;395180;55.5;36.6
06;2021-06-23;2089;6551;600891;401731;55.7;37.2
06;2021-06-24;3479;8982;604370;410713;56.0;38.1
06;2021-06-25;2295;9614;606665;420327;56.2;38.9
06;2021-06-26;892;2287;607557;422614;56.3;39.2
06;2021-06-27;379;1187;607936;423801;56.3;39.3
06;2021-06-28;2494;8144;610430;431945;56.6;40.0
06;2021-06-29;2386;7724;612816;439669;56.8;40.7
06;2021-06-30;1519;7696;614335;447365;56.9;41.4
06;2021-07-01;3465;7487;617800;454852;57.2;42.1
06;2021-07-02;4352;8274;622152;463126;57.6;42.9
06;2021-07-03;1241;4307;623393;467433;57.8;43.3
06;2021-07-04;318;303;623711;467736;57.8;43.3
06;2021-07-05;4019;5150;627730;472886;58.2;43.8
06;2021-07-06;2053;5829;629783;478715;58.3;44.4
06;2021-07-07;4117;5981;633900;484696;58.7;44.9
06;2021-07-08;3610;6331;637510;491027;59.1;45.5
06;2021-07-09;4483;6237;641993;497264;59.5;46.1
06;2021-07-10;1764;2333;643757;499597;59.6;46.3
06;2021-07-11;330;322;644087;499919;59.7;46.3
06;2021-07-12;4099;7161;648186;507080;60.1;47.0
06;2021-07-13;5917;9028;654103;516108;60.6;47.8
06;2021-07-14;1084;436;655187;516544;60.7;47.9
06;2021-07-15;6591;8045;661778;524589;61.3;48.6
06;2021-07-16;8029;9020;669807;533609;62.1;49.4
06;2021-07-17;3160;5469;672967;539078;62.3;49.9
06;2021-07-18;1076;5333;674043;544411;62.4;50.4
06;2021-07-19;5909;8038;679952;552449;63.0;51.2
06;2021-07-20;7458;10264;687410;562713;63.7;52.1
06;2021-07-21;8180;8714;695590;571427;64.4;52.9
06;2021-07-22;10381;7881;705971;579308;65.4;53.7
06;2021-07-23;9452;6938;715423;586246;66.3;54.3
06;2021-07-24;3249;3231;718672;589477;66.6;54.6
06;2021-07-25;998;478;719670;589955;66.7;54.7
06;2021-07-26;7558;6893;727228;596848;67.4;55.3
06;2021-07-27;9166;5589;736394;602437;68.2;55.8
06;2021-07-28;7415;5413;743809;607850;68.9;56.3
06;2021-07-29;8793;5784;752602;613634;69.7;56.8
06;2021-07-30;8390;5536;760992;619170;70.5;57.4
06;2021-07-31;3703;3079;764695;622249;70.8;57.6
06;2021-08-01;772;433;765467;622682;70.9;57.7
06;2021-08-02;6025;4602;771492;627284;71.5;58.1
06;2021-08-03;6364;5474;777856;632758;72.1;58.6
06;2021-08-04;5605;3514;783461;636272;72.6;58.9
06;2021-08-05;6245;4450;789706;640722;73.2;59.4
06;2021-08-06;5804;6130;795510;646852;73.7;59.9
06;2021-08-07;2261;2468;797771;649320;73.9;60.2
06;2021-08-08;586;632;798357;649952;74.0;60.2
06;2021-08-09;4416;6016;802773;655968;74.4;60.8
06;2021-08-10;5347;6894;808120;662862;74.9;61.4
06;2021-08-11;4099;6185;812219;669047;75.2;62.0
06;2021-08-12;4302;6725;816521;675772;75.6;62.6
06;2021-08-13;3483;6434;820004;682206;76.0;63.2
06;2021-08-14;1453;2274;821457;684480;76.1;63.4
06;2021-08-15;393;635;821850;685115;76.1;63.5
06;2021-08-16;2992;6875;824842;691990;76.4;64.1
06;2021-08-17;3638;7763;828480;699753;76.8;64.8
06;2021-08-18;2883;6391;831363;706144;77.0;65.4
06;2021-08-19;3904;8105;835267;714249;77.4;66.2
06;2021-08-20;3105;6463;838372;720712;77.7;66.8
06;2021-08-21;1785;3582;840157;724294;77.8;67.1
06;2021-08-22;363;702;840520;724996;77.9;67.2
06;2021-08-23;2353;6511;842873;731507;78.1;67.8
06;2021-08-24;2788;6453;845661;737960;78.3;68.4
06;2021-08-25;2521;5635;848182;743595;78.6;68.9
06;2021-08-26;2607;6836;850789;750431;78.8;69.5
06;2021-08-27;2395;7045;853184;757476;79.0;70.2
06;2021-08-28;1258;3312;854442;760788;79.2;70.5
06;2021-08-29;275;813;854717;761601;79.2;70.6
06;2021-08-30;2285;6318;857002;767919;79.4;71.1
06;2021-08-31;2571;7057;859573;774976;79.6;71.8
07;2020-12-27;0;0;0;0;0.0;0.0
07;2020-12-28;0;0;0;0;0.0;0.0
07;2020-12-29;0;0;0;0;0.0;0.0
07;2020-12-30;0;0;0;0;0.0;0.0
07;2020-12-31;0;0;0;0;0.0;0.0
07;2021-01-01;7;0;7;0;0.0;0.0
07;2021-01-02;0;0;7;0;0.0;0.0
07;2021-01-03;0;0;7;0;0.0;0.0
07;2021-01-04;0;0;7;0;0.0;0.0
07;2021-01-05;0;0;7;0;0.0;0.0
07;2021-01-06;31;0;38;0;0.0;0.0
07;2021-01-07;130;1;168;1;0.1;0.0
07;2021-01-08;45;1;213;2;0.1;0.0
07;2021-01-09;17;0;230;2;0.1;0.0
07;2021-01-10;0;0;230;2;0.1;0.0
07;2021-01-11;157;1;387;3;0.1;0.0
07;2021-01-12;309;0;696;3;0.2;0.0
07;2021-01-13;308;1;1004;4;0.3;0.0
07;2021-01-14;477;0;1481;4;0.5;0.0
07;2021-01-15;188;0;1669;4;0.5;0.0
07;2021-01-16;17;0;1686;4;0.5;0.0
07;2021-01-17;2;0;1688;4;0.5;0.0
07;2021-01-18;363;4;2051;8;0.6;0.0
07;2021-01-19;831;2;2882;10;0.9;0.0
07;2021-01-20;605;2;3487;12;1.1;0.0
07;2021-01-21;452;3;3939;15;1.2;0.0
07;2021-01-22;291;0;4230;15;1.3;0.0
07;2021-01-23;107;0;4337;15;1.3;0.0
07;2021-01-24;0;0;4337;15;1.3;0.0
07;2021-01-25;164;0;4501;15;1.4;0.0
07;2021-01-26;491;4;4992;19;1.5;0.0
07;2021-01-27;555;7;5547;26;1.7;0.0
07;2021-01-28;1206;101;6753;127;2.1;0.0
07;2021-01-29;707;18;7460;145;2.3;0.0
07;2021-01-30;213;4;7673;149;2.3;0.0
07;2021-01-31;7;0;7680;149;2.3;0.0
07;2021-02-01;267;33;7947;182;2.4;0.1
07;2021-02-02;664;241;8611;423;2.6;0.1
07;2021-02-03;1045;221;9656;644;3.0;0.2
07;2021-02-04;722;261;10378;905;3.2;0.3
07;2021-02-05;484;254;10862;1159;3.3;0.4
07;2021-02-06;98;3;10960;1162;3.4;0.4
07;2021-02-07;12;1;10972;1163;3.4;0.4
07;2021-02-08;239;171;11211;1334;3.4;0.4
07;2021-02-09;488;328;11699;1662;3.6;0.5
07;2021-02-10;538;395;12237;2057;3.7;0.6
07;2021-02-11;400;275;12637;2332;3.9;0.7
07;2021-02-12;267;162;12904;2494;3.9;0.8
07;2021-02-13;69;20;12973;2514;4.0;0.8
07;2021-02-14;0;0;12973;2514;4.0;0.8
07;2021-02-15;270;129;13243;2643;4.1;0.8
07;2021-02-16;348;361;13591;3004;4.2;0.9
07;2021-02-17;466;326;14057;3330;4.3;1.0
07;2021-02-18;562;765;14619;4095;4.5;1.3
07;2021-02-19;457;505;15076;4600;4.6;1.4
07;2021-02-20;109;69;15185;4669;4.6;1.4
07;2021-02-21;15;0;15200;4669;4.7;1.4
07;2021-02-22;425;217;15625;4886;4.8;1.5
07;2021-02-23;646;618;16271;5504;5.0;1.7
07;2021-02-24;928;708;17199;6212;5.3;1.9
07;2021-02-25;710;536;17909;6748;5.5;2.1
07;2021-02-26;845;294;18754;7042;5.7;2.2
07;2021-02-27;190;145;18944;7187;5.8;2.2
07;2021-02-28;1;0;18945;7187;5.8;2.2
07;2021-03-01;438;214;19383;7401;5.9;2.3
07;2021-03-02;655;563;20038;7964;6.1;2.4
07;2021-03-03;691;537;20729;8501;6.3;2.6
07;2021-03-04;1100;358;21829;8859;6.7;2.7
07;2021-03-05;1084;375;22913;9234;7.0;2.8
07;2021-03-06;1125;99;24038;9333;7.4;2.9
07;2021-03-07;718;23;24756;9356;7.6;2.9
07;2021-03-08;352;319;25108;9675;7.7;3.0
07;2021-03-09;1088;438;26196;10113;8.0;3.1
07;2021-03-10;867;517;27063;10630;8.3;3.3
07;2021-03-11;1373;468;28436;11098;8.7;3.4
07;2021-03-12;1618;568;30054;11666;9.2;3.6
07;2021-03-13;680;101;30734;11767;9.4;3.6
07;2021-03-14;4;0;30738;11767;9.4;3.6
07;2021-03-15;527;289;31265;12056;9.6;3.7
07;2021-03-16;1208;484;32473;12540;9.9;3.8
07;2021-03-17;1188;781;33661;13321;10.3;4.1
07;2021-03-18;1219;415;34880;13736;10.7;4.2
07;2021-03-19;1268;422;36148;14158;11.1;4.3
07;2021-03-20;467;109;36615;14267;11.2;4.4
07;2021-03-21;3;2;36618;14269;11.2;4.4
07;2021-03-22;790;538;37408;14807;11.4;4.5
07;2021-03-23;1516;722;38924;15529;11.9;4.8
07;2021-03-24;1277;666;40201;16195;12.3;5.0
07;2021-03-25;1852;516;42053;16711;12.9;5.1
07;2021-03-26;1834;443;43887;17154;13.4;5.2
07;2021-03-27;385;101;44272;17255;13.5;5.3
07;2021-03-28;6;1;44278;17256;13.5;5.3
07;2021-03-29;789;359;45067;17615;13.8;5.4
07;2021-03-30;1526;510;46593;18125;14.3;5.5
07;2021-03-31;1660;506;48253;18631;14.8;5.7
07;2021-04-01;1587;659;49840;19290;15.2;5.9
07;2021-04-02;1522;440;51362;19730;15.7;6.0
07;2021-04-03;230;106;51592;19836;15.8;6.1
07;2021-04-04;3;1;51595;19837;15.8;6.1
07;2021-04-05;0;66;51595;19903;15.8;6.1
07;2021-04-06;1161;757;52756;20660;16.1;6.3
07;2021-04-07;1317;897;54073;21557;16.5;6.6
07;2021-04-08;1969;1180;56042;22737;17.1;7.0
07;2021-04-09;2424;567;58466;23304;17.9;7.1
07;2021-04-10;807;162;59273;23466;18.1;7.2
07;2021-04-11;339;12;59612;23478;18.2;7.2
07;2021-04-12;1282;596;60894;24074;18.6;7.4
07;2021-04-13;1768;1337;62662;25411;19.2;7.8
07;2021-04-14;1678;1008;64340;26419;19.7;8.1
07;2021-04-15;1443;842;65783;27261;20.1;8.3
07;2021-04-16;1506;909;67289;28170;20.6;8.6
07;2021-04-17;870;216;68159;28386;20.9;8.7
07;2021-04-18;700;38;68859;28424;21.1;8.7
07;2021-04-19;1161;572;70020;28996;21.4;8.9
07;2021-04-20;1441;1319;71461;30315;21.9;9.3
07;2021-04-21;1719;919;73180;31234;22.4;9.6
07;2021-04-22;1817;966;74997;32200;22.9;9.9
07;2021-04-23;1411;973;76408;33173;23.4;10.1
07;2021-04-24;961;251;77369;33424;23.7;10.2
07;2021-04-25;717;69;78086;33493;23.9;10.2
07;2021-04-26;1138;681;79224;34174;24.2;10.5
07;2021-04-27;1395;1566;80619;35740;24.7;10.9
07;2021-04-28;1636;1759;82255;37499;25.2;11.5
07;2021-04-29;1939;1534;84194;39033;25.8;11.9
07;2021-04-30;1662;1483;85856;40516;26.3;12.4
07;2021-05-01;960;117;86816;40633;26.6;12.4
07;2021-05-02;845;155;87661;40788;26.8;12.5
07;2021-05-03;1280;435;88941;41223;27.2;12.6
07;2021-05-04;2171;1566;91112;42789;27.9;13.1
07;2021-05-05;1745;1387;92857;44176;28.4;13.5
07;2021-05-06;2104;1586;94961;45762;29.1;14.0
07;2021-05-07;1595;1556;96556;47318;29.5;14.5
07;2021-05-08;1227;405;97783;47723;29.9;14.6
07;2021-05-09;1030;328;98813;48051;30.2;14.7
07;2021-05-10;1406;1175;100219;49226;30.7;15.1
07;2021-05-11;2472;1697;102691;50923;31.4;15.6
07;2021-05-12;2164;1278;104855;52201;32.1;16.0
07;2021-05-13;1712;273;106567;52474;32.6;16.1
07;2021-05-14;1735;998;108302;53472;33.1;16.4
07;2021-05-15;1627;500;109929;53972;33.6;16.5
07;2021-05-16;1444;213;111373;54185;34.1;16.6
07;2021-05-17;1772;860;113145;55045;34.6;16.8
07;2021-05-18;2296;1304;115441;56349;35.3;17.2
07;2021-05-19;2375;999;117816;57348;36.0;17.5
07;2021-05-20;2165;1314;119981;58662;36.7;17.9
07;2021-05-21;1758;1314;121739;59976;37.2;18.3
07;2021-05-22;935;544;122674;60520;37.5;18.5
07;2021-05-23;857;157;123531;60677;37.8;18.6
07;2021-05-24;1650;339;125181;61016;38.3;18.7
07;2021-05-25;2187;1479;127368;62495;39.0;19.1
07;2021-05-26;1530;1381;128898;63876;39.4;19.5
07;2021-05-27;2018;1410;130916;65286;40.1;20.0
07;2021-05-28;1770;2081;132686;67367;40.6;20.6
07;2021-05-29;943;684;133629;68051;40.9;20.8
07;2021-05-30;622;570;134251;68621;41.1;21.0
07;2021-05-31;1133;1284;135384;69905;41.4;21.4
07;2021-06-01;2153;2005;137537;71910;42.1;22.0
07;2021-06-02;1530;1653;139067;73563;42.5;22.5
07;2021-06-03;1712;1257;140779;74820;43.1;22.9
07;2021-06-04;1675;1594;142454;76414;43.6;23.4
07;2021-06-05;988;956;143442;77370;43.9;23.7
07;2021-06-06;598;623;144040;77993;44.1;23.9
07;2021-06-07;962;1195;145002;79188;44.4;24.2
07;2021-06-08;1549;1771;146551;80959;44.8;24.8
07;2021-06-09;1030;1422;147581;82381;45.1;25.2
07;2021-06-10;788;1390;148369;83771;45.4;25.6
07;2021-06-11;1154;2034;149523;85805;45.7;26.3
07;2021-06-12;643;1217;150166;87022;45.9;26.6
07;2021-06-13;395;444;150561;87466;46.1;26.8
07;2021-06-14;566;1962;151127;89428;46.2;27.4
07;2021-06-15;936;2552;152063;91980;46.5;28.1
07;2021-06-16;1024;1852;153087;93832;46.8;28.7
07;2021-06-17;886;1950;153973;95782;47.1;29.3
07;2021-06-18;872;2284;154845;98066;47.4;30.0
07;2021-06-19;604;1453;155449;99519;47.6;30.4
07;2021-06-20;369;727;155818;100246;47.7;30.7
07;2021-06-21;517;2144;156335;102390;47.8;31.3
07;2021-06-22;655;2662;156990;105052;48.0;32.1
07;2021-06-23;680;1962;157670;107014;48.2;32.7
07;2021-06-24;646;1853;158316;108867;48.4;33.3
07;2021-06-25;701;2177;159017;111044;48.6;34.0
07;2021-06-26;360;1431;159377;112475;48.8;34.4
07;2021-06-27;285;1073;159662;113548;48.8;34.7
07;2021-06-28;506;2243;160168;115791;49.0;35.4
07;2021-06-29;540;2987;160708;118778;49.2;36.3
07;2021-06-30;822;2289;161530;121067;49.4;37.0
07;2021-07-01;774;1974;162304;123041;49.7;37.6
07;2021-07-02;882;2303;163186;125344;49.9;38.3
07;2021-07-03;421;1139;163607;126483;50.1;38.7
07;2021-07-04;211;852;163818;127335;50.1;39.0
07;2021-07-05;670;1686;164488;129021;50.3;39.5
07;2021-07-06;880;2635;165368;131656;50.6;40.3
07;2021-07-07;970;1946;166338;133602;50.9;40.9
07;2021-07-08;928;1970;167266;135572;51.2;41.5
07;2021-07-09;996;2261;168262;137833;51.5;42.2
07;2021-07-10;598;1101;168860;138934;51.7;42.5
07;2021-07-11;239;614;169099;139548;51.7;42.7
07;2021-07-12;809;1769;169908;141317;52.0;43.2
07;2021-07-13;1768;3178;171676;144495;52.5;44.2
07;2021-07-14;167;134;171843;144629;52.6;44.2
07;2021-07-15;1960;2463;173803;147092;53.2;45.0
07;2021-07-16;2054;1986;175857;149078;53.8;45.6
07;2021-07-17;1484;1251;177341;150329;54.3;46.0
07;2021-07-18;771;481;178112;150810;54.5;46.1
07;2021-07-19;1515;1706;179627;152516;55.0;46.7
07;2021-07-20;2524;2682;182151;155198;55.7;47.5
07;2021-07-21;1855;1917;184006;157115;56.3;48.1
07;2021-07-22;1918;1373;185924;158488;56.9;48.5
07;2021-07-23;2265;1686;188189;160174;57.6;49.0
07;2021-07-24;1640;1110;189829;161284;58.1;49.3
07;2021-07-25;34;22;189863;161306;58.1;49.3
07;2021-07-26;2197;1541;192060;162847;58.8;49.8
07;2021-07-27;3008;1908;195068;164755;59.7;50.4
07;2021-07-28;1643;1307;196711;166062;60.2;50.8
07;2021-07-29;2538;1277;199249;167339;61.0;51.2
07;2021-07-30;1352;1413;200601;168752;61.4;51.6
07;2021-07-31;1503;923;202104;169675;61.8;51.9
07;2021-08-01;73;26;202177;169701;61.9;51.9
07;2021-08-02;1509;1135;203686;170836;62.3;52.3
07;2021-08-03;2412;1911;206098;172747;63.1;52.8
07;2021-08-04;1942;1031;208040;173778;63.6;53.2
07;2021-08-05;1881;1292;209921;175070;64.2;53.6
07;2021-08-06;2028;1711;211949;176781;64.8;54.1
07;2021-08-07;993;553;212942;177334;65.1;54.3
07;2021-08-08;5;23;212947;177357;65.1;54.3
07;2021-08-09;1254;1380;214201;178737;65.5;54.7
07;2021-08-10;1593;2258;215794;180995;66.0;55.4
07;2021-08-11;1393;1607;217187;182602;66.4;55.9
07;2021-08-12;1094;1480;218281;184082;66.8;56.3
07;2021-08-13;1167;1785;219448;185867;67.1;56.9
07;2021-08-14;504;767;219952;186634;67.3;57.1
07;2021-08-15;9;28;219961;186662;67.3;57.1
07;2021-08-16;753;1326;220714;187988;67.5;57.5
07;2021-08-17;1319;2274;222033;190262;67.9;58.2
07;2021-08-18;871;1513;222904;191775;68.2;58.7
07;2021-08-19;1143;1694;224047;193469;68.5;59.2
07;2021-08-20;895;2086;224942;195555;68.8;59.8
07;2021-08-21;361;547;225303;196102;68.9;60.0
07;2021-08-22;7;23;225310;196125;68.9;60.0
07;2021-08-23;465;1307;225775;197432;69.1;60.4
07;2021-08-24;1121;2305;226896;199737;69.4;61.1
07;2021-08-25;683;1829;227579;201566;69.6;61.7
07;2021-08-26;683;2016;228262;203582;69.8;62.3
07;2021-08-27;777;1822;229039;205404;70.1;62.8
07;2021-08-28;335;605;229374;206009;70.2;63.0
07;2021-08-29;1;33;229375;206042;70.2;63.0
07;2021-08-30;423;1323;229798;207365;70.3;63.4
07;2021-08-31;1078;2255;230876;209620;70.6;64.1
08;2020-12-27;1;0;1;0;0.0;0.0
08;2020-12-28;0;0;1;0;0.0;0.0
08;2020-12-29;0;0;1;0;0.0;0.0
08;2020-12-30;0;0;1;0;0.0;0.0
08;2020-12-31;0;0;1;0;0.0;0.0
08;2021-01-01;0;0;1;0;0.0;0.0
08;2021-01-02;0;0;1;0;0.0;0.0
08;2021-01-03;2;0;3;0;0.0;0.0
08;2021-01-04;24;0;27;0;0.0;0.0
08;2021-01-05;1;0;28;0;0.0;0.0
08;2021-01-06;0;0;28;0;0.0;0.0
08;2021-01-07;188;0;216;0;0.1;0.0
08;2021-01-08;314;0;530;0;0.2;0.0
08;2021-01-09;113;0;643;0;0.2;0.0
08;2021-01-10;1;0;644;0;0.2;0.0
08;2021-01-11;67;0;711;0;0.3;0.0
08;2021-01-12;157;0;868;0;0.3;0.0
08;2021-01-13;480;1;1348;1;0.5;0.0
08;2021-01-14;537;9;1885;10;0.7;0.0
08;2021-01-15;287;2;2172;12;0.8;0.0
08;2021-01-16;106;0;2278;12;0.9;0.0
08;2021-01-17;2;0;2280;12;0.9;0.0
08;2021-01-18;371;2;2651;14;1.0;0.0
08;2021-01-19;872;1;3523;15;1.3;0.0
08;2021-01-20;910;4;4433;19;1.7;0.0
08;2021-01-21;743;1;5176;20;1.9;0.0
08;2021-01-22;678;1;5854;21;2.2;0.0
08;2021-01-23;237;0;6091;21;2.3;0.0
08;2021-01-24;0;0;6091;21;2.3;0.0
08;2021-01-25;207;0;6298;21;2.4;0.0
08;2021-01-26;302;1;6600;22;2.5;0.0
08;2021-01-27;410;1;7010;23;2.6;0.0
08;2021-01-28;565;182;7575;205;2.9;0.1
08;2021-01-29;587;181;8162;386;3.1;0.1
08;2021-01-30;222;63;8384;449;3.2;0.2
08;2021-01-31;0;0;8384;449;3.2;0.2
08;2021-02-01;80;45;8464;494;3.2;0.2
08;2021-02-02;192;171;8656;665;3.3;0.3
08;2021-02-03;141;168;8797;833;3.3;0.3
08;2021-02-04;309;287;9106;1120;3.4;0.4
08;2021-02-05;499;358;9605;1478;3.6;0.6
08;2021-02-06;149;75;9754;1553;3.7;0.6
08;2021-02-07;8;0;9762;1553;3.7;0.6
08;2021-02-08;40;173;9802;1726;3.7;0.7
08;2021-02-09;220;645;10022;2371;3.8;0.9
08;2021-02-10;334;639;10356;3010;3.9;1.1
08;2021-02-11;465;360;10821;3370;4.1;1.3
08;2021-02-12;676;387;11497;3757;4.3;1.4
08;2021-02-13;140;115;11637;3872;4.4;1.5
08;2021-02-14;3;60;11640;3932;4.4;1.5
08;2021-02-15;227;208;11867;4140;4.5;1.6
08;2021-02-16;130;374;11997;4514;4.5;1.7
08;2021-02-17;112;410;12109;4924;4.6;1.9
08;2021-02-18;215;518;12324;5442;4.6;2.0
08;2021-02-19;305;422;12629;5864;4.8;2.2
08;2021-02-20;7;206;12636;6070;4.8;2.3
08;2021-02-21;0;0;12636;6070;4.8;2.3
08;2021-02-22;132;178;12768;6248;4.8;2.4
08;2021-02-23;150;317;12918;6565;4.9;2.5
08;2021-02-24;163;386;13081;6951;4.9;2.6
08;2021-02-25;500;526;13581;7477;5.1;2.8
08;2021-02-26;603;626;14184;8103;5.3;3.1
08;2021-02-27;318;192;14502;8295;5.5;3.1
08;2021-02-28;19;1;14521;8296;5.5;3.1
08;2021-03-01;200;105;14721;8401;5.5;3.2
08;2021-03-02;654;280;15375;8681;5.8;3.3
08;2021-03-03;897;198;16272;8879;6.1;3.3
08;2021-03-04;734;331;17006;9210;6.4;3.5
08;2021-03-05;1022;541;18028;9751;6.8;3.7
08;2021-03-06;694;139;18722;9890;7.1;3.7
08;2021-03-07;75;2;18797;9892;7.1;3.7
08;2021-03-08;217;123;19014;10015;7.2;3.8
08;2021-03-09;687;153;19701;10168;7.4;3.8
08;2021-03-10;1037;120;20738;10288;7.8;3.9
08;2021-03-11;982;251;21720;10539;8.2;4.0
08;2021-03-12;1631;517;23351;11056;8.8;4.2
08;2021-03-13;797;122;24148;11178;9.1;4.2
08;2021-03-14;22;0;24170;11178;9.1;4.2
08;2021-03-15;291;73;24461;11251;9.2;4.2
08;2021-03-16;563;40;25024;11291;9.4;4.3
08;2021-03-17;802;62;25826;11353;9.7;4.3
08;2021-03-18;816;157;26642;11510;10.0;4.3
08;2021-03-19;1135;285;27777;11795;10.5;4.4
08;2021-03-20;510;18;28287;11813;10.7;4.4
08;2021-03-21;13;1;28300;11814;10.7;4.4
08;2021-03-22;367;44;28667;11858;10.8;4.5
08;2021-03-23;733;63;29400;11921;11.1;4.5
08;2021-03-24;1327;70;30727;11991;11.6;4.5
08;2021-03-25;1904;93;32631;12084;12.3;4.6
08;2021-03-26;2570;172;35201;12256;13.3;4.6
08;2021-03-27;898;125;36099;12381;13.6;4.7
08;2021-03-28;228;6;36327;12387;13.7;4.7
08;2021-03-29;261;184;36588;12571;13.8;4.7
08;2021-03-30;832;486;37420;13057;14.1;4.9
08;2021-03-31;852;533;38272;13590;14.4;5.1
08;2021-04-01;1684;447;39956;14037;15.0;5.3
08;2021-04-02;1499;519;41455;14556;15.6;5.5
08;2021-04-03;1329;203;42784;14759;16.1;5.6
08;2021-04-04;134;4;42918;14763;16.2;5.6
08;2021-04-05;17;0;42935;14763;16.2;5.6
08;2021-04-06;703;483;43638;15246;16.4;5.7
08;2021-04-07;910;703;44548;15949;16.8;6.0
08;2021-04-08;1743;522;46291;16471;17.4;6.2
08;2021-04-09;2348;725;48639;17196;18.3;6.5
08;2021-04-10;1449;226;50088;17422;18.9;6.6
08;2021-04-11;10;6;50098;17428;18.9;6.6
08;2021-04-12;671;213;50769;17641;19.1;6.6
08;2021-04-13;1309;611;52078;18252;19.6;6.9
08;2021-04-14;1281;867;53359;19119;20.1;7.2
08;2021-04-15;1606;805;54965;19924;20.7;7.5
08;2021-04-16;1873;878;56838;20802;21.4;7.8
08;2021-04-17;1112;401;57950;21203;21.8;8.0
08;2021-04-18;23;14;57973;21217;21.8;8.0
08;2021-04-19;1151;298;59124;21515;22.3;8.1
08;2021-04-20;1120;542;60244;22057;22.7;8.3
08;2021-04-21;1139;743;61383;22800;23.1;8.6
08;2021-04-22;1327;880;62710;23680;23.6;8.9
08;2021-04-23;1676;1176;64386;24856;24.2;9.4
08;2021-04-24;1325;647;65711;25503;24.7;9.6
08;2021-04-25;26;198;65737;25701;24.8;9.7
08;2021-04-26;1040;155;66777;25856;25.1;9.7
08;2021-04-27;1338;601;68115;26457;25.7;10.0
08;2021-04-28;1453;681;69568;27138;26.2;10.2
08;2021-04-29;1173;1314;70741;28452;26.6;10.7
08;2021-04-30;1769;1615;72510;30067;27.3;11.3
08;2021-05-01;1049;495;73559;30562;27.7;11.5
08;2021-05-02;627;183;74186;30745;27.9;11.6
08;2021-05-03;1169;373;75355;31118;28.4;11.7
08;2021-05-04;1328;872;76683;31990;28.9;12.0
08;2021-05-05;1567;1334;78250;33324;29.5;12.5
08;2021-05-06;1971;1660;80221;34984;30.2;13.2
08;2021-05-07;1861;2100;82082;37084;30.9;14.0
08;2021-05-08;923;767;83005;37851;31.3;14.3
08;2021-05-09;443;71;83448;37922;31.4;14.3
08;2021-05-10;1192;666;84640;38588;31.9;14.5
08;2021-05-11;1909;943;86549;39531;32.6;14.9
08;2021-05-12;1810;1240;88359;40771;33.3;15.4
08;2021-05-13;1306;620;89665;41391;33.8;15.6
08;2021-05-14;2535;1037;92200;42428;34.7;16.0
08;2021-05-15;1821;714;94021;43142;35.4;16.2
08;2021-05-16;820;102;94841;43244;35.7;16.3
08;2021-05-17;700;905;95541;44149;36.0;16.6
08;2021-05-18;1251;841;96792;44990;36.5;16.9
08;2021-05-19;1610;959;98402;45949;37.1;17.3
08;2021-05-20;2147;963;100549;46912;37.9;17.7
08;2021-05-21;2338;1273;102887;48185;38.7;18.1
08;2021-05-22;1817;763;104704;48948;39.4;18.4
08;2021-05-23;864;90;105568;49038;39.8;18.5
08;2021-05-24;714;105;106282;49143;40.0;18.5
08;2021-05-25;1456;671;107738;49814;40.6;18.8
08;2021-05-26;1527;1011;109265;50825;41.1;19.1
08;2021-05-27;2006;1146;111271;51971;41.9;19.6
08;2021-05-28;1973;1822;113244;53793;42.6;20.3
08;2021-05-29;1768;966;115012;54759;43.3;20.6
08;2021-05-30;836;102;115848;54861;43.6;20.7
08;2021-05-31;755;569;116603;55430;43.9;20.9
08;2021-06-01;1351;878;117954;56308;44.4;21.2
08;2021-06-02;1295;1196;119249;57504;44.9;21.7
08;2021-06-03;1386;1524;120635;59028;45.4;22.2
08;2021-06-04;1777;2422;122412;61450;46.1;23.1
08;2021-06-05;1177;1379;123589;62829;46.5;23.7
08;2021-06-06;907;107;124496;62936;46.9;23.7
08;2021-06-07;661;1175;125157;64111;47.1;24.1
08;2021-06-08;931;1495;126088;65606;47.5;24.7
08;2021-06-09;841;1392;126929;66998;47.8;25.2
08;2021-06-10;1718;1557;128647;68555;48.4;25.8
08;2021-06-11;1721;2211;130368;70766;49.1;26.7
08;2021-06-12;1418;1528;131786;72294;49.6;27.2
08;2021-06-13;386;598;132172;72892;49.8;27.5
08;2021-06-14;380;1304;132552;74196;49.9;27.9
08;2021-06-15;740;1550;133292;75746;50.2;28.5
08;2021-06-16;808;2056;134100;77802;50.5;29.3
08;2021-06-17;1285;1854;135385;79656;51.0;30.0
08;2021-06-18;1609;2595;136994;82251;51.6;31.0
08;2021-06-19;1325;1407;138319;83658;52.1;31.5
08;2021-06-20;117;423;138436;84081;52.1;31.7
08;2021-06-21;494;1397;138930;85478;52.3;32.2
08;2021-06-22;809;2023;139739;87501;52.6;33.0
08;2021-06-23;860;1673;140599;89174;53.0;33.6
08;2021-06-24;1037;1924;141636;91098;53.3;34.3
08;2021-06-25;1084;2735;142720;93833;53.7;35.3
08;2021-06-26;1011;1784;143731;95617;54.1;36.0
08;2021-06-27;351;643;144082;96260;54.3;36.3
08;2021-06-28;397;1323;144479;97583;54.4;36.8
08;2021-06-29;628;1472;145107;99055;54.6;37.3
08;2021-06-30;856;1690;145963;100745;55.0;37.9
08;2021-07-01;887;2194;146850;102939;55.3;38.8
08;2021-07-02;939;2642;147789;105581;55.7;39.8
08;2021-07-03;784;2145;148573;107726;56.0;40.6
08;2021-07-04;128;861;148701;108587;56.0;40.9
08;2021-07-05;104;1195;148805;109782;56.0;41.3
08;2021-07-06;425;1835;149230;111617;56.2;42.0
08;2021-07-07;365;1781;149595;113398;56.3;42.7
08;2021-07-08;717;2016;150312;115414;56.6;43.5
08;2021-07-09;734;2435;151046;117849;56.9;44.4
08;2021-07-10;652;1999;151698;119848;57.1;45.1
08;2021-07-11;238;725;151936;120573;57.2;45.4
08;2021-07-12;312;1192;152248;121765;57.3;45.9
08;2021-07-13;946;1788;153194;123553;57.7;46.5
08;2021-07-14;178;329;153372;123882;57.8;46.7
08;2021-07-15;760;2448;154132;126330;58.0;47.6
08;2021-07-16;1083;2408;155215;128738;58.5;48.5
08;2021-07-17;993;2107;156208;130845;58.8;49.3
08;2021-07-18;346;740;156554;131585;59.0;49.6
08;2021-07-19;457;920;157011;132505;59.1;49.9
08;2021-07-20;878;1435;157889;133940;59.5;50.4
08;2021-07-21;1235;1720;159124;135660;59.9;51.1
08;2021-07-22;1150;2167;160274;137827;60.4;51.9
08;2021-07-23;1586;2444;161860;140271;61.0;52.8
08;2021-07-24;1310;1924;163170;142195;61.5;53.6
08;2021-07-25;774;444;163944;142639;61.7;53.7
08;2021-07-26;1322;846;165266;143485;62.2;54.0
08;2021-07-27;2186;1409;167452;144894;63.1;54.6
08;2021-07-28;2414;1452;169866;146346;64.0;55.1
08;2021-07-29;2604;1347;172470;147693;65.0;55.6
08;2021-07-30;2600;1587;175070;149280;65.9;56.2
08;2021-07-31;1973;1075;177043;150355;66.7;56.6
08;2021-08-01;934;300;177977;150655;67.0;56.7
08;2021-08-02;1254;681;179231;151336;67.5;57.0
08;2021-08-03;1631;822;180862;152158;68.1;57.3
08;2021-08-04;1489;665;182351;152823;68.7;57.6
08;2021-08-05;1904;974;184255;153797;69.4;57.9
08;2021-08-06;2585;1097;186840;154894;70.4;58.3
08;2021-08-07;1671;1164;188511;156058;71.0;58.8
08;2021-08-08;583;374;189094;156432;71.2;58.9
08;2021-08-09;672;535;189766;156967;71.5;59.1
08;2021-08-10;877;752;190643;157719;71.8;59.4
08;2021-08-11;522;791;191165;158510;72.0;59.7
08;2021-08-12;1147;1078;192312;159588;72.4;60.1
08;2021-08-13;1142;1016;193454;160604;72.9;60.5
08;2021-08-14;587;913;194041;161517;73.1;60.8
08;2021-08-15;137;274;194178;161791;73.1;60.9
08;2021-08-16;219;1178;194397;162969;73.2;61.4
08;2021-08-17;513;1209;194910;164178;73.4;61.8
08;2021-08-18;278;1264;195188;165442;73.5;62.3
08;2021-08-19;605;1889;195793;167331;73.7;63.0
08;2021-08-20;682;2176;196475;169507;74.0;63.8
08;2021-08-21;273;1339;196748;170846;74.1;64.3
08;2021-08-22;105;900;196853;171746;74.1;64.7
08;2021-08-23;160;1448;197013;173194;74.2;65.2
08;2021-08-24;360;1753;197373;174947;74.3;65.9
08;2021-08-25;320;1247;197693;176194;74.5;66.4
08;2021-08-26;501;2063;198194;178257;74.6;67.1
08;2021-08-27;449;2324;198643;180581;74.8;68.0
08;2021-08-28;255;1284;198898;181865;74.9;68.5
08;2021-08-29;167;560;199065;182425;75.0;68.7
08;2021-08-30;294;1162;199359;183587;75.1;69.1
08;2021-08-31;357;1275;199716;184862;75.2;69.6
09;2020-12-27;0;0;0;0;0.0;0.0
09;2020-12-28;1;0;1;0;0.0;0.0
09;2020-12-29;0;0;1;0;0.0;0.0
09;2020-12-30;0;0;1;0;0.0;0.0
09;2020-12-31;0;0;1;0;0.0;0.0
09;2021-01-01;0;0;1;0;0.0;0.0
09;2021-01-02;0;0;1;0;0.0;0.0
09;2021-01-03;0;0;1;0;0.0;0.0
09;2021-01-04;2;1;3;1;0.0;0.0
09;2021-01-05;0;0;3;1;0.0;0.0
09;2021-01-06;3;0;6;1;0.0;0.0
09;2021-01-07;257;2;263;3;0.2;0.0
09;2021-01-08;228;0;491;3;0.3;0.0
09;2021-01-09;103;0;594;3;0.4;0.0
09;2021-01-10;59;0;653;3;0.4;0.0
09;2021-01-11;175;0;828;3;0.5;0.0
09;2021-01-12;304;0;1132;3;0.7;0.0
09;2021-01-13;196;0;1328;3;0.9;0.0
09;2021-01-14;432;8;1760;11;1.2;0.0
09;2021-01-15;223;1;1983;12;1.3;0.0
09;2021-01-16;194;2;2177;14;1.4;0.0
09;2021-01-17;123;0;2300;14;1.5;0.0
09;2021-01-18;267;1;2567;15;1.7;0.0
09;2021-01-19;258;1;2825;16;1.9;0.0
09;2021-01-20;346;1;3171;17;2.1;0.0
09;2021-01-21;333;1;3504;18;2.3;0.0
09;2021-01-22;331;1;3835;19;2.5;0.0
09;2021-01-23;237;0;4072;19;2.7;0.0
09;2021-01-24;85;1;4157;20;2.7;0.0
09;2021-01-25;204;11;4361;31;2.9;0.0
09;2021-01-26;634;25;4995;56;3.3;0.0
09;2021-01-27;472;48;5467;104;3.6;0.1
09;2021-01-28;285;205;5752;309;3.8;0.2
09;2021-01-29;250;125;6002;434;3.9;0.3
09;2021-01-30;143;55;6145;489;4.0;0.3
09;2021-01-31;56;10;6201;499;4.1;0.3
09;2021-02-01;82;138;6283;637;4.1;0.4
09;2021-02-02;57;295;6340;932;4.2;0.6
09;2021-02-03;87;204;6427;1136;4.2;0.7
09;2021-02-04;49;296;6476;1432;4.2;0.9
09;2021-02-05;89;151;6565;1583;4.3;1.0
09;2021-02-06;68;47;6633;1630;4.4;1.1
09;2021-02-07;6;69;6639;1699;4.4;1.1
09;2021-02-08;22;170;6661;1869;4.4;1.2
09;2021-02-09;54;287;6715;2156;4.4;1.4
09;2021-02-10;15;192;6730;2348;4.4;1.5
09;2021-02-11;6;217;6736;2565;4.4;1.7
09;2021-02-12;149;167;6885;2732;4.5;1.8
09;2021-02-13;7;142;6892;2874;4.5;1.9
09;2021-02-14;0;52;6892;2926;4.5;1.9
09;2021-02-15;75;130;6967;3056;4.6;2.0
09;2021-02-16;227;505;7194;3561;4.7;2.3
09;2021-02-17;83;376;7277;3937;4.8;2.6
09;2021-02-18;87;441;7364;4378;4.8;2.9
09;2021-02-19;65;277;7429;4655;4.9;3.1
09;2021-02-20;59;191;7488;4846;4.9;3.2
09;2021-02-21;0;50;7488;4896;4.9;3.2
09;2021-02-22;127;217;7615;5113;5.0;3.4
09;2021-02-23;161;141;7776;5254;5.1;3.4
09;2021-02-24;74;178;7850;5432;5.2;3.6
09;2021-02-25;211;166;8061;5598;5.3;3.7
09;2021-02-26;162;175;8223;5773;5.4;3.8
09;2021-02-27;65;69;8288;5842;5.4;3.8
09;2021-02-28;44;17;8332;5859;5.5;3.8
09;2021-03-01;247;95;8579;5954;5.6;3.9
09;2021-03-02;284;77;8863;6031;5.8;4.0
09;2021-03-03;252;131;9115;6162;6.0;4.0
09;2021-03-04;413;32;9528;6194;6.3;4.1
09;2021-03-05;331;64;9859;6258;6.5;4.1
09;2021-03-06;397;46;10256;6304;6.7;4.1
09;2021-03-07;124;4;10380;6308;6.8;4.1
09;2021-03-08;380;64;10760;6372;7.1;4.2
09;2021-03-09;437;140;11197;6512;7.3;4.3
09;2021-03-10;560;71;11757;6583;7.7;4.3
09;2021-03-11;695;79;12452;6662;8.2;4.4
09;2021-03-12;660;33;13112;6695;8.6;4.4
09;2021-03-13;385;3;13497;6698;8.9;4.4
09;2021-03-14;120;3;13617;6701;8.9;4.4
09;2021-03-15;467;50;14084;6751;9.2;4.4
09;2021-03-16;370;80;14454;6831;9.5;4.5
09;2021-03-17;399;72;14853;6903;9.7;4.5
09;2021-03-18;454;43;15307;6946;10.0;4.6
09;2021-03-19;525;57;15832;7003;10.4;4.6
09;2021-03-20;313;39;16145;7042;10.6;4.6
09;2021-03-21;105;0;16250;7042;10.7;4.6
09;2021-03-22;424;119;16674;7161;10.9;4.7
09;2021-03-23;566;173;17240;7334;11.3;4.8
09;2021-03-24;711;43;17951;7377;11.8;4.8
09;2021-03-25;869;138;18820;7515;12.3;4.9
09;2021-03-26;751;46;19571;7561;12.8;5.0
09;2021-03-27;622;70;20193;7631;13.3;5.0
09;2021-03-28;132;24;20325;7655;13.3;5.0
09;2021-03-29;498;279;20823;7934;13.7;5.2
09;2021-03-30;729;156;21552;8090;14.1;5.3
09;2021-03-31;802;181;22354;8271;14.7;5.4
09;2021-04-01;734;256;23088;8527;15.1;5.6
09;2021-04-02;693;266;23781;8793;15.6;5.8
09;2021-04-03;771;117;24552;8910;16.1;5.8
09;2021-04-04;122;57;24674;8967;16.2;5.9
09;2021-04-05;237;61;24911;9028;16.3;5.9
09;2021-04-06;1057;394;25968;9422;17.0;6.2
09;2021-04-07;1209;359;27177;9781;17.8;6.4
09;2021-04-08;1470;406;28647;10187;18.8;6.7
09;2021-04-09;1138;414;29785;10601;19.5;7.0
09;2021-04-10;1349;195;31134;10796;20.4;7.1
09;2021-04-11;173;102;31307;10898;20.5;7.2
09;2021-04-12;737;346;32044;11244;21.0;7.4
09;2021-04-13;1047;414;33091;11658;21.7;7.6
09;2021-04-14;1332;511;34423;12169;22.6;8.0
09;2021-04-15;1148;505;35571;12674;23.3;8.3
09;2021-04-16;1032;413;36603;13087;24.0;8.6
09;2021-04-17;1193;356;37796;13443;24.8;8.8
09;2021-04-18;102;96;37898;13539;24.9;8.9
09;2021-04-19;697;407;38595;13946;25.3;9.2
09;2021-04-20;766;532;39361;14478;25.8;9.5
09;2021-04-21;940;590;40301;15068;26.4;9.9
09;2021-04-22;666;608;40967;15676;26.9;10.3
09;2021-04-23;773;430;41740;16106;27.4;10.6
09;2021-04-24;741;671;42481;16777;27.9;11.0
09;2021-04-25;75;113;42556;16890;27.9;11.1
09;2021-04-26;382;533;42938;17423;28.2;11.4
09;2021-04-27;443;721;43381;18144;28.5;11.9
09;2021-04-28;806;795;44187;18939;29.0;12.4
09;2021-04-29;550;776;44737;19715;29.4;12.9
09;2021-04-30;621;724;45358;20439;29.8;13.4
09;2021-05-01;478;455;45836;20894;30.1;13.7
09;2021-05-02;51;100;45887;20994;30.1;13.8
09;2021-05-03;521;663;46408;21657;30.5;14.2
09;2021-05-04;555;1349;46963;23006;30.8;15.1
09;2021-05-05;822;1348;47785;24354;31.4;16.0
09;2021-05-06;849;1033;48634;25387;31.9;16.7
09;2021-05-07;977;822;49611;26209;32.6;17.2
09;2021-05-08;395;461;50006;26670;32.8;17.5
09;2021-05-09;264;84;50270;26754;33.0;17.6
09;2021-05-10;504;966;50774;27720;33.3;18.2
09;2021-05-11;742;1052;51516;28772;33.8;18.9
09;2021-05-12;1535;1404;53051;30176;34.8;19.8
09;2021-05-13;1383;425;54434;30601;35.7;20.1
09;2021-05-14;986;654;55420;31255;36.4;20.5
09;2021-05-15;1236;790;56656;32045;37.2;21.0
09;2021-05-16;296;48;56952;32093;37.4;21.1
09;2021-05-17;873;413;57825;32506;37.9;21.3
09;2021-05-18;1291;396;59116;32902;38.8;21.6
09;2021-05-19;1495;370;60611;33272;39.8;21.8
09;2021-05-20;1380;404;61991;33676;40.7;22.1
09;2021-05-21;1164;496;63155;34172;41.4;22.4
09;2021-05-22;1546;365;64701;34537;42.5;22.7
09;2021-05-23;273;25;64974;34562;42.6;22.7
09;2021-05-24;177;100;65151;34662;42.8;22.7
09;2021-05-25;998;500;66149;35162;43.4;23.1
09;2021-05-26;1285;446;67434;35608;44.2;23.4
09;2021-05-27;966;403;68400;36011;44.9;23.6
09;2021-05-28;958;513;69358;36524;45.5;24.0
09;2021-05-29;1797;600;71155;37124;46.7;24.4
09;2021-05-30;541;197;71696;37321;47.0;24.5
09;2021-05-31;717;593;72413;37914;47.5;24.9
09;2021-06-01;969;642;73382;38556;48.2;25.3
09;2021-06-02;1009;896;74391;39452;48.8;25.9
09;2021-06-03;810;682;75201;40134;49.3;26.3
09;2021-06-04;877;799;76078;40933;49.9;26.9
09;2021-06-05;1320;874;77398;41807;50.8;27.4
09;2021-06-06;304;108;77702;41915;51.0;27.5
09;2021-06-07;623;517;78325;42432;51.4;27.8
09;2021-06-08;823;488;79148;42920;51.9;28.2
09;2021-06-09;806;835;79954;43755;52.5;28.7
09;2021-06-10;642;534;80596;44289;52.9;29.1
09;2021-06-11;831;762;81427;45051;53.4;29.6
09;2021-06-12;636;809;82063;45860;53.8;30.1
09;2021-06-13;94;130;82157;45990;53.9;30.2
09;2021-06-14;630;708;82787;46698;54.3;30.6
09;2021-06-15;824;889;83611;47587;54.9;31.2
09;2021-06-16;627;1078;84238;48665;55.3;31.9
09;2021-06-17;780;854;85018;49519;55.8;32.5
09;2021-06-18;635;1151;85653;50670;56.2;33.2
09;2021-06-19;517;1580;86170;52250;56.5;34.3
09;2021-06-20;8;279;86178;52529;56.5;34.5
09;2021-06-21;474;699;86652;53228;56.9;34.9
09;2021-06-22;463;1066;87115;54294;57.2;35.6
09;2021-06-23;435;1224;87550;55518;57.4;36.4
09;2021-06-24;581;772;88131;56290;57.8;36.9
09;2021-06-25;411;1062;88542;57352;58.1;37.6
09;2021-06-26;443;1087;88985;58439;58.4;38.3
09;2021-06-27;2;275;88987;58714;58.4;38.5
09;2021-06-28;239;1047;89226;59761;58.5;39.2
09;2021-06-29;314;1229;89540;60990;58.8;40.0
09;2021-06-30;457;1491;89997;62481;59.1;41.0
09;2021-07-01;384;1430;90381;63911;59.3;41.9
09;2021-07-02;308;1162;90689;65073;59.5;42.7
09;2021-07-03;210;1619;90899;66692;59.6;43.8
09;2021-07-04;4;254;90903;66946;59.6;43.9
09;2021-07-05;189;714;91092;67660;59.8;44.4
09;2021-07-06;293;1223;91385;68883;60.0;45.2
09;2021-07-07;419;1398;91804;70281;60.2;46.1
09;2021-07-08;325;1059;92129;71340;60.5;46.8
09;2021-07-09;293;1154;92422;72494;60.6;47.6
09;2021-07-10;345;1727;92767;74221;60.9;48.7
09;2021-07-11;147;392;92914;74613;61.0;49.0
09;2021-07-12;187;1074;93101;75687;61.1;49.7
09;2021-07-13;642;1307;93743;76994;61.5;50.5
09;2021-07-14;490;220;94233;77214;61.8;50.7
09;2021-07-15;819;1166;95052;78380;62.4;51.4
09;2021-07-16;610;1191;95662;79571;62.8;52.2
09;2021-07-17;1016;1444;96678;81015;63.4;53.2
09;2021-07-18;301;221;96979;81236;63.6;53.3
09;2021-07-19;483;972;97462;82208;64.0;53.9
09;2021-07-20;830;1260;98292;83468;64.5;54.8
09;2021-07-21;1017;1167;99309;84635;65.2;55.5
09;2021-07-22;847;905;100156;85540;65.7;56.1
09;2021-07-23;724;910;100880;86450;66.2;56.7
09;2021-07-24;928;463;101808;86913;66.8;57.0
09;2021-07-25;559;134;102367;87047;67.2;57.1
09;2021-07-26;647;765;103014;87812;67.6;57.6
09;2021-07-27;1179;945;104193;88757;68.4;58.2
09;2021-07-28;1194;984;105387;89741;69.2;58.9
09;2021-07-29;1040;735;106427;90476;69.8;59.4
09;2021-07-30;779;621;107206;91097;70.3;59.8
09;2021-07-31;1378;416;108584;91513;71.3;60.0
09;2021-08-01;141;125;108725;91638;71.3;60.1
09;2021-08-02;614;479;109339;92117;71.7;60.4
09;2021-08-03;1253;767;110592;92884;72.6;60.9
09;2021-08-04;1398;654;111990;93538;73.5;61.4
09;2021-08-05;997;675;112987;94213;74.1;61.8
09;2021-08-06;1014;639;114001;94852;74.8;62.2
09;2021-08-07;826;428;114827;95280;75.3;62.5
09;2021-08-08;129;131;114956;95411;75.4;62.6
09;2021-08-09;690;649;115646;96060;75.9;63.0
09;2021-08-10;938;694;116584;96754;76.5;63.5
09;2021-08-11;894;870;117478;97624;77.1;64.1
09;2021-08-12;630;730;118108;98354;77.5;64.5
09;2021-08-13;460;645;118568;98999;77.8;65.0
09;2021-08-14;311;828;118879;99827;78.0;65.5
09;2021-08-15;67;138;118946;99965;78.0;65.6
09;2021-08-16;545;619;119491;100584;78.4;66.0
09;2021-08-17;673;776;120164;101360;78.8;66.5
09;2021-08-18;619;930;120783;102290;79.3;67.1
09;2021-08-19;432;721;121215;103011;79.5;67.6
09;2021-08-20;363;749;121578;103760;79.8;68.1
09;2021-08-21;344;1381;121922;105141;80.0;69.0
09;2021-08-22;67;168;121989;105309;80.0;69.1
09;2021-08-23;336;759;122325;106068;80.3;69.6
09;2021-08-24;402;955;122727;107023;80.5;70.2
09;2021-08-25;283;1004;123010;108027;80.7;70.9
09;2021-08-26;315;927;123325;108954;80.9;71.5
09;2021-08-27;223;740;123548;109694;81.1;72.0
09;2021-08-28;256;969;123804;110663;81.2;72.6
09;2021-08-29;16;144;123820;110807;81.2;72.7
09;2021-08-30;275;747;124095;111554;81.4;73.2
09;2021-08-31;316;1147;124411;112701;81.6;74.0
10;2020-12-27;0;0;0;0;0.0;0.0
10;2020-12-28;0;0;0;0;0.0;0.0
10;2020-12-29;0;0;0;0;0.0;0.0
10;2020-12-30;0;0;0;0;0.0;0.0
10;2020-12-31;0;0;0;0;0.0;0.0
10;2021-01-01;0;0;0;0;0.0;0.0
10;2021-01-02;1;0;1;0;0.0;0.0
10;2021-01-03;0;0;1;0;0.0;0.0
10;2021-01-04;0;0;1;0;0.0;0.0
10;2021-01-05;1;0;2;0;0.0;0.0
10;2021-01-06;0;0;2;0;0.0;0.0
10;2021-01-07;84;0;86;0;0.0;0.0
10;2021-01-08;255;0;341;0;0.1;0.0
10;2021-01-09;0;0;341;0;0.1;0.0
10;2021-01-10;0;0;341;0;0.1;0.0
10;2021-01-11;117;0;458;0;0.1;0.0
10;2021-01-12;191;0;649;0;0.2;0.0
10;2021-01-13;313;0;962;0;0.3;0.0
10;2021-01-14;391;7;1353;7;0.4;0.0
10;2021-01-15;359;3;1712;10;0.6;0.0
10;2021-01-16;56;0;1768;10;0.6;0.0
10;2021-01-17;0;0;1768;10;0.6;0.0
10;2021-01-18;701;2;2469;12;0.8;0.0
10;2021-01-19;1387;3;3856;15;1.2;0.0
10;2021-01-20;1079;9;4935;24;1.6;0.0
10;2021-01-21;1152;2;6087;26;2.0;0.0
10;2021-01-22;819;2;6906;28;2.2;0.0
10;2021-01-23;309;0;7215;28;2.3;0.0
10;2021-01-24;0;0;7215;28;2.3;0.0
10;2021-01-25;445;8;7660;36;2.5;0.0
10;2021-01-26;487;17;8147;53;2.6;0.0
10;2021-01-27;459;15;8606;68;2.8;0.0
10;2021-01-28;358;48;8964;116;2.9;0.0
10;2021-01-29;430;189;9394;305;3.0;0.1
10;2021-01-30;30;0;9424;305;3.0;0.1
10;2021-01-31;0;0;9424;305;3.0;0.1
10;2021-02-01;405;139;9829;444;3.2;0.1
10;2021-02-02;182;149;10011;593;3.2;0.2
10;2021-02-03;361;215;10372;808;3.3;0.3
10;2021-02-04;342;269;10714;1077;3.5;0.3
10;2021-02-05;327;319;11041;1396;3.6;0.5
10;2021-02-06;3;35;11044;1431;3.6;0.5
10;2021-02-07;0;0;11044;1431;3.6;0.5
10;2021-02-08;190;409;11234;1840;3.6;0.6
10;2021-02-09;485;585;11719;2425;3.8;0.8
10;2021-02-10;666;480;12385;2905;4.0;0.9
10;2021-02-11;781;594;13166;3499;4.2;1.1
10;2021-02-12;580;551;13746;4050;4.4;1.3
10;2021-02-13;37;117;13783;4167;4.4;1.3
10;2021-02-14;0;0;13783;4167;4.4;1.3
10;2021-02-15;142;440;13925;4607;4.5;1.5
10;2021-02-16;116;541;14041;5148;4.5;1.7
10;2021-02-17;129;601;14170;5749;4.6;1.9
10;2021-02-18;216;553;14386;6302;4.6;2.0
10;2021-02-19;187;472;14573;6774;4.7;2.2
10;2021-02-20;24;183;14597;6957;4.7;2.2
10;2021-02-21;0;0;14597;6957;4.7;2.2
10;2021-02-22;77;444;14674;7401;4.7;2.4
10;2021-02-23;76;555;14750;7956;4.8;2.6
10;2021-02-24;113;372;14863;8328;4.8;2.7
10;2021-02-25;324;374;15187;8702;4.9;2.8
10;2021-02-26;351;282;15538;8984;5.0;2.9
10;2021-02-27;275;129;15813;9113;5.1;2.9
10;2021-02-28;0;0;15813;9113;5.1;2.9
10;2021-03-01;257;332;16070;9445;5.2;3.0
10;2021-03-02;435;370;16505;9815;5.3;3.2
10;2021-03-03;454;580;16959;10395;5.5;3.4
10;2021-03-04;636;500;17595;10895;5.7;3.5
10;2021-03-05;677;253;18272;11148;5.9;3.6
10;2021-03-06;950;44;19222;11192;6.2;3.6
10;2021-03-07;769;7;19991;11199;6.5;3.6
10;2021-03-08;502;443;20493;11642;6.6;3.8
10;2021-03-09;673;434;21166;12076;6.8;3.9
10;2021-03-10;660;362;21826;12438;7.0;4.0
10;2021-03-11;1174;234;23000;12672;7.4;4.1
10;2021-03-12;1338;246;24338;12918;7.9;4.2
10;2021-03-13;891;38;25229;12956;8.1;4.2
10;2021-03-14;1381;15;26610;12971;8.6;4.2
10;2021-03-15;821;80;27431;13051;8.9;4.2
10;2021-03-16;688;64;28119;13115;9.1;4.2
10;2021-03-17;831;67;28950;13182;9.3;4.3
10;2021-03-18;885;81;29835;13263;9.6;4.3
10;2021-03-19;950;70;30785;13333;9.9;4.3
10;2021-03-20;552;18;31337;13351;10.1;4.3
10;2021-03-21;1849;43;33186;13394;10.7;4.3
10;2021-03-22;879;73;34065;13467;11.0;4.3
10;2021-03-23;1245;92;35310;13559;11.4;4.4
10;2021-03-24;1311;59;36621;13618;11.8;4.4
10;2021-03-25;1676;229;38297;13847;12.4;4.5
10;2021-03-26;1431;116;39728;13963;12.8;4.5
10;2021-03-27;762;79;40490;14042;13.1;4.5
10;2021-03-28;1221;29;41711;14071;13.5;4.5
10;2021-03-29;648;304;42359;14375;13.7;4.6
10;2021-03-30;927;376;43286;14751;14.0;4.8
10;2021-03-31;617;360;43903;15111;14.2;4.9
10;2021-04-01;884;684;44787;15795;14.5;5.1
10;2021-04-02;1069;588;45856;16383;14.8;5.3
10;2021-04-03;540;605;46396;16988;15.0;5.5
10;2021-04-04;1826;260;48222;17248;15.6;5.6
10;2021-04-05;1843;43;50065;17291;16.2;5.6
10;2021-04-06;514;650;50579;17941;16.3;5.8
10;2021-04-07;589;540;51168;18481;16.5;6.0
10;2021-04-08;1057;608;52225;19089;16.9;6.2
10;2021-04-09;1130;612;53355;19701;17.2;6.4
10;2021-04-10;1770;348;55125;20049;17.8;6.5
10;2021-04-11;55;1221;55180;21270;17.8;6.9
10;2021-04-12;1003;807;56183;22077;18.1;7.1
10;2021-04-13;1506;893;57689;22970;18.6;7.4
10;2021-04-14;820;600;58509;23570;18.9;7.6
10;2021-04-15;1454;894;59963;24464;19.3;7.9
10;2021-04-16;1109;697;61072;25161;19.7;8.1
10;2021-04-17;2391;362;63463;25523;20.5;8.2
10;2021-04-18;1421;1786;64884;27309;20.9;8.8
10;2021-04-19;838;833;65722;28142;21.2;9.1
10;2021-04-20;546;1034;66268;29176;21.4;9.4
10;2021-04-21;636;975;66904;30151;21.6;9.7
10;2021-04-22;932;963;67836;31114;21.9;10.0
10;2021-04-23;2173;777;70009;31891;22.6;10.3
10;2021-04-24;2296;376;72305;32267;23.3;10.4
10;2021-04-25;1989;1215;74294;33482;24.0;10.8
10;2021-04-26;773;621;75067;34103;24.2;11.0
10;2021-04-27;895;537;75962;34640;24.5;11.2
10;2021-04-28;873;405;76835;35045;24.8;11.3
10;2021-04-29;1433;673;78268;35718;25.3;11.5
10;2021-04-30;2173;768;80441;36486;26.0;11.8
10;2021-05-01;1988;2168;82429;38654;26.6;12.5
10;2021-05-02;1948;1894;84377;40548;27.2;13.1
10;2021-05-03;622;447;84999;40995;27.4;13.2
10;2021-05-04;1144;1246;86143;42241;27.8;13.6
10;2021-05-05;1755;1021;87898;43262;28.4;14.0
10;2021-05-06;2257;948;90155;44210;29.1;14.3
10;2021-05-07;2217;1141;92372;45351;29.8;14.6
10;2021-05-08;2272;860;94644;46211;30.5;14.9
10;2021-05-09;2005;99;96649;46310;31.2;14.9
10;2021-05-10;530;1093;97179;47403;31.4;15.3
10;2021-05-11;1051;1029;98230;48432;31.7;15.6
10;2021-05-12;2061;884;100291;49316;32.4;15.9
10;2021-05-13;2180;434;102471;49750;33.1;16.1
10;2021-05-14;2729;673;105200;50423;33.9;16.3
10;2021-05-15;2426;2049;107626;52472;34.7;16.9
10;2021-05-16;2081;1448;109707;53920;35.4;17.4
10;2021-05-17;1451;443;111158;54363;35.9;17.5
10;2021-05-18;2511;640;113669;55003;36.7;17.7
10;2021-05-19;1553;641;115222;55644;37.2;18.0
10;2021-05-20;1892;847;117114;56491;37.8;18.2
10;2021-05-21;2318;618;119432;57109;38.5;18.4
10;2021-05-22;2180;422;121612;57531;39.2;18.6
10;2021-05-23;1817;139;123429;57670;39.8;18.6
10;2021-05-24;1968;177;125397;57847;40.5;18.7
10;2021-05-25;2195;492;127592;58339;41.2;18.8
10;2021-05-26;1677;421;129269;58760;41.7;19.0
10;2021-05-27;1660;755;130929;59515;42.2;19.2
10;2021-05-28;1719;1185;132648;60700;42.8;19.6
10;2021-05-29;2170;642;134818;61342;43.5;19.8
10;2021-05-30;1029;135;135847;61477;43.8;19.8
10;2021-05-31;1040;750;136887;62227;44.2;20.1
10;2021-06-01;1134;886;138021;63113;44.5;20.4
10;2021-06-02;1032;719;139053;63832;44.9;20.6
10;2021-06-03;1473;1071;140526;64903;45.3;20.9
10;2021-06-04;1768;2601;142294;67504;45.9;21.8
10;2021-06-05;1519;2452;143813;69956;46.4;22.6
10;2021-06-06;1005;1876;144818;71832;46.7;23.2
10;2021-06-07;698;1112;145516;72944;47.0;23.5
10;2021-06-08;896;1171;146412;74115;47.2;23.9
10;2021-06-09;877;913;147289;75028;47.5;24.2
10;2021-06-10;678;1072;147967;76100;47.7;24.6
10;2021-06-11;1199;2209;149166;78309;48.1;25.3
10;2021-06-12;855;2388;150021;80697;48.4;26.0
10;2021-06-13;401;1835;150422;82532;48.5;26.6
10;2021-06-14;534;742;150956;83274;48.7;26.9
10;2021-06-15;740;2132;151696;85406;48.9;27.6
10;2021-06-16;740;1860;152436;87266;49.2;28.2
10;2021-06-17;850;2458;153286;89724;49.5;29.0
10;2021-06-18;1031;2473;154317;92197;49.8;29.7
10;2021-06-19;981;2595;155298;94792;50.1;30.6
10;2021-06-20;549;1599;155847;96391;50.3;31.1
10;2021-06-21;682;1045;156529;97436;50.5;31.4
10;2021-06-22;744;1525;157273;98961;50.7;31.9
10;2021-06-23;651;2408;157924;101369;51.0;32.7
10;2021-06-24;784;2618;158708;103987;51.2;33.6
10;2021-06-25;730;3044;159438;107031;51.4;34.5
10;2021-06-26;513;2746;159951;109777;51.6;35.4
10;2021-06-27;403;1939;160354;111716;51.7;36.0
10;2021-06-28;685;1787;161039;113503;52.0;36.6
10;2021-06-29;617;2694;161656;116197;52.2;37.5
10;2021-06-30;534;1524;162190;117721;52.3;38.0
10;2021-07-01;553;2171;162743;119892;52.5;38.7
10;2021-07-02;668;2727;163411;122619;52.7;39.6
10;2021-07-03;529;2600;163940;125219;52.9;40.4
10;2021-07-04;411;1727;164351;126946;53.0;41.0
10;2021-07-05;667;2222;165018;129168;53.2;41.7
10;2021-07-06;652;2190;165670;131358;53.5;42.4
10;2021-07-07;636;1703;166306;133061;53.7;42.9
10;2021-07-08;749;1458;167055;134519;53.9;43.4
10;2021-07-09;815;1947;167870;136466;54.2;44.0
10;2021-07-10;633;2096;168503;138562;54.4;44.7
10;2021-07-11;500;1383;169003;139945;54.5;45.2
10;2021-07-12;780;1623;169783;141568;54.8;45.7
10;2021-07-13;1125;1873;170908;143441;55.1;46.3
10;2021-07-14;1170;1056;172078;144497;55.5;46.6
10;2021-07-15;1474;1979;173552;146476;56.0;47.3
10;2021-07-16;1240;2273;174792;148749;56.4;48.0
10;2021-07-17;1288;1739;176080;150488;56.8;48.6
10;2021-07-18;942;1225;177022;151713;57.1;49.0
10;2021-07-19;1359;1620;178381;153333;57.6;49.5
10;2021-07-20;1686;1434;180067;154767;58.1;49.9
10;2021-07-21;1395;1487;181462;156254;58.6;50.4
10;2021-07-22;1935;1599;183397;157853;59.2;50.9
10;2021-07-23;1595;1545;184992;159398;59.7;51.4
10;2021-07-24;1391;1228;186383;160626;60.1;51.8
10;2021-07-25;1251;789;187634;161415;60.5;52.1
10;2021-07-26;1913;1315;189547;162730;61.2;52.5
10;2021-07-27;2136;1089;191683;163819;61.9;52.9
10;2021-07-28;2095;1018;193778;164837;62.5;53.2
10;2021-07-29;2436;1200;196214;166037;63.3;53.6
10;2021-07-30;2162;1310;198376;167347;64.0;54.0
10;2021-07-31;1677;936;200053;168283;64.6;54.3
10;2021-08-01;1235;572;201288;168855;65.0;54.5
10;2021-08-02;1336;1337;202624;170192;65.4;54.9
10;2021-08-03;1563;897;204187;171089;65.9;55.2
10;2021-08-04;1318;1067;205505;172156;66.3;55.6
10;2021-08-05;1628;1347;207133;173503;66.8;56.0
10;2021-08-06;1800;1332;208933;174835;67.4;56.4
10;2021-08-07;1150;1133;210083;175968;67.8;56.8
10;2021-08-08;659;752;210742;176720;68.0;57.0
10;2021-08-09;1302;1542;212044;178262;68.4;57.5
10;2021-08-10;1622;1349;213666;179611;68.9;58.0
10;2021-08-11;822;1106;214488;180717;69.2;58.3
10;2021-08-12;1023;1226;215511;181943;69.5;58.7
10;2021-08-13;729;1075;216240;183018;69.8;59.1
10;2021-08-14;571;1237;216811;184255;70.0;59.5
10;2021-08-15;302;778;217113;185033;70.1;59.7
10;2021-08-16;700;1617;217813;186650;70.3;60.2
10;2021-08-17;861;1773;218674;188423;70.6;60.8
10;2021-08-18;692;1618;219366;190041;70.8;61.3
10;2021-08-19;538;1568;219904;191609;71.0;61.8
10;2021-08-20;602;1742;220506;193351;71.2;62.4
10;2021-08-21;419;1436;220925;194787;71.3;62.9
10;2021-08-22;187;1061;221112;195848;71.3;63.2
10;2021-08-23;478;1558;221590;197406;71.5;63.7
10;2021-08-24;663;1769;222253;199175;71.7;64.3
10;2021-08-25;453;1376;222706;200551;71.9;64.7
10;2021-08-26;427;1485;223133;202036;72.0;65.2
10;2021-08-27;619;1586;223752;203622;72.2;65.7
10;2021-08-28;385;1331;224137;204953;72.3;66.1
10;2021-08-29;225;946;224362;205899;72.4;66.4
10;2021-08-30;431;1391;224793;207290;72.5;66.9
10;2021-08-31;458;1448;225251;208738;72.7;67.4
11;2020-12-27;0;0;0;0;0.0;0.0
11;2020-12-28;1;0;1;0;0.0;0.0
11;2020-12-29;1;0;2;0;0.0;0.0
11;2020-12-30;0;0;2;0;0.0;0.0
11;2020-12-31;0;0;2;0;0.0;0.0
11;2021-01-01;0;0;2;0;0.0;0.0
11;2021-01-02;5;0;7;0;0.0;0.0
11;2021-01-03;0;0;7;0;0.0;0.0
11;2021-01-04;1;0;8;0;0.0;0.0
11;2021-01-05;94;0;102;0;0.0;0.0
11;2021-01-06;25;0;127;0;0.0;0.0
11;2021-01-07;119;0;246;0;0.1;0.0
11;2021-01-08;91;1;337;1;0.1;0.0
11;2021-01-09;86;0;423;1;0.1;0.0
11;2021-01-10;67;0;490;1;0.1;0.0
11;2021-01-11;136;0;626;1;0.2;0.0
11;2021-01-12;545;3;1171;4;0.3;0.0
11;2021-01-13;410;1;1581;5;0.4;0.0
11;2021-01-14;644;8;2225;13;0.6;0.0
11;2021-01-15;343;4;2568;17;0.7;0.0
11;2021-01-16;77;1;2645;18;0.7;0.0
11;2021-01-17;47;1;2692;19;0.7;0.0
11;2021-01-18;388;0;3080;19;0.8;0.0
11;2021-01-19;528;4;3608;23;1.0;0.0
11;2021-01-20;693;6;4301;29;1.2;0.0
11;2021-01-21;648;4;4949;33;1.3;0.0
11;2021-01-22;524;2;5473;35;1.5;0.0
11;2021-01-23;160;0;5633;35;1.5;0.0
11;2021-01-24;139;0;5772;35;1.5;0.0
11;2021-01-25;375;19;6147;54;1.6;0.0
11;2021-01-26;847;85;6994;139;1.9;0.0
11;2021-01-27;799;25;7793;164;2.1;0.0
11;2021-01-28;648;61;8441;225;2.3;0.1
11;2021-01-29;440;122;8881;347;2.4;0.1
11;2021-01-30;134;1;9015;348;2.4;0.1
11;2021-01-31;82;0;9097;348;2.4;0.1
11;2021-02-01;344;194;9441;542;2.5;0.1
11;2021-02-02;412;407;9853;949;2.6;0.3
11;2021-02-03;391;351;10244;1300;2.7;0.3
11;2021-02-04;376;497;10620;1797;2.8;0.5
11;2021-02-05;317;335;10937;2132;2.9;0.6
11;2021-02-06;207;62;11144;2194;3.0;0.6
11;2021-02-07;108;13;11252;2207;3.0;0.6
11;2021-02-08;316;155;11568;2362;3.1;0.6
11;2021-02-09;300;278;11868;2640;3.2;0.7
11;2021-02-10;341;442;12209;3082;3.3;0.8
11;2021-02-11;610;630;12819;3712;3.4;1.0
11;2021-02-12;402;377;13221;4089;3.5;1.1
11;2021-02-13;194;118;13415;4207;3.6;1.1
11;2021-02-14;72;26;13487;4233;3.6;1.1
11;2021-02-15;240;206;13727;4439;3.7;1.2
11;2021-02-16;265;511;13992;4950;3.8;1.3
11;2021-02-17;453;617;14445;5567;3.9;1.5
11;2021-02-18;456;571;14901;6138;4.0;1.6
11;2021-02-19;300;534;15201;6672;4.1;1.8
11;2021-02-20;147;74;15348;6746;4.1;1.8
11;2021-02-21;59;44;15407;6790;4.1;1.8
11;2021-02-22;124;327;15531;7117;4.2;1.9
11;2021-02-23;283;317;15814;7434;4.2;2.0
11;2021-02-24;251;364;16065;7798;4.3;2.1
11;2021-02-25;563;322;16628;8120;4.5;2.2
11;2021-02-26;523;311;17151;8431;4.6;2.3
11;2021-02-27;319;98;17470;8529;4.7;2.3
11;2021-02-28;95;24;17565;8553;4.7;2.3
11;2021-03-01;339;312;17904;8865;4.8;2.4
11;2021-03-02;562;388;18466;9253;5.0;2.5
11;2021-03-03;600;431;19066;9684;5.1;2.6
11;2021-03-04;1077;409;20143;10093;5.4;2.7
11;2021-03-05;1003;409;21146;10502;5.7;2.8
11;2021-03-06;1094;205;22240;10707;6.0;2.9
11;2021-03-07;658;33;22898;10740;6.1;2.9
11;2021-03-08;370;349;23268;11089;6.2;3.0
11;2021-03-09;997;398;24265;11487;6.5;3.1
11;2021-03-10;1174;545;25439;12032;6.8;3.2
11;2021-03-11;1571;445;27010;12477;7.2;3.3
11;2021-03-12;1456;442;28466;12919;7.6;3.5
11;2021-03-13;1159;239;29625;13158;7.9;3.5
11;2021-03-14;523;55;30148;13213;8.1;3.5
11;2021-03-15;651;240;30799;13453;8.3;3.6
11;2021-03-16;853;200;31652;13653;8.5;3.7
11;2021-03-17;906;220;32558;13873;8.7;3.7
11;2021-03-18;1172;282;33730;14155;9.1;3.8
11;2021-03-19;1371;248;35101;14403;9.4;3.9
11;2021-03-20;790;176;35891;14579;9.6;3.9
11;2021-03-21;225;65;36116;14644;9.7;3.9
11;2021-03-22;808;217;36924;14861;9.9;4.0
11;2021-03-23;1806;393;38730;15254;10.4;4.1
11;2021-03-24;1846;319;40576;15573;10.9;4.2
11;2021-03-25;2190;373;42766;15946;11.5;4.3
11;2021-03-26;2124;446;44890;16392;12.0;4.4
11;2021-03-27;1178;145;46068;16537;12.4;4.4
11;2021-03-28;265;43;46333;16580;12.4;4.4
11;2021-03-29;1181;223;47514;16803;12.7;4.5
11;2021-03-30;1993;323;49507;17126;13.3;4.6
11;2021-03-31;1614;383;51121;17509;13.7;4.7
11;2021-04-01;2146;425;53267;17934;14.3;4.8
11;2021-04-02;1643;429;54910;18363;14.7;4.9
11;2021-04-03;720;146;55630;18509;14.9;5.0
11;2021-04-04;198;76;55828;18585;15.0;5.0
11;2021-04-05;257;4;56085;18589;15.0;5.0
11;2021-04-06;1574;553;57659;19142;15.5;5.1
11;2021-04-07;1777;574;59436;19716;15.9;5.3
11;2021-04-08;1785;684;61221;20400;16.4;5.5
11;2021-04-09;2263;604;63484;21004;17.0;5.6
11;2021-04-10;1169;179;64653;21183;17.3;5.7
11;2021-04-11;549;107;65202;21290;17.5;5.7
11;2021-04-12;1615;538;66817;21828;17.9;5.9
11;2021-04-13;2261;886;69078;22714;18.5;6.1
11;2021-04-14;1661;1019;70739;23733;19.0;6.4
11;2021-04-15;1844;1131;72583;24864;19.5;6.7
11;2021-04-16;1836;849;74419;25713;20.0;6.9
11;2021-04-17;1773;564;76192;26277;20.4;7.1
11;2021-04-18;114;155;76306;26432;20.5;7.1
11;2021-04-19;1383;737;77689;27169;20.8;7.3
11;2021-04-20;1729;1283;79418;28452;21.3;7.6
11;2021-04-21;1779;1323;81197;29775;21.8;8.0
11;2021-04-22;1749;1322;82946;31097;22.3;8.3
11;2021-04-23;2012;1234;84958;32331;22.8;8.7
11;2021-04-24;1735;469;86693;32800;23.3;8.8
11;2021-04-25;659;180;87352;32980;23.4;8.8
11;2021-04-26;1380;839;88732;33819;23.8;9.1
11;2021-04-27;1838;1551;90570;35370;24.3;9.5
11;2021-04-28;2009;1469;92579;36839;24.8;9.9
11;2021-04-29;2248;1639;94827;38478;25.4;10.3
11;2021-04-30;2158;1428;96985;39906;26.0;10.7
11;2021-05-01;1338;342;98323;40248;26.4;10.8
11;2021-05-02;588;336;98911;40584;26.5;10.9
11;2021-05-03;1487;739;100398;41323;26.9;11.1
11;2021-05-04;1879;1430;102277;42753;27.4;11.5
11;2021-05-05;1893;1439;104170;44192;27.9;11.9
11;2021-05-06;2192;1476;106362;45668;28.5;12.3
11;2021-05-07;2104;1560;108466;47228;29.1;12.7
11;2021-05-08;898;727;109364;47955;29.3;12.9
11;2021-05-09;628;543;109992;48498;29.5;13.0
11;2021-05-10;1328;1652;111320;50150;29.9;13.5
11;2021-05-11;2041;1872;113361;52022;30.4;14.0
11;2021-05-12;1849;1656;115210;53678;30.9;14.4
11;2021-05-13;1406;414;116616;54092;31.3;14.5
11;2021-05-14;1714;1183;118330;55275;31.7;14.8
11;2021-05-15;1157;898;119487;56173;32.1;15.1
11;2021-05-16;808;164;120295;56337;32.3;15.1
11;2021-05-17;1471;1049;121766;57386;32.7;15.4
11;2021-05-18;1898;1196;123664;58582;33.2;15.7
11;2021-05-19;1847;1123;125511;59705;33.7;16.0
11;2021-05-20;1970;1090;127481;60795;34.2;16.3
11;2021-05-21;2275;1090;129756;61885;34.8;16.6
11;2021-05-22;1485;727;131241;62612;35.2;16.8
11;2021-05-23;768;71;132009;62683;35.4;16.8
11;2021-05-24;1411;226;133420;62909;35.8;16.9
11;2021-05-25;1811;1354;135231;64263;36.3;17.2
11;2021-05-26;1933;1303;137164;65566;36.8;17.6
11;2021-05-27;1985;1720;139149;67286;37.3;18.1
11;2021-05-28;1759;1899;140908;69185;37.8;18.6
11;2021-05-29;1427;1601;142335;70786;38.2;19.0
11;2021-05-30;486;396;142821;71182;38.3;19.1
11;2021-05-31;1261;1619;144082;72801;38.7;19.5
11;2021-06-01;1856;1904;145938;74705;39.2;20.0
11;2021-06-02;1761;2075;147699;76780;39.6;20.6
11;2021-06-03;2599;2414;150298;79194;40.3;21.2
11;2021-06-04;2146;2674;152444;81868;40.9;22.0
11;2021-06-05;1589;1904;154033;83772;41.3;22.5
11;2021-06-06;877;860;154910;84632;41.6;22.7
11;2021-06-07;1527;1714;156437;86346;42.0;23.2
11;2021-06-08;2038;1997;158475;88343;42.5;23.7
11;2021-06-09;1789;2188;160264;90531;43.0;24.3
11;2021-06-10;1807;2427;162071;92958;43.5;24.9
11;2021-06-11;1864;2494;163935;95452;44.0;25.6
11;2021-06-12;1457;1623;165392;97075;44.4;26.0
11;2021-06-13;713;723;166105;97798;44.6;26.2
11;2021-06-14;1033;1969;167138;99767;44.8;26.8
11;2021-06-15;1395;2687;168533;102454;45.2;27.5
11;2021-06-16;1338;2529;169871;104983;45.6;28.2
11;2021-06-17;1473;2540;171344;107523;46.0;28.8
11;2021-06-18;1520;2490;172864;110013;46.4;29.5
11;2021-06-19;1237;1411;174101;111424;46.7;29.9
11;2021-06-20;299;599;174400;112023;46.8;30.1
11;2021-06-21;838;2122;175238;114145;47.0;30.6
11;2021-06-22;1016;2609;176254;116754;47.3;31.3
11;2021-06-23;1097;2089;177351;118843;47.6;31.9
11;2021-06-24;907;2246;178258;121089;47.8;32.5
11;2021-06-25;991;2546;179249;123635;48.1;33.2
11;2021-06-26;776;1656;180025;125291;48.3;33.6
11;2021-06-27;210;688;180235;125979;48.4;33.8
11;2021-06-28;697;2299;180932;128278;48.5;34.4
11;2021-06-29;964;2601;181896;130879;48.8;35.1
11;2021-06-30;905;2521;182801;133400;49.0;35.8
11;2021-07-01;1004;1889;183805;135289;49.3;36.3
11;2021-07-02;968;2544;184773;137833;49.6;37.0
11;2021-07-03;728;1805;185501;139638;49.8;37.5
11;2021-07-04;340;1109;185841;140747;49.9;37.8
11;2021-07-05;696;2133;186537;142880;50.0;38.3
11;2021-07-06;972;2520;187509;145400;50.3;39.0
11;2021-07-07;946;2511;188455;147911;50.6;39.7
11;2021-07-08;1191;1912;189646;149823;50.9;40.2
11;2021-07-09;823;1794;190469;151617;51.1;40.7
11;2021-07-10;369;1301;190838;152918;51.2;41.0
11;2021-07-11;313;564;191151;153482;51.3;41.2
11;2021-07-12;505;2671;191656;156153;51.4;41.9
11;2021-07-13;1305;3068;192961;159221;51.8;42.7
11;2021-07-14;211;236;193172;159457;51.8;42.8
11;2021-07-15;1450;2969;194622;162426;52.2;43.6
11;2021-07-16;1875;2736;196497;165162;52.7;44.3
11;2021-07-17;1075;2166;197572;167328;53.0;44.9
11;2021-07-18;653;945;198225;168273;53.2;45.1
11;2021-07-19;1355;2094;199580;170367;53.5;45.7
11;2021-07-20;1997;2409;201577;172776;54.1;46.4
11;2021-07-21;2015;2441;203592;175217;54.6;47.0
11;2021-07-22;2414;1892;206006;177109;55.3;47.5
11;2021-07-23;2230;2280;208236;179389;55.9;48.1
11;2021-07-24;1274;1628;209510;181017;56.2;48.6
11;2021-07-25;750;693;210260;181710;56.4;48.8
11;2021-07-26;1663;1426;211923;183136;56.9;49.1
11;2021-07-27;2332;1998;214255;185134;57.5;49.7
11;2021-07-28;2477;1989;216732;187123;58.2;50.2
11;2021-07-29;2773;1793;219505;188916;58.9;50.7
11;2021-07-30;2573;1799;222078;190715;59.6;51.2
11;2021-07-31;2008;1134;224086;191849;60.1;51.5
11;2021-08-01;1012;483;225098;192332;60.4;51.6
11;2021-08-02;1925;1153;227023;193485;60.9;51.9
11;2021-08-03;2434;1595;229457;195080;61.6;52.3
11;2021-08-04;2554;1266;232011;196346;62.3;52.7
11;2021-08-05;2372;1336;234383;197682;62.9;53.0
11;2021-08-06;2252;1660;236635;199342;63.5;53.5
11;2021-08-07;1662;1169;238297;200511;63.9;53.8
11;2021-08-08;596;206;238893;200717;64.1;53.9
11;2021-08-09;1031;1433;239924;202150;64.4;54.2
11;2021-08-10;1736;1993;241660;204143;64.8;54.8
11;2021-08-11;1712;1688;243372;205831;65.3;55.2
11;2021-08-12;1682;1851;245054;207682;65.8;55.7
11;2021-08-13;1344;1658;246398;209340;66.1;56.2
11;2021-08-14;978;1593;247376;210933;66.4;56.6
11;2021-08-15;137;125;247513;211058;66.4;56.6
11;2021-08-16;715;1912;248228;212970;66.6;57.1
11;2021-08-17;1045;2393;249273;215363;66.9;57.8
11;2021-08-18;1103;2030;250376;217393;67.2;58.3
11;2021-08-19;995;2291;251371;219684;67.4;58.9
11;2021-08-20;965;2292;252336;221976;67.7;59.6
11;2021-08-21;574;1837;252910;223813;67.9;60.1
11;2021-08-22;190;512;253100;224325;67.9;60.2
11;2021-08-23;522;1817;253622;226142;68.0;60.7
11;2021-08-24;794;2250;254416;228392;68.3;61.3
11;2021-08-25;788;2150;255204;230542;68.5;61.9
11;2021-08-26;749;2002;255953;232544;68.7;62.4
11;2021-08-27;698;2218;256651;234762;68.9;63.0
11;2021-08-28;435;1743;257086;236505;69.0;63.5
11;2021-08-29;143;514;257229;237019;69.0;63.6
11;2021-08-30;449;1344;257678;238363;69.1;64.0
11;2021-08-31;565;1940;258243;240303;69.3;64.5
12;2020-12-27;0;0;0;0;0.0;0.0
12;2020-12-28;0;0;0;0;0.0;0.0
12;2020-12-29;0;0;0;0;0.0;0.0
12;2020-12-30;0;0;0;0;0.0;0.0
12;2020-12-31;0;0;0;0;0.0;0.0
12;2021-01-01;0;0;0;0;0.0;0.0
12;2021-01-02;0;0;0;0;0.0;0.0
12;2021-01-03;0;0;0;0;0.0;0.0
12;2021-01-04;1;0;1;0;0.0;0.0
12;2021-01-05;1;0;2;0;0.0;0.0
12;2021-01-06;12;0;14;0;0.0;0.0
12;2021-01-07;202;0;216;0;0.1;0.0
12;2021-01-08;65;0;281;0;0.1;0.0
12;2021-01-09;0;0;281;0;0.1;0.0
12;2021-01-10;1;0;282;0;0.1;0.0
12;2021-01-11;99;0;381;0;0.1;0.0
12;2021-01-12;360;1;741;1;0.3;0.0
12;2021-01-13;285;0;1026;1;0.4;0.0
12;2021-01-14;600;12;1626;13;0.6;0.0
12;2021-01-15;367;10;1993;23;0.7;0.0
12;2021-01-16;138;2;2131;25;0.8;0.0
12;2021-01-17;0;0;2131;25;0.8;0.0
12;2021-01-18;453;0;2584;25;0.9;0.0
12;2021-01-19;606;3;3190;28;1.1;0.0
12;2021-01-20;878;2;4068;30;1.5;0.0
12;2021-01-21;735;0;4803;30;1.7;0.0
12;2021-01-22;798;1;5601;31;2.0;0.0
12;2021-01-23;382;0;5983;31;2.1;0.0
12;2021-01-24;0;0;5983;31;2.1;0.0
12;2021-01-25;453;0;6436;31;2.3;0.0
12;2021-01-26;650;0;7086;31;2.5;0.0
12;2021-01-27;1885;25;8971;56;3.2;0.0
12;2021-01-28;1885;214;10856;270;3.9;0.1
12;2021-01-29;1332;46;12188;316;4.4;0.1
12;2021-01-30;359;2;12547;318;4.5;0.1
12;2021-01-31;0;0;12547;318;4.5;0.1
12;2021-02-01;333;89;12880;407;4.6;0.1
12;2021-02-02;457;240;13337;647;4.8;0.2
12;2021-02-03;457;166;13794;813;5.0;0.3
12;2021-02-04;459;526;14253;1339;5.1;0.5
12;2021-02-05;449;183;14702;1522;5.3;0.5
12;2021-02-06;220;65;14922;1587;5.4;0.6
12;2021-02-07;8;0;14930;1587;5.4;0.6
12;2021-02-08;105;315;15035;1902;5.4;0.7
12;2021-02-09;208;337;15243;2239;5.5;0.8
12;2021-02-10;464;470;15707;2709;5.6;1.0
12;2021-02-11;539;340;16246;3049;5.8;1.1
12;2021-02-12;570;336;16816;3385;6.0;1.2
12;2021-02-13;175;132;16991;3517;6.1;1.3
12;2021-02-14;1;0;16992;3517;6.1;1.3
12;2021-02-15;175;371;17167;3888;6.2;1.4
12;2021-02-16;171;506;17338;4394;6.2;1.6
12;2021-02-17;366;1424;17704;5818;6.4;2.1
12;2021-02-18;676;1652;18380;7470;6.6;2.7
12;2021-02-19;594;970;18974;8440;6.8;3.0
12;2021-02-20;103;392;19077;8832;6.9;3.2
12;2021-02-21;0;0;19077;8832;6.9;3.2
12;2021-02-22;150;395;19227;9227;6.9;3.3
12;2021-02-23;157;549;19384;9776;7.0;3.5
12;2021-02-24;157;681;19541;10457;7.0;3.8
12;2021-02-25;201;765;19742;11222;7.1;4.0
12;2021-02-26;320;649;20062;11871;7.2;4.3
12;2021-02-27;190;349;20252;12220;7.3;4.4
12;2021-02-28;13;0;20265;12220;7.3;4.4
12;2021-03-01;51;349;20316;12569;7.3;4.5
12;2021-03-02;190;506;20506;13075;7.4;4.7
12;2021-03-03;244;387;20750;13462;7.5;4.8
12;2021-03-04;278;363;21028;13825;7.6;5.0
12;2021-03-05;421;368;21449;14193;7.7;5.1
12;2021-03-06;793;129;22242;14322;8.0;5.1
12;2021-03-07;140;32;22382;14354;8.0;5.2
12;2021-03-08;234;206;22616;14560;8.1;5.2
12;2021-03-09;716;232;23332;14792;8.4;5.3
12;2021-03-10;784;737;24116;15529;8.7;5.6
12;2021-03-11;919;661;25035;16190;9.0;5.8
12;2021-03-12;1260;527;26295;16717;9.4;6.0
12;2021-03-13;896;140;27191;16857;9.8;6.1
12;2021-03-14;45;2;27236;16859;9.8;6.1
12;2021-03-15;559;156;27795;17015;10.0;6.1
12;2021-03-16;818;162;28613;17177;10.3;6.2
12;2021-03-17;1504;165;30117;17342;10.8;6.2
12;2021-03-18;996;251;31113;17593;11.2;6.3
12;2021-03-19;1383;282;32496;17875;11.7;6.4
12;2021-03-20;724;79;33220;17954;11.9;6.4
12;2021-03-21;264;10;33484;17964;12.0;6.5
12;2021-03-22;606;175;34090;18139;12.2;6.5
12;2021-03-23;1214;175;35304;18314;12.7;6.6
12;2021-03-24;1422;205;36726;18519;13.2;6.7
12;2021-03-25;1846;206;38572;18725;13.9;6.7
12;2021-03-26;1978;227;40550;18952;14.6;6.8
12;2021-03-27;981;67;41531;19019;14.9;6.8
12;2021-03-28;60;1;41591;19020;14.9;6.8
12;2021-03-29;963;84;42554;19104;15.3;6.9
12;2021-03-30;1737;123;44291;19227;15.9;6.9
12;2021-03-31;1461;107;45752;19334;16.4;6.9
12;2021-04-01;1958;161;47710;19495;17.1;7.0
12;2021-04-02;1615;343;49325;19838;17.7;7.1
12;2021-04-03;882;95;50207;19933;18.0;7.2
12;2021-04-04;1;0;50208;19933;18.0;7.2
12;2021-04-05;645;11;50853;19944;18.3;7.2
12;2021-04-06;1154;537;52007;20481;18.7;7.4
12;2021-04-07;1651;639;53658;21120;19.3;7.6
12;2021-04-08;2098;568;55756;21688;20.0;7.8
12;2021-04-09;2112;650;57868;22338;20.8;8.0
12;2021-04-10;1427;219;59295;22557;21.3;8.1
12;2021-04-11;120;1;59415;22558;21.3;8.1
12;2021-04-12;1837;504;61252;23062;22.0;8.3
12;2021-04-13;1907;779;63159;23841;22.7;8.6
12;2021-04-14;1831;1319;64990;25160;23.3;9.0
12;2021-04-15;1938;898;66928;26058;24.0;9.4
12;2021-04-16;1676;1203;68604;27261;24.6;9.8
12;2021-04-17;1554;567;70158;27828;25.2;10.0
12;2021-04-18;0;0;70158;27828;25.2;10.0
12;2021-04-19;1688;549;71846;28377;25.8;10.2
12;2021-04-20;1545;984;73391;29361;26.4;10.5
12;2021-04-21;1693;1183;75084;30544;27.0;11.0
12;2021-04-22;1691;1096;76775;31640;27.6;11.4
12;2021-04-23;1383;1335;78158;32975;28.1;11.8
12;2021-04-24;1451;720;79609;33695;28.6;12.1
12;2021-04-25;60;0;79669;33695;28.6;12.1
12;2021-04-26;1459;897;81128;34592;29.1;12.4
12;2021-04-27;1320;1279;82448;35871;29.6;12.9
12;2021-04-28;1113;1869;83561;37740;30.0;13.6
12;2021-04-29;1571;1911;85132;39651;30.6;14.2
12;2021-04-30;1812;1837;86944;41488;31.2;14.9
12;2021-05-01;1616;260;88560;41748;31.8;15.0
12;2021-05-02;8;0;88568;41748;31.8;15.0
12;2021-05-03;1713;1251;90281;42999;32.4;15.4
12;2021-05-04;1482;1392;91763;44391;33.0;15.9
12;2021-05-05;1293;1673;93056;46064;33.4;16.5
12;2021-05-06;1752;1377;94808;47441;34.1;17.0
12;2021-05-07;1482;1776;96290;49217;34.6;17.7
12;2021-05-08;1330;461;97620;49678;35.1;17.8
12;2021-05-09;13;34;97633;49712;35.1;17.9
12;2021-05-10;828;2215;98461;51927;35.4;18.7
12;2021-05-11;930;1853;99391;53780;35.7;19.3
12;2021-05-12;949;1820;100340;55600;36.0;20.0
12;2021-05-13;1587;810;101927;56410;36.6;20.3
12;2021-05-14;1235;1533;103162;57943;37.1;20.8
12;2021-05-15;1068;1116;104230;59059;37.4;21.2
12;2021-05-16;2;19;104232;59078;37.4;21.2
12;2021-05-17;1082;1810;105314;60888;37.8;21.9
12;2021-05-18;1427;1534;106741;62422;38.3;22.4
12;2021-05-19;1915;1330;108656;63752;39.0;22.9
12;2021-05-20;2119;875;110775;64627;39.8;23.2
12;2021-05-21;1821;1253;112596;65880;40.4;23.7
12;2021-05-22;1206;1015;113802;66895;40.9;24.0
12;2021-05-23;7;12;113809;66907;40.9;24.0
12;2021-05-24;1956;538;115765;67445;41.6;24.2
12;2021-05-25;1744;1160;117509;68605;42.2;24.6
12;2021-05-26;1998;777;119507;69382;42.9;24.9
12;2021-05-27;2164;744;121671;70126;43.7;25.2
12;2021-05-28;1928;1031;123599;71157;44.4;25.6
12;2021-05-29;1637;805;125236;71962;45.0;25.9
12;2021-05-30;9;43;125245;72005;45.0;25.9
12;2021-05-31;1699;817;126944;72822;45.6;26.2
12;2021-06-01;1889;1027;128833;73849;46.3;26.5
12;2021-06-02;1979;1053;130812;74902;47.0;26.9
12;2021-06-03;2121;830;132933;75732;47.8;27.2
12;2021-06-04;1967;1418;134900;77150;48.5;27.7
12;2021-06-05;1739;985;136639;78135;49.1;28.1
12;2021-06-06;5;6;136644;78141;49.1;28.1
12;2021-06-07;1091;1808;137735;79949;49.5;28.7
12;2021-06-08;1333;1201;139068;81150;50.0;29.2
12;2021-06-09;896;1291;139964;82441;50.3;29.6
12;2021-06-10;1022;921;140986;83362;50.6;29.9
12;2021-06-11;1204;2082;142190;85444;51.1;30.7
12;2021-06-12;1033;1321;143223;86765;51.5;31.2
12;2021-06-13;6;47;143229;86812;51.5;31.2
12;2021-06-14;662;1829;143891;88641;51.7;31.8
12;2021-06-15;745;1882;144636;90523;52.0;32.5
12;2021-06-16;821;1818;145457;92341;52.3;33.2
12;2021-06-17;678;995;146135;93336;52.5;33.5
12;2021-06-18;1134;1840;147269;95176;52.9;34.2
12;2021-06-19;914;1406;148183;96582;53.2;34.7
12;2021-06-20;4;10;148187;96592;53.2;34.7
12;2021-06-21;512;1738;148699;98330;53.4;35.3
12;2021-06-22;503;1474;149202;99804;53.6;35.9
12;2021-06-23;578;1306;149780;101110;53.8;36.3
12;2021-06-24;249;545;150029;101655;53.9;36.5
12;2021-06-25;876;1840;150905;103495;54.2;37.2
12;2021-06-26;674;1527;151579;105022;54.5;37.7
12;2021-06-27;1;9;151580;105031;54.5;37.7
12;2021-06-28;468;2452;152048;107483;54.6;38.6
12;2021-06-29;565;1957;152613;109440;54.8;39.3
12;2021-06-30;830;2133;153443;111573;55.1;40.1
12;2021-07-01;343;1086;153786;112659;55.2;40.5
12;2021-07-02;796;2626;154582;115285;55.5;41.4
12;2021-07-03;565;1873;155147;117158;55.7;42.1
12;2021-07-04;1;0;155148;117158;55.7;42.1
12;2021-07-05;440;2407;155588;119565;55.9;43.0
12;2021-07-06;640;2497;156228;122062;56.1;43.9
12;2021-07-07;688;2117;156916;124179;56.4;44.6
12;2021-07-08;294;912;157210;125091;56.5;44.9
12;2021-07-09;724;2589;157934;127680;56.7;45.9
12;2021-07-10;445;2077;158379;129757;56.9;46.6
12;2021-07-11;0;0;158379;129757;56.9;46.6
12;2021-07-12;584;2437;158963;132194;57.1;47.5
12;2021-07-13;842;2589;159805;134783;57.4;48.4
12;2021-07-14;44;25;159849;134808;57.4;48.4
12;2021-07-15;792;2107;160641;136915;57.7;49.2
12;2021-07-16;1248;2555;161889;139470;58.2;50.1
12;2021-07-17;790;2007;162679;141477;58.4;50.8
12;2021-07-18;25;11;162704;141488;58.5;50.8
12;2021-07-19;1319;2004;164023;143492;58.9;51.5
12;2021-07-20;1421;1473;165444;144965;59.4;52.1
12;2021-07-21;1021;940;166465;145905;59.8;52.4
12;2021-07-22;2229;1307;168694;147212;60.6;52.9
12;2021-07-23;1865;2064;170559;149276;61.3;53.6
12;2021-07-24;1604;1564;172163;150840;61.8;54.2
12;2021-07-25;98;28;172261;150868;61.9;54.2
12;2021-07-26;1930;1436;174191;152304;62.6;54.7
12;2021-07-27;2237;1006;176428;153310;63.4;55.1
12;2021-07-28;1716;675;178144;153985;64.0;55.3
12;2021-07-29;1187;807;179331;154792;64.4;55.6
12;2021-07-30;2508;1280;181839;156072;65.3;56.1
12;2021-07-31;1963;1003;183802;157075;66.0;56.4
12;2021-08-01;225;38;184027;157113;66.1;56.4
12;2021-08-02;1812;830;185839;157943;66.8;56.7
12;2021-08-03;1955;772;187794;158715;67.5;57.0
12;2021-08-04;1690;833;189484;159548;68.1;57.3
12;2021-08-05;1634;684;191118;160232;68.7;57.6
12;2021-08-06;1703;1313;192821;161545;69.3;58.0
12;2021-08-07;1446;743;194267;162288;69.8;58.3
12;2021-08-08;0;3;194267;162291;69.8;58.3
12;2021-08-09;1347;1417;195614;163708;70.3;58.8
12;2021-08-10;1339;1257;196953;164965;70.8;59.3
12;2021-08-11;815;1195;197768;166160;71.0;59.7
12;2021-08-12;730;1070;198498;167230;71.3;60.1
12;2021-08-13;1051;1338;199549;168568;71.7;60.6
12;2021-08-14;732;1354;200281;169922;72.0;61.0
12;2021-08-15;254;75;200535;169997;72.0;61.1
12;2021-08-16;668;1814;201203;171811;72.3;61.7
12;2021-08-17;902;1991;202105;173802;72.6;62.4
12;2021-08-18;449;1520;202554;175322;72.8;63.0
12;2021-08-19;636;1115;203190;176437;73.0;63.4
12;2021-08-20;792;1887;203982;178324;73.3;64.1
12;2021-08-21;472;1525;204454;179849;73.4;64.6
12;2021-08-22;93;27;204547;179876;73.5;64.6
12;2021-08-23;452;1920;204999;181796;73.6;65.3
12;2021-08-24;485;1915;205484;183711;73.8;66.0
12;2021-08-25;329;1580;205813;185291;73.9;66.6
12;2021-08-26;481;1609;206294;186900;74.1;67.1
12;2021-08-27;595;1691;206889;188591;74.3;67.8
12;2021-08-28;332;1549;207221;190140;74.4;68.3
12;2021-08-29;175;140;207396;190280;74.5;68.4
12;2021-08-30;560;1910;207956;192190;74.7;69.0
12;2021-08-31;412;1390;208368;193580;74.9;69.5
13;2020-12-27;4;0;4;0;0.0;0.0
13;2020-12-28;3;0;7;0;0.0;0.0
13;2020-12-29;0;0;7;0;0.0;0.0
13;2020-12-30;2;0;9;0;0.0;0.0
13;2020-12-31;6;0;15;0;0.0;0.0
13;2021-01-01;4;0;19;0;0.0;0.0
13;2021-01-02;4;0;23;0;0.0;0.0
13;2021-01-03;9;0;32;0;0.0;0.0
13;2021-01-04;0;0;32;0;0.0;0.0
13;2021-01-05;78;1;110;1;0.0;0.0
13;2021-01-06;122;0;232;1;0.0;0.0
13;2021-01-07;174;1;406;2;0.0;0.0
13;2021-01-08;188;0;594;2;0.0;0.0
13;2021-01-09;13;0;607;2;0.0;0.0
13;2021-01-10;3;0;610;2;0.0;0.0
13;2021-01-11;480;1;1090;3;0.1;0.0
13;2021-01-12;814;1;1904;4;0.1;0.0
13;2021-01-13;1085;1;2989;5;0.1;0.0
13;2021-01-14;1570;17;4559;22;0.2;0.0
13;2021-01-15;1535;7;6094;29;0.3;0.0
13;2021-01-16;407;2;6501;31;0.3;0.0
13;2021-01-17;44;0;6545;31;0.3;0.0
13;2021-01-18;2383;8;8928;39;0.4;0.0
13;2021-01-19;7408;37;16336;76;0.8;0.0
13;2021-01-20;5561;17;21897;93;1.1;0.0
13;2021-01-21;5361;26;27258;119;1.3;0.0
13;2021-01-22;3999;22;31257;141;1.5;0.0
13;2021-01-23;1349;6;32606;147;1.6;0.0
13;2021-01-24;490;5;33096;152;1.6;0.0
13;2021-01-25;2339;29;35435;181;1.7;0.0
13;2021-01-26;2953;91;38388;272;1.9;0.0
13;2021-01-27;3118;123;41506;395;2.0;0.0
13;2021-01-28;3246;191;44752;586;2.2;0.0
13;2021-01-29;2509;130;47261;716;2.3;0.0
13;2021-01-30;1025;10;48286;726;2.4;0.0
13;2021-01-31;249;0;48535;726;2.4;0.0
13;2021-02-01;1861;291;50396;1017;2.5;0.0
13;2021-02-02;2255;610;52651;1627;2.6;0.1
13;2021-02-03;1863;579;54514;2206;2.7;0.1
13;2021-02-04;1904;925;56418;3131;2.8;0.2
13;2021-02-05;2626;1556;59044;4687;2.9;0.2
13;2021-02-06;851;309;59895;4996;2.9;0.2
13;2021-02-07;277;6;60172;5002;3.0;0.2
13;2021-02-08;1899;1534;62071;6536;3.1;0.3
13;2021-02-09;3314;4418;65385;10954;3.2;0.5
13;2021-02-10;3232;3408;68617;14362;3.4;0.7
13;2021-02-11;3576;3574;72193;17936;3.5;0.9
13;2021-02-12;2837;3137;75030;21073;3.7;1.0
13;2021-02-13;733;590;75763;21663;3.7;1.1
13;2021-02-14;72;378;75835;22041;3.7;1.1
13;2021-02-15;969;2011;76804;24052;3.8;1.2
13;2021-02-16;1392;2621;78196;26673;3.8;1.3
13;2021-02-17;1345;2991;79541;29664;3.9;1.5
13;2021-02-18;1903;2681;81444;32345;4.0;1.6
13;2021-02-19;1515;2173;82959;34518;4.1;1.7
13;2021-02-20;458;781;83417;35299;4.1;1.7
13;2021-02-21;33;283;83450;35582;4.1;1.7
13;2021-02-22;1021;2248;84471;37830;4.2;1.9
13;2021-02-23;1283;2665;85754;40495;4.2;2.0
13;2021-02-24;1518;2612;87272;43107;4.3;2.1
13;2021-02-25;2383;2141;89655;45248;4.4;2.2
13;2021-02-26;2457;2122;92112;47370;4.5;2.3
13;2021-02-27;982;746;93094;48116;4.6;2.4
13;2021-02-28;193;203;93287;48319;4.6;2.4
13;2021-03-01;1923;1522;95210;49841;4.7;2.4
13;2021-03-02;3007;2620;98217;52461;4.8;2.6
13;2021-03-03;3485;2571;101702;55032;5.0;2.7
13;2021-03-04;4206;3139;105908;58171;5.2;2.9
13;2021-03-05;4044;2786;109952;60957;5.4;3.0
13;2021-03-06;5302;835;115254;61792;5.7;3.0
13;2021-03-07;4293;376;119547;62168;5.9;3.1
13;2021-03-08;3927;2001;123474;64169;6.1;3.2
13;2021-03-09;5072;2281;128546;66450;6.3;3.3
13;2021-03-10;5180;1995;133726;68445;6.6;3.4
13;2021-03-11;7308;2142;141034;70587;6.9;3.5
13;2021-03-12;8329;2113;149363;72700;7.3;3.6
13;2021-03-13;6376;732;155739;73432;7.7;3.6
13;2021-03-14;2311;166;158050;73598;7.8;3.6
13;2021-03-15;6356;1315;164406;74913;8.1;3.7
13;2021-03-16;5077;1539;169483;76452;8.3;3.8
13;2021-03-17;5174;1416;174657;77868;8.6;3.8
13;2021-03-18;5818;1881;180475;79749;8.9;3.9
13;2021-03-19;6810;1615;187285;81364;9.2;4.0
13;2021-03-20;4041;704;191326;82068;9.4;4.0
13;2021-03-21;724;85;192050;82153;9.4;4.0
13;2021-03-22;7299;1562;199349;83715;9.8;4.1
13;2021-03-23;9126;1751;208475;85466;10.2;4.2
13;2021-03-24;8858;2190;217333;87656;10.7;4.3
13;2021-03-25;10914;2127;228247;89783;11.2;4.4
13;2021-03-26;10713;1917;238960;91700;11.7;4.5
13;2021-03-27;4866;832;243826;92532;12.0;4.5
13;2021-03-28;1119;81;244945;92613;12.0;4.6
13;2021-03-29;7577;2006;252522;94619;12.4;4.7
13;2021-03-30;12617;2532;265139;97151;13.0;4.8
13;2021-03-31;10816;3167;275955;100318;13.6;4.9
13;2021-04-01;12269;3065;288224;103383;14.2;5.1
13;2021-04-02;9792;3901;298016;107284;14.6;5.3
13;2021-04-03;4009;2808;302025;110092;14.8;5.4
13;2021-04-04;630;305;302655;110397;14.9;5.4
13;2021-04-05;3532;730;306187;111127;15.0;5.5
13;2021-04-06;8518;4257;314705;115384;15.5;5.7
13;2021-04-07;10083;4691;324788;120075;16.0;5.9
13;2021-04-08;10118;5462;334906;125537;16.5;6.2
13;2021-04-09;11271;5118;346177;130655;17.0;6.4
13;2021-04-10;7301;2096;353478;132751;17.4;6.5
13;2021-04-11;1379;533;354857;133284;17.4;6.6
13;2021-04-12;7983;4791;362840;138075;17.8;6.8
13;2021-04-13;9144;5506;371984;143581;18.3;7.1
13;2021-04-14;9534;5825;381518;149406;18.8;7.3
13;2021-04-15;9874;5963;391392;155369;19.2;7.6
13;2021-04-16;9969;5568;401361;160937;19.7;7.9
13;2021-04-17;4081;2022;405442;162959;19.9;8.0
13;2021-04-18;2523;1423;407965;164382;20.1;8.1
13;2021-04-19;6452;6410;414417;170792;20.4;8.4
13;2021-04-20;7406;7599;421823;178391;20.7;8.8
13;2021-04-21;7776;7382;429599;185773;21.1;9.1
13;2021-04-22;8469;7933;438068;193706;21.5;9.5
13;2021-04-23;8384;6810;446452;200516;21.9;9.9
13;2021-04-24;4623;3819;451075;204335;22.2;10.0
13;2021-04-25;875;524;451950;204859;22.2;10.1
13;2021-04-26;6170;7119;458120;211978;22.5;10.4
13;2021-04-27;7263;8035;465383;220013;22.9;10.8
13;2021-04-28;9454;7717;474837;227730;23.3;11.2
13;2021-04-29;11406;7614;486243;235344;23.9;11.6
13;2021-04-30;10924;7386;497167;242730;24.4;11.9
13;2021-05-01;5366;3794;502533;246524;24.7;12.1
13;2021-05-02;2099;749;504632;247273;24.8;12.2
13;2021-05-03;7299;7865;511931;255138;25.2;12.5
13;2021-05-04;8455;8516;520386;263654;25.6;13.0
13;2021-05-05;8230;8972;528616;272626;26.0;13.4
13;2021-05-06;10142;8589;538758;281215;26.5;13.8
13;2021-05-07;8853;10040;547611;291255;26.9;14.3
13;2021-05-08;4572;3932;552183;295187;27.1;14.5
13;2021-05-09;937;686;553120;295873;27.2;14.5
13;2021-05-10;7715;8769;560835;304642;27.6;15.0
13;2021-05-11;10979;9578;571814;314220;28.1;15.4
13;2021-05-12;12841;8729;584655;322949;28.7;15.9
13;2021-05-13;9511;3639;594166;326588;29.2;16.1
13;2021-05-14;13658;6455;607824;333043;29.9;16.4
13;2021-05-15;10201;4534;618025;337577;30.4;16.6
13;2021-05-16;3125;790;621150;338367;30.5;16.6
13;2021-05-17;10846;6816;631996;345183;31.1;17.0
13;2021-05-18;11919;6478;643915;351661;31.7;17.3
13;2021-05-19;12158;6356;656073;358017;32.2;17.6
13;2021-05-20;13451;6464;669524;364481;32.9;17.9
13;2021-05-21;13001;6782;682525;371263;33.5;18.2
13;2021-05-22;7523;3637;690048;374900;33.9;18.4
13;2021-05-23;863;640;690911;375540;34.0;18.5
13;2021-05-24;6769;2474;697680;378014;34.3;18.6
13;2021-05-25;9273;7605;706953;385619;34.7;19.0
13;2021-05-26;10143;7842;717096;393461;35.2;19.3
13;2021-05-27;10351;8432;727447;401893;35.8;19.8
13;2021-05-28;9006;9177;736453;411070;36.2;20.2
13;2021-05-29;7178;4628;743631;415698;36.6;20.4
13;2021-05-30;891;527;744522;416225;36.6;20.5
13;2021-05-31;8193;8034;752715;424259;37.0;20.9
13;2021-06-01;9590;9307;762305;433566;37.5;21.3
13;2021-06-02;10088;8796;772393;442362;38.0;21.7
13;2021-06-03;12298;9495;784691;451857;38.6;22.2
13;2021-06-04;12038;10049;796729;461906;39.2;22.7
13;2021-06-05;7831;5586;804560;467492;39.5;23.0
13;2021-06-06;1671;886;806231;468378;39.6;23.0
13;2021-06-07;6685;9885;812916;478263;40.0;23.5
13;2021-06-08;8315;9992;821231;488255;40.4;24.0
13;2021-06-09;8398;9743;829629;497998;40.8;24.5
13;2021-06-10;8944;9780;838573;507778;41.2;25.0
13;2021-06-11;8235;12713;846808;520491;41.6;25.6
13;2021-06-12;5788;6708;852596;527199;41.9;25.9
13;2021-06-13;953;1215;853549;528414;42.0;26.0
13;2021-06-14;6006;11146;859555;539560;42.2;26.5
13;2021-06-15;7294;11408;866849;550968;42.6;27.1
13;2021-06-16;7345;9881;874194;560849;43.0;27.6
13;2021-06-17;7441;10717;881635;571566;43.3;28.1
13;2021-06-18;7547;11077;889182;582643;43.7;28.6
13;2021-06-19;4617;7501;893799;590144;43.9;29.0
13;2021-06-20;961;1045;894760;591189;44.0;29.1
13;2021-06-21;4469;12268;899229;603457;44.2;29.7
13;2021-06-22;4941;13874;904170;617331;44.4;30.3
13;2021-06-23;5152;13574;909322;630905;44.7;31.0
13;2021-06-24;5339;12855;914661;643760;45.0;31.6
13;2021-06-25;5263;14688;919924;658448;45.2;32.4
13;2021-06-26;3022;9683;922946;668131;45.4;32.8
13;2021-06-27;535;930;923481;669061;45.4;32.9
13;2021-06-28;3733;12560;927214;681621;45.6;33.5
13;2021-06-29;4503;12909;931717;694530;45.8;34.1
13;2021-06-30;4904;12694;936621;707224;46.0;34.8
13;2021-07-01;5590;11495;942211;718719;46.3;35.3
13;2021-07-02;5583;12404;947794;731123;46.6;35.9
13;2021-07-03;3512;9164;951306;740287;46.8;36.4
13;2021-07-04;475;867;951781;741154;46.8;36.4
13;2021-07-05;3875;11781;955656;752935;47.0;37.0
13;2021-07-06;5466;11683;961122;764618;47.2;37.6
13;2021-07-07;5825;10706;966947;775324;47.5;38.1
13;2021-07-08;6230;10324;973177;785648;47.8;38.6
13;2021-07-09;5938;11928;979115;797576;48.1;39.2
13;2021-07-10;3167;8637;982282;806213;48.3;39.6
13;2021-07-11;437;1013;982719;807226;48.3;39.7
13;2021-07-12;4490;10957;987209;818183;48.5;40.2
13;2021-07-13;8971;13175;996180;831358;49.0;40.9
13;2021-07-14;5612;4863;1001792;836221;49.2;41.1
13;2021-07-15;11450;12946;1013242;849167;49.8;41.7
13;2021-07-16;12198;12913;1025440;862080;50.4;42.4
13;2021-07-17;6584;8494;1032024;870574;50.7;42.8
13;2021-07-18;726;1060;1032750;871634;50.8;42.8
13;2021-07-19;9804;11148;1042554;882782;51.2;43.4
13;2021-07-20;12273;11648;1054827;894430;51.8;44.0
13;2021-07-21;12693;10336;1067520;904766;52.5;44.5
13;2021-07-22;14545;10447;1082065;915213;53.2;45.0
13;2021-07-23;14469;10953;1096534;926166;53.9;45.5
13;2021-07-24;8340;7986;1104874;934152;54.3;45.9
13;2021-07-25;1014;785;1105888;934937;54.4;46.0
13;2021-07-26;11655;9102;1117543;944039;54.9;46.4
13;2021-07-27;13607;9400;1131150;953439;55.6;46.9
13;2021-07-28;12335;8173;1143485;961612;56.2;47.3
13;2021-07-29;13836;8150;1157321;969762;56.9;47.7
13;2021-07-30;13727;8650;1171048;978412;57.6;48.1
13;2021-07-31;8693;5851;1179741;984263;58.0;48.4
13;2021-08-01;1104;724;1180845;984987;58.0;48.4
13;2021-08-02;10015;6706;1190860;991693;58.5;48.7
13;2021-08-03;11058;7284;1201918;998977;59.1;49.1
13;2021-08-04;9421;6547;1211339;1005524;59.5;49.4
13;2021-08-05;9426;7542;1220765;1013066;60.0;49.8
13;2021-08-06;9129;8997;1229894;1022063;60.5;50.2
13;2021-08-07;5417;5554;1235311;1027617;60.7;50.5
13;2021-08-08;900;798;1236211;1028415;60.8;50.5
13;2021-08-09;8271;9052;1244482;1037467;61.2;51.0
13;2021-08-10;8998;8880;1253480;1046347;61.6;51.4
13;2021-08-11;7733;8510;1261213;1054857;62.0;51.8
13;2021-08-12;7586;9629;1268799;1064486;62.4;52.3
13;2021-08-13;6824;9171;1275623;1073657;62.7;52.8
13;2021-08-14;3672;6438;1279295;1080095;62.9;53.1
13;2021-08-15;475;732;1279770;1080827;62.9;53.1
13;2021-08-16;6391;11048;1286161;1091875;63.2;53.7
13;2021-08-17;6612;10591;1292773;1102466;63.5;54.2
13;2021-08-18;6279;10152;1299052;1112618;63.9;54.7
13;2021-08-19;6637;10566;1305689;1123184;64.2;55.2
13;2021-08-20;5756;11209;1311445;1134393;64.5;55.8
13;2021-08-21;2594;7550;1314039;1141943;64.6;56.1
13;2021-08-22;367;1088;1314406;1143031;64.6;56.2
13;2021-08-23;4905;11196;1319311;1154227;64.8;56.7
13;2021-08-24;5392;10887;1324703;1165114;65.1;57.3
13;2021-08-25;5140;10059;1329843;1175173;65.4;57.8
13;2021-08-26;5080;9738;1334923;1184911;65.6;58.2
13;2021-08-27;4924;10573;1339847;1195484;65.9;58.8
13;2021-08-28;2311;6427;1342158;1201911;66.0;59.1
13;2021-08-29;323;1132;1342481;1203043;66.0;59.1
13;2021-08-30;4140;9795;1346621;1212838;66.2;59.6
13;2021-08-31;4385;10030;1351006;1222868;66.4;60.1
14;2020-12-27;0;0;0;0;0.0;0.0
14;2020-12-28;1;1;1;1;0.0;0.0
14;2020-12-29;0;0;1;1;0.0;0.0
14;2020-12-30;0;0;1;1;0.0;0.0
14;2020-12-31;3;0;4;1;0.0;0.0
14;2021-01-01;1;0;5;1;0.0;0.0
14;2021-01-02;1;0;6;1;0.0;0.0
14;2021-01-03;0;0;6;1;0.0;0.0
14;2021-01-04;10;0;16;1;0.0;0.0
14;2021-01-05;24;0;40;1;0.0;0.0
14;2021-01-06;349;0;389;1;0.1;0.0
14;2021-01-07;402;2;791;3;0.1;0.0
14;2021-01-08;628;2;1419;5;0.2;0.0
14;2021-01-09;127;0;1546;5;0.2;0.0
14;2021-01-10;41;0;1587;5;0.2;0.0
14;2021-01-11;669;1;2256;6;0.3;0.0
14;2021-01-12;950;2;3206;8;0.5;0.0
14;2021-01-13;850;1;4056;9;0.6;0.0
14;2021-01-14;2829;17;6885;26;1.0;0.0
14;2021-01-15;1896;20;8781;46;1.3;0.0
14;2021-01-16;271;2;9052;48;1.3;0.0
14;2021-01-17;145;7;9197;55;1.3;0.0
14;2021-01-18;1085;4;10282;59;1.5;0.0
14;2021-01-19;1152;2;11434;61;1.7;0.0
14;2021-01-20;1988;4;13422;65;1.9;0.0
14;2021-01-21;1815;6;15237;71;2.2;0.0
14;2021-01-22;1494;5;16731;76;2.4;0.0
14;2021-01-23;297;1;17028;77;2.5;0.0
14;2021-01-24;72;0;17100;77;2.5;0.0
14;2021-01-25;911;10;18011;87;2.6;0.0
14;2021-01-26;848;37;18859;124;2.7;0.0
14;2021-01-27;882;158;19741;282;2.9;0.0
14;2021-01-28;782;145;20523;427;3.0;0.1
14;2021-01-29;783;227;21306;654;3.1;0.1
14;2021-01-30;270;12;21576;666;3.1;0.1
14;2021-01-31;58;3;21634;669;3.1;0.1
14;2021-02-01;727;225;22361;894;3.2;0.1
14;2021-02-02;828;420;23189;1314;3.4;0.2
14;2021-02-03;761;384;23950;1698;3.5;0.2
14;2021-02-04;1170;2052;25120;3750;3.6;0.5
14;2021-02-05;1294;1308;26414;5058;3.8;0.7
14;2021-02-06;396;237;26810;5295;3.9;0.8
14;2021-02-07;179;72;26989;5367;3.9;0.8
14;2021-02-08;774;803;27763;6170;4.0;0.9
14;2021-02-09;722;999;28485;7169;4.1;1.0
14;2021-02-10;825;1602;29310;8771;4.2;1.3
14;2021-02-11;1351;1426;30661;10197;4.4;1.5
14;2021-02-12;1382;1069;32043;11266;4.6;1.6
14;2021-02-13;308;186;32351;11452;4.7;1.7
14;2021-02-14;84;62;32435;11514;4.7;1.7
14;2021-02-15;441;1059;32876;12573;4.8;1.8
14;2021-02-16;679;959;33555;13532;4.9;2.0
14;2021-02-17;405;960;33960;14492;4.9;2.1
14;2021-02-18;706;872;34666;15364;5.0;2.2
14;2021-02-19;733;774;35399;16138;5.1;2.3
14;2021-02-20;88;268;35487;16406;5.1;2.4
14;2021-02-21;6;87;35493;16493;5.1;2.4
14;2021-02-22;431;1029;35924;17522;5.2;2.5
14;2021-02-23;486;911;36410;18433;5.3;2.7
14;2021-02-24;439;884;36849;19317;5.3;2.8
14;2021-02-25;1223;1171;38072;20488;5.5;3.0
14;2021-02-26;1576;1155;39648;21643;5.7;3.1
14;2021-02-27;507;265;40155;21908;5.8;3.2
14;2021-02-28;27;41;40182;21949;5.8;3.2
14;2021-03-01;522;921;40704;22870;5.9;3.3
14;2021-03-02;966;803;41670;23673;6.0;3.4
14;2021-03-03;1080;834;42750;24507;6.2;3.5
14;2021-03-04;1949;787;44699;25294;6.5;3.7
14;2021-03-05;2431;871;47130;26165;6.8;3.8
14;2021-03-06;3075;207;50205;26372;7.3;3.8
14;2021-03-07;1196;63;51401;26435;7.4;3.8
14;2021-03-08;1249;812;52650;27247;7.6;3.9
14;2021-03-09;1741;694;54391;27941;7.9;4.0
14;2021-03-10;1835;591;56226;28532;8.1;4.1
14;2021-03-11;2757;472;58983;29004;8.5;4.2
14;2021-03-12;4045;574;63028;29578;9.1;4.3
14;2021-03-13;1853;177;64881;29755;9.4;4.3
14;2021-03-14;31;39;64912;29794;9.4;4.3
14;2021-03-15;2005;142;66917;29936;9.7;4.3
14;2021-03-16;1401;277;68318;30213;9.9;4.4
14;2021-03-17;1155;196;69473;30409;10.0;4.4
14;2021-03-18;1480;303;70953;30712;10.3;4.4
14;2021-03-19;2608;268;73561;30980;10.6;4.5
14;2021-03-20;2658;41;76219;31021;11.0;4.5
14;2021-03-21;454;8;76673;31029;11.1;4.5
14;2021-03-22;1872;363;78545;31392;11.4;4.5
14;2021-03-23;2177;324;80722;31716;11.7;4.6
14;2021-03-24;2432;194;83154;31910;12.0;4.6
14;2021-03-25;3292;323;86446;32233;12.5;4.7
14;2021-03-26;4607;479;91053;32712;13.2;4.7
14;2021-03-27;2231;231;93284;32943;13.5;4.8
14;2021-03-28;36;1;93320;32944;13.5;4.8
14;2021-03-29;1614;483;94934;33427;13.7;4.8
14;2021-03-30;2722;516;97656;33943;14.1;4.9
14;2021-03-31;2325;925;99981;34868;14.5;5.0
14;2021-04-01;4174;1683;104155;36551;15.1;5.3
14;2021-04-02;3868;1272;108023;37823;15.6;5.5
14;2021-04-03;1128;1204;109151;39027;15.8;5.6
14;2021-04-04;25;482;109176;39509;15.8;5.7
14;2021-04-05;1219;324;110395;39833;16.0;5.8
14;2021-04-06;2383;999;112778;40832;16.3;5.9
14;2021-04-07;2729;1035;115507;41867;16.7;6.1
14;2021-04-08;4301;1119;119808;42986;17.3;6.2
14;2021-04-09;6030;1188;125838;44174;18.2;6.4
14;2021-04-10;2895;439;128733;44613;18.6;6.5
14;2021-04-11;628;121;129361;44734;18.7;6.5
14;2021-04-12;2915;1588;132276;46322;19.1;6.7
14;2021-04-13;3471;1448;135747;47770;19.6;6.9
14;2021-04-14;3121;1168;138868;48938;20.1;7.1
14;2021-04-15;4400;1510;143268;50448;20.7;7.3
14;2021-04-16;4600;1565;147868;52013;21.4;7.5
14;2021-04-17;2312;1666;150180;53679;21.7;7.8
14;2021-04-18;539;327;150719;54006;21.8;7.8
14;2021-04-19;2759;1706;153478;55712;22.2;8.1
14;2021-04-20;3390;1835;156868;57547;22.7;8.3
14;2021-04-21;3015;1473;159883;59020;23.1;8.5
14;2021-04-22;4227;2090;164110;61110;23.7;8.8
14;2021-04-23;4648;2304;168758;63414;24.4;9.2
14;2021-04-24;1852;1756;170610;65170;24.7;9.4
14;2021-04-25;456;28;171066;65198;24.7;9.4
14;2021-04-26;3378;1571;174444;66769;25.2;9.7
14;2021-04-27;3504;2575;177948;69344;25.7;10.0
14;2021-04-28;3245;1898;181193;71242;26.2;10.3
14;2021-04-29;4545;2311;185738;73553;26.9;10.6
14;2021-04-30;5125;2645;190863;76198;27.6;11.0
14;2021-05-01;3554;196;194417;76394;28.1;11.0
14;2021-05-02;1237;55;195654;76449;28.3;11.1
14;2021-05-03;2483;2771;198137;79220;28.7;11.5
14;2021-05-04;3127;2912;201264;82132;29.1;11.9
14;2021-05-05;3687;2758;204951;84890;29.6;12.3
14;2021-05-06;4930;3487;209881;88377;30.4;12.8
14;2021-05-07;4868;3853;214749;92230;31.1;13.3
14;2021-05-08;2728;1264;217477;93494;31.5;13.5
14;2021-05-09;1915;670;219392;94164;31.7;13.6
14;2021-05-10;3635;3151;223027;97315;32.3;14.1
14;2021-05-11;4346;3611;227373;100926;32.9;14.6
14;2021-05-12;4051;3219;231424;104145;33.5;15.1
14;2021-05-13;4690;1130;236114;105275;34.1;15.2
14;2021-05-14;6676;2631;242790;107906;35.1;15.6
14;2021-05-15;5150;778;247940;108684;35.9;15.7
14;2021-05-16;2319;120;250259;108804;36.2;15.7
14;2021-05-17;2820;2263;253079;111067;36.6;16.1
14;2021-05-18;4089;2243;257168;113310;37.2;16.4
14;2021-05-19;3752;2021;260920;115331;37.7;16.7
14;2021-05-20;4481;2769;265401;118100;38.4;17.1
14;2021-05-21;4275;3527;269676;121627;39.0;17.6
14;2021-05-22;1670;866;271346;122493;39.2;17.7
14;2021-05-23;649;71;271995;122564;39.3;17.7
14;2021-05-24;2845;750;274840;123314;39.7;17.8
14;2021-05-25;3636;3387;278476;126701;40.3;18.3
14;2021-05-26;3435;2406;281911;129107;40.8;18.7
14;2021-05-27;4771;3240;286682;132347;41.5;19.1
14;2021-05-28;5093;3891;291775;136238;42.2;19.7
14;2021-05-29;2341;2457;294116;138695;42.5;20.1
14;2021-05-30;760;238;294876;138933;42.6;20.1
14;2021-05-31;4092;2966;298968;141899;43.2;20.5
14;2021-06-01;5741;3219;304709;145118;44.1;21.0
14;2021-06-02;5028;2858;309737;147976;44.8;21.4
14;2021-06-03;6661;4020;316398;151996;45.8;22.0
14;2021-06-04;6446;5140;322844;157136;46.7;22.7
14;2021-06-05;4360;1866;327204;159002;47.3;23.0
14;2021-06-06;2045;83;329249;159085;47.6;23.0
14;2021-06-07;4251;3452;333500;162537;48.2;23.5
14;2021-06-08;5238;3133;338738;165670;49.0;24.0
14;2021-06-09;4273;2966;343011;168636;49.6;24.4
14;2021-06-10;5082;2974;348093;171610;50.3;24.8
14;2021-06-11;4843;4889;352936;176499;51.0;25.5
14;2021-06-12;3680;4519;356616;181018;51.6;26.2
14;2021-06-13;849;1090;357465;182108;51.7;26.3
14;2021-06-14;2184;3793;359649;185901;52.0;26.9
14;2021-06-15;3316;3972;362965;189873;52.5;27.5
14;2021-06-16;3449;4556;366414;194429;53.0;28.1
14;2021-06-17;4234;5270;370648;199699;53.6;28.9
14;2021-06-18;3734;6121;374382;205820;54.1;29.8
14;2021-06-19;2591;2952;376973;208772;54.5;30.2
14;2021-06-20;580;1556;377553;210328;54.6;30.4
14;2021-06-21;2123;4360;379676;214688;54.9;31.0
14;2021-06-22;2583;5178;382259;219866;55.3;31.8
14;2021-06-23;2501;4348;384760;224214;55.6;32.4
14;2021-06-24;3450;5810;388210;230024;56.1;33.3
14;2021-06-25;2750;7276;390960;237300;56.5;34.3
14;2021-06-26;2176;4540;393136;241840;56.9;35.0
14;2021-06-27;440;1828;393576;243668;56.9;35.2
14;2021-06-28;1311;3970;394887;247638;57.1;35.8
14;2021-06-29;1791;5365;396678;253003;57.4;36.6
14;2021-06-30;2023;4619;398701;257622;57.7;37.3
14;2021-07-01;2933;5065;401634;262687;58.1;38.0
14;2021-07-02;2599;6668;404233;269355;58.5;39.0
14;2021-07-03;1429;2646;405662;272001;58.7;39.3
14;2021-07-04;422;713;406084;272714;58.7;39.4
14;2021-07-05;1191;4780;407275;277494;58.9;40.1
14;2021-07-06;2093;6003;409368;283497;59.2;41.0
14;2021-07-07;2259;4576;411627;288073;59.5;41.7
14;2021-07-08;2911;5526;414538;293599;60.0;42.5
14;2021-07-09;2770;6434;417308;300033;60.4;43.4
14;2021-07-10;2041;3202;419349;303235;60.6;43.9
14;2021-07-11;900;872;420249;304107;60.8;44.0
14;2021-07-12;1634;5902;421883;310009;61.0;44.8
14;2021-07-13;3081;7343;424964;317352;61.5;45.9
14;2021-07-14;2259;3062;427223;320414;61.8;46.3
14;2021-07-15;4171;7657;431394;328071;62.4;47.4
14;2021-07-16;4709;7691;436103;335762;63.1;48.6
14;2021-07-17;2116;4211;438219;339973;63.4;49.2
14;2021-07-18;821;1869;439040;341842;63.5;49.4
14;2021-07-19;2597;6126;441637;347968;63.9;50.3
14;2021-07-20;3243;7256;444880;355224;64.3;51.4
14;2021-07-21;4103;5843;448983;361067;64.9;52.2
14;2021-07-22;4854;6609;453837;367676;65.6;53.2
14;2021-07-23;5383;6766;459220;374442;66.4;54.2
14;2021-07-24;3083;3795;462303;378237;66.9;54.7
14;2021-07-25;1505;1247;463808;379484;67.1;54.9
14;2021-07-26;4683;4188;468491;383672;67.8;55.5
14;2021-07-27;5398;4364;473889;388036;68.5;56.1
14;2021-07-28;5112;3970;479001;392006;69.3;56.7
14;2021-07-29;6442;4881;485443;396887;70.2;57.4
14;2021-07-30;5842;5167;491285;402054;71.1;58.1
14;2021-07-31;2770;2510;494055;404564;71.5;58.5
14;2021-08-01;1893;933;495948;405497;71.7;58.6
14;2021-08-02;3899;4290;499847;409787;72.3;59.3
14;2021-08-03;4471;4171;504318;413958;72.9;59.9
14;2021-08-04;4548;3542;508866;417500;73.6;60.4
14;2021-08-05;4645;4031;513511;421531;74.3;61.0
14;2021-08-06;4425;4807;517936;426338;74.9;61.7
14;2021-08-07;2130;2298;520066;428636;75.2;62.0
14;2021-08-08;636;854;520702;429490;75.3;62.1
14;2021-08-09;2124;2880;522826;432370;75.6;62.5
14;2021-08-10;3653;4175;526479;436545;76.1;63.1
14;2021-08-11;3057;3463;529536;440008;76.6;63.6
14;2021-08-12;3465;4349;533001;444357;77.1;64.3
14;2021-08-13;2624;4142;535625;448499;77.5;64.9
14;2021-08-14;1410;2004;537035;450503;77.7;65.2
14;2021-08-15;391;1485;537426;451988;77.7;65.4
14;2021-08-16;1823;2778;539249;454766;78.0;65.8
14;2021-08-17;2258;4565;541507;459331;78.3;66.4
14;2021-08-18;2058;4524;543565;463855;78.6;67.1
14;2021-08-19;2324;5082;545889;468937;78.9;67.8
14;2021-08-20;2182;5405;548071;474342;79.3;68.6
14;2021-08-21;1011;2830;549082;477172;79.4;69.0
14;2021-08-22;170;1564;549252;478736;79.4;69.2
14;2021-08-23;1259;4167;550511;482903;79.6;69.8
14;2021-08-24;1325;4303;551836;487206;79.8;70.5
14;2021-08-25;1390;4395;553226;491601;80.0;71.1
14;2021-08-26;1417;5076;554643;496677;80.2;71.8
14;2021-08-27;1465;5284;556108;501961;80.4;72.6
14;2021-08-28;727;3000;556835;504961;80.5;73.0
14;2021-08-29;183;1013;557018;505974;80.6;73.2
14;2021-08-30;1008;3628;558026;509602;80.7;73.7
14;2021-08-31;1307;4789;559333;514391;80.9;74.4
15;2020-12-27;2;0;2;0;0.0;0.0
15;2020-12-28;0;0;2;0;0.0;0.0
15;2020-12-29;0;0;2;0;0.0;0.0
15;2020-12-30;0;0;2;0;0.0;0.0
15;2020-12-31;0;0;2;0;0.0;0.0
15;2021-01-01;1;0;3;0;0.0;0.0
15;2021-01-02;0;0;3;0;0.0;0.0
15;2021-01-03;0;0;3;0;0.0;0.0
15;2021-01-04;0;0;3;0;0.0;0.0
15;2021-01-05;0;0;3;0;0.0;0.0
15;2021-01-06;0;0;3;0;0.0;0.0
15;2021-01-07;72;0;75;0;0.1;0.0
15;2021-01-08;110;0;185;0;0.1;0.0
15;2021-01-09;0;0;185;0;0.1;0.0
15;2021-01-10;2;0;187;0;0.1;0.0
15;2021-01-11;99;0;286;0;0.2;0.0
15;2021-01-12;94;0;380;0;0.3;0.0
15;2021-01-13;230;0;610;0;0.4;0.0
15;2021-01-14;309;1;919;1;0.6;0.0
15;2021-01-15;138;0;1057;1;0.7;0.0
15;2021-01-16;90;0;1147;1;0.8;0.0
15;2021-01-17;0;0;1147;1;0.8;0.0
15;2021-01-18;404;2;1551;3;1.1;0.0
15;2021-01-19;550;0;2101;3;1.5;0.0
15;2021-01-20;627;1;2728;4;1.9;0.0
15;2021-01-21;577;4;3305;8;2.3;0.0
15;2021-01-22;503;2;3808;10;2.7;0.0
15;2021-01-23;432;1;4240;11;3.0;0.0
15;2021-01-24;6;0;4246;11;3.0;0.0
15;2021-01-25;400;0;4646;11;3.3;0.0
15;2021-01-26;437;0;5083;11;3.6;0.0
15;2021-01-27;735;7;5818;18;4.1;0.0
15;2021-01-28;624;53;6442;71;4.5;0.0
15;2021-01-29;336;82;6778;153;4.7;0.1
15;2021-01-30;218;3;6996;156;4.9;0.1
15;2021-01-31;1;1;6997;157;4.9;0.1
15;2021-02-01;239;89;7236;246;5.1;0.2
15;2021-02-02;188;89;7424;335;5.2;0.2
15;2021-02-03;267;159;7691;494;5.4;0.3
15;2021-02-04;663;204;8354;698;5.8;0.5
15;2021-02-05;296;255;8650;953;6.1;0.7
15;2021-02-06;98;76;8748;1029;6.1;0.7
15;2021-02-07;0;0;8748;1029;6.1;0.7
15;2021-02-08;233;107;8981;1136;6.3;0.8
15;2021-02-09;205;119;9186;1255;6.4;0.9
15;2021-02-10;338;300;9524;1555;6.7;1.1
15;2021-02-11;117;239;9641;1794;6.8;1.3
15;2021-02-12;136;159;9777;1953;6.8;1.4
15;2021-02-13;92;78;9869;2031;6.9;1.4
15;2021-02-14;0;0;9869;2031;6.9;1.4
15;2021-02-15;63;214;9932;2245;7.0;1.6
15;2021-02-16;52;294;9984;2539;7.0;1.8
15;2021-02-17;134;474;10118;3013;7.1;2.1
15;2021-02-18;87;755;10205;3768;7.1;2.6
15;2021-02-19;90;428;10295;4196;7.2;2.9
15;2021-02-20;20;257;10315;4453;7.2;3.1
15;2021-02-21;0;0;10315;4453;7.2;3.1
15;2021-02-22;23;496;10338;4949;7.2;3.5
15;2021-02-23;180;457;10518;5406;7.4;3.8
15;2021-02-24;31;456;10549;5862;7.4;4.1
15;2021-02-25;228;1002;10777;6864;7.5;4.8
15;2021-02-26;186;476;10963;7340;7.7;5.1
15;2021-02-27;145;88;11108;7428;7.8;5.2
15;2021-02-28;1;0;11109;7428;7.8;5.2
15;2021-03-01;121;222;11230;7650;7.9;5.4
15;2021-03-02;250;306;11480;7956;8.0;5.6
15;2021-03-03;207;29;11687;7985;8.2;5.6
15;2021-03-04;246;248;11933;8233;8.4;5.8
15;2021-03-05;348;175;12281;8408;8.6;5.9
15;2021-03-06;680;11;12961;8419;9.1;5.9
15;2021-03-07;81;2;13042;8421;9.1;5.9
15;2021-03-08;93;105;13135;8526;9.2;6.0
15;2021-03-09;281;293;13416;8819;9.4;6.2
15;2021-03-10;417;180;13833;8999;9.7;6.3
15;2021-03-11;434;296;14267;9295;10.0;6.5
15;2021-03-12;525;96;14792;9391;10.4;6.6
15;2021-03-13;355;7;15147;9398;10.6;6.6
15;2021-03-14;18;0;15165;9398;10.6;6.6
15;2021-03-15;542;64;15707;9462;11.0;6.6
15;2021-03-16;328;21;16035;9483;11.2;6.6
15;2021-03-17;130;53;16165;9536;11.3;6.7
15;2021-03-18;250;96;16415;9632;11.5;6.7
15;2021-03-19;669;32;17084;9664;12.0;6.8
15;2021-03-20;148;36;17232;9700;12.1;6.8
15;2021-03-21;6;0;17238;9700;12.1;6.8
15;2021-03-22;575;79;17813;9779;12.5;6.8
15;2021-03-23;776;98;18589;9877;13.0;6.9
15;2021-03-24;937;35;19526;9912;13.7;6.9
15;2021-03-25;1282;33;20808;9945;14.6;7.0
15;2021-03-26;1009;61;21817;10006;15.3;7.0
15;2021-03-27;301;6;22118;10012;15.5;7.0
15;2021-03-28;20;0;22138;10012;15.5;7.0
15;2021-03-29;781;18;22919;10030;16.0;7.0
15;2021-03-30;1134;202;24053;10232;16.8;7.2
15;2021-03-31;941;23;24994;10255;17.5;7.2
15;2021-04-01;1233;59;26227;10314;18.4;7.2
15;2021-04-02;1142;61;27369;10375;19.2;7.3
15;2021-04-03;120;18;27489;10393;19.2;7.3
15;2021-04-04;0;0;27489;10393;19.2;7.3
15;2021-04-05;33;3;27522;10396;19.3;7.3
15;2021-04-06;834;87;28356;10483;19.9;7.3
15;2021-04-07;663;106;29019;10589;20.3;7.4
15;2021-04-08;1247;149;30266;10738;21.2;7.5
15;2021-04-09;1277;103;31543;10841;22.1;7.6
15;2021-04-10;364;20;31907;10861;22.3;7.6
15;2021-04-11;14;0;31921;10861;22.4;7.6
15;2021-04-12;644;458;32565;11319;22.8;7.9
15;2021-04-13;1124;323;33689;11642;23.6;8.2
15;2021-04-14;1039;199;34728;11841;24.3;8.3
15;2021-04-15;1183;310;35911;12151;25.1;8.5
15;2021-04-16;1038;555;36949;12706;25.9;8.9
15;2021-04-17;445;14;37394;12720;26.2;8.9
15;2021-04-18;0;10;37394;12730;26.2;8.9
15;2021-04-19;539;514;37933;13244;26.6;9.3
15;2021-04-20;846;615;38779;13859;27.2;9.7
15;2021-04-21;594;651;39373;14510;27.6;10.2
15;2021-04-22;728;776;40101;15286;28.1;10.7
15;2021-04-23;731;681;40832;15967;28.6;11.2
15;2021-04-24;363;123;41195;16090;28.8;11.3
15;2021-04-25;1;3;41196;16093;28.8;11.3
15;2021-04-26;325;632;41521;16725;29.1;11.7
15;2021-04-27;469;941;41990;17666;29.4;12.4
15;2021-04-28;383;788;42373;18454;29.7;12.9
15;2021-04-29;586;1012;42959;19466;30.1;13.6
15;2021-04-30;547;1078;43506;20544;30.5;14.4
15;2021-05-01;283;30;43789;20574;30.7;14.4
15;2021-05-02;0;0;43789;20574;30.7;14.4
15;2021-05-03;881;331;44670;20905;31.3;14.6
15;2021-05-04;802;856;45472;21761;31.8;15.2
15;2021-05-05;676;680;46148;22441;32.3;15.7
15;2021-05-06;826;967;46974;23408;32.9;16.4
15;2021-05-07;1154;906;48128;24314;33.7;17.0
15;2021-05-08;491;55;48619;24369;34.0;17.1
15;2021-05-09;24;9;48643;24378;34.1;17.1
15;2021-05-10;705;914;49348;25292;34.6;17.7
15;2021-05-11;1185;1185;50533;26477;35.4;18.5
15;2021-05-12;1147;837;51680;27314;36.2;19.1
15;2021-05-13;1165;440;52845;27754;37.0;19.4
15;2021-05-14;1504;583;54349;28337;38.1;19.8
15;2021-05-15;1410;418;55759;28755;39.0;20.1
15;2021-05-16;1;10;55760;28765;39.0;20.1
15;2021-05-17;999;606;56759;29371;39.7;20.6
15;2021-05-18;1222;972;57981;30343;40.6;21.2
15;2021-05-19;1020;460;59001;30803;41.3;21.6
15;2021-05-20;1240;781;60241;31584;42.2;22.1
15;2021-05-21;1349;749;61590;32333;43.1;22.6
15;2021-05-22;527;188;62117;32521;43.5;22.8
15;2021-05-23;2;11;62119;32532;43.5;22.8
15;2021-05-24;693;257;62812;32789;44.0;23.0
15;2021-05-25;1151;620;63963;33409;44.8;23.4
15;2021-05-26;1095;459;65058;33868;45.6;23.7
15;2021-05-27;1270;660;66328;34528;46.4;24.2
15;2021-05-28;1509;886;67837;35414;47.5;24.8
15;2021-05-29;984;361;68821;35775;48.2;25.1
15;2021-05-30;14;25;68835;35800;48.2;25.1
15;2021-05-31;1201;480;70036;36280;49.0;25.4
15;2021-06-01;1400;571;71436;36851;50.0;25.8
15;2021-06-02;865;419;72301;37270;50.6;26.1
15;2021-06-03;932;708;73233;37978;51.3;26.6
15;2021-06-04;1076;719;74309;38697;52.0;27.1
15;2021-06-05;651;264;74960;38961;52.5;27.3
15;2021-06-06;16;20;74976;38981;52.5;27.3
15;2021-06-07;797;350;75773;39331;53.1;27.5
15;2021-06-08;477;396;76250;39727;53.4;27.8
15;2021-06-09;377;377;76627;40104;53.7;28.1
15;2021-06-10;275;423;76902;40527;53.8;28.4
15;2021-06-11;661;1100;77563;41627;54.3;29.1
15;2021-06-12;377;467;77940;42094;54.6;29.5
15;2021-06-13;11;6;77951;42100;54.6;29.5
15;2021-06-14;542;977;78493;43077;55.0;30.2
15;2021-06-15;450;1164;78943;44241;55.3;31.0
15;2021-06-16;543;899;79486;45140;55.7;31.6
15;2021-06-17;290;935;79776;46075;55.9;32.3
15;2021-06-18;741;1205;80517;47280;56.4;33.1
15;2021-06-19;543;705;81060;47985;56.8;33.6
15;2021-06-20;11;1;81071;47986;56.8;33.6
15;2021-06-21;280;1040;81351;49026;57.0;34.3
15;2021-06-22;232;1479;81583;50505;57.1;35.4
15;2021-06-23;346;1446;81929;51951;57.4;36.4
15;2021-06-24;292;1093;82221;53044;57.6;37.1
15;2021-06-25;379;1642;82600;54686;57.8;38.3
15;2021-06-26;165;908;82765;55594;58.0;38.9
15;2021-06-27;0;0;82765;55594;58.0;38.9
15;2021-06-28;176;1227;82941;56821;58.1;39.8
15;2021-06-29;303;1265;83244;58086;58.3;40.7
15;2021-06-30;268;982;83512;59068;58.5;41.4
15;2021-07-01;381;1220;83893;60288;58.7;42.2
15;2021-07-02;410;1349;84303;61637;59.0;43.2
15;2021-07-03;251;707;84554;62344;59.2;43.7
15;2021-07-04;1;1;84555;62345;59.2;43.7
15;2021-07-05;248;1257;84803;63602;59.4;44.5
15;2021-07-06;274;1468;85077;65070;59.6;45.6
15;2021-07-07;256;1345;85333;66415;59.8;46.5
15;2021-07-08;489;1353;85822;67768;60.1;47.5
15;2021-07-09;488;1785;86310;69553;60.4;48.7
15;2021-07-10;215;865;86525;70418;60.6;49.3
15;2021-07-11;9;5;86534;70423;60.6;49.3
15;2021-07-12;277;1484;86811;71907;60.8;50.4
15;2021-07-13;587;1767;87398;73674;61.2;51.6
15;2021-07-14;15;130;87413;73804;61.2;51.7
15;2021-07-15;1132;729;88545;74533;62.0;52.2
15;2021-07-16;1139;1337;89684;75870;62.8;53.1
15;2021-07-17;820;953;90504;76823;63.4;53.8
15;2021-07-18;0;3;90504;76826;63.4;53.8
15;2021-07-19;1075;1270;91579;78096;64.1;54.7
15;2021-07-20;1614;569;93193;78665;65.3;55.1
15;2021-07-21;1188;603;94381;79268;66.1;55.5
15;2021-07-22;894;513;95275;79781;66.7;55.9
15;2021-07-23;1339;1064;96614;80845;67.7;56.6
15;2021-07-24;628;770;97242;81615;68.1;57.1
15;2021-07-25;1;24;97243;81639;68.1;57.2
15;2021-07-26;1248;596;98491;82235;69.0;57.6
15;2021-07-27;1692;572;100183;82807;70.2;58.0
15;2021-07-28;1239;584;101422;83391;71.0;58.4
15;2021-07-29;837;401;102259;83792;71.6;58.7
15;2021-07-30;1008;1132;103267;84924;72.3;59.5
15;2021-07-31;604;637;103871;85561;72.7;59.9
15;2021-08-01;21;12;103892;85573;72.7;59.9
15;2021-08-02;1142;542;105034;86115;73.5;60.3
15;2021-08-03;1163;383;106197;86498;74.4;60.6
15;2021-08-04;789;409;106986;86907;74.9;60.9
15;2021-08-05;383;284;107369;87191;75.2;61.1
15;2021-08-06;789;1239;108158;88430;75.7;61.9
15;2021-08-07;264;1163;108422;89593;75.9;62.7
15;2021-08-08;3;6;108425;89599;75.9;62.7
15;2021-08-09;512;1166;108937;90765;76.3;63.6
15;2021-08-10;432;726;109369;91491;76.6;64.1
15;2021-08-11;411;1009;109780;92500;76.9;64.8
15;2021-08-12;523;1185;110303;93685;77.2;65.6
15;2021-08-13;680;1139;110983;94824;77.7;66.4
15;2021-08-14;179;552;111162;95376;77.8;66.8
15;2021-08-15;17;9;111179;95385;77.9;66.8
15;2021-08-16;387;1134;111566;96519;78.1;67.6
15;2021-08-17;398;1141;111964;97660;78.4;68.4
15;2021-08-18;368;802;112332;98462;78.7;68.9
15;2021-08-19;297;879;112629;99341;78.9;69.6
15;2021-08-20;601;1213;113230;100554;79.3;70.4
15;2021-08-21;217;866;113447;101420;79.4;71.0
15;2021-08-22;12;26;113459;101446;79.4;71.0
15;2021-08-23;227;611;113686;102057;79.6;71.5
15;2021-08-24;245;589;113931;102646;79.8;71.9
15;2021-08-25;150;493;114081;103139;79.9;72.2
15;2021-08-26;136;363;114217;103502;80.0;72.5
15;2021-08-27;365;1336;114582;104838;80.2;73.4
15;2021-08-28;213;857;114795;105695;80.4;74.0
15;2021-08-29;7;13;114802;105708;80.4;74.0
15;2021-08-30;223;1061;115025;106769;80.5;74.8
15;2021-08-31;401;663;115426;107432;80.8;75.2
16;2020-12-27;0;0;0;0;0.0;0.0
16;2020-12-28;2;0;2;0;0.0;0.0
16;2020-12-29;0;0;2;0;0.0;0.0
16;2020-12-30;0;0;2;0;0.0;0.0
16;2020-12-31;0;0;2;0;0.0;0.0
16;2021-01-01;0;0;2;0;0.0;0.0
16;2021-01-02;0;0;2;0;0.0;0.0
16;2021-01-03;0;0;2;0;0.0;0.0
16;2021-01-04;1;0;3;0;0.0;0.0
16;2021-01-05;1;0;4;0;0.0;0.0
16;2021-01-06;88;0;92;0;0.0;0.0
16;2021-01-07;239;0;331;0;0.1;0.0
16;2021-01-08;465;2;796;2;0.2;0.0
16;2021-01-09;1;0;797;2;0.2;0.0
16;2021-01-10;1;0;798;2;0.2;0.0
16;2021-01-11;304;0;1102;2;0.3;0.0
16;2021-01-12;437;1;1539;3;0.4;0.0
16;2021-01-13;480;0;2019;3;0.6;0.0
16;2021-01-14;600;7;2619;10;0.8;0.0
16;2021-01-15;504;3;3123;13;0.9;0.0
16;2021-01-16;0;0;3123;13;0.9;0.0
16;2021-01-17;0;0;3123;13;0.9;0.0
16;2021-01-18;431;5;3554;18;1.0;0.0
16;2021-01-19;833;2;4387;20;1.3;0.0
16;2021-01-20;1184;2;5571;22;1.6;0.0
16;2021-01-21;1367;3;6938;25;2.0;0.0
16;2021-01-22;1114;0;8052;25;2.3;0.0
16;2021-01-23;183;0;8235;25;2.4;0.0
16;2021-01-24;0;0;8235;25;2.4;0.0
16;2021-01-25;641;2;8876;27;2.5;0.0
16;2021-01-26;1026;1;9902;28;2.8;0.0
16;2021-01-27;1406;105;11308;133;3.2;0.0
16;2021-01-28;1261;60;12569;193;3.6;0.1
16;2021-01-29;742;139;13311;332;3.8;0.1
16;2021-01-30;36;0;13347;332;3.8;0.1
16;2021-01-31;0;0;13347;332;3.8;0.1
16;2021-02-01;394;202;13741;534;3.9;0.2
16;2021-02-02;576;174;14317;708;4.1;0.2
16;2021-02-03;621;351;14938;1059;4.3;0.3
16;2021-02-04;464;270;15402;1329;4.4;0.4
16;2021-02-05;505;273;15907;1602;4.6;0.5
16;2021-02-06;3;80;15910;1682;4.6;0.5
16;2021-02-07;41;3;15951;1685;4.6;0.5
16;2021-02-08;356;214;16307;1899;4.7;0.5
16;2021-02-09;649;293;16956;2192;4.9;0.6
16;2021-02-10;693;678;17649;2870;5.1;0.8
16;2021-02-11;800;604;18449;3474;5.3;1.0
16;2021-02-12;623;833;19072;4307;5.5;1.2
16;2021-02-13;43;78;19115;4385;5.5;1.3
16;2021-02-14;2;7;19117;4392;5.5;1.3
16;2021-02-15;216;658;19333;5050;5.6;1.5
16;2021-02-16;374;938;19707;5988;5.7;1.7
16;2021-02-17;347;1293;20054;7281;5.8;2.1
16;2021-02-18;511;1245;20565;8526;5.9;2.4
16;2021-02-19;389;779;20954;9305;6.0;2.7
16;2021-02-20;2;8;20956;9313;6.0;2.7
16;2021-02-21;2;0;20958;9313;6.0;2.7
16;2021-02-22;136;526;21094;9839;6.1;2.8
16;2021-02-23;205;913;21299;10752;6.1;3.1
16;2021-02-24;274;894;21573;11646;6.2;3.3
16;2021-02-25;395;685;21968;12331;6.3;3.5
16;2021-02-26;479;500;22447;12831;6.4;3.7
16;2021-02-27;249;1;22696;12832;6.5;3.7
16;2021-02-28;5;5;22701;12837;6.5;3.7
16;2021-03-01;152;328;22853;13165;6.6;3.8
16;2021-03-02;272;667;23125;13832;6.6;4.0
16;2021-03-03;391;722;23516;14554;6.8;4.2
16;2021-03-04;805;571;24321;15125;7.0;4.3
16;2021-03-05;1142;542;25463;15667;7.3;4.5
16;2021-03-06;751;13;26214;15680;7.5;4.5
16;2021-03-07;94;18;26308;15698;7.6;4.5
16;2021-03-08;436;318;26744;16016;7.7;4.6
16;2021-03-09;774;699;27518;16715;7.9;4.8
16;2021-03-10;606;665;28124;17380;8.1;5.0
16;2021-03-11;1445;532;29569;17912;8.5;5.1
16;2021-03-12;1164;460;30733;18372;8.8;5.3
16;2021-03-13;765;14;31498;18386;9.0;5.3
16;2021-03-14;1;0;31499;18386;9.0;5.3
16;2021-03-15;461;184;31960;18570;9.2;5.3
16;2021-03-16;860;422;32820;18992;9.4;5.5
16;2021-03-17;590;284;33410;19276;9.6;5.5
16;2021-03-18;1033;283;34443;19559;9.9;5.6
16;2021-03-19;1101;248;35544;19807;10.2;5.7
16;2021-03-20;396;5;35940;19812;10.3;5.7
16;2021-03-21;9;0;35949;19812;10.3;5.7
16;2021-03-22;727;101;36676;19913;10.5;5.7
16;2021-03-23;1464;104;38140;20017;11.0;5.7
16;2021-03-24;1119;185;39259;20202;11.3;5.8
16;2021-03-25;2046;89;41305;20291;11.9;5.8
16;2021-03-26;1916;99;43221;20390;12.4;5.9
16;2021-03-27;433;22;43654;20412;12.5;5.9
16;2021-03-28;0;0;43654;20412;12.5;5.9
16;2021-03-29;925;60;44579;20472;12.8;5.9
16;2021-03-30;1883;180;46462;20652;13.3;5.9
16;2021-03-31;1514;134;47976;20786;13.8;6.0
16;2021-04-01;2009;400;49985;21186;14.4;6.1
16;2021-04-02;1442;380;51427;21566;14.8;6.2
16;2021-04-03;288;5;51715;21571;14.9;6.2
16;2021-04-04;1;0;51716;21571;14.9;6.2
16;2021-04-05;2;0;51718;21571;14.9;6.2
16;2021-04-06;2013;545;53731;22116;15.4;6.4
16;2021-04-07;1954;405;55685;22521;16.0;6.5
16;2021-04-08;2824;587;58509;23108;16.8;6.6
16;2021-04-09;2695;555;61204;23663;17.6;6.8
16;2021-04-10;1290;37;62494;23700;17.9;6.8
16;2021-04-11;2;0;62496;23700;17.9;6.8
16;2021-04-12;1432;316;63928;24016;18.4;6.9
16;2021-04-13;2124;840;66052;24856;19.0;7.1
16;2021-04-14;1951;633;68003;25489;19.5;7.3
16;2021-04-15;2102;984;70105;26473;20.1;7.6
16;2021-04-16;2045;787;72150;27260;20.7;7.8
16;2021-04-17;1507;91;73657;27351;21.2;7.9
16;2021-04-18;197;3;73854;27354;21.2;7.9
16;2021-04-19;1440;524;75294;27878;21.6;8.0
16;2021-04-20;2054;1233;77348;29111;22.2;8.4
16;2021-04-21;1777;750;79125;29861;22.7;8.6
16;2021-04-22;2292;1007;81417;30868;23.4;8.9
16;2021-04-23;2363;1172;83780;32040;24.1;9.2
16;2021-04-24;829;38;84609;32078;24.3;9.2
16;2021-04-25;117;5;84726;32083;24.3;9.2
16;2021-04-26;1401;809;86127;32892;24.7;9.4
16;2021-04-27;2057;1418;88184;34310;25.3;9.9
16;2021-04-28;1591;1128;89775;35438;25.8;10.2
16;2021-04-29;2250;1497;92025;36935;26.4;10.6
16;2021-04-30;2856;1343;94881;38278;27.3;11.0
16;2021-05-01;353;60;95234;38338;27.4;11.0
16;2021-05-02;155;13;95389;38351;27.4;11.0
16;2021-05-03;2611;536;98000;38887;28.1;11.2
16;2021-05-04;2061;2046;100061;40933;28.7;11.8
16;2021-05-05;1687;1831;101748;42764;29.2;12.3
16;2021-05-06;1888;2245;103636;45009;29.8;12.9
16;2021-05-07;3071;2124;106707;47133;30.6;13.5
16;2021-05-08;1198;468;107905;47601;31.0;13.7
16;2021-05-09;530;27;108435;47628;31.1;13.7
16;2021-05-10;1930;1625;110365;49253;31.7;14.1
16;2021-05-11;2354;1963;112719;51216;32.4;14.7
16;2021-05-12;1732;1799;114451;53015;32.9;15.2
16;2021-05-13;1461;355;115912;53370;33.3;15.3
16;2021-05-14;1989;1562;117901;54932;33.9;15.8
16;2021-05-15;596;896;118497;55828;34.0;16.0
16;2021-05-16;132;6;118629;55834;34.1;16.0
16;2021-05-17;1609;1286;120238;57120;34.5;16.4
16;2021-05-18;2759;1425;122997;58545;35.3;16.8
16;2021-05-19;2006;1241;125003;59786;35.9;17.2
16;2021-05-20;2833;1389;127836;61175;36.7;17.6
16;2021-05-21;2945;1399;130781;62574;37.6;18.0
16;2021-05-22;412;711;131193;63285;37.7;18.2
16;2021-05-23;210;11;131403;63296;37.7;18.2
16;2021-05-24;1263;234;132666;63530;38.1;18.2
16;2021-05-25;2761;1461;135427;64991;38.9;18.7
16;2021-05-26;1834;1188;137261;66179;39.4;19.0
16;2021-05-27;2418;1581;139679;67760;40.1;19.5
16;2021-05-28;2899;1569;142578;69329;40.9;19.9
16;2021-05-29;814;883;143392;70212;41.2;20.2
16;2021-05-30;1;4;143393;70216;41.2;20.2
16;2021-05-31;1984;1104;145377;71320;41.8;20.5
16;2021-06-01;2344;1715;147721;73035;42.4;21.0
16;2021-06-02;1822;1503;149543;74538;42.9;21.4
16;2021-06-03;2622;1762;152165;76300;43.7;21.9
16;2021-06-04;2834;2032;154999;78332;44.5;22.5
16;2021-06-05;1006;549;156005;78881;44.8;22.7
16;2021-06-06;161;28;156166;78909;44.9;22.7
16;2021-06-07;1991;1282;158157;80191;45.4;23.0
16;2021-06-08;2395;1998;160552;82189;46.1;23.6
16;2021-06-09;2529;1616;163081;83805;46.8;24.1
16;2021-06-10;2571;2004;165652;85809;47.6;24.6
16;2021-06-11;2152;2736;167804;88545;48.2;25.4
16;2021-06-12;1614;517;169418;89062;48.7;25.6
16;2021-06-13;261;72;169679;89134;48.7;25.6
16;2021-06-14;796;2797;170475;91931;49.0;26.4
16;2021-06-15;1865;2623;172340;94554;49.5;27.2
16;2021-06-16;1577;2087;173917;96641;50.0;27.8
16;2021-06-17;2041;2509;175958;99150;50.5;28.5
16;2021-06-18;2061;3219;178019;102369;51.1;29.4
16;2021-06-19;1352;1311;179371;103680;51.5;29.8
16;2021-06-20;243;28;179614;103708;51.6;29.8
16;2021-06-21;1411;2171;181025;105879;52.0;30.4
16;2021-06-22;1675;2943;182700;108822;52.5;31.3
16;2021-06-23;1565;2019;184265;110841;52.9;31.8
16;2021-06-24;1927;2167;186192;113008;53.5;32.5
16;2021-06-25;1983;2727;188175;115735;54.0;33.2
16;2021-06-26;1061;725;189236;116460;54.4;33.4
16;2021-06-27;132;25;189368;116485;54.4;33.5
16;2021-06-28;1164;1965;190532;118450;54.7;34.0
16;2021-06-29;1282;3358;191814;121808;55.1;35.0
16;2021-06-30;1337;2714;193151;124522;55.5;35.8
16;2021-07-01;1862;3158;195013;127680;56.0;36.7
16;2021-07-02;1424;3581;196437;131261;56.4;37.7
16;2021-07-03;694;1111;197131;132372;56.6;38.0
16;2021-07-04;3;15;197134;132387;56.6;38.0
16;2021-07-05;816;2297;197950;134684;56.9;38.7
16;2021-07-06;1278;3365;199228;138049;57.2;39.6
16;2021-07-07;869;2277;200097;140326;57.5;40.3
16;2021-07-08;1234;2737;201331;143063;57.8;41.1
16;2021-07-09;1111;3709;202442;146772;58.1;42.2
16;2021-07-10;338;1339;202780;148111;58.2;42.5
16;2021-07-11;2;13;202782;148124;58.2;42.5
16;2021-07-12;634;2439;203416;150563;58.4;43.2
16;2021-07-13;1391;3531;204807;154094;58.8;44.3
16;2021-07-14;799;877;205606;154971;59.1;44.5
16;2021-07-15;1249;3410;206855;158381;59.4;45.5
16;2021-07-16;1498;3385;208353;161766;59.8;46.5
16;2021-07-17;538;1188;208891;162954;60.0;46.8
16;2021-07-18;14;6;208905;162960;60.0;46.8
16;2021-07-19;618;2855;209523;165815;60.2;47.6
16;2021-07-20;1125;3289;210648;169104;60.5;48.6
16;2021-07-21;1119;2618;211767;171722;60.8;49.3
16;2021-07-22;1871;2863;213638;174585;61.4;50.1
16;2021-07-23;1553;3545;215191;178130;61.8;51.2
16;2021-07-24;638;1212;215829;179342;62.0;51.5
16;2021-07-25;11;11;215840;179353;62.0;51.5
16;2021-07-26;1527;2128;217367;181481;62.4;52.1
16;2021-07-27;1868;2817;219235;184298;63.0;52.9
16;2021-07-28;1859;2319;221094;186617;63.5;53.6
16;2021-07-29;2242;2475;223336;189092;64.1;54.3
16;2021-07-30;2355;3107;225691;192199;64.8;55.2
16;2021-07-31;959;1355;226650;193554;65.1;55.6
16;2021-08-01;188;22;226838;193576;65.1;55.6
16;2021-08-02;2118;1830;228956;195406;65.8;56.1
16;2021-08-03;2118;2329;231074;197735;66.4;56.8
16;2021-08-04;2117;1886;233191;199621;67.0;57.3
16;2021-08-05;2764;1655;235955;201276;67.8;57.8
16;2021-08-06;2507;2366;238462;203642;68.5;58.5
16;2021-08-07;829;561;239291;204203;68.7;58.6
16;2021-08-08;34;37;239325;204240;68.7;58.7
16;2021-08-09;2177;1061;241502;205301;69.4;59.0
16;2021-08-10;2885;1586;244387;206887;70.2;59.4
16;2021-08-11;2595;1236;246982;208123;70.9;59.8
16;2021-08-12;1994;1739;248976;209862;71.5;60.3
16;2021-08-13;2667;1464;251643;211326;72.3;60.7
16;2021-08-14;755;453;252398;211779;72.5;60.8
16;2021-08-15;27;4;252425;211783;72.5;60.8
16;2021-08-16;1334;1581;253759;213364;72.9;61.3
16;2021-08-17;1816;1624;255575;214988;73.4;61.7
16;2021-08-18;1585;1471;257160;216459;73.9;62.2
16;2021-08-19;1510;1773;258670;218232;74.3;62.7
16;2021-08-20;1600;1900;260270;220132;74.8;63.2
16;2021-08-21;558;827;260828;220959;74.9;63.5
16;2021-08-22;4;5;260832;220964;74.9;63.5
16;2021-08-23;989;2065;261821;223029;75.2;64.1
16;2021-08-24;1039;2376;262860;225405;75.5;64.7
16;2021-08-25;882;1777;263742;227182;75.7;65.2
16;2021-08-26;866;2526;264608;229708;76.0;66.0
16;2021-08-27;852;2405;265460;232113;76.2;66.7
16;2021-08-28;260;770;265720;232883;76.3;66.9
16;2021-08-29;2;16;265722;232899;76.3;66.9
16;2021-08-30;640;2395;266362;235294;76.5;67.6
16;2021-08-31;667;2632;267029;237926;76.7;68.3
17;2020-12-27;0;0;0;0;0.0;0.0
17;2020-12-28;0;0;0;0;0.0;0.0
17;2020-12-29;0;0;0;0;0.0;0.0
17;2020-12-30;1;0;1;0;0.0;0.0
17;2020-12-31;0;0;1;0;0.0;0.0
17;2021-01-01;1;0;2;0;0.0;0.0
17;2021-01-02;1;0;3;0;0.0;0.0
17;2021-01-03;0;0;3;0;0.0;0.0
17;2021-01-04;56;0;59;0;0.0;0.0
17;2021-01-05;98;0;157;0;0.0;0.0
17;2021-01-06;132;0;289;0;0.0;0.0
17;2021-01-07;485;1;774;1;0.1;0.0
17;2021-01-08;418;0;1192;1;0.2;0.0
17;2021-01-09;0;0;1192;1;0.2;0.0
17;2021-01-10;1;0;1193;1;0.2;0.0
17;2021-01-11;380;1;1573;2;0.2;0.0
17;2021-01-12;749;1;2322;3;0.4;0.0
17;2021-01-13;654;2;2976;5;0.5;0.0
17;2021-01-14;617;9;3593;14;0.6;0.0
17;2021-01-15;680;1;4273;15;0.7;0.0
17;2021-01-16;128;2;4401;17;0.7;0.0
17;2021-01-17;19;0;4420;17;0.7;0.0
17;2021-01-18;887;2;5307;19;0.8;0.0
17;2021-01-19;1910;3;7217;22;1.1;0.0
17;2021-01-20;2395;2;9612;24;1.5;0.0
17;2021-01-21;2500;4;12112;28;1.9;0.0
17;2021-01-22;1891;7;14003;35;2.2;0.0
17;2021-01-23;738;1;14741;36;2.3;0.0
17;2021-01-24;48;0;14789;36;2.3;0.0
17;2021-01-25;1383;5;16172;41;2.5;0.0
17;2021-01-26;2110;3;18282;44;2.8;0.0
17;2021-01-27;1675;33;19957;77;3.1;0.0
17;2021-01-28;2475;229;22432;306;3.5;0.0
17;2021-01-29;1739;221;24171;527;3.7;0.1
17;2021-01-30;528;5;24699;532;3.8;0.1
17;2021-01-31;37;2;24736;534;3.8;0.1
17;2021-02-01;740;208;25476;742;3.9;0.1
17;2021-02-02;1202;348;26678;1090;4.1;0.2
17;2021-02-03;1296;398;27974;1488;4.3;0.2
17;2021-02-04;1160;499;29134;1987;4.5;0.3
17;2021-02-05;603;754;29737;2741;4.6;0.4
17;2021-02-06;22;42;29759;2783;4.6;0.4
17;2021-02-07;31;13;29790;2796;4.6;0.4
17;2021-02-08;706;401;30496;3197;4.7;0.5
17;2021-02-09;1100;1315;31596;4512;4.9;0.7
17;2021-02-10;864;1282;32460;5794;5.0;0.9
17;2021-02-11;1241;1395;33701;7189;5.2;1.1
17;2021-02-12;771;961;34472;8150;5.3;1.3
17;2021-02-13;43;103;34515;8253;5.3;1.3
17;2021-02-14;1;10;34516;8263;5.3;1.3
17;2021-02-15;620;1212;35136;9475;5.4;1.5
17;2021-02-16;749;1819;35885;11294;5.5;1.7
17;2021-02-17;795;1346;36680;12640;5.7;2.0
17;2021-02-18;967;2169;37647;14809;5.8;2.3
17;2021-02-19;1067;1533;38714;16342;6.0;2.5
17;2021-02-20;105;309;38819;16651;6.0;2.6
17;2021-02-21;9;2;38828;16653;6.0;2.6
17;2021-02-22;647;1628;39475;18281;6.1;2.8
17;2021-02-23;781;1531;40256;19812;6.2;3.1
17;2021-02-24;1080;1579;41336;21391;6.4;3.3
17;2021-02-25;1087;1702;42423;23093;6.6;3.6
17;2021-02-26;1307;1290;43730;24383;6.8;3.8
17;2021-02-27;527;246;44257;24629;6.8;3.8
17;2021-02-28;19;9;44276;24638;6.8;3.8
17;2021-03-01;634;1040;44910;25678;6.9;4.0
17;2021-03-02;1094;869;46004;26547;7.1;4.1
17;2021-03-03;1618;795;47622;27342;7.4;4.2
17;2021-03-04;2426;1138;50048;28480;7.7;4.4
17;2021-03-05;2663;678;52711;29158;8.1;4.5
17;2021-03-06;1029;27;53740;29185;8.3;4.5
17;2021-03-07;183;47;53923;29232;8.3;4.5
17;2021-03-08;1017;831;54940;30063;8.5;4.6
17;2021-03-09;1746;616;56686;30679;8.8;4.7
17;2021-03-10;2047;646;58733;31325;9.1;4.8
17;2021-03-11;3226;999;61959;32324;9.6;5.0
17;2021-03-12;3356;626;65315;32950;10.1;5.1
17;2021-03-13;1202;12;66517;32962;10.3;5.1
17;2021-03-14;32;0;66549;32962;10.3;5.1
17;2021-03-15;1241;994;67790;33956;10.5;5.2
17;2021-03-16;893;536;68683;34492;10.6;5.3
17;2021-03-17;1460;705;70143;35197;10.8;5.4
17;2021-03-18;1683;765;71826;35962;11.1;5.6
17;2021-03-19;2096;549;73922;36511;11.4;5.6
17;2021-03-20;1083;56;75005;36567;11.6;5.7
17;2021-03-21;37;43;75042;36610;11.6;5.7
17;2021-03-22;1578;690;76620;37300;11.8;5.8
17;2021-03-23;2491;581;79111;37881;12.2;5.9
17;2021-03-24;3545;856;82656;38737;12.8;6.0
17;2021-03-25;4713;643;87369;39380;13.5;6.1
17;2021-03-26;4944;476;92313;39856;14.3;6.2
17;2021-03-27;1737;69;94050;39925;14.5;6.2
17;2021-03-28;369;45;94419;39970;14.6;6.2
17;2021-03-29;2361;566;96780;40536;15.0;6.3
17;2021-03-30;2655;988;99435;41524;15.4;6.4
17;2021-03-31;3842;905;103277;42429;16.0;6.6
17;2021-04-01;4013;1169;107290;43598;16.6;6.7
17;2021-04-02;3709;835;110999;44433;17.2;6.9
17;2021-04-03;1152;187;112151;44620;17.3;6.9
17;2021-04-04;501;6;112652;44626;17.4;6.9
17;2021-04-05;445;128;113097;44754;17.5;6.9
17;2021-04-06;3479;1028;116576;45782;18.0;7.1
17;2021-04-07;4130;1154;120706;46936;18.7;7.3
17;2021-04-08;4570;1476;125276;48412;19.4;7.5
17;2021-04-09;6495;843;131771;49255;20.4;7.6
17;2021-04-10;2583;68;134354;49323;20.8;7.6
17;2021-04-11;788;16;135142;49339;20.9;7.6
17;2021-04-12;2889;1620;138031;50959;21.3;7.9
17;2021-04-13;4151;1290;142182;52249;22.0;8.1
17;2021-04-14;4419;1207;146601;53456;22.7;8.3
17;2021-04-15;4600;1138;151201;54594;23.4;8.4
17;2021-04-16;4298;1154;155499;55748;24.0;8.6
17;2021-04-17;1682;382;157181;56130;24.3;8.7
17;2021-04-18;472;81;157653;56211;24.4;8.7
17;2021-04-19;2340;2058;159993;58269;24.7;9.0
17;2021-04-20;2928;2552;162921;60821;25.2;9.4
17;2021-04-21;2973;1941;165894;62762;25.6;9.7
17;2021-04-22;3122;2360;169016;65122;26.1;10.1
17;2021-04-23;2447;2729;171463;67851;26.5;10.5
17;2021-04-24;1669;927;173132;68778;26.8;10.6
17;2021-04-25;665;246;173797;69024;26.9;10.7
17;2021-04-26;2578;2627;176375;71651;27.3;11.1
17;2021-04-27;3152;2674;179527;74325;27.7;11.5
17;2021-04-28;3103;2939;182630;77264;28.2;11.9
17;2021-04-29;4149;2862;186779;80126;28.9;12.4
17;2021-04-30;4355;2634;191134;82760;29.5;12.8
17;2021-05-01;848;542;191982;83302;29.7;12.9
17;2021-05-02;553;839;192535;84141;29.8;13.0
17;2021-05-03;2542;2961;195077;87102;30.1;13.5
17;2021-05-04;2318;3728;197395;90830;30.5;14.0
17;2021-05-05;2909;3702;200304;94532;31.0;14.6
17;2021-05-06;4122;3405;204426;97937;31.6;15.1
17;2021-05-07;4355;3630;208781;101567;32.3;15.7
17;2021-05-08;1306;754;210087;102321;32.5;15.8
17;2021-05-09;1309;705;211396;103026;32.7;15.9
17;2021-05-10;2726;3692;214122;106718;33.1;16.5
17;2021-05-11;3500;3996;217622;110714;33.6;17.1
17;2021-05-12;3531;3812;221153;114526;34.2;17.7
17;2021-05-13;2545;693;223698;115219;34.6;17.8
17;2021-05-14;3032;2396;226730;117615;35.0;18.2
17;2021-05-15;2127;661;228857;118276;35.4;18.3
17;2021-05-16;1734;318;230591;118594;35.6;18.3
17;2021-05-17;4288;2000;234879;120594;36.3;18.6
17;2021-05-18;4746;1637;239625;122231;37.0;18.9
17;2021-05-19;5069;1280;244694;123511;37.8;19.1
17;2021-05-20;4943;1951;249637;125462;38.6;19.4
17;2021-05-21;4998;1958;254635;127420;39.4;19.7
17;2021-05-22;2393;532;257028;127952;39.7;19.8
17;2021-05-23;1899;129;258927;128081;40.0;19.8
17;2021-05-24;1426;208;260353;128289;40.2;19.8
17;2021-05-25;4030;1770;264383;130059;40.9;20.1
17;2021-05-26;4366;2041;268749;132100;41.5;20.4
17;2021-05-27;5216;2138;273965;134238;42.3;20.7
17;2021-05-28;4468;3437;278433;137675;43.0;21.3
17;2021-05-29;1561;1707;279994;139382;43.3;21.5
17;2021-05-30;857;411;280851;139793;43.4;21.6
17;2021-05-31;2946;3012;283797;142805;43.9;22.1
17;2021-06-01;4296;2923;288093;145728;44.5;22.5
17;2021-06-02;4202;3177;292295;148905;45.2;23.0
17;2021-06-03;5055;3167;297350;152072;46.0;23.5
17;2021-06-04;4516;3856;301866;155928;46.7;24.1
17;2021-06-05;1991;1600;303857;157528;47.0;24.3
17;2021-06-06;851;734;304708;158262;47.1;24.5
17;2021-06-07;3139;4345;307847;162607;47.6;25.1
17;2021-06-08;3789;4497;311636;167104;48.2;25.8
17;2021-06-09;4346;3055;315982;170159;48.8;26.3
17;2021-06-10;4929;2794;320911;172953;49.6;26.7
17;2021-06-11;4793;3691;325704;176644;50.3;27.3
17;2021-06-12;1812;1403;327516;178047;50.6;27.5
17;2021-06-13;610;415;328126;178462;50.7;27.6
17;2021-06-14;2834;4537;330960;182999;51.1;28.3
17;2021-06-15;3623;4379;334583;187378;51.7;29.0
17;2021-06-16;4132;3693;338715;191071;52.3;29.5
17;2021-06-17;4368;4125;343083;195196;53.0;30.2
17;2021-06-18;4054;4439;347137;199635;53.6;30.9
17;2021-06-19;1450;1991;348587;201626;53.9;31.2
17;2021-06-20;595;1035;349182;202661;54.0;31.3
17;2021-06-21;2563;4373;351745;207034;54.4;32.0
17;2021-06-22;3528;4451;355273;211485;54.9;32.7
17;2021-06-23;3795;3993;359068;215478;55.5;33.3
17;2021-06-24;3600;3959;362668;219437;56.0;33.9
17;2021-06-25;2719;4988;365387;224425;56.5;34.7
17;2021-06-26;906;2335;366293;226760;56.6;35.0
17;2021-06-27;396;1902;366689;228662;56.7;35.3
17;2021-06-28;1523;5417;368212;234079;56.9;36.2
17;2021-06-29;1684;5892;369896;239971;57.2;37.1
17;2021-06-30;2030;5549;371926;245520;57.5;37.9
17;2021-07-01;2265;5559;374191;251079;57.8;38.8
17;2021-07-02;2487;5985;376678;257064;58.2;39.7
17;2021-07-03;627;2546;377305;259610;58.3;40.1
17;2021-07-04;155;1250;377460;260860;58.3;40.3
17;2021-07-05;1890;5178;379350;266038;58.6;41.1
17;2021-07-06;2132;5600;381482;271638;59.0;42.0
17;2021-07-07;2407;5498;383889;277136;59.3;42.8
17;2021-07-08;2914;5441;386803;282577;59.8;43.7
17;2021-07-09;2526;6078;389329;288655;60.2;44.6
17;2021-07-10;828;2473;390157;291128;60.3;45.0
17;2021-07-11;380;907;390537;292035;60.4;45.1
17;2021-07-12;2007;5620;392544;297655;60.7;46.0
17;2021-07-13;2373;6719;394917;304374;61.0;47.0
17;2021-07-14;71;71;394988;304445;61.0;47.0
17;2021-07-15;2191;6859;397179;311304;61.4;48.1
17;2021-07-16;2779;6971;399958;318275;61.8;49.2
17;2021-07-17;1051;2276;401009;320551;62.0;49.5
17;2021-07-18;313;1038;401322;321589;62.0;49.7
17;2021-07-19;2635;5907;403957;327496;62.4;50.6
17;2021-07-20;3319;6315;407276;333811;62.9;51.6
17;2021-07-21;3803;6031;411079;339842;63.5;52.5
17;2021-07-22;4250;6276;415329;346118;64.2;53.5
17;2021-07-23;3898;6568;419227;352686;64.8;54.5
17;2021-07-24;2068;1399;421295;354085;65.1;54.7
17;2021-07-25;1043;416;422338;354501;65.3;54.8
17;2021-07-26;3737;5426;426075;359927;65.8;55.6
17;2021-07-27;4729;5437;430804;365364;66.6;56.5
17;2021-07-28;5216;5175;436020;370539;67.4;57.3
17;2021-07-29;5165;5343;441185;375882;68.2;58.1
17;2021-07-30;5505;5570;446690;381452;69.0;58.9
17;2021-07-31;2119;1214;448809;382666;69.4;59.1
17;2021-08-01;1092;358;449901;383024;69.5;59.2
17;2021-08-02;4610;4391;454511;387415;70.2;59.9
17;2021-08-03;5754;4163;460265;391578;71.1;60.5
17;2021-08-04;6189;3375;466454;394953;72.1;61.0
17;2021-08-05;6372;3152;472826;398105;73.1;61.5
17;2021-08-06;5880;3605;478706;401710;74.0;62.1
17;2021-08-07;1985;868;480691;402578;74.3;62.2
17;2021-08-08;973;220;481664;402798;74.4;62.2
17;2021-08-09;3917;3696;485581;406494;75.0;62.8
17;2021-08-10;5063;3493;490644;409987;75.8;63.4
17;2021-08-11;4891;3812;495535;413799;76.6;63.9
17;2021-08-12;4858;3956;500393;417755;77.3;64.6
17;2021-08-13;4498;4138;504891;421893;78.0;65.2
17;2021-08-14;1227;1381;506118;423274;78.2;65.4
17;2021-08-15;404;377;506522;423651;78.3;65.5
17;2021-08-16;2815;4061;509337;427712;78.7;66.1
17;2021-08-17;3038;4285;512375;431997;79.2;66.8
17;2021-08-18;2615;4547;514990;436544;79.6;67.5
17;2021-08-19;2712;4378;517702;440922;80.0;68.1
17;2021-08-20;2477;5025;520179;445947;80.4;68.9
17;2021-08-21;684;1353;520863;447300;80.5;69.1
17;2021-08-22;216;457;521079;447757;80.5;69.2
17;2021-08-23;1976;4951;523055;452708;80.8;70.0
17;2021-08-24;1936;5092;524991;457800;81.1;70.7
17;2021-08-25;1657;5503;526648;463303;81.4;71.6
17;2021-08-26;1590;5759;528238;469062;81.6;72.5
17;2021-08-27;1540;5948;529778;475010;81.9;73.4
17;2021-08-28;513;1452;530291;476462;82.0;73.6
17;2021-08-29;87;575;530378;477037;82.0;73.7
17;2021-08-30;1423;5108;531801;482145;82.2;74.5
17;2021-08-31;1308;5344;533109;487489;82.4;75.3
18;2020-12-27;0;0;0;0;0.0;0.0
18;2020-12-28;0;0;0;0;0.0;0.0
18;2020-12-29;0;0;0;0;0.0;0.0
18;2020-12-30;1;0;1;0;0.0;0.0
18;2020-12-31;0;0;1;0;0.0;0.0
18;2021-01-01;0;0;1;0;0.0;0.0
18;2021-01-02;0;0;1;0;0.0;0.0
18;2021-01-03;0;0;1;0;0.0;0.0
18;2021-01-04;3;0;4;0;0.0;0.0
18;2021-01-05;0;0;4;0;0.0;0.0
18;2021-01-06;1;0;5;0;0.0;0.0
18;2021-01-07;30;1;35;1;0.0;0.0
18;2021-01-08;65;0;100;1;0.0;0.0
18;2021-01-09;225;0;325;1;0.1;0.0
18;2021-01-10;146;0;471;1;0.2;0.0
18;2021-01-11;170;1;641;2;0.2;0.0
18;2021-01-12;372;0;1013;2;0.3;0.0
18;2021-01-13;270;2;1283;4;0.4;0.0
18;2021-01-14;269;2;1552;6;0.5;0.0
18;2021-01-15;332;2;1884;8;0.6;0.0
18;2021-01-16;288;3;2172;11;0.7;0.0
18;2021-01-17;1;0;2173;11;0.7;0.0
18;2021-01-18;290;0;2463;11;0.8;0.0
18;2021-01-19;1374;2;3837;13;1.3;0.0
18;2021-01-20;1239;2;5076;15;1.7;0.0
18;2021-01-21;965;0;6041;15;2.0;0.0
18;2021-01-22;780;2;6821;17;2.3;0.0
18;2021-01-23;249;2;7070;19;2.4;0.0
18;2021-01-24;0;0;7070;19;2.4;0.0
18;2021-01-25;509;0;7579;19;2.6;0.0
18;2021-01-26;395;1;7974;20;2.7;0.0
18;2021-01-27;390;2;8364;22;2.8;0.0
18;2021-01-28;566;8;8930;30;3.0;0.0
18;2021-01-29;492;72;9422;102;3.2;0.0
18;2021-01-30;432;157;9854;259;3.3;0.1
18;2021-01-31;82;110;9936;369;3.4;0.1
18;2021-02-01;328;133;10264;502;3.5;0.2
18;2021-02-02;507;240;10771;742;3.6;0.3
18;2021-02-03;398;204;11169;946;3.8;0.3
18;2021-02-04;630;226;11799;1172;4.0;0.4
18;2021-02-05;449;194;12248;1366;4.1;0.5
18;2021-02-06;283;100;12531;1466;4.2;0.5
18;2021-02-07;108;1;12639;1467;4.3;0.5
18;2021-02-08;268;226;12907;1693;4.4;0.6
18;2021-02-09;583;780;13490;2473;4.6;0.8
18;2021-02-10;740;693;14230;3166;4.8;1.1
18;2021-02-11;655;450;14885;3616;5.0;1.2
18;2021-02-12;502;323;15387;3939;5.2;1.3
18;2021-02-13;286;124;15673;4063;5.3;1.4
18;2021-02-14;364;97;16037;4160;5.4;1.4
18;2021-02-15;378;390;16415;4550;5.5;1.5
18;2021-02-16;399;396;16814;4946;5.7;1.7
18;2021-02-17;403;456;17217;5402;5.8;1.8
18;2021-02-18;344;534;17561;5936;5.9;2.0
18;2021-02-19;471;303;18032;6239;6.1;2.1
18;2021-02-20;721;236;18753;6475;6.3;2.2
18;2021-02-21;316;2;19069;6477;6.4;2.2
18;2021-02-22;217;361;19286;6838;6.5;2.3
18;2021-02-23;204;349;19490;7187;6.6;2.4
18;2021-02-24;240;270;19730;7457;6.7;2.5
18;2021-02-25;293;516;20023;7973;6.8;2.7
18;2021-02-26;582;236;20605;8209;7.0;2.8
18;2021-02-27;510;387;21115;8596;7.1;2.9
18;2021-02-28;7;68;21122;8664;7.1;2.9
18;2021-03-01;236;412;21358;9076;7.2;3.1
18;2021-03-02;284;518;21642;9594;7.3;3.2
18;2021-03-03;346;585;21988;10179;7.4;3.4
18;2021-03-04;475;570;22463;10749;7.6;3.6
18;2021-03-05;524;369;22987;11118;7.8;3.8
18;2021-03-06;1071;344;24058;11462;8.1;3.9
18;2021-03-07;7;140;24065;11602;8.1;3.9
18;2021-03-08;335;361;24400;11963;8.2;4.0
18;2021-03-09;410;366;24810;12329;8.4;4.2
18;2021-03-10;423;453;25233;12782;8.5;4.3
18;2021-03-11;518;422;25751;13204;8.7;4.5
18;2021-03-12;704;303;26455;13507;8.9;4.6
18;2021-03-13;1164;251;27619;13758;9.3;4.6
18;2021-03-14;301;214;27920;13972;9.4;4.7
18;2021-03-15;491;381;28411;14353;9.6;4.8
18;2021-03-16;392;313;28803;14666;9.7;4.9
18;2021-03-17;383;416;29186;15082;9.8;5.1
18;2021-03-18;512;230;29698;15312;10.0;5.2
18;2021-03-19;756;227;30454;15539;10.3;5.2
18;2021-03-20;986;620;31440;16159;10.6;5.5
18;2021-03-21;308;308;31748;16467;10.7;5.6
18;2021-03-22;602;296;32350;16763;10.9;5.7
18;2021-03-23;706;294;33056;17057;11.2;5.8
18;2021-03-24;1052;299;34108;17356;11.5;5.9
18;2021-03-25;1049;301;35157;17657;11.9;6.0
18;2021-03-26;1210;349;36367;18006;12.3;6.1
18;2021-03-27;1489;322;37856;18328;12.8;6.2
18;2021-03-28;215;0;38071;18328;12.8;6.2
18;2021-03-29;1101;198;39172;18526;13.2;6.3
18;2021-03-30;1084;305;40256;18831;13.6;6.4
18;2021-03-31;1305;253;41561;19084;14.0;6.4
18;2021-04-01;1377;346;42938;19430;14.5;6.6
18;2021-04-02;1229;311;44167;19741;14.9;6.7
18;2021-04-03;581;181;44748;19922;15.1;6.7
18;2021-04-04;71;5;44819;19927;15.1;6.7
18;2021-04-05;199;0;45018;19927;15.2;6.7
18;2021-04-06;1026;351;46044;20278;15.5;6.8
18;2021-04-07;1322;363;47366;20641;16.0;7.0
18;2021-04-08;1692;345;49058;20986;16.6;7.1
18;2021-04-09;1833;283;50891;21269;17.2;7.2
18;2021-04-10;2633;650;53524;21919;18.1;7.4
18;2021-04-11;1985;315;55509;22234;18.7;7.5
18;2021-04-12;1402;404;56911;22638;19.2;7.6
18;2021-04-13;1784;469;58695;23107;19.8;7.8
18;2021-04-14;1378;518;60073;23625;20.3;8.0
18;2021-04-15;1532;531;61605;24156;20.8;8.1
18;2021-04-16;1614;593;63219;24749;21.3;8.3
18;2021-04-17;1599;520;64818;25269;21.9;8.5
18;2021-04-18;377;232;65195;25501;22.0;8.6
18;2021-04-19;1316;593;66511;26094;22.4;8.8
18;2021-04-20;1445;712;67956;26806;22.9;9.0
18;2021-04-21;1272;909;69228;27715;23.4;9.4
18;2021-04-22;1402;704;70630;28419;23.8;9.6
18;2021-04-23;1387;734;72017;29153;24.3;9.8
18;2021-04-24;1355;1271;73372;30424;24.8;10.3
18;2021-04-25;288;217;73660;30641;24.9;10.3
18;2021-04-26;1205;952;74865;31593;25.3;10.7
18;2021-04-27;1545;765;76410;32358;25.8;10.9
18;2021-04-28;1358;876;77768;33234;26.2;11.2
18;2021-04-29;1850;734;79618;33968;26.9;11.5
18;2021-04-30;1570;997;81188;34965;27.4;11.8
18;2021-05-01;788;211;81976;35176;27.7;11.9
18;2021-05-02;806;60;82782;35236;27.9;11.9
18;2021-05-03;1627;1012;84409;36248;28.5;12.2
18;2021-05-04;1731;1285;86140;37533;29.1;12.7
18;2021-05-05;1735;1216;87875;38749;29.6;13.1
18;2021-05-06;2163;1366;90038;40115;30.4;13.5
18;2021-05-07;1234;1402;91272;41517;30.8;14.0
18;2021-05-08;994;1468;92266;42985;31.1;14.5
18;2021-05-09;501;2259;92767;45244;31.3;15.3
18;2021-05-10;1158;1508;93925;46752;31.7;15.8
18;2021-05-11;1696;1751;95621;48503;32.3;16.4
18;2021-05-12;1808;1494;97429;49997;32.9;16.9
18;2021-05-13;1061;371;98490;50368;33.2;17.0
18;2021-05-14;1346;945;99836;51313;33.7;17.3
18;2021-05-15;1810;1163;101646;52476;34.3;17.7
18;2021-05-16;538;582;102184;53058;34.5;17.9
18;2021-05-17;1245;1091;103429;54149;34.9;18.3
18;2021-05-18;2148;935;105577;55084;35.6;18.6
18;2021-05-19;2162;919;107739;56003;36.3;18.9
18;2021-05-20;2277;985;110016;56988;37.1;19.2
18;2021-05-21;1497;765;111513;57753;37.6;19.5
18;2021-05-22;1724;1074;113237;58827;38.2;19.8
18;2021-05-23;485;336;113722;59163;38.4;20.0
18;2021-05-24;462;292;114184;59455;38.5;20.1
18;2021-05-25;1842;1064;116026;60519;39.1;20.4
18;2021-05-26;2154;844;118180;61363;39.9;20.7
18;2021-05-27;2208;1233;120388;62596;40.6;21.1
18;2021-05-28;1713;1306;122101;63902;41.2;21.6
18;2021-05-29;2619;1658;124720;65560;42.1;22.1
18;2021-05-30;1484;504;126204;66064;42.6;22.3
18;2021-05-31;1786;692;127990;66756;43.2;22.5
18;2021-06-01;2040;949;130030;67705;43.9;22.8
18;2021-06-02;2009;1020;132039;68725;44.5;23.2
18;2021-06-03;2283;1200;134322;69925;45.3;23.6
18;2021-06-04;1909;1124;136231;71049;46.0;24.0
18;2021-06-05;2802;1450;139033;72499;46.9;24.5
18;2021-06-06;365;381;139398;72880;47.0;24.6
18;2021-06-07;1296;1233;140694;74113;47.5;25.0
18;2021-06-08;1491;1395;142185;75508;48.0;25.5
18;2021-06-09;1328;1067;143513;76575;48.4;25.8
18;2021-06-10;1631;1407;145144;77982;49.0;26.3
18;2021-06-11;1496;1404;146640;79386;49.5;26.8
18;2021-06-12;1245;2511;147885;81897;49.9;27.6
18;2021-06-13;126;262;148011;82159;49.9;27.7
18;2021-06-14;657;1828;148668;83987;50.2;28.3
18;2021-06-15;1093;1822;149761;85809;50.5;29.0
18;2021-06-16;1258;1440;151019;87249;51.0;29.4
18;2021-06-17;1205;1670;152224;88919;51.4;30.0
18;2021-06-18;1292;1667;153516;90586;51.8;30.6
18;2021-06-19;1564;1251;155080;91837;52.3;31.0
18;2021-06-20;246;159;155326;91996;52.4;31.0
18;2021-06-21;665;1602;155991;93598;52.6;31.6
18;2021-06-22;1068;1644;157059;95242;53.0;32.1
18;2021-06-23;944;1642;158003;96884;53.3;32.7
18;2021-06-24;1033;1062;159036;97946;53.7;33.0
18;2021-06-25;893;1745;159929;99691;54.0;33.6
18;2021-06-26;1098;1472;161027;101163;54.3;34.1
18;2021-06-27;31;372;161058;101535;54.3;34.3
18;2021-06-28;423;1924;161481;103459;54.5;34.9
18;2021-06-29;595;2378;162076;105837;54.7;35.7
18;2021-06-30;601;2544;162677;108381;54.9;36.6
18;2021-07-01;961;2156;163638;110537;55.2;37.3
18;2021-07-02;615;1687;164253;112224;55.4;37.9
18;2021-07-03;755;2576;165008;114800;55.7;38.7
18;2021-07-04;164;1033;165172;115833;55.7;39.1
18;2021-07-05;765;1877;165937;117710;56.0;39.7
18;2021-07-06;560;2303;166497;120013;56.2;40.5
18;2021-07-07;767;2115;167264;122128;56.4;41.2
18;2021-07-08;1031;1984;168295;124112;56.8;41.9
18;2021-07-09;704;2310;168999;126422;57.0;42.7
18;2021-07-10;781;3176;169780;129598;57.3;43.7
18;2021-07-11;81;665;169861;130263;57.3;43.9
18;2021-07-12;223;2252;170084;132515;57.4;44.7
18;2021-07-13;619;2906;170703;135421;57.6;45.7
18;2021-07-14;194;937;170897;136358;57.7;46.0
18;2021-07-15;1396;2816;172293;139174;58.1;47.0
18;2021-07-16;1184;2121;173477;141295;58.5;47.7
18;2021-07-17;1130;2473;174607;143768;58.9;48.5
18;2021-07-18;229;332;174836;144100;59.0;48.6
18;2021-07-19;1056;1659;175892;145759;59.3;49.2
18;2021-07-20;1625;2268;177517;148027;59.9;49.9
18;2021-07-21;1902;2063;179419;150090;60.5;50.6
18;2021-07-22;2214;1897;181633;151987;61.3;51.3
18;2021-07-23;1398;1611;183031;153598;61.8;51.8
18;2021-07-24;890;1535;183921;155133;62.1;52.3
18;2021-07-25;192;398;184113;155531;62.1;52.5
18;2021-07-26;1399;1506;185512;157037;62.6;53.0
18;2021-07-27;1824;1537;187336;158574;63.2;53.5
18;2021-07-28;2199;1795;189535;160369;63.9;54.1
18;2021-07-29;2142;1817;191677;162186;64.7;54.7
18;2021-07-30;1585;1342;193262;163528;65.2;55.2
18;2021-07-31;1236;1282;194498;164810;65.6;55.6
18;2021-08-01;90;34;194588;164844;65.6;55.6
18;2021-08-02;1408;765;195996;165609;66.1;55.9
18;2021-08-03;1717;1628;197713;167237;66.7;56.4
18;2021-08-04;2424;1099;200137;168336;67.5;56.8
18;2021-08-05;1525;1245;201662;169581;68.0;57.2
18;2021-08-06;1582;1142;203244;170723;68.6;57.6
18;2021-08-07;608;763;203852;171486;68.8;57.9
18;2021-08-08;49;60;203901;171546;68.8;57.9
18;2021-08-09;1104;875;205005;172421;69.2;58.2
18;2021-08-10;1206;1511;206211;173932;69.6;58.7
18;2021-08-11;1603;1504;207814;175436;70.1;59.2
18;2021-08-12;1548;1594;209362;177030;70.6;59.7
18;2021-08-13;1082;1169;210444;178199;71.0;60.1
18;2021-08-14;757;604;211201;178803;71.3;60.3
18;2021-08-15;35;17;211236;178820;71.3;60.3
18;2021-08-16;827;1202;212063;180022;71.5;60.7
18;2021-08-17;978;1997;213041;182019;71.9;61.4
18;2021-08-18;1153;1958;214194;183977;72.3;62.1
18;2021-08-19;1089;1609;215283;185586;72.6;62.6
18;2021-08-20;911;1757;216194;187343;72.9;63.2
18;2021-08-21;419;703;216613;188046;73.1;63.4
18;2021-08-22;21;73;216634;188119;73.1;63.5
18;2021-08-23;484;1680;217118;189799;73.3;64.0
18;2021-08-24;901;1493;218019;191292;73.6;64.5
18;2021-08-25;838;1865;218857;193157;73.8;65.2
18;2021-08-26;770;1529;219627;194686;74.1;65.7
18;2021-08-27;572;1995;220199;196681;74.3;66.4
18;2021-08-28;501;869;220700;197550;74.5;66.6
18;2021-08-29;91;176;220791;197726;74.5;66.7
18;2021-08-30;525;1440;221316;199166;74.7;67.2
18;2021-08-31;503;1441;221819;200607;74.8;67.7
19;2020-12-27;0;0;0;0;0.0;0.0
19;2020-12-28;0;0;0;0;0.0;0.0
19;2020-12-29;1;0;1;0;0.0;0.0
19;2020-12-30;0;0;1;0;0.0;0.0
19;2020-12-31;0;0;1;0;0.0;0.0
19;2021-01-01;0;0;1;0;0.0;0.0
19;2021-01-02;0;0;1;0;0.0;0.0
19;2021-01-03;0;0;1;0;0.0;0.0
19;2021-01-04;0;0;1;0;0.0;0.0
19;2021-01-05;0;0;1;0;0.0;0.0
19;2021-01-06;0;0;1;0;0.0;0.0
19;2021-01-07;344;1;345;1;0.1;0.0
19;2021-01-08;247;1;592;2;0.2;0.0
19;2021-01-09;1;0;593;2;0.2;0.0
19;2021-01-10;1;0;594;2;0.2;0.0
19;2021-01-11;38;0;632;2;0.3;0.0
19;2021-01-12;415;1;1047;3;0.4;0.0
19;2021-01-13;424;2;1471;5;0.6;0.0
19;2021-01-14;475;1;1946;6;0.8;0.0
19;2021-01-15;226;0;2172;6;0.9;0.0
19;2021-01-16;0;0;2172;6;0.9;0.0
19;2021-01-17;1;0;2173;6;0.9;0.0
19;2021-01-18;251;2;2424;8;1.0;0.0
19;2021-01-19;519;0;2943;8;1.2;0.0
19;2021-01-20;922;4;3865;12;1.6;0.0
19;2021-01-21;506;4;4371;16;1.8;0.0
19;2021-01-22;1317;4;5688;20;2.4;0.0
19;2021-01-23;281;0;5969;20;2.5;0.0
19;2021-01-24;37;0;6006;20;2.5;0.0
19;2021-01-25;233;0;6239;20;2.6;0.0
19;2021-01-26;607;4;6846;24;2.8;0.0
19;2021-01-27;334;3;7180;27;3.0;0.0
19;2021-01-28;297;212;7477;239;3.1;0.1
19;2021-01-29;348;61;7825;300;3.3;0.1
19;2021-01-30;130;24;7955;324;3.3;0.1
19;2021-01-31;41;0;7996;324;3.3;0.1
19;2021-02-01;158;95;8154;419;3.4;0.2
19;2021-02-02;303;428;8457;847;3.5;0.4
19;2021-02-03;284;243;8741;1090;3.6;0.5
19;2021-02-04;255;375;8996;1465;3.7;0.6
19;2021-02-05;310;76;9306;1541;3.9;0.6
19;2021-02-06;213;2;9519;1543;4.0;0.6
19;2021-02-07;48;2;9567;1545;4.0;0.6
19;2021-02-08;177;150;9744;1695;4.1;0.7
19;2021-02-09;333;273;10077;1968;4.2;0.8
19;2021-02-10;517;295;10594;2263;4.4;0.9
19;2021-02-11;412;319;11006;2582;4.6;1.1
19;2021-02-12;797;1162;11803;3744;4.9;1.6
19;2021-02-13;352;186;12155;3930;5.1;1.6
19;2021-02-14;98;13;12253;3943;5.1;1.6
19;2021-02-15;200;241;12453;4184;5.2;1.7
19;2021-02-16;386;171;12839;4355;5.3;1.8
19;2021-02-17;306;465;13145;4820;5.5;2.0
19;2021-02-18;174;503;13319;5323;5.5;2.2
19;2021-02-19;469;300;13788;5623;5.7;2.3
19;2021-02-20;133;206;13921;5829;5.8;2.4
19;2021-02-21;20;40;13941;5869;5.8;2.4
19;2021-02-22;220;210;14161;6079;5.9;2.5
19;2021-02-23;268;344;14429;6423;6.0;2.7
19;2021-02-24;361;207;14790;6630;6.2;2.8
19;2021-02-25;519;382;15309;7012;6.4;2.9
19;2021-02-26;395;316;15704;7328;6.5;3.0
19;2021-02-27;348;159;16052;7487;6.7;3.1
19;2021-02-28;68;36;16120;7523;6.7;3.1
19;2021-03-01;266;221;16386;7744;6.8;3.2
19;2021-03-02;428;256;16814;8000;7.0;3.3
19;2021-03-03;692;339;17506;8339;7.3;3.5
19;2021-03-04;826;351;18332;8690;7.6;3.6
19;2021-03-05;891;736;19223;9426;8.0;3.9
19;2021-03-06;1073;212;20296;9638;8.4;4.0
19;2021-03-07;463;37;20759;9675;8.6;4.0
19;2021-03-08;638;163;21397;9838;8.9;4.1
19;2021-03-09;836;248;22233;10086;9.3;4.2
19;2021-03-10;1155;321;23388;10407;9.7;4.3
19;2021-03-11;1274;309;24662;10716;10.3;4.5
19;2021-03-12;1136;405;25798;11121;10.7;4.6
19;2021-03-13;1111;168;26909;11289;11.2;4.7
19;2021-03-14;160;84;27069;11373;11.3;4.7
19;2021-03-15;699;137;27768;11510;11.6;4.8
19;2021-03-16;688;301;28456;11811;11.8;4.9
19;2021-03-17;839;280;29295;12091;12.2;5.0
19;2021-03-18;767;283;30062;12374;12.5;5.1
19;2021-03-19;1014;488;31076;12862;12.9;5.4
19;2021-03-20;783;131;31859;12993;13.3;5.4
19;2021-03-21;128;4;31987;12997;13.3;5.4
19;2021-03-22;548;177;32535;13174;13.5;5.5
19;2021-03-23;1045;233;33580;13407;14.0;5.6
19;2021-03-24;1171;374;34751;13781;14.5;5.7
19;2021-03-25;1189;415;35940;14196;15.0;5.9
19;2021-03-26;1323;276;37263;14472;15.5;6.0
19;2021-03-27;854;188;38117;14660;15.9;6.1
19;2021-03-28;63;60;38180;14720;15.9;6.1
19;2021-03-29;612;177;38792;14897;16.1;6.2
19;2021-03-30;971;345;39763;15242;16.5;6.3
19;2021-03-31;1157;496;40920;15738;17.0;6.5
19;2021-04-01;1491;427;42411;16165;17.6;6.7
19;2021-04-02;1007;524;43418;16689;18.1;6.9
19;2021-04-03;597;283;44015;16972;18.3;7.1
19;2021-04-04;130;3;44145;16975;18.4;7.1
19;2021-04-05;40;75;44185;17050;18.4;7.1
19;2021-04-06;735;605;44920;17655;18.7;7.3
19;2021-04-07;978;732;45898;18387;19.1;7.7
19;2021-04-08;1116;1018;47014;19405;19.6;8.1
19;2021-04-09;1642;613;48656;20018;20.2;8.3
19;2021-04-10;946;557;49602;20575;20.6;8.6
19;2021-04-11;558;74;50160;20649;20.9;8.6
19;2021-04-12;681;522;50841;21171;21.2;8.8
19;2021-04-13;915;577;51756;21748;21.5;9.0
19;2021-04-14;1333;843;53089;22591;22.1;9.4
19;2021-04-15;1229;873;54318;23464;22.6;9.8
19;2021-04-16;1505;820;55823;24284;23.2;10.1
19;2021-04-17;762;478;56585;24762;23.5;10.3
19;2021-04-18;661;69;57246;24831;23.8;10.3
19;2021-04-19;730;440;57976;25271;24.1;10.5
19;2021-04-20;979;748;58955;26019;24.5;10.8
19;2021-04-21;1271;700;60226;26719;25.1;11.1
19;2021-04-22;1189;899;61415;27618;25.6;11.5
19;2021-04-23;1129;1019;62544;28637;26.0;11.9
19;2021-04-24;679;675;63223;29312;26.3;12.2
19;2021-04-25;675;69;63898;29381;26.6;12.2
19;2021-04-26;1056;331;64954;29712;27.0;12.4
19;2021-04-27;1028;569;65982;30281;27.5;12.6
19;2021-04-28;1553;556;67535;30837;28.1;12.8
19;2021-04-29;1453;1188;68988;32025;28.7;13.3
19;2021-04-30;1876;1061;70864;33086;29.5;13.8
19;2021-05-01;670;170;71534;33256;29.8;13.8
19;2021-05-02;550;152;72084;33408;30.0;13.9
19;2021-05-03;854;547;72938;33955;30.3;14.1
19;2021-05-04;1025;708;73963;34663;30.8;14.4
19;2021-05-05;1255;741;75218;35404;31.3;14.7
19;2021-05-06;1127;1198;76345;36602;31.8;15.2
19;2021-05-07;1664;1191;78009;37793;32.5;15.7
19;2021-05-08;712;207;78721;38000;32.8;15.8
19;2021-05-09;487;546;79208;38546;33.0;16.0
19;2021-05-10;1164;670;80372;39216;33.4;16.3
19;2021-05-11;1640;859;82012;40075;34.1;16.7
19;2021-05-12;1945;1318;83957;41393;34.9;17.2
19;2021-05-13;571;242;84528;41635;35.2;17.3
19;2021-05-14;1646;987;86174;42622;35.9;17.7
19;2021-05-15;1443;591;87617;43213;36.5;18.0
19;2021-05-16;350;82;87967;43295;36.6;18.0
19;2021-05-17;1498;560;89465;43855;37.2;18.2
19;2021-05-18;1670;497;91135;44352;37.9;18.5
19;2021-05-19;2009;832;93144;45184;38.8;18.8
19;2021-05-20;1722;889;94866;46073;39.5;19.2
19;2021-05-21;1963;815;96829;46888;40.3;19.5
19;2021-05-22;1272;652;98101;47540;40.8;19.8
19;2021-05-23;324;131;98425;47671;41.0;19.8
19;2021-05-24;139;46;98564;47717;41.0;19.9
19;2021-05-25;1502;492;100066;48209;41.6;20.1
19;2021-05-26;1926;666;101992;48875;42.4;20.3
19;2021-05-27;1786;835;103778;49710;43.2;20.7
19;2021-05-28;1937;991;105715;50701;44.0;21.1
19;2021-05-29;1375;705;107090;51406;44.6;21.4
19;2021-05-30;191;497;107281;51903;44.6;21.6
19;2021-05-31;1199;537;108480;52440;45.1;21.8
19;2021-06-01;1283;886;109763;53326;45.7;22.2
19;2021-06-02;1817;956;111580;54282;46.4;22.6
19;2021-06-03;1447;1252;113027;55534;47.0;23.1
19;2021-06-04;1848;1358;114875;56892;47.8;23.7
19;2021-06-05;1210;815;116085;57707;48.3;24.0
19;2021-06-06;87;648;116172;58355;48.3;24.3
19;2021-06-07;922;934;117094;59289;48.7;24.7
19;2021-06-08;1104;907;118198;60196;49.2;25.0
19;2021-06-09;1329;1463;119527;61659;49.7;25.7
19;2021-06-10;1284;1581;120811;63240;50.3;26.3
19;2021-06-11;1315;1917;122126;65157;50.8;27.1
19;2021-06-12;1357;1317;123483;66474;51.4;27.7
19;2021-06-13;543;424;124026;66898;51.6;27.8
19;2021-06-14;736;1016;124762;67914;51.9;28.3
19;2021-06-15;979;1143;125741;69057;52.3;28.7
19;2021-06-16;1223;1364;126964;70421;52.8;29.3
19;2021-06-17;869;1792;127833;72213;53.2;30.0
19;2021-06-18;1057;2136;128890;74349;53.6;30.9
19;2021-06-19;919;1302;129809;75651;54.0;31.5
19;2021-06-20;395;327;130204;75978;54.2;31.6
19;2021-06-21;500;1075;130704;77053;54.4;32.1
19;2021-06-22;698;1490;131402;78543;54.7;32.7
19;2021-06-23;744;1986;132146;80529;55.0;33.5
19;2021-06-24;687;1663;132833;82192;55.3;34.2
19;2021-06-25;562;2216;133395;84408;55.5;35.1
19;2021-06-26;472;1741;133867;86149;55.7;35.8
19;2021-06-27;289;445;134156;86594;55.8;36.0
19;2021-06-28;315;1500;134471;88094;56.0;36.7
19;2021-06-29;354;1894;134825;89988;56.1;37.4
19;2021-06-30;795;2152;135620;92140;56.4;38.3
19;2021-07-01;361;2321;135981;94461;56.6;39.3
19;2021-07-02;781;2317;136762;96778;56.9;40.3
19;2021-07-03;513;1741;137275;98519;57.1;41.0
19;2021-07-04;1;73;137276;98592;57.1;41.0
19;2021-07-05;600;1015;137876;99607;57.4;41.4
19;2021-07-06;506;1541;138382;101148;57.6;42.1
19;2021-07-07;705;2045;139087;103193;57.9;42.9
19;2021-07-08;770;2149;139857;105342;58.2;43.8
19;2021-07-09;716;2659;140573;108001;58.5;44.9
19;2021-07-10;587;1709;141160;109710;58.7;45.6
19;2021-07-11;45;212;141205;109922;58.8;45.7
19;2021-07-12;447;1489;141652;111411;58.9;46.4
19;2021-07-13;685;1829;142337;113240;59.2;47.1
19;2021-07-14;202;273;142539;113513;59.3;47.2
19;2021-07-15;871;2050;143410;115563;59.7;48.1
19;2021-07-16;1229;2445;144639;118008;60.2;49.1
19;2021-07-17;703;1718;145342;119726;60.5;49.8
19;2021-07-18;365;673;145707;120399;60.6;50.1
19;2021-07-19;969;1405;146676;121804;61.0;50.7
19;2021-07-20;967;1675;147643;123479;61.4;51.4
19;2021-07-21;1082;1713;148725;125192;61.9;52.1
19;2021-07-22;1390;1854;150115;127046;62.5;52.9
19;2021-07-23;1781;1993;151896;129039;63.2;53.7
19;2021-07-24;908;1752;152804;130791;63.6;54.4
19;2021-07-25;164;513;152968;131304;63.6;54.6
19;2021-07-26;911;910;153879;132214;64.0;55.0
19;2021-07-27;1421;1116;155300;133330;64.6;55.5
19;2021-07-28;2044;1225;157344;134555;65.5;56.0
19;2021-07-29;1623;1202;158967;135757;66.1;56.5
19;2021-07-30;1908;1023;160875;136780;66.9;56.9
19;2021-07-31;1128;1016;162003;137796;67.4;57.3
19;2021-08-01;347;373;162350;138169;67.6;57.5
19;2021-08-02;1147;808;163497;138977;68.0;57.8
19;2021-08-03;1450;1052;164947;140029;68.6;58.3
19;2021-08-04;1983;761;166930;140790;69.5;58.6
19;2021-08-05;1628;953;168558;141743;70.1;59.0
19;2021-08-06;1959;1216;170517;142959;70.9;59.5
19;2021-08-07;1329;998;171846;143957;71.5;59.9
19;2021-08-08;184;233;172030;144190;71.6;60.0
19;2021-08-09;1004;787;173034;144977;72.0;60.3
19;2021-08-10;1278;1010;174312;145987;72.5;60.7
19;2021-08-11;1345;1004;175657;146991;73.1;61.2
19;2021-08-12;1016;1278;176673;148269;73.5;61.7
19;2021-08-13;1168;1277;177841;149546;74.0;62.2
19;2021-08-14;975;1163;178816;150709;74.4;62.7
19;2021-08-15;30;54;178846;150763;74.4;62.7
19;2021-08-16;590;1027;179436;151790;74.7;63.2
19;2021-08-17;629;1166;180065;152956;74.9;63.6
19;2021-08-18;650;982;180715;153938;75.2;64.1
19;2021-08-19;436;1260;181151;155198;75.4;64.6
19;2021-08-20;860;1927;182011;157125;75.7;65.4
19;2021-08-21;489;1373;182500;158498;75.9;65.9
19;2021-08-22;52;93;182552;158591;76.0;66.0
19;2021-08-23;222;1157;182774;159748;76.0;66.5
19;2021-08-24;535;1318;183309;161066;76.3;67.0
19;2021-08-25;623;1550;183932;162616;76.5;67.7
19;2021-08-26;475;1461;184407;164077;76.7;68.3
19;2021-08-27;498;1688;184905;165765;76.9;69.0
19;2021-08-28;361;1278;185266;167043;77.1;69.5
19;2021-08-29;60;182;185326;167225;77.1;69.6
19;2021-08-30;226;1094;185552;168319;77.2;70.0
19;2021-08-31;322;1451;185874;169770;77.3;70.6
21;2020-12-27;4;0;4;0;0.0;0.0
21;2020-12-28;2;0;6;0;0.0;0.0
21;2020-12-29;19;0;25;0;0.0;0.0
21;2020-12-30;22;0;47;0;0.0;0.0
21;2020-12-31;0;0;47;0;0.0;0.0
21;2021-01-01;0;0;47;0;0.0;0.0
21;2021-01-02;1;0;48;0;0.0;0.0
21;2021-01-03;1;0;49;0;0.0;0.0
21;2021-01-04;22;0;71;0;0.0;0.0
21;2021-01-05;250;2;321;2;0.1;0.0
21;2021-01-06;300;0;621;2;0.1;0.0
21;2021-01-07;387;0;1008;2;0.2;0.0
21;2021-01-08;455;2;1463;4;0.3;0.0
21;2021-01-09;252;0;1715;4;0.3;0.0
21;2021-01-10;2;0;1717;4;0.3;0.0
21;2021-01-11;624;1;2341;5;0.4;0.0
21;2021-01-12;655;0;2996;5;0.6;0.0
21;2021-01-13;703;2;3699;7;0.7;0.0
21;2021-01-14;1190;6;4889;13;0.9;0.0
21;2021-01-15;717;5;5606;18;1.1;0.0
21;2021-01-16;162;0;5768;18;1.1;0.0
21;2021-01-17;5;0;5773;18;1.1;0.0
21;2021-01-18;1317;5;7090;23;1.3;0.0
21;2021-01-19;1370;2;8460;25;1.6;0.0
21;2021-01-20;1297;45;9757;70;1.8;0.0
21;2021-01-21;1540;3;11297;73;2.1;0.0
21;2021-01-22;1244;5;12541;78;2.4;0.0
21;2021-01-23;487;0;13028;78;2.4;0.0
21;2021-01-24;123;0;13151;78;2.5;0.0
21;2021-01-25;926;18;14077;96;2.6;0.0
21;2021-01-26;1542;144;15619;240;2.9;0.0
21;2021-01-27;2050;155;17669;395;3.3;0.1
21;2021-01-28;1453;226;19122;621;3.6;0.1
21;2021-01-29;1023;212;20145;833;3.8;0.2
21;2021-01-30;470;31;20615;864;3.9;0.2
21;2021-01-31;97;3;20712;867;3.9;0.2
21;2021-02-01;453;286;21165;1153;4.0;0.2
21;2021-02-02;456;440;21621;1593;4.1;0.3
21;2021-02-03;443;280;22064;1873;4.1;0.4
21;2021-02-04;417;544;22481;2417;4.2;0.5
21;2021-02-05;490;524;22971;2941;4.3;0.6
21;2021-02-06;154;222;23125;3163;4.3;0.6
21;2021-02-07;2;2;23127;3165;4.3;0.6
21;2021-02-08;433;388;23560;3553;4.4;0.7
21;2021-02-09;514;519;24074;4072;4.5;0.8
21;2021-02-10;461;581;24535;4653;4.6;0.9
21;2021-02-11;485;750;25020;5403;4.7;1.0
21;2021-02-12;357;935;25377;6338;4.8;1.2
21;2021-02-13;360;312;25737;6650;4.8;1.2
21;2021-02-14;240;149;25977;6799;4.9;1.3
21;2021-02-15;120;1388;26097;8187;4.9;1.5
21;2021-02-16;206;1548;26303;9735;4.9;1.8
21;2021-02-17;399;1978;26702;11713;5.0;2.2
21;2021-02-18;603;1346;27305;13059;5.1;2.5
21;2021-02-19;217;1126;27522;14185;5.2;2.7
21;2021-02-20;122;424;27644;14609;5.2;2.7
21;2021-02-21;1;83;27645;14692;5.2;2.8
21;2021-02-22;83;771;27728;15463;5.2;2.9
21;2021-02-23;169;1029;27897;16492;5.2;3.1
21;2021-02-24;225;741;28122;17233;5.3;3.2
21;2021-02-25;647;826;28769;18059;5.4;3.4
21;2021-02-26;926;714;29695;18773;5.6;3.5
21;2021-02-27;534;300;30229;19073;5.7;3.6
21;2021-02-28;24;135;30253;19208;5.7;3.6
21;2021-03-01;679;630;30932;19838;5.8;3.7
21;2021-03-02;1054;555;31986;20393;6.0;3.8
21;2021-03-03;1167;439;33153;20832;6.2;3.9
21;2021-03-04;1685;517;34838;21349;6.5;4.0
21;2021-03-05;2196;662;37034;22011;6.9;4.1
21;2021-03-06;1592;197;38626;22208;7.2;4.2
21;2021-03-07;4;16;38630;22224;7.2;4.2
21;2021-03-08;772;447;39402;22671;7.4;4.3
21;2021-03-09;1571;571;40973;23242;7.7;4.4
21;2021-03-10;1627;563;42600;23805;8.0;4.5
21;2021-03-11;2193;693;44793;24498;8.4;4.6
21;2021-03-12;2905;438;47698;24936;9.0;4.7
21;2021-03-13;1932;188;49630;25124;9.3;4.7
21;2021-03-14;38;49;49668;25173;9.3;4.7
21;2021-03-15;1414;86;51082;25259;9.6;4.7
21;2021-03-16;1884;152;52966;25411;9.9;4.8
21;2021-03-17;1809;114;54775;25525;10.3;4.8
21;2021-03-18;2127;265;56902;25790;10.7;4.8
21;2021-03-19;1963;146;58865;25936;11.0;4.9
21;2021-03-20;1228;38;60093;25974;11.3;4.9
21;2021-03-21;2;0;60095;25974;11.3;4.9
21;2021-03-22;1556;92;61651;26066;11.6;4.9
21;2021-03-23;2695;104;64346;26170;12.1;4.9
21;2021-03-24;2890;162;67236;26332;12.6;4.9
21;2021-03-25;3731;243;70967;26575;13.3;5.0
21;2021-03-26;3655;203;74622;26778;14.0;5.0
21;2021-03-27;1731;59;76353;26837;14.3;5.0
21;2021-03-28;200;37;76553;26874;14.4;5.0
21;2021-03-29;1789;518;78342;27392;14.7;5.1
21;2021-03-30;2347;802;80689;28194;15.1;5.3
21;2021-03-31;2718;653;83407;28847;15.7;5.4
21;2021-04-01;2692;721;86099;29568;16.2;5.5
21;2021-04-02;2247;741;88346;30309;16.6;5.7
21;2021-04-03;1018;279;89364;30588;16.8;5.7
21;2021-04-04;2;12;89366;30600;16.8;5.7
21;2021-04-05;9;0;89375;30600;16.8;5.7
21;2021-04-06;1360;1138;90735;31738;17.0;6.0
21;2021-04-07;1751;968;92486;32706;17.4;6.1
21;2021-04-08;3216;1140;95702;33846;18.0;6.4
21;2021-04-09;3480;1188;99182;35034;18.6;6.6
21;2021-04-10;1376;744;100558;35778;18.9;6.7
21;2021-04-11;145;3;100703;35781;18.9;6.7
21;2021-04-12;1118;1347;101821;37128;19.1;7.0
21;2021-04-13;1655;1784;103476;38912;19.4;7.3
21;2021-04-14;1483;1470;104959;40382;19.7;7.6
21;2021-04-15;1902;1593;106861;41975;20.1;7.9
21;2021-04-16;2322;1314;109183;43289;20.5;8.1
21;2021-04-17;1018;972;110201;44261;20.7;8.3
21;2021-04-18;15;4;110216;44265;20.7;8.3
21;2021-04-19;1110;1323;111326;45588;20.9;8.6
21;2021-04-20;1240;1834;112566;47422;21.1;8.9
21;2021-04-21;1095;1723;113661;49145;21.3;9.2
21;2021-04-22;1273;2214;114934;51359;21.6;9.6
21;2021-04-23;1983;1728;116917;53087;21.9;10.0
21;2021-04-24;1002;872;117919;53959;22.1;10.1
21;2021-04-25;9;168;117928;54127;22.1;10.2
21;2021-04-26;1013;1597;118941;55724;22.3;10.5
21;2021-04-27;1841;1941;120782;57665;22.7;10.8
21;2021-04-28;2231;2224;123013;59889;23.1;11.2
21;2021-04-29;3135;2266;126148;62155;23.7;11.7
21;2021-04-30;3560;1865;129708;64020;24.3;12.0
21;2021-05-01;962;227;130670;64247;24.5;12.1
21;2021-05-02;2;5;130672;64252;24.5;12.1
21;2021-05-03;2081;1350;132753;65602;24.9;12.3
21;2021-05-04;2576;1651;135329;67253;25.4;12.6
21;2021-05-05;2248;1691;137577;68944;25.8;12.9
21;2021-05-06;3015;2245;140592;71189;26.4;13.4
21;2021-05-07;2805;2181;143397;73370;26.9;13.8
21;2021-05-08;1068;271;144465;73641;27.1;13.8
21;2021-05-09;26;177;144491;73818;27.1;13.9
21;2021-05-10;3170;1732;147661;75550;27.7;14.2
21;2021-05-11;4921;2009;152582;77559;28.6;14.6
21;2021-05-12;4804;1749;157386;79308;29.5;14.9
21;2021-05-13;3846;368;161232;79676;30.3;15.0
21;2021-05-14;5202;1472;166434;81148;31.2;15.2
21;2021-05-15;3429;648;169863;81796;31.9;15.3
21;2021-05-16;49;4;169912;81800;31.9;15.4
21;2021-05-17;4129;1260;174041;83060;32.7;15.6
21;2021-05-18;4359;1505;178400;84565;33.5;15.9
21;2021-05-19;3471;1133;181871;85698;34.1;16.1
21;2021-05-20;3899;1358;185770;87056;34.9;16.3
21;2021-05-21;3624;2157;189394;89213;35.5;16.7
21;2021-05-22;1669;772;191063;89985;35.9;16.9
21;2021-05-23;4;17;191067;90002;35.9;16.9
21;2021-05-24;1816;266;192883;90268;36.2;16.9
21;2021-05-25;2648;1968;195531;92236;36.7;17.3
21;2021-05-26;2604;1998;198135;94234;37.2;17.7
21;2021-05-27;4014;2103;202149;96337;37.9;18.1
21;2021-05-28;3572;2829;205721;99166;38.6;18.6
21;2021-05-29;1930;1468;207651;100634;39.0;18.9
21;2021-05-30;98;13;207749;100647;39.0;18.9
21;2021-05-31;2503;1782;210252;102429;39.5;19.2
21;2021-06-01;3455;2257;213707;104686;40.1;19.6
21;2021-06-02;2619;1765;216326;106451;40.6;20.0
21;2021-06-03;3147;2079;219473;108530;41.2;20.4
21;2021-06-04;3284;2589;222757;111119;41.8;20.9
21;2021-06-05;2924;1654;225681;112773;42.4;21.2
21;2021-06-06;51;85;225732;112858;42.4;21.2
21;2021-06-07;4316;1351;230048;114209;43.2;21.4
21;2021-06-08;4941;2141;234989;116350;44.1;21.8
21;2021-06-09;4502;1627;239491;117977;44.9;22.1
21;2021-06-10;3934;2598;243425;120575;45.7;22.6
21;2021-06-11;4169;3112;247594;123687;46.5;23.2
21;2021-06-12;2198;1608;249792;125295;46.9;23.5
21;2021-06-13;29;11;249821;125306;46.9;23.5
21;2021-06-14;2197;2566;252018;127872;47.3;24.0
21;2021-06-15;2960;3093;254978;130965;47.8;24.6
21;2021-06-16;2854;2613;257832;133578;48.4;25.1
21;2021-06-17;3421;3042;261253;136620;49.0;25.6
21;2021-06-18;2427;3802;263680;140422;49.5;26.4
21;2021-06-19;2044;1863;265724;142285;49.9;26.7
21;2021-06-20;26;13;265750;142298;49.9;26.7
21;2021-06-21;1843;3412;267593;145710;50.2;27.3
21;2021-06-22;1883;5830;269476;151540;50.6;28.4
21;2021-06-23;2029;5015;271505;156555;50.9;29.4
21;2021-06-24;2366;4667;273871;161222;51.4;30.3
21;2021-06-25;1531;5899;275402;167121;51.7;31.4
21;2021-06-26;1441;3900;276843;171021;52.0;32.1
21;2021-06-27;18;125;276861;171146;52.0;32.1
21;2021-06-28;1398;4020;278259;175166;52.2;32.9
21;2021-06-29;1636;4181;279895;179347;52.5;33.7
21;2021-06-30;1569;3377;281464;182724;52.8;34.3
21;2021-07-01;1666;4151;283130;186875;53.1;35.1
21;2021-07-02;2178;4232;285308;191107;53.5;35.9
21;2021-07-03;1095;2101;286403;193208;53.7;36.3
21;2021-07-04;37;55;286440;193263;53.8;36.3
21;2021-07-05;1608;3628;288048;196891;54.1;36.9
21;2021-07-06;1347;3587;289395;200478;54.3;37.6
21;2021-07-07;1455;3241;290850;203719;54.6;38.2
21;2021-07-08;1878;4159;292728;207878;54.9;39.0
21;2021-07-09;2084;4352;294812;212230;55.3;39.8
21;2021-07-10;1089;2544;295901;214774;55.5;40.3
21;2021-07-11;21;74;295922;214848;55.5;40.3
21;2021-07-12;1658;3728;297580;218576;55.8;41.0
21;2021-07-13;2345;4897;299925;223473;56.3;41.9
21;2021-07-14;2873;2016;302798;225489;56.8;42.3
21;2021-07-15;3814;4559;306612;230048;57.5;43.2
21;2021-07-16;3888;5259;310500;235307;58.3;44.2
21;2021-07-17;2774;4172;313274;239479;58.8;44.9
21;2021-07-18;157;82;313431;239561;58.8;45.0
21;2021-07-19;2378;4628;315809;244189;59.3;45.8
21;2021-07-20;2758;5491;318567;249680;59.8;46.9
21;2021-07-21;2908;4790;321475;254470;60.3;47.8
21;2021-07-22;3019;4727;324494;259197;60.9;48.6
21;2021-07-23;4355;4894;328849;264091;61.7;49.6
21;2021-07-24;3037;3019;331886;267110;62.3;50.1
21;2021-07-25;68;40;331954;267150;62.3;50.1
21;2021-07-26;2663;3592;334617;270742;62.8;50.8
21;2021-07-27;3411;3780;338028;274522;63.4;51.5
21;2021-07-28;3571;3346;341599;277868;64.1;52.1
21;2021-07-29;4131;3369;345730;281237;64.9;52.8
21;2021-07-30;4604;3344;350334;284581;65.7;53.4
21;2021-07-31;3423;2372;353757;286953;66.4;53.8
21;2021-08-01;331;57;354088;287010;66.4;53.9
21;2021-08-02;2530;3161;356618;290171;66.9;54.5
21;2021-08-03;2612;2763;359230;292934;67.4;55.0
21;2021-08-04;2365;2485;361595;295419;67.9;55.4
21;2021-08-05;2211;3081;363806;298500;68.3;56.0
21;2021-08-06;2570;3301;366376;301801;68.8;56.6
21;2021-08-07;1896;2656;368272;304457;69.1;57.1
21;2021-08-08;74;68;368346;304525;69.1;57.1
21;2021-08-09;1641;2928;369987;307453;69.4;57.7
21;2021-08-10;1404;2713;371391;310166;69.7;58.2
21;2021-08-11;1649;2448;373040;312614;70.0;58.7
21;2021-08-12;1142;2422;374182;315036;70.2;59.1
21;2021-08-13;1489;2742;375671;317778;70.5;59.6
21;2021-08-14;838;2430;376509;320208;70.7;60.1
21;2021-08-15;51;64;376560;320272;70.7;60.1
21;2021-08-16;1387;2819;377947;323091;70.9;60.6
21;2021-08-17;1196;2775;379143;325866;71.1;61.2
21;2021-08-18;1017;2874;380160;328740;71.3;61.7
21;2021-08-19;949;3067;381109;331807;71.5;62.3
21;2021-08-20;1048;4186;382157;335993;71.7;63.1
21;2021-08-21;834;3140;382991;339133;71.9;63.6
21;2021-08-22;32;116;383023;339249;71.9;63.7
21;2021-08-23;904;3212;383927;342461;72.0;64.3
21;2021-08-24;963;2871;384890;345332;72.2;64.8
21;2021-08-25;859;2548;385749;347880;72.4;65.3
21;2021-08-26;706;2419;386455;350299;72.5;65.7
21;2021-08-27;1023;3381;387478;353680;72.7;66.4
21;2021-08-28;704;2750;388182;356430;72.8;66.9
21;2021-08-29;43;215;388225;356645;72.9;66.9
21;2021-08-30;771;2259;388996;358904;73.0;67.4
21;2021-08-31;930;2100;389926;361004;73.2;67.7
22;2020-12-27;0;0;0;0;0.0;0.0
22;2020-12-28;0;0;0;0;0.0;0.0
22;2020-12-29;0;0;0;0;0.0;0.0
22;2020-12-30;0;0;0;0;0.0;0.0
22;2020-12-31;0;0;0;0;0.0;0.0
22;2021-01-01;0;0;0;0;0.0;0.0
22;2021-01-02;2;0;2;0;0.0;0.0
22;2021-01-03;0;0;2;0;0.0;0.0
22;2021-01-04;5;0;7;0;0.0;0.0
22;2021-01-05;61;0;68;0;0.0;0.0
22;2021-01-06;114;1;182;1;0.0;0.0
22;2021-01-07;67;0;249;1;0.0;0.0
22;2021-01-08;174;0;423;1;0.1;0.0
22;2021-01-09;1;0;424;1;0.1;0.0
22;2021-01-10;0;0;424;1;0.1;0.0
22;2021-01-11;234;3;658;4;0.1;0.0
22;2021-01-12;627;0;1285;4;0.2;0.0
22;2021-01-13;676;1;1961;5;0.3;0.0
22;2021-01-14;716;8;2677;13;0.4;0.0
22;2021-01-15;529;2;3206;15;0.5;0.0
22;2021-01-16;96;0;3302;15;0.6;0.0
22;2021-01-17;1;0;3303;15;0.6;0.0
22;2021-01-18;311;1;3614;16;0.6;0.0
22;2021-01-19;687;1;4301;17;0.7;0.0
22;2021-01-20;598;0;4899;17;0.8;0.0
22;2021-01-21;947;1;5846;18;1.0;0.0
22;2021-01-22;839;2;6685;20;1.1;0.0
22;2021-01-23;219;0;6904;20;1.2;0.0
22;2021-01-24;1;0;6905;20;1.2;0.0
22;2021-01-25;748;10;7653;30;1.3;0.0
22;2021-01-26;1017;59;8670;89;1.5;0.0
22;2021-01-27;3859;111;12529;200;2.1;0.0
22;2021-01-28;4510;85;17039;285;2.9;0.0
22;2021-01-29;1898;127;18937;412;3.2;0.1
22;2021-01-30;287;0;19224;412;3.2;0.1
22;2021-01-31;3;0;19227;412;3.2;0.1
22;2021-02-01;641;81;19868;493;3.3;0.1
22;2021-02-02;903;436;20771;929;3.5;0.2
22;2021-02-03;690;500;21461;1429;3.6;0.2
22;2021-02-04;965;635;22426;2064;3.8;0.3
22;2021-02-05;721;562;23147;2626;3.9;0.4
22;2021-02-06;253;0;23400;2626;3.9;0.4
22;2021-02-07;0;0;23400;2626;3.9;0.4
22;2021-02-08;531;132;23931;2758;4.0;0.5
22;2021-02-09;614;343;24545;3101;4.1;0.5
22;2021-02-10;425;201;24970;3302;4.2;0.6
22;2021-02-11;1086;325;26056;3627;4.4;0.6
22;2021-02-12;594;328;26650;3955;4.5;0.7
22;2021-02-13;319;78;26969;4033;4.5;0.7
22;2021-02-14;0;4;26969;4037;4.5;0.7
22;2021-02-15;672;425;27641;4462;4.6;0.7
22;2021-02-16;1042;698;28683;5160;4.8;0.9
22;2021-02-17;1202;2457;29885;7617;5.0;1.3
22;2021-02-18;2142;3001;32027;10618;5.4;1.8
22;2021-02-19;1637;1944;33664;12562;5.6;2.1
22;2021-02-20;479;211;34143;12773;5.7;2.1
22;2021-02-21;6;49;34149;12822;5.7;2.2
22;2021-02-22;403;719;34552;13541;5.8;2.3
22;2021-02-23;665;926;35217;14467;5.9;2.4
22;2021-02-24;695;937;35912;15404;6.0;2.6
22;2021-02-25;1201;1199;37113;16603;6.2;2.8
22;2021-02-26;1066;707;38179;17310;6.4;2.9
22;2021-02-27;564;286;38743;17596;6.5;3.0
22;2021-02-28;16;8;38759;17604;6.5;3.0
22;2021-03-01;958;524;39717;18128;6.7;3.0
22;2021-03-02;1206;875;40923;19003;6.9;3.2
22;2021-03-03;1325;860;42248;19863;7.1;3.3
22;2021-03-04;1600;929;43848;20792;7.4;3.5
22;2021-03-05;2108;809;45956;21601;7.7;3.6
22;2021-03-06;1113;298;47069;21899;7.9;3.7
22;2021-03-07;219;1;47288;21900;7.9;3.7
22;2021-03-08;1291;659;48579;22559;8.1;3.8
22;2021-03-09;1824;755;50403;23314;8.5;3.9
22;2021-03-10;1987;1002;52390;24316;8.8;4.1
22;2021-03-11;2375;1655;54765;25971;9.2;4.4
22;2021-03-12;3102;961;57867;26932;9.7;4.5
22;2021-03-13;1720;294;59587;27226;10.0;4.6
22;2021-03-14;245;23;59832;27249;10.0;4.6
22;2021-03-15;1619;566;61451;27815;10.3;4.7
22;2021-03-16;1602;854;63053;28669;10.6;4.8
22;2021-03-17;2650;703;65703;29372;11.0;4.9
22;2021-03-18;2552;1109;68255;30481;11.4;5.1
22;2021-03-19;3282;799;71537;31280;12.0;5.2
22;2021-03-20;2208;286;73745;31566;12.4;5.3
22;2021-03-21;16;0;73761;31566;12.4;5.3
22;2021-03-22;2364;364;76125;31930;12.8;5.4
22;2021-03-23;3142;786;79267;32716;13.3;5.5
22;2021-03-24;3486;684;82753;33400;13.9;5.6
22;2021-03-25;3962;606;86715;34006;14.5;5.7
22;2021-03-26;4003;484;90718;34490;15.2;5.8
22;2021-03-27;2088;180;92806;34670;15.6;5.8
22;2021-03-28;67;1;92873;34671;15.6;5.8
22;2021-03-29;2766;911;95639;35582;16.0;6.0
22;2021-03-30;3568;1156;99207;36738;16.6;6.2
22;2021-03-31;3675;1086;102882;37824;17.3;6.3
22;2021-04-01;4943;1129;107825;38953;18.1;6.5
22;2021-04-02;4391;1038;112216;39991;18.8;6.7
22;2021-04-03;1997;403;114213;40394;19.2;6.8
22;2021-04-04;37;0;114250;40394;19.2;6.8
22;2021-04-05;15;0;114265;40394;19.2;6.8
22;2021-04-06;3291;1137;117556;41531;19.7;7.0
22;2021-04-07;3430;1367;120986;42898;20.3;7.2
22;2021-04-08;4448;1322;125434;44220;21.0;7.4
22;2021-04-09;5185;1358;130619;45578;21.9;7.6
22;2021-04-10;2445;365;133064;45943;22.3;7.7
22;2021-04-11;485;10;133549;45953;22.4;7.7
22;2021-04-12;2987;1003;136536;46956;22.9;7.9
22;2021-04-13;3321;1518;139857;48474;23.5;8.1
22;2021-04-14;3169;2488;143026;50962;24.0;8.5
22;2021-04-15;3600;2434;146626;53396;24.6;9.0
22;2021-04-16;3631;2488;150257;55884;25.2;9.4
22;2021-04-17;1918;1791;152175;57675;25.5;9.7
22;2021-04-18;17;0;152192;57675;25.5;9.7
22;2021-04-19;3021;2149;155213;59824;26.0;10.0
22;2021-04-20;3310;2796;158523;62620;26.6;10.5
22;2021-04-21;3223;2730;161746;65350;27.1;11.0
22;2021-04-22;3594;3133;165340;68483;27.7;11.5
22;2021-04-23;3729;3172;169069;71655;28.4;12.0
22;2021-04-24;2006;1962;171075;73617;28.7;12.3
22;2021-04-25;17;0;171092;73617;28.7;12.3
22;2021-04-26;3213;2852;174305;76469;29.2;12.8
22;2021-04-27;3373;3143;177678;79612;29.8;13.4
22;2021-04-28;3489;3153;181167;82765;30.4;13.9
22;2021-04-29;4081;3272;185248;86037;31.1;14.4
22;2021-04-30;3905;3226;189153;89263;31.7;15.0
22;2021-05-01;60;69;189213;89332;31.7;15.0
22;2021-05-02;1237;60;190450;89392;31.9;15.0
22;2021-05-03;2030;2710;192480;92102;32.3;15.4
22;2021-05-04;2154;2900;194634;95002;32.6;15.9
22;2021-05-05;2052;3006;196686;98008;33.0;16.4
22;2021-05-06;2509;3496;199195;101504;33.4;17.0
22;2021-05-07;2831;3407;202026;104911;33.9;17.6
22;2021-05-08;45;121;202071;105032;33.9;17.6
22;2021-05-09;600;436;202671;105468;34.0;17.7
22;2021-05-10;4475;2730;207146;108198;34.7;18.1
22;2021-05-11;5107;2904;212253;111102;35.6;18.6
22;2021-05-12;6598;1022;218851;112124;36.7;18.8
22;2021-05-13;528;35;219379;112159;36.8;18.8
22;2021-05-14;6408;1088;225787;113247;37.9;19.0
22;2021-05-15;3987;428;229774;113675;38.5;19.1
22;2021-05-16;419;36;230193;113711;38.6;19.1
22;2021-05-17;5669;520;235862;114231;39.6;19.2
22;2021-05-18;6010;948;241872;115179;40.6;19.3
22;2021-05-19;6130;708;248002;115887;41.6;19.4
22;2021-05-20;6586;1375;254588;117262;42.7;19.7
22;2021-05-21;5897;1459;260485;118721;43.7;19.9
22;2021-05-22;4092;773;264577;119494;44.4;20.0
22;2021-05-23;407;16;264984;119510;44.4;20.0
22;2021-05-24;5312;221;270296;119731;45.3;20.1
22;2021-05-25;5638;1179;275934;120910;46.3;20.3
22;2021-05-26;4221;2808;280155;123718;47.0;20.8
22;2021-05-27;4506;3841;284661;127559;47.7;21.4
22;2021-05-28;4384;4438;289045;131997;48.5;22.1
22;2021-05-29;3046;1770;292091;133767;49.0;22.4
22;2021-05-30;19;7;292110;133774;49.0;22.4
22;2021-05-31;3655;3154;295765;136928;49.6;23.0
22;2021-06-01;3523;3690;299288;140618;50.2;23.6
22;2021-06-02;3086;3385;302374;144003;50.7;24.2
22;2021-06-03;3197;4100;305571;148103;51.3;24.8
22;2021-06-04;3373;4545;308944;152648;51.8;25.6
22;2021-06-05;3544;2026;312488;154674;52.4;25.9
22;2021-06-06;214;30;312702;154704;52.5;25.9
22;2021-06-07;3044;3256;315746;157960;53.0;26.5
22;2021-06-08;2800;3531;318546;161491;53.4;27.1
22;2021-06-09;2543;3509;321089;165000;53.9;27.7
22;2021-06-10;2517;4252;323606;169252;54.3;28.4
22;2021-06-11;2552;4228;326158;173480;54.7;29.1
22;2021-06-12;2414;1455;328572;174935;55.1;29.3
22;2021-06-13;133;1093;328705;176028;55.1;29.5
22;2021-06-14;2643;2469;331348;178497;55.6;29.9
22;2021-06-15;3096;2996;334444;181493;56.1;30.4
22;2021-06-16;3007;2812;337451;184305;56.6;30.9
22;2021-06-17;2563;3180;340014;187485;57.0;31.4
22;2021-06-18;3099;4114;343113;191599;57.6;32.1
22;2021-06-19;2986;1455;346099;193054;58.1;32.4
22;2021-06-20;155;8;346254;193062;58.1;32.4
22;2021-06-21;1780;5021;348034;198083;58.4;33.2
22;2021-06-22;2404;5554;350438;203637;58.8;34.2
22;2021-06-23;1283;6204;351721;209841;59.0;35.2
22;2021-06-24;2577;3912;354298;213753;59.4;35.9
22;2021-06-25;1567;6814;355865;220567;59.7;37.0
22;2021-06-26;783;3855;356648;224422;59.8;37.6
22;2021-06-27;4;512;356652;224934;59.8;37.7
22;2021-06-28;1051;5585;357703;230519;60.0;38.7
22;2021-06-29;1375;5955;359078;236474;60.2;39.7
22;2021-06-30;1131;5738;360209;242212;60.4;40.6
22;2021-07-01;1380;6038;361589;248250;60.7;41.6
22;2021-07-02;1713;6093;363302;254343;60.9;42.7
22;2021-07-03;1007;3818;364309;258161;61.1;43.3
22;2021-07-04;149;364;364458;258525;61.1;43.4
22;2021-07-05;1595;5803;366053;264328;61.4;44.3
22;2021-07-06;2313;5996;368366;270324;61.8;45.3
22;2021-07-07;2291;4932;370657;275256;62.2;46.2
22;2021-07-08;2502;5097;373159;280353;62.6;47.0
22;2021-07-09;2497;5385;375656;285738;63.0;47.9
22;2021-07-10;1808;3356;377464;289094;63.3;48.5
22;2021-07-11;484;74;377948;289168;63.4;48.5
22;2021-07-12;2330;4734;380278;293902;63.8;49.3
22;2021-07-13;3782;5055;384060;298957;64.4;50.1
22;2021-07-14;699;2496;384759;301453;64.5;50.6
22;2021-07-15;3864;4623;388623;306076;65.2;51.3
22;2021-07-16;3834;5291;392457;311367;65.8;52.2
22;2021-07-17;2552;3410;395009;314777;66.3;52.8
22;2021-07-18;569;87;395578;314864;66.4;52.8
22;2021-07-19;2772;4107;398350;318971;66.8;53.5
22;2021-07-20;3918;4133;402268;323104;67.5;54.2
22;2021-07-21;3988;3408;406256;326512;68.1;54.8
22;2021-07-22;4852;3706;411108;330218;69.0;55.4
22;2021-07-23;4446;4219;415554;334437;69.7;56.1
22;2021-07-24;2258;2618;417812;337055;70.1;56.5
22;2021-07-25;118;150;417930;337205;70.1;56.6
22;2021-07-26;3021;3921;420951;341126;70.6;57.2
22;2021-07-27;3713;4916;424664;346042;71.2;58.0
22;2021-07-28;3691;3657;428355;349699;71.8;58.7
22;2021-07-29;4277;3778;432632;353477;72.6;59.3
22;2021-07-30;4025;3976;436657;357453;73.2;60.0
22;2021-07-31;2396;2800;439053;360253;73.6;60.4
22;2021-08-01;116;152;439169;360405;73.7;60.5
22;2021-08-02;4652;2544;443821;362949;74.4;60.9
22;2021-08-03;4769;3425;448590;366374;75.2;61.5
22;2021-08-04;5741;2495;454331;368869;76.2;61.9
22;2021-08-05;4102;3805;458433;372674;76.9;62.5
22;2021-08-06;3635;3815;462068;376489;77.5;63.1
22;2021-08-07;2337;2267;464405;378756;77.9;63.5
22;2021-08-08;421;71;464826;378827;78.0;63.5
22;2021-08-09;2702;2701;467528;381528;78.4;64.0
22;2021-08-10;2697;3507;470225;385035;78.9;64.6
22;2021-08-11;2384;3117;472609;388152;79.3;65.1
22;2021-08-12;2153;3480;474762;391632;79.6;65.7
22;2021-08-13;1865;2975;476627;394607;79.9;66.2
22;2021-08-14;1315;1912;477942;396519;80.2;66.5
22;2021-08-15;85;198;478027;396717;80.2;66.5
22;2021-08-16;1458;3179;479485;399896;80.4;67.1
22;2021-08-17;1730;3460;481215;403356;80.7;67.7
22;2021-08-18;1397;3306;482612;406662;80.9;68.2
22;2021-08-19;1300;3608;483912;410270;81.2;68.8
22;2021-08-20;1444;3596;485356;413866;81.4;69.4
22;2021-08-21;803;2256;486159;416122;81.5;69.8
22;2021-08-22;151;308;486310;416430;81.6;69.8
22;2021-08-23;1951;3610;488261;420040;81.9;70.5
22;2021-08-24;1420;3247;489681;423287;82.1;71.0
22;2021-08-25;838;2508;490519;425795;82.3;71.4
22;2021-08-26;1053;4293;491572;430088;82.5;72.1
22;2021-08-27;1310;4597;492882;434685;82.7;72.9
22;2021-08-28;729;2515;493611;437200;82.8;73.3
22;2021-08-29;35;26;493646;437226;82.8;73.3
22;2021-08-30;921;2963;494567;440189;83.0;73.8
22;2021-08-31;960;3794;495527;443983;83.1;74.5
23;2020-12-27;0;0;0;0;0.0;0.0
23;2020-12-28;1;0;1;0;0.0;0.0
23;2020-12-29;0;0;1;0;0.0;0.0
23;2020-12-30;0;0;1;0;0.0;0.0
23;2020-12-31;0;0;1;0;0.0;0.0
23;2021-01-01;0;0;1;0;0.0;0.0
23;2021-01-02;1;0;2;0;0.0;0.0
23;2021-01-03;0;0;2;0;0.0;0.0
23;2021-01-04;1;0;3;0;0.0;0.0
23;2021-01-05;3;0;6;0;0.0;0.0
23;2021-01-06;10;0;16;0;0.0;0.0
23;2021-01-07;116;1;132;1;0.1;0.0
23;2021-01-08;117;0;249;1;0.2;0.0
23;2021-01-09;36;0;285;1;0.2;0.0
23;2021-01-10;1;0;286;1;0.2;0.0
23;2021-01-11;176;1;462;2;0.4;0.0
23;2021-01-12;238;3;700;5;0.6;0.0
23;2021-01-13;308;0;1008;5;0.9;0.0
23;2021-01-14;292;4;1300;9;1.1;0.0
23;2021-01-15;334;5;1634;14;1.4;0.0
23;2021-01-16;163;1;1797;15;1.5;0.0
23;2021-01-17;0;0;1797;15;1.5;0.0
23;2021-01-18;342;3;2139;18;1.8;0.0
23;2021-01-19;497;2;2636;20;2.3;0.0
23;2021-01-20;362;1;2998;21;2.6;0.0
23;2021-01-21;698;1;3696;22;3.2;0.0
23;2021-01-22;479;0;4175;22;3.6;0.0
23;2021-01-23;368;1;4543;23;3.9;0.0
23;2021-01-24;0;0;4543;23;3.9;0.0
23;2021-01-25;382;17;4925;40;4.2;0.0
23;2021-01-26;301;5;5226;45;4.5;0.0
23;2021-01-27;228;3;5454;48;4.7;0.0
23;2021-01-28;232;44;5686;92;4.9;0.1
23;2021-01-29;303;102;5989;194;5.2;0.2
23;2021-01-30;100;28;6089;222;5.2;0.2
23;2021-01-31;2;33;6091;255;5.2;0.2
23;2021-02-01;148;102;6239;357;5.4;0.3
23;2021-02-02;157;122;6396;479;5.5;0.4
23;2021-02-03;105;207;6501;686;5.6;0.6
23;2021-02-04;78;263;6579;949;5.7;0.8
23;2021-02-05;117;310;6696;1259;5.8;1.1
23;2021-02-06;14;167;6710;1426;5.8;1.2
23;2021-02-07;1;0;6711;1426;5.8;1.2
23;2021-02-08;125;216;6836;1642;5.9;1.4
23;2021-02-09;86;295;6922;1937;6.0;1.7
23;2021-02-10;91;279;7013;2216;6.0;1.9
23;2021-02-11;244;587;7257;2803;6.2;2.4
23;2021-02-12;174;283;7431;3086;6.4;2.7
23;2021-02-13;8;190;7439;3276;6.4;2.8
23;2021-02-14;8;0;7447;3276;6.4;2.8
23;2021-02-15;157;366;7604;3642;6.5;3.1
23;2021-02-16;103;438;7707;4080;6.6;3.5
23;2021-02-17;65;485;7772;4565;6.7;3.9
23;2021-02-18;142;368;7914;4933;6.8;4.2
23;2021-02-19;109;253;8023;5186;6.9;4.5
23;2021-02-20;2;93;8025;5279;6.9;4.5
23;2021-02-21;0;0;8025;5279;6.9;4.5
23;2021-02-22;104;212;8129;5491;7.0;4.7
23;2021-02-23;109;217;8238;5708;7.1;4.9
23;2021-02-24;176;167;8414;5875;7.2;5.1
23;2021-02-25;183;109;8597;5984;7.4;5.1
23;2021-02-26;287;168;8884;6152;7.6;5.3
23;2021-02-27;112;11;8996;6163;7.7;5.3
23;2021-02-28;1;31;8997;6194;7.7;5.3
23;2021-03-01;88;201;9085;6395;7.8;5.5
23;2021-03-02;229;132;9314;6527;8.0;5.6
23;2021-03-03;133;90;9447;6617;8.1;5.7
23;2021-03-04;307;138;9754;6755;8.4;5.8
23;2021-03-05;517;111;10271;6866;8.8;5.9
23;2021-03-06;494;7;10765;6873;9.3;5.9
23;2021-03-07;313;3;11078;6876;9.5;5.9
23;2021-03-08;197;73;11275;6949;9.7;6.0
23;2021-03-09;421;102;11696;7051;10.1;6.1
23;2021-03-10;348;38;12044;7089;10.4;6.1
23;2021-03-11;324;47;12368;7136;10.6;6.1
23;2021-03-12;618;33;12986;7169;11.2;6.2
23;2021-03-13;287;12;13273;7181;11.4;6.2
23;2021-03-14;47;34;13320;7215;11.5;6.2
23;2021-03-15;220;125;13540;7340;11.6;6.3
23;2021-03-16;192;90;13732;7430;11.8;6.4
23;2021-03-17;131;101;13863;7531;11.9;6.5
23;2021-03-18;193;98;14056;7629;12.1;6.6
23;2021-03-19;205;121;14261;7750;12.3;6.7
23;2021-03-20;631;37;14892;7787;12.8;6.7
23;2021-03-21;128;0;15020;7787;12.9;6.7
23;2021-03-22;274;157;15294;7944;13.2;6.8
23;2021-03-23;504;106;15798;8050;13.6;6.9
23;2021-03-24;423;124;16221;8174;14.0;7.0
23;2021-03-25;819;188;17040;8362;14.7;7.2
23;2021-03-26;735;195;17775;8557;15.3;7.4
23;2021-03-27;505;50;18280;8607;15.7;7.4
23;2021-03-28;3;9;18283;8616;15.7;7.4
23;2021-03-29;358;111;18641;8727;16.0;7.5
23;2021-03-30;537;178;19178;8905;16.5;7.7
23;2021-03-31;411;175;19589;9080;16.8;7.8
23;2021-04-01;600;172;20189;9252;17.4;8.0
23;2021-04-02;498;298;20687;9550;17.8;8.2
23;2021-04-03;715;44;21402;9594;18.4;8.3
23;2021-04-04;4;0;21406;9594;18.4;8.3
23;2021-04-05;2;3;21408;9597;18.4;8.3
23;2021-04-06;382;293;21790;9890;18.7;8.5
23;2021-04-07;707;310;22497;10200;19.3;8.8
23;2021-04-08;803;236;23300;10436;20.0;9.0
23;2021-04-09;939;367;24239;10803;20.8;9.3
23;2021-04-10;1097;111;25336;10914;21.8;9.4
23;2021-04-11;21;2;25357;10916;21.8;9.4
23;2021-04-12;692;235;26049;11151;22.4;9.6
23;2021-04-13;669;302;26718;11453;23.0;9.9
23;2021-04-14;586;178;27304;11631;23.5;10.0
23;2021-04-15;930;184;28234;11815;24.3;10.2
23;2021-04-16;902;212;29136;12027;25.1;10.3
23;2021-04-17;995;553;30131;12580;25.9;10.8
23;2021-04-18;3;136;30134;12716;25.9;10.9
23;2021-04-19;613;297;30747;13013;26.4;11.2
23;2021-04-20;721;291;31468;13304;27.1;11.4
23;2021-04-21;733;397;32201;13701;27.7;11.8
23;2021-04-22;657;474;32858;14175;28.3;12.2
23;2021-04-23;596;345;33454;14520;28.8;12.5
23;2021-04-24;855;448;34309;14968;29.5;12.9
23;2021-04-25;0;0;34309;14968;29.5;12.9
23;2021-04-26;615;252;34924;15220;30.0;13.1
23;2021-04-27;675;427;35599;15647;30.6;13.5
23;2021-04-28;628;277;36227;15924;31.2;13.7
23;2021-04-29;883;379;37110;16303;31.9;14.0
23;2021-04-30;719;787;37829;17090;32.5;14.7
23;2021-05-01;1229;41;39058;17131;33.6;14.7
23;2021-05-02;14;0;39072;17131;33.6;14.7
23;2021-05-03;431;520;39503;17651;34.0;15.2
23;2021-05-04;617;512;40120;18163;34.5;15.6
23;2021-05-05;538;711;40658;18874;35.0;16.2
23;2021-05-06;728;701;41386;19575;35.6;16.8
23;2021-05-07;684;644;42070;20219;36.2;17.4
23;2021-05-08;1409;588;43479;20807;37.4;17.9
23;2021-05-09;3;0;43482;20807;37.4;17.9
23;2021-05-10;555;656;44037;21463;37.9;18.5
23;2021-05-11;561;765;44598;22228;38.4;19.1
23;2021-05-12;720;662;45318;22890;39.0;19.7
23;2021-05-13;537;56;45855;22946;39.4;19.7
23;2021-05-14;788;459;46643;23405;40.1;20.1
23;2021-05-15;995;235;47638;23640;41.0;20.3
23;2021-05-16;0;0;47638;23640;41.0;20.3
23;2021-05-17;568;448;48206;24088;41.5;20.7
23;2021-05-18;777;292;48983;24380;42.1;21.0
23;2021-05-19;1050;258;50033;24638;43.0;21.2
23;2021-05-20;837;315;50870;24953;43.8;21.5
23;2021-05-21;1108;311;51978;25264;44.7;21.7
23;2021-05-22;740;125;52718;25389;45.3;21.8
23;2021-05-23;3;20;52721;25409;45.3;21.9
23;2021-05-24;363;166;53084;25575;45.7;22.0
23;2021-05-25;908;336;53992;25911;46.4;22.3
23;2021-05-26;1077;227;55069;26138;47.4;22.5
23;2021-05-27;932;435;56001;26573;48.2;22.9
23;2021-05-28;781;743;56782;27316;48.8;23.5
23;2021-05-29;638;1100;57420;28416;49.4;24.4
23;2021-05-30;6;63;57426;28479;49.4;24.5
23;2021-05-31;433;541;57859;29020;49.8;25.0
23;2021-06-01;583;828;58442;29848;50.3;25.7
23;2021-06-02;625;521;59067;30369;50.8;26.1
23;2021-06-03;708;551;59775;30920;51.4;26.6
23;2021-06-04;779;614;60554;31534;52.1;27.1
23;2021-06-05;545;777;61099;32311;52.5;27.8
23;2021-06-06;0;0;61099;32311;52.5;27.8
23;2021-06-07;393;697;61492;33008;52.9;28.4
23;2021-06-08;322;776;61814;33784;53.2;29.1
23;2021-06-09;287;649;62101;34433;53.4;29.6
23;2021-06-10;373;693;62474;35126;53.7;30.2
23;2021-06-11;383;808;62857;35934;54.1;30.9
23;2021-06-12;377;1265;63234;37199;54.4;32.0
23;2021-06-13;13;5;63247;37204;54.4;32.0
23;2021-06-14;235;591;63482;37795;54.6;32.5
23;2021-06-15;231;861;63713;38656;54.8;33.2
23;2021-06-16;362;581;64075;39237;55.1;33.7
23;2021-06-17;339;810;64414;40047;55.4;34.4
23;2021-06-18;356;767;64770;40814;55.7;35.1
23;2021-06-19;492;1523;65262;42337;56.1;36.4
23;2021-06-20;2;11;65264;42348;56.1;36.4
23;2021-06-21;205;620;65469;42968;56.3;37.0
23;2021-06-22;216;687;65685;43655;56.5;37.5
23;2021-06-23;221;750;65906;44405;56.7;38.2
23;2021-06-24;200;606;66106;45011;56.9;38.7
23;2021-06-25;303;816;66409;45827;57.1;39.4
23;2021-06-26;221;999;66630;46826;57.3;40.3
23;2021-06-27;3;0;66633;46826;57.3;40.3
23;2021-06-28;115;693;66748;47519;57.4;40.9
23;2021-06-29;189;823;66937;48342;57.6;41.6
23;2021-06-30;169;944;67106;49286;57.7;42.4
23;2021-07-01;168;870;67274;50156;57.9;43.1
23;2021-07-02;192;1069;67466;51225;58.0;44.1
23;2021-07-03;250;979;67716;52204;58.2;44.9
23;2021-07-04;1;0;67717;52204;58.2;44.9
23;2021-07-05;160;805;67877;53009;58.4;45.6
23;2021-07-06;214;1043;68091;54052;58.6;46.5
23;2021-07-07;210;852;68301;54904;58.7;47.2
23;2021-07-08;254;739;68555;55643;59.0;47.9
23;2021-07-09;274;1012;68829;56655;59.2;48.7
23;2021-07-10;234;644;69063;57299;59.4;49.3
23;2021-07-11;0;0;69063;57299;59.4;49.3
23;2021-07-12;232;702;69295;58001;59.6;49.9
23;2021-07-13;471;917;69766;58918;60.0;50.7
23;2021-07-14;212;320;69978;59238;60.2;50.9
23;2021-07-15;480;811;70458;60049;60.6;51.6
23;2021-07-16;765;569;71223;60618;61.3;52.1
23;2021-07-17;220;478;71443;61096;61.4;52.5
23;2021-07-18;0;1;71443;61097;61.4;52.5
23;2021-07-19;704;630;72147;61727;62.1;53.1
23;2021-07-20;633;568;72780;62295;62.6;53.6
23;2021-07-21;702;635;73482;62930;63.2;54.1
23;2021-07-22;944;437;74426;63367;64.0;54.5
23;2021-07-23;842;507;75268;63874;64.7;54.9
23;2021-07-24;1011;439;76279;64313;65.6;55.3
23;2021-07-25;13;16;76292;64329;65.6;55.3
23;2021-07-26;787;567;77079;64896;66.3;55.8
23;2021-07-27;929;436;78008;65332;67.1;56.2
23;2021-07-28;878;413;78886;65745;67.8;56.5
23;2021-07-29;1050;400;79936;66145;68.8;56.9
23;2021-07-30;947;522;80883;66667;69.6;57.3
23;2021-07-31;1166;306;82049;66973;70.6;57.6
23;2021-08-01;18;8;82067;66981;70.6;57.6
23;2021-08-02;673;506;82740;67487;71.2;58.0
23;2021-08-03;765;459;83505;67946;71.8;58.4
23;2021-08-04;613;297;84118;68243;72.3;58.7
23;2021-08-05;692;365;84810;68608;72.9;59.0
23;2021-08-06;421;484;85231;69092;73.3;59.4
23;2021-08-07;299;189;85530;69281;73.6;59.6
23;2021-08-08;146;38;85676;69319;73.7;59.6
23;2021-08-09;492;493;86168;69812;74.1;60.0
23;2021-08-10;461;611;86629;70423;74.5;60.6
23;2021-08-11;426;489;87055;70912;74.9;61.0
23;2021-08-12;510;568;87565;71480;75.3;61.5
23;2021-08-13;416;578;87981;72058;75.7;62.0
23;2021-08-14;286;390;88267;72448;75.9;62.3
23;2021-08-15;27;9;88294;72457;75.9;62.3
23;2021-08-16;278;713;88572;73170;76.2;62.9
23;2021-08-17;276;730;88848;73900;76.4;63.6
23;2021-08-18;178;635;89026;74535;76.6;64.1
23;2021-08-19;257;727;89283;75262;76.8;64.7
23;2021-08-20;213;683;89496;75945;77.0;65.3
23;2021-08-21;138;499;89634;76444;77.1;65.7
23;2021-08-22;54;48;89688;76492;77.1;65.8
23;2021-08-23;149;819;89837;77311;77.3;66.5
23;2021-08-24;262;912;90099;78223;77.5;67.3
23;2021-08-25;186;792;90285;79015;77.7;68.0
23;2021-08-26;215;744;90500;79759;77.8;68.6
23;2021-08-27;213;641;90713;80400;78.0;69.1
23;2021-08-28;218;453;90931;80853;78.2;69.5
23;2021-08-29;15;88;90946;80941;78.2;69.6
23;2021-08-30;187;665;91133;81606;78.4;70.2
23;2021-08-31;228;671;91361;82277;78.6;70.8
24;2020-12-27;0;0;0;0;0.0;0.0
24;2020-12-28;1;0;1;0;0.0;0.0
24;2020-12-29;2;0;3;0;0.0;0.0
24;2020-12-30;1;0;4;0;0.0;0.0
24;2020-12-31;1;0;5;0;0.0;0.0
24;2021-01-01;0;0;5;0;0.0;0.0
24;2021-01-02;0;0;5;0;0.0;0.0
24;2021-01-03;0;0;5;0;0.0;0.0
24;2021-01-04;1;0;6;0;0.0;0.0
24;2021-01-05;1;0;7;0;0.0;0.0
24;2021-01-06;0;0;7;0;0.0;0.0
24;2021-01-07;190;0;197;0;0.0;0.0
24;2021-01-08;282;0;479;0;0.1;0.0
24;2021-01-09;185;13;664;13;0.2;0.0
24;2021-01-10;35;0;699;13;0.2;0.0
24;2021-01-11;269;0;968;13;0.2;0.0
24;2021-01-12;280;0;1248;13;0.3;0.0
24;2021-01-13;233;1;1481;14;0.4;0.0
24;2021-01-14;1013;23;2494;37;0.6;0.0
24;2021-01-15;605;6;3099;43;0.8;0.0
24;2021-01-16;87;0;3186;43;0.8;0.0
24;2021-01-17;2;1;3188;44;0.8;0.0
24;2021-01-18;300;0;3488;44;0.9;0.0
24;2021-01-19;467;1;3955;45;1.0;0.0
24;2021-01-20;553;0;4508;45;1.1;0.0
24;2021-01-21;645;6;5153;51;1.3;0.0
24;2021-01-22;514;1;5667;52;1.4;0.0
24;2021-01-23;152;1;5819;53;1.4;0.0
24;2021-01-24;3;0;5822;53;1.4;0.0
24;2021-01-25;442;0;6264;53;1.5;0.0
24;2021-01-26;637;66;6901;119;1.7;0.0
24;2021-01-27;1266;12;8167;131;2.0;0.0
24;2021-01-28;983;129;9150;260;2.2;0.1
24;2021-01-29;932;139;10082;399;2.5;0.1
24;2021-01-30;282;1;10364;400;2.5;0.1
24;2021-01-31;0;0;10364;400;2.5;0.1
24;2021-02-01;377;169;10741;569;2.6;0.1
24;2021-02-02;616;303;11357;872;2.8;0.2
24;2021-02-03;653;488;12010;1360;2.9;0.3
24;2021-02-04;978;391;12988;1751;3.2;0.4
24;2021-02-05;690;410;13678;2161;3.3;0.5
24;2021-02-06;141;35;13819;2196;3.4;0.5
24;2021-02-07;33;1;13852;2197;3.4;0.5
24;2021-02-08;309;237;14161;2434;3.5;0.6
24;2021-02-09;454;230;14615;2664;3.6;0.7
24;2021-02-10;376;109;14991;2773;3.7;0.7
24;2021-02-11;561;513;15552;3286;3.8;0.8
24;2021-02-12;495;391;16047;3677;3.9;0.9
24;2021-02-13;202;45;16249;3722;4.0;0.9
24;2021-02-14;89;0;16338;3722;4.0;0.9
24;2021-02-15;187;240;16525;3962;4.0;1.0
24;2021-02-16;335;519;16860;4481;4.1;1.1
24;2021-02-17;584;845;17444;5326;4.3;1.3
24;2021-02-18;443;728;17887;6054;4.4;1.5
24;2021-02-19;462;679;18349;6733;4.5;1.6
24;2021-02-20;163;140;18512;6873;4.5;1.7
24;2021-02-21;109;0;18621;6873;4.6;1.7
24;2021-02-22;426;527;19047;7400;4.7;1.8
24;2021-02-23;562;678;19609;8078;4.8;2.0
24;2021-02-24;538;826;20147;8904;4.9;2.2
24;2021-02-25;728;863;20875;9767;5.1;2.4
24;2021-02-26;977;969;21852;10736;5.4;2.6
24;2021-02-27;363;265;22215;11001;5.4;2.7
24;2021-02-28;25;4;22240;11005;5.4;2.7
24;2021-03-01;292;368;22532;11373;5.5;2.8
24;2021-03-02;539;414;23071;11787;5.6;2.9
24;2021-03-03;681;342;23752;12129;5.8;3.0
24;2021-03-04;915;506;24667;12635;6.0;3.1
24;2021-03-05;1065;566;25732;13201;6.3;3.2
24;2021-03-06;1126;142;26858;13343;6.6;3.3
24;2021-03-07;232;63;27090;13406;6.6;3.3
24;2021-03-08;531;256;27621;13662;6.8;3.3
24;2021-03-09;1173;442;28794;14104;7.1;3.5
24;2021-03-10;1142;453;29936;14557;7.3;3.6
24;2021-03-11;1604;464;31540;15021;7.7;3.7
24;2021-03-12;2052;444;33592;15465;8.2;3.8
24;2021-03-13;1347;201;34939;15666;8.6;3.8
24;2021-03-14;141;93;35080;15759;8.6;3.9
24;2021-03-15;953;171;36033;15930;8.8;3.9
24;2021-03-16;1144;232;37177;16162;9.1;4.0
24;2021-03-17;1216;287;38393;16449;9.4;4.0
24;2021-03-18;1055;557;39448;17006;9.7;4.2
24;2021-03-19;1252;541;40700;17547;10.0;4.3
24;2021-03-20;1055;150;41755;17697;10.2;4.3
24;2021-03-21;25;11;41780;17708;10.2;4.3
24;2021-03-22;1224;422;43004;18130;10.5;4.4
24;2021-03-23;1881;400;44885;18530;11.0;4.5
24;2021-03-24;1889;386;46774;18916;11.5;4.6
24;2021-03-25;1991;472;48765;19388;11.9;4.7
24;2021-03-26;2374;285;51139;19673;12.5;4.8
24;2021-03-27;1350;41;52489;19714;12.9;4.8
24;2021-03-28;63;9;52552;19723;12.9;4.8
24;2021-03-29;1673;327;54225;20050;13.3;4.9
24;2021-03-30;2408;398;56633;20448;13.9;5.0
24;2021-03-31;2182;311;58815;20759;14.4;5.1
24;2021-04-01;2195;311;61010;21070;14.9;5.2
24;2021-04-02;2071;396;63081;21466;15.4;5.3
24;2021-04-03;1376;122;64457;21588;15.8;5.3
24;2021-04-04;74;1;64531;21589;15.8;5.3
24;2021-04-05;947;59;65478;21648;16.0;5.3
24;2021-04-06;2353;702;67831;22350;16.6;5.5
24;2021-04-07;2717;693;70548;23043;17.3;5.6
24;2021-04-08;3007;964;73555;24007;18.0;5.9
24;2021-04-09;3488;1008;77043;25015;18.9;6.1
24;2021-04-10;2594;314;79637;25329;19.5;6.2
24;2021-04-11;1102;20;80739;25349;19.8;6.2
24;2021-04-12;2498;816;83237;26165;20.4;6.4
24;2021-04-13;2902;1203;86139;27368;21.1;6.7
24;2021-04-14;2939;1195;89078;28563;21.8;7.0
24;2021-04-15;2792;1102;91870;29665;22.5;7.3
24;2021-04-16;3266;974;95136;30639;23.3;7.5
24;2021-04-17;2272;501;97408;31140;23.9;7.6
24;2021-04-18;424;6;97832;31146;24.0;7.6
24;2021-04-19;1599;1014;99431;32160;24.3;7.9
24;2021-04-20;2268;1432;101699;33592;24.9;8.2
24;2021-04-21;2146;1442;103845;35034;25.4;8.6
24;2021-04-22;2062;1258;105907;36292;25.9;8.9
24;2021-04-23;1955;1333;107862;37625;26.4;9.2
24;2021-04-24;863;724;108725;38349;26.6;9.4
24;2021-04-25;54;4;108779;38353;26.6;9.4
24;2021-04-26;1296;1480;110075;39833;27.0;9.8
24;2021-04-27;1852;1880;111927;41713;27.4;10.2
24;2021-04-28;1506;1955;113433;43668;27.8;10.7
24;2021-04-29;1729;1892;115162;45560;28.2;11.2
24;2021-04-30;2271;1777;117433;47337;28.8;11.6
24;2021-05-01;2057;1067;119490;48404;29.3;11.9
24;2021-05-02;1924;215;121414;48619;29.7;11.9
24;2021-05-03;1474;1835;122888;50454;30.1;12.4
24;2021-05-04;2227;2305;125115;52759;30.6;12.9
24;2021-05-05;1890;2721;127005;55480;31.1;13.6
24;2021-05-06;1889;2797;128894;58277;31.6;14.3
24;2021-05-07;2265;2790;131159;61067;32.1;15.0
24;2021-05-08;1286;1152;132445;62219;32.4;15.2
24;2021-05-09;1169;902;133614;63121;32.7;15.5
24;2021-05-10;1095;2629;134709;65750;33.0;16.1
24;2021-05-11;2040;2795;136749;68545;33.5;16.8
24;2021-05-12;1924;2257;138673;70802;34.0;17.3
24;2021-05-13;1465;1216;140138;72018;34.3;17.6
24;2021-05-14;2378;1332;142516;73350;34.9;18.0
24;2021-05-15;2047;817;144563;74167;35.4;18.2
24;2021-05-16;1171;347;145734;74514;35.7;18.2
24;2021-05-17;2242;1255;147976;75769;36.2;18.6
24;2021-05-18;2484;1821;150460;77590;36.8;19.0
24;2021-05-19;2284;1378;152744;78968;37.4;19.3
24;2021-05-20;2374;1576;155118;80544;38.0;19.7
24;2021-05-21;2433;1416;157551;81960;38.6;20.1
24;2021-05-22;1719;409;159270;82369;39.0;20.2
24;2021-05-23;952;72;160222;82441;39.2;20.2
24;2021-05-24;1516;334;161738;82775;39.6;20.3
24;2021-05-25;2297;1386;164035;84161;40.2;20.6
24;2021-05-26;2149;1320;166184;85481;40.7;20.9
24;2021-05-27;1748;2195;167932;87676;41.1;21.5
24;2021-05-28;2145;2006;170077;89682;41.6;22.0
24;2021-05-29;1153;2089;171230;91771;41.9;22.5
24;2021-05-30;1418;171;172648;91942;42.3;22.5
24;2021-05-31;1743;1365;174391;93307;42.7;22.8
24;2021-06-01;2583;1979;176974;95286;43.3;23.3
24;2021-06-02;2653;1786;179627;97072;44.0;23.8
24;2021-06-03;2290;1465;181917;98537;44.5;24.1
24;2021-06-04;2381;1900;184298;100437;45.1;24.6
24;2021-06-05;2007;1418;186305;101855;45.6;24.9
24;2021-06-06;767;223;187072;102078;45.8;25.0
24;2021-06-07;1432;1497;188504;103575;46.2;25.4
24;2021-06-08;1678;1907;190182;105482;46.6;25.8
24;2021-06-09;1323;1599;191505;107081;46.9;26.2
24;2021-06-10;1576;1911;193081;108992;47.3;26.7
24;2021-06-11;1335;2080;194416;111072;47.6;27.2
24;2021-06-12;1122;2545;195538;113617;47.9;27.8
24;2021-06-13;1238;921;196776;114538;48.2;28.0
24;2021-06-14;1165;1858;197941;116396;48.5;28.5
24;2021-06-15;1486;2991;199427;119387;48.8;29.2
24;2021-06-16;1670;2733;201097;122120;49.2;29.9
24;2021-06-17;1544;2179;202641;124299;49.6;30.4
24;2021-06-18;1400;2863;204041;127162;50.0;31.1
24;2021-06-19;1275;1523;205316;128685;50.3;31.5
24;2021-06-20;514;501;205830;129186;50.4;31.6
24;2021-06-21;932;1836;206762;131022;50.6;32.1
24;2021-06-22;1453;2593;208215;133615;51.0;32.7
24;2021-06-23;1427;2421;209642;136036;51.3;33.3
24;2021-06-24;1138;1916;210780;137952;51.6;33.8
24;2021-06-25;968;2818;211748;140770;51.8;34.5
24;2021-06-26;866;2106;212614;142876;52.1;35.0
24;2021-06-27;402;979;213016;143855;52.2;35.2
24;2021-06-28;818;2483;213834;146338;52.4;35.8
24;2021-06-29;940;2869;214774;149207;52.6;36.5
24;2021-06-30;1113;2459;215887;151666;52.9;37.1
24;2021-07-01;1132;2301;217019;153967;53.1;37.7
24;2021-07-02;1097;2743;218116;156710;53.4;38.4
24;2021-07-03;811;1903;218927;158613;53.6;38.8
24;2021-07-04;410;1014;219337;159627;53.7;39.1
24;2021-07-05;795;2316;220132;161943;53.9;39.7
24;2021-07-06;880;3355;221012;165298;54.1;40.5
24;2021-07-07;1084;3042;222096;168340;54.4;41.2
24;2021-07-08;1342;2123;223438;170463;54.7;41.7
24;2021-07-09;1178;3219;224616;173682;55.0;42.5
24;2021-07-10;480;1963;225096;175645;55.1;43.0
24;2021-07-11;587;1189;225683;176834;55.3;43.3
24;2021-07-12;906;2519;226589;179353;55.5;43.9
24;2021-07-13;1324;3215;227913;182568;55.8;44.7
24;2021-07-14;617;1188;228530;183756;56.0;45.0
24;2021-07-15;1697;2776;230227;186532;56.4;45.7
24;2021-07-16;2149;2597;232376;189129;56.9;46.3
24;2021-07-17;1527;2237;233903;191366;57.3;46.9
24;2021-07-18;709;886;234612;192252;57.4;47.1
24;2021-07-19;1578;2188;236190;194440;57.8;47.6
24;2021-07-20;2020;2438;238210;196878;58.3;48.2
24;2021-07-21;1876;2328;240086;199206;58.8;48.8
24;2021-07-22;2348;2442;242434;201648;59.4;49.4
24;2021-07-23;2303;2621;244737;204269;59.9;50.0
24;2021-07-24;1808;1546;246545;205815;60.4;50.4
24;2021-07-25;816;874;247361;206689;60.6;50.6
24;2021-07-26;1573;2015;248934;208704;61.0;51.1
24;2021-07-27;2849;2292;251783;210996;61.7;51.7
24;2021-07-28;2762;1940;254545;212936;62.3;52.1
24;2021-07-29;3067;2235;257612;215171;63.1;52.7
24;2021-07-30;2466;1921;260078;217092;63.7;53.2
24;2021-07-31;1651;1562;261729;218654;64.1;53.5
24;2021-08-01;1116;655;262845;219309;64.4;53.7
24;2021-08-02;1943;1619;264788;220928;64.8;54.1
24;2021-08-03;2887;1909;267675;222837;65.5;54.6
24;2021-08-04;3078;1627;270753;224464;66.3;55.0
24;2021-08-05;3041;1436;273794;225900;67.0;55.3
24;2021-08-06;2532;1535;276326;227435;67.7;55.7
24;2021-08-07;1788;1118;278114;228553;68.1;56.0
24;2021-08-08;1103;682;279217;229235;68.4;56.1
24;2021-08-09;1728;1386;280945;230621;68.8;56.5
24;2021-08-10;2264;1781;283209;232402;69.3;56.9
24;2021-08-11;2265;1696;285474;234098;69.9;57.3
24;2021-08-12;1906;1960;287380;236058;70.4;57.8
24;2021-08-13;1529;1625;288909;237683;70.7;58.2
24;2021-08-14;1165;1243;290074;238926;71.0;58.5
24;2021-08-15;739;579;290813;239505;71.2;58.6
24;2021-08-16;1113;1705;291926;241210;71.5;59.1
24;2021-08-17;1625;2106;293551;243316;71.9;59.6
24;2021-08-18;1558;1920;295109;245236;72.3;60.0
24;2021-08-19;1113;2634;296222;247870;72.5;60.7
24;2021-08-20;1095;2427;297317;250297;72.8;61.3
24;2021-08-21;872;1629;298189;251926;73.0;61.7
24;2021-08-22;349;1100;298538;253026;73.1;62.0
24;2021-08-23;665;2036;299203;255062;73.3;62.5
24;2021-08-24;804;2389;300007;257451;73.5;63.0
24;2021-08-25;808;2317;300815;259768;73.7;63.6
24;2021-08-26;741;2839;301556;262607;73.8;64.3
24;2021-08-27;798;2758;302354;265365;74.0;65.0
24;2021-08-28;513;1909;302867;267274;74.2;65.4
24;2021-08-29;170;1029;303037;268303;74.2;65.7
24;2021-08-30;367;1966;303404;270269;74.3;66.2
24;2021-08-31;582;2485;303986;272754;74.4;66.8
25;2020-12-27;0;0;0;0;0.0;0.0
25;2020-12-28;1;0;1;0;0.0;0.0
25;2020-12-29;0;0;1;0;0.0;0.0
25;2020-12-30;0;0;1;0;0.0;0.0
25;2020-12-31;2;0;3;0;0.0;0.0
25;2021-01-01;0;0;3;0;0.0;0.0
25;2021-01-02;1;0;4;0;0.0;0.0
25;2021-01-03;0;0;4;0;0.0;0.0
25;2021-01-04;0;0;4;0;0.0;0.0
25;2021-01-05;1;0;5;0;0.0;0.0
25;2021-01-06;75;1;80;1;0.0;0.0
25;2021-01-07;236;1;316;2;0.1;0.0
25;2021-01-08;345;1;661;3;0.1;0.0
25;2021-01-09;102;0;763;3;0.1;0.0
25;2021-01-10;0;0;763;3;0.1;0.0
25;2021-01-11;502;5;1265;8;0.2;0.0
25;2021-01-12;683;2;1948;10;0.4;0.0
25;2021-01-13;627;9;2575;19;0.5;0.0
25;2021-01-14;897;17;3472;36;0.6;0.0
25;2021-01-15;785;9;4257;45;0.8;0.0
25;2021-01-16;206;1;4463;46;0.8;0.0
25;2021-01-17;112;0;4575;46;0.8;0.0
25;2021-01-18;1297;6;5872;52;1.1;0.0
25;2021-01-19;1411;5;7283;57;1.4;0.0
25;2021-01-20;1420;4;8703;61;1.6;0.0
25;2021-01-21;1841;3;10544;64;2.0;0.0
25;2021-01-22;1506;4;12050;68;2.2;0.0
25;2021-01-23;499;1;12549;69;2.3;0.0
25;2021-01-24;119;0;12668;69;2.3;0.0
25;2021-01-25;991;0;13659;69;2.5;0.0
25;2021-01-26;1488;42;15147;111;2.8;0.0
25;2021-01-27;1249;70;16396;181;3.0;0.0
25;2021-01-28;1090;75;17486;256;3.2;0.0
25;2021-01-29;906;233;18392;489;3.4;0.1
25;2021-01-30;293;88;18685;577;3.5;0.1
25;2021-01-31;2;0;18687;577;3.5;0.1
25;2021-02-01;612;221;19299;798;3.6;0.1
25;2021-02-02;674;414;19973;1212;3.7;0.2
25;2021-02-03;758;248;20731;1460;3.8;0.3
25;2021-02-04;715;444;21446;1904;4.0;0.4
25;2021-02-05;519;466;21965;2370;4.1;0.4
25;2021-02-06;198;156;22163;2526;4.1;0.5
25;2021-02-07;2;34;22165;2560;4.1;0.5
25;2021-02-08;612;506;22777;3066;4.2;0.6
25;2021-02-09;615;489;23392;3555;4.3;0.7
25;2021-02-10;817;489;24209;4044;4.5;0.7
25;2021-02-11;587;843;24796;4887;4.6;0.9
25;2021-02-12;413;540;25209;5427;4.7;1.0
25;2021-02-13;97;140;25306;5567;4.7;1.0
25;2021-02-14;0;0;25306;5567;4.7;1.0
25;2021-02-15;187;1031;25493;6598;4.7;1.2
25;2021-02-16;214;1441;25707;8039;4.8;1.5
25;2021-02-17;109;1330;25816;9369;4.8;1.7
25;2021-02-18;147;1416;25963;10785;4.8;2.0
25;2021-02-19;102;1257;26065;12042;4.8;2.2
25;2021-02-20;26;485;26091;12527;4.8;2.3
25;2021-02-21;1;143;26092;12670;4.8;2.3
25;2021-02-22;83;1054;26175;13724;4.9;2.5
25;2021-02-23;195;1077;26370;14801;4.9;2.7
25;2021-02-24;104;971;26474;15772;4.9;2.9
25;2021-02-25;522;993;26996;16765;5.0;3.1
25;2021-02-26;607;975;27603;17740;5.1;3.3
25;2021-02-27;228;368;27831;18108;5.2;3.4
25;2021-02-28;5;1;27836;18109;5.2;3.4
25;2021-03-01;443;623;28279;18732;5.2;3.5
25;2021-03-02;654;834;28933;19566;5.4;3.6
25;2021-03-03;542;735;29475;20301;5.5;3.8
25;2021-03-04;1157;661;30632;20962;5.7;3.9
25;2021-03-05;1853;389;32485;21351;6.0;4.0
25;2021-03-06;1170;226;33655;21577;6.2;4.0
25;2021-03-07;9;8;33664;21585;6.2;4.0
25;2021-03-08;548;707;34212;22292;6.3;4.1
25;2021-03-09;1040;779;35252;23071;6.5;4.3
25;2021-03-10;1151;654;36403;23725;6.7;4.4
25;2021-03-11;1658;584;38061;24309;7.1;4.5
25;2021-03-12;1996;461;40057;24770;7.4;4.6
25;2021-03-13;1119;99;41176;24869;7.6;4.6
25;2021-03-14;35;0;41211;24869;7.6;4.6
25;2021-03-15;1126;144;42337;25013;7.8;4.6
25;2021-03-16;1286;120;43623;25133;8.1;4.7
25;2021-03-17;1414;139;45037;25272;8.3;4.7
25;2021-03-18;1528;84;46565;25356;8.6;4.7
25;2021-03-19;1595;128;48160;25484;8.9;4.7
25;2021-03-20;822;41;48982;25525;9.1;4.7
25;2021-03-21;24;0;49006;25525;9.1;4.7
25;2021-03-22;1485;87;50491;25612;9.4;4.7
25;2021-03-23;2162;142;52653;25754;9.8;4.8
25;2021-03-24;2419;94;55072;25848;10.2;4.8
25;2021-03-25;2838;193;57910;26041;10.7;4.8
25;2021-03-26;3159;180;61069;26221;11.3;4.9
25;2021-03-27;1110;89;62179;26310;11.5;4.9
25;2021-03-28;121;64;62300;26374;11.5;4.9
25;2021-03-29;1788;281;64088;26655;11.9;4.9
25;2021-03-30;2213;392;66301;27047;12.3;5.0
25;2021-03-31;2221;361;68522;27408;12.7;5.1
25;2021-04-01;2450;523;70972;27931;13.2;5.2
25;2021-04-02;2027;603;72999;28534;13.5;5.3
25;2021-04-03;447;110;73446;28644;13.6;5.3
25;2021-04-04;39;21;73485;28665;13.6;5.3
25;2021-04-05;145;4;73630;28669;13.6;5.3
25;2021-04-06;1937;687;75567;29356;14.0;5.4
25;2021-04-07;1878;852;77445;30208;14.4;5.6
25;2021-04-08;2435;827;79880;31035;14.8;5.8
25;2021-04-09;2597;998;82477;32033;15.3;5.9
25;2021-04-10;978;290;83455;32323;15.5;6.0
25;2021-04-11;105;28;83560;32351;15.5;6.0
25;2021-04-12;1558;968;85118;33319;15.8;6.2
25;2021-04-13;1989;1320;87107;34639;16.1;6.4
25;2021-04-14;1750;1219;88857;35858;16.5;6.6
25;2021-04-15;1999;1328;90856;37186;16.8;6.9
25;2021-04-16;2084;1005;92940;38191;17.2;7.1
25;2021-04-17;1105;416;94045;38607;17.4;7.2
25;2021-04-18;118;18;94163;38625;17.5;7.2
25;2021-04-19;1327;1245;95490;39870;17.7;7.4
25;2021-04-20;1615;1462;97105;41332;18.0;7.7
25;2021-04-21;1717;1633;98822;42965;18.3;8.0
25;2021-04-22;1858;1711;100680;44676;18.7;8.3
25;2021-04-23;1902;1766;102582;46442;19.0;8.6
25;2021-04-24;1281;704;103863;47146;19.3;8.7
25;2021-04-25;140;114;104003;47260;19.3;8.8
25;2021-04-26;1722;1684;105725;48944;19.6;9.1
25;2021-04-27;2804;1524;108529;50468;20.1;9.4
25;2021-04-28;2426;1559;110955;52027;20.6;9.6
25;2021-04-29;2649;1833;113604;53860;21.1;10.0
25;2021-04-30;3107;1577;116711;55437;21.6;10.3
25;2021-05-01;1789;334;118500;55771;22.0;10.3
25;2021-05-02;442;22;118942;55793;22.0;10.3
25;2021-05-03;2902;841;121844;56634;22.6;10.5
25;2021-05-04;2641;1885;124485;58519;23.1;10.8
25;2021-05-05;2598;1667;127083;60186;23.6;11.2
25;2021-05-06;2927;2167;130010;62353;24.1;11.6
25;2021-05-07;3063;2127;133073;64480;24.7;12.0
25;2021-05-08;1334;229;134407;64709;24.9;12.0
25;2021-05-09;244;87;134651;64796;25.0;12.0
25;2021-05-10;3130;1639;137781;66435;25.5;12.3
25;2021-05-11;3748;2041;141529;68476;26.2;12.7
25;2021-05-12;3688;1792;145217;70268;26.9;13.0
25;2021-05-13;3521;599;148738;70867;27.6;13.1
25;2021-05-14;4484;1307;153222;72174;28.4;13.4
25;2021-05-15;3282;711;156504;72885;29.0;13.5
25;2021-05-16;723;92;157227;72977;29.1;13.5
25;2021-05-17;4090;1094;161317;74071;29.9;13.7
25;2021-05-18;5205;1190;166522;75261;30.9;14.0
25;2021-05-19;5245;1133;171767;76394;31.8;14.2
25;2021-05-20;5134;1456;176901;77850;32.8;14.4
25;2021-05-21;5764;1981;182665;79831;33.9;14.8
25;2021-05-22;3177;722;185842;80553;34.5;14.9
25;2021-05-23;781;156;186623;80709;34.6;15.0
25;2021-05-24;1528;152;188151;80861;34.9;15.0
25;2021-05-25;3515;1646;191666;82507;35.5;15.3
25;2021-05-26;3976;1555;195642;84062;36.3;15.6
25;2021-05-27;4518;1901;200160;85963;37.1;15.9
25;2021-05-28;3994;2649;204154;88612;37.8;16.4
25;2021-05-29;2015;1022;206169;89634;38.2;16.6
25;2021-05-30;175;96;206344;89730;38.3;16.6
25;2021-05-31;2673;1711;209017;91441;38.7;17.0
25;2021-06-01;2729;2158;211746;93599;39.3;17.4
25;2021-06-02;2609;2251;214355;95850;39.7;17.8
25;2021-06-03;3274;2044;217629;97894;40.3;18.1
25;2021-06-04;3210;2408;220839;100302;40.9;18.6
25;2021-06-05;1492;1402;222331;101704;41.2;18.9
25;2021-06-06;986;259;223317;101963;41.4;18.9
25;2021-06-07;2783;2574;226100;104537;41.9;19.4
25;2021-06-08;2605;2761;228705;107298;42.4;19.9
25;2021-06-09;2382;2763;231087;110061;42.8;20.4
25;2021-06-10;2323;2655;233410;112716;43.3;20.9
25;2021-06-11;2711;3307;236121;116023;43.8;21.5
25;2021-06-12;1572;1861;237693;117884;44.1;21.9
25;2021-06-13;496;257;238189;118141;44.2;21.9
25;2021-06-14;1422;3755;239611;121896;44.4;22.6
25;2021-06-15;1643;3568;241254;125464;44.7;23.3
25;2021-06-16;1954;3272;243208;128736;45.1;23.9
25;2021-06-17;1474;3324;244682;132060;45.4;24.5
25;2021-06-18;2289;4296;246971;136356;45.8;25.3
25;2021-06-19;1351;1976;248322;138332;46.0;25.6
25;2021-06-20;59;239;248381;138571;46.0;25.7
25;2021-06-21;1139;4139;249520;142710;46.3;26.5
25;2021-06-22;1150;4676;250670;147386;46.5;27.3
25;2021-06-23;1405;4073;252075;151459;46.7;28.1
25;2021-06-24;1194;4085;253269;155544;46.9;28.8
25;2021-06-25;1641;5607;254910;161151;47.3;29.9
25;2021-06-26;626;3384;255536;164535;47.4;30.5
25;2021-06-27;451;878;255987;165413;47.5;30.7
25;2021-06-28;907;4475;256894;169888;47.6;31.5
25;2021-06-29;1132;5470;258026;175358;47.8;32.5
25;2021-06-30;1312;5369;259338;180727;48.1;33.5
25;2021-07-01;1709;5230;261047;185957;48.4;34.5
25;2021-07-02;1751;5059;262798;191016;48.7;35.4
25;2021-07-03;1041;2694;263839;193710;48.9;35.9
25;2021-07-04;409;722;264248;194432;49.0;36.0
25;2021-07-05;1300;2579;265548;197011;49.2;36.5
25;2021-07-06;1571;4748;267119;201759;49.5;37.4
25;2021-07-07;1600;4505;268719;206264;49.8;38.2
25;2021-07-08;1553;3932;270272;210196;50.1;39.0
25;2021-07-09;1799;4585;272071;214781;50.4;39.8
25;2021-07-10;780;2372;272851;217153;50.6;40.3
25;2021-07-11;127;307;272978;217460;50.6;40.3
25;2021-07-12;1405;3859;274383;221319;50.9;41.0
25;2021-07-13;2472;4770;276855;226089;51.3;41.9
25;2021-07-14;379;561;277234;226650;51.4;42.0
25;2021-07-15;2403;3654;279637;230304;51.8;42.7
25;2021-07-16;3487;3835;283124;234139;52.5;43.4
25;2021-07-17;2208;2037;285332;236176;52.9;43.8
25;2021-07-18;807;1300;286139;237476;53.0;44.0
25;2021-07-19;2545;4209;288684;241685;53.5;44.8
25;2021-07-20;3383;3711;292067;245396;54.1;45.5
25;2021-07-21;3301;3371;295368;248767;54.8;46.1
25;2021-07-22;3348;2984;298716;251751;55.4;46.7
25;2021-07-23;3566;3355;302282;255106;56.0;47.3
25;2021-07-24;1415;2271;303697;257377;56.3;47.7
25;2021-07-25;677;708;304374;258085;56.4;47.8
25;2021-07-26;3056;3013;307430;261098;57.0;48.4
25;2021-07-27;3835;2126;311265;263224;57.7;48.8
25;2021-07-28;3694;2117;314959;265341;58.4;49.2
25;2021-07-29;4318;2087;319277;267428;59.2;49.6
25;2021-07-30;4272;2485;323549;269913;60.0;50.0
25;2021-07-31;1820;1468;325369;271381;60.3;50.3
25;2021-08-01;1351;199;326720;271580;60.6;50.3
25;2021-08-02;2734;2213;329454;273793;61.1;50.8
25;2021-08-03;2833;2201;332287;275994;61.6;51.2
25;2021-08-04;2935;1427;335222;277421;62.1;51.4
25;2021-08-05;2196;1729;337418;279150;62.5;51.7
25;2021-08-06;2278;2347;339696;281497;63.0;52.2
25;2021-08-07;1291;1202;340987;282699;63.2;52.4
25;2021-08-08;321;477;341308;283176;63.3;52.5
25;2021-08-09;2021;2226;343329;285402;63.6;52.9
25;2021-08-10;1959;2516;345288;287918;64.0;53.4
25;2021-08-11;1828;2031;347116;289949;64.3;53.7
25;2021-08-12;2136;2496;349252;292445;64.7;54.2
25;2021-08-13;1685;2020;350937;294465;65.1;54.6
25;2021-08-14;953;1783;351890;296248;65.2;54.9
25;2021-08-15;9;45;351899;296293;65.2;54.9
25;2021-08-16;1246;3256;353145;299549;65.5;55.5
25;2021-08-17;1437;3286;354582;302835;65.7;56.1
25;2021-08-18;1228;2803;355810;305638;66.0;56.7
25;2021-08-19;985;2868;356795;308506;66.1;57.2
25;2021-08-20;1414;3693;358209;312199;66.4;57.9
25;2021-08-21;566;1780;358775;313979;66.5;58.2
25;2021-08-22;212;1270;358987;315249;66.5;58.4
25;2021-08-23;1099;3329;360086;318578;66.8;59.1
25;2021-08-24;1064;3229;361150;321807;66.9;59.7
25;2021-08-25;1016;3057;362166;324864;67.1;60.2
25;2021-08-26;1136;2999;363302;327863;67.3;60.8
25;2021-08-27;1198;3060;364500;330923;67.6;61.3
25;2021-08-28;589;1785;365089;332708;67.7;61.7
25;2021-08-29;158;509;365247;333217;67.7;61.8
25;2021-08-30;927;2821;366174;336038;67.9;62.3
25;2021-08-31;958;2409;367132;338447;68.1;62.7
26;2020-12-27;0;0;0;0;0.0;0.0
26;2020-12-28;0;0;0;0;0.0;0.0
26;2020-12-29;0;0;0;0;0.0;0.0
26;2020-12-30;0;0;0;0;0.0;0.0
26;2020-12-31;0;0;0;0;0.0;0.0
26;2021-01-01;0;0;0;0;0.0;0.0
26;2021-01-02;0;0;0;0;0.0;0.0
26;2021-01-03;0;0;0;0;0.0;0.0
26;2021-01-04;0;0;0;0;0.0;0.0
26;2021-01-05;0;0;0;0;0.0;0.0
26;2021-01-06;0;0;0;0;0.0;0.0
26;2021-01-07;168;0;168;0;0.0;0.0
26;2021-01-08;125;0;293;0;0.1;0.0
26;2021-01-09;2;0;295;0;0.1;0.0
26;2021-01-10;0;0;295;0;0.1;0.0
26;2021-01-11;266;1;561;1;0.1;0.0
26;2021-01-12;176;1;737;2;0.1;0.0
26;2021-01-13;417;1;1154;3;0.2;0.0
26;2021-01-14;488;0;1642;3;0.3;0.0
26;2021-01-15;563;1;2205;4;0.4;0.0
26;2021-01-16;250;1;2455;5;0.5;0.0
26;2021-01-17;0;0;2455;5;0.5;0.0
26;2021-01-18;637;1;3092;6;0.6;0.0
26;2021-01-19;785;3;3877;9;0.7;0.0
26;2021-01-20;742;0;4619;9;0.9;0.0
26;2021-01-21;806;5;5425;14;1.0;0.0
26;2021-01-22;787;4;6212;18;1.2;0.0
26;2021-01-23;563;3;6775;21;1.3;0.0
26;2021-01-24;24;0;6799;21;1.3;0.0
26;2021-01-25;697;2;7496;23;1.4;0.0
26;2021-01-26;801;4;8297;27;1.6;0.0
26;2021-01-27;822;9;9119;36;1.8;0.0
26;2021-01-28;1329;169;10448;205;2.0;0.0
26;2021-01-29;970;67;11418;272;2.2;0.1
26;2021-01-30;606;5;12024;277;2.3;0.1
26;2021-01-31;24;0;12048;277;2.3;0.1
26;2021-02-01;709;186;12757;463;2.5;0.1
26;2021-02-02;1274;210;14031;673;2.7;0.1
26;2021-02-03;1241;259;15272;932;2.9;0.2
26;2021-02-04;985;447;16257;1379;3.1;0.3
26;2021-02-05;673;331;16930;1710;3.3;0.3
26;2021-02-06;407;231;17337;1941;3.3;0.4
26;2021-02-07;57;2;17394;1943;3.3;0.4
26;2021-02-08;544;412;17938;2355;3.4;0.5
26;2021-02-09;616;466;18554;2821;3.6;0.5
26;2021-02-10;665;339;19219;3160;3.7;0.6
26;2021-02-11;753;321;19972;3481;3.8;0.7
26;2021-02-12;590;444;20562;3925;3.9;0.8
26;2021-02-13;388;324;20950;4249;4.0;0.8
26;2021-02-14;36;0;20986;4249;4.0;0.8
26;2021-02-15;414;522;21400;4771;4.1;0.9
26;2021-02-16;294;549;21694;5320;4.2;1.0
26;2021-02-17;196;732;21890;6052;4.2;1.2
26;2021-02-18;337;885;22227;6937;4.3;1.3
26;2021-02-19;341;803;22568;7740;4.3;1.5
26;2021-02-20;95;478;22663;8218;4.4;1.6
26;2021-02-21;3;24;22666;8242;4.4;1.6
26;2021-02-22;144;696;22810;8938;4.4;1.7
26;2021-02-23;398;986;23208;9924;4.5;1.9
26;2021-02-24;344;1220;23552;11144;4.5;2.1
26;2021-02-25;737;1064;24289;12208;4.7;2.3
26;2021-02-26;926;634;25215;12842;4.8;2.5
26;2021-02-27;279;511;25494;13353;4.9;2.6
26;2021-02-28;3;30;25497;13383;4.9;2.6
26;2021-03-01;458;659;25955;14042;5.0;2.7
26;2021-03-02;741;632;26696;14674;5.1;2.8
26;2021-03-03;730;680;27426;15354;5.3;2.9
26;2021-03-04;1045;582;28471;15936;5.5;3.1
26;2021-03-05;1710;528;30181;16464;5.8;3.2
26;2021-03-06;2773;494;32954;16958;6.3;3.3
26;2021-03-07;2989;219;35943;17177;6.9;3.3
26;2021-03-08;910;652;36853;17829;7.1;3.4
26;2021-03-09;1325;554;38178;18383;7.3;3.5
26;2021-03-10;1219;511;39397;18894;7.6;3.6
26;2021-03-11;1609;654;41006;19548;7.9;3.8
26;2021-03-12;2215;478;43221;20026;8.3;3.8
26;2021-03-13;1886;345;45107;20371;8.7;3.9
26;2021-03-14;69;39;45176;20410;8.7;3.9
26;2021-03-15;1652;249;46828;20659;9.0;4.0
26;2021-03-16;1232;515;48060;21174;9.2;4.1
26;2021-03-17;1369;306;49429;21480;9.5;4.1
26;2021-03-18;1587;283;51016;21763;9.8;4.2
26;2021-03-19;2444;350;53460;22113;10.3;4.2
26;2021-03-20;1289;150;54749;22263;10.5;4.3
26;2021-03-21;61;20;54810;22283;10.5;4.3
26;2021-03-22;1846;197;56656;22480;10.9;4.3
26;2021-03-23;2475;277;59131;22757;11.4;4.4
26;2021-03-24;2551;244;61682;23001;11.8;4.4
26;2021-03-25;3042;339;64724;23340;12.4;4.5
26;2021-03-26;3050;354;67774;23694;13.0;4.6
26;2021-03-27;1245;159;69019;23853;13.3;4.6
26;2021-03-28;94;7;69113;23860;13.3;4.6
26;2021-03-29;1907;407;71020;24267;13.6;4.7
26;2021-03-30;2383;550;73403;24817;14.1;4.8
26;2021-03-31;2229;582;75632;25399;14.5;4.9
26;2021-04-01;2276;782;77908;26181;15.0;5.0
26;2021-04-02;2214;990;80122;27171;15.4;5.2
26;2021-04-03;552;1201;80674;28372;15.5;5.5
26;2021-04-04;215;888;80889;29260;15.5;5.6
26;2021-04-05;556;53;81445;29313;15.6;5.6
26;2021-04-06;1486;833;82931;30146;15.9;5.8
26;2021-04-07;1792;901;84723;31047;16.3;6.0
26;2021-04-08;3005;934;87728;31981;16.9;6.1
26;2021-04-09;3416;1007;91144;32988;17.5;6.3
26;2021-04-10;1356;923;92500;33911;17.8;6.5
26;2021-04-11;89;35;92589;33946;17.8;6.5
26;2021-04-12;1714;1127;94303;35073;18.1;6.7
26;2021-04-13;2797;1455;97100;36528;18.7;7.0
26;2021-04-14;2207;1486;99307;38014;19.1;7.3
26;2021-04-15;2275;1587;101582;39601;19.5;7.6
26;2021-04-16;2271;1592;103853;41193;20.0;7.9
26;2021-04-17;1096;841;104949;42034;20.2;8.1
26;2021-04-18;35;52;104984;42086;20.2;8.1
26;2021-04-19;1547;1573;106531;43659;20.5;8.4
26;2021-04-20;1799;1728;108330;45387;20.8;8.7
26;2021-04-21;2012;1512;110342;46899;21.2;9.0
26;2021-04-22;2291;1604;112633;48503;21.6;9.3
26;2021-04-23;2011;1636;114644;50139;22.0;9.6
26;2021-04-24;1655;845;116299;50984;22.3;9.8
26;2021-04-25;629;95;116928;51079;22.5;9.8
26;2021-04-26;1377;1600;118305;52679;22.7;10.1
26;2021-04-27;1986;1685;120291;54364;23.1;10.4
26;2021-04-28;1867;1546;122158;55910;23.5;10.7
26;2021-04-29;2866;1893;125024;57803;24.0;11.1
26;2021-04-30;2627;1765;127651;59568;24.5;11.4
26;2021-05-01;1538;377;129189;59945;24.8;11.5
26;2021-05-02;1086;118;130275;60063;25.0;11.5
26;2021-05-03;2201;1788;132476;61851;25.4;11.9
26;2021-05-04;2614;2357;135090;64208;26.0;12.3
26;2021-05-05;2772;2201;137862;66409;26.5;12.8
26;2021-05-06;3321;2219;141183;68628;27.1;13.2
26;2021-05-07;2861;2261;144044;70889;27.7;13.6
26;2021-05-08;1959;621;146003;71510;28.0;13.7
26;2021-05-09;713;123;146716;71633;28.2;13.8
26;2021-05-10;3022;1822;149738;73455;28.8;14.1
26;2021-05-11;4444;2188;154182;75643;29.6;14.5
26;2021-05-12;4828;1694;159010;77337;30.5;14.9
26;2021-05-13;4363;616;163373;77953;31.4;15.0
26;2021-05-14;4643;1549;168016;79502;32.3;15.3
26;2021-05-15;4469;626;172485;80128;33.1;15.4
26;2021-05-16;3631;343;176116;80471;33.8;15.5
26;2021-05-17;3657;1482;179773;81953;34.5;15.7
26;2021-05-18;4476;1743;184249;83696;35.4;16.1
26;2021-05-19;4486;1452;188735;85148;36.3;16.4
26;2021-05-20;4685;1758;193420;86906;37.2;16.7
26;2021-05-21;4729;1800;198149;88706;38.1;17.0
26;2021-05-22;3189;688;201338;89394;38.7;17.2
26;2021-05-23;1598;183;202936;89577;39.0;17.2
26;2021-05-24;3791;743;206727;90320;39.7;17.4
26;2021-05-25;3593;2338;210320;92658;40.4;17.8
26;2021-05-26;4180;2272;214500;94930;41.2;18.2
26;2021-05-27;4215;2464;218715;97394;42.0;18.7
26;2021-05-28;3777;2769;222492;100163;42.7;19.2
26;2021-05-29;3087;1654;225579;101817;43.3;19.6
26;2021-05-30;322;71;225901;101888;43.4;19.6
26;2021-05-31;3081;1851;228982;103739;44.0;19.9
26;2021-06-01;3108;2305;232090;106044;44.6;20.4
26;2021-06-02;2871;2214;234961;108258;45.1;20.8
26;2021-06-03;2851;2493;237812;110751;45.7;21.3
26;2021-06-04;2660;2903;240472;113654;46.2;21.8
26;2021-06-05;1804;1695;242276;115349;46.5;22.2
26;2021-06-06;9;0;242285;115349;46.5;22.2
26;2021-06-07;2348;2426;244633;117775;47.0;22.6
26;2021-06-08;2454;2291;247087;120066;47.5;23.1
26;2021-06-09;2095;2388;249182;122454;47.9;23.5
26;2021-06-10;1980;2761;251162;125215;48.2;24.1
26;2021-06-11;1896;3272;253058;128487;48.6;24.7
26;2021-06-12;1219;1790;254277;130277;48.8;25.0
26;2021-06-13;97;214;254374;130491;48.9;25.1
26;2021-06-14;1416;3498;255790;133989;49.1;25.7
26;2021-06-15;1585;3962;257375;137951;49.4;26.5
26;2021-06-16;1785;3466;259160;141417;49.8;27.2
26;2021-06-17;1510;3166;260670;144583;50.1;27.8
26;2021-06-18;1796;4367;262466;148950;50.4;28.6
26;2021-06-19;933;3180;263399;152130;50.6;29.2
26;2021-06-20;264;876;263663;153006;50.6;29.4
26;2021-06-21;1005;4549;264668;157555;50.8;30.3
26;2021-06-22;1061;5117;265729;162672;51.0;31.2
26;2021-06-23;1167;5072;266896;167744;51.3;32.2
26;2021-06-24;1260;4540;268156;172284;51.5;33.1
26;2021-06-25;1016;5540;269172;177824;51.7;34.2
26;2021-06-26;662;3821;269834;181645;51.8;34.9
26;2021-06-27;300;1273;270134;182918;51.9;35.1
26;2021-06-28;778;4755;270912;187673;52.0;36.1
26;2021-06-29;1099;4962;272011;192635;52.3;37.0
26;2021-06-30;1412;4890;273423;197525;52.5;37.9
26;2021-07-01;1651;4393;275074;201918;52.8;38.8
26;2021-07-02;1334;5163;276408;207081;53.1;39.8
26;2021-07-03;771;3323;277179;210404;53.2;40.4
26;2021-07-04;332;633;277511;211037;53.3;40.5
26;2021-07-05;889;4678;278400;215715;53.5;41.4
26;2021-07-06;1266;4201;279666;219916;53.7;42.2
26;2021-07-07;1442;3796;281108;223712;54.0;43.0
26;2021-07-08;2387;3329;283495;227041;54.5;43.6
26;2021-07-09;1558;4790;285053;231831;54.8;44.5
26;2021-07-10;910;2914;285963;234745;54.9;45.1
26;2021-07-11;333;349;286296;235094;55.0;45.2
26;2021-07-12;1113;4219;287409;239313;55.2;46.0
26;2021-07-13;2301;4342;289710;243655;55.7;46.8
26;2021-07-14;1059;813;290769;244468;55.9;47.0
26;2021-07-15;3170;3655;293939;248123;56.5;47.7
26;2021-07-16;3002;3691;296941;251814;57.0;48.4
26;2021-07-17;1877;1814;298818;253628;57.4;48.7
26;2021-07-18;20;24;298838;253652;57.4;48.7
26;2021-07-19;2725;3265;301563;256917;57.9;49.4
26;2021-07-20;3706;3368;305269;260285;58.6;50.0
26;2021-07-21;3588;3087;308857;263372;59.3;50.6
26;2021-07-22;4122;2967;312979;266339;60.1;51.2
26;2021-07-23;3861;3398;316840;269737;60.9;51.8
26;2021-07-24;2345;1360;319185;271097;61.3;52.1
26;2021-07-25;608;93;319793;271190;61.4;52.1
26;2021-07-26;3428;2581;323221;273771;62.1;52.6
26;2021-07-27;4841;2619;328062;276390;63.0;53.1
26;2021-07-28;4535;2387;332597;278777;63.9;53.6
26;2021-07-29;3902;2891;336499;281668;64.6;54.1
26;2021-07-30;3482;2670;339981;284338;65.3;54.6
26;2021-07-31;1145;1009;341126;285347;65.5;54.8
26;2021-08-01;412;108;341538;285455;65.6;54.8
26;2021-08-02;2942;2360;344480;287815;66.2;55.3
26;2021-08-03;3294;2293;347774;290108;66.8;55.7
26;2021-08-04;3985;2015;351759;292123;67.6;56.1
26;2021-08-05;3143;2199;354902;294322;68.2;56.5
26;2021-08-06;3131;2637;358033;296959;68.8;57.0
26;2021-08-07;639;844;358672;297803;68.9;57.2
26;2021-08-08;28;13;358700;297816;68.9;57.2
26;2021-08-09;2188;3061;360888;300877;69.3;57.8
26;2021-08-10;2331;3043;363219;303920;69.8;58.4
26;2021-08-11;2063;2717;365282;306637;70.2;58.9
26;2021-08-12;1771;2585;367053;309222;70.5;59.4
26;2021-08-13;1662;2420;368715;311642;70.8;59.9
26;2021-08-14;271;872;368986;312514;70.9;60.0
26;2021-08-15;6;8;368992;312522;70.9;60.0
26;2021-08-16;1177;3290;370169;315812;71.1;60.7
26;2021-08-17;1506;3148;371675;318960;71.4;61.3
26;2021-08-18;1621;3378;373296;322338;71.7;61.9
26;2021-08-19;1552;3066;374848;325404;72.0;62.5
26;2021-08-20;1422;2979;376270;328383;72.3;63.1
26;2021-08-21;592;1089;376862;329472;72.4;63.3
26;2021-08-22;62;379;376924;329851;72.4;63.4
26;2021-08-23;1590;3616;378514;333467;72.7;64.1
26;2021-08-24;1728;3586;380242;337053;73.0;64.7
26;2021-08-25;1603;3657;381845;340710;73.4;65.5
26;2021-08-26;1482;3150;383327;343860;73.6;66.1
26;2021-08-27;1557;3603;384884;347463;73.9;66.7
26;2021-08-28;395;1100;385279;348563;74.0;67.0
26;2021-08-29;10;25;385289;348588;74.0;67.0
26;2021-08-30;1452;3436;386741;352024;74.3;67.6
26;2021-08-31;1271;3418;388012;355442;74.5;68.3
27;2020-12-27;1;0;1;0;0.0;0.0
27;2020-12-28;1;0;2;0;0.0;0.0
27;2020-12-29;2;0;4;0;0.0;0.0
27;2020-12-30;0;0;4;0;0.0;0.0
27;2020-12-31;0;0;4;0;0.0;0.0
27;2021-01-01;0;0;4;0;0.0;0.0
27;2021-01-02;0;0;4;0;0.0;0.0
27;2021-01-03;2;0;6;0;0.0;0.0
27;2021-01-04;0;0;6;0;0.0;0.0
27;2021-01-05;15;0;21;0;0.0;0.0
27;2021-01-06;161;0;182;0;0.0;0.0
27;2021-01-07;372;1;554;1;0.1;0.0
27;2021-01-08;442;0;996;1;0.2;0.0
27;2021-01-09;72;1;1068;2;0.2;0.0
27;2021-01-10;101;0;1169;2;0.2;0.0
27;2021-01-11;383;0;1552;2;0.3;0.0
27;2021-01-12;409;2;1961;4;0.3;0.0
27;2021-01-13;839;1;2800;5;0.5;0.0
27;2021-01-14;1629;26;4429;31;0.7;0.0
27;2021-01-15;1221;5;5650;36;0.9;0.0
27;2021-01-16;333;2;5983;38;1.0;0.0
27;2021-01-17;205;0;6188;38;1.0;0.0
27;2021-01-18;799;1;6987;39;1.2;0.0
27;2021-01-19;773;3;7760;42;1.3;0.0
27;2021-01-20;871;0;8631;42;1.4;0.0
27;2021-01-21;655;1;9286;43;1.5;0.0
27;2021-01-22;779;4;10065;47;1.7;0.0
27;2021-01-23;350;0;10415;47;1.7;0.0
27;2021-01-24;169;5;10584;52;1.8;0.0
27;2021-01-25;635;15;11219;67;1.9;0.0
27;2021-01-26;462;17;11681;84;1.9;0.0
27;2021-01-27;506;104;12187;188;2.0;0.0
27;2021-01-28;517;295;12704;483;2.1;0.1
27;2021-01-29;509;107;13213;590;2.2;0.1
27;2021-01-30;242;29;13455;619;2.2;0.1
27;2021-01-31;27;24;13482;643;2.2;0.1
27;2021-02-01;349;193;13831;836;2.3;0.1
27;2021-02-02;307;280;14138;1116;2.4;0.2
27;2021-02-03;488;396;14626;1512;2.4;0.3
27;2021-02-04;716;880;15342;2392;2.6;0.4
27;2021-02-05;663;1135;16005;3527;2.7;0.6
27;2021-02-06;125;219;16130;3746;2.7;0.6
27;2021-02-07;25;42;16155;3788;2.7;0.6
27;2021-02-08;310;374;16465;4162;2.7;0.7
27;2021-02-09;341;550;16806;4712;2.8;0.8
27;2021-02-10;303;513;17109;5225;2.8;0.9
27;2021-02-11;318;448;17427;5673;2.9;0.9
27;2021-02-12;229;536;17656;6209;2.9;1.0
27;2021-02-13;151;130;17807;6339;3.0;1.1
27;2021-02-14;6;90;17813;6429;3.0;1.1
27;2021-02-15;390;589;18203;7018;3.0;1.2
27;2021-02-16;295;726;18498;7744;3.1;1.3
27;2021-02-17;247;624;18745;8368;3.1;1.4
27;2021-02-18;363;674;19108;9042;3.2;1.5
27;2021-02-19;218;680;19326;9722;3.2;1.6
27;2021-02-20;129;247;19455;9969;3.2;1.7
27;2021-02-21;12;136;19467;10105;3.2;1.7
27;2021-02-22;482;562;19949;10667;3.3;1.8
27;2021-02-23;495;618;20444;11285;3.4;1.9
27;2021-02-24;543;641;20987;11926;3.5;2.0
27;2021-02-25;845;753;21832;12679;3.6;2.1
27;2021-02-26;953;688;22785;13367;3.8;2.2
27;2021-02-27;406;155;23191;13522;3.9;2.3
27;2021-02-28;173;30;23364;13552;3.9;2.3
27;2021-03-01;487;438;23851;13990;4.0;2.3
27;2021-03-02;765;364;24616;14354;4.1;2.4
27;2021-03-03;852;362;25468;14716;4.2;2.4
27;2021-03-04;887;231;26355;14947;4.4;2.5
27;2021-03-05;1304;239;27659;15186;4.6;2.5
27;2021-03-06;1637;108;29296;15294;4.9;2.5
27;2021-03-07;620;17;29916;15311;5.0;2.5
27;2021-03-08;1204;304;31120;15615;5.2;2.6
27;2021-03-09;1827;266;32947;15881;5.5;2.6
27;2021-03-10;2116;345;35063;16226;5.8;2.7
27;2021-03-11;2156;223;37219;16449;6.2;2.7
27;2021-03-12;2818;199;40037;16648;6.7;2.8
27;2021-03-13;1919;124;41956;16772;7.0;2.8
27;2021-03-14;655;15;42611;16787;7.1;2.8
27;2021-03-15;1556;215;44167;17002;7.4;2.8
27;2021-03-16;1488;239;45655;17241;7.6;2.9
27;2021-03-17;1854;345;47509;17586;7.9;2.9
27;2021-03-18;1687;345;49196;17931;8.2;3.0
27;2021-03-19;1833;172;51029;18103;8.5;3.0
27;2021-03-20;904;41;51933;18144;8.6;3.0
27;2021-03-21;258;3;52191;18147;8.7;3.0
27;2021-03-22;1234;544;53425;18691;8.9;3.1
27;2021-03-23;1626;457;55051;19148;9.2;3.2
27;2021-03-24;1523;476;56574;19624;9.4;3.3
27;2021-03-25;2162;510;58736;20134;9.8;3.4
27;2021-03-26;2531;443;61267;20577;10.2;3.4
27;2021-03-27;1568;200;62835;20777;10.5;3.5
27;2021-03-28;1149;49;63984;20826;10.7;3.5
27;2021-03-29;1376;835;65360;21661;10.9;3.6
27;2021-03-30;1391;848;66751;22509;11.1;3.7
27;2021-03-31;1487;877;68238;23386;11.4;3.9
27;2021-04-01;1956;812;70194;24198;11.7;4.0
27;2021-04-02;2000;1181;72194;25379;12.0;4.2
27;2021-04-03;1562;738;73756;26117;12.3;4.3
27;2021-04-04;978;175;74734;26292;12.4;4.4
27;2021-04-05;283;6;75017;26298;12.5;4.4
27;2021-04-06;1416;1804;76433;28102;12.7;4.7
27;2021-04-07;1323;1747;77756;29849;12.9;5.0
27;2021-04-08;1683;1681;79439;31530;13.2;5.2
27;2021-04-09;2947;1564;82386;33094;13.7;5.5
27;2021-04-10;2033;986;84419;34080;14.1;5.7
27;2021-04-11;946;211;85365;34291;14.2;5.7
27;2021-04-12;2435;1513;87800;35804;14.6;6.0
27;2021-04-13;2393;1549;90193;37353;15.0;6.2
27;2021-04-14;2085;1629;92278;38982;15.4;6.5
27;2021-04-15;1875;1664;94153;40646;15.7;6.8
27;2021-04-16;2753;1116;96906;41762;16.1;7.0
27;2021-04-17;2170;496;99076;42258;16.5;7.0
27;2021-04-18;453;16;99529;42274;16.6;7.0
27;2021-04-19;1713;1175;101242;43449;16.9;7.2
27;2021-04-20;2386;1303;103628;44752;17.3;7.5
27;2021-04-21;2209;1080;105837;45832;17.6;7.6
27;2021-04-22;2179;1415;108016;47247;18.0;7.9
27;2021-04-23;2447;1178;110463;48425;18.4;8.1
27;2021-04-24;3258;1145;113721;49570;18.9;8.3
27;2021-04-25;1130;1052;114851;50622;19.1;8.4
27;2021-04-26;1924;1146;116775;51768;19.4;8.6
27;2021-04-27;2529;1093;119304;52861;19.9;8.8
27;2021-04-28;2393;1315;121697;54176;20.3;9.0
27;2021-04-29;2491;1474;124188;55650;20.7;9.3
27;2021-04-30;2371;1614;126559;57264;21.1;9.5
27;2021-05-01;2638;889;129197;58153;21.5;9.7
27;2021-05-02;1953;898;131150;59051;21.8;9.8
27;2021-05-03;3064;880;134214;59931;22.3;10.0
27;2021-05-04;2781;1648;136995;61579;22.8;10.3
27;2021-05-05;2817;1651;139812;63230;23.3;10.5
27;2021-05-06;3184;1292;142996;64522;23.8;10.7
27;2021-05-07;3323;2002;146319;66524;24.4;11.1
27;2021-05-08;2803;1331;149122;67855;24.8;11.3
27;2021-05-09;1696;296;150818;68151;25.1;11.3
27;2021-05-10;2950;2271;153768;70422;25.6;11.7
27;2021-05-11;3357;1760;157125;72182;26.2;12.0
27;2021-05-12;3463;1728;160588;73910;26.7;12.3
27;2021-05-13;1892;255;162480;74165;27.0;12.3
27;2021-05-14;3884;1789;166364;75954;27.7;12.6
27;2021-05-15;6603;956;172967;76910;28.8;12.8
27;2021-05-16;3668;436;176635;77346;29.4;12.9
27;2021-05-17;2776;1163;179411;78509;29.9;13.1
27;2021-05-18;3845;1294;183256;79803;30.5;13.3
27;2021-05-19;3967;1154;187223;80957;31.2;13.5
27;2021-05-20;3873;1167;191096;82124;31.8;13.7
27;2021-05-21;3968;1800;195064;83924;32.5;14.0
27;2021-05-22;4369;802;199433;84726;33.2;14.1
27;2021-05-23;799;173;200232;84899;33.3;14.1
27;2021-05-24;1490;341;201722;85240;33.6;14.2
27;2021-05-25;3513;1609;205235;86849;34.2;14.5
27;2021-05-26;3857;1741;209092;88590;34.8;14.7
27;2021-05-27;3789;1487;212881;90077;35.4;15.0
27;2021-05-28;3399;2628;216280;92705;36.0;15.4
27;2021-05-29;4824;2300;221104;95005;36.8;15.8
27;2021-05-30;1118;248;222222;95253;37.0;15.9
27;2021-05-31;3467;2275;225689;97528;37.6;16.2
27;2021-06-01;3816;2249;229505;99777;38.2;16.6
27;2021-06-02;3341;2186;232846;101963;38.8;17.0
27;2021-06-03;4430;2125;237276;104088;39.5;17.3
27;2021-06-04;3603;2976;240879;107064;40.1;17.8
27;2021-06-05;3209;3352;244088;110416;40.6;18.4
27;2021-06-06;2004;1007;246092;111423;41.0;18.5
27;2021-06-07;2569;2358;248661;113781;41.4;18.9
27;2021-06-08;3127;2377;251788;116158;41.9;19.3
27;2021-06-09;2304;2470;254092;118628;42.3;19.7
27;2021-06-10;2431;2041;256523;120669;42.7;20.1
27;2021-06-11;2889;3774;259412;124443;43.2;20.7
27;2021-06-12;1982;4191;261394;128634;43.5;21.4
27;2021-06-13;1084;2686;262478;131320;43.7;21.9
27;2021-06-14;1995;3111;264473;134431;44.0;22.4
27;2021-06-15;2687;3021;267160;137452;44.5;22.9
27;2021-06-16;2502;3261;269662;140713;44.9;23.4
27;2021-06-17;2296;3284;271958;143997;45.3;24.0
27;2021-06-18;2746;4419;274704;148416;45.7;24.7
27;2021-06-19;1863;3393;276567;151809;46.0;25.3
27;2021-06-20;608;711;277175;152520;46.1;25.4
27;2021-06-21;1703;3493;278878;156013;46.4;26.0
27;2021-06-22;2384;3718;281262;159731;46.8;26.6
27;2021-06-23;2074;3570;283336;163301;47.2;27.2
27;2021-06-24;2256;3413;285592;166714;47.5;27.8
27;2021-06-25;1935;4458;287527;171172;47.9;28.5
27;2021-06-26;884;5353;288411;176525;48.0;29.4
27;2021-06-27;377;1427;288788;177952;48.1;29.6
27;2021-06-28;1128;3405;289916;181357;48.3;30.2
27;2021-06-29;1702;4367;291618;185724;48.5;30.9
27;2021-06-30;2117;4095;293735;189819;48.9;31.6
27;2021-07-01;2225;3909;295960;193728;49.3;32.3
27;2021-07-02;1589;4617;297549;198345;49.5;33.0
27;2021-07-03;1308;4775;298857;203120;49.8;33.8
27;2021-07-04;504;1403;299361;204523;49.8;34.0
27;2021-07-05;1419;3530;300780;208053;50.1;34.6
27;2021-07-06;1369;4181;302149;212234;50.3;35.3
27;2021-07-07;1759;4903;303908;217137;50.6;36.1
27;2021-07-08;2088;4351;305996;221488;50.9;36.9
27;2021-07-09;1985;5287;307981;226775;51.3;37.8
27;2021-07-10;1167;4178;309148;230953;51.5;38.4
27;2021-07-11;426;1139;309574;232092;51.5;38.6
27;2021-07-12;1254;4374;310828;236466;51.7;39.4
27;2021-07-13;2760;5352;313588;241818;52.2;40.3
27;2021-07-14;1519;1751;315107;243569;52.5;40.5
27;2021-07-15;3033;5468;318140;249037;53.0;41.5
27;2021-07-16;3821;5287;321961;254324;53.6;42.3
27;2021-07-17;2734;3877;324695;258201;54.1;43.0
27;2021-07-18;551;1265;325246;259466;54.1;43.2
27;2021-07-19;3688;3789;328934;263255;54.8;43.8
27;2021-07-20;3460;3587;332394;266842;55.3;44.4
27;2021-07-21;4253;3899;336647;270741;56.0;45.1
27;2021-07-22;4750;3709;341397;274450;56.8;45.7
27;2021-07-23;3591;3400;344988;277850;57.4;46.3
27;2021-07-24;3114;2329;348102;280179;58.0;46.6
27;2021-07-25;493;545;348595;280724;58.0;46.7
27;2021-07-26;3069;3175;351664;283899;58.5;47.3
27;2021-07-27;3598;3103;355262;287002;59.1;47.8
27;2021-07-28;3592;3243;358854;290245;59.7;48.3
27;2021-07-29;4589;3509;363443;293754;60.5;48.9
27;2021-07-30;3815;3142;367258;296896;61.1;49.4
27;2021-07-31;3060;2580;370318;299476;61.6;49.9
27;2021-08-01;536;498;370854;299974;61.7;49.9
27;2021-08-02;3319;2581;374173;302555;62.3;50.4
27;2021-08-03;3427;2771;377600;305326;62.9;50.8
27;2021-08-04;3032;2336;380632;307662;63.4;51.2
27;2021-08-05;2674;2359;383306;310021;63.8;51.6
27;2021-08-06;3259;3250;386565;313271;64.4;52.2
27;2021-08-07;1796;2560;388361;315831;64.7;52.6
27;2021-08-08;219;197;388580;316028;64.7;52.6
27;2021-08-09;2208;2812;390788;318840;65.1;53.1
27;2021-08-10;2810;3505;393598;322345;65.5;53.7
27;2021-08-11;2621;3102;396219;325447;66.0;54.2
27;2021-08-12;2351;3907;398570;329354;66.4;54.8
27;2021-08-13;1729;2560;400299;331914;66.6;55.3
27;2021-08-14;1159;2889;401458;334803;66.8;55.7
27;2021-08-15;17;22;401475;334825;66.8;55.7
27;2021-08-16;1806;3810;403281;338635;67.1;56.4
27;2021-08-17;2040;3439;405321;342074;67.5;56.9
27;2021-08-18;1451;2983;406772;345057;67.7;57.4
27;2021-08-19;1705;3357;408477;348414;68.0;58.0
27;2021-08-20;1629;3439;410106;351853;68.3;58.6
27;2021-08-21;982;2845;411088;354698;68.4;59.0
27;2021-08-22;184;155;411272;354853;68.5;59.1
27;2021-08-23;1076;4004;412348;358857;68.6;59.7
27;2021-08-24;1431;3966;413779;362823;68.9;60.4
27;2021-08-25;1714;3411;415493;366234;69.2;61.0
27;2021-08-26;1145;2919;416638;369153;69.4;61.5
27;2021-08-27;1263;3215;417901;372368;69.6;62.0
27;2021-08-28;908;2861;418809;375229;69.7;62.5
27;2021-08-29;85;136;418894;375365;69.7;62.5
27;2021-08-30;905;3310;419799;378675;69.9;63.0
27;2021-08-31;1213;3199;421012;381874;70.1;63.6
28;2020-12-27;0;0;0;0;0.0;0.0
28;2020-12-28;0;0;0;0;0.0;0.0
28;2020-12-29;0;0;0;0;0.0;0.0
28;2020-12-30;0;0;0;0;0.0;0.0
28;2020-12-31;0;0;0;0;0.0;0.0
28;2021-01-01;1;0;1;0;0.0;0.0
28;2021-01-02;0;0;1;0;0.0;0.0
28;2021-01-03;0;0;1;0;0.0;0.0
28;2021-01-04;0;0;1;0;0.0;0.0
28;2021-01-05;5;0;6;0;0.0;0.0
28;2021-01-06;84;0;90;0;0.0;0.0
28;2021-01-07;102;0;192;0;0.0;0.0
28;2021-01-08;134;2;326;2;0.1;0.0
28;2021-01-09;78;0;404;2;0.1;0.0
28;2021-01-10;1;0;405;2;0.1;0.0
28;2021-01-11;205;0;610;2;0.1;0.0
28;2021-01-12;265;2;875;4;0.2;0.0
28;2021-01-13;397;3;1272;7;0.3;0.0
28;2021-01-14;449;5;1721;12;0.4;0.0
28;2021-01-15;374;3;2095;15;0.5;0.0
28;2021-01-16;206;2;2301;17;0.5;0.0
28;2021-01-17;21;0;2322;17;0.5;0.0
28;2021-01-18;372;2;2694;19;0.6;0.0
28;2021-01-19;503;4;3197;23;0.7;0.0
28;2021-01-20;636;1;3833;24;0.9;0.0
28;2021-01-21;796;3;4629;27;1.1;0.0
28;2021-01-22;478;1;5107;28;1.2;0.0
28;2021-01-23;354;0;5461;28;1.3;0.0
28;2021-01-24;1;0;5462;28;1.3;0.0
28;2021-01-25;456;4;5918;32;1.4;0.0
28;2021-01-26;718;4;6636;36;1.5;0.0
28;2021-01-27;1213;50;7849;86;1.8;0.0
28;2021-01-28;1587;93;9436;179;2.2;0.0
28;2021-01-29;896;98;10332;277;2.4;0.1
28;2021-01-30;248;54;10580;331;2.5;0.1
28;2021-01-31;2;22;10582;353;2.5;0.1
28;2021-02-01;324;121;10906;474;2.5;0.1
28;2021-02-02;368;239;11274;713;2.6;0.2
28;2021-02-03;473;255;11747;968;2.7;0.2
28;2021-02-04;525;277;12272;1245;2.9;0.3
28;2021-02-05;436;227;12708;1472;3.0;0.3
28;2021-02-06;200;129;12908;1601;3.0;0.4
28;2021-02-07;0;0;12908;1601;3.0;0.4
28;2021-02-08;331;247;13239;1848;3.1;0.4
28;2021-02-09;281;342;13520;2190;3.1;0.5
28;2021-02-10;443;399;13963;2589;3.3;0.6
28;2021-02-11;561;484;14524;3073;3.4;0.7
28;2021-02-12;453;426;14977;3499;3.5;0.8
28;2021-02-13;181;191;15158;3690;3.5;0.9
28;2021-02-14;0;2;15158;3692;3.5;0.9
28;2021-02-15;280;473;15438;4165;3.6;1.0
28;2021-02-16;394;707;15832;4872;3.7;1.1
28;2021-02-17;585;1151;16417;6023;3.8;1.4
28;2021-02-18;666;1396;17083;7419;4.0;1.7
28;2021-02-19;548;764;17631;8183;4.1;1.9
28;2021-02-20;114;144;17745;8327;4.1;1.9
28;2021-02-21;7;33;17752;8360;4.1;1.9
28;2021-02-22;223;513;17975;8873;4.2;2.1
28;2021-02-23;203;374;18178;9247;4.2;2.2
28;2021-02-24;244;470;18422;9717;4.3;2.3
28;2021-02-25;574;449;18996;10166;4.4;2.4
28;2021-02-26;764;378;19760;10544;4.6;2.5
28;2021-02-27;265;86;20025;10630;4.7;2.5
28;2021-02-28;23;17;20048;10647;4.7;2.5
28;2021-03-01;291;216;20339;10863;4.7;2.5
28;2021-03-02;397;277;20736;11140;4.8;2.6
28;2021-03-03;369;399;21105;11539;4.9;2.7
28;2021-03-04;720;487;21825;12026;5.1;2.8
28;2021-03-05;1319;418;23144;12444;5.4;2.9
28;2021-03-06;1998;88;25142;12532;5.9;2.9
28;2021-03-07;974;30;26116;12562;6.1;2.9
28;2021-03-08;398;309;26514;12871;6.2;3.0
28;2021-03-09;980;360;27494;13231;6.4;3.1
28;2021-03-10;1357;545;28851;13776;6.7;3.2
28;2021-03-11;1536;703;30387;14479;7.1;3.4
28;2021-03-12;2258;643;32645;15122;7.6;3.5
28;2021-03-13;1235;132;33880;15254;7.9;3.6
28;2021-03-14;518;18;34398;15272;8.0;3.6
28;2021-03-15;755;232;35153;15504;8.2;3.6
28;2021-03-16;716;224;35869;15728;8.4;3.7
28;2021-03-17;746;289;36615;16017;8.5;3.7
28;2021-03-18;1202;276;37817;16293;8.8;3.8
28;2021-03-19;1557;333;39374;16626;9.2;3.9
28;2021-03-20;639;21;40013;16647;9.3;3.9
28;2021-03-21;29;8;40042;16655;9.3;3.9
28;2021-03-22;767;321;40809;16976;9.5;4.0
28;2021-03-23;1027;194;41836;17170;9.7;4.0
28;2021-03-24;1312;278;43148;17448;10.0;4.1
28;2021-03-25;1797;289;44945;17737;10.5;4.1
28;2021-03-26;2083;344;47028;18081;11.0;4.2
28;2021-03-27;402;38;47430;18119;11.0;4.2
28;2021-03-28;12;0;47442;18119;11.0;4.2
28;2021-03-29;1140;357;48582;18476;11.3;4.3
28;2021-03-30;1711;251;50293;18727;11.7;4.4
28;2021-03-31;2018;482;52311;19209;12.2;4.5
28;2021-04-01;1796;587;54107;19796;12.6;4.6
28;2021-04-02;1585;1317;55692;21113;13.0;4.9
28;2021-04-03;607;1071;56299;22184;13.1;5.2
28;2021-04-04;33;302;56332;22486;13.1;5.2
28;2021-04-05;40;3;56372;22489;13.1;5.2
28;2021-04-06;1225;460;57597;22949;13.4;5.3
28;2021-04-07;1890;1006;59487;23955;13.9;5.6
28;2021-04-08;2086;1074;61573;25029;14.3;5.8
28;2021-04-09;3235;923;64808;25952;15.1;6.0
28;2021-04-10;1581;199;66389;26151;15.5;6.1
28;2021-04-11;141;451;66530;26602;15.5;6.2
28;2021-04-12;1674;562;68204;27164;15.9;6.3
28;2021-04-13;1875;672;70079;27836;16.3;6.5
28;2021-04-14;2771;903;72850;28739;17.0;6.7
28;2021-04-15;2555;1144;75405;29883;17.6;7.0
28;2021-04-16;2553;805;77958;30688;18.2;7.1
28;2021-04-17;2309;134;80267;30822;18.7;7.2
28;2021-04-18;45;8;80312;30830;18.7;7.2
28;2021-04-19;1577;649;81889;31479;19.1;7.3
28;2021-04-20;1841;598;83730;32077;19.5;7.5
28;2021-04-21;2679;963;86409;33040;20.1;7.7
28;2021-04-22;1782;1215;88191;34255;20.5;8.0
28;2021-04-23;2324;1104;90515;35359;21.1;8.2
28;2021-04-24;3657;136;94172;35495;21.9;8.3
28;2021-04-25;1012;38;95184;35533;22.2;8.3
28;2021-04-26;1331;927;96515;36460;22.5;8.5
28;2021-04-27;1436;1283;97951;37743;22.8;8.8
28;2021-04-28;2374;1830;100325;39573;23.4;9.2
28;2021-04-29;2129;1506;102454;41079;23.9;9.6
28;2021-04-30;2973;1227;105427;42306;24.6;9.9
28;2021-05-01;127;121;105554;42427;24.6;9.9
28;2021-05-02;2;65;105556;42492;24.6;9.9
28;2021-05-03;1047;1020;106603;43512;24.8;10.1
28;2021-05-04;1360;1669;107963;45181;25.1;10.5
28;2021-05-05;2830;1651;110793;46832;25.8;10.9
28;2021-05-06;2457;1473;113250;48305;26.4;11.2
28;2021-05-07;2310;1933;115560;50238;26.9;11.7
28;2021-05-08;1077;117;116637;50355;27.2;11.7
28;2021-05-09;105;610;116742;50965;27.2;11.9
28;2021-05-10;1308;1893;118050;52858;27.5;12.3
28;2021-05-11;2028;2345;120078;55203;28.0;12.9
28;2021-05-12;2619;3233;122697;58436;28.6;13.6
28;2021-05-13;290;451;122987;58887;28.6;13.7
28;2021-05-14;1898;1616;124885;60503;29.1;14.1
28;2021-05-15;1436;1674;126321;62177;29.4;14.5
28;2021-05-16;1987;130;128308;62307;29.9;14.5
28;2021-05-17;2875;1493;131183;63800;30.5;14.9
28;2021-05-18;3382;1382;134565;65182;31.3;15.2
28;2021-05-19;5092;1282;139657;66464;32.5;15.5
28;2021-05-20;4150;1231;143807;67695;33.5;15.8
28;2021-05-21;3465;1587;147272;69282;34.3;16.1
28;2021-05-22;728;1161;148000;70443;34.5;16.4
28;2021-05-23;1957;138;149957;70581;34.9;16.4
28;2021-05-24;1429;395;151386;70976;35.3;16.5
28;2021-05-25;1877;1408;153263;72384;35.7;16.9
28;2021-05-26;2767;1346;156030;73730;36.3;17.2
28;2021-05-27;2756;1235;158786;74965;37.0;17.5
28;2021-05-28;3081;1734;161867;76699;37.7;17.9
28;2021-05-29;1869;876;163736;77575;38.1;18.1
28;2021-05-30;16;47;163752;77622;38.1;18.1
28;2021-05-31;2014;937;165766;78559;38.6;18.3
28;2021-06-01;2133;1663;167899;80222;39.1;18.7
28;2021-06-02;2077;2458;169976;82680;39.6;19.3
28;2021-06-03;2498;1563;172474;84243;40.2;19.6
28;2021-06-04;2608;2357;175082;86600;40.8;20.2
28;2021-06-05;1909;2527;176991;89127;41.2;20.8
28;2021-06-06;1059;1043;178050;90170;41.5;21.0
28;2021-06-07;3577;1574;181627;91744;42.3;21.4
28;2021-06-08;3197;1518;184824;93262;43.0;21.7
28;2021-06-09;3676;2130;188500;95392;43.9;22.2
28;2021-06-10;3142;1262;191642;96654;44.6;22.5
28;2021-06-11;3792;2133;195434;98787;45.5;23.0
28;2021-06-12;1305;560;196739;99347;45.8;23.1
28;2021-06-13;385;108;197124;99455;45.9;23.2
28;2021-06-14;2208;2001;199332;101456;46.4;23.6
28;2021-06-15;2092;2225;201424;103681;46.9;24.1
28;2021-06-16;2510;3982;203934;107663;47.5;25.1
28;2021-06-17;1926;3135;205860;110798;47.9;25.8
28;2021-06-18;2473;3788;208333;114586;48.5;26.7
28;2021-06-19;776;1613;209109;116199;48.7;27.1
28;2021-06-20;23;24;209132;116223;48.7;27.1
28;2021-06-21;1685;1991;210817;118214;49.1;27.5
28;2021-06-22;1371;2108;212188;120322;49.4;28.0
28;2021-06-23;1782;3164;213970;123486;49.8;28.8
28;2021-06-24;733;930;214703;124416;50.0;29.0
28;2021-06-25;1891;3028;216594;127444;50.4;29.7
28;2021-06-26;310;2116;216904;129560;50.5;30.2
28;2021-06-27;588;1284;217492;130844;50.6;30.5
28;2021-06-28;1226;3657;218718;134501;50.9;31.3
28;2021-06-29;1342;3797;220060;138298;51.2;32.2
28;2021-06-30;1493;4259;221553;142557;51.6;33.2
28;2021-07-01;1278;3500;222831;146057;51.9;34.0
28;2021-07-02;1313;4653;224144;150710;52.2;35.1
28;2021-07-03;1132;2370;225276;153080;52.5;35.6
28;2021-07-04;146;1325;225422;154405;52.5;36.0
28;2021-07-05;1362;2513;226784;156918;52.8;36.5
28;2021-07-06;1510;2869;228294;159787;53.2;37.2
28;2021-07-07;1636;4144;229930;163931;53.5;38.2
28;2021-07-08;1470;3238;231400;167169;53.9;38.9
28;2021-07-09;1393;4520;232793;171689;54.2;40.0
28;2021-07-10;528;2208;233321;173897;54.3;40.5
28;2021-07-11;2;1;233323;173898;54.3;40.5
28;2021-07-12;1527;3929;234850;177827;54.7;41.4
28;2021-07-13;2264;4141;237114;181968;55.2;42.4
28;2021-07-14;1329;1396;238443;183364;55.5;42.7
28;2021-07-15;2986;3978;241429;187342;56.2;43.6
28;2021-07-16;2443;4752;243872;192094;56.8;44.7
28;2021-07-17;1263;2430;245135;194524;57.1;45.3
28;2021-07-18;369;944;245504;195468;57.2;45.5
28;2021-07-19;1806;4341;247310;199809;57.6;46.5
28;2021-07-20;2474;4088;249784;203897;58.2;47.5
28;2021-07-21;2965;4286;252749;208183;58.9;48.5
28;2021-07-22;3667;3430;256416;211613;59.7;49.3
28;2021-07-23;2961;3999;259377;215612;60.4;50.2
28;2021-07-24;1694;1477;261071;217089;60.8;50.6
28;2021-07-25;68;61;261139;217150;60.8;50.6
28;2021-07-26;2931;3386;264070;220536;61.5;51.4
28;2021-07-27;3885;2620;267955;223156;62.4;52.0
28;2021-07-28;3948;2740;271903;225896;63.3;52.6
28;2021-07-29;4464;2089;276367;227985;64.4;53.1
28;2021-07-30;3816;2840;280183;230825;65.2;53.8
28;2021-07-31;762;824;280945;231649;65.4;53.9
28;2021-08-01;378;65;281323;231714;65.5;54.0
28;2021-08-02;1791;1519;283114;233233;65.9;54.3
28;2021-08-03;2685;2162;285799;235395;66.6;54.8
28;2021-08-04;1932;2301;287731;237696;67.0;55.4
28;2021-08-05;1659;1734;289390;239430;67.4;55.8
28;2021-08-06;1614;1968;291004;241398;67.8;56.2
28;2021-08-07;798;1002;291802;242400;68.0;56.4
28;2021-08-08;22;33;291824;242433;68.0;56.5
28;2021-08-09;1384;1095;293208;243528;68.3;56.7
28;2021-08-10;1705;2026;294913;245554;68.7;57.2
28;2021-08-11;1269;1574;296182;247128;69.0;57.5
28;2021-08-12;1161;1886;297343;249014;69.2;58.0
28;2021-08-13;1288;1647;298631;250661;69.5;58.4
28;2021-08-14;655;842;299286;251503;69.7;58.6
28;2021-08-15;265;60;299551;251563;69.8;58.6
28;2021-08-16;858;2144;300409;253707;70.0;59.1
28;2021-08-17;1120;2797;301529;256504;70.2;59.7
28;2021-08-18;887;2413;302416;258917;70.4;60.3
28;2021-08-19;882;2615;303298;261532;70.6;60.9
28;2021-08-20;926;2751;304224;264283;70.8;61.5
28;2021-08-21;379;1000;304603;265283;70.9;61.8
28;2021-08-22;8;31;304611;265314;70.9;61.8
28;2021-08-23;1040;2145;305651;267459;71.2;62.3
28;2021-08-24;861;2582;306512;270041;71.4;62.9
28;2021-08-25;1068;2207;307580;272248;71.6;63.4
28;2021-08-26;693;1812;308273;274060;71.8;63.8
28;2021-08-27;738;2359;309011;276419;72.0;64.4
28;2021-08-28;519;1093;309530;277512;72.1;64.6
28;2021-08-29;5;26;309535;277538;72.1;64.6
28;2021-08-30;964;2178;310499;279716;72.3;65.1
28;2021-08-31;735;2240;311234;281956;72.5;65.7
29;2020-12-27;0;0;0;0;0.0;0.0
29;2020-12-28;1;0;1;0;0.0;0.0
29;2020-12-29;0;0;1;0;0.0;0.0
29;2020-12-30;0;0;1;0;0.0;0.0
29;2020-12-31;0;0;1;0;0.0;0.0
29;2021-01-01;2;0;3;0;0.0;0.0
29;2021-01-02;0;0;3;0;0.0;0.0
29;2021-01-03;1;0;4;0;0.0;0.0
29;2021-01-04;32;0;36;0;0.0;0.0
29;2021-01-05;31;0;67;0;0.0;0.0
29;2021-01-06;43;0;110;0;0.0;0.0
29;2021-01-07;137;0;247;0;0.0;0.0
29;2021-01-08;408;0;655;0;0.1;0.0
29;2021-01-09;2;0;657;0;0.1;0.0
29;2021-01-10;2;0;659;0;0.1;0.0
29;2021-01-11;667;0;1326;0;0.1;0.0
29;2021-01-12;1120;0;2446;0;0.3;0.0
29;2021-01-13;1101;2;3547;2;0.4;0.0
29;2021-01-14;894;4;4441;6;0.5;0.0
29;2021-01-15;1221;7;5662;13;0.6;0.0
29;2021-01-16;168;1;5830;14;0.6;0.0
29;2021-01-17;112;1;5942;15;0.7;0.0
29;2021-01-18;839;3;6781;18;0.7;0.0
29;2021-01-19;1313;1;8094;19;0.9;0.0
29;2021-01-20;2396;2;10490;21;1.2;0.0
29;2021-01-21;5657;6;16147;27;1.8;0.0
29;2021-01-22;3774;5;19921;32;2.2;0.0
29;2021-01-23;538;0;20459;32;2.3;0.0
29;2021-01-24;200;1;20659;33;2.3;0.0
29;2021-01-25;575;7;21234;40;2.3;0.0
29;2021-01-26;951;34;22185;74;2.4;0.0
29;2021-01-27;1286;54;23471;128;2.6;0.0
29;2021-01-28;802;137;24273;265;2.7;0.0
29;2021-01-29;780;205;25053;470;2.8;0.1
29;2021-01-30;281;4;25334;474;2.8;0.1
29;2021-01-31;80;5;25414;479;2.8;0.1
29;2021-02-01;429;444;25843;923;2.9;0.1
29;2021-02-02;876;823;26719;1746;2.9;0.2
29;2021-02-03;810;894;27529;2640;3.0;0.3
29;2021-02-04;867;641;28396;3281;3.1;0.4
29;2021-02-05;675;584;29071;3865;3.2;0.4
29;2021-02-06;247;102;29318;3967;3.2;0.4
29;2021-02-07;78;105;29396;4072;3.2;0.4
29;2021-02-08;383;444;29779;4516;3.3;0.5
29;2021-02-09;863;852;30642;5368;3.4;0.6
29;2021-02-10;1150;1016;31792;6384;3.5;0.7
29;2021-02-11;1796;4158;33588;10542;3.7;1.2
29;2021-02-12;2324;2501;35912;13043;4.0;1.4
29;2021-02-13;638;413;36550;13456;4.0;1.5
29;2021-02-14;12;226;36562;13682;4.0;1.5
29;2021-02-15;266;932;36828;14614;4.1;1.6
29;2021-02-16;887;1056;37715;15670;4.2;1.7
29;2021-02-17;801;844;38516;16514;4.2;1.8
29;2021-02-18;1530;840;40046;17354;4.4;1.9
29;2021-02-19;1415;1000;41461;18354;4.6;2.0
29;2021-02-20;204;361;41665;18715;4.6;2.1
29;2021-02-21;162;167;41827;18882;4.6;2.1
29;2021-02-22;773;563;42600;19445;4.7;2.1
29;2021-02-23;1271;885;43871;20330;4.8;2.2
29;2021-02-24;1470;817;45341;21147;5.0;2.3
29;2021-02-25;2509;893;47850;22040;5.3;2.4
29;2021-02-26;2676;705;50526;22745;5.6;2.5
29;2021-02-27;1284;273;51810;23018;5.7;2.5
29;2021-02-28;200;72;52010;23090;5.7;2.5
29;2021-03-01;945;482;52955;23572;5.8;2.6
29;2021-03-02;1817;794;54772;24366;6.0;2.7
29;2021-03-03;2093;1015;56865;25381;6.3;2.8
29;2021-03-04;2844;1554;59709;26935;6.6;3.0
29;2021-03-05;3540;1680;63249;28615;7.0;3.2
29;2021-03-06;2000;439;65249;29054;7.2;3.2
29;2021-03-07;412;81;65661;29135;7.2;3.2
29;2021-03-08;1274;592;66935;29727;7.4;3.3
29;2021-03-09;2605;973;69540;30700;7.7;3.4
29;2021-03-10;2427;871;71967;31571;7.9;3.5
29;2021-03-11;4519;998;76486;32569;8.4;3.6
29;2021-03-12;5271;968;81757;33537;9.0;3.7
29;2021-03-13;2825;410;84582;33947;9.3;3.7
29;2021-03-14;365;3;84947;33950;9.4;3.7
29;2021-03-15;2050;270;86997;34220;9.6;3.8
29;2021-03-16;1823;741;88820;34961;9.8;3.9
29;2021-03-17;1861;715;90681;35676;10.0;3.9
29;2021-03-18;1865;1039;92546;36715;10.2;4.0
29;2021-03-19;3270;880;95816;37595;10.6;4.1
29;2021-03-20;1914;222;97730;37817;10.8;4.2
29;2021-03-21;132;11;97862;37828;10.8;4.2
29;2021-03-22;1647;556;99509;38384;11.0;4.2
29;2021-03-23;3441;1036;102950;39420;11.4;4.3
29;2021-03-24;3781;1025;106731;40445;11.8;4.5
29;2021-03-25;4819;1071;111550;41516;12.3;4.6
29;2021-03-26;5423;1168;116973;42684;12.9;4.7
29;2021-03-27;2429;332;119402;43016;13.2;4.7
29;2021-03-28;198;50;119600;43066;13.2;4.8
29;2021-03-29;2041;823;121641;43889;13.4;4.8
29;2021-03-30;3977;1331;125618;45220;13.9;5.0
29;2021-03-31;3937;1154;129555;46374;14.3;5.1
29;2021-04-01;5025;1145;134580;47519;14.8;5.2
29;2021-04-02;4765;1167;139345;48686;15.4;5.4
29;2021-04-03;2500;538;141845;49224;15.6;5.4
29;2021-04-04;146;33;141991;49257;15.7;5.4
29;2021-04-05;972;331;142963;49588;15.8;5.5
29;2021-04-06;3198;1237;146161;50825;16.1;5.6
29;2021-04-07;3654;941;149815;51766;16.5;5.7
29;2021-04-08;5287;2057;155102;53823;17.1;5.9
29;2021-04-09;6750;1564;161852;55387;17.9;6.1
29;2021-04-10;3499;707;165351;56094;18.2;6.2
29;2021-04-11;120;80;165471;56174;18.3;6.2
29;2021-04-12;3853;1480;169324;57654;18.7;6.4
29;2021-04-13;5862;1760;175186;59414;19.3;6.6
29;2021-04-14;4762;1744;179948;61158;19.8;6.7
29;2021-04-15;7175;1729;187123;62887;20.6;6.9
29;2021-04-16;6703;1354;193826;64241;21.4;7.1
29;2021-04-17;3828;970;197654;65211;21.8;7.2
29;2021-04-18;489;40;198143;65251;21.9;7.2
29;2021-04-19;3881;1464;202024;66715;22.3;7.4
29;2021-04-20;4397;2134;206421;68849;22.8;7.6
29;2021-04-21;4375;2200;210796;71049;23.3;7.8
29;2021-04-22;6643;2855;217439;73904;24.0;8.2
29;2021-04-23;6048;2199;223487;76103;24.7;8.4
29;2021-04-24;4008;1318;227495;77421;25.1;8.5
29;2021-04-25;433;169;227928;77590;25.1;8.6
29;2021-04-26;5261;1879;233189;79469;25.7;8.8
29;2021-04-27;5335;3192;238524;82661;26.3;9.1
29;2021-04-28;5355;2905;243879;85566;26.9;9.4
29;2021-04-29;6594;3347;250473;88913;27.6;9.8
29;2021-04-30;6269;3907;256742;92820;28.3;10.2
29;2021-05-01;1986;978;258728;93798;28.5;10.3
29;2021-05-02;1249;195;259977;93993;28.7;10.4
29;2021-05-03;4541;2291;264518;96284;29.2;10.6
29;2021-05-04;4111;3744;268629;100028;29.6;11.0
29;2021-05-05;4518;3408;273147;103436;30.1;11.4
29;2021-05-06;6236;3717;279383;107153;30.8;11.8
29;2021-05-07;5984;4620;285367;111773;31.5;12.3
29;2021-05-08;2096;563;287463;112336;31.7;12.4
29;2021-05-09;1727;137;289190;112473;31.9;12.4
29;2021-05-10;4760;3770;293950;116243;32.4;12.8
29;2021-05-11;4711;4997;298661;121240;32.9;13.4
29;2021-05-12;5026;4384;303687;125624;33.5;13.9
29;2021-05-13;3441;1501;307128;127125;33.9;14.0
29;2021-05-14;5649;4006;312777;131131;34.5;14.5
29;2021-05-15;4048;2313;316825;133444;34.9;14.7
29;2021-05-16;1588;294;318413;133738;35.1;14.8
29;2021-05-17;5563;3133;323976;136871;35.7;15.1
29;2021-05-18;5732;3098;329708;139969;36.4;15.4
29;2021-05-19;6212;2972;335920;142941;37.1;15.8
29;2021-05-20;7176;4570;343096;147511;37.8;16.3
29;2021-05-21;7216;3816;350312;151327;38.6;16.7
29;2021-05-22;5342;2128;355654;153455;39.2;16.9
29;2021-05-23;1631;65;357285;153520;39.4;16.9
29;2021-05-24;3485;535;360770;154055;39.8;17.0
29;2021-05-25;5836;3045;366606;157100;40.4;17.3
29;2021-05-26;5894;2997;372500;160097;41.1;17.7
29;2021-05-27;6827;3989;379327;164086;41.8;18.1
29;2021-05-28;6547;4449;385874;168535;42.6;18.6
29;2021-05-29;4382;2808;390256;171343;43.0;18.9
29;2021-05-30;1115;360;391371;171703;43.2;18.9
29;2021-05-31;6384;3459;397755;175162;43.9;19.3
29;2021-06-01;6603;4353;404358;179515;44.6;19.8
29;2021-06-02;6166;4133;410524;183648;45.3;20.3
29;2021-06-03;7696;4528;418220;188176;46.1;20.8
29;2021-06-04;6814;6164;425034;194340;46.9;21.4
29;2021-06-05;5351;3037;430385;197377;47.5;21.8
29;2021-06-06;1285;538;431670;197915;47.6;21.8
29;2021-06-07;4660;5564;436330;203479;48.1;22.4
29;2021-06-08;7175;5210;443505;208689;48.9;23.0
29;2021-06-09;6409;4754;449914;213443;49.6;23.5
29;2021-06-10;7775;5065;457689;218508;50.5;24.1
29;2021-06-11;8478;5874;466167;224382;51.4;24.8
29;2021-06-12;6568;2816;472735;227198;52.1;25.1
29;2021-06-13;2352;1372;475087;228570;52.4;25.2
29;2021-06-14;4035;6322;479122;234892;52.9;25.9
29;2021-06-15;5478;6187;484600;241079;53.5;26.6
29;2021-06-16;5571;5631;490171;246710;54.1;27.2
29;2021-06-17;6368;6311;496539;253021;54.8;27.9
29;2021-06-18;6116;7490;502655;260511;55.4;28.7
29;2021-06-19;4623;3526;507278;264037;56.0;29.1
29;2021-06-20;891;1452;508169;265489;56.1;29.3
29;2021-06-21;3761;6496;511930;271985;56.5;30.0
29;2021-06-22;4489;6427;516419;278412;57.0;30.7
29;2021-06-23;4674;6130;521093;284542;57.5;31.4
29;2021-06-24;4809;6747;525902;291289;58.0;32.1
29;2021-06-25;3599;7532;529501;298821;58.4;33.0
29;2021-06-26;2131;4093;531632;302914;58.6;33.4
29;2021-06-27;968;1632;532600;304546;58.7;33.6
29;2021-06-28;2842;6863;535442;311409;59.1;34.4
29;2021-06-29;2811;7730;538253;319139;59.4;35.2
29;2021-06-30;3047;7510;541300;326649;59.7;36.0
29;2021-07-01;3788;8421;545088;335070;60.1;37.0
29;2021-07-02;3607;9670;548695;344740;60.5;38.0
29;2021-07-03;2328;6055;551023;350795;60.8;38.7
29;2021-07-04;816;1771;551839;352566;60.9;38.9
29;2021-07-05;1915;7159;553754;359725;61.1;39.7
29;2021-07-06;1540;8009;555294;367734;61.3;40.6
29;2021-07-07;1708;7042;557002;374776;61.4;41.3
29;2021-07-08;2454;8208;559456;382984;61.7;42.2
29;2021-07-09;2631;9073;562087;392057;62.0;43.2
29;2021-07-10;1919;6106;564006;398163;62.2;43.9
29;2021-07-11;449;1064;564455;399227;62.3;44.0
29;2021-07-12;1983;8378;566438;407605;62.5;45.0
29;2021-07-13;2754;8665;569192;416270;62.8;45.9
29;2021-07-14;2086;3370;571278;419640;63.0;46.3
29;2021-07-15;3859;9732;575137;429372;63.4;47.4
29;2021-07-16;4618;9198;579755;438570;64.0;48.4
29;2021-07-17;3223;6117;582978;444687;64.3;49.1
29;2021-07-18;668;1078;583646;445765;64.4;49.2
29;2021-07-19;3156;7547;586802;453312;64.7;50.0
29;2021-07-20;3557;9436;590359;462748;65.1;51.0
29;2021-07-21;3657;7727;594016;470475;65.5;51.9
29;2021-07-22;3414;8538;597430;479013;65.9;52.8
29;2021-07-23;4061;10708;601491;489721;66.3;54.0
29;2021-07-24;2534;5959;604025;495680;66.6;54.7
29;2021-07-25;655;2361;604680;498041;66.7;54.9
29;2021-07-26;3388;7276;608068;505317;67.1;55.7
29;2021-07-27;3720;7112;611788;512429;67.5;56.5
29;2021-07-28;4205;6034;615993;518463;67.9;57.2
29;2021-07-29;5688;6362;621681;524825;68.6;57.9
29;2021-07-30;5455;6538;627136;531363;69.2;58.6
29;2021-07-31;2933;4932;630069;536295;69.5;59.2
29;2021-08-01;654;922;630723;537217;69.6;59.3
29;2021-08-02;4289;5221;635012;542438;70.0;59.8
29;2021-08-03;5484;4408;640496;546846;70.7;60.3
29;2021-08-04;5734;3607;646230;550453;71.3;60.7
29;2021-08-05;6637;4113;652867;554566;72.0;61.2
29;2021-08-06;6182;4336;659049;558902;72.7;61.7
29;2021-08-07;4281;2954;663330;561856;73.2;62.0
29;2021-08-08;842;753;664172;562609;73.3;62.1
29;2021-08-09;3076;4742;667248;567351;73.6;62.6
29;2021-08-10;4480;3869;671728;571220;74.1;63.0
29;2021-08-11;3948;3184;675676;574404;74.5;63.4
29;2021-08-12;4626;4497;680302;578901;75.0;63.9
29;2021-08-13;4143;3721;684445;582622;75.5;64.3
29;2021-08-14;2955;2840;687400;585462;75.8;64.6
29;2021-08-15;337;403;687737;585865;75.9;64.6
29;2021-08-16;3273;4381;691010;590246;76.2;65.1
29;2021-08-17;4394;3415;695404;593661;76.7;65.5
29;2021-08-18;3664;3617;699068;597278;77.1;65.9
29;2021-08-19;3899;4717;702967;601995;77.5;66.4
29;2021-08-20;3498;4601;706465;606596;77.9;66.9
29;2021-08-21;2265;3165;708730;609761;78.2;67.3
29;2021-08-22;214;416;708944;610177;78.2;67.3
29;2021-08-23;2495;4625;711439;614802;78.5;67.8
29;2021-08-24;2441;4950;713880;619752;78.7;68.4
29;2021-08-25;2150;4227;716030;623979;79.0;68.8
29;2021-08-26;2335;5337;718365;629316;79.2;69.4
29;2021-08-27;2042;5914;720407;635230;79.5;70.1
29;2021-08-28;1464;3996;721871;639226;79.6;70.5
29;2021-08-29;446;1318;722317;640544;79.7;70.7
29;2021-08-30;1451;4229;723768;644773;79.8;71.1
29;2021-08-31;1574;4527;725342;649300;80.0;71.6
2A;2020-12-27;0;0;0;0;0.0;0.0
2A;2020-12-28;0;0;0;0;0.0;0.0
2A;2020-12-29;0;0;0;0;0.0;0.0
2A;2020-12-30;0;0;0;0;0.0;0.0
2A;2020-12-31;0;0;0;0;0.0;0.0
2A;2021-01-01;0;0;0;0;0.0;0.0
2A;2021-01-02;1;0;1;0;0.0;0.0
2A;2021-01-03;0;0;1;0;0.0;0.0
2A;2021-01-04;0;0;1;0;0.0;0.0
2A;2021-01-05;0;0;1;0;0.0;0.0
2A;2021-01-06;6;0;7;0;0.0;0.0
2A;2021-01-07;122;1;129;1;0.1;0.0
2A;2021-01-08;113;0;242;1;0.1;0.0
2A;2021-01-09;39;0;281;1;0.2;0.0
2A;2021-01-10;33;0;314;1;0.2;0.0
2A;2021-01-11;76;0;390;1;0.2;0.0
2A;2021-01-12;85;0;475;1;0.3;0.0
2A;2021-01-13;111;0;586;1;0.4;0.0
2A;2021-01-14;191;1;777;2;0.5;0.0
2A;2021-01-15;149;0;926;2;0.6;0.0
2A;2021-01-16;160;1;1086;3;0.7;0.0
2A;2021-01-17;85;1;1171;4;0.7;0.0
2A;2021-01-18;201;2;1372;6;0.8;0.0
2A;2021-01-19;487;0;1859;6;1.1;0.0
2A;2021-01-20;356;0;2215;6;1.4;0.0
2A;2021-01-21;453;1;2668;7;1.6;0.0
2A;2021-01-22;367;0;3035;7;1.9;0.0
2A;2021-01-23;183;0;3218;7;2.0;0.0
2A;2021-01-24;118;1;3336;8;2.1;0.0
2A;2021-01-25;214;0;3550;8;2.2;0.0
2A;2021-01-26;402;7;3952;15;2.4;0.0
2A;2021-01-27;324;5;4276;20;2.6;0.0
2A;2021-01-28;335;79;4611;99;2.8;0.1
2A;2021-01-29;341;62;4952;161;3.0;0.1
2A;2021-01-30;127;38;5079;199;3.1;0.1
2A;2021-01-31;92;12;5171;211;3.2;0.1
2A;2021-02-01;231;49;5402;260;3.3;0.2
2A;2021-02-02;288;118;5690;378;3.5;0.2
2A;2021-02-03;265;75;5955;453;3.7;0.3
2A;2021-02-04;256;121;6211;574;3.8;0.4
2A;2021-02-05;267;105;6478;679;4.0;0.4
2A;2021-02-06;121;59;6599;738;4.1;0.5
2A;2021-02-07;68;54;6667;792;4.1;0.5
2A;2021-02-08;91;207;6758;999;4.2;0.6
2A;2021-02-09;128;302;6886;1301;4.2;0.8
2A;2021-02-10;161;234;7047;1535;4.3;0.9
2A;2021-02-11;296;362;7343;1897;4.5;1.2
2A;2021-02-12;345;297;7688;2194;4.7;1.4
2A;2021-02-13;225;59;7913;2253;4.9;1.4
2A;2021-02-14;133;77;8046;2330;5.0;1.4
2A;2021-02-15;198;177;8244;2507;5.1;1.5
2A;2021-02-16;384;314;8628;2821;5.3;1.7
2A;2021-02-17;287;166;8915;2987;5.5;1.8
2A;2021-02-18;340;196;9255;3183;5.7;2.0
2A;2021-02-19;145;298;9400;3481;5.8;2.1
2A;2021-02-20;243;135;9643;3616;5.9;2.2
2A;2021-02-21;58;54;9701;3670;6.0;2.3
2A;2021-02-22;77;212;9778;3882;6.0;2.4
2A;2021-02-23;122;284;9900;4166;6.1;2.6
2A;2021-02-24;82;296;9982;4462;6.1;2.7
2A;2021-02-25;105;259;10087;4721;6.2;2.9
2A;2021-02-26;123;270;10210;4991;6.3;3.1
2A;2021-02-27;308;69;10518;5060;6.5;3.1
2A;2021-02-28;69;66;10587;5126;6.5;3.2
2A;2021-03-01;116;151;10703;5277;6.6;3.2
2A;2021-03-02;198;263;10901;5540;6.7;3.4
2A;2021-03-03;244;255;11145;5795;6.9;3.6
2A;2021-03-04;508;227;11653;6022;7.2;3.7
2A;2021-03-05;972;288;12625;6310;7.8;3.9
2A;2021-03-06;1166;75;13791;6385;8.5;3.9
2A;2021-03-07;1020;47;14811;6432;9.1;4.0
2A;2021-03-08;933;88;15744;6520;9.7;4.0
2A;2021-03-09;937;151;16681;6671;10.3;4.1
2A;2021-03-10;630;139;17311;6810;10.7;4.2
2A;2021-03-11;723;281;18034;7091;11.1;4.4
2A;2021-03-12;561;318;18595;7409;11.4;4.6
2A;2021-03-13;613;198;19208;7607;11.8;4.7
2A;2021-03-14;312;126;19520;7733;12.0;4.8
2A;2021-03-15;377;203;19897;7936;12.3;4.9
2A;2021-03-16;498;370;20395;8306;12.6;5.1
2A;2021-03-17;699;275;21094;8581;13.0;5.3
2A;2021-03-18;447;304;21541;8885;13.3;5.5
2A;2021-03-19;488;158;22029;9043;13.6;5.6
2A;2021-03-20;1079;261;23108;9304;14.2;5.7
2A;2021-03-21;695;54;23803;9358;14.7;5.8
2A;2021-03-22;347;67;24150;9425;14.9;5.8
2A;2021-03-23;518;59;24668;9484;15.2;5.8
2A;2021-03-24;864;91;25532;9575;15.7;5.9
2A;2021-03-25;930;143;26462;9718;16.3;6.0
2A;2021-03-26;1081;164;27543;9882;17.0;6.1
2A;2021-03-27;1189;201;28732;10083;17.7;6.2
2A;2021-03-28;241;97;28973;10180;17.8;6.3
2A;2021-03-29;283;138;29256;10318;18.0;6.4
2A;2021-03-30;383;237;29639;10555;18.2;6.5
2A;2021-03-31;446;226;30085;10781;18.5;6.6
2A;2021-04-01;638;453;30723;11234;18.9;6.9
2A;2021-04-02;904;785;31627;12019;19.5;7.4
2A;2021-04-03;646;983;32273;13002;19.9;8.0
2A;2021-04-04;579;784;32852;13786;20.2;8.5
2A;2021-04-05;525;698;33377;14484;20.5;8.9
2A;2021-04-06;549;558;33926;15042;20.9;9.3
2A;2021-04-07;789;427;34715;15469;21.4;9.5
2A;2021-04-08;1049;358;35764;15827;22.0;9.7
2A;2021-04-09;935;396;36699;16223;22.6;10.0
2A;2021-04-10;1059;382;37758;16605;23.2;10.2
2A;2021-04-11;362;256;38120;16861;23.5;10.4
2A;2021-04-12;669;342;38789;17203;23.9;10.6
2A;2021-04-13;329;380;39118;17583;24.1;10.8
2A;2021-04-14;1047;589;40165;18172;24.7;11.2
2A;2021-04-15;1044;524;41209;18696;25.4;11.5
2A;2021-04-16;872;393;42081;19089;25.9;11.8
2A;2021-04-17;1369;938;43450;20027;26.8;12.3
2A;2021-04-18;982;948;44432;20975;27.4;12.9
2A;2021-04-19;270;343;44702;21318;27.5;13.1
2A;2021-04-20;354;344;45056;21662;27.7;13.3
2A;2021-04-21;729;734;45785;22396;28.2;13.8
2A;2021-04-22;896;648;46681;23044;28.7;14.2
2A;2021-04-23;986;776;47667;23820;29.3;14.7
2A;2021-04-24;1750;984;49417;24804;30.4;15.3
2A;2021-04-25;975;305;50392;25109;31.0;15.5
2A;2021-04-26;308;226;50700;25335;31.2;15.6
2A;2021-04-27;344;348;51044;25683;31.4;15.8
2A;2021-04-28;1675;424;52719;26107;32.5;16.1
2A;2021-04-29;1054;360;53773;26467;33.1;16.3
2A;2021-04-30;1131;1061;54904;27528;33.8;16.9
2A;2021-05-01;971;575;55875;28103;34.4;17.3
2A;2021-05-02;675;707;56550;28810;34.8;17.7
2A;2021-05-03;583;576;57133;29386;35.2;18.1
2A;2021-05-04;752;535;57885;29921;35.6;18.4
2A;2021-05-05;1009;984;58894;30905;36.3;19.0
2A;2021-05-06;905;912;59799;31817;36.8;19.6
2A;2021-05-07;1156;837;60955;32654;37.5;20.1
2A;2021-05-08;422;500;61377;33154;37.8;20.4
2A;2021-05-09;783;638;62160;33792;38.3;20.8
2A;2021-05-10;454;741;62614;34533;38.6;21.3
2A;2021-05-11;652;415;63266;34948;39.0;21.5
2A;2021-05-12;922;488;64188;35436;39.5;21.8
2A;2021-05-13;920;139;65108;35575;40.1;21.9
2A;2021-05-14;797;679;65905;36254;40.6;22.3
2A;2021-05-15;780;649;66685;36903;41.1;22.7
2A;2021-05-16;738;500;67423;37403;41.5;23.0
2A;2021-05-17;583;562;68006;37965;41.9;23.4
2A;2021-05-18;614;476;68620;38441;42.2;23.7
2A;2021-05-19;787;481;69407;38922;42.7;24.0
2A;2021-05-20;692;540;70099;39462;43.2;24.3
2A;2021-05-21;535;483;70634;39945;43.5;24.6
2A;2021-05-22;441;310;71075;40255;43.8;24.8
2A;2021-05-23;533;284;71608;40539;44.1;25.0
2A;2021-05-24;125;33;71733;40572;44.2;25.0
2A;2021-05-25;416;503;72149;41075;44.4;25.3
2A;2021-05-26;426;1166;72575;42241;44.7;26.0
2A;2021-05-27;435;1111;73010;43352;45.0;26.7
2A;2021-05-28;298;916;73308;44268;45.1;27.3
2A;2021-05-29;334;900;73642;45168;45.3;27.8
2A;2021-05-30;182;507;73824;45675;45.5;28.1
2A;2021-05-31;191;414;74015;46089;45.6;28.4
2A;2021-06-01;342;729;74357;46818;45.8;28.8
2A;2021-06-02;285;940;74642;47758;46.0;29.4
2A;2021-06-03;306;852;74948;48610;46.1;29.9
2A;2021-06-04;271;1092;75219;49702;46.3;30.6
2A;2021-06-05;319;1442;75538;51144;46.5;31.5
2A;2021-06-06;173;908;75711;52052;46.6;32.0
2A;2021-06-07;170;661;75881;52713;46.7;32.5
2A;2021-06-08;324;707;76205;53420;46.9;32.9
2A;2021-06-09;297;1316;76502;54736;47.1;33.7
2A;2021-06-10;329;857;76831;55593;47.3;34.2
2A;2021-06-11;277;1021;77108;56614;47.5;34.9
2A;2021-06-12;232;665;77340;57279;47.6;35.3
2A;2021-06-13;189;797;77529;58076;47.7;35.8
2A;2021-06-14;251;922;77780;58998;47.9;36.3
2A;2021-06-15;217;507;77997;59505;48.0;36.6
2A;2021-06-16;212;776;78209;60281;48.2;37.1
2A;2021-06-17;235;591;78444;60872;48.3;37.5
2A;2021-06-18;246;914;78690;61786;48.4;38.0
2A;2021-06-19;208;690;78898;62476;48.6;38.5
2A;2021-06-20;150;692;79048;63168;48.7;38.9
2A;2021-06-21;181;791;79229;63959;48.8;39.4
2A;2021-06-22;235;842;79464;64801;48.9;39.9
2A;2021-06-23;217;569;79681;65370;49.1;40.2
2A;2021-06-24;149;369;79830;65739;49.2;40.5
2A;2021-06-25;167;472;79997;66211;49.3;40.8
2A;2021-06-26;203;873;80200;67084;49.4;41.3
2A;2021-06-27;174;794;80374;67878;49.5;41.8
2A;2021-06-28;194;704;80568;68582;49.6;42.2
2A;2021-06-29;215;689;80783;69271;49.7;42.6
2A;2021-06-30;242;493;81025;69764;49.9;43.0
2A;2021-07-01;212;486;81237;70250;50.0;43.3
2A;2021-07-02;294;370;81531;70620;50.2;43.5
2A;2021-07-03;211;617;81742;71237;50.3;43.9
2A;2021-07-04;178;664;81920;71901;50.4;44.3
2A;2021-07-05;163;235;82083;72136;50.5;44.4
2A;2021-07-06;250;391;82333;72527;50.7;44.7
2A;2021-07-07;432;610;82765;73137;51.0;45.0
2A;2021-07-08;593;707;83358;73844;51.3;45.5
2A;2021-07-09;381;421;83739;74265;51.6;45.7
2A;2021-07-10;281;346;84020;74611;51.7;45.9
2A;2021-07-11;91;161;84111;74772;51.8;46.0
2A;2021-07-12;315;349;84426;75121;52.0;46.3
2A;2021-07-13;1179;534;85605;75655;52.7;46.6
2A;2021-07-14;1624;341;87229;75996;53.7;46.8
2A;2021-07-15;1436;836;88665;76832;54.6;47.3
2A;2021-07-16;1167;468;89832;77300;55.3;47.6
2A;2021-07-17;1096;344;90928;77644;56.0;47.8
2A;2021-07-18;635;135;91563;77779;56.4;47.9
2A;2021-07-19;918;431;92481;78210;56.9;48.2
2A;2021-07-20;1284;474;93765;78684;57.7;48.4
2A;2021-07-21;1428;726;95193;79410;58.6;48.9
2A;2021-07-22;1399;767;96592;80177;59.5;49.4
2A;2021-07-23;1439;465;98031;80642;60.4;49.6
2A;2021-07-24;895;289;98926;80931;60.9;49.8
2A;2021-07-25;450;80;99376;81011;61.2;49.9
2A;2021-07-26;1199;506;100575;81517;61.9;50.2
2A;2021-07-27;1299;519;101874;82036;62.7;50.5
2A;2021-07-28;1200;591;103074;82627;63.5;50.9
2A;2021-07-29;1227;654;104301;83281;64.2;51.3
2A;2021-07-30;957;608;105258;83889;64.8;51.6
2A;2021-07-31;541;339;105799;84228;65.1;51.9
2A;2021-08-01;564;122;106363;84350;65.5;51.9
2A;2021-08-02;450;496;106813;84846;65.8;52.2
2A;2021-08-03;811;882;107624;85728;66.3;52.8
2A;2021-08-04;724;1161;108348;86889;66.7;53.5
2A;2021-08-05;909;1347;109257;88236;67.3;54.3
2A;2021-08-06;386;814;109643;89050;67.5;54.8
2A;2021-08-07;352;888;109995;89938;67.7;55.4
2A;2021-08-08;78;185;110073;90123;67.8;55.5
2A;2021-08-09;655;1141;110728;91264;68.2;56.2
2A;2021-08-10;635;1208;111363;92472;68.6;56.9
2A;2021-08-11;588;1058;111951;93530;68.9;57.6
2A;2021-08-12;733;1483;112684;95013;69.4;58.5
2A;2021-08-13;470;1066;113154;96079;69.7;59.2
2A;2021-08-14;407;765;113561;96844;69.9;59.6
2A;2021-08-15;21;26;113582;96870;69.9;59.6
2A;2021-08-16;479;1292;114061;98162;70.2;60.4
2A;2021-08-17;930;1557;114991;99719;70.8;61.4
2A;2021-08-18;523;1124;115514;100843;71.1;62.1
2A;2021-08-19;426;1008;115940;101851;71.4;62.7
2A;2021-08-20;325;574;116265;102425;71.6;63.1
2A;2021-08-21;228;536;116493;102961;71.7;63.4
2A;2021-08-22;193;618;116686;103579;71.8;63.8
2A;2021-08-23;323;745;117009;104324;72.0;64.2
2A;2021-08-24;322;856;117331;105180;72.2;64.8
2A;2021-08-25;393;877;117724;106057;72.5;65.3
2A;2021-08-26;336;766;118060;106823;72.7;65.8
2A;2021-08-27;240;710;118300;107533;72.8;66.2
2A;2021-08-28;253;351;118553;107884;73.0;66.4
2A;2021-08-29;94;115;118647;107999;73.0;66.5
2A;2021-08-30;243;653;118890;108652;73.2;66.9
2A;2021-08-31;167;521;119057;109173;73.3;67.2
2B;2020-12-27;0;0;0;0;0.0;0.0
2B;2020-12-28;0;0;0;0;0.0;0.0
2B;2020-12-29;0;0;0;0;0.0;0.0
2B;2020-12-30;0;0;0;0;0.0;0.0
2B;2020-12-31;0;0;0;0;0.0;0.0
2B;2021-01-01;0;0;0;0;0.0;0.0
2B;2021-01-02;0;0;0;0;0.0;0.0
2B;2021-01-03;0;0;0;0;0.0;0.0
2B;2021-01-04;2;0;2;0;0.0;0.0
2B;2021-01-05;0;0;2;0;0.0;0.0
2B;2021-01-06;48;1;50;1;0.0;0.0
2B;2021-01-07;210;0;260;1;0.1;0.0
2B;2021-01-08;196;2;456;3;0.3;0.0
2B;2021-01-09;39;0;495;3;0.3;0.0
2B;2021-01-10;1;0;496;3;0.3;0.0
2B;2021-01-11;75;0;571;3;0.3;0.0
2B;2021-01-12;128;1;699;4;0.4;0.0
2B;2021-01-13;93;0;792;4;0.4;0.0
2B;2021-01-14;72;0;864;4;0.5;0.0
2B;2021-01-15;259;0;1123;4;0.6;0.0
2B;2021-01-16;43;0;1166;4;0.6;0.0
2B;2021-01-17;8;0;1174;4;0.6;0.0
2B;2021-01-18;271;0;1445;4;0.8;0.0
2B;2021-01-19;501;0;1946;4;1.1;0.0
2B;2021-01-20;462;2;2408;6;1.3;0.0
2B;2021-01-21;358;0;2766;6;1.5;0.0
2B;2021-01-22;375;0;3141;6;1.7;0.0
2B;2021-01-23;61;0;3202;6;1.8;0.0
2B;2021-01-24;29;0;3231;6;1.8;0.0
2B;2021-01-25;210;2;3441;8;1.9;0.0
2B;2021-01-26;391;1;3832;9;2.1;0.0
2B;2021-01-27;342;48;4174;57;2.3;0.0
2B;2021-01-28;365;146;4539;203;2.5;0.1
2B;2021-01-29;293;162;4832;365;2.7;0.2
2B;2021-01-30;80;33;4912;398;2.7;0.2
2B;2021-01-31;60;0;4972;398;2.7;0.2
2B;2021-02-01;231;93;5203;491;2.9;0.3
2B;2021-02-02;357;77;5560;568;3.1;0.3
2B;2021-02-03;520;90;6080;658;3.3;0.4
2B;2021-02-04;458;173;6538;831;3.6;0.5
2B;2021-02-05;394;93;6932;924;3.8;0.5
2B;2021-02-06;87;14;7019;938;3.9;0.5
2B;2021-02-07;60;0;7079;938;3.9;0.5
2B;2021-02-08;230;151;7309;1089;4.0;0.6
2B;2021-02-09;586;312;7895;1401;4.3;0.8
2B;2021-02-10;485;194;8380;1595;4.6;0.9
2B;2021-02-11;382;125;8762;1720;4.8;0.9
2B;2021-02-12;298;124;9060;1844;5.0;1.0
2B;2021-02-13;77;13;9137;1857;5.0;1.0
2B;2021-02-14;62;1;9199;1858;5.0;1.0
2B;2021-02-15;190;126;9389;1984;5.2;1.1
2B;2021-02-16;252;278;9641;2262;5.3;1.2
2B;2021-02-17;312;309;9953;2571;5.5;1.4
2B;2021-02-18;215;343;10168;2914;5.6;1.6
2B;2021-02-19;163;307;10331;3221;5.7;1.8
2B;2021-02-20;32;62;10363;3283;5.7;1.8
2B;2021-02-21;28;29;10391;3312;5.7;1.8
2B;2021-02-22;133;188;10524;3500;5.8;1.9
2B;2021-02-23;231;356;10755;3856;5.9;2.1
2B;2021-02-24;229;310;10984;4166;6.0;2.3
2B;2021-02-25;245;339;11229;4505;6.2;2.5
2B;2021-02-26;300;276;11529;4781;6.3;2.6
2B;2021-02-27;60;84;11589;4865;6.4;2.7
2B;2021-02-28;1;57;11590;4922;6.4;2.7
2B;2021-03-01;246;260;11836;5182;6.5;2.8
2B;2021-03-02;352;389;12188;5571;6.7;3.1
2B;2021-03-03;299;435;12487;6006;6.9;3.3
2B;2021-03-04;447;409;12934;6415;7.1;3.5
2B;2021-03-05;619;384;13553;6799;7.4;3.7
2B;2021-03-06;682;100;14235;6899;7.8;3.8
2B;2021-03-07;361;59;14596;6958;8.0;3.8
2B;2021-03-08;301;240;14897;7198;8.2;3.9
2B;2021-03-09;383;504;15280;7702;8.4;4.2
2B;2021-03-10;631;445;15911;8147;8.7;4.5
2B;2021-03-11;584;354;16495;8501;9.1;4.7
2B;2021-03-12;966;227;17461;8728;9.6;4.8
2B;2021-03-13;511;110;17972;8838;9.9;4.8
2B;2021-03-14;226;62;18198;8900;10.0;4.9
2B;2021-03-15;515;202;18713;9102;10.3;5.0
2B;2021-03-16;570;278;19283;9380;10.6;5.1
2B;2021-03-17;529;262;19812;9642;10.9;5.3
2B;2021-03-18;551;230;20363;9872;11.2;5.4
2B;2021-03-19;804;195;21167;10067;11.6;5.5
2B;2021-03-20;656;37;21823;10104;12.0;5.5
2B;2021-03-21;428;37;22251;10141;12.2;5.6
2B;2021-03-22;546;125;22797;10266;12.5;5.6
2B;2021-03-23;789;259;23586;10525;12.9;5.8
2B;2021-03-24;831;215;24417;10740;13.4;5.9
2B;2021-03-25;824;164;25241;10904;13.8;6.0
2B;2021-03-26;958;192;26199;11096;14.4;6.1
2B;2021-03-27;1090;37;27289;11133;15.0;6.1
2B;2021-03-28;830;124;28119;11257;15.4;6.2
2B;2021-03-29;745;180;28864;11437;15.8;6.3
2B;2021-03-30;972;331;29836;11768;16.4;6.5
2B;2021-03-31;981;266;30817;12034;16.9;6.6
2B;2021-04-01;1003;228;31820;12262;17.5;6.7
2B;2021-04-02;966;414;32786;12676;18.0;7.0
2B;2021-04-03;1247;153;34033;12829;18.7;7.0
2B;2021-04-04;197;60;34230;12889;18.8;7.1
2B;2021-04-05;109;113;34339;13002;18.8;7.1
2B;2021-04-06;1033;362;35372;13364;19.4;7.3
2B;2021-04-07;1230;428;36602;13792;20.1;7.6
2B;2021-04-08;1128;408;37730;14200;20.7;7.8
2B;2021-04-09;1168;568;38898;14768;21.3;8.1
2B;2021-04-10;1353;267;40251;15035;22.1;8.2
2B;2021-04-11;815;65;41066;15100;22.5;8.3
2B;2021-04-12;853;559;41919;15659;23.0;8.6
2B;2021-04-13;1063;631;42982;16290;23.6;8.9
2B;2021-04-14;1046;494;44028;16784;24.2;9.2
2B;2021-04-15;886;518;44914;17302;24.6;9.5
2B;2021-04-16;910;649;45824;17951;25.1;9.8
2B;2021-04-17;386;447;46210;18398;25.4;10.1
2B;2021-04-18;253;342;46463;18740;25.5;10.3
2B;2021-04-19;822;437;47285;19177;25.9;10.5
2B;2021-04-20;898;846;48183;20023;26.4;11.0
2B;2021-04-21;1056;608;49239;20631;27.0;11.3
2B;2021-04-22;938;731;50177;21362;27.5;11.7
2B;2021-04-23;661;629;50838;21991;27.9;12.1
2B;2021-04-24;287;772;51125;22763;28.1;12.5
2B;2021-04-25;285;477;51410;23240;28.2;12.8
2B;2021-04-26;708;919;52118;24159;28.6;13.3
2B;2021-04-27;965;875;53083;25034;29.1;13.7
2B;2021-04-28;918;862;54001;25896;29.6;14.2
2B;2021-04-29;924;869;54925;26765;30.1;14.7
2B;2021-04-30;1133;832;56058;27597;30.8;15.1
2B;2021-05-01;460;1115;56518;28712;31.0;15.8
2B;2021-05-02;335;245;56853;28957;31.2;15.9
2B;2021-05-03;1017;495;57870;29452;31.8;16.2
2B;2021-05-04;811;1153;58681;30605;32.2;16.8
2B;2021-05-05;801;1376;59482;31981;32.6;17.5
2B;2021-05-06;1287;905;60769;32886;33.3;18.0
2B;2021-05-07;1062;988;61831;33874;33.9;18.6
2B;2021-05-08;459;855;62290;34729;34.2;19.1
2B;2021-05-09;394;684;62684;35413;34.4;19.4
2B;2021-05-10;926;802;63610;36215;34.9;19.9
2B;2021-05-11;933;1162;64543;37377;35.4;20.5
2B;2021-05-12;861;893;65404;38270;35.9;21.0
2B;2021-05-13;1028;377;66432;38647;36.4;21.2
2B;2021-05-14;719;579;67151;39226;36.8;21.5
2B;2021-05-15;702;353;67853;39579;37.2;21.7
2B;2021-05-16;300;180;68153;39759;37.4;21.8
2B;2021-05-17;1003;405;69156;40164;37.9;22.0
2B;2021-05-18;991;383;70147;40547;38.5;22.2
2B;2021-05-19;771;417;70918;40964;38.9;22.5
2B;2021-05-20;672;359;71590;41323;39.3;22.7
2B;2021-05-21;706;502;72296;41825;39.7;22.9
2B;2021-05-22;574;392;72870;42217;40.0;23.2
2B;2021-05-23;170;46;73040;42263;40.1;23.2
2B;2021-05-24;40;115;73080;42378;40.1;23.3
2B;2021-05-25;549;353;73629;42731;40.4;23.4
2B;2021-05-26;544;787;74173;43518;40.7;23.9
2B;2021-05-27;407;1131;74580;44649;40.9;24.5
2B;2021-05-28;553;906;75133;45555;41.2;25.0
2B;2021-05-29;312;353;75445;45908;41.4;25.2
2B;2021-05-30;46;45;75491;45953;41.4;25.2
2B;2021-05-31;376;832;75867;46785;41.6;25.7
2B;2021-06-01;414;1038;76281;47823;41.9;26.2
2B;2021-06-02;364;990;76645;48813;42.1;26.8
2B;2021-06-03;499;808;77144;49621;42.3;27.2
2B;2021-06-04;344;1254;77488;50875;42.5;27.9
2B;2021-06-05;257;494;77745;51369;42.7;28.2
2B;2021-06-06;51;129;77796;51498;42.7;28.3
2B;2021-06-07;283;948;78079;52446;42.8;28.8
2B;2021-06-08;399;1170;78478;53616;43.1;29.4
2B;2021-06-09;518;1177;78996;54793;43.3;30.1
2B;2021-06-10;367;939;79363;55732;43.5;30.6
2B;2021-06-11;432;1274;79795;57006;43.8;31.3
2B;2021-06-12;151;544;79946;57550;43.9;31.6
2B;2021-06-13;27;59;79973;57609;43.9;31.6
2B;2021-06-14;195;1115;80168;58724;44.0;32.2
2B;2021-06-15;345;1219;80513;59943;44.2;32.9
2B;2021-06-16;382;937;80895;60880;44.4;33.4
2B;2021-06-17;402;1046;81297;61926;44.6;34.0
2B;2021-06-18;348;960;81645;62886;44.8;34.5
2B;2021-06-19;142;328;81787;63214;44.9;34.7
2B;2021-06-20;44;194;81831;63408;44.9;34.8
2B;2021-06-21;265;962;82096;64370;45.0;35.3
2B;2021-06-22;317;1115;82413;65485;45.2;35.9
2B;2021-06-23;208;872;82621;66357;45.3;36.4
2B;2021-06-24;337;757;82958;67114;45.5;36.8
2B;2021-06-25;212;1075;83170;68189;45.6;37.4
2B;2021-06-26;105;550;83275;68739;45.7;37.7
2B;2021-06-27;32;215;83307;68954;45.7;37.8
2B;2021-06-28;329;954;83636;69908;45.9;38.4
2B;2021-06-29;270;988;83906;70896;46.0;38.9
2B;2021-06-30;380;950;84286;71846;46.2;39.4
2B;2021-07-01;226;509;84512;72355;46.4;39.7
2B;2021-07-02;219;557;84731;72912;46.5;40.0
2B;2021-07-03;91;397;84822;73309;46.5;40.2
2B;2021-07-04;2;0;84824;73309;46.5;40.2
2B;2021-07-05;264;666;85088;73975;46.7;40.6
2B;2021-07-06;450;707;85538;74682;46.9;41.0
2B;2021-07-07;376;908;85914;75590;47.1;41.5
2B;2021-07-08;183;348;86097;75938;47.2;41.7
2B;2021-07-09;249;373;86346;76311;47.4;41.9
2B;2021-07-10;197;199;86543;76510;47.5;42.0
2B;2021-07-11;13;14;86556;76524;47.5;42.0
2B;2021-07-12;496;747;87052;77271;47.8;42.4
2B;2021-07-13;822;1018;87874;78289;48.2;43.0
2B;2021-07-14;344;100;88218;78389;48.4;43.0
2B;2021-07-15;1269;584;89487;78973;49.1;43.3
2B;2021-07-16;1121;565;90608;79538;49.7;43.6
2B;2021-07-17;711;318;91319;79856;50.1;43.8
2B;2021-07-18;179;48;91498;79904;50.2;43.8
2B;2021-07-19;858;710;92356;80614;50.7;44.2
2B;2021-07-20;1212;683;93568;81297;51.3;44.6
2B;2021-07-21;1396;724;94964;82021;52.1;45.0
2B;2021-07-22;1327;604;96291;82625;52.8;45.3
2B;2021-07-23;1323;499;97614;83124;53.6;45.6
2B;2021-07-24;535;316;98149;83440;53.9;45.8
2B;2021-07-25;203;71;98352;83511;54.0;45.8
2B;2021-07-26;913;631;99265;84142;54.5;46.2
2B;2021-07-27;1576;710;100841;84852;55.3;46.6
2B;2021-07-28;1173;633;102014;85485;56.0;46.9
2B;2021-07-29;1142;450;103156;85935;56.6;47.2
2B;2021-07-30;766;347;103922;86282;57.0;47.3
2B;2021-07-31;537;232;104459;86514;57.3;47.5
2B;2021-08-01;230;57;104689;86571;57.4;47.5
2B;2021-08-02;801;470;105490;87041;57.9;47.8
2B;2021-08-03;1132;783;106622;87824;58.5;48.2
2B;2021-08-04;809;451;107431;88275;58.9;48.4
2B;2021-08-05;1014;555;108445;88830;59.5;48.7
2B;2021-08-06;699;524;109144;89354;59.9;49.0
2B;2021-08-07;304;406;109448;89760;60.1;49.2
2B;2021-08-08;93;142;109541;89902;60.1;49.3
2B;2021-08-09;534;747;110075;90649;60.4;49.7
2B;2021-08-10;736;1133;110811;91782;60.8;50.4
2B;2021-08-11;747;896;111558;92678;61.2;50.8
2B;2021-08-12;687;1047;112245;93725;61.6;51.4
2B;2021-08-13;486;949;112731;94674;61.9;51.9
2B;2021-08-14;196;439;112927;95113;62.0;52.2
2B;2021-08-15;116;173;113043;95286;62.0;52.3
2B;2021-08-16;508;1065;113551;96351;62.3;52.9
2B;2021-08-17;581;1305;114132;97656;62.6;53.6
2B;2021-08-18;509;1195;114641;98851;62.9;54.2
2B;2021-08-19;420;897;115061;99748;63.1;54.7
2B;2021-08-20;361;808;115422;100556;63.3;55.2
2B;2021-08-21;158;475;115580;101031;63.4;55.4
2B;2021-08-22;78;208;115658;101239;63.5;55.5
2B;2021-08-23;371;943;116029;102182;63.7;56.1
2B;2021-08-24;493;1211;116522;103393;63.9;56.7
2B;2021-08-25;341;966;116863;104359;64.1;57.3
2B;2021-08-26;396;816;117259;105175;64.3;57.7
2B;2021-08-27;258;572;117517;105747;64.5;58.0
2B;2021-08-28;166;433;117683;106180;64.6;58.3
2B;2021-08-29;52;126;117735;106306;64.6;58.3
2B;2021-08-30;362;851;118097;107157;64.8;58.8
2B;2021-08-31;375;907;118472;108064;65.0;59.3
30;2020-12-27;1;0;1;0;0.0;0.0
30;2020-12-28;1;0;2;0;0.0;0.0
30;2020-12-29;0;0;2;0;0.0;0.0
30;2020-12-30;0;0;2;0;0.0;0.0
30;2020-12-31;0;0;2;0;0.0;0.0
30;2021-01-01;0;0;2;0;0.0;0.0
30;2021-01-02;0;0;2;0;0.0;0.0
30;2021-01-03;0;0;2;0;0.0;0.0
30;2021-01-04;1;0;3;0;0.0;0.0
30;2021-01-05;3;0;6;0;0.0;0.0
30;2021-01-06;128;0;134;0;0.0;0.0
30;2021-01-07;313;0;447;0;0.1;0.0
30;2021-01-08;531;0;978;0;0.1;0.0
30;2021-01-09;270;0;1248;0;0.2;0.0
30;2021-01-10;0;0;1248;0;0.2;0.0
30;2021-01-11;537;0;1785;0;0.2;0.0
30;2021-01-12;798;3;2583;3;0.3;0.0
30;2021-01-13;640;0;3223;3;0.4;0.0
30;2021-01-14;652;5;3875;8;0.5;0.0
30;2021-01-15;756;2;4631;10;0.6;0.0
30;2021-01-16;313;0;4944;10;0.7;0.0
30;2021-01-17;3;0;4947;10;0.7;0.0
30;2021-01-18;941;5;5888;15;0.8;0.0
30;2021-01-19;1735;6;7623;21;1.0;0.0
30;2021-01-20;1303;2;8926;23;1.2;0.0
30;2021-01-21;1229;2;10155;25;1.4;0.0
30;2021-01-22;1076;5;11231;30;1.5;0.0
30;2021-01-23;634;2;11865;32;1.6;0.0
30;2021-01-24;0;0;11865;32;1.6;0.0
30;2021-01-25;831;4;12696;36;1.7;0.0
30;2021-01-26;1056;15;13752;51;1.8;0.0
30;2021-01-27;982;110;14734;161;2.0;0.0
30;2021-01-28;711;271;15445;432;2.1;0.1
30;2021-01-29;670;438;16115;870;2.2;0.1
30;2021-01-30;472;285;16587;1155;2.2;0.2
30;2021-01-31;3;7;16590;1162;2.2;0.2
30;2021-02-01;813;428;17403;1590;2.3;0.2
30;2021-02-02;1875;679;19278;2269;2.6;0.3
30;2021-02-03;1184;485;20462;2754;2.7;0.4
30;2021-02-04;968;660;21430;3414;2.9;0.5
30;2021-02-05;599;757;22029;4171;2.9;0.6
30;2021-02-06;294;261;22323;4432;3.0;0.6
30;2021-02-07;2;8;22325;4440;3.0;0.6
30;2021-02-08;574;736;22899;5176;3.1;0.7
30;2021-02-09;983;1008;23882;6184;3.2;0.8
30;2021-02-10;987;1095;24869;7279;3.3;1.0
30;2021-02-11;929;1029;25798;8308;3.4;1.1
30;2021-02-12;619;989;26417;9297;3.5;1.2
30;2021-02-13;436;382;26853;9679;3.6;1.3
30;2021-02-14;1;21;26854;9700;3.6;1.3
30;2021-02-15;449;609;27303;10309;3.6;1.4
30;2021-02-16;460;839;27763;11148;3.7;1.5
30;2021-02-17;682;614;28445;11762;3.8;1.6
30;2021-02-18;796;523;29241;12285;3.9;1.6
30;2021-02-19;574;660;29815;12945;4.0;1.7
30;2021-02-20;223;226;30038;13171;4.0;1.8
30;2021-02-21;5;3;30043;13174;4.0;1.8
30;2021-02-22;501;754;30544;13928;4.1;1.9
30;2021-02-23;974;1462;31518;15390;4.2;2.1
30;2021-02-24;927;1185;32445;16575;4.3;2.2
30;2021-02-25;1208;891;33653;17466;4.5;2.3
30;2021-02-26;1337;589;34990;18055;4.7;2.4
30;2021-02-27;564;540;35554;18595;4.8;2.5
30;2021-02-28;3;7;35557;18602;4.8;2.5
30;2021-03-01;1340;822;36897;19424;4.9;2.6
30;2021-03-02;1712;904;38609;20328;5.2;2.7
30;2021-03-03;2310;764;40919;21092;5.5;2.8
30;2021-03-04;2638;874;43557;21966;5.8;2.9
30;2021-03-05;2763;619;46320;22585;6.2;3.0
30;2021-03-06;2997;365;49317;22950;6.6;3.1
30;2021-03-07;1862;47;51179;22997;6.8;3.1
30;2021-03-08;1552;787;52731;23784;7.0;3.2
30;2021-03-09;2275;869;55006;24653;7.3;3.3
30;2021-03-10;2355;654;57361;25307;7.7;3.4
30;2021-03-11;3055;703;60416;26010;8.1;3.5
30;2021-03-12;3112;392;63528;26402;8.5;3.5
30;2021-03-13;2227;297;65755;26699;8.8;3.6
30;2021-03-14;83;3;65838;26702;8.8;3.6
30;2021-03-15;1578;566;67416;27268;9.0;3.6
30;2021-03-16;1299;1072;68715;28340;9.2;3.8
30;2021-03-17;1456;647;70171;28987;9.4;3.9
30;2021-03-18;1649;713;71820;29700;9.6;4.0
30;2021-03-19;2249;552;74069;30252;9.9;4.0
30;2021-03-20;1400;143;75469;30395;10.1;4.1
30;2021-03-21;57;8;75526;30403;10.1;4.1
30;2021-03-22;2397;722;77923;31125;10.4;4.2
30;2021-03-23;3511;813;81434;31938;10.9;4.3
30;2021-03-24;3637;822;85071;32760;11.4;4.4
30;2021-03-25;4405;849;89476;33609;12.0;4.5
30;2021-03-26;4363;645;93839;34254;12.5;4.6
30;2021-03-27;1970;380;95809;34634;12.8;4.6
30;2021-03-28;35;29;95844;34663;12.8;4.6
30;2021-03-29;2815;1651;98659;36314;13.2;4.9
30;2021-03-30;3778;1884;102437;38198;13.7;5.1
30;2021-03-31;3507;1649;105944;39847;14.2;5.3
30;2021-04-01;4015;1465;109959;41312;14.7;5.5
30;2021-04-02;3604;1228;113563;42540;15.2;5.7
30;2021-04-03;1062;1228;114625;43768;15.3;5.8
30;2021-04-04;30;188;114655;43956;15.3;5.9
30;2021-04-05;766;288;115421;44244;15.4;5.9
30;2021-04-06;3044;1581;118465;45825;15.8;6.1
30;2021-04-07;2720;1631;121185;47456;16.2;6.3
30;2021-04-08;3920;1492;125105;48948;16.7;6.5
30;2021-04-09;4889;1520;129994;50468;17.4;6.7
30;2021-04-10;2426;1178;132420;51646;17.7;6.9
30;2021-04-11;950;59;133370;51705;17.8;6.9
30;2021-04-12;3147;1494;136517;53199;18.2;7.1
30;2021-04-13;4019;1937;140536;55136;18.8;7.4
30;2021-04-14;3386;1540;143922;56676;19.2;7.6
30;2021-04-15;3830;1467;147752;58143;19.7;7.8
30;2021-04-16;3703;1540;151455;59683;20.2;8.0
30;2021-04-17;1493;956;152948;60639;20.4;8.1
30;2021-04-18;961;66;153909;60705;20.6;8.1
30;2021-04-19;2450;2299;156359;63004;20.9;8.4
30;2021-04-20;2815;2830;159174;65834;21.3;8.8
30;2021-04-21;2603;2569;161777;68403;21.6;9.1
30;2021-04-22;3525;2315;165302;70718;22.1;9.4
30;2021-04-23;3580;2310;168882;73028;22.6;9.8
30;2021-04-24;1347;1232;170229;74260;22.7;9.9
30;2021-04-25;748;90;170977;74350;22.8;9.9
30;2021-04-26;2017;2391;172994;76741;23.1;10.3
30;2021-04-27;2952;2601;175946;79342;23.5;10.6
30;2021-04-28;2837;2489;178783;81831;23.9;10.9
30;2021-04-29;3618;2324;182401;84155;24.4;11.2
30;2021-04-30;3408;2027;185809;86182;24.8;11.5
30;2021-05-01;1749;604;187558;86786;25.1;11.6
30;2021-05-02;665;246;188223;87032;25.1;11.6
30;2021-05-03;3758;2504;191981;89536;25.6;12.0
30;2021-05-04;3983;3534;195964;93070;26.2;12.4
30;2021-05-05;3947;3129;199911;96199;26.7;12.9
30;2021-05-06;4203;3363;204114;99562;27.3;13.3
30;2021-05-07;4079;3066;208193;102628;27.8;13.7
30;2021-05-08;1605;720;209798;103348;28.0;13.8
30;2021-05-09;372;613;210170;103961;28.1;13.9
30;2021-05-10;2921;3122;213091;107083;28.5;14.3
30;2021-05-11;5388;3649;218479;110732;29.2;14.8
30;2021-05-12;5301;3221;223780;113953;29.9;15.2
30;2021-05-13;3232;1028;227012;114981;30.3;15.4
30;2021-05-14;4891;2462;231903;117443;31.0;15.7
30;2021-05-15;3409;1206;235312;118649;31.4;15.9
30;2021-05-16;397;339;235709;118988;31.5;15.9
30;2021-05-17;3798;3036;239507;122024;32.0;16.3
30;2021-05-18;4828;3037;244335;125061;32.6;16.7
30;2021-05-19;4775;2549;249110;127610;33.3;17.0
30;2021-05-20;5015;2578;254125;130188;34.0;17.4
30;2021-05-21;4888;2473;259013;132661;34.6;17.7
30;2021-05-22;3158;1293;262171;133954;35.0;17.9
30;2021-05-23;288;344;262459;134298;35.1;17.9
30;2021-05-24;785;766;263244;135064;35.2;18.0
30;2021-05-25;2656;3161;265900;138225;35.5;18.5
30;2021-05-26;2889;2566;268789;140791;35.9;18.8
30;2021-05-27;3760;2718;272549;143509;36.4;19.2
30;2021-05-28;3327;3278;275876;146787;36.9;19.6
30;2021-05-29;1687;1802;277563;148589;37.1;19.9
30;2021-05-30;360;584;277923;149173;37.1;19.9
30;2021-05-31;2830;2299;280753;151472;37.5;20.2
30;2021-06-01;3659;2796;284412;154268;38.0;20.6
30;2021-06-02;3319;2453;287731;156721;38.4;20.9
30;2021-06-03;4133;3356;291864;160077;39.0;21.4
30;2021-06-04;3904;3402;295768;163479;39.5;21.8
30;2021-06-05;1907;1312;297675;164791;39.8;22.0
30;2021-06-06;684;264;298359;165055;39.9;22.1
30;2021-06-07;4725;2526;303084;167581;40.5;22.4
30;2021-06-08;4832;3326;307916;170907;41.1;22.8
30;2021-06-09;4155;2991;312071;173898;41.7;23.2
30;2021-06-10;4611;3356;316682;177254;42.3;23.7
30;2021-06-11;4586;3815;321268;181069;42.9;24.2
30;2021-06-12;2485;1710;323753;182779;43.3;24.4
30;2021-06-13;494;343;324247;183122;43.3;24.5
30;2021-06-14;2470;4710;326717;187832;43.7;25.1
30;2021-06-15;3200;5306;329917;193138;44.1;25.8
30;2021-06-16;3109;4646;333026;197784;44.5;26.4
30;2021-06-17;3924;4372;336950;202156;45.0;27.0
30;2021-06-18;3714;4699;340664;206855;45.5;27.6
30;2021-06-19;1441;2003;342105;208858;45.7;27.9
30;2021-06-20;357;490;342462;209348;45.8;28.0
30;2021-06-21;2379;4909;344841;214257;46.1;28.6
30;2021-06-22;2364;5741;347205;219998;46.4;29.4
30;2021-06-23;2529;5344;349734;225342;46.7;30.1
30;2021-06-24;2339;4706;352073;230048;47.0;30.7
30;2021-06-25;2611;5605;354684;235653;47.4;31.5
30;2021-06-26;910;2940;355594;238593;47.5;31.9
30;2021-06-27;222;527;355816;239120;47.5;31.9
30;2021-06-28;1670;6027;357486;245147;47.8;32.8
30;2021-06-29;1837;6024;359323;251171;48.0;33.6
30;2021-06-30;2003;5256;361326;256427;48.3;34.3
30;2021-07-01;2987;4723;364313;261150;48.7;34.9
30;2021-07-02;2836;4625;367149;265775;49.1;35.5
30;2021-07-03;1155;3047;368304;268822;49.2;35.9
30;2021-07-04;115;393;368419;269215;49.2;36.0
30;2021-07-05;2027;4030;370446;273245;49.5;36.5
30;2021-07-06;2665;4974;373111;278219;49.8;37.2
30;2021-07-07;2538;4221;375649;282440;50.2;37.7
30;2021-07-08;2016;3421;377665;285861;50.5;38.2
30;2021-07-09;2408;5317;380073;291178;50.8;38.9
30;2021-07-10;1502;2157;381575;293335;51.0;39.2
30;2021-07-11;48;415;381623;293750;51.0;39.2
30;2021-07-12;2527;5153;384150;298903;51.3;39.9
30;2021-07-13;3300;6035;387450;304938;51.8;40.7
30;2021-07-14;500;549;387950;305487;51.8;40.8
30;2021-07-15;4136;5477;392086;310964;52.4;41.5
30;2021-07-16;4984;5726;397070;316690;53.1;42.3
30;2021-07-17;1705;2468;398775;319158;53.3;42.6
30;2021-07-18;146;601;398921;319759;53.3;42.7
30;2021-07-19;3373;6304;402294;326063;53.7;43.6
30;2021-07-20;4642;6524;406936;332587;54.4;44.4
30;2021-07-21;4059;5411;410995;337998;54.9;45.2
30;2021-07-22;4899;5739;415894;343737;55.6;45.9
30;2021-07-23;4993;5859;420887;349596;56.2;46.7
30;2021-07-24;2239;3263;423126;352859;56.5;47.1
30;2021-07-25;137;309;423263;353168;56.6;47.2
30;2021-07-26;4417;4128;427680;357296;57.1;47.7
30;2021-07-27;4858;4647;432538;361943;57.8;48.4
30;2021-07-28;4875;4016;437413;365959;58.4;48.9
30;2021-07-29;5921;4130;443334;370089;59.2;49.4
30;2021-07-30;5341;4386;448675;374475;59.9;50.0
30;2021-07-31;2649;1961;451324;376436;60.3;50.3
30;2021-08-01;733;311;452057;376747;60.4;50.3
30;2021-08-02;3675;4015;455732;380762;60.9;50.9
30;2021-08-03;4881;3943;460613;384705;61.5;51.4
30;2021-08-04;5265;3051;465878;387756;62.2;51.8
30;2021-08-05;4604;3781;470482;391537;62.9;52.3
30;2021-08-06;4273;4056;474755;395593;63.4;52.9
30;2021-08-07;1838;1949;476593;397542;63.7;53.1
30;2021-08-08;617;279;477210;397821;63.8;53.2
30;2021-08-09;3325;3751;480535;401572;64.2;53.7
30;2021-08-10;3913;4396;484448;405968;64.7;54.2
30;2021-08-11;3375;3486;487823;409454;65.2;54.7
30;2021-08-12;3749;4224;491572;413678;65.7;55.3
30;2021-08-13;3288;3331;494860;417009;66.1;55.7
30;2021-08-14;1114;2047;495974;419056;66.3;56.0
30;2021-08-15;270;175;496244;419231;66.3;56.0
30;2021-08-16;2155;4865;498399;424096;66.6;56.7
30;2021-08-17;2717;4191;501116;428287;67.0;57.2
30;2021-08-18;2791;3826;503907;432113;67.3;57.7
30;2021-08-19;2843;4324;506750;436437;67.7;58.3
30;2021-08-20;2585;4458;509335;440895;68.1;58.9
30;2021-08-21;1010;2880;510345;443775;68.2;59.3
30;2021-08-22;226;513;510571;444288;68.2;59.4
30;2021-08-23;1681;4473;512252;448761;68.4;60.0
30;2021-08-24;1948;4518;514200;453279;68.7;60.6
30;2021-08-25;1688;4342;515888;457621;68.9;61.1
30;2021-08-26;1841;4251;517729;461872;69.2;61.7
30;2021-08-27;1758;4349;519487;466221;69.4;62.3
30;2021-08-28;676;2470;520163;468691;69.5;62.6
30;2021-08-29;181;611;520344;469302;69.5;62.7
30;2021-08-30;1401;4298;521745;473600;69.7;63.3
30;2021-08-31;1309;4170;523054;477770;69.9;63.8
31;2020-12-27;0;0;0;0;0.0;0.0
31;2020-12-28;1;0;1;0;0.0;0.0
31;2020-12-29;0;0;1;0;0.0;0.0
31;2020-12-30;0;0;1;0;0.0;0.0
31;2020-12-31;1;0;2;0;0.0;0.0
31;2021-01-01;4;0;6;0;0.0;0.0
31;2021-01-02;0;0;6;0;0.0;0.0
31;2021-01-03;2;0;8;0;0.0;0.0
31;2021-01-04;3;0;11;0;0.0;0.0
31;2021-01-05;50;0;61;0;0.0;0.0
31;2021-01-06;211;1;272;1;0.0;0.0
31;2021-01-07;284;1;556;2;0.0;0.0
31;2021-01-08;546;1;1102;3;0.1;0.0
31;2021-01-09;275;0;1377;3;0.1;0.0
31;2021-01-10;287;0;1664;3;0.1;0.0
31;2021-01-11;982;3;2646;6;0.2;0.0
31;2021-01-12;1192;0;3838;6;0.3;0.0
31;2021-01-13;1157;4;4995;10;0.4;0.0
31;2021-01-14;1177;18;6172;28;0.4;0.0
31;2021-01-15;1047;3;7219;31;0.5;0.0
31;2021-01-16;243;1;7462;32;0.5;0.0
31;2021-01-17;176;0;7638;32;0.5;0.0
31;2021-01-18;1614;5;9252;37;0.7;0.0
31;2021-01-19;2934;10;12186;47;0.9;0.0
31;2021-01-20;3666;12;15852;59;1.1;0.0
31;2021-01-21;2992;6;18844;65;1.3;0.0
31;2021-01-22;2271;5;21115;70;1.5;0.0
31;2021-01-23;728;2;21843;72;1.6;0.0
31;2021-01-24;212;1;22055;73;1.6;0.0
31;2021-01-25;1744;9;23799;82;1.7;0.0
31;2021-01-26;1838;61;25637;143;1.8;0.0
31;2021-01-27;1575;152;27212;295;1.9;0.0
31;2021-01-28;1385;299;28597;594;2.0;0.0
31;2021-01-29;1358;349;29955;943;2.1;0.1
31;2021-01-30;446;186;30401;1129;2.2;0.1
31;2021-01-31;61;209;30462;1338;2.2;0.1
31;2021-02-01;1159;729;31621;2067;2.3;0.1
31;2021-02-02;3038;801;34659;2868;2.5;0.2
31;2021-02-03;1917;778;36576;3646;2.6;0.3
31;2021-02-04;1809;842;38385;4488;2.7;0.3
31;2021-02-05;1340;576;39725;5064;2.8;0.4
31;2021-02-06;383;55;40108;5119;2.9;0.4
31;2021-02-07;37;41;40145;5160;2.9;0.4
31;2021-02-08;1115;666;41260;5826;2.9;0.4
31;2021-02-09;1678;1568;42938;7394;3.1;0.5
31;2021-02-10;1961;2462;44899;9856;3.2;0.7
31;2021-02-11;1814;1823;46713;11679;3.3;0.8
31;2021-02-12;1539;796;48252;12475;3.4;0.9
31;2021-02-13;504;228;48756;12703;3.5;0.9
31;2021-02-14;56;216;48812;12919;3.5;0.9
31;2021-02-15;442;1359;49254;14278;3.5;1.0
31;2021-02-16;464;1538;49718;15816;3.5;1.1
31;2021-02-17;471;1612;50189;17428;3.6;1.2
31;2021-02-18;477;1744;50666;19172;3.6;1.4
31;2021-02-19;393;1558;51059;20730;3.6;1.5
31;2021-02-20;69;525;51128;21255;3.6;1.5
31;2021-02-21;77;161;51205;21416;3.7;1.5
31;2021-02-22;433;1726;51638;23142;3.7;1.7
31;2021-02-23;865;3008;52503;26150;3.7;1.9
31;2021-02-24;652;2180;53155;28330;3.8;2.0
31;2021-02-25;1432;1841;54587;30171;3.9;2.2
31;2021-02-26;1711;1220;56298;31391;4.0;2.2
31;2021-02-27;638;402;56936;31793;4.1;2.3
31;2021-02-28;78;54;57014;31847;4.1;2.3
31;2021-03-01;872;1134;57886;32981;4.1;2.4
31;2021-03-02;1239;1666;59125;34647;4.2;2.5
31;2021-03-03;1355;1809;60480;36456;4.3;2.6
31;2021-03-04;2424;1505;62904;37961;4.5;2.7
31;2021-03-05;3054;1602;65958;39563;4.7;2.8
31;2021-03-06;2835;412;68793;39975;4.9;2.9
31;2021-03-07;5368;107;74161;40082;5.3;2.9
31;2021-03-08;1599;1095;75760;41177;5.4;2.9
31;2021-03-09;2791;1194;78551;42371;5.6;3.0
31;2021-03-10;2574;1095;81125;43466;5.8;3.1
31;2021-03-11;4380;1167;85505;44633;6.1;3.2
31;2021-03-12;5315;1200;90820;45833;6.5;3.3
31;2021-03-13;2837;507;93657;46340;6.7;3.3
31;2021-03-14;235;49;93892;46389;6.7;3.3
31;2021-03-15;2583;433;96475;46822;6.9;3.3
31;2021-03-16;1744;818;98219;47640;7.0;3.4
31;2021-03-17;1657;561;99876;48201;7.1;3.4
31;2021-03-18;1988;712;101864;48913;7.3;3.5
31;2021-03-19;3187;527;105051;49440;7.5;3.5
31;2021-03-20;1797;139;106848;49579;7.6;3.5
31;2021-03-21;210;35;107058;49614;7.6;3.5
31;2021-03-22;2578;372;109636;49986;7.8;3.6
31;2021-03-23;4055;320;113691;50306;8.1;3.6
31;2021-03-24;4357;293;118048;50599;8.4;3.6
31;2021-03-25;6039;526;124087;51125;8.9;3.6
31;2021-03-26;5465;517;129552;51642;9.2;3.7
31;2021-03-27;4350;210;133902;51852;9.6;3.7
31;2021-03-28;2291;49;136193;51901;9.7;3.7
31;2021-03-29;4206;432;140399;52333;10.0;3.7
31;2021-03-30;6594;556;146993;52889;10.5;3.8
31;2021-03-31;5649;384;152642;53273;10.9;3.8
31;2021-04-01;6964;559;159606;53832;11.4;3.8
31;2021-04-02;6102;588;165708;54420;11.8;3.9
31;2021-04-03;3927;153;169635;54573;12.1;3.9
31;2021-04-04;2060;114;171695;54687;12.3;3.9
31;2021-04-05;481;70;172176;54757;12.3;3.9
31;2021-04-06;4165;1152;176341;55909;12.6;4.0
31;2021-04-07;5986;983;182327;56892;13.0;4.1
31;2021-04-08;7568;1036;189895;57928;13.6;4.1
31;2021-04-09;8387;1258;198282;59186;14.2;4.2
31;2021-04-10;4717;545;202999;59731;14.5;4.3
31;2021-04-11;2068;139;205067;59870;14.6;4.3
31;2021-04-12;6001;1839;211068;61709;15.1;4.4
31;2021-04-13;8030;2025;219098;63734;15.6;4.5
31;2021-04-14;6651;1922;225749;65656;16.1;4.7
31;2021-04-15;7771;2238;233520;67894;16.7;4.8
31;2021-04-16;7182;2094;240702;69988;17.2;5.0
31;2021-04-17;4413;910;245115;70898;17.5;5.1
31;2021-04-18;2512;355;247627;71253;17.7;5.1
31;2021-04-19;5221;2029;252848;73282;18.0;5.2
31;2021-04-20;6073;2847;258921;76129;18.5;5.4
31;2021-04-21;5974;2799;264895;78928;18.9;5.6
31;2021-04-22;6380;3243;271275;82171;19.4;5.9
31;2021-04-23;6281;2579;277556;84750;19.8;6.0
31;2021-04-24;1614;3143;279170;87893;19.9;6.3
31;2021-04-25;687;2094;279857;89987;20.0;6.4
31;2021-04-26;3793;3225;283650;93212;20.2;6.7
31;2021-04-27;4517;3902;288167;97114;20.6;6.9
31;2021-04-28;4545;3573;292712;100687;20.9;7.2
31;2021-04-29;5183;4071;297895;104758;21.3;7.5
31;2021-04-30;5036;4132;302931;108890;21.6;7.8
31;2021-05-01;1488;3120;304419;112010;21.7;8.0
31;2021-05-02;1415;1981;305834;113991;21.8;8.1
31;2021-05-03;5657;2427;311491;116418;22.2;8.3
31;2021-05-04;4781;4742;316272;121160;22.6;8.6
31;2021-05-05;2995;5721;319267;126881;22.8;9.1
31;2021-05-06;3636;7383;322903;134264;23.0;9.6
31;2021-05-07;5257;7175;328160;141439;23.4;10.1
31;2021-05-08;3634;3105;331794;144544;23.7;10.3
31;2021-05-09;3760;2309;335554;146853;24.0;10.5
31;2021-05-10;5685;5480;341239;152333;24.4;10.9
31;2021-05-11;6661;6705;347900;159038;24.8;11.4
31;2021-05-12;6172;5940;354072;164978;25.3;11.8
31;2021-05-13;4643;2064;358715;167042;25.6;11.9
31;2021-05-14;6912;3982;365627;171024;26.1;12.2
31;2021-05-15;5144;1757;370771;172781;26.5;12.3
31;2021-05-16;3301;633;374072;173414;26.7;12.4
31;2021-05-17;5143;4149;379215;177563;27.1;12.7
31;2021-05-18;5588;4278;384803;181841;27.5;13.0
31;2021-05-19;5781;3763;390584;185604;27.9;13.2
31;2021-05-20;6476;4810;397060;190414;28.3;13.6
31;2021-05-21;5983;4610;403043;195024;28.8;13.9
31;2021-05-22;4085;1628;407128;196652;29.1;14.0
31;2021-05-23;3584;342;410712;196994;29.3;14.1
31;2021-05-24;3880;706;414592;197700;29.6;14.1
31;2021-05-25;6189;3605;420781;201305;30.0;14.4
31;2021-05-26;5609;4645;426390;205950;30.4;14.7
31;2021-05-27;4787;6201;431177;212151;30.8;15.1
31;2021-05-28;4116;6350;435293;218501;31.1;15.6
31;2021-05-29;1918;4030;437211;222531;31.2;15.9
31;2021-05-30;751;2362;437962;224893;31.3;16.1
31;2021-05-31;4398;5087;442360;229980;31.6;16.4
31;2021-06-01;5955;6564;448315;236544;32.0;16.9
31;2021-06-02;5801;6314;454116;242858;32.4;17.3
31;2021-06-03;7310;8145;461426;251003;32.9;17.9
31;2021-06-04;7544;7163;468970;258166;33.5;18.4
31;2021-06-05;9078;2770;478048;260936;34.1;18.6
31;2021-06-06;8113;1582;486161;262518;34.7;18.7
31;2021-06-07;7989;5471;494150;267989;35.3;19.1
31;2021-06-08;9108;6055;503258;274044;35.9;19.6
31;2021-06-09;8920;5556;512178;279600;36.6;20.0
31;2021-06-10;9784;6364;521962;285964;37.3;20.4
31;2021-06-11;10050;6642;532012;292606;38.0;20.9
31;2021-06-12;8792;3021;540804;295627;38.6;21.1
31;2021-06-13;8376;2018;549180;297645;39.2;21.2
31;2021-06-14;8432;6734;557612;304379;39.8;21.7
31;2021-06-15;9781;7447;567393;311826;40.5;22.3
31;2021-06-16;8739;5260;576132;317086;41.1;22.6
31;2021-06-17;8277;6604;584409;323690;41.7;23.1
31;2021-06-18;8554;7754;592963;331444;42.3;23.7
31;2021-06-19;7365;5438;600328;336882;42.9;24.0
31;2021-06-20;5573;3725;605901;340607;43.2;24.3
31;2021-06-21;5376;6919;611277;347526;43.6;24.8
31;2021-06-22;4988;8223;616265;355749;44.0;25.4
31;2021-06-23;5110;7280;621375;363029;44.4;25.9
31;2021-06-24;4634;8321;626009;371350;44.7;26.5
31;2021-06-25;5017;9311;631026;380661;45.0;27.2
31;2021-06-26;4283;6399;635309;387060;45.3;27.6
31;2021-06-27;3597;4106;638906;391166;45.6;27.9
31;2021-06-28;4101;6649;643007;397815;45.9;28.4
31;2021-06-29;3799;7567;646806;405382;46.2;28.9
31;2021-06-30;4281;7813;651087;413195;46.5;29.5
31;2021-07-01;4092;8469;655179;421664;46.8;30.1
31;2021-07-02;4110;9327;659289;430991;47.1;30.8
31;2021-07-03;4099;6110;663388;437101;47.4;31.2
31;2021-07-04;3203;4811;666591;441912;47.6;31.5
31;2021-07-05;4056;7098;670647;449010;47.9;32.1
31;2021-07-06;3889;8367;674536;457377;48.1;32.6
31;2021-07-07;3960;7965;678496;465342;48.4;33.2
31;2021-07-08;4054;8542;682550;473884;48.7;33.8
31;2021-07-09;4464;8802;687014;482686;49.0;34.5
31;2021-07-10;3919;5497;690933;488183;49.3;34.8
31;2021-07-11;3138;4134;694071;492317;49.5;35.1
31;2021-07-12;3826;8633;697897;500950;49.8;35.8
31;2021-07-13;6921;9437;704818;510387;50.3;36.4
31;2021-07-14;6165;3931;710983;514318;50.8;36.7
31;2021-07-15;8522;9444;719505;523762;51.4;37.4
31;2021-07-16;7776;9919;727281;533681;51.9;38.1
31;2021-07-17;8366;10546;735647;544227;52.5;38.8
31;2021-07-18;6629;9469;742276;553696;53.0;39.5
31;2021-07-19;4791;10773;747067;564469;53.3;40.3
31;2021-07-20;7162;11477;754229;575946;53.8;41.1
31;2021-07-21;7044;11532;761273;587478;54.3;41.9
31;2021-07-22;8163;11757;769436;599235;54.9;42.8
31;2021-07-23;7470;11809;776906;611044;55.5;43.6
31;2021-07-24;10316;10558;787222;621602;56.2;44.4
31;2021-07-25;7565;8797;794787;630399;56.7;45.0
31;2021-07-26;5521;9542;800308;639941;57.1;45.7
31;2021-07-27;7960;9194;808268;649135;57.7;46.3
31;2021-07-28;8679;8271;816947;657406;58.3;46.9
31;2021-07-29;8850;8045;825797;665451;58.9;47.5
31;2021-07-30;7665;7983;833462;673434;59.5;48.1
31;2021-07-31;6013;7391;839475;680825;59.9;48.6
31;2021-08-01;4417;4303;843892;685128;60.2;48.9
31;2021-08-02;5479;5414;849371;690542;60.6;49.3
31;2021-08-03;5855;5184;855226;695726;61.0;49.7
31;2021-08-04;5903;4805;861129;700531;61.5;50.0
31;2021-08-05;5571;7232;866700;707763;61.9;50.5
31;2021-08-06;5284;7339;871984;715102;62.2;51.0
31;2021-08-07;4589;6644;876573;721746;62.6;51.5
31;2021-08-08;3381;5572;879954;727318;62.8;51.9
31;2021-08-09;4382;7020;884336;734338;63.1;52.4
31;2021-08-10;4653;6281;888989;740619;63.5;52.9
31;2021-08-11;4508;5860;893497;746479;63.8;53.3
31;2021-08-12;4498;6753;897995;753232;64.1;53.8
31;2021-08-13;4115;6192;902110;759424;64.4;54.2
31;2021-08-14;3027;6458;905137;765882;64.6;54.7
31;2021-08-15;1288;4094;906425;769976;64.7;55.0
31;2021-08-16;3201;8121;909626;778097;64.9;55.5
31;2021-08-17;3407;7098;913033;785195;65.2;56.0
31;2021-08-18;3299;7000;916332;792195;65.4;56.5
31;2021-08-19;2957;6984;919289;799179;65.6;57.0
31;2021-08-20;2957;7383;922246;806562;65.8;57.6
31;2021-08-21;1966;6788;924212;813350;66.0;58.1
31;2021-08-22;1482;5631;925694;818981;66.1;58.5
31;2021-08-23;2322;7722;928016;826703;66.2;59.0
31;2021-08-24;2543;6169;930559;832872;66.4;59.5
31;2021-08-25;2356;5721;932915;838593;66.6;59.9
31;2021-08-26;2261;5786;935176;844379;66.8;60.3
31;2021-08-27;2342;6656;937518;851035;66.9;60.7
31;2021-08-28;1822;6780;939340;857815;67.1;61.2
31;2021-08-29;1269;5060;940609;862875;67.1;61.6
31;2021-08-30;2109;6626;942718;869501;67.3;62.1
31;2021-08-31;2197;5548;944915;875049;67.4;62.5
32;2020-12-27;0;0;0;0;0.0;0.0
32;2020-12-28;0;0;0;0;0.0;0.0
32;2020-12-29;0;0;0;0;0.0;0.0
32;2020-12-30;0;0;0;0;0.0;0.0
32;2020-12-31;0;0;0;0;0.0;0.0
32;2021-01-01;0;0;0;0;0.0;0.0
32;2021-01-02;0;0;0;0;0.0;0.0
32;2021-01-03;1;0;1;0;0.0;0.0
32;2021-01-04;3;0;4;0;0.0;0.0
32;2021-01-05;1;0;5;0;0.0;0.0
32;2021-01-06;2;0;7;0;0.0;0.0
32;2021-01-07;155;0;162;0;0.1;0.0
32;2021-01-08;70;0;232;0;0.1;0.0
32;2021-01-09;5;0;237;0;0.1;0.0
32;2021-01-10;1;0;238;0;0.1;0.0
32;2021-01-11;11;0;249;0;0.1;0.0
32;2021-01-12;96;0;345;0;0.2;0.0
32;2021-01-13;325;0;670;0;0.4;0.0
32;2021-01-14;378;3;1048;3;0.6;0.0
32;2021-01-15;448;1;1496;4;0.8;0.0
32;2021-01-16;16;2;1512;6;0.8;0.0
32;2021-01-17;1;0;1513;6;0.8;0.0
32;2021-01-18;345;1;1858;7;1.0;0.0
32;2021-01-19;418;0;2276;7;1.2;0.0
32;2021-01-20;358;0;2634;7;1.4;0.0
32;2021-01-21;582;0;3216;7;1.7;0.0
32;2021-01-22;372;0;3588;7;1.9;0.0
32;2021-01-23;180;0;3768;7;2.0;0.0
32;2021-01-24;5;0;3773;7;2.0;0.0
32;2021-01-25;468;1;4241;8;2.2;0.0
32;2021-01-26;608;0;4849;8;2.6;0.0
32;2021-01-27;702;4;5551;12;2.9;0.0
32;2021-01-28;687;15;6238;27;3.3;0.0
32;2021-01-29;460;53;6698;80;3.5;0.0
32;2021-01-30;260;0;6958;80;3.7;0.0
32;2021-01-31;4;5;6962;85;3.7;0.0
32;2021-02-01;288;58;7250;143;3.8;0.1
32;2021-02-02;638;139;7888;282;4.2;0.1
32;2021-02-03;338;200;8226;482;4.3;0.3
32;2021-02-04;426;278;8652;760;4.6;0.4
32;2021-02-05;348;359;9000;1119;4.7;0.6
32;2021-02-06;147;0;9147;1119;4.8;0.6
32;2021-02-07;0;36;9147;1155;4.8;0.6
32;2021-02-08;278;121;9425;1276;5.0;0.7
32;2021-02-09;309;229;9734;1505;5.1;0.8
32;2021-02-10;271;253;10005;1758;5.3;0.9
32;2021-02-11;382;317;10387;2075;5.5;1.1
32;2021-02-12;297;279;10684;2354;5.6;1.2
32;2021-02-13;249;1;10933;2355;5.8;1.2
32;2021-02-14;0;28;10933;2383;5.8;1.3
32;2021-02-15;25;210;10958;2593;5.8;1.4
32;2021-02-16;393;365;11351;2958;6.0;1.6
32;2021-02-17;191;474;11542;3432;6.1;1.8
32;2021-02-18;331;491;11873;3923;6.2;2.1
32;2021-02-19;184;277;12057;4200;6.3;2.2
32;2021-02-20;1;119;12058;4319;6.3;2.3
32;2021-02-21;0;0;12058;4319;6.3;2.3
32;2021-02-22;158;385;12216;4704;6.4;2.5
32;2021-02-23;431;565;12647;5269;6.7;2.8
32;2021-02-24;277;380;12924;5649;6.8;3.0
32;2021-02-25;481;517;13405;6166;7.1;3.2
32;2021-02-26;444;385;13849;6551;7.3;3.4
32;2021-02-27;157;246;14006;6797;7.4;3.6
32;2021-02-28;4;0;14010;6797;7.4;3.6
32;2021-03-01;51;300;14061;7097;7.4;3.7
32;2021-03-02;414;446;14475;7543;7.6;4.0
32;2021-03-03;276;292;14751;7835;7.8;4.1
32;2021-03-04;540;339;15291;8174;8.0;4.3
32;2021-03-05;437;249;15728;8423;8.3;4.4
32;2021-03-06;522;166;16250;8589;8.6;4.5
32;2021-03-07;25;5;16275;8594;8.6;4.5
32;2021-03-08;234;291;16509;8885;8.7;4.7
32;2021-03-09;643;329;17152;9214;9.0;4.8
32;2021-03-10;482;329;17634;9543;9.3;5.0
32;2021-03-11;854;294;18488;9837;9.7;5.2
32;2021-03-12;882;340;19370;10177;10.2;5.4
32;2021-03-13;492;248;19862;10425;10.5;5.5
32;2021-03-14;1;0;19863;10425;10.5;5.5
32;2021-03-15;267;26;20130;10451;10.6;5.5
32;2021-03-16;314;308;20444;10759;10.8;5.7
32;2021-03-17;150;155;20594;10914;10.8;5.7
32;2021-03-18;375;308;20969;11222;11.0;5.9
32;2021-03-19;404;181;21373;11403;11.2;6.0
32;2021-03-20;136;33;21509;11436;11.3;6.0
32;2021-03-21;0;0;21509;11436;11.3;6.0
32;2021-03-22;340;170;21849;11606;11.5;6.1
32;2021-03-23;560;399;22409;12005;11.8;6.3
32;2021-03-24;643;270;23052;12275;12.1;6.5
32;2021-03-25;899;417;23951;12692;12.6;6.7
32;2021-03-26;657;294;24608;12986;12.9;6.8
32;2021-03-27;165;3;24773;12989;13.0;6.8
32;2021-03-28;1;1;24774;12990;13.0;6.8
32;2021-03-29;371;48;25145;13038;13.2;6.9
32;2021-03-30;766;290;25911;13328;13.6;7.0
32;2021-03-31;654;173;26565;13501;14.0;7.1
32;2021-04-01;1238;321;27803;13822;14.6;7.3
32;2021-04-02;575;167;28378;13989;14.9;7.4
32;2021-04-03;114;0;28492;13989;15.0;7.4
32;2021-04-04;0;0;28492;13989;15.0;7.4
32;2021-04-05;0;0;28492;13989;15.0;7.4
32;2021-04-06;2646;311;31138;14300;16.4;7.5
32;2021-04-07;1178;204;32316;14504;17.0;7.6
32;2021-04-08;1736;406;34052;14910;17.9;7.8
32;2021-04-09;883;218;34935;15128;18.4;8.0
32;2021-04-10;809;29;35744;15157;18.8;8.0
32;2021-04-11;14;0;35758;15157;18.8;8.0
32;2021-04-12;477;23;36235;15180;19.1;8.0
32;2021-04-13;2469;387;38704;15567;20.4;8.2
32;2021-04-14;1227;263;39931;15830;21.0;8.3
32;2021-04-15;1704;392;41635;16222;21.9;8.5
32;2021-04-16;638;282;42273;16504;22.2;8.7
32;2021-04-17;783;38;43056;16542;22.7;8.7
32;2021-04-18;13;1;43069;16543;22.7;8.7
32;2021-04-19;502;46;43571;16589;22.9;8.7
32;2021-04-20;2472;391;46043;16980;24.2;8.9
32;2021-04-21;1010;303;47053;17283;24.8;9.1
32;2021-04-22;1662;321;48715;17604;25.6;9.3
32;2021-04-23;549;159;49264;17763;25.9;9.3
32;2021-04-24;1391;55;50655;17818;26.7;9.4
32;2021-04-25;0;11;50655;17829;26.7;9.4
32;2021-04-26;387;359;51042;18188;26.9;9.6
32;2021-04-27;2552;554;53594;18742;28.2;9.9
32;2021-04-28;972;356;54566;19098;28.7;10.0
32;2021-04-29;1009;885;55575;19983;29.2;10.5
32;2021-04-30;453;362;56028;20345;29.5;10.7
32;2021-05-01;2607;96;58635;20441;30.9;10.8
32;2021-05-02;0;0;58635;20441;30.9;10.8
32;2021-05-03;171;321;58806;20762;30.9;10.9
32;2021-05-04;792;2497;59598;23259;31.4;12.2
32;2021-05-05;2361;1099;61959;24358;32.6;12.8
32;2021-05-06;516;1660;62475;26018;32.9;13.7
32;2021-05-07;2286;538;64761;26556;34.1;14.0
32;2021-05-08;71;516;64832;27072;34.1;14.2
32;2021-05-09;21;179;64853;27251;34.1;14.3
32;2021-05-10;1993;551;66846;27802;35.2;14.6
32;2021-05-11;651;2276;67497;30078;35.5;15.8
32;2021-05-12;2313;1139;69810;31217;36.7;16.4
32;2021-05-13;281;1417;70091;32634;36.9;17.2
32;2021-05-14;2222;327;72313;32961;38.1;17.3
32;2021-05-15;134;712;72447;33673;38.1;17.7
32;2021-05-16;2;0;72449;33673;38.1;17.7
32;2021-05-17;353;170;72802;33843;38.3;17.8
32;2021-05-18;1642;297;74444;34140;39.2;18.0
32;2021-05-19;2475;272;76919;34412;40.5;18.1
32;2021-05-20;2887;471;79806;34883;42.0;18.4
32;2021-05-21;2535;501;82341;35384;43.3;18.6
32;2021-05-22;334;111;82675;35495;43.5;18.7
32;2021-05-23;2;13;82677;35508;43.5;18.7
32;2021-05-24;3;0;82680;35508;43.5;18.7
32;2021-05-25;1983;374;84663;35882;44.6;18.9
32;2021-05-26;2548;556;87211;36438;45.9;19.2
32;2021-05-27;2877;626;90088;37064;47.4;19.5
32;2021-05-28;2310;766;92398;37830;48.6;19.9
32;2021-05-29;372;312;92770;38142;48.8;20.1
32;2021-05-30;4;6;92774;38148;48.8;20.1
32;2021-05-31;1414;625;94188;38773;49.6;20.4
32;2021-06-01;565;2889;94753;41662;49.9;21.9
32;2021-06-02;1579;1354;96332;43016;50.7;22.6
32;2021-06-03;396;2087;96728;45103;50.9;23.7
32;2021-06-04;1837;830;98565;45933;51.9;24.2
32;2021-06-05;206;1661;98771;47594;52.0;25.0
32;2021-06-06;8;14;98779;47608;52.0;25.1
32;2021-06-07;103;418;98882;48026;52.0;25.3
32;2021-06-08;663;2541;99545;50567;52.4;26.6
32;2021-06-09;1191;1055;100736;51622;53.0;27.2
32;2021-06-10;686;1226;101422;52848;53.4;27.8
32;2021-06-11;926;663;102348;53511;53.9;28.2
32;2021-06-12;150;2679;102498;56190;53.9;29.6
32;2021-06-13;1;1;102499;56191;53.9;29.6
32;2021-06-14;529;210;103028;56401;54.2;29.7
32;2021-06-15;1735;1027;104763;57428;55.1;30.2
32;2021-06-16;850;2777;105613;60205;55.6;31.7
32;2021-06-17;860;829;106473;61034;56.0;32.1
32;2021-06-18;315;2724;106788;63758;56.2;33.5
32;2021-06-19;914;436;107702;64194;56.7;33.8
32;2021-06-20;5;13;107707;64207;56.7;33.8
32;2021-06-21;67;1994;107774;66201;56.7;34.8
32;2021-06-22;1043;970;108817;67171;57.3;35.3
32;2021-06-23;516;2183;109333;69354;57.5;36.5
32;2021-06-24;528;520;109861;69874;57.8;36.8
32;2021-06-25;501;2359;110362;72233;58.1;38.0
32;2021-06-26;108;171;110470;72404;58.1;38.1
32;2021-06-27;2;5;110472;72409;58.1;38.1
32;2021-06-28;630;603;111102;73012;58.5;38.4
32;2021-06-29;800;1985;111902;74997;58.9;39.5
32;2021-06-30;757;2725;112659;77722;59.3;40.9
32;2021-07-01;540;2641;113199;80363;59.6;42.3
32;2021-07-02;641;2335;113840;82698;59.9;43.5
32;2021-07-03;482;506;114322;83204;60.2;43.8
32;2021-07-04;1;12;114323;83216;60.2;43.8
32;2021-07-05;76;391;114399;83607;60.2;44.0
32;2021-07-06;880;2083;115279;85690;60.7;45.1
32;2021-07-07;781;2757;116060;88447;61.1;46.5
32;2021-07-08;478;2267;116538;90714;61.3;47.7
32;2021-07-09;615;2226;117153;92940;61.6;48.9
32;2021-07-10;537;521;117690;93461;61.9;49.2
32;2021-07-11;0;5;117690;93466;61.9;49.2
32;2021-07-12;526;1243;118216;94709;62.2;49.8
32;2021-07-13;1696;1817;119912;96526;63.1;50.8
32;2021-07-14;491;35;120403;96561;63.4;50.8
32;2021-07-15;2095;890;122498;97451;64.5;51.3
32;2021-07-16;1169;1911;123667;99362;65.1;52.3
32;2021-07-17;78;129;123745;99491;65.1;52.4
32;2021-07-18;2;5;123747;99496;65.1;52.4
32;2021-07-19;1995;147;125742;99643;66.2;52.4
32;2021-07-20;2039;1267;127781;100910;67.2;53.1
32;2021-07-21;1614;1691;129395;102601;68.1;54.0
32;2021-07-22;1947;511;131342;103112;69.1;54.3
32;2021-07-23;1407;1732;132749;104844;69.9;55.2
32;2021-07-24;139;118;132888;104962;69.9;55.2
32;2021-07-25;34;10;132922;104972;69.9;55.2
32;2021-07-26;1071;1071;133993;106043;70.5;55.8
32;2021-07-27;1727;2097;135720;108140;71.4;56.9
32;2021-07-28;692;975;136412;109115;71.8;57.4
32;2021-07-29;1688;1603;138100;110718;72.7;58.3
32;2021-07-30;363;349;138463;111067;72.9;58.4
32;2021-07-31;186;351;138649;111418;73.0;58.6
32;2021-08-01;18;4;138667;111422;73.0;58.6
32;2021-08-02;80;76;138747;111498;73.0;58.7
32;2021-08-03;1176;1790;139923;113288;73.6;59.6
32;2021-08-04;630;654;140553;113942;74.0;60.0
32;2021-08-05;1105;1938;141658;115880;74.5;61.0
32;2021-08-06;561;495;142219;116375;74.8;61.2
32;2021-08-07;148;93;142367;116468;74.9;61.3
32;2021-08-08;0;0;142367;116468;74.9;61.3
32;2021-08-09;261;1826;142628;118294;75.1;62.2
32;2021-08-10;712;2080;143340;120374;75.4;63.3
32;2021-08-11;576;446;143916;120820;75.7;63.6
32;2021-08-12;932;2103;144848;122923;76.2;64.7
32;2021-08-13;177;251;145025;123174;76.3;64.8
32;2021-08-14;111;119;145136;123293;76.4;64.9
32;2021-08-15;12;21;145148;123314;76.4;64.9
32;2021-08-16;41;39;145189;123353;76.4;64.9
32;2021-08-17;573;2301;145762;125654;76.7;66.1
32;2021-08-18;309;558;146071;126212;76.9;66.4
32;2021-08-19;953;1410;147024;127622;77.4;67.2
32;2021-08-20;153;165;147177;127787;77.4;67.2
32;2021-08-21;149;191;147326;127978;77.5;67.3
32;2021-08-22;8;3;147334;127981;77.5;67.3
32;2021-08-23;42;101;147376;128082;77.5;67.4
32;2021-08-24;582;1448;147958;129530;77.9;68.2
32;2021-08-25;92;191;148050;129721;77.9;68.3
32;2021-08-26;321;2260;148371;131981;78.1;69.4
32;2021-08-27;270;553;148641;132534;78.2;69.7
32;2021-08-28;70;109;148711;132643;78.3;69.8
32;2021-08-29;1;8;148712;132651;78.3;69.8
32;2021-08-30;19;50;148731;132701;78.3;69.8
32;2021-08-31;195;1536;148926;134237;78.4;70.6
33;2020-12-27;2;0;2;0;0.0;0.0
33;2020-12-28;3;0;5;0;0.0;0.0
33;2020-12-29;0;0;5;0;0.0;0.0
33;2020-12-30;0;0;5;0;0.0;0.0
33;2020-12-31;0;0;5;0;0.0;0.0
33;2021-01-01;0;0;5;0;0.0;0.0
33;2021-01-02;1;0;6;0;0.0;0.0
33;2021-01-03;0;0;6;0;0.0;0.0
33;2021-01-04;2;0;8;0;0.0;0.0
33;2021-01-05;2;0;10;0;0.0;0.0
33;2021-01-06;134;0;144;0;0.0;0.0
33;2021-01-07;1309;1;1453;1;0.1;0.0
33;2021-01-08;1199;2;2652;3;0.2;0.0
33;2021-01-09;298;1;2950;4;0.2;0.0
33;2021-01-10;229;0;3179;4;0.2;0.0
33;2021-01-11;627;0;3806;4;0.2;0.0
33;2021-01-12;1417;2;5223;6;0.3;0.0
33;2021-01-13;1313;9;6536;15;0.4;0.0
33;2021-01-14;1286;13;7822;28;0.5;0.0
33;2021-01-15;1607;11;9429;39;0.6;0.0
33;2021-01-16;566;8;9995;47;0.6;0.0
33;2021-01-17;406;4;10401;51;0.6;0.0
33;2021-01-18;1222;11;11623;62;0.7;0.0
33;2021-01-19;2924;4;14547;66;0.9;0.0
33;2021-01-20;3401;9;17948;75;1.1;0.0
33;2021-01-21;2858;5;20806;80;1.3;0.0
33;2021-01-22;2324;8;23130;88;1.4;0.0
33;2021-01-23;852;2;23982;90;1.5;0.0
33;2021-01-24;529;2;24511;92;1.5;0.0
33;2021-01-25;2171;60;26682;152;1.6;0.0
33;2021-01-26;2244;160;28926;312;1.8;0.0
33;2021-01-27;2258;206;31184;518;1.9;0.0
33;2021-01-28;2157;437;33341;955;2.0;0.1
33;2021-01-29;1820;682;35161;1637;2.2;0.1
33;2021-01-30;704;171;35865;1808;2.2;0.1
33;2021-01-31;389;155;36254;1963;2.2;0.1
33;2021-02-01;1456;645;37710;2608;2.3;0.2
33;2021-02-02;2643;1106;40353;3714;2.5;0.2
33;2021-02-03;2922;863;43275;4577;2.6;0.3
33;2021-02-04;4030;1348;47305;5925;2.9;0.4
33;2021-02-05;2190;1161;49495;7086;3.0;0.4
33;2021-02-06;643;196;50138;7282;3.1;0.4
33;2021-02-07;218;230;50356;7512;3.1;0.5
33;2021-02-08;1263;753;51619;8265;3.2;0.5
33;2021-02-09;1324;1681;52943;9946;3.2;0.6
33;2021-02-10;1263;1746;54206;11692;3.3;0.7
33;2021-02-11;1301;1438;55507;13130;3.4;0.8
33;2021-02-12;1115;1246;56622;14376;3.5;0.9
33;2021-02-13;203;291;56825;14667;3.5;0.9
33;2021-02-14;47;245;56872;14912;3.5;0.9
33;2021-02-15;685;1716;57557;16628;3.5;1.0
33;2021-02-16;812;2038;58369;18666;3.6;1.1
33;2021-02-17;667;2029;59036;20695;3.6;1.3
33;2021-02-18;898;2242;59934;22937;3.7;1.4
33;2021-02-19;915;2011;60849;24948;3.7;1.5
33;2021-02-20;77;652;60926;25600;3.7;1.6
33;2021-02-21;38;461;60964;26061;3.7;1.6
33;2021-02-22;706;1881;61670;27942;3.8;1.7
33;2021-02-23;1230;2736;62900;30678;3.9;1.9
33;2021-02-24;1399;2515;64299;33193;3.9;2.0
33;2021-02-25;2830;3748;67129;36941;4.1;2.3
33;2021-02-26;4055;2319;71184;39260;4.4;2.4
33;2021-02-27;1360;720;72544;39980;4.4;2.4
33;2021-02-28;126;516;72670;40496;4.4;2.5
33;2021-03-01;1533;1848;74203;42344;4.5;2.6
33;2021-03-02;2322;1742;76525;44086;4.7;2.7
33;2021-03-03;2307;1700;78832;45786;4.8;2.8
33;2021-03-04;3934;1668;82766;47454;5.1;2.9
33;2021-03-05;5758;1738;88524;49192;5.4;3.0
33;2021-03-06;3414;562;91938;49754;5.6;3.0
33;2021-03-07;741;160;92679;49914;5.7;3.1
33;2021-03-08;2715;1150;95394;51064;5.8;3.1
33;2021-03-09;4402;1340;99796;52404;6.1;3.2
33;2021-03-10;5120;1233;104916;53637;6.4;3.3
33;2021-03-11;7543;1234;112459;54871;6.9;3.4
33;2021-03-12;10119;1167;122578;56038;7.5;3.4
33;2021-03-13;5155;213;127733;56251;7.8;3.4
33;2021-03-14;715;27;128448;56278;7.9;3.4
33;2021-03-15;4439;684;132887;56962;8.1;3.5
33;2021-03-16;3582;879;136469;57841;8.4;3.5
33;2021-03-17;3638;949;140107;58790;8.6;3.6
33;2021-03-18;4038;1412;144145;60202;8.8;3.7
33;2021-03-19;6270;1034;150415;61236;9.2;3.7
33;2021-03-20;3368;104;153783;61340;9.4;3.8
33;2021-03-21;461;29;154244;61369;9.4;3.8
33;2021-03-22;4900;451;159144;61820;9.7;3.8
33;2021-03-23;6323;608;165467;62428;10.1;3.8
33;2021-03-24;7076;524;172543;62952;10.6;3.9
33;2021-03-25;8840;658;181383;63610;11.1;3.9
33;2021-03-26;10037;855;191420;64465;11.7;3.9
33;2021-03-27;3619;83;195039;64548;11.9;4.0
33;2021-03-28;577;34;195616;64582;12.0;4.0
33;2021-03-29;6769;702;202385;65284;12.4;4.0
33;2021-03-30;8100;1041;210485;66325;12.9;4.1
33;2021-03-31;7579;1071;218064;67396;13.3;4.1
33;2021-04-01;8821;1194;226885;68590;13.9;4.2
33;2021-04-02;8403;1558;235288;70148;14.4;4.3
33;2021-04-03;2832;524;238120;70672;14.6;4.3
33;2021-04-04;218;160;238338;70832;14.6;4.3
33;2021-04-05;692;123;239030;70955;14.6;4.3
33;2021-04-06;6049;2700;245079;73655;15.0;4.5
33;2021-04-07;7424;2570;252503;76225;15.5;4.7
33;2021-04-08;10323;2782;262826;79007;16.1;4.8
33;2021-04-09;12686;3095;275512;82102;16.9;5.0
33;2021-04-10;5356;1394;280868;83496;17.2;5.1
33;2021-04-11;1002;353;281870;83849;17.3;5.1
33;2021-04-12;7423;3277;289293;87126;17.7;5.3
33;2021-04-13;9317;3480;298610;90606;18.3;5.5
33;2021-04-14;9041;3655;307651;94261;18.8;5.8
33;2021-04-15;10109;3877;317760;98138;19.5;6.0
33;2021-04-16;9720;4226;327480;102364;20.0;6.3
33;2021-04-17;4652;1661;332132;104025;20.3;6.4
33;2021-04-18;929;413;333061;104438;20.4;6.4
33;2021-04-19;5616;3840;338677;108278;20.7;6.6
33;2021-04-20;7292;4266;345969;112544;21.2;6.9
33;2021-04-21;6596;4354;352565;116898;21.6;7.2
33;2021-04-22;7347;4478;359912;121376;22.0;7.4
33;2021-04-23;7707;4821;367619;126197;22.5;7.7
33;2021-04-24;4501;1801;372120;127998;22.8;7.8
33;2021-04-25;1651;418;373771;128416;22.9;7.9
33;2021-04-26;5265;5085;379036;133501;23.2;8.2
33;2021-04-27;6577;5629;385613;139130;23.6;8.5
33;2021-04-28;6783;5567;392396;144697;24.0;8.9
33;2021-04-29;8425;6243;400821;150940;24.5;9.2
33;2021-04-30;8739;6125;409560;157065;25.1;9.6
33;2021-05-01;2901;513;412461;157578;25.3;9.6
33;2021-05-02;1834;346;414295;157924;25.4;9.7
33;2021-05-03;7017;5220;421312;163144;25.8;10.0
33;2021-05-04;6827;6671;428139;169815;26.2;10.4
33;2021-05-05;7142;7571;435281;177386;26.6;10.9
33;2021-05-06;8704;8246;443985;185632;27.2;11.4
33;2021-05-07;8607;8909;452592;194541;27.7;11.9
33;2021-05-08;3542;1603;456134;196144;27.9;12.0
33;2021-05-09;1117;969;457251;197113;28.0;12.1
33;2021-05-10;6877;7311;464128;204424;28.4;12.5
33;2021-05-11;8637;7834;472765;212258;28.9;13.0
33;2021-05-12;9174;6698;481939;218956;29.5;13.4
33;2021-05-13;5209;2112;487148;221068;29.8;13.5
33;2021-05-14;8129;5359;495277;226427;30.3;13.9
33;2021-05-15;5183;2875;500460;229302;30.6;14.0
33;2021-05-16;1842;804;502302;230106;30.8;14.1
33;2021-05-17;8859;5110;511161;235216;31.3;14.4
33;2021-05-18;10624;4890;521785;240106;31.9;14.7
33;2021-05-19;10905;4796;532690;244902;32.6;15.0
33;2021-05-20;10912;5591;543602;250493;33.3;15.3
33;2021-05-21;10919;6257;554521;256750;33.9;15.7
33;2021-05-22;5123;2755;559644;259505;34.3;15.9
33;2021-05-23;1747;384;561391;259889;34.4;15.9
33;2021-05-24;5413;1000;566804;260889;34.7;16.0
33;2021-05-25;9390;5780;576194;266669;35.3;16.3
33;2021-05-26;9678;6043;585872;272712;35.9;16.7
33;2021-05-27;10907;7738;596779;280450;36.5;17.2
33;2021-05-28;10064;9525;606843;289975;37.2;17.8
33;2021-05-29;5041;4116;611884;294091;37.5;18.0
33;2021-05-30;1703;668;613587;294759;37.6;18.0
33;2021-05-31;8558;6426;622145;301185;38.1;18.4
33;2021-06-01;11808;8726;633953;309911;38.8;19.0
33;2021-06-02;11710;8227;645663;318138;39.5;19.5
33;2021-06-03;12714;9205;658377;327343;40.3;20.0
33;2021-06-04;12939;10958;671316;338301;41.1;20.7
33;2021-06-05;5277;5065;676593;343366;41.4;21.0
33;2021-06-06;2526;1192;679119;344558;41.6;21.1
33;2021-06-07;9760;8503;688879;353061;42.2;21.6
33;2021-06-08;11937;9460;700816;362521;42.9;22.2
33;2021-06-09;11776;8537;712592;371058;43.6;22.7
33;2021-06-10;12953;8391;725545;379449;44.4;23.2
33;2021-06-11;12520;11170;738065;390619;45.2;23.9
33;2021-06-12;6189;4476;744254;395095;45.6;24.2
33;2021-06-13;2614;1283;746868;396378;45.7;24.3
33;2021-06-14;8581;10155;755449;406533;46.2;24.9
33;2021-06-15;12059;10270;767508;416803;47.0;25.5
33;2021-06-16;12055;8872;779563;425675;47.7;26.1
33;2021-06-17;13112;9619;792675;435294;48.5;26.6
33;2021-06-18;11798;11441;804473;446735;49.3;27.3
33;2021-06-19;5611;4815;810084;451550;49.6;27.6
33;2021-06-20;2947;1475;813031;453025;49.8;27.7
33;2021-06-21;7876;10166;820907;463191;50.3;28.4
33;2021-06-22;9062;11088;829969;474279;50.8;29.0
33;2021-06-23;8665;10851;838634;485130;51.3;29.7
33;2021-06-24;9746;9983;848380;495113;51.9;30.3
33;2021-06-25;8050;13717;856430;508830;52.4;31.2
33;2021-06-26;4343;5919;860773;514749;52.7;31.5
33;2021-06-27;2468;1962;863241;516711;52.8;31.6
33;2021-06-28;4875;12771;868116;529482;53.1;32.4
33;2021-06-29;6445;13654;874561;543136;53.5;33.3
33;2021-06-30;6681;13396;881242;556532;54.0;34.1
33;2021-07-01;8053;11816;889295;568348;54.4;34.8
33;2021-07-02;6848;15112;896143;583460;54.9;35.7
33;2021-07-03;3228;6784;899371;590244;55.1;36.1
33;2021-07-04;2067;2378;901438;592622;55.2;36.3
33;2021-07-05;4401;12910;905839;605532;55.5;37.1
33;2021-07-06;6150;14595;911989;620127;55.8;38.0
33;2021-07-07;6892;13058;918881;633185;56.3;38.8
33;2021-07-08;7969;12751;926850;645936;56.7;39.5
33;2021-07-09;6473;15110;933323;661046;57.1;40.5
33;2021-07-10;3113;7164;936436;668210;57.3;40.9
33;2021-07-11;1844;2299;938280;670509;57.4;41.0
33;2021-07-12;3946;14704;942226;685213;57.7;41.9
33;2021-07-13;7159;16103;949385;701316;58.1;42.9
33;2021-07-14;3687;5319;953072;706635;58.3;43.3
33;2021-07-15;7623;15976;960695;722611;58.8;44.2
33;2021-07-16;8584;15147;969279;737758;59.3;45.2
33;2021-07-17;3157;6431;972436;744189;59.5;45.6
33;2021-07-18;1703;3206;974139;747395;59.6;45.8
33;2021-07-19;5867;15102;980006;762497;60.0;46.7
33;2021-07-20;7424;16130;987430;778627;60.5;47.7
33;2021-07-21;8366;14542;995796;793169;61.0;48.6
33;2021-07-22;9361;15106;1005157;808275;61.5;49.5
33;2021-07-23;9657;16354;1014814;824629;62.1;50.5
33;2021-07-24;3835;7553;1018649;832182;62.4;50.9
33;2021-07-25;2093;2666;1020742;834848;62.5;51.1
33;2021-07-26;6957;13421;1027699;848269;62.9;51.9
33;2021-07-27;10084;13397;1037783;861666;63.5;52.8
33;2021-07-28;10926;11970;1048709;873636;64.2;53.5
33;2021-07-29;11667;11905;1060376;885541;64.9;54.2
33;2021-07-30;11380;12220;1071756;897761;65.6;55.0
33;2021-07-31;4753;5650;1076509;903411;65.9;55.3
33;2021-08-01;2481;1950;1078990;905361;66.1;55.4
33;2021-08-02;8381;9893;1087371;915254;66.6;56.0
33;2021-08-03;11482;9014;1098853;924268;67.3;56.6
33;2021-08-04;11872;7352;1110725;931620;68.0;57.0
33;2021-08-05;11887;8029;1122612;939649;68.7;57.5
33;2021-08-06;11171;9059;1133783;948708;69.4;58.1
33;2021-08-07;5901;4514;1139684;953222;69.8;58.4
33;2021-08-08;3199;1818;1142883;955040;70.0;58.5
33;2021-08-09;8613;8724;1151496;963764;70.5;59.0
33;2021-08-10;9317;8435;1160813;972199;71.1;59.5
33;2021-08-11;8062;7580;1168875;979779;71.6;60.0
33;2021-08-12;7929;8016;1176804;987795;72.0;60.5
33;2021-08-13;7750;7679;1184554;995474;72.5;60.9
33;2021-08-14;3479;4329;1188033;999803;72.7;61.2
33;2021-08-15;1197;1877;1189230;1001680;72.8;61.3
33;2021-08-16;6400;8637;1195630;1010317;73.2;61.9
33;2021-08-17;6583;9063;1202213;1019380;73.6;62.4
33;2021-08-18;5569;8770;1207782;1028150;73.9;62.9
33;2021-08-19;5467;9113;1213249;1037263;74.3;63.5
33;2021-08-20;4896;9828;1218145;1047091;74.6;64.1
33;2021-08-21;2179;5029;1220324;1052120;74.7;64.4
33;2021-08-22;562;2367;1220886;1054487;74.7;64.6
33;2021-08-23;3886;10293;1224772;1064780;75.0;65.2
33;2021-08-24;4103;11088;1228875;1075868;75.2;65.9
33;2021-08-25;3695;10475;1232570;1086343;75.5;66.5
33;2021-08-26;3602;11040;1236172;1097383;75.7;67.2
33;2021-08-27;3750;12580;1239922;1109963;75.9;68.0
33;2021-08-28;1555;6628;1241477;1116591;76.0;68.4
33;2021-08-29;449;2426;1241926;1119017;76.0;68.5
33;2021-08-30;2312;10526;1244238;1129543;76.2;69.2
33;2021-08-31;3173;11011;1247411;1140554;76.4;69.8
34;2020-12-27;1;0;1;0;0.0;0.0
34;2020-12-28;1;0;2;0;0.0;0.0
34;2020-12-29;0;0;2;0;0.0;0.0
34;2020-12-30;0;0;2;0;0.0;0.0
34;2020-12-31;0;0;2;0;0.0;0.0
34;2021-01-01;1;0;3;0;0.0;0.0
34;2021-01-02;2;0;5;0;0.0;0.0
34;2021-01-03;0;0;5;0;0.0;0.0
34;2021-01-04;21;0;26;0;0.0;0.0
34;2021-01-05;106;2;132;2;0.0;0.0
34;2021-01-06;198;1;330;3;0.0;0.0
34;2021-01-07;364;0;694;3;0.1;0.0
34;2021-01-08;606;0;1300;3;0.1;0.0
34;2021-01-09;244;0;1544;3;0.1;0.0
34;2021-01-10;95;1;1639;4;0.1;0.0
34;2021-01-11;567;2;2206;6;0.2;0.0
34;2021-01-12;1007;1;3213;7;0.3;0.0
34;2021-01-13;1098;6;4311;13;0.4;0.0
34;2021-01-14;1957;13;6268;26;0.5;0.0
34;2021-01-15;1469;5;7737;31;0.7;0.0
34;2021-01-16;331;7;8068;38;0.7;0.0
34;2021-01-17;233;1;8301;39;0.7;0.0
34;2021-01-18;1126;4;9427;43;0.8;0.0
34;2021-01-19;1610;8;11037;51;0.9;0.0
34;2021-01-20;2086;9;13123;60;1.1;0.0
34;2021-01-21;4234;10;17357;70;1.5;0.0
34;2021-01-22;2551;8;19908;78;1.7;0.0
34;2021-01-23;599;2;20507;80;1.7;0.0
34;2021-01-24;2;0;20509;80;1.7;0.0
34;2021-01-25;1243;5;21752;85;1.8;0.0
34;2021-01-26;1459;20;23211;105;2.0;0.0
34;2021-01-27;1468;23;24679;128;2.1;0.0
34;2021-01-28;1392;124;26071;252;2.2;0.0
34;2021-01-29;1260;136;27331;388;2.3;0.0
34;2021-01-30;479;23;27810;411;2.4;0.0
34;2021-01-31;4;0;27814;411;2.4;0.0
34;2021-02-01;1028;246;28842;657;2.5;0.1
34;2021-02-02;1458;439;30300;1096;2.6;0.1
34;2021-02-03;2655;523;32955;1619;2.8;0.1
34;2021-02-04;2313;882;35268;2501;3.0;0.2
34;2021-02-05;1889;1175;37157;3676;3.2;0.3
34;2021-02-06;496;232;37653;3908;3.2;0.3
34;2021-02-07;32;105;37685;4013;3.2;0.3
34;2021-02-08;860;1050;38545;5063;3.3;0.4
34;2021-02-09;1033;1297;39578;6360;3.4;0.5
34;2021-02-10;1295;1497;40873;7857;3.5;0.7
34;2021-02-11;1791;2697;42664;10554;3.6;0.9
34;2021-02-12;1922;1642;44586;12196;3.8;1.0
34;2021-02-13;356;503;44942;12699;3.8;1.1
34;2021-02-14;22;286;44964;12985;3.8;1.1
34;2021-02-15;673;1191;45637;14176;3.9;1.2
34;2021-02-16;664;1499;46301;15675;3.9;1.3
34;2021-02-17;712;1493;47013;17168;4.0;1.5
34;2021-02-18;835;1473;47848;18641;4.1;1.6
34;2021-02-19;815;1215;48663;19856;4.1;1.7
34;2021-02-20;301;470;48964;20326;4.2;1.7
34;2021-02-21;64;18;49028;20344;4.2;1.7
34;2021-02-22;630;1289;49658;21633;4.2;1.8
34;2021-02-23;562;1467;50220;23100;4.3;2.0
34;2021-02-24;938;2325;51158;25425;4.3;2.2
34;2021-02-25;1606;2264;52764;27689;4.5;2.4
34;2021-02-26;1849;1620;54613;29309;4.6;2.5
34;2021-02-27;701;430;55314;29739;4.7;2.5
34;2021-02-28;86;64;55400;29803;4.7;2.5
34;2021-03-01;929;1159;56329;30962;4.8;2.6
34;2021-03-02;1590;1274;57919;32236;4.9;2.7
34;2021-03-03;1833;1399;59752;33635;5.1;2.9
34;2021-03-04;2866;1621;62618;35256;5.3;3.0
34;2021-03-05;3686;1543;66304;36799;5.6;3.1
34;2021-03-06;2644;205;68948;37004;5.9;3.1
34;2021-03-07;1243;78;70191;37082;6.0;3.2
34;2021-03-08;2781;1009;72972;38091;6.2;3.2
34;2021-03-09;4016;1449;76988;39540;6.5;3.4
34;2021-03-10;3992;1335;80980;40875;6.9;3.5
34;2021-03-11;5436;1303;86416;42178;7.3;3.6
34;2021-03-12;6493;933;92909;43111;7.9;3.7
34;2021-03-13;3136;179;96045;43290;8.2;3.7
34;2021-03-14;1002;54;97047;43344;8.3;3.7
34;2021-03-15;3304;566;100351;43910;8.5;3.7
34;2021-03-16;2913;667;103264;44577;8.8;3.8
34;2021-03-17;3303;740;106567;45317;9.1;3.9
34;2021-03-18;3449;921;110016;46238;9.4;3.9
34;2021-03-19;4692;796;114708;47034;9.8;4.0
34;2021-03-20;3146;65;117854;47099;10.0;4.0
34;2021-03-21;1997;60;119851;47159;10.2;4.0
34;2021-03-22;3682;466;123533;47625;10.5;4.0
34;2021-03-23;4962;543;128495;48168;10.9;4.1
34;2021-03-24;5219;647;133714;48815;11.4;4.2
34;2021-03-25;7197;724;140911;49539;12.0;4.2
34;2021-03-26;7169;575;148080;50114;12.6;4.3
34;2021-03-27;2372;82;150452;50196;12.8;4.3
34;2021-03-28;699;21;151151;50217;12.9;4.3
34;2021-03-29;4185;762;155336;50979;13.2;4.3
34;2021-03-30;5221;972;160557;51951;13.7;4.4
34;2021-03-31;5067;1211;165624;53162;14.1;4.5
34;2021-04-01;7033;1037;172657;54199;14.7;4.6
34;2021-04-02;5823;1188;178480;55387;15.2;4.7
34;2021-04-03;1138;87;179618;55474;15.3;4.7
34;2021-04-04;166;5;179784;55479;15.3;4.7
34;2021-04-05;432;26;180216;55505;15.3;4.7
34;2021-04-06;3135;2458;183351;57963;15.6;4.9
34;2021-04-07;3385;2644;186736;60607;15.9;5.2
34;2021-04-08;5252;2815;191988;63422;16.3;5.4
34;2021-04-09;8073;2499;200061;65921;17.0;5.6
34;2021-04-10;3166;1373;203227;67294;17.3;5.7
34;2021-04-11;1715;808;204942;68102;17.4;5.8
34;2021-04-12;4492;2525;209434;70627;17.8;6.0
34;2021-04-13;5238;3060;214672;73687;18.3;6.3
34;2021-04-14;5618;3241;220290;76928;18.7;6.5
34;2021-04-15;6998;3173;227288;80101;19.3;6.8
34;2021-04-16;6576;3165;233864;83266;19.9;7.1
34;2021-04-17;2377;2070;236241;85336;20.1;7.3
34;2021-04-18;988;1722;237229;87058;20.2;7.4
34;2021-04-19;3421;3124;240650;90182;20.5;7.7
34;2021-04-20;3766;3667;244416;93849;20.8;8.0
34;2021-04-21;4243;3727;248659;97576;21.1;8.3
34;2021-04-22;4486;4615;253145;102191;21.5;8.7
34;2021-04-23;5374;3527;258519;105718;22.0;9.0
34;2021-04-24;3165;1583;261684;107301;22.2;9.1
34;2021-04-25;1919;647;263603;107948;22.4;9.2
34;2021-04-26;4225;3481;267828;111429;22.8;9.5
34;2021-04-27;5127;4026;272955;115455;23.2;9.8
34;2021-04-28;5769;3548;278724;119003;23.7;10.1
34;2021-04-29;6419;3940;285143;122943;24.2;10.5
34;2021-04-30;7872;3300;293015;126243;24.9;10.7
34;2021-05-01;2403;501;295418;126744;25.1;10.8
34;2021-05-02;3260;325;298678;127069;25.4;10.8
34;2021-05-03;6574;2906;305252;129975;26.0;11.1
34;2021-05-04;7110;3805;312362;133780;26.6;11.4
34;2021-05-05;6498;4535;318860;138315;27.1;11.8
34;2021-05-06;6946;5212;325806;143527;27.7;12.2
34;2021-05-07;6928;5685;332734;149212;28.3;12.7
34;2021-05-08;3609;1171;336343;150383;28.6;12.8
34;2021-05-09;2178;1287;338521;151670;28.8;12.9
34;2021-05-10;5855;4810;344376;156480;29.3;13.3
34;2021-05-11;7414;5331;351790;161811;29.9;13.8
34;2021-05-12;7756;4462;359546;166273;30.6;14.1
34;2021-05-13;6126;781;365672;167054;31.1;14.2
34;2021-05-14;7491;3745;373163;170799;31.7;14.5
34;2021-05-15;4865;1691;378028;172490;32.1;14.7
34;2021-05-16;4952;459;382980;172949;32.6;14.7
34;2021-05-17;8694;1985;391674;174934;33.3;14.9
34;2021-05-18;9143;1979;400817;176913;34.1;15.0
34;2021-05-19;8627;1810;409444;178723;34.8;15.2
34;2021-05-20;8868;2509;418312;181232;35.6;15.4
34;2021-05-21;8785;3228;427097;184460;36.3;15.7
34;2021-05-22;5788;1155;432885;185615;36.8;15.8
34;2021-05-23;3884;549;436769;186164;37.1;15.8
34;2021-05-24;1898;854;438667;187018;37.3;15.9
34;2021-05-25;7141;3813;445808;190831;37.9;16.2
34;2021-05-26;8325;3035;454133;193866;38.6;16.5
34;2021-05-27;8320;4306;462453;198172;39.3;16.8
34;2021-05-28;8051;5450;470504;203622;40.0;17.3
34;2021-05-29;4008;3109;474512;206731;40.3;17.6
34;2021-05-30;1988;1390;476500;208121;40.5;17.7
34;2021-05-31;5876;5258;482376;213379;41.0;18.1
34;2021-06-01;6954;6110;489330;219489;41.6;18.7
34;2021-06-02;6135;5812;495465;225301;42.1;19.2
34;2021-06-03;7716;6491;503181;231792;42.8;19.7
34;2021-06-04;7660;7590;510841;239382;43.4;20.4
34;2021-06-05;4141;3677;514982;243059;43.8;20.7
34;2021-06-06;3270;1865;518252;244924;44.1;20.8
34;2021-06-07;4421;6768;522673;251692;44.4;21.4
34;2021-06-08;5859;6828;528532;258520;44.9;22.0
34;2021-06-09;5829;6841;534361;265361;45.4;22.6
34;2021-06-10;6319;6874;540680;272235;46.0;23.1
34;2021-06-11;5400;9280;546080;281515;46.4;23.9
34;2021-06-12;3169;4727;549249;286242;46.7;24.3
34;2021-06-13;1080;1908;550329;288150;46.8;24.5
34;2021-06-14;3447;7817;553776;295967;47.1;25.2
34;2021-06-15;3955;8796;557731;304763;47.4;25.9
34;2021-06-16;4618;7855;562349;312618;47.8;26.6
34;2021-06-17;4225;7956;566574;320574;48.2;27.3
34;2021-06-18;4348;9331;570922;329905;48.5;28.0
34;2021-06-19;2735;4406;573657;334311;48.8;28.4
34;2021-06-20;891;2873;574548;337184;48.9;28.7
34;2021-06-21;2180;8559;576728;345743;49.0;29.4
34;2021-06-22;2977;9410;579705;355153;49.3;30.2
34;2021-06-23;3527;8973;583232;364126;49.6;31.0
34;2021-06-24;3560;8682;586792;372808;49.9;31.7
34;2021-06-25;3375;10437;590167;383245;50.2;32.6
34;2021-06-26;1643;6189;591810;389434;50.3;33.1
34;2021-06-27;308;4270;592118;393704;50.3;33.5
34;2021-06-28;2267;9437;594385;403141;50.5;34.3
34;2021-06-29;2686;10301;597071;413442;50.8;35.2
34;2021-06-30;3355;9552;600426;422994;51.1;36.0
34;2021-07-01;3524;9442;603950;432436;51.3;36.8
34;2021-07-02;3433;9744;607383;442180;51.6;37.6
34;2021-07-03;1682;6161;609065;448341;51.8;38.1
34;2021-07-04;312;2763;609377;451104;51.8;38.4
34;2021-07-05;3229;7999;612606;459103;52.1;39.0
34;2021-07-06;3534;9178;616140;468281;52.4;39.8
34;2021-07-07;3276;8646;619416;476927;52.7;40.6
34;2021-07-08;4300;8869;623716;485796;53.0;41.3
34;2021-07-09;4004;9344;627720;495140;53.4;42.1
34;2021-07-10;2142;5718;629862;500858;53.6;42.6
34;2021-07-11;924;2578;630786;503436;53.6;42.8
34;2021-07-12;2892;8969;633678;512405;53.9;43.6
34;2021-07-13;4585;10045;638263;522450;54.3;44.4
34;2021-07-14;780;354;639043;522804;54.3;44.5
34;2021-07-15;5909;10394;644952;533198;54.8;45.3
34;2021-07-16;5857;10730;650809;543928;55.3;46.2
34;2021-07-17;4493;4412;655302;548340;55.7;46.6
34;2021-07-18;233;199;655535;548539;55.7;46.6
34;2021-07-19;5118;8330;660653;556869;56.2;47.3
34;2021-07-20;6903;8383;667556;565252;56.8;48.1
34;2021-07-21;7654;7817;675210;573069;57.4;48.7
34;2021-07-22;7440;8170;682650;581239;58.0;49.4
34;2021-07-23;7834;8156;690484;589395;58.7;50.1
34;2021-07-24;6150;3056;696634;592451;59.2;50.4
34;2021-07-25;3214;538;699848;592989;59.5;50.4
34;2021-07-26;6238;6432;706086;599421;60.0;51.0
34;2021-07-27;8746;6047;714832;605468;60.8;51.5
34;2021-07-28;9693;5914;724525;611382;61.6;52.0
34;2021-07-29;11311;6041;735836;617423;62.6;52.5
34;2021-07-30;9840;6530;745676;623953;63.4;53.1
34;2021-07-31;6439;2180;752115;626133;63.9;53.2
34;2021-08-01;3315;615;755430;626748;64.2;53.3
34;2021-08-02;7332;5053;762762;631801;64.9;53.7
34;2021-08-03;8111;5381;770873;637182;65.5;54.2
34;2021-08-04;8314;4554;779187;641736;66.2;54.6
34;2021-08-05;7096;5017;786283;646753;66.9;55.0
34;2021-08-06;5870;5219;792153;651972;67.4;55.4
34;2021-08-07;3090;2427;795243;654399;67.6;55.6
34;2021-08-08;197;206;795440;654605;67.6;55.7
34;2021-08-09;4739;6165;800179;660770;68.0;56.2
34;2021-08-10;5371;6481;805550;667251;68.5;56.7
34;2021-08-11;4810;6533;810360;673784;68.9;57.3
34;2021-08-12;4540;6188;814900;679972;69.3;57.8
34;2021-08-13;4061;5725;818961;685697;69.6;58.3
34;2021-08-14;1788;2880;820749;688577;69.8;58.5
34;2021-08-15;198;189;820947;688766;69.8;58.6
34;2021-08-16;2844;7534;823791;696300;70.0;59.2
34;2021-08-17;3540;8272;827331;704572;70.3;59.9
34;2021-08-18;3177;7544;830508;712116;70.6;60.5
34;2021-08-19;3234;7767;833742;719883;70.9;61.2
34;2021-08-20;2703;7709;836445;727592;71.1;61.9
34;2021-08-21;1375;3558;837820;731150;71.2;62.2
34;2021-08-22;160;310;837980;731460;71.2;62.2
34;2021-08-23;2314;8650;840294;740110;71.4;62.9
34;2021-08-24;2712;8952;843006;749062;71.7;63.7
34;2021-08-25;2324;8531;845330;757593;71.9;64.4
34;2021-08-26;2567;7884;847897;765477;72.1;65.1
34;2021-08-27;2170;7552;850067;773029;72.3;65.7
34;2021-08-28;1104;3551;851171;776580;72.4;66.0
34;2021-08-29;349;1349;851520;777929;72.4;66.1
34;2021-08-30;2037;6880;853557;784809;72.6;66.7
34;2021-08-31;2080;6809;855637;791618;72.7;67.3
35;2020-12-27;0;0;0;0;0.0;0.0
35;2020-12-28;0;0;0;0;0.0;0.0
35;2020-12-29;2;0;2;0;0.0;0.0
35;2020-12-30;0;0;2;0;0.0;0.0
35;2020-12-31;1;0;3;0;0.0;0.0
35;2021-01-01;3;0;6;0;0.0;0.0
35;2021-01-02;1;0;7;0;0.0;0.0
35;2021-01-03;0;0;7;0;0.0;0.0
35;2021-01-04;10;0;17;0;0.0;0.0
35;2021-01-05;110;0;127;0;0.0;0.0
35;2021-01-06;175;0;302;0;0.0;0.0
35;2021-01-07;440;1;742;1;0.1;0.0
35;2021-01-08;513;1;1255;2;0.1;0.0
35;2021-01-09;31;0;1286;2;0.1;0.0
35;2021-01-10;2;0;1288;2;0.1;0.0
35;2021-01-11;538;0;1826;2;0.2;0.0
35;2021-01-12;886;2;2712;4;0.3;0.0
35;2021-01-13;969;1;3681;5;0.3;0.0
35;2021-01-14;1261;19;4942;24;0.5;0.0
35;2021-01-15;729;2;5671;26;0.5;0.0
35;2021-01-16;189;2;5860;28;0.5;0.0
35;2021-01-17;43;0;5903;28;0.5;0.0
35;2021-01-18;1222;2;7125;30;0.7;0.0
35;2021-01-19;5406;14;12531;44;1.2;0.0
35;2021-01-20;3235;8;15766;52;1.5;0.0
35;2021-01-21;3636;5;19402;57;1.8;0.0
35;2021-01-22;2089;10;21491;67;2.0;0.0
35;2021-01-23;421;1;21912;68;2.0;0.0
35;2021-01-24;50;0;21962;68;2.0;0.0
35;2021-01-25;917;17;22879;85;2.1;0.0
35;2021-01-26;1129;140;24008;225;2.2;0.0
35;2021-01-27;1031;122;25039;347;2.3;0.0
35;2021-01-28;915;295;25954;642;2.4;0.1
35;2021-01-29;724;289;26678;931;2.5;0.1
35;2021-01-30;139;19;26817;950;2.5;0.1
35;2021-01-31;0;0;26817;950;2.5;0.1
35;2021-02-01;670;332;27487;1282;2.5;0.1
35;2021-02-02;726;483;28213;1765;2.6;0.2
35;2021-02-03;661;505;28874;2270;2.7;0.2
35;2021-02-04;589;651;29463;2921;2.7;0.3
35;2021-02-05;624;562;30087;3483;2.8;0.3
35;2021-02-06;172;5;30259;3488;2.8;0.3
35;2021-02-07;1;0;30260;3488;2.8;0.3
35;2021-02-08;446;645;30706;4133;2.8;0.4
35;2021-02-09;1715;3549;32421;7682;3.0;0.7
35;2021-02-10;1367;2719;33788;10401;3.1;1.0
35;2021-02-11;1948;3223;35736;13624;3.3;1.3
35;2021-02-12;1662;1722;37398;15346;3.5;1.4
35;2021-02-13;58;252;37456;15598;3.5;1.4
35;2021-02-14;7;68;37463;15666;3.5;1.4
35;2021-02-15;771;1071;38234;16737;3.5;1.5
35;2021-02-16;920;1008;39154;17745;3.6;1.6
35;2021-02-17;892;1074;40046;18819;3.7;1.7
35;2021-02-18;1014;980;41060;19799;3.8;1.8
35;2021-02-19;1011;955;42071;20754;3.9;1.9
35;2021-02-20;143;49;42214;20803;3.9;1.9
35;2021-02-21;5;0;42219;20803;3.9;1.9
35;2021-02-22;777;813;42996;21616;4.0;2.0
35;2021-02-23;1288;855;44284;22471;4.1;2.1
35;2021-02-24;1403;811;45687;23282;4.2;2.2
35;2021-02-25;2247;782;47934;24064;4.4;2.2
35;2021-02-26;2601;723;50535;24787;4.7;2.3
35;2021-02-27;869;103;51404;24890;4.8;2.3
35;2021-02-28;9;0;51413;24890;4.8;2.3
35;2021-03-01;961;692;52374;25582;4.8;2.4
35;2021-03-02;1634;1991;54008;27573;5.0;2.5
35;2021-03-03;1910;969;55918;28542;5.2;2.6
35;2021-03-04;2918;1413;58836;29955;5.4;2.8
35;2021-03-05;3714;1343;62550;31298;5.8;2.9
35;2021-03-06;1339;89;63889;31387;5.9;2.9
35;2021-03-07;1;40;63890;31427;5.9;2.9
35;2021-03-08;1473;584;65363;32011;6.0;3.0
35;2021-03-09;3233;609;68596;32620;6.3;3.0
35;2021-03-10;2905;562;71501;33182;6.6;3.1
35;2021-03-11;4198;716;75699;33898;7.0;3.1
35;2021-03-12;6047;601;81746;34499;7.6;3.2
35;2021-03-13;2426;135;84172;34634;7.8;3.2
35;2021-03-14;18;25;84190;34659;7.8;3.2
35;2021-03-15;1966;669;86156;35328;8.0;3.3
35;2021-03-16;2503;728;88659;36056;8.2;3.3
35;2021-03-17;2398;602;91057;36658;8.4;3.4
35;2021-03-18;2334;596;93391;37254;8.6;3.4
35;2021-03-19;3546;512;96937;37766;9.0;3.5
35;2021-03-20;1541;111;98478;37877;9.1;3.5
35;2021-03-21;38;1;98516;37878;9.1;3.5
35;2021-03-22;1750;842;100266;38720;9.3;3.6
35;2021-03-23;3626;1184;103892;39904;9.6;3.7
35;2021-03-24;3732;995;107624;40899;9.9;3.8
35;2021-03-25;5330;1000;112954;41899;10.4;3.9
35;2021-03-26;5848;813;118802;42712;11.0;3.9
35;2021-03-27;1416;210;120218;42922;11.1;4.0
35;2021-03-28;4;0;120222;42922;11.1;4.0
35;2021-03-29;2780;910;123002;43832;11.4;4.1
35;2021-03-30;4291;1332;127293;45164;11.8;4.2
35;2021-03-31;3471;1336;130764;46500;12.1;4.3
35;2021-04-01;4250;1240;135014;47740;12.5;4.4
35;2021-04-02;4864;1207;139878;48947;12.9;4.5
35;2021-04-03;763;213;140641;49160;13.0;4.5
35;2021-04-04;6;0;140647;49160;13.0;4.5
35;2021-04-05;21;1;140668;49161;13.0;4.5
35;2021-04-06;3281;2033;143949;51194;13.3;4.7
35;2021-04-07;3965;1844;147914;53038;13.7;4.9
35;2021-04-08;5804;1594;153718;54632;14.2;5.0
35;2021-04-09;7426;1413;161144;56045;14.9;5.2
35;2021-04-10;1861;252;163005;56297;15.1;5.2
35;2021-04-11;35;23;163040;56320;15.1;5.2
35;2021-04-12;5137;1600;168177;57920;15.5;5.4
35;2021-04-13;7623;2786;175800;60706;16.2;5.6
35;2021-04-14;6312;2298;182112;63004;16.8;5.8
35;2021-04-15;7567;2177;189679;65181;17.5;6.0
35;2021-04-16;8080;1761;197759;66942;18.3;6.2
35;2021-04-17;1571;222;199330;67164;18.4;6.2
35;2021-04-18;10;4;199340;67168;18.4;6.2
35;2021-04-19;4819;1673;204159;68841;18.9;6.4
35;2021-04-20;5162;2641;209321;71482;19.3;6.6
35;2021-04-21;5133;2208;214454;73690;19.8;6.8
35;2021-04-22;6428;2325;220882;76015;20.4;7.0
35;2021-04-23;6822;2363;227704;78378;21.0;7.2
35;2021-04-24;1131;262;228835;78640;21.1;7.3
35;2021-04-25;8;16;228843;78656;21.1;7.3
35;2021-04-26;5101;2156;233944;80812;21.6;7.5
35;2021-04-27;6089;3206;240033;84018;22.2;7.8
35;2021-04-28;6174;2568;246207;86586;22.8;8.0
35;2021-04-29;7116;2759;253323;89345;23.4;8.3
35;2021-04-30;7562;2540;260885;91885;24.1;8.5
35;2021-05-01;618;239;261503;92124;24.2;8.5
35;2021-05-02;15;21;261518;92145;24.2;8.5
35;2021-05-03;5308;2331;266826;94476;24.7;8.7
35;2021-05-04;5073;5338;271899;99814;25.1;9.2
35;2021-05-05;4883;4449;276782;104263;25.6;9.6
35;2021-05-06;6175;5274;282957;109537;26.1;10.1
35;2021-05-07;5619;5256;288576;114793;26.7;10.6
35;2021-05-08;1720;135;290296;114928;26.8;10.6
35;2021-05-09;698;75;290994;115003;26.9;10.6
35;2021-05-10;3725;4958;294719;119961;27.2;11.1
35;2021-05-11;4777;5808;299496;125769;27.7;11.6
35;2021-05-12;5289;5499;304785;131268;28.2;12.1
35;2021-05-13;2702;1427;307487;132695;28.4;12.3
35;2021-05-14;5458;4282;312945;136977;28.9;12.7
35;2021-05-15;2930;718;315875;137695;29.2;12.7
35;2021-05-16;999;61;316874;137756;29.3;12.7
35;2021-05-17;4475;3886;321349;141642;29.7;13.1
35;2021-05-18;5837;4326;327186;145968;30.2;13.5
35;2021-05-19;5867;3636;333053;149604;30.8;13.8
35;2021-05-20;6447;4012;339500;153616;31.4;14.2
35;2021-05-21;6140;4770;345640;158386;31.9;14.6
35;2021-05-22;2118;740;347758;159126;32.1;14.7
35;2021-05-23;688;46;348446;159172;32.2;14.7
35;2021-05-24;3207;1297;351653;160469;32.5;14.8
35;2021-05-25;5543;4277;357196;164746;33.0;15.2
35;2021-05-26;5726;4166;362922;168912;33.5;15.6
35;2021-05-27;6529;4782;369451;173694;34.1;16.1
35;2021-05-28;6333;5578;375784;179272;34.7;16.6
35;2021-05-29;2875;1148;378659;180420;35.0;16.7
35;2021-05-30;877;39;379536;180459;35.1;16.7
35;2021-05-31;6310;4391;385846;184850;35.7;17.1
35;2021-06-01;7365;5125;393211;189975;36.3;17.6
35;2021-06-02;7222;3799;400433;193774;37.0;17.9
35;2021-06-03;8155;4999;408588;198773;37.8;18.4
35;2021-06-04;7275;7461;415863;206234;38.4;19.1
35;2021-06-05;4139;1583;420002;207817;38.8;19.2
35;2021-06-06;3055;147;423057;207964;39.1;19.2
35;2021-06-07;5781;5777;428838;213741;39.6;19.8
35;2021-06-08;7600;5956;436438;219697;40.3;20.3
35;2021-06-09;8464;4818;444902;224515;41.1;20.7
35;2021-06-10;9347;4753;454249;229268;42.0;21.2
35;2021-06-11;8637;7475;462886;236743;42.8;21.9
35;2021-06-12;4688;1209;467574;237952;43.2;22.0
35;2021-06-13;3386;225;470960;238177;43.5;22.0
35;2021-06-14;6233;6519;477193;244696;44.1;22.6
35;2021-06-15;7506;6967;484699;251663;44.8;23.3
35;2021-06-16;8322;5623;493021;257286;45.6;23.8
35;2021-06-17;8895;5906;501916;263192;46.4;24.3
35;2021-06-18;8718;8103;510634;271295;47.2;25.1
35;2021-06-19;1504;2510;512138;273805;47.3;25.3
35;2021-06-20;2955;883;515093;274688;47.6;25.4
35;2021-06-21;5933;6378;521026;281066;48.2;26.0
35;2021-06-22;6840;7499;527866;288565;48.8;26.7
35;2021-06-23;7253;6148;535119;294713;49.5;27.2
35;2021-06-24;8371;5926;543490;300639;50.2;27.8
35;2021-06-25;6631;8483;550121;309122;50.8;28.6
35;2021-06-26;1107;3077;551228;312199;50.9;28.9
35;2021-06-27;2637;1030;553865;313229;51.2;28.9
35;2021-06-28;4295;7760;558160;320989;51.6;29.7
35;2021-06-29;5091;7971;563251;328960;52.1;30.4
35;2021-06-30;5604;7894;568855;336854;52.6;31.1
35;2021-07-01;6586;7549;575441;344403;53.2;31.8
35;2021-07-02;5333;9858;580774;354261;53.7;32.7
35;2021-07-03;1083;2839;581857;357100;53.8;33.0
35;2021-07-04;2149;1555;584006;358655;54.0;33.1
35;2021-07-05;3735;8205;587741;366860;54.3;33.9
35;2021-07-06;4788;9477;592529;376337;54.8;34.8
35;2021-07-07;5056;8321;597585;384658;55.2;35.5
35;2021-07-08;5386;8488;602971;393146;55.7;36.3
35;2021-07-09;3907;11546;606878;404692;56.1;37.4
35;2021-07-10;891;3148;607769;407840;56.2;37.7
35;2021-07-11;1301;2355;609070;410195;56.3;37.9
35;2021-07-12;3117;9144;612187;419339;56.6;38.8
35;2021-07-13;3981;10748;616168;430087;56.9;39.7
35;2021-07-14;2150;4449;618318;434536;57.1;40.2
35;2021-07-15;4293;10180;622611;444716;57.5;41.1
35;2021-07-16;4799;11012;627410;455728;58.0;42.1
35;2021-07-17;1985;4065;629395;459793;58.2;42.5
35;2021-07-18;844;2569;630239;462362;58.2;42.7
35;2021-07-19;3253;8972;633492;471334;58.5;43.6
35;2021-07-20;4242;10593;637734;481927;58.9;44.5
35;2021-07-21;4364;9388;642098;491315;59.3;45.4
35;2021-07-22;4846;9662;646944;500977;59.8;46.3
35;2021-07-23;4563;11015;651507;511992;60.2;47.3
35;2021-07-24;1587;4272;653094;516264;60.4;47.7
35;2021-07-25;815;2846;653909;519110;60.4;48.0
35;2021-07-26;3890;8736;657799;527846;60.8;48.8
35;2021-07-27;5271;9655;663070;537501;61.3;49.7
35;2021-07-28;5312;8672;668382;546173;61.8;50.5
35;2021-07-29;6105;8338;674487;554511;62.3;51.2
35;2021-07-30;5891;9089;680378;563600;62.9;52.1
35;2021-07-31;2314;3654;682692;567254;63.1;52.4
35;2021-08-01;1524;2413;684216;569667;63.2;52.6
35;2021-08-02;4742;6950;688958;576617;63.7;53.3
35;2021-08-03;6704;7582;695662;584199;64.3;54.0
35;2021-08-04;6698;6593;702360;590792;64.9;54.6
35;2021-08-05;6665;6979;709025;597771;65.5;55.2
35;2021-08-06;6020;7319;715045;605090;66.1;55.9
35;2021-08-07;2101;3150;717146;608240;66.3;56.2
35;2021-08-08;1525;2254;718671;610494;66.4;56.4
35;2021-08-09;4589;5536;723260;616030;66.8;56.9
35;2021-08-10;6534;6367;729794;622397;67.4;57.5
35;2021-08-11;6429;5862;736223;628259;68.0;58.1
35;2021-08-12;6942;5582;743165;633841;68.7;58.6
35;2021-08-13;6594;5058;749759;638899;69.3;59.0
35;2021-08-14;3037;1981;752796;640880;69.6;59.2
35;2021-08-15;2466;1255;755262;642135;69.8;59.3
35;2021-08-16;4834;5290;760096;647425;70.2;59.8
35;2021-08-17;6343;6069;766439;653494;70.8;60.4
35;2021-08-18;6441;5622;772880;659116;71.4;60.9
35;2021-08-19;6250;5751;779130;664867;72.0;61.4
35;2021-08-20;5101;6341;784231;671208;72.5;62.0
35;2021-08-21;2376;2627;786607;673835;72.7;62.3
35;2021-08-22;1760;1791;788367;675626;72.9;62.4
35;2021-08-23;3086;6005;791453;681631;73.1;63.0
35;2021-08-24;3452;7220;794905;688851;73.5;63.7
35;2021-08-25;3269;6600;798174;695451;73.8;64.3
35;2021-08-26;2617;6884;800791;702335;74.0;64.9
35;2021-08-27;2735;7249;803526;709584;74.3;65.6
35;2021-08-28;1173;2948;804699;712532;74.4;65.8
35;2021-08-29;521;1757;805220;714289;74.4;66.0
35;2021-08-30;1951;5473;807171;719762;74.6;66.5
35;2021-08-31;2319;6493;809490;726255;74.8;67.1
36;2020-12-27;0;0;0;0;0.0;0.0
36;2020-12-28;0;0;0;0;0.0;0.0
36;2020-12-29;0;0;0;0;0.0;0.0
36;2020-12-30;0;0;0;0;0.0;0.0
36;2020-12-31;0;0;0;0;0.0;0.0
36;2021-01-01;0;0;0;0;0.0;0.0
36;2021-01-02;0;0;0;0;0.0;0.0
36;2021-01-03;0;0;0;0;0.0;0.0
36;2021-01-04;2;0;2;0;0.0;0.0
36;2021-01-05;0;0;2;0;0.0;0.0
36;2021-01-06;24;0;26;0;0.0;0.0
36;2021-01-07;51;0;77;0;0.0;0.0
36;2021-01-08;111;0;188;0;0.1;0.0
36;2021-01-09;83;0;271;0;0.1;0.0
36;2021-01-10;142;0;413;0;0.2;0.0
36;2021-01-11;239;1;652;1;0.3;0.0
36;2021-01-12;282;0;934;1;0.4;0.0
36;2021-01-13;198;1;1132;2;0.5;0.0
36;2021-01-14;505;4;1637;6;0.8;0.0
36;2021-01-15;179;1;1816;7;0.8;0.0
36;2021-01-16;24;1;1840;8;0.8;0.0
36;2021-01-17;19;1;1859;9;0.9;0.0
36;2021-01-18;613;4;2472;13;1.1;0.0
36;2021-01-19;1175;2;3647;15;1.7;0.0
36;2021-01-20;1102;4;4749;19;2.2;0.0
36;2021-01-21;721;0;5470;19;2.5;0.0
36;2021-01-22;857;2;6327;21;2.9;0.0
36;2021-01-23;295;0;6622;21;3.0;0.0
36;2021-01-24;185;1;6807;22;3.1;0.0
36;2021-01-25;640;4;7447;26;3.4;0.0
36;2021-01-26;610;1;8057;27;3.7;0.0
36;2021-01-27;848;19;8905;46;4.1;0.0
36;2021-01-28;477;42;9382;88;4.3;0.0
36;2021-01-29;573;94;9955;182;4.6;0.1
36;2021-01-30;288;70;10243;252;4.7;0.1
36;2021-01-31;115;127;10358;379;4.8;0.2
36;2021-02-01;378;100;10736;479;4.9;0.2
36;2021-02-02;410;173;11146;652;5.1;0.3
36;2021-02-03;473;261;11619;913;5.4;0.4
36;2021-02-04;275;268;11894;1181;5.5;0.5
36;2021-02-05;302;164;12196;1345;5.6;0.6
36;2021-02-06;1;0;12197;1345;5.6;0.6
36;2021-02-07;1;0;12198;1345;5.6;0.6
36;2021-02-08;280;256;12478;1601;5.7;0.7
36;2021-02-09;328;605;12806;2206;5.9;1.0
36;2021-02-10;490;654;13296;2860;6.1;1.3
36;2021-02-11;384;588;13680;3448;6.3;1.6
36;2021-02-12;303;456;13983;3904;6.4;1.8
36;2021-02-13;126;77;14109;3981;6.5;1.8
36;2021-02-14;22;40;14131;4021;6.5;1.9
36;2021-02-15;42;564;14173;4585;6.5;2.1
36;2021-02-16;107;407;14280;4992;6.6;2.3
36;2021-02-17;117;608;14397;5600;6.6;2.6
36;2021-02-18;161;610;14558;6210;6.7;2.9
36;2021-02-19;181;531;14739;6741;6.8;3.1
36;2021-02-20;86;237;14825;6978;6.8;3.2
36;2021-02-21;87;152;14912;7130;6.9;3.3
36;2021-02-22;162;506;15074;7636;6.9;3.5
36;2021-02-23;62;573;15136;8209;7.0;3.8
36;2021-02-24;112;669;15248;8878;7.0;4.1
36;2021-02-25;251;279;15499;9157;7.1;4.2
36;2021-02-26;339;468;15838;9625;7.3;4.4
36;2021-02-27;73;276;15911;9901;7.3;4.6
36;2021-02-28;13;97;15924;9998;7.3;4.6
36;2021-03-01;218;340;16142;10338;7.4;4.8
36;2021-03-02;352;365;16494;10703;7.6;4.9
36;2021-03-03;394;530;16888;11233;7.8;5.2
36;2021-03-04;663;356;17551;11589;8.1;5.3
36;2021-03-05;799;298;18350;11887;8.5;5.5
36;2021-03-06;410;17;18760;11904;8.6;5.5
36;2021-03-07;339;7;19099;11911;8.8;5.5
36;2021-03-08;251;316;19350;12227;8.9;5.6
36;2021-03-09;449;269;19799;12496;9.1;5.8
36;2021-03-10;724;408;20523;12904;9.5;5.9
36;2021-03-11;839;245;21362;13149;9.8;6.1
36;2021-03-12;1446;298;22808;13447;10.5;6.2
36;2021-03-13;575;129;23383;13576;10.8;6.3
36;2021-03-14;113;1;23496;13577;10.8;6.3
36;2021-03-15;648;157;24144;13734;11.1;6.3
36;2021-03-16;447;67;24591;13801;11.3;6.4
36;2021-03-17;765;91;25356;13892;11.7;6.4
36;2021-03-18;414;72;25770;13964;11.9;6.4
36;2021-03-19;738;40;26508;14004;12.2;6.4
36;2021-03-20;451;27;26959;14031;12.4;6.5
36;2021-03-21;0;0;26959;14031;12.4;6.5
36;2021-03-22;497;60;27456;14091;12.6;6.5
36;2021-03-23;777;58;28233;14149;13.0;6.5
36;2021-03-24;1089;76;29322;14225;13.5;6.6
36;2021-03-25;1337;89;30659;14314;14.1;6.6
36;2021-03-26;1419;158;32078;14472;14.8;6.7
36;2021-03-27;475;43;32553;14515;15.0;6.7
36;2021-03-28;68;57;32621;14572;15.0;6.7
36;2021-03-29;462;185;33083;14757;15.2;6.8
36;2021-03-30;584;264;33667;15021;15.5;6.9
36;2021-03-31;1263;171;34930;15192;16.1;7.0
36;2021-04-01;1086;430;36016;15622;16.6;7.2
36;2021-04-02;965;140;36981;15762;17.0;7.3
36;2021-04-03;282;182;37263;15944;17.2;7.3
36;2021-04-04;42;2;37305;15946;17.2;7.3
36;2021-04-05;15;46;37320;15992;17.2;7.4
36;2021-04-06;821;362;38141;16354;17.6;7.5
36;2021-04-07;1073;542;39214;16896;18.1;7.8
36;2021-04-08;1347;479;40561;17375;18.7;8.0
36;2021-04-09;1939;405;42500;17780;19.6;8.2
36;2021-04-10;592;243;43092;18023;19.8;8.3
36;2021-04-11;256;90;43348;18113;20.0;8.3
36;2021-04-12;848;561;44196;18674;20.4;8.6
36;2021-04-13;1140;517;45336;19191;20.9;8.8
36;2021-04-14;1582;864;46918;20055;21.6;9.2
36;2021-04-15;1654;473;48572;20528;22.4;9.5
36;2021-04-16;1488;466;50060;20994;23.1;9.7
36;2021-04-17;893;250;50953;21244;23.5;9.8
36;2021-04-18;383;7;51336;21251;23.6;9.8
36;2021-04-19;874;444;52210;21695;24.0;10.0
36;2021-04-20;1145;522;53355;22217;24.6;10.2
36;2021-04-21;1240;878;54595;23095;25.1;10.6
36;2021-04-22;1593;872;56188;23967;25.9;11.0
36;2021-04-23;1327;616;57515;24583;26.5;11.3
36;2021-04-24;678;381;58193;24964;26.8;11.5
36;2021-04-25;413;95;58606;25059;27.0;11.5
36;2021-04-26;1134;450;59740;25509;27.5;11.7
36;2021-04-27;1278;553;61018;26062;28.1;12.0
36;2021-04-28;1488;1064;62506;27126;28.8;12.5
36;2021-04-29;2016;709;64522;27835;29.7;12.8
36;2021-04-30;1553;457;66075;28292;30.4;13.0
36;2021-05-01;724;64;66799;28356;30.8;13.1
36;2021-05-02;498;64;67297;28420;31.0;13.1
36;2021-05-03;1292;315;68589;28735;31.6;13.2
36;2021-05-04;780;806;69369;29541;31.9;13.6
36;2021-05-05;1283;1307;70652;30848;32.5;14.2
36;2021-05-06;2138;795;72790;31643;33.5;14.6
36;2021-05-07;1469;770;74259;32413;34.2;14.9
36;2021-05-08;306;105;74565;32518;34.3;15.0
36;2021-05-09;174;343;74739;32861;34.4;15.1
36;2021-05-10;1216;817;75955;33678;35.0;15.5
36;2021-05-11;1725;1250;77680;34928;35.8;16.1
36;2021-05-12;1827;1486;79507;36414;36.6;16.8
36;2021-05-13;548;306;80055;36720;36.9;16.9
36;2021-05-14;701;1039;80756;37759;37.2;17.4
36;2021-05-15;635;591;81391;38350;37.5;17.7
36;2021-05-16;337;377;81728;38727;37.6;17.8
36;2021-05-17;615;943;82343;39670;37.9;18.3
36;2021-05-18;874;937;83217;40607;38.3;18.7
36;2021-05-19;1333;845;84550;41452;38.9;19.1
36;2021-05-20;1611;1209;86161;42661;39.7;19.6
36;2021-05-21;1107;1069;87268;43730;40.2;20.1
36;2021-05-22;678;342;87946;44072;40.5;20.3
36;2021-05-23;429;297;88375;44369;40.7;20.4
36;2021-05-24;505;469;88880;44838;40.9;20.6
36;2021-05-25;1045;685;89925;45523;41.4;21.0
36;2021-05-26;1473;1166;91398;46689;42.1;21.5
36;2021-05-27;1397;978;92795;47667;42.7;22.0
36;2021-05-28;921;1482;93716;49149;43.2;22.6
36;2021-05-29;700;507;94416;49656;43.5;22.9
36;2021-05-30;111;573;94527;50229;43.5;23.1
36;2021-05-31;1138;764;95665;50993;44.1;23.5
36;2021-06-01;1412;829;97077;51822;44.7;23.9
36;2021-06-02;2062;614;99139;52436;45.7;24.1
36;2021-06-03;1902;1200;101041;53636;46.5;24.7
36;2021-06-04;1774;1045;102815;54681;47.3;25.2
36;2021-06-05;692;658;103507;55339;47.7;25.5
36;2021-06-06;336;273;103843;55612;47.8;25.6
36;2021-06-07;983;808;104826;56420;48.3;26.0
36;2021-06-08;958;981;105784;57401;48.7;26.4
36;2021-06-09;1674;1070;107458;58471;49.5;26.9
36;2021-06-10;1532;1382;108990;59853;50.2;27.6
36;2021-06-11;1289;1500;110279;61353;50.8;28.3
36;2021-06-12;920;783;111199;62136;51.2;28.6
36;2021-06-13;343;269;111542;62405;51.4;28.7
36;2021-06-14;606;1269;112148;63674;51.6;29.3
36;2021-06-15;734;1215;112882;64889;52.0;29.9
36;2021-06-16;902;1519;113784;66408;52.4;30.6
36;2021-06-17;750;1904;114534;68312;52.7;31.5
36;2021-06-18;706;1881;115240;70193;53.1;32.3
36;2021-06-19;295;395;115535;70588;53.2;32.5
36;2021-06-20;235;327;115770;70915;53.3;32.7
36;2021-06-21;686;1449;116456;72364;53.6;33.3
36;2021-06-22;841;1551;117297;73915;54.0;34.0
36;2021-06-23;773;1792;118070;75707;54.4;34.9
36;2021-06-24;855;1524;118925;77231;54.8;35.6
36;2021-06-25;943;1222;119868;78453;55.2;36.1
36;2021-06-26;325;602;120193;79055;55.4;36.4
36;2021-06-27;105;267;120298;79322;55.4;36.5
36;2021-06-28;697;925;120995;80247;55.7;37.0
36;2021-06-29;688;1460;121683;81707;56.0;37.6
36;2021-06-30;837;2149;122520;83856;56.4;38.6
36;2021-07-01;351;1081;122871;84937;56.6;39.1
36;2021-07-02;747;1845;123618;86782;56.9;40.0
36;2021-07-03;466;885;124084;87667;57.1;40.4
36;2021-07-04;185;325;124269;87992;57.2;40.5
36;2021-07-05;494;1335;124763;89327;57.5;41.1
36;2021-07-06;491;1221;125254;90548;57.7;41.7
36;2021-07-07;586;1793;125840;92341;58.0;42.5
36;2021-07-08;550;1706;126390;94047;58.2;43.3
36;2021-07-09;786;1654;127176;95701;58.6;44.1
36;2021-07-10;470;1119;127646;96820;58.8;44.6
36;2021-07-11;257;154;127903;96974;58.9;44.7
36;2021-07-12;332;1627;128235;98601;59.1;45.4
36;2021-07-13;312;1936;128547;100537;59.2;46.3
36;2021-07-14;376;763;128923;101300;59.4;46.7
36;2021-07-15;915;2167;129838;103467;59.8;47.7
36;2021-07-16;627;1874;130465;105341;60.1;48.5
36;2021-07-17;400;859;130865;106200;60.3;48.9
36;2021-07-18;199;408;131064;106608;60.4;49.1
36;2021-07-19;552;1457;131616;108065;60.6;49.8
36;2021-07-20;776;1409;132392;109474;61.0;50.4
36;2021-07-21;712;1983;133104;111457;61.3;51.3
36;2021-07-22;1139;1686;134243;113143;61.8;52.1
36;2021-07-23;969;1746;135212;114889;62.3;52.9
36;2021-07-24;606;801;135818;115690;62.5;53.3
36;2021-07-25;148;403;135966;116093;62.6;53.5
36;2021-07-26;950;1085;136916;117178;63.1;54.0
36;2021-07-27;814;1355;137730;118533;63.4;54.6
36;2021-07-28;1384;1400;139114;119933;64.1;55.2
36;2021-07-29;1707;1309;140821;121242;64.9;55.8
36;2021-07-30;1447;1324;142268;122566;65.5;56.4
36;2021-07-31;932;535;143200;123101;65.9;56.7
36;2021-08-01;207;239;143407;123340;66.0;56.8
36;2021-08-02;1114;894;144521;124234;66.6;57.2
36;2021-08-03;1271;995;145792;125229;67.1;57.7
36;2021-08-04;1692;938;147484;126167;67.9;58.1
36;2021-08-05;1820;910;149304;127077;68.8;58.5
36;2021-08-06;1417;874;150721;127951;69.4;58.9
36;2021-08-07;539;528;151260;128479;69.7;59.2
36;2021-08-08;292;154;151552;128633;69.8;59.2
36;2021-08-09;818;846;152370;129479;70.2;59.6
36;2021-08-10;1064;1013;153434;130492;70.7;60.1
36;2021-08-11;1347;857;154781;131349;71.3;60.5
36;2021-08-12;1156;855;155937;132204;71.8;60.9
36;2021-08-13;1182;778;157119;132982;72.4;61.2
36;2021-08-14;424;837;157543;133819;72.6;61.6
36;2021-08-15;363;113;157906;133932;72.7;61.7
36;2021-08-16;605;957;158511;134889;73.0;62.1
36;2021-08-17;766;1001;159277;135890;73.4;62.6
36;2021-08-18;1035;1163;160312;137053;73.8;63.1
36;2021-08-19;834;1180;161146;138233;74.2;63.7
36;2021-08-20;483;1477;161629;139710;74.4;64.3
36;2021-08-21;309;466;161938;140176;74.6;64.6
36;2021-08-22;27;64;161965;140240;74.6;64.6
36;2021-08-23;549;1177;162514;141417;74.8;65.1
36;2021-08-24;588;1203;163102;142620;75.1;65.7
36;2021-08-25;459;1092;163561;143712;75.3;66.2
36;2021-08-26;660;1477;164221;145189;75.6;66.9
36;2021-08-27;527;1407;164748;146596;75.9;67.5
36;2021-08-28;368;580;165116;147176;76.0;67.8
36;2021-08-29;220;239;165336;147415;76.1;67.9
36;2021-08-30;246;749;165582;148164;76.3;68.2
36;2021-08-31;387;932;165969;149096;76.4;68.7
37;2020-12-27;0;0;0;0;0.0;0.0
37;2020-12-28;17;0;17;0;0.0;0.0
37;2020-12-29;10;0;27;0;0.0;0.0
37;2020-12-30;0;0;27;0;0.0;0.0
37;2020-12-31;0;0;27;0;0.0;0.0
37;2021-01-01;0;0;27;0;0.0;0.0
37;2021-01-02;0;0;27;0;0.0;0.0
37;2021-01-03;0;0;27;0;0.0;0.0
37;2021-01-04;21;0;48;0;0.0;0.0
37;2021-01-05;47;0;95;0;0.0;0.0
37;2021-01-06;79;0;174;0;0.0;0.0
37;2021-01-07;115;0;289;0;0.0;0.0
37;2021-01-08;442;1;731;1;0.1;0.0
37;2021-01-09;80;1;811;2;0.1;0.0
37;2021-01-10;83;0;894;2;0.1;0.0
37;2021-01-11;280;0;1174;2;0.2;0.0
37;2021-01-12;659;4;1833;6;0.3;0.0
37;2021-01-13;560;1;2393;7;0.4;0.0
37;2021-01-14;522;3;2915;10;0.5;0.0
37;2021-01-15;628;1;3543;11;0.6;0.0
37;2021-01-16;304;2;3847;13;0.6;0.0
37;2021-01-17;262;1;4109;14;0.7;0.0
37;2021-01-18;734;9;4843;23;0.8;0.0
37;2021-01-19;1244;10;6087;33;1.0;0.0
37;2021-01-20;1038;3;7125;36;1.2;0.0
37;2021-01-21;856;1;7981;37;1.3;0.0
37;2021-01-22;767;2;8748;39;1.4;0.0
37;2021-01-23;173;0;8921;39;1.5;0.0
37;2021-01-24;0;0;8921;39;1.5;0.0
37;2021-01-25;538;15;9459;54;1.6;0.0
37;2021-01-26;1814;69;11273;123;1.9;0.0
37;2021-01-27;1523;73;12796;196;2.1;0.0
37;2021-01-28;1530;94;14326;290;2.4;0.0
37;2021-01-29;633;309;14959;599;2.5;0.1
37;2021-01-30;202;61;15161;660;2.5;0.1
37;2021-01-31;15;61;15176;721;2.5;0.1
37;2021-02-01;332;197;15508;918;2.6;0.2
37;2021-02-02;523;526;16031;1444;2.6;0.2
37;2021-02-03;659;348;16690;1792;2.8;0.3
37;2021-02-04;548;407;17238;2199;2.8;0.4
37;2021-02-05;465;437;17703;2636;2.9;0.4
37;2021-02-06;189;2;17892;2638;3.0;0.4
37;2021-02-07;20;1;17912;2639;3.0;0.4
37;2021-02-08;331;320;18243;2959;3.0;0.5
37;2021-02-09;625;708;18868;3667;3.1;0.6
37;2021-02-10;662;508;19530;4175;3.2;0.7
37;2021-02-11;612;558;20142;4733;3.3;0.8
37;2021-02-12;489;550;20631;5283;3.4;0.9
37;2021-02-13;155;200;20786;5483;3.4;0.9
37;2021-02-14;1;71;20787;5554;3.4;0.9
37;2021-02-15;425;461;21212;6015;3.5;1.0
37;2021-02-16;841;1435;22053;7450;3.6;1.2
37;2021-02-17;635;1361;22688;8811;3.7;1.5
37;2021-02-18;911;1407;23599;10218;3.9;1.7
37;2021-02-19;795;830;24394;11048;4.0;1.8
37;2021-02-20;245;205;24639;11253;4.1;1.9
37;2021-02-21;5;1;24644;11254;4.1;1.9
37;2021-02-22;336;574;24980;11828;4.1;2.0
37;2021-02-23;606;622;25586;12450;4.2;2.1
37;2021-02-24;572;615;26158;13065;4.3;2.2
37;2021-02-25;875;596;27033;13661;4.5;2.3
37;2021-02-26;1116;565;28149;14226;4.6;2.3
37;2021-02-27;584;184;28733;14410;4.7;2.4
37;2021-02-28;23;0;28756;14410;4.8;2.4
37;2021-03-01;603;358;29359;14768;4.8;2.4
37;2021-03-02;1090;543;30449;15311;5.0;2.5
37;2021-03-03;973;547;31422;15858;5.2;2.6
37;2021-03-04;1607;480;33029;16338;5.5;2.7
37;2021-03-05;2129;560;35158;16898;5.8;2.8
37;2021-03-06;1165;214;36323;17112;6.0;2.8
37;2021-03-07;472;66;36795;17178;6.1;2.8
37;2021-03-08;666;399;37461;17577;6.2;2.9
37;2021-03-09;1652;697;39113;18274;6.5;3.0
37;2021-03-10;1606;751;40719;19025;6.7;3.1
37;2021-03-11;2048;698;42767;19723;7.1;3.3
37;2021-03-12;3207;477;45974;20200;7.6;3.3
37;2021-03-13;1947;193;47921;20393;7.9;3.4
37;2021-03-14;206;4;48127;20397;7.9;3.4
37;2021-03-15;1069;250;49196;20647;8.1;3.4
37;2021-03-16;1048;531;50244;21178;8.3;3.5
37;2021-03-17;934;280;51178;21458;8.5;3.5
37;2021-03-18;1034;525;52212;21983;8.6;3.6
37;2021-03-19;2218;341;54430;22324;9.0;3.7
37;2021-03-20;1334;141;55764;22465;9.2;3.7
37;2021-03-21;204;4;55968;22469;9.2;3.7
37;2021-03-22;1287;242;57255;22711;9.5;3.8
37;2021-03-23;2256;570;59511;23281;9.8;3.8
37;2021-03-24;2246;463;61757;23744;10.2;3.9
37;2021-03-25;2982;445;64739;24189;10.7;4.0
37;2021-03-26;3524;410;68263;24599;11.3;4.1
37;2021-03-27;1175;128;69438;24727;11.5;4.1
37;2021-03-28;139;1;69577;24728;11.5;4.1
37;2021-03-29;1604;347;71181;25075;11.8;4.1
37;2021-03-30;2524;623;73705;25698;12.2;4.2
37;2021-03-31;2047;484;75752;26182;12.5;4.3
37;2021-04-01;2600;966;78352;27148;12.9;4.5
37;2021-04-02;2812;670;81164;27818;13.4;4.6
37;2021-04-03;817;223;81981;28041;13.5;4.6
37;2021-04-04;104;1;82085;28042;13.6;4.6
37;2021-04-05;4;0;82089;28042;13.6;4.6
37;2021-04-06;2240;779;84329;28821;13.9;4.8
37;2021-04-07;3172;872;87501;29693;14.5;4.9
37;2021-04-08;4041;967;91542;30660;15.1;5.1
37;2021-04-09;4543;948;96085;31608;15.9;5.2
37;2021-04-10;1328;433;97413;32041;16.1;5.3
37;2021-04-11;104;1;97517;32042;16.1;5.3
37;2021-04-12;2643;676;100160;32718;16.5;5.4
37;2021-04-13;4113;1164;104273;33882;17.2;5.6
37;2021-04-14;3044;895;107317;34777;17.7;5.7
37;2021-04-15;3759;1019;111076;35796;18.3;5.9
37;2021-04-16;4359;1226;115435;37022;19.1;6.1
37;2021-04-17;1147;223;116582;37245;19.3;6.2
37;2021-04-18;97;3;116679;37248;19.3;6.2
37;2021-04-19;2482;850;119161;38098;19.7;6.3
37;2021-04-20;3232;1338;122393;39436;20.2;6.5
37;2021-04-21;2930;1157;125323;40593;20.7;6.7
37;2021-04-22;3455;1401;128778;41994;21.3;6.9
37;2021-04-23;3691;1811;132469;43805;21.9;7.2
37;2021-04-24;1007;387;133476;44192;22.0;7.3
37;2021-04-25;46;2;133522;44194;22.1;7.3
37;2021-04-26;2971;1346;136493;45540;22.5;7.5
37;2021-04-27;4185;1813;140678;47353;23.2;7.8
37;2021-04-28;3462;1950;144140;49303;23.8;8.1
37;2021-04-29;4585;2020;148725;51323;24.6;8.5
37;2021-04-30;5055;1990;153780;53313;25.4;8.8
37;2021-05-01;637;212;154417;53525;25.5;8.8
37;2021-05-02;104;15;154521;53540;25.5;8.8
37;2021-05-03;2670;1955;157191;55495;26.0;9.2
37;2021-05-04;3732;2720;160923;58215;26.6;9.6
37;2021-05-05;3498;2087;164421;60302;27.2;10.0
37;2021-05-06;4994;1947;169415;62249;28.0;10.3
37;2021-05-07;4685;2885;174100;65134;28.8;10.8
37;2021-05-08;538;312;174638;65446;28.8;10.8
37;2021-05-09;63;41;174701;65487;28.9;10.8
37;2021-05-10;2160;3486;176861;68973;29.2;11.4
37;2021-05-11;3867;3881;180728;72854;29.9;12.0
37;2021-05-12;4039;2546;184767;75400;30.5;12.5
37;2021-05-13;1138;516;185905;75916;30.7;12.5
37;2021-05-14;4045;2683;189950;78599;31.4;13.0
37;2021-05-15;2323;743;192273;79342;31.8;13.1
37;2021-05-16;22;71;192295;79413;31.8;13.1
37;2021-05-17;2765;2052;195060;81465;32.2;13.5
37;2021-05-18;3874;2362;198934;83827;32.9;13.8
37;2021-05-19;3495;1806;202429;85633;33.4;14.1
37;2021-05-20;4752;1778;207181;87411;34.2;14.4
37;2021-05-21;4525;2573;211706;89984;35.0;14.9
37;2021-05-22;1078;752;212784;90736;35.1;15.0
37;2021-05-23;73;89;212857;90825;35.2;15.0
37;2021-05-24;513;106;213370;90931;35.2;15.0
37;2021-05-25;5124;2177;218494;93108;36.1;15.4
37;2021-05-26;4930;2099;223424;95207;36.9;15.7
37;2021-05-27;5986;2365;229410;97572;37.9;16.1
37;2021-05-28;6023;3266;235433;100838;38.9;16.7
37;2021-05-29;1521;1167;236954;102005;39.1;16.8
37;2021-05-30;55;160;237009;102165;39.2;16.9
37;2021-05-31;3648;2528;240657;104693;39.8;17.3
37;2021-06-01;5846;3622;246503;108315;40.7;17.9
37;2021-06-02;5077;2456;251580;110771;41.6;18.3
37;2021-06-03;6087;2883;257667;113654;42.6;18.8
37;2021-06-04;5511;4207;263178;117861;43.5;19.5
37;2021-06-05;1855;1305;265033;119166;43.8;19.7
37;2021-06-06;49;197;265082;119363;43.8;19.7
37;2021-06-07;3022;4168;268104;123531;44.3;20.4
37;2021-06-08;4202;4655;272306;128186;45.0;21.2
37;2021-06-09;3883;3571;276189;131757;45.6;21.8
37;2021-06-10;5269;3623;281458;135380;46.5;22.4
37;2021-06-11;4977;4837;286435;140217;47.3;23.2
37;2021-06-12;3553;1350;289988;141567;47.9;23.4
37;2021-06-13;15;164;290003;141731;47.9;23.4
37;2021-06-14;2667;4038;292670;145769;48.3;24.1
37;2021-06-15;3900;4782;296570;150551;49.0;24.9
37;2021-06-16;3258;3604;299828;154155;49.5;25.5
37;2021-06-17;4010;4496;303838;158651;50.2;26.2
37;2021-06-18;4705;5072;308543;163723;51.0;27.0
37;2021-06-19;2520;1103;311063;164826;51.4;27.2
37;2021-06-20;9;183;311072;165009;51.4;27.3
37;2021-06-21;2419;3827;313491;168836;51.8;27.9
37;2021-06-22;2969;5011;316460;173847;52.3;28.7
37;2021-06-23;2627;3646;319087;177493;52.7;29.3
37;2021-06-24;2865;3545;321952;181038;53.2;29.9
37;2021-06-25;3309;4883;325261;185921;53.7;30.7
37;2021-06-26;1240;3087;326501;189008;53.9;31.2
37;2021-06-27;23;142;326524;189150;53.9;31.2
37;2021-06-28;1702;4511;328226;193661;54.2;32.0
37;2021-06-29;1904;6222;330130;199883;54.5;33.0
37;2021-06-30;1871;4441;332001;204324;54.8;33.8
37;2021-07-01;2125;4794;334126;209118;55.2;34.5
37;2021-07-02;2680;5594;336806;214712;55.6;35.5
37;2021-07-03;945;2138;337751;216850;55.8;35.8
37;2021-07-04;5;105;337756;216955;55.8;35.8
37;2021-07-05;1708;5141;339464;222096;56.1;36.7
37;2021-07-06;2005;6762;341469;228858;56.4;37.8
37;2021-07-07;1945;5462;343414;234320;56.7;38.7
37;2021-07-08;2464;6664;345878;240984;57.1;39.8
37;2021-07-09;1988;7644;347866;248628;57.5;41.1
37;2021-07-10;1013;2615;348879;251243;57.6;41.5
37;2021-07-11;26;96;348905;251339;57.6;41.5
37;2021-07-12;1132;5984;350037;257323;57.8;42.5
37;2021-07-13;1616;7821;351653;265144;58.1;43.8
37;2021-07-14;524;407;352177;265551;58.2;43.9
37;2021-07-15;2624;7500;354801;273051;58.6;45.1
37;2021-07-16;2759;7804;357560;280855;59.1;46.4
37;2021-07-17;1202;2447;358762;283302;59.3;46.8
37;2021-07-18;50;53;358812;283355;59.3;46.8
37;2021-07-19;1651;6129;360463;289484;59.5;47.8
37;2021-07-20;2909;7069;363372;296553;60.0;49.0
37;2021-07-21;2984;5784;366356;302337;60.5;49.9
37;2021-07-22;4056;6533;370412;308870;61.2;51.0
37;2021-07-23;3810;7102;374222;315972;61.8;52.2
37;2021-07-24;1777;3308;375999;319280;62.1;52.7
37;2021-07-25;66;77;376065;319357;62.1;52.8
37;2021-07-26;3241;4322;379306;323679;62.7;53.5
37;2021-07-27;4433;4962;383739;328641;63.4;54.3
37;2021-07-28;4138;3659;387877;332300;64.1;54.9
37;2021-07-29;5084;4195;392961;336495;64.9;55.6
37;2021-07-30;5238;4930;398199;341425;65.8;56.4
37;2021-07-31;1922;1847;400121;343272;66.1;56.7
37;2021-08-01;31;51;400152;343323;66.1;56.7
37;2021-08-02;3291;3290;403443;346613;66.6;57.3
37;2021-08-03;5258;3145;408701;349758;67.5;57.8
37;2021-08-04;4552;1929;413253;351687;68.3;58.1
37;2021-08-05;4780;2600;418033;354287;69.1;58.5
37;2021-08-06;4847;3311;422880;357598;69.9;59.1
37;2021-08-07;1623;1122;424503;358720;70.1;59.3
37;2021-08-08;33;175;424536;358895;70.1;59.3
37;2021-08-09;2429;2256;426965;361151;70.5;59.7
37;2021-08-10;3023;2637;429988;363788;71.0;60.1
37;2021-08-11;2094;2106;432082;365894;71.4;60.4
37;2021-08-12;2611;2687;434693;368581;71.8;60.9
37;2021-08-13;2453;2771;437146;371352;72.2;61.3
37;2021-08-14;751;812;437897;372164;72.3;61.5
37;2021-08-15;12;57;437909;372221;72.3;61.5
37;2021-08-16;1459;3161;439368;375382;72.6;62.0
37;2021-08-17;1789;3972;441157;379354;72.9;62.7
37;2021-08-18;1390;3138;442547;382492;73.1;63.2
37;2021-08-19;1590;3841;444137;386333;73.4;63.8
37;2021-08-20;1588;4542;445725;390875;73.6;64.6
37;2021-08-21;610;1202;446335;392077;73.7;64.8
37;2021-08-22;3;31;446338;392108;73.7;64.8
37;2021-08-23;1282;3982;447620;396090;73.9;65.4
37;2021-08-24;1538;4844;449158;400934;74.2;66.2
37;2021-08-25;1053;4220;450211;405154;74.4;66.9
37;2021-08-26;1270;4513;451481;409667;74.6;67.7
37;2021-08-27;1431;5659;452912;415326;74.8;68.6
37;2021-08-28;404;1459;453316;416785;74.9;68.8
37;2021-08-29;1;18;453317;416803;74.9;68.8
37;2021-08-30;1064;3940;454381;420743;75.1;69.5
37;2021-08-31;1259;3818;455640;424561;75.3;70.1
38;2020-12-27;1;0;1;0;0.0;0.0
38;2020-12-28;1;0;2;0;0.0;0.0
38;2020-12-29;0;0;2;0;0.0;0.0
38;2020-12-30;2;0;4;0;0.0;0.0
38;2020-12-31;5;0;9;0;0.0;0.0
38;2021-01-01;2;0;11;0;0.0;0.0
38;2021-01-02;1;0;12;0;0.0;0.0
38;2021-01-03;2;0;14;0;0.0;0.0
38;2021-01-04;162;0;176;0;0.0;0.0
38;2021-01-05;258;1;434;1;0.0;0.0
38;2021-01-06;364;0;798;1;0.1;0.0
38;2021-01-07;636;1;1434;2;0.1;0.0
38;2021-01-08;695;0;2129;2;0.2;0.0
38;2021-01-09;30;0;2159;2;0.2;0.0
38;2021-01-10;2;0;2161;2;0.2;0.0
38;2021-01-11;801;2;2962;4;0.2;0.0
38;2021-01-12;1470;4;4432;8;0.4;0.0
38;2021-01-13;1083;5;5515;13;0.4;0.0
38;2021-01-14;1681;15;7196;28;0.6;0.0
38;2021-01-15;1676;7;8872;35;0.7;0.0
38;2021-01-16;307;1;9179;36;0.7;0.0
38;2021-01-17;3;0;9182;36;0.7;0.0
38;2021-01-18;1178;4;10360;40;0.8;0.0
38;2021-01-19;2239;6;12599;46;1.0;0.0
38;2021-01-20;1883;4;14482;50;1.1;0.0
38;2021-01-21;1640;7;16122;57;1.3;0.0
38;2021-01-22;1400;9;17522;66;1.4;0.0
38;2021-01-23;379;3;17901;69;1.4;0.0
38;2021-01-24;1;0;17902;69;1.4;0.0
38;2021-01-25;790;105;18692;174;1.5;0.0
38;2021-01-26;855;180;19547;354;1.5;0.0
38;2021-01-27;1091;275;20638;629;1.6;0.0
38;2021-01-28;1173;473;21811;1102;1.7;0.1
38;2021-01-29;952;371;22763;1473;1.8;0.1
38;2021-01-30;304;0;23067;1473;1.8;0.1
38;2021-01-31;0;0;23067;1473;1.8;0.1
38;2021-02-01;702;596;23769;2069;1.9;0.2
38;2021-02-02;966;950;24735;3019;2.0;0.2
38;2021-02-03;1229;689;25964;3708;2.1;0.3
38;2021-02-04;1278;962;27242;4670;2.2;0.4
38;2021-02-05;1400;841;28642;5511;2.3;0.4
38;2021-02-06;187;94;28829;5605;2.3;0.4
38;2021-02-07;3;48;28832;5653;2.3;0.4
38;2021-02-08;861;778;29693;6431;2.3;0.5
38;2021-02-09;1537;1301;31230;7732;2.5;0.6
38;2021-02-10;1581;1278;32811;9010;2.6;0.7
38;2021-02-11;1871;1137;34682;10147;2.7;0.8
38;2021-02-12;1508;1117;36190;11264;2.9;0.9
38;2021-02-13;466;189;36656;11453;2.9;0.9
38;2021-02-14;1;7;36657;11460;2.9;0.9
38;2021-02-15;977;932;37634;12392;3.0;1.0
38;2021-02-16;1378;962;39012;13354;3.1;1.1
38;2021-02-17;1376;1058;40388;14412;3.2;1.1
38;2021-02-18;1790;1055;42178;15467;3.3;1.2
38;2021-02-19;1256;864;43434;16331;3.4;1.3
38;2021-02-20;470;305;43904;16636;3.5;1.3
38;2021-02-21;0;0;43904;16636;3.5;1.3
38;2021-02-22;1074;894;44978;17530;3.6;1.4
38;2021-02-23;1540;944;46518;18474;3.7;1.5
38;2021-02-24;1733;1131;48251;19605;3.8;1.5
38;2021-02-25;2500;1047;50751;20652;4.0;1.6
38;2021-02-26;3311;980;54062;21632;4.3;1.7
38;2021-02-27;1510;433;55572;22065;4.4;1.7
38;2021-02-28;33;2;55605;22067;4.4;1.7
38;2021-03-01;2508;790;58113;22857;4.6;1.8
38;2021-03-02;4047;1057;62160;23914;4.9;1.9
38;2021-03-03;3368;1248;65528;25162;5.2;2.0
38;2021-03-04;4485;1385;70013;26547;5.5;2.1
38;2021-03-05;5231;1211;75244;27758;5.9;2.2
38;2021-03-06;3042;273;78286;28031;6.2;2.2
38;2021-03-07;115;2;78401;28033;6.2;2.2
38;2021-03-08;2442;906;80843;28939;6.4;2.3
38;2021-03-09;4025;1311;84868;30250;6.7;2.4
38;2021-03-10;3507;1085;88375;31335;7.0;2.5
38;2021-03-11;5141;1530;93516;32865;7.4;2.6
38;2021-03-12;7092;1177;100608;34042;8.0;2.7
38;2021-03-13;3772;222;104380;34264;8.3;2.7
38;2021-03-14;544;15;104924;34279;8.3;2.7
38;2021-03-15;2701;1011;107625;35290;8.5;2.8
38;2021-03-16;2082;1353;109707;36643;8.7;2.9
38;2021-03-17;2025;1210;111732;37853;8.8;3.0
38;2021-03-18;2641;1366;114373;39219;9.0;3.1
38;2021-03-19;4010;1066;118383;40285;9.4;3.2
38;2021-03-20;1824;248;120207;40533;9.5;3.2
38;2021-03-21;130;8;120337;40541;9.5;3.2
38;2021-03-22;2867;1004;123204;41545;9.7;3.3
38;2021-03-23;4781;1495;127985;43040;10.1;3.4
38;2021-03-24;3711;1581;131696;44621;10.4;3.5
38;2021-03-25;5791;1541;137487;46162;10.9;3.6
38;2021-03-26;6600;1740;144087;47902;11.4;3.8
38;2021-03-27;2512;762;146599;48664;11.6;3.8
38;2021-03-28;926;47;147525;48711;11.7;3.9
38;2021-03-29;2679;1849;150204;50560;11.9;4.0
38;2021-03-30;4566;2540;154770;53100;12.2;4.2
38;2021-03-31;3664;2226;158434;55326;12.5;4.4
38;2021-04-01;5131;2521;163565;57847;12.9;4.6
38;2021-04-02;3874;2529;167439;60376;13.2;4.8
38;2021-04-03;1418;944;168857;61320;13.3;4.8
38;2021-04-04;430;45;169287;61365;13.4;4.9
38;2021-04-05;2174;351;171461;61716;13.6;4.9
38;2021-04-06;4345;2399;175806;64115;13.9;5.1
38;2021-04-07;4415;2739;180221;66854;14.2;5.3
38;2021-04-08;5650;2668;185871;69522;14.7;5.5
38;2021-04-09;8562;2735;194433;72257;15.4;5.7
38;2021-04-10;3599;1477;198032;73734;15.7;5.8
38;2021-04-11;1048;100;199080;73834;15.7;5.8
38;2021-04-12;4197;2254;203277;76088;16.1;6.0
38;2021-04-13;6124;2472;209401;78560;16.6;6.2
38;2021-04-14;5120;2462;214521;81022;17.0;6.4
38;2021-04-15;6363;2769;220884;83791;17.5;6.6
38;2021-04-16;6216;2729;227100;86520;18.0;6.8
38;2021-04-17;2587;995;229687;87515;18.2;6.9
38;2021-04-18;1333;72;231020;87587;18.3;6.9
38;2021-04-19;3946;2838;234966;90425;18.6;7.1
38;2021-04-20;5424;2856;240390;93281;19.0;7.4
38;2021-04-21;4979;2707;245369;95988;19.4;7.6
38;2021-04-22;5784;2837;251153;98825;19.9;7.8
38;2021-04-23;6037;2820;257190;101645;20.3;8.0
38;2021-04-24;2665;1348;259855;102993;20.5;8.1
38;2021-04-25;803;590;260658;103583;20.6;8.2
38;2021-04-26;4486;2473;265144;106056;21.0;8.4
38;2021-04-27;6044;2733;271188;108789;21.4;8.6
38;2021-04-28;6197;2509;277385;111298;21.9;8.8
38;2021-04-29;8331;3069;285716;114367;22.6;9.0
38;2021-04-30;7673;4056;293389;118423;23.2;9.4
38;2021-05-01;1543;199;294932;118622;23.3;9.4
38;2021-05-02;846;73;295778;118695;23.4;9.4
38;2021-05-03;5300;3589;301078;122284;23.8;9.7
38;2021-05-04;6201;5078;307279;127362;24.3;10.1
38;2021-05-05;6068;4610;313347;131972;24.8;10.4
38;2021-05-06;6714;5332;320061;137304;25.3;10.9
38;2021-05-07;7282;6445;327343;143749;25.9;11.4
38;2021-05-08;3772;719;331115;144468;26.2;11.4
38;2021-05-09;2851;1930;333966;146398;26.4;11.6
38;2021-05-10;6153;5311;340119;151709;26.9;12.0
38;2021-05-11;8224;6029;348343;157738;27.5;12.5
38;2021-05-12;9049;4705;357392;162443;28.3;12.8
38;2021-05-13;6635;1415;364027;163858;28.8;13.0
38;2021-05-14;9565;3426;373592;167284;29.5;13.2
38;2021-05-15;6863;1454;380455;168738;30.1;13.3
38;2021-05-16;5474;652;385929;169390;30.5;13.4
38;2021-05-17;7672;3004;393601;172394;31.1;13.6
38;2021-05-18;8623;4036;402224;176430;31.8;13.9
38;2021-05-19;8158;3347;410382;179777;32.4;14.2
38;2021-05-20;8976;4496;419358;184273;33.2;14.6
38;2021-05-21;9960;4586;429318;188859;33.9;14.9
38;2021-05-22;7456;1907;436774;190766;34.5;15.1
38;2021-05-23;5589;579;442363;191345;35.0;15.1
38;2021-05-24;7501;1625;449864;192970;35.6;15.3
38;2021-05-25;9541;4856;459405;197826;36.3;15.6
38;2021-05-26;8123;4726;467528;202552;37.0;16.0
38;2021-05-27;9134;5658;476662;208210;37.7;16.5
38;2021-05-28;8787;6500;485449;214710;38.4;17.0
38;2021-05-29;5822;3260;491271;217970;38.8;17.2
38;2021-05-30;2694;1595;493965;219565;39.0;17.4
38;2021-05-31;8271;5137;502236;224702;39.7;17.8
38;2021-06-01;7964;6438;510200;231140;40.3;18.3
38;2021-06-02;7140;5625;517340;236765;40.9;18.7
38;2021-06-03;7397;6838;524737;243603;41.5;19.3
38;2021-06-04;8128;7617;532865;251220;42.1;19.9
38;2021-06-05;5795;3947;538660;255167;42.6;20.2
38;2021-06-06;2508;1462;541168;256629;42.8;20.3
38;2021-06-07;5553;6872;546721;263501;43.2;20.8
38;2021-06-08;5875;7534;552596;271035;43.7;21.4
38;2021-06-09;5050;6472;557646;277507;44.1;21.9
38;2021-06-10;5428;6792;563074;284299;44.5;22.5
38;2021-06-11;5887;7791;568961;292090;45.0;23.1
38;2021-06-12;3945;3259;572906;295349;45.3;23.3
38;2021-06-13;1256;1296;574162;296645;45.4;23.5
38;2021-06-14;3870;7665;578032;304310;45.7;24.1
38;2021-06-15;5234;8148;583266;312458;46.1;24.7
38;2021-06-16;5123;7409;588389;319867;46.5;25.3
38;2021-06-17;4522;7060;592911;326927;46.9;25.8
38;2021-06-18;6167;9230;599078;336157;47.4;26.6
38;2021-06-19;3595;4968;602673;341125;47.6;27.0
38;2021-06-20;1038;2901;603711;344026;47.7;27.2
38;2021-06-21;3750;8709;607461;352735;48.0;27.9
38;2021-06-22;3792;10106;611253;362841;48.3;28.7
38;2021-06-23;3155;9548;614408;372389;48.6;29.4
38;2021-06-24;3381;8589;617789;380978;48.8;30.1
38;2021-06-25;3783;11494;621572;392472;49.1;31.0
38;2021-06-26;2229;7853;623801;400325;49.3;31.6
38;2021-06-27;1098;4357;624899;404682;49.4;32.0
38;2021-06-28;2949;10304;627848;414986;49.6;32.8
38;2021-06-29;3786;10448;631634;425434;49.9;33.6
38;2021-06-30;4060;9939;635694;435373;50.3;34.4
38;2021-07-01;3545;9016;639239;444389;50.5;35.1
38;2021-07-02;3726;11613;642965;456002;50.8;36.0
38;2021-07-03;1737;8786;644702;464788;51.0;36.7
38;2021-07-04;1243;3207;645945;467995;51.1;37.0
38;2021-07-05;3062;10547;649007;478542;51.3;37.8
38;2021-07-06;3458;10240;652465;488782;51.6;38.6
38;2021-07-07;3566;9399;656031;498181;51.9;39.4
38;2021-07-08;3501;8225;659532;506406;52.1;40.0
38;2021-07-09;3893;10740;663425;517146;52.4;40.9
38;2021-07-10;2403;7807;665828;524953;52.6;41.5
38;2021-07-11;778;2027;666606;526980;52.7;41.7
38;2021-07-12;3477;10677;670083;537657;53.0;42.5
38;2021-07-13;6596;10935;676679;548592;53.5;43.4
38;2021-07-14;4675;3337;681354;551929;53.9;43.6
38;2021-07-15;8736;9674;690090;561603;54.6;44.4
38;2021-07-16;8757;10699;698847;572302;55.2;45.2
38;2021-07-17;4740;7482;703587;579784;55.6;45.8
38;2021-07-18;2573;2489;706160;582273;55.8;46.0
38;2021-07-19;5825;9222;711985;591495;56.3;46.8
38;2021-07-20;6287;8305;718272;599800;56.8;47.4
38;2021-07-21;7860;8027;726132;607827;57.4;48.1
38;2021-07-22;7596;6994;733728;614821;58.0;48.6
38;2021-07-23;8944;9038;742672;623859;58.7;49.3
38;2021-07-24;5574;5529;748246;629388;59.2;49.8
38;2021-07-25;2868;1651;751114;631039;59.4;49.9
38;2021-07-26;7869;7498;758983;638537;60.0;50.5
38;2021-07-27;7626;6267;766609;644804;60.6;51.0
38;2021-07-28;8624;5712;775233;650516;61.3;51.4
38;2021-07-29;7671;4679;782904;655195;61.9;51.8
38;2021-07-30;7753;6653;790657;661848;62.5;52.3
38;2021-07-31;4343;3604;795000;665452;62.8;52.6
38;2021-08-01;1296;1084;796296;666536;62.9;52.7
38;2021-08-02;3919;4447;800215;670983;63.3;53.0
38;2021-08-03;4571;4557;804786;675540;63.6;53.4
38;2021-08-04;4624;4353;809410;679893;64.0;53.7
38;2021-08-05;3715;4641;813125;684534;64.3;54.1
38;2021-08-06;4125;5945;817250;690479;64.6;54.6
38;2021-08-07;2302;3530;819552;694009;64.8;54.9
38;2021-08-08;790;2016;820342;696025;64.9;55.0
38;2021-08-09;3598;5574;823940;701599;65.1;55.5
38;2021-08-10;4847;6252;828787;707851;65.5;56.0
38;2021-08-11;3913;4661;832700;712512;65.8;56.3
38;2021-08-12;3343;4605;836043;717117;66.1;56.7
38;2021-08-13;4079;6032;840122;723149;66.4;57.2
38;2021-08-14;1735;4023;841857;727172;66.6;57.5
38;2021-08-15;527;1919;842384;729091;66.6;57.6
38;2021-08-16;2944;7923;845328;737014;66.8;58.3
38;2021-08-17;3393;5957;848721;742971;67.1;58.7
38;2021-08-18;2953;7144;851674;750115;67.3;59.3
38;2021-08-19;2554;4823;854228;754938;67.5;59.7
38;2021-08-20;2845;8413;857073;763351;67.8;60.3
38;2021-08-21;1181;5014;858254;768365;67.8;60.7
38;2021-08-22;495;1510;858749;769875;67.9;60.9
38;2021-08-23;2567;7620;861316;777495;68.1;61.5
38;2021-08-24;2551;5327;863867;782822;68.3;61.9
38;2021-08-25;2546;5860;866413;788682;68.5;62.3
38;2021-08-26;2239;4237;868652;792919;68.7;62.7
38;2021-08-27;2493;5914;871145;798833;68.9;63.1
38;2021-08-28;1405;3673;872550;802506;69.0;63.4
38;2021-08-29;372;1082;872922;803588;69.0;63.5
38;2021-08-30;2310;5769;875232;809357;69.2;64.0
38;2021-08-31;2196;4702;877428;814059;69.4;64.4
39;2020-12-27;0;0;0;0;0.0;0.0
39;2020-12-28;0;0;0;0;0.0;0.0
39;2020-12-29;0;0;0;0;0.0;0.0
39;2020-12-30;0;0;0;0;0.0;0.0
39;2020-12-31;0;0;0;0;0.0;0.0
39;2021-01-01;0;0;0;0;0.0;0.0
39;2021-01-02;0;0;0;0;0.0;0.0
39;2021-01-03;0;0;0;0;0.0;0.0
39;2021-01-04;3;0;3;0;0.0;0.0
39;2021-01-05;3;0;6;0;0.0;0.0
39;2021-01-06;57;3;63;3;0.0;0.0
39;2021-01-07;332;2;395;5;0.2;0.0
39;2021-01-08;657;2;1052;7;0.4;0.0
39;2021-01-09;169;0;1221;7;0.5;0.0
39;2021-01-10;1;0;1222;7;0.5;0.0
39;2021-01-11;476;1;1698;8;0.7;0.0
39;2021-01-12;431;1;2129;9;0.8;0.0
39;2021-01-13;408;2;2537;11;1.0;0.0
39;2021-01-14;574;3;3111;14;1.2;0.0
39;2021-01-15;471;1;3582;15;1.4;0.0
39;2021-01-16;141;1;3723;16;1.4;0.0
39;2021-01-17;0;1;3723;17;1.4;0.0
39;2021-01-18;924;7;4647;24;1.8;0.0
39;2021-01-19;1181;6;5828;30;2.3;0.0
39;2021-01-20;906;4;6734;34;2.6;0.0
39;2021-01-21;1178;2;7912;36;3.1;0.0
39;2021-01-22;985;2;8897;38;3.5;0.0
39;2021-01-23;383;1;9280;39;3.6;0.0
39;2021-01-24;0;0;9280;39;3.6;0.0
39;2021-01-25;642;2;9922;41;3.8;0.0
39;2021-01-26;1121;12;11043;53;4.3;0.0
39;2021-01-27;925;17;11968;70;4.6;0.0
39;2021-01-28;740;242;12708;312;4.9;0.1
39;2021-01-29;582;421;13290;733;5.2;0.3
39;2021-01-30;265;109;13555;842;5.3;0.3
39;2021-01-31;1;0;13556;842;5.3;0.3
39;2021-02-01;562;262;14118;1104;5.5;0.4
39;2021-02-02;754;323;14872;1427;5.8;0.6
39;2021-02-03;531;514;15403;1941;6.0;0.8
39;2021-02-04;554;460;15957;2401;6.2;0.9
39;2021-02-05;439;430;16396;2831;6.4;1.1
39;2021-02-06;265;110;16661;2941;6.5;1.1
39;2021-02-07;0;1;16661;2942;6.5;1.1
39;2021-02-08;321;367;16982;3309;6.6;1.3
39;2021-02-09;383;481;17365;3790;6.7;1.5
39;2021-02-10;253;336;17618;4126;6.8;1.6
39;2021-02-11;586;511;18204;4637;7.1;1.8
39;2021-02-12;386;417;18590;5054;7.2;2.0
39;2021-02-13;99;69;18689;5123;7.2;2.0
39;2021-02-14;0;0;18689;5123;7.2;2.0
39;2021-02-15;99;752;18788;5875;7.3;2.3
39;2021-02-16;99;909;18887;6784;7.3;2.6
39;2021-02-17;58;691;18945;7475;7.3;2.9
39;2021-02-18;109;854;19054;8329;7.4;3.2
39;2021-02-19;100;483;19154;8812;7.4;3.4
39;2021-02-20;18;364;19172;9176;7.4;3.6
39;2021-02-21;0;0;19172;9176;7.4;3.6
39;2021-02-22;100;729;19272;9905;7.5;3.8
39;2021-02-23;4;764;19276;10669;7.5;4.1
39;2021-02-24;125;870;19401;11539;7.5;4.5
39;2021-02-25;214;746;19615;12285;7.6;4.8
39;2021-02-26;218;469;19833;12754;7.7;4.9
39;2021-02-27;169;296;20002;13050;7.8;5.1
39;2021-02-28;1;0;20003;13050;7.8;5.1
39;2021-03-01;218;639;20221;13689;7.8;5.3
39;2021-03-02;329;827;20550;14516;8.0;5.6
39;2021-03-03;602;529;21152;15045;8.2;5.8
39;2021-03-04;658;476;21810;15521;8.5;6.0
39;2021-03-05;670;331;22480;15852;8.7;6.1
39;2021-03-06;777;250;23257;16102;9.0;6.2
39;2021-03-07;242;84;23499;16186;9.1;6.3
39;2021-03-08;286;446;23785;16632;9.2;6.5
39;2021-03-09;843;460;24628;17092;9.6;6.6
39;2021-03-10;984;340;25612;17432;9.9;6.8
39;2021-03-11;829;462;26441;17894;10.3;6.9
39;2021-03-12;806;292;27247;18186;10.6;7.1
39;2021-03-13;788;104;28035;18290;10.9;7.1
39;2021-03-14;35;10;28070;18300;10.9;7.1
39;2021-03-15;513;106;28583;18406;11.1;7.1
39;2021-03-16;555;68;29138;18474;11.3;7.2
39;2021-03-17;612;57;29750;18531;11.5;7.2
39;2021-03-18;597;72;30347;18603;11.8;7.2
39;2021-03-19;393;72;30740;18675;11.9;7.2
39;2021-03-20;312;10;31052;18685;12.0;7.2
39;2021-03-21;3;0;31055;18685;12.0;7.2
39;2021-03-22;754;117;31809;18802;12.3;7.3
39;2021-03-23;1130;44;32939;18846;12.8;7.3
39;2021-03-24;1178;97;34117;18943;13.2;7.3
39;2021-03-25;2042;130;36159;19073;14.0;7.4
39;2021-03-26;797;116;36956;19189;14.3;7.4
39;2021-03-27;345;6;37301;19195;14.5;7.4
39;2021-03-28;36;4;37337;19199;14.5;7.4
39;2021-03-29;1037;195;38374;19394;14.9;7.5
39;2021-03-30;1400;269;39774;19663;15.4;7.6
39;2021-03-31;657;527;40431;20190;15.7;7.8
39;2021-04-01;1310;316;41741;20506;16.2;8.0
39;2021-04-02;626;130;42367;20636;16.4;8.0
39;2021-04-03;180;8;42547;20644;16.5;8.0
39;2021-04-04;4;1;42551;20645;16.5;8.0
39;2021-04-05;1;0;42552;20645;16.5;8.0
39;2021-04-06;824;632;43376;21277;16.8;8.3
39;2021-04-07;1133;678;44509;21955;17.3;8.5
39;2021-04-08;1790;582;46299;22537;18.0;8.7
39;2021-04-09;1676;294;47975;22831;18.6;8.9
39;2021-04-10;346;185;48321;23016;18.7;8.9
39;2021-04-11;2;0;48323;23016;18.7;8.9
39;2021-04-12;680;398;49003;23414;19.0;9.1
39;2021-04-13;1200;580;50203;23994;19.5;9.3
39;2021-04-14;845;641;51048;24635;19.8;9.6
39;2021-04-15;1481;718;52529;25353;20.4;9.8
39;2021-04-16;1090;175;53619;25528;20.8;9.9
39;2021-04-17;197;61;53816;25589;20.9;9.9
39;2021-04-18;0;0;53816;25589;20.9;9.9
39;2021-04-19;524;699;54340;26288;21.1;10.2
39;2021-04-20;766;545;55106;26833;21.4;10.4
39;2021-04-21;1142;722;56248;27555;21.8;10.7
39;2021-04-22;1012;1132;57260;28687;22.2;11.1
39;2021-04-23;457;363;57717;29050;22.4;11.3
39;2021-04-24;276;149;57993;29199;22.5;11.3
39;2021-04-25;12;3;58005;29202;22.5;11.3
39;2021-04-26;568;1039;58573;30241;22.7;11.7
39;2021-04-27;788;982;59361;31223;23.0;12.1
39;2021-04-28;1719;417;61080;31640;23.7;12.3
39;2021-04-29;2571;973;63651;32613;24.7;12.6
39;2021-04-30;2475;392;66126;33005;25.6;12.8
39;2021-05-01;41;53;66167;33058;25.7;12.8
39;2021-05-02;0;0;66167;33058;25.7;12.8
39;2021-05-03;917;807;67084;33865;26.0;13.1
39;2021-05-04;949;1128;68033;34993;26.4;13.6
39;2021-05-05;1954;889;69987;35882;27.1;13.9
39;2021-05-06;2424;1345;72411;37227;28.1;14.4
39;2021-05-07;1286;575;73697;37802;28.6;14.7
39;2021-05-08;179;55;73876;37857;28.7;14.7
39;2021-05-09;10;8;73886;37865;28.7;14.7
39;2021-05-10;1761;848;75647;38713;29.3;15.0
39;2021-05-11;1775;1515;77422;40228;30.0;15.6
39;2021-05-12;1809;1496;79231;41724;30.7;16.2
39;2021-05-13;246;23;79477;41747;30.8;16.2
39;2021-05-14;2392;336;81869;42083;31.8;16.3
39;2021-05-15;1849;257;83718;42340;32.5;16.4
39;2021-05-16;0;0;83718;42340;32.5;16.4
39;2021-05-17;1988;727;85706;43067;33.2;16.7
39;2021-05-18;1692;1183;87398;44250;33.9;17.2
39;2021-05-19;2496;556;89894;44806;34.9;17.4
39;2021-05-20;2465;756;92359;45562;35.8;17.7
39;2021-05-21;1800;565;94159;46127;36.5;17.9
39;2021-05-22;322;218;94481;46345;36.6;18.0
39;2021-05-23;7;36;94488;46381;36.6;18.0
39;2021-05-24;8;28;94496;46409;36.6;18.0
39;2021-05-25;1725;1204;96221;47613;37.3;18.5
39;2021-05-26;1644;1380;97865;48993;38.0;19.0
39;2021-05-27;1486;1623;99351;50616;38.5;19.6
39;2021-05-28;856;1219;100207;51835;38.9;20.1
39;2021-05-29;261;276;100468;52111;39.0;20.2
39;2021-05-30;2;40;100470;52151;39.0;20.2
39;2021-05-31;1626;1248;102096;53399;39.6;20.7
39;2021-06-01;1895;1321;103991;54720;40.3;21.2
39;2021-06-02;1707;1174;105698;55894;41.0;21.7
39;2021-06-03;1326;1159;107024;57053;41.5;22.1
39;2021-06-04;941;1071;107965;58124;41.9;22.5
39;2021-06-05;766;516;108731;58640;42.2;22.7
39;2021-06-06;1;36;108732;58676;42.2;22.8
39;2021-06-07;2104;916;110836;59592;43.0;23.1
39;2021-06-08;2211;1155;113047;60747;43.8;23.6
39;2021-06-09;1732;1244;114779;61991;44.5;24.0
39;2021-06-10;1617;2082;116396;64073;45.1;24.8
39;2021-06-11;1569;1271;117965;65344;45.7;25.3
39;2021-06-12;1263;348;119228;65692;46.2;25.5
39;2021-06-13;11;18;119239;65710;46.2;25.5
39;2021-06-14;1337;1895;120576;67605;46.8;26.2
39;2021-06-15;1388;1257;121964;68862;47.3;26.7
39;2021-06-16;1171;1538;123135;70400;47.8;27.3
39;2021-06-17;1043;1715;124178;72115;48.2;28.0
39;2021-06-18;1638;1179;125816;73294;48.8;28.4
39;2021-06-19;249;412;126065;73706;48.9;28.6
39;2021-06-20;2;18;126067;73724;48.9;28.6
39;2021-06-21;351;2494;126418;76218;49.0;29.6
39;2021-06-22;814;2294;127232;78512;49.3;30.4
39;2021-06-23;1201;1302;128433;79814;49.8;31.0
39;2021-06-24;736;1048;129169;80862;50.1;31.4
39;2021-06-25;680;2963;129849;83825;50.4;32.5
39;2021-06-26;207;1564;130056;85389;50.4;33.1
39;2021-06-27;0;0;130056;85389;50.4;33.1
39;2021-06-28;305;2745;130361;88134;50.6;34.2
39;2021-06-29;498;2697;130859;90831;50.8;35.2
39;2021-06-30;898;2423;131757;93254;51.1;36.2
39;2021-07-01;644;1938;132401;95192;51.3;36.9
39;2021-07-02;1112;1406;133513;96598;51.8;37.5
39;2021-07-03;554;524;134067;97122;52.0;37.7
39;2021-07-04;1;1;134068;97123;52.0;37.7
39;2021-07-05;602;2589;134670;99712;52.2;38.7
39;2021-07-06;836;1888;135506;101600;52.6;39.4
39;2021-07-07;591;1388;136097;102988;52.8;39.9
39;2021-07-08;698;906;136795;103894;53.1;40.3
39;2021-07-09;1080;1585;137875;105479;53.5;40.9
39;2021-07-10;739;476;138614;105955;53.8;41.1
39;2021-07-11;28;8;138642;105963;53.8;41.1
39;2021-07-12;577;2596;139219;108559;54.0;42.1
39;2021-07-13;1636;2657;140855;111216;54.6;43.1
39;2021-07-14;17;21;140872;111237;54.6;43.1
39;2021-07-15;1904;1836;142776;113073;55.4;43.9
39;2021-07-16;3226;2047;146002;115120;56.6;44.6
39;2021-07-17;2226;1162;148228;116282;57.5;45.1
39;2021-07-18;164;52;148392;116334;57.5;45.1
39;2021-07-19;1402;2959;149794;119293;58.1;46.3
39;2021-07-20;1842;2810;151636;122103;58.8;47.4
39;2021-07-21;2587;2582;154223;124685;59.8;48.4
39;2021-07-22;1934;1841;156157;126526;60.6;49.1
39;2021-07-23;1815;1928;157972;128454;61.3;49.8
39;2021-07-24;1400;1427;159372;129881;61.8;50.4
39;2021-07-25;0;1;159372;129882;61.8;50.4
39;2021-07-26;1320;2000;160692;131882;62.3;51.1
39;2021-07-27;2344;1902;163036;133784;63.2;51.9
39;2021-07-28;2686;1474;165722;135258;64.3;52.5
39;2021-07-29;2200;1740;167922;136998;65.1;53.1
39;2021-07-30;2041;1465;169963;138463;65.9;53.7
39;2021-07-31;1367;655;171330;139118;66.4;54.0
39;2021-08-01;10;18;171340;139136;66.4;54.0
39;2021-08-02;1203;1400;172543;140536;66.9;54.5
39;2021-08-03;1917;1484;174460;142020;67.7;55.1
39;2021-08-04;1045;660;175505;142680;68.1;55.3
39;2021-08-05;1235;737;176740;143417;68.5;55.6
39;2021-08-06;1377;2291;178117;145708;69.1;56.5
39;2021-08-07;1065;1211;179182;146919;69.5;57.0
39;2021-08-08;26;10;179208;146929;69.5;57.0
39;2021-08-09;436;302;179644;147231;69.7;57.1
39;2021-08-10;1227;930;180871;148161;70.1;57.5
39;2021-08-11;894;1530;181765;149691;70.5;58.1
39;2021-08-12;1584;2166;183349;151857;71.1;58.9
39;2021-08-13;1326;2118;184675;153975;71.6;59.7
39;2021-08-14;356;1104;185031;155079;71.8;60.1
39;2021-08-15;0;1;185031;155080;71.8;60.1
39;2021-08-16;486;735;185517;155815;71.9;60.4
39;2021-08-17;569;1438;186086;157253;72.2;61.0
39;2021-08-18;858;1728;186944;158981;72.5;61.7
39;2021-08-19;905;1594;187849;160575;72.9;62.3
39;2021-08-20;637;2501;188486;163076;73.1;63.2
39;2021-08-21;468;1290;188954;164366;73.3;63.7
39;2021-08-22;6;11;188960;164377;73.3;63.7
39;2021-08-23;263;972;189223;165349;73.4;64.1
39;2021-08-24;452;1609;189675;166958;73.6;64.8
39;2021-08-25;623;1602;190298;168560;73.8;65.4
39;2021-08-26;708;1858;191006;170418;74.1;66.1
39;2021-08-27;406;2059;191412;172477;74.2;66.9
39;2021-08-28;323;1360;191735;173837;74.4;67.4
39;2021-08-29;0;1;191735;173838;74.4;67.4
39;2021-08-30;345;1015;192080;174853;74.5;67.8
39;2021-08-31;389;1026;192469;175879;74.6;68.2
40;2020-12-27;0;0;0;0;0.0;0.0
40;2020-12-28;0;0;0;0;0.0;0.0
40;2020-12-29;0;0;0;0;0.0;0.0
40;2020-12-30;0;0;0;0;0.0;0.0
40;2020-12-31;1;0;1;0;0.0;0.0
40;2021-01-01;0;0;1;0;0.0;0.0
40;2021-01-02;0;0;1;0;0.0;0.0
40;2021-01-03;0;0;1;0;0.0;0.0
40;2021-01-04;0;0;1;0;0.0;0.0
40;2021-01-05;0;0;1;0;0.0;0.0
40;2021-01-06;1;0;2;0;0.0;0.0
40;2021-01-07;212;0;214;0;0.1;0.0
40;2021-01-08;392;2;606;2;0.1;0.0
40;2021-01-09;0;0;606;2;0.1;0.0
40;2021-01-10;1;0;607;2;0.1;0.0
40;2021-01-11;111;0;718;2;0.2;0.0
40;2021-01-12;0;0;718;2;0.2;0.0
40;2021-01-13;681;5;1399;7;0.3;0.0
40;2021-01-14;901;5;2300;12;0.6;0.0
40;2021-01-15;811;3;3111;15;0.8;0.0
40;2021-01-16;157;0;3268;15;0.8;0.0
40;2021-01-17;1;1;3269;16;0.8;0.0
40;2021-01-18;402;0;3671;16;0.9;0.0
40;2021-01-19;1204;3;4875;19;1.2;0.0
40;2021-01-20;879;2;5754;21;1.4;0.0
40;2021-01-21;1266;5;7020;26;1.7;0.0
40;2021-01-22;809;2;7829;28;1.9;0.0
40;2021-01-23;288;0;8117;28;2.0;0.0
40;2021-01-24;2;0;8119;28;2.0;0.0
40;2021-01-25;393;2;8512;30;2.1;0.0
40;2021-01-26;803;6;9315;36;2.3;0.0
40;2021-01-27;1118;12;10433;48;2.5;0.0
40;2021-01-28;708;112;11141;160;2.7;0.0
40;2021-01-29;600;228;11741;388;2.8;0.1
40;2021-01-30;235;3;11976;391;2.9;0.1
40;2021-01-31;1;0;11977;391;2.9;0.1
40;2021-02-01;358;131;12335;522;3.0;0.1
40;2021-02-02;923;51;13258;573;3.2;0.1
40;2021-02-03;894;299;14152;872;3.4;0.2
40;2021-02-04;1059;601;15211;1473;3.7;0.4
40;2021-02-05;794;420;16005;1893;3.9;0.5
40;2021-02-06;380;84;16385;1977;4.0;0.5
40;2021-02-07;10;0;16395;1977;4.0;0.5
40;2021-02-08;372;119;16767;2096;4.1;0.5
40;2021-02-09;809;539;17576;2635;4.3;0.6
40;2021-02-10;749;467;18325;3102;4.4;0.8
40;2021-02-11;739;679;19064;3781;4.6;0.9
40;2021-02-12;628;637;19692;4418;4.8;1.1
40;2021-02-13;400;94;20092;4512;4.9;1.1
40;2021-02-14;0;0;20092;4512;4.9;1.1
40;2021-02-15;48;386;20140;4898;4.9;1.2
40;2021-02-16;285;593;20425;5491;5.0;1.3
40;2021-02-17;360;887;20785;6378;5.0;1.5
40;2021-02-18;382;692;21167;7070;5.1;1.7
40;2021-02-19;144;637;21311;7707;5.2;1.9
40;2021-02-20;39;95;21350;7802;5.2;1.9
40;2021-02-21;1;66;21351;7868;5.2;1.9
40;2021-02-22;53;561;21404;8429;5.2;2.0
40;2021-02-23;179;827;21583;9256;5.2;2.2
40;2021-02-24;283;681;21866;9937;5.3;2.4
40;2021-02-25;727;981;22593;10918;5.5;2.7
40;2021-02-26;656;630;23249;11548;5.6;2.8
40;2021-02-27;384;100;23633;11648;5.7;2.8
40;2021-02-28;2;0;23635;11648;5.7;2.8
40;2021-03-01;418;505;24053;12153;5.8;2.9
40;2021-03-02;734;1036;24787;13189;6.0;3.2
40;2021-03-03;934;908;25721;14097;6.2;3.4
40;2021-03-04;1320;821;27041;14918;6.6;3.6
40;2021-03-05;1231;739;28272;15657;6.9;3.8
40;2021-03-06;866;388;29138;16045;7.1;3.9
40;2021-03-07;92;9;29230;16054;7.1;3.9
40;2021-03-08;838;500;30068;16554;7.3;4.0
40;2021-03-09;1505;641;31573;17195;7.7;4.2
40;2021-03-10;1749;713;33322;17908;8.1;4.3
40;2021-03-11;1985;694;35307;18602;8.6;4.5
40;2021-03-12;2049;548;37356;19150;9.1;4.6
40;2021-03-13;972;255;38328;19405;9.3;4.7
40;2021-03-14;98;0;38426;19405;9.3;4.7
40;2021-03-15;924;88;39350;19493;9.6;4.7
40;2021-03-16;987;271;40337;19764;9.8;4.8
40;2021-03-17;1576;346;41913;20110;10.2;4.9
40;2021-03-18;1560;339;43473;20449;10.6;5.0
40;2021-03-19;1808;143;45281;20592;11.0;5.0
40;2021-03-20;706;14;45987;20606;11.2;5.0
40;2021-03-21;52;1;46039;20607;11.2;5.0
40;2021-03-22;1174;35;47213;20642;11.5;5.0
40;2021-03-23;2324;166;49537;20808;12.0;5.1
40;2021-03-24;2326;231;51863;21039;12.6;5.1
40;2021-03-25;2767;381;54630;21420;13.3;5.2
40;2021-03-26;3122;209;57752;21629;14.0;5.3
40;2021-03-27;923;48;58675;21677;14.2;5.3
40;2021-03-28;178;47;58853;21724;14.3;5.3
40;2021-03-29;1153;380;60006;22104;14.6;5.4
40;2021-03-30;2298;390;62304;22494;15.1;5.5
40;2021-03-31;1999;303;64303;22797;15.6;5.5
40;2021-04-01;2411;330;66714;23127;16.2;5.6
40;2021-04-02;2362;219;69076;23346;16.8;5.7
40;2021-04-03;743;121;69819;23467;16.9;5.7
40;2021-04-04;362;8;70181;23475;17.0;5.7
40;2021-04-05;523;40;70704;23515;17.2;5.7
40;2021-04-06;2096;809;72800;24324;17.7;5.9
40;2021-04-07;2666;871;75466;25195;18.3;6.1
40;2021-04-08;3061;896;78527;26091;19.1;6.3
40;2021-04-09;3826;605;82353;26696;20.0;6.5
40;2021-04-10;1599;342;83952;27038;20.4;6.6
40;2021-04-11;51;6;84003;27044;20.4;6.6
40;2021-04-12;2177;734;86180;27778;20.9;6.7
40;2021-04-13;2567;1089;88747;28867;21.5;7.0
40;2021-04-14;2571;1375;91318;30242;22.2;7.3
40;2021-04-15;2987;1505;94305;31747;22.9;7.7
40;2021-04-16;2878;1185;97183;32932;23.6;8.0
40;2021-04-17;1464;348;98647;33280;23.9;8.1
40;2021-04-18;57;24;98704;33304;24.0;8.1
40;2021-04-19;1058;1019;99762;34323;24.2;8.3
40;2021-04-20;1622;1744;101384;36067;24.6;8.8
40;2021-04-21;1777;1739;103161;37806;25.0;9.2
40;2021-04-22;2113;1775;105274;39581;25.6;9.6
40;2021-04-23;2163;1398;107437;40979;26.1;9.9
40;2021-04-24;1328;623;108765;41602;26.4;10.1
40;2021-04-25;37;57;108802;41659;26.4;10.1
40;2021-04-26;1251;1137;110053;42796;26.7;10.4
40;2021-04-27;1487;2033;111540;44829;27.1;10.9
40;2021-04-28;2052;1369;113592;46198;27.6;11.2
40;2021-04-29;2608;1898;116200;48096;28.2;11.7
40;2021-04-30;2701;1616;118901;49712;28.9;12.1
40;2021-05-01;1229;783;120130;50495;29.2;12.3
40;2021-05-02;143;322;120273;50817;29.2;12.3
40;2021-05-03;1857;1502;122130;52319;29.6;12.7
40;2021-05-04;1882;2467;124012;54786;30.1;13.3
40;2021-05-05;2188;2668;126200;57454;30.6;13.9
40;2021-05-06;2237;2866;128437;60320;31.2;14.6
40;2021-05-07;1904;3004;130341;63324;31.6;15.4
40;2021-05-08;674;468;131015;63792;31.8;15.5
40;2021-05-09;316;21;131331;63813;31.9;15.5
40;2021-05-10;1399;2055;132730;65868;32.2;16.0
40;2021-05-11;2197;2510;134927;68378;32.8;16.6
40;2021-05-12;2731;1944;137658;70322;33.4;17.1
40;2021-05-13;1984;515;139642;70837;33.9;17.2
40;2021-05-14;2325;1658;141967;72495;34.5;17.6
40;2021-05-15;1340;963;143307;73458;34.8;17.8
40;2021-05-16;434;24;143741;73482;34.9;17.8
40;2021-05-17;2120;1312;145861;74794;35.4;18.2
40;2021-05-18;2509;1416;148370;76210;36.0;18.5
40;2021-05-19;2957;1106;151327;77316;36.7;18.8
40;2021-05-20;3586;1164;154913;78480;37.6;19.0
40;2021-05-21;2925;1330;157838;79810;38.3;19.4
40;2021-05-22;1146;796;158984;80606;38.6;19.6
40;2021-05-23;631;29;159615;80635;38.7;19.6
40;2021-05-24;1212;332;160827;80967;39.0;19.7
40;2021-05-25;2168;1308;162995;82275;39.6;20.0
40;2021-05-26;2615;1562;165610;83837;40.2;20.3
40;2021-05-27;2733;2012;168343;85849;40.9;20.8
40;2021-05-28;2569;2275;170912;88124;41.5;21.4
40;2021-05-29;1558;1257;172470;89381;41.9;21.7
40;2021-05-30;4;52;172474;89433;41.9;21.7
40;2021-05-31;2566;1209;175040;90642;42.5;22.0
40;2021-06-01;3011;1771;178051;92413;43.2;22.4
40;2021-06-02;3173;1991;181224;94404;44.0;22.9
40;2021-06-03;3592;2335;184816;96739;44.9;23.5
40;2021-06-04;3015;2801;187831;99540;45.6;24.2
40;2021-06-05;1780;1395;189611;100935;46.0;24.5
40;2021-06-06;459;79;190070;101014;46.1;24.5
40;2021-06-07;2185;2025;192255;103039;46.7;25.0
40;2021-06-08;2954;2102;195209;105141;47.4;25.5
40;2021-06-09;3215;2267;198424;107408;48.2;26.1
40;2021-06-10;2996;2097;201420;109505;48.9;26.6
40;2021-06-11;3139;2797;204559;112302;49.7;27.3
40;2021-06-12;1964;1636;206523;113938;50.1;27.7
40;2021-06-13;644;161;207167;114099;50.3;27.7
40;2021-06-14;1458;2497;208625;116596;50.6;28.3
40;2021-06-15;2237;2821;210862;119417;51.2;29.0
40;2021-06-16;2608;2457;213470;121874;51.8;29.6
40;2021-06-17;2432;2437;215902;124311;52.4;30.2
40;2021-06-18;2325;2904;218227;127215;53.0;30.9
40;2021-06-19;1798;1231;220025;128446;53.4;31.2
40;2021-06-20;345;276;220370;128722;53.5;31.2
40;2021-06-21;1395;2319;221765;131041;53.8;31.8
40;2021-06-22;1688;2996;223453;134037;54.2;32.5
40;2021-06-23;1606;3346;225059;137383;54.6;33.3
40;2021-06-24;1735;2385;226794;139768;55.0;33.9
40;2021-06-25;1760;3264;228554;143032;55.5;34.7
40;2021-06-26;1328;1713;229882;144745;55.8;35.1
40;2021-06-27;263;354;230145;145099;55.9;35.2
40;2021-06-28;1334;2821;231479;147920;56.2;35.9
40;2021-06-29;1711;3392;233190;151312;56.6;36.7
40;2021-06-30;1777;3644;234967;154956;57.0;37.6
40;2021-07-01;1714;3953;236681;158909;57.4;38.6
40;2021-07-02;1562;3808;238243;162717;57.8;39.5
40;2021-07-03;678;1922;238921;164639;58.0;40.0
40;2021-07-04;219;483;239140;165122;58.0;40.1
40;2021-07-05;1476;3020;240616;168142;58.4;40.8
40;2021-07-06;1769;3613;242385;171755;58.8;41.7
40;2021-07-07;1975;3846;244360;175601;59.3;42.6
40;2021-07-08;2102;3409;246462;179010;59.8;43.5
40;2021-07-09;2110;3948;248572;182958;60.3;44.4
40;2021-07-10;1005;2157;249577;185115;60.6;44.9
40;2021-07-11;207;294;249784;185409;60.6;45.0
40;2021-07-12;1313;4044;251097;189453;60.9;46.0
40;2021-07-13;2428;4698;253525;194151;61.5;47.1
40;2021-07-14;2198;2057;255723;196208;62.1;47.6
40;2021-07-15;2844;4859;258567;201067;62.8;48.8
40;2021-07-16;3316;3945;261883;205012;63.6;49.8
40;2021-07-17;2110;2593;263993;207605;64.1;50.4
40;2021-07-18;472;542;264465;208147;64.2;50.5
40;2021-07-19;2568;3701;267033;211848;64.8;51.4
40;2021-07-20;3061;4055;270094;215903;65.6;52.4
40;2021-07-21;3206;3886;273300;219789;66.3;53.3
40;2021-07-22;3853;3928;277153;223717;67.3;54.3
40;2021-07-23;4091;4109;281244;227826;68.3;55.3
40;2021-07-24;2793;2110;284037;229936;68.9;55.8
40;2021-07-25;955;489;284992;230425;69.2;55.9
40;2021-07-26;2941;3082;287933;233507;69.9;56.7
40;2021-07-27;3522;3601;291455;237108;70.7;57.6
40;2021-07-28;3380;3396;294835;240504;71.6;58.4
40;2021-07-29;3544;3432;298379;243936;72.4;59.2
40;2021-07-30;3129;3404;301508;247340;73.2;60.0
40;2021-07-31;1781;1909;303289;249249;73.6;60.5
40;2021-08-01;343;287;303632;249536;73.7;60.6
40;2021-08-02;2002;2379;305634;251915;74.2;61.1
40;2021-08-03;2328;2690;307962;254605;74.8;61.8
40;2021-08-04;2091;2321;310053;256926;75.3;62.4
40;2021-08-05;1967;2668;312020;259594;75.7;63.0
40;2021-08-06;1881;3069;313901;262663;76.2;63.8
40;2021-08-07;1218;1745;315119;264408;76.5;64.2
40;2021-08-08;84;154;315203;264562;76.5;64.2
40;2021-08-09;1598;3124;316801;267686;76.9;65.0
40;2021-08-10;1423;3164;318224;270850;77.2;65.7
40;2021-08-11;1414;2848;319638;273698;77.6;66.4
40;2021-08-12;1272;3102;320910;276800;77.9;67.2
40;2021-08-13;1128;2978;322038;279778;78.2;67.9
40;2021-08-14;617;2037;322655;281815;78.3;68.4
40;2021-08-15;5;172;322660;281987;78.3;68.4
40;2021-08-16;1104;3388;323764;285375;78.6;69.3
40;2021-08-17;1154;3420;324918;288795;78.9;70.1
40;2021-08-18;982;3261;325900;292056;79.1;70.9
40;2021-08-19;847;2970;326747;295026;79.3;71.6
40;2021-08-20;800;3033;327547;298059;79.5;72.3
40;2021-08-21;521;1899;328068;299958;79.6;72.8
40;2021-08-22;71;463;328139;300421;79.6;72.9
40;2021-08-23;726;2817;328865;303238;79.8;73.6
40;2021-08-24;692;2541;329557;305779;80.0;74.2
40;2021-08-25;669;2003;330226;307782;80.2;74.7
40;2021-08-26;487;1674;330713;309456;80.3;75.1
40;2021-08-27;636;2468;331349;311924;80.4;75.7
40;2021-08-28;324;1218;331673;313142;80.5;76.0
40;2021-08-29;1;9;331674;313151;80.5;76.0
40;2021-08-30;598;2159;332272;315310;80.7;76.5
40;2021-08-31;466;1466;332738;316776;80.8;76.9
41;2020-12-27;0;0;0;0;0.0;0.0
41;2020-12-28;0;0;0;0;0.0;0.0
41;2020-12-29;0;0;0;0;0.0;0.0
41;2020-12-30;0;0;0;0;0.0;0.0
41;2020-12-31;0;0;0;0;0.0;0.0
41;2021-01-01;0;0;0;0;0.0;0.0
41;2021-01-02;2;0;2;0;0.0;0.0
41;2021-01-03;0;0;2;0;0.0;0.0
41;2021-01-04;0;0;2;0;0.0;0.0
41;2021-01-05;35;0;37;0;0.0;0.0
41;2021-01-06;72;0;109;0;0.0;0.0
41;2021-01-07;21;0;130;0;0.0;0.0
41;2021-01-08;1;0;131;0;0.0;0.0
41;2021-01-09;0;0;131;0;0.0;0.0
41;2021-01-10;0;0;131;0;0.0;0.0
41;2021-01-11;133;0;264;0;0.1;0.0
41;2021-01-12;321;1;585;1;0.2;0.0
41;2021-01-13;271;0;856;1;0.3;0.0
41;2021-01-14;283;1;1139;2;0.3;0.0
41;2021-01-15;215;1;1354;3;0.4;0.0
41;2021-01-16;0;0;1354;3;0.4;0.0
41;2021-01-17;0;0;1354;3;0.4;0.0
41;2021-01-18;397;2;1751;5;0.5;0.0
41;2021-01-19;857;2;2608;7;0.8;0.0
41;2021-01-20;1056;3;3664;10;1.1;0.0
41;2021-01-21;1567;8;5231;18;1.6;0.0
41;2021-01-22;836;0;6067;18;1.9;0.0
41;2021-01-23;92;0;6159;18;1.9;0.0
41;2021-01-24;0;0;6159;18;1.9;0.0
41;2021-01-25;421;1;6580;19;2.0;0.0
41;2021-01-26;473;2;7053;21;2.2;0.0
41;2021-01-27;441;2;7494;23;2.3;0.0
41;2021-01-28;604;56;8098;79;2.5;0.0
41;2021-01-29;260;30;8358;109;2.5;0.0
41;2021-01-30;0;0;8358;109;2.5;0.0
41;2021-01-31;0;0;8358;109;2.5;0.0
41;2021-02-01;349;148;8707;257;2.7;0.1
41;2021-02-02;471;230;9178;487;2.8;0.1
41;2021-02-03;341;202;9519;689;2.9;0.2
41;2021-02-04;559;154;10078;843;3.1;0.3
41;2021-02-05;329;186;10407;1029;3.2;0.3
41;2021-02-06;4;0;10411;1029;3.2;0.3
41;2021-02-07;2;0;10413;1029;3.2;0.3
41;2021-02-08;306;305;10719;1334;3.3;0.4
41;2021-02-09;599;451;11318;1785;3.5;0.5
41;2021-02-10;486;691;11804;2476;3.6;0.8
41;2021-02-11;1066;1157;12870;3633;3.9;1.1
41;2021-02-12;688;359;13558;3992;4.1;1.2
41;2021-02-13;9;5;13567;3997;4.1;1.2
41;2021-02-14;3;27;13570;4024;4.1;1.2
41;2021-02-15;314;303;13884;4327;4.2;1.3
41;2021-02-16;354;564;14238;4891;4.3;1.5
41;2021-02-17;317;454;14555;5345;4.4;1.6
41;2021-02-18;617;324;15172;5669;4.6;1.7
41;2021-02-19;456;336;15628;6005;4.8;1.8
41;2021-02-20;69;58;15697;6063;4.8;1.8
41;2021-02-21;0;0;15697;6063;4.8;1.8
41;2021-02-22;310;412;16007;6475;4.9;2.0
41;2021-02-23;454;344;16461;6819;5.0;2.1
41;2021-02-24;281;442;16742;7261;5.1;2.2
41;2021-02-25;675;456;17417;7717;5.3;2.4
41;2021-02-26;630;248;18047;7965;5.5;2.4
41;2021-02-27;161;4;18208;7969;5.6;2.4
41;2021-02-28;4;31;18212;8000;5.6;2.4
41;2021-03-01;310;312;18522;8312;5.6;2.5
41;2021-03-02;649;410;19171;8722;5.8;2.7
41;2021-03-03;497;409;19668;9131;6.0;2.8
41;2021-03-04;784;834;20452;9965;6.2;3.0
41;2021-03-05;840;674;21292;10639;6.5;3.2
41;2021-03-06;715;22;22007;10661;6.7;3.3
41;2021-03-07;498;19;22505;10680;6.9;3.3
41;2021-03-08;300;376;22805;11056;7.0;3.4
41;2021-03-09;1042;453;23847;11509;7.3;3.5
41;2021-03-10;721;457;24568;11966;7.5;3.7
41;2021-03-11;1182;681;25750;12647;7.9;3.9
41;2021-03-12;1116;412;26866;13059;8.2;4.0
41;2021-03-13;1224;18;28090;13077;8.6;4.0
41;2021-03-14;392;6;28482;13083;8.7;4.0
41;2021-03-15;797;352;29279;13435;8.9;4.1
41;2021-03-16;1061;412;30340;13847;9.3;4.2
41;2021-03-17;587;240;30927;14087;9.4;4.3
41;2021-03-18;926;400;31853;14487;9.7;4.4
41;2021-03-19;911;335;32764;14822;10.0;4.5
41;2021-03-20;541;19;33305;14841;10.2;4.5
41;2021-03-21;1;0;33306;14841;10.2;4.5
41;2021-03-22;810;273;34116;15114;10.4;4.6
41;2021-03-23;1309;491;35425;15605;10.8;4.8
41;2021-03-24;1231;367;36656;15972;11.2;4.9
41;2021-03-25;2026;438;38682;16410;11.8;5.0
41;2021-03-26;1655;325;40337;16735;12.3;5.1
41;2021-03-27;452;58;40789;16793;12.4;5.1
41;2021-03-28;1;0;40790;16793;12.4;5.1
41;2021-03-29;938;307;41728;17100;12.7;5.2
41;2021-03-30;1496;594;43224;17694;13.2;5.4
41;2021-03-31;1147;493;44371;18187;13.5;5.5
41;2021-04-01;2253;564;46624;18751;14.2;5.7
41;2021-04-02;1242;475;47866;19226;14.6;5.9
41;2021-04-03;321;5;48187;19231;14.7;5.9
41;2021-04-04;39;0;48226;19231;14.7;5.9
41;2021-04-05;140;2;48366;19233;14.8;5.9
41;2021-04-06;1302;627;49668;19860;15.2;6.1
41;2021-04-07;1852;704;51520;20564;15.7;6.3
41;2021-04-08;2294;920;53814;21484;16.4;6.6
41;2021-04-09;2569;609;56383;22093;17.2;6.7
41;2021-04-10;954;497;57337;22590;17.5;6.9
41;2021-04-11;279;376;57616;22966;17.6;7.0
41;2021-04-12;1689;653;59305;23619;18.1;7.2
41;2021-04-13;2262;986;61567;24605;18.8;7.5
41;2021-04-14;1793;549;63360;25154;19.3;7.7
41;2021-04-15;2385;978;65745;26132;20.1;8.0
41;2021-04-16;1931;626;67676;26758;20.6;8.2
41;2021-04-17;647;137;68323;26895;20.8;8.2
41;2021-04-18;5;0;68328;26895;20.8;8.2
41;2021-04-19;1262;743;69590;27638;21.2;8.4
41;2021-04-20;2004;1201;71594;28839;21.8;8.8
41;2021-04-21;1503;918;73097;29757;22.3;9.1
41;2021-04-22;2236;1600;75333;31357;23.0;9.6
41;2021-04-23;1736;1080;77069;32437;23.5;9.9
41;2021-04-24;1544;283;78613;32720;24.0;10.0
41;2021-04-25;1007;19;79620;32739;24.3;10.0
41;2021-04-26;1356;625;80976;33364;24.7;10.2
41;2021-04-27;2094;1039;83070;34403;25.3;10.5
41;2021-04-28;1562;860;84632;35263;25.8;10.8
41;2021-04-29;2211;1378;86843;36641;26.5;11.2
41;2021-04-30;1963;870;88806;37511;27.1;11.4
41;2021-05-01;189;12;88995;37523;27.1;11.4
41;2021-05-02;107;17;89102;37540;27.2;11.5
41;2021-05-03;1866;894;90968;38434;27.7;11.7
41;2021-05-04;2094;1544;93062;39978;28.4;12.2
41;2021-05-05;1881;1190;94943;41168;29.0;12.6
41;2021-05-06;2448;1696;97391;42864;29.7;13.1
41;2021-05-07;2018;1802;99409;44666;30.3;13.6
41;2021-05-08;203;154;99612;44820;30.4;13.7
41;2021-05-09;11;354;99623;45174;30.4;13.8
41;2021-05-10;1590;1556;101213;46730;30.9;14.3
41;2021-05-11;2087;2102;103300;48832;31.5;14.9
41;2021-05-12;1952;1677;105252;50509;32.1;15.4
41;2021-05-13;1486;948;106738;51457;32.6;15.7
41;2021-05-14;1577;1303;108315;52760;33.0;16.1
41;2021-05-15;206;294;108521;53054;33.1;16.2
41;2021-05-16;4;0;108525;53054;33.1;16.2
41;2021-05-17;2483;564;111008;53618;33.9;16.4
41;2021-05-18;3137;1030;114145;54648;34.8;16.7
41;2021-05-19;2553;675;116698;55323;35.6;16.9
41;2021-05-20;3349;1154;120047;56477;36.6;17.2
41;2021-05-21;2727;968;122774;57445;37.4;17.5
41;2021-05-22;397;237;123171;57682;37.6;17.6
41;2021-05-23;6;2;123177;57684;37.6;17.6
41;2021-05-24;2605;149;125782;57833;38.4;17.6
41;2021-05-25;2991;576;128773;58409;39.3;17.8
41;2021-05-26;3038;651;131811;59060;40.2;18.0
41;2021-05-27;3296;1112;135107;60172;41.2;18.4
41;2021-05-28;3143;979;138250;61151;42.2;18.7
41;2021-05-29;2074;429;140324;61580;42.8;18.8
41;2021-05-30;344;22;140668;61602;42.9;18.8
41;2021-05-31;1711;1505;142379;63107;43.4;19.2
41;2021-06-01;2262;2013;144641;65120;44.1;19.9
41;2021-06-02;1832;1289;146473;66409;44.7;20.3
41;2021-06-03;2597;1943;149070;68352;45.5;20.8
41;2021-06-04;2303;1965;151373;70317;46.2;21.4
41;2021-06-05;611;1583;151984;71900;46.4;21.9
41;2021-06-06;109;927;152093;72827;46.4;22.2
41;2021-06-07;1516;1532;153609;74359;46.9;22.7
41;2021-06-08;1713;2414;155322;76773;47.4;23.4
41;2021-06-09;1615;1641;156937;78414;47.9;23.9
41;2021-06-10;1917;1817;158854;80231;48.5;24.5
41;2021-06-11;1572;1795;160426;82026;48.9;25.0
41;2021-06-12;663;649;161089;82675;49.1;25.2
41;2021-06-13;13;77;161102;82752;49.1;25.2
41;2021-06-14;1269;1963;162371;84715;49.5;25.8
41;2021-06-15;1835;2762;164206;87477;50.1;26.7
41;2021-06-16;1725;2310;165931;89787;50.6;27.4
41;2021-06-17;1811;2576;167742;92363;51.2;28.2
41;2021-06-18;1665;2401;169407;94764;51.7;28.9
41;2021-06-19;412;530;169819;95294;51.8;29.1
41;2021-06-20;11;32;169830;95326;51.8;29.1
41;2021-06-21;1325;1781;171155;97107;52.2;29.6
41;2021-06-22;1619;2564;172774;99671;52.7;30.4
41;2021-06-23;1375;2045;174149;101716;53.1;31.0
41;2021-06-24;1483;2309;175632;104025;53.6;31.7
41;2021-06-25;1294;2617;176926;106642;54.0;32.5
41;2021-06-26;435;614;177361;107256;54.1;32.7
41;2021-06-27;1;4;177362;107260;54.1;32.7
41;2021-06-28;404;2697;177766;109957;54.2;33.5
41;2021-06-29;666;3441;178432;113398;54.4;34.6
41;2021-06-30;552;3068;178984;116466;54.6;35.5
41;2021-07-01;767;3106;179751;119572;54.8;36.5
41;2021-07-02;590;3499;180341;123071;55.0;37.5
41;2021-07-03;158;647;180499;123718;55.1;37.7
41;2021-07-04;2;2;180501;123720;55.1;37.7
41;2021-07-05;287;2819;180788;126539;55.1;38.6
41;2021-07-06;666;3635;181454;130174;55.3;39.7
41;2021-07-07;479;3140;181933;133314;55.5;40.7
41;2021-07-08;941;3369;182874;136683;55.8;41.7
41;2021-07-09;540;3641;183414;140324;55.9;42.8
41;2021-07-10;247;2088;183661;142412;56.0;43.4
41;2021-07-11;5;281;183666;142693;56.0;43.5
41;2021-07-12;862;2292;184528;144985;56.3;44.2
41;2021-07-13;1198;3288;185726;148273;56.7;45.2
41;2021-07-14;140;1080;185866;149353;56.7;45.6
41;2021-07-15;1335;3322;187201;152675;57.1;46.6
41;2021-07-16;1091;3391;188292;156066;57.4;47.6
41;2021-07-17;342;807;188634;156873;57.5;47.9
41;2021-07-18;24;32;188658;156905;57.5;47.9
41;2021-07-19;1190;2320;189848;159225;57.9;48.6
41;2021-07-20;1641;2744;191489;161969;58.4;49.4
41;2021-07-21;1708;2085;193197;164054;58.9;50.0
41;2021-07-22;2261;2299;195458;166353;59.6;50.7
41;2021-07-23;2103;2467;197561;168820;60.3;51.5
41;2021-07-24;329;841;197890;169661;60.4;51.8
41;2021-07-25;19;23;197909;169684;60.4;51.8
41;2021-07-26;1902;1679;199811;171363;60.9;52.3
41;2021-07-27;2535;2343;202346;173706;61.7;53.0
41;2021-07-28;2161;1830;204507;175536;62.4;53.5
41;2021-07-29;2345;2025;206852;177561;63.1;54.2
41;2021-07-30;2152;2086;209004;179647;63.8;54.8
41;2021-07-31;378;579;209382;180226;63.9;55.0
41;2021-08-01;19;7;209401;180233;63.9;55.0
41;2021-08-02;1546;1606;210947;181839;64.3;55.5
41;2021-08-03;2514;1858;213461;183697;65.1;56.0
41;2021-08-04;2298;1198;215759;184895;65.8;56.4
41;2021-08-05;3045;1262;218804;186157;66.7;56.8
41;2021-08-06;2211;1301;221015;187458;67.4;57.2
41;2021-08-07;509;347;221524;187805;67.6;57.3
41;2021-08-08;13;20;221537;187825;67.6;57.3
41;2021-08-09;1688;1356;223225;189181;68.1;57.7
41;2021-08-10;2562;1416;225787;190597;68.9;58.1
41;2021-08-11;1591;1439;227378;192036;69.4;58.6
41;2021-08-12;1935;1336;229313;193372;69.9;59.0
41;2021-08-13;1457;1694;230770;195066;70.4;59.5
41;2021-08-14;362;205;231132;195271;70.5;59.6
41;2021-08-15;0;16;231132;195287;70.5;59.6
41;2021-08-16;865;2069;231997;197356;70.8;60.2
41;2021-08-17;1498;1640;233495;198996;71.2;60.7
41;2021-08-18;1132;1968;234627;200964;71.6;61.3
41;2021-08-19;1308;1555;235935;202519;72.0;61.8
41;2021-08-20;915;2308;236850;204827;72.2;62.5
41;2021-08-21;120;227;236970;205054;72.3;62.5
41;2021-08-22;1;32;236971;205086;72.3;62.6
41;2021-08-23;691;2295;237662;207381;72.5;63.3
41;2021-08-24;1409;2304;239071;209685;72.9;64.0
41;2021-08-25;618;2200;239689;211885;73.1;64.6
41;2021-08-26;842;2819;240531;214704;73.4;65.5
41;2021-08-27;617;2759;241148;217463;73.6;66.3
41;2021-08-28;98;622;241246;218085;73.6;66.5
41;2021-08-29;46;23;241292;218108;73.6;66.5
41;2021-08-30;667;2114;241959;220222;73.8;67.2
41;2021-08-31;758;2591;242717;222813;74.0;68.0
42;2020-12-27;2;0;2;0;0.0;0.0
42;2020-12-28;0;0;2;0;0.0;0.0
42;2020-12-29;0;0;2;0;0.0;0.0
42;2020-12-30;0;0;2;0;0.0;0.0
42;2020-12-31;0;0;2;0;0.0;0.0
42;2021-01-01;0;0;2;0;0.0;0.0
42;2021-01-02;0;0;2;0;0.0;0.0
42;2021-01-03;0;0;2;0;0.0;0.0
42;2021-01-04;1;0;3;0;0.0;0.0
42;2021-01-05;1;0;4;0;0.0;0.0
42;2021-01-06;178;1;182;1;0.0;0.0
42;2021-01-07;256;0;438;1;0.1;0.0
42;2021-01-08;264;1;702;2;0.1;0.0
42;2021-01-09;136;0;838;2;0.1;0.0
42;2021-01-10;0;0;838;2;0.1;0.0
42;2021-01-11;293;2;1131;4;0.1;0.0
42;2021-01-12;412;1;1543;5;0.2;0.0
42;2021-01-13;527;2;2070;7;0.3;0.0
42;2021-01-14;773;4;2843;11;0.4;0.0
42;2021-01-15;705;4;3548;15;0.5;0.0
42;2021-01-16;298;2;3846;17;0.5;0.0
42;2021-01-17;219;0;4065;17;0.5;0.0
42;2021-01-18;968;1;5033;18;0.7;0.0
42;2021-01-19;1329;10;6362;28;0.8;0.0
42;2021-01-20;956;4;7318;32;1.0;0.0
42;2021-01-21;1020;6;8338;38;1.1;0.0
42;2021-01-22;992;6;9330;44;1.2;0.0
42;2021-01-23;401;0;9731;44;1.3;0.0
42;2021-01-24;358;0;10089;44;1.3;0.0
42;2021-01-25;1099;13;11188;57;1.5;0.0
42;2021-01-26;1746;19;12934;76;1.7;0.0
42;2021-01-27;1458;123;14392;199;1.9;0.0
42;2021-01-28;1667;143;16059;342;2.1;0.0
42;2021-01-29;946;118;17005;460;2.2;0.1
42;2021-01-30;257;109;17262;569;2.3;0.1
42;2021-01-31;258;2;17520;571;2.3;0.1
42;2021-02-01;736;62;18256;633;2.4;0.1
42;2021-02-02;1806;296;20062;929;2.6;0.1
42;2021-02-03;1517;486;21579;1415;2.8;0.2
42;2021-02-04;1282;610;22861;2025;3.0;0.3
42;2021-02-05;684;524;23545;2549;3.1;0.3
42;2021-02-06;303;146;23848;2695;3.1;0.4
42;2021-02-07;275;150;24123;2845;3.2;0.4
42;2021-02-08;508;612;24631;3457;3.2;0.5
42;2021-02-09;703;793;25334;4250;3.3;0.6
42;2021-02-10;741;682;26075;4932;3.4;0.6
42;2021-02-11;772;671;26847;5603;3.5;0.7
42;2021-02-12;675;750;27522;6353;3.6;0.8
42;2021-02-13;427;299;27949;6652;3.7;0.9
42;2021-02-14;186;220;28135;6872;3.7;0.9
42;2021-02-15;521;809;28656;7681;3.7;1.0
42;2021-02-16;490;1239;29146;8920;3.8;1.2
42;2021-02-17;518;1526;29664;10446;3.9;1.4
42;2021-02-18;755;1379;30419;11825;4.0;1.5
42;2021-02-19;767;1019;31186;12844;4.1;1.7
42;2021-02-20;248;422;31434;13266;4.1;1.7
42;2021-02-21;63;317;31497;13583;4.1;1.8
42;2021-02-22;575;957;32072;14540;4.2;1.9
42;2021-02-23;1209;1433;33281;15973;4.4;2.1
42;2021-02-24;1246;1221;34527;17194;4.5;2.2
42;2021-02-25;1666;1414;36193;18608;4.7;2.4
42;2021-02-26;1647;924;37840;19532;4.9;2.6
42;2021-02-27;580;291;38420;19823;5.0;2.6
42;2021-02-28;166;123;38586;19946;5.0;2.6
42;2021-03-01;807;845;39393;20791;5.2;2.7
42;2021-03-02;1276;817;40669;21608;5.3;2.8
42;2021-03-03;1366;801;42035;22409;5.5;2.9
42;2021-03-04;1705;723;43740;23132;5.7;3.0
42;2021-03-05;2625;673;46365;23805;6.1;3.1
42;2021-03-06;1932;268;48297;24073;6.3;3.1
42;2021-03-07;1491;93;49788;24166;6.5;3.2
42;2021-03-08;1405;515;51193;24681;6.7;3.2
42;2021-03-09;1984;458;53177;25139;7.0;3.3
42;2021-03-10;2053;504;55230;25643;7.2;3.4
42;2021-03-11;3048;618;58278;26261;7.6;3.4
42;2021-03-12;3008;832;61286;27093;8.0;3.5
42;2021-03-13;1479;368;62765;27461;8.2;3.6
42;2021-03-14;472;174;63237;27635;8.3;3.6
42;2021-03-15;1571;603;64808;28238;8.5;3.7
42;2021-03-16;1474;778;66282;29016;8.7;3.8
42;2021-03-17;1725;1081;68007;30097;8.9;3.9
42;2021-03-18;1804;1029;69811;31126;9.1;4.1
42;2021-03-19;2567;678;72378;31804;9.5;4.2
42;2021-03-20;1672;232;74050;32036;9.7;4.2
42;2021-03-21;526;99;74576;32135;9.8;4.2
42;2021-03-22;1427;736;76003;32871;9.9;4.3
42;2021-03-23;2507;867;78510;33738;10.3;4.4
42;2021-03-24;2783;784;81293;34522;10.6;4.5
42;2021-03-25;3720;939;85013;35461;11.1;4.6
42;2021-03-26;3760;790;88773;36251;11.6;4.7
42;2021-03-27;1806;451;90579;36702;11.8;4.8
42;2021-03-28;1040;216;91619;36918;12.0;4.8
42;2021-03-29;2062;926;93681;37844;12.3;4.9
42;2021-03-30;3144;866;96825;38710;12.7;5.1
42;2021-03-31;2443;1071;99268;39781;13.0;5.2
42;2021-04-01;3392;1052;102660;40833;13.4;5.3
42;2021-04-02;2849;1228;105509;42061;13.8;5.5
42;2021-04-03;1418;610;106927;42671;14.0;5.6
42;2021-04-04;1404;396;108331;43067;14.2;5.6
42;2021-04-05;1900;297;110231;43364;14.4;5.7
42;2021-04-06;2292;1417;112523;44781;14.7;5.9
42;2021-04-07;2760;1832;115283;46613;15.1;6.1
42;2021-04-08;4023;1596;119306;48209;15.6;6.3
42;2021-04-09;5135;1559;124441;49768;16.3;6.5
42;2021-04-10;2591;767;127032;50535;16.6;6.6
42;2021-04-11;1956;429;128988;50964;16.9;6.7
42;2021-04-12;3699;1552;132687;52516;17.4;6.9
42;2021-04-13;4658;1809;137345;54325;18.0;7.1
42;2021-04-14;4311;1903;141656;56228;18.5;7.4
42;2021-04-15;4810;1830;146466;58058;19.2;7.6
42;2021-04-16;4618;1892;151084;59950;19.8;7.8
42;2021-04-17;2982;1073;154066;61023;20.1;8.0
42;2021-04-18;1884;414;155950;61437;20.4;8.0
42;2021-04-19;3090;1537;159040;62974;20.8;8.2
42;2021-04-20;3468;1955;162508;64929;21.3;8.5
42;2021-04-21;3478;1747;165986;66676;21.7;8.7
42;2021-04-22;3769;1953;169755;68629;22.2;9.0
42;2021-04-23;3838;2013;173593;70642;22.7;9.2
42;2021-04-24;2363;1518;175956;72160;23.0;9.4
42;2021-04-25;1659;943;177615;73103;23.2;9.6
42;2021-04-26;3279;1734;180894;74837;23.7;9.8
42;2021-04-27;3257;2210;184151;77047;24.1;10.1
42;2021-04-28;3464;2625;187615;79672;24.5;10.4
42;2021-04-29;3770;2807;191385;82479;25.0;10.8
42;2021-04-30;3361;3035;194746;85514;25.5;11.2
42;2021-05-01;2969;1050;197715;86564;25.9;11.3
42;2021-05-02;1935;1260;199650;87824;26.1;11.5
42;2021-05-03;2869;2768;202519;90592;26.5;11.8
42;2021-05-04;3417;3133;205936;93725;26.9;12.3
42;2021-05-05;3327;3400;209263;97125;27.4;12.7
42;2021-05-06;3888;3770;213151;100895;27.9;13.2
42;2021-05-07;3729;4036;216880;104931;28.4;13.7
42;2021-05-08;3165;1071;220045;106002;28.8;13.9
42;2021-05-09;1505;2214;221550;108216;29.0;14.2
42;2021-05-10;3249;3827;224799;112043;29.4;14.7
42;2021-05-11;5575;3916;230374;115959;30.1;15.2
42;2021-05-12;5342;3568;235716;119527;30.8;15.6
42;2021-05-13;5454;1145;241170;120672;31.5;15.8
42;2021-05-14;5241;2927;246411;123599;32.2;16.2
42;2021-05-15;4881;2125;251292;125724;32.9;16.4
42;2021-05-16;2873;1037;254165;126761;33.2;16.6
42;2021-05-17;5888;2839;260053;129600;34.0;16.9
42;2021-05-18;6252;2982;266305;132582;34.8;17.3
42;2021-05-19;6524;2751;272829;135333;35.7;17.7
42;2021-05-20;7105;2898;279934;138231;36.6;18.1
42;2021-05-21;6351;3273;286285;141504;37.4;18.5
42;2021-05-22;5836;2132;292121;143636;38.2;18.8
42;2021-05-23;2835;873;294956;144509;38.6;18.9
42;2021-05-24;5252;1428;300208;145937;39.3;19.1
42;2021-05-25;5154;3943;305362;149880;39.9;19.6
42;2021-05-26;5162;3461;310524;153341;40.6;20.1
42;2021-05-27;5370;3638;315894;156979;41.3;20.5
42;2021-05-28;5041;4208;320935;161187;42.0;21.1
42;2021-05-29;4342;2986;325277;164173;42.5;21.5
42;2021-05-30;1981;1211;327258;165384;42.8;21.6
42;2021-05-31;4242;3426;331500;168810;43.3;22.1
42;2021-06-01;4593;3568;336093;172378;43.9;22.5
42;2021-06-02;4478;3019;340571;175397;44.5;22.9
42;2021-06-03;4930;3841;345501;179238;45.2;23.4
42;2021-06-04;4767;4220;350268;183458;45.8;24.0
42;2021-06-05;3689;2427;353957;185885;46.3;24.3
42;2021-06-06;1446;1295;355403;187180;46.5;24.5
42;2021-06-07;3991;3377;359394;190557;47.0;24.9
42;2021-06-08;3465;3248;362859;193805;47.4;25.3
42;2021-06-09;2963;3205;365822;197010;47.8;25.8
42;2021-06-10;3242;2938;369064;199948;48.3;26.1
42;2021-06-11;3588;4117;372652;204065;48.7;26.7
42;2021-06-12;2863;2881;375515;206946;49.1;27.1
42;2021-06-13;944;1278;376459;208224;49.2;27.2
42;2021-06-14;2314;4064;378773;212288;49.5;27.8
42;2021-06-15;2831;4071;381604;216359;49.9;28.3
42;2021-06-16;2924;3551;384528;219910;50.3;28.8
42;2021-06-17;2639;3741;387167;223651;50.6;29.2
42;2021-06-18;3093;5148;390260;228799;51.0;29.9
42;2021-06-19;2849;4244;393109;233043;51.4;30.5
42;2021-06-20;857;1844;393966;234887;51.5;30.7
42;2021-06-21;1907;6278;395873;241165;51.8;31.5
42;2021-06-22;1877;5894;397750;247059;52.0;32.3
42;2021-06-23;1845;5321;399595;252380;52.3;33.0
42;2021-06-24;1787;4685;401382;257065;52.5;33.6
42;2021-06-25;2039;6951;403421;264016;52.8;34.5
42;2021-06-26;1409;5820;404830;269836;52.9;35.3
42;2021-06-27;756;2856;405586;272692;53.0;35.7
42;2021-06-28;1744;7059;407330;279751;53.3;36.6
42;2021-06-29;1528;6566;408858;286317;53.5;37.4
42;2021-06-30;1968;5763;410826;292080;53.7;38.2
42;2021-07-01;1779;5120;412605;297200;54.0;38.9
42;2021-07-02;2049;6747;414654;303947;54.2;39.7
42;2021-07-03;1760;5978;416414;309925;54.5;40.5
42;2021-07-04;854;2513;417268;312438;54.6;40.9
42;2021-07-05;1716;6286;418984;318724;54.8;41.7
42;2021-07-06;2105;5577;421089;324301;55.1;42.4
42;2021-07-07;2337;4659;423426;328960;55.4;43.0
42;2021-07-08;2273;3959;425699;332919;55.7;43.5
42;2021-07-09;2416;6099;428115;339018;56.0;44.3
42;2021-07-10;1694;5582;429809;344600;56.2;45.1
42;2021-07-11;921;2304;430730;346904;56.3;45.4
42;2021-07-12;1777;6290;432507;353194;56.6;46.2
42;2021-07-13;3612;6286;436119;359480;57.0;47.0
42;2021-07-14;4479;2051;440598;361531;57.6;47.3
42;2021-07-15;4559;5629;445157;367160;58.2;48.0
42;2021-07-16;4442;6194;449599;373354;58.8;48.8
42;2021-07-17;3221;4703;452820;378057;59.2;49.4
42;2021-07-18;1839;1744;454659;379801;59.5;49.7
42;2021-07-19;3806;5079;458465;384880;60.0;50.3
42;2021-07-20;4719;4863;463184;389743;60.6;51.0
42;2021-07-21;5175;4717;468359;394460;61.2;51.6
42;2021-07-22;5498;3936;473857;398396;62.0;52.1
42;2021-07-23;5497;5113;479354;403509;62.7;52.8
42;2021-07-24;4036;3829;483390;407338;63.2;53.3
42;2021-07-25;1656;1387;485046;408725;63.4;53.4
42;2021-07-26;4733;4327;489779;413052;64.0;54.0
42;2021-07-27;5330;3960;495109;417012;64.7;54.5
42;2021-07-28;5783;3671;500892;420683;65.5;55.0
42;2021-07-29;5678;3434;506570;424117;66.2;55.5
42;2021-07-30;5130;3773;511700;427890;66.9;56.0
42;2021-07-31;4757;3053;516457;430943;67.5;56.4
42;2021-08-01;2498;1312;518955;432255;67.9;56.5
42;2021-08-02;4356;3113;523311;435368;68.4;56.9
42;2021-08-03;3818;3277;527129;438645;68.9;57.4
42;2021-08-04;3468;3223;530597;441868;69.4;57.8
42;2021-08-05;3401;3315;533998;445183;69.8;58.2
42;2021-08-06;3617;3995;537615;449178;70.3;58.7
42;2021-08-07;3018;3063;540633;452241;70.7;59.1
42;2021-08-08;1196;1713;541829;453954;70.9;59.4
42;2021-08-09;2798;3851;544627;457805;71.2;59.9
42;2021-08-10;3261;3905;547888;461710;71.6;60.4
42;2021-08-11;2578;3520;550466;465230;72.0;60.8
42;2021-08-12;2504;3562;552970;468792;72.3;61.3
42;2021-08-13;2306;3905;555276;472697;72.6;61.8
42;2021-08-14;1636;3263;556912;475960;72.8;62.2
42;2021-08-15;596;1027;557508;476987;72.9;62.4
42;2021-08-16;2059;4564;559567;481551;73.2;63.0
42;2021-08-17;2235;4171;561802;485722;73.5;63.5
42;2021-08-18;2029;4142;563831;489864;73.7;64.1
42;2021-08-19;1920;3369;565751;493233;74.0;64.5
42;2021-08-20;2263;4596;568014;497829;74.3;65.1
42;2021-08-21;1078;3860;569092;501689;74.4;65.6
42;2021-08-22;494;2019;569586;503708;74.5;65.9
42;2021-08-23;1618;4662;571204;508370;74.7;66.5
42;2021-08-24;1730;4034;572934;512404;74.9;67.0
42;2021-08-25;1738;3879;574672;516283;75.1;67.5
42;2021-08-26;1434;3035;576106;519318;75.3;67.9
42;2021-08-27;1768;4548;577874;523866;75.6;68.5
42;2021-08-28;1299;3698;579173;527564;75.7;69.0
42;2021-08-29;376;1426;579549;528990;75.8;69.2
42;2021-08-30;1274;3409;580823;532399;76.0;69.6
42;2021-08-31;1232;2836;582055;535235;76.1;70.0
43;2020-12-27;0;0;0;0;0.0;0.0
43;2020-12-28;0;0;0;0;0.0;0.0
43;2020-12-29;0;0;0;0;0.0;0.0
43;2020-12-30;0;0;0;0;0.0;0.0
43;2020-12-31;0;0;0;0;0.0;0.0
43;2021-01-01;0;0;0;0;0.0;0.0
43;2021-01-02;0;0;0;0;0.0;0.0
43;2021-01-03;0;0;0;0;0.0;0.0
43;2021-01-04;2;0;2;0;0.0;0.0
43;2021-01-05;0;0;2;0;0.0;0.0
43;2021-01-06;0;0;2;0;0.0;0.0
43;2021-01-07;167;0;169;0;0.1;0.0
43;2021-01-08;151;1;320;1;0.1;0.0
43;2021-01-09;0;0;320;1;0.1;0.0
43;2021-01-10;0;0;320;1;0.1;0.0
43;2021-01-11;137;0;457;1;0.2;0.0
43;2021-01-12;244;1;701;2;0.3;0.0
43;2021-01-13;244;2;945;4;0.4;0.0
43;2021-01-14;294;2;1239;6;0.5;0.0
43;2021-01-15;303;2;1542;8;0.7;0.0
43;2021-01-16;32;0;1574;8;0.7;0.0
43;2021-01-17;0;0;1574;8;0.7;0.0
43;2021-01-18;761;5;2335;13;1.0;0.0
43;2021-01-19;776;7;3111;20;1.4;0.0
43;2021-01-20;519;1;3630;21;1.6;0.0
43;2021-01-21;446;2;4076;23;1.8;0.0
43;2021-01-22;465;7;4541;30;2.0;0.0
43;2021-01-23;1;0;4542;30;2.0;0.0
43;2021-01-24;1;0;4543;30;2.0;0.0
43;2021-01-25;539;0;5082;30;2.2;0.0
43;2021-01-26;615;5;5697;35;2.5;0.0
43;2021-01-27;740;0;6437;35;2.8;0.0
43;2021-01-28;747;30;7184;65;3.2;0.0
43;2021-01-29;720;84;7904;149;3.5;0.1
43;2021-01-30;109;0;8013;149;3.5;0.1
43;2021-01-31;0;0;8013;149;3.5;0.1
43;2021-02-01;404;101;8417;250;3.7;0.1
43;2021-02-02;716;149;9133;399;4.0;0.2
43;2021-02-03;690;43;9823;442;4.3;0.2
43;2021-02-04;524;157;10347;599;4.6;0.3
43;2021-02-05;544;170;10891;769;4.8;0.3
43;2021-02-06;165;19;11056;788;4.9;0.3
43;2021-02-07;0;0;11056;788;4.9;0.3
43;2021-02-08;411;303;11467;1091;5.1;0.5
43;2021-02-09;369;432;11836;1523;5.2;0.7
43;2021-02-10;400;361;12236;1884;5.4;0.8
43;2021-02-11;388;396;12624;2280;5.6;1.0
43;2021-02-12;425;199;13049;2479;5.8;1.1
43;2021-02-13;570;41;13619;2520;6.0;1.1
43;2021-02-14;0;0;13619;2520;6.0;1.1
43;2021-02-15;68;470;13687;2990;6.0;1.3
43;2021-02-16;41;372;13728;3362;6.1;1.5
43;2021-02-17;87;480;13815;3842;6.1;1.7
43;2021-02-18;147;377;13962;4219;6.2;1.9
43;2021-02-19;278;508;14240;4727;6.3;2.1
43;2021-02-20;22;4;14262;4731;6.3;2.1
43;2021-02-21;0;0;14262;4731;6.3;2.1
43;2021-02-22;16;491;14278;5222;6.3;2.3
43;2021-02-23;202;794;14480;6016;6.4;2.7
43;2021-02-24;147;725;14627;6741;6.4;3.0
43;2021-02-25;227;693;14854;7434;6.5;3.3
43;2021-02-26;222;669;15076;8103;6.6;3.6
43;2021-02-27;138;76;15214;8179;6.7;3.6
43;2021-02-28;1;0;15215;8179;6.7;3.6
43;2021-03-01;210;481;15425;8660;6.8;3.8
43;2021-03-02;342;579;15767;9239;6.9;4.1
43;2021-03-03;338;588;16105;9827;7.1;4.3
43;2021-03-04;551;464;16656;10291;7.3;4.5
43;2021-03-05;566;453;17222;10744;7.6;4.7
43;2021-03-06;489;179;17711;10923;7.8;4.8
43;2021-03-07;12;0;17723;10923;7.8;4.8
43;2021-03-08;446;446;18169;11369;8.0;5.0
43;2021-03-09;621;359;18790;11728;8.3;5.2
43;2021-03-10;674;503;19464;12231;8.6;5.4
43;2021-03-11;953;442;20417;12673;9.0;5.6
43;2021-03-12;945;427;21362;13100;9.4;5.8
43;2021-03-13;792;118;22154;13218;9.8;5.8
43;2021-03-14;2;0;22156;13218;9.8;5.8
43;2021-03-15;706;142;22862;13360;10.1;5.9
43;2021-03-16;848;287;23710;13647;10.4;6.0
43;2021-03-17;638;136;24348;13783;10.7;6.1
43;2021-03-18;676;139;25024;13922;11.0;6.1
43;2021-03-19;839;108;25863;14030;11.4;6.2
43;2021-03-20;450;60;26313;14090;11.6;6.2
43;2021-03-21;0;0;26313;14090;11.6;6.2
43;2021-03-22;744;41;27057;14131;11.9;6.2
43;2021-03-23;872;48;27929;14179;12.3;6.2
43;2021-03-24;1174;94;29103;14273;12.8;6.3
43;2021-03-25;1594;154;30697;14427;13.5;6.4
43;2021-03-26;1609;187;32306;14614;14.2;6.4
43;2021-03-27;1449;78;33755;14692;14.9;6.5
43;2021-03-28;420;20;34175;14712;15.1;6.5
43;2021-03-29;1095;171;35270;14883;15.5;6.6
43;2021-03-30;1313;242;36583;15125;16.1;6.7
43;2021-03-31;1305;263;37888;15388;16.7;6.8
43;2021-04-01;1346;341;39234;15729;17.3;6.9
43;2021-04-02;1052;354;40286;16083;17.8;7.1
43;2021-04-03;340;198;40626;16281;17.9;7.2
43;2021-04-04;0;0;40626;16281;17.9;7.2
43;2021-04-05;3;0;40629;16281;17.9;7.2
43;2021-04-06;688;604;41317;16885;18.2;7.4
43;2021-04-07;868;574;42185;17459;18.6;7.7
43;2021-04-08;1087;463;43272;17922;19.1;7.9
43;2021-04-09;1148;660;44420;18582;19.6;8.2
43;2021-04-10;626;264;45046;18846;19.9;8.3
43;2021-04-11;0;0;45046;18846;19.9;8.3
43;2021-04-12;682;651;45728;19497;20.2;8.6
43;2021-04-13;917;725;46645;20222;20.6;8.9
43;2021-04-14;725;668;47370;20890;20.9;9.2
43;2021-04-15;959;700;48329;21590;21.3;9.5
43;2021-04-16;1009;693;49338;22283;21.7;9.8
43;2021-04-17;423;302;49761;22585;21.9;10.0
43;2021-04-18;3;5;49764;22590;21.9;10.0
43;2021-04-19;629;568;50393;23158;22.2;10.2
43;2021-04-20;840;675;51233;23833;22.6;10.5
43;2021-04-21;320;986;51553;24819;22.7;10.9
43;2021-04-22;680;1015;52233;25834;23.0;11.4
43;2021-04-23;401;1102;52634;26936;23.2;11.9
43;2021-04-24;347;1040;52981;27976;23.3;12.3
43;2021-04-25;23;403;53004;28379;23.4;12.5
43;2021-04-26;386;965;53390;29344;23.5;12.9
43;2021-04-27;825;987;54215;30331;23.9;13.4
43;2021-04-28;794;1106;55009;31437;24.2;13.9
43;2021-04-29;1238;1141;56247;32578;24.8;14.4
43;2021-04-30;1199;1066;57446;33644;25.3;14.8
43;2021-05-01;400;27;57846;33671;25.5;14.8
43;2021-05-02;1;0;57847;33671;25.5;14.8
43;2021-05-03;1218;408;59065;34079;26.0;15.0
43;2021-05-04;1236;953;60301;35032;26.6;15.4
43;2021-05-05;1144;848;61445;35880;27.1;15.8
43;2021-05-06;1404;937;62849;36817;27.7;16.2
43;2021-05-07;1088;1172;63937;37989;28.2;16.7
43;2021-05-08;520;136;64457;38125;28.4;16.8
43;2021-05-09;0;2;64457;38127;28.4;16.8
43;2021-05-10;1085;725;65542;38852;28.9;17.1
43;2021-05-11;1554;1008;67096;39860;29.6;17.6
43;2021-05-12;1481;808;68577;40668;30.2;17.9
43;2021-05-13;936;379;69513;41047;30.6;18.1
43;2021-05-14;2204;1110;71717;42157;31.6;18.6
43;2021-05-15;1271;316;72988;42473;32.2;18.7
43;2021-05-16;272;47;73260;42520;32.3;18.7
43;2021-05-17;1625;630;74885;43150;33.0;19.0
43;2021-05-18;1966;675;76851;43825;33.9;19.3
43;2021-05-19;2065;574;78916;44399;34.8;19.6
43;2021-05-20;2338;806;81254;45205;35.8;19.9
43;2021-05-21;2385;708;83639;45913;36.9;20.2
43;2021-05-22;1209;341;84848;46254;37.4;20.4
43;2021-05-23;1;0;84849;46254;37.4;20.4
43;2021-05-24;382;99;85231;46353;37.6;20.4
43;2021-05-25;1408;653;86639;47006;38.2;20.7
43;2021-05-26;1349;560;87988;47566;38.8;21.0
43;2021-05-27;1390;714;89378;48280;39.4;21.3
43;2021-05-28;1348;734;90726;49014;40.0;21.6
43;2021-05-29;1135;604;91861;49618;40.5;21.9
43;2021-05-30;149;17;92010;49635;40.6;21.9
43;2021-05-31;1208;442;93218;50077;41.1;22.1
43;2021-06-01;1279;985;94497;51062;41.6;22.5
43;2021-06-02;1086;700;95583;51762;42.1;22.8
43;2021-06-03;1193;858;96776;52620;42.7;23.2
43;2021-06-04;1351;858;98127;53478;43.2;23.6
43;2021-06-05;824;454;98951;53932;43.6;23.8
43;2021-06-06;10;5;98961;53937;43.6;23.8
43;2021-06-07;748;518;99709;54455;43.9;24.0
43;2021-06-08;664;705;100373;55160;44.2;24.3
43;2021-06-09;539;761;100912;55921;44.5;24.6
43;2021-06-10;808;1120;101720;57041;44.8;25.1
43;2021-06-11;760;1348;102480;58389;45.2;25.7
43;2021-06-12;914;514;103394;58903;45.6;26.0
43;2021-06-13;3;27;103397;58930;45.6;26.0
43;2021-06-14;446;1088;103843;60018;45.8;26.5
43;2021-06-15;630;1195;104473;61213;46.0;27.0
43;2021-06-16;549;975;105022;62188;46.3;27.4
43;2021-06-17;602;1503;105624;63691;46.6;28.1
43;2021-06-18;899;1464;106523;65155;46.9;28.7
43;2021-06-19;448;782;106971;65937;47.1;29.1
43;2021-06-20;0;12;106971;65949;47.1;29.1
43;2021-06-21;424;1307;107395;67256;47.3;29.6
43;2021-06-22;533;1960;107928;69216;47.6;30.5
43;2021-06-23;343;1743;108271;70959;47.7;31.3
43;2021-06-24;512;1494;108783;72453;47.9;31.9
43;2021-06-25;597;2345;109380;74798;48.2;33.0
43;2021-06-26;505;1245;109885;76043;48.4;33.5
43;2021-06-27;10;20;109895;76063;48.4;33.5
43;2021-06-28;341;1785;110236;77848;48.6;34.3
43;2021-06-29;524;2382;110760;80230;48.8;35.4
43;2021-06-30;460;2275;111220;82505;49.0;36.4
43;2021-07-01;473;1910;111693;84415;49.2;37.2
43;2021-07-02;499;1964;112192;86379;49.4;38.1
43;2021-07-03;258;1108;112450;87487;49.6;38.6
43;2021-07-04;1;0;112451;87487;49.6;38.6
43;2021-07-05;526;1202;112977;88689;49.8;39.1
43;2021-07-06;633;1680;113610;90369;50.1;39.8
43;2021-07-07;525;1423;114135;91792;50.3;40.5
43;2021-07-08;837;1418;114972;93210;50.7;41.1
43;2021-07-09;550;1500;115522;94710;50.9;41.7
43;2021-07-10;401;1337;115923;96047;51.1;42.3
43;2021-07-11;23;99;115946;96146;51.1;42.4
43;2021-07-12;602;1685;116548;97831;51.4;43.1
43;2021-07-13;1186;1848;117734;99679;51.9;43.9
43;2021-07-14;848;159;118582;99838;52.3;44.0
43;2021-07-15;1932;1841;120514;101679;53.1;44.8
43;2021-07-16;1752;1617;122266;103296;53.9;45.5
43;2021-07-17;1545;1198;123811;104494;54.6;46.1
43;2021-07-18;4;19;123815;104513;54.6;46.1
43;2021-07-19;1439;1257;125254;105770;55.2;46.6
43;2021-07-20;1894;1451;127148;107221;56.0;47.3
43;2021-07-21;1850;1111;128998;108332;56.9;47.7
43;2021-07-22;2109;1331;131107;109663;57.8;48.3
43;2021-07-23;1618;1324;132725;110987;58.5;48.9
43;2021-07-24;577;1001;133302;111988;58.7;49.4
43;2021-07-25;0;1;133302;111989;58.7;49.4
43;2021-07-26;1642;1071;134944;113060;59.5;49.8
43;2021-07-27;2282;1222;137226;114282;60.5;50.4
43;2021-07-28;1953;1089;139179;115371;61.3;50.8
43;2021-07-29;1987;1016;141166;116387;62.2;51.3
43;2021-07-30;1866;1337;143032;117724;63.0;51.9
43;2021-07-31;704;609;143736;118333;63.3;52.2
43;2021-08-01;13;20;143749;118353;63.4;52.2
43;2021-08-02;1539;969;145288;119322;64.0;52.6
43;2021-08-03;1401;1165;146689;120487;64.6;53.1
43;2021-08-04;1258;1107;147947;121594;65.2;53.6
43;2021-08-05;1252;1283;149199;122877;65.8;54.2
43;2021-08-06;1128;1471;150327;124348;66.3;54.8
43;2021-08-07;495;751;150822;125099;66.5;55.1
43;2021-08-08;5;0;150827;125099;66.5;55.1
43;2021-08-09;819;1635;151646;126734;66.8;55.9
43;2021-08-10;1021;1584;152667;128318;67.3;56.6
43;2021-08-11;678;1343;153345;129661;67.6;57.1
43;2021-08-12;871;1601;154216;131262;68.0;57.8
43;2021-08-13;629;1179;154845;132441;68.2;58.4
43;2021-08-14;332;547;155177;132988;68.4;58.6
43;2021-08-15;3;9;155180;132997;68.4;58.6
43;2021-08-16;681;1674;155861;134671;68.7;59.4
43;2021-08-17;711;1507;156572;136178;69.0;60.0
43;2021-08-18;556;1513;157128;137691;69.2;60.7
43;2021-08-19;642;1611;157770;139302;69.5;61.4
43;2021-08-20;516;1594;158286;140896;69.8;62.1
43;2021-08-21;237;556;158523;141452;69.9;62.3
43;2021-08-22;6;7;158529;141459;69.9;62.3
43;2021-08-23;499;1586;159028;143045;70.1;63.0
43;2021-08-24;514;1391;159542;144436;70.3;63.7
43;2021-08-25;510;1294;160052;145730;70.5;64.2
43;2021-08-26;473;1138;160525;146868;70.7;64.7
43;2021-08-27;528;1356;161053;148224;71.0;65.3
43;2021-08-28;176;497;161229;148721;71.1;65.5
43;2021-08-29;0;1;161229;148722;71.1;65.5
43;2021-08-30;484;1060;161713;149782;71.3;66.0
43;2021-08-31;374;884;162087;150666;71.4;66.4
44;2020-12-27;1;0;1;0;0.0;0.0
44;2020-12-28;1;0;2;0;0.0;0.0
44;2020-12-29;1;0;3;0;0.0;0.0
44;2020-12-30;1;0;4;0;0.0;0.0
44;2020-12-31;1;0;5;0;0.0;0.0
44;2021-01-01;0;0;5;0;0.0;0.0
44;2021-01-02;0;0;5;0;0.0;0.0
44;2021-01-03;3;0;8;0;0.0;0.0
44;2021-01-04;0;0;8;0;0.0;0.0
44;2021-01-05;1;0;9;0;0.0;0.0
44;2021-01-06;20;1;29;1;0.0;0.0
44;2021-01-07;187;0;216;1;0.0;0.0
44;2021-01-08;528;0;744;1;0.1;0.0
44;2021-01-09;473;0;1217;1;0.1;0.0
44;2021-01-10;455;1;1672;2;0.1;0.0
44;2021-01-11;802;1;2474;3;0.2;0.0
44;2021-01-12;906;1;3380;4;0.2;0.0
44;2021-01-13;1087;1;4467;5;0.3;0.0
44;2021-01-14;1115;7;5582;12;0.4;0.0
44;2021-01-15;987;1;6569;13;0.5;0.0
44;2021-01-16;335;2;6904;15;0.5;0.0
44;2021-01-17;328;1;7232;16;0.5;0.0
44;2021-01-18;856;3;8088;19;0.6;0.0
44;2021-01-19;2622;5;10710;24;0.7;0.0
44;2021-01-20;2740;4;13450;28;0.9;0.0
44;2021-01-21;4533;8;17983;36;1.3;0.0
44;2021-01-22;2416;6;20399;42;1.4;0.0
44;2021-01-23;767;1;21166;43;1.5;0.0
44;2021-01-24;119;0;21285;43;1.5;0.0
44;2021-01-25;832;0;22117;43;1.5;0.0
44;2021-01-26;2563;19;24680;62;1.7;0.0
44;2021-01-27;2097;63;26777;125;1.9;0.0
44;2021-01-28;3733;193;30510;318;2.1;0.0
44;2021-01-29;2370;482;32880;800;2.3;0.1
44;2021-01-30;628;209;33508;1009;2.3;0.1
44;2021-01-31;14;204;33522;1213;2.3;0.1
44;2021-02-01;593;540;34115;1753;2.4;0.1
44;2021-02-02;878;750;34993;2503;2.4;0.2
44;2021-02-03;890;884;35883;3387;2.5;0.2
44;2021-02-04;937;720;36820;4107;2.6;0.3
44;2021-02-05;895;621;37715;4728;2.6;0.3
44;2021-02-06;467;265;38182;4993;2.7;0.3
44;2021-02-07;72;200;38254;5193;2.7;0.4
44;2021-02-08;521;452;38775;5645;2.7;0.4
44;2021-02-09;992;1245;39767;6890;2.8;0.5
44;2021-02-10;1142;1302;40909;8192;2.8;0.6
44;2021-02-11;2289;3044;43198;11236;3.0;0.8
44;2021-02-12;1663;1755;44861;12991;3.1;0.9
44;2021-02-13;433;502;45294;13493;3.2;0.9
44;2021-02-14;10;177;45304;13670;3.2;1.0
44;2021-02-15;505;1086;45809;14756;3.2;1.0
44;2021-02-16;1440;2544;47249;17300;3.3;1.2
44;2021-02-17;1104;2159;48353;19459;3.4;1.4
44;2021-02-18;1959;3699;50312;23158;3.5;1.6
44;2021-02-19;1579;2519;51891;25677;3.6;1.8
44;2021-02-20;408;637;52299;26314;3.6;1.8
44;2021-02-21;6;177;52305;26491;3.6;1.8
44;2021-02-22;717;824;53022;27315;3.7;1.9
44;2021-02-23;1246;1114;54268;28429;3.8;2.0
44;2021-02-24;1239;1087;55507;29516;3.9;2.1
44;2021-02-25;2444;1072;57951;30588;4.0;2.1
44;2021-02-26;2291;945;60242;31533;4.2;2.2
44;2021-02-27;976;445;61218;31978;4.3;2.2
44;2021-02-28;7;32;61225;32010;4.3;2.2
44;2021-03-01;989;561;62214;32571;4.3;2.3
44;2021-03-02;1805;1045;64019;33616;4.5;2.3
44;2021-03-03;1861;1132;65880;34748;4.6;2.4
44;2021-03-04;2881;1579;68761;36327;4.8;2.5
44;2021-03-05;3481;1330;72242;37657;5.0;2.6
44;2021-03-06;2508;493;74750;38150;5.2;2.7
44;2021-03-07;988;89;75738;38239;5.3;2.7
44;2021-03-08;1785;612;77523;38851;5.4;2.7
44;2021-03-09;3353;1150;80876;40001;5.6;2.8
44;2021-03-10;3079;1116;83955;41117;5.8;2.9
44;2021-03-11;4439;1794;88394;42911;6.2;3.0
44;2021-03-12;5893;1311;94287;44222;6.6;3.1
44;2021-03-13;3632;300;97919;44522;6.8;3.1
44;2021-03-14;431;63;98350;44585;6.8;3.1
44;2021-03-15;2688;373;101038;44958;7.0;3.1
44;2021-03-16;2149;631;103187;45589;7.2;3.2
44;2021-03-17;1966;677;105153;46266;7.3;3.2
44;2021-03-18;2169;643;107322;46909;7.5;3.3
44;2021-03-19;3787;367;111109;47276;7.7;3.3
44;2021-03-20;3212;296;114321;47572;8.0;3.3
44;2021-03-21;914;19;115235;47591;8.0;3.3
44;2021-03-22;2462;445;117697;48036;8.2;3.3
44;2021-03-23;3960;704;121657;48740;8.5;3.4
44;2021-03-24;4303;633;125960;49373;8.8;3.4
44;2021-03-25;5625;931;131585;50304;9.2;3.5
44;2021-03-26;6506;761;138091;51065;9.6;3.6
44;2021-03-27;3216;427;141307;51492;9.8;3.6
44;2021-03-28;1244;39;142551;51531;9.9;3.6
44;2021-03-29;3122;790;145673;52321;10.1;3.6
44;2021-03-30;5137;1117;150810;53438;10.5;3.7
44;2021-03-31;4613;1309;155423;54747;10.8;3.8
44;2021-04-01;6137;1008;161560;55755;11.2;3.9
44;2021-04-02;5795;959;167355;56714;11.6;3.9
44;2021-04-03;2435;651;169790;57365;11.8;4.0
44;2021-04-04;665;21;170455;57386;11.9;4.0
44;2021-04-05;692;287;171147;57673;11.9;4.0
44;2021-04-06;4212;1377;175359;59050;12.2;4.1
44;2021-04-07;5077;1653;180436;60703;12.6;4.2
44;2021-04-08;7179;1665;187615;62368;13.1;4.3
44;2021-04-09;10067;1816;197682;64184;13.8;4.5
44;2021-04-10;4563;1454;202245;65638;14.1;4.6
44;2021-04-11;2149;429;204394;66067;14.2;4.6
44;2021-04-12;5466;1590;209860;67657;14.6;4.7
44;2021-04-13;6729;2260;216589;69917;15.1;4.9
44;2021-04-14;5911;2239;222500;72156;15.5;5.0
44;2021-04-15;6702;2212;229202;74368;15.9;5.2
44;2021-04-16;7784;2047;236986;76415;16.5;5.3
44;2021-04-17;4301;1382;241287;77797;16.8;5.4
44;2021-04-18;2254;819;243541;78616;16.9;5.5
44;2021-04-19;5045;1906;248586;80522;17.3;5.6
44;2021-04-20;6281;2647;254867;83169;17.7;5.8
44;2021-04-21;6007;2786;260874;85955;18.2;6.0
44;2021-04-22;6960;2514;267834;88469;18.6;6.2
44;2021-04-23;7335;3179;275169;91648;19.1;6.4
44;2021-04-24;3971;2047;279140;93695;19.4;6.5
44;2021-04-25;2076;1058;281216;94753;19.6;6.6
44;2021-04-26;5652;2761;286868;97514;20.0;6.8
44;2021-04-27;7420;4110;294288;101624;20.5;7.1
44;2021-04-28;7608;3787;301896;105411;21.0;7.3
44;2021-04-29;8966;4281;310862;109692;21.6;7.6
44;2021-04-30;9568;4698;320430;114390;22.3;8.0
44;2021-05-01;2849;925;323279;115315;22.5;8.0
44;2021-05-02;1901;619;325180;115934;22.6;8.1
44;2021-05-03;5548;4077;330728;120011;23.0;8.4
44;2021-05-04;6331;5140;337059;125151;23.5;8.7
44;2021-05-05;6071;4624;343130;129775;23.9;9.0
44;2021-05-06;7256;4886;350386;134661;24.4;9.4
44;2021-05-07;7453;5719;357839;140380;24.9;9.8
44;2021-05-08;2583;1267;360422;141647;25.1;9.9
44;2021-05-09;1801;1814;362223;143461;25.2;10.0
44;2021-05-10;6574;5774;368797;149235;25.7;10.4
44;2021-05-11;7788;6271;376585;155506;26.2;10.8
44;2021-05-12;8196;5723;384781;161229;26.8;11.2
44;2021-05-13;5304;1191;390085;162420;27.1;11.3
44;2021-05-14;7587;3978;397672;166398;27.7;11.6
44;2021-05-15;5008;2234;402680;168632;28.0;11.7
44;2021-05-16;2795;742;405475;169374;28.2;11.8
44;2021-05-17;6745;5151;412220;174525;28.7;12.1
44;2021-05-18;7966;5237;420186;179762;29.2;12.5
44;2021-05-19;8167;4290;428353;184052;29.8;12.8
44;2021-05-20;8365;4650;436718;188702;30.4;13.1
44;2021-05-21;8837;5220;445555;193922;31.0;13.5
44;2021-05-22;5099;2233;450654;196155;31.4;13.6
44;2021-05-23;1759;824;452413;196979;31.5;13.7
44;2021-05-24;4887;1619;457300;198598;31.8;13.8
44;2021-05-25;7741;5548;465041;204146;32.4;14.2
44;2021-05-26;8183;5045;473224;209191;32.9;14.6
44;2021-05-27;9660;5357;482884;214548;33.6;14.9
44;2021-05-28;9187;6913;492071;221461;34.2;15.4
44;2021-05-29;5886;3334;497957;224795;34.6;15.6
44;2021-05-30;1775;705;499732;225500;34.8;15.7
44;2021-05-31;8062;6188;507794;231688;35.3;16.1
44;2021-06-01;9906;6559;517700;238247;36.0;16.6
44;2021-06-02;9527;5696;527227;243943;36.7;17.0
44;2021-06-03;10864;5891;538091;249834;37.4;17.4
44;2021-06-04;9962;8073;548053;257907;38.1;17.9
44;2021-06-05;5781;4344;553834;262251;38.5;18.2
44;2021-06-06;2363;1130;556197;263381;38.7;18.3
44;2021-06-07;9554;6936;565751;270317;39.4;18.8
44;2021-06-08;10913;7502;576664;277819;40.1;19.3
44;2021-06-09;10557;6330;587221;284149;40.9;19.8
44;2021-06-10;11428;6042;598649;290191;41.7;20.2
44;2021-06-11;11958;8648;610607;298839;42.5;20.8
44;2021-06-12;7767;4093;618374;302932;43.0;21.1
44;2021-06-13;2793;1007;621167;303939;43.2;21.1
44;2021-06-14;8767;8411;629934;312350;43.8;21.7
44;2021-06-15;11710;8259;641644;320609;44.6;22.3
44;2021-06-16;10979;7655;652623;328264;45.4;22.8
44;2021-06-17;11733;8685;664356;336949;46.2;23.4
44;2021-06-18;10902;10109;675258;347058;47.0;24.1
44;2021-06-19;5884;4325;681142;351383;47.4;24.5
44;2021-06-20;2534;1340;683676;352723;47.6;24.5
44;2021-06-21;7353;10012;691029;362735;48.1;25.2
44;2021-06-22;8467;10630;699496;373365;48.7;26.0
44;2021-06-23;8555;9135;708051;382500;49.3;26.6
44;2021-06-24;9125;8569;717176;391069;49.9;27.2
44;2021-06-25;7647;10818;724823;401887;50.4;28.0
44;2021-06-26;2961;6471;727784;408358;50.6;28.4
44;2021-06-27;817;2406;728601;410764;50.7;28.6
44;2021-06-28;5230;10057;733831;420821;51.1;29.3
44;2021-06-29;6182;12088;740013;432909;51.5;30.1
44;2021-06-30;6182;10451;746195;443360;51.9;30.9
44;2021-07-01;6932;10488;753127;453848;52.4;31.6
44;2021-07-02;6693;12555;759820;466403;52.9;32.5
44;2021-07-03;2583;7003;762403;473406;53.1;32.9
44;2021-07-04;995;2236;763398;475642;53.1;33.1
44;2021-07-05;5320;11875;768718;487517;53.5;33.9
44;2021-07-06;6058;12600;774776;500117;53.9;34.8
44;2021-07-07;6494;11099;781270;511216;54.4;35.6
44;2021-07-08;7386;11960;788656;523176;54.9;36.4
44;2021-07-09;6258;14255;794914;537431;55.3;37.4
44;2021-07-10;2439;7008;797353;544439;55.5;37.9
44;2021-07-11;730;2262;798083;546701;55.5;38.0
44;2021-07-12;4393;14056;802476;560757;55.8;39.0
44;2021-07-13;5751;14851;808227;575608;56.2;40.1
44;2021-07-14;3668;5809;811895;581417;56.5;40.5
44;2021-07-15;7221;14289;819116;595706;57.0;41.5
44;2021-07-16;8212;14995;827328;610701;57.6;42.5
44;2021-07-17;3372;7577;830700;618278;57.8;43.0
44;2021-07-18;1434;2547;832134;620825;57.9;43.2
44;2021-07-19;4859;14692;836993;635517;58.2;44.2
44;2021-07-20;6011;15677;843004;651194;58.7;45.3
44;2021-07-21;5841;13985;848845;665179;59.1;46.3
44;2021-07-22;6717;13749;855562;678928;59.5;47.2
44;2021-07-23;6156;15640;861718;694568;60.0;48.3
44;2021-07-24;2847;8718;864565;703286;60.2;48.9
44;2021-07-25;945;3089;865510;706375;60.2;49.2
44;2021-07-26;6069;12690;871579;719065;60.6;50.0
44;2021-07-27;9686;12189;881265;731254;61.3;50.9
44;2021-07-28;9235;10846;890500;742100;62.0;51.6
44;2021-07-29;10266;10840;900766;752940;62.7;52.4
44;2021-07-30;9149;10928;909915;763868;63.3;53.2
44;2021-07-31;4772;5649;914687;769517;63.6;53.5
44;2021-08-01;2564;1408;917251;770925;63.8;53.6
44;2021-08-02;6342;9476;923593;780401;64.3;54.3
44;2021-08-03;8374;8542;931967;788943;64.8;54.9
44;2021-08-04;9055;6982;941022;795925;65.5;55.4
44;2021-08-05;11509;7518;952531;803443;66.3;55.9
44;2021-08-06;9640;8205;962171;811648;67.0;56.5
44;2021-08-07;4557;3701;966728;815349;67.3;56.7
44;2021-08-08;2533;1726;969261;817075;67.4;56.9
44;2021-08-09;8863;7977;978124;825052;68.1;57.4
44;2021-08-10;10227;7610;988351;832662;68.8;57.9
44;2021-08-11;10324;6786;998675;839448;69.5;58.4
44;2021-08-12;10292;7347;1008967;846795;70.2;58.9
44;2021-08-13;8309;6152;1017276;852947;70.8;59.4
44;2021-08-14;3189;3224;1020465;856171;71.0;59.6
44;2021-08-15;708;929;1021173;857100;71.1;59.6
44;2021-08-16;5830;8298;1027003;865398;71.5;60.2
44;2021-08-17;5564;8180;1032567;873578;71.8;60.8
44;2021-08-18;4798;7610;1037365;881188;72.2;61.3
44;2021-08-19;4932;8343;1042297;889531;72.5;61.9
44;2021-08-20;4474;8912;1046771;898443;72.8;62.5
44;2021-08-21;1943;4611;1048714;903054;73.0;62.8
44;2021-08-22;697;2441;1049411;905495;73.0;63.0
44;2021-08-23;3636;9423;1053047;914918;73.3;63.7
44;2021-08-24;3618;8695;1056665;923613;73.5;64.3
44;2021-08-25;3122;8578;1059787;932191;73.7;64.9
44;2021-08-26;2923;10331;1062710;942522;73.9;65.6
44;2021-08-27;3054;10447;1065764;952969;74.2;66.3
44;2021-08-28;1367;5849;1067131;958818;74.3;66.7
44;2021-08-29;561;2708;1067692;961526;74.3;66.9
44;2021-08-30;2637;10956;1070329;972482;74.5;67.7
44;2021-08-31;2777;11209;1073106;983691;74.7;68.4
45;2020-12-27;0;0;0;0;0.0;0.0
45;2020-12-28;1;0;1;0;0.0;0.0
45;2020-12-29;0;0;1;0;0.0;0.0
45;2020-12-30;0;0;1;0;0.0;0.0
45;2020-12-31;1;0;2;0;0.0;0.0
45;2021-01-01;0;0;2;0;0.0;0.0
45;2021-01-02;0;0;2;0;0.0;0.0
45;2021-01-03;0;0;2;0;0.0;0.0
45;2021-01-04;0;0;2;0;0.0;0.0
45;2021-01-05;76;0;78;0;0.0;0.0
45;2021-01-06;68;0;146;0;0.0;0.0
45;2021-01-07;207;0;353;0;0.1;0.0
45;2021-01-08;199;1;552;1;0.1;0.0
45;2021-01-09;42;0;594;1;0.1;0.0
45;2021-01-10;23;0;617;1;0.1;0.0
45;2021-01-11;254;0;871;1;0.1;0.0
45;2021-01-12;680;3;1551;4;0.2;0.0
45;2021-01-13;496;1;2047;5;0.3;0.0
45;2021-01-14;491;39;2538;44;0.4;0.0
45;2021-01-15;391;3;2929;47;0.4;0.0
45;2021-01-16;39;0;2968;47;0.4;0.0
45;2021-01-17;24;0;2992;47;0.4;0.0
45;2021-01-18;814;1;3806;48;0.6;0.0
45;2021-01-19;1196;6;5002;54;0.7;0.0
45;2021-01-20;2118;12;7120;66;1.0;0.0
45;2021-01-21;2523;6;9643;72;1.4;0.0
45;2021-01-22;1409;4;11052;76;1.6;0.0
45;2021-01-23;124;0;11176;76;1.6;0.0
45;2021-01-24;39;0;11215;76;1.6;0.0
45;2021-01-25;557;3;11772;79;1.7;0.0
45;2021-01-26;870;18;12642;97;1.9;0.0
45;2021-01-27;650;45;13292;142;1.9;0.0
45;2021-01-28;882;210;14174;352;2.1;0.1
45;2021-01-29;578;122;14752;474;2.2;0.1
45;2021-01-30;40;41;14792;515;2.2;0.1
45;2021-01-31;37;23;14829;538;2.2;0.1
45;2021-02-01;462;206;15291;744;2.2;0.1
45;2021-02-02;759;465;16050;1209;2.4;0.2
45;2021-02-03;773;475;16823;1684;2.5;0.2
45;2021-02-04;709;267;17532;1951;2.6;0.3
45;2021-02-05;417;151;17949;2102;2.6;0.3
45;2021-02-06;36;28;17985;2130;2.6;0.3
45;2021-02-07;7;31;17992;2161;2.6;0.3
45;2021-02-08;455;193;18447;2354;2.7;0.3
45;2021-02-09;1006;411;19453;2765;2.8;0.4
45;2021-02-10;1280;803;20733;3568;3.0;0.5
45;2021-02-11;1385;1523;22118;5091;3.2;0.7
45;2021-02-12;1052;1134;23170;6225;3.4;0.9
45;2021-02-13;85;158;23255;6383;3.4;0.9
45;2021-02-14;39;11;23294;6394;3.4;0.9
45;2021-02-15;523;595;23817;6989;3.5;1.0
45;2021-02-16;756;926;24573;7915;3.6;1.2
45;2021-02-17;642;1028;25215;8943;3.7;1.3
45;2021-02-18;841;840;26056;9783;3.8;1.4
45;2021-02-19;828;758;26884;10541;3.9;1.5
45;2021-02-20;59;94;26943;10635;3.9;1.6
45;2021-02-21;17;44;26960;10679;3.9;1.6
45;2021-02-22;408;625;27368;11304;4.0;1.7
45;2021-02-23;815;782;28183;12086;4.1;1.8
45;2021-02-24;651;910;28834;12996;4.2;1.9
45;2021-02-25;962;770;29796;13766;4.4;2.0
45;2021-02-26;1044;679;30840;14445;4.5;2.1
45;2021-02-27;290;52;31130;14497;4.6;2.1
45;2021-02-28;28;5;31158;14502;4.6;2.1
45;2021-03-01;534;334;31692;14836;4.6;2.2
45;2021-03-02;671;719;32363;15555;4.7;2.3
45;2021-03-03;982;892;33345;16447;4.9;2.4
45;2021-03-04;1108;988;34453;17435;5.0;2.6
45;2021-03-05;1444;866;35897;18301;5.3;2.7
45;2021-03-06;2019;133;37916;18434;5.6;2.7
45;2021-03-07;143;59;38059;18493;5.6;2.7
45;2021-03-08;752;848;38811;19341;5.7;2.8
45;2021-03-09;1256;716;40067;20057;5.9;2.9
45;2021-03-10;1592;903;41659;20960;6.1;3.1
45;2021-03-11;1721;753;43380;21713;6.4;3.2
45;2021-03-12;2073;611;45453;22324;6.7;3.3
45;2021-03-13;988;47;46441;22371;6.8;3.3
45;2021-03-14;24;43;46465;22414;6.8;3.3
45;2021-03-15;810;596;47275;23010;6.9;3.4
45;2021-03-16;942;837;48217;23847;7.1;3.5
45;2021-03-17;1053;688;49270;24535;7.2;3.6
45;2021-03-18;998;583;50268;25118;7.4;3.7
45;2021-03-19;1619;428;51887;25546;7.6;3.7
45;2021-03-20;498;80;52385;25626;7.7;3.8
45;2021-03-21;20;35;52405;25661;7.7;3.8
45;2021-03-22;914;529;53319;26190;7.8;3.8
45;2021-03-23;1984;724;55303;26914;8.1;3.9
45;2021-03-24;1897;554;57200;27468;8.4;4.0
45;2021-03-25;2983;453;60183;27921;8.8;4.1
45;2021-03-26;3389;486;63572;28407;9.3;4.2
45;2021-03-27;1796;123;65368;28530;9.6;4.2
45;2021-03-28;89;40;65457;28570;9.6;4.2
45;2021-03-29;1530;540;66987;29110;9.8;4.3
45;2021-03-30;2785;784;69772;29894;10.2;4.4
45;2021-03-31;2134;581;71906;30475;10.5;4.5
45;2021-04-01;2973;568;74879;31043;11.0;4.5
45;2021-04-02;2827;515;77706;31558;11.4;4.6
45;2021-04-03;810;73;78516;31631;11.5;4.6
45;2021-04-04;113;33;78629;31664;11.5;4.6
45;2021-04-05;14;2;78643;31666;11.5;4.6
45;2021-04-06;1735;794;80378;32460;11.8;4.8
45;2021-04-07;1774;1113;82152;33573;12.0;4.9
45;2021-04-08;2773;1020;84925;34593;12.4;5.1
45;2021-04-09;3675;647;88600;35240;13.0;5.2
45;2021-04-10;2323;111;90923;35351;13.3;5.2
45;2021-04-11;153;24;91076;35375;13.3;5.2
45;2021-04-12;2607;669;93683;36044;13.7;5.3
45;2021-04-13;3848;1091;97531;37135;14.3;5.4
45;2021-04-14;2930;1224;100461;38359;14.7;5.6
45;2021-04-15;3519;1037;103980;39396;15.2;5.8
45;2021-04-16;3775;686;107755;40082;15.8;5.9
45;2021-04-17;1614;113;109369;40195;16.0;5.9
45;2021-04-18;200;42;109569;40237;16.0;5.9
45;2021-04-19;1937;948;111506;41185;16.3;6.0
45;2021-04-20;3075;1700;114581;42885;16.8;6.3
45;2021-04-21;2722;1305;117303;44190;17.2;6.5
45;2021-04-22;3423;1841;120726;46031;17.7;6.7
45;2021-04-23;3279;1786;124005;47817;18.2;7.0
45;2021-04-24;2023;868;126028;48685;18.5;7.1
45;2021-04-25;291;86;126319;48771;18.5;7.1
45;2021-04-26;2230;1164;128549;49935;18.8;7.3
45;2021-04-27;3353;2352;131902;52287;19.3;7.7
45;2021-04-28;2803;1948;134705;54235;19.7;7.9
45;2021-04-29;3854;2339;138559;56574;20.3;8.3
45;2021-04-30;4391;1810;142950;58384;20.9;8.5
45;2021-05-01;451;61;143401;58445;21.0;8.6
45;2021-05-02;627;122;144028;58567;21.1;8.6
45;2021-05-03;2821;991;146849;59558;21.5;8.7
45;2021-05-04;3160;2349;150009;61907;22.0;9.1
45;2021-05-05;2716;2164;152725;64071;22.4;9.4
45;2021-05-06;3330;2541;156055;66612;22.9;9.8
45;2021-05-07;2873;3197;158928;69809;23.3;10.2
45;2021-05-08;611;250;159539;70059;23.4;10.3
45;2021-05-09;1498;127;161037;70186;23.6;10.3
45;2021-05-10;4142;2977;165179;73163;24.2;10.7
45;2021-05-11;5030;2970;170209;76133;24.9;11.1
45;2021-05-12;6078;2781;176287;78914;25.8;11.6
45;2021-05-13;2450;597;178737;79511;26.2;11.6
45;2021-05-14;4968;1633;183705;81144;26.9;11.9
45;2021-05-15;4066;616;187771;81760;27.5;12.0
45;2021-05-16;289;33;188060;81793;27.5;12.0
45;2021-05-17;3360;1540;191420;83333;28.0;12.2
45;2021-05-18;5118;1681;196538;85014;28.8;12.4
45;2021-05-19;4495;2063;201033;87077;29.4;12.8
45;2021-05-20;5268;2140;206301;89217;30.2;13.1
45;2021-05-21;5144;2228;211445;91445;31.0;13.4
45;2021-05-22;3042;632;214487;92077;31.4;13.5
45;2021-05-23;15;94;214502;92171;31.4;13.5
45;2021-05-24;2827;211;217329;92382;31.8;13.5
45;2021-05-25;4962;3033;222291;95415;32.6;14.0
45;2021-05-26;5115;2337;227406;97752;33.3;14.3
45;2021-05-27;5310;3239;232716;100991;34.1;14.8
45;2021-05-28;5663;3593;238379;104584;34.9;15.3
45;2021-05-29;3671;1290;242050;105874;35.4;15.5
45;2021-05-30;33;182;242083;106056;35.4;15.5
45;2021-05-31;4330;2517;246413;108573;36.1;15.9
45;2021-06-01;6092;3004;252505;111577;37.0;16.3
45;2021-06-02;4945;3109;257450;114686;37.7;16.8
45;2021-06-03;5620;3209;263070;117895;38.5;17.3
45;2021-06-04;5896;3187;268966;121082;39.4;17.7
45;2021-06-05;2033;1337;270999;122419;39.7;17.9
45;2021-06-06;88;198;271087;122617;39.7;18.0
45;2021-06-07;4081;2724;275168;125341;40.3;18.4
45;2021-06-08;4643;4077;279811;129418;41.0;19.0
45;2021-06-09;4359;3343;284170;132761;41.6;19.4
45;2021-06-10;4649;2687;288819;135448;42.3;19.8
45;2021-06-11;4120;3669;292939;139117;42.9;20.4
45;2021-06-12;2440;1508;295379;140625;43.3;20.6
45;2021-06-13;21;424;295400;141049;43.3;20.7
45;2021-06-14;3140;4154;298540;145203;43.7;21.3
45;2021-06-15;3388;4327;301928;149530;44.2;21.9
45;2021-06-16;3904;3455;305832;152985;44.8;22.4
45;2021-06-17;3525;3538;309357;156523;45.3;22.9
45;2021-06-18;3799;5031;313156;161554;45.9;23.7
45;2021-06-19;2395;1761;315551;163315;46.2;23.9
45;2021-06-20;48;142;315599;163457;46.2;23.9
45;2021-06-21;2162;5850;317761;169307;46.5;24.8
45;2021-06-22;2419;6531;320180;175838;46.9;25.7
45;2021-06-23;2284;5601;322464;181439;47.2;26.6
45;2021-06-24;2136;3532;324600;184971;47.5;27.1
45;2021-06-25;2444;6450;327044;191421;47.9;28.0
45;2021-06-26;1947;3094;328991;194515;48.2;28.5
45;2021-06-27;53;138;329044;194653;48.2;28.5
45;2021-06-28;2080;4835;331124;199488;48.5;29.2
45;2021-06-29;2847;6816;333971;206304;48.9;30.2
45;2021-06-30;2887;5852;336858;212156;49.3;31.1
45;2021-07-01;2400;5039;339258;217195;49.7;31.8
45;2021-07-02;2369;6283;341627;223478;50.0;32.7
45;2021-07-03;755;2542;342382;226020;50.1;33.1
45;2021-07-04;6;12;342388;226032;50.1;33.1
45;2021-07-05;2140;4989;344528;231021;50.5;33.8
45;2021-07-06;2805;6780;347333;237801;50.9;34.8
45;2021-07-07;2449;6060;349782;243861;51.2;35.7
45;2021-07-08;2825;5382;352607;249243;51.6;36.5
45;2021-07-09;2147;6987;354754;256230;51.9;37.5
45;2021-07-10;1547;3863;356301;260093;52.2;38.1
45;2021-07-11;24;31;356325;260124;52.2;38.1
45;2021-07-12;1590;5996;357915;266120;52.4;39.0
45;2021-07-13;3010;8235;360925;274355;52.9;40.2
45;2021-07-14;1474;1520;362399;275875;53.1;40.4
45;2021-07-15;3733;7290;366132;283165;53.6;41.5
45;2021-07-16;3256;7443;369388;290608;54.1;42.6
45;2021-07-17;1285;2333;370673;292941;54.3;42.9
45;2021-07-18;15;19;370688;292960;54.3;42.9
45;2021-07-19;1868;5941;372556;298901;54.6;43.8
45;2021-07-20;4758;6905;377314;305806;55.3;44.8
45;2021-07-21;5177;5476;382491;311282;56.0;45.6
45;2021-07-22;6179;4903;388670;316185;56.9;46.3
45;2021-07-23;4259;5482;392929;321667;57.5;47.1
45;2021-07-24;1861;2822;394790;324489;57.8;47.5
45;2021-07-25;5;14;394795;324503;57.8;47.5
45;2021-07-26;2915;4982;397710;329485;58.2;48.2
45;2021-07-27;5461;5078;403171;334563;59.0;49.0
45;2021-07-28;4989;4170;408160;338733;59.8;49.6
45;2021-07-29;5277;3254;413437;341987;60.5;50.1
45;2021-07-30;4757;4709;418194;346696;61.2;50.8
45;2021-07-31;848;1949;419042;348645;61.4;51.1
45;2021-08-01;2;4;419044;348649;61.4;51.1
45;2021-08-02;3612;3247;422656;351896;61.9;51.5
45;2021-08-03;4873;3010;427529;354906;62.6;52.0
45;2021-08-04;3735;2232;431264;357138;63.2;52.3
45;2021-08-05;3308;2637;434572;359775;63.6;52.7
45;2021-08-06;3745;3264;438317;363039;64.2;53.2
45;2021-08-07;1680;1048;439997;364087;64.4;53.3
45;2021-08-08;6;18;440003;364105;64.4;53.3
45;2021-08-09;2593;3015;442596;367120;64.8;53.8
45;2021-08-10;3498;3805;446094;370925;65.3;54.3
45;2021-08-11;2693;3718;448787;374643;65.7;54.9
45;2021-08-12;2089;3447;450876;378090;66.0;55.4
45;2021-08-13;1733;4221;452609;382311;66.3;56.0
45;2021-08-14;678;955;453287;383266;66.4;56.1
45;2021-08-15;58;30;453345;383296;66.4;56.1
45;2021-08-16;1148;2314;454493;385610;66.6;56.5
45;2021-08-17;1852;3447;456345;389057;66.8;57.0
45;2021-08-18;1774;4047;458119;393104;67.1;57.6
45;2021-08-19;1433;4270;459552;397374;67.3;58.2
45;2021-08-20;1389;3681;460941;401055;67.5;58.7
45;2021-08-21;900;1150;461841;402205;67.6;58.9
45;2021-08-22;4;8;461845;402213;67.6;58.9
45;2021-08-23;1324;4238;463169;406451;67.8;59.5
45;2021-08-24;1730;4514;464899;410965;68.1;60.2
45;2021-08-25;1577;3718;466476;414683;68.3;60.7
45;2021-08-26;1003;3446;467479;418129;68.5;61.2
45;2021-08-27;1384;4973;468863;423102;68.7;62.0
45;2021-08-28;868;2025;469731;425127;68.8;62.3
45;2021-08-29;99;37;469830;425164;68.8;62.3
45;2021-08-30;1211;4079;471041;429243;69.0;62.9
45;2021-08-31;1055;4478;472096;433721;69.1;63.5
46;2020-12-27;4;0;4;0;0.0;0.0
46;2020-12-28;0;0;4;0;0.0;0.0
46;2020-12-29;0;0;4;0;0.0;0.0
46;2020-12-30;0;0;4;0;0.0;0.0
46;2020-12-31;0;0;4;0;0.0;0.0
46;2021-01-01;0;0;4;0;0.0;0.0
46;2021-01-02;0;0;4;0;0.0;0.0
46;2021-01-03;1;0;5;0;0.0;0.0
46;2021-01-04;0;0;5;0;0.0;0.0
46;2021-01-05;0;0;5;0;0.0;0.0
46;2021-01-06;3;0;8;0;0.0;0.0
46;2021-01-07;136;0;144;0;0.1;0.0
46;2021-01-08;181;0;325;0;0.2;0.0
46;2021-01-09;1;0;326;0;0.2;0.0
46;2021-01-10;2;0;328;0;0.2;0.0
46;2021-01-11;118;0;446;0;0.3;0.0
46;2021-01-12;140;0;586;0;0.3;0.0
46;2021-01-13;234;0;820;0;0.5;0.0
46;2021-01-14;239;2;1059;2;0.6;0.0
46;2021-01-15;305;2;1364;4;0.8;0.0
46;2021-01-16;18;0;1382;4;0.8;0.0
46;2021-01-17;0;0;1382;4;0.8;0.0
46;2021-01-18;274;2;1656;6;1.0;0.0
46;2021-01-19;389;0;2045;6;1.2;0.0
46;2021-01-20;937;2;2982;8;1.7;0.0
46;2021-01-21;996;0;3978;8;2.3;0.0
46;2021-01-22;390;2;4368;10;2.5;0.0
46;2021-01-23;0;0;4368;10;2.5;0.0
46;2021-01-24;0;0;4368;10;2.5;0.0
46;2021-01-25;203;1;4571;11;2.6;0.0
46;2021-01-26;262;1;4833;12;2.8;0.0
46;2021-01-27;277;0;5110;12;3.0;0.0
46;2021-01-28;278;43;5388;55;3.1;0.0
46;2021-01-29;233;92;5621;147;3.2;0.1
46;2021-01-30;1;0;5622;147;3.2;0.1
46;2021-01-31;1;0;5623;147;3.2;0.1
46;2021-02-01;234;173;5857;320;3.4;0.2
46;2021-02-02;210;237;6067;557;3.5;0.3
46;2021-02-03;227;97;6294;654;3.6;0.4
46;2021-02-04;372;86;6666;740;3.8;0.4
46;2021-02-05;226;177;6892;917;4.0;0.5
46;2021-02-06;9;0;6901;917;4.0;0.5
46;2021-02-07;43;0;6944;917;4.0;0.5
46;2021-02-08;197;156;7141;1073;4.1;0.6
46;2021-02-09;271;225;7412;1298;4.3;0.7
46;2021-02-10;280;543;7692;1841;4.4;1.1
46;2021-02-11;655;557;8347;2398;4.8;1.4
46;2021-02-12;322;341;8669;2739;5.0;1.6
46;2021-02-13;2;0;8671;2739;5.0;1.6
46;2021-02-14;0;62;8671;2801;5.0;1.6
46;2021-02-15;195;292;8866;3093;5.1;1.8
46;2021-02-16;218;281;9084;3374;5.2;1.9
46;2021-02-17;200;328;9284;3702;5.4;2.1
46;2021-02-18;336;265;9620;3967;5.6;2.3
46;2021-02-19;277;233;9897;4200;5.7;2.4
46;2021-02-20;0;0;9897;4200;5.7;2.4
46;2021-02-21;1;0;9898;4200;5.7;2.4
46;2021-02-22;132;189;10030;4389;5.8;2.5
46;2021-02-23;225;165;10255;4554;5.9;2.6
46;2021-02-24;179;325;10434;4879;6.0;2.8
46;2021-02-25;247;337;10681;5216;6.2;3.0
46;2021-02-26;401;344;11082;5560;6.4;3.2
46;2021-02-27;120;1;11202;5561;6.5;3.2
46;2021-02-28;0;3;11202;5564;6.5;3.2
46;2021-03-01;169;180;11371;5744;6.6;3.3
46;2021-03-02;406;231;11777;5975;6.8;3.5
46;2021-03-03;458;330;12235;6305;7.1;3.6
46;2021-03-04;607;455;12842;6760;7.4;3.9
46;2021-03-05;809;364;13651;7124;7.9;4.1
46;2021-03-06;476;17;14127;7141;8.2;4.1
46;2021-03-07;101;19;14228;7160;8.2;4.1
46;2021-03-08;349;249;14577;7409;8.4;4.3
46;2021-03-09;746;270;15323;7679;8.8;4.4
46;2021-03-10;685;248;16008;7927;9.2;4.6
46;2021-03-11;851;255;16859;8182;9.7;4.7
46;2021-03-12;927;228;17786;8410;10.3;4.9
46;2021-03-13;512;3;18298;8413;10.6;4.9
46;2021-03-14;0;0;18298;8413;10.6;4.9
46;2021-03-15;505;166;18803;8579;10.9;5.0
46;2021-03-16;752;175;19555;8754;11.3;5.1
46;2021-03-17;671;202;20226;8956;11.7;5.2
46;2021-03-18;758;214;20984;9170;12.1;5.3
46;2021-03-19;810;149;21794;9319;12.6;5.4
46;2021-03-20;292;3;22086;9322;12.8;5.4
46;2021-03-21;2;0;22088;9322;12.8;5.4
46;2021-03-22;555;241;22643;9563;13.1;5.5
46;2021-03-23;702;212;23345;9775;13.5;5.6
46;2021-03-24;674;239;24019;10014;13.9;5.8
46;2021-03-25;1134;183;25153;10197;14.5;5.9
46;2021-03-26;1025;341;26178;10538;15.1;6.1
46;2021-03-27;420;72;26598;10610;15.4;6.1
46;2021-03-28;127;1;26725;10611;15.4;6.1
46;2021-03-29;733;253;27458;10864;15.9;6.3
46;2021-03-30;767;365;28225;11229;16.3;6.5
46;2021-03-31;865;421;29090;11650;16.8;6.7
46;2021-04-01;1171;345;30261;11995;17.5;6.9
46;2021-04-02;924;396;31185;12391;18.0;7.2
46;2021-04-03;167;165;31352;12556;18.1;7.3
46;2021-04-04;0;71;31352;12627;18.1;7.3
46;2021-04-05;3;0;31355;12627;18.1;7.3
46;2021-04-06;545;518;31900;13145;18.4;7.6
46;2021-04-07;785;645;32685;13790;18.9;8.0
46;2021-04-08;962;541;33647;14331;19.4;8.3
46;2021-04-09;1018;506;34665;14837;20.0;8.6
46;2021-04-10;506;208;35171;15045;20.3;8.7
46;2021-04-11;232;1;35403;15046;20.4;8.7
46;2021-04-12;845;546;36248;15592;20.9;9.0
46;2021-04-13;1187;718;37435;16310;21.6;9.4
46;2021-04-14;1535;614;38970;16924;22.5;9.8
46;2021-04-15;1502;664;40472;17588;23.4;10.2
46;2021-04-16;1585;567;42057;18155;24.3;10.5
46;2021-04-17;994;135;43051;18290;24.9;10.6
46;2021-04-18;516;9;43567;18299;25.2;10.6
46;2021-04-19;1070;573;44637;18872;25.8;10.9
46;2021-04-20;1229;727;45866;19599;26.5;11.3
46;2021-04-21;1230;713;47096;20312;27.2;11.7
46;2021-04-22;1392;728;48488;21040;28.0;12.2
46;2021-04-23;1132;731;49620;21771;28.7;12.6
46;2021-04-24;472;19;50092;21790;28.9;12.6
46;2021-04-25;351;11;50443;21801;29.1;12.6
46;2021-04-26;852;730;51295;22531;29.6;13.0
46;2021-04-27;1221;665;52516;23196;30.3;13.4
46;2021-04-28;1289;668;53805;23864;31.1;13.8
46;2021-04-29;1416;524;55221;24388;31.9;14.1
46;2021-04-30;1438;563;56659;24951;32.7;14.4
46;2021-05-01;697;73;57356;25024;33.1;14.5
46;2021-05-02;346;4;57702;25028;33.3;14.5
46;2021-05-03;853;569;58555;25597;33.8;14.8
46;2021-05-04;1037;1063;59592;26660;34.4;15.4
46;2021-05-05;1374;788;60966;27448;35.2;15.9
46;2021-05-06;1376;742;62342;28190;36.0;16.3
46;2021-05-07;1398;792;63740;28982;36.8;16.7
46;2021-05-08;280;411;64020;29393;37.0;17.0
46;2021-05-09;23;225;64043;29618;37.0;17.1
46;2021-05-10;517;1139;64560;30757;37.3;17.8
46;2021-05-11;1034;1256;65594;32013;37.9;18.5
46;2021-05-12;993;1564;66587;33577;38.5;19.4
46;2021-05-13;600;144;67187;33721;38.8;19.5
46;2021-05-14;959;1097;68146;34818;39.4;20.1
46;2021-05-15;254;654;68400;35472;39.5;20.5
46;2021-05-16;78;297;68478;35769;39.5;20.7
46;2021-05-17;653;959;69131;36728;39.9;21.2
46;2021-05-18;1404;1024;70535;37752;40.7;21.8
46;2021-05-19;1306;904;71841;38656;41.5;22.3
46;2021-05-20;1453;815;73294;39471;42.3;22.8
46;2021-05-21;997;1158;74291;40629;42.9;23.5
46;2021-05-22;147;369;74438;40998;43.0;23.7
46;2021-05-23;450;25;74888;41023;43.2;23.7
46;2021-05-24;411;113;75299;41136;43.5;23.8
46;2021-05-25;961;1332;76260;42468;44.0;24.5
46;2021-05-26;1238;1150;77498;43618;44.8;25.2
46;2021-05-27;1432;1194;78930;44812;45.6;25.9
46;2021-05-28;1428;1211;80358;46023;46.4;26.6
46;2021-05-29;1052;399;81410;46422;47.0;26.8
46;2021-05-30;409;40;81819;46462;47.2;26.8
46;2021-05-31;970;976;82789;47438;47.8;27.4
46;2021-06-01;1277;999;84066;48437;48.5;28.0
46;2021-06-02;1321;1117;85387;49554;49.3;28.6
46;2021-06-03;1418;1011;86805;50565;50.1;29.2
46;2021-06-04;1332;978;88137;51543;50.9;29.8
46;2021-06-05;381;414;88518;51957;51.1;30.0
46;2021-06-06;209;96;88727;52053;51.2;30.1
46;2021-06-07;814;617;89541;52670;51.7;30.4
46;2021-06-08;1020;896;90561;53566;52.3;30.9
46;2021-06-09;1504;974;92065;54540;53.2;31.5
46;2021-06-10;982;852;93047;55392;53.7;32.0
46;2021-06-11;970;1322;94017;56714;54.3;32.8
46;2021-06-12;459;549;94476;57263;54.6;33.1
46;2021-06-13;27;86;94503;57349;54.6;33.1
46;2021-06-14;593;1137;95096;58486;54.9;33.8
46;2021-06-15;751;1248;95847;59734;55.3;34.5
46;2021-06-16;1001;1112;96848;60846;55.9;35.1
46;2021-06-17;527;897;97375;61743;56.2;35.7
46;2021-06-18;658;1255;98033;62998;56.6;36.4
46;2021-06-19;457;313;98490;63311;56.9;36.6
46;2021-06-20;39;161;98529;63472;56.9;36.7
46;2021-06-21;428;945;98957;64417;57.1;37.2
46;2021-06-22;350;1178;99307;65595;57.3;37.9
46;2021-06-23;520;1075;99827;66670;57.6;38.5
46;2021-06-24;251;821;100078;67491;57.8;39.0
46;2021-06-25;491;1118;100569;68609;58.1;39.6
46;2021-06-26;397;552;100966;69161;58.3;39.9
46;2021-06-27;3;4;100969;69165;58.3;39.9
46;2021-06-28;315;1338;101284;70503;58.5;40.7
46;2021-06-29;376;1682;101660;72185;58.7;41.7
46;2021-06-30;512;1578;102172;73763;59.0;42.6
46;2021-07-01;487;1153;102659;74916;59.3;43.3
46;2021-07-02;468;1085;103127;76001;59.6;43.9
46;2021-07-03;124;455;103251;76456;59.6;44.2
46;2021-07-04;58;127;103309;76583;59.7;44.2
46;2021-07-05;346;1188;103655;77771;59.9;44.9
46;2021-07-06;448;1458;104103;79229;60.1;45.8
46;2021-07-07;583;1729;104686;80958;60.5;46.8
46;2021-07-08;339;1165;105025;82123;60.6;47.4
46;2021-07-09;395;1707;105420;83830;60.9;48.4
46;2021-07-10;285;1040;105705;84870;61.0;49.0
46;2021-07-11;15;375;105720;85245;61.1;49.2
46;2021-07-12;248;1261;105968;86506;61.2;50.0
46;2021-07-13;626;1672;106594;88178;61.6;50.9
46;2021-07-14;73;144;106667;88322;61.6;51.0
46;2021-07-15;917;1467;107584;89789;62.1;51.9
46;2021-07-16;766;1396;108350;91185;62.6;52.7
46;2021-07-17;363;539;108713;91724;62.8;53.0
46;2021-07-18;2;0;108715;91724;62.8;53.0
46;2021-07-19;730;1189;109445;92913;63.2;53.7
46;2021-07-20;983;1436;110428;94349;63.8;54.5
46;2021-07-21;1002;1379;111430;95728;64.3;55.3
46;2021-07-22;1404;1117;112834;96845;65.2;55.9
46;2021-07-23;767;1322;113601;98167;65.6;56.7
46;2021-07-24;956;664;114557;98831;66.2;57.1
46;2021-07-25;136;17;114693;98848;66.2;57.1
46;2021-07-26;881;879;115574;99727;66.7;57.6
46;2021-07-27;1218;978;116792;100705;67.4;58.2
46;2021-07-28;1284;1113;118076;101818;68.2;58.8
46;2021-07-29;1579;849;119655;102667;69.1;59.3
46;2021-07-30;1926;954;121581;103621;70.2;59.8
46;2021-07-31;951;657;122532;104278;70.8;60.2
46;2021-08-01;11;3;122543;104281;70.8;60.2
46;2021-08-02;973;589;123516;104870;71.3;60.6
46;2021-08-03;1361;679;124877;105549;72.1;61.0
46;2021-08-04;1738;606;126615;106155;73.1;61.3
46;2021-08-05;1384;846;127999;107001;73.9;61.8
46;2021-08-06;1419;846;129418;107847;74.7;62.3
46;2021-08-07;707;542;130125;108389;75.1;62.6
46;2021-08-08;129;67;130254;108456;75.2;62.6
46;2021-08-09;1016;694;131270;109150;75.8;63.0
46;2021-08-10;1193;890;132463;110040;76.5;63.5
46;2021-08-11;1241;1067;133704;111107;77.2;64.2
46;2021-08-12;988;799;134692;111906;77.8;64.6
46;2021-08-13;945;999;135637;112905;78.3;65.2
46;2021-08-14;584;777;136221;113682;78.7;65.6
46;2021-08-15;8;27;136229;113709;78.7;65.7
46;2021-08-16;793;804;137022;114513;79.1;66.1
46;2021-08-17;881;1289;137903;115802;79.6;66.9
46;2021-08-18;771;1050;138674;116852;80.1;67.5
46;2021-08-19;668;1360;139342;118212;80.5;68.3
46;2021-08-20;520;1554;139862;119766;80.8;69.2
46;2021-08-21;374;649;140236;120415;81.0;69.5
46;2021-08-22;2;31;140238;120446;81.0;69.6
46;2021-08-23;419;1205;140657;121651;81.2;70.3
46;2021-08-24;550;1337;141207;122988;81.5;71.0
46;2021-08-25;526;1398;141733;124386;81.8;71.8
46;2021-08-26;377;1097;142110;125483;82.1;72.5
46;2021-08-27;432;1913;142542;127396;82.3;73.6
46;2021-08-28;270;650;142812;128046;82.5;73.9
46;2021-08-29;5;11;142817;128057;82.5;74.0
46;2021-08-30;282;1133;143099;129190;82.6;74.6
46;2021-08-31;331;1277;143430;130467;82.8;75.3
47;2020-12-27;0;0;0;0;0.0;0.0
47;2020-12-28;0;0;0;0;0.0;0.0
47;2020-12-29;0;0;0;0;0.0;0.0
47;2020-12-30;0;0;0;0;0.0;0.0
47;2020-12-31;0;0;0;0;0.0;0.0
47;2021-01-01;4;0;4;0;0.0;0.0
47;2021-01-02;0;0;4;0;0.0;0.0
47;2021-01-03;0;0;4;0;0.0;0.0
47;2021-01-04;0;0;4;0;0.0;0.0
47;2021-01-05;0;0;4;0;0.0;0.0
47;2021-01-06;0;0;4;0;0.0;0.0
47;2021-01-07;71;0;75;0;0.0;0.0
47;2021-01-08;314;0;389;0;0.1;0.0
47;2021-01-09;113;0;502;0;0.2;0.0
47;2021-01-10;0;0;502;0;0.2;0.0
47;2021-01-11;249;1;751;1;0.2;0.0
47;2021-01-12;327;0;1078;1;0.3;0.0
47;2021-01-13;349;0;1427;1;0.4;0.0
47;2021-01-14;364;4;1791;5;0.5;0.0
47;2021-01-15;287;1;2078;6;0.6;0.0
47;2021-01-16;176;4;2254;10;0.7;0.0
47;2021-01-17;0;0;2254;10;0.7;0.0
47;2021-01-18;485;1;2739;11;0.8;0.0
47;2021-01-19;469;2;3208;13;1.0;0.0
47;2021-01-20;514;0;3722;13;1.1;0.0
47;2021-01-21;585;0;4307;13;1.3;0.0
47;2021-01-22;470;0;4777;13;1.4;0.0
47;2021-01-23;390;0;5167;13;1.6;0.0
47;2021-01-24;0;0;5167;13;1.6;0.0
47;2021-01-25;426;0;5593;13;1.7;0.0
47;2021-01-26;790;4;6383;17;1.9;0.0
47;2021-01-27;732;0;7115;17;2.2;0.0
47;2021-01-28;575;65;7690;82;2.3;0.0
47;2021-01-29;461;170;8151;252;2.5;0.1
47;2021-01-30;301;39;8452;291;2.6;0.1
47;2021-01-31;0;0;8452;291;2.6;0.1
47;2021-02-01;374;116;8826;407;2.7;0.1
47;2021-02-02;759;316;9585;723;2.9;0.2
47;2021-02-03;425;162;10010;885;3.0;0.3
47;2021-02-04;370;316;10380;1201;3.1;0.4
47;2021-02-05;300;309;10680;1510;3.2;0.5
47;2021-02-06;297;96;10977;1606;3.3;0.5
47;2021-02-07;0;0;10977;1606;3.3;0.5
47;2021-02-08;184;283;11161;1889;3.4;0.6
47;2021-02-09;231;258;11392;2147;3.4;0.6
47;2021-02-10;254;245;11646;2392;3.5;0.7
47;2021-02-11;356;377;12002;2769;3.6;0.8
47;2021-02-12;243;411;12245;3180;3.7;1.0
47;2021-02-13;226;111;12471;3291;3.8;1.0
47;2021-02-14;0;0;12471;3291;3.8;1.0
47;2021-02-15;194;381;12665;3672;3.8;1.1
47;2021-02-16;303;587;12968;4259;3.9;1.3
47;2021-02-17;326;455;13294;4714;4.0;1.4
47;2021-02-18;200;596;13494;5310;4.1;1.6
47;2021-02-19;193;365;13687;5675;4.1;1.7
47;2021-02-20;117;269;13804;5944;4.2;1.8
47;2021-02-21;0;0;13804;5944;4.2;1.8
47;2021-02-22;75;404;13879;6348;4.2;1.9
47;2021-02-23;150;649;14029;6997;4.2;2.1
47;2021-02-24;261;561;14290;7558;4.3;2.3
47;2021-02-25;304;412;14594;7970;4.4;2.4
47;2021-02-26;468;321;15062;8291;4.6;2.5
47;2021-02-27;324;212;15386;8503;4.7;2.6
47;2021-02-28;0;0;15386;8503;4.7;2.6
47;2021-03-01;124;396;15510;8899;4.7;2.7
47;2021-03-02;200;363;15710;9262;4.8;2.8
47;2021-03-03;244;348;15954;9610;4.8;2.9
47;2021-03-04;593;332;16547;9942;5.0;3.0
47;2021-03-05;844;287;17391;10229;5.3;3.1
47;2021-03-06;507;193;17898;10422;5.4;3.2
47;2021-03-07;331;6;18229;10428;5.5;3.2
47;2021-03-08;458;227;18687;10655;5.7;3.2
47;2021-03-09;508;492;19195;11147;5.8;3.4
47;2021-03-10;666;300;19861;11447;6.0;3.5
47;2021-03-11;938;379;20799;11826;6.3;3.6
47;2021-03-12;1373;297;22172;12123;6.7;3.7
47;2021-03-13;950;109;23122;12232;7.0;3.7
47;2021-03-14;51;0;23173;12232;7.0;3.7
47;2021-03-15;592;162;23765;12394;7.2;3.8
47;2021-03-16;750;177;24515;12571;7.4;3.8
47;2021-03-17;860;210;25375;12781;7.7;3.9
47;2021-03-18;917;178;26292;12959;8.0;3.9
47;2021-03-19;1272;129;27564;13088;8.3;4.0
47;2021-03-20;1087;58;28651;13146;8.7;4.0
47;2021-03-21;344;1;28995;13147;8.8;4.0
47;2021-03-22;1012;95;30007;13242;9.1;4.0
47;2021-03-23;1146;148;31153;13390;9.4;4.1
47;2021-03-24;1212;131;32365;13521;9.8;4.1
47;2021-03-25;1565;151;33930;13672;10.3;4.1
47;2021-03-26;1882;199;35812;13871;10.8;4.2
47;2021-03-27;980;129;36792;14000;11.1;4.2
47;2021-03-28;700;5;37492;14005;11.3;4.2
47;2021-03-29;1512;80;39004;14085;11.8;4.3
47;2021-03-30;1644;127;40648;14212;12.3;4.3
47;2021-03-31;1605;152;42253;14364;12.8;4.3
47;2021-04-01;1682;269;43935;14633;13.3;4.4
47;2021-04-02;1934;456;45869;15089;13.9;4.6
47;2021-04-03;1202;183;47071;15272;14.2;4.6
47;2021-04-04;475;13;47546;15285;14.4;4.6
47;2021-04-05;1296;58;48842;15343;14.8;4.6
47;2021-04-06;1386;387;50228;15730;15.2;4.8
47;2021-04-07;1695;592;51923;16322;15.7;4.9
47;2021-04-08;1834;478;53757;16800;16.3;5.1
47;2021-04-09;2083;544;55840;17344;16.9;5.3
47;2021-04-10;1564;326;57404;17670;17.4;5.3
47;2021-04-11;530;9;57934;17679;17.5;5.4
47;2021-04-12;1438;613;59372;18292;18.0;5.5
47;2021-04-13;1816;766;61188;19058;18.5;5.8
47;2021-04-14;1749;720;62937;19778;19.1;6.0
47;2021-04-15;2012;848;64949;20626;19.7;6.2
47;2021-04-16;1767;892;66716;21518;20.2;6.5
47;2021-04-17;1472;969;68188;22487;20.6;6.8
47;2021-04-18;23;0;68211;22487;20.6;6.8
47;2021-04-19;1332;933;69543;23420;21.1;7.1
47;2021-04-20;1626;909;71169;24329;21.5;7.4
47;2021-04-21;1626;773;72795;25102;22.0;7.6
47;2021-04-22;1872;1059;74667;26161;22.6;7.9
47;2021-04-23;1726;1071;76393;27232;23.1;8.2
47;2021-04-24;1549;803;77942;28035;23.6;8.5
47;2021-04-25;242;345;78184;28380;23.7;8.6
47;2021-04-26;1488;1363;79672;29743;24.1;9.0
47;2021-04-27;1922;1473;81594;31216;24.7;9.4
47;2021-04-28;2090;1592;83684;32808;25.3;9.9
47;2021-04-29;2533;1513;86217;34321;26.1;10.4
47;2021-04-30;2044;1781;88261;36102;26.7;10.9
47;2021-05-01;2263;985;90524;37087;27.4;11.2
47;2021-05-02;21;357;90545;37444;27.4;11.3
47;2021-05-03;1596;1418;92141;38862;27.9;11.8
47;2021-05-04;1647;1730;93788;40592;28.4;12.3
47;2021-05-05;1927;1641;95715;42233;29.0;12.8
47;2021-05-06;2106;1509;97821;43742;29.6;13.2
47;2021-05-07;2001;1624;99822;45366;30.2;13.7
47;2021-05-08;2098;464;101920;45830;30.9;13.9
47;2021-05-09;24;359;101944;46189;30.9;14.0
47;2021-05-10;1202;1671;103146;47860;31.2;14.5
47;2021-05-11;2174;1991;105320;49851;31.9;15.1
47;2021-05-12;2626;1452;107946;51303;32.7;15.5
47;2021-05-13;2381;658;110327;51961;33.4;15.7
47;2021-05-14;2062;858;112389;52819;34.0;16.0
47;2021-05-15;1935;863;114324;53682;34.6;16.3
47;2021-05-16;367;9;114691;53691;34.7;16.3
47;2021-05-17;1885;1123;116576;54814;35.3;16.6
47;2021-05-18;2358;1140;118934;55954;36.0;16.9
47;2021-05-19;2345;760;121279;56714;36.7;17.2
47;2021-05-20;2588;970;123867;57684;37.5;17.5
47;2021-05-21;1538;1135;125405;58819;38.0;17.8
47;2021-05-22;2369;838;127774;59657;38.7;18.1
47;2021-05-23;25;186;127799;59843;38.7;18.1
47;2021-05-24;1549;236;129348;60079;39.2;18.2
47;2021-05-25;1485;1323;130833;61402;39.6;18.6
47;2021-05-26;1599;1088;132432;62490;40.1;18.9
47;2021-05-27;1944;1270;134376;63760;40.7;19.3
47;2021-05-28;1458;1536;135834;65296;41.1;19.8
47;2021-05-29;1153;1126;136987;66422;41.5;20.1
47;2021-05-30;12;45;136999;66467;41.5;20.1
47;2021-05-31;1868;1422;138867;67889;42.0;20.6
47;2021-06-01;1922;1342;140789;69231;42.6;21.0
47;2021-06-02;2101;1333;142890;70564;43.3;21.4
47;2021-06-03;2486;1612;145376;72176;44.0;21.8
47;2021-06-04;1967;2116;147343;74292;44.6;22.5
47;2021-06-05;1640;1476;148983;75768;45.1;22.9
47;2021-06-06;212;70;149195;75838;45.2;23.0
47;2021-06-07;1663;2244;150858;78082;45.7;23.6
47;2021-06-08;1630;1904;152488;79986;46.2;24.2
47;2021-06-09;1823;2126;154311;82112;46.7;24.9
47;2021-06-10;2376;1621;156687;83733;47.4;25.3
47;2021-06-11;1827;2101;158514;85834;48.0;26.0
47;2021-06-12;1351;2103;159865;87937;48.4;26.6
47;2021-06-13;4;10;159869;87947;48.4;26.6
47;2021-06-14;1281;2447;161150;90394;48.8;27.4
47;2021-06-15;1465;2034;162615;92428;49.2;28.0
47;2021-06-16;1206;2188;163821;94616;49.6;28.6
47;2021-06-17;1656;1525;165477;96141;50.1;29.1
47;2021-06-18;1439;2497;166916;98638;50.5;29.9
47;2021-06-19;1540;2457;168456;101095;51.0;30.6
47;2021-06-20;4;33;168460;101128;51.0;30.6
47;2021-06-21;1137;2514;169597;103642;51.3;31.4
47;2021-06-22;760;2504;170357;106146;51.6;32.1
47;2021-06-23;998;2016;171355;108162;51.9;32.7
47;2021-06-24;1212;1936;172567;110098;52.2;33.3
47;2021-06-25;1006;2608;173573;112706;52.5;34.1
47;2021-06-26;988;2789;174561;115495;52.8;35.0
47;2021-06-27;16;349;174577;115844;52.8;35.1
47;2021-06-28;875;2406;175452;118250;53.1;35.8
47;2021-06-29;798;2316;176250;120566;53.4;36.5
47;2021-06-30;730;2307;176980;122873;53.6;37.2
47;2021-07-01;920;2107;177900;124980;53.9;37.8
47;2021-07-02;885;2276;178785;127256;54.1;38.5
47;2021-07-03;727;3042;179512;130298;54.3;39.4
47;2021-07-04;34;12;179546;130310;54.4;39.4
47;2021-07-05;980;2146;180526;132456;54.6;40.1
47;2021-07-06;1007;1958;181533;134414;55.0;40.7
47;2021-07-07;1301;2065;182834;136479;55.3;41.3
47;2021-07-08;1144;2195;183978;138674;55.7;42.0
47;2021-07-09;1049;2406;185027;141080;56.0;42.7
47;2021-07-10;952;2131;185979;143211;56.3;43.4
47;2021-07-11;1;6;185980;143217;56.3;43.4
47;2021-07-12;557;2581;186537;145798;56.5;44.1
47;2021-07-13;1094;2592;187631;148390;56.8;44.9
47;2021-07-14;1166;1577;188797;149967;57.2;45.4
47;2021-07-15;1717;3138;190514;153105;57.7;46.3
47;2021-07-16;1723;2680;192237;155785;58.2;47.2
47;2021-07-17;1202;2458;193439;158243;58.6;47.9
47;2021-07-18;36;188;193475;158431;58.6;48.0
47;2021-07-19;1115;2562;194590;160993;58.9;48.7
47;2021-07-20;1638;2341;196228;163334;59.4;49.4
47;2021-07-21;2190;2242;198418;165576;60.1;50.1
47;2021-07-22;2157;2299;200575;167875;60.7;50.8
47;2021-07-23;2121;2250;202696;170125;61.4;51.5
47;2021-07-24;1114;1912;203810;172037;61.7;52.1
47;2021-07-25;20;1;203830;172038;61.7;52.1
47;2021-07-26;1233;1943;205063;173981;62.1;52.7
47;2021-07-27;2120;1633;207183;175614;62.7;53.2
47;2021-07-28;1879;1605;209062;177219;63.3;53.6
47;2021-07-29;2323;1598;211385;178817;64.0;54.1
47;2021-07-30;1864;1627;213249;180444;64.6;54.6
47;2021-07-31;1482;1668;214731;182112;65.0;55.1
47;2021-08-01;17;8;214748;182120;65.0;55.1
47;2021-08-02;2029;1218;216777;183338;65.6;55.5
47;2021-08-03;2150;1103;218927;184441;66.3;55.8
47;2021-08-04;2172;1526;221099;185967;66.9;56.3
47;2021-08-05;2401;1444;223500;187411;67.7;56.7
47;2021-08-06;1999;1843;225499;189254;68.3;57.3
47;2021-08-07;1624;1417;227123;190671;68.8;57.7
47;2021-08-08;24;22;227147;190693;68.8;57.7
47;2021-08-09;1873;1209;229020;191902;69.3;58.1
47;2021-08-10;1906;1295;230926;193197;69.9;58.5
47;2021-08-11;1799;1401;232725;194598;70.5;58.9
47;2021-08-12;2043;1339;234768;195937;71.1;59.3
47;2021-08-13;1413;1664;236181;197601;71.5;59.8
47;2021-08-14;1348;1442;237529;199043;71.9;60.3
47;2021-08-15;11;18;237540;199061;71.9;60.3
47;2021-08-16;1434;1452;238974;200513;72.3;60.7
47;2021-08-17;1119;1697;240093;202210;72.7;61.2
47;2021-08-18;1168;1711;241261;203921;73.0;61.7
47;2021-08-19;1032;1812;242293;205733;73.3;62.3
47;2021-08-20;960;1707;243253;207440;73.6;62.8
47;2021-08-21;820;1273;244073;208713;73.9;63.2
47;2021-08-22;19;31;244092;208744;73.9;63.2
47;2021-08-23;608;1826;244700;210570;74.1;63.7
47;2021-08-24;810;1615;245510;212185;74.3;64.2
47;2021-08-25;802;1786;246312;213971;74.6;64.8
47;2021-08-26;729;2080;247041;216051;74.8;65.4
47;2021-08-27;697;1976;247738;218027;75.0;66.0
47;2021-08-28;548;1664;248286;219691;75.2;66.5
47;2021-08-29;2;16;248288;219707;75.2;66.5
47;2021-08-30;455;1922;248743;221629;75.3;67.1
47;2021-08-31;535;1809;249278;223438;75.5;67.6
48;2020-12-27;0;0;0;0;0.0;0.0
48;2020-12-28;0;0;0;0;0.0;0.0
48;2020-12-29;0;0;0;0;0.0;0.0
48;2020-12-30;0;0;0;0;0.0;0.0
48;2020-12-31;0;0;0;0;0.0;0.0
48;2021-01-01;0;0;0;0;0.0;0.0
48;2021-01-02;0;0;0;0;0.0;0.0
48;2021-01-03;0;0;0;0;0.0;0.0
48;2021-01-04;0;0;0;0;0.0;0.0
48;2021-01-05;0;0;0;0;0.0;0.0
48;2021-01-06;0;0;0;0;0.0;0.0
48;2021-01-07;56;0;56;0;0.1;0.0
48;2021-01-08;87;0;143;0;0.2;0.0
48;2021-01-09;1;0;144;0;0.2;0.0
48;2021-01-10;0;0;144;0;0.2;0.0
48;2021-01-11;13;0;157;0;0.2;0.0
48;2021-01-12;19;1;176;1;0.2;0.0
48;2021-01-13;104;0;280;1;0.4;0.0
48;2021-01-14;90;1;370;2;0.5;0.0
48;2021-01-15;63;0;433;2;0.6;0.0
48;2021-01-16;0;0;433;2;0.6;0.0
48;2021-01-17;0;0;433;2;0.6;0.0
48;2021-01-18;117;0;550;2;0.7;0.0
48;2021-01-19;345;2;895;4;1.2;0.0
48;2021-01-20;364;0;1259;4;1.7;0.0
48;2021-01-21;465;1;1724;5;2.3;0.0
48;2021-01-22;269;0;1993;5;2.6;0.0
48;2021-01-23;36;0;2029;5;2.7;0.0
48;2021-01-24;0;0;2029;5;2.7;0.0
48;2021-01-25;109;2;2138;7;2.8;0.0
48;2021-01-26;261;0;2399;7;3.1;0.0
48;2021-01-27;257;1;2656;8;3.5;0.0
48;2021-01-28;270;10;2926;18;3.8;0.0
48;2021-01-29;175;60;3101;78;4.1;0.1
48;2021-01-30;1;7;3102;85;4.1;0.1
48;2021-01-31;0;6;3102;91;4.1;0.1
48;2021-02-01;98;46;3200;137;4.2;0.2
48;2021-02-02;191;35;3391;172;4.4;0.2
48;2021-02-03;177;82;3568;254;4.7;0.3
48;2021-02-04;234;14;3802;268;5.0;0.4
48;2021-02-05;144;36;3946;304;5.2;0.4
48;2021-02-06;34;1;3980;305;5.2;0.4
48;2021-02-07;0;0;3980;305;5.2;0.4
48;2021-02-08;50;60;4030;365;5.3;0.5
48;2021-02-09;66;167;4096;532;5.4;0.7
48;2021-02-10;65;303;4161;835;5.5;1.1
48;2021-02-11;165;407;4326;1242;5.7;1.6
48;2021-02-12;120;155;4446;1397;5.8;1.8
48;2021-02-13;8;55;4454;1452;5.8;1.9
48;2021-02-14;0;0;4454;1452;5.8;1.9
48;2021-02-15;51;104;4505;1556;5.9;2.0
48;2021-02-16;43;173;4548;1729;6.0;2.3
48;2021-02-17;35;284;4583;2013;6.0;2.6
48;2021-02-18;252;107;4835;2120;6.3;2.8
48;2021-02-19;60;183;4895;2303;6.4;3.0
48;2021-02-20;0;1;4895;2304;6.4;3.0
48;2021-02-21;0;14;4895;2318;6.4;3.0
48;2021-02-22;24;127;4919;2445;6.4;3.2
48;2021-02-23;74;221;4993;2666;6.5;3.5
48;2021-02-24;68;265;5061;2931;6.6;3.8
48;2021-02-25;148;263;5209;3194;6.8;4.2
48;2021-02-26;51;226;5260;3420;6.9;4.5
48;2021-02-27;28;1;5288;3421;6.9;4.5
48;2021-02-28;3;14;5291;3435;6.9;4.5
48;2021-03-01;102;97;5393;3532;7.1;4.6
48;2021-03-02;199;88;5592;3620;7.3;4.7
48;2021-03-03;155;108;5747;3728;7.5;4.9
48;2021-03-04;194;181;5941;3909;7.8;5.1
48;2021-03-05;136;141;6077;4050;8.0;5.3
48;2021-03-06;180;53;6257;4103;8.2;5.4
48;2021-03-07;75;2;6332;4105;8.3;5.4
48;2021-03-08;352;125;6684;4230;8.8;5.5
48;2021-03-09;377;101;7061;4331;9.3;5.7
48;2021-03-10;263;61;7324;4392;9.6;5.8
48;2021-03-11;334;91;7658;4483;10.0;5.9
48;2021-03-12;255;153;7913;4636;10.4;6.1
48;2021-03-13;301;5;8214;4641;10.8;6.1
48;2021-03-14;8;0;8222;4641;10.8;6.1
48;2021-03-15;174;63;8396;4704;11.0;6.2
48;2021-03-16;167;66;8563;4770;11.2;6.3
48;2021-03-17;156;110;8719;4880;11.4;6.4
48;2021-03-18;190;104;8909;4984;11.7;6.5
48;2021-03-19;116;96;9025;5080;11.8;6.7
48;2021-03-20;101;0;9126;5080;12.0;6.7
48;2021-03-21;0;0;9126;5080;12.0;6.7
48;2021-03-22;160;22;9286;5102;12.2;6.7
48;2021-03-23;329;103;9615;5205;12.6;6.8
48;2021-03-24;284;99;9899;5304;13.0;7.0
48;2021-03-25;757;122;10656;5426;14.0;7.1
48;2021-03-26;269;61;10925;5487;14.3;7.2
48;2021-03-27;104;1;11029;5488;14.5;7.2
48;2021-03-28;80;20;11109;5508;14.6;7.2
48;2021-03-29;304;80;11413;5588;15.0;7.3
48;2021-03-30;364;131;11777;5719;15.4;7.5
48;2021-03-31;448;86;12225;5805;16.0;7.6
48;2021-04-01;729;73;12954;5878;17.0;7.7
48;2021-04-02;487;132;13441;6010;17.6;7.9
48;2021-04-03;140;83;13581;6093;17.8;8.0
48;2021-04-04;0;0;13581;6093;17.8;8.0
48;2021-04-05;43;1;13624;6094;17.9;8.0
48;2021-04-06;465;160;14089;6254;18.5;8.2
48;2021-04-07;465;141;14554;6395;19.1;8.4
48;2021-04-08;620;187;15174;6582;19.9;8.6
48;2021-04-09;446;121;15620;6703;20.5;8.8
48;2021-04-10;95;60;15715;6763;20.6;8.9
48;2021-04-11;2;0;15717;6763;20.6;8.9
48;2021-04-12;364;71;16081;6834;21.1;9.0
48;2021-04-13;361;92;16442;6926;21.6;9.1
48;2021-04-14;624;186;17066;7112;22.4;9.3
48;2021-04-15;702;360;17768;7472;23.3;9.8
48;2021-04-16;538;226;18306;7698;24.0;10.1
48;2021-04-17;89;72;18395;7770;24.1;10.2
48;2021-04-18;0;0;18395;7770;24.1;10.2
48;2021-04-19;197;106;18592;7876;24.4;10.3
48;2021-04-20;216;181;18808;8057;24.7;10.6
48;2021-04-21;284;208;19092;8265;25.0;10.8
48;2021-04-22;307;482;19399;8747;25.4;11.5
48;2021-04-23;255;242;19654;8989;25.8;11.8
48;2021-04-24;97;94;19751;9083;25.9;11.9
48;2021-04-25;1;9;19752;9092;25.9;11.9
48;2021-04-26;87;211;19839;9303;26.0;12.2
48;2021-04-27;172;292;20011;9595;26.2;12.6
48;2021-04-28;149;414;20160;10009;26.4;13.1
48;2021-04-29;204;490;20364;10499;26.7;13.8
48;2021-04-30;172;226;20536;10725;26.9;14.1
48;2021-05-01;0;0;20536;10725;26.9;14.1
48;2021-05-02;0;0;20536;10725;26.9;14.1
48;2021-05-03;106;386;20642;11111;27.1;14.6
48;2021-05-04;227;421;20869;11532;27.4;15.1
48;2021-05-05;84;485;20953;12017;27.5;15.8
48;2021-05-06;774;640;21727;12657;28.5;16.6
48;2021-05-07;96;503;21823;13160;28.6;17.3
48;2021-05-08;309;43;22132;13203;29.0;17.3
48;2021-05-09;285;9;22417;13212;29.4;17.3
48;2021-05-10;55;325;22472;13537;29.5;17.7
48;2021-05-11;221;290;22693;13827;29.7;18.1
48;2021-05-12;249;313;22942;14140;30.1;18.5
48;2021-05-13;472;158;23414;14298;30.7;18.7
48;2021-05-14;244;222;23658;14520;31.0;19.0
48;2021-05-15;84;47;23742;14567;31.1;19.1
48;2021-05-16;1;8;23743;14575;31.1;19.1
48;2021-05-17;474;266;24217;14841;31.7;19.5
48;2021-05-18;263;229;24480;15070;32.1;19.8
48;2021-05-19;207;278;24687;15348;32.4;20.1
48;2021-05-20;318;256;25005;15604;32.8;20.5
48;2021-05-21;174;266;25179;15870;33.0;20.8
48;2021-05-22;25;50;25204;15920;33.0;20.9
48;2021-05-23;0;6;25204;15926;33.0;20.9
48;2021-05-24;0;14;25204;15940;33.0;20.9
48;2021-05-25;180;266;25384;16206;33.3;21.2
48;2021-05-26;416;298;25800;16504;33.8;21.6
48;2021-05-27;1178;379;26978;16883;35.4;22.1
48;2021-05-28;316;349;27294;17232;35.8;22.6
48;2021-05-29;79;50;27373;17282;35.9;22.7
48;2021-05-30;0;1;27373;17283;35.9;22.7
48;2021-05-31;625;263;27998;17546;36.7;23.0
48;2021-06-01;272;305;28270;17851;37.1;23.4
48;2021-06-02;407;424;28677;18275;37.6;24.0
48;2021-06-03;629;432;29306;18707;38.4;24.5
48;2021-06-04;291;282;29597;18989;38.8;24.9
48;2021-06-05;121;77;29718;19066;39.0;25.0
48;2021-06-06;1;1;29719;19067;39.0;25.0
48;2021-06-07;440;161;30159;19228;39.5;25.2
48;2021-06-08;614;307;30773;19535;40.3;25.6
48;2021-06-09;379;190;31152;19725;40.8;25.9
48;2021-06-10;1002;241;32154;19966;42.1;26.2
48;2021-06-11;372;161;32526;20127;42.6;26.4
48;2021-06-12;74;56;32600;20183;42.7;26.5
48;2021-06-13;0;2;32600;20185;42.7;26.5
48;2021-06-14;124;115;32724;20300;42.9;26.6
48;2021-06-15;407;385;33131;20685;43.4;27.1
48;2021-06-16;260;144;33391;20829;43.8;27.3
48;2021-06-17;486;575;33877;21404;44.4;28.1
48;2021-06-18;254;315;34131;21719;44.7;28.5
48;2021-06-19;35;291;34166;22010;44.8;28.9
48;2021-06-20;123;224;34289;22234;44.9;29.1
48;2021-06-21;125;132;34414;22366;45.1;29.3
48;2021-06-22;258;334;34672;22700;45.5;29.8
48;2021-06-23;111;546;34783;23246;45.6;30.5
48;2021-06-24;364;610;35147;23856;46.1;31.3
48;2021-06-25;154;276;35301;24132;46.3;31.6
48;2021-06-26;15;45;35316;24177;46.3;31.7
48;2021-06-27;1;1;35317;24178;46.3;31.7
48;2021-06-28;81;177;35398;24355;46.4;31.9
48;2021-06-29;297;413;35695;24768;46.8;32.5
48;2021-06-30;97;465;35792;25233;46.9;33.1
48;2021-07-01;194;669;35986;25902;47.2;34.0
48;2021-07-02;148;369;36134;26271;47.4;34.4
48;2021-07-03;42;89;36176;26360;47.4;34.6
48;2021-07-04;7;0;36183;26360;47.4;34.6
48;2021-07-05;40;116;36223;26476;47.5;34.7
48;2021-07-06;277;597;36500;27073;47.8;35.5
48;2021-07-07;201;486;36701;27559;48.1;36.1
48;2021-07-08;224;1191;36925;28750;48.4;37.7
48;2021-07-09;157;552;37082;29302;48.6;38.4
48;2021-07-10;95;147;37177;29449;48.7;38.6
48;2021-07-11;0;4;37177;29453;48.7;38.6
48;2021-07-12;140;674;37317;30127;48.9;39.5
48;2021-07-13;212;431;37529;30558;49.2;40.1
48;2021-07-14;179;145;37708;30703;49.4;40.2
48;2021-07-15;187;459;37895;31162;49.7;40.8
48;2021-07-16;234;315;38129;31477;50.0;41.3
48;2021-07-17;129;118;38258;31595;50.2;41.4
48;2021-07-18;4;5;38262;31600;50.2;41.4
48;2021-07-19;105;306;38367;31906;50.3;41.8
48;2021-07-20;677;992;39044;32898;51.2;43.1
48;2021-07-21;69;371;39113;33269;51.3;43.6
48;2021-07-22;779;1124;39892;34393;52.3;45.1
48;2021-07-23;365;437;40257;34830;52.8;45.7
48;2021-07-24;509;170;40766;35000;53.4;45.9
48;2021-07-25;138;46;40904;35046;53.6;45.9
48;2021-07-26;101;198;41005;35244;53.8;46.2
48;2021-07-27;1195;643;42200;35887;55.3;47.0
48;2021-07-28;176;317;42376;36204;55.5;47.5
48;2021-07-29;710;642;43086;36846;56.5;48.3
48;2021-07-30;200;292;43286;37138;56.7;48.7
48;2021-07-31;337;180;43623;37318;57.2;48.9
48;2021-08-01;18;55;43641;37373;57.2;49.0
48;2021-08-02;228;162;43869;37535;57.5;49.2
48;2021-08-03;922;570;44791;38105;58.7;50.0
48;2021-08-04;328;221;45119;38326;59.1;50.2
48;2021-08-05;675;471;45794;38797;60.0;50.9
48;2021-08-06;441;276;46235;39073;60.6;51.2
48;2021-08-07;249;124;46484;39197;60.9;51.4
48;2021-08-08;2;5;46486;39202;60.9;51.4
48;2021-08-09;170;140;46656;39342;61.2;51.6
48;2021-08-10;724;553;47380;39895;62.1;52.3
48;2021-08-11;296;238;47676;40133;62.5;52.6
48;2021-08-12;418;412;48094;40545;63.0;53.1
48;2021-08-13;219;212;48313;40757;63.3;53.4
48;2021-08-14;134;165;48447;40922;63.5;53.6
48;2021-08-15;131;81;48578;41003;63.7;53.7
48;2021-08-16;121;191;48699;41194;63.8;54.0
48;2021-08-17;364;1188;49063;42382;64.3;55.6
48;2021-08-18;209;201;49272;42583;64.6;55.8
48;2021-08-19;240;324;49512;42907;64.9;56.2
48;2021-08-20;213;285;49725;43192;65.2;56.6
48;2021-08-21;85;233;49810;43425;65.3;56.9
48;2021-08-22;0;0;49810;43425;65.3;56.9
48;2021-08-23;65;153;49875;43578;65.4;57.1
48;2021-08-24;307;950;50182;44528;65.8;58.4
48;2021-08-25;156;349;50338;44877;66.0;58.8
48;2021-08-26;178;497;50516;45374;66.2;59.5
48;2021-08-27;152;336;50668;45710;66.4;59.9
48;2021-08-28;126;301;50794;46011;66.6;60.3
48;2021-08-29;0;1;50794;46012;66.6;60.3
48;2021-08-30;53;146;50847;46158;66.7;60.5
48;2021-08-31;246;1062;51093;47220;67.0;61.9
49;2020-12-27;0;0;0;0;0.0;0.0
49;2020-12-28;2;0;2;0;0.0;0.0
49;2020-12-29;0;0;2;0;0.0;0.0
49;2020-12-30;0;0;2;0;0.0;0.0
49;2020-12-31;0;0;2;0;0.0;0.0
49;2021-01-01;2;0;4;0;0.0;0.0
49;2021-01-02;1;1;5;1;0.0;0.0
49;2021-01-03;0;0;5;1;0.0;0.0
49;2021-01-04;10;0;15;1;0.0;0.0
49;2021-01-05;92;0;107;1;0.0;0.0
49;2021-01-06;232;0;339;1;0.0;0.0
49;2021-01-07;366;0;705;1;0.1;0.0
49;2021-01-08;329;1;1034;2;0.1;0.0
49;2021-01-09;118;0;1152;2;0.1;0.0
49;2021-01-10;114;0;1266;2;0.2;0.0
49;2021-01-11;287;0;1553;2;0.2;0.0
49;2021-01-12;623;0;2176;2;0.3;0.0
49;2021-01-13;602;2;2778;4;0.3;0.0
49;2021-01-14;590;6;3368;10;0.4;0.0
49;2021-01-15;775;1;4143;11;0.5;0.0
49;2021-01-16;147;0;4290;11;0.5;0.0
49;2021-01-17;111;2;4401;13;0.5;0.0
49;2021-01-18;691;0;5092;13;0.6;0.0
49;2021-01-19;1204;1;6296;14;0.8;0.0
49;2021-01-20;1511;3;7807;17;1.0;0.0
49;2021-01-21;1940;5;9747;22;1.2;0.0
49;2021-01-22;1319;5;11066;27;1.4;0.0
49;2021-01-23;263;1;11329;28;1.4;0.0
49;2021-01-24;1;0;11330;28;1.4;0.0
49;2021-01-25;553;4;11883;32;1.5;0.0
49;2021-01-26;987;74;12870;106;1.6;0.0
49;2021-01-27;1856;37;14726;143;1.8;0.0
49;2021-01-28;2878;88;17604;231;2.2;0.0
49;2021-01-29;1589;90;19193;321;2.4;0.0
49;2021-01-30;300;46;19493;367;2.4;0.0
49;2021-01-31;62;51;19555;418;2.4;0.1
49;2021-02-01;662;163;20217;581;2.5;0.1
49;2021-02-02;743;381;20960;962;2.6;0.1
49;2021-02-03;675;378;21635;1340;2.7;0.2
49;2021-02-04;758;445;22393;1785;2.7;0.2
49;2021-02-05;707;598;23100;2383;2.8;0.3
49;2021-02-06;229;110;23329;2493;2.9;0.3
49;2021-02-07;59;82;23388;2575;2.9;0.3
49;2021-02-08;549;477;23937;3052;2.9;0.4
49;2021-02-09;714;642;24651;3694;3.0;0.5
49;2021-02-10;806;949;25457;4643;3.1;0.6
49;2021-02-11;1028;1405;26485;6048;3.2;0.7
49;2021-02-12;870;970;27355;7018;3.4;0.9
49;2021-02-13;266;117;27621;7135;3.4;0.9
49;2021-02-14;9;105;27630;7240;3.4;0.9
49;2021-02-15;731;661;28361;7901;3.5;1.0
49;2021-02-16;1106;1121;29467;9022;3.6;1.1
49;2021-02-17;1159;1866;30626;10888;3.8;1.3
49;2021-02-18;1811;2432;32437;13320;4.0;1.6
49;2021-02-19;1395;1104;33832;14424;4.1;1.8
49;2021-02-20;233;379;34065;14803;4.2;1.8
49;2021-02-21;0;64;34065;14867;4.2;1.8
49;2021-02-22;646;569;34711;15436;4.3;1.9
49;2021-02-23;734;854;35445;16290;4.3;2.0
49;2021-02-24;822;634;36267;16924;4.4;2.1
49;2021-02-25;1208;805;37475;17729;4.6;2.2
49;2021-02-26;1678;842;39153;18571;4.8;2.3
49;2021-02-27;435;281;39588;18852;4.9;2.3
49;2021-02-28;49;37;39637;18889;4.9;2.3
49;2021-03-01;766;582;40403;19471;5.0;2.4
49;2021-03-02;1082;697;41485;20168;5.1;2.5
49;2021-03-03;1559;672;43044;20840;5.3;2.6
49;2021-03-04;1768;935;44812;21775;5.5;2.7
49;2021-03-05;2213;693;47025;22468;5.8;2.8
49;2021-03-06;717;188;47742;22656;5.9;2.8
49;2021-03-07;627;12;48369;22668;5.9;2.8
49;2021-03-08;1397;715;49766;23383;6.1;2.9
49;2021-03-09;2051;737;51817;24120;6.4;3.0
49;2021-03-10;2528;869;54345;24989;6.7;3.1
49;2021-03-11;3195;1471;57540;26460;7.1;3.2
49;2021-03-12;3766;1005;61306;27465;7.5;3.4
49;2021-03-13;1501;219;62807;27684;7.7;3.4
49;2021-03-14;6;0;62813;27684;7.7;3.4
49;2021-03-15;2084;532;64897;28216;8.0;3.5
49;2021-03-16;1733;962;66630;29178;8.2;3.6
49;2021-03-17;1811;673;68441;29851;8.4;3.7
49;2021-03-18;2204;731;70645;30582;8.7;3.7
49;2021-03-19;3333;563;73978;31145;9.1;3.8
49;2021-03-20;1743;204;75721;31349;9.3;3.8
49;2021-03-21;499;22;76220;31371;9.3;3.8
49;2021-03-22;2247;549;78467;31920;9.6;3.9
49;2021-03-23;3405;680;81872;32600;10.0;4.0
49;2021-03-24;3602;499;85474;33099;10.5;4.1
49;2021-03-25;4226;652;89700;33751;11.0;4.1
49;2021-03-26;4885;506;94585;34257;11.6;4.2
49;2021-03-27;1674;99;96259;34356;11.8;4.2
49;2021-03-28;400;28;96659;34384;11.8;4.2
49;2021-03-29;2371;611;99030;34995;12.1;4.3
49;2021-03-30;3267;940;102297;35935;12.5;4.4
49;2021-03-31;2980;750;105277;36685;12.9;4.5
49;2021-04-01;4121;870;109398;37555;13.4;4.6
49;2021-04-02;4295;949;113693;38504;13.9;4.7
49;2021-04-03;971;193;114664;38697;14.1;4.7
49;2021-04-04;315;3;114979;38700;14.1;4.7
49;2021-04-05;944;22;115923;38722;14.2;4.7
49;2021-04-06;2331;1318;118254;40040;14.5;4.9
49;2021-04-07;3308;1365;121562;41405;14.9;5.1
49;2021-04-08;5183;1428;126745;42833;15.5;5.2
49;2021-04-09;6208;1435;132953;44268;16.3;5.4
49;2021-04-10;2068;500;135021;44768;16.5;5.5
49;2021-04-11;390;8;135411;44776;16.6;5.5
49;2021-04-12;4074;1573;139485;46349;17.1;5.7
49;2021-04-13;5380;1910;144865;48259;17.8;5.9
49;2021-04-14;4542;1878;149407;50137;18.3;6.1
49;2021-04-15;5379;1885;154786;52022;19.0;6.4
49;2021-04-16;5761;2140;160547;54162;19.7;6.6
49;2021-04-17;3336;850;163883;55012;20.1;6.7
49;2021-04-18;381;477;164264;55489;20.1;6.8
49;2021-04-19;3710;2056;167974;57545;20.6;7.1
49;2021-04-20;4375;2111;172349;59656;21.1;7.3
49;2021-04-21;3954;2206;176303;61862;21.6;7.6
49;2021-04-22;4834;2109;181137;63971;22.2;7.8
49;2021-04-23;4812;2332;185949;66303;22.8;8.1
49;2021-04-24;2939;1155;188888;67458;23.2;8.3
49;2021-04-25;40;282;188928;67740;23.2;8.3
49;2021-04-26;3743;2112;192671;69852;23.6;8.6
49;2021-04-27;4473;2509;197144;72361;24.2;8.9
49;2021-04-28;4617;2497;201761;74858;24.7;9.2
49;2021-04-29;5207;3023;206968;77881;25.4;9.5
49;2021-04-30;5556;3205;212524;81086;26.0;9.9
49;2021-05-01;2364;666;214888;81752;26.3;10.0
49;2021-05-02;5;40;214893;81792;26.3;10.0
49;2021-05-03;5012;2410;219905;84202;27.0;10.3
49;2021-05-04;4971;3044;224876;87246;27.6;10.7
49;2021-05-05;4788;3007;229664;90253;28.1;11.1
49;2021-05-06;5330;3094;234994;93347;28.8;11.4
49;2021-05-07;4281;5034;239275;98381;29.3;12.1
49;2021-05-08;3576;437;242851;98818;29.8;12.1
49;2021-05-09;10;41;242861;98859;29.8;12.1
49;2021-05-10;4831;4279;247692;103138;30.4;12.6
49;2021-05-11;5397;5091;253089;108229;31.0;13.3
49;2021-05-12;4799;4594;257888;112823;31.6;13.8
49;2021-05-13;4779;688;262667;113511;32.2;13.9
49;2021-05-14;5172;3272;267839;116783;32.8;14.3
49;2021-05-15;4155;1807;271994;118590;33.3;14.5
49;2021-05-16;2788;119;274782;118709;33.7;14.5
49;2021-05-17;4834;3691;279616;122400;34.3;15.0
49;2021-05-18;5473;3771;285089;126171;34.9;15.5
49;2021-05-19;5918;3233;291007;129404;35.7;15.9
49;2021-05-20;6809;2966;297816;132370;36.5;16.2
49;2021-05-21;6452;3745;304268;136115;37.3;16.7
49;2021-05-22;5186;1195;309454;137310;37.9;16.8
49;2021-05-23;1;12;309455;137322;37.9;16.8
49;2021-05-24;4216;449;313671;137771;38.4;16.9
49;2021-05-25;6331;3309;320002;141080;39.2;17.3
49;2021-05-26;6274;2668;326276;143748;40.0;17.6
49;2021-05-27;7111;2725;333387;146473;40.9;18.0
49;2021-05-28;6876;4026;340263;150499;41.7;18.4
49;2021-05-29;5024;1898;345287;152397;42.3;18.7
49;2021-05-30;20;13;345307;152410;42.3;18.7
49;2021-05-31;6038;3222;351345;155632;43.1;19.1
49;2021-06-01;6591;3989;357936;159621;43.9;19.6
49;2021-06-02;5794;3743;363730;163364;44.6;20.0
49;2021-06-03;6605;3424;370335;166788;45.4;20.4
49;2021-06-04;6471;4865;376806;171653;46.2;21.0
49;2021-06-05;4386;2696;381192;174349;46.7;21.4
49;2021-06-06;37;52;381229;174401;46.7;21.4
49;2021-06-07;4634;4760;385863;179161;47.3;22.0
49;2021-06-08;5186;5102;391049;184263;47.9;22.6
49;2021-06-09;5322;4504;396371;188767;48.6;23.1
49;2021-06-10;6001;3782;402372;192549;49.3;23.6
49;2021-06-11;4868;6038;407240;198587;49.9;24.3
49;2021-06-12;4100;3203;411340;201790;50.4;24.7
49;2021-06-13;19;989;411359;202779;50.4;24.9
49;2021-06-14;3411;6017;414770;208796;50.8;25.6
49;2021-06-15;4243;6399;419013;215195;51.4;26.4
49;2021-06-16;4152;5681;423165;220876;51.9;27.1
49;2021-06-17;5068;5079;428233;225955;52.5;27.7
49;2021-06-18;4134;6889;432367;232844;53.0;28.5
49;2021-06-19;3525;3973;435892;236817;53.4;29.0
49;2021-06-20;33;25;435925;236842;53.4;29.0
49;2021-06-21;2829;6512;438754;243354;53.8;29.8
49;2021-06-22;3206;7008;441960;250362;54.2;30.7
49;2021-06-23;3254;6314;445214;256676;54.6;31.5
49;2021-06-24;4318;4979;449532;261655;55.1;32.1
49;2021-06-25;3325;7452;452857;269107;55.5;33.0
49;2021-06-26;2570;4627;455427;273734;55.8;33.6
49;2021-06-27;15;1544;455442;275278;55.8;33.7
49;2021-06-28;2234;7187;457676;282465;56.1;34.6
49;2021-06-29;3029;7275;460705;289740;56.5;35.5
49;2021-06-30;2827;6805;463532;296545;56.8;36.3
49;2021-07-01;3392;6274;466924;302819;57.2;37.1
49;2021-07-02;3070;8072;469994;310891;57.6;38.1
49;2021-07-03;2008;5485;472002;316376;57.9;38.8
49;2021-07-04;7;53;472009;316429;57.9;38.8
49;2021-07-05;1742;7081;473751;323510;58.1;39.7
49;2021-07-06;1896;7552;475647;331062;58.3;40.6
49;2021-07-07;2101;6626;477748;337688;58.6;41.4
49;2021-07-08;2692;6359;480440;344047;58.9;42.2
49;2021-07-09;2361;8252;482801;352299;59.2;43.2
49;2021-07-10;1799;5344;484600;357643;59.4;43.8
49;2021-07-11;11;35;484611;357678;59.4;43.8
49;2021-07-12;1945;7715;486556;365393;59.6;44.8
49;2021-07-13;2568;8310;489124;373703;60.0;45.8
49;2021-07-14;2893;3374;492017;377077;60.3;46.2
49;2021-07-15;3168;7555;495185;384632;60.7;47.1
49;2021-07-16;3398;8302;498583;392934;61.1;48.2
49;2021-07-17;2101;5483;500684;398417;61.4;48.8
49;2021-07-18;3750;581;504434;398998;61.8;48.9
49;2021-07-19;2668;7449;507102;406447;62.2;49.8
49;2021-07-20;3586;7481;510688;413928;62.6;50.7
49;2021-07-21;4228;6466;514916;420394;63.1;51.5
49;2021-07-22;4809;5863;519725;426257;63.7;52.2
49;2021-07-23;5113;6626;524838;432883;64.3;53.1
49;2021-07-24;3687;4999;528525;437882;64.8;53.7
49;2021-07-25;67;33;528592;437915;64.8;53.7
49;2021-07-26;4504;5898;533096;443813;65.3;54.4
49;2021-07-27;5744;5447;538840;449260;66.0;55.1
49;2021-07-28;6007;4358;544847;453618;66.8;55.6
49;2021-07-29;6693;4152;551540;457770;67.6;56.1
49;2021-07-30;6135;4787;557675;462557;68.4;56.7
49;2021-07-31;3953;3421;561628;465978;68.8;57.1
49;2021-08-01;19;22;561647;466000;68.8;57.1
49;2021-08-02;4268;4656;565915;470656;69.4;57.7
49;2021-08-03;5429;3806;571344;474462;70.0;58.2
49;2021-08-04;5230;3714;576574;478176;70.7;58.6
49;2021-08-05;5244;3288;581818;481464;71.3;59.0
49;2021-08-06;5713;4280;587531;485744;72.0;59.5
49;2021-08-07;3911;3040;591442;488784;72.5;59.9
49;2021-08-08;23;36;591465;488820;72.5;59.9
49;2021-08-09;3492;4675;594957;493495;72.9;60.5
49;2021-08-10;4207;3897;599164;497392;73.4;61.0
49;2021-08-11;3917;3647;603081;501039;73.9;61.4
49;2021-08-12;2632;3054;605713;504093;74.2;61.8
49;2021-08-13;3811;4262;609524;508355;74.7;62.3
49;2021-08-14;2267;3147;611791;511502;75.0;62.7
49;2021-08-15;29;26;611820;511528;75.0;62.7
49;2021-08-16;2716;5061;614536;516589;75.3;63.3
49;2021-08-17;3259;4909;617795;521498;75.7;63.9
49;2021-08-18;2967;4113;620762;525611;76.1;64.4
49;2021-08-19;1536;3657;622298;529268;76.3;64.9
49;2021-08-20;2725;5774;625023;535042;76.6;65.6
49;2021-08-21;1378;4150;626401;539192;76.8;66.1
49;2021-08-22;6;41;626407;539233;76.8;66.1
49;2021-08-23;2250;5625;628657;544858;77.1;66.8
49;2021-08-24;2732;5776;631389;550634;77.4;67.5
49;2021-08-25;2325;5425;633714;556059;77.7;68.2
49;2021-08-26;1704;4828;635418;560887;77.9;68.7
49;2021-08-27;2430;6803;637848;567690;78.2;69.6
49;2021-08-28;902;4301;638750;571991;78.3;70.1
49;2021-08-29;4;94;638754;572085;78.3;70.1
49;2021-08-30;1148;4292;639902;576377;78.4;70.6
49;2021-08-31;2197;5997;642099;582374;78.7;71.4
50;2020-12-27;0;0;0;0;0.0;0.0
50;2020-12-28;0;0;0;0;0.0;0.0
50;2020-12-29;1;0;1;0;0.0;0.0
50;2020-12-30;0;0;1;0;0.0;0.0
50;2020-12-31;0;0;1;0;0.0;0.0
50;2021-01-01;0;0;1;0;0.0;0.0
50;2021-01-02;0;0;1;0;0.0;0.0
50;2021-01-03;0;0;1;0;0.0;0.0
50;2021-01-04;1;0;2;0;0.0;0.0
50;2021-01-05;0;0;2;0;0.0;0.0
50;2021-01-06;126;0;128;0;0.0;0.0
50;2021-01-07;323;0;451;0;0.1;0.0
50;2021-01-08;436;2;887;2;0.2;0.0
50;2021-01-09;236;0;1123;2;0.2;0.0
50;2021-01-10;23;0;1146;2;0.2;0.0
50;2021-01-11;391;1;1537;3;0.3;0.0
50;2021-01-12;600;0;2137;3;0.4;0.0
50;2021-01-13;694;4;2831;7;0.6;0.0
50;2021-01-14;1046;5;3877;12;0.8;0.0
50;2021-01-15;709;2;4586;14;0.9;0.0
50;2021-01-16;215;3;4801;17;1.0;0.0
50;2021-01-17;1;0;4802;17;1.0;0.0
50;2021-01-18;620;1;5422;18;1.1;0.0
50;2021-01-19;897;3;6319;21;1.3;0.0
50;2021-01-20;965;0;7284;21;1.5;0.0
50;2021-01-21;917;4;8201;25;1.7;0.0
50;2021-01-22;713;2;8914;27;1.8;0.0
50;2021-01-23;667;4;9581;31;2.0;0.0
50;2021-01-24;880;3;10461;34;2.1;0.0
50;2021-01-25;2711;10;13172;44;2.7;0.0
50;2021-01-26;1336;15;14508;59;3.0;0.0
50;2021-01-27;766;56;15274;115;3.1;0.0
50;2021-01-28;718;168;15992;283;3.3;0.1
50;2021-01-29;581;303;16573;586;3.4;0.1
50;2021-01-30;381;163;16954;749;3.5;0.2
50;2021-01-31;0;0;16954;749;3.5;0.2
50;2021-02-01;449;224;17403;973;3.5;0.2
50;2021-02-02;416;231;17819;1204;3.6;0.2
50;2021-02-03;390;375;18209;1579;3.7;0.3
50;2021-02-04;485;446;18694;2025;3.8;0.4
50;2021-02-05;423;447;19117;2472;3.9;0.5
50;2021-02-06;179;112;19296;2584;3.9;0.5
50;2021-02-07;0;0;19296;2584;3.9;0.5
50;2021-02-08;255;502;19551;3086;4.0;0.6
50;2021-02-09;246;636;19797;3722;4.0;0.8
50;2021-02-10;570;553;20367;4275;4.2;0.9
50;2021-02-11;438;909;20805;5184;4.2;1.1
50;2021-02-12;329;667;21134;5851;4.3;1.2
50;2021-02-13;306;482;21440;6333;4.4;1.3
50;2021-02-14;185;826;21625;7159;4.4;1.5
50;2021-02-15;663;2025;22288;9184;4.5;1.9
50;2021-02-16;746;1613;23034;10797;4.7;2.2
50;2021-02-17;632;811;23666;11608;4.8;2.4
50;2021-02-18;569;806;24235;12414;4.9;2.5
50;2021-02-19;630;504;24865;12918;5.1;2.6
50;2021-02-20;423;189;25288;13107;5.2;2.7
50;2021-02-21;85;29;25373;13136;5.2;2.7
50;2021-02-22;291;711;25664;13847;5.2;2.8
50;2021-02-23;502;558;26166;14405;5.3;2.9
50;2021-02-24;624;569;26790;14974;5.5;3.1
50;2021-02-25;779;589;27569;15563;5.6;3.2
50;2021-02-26;999;389;28568;15952;5.8;3.3
50;2021-02-27;887;114;29455;16066;6.0;3.3
50;2021-02-28;111;0;29566;16066;6.0;3.3
50;2021-03-01;488;554;30054;16620;6.1;3.4
50;2021-03-02;651;519;30705;17139;6.3;3.5
50;2021-03-03;797;455;31502;17594;6.4;3.6
50;2021-03-04;1248;340;32750;17934;6.7;3.7
50;2021-03-05;1553;348;34303;18282;7.0;3.7
50;2021-03-06;1319;160;35622;18442;7.3;3.8
50;2021-03-07;550;42;36172;18484;7.4;3.8
50;2021-03-08;1025;625;37197;19109;7.6;3.9
50;2021-03-09;1558;578;38755;19687;7.9;4.0
50;2021-03-10;1608;322;40363;20009;8.2;4.1
50;2021-03-11;2352;360;42715;20369;8.7;4.2
50;2021-03-12;2866;249;45581;20618;9.3;4.2
50;2021-03-13;1994;138;47575;20756;9.7;4.2
50;2021-03-14;280;41;47855;20797;9.8;4.2
50;2021-03-15;1378;298;49233;21095;10.0;4.3
50;2021-03-16;1341;284;50574;21379;10.3;4.4
50;2021-03-17;1295;412;51869;21791;10.6;4.4
50;2021-03-18;1162;431;53031;22222;10.8;4.5
50;2021-03-19;1734;592;54765;22814;11.2;4.6
50;2021-03-20;1688;230;56453;23044;11.5;4.7
50;2021-03-21;794;12;57247;23056;11.7;4.7
50;2021-03-22;1508;337;58755;23393;12.0;4.8
50;2021-03-23;2076;398;60831;23791;12.4;4.8
50;2021-03-24;2281;555;63112;24346;12.9;5.0
50;2021-03-25;2812;472;65924;24818;13.4;5.1
50;2021-03-26;3206;470;69130;25288;14.1;5.2
50;2021-03-27;1823;376;70953;25664;14.5;5.2
50;2021-03-28;403;20;71356;25684;14.5;5.2
50;2021-03-29;2139;721;73495;26405;15.0;5.4
50;2021-03-30;2283;648;75778;27053;15.4;5.5
50;2021-03-31;2478;572;78256;27625;15.9;5.6
50;2021-04-01;3105;865;81361;28490;16.6;5.8
50;2021-04-02;2963;933;84324;29423;17.2;6.0
50;2021-04-03;1245;687;85569;30110;17.4;6.1
50;2021-04-04;321;136;85890;30246;17.5;6.2
50;2021-04-05;400;27;86290;30273;17.6;6.2
50;2021-04-06;2129;1224;88419;31497;18.0;6.4
50;2021-04-07;2559;1178;90978;32675;18.5;6.7
50;2021-04-08;3597;1212;94575;33887;19.3;6.9
50;2021-04-09;3936;1300;98511;35187;20.1;7.2
50;2021-04-10;2533;877;101044;36064;20.6;7.3
50;2021-04-11;411;145;101455;36209;20.7;7.4
50;2021-04-12;2439;1378;103894;37587;21.2;7.7
50;2021-04-13;2677;1520;106571;39107;21.7;8.0
50;2021-04-14;2608;1354;109179;40461;22.3;8.2
50;2021-04-15;3162;1118;112341;41579;22.9;8.5
50;2021-04-16;3365;1103;115706;42682;23.6;8.7
50;2021-04-17;2398;1185;118104;43867;24.1;8.9
50;2021-04-18;425;664;118529;44531;24.2;9.1
50;2021-04-19;1998;1472;120527;46003;24.6;9.4
50;2021-04-20;2276;1591;122803;47594;25.0;9.7
50;2021-04-21;2552;1760;125355;49354;25.5;10.1
50;2021-04-22;3079;1827;128434;51181;26.2;10.4
50;2021-04-23;2757;1918;131191;53099;26.7;10.8
50;2021-04-24;1900;1435;133091;54534;27.1;11.1
50;2021-04-25;470;273;133561;54807;27.2;11.2
50;2021-04-26;2120;1889;135681;56696;27.7;11.6
50;2021-04-27;2413;2004;138094;58700;28.1;12.0
50;2021-04-28;2708;1976;140802;60676;28.7;12.4
50;2021-04-29;3285;2045;144087;62721;29.4;12.8
50;2021-04-30;3000;1933;147087;64654;30.0;13.2
50;2021-05-01;1015;596;148102;65250;30.2;13.3
50;2021-05-02;523;448;148625;65698;30.3;13.4
50;2021-05-03;1771;1804;150396;67502;30.7;13.8
50;2021-05-04;1771;2331;152167;69833;31.0;14.2
50;2021-05-05;1661;2954;153828;72787;31.4;14.8
50;2021-05-06;2532;2585;156360;75372;31.9;15.4
50;2021-05-07;2149;2861;158509;78233;32.3;15.9
50;2021-05-08;1171;792;159680;79025;32.5;16.1
50;2021-05-09;624;363;160304;79388;32.7;16.2
50;2021-05-10;1705;2605;162009;81993;33.0;16.7
50;2021-05-11;2543;2848;164552;84841;33.5;17.3
50;2021-05-12;3180;2437;167732;87278;34.2;17.8
50;2021-05-13;3382;610;171114;87888;34.9;17.9
50;2021-05-14;3571;2279;174685;90167;35.6;18.4
50;2021-05-15;4000;1872;178685;92039;36.4;18.8
50;2021-05-16;947;267;179632;92306;36.6;18.8
50;2021-05-17;2140;1878;181772;94184;37.0;19.2
50;2021-05-18;2524;1619;184296;95803;37.6;19.5
50;2021-05-19;2503;1446;186799;97249;38.1;19.8
50;2021-05-20;3261;1623;190060;98872;38.7;20.2
50;2021-05-21;3159;1912;193219;100784;39.4;20.5
50;2021-05-22;2651;1329;195870;102113;39.9;20.8
50;2021-05-23;603;284;196473;102397;40.0;20.9
50;2021-05-24;1527;490;198000;102887;40.4;21.0
50;2021-05-25;2450;1672;200450;104559;40.9;21.3
50;2021-05-26;3000;1456;203450;106015;41.5;21.6
50;2021-05-27;3034;1975;206484;107990;42.1;22.0
50;2021-05-28;2946;2126;209430;110116;42.7;22.4
50;2021-05-29;2760;1404;212190;111520;43.2;22.7
50;2021-05-30;812;327;213002;111847;43.4;22.8
50;2021-05-31;2652;1818;215654;113665;44.0;23.2
50;2021-06-01;3332;2067;218986;115732;44.6;23.6
50;2021-06-02;3260;1791;222246;117523;45.3;24.0
50;2021-06-03;3914;2064;226160;119587;46.1;24.4
50;2021-06-04;3823;2888;229983;122475;46.9;25.0
50;2021-06-05;2961;1846;232944;124321;47.5;25.3
50;2021-06-06;813;443;233757;124764;47.6;25.4
50;2021-06-07;3513;2084;237270;126848;48.4;25.9
50;2021-06-08;4071;2228;241341;129076;49.2;26.3
50;2021-06-09;4254;1998;245595;131074;50.1;26.7
50;2021-06-10;4198;2119;249793;133193;50.9;27.1
50;2021-06-11;4226;2715;254019;135908;51.8;27.7
50;2021-06-12;3738;1610;257757;137518;52.5;28.0
50;2021-06-13;1143;451;258900;137969;52.8;28.1
50;2021-06-14;2693;2966;261593;140935;53.3;28.7
50;2021-06-15;3020;2604;264613;143539;53.9;29.3
50;2021-06-16;3096;1975;267709;145514;54.6;29.7
50;2021-06-17;2796;2488;270505;148002;55.1;30.2
50;2021-06-18;3240;3053;273745;151055;55.8;30.8
50;2021-06-19;3178;1925;276923;152980;56.4;31.2
50;2021-06-20;731;710;277654;153690;56.6;31.3
50;2021-06-21;1819;3133;279473;156823;57.0;32.0
50;2021-06-22;2064;3393;281537;160216;57.4;32.7
50;2021-06-23;1873;3875;283410;164091;57.8;33.4
50;2021-06-24;1713;4010;285123;168101;58.1;34.3
50;2021-06-25;2135;4010;287258;172111;58.5;35.1
50;2021-06-26;2145;3697;289403;175808;59.0;35.8
50;2021-06-27;616;895;290019;176703;59.1;36.0
50;2021-06-28;1926;3349;291945;180052;59.5;36.7
50;2021-06-29;1882;3407;293827;183459;59.9;37.4
50;2021-06-30;2183;3408;296010;186867;60.3;38.1
50;2021-07-01;1947;3285;297957;190152;60.7;38.8
50;2021-07-02;1899;3932;299856;194084;61.1;39.6
50;2021-07-03;1447;3447;301303;197531;61.4;40.3
50;2021-07-04;445;1066;301748;198597;61.5;40.5
50;2021-07-05;1263;3410;303011;202007;61.8;41.2
50;2021-07-06;1576;3894;304587;205901;62.1;42.0
50;2021-07-07;1803;3618;306390;209519;62.4;42.7
50;2021-07-08;1378;4106;307768;213625;62.7;43.5
50;2021-07-09;1394;4574;309162;218199;63.0;44.5
50;2021-07-10;1025;3599;310187;221798;63.2;45.2
50;2021-07-11;372;1018;310559;222816;63.3;45.4
50;2021-07-12;1316;4625;311875;227441;63.6;46.4
50;2021-07-13;1626;4858;313501;232299;63.9;47.3
50;2021-07-14;1476;2358;314977;234657;64.2;47.8
50;2021-07-15;1685;5056;316662;239713;64.5;48.9
50;2021-07-16;2990;5245;319652;244958;65.1;49.9
50;2021-07-17;2149;3730;321801;248688;65.6;50.7
50;2021-07-18;402;1092;322203;249780;65.7;50.9
50;2021-07-19;1573;5183;323776;254963;66.0;52.0
50;2021-07-20;1929;5411;325705;260374;66.4;53.1
50;2021-07-21;1800;5259;327505;265633;66.7;54.1
50;2021-07-22;1949;5007;329454;270640;67.1;55.2
50;2021-07-23;2071;5384;331525;276024;67.6;56.3
50;2021-07-24;1310;3834;332835;279858;67.8;57.0
50;2021-07-25;274;1037;333109;280895;67.9;57.2
50;2021-07-26;2289;3488;335398;284383;68.4;58.0
50;2021-07-27;2897;3348;338295;287731;68.9;58.6
50;2021-07-28;2991;3691;341286;291422;69.6;59.4
50;2021-07-29;3578;3232;344864;294654;70.3;60.1
50;2021-07-30;3073;3008;347937;297662;70.9;60.7
50;2021-07-31;2407;2672;350344;300334;71.4;61.2
50;2021-08-01;481;685;350825;301019;71.5;61.3
50;2021-08-02;2465;2740;353290;303759;72.0;61.9
50;2021-08-03;3392;2469;356682;306228;72.7;62.4
50;2021-08-04;3594;2326;360276;308554;73.4;62.9
50;2021-08-05;3173;2162;363449;310716;74.1;63.3
50;2021-08-06;3629;2799;367078;313515;74.8;63.9
50;2021-08-07;2445;2163;369523;315678;75.3;64.3
50;2021-08-08;510;714;370033;316392;75.4;64.5
50;2021-08-09;2480;2135;372513;318527;75.9;64.9
50;2021-08-10;2942;1987;375455;320514;76.5;65.3
50;2021-08-11;2813;2021;378268;322535;77.1;65.7
50;2021-08-12;2556;2440;380824;324975;77.6;66.2
50;2021-08-13;2447;1985;383271;326960;78.1;66.6
50;2021-08-14;1800;1747;385071;328707;78.5;67.0
50;2021-08-15;399;334;385470;329041;78.6;67.1
50;2021-08-16;1691;2233;387161;331274;78.9;67.5
50;2021-08-17;1946;2706;389107;333980;79.3;68.1
50;2021-08-18;1808;2387;390915;336367;79.7;68.6
50;2021-08-19;1686;2571;392601;338938;80.0;69.1
50;2021-08-20;1594;2740;394195;341678;80.3;69.6
50;2021-08-21;1004;2727;395199;344405;80.5;70.2
50;2021-08-22;384;519;395583;344924;80.6;70.3
50;2021-08-23;1135;2900;396718;347824;80.9;70.9
50;2021-08-24;1236;3219;397954;351043;81.1;71.5
50;2021-08-25;1073;2649;399027;353692;81.3;72.1
50;2021-08-26;856;3154;399883;356846;81.5;72.7
50;2021-08-27;929;3179;400812;360025;81.7;73.4
50;2021-08-28;788;2887;401600;362912;81.8;74.0
50;2021-08-29;282;573;401882;363485;81.9;74.1
50;2021-08-30;765;2942;402647;366427;82.1;74.7
50;2021-08-31;809;3027;403456;369454;82.2;75.3
51;2020-12-27;0;0;0;0;0.0;0.0
51;2020-12-28;0;0;0;0;0.0;0.0
51;2020-12-29;0;0;0;0;0.0;0.0
51;2020-12-30;0;0;0;0;0.0;0.0
51;2020-12-31;1;0;1;0;0.0;0.0
51;2021-01-01;0;0;1;0;0.0;0.0
51;2021-01-02;0;0;1;0;0.0;0.0
51;2021-01-03;0;0;1;0;0.0;0.0
51;2021-01-04;1;0;2;0;0.0;0.0
51;2021-01-05;1;0;3;0;0.0;0.0
51;2021-01-06;6;0;9;0;0.0;0.0
51;2021-01-07;262;1;271;1;0.0;0.0
51;2021-01-08;507;1;778;2;0.1;0.0
51;2021-01-09;91;0;869;2;0.2;0.0
51;2021-01-10;0;0;869;2;0.2;0.0
51;2021-01-11;545;2;1414;4;0.3;0.0
51;2021-01-12;1539;4;2953;8;0.5;0.0
51;2021-01-13;1290;5;4243;13;0.8;0.0
51;2021-01-14;1475;6;5718;19;1.0;0.0
51;2021-01-15;607;3;6325;22;1.1;0.0
51;2021-01-16;177;1;6502;23;1.2;0.0
51;2021-01-17;102;0;6604;23;1.2;0.0
51;2021-01-18;846;3;7450;26;1.3;0.0
51;2021-01-19;998;4;8448;30;1.5;0.0
51;2021-01-20;943;9;9391;39;1.7;0.0
51;2021-01-21;790;3;10181;42;1.8;0.0
51;2021-01-22;391;2;10572;44;1.9;0.0
51;2021-01-23;294;0;10866;44;1.9;0.0
51;2021-01-24;130;1;10996;45;2.0;0.0
51;2021-01-25;712;3;11708;48;2.1;0.0
51;2021-01-26;780;5;12488;53;2.2;0.0
51;2021-01-27;656;4;13144;57;2.3;0.0
51;2021-01-28;646;68;13790;125;2.4;0.0
51;2021-01-29;474;142;14264;267;2.5;0.0
51;2021-01-30;126;5;14390;272;2.6;0.0
51;2021-01-31;83;0;14473;272;2.6;0.0
51;2021-02-01;275;58;14748;330;2.6;0.1
51;2021-02-02;738;721;15486;1051;2.7;0.2
51;2021-02-03;642;469;16128;1520;2.9;0.3
51;2021-02-04;968;814;17096;2334;3.0;0.4
51;2021-02-05;973;512;18069;2846;3.2;0.5
51;2021-02-06;30;146;18099;2992;3.2;0.5
51;2021-02-07;0;18;18099;3010;3.2;0.5
51;2021-02-08;115;412;18214;3422;3.2;0.6
51;2021-02-09;222;469;18436;3891;3.3;0.7
51;2021-02-10;219;636;18655;4527;3.3;0.8
51;2021-02-11;299;527;18954;5054;3.4;0.9
51;2021-02-12;341;562;19295;5616;3.4;1.0
51;2021-02-13;8;109;19303;5725;3.4;1.0
51;2021-02-14;8;168;19311;5893;3.4;1.0
51;2021-02-15;265;837;19576;6730;3.5;1.2
51;2021-02-16;401;962;19977;7692;3.5;1.4
51;2021-02-17;367;868;20344;8560;3.6;1.5
51;2021-02-18;437;590;20781;9150;3.7;1.6
51;2021-02-19;530;423;21311;9573;3.8;1.7
51;2021-02-20;205;293;21516;9866;3.8;1.7
51;2021-02-21;10;101;21526;9967;3.8;1.8
51;2021-02-22;195;682;21721;10649;3.9;1.9
51;2021-02-23;262;1086;21983;11735;3.9;2.1
51;2021-02-24;414;683;22397;12418;4.0;2.2
51;2021-02-25;1050;883;23447;13301;4.2;2.4
51;2021-02-26;1227;666;24674;13967;4.4;2.5
51;2021-02-27;590;124;25264;14091;4.5;2.5
51;2021-02-28;7;71;25271;14162;4.5;2.5
51;2021-03-01;767;310;26038;14472;4.6;2.6
51;2021-03-02;1128;462;27166;14934;4.8;2.6
51;2021-03-03;1193;465;28359;15399;5.0;2.7
51;2021-03-04;1060;700;29419;16099;5.2;2.9
51;2021-03-05;1559;670;30978;16769;5.5;3.0
51;2021-03-06;1433;59;32411;16828;5.7;3.0
51;2021-03-07;250;6;32661;16834;5.8;3.0
51;2021-03-08;992;100;33653;16934;6.0;3.0
51;2021-03-09;1664;191;35317;17125;6.3;3.0
51;2021-03-10;1994;105;37311;17230;6.6;3.1
51;2021-03-11;2370;168;39681;17398;7.0;3.1
51;2021-03-12;3251;157;42932;17555;7.6;3.1
51;2021-03-13;2550;52;45482;17607;8.1;3.1
51;2021-03-14;190;5;45672;17612;8.1;3.1
51;2021-03-15;1580;148;47252;17760;8.4;3.1
51;2021-03-16;1479;185;48731;17945;8.6;3.2
51;2021-03-17;1497;208;50228;18153;8.9;3.2
51;2021-03-18;1615;286;51843;18439;9.2;3.3
51;2021-03-19;2311;301;54154;18740;9.6;3.3
51;2021-03-20;1662;216;55816;18956;9.9;3.4
51;2021-03-21;133;4;55949;18960;9.9;3.4
51;2021-03-22;1417;122;57366;19082;10.2;3.4
51;2021-03-23;2467;164;59833;19246;10.6;3.4
51;2021-03-24;2844;133;62677;19379;11.1;3.4
51;2021-03-25;3254;337;65931;19716;11.7;3.5
51;2021-03-26;3412;504;69343;20220;12.3;3.6
51;2021-03-27;1842;253;71185;20473;12.6;3.6
51;2021-03-28;213;3;71398;20476;12.7;3.6
51;2021-03-29;991;639;72389;21115;12.8;3.7
51;2021-03-30;1748;853;74137;21968;13.1;3.9
51;2021-03-31;1738;759;75875;22727;13.5;4.0
51;2021-04-01;2282;448;78157;23175;13.9;4.1
51;2021-04-02;2425;641;80582;23816;14.3;4.2
51;2021-04-03;1304;412;81886;24228;14.5;4.3
51;2021-04-04;106;2;81992;24230;14.5;4.3
51;2021-04-05;72;141;82064;24371;14.6;4.3
51;2021-04-06;763;1234;82827;25605;14.7;4.5
51;2021-04-07;1313;1411;84140;27016;14.9;4.8
51;2021-04-08;2206;1771;86346;28787;15.3;5.1
51;2021-04-09;2863;1731;89209;30518;15.8;5.4
51;2021-04-10;2218;499;91427;31017;16.2;5.5
51;2021-04-11;105;85;91532;31102;16.2;5.5
51;2021-04-12;1450;1343;92982;32445;16.5;5.8
51;2021-04-13;1936;1682;94918;34127;16.8;6.1
51;2021-04-14;2459;1556;97377;35683;17.3;6.3
51;2021-04-15;2855;1671;100232;37354;17.8;6.6
51;2021-04-16;3214;1597;103446;38951;18.3;6.9
51;2021-04-17;1965;774;105411;39725;18.7;7.0
51;2021-04-18;296;113;105707;39838;18.7;7.1
51;2021-04-19;1561;1163;107268;41001;19.0;7.3
51;2021-04-20;1794;1664;109062;42665;19.3;7.6
51;2021-04-21;2006;1744;111068;44409;19.7;7.9
51;2021-04-22;2406;1657;113474;46066;20.1;8.2
51;2021-04-23;2982;1829;116456;47895;20.7;8.5
51;2021-04-24;1750;953;118206;48848;21.0;8.7
51;2021-04-25;123;161;118329;49009;21.0;8.7
51;2021-04-26;1851;761;120180;49770;21.3;8.8
51;2021-04-27;2442;1234;122622;51004;21.7;9.0
51;2021-04-28;2552;1310;125174;52314;22.2;9.3
51;2021-04-29;2674;1464;127848;53778;22.7;9.5
51;2021-04-30;2976;1676;130824;55454;23.2;9.8
51;2021-05-01;1454;413;132278;55867;23.5;9.9
51;2021-05-02;107;99;132385;55966;23.5;9.9
51;2021-05-03;2484;765;134869;56731;23.9;10.1
51;2021-05-04;2788;1355;137657;58086;24.4;10.3
51;2021-05-05;2860;1641;140517;59727;24.9;10.6
51;2021-05-06;5344;1950;145861;61677;25.9;10.9
51;2021-05-07;3704;1938;149565;63615;26.5;11.3
51;2021-05-08;2861;819;152426;64434;27.0;11.4
51;2021-05-09;211;92;152637;64526;27.1;11.4
51;2021-05-10;3215;1867;155852;66393;27.6;11.8
51;2021-05-11;3640;2042;159492;68435;28.3;12.1
51;2021-05-12;4184;2237;163676;70672;29.0;12.5
51;2021-05-13;1776;504;165452;71176;29.3;12.6
51;2021-05-14;5402;1750;170854;72926;30.3;12.9
51;2021-05-15;4228;1355;175082;74281;31.1;13.2
51;2021-05-16;284;46;175366;74327;31.1;13.2
51;2021-05-17;3132;1528;178498;75855;31.7;13.5
51;2021-05-18;3917;1772;182415;77627;32.4;13.8
51;2021-05-19;4031;1733;186446;79360;33.1;14.1
51;2021-05-20;4650;1968;191096;81328;33.9;14.4
51;2021-05-21;3597;2484;194693;83812;34.5;14.9
51;2021-05-22;2076;1548;196769;85360;34.9;15.1
51;2021-05-23;308;210;197077;85570;35.0;15.2
51;2021-05-24;2019;717;199096;86287;35.3;15.3
51;2021-05-25;3130;1828;202226;88115;35.9;15.6
51;2021-05-26;3298;1716;205524;89831;36.5;15.9
51;2021-05-27;3268;2062;208792;91893;37.0;16.3
51;2021-05-28;3607;2825;212399;94718;37.7;16.8
51;2021-05-29;2402;1996;214801;96714;38.1;17.2
51;2021-05-30;401;133;215202;96847;38.2;17.2
51;2021-05-31;3350;1785;218552;98632;38.8;17.5
51;2021-06-01;3855;2334;222407;100966;39.4;17.9
51;2021-06-02;6098;2328;228505;103294;40.5;18.3
51;2021-06-03;3581;2429;232086;105723;41.2;18.8
51;2021-06-04;6345;2946;238431;108669;42.3;19.3
51;2021-06-05;2599;1818;241030;110487;42.7;19.6
51;2021-06-06;172;157;241202;110644;42.8;19.6
51;2021-06-07;4303;2165;245505;112809;43.5;20.0
51;2021-06-08;3925;2535;249430;115344;44.2;20.5
51;2021-06-09;4018;2750;253448;118094;45.0;20.9
51;2021-06-10;3206;2486;256654;120580;45.5;21.4
51;2021-06-11;3358;3429;260012;124009;46.1;22.0
51;2021-06-12;2166;2171;262178;126180;46.5;22.4
51;2021-06-13;191;149;262369;126329;46.5;22.4
51;2021-06-14;1627;3333;263996;129662;46.8;23.0
51;2021-06-15;3191;3576;267187;133238;47.4;23.6
51;2021-06-16;2208;3685;269395;136923;47.8;24.3
51;2021-06-17;2609;5406;272004;142329;48.2;25.2
51;2021-06-18;2357;5211;274361;147540;48.7;26.2
51;2021-06-19;1683;4426;276044;151966;49.0;27.0
51;2021-06-20;184;228;276228;152194;49.0;27.0
51;2021-06-21;1231;4441;277459;156635;49.2;27.8
51;2021-06-22;1558;4043;279017;160678;49.5;28.5
51;2021-06-23;3670;4239;282687;164917;50.1;29.2
51;2021-06-24;2246;3227;284933;168144;50.5;29.8
51;2021-06-25;1907;6526;286840;174670;50.9;31.0
51;2021-06-26;1204;5067;288044;179737;51.1;31.9
51;2021-06-27;103;336;288147;180073;51.1;31.9
51;2021-06-28;1401;4414;289548;184487;51.4;32.7
51;2021-06-29;1173;4463;290721;188950;51.6;33.5
51;2021-06-30;1687;6044;292408;194994;51.9;34.6
51;2021-07-01;1978;3767;294386;198761;52.2;35.3
51;2021-07-02;1836;6891;296222;205652;52.5;36.5
51;2021-07-03;1003;3198;297225;208850;52.7;37.0
51;2021-07-04;171;254;297396;209104;52.7;37.1
51;2021-07-05;768;5528;298164;214632;52.9;38.1
51;2021-07-06;1247;4782;299411;219414;53.1;38.9
51;2021-07-07;1615;4939;301026;224353;53.4;39.8
51;2021-07-08;2069;3431;303095;227784;53.8;40.4
51;2021-07-09;1855;5056;304950;232840;54.1;41.3
51;2021-07-10;1235;3205;306185;236045;54.3;41.9
51;2021-07-11;191;281;306376;236326;54.3;41.9
51;2021-07-12;994;4377;307370;240703;54.5;42.7
51;2021-07-13;1480;4773;308850;245476;54.8;43.5
51;2021-07-14;1070;1689;309920;247165;55.0;43.8
51;2021-07-15;2937;4911;312857;252076;55.5;44.7
51;2021-07-16;2363;5275;315220;257351;55.9;45.6
51;2021-07-17;1820;3483;317040;260834;56.2;46.3
51;2021-07-18;163;330;317203;261164;56.3;46.3
51;2021-07-19;1892;3979;319095;265143;56.6;47.0
51;2021-07-20;2584;5139;321679;270282;57.1;47.9
51;2021-07-21;3615;4068;325294;274350;57.7;48.7
51;2021-07-22;4412;3758;329706;278108;58.5;49.3
51;2021-07-23;3643;4381;333349;282489;59.1;50.1
51;2021-07-24;2085;2722;335434;285211;59.5;50.6
51;2021-07-25;356;257;335790;285468;59.6;50.6
51;2021-07-26;3115;2811;338905;288279;60.1;51.1
51;2021-07-27;5846;3273;344751;291552;61.1;51.7
51;2021-07-28;4137;4318;348888;295870;61.9;52.5
51;2021-07-29;4695;2721;353583;298591;62.7;53.0
51;2021-07-30;3619;3158;357202;301749;63.4;53.5
51;2021-07-31;2529;2131;359731;303880;63.8;53.9
51;2021-08-01;375;235;360106;304115;63.9;53.9
51;2021-08-02;3282;2311;363388;306426;64.5;54.3
51;2021-08-03;3775;1910;367163;308336;65.1;54.7
51;2021-08-04;4453;2124;371616;310460;65.9;55.1
51;2021-08-05;2651;1539;374267;311999;66.4;55.3
51;2021-08-06;3042;2553;377309;314552;66.9;55.8
51;2021-08-07;2160;1693;379469;316245;67.3;56.1
51;2021-08-08;366;209;379835;316454;67.4;56.1
51;2021-08-09;2599;1849;382434;318303;67.8;56.5
51;2021-08-10;2367;1980;384801;320283;68.2;56.8
51;2021-08-11;2906;2335;387707;322618;68.8;57.2
51;2021-08-12;1746;1946;389453;324564;69.1;57.6
51;2021-08-13;2029;2672;391482;327236;69.4;58.0
51;2021-08-14;1578;2037;393060;329273;69.7;58.4
51;2021-08-15;147;148;393207;329421;69.7;58.4
51;2021-08-16;1346;3020;394553;332441;70.0;59.0
51;2021-08-17;1541;3278;396094;335719;70.3;59.5
51;2021-08-18;1894;3682;397988;339401;70.6;60.2
51;2021-08-19;1399;2545;399387;341946;70.8;60.6
51;2021-08-20;1695;3969;401082;345915;71.1;61.4
51;2021-08-21;984;2495;402066;348410;71.3;61.8
51;2021-08-22;101;342;402167;348752;71.3;61.9
51;2021-08-23;1105;3601;403272;352353;71.5;62.5
51;2021-08-24;1165;3640;404437;355993;71.7;63.1
51;2021-08-25;1305;4483;405742;360476;72.0;63.9
51;2021-08-26;1051;2543;406793;363019;72.1;64.4
51;2021-08-27;1209;4175;408002;367194;72.4;65.1
51;2021-08-28;643;2627;408645;369821;72.5;65.6
51;2021-08-29;81;358;408726;370179;72.5;65.7
51;2021-08-30;1329;4824;410055;375003;72.7;66.5
51;2021-08-31;772;3004;410827;378007;72.9;67.0
52;2020-12-27;0;0;0;0;0.0;0.0
52;2020-12-28;1;0;1;0;0.0;0.0
52;2020-12-29;0;0;1;0;0.0;0.0
52;2020-12-30;0;0;1;0;0.0;0.0
52;2020-12-31;0;0;1;0;0.0;0.0
52;2021-01-01;0;0;1;0;0.0;0.0
52;2021-01-02;1;0;2;0;0.0;0.0
52;2021-01-03;0;0;2;0;0.0;0.0
52;2021-01-04;0;0;2;0;0.0;0.0
52;2021-01-05;0;0;2;0;0.0;0.0
52;2021-01-06;2;0;4;0;0.0;0.0
52;2021-01-07;0;0;4;0;0.0;0.0
52;2021-01-08;201;1;205;1;0.1;0.0
52;2021-01-09;93;0;298;1;0.2;0.0
52;2021-01-10;0;0;298;1;0.2;0.0
52;2021-01-11;207;0;505;1;0.3;0.0
52;2021-01-12;171;0;676;1;0.4;0.0
52;2021-01-13;562;2;1238;3;0.7;0.0
52;2021-01-14;677;10;1915;13;1.1;0.0
52;2021-01-15;411;1;2326;14;1.4;0.0
52;2021-01-16;16;1;2342;15;1.4;0.0
52;2021-01-17;0;0;2342;15;1.4;0.0
52;2021-01-18;427;0;2769;15;1.6;0.0
52;2021-01-19;439;0;3208;15;1.9;0.0
52;2021-01-20;420;0;3628;15;2.1;0.0
52;2021-01-21;424;1;4052;16;2.4;0.0
52;2021-01-22;321;2;4373;18;2.6;0.0
52;2021-01-23;73;1;4446;19;2.6;0.0
52;2021-01-24;0;0;4446;19;2.6;0.0
52;2021-01-25;235;0;4681;19;2.8;0.0
52;2021-01-26;307;0;4988;19;2.9;0.0
52;2021-01-27;238;1;5226;20;3.1;0.0
52;2021-01-28;174;4;5400;24;3.2;0.0
52;2021-01-29;74;124;5474;148;3.2;0.1
52;2021-01-30;91;95;5565;243;3.3;0.1
52;2021-01-31;0;0;5565;243;3.3;0.1
52;2021-02-01;117;187;5682;430;3.4;0.3
52;2021-02-02;61;176;5743;606;3.4;0.4
52;2021-02-03;90;409;5833;1015;3.4;0.6
52;2021-02-04;231;591;6064;1606;3.6;0.9
52;2021-02-05;113;504;6177;2110;3.6;1.2
52;2021-02-06;22;0;6199;2110;3.7;1.2
52;2021-02-07;0;1;6199;2111;3.7;1.2
52;2021-02-08;34;205;6233;2316;3.7;1.4
52;2021-02-09;47;208;6280;2524;3.7;1.5
52;2021-02-10;88;186;6368;2710;3.8;1.6
52;2021-02-11;129;148;6497;2858;3.8;1.7
52;2021-02-12;187;128;6684;2986;3.9;1.8
52;2021-02-13;5;1;6689;2987;4.0;1.8
52;2021-02-14;0;16;6689;3003;4.0;1.8
52;2021-02-15;79;276;6768;3279;4.0;1.9
52;2021-02-16;50;356;6818;3635;4.0;2.1
52;2021-02-17;37;312;6855;3947;4.1;2.3
52;2021-02-18;82;278;6937;4225;4.1;2.5
52;2021-02-19;51;191;6988;4416;4.1;2.6
52;2021-02-20;14;105;7002;4521;4.1;2.7
52;2021-02-21;0;0;7002;4521;4.1;2.7
52;2021-02-22;42;381;7044;4902;4.2;2.9
52;2021-02-23;57;278;7101;5180;4.2;3.1
52;2021-02-24;81;244;7182;5424;4.2;3.2
52;2021-02-25;161;237;7343;5661;4.3;3.3
52;2021-02-26;296;182;7639;5843;4.5;3.5
52;2021-02-27;149;49;7788;5892;4.6;3.5
52;2021-02-28;0;0;7788;5892;4.6;3.5
52;2021-03-01;163;14;7951;5906;4.7;3.5
52;2021-03-02;199;50;8150;5956;4.8;3.5
52;2021-03-03;356;36;8506;5992;5.0;3.5
52;2021-03-04;379;58;8885;6050;5.2;3.6
52;2021-03-05;531;53;9416;6103;5.6;3.6
52;2021-03-06;409;36;9825;6139;5.8;3.6
52;2021-03-07;0;0;9825;6139;5.8;3.6
52;2021-03-08;398;111;10223;6250;6.0;3.7
52;2021-03-09;549;108;10772;6358;6.4;3.8
52;2021-03-10;308;109;11080;6467;6.5;3.8
52;2021-03-11;587;35;11667;6502;6.9;3.8
52;2021-03-12;584;66;12251;6568;7.2;3.9
52;2021-03-13;492;9;12743;6577;7.5;3.9
52;2021-03-14;15;3;12758;6580;7.5;3.9
52;2021-03-15;318;27;13076;6607;7.7;3.9
52;2021-03-16;203;15;13279;6622;7.8;3.9
52;2021-03-17;367;13;13646;6635;8.1;3.9
52;2021-03-18;442;9;14088;6644;8.3;3.9
52;2021-03-19;452;54;14540;6698;8.6;4.0
52;2021-03-20;259;12;14799;6710;8.7;4.0
52;2021-03-21;15;1;14814;6711;8.8;4.0
52;2021-03-22;375;49;15189;6760;9.0;4.0
52;2021-03-23;685;88;15874;6848;9.4;4.0
52;2021-03-24;771;71;16645;6919;9.8;4.1
52;2021-03-25;1141;88;17786;7007;10.5;4.1
52;2021-03-26;1037;139;18823;7146;11.1;4.2
52;2021-03-27;477;76;19300;7222;11.4;4.3
52;2021-03-28;53;0;19353;7222;11.4;4.3
52;2021-03-29;506;184;19859;7406;11.7;4.4
52;2021-03-30;870;297;20729;7703;12.2;4.6
52;2021-03-31;956;292;21685;7995;12.8;4.7
52;2021-04-01;1145;184;22830;8179;13.5;4.8
52;2021-04-02;958;109;23788;8288;14.1;4.9
52;2021-04-03;461;3;24249;8291;14.3;4.9
52;2021-04-04;1;1;24250;8292;14.3;4.9
52;2021-04-05;1;0;24251;8292;14.3;4.9
52;2021-04-06;433;296;24684;8588;14.6;5.1
52;2021-04-07;505;450;25189;9038;14.9;5.3
52;2021-04-08;860;210;26049;9248;15.4;5.5
52;2021-04-09;1059;130;27108;9378;16.0;5.5
52;2021-04-10;852;102;27960;9480;16.5;5.6
52;2021-04-11;96;1;28056;9481;16.6;5.6
52;2021-04-12;932;277;28988;9758;17.1;5.8
52;2021-04-13;1251;378;30239;10136;17.9;6.0
52;2021-04-14;1345;456;31584;10592;18.7;6.3
52;2021-04-15;1506;439;33090;11031;19.6;6.5
52;2021-04-16;1574;364;34664;11395;20.5;6.7
52;2021-04-17;1310;131;35974;11526;21.3;6.8
52;2021-04-18;510;29;36484;11555;21.6;6.8
52;2021-04-19;697;611;37181;12166;22.0;7.2
52;2021-04-20;1080;677;38261;12843;22.6;7.6
52;2021-04-21;1060;675;39321;13518;23.2;8.0
52;2021-04-22;1468;735;40789;14253;24.1;8.4
52;2021-04-23;1253;667;42042;14920;24.8;8.8
52;2021-04-24;477;293;42519;15213;25.1;9.0
52;2021-04-25;3;77;42522;15290;25.1;9.0
52;2021-04-26;632;560;43154;15850;25.5;9.4
52;2021-04-27;933;671;44087;16521;26.0;9.8
52;2021-04-28;1441;564;45528;17085;26.9;10.1
52;2021-04-29;1452;581;46980;17666;27.8;10.4
52;2021-04-30;1316;611;48296;18277;28.5;10.8
52;2021-05-01;8;232;48304;18509;28.5;10.9
52;2021-05-02;0;1;48304;18510;28.5;10.9
52;2021-05-03;1159;628;49463;19138;29.2;11.3
52;2021-05-04;1445;720;50908;19858;30.1;11.7
52;2021-05-05;1768;647;52676;20505;31.1;12.1
52;2021-05-06;1963;535;54639;21040;32.3;12.4
52;2021-05-07;1442;1170;56081;22210;33.1;13.1
52;2021-05-08;589;318;56670;22528;33.5;13.3
52;2021-05-09;1;47;56671;22575;33.5;13.3
52;2021-05-10;793;1101;57464;23676;34.0;14.0
52;2021-05-11;868;1394;58332;25070;34.5;14.8
52;2021-05-12;1207;1382;59539;26452;35.2;15.6
52;2021-05-13;67;184;59606;26636;35.2;15.7
52;2021-05-14;1185;1364;60791;28000;35.9;16.5
52;2021-05-15;491;929;61282;28929;36.2;17.1
52;2021-05-16;8;43;61290;28972;36.2;17.1
52;2021-05-17;1144;704;62434;29676;36.9;17.5
52;2021-05-18;1217;677;63651;30353;37.6;17.9
52;2021-05-19;1542;414;65193;30767;38.5;18.2
52;2021-05-20;1546;421;66739;31188;39.4;18.4
52;2021-05-21;1625;614;68364;31802;40.4;18.8
52;2021-05-22;1089;209;69453;32011;41.0;18.9
52;2021-05-23;1;0;69454;32011;41.0;18.9
52;2021-05-24;405;33;69859;32044;41.3;18.9
52;2021-05-25;1351;385;71210;32429;42.1;19.2
52;2021-05-26;1479;672;72689;33101;42.9;19.6
52;2021-05-27;1565;788;74254;33889;43.9;20.0
52;2021-05-28;1493;672;75747;34561;44.8;20.4
52;2021-05-29;696;834;76443;35395;45.2;20.9
52;2021-05-30;16;550;76459;35945;45.2;21.2
52;2021-05-31;824;830;77283;36775;45.7;21.7
52;2021-06-01;956;816;78239;37591;46.2;22.2
52;2021-06-02;895;754;79134;38345;46.8;22.7
52;2021-06-03;825;824;79959;39169;47.2;23.1
52;2021-06-04;883;1340;80842;40509;47.8;23.9
52;2021-06-05;581;637;81423;41146;48.1;24.3
52;2021-06-06;27;55;81450;41201;48.1;24.3
52;2021-06-07;359;931;81809;42132;48.3;24.9
52;2021-06-08;556;1469;82365;43601;48.7;25.8
52;2021-06-09;612;1474;82977;45075;49.0;26.6
52;2021-06-10;794;1158;83771;46233;49.5;27.3
52;2021-06-11;830;1349;84601;47582;50.0;28.1
52;2021-06-12;422;586;85023;48168;50.2;28.5
52;2021-06-13;2;6;85025;48174;50.2;28.5
52;2021-06-14;171;1413;85196;49587;50.3;29.3
52;2021-06-15;221;1809;85417;51396;50.5;30.4
52;2021-06-16;352;1996;85769;53392;50.7;31.5
52;2021-06-17;265;1155;86034;54547;50.8;32.2
52;2021-06-18;308;1553;86342;56100;51.0;33.1
52;2021-06-19;502;690;86844;56790;51.3;33.6
52;2021-06-20;1;17;86845;56807;51.3;33.6
52;2021-06-21;522;897;87367;57704;51.6;34.1
52;2021-06-22;503;1048;87870;58752;51.9;34.7
52;2021-06-23;563;1043;88433;59795;52.2;35.3
52;2021-06-24;610;715;89043;60510;52.6;35.8
52;2021-06-25;661;1313;89704;61823;53.0;36.5
52;2021-06-26;264;722;89968;62545;53.2;37.0
52;2021-06-27;1;8;89969;62553;53.2;37.0
52;2021-06-28;185;1443;90154;63996;53.3;37.8
52;2021-06-29;164;1414;90318;65410;53.4;38.6
52;2021-06-30;219;1468;90537;66878;53.5;39.5
52;2021-07-01;320;1022;90857;67900;53.7;40.1
52;2021-07-02;430;1455;91287;69355;53.9;41.0
52;2021-07-03;302;1147;91589;70502;54.1;41.7
52;2021-07-04;0;11;91589;70513;54.1;41.7
52;2021-07-05;173;1448;91762;71961;54.2;42.5
52;2021-07-06;284;1449;92046;73410;54.4;43.4
52;2021-07-07;309;1165;92355;74575;54.6;44.1
52;2021-07-08;473;1165;92828;75740;54.8;44.8
52;2021-07-09;288;1619;93116;77359;55.0;45.7
52;2021-07-10;155;822;93271;78181;55.1;46.2
52;2021-07-11;13;12;93284;78193;55.1;46.2
52;2021-07-12;300;1466;93584;79659;55.3;47.1
52;2021-07-13;590;1369;94174;81028;55.6;47.9
52;2021-07-14;437;152;94611;81180;55.9;48.0
52;2021-07-15;614;1429;95225;82609;56.3;48.8
52;2021-07-16;900;1336;96125;83945;56.8;49.6
52;2021-07-17;530;342;96655;84287;57.1;49.8
52;2021-07-18;3;12;96658;84299;57.1;49.8
52;2021-07-19;690;985;97348;85284;57.5;50.4
52;2021-07-20;1110;832;98458;86116;58.2;50.9
52;2021-07-21;1161;737;99619;86853;58.9;51.3
52;2021-07-22;1443;866;101062;87719;59.7;51.8
52;2021-07-23;1396;957;102458;88676;60.5;52.4
52;2021-07-24;873;486;103331;89162;61.1;52.7
52;2021-07-25;22;21;103353;89183;61.1;52.7
52;2021-07-26;1009;614;104362;89797;61.7;53.1
52;2021-07-27;1341;655;105703;90452;62.5;53.4
52;2021-07-28;1379;642;107082;91094;63.3;53.8
52;2021-07-29;1261;621;108343;91715;64.0;54.2
52;2021-07-30;1364;709;109707;92424;64.8;54.6
52;2021-07-31;873;549;110580;92973;65.3;54.9
52;2021-08-01;1;14;110581;92987;65.3;54.9
52;2021-08-02;1178;563;111759;93550;66.0;55.3
52;2021-08-03;1358;538;113117;94088;66.8;55.6
52;2021-08-04;1146;581;114263;94669;67.5;55.9
52;2021-08-05;1020;575;115283;95244;68.1;56.3
52;2021-08-06;1051;700;116334;95944;68.7;56.7
52;2021-08-07;517;420;116851;96364;69.0;56.9
52;2021-08-08;0;6;116851;96370;69.0;56.9
52;2021-08-09;463;870;117314;97240;69.3;57.5
52;2021-08-10;713;749;118027;97989;69.7;57.9
52;2021-08-11;524;836;118551;98825;70.0;58.4
52;2021-08-12;614;750;119165;99575;70.4;58.8
52;2021-08-13;404;1027;119569;100602;70.6;59.4
52;2021-08-14;417;360;119986;100962;70.9;59.7
52;2021-08-15;12;13;119998;100975;70.9;59.7
52;2021-08-16;325;938;120323;101913;71.1;60.2
52;2021-08-17;402;911;120725;102824;71.3;60.8
52;2021-08-18;474;944;121199;103768;71.6;61.3
52;2021-08-19;456;835;121655;104603;71.9;61.8
52;2021-08-20;384;1210;122039;105813;72.1;62.5
52;2021-08-21;394;603;122433;106416;72.3;62.9
52;2021-08-22;4;11;122437;106427;72.3;62.9
52;2021-08-23;426;1056;122863;107483;72.6;63.5
52;2021-08-24;297;1077;123160;108560;72.8;64.1
52;2021-08-25;250;1059;123410;109619;72.9;64.8
52;2021-08-26;296;915;123706;110534;73.1;65.3
52;2021-08-27;426;1276;124132;111810;73.3;66.1
52;2021-08-28;243;494;124375;112304;73.5;66.4
52;2021-08-29;3;25;124378;112329;73.5;66.4
52;2021-08-30;203;998;124581;113327;73.6;67.0
52;2021-08-31;204;1054;124785;114381;73.7;67.6
53;2020-12-27;0;0;0;0;0.0;0.0
53;2020-12-28;0;0;0;0;0.0;0.0
53;2020-12-29;0;0;0;0;0.0;0.0
53;2020-12-30;0;0;0;0;0.0;0.0
53;2020-12-31;0;0;0;0;0.0;0.0
53;2021-01-01;0;0;0;0;0.0;0.0
53;2021-01-02;0;0;0;0;0.0;0.0
53;2021-01-03;0;0;0;0;0.0;0.0
53;2021-01-04;1;0;1;0;0.0;0.0
53;2021-01-05;0;0;1;0;0.0;0.0
53;2021-01-06;0;0;1;0;0.0;0.0
53;2021-01-07;102;0;103;0;0.0;0.0
53;2021-01-08;284;1;387;1;0.1;0.0
53;2021-01-09;134;1;521;2;0.2;0.0
53;2021-01-10;15;0;536;2;0.2;0.0
53;2021-01-11;176;0;712;2;0.2;0.0
53;2021-01-12;454;1;1166;3;0.4;0.0
53;2021-01-13;253;0;1419;3;0.5;0.0
53;2021-01-14;290;7;1709;10;0.6;0.0
53;2021-01-15;343;4;2052;14;0.7;0.0
53;2021-01-16;61;0;2113;14;0.7;0.0
53;2021-01-17;24;1;2137;15;0.7;0.0
53;2021-01-18;364;0;2501;15;0.8;0.0
53;2021-01-19;594;0;3095;15;1.0;0.0
53;2021-01-20;742;0;3837;15;1.3;0.0
53;2021-01-21;769;2;4606;17;1.5;0.0
53;2021-01-22;705;2;5311;19;1.7;0.0
53;2021-01-23;160;0;5471;19;1.8;0.0
53;2021-01-24;6;0;5477;19;1.8;0.0
53;2021-01-25;550;0;6027;19;2.0;0.0
53;2021-01-26;1198;6;7225;25;2.4;0.0
53;2021-01-27;696;6;7921;31;2.6;0.0
53;2021-01-28;737;95;8658;126;2.8;0.0
53;2021-01-29;422;186;9080;312;3.0;0.1
53;2021-01-30;129;0;9209;312;3.0;0.1
53;2021-01-31;0;0;9209;312;3.0;0.1
53;2021-02-01;298;149;9507;461;3.1;0.2
53;2021-02-02;309;230;9816;691;3.2;0.2
53;2021-02-03;227;374;10043;1065;3.3;0.3
53;2021-02-04;184;331;10227;1396;3.3;0.5
53;2021-02-05;234;303;10461;1699;3.4;0.6
53;2021-02-06;153;23;10614;1722;3.5;0.6
53;2021-02-07;0;0;10614;1722;3.5;0.6
53;2021-02-08;168;104;10782;1826;3.5;0.6
53;2021-02-09;369;215;11151;2041;3.7;0.7
53;2021-02-10;266;433;11417;2474;3.7;0.8
53;2021-02-11;432;490;11849;2964;3.9;1.0
53;2021-02-12;318;571;12167;3535;4.0;1.2
53;2021-02-13;96;65;12263;3600;4.0;1.2
53;2021-02-14;0;99;12263;3699;4.0;1.2
53;2021-02-15;239;421;12502;4120;4.1;1.3
53;2021-02-16;528;834;13030;4954;4.3;1.6
53;2021-02-17;391;614;13421;5568;4.4;1.8
53;2021-02-18;546;573;13967;6141;4.6;2.0
53;2021-02-19;895;418;14862;6559;4.9;2.1
53;2021-02-20;139;112;15001;6671;4.9;2.2
53;2021-02-21;1;20;15002;6691;4.9;2.2
53;2021-02-22;161;579;15163;7270;5.0;2.4
53;2021-02-23;59;647;15222;7917;5.0;2.6
53;2021-02-24;137;509;15359;8426;5.0;2.8
53;2021-02-25;457;359;15816;8785;5.2;2.9
53;2021-02-26;438;260;16254;9045;5.3;3.0
53;2021-02-27;86;115;16340;9160;5.4;3.0
53;2021-02-28;0;0;16340;9160;5.4;3.0
53;2021-03-01;230;277;16570;9437;5.4;3.1
53;2021-03-02;246;255;16816;9692;5.5;3.2
53;2021-03-03;321;391;17137;10083;5.6;3.3
53;2021-03-04;860;343;17997;10426;5.9;3.4
53;2021-03-05;659;280;18656;10706;6.1;3.5
53;2021-03-06;447;212;19103;10918;6.3;3.6
53;2021-03-07;276;5;19379;10923;6.3;3.6
53;2021-03-08;375;179;19754;11102;6.5;3.6
53;2021-03-09;878;247;20632;11349;6.8;3.7
53;2021-03-10;807;109;21439;11458;7.0;3.8
53;2021-03-11;1247;226;22686;11684;7.4;3.8
53;2021-03-12;1603;146;24289;11830;8.0;3.9
53;2021-03-13;824;12;25113;11842;8.2;3.9
53;2021-03-14;1;0;25114;11842;8.2;3.9
53;2021-03-15;1002;299;26116;12141;8.6;4.0
53;2021-03-16;1035;331;27151;12472;8.9;4.1
53;2021-03-17;685;259;27836;12731;9.1;4.2
53;2021-03-18;972;345;28808;13076;9.4;4.3
53;2021-03-19;1344;599;30152;13675;9.9;4.5
53;2021-03-20;592;17;30744;13692;10.1;4.5
53;2021-03-21;3;0;30747;13692;10.1;4.5
53;2021-03-22;1213;157;31960;13849;10.5;4.5
53;2021-03-23;1698;71;33658;13920;11.0;4.6
53;2021-03-24;1323;118;34981;14038;11.5;4.6
53;2021-03-25;2323;235;37304;14273;12.2;4.7
53;2021-03-26;1884;150;39188;14423;12.8;4.7
53;2021-03-27;339;3;39527;14426;12.9;4.7
53;2021-03-28;2;0;39529;14426;12.9;4.7
53;2021-03-29;1474;213;41003;14639;13.4;4.8
53;2021-03-30;1944;201;42947;14840;14.1;4.9
53;2021-03-31;1791;223;44738;15063;14.7;4.9
53;2021-04-01;1947;673;46685;15736;15.3;5.2
53;2021-04-02;2076;227;48761;15963;16.0;5.2
53;2021-04-03;414;1;49175;15964;16.1;5.2
53;2021-04-04;10;0;49185;15964;16.1;5.2
53;2021-04-05;9;15;49194;15979;16.1;5.2
53;2021-04-06;1304;502;50498;16481;16.5;5.4
53;2021-04-07;1176;925;51674;17406;16.9;5.7
53;2021-04-08;1663;1006;53337;18412;17.5;6.0
53;2021-04-09;1958;405;55295;18817;18.1;6.2
53;2021-04-10;543;13;55838;18830;18.3;6.2
53;2021-04-11;12;0;55850;18830;18.3;6.2
53;2021-04-12;694;1067;56544;19897;18.5;6.5
53;2021-04-13;1470;1109;58014;21006;19.0;6.9
53;2021-04-14;1024;736;59038;21742;19.3;7.1
53;2021-04-15;1158;1107;60196;22849;19.7;7.5
53;2021-04-16;1271;816;61467;23665;20.1;7.7
53;2021-04-17;281;274;61748;23939;20.2;7.8
53;2021-04-18;0;0;61748;23939;20.2;7.8
53;2021-04-19;681;1068;62429;25007;20.4;8.2
53;2021-04-20;936;1452;63365;26459;20.8;8.7
53;2021-04-21;851;1011;64216;27470;21.0;9.0
53;2021-04-22;1046;1613;65262;29083;21.4;9.5
53;2021-04-23;1328;1053;66590;30136;21.8;9.9
53;2021-04-24;68;7;66658;30143;21.8;9.9
53;2021-04-25;6;39;66664;30182;21.8;9.9
53;2021-04-26;368;1238;67032;31420;22.0;10.3
53;2021-04-27;724;1972;67756;33392;22.2;10.9
53;2021-04-28;978;1394;68734;34786;22.5;11.4
53;2021-04-29;1051;1713;69785;36499;22.9;12.0
53;2021-04-30;1367;1314;71152;37813;23.3;12.4
53;2021-05-01;36;50;71188;37863;23.3;12.4
53;2021-05-02;0;0;71188;37863;23.3;12.4
53;2021-05-03;1570;708;72758;38571;23.8;12.6
53;2021-05-04;1304;1443;74062;40014;24.3;13.1
53;2021-05-05;1611;827;75673;40841;24.8;13.4
53;2021-05-06;1391;1400;77064;42241;25.2;13.8
53;2021-05-07;1538;1303;78602;43544;25.7;14.3
53;2021-05-08;939;36;79541;43580;26.0;14.3
53;2021-05-09;11;2;79552;43582;26.1;14.3
53;2021-05-10;2416;815;81968;44397;26.8;14.5
53;2021-05-11;3097;1286;85065;45683;27.9;15.0
53;2021-05-12;2750;1093;87815;46776;28.8;15.3
53;2021-05-13;350;28;88165;46804;28.9;15.3
53;2021-05-14;2021;679;90186;47483;29.5;15.5
53;2021-05-15;1058;64;91244;47547;29.9;15.6
53;2021-05-16;3;0;91247;47547;29.9;15.6
53;2021-05-17;1701;1196;92948;48743;30.4;16.0
53;2021-05-18;1881;1550;94829;50293;31.1;16.5
53;2021-05-19;2303;745;97132;51038;31.8;16.7
53;2021-05-20;3217;867;100349;51905;32.9;17.0
53;2021-05-21;2798;830;103147;52735;33.8;17.3
53;2021-05-22;21;60;103168;52795;33.8;17.3
53;2021-05-23;0;0;103168;52795;33.8;17.3
53;2021-05-24;8;6;103176;52801;33.8;17.3
53;2021-05-25;1819;803;104995;53604;34.4;17.6
53;2021-05-26;1852;904;106847;54508;35.0;17.9
53;2021-05-27;3073;1078;109920;55586;36.0;18.2
53;2021-05-28;2562;879;112482;56465;36.8;18.5
53;2021-05-29;846;244;113328;56709;37.1;18.6
53;2021-05-30;18;6;113346;56715;37.1;18.6
53;2021-05-31;2564;803;115910;57518;38.0;18.8
53;2021-06-01;3490;1259;119400;58777;39.1;19.2
53;2021-06-02;3183;527;122583;59304;40.1;19.4
53;2021-06-03;4198;788;126781;60092;41.5;19.7
53;2021-06-04;3180;1266;129961;61358;42.6;20.1
53;2021-06-05;137;245;130098;61603;42.6;20.2
53;2021-06-06;1;4;130099;61607;42.6;20.2
53;2021-06-07;2629;923;132728;62530;43.5;20.5
53;2021-06-08;3589;1130;136317;63660;44.6;20.8
53;2021-06-09;2454;942;138771;64602;45.4;21.2
53;2021-06-10;3521;849;142292;65451;46.6;21.4
53;2021-06-11;2966;1214;145258;66665;47.6;21.8
53;2021-06-12;108;138;145366;66803;47.6;21.9
53;2021-06-13;10;2;145376;66805;47.6;21.9
53;2021-06-14;1600;1789;146976;68594;48.1;22.5
53;2021-06-15;1899;2264;148875;70858;48.8;23.2
53;2021-06-16;1826;1733;150701;72591;49.4;23.8
53;2021-06-17;3012;1650;153713;74241;50.3;24.3
53;2021-06-18;2702;1809;156415;76050;51.2;24.9
53;2021-06-19;762;1166;157177;77216;51.5;25.3
53;2021-06-20;3;479;157180;77695;51.5;25.4
53;2021-06-21;918;2526;158098;80221;51.8;26.3
53;2021-06-22;1299;3452;159397;83673;52.2;27.4
53;2021-06-23;1363;2892;160760;86565;52.6;28.3
53;2021-06-24;1802;2032;162562;88597;53.2;29.0
53;2021-06-25;1784;2045;164346;90642;53.8;29.7
53;2021-06-26;977;350;165323;90992;54.1;29.8
53;2021-06-27;8;8;165331;91000;54.1;29.8
53;2021-06-28;662;2901;165993;93901;54.4;30.8
53;2021-06-29;858;3646;166851;97547;54.6;31.9
53;2021-06-30;748;1519;167599;99066;54.9;32.4
53;2021-07-01;1507;2633;169106;101699;55.4;33.3
53;2021-07-02;1528;2026;170634;103725;55.9;34.0
53;2021-07-03;857;572;171491;104297;56.2;34.2
53;2021-07-04;0;4;171491;104301;56.2;34.2
53;2021-07-05;542;2060;172033;106361;56.3;34.8
53;2021-07-06;861;3616;172894;109977;56.6;36.0
53;2021-07-07;1024;2652;173918;112629;57.0;36.9
53;2021-07-08;1313;3118;175231;115747;57.4;37.9
53;2021-07-09;1131;3396;176362;119143;57.8;39.0
53;2021-07-10;422;1000;176784;120143;57.9;39.3
53;2021-07-11;12;20;176796;120163;57.9;39.4
53;2021-07-12;503;3708;177299;123871;58.1;40.6
53;2021-07-13;895;4764;178194;128635;58.4;42.1
53;2021-07-14;104;284;178298;128919;58.4;42.2
53;2021-07-15;1112;4348;179410;133267;58.8;43.6
53;2021-07-16;1248;3847;180658;137114;59.2;44.9
53;2021-07-17;1316;299;181974;137413;59.6;45.0
53;2021-07-18;27;20;182001;137433;59.6;45.0
53;2021-07-19;733;3428;182734;140861;59.8;46.1
53;2021-07-20;985;4124;183719;144985;60.2;47.5
53;2021-07-21;683;3276;184402;148261;60.4;48.6
53;2021-07-22;1512;3523;185914;151784;60.9;49.7
53;2021-07-23;1604;3759;187518;155543;61.4;50.9
53;2021-07-24;956;281;188474;155824;61.7;51.0
53;2021-07-25;60;24;188534;155848;61.7;51.0
53;2021-07-26;1727;1941;190261;157789;62.3;51.7
53;2021-07-27;2357;2823;192618;160612;63.1;52.6
53;2021-07-28;2145;2812;194763;163424;63.8;53.5
53;2021-07-29;2493;2545;197256;165969;64.6;54.4
53;2021-07-30;1827;2646;199083;168615;65.2;55.2
53;2021-07-31;626;232;199709;168847;65.4;55.3
53;2021-08-01;37;25;199746;168872;65.4;55.3
53;2021-08-02;2084;1732;201830;170604;66.1;55.9
53;2021-08-03;2410;1905;204240;172509;66.9;56.5
53;2021-08-04;2479;1858;206719;174367;67.7;57.1
53;2021-08-05;2865;1538;209584;175905;68.6;57.6
53;2021-08-06;2514;1719;212098;177624;69.5;58.2
53;2021-08-07;480;269;212578;177893;69.6;58.3
53;2021-08-08;6;19;212584;177912;69.6;58.3
53;2021-08-09;1838;1649;214422;179561;70.2;58.8
53;2021-08-10;2317;1748;216739;181309;71.0;59.4
53;2021-08-11;1678;862;218417;182171;71.5;59.7
53;2021-08-12;1998;983;220415;183154;72.2;60.0
53;2021-08-13;2036;1303;222451;184457;72.8;60.4
53;2021-08-14;66;63;222517;184520;72.9;60.4
53;2021-08-15;1;2;222518;184522;72.9;60.4
53;2021-08-16;1327;1596;223845;186118;73.3;60.9
53;2021-08-17;1546;1655;225391;187773;73.8;61.5
53;2021-08-18;1515;1602;226906;189375;74.3;62.0
53;2021-08-19;1372;1973;228278;191348;74.8;62.7
53;2021-08-20;1093;2079;229371;193427;75.1;63.3
53;2021-08-21;189;342;229560;193769;75.2;63.5
53;2021-08-22;0;0;229560;193769;75.2;63.5
53;2021-08-23;842;1910;230402;195679;75.5;64.1
53;2021-08-24;901;2114;231303;197793;75.7;64.8
53;2021-08-25;908;2271;232211;200064;76.0;65.5
53;2021-08-26;666;2611;232877;202675;76.3;66.4
53;2021-08-27;752;2642;233629;205317;76.5;67.2
53;2021-08-28;48;133;233677;205450;76.5;67.3
53;2021-08-29;11;31;233688;205481;76.5;67.3
53;2021-08-30;617;2104;234305;207585;76.7;68.0
53;2021-08-31;756;2917;235061;210502;77.0;68.9
54;2020-12-27;0;0;0;0;0.0;0.0
54;2020-12-28;1;0;1;0;0.0;0.0
54;2020-12-29;0;0;1;0;0.0;0.0
54;2020-12-30;0;0;1;0;0.0;0.0
54;2020-12-31;10;0;11;0;0.0;0.0
54;2021-01-01;0;0;11;0;0.0;0.0
54;2021-01-02;0;0;11;0;0.0;0.0
54;2021-01-03;1;0;12;0;0.0;0.0
54;2021-01-04;163;0;175;0;0.0;0.0
54;2021-01-05;395;0;570;0;0.1;0.0
54;2021-01-06;650;1;1220;1;0.2;0.0
54;2021-01-07;817;2;2037;3;0.3;0.0
54;2021-01-08;706;3;2743;6;0.4;0.0
54;2021-01-09;81;0;2824;6;0.4;0.0
54;2021-01-10;78;0;2902;6;0.4;0.0
54;2021-01-11;974;3;3876;9;0.5;0.0
54;2021-01-12;1181;1;5057;10;0.7;0.0
54;2021-01-13;2424;8;7481;18;1.0;0.0
54;2021-01-14;3400;30;10881;48;1.5;0.0
54;2021-01-15;2720;14;13601;62;1.9;0.0
54;2021-01-16;815;3;14416;65;2.0;0.0
54;2021-01-17;209;0;14625;65;2.0;0.0
54;2021-01-18;1557;6;16182;71;2.2;0.0
54;2021-01-19;1705;0;17887;71;2.4;0.0
54;2021-01-20;1525;4;19412;75;2.7;0.0
54;2021-01-21;1371;4;20783;79;2.8;0.0
54;2021-01-22;1092;8;21875;87;3.0;0.0
54;2021-01-23;478;1;22353;88;3.1;0.0
54;2021-01-24;66;0;22419;88;3.1;0.0
54;2021-01-25;946;30;23365;118;3.2;0.0
54;2021-01-26;142;5;23507;123;3.2;0.0
54;2021-01-27;12;161;23519;284;3.2;0.0
54;2021-01-28;32;226;23551;510;3.2;0.1
54;2021-01-29;18;273;23569;783;3.2;0.1
54;2021-01-30;7;0;23576;783;3.2;0.1
54;2021-01-31;1;0;23577;783;3.2;0.1
54;2021-02-01;13;778;23590;1561;3.2;0.2
54;2021-02-02;22;957;23612;2518;3.2;0.3
54;2021-02-03;364;1511;23976;4029;3.3;0.6
54;2021-02-04;738;2414;24714;6443;3.4;0.9
54;2021-02-05;797;1879;25511;8322;3.5;1.1
54;2021-02-06;204;329;25715;8651;3.5;1.2
54;2021-02-07;4;123;25719;8774;3.5;1.2
54;2021-02-08;117;986;25836;9760;3.5;1.3
54;2021-02-09;305;1065;26141;10825;3.6;1.5
54;2021-02-10;385;789;26526;11614;3.6;1.6
54;2021-02-11;294;809;26820;12423;3.7;1.7
54;2021-02-12;447;1281;27267;13704;3.7;1.9
54;2021-02-13;148;236;27415;13940;3.8;1.9
54;2021-02-14;9;11;27424;13951;3.8;1.9
54;2021-02-15;428;1122;27852;15073;3.8;2.1
54;2021-02-16;401;1215;28253;16288;3.9;2.2
54;2021-02-17;518;942;28771;17230;3.9;2.4
54;2021-02-18;595;774;29366;18004;4.0;2.5
54;2021-02-19;520;762;29886;18766;4.1;2.6
54;2021-02-20;33;282;29919;19048;4.1;2.6
54;2021-02-21;3;25;29922;19073;4.1;2.6
54;2021-02-22;484;596;30406;19669;4.2;2.7
54;2021-02-23;679;553;31085;20222;4.3;2.8
54;2021-02-24;728;353;31813;20575;4.4;2.8
54;2021-02-25;1475;719;33288;21294;4.6;2.9
54;2021-02-26;1773;784;35061;22078;4.8;3.0
54;2021-02-27;698;110;35759;22188;4.9;3.0
54;2021-02-28;11;28;35770;22216;4.9;3.0
54;2021-03-01;651;218;36421;22434;5.0;3.1
54;2021-03-02;1505;145;37926;22579;5.2;3.1
54;2021-03-03;1763;62;39689;22641;5.4;3.1
54;2021-03-04;2028;100;41717;22741;5.7;3.1
54;2021-03-05;2796;144;44513;22885;6.1;3.1
54;2021-03-06;4045;113;48558;22998;6.6;3.1
54;2021-03-07;2626;70;51184;23068;7.0;3.2
54;2021-03-08;1337;65;52521;23133;7.2;3.2
54;2021-03-09;2646;105;55167;23238;7.6;3.2
54;2021-03-10;3195;109;58362;23347;8.0;3.2
54;2021-03-11;3392;103;61754;23450;8.5;3.2
54;2021-03-12;4983;183;66737;23633;9.1;3.2
54;2021-03-13;4206;123;70943;23756;9.7;3.3
54;2021-03-14;543;40;71486;23796;9.8;3.3
54;2021-03-15;1719;104;73205;23900;10.0;3.3
54;2021-03-16;1735;176;74940;24076;10.3;3.3
54;2021-03-17;2082;151;77022;24227;10.5;3.3
54;2021-03-18;2060;171;79082;24398;10.8;3.3
54;2021-03-19;3319;275;82401;24673;11.3;3.4
54;2021-03-20;2311;77;84712;24750;11.6;3.4
54;2021-03-21;295;15;85007;24765;11.6;3.4
54;2021-03-22;1034;332;86041;25097;11.8;3.4
54;2021-03-23;1935;523;87976;25620;12.0;3.5
54;2021-03-24;2195;714;90171;26334;12.3;3.6
54;2021-03-25;3177;730;93348;27064;12.8;3.7
54;2021-03-26;3517;822;96865;27886;13.3;3.8
54;2021-03-27;2419;287;99284;28173;13.6;3.9
54;2021-03-28;278;6;99562;28179;13.6;3.9
54;2021-03-29;1669;387;101231;28566;13.9;3.9
54;2021-03-30;2558;983;103789;29549;14.2;4.0
54;2021-03-31;2598;1153;106387;30702;14.6;4.2
54;2021-04-01;3238;1284;109625;31986;15.0;4.4
54;2021-04-02;2964;1686;112589;33672;15.4;4.6
54;2021-04-03;1263;1308;113852;34980;15.6;4.8
54;2021-04-04;137;422;113989;35402;15.6;4.8
54;2021-04-05;145;574;114134;35976;15.6;4.9
54;2021-04-06;1269;1666;115403;37642;15.8;5.2
54;2021-04-07;924;2266;116327;39908;15.9;5.5
54;2021-04-08;2326;2446;118653;42354;16.2;5.8
54;2021-04-09;4123;3154;122776;45508;16.8;6.2
54;2021-04-10;3208;1682;125984;47190;17.2;6.5
54;2021-04-11;207;1002;126191;48192;17.3;6.6
54;2021-04-12;2198;1533;128389;49725;17.6;6.8
54;2021-04-13;3002;1980;131391;51705;18.0;7.1
54;2021-04-14;3263;1871;134654;53576;18.4;7.3
54;2021-04-15;2876;2297;137530;55873;18.8;7.6
54;2021-04-16;3143;2604;140673;58477;19.3;8.0
54;2021-04-17;3475;1490;144148;59967;19.7;8.2
54;2021-04-18;64;245;144212;60212;19.7;8.2
54;2021-04-19;2462;1082;146674;61294;20.1;8.4
54;2021-04-20;3011;1253;149685;62547;20.5;8.6
54;2021-04-21;4403;1634;154088;64181;21.1;8.8
54;2021-04-22;3721;2387;157809;66568;21.6;9.1
54;2021-04-23;3866;2076;161675;68644;22.1;9.4
54;2021-04-24;2345;1037;164020;69681;22.5;9.5
54;2021-04-25;283;276;164303;69957;22.5;9.6
54;2021-04-26;2305;1272;166608;71229;22.8;9.8
54;2021-04-27;3288;1439;169896;72668;23.3;9.9
54;2021-04-28;2978;1952;172874;74620;23.7;10.2
54;2021-04-29;3795;2082;176669;76702;24.2;10.5
54;2021-04-30;4491;1976;181160;78678;24.8;10.8
54;2021-05-01;2264;803;183424;79481;25.1;10.9
54;2021-05-02;229;68;183653;79549;25.1;10.9
54;2021-05-03;3097;943;186750;80492;25.6;11.0
54;2021-05-04;3517;1451;190267;81943;26.0;11.2
54;2021-05-05;4896;1413;195163;83356;26.7;11.4
54;2021-05-06;4437;2802;199600;86158;27.3;11.8
54;2021-05-07;4824;3412;204424;89570;28.0;12.3
54;2021-05-08;2030;644;206454;90214;28.3;12.4
54;2021-05-09;375;136;206829;90350;28.3;12.4
54;2021-05-10;3207;2240;210036;92590;28.8;12.7
54;2021-05-11;5491;2935;215527;95525;29.5;13.1
54;2021-05-12;4145;3390;219672;98915;30.1;13.5
54;2021-05-13;2646;491;222318;99406;30.4;13.6
54;2021-05-14;6884;1998;229202;101404;31.4;13.9
54;2021-05-15;5484;1318;234686;102722;32.1;14.1
54;2021-05-16;946;109;235632;102831;32.3;14.1
54;2021-05-17;3797;828;239429;103659;32.8;14.2
54;2021-05-18;3289;1102;242718;104761;33.2;14.3
54;2021-05-19;3466;1513;246184;106274;33.7;14.6
54;2021-05-20;4538;1623;250722;107897;34.3;14.8
54;2021-05-21;6752;2514;257474;110411;35.3;15.1
54;2021-05-22;5659;1368;263133;111779;36.0;15.3
54;2021-05-23;504;54;263637;111833;36.1;15.3
54;2021-05-24;1444;344;265081;112177;36.3;15.4
54;2021-05-25;4197;1539;269278;113716;36.9;15.6
54;2021-05-26;3535;2215;272813;115931;37.4;15.9
54;2021-05-27;4182;2440;276995;118371;37.9;16.2
54;2021-05-28;4980;3567;281975;121938;38.6;16.7
54;2021-05-29;3847;3989;285822;125927;39.1;17.2
54;2021-05-30;127;83;285949;126010;39.1;17.3
54;2021-05-31;2939;3068;288888;129078;39.6;17.7
54;2021-06-01;2621;4202;291509;133280;39.9;18.2
54;2021-06-02;2164;4098;293673;137378;40.2;18.8
54;2021-06-03;3145;5661;296818;143039;40.6;19.6
54;2021-06-04;5100;5485;301918;148524;41.3;20.3
54;2021-06-05;2342;3284;304260;151808;41.7;20.8
54;2021-06-06;71;236;304331;152044;41.7;20.8
54;2021-06-07;3705;2933;308036;154977;42.2;21.2
54;2021-06-08;4544;4268;312580;159245;42.8;21.8
54;2021-06-09;6005;3315;318585;162560;43.6;22.3
54;2021-06-10;5299;4449;323884;167009;44.3;22.9
54;2021-06-11;5021;4919;328905;171928;45.0;23.5
54;2021-06-12;4244;3230;333149;175158;45.6;24.0
54;2021-06-13;54;210;333203;175368;45.6;24.0
54;2021-06-14;2331;3594;335534;178962;45.9;24.5
54;2021-06-15;2831;4736;338365;183698;46.3;25.2
54;2021-06-16;3489;5660;341854;189358;46.8;25.9
54;2021-06-17;3137;5220;344991;194578;47.2;26.6
54;2021-06-18;4156;6239;349147;200817;47.8;27.5
54;2021-06-19;2646;3127;351793;203944;48.2;27.9
54;2021-06-20;101;339;351894;204283;48.2;28.0
54;2021-06-21;2558;4768;354452;209051;48.5;28.6
54;2021-06-22;2042;6226;356494;215277;48.8;29.5
54;2021-06-23;2245;5591;358739;220868;49.1;30.2
54;2021-06-24;2093;3457;360832;224325;49.4;30.7
54;2021-06-25;2200;7056;363032;231381;49.7;31.7
54;2021-06-26;2381;5669;365413;237050;50.0;32.5
54;2021-06-27;134;608;365547;237658;50.0;32.5
54;2021-06-28;1959;4352;367506;242010;50.3;33.1
54;2021-06-29;1936;5207;369442;247217;50.6;33.8
54;2021-06-30;1982;5120;371424;252337;50.9;34.5
54;2021-07-01;2138;5984;373562;258321;51.1;35.4
54;2021-07-02;2816;7563;376378;265884;51.5;36.4
54;2021-07-03;2834;4096;379212;269980;51.9;37.0
54;2021-07-04;195;498;379407;270478;51.9;37.0
54;2021-07-05;1671;4256;381078;274734;52.2;37.6
54;2021-07-06;2002;5076;383080;279810;52.4;38.3
54;2021-07-07;1904;4840;384984;284650;52.7;39.0
54;2021-07-08;1679;4112;386663;288762;52.9;39.5
54;2021-07-09;3203;6024;389866;294786;53.4;40.4
54;2021-07-10;2542;4372;392408;299158;53.7;41.0
54;2021-07-11;8;103;392416;299261;53.7;41.0
54;2021-07-12;2100;4689;394516;303950;54.0;41.6
54;2021-07-13;2621;4972;397137;308922;54.4;42.3
54;2021-07-14;1535;1504;398672;310426;54.6;42.5
54;2021-07-15;3175;4838;401847;315264;55.0;43.2
54;2021-07-16;4664;6224;406511;321488;55.7;44.0
54;2021-07-17;4007;4769;410518;326257;56.2;44.7
54;2021-07-18;1804;1681;412322;327938;56.5;44.9
54;2021-07-19;2589;4043;414911;331981;56.8;45.5
54;2021-07-20;2907;4814;417818;336795;57.2;46.1
54;2021-07-21;3133;6337;420951;343132;57.6;47.0
54;2021-07-22;3276;5735;424227;348867;58.1;47.8
54;2021-07-23;3981;6991;428208;355858;58.6;48.7
54;2021-07-24;2943;5323;431151;361181;59.0;49.4
54;2021-07-25;71;50;431222;361231;59.0;49.5
54;2021-07-26;2982;4175;434204;365406;59.4;50.0
54;2021-07-27;3712;4006;437916;369412;60.0;50.6
54;2021-07-28;5202;3865;443118;373277;60.7;51.1
54;2021-07-29;5153;3209;448271;376486;61.4;51.5
54;2021-07-30;5127;4997;453398;381483;62.1;52.2
54;2021-07-31;4522;3229;457920;384712;62.7;52.7
54;2021-08-01;256;73;458176;384785;62.7;52.7
54;2021-08-02;3078;3706;461254;388491;63.2;53.2
54;2021-08-03;4094;2916;465348;391407;63.7;53.6
54;2021-08-04;4400;2699;469748;394106;64.3;54.0
54;2021-08-05;4604;2433;474352;396539;64.9;54.3
54;2021-08-06;5416;3999;479768;400538;65.7;54.8
54;2021-08-07;3644;2828;483412;403366;66.2;55.2
54;2021-08-08;247;114;483659;403480;66.2;55.2
54;2021-08-09;2966;2693;486625;406173;66.6;55.6
54;2021-08-10;2548;3768;489173;409941;67.0;56.1
54;2021-08-11;2311;2566;491484;412507;67.3;56.5
54;2021-08-12;2148;3012;493632;415519;67.6;56.9
54;2021-08-13;2586;4449;496218;419968;67.9;57.5
54;2021-08-14;1410;2076;497628;422044;68.1;57.8
54;2021-08-15;30;43;497658;422087;68.1;57.8
54;2021-08-16;1824;3429;499482;425516;68.4;58.3
54;2021-08-17;1926;3312;501408;428828;68.6;58.7
54;2021-08-18;1483;4100;502891;432928;68.9;59.3
54;2021-08-19;1239;2787;504130;435715;69.0;59.7
54;2021-08-20;1840;4930;505970;440645;69.3;60.3
54;2021-08-21;1454;4015;507424;444660;69.5;60.9
54;2021-08-22;58;27;507482;444687;69.5;60.9
54;2021-08-23;1200;3841;508682;448528;69.6;61.4
54;2021-08-24;1115;3153;509797;451681;69.8;61.8
54;2021-08-25;1400;4371;511197;456052;70.0;62.4
54;2021-08-26;990;3107;512187;459159;70.1;62.9
54;2021-08-27;1492;5312;513679;464471;70.3;63.6
54;2021-08-28;1080;4252;514759;468723;70.5;64.2
54;2021-08-29;14;50;514773;468773;70.5;64.2
54;2021-08-30;1148;4181;515921;472954;70.6;64.8
54;2021-08-31;1017;4688;516938;477642;70.8;65.4
55;2020-12-27;0;0;0;0;0.0;0.0
55;2020-12-28;0;0;0;0;0.0;0.0
55;2020-12-29;0;0;0;0;0.0;0.0
55;2020-12-30;0;0;0;0;0.0;0.0
55;2020-12-31;0;0;0;0;0.0;0.0
55;2021-01-01;0;0;0;0;0.0;0.0
55;2021-01-02;0;0;0;0;0.0;0.0
55;2021-01-03;0;0;0;0;0.0;0.0
55;2021-01-04;1;0;1;0;0.0;0.0
55;2021-01-05;0;0;1;0;0.0;0.0
55;2021-01-06;0;0;1;0;0.0;0.0
55;2021-01-07;122;0;123;0;0.1;0.0
55;2021-01-08;127;0;250;0;0.1;0.0
55;2021-01-09;52;0;302;0;0.2;0.0
55;2021-01-10;0;0;302;0;0.2;0.0
55;2021-01-11;128;1;430;1;0.2;0.0
55;2021-01-12;119;0;549;1;0.3;0.0
55;2021-01-13;135;0;684;1;0.4;0.0
55;2021-01-14;644;7;1328;8;0.7;0.0
55;2021-01-15;237;0;1565;8;0.9;0.0
55;2021-01-16;62;0;1627;8;0.9;0.0
55;2021-01-17;1;0;1628;8;0.9;0.0
55;2021-01-18;413;1;2041;9;1.1;0.0
55;2021-01-19;352;3;2393;12;1.3;0.0
55;2021-01-20;453;2;2846;14;1.6;0.0
55;2021-01-21;430;0;3276;14;1.8;0.0
55;2021-01-22;391;0;3667;14;2.0;0.0
55;2021-01-23;49;0;3716;14;2.0;0.0
55;2021-01-24;0;0;3716;14;2.0;0.0
55;2021-01-25;436;0;4152;14;2.3;0.0
55;2021-01-26;431;0;4583;14;2.5;0.0
55;2021-01-27;424;0;5007;14;2.8;0.0
55;2021-01-28;485;97;5492;111;3.0;0.1
55;2021-01-29;159;54;5651;165;3.1;0.1
55;2021-01-30;92;28;5743;193;3.2;0.1
55;2021-01-31;0;0;5743;193;3.2;0.1
55;2021-02-01;153;175;5896;368;3.2;0.2
55;2021-02-02;159;146;6055;514;3.3;0.3
55;2021-02-03;53;157;6108;671;3.4;0.4
55;2021-02-04;234;398;6342;1069;3.5;0.6
55;2021-02-05;174;139;6516;1208;3.6;0.7
55;2021-02-06;62;56;6578;1264;3.6;0.7
55;2021-02-07;2;53;6580;1317;3.6;0.7
55;2021-02-08;0;18;6580;1335;3.6;0.7
55;2021-02-09;92;116;6672;1451;3.7;0.8
55;2021-02-10;65;23;6737;1474;3.7;0.8
55;2021-02-11;175;98;6912;1572;3.8;0.9
55;2021-02-12;94;28;7006;1600;3.9;0.9
55;2021-02-13;0;0;7006;1600;3.9;0.9
55;2021-02-14;0;0;7006;1600;3.9;0.9
55;2021-02-15;15;407;7021;2007;3.9;1.1
55;2021-02-16;143;394;7164;2401;3.9;1.3
55;2021-02-17;26;488;7190;2889;4.0;1.6
55;2021-02-18;20;339;7210;3228;4.0;1.8
55;2021-02-19;125;288;7335;3516;4.0;1.9
55;2021-02-20;11;0;7346;3516;4.0;1.9
55;2021-02-21;0;0;7346;3516;4.0;1.9
55;2021-02-22;55;453;7401;3969;4.1;2.2
55;2021-02-23;85;438;7486;4407;4.1;2.4
55;2021-02-24;72;415;7558;4822;4.2;2.7
55;2021-02-25;270;680;7828;5502;4.3;3.0
55;2021-02-26;324;234;8152;5736;4.5;3.2
55;2021-02-27;125;87;8277;5823;4.6;3.2
55;2021-02-28;2;8;8279;5831;4.6;3.2
55;2021-03-01;77;141;8356;5972;4.6;3.3
55;2021-03-02;124;170;8480;6142;4.7;3.4
55;2021-03-03;198;3;8678;6145;4.8;3.4
55;2021-03-04;238;43;8916;6188;4.9;3.4
55;2021-03-05;362;47;9278;6235;5.1;3.4
55;2021-03-06;224;6;9502;6241;5.2;3.4
55;2021-03-07;70;1;9572;6242;5.3;3.4
55;2021-03-08;329;48;9901;6290;5.5;3.5
55;2021-03-09;635;50;10536;6340;5.8;3.5
55;2021-03-10;396;24;10932;6364;6.0;3.5
55;2021-03-11;597;146;11529;6510;6.3;3.6
55;2021-03-12;815;93;12344;6603;6.8;3.6
55;2021-03-13;523;12;12867;6615;7.1;3.6
55;2021-03-14;14;0;12881;6615;7.1;3.6
55;2021-03-15;393;24;13274;6639;7.3;3.7
55;2021-03-16;568;108;13842;6747;7.6;3.7
55;2021-03-17;683;21;14525;6768;8.0;3.7
55;2021-03-18;323;23;14848;6791;8.2;3.7
55;2021-03-19;471;59;15319;6850;8.4;3.8
55;2021-03-20;254;15;15573;6865;8.6;3.8
55;2021-03-21;1;1;15574;6866;8.6;3.8
55;2021-03-22;474;20;16048;6886;8.8;3.8
55;2021-03-23;972;65;17020;6951;9.4;3.8
55;2021-03-24;802;42;17822;6993;9.8;3.8
55;2021-03-25;1098;81;18920;7074;10.4;3.9
55;2021-03-26;602;35;19522;7109;10.7;3.9
55;2021-03-27;256;23;19778;7132;10.9;3.9
55;2021-03-28;0;0;19778;7132;10.9;3.9
55;2021-03-29;944;39;20722;7171;11.4;3.9
55;2021-03-30;1425;72;22147;7243;12.2;4.0
55;2021-03-31;1484;69;23631;7312;13.0;4.0
55;2021-04-01;1206;127;24837;7439;13.7;4.1
55;2021-04-02;902;75;25739;7514;14.2;4.1
55;2021-04-03;93;12;25832;7526;14.2;4.1
55;2021-04-04;2;0;25834;7526;14.2;4.1
55;2021-04-05;6;12;25840;7538;14.2;4.1
55;2021-04-06;933;277;26773;7815;14.7;4.3
55;2021-04-07;993;237;27766;8052;15.3;4.4
55;2021-04-08;1649;421;29415;8473;16.2;4.7
55;2021-04-09;1430;262;30845;8735;17.0;4.8
55;2021-04-10;242;174;31087;8909;17.1;4.9
55;2021-04-11;452;21;31539;8930;17.4;4.9
55;2021-04-12;855;329;32394;9259;17.8;5.1
55;2021-04-13;1355;529;33749;9788;18.6;5.4
55;2021-04-14;1372;728;35121;10516;19.3;5.8
55;2021-04-15;1636;459;36757;10975;20.2;6.0
55;2021-04-16;705;378;37462;11353;20.6;6.3
55;2021-04-17;677;31;38139;11384;21.0;6.3
55;2021-04-18;38;18;38177;11402;21.0;6.3
55;2021-04-19;961;347;39138;11749;21.5;6.5
55;2021-04-20;1173;775;40311;12524;22.2;6.9
55;2021-04-21;991;640;41302;13164;22.7;7.2
55;2021-04-22;1099;679;42401;13843;23.3;7.6
55;2021-04-23;1424;596;43825;14439;24.1;7.9
55;2021-04-24;313;124;44138;14563;24.3;8.0
55;2021-04-25;384;51;44522;14614;24.5;8.0
55;2021-04-26;478;816;45000;15430;24.8;8.5
55;2021-04-27;570;995;45570;16425;25.1;9.0
55;2021-04-28;931;816;46501;17241;25.6;9.5
55;2021-04-29;1118;857;47619;18098;26.2;10.0
55;2021-04-30;1280;623;48899;18721;26.9;10.3
55;2021-05-01;153;132;49052;18853;27.0;10.4
55;2021-05-02;2;3;49054;18856;27.0;10.4
55;2021-05-03;1208;629;50262;19485;27.7;10.7
55;2021-05-04;683;1179;50945;20664;28.0;11.4
55;2021-05-05;658;1074;51603;21738;28.4;12.0
55;2021-05-06;1347;1160;52950;22898;29.2;12.6
55;2021-05-07;1433;556;54383;23454;29.9;12.9
55;2021-05-08;156;77;54539;23531;30.0;13.0
55;2021-05-09;62;522;54601;24053;30.1;13.2
55;2021-05-10;860;1030;55461;25083;30.5;13.8
55;2021-05-11;1071;1378;56532;26461;31.1;14.6
55;2021-05-12;1031;1766;57563;28227;31.7;15.5
55;2021-05-13;99;75;57662;28302;31.7;15.6
55;2021-05-14;352;558;58014;28860;31.9;15.9
55;2021-05-15;292;492;58306;29352;32.1;16.2
55;2021-05-16;3;10;58309;29362;32.1;16.2
55;2021-05-17;1028;841;59337;30203;32.7;16.6
55;2021-05-18;1567;892;60904;31095;33.5;17.1
55;2021-05-19;1810;782;62714;31877;34.5;17.5
55;2021-05-20;2215;730;64929;32607;35.7;18.0
55;2021-05-21;2011;801;66940;33408;36.9;18.4
55;2021-05-22;198;166;67138;33574;37.0;18.5
55;2021-05-23;23;120;67161;33694;37.0;18.5
55;2021-05-24;0;0;67161;33694;37.0;18.5
55;2021-05-25;1347;653;68508;34347;37.7;18.9
55;2021-05-26;1674;1018;70182;35365;38.6;19.5
55;2021-05-27;1320;981;71502;36346;39.4;20.0
55;2021-05-28;1521;932;73023;37278;40.2;20.5
55;2021-05-29;1402;697;74425;37975;41.0;20.9
55;2021-05-30;15;206;74440;38181;41.0;21.0
55;2021-05-31;1049;1130;75489;39311;41.6;21.6
55;2021-06-01;918;957;76407;40268;42.1;22.2
55;2021-06-02;1163;986;77570;41254;42.7;22.7
55;2021-06-03;703;545;78273;41799;43.1;23.0
55;2021-06-04;1389;1101;79662;42900;43.9;23.6
55;2021-06-05;1366;277;81028;43177;44.6;23.8
55;2021-06-06;0;2;81028;43179;44.6;23.8
55;2021-06-07;790;714;81818;43893;45.0;24.2
55;2021-06-08;699;1075;82517;44968;45.4;24.8
55;2021-06-09;852;871;83369;45839;45.9;25.2
55;2021-06-10;379;275;83748;46114;46.1;25.4
55;2021-06-11;528;1287;84276;47401;46.4;26.1
55;2021-06-12;761;519;85037;47920;46.8;26.4
55;2021-06-13;265;33;85302;47953;47.0;26.4
55;2021-06-14;390;1363;85692;49316;47.2;27.2
55;2021-06-15;574;1212;86266;50528;47.5;27.8
55;2021-06-16;735;832;87001;51360;47.9;28.3
55;2021-06-17;425;859;87426;52219;48.1;28.7
55;2021-06-18;668;1475;88094;53694;48.5;29.6
55;2021-06-19;593;457;88687;54151;48.8;29.8
55;2021-06-20;0;0;88687;54151;48.8;29.8
55;2021-06-21;437;1023;89124;55174;49.1;30.4
55;2021-06-22;335;1014;89459;56188;49.3;30.9
55;2021-06-23;626;1211;90085;57399;49.6;31.6
55;2021-06-24;163;433;90248;57832;49.7;31.8
55;2021-06-25;642;1227;90890;59059;50.0;32.5
55;2021-06-26;418;339;91308;59398;50.3;32.7
55;2021-06-27;1;2;91309;59400;50.3;32.7
55;2021-06-28;149;1380;91458;60780;50.4;33.5
55;2021-06-29;202;1288;91660;62068;50.5;34.2
55;2021-06-30;272;1932;91932;64000;50.6;35.2
55;2021-07-01;387;1978;92319;65978;50.8;36.3
55;2021-07-02;391;1719;92710;67697;51.0;37.3
55;2021-07-03;108;262;92818;67959;51.1;37.4
55;2021-07-04;12;19;92830;67978;51.1;37.4
55;2021-07-05;222;1508;93052;69486;51.2;38.3
55;2021-07-06;327;900;93379;70386;51.4;38.8
55;2021-07-07;388;1801;93767;72187;51.6;39.7
55;2021-07-08;535;1594;94302;73781;51.9;40.6
55;2021-07-09;455;1479;94757;75260;52.2;41.4
55;2021-07-10;356;1112;95113;76372;52.4;42.0
55;2021-07-11;0;9;95113;76381;52.4;42.1
55;2021-07-12;608;1166;95721;77547;52.7;42.7
55;2021-07-13;599;1488;96320;79035;53.0;43.5
55;2021-07-14;0;13;96320;79048;53.0;43.5
55;2021-07-15;782;1646;97102;80694;53.5;44.4
55;2021-07-16;1254;1811;98356;82505;54.1;45.4
55;2021-07-17;1283;820;99639;83325;54.9;45.9
55;2021-07-18;1;2;99640;83327;54.9;45.9
55;2021-07-19;597;785;100237;84112;55.2;46.3
55;2021-07-20;1001;1022;101238;85134;55.7;46.9
55;2021-07-21;1483;1368;102721;86502;56.6;47.6
55;2021-07-22;1170;566;103891;87068;57.2;47.9
55;2021-07-23;1107;1353;104998;88421;57.8;48.7
55;2021-07-24;817;762;105815;89183;58.3;49.1
55;2021-07-25;119;229;105934;89412;58.3;49.2
55;2021-07-26;669;444;106603;89856;58.7;49.5
55;2021-07-27;1157;479;107760;90335;59.3;49.7
55;2021-07-28;1038;1065;108798;91400;59.9;50.3
55;2021-07-29;670;447;109468;91847;60.3;50.6
55;2021-07-30;1271;965;110739;92812;61.0;51.1
55;2021-07-31;711;612;111450;93424;61.4;51.4
55;2021-08-01;9;5;111459;93429;61.4;51.4
55;2021-08-02;625;443;112084;93872;61.7;51.7
55;2021-08-03;642;420;112726;94292;62.1;51.9
55;2021-08-04;1247;956;113973;95248;62.7;52.4
55;2021-08-05;999;321;114972;95569;63.3;52.6
55;2021-08-06;811;1098;115783;96667;63.7;53.2
55;2021-08-07;596;336;116379;97003;64.1;53.4
55;2021-08-08;0;0;116379;97003;64.1;53.4
55;2021-08-09;401;306;116780;97309;64.3;53.6
55;2021-08-10;435;775;117215;98084;64.5;54.0
55;2021-08-11;590;644;117805;98728;64.9;54.4
55;2021-08-12;322;488;118127;99216;65.0;54.6
55;2021-08-13;426;1109;118553;100325;65.3;55.2
55;2021-08-14;135;192;118688;100517;65.3;55.3
55;2021-08-15;11;5;118699;100522;65.3;55.3
55;2021-08-16;245;739;118944;101261;65.5;55.7
55;2021-08-17;254;291;119198;101552;65.6;55.9
55;2021-08-18;540;1241;119738;102793;65.9;56.6
55;2021-08-19;449;960;120187;103753;66.2;57.1
55;2021-08-20;562;1013;120749;104766;66.5;57.7
55;2021-08-21;292;771;121041;105537;66.6;58.1
55;2021-08-22;8;6;121049;105543;66.6;58.1
55;2021-08-23;353;610;121402;106153;66.8;58.4
55;2021-08-24;301;832;121703;106985;67.0;58.9
55;2021-08-25;664;1172;122367;108157;67.4;59.5
55;2021-08-26;448;1250;122815;109407;67.6;60.2
55;2021-08-27;311;1246;123126;110653;67.8;60.9
55;2021-08-28;375;576;123501;111229;68.0;61.2
55;2021-08-29;210;51;123711;111280;68.1;61.3
55;2021-08-30;129;677;123840;111957;68.2;61.6
55;2021-08-31;281;823;124121;112780;68.3;62.1
56;2020-12-27;0;0;0;0;0.0;0.0
56;2020-12-28;1;0;1;0;0.0;0.0
56;2020-12-29;0;0;1;0;0.0;0.0
56;2020-12-30;0;0;1;0;0.0;0.0
56;2020-12-31;0;0;1;0;0.0;0.0
56;2021-01-01;0;0;1;0;0.0;0.0
56;2021-01-02;1;0;2;0;0.0;0.0
56;2021-01-03;0;0;2;0;0.0;0.0
56;2021-01-04;1;0;3;0;0.0;0.0
56;2021-01-05;1;0;4;0;0.0;0.0
56;2021-01-06;2;0;6;0;0.0;0.0
56;2021-01-07;198;0;204;0;0.0;0.0
56;2021-01-08;119;0;323;0;0.0;0.0
56;2021-01-09;1;0;324;0;0.0;0.0
56;2021-01-10;1;0;325;0;0.0;0.0
56;2021-01-11;242;0;567;0;0.1;0.0
56;2021-01-12;754;0;1321;0;0.2;0.0
56;2021-01-13;638;1;1959;1;0.3;0.0
56;2021-01-14;970;2;2929;3;0.4;0.0
56;2021-01-15;843;5;3772;8;0.5;0.0
56;2021-01-16;234;3;4006;11;0.5;0.0
56;2021-01-17;27;0;4033;11;0.5;0.0
56;2021-01-18;1005;1;5038;12;0.7;0.0
56;2021-01-19;864;1;5902;13;0.8;0.0
56;2021-01-20;884;1;6786;14;0.9;0.0
56;2021-01-21;1449;2;8235;16;1.1;0.0
56;2021-01-22;1181;3;9416;19;1.2;0.0
56;2021-01-23;319;2;9735;21;1.3;0.0
56;2021-01-24;6;0;9741;21;1.3;0.0
56;2021-01-25;830;0;10571;21;1.4;0.0
56;2021-01-26;1034;4;11605;25;1.5;0.0
56;2021-01-27;1082;62;12687;87;1.7;0.0
56;2021-01-28;975;123;13662;210;1.8;0.0
56;2021-01-29;873;107;14535;317;1.9;0.0
56;2021-01-30;139;19;14674;336;1.9;0.0
56;2021-01-31;0;0;14674;336;1.9;0.0
56;2021-02-01;479;154;15153;490;2.0;0.1
56;2021-02-02;941;257;16094;747;2.1;0.1
56;2021-02-03;1023;268;17117;1015;2.3;0.1
56;2021-02-04;4701;351;21818;1366;2.9;0.2
56;2021-02-05;3592;431;25410;1797;3.4;0.2
56;2021-02-06;550;169;25960;1966;3.4;0.3
56;2021-02-07;136;26;26096;1992;3.5;0.3
56;2021-02-08;296;290;26392;2282;3.5;0.3
56;2021-02-09;795;501;27187;2783;3.6;0.4
56;2021-02-10;865;699;28052;3482;3.7;0.5
56;2021-02-11;973;1074;29025;4556;3.8;0.6
56;2021-02-12;1151;637;30176;5193;4.0;0.7
56;2021-02-13;220;99;30396;5292;4.0;0.7
56;2021-02-14;6;46;30402;5338;4.0;0.7
56;2021-02-15;622;1073;31024;6411;4.1;0.8
56;2021-02-16;1220;732;32244;7143;4.3;0.9
56;2021-02-17;1189;950;33433;8093;4.4;1.1
56;2021-02-18;1352;876;34785;8969;4.6;1.2
56;2021-02-19;1322;903;36107;9872;4.8;1.3
56;2021-02-20;365;255;36472;10127;4.8;1.3
56;2021-02-21;1;0;36473;10127;4.8;1.3
56;2021-02-22;374;691;36847;10818;4.9;1.4
56;2021-02-23;741;943;37588;11761;5.0;1.6
56;2021-02-24;915;1174;38503;12935;5.1;1.7
56;2021-02-25;2031;4252;40534;17187;5.4;2.3
56;2021-02-26;2356;2248;42890;19435;5.7;2.6
56;2021-02-27;745;446;43635;19881;5.8;2.6
56;2021-02-28;15;114;43650;19995;5.8;2.6
56;2021-03-01;647;555;44297;20550;5.9;2.7
56;2021-03-02;979;787;45276;21337;6.0;2.8
56;2021-03-03;1150;907;46426;22244;6.1;2.9
56;2021-03-04;1967;1036;48393;23280;6.4;3.1
56;2021-03-05;2582;1429;50975;24709;6.7;3.3
56;2021-03-06;1207;219;52182;24928;6.9;3.3
56;2021-03-07;282;24;52464;24952;6.9;3.3
56;2021-03-08;1140;391;53604;25343;7.1;3.4
56;2021-03-09;2042;631;55646;25974;7.4;3.4
56;2021-03-10;2001;937;57647;26911;7.6;3.6
56;2021-03-11;3253;737;60900;27648;8.1;3.7
56;2021-03-12;4208;826;65108;28474;8.6;3.8
56;2021-03-13;1882;148;66990;28622;8.9;3.8
56;2021-03-14;195;2;67185;28624;8.9;3.8
56;2021-03-15;1283;529;68468;29153;9.1;3.9
56;2021-03-16;1089;1029;69557;30182;9.2;4.0
56;2021-03-17;1371;768;70928;30950;9.4;4.1
56;2021-03-18;2000;1860;72928;32810;9.7;4.3
56;2021-03-19;2943;1388;75871;34198;10.0;4.5
56;2021-03-20;1493;207;77364;34405;10.2;4.6
56;2021-03-21;208;22;77572;34427;10.3;4.6
56;2021-03-22;1610;405;79182;34832;10.5;4.6
56;2021-03-23;2806;684;81988;35516;10.9;4.7
56;2021-03-24;3450;525;85438;36041;11.3;4.8
56;2021-03-25;4239;726;89677;36767;11.9;4.9
56;2021-03-26;5092;768;94769;37535;12.5;5.0
56;2021-03-27;1501;294;96270;37829;12.7;5.0
56;2021-03-28;264;11;96534;37840;12.8;5.0
56;2021-03-29;2235;504;98769;38344;13.1;5.1
56;2021-03-30;3519;784;102288;39128;13.5;5.2
56;2021-03-31;3116;720;105404;39848;14.0;5.3
56;2021-04-01;4078;819;109482;40667;14.5;5.4
56;2021-04-02;3927;946;113409;41613;15.0;5.5
56;2021-04-03;1186;270;114595;41883;15.2;5.5
56;2021-04-04;232;3;114827;41886;15.2;5.5
56;2021-04-05;244;8;115071;41894;15.2;5.5
56;2021-04-06;2824;1233;117895;43127;15.6;5.7
56;2021-04-07;4024;1191;121919;44318;16.1;5.9
56;2021-04-08;5298;1164;127217;45482;16.8;6.0
56;2021-04-09;7390;1282;134607;46764;17.8;6.2
56;2021-04-10;2578;427;137185;47191;18.2;6.2
56;2021-04-11;193;101;137378;47292;18.2;6.3
56;2021-04-12;3933;837;141311;48129;18.7;6.4
56;2021-04-13;5966;1265;147277;49394;19.5;6.5
56;2021-04-14;5167;1431;152444;50825;20.2;6.7
56;2021-04-15;7154;1773;159598;52598;21.1;7.0
56;2021-04-16;7843;2013;167441;54611;22.2;7.2
56;2021-04-17;3132;646;170573;55257;22.6;7.3
56;2021-04-18;528;108;171101;55365;22.6;7.3
56;2021-04-19;3719;1264;174820;56629;23.1;7.5
56;2021-04-20;4107;1978;178927;58607;23.7;7.8
56;2021-04-21;4061;2322;182988;60929;24.2;8.1
56;2021-04-22;5174;1923;188162;62852;24.9;8.3
56;2021-04-23;5171;2416;193333;65268;25.6;8.6
56;2021-04-24;2900;643;196233;65911;26.0;8.7
56;2021-04-25;465;150;196698;66061;26.0;8.7
56;2021-04-26;4708;1669;201406;67730;26.7;9.0
56;2021-04-27;5098;2550;206504;70280;27.3;9.3
56;2021-04-28;4968;2243;211472;72523;28.0;9.6
56;2021-04-29;5841;2941;217313;75464;28.8;10.0
56;2021-04-30;6247;2800;223560;78264;29.6;10.4
56;2021-05-01;2489;362;226049;78626;29.9;10.4
56;2021-05-02;307;254;226356;78880;30.0;10.4
56;2021-05-03;3865;2069;230221;80949;30.5;10.7
56;2021-05-04;4383;3906;234604;84855;31.1;11.2
56;2021-05-05;3523;3876;238127;88731;31.5;11.7
56;2021-05-06;4375;5442;242502;94173;32.1;12.5
56;2021-05-07;4268;5012;246770;99185;32.7;13.1
56;2021-05-08;1644;319;248414;99504;32.9;13.2
56;2021-05-09;495;227;248909;99731;32.9;13.2
56;2021-05-10;3750;3811;252659;103542;33.4;13.7
56;2021-05-11;4170;5052;256829;108594;34.0;14.4
56;2021-05-12;4342;4777;261171;113371;34.6;15.0
56;2021-05-13;2397;1013;263568;114384;34.9;15.1
56;2021-05-14;4228;4361;267796;118745;35.4;15.7
56;2021-05-15;2487;1894;270283;120639;35.8;16.0
56;2021-05-16;237;488;270520;121127;35.8;16.0
56;2021-05-17;2512;3668;273032;124795;36.1;16.5
56;2021-05-18;3520;4100;276552;128895;36.6;17.1
56;2021-05-19;3528;3402;280080;132297;37.1;17.5
56;2021-05-20;3803;4821;283883;137118;37.6;18.1
56;2021-05-21;3746;5229;287629;142347;38.1;18.8
56;2021-05-22;1698;2208;289327;144555;38.3;19.1
56;2021-05-23;284;197;289611;144752;38.3;19.2
56;2021-05-24;2058;498;291669;145250;38.6;19.2
56;2021-05-25;3140;4472;294809;149722;39.0;19.8
56;2021-05-26;3735;3938;298544;153660;39.5;20.3
56;2021-05-27;4361;4869;302905;158529;40.1;21.0
56;2021-05-28;4637;5959;307542;164488;40.7;21.8
56;2021-05-29;1886;1635;309428;166123;41.0;22.0
56;2021-05-30;318;67;309746;166190;41.0;22.0
56;2021-05-31;4502;3224;314248;169414;41.6;22.4
56;2021-06-01;5664;3383;319912;172797;42.3;22.9
56;2021-06-02;5638;2955;325550;175752;43.1;23.3
56;2021-06-03;6188;3308;331738;179060;43.9;23.7
56;2021-06-04;5814;4411;337552;183471;44.7;24.3
56;2021-06-05;4346;2384;341898;185855;45.3;24.6
56;2021-06-06;496;616;342394;186471;45.3;24.7
56;2021-06-07;5104;3173;347498;189644;46.0;25.1
56;2021-06-08;6069;3377;353567;193021;46.8;25.5
56;2021-06-09;6433;2813;360000;195834;47.6;25.9
56;2021-06-10;7479;2874;367479;198708;48.6;26.3
56;2021-06-11;6765;3869;374244;202577;49.5;26.8
56;2021-06-12;5102;2065;379346;204642;50.2;27.1
56;2021-06-13;1980;439;381326;205081;50.5;27.1
56;2021-06-14;3311;4593;384637;209674;50.9;27.8
56;2021-06-15;4204;4897;388841;214571;51.5;28.4
56;2021-06-16;4497;4503;393338;219074;52.1;29.0
56;2021-06-17;4258;4751;397596;223825;52.6;29.6
56;2021-06-18;4517;5975;402113;229800;53.2;30.4
56;2021-06-19;3837;2144;405950;231944;53.7;30.7
56;2021-06-20;1504;340;407454;232284;53.9;30.7
56;2021-06-21;3308;4463;410762;236747;54.4;31.3
56;2021-06-22;3485;5446;414247;242193;54.8;32.1
56;2021-06-23;3764;5062;418011;247255;55.3;32.7
56;2021-06-24;3477;5320;421488;252575;55.8;33.4
56;2021-06-25;3883;6279;425371;258854;56.3;34.3
56;2021-06-26;3203;2917;428574;261771;56.7;34.6
56;2021-06-27;305;162;428879;261933;56.8;34.7
56;2021-06-28;1576;3982;430455;265915;57.0;35.2
56;2021-06-29;2435;5770;432890;271685;57.3;36.0
56;2021-06-30;2498;5560;435388;277245;57.6;36.7
56;2021-07-01;2734;4958;438122;282203;58.0;37.3
56;2021-07-02;2657;6206;440779;288409;58.3;38.2
56;2021-07-03;2205;2683;442984;291092;58.6;38.5
56;2021-07-04;779;811;443763;291903;58.7;38.6
56;2021-07-05;1872;5443;445635;297346;59.0;39.4
56;2021-07-06;2190;5932;447825;303278;59.3;40.1
56;2021-07-07;2845;5643;450670;308921;59.6;40.9
56;2021-07-08;3085;6037;453755;314958;60.1;41.7
56;2021-07-09;2218;7099;455973;322057;60.3;42.6
56;2021-07-10;1127;3004;457100;325061;60.5;43.0
56;2021-07-11;256;344;457356;325405;60.5;43.1
56;2021-07-12;2183;6606;459539;332011;60.8;43.9
56;2021-07-13;3260;7465;462799;339476;61.3;44.9
56;2021-07-14;1784;2589;464583;342065;61.5;45.3
56;2021-07-15;3820;7067;468403;349132;62.0;46.2
56;2021-07-16;4078;8093;472481;357225;62.5;47.3
56;2021-07-17;2319;3521;474800;360746;62.8;47.7
56;2021-07-18;256;478;475056;361224;62.9;47.8
56;2021-07-19;2865;6357;477921;367581;63.3;48.6
56;2021-07-20;3723;7916;481644;375497;63.7;49.7
56;2021-07-21;3094;7520;484738;383017;64.2;50.7
56;2021-07-22;4391;8032;489129;391049;64.7;51.8
56;2021-07-23;4389;8410;493518;399459;65.3;52.9
56;2021-07-24;1686;4600;495204;404059;65.5;53.5
56;2021-07-25;551;1919;495755;405978;65.6;53.7
56;2021-07-26;3683;5464;499438;411442;66.1;54.5
56;2021-07-27;5374;6201;504812;417643;66.8;55.3
56;2021-07-28;4688;5464;509500;423107;67.4;56.0
56;2021-07-29;5379;5627;514879;428734;68.1;56.7
56;2021-07-30;5383;5856;520262;434590;68.9;57.5
56;2021-07-31;2153;2693;522415;437283;69.1;57.9
56;2021-08-01;1233;976;523648;438259;69.3;58.0
56;2021-08-02;4510;4603;528158;442862;69.9;58.6
56;2021-08-03;6375;4960;534533;447822;70.7;59.3
56;2021-08-04;5941;4355;540474;452177;71.5;59.8
56;2021-08-05;6085;4607;546559;456784;72.3;60.5
56;2021-08-06;5824;4917;552383;461701;73.1;61.1
56;2021-08-07;2845;2226;555228;463927;73.5;61.4
56;2021-08-08;1822;561;557050;464488;73.7;61.5
56;2021-08-09;3907;4267;560957;468755;74.2;62.0
56;2021-08-10;4922;4608;565879;473363;74.9;62.7
56;2021-08-11;4540;4142;570419;477505;75.5;63.2
56;2021-08-12;4464;4539;574883;482044;76.1;63.8
56;2021-08-13;4197;4807;579080;486851;76.6;64.4
56;2021-08-14;1771;2137;580851;488988;76.9;64.7
56;2021-08-15;349;485;581200;489473;76.9;64.8
56;2021-08-16;3049;4518;584249;493991;77.3;65.4
56;2021-08-17;3743;5050;587992;499041;77.8;66.0
56;2021-08-18;3725;4606;591717;503647;78.3;66.7
56;2021-08-19;3052;4988;594769;508635;78.7;67.3
56;2021-08-20;2889;5261;597658;513896;79.1;68.0
56;2021-08-21;1152;2397;598810;516293;79.3;68.3
56;2021-08-22;129;503;598939;516796;79.3;68.4
56;2021-08-23;1918;4961;600857;521757;79.5;69.1
56;2021-08-24;1922;5514;602779;527271;79.8;69.8
56;2021-08-25;1701;5057;604480;532328;80.0;70.5
56;2021-08-26;1394;5318;605874;537646;80.2;71.2
56;2021-08-27;1726;5870;607600;543516;80.4;71.9
56;2021-08-28;591;2809;608191;546325;80.5;72.3
56;2021-08-29;79;477;608270;546802;80.5;72.4
56;2021-08-30;1373;4745;609643;551547;80.7;73.0
56;2021-08-31;1464;4787;611107;556334;80.9;73.6
57;2020-12-27;2;0;2;0;0.0;0.0
57;2020-12-28;0;0;2;0;0.0;0.0
57;2020-12-29;1;0;3;0;0.0;0.0
57;2020-12-30;1;0;4;0;0.0;0.0
57;2020-12-31;0;0;4;0;0.0;0.0
57;2021-01-01;0;0;4;0;0.0;0.0
57;2021-01-02;3;0;7;0;0.0;0.0
57;2021-01-03;0;0;7;0;0.0;0.0
57;2021-01-04;17;0;24;0;0.0;0.0
57;2021-01-05;199;0;223;0;0.0;0.0
57;2021-01-06;226;1;449;1;0.0;0.0
57;2021-01-07;584;2;1033;3;0.1;0.0
57;2021-01-08;509;2;1542;5;0.1;0.0
57;2021-01-09;202;0;1744;5;0.2;0.0
57;2021-01-10;108;1;1852;6;0.2;0.0
57;2021-01-11;470;1;2322;7;0.2;0.0
57;2021-01-12;613;6;2935;13;0.3;0.0
57;2021-01-13;695;2;3630;15;0.4;0.0
57;2021-01-14;707;6;4337;21;0.4;0.0
57;2021-01-15;636;5;4973;26;0.5;0.0
57;2021-01-16;452;1;5425;27;0.5;0.0
57;2021-01-17;493;1;5918;28;0.6;0.0
57;2021-01-18;2715;20;8633;48;0.8;0.0
57;2021-01-19;2567;19;11200;67;1.1;0.0
57;2021-01-20;2763;23;13963;90;1.3;0.0
57;2021-01-21;1794;5;15757;95;1.5;0.0
57;2021-01-22;1325;8;17082;103;1.6;0.0
57;2021-01-23;543;15;17625;118;1.7;0.0
57;2021-01-24;1;0;17626;118;1.7;0.0
57;2021-01-25;869;186;18495;304;1.8;0.0
57;2021-01-26;1112;209;19607;513;1.9;0.0
57;2021-01-27;1070;182;20677;695;2.0;0.1
57;2021-01-28;1040;295;21717;990;2.1;0.1
57;2021-01-29;982;390;22699;1380;2.2;0.1
57;2021-01-30;440;91;23139;1471;2.2;0.1
57;2021-01-31;11;27;23150;1498;2.2;0.1
57;2021-02-01;826;349;23976;1847;2.3;0.2
57;2021-02-02;989;362;24965;2209;2.4;0.2
57;2021-02-03;986;318;25951;2527;2.5;0.2
57;2021-02-04;1138;801;27089;3328;2.6;0.3
57;2021-02-05;930;354;28019;3682;2.7;0.4
57;2021-02-06;481;344;28500;4026;2.8;0.4
57;2021-02-07;103;335;28603;4361;2.8;0.4
57;2021-02-08;1258;1545;29861;5906;2.9;0.6
57;2021-02-09;1762;1672;31623;7578;3.1;0.7
57;2021-02-10;1712;2069;33335;9647;3.2;0.9
57;2021-02-11;1486;1326;34821;10973;3.4;1.1
57;2021-02-12;1227;676;36048;11649;3.5;1.1
57;2021-02-13;1152;176;37200;11825;3.6;1.1
57;2021-02-14;1210;28;38410;11853;3.7;1.1
57;2021-02-15;766;854;39176;12707;3.8;1.2
57;2021-02-16;1073;790;40249;13497;3.9;1.3
57;2021-02-17;1009;948;41258;14445;4.0;1.4
57;2021-02-18;974;1152;42232;15597;4.1;1.5
57;2021-02-19;956;926;43188;16523;4.2;1.6
57;2021-02-20;1173;610;44361;17133;4.3;1.7
57;2021-02-21;323;13;44684;17146;4.3;1.7
57;2021-02-22;1230;896;45914;18042;4.4;1.7
57;2021-02-23;2235;1078;48149;19120;4.6;1.8
57;2021-02-24;2286;992;50435;20112;4.9;1.9
57;2021-02-25;3298;1115;53733;21227;5.2;2.0
57;2021-02-26;3590;952;57323;22179;5.5;2.1
57;2021-02-27;3696;534;61019;22713;5.9;2.2
57;2021-02-28;1896;60;62915;22773;6.1;2.2
57;2021-03-01;2050;1338;64965;24111;6.3;2.3
57;2021-03-02;2857;1605;67822;25716;6.5;2.5
57;2021-03-03;2806;1612;70628;27328;6.8;2.6
57;2021-03-04;3274;1306;73902;28634;7.1;2.8
57;2021-03-05;4457;1251;78359;29885;7.6;2.9
57;2021-03-06;7246;794;85605;30679;8.3;3.0
57;2021-03-07;6071;278;91676;30957;8.9;3.0
57;2021-03-08;2298;1006;93974;31963;9.1;3.1
57;2021-03-09;3386;1306;97360;33269;9.4;3.2
57;2021-03-10;3582;975;100942;34244;9.7;3.3
57;2021-03-11;4037;1257;104979;35501;10.1;3.4
57;2021-03-12;5107;1217;110086;36718;10.6;3.5
57;2021-03-13;6283;985;116369;37703;11.2;3.6
57;2021-03-14;2425;428;118794;38131;11.5;3.7
57;2021-03-15;2962;880;121756;39011;11.8;3.8
57;2021-03-16;3061;1281;124817;40292;12.0;3.9
57;2021-03-17;3051;1142;127868;41434;12.3;4.0
57;2021-03-18;3401;1077;131269;42511;12.7;4.1
57;2021-03-19;4626;1042;135895;43553;13.1;4.2
57;2021-03-20;4702;1034;140597;44587;13.6;4.3
57;2021-03-21;1895;255;142492;44842;13.8;4.3
57;2021-03-22;2480;1473;144972;46315;14.0;4.5
57;2021-03-23;3442;2342;148414;48657;14.3;4.7
57;2021-03-24;3896;2148;152310;50805;14.7;4.9
57;2021-03-25;4739;2596;157049;53401;15.2;5.2
57;2021-03-26;4842;2261;161891;55662;15.6;5.4
57;2021-03-27;3710;3155;165601;58817;16.0;5.7
57;2021-03-28;1401;1849;167002;60666;16.1;5.9
57;2021-03-29;1935;2174;168937;62840;16.3;6.1
57;2021-03-30;3300;2487;172237;65327;16.6;6.3
57;2021-03-31;2824;2304;175061;67631;16.9;6.5
57;2021-04-01;3222;3169;178283;70800;17.2;6.8
57;2021-04-02;2392;2580;180675;73380;17.4;7.1
57;2021-04-03;2567;2666;183242;76046;17.7;7.3
57;2021-04-04;593;969;183835;77015;17.7;7.4
57;2021-04-05;1922;670;185757;77685;17.9;7.5
57;2021-04-06;2452;2831;188209;80516;18.2;7.8
57;2021-04-07;3812;3095;192021;83611;18.5;8.1
57;2021-04-08;5612;2908;197633;86519;19.1;8.4
57;2021-04-09;5012;2730;202645;89249;19.6;8.6
57;2021-04-10;2352;3641;204997;92890;19.8;9.0
57;2021-04-11;1099;1890;206096;94780;19.9;9.1
57;2021-04-12;1793;2753;207889;97533;20.1;9.4
57;2021-04-13;1976;3030;209865;100563;20.3;9.7
57;2021-04-14;1919;2992;211784;103555;20.4;10.0
57;2021-04-15;2367;3431;214151;106986;20.7;10.3
57;2021-04-16;2701;3293;216852;110279;20.9;10.6
57;2021-04-17;2473;3182;219325;113461;21.2;11.0
57;2021-04-18;1244;1775;220569;115236;21.3;11.1
57;2021-04-19;2141;2260;222710;117496;21.5;11.3
57;2021-04-20;2514;2784;225224;120280;21.7;11.6
57;2021-04-21;2569;2380;227793;122660;22.0;11.8
57;2021-04-22;3207;2252;231000;124912;22.3;12.1
57;2021-04-23;4055;2578;235055;127490;22.7;12.3
57;2021-04-24;3394;2562;238449;130052;23.0;12.6
57;2021-04-25;757;1126;239206;131178;23.1;12.7
57;2021-04-26;2971;1998;242177;133176;23.4;12.9
57;2021-04-27;3899;2378;246076;135554;23.8;13.1
57;2021-04-28;4212;2592;250288;138146;24.2;13.3
57;2021-04-29;5259;3455;255547;141601;24.7;13.7
57;2021-04-30;4730;3553;260277;145154;25.1;14.0
57;2021-05-01;2352;1685;262629;146839;25.4;14.2
57;2021-05-02;790;913;263419;147752;25.4;14.3
57;2021-05-03;3565;2995;266984;150747;25.8;14.6
57;2021-05-04;4871;3166;271855;153913;26.2;14.9
57;2021-05-05;6123;3170;277978;157083;26.8;15.2
57;2021-05-06;5991;3284;283969;160367;27.4;15.5
57;2021-05-07;6852;3445;290821;163812;28.1;15.8
57;2021-05-08;4053;1607;294874;165419;28.5;16.0
57;2021-05-09;2048;1114;296922;166533;28.7;16.1
57;2021-05-10;5129;3070;302051;169603;29.2;16.4
57;2021-05-11;7450;2851;309501;172454;29.9;16.6
57;2021-05-12;7847;3248;317348;175702;30.6;17.0
57;2021-05-13;4511;913;321859;176615;31.1;17.0
57;2021-05-14;7838;2633;329697;179248;31.8;17.3
57;2021-05-15;5967;2054;335664;181302;32.4;17.5
57;2021-05-16;3309;577;338973;181879;32.7;17.6
57;2021-05-17;3866;2067;342839;183946;33.1;17.8
57;2021-05-18;6292;2104;349131;186050;33.7;18.0
57;2021-05-19;7020;2330;356151;188380;34.4;18.2
57;2021-05-20;6051;2183;362202;190563;35.0;18.4
57;2021-05-21;7565;2922;369767;193485;35.7;18.7
57;2021-05-22;4894;2169;374661;195654;36.2;18.9
57;2021-05-23;1964;431;376625;196085;36.4;18.9
57;2021-05-24;3032;1065;379657;197150;36.7;19.0
57;2021-05-25;5577;2803;385234;199953;37.2;19.3
57;2021-05-26;6377;3181;391611;203134;37.8;19.6
57;2021-05-27;5795;3123;397406;206257;38.4;19.9
57;2021-05-28;7026;4747;404432;211004;39.0;20.4
57;2021-05-29;5224;4251;409656;215255;39.5;20.8
57;2021-05-30;1967;1743;411623;216998;39.7;20.9
57;2021-05-31;4319;3339;415942;220337;40.2;21.3
57;2021-06-01;5935;3715;421877;224052;40.7;21.6
57;2021-06-02;6341;3907;428218;227959;41.3;22.0
57;2021-06-03;6214;3701;434432;231660;41.9;22.4
57;2021-06-04;7570;4992;442002;236652;42.7;22.8
57;2021-06-05;4768;4032;446770;240684;43.1;23.2
57;2021-06-06;1993;890;448763;241574;43.3;23.3
57;2021-06-07;4325;4038;453088;245612;43.7;23.7
57;2021-06-08;6720;4317;459808;249929;44.4;24.1
57;2021-06-09;6884;4158;466692;254087;45.1;24.5
57;2021-06-10;6220;4595;472912;258682;45.7;25.0
57;2021-06-11;5367;5368;478279;264050;46.2;25.5
57;2021-06-12;5742;4451;484021;268501;46.7;25.9
57;2021-06-13;1500;1142;485521;269643;46.9;26.0
57;2021-06-14;3383;4705;488904;274348;47.2;26.5
57;2021-06-15;3817;6021;492721;280369;47.6;27.1
57;2021-06-16;4402;6596;497123;286965;48.0;27.7
57;2021-06-17;4198;6071;501321;293036;48.4;28.3
57;2021-06-18;4275;7306;505596;300342;48.8;29.0
57;2021-06-19;4157;6292;509753;306634;49.2;29.6
57;2021-06-20;987;1667;510740;308301;49.3;29.8
57;2021-06-21;2067;5970;512807;314271;49.5;30.3
57;2021-06-22;2640;7986;515447;322257;49.8;31.1
57;2021-06-23;3075;8388;518522;330645;50.1;31.9
57;2021-06-24;2456;5292;520978;335937;50.3;32.4
57;2021-06-25;2857;7827;523835;343764;50.6;33.2
57;2021-06-26;2870;7260;526705;351024;50.8;33.9
57;2021-06-27;754;2987;527459;354011;50.9;34.2
57;2021-06-28;1590;5078;529049;359089;51.1;34.7
57;2021-06-29;2086;6832;531135;365921;51.3;35.3
57;2021-06-30;3067;7324;534202;373245;51.6;36.0
57;2021-07-01;2696;5959;536898;379204;51.8;36.6
57;2021-07-02;2700;8081;539598;387285;52.1;37.4
57;2021-07-03;3239;6528;542837;393813;52.4;38.0
57;2021-07-04;946;2468;543783;396281;52.5;38.3
57;2021-07-05;1711;4608;545494;400889;52.7;38.7
57;2021-07-06;2425;6480;547919;407369;52.9;39.3
57;2021-07-07;2729;7090;550648;414459;53.2;40.0
57;2021-07-08;2494;5878;553142;420337;53.4;40.6
57;2021-07-09;3428;8417;556570;428754;53.7;41.4
57;2021-07-10;3094;6940;559664;435694;54.0;42.1
57;2021-07-11;855;2232;560519;437926;54.1;42.3
57;2021-07-12;2437;6437;562956;444363;54.3;42.9
57;2021-07-13;4414;7506;567370;451869;54.8;43.6
57;2021-07-14;2824;3843;570194;455712;55.0;44.0
57;2021-07-15;3954;7784;574148;463496;55.4;44.7
57;2021-07-16;5642;9828;579790;473324;56.0;45.7
57;2021-07-17;5826;7288;585616;480612;56.5;46.4
57;2021-07-18;1492;2661;587108;483273;56.7;46.7
57;2021-07-19;2370;6206;589478;489479;56.9;47.3
57;2021-07-20;4323;6912;593801;496391;57.3;47.9
57;2021-07-21;5300;6901;599101;503292;57.8;48.6
57;2021-07-22;5953;5960;605054;509252;58.4;49.2
57;2021-07-23;7021;6398;612075;515650;59.1;49.8
57;2021-07-24;4531;7037;616606;522687;59.5;50.5
57;2021-07-25;1335;1769;617941;524456;59.7;50.6
57;2021-07-26;3722;4493;621663;528949;60.0;51.1
57;2021-07-27;6868;4944;628531;533893;60.7;51.5
57;2021-07-28;7481;4561;636012;538454;61.4;52.0
57;2021-07-29;7619;4588;643631;543042;62.1;52.4
57;2021-07-30;6869;4893;650500;547935;62.8;52.9
57;2021-07-31;5708;5016;656208;552951;63.3;53.4
57;2021-08-01;2024;1115;658232;554066;63.5;53.5
57;2021-08-02;3522;3179;661754;557245;63.9;53.8
57;2021-08-03;5493;4279;667247;561524;64.4;54.2
57;2021-08-04;5219;3465;672466;564989;64.9;54.5
57;2021-08-05;5374;3773;677840;568762;65.4;54.9
57;2021-08-06;5615;4848;683455;573610;66.0;55.4
57;2021-08-07;4571;5152;688026;578762;66.4;55.9
57;2021-08-08;1474;1504;689500;580266;66.6;56.0
57;2021-08-09;2610;3170;692110;583436;66.8;56.3
57;2021-08-10;3504;3787;695614;587223;67.2;56.7
57;2021-08-11;3690;4023;699304;591246;67.5;57.1
57;2021-08-12;3132;5218;702436;596464;67.8;57.6
57;2021-08-13;3456;4725;705892;601189;68.1;58.0
57;2021-08-14;2145;5182;708037;606371;68.4;58.5
57;2021-08-15;528;1091;708565;607462;68.4;58.6
57;2021-08-16;1777;3563;710342;611025;68.6;59.0
57;2021-08-17;2361;5357;712703;616382;68.8;59.5
57;2021-08-18;2435;5372;715138;621754;69.0;60.0
57;2021-08-19;2201;5481;717339;627235;69.3;60.6
57;2021-08-20;2042;6016;719381;633251;69.4;61.1
57;2021-08-21;1860;5379;721241;638630;69.6;61.7
57;2021-08-22;453;1528;721694;640158;69.7;61.8
57;2021-08-23;1142;3716;722836;643874;69.8;62.2
57;2021-08-24;1804;5609;724640;649483;70.0;62.7
57;2021-08-25;1600;5312;726240;654795;70.1;63.2
57;2021-08-26;1561;4660;727801;659455;70.3;63.7
57;2021-08-27;1761;5873;729562;665328;70.4;64.2
57;2021-08-28;2000;5368;731562;670696;70.6;64.7
57;2021-08-29;340;1087;731902;671783;70.7;64.9
57;2021-08-30;1028;3254;732930;675037;70.8;65.2
57;2021-08-31;1519;4402;734449;679439;70.9;65.6
58;2020-12-27;0;0;0;0;0.0;0.0
58;2020-12-28;0;0;0;0;0.0;0.0
58;2020-12-29;1;0;1;0;0.0;0.0
58;2020-12-30;0;0;1;0;0.0;0.0
58;2020-12-31;0;0;1;0;0.0;0.0
58;2021-01-01;0;0;1;0;0.0;0.0
58;2021-01-02;0;0;1;0;0.0;0.0
58;2021-01-03;1;0;2;0;0.0;0.0
58;2021-01-04;0;0;2;0;0.0;0.0
58;2021-01-05;2;0;4;0;0.0;0.0
58;2021-01-06;145;0;149;0;0.1;0.0
58;2021-01-07;241;0;390;0;0.2;0.0
58;2021-01-08;63;0;453;0;0.2;0.0
58;2021-01-09;1;0;454;0;0.2;0.0
58;2021-01-10;0;0;454;0;0.2;0.0
58;2021-01-11;54;0;508;0;0.3;0.0
58;2021-01-12;258;0;766;0;0.4;0.0
58;2021-01-13;406;0;1172;0;0.6;0.0
58;2021-01-14;291;1;1463;1;0.7;0.0
58;2021-01-15;141;0;1604;1;0.8;0.0
58;2021-01-16;10;1;1614;2;0.8;0.0
58;2021-01-17;0;0;1614;2;0.8;0.0
58;2021-01-18;413;1;2027;3;1.0;0.0
58;2021-01-19;986;2;3013;5;1.5;0.0
58;2021-01-20;1206;2;4219;7;2.1;0.0
58;2021-01-21;962;4;5181;11;2.6;0.0
58;2021-01-22;779;3;5960;14;3.0;0.0
58;2021-01-23;251;0;6211;14;3.1;0.0
58;2021-01-24;2;0;6213;14;3.1;0.0
58;2021-01-25;439;0;6652;14;3.3;0.0
58;2021-01-26;650;3;7302;17;3.7;0.0
58;2021-01-27;604;44;7906;61;4.0;0.0
58;2021-01-28;756;66;8662;127;4.3;0.1
58;2021-01-29;837;6;9499;133;4.8;0.1
58;2021-01-30;281;0;9780;133;4.9;0.1
58;2021-01-31;10;0;9790;133;4.9;0.1
58;2021-02-01;200;71;9990;204;5.0;0.1
58;2021-02-02;566;82;10556;286;5.3;0.1
58;2021-02-03;279;146;10835;432;5.4;0.2
58;2021-02-04;285;93;11120;525;5.6;0.3
58;2021-02-05;184;93;11304;618;5.7;0.3
58;2021-02-06;89;0;11393;618;5.7;0.3
58;2021-02-07;0;0;11393;618;5.7;0.3
58;2021-02-08;306;70;11699;688;5.9;0.3
58;2021-02-09;503;314;12202;1002;6.1;0.5
58;2021-02-10;350;377;12552;1379;6.3;0.7
58;2021-02-11;287;378;12839;1757;6.4;0.9
58;2021-02-12;243;200;13082;1957;6.6;1.0
58;2021-02-13;83;29;13165;1986;6.6;1.0
58;2021-02-14;0;3;13165;1989;6.6;1.0
58;2021-02-15;114;516;13279;2505;6.7;1.3
58;2021-02-16;209;927;13488;3432;6.8;1.7
58;2021-02-17;221;753;13709;4185;6.9;2.1
58;2021-02-18;187;781;13896;4966;7.0;2.5
58;2021-02-19;241;718;14137;5684;7.1;2.8
58;2021-02-20;62;228;14199;5912;7.1;3.0
58;2021-02-21;0;30;14199;5942;7.1;3.0
58;2021-02-22;78;398;14277;6340;7.2;3.2
58;2021-02-23;49;615;14326;6955;7.2;3.5
58;2021-02-24;39;625;14365;7580;7.2;3.8
58;2021-02-25;252;697;14617;8277;7.3;4.1
58;2021-02-26;246;615;14863;8892;7.4;4.5
58;2021-02-27;104;189;14967;9081;7.5;4.5
58;2021-02-28;11;8;14978;9089;7.5;4.6
58;2021-03-01;145;246;15123;9335;7.6;4.7
58;2021-03-02;416;640;15539;9975;7.8;5.0
58;2021-03-03;524;293;16063;10268;8.0;5.1
58;2021-03-04;725;277;16788;10545;8.4;5.3
58;2021-03-05;867;206;17655;10751;8.8;5.4
58;2021-03-06;574;87;18229;10838;9.1;5.4
58;2021-03-07;63;12;18292;10850;9.2;5.4
58;2021-03-08;154;299;18446;11149;9.2;5.6
58;2021-03-09;544;546;18990;11695;9.5;5.9
58;2021-03-10;838;242;19828;11937;9.9;6.0
58;2021-03-11;857;273;20685;12210;10.4;6.1
58;2021-03-12;862;200;21547;12410;10.8;6.2
58;2021-03-13;506;66;22053;12476;11.0;6.3
58;2021-03-14;34;0;22087;12476;11.1;6.3
58;2021-03-15;528;109;22615;12585;11.3;6.3
58;2021-03-16;726;222;23341;12807;11.7;6.4
58;2021-03-17;756;195;24097;13002;12.1;6.5
58;2021-03-18;584;178;24681;13180;12.4;6.6
58;2021-03-19;537;104;25218;13284;12.6;6.7
58;2021-03-20;322;64;25540;13348;12.8;6.7
58;2021-03-21;17;0;25557;13348;12.8;6.7
58;2021-03-22;795;25;26352;13373;13.2;6.7
58;2021-03-23;1636;44;27988;13417;14.0;6.7
58;2021-03-24;1367;74;29355;13491;14.7;6.8
58;2021-03-25;1840;44;31195;13535;15.6;6.8
58;2021-03-26;1414;54;32609;13589;16.3;6.8
58;2021-03-27;358;7;32967;13596;16.5;6.8
58;2021-03-28;20;0;32987;13596;16.5;6.8
58;2021-03-29;638;155;33625;13751;16.8;6.9
58;2021-03-30;1186;255;34811;14006;17.4;7.0
58;2021-03-31;1116;395;35927;14401;18.0;7.2
58;2021-04-01;1548;403;37475;14804;18.8;7.4
58;2021-04-02;1464;368;38939;15172;19.5;7.6
58;2021-04-03;568;150;39507;15322;19.8;7.7
58;2021-04-04;1;1;39508;15323;19.8;7.7
58;2021-04-05;47;0;39555;15323;19.8;7.7
58;2021-04-06;823;344;40378;15667;20.2;7.8
58;2021-04-07;695;552;41073;16219;20.6;8.1
58;2021-04-08;1493;427;42566;16646;21.3;8.3
58;2021-04-09;1774;485;44340;17131;22.2;8.6
58;2021-04-10;652;200;44992;17331;22.5;8.7
58;2021-04-11;17;3;45009;17334;22.6;8.7
58;2021-04-12;1117;502;46126;17836;23.1;8.9
58;2021-04-13;1436;629;47562;18465;23.8;9.3
58;2021-04-14;1339;678;48901;19143;24.5;9.6
58;2021-04-15;1433;602;50334;19745;25.2;9.9
58;2021-04-16;1734;512;52068;20257;26.1;10.1
58;2021-04-17;721;232;52789;20489;26.4;10.3
58;2021-04-18;20;7;52809;20496;26.5;10.3
58;2021-04-19;531;605;53340;21101;26.7;10.6
58;2021-04-20;486;1120;53826;22221;27.0;11.1
58;2021-04-21;626;967;54452;23188;27.3;11.6
58;2021-04-22;767;1524;55219;24712;27.7;12.4
58;2021-04-23;919;785;56138;25497;28.1;12.8
58;2021-04-24;211;206;56349;25703;28.2;12.9
58;2021-04-25;109;9;56458;25712;28.3;12.9
58;2021-04-26;762;247;57220;25959;28.7;13.0
58;2021-04-27;1499;1110;58719;27069;29.4;13.6
58;2021-04-28;1536;1053;60255;28122;30.2;14.1
58;2021-04-29;1442;1045;61697;29167;30.9;14.6
58;2021-04-30;1257;940;62954;30107;31.5;15.1
58;2021-05-01;6;17;62960;30124;31.5;15.1
58;2021-05-02;4;2;62964;30126;31.5;15.1
58;2021-05-03;1042;406;64006;30532;32.1;15.3
58;2021-05-04;1075;1348;65081;31880;32.6;16.0
58;2021-05-05;952;1093;66033;32973;33.1;16.5
58;2021-05-06;1363;1060;67396;34033;33.8;17.1
58;2021-05-07;1111;1091;68507;35124;34.3;17.6
58;2021-05-08;59;60;68566;35184;34.4;17.6
58;2021-05-09;7;21;68573;35205;34.4;17.6
58;2021-05-10;875;993;69448;36198;34.8;18.1
58;2021-05-11;1185;1984;70633;38182;35.4;19.1
58;2021-05-12;1662;1557;72295;39739;36.2;19.9
58;2021-05-13;49;183;72344;39922;36.2;20.0
58;2021-05-14;2312;909;74656;40831;37.4;20.5
58;2021-05-15;1725;456;76381;41287;38.3;20.7
58;2021-05-16;118;33;76499;41320;38.3;20.7
58;2021-05-17;793;610;77292;41930;38.7;21.0
58;2021-05-18;1332;1181;78624;43111;39.4;21.6
58;2021-05-19;1737;549;80361;43660;40.3;21.9
58;2021-05-20;1701;671;82062;44331;41.1;22.2
58;2021-05-21;854;728;82916;45059;41.5;22.6
58;2021-05-22;304;240;83220;45299;41.7;22.7
58;2021-05-23;2;21;83222;45320;41.7;22.7
58;2021-05-24;21;42;83243;45362;41.7;22.7
58;2021-05-25;1388;1154;84631;46516;42.4;23.3
58;2021-05-26;845;841;85476;47357;42.8;23.7
58;2021-05-27;753;943;86229;48300;43.2;24.2
58;2021-05-28;430;910;86659;49210;43.4;24.7
58;2021-05-29;151;209;86810;49419;43.5;24.8
58;2021-05-30;21;19;86831;49438;43.5;24.8
58;2021-05-31;757;399;87588;49837;43.9;25.0
58;2021-06-01;1373;1658;88961;51495;44.6;25.8
58;2021-06-02;1465;1047;90426;52542;45.3;26.3
58;2021-06-03;1026;960;91452;53502;45.8;26.8
58;2021-06-04;843;910;92295;54412;46.2;27.3
58;2021-06-05;272;263;92567;54675;46.4;27.4
58;2021-06-06;24;49;92591;54724;46.4;27.4
58;2021-06-07;712;793;93303;55517;46.7;27.8
58;2021-06-08;1324;1758;94627;57275;47.4;28.7
58;2021-06-09;1419;1008;96046;58283;48.1;29.2
58;2021-06-10;1108;981;97154;59264;48.7;29.7
58;2021-06-11;1030;906;98184;60170;49.2;30.1
58;2021-06-12;1055;415;99239;60585;49.7;30.4
58;2021-06-13;36;33;99275;60618;49.7;30.4
58;2021-06-14;516;1016;99791;61634;50.0;30.9
58;2021-06-15;1595;1758;101386;63392;50.8;31.8
58;2021-06-16;1806;994;103192;64386;51.7;32.3
58;2021-06-17;2024;1112;105216;65498;52.7;32.8
58;2021-06-18;987;1063;106203;66561;53.2;33.3
58;2021-06-19;581;319;106784;66880;53.5;33.5
58;2021-06-20;9;2;106793;66882;53.5;33.5
58;2021-06-21;472;553;107265;67435;53.7;33.8
58;2021-06-22;1028;1966;108293;69401;54.3;34.8
58;2021-06-23;1479;1512;109772;70913;55.0;35.5
58;2021-06-24;728;1025;110500;71938;55.4;36.0
58;2021-06-25;825;1719;111325;73657;55.8;36.9
58;2021-06-26;554;1229;111879;74886;56.1;37.5
58;2021-06-27;18;26;111897;74912;56.1;37.5
58;2021-06-28;463;987;112360;75899;56.3;38.0
58;2021-06-29;623;2160;112983;78059;56.6;39.1
58;2021-06-30;998;1625;113981;79684;57.1;39.9
58;2021-07-01;760;1674;114741;81358;57.5;40.8
58;2021-07-02;444;851;115185;82209;57.7;41.2
58;2021-07-03;249;512;115434;82721;57.8;41.4
58;2021-07-04;12;30;115446;82751;57.8;41.5
58;2021-07-05;511;771;115957;83522;58.1;41.8
58;2021-07-06;695;2121;116652;85643;58.4;42.9
58;2021-07-07;389;954;117041;86597;58.6;43.4
58;2021-07-08;399;1020;117440;87617;58.8;43.9
58;2021-07-09;709;1418;118149;89035;59.2;44.6
58;2021-07-10;260;412;118409;89447;59.3;44.8
58;2021-07-11;175;53;118584;89500;59.4;44.8
58;2021-07-12;197;968;118781;90468;59.5;45.3
58;2021-07-13;932;2501;119713;92969;60.0;46.6
58;2021-07-14;27;60;119740;93029;60.0;46.6
58;2021-07-15;1135;1938;120875;94967;60.6;47.6
58;2021-07-16;1411;1448;122286;96415;61.3;48.3
58;2021-07-17;463;288;122749;96703;61.5;48.4
58;2021-07-18;102;21;122851;96724;61.5;48.5
58;2021-07-19;1651;986;124502;97710;62.4;49.0
58;2021-07-20;1407;2454;125909;100164;63.1;50.2
58;2021-07-21;1177;2009;127086;102173;63.7;51.2
58;2021-07-22;1144;1668;128230;103841;64.2;52.0
58;2021-07-23;1265;1444;129495;105285;64.9;52.7
58;2021-07-24;1001;1271;130496;106556;65.4;53.4
58;2021-07-25;89;39;130585;106595;65.4;53.4
58;2021-07-26;981;862;131566;107457;65.9;53.8
58;2021-07-27;1569;2577;133135;110034;66.7;55.1
58;2021-07-28;1574;1971;134709;112005;67.5;56.1
58;2021-07-29;1579;1626;136288;113631;68.3;56.9
58;2021-07-30;1465;1427;137753;115058;69.0;57.6
58;2021-07-31;569;525;138322;115583;69.3;57.9
58;2021-08-01;35;13;138357;115596;69.3;57.9
58;2021-08-02;1588;863;139945;116459;70.1;58.3
58;2021-08-03;2047;1781;141992;118240;71.1;59.2
58;2021-08-04;1307;1184;143299;119424;71.8;59.8
58;2021-08-05;1621;1178;144920;120602;72.6;60.4
58;2021-08-06;1357;1032;146277;121634;73.3;60.9
58;2021-08-07;312;400;146589;122034;73.4;61.1
58;2021-08-08;30;58;146619;122092;73.5;61.2
58;2021-08-09;1080;1387;147699;123479;74.0;61.9
58;2021-08-10;1777;1391;149476;124870;74.9;62.6
58;2021-08-11;1127;783;150603;125653;75.5;63.0
58;2021-08-12;1062;1112;151665;126765;76.0;63.5
58;2021-08-13;923;953;152588;127718;76.4;64.0
58;2021-08-14;231;316;152819;128034;76.6;64.1
58;2021-08-15;13;27;152832;128061;76.6;64.2
58;2021-08-16;309;1403;153141;129464;76.7;64.9
58;2021-08-17;797;1336;153938;130800;77.1;65.5
58;2021-08-18;763;1173;154701;131973;77.5;66.1
58;2021-08-19;721;1342;155422;133315;77.9;66.8
58;2021-08-20;705;1295;156127;134610;78.2;67.4
58;2021-08-21;248;476;156375;135086;78.3;67.7
58;2021-08-22;9;86;156384;135172;78.4;67.7
58;2021-08-23;416;814;156800;135986;78.6;68.1
58;2021-08-24;511;1480;157311;137466;78.8;68.9
58;2021-08-25;435;1543;157746;139009;79.0;69.6
58;2021-08-26;551;1732;158297;140741;79.3;70.5
58;2021-08-27;490;1563;158787;142304;79.6;71.3
58;2021-08-28;240;635;159027;142939;79.7;71.6
58;2021-08-29;9;42;159036;142981;79.7;71.6
58;2021-08-30;350;808;159386;143789;79.9;72.0
58;2021-08-31;452;1587;159838;145376;80.1;72.8
59;2020-12-27;1;0;1;0;0.0;0.0
59;2020-12-28;27;0;28;0;0.0;0.0
59;2020-12-29;0;0;28;0;0.0;0.0
59;2020-12-30;0;0;28;0;0.0;0.0
59;2020-12-31;1;0;29;0;0.0;0.0
59;2021-01-01;3;0;32;0;0.0;0.0
59;2021-01-02;1;0;33;0;0.0;0.0
59;2021-01-03;4;0;37;0;0.0;0.0
59;2021-01-04;79;0;116;0;0.0;0.0
59;2021-01-05;217;0;333;0;0.0;0.0
59;2021-01-06;430;2;763;2;0.0;0.0
59;2021-01-07;1314;0;2077;2;0.1;0.0
59;2021-01-08;1262;4;3339;6;0.1;0.0
59;2021-01-09;609;3;3948;9;0.2;0.0
59;2021-01-10;427;0;4375;9;0.2;0.0
59;2021-01-11;1846;5;6221;14;0.2;0.0
59;2021-01-12;2471;2;8692;16;0.3;0.0
59;2021-01-13;2367;3;11059;19;0.4;0.0
59;2021-01-14;2757;22;13816;41;0.5;0.0
59;2021-01-15;2275;16;16091;57;0.6;0.0
59;2021-01-16;771;1;16862;58;0.7;0.0
59;2021-01-17;560;1;17422;59;0.7;0.0
59;2021-01-18;3510;15;20932;74;0.8;0.0
59;2021-01-19;4754;10;25686;84;1.0;0.0
59;2021-01-20;4135;13;29821;97;1.2;0.0
59;2021-01-21;4730;40;34551;137;1.3;0.0
59;2021-01-22;4025;11;38576;148;1.5;0.0
59;2021-01-23;1214;3;39790;151;1.5;0.0
59;2021-01-24;168;0;39958;151;1.5;0.0
59;2021-01-25;2729;58;42687;209;1.6;0.0
59;2021-01-26;2807;137;45494;346;1.8;0.0
59;2021-01-27;1736;305;47230;651;1.8;0.0
59;2021-01-28;3399;761;50629;1412;2.0;0.1
59;2021-01-29;2541;790;53170;2202;2.1;0.1
59;2021-01-30;288;175;53458;2377;2.1;0.1
59;2021-01-31;24;0;53482;2377;2.1;0.1
59;2021-02-01;78;860;53560;3237;2.1;0.1
59;2021-02-02;686;1426;54246;4663;2.1;0.2
59;2021-02-03;3749;1435;57995;6098;2.2;0.2
59;2021-02-04;2965;1722;60960;7820;2.4;0.3
59;2021-02-05;1052;1399;62012;9219;2.4;0.4
59;2021-02-06;206;350;62218;9569;2.4;0.4
59;2021-02-07;268;49;62486;9618;2.4;0.4
59;2021-02-08;683;1574;63169;11192;2.4;0.4
59;2021-02-09;1012;1805;64181;12997;2.5;0.5
59;2021-02-10;975;1612;65156;14609;2.5;0.6
59;2021-02-11;1347;1799;66503;16408;2.6;0.6
59;2021-02-12;1413;1632;67916;18040;2.6;0.7
59;2021-02-13;207;734;68123;18774;2.6;0.7
59;2021-02-14;13;42;68136;18816;2.6;0.7
59;2021-02-15;1394;3023;69530;21839;2.7;0.8
59;2021-02-16;1436;3685;70966;25524;2.7;1.0
59;2021-02-17;1620;3755;72586;29279;2.8;1.1
59;2021-02-18;3105;5124;75691;34403;2.9;1.3
59;2021-02-19;3211;3583;78902;37986;3.0;1.5
59;2021-02-20;1414;1567;80316;39553;3.1;1.5
59;2021-02-21;242;263;80558;39816;3.1;1.5
59;2021-02-22;1431;2542;81989;42358;3.2;1.6
59;2021-02-23;2659;2840;84648;45198;3.3;1.7
59;2021-02-24;4107;4046;88755;49244;3.4;1.9
59;2021-02-25;6916;3714;95671;52958;3.7;2.0
59;2021-02-26;6494;1873;102165;54831;3.9;2.1
59;2021-02-27;3095;192;105260;55023;4.1;2.1
59;2021-02-28;208;60;105468;55083;4.1;2.1
59;2021-03-01;3693;665;109161;55748;4.2;2.2
59;2021-03-02;4794;571;113955;56319;4.4;2.2
59;2021-03-03;5747;1004;119702;57323;4.6;2.2
59;2021-03-04;7085;949;126787;58272;4.9;2.3
59;2021-03-05;7832;987;134619;59259;5.2;2.3
59;2021-03-06;11559;531;146178;59790;5.6;2.3
59;2021-03-07;7586;350;153764;60140;5.9;2.3
59;2021-03-08;4496;1101;158260;61241;6.1;2.4
59;2021-03-09;6582;1427;164842;62668;6.4;2.4
59;2021-03-10;7027;1197;171869;63865;6.6;2.5
59;2021-03-11;9475;1882;181344;65747;7.0;2.5
59;2021-03-12;12154;1556;193498;67303;7.5;2.6
59;2021-03-13;16553;1092;210051;68395;8.1;2.6
59;2021-03-14;6962;325;217013;68720;8.4;2.7
59;2021-03-15;5616;1494;222629;70214;8.6;2.7
59;2021-03-16;3738;1330;226367;71544;8.7;2.8
59;2021-03-17;3855;2099;230222;73643;8.9;2.8
59;2021-03-18;3957;2492;234179;76135;9.0;2.9
59;2021-03-19;7742;1834;241921;77969;9.3;3.0
59;2021-03-20;16024;1280;257945;79249;10.0;3.1
59;2021-03-21;6315;447;264260;79696;10.2;3.1
59;2021-03-22;5447;1770;269707;81466;10.4;3.1
59;2021-03-23;7767;2816;277474;84282;10.7;3.3
59;2021-03-24;6861;2973;284335;87255;11.0;3.4
59;2021-03-25;10532;2558;294867;89813;11.4;3.5
59;2021-03-26;12251;2843;307118;92656;11.9;3.6
59;2021-03-27;15277;1144;322395;93800;12.5;3.6
59;2021-03-28;7983;359;330378;94159;12.8;3.6
59;2021-03-29;5495;3203;335873;97362;13.0;3.8
59;2021-03-30;7540;3758;343413;101120;13.3;3.9
59;2021-03-31;6153;4101;349566;105221;13.5;4.1
59;2021-04-01;7488;4920;357054;110141;13.8;4.3
59;2021-04-02;7646;5519;364700;115660;14.1;4.5
59;2021-04-03;13019;4303;377719;119963;14.6;4.6
59;2021-04-04;5347;2183;383066;122146;14.8;4.7
59;2021-04-05;6015;1536;389081;123682;15.0;4.8
59;2021-04-06;5404;4494;394485;128176;15.2;5.0
59;2021-04-07;7626;5439;402111;133615;15.5;5.2
59;2021-04-08;10393;5764;412504;139379;15.9;5.4
59;2021-04-09;13419;5931;425923;145310;16.5;5.6
59;2021-04-10;11479;6143;437402;151453;16.9;5.8
59;2021-04-11;4636;3564;442038;155017;17.1;6.0
59;2021-04-12;6305;4348;448343;159365;17.3;6.2
59;2021-04-13;8935;4793;457278;164158;17.7;6.3
59;2021-04-14;8788;4345;466066;168503;18.0;6.5
59;2021-04-15;10310;4850;476376;173353;18.4;6.7
59;2021-04-16;10881;5504;487257;178857;18.8;6.9
59;2021-04-17;7299;9084;494556;187941;19.1;7.3
59;2021-04-18;3230;4167;497786;192108;19.2;7.4
59;2021-04-19;5045;4301;502831;196409;19.4;7.6
59;2021-04-20;6896;4211;509727;200620;19.7;7.7
59;2021-04-21;6274;4431;516001;205051;19.9;7.9
59;2021-04-22;8613;5518;524614;210569;20.3;8.1
59;2021-04-23;8456;5692;533070;216261;20.6;8.4
59;2021-04-24;5538;8064;538608;224325;20.8;8.7
59;2021-04-25;3244;6079;541852;230404;20.9;8.9
59;2021-04-26;6492;3801;548344;234205;21.2;9.0
59;2021-04-27;8366;5196;556710;239401;21.5;9.2
59;2021-04-28;8771;6582;565481;245983;21.8;9.5
59;2021-04-29;9415;8570;574896;254553;22.2;9.8
59;2021-04-30;10605;8552;585501;263105;22.6;10.2
59;2021-05-01;11999;7594;597500;270699;23.1;10.5
59;2021-05-02;8645;5989;606145;276688;23.4;10.7
59;2021-05-03;9555;5066;615700;281754;23.8;10.9
59;2021-05-04;11425;6012;627125;287766;24.2;11.1
59;2021-05-05;10296;6223;637421;293989;24.6;11.4
59;2021-05-06;11196;8462;648617;302451;25.1;11.7
59;2021-05-07;13299;9628;661916;312079;25.6;12.1
59;2021-05-08;14745;4168;676661;316247;26.1;12.2
59;2021-05-09;11491;3335;688152;319582;26.6;12.3
59;2021-05-10;12746;6647;700898;326229;27.1;12.6
59;2021-05-11;15112;8337;716010;334566;27.7;12.9
59;2021-05-12;16630;8649;732640;343215;28.3;13.3
59;2021-05-13;18443;3458;751083;346673;29.0;13.4
59;2021-05-14;15781;6977;766864;353650;29.6;13.7
59;2021-05-15;23448;5299;790312;358949;30.5;13.9
59;2021-05-16;21184;2413;811496;361362;31.3;14.0
59;2021-05-17;15072;5276;826568;366638;31.9;14.2
59;2021-05-18;16927;5680;843495;372318;32.6;14.4
59;2021-05-19;18321;5114;861816;377432;33.3;14.6
59;2021-05-20;17932;7019;879748;384451;34.0;14.8
59;2021-05-21;18372;8302;898120;392753;34.7;15.2
59;2021-05-22;23815;5694;921935;398447;35.6;15.4
59;2021-05-23;17922;2273;939857;400720;36.3;15.5
59;2021-05-24;16688;2136;956545;402856;36.9;15.6
59;2021-05-25;14991;6677;971536;409533;37.5;15.8
59;2021-05-26;15894;7052;987430;416585;38.1;16.1
59;2021-05-27;16150;9177;1003580;425762;38.8;16.4
59;2021-05-28;15888;11475;1019468;437237;39.4;16.9
59;2021-05-29;14374;8724;1033842;445961;39.9;17.2
59;2021-05-30;8407;1843;1042249;447804;40.3;17.3
59;2021-05-31;14210;7980;1056459;455784;40.8;17.6
59;2021-06-01;15091;10425;1071550;466209;41.4;18.0
59;2021-06-02;14768;9942;1086318;476151;42.0;18.4
59;2021-06-03;15631;12148;1101949;488299;42.6;18.9
59;2021-06-04;15609;13495;1117558;501794;43.2;19.4
59;2021-06-05;14982;9344;1132540;511138;43.7;19.7
59;2021-06-06;8831;3207;1141371;514345;44.1;19.9
59;2021-06-07;10526;9443;1151897;523788;44.5;20.2
59;2021-06-08;11763;11094;1163660;534882;44.9;20.7
59;2021-06-09;10763;11921;1174423;546803;45.4;21.1
59;2021-06-10;11501;12346;1185924;559149;45.8;21.6
59;2021-06-11;10978;16010;1196902;575159;46.2;22.2
59;2021-06-12;11074;13683;1207976;588842;46.7;22.7
59;2021-06-13;6344;7031;1214320;595873;46.9;23.0
59;2021-06-14;6509;12697;1220829;608570;47.2;23.5
59;2021-06-15;8237;15957;1229066;624527;47.5;24.1
59;2021-06-16;9206;13554;1238272;638081;47.8;24.6
59;2021-06-17;9191;15661;1247463;653742;48.2;25.3
59;2021-06-18;9087;20060;1256550;673802;48.5;26.0
59;2021-06-19;8956;17493;1265506;691295;48.9;26.7
59;2021-06-20;4900;10191;1270406;701486;49.1;27.1
59;2021-06-21;5280;15971;1275686;717457;49.3;27.7
59;2021-06-22;6334;18687;1282020;736144;49.5;28.4
59;2021-06-23;6168;19088;1288188;755232;49.8;29.2
59;2021-06-24;7336;20533;1295524;775765;50.0;30.0
59;2021-06-25;6508;21206;1302032;796971;50.3;30.8
59;2021-06-26;6487;23754;1308519;820725;50.5;31.7
59;2021-06-27;4755;17078;1313274;837803;50.7;32.4
59;2021-06-28;5005;19828;1318279;857631;50.9;33.1
59;2021-06-29;5553;20378;1323832;878009;51.1;33.9
59;2021-06-30;6134;20103;1329966;898112;51.4;34.7
59;2021-07-01;6792;20842;1336758;918954;51.6;35.5
59;2021-07-02;6838;23249;1343596;942203;51.9;36.4
59;2021-07-03;5563;24623;1349159;966826;52.1;37.3
59;2021-07-04;4416;15979;1353575;982805;52.3;38.0
59;2021-07-05;5670;17491;1359245;1000296;52.5;38.6
59;2021-07-06;6602;18805;1365847;1019101;52.8;39.4
59;2021-07-07;6944;17457;1372791;1036558;53.0;40.0
59;2021-07-08;8024;17701;1380815;1054259;53.3;40.7
59;2021-07-09;7705;20302;1388520;1074561;53.6;41.5
59;2021-07-10;7448;18538;1395968;1093099;53.9;42.2
59;2021-07-11;4452;10231;1400420;1103330;54.1;42.6
59;2021-07-12;5912;18045;1406332;1121375;54.3;43.3
59;2021-07-13;9908;20768;1416240;1142143;54.7;44.1
59;2021-07-14;9783;8455;1426023;1150598;55.1;44.4
59;2021-07-15;11633;20414;1437656;1171012;55.5;45.2
59;2021-07-16;13220;20516;1450876;1191528;56.0;46.0
59;2021-07-17;12395;17469;1463271;1208997;56.5;46.7
59;2021-07-18;7964;8681;1471235;1217678;56.8;47.0
59;2021-07-19;10402;16457;1481637;1234135;57.2;47.7
59;2021-07-20;13413;17130;1495050;1251265;57.7;48.3
59;2021-07-21;14524;15598;1509574;1266863;58.3;48.9
59;2021-07-22;17067;15214;1526641;1282077;59.0;49.5
59;2021-07-23;15726;15843;1542367;1297920;59.6;50.1
59;2021-07-24;16352;12293;1558719;1310213;60.2;50.6
59;2021-07-25;11920;7330;1570639;1317543;60.7;50.9
59;2021-07-26;13040;12611;1583679;1330154;61.2;51.4
59;2021-07-27;16235;11982;1599914;1342136;61.8;51.8
59;2021-07-28;17449;11663;1617363;1353799;62.5;52.3
59;2021-07-29;17411;11664;1634774;1365463;63.1;52.7
59;2021-07-30;15913;11606;1650687;1377069;63.8;53.2
59;2021-07-31;14012;9189;1664699;1386258;64.3;53.5
59;2021-08-01;9949;4561;1674648;1390819;64.7;53.7
59;2021-08-02;12165;10020;1686813;1400839;65.2;54.1
59;2021-08-03;13412;10052;1700225;1410891;65.7;54.5
59;2021-08-04;11213;8286;1711438;1419177;66.1;54.8
59;2021-08-05;12693;9791;1724131;1428968;66.6;55.2
59;2021-08-06;12522;11031;1736653;1439999;67.1;55.6
59;2021-08-07;9721;9295;1746374;1449294;67.5;56.0
59;2021-08-08;6950;5252;1753324;1454546;67.7;56.2
59;2021-08-09;8379;10819;1761703;1465365;68.0;56.6
59;2021-08-10;10366;10781;1772069;1476146;68.4;57.0
59;2021-08-11;8629;9312;1780698;1485458;68.8;57.4
59;2021-08-12;8962;12067;1789660;1497525;69.1;57.8
59;2021-08-13;8446;11741;1798106;1509266;69.5;58.3
59;2021-08-14;5927;10382;1804033;1519648;69.7;58.7
59;2021-08-15;3367;4662;1807400;1524310;69.8;58.9
59;2021-08-16;5836;13856;1813236;1538166;70.0;59.4
59;2021-08-17;6921;12760;1820157;1550926;70.3;59.9
59;2021-08-18;5875;11461;1826032;1562387;70.5;60.3
59;2021-08-19;6298;13846;1832330;1576233;70.8;60.9
59;2021-08-20;5798;14563;1838128;1590796;71.0;61.4
59;2021-08-21;4155;10269;1842283;1601065;71.2;61.8
59;2021-08-22;2831;7637;1845114;1608702;71.3;62.1
59;2021-08-23;4755;15711;1849869;1624413;71.5;62.7
59;2021-08-24;5256;15175;1855125;1639588;71.7;63.3
59;2021-08-25;4627;13062;1859752;1652650;71.8;63.8
59;2021-08-26;5174;14321;1864926;1666971;72.0;64.4
59;2021-08-27;4920;15388;1869846;1682359;72.2;65.0
59;2021-08-28;3777;12337;1873623;1694696;72.4;65.5
59;2021-08-29;1925;8419;1875548;1703115;72.4;65.8
59;2021-08-30;3821;12874;1879369;1715989;72.6;66.3
59;2021-08-31;3735;12903;1883104;1728892;72.7;66.8
60;2020-12-27;0;0;0;0;0.0;0.0
60;2020-12-28;0;0;0;0;0.0;0.0
60;2020-12-29;1;0;1;0;0.0;0.0
60;2020-12-30;0;0;1;0;0.0;0.0
60;2020-12-31;0;0;1;0;0.0;0.0
60;2021-01-01;0;0;1;0;0.0;0.0
60;2021-01-02;5;0;6;0;0.0;0.0
60;2021-01-03;1;0;7;0;0.0;0.0
60;2021-01-04;1;0;8;0;0.0;0.0
60;2021-01-05;37;0;45;0;0.0;0.0
60;2021-01-06;188;4;233;4;0.0;0.0
60;2021-01-07;236;4;469;8;0.1;0.0
60;2021-01-08;380;3;849;11;0.1;0.0
60;2021-01-09;3;0;852;11;0.1;0.0
60;2021-01-10;60;0;912;11;0.1;0.0
60;2021-01-11;342;2;1254;13;0.2;0.0
60;2021-01-12;535;2;1789;15;0.2;0.0
60;2021-01-13;476;5;2265;20;0.3;0.0
60;2021-01-14;507;6;2772;26;0.3;0.0
60;2021-01-15;702;7;3474;33;0.4;0.0
60;2021-01-16;124;1;3598;34;0.4;0.0
60;2021-01-17;32;0;3630;34;0.4;0.0
60;2021-01-18;859;7;4489;41;0.5;0.0
60;2021-01-19;1201;11;5690;52;0.7;0.0
60;2021-01-20;1716;13;7406;65;0.9;0.0
60;2021-01-21;2261;10;9667;75;1.2;0.0
60;2021-01-22;1543;15;11210;90;1.4;0.0
60;2021-01-23;499;4;11709;94;1.4;0.0
60;2021-01-24;61;1;11770;95;1.4;0.0
60;2021-01-25;897;14;12667;109;1.5;0.0
60;2021-01-26;950;14;13617;123;1.7;0.0
60;2021-01-27;646;8;14263;131;1.7;0.0
60;2021-01-28;395;168;14658;299;1.8;0.0
60;2021-01-29;77;105;14735;404;1.8;0.0
60;2021-01-30;0;1;14735;405;1.8;0.0
60;2021-01-31;22;60;14757;465;1.8;0.1
60;2021-02-01;39;105;14796;570;1.8;0.1
60;2021-02-02;26;156;14822;726;1.8;0.1
60;2021-02-03;164;237;14986;963;1.8;0.1
60;2021-02-04;170;339;15156;1302;1.8;0.2
60;2021-02-05;315;474;15471;1776;1.9;0.2
60;2021-02-06;64;79;15535;1855;1.9;0.2
60;2021-02-07;31;31;15566;1886;1.9;0.2
60;2021-02-08;328;514;15894;2400;1.9;0.3
60;2021-02-09;319;466;16213;2866;2.0;0.3
60;2021-02-10;554;988;16767;3854;2.0;0.5
60;2021-02-11;937;1127;17704;4981;2.1;0.6
60;2021-02-12;913;856;18617;5837;2.3;0.7
60;2021-02-13;91;308;18708;6145;2.3;0.7
60;2021-02-14;24;86;18732;6231;2.3;0.8
60;2021-02-15;612;799;19344;7030;2.3;0.9
60;2021-02-16;580;924;19924;7954;2.4;1.0
60;2021-02-17;633;926;20557;8880;2.5;1.1
60;2021-02-18;684;821;21241;9701;2.6;1.2
60;2021-02-19;641;764;21882;10465;2.7;1.3
60;2021-02-20;104;185;21986;10650;2.7;1.3
60;2021-02-21;23;119;22009;10769;2.7;1.3
60;2021-02-22;461;871;22470;11640;2.7;1.4
60;2021-02-23;535;777;23005;12417;2.8;1.5
60;2021-02-24;794;548;23799;12965;2.9;1.6
60;2021-02-25;1095;306;24894;13271;3.0;1.6
60;2021-02-26;1298;191;26192;13462;3.2;1.6
60;2021-02-27;666;35;26858;13497;3.3;1.6
60;2021-02-28;7;10;26865;13507;3.3;1.6
60;2021-03-01;894;50;27759;13557;3.4;1.6
60;2021-03-02;1013;168;28772;13725;3.5;1.7
60;2021-03-03;1321;450;30093;14175;3.6;1.7
60;2021-03-04;1725;520;31818;14695;3.9;1.8
60;2021-03-05;1821;291;33639;14986;4.1;1.8
60;2021-03-06;1920;143;35559;15129;4.3;1.8
60;2021-03-07;886;32;36445;15161;4.4;1.8
60;2021-03-08;978;317;37423;15478;4.5;1.9
60;2021-03-09;1642;360;39065;15838;4.7;1.9
60;2021-03-10;1938;432;41003;16270;5.0;2.0
60;2021-03-11;2325;386;43328;16656;5.3;2.0
60;2021-03-12;2595;545;45923;17201;5.6;2.1
60;2021-03-13;3839;214;49762;17415;6.0;2.1
60;2021-03-14;1782;58;51544;17473;6.2;2.1
60;2021-03-15;2090;502;53634;17975;6.5;2.2
60;2021-03-16;1583;625;55217;18600;6.7;2.3
60;2021-03-17;1658;621;56875;19221;6.9;2.3
60;2021-03-18;1759;739;58634;19960;7.1;2.4
60;2021-03-19;2591;532;61225;20492;7.4;2.5
60;2021-03-20;3241;194;64466;20686;7.8;2.5
60;2021-03-21;2125;99;66591;20785;8.1;2.5
60;2021-03-22;2133;714;68724;21499;8.3;2.6
60;2021-03-23;3308;728;72032;22227;8.7;2.7
60;2021-03-24;3070;878;75102;23105;9.1;2.8
60;2021-03-25;3849;854;78951;23959;9.6;2.9
60;2021-03-26;4217;877;83168;24836;10.1;3.0
60;2021-03-27;4142;317;87310;25153;10.6;3.0
60;2021-03-28;2448;82;89758;25235;10.9;3.1
60;2021-03-29;2610;1088;92368;26323;11.2;3.2
60;2021-03-30;3285;1081;95653;27404;11.6;3.3
60;2021-03-31;2669;1146;98322;28550;11.9;3.5
60;2021-04-01;2562;1104;100884;29654;12.2;3.6
60;2021-04-02;3307;1107;104191;30761;12.6;3.7
60;2021-04-03;3171;1013;107362;31774;13.0;3.9
60;2021-04-04;876;486;108238;32260;13.1;3.9
60;2021-04-05;458;82;108696;32342;13.2;3.9
60;2021-04-06;1966;1624;110662;33966;13.4;4.1
60;2021-04-07;1984;1751;112646;35717;13.7;4.3
60;2021-04-08;2612;1497;115258;37214;14.0;4.5
60;2021-04-09;2998;1523;118256;38737;14.3;4.7
60;2021-04-10;2928;1587;121184;40324;14.7;4.9
60;2021-04-11;1046;1000;122230;41324;14.8;5.0
60;2021-04-12;2045;1723;124275;43047;15.1;5.2
60;2021-04-13;2749;1786;127024;44833;15.4;5.4
60;2021-04-14;3144;1823;130168;46656;15.8;5.7
60;2021-04-15;3561;1894;133729;48550;16.2;5.9
60;2021-04-16;3289;1952;137018;50502;16.6;6.1
60;2021-04-17;2848;2172;139866;52674;17.0;6.4
60;2021-04-18;573;1833;140439;54507;17.0;6.6
60;2021-04-19;1742;2215;142181;56722;17.2;6.9
60;2021-04-20;2129;2680;144310;59402;17.5;7.2
60;2021-04-21;2653;2208;146963;61610;17.8;7.5
60;2021-04-22;2631;2512;149594;64122;18.1;7.8
60;2021-04-23;2650;2503;152244;66625;18.5;8.1
60;2021-04-24;2471;3458;154715;70083;18.8;8.5
60;2021-04-25;1161;1963;155876;72046;18.9;8.7
60;2021-04-26;1890;2532;157766;74578;19.1;9.0
60;2021-04-27;2310;2847;160076;77425;19.4;9.4
60;2021-04-28;3062;2399;163138;79824;19.8;9.7
60;2021-04-29;3154;2626;166292;82450;20.2;10.0
60;2021-04-30;3459;2967;169751;85417;20.6;10.4
60;2021-05-01;2355;1123;172106;86540;20.9;10.5
60;2021-05-02;2148;845;174254;87385;21.1;10.6
60;2021-05-03;2955;1854;177209;89239;21.5;10.8
60;2021-05-04;3018;2359;180227;91598;21.8;11.1
60;2021-05-05;3259;2810;183486;94408;22.2;11.4
60;2021-05-06;3649;2482;187135;96890;22.7;11.7
60;2021-05-07;3985;2523;191120;99413;23.2;12.0
60;2021-05-08;3583;973;194703;100386;23.6;12.2
60;2021-05-09;3459;956;198162;101342;24.0;12.3
60;2021-05-10;2391;2293;200553;103635;24.3;12.6
60;2021-05-11;3670;2470;204223;106105;24.8;12.9
60;2021-05-12;4718;2550;208941;108655;25.3;13.2
60;2021-05-13;5292;1129;214233;109784;26.0;13.3
60;2021-05-14;5602;1809;219835;111593;26.6;13.5
60;2021-05-15;6173;1719;226008;113312;27.4;13.7
60;2021-05-16;4861;690;230869;114002;28.0;13.8
60;2021-05-17;3716;1677;234585;115679;28.4;14.0
60;2021-05-18;4049;2081;238634;117760;28.9;14.3
60;2021-05-19;5098;1856;243732;119616;29.5;14.5
60;2021-05-20;5458;1800;249190;121416;30.2;14.7
60;2021-05-21;5974;1979;255164;123395;30.9;15.0
60;2021-05-22;5355;1980;260519;125375;31.6;15.2
60;2021-05-23;4267;659;264786;126034;32.1;15.3
60;2021-05-24;2951;535;267737;126569;32.4;15.3
60;2021-05-25;4139;2003;271876;128572;33.0;15.6
60;2021-05-26;4466;1834;276342;130406;33.5;15.8
60;2021-05-27;4613;1996;280955;132402;34.1;16.0
60;2021-05-28;4628;2507;285583;134909;34.6;16.4
60;2021-05-29;4612;2275;290195;137184;35.2;16.6
60;2021-05-30;1086;348;291281;137532;35.3;16.7
60;2021-05-31;3830;2083;295111;139615;35.8;16.9
60;2021-06-01;4444;2855;299555;142470;36.3;17.3
60;2021-06-02;3915;2452;303470;144922;36.8;17.6
60;2021-06-03;3905;2380;307375;147302;37.3;17.9
60;2021-06-04;4653;2907;312028;150209;37.8;18.2
60;2021-06-05;4303;3422;316331;153631;38.3;18.6
60;2021-06-06;2159;794;318490;154425;38.6;18.7
60;2021-06-07;2777;2761;321267;157186;38.9;19.1
60;2021-06-08;3802;3015;325069;160201;39.4;19.4
60;2021-06-09;3246;3401;328315;163602;39.8;19.8
60;2021-06-10;3456;3371;331771;166973;40.2;20.2
60;2021-06-11;3881;4195;335652;171168;40.7;20.7
60;2021-06-12;3779;4281;339431;175449;41.1;21.3
60;2021-06-13;1156;2225;340587;177674;41.3;21.5
60;2021-06-14;1910;3305;342497;180979;41.5;21.9
60;2021-06-15;3016;4167;345513;185146;41.9;22.4
60;2021-06-16;3252;4490;348765;189636;42.3;23.0
60;2021-06-17;2977;4785;351742;194421;42.6;23.6
60;2021-06-18;2984;4604;354726;199025;43.0;24.1
60;2021-06-19;3144;4726;357870;203751;43.4;24.7
60;2021-06-20;1430;1934;359300;205685;43.5;24.9
60;2021-06-21;1408;4041;360708;209726;43.7;25.4
60;2021-06-22;1759;5295;362467;215021;43.9;26.1
60;2021-06-23;1862;5241;364329;220262;44.2;26.7
60;2021-06-24;1804;5604;366133;225866;44.4;27.4
60;2021-06-25;1903;5732;368036;231598;44.6;28.1
60;2021-06-26;1860;6978;369896;238576;44.8;28.9
60;2021-06-27;715;2594;370611;241170;44.9;29.2
60;2021-06-28;1782;4142;372393;245312;45.1;29.7
60;2021-06-29;2014;5470;374407;250782;45.4;30.4
60;2021-06-30;2298;5360;376705;256142;45.7;31.0
60;2021-07-01;1891;4917;378596;261059;45.9;31.6
60;2021-07-02;2371;5884;380967;266943;46.2;32.4
60;2021-07-03;2402;6163;383369;273106;46.5;33.1
60;2021-07-04;792;2726;384161;275832;46.6;33.4
60;2021-07-05;1657;4401;385818;280233;46.8;34.0
60;2021-07-06;2146;4503;387964;284736;47.0;34.5
60;2021-07-07;2172;5121;390136;289857;47.3;35.1
60;2021-07-08;2673;4693;392809;294550;47.6;35.7
60;2021-07-09;2641;5564;395450;300114;47.9;36.4
60;2021-07-10;2581;5876;398031;305990;48.2;37.1
60;2021-07-11;1215;1942;399246;307932;48.4;37.3
60;2021-07-12;1444;4739;400690;312671;48.6;37.9
60;2021-07-13;2912;5024;403602;317695;48.9;38.5
60;2021-07-14;2582;1410;406184;319105;49.2;38.7
60;2021-07-15;3430;4874;409614;323979;49.6;39.3
60;2021-07-16;3699;5242;413313;329221;50.1;39.9
60;2021-07-17;4079;5136;417392;334357;50.6;40.5
60;2021-07-18;2186;2129;419578;336486;50.9;40.8
60;2021-07-19;2542;3893;422120;340379;51.2;41.3
60;2021-07-20;4193;4904;426313;345283;51.7;41.8
60;2021-07-21;4351;4278;430664;349561;52.2;42.4
60;2021-07-22;4628;4332;435292;353893;52.8;42.9
60;2021-07-23;4982;4905;440274;358798;53.4;43.5
60;2021-07-24;4316;4672;444590;363470;53.9;44.1
60;2021-07-25;2603;1828;447193;365298;54.2;44.3
60;2021-07-26;3378;3763;450571;369061;54.6;44.7
60;2021-07-27;4437;4633;455008;373694;55.1;45.3
60;2021-07-28;4547;3766;459555;377460;55.7;45.7
60;2021-07-29;4897;3710;464452;381170;56.3;46.2
60;2021-07-30;5025;4254;469477;385424;56.9;46.7
60;2021-07-31;4059;3969;473536;389393;57.4;47.2
60;2021-08-01;1683;862;475219;390255;57.6;47.3
60;2021-08-02;3171;2753;478390;393008;58.0;47.6
60;2021-08-03;3581;2894;481971;395902;58.4;48.0
60;2021-08-04;3303;2799;485274;398701;58.8;48.3
60;2021-08-05;3025;2256;488299;400957;59.2;48.6
60;2021-08-06;3824;3064;492123;404021;59.6;49.0
60;2021-08-07;3364;3075;495487;407096;60.1;49.3
60;2021-08-08;1533;907;497020;408003;60.2;49.5
60;2021-08-09;2194;2867;499214;410870;60.5;49.8
60;2021-08-10;3269;3307;502483;414177;60.9;50.2
60;2021-08-11;2781;3232;505264;417409;61.2;50.6
60;2021-08-12;2350;2660;507614;420069;61.5;50.9
60;2021-08-13;2737;2999;510351;423068;61.9;51.3
60;2021-08-14;2536;2727;512887;425795;62.2;51.6
60;2021-08-15;1358;548;514245;426343;62.3;51.7
60;2021-08-16;2036;3776;516281;430119;62.6;52.1
60;2021-08-17;2337;3822;518618;433941;62.9;52.6
60;2021-08-18;1934;3289;520552;437230;63.1;53.0
60;2021-08-19;1639;3089;522191;440319;63.3;53.4
60;2021-08-20;1851;3995;524042;444314;63.5;53.9
60;2021-08-21;1598;3488;525640;447802;63.7;54.3
60;2021-08-22;571;1335;526211;449137;63.8;54.4
60;2021-08-23;1097;3234;527308;452371;63.9;54.8
60;2021-08-24;1365;4487;528673;456858;64.1;55.4
60;2021-08-25;1431;3574;530104;460432;64.2;55.8
60;2021-08-26;1423;3447;531527;463879;64.4;56.2
60;2021-08-27;1420;4161;532947;468040;64.6;56.7
60;2021-08-28;1366;4468;534313;472508;64.8;57.3
60;2021-08-29;547;2032;534860;474540;64.8;57.5
60;2021-08-30;1224;2993;536084;477533;65.0;57.9
60;2021-08-31;1601;3823;537685;481356;65.2;58.3
61;2020-12-27;0;0;0;0;0.0;0.0
61;2020-12-28;0;0;0;0;0.0;0.0
61;2020-12-29;0;0;0;0;0.0;0.0
61;2020-12-30;0;0;0;0;0.0;0.0
61;2020-12-31;0;0;0;0;0.0;0.0
61;2021-01-01;1;0;1;0;0.0;0.0
61;2021-01-02;1;0;2;0;0.0;0.0
61;2021-01-03;0;0;2;0;0.0;0.0
61;2021-01-04;1;0;3;0;0.0;0.0
61;2021-01-05;3;0;6;0;0.0;0.0
61;2021-01-06;76;0;82;0;0.0;0.0
61;2021-01-07;175;2;257;2;0.1;0.0
61;2021-01-08;406;1;663;3;0.2;0.0
61;2021-01-09;165;1;828;4;0.3;0.0
61;2021-01-10;49;0;877;4;0.3;0.0
61;2021-01-11;396;1;1273;5;0.5;0.0
61;2021-01-12;681;2;1954;7;0.7;0.0
61;2021-01-13;740;1;2694;8;1.0;0.0
61;2021-01-14;530;8;3224;16;1.2;0.0
61;2021-01-15;537;4;3761;20;1.4;0.0
61;2021-01-16;289;1;4050;21;1.5;0.0
61;2021-01-17;856;7;4906;28;1.8;0.0
61;2021-01-18;1913;3;6819;31;2.5;0.0
61;2021-01-19;1323;3;8142;34;2.9;0.0
61;2021-01-20;683;0;8825;34;3.2;0.0
61;2021-01-21;847;1;9672;35;3.5;0.0
61;2021-01-22;764;1;10436;36;3.8;0.0
61;2021-01-23;257;2;10693;38;3.9;0.0
61;2021-01-24;228;0;10921;38;3.9;0.0
61;2021-01-25;578;1;11499;39;4.2;0.0
61;2021-01-26;559;0;12058;39;4.4;0.0
61;2021-01-27;569;14;12627;53;4.6;0.0
61;2021-01-28;464;53;13091;106;4.7;0.0
61;2021-01-29;479;204;13570;310;4.9;0.1
61;2021-01-30;212;3;13782;313;5.0;0.1
61;2021-01-31;106;0;13888;313;5.0;0.1
61;2021-02-01;430;190;14318;503;5.2;0.2
61;2021-02-02;387;424;14705;927;5.3;0.3
61;2021-02-03;413;489;15118;1416;5.5;0.5
61;2021-02-04;390;338;15508;1754;5.6;0.6
61;2021-02-05;538;360;16046;2114;5.8;0.8
61;2021-02-06;200;92;16246;2206;5.9;0.8
61;2021-02-07;45;199;16291;2405;5.9;0.9
61;2021-02-08;540;1396;16831;3801;6.1;1.4
61;2021-02-09;405;805;17236;4606;6.2;1.7
61;2021-02-10;277;557;17513;5163;6.3;1.9
61;2021-02-11;432;559;17945;5722;6.5;2.1
61;2021-02-12;402;734;18347;6456;6.6;2.3
61;2021-02-13;132;430;18479;6886;6.7;2.5
61;2021-02-14;2;314;18481;7200;6.7;2.6
61;2021-02-15;172;835;18653;8035;6.7;2.9
61;2021-02-16;203;677;18856;8712;6.8;3.1
61;2021-02-17;44;635;18900;9347;6.8;3.4
61;2021-02-18;161;521;19061;9868;6.9;3.6
61;2021-02-19;101;389;19162;10257;6.9;3.7
61;2021-02-20;40;236;19202;10493;6.9;3.8
61;2021-02-21;2;155;19204;10648;6.9;3.8
61;2021-02-22;88;565;19292;11213;7.0;4.0
61;2021-02-23;111;493;19403;11706;7.0;4.2
61;2021-02-24;173;565;19576;12271;7.1;4.4
61;2021-02-25;265;444;19841;12715;7.2;4.6
61;2021-02-26;266;462;20107;13177;7.3;4.8
61;2021-02-27;109;227;20216;13404;7.3;4.8
61;2021-02-28;4;121;20220;13525;7.3;4.9
61;2021-03-01;217;610;20437;14135;7.4;5.1
61;2021-03-02;148;699;20585;14834;7.4;5.4
61;2021-03-03;142;447;20727;15281;7.5;5.5
61;2021-03-04;431;444;21158;15725;7.6;5.7
61;2021-03-05;701;297;21859;16022;7.9;5.8
61;2021-03-06;436;231;22295;16253;8.1;5.9
61;2021-03-07;155;2;22450;16255;8.1;5.9
61;2021-03-08;298;314;22748;16569;8.2;6.0
61;2021-03-09;622;185;23370;16754;8.4;6.1
61;2021-03-10;672;189;24042;16943;8.7;6.1
61;2021-03-11;1121;130;25163;17073;9.1;6.2
61;2021-03-12;1467;102;26630;17175;9.6;6.2
61;2021-03-13;775;53;27405;17228;9.9;6.2
61;2021-03-14;226;5;27631;17233;10.0;6.2
61;2021-03-15;814;35;28445;17268;10.3;6.2
61;2021-03-16;720;22;29165;17290;10.5;6.2
61;2021-03-17;761;13;29926;17303;10.8;6.2
61;2021-03-18;858;28;30784;17331;11.1;6.3
61;2021-03-19;1027;50;31811;17381;11.5;6.3
61;2021-03-20;471;14;32282;17395;11.7;6.3
61;2021-03-21;71;2;32353;17397;11.7;6.3
61;2021-03-22;796;90;33149;17487;12.0;6.3
61;2021-03-23;920;39;34069;17526;12.3;6.3
61;2021-03-24;1372;70;35441;17596;12.8;6.4
61;2021-03-25;1876;65;37317;17661;13.5;6.4
61;2021-03-26;1799;44;39116;17705;14.1;6.4
61;2021-03-27;1083;18;40199;17723;14.5;6.4
61;2021-03-28;359;9;40558;17732;14.6;6.4
61;2021-03-29;1271;183;41829;17915;15.1;6.5
61;2021-03-30;1471;96;43300;18011;15.6;6.5
61;2021-03-31;1686;51;44986;18062;16.2;6.5
61;2021-04-01;2051;229;47037;18291;17.0;6.6
61;2021-04-02;1520;434;48557;18725;17.5;6.8
61;2021-04-03;640;288;49197;19013;17.8;6.9
61;2021-04-04;193;1;49390;19014;17.8;6.9
61;2021-04-05;532;8;49922;19022;18.0;6.9
61;2021-04-06;1354;620;51276;19642;18.5;7.1
61;2021-04-07;1699;663;52975;20305;19.1;7.3
61;2021-04-08;2268;832;55243;21137;20.0;7.6
61;2021-04-09;2138;839;57381;21976;20.7;7.9
61;2021-04-10;1534;488;58915;22464;21.3;8.1
61;2021-04-11;238;199;59153;22663;21.4;8.2
61;2021-04-12;1289;736;60442;23399;21.8;8.5
61;2021-04-13;1741;706;62183;24105;22.5;8.7
61;2021-04-14;1735;785;63918;24890;23.1;9.0
61;2021-04-15;2268;781;66186;25671;23.9;9.3
61;2021-04-16;2223;686;68409;26357;24.7;9.5
61;2021-04-17;1487;325;69896;26682;25.2;9.6
61;2021-04-18;538;99;70434;26781;25.4;9.7
61;2021-04-19;938;748;71372;27529;25.8;9.9
61;2021-04-20;1524;786;72896;28315;26.3;10.2
61;2021-04-21;1352;1041;74248;29356;26.8;10.6
61;2021-04-22;1293;1220;75541;30576;27.3;11.0
61;2021-04-23;1217;1151;76758;31727;27.7;11.5
61;2021-04-24;1437;818;78195;32545;28.2;11.8
61;2021-04-25;361;333;78556;32878;28.4;11.9
61;2021-04-26;670;1144;79226;34022;28.6;12.3
61;2021-04-27;1464;1145;80690;35167;29.1;12.7
61;2021-04-28;1386;1390;82076;36557;29.6;13.2
61;2021-04-29;1247;1861;83323;38418;30.1;13.9
61;2021-04-30;1721;1171;85044;39589;30.7;14.3
61;2021-05-01;788;321;85832;39910;31.0;14.4
61;2021-05-02;438;225;86270;40135;31.2;14.5
61;2021-05-03;844;1250;87114;41385;31.5;14.9
61;2021-05-04;1326;1754;88440;43139;31.9;15.6
61;2021-05-05;1009;2030;89449;45169;32.3;16.3
61;2021-05-06;1772;2211;91221;47380;32.9;17.1
61;2021-05-07;1376;1971;92597;49351;33.4;17.8
61;2021-05-08;930;473;93527;49824;33.8;18.0
61;2021-05-09;394;293;93921;50117;33.9;18.1
61;2021-05-10;988;1754;94909;51871;34.3;18.7
61;2021-05-11;1375;1516;96284;53387;34.8;19.3
61;2021-05-12;1870;1593;98154;54980;35.4;19.9
61;2021-05-13;889;491;99043;55471;35.8;20.0
61;2021-05-14;1852;1191;100895;56662;36.4;20.5
61;2021-05-15;2103;1119;102998;57781;37.2;20.9
61;2021-05-16;984;300;103982;58081;37.6;21.0
61;2021-05-17;1312;915;105294;58996;38.0;21.3
61;2021-05-18;2424;894;107718;59890;38.9;21.6
61;2021-05-19;2401;804;110119;60694;39.8;21.9
61;2021-05-20;2214;818;112333;61512;40.6;22.2
61;2021-05-21;2150;860;114483;62372;41.3;22.5
61;2021-05-22;1780;717;116263;63089;42.0;22.8
61;2021-05-23;714;53;116977;63142;42.2;22.8
61;2021-05-24;913;110;117890;63252;42.6;22.8
61;2021-05-25;1991;923;119881;64175;43.3;23.2
61;2021-05-26;2043;931;121924;65106;44.0;23.5
61;2021-05-27;2040;1096;123964;66202;44.8;23.9
61;2021-05-28;2052;1380;126016;67582;45.5;24.4
61;2021-05-29;1464;556;127480;68138;46.0;24.6
61;2021-05-30;450;44;127930;68182;46.2;24.6
61;2021-05-31;1561;939;129491;69121;46.8;25.0
61;2021-06-01;1876;1389;131367;70510;47.4;25.5
61;2021-06-02;1675;1137;133042;71647;48.0;25.9
61;2021-06-03;2250;1111;135292;72758;48.9;26.3
61;2021-06-04;1894;1346;137186;74104;49.5;26.8
61;2021-06-05;1668;1240;138854;75344;50.1;27.2
61;2021-06-06;318;230;139172;75574;50.3;27.3
61;2021-06-07;2189;868;141361;76442;51.1;27.6
61;2021-06-08;1847;1570;143208;78012;51.7;28.2
61;2021-06-09;1975;1185;145183;79197;52.4;28.6
61;2021-06-10;1974;1192;147157;80389;53.1;29.0
61;2021-06-11;1821;1580;148978;81969;53.8;29.6
61;2021-06-12;1423;998;150401;82967;54.3;30.0
61;2021-06-13;340;377;150741;83344;54.4;30.1
61;2021-06-14;1107;1189;151848;84533;54.8;30.5
61;2021-06-15;1213;1695;153061;86228;55.3;31.1
61;2021-06-16;1112;1363;154173;87591;55.7;31.6
61;2021-06-17;1020;1730;155193;89321;56.0;32.3
61;2021-06-18;1522;1670;156715;90991;56.6;32.9
61;2021-06-19;1245;1303;157960;92294;57.0;33.3
61;2021-06-20;289;345;158249;92639;57.1;33.5
61;2021-06-21;808;1630;159057;94269;57.4;34.0
61;2021-06-22;1023;1683;160080;95952;57.8;34.7
61;2021-06-23;967;2438;161047;98390;58.2;35.5
61;2021-06-24;650;1359;161697;99749;58.4;36.0
61;2021-06-25;839;2168;162536;101917;58.7;36.8
61;2021-06-26;624;1953;163160;103870;58.9;37.5
61;2021-06-27;139;799;163299;104669;59.0;37.8
61;2021-06-28;478;2248;163777;106917;59.1;38.6
61;2021-06-29;699;2858;164476;109775;59.4;39.6
61;2021-06-30;771;2463;165247;112238;59.7;40.5
61;2021-07-01;633;1696;165880;113934;59.9;41.1
61;2021-07-02;842;2499;166722;116433;60.2;42.0
61;2021-07-03;417;1912;167139;118345;60.4;42.7
61;2021-07-04;75;638;167214;118983;60.4;43.0
61;2021-07-05;684;1774;167898;120757;60.6;43.6
61;2021-07-06;990;2796;168888;123553;61.0;44.6
61;2021-07-07;734;2362;169622;125915;61.3;45.5
61;2021-07-08;842;1945;170464;127860;61.6;46.2
61;2021-07-09;723;2375;171187;130235;61.8;47.0
61;2021-07-10;464;1771;171651;132006;62.0;47.7
61;2021-07-11;244;489;171895;132495;62.1;47.8
61;2021-07-12;438;2290;172333;134785;62.2;48.7
61;2021-07-13;646;2489;172979;137274;62.5;49.6
61;2021-07-14;149;334;173128;137608;62.5;49.7
61;2021-07-15;815;2813;173943;140421;62.8;50.7
61;2021-07-16;968;2574;174911;142995;63.2;51.6
61;2021-07-17;704;2231;175615;145226;63.4;52.4
61;2021-07-18;339;368;175954;145594;63.5;52.6
61;2021-07-19;935;2404;176889;147998;63.9;53.4
61;2021-07-20;1327;2357;178216;150355;64.4;54.3
61;2021-07-21;1503;2182;179719;152537;64.9;55.1
61;2021-07-22;1751;2189;181470;154726;65.5;55.9
61;2021-07-23;1793;2306;183263;157032;66.2;56.7
61;2021-07-24;1457;2003;184720;159035;66.7;57.4
61;2021-07-25;324;393;185044;159428;66.8;57.6
61;2021-07-26;1251;1931;186295;161359;67.3;58.3
61;2021-07-27;2420;1585;188715;162944;68.2;58.8
61;2021-07-28;2458;1353;191173;164297;69.0;59.3
61;2021-07-29;2561;1575;193734;165872;70.0;59.9
61;2021-07-30;2397;1391;196131;167263;70.8;60.4
61;2021-07-31;1281;1298;197412;168561;71.3;60.9
61;2021-08-01;503;260;197915;168821;71.5;61.0
61;2021-08-02;1911;1120;199826;169941;72.2;61.4
61;2021-08-03;2450;913;202276;170854;73.0;61.7
61;2021-08-04;2342;782;204618;171636;73.9;62.0
61;2021-08-05;1899;989;206517;172625;74.6;62.3
61;2021-08-06;2159;1162;208676;173787;75.4;62.8
61;2021-08-07;1422;798;210098;174585;75.9;63.0
61;2021-08-08;447;263;210545;174848;76.0;63.1
61;2021-08-09;1303;1110;211848;175958;76.5;63.5
61;2021-08-10;1315;1107;213163;177065;77.0;63.9
61;2021-08-11;1116;1257;214279;178322;77.4;64.4
61;2021-08-12;1024;1321;215303;179643;77.8;64.9
61;2021-08-13;867;1609;216170;181252;78.1;65.5
61;2021-08-14;712;860;216882;182112;78.3;65.8
61;2021-08-15;93;184;216975;182296;78.4;65.8
61;2021-08-16;907;1542;217882;183838;78.7;66.4
61;2021-08-17;1145;1696;219027;185534;79.1;67.0
61;2021-08-18;806;1479;219833;187013;79.4;67.5
61;2021-08-19;734;1570;220567;188583;79.7;68.1
61;2021-08-20;800;2130;221367;190713;79.9;68.9
61;2021-08-21;490;1340;221857;192053;80.1;69.4
61;2021-08-22;137;446;221994;192499;80.2;69.5
61;2021-08-23;413;1704;222407;194203;80.3;70.1
61;2021-08-24;522;1895;222929;196098;80.5;70.8
61;2021-08-25;411;1733;223340;197831;80.7;71.4
61;2021-08-26;426;1597;223766;199428;80.8;72.0
61;2021-08-27;499;1885;224265;201313;81.0;72.7
61;2021-08-28;284;1366;224549;202679;81.1;73.2
61;2021-08-29;50;417;224599;203096;81.1;73.3
61;2021-08-30;381;1622;224980;204718;81.2;73.9
61;2021-08-31;505;1711;225485;206429;81.4;74.5
62;2020-12-27;2;0;2;0;0.0;0.0
62;2020-12-28;2;0;4;0;0.0;0.0
62;2020-12-29;0;0;4;0;0.0;0.0
62;2020-12-30;0;0;4;0;0.0;0.0
62;2020-12-31;0;0;4;0;0.0;0.0
62;2021-01-01;0;0;4;0;0.0;0.0
62;2021-01-02;0;0;4;0;0.0;0.0
62;2021-01-03;0;0;4;0;0.0;0.0
62;2021-01-04;2;0;6;0;0.0;0.0
62;2021-01-05;47;0;53;0;0.0;0.0
62;2021-01-06;123;0;176;0;0.0;0.0
62;2021-01-07;351;0;527;0;0.0;0.0
62;2021-01-08;712;6;1239;6;0.1;0.0
62;2021-01-09;164;1;1403;7;0.1;0.0
62;2021-01-10;84;0;1487;7;0.1;0.0
62;2021-01-11;555;1;2042;8;0.1;0.0
62;2021-01-12;1257;3;3299;11;0.2;0.0
62;2021-01-13;1139;6;4438;17;0.3;0.0
62;2021-01-14;1387;8;5825;25;0.4;0.0
62;2021-01-15;1296;8;7121;33;0.5;0.0
62;2021-01-16;308;3;7429;36;0.5;0.0
62;2021-01-17;107;1;7536;37;0.5;0.0
62;2021-01-18;1666;10;9202;47;0.6;0.0
62;2021-01-19;2103;4;11305;51;0.8;0.0
62;2021-01-20;2055;6;13360;57;0.9;0.0
62;2021-01-21;2238;5;15598;62;1.1;0.0
62;2021-01-22;1835;7;17433;69;1.2;0.0
62;2021-01-23;512;1;17945;70;1.2;0.0
62;2021-01-24;0;0;17945;70;1.2;0.0
62;2021-01-25;1282;7;19227;77;1.3;0.0
62;2021-01-26;1544;14;20771;91;1.4;0.0
62;2021-01-27;1500;171;22271;262;1.5;0.0
62;2021-01-28;4163;385;26434;647;1.8;0.0
62;2021-01-29;2033;329;28467;976;2.0;0.1
62;2021-01-30;159;151;28626;1127;2.0;0.1
62;2021-01-31;22;3;28648;1130;2.0;0.1
62;2021-02-01;46;351;28694;1481;2.0;0.1
62;2021-02-02;59;781;28753;2262;2.0;0.2
62;2021-02-03;44;627;28797;2889;2.0;0.2
62;2021-02-04;81;801;28878;3690;2.0;0.3
62;2021-02-05;80;745;28958;4435;2.0;0.3
62;2021-02-06;27;192;28985;4627;2.0;0.3
62;2021-02-07;237;30;29222;4657;2.0;0.3
62;2021-02-08;130;834;29352;5491;2.0;0.4
62;2021-02-09;227;1080;29579;6571;2.0;0.5
62;2021-02-10;385;1156;29964;7727;2.1;0.5
62;2021-02-11;724;987;30688;8714;2.1;0.6
62;2021-02-12;966;770;31654;9484;2.2;0.7
62;2021-02-13;159;265;31813;9749;2.2;0.7
62;2021-02-14;0;0;31813;9749;2.2;0.7
62;2021-02-15;665;1250;32478;10999;2.2;0.8
62;2021-02-16;922;1744;33400;12743;2.3;0.9
62;2021-02-17;1074;2083;34474;14826;2.4;1.0
62;2021-02-18;2220;3770;36694;18596;2.5;1.3
62;2021-02-19;2310;2531;39004;21127;2.7;1.5
62;2021-02-20;616;476;39620;21603;2.7;1.5
62;2021-02-21;87;50;39707;21653;2.7;1.5
62;2021-02-22;848;952;40555;22605;2.8;1.6
62;2021-02-23;1419;1206;41974;23811;2.9;1.6
62;2021-02-24;1547;649;43521;24460;3.0;1.7
62;2021-02-25;3169;417;46690;24877;3.2;1.7
62;2021-02-26;2910;346;49600;25223;3.4;1.7
62;2021-02-27;1830;97;51430;25320;3.5;1.7
62;2021-02-28;52;42;51482;25362;3.5;1.7
62;2021-03-01;1322;122;52804;25484;3.6;1.8
62;2021-03-02;3157;177;55961;25661;3.9;1.8
62;2021-03-03;3270;131;59231;25792;4.1;1.8
62;2021-03-04;3810;220;63041;26012;4.3;1.8
62;2021-03-05;4644;235;67685;26247;4.7;1.8
62;2021-03-06;9621;271;77306;26518;5.3;1.8
62;2021-03-07;8075;234;85381;26752;5.9;1.8
62;2021-03-08;2195;265;87576;27017;6.0;1.9
62;2021-03-09;3808;386;91384;27403;6.3;1.9
62;2021-03-10;4232;620;95616;28023;6.6;1.9
62;2021-03-11;5994;1539;101610;29562;7.0;2.0
62;2021-03-12;6636;1430;108246;30992;7.5;2.1
62;2021-03-13;14722;812;122968;31804;8.5;2.2
62;2021-03-14;9586;414;132554;32218;9.1;2.2
62;2021-03-15;3763;1021;136317;33239;9.4;2.3
62;2021-03-16;2737;859;139054;34098;9.6;2.3
62;2021-03-17;2805;735;141859;34833;9.8;2.4
62;2021-03-18;2725;944;144584;35777;10.0;2.5
62;2021-03-19;4780;933;149364;36710;10.3;2.5
62;2021-03-20;11067;617;160431;37327;11.0;2.6
62;2021-03-21;9448;373;169879;37700;11.7;2.6
62;2021-03-22;2942;1112;172821;38812;11.9;2.7
62;2021-03-23;4996;1493;177817;40305;12.2;2.8
62;2021-03-24;4695;1384;182512;41689;12.6;2.9
62;2021-03-25;6555;1476;189067;43165;13.0;3.0
62;2021-03-26;7052;1505;196119;44670;13.5;3.1
62;2021-03-27;12591;750;208710;45420;14.4;3.1
62;2021-03-28;6941;288;215651;45708;14.8;3.1
62;2021-03-29;3472;1216;219123;46924;15.1;3.2
62;2021-03-30;4549;2217;223672;49141;15.4;3.4
62;2021-03-31;4224;2479;227896;51620;15.7;3.6
62;2021-04-01;4975;2767;232871;54387;16.0;3.7
62;2021-04-02;5067;3242;237938;57629;16.4;4.0
62;2021-04-03;8210;3362;246148;60991;16.9;4.2
62;2021-04-04;4582;1936;250730;62927;17.3;4.3
62;2021-04-05;944;467;251674;63394;17.3;4.4
62;2021-04-06;4124;3008;255798;66402;17.6;4.6
62;2021-04-07;5060;3514;260858;69916;18.0;4.8
62;2021-04-08;6488;4001;267346;73917;18.4;5.1
62;2021-04-09;7628;3482;274974;77399;18.9;5.3
62;2021-04-10;6634;8079;281608;85478;19.4;5.9
62;2021-04-11;2808;6900;284416;92378;19.6;6.4
62;2021-04-12;3423;2382;287839;94760;19.8;6.5
62;2021-04-13;6172;3166;294011;97926;20.2;6.7
62;2021-04-14;5306;3068;299317;100994;20.6;7.0
62;2021-04-15;5736;2989;305053;103983;21.0;7.2
62;2021-04-16;5418;3201;310471;107184;21.4;7.4
62;2021-04-17;4357;7364;314828;114548;21.7;7.9
62;2021-04-18;1955;6850;316783;121398;21.8;8.4
62;2021-04-19;2779;1927;319562;123325;22.0;8.5
62;2021-04-20;4150;3888;323712;127213;22.3;8.8
62;2021-04-21;3747;3985;327459;131198;22.5;9.0
62;2021-04-22;3949;5196;331408;136394;22.8;9.4
62;2021-04-23;4060;5317;335468;141711;23.1;9.8
62;2021-04-24;4404;6736;339872;148447;23.4;10.2
62;2021-04-25;1910;3502;341782;151949;23.5;10.5
62;2021-04-26;2224;2432;344006;154381;23.7;10.6
62;2021-04-27;4410;3717;348416;158098;24.0;10.9
62;2021-04-28;4588;4411;353004;162509;24.3;11.2
62;2021-04-29;4790;5905;357794;168414;24.6;11.6
62;2021-04-30;5214;5730;363008;174144;25.0;12.0
62;2021-05-01;5727;3474;368735;177618;25.4;12.2
62;2021-05-02;7826;3155;376561;180773;25.9;12.4
62;2021-05-03;4508;2346;381069;183119;26.2;12.6
62;2021-05-04;5397;4981;386466;188100;26.6;12.9
62;2021-05-05;4733;4840;391199;192940;26.9;13.3
62;2021-05-06;5620;4947;396819;197887;27.3;13.6
62;2021-05-07;7686;4683;404505;202570;27.8;13.9
62;2021-05-08;10653;2325;415158;204895;28.6;14.1
62;2021-05-09;8626;1637;423784;206532;29.2;14.2
62;2021-05-10;4866;4028;428650;210560;29.5;14.5
62;2021-05-11;6415;5054;435065;215614;29.9;14.8
62;2021-05-12;8623;4608;443688;220222;30.5;15.2
62;2021-05-13;9998;1491;453686;221713;31.2;15.3
62;2021-05-14;11881;3415;465567;225128;32.0;15.5
62;2021-05-15;19784;3298;485351;228426;33.4;15.7
62;2021-05-16;16396;1414;501747;229840;34.5;15.8
62;2021-05-17;8181;2664;509928;232504;35.1;16.0
62;2021-05-18;9327;3136;519255;235640;35.7;16.2
62;2021-05-19;8614;2930;527869;238570;36.3;16.4
62;2021-05-20;8342;3847;536211;242417;36.9;16.7
62;2021-05-21;9398;4223;545609;246640;37.6;17.0
62;2021-05-22;17876;3539;563485;250179;38.8;17.2
62;2021-05-23;12377;1161;575862;251340;39.6;17.3
62;2021-05-24;3910;586;579772;251926;39.9;17.3
62;2021-05-25;7225;4095;586997;256021;40.4;17.6
62;2021-05-26;6779;4916;593776;260937;40.9;18.0
62;2021-05-27;6384;5696;600160;266633;41.3;18.4
62;2021-05-28;6520;6770;606680;273403;41.8;18.8
62;2021-05-29;10852;5549;617532;278952;42.5;19.2
62;2021-05-30;4037;984;621569;279936;42.8;19.3
62;2021-05-31;4795;3975;626364;283911;43.1;19.5
62;2021-06-01;6520;6537;632884;290448;43.6;20.0
62;2021-06-02;7441;5819;640325;296267;44.1;20.4
62;2021-06-03;7858;5893;648183;302160;44.6;20.8
62;2021-06-04;7905;6261;656088;308421;45.2;21.2
62;2021-06-05;8275;6238;664363;314659;45.7;21.7
62;2021-06-06;3129;1290;667492;315949;45.9;21.7
62;2021-06-07;4621;3770;672113;319719;46.3;22.0
62;2021-06-08;6208;5912;678321;325631;46.7;22.4
62;2021-06-09;5496;4770;683817;330401;47.1;22.7
62;2021-06-10;5206;5887;689023;336288;47.4;23.1
62;2021-06-11;6212;8874;695235;345162;47.9;23.8
62;2021-06-12;5935;8645;701170;353807;48.3;24.4
62;2021-06-13;3230;3801;704400;357608;48.5;24.6
62;2021-06-14;2610;6780;707010;364388;48.7;25.1
62;2021-06-15;4675;8543;711685;372931;49.0;25.7
62;2021-06-16;5083;7432;716768;380363;49.3;26.2
62;2021-06-17;5233;8042;722001;388405;49.7;26.7
62;2021-06-18;4824;10489;726825;398894;50.0;27.5
62;2021-06-19;5799;13442;732624;412336;50.4;28.4
62;2021-06-20;2100;4370;734724;416706;50.6;28.7
62;2021-06-21;2972;8931;737696;425637;50.8;29.3
62;2021-06-22;3431;10176;741127;435813;51.0;30.0
62;2021-06-23;3388;10322;744515;446135;51.2;30.7
62;2021-06-24;3345;11783;747860;457918;51.5;31.5
62;2021-06-25;3726;15770;751586;473688;51.7;32.6
62;2021-06-26;3550;18424;755136;492112;52.0;33.9
62;2021-06-27;1121;9816;756257;501928;52.1;34.5
62;2021-06-28;1926;8869;758183;510797;52.2;35.2
62;2021-06-29;2974;11466;761157;522263;52.4;35.9
62;2021-06-30;4143;10819;765300;533082;52.7;36.7
62;2021-07-01;4482;10484;769782;543566;53.0;37.4
62;2021-07-02;4166;11986;773948;555552;53.3;38.2
62;2021-07-03;2996;18056;776944;573608;53.5;39.5
62;2021-07-04;1450;9196;778394;582804;53.6;40.1
62;2021-07-05;2417;6920;780811;589724;53.7;40.6
62;2021-07-06;3824;10018;784635;599742;54.0;41.3
62;2021-07-07;3916;8913;788551;608655;54.3;41.9
62;2021-07-08;5243;9090;793794;617745;54.6;42.5
62;2021-07-09;4465;10852;798259;628597;54.9;43.3
62;2021-07-10;4972;11894;803231;640491;55.3;44.1
62;2021-07-11;1337;2092;804568;642583;55.4;44.2
62;2021-07-12;2328;7134;806896;649717;55.5;44.7
62;2021-07-13;5174;12161;812070;661878;55.9;45.6
62;2021-07-14;3636;3162;815706;665040;56.1;45.8
62;2021-07-15;7585;11502;823291;676542;56.7;46.6
62;2021-07-16;7625;11046;830916;687588;57.2;47.3
62;2021-07-17;9720;10326;840636;697914;57.9;48.0
62;2021-07-18;2714;3459;843350;701373;58.1;48.3
62;2021-07-19;6012;7019;849362;708392;58.5;48.8
62;2021-07-20;7937;10727;857299;719119;59.0;49.5
62;2021-07-21;9773;9413;867072;728532;59.7;50.1
62;2021-07-22;9798;9023;876870;737555;60.4;50.8
62;2021-07-23;10623;8420;887493;745975;61.1;51.3
62;2021-07-24;9661;10312;897154;756287;61.8;52.1
62;2021-07-25;5548;1871;902702;758158;62.1;52.2
62;2021-07-26;6239;5390;908941;763548;62.6;52.6
62;2021-07-27;9836;8124;918777;771672;63.2;53.1
62;2021-07-28;10379;7486;929156;779158;64.0;53.6
62;2021-07-29;11990;7652;941146;786810;64.8;54.2
62;2021-07-30;9072;6294;950218;793104;65.4;54.6
62;2021-07-31;6635;4022;956853;797126;65.9;54.9
62;2021-08-01;2340;1103;959193;798229;66.0;54.9
62;2021-08-02;6858;4754;966051;802983;66.5;55.3
62;2021-08-03;8612;7481;974663;810464;67.1;55.8
62;2021-08-04;9464;5479;984127;815943;67.7;56.2
62;2021-08-05;8348;5628;992475;821571;68.3;56.6
62;2021-08-06;7308;5946;999783;827517;68.8;57.0
62;2021-08-07;5485;4959;1005268;832476;69.2;57.3
62;2021-08-08;1872;1301;1007140;833777;69.3;57.4
62;2021-08-09;5237;5041;1012377;838818;69.7;57.7
62;2021-08-10;6205;7360;1018582;846178;70.1;58.2
62;2021-08-11;5393;7401;1023975;853579;70.5;58.8
62;2021-08-12;5980;7032;1029955;860611;70.9;59.2
62;2021-08-13;4457;6060;1034412;866671;71.2;59.7
62;2021-08-14;3809;6866;1038221;873537;71.5;60.1
62;2021-08-15;1139;1208;1039360;874745;71.5;60.2
62;2021-08-16;3163;5877;1042523;880622;71.8;60.6
62;2021-08-17;4152;7350;1046675;887972;72.0;61.1
62;2021-08-18;4330;7245;1051005;895217;72.3;61.6
62;2021-08-19;4335;8614;1055340;903831;72.6;62.2
62;2021-08-20;3363;8468;1058703;912299;72.9;62.8
62;2021-08-21;2452;9760;1061155;922059;73.0;63.5
62;2021-08-22;389;2816;1061544;924875;73.1;63.7
62;2021-08-23;2716;7830;1064260;932705;73.3;64.2
62;2021-08-24;3818;10394;1068078;943099;73.5;64.9
62;2021-08-25;3496;9191;1071574;952290;73.8;65.5
62;2021-08-26;3169;9766;1074743;962056;74.0;66.2
62;2021-08-27;2560;8807;1077303;970863;74.2;66.8
62;2021-08-28;2018;7982;1079321;978845;74.3;67.4
62;2021-08-29;861;2247;1080182;981092;74.4;67.5
62;2021-08-30;2017;7377;1082199;988469;74.5;68.0
62;2021-08-31;2100;7984;1084299;996453;74.6;68.6
63;2020-12-27;0;0;0;0;0.0;0.0
63;2020-12-28;1;0;1;0;0.0;0.0
63;2020-12-29;0;0;1;0;0.0;0.0
63;2020-12-30;0;0;1;0;0.0;0.0
63;2020-12-31;0;0;1;0;0.0;0.0
63;2021-01-01;1;0;2;0;0.0;0.0
63;2021-01-02;0;0;2;0;0.0;0.0
63;2021-01-03;1;0;3;0;0.0;0.0
63;2021-01-04;0;0;3;0;0.0;0.0
63;2021-01-05;1;0;4;0;0.0;0.0
63;2021-01-06;4;1;8;1;0.0;0.0
63;2021-01-07;310;0;318;1;0.0;0.0
63;2021-01-08;214;0;532;1;0.1;0.0
63;2021-01-09;91;0;623;1;0.1;0.0
63;2021-01-10;82;0;705;1;0.1;0.0
63;2021-01-11;430;2;1135;3;0.2;0.0
63;2021-01-12;661;1;1796;4;0.3;0.0
63;2021-01-13;873;2;2669;6;0.4;0.0
63;2021-01-14;544;8;3213;14;0.5;0.0
63;2021-01-15;431;3;3644;17;0.6;0.0
63;2021-01-16;157;0;3801;17;0.6;0.0
63;2021-01-17;133;0;3934;17;0.6;0.0
63;2021-01-18;631;2;4565;19;0.7;0.0
63;2021-01-19;866;1;5431;20;0.8;0.0
63;2021-01-20;1063;2;6494;22;1.0;0.0
63;2021-01-21;1012;3;7506;25;1.1;0.0
63;2021-01-22;968;3;8474;28;1.3;0.0
63;2021-01-23;192;0;8666;28;1.3;0.0
63;2021-01-24;164;1;8830;29;1.3;0.0
63;2021-01-25;829;1;9659;30;1.5;0.0
63;2021-01-26;972;2;10631;32;1.6;0.0
63;2021-01-27;1001;5;11632;37;1.8;0.0
63;2021-01-28;1320;68;12952;105;2.0;0.0
63;2021-01-29;1066;65;14018;170;2.1;0.0
63;2021-01-30;68;0;14086;170;2.1;0.0
63;2021-01-31;6;0;14092;170;2.1;0.0
63;2021-02-01;574;180;14666;350;2.2;0.1
63;2021-02-02;885;232;15551;582;2.4;0.1
63;2021-02-03;1473;284;17024;866;2.6;0.1
63;2021-02-04;2118;512;19142;1378;2.9;0.2
63;2021-02-05;1145;272;20287;1650;3.1;0.2
63;2021-02-06;117;0;20404;1650;3.1;0.2
63;2021-02-07;9;1;20413;1651;3.1;0.3
63;2021-02-08;538;405;20951;2056;3.2;0.3
63;2021-02-09;671;430;21622;2486;3.3;0.4
63;2021-02-10;608;601;22230;3087;3.4;0.5
63;2021-02-11;751;469;22981;3556;3.5;0.5
63;2021-02-12;820;803;23801;4359;3.6;0.7
63;2021-02-13;82;1;23883;4360;3.6;0.7
63;2021-02-14;0;65;23883;4425;3.6;0.7
63;2021-02-15;202;777;24085;5202;3.6;0.8
63;2021-02-16;411;1134;24496;6336;3.7;1.0
63;2021-02-17;348;858;24844;7194;3.8;1.1
63;2021-02-18;607;817;25451;8011;3.9;1.2
63;2021-02-19;449;966;25900;8977;3.9;1.4
63;2021-02-20;35;32;25935;9009;3.9;1.4
63;2021-02-21;2;17;25937;9026;3.9;1.4
63;2021-02-22;291;925;26228;9951;4.0;1.5
63;2021-02-23;580;1123;26808;11074;4.1;1.7
63;2021-02-24;697;1413;27505;12487;4.2;1.9
63;2021-02-25;1603;1661;29108;14148;4.4;2.1
63;2021-02-26;1625;1363;30733;15511;4.7;2.3
63;2021-02-27;642;71;31375;15582;4.8;2.4
63;2021-02-28;4;178;31379;15760;4.8;2.4
63;2021-03-01;586;516;31965;16276;4.8;2.5
63;2021-03-02;906;800;32871;17076;5.0;2.6
63;2021-03-03;1036;722;33907;17798;5.1;2.7
63;2021-03-04;1752;497;35659;18295;5.4;2.8
63;2021-03-05;2612;694;38271;18989;5.8;2.9
63;2021-03-06;1551;53;39822;19042;6.0;2.9
63;2021-03-07;511;19;40333;19061;6.1;2.9
63;2021-03-08;967;649;41300;19710;6.3;3.0
63;2021-03-09;1538;1060;42838;20770;6.5;3.1
63;2021-03-10;1653;615;44491;21385;6.7;3.2
63;2021-03-11;3052;890;47543;22275;7.2;3.4
63;2021-03-12;3514;387;51057;22662;7.7;3.4
63;2021-03-13;2049;84;53106;22746;8.0;3.4
63;2021-03-14;61;22;53167;22768;8.1;3.4
63;2021-03-15;1765;368;54932;23136;8.3;3.5
63;2021-03-16;1746;414;56678;23550;8.6;3.6
63;2021-03-17;1639;683;58317;24233;8.8;3.7
63;2021-03-18;1941;748;60258;24981;9.1;3.8
63;2021-03-19;2741;495;62999;25476;9.5;3.9
63;2021-03-20;1121;70;64120;25546;9.7;3.9
63;2021-03-21;50;45;64170;25591;9.7;3.9
63;2021-03-22;1983;257;66153;25848;10.0;3.9
63;2021-03-23;2886;348;69039;26196;10.5;4.0
63;2021-03-24;3221;345;72260;26541;10.9;4.0
63;2021-03-25;4596;389;76856;26930;11.6;4.1
63;2021-03-26;4691;570;81547;27500;12.4;4.2
63;2021-03-27;2454;233;84001;27733;12.7;4.2
63;2021-03-28;1047;83;85048;27816;12.9;4.2
63;2021-03-29;2480;522;87528;28338;13.3;4.3
63;2021-03-30;3284;629;90812;28967;13.8;4.4
63;2021-03-31;2967;752;93779;29719;14.2;4.5
63;2021-04-01;3840;531;97619;30250;14.8;4.6
63;2021-04-02;3483;710;101102;30960;15.3;4.7
63;2021-04-03;1174;180;102276;31140;15.5;4.7
63;2021-04-04;877;27;103153;31167;15.6;4.7
63;2021-04-05;803;85;103956;31252;15.7;4.7
63;2021-04-06;2477;939;106433;32191;16.1;4.9
63;2021-04-07;3207;871;109640;33062;16.6;5.0
63;2021-04-08;4722;1224;114362;34286;17.3;5.2
63;2021-04-09;5314;1003;119676;35289;18.1;5.3
63;2021-04-10;2221;481;121897;35770;18.5;5.4
63;2021-04-11;834;39;122731;35809;18.6;5.4
63;2021-04-12;1598;1312;124329;37121;18.8;5.6
63;2021-04-13;1986;1967;126315;39088;19.1;5.9
63;2021-04-14;2629;1438;128944;40526;19.5;6.1
63;2021-04-15;3808;1542;132752;42068;20.1;6.4
63;2021-04-16;2841;2158;135593;44226;20.5;6.7
63;2021-04-17;1233;673;136826;44899;20.7;6.8
63;2021-04-18;802;61;137628;44960;20.8;6.8
63;2021-04-19;1656;2104;139284;47064;21.1;7.1
63;2021-04-20;1701;2299;140985;49363;21.4;7.5
63;2021-04-21;1517;2406;142502;51769;21.6;7.8
63;2021-04-22;1914;2262;144416;54031;21.9;8.2
63;2021-04-23;2018;3115;146434;57146;22.2;8.7
63;2021-04-24;1192;1127;147626;58273;22.4;8.8
63;2021-04-25;554;412;148180;58685;22.4;8.9
63;2021-04-26;1438;2241;149618;60926;22.7;9.2
63;2021-04-27;2327;2614;151945;63540;23.0;9.6
63;2021-04-28;2345;3163;154290;66703;23.4;10.1
63;2021-04-29;2881;2838;157171;69541;23.8;10.5
63;2021-04-30;2862;2820;160033;72361;24.2;11.0
63;2021-05-01;1127;1050;161160;73411;24.4;11.1
63;2021-05-02;897;640;162057;74051;24.5;11.2
63;2021-05-03;2685;2251;164742;76302;25.0;11.6
63;2021-05-04;2879;2698;167621;79000;25.4;12.0
63;2021-05-05;2935;3122;170556;82122;25.8;12.4
63;2021-05-06;3671;3058;174227;85180;26.4;12.9
63;2021-05-07;4034;3540;178261;88720;27.0;13.4
63;2021-05-08;2000;653;180261;89373;27.3;13.5
63;2021-05-09;1802;608;182063;89981;27.6;13.6
63;2021-05-10;4196;2765;186259;92746;28.2;14.0
63;2021-05-11;5339;2766;191598;95512;29.0;14.5
63;2021-05-12;5269;2910;196867;98422;29.8;14.9
63;2021-05-13;4131;698;200998;99120;30.4;15.0
63;2021-05-14;4771;1512;205769;100632;31.2;15.2
63;2021-05-15;3722;986;209491;101618;31.7;15.4
63;2021-05-16;3521;447;213012;102065;32.3;15.5
63;2021-05-17;3898;1991;216910;104056;32.9;15.8
63;2021-05-18;5120;1615;222030;105671;33.6;16.0
63;2021-05-19;5221;1626;227251;107297;34.4;16.3
63;2021-05-20;6800;2091;234051;109388;35.4;16.6
63;2021-05-21;6254;2332;240305;111720;36.4;16.9
63;2021-05-22;3353;850;243658;112570;36.9;17.0
63;2021-05-23;2385;245;246043;112815;37.3;17.1
63;2021-05-24;2639;580;248682;113395;37.7;17.2
63;2021-05-25;4269;2644;252951;116039;38.3;17.6
63;2021-05-26;5451;2417;258402;118456;39.1;17.9
63;2021-05-27;6502;2802;264904;121258;40.1;18.4
63;2021-05-28;5420;3899;270324;125157;40.9;19.0
63;2021-05-29;3360;1503;273684;126660;41.5;19.2
63;2021-05-30;1579;217;275263;126877;41.7;19.2
63;2021-05-31;4153;2287;279416;129164;42.3;19.6
63;2021-06-01;3804;2962;283220;132126;42.9;20.0
63;2021-06-02;3888;2527;287108;134653;43.5;20.4
63;2021-06-03;4903;3143;292011;137796;44.2;20.9
63;2021-06-04;5097;3622;297108;141418;45.0;21.4
63;2021-06-05;2812;1746;299920;143164;45.4;21.7
63;2021-06-06;1308;697;301228;143861;45.6;21.8
63;2021-06-07;3165;2517;304393;146378;46.1;22.2
63;2021-06-08;2879;2756;307272;149134;46.5;22.6
63;2021-06-09;3022;2275;310294;151409;47.0;22.9
63;2021-06-10;3222;2688;313516;154097;47.5;23.3
63;2021-06-11;3100;4048;316616;158145;48.0;24.0
63;2021-06-12;1638;1969;318254;160114;48.2;24.3
63;2021-06-13;480;1098;318734;161212;48.3;24.4
63;2021-06-14;1825;3474;320559;164686;48.6;24.9
63;2021-06-15;2211;3480;322770;168166;48.9;25.5
63;2021-06-16;2574;3312;325344;171478;49.3;26.0
63;2021-06-17;2400;4316;327744;175794;49.6;26.6
63;2021-06-18;2478;5830;330222;181624;50.0;27.5
63;2021-06-19;1639;2834;331861;184458;50.3;27.9
63;2021-06-20;676;2441;332537;186899;50.4;28.3
63;2021-06-21;1272;5390;333809;192289;50.6;29.1
63;2021-06-22;1233;5540;335042;197829;50.7;30.0
63;2021-06-23;1528;4761;336570;202590;51.0;30.7
63;2021-06-24;1926;5382;338496;207972;51.3;31.5
63;2021-06-25;1752;5899;340248;213871;51.5;32.4
63;2021-06-26;1073;3352;341321;217223;51.7;32.9
63;2021-06-27;713;3487;342034;220710;51.8;33.4
63;2021-06-28;1136;5664;343170;226374;52.0;34.3
63;2021-06-29;1225;5161;344395;231535;52.2;35.1
63;2021-06-30;1602;5294;345997;236829;52.4;35.9
63;2021-07-01;1912;8066;347909;244895;52.7;37.1
63;2021-07-02;2060;6544;349969;251439;53.0;38.1
63;2021-07-03;963;2927;350932;254366;53.2;38.5
63;2021-07-04;1064;1885;351996;256251;53.3;38.8
63;2021-07-05;1538;6279;353534;262530;53.5;39.8
63;2021-07-06;1601;4804;355135;267334;53.8;40.5
63;2021-07-07;1972;4087;357107;271421;54.1;41.1
63;2021-07-08;2207;4590;359314;276011;54.4;41.8
63;2021-07-09;1923;5719;361237;281730;54.7;42.7
63;2021-07-10;1534;3413;362771;285143;54.9;43.2
63;2021-07-11;910;1536;363681;286679;55.1;43.4
63;2021-07-12;1594;8704;365275;295383;55.3;44.7
63;2021-07-13;3601;6140;368876;301523;55.9;45.7
63;2021-07-14;3618;1789;372494;303312;56.4;45.9
63;2021-07-15;4413;5035;376907;308347;57.1;46.7
63;2021-07-16;4692;5784;381599;314131;57.8;47.6
63;2021-07-17;3013;2474;384612;316605;58.3;48.0
63;2021-07-18;2826;1088;387438;317693;58.7;48.1
63;2021-07-19;4002;4853;391440;322546;59.3;48.9
63;2021-07-20;4739;5455;396179;328001;60.0;49.7
63;2021-07-21;4792;3982;400971;331983;60.7;50.3
63;2021-07-22;5509;4404;406480;336387;61.6;50.9
63;2021-07-23;5157;4648;411637;341035;62.3;51.7
63;2021-07-24;3674;1951;415311;342986;62.9;51.9
63;2021-07-25;3065;1438;418376;344424;63.4;52.2
63;2021-07-26;4038;3229;422414;347653;64.0;52.7
63;2021-07-27;3932;3159;426346;350812;64.6;53.1
63;2021-07-28;3851;2716;430197;353528;65.2;53.5
63;2021-07-29;4450;3159;434647;356687;65.8;54.0
63;2021-07-30;3808;3575;438455;360262;66.4;54.6
63;2021-07-31;2161;1719;440616;361981;66.7;54.8
63;2021-08-01;1196;835;441812;362816;66.9;55.0
63;2021-08-02;2226;3069;444038;365885;67.3;55.4
63;2021-08-03;2725;3262;446763;369147;67.7;55.9
63;2021-08-04;2805;3243;449568;372390;68.1;56.4
63;2021-08-05;2433;3477;452001;375867;68.5;56.9
63;2021-08-06;2351;4154;454352;380021;68.8;57.6
63;2021-08-07;1301;2799;455653;382820;69.0;58.0
63;2021-08-08;322;1205;455975;384025;69.1;58.2
63;2021-08-09;1843;4226;457818;388251;69.3;58.8
63;2021-08-10;2215;3995;460033;392246;69.7;59.4
63;2021-08-11;2096;3628;462129;395874;70.0;60.0
63;2021-08-12;1845;4622;463974;400496;70.3;60.7
63;2021-08-13;1661;4010;465635;404506;70.5;61.3
63;2021-08-14;834;3236;466469;407742;70.7;61.8
63;2021-08-15;183;1450;466652;409192;70.7;62.0
63;2021-08-16;1163;4390;467815;413582;70.9;62.6
63;2021-08-17;1593;4048;469408;417630;71.1;63.3
63;2021-08-18;1438;3302;470846;420932;71.3;63.8
63;2021-08-19;1323;3446;472169;424378;71.5;64.3
63;2021-08-20;1372;3711;473541;428089;71.7;64.8
63;2021-08-21;673;2164;474214;430253;71.8;65.2
63;2021-08-22;212;1092;474426;431345;71.9;65.3
63;2021-08-23;1054;3588;475480;434933;72.0;65.9
63;2021-08-24;1081;2984;476561;437917;72.2;66.3
63;2021-08-25;1000;2785;477561;440702;72.3;66.7
63;2021-08-26;1124;2703;478685;443405;72.5;67.2
63;2021-08-27;1140;3150;479825;446555;72.7;67.6
63;2021-08-28;695;1705;480520;448260;72.8;67.9
63;2021-08-29;107;577;480627;448837;72.8;68.0
63;2021-08-30;783;2439;481410;451276;72.9;68.4
63;2021-08-31;976;2555;482386;453831;73.1;68.7
64;2020-12-27;1;0;1;0;0.0;0.0
64;2020-12-28;2;0;3;0;0.0;0.0
64;2020-12-29;0;0;3;0;0.0;0.0
64;2020-12-30;0;0;3;0;0.0;0.0
64;2020-12-31;0;0;3;0;0.0;0.0
64;2021-01-01;0;0;3;0;0.0;0.0
64;2021-01-02;0;0;3;0;0.0;0.0
64;2021-01-03;0;0;3;0;0.0;0.0
64;2021-01-04;29;0;32;0;0.0;0.0
64;2021-01-05;25;0;57;0;0.0;0.0
64;2021-01-06;188;0;245;0;0.0;0.0
64;2021-01-07;842;1;1087;1;0.2;0.0
64;2021-01-08;879;2;1966;3;0.3;0.0
64;2021-01-09;54;0;2020;3;0.3;0.0
64;2021-01-10;2;0;2022;3;0.3;0.0
64;2021-01-11;543;0;2565;3;0.4;0.0
64;2021-01-12;760;3;3325;6;0.5;0.0
64;2021-01-13;865;2;4190;8;0.6;0.0
64;2021-01-14;1045;3;5235;11;0.8;0.0
64;2021-01-15;929;4;6164;15;0.9;0.0
64;2021-01-16;70;0;6234;15;0.9;0.0
64;2021-01-17;5;0;6239;15;0.9;0.0
64;2021-01-18;942;7;7181;22;1.1;0.0
64;2021-01-19;1447;4;8628;26;1.3;0.0
64;2021-01-20;1617;3;10245;29;1.5;0.0
64;2021-01-21;2602;2;12847;31;1.9;0.0
64;2021-01-22;1649;3;14496;34;2.1;0.0
64;2021-01-23;524;1;15020;35;2.2;0.0
64;2021-01-24;89;0;15109;35;2.2;0.0
64;2021-01-25;973;8;16082;43;2.4;0.0
64;2021-01-26;1357;21;17439;64;2.6;0.0
64;2021-01-27;1243;118;18682;182;2.7;0.0
64;2021-01-28;1648;627;20330;809;3.0;0.1
64;2021-01-29;973;649;21303;1458;3.1;0.2
64;2021-01-30;468;59;21771;1517;3.2;0.2
64;2021-01-31;92;0;21863;1517;3.2;0.2
64;2021-02-01;674;308;22537;1825;3.3;0.3
64;2021-02-02;1134;551;23671;2376;3.5;0.3
64;2021-02-03;1042;634;24713;3010;3.6;0.4
64;2021-02-04;1027;534;25740;3544;3.8;0.5
64;2021-02-05;867;454;26607;3998;3.9;0.6
64;2021-02-06;501;33;27108;4031;4.0;0.6
64;2021-02-07;131;4;27239;4035;4.0;0.6
64;2021-02-08;769;305;28008;4340;4.1;0.6
64;2021-02-09;946;705;28954;5045;4.2;0.7
64;2021-02-10;916;785;29870;5830;4.4;0.9
64;2021-02-11;1200;1485;31070;7315;4.5;1.1
64;2021-02-12;1076;1056;32146;8371;4.7;1.2
64;2021-02-13;225;306;32371;8677;4.7;1.3
64;2021-02-14;37;46;32408;8723;4.7;1.3
64;2021-02-15;221;1107;32629;9830;4.8;1.4
64;2021-02-16;258;1382;32887;11212;4.8;1.6
64;2021-02-17;290;1213;33177;12425;4.9;1.8
64;2021-02-18;508;1687;33685;14112;4.9;2.1
64;2021-02-19;415;1278;34100;15390;5.0;2.3
64;2021-02-20;119;430;34219;15820;5.0;2.3
64;2021-02-21;20;82;34239;15902;5.0;2.3
64;2021-02-22;477;970;34716;16872;5.1;2.5
64;2021-02-23;720;1135;35436;18007;5.2;2.6
64;2021-02-24;732;1002;36168;19009;5.3;2.8
64;2021-02-25;1094;943;37262;19952;5.5;2.9
64;2021-02-26;1216;901;38478;20853;5.6;3.1
64;2021-02-27;864;400;39342;21253;5.8;3.1
64;2021-02-28;42;81;39384;21334;5.8;3.1
64;2021-03-01;765;794;40149;22128;5.9;3.2
64;2021-03-02;1078;916;41227;23044;6.0;3.4
64;2021-03-03;1251;998;42478;24042;6.2;3.5
64;2021-03-04;1879;1182;44357;25224;6.5;3.7
64;2021-03-05;2196;1073;46553;26297;6.8;3.8
64;2021-03-06;1543;516;48096;26813;7.0;3.9
64;2021-03-07;594;110;48690;26923;7.1;3.9
64;2021-03-08;1535;762;50225;27685;7.4;4.1
64;2021-03-09;2069;843;52294;28528;7.7;4.2
64;2021-03-10;2081;761;54375;29289;8.0;4.3
64;2021-03-11;2972;1068;57347;30357;8.4;4.4
64;2021-03-12;3486;603;60833;30960;8.9;4.5
64;2021-03-13;2257;167;63090;31127;9.2;4.6
64;2021-03-14;233;15;63323;31142;9.3;4.6
64;2021-03-15;2334;226;65657;31368;9.6;4.6
64;2021-03-16;1993;267;67650;31635;9.9;4.6
64;2021-03-17;2072;237;69722;31872;10.2;4.7
64;2021-03-18;2464;208;72186;32080;10.6;4.7
64;2021-03-19;3014;286;75200;32366;11.0;4.7
64;2021-03-20;2468;90;77668;32456;11.4;4.8
64;2021-03-21;1280;26;78948;32482;11.6;4.8
64;2021-03-22;2589;551;81537;33033;11.9;4.8
64;2021-03-23;3198;652;84735;33685;12.4;4.9
64;2021-03-24;3564;700;88299;34385;12.9;5.0
64;2021-03-25;4351;804;92650;35189;13.6;5.2
64;2021-03-26;4428;701;97078;35890;14.2;5.3
64;2021-03-27;2971;431;100049;36321;14.6;5.3
64;2021-03-28;521;56;100570;36377;14.7;5.3
64;2021-03-29;3028;887;103598;37264;15.2;5.5
64;2021-03-30;4137;871;107735;38135;15.8;5.6
64;2021-03-31;3593;791;111328;38926;16.3;5.7
64;2021-04-01;4782;935;116110;39861;17.0;5.8
64;2021-04-02;4445;745;120555;40606;17.6;5.9
64;2021-04-03;2059;585;122614;41191;17.9;6.0
64;2021-04-04;308;49;122922;41240;18.0;6.0
64;2021-04-05;1689;142;124611;41382;18.2;6.1
64;2021-04-06;3653;1389;128264;42771;18.8;6.3
64;2021-04-07;3949;1515;132213;44286;19.4;6.5
64;2021-04-08;5195;1600;137408;45886;20.1;6.7
64;2021-04-09;5899;1638;143307;47524;21.0;7.0
64;2021-04-10;3222;1050;146529;48574;21.4;7.1
64;2021-04-11;446;251;146975;48825;21.5;7.1
64;2021-04-12;4047;1864;151022;50689;22.1;7.4
64;2021-04-13;4464;2165;155486;52854;22.8;7.7
64;2021-04-14;4089;2139;159575;54993;23.4;8.0
64;2021-04-15;4395;2296;163970;57289;24.0;8.4
64;2021-04-16;4297;2257;168267;59546;24.6;8.7
64;2021-04-17;2480;1498;170747;61044;25.0;8.9
64;2021-04-18;1096;1181;171843;62225;25.2;9.1
64;2021-04-19;2733;2445;174576;64670;25.6;9.5
64;2021-04-20;3208;2429;177784;67099;26.0;9.8
64;2021-04-21;3225;2564;181009;69663;26.5;10.2
64;2021-04-22;3389;2785;184398;72448;27.0;10.6
64;2021-04-23;3434;2612;187832;75060;27.5;11.0
64;2021-04-24;2067;1588;189899;76648;27.8;11.2
64;2021-04-25;290;237;190189;76885;27.8;11.3
64;2021-04-26;2659;2651;192848;79536;28.2;11.6
64;2021-04-27;3061;3131;195909;82667;28.7;12.1
64;2021-04-28;3604;3061;199513;85728;29.2;12.5
64;2021-04-29;4653;3460;204166;89188;29.9;13.1
64;2021-04-30;4085;3611;208251;92799;30.5;13.6
64;2021-05-01;1481;1030;209732;93829;30.7;13.7
64;2021-05-02;446;325;210178;94154;30.8;13.8
64;2021-05-03;2909;3522;213087;97676;31.2;14.3
64;2021-05-04;3646;3993;216733;101669;31.7;14.9
64;2021-05-05;3360;4014;220093;105683;32.2;15.5
64;2021-05-06;4109;3990;224202;109673;32.8;16.1
64;2021-05-07;3922;4195;228124;113868;33.4;16.7
64;2021-05-08;2620;1237;230744;115105;33.8;16.8
64;2021-05-09;720;305;231464;115410;33.9;16.9
64;2021-05-10;2862;4237;234326;119647;34.3;17.5
64;2021-05-11;4186;4151;238512;123798;34.9;18.1
64;2021-05-12;4485;3946;242997;127744;35.6;18.7
64;2021-05-13;3198;886;246195;128630;36.0;18.8
64;2021-05-14;5153;3151;251348;131781;36.8;19.3
64;2021-05-15;3526;1868;254874;133649;37.3;19.6
64;2021-05-16;498;225;255372;133874;37.4;19.6
64;2021-05-17;4191;2384;259563;136258;38.0;19.9
64;2021-05-18;5166;2305;264729;138563;38.8;20.3
64;2021-05-19;4978;2167;269707;140730;39.5;20.6
64;2021-05-20;5570;2159;275277;142889;40.3;20.9
64;2021-05-21;5273;2248;280550;145137;41.1;21.2
64;2021-05-22;3582;1511;284132;146648;41.6;21.5
64;2021-05-23;431;206;284563;146854;41.7;21.5
64;2021-05-24;2997;1232;287560;148086;42.1;21.7
64;2021-05-25;4334;2851;291894;150937;42.7;22.1
64;2021-05-26;4356;2717;296250;153654;43.4;22.5
64;2021-05-27;5284;3158;301534;156812;44.1;23.0
64;2021-05-28;4620;3440;306154;160252;44.8;23.5
64;2021-05-29;2810;2116;308964;162368;45.2;23.8
64;2021-05-30;439;204;309403;162572;45.3;23.8
64;2021-05-31;3891;3674;313294;166246;45.9;24.3
64;2021-06-01;5337;3571;318631;169817;46.6;24.9
64;2021-06-02;4934;3179;323565;172996;47.4;25.3
64;2021-06-03;6367;3268;329932;176264;48.3;25.8
64;2021-06-04;5149;4557;335081;180821;49.0;26.5
64;2021-06-05;3485;2526;338566;183347;49.6;26.8
64;2021-06-06;2014;330;340580;183677;49.9;26.9
64;2021-06-07;4129;4330;344709;188007;50.5;27.5
64;2021-06-08;5155;4128;349864;192135;51.2;28.1
64;2021-06-09;5153;3658;355017;195793;52.0;28.7
64;2021-06-10;6180;3144;361197;198937;52.9;29.1
64;2021-06-11;5590;4873;366787;203810;53.7;29.8
64;2021-06-12;3951;2328;370738;206138;54.3;30.2
64;2021-06-13;1556;392;372294;206530;54.5;30.2
64;2021-06-14;3671;4792;375965;211322;55.0;30.9
64;2021-06-15;4576;4708;380541;216030;55.7;31.6
64;2021-06-16;4471;4667;385012;220697;56.4;32.3
64;2021-06-17;3641;4304;388653;225001;56.9;32.9
64;2021-06-18;4424;5173;393077;230174;57.5;33.7
64;2021-06-19;2985;3284;396062;233458;58.0;34.2
64;2021-06-20;881;539;396943;233997;58.1;34.3
64;2021-06-21;2314;5126;399257;239123;58.4;35.0
64;2021-06-22;2559;5731;401816;244854;58.8;35.8
64;2021-06-23;3105;5485;404921;250339;59.3;36.6
64;2021-06-24;2720;3808;407641;254147;59.7;37.2
64;2021-06-25;2901;6439;410542;260586;60.1;38.1
64;2021-06-26;1799;3838;412341;264424;60.4;38.7
64;2021-06-27;492;713;412833;265137;60.4;38.8
64;2021-06-28;1933;6067;414766;271204;60.7;39.7
64;2021-06-29;1965;6267;416731;277471;61.0;40.6
64;2021-06-30;2254;6002;418985;283473;61.3;41.5
64;2021-07-01;2412;5344;421397;288817;61.7;42.3
64;2021-07-02;2302;6410;423699;295227;62.0;43.2
64;2021-07-03;1263;3784;424962;299011;62.2;43.8
64;2021-07-04;411;847;425373;299858;62.3;43.9
64;2021-07-05;1379;5411;426752;305269;62.5;44.7
64;2021-07-06;1995;6151;428747;311420;62.8;45.6
64;2021-07-07;2065;5752;430812;317172;63.1;46.4
64;2021-07-08;1802;4398;432614;321570;63.3;47.1
64;2021-07-09;1822;6540;434436;328110;63.6;48.0
64;2021-07-10;1170;3881;435606;331991;63.8;48.6
64;2021-07-11;253;860;435859;332851;63.8;48.7
64;2021-07-12;1502;6087;437361;338938;64.0;49.6
64;2021-07-13;2364;7250;439725;346188;64.4;50.7
64;2021-07-14;2372;3406;442097;349594;64.7;51.2
64;2021-07-15;2104;5481;444201;355075;65.0;52.0
64;2021-07-16;2847;6779;447048;361854;65.4;53.0
64;2021-07-17;2338;4591;449386;366445;65.8;53.6
64;2021-07-18;716;2050;450102;368495;65.9;53.9
64;2021-07-19;2349;6122;452451;374617;66.2;54.8
64;2021-07-20;3126;6552;455577;381169;66.7;55.8
64;2021-07-21;3343;6046;458920;387215;67.2;56.7
64;2021-07-22;3814;5718;462734;392933;67.7;57.5
64;2021-07-23;3727;5615;466461;398548;68.3;58.3
64;2021-07-24;2546;4429;469007;402977;68.7;59.0
64;2021-07-25;753;1060;469760;404037;68.8;59.1
64;2021-07-26;3087;5135;472847;409172;69.2;59.9
64;2021-07-27;4265;5143;477112;414315;69.8;60.6
64;2021-07-28;4315;4595;481427;418910;70.5;61.3
64;2021-07-29;5519;3901;486946;422811;71.3;61.9
64;2021-07-30;5146;4222;492092;427033;72.0;62.5
64;2021-07-31;3170;3345;495262;430378;72.5;63.0
64;2021-08-01;1145;584;496407;430962;72.7;63.1
64;2021-08-02;4351;2649;500758;433611;73.3;63.5
64;2021-08-03;4539;3173;505297;436784;74.0;63.9
64;2021-08-04;4123;2999;509420;439783;74.6;64.4
64;2021-08-05;4014;2618;513434;442401;75.2;64.8
64;2021-08-06;3836;3342;517270;445743;75.7;65.2
64;2021-08-07;2479;2702;519749;448445;76.1;65.6
64;2021-08-08;488;609;520237;449054;76.2;65.7
64;2021-08-09;2735;3197;522972;452251;76.6;66.2
64;2021-08-10;3336;3432;526308;455683;77.0;66.7
64;2021-08-11;3052;3262;529360;458945;77.5;67.2
64;2021-08-12;3172;3301;532532;462246;78.0;67.7
64;2021-08-13;2540;3653;535072;465899;78.3;68.2
64;2021-08-14;1625;2676;536697;468575;78.6;68.6
64;2021-08-15;202;691;536899;469266;78.6;68.7
64;2021-08-16;2096;3231;538995;472497;78.9;69.2
64;2021-08-17;2266;3699;541261;476196;79.2;69.7
64;2021-08-18;2022;3520;543283;479716;79.5;70.2
64;2021-08-19;1929;3526;545212;483242;79.8;70.7
64;2021-08-20;1574;3978;546786;487220;80.0;71.3
64;2021-08-21;969;2882;547755;490102;80.2;71.7
64;2021-08-22;160;893;547915;490995;80.2;71.9
64;2021-08-23;1254;3238;549169;494233;80.4;72.3
64;2021-08-24;1371;4593;550540;498826;80.6;73.0
64;2021-08-25;1251;3739;551791;502565;80.8;73.6
64;2021-08-26;1099;3532;552890;506097;80.9;74.1
64;2021-08-27;1189;4224;554079;510321;81.1;74.7
64;2021-08-28;731;2495;554810;512816;81.2;75.1
64;2021-08-29;91;532;554901;513348;81.2;75.1
64;2021-08-30;983;3608;555884;516956;81.4;75.7
64;2021-08-31;984;3968;556868;520924;81.5;76.3
65;2020-12-27;0;0;0;0;0.0;0.0
65;2020-12-28;0;0;0;0;0.0;0.0
65;2020-12-29;0;0;0;0;0.0;0.0
65;2020-12-30;0;0;0;0;0.0;0.0
65;2020-12-31;0;0;0;0;0.0;0.0
65;2021-01-01;0;0;0;0;0.0;0.0
65;2021-01-02;0;0;0;0;0.0;0.0
65;2021-01-03;0;0;0;0;0.0;0.0
65;2021-01-04;0;0;0;0;0.0;0.0
65;2021-01-05;1;0;1;0;0.0;0.0
65;2021-01-06;3;0;4;0;0.0;0.0
65;2021-01-07;167;0;171;0;0.1;0.0
65;2021-01-08;253;1;424;1;0.2;0.0
65;2021-01-09;176;1;600;2;0.3;0.0
65;2021-01-10;1;0;601;2;0.3;0.0
65;2021-01-11;275;3;876;5;0.4;0.0
65;2021-01-12;272;1;1148;6;0.5;0.0
65;2021-01-13;587;1;1735;7;0.8;0.0
65;2021-01-14;579;5;2314;12;1.0;0.0
65;2021-01-15;527;2;2841;14;1.3;0.0
65;2021-01-16;221;2;3062;16;1.3;0.0
65;2021-01-17;1;0;3063;16;1.4;0.0
65;2021-01-18;553;5;3616;21;1.6;0.0
65;2021-01-19;570;2;4186;23;1.8;0.0
65;2021-01-20;584;5;4770;28;2.1;0.0
65;2021-01-21;584;0;5354;28;2.4;0.0
65;2021-01-22;597;0;5951;28;2.6;0.0
65;2021-01-23;174;1;6125;29;2.7;0.0
65;2021-01-24;3;1;6128;30;2.7;0.0
65;2021-01-25;551;4;6679;34;2.9;0.0
65;2021-01-26;882;2;7561;36;3.3;0.0
65;2021-01-27;588;11;8149;47;3.6;0.0
65;2021-01-28;507;71;8656;118;3.8;0.1
65;2021-01-29;426;137;9082;255;4.0;0.1
65;2021-01-30;183;74;9265;329;4.1;0.1
65;2021-01-31;15;0;9280;329;4.1;0.1
65;2021-02-01;321;90;9601;419;4.2;0.2
65;2021-02-02;418;186;10019;605;4.4;0.3
65;2021-02-03;463;244;10482;849;4.6;0.4
65;2021-02-04;307;329;10789;1178;4.8;0.5
65;2021-02-05;285;360;11074;1538;4.9;0.7
65;2021-02-06;99;97;11173;1635;4.9;0.7
65;2021-02-07;10;0;11183;1635;4.9;0.7
65;2021-02-08;425;216;11608;1851;5.1;0.8
65;2021-02-09;272;374;11880;2225;5.2;1.0
65;2021-02-10;296;267;12176;2492;5.4;1.1
65;2021-02-11;320;273;12496;2765;5.5;1.2
65;2021-02-12;277;224;12773;2989;5.6;1.3
65;2021-02-13;125;96;12898;3085;5.7;1.4
65;2021-02-14;3;16;12901;3101;5.7;1.4
65;2021-02-15;202;404;13103;3505;5.8;1.5
65;2021-02-16;489;572;13592;4077;6.0;1.8
65;2021-02-17;230;494;13822;4571;6.1;2.0
65;2021-02-18;285;579;14107;5150;6.2;2.3
65;2021-02-19;156;474;14263;5624;6.3;2.5
65;2021-02-20;53;158;14316;5782;6.3;2.5
65;2021-02-21;3;48;14319;5830;6.3;2.6
65;2021-02-22;166;532;14485;6362;6.4;2.8
65;2021-02-23;248;526;14733;6888;6.5;3.0
65;2021-02-24;232;634;14965;7522;6.6;3.3
65;2021-02-25;212;179;15177;7701;6.7;3.4
65;2021-02-26;350;772;15527;8473;6.8;3.7
65;2021-02-27;109;201;15636;8674;6.9;3.8
65;2021-02-28;1;0;15637;8674;6.9;3.8
65;2021-03-01;378;373;16015;9047;7.1;4.0
65;2021-03-02;454;360;16469;9407;7.3;4.1
65;2021-03-03;381;389;16850;9796;7.4;4.3
65;2021-03-04;695;328;17545;10124;7.7;4.5
65;2021-03-05;678;286;18223;10410;8.0;4.6
65;2021-03-06;1187;85;19410;10495;8.6;4.6
65;2021-03-07;258;12;19668;10507;8.7;4.6
65;2021-03-08;412;342;20080;10849;8.9;4.8
65;2021-03-09;668;335;20748;11184;9.1;4.9
65;2021-03-10;625;371;21373;11555;9.4;5.1
65;2021-03-11;778;357;22151;11912;9.8;5.3
65;2021-03-12;1058;190;23209;12102;10.2;5.3
65;2021-03-13;354;92;23563;12194;10.4;5.4
65;2021-03-14;3;30;23566;12224;10.4;5.4
65;2021-03-15;816;185;24382;12409;10.7;5.5
65;2021-03-16;692;219;25074;12628;11.1;5.6
65;2021-03-17;711;208;25785;12836;11.4;5.7
65;2021-03-18;536;235;26321;13071;11.6;5.8
65;2021-03-19;878;164;27199;13235;12.0;5.8
65;2021-03-20;244;45;27443;13280;12.1;5.9
65;2021-03-21;12;2;27455;13282;12.1;5.9
65;2021-03-22;735;152;28190;13434;12.4;5.9
65;2021-03-23;837;367;29027;13801;12.8;6.1
65;2021-03-24;868;254;29895;14055;13.2;6.2
65;2021-03-25;1251;189;31146;14244;13.7;6.3
65;2021-03-26;1225;140;32371;14384;14.3;6.3
65;2021-03-27;1357;93;33728;14477;14.9;6.4
65;2021-03-28;1;2;33729;14479;14.9;6.4
65;2021-03-29;1492;359;35221;14838;15.5;6.5
65;2021-03-30;1357;406;36578;15244;16.1;6.7
65;2021-03-31;1208;372;37786;15616;16.7;6.9
65;2021-04-01;1510;397;39296;16013;17.3;7.1
65;2021-04-02;1684;288;40980;16301;18.1;7.2
65;2021-04-03;247;45;41227;16346;18.2;7.2
65;2021-04-04;4;2;41231;16348;18.2;7.2
65;2021-04-05;158;44;41389;16392;18.2;7.2
65;2021-04-06;1295;492;42684;16884;18.8;7.4
65;2021-04-07;1958;459;44642;17343;19.7;7.6
65;2021-04-08;1640;414;46282;17757;20.4;7.8
65;2021-04-09;1644;471;47926;18228;21.1;8.0
65;2021-04-10;1591;149;49517;18377;21.8;8.1
65;2021-04-11;3;0;49520;18377;21.8;8.1
65;2021-04-12;1349;737;50869;19114;22.4;8.4
65;2021-04-13;1572;590;52441;19704;23.1;8.7
65;2021-04-14;1904;745;54345;20449;24.0;9.0
65;2021-04-15;1700;671;56045;21120;24.7;9.3
65;2021-04-16;1824;529;57869;21649;25.5;9.5
65;2021-04-17;2156;132;60025;21781;26.5;9.6
65;2021-04-18;7;27;60032;21808;26.5;9.6
65;2021-04-19;1337;773;61369;22581;27.1;10.0
65;2021-04-20;1530;709;62899;23290;27.7;10.3
65;2021-04-21;1053;1047;63952;24337;28.2;10.7
65;2021-04-22;1645;724;65597;25061;28.9;11.0
65;2021-04-23;1160;1148;66757;26209;29.4;11.6
65;2021-04-24;1264;610;68021;26819;30.0;11.8
65;2021-04-25;31;15;68052;26834;30.0;11.8
65;2021-04-26;1608;1296;69660;28130;30.7;12.4
65;2021-04-27;1423;1339;71083;29469;31.3;13.0
65;2021-04-28;1730;1023;72813;30492;32.1;13.4
65;2021-04-29;1959;1035;74772;31527;33.0;13.9
65;2021-04-30;1782;923;76554;32450;33.7;14.3
65;2021-05-01;1574;229;78128;32679;34.4;14.4
65;2021-05-02;671;24;78799;32703;34.7;14.4
65;2021-05-03;1280;1620;80079;34323;35.3;15.1
65;2021-05-04;1535;1244;81614;35567;36.0;15.7
65;2021-05-05;1373;1645;82987;37212;36.6;16.4
65;2021-05-06;1557;1178;84544;38390;37.3;16.9
65;2021-05-07;1274;1569;85818;39959;37.8;17.6
65;2021-05-08;1647;443;87465;40402;38.6;17.8
65;2021-05-09;0;89;87465;40491;38.6;17.9
65;2021-05-10;953;1883;88418;42374;39.0;18.7
65;2021-05-11;1059;1811;89477;44185;39.4;19.5
65;2021-05-12;1237;1635;90714;45820;40.0;20.2
65;2021-05-13;1345;170;92059;45990;40.6;20.3
65;2021-05-14;1575;1095;93634;47085;41.3;20.8
65;2021-05-15;1401;511;95035;47596;41.9;21.0
65;2021-05-16;1444;70;96479;47666;42.5;21.0
65;2021-05-17;1036;1614;97515;49280;43.0;21.7
65;2021-05-18;1612;1209;99127;50489;43.7;22.3
65;2021-05-19;1684;1009;100811;51498;44.4;22.7
65;2021-05-20;1844;1053;102655;52551;45.3;23.2
65;2021-05-21;1791;1234;104446;53785;46.0;23.7
65;2021-05-22;1287;638;105733;54423;46.6;24.0
65;2021-05-23;689;32;106422;54455;46.9;24.0
65;2021-05-24;703;77;107125;54532;47.2;24.0
65;2021-05-25;1358;1548;108483;56080;47.8;24.7
65;2021-05-26;1472;1356;109955;57436;48.5;25.3
65;2021-05-27;1622;1464;111577;58900;49.2;26.0
65;2021-05-28;1600;1671;113177;60571;49.9;26.7
65;2021-05-29;1186;1514;114363;62085;50.4;27.4
65;2021-05-30;6;10;114369;62095;50.4;27.4
65;2021-05-31;1324;1300;115693;63395;51.0;27.9
65;2021-06-01;1833;936;117526;64331;51.8;28.4
65;2021-06-02;1575;951;119101;65282;52.5;28.8
65;2021-06-03;1341;1103;120442;66385;53.1;29.3
65;2021-06-04;1791;1560;122233;67945;53.9;30.0
65;2021-06-05;433;1240;122666;69185;54.1;30.5
65;2021-06-06;3;13;122669;69198;54.1;30.5
65;2021-06-07;674;1984;123343;71182;54.4;31.4
65;2021-06-08;956;1538;124299;72720;54.8;32.1
65;2021-06-09;827;1548;125126;74268;55.2;32.7
65;2021-06-10;740;1155;125866;75423;55.5;33.2
65;2021-06-11;911;1808;126777;77231;55.9;34.0
65;2021-06-12;150;639;126927;77870;56.0;34.3
65;2021-06-13;5;7;126932;77877;56.0;34.3
65;2021-06-14;503;2423;127435;80300;56.2;35.4
65;2021-06-15;941;1804;128376;82104;56.6;36.2
65;2021-06-16;1065;1366;129441;83470;57.1;36.8
65;2021-06-17;814;1049;130255;84519;57.4;37.3
65;2021-06-18;1018;1632;131273;86151;57.9;38.0
65;2021-06-19;691;1688;131964;87839;58.2;38.7
65;2021-06-20;2;2;131966;87841;58.2;38.7
65;2021-06-21;736;1940;132702;89781;58.5;39.6
65;2021-06-22;1046;1479;133748;91260;59.0;40.2
65;2021-06-23;1064;1233;134812;92493;59.4;40.8
65;2021-06-24;959;1144;135771;93637;59.9;41.3
65;2021-06-25;831;1967;136602;95604;60.2;42.1
65;2021-06-26;168;1658;136770;97262;60.3;42.9
65;2021-06-27;15;1101;136785;98363;60.3;43.4
65;2021-06-28;444;2301;137229;100664;60.5;44.4
65;2021-06-29;684;1919;137913;102583;60.8;45.2
65;2021-06-30;932;1679;138845;104262;61.2;46.0
65;2021-07-01;606;752;139451;105014;61.5;46.3
65;2021-07-02;1167;1733;140618;106747;62.0;47.1
65;2021-07-03;197;1916;140815;108663;62.1;47.9
65;2021-07-04;416;185;141231;108848;62.3;48.0
65;2021-07-05;640;1994;141871;110842;62.5;48.9
65;2021-07-06;897;2126;142768;112968;62.9;49.8
65;2021-07-07;973;1516;143741;114484;63.4;50.5
65;2021-07-08;326;662;144067;115146;63.5;50.8
65;2021-07-09;550;1594;144617;116740;63.8;51.5
65;2021-07-10;302;956;144919;117696;63.9;51.9
65;2021-07-11;0;0;144919;117696;63.9;51.9
65;2021-07-12;479;2221;145398;119917;64.1;52.9
65;2021-07-13;698;2148;146096;122065;64.4;53.8
65;2021-07-14;213;52;146309;122117;64.5;53.8
65;2021-07-15;1048;1662;147357;123779;65.0;54.6
65;2021-07-16;1186;1883;148543;125662;65.5;55.4
65;2021-07-17;431;543;148974;126205;65.7;55.6
65;2021-07-18;22;11;148996;126216;65.7;55.6
65;2021-07-19;632;1496;149628;127712;66.0;56.3
65;2021-07-20;1446;1705;151074;129417;66.6;57.1
65;2021-07-21;1417;1660;152491;131077;67.2;57.8
65;2021-07-22;2195;1292;154686;132369;68.2;58.4
65;2021-07-23;1621;1791;156307;134160;68.9;59.1
65;2021-07-24;1043;649;157350;134809;69.4;59.4
65;2021-07-25;22;21;157372;134830;69.4;59.4
65;2021-07-26;1142;1245;158514;136075;69.9;60.0
65;2021-07-27;1791;1955;160305;138030;70.7;60.8
65;2021-07-28;1598;1324;161903;139354;71.4;61.4
65;2021-07-29;2883;1137;164786;140491;72.6;61.9
65;2021-07-30;2447;1397;167233;141888;73.7;62.6
65;2021-07-31;2295;352;169528;142240;74.7;62.7
65;2021-08-01;14;16;169542;142256;74.7;62.7
65;2021-08-02;985;833;170527;143089;75.2;63.1
65;2021-08-03;2090;1067;172617;144156;76.1;63.5
65;2021-08-04;1794;639;174411;144795;76.9;63.8
65;2021-08-05;1812;837;176223;145632;77.7;64.2
65;2021-08-06;1660;969;177883;146601;78.4;64.6
65;2021-08-07;722;484;178605;147085;78.7;64.8
65;2021-08-08;2;9;178607;147094;78.7;64.8
65;2021-08-09;691;943;179298;148037;79.0;65.3
65;2021-08-10;1177;1546;180475;149583;79.6;65.9
65;2021-08-11;726;1262;181201;150845;79.9;66.5
65;2021-08-12;764;1081;181965;151926;80.2;67.0
65;2021-08-13;412;1008;182377;152934;80.4;67.4
65;2021-08-14;592;565;182969;153499;80.7;67.7
65;2021-08-15;7;19;182976;153518;80.7;67.7
65;2021-08-16;395;1537;183371;155055;80.8;68.4
65;2021-08-17;718;2177;184089;157232;81.2;69.3
65;2021-08-18;587;1543;184676;158775;81.4;70.0
65;2021-08-19;722;1311;185398;160086;81.7;70.6
65;2021-08-20;447;1335;185845;161421;81.9;71.2
65;2021-08-21;37;105;185882;161526;81.9;71.2
65;2021-08-22;11;13;185893;161539;81.9;71.2
65;2021-08-23;262;1682;186155;163221;82.1;72.0
65;2021-08-24;543;2444;186698;165665;82.3;73.0
65;2021-08-25;415;1958;187113;167623;82.5;73.9
65;2021-08-26;452;2306;187565;169929;82.7;74.9
65;2021-08-27;424;1945;187989;171874;82.9;75.8
65;2021-08-28;159;193;188148;172067;82.9;75.9
65;2021-08-29;9;18;188157;172085;82.9;75.9
65;2021-08-30;256;1055;188413;173140;83.1;76.3
65;2021-08-31;438;1583;188851;174723;83.3;77.0
66;2020-12-27;0;0;0;0;0.0;0.0
66;2020-12-28;2;0;2;0;0.0;0.0
66;2020-12-29;0;0;2;0;0.0;0.0
66;2020-12-30;0;0;2;0;0.0;0.0
66;2020-12-31;1;0;3;0;0.0;0.0
66;2021-01-01;1;0;4;0;0.0;0.0
66;2021-01-02;0;0;4;0;0.0;0.0
66;2021-01-03;0;0;4;0;0.0;0.0
66;2021-01-04;30;0;34;0;0.0;0.0
66;2021-01-05;135;0;169;0;0.0;0.0
66;2021-01-06;195;0;364;0;0.1;0.0
66;2021-01-07;182;0;546;0;0.1;0.0
66;2021-01-08;212;0;758;0;0.2;0.0
66;2021-01-09;232;0;990;0;0.2;0.0
66;2021-01-10;11;0;1001;0;0.2;0.0
66;2021-01-11;404;3;1405;3;0.3;0.0
66;2021-01-12;587;2;1992;5;0.4;0.0
66;2021-01-13;877;7;2869;12;0.6;0.0
66;2021-01-14;892;12;3761;24;0.8;0.0
66;2021-01-15;588;1;4349;25;0.9;0.0
66;2021-01-16;106;2;4455;27;0.9;0.0
66;2021-01-17;46;1;4501;28;0.9;0.0
66;2021-01-18;655;3;5156;31;1.1;0.0
66;2021-01-19;717;3;5873;34;1.2;0.0
66;2021-01-20;1169;3;7042;37;1.5;0.0
66;2021-01-21;2402;4;9444;41;2.0;0.0
66;2021-01-22;1439;9;10883;50;2.3;0.0
66;2021-01-23;399;3;11282;53;2.4;0.0
66;2021-01-24;226;9;11508;62;2.4;0.0
66;2021-01-25;738;40;12246;102;2.6;0.0
66;2021-01-26;787;66;13033;168;2.7;0.0
66;2021-01-27;867;103;13900;271;2.9;0.1
66;2021-01-28;877;128;14777;399;3.1;0.1
66;2021-01-29;817;126;15594;525;3.3;0.1
66;2021-01-30;480;68;16074;593;3.4;0.1
66;2021-01-31;202;27;16276;620;3.4;0.1
66;2021-02-01;562;187;16838;807;3.5;0.2
66;2021-02-02;621;287;17459;1094;3.6;0.2
66;2021-02-03;737;621;18196;1715;3.8;0.4
66;2021-02-04;688;617;18884;2332;3.9;0.5
66;2021-02-05;778;414;19662;2746;4.1;0.6
66;2021-02-06;418;145;20080;2891;4.2;0.6
66;2021-02-07;169;139;20249;3030;4.2;0.6
66;2021-02-08;501;388;20750;3418;4.3;0.7
66;2021-02-09;533;393;21283;3811;4.4;0.8
66;2021-02-10;616;766;21899;4577;4.6;1.0
66;2021-02-11;1104;1569;23003;6146;4.8;1.3
66;2021-02-12;1121;1199;24124;7345;5.0;1.5
66;2021-02-13;366;300;24490;7645;5.1;1.6
66;2021-02-14;111;194;24601;7839;5.1;1.6
66;2021-02-15;425;690;25026;8529;5.2;1.8
66;2021-02-16;304;780;25330;9309;5.3;1.9
66;2021-02-17;379;694;25709;10003;5.4;2.1
66;2021-02-18;366;762;26075;10765;5.4;2.2
66;2021-02-19;400;697;26475;11462;5.5;2.4
66;2021-02-20;184;407;26659;11869;5.6;2.5
66;2021-02-21;41;167;26700;12036;5.6;2.5
66;2021-02-22;416;630;27116;12666;5.7;2.6
66;2021-02-23;508;661;27624;13327;5.8;2.8
66;2021-02-24;342;744;27966;14071;5.8;2.9
66;2021-02-25;717;711;28683;14782;6.0;3.1
66;2021-02-26;954;741;29637;15523;6.2;3.2
66;2021-02-27;363;427;30000;15950;6.3;3.3
66;2021-02-28;59;171;30059;16121;6.3;3.4
66;2021-03-01;378;647;30437;16768;6.4;3.5
66;2021-03-02;334;657;30771;17425;6.4;3.6
66;2021-03-03;528;642;31299;18067;6.5;3.8
66;2021-03-04;991;1057;32290;19124;6.7;4.0
66;2021-03-05;1527;796;33817;19920;7.1;4.2
66;2021-03-06;1146;345;34963;20265;7.3;4.2
66;2021-03-07;1097;97;36060;20362;7.5;4.3
66;2021-03-08;696;542;36756;20904;7.7;4.4
66;2021-03-09;1224;594;37980;21498;7.9;4.5
66;2021-03-10;1301;504;39281;22002;8.2;4.6
66;2021-03-11;1474;593;40755;22595;8.5;4.7
66;2021-03-12;2395;579;43150;23174;9.0;4.8
66;2021-03-13;1081;306;44231;23480;9.2;4.9
66;2021-03-14;192;84;44423;23564;9.3;4.9
66;2021-03-15;1109;395;45532;23959;9.5;5.0
66;2021-03-16;952;259;46484;24218;9.7;5.1
66;2021-03-17;866;397;47350;24615;9.9;5.1
66;2021-03-18;969;345;48319;24960;10.1;5.2
66;2021-03-19;1292;318;49611;25278;10.4;5.3
66;2021-03-20;837;122;50448;25400;10.5;5.3
66;2021-03-21;185;44;50633;25444;10.6;5.3
66;2021-03-22;1114;393;51747;25837;10.8;5.4
66;2021-03-23;1757;387;53504;26224;11.2;5.5
66;2021-03-24;1796;519;55300;26743;11.5;5.6
66;2021-03-25;2536;470;57836;27213;12.1;5.7
66;2021-03-26;2577;365;60413;27578;12.6;5.8
66;2021-03-27;1210;299;61623;27877;12.9;5.8
66;2021-03-28;321;3;61944;27880;12.9;5.8
66;2021-03-29;1830;257;63774;28137;13.3;5.9
66;2021-03-30;2240;174;66014;28311;13.8;5.9
66;2021-03-31;1987;250;68001;28561;14.2;6.0
66;2021-04-01;2672;303;70673;28864;14.8;6.0
66;2021-04-02;2421;255;73094;29119;15.3;6.1
66;2021-04-03;1148;335;74242;29454;15.5;6.1
66;2021-04-04;107;125;74349;29579;15.5;6.2
66;2021-04-05;196;142;74545;29721;15.6;6.2
66;2021-04-06;1334;649;75879;30370;15.8;6.3
66;2021-04-07;1397;598;77276;30968;16.1;6.5
66;2021-04-08;2072;548;79348;31516;16.6;6.6
66;2021-04-09;3481;661;82829;32177;17.3;6.7
66;2021-04-10;2307;525;85136;32702;17.8;6.8
66;2021-04-11;1200;169;86336;32871;18.0;6.9
66;2021-04-12;2703;1022;89039;33893;18.6;7.1
66;2021-04-13;3609;1063;92648;34956;19.3;7.3
66;2021-04-14;3292;923;95940;35879;20.0;7.5
66;2021-04-15;3557;1048;99497;36927;20.8;7.7
66;2021-04-16;3591;1034;103088;37961;21.5;7.9
66;2021-04-17;2263;592;105351;38553;22.0;8.0
66;2021-04-18;1445;132;106796;38685;22.3;8.1
66;2021-04-19;2256;1122;109052;39807;22.8;8.3
66;2021-04-20;2373;1078;111425;40885;23.3;8.5
66;2021-04-21;2870;1179;114295;42064;23.9;8.8
66;2021-04-22;2659;1231;116954;43295;24.4;9.0
66;2021-04-23;2380;1237;119334;44532;24.9;9.3
66;2021-04-24;2744;882;122078;45414;25.5;9.5
66;2021-04-25;1207;266;123285;45680;25.7;9.5
66;2021-04-26;1998;1255;125283;46935;26.2;9.8
66;2021-04-27;2748;1305;128031;48240;26.7;10.1
66;2021-04-28;2421;1658;130452;49898;27.2;10.4
66;2021-04-29;2704;2129;133156;52027;27.8;10.9
66;2021-04-30;3055;1559;136211;53586;28.4;11.2
66;2021-05-01;2001;470;138212;54056;28.9;11.3
66;2021-05-02;1529;264;139741;54320;29.2;11.3
66;2021-05-03;2939;1111;142680;55431;29.8;11.6
66;2021-05-04;3169;1343;145849;56774;30.4;11.9
66;2021-05-05;3052;1543;148901;58317;31.1;12.2
66;2021-05-06;3753;2084;152654;60401;31.9;12.6
66;2021-05-07;2968;3080;155622;63481;32.5;13.3
66;2021-05-08;1731;1171;157353;64652;32.9;13.5
66;2021-05-09;887;1369;158240;66021;33.0;13.8
66;2021-05-10;1805;2973;160045;68994;33.4;14.4
66;2021-05-11;2741;3128;162786;72122;34.0;15.1
66;2021-05-12;2431;2568;165217;74690;34.5;15.6
66;2021-05-13;2260;1385;167477;76075;35.0;15.9
66;2021-05-14;2772;2118;170249;78193;35.5;16.3
66;2021-05-15;2329;1576;172578;79769;36.0;16.7
66;2021-05-16;2286;1250;174864;81019;36.5;16.9
66;2021-05-17;2051;1824;176915;82843;36.9;17.3
66;2021-05-18;3237;1808;180152;84651;37.6;17.7
66;2021-05-19;2878;1341;183030;85992;38.2;18.0
66;2021-05-20;4375;1447;187405;87439;39.1;18.3
66;2021-05-21;3268;1461;190673;88900;39.8;18.6
66;2021-05-22;3066;781;193739;89681;40.4;18.7
66;2021-05-23;1510;236;195249;89917;40.8;18.8
66;2021-05-24;1955;429;197204;90346;41.2;18.9
66;2021-05-25;2796;1690;200000;92036;41.8;19.2
66;2021-05-26;2780;1494;202780;93530;42.3;19.5
66;2021-05-27;3385;2257;206165;95787;43.0;20.0
66;2021-05-28;2686;3049;208851;98836;43.6;20.6
66;2021-05-29;2147;1518;210998;100354;44.0;21.0
66;2021-05-30;786;989;211784;101343;44.2;21.2
66;2021-05-31;2120;1779;213904;103122;44.7;21.5
66;2021-06-01;2633;2004;216537;105126;45.2;21.9
66;2021-06-02;2809;2338;219346;107464;45.8;22.4
66;2021-06-03;2479;2966;221825;110430;46.3;23.1
66;2021-06-04;1953;3357;223778;113787;46.7;23.8
66;2021-06-05;1411;2601;225189;116388;47.0;24.3
66;2021-06-06;294;1228;225483;117616;47.1;24.6
66;2021-06-07;1343;2959;226826;120575;47.4;25.2
66;2021-06-08;1739;3021;228565;123596;47.7;25.8
66;2021-06-09;2068;2788;230633;126384;48.1;26.4
66;2021-06-10;2080;2962;232713;129346;48.6;27.0
66;2021-06-11;2103;3861;234816;133207;49.0;27.8
66;2021-06-12;872;2411;235688;135618;49.2;28.3
66;2021-06-13;517;1334;236205;136952;49.3;28.6
66;2021-06-14;1359;3496;237564;140448;49.6;29.3
66;2021-06-15;2130;3573;239694;144021;50.0;30.1
66;2021-06-16;1790;3568;241484;147589;50.4;30.8
66;2021-06-17;2436;3606;243920;151195;50.9;31.6
66;2021-06-18;2227;3823;246147;155018;51.4;32.4
66;2021-06-19;1542;2321;247689;157339;51.7;32.8
66;2021-06-20;998;1266;248687;158605;51.9;33.1
66;2021-06-21;1163;2879;249850;161484;52.2;33.7
66;2021-06-22;1510;3763;251360;165247;52.5;34.5
66;2021-06-23;1325;3028;252685;168275;52.8;35.1
66;2021-06-24;1516;3230;254201;171505;53.1;35.8
66;2021-06-25;1400;3536;255601;175041;53.4;36.5
66;2021-06-26;963;2680;256564;177721;53.6;37.1
66;2021-06-27;679;1557;257243;179278;53.7;37.4
66;2021-06-28;977;2977;258220;182255;53.9;38.0
66;2021-06-29;1148;3797;259368;186052;54.1;38.8
66;2021-06-30;1276;3306;260644;189358;54.4;39.5
66;2021-07-01;1470;4046;262114;193404;54.7;40.4
66;2021-07-02;1342;3603;263456;197007;55.0;41.1
66;2021-07-03;1153;3903;264609;200910;55.2;41.9
66;2021-07-04;717;1791;265326;202701;55.4;42.3
66;2021-07-05;1293;3007;266619;205708;55.7;42.9
66;2021-07-06;1452;3786;268071;209494;56.0;43.7
66;2021-07-07;1431;3247;269502;212741;56.3;44.4
66;2021-07-08;1340;3385;270842;216126;56.5;45.1
66;2021-07-09;1423;3462;272265;219588;56.8;45.8
66;2021-07-10;1004;2402;273269;221990;57.0;46.3
66;2021-07-11;540;1540;273809;223530;57.2;46.7
66;2021-07-12;995;3641;274804;227171;57.4;47.4
66;2021-07-13;2228;4272;277032;231443;57.8;48.3
66;2021-07-14;1950;1236;278982;232679;58.2;48.6
66;2021-07-15;2781;3115;281763;235794;58.8;49.2
66;2021-07-16;3338;3208;285101;239002;59.5;49.9
66;2021-07-17;2121;2037;287222;241039;60.0;50.3
66;2021-07-18;1198;1062;288420;242101;60.2;50.5
66;2021-07-19;2793;3087;291213;245188;60.8;51.2
66;2021-07-20;3656;2885;294869;248073;61.6;51.8
66;2021-07-21;3963;2949;298832;251022;62.4;52.4
66;2021-07-22;3912;2818;302744;253840;63.2;53.0
66;2021-07-23;3894;3032;306638;256872;64.0;53.6
66;2021-07-24;2584;1922;309222;258794;64.6;54.0
66;2021-07-25;2021;1239;311243;260033;65.0;54.3
66;2021-07-26;2864;2625;314107;262658;65.6;54.8
66;2021-07-27;3231;2886;317338;265544;66.3;55.4
66;2021-07-28;3353;2573;320691;268117;67.0;56.0
66;2021-07-29;3856;2538;324547;270655;67.8;56.5
66;2021-07-30;4191;2466;328738;273121;68.6;57.0
66;2021-07-31;2231;1715;330969;274836;69.1;57.4
66;2021-08-01;1820;897;332789;275733;69.5;57.6
66;2021-08-02;2298;1920;335087;277653;70.0;58.0
66;2021-08-03;2615;2069;337702;279722;70.5;58.4
66;2021-08-04;2615;1998;340317;281720;71.0;58.8
66;2021-08-05;2432;2505;342749;284225;71.6;59.3
66;2021-08-06;2314;2645;345063;286870;72.0;59.9
66;2021-08-07;1500;2089;346563;288959;72.4;60.3
66;2021-08-08;613;1456;347176;290415;72.5;60.6
66;2021-08-09;1336;2801;348512;293216;72.8;61.2
66;2021-08-10;1638;3072;350150;296288;73.1;61.9
66;2021-08-11;1610;3016;351760;299304;73.4;62.5
66;2021-08-12;1634;2994;353394;302298;73.8;63.1
66;2021-08-13;1389;2973;354783;305271;74.1;63.7
66;2021-08-14;655;2508;355438;307779;74.2;64.3
66;2021-08-15;136;1629;355574;309408;74.2;64.6
66;2021-08-16;1267;2593;356841;312001;74.5;65.1
66;2021-08-17;1475;2979;358316;314980;74.8;65.8
66;2021-08-18;1332;3070;359648;318050;75.1;66.4
66;2021-08-19;1100;2919;360748;320969;75.3;67.0
66;2021-08-20;976;3315;361724;324284;75.5;67.7
66;2021-08-21;562;2010;362286;326294;75.6;68.1
66;2021-08-22;232;1352;362518;327646;75.7;68.4
66;2021-08-23;1140;2759;363658;330405;75.9;69.0
66;2021-08-24;1046;2947;364704;333352;76.1;69.6
66;2021-08-25;900;2303;365604;335655;76.3;70.1
66;2021-08-26;946;2176;366550;337831;76.5;70.5
66;2021-08-27;907;2365;367457;340196;76.7;71.0
66;2021-08-28;512;1136;367969;341332;76.8;71.3
66;2021-08-29;242;332;368211;341664;76.9;71.3
66;2021-08-30;827;2593;369038;344257;77.0;71.9
66;2021-08-31;806;2715;369844;346972;77.2;72.4
67;2020-12-27;7;0;7;0;0.0;0.0
67;2020-12-28;4;0;11;0;0.0;0.0
67;2020-12-29;2;0;13;0;0.0;0.0
67;2020-12-30;0;0;13;0;0.0;0.0
67;2020-12-31;0;0;13;0;0.0;0.0
67;2021-01-01;4;0;17;0;0.0;0.0
67;2021-01-02;1;0;18;0;0.0;0.0
67;2021-01-03;1;0;19;0;0.0;0.0
67;2021-01-04;41;0;60;0;0.0;0.0
67;2021-01-05;167;0;227;0;0.0;0.0
67;2021-01-06;121;0;348;0;0.0;0.0
67;2021-01-07;235;1;583;1;0.1;0.0
67;2021-01-08;233;1;816;2;0.1;0.0
67;2021-01-09;113;1;929;3;0.1;0.0
67;2021-01-10;67;0;996;3;0.1;0.0
67;2021-01-11;182;1;1178;4;0.1;0.0
67;2021-01-12;511;1;1689;5;0.1;0.0
67;2021-01-13;654;2;2343;7;0.2;0.0
67;2021-01-14;1080;7;3423;14;0.3;0.0
67;2021-01-15;938;7;4361;21;0.4;0.0
67;2021-01-16;196;3;4557;24;0.4;0.0
67;2021-01-17;99;0;4656;24;0.4;0.0
67;2021-01-18;899;3;5555;27;0.5;0.0
67;2021-01-19;1424;5;6979;32;0.6;0.0
67;2021-01-20;1854;12;8833;44;0.8;0.0
67;2021-01-21;2208;9;11041;53;1.0;0.0
67;2021-01-22;1987;8;13028;61;1.2;0.0
67;2021-01-23;813;5;13841;66;1.2;0.0
67;2021-01-24;380;1;14221;67;1.3;0.0
67;2021-01-25;526;30;14747;97;1.3;0.0
67;2021-01-26;159;107;14906;204;1.3;0.0
67;2021-01-27;1396;92;16302;296;1.4;0.0
67;2021-01-28;3052;223;19354;519;1.7;0.0
67;2021-01-29;2029;158;21383;677;1.9;0.1
67;2021-01-30;1094;81;22477;758;2.0;0.1
67;2021-01-31;1162;29;23639;787;2.1;0.1
67;2021-02-01;3392;250;27031;1037;2.4;0.1
67;2021-02-02;2691;427;29722;1464;2.6;0.1
67;2021-02-03;1573;399;31295;1863;2.8;0.2
67;2021-02-04;1193;751;32488;2614;2.9;0.2
67;2021-02-05;1193;636;33681;3250;3.0;0.3
67;2021-02-06;791;144;34472;3394;3.0;0.3
67;2021-02-07;291;41;34763;3435;3.1;0.3
67;2021-02-08;839;440;35602;3875;3.1;0.3
67;2021-02-09;958;724;36560;4599;3.2;0.4
67;2021-02-10;931;777;37491;5376;3.3;0.5
67;2021-02-11;1151;1120;38642;6496;3.4;0.6
67;2021-02-12;1245;765;39887;7261;3.5;0.6
67;2021-02-13;765;275;40652;7536;3.6;0.7
67;2021-02-14;244;94;40896;7630;3.6;0.7
67;2021-02-15;780;823;41676;8453;3.7;0.7
67;2021-02-16;929;1115;42605;9568;3.8;0.8
67;2021-02-17;784;1165;43389;10733;3.8;0.9
67;2021-02-18;1400;2548;44789;13281;4.0;1.2
67;2021-02-19;1374;2074;46163;15355;4.1;1.4
67;2021-02-20;632;873;46795;16228;4.1;1.4
67;2021-02-21;209;1185;47004;17413;4.2;1.5
67;2021-02-22;1404;2160;48408;19573;4.3;1.7
67;2021-02-23;1462;1547;49870;21120;4.4;1.9
67;2021-02-24;1435;1038;51305;22158;4.5;2.0
67;2021-02-25;1615;1445;52920;23603;4.7;2.1
67;2021-02-26;2226;1399;55146;25002;4.9;2.2
67;2021-02-27;1257;772;56403;25774;5.0;2.3
67;2021-02-28;147;351;56550;26125;5.0;2.3
67;2021-03-01;640;991;57190;27116;5.0;2.4
67;2021-03-02;893;1186;58083;28302;5.1;2.5
67;2021-03-03;1410;1277;59493;29579;5.3;2.6
67;2021-03-04;1961;1055;61454;30634;5.4;2.7
67;2021-03-05;3256;1103;64710;31737;5.7;2.8
67;2021-03-06;2335;769;67045;32506;5.9;2.9
67;2021-03-07;466;282;67511;32788;6.0;2.9
67;2021-03-08;1187;790;68698;33578;6.1;3.0
67;2021-03-09;2223;902;70921;34480;6.3;3.0
67;2021-03-10;2448;1187;73369;35667;6.5;3.1
67;2021-03-11;3207;1357;76576;37024;6.8;3.3
67;2021-03-12;5257;1371;81833;38395;7.2;3.4
67;2021-03-13;3997;884;85830;39279;7.6;3.5
67;2021-03-14;483;389;86313;39668;7.6;3.5
67;2021-03-15;2188;1156;88501;40824;7.8;3.6
67;2021-03-16;1551;1233;90052;42057;8.0;3.7
67;2021-03-17;2068;918;92120;42975;8.1;3.8
67;2021-03-18;2386;733;94506;43708;8.3;3.9
67;2021-03-19;3671;749;98177;44457;8.7;3.9
67;2021-03-20;3062;510;101239;44967;8.9;4.0
67;2021-03-21;335;17;101574;44984;9.0;4.0
67;2021-03-22;2331;776;103905;45760;9.2;4.0
67;2021-03-23;3399;776;107304;46536;9.5;4.1
67;2021-03-24;3909;810;111213;47346;9.8;4.2
67;2021-03-25;5313;538;116526;47884;10.3;4.2
67;2021-03-26;6867;477;123393;48361;10.9;4.3
67;2021-03-27;3925;343;127318;48704;11.2;4.3
67;2021-03-28;580;100;127898;48804;11.3;4.3
67;2021-03-29;3819;426;131717;49230;11.6;4.3
67;2021-03-30;4844;666;136561;49896;12.1;4.4
67;2021-03-31;4845;693;141406;50589;12.5;4.5
67;2021-04-01;5147;930;146553;51519;12.9;4.5
67;2021-04-02;1007;174;147560;51693;13.0;4.6
67;2021-04-03;1689;286;149249;51979;13.2;4.6
67;2021-04-04;327;5;149576;51984;13.2;4.6
67;2021-04-05;371;3;149947;51987;13.2;4.6
67;2021-04-06;3480;1180;153427;53167;13.5;4.7
67;2021-04-07;4531;1282;157958;54449;13.9;4.8
67;2021-04-08;5660;1407;163618;55856;14.4;4.9
67;2021-04-09;7109;1353;170727;57209;15.1;5.1
67;2021-04-10;4333;889;175060;58098;15.5;5.1
67;2021-04-11;855;427;175915;58525;15.5;5.2
67;2021-04-12;3883;1404;179798;59929;15.9;5.3
67;2021-04-13;4892;1579;184690;61508;16.3;5.4
67;2021-04-14;5285;1899;189975;63407;16.8;5.6
67;2021-04-15;6079;2106;196054;65513;17.3;5.8
67;2021-04-16;7837;2423;203891;67936;18.0;6.0
67;2021-04-17;4007;1578;207898;69514;18.4;6.1
67;2021-04-18;1112;646;209010;70160;18.5;6.2
67;2021-04-19;3631;2140;212641;72300;18.8;6.4
67;2021-04-20;4256;1921;216897;74221;19.2;6.6
67;2021-04-21;4068;2513;220965;76734;19.5;6.8
67;2021-04-22;4476;2916;225441;79650;19.9;7.0
67;2021-04-23;5243;3002;230684;82652;20.4;7.3
67;2021-04-24;3100;2024;233784;84676;20.6;7.5
67;2021-04-25;1028;451;234812;85127;20.7;7.5
67;2021-04-26;3191;2617;238003;87744;21.0;7.7
67;2021-04-27;4021;2921;242024;90665;21.4;8.0
67;2021-04-28;4252;3432;246276;94097;21.7;8.3
67;2021-04-29;5125;3511;251401;97608;22.2;8.6
67;2021-04-30;7179;2491;258580;100099;22.8;8.8
67;2021-05-01;2684;785;261264;100884;23.1;8.9
67;2021-05-02;2181;677;263445;101561;23.3;9.0
67;2021-05-03;5561;2615;269006;104176;23.8;9.2
67;2021-05-04;5854;3607;274860;107783;24.3;9.5
67;2021-05-05;5217;4199;280077;111982;24.7;9.9
67;2021-05-06;6714;4925;286791;116907;25.3;10.3
67;2021-05-07;6434;6913;293225;123820;25.9;10.9
67;2021-05-08;3575;1021;296800;124841;26.2;11.0
67;2021-05-09;3371;593;300171;125434;26.5;11.1
67;2021-05-10;4696;4531;304867;129965;26.9;11.5
67;2021-05-11;5649;4932;310516;134897;27.4;11.9
67;2021-05-12;6599;4849;317115;139746;28.0;12.3
67;2021-05-13;7312;1676;324427;141422;28.6;12.5
67;2021-05-14;8880;5362;333307;146784;29.4;13.0
67;2021-05-15;8194;3660;341501;150444;30.2;13.3
67;2021-05-16;6178;970;347679;151414;30.7;13.4
67;2021-05-17;5695;3888;353374;155302;31.2;13.7
67;2021-05-18;6901;3982;360275;159284;31.8;14.1
67;2021-05-19;7377;4174;367652;163458;32.5;14.4
67;2021-05-20;8693;4236;376345;167694;33.2;14.8
67;2021-05-21;8165;5864;384510;173558;33.9;15.3
67;2021-05-22;5937;3423;390447;176981;34.5;15.6
67;2021-05-23;2659;593;393106;177574;34.7;15.7
67;2021-05-24;4417;865;397523;178439;35.1;15.8
67;2021-05-25;5417;4773;402940;183212;35.6;16.2
67;2021-05-26;6061;4883;409001;188095;36.1;16.6
67;2021-05-27;7314;4908;416315;193003;36.8;17.0
67;2021-05-28;7968;6506;424283;199509;37.5;17.6
67;2021-05-29;6651;3876;430934;203385;38.0;18.0
67;2021-05-30;1147;809;432081;204194;38.1;18.0
67;2021-05-31;6408;4059;438489;208253;38.7;18.4
67;2021-06-01;7329;4406;445818;212659;39.4;18.8
67;2021-06-02;8066;4180;453884;216839;40.1;19.1
67;2021-06-03;8842;4868;462726;221707;40.9;19.6
67;2021-06-04;8595;6139;471321;227846;41.6;20.1
67;2021-06-05;6554;3983;477875;231829;42.2;20.5
67;2021-06-06;3478;874;481353;232703;42.5;20.5
67;2021-06-07;7415;4259;488768;236962;43.2;20.9
67;2021-06-08;8631;4927;497399;241889;43.9;21.4
67;2021-06-09;9262;4801;506661;246690;44.7;21.8
67;2021-06-10;9774;5014;516435;251704;45.6;22.2
67;2021-06-11;8072;8332;524507;260036;46.3;23.0
67;2021-06-12;6791;5205;531298;265241;46.9;23.4
67;2021-06-13;3108;1044;534406;266285;47.2;23.5
67;2021-06-14;5511;6459;539917;272744;47.7;24.1
67;2021-06-15;6687;6753;546604;279497;48.3;24.7
67;2021-06-16;6952;6706;553556;286203;48.9;25.3
67;2021-06-17;7274;9057;560830;295260;49.5;26.1
67;2021-06-18;7604;8510;568434;303770;50.2;26.8
67;2021-06-19;6385;5962;574819;309732;50.8;27.3
67;2021-06-20;1450;1412;576269;311144;50.9;27.5
67;2021-06-21;4267;6774;580536;317918;51.3;28.1
67;2021-06-22;4243;9098;584779;327016;51.6;28.9
67;2021-06-23;5291;8189;590070;335205;52.1;29.6
67;2021-06-24;4519;9099;594589;344304;52.5;30.4
67;2021-06-25;5341;9954;599930;354258;53.0;31.3
67;2021-06-26;3467;9108;603397;363366;53.3;32.1
67;2021-06-27;1023;3523;604420;366889;53.4;32.4
67;2021-06-28;2847;8733;607267;375622;53.6;33.2
67;2021-06-29;2898;8612;610165;384234;53.9;33.9
67;2021-06-30;3382;8746;613547;392980;54.2;34.7
67;2021-07-01;3609;8432;617156;401412;54.5;35.4
67;2021-07-02;3736;10938;620892;412350;54.8;36.4
67;2021-07-03;2977;7747;623869;420097;55.1;37.1
67;2021-07-04;763;1870;624632;421967;55.1;37.3
67;2021-07-05;2623;8254;627255;430221;55.4;38.0
67;2021-07-06;3102;8444;630357;438665;55.7;38.7
67;2021-07-07;3922;8738;634279;447403;56.0;39.5
67;2021-07-08;4194;7787;638473;455190;56.4;40.2
67;2021-07-09;3767;11374;642240;466564;56.7;41.2
67;2021-07-10;2859;8209;645099;474773;57.0;41.9
67;2021-07-11;944;1995;646043;476768;57.0;42.1
67;2021-07-12;2477;9722;648520;486490;57.3;43.0
67;2021-07-13;4106;9889;652626;496379;57.6;43.8
67;2021-07-14;3489;4407;656115;500786;57.9;44.2
67;2021-07-15;5139;12230;661254;513016;58.4;45.3
67;2021-07-16;4865;12293;666119;525309;58.8;46.4
67;2021-07-17;3734;8828;669853;534137;59.1;47.2
67;2021-07-18;1464;2550;671317;536687;59.3;47.4
67;2021-07-19;4645;9745;675962;546432;59.7;48.2
67;2021-07-20;5772;9822;681734;556254;60.2;49.1
67;2021-07-21;5867;10652;687601;566906;60.7;50.1
67;2021-07-22;6439;10229;694040;577135;61.3;51.0
67;2021-07-23;7400;11192;701440;588327;61.9;51.9
67;2021-07-24;5424;7578;706864;595905;62.4;52.6
67;2021-07-25;2316;1969;709180;597874;62.6;52.8
67;2021-07-26;5002;7250;714182;605124;63.1;53.4
67;2021-07-27;6625;7320;720807;612444;63.6;54.1
67;2021-07-28;7540;7209;728347;619653;64.3;54.7
67;2021-07-29;8390;6435;736737;626088;65.0;55.3
67;2021-07-30;8653;7306;745390;633394;65.8;55.9
67;2021-07-31;5105;4874;750495;638268;66.3;56.4
67;2021-08-01;2477;1430;752972;639698;66.5;56.5
67;2021-08-02;6327;5092;759299;644790;67.0;56.9
67;2021-08-03;7294;4714;766593;649504;67.7;57.3
67;2021-08-04;6879;4600;773472;654104;68.3;57.8
67;2021-08-05;5735;4223;779207;658327;68.8;58.1
67;2021-08-06;6318;5425;785525;663752;69.4;58.6
67;2021-08-07;4658;4274;790183;668026;69.8;59.0
67;2021-08-08;1304;1434;791487;669460;69.9;59.1
67;2021-08-09;3120;4485;794607;673945;70.2;59.5
67;2021-08-10;3200;4788;797807;678733;70.4;59.9
67;2021-08-11;3400;4677;801207;683410;70.7;60.3
67;2021-08-12;3109;4888;804316;688298;71.0;60.8
67;2021-08-13;3145;5390;807461;693688;71.3;61.2
67;2021-08-14;2187;5077;809648;698765;71.5;61.7
67;2021-08-15;706;1601;810354;700366;71.5;61.8
67;2021-08-16;2063;5230;812417;705596;71.7;62.3
67;2021-08-17;2071;5270;814488;710866;71.9;62.8
67;2021-08-18;2345;6340;816833;717206;72.1;63.3
67;2021-08-19;1876;6149;818709;723355;72.3;63.9
67;2021-08-20;2299;7447;821008;730802;72.5;64.5
67;2021-08-21;1515;5562;822523;736364;72.6;65.0
67;2021-08-22;377;2049;822900;738413;72.7;65.2
67;2021-08-23;1902;6839;824802;745252;72.8;65.8
67;2021-08-24;1978;6612;826780;751864;73.0;66.4
67;2021-08-25;2086;7207;828866;759071;73.2;67.0
67;2021-08-26;1830;5540;830696;764611;73.3;67.5
67;2021-08-27;2181;7028;832877;771639;73.5;68.1
67;2021-08-28;1695;6085;834572;777724;73.7;68.7
67;2021-08-29;439;1598;835011;779322;73.7;68.8
67;2021-08-30;1390;4415;836401;783737;73.8;69.2
67;2021-08-31;1398;4185;837799;787922;74.0;69.6
68;2020-12-27;0;0;0;0;0.0;0.0
68;2020-12-28;0;0;0;0;0.0;0.0
68;2020-12-29;0;0;0;0;0.0;0.0
68;2020-12-30;2;0;2;0;0.0;0.0
68;2020-12-31;0;0;2;0;0.0;0.0
68;2021-01-01;0;0;2;0;0.0;0.0
68;2021-01-02;0;0;2;0;0.0;0.0
68;2021-01-03;0;0;2;0;0.0;0.0
68;2021-01-04;1;0;3;0;0.0;0.0
68;2021-01-05;11;0;14;0;0.0;0.0
68;2021-01-06;245;1;259;1;0.0;0.0
68;2021-01-07;75;0;334;1;0.0;0.0
68;2021-01-08;118;1;452;2;0.1;0.0
68;2021-01-09;20;0;472;2;0.1;0.0
68;2021-01-10;1;0;473;2;0.1;0.0
68;2021-01-11;82;0;555;2;0.1;0.0
68;2021-01-12;386;1;941;3;0.1;0.0
68;2021-01-13;703;2;1644;5;0.2;0.0
68;2021-01-14;372;2;2016;7;0.3;0.0
68;2021-01-15;204;1;2220;8;0.3;0.0
68;2021-01-16;1;0;2221;8;0.3;0.0
68;2021-01-17;0;0;2221;8;0.3;0.0
68;2021-01-18;379;5;2600;13;0.3;0.0
68;2021-01-19;559;5;3159;18;0.4;0.0
68;2021-01-20;707;10;3866;28;0.5;0.0
68;2021-01-21;1393;12;5259;40;0.7;0.0
68;2021-01-22;1499;11;6758;51;0.9;0.0
68;2021-01-23;215;3;6973;54;0.9;0.0
68;2021-01-24;698;1;7671;55;1.0;0.0
68;2021-01-25;1390;45;9061;100;1.2;0.0
68;2021-01-26;1554;80;10615;180;1.4;0.0
68;2021-01-27;2768;152;13383;332;1.8;0.0
68;2021-01-28;2354;60;15737;392;2.1;0.1
68;2021-01-29;1509;116;17246;508;2.3;0.1
68;2021-01-30;165;3;17411;511;2.3;0.1
68;2021-01-31;0;0;17411;511;2.3;0.1
68;2021-02-01;737;117;18148;628;2.4;0.1
68;2021-02-02;869;304;19017;932;2.5;0.1
68;2021-02-03;1000;615;20017;1547;2.6;0.2
68;2021-02-04;1000;320;21017;1867;2.8;0.2
68;2021-02-05;948;234;21965;2101;2.9;0.3
68;2021-02-06;140;2;22105;2103;2.9;0.3
68;2021-02-07;1;16;22106;2119;2.9;0.3
68;2021-02-08;893;23;22999;2142;3.0;0.3
68;2021-02-09;1359;44;24358;2186;3.2;0.3
68;2021-02-10;1453;63;25811;2249;3.4;0.3
68;2021-02-11;1486;466;27297;2715;3.6;0.4
68;2021-02-12;1549;445;28846;3160;3.8;0.4
68;2021-02-13;132;1;28978;3161;3.8;0.4
68;2021-02-14;58;232;29036;3393;3.8;0.4
68;2021-02-15;662;1079;29698;4472;3.9;0.6
68;2021-02-16;863;1356;30561;5828;4.0;0.8
68;2021-02-17;1285;2127;31846;7955;4.2;1.0
68;2021-02-18;1658;2053;33504;10008;4.4;1.3
68;2021-02-19;987;1358;34491;11366;4.5;1.5
68;2021-02-20;93;125;34584;11491;4.5;1.5
68;2021-02-21;1;40;34585;11531;4.5;1.5
68;2021-02-22;446;786;35031;12317;4.6;1.6
68;2021-02-23;639;1061;35670;13378;4.7;1.8
68;2021-02-24;854;1147;36524;14525;4.8;1.9
68;2021-02-25;1209;1247;37733;15772;4.9;2.1
68;2021-02-26;1200;980;38933;16752;5.1;2.2
68;2021-02-27;549;176;39482;16928;5.2;2.2
68;2021-02-28;12;1;39494;16929;5.2;2.2
68;2021-03-01;941;766;40435;17695;5.3;2.3
68;2021-03-02;1216;922;41651;18617;5.5;2.4
68;2021-03-03;1592;964;43243;19581;5.7;2.6
68;2021-03-04;1992;1046;45235;20627;5.9;2.7
68;2021-03-05;2356;1043;47591;21670;6.2;2.8
68;2021-03-06;2286;246;49877;21916;6.5;2.9
68;2021-03-07;839;108;50716;22024;6.6;2.9
68;2021-03-08;1474;973;52190;22997;6.8;3.0
68;2021-03-09;1698;1328;53888;24325;7.1;3.2
68;2021-03-10;1964;1798;55852;26123;7.3;3.4
68;2021-03-11;2639;1910;58491;28033;7.7;3.7
68;2021-03-12;2629;1422;61120;29455;8.0;3.9
68;2021-03-13;3342;258;64462;29713;8.4;3.9
68;2021-03-14;1543;67;66005;29780;8.6;3.9
68;2021-03-15;1794;625;67799;30405;8.9;4.0
68;2021-03-16;2001;604;69800;31009;9.1;4.1
68;2021-03-17;1957;731;71757;31740;9.4;4.2
68;2021-03-18;2220;951;73977;32691;9.7;4.3
68;2021-03-19;3085;738;77062;33429;10.1;4.4
68;2021-03-20;973;123;78035;33552;10.2;4.4
68;2021-03-21;68;2;78103;33554;10.2;4.4
68;2021-03-22;1965;595;80068;34149;10.5;4.5
68;2021-03-23;2860;620;82928;34769;10.9;4.6
68;2021-03-24;3178;815;86106;35584;11.3;4.7
68;2021-03-25;3502;788;89608;36372;11.7;4.8
68;2021-03-26;3893;727;93501;37099;12.3;4.9
68;2021-03-27;1102;167;94603;37266;12.4;4.9
68;2021-03-28;56;3;94659;37269;12.4;4.9
68;2021-03-29;2263;1369;96922;38638;12.7;5.1
68;2021-03-30;2934;1303;99856;39941;13.1;5.2
68;2021-03-31;2642;1364;102498;41305;13.4;5.4
68;2021-04-01;2748;1550;105246;42855;13.8;5.6
68;2021-04-02;244;88;105490;42943;13.8;5.6
68;2021-04-03;240;124;105730;43067;13.9;5.6
68;2021-04-04;5;0;105735;43067;13.9;5.6
68;2021-04-05;49;3;105784;43070;13.9;5.6
68;2021-04-06;1792;1327;107576;44397;14.1;5.8
68;2021-04-07;2585;1537;110161;45934;14.4;6.0
68;2021-04-08;3234;1502;113395;47436;14.9;6.2
68;2021-04-09;4201;1525;117596;48961;15.4;6.4
68;2021-04-10;1205;1974;118801;50935;15.6;6.7
68;2021-04-11;126;1318;118927;52253;15.6;6.8
68;2021-04-12;2667;1636;121594;53889;15.9;7.1
68;2021-04-13;2760;2110;124354;55999;16.3;7.3
68;2021-04-14;3606;2265;127960;58264;16.8;7.6
68;2021-04-15;4051;2160;132011;60424;17.3;7.9
68;2021-04-16;3943;2081;135954;62505;17.8;8.2
68;2021-04-17;1075;442;137029;62947;18.0;8.2
68;2021-04-18;85;9;137114;62956;18.0;8.2
68;2021-04-19;2358;1834;139472;64790;18.3;8.5
68;2021-04-20;2442;2327;141914;67117;18.6;8.8
68;2021-04-21;2831;2477;144745;69594;19.0;9.1
68;2021-04-22;3287;1976;148032;71570;19.4;9.4
68;2021-04-23;3413;2074;151445;73644;19.8;9.6
68;2021-04-24;842;488;152287;74132;20.0;9.7
68;2021-04-25;214;20;152501;74152;20.0;9.7
68;2021-04-26;2329;2105;154830;76257;20.3;10.0
68;2021-04-27;2600;2216;157430;78473;20.6;10.3
68;2021-04-28;3573;1763;161003;80236;21.1;10.5
68;2021-04-29;4167;1749;165170;81985;21.6;10.7
68;2021-04-30;4833;1369;170003;83354;22.3;10.9
68;2021-05-01;947;121;170950;83475;22.4;10.9
68;2021-05-02;732;70;171682;83545;22.5;10.9
68;2021-05-03;3623;1817;175305;85362;23.0;11.2
68;2021-05-04;3936;2363;179241;87725;23.5;11.5
68;2021-05-05;3632;3246;182873;90971;24.0;11.9
68;2021-05-06;4808;2865;187681;93836;24.6;12.3
68;2021-05-07;4522;2910;192203;96746;25.2;12.7
68;2021-05-08;1671;211;193874;96957;25.4;12.7
68;2021-05-09;1077;107;194951;97064;25.5;12.7
68;2021-05-10;3159;3720;198110;100784;26.0;13.2
68;2021-05-11;4718;3619;202828;104403;26.6;13.7
68;2021-05-12;5789;3295;208617;107698;27.3;14.1
68;2021-05-13;4763;840;213380;108538;28.0;14.2
68;2021-05-14;5962;2136;219342;110674;28.7;14.5
68;2021-05-15;3560;910;222902;111584;29.2;14.6
68;2021-05-16;669;120;223571;111704;29.3;14.6
68;2021-05-17;4449;2499;228020;114203;29.9;15.0
68;2021-05-18;6140;2307;234160;116510;30.7;15.3
68;2021-05-19;5871;2888;240031;119398;31.5;15.6
68;2021-05-20;5930;2416;245961;121814;32.2;16.0
68;2021-05-21;5778;2869;251739;124683;33.0;16.3
68;2021-05-22;2578;927;254317;125610;33.3;16.5
68;2021-05-23;15;17;254332;125627;33.3;16.5
68;2021-05-24;2307;970;256639;126597;33.6;16.6
68;2021-05-25;4347;3438;260986;130035;34.2;17.0
68;2021-05-26;4882;3382;265868;133417;34.8;17.5
68;2021-05-27;5408;3407;271276;136824;35.5;17.9
68;2021-05-28;5621;3730;276897;140554;36.3;18.4
68;2021-05-29;1540;1187;278437;141741;36.5;18.6
68;2021-05-30;41;46;278478;141787;36.5;18.6
68;2021-05-31;5160;2364;283638;144151;37.2;18.9
68;2021-06-01;5989;2801;289627;146952;37.9;19.3
68;2021-06-02;4887;3011;294514;149963;38.6;19.6
68;2021-06-03;5942;3100;300456;153063;39.4;20.1
68;2021-06-04;4897;3304;305353;156367;40.0;20.5
68;2021-06-05;780;1169;306133;157536;40.1;20.6
68;2021-06-06;69;115;306202;157651;40.1;20.7
68;2021-06-07;4758;3035;310960;160686;40.7;21.1
68;2021-06-08;4941;3557;315901;164243;41.4;21.5
68;2021-06-09;4994;3447;320895;167690;42.0;22.0
68;2021-06-10;5202;3150;326097;170840;42.7;22.4
68;2021-06-11;5059;4153;331156;174993;43.4;22.9
68;2021-06-12;3035;1769;334191;176762;43.8;23.2
68;2021-06-13;515;682;334706;177444;43.9;23.2
68;2021-06-14;2517;4391;337223;181835;44.2;23.8
68;2021-06-15;3112;4723;340335;186558;44.6;24.4
68;2021-06-16;3389;4442;343724;191000;45.0;25.0
68;2021-06-17;2361;4457;346085;195457;45.3;25.6
68;2021-06-18;3356;5178;349441;200635;45.8;26.3
68;2021-06-19;2256;2170;351697;202805;46.1;26.6
68;2021-06-20;258;893;351955;203698;46.1;26.7
68;2021-06-21;2062;5154;354017;208852;46.4;27.4
68;2021-06-22;1901;5176;355918;214028;46.6;28.0
68;2021-06-23;2317;5743;358235;219771;46.9;28.8
68;2021-06-24;2155;4898;360390;224669;47.2;29.4
68;2021-06-25;2287;6660;362677;231329;47.5;30.3
68;2021-06-26;1304;2610;363981;233939;47.7;30.7
68;2021-06-27;151;880;364132;234819;47.7;30.8
68;2021-06-28;1601;6444;365733;241263;47.9;31.6
68;2021-06-29;1539;6634;367272;247897;48.1;32.5
68;2021-06-30;1799;6555;369071;254452;48.4;33.3
68;2021-07-01;2110;5353;371181;259805;48.6;34.0
68;2021-07-02;2101;6484;373282;266289;48.9;34.9
68;2021-07-03;988;1935;374270;268224;49.0;35.1
68;2021-07-04;242;200;374512;268424;49.1;35.2
68;2021-07-05;1458;5517;375970;273941;49.3;35.9
68;2021-07-06;2001;5886;377971;279827;49.5;36.7
68;2021-07-07;2457;4974;380428;284801;49.8;37.3
68;2021-07-08;2436;4752;382864;289553;50.2;37.9
68;2021-07-09;2091;7368;384955;296921;50.4;38.9
68;2021-07-10;1026;2004;385981;298925;50.6;39.2
68;2021-07-11;147;156;386128;299081;50.6;39.2
68;2021-07-12;1645;6774;387773;305855;50.8;40.1
68;2021-07-13;2909;6549;390682;312404;51.2;40.9
68;2021-07-14;1842;983;392524;313387;51.4;41.1
68;2021-07-15;3188;6656;395712;320043;51.8;41.9
68;2021-07-16;3818;6762;399530;326805;52.3;42.8
68;2021-07-17;3364;2298;402894;329103;52.8;43.1
68;2021-07-18;1054;230;403948;329333;52.9;43.2
68;2021-07-19;3049;6085;406997;335418;53.3;43.9
68;2021-07-20;4003;5676;411000;341094;53.9;44.7
68;2021-07-21;4338;5823;415338;346917;54.4;45.5
68;2021-07-22;4191;4843;419529;351760;55.0;46.1
68;2021-07-23;5041;5758;424570;357518;55.6;46.8
68;2021-07-24;3349;2128;427919;359646;56.1;47.1
68;2021-07-25;826;536;428745;360182;56.2;47.2
68;2021-07-26;4836;4445;433581;364627;56.8;47.8
68;2021-07-27;6373;3753;439954;368380;57.6;48.3
68;2021-07-28;6849;3878;446803;372258;58.5;48.8
68;2021-07-29;6397;3419;453200;375677;59.4;49.2
68;2021-07-30;6337;4376;459537;380053;60.2;49.8
68;2021-07-31;3915;1424;463452;381477;60.7;50.0
68;2021-08-01;1651;490;465103;381967;60.9;50.0
68;2021-08-02;4600;3147;469703;385114;61.5;50.5
68;2021-08-03;3535;2440;473238;387554;62.0;50.8
68;2021-08-04;3139;2686;476377;390240;62.4;51.1
68;2021-08-05;2740;2639;479117;392879;62.8;51.5
68;2021-08-06;3990;4323;483107;397202;63.3;52.0
68;2021-08-07;1224;1305;484331;398507;63.5;52.2
68;2021-08-08;362;812;484693;399319;63.5;52.3
68;2021-08-09;2568;3684;487261;403003;63.8;52.8
68;2021-08-10;2211;2780;489472;405783;64.1;53.2
68;2021-08-11;1896;2728;491368;408511;64.4;53.5
68;2021-08-12;1739;2661;493107;411172;64.6;53.9
68;2021-08-13;2696;4760;495803;415932;65.0;54.5
68;2021-08-14;707;1437;496510;417369;65.1;54.7
68;2021-08-15;45;446;496555;417815;65.1;54.7
68;2021-08-16;1991;5058;498546;422873;65.3;55.4
68;2021-08-17;1788;4844;500334;427717;65.6;56.0
68;2021-08-18;1172;3687;501506;431404;65.7;56.5
68;2021-08-19;1356;3741;502862;435145;65.9;57.0
68;2021-08-20;2218;6060;505080;441205;66.2;57.8
68;2021-08-21;491;1378;505571;442583;66.2;58.0
68;2021-08-22;112;454;505683;443037;66.3;58.0
68;2021-08-23;1186;5421;506869;448458;66.4;58.8
68;2021-08-24;1400;5942;508269;454400;66.6;59.5
68;2021-08-25;1655;3748;509924;458148;66.8;60.0
68;2021-08-26;1983;4492;511907;462640;67.1;60.6
68;2021-08-27;1834;6276;513741;468916;67.3;61.4
68;2021-08-28;419;1068;514160;469984;67.4;61.6
68;2021-08-29;36;418;514196;470402;67.4;61.6
68;2021-08-30;1341;4548;515537;474950;67.5;62.2
68;2021-08-31;1280;4227;516817;479177;67.7;62.8
69;2020-12-27;3;0;3;0;0.0;0.0
69;2020-12-28;8;0;11;0;0.0;0.0
69;2020-12-29;5;0;16;0;0.0;0.0
69;2020-12-30;6;0;22;0;0.0;0.0
69;2020-12-31;12;0;34;0;0.0;0.0
69;2021-01-01;2;0;36;0;0.0;0.0
69;2021-01-02;1;0;37;0;0.0;0.0
69;2021-01-03;1;0;38;0;0.0;0.0
69;2021-01-04;11;0;49;0;0.0;0.0
69;2021-01-05;217;0;266;0;0.0;0.0
69;2021-01-06;519;0;785;0;0.0;0.0
69;2021-01-07;812;0;1597;0;0.1;0.0
69;2021-01-08;826;0;2423;0;0.1;0.0
69;2021-01-09;39;1;2462;1;0.1;0.0
69;2021-01-10;3;1;2465;2;0.1;0.0
69;2021-01-11;1135;2;3600;4;0.2;0.0
69;2021-01-12;1396;7;4996;11;0.3;0.0
69;2021-01-13;1392;3;6388;14;0.3;0.0
69;2021-01-14;2281;20;8669;34;0.5;0.0
69;2021-01-15;1826;8;10495;42;0.6;0.0
69;2021-01-16;929;4;11424;46;0.6;0.0
69;2021-01-17;260;2;11684;48;0.6;0.0
69;2021-01-18;1694;18;13378;66;0.7;0.0
69;2021-01-19;3511;35;16889;101;0.9;0.0
69;2021-01-20;4455;30;21344;131;1.1;0.0
69;2021-01-21;4074;28;25418;159;1.4;0.0
69;2021-01-22;3167;20;28585;179;1.5;0.0
69;2021-01-23;1285;5;29870;184;1.6;0.0
69;2021-01-24;101;1;29971;185;1.6;0.0
69;2021-01-25;2240;43;32211;228;1.7;0.0
69;2021-01-26;2562;89;34773;317;1.9;0.0
69;2021-01-27;2355;176;37128;493;2.0;0.0
69;2021-01-28;2237;372;39365;865;2.1;0.0
69;2021-01-29;2113;287;41478;1152;2.2;0.1
69;2021-01-30;889;3;42367;1155;2.3;0.1
69;2021-01-31;65;0;42432;1155;2.3;0.1
69;2021-02-01;1112;401;43544;1556;2.3;0.1
69;2021-02-02;1553;413;45097;1969;2.4;0.1
69;2021-02-03;1443;537;46540;2506;2.5;0.1
69;2021-02-04;1794;950;48334;3456;2.6;0.2
69;2021-02-05;820;820;49154;4276;2.6;0.2
69;2021-02-06;369;53;49523;4329;2.6;0.2
69;2021-02-07;0;0;49523;4329;2.6;0.2
69;2021-02-08;1133;1071;50656;5400;2.7;0.3
69;2021-02-09;2048;2108;52704;7508;2.8;0.4
69;2021-02-10;1855;2642;54559;10150;2.9;0.5
69;2021-02-11;1863;3289;56422;13439;3.0;0.7
69;2021-02-12;1902;2096;58324;15535;3.1;0.8
69;2021-02-13;458;790;58782;16325;3.1;0.9
69;2021-02-14;89;39;58871;16364;3.1;0.9
69;2021-02-15;1014;1762;59885;18126;3.2;1.0
69;2021-02-16;984;2432;60869;20558;3.2;1.1
69;2021-02-17;1028;2377;61897;22935;3.3;1.2
69;2021-02-18;967;2293;62864;25228;3.4;1.3
69;2021-02-19;891;1865;63755;27093;3.4;1.4
69;2021-02-20;321;910;64076;28003;3.4;1.5
69;2021-02-21;53;68;64129;28071;3.4;1.5
69;2021-02-22;610;2090;64739;30161;3.5;1.6
69;2021-02-23;740;2215;65479;32376;3.5;1.7
69;2021-02-24;972;2242;66451;34618;3.5;1.8
69;2021-02-25;2217;2674;68668;37292;3.7;2.0
69;2021-02-26;2775;1916;71443;39208;3.8;2.1
69;2021-02-27;925;573;72368;39781;3.9;2.1
69;2021-02-28;148;101;72516;39882;3.9;2.1
69;2021-03-01;2165;913;74681;40795;4.0;2.2
69;2021-03-02;3297;1407;77978;42202;4.2;2.2
69;2021-03-03;3670;1236;81648;43438;4.4;2.3
69;2021-03-04;4885;1298;86533;44736;4.6;2.4
69;2021-03-05;5875;1267;92408;46003;4.9;2.5
69;2021-03-06;3417;426;95825;46429;5.1;2.5
69;2021-03-07;641;42;96466;46471;5.1;2.5
69;2021-03-08;2960;1119;99426;47590;5.3;2.5
69;2021-03-09;4609;1274;104035;48864;5.5;2.6
69;2021-03-10;5067;1058;109102;49922;5.8;2.7
69;2021-03-11;6601;1058;115703;50980;6.2;2.7
69;2021-03-12;8858;1223;124561;52203;6.6;2.8
69;2021-03-13;4928;245;129489;52448;6.9;2.8
69;2021-03-14;2742;154;132231;52602;7.0;2.8
69;2021-03-15;4807;722;137038;53324;7.3;2.8
69;2021-03-16;3819;662;140857;53986;7.5;2.9
69;2021-03-17;3952;896;144809;54882;7.7;2.9
69;2021-03-18;4966;1615;149775;56497;8.0;3.0
69;2021-03-19;6687;1070;156462;57567;8.3;3.1
69;2021-03-20;3593;275;160055;57842;8.5;3.1
69;2021-03-21;1977;100;162032;57942;8.6;3.1
69;2021-03-22;4548;819;166580;58761;8.9;3.1
69;2021-03-23;7365;834;173945;59595;9.3;3.2
69;2021-03-24;6456;1015;180401;60610;9.6;3.2
69;2021-03-25;8589;1123;188990;61733;10.1;3.3
69;2021-03-26;8814;1255;197804;62988;10.5;3.4
69;2021-03-27;3157;800;200961;63788;10.7;3.4
69;2021-03-28;2219;192;203180;63980;10.8;3.4
69;2021-03-29;4098;2193;207278;66173;11.0;3.5
69;2021-03-30;7642;2555;214920;68728;11.5;3.7
69;2021-03-31;6356;3183;221276;71911;11.8;3.8
69;2021-04-01;8457;2746;229733;74657;12.2;4.0
69;2021-04-02;8311;3138;238044;77795;12.7;4.1
69;2021-04-03;5425;2168;243469;79963;13.0;4.3
69;2021-04-04;6611;549;250080;80512;13.3;4.3
69;2021-04-05;6193;817;256273;81329;13.7;4.3
69;2021-04-06;5116;3484;261389;84813;13.9;4.5
69;2021-04-07;5169;3898;266558;88711;14.2;4.7
69;2021-04-08;6426;4056;272984;92767;14.6;4.9
69;2021-04-09;9166;3787;282150;96554;15.0;5.1
69;2021-04-10;3053;2503;285203;99057;15.2;5.3
69;2021-04-11;2039;1903;287242;100960;15.3;5.4
69;2021-04-12;5472;3583;292714;104543;15.6;5.6
69;2021-04-13;7069;4127;299783;108670;16.0;5.8
69;2021-04-14;6718;4155;306501;112825;16.3;6.0
69;2021-04-15;7943;4603;314444;117428;16.8;6.3
69;2021-04-16;7864;4506;322308;121934;17.2;6.5
69;2021-04-17;5038;2318;327346;124252;17.4;6.6
69;2021-04-18;1715;1795;329061;126047;17.5;6.7
69;2021-04-19;7019;3778;336080;129825;17.9;6.9
69;2021-04-20;6487;4766;342567;134591;18.3;7.2
69;2021-04-21;5688;4417;348255;139008;18.6;7.4
69;2021-04-22;6427;5444;354682;144452;18.9;7.7
69;2021-04-23;6737;4902;361419;149354;19.3;8.0
69;2021-04-24;3157;2031;364576;151385;19.4;8.1
69;2021-04-25;2119;1545;366695;152930;19.5;8.2
69;2021-04-26;4498;3880;371193;156810;19.8;8.4
69;2021-04-27;6516;5330;377709;162140;20.1;8.6
69;2021-04-28;6274;4868;383983;167008;20.5;8.9
69;2021-04-29;6701;5393;390684;172401;20.8;9.2
69;2021-04-30;6933;6182;397617;178583;21.2;9.5
69;2021-05-01;3302;642;400919;179225;21.4;9.6
69;2021-05-02;1627;5885;402546;185110;21.5;9.9
69;2021-05-03;5857;8250;408403;193360;21.8;10.3
69;2021-05-04;7608;8167;416011;201527;22.2;10.7
69;2021-05-05;11213;5650;427224;207177;22.8;11.0
69;2021-05-06;12475;6300;439699;213477;23.4;11.4
69;2021-05-07;11689;7164;451388;220641;24.1;11.8
69;2021-05-08;4305;1656;455693;222297;24.3;11.8
69;2021-05-09;6635;2683;462328;224980;24.6;12.0
69;2021-05-10;6940;6073;469268;231053;25.0;12.3
69;2021-05-11;9831;7044;479099;238097;25.5;12.7
69;2021-05-12;12462;6814;491561;244911;26.2;13.1
69;2021-05-13;10843;2562;502404;247473;26.8;13.2
69;2021-05-14;12593;5224;514997;252697;27.5;13.5
69;2021-05-15;9141;2595;524138;255292;27.9;13.6
69;2021-05-16;8408;1878;532546;257170;28.4;13.7
69;2021-05-17;11307;5657;543853;262827;29.0;14.0
69;2021-05-18;13228;6408;557081;269235;29.7;14.4
69;2021-05-19;13702;5899;570783;275134;30.4;14.7
69;2021-05-20;11388;6089;582171;281223;31.0;15.0
69;2021-05-21;11043;6571;593214;287794;31.6;15.3
69;2021-05-22;5580;2576;598794;290370;31.9;15.5
69;2021-05-23;4570;1547;603364;291917;32.2;15.6
69;2021-05-24;8431;1863;611795;293780;32.6;15.7
69;2021-05-25;9747;6180;621542;299960;33.1;16.0
69;2021-05-26;10287;6117;631829;306077;33.7;16.3
69;2021-05-27;10439;6793;642268;312870;34.2;16.7
69;2021-05-28;11622;8751;653890;321621;34.9;17.1
69;2021-05-29;7393;6046;661283;327667;35.2;17.5
69;2021-05-30;7385;3170;668668;330837;35.6;17.6
69;2021-05-31;10966;6382;679634;337219;36.2;18.0
69;2021-06-01;12850;7522;692484;344741;36.9;18.4
69;2021-06-02;14899;6723;707383;351464;37.7;18.7
69;2021-06-03;16647;7435;724030;358899;38.6;19.1
69;2021-06-04;16210;8565;740240;367464;39.5;19.6
69;2021-06-05;10109;3416;750349;370880;40.0;19.8
69;2021-06-06;7490;1719;757839;372599;40.4;19.9
69;2021-06-07;12825;7038;770664;379637;41.1;20.2
69;2021-06-08;16379;8285;787043;387922;42.0;20.7
69;2021-06-09;15221;7366;802264;395288;42.8;21.1
69;2021-06-10;16286;7340;818550;402628;43.6;21.5
69;2021-06-11;16655;9695;835205;412323;44.5;22.0
69;2021-06-12;8540;4190;843745;416513;45.0;22.2
69;2021-06-13;5624;2147;849369;418660;45.3;22.3
69;2021-06-14;8585;9089;857954;427749;45.7;22.8
69;2021-06-15;10946;11026;868900;438775;46.3;23.4
69;2021-06-16;11354;12330;880254;451105;46.9;24.0
69;2021-06-17;11476;13256;891730;464361;47.5;24.8
69;2021-06-18;12078;14782;903808;479143;48.2;25.5
69;2021-06-19;6835;8359;910643;487502;48.5;26.0
69;2021-06-20;5276;4769;915919;492271;48.8;26.2
69;2021-06-21;6556;12126;922475;504397;49.2;26.9
69;2021-06-22;7220;13842;929695;518239;49.6;27.6
69;2021-06-23;8361;13037;938056;531276;50.0;28.3
69;2021-06-24;9306;13744;947362;545020;50.5;29.1
69;2021-06-25;7077;16318;954439;561338;50.9;29.9
69;2021-06-26;3953;9078;958392;570416;51.1;30.4
69;2021-06-27;3293;7422;961685;577838;51.3;30.8
69;2021-06-28;4550;14891;966235;592729;51.5;31.6
69;2021-06-29;5373;15666;971608;608395;51.8;32.4
69;2021-06-30;6392;14455;978000;622850;52.1;33.2
69;2021-07-01;8588;11974;986588;634824;52.6;33.8
69;2021-07-02;10642;14132;997230;648956;53.2;34.6
69;2021-07-03;6000;7772;1003230;656728;53.5;35.0
69;2021-07-04;4150;5552;1007380;662280;53.7;35.3
69;2021-07-05;6228;13025;1013608;675305;54.0;36.0
69;2021-07-06;5563;14290;1019171;689595;54.3;36.8
69;2021-07-07;7320;13565;1026491;703160;54.7;37.5
69;2021-07-08;7564;13418;1034055;716578;55.1;38.2
69;2021-07-09;7585;16479;1041640;733057;55.5;39.1
69;2021-07-10;3122;10319;1044762;743376;55.7;39.6
69;2021-07-11;4332;5833;1049094;749209;55.9;39.9
69;2021-07-12;4208;16972;1053302;766181;56.1;40.8
69;2021-07-13;6224;20733;1059526;786914;56.5;41.9
69;2021-07-14;5056;8493;1064582;795407;56.7;42.4
69;2021-07-15;7489;22604;1072071;818011;57.1;43.6
69;2021-07-16;9841;20142;1081912;838153;57.7;44.7
69;2021-07-17;4879;12238;1086791;850391;57.9;45.3
69;2021-07-18;3414;8904;1090205;859295;58.1;45.8
69;2021-07-19;7081;16478;1097286;875773;58.5;46.7
69;2021-07-20;9409;19315;1106695;895088;59.0;47.7
69;2021-07-21;9376;17410;1116071;912498;59.5;48.6
69;2021-07-22;11420;16463;1127491;928961;60.1;49.5
69;2021-07-23;11114;17687;1138605;946648;60.7;50.5
69;2021-07-24;5696;11058;1144301;957706;61.0;51.0
69;2021-07-25;4704;6632;1149005;964338;61.2;51.4
69;2021-07-26;8899;12960;1157904;977298;61.7;52.1
69;2021-07-27;12909;12160;1170813;989458;62.4;52.7
69;2021-07-28;12077;12156;1182890;1001614;63.1;53.4
69;2021-07-29;14726;12332;1197616;1013946;63.8;54.0
69;2021-07-30;13829;12251;1211445;1026197;64.6;54.7
69;2021-07-31;8251;7241;1219696;1033438;65.0;55.1
69;2021-08-01;5028;5869;1224724;1039307;65.3;55.4
69;2021-08-02;10781;9597;1235505;1048904;65.9;55.9
69;2021-08-03;12938;8995;1248443;1057899;66.5;56.4
69;2021-08-04;12609;8155;1261052;1066054;67.2;56.8
69;2021-08-05;11166;7521;1272218;1073575;67.8;57.2
69;2021-08-06;9788;7784;1282006;1081359;68.3;57.6
69;2021-08-07;4860;4811;1286866;1086170;68.6;57.9
69;2021-08-08;4300;3557;1291166;1089727;68.8;58.1
69;2021-08-09;7213;9218;1298379;1098945;69.2;58.6
69;2021-08-10;7807;7015;1306186;1105960;69.6;59.0
69;2021-08-11;7513;8102;1313699;1114062;70.0;59.4
69;2021-08-12;6956;7331;1320655;1121393;70.4;59.8
69;2021-08-13;6251;8348;1326906;1129741;70.7;60.2
69;2021-08-14;4159;5360;1331065;1135101;71.0;60.5
69;2021-08-15;2336;2521;1333401;1137622;71.1;60.6
69;2021-08-16;4863;8880;1338264;1146502;71.3;61.1
69;2021-08-17;6126;8275;1344390;1154777;71.7;61.6
69;2021-08-18;5982;9453;1350372;1164230;72.0;62.1
69;2021-08-19;6018;9311;1356390;1173541;72.3;62.6
69;2021-08-20;5735;8816;1362125;1182357;72.6;63.0
69;2021-08-21;2692;3952;1364817;1186309;72.7;63.2
69;2021-08-22;1850;2416;1366667;1188725;72.8;63.4
69;2021-08-23;3511;12369;1370178;1201094;73.0;64.0
69;2021-08-24;4987;13600;1375165;1214694;73.3;64.7
69;2021-08-25;4292;12870;1379457;1227564;73.5;65.4
69;2021-08-26;4405;11704;1383862;1239268;73.8;66.1
69;2021-08-27;4225;14448;1388087;1253716;74.0;66.8
69;2021-08-28;1841;8615;1389928;1262331;74.1;67.3
69;2021-08-29;1286;6516;1391214;1268847;74.2;67.6
69;2021-08-30;3121;11778;1394335;1280625;74.3;68.3
69;2021-08-31;4052;10133;1398387;1290758;74.5;68.8
70;2020-12-27;0;0;0;0;0.0;0.0
70;2020-12-28;0;0;0;0;0.0;0.0
70;2020-12-29;0;0;0;0;0.0;0.0
70;2020-12-30;0;0;0;0;0.0;0.0
70;2020-12-31;0;0;0;0;0.0;0.0
70;2021-01-01;0;0;0;0;0.0;0.0
70;2021-01-02;0;0;0;0;0.0;0.0
70;2021-01-03;0;0;0;0;0.0;0.0
70;2021-01-04;0;0;0;0;0.0;0.0
70;2021-01-05;0;0;0;0;0.0;0.0
70;2021-01-06;24;0;24;0;0.0;0.0
70;2021-01-07;121;0;145;0;0.1;0.0
70;2021-01-08;22;0;167;0;0.1;0.0
70;2021-01-09;0;0;167;0;0.1;0.0
70;2021-01-10;0;0;167;0;0.1;0.0
70;2021-01-11;148;1;315;1;0.1;0.0
70;2021-01-12;201;1;516;2;0.2;0.0
70;2021-01-13;172;2;688;4;0.3;0.0
70;2021-01-14;149;6;837;10;0.4;0.0
70;2021-01-15;153;1;990;11;0.4;0.0
70;2021-01-16;65;0;1055;11;0.5;0.0
70;2021-01-17;0;0;1055;11;0.5;0.0
70;2021-01-18;394;0;1449;11;0.6;0.0
70;2021-01-19;503;2;1952;13;0.8;0.0
70;2021-01-20;494;2;2446;15;1.0;0.0
70;2021-01-21;673;2;3119;17;1.3;0.0
70;2021-01-22;458;3;3577;20;1.5;0.0
70;2021-01-23;261;2;3838;22;1.6;0.0
70;2021-01-24;4;0;3842;22;1.6;0.0
70;2021-01-25;371;1;4213;23;1.8;0.0
70;2021-01-26;335;1;4548;24;2.0;0.0
70;2021-01-27;329;10;4877;34;2.1;0.0
70;2021-01-28;365;35;5242;69;2.2;0.0
70;2021-01-29;329;52;5571;121;2.4;0.1
70;2021-01-30;228;1;5799;122;2.5;0.1
70;2021-01-31;0;0;5799;122;2.5;0.1
70;2021-02-01;260;52;6059;174;2.6;0.1
70;2021-02-02;272;98;6331;272;2.7;0.1
70;2021-02-03;251;59;6582;331;2.8;0.1
70;2021-02-04;264;124;6846;455;2.9;0.2
70;2021-02-05;254;75;7100;530;3.0;0.2
70;2021-02-06;209;38;7309;568;3.1;0.2
70;2021-02-07;0;0;7309;568;3.1;0.2
70;2021-02-08;179;231;7488;799;3.2;0.3
70;2021-02-09;205;228;7693;1027;3.3;0.4
70;2021-02-10;196;303;7889;1330;3.4;0.6
70;2021-02-11;351;331;8240;1661;3.5;0.7
70;2021-02-12;239;492;8479;2153;3.6;0.9
70;2021-02-13;75;210;8554;2363;3.7;1.0
70;2021-02-14;0;29;8554;2392;3.7;1.0
70;2021-02-15;70;339;8624;2731;3.7;1.2
70;2021-02-16;113;360;8737;3091;3.7;1.3
70;2021-02-17;167;304;8904;3395;3.8;1.5
70;2021-02-18;205;258;9109;3653;3.9;1.6
70;2021-02-19;197;206;9306;3859;4.0;1.7
70;2021-02-20;192;69;9498;3928;4.1;1.7
70;2021-02-21;1;0;9499;3928;4.1;1.7
70;2021-02-22;106;237;9605;4165;4.1;1.8
70;2021-02-23;125;261;9730;4426;4.2;1.9
70;2021-02-24;131;233;9861;4659;4.2;2.0
70;2021-02-25;315;257;10176;4916;4.4;2.1
70;2021-02-26;395;150;10571;5066;4.5;2.2
70;2021-02-27;147;202;10718;5268;4.6;2.3
70;2021-02-28;0;0;10718;5268;4.6;2.3
70;2021-03-01;249;242;10967;5510;4.7;2.4
70;2021-03-02;487;276;11454;5786;4.9;2.5
70;2021-03-03;467;259;11921;6045;5.1;2.6
70;2021-03-04;693;271;12614;6316;5.4;2.7
70;2021-03-05;767;261;13381;6577;5.7;2.8
70;2021-03-06;540;116;13921;6693;6.0;2.9
70;2021-03-07;216;23;14137;6716;6.1;2.9
70;2021-03-08;554;211;14691;6927;6.3;3.0
70;2021-03-09;866;176;15557;7103;6.7;3.0
70;2021-03-10;659;178;16216;7281;7.0;3.1
70;2021-03-11;698;256;16914;7537;7.3;3.2
70;2021-03-12;985;179;17899;7716;7.7;3.3
70;2021-03-13;582;122;18481;7838;7.9;3.4
70;2021-03-14;20;1;18501;7839;7.9;3.4
70;2021-03-15;774;111;19275;7950;8.3;3.4
70;2021-03-16;655;99;19930;8049;8.5;3.5
70;2021-03-17;595;183;20525;8232;8.8;3.5
70;2021-03-18;633;141;21158;8373;9.1;3.6
70;2021-03-19;1019;143;22177;8516;9.5;3.7
70;2021-03-20;641;186;22818;8702;9.8;3.7
70;2021-03-21;9;0;22827;8702;9.8;3.7
70;2021-03-22;757;98;23584;8800;10.1;3.8
70;2021-03-23;1309;159;24893;8959;10.7;3.8
70;2021-03-24;1270;109;26163;9068;11.2;3.9
70;2021-03-25;1246;199;27409;9267;11.8;4.0
70;2021-03-26;1487;298;28896;9565;12.4;4.1
70;2021-03-27;957;129;29853;9694;12.8;4.2
70;2021-03-28;0;10;29853;9704;12.8;4.2
70;2021-03-29;720;414;30573;10118;13.1;4.3
70;2021-03-30;1093;316;31666;10434;13.6;4.5
70;2021-03-31;878;318;32544;10752;14.0;4.6
70;2021-04-01;1154;427;33698;11179;14.5;4.8
70;2021-04-02;1310;347;35008;11526;15.0;4.9
70;2021-04-03;639;322;35647;11848;15.3;5.1
70;2021-04-04;11;0;35658;11848;15.3;5.1
70;2021-04-05;4;2;35662;11850;15.3;5.1
70;2021-04-06;832;556;36494;12406;15.6;5.3
70;2021-04-07;858;589;37352;12995;16.0;5.6
70;2021-04-08;1320;563;38672;13558;16.6;5.8
70;2021-04-09;1403;536;40075;14094;17.2;6.0
70;2021-04-10;859;347;40934;14441;17.6;6.2
70;2021-04-11;23;1;40957;14442;17.6;6.2
70;2021-04-12;696;662;41653;15104;17.9;6.5
70;2021-04-13;921;770;42574;15874;18.3;6.8
70;2021-04-14;815;577;43389;16451;18.6;7.1
70;2021-04-15;1079;605;44468;17056;19.1;7.3
70;2021-04-16;1243;554;45711;17610;19.6;7.6
70;2021-04-17;689;468;46400;18078;19.9;7.8
70;2021-04-18;62;4;46462;18082;19.9;7.8
70;2021-04-19;540;807;47002;18889;20.2;8.1
70;2021-04-20;664;852;47666;19741;20.4;8.5
70;2021-04-21;483;930;48149;20671;20.6;8.9
70;2021-04-22;775;799;48924;21470;21.0;9.2
70;2021-04-23;875;743;49799;22213;21.4;9.5
70;2021-04-24;432;642;50231;22855;21.5;9.8
70;2021-04-25;11;0;50242;22855;21.5;9.8
70;2021-04-26;925;603;51167;23458;21.9;10.1
70;2021-04-27;1209;753;52376;24211;22.5;10.4
70;2021-04-28;889;811;53265;25022;22.8;10.7
70;2021-04-29;1343;930;54608;25952;23.4;11.1
70;2021-04-30;1533;876;56141;26828;24.1;11.5
70;2021-05-01;1694;120;57835;26948;24.8;11.6
70;2021-05-02;2;0;57837;26948;24.8;11.6
70;2021-05-03;1189;580;59026;27528;25.3;11.8
70;2021-05-04;1354;755;60380;28283;25.9;12.1
70;2021-05-05;1190;878;61570;29161;26.4;12.5
70;2021-05-06;1846;1269;63416;30430;27.2;13.0
70;2021-05-07;2127;1246;65543;31676;28.1;13.6
70;2021-05-08;1341;192;66884;31868;28.7;13.7
70;2021-05-09;9;58;66893;31926;28.7;13.7
70;2021-05-10;960;947;67853;32873;29.1;14.1
70;2021-05-11;1240;1076;69093;33949;29.6;14.6
70;2021-05-12;1176;867;70269;34816;30.1;14.9
70;2021-05-13;1544;148;71813;34964;30.8;15.0
70;2021-05-14;2062;758;73875;35722;31.7;15.3
70;2021-05-15;2657;532;76532;36254;32.8;15.5
70;2021-05-16;999;72;77531;36326;33.2;15.6
70;2021-05-17;1238;386;78769;36712;33.8;15.7
70;2021-05-18;1296;591;80065;37303;34.3;16.0
70;2021-05-19;1476;480;81541;37783;35.0;16.2
70;2021-05-20;1780;633;83321;38416;35.7;16.5
70;2021-05-21;1693;823;85014;39239;36.5;16.8
70;2021-05-22;1221;665;86235;39904;37.0;17.1
70;2021-05-23;8;14;86243;39918;37.0;17.1
70;2021-05-24;227;26;86470;39944;37.1;17.1
70;2021-05-25;837;926;87307;40870;37.4;17.5
70;2021-05-26;1048;948;88355;41818;37.9;17.9
70;2021-05-27;1263;997;89618;42815;38.4;18.4
70;2021-05-28;1546;1161;91164;43976;39.1;18.9
70;2021-05-29;1371;588;92535;44564;39.7;19.1
70;2021-05-30;1;8;92536;44572;39.7;19.1
70;2021-05-31;969;679;93505;45251;40.1;19.4
70;2021-06-01;1213;847;94718;46098;40.6;19.8
70;2021-06-02;1265;680;95983;46778;41.2;20.1
70;2021-06-03;1430;839;97413;47617;41.8;20.4
70;2021-06-04;1335;1111;98748;48728;42.3;20.9
70;2021-06-05;1024;664;99772;49392;42.8;21.2
70;2021-06-06;599;79;100371;49471;43.0;21.2
70;2021-06-07;941;850;101312;50321;43.4;21.6
70;2021-06-08;1216;1185;102528;51506;44.0;22.1
70;2021-06-09;1156;988;103684;52494;44.5;22.5
70;2021-06-10;1569;831;105253;53325;45.1;22.9
70;2021-06-11;1587;1956;106840;55281;45.8;23.7
70;2021-06-12;829;1972;107669;57253;46.2;24.6
70;2021-06-13;143;15;107812;57268;46.2;24.6
70;2021-06-14;558;1245;108370;58513;46.5;25.1
70;2021-06-15;451;1506;108821;60019;46.7;25.7
70;2021-06-16;800;1393;109621;61412;47.0;26.3
70;2021-06-17;1150;2097;110771;63509;47.5;27.2
70;2021-06-18;997;2255;111768;65764;47.9;28.2
70;2021-06-19;1091;1640;112859;67404;48.4;28.9
70;2021-06-20;1;3;112860;67407;48.4;28.9
70;2021-06-21;693;1453;113553;68860;48.7;29.5
70;2021-06-22;654;1511;114207;70371;49.0;30.2
70;2021-06-23;662;1570;114869;71941;49.3;30.9
70;2021-06-24;877;2050;115746;73991;49.6;31.7
70;2021-06-25;682;2646;116428;76637;49.9;32.9
70;2021-06-26;943;2136;117371;78773;50.3;33.8
70;2021-06-27;141;762;117512;79535;50.4;34.1
70;2021-06-28;336;1351;117848;80886;50.5;34.7
70;2021-06-29;411;1611;118259;82497;50.7;35.4
70;2021-06-30;390;1635;118649;84132;50.9;36.1
70;2021-07-01;640;1752;119289;85884;51.2;36.8
70;2021-07-02;815;1578;120104;87462;51.5;37.5
70;2021-07-03;841;1082;120945;88544;51.9;38.0
70;2021-07-04;29;70;120974;88614;51.9;38.0
70;2021-07-05;610;1037;121584;89651;52.1;38.4
70;2021-07-06;681;1275;122265;90926;52.4;39.0
70;2021-07-07;508;1424;122773;92350;52.6;39.6
70;2021-07-08;816;1573;123589;93923;53.0;40.3
70;2021-07-09;871;1663;124460;95586;53.4;41.0
70;2021-07-10;831;1032;125291;96618;53.7;41.4
70;2021-07-11;7;20;125298;96638;53.7;41.4
70;2021-07-12;431;1391;125729;98029;53.9;42.0
70;2021-07-13;906;1868;126635;99897;54.3;42.8
70;2021-07-14;33;6;126668;99903;54.3;42.8
70;2021-07-15;1383;1695;128051;101598;54.9;43.6
70;2021-07-16;1627;2065;129678;103663;55.6;44.5
70;2021-07-17;1501;1454;131179;105117;56.3;45.1
70;2021-07-18;1145;640;132324;105757;56.7;45.4
70;2021-07-19;883;974;133207;106731;57.1;45.8
70;2021-07-20;1350;1352;134557;108083;57.7;46.3
70;2021-07-21;1288;1404;135845;109487;58.3;47.0
70;2021-07-22;1869;1823;137714;111310;59.1;47.7
70;2021-07-23;1829;2493;139543;113803;59.8;48.8
70;2021-07-24;1364;1805;140907;115608;60.4;49.6
70;2021-07-25;27;3;140934;115611;60.4;49.6
70;2021-07-26;1055;975;141989;116586;60.9;50.0
70;2021-07-27;1404;974;143393;117560;61.5;50.4
70;2021-07-28;1404;1162;144797;118722;62.1;50.9
70;2021-07-29;1873;1387;146670;120109;62.9;51.5
70;2021-07-30;1972;1346;148642;121455;63.7;52.1
70;2021-07-31;1750;1163;150392;122618;64.5;52.6
70;2021-08-01;2;4;150394;122622;64.5;52.6
70;2021-08-02;775;738;151169;123360;64.8;52.9
70;2021-08-03;1295;1039;152464;124399;65.4;53.3
70;2021-08-04;1211;918;153675;125317;65.9;53.7
70;2021-08-05;1659;1189;155334;126506;66.6;54.2
70;2021-08-06;1795;1331;157129;127837;67.4;54.8
70;2021-08-07;1190;1030;158319;128867;67.9;55.3
70;2021-08-08;35;28;158354;128895;67.9;55.3
70;2021-08-09;527;704;158881;129599;68.1;55.6
70;2021-08-10;896;1133;159777;130732;68.5;56.1
70;2021-08-11;806;723;160583;131455;68.9;56.4
70;2021-08-12;902;1274;161485;132729;69.2;56.9
70;2021-08-13;1039;1624;162524;134353;69.7;57.6
70;2021-08-14;770;973;163294;135326;70.0;58.0
70;2021-08-15;36;28;163330;135354;70.0;58.0
70;2021-08-16;544;907;163874;136261;70.3;58.4
70;2021-08-17;675;1196;164549;137457;70.6;58.9
70;2021-08-18;536;939;165085;138396;70.8;59.3
70;2021-08-19;565;1386;165650;139782;71.0;59.9
70;2021-08-20;511;1900;166161;141682;71.3;60.8
70;2021-08-21;446;1158;166607;142840;71.4;61.3
70;2021-08-22;2;6;166609;142846;71.4;61.3
70;2021-08-23;280;879;166889;143725;71.6;61.6
70;2021-08-24;387;1374;167276;145099;71.7;62.2
70;2021-08-25;353;1341;167629;146440;71.9;62.8
70;2021-08-26;435;1560;168064;148000;72.1;63.5
70;2021-08-27;384;2126;168448;150126;72.2;64.4
70;2021-08-28;362;1704;168810;151830;72.4;65.1
70;2021-08-29;11;6;168821;151836;72.4;65.1
70;2021-08-30;296;834;169117;152670;72.5;65.5
70;2021-08-31;356;1120;169473;153790;72.7;65.9
71;2020-12-27;0;0;0;0;0.0;0.0
71;2020-12-28;0;0;0;0;0.0;0.0
71;2020-12-29;0;0;0;0;0.0;0.0
71;2020-12-30;0;0;0;0;0.0;0.0
71;2020-12-31;0;0;0;0;0.0;0.0
71;2021-01-01;1;0;1;0;0.0;0.0
71;2021-01-02;0;0;1;0;0.0;0.0
71;2021-01-03;1;0;2;0;0.0;0.0
71;2021-01-04;1;0;3;0;0.0;0.0
71;2021-01-05;12;0;15;0;0.0;0.0
71;2021-01-06;72;0;87;0;0.0;0.0
71;2021-01-07;67;0;154;0;0.0;0.0
71;2021-01-08;146;0;300;0;0.1;0.0
71;2021-01-09;117;0;417;0;0.1;0.0
71;2021-01-10;1;0;418;0;0.1;0.0
71;2021-01-11;245;1;663;1;0.1;0.0
71;2021-01-12;846;1;1509;2;0.3;0.0
71;2021-01-13;563;2;2072;4;0.4;0.0
71;2021-01-14;581;10;2653;14;0.5;0.0
71;2021-01-15;666;2;3319;16;0.6;0.0
71;2021-01-16;9;0;3328;16;0.6;0.0
71;2021-01-17;0;0;3328;16;0.6;0.0
71;2021-01-18;1094;8;4422;24;0.8;0.0
71;2021-01-19;1695;7;6117;31;1.1;0.0
71;2021-01-20;1515;6;7632;37;1.4;0.0
71;2021-01-21;2058;17;9690;54;1.8;0.0
71;2021-01-22;1413;6;11103;60;2.0;0.0
71;2021-01-23;815;6;11918;66;2.2;0.0
71;2021-01-24;0;0;11918;66;2.2;0.0
71;2021-01-25;1065;6;12983;72;2.4;0.0
71;2021-01-26;1505;25;14488;97;2.6;0.0
71;2021-01-27;1248;34;15736;131;2.9;0.0
71;2021-01-28;1082;95;16818;226;3.1;0.0
71;2021-01-29;1014;143;17832;369;3.3;0.1
71;2021-01-30;605;2;18437;371;3.4;0.1
71;2021-01-31;1;15;18438;386;3.4;0.1
71;2021-02-01;751;236;19189;622;3.5;0.1
71;2021-02-02;754;356;19943;978;3.6;0.2
71;2021-02-03;817;421;20760;1399;3.8;0.3
71;2021-02-04;780;565;21540;1964;3.9;0.4
71;2021-02-05;705;521;22245;2485;4.1;0.5
71;2021-02-06;535;9;22780;2494;4.2;0.5
71;2021-02-07;4;50;22784;2544;4.2;0.5
71;2021-02-08;603;690;23387;3234;4.3;0.6
71;2021-02-09;369;1002;23756;4236;4.3;0.8
71;2021-02-10;412;982;24168;5218;4.4;1.0
71;2021-02-11;472;1165;24640;6383;4.5;1.2
71;2021-02-12;535;1031;25175;7414;4.6;1.4
71;2021-02-13;124;491;25299;7905;4.6;1.4
71;2021-02-14;2;7;25301;7912;4.6;1.4
71;2021-02-15;323;896;25624;8808;4.7;1.6
71;2021-02-16;442;1337;26066;10145;4.8;1.9
71;2021-02-17;427;1112;26493;11257;4.8;2.1
71;2021-02-18;548;930;27041;12187;4.9;2.2
71;2021-02-19;573;841;27614;13028;5.0;2.4
71;2021-02-20;224;371;27838;13399;5.1;2.4
71;2021-02-21;4;13;27842;13412;5.1;2.4
71;2021-02-22;237;867;28079;14279;5.1;2.6
71;2021-02-23;452;921;28531;15200;5.2;2.8
71;2021-02-24;445;713;28976;15913;5.3;2.9
71;2021-02-25;533;722;29509;16635;5.4;3.0
71;2021-02-26;830;534;30339;17169;5.5;3.1
71;2021-02-27;457;335;30796;17504;5.6;3.2
71;2021-02-28;54;14;30850;17518;5.6;3.2
71;2021-03-01;1187;675;32037;18193;5.8;3.3
71;2021-03-02;1574;646;33611;18839;6.1;3.4
71;2021-03-03;1820;770;35431;19609;6.5;3.6
71;2021-03-04;2003;816;37434;20425;6.8;3.7
71;2021-03-05;2289;695;39723;21120;7.3;3.9
71;2021-03-06;754;65;40477;21185;7.4;3.9
71;2021-03-07;40;21;40517;21206;7.4;3.9
71;2021-03-08;1452;783;41969;21989;7.7;4.0
71;2021-03-09;2160;534;44129;22523;8.1;4.1
71;2021-03-10;2173;472;46302;22995;8.5;4.2
71;2021-03-11;2629;673;48931;23668;8.9;4.3
71;2021-03-12;2606;628;51537;24296;9.4;4.4
71;2021-03-13;995;101;52532;24397;9.6;4.5
71;2021-03-14;36;0;52568;24397;9.6;4.5
71;2021-03-15;1798;498;54366;24895;9.9;4.5
71;2021-03-16;1821;201;56187;25096;10.3;4.6
71;2021-03-17;2134;251;58321;25347;10.6;4.6
71;2021-03-18;1953;437;60274;25784;11.0;4.7
71;2021-03-19;2370;335;62644;26119;11.4;4.8
71;2021-03-20;1084;40;63728;26159;11.6;4.8
71;2021-03-21;17;5;63745;26164;11.6;4.8
71;2021-03-22;2576;382;66321;26546;12.1;4.8
71;2021-03-23;3346;507;69667;27053;12.7;4.9
71;2021-03-24;3350;467;73017;27520;13.3;5.0
71;2021-03-25;4028;589;77045;28109;14.1;5.1
71;2021-03-26;4058;340;81103;28449;14.8;5.2
71;2021-03-27;997;106;82100;28555;15.0;5.2
71;2021-03-28;57;8;82157;28563;15.0;5.2
71;2021-03-29;2409;1172;84566;29735;15.4;5.4
71;2021-03-30;2952;1362;87518;31097;16.0;5.7
71;2021-03-31;2549;1528;90067;32625;16.4;6.0
71;2021-04-01;2717;1298;92784;33923;16.9;6.2
71;2021-04-02;2503;1420;95287;35343;17.4;6.5
71;2021-04-03;268;34;95555;35377;17.4;6.5
71;2021-04-04;6;0;95561;35377;17.4;6.5
71;2021-04-05;61;0;95622;35377;17.5;6.5
71;2021-04-06;2259;1879;97881;37256;17.9;6.8
71;2021-04-07;2390;1793;100271;39049;18.3;7.1
71;2021-04-08;3283;1805;103554;40854;18.9;7.5
71;2021-04-09;4042;1671;107596;42525;19.6;7.8
71;2021-04-10;769;47;108365;42572;19.8;7.8
71;2021-04-11;100;4;108465;42576;19.8;7.8
71;2021-04-12;2355;1702;110820;44278;20.2;8.1
71;2021-04-13;2584;1888;113404;46166;20.7;8.4
71;2021-04-14;2374;1925;115778;48091;21.1;8.8
71;2021-04-15;2778;1690;118556;49781;21.6;9.1
71;2021-04-16;2628;1648;121184;51429;22.1;9.4
71;2021-04-17;952;344;122136;51773;22.3;9.5
71;2021-04-18;106;6;122242;51779;22.3;9.5
71;2021-04-19;1759;2572;124001;54351;22.6;9.9
71;2021-04-20;2222;2600;126223;56951;23.0;10.4
71;2021-04-21;2124;2591;128347;59542;23.4;10.9
71;2021-04-22;2511;2446;130858;61988;23.9;11.3
71;2021-04-23;2923;2269;133781;64257;24.4;11.7
71;2021-04-24;517;53;134298;64310;24.5;11.7
71;2021-04-25;26;0;134324;64310;24.5;11.7
71;2021-04-26;2568;2139;136892;66449;25.0;12.1
71;2021-04-27;2990;2269;139882;68718;25.5;12.5
71;2021-04-28;3074;2130;142956;70848;26.1;12.9
71;2021-04-29;3780;2235;146736;73083;26.8;13.3
71;2021-04-30;3928;1729;150664;74812;27.5;13.7
71;2021-05-01;39;53;150703;74865;27.5;13.7
71;2021-05-02;23;18;150726;74883;27.5;13.7
71;2021-05-03;4289;1385;155015;76268;28.3;13.9
71;2021-05-04;2956;2359;157971;78627;28.8;14.4
71;2021-05-05;3427;2092;161398;80719;29.5;14.7
71;2021-05-06;3466;2371;164864;83090;30.1;15.2
71;2021-05-07;3678;2813;168542;85903;30.8;15.7
71;2021-05-08;180;183;168722;86086;30.8;15.7
71;2021-05-09;44;47;168766;86133;30.8;15.7
71;2021-05-10;3700;2289;172466;88422;31.5;16.1
71;2021-05-11;4664;2361;177130;90783;32.3;16.6
71;2021-05-12;3976;2604;181106;93387;33.1;17.0
71;2021-05-13;1576;155;182682;93542;33.3;17.1
71;2021-05-14;3765;2196;186447;95738;34.0;17.5
71;2021-05-15;242;329;186689;96067;34.1;17.5
71;2021-05-16;2;0;186691;96067;34.1;17.5
71;2021-05-17;3864;1889;190555;97956;34.8;17.9
71;2021-05-18;3496;2428;194051;100384;35.4;18.3
71;2021-05-19;3720;2281;197771;102665;36.1;18.7
71;2021-05-20;4183;2302;201954;104967;36.9;19.2
71;2021-05-21;3724;2577;205678;107544;37.5;19.6
71;2021-05-22;168;306;205846;107850;37.6;19.7
71;2021-05-23;14;55;205860;107905;37.6;19.7
71;2021-05-24;19;96;205879;108001;37.6;19.7
71;2021-05-25;2690;3007;208569;111008;38.1;20.3
71;2021-05-26;2973;2432;211542;113440;38.6;20.7
71;2021-05-27;3387;2590;214929;116030;39.2;21.2
71;2021-05-28;2920;3164;217849;119194;39.8;21.8
71;2021-05-29;482;661;218331;119855;39.9;21.9
71;2021-05-30;75;57;218406;119912;39.9;21.9
71;2021-05-31;2776;3460;221182;123372;40.4;22.5
71;2021-06-01;3674;3545;224856;126917;41.0;23.2
71;2021-06-02;3998;2636;228854;129553;41.8;23.6
71;2021-06-03;4436;2528;233290;132081;42.6;24.1
71;2021-06-04;3717;3714;237007;135795;43.3;24.8
71;2021-06-05;683;646;237690;136441;43.4;24.9
71;2021-06-06;57;91;237747;136532;43.4;24.9
71;2021-06-07;3283;4154;241030;140686;44.0;25.7
71;2021-06-08;3899;4014;244929;144700;44.7;26.4
71;2021-06-09;4694;2753;249623;147453;45.6;26.9
71;2021-06-10;5268;2747;254891;150200;46.5;27.4
71;2021-06-11;4435;3724;259326;153924;47.3;28.1
71;2021-06-12;716;596;260042;154520;47.5;28.2
71;2021-06-13;104;187;260146;154707;47.5;28.2
71;2021-06-14;3512;3786;263658;158493;48.1;28.9
71;2021-06-15;4207;3558;267865;162051;48.9;29.6
71;2021-06-16;4596;2730;272461;164781;49.7;30.1
71;2021-06-17;4269;3001;276730;167782;50.5;30.6
71;2021-06-18;4325;3772;281055;171554;51.3;31.3
71;2021-06-19;1269;655;282324;172209;51.5;31.4
71;2021-06-20;37;27;282361;172236;51.5;31.4
71;2021-06-21;2270;4283;284631;176519;52.0;32.2
71;2021-06-22;2687;4355;287318;180874;52.4;33.0
71;2021-06-23;3061;3421;290379;184295;53.0;33.6
71;2021-06-24;3328;3023;293707;187318;53.6;34.2
71;2021-06-25;2654;4472;296361;191790;54.1;35.0
71;2021-06-26;372;551;296733;192341;54.2;35.1
71;2021-06-27;29;68;296762;192409;54.2;35.1
71;2021-06-28;1535;4623;298297;197032;54.5;36.0
71;2021-06-29;1992;4824;300289;201856;54.8;36.8
71;2021-06-30;2505;3938;302794;205794;55.3;37.6
71;2021-07-01;2826;3907;305620;209701;55.8;38.3
71;2021-07-02;3031;3985;308651;213686;56.3;39.0
71;2021-07-03;318;711;308969;214397;56.4;39.1
71;2021-07-04;28;132;308997;214529;56.4;39.2
71;2021-07-05;2478;4321;311475;218850;56.9;39.9
71;2021-07-06;2462;4565;313937;223415;57.3;40.8
71;2021-07-07;2984;3724;316921;227139;57.9;41.5
71;2021-07-08;2768;4112;319689;231251;58.4;42.2
71;2021-07-09;2381;5023;322070;236274;58.8;43.1
71;2021-07-10;212;656;322282;236930;58.8;43.2
71;2021-07-11;15;65;322297;236995;58.8;43.3
71;2021-07-12;1913;5309;324210;242304;59.2;44.2
71;2021-07-13;2541;5864;326751;248168;59.6;45.3
71;2021-07-14;950;400;327701;248568;59.8;45.4
71;2021-07-15;3021;5738;330722;254306;60.4;46.4
71;2021-07-16;3296;6010;334018;260316;61.0;47.5
71;2021-07-17;505;781;334523;261097;61.1;47.7
71;2021-07-18;89;93;334612;261190;61.1;47.7
71;2021-07-19;2864;5560;337476;266750;61.6;48.7
71;2021-07-20;3368;5916;340844;272666;62.2;49.8
71;2021-07-21;3411;5470;344255;278136;62.8;50.8
71;2021-07-22;3945;5336;348200;283472;63.6;51.7
71;2021-07-23;3235;6001;351435;289473;64.2;52.8
71;2021-07-24;713;596;352148;290069;64.3;52.9
71;2021-07-25;148;82;352296;290151;64.3;53.0
71;2021-07-26;3591;4893;355887;295044;65.0;53.9
71;2021-07-27;4089;5124;359976;300168;65.7;54.8
71;2021-07-28;4248;4818;364224;304986;66.5;55.7
71;2021-07-29;4209;4642;368433;309628;67.3;56.5
71;2021-07-30;4240;4924;372673;314552;68.0;57.4
71;2021-07-31;722;725;373395;315277;68.2;57.6
71;2021-08-01;104;35;373499;315312;68.2;57.6
71;2021-08-02;3967;3761;377466;319073;68.9;58.2
71;2021-08-03;4404;3819;381870;322892;69.7;58.9
71;2021-08-04;4380;2988;386250;325880;70.5;59.5
71;2021-08-05;4175;3264;390425;329144;71.3;60.1
71;2021-08-06;3685;4009;394110;333153;71.9;60.8
71;2021-08-07;494;329;394604;333482;72.0;60.9
71;2021-08-08;51;65;394655;333547;72.0;60.9
71;2021-08-09;3047;3420;397702;336967;72.6;61.5
71;2021-08-10;3065;3390;400767;340357;73.2;62.1
71;2021-08-11;3173;3077;403940;343434;73.7;62.7
71;2021-08-12;2997;3104;406937;346538;74.3;63.3
71;2021-08-13;2641;3334;409578;349872;74.8;63.9
71;2021-08-14;279;521;409857;350393;74.8;64.0
71;2021-08-15;49;109;409906;350502;74.8;64.0
71;2021-08-16;1702;3528;411608;354030;75.1;64.6
71;2021-08-17;1733;3436;413341;357466;75.5;65.3
71;2021-08-18;1447;3168;414788;360634;75.7;65.8
71;2021-08-19;1266;3116;416054;363750;75.9;66.4
71;2021-08-20;1279;3698;417333;367448;76.2;67.1
71;2021-08-21;145;413;417478;367861;76.2;67.1
71;2021-08-22;40;99;417518;367960;76.2;67.2
71;2021-08-23;1422;4542;418940;372502;76.5;68.0
71;2021-08-24;1325;3796;420265;376298;76.7;68.7
71;2021-08-25;947;3770;421212;380068;76.9;69.4
71;2021-08-26;955;3391;422167;383459;77.1;70.0
71;2021-08-27;1147;4460;423314;387919;77.3;70.8
71;2021-08-28;193;413;423507;388332;77.3;70.9
71;2021-08-29;28;106;423535;388438;77.3;70.9
71;2021-08-30;1248;3936;424783;392374;77.5;71.6
71;2021-08-31;1003;3611;425786;395985;77.7;72.3
72;2020-12-27;0;0;0;0;0.0;0.0
72;2020-12-28;0;0;0;0;0.0;0.0
72;2020-12-29;0;0;0;0;0.0;0.0
72;2020-12-30;0;0;0;0;0.0;0.0
72;2020-12-31;0;0;0;0;0.0;0.0
72;2021-01-01;2;0;2;0;0.0;0.0
72;2021-01-02;0;0;2;0;0.0;0.0
72;2021-01-03;0;0;2;0;0.0;0.0
72;2021-01-04;0;0;2;0;0.0;0.0
72;2021-01-05;14;0;16;0;0.0;0.0
72;2021-01-06;27;0;43;0;0.0;0.0
72;2021-01-07;110;0;153;0;0.0;0.0
72;2021-01-08;232;0;385;0;0.1;0.0
72;2021-01-09;36;0;421;0;0.1;0.0
72;2021-01-10;0;0;421;0;0.1;0.0
72;2021-01-11;485;1;906;1;0.2;0.0
72;2021-01-12;615;1;1521;2;0.3;0.0
72;2021-01-13;500;1;2021;3;0.4;0.0
72;2021-01-14;644;3;2665;6;0.5;0.0
72;2021-01-15;478;1;3143;7;0.6;0.0
72;2021-01-16;94;0;3237;7;0.6;0.0
72;2021-01-17;0;0;3237;7;0.6;0.0
72;2021-01-18;293;0;3530;7;0.6;0.0
72;2021-01-19;777;3;4307;10;0.8;0.0
72;2021-01-20;1538;6;5845;16;1.0;0.0
72;2021-01-21;1776;5;7621;21;1.4;0.0
72;2021-01-22;1149;6;8770;27;1.6;0.0
72;2021-01-23;32;0;8802;27;1.6;0.0
72;2021-01-24;0;0;8802;27;1.6;0.0
72;2021-01-25;503;7;9305;34;1.7;0.0
72;2021-01-26;1164;21;10469;55;1.9;0.0
72;2021-01-27;882;20;11351;75;2.0;0.0
72;2021-01-28;777;68;12128;143;2.2;0.0
72;2021-01-29;712;67;12840;210;2.3;0.0
72;2021-01-30;58;0;12898;210;2.3;0.0
72;2021-01-31;1;0;12899;210;2.3;0.0
72;2021-02-01;499;228;13398;438;2.4;0.1
72;2021-02-02;507;293;13905;731;2.5;0.1
72;2021-02-03;487;229;14392;960;2.6;0.2
72;2021-02-04;476;341;14868;1301;2.7;0.2
72;2021-02-05;514;407;15382;1708;2.7;0.3
72;2021-02-06;83;13;15465;1721;2.8;0.3
72;2021-02-07;19;3;15484;1724;2.8;0.3
72;2021-02-08;310;395;15794;2119;2.8;0.4
72;2021-02-09;489;526;16283;2645;2.9;0.5
72;2021-02-10;567;925;16850;3570;3.0;0.6
72;2021-02-11;861;1339;17711;4909;3.2;0.9
72;2021-02-12;851;589;18562;5498;3.3;1.0
72;2021-02-13;108;38;18670;5536;3.3;1.0
72;2021-02-14;1;22;18671;5558;3.3;1.0
72;2021-02-15;220;484;18891;6042;3.4;1.1
72;2021-02-16;502;1022;19393;7064;3.5;1.3
72;2021-02-17;463;709;19856;7773;3.5;1.4
72;2021-02-18;594;634;20450;8407;3.7;1.5
72;2021-02-19;521;594;20971;9001;3.7;1.6
72;2021-02-20;79;57;21050;9058;3.8;1.6
72;2021-02-21;0;0;21050;9058;3.8;1.6
72;2021-02-22;328;571;21378;9629;3.8;1.7
72;2021-02-23;569;518;21947;10147;3.9;1.8
72;2021-02-24;435;470;22382;10617;4.0;1.9
72;2021-02-25;922;562;23304;11179;4.2;2.0
72;2021-02-26;600;504;23904;11683;4.3;2.1
72;2021-02-27;322;66;24226;11749;4.3;2.1
72;2021-02-28;15;17;24241;11766;4.3;2.1
72;2021-03-01;378;476;24619;12242;4.4;2.2
72;2021-03-02;503;603;25122;12845;4.5;2.3
72;2021-03-03;732;652;25854;13497;4.6;2.4
72;2021-03-04;741;786;26595;14283;4.7;2.5
72;2021-03-05;935;768;27530;15051;4.9;2.7
72;2021-03-06;761;135;28291;15186;5.0;2.7
72;2021-03-07;448;26;28739;15212;5.1;2.7
72;2021-03-08;560;446;29299;15658;5.2;2.8
72;2021-03-09;1046;644;30345;16302;5.4;2.9
72;2021-03-10;1137;658;31482;16960;5.6;3.0
72;2021-03-11;1611;494;33093;17454;5.9;3.1
72;2021-03-12;1364;519;34457;17973;6.2;3.2
72;2021-03-13;983;119;35440;18092;6.3;3.2
72;2021-03-14;14;10;35454;18102;6.3;3.2
72;2021-03-15;1159;224;36613;18326;6.5;3.3
72;2021-03-16;1052;188;37665;18514;6.7;3.3
72;2021-03-17;1035;263;38700;18777;6.9;3.4
72;2021-03-18;1087;368;39787;19145;7.1;3.4
72;2021-03-19;1275;292;41062;19437;7.3;3.5
72;2021-03-20;487;91;41549;19528;7.4;3.5
72;2021-03-21;19;0;41568;19528;7.4;3.5
72;2021-03-22;1347;341;42915;19869;7.7;3.5
72;2021-03-23;1725;480;44640;20349;8.0;3.6
72;2021-03-24;1840;301;46480;20650;8.3;3.7
72;2021-03-25;2445;465;48925;21115;8.7;3.8
72;2021-03-26;2336;373;51261;21488;9.2;3.8
72;2021-03-27;614;31;51875;21519;9.3;3.8
72;2021-03-28;22;0;51897;21519;9.3;3.8
72;2021-03-29;1616;382;53513;21901;9.6;3.9
72;2021-03-30;2496;387;56009;22288;10.0;4.0
72;2021-03-31;2142;366;58151;22654;10.4;4.0
72;2021-04-01;2852;350;61003;23004;10.9;4.1
72;2021-04-02;2249;402;63252;23406;11.3;4.2
72;2021-04-03;292;39;63544;23445;11.3;4.2
72;2021-04-04;14;3;63558;23448;11.3;4.2
72;2021-04-05;51;49;63609;23497;11.4;4.2
72;2021-04-06;1759;469;65368;23966;11.7;4.3
72;2021-04-07;2575;598;67943;24564;12.1;4.4
72;2021-04-08;2724;781;70667;25345;12.6;4.5
72;2021-04-09;3863;584;74530;25929;13.3;4.6
72;2021-04-10;1111;49;75641;25978;13.5;4.6
72;2021-04-11;8;1;75649;25979;13.5;4.6
72;2021-04-12;1849;901;77498;26880;13.8;4.8
72;2021-04-13;2372;1076;79870;27956;14.3;5.0
72;2021-04-14;2250;1096;82120;29052;14.7;5.2
72;2021-04-15;2422;1115;84542;30167;15.1;5.4
72;2021-04-16;2562;962;87104;31129;15.5;5.6
72;2021-04-17;707;144;87811;31273;15.7;5.6
72;2021-04-18;57;2;87868;31275;15.7;5.6
72;2021-04-19;1396;1093;89264;32368;15.9;5.8
72;2021-04-20;2997;1303;92261;33671;16.5;6.0
72;2021-04-21;2517;1564;94778;35235;16.9;6.3
72;2021-04-22;2815;1794;97593;37029;17.4;6.6
72;2021-04-23;3212;1453;100805;38482;18.0;6.9
72;2021-04-24;1400;268;102205;38750;18.2;6.9
72;2021-04-25;881;18;103086;38768;18.4;6.9
72;2021-04-26;3514;1480;106600;40248;19.0;7.2
72;2021-04-27;4091;1860;110691;42108;19.8;7.5
72;2021-04-28;3834;1871;114525;43979;20.4;7.9
72;2021-04-29;4160;1812;118685;45791;21.2;8.2
72;2021-04-30;3615;1712;122300;47503;21.8;8.5
72;2021-05-01;1642;226;123942;47729;22.1;8.5
72;2021-05-02;1533;161;125475;47890;22.4;8.5
72;2021-05-03;3456;1153;128931;49043;23.0;8.8
72;2021-05-04;4012;1801;132943;50844;23.7;9.1
72;2021-05-05;3868;2179;136811;53023;24.4;9.5
72;2021-05-06;3597;1946;140408;54969;25.1;9.8
72;2021-05-07;3544;2147;143952;57116;25.7;10.2
72;2021-05-08;1899;154;145851;57270;26.0;10.2
72;2021-05-09;2082;212;147933;57482;26.4;10.3
72;2021-05-10;3770;1523;151703;59005;27.1;10.5
72;2021-05-11;4598;1994;156301;60999;27.9;10.9
72;2021-05-12;4081;1821;160382;62820;28.6;11.2
72;2021-05-13;3031;272;163413;63092;29.2;11.3
72;2021-05-14;3663;1393;167076;64485;29.8;11.5
72;2021-05-15;3121;366;170197;64851;30.4;11.6
72;2021-05-16;2502;153;172699;65004;30.8;11.6
72;2021-05-17;3724;1286;176423;66290;31.5;11.8
72;2021-05-18;4331;1687;180754;67977;32.3;12.1
72;2021-05-19;3977;1510;184731;69487;33.0;12.4
72;2021-05-20;4262;1452;188993;70939;33.7;12.7
72;2021-05-21;3789;1389;192782;72328;34.4;12.9
72;2021-05-22;2561;506;195343;72834;34.9;13.0
72;2021-05-23;1391;164;196734;72998;35.1;13.0
72;2021-05-24;2353;295;199087;73293;35.5;13.1
72;2021-05-25;4075;1411;203162;74704;36.3;13.3
72;2021-05-26;4096;1415;207258;76119;37.0;13.6
72;2021-05-27;4346;2048;211604;78167;37.8;14.0
72;2021-05-28;4106;2018;215710;80185;38.5;14.3
72;2021-05-29;2668;810;218378;80995;39.0;14.5
72;2021-05-30;1142;870;219520;81865;39.2;14.6
72;2021-05-31;3121;2329;222641;84194;39.7;15.0
72;2021-06-01;3568;2669;226209;86863;40.4;15.5
72;2021-06-02;3613;2784;229822;89647;41.0;16.0
72;2021-06-03;4242;2997;234064;92644;41.8;16.5
72;2021-06-04;3892;2752;237956;95396;42.5;17.0
72;2021-06-05;1440;2568;239396;97964;42.7;17.5
72;2021-06-06;908;1541;240304;99505;42.9;17.8
72;2021-06-07;1746;3422;242050;102927;43.2;18.4
72;2021-06-08;2929;3833;244979;106760;43.7;19.1
72;2021-06-09;2648;3369;247627;110129;44.2;19.7
72;2021-06-10;2825;3316;250452;113445;44.7;20.2
72;2021-06-11;2841;3772;253293;117217;45.2;20.9
72;2021-06-12;1244;2600;254537;119817;45.4;21.4
72;2021-06-13;388;1860;254925;121677;45.5;21.7
72;2021-06-14;1336;4128;256261;125805;45.7;22.5
72;2021-06-15;2755;3512;259016;129317;46.2;23.1
72;2021-06-16;2428;3577;261444;132894;46.7;23.7
72;2021-06-17;2320;3875;263764;136769;47.1;24.4
72;2021-06-18;2308;4312;266072;141081;47.5;25.2
72;2021-06-19;1127;2764;267199;143845;47.7;25.7
72;2021-06-20;339;2057;267538;145902;47.8;26.0
72;2021-06-21;1564;4032;269102;149934;48.0;26.8
72;2021-06-22;1712;4992;270814;154926;48.3;27.7
72;2021-06-23;2006;4220;272820;159146;48.7;28.4
72;2021-06-24;2233;4013;275053;163159;49.1;29.1
72;2021-06-25;1774;4837;276827;167996;49.4;30.0
72;2021-06-26;1190;2879;278017;170875;49.6;30.5
72;2021-06-27;392;2111;278409;172986;49.7;30.9
72;2021-06-28;1440;4293;279849;177279;50.0;31.6
72;2021-06-29;1769;4743;281618;182022;50.3;32.5
72;2021-06-30;1980;4168;283598;186190;50.6;33.2
72;2021-07-01;1950;4415;285548;190605;51.0;34.0
72;2021-07-02;1852;4715;287400;195320;51.3;34.9
72;2021-07-03;1293;3123;288693;198443;51.5;35.4
72;2021-07-04;584;1949;289277;200392;51.6;35.8
72;2021-07-05;1192;4165;290469;204557;51.8;36.5
72;2021-07-06;1462;5163;291931;209720;52.1;37.4
72;2021-07-07;1582;4611;293513;214331;52.4;38.3
72;2021-07-08;1646;4326;295159;218657;52.7;39.0
72;2021-07-09;2107;4607;297266;223264;53.1;39.9
72;2021-07-10;1595;2690;298861;225954;53.3;40.3
72;2021-07-11;949;1587;299810;227541;53.5;40.6
72;2021-07-12;1592;3758;301402;231299;53.8;41.3
72;2021-07-13;2088;4774;303490;236073;54.2;42.1
72;2021-07-14;1327;2366;304817;238439;54.4;42.6
72;2021-07-15;3488;3424;308305;241863;55.0;43.2
72;2021-07-16;3173;4125;311478;245988;55.6;43.9
72;2021-07-17;2645;1759;314123;247747;56.1;44.2
72;2021-07-18;1710;822;315833;248569;56.4;44.4
72;2021-07-19;2919;3506;318752;252075;56.9;45.0
72;2021-07-20;3038;4285;321790;256360;57.4;45.8
72;2021-07-21;2881;3590;324671;259950;58.0;46.4
72;2021-07-22;3768;2917;328439;262867;58.6;46.9
72;2021-07-23;3476;3790;331915;266657;59.2;47.6
72;2021-07-24;2819;1460;334734;268117;59.7;47.9
72;2021-07-25;1451;1079;336185;269196;60.0;48.1
72;2021-07-26;2724;2917;338909;272113;60.5;48.6
72;2021-07-27;3856;3819;342765;275932;61.2;49.3
72;2021-07-28;3567;3120;346332;279052;61.8;49.8
72;2021-07-29;3565;2711;349897;281763;62.5;50.3
72;2021-07-30;3781;3382;353678;285145;63.1;50.9
72;2021-07-31;2548;1744;356226;286889;63.6;51.2
72;2021-08-01;1828;432;358054;287321;63.9;51.3
72;2021-08-02;3211;2286;361265;289607;64.5;51.7
72;2021-08-03;3230;3300;364495;292907;65.1;52.3
72;2021-08-04;3762;2552;368257;295459;65.7;52.7
72;2021-08-05;3765;2459;372022;297918;66.4;53.2
72;2021-08-06;3336;2693;375358;300611;67.0;53.7
72;2021-08-07;2346;1613;377704;302224;67.4;53.9
72;2021-08-08;1619;696;379323;302920;67.7;54.1
72;2021-08-09;2693;2669;382016;305589;68.2;54.5
72;2021-08-10;2916;2744;384932;308333;68.7;55.0
72;2021-08-11;2362;2203;387294;310536;69.1;55.4
72;2021-08-12;2370;2597;389664;313133;69.6;55.9
72;2021-08-13;2136;2287;391800;315420;69.9;56.3
72;2021-08-14;1158;1547;392958;316967;70.1;56.6
72;2021-08-15;622;613;393580;317580;70.3;56.7
72;2021-08-16;1651;2376;395231;319956;70.5;57.1
72;2021-08-17;1710;2888;396941;322844;70.9;57.6
72;2021-08-18;1706;2874;398647;325718;71.2;58.1
72;2021-08-19;1245;2915;399892;328633;71.4;58.7
72;2021-08-20;1649;3170;401541;331803;71.7;59.2
72;2021-08-21;697;2030;402238;333833;71.8;59.6
72;2021-08-22;256;1150;402494;334983;71.8;59.8
72;2021-08-23;1735;3420;404229;338403;72.2;60.4
72;2021-08-24;1523;4126;405752;342529;72.4;61.1
72;2021-08-25;1593;3447;407345;345976;72.7;61.8
72;2021-08-26;1263;4443;408608;350419;72.9;62.5
72;2021-08-27;1185;4106;409793;354525;73.1;63.3
72;2021-08-28;873;2649;410666;357174;73.3;63.8
72;2021-08-29;355;1683;411021;358857;73.4;64.1
72;2021-08-30;1131;3461;412152;362318;73.6;64.7
72;2021-08-31;1210;4007;413362;366325;73.8;65.4
73;2020-12-27;0;0;0;0;0.0;0.0
73;2020-12-28;1;0;1;0;0.0;0.0
73;2020-12-29;0;0;1;0;0.0;0.0
73;2020-12-30;0;0;1;0;0.0;0.0
73;2020-12-31;0;0;1;0;0.0;0.0
73;2021-01-01;0;0;1;0;0.0;0.0
73;2021-01-02;0;0;1;0;0.0;0.0
73;2021-01-03;0;0;1;0;0.0;0.0
73;2021-01-04;1;0;2;0;0.0;0.0
73;2021-01-05;0;0;2;0;0.0;0.0
73;2021-01-06;1;0;3;0;0.0;0.0
73;2021-01-07;30;0;33;0;0.0;0.0
73;2021-01-08;81;0;114;0;0.0;0.0
73;2021-01-09;0;0;114;0;0.0;0.0
73;2021-01-10;0;0;114;0;0.0;0.0
73;2021-01-11;100;0;214;0;0.0;0.0
73;2021-01-12;303;1;517;1;0.1;0.0
73;2021-01-13;360;1;877;2;0.2;0.0
73;2021-01-14;514;2;1391;4;0.3;0.0
73;2021-01-15;617;1;2008;5;0.5;0.0
73;2021-01-16;128;0;2136;5;0.5;0.0
73;2021-01-17;0;0;2136;5;0.5;0.0
73;2021-01-18;624;0;2760;5;0.6;0.0
73;2021-01-19;1240;2;4000;7;0.9;0.0
73;2021-01-20;951;2;4951;9;1.1;0.0
73;2021-01-21;983;4;5934;13;1.4;0.0
73;2021-01-22;947;0;6881;13;1.6;0.0
73;2021-01-23;387;0;7268;13;1.7;0.0
73;2021-01-24;0;0;7268;13;1.7;0.0
73;2021-01-25;656;6;7924;19;1.8;0.0
73;2021-01-26;761;2;8685;21;2.0;0.0
73;2021-01-27;1105;5;9790;26;2.3;0.0
73;2021-01-28;961;5;10751;31;2.5;0.0
73;2021-01-29;683;5;11434;36;2.6;0.0
73;2021-01-30;345;3;11779;39;2.7;0.0
73;2021-01-31;0;0;11779;39;2.7;0.0
73;2021-02-01;607;41;12386;80;2.9;0.0
73;2021-02-02;752;334;13138;414;3.0;0.1
73;2021-02-03;650;351;13788;765;3.2;0.2
73;2021-02-04;625;234;14413;999;3.3;0.2
73;2021-02-05;680;407;15093;1406;3.5;0.3
73;2021-02-06;261;38;15354;1444;3.5;0.3
73;2021-02-07;1;0;15355;1444;3.5;0.3
73;2021-02-08;523;252;15878;1696;3.7;0.4
73;2021-02-09;793;451;16671;2147;3.9;0.5
73;2021-02-10;899;394;17570;2541;4.1;0.6
73;2021-02-11;960;713;18530;3254;4.3;0.8
73;2021-02-12;810;507;19340;3761;4.5;0.9
73;2021-02-13;263;59;19603;3820;4.5;0.9
73;2021-02-14;1;0;19604;3820;4.5;0.9
73;2021-02-15;347;527;19951;4347;4.6;1.0
73;2021-02-16;453;760;20404;5107;4.7;1.2
73;2021-02-17;451;965;20855;6072;4.8;1.4
73;2021-02-18;469;555;21324;6627;4.9;1.5
73;2021-02-19;445;636;21769;7263;5.0;1.7
73;2021-02-20;69;246;21838;7509;5.0;1.7
73;2021-02-21;0;0;21838;7509;5.0;1.7
73;2021-02-22;240;443;22078;7952;5.1;1.8
73;2021-02-23;327;520;22405;8472;5.2;2.0
73;2021-02-24;487;747;22892;9219;5.3;2.1
73;2021-02-25;503;511;23395;9730;5.4;2.2
73;2021-02-26;730;568;24125;10298;5.6;2.4
73;2021-02-27;330;235;24455;10533;5.7;2.4
73;2021-02-28;1;1;24456;10534;5.7;2.4
73;2021-03-01;557;508;25013;11042;5.8;2.6
73;2021-03-02;668;901;25681;11943;5.9;2.8
73;2021-03-03;642;1192;26323;13135;6.1;3.0
73;2021-03-04;1039;899;27362;14034;6.3;3.2
73;2021-03-05;1240;609;28602;14643;6.6;3.4
73;2021-03-06;1091;335;29693;14978;6.9;3.5
73;2021-03-07;455;93;30148;15071;7.0;3.5
73;2021-03-08;606;426;30754;15497;7.1;3.6
73;2021-03-09;982;536;31736;16033;7.3;3.7
73;2021-03-10;1035;871;32771;16904;7.6;3.9
73;2021-03-11;1556;656;34327;17560;7.9;4.1
73;2021-03-12;2017;534;36344;18094;8.4;4.2
73;2021-03-13;1179;205;37523;18299;8.7;4.2
73;2021-03-14;66;3;37589;18302;8.7;4.2
73;2021-03-15;1185;398;38774;18700;9.0;4.3
73;2021-03-16;796;400;39570;19100;9.1;4.4
73;2021-03-17;877;480;40447;19580;9.4;4.5
73;2021-03-18;1351;257;41798;19837;9.7;4.6
73;2021-03-19;1765;396;43563;20233;10.1;4.7
73;2021-03-20;886;128;44449;20361;10.3;4.7
73;2021-03-21;123;2;44572;20363;10.3;4.7
73;2021-03-22;1183;395;45755;20758;10.6;4.8
73;2021-03-23;1447;237;47202;20995;10.9;4.9
73;2021-03-24;1593;345;48795;21340;11.3;4.9
73;2021-03-25;2062;383;50857;21723;11.8;5.0
73;2021-03-26;2472;364;53329;22087;12.3;5.1
73;2021-03-27;885;145;54214;22232;12.5;5.1
73;2021-03-28;312;14;54526;22246;12.6;5.1
73;2021-03-29;1508;238;56034;22484;13.0;5.2
73;2021-03-30;2088;485;58122;22969;13.4;5.3
73;2021-03-31;2089;403;60211;23372;13.9;5.4
73;2021-04-01;2086;332;62297;23704;14.4;5.5
73;2021-04-02;2362;228;64659;23932;14.9;5.5
73;2021-04-03;848;147;65507;24079;15.1;5.6
73;2021-04-04;188;18;65695;24097;15.2;5.6
73;2021-04-05;212;26;65907;24123;15.2;5.6
73;2021-04-06;1509;508;67416;24631;15.6;5.7
73;2021-04-07;1947;651;69363;25282;16.0;5.8
73;2021-04-08;2491;822;71854;26104;16.6;6.0
73;2021-04-09;3060;523;74914;26627;17.3;6.2
73;2021-04-10;1135;318;76049;26945;17.6;6.2
73;2021-04-11;163;10;76212;26955;17.6;6.2
73;2021-04-12;1694;977;77906;27932;18.0;6.5
73;2021-04-13;1892;1129;79798;29061;18.4;6.7
73;2021-04-14;2018;1091;81816;30152;18.9;7.0
73;2021-04-15;2416;1189;84232;31341;19.5;7.2
73;2021-04-16;1894;930;86126;32271;19.9;7.5
73;2021-04-17;1176;557;87302;32828;20.2;7.6
73;2021-04-18;155;76;87457;32904;20.2;7.6
73;2021-04-19;1382;1060;88839;33964;20.5;7.9
73;2021-04-20;1790;1323;90629;35287;21.0;8.2
73;2021-04-21;1573;1301;92202;36588;21.3;8.5
73;2021-04-22;1813;1225;94015;37813;21.7;8.7
73;2021-04-23;1896;1253;95911;39066;22.2;9.0
73;2021-04-24;980;673;96891;39739;22.4;9.2
73;2021-04-25;79;97;96970;39836;22.4;9.2
73;2021-04-26;1164;1320;98134;41156;22.7;9.5
73;2021-04-27;1441;1471;99575;42627;23.0;9.9
73;2021-04-28;1732;1460;101307;44087;23.4;10.2
73;2021-04-29;2413;1564;103720;45651;24.0;10.6
73;2021-04-30;2396;1441;106116;47092;24.5;10.9
73;2021-05-01;1068;309;107184;47401;24.8;11.0
73;2021-05-02;34;165;107218;47566;24.8;11.0
73;2021-05-03;1392;1594;108610;49160;25.1;11.4
73;2021-05-04;1711;1830;110321;50990;25.5;11.8
73;2021-05-05;1975;1687;112296;52677;26.0;12.2
73;2021-05-06;2430;1699;114726;54376;26.5;12.6
73;2021-05-07;2261;1848;116987;56224;27.0;13.0
73;2021-05-08;1836;377;118823;56601;27.5;13.1
73;2021-05-09;127;125;118950;56726;27.5;13.1
73;2021-05-10;1608;1893;120558;58619;27.9;13.6
73;2021-05-11;2379;2368;122937;60987;28.4;14.1
73;2021-05-12;3555;2095;126492;63082;29.2;14.6
73;2021-05-13;1554;276;128046;63358;29.6;14.6
73;2021-05-14;1588;1494;129634;64852;30.0;15.0
73;2021-05-15;1448;944;131082;65796;30.3;15.2
73;2021-05-16;131;62;131213;65858;30.3;15.2
73;2021-05-17;1710;1952;132923;67810;30.7;15.7
73;2021-05-18;2495;1735;135418;69545;31.3;16.1
73;2021-05-19;2539;1624;137957;71169;31.9;16.5
73;2021-05-20;3161;1503;141118;72672;32.6;16.8
73;2021-05-21;2473;1850;143591;74522;33.2;17.2
73;2021-05-22;1989;922;145580;75444;33.7;17.4
73;2021-05-23;212;14;145792;75458;33.7;17.4
73;2021-05-24;2565;327;148357;75785;34.3;17.5
73;2021-05-25;2138;1741;150495;77526;34.8;17.9
73;2021-05-26;2342;2001;152837;79527;35.3;18.4
73;2021-05-27;3082;1714;155919;81241;36.0;18.8
73;2021-05-28;2919;2375;158838;83616;36.7;19.3
73;2021-05-29;2316;1320;161154;84936;37.3;19.6
73;2021-05-30;187;14;161341;84950;37.3;19.6
73;2021-05-31;2410;1629;163751;86579;37.9;20.0
73;2021-06-01;3178;1791;166929;88370;38.6;20.4
73;2021-06-02;3106;1454;170035;89824;39.3;20.8
73;2021-06-03;4424;1743;174459;91567;40.3;21.2
73;2021-06-04;4277;2183;178736;93750;41.3;21.7
73;2021-06-05;3159;1281;181895;95031;42.1;22.0
73;2021-06-06;1882;298;183777;95329;42.5;22.0
73;2021-06-07;2758;2146;186535;97475;43.1;22.5
73;2021-06-08;2685;1873;189220;99348;43.7;23.0
73;2021-06-09;2365;1790;191585;101138;44.3;23.4
73;2021-06-10;2005;1647;193590;102785;44.8;23.8
73;2021-06-11;2191;2442;195781;105227;45.3;24.3
73;2021-06-12;2246;1332;198027;106559;45.8;24.6
73;2021-06-13;44;82;198071;106641;45.8;24.7
73;2021-06-14;1347;2930;199418;109571;46.1;25.3
73;2021-06-15;1592;2755;201010;112326;46.5;26.0
73;2021-06-16;1467;2568;202477;114894;46.8;26.6
73;2021-06-17;945;1728;203422;116622;47.0;27.0
73;2021-06-18;1883;2932;205305;119554;47.5;27.6
73;2021-06-19;1422;1986;206727;121540;47.8;28.1
73;2021-06-20;448;306;207175;121846;47.9;28.2
73;2021-06-21;1110;2938;208285;124784;48.2;28.8
73;2021-06-22;1093;2871;209378;127655;48.4;29.5
73;2021-06-23;1085;3136;210463;130791;48.7;30.2
73;2021-06-24;883;1795;211346;132586;48.9;30.7
73;2021-06-25;1325;2798;212671;135384;49.2;31.3
73;2021-06-26;967;2396;213638;137780;49.4;31.9
73;2021-06-27;328;549;213966;138329;49.5;32.0
73;2021-06-28;970;3557;214936;141886;49.7;32.8
73;2021-06-29;1075;3339;216011;145225;49.9;33.6
73;2021-06-30;1239;3120;217250;148345;50.2;34.3
73;2021-07-01;1137;2365;218387;150710;50.5;34.8
73;2021-07-02;1206;3618;219593;154328;50.8;35.7
73;2021-07-03;961;2794;220554;157122;51.0;36.3
73;2021-07-04;301;619;220855;157741;51.1;36.5
73;2021-07-05;1156;3683;222011;161424;51.3;37.3
73;2021-07-06;1251;2949;223262;164373;51.6;38.0
73;2021-07-07;1444;2951;224706;167324;51.9;38.7
73;2021-07-08;1369;2300;226075;169624;52.3;39.2
73;2021-07-09;1430;4026;227505;173650;52.6;40.1
73;2021-07-10;890;3011;228395;176661;52.8;40.8
73;2021-07-11;561;1469;228956;178130;52.9;41.2
73;2021-07-12;1060;4197;230016;182327;53.2;42.2
73;2021-07-13;1729;4227;231745;186554;53.6;43.1
73;2021-07-14;1844;1919;233589;188473;54.0;43.6
73;2021-07-15;2747;3793;236336;192266;54.6;44.4
73;2021-07-16;2416;4017;238752;196283;55.2;45.4
73;2021-07-17;1515;2606;240267;198889;55.5;46.0
73;2021-07-18;1176;1217;241443;200106;55.8;46.3
73;2021-07-19;2450;3246;243893;203352;56.4;47.0
73;2021-07-20;3368;2858;247261;206210;57.2;47.7
73;2021-07-21;3382;2789;250643;208999;57.9;48.3
73;2021-07-22;2731;2213;253374;211212;58.6;48.8
73;2021-07-23;3414;2901;256788;214113;59.4;49.5
73;2021-07-24;2058;2278;258846;216391;59.8;50.0
73;2021-07-25;624;795;259470;217186;60.0;50.2
73;2021-07-26;2633;2492;262103;219678;60.6;50.8
73;2021-07-27;3813;2274;265916;221952;61.5;51.3
73;2021-07-28;3534;2093;269450;224045;62.3;51.8
73;2021-07-29;3980;2152;273430;226197;63.2;52.3
73;2021-07-30;3561;2472;276991;228669;64.0;52.9
73;2021-07-31;2476;1591;279467;230260;64.6;53.2
73;2021-08-01;832;620;280299;230880;64.8;53.4
73;2021-08-02;3089;2101;283388;232981;65.5;53.9
73;2021-08-03;3485;1998;286873;234979;66.3;54.3
73;2021-08-04;3296;2022;290169;237001;67.1;54.8
73;2021-08-05;2868;2230;293037;239231;67.7;55.3
73;2021-08-06;2507;2380;295544;241611;68.3;55.9
73;2021-08-07;1398;1484;296942;243095;68.6;56.2
73;2021-08-08;426;620;297368;243715;68.7;56.3
73;2021-08-09;1774;2390;299142;246105;69.2;56.9
73;2021-08-10;1868;2491;301010;248596;69.6;57.5
73;2021-08-11;1795;2535;302805;251131;70.0;58.1
73;2021-08-12;1665;2502;304470;253633;70.4;58.6
73;2021-08-13;1445;2843;305915;256476;70.7;59.3
73;2021-08-14;981;1531;306896;258007;71.0;59.6
73;2021-08-15;92;160;306988;258167;71.0;59.7
73;2021-08-16;933;1395;307921;259562;71.2;60.0
73;2021-08-17;951;1961;308872;261523;71.4;60.5
73;2021-08-18;936;2835;309808;264358;71.6;61.1
73;2021-08-19;953;3051;310761;267409;71.8;61.8
73;2021-08-20;785;3143;311546;270552;72.0;62.5
73;2021-08-21;412;1835;311958;272387;72.1;63.0
73;2021-08-22;268;935;312226;273322;72.2;63.2
73;2021-08-23;650;2966;312876;276288;72.3;63.9
73;2021-08-24;891;3155;313767;279443;72.5;64.6
73;2021-08-25;709;2902;314476;282345;72.7;65.3
73;2021-08-26;681;2420;315157;284765;72.9;65.8
73;2021-08-27;787;2746;315944;287511;73.0;66.5
73;2021-08-28;456;1742;316400;289253;73.1;66.9
73;2021-08-29;300;1012;316700;290265;73.2;67.1
73;2021-08-30;814;2584;317514;292849;73.4;67.7
73;2021-08-31;804;2384;318318;295233;73.6;68.3
74;2020-12-27;6;0;6;0;0.0;0.0
74;2020-12-28;2;0;8;0;0.0;0.0
74;2020-12-29;0;0;8;0;0.0;0.0
74;2020-12-30;0;0;8;0;0.0;0.0
74;2020-12-31;0;0;8;0;0.0;0.0
74;2021-01-01;0;0;8;0;0.0;0.0
74;2021-01-02;1;1;9;1;0.0;0.0
74;2021-01-03;0;0;9;1;0.0;0.0
74;2021-01-04;1;0;10;1;0.0;0.0
74;2021-01-05;2;0;12;1;0.0;0.0
74;2021-01-06;44;0;56;1;0.0;0.0
74;2021-01-07;219;1;275;2;0.0;0.0
74;2021-01-08;291;2;566;4;0.1;0.0
74;2021-01-09;78;0;644;4;0.1;0.0
74;2021-01-10;74;0;718;4;0.1;0.0
74;2021-01-11;375;0;1093;4;0.1;0.0
74;2021-01-12;405;3;1498;7;0.2;0.0
74;2021-01-13;396;0;1894;7;0.2;0.0
74;2021-01-14;477;1;2371;8;0.3;0.0
74;2021-01-15;644;4;3015;12;0.4;0.0
74;2021-01-16;252;1;3267;13;0.4;0.0
74;2021-01-17;131;1;3398;14;0.4;0.0
74;2021-01-18;522;0;3920;14;0.5;0.0
74;2021-01-19;808;2;4728;16;0.6;0.0
74;2021-01-20;1277;4;6005;20;0.7;0.0
74;2021-01-21;1567;2;7572;22;0.9;0.0
74;2021-01-22;1242;6;8814;28;1.1;0.0
74;2021-01-23;344;1;9158;29;1.1;0.0
74;2021-01-24;90;0;9248;29;1.1;0.0
74;2021-01-25;800;2;10048;31;1.2;0.0
74;2021-01-26;1362;14;11410;45;1.4;0.0
74;2021-01-27;1081;11;12491;56;1.5;0.0
74;2021-01-28;999;29;13490;85;1.6;0.0
74;2021-01-29;879;41;14369;126;1.7;0.0
74;2021-01-30;305;1;14674;127;1.8;0.0
74;2021-01-31;84;1;14758;128;1.8;0.0
74;2021-02-01;630;44;15388;172;1.9;0.0
74;2021-02-02;645;153;16033;325;1.9;0.0
74;2021-02-03;604;120;16637;445;2.0;0.1
74;2021-02-04;613;134;17250;579;2.1;0.1
74;2021-02-05;548;222;17798;801;2.1;0.1
74;2021-02-06;272;132;18070;933;2.2;0.1
74;2021-02-07;94;119;18164;1052;2.2;0.1
74;2021-02-08;618;344;18782;1396;2.3;0.2
74;2021-02-09;537;524;19319;1920;2.3;0.2
74;2021-02-10;688;513;20007;2433;2.4;0.3
74;2021-02-11;1068;1012;21075;3445;2.5;0.4
74;2021-02-12;911;614;21986;4059;2.7;0.5
74;2021-02-13;405;238;22391;4297;2.7;0.5
74;2021-02-14;316;111;22707;4408;2.7;0.5
74;2021-02-15;275;828;22982;5236;2.8;0.6
74;2021-02-16;487;1040;23469;6276;2.8;0.8
74;2021-02-17;530;1089;23999;7365;2.9;0.9
74;2021-02-18;470;981;24469;8346;3.0;1.0
74;2021-02-19;617;652;25086;8998;3.0;1.1
74;2021-02-20;114;185;25200;9183;3.0;1.1
74;2021-02-21;47;61;25247;9244;3.0;1.1
74;2021-02-22;319;774;25566;10018;3.1;1.2
74;2021-02-23;303;812;25869;10830;3.1;1.3
74;2021-02-24;240;670;26109;11500;3.2;1.4
74;2021-02-25;521;744;26630;12244;3.2;1.5
74;2021-02-26;973;693;27603;12937;3.3;1.6
74;2021-02-27;254;180;27857;13117;3.4;1.6
74;2021-02-28;125;71;27982;13188;3.4;1.6
74;2021-03-01;721;631;28703;13819;3.5;1.7
74;2021-03-02;1092;688;29795;14507;3.6;1.8
74;2021-03-03;1017;635;30812;15142;3.7;1.8
74;2021-03-04;1611;1017;32423;16159;3.9;2.0
74;2021-03-05;2089;895;34512;17054;4.2;2.1
74;2021-03-06;1759;325;36271;17379;4.4;2.1
74;2021-03-07;1386;108;37657;17487;4.5;2.1
74;2021-03-08;1197;956;38854;18443;4.7;2.2
74;2021-03-09;1951;669;40805;19112;4.9;2.3
74;2021-03-10;1747;911;42552;20023;5.1;2.4
74;2021-03-11;2446;728;44998;20751;5.4;2.5
74;2021-03-12;3243;1025;48241;21776;5.8;2.6
74;2021-03-13;2000;281;50241;22057;6.1;2.7
74;2021-03-14;608;103;50849;22160;6.1;2.7
74;2021-03-15;2127;562;52976;22722;6.4;2.7
74;2021-03-16;1959;414;54935;23136;6.6;2.8
74;2021-03-17;1973;321;56908;23457;6.9;2.8
74;2021-03-18;2135;289;59043;23746;7.1;2.9
74;2021-03-19;2633;297;61676;24043;7.4;2.9
74;2021-03-20;1374;102;63050;24145;7.6;2.9
74;2021-03-21;289;32;63339;24177;7.6;2.9
74;2021-03-22;2053;330;65392;24507;7.9;3.0
74;2021-03-23;2720;337;68112;24844;8.2;3.0
74;2021-03-24;2945;304;71057;25148;8.6;3.0
74;2021-03-25;3871;307;74928;25455;9.0;3.1
74;2021-03-26;4093;384;79021;25839;9.5;3.1
74;2021-03-27;1941;262;80962;26101;9.8;3.2
74;2021-03-28;437;78;81399;26179;9.8;3.2
74;2021-03-29;3032;717;84431;26896;10.2;3.2
74;2021-03-30;3542;775;87973;27671;10.6;3.3
74;2021-03-31;3143;733;91116;28404;11.0;3.4
74;2021-04-01;4236;900;95352;29304;11.5;3.5
74;2021-04-02;3703;789;99055;30093;12.0;3.6
74;2021-04-03;1699;542;100754;30635;12.2;3.7
74;2021-04-04;236;122;100990;30757;12.2;3.7
74;2021-04-05;432;16;101422;30773;12.2;3.7
74;2021-04-06;2625;1215;104047;31988;12.6;3.9
74;2021-04-07;3193;1253;107240;33241;12.9;4.0
74;2021-04-08;3864;1186;111104;34427;13.4;4.2
74;2021-04-09;4105;1179;115209;35606;13.9;4.3
74;2021-04-10;1946;1036;117155;36642;14.1;4.4
74;2021-04-11;254;184;117409;36826;14.2;4.4
74;2021-04-12;2721;1780;120130;38606;14.5;4.7
74;2021-04-13;3124;2103;123254;40709;14.9;4.9
74;2021-04-14;2901;1977;126155;42686;15.2;5.2
74;2021-04-15;3456;1916;129611;44602;15.6;5.4
74;2021-04-16;3385;1785;132996;46387;16.1;5.6
74;2021-04-17;1936;1038;134932;47425;16.3;5.7
74;2021-04-18;218;209;135150;47634;16.3;5.8
74;2021-04-19;2098;2102;137248;49736;16.6;6.0
74;2021-04-20;3069;2428;140317;52164;16.9;6.3
74;2021-04-21;2464;2380;142781;54544;17.2;6.6
74;2021-04-22;2629;2336;145410;56880;17.6;6.9
74;2021-04-23;2567;2252;147977;59132;17.9;7.1
74;2021-04-24;1485;1543;149462;60675;18.0;7.3
74;2021-04-25;227;150;149689;60825;18.1;7.3
74;2021-04-26;2395;2465;152084;63290;18.4;7.6
74;2021-04-27;3274;2912;155358;66202;18.8;8.0
74;2021-04-28;3461;2637;158819;68839;19.2;8.3
74;2021-04-29;3911;2698;162730;71537;19.6;8.6
74;2021-04-30;4075;2227;166805;73764;20.1;8.9
74;2021-05-01;2122;389;168927;74153;20.4;9.0
74;2021-05-02;205;235;169132;74388;20.4;9.0
74;2021-05-03;2593;3021;171725;77409;20.7;9.3
74;2021-05-04;3219;3109;174944;80518;21.1;9.7
74;2021-05-05;3392;3017;178336;83535;21.5;10.1
74;2021-05-06;3859;2635;182195;86170;22.0;10.4
74;2021-05-07;3595;3554;185790;89724;22.4;10.8
74;2021-05-08;1147;825;186937;90549;22.6;10.9
74;2021-05-09;194;248;187131;90797;22.6;11.0
74;2021-05-10;3469;3146;190600;93943;23.0;11.3
74;2021-05-11;4318;3426;194918;97369;23.5;11.8
74;2021-05-12;5305;2967;200223;100336;24.2;12.1
74;2021-05-13;2362;950;202585;101286;24.5;12.2
74;2021-05-14;5953;2408;208538;103694;25.2;12.5
74;2021-05-15;4517;1853;213055;105547;25.7;12.7
74;2021-05-16;3009;334;216064;105881;26.1;12.8
74;2021-05-17;5397;2890;221461;108771;26.7;13.1
74;2021-05-18;6789;2813;228250;111584;27.6;13.5
74;2021-05-19;6234;2297;234484;113881;28.3;13.7
74;2021-05-20;6644;2557;241128;116438;29.1;14.1
74;2021-05-21;6526;2993;247654;119431;29.9;14.4
74;2021-05-22;5294;1567;252948;120998;30.5;14.6
74;2021-05-23;2052;282;255000;121280;30.8;14.6
74;2021-05-24;2363;661;257363;121941;31.1;14.7
74;2021-05-25;5070;3334;262433;125275;31.7;15.1
74;2021-05-26;5255;2567;267688;127842;32.3;15.4
74;2021-05-27;6003;2982;273691;130824;33.0;15.8
74;2021-05-28;5659;3589;279350;134413;33.7;16.2
74;2021-05-29;3799;2154;283149;136567;34.2;16.5
74;2021-05-30;488;309;283637;136876;34.2;16.5
74;2021-05-31;5070;3555;288707;140431;34.9;17.0
74;2021-06-01;4936;3730;293643;144161;35.4;17.4
74;2021-06-02;5270;3208;298913;147369;36.1;17.8
74;2021-06-03;6897;3255;305810;150624;36.9;18.2
74;2021-06-04;6913;4434;312723;155058;37.8;18.7
74;2021-06-05;4611;2707;317334;157765;38.3;19.0
74;2021-06-06;123;112;317457;157877;38.3;19.1
74;2021-06-07;5032;4150;322489;162027;38.9;19.6
74;2021-06-08;5028;3949;327517;165976;39.5;20.0
74;2021-06-09;5080;3485;332597;169461;40.1;20.5
74;2021-06-10;5126;2877;337723;172338;40.8;20.8
74;2021-06-11;5214;3814;342937;176152;41.4;21.3
74;2021-06-12;3573;2387;346510;178539;41.8;21.6
74;2021-06-13;120;89;346630;178628;41.8;21.6
74;2021-06-14;3599;4481;350229;183109;42.3;22.1
74;2021-06-15;3669;3897;353898;187006;42.7;22.6
74;2021-06-16;4828;3126;358726;190132;43.3;23.0
74;2021-06-17;3820;2956;362546;193088;43.8;23.3
74;2021-06-18;4116;4666;366662;197754;44.3;23.9
74;2021-06-19;2997;3101;369659;200855;44.6;24.2
74;2021-06-20;125;97;369784;200952;44.6;24.3
74;2021-06-21;2387;5422;372171;206374;44.9;24.9
74;2021-06-22;2492;5316;374663;211690;45.2;25.6
74;2021-06-23;2977;4621;377640;216311;45.6;26.1
74;2021-06-24;2865;4627;380505;220938;45.9;26.7
74;2021-06-25;2930;6767;383435;227705;46.3;27.5
74;2021-06-26;1709;5400;385144;233105;46.5;28.1
74;2021-06-27;65;1663;385209;234768;46.5;28.3
74;2021-06-28;1916;7220;387125;241988;46.7;29.2
74;2021-06-29;2302;7427;389427;249415;47.0;30.1
74;2021-06-30;2747;6545;392174;255960;47.3;30.9
74;2021-07-01;3441;5424;395615;261384;47.8;31.6
74;2021-07-02;3116;6640;398731;268024;48.1;32.4
74;2021-07-03;1699;5083;400430;273107;48.3;33.0
74;2021-07-04;82;1022;400512;274129;48.3;33.1
74;2021-07-05;2080;6837;402592;280966;48.6;33.9
74;2021-07-06;2803;6493;405395;287459;48.9;34.7
74;2021-07-07;3097;5450;408492;292909;49.3;35.4
74;2021-07-08;3861;4914;412353;297823;49.8;36.0
74;2021-07-09;2672;6979;415025;304802;50.1;36.8
74;2021-07-10;1626;5131;416651;309933;50.3;37.4
74;2021-07-11;76;142;416727;310075;50.3;37.4
74;2021-07-12;2094;7898;418821;317973;50.6;38.4
74;2021-07-13;3967;7588;422788;325561;51.0;39.3
74;2021-07-14;1967;2238;424755;327799;51.3;39.6
74;2021-07-15;3590;6868;428345;334667;51.7;40.4
74;2021-07-16;4243;7744;432588;342411;52.2;41.3
74;2021-07-17;3004;5330;435592;347741;52.6;42.0
74;2021-07-18;155;155;435747;347896;52.6;42.0
74;2021-07-19;4292;7352;440039;355248;53.1;42.9
74;2021-07-20;5869;6467;445908;361715;53.8;43.7
74;2021-07-21;5626;6671;451534;368386;54.5;44.5
74;2021-07-22;4774;5326;456308;373712;55.1;45.1
74;2021-07-23;6221;6985;462529;380697;55.8;46.0
74;2021-07-24;3153;4315;465682;385012;56.2;46.5
74;2021-07-25;161;171;465843;385183;56.2;46.5
74;2021-07-26;5616;6130;471459;391313;56.9;47.2
74;2021-07-27;6835;5172;478294;396485;57.7;47.9
74;2021-07-28;6533;5104;484827;401589;58.5;48.5
74;2021-07-29;5272;3927;490099;405516;59.2;49.0
74;2021-07-30;6683;5499;496782;411015;60.0;49.6
74;2021-07-31;4370;3120;501152;414135;60.5;50.0
74;2021-08-01;181;148;501333;414283;60.5;50.0
74;2021-08-02;5919;4403;507252;418686;61.2;50.5
74;2021-08-03;5926;3852;513178;422538;61.9;51.0
74;2021-08-04;6287;3503;519465;426041;62.7;51.4
74;2021-08-05;4899;3268;524364;429309;63.3;51.8
74;2021-08-06;4982;4177;529346;433486;63.9;52.3
74;2021-08-07;3198;2896;532544;436382;64.3;52.7
74;2021-08-08;152;134;532696;436516;64.3;52.7
74;2021-08-09;4911;4824;537607;441340;64.9;53.3
74;2021-08-10;4911;4674;542518;446014;65.5;53.8
74;2021-08-11;4284;4893;546802;450907;66.0;54.4
74;2021-08-12;3551;3608;550353;454515;66.4;54.9
74;2021-08-13;3625;4609;553978;459124;66.9;55.4
74;2021-08-14;2157;3342;556135;462466;67.1;55.8
74;2021-08-15;59;101;556194;462567;67.1;55.8
74;2021-08-16;3142;5861;559336;468428;67.5;56.5
74;2021-08-17;2967;5484;562303;473912;67.9;57.2
74;2021-08-18;2940;5442;565243;479354;68.2;57.9
74;2021-08-19;2317;3895;567560;483249;68.5;58.3
74;2021-08-20;2504;5685;570064;488934;68.8;59.0
74;2021-08-21;1193;4267;571257;493201;69.0;59.5
74;2021-08-22;56;136;571313;493337;69.0;59.6
74;2021-08-23;1909;6687;573222;500024;69.2;60.4
74;2021-08-24;2077;5935;575299;505959;69.4;61.1
74;2021-08-25;1883;6288;577182;512247;69.7;61.8
74;2021-08-26;1516;3779;578698;516026;69.9;62.3
74;2021-08-27;1807;5496;580505;521522;70.1;63.0
74;2021-08-28;899;4027;581404;525549;70.2;63.4
74;2021-08-29;54;183;581458;525732;70.2;63.5
74;2021-08-30;1689;5477;583147;531209;70.4;64.1
74;2021-08-31;1608;5099;584755;536308;70.6;64.7
75;2020-12-27;56;1;56;1;0.0;0.0
75;2020-12-28;55;0;111;1;0.0;0.0
75;2020-12-29;25;0;136;1;0.0;0.0
75;2020-12-30;80;0;216;1;0.0;0.0
75;2020-12-31;35;0;251;1;0.0;0.0
75;2021-01-01;53;3;304;4;0.0;0.0
75;2021-01-02;61;1;365;5;0.0;0.0
75;2021-01-03;100;1;465;6;0.0;0.0
75;2021-01-04;302;1;767;7;0.0;0.0
75;2021-01-05;875;12;1642;19;0.1;0.0
75;2021-01-06;1360;16;3002;35;0.1;0.0
75;2021-01-07;2061;18;5063;53;0.2;0.0
75;2021-01-08;2870;31;7933;84;0.4;0.0
75;2021-01-09;1096;2;9029;86;0.4;0.0
75;2021-01-10;1098;4;10127;90;0.5;0.0
75;2021-01-11;3084;47;13211;137;0.6;0.0
75;2021-01-12;3483;53;16694;190;0.8;0.0
75;2021-01-13;3561;42;20255;232;0.9;0.0
75;2021-01-14;3733;62;23988;294;1.1;0.0
75;2021-01-15;3321;46;27309;340;1.3;0.0
75;2021-01-16;1135;16;28444;356;1.3;0.0
75;2021-01-17;556;14;29000;370;1.3;0.0
75;2021-01-18;3272;73;32272;443;1.5;0.0
75;2021-01-19;3858;48;36130;491;1.7;0.0
75;2021-01-20;4414;63;40544;554;1.9;0.0
75;2021-01-21;4915;78;45459;632;2.1;0.0
75;2021-01-22;4585;80;50044;712;2.3;0.0
75;2021-01-23;1758;15;51802;727;2.4;0.0
75;2021-01-24;748;7;52550;734;2.4;0.0
75;2021-01-25;1722;27;54272;761;2.5;0.0
75;2021-01-26;2552;88;56824;849;2.6;0.0
75;2021-01-27;3154;170;59978;1019;2.8;0.0
75;2021-01-28;4773;257;64751;1276;3.0;0.1
75;2021-01-29;4053;265;68804;1541;3.2;0.1
75;2021-01-30;1354;29;70158;1570;3.3;0.1
75;2021-01-31;221;3;70379;1573;3.3;0.1
75;2021-02-01;1617;378;71996;1951;3.4;0.1
75;2021-02-02;2136;639;74132;2590;3.5;0.1
75;2021-02-03;1877;681;76009;3271;3.5;0.2
75;2021-02-04;2138;1111;78147;4382;3.6;0.2
75;2021-02-05;2214;851;80361;5233;3.7;0.2
75;2021-02-06;1107;90;81468;5323;3.8;0.2
75;2021-02-07;175;6;81643;5329;3.8;0.2
75;2021-02-08;1257;1450;82900;6779;3.9;0.3
75;2021-02-09;1784;2362;84684;9141;3.9;0.4
75;2021-02-10;2416;2378;87100;11519;4.1;0.5
75;2021-02-11;2935;6129;90035;17648;4.2;0.8
75;2021-02-12;3122;2379;93157;20027;4.3;0.9
75;2021-02-13;849;1019;94006;21046;4.4;1.0
75;2021-02-14;207;41;94213;21087;4.4;1.0
75;2021-02-15;1002;2384;95215;23471;4.4;1.1
75;2021-02-16;1450;6373;96665;29844;4.5;1.4
75;2021-02-17;1325;3156;97990;33000;4.6;1.5
75;2021-02-18;1759;5702;99749;38702;4.6;1.8
75;2021-02-19;2217;4059;101966;42761;4.7;2.0
75;2021-02-20;475;1645;102441;44406;4.8;2.1
75;2021-02-21;194;158;102635;44564;4.8;2.1
75;2021-02-22;1219;1893;103854;46457;4.8;2.2
75;2021-02-23;1447;2654;105301;49111;4.9;2.3
75;2021-02-24;1689;2287;106990;51398;5.0;2.4
75;2021-02-25;2769;5219;109759;56617;5.1;2.6
75;2021-02-26;3369;2667;113128;59284;5.3;2.8
75;2021-02-27;1399;921;114527;60205;5.3;2.8
75;2021-02-28;323;141;114850;60346;5.3;2.8
75;2021-03-01;2593;1665;117443;62011;5.5;2.9
75;2021-03-02;4172;2190;121615;64201;5.7;3.0
75;2021-03-03;5422;2339;127037;66540;5.9;3.1
75;2021-03-04;8041;2593;135078;69133;6.3;3.2
75;2021-03-05;10555;2754;145633;71887;6.8;3.3
75;2021-03-06;11073;1112;156706;72999;7.3;3.4
75;2021-03-07;9502;1527;166208;74526;7.7;3.5
75;2021-03-08;5892;1565;172100;76091;8.0;3.5
75;2021-03-09;7511;2142;179611;78233;8.4;3.6
75;2021-03-10;7496;2143;187107;80376;8.7;3.7
75;2021-03-11;10333;2548;197440;82924;9.2;3.9
75;2021-03-12;12060;2591;209500;85515;9.8;4.0
75;2021-03-13;8544;787;218044;86302;10.1;4.0
75;2021-03-14;4166;260;222210;86562;10.3;4.0
75;2021-03-15;7453;991;229663;87553;10.7;4.1
75;2021-03-16;5147;696;234810;88249;10.9;4.1
75;2021-03-17;5425;847;240235;89096;11.2;4.1
75;2021-03-18;6615;885;246850;89981;11.5;4.2
75;2021-03-19;9746;1006;256596;90987;11.9;4.2
75;2021-03-20;5937;613;262533;91600;12.2;4.3
75;2021-03-21;1589;434;264122;92034;12.3;4.3
75;2021-03-22;8642;1031;272764;93065;12.7;4.3
75;2021-03-23;10947;1273;283711;94338;13.2;4.4
75;2021-03-24;10994;1340;294705;95678;13.7;4.5
75;2021-03-25;14203;1555;308908;97233;14.4;4.5
75;2021-03-26;13965;1711;322873;98944;15.0;4.6
75;2021-03-27;7274;780;330147;99724;15.4;4.6
75;2021-03-28;1776;152;331923;99876;15.5;4.6
75;2021-03-29;7968;2210;339891;102086;15.8;4.8
75;2021-03-30;10931;3249;350822;105335;16.3;4.9
75;2021-03-31;9736;3618;360558;108953;16.8;5.1
75;2021-04-01;10681;5216;371239;114169;17.3;5.3
75;2021-04-02;9044;5589;380283;119758;17.7;5.6
75;2021-04-03;4112;4898;384395;124656;17.9;5.8
75;2021-04-04;1413;1488;385808;126144;18.0;5.9
75;2021-04-05;2243;1413;388051;127557;18.1;5.9
75;2021-04-06;6893;4306;394944;131863;18.4;6.1
75;2021-04-07;8074;4419;403018;136282;18.8;6.3
75;2021-04-08;11075;4179;414093;140461;19.3;6.5
75;2021-04-09;12197;4630;426290;145091;19.8;6.8
75;2021-04-10;5830;4270;432120;149361;20.1;7.0
75;2021-04-11;1932;1793;434052;151154;20.2;7.0
75;2021-04-12;7474;3794;441526;154948;20.6;7.2
75;2021-04-13;8561;6837;450087;161785;21.0;7.5
75;2021-04-14;8282;5224;458369;167009;21.3;7.8
75;2021-04-15;8895;6136;467264;173145;21.8;8.1
75;2021-04-16;9379;6113;476643;179258;22.2;8.3
75;2021-04-17;4817;3648;481460;182906;22.4;8.5
75;2021-04-18;1663;878;483123;183784;22.5;8.6
75;2021-04-19;5573;4950;488696;188734;22.7;8.8
75;2021-04-20;6460;5962;495156;194696;23.0;9.1
75;2021-04-21;6863;5575;502019;200271;23.4;9.3
75;2021-04-22;7540;5919;509559;206190;23.7;9.6
75;2021-04-23;8586;6382;518145;212572;24.1;9.9
75;2021-04-24;6167;3352;524312;215924;24.4;10.1
75;2021-04-25;2964;761;527276;216685;24.5;10.1
75;2021-04-26;7027;4723;534303;221408;24.9;10.3
75;2021-04-27;10589;6427;544892;227835;25.4;10.6
75;2021-04-28;12195;6027;557087;233862;25.9;10.9
75;2021-04-29;13754;6341;570841;240203;26.6;11.2
75;2021-04-30;13663;6184;584504;246387;27.2;11.5
75;2021-05-01;5074;1326;589578;247713;27.4;11.5
75;2021-05-02;2380;796;591958;248509;27.6;11.6
75;2021-05-03;10280;13492;602238;262001;28.0;12.2
75;2021-05-04;11177;8084;613415;270085;28.6;12.6
75;2021-05-05;13556;6713;626971;276798;29.2;12.9
75;2021-05-06;13997;8194;640968;284992;29.8;13.3
75;2021-05-07;13970;8590;654938;293582;30.5;13.7
75;2021-05-08;10080;5518;665018;299100;31.0;13.9
75;2021-05-09;3817;3193;668835;302293;31.1;14.1
75;2021-05-10;14295;6731;683130;309024;31.8;14.4
75;2021-05-11;16841;8422;699971;317446;32.6;14.8
75;2021-05-12;17958;8164;717929;325610;33.4;15.2
75;2021-05-13;13633;2506;731562;328116;34.1;15.3
75;2021-05-14;18386;5140;749948;333256;34.9;15.5
75;2021-05-15;12310;2651;762258;335907;35.5;15.6
75;2021-05-16;3850;762;766108;336669;35.7;15.7
75;2021-05-17;16000;4654;782108;341323;36.4;15.9
75;2021-05-18;19153;5333;801261;346656;37.3;16.1
75;2021-05-19;20719;10731;821980;357387;38.3;16.6
75;2021-05-20;21584;8675;843564;366062;39.3;17.0
75;2021-05-21;21029;6553;864593;372615;40.2;17.3
75;2021-05-22;15921;3310;880514;375925;41.0;17.5
75;2021-05-23;5633;1339;886147;377264;41.2;17.6
75;2021-05-24;15637;2562;901784;379826;42.0;17.7
75;2021-05-25;18026;9592;919810;389418;42.8;18.1
75;2021-05-26;18880;8219;938690;397637;43.7;18.5
75;2021-05-27;20142;9819;958832;407456;44.6;19.0
75;2021-05-28;19345;10870;978177;418326;45.5;19.5
75;2021-05-29;16122;5851;994299;424177;46.3;19.7
75;2021-05-30;7038;2162;1001337;426339;46.6;19.8
75;2021-05-31;18101;9462;1019438;435801;47.5;20.3
75;2021-06-01;18681;12987;1038119;448788;48.3;20.9
75;2021-06-02;18117;10310;1056236;459098;49.2;21.4
75;2021-06-03;20258;11982;1076494;471080;50.1;21.9
75;2021-06-04;18122;12867;1094616;483947;51.0;22.5
75;2021-06-05;11989;9624;1106605;493571;51.5;23.0
75;2021-06-06;6726;3157;1113331;496728;51.8;23.1
75;2021-06-07;13905;11842;1127236;508570;52.5;23.7
75;2021-06-08;14805;13983;1142041;522553;53.2;24.3
75;2021-06-09;16513;15254;1158554;537807;53.9;25.0
75;2021-06-10;18372;26326;1176926;564133;54.8;26.3
75;2021-06-11;15321;16475;1192247;580608;55.5;27.0
75;2021-06-12;13289;10001;1205536;590609;56.1;27.5
75;2021-06-13;6275;3798;1211811;594407;56.4;27.7
75;2021-06-14;11837;15426;1223648;609833;57.0;28.4
75;2021-06-15;12745;19563;1236393;629396;57.6;29.3
75;2021-06-16;12208;17251;1248601;646647;58.1;30.1
75;2021-06-17;12654;17690;1261255;664337;58.7;30.9
75;2021-06-18;11286;22628;1272541;686965;59.2;32.0
75;2021-06-19;7535;11829;1280076;698794;59.6;32.5
75;2021-06-20;2820;5486;1282896;704280;59.7;32.8
75;2021-06-21;8510;16344;1291406;720624;60.1;33.5
75;2021-06-22;8804;21811;1300210;742435;60.5;34.6
75;2021-06-23;10310;21443;1310520;763878;61.0;35.6
75;2021-06-24;11308;20650;1321828;784528;61.5;36.5
75;2021-06-25;9868;24702;1331696;809230;62.0;37.7
75;2021-06-26;7946;15426;1339642;824656;62.4;38.4
75;2021-06-27;2699;6330;1342341;830986;62.5;38.7
75;2021-06-28;8473;20155;1350814;851141;62.9;39.6
75;2021-06-29;9344;23844;1360158;874985;63.3;40.7
75;2021-06-30;10198;23629;1370356;898614;63.8;41.8
75;2021-07-01;11439;23525;1381795;922139;64.3;42.9
75;2021-07-02;10877;24790;1392672;946929;64.8;44.1
75;2021-07-03;7819;19818;1400491;966747;65.2;45.0
75;2021-07-04;3908;9556;1404399;976303;65.4;45.4
75;2021-07-05;9305;21584;1413704;997887;65.8;46.5
75;2021-07-06;10150;24015;1423854;1021902;66.3;47.6
75;2021-07-07;10130;25100;1433984;1047002;66.8;48.7
75;2021-07-08;10647;25020;1444631;1072022;67.2;49.9
75;2021-07-09;10762;24039;1455393;1096061;67.7;51.0
75;2021-07-10;7932;18512;1463325;1114573;68.1;51.9
75;2021-07-11;4347;8534;1467672;1123107;68.3;52.3
75;2021-07-12;9796;23095;1477468;1146202;68.8;53.4
75;2021-07-13;14311;24830;1491779;1171032;69.4;54.5
75;2021-07-14;8271;9723;1500050;1180755;69.8;55.0
75;2021-07-15;15226;25683;1515276;1206438;70.5;56.2
75;2021-07-16;15701;22164;1530977;1228602;71.3;57.2
75;2021-07-17;11673;16905;1542650;1245507;71.8;58.0
75;2021-07-18;6278;6835;1548928;1252342;72.1;58.3
75;2021-07-19;14348;21317;1563276;1273659;72.8;59.3
75;2021-07-20;16047;21892;1579323;1295551;73.5;60.3
75;2021-07-21;15671;20728;1594994;1316279;74.2;61.3
75;2021-07-22;17121;20092;1612115;1336371;75.0;62.2
75;2021-07-23;17002;19112;1629117;1355483;75.8;63.1
75;2021-07-24;11185;14073;1640302;1369556;76.4;63.8
75;2021-07-25;5005;5078;1645307;1374634;76.6;64.0
75;2021-07-26;15153;16887;1660460;1391521;77.3;64.8
75;2021-07-27;18085;16659;1678545;1408180;78.1;65.5
75;2021-07-28;17088;15483;1695633;1423663;78.9;66.3
75;2021-07-29;16725;15080;1712358;1438743;79.7;67.0
75;2021-07-30;16246;14313;1728604;1453056;80.5;67.6
75;2021-07-31;9323;9856;1737927;1462912;80.9;68.1
75;2021-08-01;3572;3294;1741499;1466206;81.1;68.3
75;2021-08-02;10594;11998;1752093;1478204;81.6;68.8
75;2021-08-03;10954;10829;1763047;1489033;82.1;69.3
75;2021-08-04;9440;9496;1772487;1498529;82.5;69.8
75;2021-08-05;8571;9535;1781058;1508064;82.9;70.2
75;2021-08-06;8090;9970;1789148;1518034;83.3;70.7
75;2021-08-07;5657;7139;1794805;1525173;83.5;71.0
75;2021-08-08;1925;3275;1796730;1528448;83.6;71.1
75;2021-08-09;8415;11463;1805145;1539911;84.0;71.7
75;2021-08-10;8958;11574;1814103;1551485;84.4;72.2
75;2021-08-11;7576;10120;1821679;1561605;84.8;72.7
75;2021-08-12;6753;10623;1828432;1572228;85.1;73.2
75;2021-08-13;6034;8906;1834466;1581134;85.4;73.6
75;2021-08-14;4015;7193;1838481;1588327;85.6;73.9
75;2021-08-15;922;1929;1839403;1590256;85.6;74.0
75;2021-08-16;5974;14018;1845377;1604274;85.9;74.7
75;2021-08-17;5676;13581;1851053;1617855;86.2;75.3
75;2021-08-18;4890;11983;1855943;1629838;86.4;75.9
75;2021-08-19;4613;12674;1860556;1642512;86.6;76.5
75;2021-08-20;4392;11759;1864948;1654271;86.8;77.0
75;2021-08-21;3107;8793;1868055;1663064;87.0;77.4
75;2021-08-22;980;3165;1869035;1666229;87.0;77.6
75;2021-08-23;4772;15285;1873807;1681514;87.2;78.3
75;2021-08-24;4648;14507;1878455;1696021;87.4;78.9
75;2021-08-25;4354;12275;1882809;1708296;87.6;79.5
75;2021-08-26;3922;10232;1886731;1718528;87.8;80.0
75;2021-08-27;4326;11621;1891057;1730149;88.0;80.5
75;2021-08-28;2976;8275;1894033;1738424;88.2;80.9
75;2021-08-29;743;2003;1894776;1740427;88.2;81.0
75;2021-08-30;4390;14606;1899166;1755033;88.4;81.7
75;2021-08-31;4249;13721;1903415;1768754;88.6;82.3
76;2020-12-27;0;0;0;0;0.0;0.0
76;2020-12-28;0;0;0;0;0.0;0.0
76;2020-12-29;0;0;0;0;0.0;0.0
76;2020-12-30;0;0;0;0;0.0;0.0
76;2020-12-31;0;0;0;0;0.0;0.0
76;2021-01-01;0;0;0;0;0.0;0.0
76;2021-01-02;0;0;0;0;0.0;0.0
76;2021-01-03;0;0;0;0;0.0;0.0
76;2021-01-04;17;0;17;0;0.0;0.0
76;2021-01-05;138;0;155;0;0.0;0.0
76;2021-01-06;682;2;837;2;0.1;0.0
76;2021-01-07;1355;7;2192;9;0.2;0.0
76;2021-01-08;1536;2;3728;11;0.3;0.0
76;2021-01-09;736;2;4464;13;0.4;0.0
76;2021-01-10;492;1;4956;14;0.4;0.0
76;2021-01-11;1358;2;6314;16;0.5;0.0
76;2021-01-12;1358;2;7672;18;0.6;0.0
76;2021-01-13;1187;4;8859;22;0.7;0.0
76;2021-01-14;2175;24;11034;46;0.9;0.0
76;2021-01-15;1911;9;12945;55;1.0;0.0
76;2021-01-16;990;7;13935;62;1.1;0.0
76;2021-01-17;2897;20;16832;82;1.4;0.0
76;2021-01-18;4396;16;21228;98;1.7;0.0
76;2021-01-19;3014;8;24242;106;1.9;0.0
76;2021-01-20;2069;7;26311;113;2.1;0.0
76;2021-01-21;1773;4;28084;117;2.3;0.0
76;2021-01-22;1706;4;29790;121;2.4;0.0
76;2021-01-23;449;1;30239;122;2.4;0.0
76;2021-01-24;99;0;30338;122;2.4;0.0
76;2021-01-25;1474;139;31812;261;2.6;0.0
76;2021-01-26;1391;333;33203;594;2.7;0.0
76;2021-01-27;1342;430;34545;1024;2.8;0.1
76;2021-01-28;1283;382;35828;1406;2.9;0.1
76;2021-01-29;1153;454;36981;1860;3.0;0.1
76;2021-01-30;283;301;37264;2161;3.0;0.2
76;2021-01-31;4;98;37268;2259;3.0;0.2
76;2021-02-01;840;802;38108;3061;3.1;0.2
76;2021-02-02;1057;1013;39165;4074;3.1;0.3
76;2021-02-03;919;994;40084;5068;3.2;0.4
76;2021-02-04;976;1448;41060;6516;3.3;0.5
76;2021-02-05;974;1099;42034;7615;3.4;0.6
76;2021-02-06;262;877;42296;8492;3.4;0.7
76;2021-02-07;468;1653;42764;10145;3.4;0.8
76;2021-02-08;1924;3724;44688;13869;3.6;1.1
76;2021-02-09;1757;2963;46445;16832;3.7;1.4
76;2021-02-10;1489;1803;47934;18635;3.9;1.5
76;2021-02-11;1677;1515;49611;20150;4.0;1.6
76;2021-02-12;1707;1568;51318;21718;4.1;1.7
76;2021-02-13;230;336;51548;22054;4.1;1.8
76;2021-02-14;9;82;51557;22136;4.1;1.8
76;2021-02-15;554;1700;52111;23836;4.2;1.9
76;2021-02-16;741;1626;52852;25462;4.2;2.0
76;2021-02-17;625;1430;53477;26892;4.3;2.2
76;2021-02-18;780;1378;54257;28270;4.4;2.3
76;2021-02-19;869;1334;55126;29604;4.4;2.4
76;2021-02-20;270;285;55396;29889;4.5;2.4
76;2021-02-21;0;0;55396;29889;4.5;2.4
76;2021-02-22;371;1299;55767;31188;4.5;2.5
76;2021-02-23;575;1230;56342;32418;4.5;2.6
76;2021-02-24;599;1192;56941;33610;4.6;2.7
76;2021-02-25;1664;1254;58605;34864;4.7;2.8
76;2021-02-26;2171;1043;60776;35907;4.9;2.9
76;2021-02-27;1108;274;61884;36181;5.0;2.9
76;2021-02-28;27;196;61911;36377;5.0;2.9
76;2021-03-01;828;2080;62739;38457;5.0;3.1
76;2021-03-02;1381;1714;64120;40171;5.2;3.2
76;2021-03-03;1942;1388;66062;41559;5.3;3.3
76;2021-03-04;2818;1108;68880;42667;5.5;3.4
76;2021-03-05;4180;813;73060;43480;5.9;3.5
76;2021-03-06;3365;167;76425;43647;6.1;3.5
76;2021-03-07;1257;35;77682;43682;6.2;3.5
76;2021-03-08;2102;1257;79784;44939;6.4;3.6
76;2021-03-09;3575;1170;83359;46109;6.7;3.7
76;2021-03-10;3593;1068;86952;47177;7.0;3.8
76;2021-03-11;5633;941;92585;48118;7.4;3.9
76;2021-03-12;6828;603;99413;48721;8.0;3.9
76;2021-03-13;4647;149;104060;48870;8.4;3.9
76;2021-03-14;1068;28;105128;48898;8.5;3.9
76;2021-03-15;2918;233;108046;49131;8.7;4.0
76;2021-03-16;2557;402;110603;49533;8.9;4.0
76;2021-03-17;2697;313;113300;49846;9.1;4.0
76;2021-03-18;3002;311;116302;50157;9.4;4.0
76;2021-03-19;4396;432;120698;50589;9.7;4.1
76;2021-03-20;3974;289;124672;50878;10.0;4.1
76;2021-03-21;838;15;125510;50893;10.1;4.1
76;2021-03-22;3992;347;129502;51240;10.4;4.1
76;2021-03-23;5711;358;135213;51598;10.9;4.1
76;2021-03-24;5701;395;140914;51993;11.3;4.2
76;2021-03-25;7508;575;148422;52568;11.9;4.2
76;2021-03-26;8722;587;157144;53155;12.6;4.3
76;2021-03-27;4810;389;161954;53544;13.0;4.3
76;2021-03-28;1021;32;162975;53576;13.1;4.3
76;2021-03-29;5390;825;168365;54401;13.5;4.4
76;2021-03-30;6585;1061;174950;55462;14.1;4.5
76;2021-03-31;6448;1256;181398;56718;14.6;4.6
76;2021-04-01;6786;2035;188184;58753;15.1;4.7
76;2021-04-02;6488;2680;194672;61433;15.7;4.9
76;2021-04-03;2442;1081;197114;62514;15.8;5.0
76;2021-04-04;264;10;197378;62524;15.9;5.0
76;2021-04-05;868;379;198246;62903;15.9;5.1
76;2021-04-06;3558;2790;201804;65693;16.2;5.3
76;2021-04-07;4417;2404;206221;68097;16.6;5.5
76;2021-04-08;5841;2785;212062;70882;17.0;5.7
76;2021-04-09;8806;3072;220868;73954;17.8;5.9
76;2021-04-10;4877;1422;225745;75376;18.1;6.1
76;2021-04-11;814;531;226559;75907;18.2;6.1
76;2021-04-12;4726;2849;231285;78756;18.6;6.3
76;2021-04-13;5928;2865;237213;81621;19.1;6.6
76;2021-04-14;4804;3128;242017;84749;19.5;6.8
76;2021-04-15;5564;3361;247581;88110;19.9;7.1
76;2021-04-16;7353;3437;254934;91547;20.5;7.4
76;2021-04-17;4388;1430;259322;92977;20.8;7.5
76;2021-04-18;339;140;259661;93117;20.9;7.5
76;2021-04-19;3478;3776;263139;96893;21.2;7.8
76;2021-04-20;4343;4279;267482;101172;21.5;8.1
76;2021-04-21;4193;4692;271675;105864;21.8;8.5
76;2021-04-22;4562;5438;276237;111302;22.2;8.9
76;2021-04-23;5439;5964;281676;117266;22.6;9.4
76;2021-04-24;4165;2194;285841;119460;23.0;9.6
76;2021-04-25;893;268;286734;119728;23.1;9.6
76;2021-04-26;4483;4477;291217;124205;23.4;10.0
76;2021-04-27;4998;5007;296215;129212;23.8;10.4
76;2021-04-28;5348;4169;301563;133381;24.2;10.7
76;2021-04-29;6926;4166;308489;137547;24.8;11.1
76;2021-04-30;8219;4645;316708;142192;25.5;11.4
76;2021-05-01;4828;1014;321536;143206;25.9;11.5
76;2021-05-02;1843;264;323379;143470;26.0;11.5
76;2021-05-03;4703;3309;328082;146779;26.4;11.8
76;2021-05-04;4823;4558;332905;151337;26.8;12.2
76;2021-05-05;4784;5176;337689;156513;27.2;12.6
76;2021-05-06;5923;5588;343612;162101;27.6;13.0
76;2021-05-07;6138;6766;349750;168867;28.1;13.6
76;2021-05-08;5056;907;354806;169774;28.5;13.6
76;2021-05-09;2539;235;357345;170009;28.7;13.7
76;2021-05-10;4947;5067;362292;175076;29.1;14.1
76;2021-05-11;6518;5687;368810;180763;29.7;14.5
76;2021-05-12;6263;5083;375073;185846;30.2;14.9
76;2021-05-13;8846;1282;383919;187128;30.9;15.0
76;2021-05-14;10417;4665;394336;191793;31.7;15.4
76;2021-05-15;9119;2454;403455;194247;32.4;15.6
76;2021-05-16;6234;480;409689;194727;32.9;15.7
76;2021-05-17;7226;3281;416915;198008;33.5;15.9
76;2021-05-18;8304;2815;425219;200823;34.2;16.1
76;2021-05-19;8403;3199;433622;204022;34.9;16.4
76;2021-05-20;9649;3426;443271;207448;35.6;16.7
76;2021-05-21;8369;4096;451640;211544;36.3;17.0
76;2021-05-22;7165;2362;458805;213906;36.9;17.2
76;2021-05-23;6390;416;465195;214322;37.4;17.2
76;2021-05-24;6865;1531;472060;215853;38.0;17.4
76;2021-05-25;8025;4092;480085;219945;38.6;17.7
76;2021-05-26;7574;3611;487659;223556;39.2;18.0
76;2021-05-27;8346;4714;496005;228270;39.9;18.4
76;2021-05-28;8233;6574;504238;234844;40.5;18.9
76;2021-05-29;6223;3518;510461;238362;41.0;19.2
76;2021-05-30;3147;431;513608;238793;41.3;19.2
76;2021-05-31;8169;3971;521777;242764;42.0;19.5
76;2021-06-01;9212;5037;530989;247801;42.7;19.9
76;2021-06-02;7932;4447;538921;252248;43.3;20.3
76;2021-06-03;9539;5411;548460;257659;44.1;20.7
76;2021-06-04;9244;6692;557704;264351;44.8;21.3
76;2021-06-05;6289;3816;563993;268167;45.3;21.6
76;2021-06-06;2554;649;566547;268816;45.6;21.6
76;2021-06-07;6982;5452;573529;274268;46.1;22.1
76;2021-06-08;8655;6287;582184;280555;46.8;22.6
76;2021-06-09;7212;6085;589396;286640;47.4;23.0
76;2021-06-10;7995;6569;597391;293209;48.0;23.6
76;2021-06-11;7581;8239;604972;301448;48.6;24.2
76;2021-06-12;7167;5877;612139;307325;49.2;24.7
76;2021-06-13;2962;1295;615101;308620;49.5;24.8
76;2021-06-14;6490;6740;621591;315360;50.0;25.4
76;2021-06-15;6298;7475;627889;322835;50.5;26.0
76;2021-06-16;6655;7483;634544;330318;51.0;26.6
76;2021-06-17;7011;7760;641555;338078;51.6;27.2
76;2021-06-18;7689;9240;649244;347318;52.2;27.9
76;2021-06-19;5986;6264;655230;353582;52.7;28.4
76;2021-06-20;2811;1816;658041;355398;52.9;28.6
76;2021-06-21;5588;8174;663629;363572;53.4;29.2
76;2021-06-22;4926;9881;668555;373453;53.8;30.0
76;2021-06-23;4729;9435;673284;382888;54.1;30.8
76;2021-06-24;4798;9922;678082;392810;54.5;31.6
76;2021-06-25;5226;11579;683308;404389;54.9;32.5
76;2021-06-26;3454;7878;686762;412267;55.2;33.1
76;2021-06-27;1367;5164;688129;417431;55.3;33.6
76;2021-06-28;3614;9948;691743;427379;55.6;34.4
76;2021-06-29;3875;10233;695618;437612;55.9;35.2
76;2021-06-30;4272;9844;699890;447456;56.3;36.0
76;2021-07-01;4593;9912;704483;457368;56.6;36.8
76;2021-07-02;4370;12008;708853;469376;57.0;37.7
76;2021-07-03;3586;8451;712439;477827;57.3;38.4
76;2021-07-04;1487;5306;713926;483133;57.4;38.8
76;2021-07-05;3954;9334;717880;492467;57.7;39.6
76;2021-07-06;4055;10077;721935;502544;58.0;40.4
76;2021-07-07;4014;9329;725949;511873;58.4;41.2
76;2021-07-08;4466;9455;730415;521328;58.7;41.9
76;2021-07-09;4366;12409;734781;533737;59.1;42.9
76;2021-07-10;3138;8552;737919;542289;59.3;43.6
76;2021-07-11;1777;2820;739696;545109;59.5;43.8
76;2021-07-12;3156;11151;742852;556260;59.7;44.7
76;2021-07-13;4935;12258;747787;568518;60.1;45.7
76;2021-07-14;4804;5543;752591;574061;60.5;46.2
76;2021-07-15;5914;11791;758505;585852;61.0;47.1
76;2021-07-16;6722;12016;765227;597868;61.5;48.1
76;2021-07-17;5279;8706;770506;606574;61.9;48.8
76;2021-07-18;2258;3357;772764;609931;62.1;49.0
76;2021-07-19;5161;11151;777925;621082;62.5;49.9
76;2021-07-20;6278;11627;784203;632709;63.0;50.9
76;2021-07-21;6341;10566;790544;643275;63.6;51.7
76;2021-07-22;8241;9655;798785;652930;64.2;52.5
76;2021-07-23;7639;11997;806424;664927;64.8;53.5
76;2021-07-24;4993;7718;811417;672645;65.2;54.1
76;2021-07-25;2873;3142;814290;675787;65.5;54.3
76;2021-07-26;5440;10150;819730;685937;65.9;55.1
76;2021-07-27;8334;9555;828064;695492;66.6;55.9
76;2021-07-28;8249;7821;836313;703313;67.2;56.5
76;2021-07-29;9582;6975;845895;710288;68.0;57.1
76;2021-07-30;8010;7834;853905;718122;68.7;57.7
76;2021-07-31;6600;5324;860505;723446;69.2;58.2
76;2021-08-01;3863;2083;864368;725529;69.5;58.3
76;2021-08-02;6557;7096;870925;732625;70.0;58.9
76;2021-08-03;7969;6355;878894;738980;70.7;59.4
76;2021-08-04;7236;5849;886130;744829;71.2;59.9
76;2021-08-05;8075;5720;894205;750549;71.9;60.3
76;2021-08-06;6793;6869;900998;757418;72.4;60.9
76;2021-08-07;4784;4378;905782;761796;72.8;61.2
76;2021-08-08;2407;2158;908189;763954;73.0;61.4
76;2021-08-09;5627;6738;913816;770692;73.5;62.0
76;2021-08-10;6335;6557;920151;777249;74.0;62.5
76;2021-08-11;6437;5489;926588;782738;74.5;62.9
76;2021-08-12;6012;6060;932600;788798;75.0;63.4
76;2021-08-13;5030;6208;937630;795006;75.4;63.9
76;2021-08-14;3823;4599;941453;799605;75.7;64.3
76;2021-08-15;1573;2352;943026;801957;75.8;64.5
76;2021-08-16;3611;6722;946637;808679;76.1;65.0
76;2021-08-17;3890;6942;950527;815621;76.4;65.6
76;2021-08-18;3729;6739;954256;822360;76.7;66.1
76;2021-08-19;3360;7168;957616;829528;77.0;66.7
76;2021-08-20;3419;7825;961035;837353;77.3;67.3
76;2021-08-21;1814;4215;962849;841568;77.4;67.7
76;2021-08-22;865;3290;963714;844858;77.5;67.9
76;2021-08-23;2614;7754;966328;852612;77.7;68.5
76;2021-08-24;2814;7579;969142;860191;77.9;69.2
76;2021-08-25;2613;7071;971755;867262;78.1;69.7
76;2021-08-26;2068;5793;973823;873055;78.3;70.2
76;2021-08-27;2679;7941;976502;880996;78.5;70.8
76;2021-08-28;2132;6057;978634;887053;78.7;71.3
76;2021-08-29;694;3006;979328;890059;78.7;71.6
76;2021-08-30;2157;7430;981485;897489;78.9;72.2
76;2021-08-31;1929;7313;983414;904802;79.1;72.7
77;2020-12-27;1;0;1;0;0.0;0.0
77;2020-12-28;1;0;2;0;0.0;0.0
77;2020-12-29;0;0;2;0;0.0;0.0
77;2020-12-30;0;0;2;0;0.0;0.0
77;2020-12-31;0;0;2;0;0.0;0.0
77;2021-01-01;4;0;6;0;0.0;0.0
77;2021-01-02;0;0;6;0;0.0;0.0
77;2021-01-03;0;0;6;0;0.0;0.0
77;2021-01-04;7;0;13;0;0.0;0.0
77;2021-01-05;199;0;212;0;0.0;0.0
77;2021-01-06;235;2;447;2;0.0;0.0
77;2021-01-07;521;3;968;5;0.1;0.0
77;2021-01-08;621;0;1589;5;0.1;0.0
77;2021-01-09;273;1;1862;6;0.1;0.0
77;2021-01-10;235;2;2097;8;0.1;0.0
77;2021-01-11;784;2;2881;10;0.2;0.0
77;2021-01-12;884;1;3765;11;0.3;0.0
77;2021-01-13;941;2;4706;13;0.3;0.0
77;2021-01-14;848;7;5554;20;0.4;0.0
77;2021-01-15;859;11;6413;31;0.5;0.0
77;2021-01-16;168;1;6581;32;0.5;0.0
77;2021-01-17;132;2;6713;34;0.5;0.0
77;2021-01-18;1194;5;7907;39;0.6;0.0
77;2021-01-19;1722;22;9629;61;0.7;0.0
77;2021-01-20;2541;5;12170;66;0.9;0.0
77;2021-01-21;2054;24;14224;90;1.0;0.0
77;2021-01-22;1147;8;15371;98;1.1;0.0
77;2021-01-23;350;0;15721;98;1.1;0.0
77;2021-01-24;44;0;15765;98;1.1;0.0
77;2021-01-25;941;24;16706;122;1.2;0.0
77;2021-01-26;1712;21;18418;143;1.3;0.0
77;2021-01-27;1363;27;19781;170;1.4;0.0
77;2021-01-28;1698;93;21479;263;1.5;0.0
77;2021-01-29;1285;145;22764;408;1.6;0.0
77;2021-01-30;211;2;22975;410;1.6;0.0
77;2021-01-31;1;0;22976;410;1.6;0.0
77;2021-02-01;569;209;23545;619;1.7;0.0
77;2021-02-02;871;264;24416;883;1.7;0.1
77;2021-02-03;795;522;25211;1405;1.8;0.1
77;2021-02-04;789;804;26000;2209;1.8;0.2
77;2021-02-05;857;846;26857;3055;1.9;0.2
77;2021-02-06;165;101;27022;3156;1.9;0.2
77;2021-02-07;16;92;27038;3248;1.9;0.2
77;2021-02-08;496;923;27534;4171;1.9;0.3
77;2021-02-09;590;1456;28124;5627;2.0;0.4
77;2021-02-10;1029;1823;29153;7450;2.0;0.5
77;2021-02-11;1059;1647;30212;9097;2.1;0.6
77;2021-02-12;1098;1166;31310;10263;2.2;0.7
77;2021-02-13;187;175;31497;10438;2.2;0.7
77;2021-02-14;12;56;31509;10494;2.2;0.7
77;2021-02-15;555;1014;32064;11508;2.3;0.8
77;2021-02-16;599;1513;32663;13021;2.3;0.9
77;2021-02-17;515;1173;33178;14194;2.3;1.0
77;2021-02-18;840;1600;34018;15794;2.4;1.1
77;2021-02-19;777;1123;34795;16917;2.4;1.2
77;2021-02-20;54;176;34849;17093;2.4;1.2
77;2021-02-21;7;31;34856;17124;2.4;1.2
77;2021-02-22;303;761;35159;17885;2.5;1.3
77;2021-02-23;360;1120;35519;19005;2.5;1.3
77;2021-02-24;513;879;36032;19884;2.5;1.4
77;2021-02-25;794;952;36826;20836;2.6;1.5
77;2021-02-26;841;828;37667;21664;2.6;1.5
77;2021-02-27;459;169;38126;21833;2.7;1.5
77;2021-02-28;33;5;38159;21838;2.7;1.5
77;2021-03-01;676;710;38835;22548;2.7;1.6
77;2021-03-02;1093;1023;39928;23571;2.8;1.7
77;2021-03-03;1957;1182;41885;24753;2.9;1.7
77;2021-03-04;2799;1136;44684;25889;3.1;1.8
77;2021-03-05;3380;1049;48064;26938;3.4;1.9
77;2021-03-06;4824;268;52888;27206;3.7;1.9
77;2021-03-07;3193;115;56081;27321;3.9;1.9
77;2021-03-08;1230;506;57311;27827;4.0;2.0
77;2021-03-09;2503;633;59814;28460;4.2;2.0
77;2021-03-10;2398;579;62212;29039;4.4;2.0
77;2021-03-11;3500;789;65712;29828;4.6;2.1
77;2021-03-12;3889;686;69601;30514;4.9;2.1
77;2021-03-13;4481;207;74082;30721;5.2;2.2
77;2021-03-14;2153;123;76235;30844;5.4;2.2
77;2021-03-15;2510;277;78745;31121;5.5;2.2
77;2021-03-16;2444;374;81189;31495;5.7;2.2
77;2021-03-17;2554;429;83743;31924;5.9;2.2
77;2021-03-18;3010;399;86753;32323;6.1;2.3
77;2021-03-19;3358;439;90111;32762;6.3;2.3
77;2021-03-20;1966;77;92077;32839;6.5;2.3
77;2021-03-21;243;14;92320;32853;6.5;2.3
77;2021-03-22;3021;406;95341;33259;6.7;2.3
77;2021-03-23;4520;531;99861;33790;7.0;2.4
77;2021-03-24;4154;616;104015;34406;7.3;2.4
77;2021-03-25;5908;405;109923;34811;7.7;2.4
77;2021-03-26;6269;450;116192;35261;8.2;2.5
77;2021-03-27;3321;122;119513;35383;8.4;2.5
77;2021-03-28;1730;47;121243;35430;8.5;2.5
77;2021-03-29;2655;690;123898;36120;8.7;2.5
77;2021-03-30;3995;1192;127893;37312;9.0;2.6
77;2021-03-31;3753;1220;131646;38532;9.2;2.7
77;2021-04-01;4143;1820;135789;40352;9.5;2.8
77;2021-04-02;3992;2009;139781;42361;9.8;3.0
77;2021-04-03;1746;2280;141527;44641;9.9;3.1
77;2021-04-04;423;1427;141950;46068;10.0;3.2
77;2021-04-05;162;164;142112;46232;10.0;3.2
77;2021-04-06;2720;1924;144832;48156;10.2;3.4
77;2021-04-07;3319;2085;148151;50241;10.4;3.5
77;2021-04-08;4534;2364;152685;52605;10.7;3.7
77;2021-04-09;4850;2090;157535;54695;11.1;3.8
77;2021-04-10;3074;2750;160609;57445;11.3;4.0
77;2021-04-11;586;717;161195;58162;11.3;4.1
77;2021-04-12;2231;1827;163426;59989;11.5;4.2
77;2021-04-13;3357;2637;166783;62626;11.7;4.4
77;2021-04-14;2520;2648;169303;65274;11.9;4.6
77;2021-04-15;3323;3117;172626;68391;12.1;4.8
77;2021-04-16;3575;2722;176201;71113;12.4;5.0
77;2021-04-17;1386;475;177587;71588;12.5;5.0
77;2021-04-18;150;11;177737;71599;12.5;5.0
77;2021-04-19;2084;2508;179821;74107;12.6;5.2
77;2021-04-20;2573;3381;182394;77488;12.8;5.4
77;2021-04-21;2195;3477;184589;80965;13.0;5.7
77;2021-04-22;3003;3856;187592;84821;13.2;6.0
77;2021-04-23;3532;3641;191124;88462;13.4;6.2
77;2021-04-24;4901;2515;196025;90977;13.8;6.4
77;2021-04-25;4080;1239;200105;92216;14.1;6.5
77;2021-04-26;3226;2041;203331;94257;14.3;6.6
77;2021-04-27;3996;2515;207327;96772;14.6;6.8
77;2021-04-28;4069;2617;211396;99389;14.8;7.0
77;2021-04-29;4483;3084;215879;102473;15.2;7.2
77;2021-04-30;4909;3336;220788;105809;15.5;7.4
77;2021-05-01;2465;594;223253;106403;15.7;7.5
77;2021-05-02;3142;275;226395;106678;15.9;7.5
77;2021-05-03;5989;2070;232384;108748;16.3;7.6
77;2021-05-04;6441;2992;238825;111740;16.8;7.8
77;2021-05-05;6020;3025;244845;114765;17.2;8.1
77;2021-05-06;6888;3597;251733;118362;17.7;8.3
77;2021-05-07;8205;3264;259938;121626;18.3;8.5
77;2021-05-08;5714;810;265652;122436;18.7;8.6
77;2021-05-09;4907;484;270559;122920;19.0;8.6
77;2021-05-10;8089;2328;278648;125248;19.6;8.8
77;2021-05-11;9581;2918;288229;128166;20.2;9.0
77;2021-05-12;8979;2286;297208;130452;20.9;9.2
77;2021-05-13;9305;883;306513;131335;21.5;9.2
77;2021-05-14;10436;1669;316949;133004;22.3;9.3
77;2021-05-15;8993;1251;325942;134255;22.9;9.4
77;2021-05-16;5152;468;331094;134723;23.3;9.5
77;2021-05-17;10373;1478;341467;136201;24.0;9.6
77;2021-05-18;11784;1809;353251;138010;24.8;9.7
77;2021-05-19;10915;1608;364166;139618;25.6;9.8
77;2021-05-20;12212;2157;376378;141775;26.4;10.0
77;2021-05-21;11656;2701;388034;144476;27.3;10.1
77;2021-05-22;9822;1740;397856;146216;27.9;10.3
77;2021-05-23;6987;809;404843;147025;28.4;10.3
77;2021-05-24;6764;777;411607;147802;28.9;10.4
77;2021-05-25;8316;2818;419923;150620;29.5;10.6
77;2021-05-26;7564;2982;427487;153602;30.0;10.8
77;2021-05-27;7552;3965;435039;157567;30.6;11.1
77;2021-05-28;7637;4012;442676;161579;31.1;11.3
77;2021-05-29;7356;2334;450032;163913;31.6;11.5
77;2021-05-30;4361;894;454393;164807;31.9;11.6
77;2021-05-31;8383;3835;462776;168642;32.5;11.8
77;2021-06-01;9647;4383;472423;173025;33.2;12.2
77;2021-06-02;9005;3926;481428;176951;33.8;12.4
77;2021-06-03;9004;5277;490432;182228;34.4;12.8
77;2021-06-04;9119;5490;499551;187718;35.1;13.2
77;2021-06-05;6663;4988;506214;192706;35.6;13.5
77;2021-06-06;4910;3210;511124;195916;35.9;13.8
77;2021-06-07;6420;4543;517544;200459;36.4;14.1
77;2021-06-08;5726;5227;523270;205686;36.8;14.4
77;2021-06-09;5057;4963;528327;210649;37.1;14.8
77;2021-06-10;5016;5462;533343;216111;37.5;15.2
77;2021-06-11;5756;6036;539099;222147;37.9;15.6
77;2021-06-12;6545;4752;545644;226899;38.3;15.9
77;2021-06-13;3507;3050;549151;229949;38.6;16.2
77;2021-06-14;3219;7931;552370;237880;38.8;16.7
77;2021-06-15;4125;8482;556495;246362;39.1;17.3
77;2021-06-16;4808;8378;561303;254740;39.4;17.9
77;2021-06-17;4472;9026;565775;263766;39.7;18.5
77;2021-06-18;4366;9792;570141;273558;40.0;19.2
77;2021-06-19;5306;6930;575447;280488;40.4;19.7
77;2021-06-20;2094;3799;577541;284287;40.6;20.0
77;2021-06-21;3227;9581;580768;293868;40.8;20.6
77;2021-06-22;3668;11373;584436;305241;41.1;21.4
77;2021-06-23;3440;10053;587876;315294;41.3;22.1
77;2021-06-24;3362;10917;591238;326211;41.5;22.9
77;2021-06-25;3625;10805;594863;337016;41.8;23.7
77;2021-06-26;4089;10071;598952;347087;42.1;24.4
77;2021-06-27;2123;6427;601075;353514;42.2;24.8
77;2021-06-28;2801;10831;603876;364345;42.4;25.6
77;2021-06-29;3418;12529;607294;376874;42.7;26.5
77;2021-06-30;3289;11450;610583;388324;42.9;27.3
77;2021-07-01;3290;11661;613873;399985;43.1;28.1
77;2021-07-02;3458;12257;617331;412242;43.4;29.0
77;2021-07-03;3184;10799;620515;423041;43.6;29.7
77;2021-07-04;1995;6494;622510;429535;43.7;30.2
77;2021-07-05;3590;9545;626100;439080;44.0;30.8
77;2021-07-06;3738;9532;629838;448612;44.2;31.5
77;2021-07-07;4060;8955;633898;457567;44.5;32.1
77;2021-07-08;3925;8760;637823;466327;44.8;32.8
77;2021-07-09;4703;10341;642526;476668;45.1;33.5
77;2021-07-10;4047;9843;646573;486511;45.4;34.2
77;2021-07-11;3090;5094;649663;491605;45.6;34.5
77;2021-07-12;3285;10864;652948;502469;45.9;35.3
77;2021-07-13;6119;12032;659067;514501;46.3;36.1
77;2021-07-14;3552;6440;662619;520941;46.5;36.6
77;2021-07-15;7172;11969;669791;532910;47.0;37.4
77;2021-07-16;7828;9897;677619;542807;47.6;38.1
77;2021-07-17;5793;9455;683412;552262;48.0;38.8
77;2021-07-18;4140;5330;687552;557592;48.3;39.2
77;2021-07-19;7513;8941;695065;566533;48.8;39.8
77;2021-07-20;9596;8033;704661;574566;49.5;40.4
77;2021-07-21;9517;7477;714178;582043;50.2;40.9
77;2021-07-22;10557;7545;724735;589588;50.9;41.4
77;2021-07-23;9863;8194;734598;597782;51.6;42.0
77;2021-07-24;7210;7870;741808;605652;52.1;42.5
77;2021-07-25;5890;4029;747698;609681;52.5;42.8
77;2021-07-26;9210;5970;756908;615651;53.2;43.2
77;2021-07-27;10928;6039;767836;621690;53.9;43.7
77;2021-07-28;9464;6418;777300;628108;54.6;44.1
77;2021-07-29;9537;5505;786837;633613;55.3;44.5
77;2021-07-30;9728;6352;796565;639965;56.0;45.0
77;2021-07-31;7262;6628;803827;646593;56.5;45.4
77;2021-08-01;2953;1213;806780;647806;56.7;45.5
77;2021-08-02;7064;5733;813844;653539;57.2;45.9
77;2021-08-03;5790;4512;819634;658051;57.6;46.2
77;2021-08-04;4709;4387;824343;662438;57.9;46.5
77;2021-08-05;3236;2968;827579;665406;58.1;46.7
77;2021-08-06;5871;5258;833450;670664;58.5;47.1
77;2021-08-07;5281;6794;838731;677458;58.9;47.6
77;2021-08-08;1968;1863;840699;679321;59.1;47.7
77;2021-08-09;5044;6586;845743;685907;59.4;48.2
77;2021-08-10;2666;3577;848409;689484;59.6;48.4
77;2021-08-11;3090;6188;851499;695672;59.8;48.9
77;2021-08-12;2237;3566;853736;699238;60.0;49.1
77;2021-08-13;2690;4895;856426;704133;60.2;49.5
77;2021-08-14;2910;7329;859336;711462;60.4;50.0
77;2021-08-15;786;773;860122;712235;60.4;50.0
77;2021-08-16;2359;6980;862481;719215;60.6;50.5
77;2021-08-17;2865;7198;865346;726413;60.8;51.0
77;2021-08-18;2658;6554;868004;732967;61.0;51.5
77;2021-08-19;2620;5102;870624;738069;61.2;51.8
77;2021-08-20;2659;5687;873283;743756;61.3;52.2
77;2021-08-21;2709;7324;875992;751080;61.5;52.8
77;2021-08-22;1729;5337;877721;756417;61.7;53.1
77;2021-08-23;2427;9614;880148;766031;61.8;53.8
77;2021-08-24;3043;9232;883191;775263;62.0;54.5
77;2021-08-25;2535;6525;885726;781788;62.2;54.9
77;2021-08-26;2544;6242;888270;788030;62.4;55.4
77;2021-08-27;2710;6982;890980;795012;62.6;55.8
77;2021-08-28;1958;7238;892938;802250;62.7;56.4
77;2021-08-29;1480;5143;894418;807393;62.8;56.7
77;2021-08-30;2508;8141;896926;815534;63.0;57.3
77;2021-08-31;2812;5708;899738;821242;63.2;57.7
78;2020-12-27;2;0;2;0;0.0;0.0
78;2020-12-28;0;0;2;0;0.0;0.0
78;2020-12-29;0;0;2;0;0.0;0.0
78;2020-12-30;0;0;2;0;0.0;0.0
78;2020-12-31;15;0;17;0;0.0;0.0
78;2021-01-01;1;0;18;0;0.0;0.0
78;2021-01-02;1;0;19;0;0.0;0.0
78;2021-01-03;2;0;21;0;0.0;0.0
78;2021-01-04;145;3;166;3;0.0;0.0
78;2021-01-05;175;1;341;4;0.0;0.0
78;2021-01-06;208;4;549;8;0.0;0.0
78;2021-01-07;469;2;1018;10;0.1;0.0
78;2021-01-08;651;3;1669;13;0.1;0.0
78;2021-01-09;22;0;1691;13;0.1;0.0
78;2021-01-10;2;0;1693;13;0.1;0.0
78;2021-01-11;792;3;2485;16;0.2;0.0
78;2021-01-12;945;5;3430;21;0.2;0.0
78;2021-01-13;740;8;4170;29;0.3;0.0
78;2021-01-14;811;9;4981;38;0.3;0.0
78;2021-01-15;847;10;5828;48;0.4;0.0
78;2021-01-16;32;1;5860;49;0.4;0.0
78;2021-01-17;0;0;5860;49;0.4;0.0
78;2021-01-18;1382;21;7242;70;0.5;0.0
78;2021-01-19;1841;27;9083;97;0.6;0.0
78;2021-01-20;1657;15;10740;112;0.7;0.0
78;2021-01-21;3253;15;13993;127;1.0;0.0
78;2021-01-22;2217;17;16210;144;1.1;0.0
78;2021-01-23;279;0;16489;144;1.1;0.0
78;2021-01-24;5;0;16494;144;1.1;0.0
78;2021-01-25;959;30;17453;174;1.2;0.0
78;2021-01-26;1560;20;19013;194;1.3;0.0
78;2021-01-27;2061;49;21074;243;1.5;0.0
78;2021-01-28;2436;108;23510;351;1.6;0.0
78;2021-01-29;1490;61;25000;412;1.7;0.0
78;2021-01-30;210;3;25210;415;1.7;0.0
78;2021-01-31;3;0;25213;415;1.7;0.0
78;2021-02-01;786;225;25999;640;1.8;0.0
78;2021-02-02;968;343;26967;983;1.9;0.1
78;2021-02-03;975;239;27942;1222;1.9;0.1
78;2021-02-04;1117;444;29059;1666;2.0;0.1
78;2021-02-05;1190;496;30249;2162;2.1;0.1
78;2021-02-06;198;44;30447;2206;2.1;0.2
78;2021-02-07;139;14;30586;2220;2.1;0.2
78;2021-02-08;760;601;31346;2821;2.2;0.2
78;2021-02-09;1122;942;32468;3763;2.2;0.3
78;2021-02-10;1248;1173;33716;4936;2.3;0.3
78;2021-02-11;1820;1886;35536;6822;2.5;0.5
78;2021-02-12;1820;1381;37356;8203;2.6;0.6
78;2021-02-13;173;76;37529;8279;2.6;0.6
78;2021-02-14;26;25;37555;8304;2.6;0.6
78;2021-02-15;447;1419;38002;9723;2.6;0.7
78;2021-02-16;629;1545;38631;11268;2.7;0.8
78;2021-02-17;587;2209;39218;13477;2.7;0.9
78;2021-02-18;997;2263;40215;15740;2.8;1.1
78;2021-02-19;820;1713;41035;17453;2.8;1.2
78;2021-02-20;148;121;41183;17574;2.8;1.2
78;2021-02-21;0;12;41183;17586;2.8;1.2
78;2021-02-22;501;1043;41684;18629;2.9;1.3
78;2021-02-23;540;1113;42224;19742;2.9;1.4
78;2021-02-24;619;1237;42843;20979;3.0;1.4
78;2021-02-25;866;1139;43709;22118;3.0;1.5
78;2021-02-26;1132;1234;44841;23352;3.1;1.6
78;2021-02-27;740;151;45581;23503;3.1;1.6
78;2021-02-28;68;18;45649;23521;3.2;1.6
78;2021-03-01;965;900;46614;24421;3.2;1.7
78;2021-03-02;1727;1054;48341;25475;3.3;1.8
78;2021-03-03;1964;1232;50305;26707;3.5;1.8
78;2021-03-04;2949;1586;53254;28293;3.7;2.0
78;2021-03-05;3254;1662;56508;29955;3.9;2.1
78;2021-03-06;6242;298;62750;30253;4.3;2.1
78;2021-03-07;3444;102;66194;30355;4.6;2.1
78;2021-03-08;1458;762;67652;31117;4.7;2.1
78;2021-03-09;2942;909;70594;32026;4.9;2.2
78;2021-03-10;3075;1118;73669;33144;5.1;2.3
78;2021-03-11;4176;1314;77845;34458;5.4;2.4
78;2021-03-12;5371;1347;83216;35805;5.7;2.5
78;2021-03-13;4655;197;87871;36002;6.1;2.5
78;2021-03-14;1036;41;88907;36043;6.1;2.5
78;2021-03-15;3621;267;92528;36310;6.4;2.5
78;2021-03-16;2566;568;95094;36878;6.6;2.5
78;2021-03-17;2967;440;98061;37318;6.8;2.6
78;2021-03-18;3780;447;101841;37765;7.0;2.6
78;2021-03-19;5317;487;107158;38252;7.4;2.6
78;2021-03-20;2258;127;109416;38379;7.6;2.6
78;2021-03-21;165;7;109581;38386;7.6;2.6
78;2021-03-22;3532;380;113113;38766;7.8;2.7
78;2021-03-23;5230;544;118343;39310;8.2;2.7
78;2021-03-24;4893;553;123236;39863;8.5;2.8
78;2021-03-25;6941;565;130177;40428;9.0;2.8
78;2021-03-26;6940;717;137117;41145;9.5;2.8
78;2021-03-27;3745;194;140862;41339;9.7;2.9
78;2021-03-28;1919;52;142781;41391;9.9;2.9
78;2021-03-29;3865;762;146646;42153;10.1;2.9
78;2021-03-30;5524;1060;152170;43213;10.5;3.0
78;2021-03-31;5330;1291;157500;44504;10.9;3.1
78;2021-04-01;5595;2353;163095;46857;11.3;3.2
78;2021-04-02;5194;2628;168289;49485;11.6;3.4
78;2021-04-03;2198;2564;170487;52049;11.8;3.6
78;2021-04-04;173;14;170660;52063;11.8;3.6
78;2021-04-05;199;19;170859;52082;11.8;3.6
78;2021-04-06;3618;2307;174477;54389;12.0;3.8
78;2021-04-07;4356;2585;178833;56974;12.3;3.9
78;2021-04-08;5525;2676;184358;59650;12.7;4.1
78;2021-04-09;6909;2452;191267;62102;13.2;4.3
78;2021-04-10;3994;1901;195261;64003;13.5;4.4
78;2021-04-11;374;607;195635;64610;13.5;4.5
78;2021-04-12;3532;2369;199167;66979;13.7;4.6
78;2021-04-13;5459;2497;204626;69476;14.1;4.8
78;2021-04-14;4956;3394;209582;72870;14.5;5.0
78;2021-04-15;4616;3849;214198;76719;14.8;5.3
78;2021-04-16;5626;4020;219824;80739;15.2;5.6
78;2021-04-17;3615;716;223439;81455;15.4;5.6
78;2021-04-18;272;42;223711;81497;15.4;5.6
78;2021-04-19;3242;2813;226953;84310;15.7;5.8
78;2021-04-20;4709;3686;231662;87996;16.0;6.1
78;2021-04-21;4534;3508;236196;91504;16.3;6.3
78;2021-04-22;4565;4693;240761;96197;16.6;6.6
78;2021-04-23;5059;4432;245820;100629;17.0;6.9
78;2021-04-24;4865;2622;250685;103251;17.3;7.1
78;2021-04-25;3047;1731;253732;104982;17.5;7.2
78;2021-04-26;4769;3320;258501;108302;17.8;7.5
78;2021-04-27;5471;4312;263972;112614;18.2;7.8
78;2021-04-28;5651;4786;269623;117400;18.6;8.1
78;2021-04-29;6260;4070;275883;121470;19.0;8.4
78;2021-04-30;7208;4463;283091;125933;19.5;8.7
78;2021-05-01;612;255;283703;126188;19.6;8.7
78;2021-05-02;2008;166;285711;126354;19.7;8.7
78;2021-05-03;7460;1278;293171;127632;20.2;8.8
78;2021-05-04;6077;3979;299248;131611;20.7;9.1
78;2021-05-05;7298;4556;306546;136167;21.2;9.4
78;2021-05-06;6480;5178;313026;141345;21.6;9.8
78;2021-05-07;8313;5143;321339;146488;22.2;10.1
78;2021-05-08;2917;1449;324256;147937;22.4;10.2
78;2021-05-09;2819;354;327075;148291;22.6;10.2
78;2021-05-10;7343;4451;334418;152742;23.1;10.5
78;2021-05-11;8142;5418;342560;158160;23.6;10.9
78;2021-05-12;8732;3920;351292;162080;24.3;11.2
78;2021-05-13;6631;600;357923;162680;24.7;11.2
78;2021-05-14;10217;2215;368140;164895;25.4;11.4
78;2021-05-15;4934;2363;373074;167258;25.8;11.5
78;2021-05-16;3697;792;376771;168050;26.0;11.6
78;2021-05-17;8744;1348;385515;169398;26.6;11.7
78;2021-05-18;9887;1889;395402;171287;27.3;11.8
78;2021-05-19;11651;1711;407053;172998;28.1;11.9
78;2021-05-20;11596;2269;418649;175267;28.9;12.1
78;2021-05-21;12131;2637;430780;177904;29.7;12.3
78;2021-05-22;6546;1370;437326;179274;30.2;12.4
78;2021-05-23;3126;390;440452;179664;30.4;12.4
78;2021-05-24;3523;416;443975;180080;30.6;12.4
78;2021-05-25;9988;2504;453963;182584;31.3;12.6
78;2021-05-26;10166;3780;464129;186364;32.0;12.9
78;2021-05-27;10959;4644;475088;191008;32.8;13.2
78;2021-05-28;11415;6034;486503;197042;33.6;13.6
78;2021-05-29;4228;3386;490731;200428;33.9;13.8
78;2021-05-30;136;347;490867;200775;33.9;13.9
78;2021-05-31;7971;5363;498838;206138;34.4;14.2
78;2021-06-01;10031;6530;508869;212668;35.1;14.7
78;2021-06-02;8586;6213;517455;218881;35.7;15.1
78;2021-06-03;9899;6477;527354;225358;36.4;15.6
78;2021-06-04;9794;8147;537148;233505;37.1;16.1
78;2021-06-05;5520;6139;542668;239644;37.5;16.5
78;2021-06-06;2150;2010;544818;241654;37.6;16.7
78;2021-06-07;8123;6522;552941;248176;38.2;17.1
78;2021-06-08;8065;7321;561006;255497;38.7;17.6
78;2021-06-09;7325;6731;568331;262228;39.2;18.1
78;2021-06-10;7111;7108;575442;269336;39.7;18.6
78;2021-06-11;7583;8185;583025;277521;40.2;19.2
78;2021-06-12;6375;2920;589400;280441;40.7;19.4
78;2021-06-13;946;2458;590346;282899;40.8;19.5
78;2021-06-14;3416;9815;593762;292714;41.0;20.2
78;2021-06-15;5803;8293;599565;301007;41.4;20.8
78;2021-06-16;5432;8632;604997;309639;41.8;21.4
78;2021-06-17;5487;8538;610484;318177;42.1;22.0
78;2021-06-18;6167;9797;616651;327974;42.6;22.6
78;2021-06-19;5221;4820;621872;332794;42.9;23.0
78;2021-06-20;624;2838;622496;335632;43.0;23.2
78;2021-06-21;4099;9469;626595;345101;43.3;23.8
78;2021-06-22;3349;10319;629944;355420;43.5;24.5
78;2021-06-23;3838;10395;633782;365815;43.8;25.3
78;2021-06-24;3799;9979;637581;375794;44.0;25.9
78;2021-06-25;4002;13153;641583;388947;44.3;26.8
78;2021-06-26;4211;7956;645794;396903;44.6;27.4
78;2021-06-27;1040;2541;646834;399444;44.7;27.6
78;2021-06-28;3294;10903;650128;410347;44.9;28.3
78;2021-06-29;3539;11253;653667;421600;45.1;29.1
78;2021-06-30;4113;13225;657780;434825;45.4;30.0
78;2021-07-01;4109;12700;661889;447525;45.7;30.9
78;2021-07-02;4260;13938;666149;461463;46.0;31.9
78;2021-07-03;3161;8624;669310;470087;46.2;32.5
78;2021-07-04;777;1743;670087;471830;46.3;32.6
78;2021-07-05;3384;9695;673471;481525;46.5;33.2
78;2021-07-06;3526;12043;676997;493568;46.7;34.1
78;2021-07-07;3761;11606;680758;505174;47.0;34.9
78;2021-07-08;3866;11676;684624;516850;47.3;35.7
78;2021-07-09;4776;12743;689400;529593;47.6;36.6
78;2021-07-10;2626;6609;692026;536202;47.8;37.0
78;2021-07-11;748;2047;692774;538249;47.8;37.2
78;2021-07-12;2999;11744;695773;549993;48.0;38.0
78;2021-07-13;5345;11976;701118;561969;48.4;38.8
78;2021-07-14;2533;4990;703651;566959;48.6;39.1
78;2021-07-15;5667;11957;709318;578916;49.0;40.0
78;2021-07-16;7262;10782;716580;589698;49.5;40.7
78;2021-07-17;4726;4897;721306;594595;49.8;41.0
78;2021-07-18;1123;470;722429;595065;49.9;41.1
78;2021-07-19;3840;10346;726269;605411;50.1;41.8
78;2021-07-20;5610;9924;731879;615335;50.5;42.5
78;2021-07-21;5902;9859;737781;625194;50.9;43.2
78;2021-07-22;5946;9289;743727;634483;51.3;43.8
78;2021-07-23;6225;9221;749952;643704;51.8;44.4
78;2021-07-24;2938;4970;752890;648674;52.0;44.8
78;2021-07-25;987;374;753877;649048;52.0;44.8
78;2021-07-26;4859;6989;758736;656037;52.4;45.3
78;2021-07-27;7587;6904;766323;662941;52.9;45.8
78;2021-07-28;6942;5930;773265;668871;53.4;46.2
78;2021-07-29;7902;5994;781167;674865;53.9;46.6
78;2021-07-30;7715;7041;788882;681906;54.5;47.1
78;2021-07-31;2646;2733;791528;684639;54.6;47.3
78;2021-08-01;104;71;791632;684710;54.6;47.3
78;2021-08-02;2381;2120;794013;686830;54.8;47.4
78;2021-08-03;4228;4246;798241;691076;55.1;47.7
78;2021-08-04;4359;2809;802600;693885;55.4;47.9
78;2021-08-05;3858;3163;806458;697048;55.7;48.1
78;2021-08-06;3862;3715;810320;700763;55.9;48.4
78;2021-08-07;2811;3436;813131;704199;56.1;48.6
78;2021-08-08;476;343;813607;704542;56.2;48.6
78;2021-08-09;1864;1653;815471;706195;56.3;48.7
78;2021-08-10;3384;3973;818855;710168;56.5;49.0
78;2021-08-11;2960;3379;821815;713547;56.7;49.3
78;2021-08-12;2721;3536;824536;717083;56.9;49.5
78;2021-08-13;2839;3178;827375;720261;57.1;49.7
78;2021-08-14;2292;3082;829667;723343;57.3;49.9
78;2021-08-15;273;376;829940;723719;57.3;50.0
78;2021-08-16;901;2340;830841;726059;57.4;50.1
78;2021-08-17;2770;4418;833611;730477;57.5;50.4
78;2021-08-18;2452;3814;836063;734291;57.7;50.7
78;2021-08-19;2225;3577;838288;737868;57.9;50.9
78;2021-08-20;2083;3999;840371;741867;58.0;51.2
78;2021-08-21;1884;3576;842255;745443;58.1;51.5
78;2021-08-22;85;147;842340;745590;58.1;51.5
78;2021-08-23;2141;4239;844481;749829;58.3;51.8
78;2021-08-24;3617;6967;848098;756796;58.5;52.2
78;2021-08-25;3273;6577;851371;763373;58.8;52.7
78;2021-08-26;2966;7221;854337;770594;59.0;53.2
78;2021-08-27;2837;7348;857174;777942;59.2;53.7
78;2021-08-28;2414;5262;859588;783204;59.3;54.1
78;2021-08-29;369;350;859957;783554;59.4;54.1
78;2021-08-30;2844;5055;862801;788609;59.6;54.4
78;2021-08-31;3422;5792;866223;794401;59.8;54.8
79;2020-12-27;0;0;0;0;0.0;0.0
79;2020-12-28;3;0;3;0;0.0;0.0
79;2020-12-29;0;0;3;0;0.0;0.0
79;2020-12-30;0;0;3;0;0.0;0.0
79;2020-12-31;0;0;3;0;0.0;0.0
79;2021-01-01;0;0;3;0;0.0;0.0
79;2021-01-02;0;0;3;0;0.0;0.0
79;2021-01-03;0;0;3;0;0.0;0.0
79;2021-01-04;1;0;4;0;0.0;0.0
79;2021-01-05;0;0;4;0;0.0;0.0
79;2021-01-06;0;0;4;0;0.0;0.0
79;2021-01-07;158;0;162;0;0.0;0.0
79;2021-01-08;165;0;327;0;0.1;0.0
79;2021-01-09;98;0;425;0;0.1;0.0
79;2021-01-10;3;0;428;0;0.1;0.0
79;2021-01-11;184;1;612;1;0.2;0.0
79;2021-01-12;245;1;857;2;0.2;0.0
79;2021-01-13;258;0;1115;2;0.3;0.0
79;2021-01-14;505;8;1620;10;0.4;0.0
79;2021-01-15;616;5;2236;15;0.6;0.0
79;2021-01-16;66;0;2302;15;0.6;0.0
79;2021-01-17;0;0;2302;15;0.6;0.0
79;2021-01-18;477;2;2779;17;0.7;0.0
79;2021-01-19;1360;1;4139;18;1.1;0.0
79;2021-01-20;1677;1;5816;19;1.6;0.0
79;2021-01-21;1998;7;7814;26;2.1;0.0
79;2021-01-22;874;4;8688;30;2.3;0.0
79;2021-01-23;65;0;8753;30;2.3;0.0
79;2021-01-24;0;0;8753;30;2.3;0.0
79;2021-01-25;645;7;9398;37;2.5;0.0
79;2021-01-26;592;13;9990;50;2.7;0.0
79;2021-01-27;741;84;10731;134;2.9;0.0
79;2021-01-28;733;150;11464;284;3.1;0.1
79;2021-01-29;492;88;11956;372;3.2;0.1
79;2021-01-30;0;0;11956;372;3.2;0.1
79;2021-01-31;0;0;11956;372;3.2;0.1
79;2021-02-01;207;111;12163;483;3.3;0.1
79;2021-02-02;334;73;12497;556;3.4;0.1
79;2021-02-03;390;60;12887;616;3.5;0.2
79;2021-02-04;324;109;13211;725;3.5;0.2
79;2021-02-05;360;275;13571;1000;3.6;0.3
79;2021-02-06;3;0;13574;1000;3.6;0.3
79;2021-02-07;22;0;13596;1000;3.6;0.3
79;2021-02-08;283;168;13879;1168;3.7;0.3
79;2021-02-09;457;782;14336;1950;3.8;0.5
79;2021-02-10;619;1194;14955;3144;4.0;0.8
79;2021-02-11;777;1233;15732;4377;4.2;1.2
79;2021-02-12;467;764;16199;5141;4.3;1.4
79;2021-02-13;53;73;16252;5214;4.4;1.4
79;2021-02-14;0;0;16252;5214;4.4;1.4
79;2021-02-15;186;503;16438;5717;4.4;1.5
79;2021-02-16;333;730;16771;6447;4.5;1.7
79;2021-02-17;249;875;17020;7322;4.6;2.0
79;2021-02-18;353;943;17373;8265;4.7;2.2
79;2021-02-19;267;561;17640;8826;4.7;2.4
79;2021-02-20;4;22;17644;8848;4.7;2.4
79;2021-02-21;1;0;17645;8848;4.7;2.4
79;2021-02-22;136;460;17781;9308;4.8;2.5
79;2021-02-23;248;564;18029;9872;4.8;2.6
79;2021-02-24;245;542;18274;10414;4.9;2.8
79;2021-02-25;517;466;18791;10880;5.0;2.9
79;2021-02-26;599;397;19390;11277;5.2;3.0
79;2021-02-27;407;5;19797;11282;5.3;3.0
79;2021-02-28;35;0;19832;11282;5.3;3.0
79;2021-03-01;89;362;19921;11644;5.3;3.1
79;2021-03-02;302;507;20223;12151;5.4;3.3
79;2021-03-03;661;543;20884;12694;5.6;3.4
79;2021-03-04;904;569;21788;13263;5.8;3.6
79;2021-03-05;1217;448;23005;13711;6.2;3.7
79;2021-03-06;611;6;23616;13717;6.3;3.7
79;2021-03-07;77;1;23693;13718;6.4;3.7
79;2021-03-08;344;309;24037;14027;6.5;3.8
79;2021-03-09;841;343;24878;14370;6.7;3.9
79;2021-03-10;1146;406;26024;14776;7.0;4.0
79;2021-03-11;1640;326;27664;15102;7.4;4.1
79;2021-03-12;1721;119;29385;15221;7.9;4.1
79;2021-03-13;1136;12;30521;15233;8.2;4.1
79;2021-03-14;50;0;30571;15233;8.2;4.1
79;2021-03-15;497;158;31068;15391;8.3;4.1
79;2021-03-16;735;146;31803;15537;8.5;4.2
79;2021-03-17;577;107;32380;15644;8.7;4.2
79;2021-03-18;553;202;32933;15846;8.8;4.3
79;2021-03-19;662;258;33595;16104;9.0;4.3
79;2021-03-20;1007;14;34602;16118;9.3;4.3
79;2021-03-21;3;0;34605;16118;9.3;4.3
79;2021-03-22;955;207;35560;16325;9.5;4.4
79;2021-03-23;1592;170;37152;16495;10.0;4.4
79;2021-03-24;1829;162;38981;16657;10.5;4.5
79;2021-03-25;2499;190;41480;16847;11.1;4.5
79;2021-03-26;2406;136;43886;16983;11.8;4.6
79;2021-03-27;769;18;44655;17001;12.0;4.6
79;2021-03-28;1;0;44656;17001;12.0;4.6
79;2021-03-29;2148;114;46804;17115;12.6;4.6
79;2021-03-30;2816;63;49620;17178;13.3;4.6
79;2021-03-31;2777;381;52397;17559;14.1;4.7
79;2021-04-01;2697;382;55094;17941;14.8;4.8
79;2021-04-02;2823;393;57917;18334;15.5;4.9
79;2021-04-03;634;54;58551;18388;15.7;4.9
79;2021-04-04;3;0;58554;18388;15.7;4.9
79;2021-04-05;380;4;58934;18392;15.8;4.9
79;2021-04-06;1794;584;60728;18976;16.3;5.1
79;2021-04-07;3117;736;63845;19712;17.1;5.3
79;2021-04-08;2630;695;66475;20407;17.8;5.5
79;2021-04-09;3738;547;70213;20954;18.8;5.6
79;2021-04-10;1466;385;71679;21339;19.2;5.7
79;2021-04-11;4;0;71683;21339;19.2;5.7
79;2021-04-12;1753;354;73436;21693;19.7;5.8
79;2021-04-13;2174;751;75610;22444;20.3;6.0
79;2021-04-14;2481;674;78091;23118;21.0;6.2
79;2021-04-15;2215;667;80306;23785;21.6;6.4
79;2021-04-16;1414;441;81720;24226;21.9;6.5
79;2021-04-17;581;352;82301;24578;22.1;6.6
79;2021-04-18;1;14;82302;24592;22.1;6.6
79;2021-04-19;1089;841;83391;25433;22.4;6.8
79;2021-04-20;1507;1229;84898;26662;22.8;7.2
79;2021-04-21;1419;1440;86317;28102;23.2;7.5
79;2021-04-22;1572;1085;87889;29187;23.6;7.8
79;2021-04-23;1317;1188;89206;30375;23.9;8.2
79;2021-04-24;653;462;89859;30837;24.1;8.3
79;2021-04-25;1;0;89860;30837;24.1;8.3
79;2021-04-26;1343;1813;91203;32650;24.5;8.8
79;2021-04-27;1898;2351;93101;35001;25.0;9.4
79;2021-04-28;1456;2868;94557;37869;25.4;10.2
79;2021-04-29;2105;2255;96662;40124;25.9;10.8
79;2021-04-30;2114;2461;98776;42585;26.5;11.4
79;2021-05-01;521;379;99297;42964;26.6;11.5
79;2021-05-02;1;11;99298;42975;26.6;11.5
79;2021-05-03;1182;1292;100480;44267;27.0;11.9
79;2021-05-04;1733;2331;102213;46598;27.4;12.5
79;2021-05-05;1695;2483;103908;49081;27.9;13.2
79;2021-05-06;2328;2223;106236;51304;28.5;13.8
79;2021-05-07;2087;2804;108323;54108;29.1;14.5
79;2021-05-08;199;506;108522;54614;29.1;14.7
79;2021-05-09;0;0;108522;54614;29.1;14.7
79;2021-05-10;1584;1788;110106;56402;29.5;15.1
79;2021-05-11;2310;1650;112416;58052;30.2;15.6
79;2021-05-12;2000;2678;114416;60730;30.7;16.3
79;2021-05-13;640;290;115056;61020;30.9;16.4
79;2021-05-14;2100;673;117156;61693;31.4;16.6
79;2021-05-15;1399;499;118555;62192;31.8;16.7
79;2021-05-16;1;22;118556;62214;31.8;16.7
79;2021-05-17;1876;1087;120432;63301;32.3;17.0
79;2021-05-18;2971;1272;123403;64573;33.1;17.3
79;2021-05-19;2897;969;126300;65542;33.9;17.6
79;2021-05-20;3106;1248;129406;66790;34.7;17.9
79;2021-05-21;2768;1066;132174;67856;35.5;18.2
79;2021-05-22;1084;261;133258;68117;35.8;18.3
79;2021-05-23;1;0;133259;68117;35.8;18.3
79;2021-05-24;161;20;133420;68137;35.8;18.3
79;2021-05-25;3199;990;136619;69127;36.7;18.6
79;2021-05-26;3314;853;139933;69980;37.6;18.8
79;2021-05-27;3590;1719;143523;71699;38.5;19.2
79;2021-05-28;3330;1823;146853;73522;39.4;19.7
79;2021-05-29;1073;451;147926;73973;39.7;19.9
79;2021-05-30;3;1;147929;73974;39.7;19.9
79;2021-05-31;2382;735;150311;74709;40.3;20.0
79;2021-06-01;3021;1576;153332;76285;41.1;20.5
79;2021-06-02;4065;1167;157397;77452;42.2;20.8
79;2021-06-03;4089;1756;161486;79208;43.3;21.3
79;2021-06-04;4144;2034;165630;81242;44.4;21.8
79;2021-06-05;2802;758;168432;82000;45.2;22.0
79;2021-06-06;696;39;169128;82039;45.4;22.0
79;2021-06-07;2809;1413;171937;83452;46.1;22.4
79;2021-06-08;2982;2068;174919;85520;46.9;23.0
79;2021-06-09;3631;1937;178550;87457;47.9;23.5
79;2021-06-10;3020;1976;181570;89433;48.7;24.0
79;2021-06-11;3767;2316;185337;91749;49.7;24.6
79;2021-06-12;1704;610;187041;92359;50.2;24.8
79;2021-06-13;214;24;187255;92383;50.3;24.8
79;2021-06-14;1247;1692;188502;94075;50.6;25.2
79;2021-06-15;1881;2362;190383;96437;51.1;25.9
79;2021-06-16;2206;2248;192589;98685;51.7;26.5
79;2021-06-17;2238;2617;194827;101302;52.3;27.2
79;2021-06-18;2413;2324;197240;103626;52.9;27.8
79;2021-06-19;1246;581;198486;104207;53.3;28.0
79;2021-06-20;3;2;198489;104209;53.3;28.0
79;2021-06-21;1233;2282;199722;106491;53.6;28.6
79;2021-06-22;1548;2875;201270;109366;54.0;29.3
79;2021-06-23;1771;2548;203041;111914;54.5;30.0
79;2021-06-24;2107;2004;205148;113918;55.1;30.6
79;2021-06-25;1488;2843;206636;116761;55.5;31.3
79;2021-06-26;870;808;207506;117569;55.7;31.6
79;2021-06-27;13;6;207519;117575;55.7;31.6
79;2021-06-28;1056;2622;208575;120197;56.0;32.3
79;2021-06-29;1474;3550;210049;123747;56.4;33.2
79;2021-06-30;1355;3448;211404;127195;56.7;34.1
79;2021-07-01;1203;3785;212607;130980;57.1;35.2
79;2021-07-02;1490;3347;214097;134327;57.5;36.0
79;2021-07-03;399;1504;214496;135831;57.6;36.5
79;2021-07-04;2;9;214498;135840;57.6;36.5
79;2021-07-05;751;2118;215249;137958;57.8;37.0
79;2021-07-06;947;3666;216196;141624;58.0;38.0
79;2021-07-07;1332;4308;217528;145932;58.4;39.2
79;2021-07-08;1103;4045;218631;149977;58.7;40.2
79;2021-07-09;837;3719;219468;153696;58.9;41.2
79;2021-07-10;515;1316;219983;155012;59.0;41.6
79;2021-07-11;2;12;219985;155024;59.0;41.6
79;2021-07-12;545;3694;220530;158718;59.2;42.6
79;2021-07-13;999;5188;221529;163906;59.5;44.0
79;2021-07-14;133;874;221662;164780;59.5;44.2
79;2021-07-15;1234;4684;222896;169464;59.8;45.5
79;2021-07-16;1333;4364;224229;173828;60.2;46.6
79;2021-07-17;576;2425;224805;176253;60.3;47.3
79;2021-07-18;44;498;224849;176751;60.3;47.4
79;2021-07-19;735;3317;225584;180068;60.5;48.3
79;2021-07-20;1226;3947;226810;184015;60.9;49.4
79;2021-07-21;1179;4199;227989;188214;61.2;50.5
79;2021-07-22;1355;3977;229344;192191;61.5;51.6
79;2021-07-23;1350;4555;230694;196746;61.9;52.8
79;2021-07-24;865;1498;231559;198244;62.1;53.2
79;2021-07-25;55;326;231614;198570;62.2;53.3
79;2021-07-26;1374;2598;232988;201168;62.5;54.0
79;2021-07-27;2084;2997;235072;204165;63.1;54.8
79;2021-07-28;2497;2494;237569;206659;63.8;55.5
79;2021-07-29;3006;2861;240575;209520;64.6;56.2
79;2021-07-30;2138;2821;242713;212341;65.1;57.0
79;2021-07-31;888;1157;243601;213498;65.4;57.3
79;2021-08-01;4;3;243605;213501;65.4;57.3
79;2021-08-02;1795;1545;245400;215046;65.9;57.7
79;2021-08-03;2819;2051;248219;217097;66.6;58.3
79;2021-08-04;2985;1746;251204;218843;67.4;58.7
79;2021-08-05;2894;2213;254098;221056;68.2;59.3
79;2021-08-06;2524;1640;256622;222696;68.9;59.8
79;2021-08-07;869;814;257491;223510;69.1;60.0
79;2021-08-08;1;3;257492;223513;69.1;60.0
79;2021-08-09;2487;1085;259979;224598;69.8;60.3
79;2021-08-10;2972;1542;262951;226140;70.6;60.7
79;2021-08-11;2572;1663;265523;227803;71.3;61.1
79;2021-08-12;2760;1425;268283;229228;72.0;61.5
79;2021-08-13;2841;1061;271124;230289;72.8;61.8
79;2021-08-14;517;391;271641;230680;72.9;61.9
79;2021-08-15;6;5;271647;230685;72.9;61.9
79;2021-08-16;1762;1197;273409;231882;73.4;62.2
79;2021-08-17;2099;1592;275508;233474;73.9;62.7
79;2021-08-18;1919;1914;277427;235388;74.5;63.2
79;2021-08-19;1612;1710;279039;237098;74.9;63.6
79;2021-08-20;1507;2158;280546;239256;75.3;64.2
79;2021-08-21;236;542;280782;239798;75.4;64.4
79;2021-08-22;1;21;280783;239819;75.4;64.4
79;2021-08-23;858;2175;281641;241994;75.6;64.9
79;2021-08-24;1065;2483;282706;244477;75.9;65.6
79;2021-08-25;1044;2756;283750;247233;76.1;66.3
79;2021-08-26;1015;2329;284765;249562;76.4;67.0
79;2021-08-27;609;2056;285374;251618;76.6;67.5
79;2021-08-28;294;839;285668;252457;76.7;67.8
79;2021-08-29;7;5;285675;252462;76.7;67.8
79;2021-08-30;553;2365;286228;254827;76.8;68.4
79;2021-08-31;631;2536;286859;257363;77.0;69.1
80;2020-12-27;0;0;0;0;0.0;0.0
80;2020-12-28;0;0;0;0;0.0;0.0
80;2020-12-29;11;0;11;0;0.0;0.0
80;2020-12-30;0;0;11;0;0.0;0.0
80;2020-12-31;0;0;11;0;0.0;0.0
80;2021-01-01;0;0;11;0;0.0;0.0
80;2021-01-02;0;0;11;0;0.0;0.0
80;2021-01-03;1;0;12;0;0.0;0.0
80;2021-01-04;0;0;12;0;0.0;0.0
80;2021-01-05;0;0;12;0;0.0;0.0
80;2021-01-06;30;0;42;0;0.0;0.0
80;2021-01-07;276;2;318;2;0.1;0.0
80;2021-01-08;330;0;648;2;0.1;0.0
80;2021-01-09;108;0;756;2;0.1;0.0
80;2021-01-10;21;0;777;2;0.1;0.0
80;2021-01-11;276;0;1053;2;0.2;0.0
80;2021-01-12;428;1;1481;3;0.3;0.0
80;2021-01-13;514;4;1995;7;0.4;0.0
80;2021-01-14;453;4;2448;11;0.4;0.0
80;2021-01-15;330;1;2778;12;0.5;0.0
80;2021-01-16;103;1;2881;13;0.5;0.0
80;2021-01-17;102;1;2983;14;0.5;0.0
80;2021-01-18;412;2;3395;16;0.6;0.0
80;2021-01-19;962;16;4357;32;0.8;0.0
80;2021-01-20;1086;9;5443;41;1.0;0.0
80;2021-01-21;1010;9;6453;50;1.1;0.0
80;2021-01-22;1113;4;7566;54;1.3;0.0
80;2021-01-23;908;2;8474;56;1.5;0.0
80;2021-01-24;824;5;9298;61;1.6;0.0
80;2021-01-25;1541;9;10839;70;1.9;0.0
80;2021-01-26;1480;11;12319;81;2.2;0.0
80;2021-01-27;822;26;13141;107;2.3;0.0
80;2021-01-28;623;171;13764;278;2.4;0.0
80;2021-01-29;637;213;14401;491;2.5;0.1
80;2021-01-30;85;59;14486;550;2.5;0.1
80;2021-01-31;0;0;14486;550;2.5;0.1
80;2021-02-01;26;254;14512;804;2.5;0.1
80;2021-02-02;21;441;14533;1245;2.6;0.2
80;2021-02-03;29;536;14562;1781;2.6;0.3
80;2021-02-04;278;348;14840;2129;2.6;0.4
80;2021-02-05;347;211;15187;2340;2.7;0.4
80;2021-02-06;168;67;15355;2407;2.7;0.4
80;2021-02-07;1;0;15356;2407;2.7;0.4
80;2021-02-08;426;241;15782;2648;2.8;0.5
80;2021-02-09;686;243;16468;2891;2.9;0.5
80;2021-02-10;606;495;17074;3386;3.0;0.6
80;2021-02-11;862;350;17936;3736;3.1;0.7
80;2021-02-12;945;315;18881;4051;3.3;0.7
80;2021-02-13;196;426;19077;4477;3.3;0.8
80;2021-02-14;78;572;19155;5049;3.4;0.9
80;2021-02-15;606;1016;19761;6065;3.5;1.1
80;2021-02-16;688;1126;20449;7191;3.6;1.3
80;2021-02-17;485;1169;20934;8360;3.7;1.5
80;2021-02-18;569;1131;21503;9491;3.8;1.7
80;2021-02-19;503;845;22006;10336;3.9;1.8
80;2021-02-20;22;508;22028;10844;3.9;1.9
80;2021-02-21;47;45;22075;10889;3.9;1.9
80;2021-02-22;149;571;22224;11460;3.9;2.0
80;2021-02-23;471;686;22695;12146;4.0;2.1
80;2021-02-24;431;675;23126;12821;4.1;2.3
80;2021-02-25;815;531;23941;13352;4.2;2.3
80;2021-02-26;1063;517;25004;13869;4.4;2.4
80;2021-02-27;476;70;25480;13939;4.5;2.4
80;2021-02-28;49;24;25529;13963;4.5;2.5
80;2021-03-01;728;68;26257;14031;4.6;2.5
80;2021-03-02;1013;92;27270;14123;4.8;2.5
80;2021-03-03;982;57;28252;14180;5.0;2.5
80;2021-03-04;1391;237;29643;14417;5.2;2.5
80;2021-03-05;1874;332;31517;14749;5.5;2.6
80;2021-03-06;2918;333;34435;15082;6.0;2.6
80;2021-03-07;1843;80;36278;15162;6.4;2.7
80;2021-03-08;715;605;36993;15767;6.5;2.8
80;2021-03-09;1310;904;38303;16671;6.7;2.9
80;2021-03-10;1724;753;40027;17424;7.0;3.1
80;2021-03-11;1910;820;41937;18244;7.4;3.2
80;2021-03-12;3138;747;45075;18991;7.9;3.3
80;2021-03-13;4008;205;49083;19196;8.6;3.4
80;2021-03-14;350;14;49433;19210;8.7;3.4
80;2021-03-15;1014;248;50447;19458;8.9;3.4
80;2021-03-16;882;345;51329;19803;9.0;3.5
80;2021-03-17;665;278;51994;20081;9.1;3.5
80;2021-03-18;1002;297;52996;20378;9.3;3.6
80;2021-03-19;1738;383;54734;20761;9.6;3.6
80;2021-03-20;3822;116;58556;20877;10.3;3.7
80;2021-03-21;486;31;59042;20908;10.4;3.7
80;2021-03-22;903;292;59945;21200;10.5;3.7
80;2021-03-23;1713;417;61658;21617;10.8;3.8
80;2021-03-24;1755;467;63413;22084;11.1;3.9
80;2021-03-25;2714;449;66127;22533;11.6;4.0
80;2021-03-26;3105;422;69232;22955;12.2;4.0
80;2021-03-27;2236;226;71468;23181;12.5;4.1
80;2021-03-28;676;95;72144;23276;12.7;4.1
80;2021-03-29;1980;754;74124;24030;13.0;4.2
80;2021-03-30;1969;871;76093;24901;13.4;4.4
80;2021-03-31;1495;985;77588;25886;13.6;4.5
80;2021-04-01;1951;1488;79539;27374;14.0;4.8
80;2021-04-02;2811;1573;82350;28947;14.5;5.1
80;2021-04-03;3046;856;85396;29803;15.0;5.2
80;2021-04-04;134;8;85530;29811;15.0;5.2
80;2021-04-05;684;199;86214;30010;15.1;5.3
80;2021-04-06;1280;965;87494;30975;15.4;5.4
80;2021-04-07;1624;1199;89118;32174;15.6;5.6
80;2021-04-08;2154;841;91272;33015;16.0;5.8
80;2021-04-09;3529;1350;94801;34365;16.6;6.0
80;2021-04-10;2737;1945;97538;36310;17.1;6.4
80;2021-04-11;189;176;97727;36486;17.2;6.4
80;2021-04-12;1814;486;99541;36972;17.5;6.5
80;2021-04-13;2385;1035;101926;38007;17.9;6.7
80;2021-04-14;2769;1147;104695;39154;18.4;6.9
80;2021-04-15;3730;870;108425;40024;19.0;7.0
80;2021-04-16;3337;872;111762;40896;19.6;7.2
80;2021-04-17;1653;2297;113415;43193;19.9;7.6
80;2021-04-18;372;390;113787;43583;20.0;7.6
80;2021-04-19;951;773;114738;44356;20.1;7.8
80;2021-04-20;1612;818;116350;45174;20.4;7.9
80;2021-04-21;1612;998;117962;46172;20.7;8.1
80;2021-04-22;2167;1251;120129;47423;21.1;8.3
80;2021-04-23;2638;1246;122767;48669;21.5;8.5
80;2021-04-24;1356;1191;124123;49860;21.8;8.8
80;2021-04-25;209;531;124332;50391;21.8;8.8
80;2021-04-26;1295;1444;125627;51835;22.0;9.1
80;2021-04-27;2024;1396;127651;53231;22.4;9.3
80;2021-04-28;2199;1392;129850;54623;22.8;9.6
80;2021-04-29;3219;1881;133069;56504;23.4;9.9
80;2021-04-30;3081;2854;136150;59358;23.9;10.4
80;2021-05-01;987;660;137137;60018;24.1;10.5
80;2021-05-02;371;53;137508;60071;24.1;10.5
80;2021-05-03;2722;1187;140230;61258;24.6;10.8
80;2021-05-04;2495;1706;142725;62964;25.0;11.1
80;2021-05-05;3365;1896;146090;64860;25.6;11.4
80;2021-05-06;3172;2556;149262;67416;26.2;11.8
80;2021-05-07;3455;2696;152717;70112;26.8;12.3
80;2021-05-08;2782;927;155499;71039;27.3;12.5
80;2021-05-09;1408;268;156907;71307;27.5;12.5
80;2021-05-10;1881;1833;158788;73140;27.9;12.8
80;2021-05-11;3276;1803;162064;74943;28.4;13.2
80;2021-05-12;4703;1576;166767;76519;29.3;13.4
80;2021-05-13;3836;368;170603;76887;29.9;13.5
80;2021-05-14;5189;1404;175792;78291;30.9;13.7
80;2021-05-15;5918;1054;181710;79345;31.9;13.9
80;2021-05-16;2678;309;184388;79654;32.4;14.0
80;2021-05-17;2372;818;186760;80472;32.8;14.1
80;2021-05-18;3948;857;190708;81329;33.5;14.3
80;2021-05-19;4020;945;194728;82274;34.2;14.4
80;2021-05-20;4569;1222;199297;83496;35.0;14.7
80;2021-05-21;4892;1672;204189;85168;35.8;14.9
80;2021-05-22;5032;1158;209221;86326;36.7;15.2
80;2021-05-23;1783;241;211004;86567;37.0;15.2
80;2021-05-24;1469;159;212473;86726;37.3;15.2
80;2021-05-25;2622;1135;215095;87861;37.8;15.4
80;2021-05-26;4252;1703;219347;89564;38.5;15.7
80;2021-05-27;3978;2471;223325;92035;39.2;16.2
80;2021-05-28;3867;2979;227192;95014;39.9;16.7
80;2021-05-29;3699;1634;230891;96648;40.5;17.0
80;2021-05-30;1182;198;232073;96846;40.7;17.0
80;2021-05-31;2605;1373;234678;98219;41.2;17.2
80;2021-06-01;4032;2435;238710;100654;41.9;17.7
80;2021-06-02;3336;2009;242046;102663;42.5;18.0
80;2021-06-03;4268;2931;246314;105594;43.2;18.5
80;2021-06-04;4794;3085;251108;108679;44.1;19.1
80;2021-06-05;3561;2072;254669;110751;44.7;19.4
80;2021-06-06;802;211;255471;110962;44.8;19.5
80;2021-06-07;1752;1945;257223;112907;45.1;19.8
80;2021-06-08;2746;2559;259969;115466;45.6;20.3
80;2021-06-09;3010;2733;262979;118199;46.2;20.7
80;2021-06-10;3168;3171;266147;121370;46.7;21.3
80;2021-06-11;3224;3895;269371;125265;47.3;22.0
80;2021-06-12;3043;2327;272414;127592;47.8;22.4
80;2021-06-13;473;405;272887;127997;47.9;22.5
80;2021-06-14;1265;2851;274152;130848;48.1;23.0
80;2021-06-15;2315;3422;276467;134270;48.5;23.6
80;2021-06-16;1563;4214;278030;138484;48.8;24.3
80;2021-06-17;2362;3625;280392;142109;49.2;24.9
80;2021-06-18;2554;3904;282946;146013;49.7;25.6
80;2021-06-19;2989;4341;285935;150354;50.2;26.4
80;2021-06-20;203;1077;286138;151431;50.2;26.6
80;2021-06-21;1017;2618;287155;154049;50.4;27.0
80;2021-06-22;1152;3936;288307;157985;50.6;27.7
80;2021-06-23;1855;5292;290162;163277;50.9;28.7
80;2021-06-24;1701;4686;291863;167963;51.2;29.5
80;2021-06-25;1375;6123;293238;174086;51.5;30.6
80;2021-06-26;1936;6181;295174;180267;51.8;31.6
80;2021-06-27;332;2031;295506;182298;51.9;32.0
80;2021-06-28;909;3169;296415;185467;52.0;32.6
80;2021-06-29;1923;4620;298338;190087;52.4;33.4
80;2021-06-30;1251;4784;299589;194871;52.6;34.2
80;2021-07-01;1631;4998;301220;199869;52.9;35.1
80;2021-07-02;1880;5987;303100;205856;53.2;36.1
80;2021-07-03;1331;5268;304431;211124;53.4;37.1
80;2021-07-04;692;1469;305123;212593;53.6;37.3
80;2021-07-05;907;2963;306030;215556;53.7;37.8
80;2021-07-06;1873;3986;307903;219542;54.0;38.5
80;2021-07-07;1577;4508;309480;224050;54.3;39.3
80;2021-07-08;2097;5004;311577;229054;54.7;40.2
80;2021-07-09;2619;5472;314196;234526;55.1;41.2
80;2021-07-10;1634;4018;315830;238544;55.4;41.9
80;2021-07-11;406;804;316236;239348;55.5;42.0
80;2021-07-12;882;3379;317118;242727;55.7;42.6
80;2021-07-13;2101;5088;319219;247815;56.0;43.5
80;2021-07-14;2803;1746;322022;249561;56.5;43.8
80;2021-07-15;2809;5297;324831;254858;57.0;44.7
80;2021-07-16;3897;5890;328728;260748;57.7;45.8
80;2021-07-17;3385;4463;332113;265211;58.3;46.5
80;2021-07-18;875;895;332988;266106;58.4;46.7
80;2021-07-19;2162;2884;335150;268990;58.8;47.2
80;2021-07-20;3330;4903;338480;273893;59.4;48.1
80;2021-07-21;3509;4493;341989;278386;60.0;48.9
80;2021-07-22;4374;4572;346363;282958;60.8;49.7
80;2021-07-23;5405;4828;351768;287786;61.7;50.5
80;2021-07-24;4375;4344;356143;292130;62.5;51.3
80;2021-07-25;1185;648;357328;292778;62.7;51.4
80;2021-07-26;2681;2336;360009;295114;63.2;51.8
80;2021-07-27;4370;3710;364379;298824;64.0;52.4
80;2021-07-28;5101;2797;369480;301621;64.8;52.9
80;2021-07-29;4990;3224;374470;304845;65.7;53.5
80;2021-07-30;5028;3639;379498;308484;66.6;54.1
80;2021-07-31;4155;2927;383653;311411;67.3;54.7
80;2021-08-01;1288;362;384941;311773;67.6;54.7
80;2021-08-02;2057;1760;386998;313533;67.9;55.0
80;2021-08-03;3717;2364;390715;315897;68.6;55.4
80;2021-08-04;3367;2488;394082;318385;69.2;55.9
80;2021-08-05;3131;2571;397213;320956;69.7;56.3
80;2021-08-06;3239;2906;400452;323862;70.3;56.8
80;2021-08-07;2419;2661;402871;326523;70.7;57.3
80;2021-08-08;615;723;403486;327246;70.8;57.4
80;2021-08-09;1382;2121;404868;329367;71.1;57.8
80;2021-08-10;2338;2849;407206;332216;71.5;58.3
80;2021-08-11;1933;2483;409139;334699;71.8;58.7
80;2021-08-12;2236;2675;411375;337374;72.2;59.2
80;2021-08-13;1879;3156;413254;340530;72.5;59.8
80;2021-08-14;1410;2143;414664;342673;72.8;60.1
80;2021-08-15;318;672;414982;343345;72.8;60.3
80;2021-08-16;894;2519;415876;345864;73.0;60.7
80;2021-08-17;1703;3547;417579;349411;73.3;61.3
80;2021-08-18;1232;3711;418811;353122;73.5;62.0
80;2021-08-19;1558;3819;420369;356941;73.8;62.6
80;2021-08-20;1258;4429;421627;361370;74.0;63.4
80;2021-08-21;1068;2681;422695;364051;74.2;63.9
80;2021-08-22;145;678;422840;364729;74.2;64.0
80;2021-08-23;581;2996;423421;367725;74.3;64.5
80;2021-08-24;1091;4364;424512;372089;74.5;65.3
80;2021-08-25;970;3672;425482;375761;74.7;65.9
80;2021-08-26;954;3814;426436;379575;74.8;66.6
80;2021-08-27;1011;4448;427447;384023;75.0;67.4
80;2021-08-28;710;3347;428157;387370;75.1;68.0
80;2021-08-29;197;554;428354;387924;75.2;68.1
80;2021-08-30;495;2345;428849;390269;75.3;68.5
80;2021-08-31;749;3181;429598;393450;75.4;69.1
81;2020-12-27;0;0;0;0;0.0;0.0
81;2020-12-28;0;0;0;0;0.0;0.0
81;2020-12-29;0;0;0;0;0.0;0.0
81;2020-12-30;0;0;0;0;0.0;0.0
81;2020-12-31;0;0;0;0;0.0;0.0
81;2021-01-01;0;0;0;0;0.0;0.0
81;2021-01-02;0;0;0;0;0.0;0.0
81;2021-01-03;0;0;0;0;0.0;0.0
81;2021-01-04;1;0;1;0;0.0;0.0
81;2021-01-05;0;0;1;0;0.0;0.0
81;2021-01-06;5;0;6;0;0.0;0.0
81;2021-01-07;266;0;272;0;0.1;0.0
81;2021-01-08;312;1;584;1;0.2;0.0
81;2021-01-09;74;1;658;2;0.2;0.0
81;2021-01-10;1;0;659;2;0.2;0.0
81;2021-01-11;133;0;792;2;0.2;0.0
81;2021-01-12;167;0;959;2;0.2;0.0
81;2021-01-13;233;1;1192;3;0.3;0.0
81;2021-01-14;963;8;2155;11;0.6;0.0
81;2021-01-15;524;3;2679;14;0.7;0.0
81;2021-01-16;72;0;2751;14;0.7;0.0
81;2021-01-17;0;0;2751;14;0.7;0.0
81;2021-01-18;580;2;3331;16;0.9;0.0
81;2021-01-19;662;4;3993;20;1.0;0.0
81;2021-01-20;752;2;4745;22;1.2;0.0
81;2021-01-21;1180;5;5925;27;1.5;0.0
81;2021-01-22;855;2;6780;29;1.7;0.0
81;2021-01-23;221;2;7001;31;1.8;0.0
81;2021-01-24;102;0;7103;31;1.8;0.0
81;2021-01-25;568;3;7671;34;2.0;0.0
81;2021-01-26;634;5;8305;39;2.1;0.0
81;2021-01-27;551;3;8856;42;2.3;0.0
81;2021-01-28;700;207;9556;249;2.5;0.1
81;2021-01-29;302;183;9858;432;2.5;0.1
81;2021-01-30;204;37;10062;469;2.6;0.1
81;2021-01-31;104;1;10166;470;2.6;0.1
81;2021-02-01;320;128;10486;598;2.7;0.2
81;2021-02-02;446;141;10932;739;2.8;0.2
81;2021-02-03;476;219;11408;958;2.9;0.2
81;2021-02-04;1414;689;12822;1647;3.3;0.4
81;2021-02-05;869;315;13691;1962;3.5;0.5
81;2021-02-06;274;19;13965;1981;3.6;0.5
81;2021-02-07;103;0;14068;1981;3.6;0.5
81;2021-02-08;275;212;14343;2193;3.7;0.6
81;2021-02-09;419;217;14762;2410;3.8;0.6
81;2021-02-10;371;285;15133;2695;3.9;0.7
81;2021-02-11;651;387;15784;3082;4.1;0.8
81;2021-02-12;579;544;16363;3626;4.2;0.9
81;2021-02-13;188;154;16551;3780;4.3;1.0
81;2021-02-14;100;1;16651;3781;4.3;1.0
81;2021-02-15;234;475;16885;4256;4.4;1.1
81;2021-02-16;281;611;17166;4867;4.4;1.3
81;2021-02-17;242;514;17408;5381;4.5;1.4
81;2021-02-18;482;667;17890;6048;4.6;1.6
81;2021-02-19;567;405;18457;6453;4.8;1.7
81;2021-02-20;322;275;18779;6728;4.8;1.7
81;2021-02-21;23;80;18802;6808;4.8;1.8
81;2021-02-22;232;533;19034;7341;4.9;1.9
81;2021-02-23;168;591;19202;7932;5.0;2.0
81;2021-02-24;291;622;19493;8554;5.0;2.2
81;2021-02-25;716;1048;20209;9602;5.2;2.5
81;2021-02-26;909;953;21118;10555;5.4;2.7
81;2021-02-27;275;242;21393;10797;5.5;2.8
81;2021-02-28;21;88;21414;10885;5.5;2.8
81;2021-03-01;208;409;21622;11294;5.6;2.9
81;2021-03-02;364;542;21986;11836;5.7;3.1
81;2021-03-03;462;422;22448;12258;5.8;3.2
81;2021-03-04;1061;460;23509;12718;6.1;3.3
81;2021-03-05;1407;395;24916;13113;6.4;3.4
81;2021-03-06;981;167;25897;13280;6.7;3.4
81;2021-03-07;154;102;26051;13382;6.7;3.4
81;2021-03-08;465;358;26516;13740;6.8;3.5
81;2021-03-09;813;366;27329;14106;7.0;3.6
81;2021-03-10;899;393;28228;14499;7.3;3.7
81;2021-03-11;1352;359;29580;14858;7.6;3.8
81;2021-03-12;1690;303;31270;15161;8.1;3.9
81;2021-03-13;1030;188;32300;15349;8.3;4.0
81;2021-03-14;66;82;32366;15431;8.3;4.0
81;2021-03-15;1093;225;33459;15656;8.6;4.0
81;2021-03-16;724;226;34183;15882;8.8;4.1
81;2021-03-17;893;280;35076;16162;9.0;4.2
81;2021-03-18;969;577;36045;16739;9.3;4.3
81;2021-03-19;1271;459;37316;17198;9.6;4.4
81;2021-03-20;677;285;37993;17483;9.8;4.5
81;2021-03-21;139;22;38132;17505;9.8;4.5
81;2021-03-22;933;279;39065;17784;10.1;4.6
81;2021-03-23;1421;223;40486;18007;10.4;4.6
81;2021-03-24;1606;264;42092;18271;10.9;4.7
81;2021-03-25;2028;326;44120;18597;11.4;4.8
81;2021-03-26;2102;283;46222;18880;11.9;4.9
81;2021-03-27;1092;37;47314;18917;12.2;4.9
81;2021-03-28;734;40;48048;18957;12.4;4.9
81;2021-03-29;2867;185;50915;19142;13.1;4.9
81;2021-03-30;3055;212;53970;19354;13.9;5.0
81;2021-03-31;2690;299;56660;19653;14.6;5.1
81;2021-04-01;3313;563;59973;20216;15.5;5.2
81;2021-04-02;2615;370;62588;20586;16.1;5.3
81;2021-04-03;1147;306;63735;20892;16.4;5.4
81;2021-04-04;1403;24;65138;20916;16.8;5.4
81;2021-04-05;718;18;65856;20934;17.0;5.4
81;2021-04-06;1597;511;67453;21445;17.4;5.5
81;2021-04-07;1815;584;69268;22029;17.9;5.7
81;2021-04-08;2615;821;71883;22850;18.5;5.9
81;2021-04-09;3051;476;74934;23326;19.3;6.0
81;2021-04-10;1476;514;76410;23840;19.7;6.1
81;2021-04-11;1298;67;77708;23907;20.0;6.2
81;2021-04-12;1220;685;78928;24592;20.3;6.3
81;2021-04-13;2529;792;81457;25384;21.0;6.5
81;2021-04-14;2507;835;83964;26219;21.6;6.8
81;2021-04-15;3098;1201;87062;27420;22.4;7.1
81;2021-04-16;2821;1090;89883;28510;23.2;7.3
81;2021-04-17;1145;296;91028;28806;23.5;7.4
81;2021-04-18;519;145;91547;28951;23.6;7.5
81;2021-04-19;913;821;92460;29772;23.8;7.7
81;2021-04-20;2270;1171;94730;30943;24.4;8.0
81;2021-04-21;2224;1006;96954;31949;25.0;8.2
81;2021-04-22;2817;1059;99771;33008;25.7;8.5
81;2021-04-23;2886;969;102657;33977;26.5;8.8
81;2021-04-24;1327;743;103984;34720;26.8;9.0
81;2021-04-25;454;716;104438;35436;26.9;9.1
81;2021-04-26;1060;2422;105498;37858;27.2;9.8
81;2021-04-27;1597;2351;107095;40209;27.6;10.4
81;2021-04-28;1427;2398;108522;42607;28.0;11.0
81;2021-04-29;1818;2745;110340;45352;28.4;11.7
81;2021-04-30;2014;2351;112354;47703;29.0;12.3
81;2021-05-01;362;685;112716;48388;29.1;12.5
81;2021-05-02;291;1379;113007;49767;29.1;12.8
81;2021-05-03;1116;1170;114123;50937;29.4;13.1
81;2021-05-04;2623;1911;116746;52848;30.1;13.6
81;2021-05-05;2015;1932;118761;54780;30.6;14.1
81;2021-05-06;2748;3457;121509;58237;31.3;15.0
81;2021-05-07;2128;2881;123637;61118;31.9;15.8
81;2021-05-08;963;878;124600;61996;32.1;16.0
81;2021-05-09;534;1351;125134;63347;32.3;16.3
81;2021-05-10;825;1600;125959;64947;32.5;16.7
81;2021-05-11;1661;2575;127620;67522;32.9;17.4
81;2021-05-12;1640;2466;129260;69988;33.3;18.0
81;2021-05-13;1216;564;130476;70552;33.6;18.2
81;2021-05-14;1890;1725;132366;72277;34.1;18.6
81;2021-05-15;1511;621;133877;72898;34.5;18.8
81;2021-05-16;1368;415;135245;73313;34.9;18.9
81;2021-05-17;1167;864;136412;74177;35.2;19.1
81;2021-05-18;1701;1429;138113;75606;35.6;19.5
81;2021-05-19;2643;1245;140756;76851;36.3;19.8
81;2021-05-20;2968;1351;143724;78202;37.1;20.2
81;2021-05-21;2739;1117;146463;79319;37.8;20.4
81;2021-05-22;2815;520;149278;79839;38.5;20.6
81;2021-05-23;1178;74;150456;79913;38.8;20.6
81;2021-05-24;837;81;151293;79994;39.0;20.6
81;2021-05-25;2493;1107;153786;81101;39.6;20.9
81;2021-05-26;1891;800;155677;81901;40.1;21.1
81;2021-05-27;2556;1547;158233;83448;40.8;21.5
81;2021-05-28;2567;1664;160800;85112;41.5;21.9
81;2021-05-29;1400;542;162200;85654;41.8;22.1
81;2021-05-30;935;219;163135;85873;42.1;22.1
81;2021-05-31;1183;1340;164318;87213;42.4;22.5
81;2021-06-01;1781;2696;166099;89909;42.8;23.2
81;2021-06-02;2006;2448;168105;92357;43.3;23.8
81;2021-06-03;2004;2534;170109;94891;43.9;24.5
81;2021-06-04;1845;2947;171954;97838;44.3;25.2
81;2021-06-05;1757;1307;173711;99145;44.8;25.6
81;2021-06-06;370;366;174081;99511;44.9;25.7
81;2021-06-07;1209;1541;175290;101052;45.2;26.1
81;2021-06-08;2371;2388;177661;103440;45.8;26.7
81;2021-06-09;2440;1869;180101;105309;46.4;27.1
81;2021-06-10;1279;1564;181380;106873;46.8;27.6
81;2021-06-11;2658;2202;184038;109075;47.4;28.1
81;2021-06-12;1659;1038;185697;110113;47.9;28.4
81;2021-06-13;444;475;186141;110588;48.0;28.5
81;2021-06-14;774;1420;186915;112008;48.2;28.9
81;2021-06-15;1678;3500;188593;115508;48.6;29.8
81;2021-06-16;1269;3013;189862;118521;48.9;30.6
81;2021-06-17;1344;2525;191206;121046;49.3;31.2
81;2021-06-18;1837;2771;193043;123817;49.8;31.9
81;2021-06-19;825;949;193868;124766;50.0;32.2
81;2021-06-20;405;536;194273;125302;50.1;32.3
81;2021-06-21;426;1040;194699;126342;50.2;32.6
81;2021-06-22;1061;2566;195760;128908;50.5;33.2
81;2021-06-23;1142;2158;196902;131066;50.8;33.8
81;2021-06-24;1115;1938;198017;133004;51.0;34.3
81;2021-06-25;1241;2868;199258;135872;51.4;35.0
81;2021-06-26;722;1712;199980;137584;51.6;35.5
81;2021-06-27;526;1646;200506;139230;51.7;35.9
81;2021-06-28;476;1541;200982;140771;51.8;36.3
81;2021-06-29;1083;2638;202065;143409;52.1;37.0
81;2021-06-30;1042;3155;203107;146564;52.4;37.8
81;2021-07-01;951;2628;204058;149192;52.6;38.5
81;2021-07-02;998;2860;205056;152052;52.9;39.2
81;2021-07-03;732;2829;205788;154881;53.1;39.9
81;2021-07-04;268;1010;206056;155891;53.1;40.2
81;2021-07-05;703;1624;206759;157515;53.3;40.6
81;2021-07-06;975;3177;207734;160692;53.6;41.4
81;2021-07-07;1059;2440;208793;163132;53.8;42.1
81;2021-07-08;1030;2234;209823;165366;54.1;42.6
81;2021-07-09;1147;2704;210970;168070;54.4;43.3
81;2021-07-10;807;1523;211777;169593;54.6;43.7
81;2021-07-11;436;1012;212213;170605;54.7;44.0
81;2021-07-12;737;1726;212950;172331;54.9;44.4
81;2021-07-13;2066;3143;215016;175474;55.4;45.2
81;2021-07-14;1443;1572;216459;177046;55.8;45.6
81;2021-07-15;2546;2764;219005;179810;56.5;46.4
81;2021-07-16;2027;3031;221032;182841;57.0;47.1
81;2021-07-17;1219;2454;222251;185295;57.3;47.8
81;2021-07-18;672;1130;222923;186425;57.5;48.1
81;2021-07-19;1254;1733;224177;188158;57.8;48.5
81;2021-07-20;3065;2808;227242;190966;58.6;49.2
81;2021-07-21;3492;2345;230734;193311;59.5;49.8
81;2021-07-22;3556;2097;234290;195408;60.4;50.4
81;2021-07-23;3174;3248;237464;198656;61.2;51.2
81;2021-07-24;2519;1722;239983;200378;61.9;51.7
81;2021-07-25;1685;710;241668;201088;62.3;51.8
81;2021-07-26;2015;1546;243683;202634;62.8;52.2
81;2021-07-27;3619;2541;247302;205175;63.8;52.9
81;2021-07-28;3049;2202;250351;207377;64.5;53.5
81;2021-07-29;3353;1778;253704;209155;65.4;53.9
81;2021-07-30;2829;2262;256533;211417;66.1;54.5
81;2021-07-31;1948;1010;258481;212427;66.6;54.8
81;2021-08-01;836;636;259317;213063;66.9;54.9
81;2021-08-02;1075;990;260392;214053;67.1;55.2
81;2021-08-03;2320;2115;262712;216168;67.7;55.7
81;2021-08-04;2025;1535;264737;217703;68.2;56.1
81;2021-08-05;1530;1875;266267;219578;68.6;56.6
81;2021-08-06;1726;1975;267993;221553;69.1;57.1
81;2021-08-07;982;1042;268975;222595;69.3;57.4
81;2021-08-08;437;710;269412;223305;69.5;57.6
81;2021-08-09;803;657;270215;223962;69.7;57.7
81;2021-08-10;1601;2756;271816;226718;70.1;58.4
81;2021-08-11;1107;2407;272923;229125;70.4;59.1
81;2021-08-12;1037;2249;273960;231374;70.6;59.6
81;2021-08-13;871;2470;274831;233844;70.9;60.3
81;2021-08-14;493;1873;275324;235717;71.0;60.8
81;2021-08-15;141;1100;275465;236817;71.0;61.1
81;2021-08-16;625;1820;276090;238637;71.2;61.5
81;2021-08-17;1335;3099;277425;241736;71.5;62.3
81;2021-08-18;1057;2359;278482;244095;71.8;62.9
81;2021-08-19;937;2266;279419;246361;72.0;63.5
81;2021-08-20;915;2352;280334;248713;72.3;64.1
81;2021-08-21;466;1535;280800;250248;72.4;64.5
81;2021-08-22;184;930;280984;251178;72.4;64.8
81;2021-08-23;482;1264;281466;252442;72.6;65.1
81;2021-08-24;837;2535;282303;254977;72.8;65.7
81;2021-08-25;699;2053;283002;257030;73.0;66.3
81;2021-08-26;851;2107;283853;259137;73.2;66.8
81;2021-08-27;839;2180;284692;261317;73.4;67.4
81;2021-08-28;472;1412;285164;262729;73.5;67.7
81;2021-08-29;163;829;285327;263558;73.6;67.9
81;2021-08-30;416;1209;285743;264767;73.7;68.3
81;2021-08-31;821;2109;286564;266876;73.9;68.8
82;2020-12-27;0;0;0;0;0.0;0.0
82;2020-12-28;2;0;2;0;0.0;0.0
82;2020-12-29;0;0;2;0;0.0;0.0
82;2020-12-30;0;0;2;0;0.0;0.0
82;2020-12-31;0;0;2;0;0.0;0.0
82;2021-01-01;0;0;2;0;0.0;0.0
82;2021-01-02;0;0;2;0;0.0;0.0
82;2021-01-03;0;0;2;0;0.0;0.0
82;2021-01-04;0;0;2;0;0.0;0.0
82;2021-01-05;86;0;88;0;0.0;0.0
82;2021-01-06;1;0;89;0;0.0;0.0
82;2021-01-07;75;0;164;0;0.1;0.0
82;2021-01-08;46;0;210;0;0.1;0.0
82;2021-01-09;77;0;287;0;0.1;0.0
82;2021-01-10;0;0;287;0;0.1;0.0
82;2021-01-11;94;0;381;0;0.1;0.0
82;2021-01-12;284;0;665;0;0.3;0.0
82;2021-01-13;336;1;1001;1;0.4;0.0
82;2021-01-14;442;3;1443;4;0.5;0.0
82;2021-01-15;612;2;2055;6;0.8;0.0
82;2021-01-16;230;3;2285;9;0.9;0.0
82;2021-01-17;89;0;2374;9;0.9;0.0
82;2021-01-18;433;0;2807;9;1.1;0.0
82;2021-01-19;482;1;3289;10;1.3;0.0
82;2021-01-20;663;2;3952;12;1.5;0.0
82;2021-01-21;447;1;4399;13;1.7;0.0
82;2021-01-22;483;2;4882;15;1.9;0.0
82;2021-01-23;151;0;5033;15;1.9;0.0
82;2021-01-24;0;0;5033;15;1.9;0.0
82;2021-01-25;376;0;5409;15;2.1;0.0
82;2021-01-26;468;0;5877;15;2.2;0.0
82;2021-01-27;519;0;6396;15;2.4;0.0
82;2021-01-28;586;34;6982;49;2.7;0.0
82;2021-01-29;405;108;7387;157;2.8;0.1
82;2021-01-30;44;22;7431;179;2.8;0.1
82;2021-01-31;0;0;7431;179;2.8;0.1
82;2021-02-01;294;55;7725;234;2.9;0.1
82;2021-02-02;344;100;8069;334;3.1;0.1
82;2021-02-03;462;66;8531;400;3.2;0.2
82;2021-02-04;765;218;9296;618;3.5;0.2
82;2021-02-05;480;146;9776;764;3.7;0.3
82;2021-02-06;93;39;9869;803;3.8;0.3
82;2021-02-07;29;79;9898;882;3.8;0.3
82;2021-02-08;149;224;10047;1106;3.8;0.4
82;2021-02-09;238;393;10285;1499;3.9;0.6
82;2021-02-10;271;599;10556;2098;4.0;0.8
82;2021-02-11;225;401;10781;2499;4.1;1.0
82;2021-02-12;190;609;10971;3108;4.2;1.2
82;2021-02-13;60;117;11031;3225;4.2;1.2
82;2021-02-14;4;79;11035;3304;4.2;1.3
82;2021-02-15;217;305;11252;3609;4.3;1.4
82;2021-02-16;280;387;11532;3996;4.4;1.5
82;2021-02-17;359;522;11891;4518;4.5;1.7
82;2021-02-18;507;505;12398;5023;4.7;1.9
82;2021-02-19;490;541;12888;5564;4.9;2.1
82;2021-02-20;78;139;12966;5703;4.9;2.2
82;2021-02-21;0;0;12966;5703;4.9;2.2
82;2021-02-22;200;405;13166;6108;5.0;2.3
82;2021-02-23;277;469;13443;6577;5.1;2.5
82;2021-02-24;283;451;13726;7028;5.2;2.7
82;2021-02-25;637;506;14363;7534;5.5;2.9
82;2021-02-26;648;395;15011;7929;5.7;3.0
82;2021-02-27;214;74;15225;8003;5.8;3.0
82;2021-02-28;30;7;15255;8010;5.8;3.1
82;2021-03-01;291;229;15546;8239;5.9;3.1
82;2021-03-02;495;403;16041;8642;6.1;3.3
82;2021-03-03;440;387;16481;9029;6.3;3.4
82;2021-03-04;600;300;17081;9329;6.5;3.6
82;2021-03-05;680;381;17761;9710;6.8;3.7
82;2021-03-06;693;43;18454;9753;7.0;3.7
82;2021-03-07;302;3;18756;9756;7.1;3.7
82;2021-03-08;603;154;19359;9910;7.4;3.8
82;2021-03-09;582;258;19941;10168;7.6;3.9
82;2021-03-10;779;248;20720;10416;7.9;4.0
82;2021-03-11;975;284;21695;10700;8.3;4.1
82;2021-03-12;992;103;22687;10803;8.6;4.1
82;2021-03-13;564;53;23251;10856;8.9;4.1
82;2021-03-14;61;5;23312;10861;8.9;4.1
82;2021-03-15;485;325;23797;11186;9.1;4.3
82;2021-03-16;197;332;23994;11518;9.1;4.4
82;2021-03-17;191;294;24185;11812;9.2;4.5
82;2021-03-18;279;350;24464;12162;9.3;4.6
82;2021-03-19;533;313;24997;12475;9.5;4.8
82;2021-03-20;251;58;25248;12533;9.6;4.8
82;2021-03-21;23;0;25271;12533;9.6;4.8
82;2021-03-22;406;320;25677;12853;9.8;4.9
82;2021-03-23;601;314;26278;13167;10.0;5.0
82;2021-03-24;620;334;26898;13501;10.2;5.1
82;2021-03-25;928;245;27826;13746;10.6;5.2
82;2021-03-26;1216;270;29042;14016;11.1;5.3
82;2021-03-27;479;77;29521;14093;11.2;5.4
82;2021-03-28;136;2;29657;14095;11.3;5.4
82;2021-03-29;925;379;30582;14474;11.6;5.5
82;2021-03-30;1188;280;31770;14754;12.1;5.6
82;2021-03-31;1019;262;32789;15016;12.5;5.7
82;2021-04-01;1072;198;33861;15214;12.9;5.8
82;2021-04-02;1212;286;35073;15500;13.4;5.9
82;2021-04-03;715;132;35788;15632;13.6;6.0
82;2021-04-04;276;14;36064;15646;13.7;6.0
82;2021-04-05;388;20;36452;15666;13.9;6.0
82;2021-04-06;953;511;37405;16177;14.2;6.2
82;2021-04-07;1017;498;38422;16675;14.6;6.3
82;2021-04-08;1454;418;39876;17093;15.2;6.5
82;2021-04-09;1656;472;41532;17565;15.8;6.7
82;2021-04-10;1716;102;43248;17667;16.5;6.7
82;2021-04-11;559;19;43807;17686;16.7;6.7
82;2021-04-12;1348;293;45155;17979;17.2;6.8
82;2021-04-13;1626;272;46781;18251;17.8;6.9
82;2021-04-14;1410;297;48191;18548;18.4;7.1
82;2021-04-15;1782;324;49973;18872;19.0;7.2
82;2021-04-16;1541;333;51514;19205;19.6;7.3
82;2021-04-17;1243;70;52757;19275;20.1;7.3
82;2021-04-18;561;15;53318;19290;20.3;7.3
82;2021-04-19;958;359;54276;19649;20.7;7.5
82;2021-04-20;1268;401;55544;20050;21.2;7.6
82;2021-04-21;1219;374;56763;20424;21.6;7.8
82;2021-04-22;1452;294;58215;20718;22.2;7.9
82;2021-04-23;1076;683;59291;21401;22.6;8.1
82;2021-04-24;1188;264;60479;21665;23.0;8.2
82;2021-04-25;736;48;61215;21713;23.3;8.3
82;2021-04-26;748;809;61963;22522;23.6;8.6
82;2021-04-27;905;924;62868;23446;23.9;8.9
82;2021-04-28;921;899;63789;24345;24.3;9.3
82;2021-04-29;1107;911;64896;25256;24.7;9.6
82;2021-04-30;1042;889;65938;26145;25.1;10.0
82;2021-05-01;1143;258;67081;26403;25.5;10.1
82;2021-05-02;697;145;67778;26548;25.8;10.1
82;2021-05-03;410;1215;68188;27763;26.0;10.6
82;2021-05-04;864;1170;69052;28933;26.3;11.0
82;2021-05-05;568;1173;69620;30106;26.5;11.5
82;2021-05-06;848;1419;70468;31525;26.8;12.0
82;2021-05-07;734;1456;71202;32981;27.1;12.6
82;2021-05-08;935;520;72137;33501;27.5;12.8
82;2021-05-09;753;579;72890;34080;27.8;13.0
82;2021-05-10;850;1365;73740;35445;28.1;13.5
82;2021-05-11;1158;1348;74898;36793;28.5;14.0
82;2021-05-12;1016;1345;75914;38138;28.9;14.5
82;2021-05-13;1454;432;77368;38570;29.5;14.7
82;2021-05-14;1691;1238;79059;39808;30.1;15.2
82;2021-05-15;1935;698;80994;40506;30.8;15.4
82;2021-05-16;558;115;81552;40621;31.1;15.5
82;2021-05-17;1090;1173;82642;41794;31.5;15.9
82;2021-05-18;1466;1190;84108;42984;32.0;16.4
82;2021-05-19;1271;978;85379;43962;32.5;16.7
82;2021-05-20;1408;1161;86787;45123;33.0;17.2
82;2021-05-21;1411;1218;88198;46341;33.6;17.6
82;2021-05-22;2069;631;90267;46972;34.4;17.9
82;2021-05-23;705;117;90972;47089;34.6;17.9
82;2021-05-24;1441;265;92413;47354;35.2;18.0
82;2021-05-25;1445;964;93858;48318;35.7;18.4
82;2021-05-26;1413;921;95271;49239;36.3;18.7
82;2021-05-27;1460;1025;96731;50264;36.8;19.1
82;2021-05-28;1540;1145;98271;51409;37.4;19.6
82;2021-05-29;1496;546;99767;51955;38.0;19.8
82;2021-05-30;402;101;100169;52056;38.1;19.8
82;2021-05-31;1491;991;101660;53047;38.7;20.2
82;2021-06-01;1751;1052;103411;54099;39.4;20.6
82;2021-06-02;1476;1008;104887;55107;39.9;21.0
82;2021-06-03;1490;1184;106377;56291;40.5;21.4
82;2021-06-04;2250;1306;108627;57597;41.4;21.9
82;2021-06-05;2271;987;110898;58584;42.2;22.3
82;2021-06-06;329;133;111227;58717;42.4;22.4
82;2021-06-07;958;1275;112185;59992;42.7;22.8
82;2021-06-08;1445;1141;113630;61133;43.3;23.3
82;2021-06-09;1709;1143;115339;62276;43.9;23.7
82;2021-06-10;1441;1208;116780;63484;44.5;24.2
82;2021-06-11;1922;1125;118702;64609;45.2;24.6
82;2021-06-12;2392;1396;121094;66005;46.1;25.1
82;2021-06-13;379;113;121473;66118;46.3;25.2
82;2021-06-14;1213;1082;122686;67200;46.7;25.6
82;2021-06-15;1462;1245;124148;68445;47.3;26.1
82;2021-06-16;1751;1168;125899;69613;47.9;26.5
82;2021-06-17;1219;1472;127118;71085;48.4;27.1
82;2021-06-18;1469;1439;128587;72524;49.0;27.6
82;2021-06-19;2271;982;130858;73506;49.8;28.0
82;2021-06-20;268;174;131126;73680;49.9;28.1
82;2021-06-21;483;1360;131609;75040;50.1;28.6
82;2021-06-22;892;1709;132501;76749;50.5;29.2
82;2021-06-23;1238;1588;133739;78337;50.9;29.8
82;2021-06-24;757;1905;134496;80242;51.2;30.6
82;2021-06-25;741;1938;135237;82180;51.5;31.3
82;2021-06-26;1240;2144;136477;84324;52.0;32.1
82;2021-06-27;195;438;136672;84762;52.0;32.3
82;2021-06-28;330;1412;137002;86174;52.2;32.8
82;2021-06-29;518;1842;137520;88016;52.4;33.5
82;2021-06-30;948;1912;138468;89928;52.7;34.2
82;2021-07-01;659;1633;139127;91561;53.0;34.9
82;2021-07-02;931;2296;140058;93857;53.3;35.7
82;2021-07-03;859;2340;140917;96197;53.7;36.6
82;2021-07-04;120;439;141037;96636;53.7;36.8
82;2021-07-05;444;1561;141481;98197;53.9;37.4
82;2021-07-06;512;1867;141993;100064;54.1;38.1
82;2021-07-07;791;1777;142784;101841;54.4;38.8
82;2021-07-08;504;1503;143288;103344;54.6;39.4
82;2021-07-09;781;2154;144069;105498;54.9;40.2
82;2021-07-10;706;2215;144775;107713;55.1;41.0
82;2021-07-11;38;380;144813;108093;55.1;41.2
82;2021-07-12;579;1884;145392;109977;55.4;41.9
82;2021-07-13;714;2004;146106;111981;55.6;42.6
82;2021-07-14;617;741;146723;112722;55.9;42.9
82;2021-07-15;858;1752;147581;114474;56.2;43.6
82;2021-07-16;1438;2639;149019;117113;56.7;44.6
82;2021-07-17;561;2185;149580;119298;57.0;45.4
82;2021-07-18;14;41;149594;119339;57.0;45.4
82;2021-07-19;737;2071;150331;121410;57.2;46.2
82;2021-07-20;920;1884;151251;123294;57.6;46.9
82;2021-07-21;1289;1764;152540;125058;58.1;47.6
82;2021-07-22;1082;1765;153622;126823;58.5;48.3
82;2021-07-23;1053;2984;154675;129807;58.9;49.4
82;2021-07-24;1103;1491;155778;131298;59.3;50.0
82;2021-07-25;303;73;156081;131371;59.4;50.0
82;2021-07-26;951;1897;157032;133268;59.8;50.7
82;2021-07-27;1341;1641;158373;134909;60.3;51.4
82;2021-07-28;1468;1499;159841;136408;60.9;51.9
82;2021-07-29;1327;1534;161168;137942;61.4;52.5
82;2021-07-30;1536;2476;162704;140418;62.0;53.5
82;2021-07-31;459;294;163163;140712;62.1;53.6
82;2021-08-01;273;50;163436;140762;62.2;53.6
82;2021-08-02;1272;877;164708;141639;62.7;53.9
82;2021-08-03;1430;831;166138;142470;63.3;54.2
82;2021-08-04;1364;1028;167502;143498;63.8;54.6
82;2021-08-05;1489;599;168991;144097;64.3;54.9
82;2021-08-06;994;647;169985;144744;64.7;55.1
82;2021-08-07;921;1194;170906;145938;65.1;55.6
82;2021-08-08;155;65;171061;146003;65.1;55.6
82;2021-08-09;1072;894;172133;146897;65.5;55.9
82;2021-08-10;1288;916;173421;147813;66.0;56.3
82;2021-08-11;1260;1125;174681;148938;66.5;56.7
82;2021-08-12;1469;945;176150;149883;67.1;57.1
82;2021-08-13;1406;997;177556;150880;67.6;57.5
82;2021-08-14;311;483;177867;151363;67.7;57.6
82;2021-08-15;61;34;177928;151397;67.8;57.6
82;2021-08-16;781;1460;178709;152857;68.0;58.2
82;2021-08-17;1059;1234;179768;154091;68.5;58.7
82;2021-08-18;611;849;180379;154940;68.7;59.0
82;2021-08-19;1004;1146;181383;156086;69.1;59.4
82;2021-08-20;1032;1898;182415;157984;69.5;60.2
82;2021-08-21;495;989;182910;158973;69.6;60.5
82;2021-08-22;21;55;182931;159028;69.7;60.6
82;2021-08-23;741;1294;183672;160322;69.9;61.0
82;2021-08-24;858;1116;184530;161438;70.3;61.5
82;2021-08-25;847;1534;185377;162972;70.6;62.1
82;2021-08-26;594;1096;185971;164068;70.8;62.5
82;2021-08-27;892;1675;186863;165743;71.2;63.1
82;2021-08-28;210;615;187073;166358;71.2;63.3
82;2021-08-29;37;49;187110;166407;71.2;63.4
82;2021-08-30;411;1021;187521;167428;71.4;63.8
82;2021-08-31;337;1022;187858;168450;71.5;64.1
83;2020-12-27;1;0;1;0;0.0;0.0
83;2020-12-28;0;0;1;0;0.0;0.0
83;2020-12-29;1;0;2;0;0.0;0.0
83;2020-12-30;1;0;3;0;0.0;0.0
83;2020-12-31;0;0;3;0;0.0;0.0
83;2021-01-01;1;0;4;0;0.0;0.0
83;2021-01-02;0;0;4;0;0.0;0.0
83;2021-01-03;1;0;5;0;0.0;0.0
83;2021-01-04;1;0;6;0;0.0;0.0
83;2021-01-05;3;0;9;0;0.0;0.0
83;2021-01-06;69;0;78;0;0.0;0.0
83;2021-01-07;324;0;402;0;0.0;0.0
83;2021-01-08;421;0;823;0;0.1;0.0
83;2021-01-09;48;0;871;0;0.1;0.0
83;2021-01-10;1;0;872;0;0.1;0.0
83;2021-01-11;475;0;1347;0;0.1;0.0
83;2021-01-12;1002;4;2349;4;0.2;0.0
83;2021-01-13;961;7;3310;11;0.3;0.0
83;2021-01-14;842;5;4152;16;0.4;0.0
83;2021-01-15;702;1;4854;17;0.5;0.0
83;2021-01-16;41;1;4895;18;0.5;0.0
83;2021-01-17;1;0;4896;18;0.5;0.0
83;2021-01-18;1222;4;6118;22;0.6;0.0
83;2021-01-19;2017;7;8135;29;0.8;0.0
83;2021-01-20;1659;10;9794;39;0.9;0.0
83;2021-01-21;2101;8;11895;47;1.1;0.0
83;2021-01-22;1658;5;13553;52;1.3;0.0
83;2021-01-23;244;0;13797;52;1.3;0.0
83;2021-01-24;21;1;13818;53;1.3;0.0
83;2021-01-25;1554;7;15372;60;1.4;0.0
83;2021-01-26;1757;15;17129;75;1.6;0.0
83;2021-01-27;2153;83;19282;158;1.8;0.0
83;2021-01-28;5085;358;24367;516;2.3;0.0
83;2021-01-29;2948;348;27315;864;2.5;0.1
83;2021-01-30;234;45;27549;909;2.6;0.1
83;2021-01-31;46;0;27595;909;2.6;0.1
83;2021-02-01;1279;407;28874;1316;2.7;0.1
83;2021-02-02;1438;717;30312;2033;2.8;0.2
83;2021-02-03;1526;632;31838;2665;3.0;0.2
83;2021-02-04;1483;740;33321;3405;3.1;0.3
83;2021-02-05;1219;672;34540;4077;3.2;0.4
83;2021-02-06;23;14;34563;4091;3.2;0.4
83;2021-02-07;1;0;34564;4091;3.2;0.4
83;2021-02-08;1089;619;35653;4710;3.3;0.4
83;2021-02-09;1324;908;36977;5618;3.4;0.5
83;2021-02-10;1531;795;38508;6413;3.6;0.6
83;2021-02-11;1605;1022;40113;7435;3.7;0.7
83;2021-02-12;1347;822;41460;8257;3.9;0.8
83;2021-02-13;54;25;41514;8282;3.9;0.8
83;2021-02-14;0;0;41514;8282;3.9;0.8
83;2021-02-15;671;1034;42185;9316;3.9;0.9
83;2021-02-16;541;1366;42726;10682;4.0;1.0
83;2021-02-17;804;1820;43530;12502;4.1;1.2
83;2021-02-18;1627;3851;45157;16353;4.2;1.5
83;2021-02-19;1478;2316;46635;18669;4.3;1.7
83;2021-02-20;63;169;46698;18838;4.3;1.8
83;2021-02-21;25;35;46723;18873;4.4;1.8
83;2021-02-22;503;1731;47226;20604;4.4;1.9
83;2021-02-23;671;1435;47897;22039;4.5;2.1
83;2021-02-24;723;1471;48620;23510;4.5;2.2
83;2021-02-25;1250;1393;49870;24903;4.6;2.3
83;2021-02-26;1298;1249;51168;26152;4.8;2.4
83;2021-02-27;552;55;51720;26207;4.8;2.4
83;2021-02-28;10;13;51730;26220;4.8;2.4
83;2021-03-01;811;1233;52541;27453;4.9;2.6
83;2021-03-02;989;1308;53530;28761;5.0;2.7
83;2021-03-03;1438;1523;54968;30284;5.1;2.8
83;2021-03-04;1889;1382;56857;31666;5.3;2.9
83;2021-03-05;2218;1237;59075;32903;5.5;3.1
83;2021-03-06;3009;113;62084;33016;5.8;3.1
83;2021-03-07;2226;42;64310;33058;6.0;3.1
83;2021-03-08;850;1315;65160;34373;6.1;3.2
83;2021-03-09;1931;1224;67091;35597;6.2;3.3
83;2021-03-10;2376;1362;69467;36959;6.5;3.4
83;2021-03-11;3675;2200;73142;39159;6.8;3.6
83;2021-03-12;3642;1511;76784;40670;7.2;3.8
83;2021-03-13;4607;177;81391;40847;7.6;3.8
83;2021-03-14;2338;53;83729;40900;7.8;3.8
83;2021-03-15;3337;670;87066;41570;8.1;3.9
83;2021-03-16;2600;698;89666;42268;8.4;3.9
83;2021-03-17;2847;785;92513;43053;8.6;4.0
83;2021-03-18;3549;796;96062;43849;8.9;4.1
83;2021-03-19;4175;587;100237;44436;9.3;4.1
83;2021-03-20;3476;73;103713;44509;9.7;4.1
83;2021-03-21;2011;30;105724;44539;9.8;4.1
83;2021-03-22;3967;893;109691;45432;10.2;4.2
83;2021-03-23;4753;593;114444;46025;10.7;4.3
83;2021-03-24;5051;724;119495;46749;11.1;4.4
83;2021-03-25;6533;851;126028;47600;11.7;4.4
83;2021-03-26;7176;747;133204;48347;12.4;4.5
83;2021-03-27;3968;387;137172;48734;12.8;4.5
83;2021-03-28;2183;34;139355;48768;13.0;4.5
83;2021-03-29;4555;765;143910;49533;13.4;4.6
83;2021-03-30;5966;952;149876;50485;14.0;4.7
83;2021-03-31;5551;1075;155427;51560;14.5;4.8
83;2021-04-01;5979;1261;161406;52821;15.0;4.9
83;2021-04-02;5763;1075;167169;53896;15.6;5.0
83;2021-04-03;1801;633;168970;54529;15.7;5.1
83;2021-04-04;855;348;169825;54877;15.8;5.1
83;2021-04-05;190;66;170015;54943;15.8;5.1
83;2021-04-06;4730;1402;174745;56345;16.3;5.2
83;2021-04-07;5831;1662;180576;58007;16.8;5.4
83;2021-04-08;7882;2000;188458;60007;17.5;5.6
83;2021-04-09;7598;2200;196056;62207;18.3;5.8
83;2021-04-10;2947;2654;199003;64861;18.5;6.0
83;2021-04-11;1716;2136;200719;66997;18.7;6.2
83;2021-04-12;4952;2875;205671;69872;19.2;6.5
83;2021-04-13;5408;3004;211079;72876;19.7;6.8
83;2021-04-14;5896;2944;216975;75820;20.2;7.1
83;2021-04-15;6776;3040;223751;78860;20.8;7.3
83;2021-04-16;6125;3516;229876;82376;21.4;7.7
83;2021-04-17;3511;2191;233387;84567;21.7;7.9
83;2021-04-18;2176;1295;235563;85862;21.9;8.0
83;2021-04-19;4106;3904;239669;89766;22.3;8.4
83;2021-04-20;4358;3874;244027;93640;22.7;8.7
83;2021-04-21;4302;4154;248329;97794;23.1;9.1
83;2021-04-22;5009;4304;253338;102098;23.6;9.5
83;2021-04-23;4530;4567;257868;106665;24.0;9.9
83;2021-04-24;2630;2712;260498;109377;24.3;10.2
83;2021-04-25;1925;1571;262423;110948;24.4;10.3
83;2021-04-26;3568;3851;265991;114799;24.8;10.7
83;2021-04-27;4138;4555;270129;119354;25.2;11.1
83;2021-04-28;4315;4367;274444;123721;25.6;11.5
83;2021-04-29;5819;5126;280263;128847;26.1;12.0
83;2021-04-30;5787;4308;286050;133155;26.6;12.4
83;2021-05-01;1692;428;287742;133583;26.8;12.4
83;2021-05-02;1237;756;288979;134339;26.9;12.5
83;2021-05-03;3751;4283;292730;138622;27.3;12.9
83;2021-05-04;3344;5101;296074;143723;27.6;13.4
83;2021-05-05;3642;4970;299716;148693;27.9;13.8
83;2021-05-06;4673;4956;304389;153649;28.3;14.3
83;2021-05-07;4167;5313;308556;158962;28.7;14.8
83;2021-05-08;2762;1014;311318;159976;29.0;14.9
83;2021-05-09;2153;1236;313471;161212;29.2;15.0
83;2021-05-10;3203;5427;316674;166639;29.5;15.5
83;2021-05-11;5128;5686;321802;172325;30.0;16.0
83;2021-05-12;6292;4846;328094;177171;30.6;16.5
83;2021-05-13;6582;1347;334676;178518;31.2;16.6
83;2021-05-14;7421;4117;342097;182635;31.9;17.0
83;2021-05-15;7754;2204;349851;184839;32.6;17.2
83;2021-05-16;6628;1251;356479;186090;33.2;17.3
83;2021-05-17;4894;4216;361373;190306;33.7;17.7
83;2021-05-18;5538;3866;366911;194172;34.2;18.1
83;2021-05-19;6209;3411;373120;197583;34.7;18.4
83;2021-05-20;6757;3798;379877;201381;35.4;18.8
83;2021-05-21;7908;3873;387785;205254;36.1;19.1
83;2021-05-22;6091;1721;393876;206975;36.7;19.3
83;2021-05-23;4686;714;398562;207689;37.1;19.3
83;2021-05-24;5810;974;404372;208663;37.7;19.4
83;2021-05-25;5513;4754;409885;213417;38.2;19.9
83;2021-05-26;4859;4441;414744;217858;38.6;20.3
83;2021-05-27;5071;5263;419815;223121;39.1;20.8
83;2021-05-28;4507;5772;424322;228893;39.5;21.3
83;2021-05-29;2707;4274;427029;233167;39.8;21.7
83;2021-05-30;1257;1376;428286;234543;39.9;21.8
83;2021-05-31;5488;4766;433774;239309;40.4;22.3
83;2021-06-01;5729;5308;439503;244617;40.9;22.8
83;2021-06-02;5261;4591;444764;249208;41.4;23.2
83;2021-06-03;5744;5131;450508;254339;42.0;23.7
83;2021-06-04;5447;6052;455955;260391;42.5;24.2
83;2021-06-05;3925;3200;459880;263591;42.8;24.5
83;2021-06-06;1936;1383;461816;264974;43.0;24.7
83;2021-06-07;3918;5095;465734;270069;43.4;25.1
83;2021-06-08;4176;4826;469910;274895;43.8;25.6
83;2021-06-09;4007;4700;473917;279595;44.1;26.0
83;2021-06-10;3997;4262;477914;283857;44.5;26.4
83;2021-06-11;3657;5446;481571;289303;44.8;26.9
83;2021-06-12;2913;2983;484484;292286;45.1;27.2
83;2021-06-13;995;1391;485479;293677;45.2;27.3
83;2021-06-14;2857;5656;488336;299333;45.5;27.9
83;2021-06-15;3167;4862;491503;304195;45.8;28.3
83;2021-06-16;2964;4509;494467;308704;46.0;28.7
83;2021-06-17;2778;5285;497245;313989;46.3;29.2
83;2021-06-18;3160;5962;500405;319951;46.6;29.8
83;2021-06-19;2321;4098;502726;324049;46.8;30.2
83;2021-06-20;674;1888;503400;325937;46.9;30.4
83;2021-06-21;2111;7587;505511;333524;47.1;31.1
83;2021-06-22;2102;7165;507613;340689;47.3;31.7
83;2021-06-23;1935;6927;509548;347616;47.5;32.4
83;2021-06-24;1961;7370;511509;354986;47.6;33.1
83;2021-06-25;2112;8399;513621;363385;47.8;33.8
83;2021-06-26;1463;6808;515084;370193;48.0;34.5
83;2021-06-27;692;3186;515776;373379;48.0;34.8
83;2021-06-28;1571;7888;517347;381267;48.2;35.5
83;2021-06-29;1908;7811;519255;389078;48.4;36.2
83;2021-06-30;2240;7272;521495;396350;48.6;36.9
83;2021-07-01;2554;6568;524049;402918;48.8;37.5
83;2021-07-02;2265;7800;526314;410718;49.0;38.2
83;2021-07-03;1510;5686;527824;416404;49.2;38.8
83;2021-07-04;572;2751;528396;419155;49.2;39.0
83;2021-07-05;1924;7532;530320;426687;49.4;39.7
83;2021-07-06;2573;5939;532893;432626;49.6;40.3
83;2021-07-07;2685;4674;535578;437300;49.9;40.7
83;2021-07-08;3247;4471;538825;441771;50.2;41.1
83;2021-07-09;3042;6962;541867;448733;50.5;41.8
83;2021-07-10;1577;4931;543444;453664;50.6;42.2
83;2021-07-11;1009;1765;544453;455429;50.7;42.4
83;2021-07-12;2140;7684;546593;463113;50.9;43.1
83;2021-07-13;4039;7085;550632;470198;51.3;43.8
83;2021-07-14;2095;1323;552727;471521;51.5;43.9
83;2021-07-15;4585;6846;557312;478367;51.9;44.5
83;2021-07-16;5272;7123;562584;485490;52.4;45.2
83;2021-07-17;3652;5000;566236;490490;52.7;45.7
83;2021-07-18;1605;1312;567841;491802;52.9;45.8
83;2021-07-19;3953;6315;571794;498117;53.2;46.4
83;2021-07-20;5987;6184;577781;504301;53.8;47.0
83;2021-07-21;6027;5206;583808;509507;54.4;47.4
83;2021-07-22;7116;5540;590924;515047;55.0;48.0
83;2021-07-23;7102;5904;598026;520951;55.7;48.5
83;2021-07-24;4645;4562;602671;525513;56.1;48.9
83;2021-07-25;1328;733;603999;526246;56.2;49.0
83;2021-07-26;5548;4934;609547;531180;56.8;49.5
83;2021-07-27;6833;4894;616380;536074;57.4;49.9
83;2021-07-28;6589;4411;622969;540485;58.0;50.3
83;2021-07-29;7490;4846;630459;545331;58.7;50.8
83;2021-07-30;6957;4748;637416;550079;59.4;51.2
83;2021-07-31;4666;3214;642082;553293;59.8;51.5
83;2021-08-01;1064;849;643146;554142;59.9;51.6
83;2021-08-02;5751;3693;648897;557835;60.4;51.9
83;2021-08-03;6372;3989;655269;561824;61.0;52.3
83;2021-08-04;5895;3702;661164;565526;61.6;52.7
83;2021-08-05;6152;4070;667316;569596;62.1;53.0
83;2021-08-06;6144;4906;673460;574502;62.7;53.5
83;2021-08-07;3747;3544;677207;578046;63.1;53.8
83;2021-08-08;1063;820;678270;578866;63.2;53.9
83;2021-08-09;4703;4634;682973;583500;63.6;54.3
83;2021-08-10;5222;5141;688195;588641;64.1;54.8
83;2021-08-11;4570;5065;692765;593706;64.5;55.3
83;2021-08-12;4898;5552;697663;599258;65.0;55.8
83;2021-08-13;4906;5744;702569;605002;65.4;56.3
83;2021-08-14;3194;3883;705763;608885;65.7;56.7
83;2021-08-15;202;391;705965;609276;65.7;56.7
83;2021-08-16;3619;5464;709584;614740;66.1;57.2
83;2021-08-17;3553;5265;713137;620005;66.4;57.7
83;2021-08-18;3571;4992;716708;624997;66.7;58.2
83;2021-08-19;4157;6242;720865;631239;67.1;58.8
83;2021-08-20;3598;6498;724463;637737;67.5;59.4
83;2021-08-21;2336;4482;726799;642219;67.7;59.8
83;2021-08-22;629;1026;727428;643245;67.7;59.9
83;2021-08-23;2493;5776;729921;649021;68.0;60.4
83;2021-08-24;2873;5899;732794;654920;68.2;61.0
83;2021-08-25;2560;5266;735354;660186;68.5;61.5
83;2021-08-26;2759;5823;738113;666009;68.7;62.0
83;2021-08-27;2886;5903;740999;671912;69.0;62.6
83;2021-08-28;1913;4518;742912;676430;69.2;63.0
83;2021-08-29;472;1161;743384;677591;69.2;63.1
83;2021-08-30;2352;4946;745736;682537;69.4;63.6
83;2021-08-31;2465;5450;748201;687987;69.7;64.1
84;2020-12-27;0;0;0;0;0.0;0.0
84;2020-12-28;0;0;0;0;0.0;0.0
84;2020-12-29;0;0;0;0;0.0;0.0
84;2020-12-30;0;0;0;0;0.0;0.0
84;2020-12-31;0;0;0;0;0.0;0.0
84;2021-01-01;0;0;0;0;0.0;0.0
84;2021-01-02;0;0;0;0;0.0;0.0
84;2021-01-03;0;0;0;0;0.0;0.0
84;2021-01-04;0;0;0;0;0.0;0.0
84;2021-01-05;0;0;0;0;0.0;0.0
84;2021-01-06;0;0;0;0;0.0;0.0
84;2021-01-07;69;0;69;0;0.0;0.0
84;2021-01-08;81;0;150;0;0.0;0.0
84;2021-01-09;30;0;180;0;0.0;0.0
84;2021-01-10;0;0;180;0;0.0;0.0
84;2021-01-11;219;0;399;0;0.1;0.0
84;2021-01-12;623;2;1022;2;0.2;0.0
84;2021-01-13;358;0;1380;2;0.2;0.0
84;2021-01-14;946;12;2326;14;0.4;0.0
84;2021-01-15;618;10;2944;24;0.5;0.0
84;2021-01-16;166;0;3110;24;0.6;0.0
84;2021-01-17;29;1;3139;25;0.6;0.0
84;2021-01-18;696;3;3835;28;0.7;0.0
84;2021-01-19;877;2;4712;30;0.8;0.0
84;2021-01-20;1018;4;5730;34;1.0;0.0
84;2021-01-21;1048;5;6778;39;1.2;0.0
84;2021-01-22;1134;1;7912;40;1.4;0.0
84;2021-01-23;248;0;8160;40;1.5;0.0
84;2021-01-24;3;0;8163;40;1.5;0.0
84;2021-01-25;806;0;8969;40;1.6;0.0
84;2021-01-26;938;5;9907;45;1.8;0.0
84;2021-01-27;1071;2;10978;47;2.0;0.0
84;2021-01-28;1621;18;12599;65;2.2;0.0
84;2021-01-29;1201;63;13800;128;2.5;0.0
84;2021-01-30;171;20;13971;148;2.5;0.0
84;2021-01-31;7;0;13978;148;2.5;0.0
84;2021-02-01;657;145;14635;293;2.6;0.1
84;2021-02-02;786;267;15421;560;2.7;0.1
84;2021-02-03;759;242;16180;802;2.9;0.1
84;2021-02-04;911;395;17091;1197;3.0;0.2
84;2021-02-05;727;414;17818;1611;3.2;0.3
84;2021-02-06;127;47;17945;1658;3.2;0.3
84;2021-02-07;0;0;17945;1658;3.2;0.3
84;2021-02-08;568;273;18513;1931;3.3;0.3
84;2021-02-09;692;714;19205;2645;3.4;0.5
84;2021-02-10;557;567;19762;3212;3.5;0.6
84;2021-02-11;546;582;20308;3794;3.6;0.7
84;2021-02-12;562;670;20870;4464;3.7;0.8
84;2021-02-13;46;168;20916;4632;3.7;0.8
84;2021-02-14;3;0;20919;4632;3.7;0.8
84;2021-02-15;209;887;21128;5519;3.8;1.0
84;2021-02-16;222;816;21350;6335;3.8;1.1
84;2021-02-17;447;776;21797;7111;3.9;1.3
84;2021-02-18;557;1097;22354;8208;4.0;1.5
84;2021-02-19;737;1181;23091;9389;4.1;1.7
84;2021-02-20;65;152;23156;9541;4.1;1.7
84;2021-02-21;6;37;23162;9578;4.1;1.7
84;2021-02-22;369;743;23531;10321;4.2;1.8
84;2021-02-23;271;699;23802;11020;4.2;2.0
84;2021-02-24;393;730;24195;11750;4.3;2.1
84;2021-02-25;713;848;24908;12598;4.4;2.2
84;2021-02-26;823;679;25731;13277;4.6;2.4
84;2021-02-27;133;126;25864;13403;4.6;2.4
84;2021-02-28;17;0;25881;13403;4.6;2.4
84;2021-03-01;456;662;26337;14065;4.7;2.5
84;2021-03-02;631;807;26968;14872;4.8;2.7
84;2021-03-03;820;948;27788;15820;5.0;2.8
84;2021-03-04;1097;689;28885;16509;5.1;2.9
84;2021-03-05;1311;520;30196;17029;5.4;3.0
84;2021-03-06;1460;65;31656;17094;5.6;3.0
84;2021-03-07;481;16;32137;17110;5.7;3.0
84;2021-03-08;812;610;32949;17720;5.9;3.2
84;2021-03-09;1387;778;34336;18498;6.1;3.3
84;2021-03-10;1473;668;35809;19166;6.4;3.4
84;2021-03-11;1984;643;37793;19809;6.7;3.5
84;2021-03-12;2079;633;39872;20442;7.1;3.6
84;2021-03-13;746;36;40618;20478;7.2;3.7
84;2021-03-14;247;53;40865;20531;7.3;3.7
84;2021-03-15;1069;310;41934;20841;7.5;3.7
84;2021-03-16;1180;331;43114;21172;7.7;3.8
84;2021-03-17;1146;442;44260;21614;7.9;3.9
84;2021-03-18;1457;399;45717;22013;8.1;3.9
84;2021-03-19;2175;458;47892;22471;8.5;4.0
84;2021-03-20;839;25;48731;22496;8.7;4.0
84;2021-03-21;150;11;48881;22507;8.7;4.0
84;2021-03-22;1158;463;50039;22970;8.9;4.1
84;2021-03-23;1915;461;51954;23431;9.3;4.2
84;2021-03-24;2178;401;54132;23832;9.6;4.2
84;2021-03-25;3655;401;57787;24233;10.3;4.3
84;2021-03-26;3318;487;61105;24720;10.9;4.4
84;2021-03-27;914;57;62019;24777;11.1;4.4
84;2021-03-28;73;2;62092;24779;11.1;4.4
84;2021-03-29;1717;531;63809;25310;11.4;4.5
84;2021-03-30;2669;685;66478;25995;11.8;4.6
84;2021-03-31;2405;647;68883;26642;12.3;4.7
84;2021-04-01;3021;578;71904;27220;12.8;4.9
84;2021-04-02;2451;532;74355;27752;13.3;4.9
84;2021-04-03;510;28;74865;27780;13.3;5.0
84;2021-04-04;12;0;74877;27780;13.3;5.0
84;2021-04-05;812;103;75689;27883;13.5;5.0
84;2021-04-06;2143;845;77832;28728;13.9;5.1
84;2021-04-07;2403;865;80235;29593;14.3;5.3
84;2021-04-08;3653;1036;83888;30629;15.0;5.5
84;2021-04-09;4117;948;88005;31577;15.7;5.6
84;2021-04-10;1308;132;89313;31709;15.9;5.7
84;2021-04-11;37;12;89350;31721;15.9;5.7
84;2021-04-12;2091;805;91441;32526;16.3;5.8
84;2021-04-13;2942;1371;94383;33897;16.8;6.0
84;2021-04-14;2811;1357;97194;35254;17.3;6.3
84;2021-04-15;3274;1422;100468;36676;17.9;6.5
84;2021-04-16;3431;1548;103899;38224;18.5;6.8
84;2021-04-17;1666;198;105565;38422;18.8;6.8
84;2021-04-18;38;1;105603;38423;18.8;6.8
84;2021-04-19;2505;920;108108;39343;19.3;7.0
84;2021-04-20;2626;1531;110734;40874;19.7;7.3
84;2021-04-21;2651;1489;113385;42363;20.2;7.6
84;2021-04-22;3011;1736;116396;44099;20.7;7.9
84;2021-04-23;3036;1899;119432;45998;21.3;8.2
84;2021-04-24;1531;288;120963;46286;21.6;8.3
84;2021-04-25;27;2;120990;46288;21.6;8.3
84;2021-04-26;2196;1368;123186;47656;22.0;8.5
84;2021-04-27;2553;1986;125739;49642;22.4;8.8
84;2021-04-28;2817;1847;128556;51489;22.9;9.2
84;2021-04-29;3420;2033;131976;53522;23.5;9.5
84;2021-04-30;3135;2425;135111;55947;24.1;10.0
84;2021-05-01;457;259;135568;56206;24.2;10.0
84;2021-05-02;2;0;135570;56206;24.2;10.0
84;2021-05-03;2164;1632;137734;57838;24.6;10.3
84;2021-05-04;2489;2535;140223;60373;25.0;10.8
84;2021-05-05;2352;2221;142575;62594;25.4;11.2
84;2021-05-06;3223;2259;145798;64853;26.0;11.6
84;2021-05-07;2767;2561;148565;67414;26.5;12.0
84;2021-05-08;1158;527;149723;67941;26.7;12.1
84;2021-05-09;6;52;149729;67993;26.7;12.1
84;2021-05-10;2158;2461;151887;70454;27.1;12.6
84;2021-05-11;2907;3156;154794;73610;27.6;13.1
84;2021-05-12;2848;2925;157642;76535;28.1;13.6
84;2021-05-13;2160;847;159802;77382;28.5;13.8
84;2021-05-14;2728;2038;162530;79420;29.0;14.2
84;2021-05-15;2001;985;164531;80405;29.3;14.3
84;2021-05-16;1341;186;165872;80591;29.6;14.4
84;2021-05-17;2223;2156;168095;82747;30.0;14.7
84;2021-05-18;2904;2119;170999;84866;30.5;15.1
84;2021-05-19;3230;1667;174229;86533;31.1;15.4
84;2021-05-20;3700;2208;177929;88741;31.7;15.8
84;2021-05-21;3470;2337;181399;91078;32.3;16.2
84;2021-05-22;1584;680;182983;91758;32.6;16.4
84;2021-05-23;6;9;182989;91767;32.6;16.4
84;2021-05-24;1840;425;184829;92192;32.9;16.4
84;2021-05-25;2984;2183;187813;94375;33.5;16.8
84;2021-05-26;3076;2089;190889;96464;34.0;17.2
84;2021-05-27;3857;2317;194746;98781;34.7;17.6
84;2021-05-28;3183;3308;197929;102089;35.3;18.2
84;2021-05-29;1093;1653;199022;103742;35.5;18.5
84;2021-05-30;8;85;199030;103827;35.5;18.5
84;2021-05-31;2191;2637;201221;106464;35.9;19.0
84;2021-06-01;3144;3161;204365;109625;36.4;19.5
84;2021-06-02;3173;2631;207538;112256;37.0;20.0
84;2021-06-03;4114;2989;211652;115245;37.7;20.5
84;2021-06-04;3616;3036;215268;118281;38.4;21.1
84;2021-06-05;1782;1499;217050;119780;38.7;21.4
84;2021-06-06;989;207;218039;119987;38.9;21.4
84;2021-06-07;2453;2759;220492;122746;39.3;21.9
84;2021-06-08;3319;3055;223811;125801;39.9;22.4
84;2021-06-09;3032;2688;226843;128489;40.4;22.9
84;2021-06-10;3515;2791;230358;131280;41.1;23.4
84;2021-06-11;3028;3070;233386;134350;41.6;23.9
84;2021-06-12;1965;1311;235351;135661;42.0;24.2
84;2021-06-13;414;213;235765;135874;42.0;24.2
84;2021-06-14;1929;3157;237694;139031;42.4;24.8
84;2021-06-15;2575;3458;240269;142489;42.8;25.4
84;2021-06-16;2528;2961;242797;145450;43.3;25.9
84;2021-06-17;2997;3481;245794;148931;43.8;26.5
84;2021-06-18;2425;3550;248219;152481;44.2;27.2
84;2021-06-19;1288;1547;249507;154028;44.5;27.5
84;2021-06-20;549;354;250056;154382;44.6;27.5
84;2021-06-21;1570;3134;251626;157516;44.9;28.1
84;2021-06-22;2164;4013;253790;161529;45.2;28.8
84;2021-06-23;2117;3310;255907;164839;45.6;29.4
84;2021-06-24;2203;3484;258110;168323;46.0;30.0
84;2021-06-25;1836;3887;259946;172210;46.3;30.7
84;2021-06-26;1132;1816;261078;174026;46.5;31.0
84;2021-06-27;297;345;261375;174371;46.6;31.1
84;2021-06-28;1210;3224;262585;177595;46.8;31.7
84;2021-06-29;1482;4052;264067;181647;47.1;32.4
84;2021-06-30;1716;3967;265783;185614;47.4;33.1
84;2021-07-01;1815;3952;267598;189566;47.7;33.8
84;2021-07-02;1752;3898;269350;193464;48.0;34.5
84;2021-07-03;1103;2030;270453;195494;48.2;34.8
84;2021-07-04;395;416;270848;195910;48.3;34.9
84;2021-07-05;1544;3540;272392;199450;48.6;35.6
84;2021-07-06;1637;4167;274029;203617;48.8;36.3
84;2021-07-07;1675;3103;275704;206720;49.1;36.8
84;2021-07-08;2161;3748;277865;210468;49.5;37.5
84;2021-07-09;1874;3970;279739;214438;49.9;38.2
84;2021-07-10;1255;2159;280994;216597;50.1;38.6
84;2021-07-11;357;303;281351;216900;50.2;38.7
84;2021-07-12;1413;3839;282764;220739;50.4;39.3
84;2021-07-13;2336;5012;285100;225751;50.8;40.2
84;2021-07-14;1886;1248;286986;226999;51.2;40.5
84;2021-07-15;2705;4554;289691;231553;51.6;41.3
84;2021-07-16;2781;4604;292472;236157;52.1;42.1
84;2021-07-17;1587;2448;294059;238605;52.4;42.5
84;2021-07-18;1018;551;295077;239156;52.6;42.6
84;2021-07-19;2415;3743;297492;242899;53.0;43.3
84;2021-07-20;2956;4168;300448;247067;53.6;44.0
84;2021-07-21;3186;3657;303634;250724;54.1;44.7
84;2021-07-22;3779;3790;307413;254514;54.8;45.4
84;2021-07-23;3523;3677;310936;258191;55.4;46.0
84;2021-07-24;1470;2247;312406;260438;55.7;46.4
84;2021-07-25;1033;510;313439;260948;55.9;46.5
84;2021-07-26;2721;3033;316160;263981;56.4;47.1
84;2021-07-27;3443;3565;319603;267546;57.0;47.7
84;2021-07-28;3864;3309;323467;270855;57.7;48.3
84;2021-07-29;4225;3152;327692;274007;58.4;48.8
84;2021-07-30;4023;3326;331715;277333;59.1;49.4
84;2021-07-31;1999;1685;333714;279018;59.5;49.7
84;2021-08-01;818;428;334532;279446;59.6;49.8
84;2021-08-02;2953;2689;337485;282135;60.2;50.3
84;2021-08-03;4100;2791;341585;284926;60.9;50.8
84;2021-08-04;3869;2603;345454;287529;61.6;51.3
84;2021-08-05;3862;2580;349316;290109;62.3;51.7
84;2021-08-06;3684;2866;353000;292975;62.9;52.2
84;2021-08-07;2052;1738;355052;294713;63.3;52.5
84;2021-08-08;386;735;355438;295448;63.4;52.7
84;2021-08-09;2875;2589;358313;298037;63.9;53.1
84;2021-08-10;3730;2946;362043;300983;64.5;53.7
84;2021-08-11;3259;2669;365302;303652;65.1;54.1
84;2021-08-12;3149;2980;368451;306632;65.7;54.7
84;2021-08-13;2877;2689;371328;309321;66.2;55.1
84;2021-08-14;1674;1742;373002;311063;66.5;55.4
84;2021-08-15;286;228;373288;311291;66.5;55.5
84;2021-08-16;2335;3072;375623;314363;67.0;56.0
84;2021-08-17;2692;3253;378315;317616;67.4;56.6
84;2021-08-18;2397;2793;380712;320409;67.9;57.1
84;2021-08-19;2265;3114;382977;323523;68.3;57.7
84;2021-08-20;2159;3296;385136;326819;68.7;58.3
84;2021-08-21;1223;1879;386359;328698;68.9;58.6
84;2021-08-22;168;739;386527;329437;68.9;58.7
84;2021-08-23;1733;3285;388260;332722;69.2;59.3
84;2021-08-24;1899;3460;390159;336182;69.5;59.9
84;2021-08-25;1835;3347;391994;339529;69.9;60.5
84;2021-08-26;1629;3624;393623;343153;70.2;61.2
84;2021-08-27;1595;3810;395218;346963;70.4;61.8
84;2021-08-28;912;2176;396130;349139;70.6;62.2
84;2021-08-29;174;606;396304;349745;70.6;62.3
84;2021-08-30;1364;3271;397668;353016;70.9;62.9
84;2021-08-31;1339;4142;399007;357158;71.1;63.7
85;2020-12-27;1;0;1;0;0.0;0.0
85;2020-12-28;0;0;1;0;0.0;0.0
85;2020-12-29;0;0;1;0;0.0;0.0
85;2020-12-30;0;0;1;0;0.0;0.0
85;2020-12-31;0;0;1;0;0.0;0.0
85;2021-01-01;0;0;1;0;0.0;0.0
85;2021-01-02;0;0;1;0;0.0;0.0
85;2021-01-03;1;0;2;0;0.0;0.0
85;2021-01-04;26;0;28;0;0.0;0.0
85;2021-01-05;62;0;90;0;0.0;0.0
85;2021-01-06;107;1;197;1;0.0;0.0
85;2021-01-07;203;0;400;1;0.1;0.0
85;2021-01-08;293;2;693;3;0.1;0.0
85;2021-01-09;288;1;981;4;0.1;0.0
85;2021-01-10;59;0;1040;4;0.2;0.0
85;2021-01-11;453;0;1493;4;0.2;0.0
85;2021-01-12;586;1;2079;5;0.3;0.0
85;2021-01-13;544;2;2623;7;0.4;0.0
85;2021-01-14;682;4;3305;11;0.5;0.0
85;2021-01-15;438;3;3743;14;0.5;0.0
85;2021-01-16;264;3;4007;17;0.6;0.0
85;2021-01-17;37;0;4044;17;0.6;0.0
85;2021-01-18;999;3;5043;20;0.7;0.0
85;2021-01-19;1428;14;6471;34;0.9;0.0
85;2021-01-20;1874;3;8345;37;1.2;0.0
85;2021-01-21;3223;11;11568;48;1.7;0.0
85;2021-01-22;1698;19;13266;67;1.9;0.0
85;2021-01-23;466;2;13732;69;2.0;0.0
85;2021-01-24;50;0;13782;69;2.0;0.0
85;2021-01-25;577;1;14359;70;2.1;0.0
85;2021-01-26;877;34;15236;104;2.2;0.0
85;2021-01-27;1809;32;17045;136;2.5;0.0
85;2021-01-28;1635;38;18680;174;2.7;0.0
85;2021-01-29;875;63;19555;237;2.9;0.0
85;2021-01-30;149;5;19704;242;2.9;0.0
85;2021-01-31;2;45;19706;287;2.9;0.0
85;2021-02-01;483;103;20189;390;3.0;0.1
85;2021-02-02;537;175;20726;565;3.0;0.1
85;2021-02-03;415;259;21141;824;3.1;0.1
85;2021-02-04;620;263;21761;1087;3.2;0.2
85;2021-02-05;624;263;22385;1350;3.3;0.2
85;2021-02-06;158;243;22543;1593;3.3;0.2
85;2021-02-07;1;0;22544;1593;3.3;0.2
85;2021-02-08;388;647;22932;2240;3.4;0.3
85;2021-02-09;663;1057;23595;3297;3.5;0.5
85;2021-02-10;583;1125;24178;4422;3.5;0.6
85;2021-02-11;1542;3040;25720;7462;3.8;1.1
85;2021-02-12;1013;1258;26733;8720;3.9;1.3
85;2021-02-13;251;496;26984;9216;3.9;1.3
85;2021-02-14;2;123;26986;9339;4.0;1.4
85;2021-02-15;337;806;27323;10145;4.0;1.5
85;2021-02-16;569;1177;27892;11322;4.1;1.7
85;2021-02-17;786;1568;28678;12890;4.2;1.9
85;2021-02-18;1277;1931;29955;14821;4.4;2.2
85;2021-02-19;957;1206;30912;16027;4.5;2.3
85;2021-02-20;174;262;31086;16289;4.6;2.4
85;2021-02-21;1;11;31087;16300;4.6;2.4
85;2021-02-22;814;884;31901;17184;4.7;2.5
85;2021-02-23;828;486;32729;17670;4.8;2.6
85;2021-02-24;756;310;33485;17980;4.9;2.6
85;2021-02-25;1336;402;34821;18382;5.1;2.7
85;2021-02-26;1228;329;36049;18711;5.3;2.7
85;2021-02-27;400;100;36449;18811;5.3;2.8
85;2021-02-28;7;1;36456;18812;5.3;2.8
85;2021-03-01;765;431;37221;19243;5.4;2.8
85;2021-03-02;1100;791;38321;20034;5.6;2.9
85;2021-03-03;844;516;39165;20550;5.7;3.0
85;2021-03-04;1576;1176;40741;21726;6.0;3.2
85;2021-03-05;1741;853;42482;22579;6.2;3.3
85;2021-03-06;1227;131;43709;22710;6.4;3.3
85;2021-03-07;333;35;44042;22745;6.4;3.3
85;2021-03-08;1741;464;45783;23209;6.7;3.4
85;2021-03-09;2239;576;48022;23785;7.0;3.5
85;2021-03-10;1863;653;49885;24438;7.3;3.6
85;2021-03-11;3119;1096;53004;25534;7.8;3.7
85;2021-03-12;2728;869;55732;26403;8.2;3.9
85;2021-03-13;1372;162;57104;26565;8.4;3.9
85;2021-03-14;182;3;57286;26568;8.4;3.9
85;2021-03-15;1919;517;59205;27085;8.7;4.0
85;2021-03-16;1630;520;60835;27605;8.9;4.0
85;2021-03-17;980;527;61815;28132;9.0;4.1
85;2021-03-18;1904;455;63719;28587;9.3;4.2
85;2021-03-19;2200;374;65919;28961;9.6;4.2
85;2021-03-20;1069;179;66988;29140;9.8;4.3
85;2021-03-21;272;5;67260;29145;9.8;4.3
85;2021-03-22;1764;558;69024;29703;10.1;4.3
85;2021-03-23;2421;735;71445;30438;10.5;4.5
85;2021-03-24;2207;531;73652;30969;10.8;4.5
85;2021-03-25;3649;597;77301;31566;11.3;4.6
85;2021-03-26;3358;652;80659;32218;11.8;4.7
85;2021-03-27;1729;123;82388;32341;12.1;4.7
85;2021-03-28;539;4;82927;32345;12.1;4.7
85;2021-03-29;2413;759;85340;33104;12.5;4.8
85;2021-03-30;2863;1026;88203;34130;12.9;5.0
85;2021-03-31;2199;676;90402;34806;13.2;5.1
85;2021-04-01;3878;913;94280;35719;13.8;5.2
85;2021-04-02;2707;1105;96987;36824;14.2;5.4
85;2021-04-03;1413;324;98400;37148;14.4;5.4
85;2021-04-04;324;29;98724;37177;14.5;5.4
85;2021-04-05;104;175;98828;37352;14.5;5.5
85;2021-04-06;2200;1598;101028;38950;14.8;5.7
85;2021-04-07;3093;1190;104121;40140;15.2;5.9
85;2021-04-08;4544;1604;108665;41744;15.9;6.1
85;2021-04-09;4602;1226;113267;42970;16.6;6.3
85;2021-04-10;1867;400;115134;43370;16.9;6.3
85;2021-04-11;27;10;115161;43380;16.9;6.3
85;2021-04-12;4285;1490;119446;44870;17.5;6.6
85;2021-04-13;4834;1875;124280;46745;18.2;6.8
85;2021-04-14;3962;1011;128242;47756;18.8;7.0
85;2021-04-15;5518;1742;133760;49498;19.6;7.2
85;2021-04-16;5241;1543;139001;51041;20.3;7.5
85;2021-04-17;1382;436;140383;51477;20.5;7.5
85;2021-04-18;351;12;140734;51489;20.6;7.5
85;2021-04-19;3367;1702;144101;53191;21.1;7.8
85;2021-04-20;3694;1928;147795;55119;21.6;8.1
85;2021-04-21;2693;1693;150488;56812;22.0;8.3
85;2021-04-22;3806;2233;154294;59045;22.6;8.6
85;2021-04-23;3901;2092;158195;61137;23.2;8.9
85;2021-04-24;1662;1535;159857;62672;23.4;9.2
85;2021-04-25;981;563;160838;63235;23.5;9.3
85;2021-04-26;3590;2351;164428;65586;24.1;9.6
85;2021-04-27;4395;2166;168823;67752;24.7;9.9
85;2021-04-28;5747;1258;174570;69010;25.6;10.1
85;2021-04-29;5635;2005;180205;71015;26.4;10.4
85;2021-04-30;5576;1678;185781;72693;27.2;10.6
85;2021-05-01;1736;637;187517;73330;27.4;10.7
85;2021-05-02;873;471;188390;73801;27.6;10.8
85;2021-05-03;3493;2385;191883;76186;28.1;11.2
85;2021-05-04;3488;3088;195371;79274;28.6;11.6
85;2021-05-05;4532;2168;199903;81442;29.3;11.9
85;2021-05-06;4920;2602;204823;84044;30.0;12.3
85;2021-05-07;3933;3860;208756;87904;30.6;12.9
85;2021-05-08;2246;230;211002;88134;30.9;12.9
85;2021-05-09;1509;183;212511;88317;31.1;12.9
85;2021-05-10;3212;4928;215723;93245;31.6;13.6
85;2021-05-11;4028;4978;219751;98223;32.2;14.4
85;2021-05-12;5019;3938;224770;102161;32.9;15.0
85;2021-05-13;5146;613;229916;102774;33.7;15.0
85;2021-05-14;4358;3166;234274;105940;34.3;15.5
85;2021-05-15;2327;776;236601;106716;34.6;15.6
85;2021-05-16;2213;162;238814;106878;35.0;15.6
85;2021-05-17;4145;3378;242959;110256;35.6;16.1
85;2021-05-18;5215;2855;248174;113111;36.3;16.6
85;2021-05-19;6493;1769;254667;114880;37.3;16.8
85;2021-05-20;6775;2177;261442;117057;38.3;17.1
85;2021-05-21;5499;2745;266941;119802;39.1;17.5
85;2021-05-22;2584;754;269525;120556;39.5;17.6
85;2021-05-23;1329;161;270854;120717;39.6;17.7
85;2021-05-24;4573;435;275427;121152;40.3;17.7
85;2021-05-25;4517;3568;279944;124720;41.0;18.3
85;2021-05-26;4946;2681;284890;127401;41.7;18.6
85;2021-05-27;4960;3696;289850;131097;42.4;19.2
85;2021-05-28;5253;4063;295103;135160;43.2;19.8
85;2021-05-29;3962;1529;299065;136689;43.8;20.0
85;2021-05-30;1292;125;300357;136814;44.0;20.0
85;2021-05-31;4689;3379;305046;140193;44.7;20.5
85;2021-06-01;5406;3398;310452;143591;45.4;21.0
85;2021-06-02;5557;2521;316009;146112;46.3;21.4
85;2021-06-03;5917;3235;321926;149347;47.1;21.9
85;2021-06-04;5841;3821;327767;153168;48.0;22.4
85;2021-06-05;2848;1942;330615;155110;48.4;22.7
85;2021-06-06;1511;803;332126;155913;48.6;22.8
85;2021-06-07;3237;4861;335363;160774;49.1;23.5
85;2021-06-08;4091;4529;339454;165303;49.7;24.2
85;2021-06-09;4848;3515;344302;168818;50.4;24.7
85;2021-06-10;5199;3703;349501;172521;51.2;25.3
85;2021-06-11;4507;4663;354008;177184;51.8;25.9
85;2021-06-12;1492;1800;355500;178984;52.0;26.2
85;2021-06-13;1220;673;356720;179657;52.2;26.3
85;2021-06-14;2682;5095;359402;184752;52.6;27.0
85;2021-06-15;3714;4937;363116;189689;53.2;27.8
85;2021-06-16;4083;3907;367199;193596;53.7;28.3
85;2021-06-17;3940;3898;371139;197494;54.3;28.9
85;2021-06-18;3626;5684;374765;203178;54.9;29.7
85;2021-06-19;1214;2030;375979;205208;55.0;30.0
85;2021-06-20;140;521;376119;205729;55.1;30.1
85;2021-06-21;2376;5813;378495;211542;55.4;31.0
85;2021-06-22;2848;5734;381343;217276;55.8;31.8
85;2021-06-23;3391;4500;384734;221776;56.3;32.5
85;2021-06-24;3641;4560;388375;226336;56.8;33.1
85;2021-06-25;2289;6178;390664;232514;57.2;34.0
85;2021-06-26;791;3761;391455;236275;57.3;34.6
85;2021-06-27;125;1370;391580;237645;57.3;34.8
85;2021-06-28;1186;6714;392766;244359;57.5;35.8
85;2021-06-29;1756;6875;394522;251234;57.7;36.8
85;2021-06-30;2213;6206;396735;257440;58.1;37.7
85;2021-07-01;2843;6059;399578;263499;58.5;38.6
85;2021-07-02;2276;7018;401854;270517;58.8;39.6
85;2021-07-03;618;3165;402472;273682;58.9;40.1
85;2021-07-04;145;1086;402617;274768;58.9;40.2
85;2021-07-05;1083;6652;403700;281420;59.1;41.2
85;2021-07-06;1581;6457;405281;287877;59.3;42.1
85;2021-07-07;1650;5866;406931;293743;59.6;43.0
85;2021-07-08;2166;5443;409097;299186;59.9;43.8
85;2021-07-09;1648;7098;410745;306284;60.1;44.8
85;2021-07-10;565;2836;411310;309120;60.2;45.2
85;2021-07-11;529;1288;411839;310408;60.3;45.4
85;2021-07-12;1409;7049;413248;317457;60.5;46.5
85;2021-07-13;2061;7391;415309;324848;60.8;47.5
85;2021-07-14;1453;2047;416762;326895;61.0;47.8
85;2021-07-15;2681;6941;419443;333836;61.4;48.9
85;2021-07-16;3431;6835;422874;340671;61.9;49.9
85;2021-07-17;1565;2152;424439;342823;62.1;50.2
85;2021-07-18;1150;1154;425589;343977;62.3;50.3
85;2021-07-19;3557;6233;429146;350210;62.8;51.3
85;2021-07-20;4302;6214;433448;356424;63.4;52.2
85;2021-07-21;3998;6199;437446;362623;64.0;53.1
85;2021-07-22;3906;6186;441352;368809;64.6;54.0
85;2021-07-23;4531;6711;445883;375520;65.3;55.0
85;2021-07-24;1046;2295;446929;377815;65.4;55.3
85;2021-07-25;491;304;447420;378119;65.5;55.3
85;2021-07-26;4511;5358;451931;383477;66.2;56.1
85;2021-07-27;5320;5394;457251;388871;66.9;56.9
85;2021-07-28;4963;4971;462214;393842;67.7;57.6
85;2021-07-29;5877;4737;468091;398579;68.5;58.3
85;2021-07-30;6025;4950;474116;403529;69.4;59.1
85;2021-07-31;1232;1577;475348;405106;69.6;59.3
85;2021-08-01;470;195;475818;405301;69.6;59.3
85;2021-08-02;4947;3958;480765;409259;70.4;59.9
85;2021-08-03;6516;3353;487281;412612;71.3;60.4
85;2021-08-04;6620;3425;493901;416037;72.3;60.9
85;2021-08-05;6184;3604;500085;419641;73.2;61.4
85;2021-08-06;5801;4517;505886;424158;74.0;62.1
85;2021-08-07;1504;1180;507390;425338;74.3;62.3
85;2021-08-08;330;231;507720;425569;74.3;62.3
85;2021-08-09;4137;3278;511857;428847;74.9;62.8
85;2021-08-10;4800;3418;516657;432265;75.6;63.3
85;2021-08-11;4651;4210;521308;436475;76.3;63.9
85;2021-08-12;4451;4299;525759;440774;77.0;64.5
85;2021-08-13;3824;3647;529583;444421;77.5;65.1
85;2021-08-14;1016;1091;530599;445512;77.7;65.2
85;2021-08-15;160;239;530759;445751;77.7;65.2
85;2021-08-16;2835;4774;533594;450525;78.1;65.9
85;2021-08-17;2957;4351;536551;454876;78.5;66.6
85;2021-08-18;3139;4099;539690;458975;79.0;67.2
85;2021-08-19;2725;4272;542415;463247;79.4;67.8
85;2021-08-20;2472;5223;544887;468470;79.8;68.6
85;2021-08-21;690;1393;545577;469863;79.9;68.8
85;2021-08-22;343;1018;545920;470881;79.9;68.9
85;2021-08-23;1869;5370;547789;476251;80.2;69.7
85;2021-08-24;1820;4864;549609;481115;80.4;70.4
85;2021-08-25;1641;4827;551250;485942;80.7;71.1
85;2021-08-26;1535;4760;552785;490702;80.9;71.8
85;2021-08-27;1688;5515;554473;496217;81.2;72.6
85;2021-08-28;567;1342;555040;497559;81.2;72.8
85;2021-08-29;127;988;555167;498547;81.3;73.0
85;2021-08-30;1118;4971;556285;503518;81.4;73.7
85;2021-08-31;1124;5438;557409;508956;81.6;74.5
86;2020-12-27;0;0;0;0;0.0;0.0
86;2020-12-28;1;0;1;0;0.0;0.0
86;2020-12-29;1;0;2;0;0.0;0.0
86;2020-12-30;0;0;2;0;0.0;0.0
86;2020-12-31;0;0;2;0;0.0;0.0
86;2021-01-01;0;0;2;0;0.0;0.0
86;2021-01-02;0;0;2;0;0.0;0.0
86;2021-01-03;2;0;4;0;0.0;0.0
86;2021-01-04;0;0;4;0;0.0;0.0
86;2021-01-05;1;0;5;0;0.0;0.0
86;2021-01-06;178;0;183;0;0.0;0.0
86;2021-01-07;673;0;856;0;0.2;0.0
86;2021-01-08;609;3;1465;3;0.3;0.0
86;2021-01-09;0;0;1465;3;0.3;0.0
86;2021-01-10;173;0;1638;3;0.4;0.0
86;2021-01-11;305;0;1943;3;0.4;0.0
86;2021-01-12;459;0;2402;3;0.5;0.0
86;2021-01-13;336;0;2738;3;0.6;0.0
86;2021-01-14;551;1;3289;4;0.8;0.0
86;2021-01-15;542;1;3831;5;0.9;0.0
86;2021-01-16;2;0;3833;5;0.9;0.0
86;2021-01-17;0;0;3833;5;0.9;0.0
86;2021-01-18;564;0;4397;5;1.0;0.0
86;2021-01-19;1914;1;6311;6;1.4;0.0
86;2021-01-20;1461;20;7772;26;1.8;0.0
86;2021-01-21;1292;0;9064;26;2.1;0.0
86;2021-01-22;833;0;9897;26;2.3;0.0
86;2021-01-23;313;0;10210;26;2.3;0.0
86;2021-01-24;0;0;10210;26;2.3;0.0
86;2021-01-25;583;108;10793;134;2.5;0.0
86;2021-01-26;749;120;11542;254;2.6;0.1
86;2021-01-27;764;156;12306;410;2.8;0.1
86;2021-01-28;1048;426;13354;836;3.1;0.2
86;2021-01-29;880;217;14234;1053;3.3;0.2
86;2021-01-30;275;103;14509;1156;3.3;0.3
86;2021-01-31;57;157;14566;1313;3.3;0.3
86;2021-02-01;433;208;14999;1521;3.4;0.3
86;2021-02-02;573;385;15572;1906;3.6;0.4
86;2021-02-03;525;223;16097;2129;3.7;0.5
86;2021-02-04;478;364;16575;2493;3.8;0.6
86;2021-02-05;438;732;17013;3225;3.9;0.7
86;2021-02-06;148;203;17161;3428;3.9;0.8
86;2021-02-07;120;8;17281;3436;4.0;0.8
86;2021-02-08;361;323;17642;3759;4.0;0.9
86;2021-02-09;753;1121;18395;4880;4.2;1.1
86;2021-02-10;976;938;19371;5818;4.4;1.3
86;2021-02-11;1007;971;20378;6789;4.7;1.6
86;2021-02-12;746;379;21124;7168;4.8;1.6
86;2021-02-13;192;94;21316;7262;4.9;1.7
86;2021-02-14;1;34;21317;7296;4.9;1.7
86;2021-02-15;244;506;21561;7802;4.9;1.8
86;2021-02-16;384;863;21945;8665;5.0;2.0
86;2021-02-17;453;894;22398;9559;5.1;2.2
86;2021-02-18;422;864;22820;10423;5.2;2.4
86;2021-02-19;601;641;23421;11064;5.4;2.5
86;2021-02-20;115;176;23536;11240;5.4;2.6
86;2021-02-21;1;0;23537;11240;5.4;2.6
86;2021-02-22;240;426;23777;11666;5.4;2.7
86;2021-02-23;370;600;24147;12266;5.5;2.8
86;2021-02-24;409;585;24556;12851;5.6;2.9
86;2021-02-25;902;667;25458;13518;5.8;3.1
86;2021-02-26;1030;536;26488;14054;6.1;3.2
86;2021-02-27;460;149;26948;14203;6.2;3.2
86;2021-02-28;3;2;26951;14205;6.2;3.2
86;2021-03-01;232;526;27183;14731;6.2;3.4
86;2021-03-02;1142;851;28325;15582;6.5;3.6
86;2021-03-03;793;628;29118;16210;6.7;3.7
86;2021-03-04;1496;621;30614;16831;7.0;3.8
86;2021-03-05;1578;314;32192;17145;7.4;3.9
86;2021-03-06;995;168;33187;17313;7.6;4.0
86;2021-03-07;371;32;33558;17345;7.7;4.0
86;2021-03-08;472;541;34030;17886;7.8;4.1
86;2021-03-09;1368;529;35398;18415;8.1;4.2
86;2021-03-10;948;610;36346;19025;8.3;4.3
86;2021-03-11;1799;477;38145;19502;8.7;4.5
86;2021-03-12;2207;439;40352;19941;9.2;4.6
86;2021-03-13;1444;100;41796;20041;9.6;4.6
86;2021-03-14;133;16;41929;20057;9.6;4.6
86;2021-03-15;784;159;42713;20216;9.8;4.6
86;2021-03-16;848;203;43561;20419;10.0;4.7
86;2021-03-17;786;205;44347;20624;10.1;4.7
86;2021-03-18;1005;102;45352;20726;10.4;4.7
86;2021-03-19;2142;323;47494;21049;10.9;4.8
86;2021-03-20;592;132;48086;21181;11.0;4.8
86;2021-03-21;10;0;48096;21181;11.0;4.8
86;2021-03-22;852;277;48948;21458;11.2;4.9
86;2021-03-23;2015;327;50963;21785;11.7;5.0
86;2021-03-24;1557;291;52520;22076;12.0;5.0
86;2021-03-25;2488;352;55008;22428;12.6;5.1
86;2021-03-26;3043;360;58051;22788;13.3;5.2
86;2021-03-27;733;143;58784;22931;13.4;5.2
86;2021-03-28;5;127;58789;23058;13.4;5.3
86;2021-03-29;1259;391;60048;23449;13.7;5.4
86;2021-03-30;2403;821;62451;24270;14.3;5.5
86;2021-03-31;1511;625;63962;24895;14.6;5.7
86;2021-04-01;2244;943;66206;25838;15.1;5.9
86;2021-04-02;1902;555;68108;26393;15.6;6.0
86;2021-04-03;825;322;68933;26715;15.8;6.1
86;2021-04-04;83;109;69016;26824;15.8;6.1
86;2021-04-05;314;5;69330;26829;15.9;6.1
86;2021-04-06;1534;960;70864;27789;16.2;6.4
86;2021-04-07;1634;628;72498;28417;16.6;6.5
86;2021-04-08;2567;760;75065;29177;17.2;6.7
86;2021-04-09;3251;651;78316;29828;17.9;6.8
86;2021-04-10;1663;192;79979;30020;18.3;6.9
86;2021-04-11;442;10;80421;30030;18.4;6.9
86;2021-04-12;821;766;81242;30796;18.6;7.0
86;2021-04-13;2452;939;83694;31735;19.1;7.3
86;2021-04-14;1871;879;85565;32614;19.6;7.5
86;2021-04-15;2275;728;87840;33342;20.1;7.6
86;2021-04-16;2471;1231;90311;34573;20.6;7.9
86;2021-04-17;1039;264;91350;34837;20.9;8.0
86;2021-04-18;119;4;91469;34841;20.9;8.0
86;2021-04-19;745;795;92214;35636;21.1;8.1
86;2021-04-20;2301;1502;94515;37138;21.6;8.5
86;2021-04-21;2107;1126;96622;38264;22.1;8.7
86;2021-04-22;2331;1443;98953;39707;22.6;9.1
86;2021-04-23;2393;1578;101346;41285;23.2;9.4
86;2021-04-24;1300;512;102646;41797;23.5;9.6
86;2021-04-25;825;26;103471;41823;23.7;9.6
86;2021-04-26;2080;894;105551;42717;24.1;9.8
86;2021-04-27;3156;1671;108707;44388;24.9;10.1
86;2021-04-28;3004;1522;111711;45910;25.5;10.5
86;2021-04-29;3557;1833;115268;47743;26.4;10.9
86;2021-04-30;2970;1485;118238;49228;27.0;11.3
86;2021-05-01;1580;198;119818;49426;27.4;11.3
86;2021-05-02;1280;45;121098;49471;27.7;11.3
86;2021-05-03;2562;1005;123660;50476;28.3;11.5
86;2021-05-04;3509;1901;127169;52377;29.1;12.0
86;2021-05-05;3990;1486;131159;53863;30.0;12.3
86;2021-05-06;4291;1656;135450;55519;31.0;12.7
86;2021-05-07;4047;1828;139497;57347;31.9;13.1
86;2021-05-08;1976;398;141473;57745;32.3;13.2
86;2021-05-09;1641;203;143114;57948;32.7;13.2
86;2021-05-10;1958;1176;145072;59124;33.2;13.5
86;2021-05-11;3605;2688;148677;61812;34.0;14.1
86;2021-05-12;2251;1651;150928;63463;34.5;14.5
86;2021-05-13;1687;298;152615;63761;34.9;14.6
86;2021-05-14;2098;789;154713;64550;35.4;14.8
86;2021-05-15;1467;503;156180;65053;35.7;14.9
86;2021-05-16;778;164;156958;65217;35.9;14.9
86;2021-05-17;3221;1061;160179;66278;36.6;15.2
86;2021-05-18;4307;1667;164486;67945;37.6;15.5
86;2021-05-19;3592;1437;168078;69382;38.4;15.9
86;2021-05-20;4376;1625;172454;71007;39.4;16.2
86;2021-05-21;3438;1773;175892;72780;40.2;16.6
86;2021-05-22;2076;664;177968;73444;40.7;16.8
86;2021-05-23;1439;183;179407;73627;41.0;16.8
86;2021-05-24;1848;203;181255;73830;41.4;16.9
86;2021-05-25;2849;1642;184104;75472;42.1;17.3
86;2021-05-26;2727;1526;186831;76998;42.7;17.6
86;2021-05-27;3547;1852;190378;78850;43.5;18.0
86;2021-05-28;2163;2538;192541;81388;44.0;18.6
86;2021-05-29;1527;1288;194068;82676;44.4;18.9
86;2021-05-30;934;133;195002;82809;44.6;18.9
86;2021-05-31;1922;1822;196924;84631;45.0;19.3
86;2021-06-01;2664;2592;199588;87223;45.6;19.9
86;2021-06-02;2305;2669;201893;89892;46.2;20.6
86;2021-06-03;3337;2416;205230;92308;46.9;21.1
86;2021-06-04;2239;2862;207469;95170;47.4;21.8
86;2021-06-05;1502;1582;208971;96752;47.8;22.1
86;2021-06-06;819;900;209790;97652;48.0;22.3
86;2021-06-07;1118;2466;210908;100118;48.2;22.9
86;2021-06-08;1990;3697;212898;103815;48.7;23.7
86;2021-06-09;1902;3321;214800;107136;49.1;24.5
86;2021-06-10;2352;3241;217152;110377;49.6;25.2
86;2021-06-11;1517;2793;218669;113170;50.0;25.9
86;2021-06-12;746;2244;219415;115414;50.2;26.4
86;2021-06-13;214;1477;219629;116891;50.2;26.7
86;2021-06-14;1159;2904;220788;119795;50.5;27.4
86;2021-06-15;1688;4261;222476;124056;50.9;28.4
86;2021-06-16;1809;3135;224285;127191;51.3;29.1
86;2021-06-17;1776;4447;226061;131638;51.7;30.1
86;2021-06-18;1884;4591;227945;136229;52.1;31.1
86;2021-06-19;636;2101;228581;138330;52.3;31.6
86;2021-06-20;174;1319;228755;139649;52.3;31.9
86;2021-06-21;1106;2237;229861;141886;52.6;32.4
86;2021-06-22;1298;3459;231159;145345;52.8;33.2
86;2021-06-23;1364;2401;232523;147746;53.2;33.8
86;2021-06-24;1590;2725;234113;150471;53.5;34.4
86;2021-06-25;1193;3553;235306;154024;53.8;35.2
86;2021-06-26;391;2652;235697;156676;53.9;35.8
86;2021-06-27;138;1633;235835;158309;53.9;36.2
86;2021-06-28;271;3342;236106;161651;54.0;37.0
86;2021-06-29;857;4605;236963;166256;54.2;38.0
86;2021-06-30;1051;2974;238014;169230;54.4;38.7
86;2021-07-01;1541;3005;239555;172235;54.8;39.4
86;2021-07-02;1107;3644;240662;175879;55.0;40.2
86;2021-07-03;517;2394;241179;178273;55.1;40.8
86;2021-07-04;116;1347;241295;179620;55.2;41.1
86;2021-07-05;469;2832;241764;182452;55.3;41.7
86;2021-07-06;989;4105;242753;186557;55.5;42.7
86;2021-07-07;1261;2628;244014;189185;55.8;43.3
86;2021-07-08;1618;3149;245632;192334;56.2;44.0
86;2021-07-09;1745;3085;247377;195419;56.6;44.7
86;2021-07-10;1303;1953;248680;197372;56.9;45.1
86;2021-07-11;482;839;249162;198211;57.0;45.3
86;2021-07-12;850;2405;250012;200616;57.2;45.9
86;2021-07-13;1781;3368;251793;203984;57.6;46.6
86;2021-07-14;785;1232;252578;205216;57.7;46.9
86;2021-07-15;1886;3293;254464;208509;58.2;47.7
86;2021-07-16;1672;2664;256136;211173;58.6;48.3
86;2021-07-17;1350;1598;257486;212771;58.9;48.6
86;2021-07-18;380;906;257866;213677;59.0;48.9
86;2021-07-19;1376;1888;259242;215565;59.3;49.3
86;2021-07-20;2352;2734;261594;218299;59.8;49.9
86;2021-07-21;2304;2164;263898;220463;60.3;50.4
86;2021-07-22;2902;2797;266800;223260;61.0;51.0
86;2021-07-23;2468;2167;269268;225427;61.6;51.5
86;2021-07-24;1543;1226;270811;226653;61.9;51.8
86;2021-07-25;714;322;271525;226975;62.1;51.9
86;2021-07-26;1588;2106;273113;229081;62.4;52.4
86;2021-07-27;3552;2756;276665;231837;63.3;53.0
86;2021-07-28;3279;2136;279944;233973;64.0;53.5
86;2021-07-29;3262;2543;283206;236516;64.7;54.1
86;2021-07-30;2245;2378;285451;238894;65.3;54.6
86;2021-07-31;1426;1058;286877;239952;65.6;54.9
86;2021-08-01;649;338;287526;240290;65.7;54.9
86;2021-08-02;1939;1681;289465;241971;66.2;55.3
86;2021-08-03;3280;1990;292745;243961;66.9;55.8
86;2021-08-04;2737;1785;295482;245746;67.6;56.2
86;2021-08-05;3565;2057;299047;247803;68.4;56.7
86;2021-08-06;2368;1763;301415;249566;68.9;57.1
86;2021-08-07;1572;997;302987;250563;69.3;57.3
86;2021-08-08;947;551;303934;251114;69.5;57.4
86;2021-08-09;1882;1299;305816;252413;69.9;57.7
86;2021-08-10;2674;1783;308490;254196;70.5;58.1
86;2021-08-11;2350;1438;310840;255634;71.1;58.4
86;2021-08-12;2473;1835;313313;257469;71.6;58.9
86;2021-08-13;1826;1491;315139;258960;72.0;59.2
86;2021-08-14;1327;1151;316466;260111;72.4;59.5
86;2021-08-15;561;622;317027;260733;72.5;59.6
86;2021-08-16;1137;1790;318164;262523;72.7;60.0
86;2021-08-17;1552;2218;319716;264741;73.1;60.5
86;2021-08-18;1250;1858;320966;266599;73.4;61.0
86;2021-08-19;1497;2631;322463;269230;73.7;61.6
86;2021-08-20;1254;2603;323717;271833;74.0;62.1
86;2021-08-21;884;2007;324601;273840;74.2;62.6
86;2021-08-22;350;721;324951;274561;74.3;62.8
86;2021-08-23;722;1820;325673;276381;74.5;63.2
86;2021-08-24;1076;2752;326749;279133;74.7;63.8
86;2021-08-25;930;2066;327679;281199;74.9;64.3
86;2021-08-26;912;2812;328591;284011;75.1;64.9
86;2021-08-27;858;2170;329449;286181;75.3;65.4
86;2021-08-28;546;1773;329995;287954;75.4;65.8
86;2021-08-29;112;827;330107;288781;75.5;66.0
86;2021-08-30;678;2118;330785;290899;75.6;66.5
86;2021-08-31;956;3199;331741;294098;75.8;67.2
87;2020-12-27;0;0;0;0;0.0;0.0
87;2020-12-28;1;0;1;0;0.0;0.0
87;2020-12-29;0;0;1;0;0.0;0.0
87;2020-12-30;0;0;1;0;0.0;0.0
87;2020-12-31;0;0;1;0;0.0;0.0
87;2021-01-01;0;0;1;0;0.0;0.0
87;2021-01-02;0;0;1;0;0.0;0.0
87;2021-01-03;0;0;1;0;0.0;0.0
87;2021-01-04;1;0;2;0;0.0;0.0
87;2021-01-05;1;0;3;0;0.0;0.0
87;2021-01-06;10;0;13;0;0.0;0.0
87;2021-01-07;301;0;314;0;0.1;0.0
87;2021-01-08;407;0;721;0;0.2;0.0
87;2021-01-09;64;0;785;0;0.2;0.0
87;2021-01-10;35;0;820;0;0.2;0.0
87;2021-01-11;424;0;1244;0;0.3;0.0
87;2021-01-12;652;0;1896;0;0.5;0.0
87;2021-01-13;660;3;2556;3;0.7;0.0
87;2021-01-14;517;10;3073;13;0.8;0.0
87;2021-01-15;533;3;3606;16;1.0;0.0
87;2021-01-16;204;1;3810;17;1.0;0.0
87;2021-01-17;1;0;3811;17;1.0;0.0
87;2021-01-18;646;5;4457;22;1.2;0.0
87;2021-01-19;656;1;5113;23;1.4;0.0
87;2021-01-20;674;3;5787;26;1.6;0.0
87;2021-01-21;717;1;6504;27;1.8;0.0
87;2021-01-22;758;4;7262;31;2.0;0.0
87;2021-01-23;286;0;7548;31;2.0;0.0
87;2021-01-24;0;0;7548;31;2.0;0.0
87;2021-01-25;620;10;8168;41;2.2;0.0
87;2021-01-26;570;52;8738;93;2.4;0.0
87;2021-01-27;572;40;9310;133;2.5;0.0
87;2021-01-28;857;110;10167;243;2.7;0.1
87;2021-01-29;740;272;10907;515;2.9;0.1
87;2021-01-30;327;72;11234;587;3.0;0.2
87;2021-01-31;34;71;11268;658;3.0;0.2
87;2021-02-01;413;308;11681;966;3.2;0.3
87;2021-02-02;453;480;12134;1446;3.3;0.4
87;2021-02-03;540;420;12674;1866;3.4;0.5
87;2021-02-04;613;594;13287;2460;3.6;0.7
87;2021-02-05;342;382;13629;2842;3.7;0.8
87;2021-02-06;54;154;13683;2996;3.7;0.8
87;2021-02-07;20;0;13703;2996;3.7;0.8
87;2021-02-08;245;444;13948;3440;3.8;0.9
87;2021-02-09;217;541;14165;3981;3.8;1.1
87;2021-02-10;262;622;14427;4603;3.9;1.2
87;2021-02-11;286;537;14713;5140;4.0;1.4
87;2021-02-12;287;556;15000;5696;4.0;1.5
87;2021-02-13;25;169;15025;5865;4.1;1.6
87;2021-02-14;0;3;15025;5868;4.1;1.6
87;2021-02-15;237;387;15262;6255;4.1;1.7
87;2021-02-16;330;328;15592;6583;4.2;1.8
87;2021-02-17;330;378;15922;6961;4.3;1.9
87;2021-02-18;478;644;16400;7605;4.4;2.1
87;2021-02-19;404;480;16804;8085;4.5;2.2
87;2021-02-20;123;195;16927;8280;4.6;2.2
87;2021-02-21;2;9;16929;8289;4.6;2.2
87;2021-02-22;438;575;17367;8864;4.7;2.4
87;2021-02-23;557;631;17924;9495;4.8;2.6
87;2021-02-24;450;594;18374;10089;5.0;2.7
87;2021-02-25;790;708;19164;10797;5.2;2.9
87;2021-02-26;840;476;20004;11273;5.4;3.0
87;2021-02-27;405;210;20409;11483;5.5;3.1
87;2021-02-28;3;0;20412;11483;5.5;3.1
87;2021-03-01;518;368;20930;11851;5.6;3.2
87;2021-03-02;1031;386;21961;12237;5.9;3.3
87;2021-03-03;1174;352;23135;12589;6.2;3.4
87;2021-03-04;1406;339;24541;12928;6.6;3.5
87;2021-03-05;1770;285;26311;13213;7.1;3.6
87;2021-03-06;1047;40;27358;13253;7.4;3.6
87;2021-03-07;257;6;27615;13259;7.4;3.6
87;2021-03-08;864;246;28479;13505;7.7;3.6
87;2021-03-09;1288;232;29767;13737;8.0;3.7
87;2021-03-10;1299;234;31066;13971;8.4;3.8
87;2021-03-11;1754;254;32820;14225;8.9;3.8
87;2021-03-12;2129;290;34949;14515;9.4;3.9
87;2021-03-13;1308;20;36257;14535;9.8;3.9
87;2021-03-14;80;1;36337;14536;9.8;3.9
87;2021-03-15;989;356;37326;14892;10.1;4.0
87;2021-03-16;1061;243;38387;15135;10.4;4.1
87;2021-03-17;1070;220;39457;15355;10.6;4.1
87;2021-03-18;1185;343;40642;15698;11.0;4.2
87;2021-03-19;1683;280;42325;15978;11.4;4.3
87;2021-03-20;923;87;43248;16065;11.7;4.3
87;2021-03-21;32;0;43280;16065;11.7;4.3
87;2021-03-22;1049;382;44329;16447;12.0;4.4
87;2021-03-23;1386;431;45715;16878;12.3;4.6
87;2021-03-24;1508;367;47223;17245;12.7;4.7
87;2021-03-25;2500;395;49723;17640;13.4;4.8
87;2021-03-26;2531;455;52254;18095;14.1;4.9
87;2021-03-27;890;125;53144;18220;14.3;4.9
87;2021-03-28;269;18;53413;18238;14.4;4.9
87;2021-03-29;1118;418;54531;18656;14.7;5.0
87;2021-03-30;1908;665;56439;19321;15.2;5.2
87;2021-03-31;1660;694;58099;20015;15.7;5.4
87;2021-04-01;2239;572;60338;20587;16.3;5.6
87;2021-04-02;1842;634;62180;21221;16.8;5.7
87;2021-04-03;455;266;62635;21487;16.9;5.8
87;2021-04-04;2;0;62637;21487;16.9;5.8
87;2021-04-05;82;1;62719;21488;16.9;5.8
87;2021-04-06;1000;906;63719;22394;17.2;6.0
87;2021-04-07;1486;926;65205;23320;17.6;6.3
87;2021-04-08;1785;1034;66990;24354;18.1;6.6
87;2021-04-09;2647;738;69637;25092;18.8;6.8
87;2021-04-10;1190;306;70827;25398;19.1;6.8
87;2021-04-11;69;0;70896;25398;19.1;6.8
87;2021-04-12;1619;826;72515;26224;19.6;7.1
87;2021-04-13;2289;1061;74804;27285;20.2;7.4
87;2021-04-14;2528;1186;77332;28471;20.9;7.7
87;2021-04-15;2223;1076;79555;29547;21.5;8.0
87;2021-04-16;2736;1072;82291;30619;22.2;8.3
87;2021-04-17;731;387;83022;31006;22.4;8.4
87;2021-04-18;111;141;83133;31147;22.4;8.4
87;2021-04-19;1659;838;84792;31985;22.9;8.6
87;2021-04-20;2085;881;86877;32866;23.4;8.9
87;2021-04-21;2297;994;89174;33860;24.1;9.1
87;2021-04-22;2564;1162;91738;35022;24.7;9.4
87;2021-04-23;1997;1183;93735;36205;25.3;9.8
87;2021-04-24;825;621;94560;36826;25.5;9.9
87;2021-04-25;64;103;94624;36929;25.5;10.0
87;2021-04-26;1356;915;95980;37844;25.9;10.2
87;2021-04-27;2398;1207;98378;39051;26.5;10.5
87;2021-04-28;3867;1444;102245;40495;27.6;10.9
87;2021-04-29;3077;1844;105322;42339;28.4;11.4
87;2021-04-30;3175;1361;108497;43700;29.3;11.8
87;2021-05-01;614;58;109111;43758;29.4;11.8
87;2021-05-02;361;5;109472;43763;29.5;11.8
87;2021-05-03;2322;940;111794;44703;30.2;12.1
87;2021-05-04;2906;1070;114700;45773;30.9;12.3
87;2021-05-05;2989;1512;117689;47285;31.7;12.8
87;2021-05-06;2531;1724;120220;49009;32.4;13.2
87;2021-05-07;2944;1719;123164;50728;33.2;13.7
87;2021-05-08;772;295;123936;51023;33.4;13.8
87;2021-05-09;19;133;123955;51156;33.4;13.8
87;2021-05-10;1937;1603;125892;52759;34.0;14.2
87;2021-05-11;2466;1909;128358;54668;34.6;14.7
87;2021-05-12;2624;2065;130982;56733;35.3;15.3
87;2021-05-13;1085;292;132067;57025;35.6;15.4
87;2021-05-14;2244;1772;134311;58797;36.2;15.9
87;2021-05-15;950;409;135261;59206;36.5;16.0
87;2021-05-16;141;74;135402;59280;36.5;16.0
87;2021-05-17;1628;1762;137030;61042;37.0;16.5
87;2021-05-18;2634;1818;139664;62860;37.7;17.0
87;2021-05-19;2822;1554;142486;64414;38.4;17.4
87;2021-05-20;3303;1724;145789;66138;39.3;17.8
87;2021-05-21;2765;1841;148554;67979;40.1;18.3
87;2021-05-22;1458;628;150012;68607;40.5;18.5
87;2021-05-23;211;92;150223;68699;40.5;18.5
87;2021-05-24;1055;142;151278;68841;40.8;18.6
87;2021-05-25;2117;1811;153395;70652;41.4;19.1
87;2021-05-26;3221;2478;156616;73130;42.2;19.7
87;2021-05-27;3023;2357;159639;75487;43.1;20.4
87;2021-05-28;2673;2524;162312;78011;43.8;21.0
87;2021-05-29;1061;1314;163373;79325;44.1;21.4
87;2021-05-30;258;60;163631;79385;44.1;21.4
87;2021-05-31;2286;1359;165917;80744;44.7;21.8
87;2021-06-01;2548;1865;168465;82609;45.4;22.3
87;2021-06-02;2525;1857;170990;84466;46.1;22.8
87;2021-06-03;3211;2528;174201;86994;47.0;23.5
87;2021-06-04;2839;2060;177040;89054;47.7;24.0
87;2021-06-05;1311;576;178351;89630;48.1;24.2
87;2021-06-06;262;95;178613;89725;48.2;24.2
87;2021-06-07;2100;1901;180713;91626;48.7;24.7
87;2021-06-08;2961;2603;183674;94229;49.5;25.4
87;2021-06-09;2305;2813;185979;97042;50.2;26.2
87;2021-06-10;2974;2554;188953;99596;51.0;26.9
87;2021-06-11;2364;3075;191317;102671;51.6;27.7
87;2021-06-12;1220;1104;192537;103775;51.9;28.0
87;2021-06-13;293;484;192830;104259;52.0;28.1
87;2021-06-14;980;2730;193810;106989;52.3;28.9
87;2021-06-15;1361;3321;195171;110310;52.6;29.8
87;2021-06-16;1650;3422;196821;113732;53.1;30.7
87;2021-06-17;2437;2316;199258;116048;53.7;31.3
87;2021-06-18;1790;3018;201048;119066;54.2;32.1
87;2021-06-19;1047;1177;202095;120243;54.5;32.4
87;2021-06-20;205;206;202300;120449;54.6;32.5
87;2021-06-21;1041;2643;203341;123092;54.8;33.2
87;2021-06-22;1029;2882;204370;125974;55.1;34.0
87;2021-06-23;1257;3081;205627;129055;55.5;34.8
87;2021-06-24;1620;2559;207247;131614;55.9;35.5
87;2021-06-25;1450;2713;208697;134327;56.3;36.2
87;2021-06-26;529;1200;209226;135527;56.4;36.6
87;2021-06-27;26;212;209252;135739;56.4;36.6
87;2021-06-28;717;2574;209969;138313;56.6;37.3
87;2021-06-29;1156;3417;211125;141730;56.9;38.2
87;2021-06-30;1124;2651;212249;144381;57.2;38.9
87;2021-07-01;1481;2549;213730;146930;57.6;39.6
87;2021-07-02;1200;3462;214930;150392;58.0;40.6
87;2021-07-03;413;1511;215343;151903;58.1;41.0
87;2021-07-04;24;384;215367;152287;58.1;41.1
87;2021-07-05;686;2395;216053;154682;58.3;41.7
87;2021-07-06;583;3221;216636;157903;58.4;42.6
87;2021-07-07;863;3346;217499;161249;58.7;43.5
87;2021-07-08;1119;3672;218618;164921;59.0;44.5
87;2021-07-09;1110;3701;219728;168622;59.3;45.5
87;2021-07-10;290;1360;220018;169982;59.3;45.8
87;2021-07-11;49;284;220067;170266;59.4;45.9
87;2021-07-12;559;3191;220626;173457;59.5;46.8
87;2021-07-13;833;3513;221459;176970;59.7;47.7
87;2021-07-14;518;540;221977;177510;59.9;47.9
87;2021-07-15;1361;3461;223338;180971;60.2;48.8
87;2021-07-16;1731;3600;225069;184571;60.7;49.8
87;2021-07-17;655;1373;225724;185944;60.9;50.2
87;2021-07-18;81;285;225805;186229;60.9;50.2
87;2021-07-19;1433;3401;227238;189630;61.3;51.1
87;2021-07-20;1806;3594;229044;193224;61.8;52.1
87;2021-07-21;1451;3151;230495;196375;62.2;53.0
87;2021-07-22;1878;3252;232373;199627;62.7;53.8
87;2021-07-23;1871;3172;234244;202799;63.2;54.7
87;2021-07-24;814;1283;235058;204082;63.4;55.0
87;2021-07-25;106;241;235164;204323;63.4;55.1
87;2021-07-26;1542;2331;236706;206654;63.8;55.7
87;2021-07-27;2552;2060;239258;208714;64.5;56.3
87;2021-07-28;2389;2007;241647;210721;65.2;56.8
87;2021-07-29;3003;1995;244650;212716;66.0;57.4
87;2021-07-30;2541;2075;247191;214791;66.7;57.9
87;2021-07-31;1105;837;248296;215628;67.0;58.2
87;2021-08-01;284;151;248580;215779;67.0;58.2
87;2021-08-02;2115;1514;250695;217293;67.6;58.6
87;2021-08-03;2494;1333;253189;218626;68.3;59.0
87;2021-08-04;2314;1063;255503;219689;68.9;59.3
87;2021-08-05;2522;1409;258025;221098;69.6;59.6
87;2021-08-06;2138;1659;260163;222757;70.2;60.1
87;2021-08-07;1105;781;261268;223538;70.5;60.3
87;2021-08-08;208;123;261476;223661;70.5;60.3
87;2021-08-09;1819;1532;263295;225193;71.0;60.7
87;2021-08-10;2195;1537;265490;226730;71.6;61.2
87;2021-08-11;1905;1271;267395;228001;72.1;61.5
87;2021-08-12;2089;1478;269484;229479;72.7;61.9
87;2021-08-13;1717;1634;271201;231113;73.1;62.3
87;2021-08-14;668;731;271869;231844;73.3;62.5
87;2021-08-15;72;104;271941;231948;73.3;62.6
87;2021-08-16;1499;1747;273440;233695;73.7;63.0
87;2021-08-17;1343;1667;274783;235362;74.1;63.5
87;2021-08-18;1242;1996;276025;237358;74.4;64.0
87;2021-08-19;1219;1799;277244;239157;74.8;64.5
87;2021-08-20;913;2202;278157;241359;75.0;65.1
87;2021-08-21;317;964;278474;242323;75.1;65.4
87;2021-08-22;92;235;278566;242558;75.1;65.4
87;2021-08-23;742;2391;279308;244949;75.3;66.1
87;2021-08-24;758;2134;280066;247083;75.5;66.6
87;2021-08-25;708;2061;280774;249144;75.7;67.2
87;2021-08-26;855;2155;281629;251299;76.0;67.8
87;2021-08-27;780;2665;282409;253964;76.2;68.5
87;2021-08-28;321;1293;282730;255257;76.3;68.8
87;2021-08-29;65;244;282795;255501;76.3;68.9
87;2021-08-30;471;2212;283266;257713;76.4;69.5
87;2021-08-31;600;1926;283866;259639;76.6;70.0
88;2020-12-27;0;0;0;0;0.0;0.0
88;2020-12-28;0;0;0;0;0.0;0.0
88;2020-12-29;0;0;0;0;0.0;0.0
88;2020-12-30;0;0;0;0;0.0;0.0
88;2020-12-31;0;0;0;0;0.0;0.0
88;2021-01-01;2;0;2;0;0.0;0.0
88;2021-01-02;0;0;2;0;0.0;0.0
88;2021-01-03;0;0;2;0;0.0;0.0
88;2021-01-04;0;0;2;0;0.0;0.0
88;2021-01-05;1;0;3;0;0.0;0.0
88;2021-01-06;3;0;6;0;0.0;0.0
88;2021-01-07;71;1;77;1;0.0;0.0
88;2021-01-08;189;2;266;3;0.1;0.0
88;2021-01-09;190;0;456;3;0.1;0.0
88;2021-01-10;0;0;456;3;0.1;0.0
88;2021-01-11;227;0;683;3;0.2;0.0
88;2021-01-12;422;0;1105;3;0.3;0.0
88;2021-01-13;491;2;1596;5;0.4;0.0
88;2021-01-14;346;2;1942;7;0.5;0.0
88;2021-01-15;380;2;2322;9;0.6;0.0
88;2021-01-16;62;0;2384;9;0.7;0.0
88;2021-01-17;1;0;2385;9;0.7;0.0
88;2021-01-18;461;0;2846;9;0.8;0.0
88;2021-01-19;451;0;3297;9;0.9;0.0
88;2021-01-20;460;1;3757;10;1.0;0.0
88;2021-01-21;1545;5;5302;15;1.5;0.0
88;2021-01-22;1181;2;6483;17;1.8;0.0
88;2021-01-23;284;0;6767;17;1.9;0.0
88;2021-01-24;298;2;7065;19;2.0;0.0
88;2021-01-25;938;4;8003;23;2.2;0.0
88;2021-01-26;388;5;8391;28;2.3;0.0
88;2021-01-27;4;0;8395;28;2.3;0.0
88;2021-01-28;162;37;8557;65;2.4;0.0
88;2021-01-29;526;160;9083;225;2.5;0.1
88;2021-01-30;288;126;9371;351;2.6;0.1
88;2021-01-31;0;0;9371;351;2.6;0.1
88;2021-02-01;406;281;9777;632;2.7;0.2
88;2021-02-02;333;363;10110;995;2.8;0.3
88;2021-02-03;437;241;10547;1236;2.9;0.3
88;2021-02-04;315;227;10862;1463;3.0;0.4
88;2021-02-05;457;251;11319;1714;3.1;0.5
88;2021-02-06;110;56;11429;1770;3.2;0.5
88;2021-02-07;0;0;11429;1770;3.2;0.5
88;2021-02-08;359;197;11788;1967;3.3;0.5
88;2021-02-09;291;287;12079;2254;3.4;0.6
88;2021-02-10;416;340;12495;2594;3.5;0.7
88;2021-02-11;851;1093;13346;3687;3.7;1.0
88;2021-02-12;938;703;14284;4390;4.0;1.2
88;2021-02-13;162;210;14446;4600;4.0;1.3
88;2021-02-14;81;216;14527;4816;4.0;1.3
88;2021-02-15;641;1069;15168;5885;4.2;1.6
88;2021-02-16;472;721;15640;6606;4.4;1.8
88;2021-02-17;456;434;16096;7040;4.5;2.0
88;2021-02-18;516;384;16612;7424;4.6;2.1
88;2021-02-19;536;457;17148;7881;4.8;2.2
88;2021-02-20;156;100;17304;7981;4.8;2.2
88;2021-02-21;1;25;17305;8006;4.8;2.2
88;2021-02-22;425;339;17730;8345;4.9;2.3
88;2021-02-23;403;230;18133;8575;5.0;2.4
88;2021-02-24;506;209;18639;8784;5.2;2.4
88;2021-02-25;675;284;19314;9068;5.4;2.5
88;2021-02-26;863;273;20177;9341;5.6;2.6
88;2021-02-27;269;34;20446;9375;5.7;2.6
88;2021-02-28;30;1;20476;9376;5.7;2.6
88;2021-03-01;359;463;20835;9839;5.8;2.7
88;2021-03-02;431;495;21266;10334;5.9;2.9
88;2021-03-03;649;461;21915;10795;6.1;3.0
88;2021-03-04;1039;756;22954;11551;6.4;3.2
88;2021-03-05;934;704;23888;12255;6.6;3.4
88;2021-03-06;1874;119;25762;12374;7.2;3.4
88;2021-03-07;1059;79;26821;12453;7.5;3.5
88;2021-03-08;727;689;27548;13142;7.7;3.7
88;2021-03-09;1095;535;28643;13677;8.0;3.8
88;2021-03-10;1083;494;29726;14171;8.3;3.9
88;2021-03-11;1441;401;31167;14572;8.7;4.1
88;2021-03-12;1309;488;32476;15060;9.0;4.2
88;2021-03-13;1210;128;33686;15188;9.4;4.2
88;2021-03-14;166;5;33852;15193;9.4;4.2
88;2021-03-15;929;447;34781;15640;9.7;4.4
88;2021-03-16;1024;346;35805;15986;10.0;4.4
88;2021-03-17;904;424;36709;16410;10.2;4.6
88;2021-03-18;1301;400;38010;16810;10.6;4.7
88;2021-03-19;1465;502;39475;17312;11.0;4.8
88;2021-03-20;1317;53;40792;17365;11.3;4.8
88;2021-03-21;37;0;40829;17365;11.4;4.8
88;2021-03-22;1232;544;42061;17909;11.7;5.0
88;2021-03-23;1780;443;43841;18352;12.2;5.1
88;2021-03-24;1876;472;45717;18824;12.7;5.2
88;2021-03-25;2499;495;48216;19319;13.4;5.4
88;2021-03-26;2480;457;50696;19776;14.1;5.5
88;2021-03-27;883;299;51579;20075;14.3;5.6
88;2021-03-28;61;4;51640;20079;14.4;5.6
88;2021-03-29;1305;446;52945;20525;14.7;5.7
88;2021-03-30;2062;393;55007;20918;15.3;5.8
88;2021-03-31;1619;578;56626;21496;15.8;6.0
88;2021-04-01;2118;716;58744;22212;16.3;6.2
88;2021-04-02;2816;647;61560;22859;17.1;6.4
88;2021-04-03;745;215;62305;23074;17.3;6.4
88;2021-04-04;16;1;62321;23075;17.3;6.4
88;2021-04-05;23;2;62344;23077;17.3;6.4
88;2021-04-06;1140;679;63484;23756;17.7;6.6
88;2021-04-07;1600;715;65084;24471;18.1;6.8
88;2021-04-08;1859;788;66943;25259;18.6;7.0
88;2021-04-09;3080;742;70023;26001;19.5;7.2
88;2021-04-10;724;650;70747;26651;19.7;7.4
88;2021-04-11;33;1;70780;26652;19.7;7.4
88;2021-04-12;1538;986;72318;27638;20.1;7.7
88;2021-04-13;2037;1092;74355;28730;20.7;8.0
88;2021-04-14;1911;950;76266;29680;21.2;8.3
88;2021-04-15;1968;1244;78234;30924;21.8;8.6
88;2021-04-16;2109;1050;80343;31974;22.3;8.9
88;2021-04-17;1429;766;81772;32740;22.7;9.1
88;2021-04-18;268;23;82040;32763;22.8;9.1
88;2021-04-19;1173;1237;83213;34000;23.1;9.5
88;2021-04-20;1190;1398;84403;35398;23.5;9.8
88;2021-04-21;1503;1297;85906;36695;23.9;10.2
88;2021-04-22;1899;1632;87805;38327;24.4;10.7
88;2021-04-23;1825;2047;89630;40374;24.9;11.2
88;2021-04-24;1184;782;90814;41156;25.3;11.4
88;2021-04-25;34;2;90848;41158;25.3;11.4
88;2021-04-26;1180;1173;92028;42331;25.6;11.8
88;2021-04-27;1278;1734;93306;44065;26.0;12.3
88;2021-04-28;1634;1497;94940;45562;26.4;12.7
88;2021-04-29;2082;1465;97022;47027;27.0;13.1
88;2021-04-30;2451;1631;99473;48658;27.7;13.5
88;2021-05-01;2008;287;101481;48945;28.2;13.6
88;2021-05-02;1301;120;102782;49065;28.6;13.6
88;2021-05-03;1558;1218;104340;50283;29.0;14.0
88;2021-05-04;1444;1467;105784;51750;29.4;14.4
88;2021-05-05;2427;1599;108211;53349;30.1;14.8
88;2021-05-06;3210;1211;111421;54560;31.0;15.2
88;2021-05-07;2938;1356;114359;55916;31.8;15.6
88;2021-05-08;1533;469;115892;56385;32.2;15.7
88;2021-05-09;1734;159;117626;56544;32.7;15.7
88;2021-05-10;1764;1571;119390;58115;33.2;16.2
88;2021-05-11;2657;1912;122047;60027;33.9;16.7
88;2021-05-12;2531;1853;124578;61880;34.7;17.2
88;2021-05-13;3258;681;127836;62561;35.6;17.4
88;2021-05-14;2501;1542;130337;64103;36.3;17.8
88;2021-05-15;1625;742;131962;64845;36.7;18.0
88;2021-05-16;1333;103;133295;64948;37.1;18.1
88;2021-05-17;1988;947;135283;65895;37.6;18.3
88;2021-05-18;2256;1115;137539;67010;38.3;18.6
88;2021-05-19;2723;1149;140262;68159;39.0;19.0
88;2021-05-20;3347;1238;143609;69397;39.9;19.3
88;2021-05-21;2876;1150;146485;70547;40.7;19.6
88;2021-05-22;1432;713;147917;71260;41.1;19.8
88;2021-05-23;558;74;148475;71334;41.3;19.8
88;2021-05-24;1675;434;150150;71768;41.8;20.0
88;2021-05-25;1647;1174;151797;72942;42.2;20.3
88;2021-05-26;2368;1140;154165;74082;42.9;20.6
88;2021-05-27;2201;1362;156366;75444;43.5;21.0
88;2021-05-28;1891;1989;158257;77433;44.0;21.5
88;2021-05-29;1231;1754;159488;79187;44.4;22.0
88;2021-05-30;587;418;160075;79605;44.5;22.1
88;2021-05-31;1327;1854;161402;81459;44.9;22.7
88;2021-06-01;1720;1988;163122;83447;45.4;23.2
88;2021-06-02;2076;1872;165198;85319;45.9;23.7
88;2021-06-03;2739;1621;167937;86940;46.7;24.2
88;2021-06-04;2043;1935;169980;88875;47.3;24.7
88;2021-06-05;1531;1139;171511;90014;47.7;25.0
88;2021-06-06;693;156;172204;90170;47.9;25.1
88;2021-06-07;1292;1709;173496;91879;48.3;25.6
88;2021-06-08;1666;1934;175162;93813;48.7;26.1
88;2021-06-09;1618;1910;176780;95723;49.2;26.6
88;2021-06-10;1781;2048;178561;97771;49.7;27.2
88;2021-06-11;1549;2217;180110;99988;50.1;27.8
88;2021-06-12;669;1656;180779;101644;50.3;28.3
88;2021-06-13;464;377;181243;102021;50.4;28.4
88;2021-06-14;1030;2249;182273;104270;50.7;29.0
88;2021-06-15;1929;2460;184202;106730;51.2;29.7
88;2021-06-16;1486;2872;185688;109602;51.6;30.5
88;2021-06-17;1599;2729;187287;112331;52.1;31.2
88;2021-06-18;1356;2461;188643;114792;52.5;31.9
88;2021-06-19;701;1090;189344;115882;52.7;32.2
88;2021-06-20;78;79;189422;115961;52.7;32.3
88;2021-06-21;672;2581;190094;118542;52.9;33.0
88;2021-06-22;869;3432;190963;121974;53.1;33.9
88;2021-06-23;1144;2878;192107;124852;53.4;34.7
88;2021-06-24;703;2603;192810;127455;53.6;35.5
88;2021-06-25;1436;3180;194246;130635;54.0;36.3
88;2021-06-26;903;2071;195149;132706;54.3;36.9
88;2021-06-27;543;635;195692;133341;54.4;37.1
88;2021-06-28;760;2516;196452;135857;54.6;37.8
88;2021-06-29;961;3355;197413;139212;54.9;38.7
88;2021-06-30;1136;3114;198549;142326;55.2;39.6
88;2021-07-01;1057;2687;199606;145013;55.5;40.3
88;2021-07-02;988;3147;200594;148160;55.8;41.2
88;2021-07-03;694;1699;201288;149859;56.0;41.7
88;2021-07-04;258;815;201546;150674;56.1;41.9
88;2021-07-05;993;2021;202539;152695;56.3;42.5
88;2021-07-06;1020;2416;203559;155111;56.6;43.1
88;2021-07-07;1179;2586;204738;157697;56.9;43.9
88;2021-07-08;1085;2064;205823;159761;57.2;44.4
88;2021-07-09;1583;2706;207406;162467;57.7;45.2
88;2021-07-10;720;1818;208126;164285;57.9;45.7
88;2021-07-11;468;696;208594;164981;58.0;45.9
88;2021-07-12;1055;2521;209649;167502;58.3;46.6
88;2021-07-13;1313;2654;210962;170156;58.7;47.3
88;2021-07-14;1206;801;212168;170957;59.0;47.6
88;2021-07-15;1744;3315;213912;174272;59.5;48.5
88;2021-07-16;1470;2964;215382;177236;59.9;49.3
88;2021-07-17;802;1588;216184;178824;60.1;49.7
88;2021-07-18;180;679;216364;179503;60.2;49.9
88;2021-07-19;1563;2232;217927;181735;60.6;50.5
88;2021-07-20;2143;2390;220070;184125;61.2;51.2
88;2021-07-21;1938;2219;222008;186344;61.8;51.8
88;2021-07-22;1698;2110;223706;188454;62.2;52.4
88;2021-07-23;2508;2784;226214;191238;62.9;53.2
88;2021-07-24;1059;1186;227273;192424;63.2;53.5
88;2021-07-25;432;608;227705;193032;63.3;53.7
88;2021-07-26;1715;2074;229420;195106;63.8;54.3
88;2021-07-27;2349;2060;231769;197166;64.5;54.8
88;2021-07-28;2212;2250;233981;199416;65.1;55.5
88;2021-07-29;3030;1635;237011;201051;65.9;55.9
88;2021-07-30;2273;2295;239284;203346;66.6;56.6
88;2021-07-31;1105;1037;240389;204383;66.9;56.8
88;2021-08-01;443;462;240832;204845;67.0;57.0
88;2021-08-02;2375;1767;243207;206612;67.6;57.5
88;2021-08-03;2873;1590;246080;208202;68.4;57.9
88;2021-08-04;2517;1529;248597;209731;69.1;58.3
88;2021-08-05;1993;1380;250590;211111;69.7;58.7
88;2021-08-06;2919;2011;253509;213122;70.5;59.3
88;2021-08-07;1171;913;254680;214035;70.8;59.5
88;2021-08-08;750;319;255430;214354;71.0;59.6
88;2021-08-09;1545;1649;256975;216003;71.5;60.1
88;2021-08-10;1935;2060;258910;218063;72.0;60.7
88;2021-08-11;1862;1749;260772;219812;72.5;61.1
88;2021-08-12;1658;1347;262430;221159;73.0;61.5
88;2021-08-13;1925;2123;264355;223282;73.5;62.1
88;2021-08-14;576;910;264931;224192;73.7;62.4
88;2021-08-15;336;522;265267;224714;73.8;62.5
88;2021-08-16;1145;1987;266412;226701;74.1;63.1
88;2021-08-17;1266;2054;267678;228755;74.5;63.6
88;2021-08-18;1203;1920;268881;230675;74.8;64.2
88;2021-08-19;1037;1582;269918;232257;75.1;64.6
88;2021-08-20;1015;2329;270933;234586;75.4;65.2
88;2021-08-21;402;1141;271335;235727;75.5;65.6
88;2021-08-22;100;478;271435;236205;75.5;65.7
88;2021-08-23;730;1641;272165;237846;75.7;66.2
88;2021-08-24;914;1971;273079;239817;76.0;66.7
88;2021-08-25;889;2456;273968;242273;76.2;67.4
88;2021-08-26;863;2046;274831;244319;76.4;68.0
88;2021-08-27;843;2707;275674;247026;76.7;68.7
88;2021-08-28;484;1346;276158;248372;76.8;69.1
88;2021-08-29;130;694;276288;249066;76.8;69.3
88;2021-08-30;689;2377;276977;251443;77.0;69.9
88;2021-08-31;776;2369;277753;253812;77.3;70.6
89;2020-12-27;0;0;0;0;0.0;0.0
89;2020-12-28;1;0;1;0;0.0;0.0
89;2020-12-29;0;0;1;0;0.0;0.0
89;2020-12-30;0;0;1;0;0.0;0.0
89;2020-12-31;0;0;1;0;0.0;0.0
89;2021-01-01;0;0;1;0;0.0;0.0
89;2021-01-02;0;0;1;0;0.0;0.0
89;2021-01-03;0;0;1;0;0.0;0.0
89;2021-01-04;0;0;1;0;0.0;0.0
89;2021-01-05;0;0;1;0;0.0;0.0
89;2021-01-06;48;0;49;0;0.0;0.0
89;2021-01-07;201;0;250;0;0.1;0.0
89;2021-01-08;48;0;298;0;0.1;0.0
89;2021-01-09;1;0;299;0;0.1;0.0
89;2021-01-10;0;0;299;0;0.1;0.0
89;2021-01-11;220;0;519;0;0.2;0.0
89;2021-01-12;349;0;868;0;0.3;0.0
89;2021-01-13;533;3;1401;3;0.4;0.0
89;2021-01-14;710;7;2111;10;0.6;0.0
89;2021-01-15;275;2;2386;12;0.7;0.0
89;2021-01-16;90;3;2476;15;0.7;0.0
89;2021-01-17;0;0;2476;15;0.7;0.0
89;2021-01-18;503;1;2979;16;0.9;0.0
89;2021-01-19;840;3;3819;19;1.1;0.0
89;2021-01-20;760;1;4579;20;1.4;0.0
89;2021-01-21;939;4;5518;24;1.7;0.0
89;2021-01-22;1020;1;6538;25;2.0;0.0
89;2021-01-23;200;0;6738;25;2.0;0.0
89;2021-01-24;107;0;6845;25;2.1;0.0
89;2021-01-25;482;4;7327;29;2.2;0.0
89;2021-01-26;582;13;7909;42;2.4;0.0
89;2021-01-27;473;38;8382;80;2.5;0.0
89;2021-01-28;550;126;8932;206;2.7;0.1
89;2021-01-29;958;42;9890;248;3.0;0.1
89;2021-01-30;184;67;10074;315;3.0;0.1
89;2021-01-31;24;2;10098;317;3.0;0.1
89;2021-02-01;255;152;10353;469;3.1;0.1
89;2021-02-02;282;332;10635;801;3.2;0.2
89;2021-02-03;292;344;10927;1145;3.3;0.3
89;2021-02-04;432;593;11359;1738;3.4;0.5
89;2021-02-05;387;201;11746;1939;3.5;0.6
89;2021-02-06;77;66;11823;2005;3.6;0.6
89;2021-02-07;0;0;11823;2005;3.6;0.6
89;2021-02-08;288;186;12111;2191;3.6;0.7
89;2021-02-09;285;440;12396;2631;3.7;0.8
89;2021-02-10;396;314;12792;2945;3.9;0.9
89;2021-02-11;332;546;13124;3491;4.0;1.1
89;2021-02-12;433;599;13557;4090;4.1;1.2
89;2021-02-13;52;131;13609;4221;4.1;1.3
89;2021-02-14;21;116;13630;4337;4.1;1.3
89;2021-02-15;218;404;13848;4741;4.2;1.4
89;2021-02-16;134;533;13982;5274;4.2;1.6
89;2021-02-17;263;433;14245;5707;4.3;1.7
89;2021-02-18;225;539;14470;6246;4.4;1.9
89;2021-02-19;244;652;14714;6898;4.4;2.1
89;2021-02-20;33;140;14747;7038;4.4;2.1
89;2021-02-21;0;10;14747;7048;4.4;2.1
89;2021-02-22;233;444;14980;7492;4.5;2.3
89;2021-02-23;171;491;15151;7983;4.6;2.4
89;2021-02-24;343;386;15494;8369;4.7;2.5
89;2021-02-25;370;464;15864;8833;4.8;2.7
89;2021-02-26;385;335;16249;9168;4.9;2.8
89;2021-02-27;138;80;16387;9248;4.9;2.8
89;2021-02-28;6;13;16393;9261;4.9;2.8
89;2021-03-01;541;236;16934;9497;5.1;2.9
89;2021-03-02;754;355;17688;9852;5.3;3.0
89;2021-03-03;647;276;18335;10128;5.5;3.0
89;2021-03-04;633;378;18968;10506;5.7;3.2
89;2021-03-05;728;504;19696;11010;5.9;3.3
89;2021-03-06;549;130;20245;11140;6.1;3.4
89;2021-03-07;288;40;20533;11180;6.2;3.4
89;2021-03-08;558;328;21091;11508;6.4;3.5
89;2021-03-09;1001;276;22092;11784;6.7;3.5
89;2021-03-10;984;256;23076;12040;6.9;3.6
89;2021-03-11;1074;301;24150;12341;7.3;3.7
89;2021-03-12;1281;336;25431;12677;7.7;3.8
89;2021-03-13;637;44;26068;12721;7.8;3.8
89;2021-03-14;1;0;26069;12721;7.8;3.8
89;2021-03-15;815;312;26884;13033;8.1;3.9
89;2021-03-16;948;226;27832;13259;8.4;4.0
89;2021-03-17;920;269;28752;13528;8.7;4.1
89;2021-03-18;884;255;29636;13783;8.9;4.2
89;2021-03-19;1149;197;30785;13980;9.3;4.2
89;2021-03-20;844;28;31629;14008;9.5;4.2
89;2021-03-21;173;6;31802;14014;9.6;4.2
89;2021-03-22;1044;225;32846;14239;9.9;4.3
89;2021-03-23;1742;257;34588;14496;10.4;4.4
89;2021-03-24;1967;326;36555;14822;11.0;4.5
89;2021-03-25;1820;171;38375;14993;11.6;4.5
89;2021-03-26;2627;185;41002;15178;12.3;4.6
89;2021-03-27;1774;49;42776;15227;12.9;4.6
89;2021-03-28;32;3;42808;15230;12.9;4.6
89;2021-03-29;965;578;43773;15808;13.2;4.8
89;2021-03-30;1154;569;44927;16377;13.5;4.9
89;2021-03-31;2005;474;46932;16851;14.1;5.1
89;2021-04-01;2120;460;49052;17311;14.8;5.2
89;2021-04-02;2139;448;51191;17759;15.4;5.3
89;2021-04-03;1004;243;52195;18002;15.7;5.4
89;2021-04-04;16;1;52211;18003;15.7;5.4
89;2021-04-05;92;2;52303;18005;15.7;5.4
89;2021-04-06;1034;757;53337;18762;16.1;5.6
89;2021-04-07;1029;805;54366;19567;16.4;5.9
89;2021-04-08;1729;726;56095;20293;16.9;6.1
89;2021-04-09;2162;768;58257;21061;17.5;6.3
89;2021-04-10;892;181;59149;21242;17.8;6.4
89;2021-04-11;38;51;59187;21293;17.8;6.4
89;2021-04-12;1012;793;60199;22086;18.1;6.7
89;2021-04-13;1357;1079;61556;23165;18.5;7.0
89;2021-04-14;1211;1038;62767;24203;18.9;7.3
89;2021-04-15;1415;944;64182;25147;19.3;7.6
89;2021-04-16;1329;940;65511;26087;19.7;7.9
89;2021-04-17;1068;455;66579;26542;20.0;8.0
89;2021-04-18;27;154;66606;26696;20.1;8.0
89;2021-04-19;749;1039;67355;27735;20.3;8.4
89;2021-04-20;1017;1535;68372;29270;20.6;8.8
89;2021-04-21;814;1106;69186;30376;20.8;9.1
89;2021-04-22;1108;1166;70294;31542;21.2;9.5
89;2021-04-23;1823;1966;72117;33508;21.7;10.1
89;2021-04-24;1174;1174;73291;34682;22.1;10.4
89;2021-04-25;139;6;73430;34688;22.1;10.4
89;2021-04-26;1503;774;74933;35462;22.6;10.7
89;2021-04-27;1733;1053;76666;36515;23.1;11.0
89;2021-04-28;1595;1855;78261;38370;23.6;11.6
89;2021-04-29;1968;1924;80229;40294;24.2;12.1
89;2021-04-30;1804;1769;82033;42063;24.7;12.7
89;2021-05-01;846;722;82879;42785;25.0;12.9
89;2021-05-02;134;31;83013;42816;25.0;12.9
89;2021-05-03;1606;765;84619;43581;25.5;13.1
89;2021-05-04;1621;1129;86240;44710;26.0;13.5
89;2021-05-05;2319;1267;88559;45977;26.7;13.8
89;2021-05-06;2413;1380;90972;47357;27.4;14.3
89;2021-05-07;2719;1318;93691;48675;28.2;14.7
89;2021-05-08;1787;534;95478;49209;28.8;14.8
89;2021-05-09;196;18;95674;49227;28.8;14.8
89;2021-05-10;1201;962;96875;50189;29.2;15.1
89;2021-05-11;2489;1463;99364;51652;29.9;15.6
89;2021-05-12;2059;1218;101423;52870;30.5;15.9
89;2021-05-13;414;332;101837;53202;30.7;16.0
89;2021-05-14;1880;1095;103717;54297;31.2;16.3
89;2021-05-15;2248;394;105965;54691;31.9;16.5
89;2021-05-16;10;35;105975;54726;31.9;16.5
89;2021-05-17;2091;637;108066;55363;32.5;16.7
89;2021-05-18;2324;829;110390;56192;33.2;16.9
89;2021-05-19;2861;883;113251;57075;34.1;17.2
89;2021-05-20;2927;890;116178;57965;35.0;17.5
89;2021-05-21;2481;879;118659;58844;35.7;17.7
89;2021-05-22;1430;567;120089;59411;36.2;17.9
89;2021-05-23;108;10;120197;59421;36.2;17.9
89;2021-05-24;286;224;120483;59645;36.3;18.0
89;2021-05-25;1559;984;122042;60629;36.7;18.3
89;2021-05-26;1817;1022;123859;61651;37.3;18.6
89;2021-05-27;2118;1359;125977;63010;37.9;19.0
89;2021-05-28;2143;1422;128120;64432;38.6;19.4
89;2021-05-29;540;658;128660;65090;38.7;19.6
89;2021-05-30;25;22;128685;65112;38.7;19.6
89;2021-05-31;1248;971;129933;66083;39.1;19.9
89;2021-06-01;1506;983;131439;67066;39.6;20.2
89;2021-06-02;1945;1279;133384;68345;40.2;20.6
89;2021-06-03;2428;1522;135812;69867;40.9;21.0
89;2021-06-04;2140;1889;137952;71756;41.5;21.6
89;2021-06-05;1186;1225;139138;72981;41.9;22.0
89;2021-06-06;23;37;139161;73018;41.9;22.0
89;2021-06-07;2109;1451;141270;74469;42.5;22.4
89;2021-06-08;2196;1457;143466;75926;43.2;22.9
89;2021-06-09;2321;1510;145787;77436;43.9;23.3
89;2021-06-10;2791;1601;148578;79037;44.7;23.8
89;2021-06-11;1948;1750;150526;80787;45.3;24.3
89;2021-06-12;1103;759;151629;81546;45.7;24.6
89;2021-06-13;156;424;151785;81970;45.7;24.7
89;2021-06-14;1311;1824;153096;83794;46.1;25.2
89;2021-06-15;1401;2013;154497;85807;46.5;25.8
89;2021-06-16;1128;2583;155625;88390;46.9;26.6
89;2021-06-17;1431;2337;157056;90727;47.3;27.3
89;2021-06-18;1623;2879;158679;93606;47.8;28.2
89;2021-06-19;687;1661;159366;95267;48.0;28.7
89;2021-06-20;55;127;159421;95394;48.0;28.7
89;2021-06-21;759;1528;160180;96922;48.2;29.2
89;2021-06-22;1048;2679;161228;99601;48.5;30.0
89;2021-06-23;1156;1796;162384;101397;48.9;30.5
89;2021-06-24;1077;1497;163461;102894;49.2;31.0
89;2021-06-25;1009;2427;164470;105321;49.5;31.7
89;2021-06-26;560;2483;165030;107804;49.7;32.5
89;2021-06-27;14;28;165044;107832;49.7;32.5
89;2021-06-28;1033;2494;166077;110326;50.0;33.2
89;2021-06-29;692;2403;166769;112729;50.2;33.9
89;2021-06-30;1083;3182;167852;115911;50.5;34.9
89;2021-07-01;1022;2987;168874;118898;50.9;35.8
89;2021-07-02;1106;2749;169980;121647;51.2;36.6
89;2021-07-03;554;1574;170534;123221;51.4;37.1
89;2021-07-04;11;36;170545;123257;51.4;37.1
89;2021-07-05;1296;1840;171841;125097;51.7;37.7
89;2021-07-06;1050;2309;172891;127406;52.1;38.4
89;2021-07-07;669;1788;173560;129194;52.3;38.9
89;2021-07-08;792;1871;174352;131065;52.5;39.5
89;2021-07-09;1140;2606;175492;133671;52.8;40.3
89;2021-07-10;718;816;176210;134487;53.1;40.5
89;2021-07-11;26;39;176236;134526;53.1;40.5
89;2021-07-12;1423;1900;177659;136426;53.5;41.1
89;2021-07-13;2136;2742;179795;139168;54.1;41.9
89;2021-07-14;314;326;180109;139494;54.2;42.0
89;2021-07-15;2243;3157;182352;142651;54.9;43.0
89;2021-07-16;2390;2860;184742;145511;55.6;43.8
89;2021-07-17;1233;1226;185975;146737;56.0;44.2
89;2021-07-18;276;97;186251;146834;56.1;44.2
89;2021-07-19;1566;2812;187817;149646;56.6;45.1
89;2021-07-20;1929;3283;189746;152929;57.1;46.0
89;2021-07-21;2079;2725;191825;155654;57.8;46.9
89;2021-07-22;2474;2993;194299;158647;58.5;47.8
89;2021-07-23;2477;3103;196776;161750;59.3;48.7
89;2021-07-24;1240;1247;198016;162997;59.6;49.1
89;2021-07-25;69;186;198085;163183;59.6;49.1
89;2021-07-26;1719;2320;199804;165503;60.2;49.8
89;2021-07-27;2344;1909;202148;167412;60.9;50.4
89;2021-07-28;2533;1335;204681;168747;61.6;50.8
89;2021-07-29;2524;1619;207205;170366;62.4;51.3
89;2021-07-30;2676;1621;209881;171987;63.2;51.8
89;2021-07-31;1122;1071;211003;173058;63.5;52.1
89;2021-08-01;69;33;211072;173091;63.6;52.1
89;2021-08-02;1782;1283;212854;174374;64.1;52.5
89;2021-08-03;2463;1255;215317;175629;64.8;52.9
89;2021-08-04;1528;1643;216845;177272;65.3;53.4
89;2021-08-05;1529;1691;218374;178963;65.8;53.9
89;2021-08-06;2162;1648;220536;180611;66.4;54.4
89;2021-08-07;926;1093;221462;181704;66.7;54.7
89;2021-08-08;56;48;221518;181752;66.7;54.7
89;2021-08-09;1087;1173;222605;182925;67.0;55.1
89;2021-08-10;1775;1814;224380;184739;67.6;55.6
89;2021-08-11;1511;1579;225891;186318;68.0;56.1
89;2021-08-12;1348;1389;227239;187707;68.4;56.5
89;2021-08-13;1244;1951;228483;189658;68.8;57.1
89;2021-08-14;514;1016;228997;190674;69.0;57.4
89;2021-08-15;19;43;229016;190717;69.0;57.4
89;2021-08-16;985;1965;230001;192682;69.3;58.0
89;2021-08-17;827;1570;230828;194252;69.5;58.5
89;2021-08-18;605;1897;231433;196149;69.7;59.1
89;2021-08-19;654;1390;232087;197539;69.9;59.5
89;2021-08-20;1003;2261;233090;199800;70.2;60.2
89;2021-08-21;291;1003;233381;200803;70.3;60.5
89;2021-08-22;32;34;233413;200837;70.3;60.5
89;2021-08-23;752;2247;234165;203084;70.5;61.2
89;2021-08-24;832;2366;234997;205450;70.8;61.9
89;2021-08-25;553;1429;235550;206879;70.9;62.3
89;2021-08-26;574;2050;236124;208929;71.1;62.9
89;2021-08-27;777;2260;236901;211189;71.3;63.6
89;2021-08-28;353;1300;237254;212489;71.4;64.0
89;2021-08-29;30;70;237284;212559;71.5;64.0
89;2021-08-30;625;2228;237909;214787;71.6;64.7
89;2021-08-31;577;1615;238486;216402;71.8;65.2
90;2020-12-27;0;0;0;0;0.0;0.0
90;2020-12-28;0;0;0;0;0.0;0.0
90;2020-12-29;0;0;0;0;0.0;0.0
90;2020-12-30;1;0;1;0;0.0;0.0
90;2020-12-31;0;0;1;0;0.0;0.0
90;2021-01-01;0;0;1;0;0.0;0.0
90;2021-01-02;1;0;2;0;0.0;0.0
90;2021-01-03;0;0;2;0;0.0;0.0
90;2021-01-04;2;0;4;0;0.0;0.0
90;2021-01-05;0;0;4;0;0.0;0.0
90;2021-01-06;0;0;4;0;0.0;0.0
90;2021-01-07;1;0;5;0;0.0;0.0
90;2021-01-08;170;0;175;0;0.1;0.0
90;2021-01-09;46;0;221;0;0.2;0.0
90;2021-01-10;0;0;221;0;0.2;0.0
90;2021-01-11;200;0;421;0;0.3;0.0
90;2021-01-12;430;1;851;1;0.6;0.0
90;2021-01-13;468;3;1319;4;0.9;0.0
90;2021-01-14;414;2;1733;6;1.2;0.0
90;2021-01-15;405;10;2138;16;1.5;0.0
90;2021-01-16;111;2;2249;18;1.6;0.0
90;2021-01-17;1;0;2250;18;1.6;0.0
90;2021-01-18;364;2;2614;20;1.9;0.0
90;2021-01-19;462;5;3076;25;2.2;0.0
90;2021-01-20;392;2;3468;27;2.5;0.0
90;2021-01-21;351;1;3819;28;2.7;0.0
90;2021-01-22;346;2;4165;30;3.0;0.0
90;2021-01-23;98;0;4263;30;3.0;0.0
90;2021-01-24;0;0;4263;30;3.0;0.0
90;2021-01-25;322;3;4585;33;3.3;0.0
90;2021-01-26;224;0;4809;33;3.4;0.0
90;2021-01-27;255;0;5064;33;3.6;0.0
90;2021-01-28;328;32;5392;65;3.8;0.0
90;2021-01-29;291;163;5683;228;4.1;0.2
90;2021-01-30;176;45;5859;273;4.2;0.2
90;2021-01-31;118;0;5977;273;4.3;0.2
90;2021-02-01;275;111;6252;384;4.5;0.3
90;2021-02-02;290;161;6542;545;4.7;0.4
90;2021-02-03;256;368;6798;913;4.9;0.7
90;2021-02-04;257;304;7055;1217;5.0;0.9
90;2021-02-05;266;271;7321;1488;5.2;1.1
90;2021-02-06;89;68;7410;1556;5.3;1.1
90;2021-02-07;0;0;7410;1556;5.3;1.1
90;2021-02-08;170;217;7580;1773;5.4;1.3
90;2021-02-09;139;164;7719;1937;5.5;1.4
90;2021-02-10;182;31;7901;1968;5.6;1.4
90;2021-02-11;229;108;8130;2076;5.8;1.5
90;2021-02-12;126;238;8256;2314;5.9;1.7
90;2021-02-13;96;45;8352;2359;6.0;1.7
90;2021-02-14;0;0;8352;2359;6.0;1.7
90;2021-02-15;113;278;8465;2637;6.0;1.9
90;2021-02-16;92;274;8557;2911;6.1;2.1
90;2021-02-17;178;205;8735;3116;6.2;2.2
90;2021-02-18;128;242;8863;3358;6.3;2.4
90;2021-02-19;64;269;8927;3627;6.4;2.6
90;2021-02-20;40;72;8967;3699;6.4;2.6
90;2021-02-21;0;0;8967;3699;6.4;2.6
90;2021-02-22;77;333;9044;4032;6.5;2.9
90;2021-02-23;40;256;9084;4288;6.5;3.1
90;2021-02-24;109;290;9193;4578;6.6;3.3
90;2021-02-25;89;310;9282;4888;6.6;3.5
90;2021-02-26;89;392;9371;5280;6.7;3.8
90;2021-02-27;140;176;9511;5456;6.8;3.9
90;2021-02-28;8;113;9519;5569;6.8;4.0
90;2021-03-01;212;233;9731;5802;6.9;4.1
90;2021-03-02;178;285;9909;6087;7.1;4.3
90;2021-03-03;239;354;10148;6441;7.2;4.6
90;2021-03-04;260;278;10408;6719;7.4;4.8
90;2021-03-05;359;270;10767;6989;7.7;5.0
90;2021-03-06;291;104;11058;7093;7.9;5.1
90;2021-03-07;18;1;11076;7094;7.9;5.1
90;2021-03-08;246;248;11322;7342;8.1;5.2
90;2021-03-09;430;165;11752;7507;8.4;5.4
90;2021-03-10;348;196;12100;7703;8.6;5.5
90;2021-03-11;348;120;12448;7823;8.9;5.6
90;2021-03-12;519;129;12967;7952;9.3;5.7
90;2021-03-13;539;47;13506;7999;9.6;5.7
90;2021-03-14;21;0;13527;7999;9.7;5.7
90;2021-03-15;387;117;13914;8116;9.9;5.8
90;2021-03-16;401;99;14315;8215;10.2;5.9
90;2021-03-17;323;76;14638;8291;10.4;5.9
90;2021-03-18;348;80;14986;8371;10.7;6.0
90;2021-03-19;468;79;15454;8450;11.0;6.0
90;2021-03-20;427;48;15881;8498;11.3;6.1
90;2021-03-21;7;1;15888;8499;11.3;6.1
90;2021-03-22;399;30;16287;8529;11.6;6.1
90;2021-03-23;739;76;17026;8605;12.1;6.1
90;2021-03-24;817;45;17843;8650;12.7;6.2
90;2021-03-25;948;75;18791;8725;13.4;6.2
90;2021-03-26;1227;61;20018;8786;14.3;6.3
90;2021-03-27;439;34;20457;8820;14.6;6.3
90;2021-03-28;34;0;20491;8820;14.6;6.3
90;2021-03-29;712;144;21203;8964;15.1;6.4
90;2021-03-30;675;155;21878;9119;15.6;6.5
90;2021-03-31;728;84;22606;9203;16.1;6.6
90;2021-04-01;602;123;23208;9326;16.6;6.7
90;2021-04-02;657;98;23865;9424;17.0;6.7
90;2021-04-03;370;40;24235;9464;17.3;6.8
90;2021-04-04;1;0;24236;9464;17.3;6.8
90;2021-04-05;0;0;24236;9464;17.3;6.8
90;2021-04-06;528;252;24764;9716;17.7;6.9
90;2021-04-07;485;265;25249;9981;18.0;7.1
90;2021-04-08;510;245;25759;10226;18.4;7.3
90;2021-04-09;752;268;26511;10494;18.9;7.5
90;2021-04-10;224;8;26735;10502;19.1;7.5
90;2021-04-11;7;0;26742;10502;19.1;7.5
90;2021-04-12;557;480;27299;10982;19.5;7.8
90;2021-04-13;631;530;27930;11512;19.9;8.2
90;2021-04-14;527;351;28457;11863;20.3;8.5
90;2021-04-15;905;291;29362;12154;21.0;8.7
90;2021-04-16;370;404;29732;12558;21.2;9.0
90;2021-04-17;189;128;29921;12686;21.4;9.1
90;2021-04-18;21;0;29942;12686;21.4;9.1
90;2021-04-19;435;570;30377;13256;21.7;9.5
90;2021-04-20;494;618;30871;13874;22.0;9.9
90;2021-04-21;353;497;31224;14371;22.3;10.3
90;2021-04-22;569;602;31793;14973;22.7;10.7
90;2021-04-23;504;742;32297;15715;23.0;11.2
90;2021-04-24;305;202;32602;15917;23.3;11.4
90;2021-04-25;1;0;32603;15917;23.3;11.4
90;2021-04-26;509;750;33112;16667;23.6;11.9
90;2021-04-27;641;679;33753;17346;24.1;12.4
90;2021-04-28;765;445;34518;17791;24.6;12.7
90;2021-04-29;1003;452;35521;18243;25.3;13.0
90;2021-04-30;1120;459;36641;18702;26.1;13.3
90;2021-05-01;60;42;36701;18744;26.2;13.4
90;2021-05-02;4;0;36705;18744;26.2;13.4
90;2021-05-03;904;286;37609;19030;26.8;13.6
90;2021-05-04;784;637;38393;19667;27.4;14.0
90;2021-05-05;892;504;39285;20171;28.0;14.4
90;2021-05-06;852;626;40137;20797;28.6;14.8
90;2021-05-07;440;510;40577;21307;29.0;15.2
90;2021-05-08;26;27;40603;21334;29.0;15.2
90;2021-05-09;5;33;40608;21367;29.0;15.2
90;2021-05-10;506;585;41114;21952;29.3;15.7
90;2021-05-11;778;637;41892;22589;29.9;16.1
90;2021-05-12;531;598;42423;23187;30.3;16.5
90;2021-05-13;1113;264;43536;23451;31.1;16.7
90;2021-05-14;865;403;44401;23854;31.7;17.0
90;2021-05-15;14;125;44415;23979;31.7;17.1
90;2021-05-16;2;7;44417;23986;31.7;17.1
90;2021-05-17;793;290;45210;24276;32.3;17.3
90;2021-05-18;1024;472;46234;24748;33.0;17.7
90;2021-05-19;1265;384;47499;25132;33.9;17.9
90;2021-05-20;1200;270;48699;25402;34.7;18.1
90;2021-05-21;1265;432;49964;25834;35.7;18.4
90;2021-05-22;9;131;49973;25965;35.7;18.5
90;2021-05-23;4;0;49977;25965;35.7;18.5
90;2021-05-24;368;266;50345;26231;35.9;18.7
90;2021-05-25;636;792;50981;27023;36.4;19.3
90;2021-05-26;630;568;51611;27591;36.8;19.7
90;2021-05-27;963;383;52574;27974;37.5;20.0
90;2021-05-28;668;827;53242;28801;38.0;20.6
90;2021-05-29;93;296;53335;29097;38.1;20.8
90;2021-05-30;4;1;53339;29098;38.1;20.8
90;2021-05-31;809;714;54148;29812;38.6;21.3
90;2021-06-01;968;740;55116;30552;39.3;21.8
90;2021-06-02;760;676;55876;31228;39.9;22.3
90;2021-06-03;758;744;56634;31972;40.4;22.8
90;2021-06-04;833;973;57467;32945;41.0;23.5
90;2021-06-05;54;427;57521;33372;41.0;23.8
90;2021-06-06;1;16;57522;33388;41.0;23.8
90;2021-06-07;1265;1081;58787;34469;41.9;24.6
90;2021-06-08;1481;936;60268;35405;43.0;25.3
90;2021-06-09;965;659;61233;36064;43.7;25.7
90;2021-06-10;626;498;61859;36562;44.1;26.1
90;2021-06-11;787;1127;62646;37689;44.7;26.9
90;2021-06-12;806;298;63452;37987;45.3;27.1
90;2021-06-13;10;12;63462;37999;45.3;27.1
90;2021-06-14;265;975;63727;38974;45.5;27.8
90;2021-06-15;567;880;64294;39854;45.9;28.4
90;2021-06-16;510;548;64804;40402;46.2;28.8
90;2021-06-17;444;638;65248;41040;46.6;29.3
90;2021-06-18;624;997;65872;42037;47.0;30.0
90;2021-06-19;450;171;66322;42208;47.3;30.1
90;2021-06-20;0;28;66322;42236;47.3;30.1
90;2021-06-21;257;1178;66579;43414;47.5;31.0
90;2021-06-22;384;950;66963;44364;47.8;31.7
90;2021-06-23;415;633;67378;44997;48.1;32.1
90;2021-06-24;319;603;67697;45600;48.3;32.5
90;2021-06-25;431;1273;68128;46873;48.6;33.4
90;2021-06-26;420;561;68548;47434;48.9;33.8
90;2021-06-27;2;6;68550;47440;48.9;33.9
90;2021-06-28;378;1299;68928;48739;49.2;34.8
90;2021-06-29;305;1307;69233;50046;49.4;35.7
90;2021-06-30;485;1228;69718;51274;49.7;36.6
90;2021-07-01;355;919;70073;52193;50.0;37.2
90;2021-07-02;507;1206;70580;53399;50.4;38.1
90;2021-07-03;52;129;70632;53528;50.4;38.2
90;2021-07-04;0;21;70632;53549;50.4;38.2
90;2021-07-05;401;1014;71033;54563;50.7;38.9
90;2021-07-06;514;972;71547;55535;51.1;39.6
90;2021-07-07;381;994;71928;56529;51.3;40.3
90;2021-07-08;304;608;72232;57137;51.5;40.8
90;2021-07-09;440;951;72672;58088;51.9;41.4
90;2021-07-10;32;91;72704;58179;51.9;41.5
90;2021-07-11;7;17;72711;58196;51.9;41.5
90;2021-07-12;244;1076;72955;59272;52.1;42.3
90;2021-07-13;474;1162;73429;60434;52.4;43.1
90;2021-07-14;3;9;73432;60443;52.4;43.1
90;2021-07-15;791;1454;74223;61897;53.0;44.2
90;2021-07-16;827;1682;75050;63579;53.6;45.4
90;2021-07-17;485;954;75535;64533;53.9;46.0
90;2021-07-18;4;2;75539;64535;53.9;46.0
90;2021-07-19;1187;1462;76726;65997;54.7;47.1
90;2021-07-20;1338;1136;78064;67133;55.7;47.9
90;2021-07-21;1398;983;79462;68116;56.7;48.6
90;2021-07-22;1126;698;80588;68814;57.5;49.1
90;2021-07-23;969;1023;81557;69837;58.2;49.8
90;2021-07-24;120;65;81677;69902;58.3;49.9
90;2021-07-25;2;1;81679;69903;58.3;49.9
90;2021-07-26;1071;804;82750;70707;59.0;50.5
90;2021-07-27;1082;746;83832;71453;59.8;51.0
90;2021-07-28;823;712;84655;72165;60.4;51.5
90;2021-07-29;838;441;85493;72606;61.0;51.8
90;2021-07-30;780;503;86273;73109;61.6;52.2
90;2021-07-31;486;313;86759;73422;61.9;52.4
90;2021-08-01;0;3;86759;73425;61.9;52.4
90;2021-08-02;836;511;87595;73936;62.5;52.8
90;2021-08-03;912;491;88507;74427;63.2;53.1
90;2021-08-04;1064;459;89571;74886;63.9;53.4
90;2021-08-05;520;221;90091;75107;64.3;53.6
90;2021-08-06;638;390;90729;75497;64.7;53.9
90;2021-08-07;35;63;90764;75560;64.8;53.9
90;2021-08-08;18;3;90782;75563;64.8;53.9
90;2021-08-09;721;946;91503;76509;65.3;54.6
90;2021-08-10;533;1150;92036;77659;65.7;55.4
90;2021-08-11;535;947;92571;78606;66.1;56.1
90;2021-08-12;444;817;93015;79423;66.4;56.7
90;2021-08-13;525;895;93540;80318;66.7;57.3
90;2021-08-14;30;99;93570;80417;66.8;57.4
90;2021-08-15;2;8;93572;80425;66.8;57.4
90;2021-08-16;445;633;94017;81058;67.1;57.8
90;2021-08-17;342;1166;94359;82224;67.3;58.7
90;2021-08-18;267;878;94626;83102;67.5;59.3
90;2021-08-19;239;627;94865;83729;67.7;59.7
90;2021-08-20;354;770;95219;84499;67.9;60.3
90;2021-08-21;32;69;95251;84568;68.0;60.3
90;2021-08-22;0;7;95251;84575;68.0;60.3
90;2021-08-23;301;489;95552;85064;68.2;60.7
90;2021-08-24;332;957;95884;86021;68.4;61.4
90;2021-08-25;249;915;96133;86936;68.6;62.0
90;2021-08-26;241;671;96374;87607;68.8;62.5
90;2021-08-27;270;737;96644;88344;69.0;63.0
90;2021-08-28;19;64;96663;88408;69.0;63.1
90;2021-08-29;2;6;96665;88414;69.0;63.1
90;2021-08-30;319;639;96984;89053;69.2;63.5
90;2021-08-31;273;1023;97257;90076;69.4;64.3
91;2020-12-27;0;0;0;0;0.0;0.0
91;2020-12-28;0;0;0;0;0.0;0.0
91;2020-12-29;1;0;1;0;0.0;0.0
91;2020-12-30;1;0;2;0;0.0;0.0
91;2020-12-31;0;0;2;0;0.0;0.0
91;2021-01-01;5;0;7;0;0.0;0.0
91;2021-01-02;0;0;7;0;0.0;0.0
91;2021-01-03;0;0;7;0;0.0;0.0
91;2021-01-04;1;0;8;0;0.0;0.0
91;2021-01-05;71;0;79;0;0.0;0.0
91;2021-01-06;188;2;267;2;0.0;0.0
91;2021-01-07;523;6;790;8;0.1;0.0
91;2021-01-08;394;1;1184;9;0.1;0.0
91;2021-01-09;89;3;1273;12;0.1;0.0
91;2021-01-10;1;0;1274;12;0.1;0.0
91;2021-01-11;595;2;1869;14;0.1;0.0
91;2021-01-12;899;8;2768;22;0.2;0.0
91;2021-01-13;702;7;3470;29;0.3;0.0
91;2021-01-14;721;11;4191;40;0.3;0.0
91;2021-01-15;569;4;4760;44;0.4;0.0
91;2021-01-16;316;7;5076;51;0.4;0.0
91;2021-01-17;117;1;5193;52;0.4;0.0
91;2021-01-18;992;3;6185;55;0.5;0.0
91;2021-01-19;1868;16;8053;71;0.6;0.0
91;2021-01-20;2370;17;10423;88;0.8;0.0
91;2021-01-21;2096;15;12519;103;0.9;0.0
91;2021-01-22;1861;10;14380;113;1.1;0.0
91;2021-01-23;413;1;14793;114;1.1;0.0
91;2021-01-24;53;0;14846;114;1.1;0.0
91;2021-01-25;1049;4;15895;118;1.2;0.0
91;2021-01-26;1578;37;17473;155;1.3;0.0
91;2021-01-27;2415;98;19888;253;1.5;0.0
91;2021-01-28;1983;227;21871;480;1.7;0.0
91;2021-01-29;1749;68;23620;548;1.8;0.0
91;2021-01-30;422;7;24042;555;1.8;0.0
91;2021-01-31;54;0;24096;555;1.8;0.0
91;2021-02-01;965;218;25061;773;1.9;0.1
91;2021-02-02;857;362;25918;1135;2.0;0.1
91;2021-02-03;937;567;26855;1702;2.0;0.1
91;2021-02-04;885;280;27740;1982;2.1;0.2
91;2021-02-05;1036;358;28776;2340;2.2;0.2
91;2021-02-06;337;91;29113;2431;2.2;0.2
91;2021-02-07;13;0;29126;2431;2.2;0.2
91;2021-02-08;905;604;30031;3035;2.3;0.2
91;2021-02-09;963;855;30994;3890;2.3;0.3
91;2021-02-10;1065;992;32059;4882;2.4;0.4
91;2021-02-11;1122;1019;33181;5901;2.5;0.4
91;2021-02-12;1063;828;34244;6729;2.6;0.5
91;2021-02-13;330;355;34574;7084;2.6;0.5
91;2021-02-14;18;112;34592;7196;2.6;0.5
91;2021-02-15;368;1233;34960;8429;2.6;0.6
91;2021-02-16;554;1735;35514;10164;2.7;0.8
91;2021-02-17;813;2657;36327;12821;2.8;1.0
91;2021-02-18;941;1995;37268;14816;2.8;1.1
91;2021-02-19;865;1355;38133;16171;2.9;1.2
91;2021-02-20;167;349;38300;16520;2.9;1.3
91;2021-02-21;13;48;38313;16568;2.9;1.3
91;2021-02-22;334;1184;38647;17752;2.9;1.3
91;2021-02-23;397;1060;39044;18812;3.0;1.4
91;2021-02-24;473;1045;39517;19857;3.0;1.5
91;2021-02-25;734;1003;40251;20860;3.1;1.6
91;2021-02-26;1096;1046;41347;21906;3.1;1.7
91;2021-02-27;611;323;41958;22229;3.2;1.7
91;2021-02-28;65;66;42023;22295;3.2;1.7
91;2021-03-01;931;1063;42954;23358;3.3;1.8
91;2021-03-02;1261;1092;44215;24450;3.4;1.9
91;2021-03-03;1469;1275;45684;25725;3.5;1.9
91;2021-03-04;2432;1129;48116;26854;3.6;2.0
91;2021-03-05;3352;1162;51468;28016;3.9;2.1
91;2021-03-06;4910;459;56378;28475;4.3;2.2
91;2021-03-07;3208;116;59586;28591;4.5;2.2
91;2021-03-08;1474;1064;61060;29655;4.6;2.2
91;2021-03-09;2623;995;63683;30650;4.8;2.3
91;2021-03-10;2620;1038;66303;31688;5.0;2.4
91;2021-03-11;3786;1134;70089;32822;5.3;2.5
91;2021-03-12;4789;1057;74878;33879;5.7;2.6
91;2021-03-13;5259;344;80137;34223;6.1;2.6
91;2021-03-14;304;28;80441;34251;6.1;2.6
91;2021-03-15;2982;434;83423;34685;6.3;2.6
91;2021-03-16;2617;384;86040;35069;6.5;2.7
91;2021-03-17;2229;351;88269;35420;6.7;2.7
91;2021-03-18;2393;411;90662;35831;6.9;2.7
91;2021-03-19;4094;385;94756;36216;7.2;2.7
91;2021-03-20;3609;182;98365;36398;7.5;2.8
91;2021-03-21;138;30;98503;36428;7.5;2.8
91;2021-03-22;3149;606;101652;37034;7.7;2.8
91;2021-03-23;4139;700;105791;37734;8.0;2.9
91;2021-03-24;3936;501;109727;38235;8.3;2.9
91;2021-03-25;5059;531;114786;38766;8.7;2.9
91;2021-03-26;5551;553;120337;39319;9.1;3.0
91;2021-03-27;4984;347;125321;39666;9.5;3.0
91;2021-03-28;282;59;125603;39725;9.5;3.0
91;2021-03-29;3304;1042;128907;40767;9.8;3.1
91;2021-03-30;4424;1229;133331;41996;10.1;3.2
91;2021-03-31;3367;1341;136698;43337;10.4;3.3
91;2021-04-01;3739;1689;140437;45026;10.6;3.4
91;2021-04-02;3890;2317;144327;47343;10.9;3.6
91;2021-04-03;1871;2875;146198;50218;11.1;3.8
91;2021-04-04;648;1320;146846;51538;11.1;3.9
91;2021-04-05;562;132;147408;51670;11.2;3.9
91;2021-04-06;3402;1788;150810;53458;11.4;4.1
91;2021-04-07;3420;1934;154230;55392;11.7;4.2
91;2021-04-08;4663;2165;158893;57557;12.0;4.4
91;2021-04-09;5348;2158;164241;59715;12.4;4.5
91;2021-04-10;2731;2818;166972;62533;12.7;4.7
91;2021-04-11;191;141;167163;62674;12.7;4.8
91;2021-04-12;2854;2280;170017;64954;12.9;4.9
91;2021-04-13;3757;2651;173774;67605;13.2;5.1
91;2021-04-14;3707;2323;177481;69928;13.5;5.3
91;2021-04-15;4476;2513;181957;72441;13.8;5.5
91;2021-04-16;4549;2807;186506;75248;14.1;5.7
91;2021-04-17;2983;2079;189489;77327;14.4;5.9
91;2021-04-18;269;72;189758;77399;14.4;5.9
91;2021-04-19;2305;2731;192063;80130;14.6;6.1
91;2021-04-20;3179;2987;195242;83117;14.8;6.3
91;2021-04-21;2989;2900;198231;86017;15.0;6.5
91;2021-04-22;3168;3366;201399;89383;15.3;6.8
91;2021-04-23;3717;3357;205116;92740;15.5;7.0
91;2021-04-24;3482;3731;208598;96471;15.8;7.3
91;2021-04-25;2616;642;211214;97113;16.0;7.4
91;2021-04-26;3488;2801;214702;99914;16.3;7.6
91;2021-04-27;4486;2922;219188;102836;16.6;7.8
91;2021-04-28;4567;2706;223755;105542;17.0;8.0
91;2021-04-29;5746;3062;229501;108604;17.4;8.2
91;2021-04-30;5388;2853;234889;111457;17.8;8.4
91;2021-05-01;3517;522;238406;111979;18.1;8.5
91;2021-05-02;625;132;239031;112111;18.1;8.5
91;2021-05-03;5203;2291;244234;114402;18.5;8.7
91;2021-05-04;5591;3178;249825;117580;18.9;8.9
91;2021-05-05;4851;2871;254676;120451;19.3;9.1
91;2021-05-06;5247;3376;259923;123827;19.7;9.4
91;2021-05-07;6120;3747;266043;127574;20.2;9.7
91;2021-05-08;6520;965;272563;128539;20.7;9.7
91;2021-05-09;4803;561;277366;129100;21.0;9.8
91;2021-05-10;5902;3010;283268;132110;21.5;10.0
91;2021-05-11;6831;3839;290099;135949;22.0;10.3
91;2021-05-12;5897;3442;295996;139391;22.4;10.6
91;2021-05-13;4826;1082;300822;140473;22.8;10.6
91;2021-05-14;6548;2398;307370;142871;23.3;10.8
91;2021-05-15;7798;1928;315168;144799;23.9;11.0
91;2021-05-16;4584;372;319752;145171;24.2;11.0
91;2021-05-17;6952;1710;326704;146881;24.8;11.1
91;2021-05-18;8121;1740;334825;148621;25.4;11.3
91;2021-05-19;7097;1699;341922;150320;25.9;11.4
91;2021-05-20;8202;2145;350124;152465;26.5;11.6
91;2021-05-21;8145;2582;358269;155047;27.2;11.8
91;2021-05-22;7664;1541;365933;156588;27.7;11.9
91;2021-05-23;4799;532;370732;157120;28.1;11.9
91;2021-05-24;5017;602;375749;157722;28.5;12.0
91;2021-05-25;7626;2650;383375;160372;29.1;12.2
91;2021-05-26;6873;2939;390248;163311;29.6;12.4
91;2021-05-27;7974;3440;398222;166751;30.2;12.6
91;2021-05-28;7537;4322;405759;171073;30.8;13.0
91;2021-05-29;9302;3513;415061;174586;31.5;13.2
91;2021-05-30;5954;962;421015;175548;31.9;13.3
91;2021-05-31;6743;3699;427758;179247;32.4;13.6
91;2021-06-01;7787;4779;435545;184026;33.0;13.9
91;2021-06-02;7452;3961;442997;187987;33.6;14.2
91;2021-06-03;7860;4782;450857;192769;34.2;14.6
91;2021-06-04;7186;5718;458043;198487;34.7;15.0
91;2021-06-05;6385;5818;464428;204305;35.2;15.5
91;2021-06-06;4089;2512;468517;206817;35.5;15.7
91;2021-06-07;5881;5483;474398;212300;36.0;16.1
91;2021-06-08;7041;5795;481439;218095;36.5;16.5
91;2021-06-09;6472;5149;487911;223244;37.0;16.9
91;2021-06-10;7179;5775;495090;229019;37.5;17.4
91;2021-06-11;6545;7111;501635;236130;38.0;17.9
91;2021-06-12;6220;7364;507855;243494;38.5;18.5
91;2021-06-13;2852;2317;510707;245811;38.7;18.6
91;2021-06-14;4225;7199;514932;253010;39.0;19.2
91;2021-06-15;5576;7259;520508;260269;39.5;19.7
91;2021-06-16;5303;6444;525811;266713;39.9;20.2
91;2021-06-17;6247;7136;532058;273849;40.3;20.8
91;2021-06-18;4635;8739;536693;282588;40.7;21.4
91;2021-06-19;4192;7154;540885;289742;41.0;22.0
91;2021-06-20;1008;4212;541893;293954;41.1;22.3
91;2021-06-21;3231;7238;545124;301192;41.3;22.8
91;2021-06-22;4161;9229;549285;310421;41.6;23.5
91;2021-06-23;4317;7963;553602;318384;42.0;24.1
91;2021-06-24;4909;8477;558511;326861;42.3;24.8
91;2021-06-25;3475;9174;561986;336035;42.6;25.5
91;2021-06-26;2988;8036;564974;344071;42.8;26.1
91;2021-06-27;549;2996;565523;347067;42.9;26.3
91;2021-06-28;3129;8239;568652;355306;43.1;26.9
91;2021-06-29;3586;9638;572238;364944;43.4;27.7
91;2021-06-30;3957;8701;576195;373645;43.7;28.3
91;2021-07-01;4098;8875;580293;382520;44.0;29.0
91;2021-07-02;3769;9317;584062;391837;44.3;29.7
91;2021-07-03;2880;9791;586942;401628;44.5;30.4
91;2021-07-04;850;4724;587792;406352;44.5;30.8
91;2021-07-05;2660;7257;590452;413609;44.8;31.3
91;2021-07-06;3754;9430;594206;423039;45.0;32.1
91;2021-07-07;3810;8592;598016;431631;45.3;32.7
91;2021-07-08;4360;8992;602376;440623;45.7;33.4
91;2021-07-09;3964;9958;606340;450581;46.0;34.2
91;2021-07-10;3400;10232;609740;460813;46.2;34.9
91;2021-07-11;985;4803;610725;465616;46.3;35.3
91;2021-07-12;2801;8891;613526;474507;46.5;36.0
91;2021-07-13;4464;10387;617990;484894;46.8;36.8
91;2021-07-14;2302;3582;620292;488476;47.0;37.0
91;2021-07-15;4541;9824;624833;498300;47.4;37.8
91;2021-07-16;6291;9759;631124;508059;47.8;38.5
91;2021-07-17;5751;9065;636875;517124;48.3;39.2
91;2021-07-18;3399;3681;640274;520805;48.5;39.5
91;2021-07-19;3775;7531;644049;528336;48.8;40.0
91;2021-07-20;6069;9301;650118;537637;49.3;40.7
91;2021-07-21;6248;7726;656366;545363;49.7;41.3
91;2021-07-22;6491;8399;662857;553762;50.2;42.0
91;2021-07-23;6916;8277;669773;562039;50.8;42.6
91;2021-07-24;5014;6478;674787;568517;51.1;43.1
91;2021-07-25;3263;1399;678050;569916;51.4;43.2
91;2021-07-26;4932;6590;682982;576506;51.8;43.7
91;2021-07-27;7558;7074;690540;583580;52.3;44.2
91;2021-07-28;7291;5907;697831;589487;52.9;44.7
91;2021-07-29;7388;5906;705219;595393;53.4;45.1
91;2021-07-30;6900;5771;712119;601164;54.0;45.6
91;2021-07-31;4881;4781;717000;605945;54.3;45.9
91;2021-08-01;2620;1336;719620;607281;54.5;46.0
91;2021-08-02;4678;4229;724298;611510;54.9;46.3
91;2021-08-03;5783;4688;730081;616198;55.3;46.7
91;2021-08-04;5682;4128;735763;620326;55.8;47.0
91;2021-08-05;5587;4260;741350;624586;56.2;47.3
91;2021-08-06;5677;5624;747027;630210;56.6;47.8
91;2021-08-07;3057;2418;750084;632628;56.9;47.9
91;2021-08-08;595;1100;750679;633728;56.9;48.0
91;2021-08-09;3771;3970;754450;637698;57.2;48.3
91;2021-08-10;4525;4542;758975;642240;57.5;48.7
91;2021-08-11;4075;4481;763050;646721;57.8;49.0
91;2021-08-12;3999;4766;767049;651487;58.1;49.4
91;2021-08-13;4251;4843;771300;656330;58.5;49.7
91;2021-08-14;2207;2395;773507;658725;58.6;49.9
91;2021-08-15;92;170;773599;658895;58.6;49.9
91;2021-08-16;2908;4651;776507;663546;58.9;50.3
91;2021-08-17;3588;5806;780095;669352;59.1;50.7
91;2021-08-18;2997;5781;783092;675133;59.4;51.2
91;2021-08-19;3436;5763;786528;680896;59.6;51.6
91;2021-08-20;3174;6950;789702;687846;59.9;52.1
91;2021-08-21;2438;3341;792140;691187;60.0;52.4
91;2021-08-22;732;1301;792872;692488;60.1;52.5
91;2021-08-23;2380;5299;795252;697787;60.3;52.9
91;2021-08-24;2955;6953;798207;704740;60.5;53.4
91;2021-08-25;3391;6700;801598;711440;60.8;53.9
91;2021-08-26;2722;5937;804320;717377;61.0;54.4
91;2021-08-27;2812;7482;807132;724859;61.2;54.9
91;2021-08-28;2363;4811;809495;729670;61.4;55.3
91;2021-08-29;1752;2752;811247;732422;61.5;55.5
91;2021-08-30;1757;5602;813004;738024;61.6;55.9
91;2021-08-31;2209;6078;815213;744102;61.8;56.4
92;2020-12-27;24;0;24;0;0.0;0.0
92;2020-12-28;16;0;40;0;0.0;0.0
92;2020-12-29;58;0;98;0;0.0;0.0
92;2020-12-30;40;0;138;0;0.0;0.0
92;2020-12-31;5;0;143;0;0.0;0.0
92;2021-01-01;23;0;166;0;0.0;0.0
92;2021-01-02;5;0;171;0;0.0;0.0
92;2021-01-03;9;0;180;0;0.0;0.0
92;2021-01-04;65;1;245;1;0.0;0.0
92;2021-01-05;228;1;473;2;0.0;0.0
92;2021-01-06;415;3;888;5;0.1;0.0
92;2021-01-07;665;4;1553;9;0.1;0.0
92;2021-01-08;840;4;2393;13;0.1;0.0
92;2021-01-09;123;1;2516;14;0.2;0.0
92;2021-01-10;45;0;2561;14;0.2;0.0
92;2021-01-11;848;5;3409;19;0.2;0.0
92;2021-01-12;1298;9;4707;28;0.3;0.0
92;2021-01-13;1241;14;5948;42;0.4;0.0
92;2021-01-14;1209;17;7157;59;0.4;0.0
92;2021-01-15;979;7;8136;66;0.5;0.0
92;2021-01-16;182;1;8318;67;0.5;0.0
92;2021-01-17;25;0;8343;67;0.5;0.0
92;2021-01-18;1543;22;9886;89;0.6;0.0
92;2021-01-19;1557;20;11443;109;0.7;0.0
92;2021-01-20;1810;14;13253;123;0.8;0.0
92;2021-01-21;3439;21;16692;144;1.0;0.0
92;2021-01-22;2611;42;19303;186;1.2;0.0
92;2021-01-23;138;0;19441;186;1.2;0.0
92;2021-01-24;25;0;19466;186;1.2;0.0
92;2021-01-25;847;14;20313;200;1.3;0.0
92;2021-01-26;1215;10;21528;210;1.3;0.0
92;2021-01-27;2215;95;23743;305;1.5;0.0
92;2021-01-28;4182;187;27925;492;1.7;0.0
92;2021-01-29;2711;260;30636;752;1.9;0.0
92;2021-01-30;322;13;30958;765;1.9;0.0
92;2021-01-31;22;2;30980;767;1.9;0.0
92;2021-02-01;865;316;31845;1083;2.0;0.1
92;2021-02-02;1048;346;32893;1429;2.0;0.1
92;2021-02-03;1000;440;33893;1869;2.1;0.1
92;2021-02-04;1044;538;34937;2407;2.2;0.1
92;2021-02-05;1330;497;36267;2904;2.2;0.2
92;2021-02-06;113;17;36380;2921;2.3;0.2
92;2021-02-07;13;14;36393;2935;2.3;0.2
92;2021-02-08;574;717;36967;3652;2.3;0.2
92;2021-02-09;1065;1284;38032;4936;2.4;0.3
92;2021-02-10;1068;1286;39100;6222;2.4;0.4
92;2021-02-11;1498;1911;40598;8133;2.5;0.5
92;2021-02-12;1416;1470;42014;9603;2.6;0.6
92;2021-02-13;73;60;42087;9663;2.6;0.6
92;2021-02-14;22;0;42109;9663;2.6;0.6
92;2021-02-15;568;1628;42677;11291;2.6;0.7
92;2021-02-16;786;2012;43463;13303;2.7;0.8
92;2021-02-17;619;1731;44082;15034;2.7;0.9
92;2021-02-18;1571;3617;45653;18651;2.8;1.2
92;2021-02-19;1728;2638;47381;21289;2.9;1.3
92;2021-02-20;144;394;47525;21683;2.9;1.3
92;2021-02-21;35;53;47560;21736;2.9;1.3
92;2021-02-22;493;1189;48053;22925;3.0;1.4
92;2021-02-23;730;1341;48783;24266;3.0;1.5
92;2021-02-24;609;1270;49392;25536;3.1;1.6
92;2021-02-25;919;1760;50311;27296;3.1;1.7
92;2021-02-26;1455;1358;51766;28654;3.2;1.8
92;2021-02-27;503;187;52269;28841;3.2;1.8
92;2021-02-28;66;56;52335;28897;3.2;1.8
92;2021-03-01;1102;1041;53437;29938;3.3;1.9
92;2021-03-02;1969;1359;55406;31297;3.4;1.9
92;2021-03-03;2793;1094;58199;32391;3.6;2.0
92;2021-03-04;3590;1529;61789;33920;3.8;2.1
92;2021-03-05;4975;1725;66764;35645;4.1;2.2
92;2021-03-06;5718;334;72482;35979;4.5;2.2
92;2021-03-07;2900;237;75382;36216;4.7;2.2
92;2021-03-08;2418;824;77800;37040;4.8;2.3
92;2021-03-09;3435;1025;81235;38065;5.0;2.4
92;2021-03-10;3941;953;85176;39018;5.3;2.4
92;2021-03-11;5014;1403;90190;40421;5.6;2.5
92;2021-03-12;6767;1565;96957;41986;6.0;2.6
92;2021-03-13;5158;241;102115;42227;6.3;2.6
92;2021-03-14;1739;75;103854;42302;6.4;2.6
92;2021-03-15;3800;603;107654;42905;6.7;2.7
92;2021-03-16;3696;598;111350;43503;6.9;2.7
92;2021-03-17;3873;419;115223;43922;7.1;2.7
92;2021-03-18;4128;757;119351;44679;7.4;2.8
92;2021-03-19;5919;732;125270;45411;7.8;2.8
92;2021-03-20;2536;75;127806;45486;7.9;2.8
92;2021-03-21;150;29;127956;45515;7.9;2.8
92;2021-03-22;4114;485;132070;46000;8.2;2.9
92;2021-03-23;6101;880;138171;46880;8.6;2.9
92;2021-03-24;6378;654;144549;47534;9.0;2.9
92;2021-03-25;8437;647;152986;48181;9.5;3.0
92;2021-03-26;8354;902;161340;49083;10.0;3.0
92;2021-03-27;2836;274;164176;49357;10.2;3.1
92;2021-03-28;543;38;164719;49395;10.2;3.1
92;2021-03-29;4658;1059;169377;50454;10.5;3.1
92;2021-03-30;6389;1552;175766;52006;10.9;3.2
92;2021-03-31;5544;2261;181310;54267;11.2;3.4
92;2021-04-01;6264;3680;187574;57947;11.6;3.6
92;2021-04-02;5630;3425;193204;61372;12.0;3.8
92;2021-04-03;872;1420;194076;62792;12.0;3.9
92;2021-04-04;488;1062;194564;63854;12.1;4.0
92;2021-04-05;812;159;195376;64013;12.1;4.0
92;2021-04-06;3659;1956;199035;65969;12.3;4.1
92;2021-04-07;4993;2890;204028;68859;12.6;4.3
92;2021-04-08;5979;3183;210007;72042;13.0;4.5
92;2021-04-09;8031;3059;218038;75101;13.5;4.7
92;2021-04-10;2633;1295;220671;76396;13.7;4.7
92;2021-04-11;158;807;220829;77203;13.7;4.8
92;2021-04-12;3686;2520;224515;79723;13.9;4.9
92;2021-04-13;4381;4429;228896;84152;14.2;5.2
92;2021-04-14;4867;4046;233763;88198;14.5;5.5
92;2021-04-15;5299;3955;239062;92153;14.8;5.7
92;2021-04-16;5074;3864;244136;96017;15.1;5.9
92;2021-04-17;1801;1191;245937;97208;15.2;6.0
92;2021-04-18;348;94;246285;97302;15.3;6.0
92;2021-04-19;2812;2841;249097;100143;15.4;6.2
92;2021-04-20;4191;3754;253288;103897;15.7;6.4
92;2021-04-21;4615;4522;257903;108419;16.0;6.7
92;2021-04-22;4660;5125;262563;113544;16.3;7.0
92;2021-04-23;5237;4705;267800;118249;16.6;7.3
92;2021-04-24;4941;1910;272741;120159;16.9;7.4
92;2021-04-25;1790;150;274531;120309;17.0;7.5
92;2021-04-26;4001;3625;278532;123934;17.3;7.7
92;2021-04-27;6043;5266;284575;129200;17.6;8.0
92;2021-04-28;7381;4501;291956;133701;18.1;8.3
92;2021-04-29;7988;4794;299944;138495;18.6;8.6
92;2021-04-30;8842;4849;308786;143344;19.1;8.9
92;2021-05-01;1200;406;309986;143750;19.2;8.9
92;2021-05-02;663;139;310649;143889;19.2;8.9
92;2021-05-03;6779;3892;317428;147781;19.7;9.2
92;2021-05-04;10422;4369;327850;152150;20.3;9.4
92;2021-05-05;10075;5262;337925;157412;20.9;9.8
92;2021-05-06;11424;4905;349349;162317;21.6;10.1
92;2021-05-07;9863;5297;359212;167614;22.3;10.4
92;2021-05-08;7215;1925;366427;169539;22.7;10.5
92;2021-05-09;3788;599;370215;170138;22.9;10.5
92;2021-05-10;9533;4001;379748;174139;23.5;10.8
92;2021-05-11;13981;5697;393729;179836;24.4;11.1
92;2021-05-12;14287;4585;408016;184421;25.3;11.4
92;2021-05-13;9165;912;417181;185333;25.9;11.5
92;2021-05-14;12031;2313;429212;187646;26.6;11.6
92;2021-05-15;8392;1229;437604;188875;27.1;11.7
92;2021-05-16;4139;452;441743;189327;27.4;11.7
92;2021-05-17;10648;2220;452391;191547;28.0;11.9
92;2021-05-18;16412;3130;468803;194677;29.1;12.1
92;2021-05-19;16035;3719;484838;198396;30.0;12.3
92;2021-05-20;16833;3986;501671;202382;31.1;12.5
92;2021-05-21;14078;3630;515749;206012;32.0;12.8
92;2021-05-22;8318;1516;524067;207528;32.5;12.9
92;2021-05-23;4085;455;528152;207983;32.7;12.9
92;2021-05-24;6123;855;534275;208838;33.1;12.9
92;2021-05-25;13111;4560;547386;213398;33.9;13.2
92;2021-05-26;11932;5042;559318;218440;34.7;13.5
92;2021-05-27;12736;6329;572054;224769;35.4;13.9
92;2021-05-28;11230;6285;583284;231054;36.1;14.3
92;2021-05-29;5454;2302;588738;233356;36.5;14.5
92;2021-05-30;2249;389;590987;233745;36.6;14.5
92;2021-05-31;12057;5307;603044;239052;37.4;14.8
92;2021-06-01;12610;7640;615654;246692;38.2;15.3
92;2021-06-02;14381;7214;630035;253906;39.0;15.7
92;2021-06-03;14591;8033;644626;261939;39.9;16.2
92;2021-06-04;12228;8226;656854;270165;40.7;16.7
92;2021-06-05;7384;6240;664238;276405;41.2;17.1
92;2021-06-06;3593;1674;667831;278079;41.4;17.2
92;2021-06-07;11442;7633;679273;285712;42.1;17.7
92;2021-06-08;12760;9606;692033;295318;42.9;18.3
92;2021-06-09;11663;9480;703696;304798;43.6;18.9
92;2021-06-10;11967;10571;715663;315369;44.3;19.5
92;2021-06-11;8147;11043;723810;326412;44.9;20.2
92;2021-06-12;6365;5100;730175;331512;45.2;20.5
92;2021-06-13;3965;2720;734140;334232;45.5;20.7
92;2021-06-14;5217;11170;739357;345402;45.8;21.4
92;2021-06-15;6534;13131;745891;358533;46.2;22.2
92;2021-06-16;6955;12991;752846;371524;46.7;23.0
92;2021-06-17;7425;14015;760271;385539;47.1;23.9
92;2021-06-18;6898;14395;767169;399934;47.5;24.8
92;2021-06-19;3959;9112;771128;409046;47.8;25.3
92;2021-06-20;1966;5610;773094;414656;47.9;25.7
92;2021-06-21;4839;12277;777933;426933;48.2;26.5
92;2021-06-22;5881;17545;783814;444478;48.6;27.5
92;2021-06-23;5486;15995;789300;460473;48.9;28.5
92;2021-06-24;6206;15123;795506;475596;49.3;29.5
92;2021-06-25;5120;16100;800626;491696;49.6;30.5
92;2021-06-26;4067;10457;804693;502153;49.9;31.1
92;2021-06-27;1860;6051;806553;508204;50.0;31.5
92;2021-06-28;3675;12049;810228;520253;50.2;32.2
92;2021-06-29;4687;18158;814915;538411;50.5;33.4
92;2021-06-30;4450;16232;819365;554643;50.8;34.4
92;2021-07-01;5548;16312;824913;570955;51.1;35.4
92;2021-07-02;4944;15286;829857;586241;51.4;36.3
92;2021-07-03;3303;10184;833160;596425;51.6;37.0
92;2021-07-04;1122;4207;834282;600632;51.7;37.2
92;2021-07-05;4823;12331;839105;612963;52.0;38.0
92;2021-07-06;5286;15817;844391;628780;52.3;39.0
92;2021-07-07;4256;11457;848647;640237;52.6;39.7
92;2021-07-08;5410;14639;854057;654876;52.9;40.6
92;2021-07-09;5882;14212;859939;669088;53.3;41.5
92;2021-07-10;4377;8458;864316;677546;53.6;42.0
92;2021-07-11;1484;2618;865800;680164;53.7;42.1
92;2021-07-12;4414;14637;870214;694801;53.9;43.1
92;2021-07-13;7880;17454;878094;712255;54.4;44.1
92;2021-07-14;5110;5739;883204;717994;54.7;44.5
92;2021-07-15;9575;16247;892779;734241;55.3;45.5
92;2021-07-16;9058;14180;901837;748421;55.9;46.4
92;2021-07-17;6577;7608;908414;756029;56.3;46.8
92;2021-07-18;1839;2479;910253;758508;56.4;47.0
92;2021-07-19;6470;13211;916723;771719;56.8;47.8
92;2021-07-20;10085;14099;926808;785818;57.4;48.7
92;2021-07-21;10465;12123;937273;797941;58.1;49.4
92;2021-07-22;12052;12983;949325;810924;58.8;50.3
92;2021-07-23;11592;11360;960917;822284;59.5;51.0
92;2021-07-24;6728;6258;967645;828542;60.0;51.3
92;2021-07-25;2777;2323;970422;830865;60.1;51.5
92;2021-07-26;9487;9174;979909;840039;60.7;52.1
92;2021-07-27;11481;9600;991390;849639;61.4;52.6
92;2021-07-28;11706;8171;1003096;857810;62.2;53.2
92;2021-07-29;10418;8622;1013514;866432;62.8;53.7
92;2021-07-30;9055;8335;1022569;874767;63.4;54.2
92;2021-07-31;5700;4806;1028269;879573;63.7;54.5
92;2021-08-01;2192;1296;1030461;880869;63.9;54.6
92;2021-08-02;4652;4930;1035113;885799;64.1;54.9
92;2021-08-03;5113;6138;1040226;891937;64.5;55.3
92;2021-08-04;4692;4858;1044918;896795;64.8;55.6
92;2021-08-05;4439;5674;1049357;902469;65.0;55.9
92;2021-08-06;4510;5962;1053867;908431;65.3;56.3
92;2021-08-07;2806;4225;1056673;912656;65.5;56.6
92;2021-08-08;953;1079;1057626;913735;65.5;56.6
92;2021-08-09;3172;4247;1060798;917982;65.7;56.9
92;2021-08-10;3769;5606;1064567;923588;66.0;57.2
92;2021-08-11;3166;4431;1067733;928019;66.2;57.5
92;2021-08-12;3350;5587;1071083;933606;66.4;57.9
92;2021-08-13;2937;5132;1074020;938738;66.6;58.2
92;2021-08-14;1866;3930;1075886;942668;66.7;58.4
92;2021-08-15;572;839;1076458;943507;66.7;58.5
92;2021-08-16;2349;5310;1078807;948817;66.9;58.8
92;2021-08-17;2605;6977;1081412;955794;67.0;59.2
92;2021-08-18;2387;5252;1083799;961046;67.2;59.6
92;2021-08-19;2484;5731;1086283;966777;67.3;59.9
92;2021-08-20;2239;5175;1088522;971952;67.5;60.2
92;2021-08-21;1378;4216;1089900;976168;67.5;60.5
92;2021-08-22;420;1593;1090320;977761;67.6;60.6
92;2021-08-23;2412;6585;1092732;984346;67.7;61.0
92;2021-08-24;3124;8337;1095856;992683;67.9;61.5
92;2021-08-25;2834;7566;1098690;1000249;68.1;62.0
92;2021-08-26;2943;7563;1101633;1007812;68.3;62.5
92;2021-08-27;3021;6990;1104654;1014802;68.5;62.9
92;2021-08-28;1609;4509;1106263;1019311;68.6;63.2
92;2021-08-29;340;781;1106603;1020092;68.6;63.2
92;2021-08-30;2197;4873;1108800;1024965;68.7;63.5
92;2021-08-31;3047;6979;1111847;1031944;68.9;63.9
93;2020-12-27;11;3;11;3;0.0;0.0
93;2020-12-28;4;0;15;3;0.0;0.0
93;2020-12-29;0;0;15;3;0.0;0.0
93;2020-12-30;44;1;59;4;0.0;0.0
93;2020-12-31;9;0;68;4;0.0;0.0
93;2021-01-01;5;0;73;4;0.0;0.0
93;2021-01-02;0;0;73;4;0.0;0.0
93;2021-01-03;3;0;76;4;0.0;0.0
93;2021-01-04;2;0;78;4;0.0;0.0
93;2021-01-05;63;1;141;5;0.0;0.0
93;2021-01-06;179;0;320;5;0.0;0.0
93;2021-01-07;381;3;701;8;0.0;0.0
93;2021-01-08;631;1;1332;9;0.1;0.0
93;2021-01-09;21;0;1353;9;0.1;0.0
93;2021-01-10;2;0;1355;9;0.1;0.0
93;2021-01-11;503;4;1858;13;0.1;0.0
93;2021-01-12;753;7;2611;20;0.2;0.0
93;2021-01-13;751;6;3362;26;0.2;0.0
93;2021-01-14;688;18;4050;44;0.2;0.0
93;2021-01-15;516;3;4566;47;0.3;0.0
93;2021-01-16;139;3;4705;50;0.3;0.0
93;2021-01-17;6;1;4711;51;0.3;0.0
93;2021-01-18;1198;10;5909;61;0.4;0.0
93;2021-01-19;1613;17;7522;78;0.5;0.0
93;2021-01-20;1557;19;9079;97;0.5;0.0
93;2021-01-21;1918;36;10997;133;0.7;0.0
93;2021-01-22;1387;15;12384;148;0.7;0.0
93;2021-01-23;712;7;13096;155;0.8;0.0
93;2021-01-24;0;0;13096;155;0.8;0.0
93;2021-01-25;1209;14;14305;169;0.9;0.0
93;2021-01-26;1291;33;15596;202;0.9;0.0
93;2021-01-27;2156;72;17752;274;1.1;0.0
93;2021-01-28;2265;184;20017;458;1.2;0.0
93;2021-01-29;1620;220;21637;678;1.3;0.0
93;2021-01-30;927;44;22564;722;1.4;0.0
93;2021-01-31;9;7;22573;729;1.4;0.0
93;2021-02-01;1184;167;23757;896;1.4;0.1
93;2021-02-02;1167;301;24924;1197;1.5;0.1
93;2021-02-03;1231;394;26155;1591;1.6;0.1
93;2021-02-04;923;560;27078;2151;1.6;0.1
93;2021-02-05;797;431;27875;2582;1.7;0.2
93;2021-02-06;694;69;28569;2651;1.7;0.2
93;2021-02-07;6;0;28575;2651;1.7;0.2
93;2021-02-08;912;637;29487;3288;1.8;0.2
93;2021-02-09;851;598;30338;3886;1.8;0.2
93;2021-02-10;881;669;31219;4555;1.9;0.3
93;2021-02-11;1242;831;32461;5386;1.9;0.3
93;2021-02-12;1041;628;33502;6014;2.0;0.4
93;2021-02-13;395;256;33897;6270;2.0;0.4
93;2021-02-14;13;59;33910;6329;2.0;0.4
93;2021-02-15;412;1232;34322;7561;2.1;0.5
93;2021-02-16;549;1223;34871;8784;2.1;0.5
93;2021-02-17;541;1735;35412;10519;2.1;0.6
93;2021-02-18;1133;1857;36545;12376;2.2;0.7
93;2021-02-19;992;1527;37537;13903;2.2;0.8
93;2021-02-20;304;659;37841;14562;2.3;0.9
93;2021-02-21;9;23;37850;14585;2.3;0.9
93;2021-02-22;602;1268;38452;15853;2.3;0.9
93;2021-02-23;563;1106;39015;16959;2.3;1.0
93;2021-02-24;643;1204;39658;18163;2.4;1.1
93;2021-02-25;903;1054;40561;19217;2.4;1.2
93;2021-02-26;1121;970;41682;20187;2.5;1.2
93;2021-02-27;543;620;42225;20807;2.5;1.2
93;2021-02-28;87;57;42312;20864;2.5;1.2
93;2021-03-01;1082;1065;43394;21929;2.6;1.3
93;2021-03-02;1443;1143;44837;23072;2.7;1.4
93;2021-03-03;1741;1186;46578;24258;2.8;1.5
93;2021-03-04;2717;1130;49295;25388;3.0;1.5
93;2021-03-05;3822;898;53117;26286;3.2;1.6
93;2021-03-06;5049;573;58166;26859;3.5;1.6
93;2021-03-07;4301;234;62467;27093;3.7;1.6
93;2021-03-08;2035;1254;64502;28347;3.9;1.7
93;2021-03-09;2915;974;67417;29321;4.0;1.8
93;2021-03-10;2858;1115;70275;30436;4.2;1.8
93;2021-03-11;3566;1256;73841;31692;4.4;1.9
93;2021-03-12;4126;1307;77967;32999;4.7;2.0
93;2021-03-13;4289;640;82256;33639;4.9;2.0
93;2021-03-14;882;74;83138;33713;5.0;2.0
93;2021-03-15;3552;691;86690;34404;5.2;2.1
93;2021-03-16;3161;620;89851;35024;5.4;2.1
93;2021-03-17;2657;605;92508;35629;5.5;2.1
93;2021-03-18;3314;728;95822;36357;5.7;2.2
93;2021-03-19;3766;651;99588;37008;6.0;2.2
93;2021-03-20;3462;305;103050;37313;6.2;2.2
93;2021-03-21;813;272;103863;37585;6.2;2.3
93;2021-03-22;3848;623;107711;38208;6.4;2.3
93;2021-03-23;4764;813;112475;39021;6.7;2.3
93;2021-03-24;4113;688;116588;39709;7.0;2.4
93;2021-03-25;5583;869;122171;40578;7.3;2.4
93;2021-03-26;5549;897;127720;41475;7.6;2.5
93;2021-03-27;4282;317;132002;41792;7.9;2.5
93;2021-03-28;613;42;132615;41834;7.9;2.5
93;2021-03-29;3853;968;136468;42802;8.2;2.6
93;2021-03-30;4725;1271;141193;44073;8.5;2.6
93;2021-03-31;3913;1246;145106;45319;8.7;2.7
93;2021-04-01;4056;3149;149162;48468;8.9;2.9
93;2021-04-02;3225;3561;152387;52029;9.1;3.1
93;2021-04-03;2520;2264;154907;54293;9.3;3.3
93;2021-04-04;764;160;155671;54453;9.3;3.3
93;2021-04-05;708;90;156379;54543;9.4;3.3
93;2021-04-06;4561;2353;160940;56896;9.6;3.4
93;2021-04-07;4904;2101;165844;58997;9.9;3.5
93;2021-04-08;5813;2687;171657;61684;10.3;3.7
93;2021-04-09;6093;3188;177750;64872;10.6;3.9
93;2021-04-10;4198;2494;181948;67366;10.9;4.0
93;2021-04-11;576;434;182524;67800;10.9;4.1
93;2021-04-12;4099;2924;186623;70724;11.2;4.2
93;2021-04-13;4601;3663;191224;74387;11.4;4.5
93;2021-04-14;4363;2481;195587;76868;11.7;4.6
93;2021-04-15;4559;3038;200146;79906;12.0;4.8
93;2021-04-16;4440;2995;204586;82901;12.2;5.0
93;2021-04-17;3517;2504;208103;85405;12.5;5.1
93;2021-04-18;291;434;208394;85839;12.5;5.1
93;2021-04-19;3778;2865;212172;88704;12.7;5.3
93;2021-04-20;4308;3276;216480;91980;13.0;5.5
93;2021-04-21;4143;2773;220623;94753;13.2;5.7
93;2021-04-22;4511;4017;225134;98770;13.5;5.9
93;2021-04-23;5625;3243;230759;102013;13.8;6.1
93;2021-04-24;5924;3329;236683;105342;14.2;6.3
93;2021-04-25;1732;595;238415;105937;14.3;6.3
93;2021-04-26;4859;3085;243274;109022;14.6;6.5
93;2021-04-27;6458;3628;249732;112650;15.0;6.7
93;2021-04-28;6077;3435;255809;116085;15.3;7.0
93;2021-04-29;7302;3249;263111;119334;15.8;7.1
93;2021-04-30;8262;3120;271373;122454;16.2;7.3
93;2021-05-01;4949;1192;276322;123646;16.5;7.4
93;2021-05-02;419;647;276741;124293;16.6;7.4
93;2021-05-03;8173;5126;284914;129419;17.1;7.7
93;2021-05-04;7825;5408;292739;134827;17.5;8.1
93;2021-05-05;7577;4812;300316;139639;18.0;8.4
93;2021-05-06;8251;4781;308567;144420;18.5;8.6
93;2021-05-07;7013;5429;315580;149849;18.9;9.0
93;2021-05-08;8363;2393;323943;152242;19.4;9.1
93;2021-05-09;6123;1366;330066;153608;19.8;9.2
93;2021-05-10;8257;4079;338323;157687;20.3;9.4
93;2021-05-11;9309;4814;347632;162501;20.8;9.7
93;2021-05-12;9189;3655;356821;166156;21.4;9.9
93;2021-05-13;8298;1655;365119;167811;21.9;10.0
93;2021-05-14;10424;3535;375543;171346;22.5;10.3
93;2021-05-15;11128;3012;386671;174358;23.2;10.4
93;2021-05-16;5557;728;392228;175086;23.5;10.5
93;2021-05-17;11896;2266;404124;177352;24.2;10.6
93;2021-05-18;14102;2398;418226;179750;25.0;10.8
93;2021-05-19;11435;2951;429661;182701;25.7;10.9
93;2021-05-20;12622;3483;442283;186184;26.5;11.1
93;2021-05-21;13016;2889;455299;189073;27.3;11.3
93;2021-05-22;12386;2204;467685;191277;28.0;11.5
93;2021-05-23;8480;1104;476165;192381;28.5;11.5
93;2021-05-24;11201;1939;487366;194320;29.2;11.6
93;2021-05-25;12295;4316;499661;198636;29.9;11.9
93;2021-05-26;11077;3755;510738;202391;30.6;12.1
93;2021-05-27;12709;3893;523447;206284;31.3;12.4
93;2021-05-28;12653;5262;536100;211546;32.1;12.7
93;2021-05-29;11395;4271;547495;215817;32.8;12.9
93;2021-05-30;8215;1379;555710;217196;33.3;13.0
93;2021-05-31;9182;5182;564892;222378;33.8;13.3
93;2021-06-01;11391;6282;576283;228660;34.5;13.7
93;2021-06-02;10711;5198;586994;233858;35.1;14.0
93;2021-06-03;10816;5520;597810;239378;35.8;14.3
93;2021-06-04;10609;7801;608419;247179;36.4;14.8
93;2021-06-05;9020;7356;617439;254535;37.0;15.2
93;2021-06-06;8407;1748;625846;256283;37.5;15.3
93;2021-06-07;10071;7531;635917;263814;38.1;15.8
93;2021-06-08;10381;7380;646298;271194;38.7;16.2
93;2021-06-09;10241;7295;656539;278489;39.3;16.7
93;2021-06-10;9005;8196;665544;286685;39.8;17.2
93;2021-06-11;8842;8822;674386;295507;40.4;17.7
93;2021-06-12;9869;6659;684255;302166;41.0;18.1
93;2021-06-13;7170;2127;691425;304293;41.4;18.2
93;2021-06-14;5400;9736;696825;314029;41.7;18.8
93;2021-06-15;6241;9662;703066;323691;42.1;19.4
93;2021-06-16;6644;9058;709710;332749;42.5;19.9
93;2021-06-17;5751;8475;715461;341224;42.8;20.4
93;2021-06-18;7224;11125;722685;352349;43.3;21.1
93;2021-06-19;7078;11096;729763;363445;43.7;21.8
93;2021-06-20;4953;6877;734716;370322;44.0;22.2
93;2021-06-21;4071;10733;738787;381055;44.2;22.8
93;2021-06-22;4691;11314;743478;392369;44.5;23.5
93;2021-06-23;4540;10600;748018;402969;44.8;24.1
93;2021-06-24;4207;10301;752225;413270;45.0;24.7
93;2021-06-25;5185;13053;757410;426323;45.3;25.5
93;2021-06-26;5299;13922;762709;440245;45.7;26.4
93;2021-06-27;3291;7108;766000;447353;45.9;26.8
93;2021-06-28;3700;12511;769700;459864;46.1;27.5
93;2021-06-29;4016;12353;773716;472217;46.3;28.3
93;2021-06-30;4136;11306;777852;483523;46.6;29.0
93;2021-07-01;5984;11158;783836;494681;46.9;29.6
93;2021-07-02;5746;12379;789582;507060;47.3;30.4
93;2021-07-03;5371;13448;794953;520508;47.6;31.2
93;2021-07-04;3083;7887;798036;528395;47.8;31.6
93;2021-07-05;4564;10846;802600;539241;48.1;32.3
93;2021-07-06;4820;11760;807420;551001;48.3;33.0
93;2021-07-07;5075;11411;812495;562412;48.6;33.7
93;2021-07-08;5031;10265;817526;572677;48.9;34.3
93;2021-07-09;5913;13031;823439;585708;49.3;35.1
93;2021-07-10;5902;14289;829341;599997;49.7;35.9
93;2021-07-11;3692;9090;833033;609087;49.9;36.5
93;2021-07-12;5571;12075;838604;621162;50.2;37.2
93;2021-07-13;11121;13293;849725;634455;50.9;38.0
93;2021-07-14;10636;6793;860361;641248;51.5;38.4
93;2021-07-15;12498;14132;872859;655380;52.3;39.2
93;2021-07-16;13165;13693;886024;669073;53.1;40.1
93;2021-07-17;11382;13914;897406;682987;53.7;40.9
93;2021-07-18;7405;8954;904811;691941;54.2;41.4
93;2021-07-19;9623;10923;914434;702864;54.8;42.1
93;2021-07-20;12616;10684;927050;713548;55.5;42.7
93;2021-07-21;14217;10946;941267;724494;56.4;43.4
93;2021-07-22;14137;9469;955404;733963;57.2;43.9
93;2021-07-23;14569;10652;969973;744615;58.1;44.6
93;2021-07-24;13920;10629;983893;755244;58.9;45.2
93;2021-07-25;9043;6352;992936;761596;59.5;45.6
93;2021-07-26;12621;7784;1005557;769380;60.2;46.1
93;2021-07-27;15063;7424;1020620;776804;61.1;46.5
93;2021-07-28;14874;8268;1035494;785072;62.0;47.0
93;2021-07-29;13518;7040;1049012;792112;62.8;47.4
93;2021-07-30;13854;7843;1062866;799955;63.6;47.9
93;2021-07-31;12211;7705;1075077;807660;64.4;48.4
93;2021-08-01;7313;4593;1082390;812253;64.8;48.6
93;2021-08-02;7749;5689;1090139;817942;65.3;49.0
93;2021-08-03;7250;6857;1097389;824799;65.7;49.4
93;2021-08-04;7569;7982;1104958;832781;66.2;49.9
93;2021-08-05;5763;6850;1110721;839631;66.5;50.3
93;2021-08-06;6849;8325;1117570;847956;66.9;50.8
93;2021-08-07;7292;9045;1124862;857001;67.4;51.3
93;2021-08-08;4400;5547;1129262;862548;67.6;51.6
93;2021-08-09;6638;8069;1135900;870617;68.0;52.1
93;2021-08-10;7149;8835;1143049;879452;68.4;52.7
93;2021-08-11;7286;9683;1150335;889135;68.9;53.2
93;2021-08-12;6181;9017;1156516;898152;69.2;53.8
93;2021-08-13;6235;9006;1162751;907158;69.6;54.3
93;2021-08-14;5768;10473;1168519;917631;70.0;54.9
93;2021-08-15;2651;3612;1171170;921243;70.1;55.2
93;2021-08-16;5391;11195;1176561;932438;70.4;55.8
93;2021-08-17;5765;10902;1182326;943340;70.8;56.5
93;2021-08-18;5374;11167;1187700;954507;71.1;57.2
93;2021-08-19;4421;9652;1192121;964159;71.4;57.7
93;2021-08-20;4720;11206;1196841;975365;71.7;58.4
93;2021-08-21;4189;11928;1201030;987293;71.9;59.1
93;2021-08-22;2163;7046;1203193;994339;72.0;59.5
93;2021-08-23;4265;9301;1207458;1003640;72.3;60.1
93;2021-08-24;4270;8402;1211728;1012042;72.6;60.6
93;2021-08-25;4112;8576;1215840;1020618;72.8;61.1
93;2021-08-26;3565;7065;1219405;1027683;73.0;61.5
93;2021-08-27;3813;8492;1223218;1036175;73.2;62.0
93;2021-08-28;3721;9530;1226939;1045705;73.5;62.6
93;2021-08-29;1718;4795;1228657;1050500;73.6;62.9
93;2021-08-30;2906;7567;1231563;1058067;73.7;63.4
93;2021-08-31;2948;7719;1234511;1065786;73.9;63.8
94;2020-12-27;6;0;6;0;0.0;0.0
94;2020-12-28;10;0;16;0;0.0;0.0
94;2020-12-29;0;0;16;0;0.0;0.0
94;2020-12-30;1;0;17;0;0.0;0.0
94;2020-12-31;5;0;22;0;0.0;0.0
94;2021-01-01;4;0;26;0;0.0;0.0
94;2021-01-02;0;0;26;0;0.0;0.0
94;2021-01-03;3;0;29;0;0.0;0.0
94;2021-01-04;37;2;66;2;0.0;0.0
94;2021-01-05;231;2;297;4;0.0;0.0
94;2021-01-06;332;4;629;8;0.0;0.0
94;2021-01-07;691;11;1320;19;0.1;0.0
94;2021-01-08;922;10;2242;29;0.2;0.0
94;2021-01-09;47;0;2289;29;0.2;0.0
94;2021-01-10;18;0;2307;29;0.2;0.0
94;2021-01-11;1013;9;3320;38;0.2;0.0
94;2021-01-12;1345;26;4665;64;0.3;0.0
94;2021-01-13;1407;24;6072;88;0.4;0.0
94;2021-01-14;1543;28;7615;116;0.5;0.0
94;2021-01-15;1221;23;8836;139;0.6;0.0
94;2021-01-16;197;1;9033;140;0.6;0.0
94;2021-01-17;98;0;9131;140;0.6;0.0
94;2021-01-18;1498;26;10629;166;0.8;0.0
94;2021-01-19;1951;28;12580;194;0.9;0.0
94;2021-01-20;2182;22;14762;216;1.0;0.0
94;2021-01-21;3002;17;17764;233;1.3;0.0
94;2021-01-22;2189;18;19953;251;1.4;0.0
94;2021-01-23;732;3;20685;254;1.5;0.0
94;2021-01-24;284;0;20969;254;1.5;0.0
94;2021-01-25;1467;23;22436;277;1.6;0.0
94;2021-01-26;1575;20;24011;297;1.7;0.0
94;2021-01-27;1835;31;25846;328;1.8;0.0
94;2021-01-28;1537;133;27383;461;1.9;0.0
94;2021-01-29;1380;148;28763;609;2.0;0.0
94;2021-01-30;580;4;29343;613;2.1;0.0
94;2021-01-31;121;8;29464;621;2.1;0.0
94;2021-02-01;929;151;30393;772;2.2;0.1
94;2021-02-02;852;251;31245;1023;2.2;0.1
94;2021-02-03;762;366;32007;1389;2.3;0.1
94;2021-02-04;901;426;32908;1815;2.3;0.1
94;2021-02-05;873;572;33781;2387;2.4;0.2
94;2021-02-06;405;73;34186;2460;2.4;0.2
94;2021-02-07;122;0;34308;2460;2.4;0.2
94;2021-02-08;634;544;34942;3004;2.5;0.2
94;2021-02-09;1036;987;35978;3991;2.6;0.3
94;2021-02-10;1101;1355;37079;5346;2.6;0.4
94;2021-02-11;1429;1553;38508;6899;2.7;0.5
94;2021-02-12;1390;1644;39898;8543;2.8;0.6
94;2021-02-13;300;259;40198;8802;2.9;0.6
94;2021-02-14;30;72;40228;8874;2.9;0.6
94;2021-02-15;752;1747;40980;10621;2.9;0.8
94;2021-02-16;702;2707;41682;13328;3.0;0.9
94;2021-02-17;716;1578;42398;14906;3.0;1.1
94;2021-02-18;788;1696;43186;16602;3.1;1.2
94;2021-02-19;966;1445;44152;18047;3.1;1.3
94;2021-02-20;133;909;44285;18956;3.1;1.3
94;2021-02-21;21;180;44306;19136;3.2;1.4
94;2021-02-22;523;1334;44829;20470;3.2;1.5
94;2021-02-23;624;1270;45453;21740;3.2;1.5
94;2021-02-24;693;914;46146;22654;3.3;1.6
94;2021-02-25;1070;1545;47216;24199;3.4;1.7
94;2021-02-26;1324;1069;48540;25268;3.5;1.8
94;2021-02-27;515;550;49055;25818;3.5;1.8
94;2021-02-28;91;84;49146;25902;3.5;1.8
94;2021-03-01;883;940;50029;26842;3.6;1.9
94;2021-03-02;1567;991;51596;27833;3.7;2.0
94;2021-03-03;1948;1025;53544;28858;3.8;2.1
94;2021-03-04;2861;1192;56405;30050;4.0;2.1
94;2021-03-05;3835;1359;60240;31409;4.3;2.2
94;2021-03-06;4818;595;65058;32004;4.6;2.3
94;2021-03-07;3689;566;68747;32570;4.9;2.3
94;2021-03-08;1918;809;70665;33379;5.0;2.4
94;2021-03-09;2555;937;73220;34316;5.2;2.4
94;2021-03-10;3200;1052;76420;35368;5.4;2.5
94;2021-03-11;3840;950;80260;36318;5.7;2.6
94;2021-03-12;4581;839;84841;37157;6.0;2.6
94;2021-03-13;4131;405;88972;37562;6.3;2.7
94;2021-03-14;2115;160;91087;37722;6.5;2.7
94;2021-03-15;3170;803;94257;38525;6.7;2.7
94;2021-03-16;2775;450;97032;38975;6.9;2.8
94;2021-03-17;2859;469;99891;39444;7.1;2.8
94;2021-03-18;3263;447;103154;39891;7.3;2.8
94;2021-03-19;4272;721;107426;40612;7.6;2.9
94;2021-03-20;3692;302;111118;40914;7.9;2.9
94;2021-03-21;1464;392;112582;41306;8.0;2.9
94;2021-03-22;3218;679;115800;41985;8.2;3.0
94;2021-03-23;4512;745;120312;42730;8.6;3.0
94;2021-03-24;4628;636;124940;43366;8.9;3.1
94;2021-03-25;6323;681;131263;44047;9.3;3.1
94;2021-03-26;6088;846;137351;44893;9.8;3.2
94;2021-03-27;4472;283;141823;45176;10.1;3.2
94;2021-03-28;1889;108;143712;45284;10.2;3.2
94;2021-03-29;4124;1237;147836;46521;10.5;3.3
94;2021-03-30;5300;1361;153136;47882;10.9;3.4
94;2021-03-31;4904;1819;158040;49701;11.2;3.5
94;2021-04-01;5829;2322;163869;52023;11.7;3.7
94;2021-04-02;5247;2336;169116;54359;12.0;3.9
94;2021-04-03;3088;2526;172204;56885;12.2;4.0
94;2021-04-04;1052;779;173256;57664;12.3;4.1
94;2021-04-05;837;163;174093;57827;12.4;4.1
94;2021-04-06;3579;2598;177672;60425;12.6;4.3
94;2021-04-07;3867;2277;181539;62702;12.9;4.5
94;2021-04-08;4624;2073;186163;64775;13.2;4.6
94;2021-04-09;5363;2487;191526;67262;13.6;4.8
94;2021-04-10;2959;3008;194485;70270;13.8;5.0
94;2021-04-11;1268;1769;195753;72039;13.9;5.1
94;2021-04-12;3440;2293;199193;74332;14.2;5.3
94;2021-04-13;4313;3425;203506;77757;14.5;5.5
94;2021-04-14;3906;2704;207412;80461;14.8;5.7
94;2021-04-15;4444;3000;211856;83461;15.1;5.9
94;2021-04-16;4707;2847;216563;86308;15.4;6.1
94;2021-04-17;2462;2770;219025;89078;15.6;6.3
94;2021-04-18;921;1245;219946;90323;15.6;6.4
94;2021-04-19;2975;2447;222921;92770;15.9;6.6
94;2021-04-20;3272;2714;226193;95484;16.1;6.8
94;2021-04-21;3219;3169;229412;98653;16.3;7.0
94;2021-04-22;3913;3655;233325;102308;16.6;7.3
94;2021-04-23;4116;3995;237441;106303;16.9;7.6
94;2021-04-24;4264;3410;241705;109713;17.2;7.8
94;2021-04-25;2409;1506;244114;111219;17.4;7.9
94;2021-04-26;4012;3285;248126;114504;17.6;8.1
94;2021-04-27;5095;3380;253221;117884;18.0;8.4
94;2021-04-28;4831;3640;258052;121524;18.4;8.6
94;2021-04-29;6419;3822;264471;125346;18.8;8.9
94;2021-04-30;6487;3946;270958;129292;19.3;9.2
94;2021-05-01;4057;1064;275015;130356;19.6;9.3
94;2021-05-02;3054;1474;278069;131830;19.8;9.4
94;2021-05-03;5737;5344;283806;137174;20.2;9.8
94;2021-05-04;6100;3577;289906;140751;20.6;10.0
94;2021-05-05;6185;3431;296091;144182;21.1;10.3
94;2021-05-06;7157;3542;303248;147724;21.6;10.5
94;2021-05-07;6675;4127;309923;151851;22.0;10.8
94;2021-05-08;4902;2556;314825;154407;22.4;11.0
94;2021-05-09;4226;2255;319051;156662;22.7;11.1
94;2021-05-10;7718;3135;326769;159797;23.2;11.4
94;2021-05-11;8976;3939;335745;163736;23.9;11.6
94;2021-05-12;9576;3606;345321;167342;24.6;11.9
94;2021-05-13;8677;1370;353998;168712;25.2;12.0
94;2021-05-14;9874;3321;363872;172033;25.9;12.2
94;2021-05-15;8942;2169;372814;174202;26.5;12.4
94;2021-05-16;5069;912;377883;175114;26.9;12.5
94;2021-05-17;10838;2257;388721;177371;27.6;12.6
94;2021-05-18;11296;2456;400017;179827;28.4;12.8
94;2021-05-19;11671;3604;411688;183431;29.3;13.0
94;2021-05-20;12153;4361;423841;187792;30.1;13.4
94;2021-05-21;11880;3163;435721;190955;31.0;13.6
94;2021-05-22;10290;1973;446011;192928;31.7;13.7
94;2021-05-23;5003;711;451014;193639;32.1;13.8
94;2021-05-24;9665;1347;460679;194986;32.8;13.9
94;2021-05-25;10004;4268;470683;199254;33.5;14.2
94;2021-05-26;10282;3317;480965;202571;34.2;14.4
94;2021-05-27;10869;4590;491834;207161;35.0;14.7
94;2021-05-28;10450;4954;502284;212115;35.7;15.1
94;2021-05-29;9873;3460;512157;215575;36.4;15.3
94;2021-05-30;4788;931;516945;216506;36.8;15.4
94;2021-05-31;9989;4237;526934;220743;37.5;15.7
94;2021-06-01;10320;5109;537254;225852;38.2;16.1
94;2021-06-02;9365;4594;546619;230446;38.9;16.4
94;2021-06-03;9566;5602;556185;236048;39.6;16.8
94;2021-06-04;10415;6541;566600;242589;40.3;17.3
94;2021-06-05;9201;6263;575801;248852;41.0;17.7
94;2021-06-06;3984;1849;579785;250701;41.2;17.8
94;2021-06-07;8677;5983;588462;256684;41.9;18.3
94;2021-06-08;9013;7536;597475;264220;42.5;18.8
94;2021-06-09;8953;8165;606428;272385;43.1;19.4
94;2021-06-10;8811;10986;615239;283371;43.8;20.2
94;2021-06-11;7854;8396;623093;291767;44.3;20.8
94;2021-06-12;10265;6853;633358;298620;45.0;21.2
94;2021-06-13;3470;3261;636828;301881;45.3;21.5
94;2021-06-14;6966;8215;643794;310096;45.8;22.1
94;2021-06-15;7735;8819;651529;318915;46.3;22.7
94;2021-06-16;7241;8276;658770;327191;46.9;23.3
94;2021-06-17;6706;9071;665476;336262;47.3;23.9
94;2021-06-18;6581;11960;672057;348222;47.8;24.8
94;2021-06-19;6012;9596;678069;357818;48.2;25.4
94;2021-06-20;1889;4010;679958;361828;48.4;25.7
94;2021-06-21;4532;11186;684490;373014;48.7;26.5
94;2021-06-22;4844;10811;689334;383825;49.0;27.3
94;2021-06-23;4174;11161;693508;394986;49.3;28.1
94;2021-06-24;4972;10337;698480;405323;49.7;28.8
94;2021-06-25;4293;13740;702773;419063;50.0;29.8
94;2021-06-26;3141;12001;705914;431064;50.2;30.7
94;2021-06-27;1059;4997;706973;436061;50.3;31.0
94;2021-06-28;3501;12080;710474;448141;50.5;31.9
94;2021-06-29;4049;12186;714523;460327;50.8;32.7
94;2021-06-30;4457;11650;718980;471977;51.1;33.6
94;2021-07-01;5558;11119;724538;483096;51.5;34.4
94;2021-07-02;5654;12202;730192;495298;51.9;35.2
94;2021-07-03;3719;11806;733911;507104;52.2;36.1
94;2021-07-04;1515;5087;735426;512191;52.3;36.4
94;2021-07-05;4538;11438;739964;523629;52.6;37.2
94;2021-07-06;4632;10901;744596;534530;53.0;38.0
94;2021-07-07;5034;11084;749630;545614;53.3;38.8
94;2021-07-08;5139;10030;754769;555644;53.7;39.5
94;2021-07-09;6082;11872;760851;567516;54.1;40.4
94;2021-07-10;4116;11367;764967;578883;54.4;41.2
94;2021-07-11;1555;4718;766522;583601;54.5;41.5
94;2021-07-12;4326;11972;770848;595573;54.8;42.4
94;2021-07-13;6423;12047;777271;607620;55.3;43.2
94;2021-07-14;4194;5293;781465;612913;55.6;43.6
94;2021-07-15;7255;12372;788720;625285;56.1;44.5
94;2021-07-16;7727;11311;796447;636596;56.6;45.3
94;2021-07-17;6099;11325;802546;647921;57.1;46.1
94;2021-07-18;2628;4023;805174;651944;57.3;46.4
94;2021-07-19;6929;10445;812103;662389;57.8;47.1
94;2021-07-20;8512;10385;820615;672774;58.4;47.8
94;2021-07-21;8754;9584;829369;682358;59.0;48.5
94;2021-07-22;9756;9424;839125;691782;59.7;49.2
94;2021-07-23;9278;9416;848403;701198;60.3;49.9
94;2021-07-24;7202;8881;855605;710079;60.9;50.5
94;2021-07-25;2191;2738;857796;712817;61.0;50.7
94;2021-07-26;8020;8091;865816;720908;61.6;51.3
94;2021-07-27;8760;7137;874576;728045;62.2;51.8
94;2021-07-28;9055;6571;883631;734616;62.8;52.2
94;2021-07-29;9027;6354;892658;740970;63.5;52.7
94;2021-07-30;7928;6587;900586;747557;64.1;53.2
94;2021-07-31;7212;6306;907798;753863;64.6;53.6
94;2021-08-01;3197;1786;910995;755649;64.8;53.7
94;2021-08-02;6361;5480;917356;761129;65.2;54.1
94;2021-08-03;6242;5202;923598;766331;65.7;54.5
94;2021-08-04;6171;5128;929769;771459;66.1;54.9
94;2021-08-05;5763;5456;935532;776915;66.5;55.3
94;2021-08-06;5544;5830;941076;782745;66.9;55.7
94;2021-08-07;4222;4472;945298;787217;67.2;56.0
94;2021-08-08;1356;1710;946654;788927;67.3;56.1
94;2021-08-09;4843;6802;951497;795729;67.7;56.6
94;2021-08-10;5316;6534;956813;802263;68.1;57.1
94;2021-08-11;4195;5912;961008;808175;68.3;57.5
94;2021-08-12;4308;6497;965316;814672;68.7;57.9
94;2021-08-13;3666;5789;968982;820461;68.9;58.4
94;2021-08-14;2854;5738;971836;826199;69.1;58.8
94;2021-08-15;448;734;972284;826933;69.2;58.8
94;2021-08-16;3454;8279;975738;835212;69.4;59.4
94;2021-08-17;3329;8131;979067;843343;69.6;60.0
94;2021-08-18;3225;8607;982292;851950;69.9;60.6
94;2021-08-19;3260;6891;985552;858841;70.1;61.1
94;2021-08-20;2929;7736;988481;866577;70.3;61.6
94;2021-08-21;2515;7156;990996;873733;70.5;62.1
94;2021-08-22;888;2733;991884;876466;70.5;62.3
94;2021-08-23;2786;8449;994670;884915;70.7;62.9
94;2021-08-24;3062;7489;997732;892404;71.0;63.5
94;2021-08-25;2697;6718;1000429;899122;71.2;63.9
94;2021-08-26;2520;6109;1002949;905231;71.3;64.4
94;2021-08-27;2581;6535;1005530;911766;71.5;64.8
94;2021-08-28;2534;6480;1008064;918246;71.7;65.3
94;2021-08-29;862;2335;1008926;920581;71.8;65.5
94;2021-08-30;2713;7851;1011639;928432;71.9;66.0
94;2021-08-31;2529;7385;1014168;935817;72.1;66.6
95;2020-12-27;3;0;3;0;0.0;0.0
95;2020-12-28;4;0;7;0;0.0;0.0
95;2020-12-29;0;0;7;0;0.0;0.0
95;2020-12-30;0;0;7;0;0.0;0.0
95;2020-12-31;2;0;9;0;0.0;0.0
95;2021-01-01;0;0;9;0;0.0;0.0
95;2021-01-02;13;0;22;0;0.0;0.0
95;2021-01-03;1;0;23;0;0.0;0.0
95;2021-01-04;49;0;72;0;0.0;0.0
95;2021-01-05;312;0;384;0;0.0;0.0
95;2021-01-06;192;0;576;0;0.0;0.0
95;2021-01-07;130;1;706;1;0.1;0.0
95;2021-01-08;277;2;983;3;0.1;0.0
95;2021-01-09;251;0;1234;3;0.1;0.0
95;2021-01-10;383;1;1617;4;0.1;0.0
95;2021-01-11;492;1;2109;5;0.2;0.0
95;2021-01-12;862;1;2971;6;0.2;0.0
95;2021-01-13;781;12;3752;18;0.3;0.0
95;2021-01-14;887;12;4639;30;0.4;0.0
95;2021-01-15;758;5;5397;35;0.4;0.0
95;2021-01-16;298;3;5695;38;0.5;0.0
95;2021-01-17;221;1;5916;39;0.5;0.0
95;2021-01-18;1338;6;7254;45;0.6;0.0
95;2021-01-19;1574;6;8828;51;0.7;0.0
95;2021-01-20;2040;5;10868;56;0.9;0.0
95;2021-01-21;1853;5;12721;61;1.0;0.0
95;2021-01-22;1326;5;14047;66;1.1;0.0
95;2021-01-23;648;0;14695;66;1.2;0.0
95;2021-01-24;181;0;14876;66;1.2;0.0
95;2021-01-25;796;37;15672;103;1.3;0.0
95;2021-01-26;987;160;16659;263;1.3;0.0
95;2021-01-27;1251;190;17910;453;1.4;0.0
95;2021-01-28;1720;36;19630;489;1.6;0.0
95;2021-01-29;1248;208;20878;697;1.7;0.1
95;2021-01-30;477;5;21355;702;1.7;0.1
95;2021-01-31;212;1;21567;703;1.7;0.1
95;2021-02-01;566;273;22133;976;1.8;0.1
95;2021-02-02;527;270;22660;1246;1.8;0.1
95;2021-02-03;613;517;23273;1763;1.9;0.1
95;2021-02-04;1065;367;24338;2130;1.9;0.2
95;2021-02-05;733;305;25071;2435;2.0;0.2
95;2021-02-06;335;249;25406;2684;2.0;0.2
95;2021-02-07;141;404;25547;3088;2.0;0.2
95;2021-02-08;765;338;26312;3426;2.1;0.3
95;2021-02-09;1131;1093;27443;4519;2.2;0.4
95;2021-02-10;1261;1412;28704;5931;2.3;0.5
95;2021-02-11;1387;1142;30091;7073;2.4;0.6
95;2021-02-12;1032;981;31123;8054;2.5;0.6
95;2021-02-13;329;316;31452;8370;2.5;0.7
95;2021-02-14;41;180;31493;8550;2.5;0.7
95;2021-02-15;427;1039;31920;9589;2.6;0.8
95;2021-02-16;493;895;32413;10484;2.6;0.8
95;2021-02-17;654;1115;33067;11599;2.6;0.9
95;2021-02-18;724;1661;33791;13260;2.7;1.1
95;2021-02-19;783;1288;34574;14548;2.8;1.2
95;2021-02-20;305;481;34879;15029;2.8;1.2
95;2021-02-21;165;313;35044;15342;2.8;1.2
95;2021-02-22;327;1009;35371;16351;2.8;1.3
95;2021-02-23;368;725;35739;17076;2.9;1.4
95;2021-02-24;310;876;36049;17952;2.9;1.4
95;2021-02-25;726;1118;36775;19070;2.9;1.5
95;2021-02-26;989;878;37764;19948;3.0;1.6
95;2021-02-27;365;425;38129;20373;3.1;1.6
95;2021-02-28;61;233;38190;20606;3.1;1.7
95;2021-03-01;770;590;38960;21196;3.1;1.7
95;2021-03-02;1321;854;40281;22050;3.2;1.8
95;2021-03-03;1597;982;41878;23032;3.4;1.8
95;2021-03-04;3192;1201;45070;24233;3.6;1.9
95;2021-03-05;3651;1098;48721;25331;3.9;2.0
95;2021-03-06;4005;505;52726;25836;4.2;2.1
95;2021-03-07;4222;323;56948;26159;4.6;2.1
95;2021-03-08;1541;872;58489;27031;4.7;2.2
95;2021-03-09;2621;507;61110;27538;4.9;2.2
95;2021-03-10;2341;856;63451;28394;5.1;2.3
95;2021-03-11;3138;1150;66589;29544;5.3;2.4
95;2021-03-12;3520;805;70109;30349;5.6;2.4
95;2021-03-13;3519;420;73628;30769;5.9;2.5
95;2021-03-14;1983;304;75611;31073;6.1;2.5
95;2021-03-15;2373;320;77984;31393;6.2;2.5
95;2021-03-16;1574;421;79558;31814;6.4;2.5
95;2021-03-17;2104;420;81662;32234;6.5;2.6
95;2021-03-18;2798;373;84460;32607;6.8;2.6
95;2021-03-19;3476;367;87936;32974;7.0;2.6
95;2021-03-20;2592;205;90528;33179;7.3;2.7
95;2021-03-21;1203;249;91731;33428;7.3;2.7
95;2021-03-22;2938;370;94669;33798;7.6;2.7
95;2021-03-23;3437;462;98106;34260;7.9;2.7
95;2021-03-24;3944;519;102050;34779;8.2;2.8
95;2021-03-25;5859;657;107909;35436;8.6;2.8
95;2021-03-26;5430;688;113339;36124;9.1;2.9
95;2021-03-27;3749;221;117088;36345;9.4;2.9
95;2021-03-28;1533;119;118621;36464;9.5;2.9
95;2021-03-29;2894;578;121515;37042;9.7;3.0
95;2021-03-30;3886;1246;125401;38288;10.0;3.1
95;2021-03-31;3658;1668;129059;39956;10.3;3.2
95;2021-04-01;5484;2278;134543;42234;10.8;3.4
95;2021-04-02;3561;2766;138104;45000;11.1;3.6
95;2021-04-03;2095;2489;140199;47489;11.2;3.8
95;2021-04-04;1247;1204;141446;48693;11.3;3.9
95;2021-04-05;596;64;142042;48757;11.4;3.9
95;2021-04-06;1857;1539;143899;50296;11.5;4.0
95;2021-04-07;4953;2194;148852;52490;11.9;4.2
95;2021-04-08;4898;2464;153750;54954;12.3;4.4
95;2021-04-09;5435;2339;159185;57293;12.8;4.6
95;2021-04-10;3709;1434;162894;58727;13.0;4.7
95;2021-04-11;1567;1038;164461;59765;13.2;4.8
95;2021-04-12;3253;1619;167714;61384;13.4;4.9
95;2021-04-13;3141;1689;170855;63073;13.7;5.1
95;2021-04-14;2751;1996;173606;65069;13.9;5.2
95;2021-04-15;3901;3347;177507;68416;14.2;5.5
95;2021-04-16;4064;3038;181571;71454;14.5;5.7
95;2021-04-17;2375;1757;183946;73211;14.7;5.9
95;2021-04-18;1510;1018;185456;74229;14.9;5.9
95;2021-04-19;2569;2371;188025;76600;15.1;6.1
95;2021-04-20;2121;2457;190146;79057;15.2;6.3
95;2021-04-21;3931;2635;194077;81692;15.5;6.5
95;2021-04-22;3411;4633;197488;86325;15.8;6.9
95;2021-04-23;2767;3561;200255;89886;16.0;7.2
95;2021-04-24;3572;2590;203827;92476;16.3;7.4
95;2021-04-25;1961;1550;205788;94026;16.5;7.5
95;2021-04-26;2751;2703;208539;96729;16.7;7.7
95;2021-04-27;3851;2177;212390;98906;17.0;7.9
95;2021-04-28;3889;2674;216279;101580;17.3;8.1
95;2021-04-29;6142;4555;222421;106135;17.8;8.5
95;2021-04-30;6904;2940;229325;109075;18.4;8.7
95;2021-05-01;2368;919;231693;109994;18.6;8.8
95;2021-05-02;2448;1502;234141;111496;18.8;8.9
95;2021-05-03;5126;1930;239267;113426;19.2;9.1
95;2021-05-04;6354;2724;245621;116150;19.7;9.3
95;2021-05-05;5146;3807;250767;119957;20.1;9.6
95;2021-05-06;8202;4932;258969;124889;20.7;10.0
95;2021-05-07;5777;4757;264746;129646;21.2;10.4
95;2021-05-08;5743;1531;270489;131177;21.7;10.5
95;2021-05-09;2827;1588;273316;132765;21.9;10.6
95;2021-05-10;9966;3193;283282;135958;22.7;10.9
95;2021-05-11;8448;3464;291730;139422;23.4;11.2
95;2021-05-12;9465;3222;301195;142644;24.1;11.4
95;2021-05-13;7956;1203;309151;143847;24.8;11.5
95;2021-05-14;7015;1909;316166;145756;25.3;11.7
95;2021-05-15;4515;1073;320681;146829;25.7;11.8
95;2021-05-16;4825;838;325506;147667;26.1;11.8
95;2021-05-17;7743;1351;333249;149018;26.7;11.9
95;2021-05-18;9468;1860;342717;150878;27.5;12.1
95;2021-05-19;9244;2506;351961;153384;28.2;12.3
95;2021-05-20;12586;2453;364547;155837;29.2;12.5
95;2021-05-21;10176;2539;374723;158376;30.0;12.7
95;2021-05-22;9396;1569;384119;159945;30.8;12.8
95;2021-05-23;4143;959;388262;160904;31.1;12.9
95;2021-05-24;2398;538;390660;161442;31.3;12.9
95;2021-05-25;7209;2081;397869;163523;31.9;13.1
95;2021-05-26;8851;3126;406720;166649;32.6;13.3
95;2021-05-27;10364;4439;417084;171088;33.4;13.7
95;2021-05-28;7687;4425;424771;175513;34.0;14.1
95;2021-05-29;5266;2764;430037;178277;34.4;14.3
95;2021-05-30;3730;1702;433767;179979;34.7;14.4
95;2021-05-31;6430;3332;440197;183311;35.3;14.7
95;2021-06-01;8784;3810;448981;187121;36.0;15.0
95;2021-06-02;8800;4746;457781;191867;36.7;15.4
95;2021-06-03;8529;6563;466310;198430;37.4;15.9
95;2021-06-04;8888;4403;475198;202833;38.1;16.2
95;2021-06-05;8342;3747;483540;206580;38.7;16.5
95;2021-06-06;4837;1615;488377;208195;39.1;16.7
95;2021-06-07;6061;4546;494438;212741;39.6;17.0
95;2021-06-08;6555;5517;500993;218258;40.1;17.5
95;2021-06-09;6266;6471;507259;224729;40.6;18.0
95;2021-06-10;6434;6818;513693;231547;41.1;18.5
95;2021-06-11;7235;6442;520928;237989;41.7;19.1
95;2021-06-12;6006;4375;526934;242364;42.2;19.4
95;2021-06-13;2084;3284;529018;245648;42.4;19.7
95;2021-06-14;5372;5990;534390;251638;42.8;20.2
95;2021-06-15;5744;8074;540134;259712;43.3;20.8
95;2021-06-16;5491;7535;545625;267247;43.7;21.4
95;2021-06-17;6607;8165;552232;275412;44.2;22.1
95;2021-06-18;5833;7857;558065;283269;44.7;22.7
95;2021-06-19;4969;8925;563034;292194;45.1;23.4
95;2021-06-20;1430;3312;564464;295506;45.2;23.7
95;2021-06-21;3542;7717;568006;303223;45.5;24.3
95;2021-06-22;5071;9049;573077;312272;45.9;25.0
95;2021-06-23;4782;10877;577859;323149;46.3;25.9
95;2021-06-24;4941;10723;582800;333872;46.7;26.7
95;2021-06-25;4890;10357;587690;344229;47.1;27.6
95;2021-06-26;4325;8485;592015;352714;47.4;28.3
95;2021-06-27;1035;3996;593050;356710;47.5;28.6
95;2021-06-28;2742;9491;595792;366201;47.7;29.3
95;2021-06-29;2537;8788;598329;374989;47.9;30.0
95;2021-06-30;3954;9995;602283;384984;48.2;30.8
95;2021-07-01;4748;11163;607031;396147;48.6;31.7
95;2021-07-02;4275;10550;611306;406697;49.0;32.6
95;2021-07-03;3538;9158;614844;415855;49.3;33.3
95;2021-07-04;1274;3403;616118;419258;49.4;33.6
95;2021-07-05;2356;4376;618474;423634;49.5;33.9
95;2021-07-06;2695;7751;621169;431385;49.8;34.6
95;2021-07-07;3962;9623;625131;441008;50.1;35.3
95;2021-07-08;5317;9819;630448;450827;50.5;36.1
95;2021-07-09;4555;10076;635003;460903;50.9;36.9
95;2021-07-10;3397;7390;638400;468293;51.1;37.5
95;2021-07-11;1528;3603;639928;471896;51.3;37.8
95;2021-07-12;2987;9688;642915;481584;51.5;38.6
95;2021-07-13;5059;10070;647974;491654;51.9;39.4
95;2021-07-14;4428;5734;652402;497388;52.3;39.8
95;2021-07-15;7399;12358;659801;509746;52.9;40.8
95;2021-07-16;7979;11990;667780;521736;53.5;41.8
95;2021-07-17;5057;7821;672837;529557;53.9;42.4
95;2021-07-18;3491;2906;676328;532463;54.2;42.7
95;2021-07-19;4837;6864;681165;539327;54.6;43.2
95;2021-07-20;6953;8376;688118;547703;55.1;43.9
95;2021-07-21;9258;9443;697376;557146;55.9;44.6
95;2021-07-22;10142;9713;707518;566859;56.7;45.4
95;2021-07-23;10908;10202;718426;577061;57.5;46.2
95;2021-07-24;5259;6233;723685;583294;58.0;46.7
95;2021-07-25;2246;2283;725931;585577;58.2;46.9
95;2021-07-26;4510;4016;730441;589593;58.5;47.2
95;2021-07-27;8503;7041;738944;596634;59.2;47.8
95;2021-07-28;9712;7553;748656;604187;60.0;48.4
95;2021-07-29;8426;5464;757082;609651;60.6;48.8
95;2021-07-30;8505;7770;765587;617421;61.3;49.5
95;2021-07-31;4236;4117;769823;621538;61.7;49.8
95;2021-08-01;2323;1372;772146;622910;61.9;49.9
95;2021-08-02;4137;3908;776283;626818;62.2;50.2
95;2021-08-03;6133;5531;782416;632349;62.7;50.7
95;2021-08-04;6479;6083;788895;638432;63.2;51.1
95;2021-08-05;6858;5721;795753;644153;63.7;51.6
95;2021-08-06;6492;7079;802245;651232;64.3;52.2
95;2021-08-07;2831;3203;805076;654435;64.5;52.4
95;2021-08-08;1366;1890;806442;656325;64.6;52.6
95;2021-08-09;3899;5036;810341;661361;64.9;53.0
95;2021-08-10;5210;5849;815551;667210;65.3;53.4
95;2021-08-11;5315;6553;820866;673763;65.8;54.0
95;2021-08-12;5185;6352;826051;680115;66.2;54.5
95;2021-08-13;3798;5467;829849;685582;66.5;54.9
95;2021-08-14;3543;3315;833392;688897;66.8;55.2
95;2021-08-15;270;351;833662;689248;66.8;55.2
95;2021-08-16;2794;6042;836456;695290;67.0;55.7
95;2021-08-17;3549;7257;840005;702547;67.3;56.3
95;2021-08-18;4225;8071;844230;710618;67.6;56.9
95;2021-08-19;3706;6580;847936;717198;67.9;57.5
95;2021-08-20;3752;7920;851688;725118;68.2;58.1
95;2021-08-21;2701;4293;854389;729411;68.4;58.4
95;2021-08-22;826;2390;855215;731801;68.5;58.6
95;2021-08-23;2452;5643;857667;737444;68.7;59.1
95;2021-08-24;2909;6451;860576;743895;68.9;59.6
95;2021-08-25;3737;8272;864313;752167;69.2;60.3
95;2021-08-26;3120;7525;867433;759692;69.5;60.9
95;2021-08-27;3421;8708;870854;768400;69.8;61.6
95;2021-08-28;2769;5470;873623;773870;70.0;62.0
95;2021-08-29;618;1704;874241;775574;70.0;62.1
95;2021-08-30;2728;6174;876969;781748;70.3;62.6
95;2021-08-31;2750;6475;879719;788223;70.5;63.1
971;2020-12-27;0;0;0;0;0.0;0.0
971;2020-12-28;0;0;0;0;0.0;0.0
971;2020-12-29;0;0;0;0;0.0;0.0
971;2020-12-30;0;0;0;0;0.0;0.0
971;2020-12-31;0;0;0;0;0.0;0.0
971;2021-01-01;1;0;1;0;0.0;0.0
971;2021-01-02;0;0;1;0;0.0;0.0
971;2021-01-03;0;0;1;0;0.0;0.0
971;2021-01-04;1;0;2;0;0.0;0.0
971;2021-01-05;0;0;2;0;0.0;0.0
971;2021-01-06;1;0;3;0;0.0;0.0
971;2021-01-07;0;0;3;0;0.0;0.0
971;2021-01-08;56;1;59;1;0.0;0.0
971;2021-01-09;20;0;79;1;0.0;0.0
971;2021-01-10;0;0;79;1;0.0;0.0
971;2021-01-11;60;0;139;1;0.0;0.0
971;2021-01-12;45;0;184;1;0.0;0.0
971;2021-01-13;47;1;231;2;0.1;0.0
971;2021-01-14;63;0;294;2;0.1;0.0
971;2021-01-15;77;0;371;2;0.1;0.0
971;2021-01-16;0;0;371;2;0.1;0.0
971;2021-01-17;0;0;371;2;0.1;0.0
971;2021-01-18;81;1;452;3;0.1;0.0
971;2021-01-19;145;0;597;3;0.2;0.0
971;2021-01-20;135;0;732;3;0.2;0.0
971;2021-01-21;154;1;886;4;0.2;0.0
971;2021-01-22;135;0;1021;4;0.3;0.0
971;2021-01-23;1;0;1022;4;0.3;0.0
971;2021-01-24;0;0;1022;4;0.3;0.0
971;2021-01-25;202;1;1224;5;0.3;0.0
971;2021-01-26;217;1;1441;6;0.4;0.0
971;2021-01-27;236;0;1677;6;0.4;0.0
971;2021-01-28;242;4;1919;10;0.5;0.0
971;2021-01-29;197;2;2116;12;0.6;0.0
971;2021-01-30;25;0;2141;12;0.6;0.0
971;2021-01-31;1;0;2142;12;0.6;0.0
971;2021-02-01;229;4;2371;16;0.6;0.0
971;2021-02-02;245;19;2616;35;0.7;0.0
971;2021-02-03;225;3;2841;38;0.8;0.0
971;2021-02-04;304;24;3145;62;0.8;0.0
971;2021-02-05;279;33;3424;95;0.9;0.0
971;2021-02-06;49;1;3473;96;0.9;0.0
971;2021-02-07;0;0;3473;96;0.9;0.0
971;2021-02-08;257;21;3730;117;1.0;0.0
971;2021-02-09;317;26;4047;143;1.1;0.0
971;2021-02-10;249;28;4296;171;1.1;0.0
971;2021-02-11;297;112;4593;283;1.2;0.1
971;2021-02-12;290;26;4883;309;1.3;0.1
971;2021-02-13;50;7;4933;316;1.3;0.1
971;2021-02-14;19;36;4952;352;1.3;0.1
971;2021-02-15;85;46;5037;398;1.3;0.1
971;2021-02-16;16;1;5053;399;1.3;0.1
971;2021-02-17;17;1;5070;400;1.3;0.1
971;2021-02-18;249;14;5319;414;1.4;0.1
971;2021-02-19;248;20;5567;434;1.5;0.1
971;2021-02-20;49;0;5616;434;1.5;0.1
971;2021-02-21;1;0;5617;434;1.5;0.1
971;2021-02-22;192;62;5809;496;1.5;0.1
971;2021-02-23;204;73;6013;569;1.6;0.2
971;2021-02-24;343;125;6356;694;1.7;0.2
971;2021-02-25;386;78;6742;772;1.8;0.2
971;2021-02-26;232;84;6974;856;1.9;0.2
971;2021-02-27;65;0;7039;856;1.9;0.2
971;2021-02-28;1;0;7040;856;1.9;0.2
971;2021-03-01;179;82;7219;938;1.9;0.2
971;2021-03-02;278;130;7497;1068;2.0;0.3
971;2021-03-03;244;119;7741;1187;2.1;0.3
971;2021-03-04;335;85;8076;1272;2.1;0.3
971;2021-03-05;375;151;8451;1423;2.2;0.4
971;2021-03-06;599;10;9050;1433;2.4;0.4
971;2021-03-07;1;0;9051;1433;2.4;0.4
971;2021-03-08;324;139;9375;1572;2.5;0.4
971;2021-03-09;388;156;9763;1728;2.6;0.5
971;2021-03-10;425;162;10188;1890;2.7;0.5
971;2021-03-11;123;46;10311;1936;2.7;0.5
971;2021-03-12;506;226;10817;2162;2.9;0.6
971;2021-03-13;137;3;10954;2165;2.9;0.6
971;2021-03-14;14;23;10968;2188;2.9;0.6
971;2021-03-15;424;46;11392;2234;3.0;0.6
971;2021-03-16;485;84;11877;2318;3.2;0.6
971;2021-03-17;470;73;12347;2391;3.3;0.6
971;2021-03-18;586;86;12933;2477;3.4;0.7
971;2021-03-19;584;91;13517;2568;3.6;0.7
971;2021-03-20;177;19;13694;2587;3.6;0.7
971;2021-03-21;8;0;13702;2587;3.6;0.7
971;2021-03-22;359;89;14061;2676;3.7;0.7
971;2021-03-23;539;157;14600;2833;3.9;0.8
971;2021-03-24;473;110;15073;2943;4.0;0.8
971;2021-03-25;760;183;15833;3126;4.2;0.8
971;2021-03-26;644;123;16477;3249;4.4;0.9
971;2021-03-27;292;36;16769;3285;4.4;0.9
971;2021-03-28;24;2;16793;3287;4.5;0.9
971;2021-03-29;383;83;17176;3370;4.6;0.9
971;2021-03-30;625;164;17801;3534;4.7;0.9
971;2021-03-31;546;133;18347;3667;4.9;1.0
971;2021-04-01;661;196;19008;3863;5.0;1.0
971;2021-04-02;39;35;19047;3898;5.1;1.0
971;2021-04-03;59;2;19106;3900;5.1;1.0
971;2021-04-04;4;18;19110;3918;5.1;1.0
971;2021-04-05;13;0;19123;3918;5.1;1.0
971;2021-04-06;482;193;19605;4111;5.2;1.1
971;2021-04-07;579;118;20184;4229;5.4;1.1
971;2021-04-08;516;158;20700;4387;5.5;1.2
971;2021-04-09;490;210;21190;4597;5.6;1.2
971;2021-04-10;101;5;21291;4602;5.6;1.2
971;2021-04-11;8;12;21299;4614;5.7;1.2
971;2021-04-12;304;262;21603;4876;5.7;1.3
971;2021-04-13;556;325;22159;5201;5.9;1.4
971;2021-04-14;440;227;22599;5428;6.0;1.4
971;2021-04-15;553;313;23152;5741;6.1;1.5
971;2021-04-16;564;275;23716;6016;6.3;1.6
971;2021-04-17;216;4;23932;6020;6.4;1.6
971;2021-04-18;6;14;23938;6034;6.4;1.6
971;2021-04-19;405;243;24343;6277;6.5;1.7
971;2021-04-20;724;347;25067;6624;6.7;1.8
971;2021-04-21;625;316;25692;6940;6.8;1.8
971;2021-04-22;816;335;26508;7275;7.0;1.9
971;2021-04-23;844;248;27352;7523;7.3;2.0
971;2021-04-24;392;75;27744;7598;7.4;2.0
971;2021-04-25;602;64;28346;7662;7.5;2.0
971;2021-04-26;971;219;29317;7881;7.8;2.1
971;2021-04-27;709;236;30026;8117;8.0;2.2
971;2021-04-28;864;267;30890;8384;8.2;2.2
971;2021-04-29;1202;207;32092;8591;8.5;2.3
971;2021-04-30;1269;186;33361;8777;8.9;2.3
971;2021-05-01;606;42;33967;8819;9.0;2.3
971;2021-05-02;355;18;34322;8837;9.1;2.3
971;2021-05-03;922;189;35244;9026;9.4;2.4
971;2021-05-04;962;207;36206;9233;9.6;2.4
971;2021-05-05;1026;253;37232;9486;9.9;2.5
971;2021-05-06;1147;177;38379;9663;10.2;2.6
971;2021-05-07;1264;273;39643;9936;10.5;2.6
971;2021-05-08;323;36;39966;9972;10.6;2.6
971;2021-05-09;183;10;40149;9982;10.7;2.6
971;2021-05-10;838;217;40987;10199;10.9;2.7
971;2021-05-11;963;317;41950;10516;11.1;2.8
971;2021-05-12;907;325;42857;10841;11.4;2.9
971;2021-05-13;212;79;43069;10920;11.4;2.9
971;2021-05-14;862;275;43931;11195;11.7;3.0
971;2021-05-15;487;15;44418;11210;11.8;3.0
971;2021-05-16;182;36;44600;11246;11.8;3.0
971;2021-05-17;720;277;45320;11523;12.0;3.1
971;2021-05-18;742;390;46062;11913;12.2;3.2
971;2021-05-19;701;531;46763;12444;12.4;3.3
971;2021-05-20;809;378;47572;12822;12.6;3.4
971;2021-05-21;824;412;48396;13234;12.8;3.5
971;2021-05-22;506;216;48902;13450;13.0;3.6
971;2021-05-23;201;114;49103;13564;13.0;3.6
971;2021-05-24;201;174;49304;13738;13.1;3.6
971;2021-05-25;548;664;49852;14402;13.2;3.8
971;2021-05-26;595;493;50447;14895;13.4;4.0
971;2021-05-27;133;182;50580;15077;13.4;4.0
971;2021-05-28;518;526;51098;15603;13.6;4.1
971;2021-05-29;238;141;51336;15744;13.6;4.2
971;2021-05-30;75;112;51411;15856;13.6;4.2
971;2021-05-31;449;537;51860;16393;13.8;4.3
971;2021-06-01;593;710;52453;17103;13.9;4.5
971;2021-06-02;577;707;53030;17810;14.1;4.7
971;2021-06-03;508;561;53538;18371;14.2;4.9
971;2021-06-04;835;803;54373;19174;14.4;5.1
971;2021-06-05;317;644;54690;19818;14.5;5.3
971;2021-06-06;139;529;54829;20347;14.5;5.4
971;2021-06-07;420;782;55249;21129;14.7;5.6
971;2021-06-08;495;891;55744;22020;14.8;5.8
971;2021-06-09;503;860;56247;22880;14.9;6.1
971;2021-06-10;537;848;56784;23728;15.1;6.3
971;2021-06-11;468;1243;57252;24971;15.2;6.6
971;2021-06-12;301;659;57553;25630;15.3;6.8
971;2021-06-13;128;313;57681;25943;15.3;6.9
971;2021-06-14;372;3780;58053;29723;15.4;7.9
971;2021-06-15;483;2000;58536;31723;15.5;8.4
971;2021-06-16;478;1475;59014;33198;15.7;8.8
971;2021-06-17;433;1014;59447;34212;15.8;9.1
971;2021-06-18;481;1020;59928;35232;15.9;9.3
971;2021-06-19;316;509;60244;35741;16.0;9.5
971;2021-06-20;111;231;60355;35972;16.0;9.5
971;2021-06-21;336;678;60691;36650;16.1;9.7
971;2021-06-22;333;873;61024;37523;16.2;10.0
971;2021-06-23;369;890;61393;38413;16.3;10.2
971;2021-06-24;416;734;61809;39147;16.4;10.4
971;2021-06-25;454;761;62263;39908;16.5;10.6
971;2021-06-26;301;515;62564;40423;16.6;10.7
971;2021-06-27;116;148;62680;40571;16.6;10.8
971;2021-06-28;303;688;62983;41259;16.7;10.9
971;2021-06-29;386;784;63369;42043;16.8;11.2
971;2021-06-30;441;924;63810;42967;16.9;11.4
971;2021-07-01;364;651;64174;43618;17.0;11.6
971;2021-07-02;429;693;64603;44311;17.1;11.8
971;2021-07-03;275;466;64878;44777;17.2;11.9
971;2021-07-04;112;239;64990;45016;17.2;11.9
971;2021-07-05;329;509;65319;45525;17.3;12.1
971;2021-07-06;384;769;65703;46294;17.4;12.3
971;2021-07-07;376;844;66079;47138;17.5;12.5
971;2021-07-08;412;790;66491;47928;17.6;12.7
971;2021-07-09;431;795;66922;48723;17.8;12.9
971;2021-07-10;245;294;67167;49017;17.8;13.0
971;2021-07-11;170;137;67337;49154;17.9;13.0
971;2021-07-12;477;607;67814;49761;18.0;13.2
971;2021-07-13;868;1010;68682;50771;18.2;13.5
971;2021-07-14;474;283;69156;51054;18.3;13.5
971;2021-07-15;877;845;70033;51899;18.6;13.8
971;2021-07-16;1090;1042;71123;52941;18.9;14.0
971;2021-07-17;648;443;71771;53384;19.0;14.2
971;2021-07-18;400;217;72171;53601;19.1;14.2
971;2021-07-19;574;581;72745;54182;19.3;14.4
971;2021-07-20;830;732;73575;54914;19.5;14.6
971;2021-07-21;765;498;74340;55412;19.7;14.7
971;2021-07-22;983;871;75323;56283;20.0;14.9
971;2021-07-23;1023;758;76346;57041;20.3;15.1
971;2021-07-24;416;383;76762;57424;20.4;15.2
971;2021-07-25;248;260;77010;57684;20.4;15.3
971;2021-07-26;636;559;77646;58243;20.6;15.5
971;2021-07-27;864;582;78510;58825;20.8;15.6
971;2021-07-28;793;651;79303;59476;21.0;15.8
971;2021-07-29;940;664;80243;60140;21.3;16.0
971;2021-07-30;1310;752;81553;60892;21.6;16.2
971;2021-07-31;557;411;82110;61303;21.8;16.3
971;2021-08-01;312;248;82422;61551;21.9;16.3
971;2021-08-02;756;418;83178;61969;22.1;16.4
971;2021-08-03;751;675;83929;62644;22.3;16.6
971;2021-08-04;665;668;84594;63312;22.4;16.8
971;2021-08-05;670;589;85264;63901;22.6;17.0
971;2021-08-06;925;635;86189;64536;22.9;17.1
971;2021-08-07;451;391;86640;64927;23.0;17.2
971;2021-08-08;272;313;86912;65240;23.1;17.3
971;2021-08-09;584;586;87496;65826;23.2;17.5
971;2021-08-10;746;800;88242;66626;23.4;17.7
971;2021-08-11;918;791;89160;67417;23.7;17.9
971;2021-08-12;937;792;90097;68209;23.9;18.1
971;2021-08-13;911;439;91008;68648;24.1;18.2
971;2021-08-14;622;700;91630;69348;24.3;18.4
971;2021-08-15;435;410;92065;69758;24.4;18.5
971;2021-08-16;754;735;92819;70493;24.6;18.7
971;2021-08-17;865;869;93684;71362;24.9;18.9
971;2021-08-18;1235;963;94919;72325;25.2;19.2
971;2021-08-19;1272;922;96191;73247;25.5;19.4
971;2021-08-20;1480;1041;97671;74288;25.9;19.7
971;2021-08-21;703;508;98374;74796;26.1;19.8
971;2021-08-22;349;270;98723;75066;26.2;19.9
971;2021-08-23;855;626;99578;75692;26.4;20.1
971;2021-08-24;1212;792;100790;76484;26.7;20.3
971;2021-08-25;1350;800;102140;77284;27.1;20.5
971;2021-08-26;1346;765;103486;78049;27.5;20.7
971;2021-08-27;1427;1092;104913;79141;27.8;21.0
971;2021-08-28;876;575;105789;79716;28.1;21.2
971;2021-08-29;208;238;105997;79954;28.1;21.2
971;2021-08-30;904;745;106901;80699;28.4;21.4
971;2021-08-31;1148;886;108049;81585;28.7;21.6
972;2020-12-27;0;0;0;0;0.0;0.0
972;2020-12-28;0;0;0;0;0.0;0.0
972;2020-12-29;0;0;0;0;0.0;0.0
972;2020-12-30;0;0;0;0;0.0;0.0
972;2020-12-31;0;0;0;0;0.0;0.0
972;2021-01-01;0;0;0;0;0.0;0.0
972;2021-01-02;0;0;0;0;0.0;0.0
972;2021-01-03;0;0;0;0;0.0;0.0
972;2021-01-04;0;0;0;0;0.0;0.0
972;2021-01-05;0;0;0;0;0.0;0.0
972;2021-01-06;5;0;5;0;0.0;0.0
972;2021-01-07;31;0;36;0;0.0;0.0
972;2021-01-08;90;1;126;1;0.0;0.0
972;2021-01-09;20;0;146;1;0.0;0.0
972;2021-01-10;0;0;146;1;0.0;0.0
972;2021-01-11;122;0;268;1;0.1;0.0
972;2021-01-12;79;0;347;1;0.1;0.0
972;2021-01-13;65;0;412;1;0.1;0.0
972;2021-01-14;88;1;500;2;0.1;0.0
972;2021-01-15;164;0;664;2;0.2;0.0
972;2021-01-16;51;0;715;2;0.2;0.0
972;2021-01-17;0;0;715;2;0.2;0.0
972;2021-01-18;158;0;873;2;0.2;0.0
972;2021-01-19;168;1;1041;3;0.3;0.0
972;2021-01-20;170;0;1211;3;0.3;0.0
972;2021-01-21;181;2;1392;5;0.4;0.0
972;2021-01-22;173;0;1565;5;0.4;0.0
972;2021-01-23;58;0;1623;5;0.5;0.0
972;2021-01-24;0;0;1623;5;0.5;0.0
972;2021-01-25;161;0;1784;5;0.5;0.0
972;2021-01-26;138;1;1922;6;0.5;0.0
972;2021-01-27;163;5;2085;11;0.6;0.0
972;2021-01-28;152;12;2237;23;0.6;0.0
972;2021-01-29;143;41;2380;64;0.7;0.0
972;2021-01-30;96;16;2476;80;0.7;0.0
972;2021-01-31;0;0;2476;80;0.7;0.0
972;2021-02-01;119;73;2595;153;0.7;0.0
972;2021-02-02;184;94;2779;247;0.8;0.1
972;2021-02-03;132;76;2911;323;0.8;0.1
972;2021-02-04;160;71;3071;394;0.9;0.1
972;2021-02-05;123;92;3194;486;0.9;0.1
972;2021-02-06;62;26;3256;512;0.9;0.1
972;2021-02-07;1;0;3257;512;0.9;0.1
972;2021-02-08;137;79;3394;591;0.9;0.2
972;2021-02-09;177;77;3571;668;1.0;0.2
972;2021-02-10;153;90;3724;758;1.0;0.2
972;2021-02-11;150;99;3874;857;1.1;0.2
972;2021-02-12;148;127;4022;984;1.1;0.3
972;2021-02-13;47;37;4069;1021;1.1;0.3
972;2021-02-14;0;0;4069;1021;1.1;0.3
972;2021-02-15;51;66;4120;1087;1.1;0.3
972;2021-02-16;0;0;4120;1087;1.1;0.3
972;2021-02-17;1;3;4121;1090;1.1;0.3
972;2021-02-18;69;125;4190;1215;1.2;0.3
972;2021-02-19;69;125;4259;1340;1.2;0.4
972;2021-02-20;48;68;4307;1408;1.2;0.4
972;2021-02-21;0;0;4307;1408;1.2;0.4
972;2021-02-22;102;60;4409;1468;1.2;0.4
972;2021-02-23;113;235;4522;1703;1.3;0.5
972;2021-02-24;106;218;4628;1921;1.3;0.5
972;2021-02-25;93;150;4721;2071;1.3;0.6
972;2021-02-26;132;168;4853;2239;1.4;0.6
972;2021-02-27;69;52;4922;2291;1.4;0.6
972;2021-02-28;0;0;4922;2291;1.4;0.6
972;2021-03-01;137;144;5059;2435;1.4;0.7
972;2021-03-02;158;79;5217;2514;1.5;0.7
972;2021-03-03;179;145;5396;2659;1.5;0.7
972;2021-03-04;152;135;5548;2794;1.5;0.8
972;2021-03-05;238;128;5786;2922;1.6;0.8
972;2021-03-06;119;58;5905;2980;1.6;0.8
972;2021-03-07;100;3;6005;2983;1.7;0.8
972;2021-03-08;196;132;6201;3115;1.7;0.9
972;2021-03-09;283;100;6484;3215;1.8;0.9
972;2021-03-10;322;134;6806;3349;1.9;0.9
972;2021-03-11;336;79;7142;3428;2.0;1.0
972;2021-03-12;413;55;7555;3483;2.1;1.0
972;2021-03-13;155;21;7710;3504;2.1;1.0
972;2021-03-14;4;1;7714;3505;2.2;1.0
972;2021-03-15;277;89;7991;3594;2.2;1.0
972;2021-03-16;305;56;8296;3650;2.3;1.0
972;2021-03-17;388;46;8684;3696;2.4;1.0
972;2021-03-18;435;44;9119;3740;2.5;1.0
972;2021-03-19;401;63;9520;3803;2.7;1.1
972;2021-03-20;149;48;9669;3851;2.7;1.1
972;2021-03-21;25;1;9694;3852;2.7;1.1
972;2021-03-22;362;118;10056;3970;2.8;1.1
972;2021-03-23;403;122;10459;4092;2.9;1.1
972;2021-03-24;429;108;10888;4200;3.0;1.2
972;2021-03-25;485;97;11373;4297;3.2;1.2
972;2021-03-26;634;103;12007;4400;3.3;1.2
972;2021-03-27;154;71;12161;4471;3.4;1.2
972;2021-03-28;81;2;12242;4473;3.4;1.2
972;2021-03-29;423;164;12665;4637;3.5;1.3
972;2021-03-30;469;244;13134;4881;3.7;1.4
972;2021-03-31;1150;191;14284;5072;4.0;1.4
972;2021-04-01;955;172;15239;5244;4.2;1.5
972;2021-04-02;896;15;16135;5259;4.5;1.5
972;2021-04-03;788;55;16923;5314;4.7;1.5
972;2021-04-04;751;13;17674;5327;4.9;1.5
972;2021-04-05;829;44;18503;5371;5.2;1.5
972;2021-04-06;885;136;19388;5507;5.4;1.5
972;2021-04-07;1436;326;20824;5833;5.8;1.6
972;2021-04-08;1308;272;22132;6105;6.2;1.7
972;2021-04-09;1240;315;23372;6420;6.5;1.8
972;2021-04-10;838;164;24210;6584;6.7;1.8
972;2021-04-11;620;14;24830;6598;6.9;1.8
972;2021-04-12;868;317;25698;6915;7.2;1.9
972;2021-04-13;881;330;26579;7245;7.4;2.0
972;2021-04-14;960;321;27539;7566;7.7;2.1
972;2021-04-15;959;300;28498;7866;7.9;2.2
972;2021-04-16;996;300;29494;8166;8.2;2.3
972;2021-04-17;530;161;30024;8327;8.4;2.3
972;2021-04-18;339;56;30363;8383;8.5;2.3
972;2021-04-19;668;342;31031;8725;8.6;2.4
972;2021-04-20;868;309;31899;9034;8.9;2.5
972;2021-04-21;1002;354;32901;9388;9.2;2.6
972;2021-04-22;605;312;33506;9700;9.3;2.7
972;2021-04-23;614;465;34120;10165;9.5;2.8
972;2021-04-24;363;197;34483;10362;9.6;2.9
972;2021-04-25;168;199;34651;10561;9.7;2.9
972;2021-04-26;516;541;35167;11102;9.8;3.1
972;2021-04-27;568;607;35735;11709;10.0;3.3
972;2021-04-28;448;690;36183;12399;10.1;3.5
972;2021-04-29;653;642;36836;13041;10.3;3.6
972;2021-04-30;771;686;37607;13727;10.5;3.8
972;2021-05-01;244;246;37851;13973;10.6;3.9
972;2021-05-02;227;513;38078;14486;10.6;4.0
972;2021-05-03;569;771;38647;15257;10.8;4.3
972;2021-05-04;526;678;39173;15935;10.9;4.4
972;2021-05-05;548;896;39721;16831;11.1;4.7
972;2021-05-06;546;785;40267;17616;11.2;4.9
972;2021-05-07;629;1014;40896;18630;11.4;5.2
972;2021-05-08;226;526;41122;19156;11.5;5.3
972;2021-05-09;172;506;41294;19662;11.5;5.5
972;2021-05-10;519;856;41813;20518;11.7;5.7
972;2021-05-11;476;871;42289;21389;11.8;6.0
972;2021-05-12;560;910;42849;22299;11.9;6.2
972;2021-05-13;274;533;43123;22832;12.0;6.4
972;2021-05-14;388;752;43511;23584;12.1;6.6
972;2021-05-15;234;577;43745;24161;12.2;6.7
972;2021-05-16;155;442;43900;24603;12.2;6.9
972;2021-05-17;474;754;44374;25357;12.4;7.1
972;2021-05-18;446;680;44820;26037;12.5;7.3
972;2021-05-19;453;743;45273;26780;12.6;7.5
972;2021-05-20;595;500;45868;27280;12.8;7.6
972;2021-05-21;545;704;46413;27984;12.9;7.8
972;2021-05-22;186;363;46599;28347;13.0;7.9
972;2021-05-23;111;182;46710;28529;13.0;8.0
972;2021-05-24;136;241;46846;28770;13.1;8.0
972;2021-05-25;351;698;47197;29468;13.2;8.2
972;2021-05-26;382;714;47579;30182;13.3;8.4
972;2021-05-27;270;647;47849;30829;13.3;8.6
972;2021-05-28;279;816;48128;31645;13.4;8.8
972;2021-05-29;154;513;48282;32158;13.5;9.0
972;2021-05-30;17;33;48299;32191;13.5;9.0
972;2021-05-31;347;681;48646;32872;13.6;9.2
972;2021-06-01;300;547;48946;33419;13.6;9.3
972;2021-06-02;325;575;49271;33994;13.7;9.5
972;2021-06-03;247;425;49518;34419;13.8;9.6
972;2021-06-04;350;643;49868;35062;13.9;9.8
972;2021-06-05;260;373;50128;35435;14.0;9.9
972;2021-06-06;25;32;50153;35467;14.0;9.9
972;2021-06-07;260;736;50413;36203;14.1;10.1
972;2021-06-08;256;589;50669;36792;14.1;10.3
972;2021-06-09;303;698;50972;37490;14.2;10.5
972;2021-06-10;308;453;51280;37943;14.3;10.6
972;2021-06-11;361;534;51641;38477;14.4;10.7
972;2021-06-12;246;321;51887;38798;14.5;10.8
972;2021-06-13;32;29;51919;38827;14.5;10.8
972;2021-06-14;367;551;52286;39378;14.6;11.0
972;2021-06-15;410;488;52696;39866;14.7;11.1
972;2021-06-16;436;436;53132;40302;14.8;11.2
972;2021-06-17;355;576;53487;40878;14.9;11.4
972;2021-06-18;458;538;53945;41416;15.0;11.5
972;2021-06-19;225;196;54170;41612;15.1;11.6
972;2021-06-20;25;17;54195;41629;15.1;11.6
972;2021-06-21;332;580;54527;42209;15.2;11.8
972;2021-06-22;297;462;54824;42671;15.3;11.9
972;2021-06-23;425;562;55249;43233;15.4;12.1
972;2021-06-24;328;437;55577;43670;15.5;12.2
972;2021-06-25;313;387;55890;44057;15.6;12.3
972;2021-06-26;221;201;56111;44258;15.6;12.3
972;2021-06-27;16;23;56127;44281;15.6;12.3
972;2021-06-28;337;425;56464;44706;15.7;12.5
972;2021-06-29;329;431;56793;45137;15.8;12.6
972;2021-06-30;441;421;57234;45558;16.0;12.7
972;2021-07-01;350;393;57584;45951;16.1;12.8
972;2021-07-02;124;201;57708;46152;16.1;12.9
972;2021-07-03;100;118;57808;46270;16.1;12.9
972;2021-07-04;24;36;57832;46306;16.1;12.9
972;2021-07-05;494;580;58326;46886;16.3;13.1
972;2021-07-06;488;428;58814;47314;16.4;13.2
972;2021-07-07;611;492;59425;47806;16.6;13.3
972;2021-07-08;494;422;59919;48228;16.7;13.4
972;2021-07-09;628;582;60547;48810;16.9;13.6
972;2021-07-10;405;309;60952;49119;17.0;13.7
972;2021-07-11;52;38;61004;49157;17.0;13.7
972;2021-07-12;847;698;61851;49855;17.2;13.9
972;2021-07-13;1473;707;63324;50562;17.7;14.1
972;2021-07-14;133;65;63457;50627;17.7;14.1
972;2021-07-15;1604;679;65061;51306;18.1;14.3
972;2021-07-16;1638;658;66699;51964;18.6;14.5
972;2021-07-17;1096;368;67795;52332;18.9;14.6
972;2021-07-18;56;39;67851;52371;18.9;14.6
972;2021-07-19;1144;654;68995;53025;19.2;14.8
972;2021-07-20;1131;578;70126;53603;19.5;14.9
972;2021-07-21;1093;597;71219;54200;19.9;15.1
972;2021-07-22;905;520;72124;54720;20.1;15.3
972;2021-07-23;963;482;73087;55202;20.4;15.4
972;2021-07-24;505;223;73592;55425;20.5;15.4
972;2021-07-25;51;63;73643;55488;20.5;15.5
972;2021-07-26;685;521;74328;56009;20.7;15.6
972;2021-07-27;1028;513;75356;56522;21.0;15.8
972;2021-07-28;636;562;75992;57084;21.2;15.9
972;2021-07-29;838;546;76830;57630;21.4;16.1
972;2021-07-30;901;616;77731;58246;21.7;16.2
972;2021-07-31;559;274;78290;58520;21.8;16.3
972;2021-08-01;82;33;78372;58553;21.8;16.3
972;2021-08-02;812;813;79184;59366;22.1;16.5
972;2021-08-03;731;739;79915;60105;22.3;16.8
972;2021-08-04;769;567;80684;60672;22.5;16.9
972;2021-08-05;911;588;81595;61260;22.7;17.1
972;2021-08-06;1187;893;82782;62153;23.1;17.3
972;2021-08-07;668;569;83450;62722;23.3;17.5
972;2021-08-08;85;83;83535;62805;23.3;17.5
972;2021-08-09;1123;1062;84658;63867;23.6;17.8
972;2021-08-10;1192;1040;85850;64907;23.9;18.1
972;2021-08-11;1231;921;87081;65828;24.3;18.3
972;2021-08-12;1445;930;88526;66758;24.7;18.6
972;2021-08-13;1279;637;89805;67395;25.0;18.8
972;2021-08-14;776;315;90581;67710;25.2;18.9
972;2021-08-15;70;55;90651;67765;25.3;18.9
972;2021-08-16;1266;1041;91917;68806;25.6;19.2
972;2021-08-17;1166;1186;93083;69992;25.9;19.5
972;2021-08-18;1227;1174;94310;71166;26.3;19.8
972;2021-08-19;1271;890;95581;72056;26.6;20.1
972;2021-08-20;1322;892;96903;72948;27.0;20.3
972;2021-08-21;756;622;97659;73570;27.2;20.5
972;2021-08-22;46;81;97705;73651;27.2;20.5
972;2021-08-23;1173;856;98878;74507;27.6;20.8
972;2021-08-24;1362;876;100240;75383;27.9;21.0
972;2021-08-25;1062;767;101302;76150;28.2;21.2
972;2021-08-26;1264;798;102566;76948;28.6;21.4
972;2021-08-27;1260;1076;103826;78024;28.9;21.7
972;2021-08-28;757;746;104583;78770;29.2;22.0
972;2021-08-29;98;63;104681;78833;29.2;22.0
972;2021-08-30;1113;1113;105794;79946;29.5;22.3
972;2021-08-31;789;1102;106583;81048;29.7;22.6
973;2020-12-27;0;0;0;0;0.0;0.0
973;2020-12-28;0;0;0;0;0.0;0.0
973;2020-12-29;0;0;0;0;0.0;0.0
973;2020-12-30;0;0;0;0;0.0;0.0
973;2020-12-31;0;0;0;0;0.0;0.0
973;2021-01-01;0;0;0;0;0.0;0.0
973;2021-01-02;1;1;1;1;0.0;0.0
973;2021-01-03;0;0;1;1;0.0;0.0
973;2021-01-04;0;0;1;1;0.0;0.0
973;2021-01-05;0;0;1;1;0.0;0.0
973;2021-01-06;0;0;1;1;0.0;0.0
973;2021-01-07;0;0;1;1;0.0;0.0
973;2021-01-08;0;0;1;1;0.0;0.0
973;2021-01-09;0;0;1;1;0.0;0.0
973;2021-01-10;0;0;1;1;0.0;0.0
973;2021-01-11;0;0;1;1;0.0;0.0
973;2021-01-12;0;0;1;1;0.0;0.0
973;2021-01-13;30;0;31;1;0.0;0.0
973;2021-01-14;46;0;77;1;0.0;0.0
973;2021-01-15;35;0;112;1;0.0;0.0
973;2021-01-16;18;1;130;2;0.0;0.0
973;2021-01-17;0;0;130;2;0.0;0.0
973;2021-01-18;63;0;193;2;0.1;0.0
973;2021-01-19;150;1;343;3;0.1;0.0
973;2021-01-20;134;0;477;3;0.2;0.0
973;2021-01-21;118;0;595;3;0.2;0.0
973;2021-01-22;76;0;671;3;0.2;0.0
973;2021-01-23;0;0;671;3;0.2;0.0
973;2021-01-24;0;0;671;3;0.2;0.0
973;2021-01-25;56;0;727;3;0.3;0.0
973;2021-01-26;100;2;827;5;0.3;0.0
973;2021-01-27;109;1;936;6;0.3;0.0
973;2021-01-28;96;3;1032;9;0.4;0.0
973;2021-01-29;104;3;1136;12;0.4;0.0
973;2021-01-30;0;0;1136;12;0.4;0.0
973;2021-01-31;0;0;1136;12;0.4;0.0
973;2021-02-01;54;0;1190;12;0.4;0.0
973;2021-02-02;122;5;1312;17;0.5;0.0
973;2021-02-03;119;7;1431;24;0.5;0.0
973;2021-02-04;79;25;1510;49;0.5;0.0
973;2021-02-05;66;8;1576;57;0.5;0.0
973;2021-02-06;0;0;1576;57;0.5;0.0
973;2021-02-07;0;0;1576;57;0.5;0.0
973;2021-02-08;52;12;1628;69;0.6;0.0
973;2021-02-09;92;39;1720;108;0.6;0.0
973;2021-02-10;101;41;1821;149;0.6;0.1
973;2021-02-11;105;93;1926;242;0.7;0.1
973;2021-02-12;89;63;2015;305;0.7;0.1
973;2021-02-13;0;0;2015;305;0.7;0.1
973;2021-02-14;0;0;2015;305;0.7;0.1
973;2021-02-15;27;64;2042;369;0.7;0.1
973;2021-02-16;123;52;2165;421;0.7;0.1
973;2021-02-17;145;117;2310;538;0.8;0.2
973;2021-02-18;103;138;2413;676;0.8;0.2
973;2021-02-19;122;72;2535;748;0.9;0.3
973;2021-02-20;0;0;2535;748;0.9;0.3
973;2021-02-21;0;0;2535;748;0.9;0.3
973;2021-02-22;78;48;2613;796;0.9;0.3
973;2021-02-23;158;103;2771;899;1.0;0.3
973;2021-02-24;190;122;2961;1021;1.0;0.4
973;2021-02-25;259;92;3220;1113;1.1;0.4
973;2021-02-26;264;70;3484;1183;1.2;0.4
973;2021-02-27;120;1;3604;1184;1.2;0.4
973;2021-02-28;0;0;3604;1184;1.2;0.4
973;2021-03-01;182;87;3786;1271;1.3;0.4
973;2021-03-02;256;107;4042;1378;1.4;0.5
973;2021-03-03;255;131;4297;1509;1.5;0.5
973;2021-03-04;281;84;4578;1593;1.6;0.5
973;2021-03-05;274;48;4852;1641;1.7;0.6
973;2021-03-06;118;2;4970;1643;1.7;0.6
973;2021-03-07;0;0;4970;1643;1.7;0.6
973;2021-03-08;188;41;5158;1684;1.8;0.6
973;2021-03-09;351;93;5509;1777;1.9;0.6
973;2021-03-10;359;105;5868;1882;2.0;0.6
973;2021-03-11;271;111;6139;1993;2.1;0.7
973;2021-03-12;288;92;6427;2085;2.2;0.7
973;2021-03-13;112;4;6539;2089;2.2;0.7
973;2021-03-14;0;0;6539;2089;2.2;0.7
973;2021-03-15;181;27;6720;2116;2.3;0.7
973;2021-03-16;243;139;6963;2255;2.4;0.8
973;2021-03-17;274;128;7237;2383;2.5;0.8
973;2021-03-18;249;155;7486;2538;2.6;0.9
973;2021-03-19;283;129;7769;2667;2.7;0.9
973;2021-03-20;259;18;8028;2685;2.8;0.9
973;2021-03-21;119;2;8147;2687;2.8;0.9
973;2021-03-22;219;109;8366;2796;2.9;1.0
973;2021-03-23;275;194;8641;2990;3.0;1.0
973;2021-03-24;235;215;8876;3205;3.1;1.1
973;2021-03-25;168;180;9044;3385;3.1;1.2
973;2021-03-26;190;306;9234;3691;3.2;1.3
973;2021-03-27;58;94;9292;3785;3.2;1.3
973;2021-03-28;0;0;9292;3785;3.2;1.3
973;2021-03-29;175;248;9467;4033;3.3;1.4
973;2021-03-30;445;237;9912;4270;3.4;1.5
973;2021-03-31;319;293;10231;4563;3.5;1.6
973;2021-04-01;446;260;10677;4823;3.7;1.7
973;2021-04-02;307;278;10984;5101;3.8;1.8
973;2021-04-03;153;121;11137;5222;3.8;1.8
973;2021-04-04;1;0;11138;5222;3.8;1.8
973;2021-04-05;118;14;11256;5236;3.9;1.8
973;2021-04-06;438;335;11694;5571;4.0;1.9
973;2021-04-07;503;345;12197;5916;4.2;2.0
973;2021-04-08;514;269;12711;6185;4.4;2.1
973;2021-04-09;497;226;13208;6411;4.5;2.2
973;2021-04-10;146;90;13354;6501;4.6;2.2
973;2021-04-11;2;0;13356;6501;4.6;2.2
973;2021-04-12;551;268;13907;6769;4.8;2.3
973;2021-04-13;673;244;14580;7013;5.0;2.4
973;2021-04-14;721;314;15301;7327;5.3;2.5
973;2021-04-15;777;247;16078;7574;5.5;2.6
973;2021-04-16;760;302;16838;7876;5.8;2.7
973;2021-04-17;499;136;17337;8012;6.0;2.8
973;2021-04-18;499;46;17836;8058;6.1;2.8
973;2021-04-19;715;252;18551;8310;6.4;2.9
973;2021-04-20;607;280;19158;8590;6.6;3.0
973;2021-04-21;874;251;20032;8841;6.9;3.0
973;2021-04-22;727;231;20759;9072;7.1;3.1
973;2021-04-23;705;231;21464;9303;7.4;3.2
973;2021-04-24;524;97;21988;9400;7.6;3.2
973;2021-04-25;611;50;22599;9450;7.8;3.3
973;2021-04-26;780;233;23379;9683;8.0;3.3
973;2021-04-27;819;344;24198;10027;8.3;3.4
973;2021-04-28;746;332;24944;10359;8.6;3.6
973;2021-04-29;665;285;25609;10644;8.8;3.7
973;2021-04-30;710;260;26319;10904;9.1;3.8
973;2021-05-01;211;27;26530;10931;9.1;3.8
973;2021-05-02;602;85;27132;11016;9.3;3.8
973;2021-05-03;556;391;27688;11407;9.5;3.9
973;2021-05-04;665;326;28353;11733;9.8;4.0
973;2021-05-05;701;452;29054;12185;10.0;4.2
973;2021-05-06;694;476;29748;12661;10.2;4.4
973;2021-05-07;595;473;30343;13134;10.4;4.5
973;2021-05-08;343;59;30686;13193;10.6;4.5
973;2021-05-09;263;72;30949;13265;10.6;4.6
973;2021-05-10;439;611;31388;13876;10.8;4.8
973;2021-05-11;398;497;31786;14373;10.9;4.9
973;2021-05-12;513;647;32299;15020;11.1;5.2
973;2021-05-13;334;99;32633;15119;11.2;5.2
973;2021-05-14;486;555;33119;15674;11.4;5.4
973;2021-05-15;258;348;33377;16022;11.5;5.5
973;2021-05-16;207;210;33584;16232;11.6;5.6
973;2021-05-17;447;599;34031;16831;11.7;5.8
973;2021-05-18;563;568;34594;17399;11.9;6.0
973;2021-05-19;534;553;35128;17952;12.1;6.2
973;2021-05-20;643;452;35771;18404;12.3;6.3
973;2021-05-21;502;609;36273;19013;12.5;6.5
973;2021-05-22;167;500;36440;19513;12.5;6.7
973;2021-05-23;271;474;36711;19987;12.6;6.9
973;2021-05-24;562;248;37273;20235;12.8;7.0
973;2021-05-25;500;745;37773;20980;13.0;7.2
973;2021-05-26;452;683;38225;21663;13.1;7.5
973;2021-05-27;707;526;38932;22189;13.4;7.6
973;2021-05-28;580;553;39512;22742;13.6;7.8
973;2021-05-29;258;360;39770;23102;13.7;7.9
973;2021-05-30;151;399;39921;23501;13.7;8.1
973;2021-05-31;356;574;40277;24075;13.9;8.3
973;2021-06-01;421;467;40698;24542;14.0;8.4
973;2021-06-02;564;555;41262;25097;14.2;8.6
973;2021-06-03;526;470;41788;25567;14.4;8.8
973;2021-06-04;601;495;42389;26062;14.6;9.0
973;2021-06-05;273;292;42662;26354;14.7;9.1
973;2021-06-06;211;301;42873;26655;14.7;9.2
973;2021-06-07;488;452;43361;27107;14.9;9.3
973;2021-06-08;547;314;43908;27421;15.1;9.4
973;2021-06-09;520;389;44428;27810;15.3;9.6
973;2021-06-10;357;291;44785;28101;15.4;9.7
973;2021-06-11;434;467;45219;28568;15.6;9.8
973;2021-06-12;170;283;45389;28851;15.6;9.9
973;2021-06-13;214;268;45603;29119;15.7;10.0
973;2021-06-14;377;549;45980;29668;15.8;10.2
973;2021-06-15;376;445;46356;30113;15.9;10.4
973;2021-06-16;486;459;46842;30572;16.1;10.5
973;2021-06-17;437;579;47279;31151;16.3;10.7
973;2021-06-18;394;563;47673;31714;16.4;10.9
973;2021-06-19;235;260;47908;31974;16.5;11.0
973;2021-06-20;127;270;48035;32244;16.5;11.1
973;2021-06-21;332;603;48367;32847;16.6;11.3
973;2021-06-22;373;463;48740;33310;16.8;11.5
973;2021-06-23;344;539;49084;33849;16.9;11.6
973;2021-06-24;443;500;49527;34349;17.0;11.8
973;2021-06-25;444;557;49971;34906;17.2;12.0
973;2021-06-26;172;320;50143;35226;17.2;12.1
973;2021-06-27;121;170;50264;35396;17.3;12.2
973;2021-06-28;317;593;50581;35989;17.4;12.4
973;2021-06-29;379;507;50960;36496;17.5;12.6
973;2021-06-30;411;680;51371;37176;17.7;12.8
973;2021-07-01;424;399;51795;37575;17.8;12.9
973;2021-07-02;503;524;52298;38099;18.0;13.1
973;2021-07-03;209;274;52507;38373;18.1;13.2
973;2021-07-04;86;243;52593;38616;18.1;13.3
973;2021-07-05;360;547;52953;39163;18.2;13.5
973;2021-07-06;349;473;53302;39636;18.3;13.6
973;2021-07-07;361;415;53663;40051;18.5;13.8
973;2021-07-08;298;329;53961;40380;18.6;13.9
973;2021-07-09;389;435;54350;40815;18.7;14.0
973;2021-07-10;167;277;54517;41092;18.8;14.1
973;2021-07-11;102;163;54619;41255;18.8;14.2
973;2021-07-12;400;497;55019;41752;18.9;14.4
973;2021-07-13;668;560;55687;42312;19.2;14.6
973;2021-07-14;389;161;56076;42473;19.3;14.6
973;2021-07-15;648;527;56724;43000;19.5;14.8
973;2021-07-16;593;486;57317;43486;19.7;15.0
973;2021-07-17;346;285;57663;43771;19.8;15.1
973;2021-07-18;252;123;57915;43894;19.9;15.1
973;2021-07-19;518;457;58433;44351;20.1;15.3
973;2021-07-20;557;494;58990;44845;20.3;15.4
973;2021-07-21;667;398;59657;45243;20.5;15.6
973;2021-07-22;653;451;60310;45694;20.7;15.7
973;2021-07-23;593;368;60903;46062;21.0;15.8
973;2021-07-24;327;241;61230;46303;21.1;15.9
973;2021-07-25;165;111;61395;46414;21.1;16.0
973;2021-07-26;442;346;61837;46760;21.3;16.1
973;2021-07-27;533;357;62370;47117;21.5;16.2
973;2021-07-28;442;371;62812;47488;21.6;16.3
973;2021-07-29;533;430;63345;47918;21.8;16.5
973;2021-07-30;508;407;63853;48325;22.0;16.6
973;2021-07-31;204;163;64057;48488;22.0;16.7
973;2021-08-01;139;132;64196;48620;22.1;16.7
973;2021-08-02;394;431;64590;49051;22.2;16.9
973;2021-08-03;429;402;65019;49453;22.4;17.0
973;2021-08-04;305;372;65324;49825;22.5;17.1
973;2021-08-05;337;361;65661;50186;22.6;17.3
973;2021-08-06;361;522;66022;50708;22.7;17.4
973;2021-08-07;163;267;66185;50975;22.8;17.5
973;2021-08-08;117;177;66302;51152;22.8;17.6
973;2021-08-09;329;473;66631;51625;22.9;17.8
973;2021-08-10;356;515;66987;52140;23.0;17.9
973;2021-08-11;530;515;67517;52655;23.2;18.1
973;2021-08-12;537;580;68054;53235;23.4;18.3
973;2021-08-13;350;234;68404;53469;23.5;18.4
973;2021-08-14;254;401;68658;53870;23.6;18.5
973;2021-08-15;121;139;68779;54009;23.7;18.6
973;2021-08-16;303;470;69082;54479;23.8;18.7
973;2021-08-17;351;397;69433;54876;23.9;18.9
973;2021-08-18;293;440;69726;55316;24.0;19.0
973;2021-08-19;318;480;70044;55796;24.1;19.2
973;2021-08-20;305;401;70349;56197;24.2;19.3
973;2021-08-21;159;256;70508;56453;24.3;19.4
973;2021-08-22;114;183;70622;56636;24.3;19.5
973;2021-08-23;279;380;70901;57016;24.4;19.6
973;2021-08-24;307;466;71208;57482;24.5;19.8
973;2021-08-25;274;342;71482;57824;24.6;19.9
973;2021-08-26;308;400;71790;58224;24.7;20.0
973;2021-08-27;348;426;72138;58650;24.8;20.2
973;2021-08-28;141;265;72279;58915;24.9;20.3
973;2021-08-29;83;184;72362;59099;24.9;20.3
973;2021-08-30;218;345;72580;59444;25.0;20.4
973;2021-08-31;257;359;72837;59803;25.1;20.6
974;2020-12-27;0;0;0;0;0.0;0.0
974;2020-12-28;0;0;0;0;0.0;0.0
974;2020-12-29;0;0;0;0;0.0;0.0
974;2020-12-30;0;0;0;0;0.0;0.0
974;2020-12-31;0;0;0;0;0.0;0.0
974;2021-01-01;1;0;1;0;0.0;0.0
974;2021-01-02;0;0;1;0;0.0;0.0
974;2021-01-03;0;0;1;0;0.0;0.0
974;2021-01-04;0;0;1;0;0.0;0.0
974;2021-01-05;2;0;3;0;0.0;0.0
974;2021-01-06;0;0;3;0;0.0;0.0
974;2021-01-07;0;0;3;0;0.0;0.0
974;2021-01-08;0;0;3;0;0.0;0.0
974;2021-01-09;1;0;4;0;0.0;0.0
974;2021-01-10;0;0;4;0;0.0;0.0
974;2021-01-11;0;0;4;0;0.0;0.0
974;2021-01-12;0;0;4;0;0.0;0.0
974;2021-01-13;0;0;4;0;0.0;0.0
974;2021-01-14;0;0;4;0;0.0;0.0
974;2021-01-15;333;0;337;0;0.0;0.0
974;2021-01-16;27;0;364;0;0.0;0.0
974;2021-01-17;0;0;364;0;0.0;0.0
974;2021-01-18;49;1;413;1;0.0;0.0
974;2021-01-19;394;0;807;1;0.1;0.0
974;2021-01-20;482;1;1289;2;0.1;0.0
974;2021-01-21;614;2;1903;4;0.2;0.0
974;2021-01-22;414;1;2317;5;0.3;0.0
974;2021-01-23;75;0;2392;5;0.3;0.0
974;2021-01-24;0;0;2392;5;0.3;0.0
974;2021-01-25;273;2;2665;7;0.3;0.0
974;2021-01-26;429;0;3094;7;0.4;0.0
974;2021-01-27;316;0;3410;7;0.4;0.0
974;2021-01-28;409;0;3819;7;0.4;0.0
974;2021-01-29;422;3;4241;10;0.5;0.0
974;2021-01-30;421;1;4662;11;0.5;0.0
974;2021-01-31;0;0;4662;11;0.5;0.0
974;2021-02-01;373;4;5035;15;0.6;0.0
974;2021-02-02;500;4;5535;19;0.6;0.0
974;2021-02-03;602;13;6137;32;0.7;0.0
974;2021-02-04;629;21;6766;53;0.8;0.0
974;2021-02-05;564;97;7330;150;0.9;0.0
974;2021-02-06;501;5;7831;155;0.9;0.0
974;2021-02-07;0;8;7831;163;0.9;0.0
974;2021-02-08;470;34;8301;197;1.0;0.0
974;2021-02-09;787;93;9088;290;1.1;0.0
974;2021-02-10;820;87;9908;377;1.2;0.0
974;2021-02-11;796;88;10704;465;1.2;0.1
974;2021-02-12;638;93;11342;558;1.3;0.1
974;2021-02-13;654;75;11996;633;1.4;0.1
974;2021-02-14;1;0;11997;633;1.4;0.1
974;2021-02-15;526;127;12523;760;1.5;0.1
974;2021-02-16;651;533;13174;1293;1.5;0.2
974;2021-02-17;592;325;13766;1618;1.6;0.2
974;2021-02-18;494;405;14260;2023;1.7;0.2
974;2021-02-19;497;318;14757;2341;1.7;0.3
974;2021-02-20;577;117;15334;2458;1.8;0.3
974;2021-02-21;0;0;15334;2458;1.8;0.3
974;2021-02-22;403;236;15737;2694;1.8;0.3
974;2021-02-23;608;238;16345;2932;1.9;0.3
974;2021-02-24;584;250;16929;3182;2.0;0.4
974;2021-02-25;649;294;17578;3476;2.0;0.4
974;2021-02-26;485;465;18063;3941;2.1;0.5
974;2021-02-27;384;466;18447;4407;2.1;0.5
974;2021-02-28;0;0;18447;4407;2.1;0.5
974;2021-03-01;293;384;18740;4791;2.2;0.6
974;2021-03-02;486;500;19226;5291;2.2;0.6
974;2021-03-03;757;537;19983;5828;2.3;0.7
974;2021-03-04;777;492;20760;6320;2.4;0.7
974;2021-03-05;729;517;21489;6837;2.5;0.8
974;2021-03-06;812;524;22301;7361;2.6;0.9
974;2021-03-07;0;0;22301;7361;2.6;0.9
974;2021-03-08;436;553;22737;7914;2.6;0.9
974;2021-03-09;671;769;23408;8683;2.7;1.0
974;2021-03-10;643;835;24051;9518;2.8;1.1
974;2021-03-11;701;626;24752;10144;2.9;1.2
974;2021-03-12;731;653;25483;10797;3.0;1.3
974;2021-03-13;669;600;26152;11397;3.0;1.3
974;2021-03-14;2;0;26154;11397;3.0;1.3
974;2021-03-15;509;492;26663;11889;3.1;1.4
974;2021-03-16;681;690;27344;12579;3.2;1.5
974;2021-03-17;848;520;28192;13099;3.3;1.5
974;2021-03-18;1021;504;29213;13603;3.4;1.6
974;2021-03-19;786;528;29999;14131;3.5;1.6
974;2021-03-20;578;592;30577;14723;3.6;1.7
974;2021-03-21;0;0;30577;14723;3.6;1.7
974;2021-03-22;566;467;31143;15190;3.6;1.8
974;2021-03-23;780;636;31923;15826;3.7;1.8
974;2021-03-24;792;643;32715;16469;3.8;1.9
974;2021-03-25;933;538;33648;17007;3.9;2.0
974;2021-03-26;922;451;34570;17458;4.0;2.0
974;2021-03-27;782;336;35352;17794;4.1;2.1
974;2021-03-28;1;0;35353;17794;4.1;2.1
974;2021-03-29;961;270;36314;18064;4.2;2.1
974;2021-03-30;884;495;37198;18559;4.3;2.2
974;2021-03-31;739;657;37937;19216;4.4;2.2
974;2021-04-01;718;705;38655;19921;4.5;2.3
974;2021-04-02;688;756;39343;20677;4.6;2.4
974;2021-04-03;699;698;40042;21375;4.7;2.5
974;2021-04-04;0;0;40042;21375;4.7;2.5
974;2021-04-05;0;0;40042;21375;4.7;2.5
974;2021-04-06;796;635;40838;22010;4.7;2.6
974;2021-04-07;1368;782;42206;22792;4.9;2.7
974;2021-04-08;1792;769;43998;23561;5.1;2.7
974;2021-04-09;1509;775;45507;24336;5.3;2.8
974;2021-04-10;1137;646;46644;24982;5.4;2.9
974;2021-04-11;2;0;46646;24982;5.4;2.9
974;2021-04-12;1238;546;47884;25528;5.6;3.0
974;2021-04-13;1439;751;49323;26279;5.7;3.1
974;2021-04-14;2070;765;51393;27044;6.0;3.1
974;2021-04-15;2506;954;53899;27998;6.3;3.3
974;2021-04-16;1935;783;55834;28781;6.5;3.3
974;2021-04-17;1290;603;57124;29384;6.6;3.4
974;2021-04-18;0;0;57124;29384;6.6;3.4
974;2021-04-19;1374;563;58498;29947;6.8;3.5
974;2021-04-20;1651;805;60149;30752;7.0;3.6
974;2021-04-21;2126;626;62275;31378;7.2;3.6
974;2021-04-22;2953;821;65228;32199;7.6;3.7
974;2021-04-23;2312;818;67540;33017;7.9;3.8
974;2021-04-24;1110;804;68650;33821;8.0;3.9
974;2021-04-25;3;0;68653;33821;8.0;3.9
974;2021-04-26;1173;913;69826;34734;8.1;4.0
974;2021-04-27;1686;1027;71512;35761;8.3;4.2
974;2021-04-28;2900;750;74412;36511;8.7;4.2
974;2021-04-29;3949;816;78361;37327;9.1;4.3
974;2021-04-30;3449;905;81810;38232;9.5;4.4
974;2021-05-01;2106;226;83916;38458;9.8;4.5
974;2021-05-02;1;0;83917;38458;9.8;4.5
974;2021-05-03;1865;575;85782;39033;10.0;4.5
974;2021-05-04;2127;1094;87909;40127;10.2;4.7
974;2021-05-05;3121;1644;91030;41771;10.6;4.9
974;2021-05-06;4004;1586;95034;43357;11.1;5.0
974;2021-05-07;3229;1524;98263;44881;11.4;5.2
974;2021-05-08;1576;503;99839;45384;11.6;5.3
974;2021-05-09;2;1;99841;45385;11.6;5.3
974;2021-05-10;2413;1000;102254;46385;11.9;5.4
974;2021-05-11;3652;1640;105906;48025;12.3;5.6
974;2021-05-12;4723;2405;110629;50430;12.9;5.9
974;2021-05-13;3556;598;114185;51028;13.3;5.9
974;2021-05-14;5277;2515;119462;53543;13.9;6.2
974;2021-05-15;3158;1536;122620;55079;14.3;6.4
974;2021-05-16;16;19;122636;55098;14.3;6.4
974;2021-05-17;2998;1497;125634;56595;14.6;6.6
974;2021-05-18;3765;1803;129399;58398;15.0;6.8
974;2021-05-19;4692;2434;134091;60832;15.6;7.1
974;2021-05-20;5139;2854;139230;63686;16.2;7.4
974;2021-05-21;4996;2633;144226;66319;16.8;7.7
974;2021-05-22;3371;1256;147597;67575;17.2;7.9
974;2021-05-23;5;3;147602;67578;17.2;7.9
974;2021-05-24;3644;1078;151246;68656;17.6;8.0
974;2021-05-25;4247;1913;155493;70569;18.1;8.2
974;2021-05-26;4992;2993;160485;73562;18.7;8.6
974;2021-05-27;4620;4100;165105;77662;19.2;9.0
974;2021-05-28;4386;3835;169491;81497;19.7;9.5
974;2021-05-29;2555;2455;172046;83952;20.0;9.8
974;2021-05-30;8;14;172054;83966;20.0;9.8
974;2021-05-31;2348;2253;174402;86219;20.3;10.0
974;2021-06-01;3302;2760;177704;88979;20.7;10.3
974;2021-06-02;3971;3364;181675;92343;21.1;10.7
974;2021-06-03;4044;3651;185719;95994;21.6;11.2
974;2021-06-04;3850;3757;189569;99751;22.0;11.6
974;2021-06-05;2214;1926;191783;101677;22.3;11.8
974;2021-06-06;1073;134;192856;101811;22.4;11.8
974;2021-06-07;2013;2526;194869;104337;22.7;12.1
974;2021-06-08;2558;3339;197427;107676;23.0;12.5
974;2021-06-09;2984;4838;200411;112514;23.3;13.1
974;2021-06-10;3413;4465;203824;116979;23.7;13.6
974;2021-06-11;2841;4622;206665;121601;24.0;14.1
974;2021-06-12;1727;3379;208392;124980;24.2;14.5
974;2021-06-13;1324;246;209716;125226;24.4;14.6
974;2021-06-14;1490;3183;211206;128409;24.6;14.9
974;2021-06-15;2060;3615;213266;132024;24.8;15.4
974;2021-06-16;2752;4657;216018;136681;25.1;15.9
974;2021-06-17;2522;4895;218540;141576;25.4;16.5
974;2021-06-18;2598;4891;221138;146467;25.7;17.0
974;2021-06-19;1304;3517;222442;149984;25.9;17.4
974;2021-06-20;632;289;223074;150273;25.9;17.5
974;2021-06-21;1265;3234;224339;153507;26.1;17.9
974;2021-06-22;1623;3763;225962;157270;26.3;18.3
974;2021-06-23;2258;4995;228220;162265;26.5;18.9
974;2021-06-24;2283;4069;230503;166334;26.8;19.3
974;2021-06-25;2188;4105;232691;170439;27.1;19.8
974;2021-06-26;1401;2710;234092;173149;27.2;20.1
974;2021-06-27;665;268;234757;173417;27.3;20.2
974;2021-06-28;1306;2478;236063;175895;27.5;20.5
974;2021-06-29;1758;2847;237821;178742;27.7;20.8
974;2021-06-30;2563;3846;240384;182588;28.0;21.2
974;2021-07-01;2699;3826;243083;186414;28.3;21.7
974;2021-07-02;2513;3715;245596;190129;28.6;22.1
974;2021-07-03;1614;2459;247210;192588;28.7;22.4
974;2021-07-04;881;1039;248091;193627;28.8;22.5
974;2021-07-05;1696;2222;249787;195849;29.0;22.8
974;2021-07-06;2575;2542;252362;198391;29.3;23.1
974;2021-07-07;2663;3135;255025;201526;29.7;23.4
974;2021-07-08;2416;3173;257441;204699;29.9;23.8
974;2021-07-09;2762;3429;260203;208128;30.3;24.2
974;2021-07-10;1619;2192;261822;210320;30.4;24.5
974;2021-07-11;729;1016;262551;211336;30.5;24.6
974;2021-07-12;1747;2603;264298;213939;30.7;24.9
974;2021-07-13;4430;3340;268728;217279;31.2;25.3
974;2021-07-14;3295;605;272023;217884;31.6;25.3
974;2021-07-15;5557;4017;277580;221901;32.3;25.8
974;2021-07-16;6239;3299;283819;225200;33.0;26.2
974;2021-07-17;4373;1912;288192;227112;33.5;26.4
974;2021-07-18;2673;764;290865;227876;33.8;26.5
974;2021-07-19;4651;2030;295516;229906;34.4;26.7
974;2021-07-20;6232;2426;301748;232332;35.1;27.0
974;2021-07-21;6741;2855;308489;235187;35.9;27.3
974;2021-07-22;7142;2812;315631;237999;36.7;27.7
974;2021-07-23;6640;2982;322271;240981;37.5;28.0
974;2021-07-24;3800;2060;326071;243041;37.9;28.3
974;2021-07-25;2521;756;328592;243797;38.2;28.3
974;2021-07-26;4373;2090;332965;245887;38.7;28.6
974;2021-07-27;5440;2561;338405;248448;39.4;28.9
974;2021-07-28;5392;2904;343797;251352;40.0;29.2
974;2021-07-29;5743;2803;349540;254155;40.6;29.6
974;2021-07-30;5872;2577;355412;256732;41.3;29.9
974;2021-07-31;3939;1645;359351;258377;41.8;30.0
974;2021-08-01;1899;713;361250;259090;42.0;30.1
974;2021-08-02;3396;1868;364646;260958;42.4;30.3
974;2021-08-03;4294;4072;368940;265030;42.9;30.8
974;2021-08-04;4863;4229;373803;269259;43.5;31.3
974;2021-08-05;4427;4673;378230;273932;44.0;31.9
974;2021-08-06;4070;5098;382300;279030;44.5;32.4
974;2021-08-07;2744;4041;385044;283071;44.8;32.9
974;2021-08-08;1476;2263;386520;285334;44.9;33.2
974;2021-08-09;2560;4527;389080;289861;45.2;33.7
974;2021-08-10;3769;4965;392849;294826;45.7;34.3
974;2021-08-11;4580;5436;397429;300262;46.2;34.9
974;2021-08-12;4681;5923;402110;306185;46.8;35.6
974;2021-08-13;4440;5834;406550;312019;47.3;36.3
974;2021-08-14;2569;4326;409119;316345;47.6;36.8
974;2021-08-15;1566;2178;410685;318523;47.8;37.0
974;2021-08-16;2329;4176;413014;322699;48.0;37.5
974;2021-08-17;3137;4530;416151;327229;48.4;38.1
974;2021-08-18;3307;5895;419458;333124;48.8;38.7
974;2021-08-19;3278;4896;422736;338020;49.2;39.3
974;2021-08-20;3408;5269;426144;343289;49.6;39.9
974;2021-08-21;1803;4618;427947;347907;49.8;40.5
974;2021-08-22;1016;1941;428963;349848;49.9;40.7
974;2021-08-23;1790;3326;430753;353174;50.1;41.1
974;2021-08-24;2429;3774;433182;356948;50.4;41.5
974;2021-08-25;2867;5192;436049;362140;50.7;42.1
974;2021-08-26;2651;3861;438700;366001;51.0;42.6
974;2021-08-27;2759;3997;441459;369998;51.3;43.0
974;2021-08-28;1819;3865;443278;373863;51.5;43.5
974;2021-08-29;735;1573;444013;375436;51.6;43.7
974;2021-08-30;1542;2531;445555;377967;51.8;44.0
974;2021-08-31;1807;3341;447362;381308;52.0;44.3
975;2020-12-27;0;0;0;0;0.0;0.0
975;2020-12-28;0;0;0;0;0.0;0.0
975;2020-12-29;0;0;0;0;0.0;0.0
975;2020-12-30;0;0;0;0;0.0;0.0
975;2020-12-31;0;0;0;0;0.0;0.0
975;2021-01-01;0;0;0;0;0.0;0.0
975;2021-01-02;0;0;0;0;0.0;0.0
975;2021-01-03;0;0;0;0;0.0;0.0
975;2021-01-04;0;0;0;0;0.0;0.0
975;2021-01-05;0;0;0;0;0.0;0.0
975;2021-01-06;0;0;0;0;0.0;0.0
975;2021-01-07;0;0;0;0;0.0;0.0
975;2021-01-08;0;0;0;0;0.0;0.0
975;2021-01-09;0;0;0;0;0.0;0.0
975;2021-01-10;0;0;0;0;0.0;0.0
975;2021-01-11;0;0;0;0;0.0;0.0
975;2021-01-12;0;0;0;0;0.0;0.0
975;2021-01-13;0;0;0;0;0.0;0.0
975;2021-01-14;0;0;0;0;0.0;0.0
975;2021-01-15;0;0;0;0;0.0;0.0
975;2021-01-16;0;0;0;0;0.0;0.0
975;2021-01-17;0;0;0;0;0.0;0.0
975;2021-01-18;0;0;0;0;0.0;0.0
975;2021-01-19;0;0;0;0;0.0;0.0
975;2021-01-20;0;0;0;0;0.0;0.0
975;2021-01-21;0;0;0;0;0.0;0.0
975;2021-01-22;0;0;0;0;0.0;0.0
975;2021-01-23;0;0;0;0;0.0;0.0
975;2021-01-24;0;0;0;0;0.0;0.0
975;2021-01-25;0;0;0;0;0.0;0.0
975;2021-01-26;0;0;0;0;0.0;0.0
975;2021-01-27;0;0;0;0;0.0;0.0
975;2021-01-28;0;0;0;0;0.0;0.0
975;2021-01-29;0;0;0;0;0.0;0.0
975;2021-01-30;0;0;0;0;0.0;0.0
975;2021-01-31;0;0;0;0;0.0;0.0
975;2021-02-01;0;0;0;0;0.0;0.0
975;2021-02-02;0;0;0;0;0.0;0.0
975;2021-02-03;0;0;0;0;0.0;0.0
975;2021-02-04;0;0;0;0;0.0;0.0
975;2021-02-05;0;0;0;0;0.0;0.0
975;2021-02-06;0;0;0;0;0.0;0.0
975;2021-02-07;0;0;0;0;0.0;0.0
975;2021-02-08;0;0;0;0;0.0;0.0
975;2021-02-09;0;0;0;0;0.0;0.0
975;2021-02-10;0;0;0;0;0.0;0.0
975;2021-02-11;0;0;0;0;0.0;0.0
975;2021-02-12;0;0;0;0;0.0;0.0
975;2021-02-13;0;0;0;0;0.0;0.0
975;2021-02-14;0;0;0;0;0.0;0.0
975;2021-02-15;0;0;0;0;0.0;0.0
975;2021-02-16;0;0;0;0;0.0;0.0
975;2021-02-17;0;0;0;0;0.0;0.0
975;2021-02-18;0;0;0;0;0.0;0.0
975;2021-02-19;0;0;0;0;0.0;0.0
975;2021-02-20;0;0;0;0;0.0;0.0
975;2021-02-21;0;0;0;0;0.0;0.0
975;2021-02-22;0;0;0;0;0.0;0.0
975;2021-02-23;0;0;0;0;0.0;0.0
975;2021-02-24;0;0;0;0;0.0;0.0
975;2021-02-25;0;0;0;0;0.0;0.0
975;2021-02-26;0;0;0;0;0.0;0.0
975;2021-02-27;0;0;0;0;0.0;0.0
975;2021-02-28;0;0;0;0;0.0;0.0
975;2021-03-01;0;0;0;0;0.0;0.0
975;2021-03-02;0;0;0;0;0.0;0.0
975;2021-03-03;0;0;0;0;0.0;0.0
975;2021-03-04;0;0;0;0;0.0;0.0
975;2021-03-05;0;0;0;0;0.0;0.0
975;2021-03-06;0;0;0;0;0.0;0.0
975;2021-03-07;0;0;0;0;0.0;0.0
975;2021-03-08;0;0;0;0;0.0;0.0
975;2021-03-09;0;0;0;0;0.0;0.0
975;2021-03-10;0;0;0;0;0.0;0.0
975;2021-03-11;0;0;0;0;0.0;0.0
975;2021-03-12;0;0;0;0;0.0;0.0
975;2021-03-13;0;0;0;0;0.0;0.0
975;2021-03-14;0;0;0;0;0.0;0.0
975;2021-03-15;0;0;0;0;0.0;0.0
975;2021-03-16;0;0;0;0;0.0;0.0
975;2021-03-17;0;0;0;0;0.0;0.0
975;2021-03-18;0;0;0;0;0.0;0.0
975;2021-03-19;0;0;0;0;0.0;0.0
975;2021-03-20;0;0;0;0;0.0;0.0
975;2021-03-21;0;0;0;0;0.0;0.0
975;2021-03-22;0;0;0;0;0.0;0.0
975;2021-03-23;0;0;0;0;0.0;0.0
975;2021-03-24;0;0;0;0;0.0;0.0
975;2021-03-25;0;0;0;0;0.0;0.0
975;2021-03-26;0;0;0;0;0.0;0.0
975;2021-03-27;0;0;0;0;0.0;0.0
975;2021-03-28;0;0;0;0;0.0;0.0
975;2021-03-29;2;0;2;0;0.0;0.0
975;2021-03-30;0;0;2;0;0.0;0.0
975;2021-03-31;0;0;2;0;0.0;0.0
975;2021-04-01;0;0;2;0;0.0;0.0
975;2021-04-02;0;0;2;0;0.0;0.0
975;2021-04-03;0;0;2;0;0.0;0.0
975;2021-04-04;0;0;2;0;0.0;0.0
975;2021-04-05;0;0;2;0;0.0;0.0
975;2021-04-06;0;0;2;0;0.0;0.0
975;2021-04-07;0;0;2;0;0.0;0.0
975;2021-04-08;1;0;3;0;0.1;0.0
975;2021-04-09;0;0;3;0;0.1;0.0
975;2021-04-10;0;0;3;0;0.1;0.0
975;2021-04-11;0;0;3;0;0.1;0.0
975;2021-04-12;0;0;3;0;0.1;0.0
975;2021-04-13;0;0;3;0;0.1;0.0
975;2021-04-14;0;0;3;0;0.1;0.0
975;2021-04-15;0;0;3;0;0.1;0.0
975;2021-04-16;0;0;3;0;0.1;0.0
975;2021-04-17;0;0;3;0;0.1;0.0
975;2021-04-18;0;0;3;0;0.1;0.0
975;2021-04-19;0;0;3;0;0.1;0.0
975;2021-04-20;0;0;3;0;0.1;0.0
975;2021-04-21;0;0;3;0;0.1;0.0
975;2021-04-22;0;0;3;0;0.1;0.0
975;2021-04-23;0;0;3;0;0.1;0.0
975;2021-04-24;0;0;3;0;0.1;0.0
975;2021-04-25;0;0;3;0;0.1;0.0
975;2021-04-26;0;0;3;0;0.1;0.0
975;2021-04-27;0;0;3;0;0.1;0.0
975;2021-04-28;0;0;3;0;0.1;0.0
975;2021-04-29;0;0;3;0;0.1;0.0
975;2021-04-30;0;0;3;0;0.1;0.0
975;2021-05-01;0;0;3;0;0.1;0.0
975;2021-05-02;0;0;3;0;0.1;0.0
975;2021-05-03;0;0;3;0;0.1;0.0
975;2021-05-04;0;0;3;0;0.1;0.0
975;2021-05-05;0;0;3;0;0.1;0.0
975;2021-05-06;0;0;3;0;0.1;0.0
975;2021-05-07;0;0;3;0;0.1;0.0
975;2021-05-08;0;0;3;0;0.1;0.0
975;2021-05-09;0;0;3;0;0.1;0.0
975;2021-05-10;0;0;3;0;0.1;0.0
975;2021-05-11;0;0;3;0;0.1;0.0
975;2021-05-12;0;0;3;0;0.1;0.0
975;2021-05-13;0;0;3;0;0.1;0.0
975;2021-05-14;0;0;3;0;0.1;0.0
975;2021-05-15;0;0;3;0;0.1;0.0
975;2021-05-16;0;0;3;0;0.1;0.0
975;2021-05-17;0;0;3;0;0.1;0.0
975;2021-05-18;0;0;3;0;0.1;0.0
975;2021-05-19;0;0;3;0;0.1;0.0
975;2021-05-20;0;0;3;0;0.1;0.0
975;2021-05-21;0;0;3;0;0.1;0.0
975;2021-05-22;0;0;3;0;0.1;0.0
975;2021-05-23;0;0;3;0;0.1;0.0
975;2021-05-24;0;0;3;0;0.1;0.0
975;2021-05-25;0;0;3;0;0.1;0.0
975;2021-05-26;0;0;3;0;0.1;0.0
975;2021-05-27;0;0;3;0;0.1;0.0
975;2021-05-28;0;0;3;0;0.1;0.0
975;2021-05-29;0;2;3;2;0.1;0.0
975;2021-05-30;0;0;3;2;0.1;0.0
975;2021-05-31;0;0;3;2;0.1;0.0
975;2021-06-01;0;0;3;2;0.1;0.0
975;2021-06-02;0;0;3;2;0.1;0.0
975;2021-06-03;0;0;3;2;0.1;0.0
975;2021-06-04;0;0;3;2;0.1;0.0
975;2021-06-05;0;0;3;2;0.1;0.0
975;2021-06-06;0;0;3;2;0.1;0.0
975;2021-06-07;0;0;3;2;0.1;0.0
975;2021-06-08;0;0;3;2;0.1;0.0
975;2021-06-09;0;0;3;2;0.1;0.0
975;2021-06-10;0;0;3;2;0.1;0.0
975;2021-06-11;0;0;3;2;0.1;0.0
975;2021-06-12;0;0;3;2;0.1;0.0
975;2021-06-13;0;0;3;2;0.1;0.0
975;2021-06-14;0;0;3;2;0.1;0.0
975;2021-06-15;0;0;3;2;0.1;0.0
975;2021-06-16;0;0;3;2;0.1;0.0
975;2021-06-17;0;0;3;2;0.1;0.0
975;2021-06-18;0;0;3;2;0.1;0.0
975;2021-06-19;0;0;3;2;0.1;0.0
975;2021-06-20;0;0;3;2;0.1;0.0
975;2021-06-21;1;0;4;2;0.1;0.0
975;2021-06-22;0;0;4;2;0.1;0.0
975;2021-06-23;0;0;4;2;0.1;0.0
975;2021-06-24;0;0;4;2;0.1;0.0
975;2021-06-25;0;0;4;2;0.1;0.0
975;2021-06-26;0;0;4;2;0.1;0.0
975;2021-06-27;0;0;4;2;0.1;0.0
975;2021-06-28;0;0;4;2;0.1;0.0
975;2021-06-29;0;0;4;2;0.1;0.0
975;2021-06-30;0;0;4;2;0.1;0.0
975;2021-07-01;0;0;4;2;0.1;0.0
975;2021-07-02;0;0;4;2;0.1;0.0
975;2021-07-03;0;0;4;2;0.1;0.0
975;2021-07-04;0;0;4;2;0.1;0.0
975;2021-07-05;0;0;4;2;0.1;0.0
975;2021-07-06;1;0;5;2;0.1;0.0
975;2021-07-07;7;0;12;2;0.2;0.0
975;2021-07-08;0;0;12;2;0.2;0.0
975;2021-07-09;1;0;13;2;0.2;0.0
975;2021-07-10;0;0;13;2;0.2;0.0
975;2021-07-11;0;0;13;2;0.2;0.0
975;2021-07-12;1;0;14;2;0.2;0.0
975;2021-07-13;0;0;14;2;0.2;0.0
975;2021-07-14;0;0;14;2;0.2;0.0
975;2021-07-15;0;0;14;2;0.2;0.0
975;2021-07-16;0;0;14;2;0.2;0.0
975;2021-07-17;0;0;14;2;0.2;0.0
975;2021-07-18;0;0;14;2;0.2;0.0
975;2021-07-19;0;0;14;2;0.2;0.0
975;2021-07-20;0;0;14;2;0.2;0.0
975;2021-07-21;0;0;14;2;0.2;0.0
975;2021-07-22;0;0;14;2;0.2;0.0
975;2021-07-23;0;0;14;2;0.2;0.0
975;2021-07-24;0;0;14;2;0.2;0.0
975;2021-07-25;0;0;14;2;0.2;0.0
975;2021-07-26;0;0;14;2;0.2;0.0
975;2021-07-27;0;0;14;2;0.2;0.0
975;2021-07-28;0;0;14;2;0.2;0.0
975;2021-07-29;0;0;14;2;0.2;0.0
975;2021-07-30;0;0;14;2;0.2;0.0
975;2021-07-31;0;0;14;2;0.2;0.0
975;2021-08-01;0;0;14;2;0.2;0.0
975;2021-08-02;1;0;15;2;0.3;0.0
975;2021-08-03;0;0;15;2;0.3;0.0
975;2021-08-04;0;0;15;2;0.3;0.0
975;2021-08-05;0;0;15;2;0.3;0.0
975;2021-08-06;0;0;15;2;0.3;0.0
975;2021-08-07;0;0;15;2;0.3;0.0
975;2021-08-08;0;0;15;2;0.3;0.0
975;2021-08-09;0;0;15;2;0.3;0.0
975;2021-08-10;0;0;15;2;0.3;0.0
975;2021-08-11;0;0;15;2;0.3;0.0
975;2021-08-12;0;0;15;2;0.3;0.0
975;2021-08-13;0;0;15;2;0.3;0.0
975;2021-08-14;0;0;15;2;0.3;0.0
975;2021-08-15;0;0;15;2;0.3;0.0
975;2021-08-16;0;0;15;2;0.3;0.0
975;2021-08-17;0;0;15;2;0.3;0.0
975;2021-08-18;0;0;15;2;0.3;0.0
975;2021-08-19;0;1;15;3;0.3;0.1
975;2021-08-20;0;0;15;3;0.3;0.1
975;2021-08-21;0;0;15;3;0.3;0.1
975;2021-08-22;0;0;15;3;0.3;0.1
975;2021-08-23;0;0;15;3;0.3;0.1
975;2021-08-24;0;0;15;3;0.3;0.1
975;2021-08-25;0;0;15;3;0.3;0.1
975;2021-08-26;0;0;15;3;0.3;0.1
975;2021-08-27;0;0;15;3;0.3;0.1
975;2021-08-28;0;0;15;3;0.3;0.1
975;2021-08-29;0;0;15;3;0.3;0.1
975;2021-08-30;0;0;15;3;0.3;0.1
975;2021-08-31;0;0;15;3;0.3;0.1
976;2020-12-27;0;0;0;0;0.0;0.0
976;2020-12-28;0;0;0;0;0.0;0.0
976;2020-12-29;0;0;0;0;0.0;0.0
976;2020-12-30;0;0;0;0;0.0;0.0
976;2020-12-31;0;0;0;0;0.0;0.0
976;2021-01-01;0;0;0;0;0.0;0.0
976;2021-01-02;0;0;0;0;0.0;0.0
976;2021-01-03;0;0;0;0;0.0;0.0
976;2021-01-04;0;0;0;0;0.0;0.0
976;2021-01-05;0;0;0;0;0.0;0.0
976;2021-01-06;0;0;0;0;0.0;0.0
976;2021-01-07;0;0;0;0;0.0;0.0
976;2021-01-08;0;0;0;0;0.0;0.0
976;2021-01-09;0;0;0;0;0.0;0.0
976;2021-01-10;0;0;0;0;0.0;0.0
976;2021-01-11;9;0;9;0;0.0;0.0
976;2021-01-12;0;0;9;0;0.0;0.0
976;2021-01-13;0;0;9;0;0.0;0.0
976;2021-01-14;0;0;9;0;0.0;0.0
976;2021-01-15;1;0;10;0;0.0;0.0
976;2021-01-16;1;0;11;0;0.0;0.0
976;2021-01-17;0;0;11;0;0.0;0.0
976;2021-01-18;1;0;12;0;0.0;0.0
976;2021-01-19;0;0;12;0;0.0;0.0
976;2021-01-20;0;0;12;0;0.0;0.0
976;2021-01-21;1;1;13;1;0.0;0.0
976;2021-01-22;0;0;13;1;0.0;0.0
976;2021-01-23;1;0;14;1;0.0;0.0
976;2021-01-24;0;0;14;1;0.0;0.0
976;2021-01-25;143;3;157;4;0.1;0.0
976;2021-01-26;167;3;324;7;0.1;0.0
976;2021-01-27;250;3;574;10;0.2;0.0
976;2021-01-28;102;8;676;18;0.2;0.0
976;2021-01-29;231;2;907;20;0.3;0.0
976;2021-01-30;285;11;1192;31;0.4;0.0
976;2021-01-31;1;0;1193;31;0.4;0.0
976;2021-02-01;161;1;1354;32;0.5;0.0
976;2021-02-02;330;9;1684;41;0.6;0.0
976;2021-02-03;228;3;1912;44;0.7;0.0
976;2021-02-04;216;9;2128;53;0.8;0.0
976;2021-02-05;213;0;2341;53;0.8;0.0
976;2021-02-06;83;10;2424;63;0.9;0.0
976;2021-02-07;0;0;2424;63;0.9;0.0
976;2021-02-08;82;4;2506;67;0.9;0.0
976;2021-02-09;194;1;2700;68;1.0;0.0
976;2021-02-10;187;5;2887;73;1.0;0.0
976;2021-02-11;236;4;3123;77;1.1;0.0
976;2021-02-12;289;4;3412;81;1.2;0.0
976;2021-02-13;56;0;3468;81;1.2;0.0
976;2021-02-14;1;0;3469;81;1.2;0.0
976;2021-02-15;359;7;3828;88;1.4;0.0
976;2021-02-16;266;9;4094;97;1.5;0.0
976;2021-02-17;167;8;4261;105;1.5;0.0
976;2021-02-18;218;12;4479;117;1.6;0.0
976;2021-02-19;237;24;4716;141;1.7;0.1
976;2021-02-20;139;9;4855;150;1.7;0.1
976;2021-02-21;0;0;4855;150;1.7;0.1
976;2021-02-22;130;121;4985;271;1.8;0.1
976;2021-02-23;185;155;5170;426;1.8;0.2
976;2021-02-24;176;145;5346;571;1.9;0.2
976;2021-02-25;227;278;5573;849;2.0;0.3
976;2021-02-26;242;243;5815;1092;2.1;0.4
976;2021-02-27;0;0;5815;1092;2.1;0.4
976;2021-02-28;0;0;5815;1092;2.1;0.4
976;2021-03-01;146;259;5961;1351;2.1;0.5
976;2021-03-02;228;261;6189;1612;2.2;0.6
976;2021-03-03;202;189;6391;1801;2.3;0.6
976;2021-03-04;205;144;6596;1945;2.4;0.7
976;2021-03-05;224;116;6820;2061;2.4;0.7
976;2021-03-06;1;0;6821;2061;2.4;0.7
976;2021-03-07;1;0;6822;2061;2.4;0.7
976;2021-03-08;189;111;7011;2172;2.5;0.8
976;2021-03-09;391;162;7402;2334;2.6;0.8
976;2021-03-10;180;178;7582;2512;2.7;0.9
976;2021-03-11;167;207;7749;2719;2.8;1.0
976;2021-03-12;237;294;7986;3013;2.9;1.1
976;2021-03-13;2;0;7988;3013;2.9;1.1
976;2021-03-14;0;0;7988;3013;2.9;1.1
976;2021-03-15;157;294;8145;3307;2.9;1.2
976;2021-03-16;238;226;8383;3533;3.0;1.3
976;2021-03-17;264;145;8647;3678;3.1;1.3
976;2021-03-18;174;236;8821;3914;3.2;1.4
976;2021-03-19;173;298;8994;4212;3.2;1.5
976;2021-03-20;0;0;8994;4212;3.2;1.5
976;2021-03-21;0;0;8994;4212;3.2;1.5
976;2021-03-22;97;136;9091;4348;3.3;1.6
976;2021-03-23;136;239;9227;4587;3.3;1.6
976;2021-03-24;160;147;9387;4734;3.4;1.7
976;2021-03-25;185;206;9572;4940;3.4;1.8
976;2021-03-26;160;212;9732;5152;3.5;1.8
976;2021-03-27;18;0;9750;5152;3.5;1.8
976;2021-03-28;1;0;9751;5152;3.5;1.8
976;2021-03-29;0;2;9751;5154;3.5;1.8
976;2021-03-30;273;336;10024;5490;3.6;2.0
976;2021-03-31;225;125;10249;5615;3.7;2.0
976;2021-04-01;245;103;10494;5718;3.8;2.0
976;2021-04-02;289;262;10783;5980;3.9;2.1
976;2021-04-03;905;310;11688;6290;4.2;2.3
976;2021-04-04;2;0;11690;6290;4.2;2.3
976;2021-04-05;1;0;11691;6290;4.2;2.3
976;2021-04-06;162;277;11853;6567;4.2;2.3
976;2021-04-07;237;266;12090;6833;4.3;2.4
976;2021-04-08;285;140;12375;6973;4.4;2.5
976;2021-04-09;249;171;12624;7144;4.5;2.6
976;2021-04-10;181;114;12805;7258;4.6;2.6
976;2021-04-11;7;0;12812;7258;4.6;2.6
976;2021-04-12;0;19;12812;7277;4.6;2.6
976;2021-04-13;394;345;13206;7622;4.7;2.7
976;2021-04-14;239;205;13445;7827;4.8;2.8
976;2021-04-15;209;117;13654;7944;4.9;2.8
976;2021-04-16;214;127;13868;8071;5.0;2.9
976;2021-04-17;226;131;14094;8202;5.0;2.9
976;2021-04-18;1;0;14095;8202;5.0;2.9
976;2021-04-19;7;1;14102;8203;5.0;2.9
976;2021-04-20;369;222;14471;8425;5.2;3.0
976;2021-04-21;412;149;14883;8574;5.3;3.1
976;2021-04-22;410;150;15293;8724;5.5;3.1
976;2021-04-23;367;166;15660;8890;5.6;3.2
976;2021-04-24;413;128;16073;9018;5.8;3.2
976;2021-04-25;2;0;16075;9018;5.8;3.2
976;2021-04-26;55;8;16130;9026;5.8;3.2
976;2021-04-27;351;293;16481;9319;5.9;3.3
976;2021-04-28;357;513;16838;9832;6.0;3.5
976;2021-04-29;559;344;17397;10176;6.2;3.6
976;2021-04-30;408;238;17805;10414;6.4;3.7
976;2021-05-01;673;286;18478;10700;6.6;3.8
976;2021-05-02;0;0;18478;10700;6.6;3.8
976;2021-05-03;141;6;18619;10706;6.7;3.8
976;2021-05-04;353;426;18972;11132;6.8;4.0
976;2021-05-05;448;318;19420;11450;6.9;4.1
976;2021-05-06;320;202;19740;11652;7.1;4.2
976;2021-05-07;341;133;20081;11785;7.2;4.2
976;2021-05-08;305;139;20386;11924;7.3;4.3
976;2021-05-09;0;0;20386;11924;7.3;4.3
976;2021-05-10;9;9;20395;11933;7.3;4.3
976;2021-05-11;363;490;20758;12423;7.4;4.4
976;2021-05-12;334;310;21092;12733;7.5;4.6
976;2021-05-13;126;96;21218;12829;7.6;4.6
976;2021-05-14;0;0;21218;12829;7.6;4.6
976;2021-05-15;486;283;21704;13112;7.8;4.7
976;2021-05-16;1;0;21705;13112;7.8;4.7
976;2021-05-17;124;51;21829;13163;7.8;4.7
976;2021-05-18;517;430;22346;13593;8.0;4.9
976;2021-05-19;653;663;22999;14256;8.2;5.1
976;2021-05-20;1059;498;24058;14754;8.6;5.3
976;2021-05-21;1046;313;25104;15067;9.0;5.4
976;2021-05-22;1243;299;26347;15366;9.4;5.5
976;2021-05-23;0;0;26347;15366;9.4;5.5
976;2021-05-24;1;0;26348;15366;9.4;5.5
976;2021-05-25;890;623;27238;15989;9.7;5.7
976;2021-05-26;1036;842;28274;16831;10.1;6.0
976;2021-05-27;1325;512;29599;17343;10.6;6.2
976;2021-05-28;957;375;30556;17718;10.9;6.3
976;2021-05-29;1131;392;31687;18110;11.3;6.5
976;2021-05-30;1;1;31688;18111;11.3;6.5
976;2021-05-31;105;6;31793;18117;11.4;6.5
976;2021-06-01;1153;652;32946;18769;11.8;6.7
976;2021-06-02;1241;530;34187;19299;12.2;6.9
976;2021-06-03;812;354;34999;19653;12.5;7.0
976;2021-06-04;1003;323;36002;19976;12.9;7.1
976;2021-06-05;680;299;36682;20275;13.1;7.3
976;2021-06-06;1;0;36683;20275;13.1;7.3
976;2021-06-07;91;12;36774;20287;13.2;7.3
976;2021-06-08;961;444;37735;20731;13.5;7.4
976;2021-06-09;972;550;38707;21281;13.9;7.6
976;2021-06-10;704;232;39411;21513;14.1;7.7
976;2021-06-11;849;366;40260;21879;14.4;7.8
976;2021-06-12;586;276;40846;22155;14.6;7.9
976;2021-06-13;2;0;40848;22155;14.6;7.9
976;2021-06-14;187;112;41035;22267;14.7;8.0
976;2021-06-15;415;839;41450;23106;14.8;8.3
976;2021-06-16;892;1442;42342;24548;15.2;8.8
976;2021-06-17;802;660;43144;25208;15.4;9.0
976;2021-06-18;710;621;43854;25829;15.7;9.2
976;2021-06-19;538;643;44392;26472;15.9;9.5
976;2021-06-20;1;0;44393;26472;15.9;9.5
976;2021-06-21;128;132;44521;26604;15.9;9.5
976;2021-06-22;431;1150;44952;27754;16.1;9.9
976;2021-06-23;685;1186;45637;28940;16.3;10.4
976;2021-06-24;481;546;46118;29486;16.5;10.6
976;2021-06-25;546;479;46664;29965;16.7;10.7
976;2021-06-26;391;693;47055;30658;16.8;11.0
976;2021-06-27;1;0;47056;30658;16.8;11.0
976;2021-06-28;107;191;47163;30849;16.9;11.0
976;2021-06-29;740;974;47903;31823;17.1;11.4
976;2021-06-30;704;947;48607;32770;17.4;11.7
976;2021-07-01;582;546;49189;33316;17.6;11.9
976;2021-07-02;454;430;49643;33746;17.8;12.1
976;2021-07-03;446;423;50089;34169;17.9;12.2
976;2021-07-04;2;0;50091;34169;17.9;12.2
976;2021-07-05;121;224;50212;34393;18.0;12.3
976;2021-07-06;503;865;50715;35258;18.1;12.6
976;2021-07-07;771;1015;51486;36273;18.4;13.0
976;2021-07-08;814;635;52300;36908;18.7;13.2
976;2021-07-09;791;519;53091;37427;19.0;13.4
976;2021-07-10;441;320;53532;37747;19.2;13.5
976;2021-07-11;0;0;53532;37747;19.2;13.5
976;2021-07-12;164;172;53696;37919;19.2;13.6
976;2021-07-13;857;1001;54553;38920;19.5;13.9
976;2021-07-14;0;5;54553;38925;19.5;13.9
976;2021-07-15;1229;816;55782;39741;20.0;14.2
976;2021-07-16;1310;660;57092;40401;20.4;14.5
976;2021-07-17;1049;377;58141;40778;20.8;14.6
976;2021-07-18;0;0;58141;40778;20.8;14.6
976;2021-07-19;205;134;58346;40912;20.9;14.6
976;2021-07-20;1160;879;59506;41791;21.3;15.0
976;2021-07-21;35;29;59541;41820;21.3;15.0
976;2021-07-22;1127;664;60668;42484;21.7;15.2
976;2021-07-23;1209;547;61877;43031;22.1;15.4
976;2021-07-24;863;439;62740;43470;22.4;15.6
976;2021-07-25;2;0;62742;43470;22.5;15.6
976;2021-07-26;181;36;62923;43506;22.5;15.6
976;2021-07-27;1145;823;64068;44329;22.9;15.9
976;2021-07-28;1041;635;65109;44964;23.3;16.1
976;2021-07-29;1241;567;66350;45531;23.7;16.3
976;2021-07-30;1216;411;67566;45942;24.2;16.4
976;2021-07-31;767;277;68333;46219;24.5;16.5
976;2021-08-01;0;0;68333;46219;24.5;16.5
976;2021-08-02;316;176;68649;46395;24.6;16.6
976;2021-08-03;1508;936;70157;47331;25.1;16.9
976;2021-08-04;1831;810;71988;48141;25.8;17.2
976;2021-08-05;1469;501;73457;48642;26.3;17.4
976;2021-08-06;1679;504;75136;49146;26.9;17.6
976;2021-08-07;912;355;76048;49501;27.2;17.7
976;2021-08-08;6;1;76054;49502;27.2;17.7
976;2021-08-09;520;235;76574;49737;27.4;17.8
976;2021-08-10;1627;1378;78201;51115;28.0;18.3
976;2021-08-11;2023;1239;80224;52354;28.7;18.7
976;2021-08-12;1692;611;81916;52965;29.3;19.0
976;2021-08-13;1530;531;83446;53496;29.9;19.1
976;2021-08-14;827;451;84273;53947;30.2;19.3
976;2021-08-15;0;0;84273;53947;30.2;19.3
976;2021-08-16;537;287;84810;54234;30.3;19.4
976;2021-08-17;1793;1300;86603;55534;31.0;19.9
976;2021-08-18;2191;1218;88794;56752;31.8;20.3
976;2021-08-19;1940;543;90734;57295;32.5;20.5
976;2021-08-20;1725;540;92459;57835;33.1;20.7
976;2021-08-21;1026;518;93485;58353;33.5;20.9
976;2021-08-22;7;0;93492;58353;33.5;20.9
976;2021-08-23;510;270;94002;58623;33.6;21.0
976;2021-08-24;1029;1003;95031;59626;34.0;21.3
976;2021-08-25;1057;1289;96088;60915;34.4;21.8
976;2021-08-26;883;570;96971;61485;34.7;22.0
976;2021-08-27;725;560;97696;62045;35.0;22.2
976;2021-08-28;466;853;98162;62898;35.1;22.5
976;2021-08-29;0;12;98162;62910;35.1;22.5
976;2021-08-30;142;256;98304;63166;35.2;22.6
976;2021-08-31;516;1156;98820;64322;35.4;23.0
977;2020-12-27;0;0;0;0;0.0;0.0
977;2020-12-28;0;0;0;0;0.0;0.0
977;2020-12-29;0;0;0;0;0.0;0.0
977;2020-12-30;0;0;0;0;0.0;0.0
977;2020-12-31;0;0;0;0;0.0;0.0
977;2021-01-01;0;0;0;0;0.0;0.0
977;2021-01-02;0;0;0;0;0.0;0.0
977;2021-01-03;0;0;0;0;0.0;0.0
977;2021-01-04;0;0;0;0;0.0;0.0
977;2021-01-05;0;0;0;0;0.0;0.0
977;2021-01-06;0;0;0;0;0.0;0.0
977;2021-01-07;0;0;0;0;0.0;0.0
977;2021-01-08;0;0;0;0;0.0;0.0
977;2021-01-09;0;0;0;0;0.0;0.0
977;2021-01-10;0;0;0;0;0.0;0.0
977;2021-01-11;0;0;0;0;0.0;0.0
977;2021-01-12;0;0;0;0;0.0;0.0
977;2021-01-13;0;0;0;0;0.0;0.0
977;2021-01-14;0;0;0;0;0.0;0.0
977;2021-01-15;0;0;0;0;0.0;0.0
977;2021-01-16;0;0;0;0;0.0;0.0
977;2021-01-17;0;0;0;0;0.0;0.0
977;2021-01-18;1;0;1;0;0.0;0.0
977;2021-01-19;0;0;1;0;0.0;0.0
977;2021-01-20;0;0;1;0;0.0;0.0
977;2021-01-21;12;0;13;0;0.1;0.0
977;2021-01-22;12;0;25;0;0.3;0.0
977;2021-01-23;0;0;25;0;0.3;0.0
977;2021-01-24;0;0;25;0;0.3;0.0
977;2021-01-25;0;0;25;0;0.3;0.0
977;2021-01-26;0;0;25;0;0.3;0.0
977;2021-01-27;12;0;37;0;0.4;0.0
977;2021-01-28;1;0;38;0;0.4;0.0
977;2021-01-29;6;0;44;0;0.4;0.0
977;2021-01-30;0;0;44;0;0.4;0.0
977;2021-01-31;0;0;44;0;0.4;0.0
977;2021-02-01;0;0;44;0;0.4;0.0
977;2021-02-02;0;0;44;0;0.4;0.0
977;2021-02-03;11;0;55;0;0.6;0.0
977;2021-02-04;12;0;67;0;0.7;0.0
977;2021-02-05;11;0;78;0;0.8;0.0
977;2021-02-06;0;0;78;0;0.8;0.0
977;2021-02-07;0;0;78;0;0.8;0.0
977;2021-02-08;0;0;78;0;0.8;0.0
977;2021-02-09;14;0;92;0;0.9;0.0
977;2021-02-10;0;0;92;0;0.9;0.0
977;2021-02-11;17;0;109;0;1.1;0.0
977;2021-02-12;45;0;154;0;1.5;0.0
977;2021-02-13;0;0;154;0;1.5;0.0
977;2021-02-14;0;0;154;0;1.5;0.0
977;2021-02-15;0;0;154;0;1.5;0.0
977;2021-02-16;0;0;154;0;1.5;0.0
977;2021-02-17;0;0;154;0;1.5;0.0
977;2021-02-18;18;0;172;0;1.7;0.0
977;2021-02-19;35;0;207;0;2.1;0.0
977;2021-02-20;0;0;207;0;2.1;0.0
977;2021-02-21;0;0;207;0;2.1;0.0
977;2021-02-22;0;0;207;0;2.1;0.0
977;2021-02-23;0;21;207;21;2.1;0.2
977;2021-02-24;0;0;207;21;2.1;0.2
977;2021-02-25;15;9;222;30;2.2;0.3
977;2021-02-26;33;18;255;48;2.6;0.5
977;2021-02-27;0;0;255;48;2.6;0.5
977;2021-02-28;0;0;255;48;2.6;0.5
977;2021-03-01;0;0;255;48;2.6;0.5
977;2021-03-02;19;11;274;59;2.8;0.6
977;2021-03-03;0;0;274;59;2.8;0.6
977;2021-03-04;16;12;290;71;2.9;0.7
977;2021-03-05;35;18;325;89;3.3;0.9
977;2021-03-06;0;0;325;89;3.3;0.9
977;2021-03-07;0;0;325;89;3.3;0.9
977;2021-03-08;0;0;325;89;3.3;0.9
977;2021-03-09;1;0;326;89;3.3;0.9
977;2021-03-10;0;0;326;89;3.3;0.9
977;2021-03-11;20;30;346;119;3.5;1.2
977;2021-03-12;62;41;408;160;4.1;1.6
977;2021-03-13;0;0;408;160;4.1;1.6
977;2021-03-14;0;0;408;160;4.1;1.6
977;2021-03-15;0;0;408;160;4.1;1.6
977;2021-03-16;30;10;438;170;4.4;1.7
977;2021-03-17;0;0;438;170;4.4;1.7
977;2021-03-18;30;16;468;186;4.7;1.9
977;2021-03-19;57;27;525;213;5.3;2.1
977;2021-03-20;0;0;525;213;5.3;2.1
977;2021-03-21;0;0;525;213;5.3;2.1
977;2021-03-22;0;0;525;213;5.3;2.1
977;2021-03-23;0;0;525;213;5.3;2.1
977;2021-03-24;0;0;525;213;5.3;2.1
977;2021-03-25;65;17;590;230;5.9;2.3
977;2021-03-26;73;26;663;256;6.7;2.6
977;2021-03-27;0;0;663;256;6.7;2.6
977;2021-03-28;0;0;663;256;6.7;2.6
977;2021-03-29;0;0;663;256;6.7;2.6
977;2021-03-30;40;18;703;274;7.1;2.8
977;2021-03-31;26;15;729;289;7.3;2.9
977;2021-04-01;25;32;754;321;7.6;3.2
977;2021-04-02;0;0;754;321;7.6;3.2
977;2021-04-03;0;0;754;321;7.6;3.2
977;2021-04-04;0;0;754;321;7.6;3.2
977;2021-04-05;9;0;763;321;7.7;3.2
977;2021-04-06;0;0;763;321;7.7;3.2
977;2021-04-07;0;0;763;321;7.7;3.2
977;2021-04-08;57;46;820;367;8.2;3.7
977;2021-04-09;58;31;878;398;8.8;4.0
977;2021-04-10;0;0;878;398;8.8;4.0
977;2021-04-11;0;0;878;398;8.8;4.0
977;2021-04-12;0;0;878;398;8.8;4.0
977;2021-04-13;0;0;878;398;8.8;4.0
977;2021-04-14;5;5;883;403;8.9;4.0
977;2021-04-15;57;70;940;473;9.4;4.7
977;2021-04-16;90;35;1030;508;10.3;5.1
977;2021-04-17;0;1;1030;509;10.3;5.1
977;2021-04-18;0;0;1030;509;10.3;5.1
977;2021-04-19;1;0;1031;509;10.4;5.1
977;2021-04-20;335;62;1366;571;13.7;5.7
977;2021-04-21;337;30;1703;601;17.1;6.0
977;2021-04-22;284;48;1987;649;19.9;6.5
977;2021-04-23;260;42;2247;691;22.6;6.9
977;2021-04-24;231;1;2478;692;24.9;6.9
977;2021-04-25;0;0;2478;692;24.9;6.9
977;2021-04-26;283;19;2761;711;27.7;7.1
977;2021-04-27;224;68;2985;779;30.0;7.8
977;2021-04-28;192;26;3177;805;31.9;8.1
977;2021-04-29;170;23;3347;828;33.6;8.3
977;2021-04-30;172;17;3519;845;35.3;8.5
977;2021-05-01;203;11;3722;856;37.4;8.6
977;2021-05-02;0;0;3722;856;37.4;8.6
977;2021-05-03;135;9;3857;865;38.7;8.7
977;2021-05-04;161;54;4018;919;40.3;9.2
977;2021-05-05;221;28;4239;947;42.6;9.5
977;2021-05-06;175;33;4414;980;44.3;9.8
977;2021-05-07;149;31;4563;1011;45.8;10.1
977;2021-05-08;1;0;4564;1011;45.8;10.1
977;2021-05-09;0;0;4564;1011;45.8;10.1
977;2021-05-10;0;0;4564;1011;45.8;10.1
977;2021-05-11;3;41;4567;1052;45.8;10.6
977;2021-05-12;6;36;4573;1088;45.9;10.9
977;2021-05-13;0;0;4573;1088;45.9;10.9
977;2021-05-14;28;98;4601;1186;46.2;11.9
977;2021-05-15;0;0;4601;1186;46.2;11.9
977;2021-05-16;1;0;4602;1186;46.2;11.9
977;2021-05-17;1;14;4603;1200;46.2;12.0
977;2021-05-18;17;32;4620;1232;46.4;12.4
977;2021-05-19;0;1;4620;1233;46.4;12.4
977;2021-05-20;0;8;4620;1241;46.4;12.5
977;2021-05-21;12;31;4632;1272;46.5;12.8
977;2021-05-22;0;0;4632;1272;46.5;12.8
977;2021-05-23;0;0;4632;1272;46.5;12.8
977;2021-05-24;0;0;4632;1272;46.5;12.8
977;2021-05-25;50;331;4682;1603;47.0;16.1
977;2021-05-26;54;360;4736;1963;47.5;19.7
977;2021-05-27;34;317;4770;2280;47.9;22.9
977;2021-05-28;27;256;4797;2536;48.2;25.5
977;2021-05-29;35;375;4832;2911;48.5;29.2
977;2021-05-30;1;0;4833;2911;48.5;29.2
977;2021-05-31;45;216;4878;3127;49.0;31.4
977;2021-06-01;48;227;4926;3354;49.5;33.7
977;2021-06-02;69;273;4995;3627;50.1;36.4
977;2021-06-03;42;252;5037;3879;50.6;38.9
977;2021-06-04;81;270;5118;4149;51.4;41.7
977;2021-06-05;1;0;5119;4149;51.4;41.7
977;2021-06-06;0;0;5119;4149;51.4;41.7
977;2021-06-07;1;1;5120;4150;51.4;41.7
977;2021-06-08;8;2;5128;4152;51.5;41.7
977;2021-06-09;0;3;5128;4155;51.5;41.7
977;2021-06-10;8;4;5136;4159;51.6;41.8
977;2021-06-11;4;8;5140;4167;51.6;41.8
977;2021-06-12;16;59;5156;4226;51.8;42.4
977;2021-06-13;0;0;5156;4226;51.8;42.4
977;2021-06-14;0;0;5156;4226;51.8;42.4
977;2021-06-15;0;1;5156;4227;51.8;42.4
977;2021-06-16;0;0;5156;4227;51.8;42.4
977;2021-06-17;2;6;5158;4233;51.8;42.5
977;2021-06-18;0;2;5158;4235;51.8;42.5
977;2021-06-19;25;49;5183;4284;52.0;43.0
977;2021-06-20;0;0;5183;4284;52.0;43.0
977;2021-06-21;1;2;5184;4286;52.0;43.0
977;2021-06-22;9;0;5193;4286;52.1;43.0
977;2021-06-23;15;9;5208;4295;52.3;43.1
977;2021-06-24;10;5;5218;4300;52.4;43.2
977;2021-06-25;0;0;5218;4300;52.4;43.2
977;2021-06-26;25;45;5243;4345;52.6;43.6
977;2021-06-27;0;0;5243;4345;52.6;43.6
977;2021-06-28;0;0;5243;4345;52.6;43.6
977;2021-06-29;0;0;5243;4345;52.6;43.6
977;2021-06-30;0;0;5243;4345;52.6;43.6
977;2021-07-01;28;36;5271;4381;52.9;44.0
977;2021-07-02;26;31;5297;4412;53.2;44.3
977;2021-07-03;29;215;5326;4627;53.5;46.5
977;2021-07-04;0;0;5326;4627;53.5;46.5
977;2021-07-05;4;8;5330;4635;53.5;46.5
977;2021-07-06;0;0;5330;4635;53.5;46.5
977;2021-07-07;8;0;5338;4635;53.6;46.5
977;2021-07-08;33;23;5371;4658;53.9;46.8
977;2021-07-09;23;31;5394;4689;54.2;47.1
977;2021-07-10;33;45;5427;4734;54.5;47.5
977;2021-07-11;0;0;5427;4734;54.5;47.5
977;2021-07-12;0;1;5427;4735;54.5;47.5
977;2021-07-13;10;10;5437;4745;54.6;47.6
977;2021-07-14;0;0;5437;4745;54.6;47.6
977;2021-07-15;1;11;5438;4756;54.6;47.7
977;2021-07-16;44;51;5482;4807;55.0;48.3
977;2021-07-17;34;39;5516;4846;55.4;48.6
977;2021-07-18;1;0;5517;4846;55.4;48.6
977;2021-07-19;3;2;5520;4848;55.4;48.7
977;2021-07-20;3;1;5523;4849;55.4;48.7
977;2021-07-21;33;16;5556;4865;55.8;48.8
977;2021-07-22;36;33;5592;4898;56.1;49.2
977;2021-07-23;32;29;5624;4927;56.5;49.5
977;2021-07-24;43;26;5667;4953;56.9;49.7
977;2021-07-25;0;0;5667;4953;56.9;49.7
977;2021-07-26;13;9;5680;4962;57.0;49.8
977;2021-07-27;0;10;5680;4972;57.0;49.9
977;2021-07-28;31;14;5711;4986;57.3;50.1
977;2021-07-29;33;32;5744;5018;57.7;50.4
977;2021-07-30;31;28;5775;5046;58.0;50.7
977;2021-07-31;53;24;5828;5070;58.5;50.9
977;2021-08-01;0;0;5828;5070;58.5;50.9
977;2021-08-02;11;1;5839;5071;58.6;50.9
977;2021-08-03;0;0;5839;5071;58.6;50.9
977;2021-08-04;41;14;5880;5085;59.0;51.0
977;2021-08-05;28;30;5908;5115;59.3;51.4
977;2021-08-06;35;35;5943;5150;59.7;51.7
977;2021-08-07;56;27;5999;5177;60.2;52.0
977;2021-08-08;0;0;5999;5177;60.2;52.0
977;2021-08-09;7;5;6006;5182;60.3;52.0
977;2021-08-10;14;9;6020;5191;60.4;52.1
977;2021-08-11;36;18;6056;5209;60.8;52.3
977;2021-08-12;24;30;6080;5239;61.0;52.6
977;2021-08-13;32;14;6112;5253;61.4;52.7
977;2021-08-14;20;27;6132;5280;61.6;53.0
977;2021-08-15;0;0;6132;5280;61.6;53.0
977;2021-08-16;14;31;6146;5311;61.7;53.3
977;2021-08-17;15;8;6161;5319;61.9;53.4
977;2021-08-18;24;28;6185;5347;62.1;53.7
977;2021-08-19;31;35;6216;5382;62.4;54.0
977;2021-08-20;27;41;6243;5423;62.7;54.4
977;2021-08-21;34;40;6277;5463;63.0;54.8
977;2021-08-22;6;0;6283;5463;63.1;54.8
977;2021-08-23;3;11;6286;5474;63.1;55.0
977;2021-08-24;8;3;6294;5477;63.2;55.0
977;2021-08-25;20;37;6314;5514;63.4;55.4
977;2021-08-26;27;39;6341;5553;63.7;55.7
977;2021-08-27;27;34;6368;5587;63.9;56.1
977;2021-08-28;27;56;6395;5643;64.2;56.7
977;2021-08-29;0;0;6395;5643;64.2;56.7
977;2021-08-30;1;4;6396;5647;64.2;56.7
977;2021-08-31;1;2;6397;5649;64.2;56.7
978;2020-12-27;0;0;0;0;0.0;0.0
978;2020-12-28;0;0;0;0;0.0;0.0
978;2020-12-29;0;0;0;0;0.0;0.0
978;2020-12-30;0;0;0;0;0.0;0.0
978;2020-12-31;0;0;0;0;0.0;0.0
978;2021-01-01;0;0;0;0;0.0;0.0
978;2021-01-02;0;0;0;0;0.0;0.0
978;2021-01-03;0;0;0;0;0.0;0.0
978;2021-01-04;0;0;0;0;0.0;0.0
978;2021-01-05;0;0;0;0;0.0;0.0
978;2021-01-06;0;0;0;0;0.0;0.0
978;2021-01-07;0;0;0;0;0.0;0.0
978;2021-01-08;0;0;0;0;0.0;0.0
978;2021-01-09;0;0;0;0;0.0;0.0
978;2021-01-10;0;0;0;0;0.0;0.0
978;2021-01-11;0;0;0;0;0.0;0.0
978;2021-01-12;0;0;0;0;0.0;0.0
978;2021-01-13;10;0;10;0;0.0;0.0
978;2021-01-14;12;0;22;0;0.1;0.0
978;2021-01-15;9;0;31;0;0.1;0.0
978;2021-01-16;0;0;31;0;0.1;0.0
978;2021-01-17;0;0;31;0;0.1;0.0
978;2021-01-18;0;0;31;0;0.1;0.0
978;2021-01-19;12;0;43;0;0.1;0.0
978;2021-01-20;13;0;56;0;0.2;0.0
978;2021-01-21;6;0;62;0;0.2;0.0
978;2021-01-22;0;0;62;0;0.2;0.0
978;2021-01-23;0;0;62;0;0.2;0.0
978;2021-01-24;0;0;62;0;0.2;0.0
978;2021-01-25;0;0;62;0;0.2;0.0
978;2021-01-26;9;0;71;0;0.2;0.0
978;2021-01-27;10;0;81;0;0.2;0.0
978;2021-01-28;6;1;87;1;0.2;0.0
978;2021-01-29;0;0;87;1;0.2;0.0
978;2021-01-30;0;0;87;1;0.2;0.0
978;2021-01-31;0;0;87;1;0.2;0.0
978;2021-02-01;1;0;88;1;0.2;0.0
978;2021-02-02;39;0;127;1;0.4;0.0
978;2021-02-03;11;0;138;1;0.4;0.0
978;2021-02-04;31;0;169;1;0.5;0.0
978;2021-02-05;6;0;175;1;0.5;0.0
978;2021-02-06;0;0;175;1;0.5;0.0
978;2021-02-07;0;0;175;1;0.5;0.0
978;2021-02-08;0;0;175;1;0.5;0.0
978;2021-02-09;38;0;213;1;0.6;0.0
978;2021-02-10;27;1;240;2;0.7;0.0
978;2021-02-11;0;0;240;2;0.7;0.0
978;2021-02-12;36;0;276;2;0.8;0.0
978;2021-02-13;0;0;276;2;0.8;0.0
978;2021-02-14;0;0;276;2;0.8;0.0
978;2021-02-15;50;1;326;3;0.9;0.0
978;2021-02-16;0;0;326;3;0.9;0.0
978;2021-02-17;0;0;326;3;0.9;0.0
978;2021-02-18;28;0;354;3;1.0;0.0
978;2021-02-19;44;0;398;3;1.1;0.0
978;2021-02-20;0;0;398;3;1.1;0.0
978;2021-02-21;0;0;398;3;1.1;0.0
978;2021-02-22;45;4;443;7;1.3;0.0
978;2021-02-23;41;29;484;36;1.4;0.1
978;2021-02-24;35;1;519;37;1.5;0.1
978;2021-02-25;55;34;574;71;1.6;0.2
978;2021-02-26;39;5;613;76;1.7;0.2
978;2021-02-27;0;0;613;76;1.7;0.2
978;2021-02-28;0;0;613;76;1.7;0.2
978;2021-03-01;49;5;662;81;1.9;0.2
978;2021-03-02;7;27;669;108;1.9;0.3
978;2021-03-03;52;28;721;136;2.0;0.4
978;2021-03-04;31;26;752;162;2.1;0.5
978;2021-03-05;46;10;798;172;2.3;0.5
978;2021-03-06;0;0;798;172;2.3;0.5
978;2021-03-07;0;0;798;172;2.3;0.5
978;2021-03-08;32;7;830;179;2.3;0.5
978;2021-03-09;21;27;851;206;2.4;0.6
978;2021-03-10;35;28;886;234;2.5;0.7
978;2021-03-11;2;0;888;234;2.5;0.7
978;2021-03-12;52;21;940;255;2.7;0.7
978;2021-03-13;13;0;953;255;2.7;0.7
978;2021-03-14;0;0;953;255;2.7;0.7
978;2021-03-15;31;41;984;296;2.8;0.8
978;2021-03-16;73;6;1057;302;3.0;0.9
978;2021-03-17;67;13;1124;315;3.2;0.9
978;2021-03-18;82;39;1206;354;3.4;1.0
978;2021-03-19;32;50;1238;404;3.5;1.1
978;2021-03-20;0;0;1238;404;3.5;1.1
978;2021-03-21;0;0;1238;404;3.5;1.1
978;2021-03-22;35;45;1273;449;3.6;1.3
978;2021-03-23;30;43;1303;492;3.7;1.4
978;2021-03-24;38;42;1341;534;3.8;1.5
978;2021-03-25;97;34;1438;568;4.1;1.6
978;2021-03-26;45;33;1483;601;4.2;1.7
978;2021-03-27;94;3;1577;604;4.5;1.7
978;2021-03-28;0;0;1577;604;4.5;1.7
978;2021-03-29;69;48;1646;652;4.7;1.8
978;2021-03-30;98;24;1744;676;4.9;1.9
978;2021-03-31;90;49;1834;725;5.2;2.1
978;2021-04-01;57;48;1891;773;5.4;2.2
978;2021-04-02;0;0;1891;773;5.4;2.2
978;2021-04-03;1;0;1892;773;5.4;2.2
978;2021-04-04;0;0;1892;773;5.4;2.2
978;2021-04-05;2;0;1894;773;5.4;2.2
978;2021-04-06;49;63;1943;836;5.5;2.4
978;2021-04-07;93;33;2036;869;5.8;2.5
978;2021-04-08;121;7;2157;876;6.1;2.5
978;2021-04-09;90;39;2247;915;6.4;2.6
978;2021-04-10;170;13;2417;928;6.8;2.6
978;2021-04-11;0;0;2417;928;6.8;2.6
978;2021-04-12;42;75;2459;1003;7.0;2.8
978;2021-04-13;49;71;2508;1074;7.1;3.0
978;2021-04-14;82;45;2590;1119;7.3;3.2
978;2021-04-15;92;22;2682;1141;7.6;3.2
978;2021-04-16;77;42;2759;1183;7.8;3.3
978;2021-04-17;165;4;2924;1187;8.3;3.4
978;2021-04-18;0;0;2924;1187;8.3;3.4
978;2021-04-19;52;67;2976;1254;8.4;3.5
978;2021-04-20;83;27;3059;1281;8.7;3.6
978;2021-04-21;91;29;3150;1310;8.9;3.7
978;2021-04-22;101;20;3251;1330;9.2;3.8
978;2021-04-23;45;66;3296;1396;9.3;4.0
978;2021-04-24;99;78;3395;1474;9.6;4.2
978;2021-04-25;0;0;3395;1474;9.6;4.2
978;2021-04-26;29;91;3424;1565;9.7;4.4
978;2021-04-27;59;63;3483;1628;9.9;4.6
978;2021-04-28;93;39;3576;1667;10.1;4.7
978;2021-04-29;89;31;3665;1698;10.4;4.8
978;2021-04-30;103;14;3768;1712;10.7;4.8
978;2021-05-01;0;8;3768;1720;10.7;4.9
978;2021-05-02;0;0;3768;1720;10.7;4.9
978;2021-05-03;25;99;3793;1819;10.7;5.1
978;2021-05-04;159;102;3952;1921;11.2;5.4
978;2021-05-05;142;59;4094;1980;11.6;5.6
978;2021-05-06;199;49;4293;2029;12.1;5.7
978;2021-05-07;127;71;4420;2100;12.5;5.9
978;2021-05-08;69;122;4489;2222;12.7;6.3
978;2021-05-09;0;0;4489;2222;12.7;6.3
978;2021-05-10;124;99;4613;2321;13.1;6.6
978;2021-05-11;132;72;4745;2393;13.4;6.8
978;2021-05-12;156;78;4901;2471;13.9;7.0
978;2021-05-13;83;6;4984;2477;14.1;7.0
978;2021-05-14;130;62;5114;2539;14.5;7.2
978;2021-05-15;87;4;5201;2543;14.7;7.2
978;2021-05-16;0;0;5201;2543;14.7;7.2
978;2021-05-17;146;115;5347;2658;15.1;7.5
978;2021-05-18;151;94;5498;2752;15.6;7.8
978;2021-05-19;84;69;5582;2821;15.8;8.0
978;2021-05-20;104;26;5686;2847;16.1;8.1
978;2021-05-21;98;52;5784;2899;16.4;8.2
978;2021-05-22;100;11;5884;2910;16.7;8.2
978;2021-05-23;0;0;5884;2910;16.7;8.2
978;2021-05-24;33;7;5917;2917;16.7;8.3
978;2021-05-25;119;78;6036;2995;17.1;8.5
978;2021-05-26;109;49;6145;3044;17.4;8.6
978;2021-05-27;112;42;6257;3086;17.7;8.7
978;2021-05-28;33;1;6290;3087;17.8;8.7
978;2021-05-29;60;213;6350;3300;18.0;9.3
978;2021-05-30;0;0;6350;3300;18.0;9.3
978;2021-05-31;112;63;6462;3363;18.3;9.5
978;2021-06-01;116;62;6578;3425;18.6;9.7
978;2021-06-02;131;33;6709;3458;19.0;9.8
978;2021-06-03;102;38;6811;3496;19.3;9.9
978;2021-06-04;128;70;6939;3566;19.6;10.1
978;2021-06-05;83;21;7022;3587;19.9;10.2
978;2021-06-06;0;0;7022;3587;19.9;10.2
978;2021-06-07;96;96;7118;3683;20.1;10.4
978;2021-06-08;82;89;7200;3772;20.4;10.7
978;2021-06-09;99;73;7299;3845;20.7;10.9
978;2021-06-10;112;63;7411;3908;21.0;11.1
978;2021-06-11;116;106;7527;4014;21.3;11.4
978;2021-06-12;57;30;7584;4044;21.5;11.4
978;2021-06-13;0;0;7584;4044;21.5;11.4
978;2021-06-14;106;127;7690;4171;21.8;11.8
978;2021-06-15;88;120;7778;4291;22.0;12.1
978;2021-06-16;105;148;7883;4439;22.3;12.6
978;2021-06-17;85;72;7968;4511;22.6;12.8
978;2021-06-18;67;99;8035;4610;22.7;13.0
978;2021-06-19;65;79;8100;4689;22.9;13.3
978;2021-06-20;0;0;8100;4689;22.9;13.3
978;2021-06-21;78;150;8178;4839;23.1;13.7
978;2021-06-22;71;103;8249;4942;23.3;14.0
978;2021-06-23;68;115;8317;5057;23.5;14.3
978;2021-06-24;44;75;8361;5132;23.7;14.5
978;2021-06-25;63;100;8424;5232;23.8;14.8
978;2021-06-26;35;61;8459;5293;23.9;15.0
978;2021-06-27;0;0;8459;5293;23.9;15.0
978;2021-06-28;74;131;8533;5424;24.1;15.4
978;2021-06-29;62;104;8595;5528;24.3;15.6
978;2021-06-30;56;110;8651;5638;24.5;16.0
978;2021-07-01;42;87;8693;5725;24.6;16.2
978;2021-07-02;52;90;8745;5815;24.7;16.5
978;2021-07-03;40;90;8785;5905;24.9;16.7
978;2021-07-04;0;1;8785;5906;24.9;16.7
978;2021-07-05;67;93;8852;5999;25.1;17.0
978;2021-07-06;55;75;8907;6074;25.2;17.2
978;2021-07-07;55;123;8962;6197;25.4;17.5
978;2021-07-08;54;107;9016;6304;25.5;17.8
978;2021-07-09;46;92;9062;6396;25.6;18.1
978;2021-07-10;38;85;9100;6481;25.8;18.3
978;2021-07-11;0;4;9100;6485;25.8;18.4
978;2021-07-12;71;130;9171;6615;26.0;18.7
978;2021-07-13;146;162;9317;6777;26.4;19.2
978;2021-07-14;3;0;9320;6777;26.4;19.2
978;2021-07-15;162;195;9482;6972;26.8;19.7
978;2021-07-16;113;113;9595;7085;27.2;20.1
978;2021-07-17;52;100;9647;7185;27.3;20.3
978;2021-07-18;0;0;9647;7185;27.3;20.3
978;2021-07-19;99;133;9746;7318;27.6;20.7
978;2021-07-20;80;74;9826;7392;27.8;20.9
978;2021-07-21;63;50;9889;7442;28.0;21.1
978;2021-07-22;99;115;9988;7557;28.3;21.4
978;2021-07-23;67;98;10055;7655;28.5;21.7
978;2021-07-24;20;35;10075;7690;28.5;21.8
978;2021-07-25;0;0;10075;7690;28.5;21.8
978;2021-07-26;99;116;10174;7806;28.8;22.1
978;2021-07-27;70;144;10244;7950;29.0;22.5
978;2021-07-28;72;126;10316;8076;29.2;22.9
978;2021-07-29;80;98;10396;8174;29.4;23.1
978;2021-07-30;82;116;10478;8290;29.7;23.5
978;2021-07-31;49;67;10527;8357;29.8;23.7
978;2021-08-01;0;0;10527;8357;29.8;23.7
978;2021-08-02;65;95;10592;8452;30.0;23.9
978;2021-08-03;60;94;10652;8546;30.1;24.2
978;2021-08-04;64;55;10716;8601;30.3;24.3
978;2021-08-05;48;70;10764;8671;30.5;24.5
978;2021-08-06;74;128;10838;8799;30.7;24.9
978;2021-08-07;44;45;10882;8844;30.8;25.0
978;2021-08-08;0;0;10882;8844;30.8;25.0
978;2021-08-09;139;150;11021;8994;31.2;25.5
978;2021-08-10;82;93;11103;9087;31.4;25.7
978;2021-08-11;106;100;11209;9187;31.7;26.0
978;2021-08-12;99;99;11308;9286;32.0;26.3
978;2021-08-13;131;74;11439;9360;32.4;26.5
978;2021-08-14;74;99;11513;9459;32.6;26.8
978;2021-08-15;0;0;11513;9459;32.6;26.8
978;2021-08-16;45;70;11558;9529;32.7;27.0
978;2021-08-17;32;33;11590;9562;32.8;27.1
978;2021-08-18;35;55;11625;9617;32.9;27.2
978;2021-08-19;34;25;11659;9642;33.0;27.3
978;2021-08-20;46;60;11705;9702;33.1;27.5
978;2021-08-21;0;0;11705;9702;33.1;27.5
978;2021-08-22;0;0;11705;9702;33.1;27.5
978;2021-08-23;51;86;11756;9788;33.3;27.7
978;2021-08-24;31;51;11787;9839;33.4;27.8
978;2021-08-25;26;51;11813;9890;33.4;28.0
978;2021-08-26;30;26;11843;9916;33.5;28.1
978;2021-08-27;46;87;11889;10003;33.6;28.3
978;2021-08-28;0;0;11889;10003;33.6;28.3
978;2021-08-29;0;0;11889;10003;33.6;28.3
978;2021-08-30;39;113;11928;10116;33.8;28.6
978;2021-08-31;45;80;11973;10196;33.9;28.9
