dep;jour;n_dose1;n_complet;n_cum_dose1;n_cum_complet;couv_dose1;couv_complet
01;2020-12-27;1;0;1;0;0.0;0.0
01;2020-12-28;0;0;1;0;0.0;0.0
01;2020-12-29;0;0;1;0;0.0;0.0
01;2020-12-30;0;0;1;0;0.0;0.0
01;2020-12-31;0;0;1;0;0.0;0.0
01;2021-01-01;1;0;2;0;0.0;0.0
01;2021-01-02;0;0;2;0;0.0;0.0
01;2021-01-03;0;0;2;0;0.0;0.0
01;2021-01-04;2;0;4;0;0.0;0.0
01;2021-01-05;2;0;6;0;0.0;0.0
01;2021-01-06;1;0;7;0;0.0;0.0
01;2021-01-07;67;0;74;0;0.0;0.0
01;2021-01-08;159;0;233;0;0.0;0.0
01;2021-01-09;2;1;235;1;0.0;0.0
01;2021-01-10;0;0;235;1;0.0;0.0
01;2021-01-11;148;0;383;1;0.1;0.0
01;2021-01-12;317;2;700;3;0.1;0.0
01;2021-01-13;444;1;1144;4;0.2;0.0
01;2021-01-14;529;3;1673;7;0.3;0.0
01;2021-01-15;397;3;2070;10;0.3;0.0
01;2021-01-16;202;0;2272;10;0.3;0.0
01;2021-01-17;128;0;2400;10;0.4;0.0
01;2021-01-18;378;1;2778;11;0.4;0.0
01;2021-01-19;1040;1;3818;12;0.6;0.0
01;2021-01-20;1261;2;5079;14;0.8;0.0
01;2021-01-21;1097;4;6176;18;0.9;0.0
01;2021-01-22;645;0;6821;18;1.0;0.0
01;2021-01-23;222;0;7043;18;1.1;0.0
01;2021-01-24;71;1;7114;19;1.1;0.0
01;2021-01-25;484;1;7598;20;1.2;0.0
01;2021-01-26;740;3;8338;23;1.3;0.0
01;2021-01-27;518;5;8856;28;1.3;0.0
01;2021-01-28;682;54;9538;82;1.5;0.0
01;2021-01-29;637;101;10175;183;1.5;0.0
01;2021-01-30;236;15;10411;198;1.6;0.0
01;2021-01-31;62;0;10473;198;1.6;0.0
01;2021-02-01;456;73;10929;271;1.7;0.0
01;2021-02-02;514;184;11443;455;1.7;0.1
01;2021-02-03;374;298;11817;753;1.8;0.1
01;2021-02-04;478;418;12295;1171;1.9;0.2
01;2021-02-05;441;280;12736;1451;1.9;0.2
01;2021-02-06;260;141;12996;1592;2.0;0.2
01;2021-02-07;2;113;12998;1705;2.0;0.3
01;2021-02-08;505;405;13503;2110;2.1;0.3
01;2021-02-09;774;859;14277;2969;2.2;0.5
01;2021-02-10;951;718;15228;3687;2.3;0.6
01;2021-02-11;790;772;16018;4459;2.4;0.7
01;2021-02-12;639;552;16657;5011;2.5;0.8
01;2021-02-13;161;149;16818;5160;2.6;0.8
01;2021-02-14;0;9;16818;5169;2.6;0.8
01;2021-02-15;437;447;17255;5616;2.6;0.9
01;2021-02-16;656;413;17911;6029;2.7;0.9
01;2021-02-17;519;247;18430;6276;2.8;1.0
01;2021-02-18;589;567;19019;6843;2.9;1.0
01;2021-02-19;578;246;19597;7089;3.0;1.1
01;2021-02-20;201;154;19798;7243;3.0;1.1
01;2021-02-21;0;1;19798;7244;3.0;1.1
01;2021-02-22;428;556;20226;7800;3.1;1.2
01;2021-02-23;482;524;20708;8324;3.2;1.3
01;2021-02-24;434;465;21142;8789;3.2;1.3
01;2021-02-25;821;608;21963;9397;3.3;1.4
01;2021-02-26;873;546;22836;9943;3.5;1.5
01;2021-02-27;480;119;23316;10062;3.5;1.5
01;2021-02-28;20;3;23336;10065;3.6;1.5
01;2021-03-01;629;456;23965;10521;3.6;1.6
01;2021-03-02;962;557;24927;11078;3.8;1.7
01;2021-03-03;936;661;25863;11739;3.9;1.8
01;2021-03-04;1198;639;27061;12378;4.1;1.9
01;2021-03-05;1354;493;28415;12871;4.3;2.0
01;2021-03-06;781;101;29196;12972;4.4;2.0
01;2021-03-07;43;1;29239;12973;4.5;2.0
01;2021-03-08;668;625;29907;13598;4.6;2.1
01;2021-03-09;1336;606;31243;14204;4.8;2.2
01;2021-03-10;1161;555;32404;14759;4.9;2.2
01;2021-03-11;1685;642;34089;15401;5.2;2.3
01;2021-03-12;2004;635;36093;16036;5.5;2.4
01;2021-03-13;1499;93;37592;16129;5.7;2.5
01;2021-03-14;132;59;37724;16188;5.7;2.5
01;2021-03-15;1157;403;38881;16591;5.9;2.5
01;2021-03-16;1009;562;39890;17153;6.1;2.6
01;2021-03-17;839;346;40729;17499;6.2;2.7
01;2021-03-18;1290;468;42019;17967;6.4;2.7
01;2021-03-19;1746;538;43765;18505;6.7;2.8
01;2021-03-20;1445;133;45210;18638;6.9;2.8
01;2021-03-21;97;11;45307;18649;6.9;2.8
01;2021-03-22;1575;493;46882;19142;7.1;2.9
01;2021-03-23;2196;645;49078;19787;7.5;3.0
01;2021-03-24;1616;412;50694;20199;7.7;3.1
01;2021-03-25;2909;632;53603;20831;8.2;3.2
01;2021-03-26;2870;613;56473;21444;8.6;3.3
01;2021-03-27;1308;157;57781;21601;8.8;3.3
01;2021-03-28;22;1;57803;21602;8.8;3.3
01;2021-03-29;1930;542;59733;22144;9.1;3.4
01;2021-03-30;2513;758;62246;22902;9.5;3.5
01;2021-03-31;1868;628;64114;23530;9.8;3.6
01;2021-04-01;2569;855;66683;24385;10.2;3.7
01;2021-04-02;2815;715;69498;25100;10.6;3.8
01;2021-04-03;1256;129;70754;25229;10.8;3.8
01;2021-04-04;2;0;70756;25229;10.8;3.8
01;2021-04-05;1260;60;72016;25289;11.0;3.8
01;2021-04-06;2820;788;74836;26077;11.4;4.0
01;2021-04-07;2739;707;77575;26784;11.8;4.1
01;2021-04-08;3241;994;80816;27778;12.3;4.2
01;2021-04-09;3987;1332;84803;29110;12.9;4.4
01;2021-04-10;1824;301;86627;29411;13.2;4.5
01;2021-04-11;44;22;86671;29433;13.2;4.5
01;2021-04-12;2714;1221;89385;30654;13.6;4.7
01;2021-04-13;2940;1318;92325;31972;14.1;4.9
01;2021-04-14;3124;1076;95449;33048;14.5;5.0
01;2021-04-15;3073;1475;98522;34523;15.0;5.3
01;2021-04-16;2861;1574;101383;36097;15.4;5.5
01;2021-04-17;1654;679;103037;36776;15.7;5.6
01;2021-04-18;13;0;103050;36776;15.7;5.6
01;2021-04-19;2038;1517;105088;38293;16.0;5.8
01;2021-04-20;2663;1569;107751;39862;16.4;6.1
01;2021-04-21;2686;1342;110437;41204;16.8;6.3
01;2021-04-22;2835;1528;113272;42732;17.2;6.5
01;2021-04-23;2762;1529;116034;44261;17.7;6.7
01;2021-04-24;1447;649;117481;44910;17.9;6.8
01;2021-04-25;9;0;117490;44910;17.9;6.8
01;2021-04-26;1970;1725;119460;46635;18.2;7.1
01;2021-04-27;2573;1554;122033;48189;18.6;7.3
01;2021-04-28;2498;1572;124531;49761;19.0;7.6
01;2021-04-29;2717;1773;127248;51534;19.4;7.8
01;2021-04-30;2982;2248;130230;53782;19.8;8.2
01;2021-05-01;1472;858;131702;54640;20.0;8.3
01;2021-05-02;546;75;132248;54715;20.1;8.3
01;2021-05-03;2293;2479;134541;57194;20.5;8.7
01;2021-05-04;2541;2654;137082;59848;20.9;9.1
01;2021-05-05;2528;2500;139610;62348;21.3;9.5
01;2021-05-06;2995;2530;142605;64878;21.7;9.9
01;2021-05-07;3218;2782;145823;67660;22.2;10.3
01;2021-05-08;1645;923;147468;68583;22.4;10.4
01;2021-05-09;1023;159;148491;68742;22.6;10.5
01;2021-05-10;2500;3072;150991;71814;23.0;10.9
01;2021-05-11;3581;3062;154572;74876;23.5;11.4
01;2021-05-12;3649;3000;158221;77876;24.1;11.9
01;2021-05-13;4085;1499;162306;79375;24.7;12.1
01;2021-05-14;4270;2344;166576;81719;25.4;12.4
01;2021-05-15;3157;1433;169733;83152;25.8;12.7
01;2021-05-16;1413;151;171146;83303;26.1;12.7
01;2021-05-17;3445;2468;174591;85771;26.6;13.1
01;2021-05-18;4075;1963;178666;87734;27.2;13.4
01;2021-05-19;3973;1905;182639;89639;27.8;13.6
01;2021-05-20;4529;2013;187168;91652;28.5;14.0
01;2021-05-21;4617;2198;191785;93850;29.2;14.3
01;2021-05-22;3369;956;195154;94806;29.7;14.4
01;2021-05-23;834;82;195988;94888;29.8;14.4
01;2021-05-24;2765;499;198753;95387;30.3;14.5
01;2021-05-25;3559;2431;202312;97818;30.8;14.9
01;2021-05-26;3571;2253;205883;100071;31.3;15.2
01;2021-05-27;3852;2101;209735;102172;31.9;15.6
01;2021-05-28;3664;2638;213399;104810;32.5;16.0
01;2021-05-29;3060;1303;216459;106113;32.9;16.2
01;2021-05-30;613;88;217072;106201;33.0;16.2
01;2021-05-31;2404;2517;219476;108718;33.4;16.5
01;2021-06-01;2767;2585;222243;111303;33.8;16.9
01;2021-06-02;2881;2202;225124;113505;34.3;17.3
01;2021-06-03;3363;2434;228487;115939;34.8;17.6
01;2021-06-04;4501;3357;232988;119296;35.5;18.2
01;2021-06-05;3251;1724;236239;121020;36.0;18.4
01;2021-06-06;670;78;236909;121098;36.1;18.4
01;2021-06-07;3389;2873;240298;123971;36.6;18.9
01;2021-06-08;3649;2709;243947;126680;37.1;19.3
01;2021-06-09;2948;2636;246895;129316;37.6;19.7
01;2021-06-10;2765;2041;249660;131357;38.0;20.0
01;2021-06-11;3069;3367;252729;134724;38.5;20.5
01;2021-06-12;2403;2198;255132;136922;38.8;20.8
01;2021-06-13;200;479;255332;137401;38.9;20.9
01;2021-06-14;2122;3166;257454;140567;39.2;21.4
01;2021-06-15;2004;3360;259458;143927;39.5;21.9
01;2021-06-16;2179;3287;261637;147214;39.8;22.4
01;2021-06-17;1957;3171;263594;150385;40.1;22.9
01;2021-06-18;2648;4164;266242;154549;40.5;23.5
01;2021-06-19;1727;2555;267969;157104;40.8;23.9
01;2021-06-20;159;497;268128;157601;40.8;24.0
01;2021-06-21;1799;3705;269927;161306;41.1;24.6
01;2021-06-22;1548;3997;271475;165303;41.3;25.2
01;2021-06-23;1585;3754;273060;169057;41.6;25.7
01;2021-06-24;1471;3566;274531;172623;41.8;26.3
01;2021-06-25;1889;4563;276420;177186;42.1;27.0
01;2021-06-26;1210;2945;277630;180131;42.3;27.4
01;2021-06-27;170;339;277800;180470;42.3;27.5
01;2021-06-28;1382;4024;279182;184494;42.5;28.1
01;2021-06-29;1411;3851;280593;188345;42.7;28.7
01;2021-06-30;1373;4157;281966;192502;42.9;29.3
01;2021-07-01;1394;4090;283360;196592;43.1;29.9
01;2021-07-02;1587;4988;284947;201580;43.4;30.7
01;2021-07-03;858;3375;285805;204955;43.5;31.2
01;2021-07-04;105;499;285910;205454;43.5;31.3
01;2021-07-05;1485;4085;287395;209539;43.7;31.9
01;2021-07-06;1105;4277;288500;213816;43.9;32.5
01;2021-07-07;1755;3699;290255;217515;44.2;33.1
01;2021-07-08;1469;3671;291724;221186;44.4;33.7
01;2021-07-09;1884;4363;293608;225549;44.7;34.3
01;2021-07-10;1119;3436;294727;228985;44.9;34.9
01;2021-07-11;105;418;294832;229403;44.9;34.9
01;2021-07-12;1418;3840;296250;233243;45.1;35.5
01;2021-07-13;2055;4118;298305;237361;45.4;36.1
01;2021-07-14;145;180;298450;237541;45.4;36.2
01;2021-07-15;3086;4193;301536;241734;45.9;36.8
01;2021-07-16;3743;4839;305279;246573;46.5;37.5
01;2021-07-17;2194;3047;307473;249620;46.8;38.0
01;2021-07-18;289;551;307762;250171;46.8;38.1
01;2021-07-19;2911;3869;310673;254040;47.3;38.7
01;2021-07-20;3290;3687;313963;257727;47.8;39.2
01;2021-07-21;3930;3561;317893;261288;48.4;39.8
01;2021-07-22;4213;3490;322106;264778;49.0;40.3
01;2021-07-23;3931;4213;326037;268991;49.6;40.9
01;2021-07-24;2727;2716;328764;271707;50.0;41.4
01;2021-07-25;58;59;328822;271766;50.1;41.4
01;2021-07-26;3336;3243;332158;275009;50.6;41.9
01;2021-07-27;4084;2785;336242;277794;51.2;42.3
01;2021-07-28;3973;2648;340215;280442;51.8;42.7
01;2021-07-29;4690;2433;344905;282875;52.5;43.1
01;2021-07-30;4439;3431;349344;286306;53.2;43.6
01;2021-07-31;3614;1772;352958;288078;53.7;43.9
01;2021-08-01;390;75;353348;288153;53.8;43.9
01;2021-08-02;3041;2445;356389;290598;54.2;44.2
01;2021-08-03;3045;2451;359434;293049;54.7;44.6
01;2021-08-04;2532;1728;361966;294777;55.1;44.9
01;2021-08-05;2233;2365;364199;297142;55.4;45.2
01;2021-08-06;2735;3113;366934;300255;55.9;45.7
01;2021-08-07;2043;1833;368977;302088;56.2;46.0
01;2021-08-08;244;257;369221;302345;56.2;46.0
01;2021-08-09;1122;2636;370343;304981;56.4;46.4
01;2021-08-10;1432;2413;371775;307394;56.6;46.8
01;2021-08-11;1459;2594;373234;309988;56.8;47.2
01;2021-08-12;1589;2811;374823;312799;57.1;47.6
01;2021-08-13;1797;2710;376620;315509;57.3;48.0
01;2021-08-14;1377;2228;377997;317737;57.5;48.4
01;2021-08-15;11;21;378008;317758;57.5;48.4
01;2021-08-16;973;3009;378981;320767;57.7;48.8
01;2021-08-17;1344;2753;380325;323520;57.9;49.2
01;2021-08-18;1247;2899;381572;326419;58.1;49.7
01;2021-08-19;1264;2412;382836;328831;58.3;50.1
02;2020-12-27;0;0;0;0;0.0;0.0
02;2020-12-28;0;0;0;0;0.0;0.0
02;2020-12-29;0;0;0;0;0.0;0.0
02;2020-12-30;0;0;0;0;0.0;0.0
02;2020-12-31;0;0;0;0;0.0;0.0
02;2021-01-01;0;0;0;0;0.0;0.0
02;2021-01-02;0;0;0;0;0.0;0.0
02;2021-01-03;0;0;0;0;0.0;0.0
02;2021-01-04;0;0;0;0;0.0;0.0
02;2021-01-05;0;0;0;0;0.0;0.0
02;2021-01-06;22;0;22;0;0.0;0.0
02;2021-01-07;261;2;283;2;0.1;0.0
02;2021-01-08;489;3;772;5;0.1;0.0
02;2021-01-09;74;0;846;5;0.2;0.0
02;2021-01-10;49;0;895;5;0.2;0.0
02;2021-01-11;267;0;1162;5;0.2;0.0
02;2021-01-12;355;1;1517;6;0.3;0.0
02;2021-01-13;468;4;1985;10;0.4;0.0
02;2021-01-14;651;11;2636;21;0.5;0.0
02;2021-01-15;630;7;3266;28;0.6;0.0
02;2021-01-16;333;4;3599;32;0.7;0.0
02;2021-01-17;62;0;3661;32;0.7;0.0
02;2021-01-18;810;5;4471;37;0.8;0.0
02;2021-01-19;942;5;5413;42;1.0;0.0
02;2021-01-20;1430;5;6843;47;1.3;0.0
02;2021-01-21;2600;6;9443;53;1.8;0.0
02;2021-01-22;1419;5;10862;58;2.1;0.0
02;2021-01-23;291;1;11153;59;2.1;0.0
02;2021-01-24;67;0;11220;59;2.1;0.0
02;2021-01-25;432;10;11652;69;2.2;0.0
02;2021-01-26;704;16;12356;85;2.3;0.0
02;2021-01-27;161;2;12517;87;2.4;0.0
02;2021-01-28;69;247;12586;334;2.4;0.1
02;2021-01-29;119;419;12705;753;2.4;0.1
02;2021-01-30;4;14;12709;767;2.4;0.1
02;2021-01-31;0;10;12709;777;2.4;0.1
02;2021-02-01;11;212;12720;989;2.4;0.2
02;2021-02-02;45;331;12765;1320;2.4;0.3
02;2021-02-03;124;337;12889;1657;2.5;0.3
02;2021-02-04;226;359;13115;2016;2.5;0.4
02;2021-02-05;178;418;13293;2434;2.5;0.5
02;2021-02-06;66;175;13359;2609;2.5;0.5
02;2021-02-07;9;0;13368;2609;2.5;0.5
02;2021-02-08;305;435;13673;3044;2.6;0.6
02;2021-02-09;322;680;13995;3724;2.7;0.7
02;2021-02-10;485;1045;14480;4769;2.8;0.9
02;2021-02-11;938;1909;15418;6678;2.9;1.3
02;2021-02-12;885;1122;16303;7800;3.1;1.5
02;2021-02-13;290;129;16593;7929;3.2;1.5
02;2021-02-14;1;5;16594;7934;3.2;1.5
02;2021-02-15;344;682;16938;8616;3.2;1.6
02;2021-02-16;413;570;17351;9186;3.3;1.7
02;2021-02-17;498;633;17849;9819;3.4;1.9
02;2021-02-18;507;444;18356;10263;3.5;2.0
02;2021-02-19;444;571;18800;10834;3.6;2.1
02;2021-02-20;372;233;19172;11067;3.6;2.1
02;2021-02-21;39;17;19211;11084;3.7;2.1
02;2021-02-22;377;317;19588;11401;3.7;2.2
02;2021-02-23;432;362;20020;11763;3.8;2.2
02;2021-02-24;600;146;20620;11909;3.9;2.3
02;2021-02-25;869;137;21489;12046;4.1;2.3
02;2021-02-26;808;73;22297;12119;4.2;2.3
02;2021-02-27;445;14;22742;12133;4.3;2.3
02;2021-02-28;55;2;22797;12135;4.3;2.3
02;2021-03-01;638;24;23435;12159;4.5;2.3
02;2021-03-02;1032;125;24467;12284;4.7;2.3
02;2021-03-03;754;205;25221;12489;4.8;2.4
02;2021-03-04;1162;675;26383;13164;5.0;2.5
02;2021-03-05;1049;508;27432;13672;5.2;2.6
02;2021-03-06;2138;99;29570;13771;5.6;2.6
02;2021-03-07;1504;47;31074;13818;5.9;2.6
02;2021-03-08;571;367;31645;14185;6.0;2.7
02;2021-03-09;998;403;32643;14588;6.2;2.8
02;2021-03-10;894;475;33537;15063;6.4;2.9
02;2021-03-11;1294;391;34831;15454;6.6;2.9
02;2021-03-12;1705;417;36536;15871;6.9;3.0
02;2021-03-13;2592;236;39128;16107;7.4;3.1
02;2021-03-14;1457;42;40585;16149;7.7;3.1
02;2021-03-15;612;459;41197;16608;7.8;3.2
02;2021-03-16;863;400;42060;17008;8.0;3.2
02;2021-03-17;759;453;42819;17461;8.1;3.3
02;2021-03-18;608;619;43427;18080;8.3;3.4
02;2021-03-19;1172;301;44599;18381;8.5;3.5
02;2021-03-20;2430;158;47029;18539;8.9;3.5
02;2021-03-21;1488;79;48517;18618;9.2;3.5
02;2021-03-22;762;500;49279;19118;9.4;3.6
02;2021-03-23;1194;552;50473;19670;9.6;3.7
02;2021-03-24;1582;499;52055;20169;9.9;3.8
02;2021-03-25;1694;598;53749;20767;10.2;3.9
02;2021-03-26;2410;491;56159;21258;10.7;4.0
02;2021-03-27;2494;129;58653;21387;11.1;4.1
02;2021-03-28;638;14;59291;21401;11.3;4.1
02;2021-03-29;1038;862;60329;22263;11.5;4.2
02;2021-03-30;1554;841;61883;23104;11.8;4.4
02;2021-03-31;1299;717;63182;23821;12.0;4.5
02;2021-04-01;1291;859;64473;24680;12.3;4.7
02;2021-04-02;1184;1232;65657;25912;12.5;4.9
02;2021-04-03;2647;853;68304;26765;13.0;5.1
02;2021-04-04;727;239;69031;27004;13.1;5.1
02;2021-04-05;1508;132;70539;27136;13.4;5.2
02;2021-04-06;1541;855;72080;27991;13.7;5.3
02;2021-04-07;1870;777;73950;28768;14.1;5.5
02;2021-04-08;1918;1107;75868;29875;14.4;5.7
02;2021-04-09;2434;1087;78302;30962;14.9;5.9
02;2021-04-10;2430;1211;80732;32173;15.3;6.1
02;2021-04-11;476;416;81208;32589;15.4;6.2
02;2021-04-12;1824;629;83032;33218;15.8;6.3
02;2021-04-13;1601;925;84633;34143;16.1;6.5
02;2021-04-14;2584;970;87217;35113;16.6;6.7
02;2021-04-15;2497;775;89714;35888;17.1;6.8
02;2021-04-16;2439;1128;92153;37016;17.5;7.0
02;2021-04-17;1890;2147;94043;39163;17.9;7.4
02;2021-04-18;270;814;94313;39977;17.9;7.6
02;2021-04-19;1159;633;95472;40610;18.1;7.7
02;2021-04-20;1677;764;97149;41374;18.5;7.9
02;2021-04-21;1549;992;98698;42366;18.8;8.1
02;2021-04-22;1748;703;100446;43069;19.1;8.2
02;2021-04-23;1930;1415;102376;44484;19.5;8.5
02;2021-04-24;1714;1640;104090;46124;19.8;8.8
02;2021-04-25;462;235;104552;46359;19.9;8.8
02;2021-04-26;1339;563;105891;46922;20.1;8.9
02;2021-04-27;1627;1097;107518;48019;20.4;9.1
02;2021-04-28;1592;1438;109110;49457;20.7;9.4
02;2021-04-29;1885;1179;110995;50636;21.1;9.6
02;2021-04-30;2716;1657;113711;52293;21.6;9.9
02;2021-05-01;1989;1227;115700;53520;22.0;10.2
02;2021-05-02;1983;416;117683;53936;22.4;10.3
02;2021-05-03;2225;984;119908;54920;22.8;10.4
02;2021-05-04;1524;1319;121432;56239;23.1;10.7
02;2021-05-05;2330;1843;123762;58082;23.5;11.0
02;2021-05-06;2123;1737;125885;59819;23.9;11.4
02;2021-05-07;2358;2175;128243;61994;24.4;11.8
02;2021-05-08;2920;949;131163;62943;24.9;12.0
02;2021-05-09;1822;423;132985;63366;25.3;12.0
02;2021-05-10;2374;1481;135359;64847;25.7;12.3
02;2021-05-11;2878;1575;138237;66422;26.3;12.6
02;2021-05-12;2674;1625;140911;68047;26.8;12.9
02;2021-05-13;2991;1041;143902;69088;27.4;13.1
02;2021-05-14;3380;1206;147282;70294;28.0;13.4
02;2021-05-15;4374;1092;151656;71386;28.8;13.6
02;2021-05-16;2798;212;154454;71598;29.4;13.6
02;2021-05-17;2147;665;156601;72263;29.8;13.7
02;2021-05-18;2634;974;159235;73237;30.3;13.9
02;2021-05-19;2852;998;162087;74235;30.8;14.1
02;2021-05-20;3552;1232;165639;75467;31.5;14.3
02;2021-05-21;3819;1066;169458;76533;32.2;14.5
02;2021-05-22;5848;968;175306;77501;33.3;14.7
02;2021-05-23;2659;238;177965;77739;33.8;14.8
02;2021-05-24;3542;540;181507;78279;34.5;14.9
02;2021-05-25;2260;1164;183767;79443;34.9;15.1
02;2021-05-26;3081;1497;186848;80940;35.5;15.4
02;2021-05-27;3650;1489;190498;82429;36.2;15.7
02;2021-05-28;3514;1583;194012;84012;36.9;16.0
02;2021-05-29;4081;1574;198093;85586;37.7;16.3
02;2021-05-30;1449;187;199542;85773;37.9;16.3
02;2021-05-31;2577;1195;202119;86968;38.4;16.5
02;2021-06-01;2868;1871;204987;88839;39.0;16.9
02;2021-06-02;3161;1649;208148;90488;39.6;17.2
02;2021-06-03;2857;1836;211005;92324;40.1;17.6
02;2021-06-04;3142;2060;214147;94384;40.7;17.9
02;2021-06-05;3440;1733;217587;96117;41.4;18.3
02;2021-06-06;1737;258;219324;96375;41.7;18.3
02;2021-06-07;1613;1500;220937;97875;42.0;18.6
02;2021-06-08;2063;1850;223000;99725;42.4;19.0
02;2021-06-09;2058;1650;225058;101375;42.8;19.3
02;2021-06-10;2013;1834;227071;103209;43.2;19.6
02;2021-06-11;2195;3070;229266;106279;43.6;20.2
02;2021-06-12;2312;2596;231578;108875;44.0;20.7
02;2021-06-13;683;1387;232261;110262;44.2;21.0
02;2021-06-14;1047;2393;233308;112655;44.4;21.4
02;2021-06-15;1518;2463;234826;115118;44.6;21.9
02;2021-06-16;1534;2749;236360;117867;44.9;22.4
02;2021-06-17;1783;2861;238143;120728;45.3;22.9
02;2021-06-18;2312;3569;240455;124297;45.7;23.6
02;2021-06-19;1841;3821;242296;128118;46.1;24.4
02;2021-06-20;644;1522;242940;129640;46.2;24.6
02;2021-06-21;807;3196;243747;132836;46.3;25.3
02;2021-06-22;1154;3668;244901;136504;46.6;25.9
02;2021-06-23;1226;3589;246127;140093;46.8;26.6
02;2021-06-24;1327;3149;247454;143242;47.0;27.2
02;2021-06-25;1399;4547;248853;147789;47.3;28.1
02;2021-06-26;1346;4227;250199;152016;47.6;28.9
02;2021-06-27;600;2333;250799;154349;47.7;29.3
02;2021-06-28;878;3021;251677;157370;47.8;29.9
02;2021-06-29;919;2927;252596;160297;48.0;30.5
02;2021-06-30;1510;3162;254106;163459;48.3;31.1
02;2021-07-01;1196;3590;255302;167049;48.5;31.8
02;2021-07-02;1360;5138;256662;172187;48.8;32.7
02;2021-07-03;997;5988;257659;178175;49.0;33.9
02;2021-07-04;509;2367;258168;180542;49.1;34.3
02;2021-07-05;661;3939;258829;184481;49.2;35.1
02;2021-07-06;671;3047;259500;187528;49.3;35.6
02;2021-07-07;1320;3726;260820;191254;49.6;36.4
02;2021-07-08;1394;3874;262214;195128;49.8;37.1
02;2021-07-09;1280;4217;263494;199345;50.1;37.9
02;2021-07-10;1330;4609;264824;203954;50.3;38.8
02;2021-07-11;480;1964;265304;205918;50.4;39.1
02;2021-07-12;1415;3727;266719;209645;50.7;39.9
02;2021-07-13;2066;3658;268785;213303;51.1;40.5
02;2021-07-14;1755;1597;270540;214900;51.4;40.9
02;2021-07-15;2721;3554;273261;218454;51.9;41.5
02;2021-07-16;3165;4222;276426;222676;52.5;42.3
02;2021-07-17;3559;4222;279985;226898;53.2;43.1
02;2021-07-18;2038;1616;282023;228514;53.6;43.4
02;2021-07-19;3440;3034;285463;231548;54.3;44.0
02;2021-07-20;3498;3299;288961;234847;54.9;44.6
02;2021-07-21;3904;2946;292865;237793;55.7;45.2
02;2021-07-22;3317;2808;296182;240601;56.3;45.7
02;2021-07-23;3187;3558;299369;244159;56.9;46.4
02;2021-07-24;4445;3724;303814;247883;57.8;47.1
02;2021-07-25;2186;1082;306000;248965;58.2;47.3
02;2021-07-26;3875;2247;309875;251212;58.9;47.8
02;2021-07-27;3647;2148;313522;253360;59.6;48.2
02;2021-07-28;3277;2096;316799;255456;60.2;48.6
02;2021-07-29;2574;2218;319373;257674;60.7;49.0
02;2021-07-30;3298;2307;322671;259981;61.3;49.4
02;2021-07-31;4169;2268;326840;262249;62.1;49.9
02;2021-08-01;1464;689;328304;262938;62.4;50.0
02;2021-08-02;2031;1603;330335;264541;62.8;50.3
02;2021-08-03;2523;1901;332858;266442;63.3;50.6
02;2021-08-04;2548;1697;335406;268139;63.8;51.0
02;2021-08-05;1844;2268;337250;270407;64.1;51.4
02;2021-08-06;2084;2745;339334;273152;64.5;51.9
02;2021-08-07;2511;2776;341845;275928;65.0;52.5
02;2021-08-08;1025;1568;342870;277496;65.2;52.8
02;2021-08-09;1893;2740;344763;280236;65.5;53.3
02;2021-08-10;1758;2457;346521;282693;65.9;53.7
02;2021-08-11;1475;2105;347996;284798;66.2;54.1
02;2021-08-12;1198;2329;349194;287127;66.4;54.6
02;2021-08-13;1607;2900;350801;290027;66.7;55.1
02;2021-08-14;1646;3683;352447;293710;67.0;55.8
02;2021-08-15;161;571;352608;294281;67.0;55.9
02;2021-08-16;1268;3755;353876;298036;67.3;56.7
02;2021-08-17;1408;2832;355284;300868;67.5;57.2
02;2021-08-18;1571;3174;356855;304042;67.8;57.8
02;2021-08-19;1116;3207;357971;307249;68.0;58.4
03;2020-12-27;0;0;0;0;0.0;0.0
03;2020-12-28;0;0;0;0;0.0;0.0
03;2020-12-29;0;0;0;0;0.0;0.0
03;2020-12-30;1;0;1;0;0.0;0.0
03;2020-12-31;0;0;1;0;0.0;0.0
03;2021-01-01;0;0;1;0;0.0;0.0
03;2021-01-02;0;0;1;0;0.0;0.0
03;2021-01-03;0;0;1;0;0.0;0.0
03;2021-01-04;0;0;1;0;0.0;0.0
03;2021-01-05;0;0;1;0;0.0;0.0
03;2021-01-06;10;0;11;0;0.0;0.0
03;2021-01-07;61;0;72;0;0.0;0.0
03;2021-01-08;146;1;218;1;0.1;0.0
03;2021-01-09;122;0;340;1;0.1;0.0
03;2021-01-10;6;0;346;1;0.1;0.0
03;2021-01-11;412;1;758;2;0.2;0.0
03;2021-01-12;631;0;1389;2;0.4;0.0
03;2021-01-13;669;2;2058;4;0.6;0.0
03;2021-01-14;861;4;2919;8;0.9;0.0
03;2021-01-15;387;3;3306;11;1.0;0.0
03;2021-01-16;278;0;3584;11;1.1;0.0
03;2021-01-17;42;0;3626;11;1.1;0.0
03;2021-01-18;878;0;4504;11;1.4;0.0
03;2021-01-19;1149;1;5653;12;1.7;0.0
03;2021-01-20;1290;4;6943;16;2.1;0.0
03;2021-01-21;1200;5;8143;21;2.5;0.0
03;2021-01-22;1116;4;9259;25;2.8;0.0
03;2021-01-23;466;0;9725;25;2.9;0.0
03;2021-01-24;0;0;9725;25;2.9;0.0
03;2021-01-25;186;0;9911;25;3.0;0.0
03;2021-01-26;679;14;10590;39;3.2;0.0
03;2021-01-27;695;11;11285;50;3.4;0.0
03;2021-01-28;1020;45;12305;95;3.7;0.0
03;2021-01-29;856;81;13161;176;4.0;0.1
03;2021-01-30;600;2;13761;178;4.2;0.1
03;2021-01-31;0;0;13761;178;4.2;0.1
03;2021-02-01;160;76;13921;254;4.2;0.1
03;2021-02-02;767;269;14688;523;4.4;0.2
03;2021-02-03;1056;493;15744;1016;4.8;0.3
03;2021-02-04;1548;634;17292;1650;5.2;0.5
03;2021-02-05;947;317;18239;1967;5.5;0.6
03;2021-02-06;152;13;18391;1980;5.6;0.6
03;2021-02-07;5;0;18396;1980;5.6;0.6
03;2021-02-08;128;56;18524;2036;5.6;0.6
03;2021-02-09;612;444;19136;2480;5.8;0.7
03;2021-02-10;485;344;19621;2824;5.9;0.9
03;2021-02-11;1026;583;20647;3407;6.2;1.0
03;2021-02-12;1075;548;21722;3955;6.6;1.2
03;2021-02-13;126;168;21848;4123;6.6;1.2
03;2021-02-14;0;1;21848;4124;6.6;1.2
03;2021-02-15;309;862;22157;4986;6.7;1.5
03;2021-02-16;547;1171;22704;6157;6.9;1.9
03;2021-02-17;453;1361;23157;7518;7.0;2.3
03;2021-02-18;368;1273;23525;8791;7.1;2.7
03;2021-02-19;496;795;24021;9586;7.3;2.9
03;2021-02-20;128;183;24149;9769;7.3;2.9
03;2021-02-21;2;1;24151;9770;7.3;2.9
03;2021-02-22;159;204;24310;9974;7.3;3.0
03;2021-02-23;721;951;25031;10925;7.6;3.3
03;2021-02-24;609;1021;25640;11946;7.7;3.6
03;2021-02-25;1089;1834;26729;13780;8.1;4.2
03;2021-02-26;821;1376;27550;15156;8.3;4.6
03;2021-02-27;96;258;27646;15414;8.3;4.7
03;2021-02-28;0;15;27646;15429;8.3;4.7
03;2021-03-01;178;240;27824;15669;8.4;4.7
03;2021-03-02;818;660;28642;16329;8.6;4.9
03;2021-03-03;894;449;29536;16778;8.9;5.1
03;2021-03-04;1533;586;31069;17364;9.4;5.2
03;2021-03-05;1120;733;32189;18097;9.7;5.5
03;2021-03-06;915;113;33104;18210;10.0;5.5
03;2021-03-07;2;0;33106;18210;10.0;5.5
03;2021-03-08;239;244;33345;18454;10.1;5.6
03;2021-03-09;1016;439;34361;18893;10.4;5.7
03;2021-03-10;941;551;35302;19444;10.7;5.9
03;2021-03-11;1677;652;36979;20096;11.2;6.1
03;2021-03-12;1302;867;38281;20963;11.6;6.3
03;2021-03-13;863;111;39144;21074;11.8;6.4
03;2021-03-14;2;9;39146;21083;11.8;6.4
03;2021-03-15;250;200;39396;21283;11.9;6.4
03;2021-03-16;650;403;40046;21686;12.1;6.5
03;2021-03-17;1302;444;41348;22130;12.5;6.7
03;2021-03-18;1719;393;43067;22523;13.0;6.8
03;2021-03-19;1729;360;44796;22883;13.5;6.9
03;2021-03-20;301;25;45097;22908;13.6;6.9
03;2021-03-21;0;0;45097;22908;13.6;6.9
03;2021-03-22;222;396;45319;23304;13.7;7.0
03;2021-03-23;1355;354;46674;23658;14.1;7.1
03;2021-03-24;1822;351;48496;24009;14.6;7.2
03;2021-03-25;2366;564;50862;24573;15.4;7.4
03;2021-03-26;2236;443;53098;25016;16.0;7.6
03;2021-03-27;817;21;53915;25037;16.3;7.6
03;2021-03-28;1;39;53916;25076;16.3;7.6
03;2021-03-29;659;176;54575;25252;16.5;7.6
03;2021-03-30;1907;448;56482;25700;17.0;7.8
03;2021-03-31;1014;986;57496;26686;17.4;8.1
03;2021-04-01;1338;1096;58834;27782;17.8;8.4
03;2021-04-02;1705;613;60539;28395;18.3;8.6
03;2021-04-03;366;97;60905;28492;18.4;8.6
03;2021-04-04;2;0;60907;28492;18.4;8.6
03;2021-04-05;18;14;60925;28506;18.4;8.6
03;2021-04-06;1072;410;61997;28916;18.7;8.7
03;2021-04-07;1562;521;63559;29437;19.2;8.9
03;2021-04-08;2121;482;65680;29919;19.8;9.0
03;2021-04-09;2057;1161;67737;31080;20.4;9.4
03;2021-04-10;1013;73;68750;31153;20.8;9.4
03;2021-04-11;478;9;69228;31162;20.9;9.4
03;2021-04-12;985;226;70213;31388;21.2;9.5
03;2021-04-13;1873;984;72086;32372;21.8;9.8
03;2021-04-14;2337;1219;74423;33591;22.5;10.1
03;2021-04-15;2621;1400;77044;34991;23.3;10.6
03;2021-04-16;2835;1174;79879;36165;24.1;10.9
03;2021-04-17;1082;438;80961;36603;24.4;11.0
03;2021-04-18;0;0;80961;36603;24.4;11.0
03;2021-04-19;1191;588;82152;37191;24.8;11.2
03;2021-04-20;1749;1275;83901;38466;25.3;11.6
03;2021-04-21;1122;1295;85023;39761;25.7;12.0
03;2021-04-22;1673;993;86696;40754;26.2;12.3
03;2021-04-23;2478;1262;89174;42016;26.9;12.7
03;2021-04-24;1301;920;90475;42936;27.3;13.0
03;2021-04-25;350;16;90825;42952;27.4;13.0
03;2021-04-26;1331;463;92156;43415;27.8;13.1
03;2021-04-27;1767;1521;93923;44936;28.3;13.6
03;2021-04-28;1930;1120;95853;46056;28.9;13.9
03;2021-04-29;2372;1243;98225;47299;29.6;14.3
03;2021-04-30;1931;806;100156;48105;30.2;14.5
03;2021-05-01;437;491;100593;48596;30.4;14.7
03;2021-05-02;2;1;100595;48597;30.4;14.7
03;2021-05-03;1911;771;102506;49368;30.9;14.9
03;2021-05-04;2843;1629;105349;50997;31.8;15.4
03;2021-05-05;2603;1320;107952;52317;32.6;15.8
03;2021-05-06;3095;2010;111047;54327;33.5;16.4
03;2021-05-07;4727;1789;115774;56116;34.9;16.9
03;2021-05-08;661;380;116435;56496;35.1;17.1
03;2021-05-09;49;511;116484;57007;35.2;17.2
03;2021-05-10;1891;1463;118375;58470;35.7;17.6
03;2021-05-11;3899;1837;122274;60307;36.9;18.2
03;2021-05-12;2970;1522;125244;61829;37.8;18.7
03;2021-05-13;4381;407;129625;62236;39.1;18.8
03;2021-05-14;3655;1695;133280;63931;40.2;19.3
03;2021-05-15;1942;491;135222;64422;40.8;19.4
03;2021-05-16;517;57;135739;64479;41.0;19.5
03;2021-05-17;1276;863;137015;65342;41.4;19.7
03;2021-05-18;3071;1502;140086;66844;42.3;20.2
03;2021-05-19;2622;967;142708;67811;43.1;20.5
03;2021-05-20;3331;1138;146039;68949;44.1;20.8
03;2021-05-21;4195;1286;150234;70235;45.3;21.2
03;2021-05-22;2012;360;152246;70595;46.0;21.3
03;2021-05-23;641;73;152887;70668;46.1;21.3
03;2021-05-24;2655;215;155542;70883;46.9;21.4
03;2021-05-25;3071;1690;158613;72573;47.9;21.9
03;2021-05-26;2338;1042;160951;73615;48.6;22.2
03;2021-05-27;2946;1126;163897;74741;49.5;22.6
03;2021-05-28;3844;2278;167741;77019;50.6;23.2
03;2021-05-29;1748;600;169489;77619;51.2;23.4
03;2021-05-30;242;23;169731;77642;51.2;23.4
03;2021-05-31;694;572;170425;78214;51.4;23.6
03;2021-06-01;2303;2345;172728;80559;52.1;24.3
03;2021-06-02;1534;1749;174262;82308;52.6;24.8
03;2021-06-03;2059;2753;176321;85061;53.2;25.7
03;2021-06-04;1699;2505;178020;87566;53.7;26.4
03;2021-06-05;1076;1141;179096;88707;54.1;26.8
03;2021-06-06;59;7;179155;88714;54.1;26.8
03;2021-06-07;784;1814;179939;90528;54.3;27.3
03;2021-06-08;1456;2554;181395;93082;54.8;28.1
03;2021-06-09;1267;1875;182662;94957;55.1;28.7
03;2021-06-10;1380;2123;184042;97080;55.5;29.3
03;2021-06-11;1504;3449;185546;100529;56.0;30.3
03;2021-06-12;831;823;186377;101352;56.3;30.6
03;2021-06-13;20;10;186397;101362;56.3;30.6
03;2021-06-14;381;2177;186778;103539;56.4;31.3
03;2021-06-15;1316;3837;188094;107376;56.8;32.4
03;2021-06-16;788;2887;188882;110263;57.0;33.3
03;2021-06-17;1083;3332;189965;113595;57.3;34.3
03;2021-06-18;1114;3980;191079;117575;57.7;35.5
03;2021-06-19;642;1617;191721;119192;57.9;36.0
03;2021-06-20;20;8;191741;119200;57.9;36.0
03;2021-06-21;462;2636;192203;121836;58.0;36.8
03;2021-06-22;1026;4004;193229;125840;58.3;38.0
03;2021-06-23;716;3284;193945;129124;58.5;39.0
03;2021-06-24;984;3863;194929;132987;58.8;40.1
03;2021-06-25;1017;3892;195946;136879;59.1;41.3
03;2021-06-26;513;2040;196459;138919;59.3;41.9
03;2021-06-27;65;486;196524;139405;59.3;42.1
03;2021-06-28;638;2099;197162;141504;59.5;42.7
03;2021-06-29;1026;3329;198188;144833;59.8;43.7
03;2021-06-30;832;3116;199020;147949;60.1;44.7
03;2021-07-01;985;2937;200005;150886;60.4;45.5
03;2021-07-02;920;4095;200925;154981;60.6;46.8
03;2021-07-03;487;1884;201412;156865;60.8;47.3
03;2021-07-04;19;332;201431;157197;60.8;47.4
03;2021-07-05;817;2379;202248;159576;61.0;48.2
03;2021-07-06;1170;3460;203418;163036;61.4;49.2
03;2021-07-07;805;2616;204223;165652;61.6;50.0
03;2021-07-08;1058;3040;205281;168692;62.0;50.9
03;2021-07-09;1470;3628;206751;172320;62.4;52.0
03;2021-07-10;510;1926;207261;174246;62.6;52.6
03;2021-07-11;61;492;207322;174738;62.6;52.7
03;2021-07-12;931;1150;208253;175888;62.9;53.1
03;2021-07-13;2613;3154;210866;179042;63.6;54.0
03;2021-07-14;195;24;211061;179066;63.7;54.0
03;2021-07-15;2613;2455;213674;181521;64.5;54.8
03;2021-07-16;2735;2275;216409;183796;65.3;55.5
03;2021-07-17;1030;1626;217439;185422;65.6;56.0
03;2021-07-18;31;6;217470;185428;65.6;56.0
03;2021-07-19;2392;1275;219862;186703;66.4;56.4
03;2021-07-20;3074;3037;222936;189740;67.3;57.3
03;2021-07-21;3210;1433;226146;191173;68.3;57.7
03;2021-07-22;2851;1883;228997;193056;69.1;58.3
03;2021-07-23;3201;1298;232198;194354;70.1;58.7
03;2021-07-24;588;581;232786;194935;70.3;58.8
03;2021-07-25;17;5;232803;194940;70.3;58.8
03;2021-07-26;2038;1583;234841;196523;70.9;59.3
03;2021-07-27;3311;2224;238152;198747;71.9;60.0
03;2021-07-28;2708;1114;240860;199861;72.7;60.3
03;2021-07-29;2489;1660;243349;201521;73.4;60.8
03;2021-07-30;2118;1445;245467;202966;74.1;61.3
03;2021-07-31;960;892;246427;203858;74.4;61.5
03;2021-08-01;13;20;246440;203878;74.4;61.5
03;2021-08-02;1661;1605;248101;205483;74.9;62.0
03;2021-08-03;2213;2780;250314;208263;75.6;62.9
03;2021-08-04;2186;886;252500;209149;76.2;63.1
03;2021-08-05;1255;1937;253755;211086;76.6;63.7
03;2021-08-06;1279;1026;255034;212112;77.0;64.0
03;2021-08-07;606;492;255640;212604;77.2;64.2
03;2021-08-08;65;29;255705;212633;77.2;64.2
03;2021-08-09;598;1305;256303;213938;77.4;64.6
03;2021-08-10;1659;3465;257962;217403;77.9;65.6
03;2021-08-11;1331;2529;259293;219932;78.3;66.4
03;2021-08-12;1132;3513;260425;223445;78.6;67.4
03;2021-08-13;677;1047;261102;224492;78.8;67.8
03;2021-08-14;379;565;261481;225057;78.9;67.9
03;2021-08-15;9;61;261490;225118;78.9;67.9
03;2021-08-16;713;2693;262203;227811;79.1;68.8
03;2021-08-17;1082;3218;263285;231029;79.5;69.7
03;2021-08-18;1153;2152;264438;233181;79.8;70.4
03;2021-08-19;1004;3044;265442;236225;80.1;71.3
04;2020-12-27;0;0;0;0;0.0;0.0
04;2020-12-28;1;0;1;0;0.0;0.0
04;2020-12-29;0;0;1;0;0.0;0.0
04;2020-12-30;0;0;1;0;0.0;0.0
04;2020-12-31;0;0;1;0;0.0;0.0
04;2021-01-01;0;0;1;0;0.0;0.0
04;2021-01-02;0;0;1;0;0.0;0.0
04;2021-01-03;0;0;1;0;0.0;0.0
04;2021-01-04;0;0;1;0;0.0;0.0
04;2021-01-05;4;0;5;0;0.0;0.0
04;2021-01-06;0;0;5;0;0.0;0.0
04;2021-01-07;61;0;66;0;0.0;0.0
04;2021-01-08;88;0;154;0;0.1;0.0
04;2021-01-09;57;0;211;0;0.1;0.0
04;2021-01-10;0;0;211;0;0.1;0.0
04;2021-01-11;77;0;288;0;0.2;0.0
04;2021-01-12;419;1;707;1;0.4;0.0
04;2021-01-13;245;1;952;2;0.6;0.0
04;2021-01-14;90;2;1042;4;0.6;0.0
04;2021-01-15;165;4;1207;8;0.7;0.0
04;2021-01-16;105;2;1312;10;0.8;0.0
04;2021-01-17;14;0;1326;10;0.8;0.0
04;2021-01-18;236;9;1562;19;0.9;0.0
04;2021-01-19;466;4;2028;23;1.2;0.0
04;2021-01-20;572;9;2600;32;1.6;0.0
04;2021-01-21;612;6;3212;38;1.9;0.0
04;2021-01-22;638;1;3850;39;2.3;0.0
04;2021-01-23;111;0;3961;39;2.4;0.0
04;2021-01-24;0;0;3961;39;2.4;0.0
04;2021-01-25;240;0;4201;39;2.5;0.0
04;2021-01-26;656;1;4857;40;2.9;0.0
04;2021-01-27;480;0;5337;40;3.2;0.0
04;2021-01-28;665;22;6002;62;3.6;0.0
04;2021-01-29;367;41;6369;103;3.9;0.1
04;2021-01-30;65;41;6434;144;3.9;0.1
04;2021-01-31;1;5;6435;149;3.9;0.1
04;2021-02-01;264;149;6699;298;4.1;0.2
04;2021-02-02;560;226;7259;524;4.4;0.3
04;2021-02-03;368;161;7627;685;4.6;0.4
04;2021-02-04;356;53;7983;738;4.8;0.4
04;2021-02-05;379;222;8362;960;5.1;0.6
04;2021-02-06;50;95;8412;1055;5.1;0.6
04;2021-02-07;2;22;8414;1077;5.1;0.7
04;2021-02-08;163;71;8577;1148;5.2;0.7
04;2021-02-09;193;143;8770;1291;5.3;0.8
04;2021-02-10;252;171;9022;1462;5.5;0.9
04;2021-02-11;364;291;9386;1753;5.7;1.1
04;2021-02-12;293;317;9679;2070;5.9;1.3
04;2021-02-13;26;94;9705;2164;5.9;1.3
04;2021-02-14;0;0;9705;2164;5.9;1.3
04;2021-02-15;31;164;9736;2328;5.9;1.4
04;2021-02-16;80;519;9816;2847;5.9;1.7
04;2021-02-17;67;433;9883;3280;6.0;2.0
04;2021-02-18;45;614;9928;3894;6.0;2.4
04;2021-02-19;52;377;9980;4271;6.0;2.6
04;2021-02-20;5;71;9985;4342;6.0;2.6
04;2021-02-21;0;0;9985;4342;6.0;2.6
04;2021-02-22;7;298;9992;4640;6.0;2.8
04;2021-02-23;19;595;10011;5235;6.1;3.2
04;2021-02-24;38;431;10049;5666;6.1;3.4
04;2021-02-25;72;378;10121;6044;6.1;3.7
04;2021-02-26;215;332;10336;6376;6.3;3.9
04;2021-02-27;179;74;10515;6450;6.4;3.9
04;2021-02-28;1;0;10516;6450;6.4;3.9
04;2021-03-01;18;74;10534;6524;6.4;3.9
04;2021-03-02;135;41;10669;6565;6.5;4.0
04;2021-03-03;375;643;11044;7208;6.7;4.4
04;2021-03-04;208;491;11252;7699;6.8;4.7
04;2021-03-05;236;360;11488;8059;7.0;4.9
04;2021-03-06;912;75;12400;8134;7.5;4.9
04;2021-03-07;498;23;12898;8157;7.8;4.9
04;2021-03-08;45;83;12943;8240;7.8;5.0
04;2021-03-09;215;257;13158;8497;8.0;5.1
04;2021-03-10;400;373;13558;8870;8.2;5.4
04;2021-03-11;495;341;14053;9211;8.5;5.6
04;2021-03-12;699;205;14752;9416;8.9;5.7
04;2021-03-13;1087;61;15839;9477;9.6;5.7
04;2021-03-14;460;3;16299;9480;9.9;5.7
04;2021-03-15;93;14;16392;9494;9.9;5.7
04;2021-03-16;74;9;16466;9503;10.0;5.8
04;2021-03-17;532;77;16998;9580;10.3;5.8
04;2021-03-18;815;24;17813;9604;10.8;5.8
04;2021-03-19;724;32;18537;9636;11.2;5.8
04;2021-03-20;159;3;18696;9639;11.3;5.8
04;2021-03-21;0;0;18696;9639;11.3;5.8
04;2021-03-22;105;12;18801;9651;11.4;5.8
04;2021-03-23;244;7;19045;9658;11.5;5.8
04;2021-03-24;1023;53;20068;9711;12.1;5.9
04;2021-03-25;1326;45;21394;9756;13.0;5.9
04;2021-03-26;1449;66;22843;9822;13.8;5.9
04;2021-03-27;266;19;23109;9841;14.0;6.0
04;2021-03-28;2;0;23111;9841;14.0;6.0
04;2021-03-29;680;13;23791;9854;14.4;6.0
04;2021-03-30;1085;147;24876;10001;15.1;6.1
04;2021-03-31;1327;105;26203;10106;15.9;6.1
04;2021-04-01;1132;126;27335;10232;16.5;6.2
04;2021-04-02;1184;110;28519;10342;17.3;6.3
04;2021-04-03;250;20;28769;10362;17.4;6.3
04;2021-04-04;1;0;28770;10362;17.4;6.3
04;2021-04-05;35;1;28805;10363;17.4;6.3
04;2021-04-06;928;147;29733;10510;18.0;6.4
04;2021-04-07;882;433;30615;10943;18.5;6.6
04;2021-04-08;926;697;31541;11640;19.1;7.0
04;2021-04-09;678;420;32219;12060;19.5;7.3
04;2021-04-10;231;192;32450;12252;19.6;7.4
04;2021-04-11;153;65;32603;12317;19.7;7.5
04;2021-04-12;594;100;33197;12417;20.1;7.5
04;2021-04-13;1190;239;34387;12656;20.8;7.7
04;2021-04-14;993;499;35380;13155;21.4;8.0
04;2021-04-15;921;672;36301;13827;22.0;8.4
04;2021-04-16;819;457;37120;14284;22.5;8.6
04;2021-04-17;211;69;37331;14353;22.6;8.7
04;2021-04-18;0;13;37331;14366;22.6;8.7
04;2021-04-19;338;290;37669;14656;22.8;8.9
04;2021-04-20;1005;445;38674;15101;23.4;9.1
04;2021-04-21;656;746;39330;15847;23.8;9.6
04;2021-04-22;759;854;40089;16701;24.3;10.1
04;2021-04-23;695;536;40784;17237;24.7;10.4
04;2021-04-24;165;65;40949;17302;24.8;10.5
04;2021-04-25;0;0;40949;17302;24.8;10.5
04;2021-04-26;172;611;41121;17913;24.9;10.8
04;2021-04-27;395;967;41516;18880;25.1;11.4
04;2021-04-28;432;1089;41948;19969;25.4;12.1
04;2021-04-29;687;1126;42635;21095;25.8;12.8
04;2021-04-30;436;849;43071;21944;26.1;13.3
04;2021-05-01;104;22;43175;21966;26.1;13.3
04;2021-05-02;8;131;43183;22097;26.1;13.4
04;2021-05-03;151;552;43334;22649;26.2;13.7
04;2021-05-04;564;839;43898;23488;26.6;14.2
04;2021-05-05;514;930;44412;24418;26.9;14.8
04;2021-05-06;1162;590;45574;25008;27.6;15.1
04;2021-05-07;657;763;46231;25771;28.0;15.6
04;2021-05-08;48;98;46279;25869;28.0;15.7
04;2021-05-09;0;0;46279;25869;28.0;15.7
04;2021-05-10;466;296;46745;26165;28.3;15.8
04;2021-05-11;1202;907;47947;27072;29.0;16.4
04;2021-05-12;1389;739;49336;27811;29.9;16.8
04;2021-05-13;378;131;49714;27942;30.1;16.9
04;2021-05-14;440;295;50154;28237;30.4;17.1
04;2021-05-15;99;163;50253;28400;30.4;17.2
04;2021-05-16;4;6;50257;28406;30.4;17.2
04;2021-05-17;155;298;50412;28704;30.5;17.4
04;2021-05-18;392;976;50804;29680;30.8;18.0
04;2021-05-19;773;690;51577;30370;31.2;18.4
04;2021-05-20;1258;551;52835;30921;32.0;18.7
04;2021-05-21;852;787;53687;31708;32.5;19.2
04;2021-05-22;105;146;53792;31854;32.6;19.3
04;2021-05-23;1;1;53793;31855;32.6;19.3
04;2021-05-24;2;36;53795;31891;32.6;19.3
04;2021-05-25;868;596;54663;32487;33.1;19.7
04;2021-05-26;1048;788;55711;33275;33.7;20.1
04;2021-05-27;1357;632;57068;33907;34.5;20.5
04;2021-05-28;1119;658;58187;34565;35.2;20.9
04;2021-05-29;90;398;58277;34963;35.3;21.2
04;2021-05-30;3;1;58280;34964;35.3;21.2
04;2021-05-31;421;417;58701;35381;35.5;21.4
04;2021-06-01;642;637;59343;36018;35.9;21.8
04;2021-06-02;872;1063;60215;37081;36.5;22.4
04;2021-06-03;1196;854;61411;37935;37.2;23.0
04;2021-06-04;977;780;62388;38715;37.8;23.4
04;2021-06-05;142;201;62530;38916;37.9;23.6
04;2021-06-06;7;13;62537;38929;37.9;23.6
04;2021-06-07;564;318;63101;39247;38.2;23.8
04;2021-06-08;843;595;63944;39842;38.7;24.1
04;2021-06-09;1149;689;65093;40531;39.4;24.5
04;2021-06-10;1147;588;66240;41119;40.1;24.9
04;2021-06-11;945;611;67185;41730;40.7;25.3
04;2021-06-12;212;148;67397;41878;40.8;25.4
04;2021-06-13;1;1;67398;41879;40.8;25.4
04;2021-06-14;478;304;67876;42183;41.1;25.5
04;2021-06-15;645;1002;68521;43185;41.5;26.1
04;2021-06-16;1021;787;69542;43972;42.1;26.6
04;2021-06-17;1001;961;70543;44933;42.7;27.2
04;2021-06-18;765;884;71308;45817;43.2;27.7
04;2021-06-19;40;85;71348;45902;43.2;27.8
04;2021-06-20;7;9;71355;45911;43.2;27.8
04;2021-06-21;306;615;71661;46526;43.4;28.2
04;2021-06-22;361;1308;72022;47834;43.6;29.0
04;2021-06-23;475;1313;72497;49147;43.9;29.8
04;2021-06-24;852;819;73349;49966;44.4;30.2
04;2021-06-25;462;637;73811;50603;44.7;30.6
04;2021-06-26;56;129;73867;50732;44.7;30.7
04;2021-06-27;4;4;73871;50736;44.7;30.7
04;2021-06-28;159;341;74030;51077;44.8;30.9
04;2021-06-29;370;836;74400;51913;45.0;31.4
04;2021-06-30;542;1121;74942;53034;45.4;32.1
04;2021-07-01;579;1217;75521;54251;45.7;32.8
04;2021-07-02;557;1089;76078;55340;46.1;33.5
04;2021-07-03;65;162;76143;55502;46.1;33.6
04;2021-07-04;6;6;76149;55508;46.1;33.6
04;2021-07-05;106;297;76255;55805;46.2;33.8
04;2021-07-06;505;1383;76760;57188;46.5;34.6
04;2021-07-07;494;1343;77254;58531;46.8;35.4
04;2021-07-08;724;1360;77978;59891;47.2;36.3
04;2021-07-09;581;1062;78559;60953;47.6;36.9
04;2021-07-10;92;177;78651;61130;47.6;37.0
04;2021-07-11;0;21;78651;61151;47.6;37.0
04;2021-07-12;127;651;78778;61802;47.7;37.4
04;2021-07-13;880;1543;79658;63345;48.2;38.3
04;2021-07-14;26;43;79684;63388;48.2;38.4
04;2021-07-15;1218;1733;80902;65121;49.0;39.4
04;2021-07-16;1080;1117;81982;66238;49.6;40.1
04;2021-07-17;444;232;82426;66470;49.9;40.2
04;2021-07-18;114;18;82540;66488;50.0;40.2
04;2021-07-19;483;654;83023;67142;50.3;40.6
04;2021-07-20;1312;1461;84335;68603;51.1;41.5
04;2021-07-21;1124;1165;85459;69768;51.7;42.2
04;2021-07-22;1501;1368;86960;71136;52.6;43.1
04;2021-07-23;1147;1141;88107;72277;53.3;43.8
04;2021-07-24;684;213;88791;72490;53.7;43.9
04;2021-07-25;42;20;88833;72510;53.8;43.9
04;2021-07-26;442;638;89275;73148;54.0;44.3
04;2021-07-27;1366;1044;90641;74192;54.9;44.9
04;2021-07-28;1070;1036;91711;75228;55.5;45.5
04;2021-07-29;1551;1300;93262;76528;56.5;46.3
04;2021-07-30;1244;923;94506;77451;57.2;46.9
04;2021-07-31;252;176;94758;77627;57.4;47.0
04;2021-08-01;48;19;94806;77646;57.4;47.0
04;2021-08-02;136;111;94942;77757;57.5;47.1
04;2021-08-03;1340;1113;96282;78870;58.3;47.7
04;2021-08-04;1171;860;97453;79730;59.0;48.3
04;2021-08-05;1186;735;98639;80465;59.7;48.7
04;2021-08-06;516;396;99155;80861;60.0;48.9
04;2021-08-07;159;162;99314;81023;60.1;49.0
04;2021-08-08;25;12;99339;81035;60.1;49.1
04;2021-08-09;104;119;99443;81154;60.2;49.1
04;2021-08-10;653;976;100096;82130;60.6;49.7
04;2021-08-11;1143;1020;101239;83150;61.3;50.3
04;2021-08-12;1120;1291;102359;84441;62.0;51.1
04;2021-08-13;439;379;102798;84820;62.2;51.3
04;2021-08-14;99;71;102897;84891;62.3;51.4
04;2021-08-15;0;0;102897;84891;62.3;51.4
04;2021-08-16;101;134;102998;85025;62.3;51.5
04;2021-08-17;490;1014;103488;86039;62.6;52.1
04;2021-08-18;717;1319;104205;87358;63.1;52.9
04;2021-08-19;738;1404;104943;88762;63.5;53.7
05;2020-12-27;0;0;0;0;0.0;0.0
05;2020-12-28;1;0;1;0;0.0;0.0
05;2020-12-29;1;0;2;0;0.0;0.0
05;2020-12-30;2;0;4;0;0.0;0.0
05;2020-12-31;0;0;4;0;0.0;0.0
05;2021-01-01;2;0;6;0;0.0;0.0
05;2021-01-02;2;0;8;0;0.0;0.0
05;2021-01-03;1;0;9;0;0.0;0.0
05;2021-01-04;2;0;11;0;0.0;0.0
05;2021-01-05;0;0;11;0;0.0;0.0
05;2021-01-06;21;0;32;0;0.0;0.0
05;2021-01-07;128;0;160;0;0.1;0.0
05;2021-01-08;146;0;306;0;0.2;0.0
05;2021-01-09;11;0;317;0;0.2;0.0
05;2021-01-10;0;0;317;0;0.2;0.0
05;2021-01-11;44;0;361;0;0.3;0.0
05;2021-01-12;105;0;466;0;0.3;0.0
05;2021-01-13;140;0;606;0;0.4;0.0
05;2021-01-14;167;0;773;0;0.5;0.0
05;2021-01-15;128;1;901;1;0.6;0.0
05;2021-01-16;14;0;915;1;0.6;0.0
05;2021-01-17;0;0;915;1;0.6;0.0
05;2021-01-18;226;1;1141;2;0.8;0.0
05;2021-01-19;228;0;1369;2;1.0;0.0
05;2021-01-20;213;0;1582;2;1.1;0.0
05;2021-01-21;255;0;1837;2;1.3;0.0
05;2021-01-22;195;1;2032;3;1.4;0.0
05;2021-01-23;112;0;2144;3;1.5;0.0
05;2021-01-24;0;0;2144;3;1.5;0.0
05;2021-01-25;316;0;2460;3;1.7;0.0
05;2021-01-26;486;0;2946;3;2.1;0.0
05;2021-01-27;389;4;3335;7;2.4;0.0
05;2021-01-28;363;56;3698;63;2.6;0.0
05;2021-01-29;363;113;4061;176;2.9;0.1
05;2021-01-30;97;9;4158;185;2.9;0.1
05;2021-01-31;4;0;4162;185;2.9;0.1
05;2021-02-01;176;21;4338;206;3.1;0.1
05;2021-02-02;186;122;4524;328;3.2;0.2
05;2021-02-03;207;65;4731;393;3.3;0.3
05;2021-02-04;197;126;4928;519;3.5;0.4
05;2021-02-05;183;111;5111;630;3.6;0.4
05;2021-02-06;76;24;5187;654;3.7;0.5
05;2021-02-07;0;5;5187;659;3.7;0.5
05;2021-02-08;84;124;5271;783;3.7;0.6
05;2021-02-09;97;118;5368;901;3.8;0.6
05;2021-02-10;81;178;5449;1079;3.8;0.8
05;2021-02-11;87;138;5536;1217;3.9;0.9
05;2021-02-12;84;150;5620;1367;4.0;1.0
05;2021-02-13;75;32;5695;1399;4.0;1.0
05;2021-02-14;0;0;5695;1399;4.0;1.0
05;2021-02-15;97;190;5792;1589;4.1;1.1
05;2021-02-16;111;286;5903;1875;4.2;1.3
05;2021-02-17;136;231;6039;2106;4.3;1.5
05;2021-02-18;155;300;6194;2406;4.4;1.7
05;2021-02-19;158;323;6352;2729;4.5;1.9
05;2021-02-20;31;87;6383;2816;4.5;2.0
05;2021-02-21;0;0;6383;2816;4.5;2.0
05;2021-02-22;70;245;6453;3061;4.6;2.2
05;2021-02-23;18;239;6471;3300;4.6;2.3
05;2021-02-24;20;196;6491;3496;4.6;2.5
05;2021-02-25;56;177;6547;3673;4.6;2.6
05;2021-02-26;145;215;6692;3888;4.7;2.7
05;2021-02-27;65;171;6757;4059;4.8;2.9
05;2021-02-28;11;0;6768;4059;4.8;2.9
05;2021-03-01;93;170;6861;4229;4.8;3.0
05;2021-03-02;92;198;6953;4427;4.9;3.1
05;2021-03-03;112;232;7065;4659;5.0;3.3
05;2021-03-04;242;166;7307;4825;5.2;3.4
05;2021-03-05;578;193;7885;5018;5.6;3.5
05;2021-03-06;668;58;8553;5076;6.0;3.6
05;2021-03-07;515;19;9068;5095;6.4;3.6
05;2021-03-08;556;137;9624;5232;6.8;3.7
05;2021-03-09;520;161;10144;5393;7.2;3.8
05;2021-03-10;497;143;10641;5536;7.5;3.9
05;2021-03-11;374;137;11015;5673;7.8;4.0
05;2021-03-12;435;91;11450;5764;8.1;4.1
05;2021-03-13;797;94;12247;5858;8.6;4.1
05;2021-03-14;670;9;12917;5867;9.1;4.1
05;2021-03-15;354;125;13271;5992;9.4;4.2
05;2021-03-16;148;143;13419;6135;9.5;4.3
05;2021-03-17;262;121;13681;6256;9.7;4.4
05;2021-03-18;364;35;14045;6291;9.9;4.4
05;2021-03-19;450;59;14495;6350;10.2;4.5
05;2021-03-20;167;32;14662;6382;10.3;4.5
05;2021-03-21;1;0;14663;6382;10.3;4.5
05;2021-03-22;716;34;15379;6416;10.8;4.5
05;2021-03-23;804;13;16183;6429;11.4;4.5
05;2021-03-24;790;76;16973;6505;12.0;4.6
05;2021-03-25;901;59;17874;6564;12.6;4.6
05;2021-03-26;1023;47;18897;6611;13.3;4.7
05;2021-03-27;467;34;19364;6645;13.7;4.7
05;2021-03-28;10;0;19374;6645;13.7;4.7
05;2021-03-29;905;62;20279;6707;14.3;4.7
05;2021-03-30;1142;77;21421;6784;15.1;4.8
05;2021-03-31;823;254;22244;7038;15.7;5.0
05;2021-04-01;900;243;23144;7281;16.3;5.1
05;2021-04-02;665;378;23809;7659;16.8;5.4
05;2021-04-03;550;183;24359;7842;17.2;5.5
05;2021-04-04;350;63;24709;7905;17.4;5.6
05;2021-04-05;158;12;24867;7917;17.5;5.6
05;2021-04-06;646;276;25513;8193;18.0;5.8
05;2021-04-07;773;323;26286;8516;18.5;6.0
05;2021-04-08;734;337;27020;8853;19.1;6.2
05;2021-04-09;883;409;27903;9262;19.7;6.5
05;2021-04-10;713;388;28616;9650;20.2;6.8
05;2021-04-11;191;174;28807;9824;20.3;6.9
05;2021-04-12;732;261;29539;10085;20.8;7.1
05;2021-04-13;921;241;30460;10326;21.5;7.3
05;2021-04-14;667;327;31127;10653;22.0;7.5
05;2021-04-15;768;398;31895;11051;22.5;7.8
05;2021-04-16;731;411;32626;11462;23.0;8.1
05;2021-04-17;671;240;33297;11702;23.5;8.3
05;2021-04-18;305;23;33602;11725;23.7;8.3
05;2021-04-19;363;538;33965;12263;24.0;8.7
05;2021-04-20;482;630;34447;12893;24.3;9.1
05;2021-04-21;494;631;34941;13524;24.6;9.5
05;2021-04-22;385;549;35326;14073;24.9;9.9
05;2021-04-23;523;657;35849;14730;25.3;10.4
05;2021-04-24;347;383;36196;15113;25.5;10.7
05;2021-04-25;288;23;36484;15136;25.7;10.7
05;2021-04-26;367;706;36851;15842;26.0;11.2
05;2021-04-27;657;749;37508;16591;26.5;11.7
05;2021-04-28;468;721;37976;17312;26.8;12.2
05;2021-04-29;703;749;38679;18061;27.3;12.7
05;2021-04-30;509;755;39188;18816;27.6;13.3
05;2021-05-01;138;110;39326;18926;27.7;13.4
05;2021-05-02;266;115;39592;19041;27.9;13.4
05;2021-05-03;457;494;40049;19535;28.3;13.8
05;2021-05-04;384;504;40433;20039;28.5;14.1
05;2021-05-05;462;671;40895;20710;28.8;14.6
05;2021-05-06;648;723;41543;21433;29.3;15.1
05;2021-05-07;596;803;42139;22236;29.7;15.7
05;2021-05-08;481;175;42620;22411;30.1;15.8
05;2021-05-09;208;57;42828;22468;30.2;15.8
05;2021-05-10;499;696;43327;23164;30.6;16.3
05;2021-05-11;669;915;43996;24079;31.0;17.0
05;2021-05-12;648;733;44644;24812;31.5;17.5
05;2021-05-13;960;116;45604;24928;32.2;17.6
05;2021-05-14;826;494;46430;25422;32.8;17.9
05;2021-05-15;1043;354;47473;25776;33.5;18.2
05;2021-05-16;235;52;47708;25828;33.7;18.2
05;2021-05-17;484;430;48192;26258;34.0;18.5
05;2021-05-18;518;419;48710;26677;34.4;18.8
05;2021-05-19;724;458;49434;27135;34.9;19.1
05;2021-05-20;747;434;50181;27569;35.4;19.4
05;2021-05-21;705;511;50886;28080;35.9;19.8
05;2021-05-22;606;239;51492;28319;36.3;20.0
05;2021-05-23;277;59;51769;28378;36.5;20.0
05;2021-05-24;509;157;52278;28535;36.9;20.1
05;2021-05-25;515;482;52793;29017;37.2;20.5
05;2021-05-26;696;362;53489;29379;37.7;20.7
05;2021-05-27;799;571;54288;29950;38.3;21.1
05;2021-05-28;666;648;54954;30598;38.8;21.6
05;2021-05-29;566;544;55520;31142;39.2;22.0
05;2021-05-30;212;82;55732;31224;39.3;22.0
05;2021-05-31;575;496;56307;31720;39.7;22.4
05;2021-06-01;589;585;56896;32305;40.1;22.8
05;2021-06-02;685;703;57581;33008;40.6;23.3
05;2021-06-03;716;652;58297;33660;41.1;23.7
05;2021-06-04;1018;819;59315;34479;41.8;24.3
05;2021-06-05;807;507;60122;34986;42.4;24.7
05;2021-06-06;200;88;60322;35074;42.6;24.7
05;2021-06-07;605;834;60927;35908;43.0;25.3
05;2021-06-08;700;658;61627;36566;43.5;25.8
05;2021-06-09;648;782;62275;37348;43.9;26.3
05;2021-06-10;543;718;62818;38066;44.3;26.9
05;2021-06-11;766;723;63584;38789;44.9;27.4
05;2021-06-12;593;484;64177;39273;45.3;27.7
05;2021-06-13;112;91;64289;39364;45.4;27.8
05;2021-06-14;403;668;64692;40032;45.6;28.2
05;2021-06-15;543;911;65235;40943;46.0;28.9
05;2021-06-16;433;670;65668;41613;46.3;29.4
05;2021-06-17;360;806;66028;42419;46.6;29.9
05;2021-06-18;396;724;66424;43143;46.9;30.4
05;2021-06-19;421;571;66845;43714;47.2;30.8
05;2021-06-20;64;77;66909;43791;47.2;30.9
05;2021-06-21;319;641;67228;44432;47.4;31.3
05;2021-06-22;356;829;67584;45261;47.7;31.9
05;2021-06-23;354;764;67938;46025;47.9;32.5
05;2021-06-24;388;1023;68326;47048;48.2;33.2
05;2021-06-25;229;893;68555;47941;48.4;33.8
05;2021-06-26;291;1074;68846;49015;48.6;34.6
05;2021-06-27;128;170;68974;49185;48.7;34.7
05;2021-06-28;254;793;69228;49978;48.8;35.3
05;2021-06-29;250;785;69478;50763;49.0;35.8
05;2021-06-30;329;790;69807;51553;49.2;36.4
05;2021-07-01;382;791;70189;52344;49.5;36.9
05;2021-07-02;370;870;70559;53214;49.8;37.5
05;2021-07-03;304;740;70863;53954;50.0;38.1
05;2021-07-04;179;177;71042;54131;50.1;38.2
05;2021-07-05;264;781;71306;54912;50.3;38.7
05;2021-07-06;336;860;71642;55772;50.5;39.3
05;2021-07-07;401;782;72043;56554;50.8;39.9
05;2021-07-08;431;848;72474;57402;51.1;40.5
05;2021-07-09;422;995;72896;58397;51.4;41.2
05;2021-07-10;314;729;73210;59126;51.6;41.7
05;2021-07-11;176;119;73386;59245;51.8;41.8
05;2021-07-12;415;1013;73801;60258;52.1;42.5
05;2021-07-13;483;870;74284;61128;52.4;43.1
05;2021-07-14;839;299;75123;61427;53.0;43.3
05;2021-07-15;708;993;75831;62420;53.5;44.0
05;2021-07-16;1028;1457;76859;63877;54.2;45.1
05;2021-07-17;674;1304;77533;65181;54.7;46.0
05;2021-07-18;284;128;77817;65309;54.9;46.1
05;2021-07-19;572;792;78389;66101;55.3;46.6
05;2021-07-20;761;800;79150;66901;55.8;47.2
05;2021-07-21;880;841;80030;67742;56.5;47.8
05;2021-07-22;814;869;80844;68611;57.0;48.4
05;2021-07-23;1443;1237;82287;69848;58.0;49.3
05;2021-07-24;860;834;83147;70682;58.7;49.9
05;2021-07-25;305;160;83452;70842;58.9;50.0
05;2021-07-26;775;562;84227;71404;59.4;50.4
05;2021-07-27;1257;749;85484;72153;60.3;50.9
05;2021-07-28;1521;714;87005;72867;61.4;51.4
05;2021-07-29;1345;724;88350;73591;62.3;51.9
05;2021-07-30;956;594;89306;74185;63.0;52.3
05;2021-07-31;779;522;90085;74707;63.5;52.7
05;2021-08-01;191;178;90276;74885;63.7;52.8
05;2021-08-02;827;545;91103;75430;64.3;53.2
05;2021-08-03;826;606;91929;76036;64.9;53.6
05;2021-08-04;987;753;92916;76789;65.5;54.2
05;2021-08-05;977;722;93893;77511;66.2;54.7
05;2021-08-06;862;791;94755;78302;66.8;55.2
05;2021-08-07;626;640;95381;78942;67.3;55.7
05;2021-08-08;196;268;95577;79210;67.4;55.9
05;2021-08-09;771;849;96348;80059;68.0;56.5
05;2021-08-10;648;694;96996;80753;68.4;57.0
05;2021-08-11;742;852;97738;81605;68.9;57.6
05;2021-08-12;786;779;98524;82384;69.5;58.1
05;2021-08-13;625;893;99149;83277;69.9;58.7
05;2021-08-14;408;782;99557;84059;70.2;59.3
05;2021-08-15;187;221;99744;84280;70.4;59.5
05;2021-08-16;488;1082;100232;85362;70.7;60.2
05;2021-08-17;430;884;100662;86246;71.0;60.8
05;2021-08-18;433;971;101095;87217;71.3;61.5
05;2021-08-19;499;960;101594;88177;71.7;62.2
06;2020-12-27;11;0;11;0;0.0;0.0
06;2020-12-28;18;0;29;0;0.0;0.0
06;2020-12-29;8;0;37;0;0.0;0.0
06;2020-12-30;6;0;43;0;0.0;0.0
06;2020-12-31;28;0;71;0;0.0;0.0
06;2021-01-01;19;0;90;0;0.0;0.0
06;2021-01-02;6;0;96;0;0.0;0.0
06;2021-01-03;6;0;102;0;0.0;0.0
06;2021-01-04;148;1;250;1;0.0;0.0
06;2021-01-05;181;1;431;2;0.0;0.0
06;2021-01-06;233;0;664;2;0.1;0.0
06;2021-01-07;508;0;1172;2;0.1;0.0
06;2021-01-08;687;2;1859;4;0.2;0.0
06;2021-01-09;391;2;2250;6;0.2;0.0
06;2021-01-10;77;0;2327;6;0.2;0.0
06;2021-01-11;1149;0;3476;6;0.3;0.0
06;2021-01-12;2232;5;5708;11;0.5;0.0
06;2021-01-13;1738;7;7446;18;0.7;0.0
06;2021-01-14;2147;17;9593;35;0.9;0.0
06;2021-01-15;1873;5;11466;40;1.1;0.0
06;2021-01-16;984;4;12450;44;1.2;0.0
06;2021-01-17;238;0;12688;44;1.2;0.0
06;2021-01-18;2476;8;15164;52;1.4;0.0
06;2021-01-19;2754;9;17918;61;1.7;0.0
06;2021-01-20;3351;9;21269;70;2.0;0.0
06;2021-01-21;3028;23;24297;93;2.3;0.0
06;2021-01-22;2941;14;27238;107;2.5;0.0
06;2021-01-23;1301;3;28539;110;2.6;0.0
06;2021-01-24;32;0;28571;110;2.6;0.0
06;2021-01-25;2073;15;30644;125;2.8;0.0
06;2021-01-26;3390;38;34034;163;3.2;0.0
06;2021-01-27;2558;102;36592;265;3.4;0.0
06;2021-01-28;2813;202;39405;467;3.7;0.0
06;2021-01-29;2503;310;41908;777;3.9;0.1
06;2021-01-30;669;43;42577;820;3.9;0.1
06;2021-01-31;3;1;42580;821;3.9;0.1
06;2021-02-01;1026;478;43606;1299;4.0;0.1
06;2021-02-02;1502;412;45108;1711;4.2;0.2
06;2021-02-03;330;136;45438;1847;4.2;0.2
06;2021-02-04;714;893;46152;2740;4.3;0.3
06;2021-02-05;1014;1109;47166;3849;4.4;0.4
06;2021-02-06;158;461;47324;4310;4.4;0.4
06;2021-02-07;9;48;47333;4358;4.4;0.4
06;2021-02-08;537;1089;47870;5447;4.4;0.5
06;2021-02-09;316;738;48186;6185;4.5;0.6
06;2021-02-10;375;666;48561;6851;4.5;0.6
06;2021-02-11;474;1070;49035;7921;4.5;0.7
06;2021-02-12;653;1312;49688;9233;4.6;0.9
06;2021-02-13;204;522;49892;9755;4.6;0.9
06;2021-02-14;13;2;49905;9757;4.6;0.9
06;2021-02-15;467;1279;50372;11036;4.7;1.0
06;2021-02-16;869;2011;51241;13047;4.7;1.2
06;2021-02-17;830;2142;52071;15189;4.8;1.4
06;2021-02-18;1806;2705;53877;17894;5.0;1.7
06;2021-02-19;1765;2151;55642;20045;5.2;1.9
06;2021-02-20;284;527;55926;20572;5.2;1.9
06;2021-02-21;23;55;55949;20627;5.2;1.9
06;2021-02-22;1080;1622;57029;22249;5.3;2.1
06;2021-02-23;1751;1554;58780;23803;5.4;2.2
06;2021-02-24;2116;1297;60896;25100;5.6;2.3
06;2021-02-25;3847;1684;64743;26784;6.0;2.5
06;2021-02-26;3392;1609;68135;28393;6.3;2.6
06;2021-02-27;1430;330;69565;28723;6.4;2.7
06;2021-02-28;90;24;69655;28747;6.5;2.7
06;2021-03-01;2412;824;72067;29571;6.7;2.7
06;2021-03-02;2454;992;74521;30563;6.9;2.8
06;2021-03-03;2851;568;77372;31131;7.2;2.9
06;2021-03-04;4621;622;81993;31753;7.6;2.9
06;2021-03-05;3904;1027;85897;32780;8.0;3.0
06;2021-03-06;11935;352;97832;33132;9.1;3.1
06;2021-03-07;10192;304;108024;33436;10.0;3.1
06;2021-03-08;4149;1198;112173;34634;10.4;3.2
06;2021-03-09;4984;930;117157;35564;10.9;3.3
06;2021-03-10;4707;844;121864;36408;11.3;3.4
06;2021-03-11;6724;896;128588;37304;11.9;3.5
06;2021-03-12;6869;1010;135457;38314;12.5;3.5
06;2021-03-13;11234;353;146691;38667;13.6;3.6
06;2021-03-14;504;48;147195;38715;13.6;3.6
06;2021-03-15;4829;767;152024;39482;14.1;3.7
06;2021-03-16;3763;1055;155787;40537;14.4;3.8
06;2021-03-17;6198;1887;161985;42424;15.0;3.9
06;2021-03-18;5118;1824;167103;44248;15.5;4.1
06;2021-03-19;6818;2024;173921;46272;16.1;4.3
06;2021-03-20;2373;561;176294;46833;16.3;4.3
06;2021-03-21;407;23;176701;46856;16.4;4.3
06;2021-03-22;3967;702;180668;47558;16.7;4.4
06;2021-03-23;5979;1217;186647;48775;17.3;4.5
06;2021-03-24;4217;3327;190864;52102;17.7;4.8
06;2021-03-25;5856;3246;196720;55348;18.2;5.1
06;2021-03-26;6355;1991;203075;57339;18.8;5.3
06;2021-03-27;2037;368;205112;57707;19.0;5.3
06;2021-03-28;210;3;205322;57710;19.0;5.3
06;2021-03-29;3200;2094;208522;59804;19.3;5.5
06;2021-03-30;5190;2537;213712;62341;19.8;5.8
06;2021-03-31;8035;1653;221747;63994;20.5;5.9
06;2021-04-01;7633;2468;229380;66462;21.3;6.2
06;2021-04-02;7232;2709;236612;69171;21.9;6.4
06;2021-04-03;2717;1368;239329;70539;22.2;6.5
06;2021-04-04;299;548;239628;71087;22.2;6.6
06;2021-04-05;1403;692;241031;71779;22.3;6.6
06;2021-04-06;6659;3310;247690;75089;22.9;7.0
06;2021-04-07;6214;3887;253904;78976;23.5;7.3
06;2021-04-08;5735;5654;259639;84630;24.1;7.8
06;2021-04-09;9373;5843;269012;90473;24.9;8.4
06;2021-04-10;2397;2786;271409;93259;25.1;8.6
06;2021-04-11;186;58;271595;93317;25.2;8.6
06;2021-04-12;4380;3534;275975;96851;25.6;9.0
06;2021-04-13;6365;5130;282340;101981;26.2;9.4
06;2021-04-14;5459;4491;287799;106472;26.7;9.9
06;2021-04-15;5541;4379;293340;110851;27.2;10.3
06;2021-04-16;7076;5187;300416;116038;27.8;10.8
06;2021-04-17;2779;3053;303195;119091;28.1;11.0
06;2021-04-18;264;223;303459;119314;28.1;11.1
06;2021-04-19;5479;4043;308938;123357;28.6;11.4
06;2021-04-20;5653;4864;314591;128221;29.1;11.9
06;2021-04-21;8317;4152;322908;132373;29.9;12.3
06;2021-04-22;8569;4185;331477;136558;30.7;12.7
06;2021-04-23;8788;4234;340265;140792;31.5;13.0
06;2021-04-24;2343;1484;342608;142276;31.7;13.2
06;2021-04-25;120;29;342728;142305;31.8;13.2
06;2021-04-26;4138;2310;346866;144615;32.1;13.4
06;2021-04-27;4580;4025;351446;148640;32.6;13.8
06;2021-04-28;4149;4554;355595;153194;32.9;14.2
06;2021-04-29;6077;5451;361672;158645;33.5;14.7
06;2021-04-30;6762;5156;368434;163801;34.1;15.2
06;2021-05-01;4158;826;372592;164627;34.5;15.3
06;2021-05-02;490;158;373082;164785;34.6;15.3
06;2021-05-03;6901;3535;379983;168320;35.2;15.6
06;2021-05-04;5746;5380;385729;173700;35.7;16.1
06;2021-05-05;4541;3913;390270;177613;36.2;16.5
06;2021-05-06;5224;4733;395494;182346;36.6;16.9
06;2021-05-07;5648;5675;401142;188021;37.2;17.4
06;2021-05-08;4861;1312;406003;189333;37.6;17.5
06;2021-05-09;197;308;406200;189641;37.6;17.6
06;2021-05-10;4818;5047;411018;194688;38.1;18.0
06;2021-05-11;4933;5558;415951;200246;38.5;18.6
06;2021-05-12;9089;4884;425040;205130;39.4;19.0
06;2021-05-13;9256;2118;434296;207248;40.2;19.2
06;2021-05-14;10836;3345;445132;210593;41.2;19.5
06;2021-05-15;9276;2204;454408;212797;42.1;19.7
06;2021-05-16;1501;286;455909;213083;42.2;19.7
06;2021-05-17;7495;3748;463404;216831;42.9;20.1
06;2021-05-18;9728;3205;473132;220036;43.8;20.4
06;2021-05-19;7690;2976;480822;223012;44.5;20.7
06;2021-05-20;7911;3655;488733;226667;45.3;21.0
06;2021-05-21;8789;3918;497522;230585;46.1;21.4
06;2021-05-22;3030;1328;500552;231913;46.4;21.5
06;2021-05-23;131;629;500683;232542;46.4;21.5
06;2021-05-24;3187;1001;503870;233543;46.7;21.6
06;2021-05-25;4757;4937;508627;238480;47.1;22.1
06;2021-05-26;5675;6614;514302;245094;47.6;22.7
06;2021-05-27;5570;6276;519872;251370;48.2;23.3
06;2021-05-28;4981;7280;524853;258650;48.6;24.0
06;2021-05-29;1641;2933;526494;261583;48.8;24.2
06;2021-05-30;258;1122;526752;262705;48.8;24.3
06;2021-05-31;4403;5127;531155;267832;49.2;24.8
06;2021-06-01;5718;7413;536873;275245;49.7;25.5
06;2021-06-02;3312;8553;540185;283798;50.0;26.3
06;2021-06-03;4544;8307;544729;292105;50.5;27.1
06;2021-06-04;5487;7744;550216;299849;51.0;27.8
06;2021-06-05;2460;3349;552676;303198;51.2;28.1
06;2021-06-06;178;236;552854;303434;51.2;28.1
06;2021-06-07;4140;5589;556994;309023;51.6;28.6
06;2021-06-08;4469;5196;561463;314219;52.0;29.1
06;2021-06-09;4107;7368;565570;321587;52.4;29.8
06;2021-06-10;4776;6865;570346;328452;52.8;30.4
06;2021-06-11;3901;8365;574247;336817;53.2;31.2
06;2021-06-12;1741;3745;575988;340562;53.4;31.6
06;2021-06-13;147;440;576135;341002;53.4;31.6
06;2021-06-14;2717;8598;578852;349600;53.6;32.4
06;2021-06-15;3253;9485;582105;359085;53.9;33.3
06;2021-06-16;3499;7003;585604;366088;54.3;33.9
06;2021-06-17;3670;7186;589274;373274;54.6;34.6
06;2021-06-18;2622;5930;591896;379204;54.8;35.1
06;2021-06-19;1306;1682;593202;380886;55.0;35.3
06;2021-06-20;209;346;593411;381232;55.0;35.3
06;2021-06-21;1714;6299;595125;387531;55.1;35.9
06;2021-06-22;2353;7368;597478;394899;55.4;36.6
06;2021-06-23;2079;6549;599557;401448;55.5;37.2
06;2021-06-24;3467;8967;603024;410415;55.9;38.0
06;2021-06-25;2289;9611;605313;420026;56.1;38.9
06;2021-06-26;892;2286;606205;422312;56.2;39.1
06;2021-06-27;379;1187;606584;423499;56.2;39.2
06;2021-06-28;2480;8137;609064;431636;56.4;40.0
06;2021-06-29;2379;7722;611443;439358;56.6;40.7
06;2021-06-30;1510;7692;612953;447050;56.8;41.4
06;2021-07-01;3412;7481;616365;454531;57.1;42.1
06;2021-07-02;4137;8255;620502;462786;57.5;42.9
06;2021-07-03;1234;4307;621736;467093;57.6;43.3
06;2021-07-04;317;303;622053;467396;57.6;43.3
06;2021-07-05;3600;5133;625653;472529;58.0;43.8
06;2021-07-06;1932;5830;627585;478359;58.1;44.3
06;2021-07-07;3433;5977;631018;484336;58.5;44.9
06;2021-07-08;3456;6316;634474;490652;58.8;45.5
06;2021-07-09;3984;6223;638458;496875;59.1;46.0
06;2021-07-10;1749;2330;640207;499205;59.3;46.2
06;2021-07-11;330;322;640537;499527;59.3;46.3
06;2021-07-12;3870;7151;644407;506678;59.7;46.9
06;2021-07-13;5839;9007;650246;515685;60.2;47.8
06;2021-07-14;972;431;651218;516116;60.3;47.8
06;2021-07-15;6439;8030;657657;524146;60.9;48.6
06;2021-07-16;7581;9010;665238;533156;61.6;49.4
06;2021-07-17;3130;5467;668368;538623;61.9;49.9
06;2021-07-18;1073;5329;669441;543952;62.0;50.4
06;2021-07-19;5842;8030;675283;551982;62.6;51.1
06;2021-07-20;7327;10244;682610;562226;63.2;52.1
06;2021-07-21;8049;8694;690659;570920;64.0;52.9
06;2021-07-22;10192;7855;700851;578775;64.9;53.6
06;2021-07-23;9216;6877;710067;585652;65.8;54.3
06;2021-07-24;3211;3218;713278;588870;66.1;54.6
06;2021-07-25;985;479;714263;589349;66.2;54.6
06;2021-07-26;7333;6872;721596;596221;66.9;55.2
06;2021-07-27;9017;5553;730613;601774;67.7;55.8
06;2021-07-28;7268;5388;737881;607162;68.4;56.3
06;2021-07-29;8624;5749;746505;612911;69.2;56.8
06;2021-07-30;7813;5489;754318;618400;69.9;57.3
06;2021-07-31;3482;3062;757800;621462;70.2;57.6
06;2021-08-01;721;428;758521;621890;70.3;57.6
06;2021-08-02;5728;4571;764249;626461;70.8;58.0
06;2021-08-03;6123;5434;770372;631895;71.4;58.5
06;2021-08-04;5356;3494;775728;635389;71.9;58.9
06;2021-08-05;6003;4429;781731;639818;72.4;59.3
06;2021-08-06;5528;6083;787259;645901;72.9;59.8
06;2021-08-07;2235;2458;789494;648359;73.1;60.1
06;2021-08-08;554;629;790048;648988;73.2;60.1
06;2021-08-09;4275;5984;794323;654972;73.6;60.7
06;2021-08-10;5052;6814;799375;661786;74.1;61.3
06;2021-08-11;4066;6160;803441;667946;74.4;61.9
06;2021-08-12;4267;6680;807708;674626;74.8;62.5
06;2021-08-13;3403;6363;811111;680989;75.1;63.1
06;2021-08-14;1448;2273;812559;683262;75.3;63.3
06;2021-08-15;387;629;812946;683891;75.3;63.4
06;2021-08-16;2944;6849;815890;690740;75.6;64.0
06;2021-08-17;3603;7728;819493;698468;75.9;64.7
06;2021-08-18;2816;6357;822309;704825;76.2;65.3
06;2021-08-19;3582;8010;825891;712835;76.5;66.0
07;2020-12-27;0;0;0;0;0.0;0.0
07;2020-12-28;0;0;0;0;0.0;0.0
07;2020-12-29;0;0;0;0;0.0;0.0
07;2020-12-30;0;0;0;0;0.0;0.0
07;2020-12-31;0;0;0;0;0.0;0.0
07;2021-01-01;7;0;7;0;0.0;0.0
07;2021-01-02;0;0;7;0;0.0;0.0
07;2021-01-03;0;0;7;0;0.0;0.0
07;2021-01-04;0;0;7;0;0.0;0.0
07;2021-01-05;0;0;7;0;0.0;0.0
07;2021-01-06;31;0;38;0;0.0;0.0
07;2021-01-07;130;1;168;1;0.1;0.0
07;2021-01-08;45;1;213;2;0.1;0.0
07;2021-01-09;17;0;230;2;0.1;0.0
07;2021-01-10;0;0;230;2;0.1;0.0
07;2021-01-11;157;1;387;3;0.1;0.0
07;2021-01-12;309;0;696;3;0.2;0.0
07;2021-01-13;305;1;1001;4;0.3;0.0
07;2021-01-14;478;0;1479;4;0.5;0.0
07;2021-01-15;188;0;1667;4;0.5;0.0
07;2021-01-16;17;0;1684;4;0.5;0.0
07;2021-01-17;2;0;1686;4;0.5;0.0
07;2021-01-18;363;2;2049;6;0.6;0.0
07;2021-01-19;830;2;2879;8;0.9;0.0
07;2021-01-20;597;2;3476;10;1.1;0.0
07;2021-01-21;452;3;3928;13;1.2;0.0
07;2021-01-22;291;0;4219;13;1.3;0.0
07;2021-01-23;107;0;4326;13;1.3;0.0
07;2021-01-24;0;0;4326;13;1.3;0.0
07;2021-01-25;164;0;4490;13;1.4;0.0
07;2021-01-26;491;3;4981;16;1.5;0.0
07;2021-01-27;555;7;5536;23;1.7;0.0
07;2021-01-28;1206;100;6742;123;2.1;0.0
07;2021-01-29;707;18;7449;141;2.3;0.0
07;2021-01-30;213;4;7662;145;2.3;0.0
07;2021-01-31;7;0;7669;145;2.3;0.0
07;2021-02-01;267;33;7936;178;2.4;0.1
07;2021-02-02;664;241;8600;419;2.6;0.1
07;2021-02-03;1045;222;9645;641;3.0;0.2
07;2021-02-04;720;262;10365;903;3.2;0.3
07;2021-02-05;484;256;10849;1159;3.3;0.4
07;2021-02-06;98;3;10947;1162;3.3;0.4
07;2021-02-07;12;1;10959;1163;3.4;0.4
07;2021-02-08;239;179;11198;1342;3.4;0.4
07;2021-02-09;488;326;11686;1668;3.6;0.5
07;2021-02-10;538;396;12224;2064;3.7;0.6
07;2021-02-11;400;282;12624;2346;3.9;0.7
07;2021-02-12;268;160;12892;2506;3.9;0.8
07;2021-02-13;69;20;12961;2526;4.0;0.8
07;2021-02-14;0;0;12961;2526;4.0;0.8
07;2021-02-15;270;132;13231;2658;4.0;0.8
07;2021-02-16;347;365;13578;3023;4.2;0.9
07;2021-02-17;466;335;14044;3358;4.3;1.0
07;2021-02-18;562;768;14606;4126;4.5;1.3
07;2021-02-19;456;509;15062;4635;4.6;1.4
07;2021-02-20;109;69;15171;4704;4.6;1.4
07;2021-02-21;15;0;15186;4704;4.6;1.4
07;2021-02-22;424;217;15610;4921;4.8;1.5
07;2021-02-23;646;620;16256;5541;5.0;1.7
07;2021-02-24;928;706;17184;6247;5.3;1.9
07;2021-02-25;710;538;17894;6785;5.5;2.1
07;2021-02-26;845;295;18739;7080;5.7;2.2
07;2021-02-27;190;145;18929;7225;5.8;2.2
07;2021-02-28;1;0;18930;7225;5.8;2.2
07;2021-03-01;438;216;19368;7441;5.9;2.3
07;2021-03-02;655;565;20023;8006;6.1;2.4
07;2021-03-03;691;537;20714;8543;6.3;2.6
07;2021-03-04;1098;359;21812;8902;6.7;2.7
07;2021-03-05;1084;375;22896;9277;7.0;2.8
07;2021-03-06;1124;99;24020;9376;7.3;2.9
07;2021-03-07;718;21;24738;9397;7.6;2.9
07;2021-03-08;352;319;25090;9716;7.7;3.0
07;2021-03-09;1088;433;26178;10149;8.0;3.1
07;2021-03-10;867;516;27045;10665;8.3;3.3
07;2021-03-11;1373;466;28418;11131;8.7;3.4
07;2021-03-12;1616;565;30034;11696;9.2;3.6
07;2021-03-13;679;101;30713;11797;9.4;3.6
07;2021-03-14;4;0;30717;11797;9.4;3.6
07;2021-03-15;526;292;31243;12089;9.6;3.7
07;2021-03-16;1207;482;32450;12571;9.9;3.8
07;2021-03-17;1187;783;33637;13354;10.3;4.1
07;2021-03-18;1219;416;34856;13770;10.7;4.2
07;2021-03-19;1268;424;36124;14194;11.1;4.3
07;2021-03-20;467;109;36591;14303;11.2;4.4
07;2021-03-21;3;2;36594;14305;11.2;4.4
07;2021-03-22;791;538;37385;14843;11.4;4.5
07;2021-03-23;1514;720;38899;15563;11.9;4.8
07;2021-03-24;1274;664;40173;16227;12.3;5.0
07;2021-03-25;1852;516;42025;16743;12.9;5.1
07;2021-03-26;1834;438;43859;17181;13.4;5.3
07;2021-03-27;385;101;44244;17282;13.5;5.3
07;2021-03-28;6;1;44250;17283;13.5;5.3
07;2021-03-29;788;358;45038;17641;13.8;5.4
07;2021-03-30;1526;512;46564;18153;14.2;5.6
07;2021-03-31;1656;503;48220;18656;14.8;5.7
07;2021-04-01;1584;658;49804;19314;15.2;5.9
07;2021-04-02;1523;439;51327;19753;15.7;6.0
07;2021-04-03;230;106;51557;19859;15.8;6.1
07;2021-04-04;3;1;51560;19860;15.8;6.1
07;2021-04-05;0;66;51560;19926;15.8;6.1
07;2021-04-06;1161;758;52721;20684;16.1;6.3
07;2021-04-07;1317;897;54038;21581;16.5;6.6
07;2021-04-08;1969;1179;56007;22760;17.1;7.0
07;2021-04-09;2424;567;58431;23327;17.9;7.1
07;2021-04-10;807;161;59238;23488;18.1;7.2
07;2021-04-11;339;13;59577;23501;18.2;7.2
07;2021-04-12;1281;592;60858;24093;18.6;7.4
07;2021-04-13;1768;1336;62626;25429;19.2;7.8
07;2021-04-14;1675;986;64301;26415;19.7;8.1
07;2021-04-15;1442;843;65743;27258;20.1;8.3
07;2021-04-16;1506;908;67249;28166;20.6;8.6
07;2021-04-17;869;215;68118;28381;20.8;8.7
07;2021-04-18;700;37;68818;28418;21.1;8.7
07;2021-04-19;1161;572;69979;28990;21.4;8.9
07;2021-04-20;1441;1317;71420;30307;21.8;9.3
07;2021-04-21;1719;918;73139;31225;22.4;9.6
07;2021-04-22;1817;963;74956;32188;22.9;9.8
07;2021-04-23;1411;972;76367;33160;23.4;10.1
07;2021-04-24;960;251;77327;33411;23.7;10.2
07;2021-04-25;717;69;78044;33480;23.9;10.2
07;2021-04-26;1138;682;79182;34162;24.2;10.5
07;2021-04-27;1395;1565;80577;35727;24.7;10.9
07;2021-04-28;1636;1759;82213;37486;25.2;11.5
07;2021-04-29;1938;1534;84151;39020;25.7;11.9
07;2021-04-30;1661;1483;85812;40503;26.3;12.4
07;2021-05-01;960;116;86772;40619;26.5;12.4
07;2021-05-02;845;156;87617;40775;26.8;12.5
07;2021-05-03;1280;434;88897;41209;27.2;12.6
07;2021-05-04;2170;1562;91067;42771;27.9;13.1
07;2021-05-05;1745;1386;92812;44157;28.4;13.5
07;2021-05-06;2104;1586;94916;45743;29.0;14.0
07;2021-05-07;1595;1556;96511;47299;29.5;14.5
07;2021-05-08;1226;405;97737;47704;29.9;14.6
07;2021-05-09;1030;327;98767;48031;30.2;14.7
07;2021-05-10;1405;1175;100172;49206;30.6;15.1
07;2021-05-11;2472;1699;102644;50905;31.4;15.6
07;2021-05-12;2163;1277;104807;52182;32.1;16.0
07;2021-05-13;1711;272;106518;52454;32.6;16.0
07;2021-05-14;1734;1000;108252;53454;33.1;16.4
07;2021-05-15;1628;499;109880;53953;33.6;16.5
07;2021-05-16;1444;213;111324;54166;34.1;16.6
07;2021-05-17;1772;858;113096;55024;34.6;16.8
07;2021-05-18;2296;1304;115392;56328;35.3;17.2
07;2021-05-19;2375;997;117767;57325;36.0;17.5
07;2021-05-20;2165;1311;119932;58636;36.7;17.9
07;2021-05-21;1758;1314;121690;59950;37.2;18.3
07;2021-05-22;936;544;122626;60494;37.5;18.5
07;2021-05-23;857;157;123483;60651;37.8;18.6
07;2021-05-24;1650;339;125133;60990;38.3;18.7
07;2021-05-25;2187;1479;127320;62469;39.0;19.1
07;2021-05-26;1528;1381;128848;63850;39.4;19.5
07;2021-05-27;2020;1410;130868;65260;40.0;20.0
07;2021-05-28;1769;2081;132637;67341;40.6;20.6
07;2021-05-29;943;684;133580;68025;40.9;20.8
07;2021-05-30;622;570;134202;68595;41.1;21.0
07;2021-05-31;1132;1285;135334;69880;41.4;21.4
07;2021-06-01;2153;2007;137487;71887;42.1;22.0
07;2021-06-02;1531;1653;139018;73540;42.5;22.5
07;2021-06-03;1712;1257;140730;74797;43.1;22.9
07;2021-06-04;1675;1596;142405;76393;43.6;23.4
07;2021-06-05;988;955;143393;77348;43.9;23.7
07;2021-06-06;598;623;143991;77971;44.1;23.9
07;2021-06-07;961;1195;144952;79166;44.3;24.2
07;2021-06-08;1548;1771;146500;80937;44.8;24.8
07;2021-06-09;1030;1422;147530;82359;45.1;25.2
07;2021-06-10;789;1391;148319;83750;45.4;25.6
07;2021-06-11;1154;2034;149473;85784;45.7;26.2
07;2021-06-12;643;1217;150116;87001;45.9;26.6
07;2021-06-13;395;444;150511;87445;46.0;26.8
07;2021-06-14;566;1962;151077;89407;46.2;27.4
07;2021-06-15;936;2553;152013;91960;46.5;28.1
07;2021-06-16;1023;1853;153036;93813;46.8;28.7
07;2021-06-17;886;1951;153922;95764;47.1;29.3
07;2021-06-18;872;2285;154794;98049;47.4;30.0
07;2021-06-19;606;1455;155400;99504;47.5;30.4
07;2021-06-20;369;727;155769;100231;47.7;30.7
07;2021-06-21;516;2144;156285;102375;47.8;31.3
07;2021-06-22;655;2663;156940;105038;48.0;32.1
07;2021-06-23;680;1960;157620;106998;48.2;32.7
07;2021-06-24;647;1852;158267;108850;48.4;33.3
07;2021-06-25;701;2177;158968;111027;48.6;34.0
07;2021-06-26;360;1429;159328;112456;48.7;34.4
07;2021-06-27;285;1073;159613;113529;48.8;34.7
07;2021-06-28;505;2240;160118;115769;49.0;35.4
07;2021-06-29;540;2987;160658;118756;49.1;36.3
07;2021-06-30;822;2290;161480;121046;49.4;37.0
07;2021-07-01;772;1977;162252;123023;49.6;37.6
07;2021-07-02;882;2303;163134;125326;49.9;38.3
07;2021-07-03;420;1139;163554;126465;50.0;38.7
07;2021-07-04;211;852;163765;127317;50.1;38.9
07;2021-07-05;670;1685;164435;129002;50.3;39.5
07;2021-07-06;878;2633;165313;131635;50.6;40.3
07;2021-07-07;968;1946;166281;133581;50.9;40.9
07;2021-07-08;928;1972;167209;135553;51.2;41.5
07;2021-07-09;996;2262;168205;137815;51.5;42.2
07;2021-07-10;598;1102;168803;138917;51.6;42.5
07;2021-07-11;239;615;169042;139532;51.7;42.7
07;2021-07-12;807;1768;169849;141300;52.0;43.2
07;2021-07-13;1768;3175;171617;144475;52.5;44.2
07;2021-07-14;167;134;171784;144609;52.6;44.2
07;2021-07-15;1955;2458;173739;147067;53.2;45.0
07;2021-07-16;2053;1985;175792;149052;53.8;45.6
07;2021-07-17;1484;1252;177276;150304;54.2;46.0
07;2021-07-18;771;482;178047;150786;54.5;46.1
07;2021-07-19;1514;1703;179561;152489;54.9;46.7
07;2021-07-20;2517;2674;182078;155163;55.7;47.5
07;2021-07-21;1852;1913;183930;157076;56.3;48.1
07;2021-07-22;1917;1374;185847;158450;56.9;48.5
07;2021-07-23;2256;1684;188103;160134;57.5;49.0
07;2021-07-24;1636;1108;189739;161242;58.0;49.3
07;2021-07-25;33;21;189772;161263;58.1;49.3
07;2021-07-26;2188;1539;191960;162802;58.7;49.8
07;2021-07-27;2983;1909;194943;164711;59.6;50.4
07;2021-07-28;1634;1302;196577;166013;60.1;50.8
07;2021-07-29;2523;1271;199100;167284;60.9;51.2
07;2021-07-30;1343;1415;200443;168699;61.3;51.6
07;2021-07-31;1493;923;201936;169622;61.8;51.9
07;2021-08-01;73;26;202009;169648;61.8;51.9
07;2021-08-02;1457;1135;203466;170783;62.2;52.2
07;2021-08-03;2399;1907;205865;172690;63.0;52.8
07;2021-08-04;1932;1029;207797;173719;63.6;53.1
07;2021-08-05;1869;1286;209666;175005;64.1;53.5
07;2021-08-06;2019;1708;211685;176713;64.8;54.1
07;2021-08-07;991;552;212676;177265;65.1;54.2
07;2021-08-08;7;23;212683;177288;65.1;54.2
07;2021-08-09;1252;1376;213935;178664;65.4;54.7
07;2021-08-10;1588;2257;215523;180921;65.9;55.3
07;2021-08-11;1397;1605;216920;182526;66.4;55.8
07;2021-08-12;1094;1479;218014;184005;66.7;56.3
07;2021-08-13;1166;1782;219180;185787;67.1;56.8
07;2021-08-14;505;767;219685;186554;67.2;57.1
07;2021-08-15;9;28;219694;186582;67.2;57.1
07;2021-08-16;745;1322;220439;187904;67.4;57.5
07;2021-08-17;1311;2260;221750;190164;67.8;58.2
07;2021-08-18;857;1510;222607;191674;68.1;58.6
07;2021-08-19;1113;1683;223720;193357;68.4;59.2
08;2020-12-27;1;0;1;0;0.0;0.0
08;2020-12-28;0;0;1;0;0.0;0.0
08;2020-12-29;0;0;1;0;0.0;0.0
08;2020-12-30;0;0;1;0;0.0;0.0
08;2020-12-31;0;0;1;0;0.0;0.0
08;2021-01-01;0;0;1;0;0.0;0.0
08;2021-01-02;0;0;1;0;0.0;0.0
08;2021-01-03;2;0;3;0;0.0;0.0
08;2021-01-04;24;0;27;0;0.0;0.0
08;2021-01-05;1;0;28;0;0.0;0.0
08;2021-01-06;0;0;28;0;0.0;0.0
08;2021-01-07;188;0;216;0;0.1;0.0
08;2021-01-08;314;0;530;0;0.2;0.0
08;2021-01-09;113;0;643;0;0.2;0.0
08;2021-01-10;1;0;644;0;0.2;0.0
08;2021-01-11;67;0;711;0;0.3;0.0
08;2021-01-12;157;0;868;0;0.3;0.0
08;2021-01-13;480;1;1348;1;0.5;0.0
08;2021-01-14;536;9;1884;10;0.7;0.0
08;2021-01-15;287;2;2171;12;0.8;0.0
08;2021-01-16;106;0;2277;12;0.9;0.0
08;2021-01-17;2;0;2279;12;0.9;0.0
08;2021-01-18;371;2;2650;14;1.0;0.0
08;2021-01-19;871;1;3521;15;1.3;0.0
08;2021-01-20;910;4;4431;19;1.7;0.0
08;2021-01-21;743;1;5174;20;1.9;0.0
08;2021-01-22;678;2;5852;22;2.2;0.0
08;2021-01-23;237;0;6089;22;2.3;0.0
08;2021-01-24;0;0;6089;22;2.3;0.0
08;2021-01-25;207;0;6296;22;2.4;0.0
08;2021-01-26;302;2;6598;24;2.5;0.0
08;2021-01-27;410;1;7008;25;2.6;0.0
08;2021-01-28;565;182;7573;207;2.9;0.1
08;2021-01-29;587;181;8160;388;3.1;0.1
08;2021-01-30;222;63;8382;451;3.2;0.2
08;2021-01-31;0;0;8382;451;3.2;0.2
08;2021-02-01;80;46;8462;497;3.2;0.2
08;2021-02-02;192;173;8654;670;3.3;0.3
08;2021-02-03;141;170;8795;840;3.3;0.3
08;2021-02-04;309;287;9104;1127;3.4;0.4
08;2021-02-05;499;360;9603;1487;3.6;0.6
08;2021-02-06;149;75;9752;1562;3.7;0.6
08;2021-02-07;8;0;9760;1562;3.7;0.6
08;2021-02-08;39;173;9799;1735;3.7;0.7
08;2021-02-09;219;646;10018;2381;3.8;0.9
08;2021-02-10;334;641;10352;3022;3.9;1.1
08;2021-02-11;464;364;10816;3386;4.1;1.3
08;2021-02-12;676;388;11492;3774;4.3;1.4
08;2021-02-13;140;118;11632;3892;4.4;1.5
08;2021-02-14;3;60;11635;3952;4.4;1.5
08;2021-02-15;227;209;11862;4161;4.5;1.6
08;2021-02-16;130;375;11992;4536;4.5;1.7
08;2021-02-17;112;417;12104;4953;4.6;1.9
08;2021-02-18;215;518;12319;5471;4.6;2.1
08;2021-02-19;305;425;12624;5896;4.8;2.2
08;2021-02-20;7;208;12631;6104;4.8;2.3
08;2021-02-21;0;0;12631;6104;4.8;2.3
08;2021-02-22;132;179;12763;6283;4.8;2.4
08;2021-02-23;150;319;12913;6602;4.9;2.5
08;2021-02-24;163;388;13076;6990;4.9;2.6
08;2021-02-25;500;526;13576;7516;5.1;2.8
08;2021-02-26;603;628;14179;8144;5.3;3.1
08;2021-02-27;318;191;14497;8335;5.5;3.1
08;2021-02-28;19;1;14516;8336;5.5;3.1
08;2021-03-01;200;105;14716;8441;5.5;3.2
08;2021-03-02;655;279;15371;8720;5.8;3.3
08;2021-03-03;897;201;16268;8921;6.1;3.4
08;2021-03-04;734;333;17002;9254;6.4;3.5
08;2021-03-05;1022;541;18024;9795;6.8;3.7
08;2021-03-06;693;139;18717;9934;7.0;3.7
08;2021-03-07;75;1;18792;9935;7.1;3.7
08;2021-03-08;217;123;19009;10058;7.2;3.8
08;2021-03-09;686;136;19695;10194;7.4;3.8
08;2021-03-10;1037;120;20732;10314;7.8;3.9
08;2021-03-11;981;249;21713;10563;8.2;4.0
08;2021-03-12;1631;517;23344;11080;8.8;4.2
08;2021-03-13;795;123;24139;11203;9.1;4.2
08;2021-03-14;22;0;24161;11203;9.1;4.2
08;2021-03-15;291;73;24452;11276;9.2;4.2
08;2021-03-16;563;38;25015;11314;9.4;4.3
08;2021-03-17;802;61;25817;11375;9.7;4.3
08;2021-03-18;815;155;26632;11530;10.0;4.3
08;2021-03-19;1135;282;27767;11812;10.5;4.4
08;2021-03-20;508;17;28275;11829;10.6;4.5
08;2021-03-21;13;1;28288;11830;10.7;4.5
08;2021-03-22;367;44;28655;11874;10.8;4.5
08;2021-03-23;733;63;29388;11937;11.1;4.5
08;2021-03-24;1327;69;30715;12006;11.6;4.5
08;2021-03-25;1905;93;32620;12099;12.3;4.6
08;2021-03-26;2565;172;35185;12271;13.3;4.6
08;2021-03-27;898;123;36083;12394;13.6;4.7
08;2021-03-28;228;6;36311;12400;13.7;4.7
08;2021-03-29;260;183;36571;12583;13.8;4.7
08;2021-03-30;832;486;37403;13069;14.1;4.9
08;2021-03-31;852;531;38255;13600;14.4;5.1
08;2021-04-01;1684;447;39939;14047;15.0;5.3
08;2021-04-02;1499;516;41438;14563;15.6;5.5
08;2021-04-03;1329;201;42767;14764;16.1;5.6
08;2021-04-04;134;4;42901;14768;16.2;5.6
08;2021-04-05;17;0;42918;14768;16.2;5.6
08;2021-04-06;702;482;43620;15250;16.4;5.7
08;2021-04-07;910;703;44530;15953;16.8;6.0
08;2021-04-08;1742;520;46272;16473;17.4;6.2
08;2021-04-09;2348;723;48620;17196;18.3;6.5
08;2021-04-10;1449;224;50069;17420;18.9;6.6
08;2021-04-11;10;6;50079;17426;18.9;6.6
08;2021-04-12;671;226;50750;17652;19.1;6.6
08;2021-04-13;1307;615;52057;18267;19.6;6.9
08;2021-04-14;1281;868;53338;19135;20.1;7.2
08;2021-04-15;1606;802;54944;19937;20.7;7.5
08;2021-04-16;1873;882;56817;20819;21.4;7.8
08;2021-04-17;1111;401;57928;21220;21.8;8.0
08;2021-04-18;23;14;57951;21234;21.8;8.0
08;2021-04-19;1150;298;59101;21532;22.3;8.1
08;2021-04-20;1120;541;60221;22073;22.7;8.3
08;2021-04-21;1139;741;61360;22814;23.1;8.6
08;2021-04-22;1327;880;62687;23694;23.6;8.9
08;2021-04-23;1675;1170;64362;24864;24.2;9.4
08;2021-04-24;1324;645;65686;25509;24.7;9.6
08;2021-04-25;26;198;65712;25707;24.7;9.7
08;2021-04-26;1040;153;66752;25860;25.1;9.7
08;2021-04-27;1337;603;68089;26463;25.6;10.0
08;2021-04-28;1453;680;69542;27143;26.2;10.2
08;2021-04-29;1173;1314;70715;28457;26.6;10.7
08;2021-04-30;1769;1616;72484;30073;27.3;11.3
08;2021-05-01;1049;494;73533;30567;27.7;11.5
08;2021-05-02;626;182;74159;30749;27.9;11.6
08;2021-05-03;1169;373;75328;31122;28.4;11.7
08;2021-05-04;1328;870;76656;31992;28.9;12.0
08;2021-05-05;1567;1331;78223;33323;29.5;12.5
08;2021-05-06;1971;1661;80194;34984;30.2;13.2
08;2021-05-07;1860;2100;82054;37084;30.9;14.0
08;2021-05-08;923;766;82977;37850;31.2;14.3
08;2021-05-09;443;71;83420;37921;31.4;14.3
08;2021-05-10;1191;665;84611;38586;31.9;14.5
08;2021-05-11;1909;942;86520;39528;32.6;14.9
08;2021-05-12;1810;1240;88330;40768;33.3;15.4
08;2021-05-13;1306;620;89636;41388;33.8;15.6
08;2021-05-14;2535;1035;92171;42423;34.7;16.0
08;2021-05-15;1821;714;93992;43137;35.4;16.2
08;2021-05-16;820;102;94812;43239;35.7;16.3
08;2021-05-17;699;905;95511;44144;36.0;16.6
08;2021-05-18;1251;840;96762;44984;36.4;16.9
08;2021-05-19;1609;961;98371;45945;37.0;17.3
08;2021-05-20;2146;962;100517;46907;37.9;17.7
08;2021-05-21;2338;1274;102855;48181;38.7;18.1
08;2021-05-22;1819;763;104674;48944;39.4;18.4
08;2021-05-23;864;90;105538;49034;39.7;18.5
08;2021-05-24;714;103;106252;49137;40.0;18.5
08;2021-05-25;1456;671;107708;49808;40.6;18.8
08;2021-05-26;1527;1010;109235;50818;41.1;19.1
08;2021-05-27;2007;1146;111242;51964;41.9;19.6
08;2021-05-28;1973;1821;113215;53785;42.6;20.3
08;2021-05-29;1769;969;114984;54754;43.3;20.6
08;2021-05-30;836;102;115820;54856;43.6;20.7
08;2021-05-31;755;573;116575;55429;43.9;20.9
08;2021-06-01;1351;882;117926;56311;44.4;21.2
08;2021-06-02;1296;1196;119222;57507;44.9;21.7
08;2021-06-03;1385;1525;120607;59032;45.4;22.2
08;2021-06-04;1777;2425;122384;61457;46.1;23.1
08;2021-06-05;1177;1379;123561;62836;46.5;23.7
08;2021-06-06;907;107;124468;62943;46.9;23.7
08;2021-06-07;661;1174;125129;64117;47.1;24.1
08;2021-06-08;931;1496;126060;65613;47.5;24.7
08;2021-06-09;842;1392;126902;67005;47.8;25.2
08;2021-06-10;1718;1554;128620;68559;48.4;25.8
08;2021-06-11;1721;2212;130341;70771;49.1;26.7
08;2021-06-12;1418;1527;131759;72298;49.6;27.2
08;2021-06-13;386;598;132145;72896;49.8;27.5
08;2021-06-14;380;1304;132525;74200;49.9;27.9
08;2021-06-15;740;1552;133265;75752;50.2;28.5
08;2021-06-16;807;2056;134072;77808;50.5;29.3
08;2021-06-17;1285;1854;135357;79662;51.0;30.0
08;2021-06-18;1609;2595;136966;82257;51.6;31.0
08;2021-06-19;1324;1407;138290;83664;52.1;31.5
08;2021-06-20;117;423;138407;84087;52.1;31.7
08;2021-06-21;494;1397;138901;85484;52.3;32.2
08;2021-06-22;809;2022;139710;87506;52.6;33.0
08;2021-06-23;859;1672;140569;89178;52.9;33.6
08;2021-06-24;1037;1924;141606;91102;53.3;34.3
08;2021-06-25;1084;2736;142690;93838;53.7;35.3
08;2021-06-26;1011;1781;143701;95619;54.1;36.0
08;2021-06-27;351;644;144052;96263;54.3;36.3
08;2021-06-28;397;1322;144449;97585;54.4;36.8
08;2021-06-29;628;1472;145077;99057;54.6;37.3
08;2021-06-30;856;1691;145933;100748;55.0;37.9
08;2021-07-01;885;2194;146818;102942;55.3;38.8
08;2021-07-02;939;2643;147757;105585;55.6;39.8
08;2021-07-03;784;2142;148541;107727;55.9;40.6
08;2021-07-04;128;861;148669;108588;56.0;40.9
08;2021-07-05;104;1195;148773;109783;56.0;41.3
08;2021-07-06;425;1834;149198;111617;56.2;42.0
08;2021-07-07;365;1782;149563;113399;56.3;42.7
08;2021-07-08;716;2014;150279;115413;56.6;43.5
08;2021-07-09;733;2436;151012;117849;56.9;44.4
08;2021-07-10;652;1999;151664;119848;57.1;45.1
08;2021-07-11;238;725;151902;120573;57.2;45.4
08;2021-07-12;311;1193;152213;121766;57.3;45.9
08;2021-07-13;945;1788;153158;123554;57.7;46.5
08;2021-07-14;177;329;153335;123883;57.7;46.7
08;2021-07-15;760;2450;154095;126333;58.0;47.6
08;2021-07-16;1082;2408;155177;128741;58.4;48.5
08;2021-07-17;991;2107;156168;130848;58.8;49.3
08;2021-07-18;346;740;156514;131588;58.9;49.6
08;2021-07-19;455;922;156969;132510;59.1;49.9
08;2021-07-20;878;1436;157847;133946;59.4;50.4
08;2021-07-21;1234;1720;159081;135666;59.9;51.1
08;2021-07-22;1147;2170;160228;137836;60.3;51.9
08;2021-07-23;1584;2450;161812;140286;60.9;52.8
08;2021-07-24;1308;1926;163120;142212;61.4;53.6
08;2021-07-25;773;444;163893;142656;61.7;53.7
08;2021-07-26;1316;845;165209;143501;62.2;54.0
08;2021-07-27;2183;1408;167392;144909;63.0;54.6
08;2021-07-28;2409;1450;169801;146359;63.9;55.1
08;2021-07-29;2599;1346;172400;147705;64.9;55.6
08;2021-07-30;2594;1586;174994;149291;65.9;56.2
08;2021-07-31;1967;1071;176961;150362;66.6;56.6
08;2021-08-01;934;299;177895;150661;67.0;56.7
08;2021-08-02;1251;683;179146;151344;67.5;57.0
08;2021-08-03;1629;820;180775;152164;68.1;57.3
08;2021-08-04;1489;660;182264;152824;68.6;57.6
08;2021-08-05;1892;966;184156;153790;69.4;57.9
08;2021-08-06;2576;1095;186732;154885;70.3;58.3
08;2021-08-07;1669;1158;188401;156043;71.0;58.8
08;2021-08-08;582;375;188983;156418;71.2;58.9
08;2021-08-09;672;533;189655;156951;71.4;59.1
08;2021-08-10;875;749;190530;157700;71.8;59.4
08;2021-08-11;521;791;191051;158491;72.0;59.7
08;2021-08-12;1147;1074;192198;159565;72.4;60.1
08;2021-08-13;1136;1014;193334;160579;72.8;60.5
08;2021-08-14;586;913;193920;161492;73.0;60.8
08;2021-08-15;137;274;194057;161766;73.1;60.9
08;2021-08-16;219;1178;194276;162944;73.2;61.4
08;2021-08-17;513;1197;194789;164141;73.4;61.8
08;2021-08-18;275;1264;195064;165405;73.5;62.3
08;2021-08-19;594;1883;195658;167288;73.7;63.0
09;2020-12-27;0;0;0;0;0.0;0.0
09;2020-12-28;1;0;1;0;0.0;0.0
09;2020-12-29;0;0;1;0;0.0;0.0
09;2020-12-30;0;0;1;0;0.0;0.0
09;2020-12-31;0;0;1;0;0.0;0.0
09;2021-01-01;0;0;1;0;0.0;0.0
09;2021-01-02;0;0;1;0;0.0;0.0
09;2021-01-03;0;0;1;0;0.0;0.0
09;2021-01-04;2;1;3;1;0.0;0.0
09;2021-01-05;0;0;3;1;0.0;0.0
09;2021-01-06;3;0;6;1;0.0;0.0
09;2021-01-07;257;2;263;3;0.2;0.0
09;2021-01-08;228;0;491;3;0.3;0.0
09;2021-01-09;103;0;594;3;0.4;0.0
09;2021-01-10;59;0;653;3;0.4;0.0
09;2021-01-11;175;0;828;3;0.5;0.0
09;2021-01-12;304;0;1132;3;0.7;0.0
09;2021-01-13;196;0;1328;3;0.9;0.0
09;2021-01-14;432;8;1760;11;1.2;0.0
09;2021-01-15;223;1;1983;12;1.3;0.0
09;2021-01-16;194;2;2177;14;1.4;0.0
09;2021-01-17;123;0;2300;14;1.5;0.0
09;2021-01-18;267;1;2567;15;1.7;0.0
09;2021-01-19;258;1;2825;16;1.9;0.0
09;2021-01-20;346;1;3171;17;2.1;0.0
09;2021-01-21;333;1;3504;18;2.3;0.0
09;2021-01-22;331;1;3835;19;2.5;0.0
09;2021-01-23;237;0;4072;19;2.7;0.0
09;2021-01-24;85;1;4157;20;2.7;0.0
09;2021-01-25;204;12;4361;32;2.9;0.0
09;2021-01-26;634;25;4995;57;3.3;0.0
09;2021-01-27;472;49;5467;106;3.6;0.1
09;2021-01-28;285;205;5752;311;3.8;0.2
09;2021-01-29;250;129;6002;440;3.9;0.3
09;2021-01-30;143;55;6145;495;4.0;0.3
09;2021-01-31;56;10;6201;505;4.1;0.3
09;2021-02-01;82;142;6283;647;4.1;0.4
09;2021-02-02;57;295;6340;942;4.2;0.6
09;2021-02-03;87;206;6427;1148;4.2;0.8
09;2021-02-04;49;299;6476;1447;4.2;0.9
09;2021-02-05;89;156;6565;1603;4.3;1.1
09;2021-02-06;68;49;6633;1652;4.4;1.1
09;2021-02-07;6;71;6639;1723;4.4;1.1
09;2021-02-08;22;177;6661;1900;4.4;1.2
09;2021-02-09;54;289;6715;2189;4.4;1.4
09;2021-02-10;15;196;6730;2385;4.4;1.6
09;2021-02-11;6;220;6736;2605;4.4;1.7
09;2021-02-12;149;176;6885;2781;4.5;1.8
09;2021-02-13;7;144;6892;2925;4.5;1.9
09;2021-02-14;0;52;6892;2977;4.5;2.0
09;2021-02-15;75;134;6967;3111;4.6;2.0
09;2021-02-16;227;509;7194;3620;4.7;2.4
09;2021-02-17;83;388;7277;4008;4.8;2.6
09;2021-02-18;87;450;7364;4458;4.8;2.9
09;2021-02-19;65;285;7429;4743;4.9;3.1
09;2021-02-20;59;200;7488;4943;4.9;3.2
09;2021-02-21;0;51;7488;4994;4.9;3.3
09;2021-02-22;127;218;7615;5212;5.0;3.4
09;2021-02-23;161;145;7776;5357;5.1;3.5
09;2021-02-24;74;178;7850;5535;5.2;3.6
09;2021-02-25;211;169;8061;5704;5.3;3.7
09;2021-02-26;162;175;8223;5879;5.4;3.9
09;2021-02-27;65;71;8288;5950;5.4;3.9
09;2021-02-28;43;17;8331;5967;5.5;3.9
09;2021-03-01;247;97;8578;6064;5.6;4.0
09;2021-03-02;284;77;8862;6141;5.8;4.0
09;2021-03-03;252;132;9114;6273;6.0;4.1
09;2021-03-04;413;32;9527;6305;6.3;4.1
09;2021-03-05;332;64;9859;6369;6.5;4.2
09;2021-03-06;397;46;10256;6415;6.7;4.2
09;2021-03-07;124;4;10380;6419;6.8;4.2
09;2021-03-08;380;64;10760;6483;7.1;4.3
09;2021-03-09;437;140;11197;6623;7.3;4.3
09;2021-03-10;560;71;11757;6694;7.7;4.4
09;2021-03-11;695;79;12452;6773;8.2;4.4
09;2021-03-12;659;32;13111;6805;8.6;4.5
09;2021-03-13;385;3;13496;6808;8.9;4.5
09;2021-03-14;120;3;13616;6811;8.9;4.5
09;2021-03-15;467;49;14083;6860;9.2;4.5
09;2021-03-16;370;80;14453;6940;9.5;4.6
09;2021-03-17;399;72;14852;7012;9.7;4.6
09;2021-03-18;454;43;15306;7055;10.0;4.6
09;2021-03-19;525;56;15831;7111;10.4;4.7
09;2021-03-20;313;39;16144;7150;10.6;4.7
09;2021-03-21;105;0;16249;7150;10.7;4.7
09;2021-03-22;424;119;16673;7269;10.9;4.8
09;2021-03-23;566;173;17239;7442;11.3;4.9
09;2021-03-24;711;42;17950;7484;11.8;4.9
09;2021-03-25;869;138;18819;7622;12.3;5.0
09;2021-03-26;751;45;19570;7667;12.8;5.0
09;2021-03-27;622;70;20192;7737;13.2;5.1
09;2021-03-28;132;24;20324;7761;13.3;5.1
09;2021-03-29;498;279;20822;8040;13.7;5.3
09;2021-03-30;729;155;21551;8195;14.1;5.4
09;2021-03-31;802;181;22353;8376;14.7;5.5
09;2021-04-01;734;254;23087;8630;15.1;5.7
09;2021-04-02;693;266;23780;8896;15.6;5.8
09;2021-04-03;771;117;24551;9013;16.1;5.9
09;2021-04-04;122;57;24673;9070;16.2;6.0
09;2021-04-05;237;60;24910;9130;16.3;6.0
09;2021-04-06;1057;394;25967;9524;17.0;6.2
09;2021-04-07;1209;358;27176;9882;17.8;6.5
09;2021-04-08;1469;405;28645;10287;18.8;6.8
09;2021-04-09;1138;414;29783;10701;19.5;7.0
09;2021-04-10;1349;195;31132;10896;20.4;7.1
09;2021-04-11;173;102;31305;10998;20.5;7.2
09;2021-04-12;737;345;32042;11343;21.0;7.4
09;2021-04-13;1047;411;33089;11754;21.7;7.7
09;2021-04-14;1332;510;34421;12264;22.6;8.0
09;2021-04-15;1148;506;35569;12770;23.3;8.4
09;2021-04-16;1032;415;36601;13185;24.0;8.7
09;2021-04-17;1194;355;37795;13540;24.8;8.9
09;2021-04-18;102;96;37897;13636;24.9;8.9
09;2021-04-19;697;405;38594;14041;25.3;9.2
09;2021-04-20;766;532;39360;14573;25.8;9.6
09;2021-04-21;940;590;40300;15163;26.4;9.9
09;2021-04-22;667;607;40967;15770;26.9;10.3
09;2021-04-23;773;430;41740;16200;27.4;10.6
09;2021-04-24;741;670;42481;16870;27.9;11.1
09;2021-04-25;75;113;42556;16983;27.9;11.1
09;2021-04-26;382;534;42938;17517;28.2;11.5
09;2021-04-27;443;720;43381;18237;28.5;12.0
09;2021-04-28;806;795;44187;19032;29.0;12.5
09;2021-04-29;550;774;44737;19806;29.4;13.0
09;2021-04-30;621;724;45358;20530;29.8;13.5
09;2021-05-01;478;455;45836;20985;30.1;13.8
09;2021-05-02;51;100;45887;21085;30.1;13.8
09;2021-05-03;522;663;46409;21748;30.5;14.3
09;2021-05-04;555;1348;46964;23096;30.8;15.2
09;2021-05-05;822;1347;47786;24443;31.4;16.0
09;2021-05-06;849;1033;48635;25476;31.9;16.7
09;2021-05-07;977;823;49612;26299;32.6;17.3
09;2021-05-08;395;461;50007;26760;32.8;17.6
09;2021-05-09;264;84;50271;26844;33.0;17.6
09;2021-05-10;504;966;50775;27810;33.3;18.2
09;2021-05-11;742;1052;51517;28862;33.8;18.9
09;2021-05-12;1535;1404;53052;30266;34.8;19.9
09;2021-05-13;1383;425;54435;30691;35.7;20.1
09;2021-05-14;986;654;55421;31345;36.4;20.6
09;2021-05-15;1236;790;56657;32135;37.2;21.1
09;2021-05-16;296;48;56953;32183;37.4;21.1
09;2021-05-17;875;413;57828;32596;37.9;21.4
09;2021-05-18;1291;394;59119;32990;38.8;21.6
09;2021-05-19;1495;370;60614;33360;39.8;21.9
09;2021-05-20;1379;406;61993;33766;40.7;22.2
09;2021-05-21;1164;496;63157;34262;41.4;22.5
09;2021-05-22;1546;364;64703;34626;42.5;22.7
09;2021-05-23;272;25;64975;34651;42.6;22.7
09;2021-05-24;177;100;65152;34751;42.8;22.8
09;2021-05-25;998;500;66150;35251;43.4;23.1
09;2021-05-26;1285;446;67435;35697;44.2;23.4
09;2021-05-27;966;403;68401;36100;44.9;23.7
09;2021-05-28;958;513;69359;36613;45.5;24.0
09;2021-05-29;1797;601;71156;37214;46.7;24.4
09;2021-05-30;541;197;71697;37411;47.0;24.5
09;2021-05-31;717;593;72414;38004;47.5;24.9
09;2021-06-01;969;642;73383;38646;48.2;25.4
09;2021-06-02;1008;898;74391;39544;48.8;25.9
09;2021-06-03;810;682;75201;40226;49.3;26.4
09;2021-06-04;877;799;76078;41025;49.9;26.9
09;2021-06-05;1320;874;77398;41899;50.8;27.5
09;2021-06-06;304;108;77702;42007;51.0;27.6
09;2021-06-07;623;517;78325;42524;51.4;27.9
09;2021-06-08;823;490;79148;43014;51.9;28.2
09;2021-06-09;808;834;79956;43848;52.5;28.8
09;2021-06-10;641;533;80597;44381;52.9;29.1
09;2021-06-11;831;762;81428;45143;53.4;29.6
09;2021-06-12;636;807;82064;45950;53.8;30.2
09;2021-06-13;94;130;82158;46080;53.9;30.2
09;2021-06-14;629;708;82787;46788;54.3;30.7
09;2021-06-15;824;890;83611;47678;54.9;31.3
09;2021-06-16;627;1078;84238;48756;55.3;32.0
09;2021-06-17;780;854;85018;49610;55.8;32.6
09;2021-06-18;635;1151;85653;50761;56.2;33.3
09;2021-06-19;517;1579;86170;52340;56.5;34.3
09;2021-06-20;8;279;86178;52619;56.5;34.5
09;2021-06-21;474;699;86652;53318;56.9;35.0
09;2021-06-22;463;1066;87115;54384;57.2;35.7
09;2021-06-23;435;1224;87550;55608;57.4;36.5
09;2021-06-24;581;772;88131;56380;57.8;37.0
09;2021-06-25;411;1062;88542;57442;58.1;37.7
09;2021-06-26;443;1087;88985;58529;58.4;38.4
09;2021-06-27;2;275;88987;58804;58.4;38.6
09;2021-06-28;239;1048;89226;59852;58.5;39.3
09;2021-06-29;313;1230;89539;61082;58.8;40.1
09;2021-06-30;457;1491;89996;62573;59.1;41.1
09;2021-07-01;384;1430;90380;64003;59.3;42.0
09;2021-07-02;308;1161;90688;65164;59.5;42.8
09;2021-07-03;210;1619;90898;66783;59.6;43.8
09;2021-07-04;4;254;90902;67037;59.6;44.0
09;2021-07-05;188;714;91090;67751;59.8;44.5
09;2021-07-06;293;1223;91383;68974;60.0;45.3
09;2021-07-07;417;1397;91800;70371;60.2;46.2
09;2021-07-08;325;1059;92125;71430;60.5;46.9
09;2021-07-09;292;1154;92417;72584;60.6;47.6
09;2021-07-10;345;1726;92762;74310;60.9;48.8
09;2021-07-11;147;392;92909;74702;61.0;49.0
09;2021-07-12;187;1074;93096;75776;61.1;49.7
09;2021-07-13;642;1305;93738;77081;61.5;50.6
09;2021-07-14;489;219;94227;77300;61.8;50.7
09;2021-07-15;819;1167;95046;78467;62.4;51.5
09;2021-07-16;609;1191;95655;79658;62.8;52.3
09;2021-07-17;1017;1444;96672;81102;63.4;53.2
09;2021-07-18;301;221;96973;81323;63.6;53.4
09;2021-07-19;483;968;97456;82291;63.9;54.0
09;2021-07-20;830;1259;98286;83550;64.5;54.8
09;2021-07-21;1016;1167;99302;84717;65.2;55.6
09;2021-07-22;846;906;100148;85623;65.7;56.2
09;2021-07-23;724;908;100872;86531;66.2;56.8
09;2021-07-24;924;460;101796;86991;66.8;57.1
09;2021-07-25;556;134;102352;87125;67.2;57.2
09;2021-07-26;646;767;102998;87892;67.6;57.7
09;2021-07-27;1178;945;104176;88837;68.4;58.3
09;2021-07-28;1191;983;105367;89820;69.1;58.9
09;2021-07-29;1028;735;106395;90555;69.8;59.4
09;2021-07-30;776;621;107171;91176;70.3;59.8
09;2021-07-31;1374;415;108545;91591;71.2;60.1
09;2021-08-01;141;125;108686;91716;71.3;60.2
09;2021-08-02;612;479;109298;92195;71.7;60.5
09;2021-08-03;1252;765;110550;92960;72.5;61.0
09;2021-08-04;1396;654;111946;93614;73.5;61.4
09;2021-08-05;997;673;112943;94287;74.1;61.9
09;2021-08-06;1014;638;113957;94925;74.8;62.3
09;2021-08-07;814;426;114771;95351;75.3;62.6
09;2021-08-08;122;129;114893;95480;75.4;62.7
09;2021-08-09;690;649;115583;96129;75.8;63.1
09;2021-08-10;931;693;116514;96822;76.5;63.5
09;2021-08-11;894;870;117408;97692;77.0;64.1
09;2021-08-12;630;729;118038;98421;77.5;64.6
09;2021-08-13;460;645;118498;99066;77.8;65.0
09;2021-08-14;312;828;118810;99894;78.0;65.5
09;2021-08-15;67;138;118877;100032;78.0;65.6
09;2021-08-16;545;619;119422;100651;78.4;66.0
09;2021-08-17;673;775;120095;101426;78.8;66.6
09;2021-08-18;612;930;120707;102356;79.2;67.2
09;2021-08-19;433;720;121140;103076;79.5;67.6
10;2020-12-27;0;0;0;0;0.0;0.0
10;2020-12-28;0;0;0;0;0.0;0.0
10;2020-12-29;0;0;0;0;0.0;0.0
10;2020-12-30;0;0;0;0;0.0;0.0
10;2020-12-31;0;0;0;0;0.0;0.0
10;2021-01-01;0;0;0;0;0.0;0.0
10;2021-01-02;1;0;1;0;0.0;0.0
10;2021-01-03;0;0;1;0;0.0;0.0
10;2021-01-04;0;0;1;0;0.0;0.0
10;2021-01-05;1;0;2;0;0.0;0.0
10;2021-01-06;0;0;2;0;0.0;0.0
10;2021-01-07;84;0;86;0;0.0;0.0
10;2021-01-08;255;0;341;0;0.1;0.0
10;2021-01-09;0;0;341;0;0.1;0.0
10;2021-01-10;0;0;341;0;0.1;0.0
10;2021-01-11;117;0;458;0;0.1;0.0
10;2021-01-12;191;0;649;0;0.2;0.0
10;2021-01-13;313;0;962;0;0.3;0.0
10;2021-01-14;391;7;1353;7;0.4;0.0
10;2021-01-15;359;3;1712;10;0.6;0.0
10;2021-01-16;55;0;1767;10;0.6;0.0
10;2021-01-17;0;0;1767;10;0.6;0.0
10;2021-01-18;700;2;2467;12;0.8;0.0
10;2021-01-19;1370;3;3837;15;1.2;0.0
10;2021-01-20;1072;9;4909;24;1.6;0.0
10;2021-01-21;1151;2;6060;26;2.0;0.0
10;2021-01-22;819;2;6879;28;2.2;0.0
10;2021-01-23;309;0;7188;28;2.3;0.0
10;2021-01-24;0;0;7188;28;2.3;0.0
10;2021-01-25;445;9;7633;37;2.5;0.0
10;2021-01-26;487;17;8120;54;2.6;0.0
10;2021-01-27;459;15;8579;69;2.8;0.0
10;2021-01-28;357;48;8936;117;2.9;0.0
10;2021-01-29;430;193;9366;310;3.0;0.1
10;2021-01-30;30;0;9396;310;3.0;0.1
10;2021-01-31;0;0;9396;310;3.0;0.1
10;2021-02-01;404;141;9800;451;3.2;0.1
10;2021-02-02;182;152;9982;603;3.2;0.2
10;2021-02-03;345;215;10327;818;3.3;0.3
10;2021-02-04;342;269;10669;1087;3.4;0.4
10;2021-02-05;327;320;10996;1407;3.5;0.5
10;2021-02-06;3;35;10999;1442;3.5;0.5
10;2021-02-07;0;0;10999;1442;3.5;0.5
10;2021-02-08;190;411;11189;1853;3.6;0.6
10;2021-02-09;482;585;11671;2438;3.8;0.8
10;2021-02-10;666;479;12337;2917;4.0;0.9
10;2021-02-11;781;597;13118;3514;4.2;1.1
10;2021-02-12;580;551;13698;4065;4.4;1.3
10;2021-02-13;36;120;13734;4185;4.4;1.4
10;2021-02-14;0;0;13734;4185;4.4;1.4
10;2021-02-15;142;444;13876;4629;4.5;1.5
10;2021-02-16;116;545;13992;5174;4.5;1.7
10;2021-02-17;129;605;14121;5779;4.6;1.9
10;2021-02-18;216;557;14337;6336;4.6;2.0
10;2021-02-19;187;472;14524;6808;4.7;2.2
10;2021-02-20;24;183;14548;6991;4.7;2.3
10;2021-02-21;0;0;14548;6991;4.7;2.3
10;2021-02-22;77;447;14625;7438;4.7;2.4
10;2021-02-23;76;559;14701;7997;4.7;2.6
10;2021-02-24;104;374;14805;8371;4.8;2.7
10;2021-02-25;324;375;15129;8746;4.9;2.8
10;2021-02-26;351;283;15480;9029;5.0;2.9
10;2021-02-27;275;129;15755;9158;5.1;3.0
10;2021-02-28;0;0;15755;9158;5.1;3.0
10;2021-03-01;257;333;16012;9491;5.2;3.1
10;2021-03-02;434;370;16446;9861;5.3;3.2
10;2021-03-03;453;581;16899;10442;5.5;3.4
10;2021-03-04;636;500;17535;10942;5.7;3.5
10;2021-03-05;677;254;18212;11196;5.9;3.6
10;2021-03-06;948;41;19160;11237;6.2;3.6
10;2021-03-07;769;6;19929;11243;6.4;3.6
10;2021-03-08;502;442;20431;11685;6.6;3.8
10;2021-03-09;673;436;21104;12121;6.8;3.9
10;2021-03-10;660;364;21764;12485;7.0;4.0
10;2021-03-11;1174;235;22938;12720;7.4;4.1
10;2021-03-12;1338;244;24276;12964;7.8;4.2
10;2021-03-13;891;37;25167;13001;8.1;4.2
10;2021-03-14;1381;16;26548;13017;8.6;4.2
10;2021-03-15;821;80;27369;13097;8.8;4.2
10;2021-03-16;688;63;28057;13160;9.1;4.2
10;2021-03-17;831;67;28888;13227;9.3;4.3
10;2021-03-18;885;80;29773;13307;9.6;4.3
10;2021-03-19;950;69;30723;13376;9.9;4.3
10;2021-03-20;552;18;31275;13394;10.1;4.3
10;2021-03-21;1849;39;33124;13433;10.7;4.3
10;2021-03-22;879;72;34003;13505;11.0;4.4
10;2021-03-23;1245;90;35248;13595;11.4;4.4
10;2021-03-24;1311;59;36559;13654;11.8;4.4
10;2021-03-25;1676;228;38235;13882;12.3;4.5
10;2021-03-26;1431;115;39666;13997;12.8;4.5
10;2021-03-27;762;79;40428;14076;13.0;4.5
10;2021-03-28;1221;29;41649;14105;13.4;4.6
10;2021-03-29;648;306;42297;14411;13.6;4.7
10;2021-03-30;927;374;43224;14785;13.9;4.8
10;2021-03-31;617;360;43841;15145;14.1;4.9
10;2021-04-01;884;684;44725;15829;14.4;5.1
10;2021-04-02;1069;589;45794;16418;14.8;5.3
10;2021-04-03;540;605;46334;17023;15.0;5.5
10;2021-04-04;1826;259;48160;17282;15.5;5.6
10;2021-04-05;1843;40;50003;17322;16.1;5.6
10;2021-04-06;514;651;50517;17973;16.3;5.8
10;2021-04-07;589;539;51106;18512;16.5;6.0
10;2021-04-08;1057;608;52163;19120;16.8;6.2
10;2021-04-09;1130;611;53293;19731;17.2;6.4
10;2021-04-10;1770;349;55063;20080;17.8;6.5
10;2021-04-11;55;1221;55118;21301;17.8;6.9
10;2021-04-12;1003;808;56121;22109;18.1;7.1
10;2021-04-13;1506;891;57627;23000;18.6;7.4
10;2021-04-14;820;600;58447;23600;18.9;7.6
10;2021-04-15;1448;889;59895;24489;19.3;7.9
10;2021-04-16;1109;696;61004;25185;19.7;8.1
10;2021-04-17;2391;359;63395;25544;20.5;8.2
10;2021-04-18;1421;1785;64816;27329;20.9;8.8
10;2021-04-19;838;833;65654;28162;21.2;9.1
10;2021-04-20;545;1035;66199;29197;21.4;9.4
10;2021-04-21;636;974;66835;30171;21.6;9.7
10;2021-04-22;932;963;67767;31134;21.9;10.0
10;2021-04-23;2173;776;69940;31910;22.6;10.3
10;2021-04-24;2296;375;72236;32285;23.3;10.4
10;2021-04-25;1989;1214;74225;33499;24.0;10.8
10;2021-04-26;773;620;74998;34119;24.2;11.0
10;2021-04-27;895;535;75893;34654;24.5;11.2
10;2021-04-28;873;404;76766;35058;24.8;11.3
10;2021-04-29;1433;673;78199;35731;25.2;11.5
10;2021-04-30;2173;768;80372;36499;25.9;11.8
10;2021-05-01;1988;2167;82360;38666;26.6;12.5
10;2021-05-02;1948;1893;84308;40559;27.2;13.1
10;2021-05-03;622;447;84930;41006;27.4;13.2
10;2021-05-04;1145;1248;86075;42254;27.8;13.6
10;2021-05-05;1754;1020;87829;43274;28.3;14.0
10;2021-05-06;2257;945;90086;44219;29.1;14.3
10;2021-05-07;2217;1138;92303;45357;29.8;14.6
10;2021-05-08;2272;859;94575;46216;30.5;14.9
10;2021-05-09;2005;100;96580;46316;31.2;14.9
10;2021-05-10;529;1093;97109;47409;31.3;15.3
10;2021-05-11;1051;1026;98160;48435;31.7;15.6
10;2021-05-12;2061;881;100221;49316;32.3;15.9
10;2021-05-13;2182;433;102403;49749;33.0;16.1
10;2021-05-14;2730;671;105133;50420;33.9;16.3
10;2021-05-15;2426;2044;107559;52464;34.7;16.9
10;2021-05-16;2081;1449;109640;53913;35.4;17.4
10;2021-05-17;1451;444;111091;54357;35.8;17.5
10;2021-05-18;2511;640;113602;54997;36.7;17.7
10;2021-05-19;1553;641;115155;55638;37.2;18.0
10;2021-05-20;1891;847;117046;56485;37.8;18.2
10;2021-05-21;2318;618;119364;57103;38.5;18.4
10;2021-05-22;2180;422;121544;57525;39.2;18.6
10;2021-05-23;1817;139;123361;57664;39.8;18.6
10;2021-05-24;1968;179;125329;57843;40.4;18.7
10;2021-05-25;2194;491;127523;58334;41.1;18.8
10;2021-05-26;1677;421;129200;58755;41.7;19.0
10;2021-05-27;1660;755;130860;59510;42.2;19.2
10;2021-05-28;1719;1185;132579;60695;42.8;19.6
10;2021-05-29;2170;642;134749;61337;43.5;19.8
10;2021-05-30;1029;135;135778;61472;43.8;19.8
10;2021-05-31;1039;750;136817;62222;44.1;20.1
10;2021-06-01;1132;885;137949;63107;44.5;20.4
10;2021-06-02;1032;719;138981;63826;44.8;20.6
10;2021-06-03;1473;1071;140454;64897;45.3;20.9
10;2021-06-04;1768;2601;142222;67498;45.9;21.8
10;2021-06-05;1519;2456;143741;69954;46.4;22.6
10;2021-06-06;1005;1875;144746;71829;46.7;23.2
10;2021-06-07;698;1112;145444;72941;46.9;23.5
10;2021-06-08;896;1169;146340;74110;47.2;23.9
10;2021-06-09;877;913;147217;75023;47.5;24.2
10;2021-06-10;677;1071;147894;76094;47.7;24.6
10;2021-06-11;1199;2211;149093;78305;48.1;25.3
10;2021-06-12;855;2388;149948;80693;48.4;26.0
10;2021-06-13;401;1836;150349;82529;48.5;26.6
10;2021-06-14;534;742;150883;83271;48.7;26.9
10;2021-06-15;740;2132;151623;85403;48.9;27.6
10;2021-06-16;740;1860;152363;87263;49.2;28.2
10;2021-06-17;848;2458;153211;89721;49.4;29.0
10;2021-06-18;1031;2473;154242;92194;49.8;29.7
10;2021-06-19;981;2594;155223;94788;50.1;30.6
10;2021-06-20;549;1599;155772;96387;50.3;31.1
10;2021-06-21;682;1045;156454;97432;50.5;31.4
10;2021-06-22;743;1524;157197;98956;50.7;31.9
10;2021-06-23;649;2408;157846;101364;50.9;32.7
10;2021-06-24;783;2618;158629;103982;51.2;33.6
10;2021-06-25;731;3043;159360;107025;51.4;34.5
10;2021-06-26;513;2743;159873;109768;51.6;35.4
10;2021-06-27;403;1939;160276;111707;51.7;36.0
10;2021-06-28;685;1787;160961;113494;51.9;36.6
10;2021-06-29;617;2692;161578;116186;52.1;37.5
10;2021-06-30;535;1524;162113;117710;52.3;38.0
10;2021-07-01;551;2171;162664;119881;52.5;38.7
10;2021-07-02;668;2727;163332;122608;52.7;39.6
10;2021-07-03;529;2600;163861;125208;52.9;40.4
10;2021-07-04;411;1725;164272;126933;53.0;41.0
10;2021-07-05;666;2222;164938;129155;53.2;41.7
10;2021-07-06;652;2189;165590;131344;53.4;42.4
10;2021-07-07;633;1700;166223;133044;53.6;42.9
10;2021-07-08;747;1458;166970;134502;53.9;43.4
10;2021-07-09;815;1946;167785;136448;54.1;44.0
10;2021-07-10;632;2096;168417;138544;54.3;44.7
10;2021-07-11;500;1381;168917;139925;54.5;45.2
10;2021-07-12;780;1623;169697;141548;54.8;45.7
10;2021-07-13;1125;1874;170822;143422;55.1;46.3
10;2021-07-14;1170;1056;171992;144478;55.5;46.6
10;2021-07-15;1473;1979;173465;146457;56.0;47.3
10;2021-07-16;1241;2272;174706;148729;56.4;48.0
10;2021-07-17;1287;1739;175993;150468;56.8;48.6
10;2021-07-18;942;1226;176935;151694;57.1;48.9
10;2021-07-19;1360;1620;178295;153314;57.5;49.5
10;2021-07-20;1685;1433;179980;154747;58.1;49.9
10;2021-07-21;1393;1485;181373;156232;58.5;50.4
10;2021-07-22;1934;1595;183307;157827;59.1;50.9
10;2021-07-23;1593;1544;184900;159371;59.7;51.4
10;2021-07-24;1390;1226;186290;160597;60.1;51.8
10;2021-07-25;1251;787;187541;161384;60.5;52.1
10;2021-07-26;1912;1317;189453;162701;61.1;52.5
10;2021-07-27;2120;1087;191573;163788;61.8;52.9
10;2021-07-28;2092;1016;193665;164804;62.5;53.2
10;2021-07-29;2434;1203;196099;166007;63.3;53.6
10;2021-07-30;2153;1309;198252;167316;64.0;54.0
10;2021-07-31;1672;935;199924;168251;64.5;54.3
10;2021-08-01;1234;576;201158;168827;64.9;54.5
10;2021-08-02;1332;1337;202490;170164;65.3;54.9
10;2021-08-03;1558;895;204048;171059;65.8;55.2
10;2021-08-04;1312;1065;205360;172124;66.3;55.5
10;2021-08-05;1624;1341;206984;173465;66.8;56.0
10;2021-08-06;1798;1329;208782;174794;67.4;56.4
10;2021-08-07;1150;1131;209932;175925;67.7;56.8
10;2021-08-08;658;749;210590;176674;68.0;57.0
10;2021-08-09;1302;1542;211892;178216;68.4;57.5
10;2021-08-10;1620;1346;213512;179562;68.9;57.9
10;2021-08-11;822;1106;214334;180668;69.2;58.3
10;2021-08-12;1022;1224;215356;181892;69.5;58.7
10;2021-08-13;729;1074;216085;182966;69.7;59.0
10;2021-08-14;571;1234;216656;184200;69.9;59.4
10;2021-08-15;300;777;216956;184977;70.0;59.7
10;2021-08-16;699;1617;217655;186594;70.2;60.2
10;2021-08-17;861;1772;218516;188366;70.5;60.8
10;2021-08-18;688;1612;219204;189978;70.7;61.3
10;2021-08-19;538;1565;219742;191543;70.9;61.8
11;2020-12-27;0;0;0;0;0.0;0.0
11;2020-12-28;1;0;1;0;0.0;0.0
11;2020-12-29;1;0;2;0;0.0;0.0
11;2020-12-30;0;0;2;0;0.0;0.0
11;2020-12-31;0;0;2;0;0.0;0.0
11;2021-01-01;0;0;2;0;0.0;0.0
11;2021-01-02;5;0;7;0;0.0;0.0
11;2021-01-03;0;0;7;0;0.0;0.0
11;2021-01-04;1;0;8;0;0.0;0.0
11;2021-01-05;94;0;102;0;0.0;0.0
11;2021-01-06;25;0;127;0;0.0;0.0
11;2021-01-07;119;0;246;0;0.1;0.0
11;2021-01-08;90;1;336;1;0.1;0.0
11;2021-01-09;86;0;422;1;0.1;0.0
11;2021-01-10;67;0;489;1;0.1;0.0
11;2021-01-11;136;0;625;1;0.2;0.0
11;2021-01-12;545;3;1170;4;0.3;0.0
11;2021-01-13;410;1;1580;5;0.4;0.0
11;2021-01-14;644;8;2224;13;0.6;0.0
11;2021-01-15;343;4;2567;17;0.7;0.0
11;2021-01-16;77;1;2644;18;0.7;0.0
11;2021-01-17;47;1;2691;19;0.7;0.0
11;2021-01-18;388;0;3079;19;0.8;0.0
11;2021-01-19;528;4;3607;23;1.0;0.0
11;2021-01-20;693;6;4300;29;1.2;0.0
11;2021-01-21;647;4;4947;33;1.3;0.0
11;2021-01-22;524;2;5471;35;1.5;0.0
11;2021-01-23;159;0;5630;35;1.5;0.0
11;2021-01-24;139;0;5769;35;1.5;0.0
11;2021-01-25;375;20;6144;55;1.6;0.0
11;2021-01-26;845;85;6989;140;1.9;0.0
11;2021-01-27;798;24;7787;164;2.1;0.0
11;2021-01-28;647;61;8434;225;2.3;0.1
11;2021-01-29;439;123;8873;348;2.4;0.1
11;2021-01-30;133;1;9006;349;2.4;0.1
11;2021-01-31;82;0;9088;349;2.4;0.1
11;2021-02-01;344;195;9432;544;2.5;0.1
11;2021-02-02;412;407;9844;951;2.6;0.3
11;2021-02-03;389;350;10233;1301;2.7;0.3
11;2021-02-04;374;497;10607;1798;2.8;0.5
11;2021-02-05;317;338;10924;2136;2.9;0.6
11;2021-02-06;207;62;11131;2198;3.0;0.6
11;2021-02-07;108;13;11239;2211;3.0;0.6
11;2021-02-08;316;159;11555;2370;3.1;0.6
11;2021-02-09;300;280;11855;2650;3.2;0.7
11;2021-02-10;339;447;12194;3097;3.3;0.8
11;2021-02-11;610;632;12804;3729;3.4;1.0
11;2021-02-12;402;380;13206;4109;3.5;1.1
11;2021-02-13;193;120;13399;4229;3.6;1.1
11;2021-02-14;72;27;13471;4256;3.6;1.1
11;2021-02-15;239;210;13710;4466;3.7;1.2
11;2021-02-16;265;513;13975;4979;3.7;1.3
11;2021-02-17;453;620;14428;5599;3.9;1.5
11;2021-02-18;457;574;14885;6173;4.0;1.7
11;2021-02-19;300;536;15185;6709;4.1;1.8
11;2021-02-20;147;75;15332;6784;4.1;1.8
11;2021-02-21;58;45;15390;6829;4.1;1.8
11;2021-02-22;125;332;15515;7161;4.2;1.9
11;2021-02-23;283;322;15798;7483;4.2;2.0
11;2021-02-24;251;368;16049;7851;4.3;2.1
11;2021-02-25;562;326;16611;8177;4.5;2.2
11;2021-02-26;523;318;17134;8495;4.6;2.3
11;2021-02-27;318;98;17452;8593;4.7;2.3
11;2021-02-28;95;24;17547;8617;4.7;2.3
11;2021-03-01;339;318;17886;8935;4.8;2.4
11;2021-03-02;562;393;18448;9328;4.9;2.5
11;2021-03-03;599;434;19047;9762;5.1;2.6
11;2021-03-04;1077;410;20124;10172;5.4;2.7
11;2021-03-05;1003;409;21127;10581;5.7;2.8
11;2021-03-06;1093;206;22220;10787;6.0;2.9
11;2021-03-07;658;35;22878;10822;6.1;2.9
11;2021-03-08;370;353;23248;11175;6.2;3.0
11;2021-03-09;997;396;24245;11571;6.5;3.1
11;2021-03-10;1174;546;25419;12117;6.8;3.3
11;2021-03-11;1572;446;26991;12563;7.2;3.4
11;2021-03-12;1455;443;28446;13006;7.6;3.5
11;2021-03-13;1159;240;29605;13246;7.9;3.6
11;2021-03-14;523;55;30128;13301;8.1;3.6
11;2021-03-15;651;242;30779;13543;8.3;3.6
11;2021-03-16;853;200;31632;13743;8.5;3.7
11;2021-03-17;906;220;32538;13963;8.7;3.7
11;2021-03-18;1172;283;33710;14246;9.0;3.8
11;2021-03-19;1371;246;35081;14492;9.4;3.9
11;2021-03-20;790;174;35871;14666;9.6;3.9
11;2021-03-21;225;65;36096;14731;9.7;4.0
11;2021-03-22;808;215;36904;14946;9.9;4.0
11;2021-03-23;1806;392;38710;15338;10.4;4.1
11;2021-03-24;1845;320;40555;15658;10.9;4.2
11;2021-03-25;2189;375;42744;16033;11.5;4.3
11;2021-03-26;2125;446;44869;16479;12.0;4.4
11;2021-03-27;1178;146;46047;16625;12.4;4.5
11;2021-03-28;265;43;46312;16668;12.4;4.5
11;2021-03-29;1181;224;47493;16892;12.7;4.5
11;2021-03-30;1993;323;49486;17215;13.3;4.6
11;2021-03-31;1614;383;51100;17598;13.7;4.7
11;2021-04-01;2146;424;53246;18022;14.3;4.8
11;2021-04-02;1643;429;54889;18451;14.7;5.0
11;2021-04-03;720;144;55609;18595;14.9;5.0
11;2021-04-04;198;74;55807;18669;15.0;5.0
11;2021-04-05;257;4;56064;18673;15.0;5.0
11;2021-04-06;1575;553;57639;19226;15.5;5.2
11;2021-04-07;1776;574;59415;19800;15.9;5.3
11;2021-04-08;1785;683;61200;20483;16.4;5.5
11;2021-04-09;2262;602;63462;21085;17.0;5.7
11;2021-04-10;1169;179;64631;21264;17.3;5.7
11;2021-04-11;549;107;65180;21371;17.5;5.7
11;2021-04-12;1614;537;66794;21908;17.9;5.9
11;2021-04-13;2259;884;69053;22792;18.5;6.1
11;2021-04-14;1661;1018;70714;23810;19.0;6.4
11;2021-04-15;1843;1131;72557;24941;19.5;6.7
11;2021-04-16;1836;848;74393;25789;20.0;6.9
11;2021-04-17;1773;564;76166;26353;20.4;7.1
11;2021-04-18;114;155;76280;26508;20.5;7.1
11;2021-04-19;1384;736;77664;27244;20.8;7.3
11;2021-04-20;1729;1284;79393;28528;21.3;7.7
11;2021-04-21;1780;1324;81173;29852;21.8;8.0
11;2021-04-22;1749;1322;82922;31174;22.2;8.4
11;2021-04-23;2012;1233;84934;32407;22.8;8.7
11;2021-04-24;1735;468;86669;32875;23.3;8.8
11;2021-04-25;658;180;87327;33055;23.4;8.9
11;2021-04-26;1377;836;88704;33891;23.8;9.1
11;2021-04-27;1835;1549;90539;35440;24.3;9.5
11;2021-04-28;2009;1472;92548;36912;24.8;9.9
11;2021-04-29;2248;1633;94796;38545;25.4;10.3
11;2021-04-30;2158;1428;96954;39973;26.0;10.7
11;2021-05-01;1338;342;98292;40315;26.4;10.8
11;2021-05-02;588;336;98880;40651;26.5;10.9
11;2021-05-03;1487;739;100367;41390;26.9;11.1
11;2021-05-04;1879;1431;102246;42821;27.4;11.5
11;2021-05-05;1894;1438;104140;44259;27.9;11.9
11;2021-05-06;2191;1474;106331;45733;28.5;12.3
11;2021-05-07;2104;1556;108435;47289;29.1;12.7
11;2021-05-08;896;727;109331;48016;29.3;12.9
11;2021-05-09;628;543;109959;48559;29.5;13.0
11;2021-05-10;1328;1651;111287;50210;29.9;13.5
11;2021-05-11;2040;1868;113327;52078;30.4;14.0
11;2021-05-12;1849;1654;115176;53732;30.9;14.4
11;2021-05-13;1406;414;116582;54146;31.3;14.5
11;2021-05-14;1713;1184;118295;55330;31.7;14.8
11;2021-05-15;1157;900;119452;56230;32.1;15.1
11;2021-05-16;808;164;120260;56394;32.3;15.1
11;2021-05-17;1470;1048;121730;57442;32.7;15.4
11;2021-05-18;1898;1197;123628;58639;33.2;15.7
11;2021-05-19;1847;1119;125475;59758;33.7;16.0
11;2021-05-20;1969;1090;127444;60848;34.2;16.3
11;2021-05-21;2275;1090;129719;61938;34.8;16.6
11;2021-05-22;1484;727;131203;62665;35.2;16.8
11;2021-05-23;768;70;131971;62735;35.4;16.8
11;2021-05-24;1411;226;133382;62961;35.8;16.9
11;2021-05-25;1811;1354;135193;64315;36.3;17.3
11;2021-05-26;1933;1303;137126;65618;36.8;17.6
11;2021-05-27;1985;1720;139111;67338;37.3;18.1
11;2021-05-28;1760;1898;140871;69236;37.8;18.6
11;2021-05-29;1428;1599;142299;70835;38.2;19.0
11;2021-05-30;486;395;142785;71230;38.3;19.1
11;2021-05-31;1261;1619;144046;72849;38.6;19.5
11;2021-06-01;1856;1904;145902;74753;39.1;20.1
11;2021-06-02;1761;2075;147663;76828;39.6;20.6
11;2021-06-03;2599;2414;150262;79242;40.3;21.3
11;2021-06-04;2145;2673;152407;81915;40.9;22.0
11;2021-06-05;1589;1904;153996;83819;41.3;22.5
11;2021-06-06;877;860;154873;84679;41.6;22.7
11;2021-06-07;1527;1713;156400;86392;42.0;23.2
11;2021-06-08;2039;1997;158439;88389;42.5;23.7
11;2021-06-09;1789;2189;160228;90578;43.0;24.3
11;2021-06-10;1806;2427;162034;93005;43.5;25.0
11;2021-06-11;1864;2492;163898;95497;44.0;25.6
11;2021-06-12;1457;1622;165355;97119;44.4;26.1
11;2021-06-13;712;723;166067;97842;44.6;26.3
11;2021-06-14;1033;1969;167100;99811;44.8;26.8
11;2021-06-15;1393;2683;168493;102494;45.2;27.5
11;2021-06-16;1338;2528;169831;105022;45.6;28.2
11;2021-06-17;1473;2540;171304;107562;46.0;28.9
11;2021-06-18;1520;2490;172824;110052;46.4;29.5
11;2021-06-19;1237;1409;174061;111461;46.7;29.9
11;2021-06-20;299;599;174360;112060;46.8;30.1
11;2021-06-21;839;2120;175199;114180;47.0;30.6
11;2021-06-22;1015;2608;176214;116788;47.3;31.3
11;2021-06-23;1097;2088;177311;118876;47.6;31.9
11;2021-06-24;907;2246;178218;121122;47.8;32.5
11;2021-06-25;991;2545;179209;123667;48.1;33.2
11;2021-06-26;776;1656;179985;125323;48.3;33.6
11;2021-06-27;210;688;180195;126011;48.3;33.8
11;2021-06-28;697;2300;180892;128311;48.5;34.4
11;2021-06-29;962;2600;181854;130911;48.8;35.1
11;2021-06-30;905;2522;182759;133433;49.0;35.8
11;2021-07-01;1003;1888;183762;135321;49.3;36.3
11;2021-07-02;967;2543;184729;137864;49.6;37.0
11;2021-07-03;728;1804;185457;139668;49.8;37.5
11;2021-07-04;339;1108;185796;140776;49.9;37.8
11;2021-07-05;694;2133;186490;142909;50.0;38.3
11;2021-07-06;972;2518;187462;145427;50.3;39.0
11;2021-07-07;946;2511;188408;147938;50.6;39.7
11;2021-07-08;1191;1912;189599;149850;50.9;40.2
11;2021-07-09;823;1793;190422;151643;51.1;40.7
11;2021-07-10;369;1302;190791;152945;51.2;41.0
11;2021-07-11;313;564;191104;153509;51.3;41.2
11;2021-07-12;503;2670;191607;156179;51.4;41.9
11;2021-07-13;1302;3069;192909;159248;51.8;42.7
11;2021-07-14;210;235;193119;159483;51.8;42.8
11;2021-07-15;1444;2966;194563;162449;52.2;43.6
11;2021-07-16;1871;2735;196434;165184;52.7;44.3
11;2021-07-17;1076;2166;197510;167350;53.0;44.9
11;2021-07-18;652;944;198162;168294;53.2;45.2
11;2021-07-19;1348;2092;199510;170386;53.5;45.7
11;2021-07-20;1991;2407;201501;172793;54.1;46.4
11;2021-07-21;2014;2437;203515;175230;54.6;47.0
11;2021-07-22;2394;1882;205909;177112;55.2;47.5
11;2021-07-23;2225;2271;208134;179383;55.8;48.1
11;2021-07-24;1274;1623;209408;181006;56.2;48.6
11;2021-07-25;749;691;210157;181697;56.4;48.8
11;2021-07-26;1661;1419;211818;183116;56.8;49.1
11;2021-07-27;2320;1995;214138;185111;57.5;49.7
11;2021-07-28;2466;1985;216604;187096;58.1;50.2
11;2021-07-29;2753;1791;219357;188887;58.9;50.7
11;2021-07-30;2558;1796;221915;190683;59.5;51.2
11;2021-07-31;1999;1124;223914;191807;60.1;51.5
11;2021-08-01;1011;481;224925;192288;60.3;51.6
11;2021-08-02;1915;1151;226840;193439;60.9;51.9
11;2021-08-03;2423;1595;229263;195034;61.5;52.3
11;2021-08-04;2541;1259;231804;196293;62.2;52.7
11;2021-08-05;2364;1335;234168;197628;62.8;53.0
11;2021-08-06;2246;1655;236414;199283;63.4;53.5
11;2021-08-07;1658;1163;238072;200446;63.9;53.8
11;2021-08-08;595;203;238667;200649;64.0;53.8
11;2021-08-09;1028;1431;239695;202080;64.3;54.2
11;2021-08-10;1737;1990;241432;204070;64.8;54.8
11;2021-08-11;1707;1688;243139;205758;65.2;55.2
11;2021-08-12;1674;1848;244813;207606;65.7;55.7
11;2021-08-13;1344;1657;246157;209263;66.0;56.1
11;2021-08-14;976;1589;247133;210852;66.3;56.6
11;2021-08-15;137;124;247270;210976;66.3;56.6
11;2021-08-16;708;1907;247978;212883;66.5;57.1
11;2021-08-17;1043;2392;249021;215275;66.8;57.8
11;2021-08-18;1102;2026;250123;217301;67.1;58.3
11;2021-08-19;986;2285;251109;219586;67.4;58.9
12;2020-12-27;0;0;0;0;0.0;0.0
12;2020-12-28;0;0;0;0;0.0;0.0
12;2020-12-29;0;0;0;0;0.0;0.0
12;2020-12-30;0;0;0;0;0.0;0.0
12;2020-12-31;0;0;0;0;0.0;0.0
12;2021-01-01;0;0;0;0;0.0;0.0
12;2021-01-02;0;0;0;0;0.0;0.0
12;2021-01-03;0;0;0;0;0.0;0.0
12;2021-01-04;1;0;1;0;0.0;0.0
12;2021-01-05;1;0;2;0;0.0;0.0
12;2021-01-06;12;0;14;0;0.0;0.0
12;2021-01-07;202;0;216;0;0.1;0.0
12;2021-01-08;65;0;281;0;0.1;0.0
12;2021-01-09;0;0;281;0;0.1;0.0
12;2021-01-10;1;0;282;0;0.1;0.0
12;2021-01-11;99;0;381;0;0.1;0.0
12;2021-01-12;360;1;741;1;0.3;0.0
12;2021-01-13;285;0;1026;1;0.4;0.0
12;2021-01-14;600;12;1626;13;0.6;0.0
12;2021-01-15;366;10;1992;23;0.7;0.0
12;2021-01-16;138;2;2130;25;0.8;0.0
12;2021-01-17;0;0;2130;25;0.8;0.0
12;2021-01-18;453;0;2583;25;0.9;0.0
12;2021-01-19;605;3;3188;28;1.1;0.0
12;2021-01-20;878;2;4066;30;1.5;0.0
12;2021-01-21;735;0;4801;30;1.7;0.0
12;2021-01-22;798;1;5599;31;2.0;0.0
12;2021-01-23;382;0;5981;31;2.1;0.0
12;2021-01-24;0;0;5981;31;2.1;0.0
12;2021-01-25;453;0;6434;31;2.3;0.0
12;2021-01-26;650;0;7084;31;2.5;0.0
12;2021-01-27;1883;24;8967;55;3.2;0.0
12;2021-01-28;1884;214;10851;269;3.9;0.1
12;2021-01-29;1331;46;12182;315;4.4;0.1
12;2021-01-30;359;2;12541;317;4.5;0.1
12;2021-01-31;0;0;12541;317;4.5;0.1
12;2021-02-01;333;89;12874;406;4.6;0.1
12;2021-02-02;457;244;13331;650;4.8;0.2
12;2021-02-03;457;166;13788;816;5.0;0.3
12;2021-02-04;458;525;14246;1341;5.1;0.5
12;2021-02-05;449;183;14695;1524;5.3;0.5
12;2021-02-06;219;68;14914;1592;5.4;0.6
12;2021-02-07;8;0;14922;1592;5.4;0.6
12;2021-02-08;105;316;15027;1908;5.4;0.7
12;2021-02-09;208;341;15235;2249;5.5;0.8
12;2021-02-10;464;473;15699;2722;5.6;1.0
12;2021-02-11;539;347;16238;3069;5.8;1.1
12;2021-02-12;570;345;16808;3414;6.0;1.2
12;2021-02-13;175;133;16983;3547;6.1;1.3
12;2021-02-14;1;0;16984;3547;6.1;1.3
12;2021-02-15;175;376;17159;3923;6.2;1.4
12;2021-02-16;171;511;17330;4434;6.2;1.6
12;2021-02-17;365;1436;17695;5870;6.4;2.1
12;2021-02-18;676;1661;18371;7531;6.6;2.7
12;2021-02-19;593;973;18964;8504;6.8;3.1
12;2021-02-20;103;395;19067;8899;6.8;3.2
12;2021-02-21;0;0;19067;8899;6.8;3.2
12;2021-02-22;150;403;19217;9302;6.9;3.3
12;2021-02-23;157;558;19374;9860;7.0;3.5
12;2021-02-24;157;688;19531;10548;7.0;3.8
12;2021-02-25;201;770;19732;11318;7.1;4.1
12;2021-02-26;320;652;20052;11970;7.2;4.3
12;2021-02-27;190;350;20242;12320;7.3;4.4
12;2021-02-28;13;0;20255;12320;7.3;4.4
12;2021-03-01;51;349;20306;12669;7.3;4.6
12;2021-03-02;190;506;20496;13175;7.4;4.7
12;2021-03-03;244;388;20740;13563;7.5;4.9
12;2021-03-04;278;362;21018;13925;7.6;5.0
12;2021-03-05;421;368;21439;14293;7.7;5.1
12;2021-03-06;793;131;22232;14424;8.0;5.2
12;2021-03-07;140;32;22372;14456;8.0;5.2
12;2021-03-08;234;206;22606;14662;8.1;5.3
12;2021-03-09;716;235;23322;14897;8.4;5.4
12;2021-03-10;782;739;24104;15636;8.7;5.6
12;2021-03-11;918;660;25022;16296;9.0;5.9
12;2021-03-12;1258;527;26280;16823;9.4;6.0
12;2021-03-13;896;138;27176;16961;9.8;6.1
12;2021-03-14;45;2;27221;16963;9.8;6.1
12;2021-03-15;559;156;27780;17119;10.0;6.1
12;2021-03-16;818;162;28598;17281;10.3;6.2
12;2021-03-17;1504;165;30102;17446;10.8;6.3
12;2021-03-18;996;251;31098;17697;11.2;6.4
12;2021-03-19;1383;279;32481;17976;11.7;6.5
12;2021-03-20;724;79;33205;18055;11.9;6.5
12;2021-03-21;264;10;33469;18065;12.0;6.5
12;2021-03-22;606;174;34075;18239;12.2;6.6
12;2021-03-23;1214;174;35289;18413;12.7;6.6
12;2021-03-24;1421;204;36710;18617;13.2;6.7
12;2021-03-25;1846;204;38556;18821;13.9;6.8
12;2021-03-26;1977;226;40533;19047;14.6;6.8
12;2021-03-27;981;66;41514;19113;14.9;6.9
12;2021-03-28;60;1;41574;19114;14.9;6.9
12;2021-03-29;962;84;42536;19198;15.3;6.9
12;2021-03-30;1736;122;44272;19320;15.9;6.9
12;2021-03-31;1461;107;45733;19427;16.4;7.0
12;2021-04-01;1958;161;47691;19588;17.1;7.0
12;2021-04-02;1615;344;49306;19932;17.7;7.2
12;2021-04-03;882;95;50188;20027;18.0;7.2
12;2021-04-04;1;0;50189;20027;18.0;7.2
12;2021-04-05;645;11;50834;20038;18.3;7.2
12;2021-04-06;1154;536;51988;20574;18.7;7.4
12;2021-04-07;1649;634;53637;21208;19.3;7.6
12;2021-04-08;2098;564;55735;21772;20.0;7.8
12;2021-04-09;2112;645;57847;22417;20.8;8.1
12;2021-04-10;1427;219;59274;22636;21.3;8.1
12;2021-04-11;120;1;59394;22637;21.3;8.1
12;2021-04-12;1837;503;61231;23140;22.0;8.3
12;2021-04-13;1907;779;63138;23919;22.7;8.6
12;2021-04-14;1831;1319;64969;25238;23.3;9.1
12;2021-04-15;1937;898;66906;26136;24.0;9.4
12;2021-04-16;1675;1205;68581;27341;24.6;9.8
12;2021-04-17;1554;567;70135;27908;25.2;10.0
12;2021-04-18;0;0;70135;27908;25.2;10.0
12;2021-04-19;1687;548;71822;28456;25.8;10.2
12;2021-04-20;1545;984;73367;29440;26.4;10.6
12;2021-04-21;1692;1181;75059;30621;27.0;11.0
12;2021-04-22;1690;1095;76749;31716;27.6;11.4
12;2021-04-23;1383;1333;78132;33049;28.1;11.9
12;2021-04-24;1451;720;79583;33769;28.6;12.1
12;2021-04-25;60;0;79643;33769;28.6;12.1
12;2021-04-26;1461;899;81104;34668;29.1;12.5
12;2021-04-27;1320;1279;82424;35947;29.6;12.9
12;2021-04-28;1113;1870;83537;37817;30.0;13.6
12;2021-04-29;1571;1912;85108;39729;30.6;14.3
12;2021-04-30;1812;1836;86920;41565;31.2;14.9
12;2021-05-01;1616;259;88536;41824;31.8;15.0
12;2021-05-02;8;0;88544;41824;31.8;15.0
12;2021-05-03;1713;1248;90257;43072;32.4;15.5
12;2021-05-04;1482;1392;91739;44464;33.0;16.0
12;2021-05-05;1292;1673;93031;46137;33.4;16.6
12;2021-05-06;1753;1376;94784;47513;34.1;17.1
12;2021-05-07;1482;1776;96266;49289;34.6;17.7
12;2021-05-08;1330;461;97596;49750;35.1;17.9
12;2021-05-09;13;34;97609;49784;35.1;17.9
12;2021-05-10;827;2217;98436;52001;35.4;18.7
12;2021-05-11;930;1853;99366;53854;35.7;19.3
12;2021-05-12;950;1821;100316;55675;36.0;20.0
12;2021-05-13;1587;809;101903;56484;36.6;20.3
12;2021-05-14;1236;1533;103139;58017;37.1;20.8
12;2021-05-15;1068;1114;104207;59131;37.4;21.2
12;2021-05-16;2;19;104209;59150;37.4;21.2
12;2021-05-17;1082;1810;105291;60960;37.8;21.9
12;2021-05-18;1426;1534;106717;62494;38.3;22.5
12;2021-05-19;1915;1330;108632;63824;39.0;22.9
12;2021-05-20;2118;874;110750;64698;39.8;23.2
12;2021-05-21;1821;1252;112571;65950;40.4;23.7
12;2021-05-22;1206;1014;113777;66964;40.9;24.1
12;2021-05-23;7;12;113784;66976;40.9;24.1
12;2021-05-24;1956;538;115740;67514;41.6;24.3
12;2021-05-25;1743;1160;117483;68674;42.2;24.7
12;2021-05-26;1998;777;119481;69451;42.9;25.0
12;2021-05-27;2164;744;121645;70195;43.7;25.2
12;2021-05-28;1928;1031;123573;71226;44.4;25.6
12;2021-05-29;1637;804;125210;72030;45.0;25.9
12;2021-05-30;9;43;125219;72073;45.0;25.9
12;2021-05-31;1699;816;126918;72889;45.6;26.2
12;2021-06-01;1889;1028;128807;73917;46.3;26.6
12;2021-06-02;1979;1053;130786;74970;47.0;26.9
12;2021-06-03;2121;830;132907;75800;47.7;27.2
12;2021-06-04;1967;1418;134874;77218;48.5;27.7
12;2021-06-05;1739;985;136613;78203;49.1;28.1
12;2021-06-06;5;6;136618;78209;49.1;28.1
12;2021-06-07;1090;1805;137708;80014;49.5;28.7
12;2021-06-08;1333;1201;139041;81215;50.0;29.2
12;2021-06-09;896;1291;139937;82506;50.3;29.6
12;2021-06-10;1021;918;140958;83424;50.6;30.0
12;2021-06-11;1204;2080;142162;85504;51.1;30.7
12;2021-06-12;1033;1321;143195;86825;51.4;31.2
12;2021-06-13;6;47;143201;86872;51.4;31.2
12;2021-06-14;662;1828;143863;88700;51.7;31.9
12;2021-06-15;745;1882;144608;90582;51.9;32.5
12;2021-06-16;821;1817;145429;92399;52.2;33.2
12;2021-06-17;678;995;146107;93394;52.5;33.6
12;2021-06-18;1134;1839;147241;95233;52.9;34.2
12;2021-06-19;914;1406;148155;96639;53.2;34.7
12;2021-06-20;4;10;148159;96649;53.2;34.7
12;2021-06-21;510;1738;148669;98387;53.4;35.3
12;2021-06-22;503;1474;149172;99861;53.6;35.9
12;2021-06-23;578;1306;149750;101167;53.8;36.3
12;2021-06-24;249;545;149999;101712;53.9;36.5
12;2021-06-25;874;1839;150873;103551;54.2;37.2
12;2021-06-26;673;1527;151546;105078;54.4;37.7
12;2021-06-27;1;9;151547;105087;54.4;37.8
12;2021-06-28;468;2452;152015;107539;54.6;38.6
12;2021-06-29;565;1957;152580;109496;54.8;39.3
12;2021-06-30;830;2133;153410;111629;55.1;40.1
12;2021-07-01;343;1086;153753;112715;55.2;40.5
12;2021-07-02;795;2626;154548;115341;55.5;41.4
12;2021-07-03;565;1873;155113;117214;55.7;42.1
12;2021-07-04;1;0;155114;117214;55.7;42.1
12;2021-07-05;440;2409;155554;119623;55.9;43.0
12;2021-07-06;640;2497;156194;122120;56.1;43.9
12;2021-07-07;687;2119;156881;124239;56.4;44.6
12;2021-07-08;293;912;157174;125151;56.5;45.0
12;2021-07-09;724;2589;157898;127740;56.7;45.9
12;2021-07-10;444;2076;158342;129816;56.9;46.6
12;2021-07-11;0;0;158342;129816;56.9;46.6
12;2021-07-12;582;2436;158924;132252;57.1;47.5
12;2021-07-13;840;2589;159764;134841;57.4;48.4
12;2021-07-14;44;25;159808;134866;57.4;48.5
12;2021-07-15;791;2108;160599;136974;57.7;49.2
12;2021-07-16;1247;2554;161846;139528;58.1;50.1
12;2021-07-17;790;2006;162636;141534;58.4;50.8
12;2021-07-18;24;11;162660;141545;58.4;50.8
12;2021-07-19;1318;2007;163978;143552;58.9;51.6
12;2021-07-20;1422;1472;165400;145024;59.4;52.1
12;2021-07-21;1014;938;166414;145962;59.8;52.4
12;2021-07-22;2226;1308;168640;147270;60.6;52.9
12;2021-07-23;1863;2068;170503;149338;61.3;53.6
12;2021-07-24;1602;1566;172105;150904;61.8;54.2
12;2021-07-25;96;28;172201;150932;61.9;54.2
12;2021-07-26;1923;1436;174124;152368;62.6;54.7
12;2021-07-27;2232;1005;176356;153373;63.4;55.1
12;2021-07-28;1703;675;178059;154048;64.0;55.3
12;2021-07-29;1173;803;179232;154851;64.4;55.6
12;2021-07-30;2489;1284;181721;156135;65.3;56.1
12;2021-07-31;1954;1004;183675;157139;66.0;56.5
12;2021-08-01;224;38;183899;157177;66.1;56.5
12;2021-08-02;1807;837;185706;158014;66.7;56.8
12;2021-08-03;1948;773;187654;158787;67.4;57.0
12;2021-08-04;1681;830;189335;159617;68.0;57.3
12;2021-08-05;1626;682;190961;160299;68.6;57.6
12;2021-08-06;1696;1309;192657;161608;69.2;58.1
12;2021-08-07;1436;739;194093;162347;69.7;58.3
12;2021-08-08;0;3;194093;162350;69.7;58.3
12;2021-08-09;1341;1417;195434;163767;70.2;58.8
12;2021-08-10;1338;1253;196772;165020;70.7;59.3
12;2021-08-11;814;1195;197586;166215;71.0;59.7
12;2021-08-12;730;1070;198316;167285;71.2;60.1
12;2021-08-13;1046;1336;199362;168621;71.6;60.6
12;2021-08-14;730;1353;200092;169974;71.9;61.1
12;2021-08-15;254;73;200346;170047;72.0;61.1
12;2021-08-16;665;1809;201011;171856;72.2;61.7
12;2021-08-17;902;1990;201913;173846;72.5;62.5
12;2021-08-18;450;1520;202363;175366;72.7;63.0
12;2021-08-19;631;1114;202994;176480;72.9;63.4
13;2020-12-27;3;0;3;0;0.0;0.0
13;2020-12-28;3;0;6;0;0.0;0.0
13;2020-12-29;0;0;6;0;0.0;0.0
13;2020-12-30;0;0;6;0;0.0;0.0
13;2020-12-31;5;0;11;0;0.0;0.0
13;2021-01-01;3;0;14;0;0.0;0.0
13;2021-01-02;4;0;18;0;0.0;0.0
13;2021-01-03;8;0;26;0;0.0;0.0
13;2021-01-04;0;0;26;0;0.0;0.0
13;2021-01-05;78;1;104;1;0.0;0.0
13;2021-01-06;122;0;226;1;0.0;0.0
13;2021-01-07;174;1;400;2;0.0;0.0
13;2021-01-08;188;0;588;2;0.0;0.0
13;2021-01-09;12;0;600;2;0.0;0.0
13;2021-01-10;3;0;603;2;0.0;0.0
13;2021-01-11;480;1;1083;3;0.1;0.0
13;2021-01-12;814;1;1897;4;0.1;0.0
13;2021-01-13;1085;1;2982;5;0.1;0.0
13;2021-01-14;1568;17;4550;22;0.2;0.0
13;2021-01-15;1534;7;6084;29;0.3;0.0
13;2021-01-16;407;2;6491;31;0.3;0.0
13;2021-01-17;43;0;6534;31;0.3;0.0
13;2021-01-18;2383;9;8917;40;0.4;0.0
13;2021-01-19;7408;33;16325;73;0.8;0.0
13;2021-01-20;5559;16;21884;89;1.1;0.0
13;2021-01-21;5354;25;27238;114;1.3;0.0
13;2021-01-22;3997;20;31235;134;1.5;0.0
13;2021-01-23;1336;6;32571;140;1.6;0.0
13;2021-01-24;490;4;33061;144;1.6;0.0
13;2021-01-25;2338;28;35399;172;1.7;0.0
13;2021-01-26;2951;91;38350;263;1.9;0.0
13;2021-01-27;3117;123;41467;386;2.0;0.0
13;2021-01-28;3245;193;44712;579;2.2;0.0
13;2021-01-29;2509;130;47221;709;2.3;0.0
13;2021-01-30;1022;11;48243;720;2.4;0.0
13;2021-01-31;249;0;48492;720;2.4;0.0
13;2021-02-01;1858;295;50350;1015;2.5;0.0
13;2021-02-02;2254;616;52604;1631;2.6;0.1
13;2021-02-03;1863;580;54467;2211;2.7;0.1
13;2021-02-04;1901;931;56368;3142;2.8;0.2
13;2021-02-05;2625;1558;58993;4700;2.9;0.2
13;2021-02-06;848;311;59841;5011;2.9;0.2
13;2021-02-07;275;6;60116;5017;3.0;0.2
13;2021-02-08;1898;1544;62014;6561;3.0;0.3
13;2021-02-09;3311;4444;65325;11005;3.2;0.5
13;2021-02-10;3223;3429;68548;14434;3.4;0.7
13;2021-02-11;3575;3586;72123;18020;3.5;0.9
13;2021-02-12;2826;3155;74949;21175;3.7;1.0
13;2021-02-13;733;597;75682;21772;3.7;1.1
13;2021-02-14;72;378;75754;22150;3.7;1.1
13;2021-02-15;966;2032;76720;24182;3.8;1.2
13;2021-02-16;1391;2639;78111;26821;3.8;1.3
13;2021-02-17;1345;3003;79456;29824;3.9;1.5
13;2021-02-18;1900;2693;81356;32517;4.0;1.6
13;2021-02-19;1514;2184;82870;34701;4.1;1.7
13;2021-02-20;457;791;83327;35492;4.1;1.7
13;2021-02-21;33;286;83360;35778;4.1;1.8
13;2021-02-22;1020;2263;84380;38041;4.1;1.9
13;2021-02-23;1282;2679;85662;40720;4.2;2.0
13;2021-02-24;1506;2630;87168;43350;4.3;2.1
13;2021-02-25;2382;2151;89550;45501;4.4;2.2
13;2021-02-26;2457;2118;92007;47619;4.5;2.3
13;2021-02-27;982;751;92989;48370;4.6;2.4
13;2021-02-28;193;205;93182;48575;4.6;2.4
13;2021-03-01;1917;1529;95099;50104;4.7;2.5
13;2021-03-02;3006;2627;98105;52731;4.8;2.6
13;2021-03-03;3487;2579;101592;55310;5.0;2.7
13;2021-03-04;4195;3134;105787;58444;5.2;2.9
13;2021-03-05;4044;2794;109831;61238;5.4;3.0
13;2021-03-06;5299;833;115130;62071;5.7;3.1
13;2021-03-07;4293;374;119423;62445;5.9;3.1
13;2021-03-08;3923;1998;123346;64443;6.1;3.2
13;2021-03-09;5071;2277;128417;66720;6.3;3.3
13;2021-03-10;5180;1988;133597;68708;6.6;3.4
13;2021-03-11;7302;2132;140899;70840;6.9;3.5
13;2021-03-12;8325;2106;149224;72946;7.3;3.6
13;2021-03-13;6374;727;155598;73673;7.6;3.6
13;2021-03-14;2312;165;157910;73838;7.8;3.6
13;2021-03-15;6356;1306;164266;75144;8.1;3.7
13;2021-03-16;5075;1532;169341;76676;8.3;3.8
13;2021-03-17;5174;1413;174515;78089;8.6;3.8
13;2021-03-18;5817;1876;180332;79965;8.9;3.9
13;2021-03-19;6804;1608;187136;81573;9.2;4.0
13;2021-03-20;4037;698;191173;82271;9.4;4.0
13;2021-03-21;724;84;191897;82355;9.4;4.0
13;2021-03-22;7299;1556;199196;83911;9.8;4.1
13;2021-03-23;9125;1748;208321;85659;10.2;4.2
13;2021-03-24;8856;2183;217177;87842;10.7;4.3
13;2021-03-25;10912;2110;228089;89952;11.2;4.4
13;2021-03-26;10709;1909;238798;91861;11.7;4.5
13;2021-03-27;4867;827;243665;92688;12.0;4.6
13;2021-03-28;1119;81;244784;92769;12.0;4.6
13;2021-03-29;7575;1994;252359;94763;12.4;4.7
13;2021-03-30;12611;2515;264970;97278;13.0;4.8
13;2021-03-31;10816;3159;275786;100437;13.6;4.9
13;2021-04-01;12264;3053;288050;103490;14.2;5.1
13;2021-04-02;9788;3892;297838;107382;14.6;5.3
13;2021-04-03;4008;2807;301846;110189;14.8;5.4
13;2021-04-04;629;305;302475;110494;14.9;5.4
13;2021-04-05;3530;724;306005;111218;15.0;5.5
13;2021-04-06;8517;4254;314522;115472;15.5;5.7
13;2021-04-07;10080;4688;324602;120160;16.0;5.9
13;2021-04-08;10111;5459;334713;125619;16.5;6.2
13;2021-04-09;11266;5106;345979;130725;17.0;6.4
13;2021-04-10;7301;2091;353280;132816;17.4;6.5
13;2021-04-11;1379;533;354659;133349;17.4;6.6
13;2021-04-12;7984;4787;362643;138136;17.8;6.8
13;2021-04-13;9141;5496;371784;143632;18.3;7.1
13;2021-04-14;9532;5816;381316;149448;18.7;7.3
13;2021-04-15;9874;5961;391190;155409;19.2;7.6
13;2021-04-16;9969;5566;401159;160975;19.7;7.9
13;2021-04-17;4080;2020;405239;162995;19.9;8.0
13;2021-04-18;2523;1423;407762;164418;20.0;8.1
13;2021-04-19;6452;6405;414214;170823;20.4;8.4
13;2021-04-20;7404;7597;421618;178420;20.7;8.8
13;2021-04-21;7777;7377;429395;185797;21.1;9.1
13;2021-04-22;8465;7927;437860;193724;21.5;9.5
13;2021-04-23;8378;6795;446238;200519;21.9;9.9
13;2021-04-24;4621;3819;450859;204338;22.2;10.0
13;2021-04-25;873;524;451732;204862;22.2;10.1
13;2021-04-26;6170;7117;457902;211979;22.5;10.4
13;2021-04-27;7261;8030;465163;220009;22.9;10.8
13;2021-04-28;9451;7713;474614;227722;23.3;11.2
13;2021-04-29;11405;7605;486019;235327;23.9;11.6
13;2021-04-30;10925;7380;496944;242707;24.4;11.9
13;2021-05-01;5368;3793;502312;246500;24.7;12.1
13;2021-05-02;2098;747;504410;247247;24.8;12.2
13;2021-05-03;7299;7858;511709;255105;25.2;12.5
13;2021-05-04;8452;8516;520161;263621;25.6;13.0
13;2021-05-05;8227;8971;528388;272592;26.0;13.4
13;2021-05-06;10140;8587;538528;281179;26.5;13.8
13;2021-05-07;8853;10039;547381;291218;26.9;14.3
13;2021-05-08;4572;3928;551953;295146;27.1;14.5
13;2021-05-09;936;684;552889;295830;27.2;14.5
13;2021-05-10;7715;8766;560604;304596;27.6;15.0
13;2021-05-11;10977;9577;571581;314173;28.1;15.4
13;2021-05-12;12841;8723;584422;322896;28.7;15.9
13;2021-05-13;9511;3636;593933;326532;29.2;16.0
13;2021-05-14;13660;6446;607593;332978;29.9;16.4
13;2021-05-15;10200;4529;617793;337507;30.4;16.6
13;2021-05-16;3125;789;620918;338296;30.5;16.6
13;2021-05-17;10844;6813;631762;345109;31.1;17.0
13;2021-05-18;11918;6471;643680;351580;31.6;17.3
13;2021-05-19;12157;6350;655837;357930;32.2;17.6
13;2021-05-20;13450;6460;669287;364390;32.9;17.9
13;2021-05-21;12998;6775;682285;371165;33.5;18.2
13;2021-05-22;7513;3633;689798;374798;33.9;18.4
13;2021-05-23;863;640;690661;375438;33.9;18.5
13;2021-05-24;6766;2475;697427;377913;34.3;18.6
13;2021-05-25;9275;7602;706702;385515;34.7;18.9
13;2021-05-26;10139;7840;716841;393355;35.2;19.3
13;2021-05-27;10349;8423;727190;401778;35.7;19.7
13;2021-05-28;8997;9175;736187;410953;36.2;20.2
13;2021-05-29;7177;4628;743364;415581;36.5;20.4
13;2021-05-30;891;527;744255;416108;36.6;20.5
13;2021-05-31;8191;8035;752446;424143;37.0;20.8
13;2021-06-01;9591;9306;762037;433449;37.5;21.3
13;2021-06-02;10085;8795;772122;442244;38.0;21.7
13;2021-06-03;12293;9492;784415;451736;38.6;22.2
13;2021-06-04;12033;10044;796448;461780;39.1;22.7
13;2021-06-05;7829;5579;804277;467359;39.5;23.0
13;2021-06-06;1671;883;805948;468242;39.6;23.0
13;2021-06-07;6685;9885;812633;478127;39.9;23.5
13;2021-06-08;8311;9992;820944;488119;40.4;24.0
13;2021-06-09;8399;9741;829343;497860;40.8;24.5
13;2021-06-10;8940;9771;838283;507631;41.2;25.0
13;2021-06-11;8235;12708;846518;520339;41.6;25.6
13;2021-06-12;5789;6707;852307;527046;41.9;25.9
13;2021-06-13;952;1215;853259;528261;41.9;26.0
13;2021-06-14;6005;11142;859264;539403;42.2;26.5
13;2021-06-15;7289;11403;866553;550806;42.6;27.1
13;2021-06-16;7341;9880;873894;560686;43.0;27.6
13;2021-06-17;7436;10709;881330;571395;43.3;28.1
13;2021-06-18;7537;11080;888867;582475;43.7;28.6
13;2021-06-19;4612;7496;893479;589971;43.9;29.0
13;2021-06-20;955;1046;894434;591017;44.0;29.1
13;2021-06-21;4470;12267;898904;603284;44.2;29.7
13;2021-06-22;4936;13874;903840;617158;44.4;30.3
13;2021-06-23;5146;13568;908986;630726;44.7;31.0
13;2021-06-24;5333;12850;914319;643576;44.9;31.6
13;2021-06-25;5259;14681;919578;658257;45.2;32.4
13;2021-06-26;3020;9681;922598;667938;45.3;32.8
13;2021-06-27;535;931;923133;668869;45.4;32.9
13;2021-06-28;3731;12554;926864;681423;45.6;33.5
13;2021-06-29;4490;12903;931354;694326;45.8;34.1
13;2021-06-30;4894;12691;936248;707017;46.0;34.8
13;2021-07-01;5533;11482;941781;718499;46.3;35.3
13;2021-07-02;5568;12401;947349;730900;46.6;35.9
13;2021-07-03;3501;9162;950850;740062;46.7;36.4
13;2021-07-04;475;867;951325;740929;46.8;36.4
13;2021-07-05;3863;11778;955188;752707;47.0;37.0
13;2021-07-06;5456;11680;960644;764387;47.2;37.6
13;2021-07-07;5644;10695;966288;775082;47.5;38.1
13;2021-07-08;6224;10316;972512;785398;47.8;38.6
13;2021-07-09;5930;11916;978442;797314;48.1;39.2
13;2021-07-10;3167;8638;981609;805952;48.2;39.6
13;2021-07-11;435;1011;982044;806963;48.3;39.7
13;2021-07-12;4483;10960;986527;817923;48.5;40.2
13;2021-07-13;8961;13155;995488;831078;48.9;40.8
13;2021-07-14;5601;4849;1001089;835927;49.2;41.1
13;2021-07-15;11411;12925;1012500;848852;49.8;41.7
13;2021-07-16;12180;12896;1024680;861748;50.4;42.4
13;2021-07-17;6580;8476;1031260;870224;50.7;42.8
13;2021-07-18;723;1060;1031983;871284;50.7;42.8
13;2021-07-19;9792;11132;1041775;882416;51.2;43.4
13;2021-07-20;12231;11637;1054006;894053;51.8;43.9
13;2021-07-21;12650;10310;1066656;904363;52.4;44.5
13;2021-07-22;14521;10398;1081177;914761;53.1;45.0
13;2021-07-23;14434;10914;1095611;925675;53.9;45.5
13;2021-07-24;8314;7968;1103925;933643;54.3;45.9
13;2021-07-25;1009;785;1104934;934428;54.3;45.9
13;2021-07-26;11602;9071;1116536;943499;54.9;46.4
13;2021-07-27;13521;9342;1130057;952841;55.5;46.8
13;2021-07-28;12283;8155;1142340;960996;56.1;47.2
13;2021-07-29;13768;8094;1156108;969090;56.8;47.6
13;2021-07-30;13600;8600;1169708;977690;57.5;48.1
13;2021-07-31;8648;5816;1178356;983506;57.9;48.3
13;2021-08-01;1102;720;1179458;984226;58.0;48.4
13;2021-08-02;9951;6654;1189409;990880;58.5;48.7
13;2021-08-03;10929;7245;1200338;998125;59.0;49.1
13;2021-08-04;9351;6521;1209689;1004646;59.5;49.4
13;2021-08-05;9357;7487;1219046;1012133;59.9;49.7
13;2021-08-06;9072;8973;1228118;1021106;60.4;50.2
13;2021-08-07;5387;5530;1233505;1026636;60.6;50.5
13;2021-08-08;891;793;1234396;1027429;60.7;50.5
13;2021-08-09;8239;9016;1242635;1036445;61.1;50.9
13;2021-08-10;8943;8844;1251578;1045289;61.5;51.4
13;2021-08-11;7723;8477;1259301;1053766;61.9;51.8
13;2021-08-12;7575;9599;1266876;1063365;62.3;52.3
13;2021-08-13;6791;9103;1273667;1072468;62.6;52.7
13;2021-08-14;3667;6423;1277334;1078891;62.8;53.0
13;2021-08-15;468;726;1277802;1079617;62.8;53.1
13;2021-08-16;6380;10999;1284182;1090616;63.1;53.6
13;2021-08-17;6595;10545;1290777;1101161;63.4;54.1
13;2021-08-18;6227;10095;1297004;1111256;63.8;54.6
13;2021-08-19;6495;10484;1303499;1121740;64.1;55.1
14;2020-12-27;0;0;0;0;0.0;0.0
14;2020-12-28;1;1;1;1;0.0;0.0
14;2020-12-29;0;0;1;1;0.0;0.0
14;2020-12-30;0;0;1;1;0.0;0.0
14;2020-12-31;3;0;4;1;0.0;0.0
14;2021-01-01;1;0;5;1;0.0;0.0
14;2021-01-02;1;0;6;1;0.0;0.0
14;2021-01-03;0;0;6;1;0.0;0.0
14;2021-01-04;10;0;16;1;0.0;0.0
14;2021-01-05;24;0;40;1;0.0;0.0
14;2021-01-06;349;0;389;1;0.1;0.0
14;2021-01-07;400;2;789;3;0.1;0.0
14;2021-01-08;626;2;1415;5;0.2;0.0
14;2021-01-09;127;0;1542;5;0.2;0.0
14;2021-01-10;41;0;1583;5;0.2;0.0
14;2021-01-11;667;1;2250;6;0.3;0.0
14;2021-01-12;947;2;3197;8;0.5;0.0
14;2021-01-13;850;1;4047;9;0.6;0.0
14;2021-01-14;2826;17;6873;26;1.0;0.0
14;2021-01-15;1893;20;8766;46;1.3;0.0
14;2021-01-16;271;2;9037;48;1.3;0.0
14;2021-01-17;145;7;9182;55;1.3;0.0
14;2021-01-18;1085;4;10267;59;1.5;0.0
14;2021-01-19;1152;2;11419;61;1.7;0.0
14;2021-01-20;1987;4;13406;65;1.9;0.0
14;2021-01-21;1813;6;15219;71;2.2;0.0
14;2021-01-22;1492;3;16711;74;2.4;0.0
14;2021-01-23;297;1;17008;75;2.5;0.0
14;2021-01-24;72;0;17080;75;2.5;0.0
14;2021-01-25;911;10;17991;85;2.6;0.0
14;2021-01-26;848;37;18839;122;2.7;0.0
14;2021-01-27;882;158;19721;280;2.9;0.0
14;2021-01-28;782;143;20503;423;3.0;0.1
14;2021-01-29;782;227;21285;650;3.1;0.1
14;2021-01-30;269;12;21554;662;3.1;0.1
14;2021-01-31;58;3;21612;665;3.1;0.1
14;2021-02-01;727;229;22339;894;3.2;0.1
14;2021-02-02;826;424;23165;1318;3.4;0.2
14;2021-02-03;751;388;23916;1706;3.5;0.2
14;2021-02-04;1170;2060;25086;3766;3.6;0.5
14;2021-02-05;1294;1316;26380;5082;3.8;0.7
14;2021-02-06;394;240;26774;5322;3.9;0.8
14;2021-02-07;179;72;26953;5394;3.9;0.8
14;2021-02-08;774;825;27727;6219;4.0;0.9
14;2021-02-09;721;1010;28448;7229;4.1;1.0
14;2021-02-10;824;1609;29272;8838;4.2;1.3
14;2021-02-11;1352;1430;30624;10268;4.4;1.5
14;2021-02-12;1380;1082;32004;11350;4.6;1.6
14;2021-02-13;308;187;32312;11537;4.7;1.7
14;2021-02-14;84;65;32396;11602;4.7;1.7
14;2021-02-15;442;1083;32838;12685;4.7;1.8
14;2021-02-16;679;978;33517;13663;4.8;2.0
14;2021-02-17;405;982;33922;14645;4.9;2.1
14;2021-02-18;705;884;34627;15529;5.0;2.2
14;2021-02-19;733;782;35360;16311;5.1;2.4
14;2021-02-20;88;271;35448;16582;5.1;2.4
14;2021-02-21;6;90;35454;16672;5.1;2.4
14;2021-02-22;431;1045;35885;17717;5.2;2.6
14;2021-02-23;486;921;36371;18638;5.3;2.7
14;2021-02-24;439;893;36810;19531;5.3;2.8
14;2021-02-25;1223;1177;38033;20708;5.5;3.0
14;2021-02-26;1576;1167;39609;21875;5.7;3.2
14;2021-02-27;507;268;40116;22143;5.8;3.2
14;2021-02-28;27;41;40143;22184;5.8;3.2
14;2021-03-01;521;927;40664;23111;5.9;3.3
14;2021-03-02;967;809;41631;23920;6.0;3.5
14;2021-03-03;1078;837;42709;24757;6.2;3.6
14;2021-03-04;1947;789;44656;25546;6.5;3.7
14;2021-03-05;2429;873;47085;26419;6.8;3.8
14;2021-03-06;3075;205;50160;26624;7.3;3.9
14;2021-03-07;1196;63;51356;26687;7.4;3.9
14;2021-03-08;1249;814;52605;27501;7.6;4.0
14;2021-03-09;1741;698;54346;28199;7.9;4.1
14;2021-03-10;1834;590;56180;28789;8.1;4.2
14;2021-03-11;2757;475;58937;29264;8.5;4.2
14;2021-03-12;4045;569;62982;29833;9.1;4.3
14;2021-03-13;1853;176;64835;30009;9.4;4.3
14;2021-03-14;31;39;64866;30048;9.4;4.3
14;2021-03-15;2005;141;66871;30189;9.7;4.4
14;2021-03-16;1402;277;68273;30466;9.9;4.4
14;2021-03-17;1155;196;69428;30662;10.0;4.4
14;2021-03-18;1479;305;70907;30967;10.3;4.5
14;2021-03-19;2607;268;73514;31235;10.6;4.5
14;2021-03-20;2657;40;76171;31275;11.0;4.5
14;2021-03-21;454;8;76625;31283;11.1;4.5
14;2021-03-22;1873;361;78498;31644;11.4;4.6
14;2021-03-23;2176;323;80674;31967;11.7;4.6
14;2021-03-24;2432;195;83106;32162;12.0;4.7
14;2021-03-25;3291;321;86397;32483;12.5;4.7
14;2021-03-26;4608;472;91005;32955;13.2;4.8
14;2021-03-27;2231;230;93236;33185;13.5;4.8
14;2021-03-28;36;1;93272;33186;13.5;4.8
14;2021-03-29;1613;482;94885;33668;13.7;4.9
14;2021-03-30;2722;516;97607;34184;14.1;4.9
14;2021-03-31;2324;923;99931;35107;14.5;5.1
14;2021-04-01;4174;1680;104105;36787;15.1;5.3
14;2021-04-02;3867;1269;107972;38056;15.6;5.5
14;2021-04-03;1128;1203;109100;39259;15.8;5.7
14;2021-04-04;25;482;109125;39741;15.8;5.7
14;2021-04-05;1218;322;110343;40063;16.0;5.8
14;2021-04-06;2383;995;112726;41058;16.3;5.9
14;2021-04-07;2729;1033;115455;42091;16.7;6.1
14;2021-04-08;4300;1121;119755;43212;17.3;6.2
14;2021-04-09;6031;1179;125786;44391;18.2;6.4
14;2021-04-10;2895;435;128681;44826;18.6;6.5
14;2021-04-11;628;121;129309;44947;18.7;6.5
14;2021-04-12;2915;1585;132224;46532;19.1;6.7
14;2021-04-13;3471;1448;135695;47980;19.6;6.9
14;2021-04-14;3121;1169;138816;49149;20.1;7.1
14;2021-04-15;4399;1514;143215;50663;20.7;7.3
14;2021-04-16;4600;1561;147815;52224;21.4;7.6
14;2021-04-17;2313;1665;150128;53889;21.7;7.8
14;2021-04-18;539;327;150667;54216;21.8;7.8
14;2021-04-19;2758;1707;153425;55923;22.2;8.1
14;2021-04-20;3390;1834;156815;57757;22.7;8.4
14;2021-04-21;3012;1472;159827;59229;23.1;8.6
14;2021-04-22;4227;2087;164054;61316;23.7;8.9
14;2021-04-23;4646;2296;168700;63612;24.4;9.2
14;2021-04-24;1851;1756;170551;65368;24.7;9.5
14;2021-04-25;456;28;171007;65396;24.7;9.5
14;2021-04-26;3378;1569;174385;66965;25.2;9.7
14;2021-04-27;3504;2575;177889;69540;25.7;10.1
14;2021-04-28;3244;1896;181133;71436;26.2;10.3
14;2021-04-29;4545;2308;185678;73744;26.9;10.7
14;2021-04-30;5123;2643;190801;76387;27.6;11.0
14;2021-05-01;3554;196;194355;76583;28.1;11.1
14;2021-05-02;1237;55;195592;76638;28.3;11.1
14;2021-05-03;2484;2771;198076;79409;28.6;11.5
14;2021-05-04;3127;2914;201203;82323;29.1;11.9
14;2021-05-05;3687;2756;204890;85079;29.6;12.3
14;2021-05-06;4931;3488;209821;88567;30.3;12.8
14;2021-05-07;4866;3855;214687;92422;31.0;13.4
14;2021-05-08;2728;1264;217415;93686;31.4;13.5
14;2021-05-09;1915;668;219330;94354;31.7;13.6
14;2021-05-10;3635;3151;222965;97505;32.2;14.1
14;2021-05-11;4348;3607;227313;101112;32.9;14.6
14;2021-05-12;4050;3218;231363;104330;33.5;15.1
14;2021-05-13;4691;1131;236054;105461;34.1;15.3
14;2021-05-14;6675;2631;242729;108092;35.1;15.6
14;2021-05-15;5144;778;247873;108870;35.8;15.7
14;2021-05-16;2319;121;250192;108991;36.2;15.8
14;2021-05-17;2821;2263;253013;111254;36.6;16.1
14;2021-05-18;4090;2243;257103;113497;37.2;16.4
14;2021-05-19;3753;2019;260856;115516;37.7;16.7
14;2021-05-20;4480;2768;265336;118284;38.4;17.1
14;2021-05-21;4274;3529;269610;121813;39.0;17.6
14;2021-05-22;1670;866;271280;122679;39.2;17.7
14;2021-05-23;649;71;271929;122750;39.3;17.8
14;2021-05-24;2845;750;274774;123500;39.7;17.9
14;2021-05-25;3633;3387;278407;126887;40.3;18.4
14;2021-05-26;3435;2407;281842;129294;40.8;18.7
14;2021-05-27;4770;3241;286612;132535;41.5;19.2
14;2021-05-28;5093;3892;291705;136427;42.2;19.7
14;2021-05-29;2341;2457;294046;138884;42.5;20.1
14;2021-05-30;761;239;294807;139123;42.6;20.1
14;2021-05-31;4093;2967;298900;142090;43.2;20.5
14;2021-06-01;5741;3218;304641;145308;44.1;21.0
14;2021-06-02;5029;2858;309670;148166;44.8;21.4
14;2021-06-03;6661;4017;316331;152183;45.7;22.0
14;2021-06-04;6445;5136;322776;157319;46.7;22.8
14;2021-06-05;4357;1865;327133;159184;47.3;23.0
14;2021-06-06;2041;83;329174;159267;47.6;23.0
14;2021-06-07;4250;3451;333424;162718;48.2;23.5
14;2021-06-08;5238;3131;338662;165849;49.0;24.0
14;2021-06-09;4274;2969;342936;168818;49.6;24.4
14;2021-06-10;5081;2974;348017;171792;50.3;24.8
14;2021-06-11;4842;4888;352859;176680;51.0;25.6
14;2021-06-12;3680;4513;356539;181193;51.6;26.2
14;2021-06-13;849;1090;357388;182283;51.7;26.4
14;2021-06-14;2186;3793;359574;186076;52.0;26.9
14;2021-06-15;3315;3973;362889;190049;52.5;27.5
14;2021-06-16;3448;4557;366337;194606;53.0;28.1
14;2021-06-17;4235;5270;370572;199876;53.6;28.9
14;2021-06-18;3734;6119;374306;205995;54.1;29.8
14;2021-06-19;2591;2953;376897;208948;54.5;30.2
14;2021-06-20;579;1556;377476;210504;54.6;30.4
14;2021-06-21;2123;4360;379599;214864;54.9;31.1
14;2021-06-22;2584;5180;382183;220044;55.3;31.8
14;2021-06-23;2501;4348;384684;224392;55.6;32.5
14;2021-06-24;3451;5808;388135;230200;56.1;33.3
14;2021-06-25;2749;7275;390884;237475;56.5;34.3
14;2021-06-26;2176;4540;393060;242015;56.8;35.0
14;2021-06-27;440;1829;393500;243844;56.9;35.3
14;2021-06-28;1311;3971;394811;247815;57.1;35.8
14;2021-06-29;1788;5367;396599;253182;57.4;36.6
14;2021-06-30;2022;4619;398621;257801;57.6;37.3
14;2021-07-01;2932;5068;401553;262869;58.1;38.0
14;2021-07-02;2596;6668;404149;269537;58.4;39.0
14;2021-07-03;1429;2646;405578;272183;58.7;39.4
14;2021-07-04;421;713;405999;272896;58.7;39.5
14;2021-07-05;1191;4778;407190;277674;58.9;40.2
14;2021-07-06;2092;6003;409282;283677;59.2;41.0
14;2021-07-07;2258;4576;411540;288253;59.5;41.7
14;2021-07-08;2909;5523;414449;293776;59.9;42.5
14;2021-07-09;2767;6436;417216;300212;60.3;43.4
14;2021-07-10;2040;3201;419256;303413;60.6;43.9
14;2021-07-11;900;872;420156;304285;60.8;44.0
14;2021-07-12;1635;5899;421791;310184;61.0;44.9
14;2021-07-13;3075;7338;424866;317522;61.4;45.9
14;2021-07-14;2258;3060;427124;320582;61.8;46.4
14;2021-07-15;4165;7658;431289;328240;62.4;47.5
14;2021-07-16;4704;7697;435993;335937;63.1;48.6
14;2021-07-17;2115;4208;438108;340145;63.4;49.2
14;2021-07-18;820;1868;438928;342013;63.5;49.5
14;2021-07-19;2588;6123;441516;348136;63.9;50.3
14;2021-07-20;3242;7257;444758;355393;64.3;51.4
14;2021-07-21;4100;5844;448858;361237;64.9;52.2
14;2021-07-22;4833;6605;453691;367842;65.6;53.2
14;2021-07-23;5372;6769;459063;374611;66.4;54.2
14;2021-07-24;3076;3794;462139;378405;66.8;54.7
14;2021-07-25;1502;1246;463641;379651;67.1;54.9
14;2021-07-26;4668;4187;468309;383838;67.7;55.5
14;2021-07-27;5381;4362;473690;388200;68.5;56.1
14;2021-07-28;5096;3974;478786;392174;69.2;56.7
14;2021-07-29;6411;4881;485197;397055;70.2;57.4
14;2021-07-30;5801;5169;490998;402224;71.0;58.2
14;2021-07-31;2762;2507;493760;404731;71.4;58.5
14;2021-08-01;1890;935;495650;405666;71.7;58.7
14;2021-08-02;3882;4292;499532;409958;72.2;59.3
14;2021-08-03;4451;4165;503983;414123;72.9;59.9
14;2021-08-04;4521;3538;508504;417661;73.5;60.4
14;2021-08-05;4629;4031;513133;421692;74.2;61.0
14;2021-08-06;4413;4807;517546;426499;74.8;61.7
14;2021-08-07;2125;2297;519671;428796;75.2;62.0
14;2021-08-08;635;853;520306;429649;75.2;62.1
14;2021-08-09;2125;2879;522431;432528;75.6;62.6
14;2021-08-10;3647;4173;526078;436701;76.1;63.2
14;2021-08-11;3055;3458;529133;440159;76.5;63.7
14;2021-08-12;3466;4339;532599;444498;77.0;64.3
14;2021-08-13;2621;4126;535220;448624;77.4;64.9
14;2021-08-14;1408;2000;536628;450624;77.6;65.2
14;2021-08-15;388;1481;537016;452105;77.7;65.4
14;2021-08-16;1821;2774;538837;454879;77.9;65.8
14;2021-08-17;2257;4561;541094;459440;78.3;66.4
14;2021-08-18;2055;4520;543149;463960;78.6;67.1
14;2021-08-19;2309;5077;545458;469037;78.9;67.8
15;2020-12-27;2;0;2;0;0.0;0.0
15;2020-12-28;0;0;2;0;0.0;0.0
15;2020-12-29;0;0;2;0;0.0;0.0
15;2020-12-30;0;0;2;0;0.0;0.0
15;2020-12-31;0;0;2;0;0.0;0.0
15;2021-01-01;1;0;3;0;0.0;0.0
15;2021-01-02;0;0;3;0;0.0;0.0
15;2021-01-03;0;0;3;0;0.0;0.0
15;2021-01-04;0;0;3;0;0.0;0.0
15;2021-01-05;0;0;3;0;0.0;0.0
15;2021-01-06;0;0;3;0;0.0;0.0
15;2021-01-07;72;0;75;0;0.1;0.0
15;2021-01-08;110;0;185;0;0.1;0.0
15;2021-01-09;0;0;185;0;0.1;0.0
15;2021-01-10;2;0;187;0;0.1;0.0
15;2021-01-11;99;0;286;0;0.2;0.0
15;2021-01-12;94;0;380;0;0.3;0.0
15;2021-01-13;230;0;610;0;0.4;0.0
15;2021-01-14;309;1;919;1;0.6;0.0
15;2021-01-15;138;0;1057;1;0.7;0.0
15;2021-01-16;90;0;1147;1;0.8;0.0
15;2021-01-17;0;0;1147;1;0.8;0.0
15;2021-01-18;404;2;1551;3;1.1;0.0
15;2021-01-19;550;0;2101;3;1.5;0.0
15;2021-01-20;627;1;2728;4;1.9;0.0
15;2021-01-21;576;4;3304;8;2.3;0.0
15;2021-01-22;503;2;3807;10;2.7;0.0
15;2021-01-23;432;1;4239;11;3.0;0.0
15;2021-01-24;6;0;4245;11;3.0;0.0
15;2021-01-25;400;0;4645;11;3.3;0.0
15;2021-01-26;437;0;5082;11;3.6;0.0
15;2021-01-27;735;7;5817;18;4.1;0.0
15;2021-01-28;624;53;6441;71;4.5;0.0
15;2021-01-29;334;82;6775;153;4.7;0.1
15;2021-01-30;218;3;6993;156;4.9;0.1
15;2021-01-31;1;1;6994;157;4.9;0.1
15;2021-02-01;238;89;7232;246;5.1;0.2
15;2021-02-02;188;91;7420;337;5.2;0.2
15;2021-02-03;266;159;7686;496;5.4;0.3
15;2021-02-04;663;205;8349;701;5.8;0.5
15;2021-02-05;297;256;8646;957;6.1;0.7
15;2021-02-06;98;76;8744;1033;6.1;0.7
15;2021-02-07;0;0;8744;1033;6.1;0.7
15;2021-02-08;233;107;8977;1140;6.3;0.8
15;2021-02-09;205;119;9182;1259;6.4;0.9
15;2021-02-10;338;300;9520;1559;6.7;1.1
15;2021-02-11;117;239;9637;1798;6.7;1.3
15;2021-02-12;136;160;9773;1958;6.8;1.4
15;2021-02-13;92;78;9865;2036;6.9;1.4
15;2021-02-14;0;0;9865;2036;6.9;1.4
15;2021-02-15;63;215;9928;2251;7.0;1.6
15;2021-02-16;52;295;9980;2546;7.0;1.8
15;2021-02-17;134;474;10114;3020;7.1;2.1
15;2021-02-18;87;749;10201;3769;7.1;2.6
15;2021-02-19;90;431;10291;4200;7.2;2.9
15;2021-02-20;20;259;10311;4459;7.2;3.1
15;2021-02-21;0;0;10311;4459;7.2;3.1
15;2021-02-22;23;497;10334;4956;7.2;3.5
15;2021-02-23;180;457;10514;5413;7.4;3.8
15;2021-02-24;31;456;10545;5869;7.4;4.1
15;2021-02-25;228;1002;10773;6871;7.5;4.8
15;2021-02-26;186;476;10959;7347;7.7;5.1
15;2021-02-27;146;88;11105;7435;7.8;5.2
15;2021-02-28;1;0;11106;7435;7.8;5.2
15;2021-03-01;121;222;11227;7657;7.9;5.4
15;2021-03-02;250;307;11477;7964;8.0;5.6
15;2021-03-03;207;29;11684;7993;8.2;5.6
15;2021-03-04;246;248;11930;8241;8.4;5.8
15;2021-03-05;348;174;12278;8415;8.6;5.9
15;2021-03-06;680;11;12958;8426;9.1;5.9
15;2021-03-07;81;2;13039;8428;9.1;5.9
15;2021-03-08;93;106;13132;8534;9.2;6.0
15;2021-03-09;281;294;13413;8828;9.4;6.2
15;2021-03-10;416;177;13829;9005;9.7;6.3
15;2021-03-11;434;296;14263;9301;10.0;6.5
15;2021-03-12;525;95;14788;9396;10.4;6.6
15;2021-03-13;355;7;15143;9403;10.6;6.6
15;2021-03-14;18;0;15161;9403;10.6;6.6
15;2021-03-15;542;64;15703;9467;11.0;6.6
15;2021-03-16;328;21;16031;9488;11.2;6.6
15;2021-03-17;130;53;16161;9541;11.3;6.7
15;2021-03-18;250;95;16411;9636;11.5;6.7
15;2021-03-19;669;32;17080;9668;12.0;6.8
15;2021-03-20;148;36;17228;9704;12.1;6.8
15;2021-03-21;6;0;17234;9704;12.1;6.8
15;2021-03-22;575;79;17809;9783;12.5;6.9
15;2021-03-23;775;97;18584;9880;13.0;6.9
15;2021-03-24;937;35;19521;9915;13.7;6.9
15;2021-03-25;1282;31;20803;9946;14.6;7.0
15;2021-03-26;1009;61;21812;10007;15.3;7.0
15;2021-03-27;301;6;22113;10013;15.5;7.0
15;2021-03-28;20;0;22133;10013;15.5;7.0
15;2021-03-29;781;18;22914;10031;16.0;7.0
15;2021-03-30;1134;201;24048;10232;16.8;7.2
15;2021-03-31;941;23;24989;10255;17.5;7.2
15;2021-04-01;1233;59;26222;10314;18.4;7.2
15;2021-04-02;1142;61;27364;10375;19.2;7.3
15;2021-04-03;120;18;27484;10393;19.2;7.3
15;2021-04-04;0;0;27484;10393;19.2;7.3
15;2021-04-05;33;1;27517;10394;19.3;7.3
15;2021-04-06;834;86;28351;10480;19.9;7.3
15;2021-04-07;663;105;29014;10585;20.3;7.4
15;2021-04-08;1247;144;30261;10729;21.2;7.5
15;2021-04-09;1277;100;31538;10829;22.1;7.6
15;2021-04-10;364;19;31902;10848;22.3;7.6
15;2021-04-11;14;0;31916;10848;22.3;7.6
15;2021-04-12;644;458;32560;11306;22.8;7.9
15;2021-04-13;1124;322;33684;11628;23.6;8.1
15;2021-04-14;1038;200;34722;11828;24.3;8.3
15;2021-04-15;1183;310;35905;12138;25.1;8.5
15;2021-04-16;1038;555;36943;12693;25.9;8.9
15;2021-04-17;445;13;37388;12706;26.2;8.9
15;2021-04-18;0;10;37388;12716;26.2;8.9
15;2021-04-19;539;513;37927;13229;26.6;9.3
15;2021-04-20;847;614;38774;13843;27.2;9.7
15;2021-04-21;594;650;39368;14493;27.6;10.1
15;2021-04-22;728;776;40096;15269;28.1;10.7
15;2021-04-23;731;680;40827;15949;28.6;11.2
15;2021-04-24;363;123;41190;16072;28.8;11.3
15;2021-04-25;1;3;41191;16075;28.8;11.3
15;2021-04-26;325;632;41516;16707;29.1;11.7
15;2021-04-27;469;938;41985;17645;29.4;12.4
15;2021-04-28;383;788;42368;18433;29.7;12.9
15;2021-04-29;586;1012;42954;19445;30.1;13.6
15;2021-04-30;547;1078;43501;20523;30.5;14.4
15;2021-05-01;283;30;43784;20553;30.7;14.4
15;2021-05-02;0;0;43784;20553;30.7;14.4
15;2021-05-03;881;331;44665;20884;31.3;14.6
15;2021-05-04;802;857;45467;21741;31.8;15.2
15;2021-05-05;676;680;46143;22421;32.3;15.7
15;2021-05-06;826;967;46969;23388;32.9;16.4
15;2021-05-07;1154;906;48123;24294;33.7;17.0
15;2021-05-08;491;55;48614;24349;34.0;17.0
15;2021-05-09;24;9;48638;24358;34.1;17.1
15;2021-05-10;705;912;49343;25270;34.6;17.7
15;2021-05-11;1185;1185;50528;26455;35.4;18.5
15;2021-05-12;1147;837;51675;27292;36.2;19.1
15;2021-05-13;1165;440;52840;27732;37.0;19.4
15;2021-05-14;1504;583;54344;28315;38.1;19.8
15;2021-05-15;1410;417;55754;28732;39.0;20.1
15;2021-05-16;1;10;55755;28742;39.0;20.1
15;2021-05-17;999;606;56754;29348;39.7;20.6
15;2021-05-18;1222;972;57976;30320;40.6;21.2
15;2021-05-19;1020;460;58996;30780;41.3;21.6
15;2021-05-20;1239;780;60235;31560;42.2;22.1
15;2021-05-21;1349;748;61584;32308;43.1;22.6
15;2021-05-22;527;189;62111;32497;43.5;22.8
15;2021-05-23;2;11;62113;32508;43.5;22.8
15;2021-05-24;693;257;62806;32765;44.0;22.9
15;2021-05-25;1151;620;63957;33385;44.8;23.4
15;2021-05-26;1095;460;65052;33845;45.6;23.7
15;2021-05-27;1270;660;66322;34505;46.4;24.2
15;2021-05-28;1509;887;67831;35392;47.5;24.8
15;2021-05-29;984;361;68815;35753;48.2;25.0
15;2021-05-30;14;25;68829;35778;48.2;25.1
15;2021-05-31;1201;480;70030;36258;49.0;25.4
15;2021-06-01;1400;571;71430;36829;50.0;25.8
15;2021-06-02;865;419;72295;37248;50.6;26.1
15;2021-06-03;932;708;73227;37956;51.3;26.6
15;2021-06-04;1076;719;74303;38675;52.0;27.1
15;2021-06-05;651;264;74954;38939;52.5;27.3
15;2021-06-06;16;20;74970;38959;52.5;27.3
15;2021-06-07;797;350;75767;39309;53.1;27.5
15;2021-06-08;477;396;76244;39705;53.4;27.8
15;2021-06-09;377;377;76621;40082;53.7;28.1
15;2021-06-10;275;425;76896;40507;53.8;28.4
15;2021-06-11;661;1099;77557;41606;54.3;29.1
15;2021-06-12;377;467;77934;42073;54.6;29.5
15;2021-06-13;11;6;77945;42079;54.6;29.5
15;2021-06-14;542;976;78487;43055;55.0;30.1
15;2021-06-15;450;1164;78937;44219;55.3;31.0
15;2021-06-16;543;899;79480;45118;55.7;31.6
15;2021-06-17;290;935;79770;46053;55.9;32.2
15;2021-06-18;741;1205;80511;47258;56.4;33.1
15;2021-06-19;543;705;81054;47963;56.8;33.6
15;2021-06-20;11;1;81065;47964;56.8;33.6
15;2021-06-21;281;1041;81346;49005;57.0;34.3
15;2021-06-22;232;1479;81578;50484;57.1;35.4
15;2021-06-23;346;1446;81924;51930;57.4;36.4
15;2021-06-24;292;1093;82216;53023;57.6;37.1
15;2021-06-25;379;1642;82595;54665;57.8;38.3
15;2021-06-26;165;908;82760;55573;58.0;38.9
15;2021-06-27;0;0;82760;55573;58.0;38.9
15;2021-06-28;176;1227;82936;56800;58.1;39.8
15;2021-06-29;302;1265;83238;58065;58.3;40.7
15;2021-06-30;268;982;83506;59047;58.5;41.3
15;2021-07-01;381;1220;83887;60267;58.7;42.2
15;2021-07-02;410;1349;84297;61616;59.0;43.1
15;2021-07-03;251;708;84548;62324;59.2;43.6
15;2021-07-04;1;1;84549;62325;59.2;43.6
15;2021-07-05;248;1258;84797;63583;59.4;44.5
15;2021-07-06;272;1468;85069;65051;59.6;45.6
15;2021-07-07;254;1344;85323;66395;59.7;46.5
15;2021-07-08;489;1353;85812;67748;60.1;47.4
15;2021-07-09;482;1786;86294;69534;60.4;48.7
15;2021-07-10;215;865;86509;70399;60.6;49.3
15;2021-07-11;9;5;86518;70404;60.6;49.3
15;2021-07-12;272;1485;86790;71889;60.8;50.3
15;2021-07-13;581;1767;87371;73656;61.2;51.6
15;2021-07-14;10;131;87381;73787;61.2;51.7
15;2021-07-15;1132;729;88513;74516;62.0;52.2
15;2021-07-16;1138;1337;89651;75853;62.8;53.1
15;2021-07-17;819;953;90470;76806;63.3;53.8
15;2021-07-18;0;3;90470;76809;63.3;53.8
15;2021-07-19;1074;1271;91544;78080;64.1;54.7
15;2021-07-20;1613;568;93157;78648;65.2;55.1
15;2021-07-21;1185;605;94342;79253;66.1;55.5
15;2021-07-22;894;513;95236;79766;66.7;55.9
15;2021-07-23;1339;1062;96575;80828;67.6;56.6
15;2021-07-24;626;770;97201;81598;68.1;57.1
15;2021-07-25;1;24;97202;81622;68.1;57.2
15;2021-07-26;1245;597;98447;82219;68.9;57.6
15;2021-07-27;1687;568;100134;82787;70.1;58.0
15;2021-07-28;1234;588;101368;83375;71.0;58.4
15;2021-07-29;835;399;102203;83774;71.6;58.7
15;2021-07-30;1003;1131;103206;84905;72.3;59.5
15;2021-07-31;601;638;103807;85543;72.7;59.9
15;2021-08-01;21;12;103828;85555;72.7;59.9
15;2021-08-02;1143;541;104971;86096;73.5;60.3
15;2021-08-03;1155;383;106126;86479;74.3;60.6
15;2021-08-04;787;409;106913;86888;74.9;60.8
15;2021-08-05;383;284;107296;87172;75.1;61.0
15;2021-08-06;788;1239;108084;88411;75.7;61.9
15;2021-08-07;262;1164;108346;89575;75.9;62.7
15;2021-08-08;3;6;108349;89581;75.9;62.7
15;2021-08-09;512;1165;108861;90746;76.2;63.5
15;2021-08-10;432;726;109293;91472;76.5;64.1
15;2021-08-11;411;1007;109704;92479;76.8;64.8
15;2021-08-12;521;1181;110225;93660;77.2;65.6
15;2021-08-13;678;1134;110903;94794;77.7;66.4
15;2021-08-14;178;552;111081;95346;77.8;66.8
15;2021-08-15;14;9;111095;95355;77.8;66.8
15;2021-08-16;385;1133;111480;96488;78.1;67.6
15;2021-08-17;398;1140;111878;97628;78.3;68.4
15;2021-08-18;366;802;112244;98430;78.6;68.9
15;2021-08-19;289;876;112533;99306;78.8;69.5
16;2020-12-27;0;0;0;0;0.0;0.0
16;2020-12-28;0;0;0;0;0.0;0.0
16;2020-12-29;0;0;0;0;0.0;0.0
16;2020-12-30;0;0;0;0;0.0;0.0
16;2020-12-31;0;0;0;0;0.0;0.0
16;2021-01-01;0;0;0;0;0.0;0.0
16;2021-01-02;0;0;0;0;0.0;0.0
16;2021-01-03;0;0;0;0;0.0;0.0
16;2021-01-04;1;0;1;0;0.0;0.0
16;2021-01-05;1;0;2;0;0.0;0.0
16;2021-01-06;88;0;90;0;0.0;0.0
16;2021-01-07;239;0;329;0;0.1;0.0
16;2021-01-08;465;2;794;2;0.2;0.0
16;2021-01-09;1;0;795;2;0.2;0.0
16;2021-01-10;1;0;796;2;0.2;0.0
16;2021-01-11;304;0;1100;2;0.3;0.0
16;2021-01-12;437;1;1537;3;0.4;0.0
16;2021-01-13;480;0;2017;3;0.6;0.0
16;2021-01-14;600;6;2617;9;0.8;0.0
16;2021-01-15;504;4;3121;13;0.9;0.0
16;2021-01-16;0;0;3121;13;0.9;0.0
16;2021-01-17;0;0;3121;13;0.9;0.0
16;2021-01-18;430;5;3551;18;1.0;0.0
16;2021-01-19;833;2;4384;20;1.3;0.0
16;2021-01-20;1184;2;5568;22;1.6;0.0
16;2021-01-21;1354;3;6922;25;2.0;0.0
16;2021-01-22;1114;0;8036;25;2.3;0.0
16;2021-01-23;183;0;8219;25;2.4;0.0
16;2021-01-24;0;0;8219;25;2.4;0.0
16;2021-01-25;641;2;8860;27;2.5;0.0
16;2021-01-26;1025;0;9885;27;2.8;0.0
16;2021-01-27;1402;105;11287;132;3.2;0.0
16;2021-01-28;1260;60;12547;192;3.6;0.1
16;2021-01-29;743;140;13290;332;3.8;0.1
16;2021-01-30;36;0;13326;332;3.8;0.1
16;2021-01-31;0;0;13326;332;3.8;0.1
16;2021-02-01;394;203;13720;535;3.9;0.2
16;2021-02-02;576;174;14296;709;4.1;0.2
16;2021-02-03;621;352;14917;1061;4.3;0.3
16;2021-02-04;464;271;15381;1332;4.4;0.4
16;2021-02-05;505;277;15886;1609;4.6;0.5
16;2021-02-06;3;80;15889;1689;4.6;0.5
16;2021-02-07;41;3;15930;1692;4.6;0.5
16;2021-02-08;355;220;16285;1912;4.7;0.5
16;2021-02-09;648;294;16933;2206;4.9;0.6
16;2021-02-10;693;680;17626;2886;5.1;0.8
16;2021-02-11;798;613;18424;3499;5.3;1.0
16;2021-02-12;623;833;19047;4332;5.5;1.2
16;2021-02-13;42;78;19089;4410;5.5;1.3
16;2021-02-14;2;7;19091;4417;5.5;1.3
16;2021-02-15;216;667;19307;5084;5.5;1.5
16;2021-02-16;374;957;19681;6041;5.7;1.7
16;2021-02-17;350;1310;20031;7351;5.8;2.1
16;2021-02-18;510;1255;20541;8606;5.9;2.5
16;2021-02-19;389;795;20930;9401;6.0;2.7
16;2021-02-20;2;8;20932;9409;6.0;2.7
16;2021-02-21;0;0;20932;9409;6.0;2.7
16;2021-02-22;135;541;21067;9950;6.1;2.9
16;2021-02-23;205;925;21272;10875;6.1;3.1
16;2021-02-24;274;897;21546;11772;6.2;3.4
16;2021-02-25;395;690;21941;12462;6.3;3.6
16;2021-02-26;478;500;22419;12962;6.4;3.7
16;2021-02-27;249;1;22668;12963;6.5;3.7
16;2021-02-28;5;5;22673;12968;6.5;3.7
16;2021-03-01;152;328;22825;13296;6.6;3.8
16;2021-03-02;272;671;23097;13967;6.6;4.0
16;2021-03-03;391;727;23488;14694;6.7;4.2
16;2021-03-04;805;571;24293;15265;7.0;4.4
16;2021-03-05;1142;542;25435;15807;7.3;4.5
16;2021-03-06;751;13;26186;15820;7.5;4.5
16;2021-03-07;94;18;26280;15838;7.5;4.5
16;2021-03-08;437;319;26717;16157;7.7;4.6
16;2021-03-09;774;700;27491;16857;7.9;4.8
16;2021-03-10;606;669;28097;17526;8.1;5.0
16;2021-03-11;1446;532;29543;18058;8.5;5.2
16;2021-03-12;1164;460;30707;18518;8.8;5.3
16;2021-03-13;765;14;31472;18532;9.0;5.3
16;2021-03-14;1;0;31473;18532;9.0;5.3
16;2021-03-15;461;184;31934;18716;9.2;5.4
16;2021-03-16;859;421;32793;19137;9.4;5.5
16;2021-03-17;590;286;33383;19423;9.6;5.6
16;2021-03-18;1031;283;34414;19706;9.9;5.7
16;2021-03-19;1101;248;35515;19954;10.2;5.7
16;2021-03-20;396;5;35911;19959;10.3;5.7
16;2021-03-21;9;0;35920;19959;10.3;5.7
16;2021-03-22;727;100;36647;20059;10.5;5.8
16;2021-03-23;1463;104;38110;20163;10.9;5.8
16;2021-03-24;1120;185;39230;20348;11.3;5.8
16;2021-03-25;2047;91;41277;20439;11.9;5.9
16;2021-03-26;1916;98;43193;20537;12.4;5.9
16;2021-03-27;433;22;43626;20559;12.5;5.9
16;2021-03-28;0;0;43626;20559;12.5;5.9
16;2021-03-29;925;60;44551;20619;12.8;5.9
16;2021-03-30;1883;179;46434;20798;13.3;6.0
16;2021-03-31;1514;134;47948;20932;13.8;6.0
16;2021-04-01;2009;401;49957;21333;14.3;6.1
16;2021-04-02;1442;379;51399;21712;14.8;6.2
16;2021-04-03;288;5;51687;21717;14.8;6.2
16;2021-04-04;1;0;51688;21717;14.8;6.2
16;2021-04-05;2;0;51690;21717;14.8;6.2
16;2021-04-06;2013;544;53703;22261;15.4;6.4
16;2021-04-07;1953;402;55656;22663;16.0;6.5
16;2021-04-08;2824;590;58480;23253;16.8;6.7
16;2021-04-09;2694;554;61174;23807;17.6;6.8
16;2021-04-10;1290;37;62464;23844;17.9;6.8
16;2021-04-11;2;0;62466;23844;17.9;6.8
16;2021-04-12;1431;315;63897;24159;18.4;6.9
16;2021-04-13;2125;841;66022;25000;19.0;7.2
16;2021-04-14;1952;633;67974;25633;19.5;7.4
16;2021-04-15;2103;984;70077;26617;20.1;7.6
16;2021-04-16;2040;786;72117;27403;20.7;7.9
16;2021-04-17;1507;87;73624;27490;21.1;7.9
16;2021-04-18;197;3;73821;27493;21.2;7.9
16;2021-04-19;1440;524;75261;28017;21.6;8.0
16;2021-04-20;2054;1232;77315;29249;22.2;8.4
16;2021-04-21;1777;741;79092;29990;22.7;8.6
16;2021-04-22;2292;1005;81384;30995;23.4;8.9
16;2021-04-23;2362;1172;83746;32167;24.1;9.2
16;2021-04-24;829;38;84575;32205;24.3;9.2
16;2021-04-25;117;8;84692;32213;24.3;9.3
16;2021-04-26;1401;806;86093;33019;24.7;9.5
16;2021-04-27;2057;1417;88150;34436;25.3;9.9
16;2021-04-28;1590;1129;89740;35565;25.8;10.2
16;2021-04-29;2249;1498;91989;37063;26.4;10.6
16;2021-04-30;2856;1342;94845;38405;27.2;11.0
16;2021-05-01;353;60;95198;38465;27.3;11.0
16;2021-05-02;155;13;95353;38478;27.4;11.1
16;2021-05-03;2610;537;97963;39015;28.1;11.2
16;2021-05-04;2060;2046;100023;41061;28.7;11.8
16;2021-05-05;1688;1832;101711;42893;29.2;12.3
16;2021-05-06;1888;2245;103599;45138;29.8;13.0
16;2021-05-07;3070;2123;106669;47261;30.6;13.6
16;2021-05-08;1198;468;107867;47729;31.0;13.7
16;2021-05-09;530;26;108397;47755;31.1;13.7
16;2021-05-10;1931;1626;110328;49381;31.7;14.2
16;2021-05-11;2354;1962;112682;51343;32.4;14.7
16;2021-05-12;1732;1798;114414;53141;32.9;15.3
16;2021-05-13;1461;355;115875;53496;33.3;15.4
16;2021-05-14;1989;1562;117864;55058;33.9;15.8
16;2021-05-15;596;896;118460;55954;34.0;16.1
16;2021-05-16;132;6;118592;55960;34.1;16.1
16;2021-05-17;1609;1286;120201;57246;34.5;16.4
16;2021-05-18;2758;1425;122959;58671;35.3;16.9
16;2021-05-19;2006;1238;124965;59909;35.9;17.2
16;2021-05-20;2834;1388;127799;61297;36.7;17.6
16;2021-05-21;2945;1398;130744;62695;37.6;18.0
16;2021-05-22;412;711;131156;63406;37.7;18.2
16;2021-05-23;210;11;131366;63417;37.7;18.2
16;2021-05-24;1262;235;132628;63652;38.1;18.3
16;2021-05-25;2762;1460;135390;65112;38.9;18.7
16;2021-05-26;1834;1188;137224;66300;39.4;19.0
16;2021-05-27;2418;1583;139642;67883;40.1;19.5
16;2021-05-28;2897;1570;142539;69453;40.9;19.9
16;2021-05-29;814;883;143353;70336;41.2;20.2
16;2021-05-30;1;4;143354;70340;41.2;20.2
16;2021-05-31;1984;1104;145338;71444;41.7;20.5
16;2021-06-01;2344;1715;147682;73159;42.4;21.0
16;2021-06-02;1822;1504;149504;74663;42.9;21.4
16;2021-06-03;2622;1762;152126;76425;43.7;21.9
16;2021-06-04;2833;2032;154959;78457;44.5;22.5
16;2021-06-05;1006;549;155965;79006;44.8;22.7
16;2021-06-06;160;28;156125;79034;44.8;22.7
16;2021-06-07;1991;1282;158116;80316;45.4;23.1
16;2021-06-08;2396;1998;160512;82314;46.1;23.6
16;2021-06-09;2529;1615;163041;83929;46.8;24.1
16;2021-06-10;2571;2004;165612;85933;47.6;24.7
16;2021-06-11;2152;2736;167764;88669;48.2;25.5
16;2021-06-12;1614;517;169378;89186;48.6;25.6
16;2021-06-13;261;72;169639;89258;48.7;25.6
16;2021-06-14;796;2797;170435;92055;49.0;26.4
16;2021-06-15;1865;2624;172300;94679;49.5;27.2
16;2021-06-16;1577;2087;173877;96766;49.9;27.8
16;2021-06-17;2041;2511;175918;99277;50.5;28.5
16;2021-06-18;2062;3220;177980;102497;51.1;29.4
16;2021-06-19;1352;1313;179332;103810;51.5;29.8
16;2021-06-20;243;28;179575;103838;51.6;29.8
16;2021-06-21;1411;2172;180986;106010;52.0;30.4
16;2021-06-22;1674;2942;182660;108952;52.5;31.3
16;2021-06-23;1565;2020;184225;110972;52.9;31.9
16;2021-06-24;1926;2168;186151;113140;53.5;32.5
16;2021-06-25;1984;2726;188135;115866;54.0;33.3
16;2021-06-26;1061;724;189196;116590;54.3;33.5
16;2021-06-27;132;25;189328;116615;54.4;33.5
16;2021-06-28;1164;1965;190492;118580;54.7;34.1
16;2021-06-29;1282;3358;191774;121938;55.1;35.0
16;2021-06-30;1337;2713;193111;124651;55.5;35.8
16;2021-07-01;1862;3157;194973;127808;56.0;36.7
16;2021-07-02;1425;3581;196398;131389;56.4;37.7
16;2021-07-03;695;1111;197093;132500;56.6;38.1
16;2021-07-04;3;15;197096;132515;56.6;38.1
16;2021-07-05;815;2297;197911;134812;56.8;38.7
16;2021-07-06;1278;3367;199189;138179;57.2;39.7
16;2021-07-07;867;2275;200056;140454;57.5;40.3
16;2021-07-08;1234;2738;201290;143192;57.8;41.1
16;2021-07-09;1112;3712;202402;146904;58.1;42.2
16;2021-07-10;338;1338;202740;148242;58.2;42.6
16;2021-07-11;2;13;202742;148255;58.2;42.6
16;2021-07-12;634;2442;203376;150697;58.4;43.3
16;2021-07-13;1384;3531;204760;154228;58.8;44.3
16;2021-07-14;798;877;205558;155105;59.0;44.5
16;2021-07-15;1248;3410;206806;158515;59.4;45.5
16;2021-07-16;1494;3383;208300;161898;59.8;46.5
16;2021-07-17;537;1189;208837;163087;60.0;46.8
16;2021-07-18;14;6;208851;163093;60.0;46.8
16;2021-07-19;617;2856;209468;165949;60.2;47.7
16;2021-07-20;1122;3292;210590;169241;60.5;48.6
16;2021-07-21;1117;2622;211707;171863;60.8;49.4
16;2021-07-22;1868;2865;213575;174728;61.3;50.2
16;2021-07-23;1542;3548;215117;178276;61.8;51.2
16;2021-07-24;638;1214;215755;179490;62.0;51.6
16;2021-07-25;11;11;215766;179501;62.0;51.6
16;2021-07-26;1527;2128;217293;181629;62.4;52.2
16;2021-07-27;1861;2820;219154;184449;62.9;53.0
16;2021-07-28;1858;2322;221012;186771;63.5;53.6
16;2021-07-29;2236;2475;223248;189246;64.1;54.4
16;2021-07-30;2344;3113;225592;192359;64.8;55.2
16;2021-07-31;955;1355;226547;193714;65.1;55.6
16;2021-08-01;186;22;226733;193736;65.1;55.6
16;2021-08-02;2116;1828;228849;195564;65.7;56.2
16;2021-08-03;2109;2342;230958;197906;66.3;56.8
16;2021-08-04;2111;1886;233069;199792;66.9;57.4
16;2021-08-05;2754;1655;235823;201447;67.7;57.9
16;2021-08-06;2504;2363;238327;203810;68.4;58.5
16;2021-08-07;829;558;239156;204368;68.7;58.7
16;2021-08-08;34;37;239190;204405;68.7;58.7
16;2021-08-09;2176;1061;241366;205466;69.3;59.0
16;2021-08-10;2884;1586;244250;207052;70.2;59.5
16;2021-08-11;2593;1233;246843;208285;70.9;59.8
16;2021-08-12;1993;1736;248836;210021;71.5;60.3
16;2021-08-13;2661;1462;251497;211483;72.2;60.7
16;2021-08-14;752;452;252249;211935;72.4;60.9
16;2021-08-15;27;3;252276;211938;72.5;60.9
16;2021-08-16;1333;1582;253609;213520;72.8;61.3
16;2021-08-17;1815;1620;255424;215140;73.4;61.8
16;2021-08-18;1585;1466;257009;216606;73.8;62.2
16;2021-08-19;1509;1773;258518;218379;74.2;62.7
17;2020-12-27;0;0;0;0;0.0;0.0
17;2020-12-28;0;0;0;0;0.0;0.0
17;2020-12-29;0;0;0;0;0.0;0.0
17;2020-12-30;1;0;1;0;0.0;0.0
17;2020-12-31;0;0;1;0;0.0;0.0
17;2021-01-01;1;0;2;0;0.0;0.0
17;2021-01-02;1;0;3;0;0.0;0.0
17;2021-01-03;0;0;3;0;0.0;0.0
17;2021-01-04;56;0;59;0;0.0;0.0
17;2021-01-05;98;0;157;0;0.0;0.0
17;2021-01-06;132;0;289;0;0.0;0.0
17;2021-01-07;485;1;774;1;0.1;0.0
17;2021-01-08;418;0;1192;1;0.2;0.0
17;2021-01-09;0;0;1192;1;0.2;0.0
17;2021-01-10;1;0;1193;1;0.2;0.0
17;2021-01-11;380;1;1573;2;0.2;0.0
17;2021-01-12;746;1;2319;3;0.4;0.0
17;2021-01-13;653;2;2972;5;0.5;0.0
17;2021-01-14;616;9;3588;14;0.6;0.0
17;2021-01-15;680;1;4268;15;0.7;0.0
17;2021-01-16;128;2;4396;17;0.7;0.0
17;2021-01-17;19;0;4415;17;0.7;0.0
17;2021-01-18;886;2;5301;19;0.8;0.0
17;2021-01-19;1910;3;7211;22;1.1;0.0
17;2021-01-20;2394;2;9605;24;1.5;0.0
17;2021-01-21;2498;2;12103;26;1.9;0.0
17;2021-01-22;1882;7;13985;33;2.2;0.0
17;2021-01-23;738;1;14723;34;2.3;0.0
17;2021-01-24;48;0;14771;34;2.3;0.0
17;2021-01-25;1383;5;16154;39;2.5;0.0
17;2021-01-26;2110;3;18264;42;2.8;0.0
17;2021-01-27;1674;33;19938;75;3.1;0.0
17;2021-01-28;2475;230;22413;305;3.5;0.0
17;2021-01-29;1738;221;24151;526;3.7;0.1
17;2021-01-30;528;5;24679;531;3.8;0.1
17;2021-01-31;37;2;24716;533;3.8;0.1
17;2021-02-01;740;210;25456;743;3.9;0.1
17;2021-02-02;1202;348;26658;1091;4.1;0.2
17;2021-02-03;1296;406;27954;1497;4.3;0.2
17;2021-02-04;1159;502;29113;1999;4.5;0.3
17;2021-02-05;603;757;29716;2756;4.6;0.4
17;2021-02-06;22;42;29738;2798;4.6;0.4
17;2021-02-07;31;13;29769;2811;4.6;0.4
17;2021-02-08;706;404;30475;3215;4.7;0.5
17;2021-02-09;1101;1318;31576;4533;4.9;0.7
17;2021-02-10;863;1286;32439;5819;5.0;0.9
17;2021-02-11;1241;1400;33680;7219;5.2;1.1
17;2021-02-12;771;968;34451;8187;5.3;1.3
17;2021-02-13;43;104;34494;8291;5.3;1.3
17;2021-02-14;1;10;34495;8301;5.3;1.3
17;2021-02-15;620;1225;35115;9526;5.4;1.5
17;2021-02-16;749;1831;35864;11357;5.5;1.8
17;2021-02-17;795;1360;36659;12717;5.7;2.0
17;2021-02-18;967;2185;37626;14902;5.8;2.3
17;2021-02-19;1067;1544;38693;16446;6.0;2.5
17;2021-02-20;104;310;38797;16756;6.0;2.6
17;2021-02-21;9;2;38806;16758;6.0;2.6
17;2021-02-22;646;1630;39452;18388;6.1;2.8
17;2021-02-23;781;1535;40233;19923;6.2;3.1
17;2021-02-24;1079;1589;41312;21512;6.4;3.3
17;2021-02-25;1085;1710;42397;23222;6.6;3.6
17;2021-02-26;1308;1296;43705;24518;6.8;3.8
17;2021-02-27;527;247;44232;24765;6.8;3.8
17;2021-02-28;19;9;44251;24774;6.8;3.8
17;2021-03-01;634;1042;44885;25816;6.9;4.0
17;2021-03-02;1094;871;45979;26687;7.1;4.1
17;2021-03-03;1619;799;47598;27486;7.4;4.2
17;2021-03-04;2427;1142;50025;28628;7.7;4.4
17;2021-03-05;2661;680;52686;29308;8.1;4.5
17;2021-03-06;1029;27;53715;29335;8.3;4.5
17;2021-03-07;183;47;53898;29382;8.3;4.5
17;2021-03-08;1014;833;54912;30215;8.5;4.7
17;2021-03-09;1746;615;56658;30830;8.8;4.8
17;2021-03-10;2047;642;58705;31472;9.1;4.9
17;2021-03-11;3226;1000;61931;32472;9.6;5.0
17;2021-03-12;3354;625;65285;33097;10.1;5.1
17;2021-03-13;1201;12;66486;33109;10.3;5.1
17;2021-03-14;32;0;66518;33109;10.3;5.1
17;2021-03-15;1241;994;67759;34103;10.5;5.3
17;2021-03-16;893;537;68652;34640;10.6;5.4
17;2021-03-17;1459;705;70111;35345;10.8;5.5
17;2021-03-18;1683;764;71794;36109;11.1;5.6
17;2021-03-19;2096;546;73890;36655;11.4;5.7
17;2021-03-20;1083;56;74973;36711;11.6;5.7
17;2021-03-21;36;43;75009;36754;11.6;5.7
17;2021-03-22;1578;690;76587;37444;11.8;5.8
17;2021-03-23;2492;582;79079;38026;12.2;5.9
17;2021-03-24;3544;855;82623;38881;12.8;6.0
17;2021-03-25;4712;643;87335;39524;13.5;6.1
17;2021-03-26;4943;474;92278;39998;14.3;6.2
17;2021-03-27;1737;69;94015;40067;14.5;6.2
17;2021-03-28;369;45;94384;40112;14.6;6.2
17;2021-03-29;2361;567;96745;40679;15.0;6.3
17;2021-03-30;2655;988;99400;41667;15.4;6.4
17;2021-03-31;3842;905;103242;42572;16.0;6.6
17;2021-04-01;4013;1162;107255;43734;16.6;6.8
17;2021-04-02;3706;834;110961;44568;17.1;6.9
17;2021-04-03;1151;187;112112;44755;17.3;6.9
17;2021-04-04;501;7;112613;44762;17.4;6.9
17;2021-04-05;444;128;113057;44890;17.5;6.9
17;2021-04-06;3480;1028;116537;45918;18.0;7.1
17;2021-04-07;4130;1154;120667;47072;18.6;7.3
17;2021-04-08;4569;1474;125236;48546;19.4;7.5
17;2021-04-09;6493;839;131729;49385;20.4;7.6
17;2021-04-10;2583;66;134312;49451;20.8;7.6
17;2021-04-11;788;16;135100;49467;20.9;7.6
17;2021-04-12;2888;1620;137988;51087;21.3;7.9
17;2021-04-13;4150;1287;142138;52374;22.0;8.1
17;2021-04-14;4420;1205;146558;53579;22.6;8.3
17;2021-04-15;4600;1137;151158;54716;23.4;8.5
17;2021-04-16;4297;1154;155455;55870;24.0;8.6
17;2021-04-17;1682;382;157137;56252;24.3;8.7
17;2021-04-18;472;81;157609;56333;24.4;8.7
17;2021-04-19;2340;2062;159949;58395;24.7;9.0
17;2021-04-20;2926;2553;162875;60948;25.2;9.4
17;2021-04-21;2973;1940;165848;62888;25.6;9.7
17;2021-04-22;3120;2359;168968;65247;26.1;10.1
17;2021-04-23;2446;2729;171414;67976;26.5;10.5
17;2021-04-24;1669;925;173083;68901;26.7;10.6
17;2021-04-25;665;246;173748;69147;26.9;10.7
17;2021-04-26;2577;2627;176325;71774;27.2;11.1
17;2021-04-27;3153;2673;179478;74447;27.7;11.5
17;2021-04-28;3101;2942;182579;77389;28.2;12.0
17;2021-04-29;4146;2863;186725;80252;28.9;12.4
17;2021-04-30;4355;2637;191080;82889;29.5;12.8
17;2021-05-01;848;542;191928;83431;29.7;12.9
17;2021-05-02;553;840;192481;84271;29.7;13.0
17;2021-05-03;2543;2958;195024;87229;30.1;13.5
17;2021-05-04;2318;3729;197342;90958;30.5;14.1
17;2021-05-05;2909;3702;200251;94660;30.9;14.6
17;2021-05-06;4122;3407;204373;98067;31.6;15.2
17;2021-05-07;4355;3631;208728;101698;32.3;15.7
17;2021-05-08;1306;754;210034;102452;32.5;15.8
17;2021-05-09;1309;705;211343;103157;32.7;15.9
17;2021-05-10;2727;3692;214070;106849;33.1;16.5
17;2021-05-11;3501;3997;217571;110846;33.6;17.1
17;2021-05-12;3531;3811;221102;114657;34.2;17.7
17;2021-05-13;2546;693;223648;115350;34.6;17.8
17;2021-05-14;3032;2395;226680;117745;35.0;18.2
17;2021-05-15;2128;663;228808;118408;35.4;18.3
17;2021-05-16;1735;317;230543;118725;35.6;18.3
17;2021-05-17;4289;2000;234832;120725;36.3;18.7
17;2021-05-18;4746;1637;239578;122362;37.0;18.9
17;2021-05-19;5067;1276;244645;123638;37.8;19.1
17;2021-05-20;4944;1951;249589;125589;38.6;19.4
17;2021-05-21;5000;1959;254589;127548;39.3;19.7
17;2021-05-22;2394;533;256983;128081;39.7;19.8
17;2021-05-23;1899;128;258882;128209;40.0;19.8
17;2021-05-24;1426;208;260308;128417;40.2;19.8
17;2021-05-25;4030;1770;264338;130187;40.9;20.1
17;2021-05-26;4367;2042;268705;132229;41.5;20.4
17;2021-05-27;5215;2136;273920;134365;42.3;20.8
17;2021-05-28;4467;3438;278387;137803;43.0;21.3
17;2021-05-29;1560;1707;279947;139510;43.3;21.6
17;2021-05-30;857;410;280804;139920;43.4;21.6
17;2021-05-31;2946;3013;283750;142933;43.9;22.1
17;2021-06-01;4297;2926;288047;145859;44.5;22.5
17;2021-06-02;4201;3175;292248;149034;45.2;23.0
17;2021-06-03;5056;3167;297304;152201;45.9;23.5
17;2021-06-04;4515;3854;301819;156055;46.6;24.1
17;2021-06-05;1991;1603;303810;157658;47.0;24.4
17;2021-06-06;851;733;304661;158391;47.1;24.5
17;2021-06-07;3139;4346;307800;162737;47.6;25.1
17;2021-06-08;3790;4497;311590;167234;48.2;25.8
17;2021-06-09;4346;3054;315936;170288;48.8;26.3
17;2021-06-10;4928;2793;320864;173081;49.6;26.7
17;2021-06-11;4791;3686;325655;176767;50.3;27.3
17;2021-06-12;1812;1402;327467;178169;50.6;27.5
17;2021-06-13;610;414;328077;178583;50.7;27.6
17;2021-06-14;2834;4536;330911;183119;51.1;28.3
17;2021-06-15;3623;4380;334534;187499;51.7;29.0
17;2021-06-16;4133;3689;338667;191188;52.3;29.5
17;2021-06-17;4367;4124;343034;195312;53.0;30.2
17;2021-06-18;4054;4437;347088;199749;53.6;30.9
17;2021-06-19;1449;1989;348537;201738;53.9;31.2
17;2021-06-20;595;1035;349132;202773;54.0;31.3
17;2021-06-21;2563;4373;351695;207146;54.4;32.0
17;2021-06-22;3528;4450;355223;211596;54.9;32.7
17;2021-06-23;3796;3991;359019;215587;55.5;33.3
17;2021-06-24;3598;3958;362617;219545;56.0;33.9
17;2021-06-25;2718;4985;365335;224530;56.5;34.7
17;2021-06-26;906;2335;366241;226865;56.6;35.1
17;2021-06-27;395;1903;366636;228768;56.7;35.4
17;2021-06-28;1522;5417;368158;234185;56.9;36.2
17;2021-06-29;1684;5889;369842;240074;57.2;37.1
17;2021-06-30;2030;5549;371872;245623;57.5;38.0
17;2021-07-01;2263;5556;374135;251179;57.8;38.8
17;2021-07-02;2486;5986;376621;257165;58.2;39.7
17;2021-07-03;627;2546;377248;259711;58.3;40.1
17;2021-07-04;155;1249;377403;260960;58.3;40.3
17;2021-07-05;1890;5180;379293;266140;58.6;41.1
17;2021-07-06;2130;5599;381423;271739;58.9;42.0
17;2021-07-07;2407;5497;383830;277236;59.3;42.8
17;2021-07-08;2913;5439;386743;282675;59.8;43.7
17;2021-07-09;2523;6080;389266;288755;60.2;44.6
17;2021-07-10;828;2473;390094;291228;60.3;45.0
17;2021-07-11;380;907;390474;292135;60.3;45.1
17;2021-07-12;2006;5620;392480;297755;60.7;46.0
17;2021-07-13;2367;6714;394847;304469;61.0;47.1
17;2021-07-14;71;71;394918;304540;61.0;47.1
17;2021-07-15;2190;6856;397108;311396;61.4;48.1
17;2021-07-16;2769;6973;399877;318369;61.8;49.2
17;2021-07-17;1007;2274;400884;320643;62.0;49.6
17;2021-07-18;312;1038;401196;321681;62.0;49.7
17;2021-07-19;2635;5907;403831;327588;62.4;50.6
17;2021-07-20;3308;6317;407139;333905;62.9;51.6
17;2021-07-21;3793;6030;410932;339935;63.5;52.5
17;2021-07-22;4243;6277;415175;346212;64.2;53.5
17;2021-07-23;3819;6575;418994;352787;64.8;54.5
17;2021-07-24;2066;1403;421060;354190;65.1;54.7
17;2021-07-25;1042;414;422102;354604;65.2;54.8
17;2021-07-26;3681;5433;425783;360037;65.8;55.6
17;2021-07-27;4712;5443;430495;365480;66.5;56.5
17;2021-07-28;5204;5178;435699;370658;67.3;57.3
17;2021-07-29;5145;5344;440844;376002;68.1;58.1
17;2021-07-30;5461;5574;446305;381576;69.0;59.0
17;2021-07-31;2101;1214;448406;382790;69.3;59.2
17;2021-08-01;1086;356;449492;383146;69.5;59.2
17;2021-08-02;4593;4390;454085;387536;70.2;59.9
17;2021-08-03;5709;4160;459794;391696;71.1;60.5
17;2021-08-04;6168;3368;465962;395064;72.0;61.1
17;2021-08-05;6346;3150;472308;398214;73.0;61.5
17;2021-08-06;5860;3604;478168;401818;73.9;62.1
17;2021-08-07;1968;864;480136;402682;74.2;62.2
17;2021-08-08;970;219;481106;402901;74.4;62.3
17;2021-08-09;3904;3695;485010;406596;75.0;62.8
17;2021-08-10;5056;3489;490066;410085;75.7;63.4
17;2021-08-11;4891;3806;494957;413891;76.5;64.0
17;2021-08-12;4852;3954;499809;417845;77.2;64.6
17;2021-08-13;4451;4135;504260;421980;77.9;65.2
17;2021-08-14;1224;1381;505484;423361;78.1;65.4
17;2021-08-15;404;375;505888;423736;78.2;65.5
17;2021-08-16;2815;4061;508703;427797;78.6;66.1
17;2021-08-17;3031;4274;511734;432071;79.1;66.8
17;2021-08-18;2608;4542;514342;436613;79.5;67.5
17;2021-08-19;2683;4374;517025;440987;79.9;68.2
18;2020-12-27;0;0;0;0;0.0;0.0
18;2020-12-28;0;0;0;0;0.0;0.0
18;2020-12-29;0;0;0;0;0.0;0.0
18;2020-12-30;1;0;1;0;0.0;0.0
18;2020-12-31;0;0;1;0;0.0;0.0
18;2021-01-01;0;0;1;0;0.0;0.0
18;2021-01-02;0;0;1;0;0.0;0.0
18;2021-01-03;0;0;1;0;0.0;0.0
18;2021-01-04;3;0;4;0;0.0;0.0
18;2021-01-05;0;0;4;0;0.0;0.0
18;2021-01-06;1;0;5;0;0.0;0.0
18;2021-01-07;30;1;35;1;0.0;0.0
18;2021-01-08;65;0;100;1;0.0;0.0
18;2021-01-09;225;0;325;1;0.1;0.0
18;2021-01-10;146;0;471;1;0.2;0.0
18;2021-01-11;170;1;641;2;0.2;0.0
18;2021-01-12;372;0;1013;2;0.3;0.0
18;2021-01-13;270;2;1283;4;0.4;0.0
18;2021-01-14;269;2;1552;6;0.5;0.0
18;2021-01-15;332;2;1884;8;0.6;0.0
18;2021-01-16;288;3;2172;11;0.7;0.0
18;2021-01-17;1;0;2173;11;0.7;0.0
18;2021-01-18;290;0;2463;11;0.8;0.0
18;2021-01-19;1374;4;3837;15;1.3;0.0
18;2021-01-20;1239;2;5076;17;1.7;0.0
18;2021-01-21;963;0;6039;17;2.0;0.0
18;2021-01-22;780;1;6819;18;2.3;0.0
18;2021-01-23;249;2;7068;20;2.4;0.0
18;2021-01-24;0;0;7068;20;2.4;0.0
18;2021-01-25;509;0;7577;20;2.6;0.0
18;2021-01-26;395;1;7972;21;2.7;0.0
18;2021-01-27;390;2;8362;23;2.8;0.0
18;2021-01-28;566;8;8928;31;3.0;0.0
18;2021-01-29;492;72;9420;103;3.2;0.0
18;2021-01-30;433;166;9853;269;3.3;0.1
18;2021-01-31;82;121;9935;390;3.4;0.1
18;2021-02-01;328;142;10263;532;3.5;0.2
18;2021-02-02;507;244;10770;776;3.6;0.3
18;2021-02-03;398;204;11168;980;3.8;0.3
18;2021-02-04;630;226;11798;1206;4.0;0.4
18;2021-02-05;449;194;12247;1400;4.1;0.5
18;2021-02-06;283;103;12530;1503;4.2;0.5
18;2021-02-07;108;1;12638;1504;4.3;0.5
18;2021-02-08;268;230;12906;1734;4.4;0.6
18;2021-02-09;583;781;13489;2515;4.6;0.8
18;2021-02-10;740;698;14229;3213;4.8;1.1
18;2021-02-11;655;451;14884;3664;5.0;1.2
18;2021-02-12;502;326;15386;3990;5.2;1.3
18;2021-02-13;286;124;15672;4114;5.3;1.4
18;2021-02-14;364;98;16036;4212;5.4;1.4
18;2021-02-15;379;395;16415;4607;5.5;1.6
18;2021-02-16;399;401;16814;5008;5.7;1.7
18;2021-02-17;403;458;17217;5466;5.8;1.8
18;2021-02-18;344;540;17561;6006;5.9;2.0
18;2021-02-19;471;303;18032;6309;6.1;2.1
18;2021-02-20;721;240;18753;6549;6.3;2.2
18;2021-02-21;316;2;19069;6551;6.4;2.2
18;2021-02-22;217;372;19286;6923;6.5;2.3
18;2021-02-23;204;351;19490;7274;6.6;2.5
18;2021-02-24;240;271;19730;7545;6.7;2.5
18;2021-02-25;293;520;20023;8065;6.8;2.7
18;2021-02-26;582;235;20605;8300;7.0;2.8
18;2021-02-27;510;389;21115;8689;7.1;2.9
18;2021-02-28;7;68;21122;8757;7.1;3.0
18;2021-03-01;236;415;21358;9172;7.2;3.1
18;2021-03-02;284;520;21642;9692;7.3;3.3
18;2021-03-03;346;586;21988;10278;7.4;3.5
18;2021-03-04;475;573;22463;10851;7.6;3.7
18;2021-03-05;524;374;22987;11225;7.8;3.8
18;2021-03-06;1071;344;24058;11569;8.1;3.9
18;2021-03-07;7;140;24065;11709;8.1;4.0
18;2021-03-08;335;362;24400;12071;8.2;4.1
18;2021-03-09;409;369;24809;12440;8.4;4.2
18;2021-03-10;423;454;25232;12894;8.5;4.4
18;2021-03-11;518;422;25750;13316;8.7;4.5
18;2021-03-12;704;304;26454;13620;8.9;4.6
18;2021-03-13;1163;252;27617;13872;9.3;4.7
18;2021-03-14;301;214;27918;14086;9.4;4.8
18;2021-03-15;491;380;28409;14466;9.6;4.9
18;2021-03-16;392;315;28801;14781;9.7;5.0
18;2021-03-17;383;416;29184;15197;9.8;5.1
18;2021-03-18;512;230;29696;15427;10.0;5.2
18;2021-03-19;756;226;30452;15653;10.3;5.3
18;2021-03-20;986;620;31438;16273;10.6;5.5
18;2021-03-21;308;308;31746;16581;10.7;5.6
18;2021-03-22;602;297;32348;16878;10.9;5.7
18;2021-03-23;706;294;33054;17172;11.2;5.8
18;2021-03-24;1052;298;34106;17470;11.5;5.9
18;2021-03-25;1049;298;35155;17768;11.9;6.0
18;2021-03-26;1210;348;36365;18116;12.3;6.1
18;2021-03-27;1489;320;37854;18436;12.8;6.2
18;2021-03-28;215;0;38069;18436;12.8;6.2
18;2021-03-29;1101;196;39170;18632;13.2;6.3
18;2021-03-30;1084;305;40254;18937;13.6;6.4
18;2021-03-31;1305;254;41559;19191;14.0;6.5
18;2021-04-01;1376;345;42935;19536;14.5;6.6
18;2021-04-02;1229;310;44164;19846;14.9;6.7
18;2021-04-03;581;181;44745;20027;15.1;6.8
18;2021-04-04;71;5;44816;20032;15.1;6.8
18;2021-04-05;199;0;45015;20032;15.2;6.8
18;2021-04-06;1026;349;46041;20381;15.5;6.9
18;2021-04-07;1322;362;47363;20743;16.0;7.0
18;2021-04-08;1692;343;49055;21086;16.6;7.1
18;2021-04-09;1833;283;50888;21369;17.2;7.2
18;2021-04-10;2633;650;53521;22019;18.1;7.4
18;2021-04-11;1985;314;55506;22333;18.7;7.5
18;2021-04-12;1402;396;56908;22729;19.2;7.7
18;2021-04-13;1784;469;58692;23198;19.8;7.8
18;2021-04-14;1378;517;60070;23715;20.3;8.0
18;2021-04-15;1532;530;61602;24245;20.8;8.2
18;2021-04-16;1614;590;63216;24835;21.3;8.4
18;2021-04-17;1599;520;64815;25355;21.9;8.6
18;2021-04-18;377;232;65192;25587;22.0;8.6
18;2021-04-19;1316;592;66508;26179;22.4;8.8
18;2021-04-20;1445;710;67953;26889;22.9;9.1
18;2021-04-21;1272;909;69225;27798;23.4;9.4
18;2021-04-22;1403;701;70628;28499;23.8;9.6
18;2021-04-23;1386;735;72014;29234;24.3;9.9
18;2021-04-24;1355;1269;73369;30503;24.8;10.3
18;2021-04-25;288;217;73657;30720;24.9;10.4
18;2021-04-26;1205;951;74862;31671;25.3;10.7
18;2021-04-27;1545;764;76407;32435;25.8;10.9
18;2021-04-28;1357;875;77764;33310;26.2;11.2
18;2021-04-29;1849;733;79613;34043;26.9;11.5
18;2021-04-30;1570;996;81183;35039;27.4;11.8
18;2021-05-01;788;211;81971;35250;27.7;11.9
18;2021-05-02;806;60;82777;35310;27.9;11.9
18;2021-05-03;1627;1006;84404;36316;28.5;12.3
18;2021-05-04;1730;1283;86134;37599;29.1;12.7
18;2021-05-05;1735;1214;87869;38813;29.6;13.1
18;2021-05-06;2163;1364;90032;40177;30.4;13.6
18;2021-05-07;1233;1402;91265;41579;30.8;14.0
18;2021-05-08;994;1466;92259;43045;31.1;14.5
18;2021-05-09;501;2260;92760;45305;31.3;15.3
18;2021-05-10;1158;1509;93918;46814;31.7;15.8
18;2021-05-11;1696;1751;95614;48565;32.3;16.4
18;2021-05-12;1808;1492;97422;50057;32.9;16.9
18;2021-05-13;1061;370;98483;50427;33.2;17.0
18;2021-05-14;1347;946;99830;51373;33.7;17.3
18;2021-05-15;1810;1162;101640;52535;34.3;17.7
18;2021-05-16;538;582;102178;53117;34.5;17.9
18;2021-05-17;1245;1091;103423;54208;34.9;18.3
18;2021-05-18;2148;934;105571;55142;35.6;18.6
18;2021-05-19;2162;918;107733;56060;36.3;18.9
18;2021-05-20;2278;984;110011;57044;37.1;19.2
18;2021-05-21;1497;763;111508;57807;37.6;19.5
18;2021-05-22;1724;1073;113232;58880;38.2;19.9
18;2021-05-23;485;336;113717;59216;38.4;20.0
18;2021-05-24;462;292;114179;59508;38.5;20.1
18;2021-05-25;1844;1064;116023;60572;39.1;20.4
18;2021-05-26;2152;842;118175;61414;39.9;20.7
18;2021-05-27;2208;1231;120383;62645;40.6;21.1
18;2021-05-28;1713;1305;122096;63950;41.2;21.6
18;2021-05-29;2620;1661;124716;65611;42.1;22.1
18;2021-05-30;1484;505;126200;66116;42.6;22.3
18;2021-05-31;1786;694;127986;66810;43.2;22.5
18;2021-06-01;2040;949;130026;67759;43.9;22.9
18;2021-06-02;2009;1022;132035;68781;44.5;23.2
18;2021-06-03;2283;1197;134318;69978;45.3;23.6
18;2021-06-04;1909;1124;136227;71102;46.0;24.0
18;2021-06-05;2803;1449;139030;72551;46.9;24.5
18;2021-06-06;365;381;139395;72932;47.0;24.6
18;2021-06-07;1296;1233;140691;74165;47.5;25.0
18;2021-06-08;1491;1395;142182;75560;48.0;25.5
18;2021-06-09;1328;1067;143510;76627;48.4;25.9
18;2021-06-10;1631;1406;145141;78033;49.0;26.3
18;2021-06-11;1496;1405;146637;79438;49.5;26.8
18;2021-06-12;1244;2512;147881;81950;49.9;27.6
18;2021-06-13;126;262;148007;82212;49.9;27.7
18;2021-06-14;657;1827;148664;84039;50.2;28.4
18;2021-06-15;1093;1822;149757;85861;50.5;29.0
18;2021-06-16;1256;1441;151013;87302;50.9;29.5
18;2021-06-17;1205;1670;152218;88972;51.4;30.0
18;2021-06-18;1292;1666;153510;90638;51.8;30.6
18;2021-06-19;1564;1251;155074;91889;52.3;31.0
18;2021-06-20;246;159;155320;92048;52.4;31.1
18;2021-06-21;665;1601;155985;93649;52.6;31.6
18;2021-06-22;1069;1644;157054;95293;53.0;32.1
18;2021-06-23;944;1641;157998;96934;53.3;32.7
18;2021-06-24;1033;1062;159031;97996;53.7;33.1
18;2021-06-25;893;1744;159924;99740;54.0;33.7
18;2021-06-26;1098;1472;161022;101212;54.3;34.1
18;2021-06-27;30;372;161052;101584;54.3;34.3
18;2021-06-28;421;1924;161473;103508;54.5;34.9
18;2021-06-29;595;2380;162068;105888;54.7;35.7
18;2021-06-30;601;2544;162669;108432;54.9;36.6
18;2021-07-01;961;2156;163630;110588;55.2;37.3
18;2021-07-02;615;1685;164245;112273;55.4;37.9
18;2021-07-03;755;2576;165000;114849;55.7;38.7
18;2021-07-04;164;1033;165164;115882;55.7;39.1
18;2021-07-05;764;1878;165928;117760;56.0;39.7
18;2021-07-06;560;2302;166488;120062;56.2;40.5
18;2021-07-07;767;2115;167255;122177;56.4;41.2
18;2021-07-08;1031;1984;168286;124161;56.8;41.9
18;2021-07-09;704;2307;168990;126468;57.0;42.7
18;2021-07-10;780;3173;169770;129641;57.3;43.7
18;2021-07-11;81;665;169851;130306;57.3;44.0
18;2021-07-12;223;2251;170074;132557;57.4;44.7
18;2021-07-13;619;2907;170693;135464;57.6;45.7
18;2021-07-14;194;937;170887;136401;57.7;46.0
18;2021-07-15;1394;2816;172281;139217;58.1;47.0
18;2021-07-16;1182;2123;173463;141340;58.5;47.7
18;2021-07-17;1129;2475;174592;143815;58.9;48.5
18;2021-07-18;229;332;174821;144147;59.0;48.6
18;2021-07-19;1055;1659;175876;145806;59.3;49.2
18;2021-07-20;1624;2270;177500;148076;59.9;50.0
18;2021-07-21;1902;2061;179402;150137;60.5;50.7
18;2021-07-22;2214;1892;181616;152029;61.3;51.3
18;2021-07-23;1396;1615;183012;153644;61.7;51.8
18;2021-07-24;885;1534;183897;155178;62.0;52.4
18;2021-07-25;189;399;184086;155577;62.1;52.5
18;2021-07-26;1398;1507;185484;157084;62.6;53.0
18;2021-07-27;1819;1540;187303;158624;63.2;53.5
18;2021-07-28;2196;1797;189499;160421;63.9;54.1
18;2021-07-29;2138;1817;191637;162238;64.7;54.7
18;2021-07-30;1577;1343;193214;163581;65.2;55.2
18;2021-07-31;1234;1281;194448;164862;65.6;55.6
18;2021-08-01;89;34;194537;164896;65.6;55.6
18;2021-08-02;1404;765;195941;165661;66.1;55.9
18;2021-08-03;1711;1623;197652;167284;66.7;56.4
18;2021-08-04;2412;1098;200064;168382;67.5;56.8
18;2021-08-05;1520;1243;201584;169625;68.0;57.2
18;2021-08-06;1576;1141;203160;170766;68.5;57.6
18;2021-08-07;608;762;203768;171528;68.7;57.9
18;2021-08-08;48;60;203816;171588;68.8;57.9
18;2021-08-09;1102;873;204918;172461;69.1;58.2
18;2021-08-10;1204;1509;206122;173970;69.5;58.7
18;2021-08-11;1603;1501;207725;175471;70.1;59.2
18;2021-08-12;1548;1594;209273;177065;70.6;59.7
18;2021-08-13;1082;1165;210355;178230;71.0;60.1
18;2021-08-14;756;600;211111;178830;71.2;60.3
18;2021-08-15;35;17;211146;178847;71.2;60.3
18;2021-08-16;825;1198;211971;180045;71.5;60.7
18;2021-08-17;978;1995;212949;182040;71.8;61.4
18;2021-08-18;1151;1955;214100;183995;72.2;62.1
18;2021-08-19;1084;1609;215184;185604;72.6;62.6
19;2020-12-27;0;0;0;0;0.0;0.0
19;2020-12-28;0;0;0;0;0.0;0.0
19;2020-12-29;1;0;1;0;0.0;0.0
19;2020-12-30;0;0;1;0;0.0;0.0
19;2020-12-31;0;0;1;0;0.0;0.0
19;2021-01-01;0;0;1;0;0.0;0.0
19;2021-01-02;0;0;1;0;0.0;0.0
19;2021-01-03;0;0;1;0;0.0;0.0
19;2021-01-04;0;0;1;0;0.0;0.0
19;2021-01-05;0;0;1;0;0.0;0.0
19;2021-01-06;0;0;1;0;0.0;0.0
19;2021-01-07;343;1;344;1;0.1;0.0
19;2021-01-08;247;1;591;2;0.2;0.0
19;2021-01-09;1;0;592;2;0.2;0.0
19;2021-01-10;1;0;593;2;0.2;0.0
19;2021-01-11;38;0;631;2;0.3;0.0
19;2021-01-12;415;1;1046;3;0.4;0.0
19;2021-01-13;424;2;1470;5;0.6;0.0
19;2021-01-14;475;1;1945;6;0.8;0.0
19;2021-01-15;224;0;2169;6;0.9;0.0
19;2021-01-16;0;0;2169;6;0.9;0.0
19;2021-01-17;1;0;2170;6;0.9;0.0
19;2021-01-18;251;1;2421;7;1.0;0.0
19;2021-01-19;519;0;2940;7;1.2;0.0
19;2021-01-20;922;4;3862;11;1.6;0.0
19;2021-01-21;505;3;4367;14;1.8;0.0
19;2021-01-22;1317;4;5684;18;2.4;0.0
19;2021-01-23;281;0;5965;18;2.5;0.0
19;2021-01-24;36;0;6001;18;2.5;0.0
19;2021-01-25;233;0;6234;18;2.6;0.0
19;2021-01-26;607;4;6841;22;2.8;0.0
19;2021-01-27;334;3;7175;25;3.0;0.0
19;2021-01-28;297;251;7472;276;3.1;0.1
19;2021-01-29;347;60;7819;336;3.3;0.1
19;2021-01-30;130;24;7949;360;3.3;0.1
19;2021-01-31;41;0;7990;360;3.3;0.1
19;2021-02-01;158;95;8148;455;3.4;0.2
19;2021-02-02;303;429;8451;884;3.5;0.4
19;2021-02-03;284;244;8735;1128;3.6;0.5
19;2021-02-04;255;376;8990;1504;3.7;0.6
19;2021-02-05;310;76;9300;1580;3.9;0.7
19;2021-02-06;211;2;9511;1582;4.0;0.7
19;2021-02-07;48;2;9559;1584;4.0;0.7
19;2021-02-08;177;150;9736;1734;4.1;0.7
19;2021-02-09;333;275;10069;2009;4.2;0.8
19;2021-02-10;516;295;10585;2304;4.4;1.0
19;2021-02-11;412;323;10997;2627;4.6;1.1
19;2021-02-12;797;1166;11794;3793;4.9;1.6
19;2021-02-13;352;184;12146;3977;5.1;1.7
19;2021-02-14;98;13;12244;3990;5.1;1.7
19;2021-02-15;200;247;12444;4237;5.2;1.8
19;2021-02-16;385;171;12829;4408;5.3;1.8
19;2021-02-17;306;469;13135;4877;5.5;2.0
19;2021-02-18;174;510;13309;5387;5.5;2.2
19;2021-02-19;469;301;13778;5688;5.7;2.4
19;2021-02-20;133;209;13911;5897;5.8;2.5
19;2021-02-21;20;40;13931;5937;5.8;2.5
19;2021-02-22;220;210;14151;6147;5.9;2.6
19;2021-02-23;268;345;14419;6492;6.0;2.7
19;2021-02-24;361;209;14780;6701;6.1;2.8
19;2021-02-25;519;383;15299;7084;6.4;2.9
19;2021-02-26;395;318;15694;7402;6.5;3.1
19;2021-02-27;348;162;16042;7564;6.7;3.1
19;2021-02-28;68;36;16110;7600;6.7;3.2
19;2021-03-01;266;221;16376;7821;6.8;3.3
19;2021-03-02;428;259;16804;8080;7.0;3.4
19;2021-03-03;691;337;17495;8417;7.3;3.5
19;2021-03-04;825;352;18320;8769;7.6;3.6
19;2021-03-05;891;735;19211;9504;8.0;4.0
19;2021-03-06;1072;216;20283;9720;8.4;4.0
19;2021-03-07;463;37;20746;9757;8.6;4.1
19;2021-03-08;638;163;21384;9920;8.9;4.1
19;2021-03-09;835;246;22219;10166;9.2;4.2
19;2021-03-10;1155;320;23374;10486;9.7;4.4
19;2021-03-11;1274;308;24648;10794;10.3;4.5
19;2021-03-12;1137;405;25785;11199;10.7;4.7
19;2021-03-13;1111;168;26896;11367;11.2;4.7
19;2021-03-14;160;84;27056;11451;11.3;4.8
19;2021-03-15;699;137;27755;11588;11.5;4.8
19;2021-03-16;688;303;28443;11891;11.8;4.9
19;2021-03-17;838;280;29281;12171;12.2;5.1
19;2021-03-18;767;283;30048;12454;12.5;5.2
19;2021-03-19;1014;487;31062;12941;12.9;5.4
19;2021-03-20;782;131;31844;13072;13.2;5.4
19;2021-03-21;128;4;31972;13076;13.3;5.4
19;2021-03-22;548;176;32520;13252;13.5;5.5
19;2021-03-23;1044;232;33564;13484;14.0;5.6
19;2021-03-24;1171;373;34735;13857;14.5;5.8
19;2021-03-25;1189;415;35924;14272;14.9;5.9
19;2021-03-26;1323;277;37247;14549;15.5;6.1
19;2021-03-27;854;188;38101;14737;15.9;6.1
19;2021-03-28;63;60;38164;14797;15.9;6.2
19;2021-03-29;612;177;38776;14974;16.1;6.2
19;2021-03-30;971;344;39747;15318;16.5;6.4
19;2021-03-31;1157;498;40904;15816;17.0;6.6
19;2021-04-01;1491;427;42395;16243;17.6;6.8
19;2021-04-02;1006;525;43401;16768;18.1;7.0
19;2021-04-03;597;283;43998;17051;18.3;7.1
19;2021-04-04;130;3;44128;17054;18.4;7.1
19;2021-04-05;40;75;44168;17129;18.4;7.1
19;2021-04-06;735;603;44903;17732;18.7;7.4
19;2021-04-07;978;732;45881;18464;19.1;7.7
19;2021-04-08;1116;1018;46997;19482;19.6;8.1
19;2021-04-09;1641;612;48638;20094;20.2;8.4
19;2021-04-10;946;557;49584;20651;20.6;8.6
19;2021-04-11;558;75;50142;20726;20.9;8.6
19;2021-04-12;681;522;50823;21248;21.1;8.8
19;2021-04-13;915;578;51738;21826;21.5;9.1
19;2021-04-14;1335;842;53073;22668;22.1;9.4
19;2021-04-15;1229;873;54302;23541;22.6;9.8
19;2021-04-16;1505;820;55807;24361;23.2;10.1
19;2021-04-17;761;478;56568;24839;23.5;10.3
19;2021-04-18;660;69;57228;24908;23.8;10.4
19;2021-04-19;730;439;57958;25347;24.1;10.5
19;2021-04-20;978;748;58936;26095;24.5;10.9
19;2021-04-21;1271;700;60207;26795;25.1;11.1
19;2021-04-22;1190;896;61397;27691;25.5;11.5
19;2021-04-23;1128;1021;62525;28712;26.0;11.9
19;2021-04-24;679;675;63204;29387;26.3;12.2
19;2021-04-25;675;69;63879;29456;26.6;12.3
19;2021-04-26;1056;331;64935;29787;27.0;12.4
19;2021-04-27;1028;570;65963;30357;27.4;12.6
19;2021-04-28;1553;554;67516;30911;28.1;12.9
19;2021-04-29;1453;1195;68969;32106;28.7;13.4
19;2021-04-30;1877;1059;70846;33165;29.5;13.8
19;2021-05-01;670;168;71516;33333;29.8;13.9
19;2021-05-02;550;152;72066;33485;30.0;13.9
19;2021-05-03;854;547;72920;34032;30.3;14.2
19;2021-05-04;1025;708;73945;34740;30.8;14.5
19;2021-05-05;1255;741;75200;35481;31.3;14.8
19;2021-05-06;1127;1199;76327;36680;31.8;15.3
19;2021-05-07;1665;1191;77992;37871;32.5;15.8
19;2021-05-08;712;207;78704;38078;32.7;15.8
19;2021-05-09;487;545;79191;38623;33.0;16.1
19;2021-05-10;1164;670;80355;39293;33.4;16.3
19;2021-05-11;1639;859;81994;40152;34.1;16.7
19;2021-05-12;1945;1318;83939;41470;34.9;17.3
19;2021-05-13;571;242;84510;41712;35.2;17.4
19;2021-05-14;1646;987;86156;42699;35.8;17.8
19;2021-05-15;1443;591;87599;43290;36.4;18.0
19;2021-05-16;350;82;87949;43372;36.6;18.0
19;2021-05-17;1498;559;89447;43931;37.2;18.3
19;2021-05-18;1671;500;91118;44431;37.9;18.5
19;2021-05-19;2006;830;93124;45261;38.7;18.8
19;2021-05-20;1722;889;94846;46150;39.5;19.2
19;2021-05-21;1964;815;96810;46965;40.3;19.5
19;2021-05-22;1272;652;98082;47617;40.8;19.8
19;2021-05-23;324;131;98406;47748;40.9;19.9
19;2021-05-24;139;46;98545;47794;41.0;19.9
19;2021-05-25;1503;492;100048;48286;41.6;20.1
19;2021-05-26;1926;667;101974;48953;42.4;20.4
19;2021-05-27;1787;833;103761;49786;43.2;20.7
19;2021-05-28;1937;990;105698;50776;44.0;21.1
19;2021-05-29;1375;705;107073;51481;44.6;21.4
19;2021-05-30;191;497;107264;51978;44.6;21.6
19;2021-05-31;1199;537;108463;52515;45.1;21.9
19;2021-06-01;1283;886;109746;53401;45.7;22.2
19;2021-06-02;1817;958;111563;54359;46.4;22.6
19;2021-06-03;1447;1253;113010;55612;47.0;23.1
19;2021-06-04;1848;1357;114858;56969;47.8;23.7
19;2021-06-05;1210;815;116068;57784;48.3;24.0
19;2021-06-06;87;649;116155;58433;48.3;24.3
19;2021-06-07;922;934;117077;59367;48.7;24.7
19;2021-06-08;1104;907;118181;60274;49.2;25.1
19;2021-06-09;1328;1463;119509;61737;49.7;25.7
19;2021-06-10;1284;1581;120793;63318;50.3;26.3
19;2021-06-11;1314;1917;122107;65235;50.8;27.1
19;2021-06-12;1357;1317;123464;66552;51.4;27.7
19;2021-06-13;543;423;124007;66975;51.6;27.9
19;2021-06-14;736;1017;124743;67992;51.9;28.3
19;2021-06-15;979;1144;125722;69136;52.3;28.8
19;2021-06-16;1223;1363;126945;70499;52.8;29.3
19;2021-06-17;869;1792;127814;72291;53.2;30.1
19;2021-06-18;1057;2136;128871;74427;53.6;31.0
19;2021-06-19;918;1302;129789;75729;54.0;31.5
19;2021-06-20;395;327;130184;76056;54.2;31.6
19;2021-06-21;500;1076;130684;77132;54.4;32.1
19;2021-06-22;698;1490;131382;78622;54.7;32.7
19;2021-06-23;743;1985;132125;80607;55.0;33.5
19;2021-06-24;687;1663;132812;82270;55.3;34.2
19;2021-06-25;562;2216;133374;84486;55.5;35.2
19;2021-06-26;471;1738;133845;86224;55.7;35.9
19;2021-06-27;289;444;134134;86668;55.8;36.1
19;2021-06-28;315;1500;134449;88168;55.9;36.7
19;2021-06-29;354;1892;134803;90060;56.1;37.5
19;2021-06-30;795;2152;135598;92212;56.4;38.4
19;2021-07-01;361;2320;135959;94532;56.6;39.3
19;2021-07-02;781;2318;136740;96850;56.9;40.3
19;2021-07-03;513;1738;137253;98588;57.1;41.0
19;2021-07-04;1;73;137254;98661;57.1;41.1
19;2021-07-05;600;1015;137854;99676;57.4;41.5
19;2021-07-06;506;1541;138360;101217;57.6;42.1
19;2021-07-07;705;2045;139065;103262;57.9;43.0
19;2021-07-08;768;2148;139833;105410;58.2;43.9
19;2021-07-09;715;2659;140548;108069;58.5;45.0
19;2021-07-10;587;1709;141135;109778;58.7;45.7
19;2021-07-11;45;212;141180;109990;58.7;45.8
19;2021-07-12;447;1488;141627;111478;58.9;46.4
19;2021-07-13;680;1826;142307;113304;59.2;47.1
19;2021-07-14;202;273;142509;113577;59.3;47.3
19;2021-07-15;871;2051;143380;115628;59.7;48.1
19;2021-07-16;1228;2445;144608;118073;60.2;49.1
19;2021-07-17;702;1718;145310;119791;60.5;49.8
19;2021-07-18;363;672;145673;120463;60.6;50.1
19;2021-07-19;968;1405;146641;121868;61.0;50.7
19;2021-07-20;967;1675;147608;123543;61.4;51.4
19;2021-07-21;1082;1711;148690;125254;61.9;52.1
19;2021-07-22;1388;1854;150078;127108;62.4;52.9
19;2021-07-23;1780;1992;151858;129100;63.2;53.7
19;2021-07-24;908;1752;152766;130852;63.6;54.4
19;2021-07-25;160;513;152926;131365;63.6;54.7
19;2021-07-26;906;909;153832;132274;64.0;55.0
19;2021-07-27;1421;1116;155253;133390;64.6;55.5
19;2021-07-28;2040;1222;157293;134612;65.4;56.0
19;2021-07-29;1615;1204;158908;135816;66.1;56.5
19;2021-07-30;1900;1022;160808;136838;66.9;56.9
19;2021-07-31;1126;1016;161934;137854;67.4;57.4
19;2021-08-01;347;372;162281;138226;67.5;57.5
19;2021-08-02;1135;805;163416;139031;68.0;57.8
19;2021-08-03;1446;1049;164862;140080;68.6;58.3
19;2021-08-04;1973;761;166835;140841;69.4;58.6
19;2021-08-05;1620;950;168455;141791;70.1;59.0
19;2021-08-06;1959;1212;170414;143003;70.9;59.5
19;2021-08-07;1327;994;171741;143997;71.5;59.9
19;2021-08-08;184;232;171925;144229;71.5;60.0
19;2021-08-09;999;786;172924;145015;72.0;60.3
19;2021-08-10;1278;1007;174202;146022;72.5;60.8
19;2021-08-11;1346;1002;175548;147024;73.0;61.2
19;2021-08-12;1016;1278;176564;148302;73.5;61.7
19;2021-08-13;1167;1276;177731;149578;74.0;62.2
19;2021-08-14;974;1160;178705;150738;74.4;62.7
19;2021-08-15;30;54;178735;150792;74.4;62.7
19;2021-08-16;586;1026;179321;151818;74.6;63.2
19;2021-08-17;604;1165;179925;152983;74.9;63.7
19;2021-08-18;625;980;180550;153963;75.1;64.1
19;2021-08-19;430;1259;180980;155222;75.3;64.6
21;2020-12-27;4;0;4;0;0.0;0.0
21;2020-12-28;2;0;6;0;0.0;0.0
21;2020-12-29;19;0;25;0;0.0;0.0
21;2020-12-30;22;0;47;0;0.0;0.0
21;2020-12-31;0;0;47;0;0.0;0.0
21;2021-01-01;0;0;47;0;0.0;0.0
21;2021-01-02;1;0;48;0;0.0;0.0
21;2021-01-03;1;0;49;0;0.0;0.0
21;2021-01-04;22;0;71;0;0.0;0.0
21;2021-01-05;250;2;321;2;0.1;0.0
21;2021-01-06;300;0;621;2;0.1;0.0
21;2021-01-07;387;0;1008;2;0.2;0.0
21;2021-01-08;455;2;1463;4;0.3;0.0
21;2021-01-09;252;0;1715;4;0.3;0.0
21;2021-01-10;1;0;1716;4;0.3;0.0
21;2021-01-11;624;1;2340;5;0.4;0.0
21;2021-01-12;655;0;2995;5;0.6;0.0
21;2021-01-13;703;2;3698;7;0.7;0.0
21;2021-01-14;1188;6;4886;13;0.9;0.0
21;2021-01-15;716;5;5602;18;1.1;0.0
21;2021-01-16;162;0;5764;18;1.1;0.0
21;2021-01-17;5;0;5769;18;1.1;0.0
21;2021-01-18;1317;5;7086;23;1.3;0.0
21;2021-01-19;1366;2;8452;25;1.6;0.0
21;2021-01-20;1296;45;9748;70;1.8;0.0
21;2021-01-21;1540;3;11288;73;2.1;0.0
21;2021-01-22;1244;5;12532;78;2.4;0.0
21;2021-01-23;487;0;13019;78;2.4;0.0
21;2021-01-24;122;0;13141;78;2.5;0.0
21;2021-01-25;925;18;14066;96;2.6;0.0
21;2021-01-26;1542;146;15608;242;2.9;0.0
21;2021-01-27;2044;156;17652;398;3.3;0.1
21;2021-01-28;1450;227;19102;625;3.6;0.1
21;2021-01-29;1022;212;20124;837;3.8;0.2
21;2021-01-30;469;31;20593;868;3.9;0.2
21;2021-01-31;97;3;20690;871;3.9;0.2
21;2021-02-01;452;287;21142;1158;4.0;0.2
21;2021-02-02;455;442;21597;1600;4.1;0.3
21;2021-02-03;442;282;22039;1882;4.1;0.4
21;2021-02-04;417;547;22456;2429;4.2;0.5
21;2021-02-05;489;524;22945;2953;4.3;0.6
21;2021-02-06;154;223;23099;3176;4.3;0.6
21;2021-02-07;2;2;23101;3178;4.3;0.6
21;2021-02-08;433;391;23534;3569;4.4;0.7
21;2021-02-09;514;522;24048;4091;4.5;0.8
21;2021-02-10;461;583;24509;4674;4.6;0.9
21;2021-02-11;484;753;24993;5427;4.7;1.0
21;2021-02-12;356;939;25349;6366;4.8;1.2
21;2021-02-13;360;321;25709;6687;4.8;1.3
21;2021-02-14;240;149;25949;6836;4.9;1.3
21;2021-02-15;120;1412;26069;8248;4.9;1.5
21;2021-02-16;206;1572;26275;9820;4.9;1.8
21;2021-02-17;398;1986;26673;11806;5.0;2.2
21;2021-02-18;603;1357;27276;13163;5.1;2.5
21;2021-02-19;216;1139;27492;14302;5.2;2.7
21;2021-02-20;122;429;27614;14731;5.2;2.8
21;2021-02-21;1;83;27615;14814;5.2;2.8
21;2021-02-22;83;776;27698;15590;5.2;2.9
21;2021-02-23;169;1042;27867;16632;5.2;3.1
21;2021-02-24;226;746;28093;17378;5.3;3.3
21;2021-02-25;646;835;28739;18213;5.4;3.4
21;2021-02-26;927;720;29666;18933;5.6;3.6
21;2021-02-27;535;302;30201;19235;5.7;3.6
21;2021-02-28;24;134;30225;19369;5.7;3.6
21;2021-03-01;679;630;30904;19999;5.8;3.8
21;2021-03-02;1055;554;31959;20553;6.0;3.9
21;2021-03-03;1164;442;33123;20995;6.2;3.9
21;2021-03-04;1683;519;34806;21514;6.5;4.0
21;2021-03-05;2197;661;37003;22175;6.9;4.2
21;2021-03-06;1591;194;38594;22369;7.2;4.2
21;2021-03-07;4;16;38598;22385;7.2;4.2
21;2021-03-08;772;447;39370;22832;7.4;4.3
21;2021-03-09;1570;569;40940;23401;7.7;4.4
21;2021-03-10;1626;562;42566;23963;8.0;4.5
21;2021-03-11;2193;693;44759;24656;8.4;4.6
21;2021-03-12;2903;436;47662;25092;8.9;4.7
21;2021-03-13;1932;187;49594;25279;9.3;4.7
21;2021-03-14;38;50;49632;25329;9.3;4.8
21;2021-03-15;1413;85;51045;25414;9.6;4.8
21;2021-03-16;1879;151;52924;25565;9.9;4.8
21;2021-03-17;1807;112;54731;25677;10.3;4.8
21;2021-03-18;2124;263;56855;25940;10.7;4.9
21;2021-03-19;1963;144;58818;26084;11.0;4.9
21;2021-03-20;1228;38;60046;26122;11.3;4.9
21;2021-03-21;2;0;60048;26122;11.3;4.9
21;2021-03-22;1556;90;61604;26212;11.6;4.9
21;2021-03-23;2694;102;64298;26314;12.1;4.9
21;2021-03-24;2890;160;67188;26474;12.6;5.0
21;2021-03-25;3732;240;70920;26714;13.3;5.0
21;2021-03-26;3656;203;74576;26917;14.0;5.1
21;2021-03-27;1731;59;76307;26976;14.3;5.1
21;2021-03-28;200;37;76507;27013;14.4;5.1
21;2021-03-29;1789;517;78296;27530;14.7;5.2
21;2021-03-30;2348;805;80644;28335;15.1;5.3
21;2021-03-31;2718;652;83362;28987;15.6;5.4
21;2021-04-01;2689;718;86051;29705;16.1;5.6
21;2021-04-02;2247;739;88298;30444;16.6;5.7
21;2021-04-03;1018;279;89316;30723;16.8;5.8
21;2021-04-04;2;12;89318;30735;16.8;5.8
21;2021-04-05;9;0;89327;30735;16.8;5.8
21;2021-04-06;1360;1136;90687;31871;17.0;6.0
21;2021-04-07;1749;970;92436;32841;17.3;6.2
21;2021-04-08;3215;1138;95651;33979;17.9;6.4
21;2021-04-09;3481;1191;99132;35170;18.6;6.6
21;2021-04-10;1377;742;100509;35912;18.9;6.7
21;2021-04-11;145;3;100654;35915;18.9;6.7
21;2021-04-12;1116;1349;101770;37264;19.1;7.0
21;2021-04-13;1655;1784;103425;39048;19.4;7.3
21;2021-04-14;1483;1471;104908;40519;19.7;7.6
21;2021-04-15;1904;1593;106812;42112;20.0;7.9
21;2021-04-16;2322;1314;109134;43426;20.5;8.1
21;2021-04-17;1018;970;110152;44396;20.7;8.3
21;2021-04-18;15;4;110167;44400;20.7;8.3
21;2021-04-19;1110;1324;111277;45724;20.9;8.6
21;2021-04-20;1240;1836;112517;47560;21.1;8.9
21;2021-04-21;1095;1721;113612;49281;21.3;9.2
21;2021-04-22;1275;2213;114887;51494;21.6;9.7
21;2021-04-23;1983;1725;116870;53219;21.9;10.0
21;2021-04-24;1002;872;117872;54091;22.1;10.2
21;2021-04-25;9;168;117881;54259;22.1;10.2
21;2021-04-26;1013;1598;118894;55857;22.3;10.5
21;2021-04-27;1839;1941;120733;57798;22.7;10.8
21;2021-04-28;2231;2225;122964;60023;23.1;11.3
21;2021-04-29;3136;2267;126100;62290;23.7;11.7
21;2021-04-30;3559;1866;129659;64156;24.3;12.0
21;2021-05-01;962;227;130621;64383;24.5;12.1
21;2021-05-02;2;5;130623;64388;24.5;12.1
21;2021-05-03;2081;1350;132704;65738;24.9;12.3
21;2021-05-04;2577;1650;135281;67388;25.4;12.6
21;2021-05-05;2249;1691;137530;69079;25.8;13.0
21;2021-05-06;3014;2242;140544;71321;26.4;13.4
21;2021-05-07;2806;2187;143350;73508;26.9;13.8
21;2021-05-08;1068;270;144418;73778;27.1;13.8
21;2021-05-09;26;176;144444;73954;27.1;13.9
21;2021-05-10;3170;1732;147614;75686;27.7;14.2
21;2021-05-11;4917;2009;152531;77695;28.6;14.6
21;2021-05-12;4804;1749;157335;79444;29.5;14.9
21;2021-05-13;3846;363;161181;79807;30.2;15.0
21;2021-05-14;5200;1470;166381;81277;31.2;15.3
21;2021-05-15;3429;650;169810;81927;31.9;15.4
21;2021-05-16;49;4;169859;81931;31.9;15.4
21;2021-05-17;4130;1260;173989;83191;32.7;15.6
21;2021-05-18;4360;1505;178349;84696;33.5;15.9
21;2021-05-19;3471;1132;181820;85828;34.1;16.1
21;2021-05-20;3899;1358;185719;87186;34.9;16.4
21;2021-05-21;3625;2154;189344;89340;35.5;16.8
21;2021-05-22;1669;769;191013;90109;35.8;16.9
21;2021-05-23;4;17;191017;90126;35.8;16.9
21;2021-05-24;1817;266;192834;90392;36.2;17.0
21;2021-05-25;2648;1968;195482;92360;36.7;17.3
21;2021-05-26;2604;1999;198086;94359;37.2;17.7
21;2021-05-27;4014;2111;202100;96470;37.9;18.1
21;2021-05-28;3572;2831;205672;99301;38.6;18.6
21;2021-05-29;1927;1467;207599;100768;39.0;18.9
21;2021-05-30;98;13;207697;100781;39.0;18.9
21;2021-05-31;2502;1783;210199;102564;39.4;19.2
21;2021-06-01;3455;2259;213654;104823;40.1;19.7
21;2021-06-02;2618;1766;216272;106589;40.6;20.0
21;2021-06-03;3147;2080;219419;108669;41.2;20.4
21;2021-06-04;3282;2590;222701;111259;41.8;20.9
21;2021-06-05;2924;1653;225625;112912;42.3;21.2
21;2021-06-06;51;85;225676;112997;42.3;21.2
21;2021-06-07;4315;1352;229991;114349;43.2;21.5
21;2021-06-08;4941;2143;234932;116492;44.1;21.9
21;2021-06-09;4501;1627;239433;118119;44.9;22.2
21;2021-06-10;3931;2599;243364;120718;45.7;22.7
21;2021-06-11;4167;3111;247531;123829;46.5;23.2
21;2021-06-12;2198;1608;249729;125437;46.9;23.5
21;2021-06-13;29;11;249758;125448;46.9;23.5
21;2021-06-14;2199;2568;251957;128016;47.3;24.0
21;2021-06-15;2962;3096;254919;131112;47.8;24.6
21;2021-06-16;2854;2613;257773;133725;48.4;25.1
21;2021-06-17;3421;3045;261194;136770;49.0;25.7
21;2021-06-18;2427;3801;263621;140571;49.5;26.4
21;2021-06-19;2044;1864;265665;142435;49.9;26.7
21;2021-06-20;26;13;265691;142448;49.9;26.7
21;2021-06-21;1843;3414;267534;145862;50.2;27.4
21;2021-06-22;1880;5832;269414;151694;50.6;28.5
21;2021-06-23;2027;5013;271441;156707;50.9;29.4
21;2021-06-24;2365;4664;273806;161371;51.4;30.3
21;2021-06-25;1529;5899;275335;167270;51.7;31.4
21;2021-06-26;1441;3901;276776;171171;51.9;32.1
21;2021-06-27;18;125;276794;171296;51.9;32.1
21;2021-06-28;1398;4019;278192;175315;52.2;32.9
21;2021-06-29;1636;4180;279828;179495;52.5;33.7
21;2021-06-30;1567;3376;281395;182871;52.8;34.3
21;2021-07-01;1664;4148;283059;187019;53.1;35.1
21;2021-07-02;2176;4229;285235;191248;53.5;35.9
21;2021-07-03;1093;2101;286328;193349;53.7;36.3
21;2021-07-04;37;55;286365;193404;53.7;36.3
21;2021-07-05;1608;3626;287973;197030;54.0;37.0
21;2021-07-06;1347;3587;289320;200617;54.3;37.6
21;2021-07-07;1455;3242;290775;203859;54.6;38.3
21;2021-07-08;1879;4158;292654;208017;54.9;39.0
21;2021-07-09;2076;4352;294730;212369;55.3;39.9
21;2021-07-10;1089;2544;295819;214913;55.5;40.3
21;2021-07-11;21;74;295840;214987;55.5;40.3
21;2021-07-12;1655;3727;297495;218714;55.8;41.0
21;2021-07-13;2342;4897;299837;223611;56.3;42.0
21;2021-07-14;2873;2015;302710;225626;56.8;42.3
21;2021-07-15;3812;4559;306522;230185;57.5;43.2
21;2021-07-16;3882;5253;310404;235438;58.2;44.2
21;2021-07-17;2773;4168;313177;239606;58.8;45.0
21;2021-07-18;157;82;313334;239688;58.8;45.0
21;2021-07-19;2378;4626;315712;244314;59.2;45.8
21;2021-07-20;2755;5494;318467;249808;59.8;46.9
21;2021-07-21;2901;4791;321368;254599;60.3;47.8
21;2021-07-22;3016;4725;324384;259324;60.9;48.7
21;2021-07-23;4346;4889;328730;264213;61.7;49.6
21;2021-07-24;3034;3014;331764;267227;62.3;50.1
21;2021-07-25;68;40;331832;267267;62.3;50.2
21;2021-07-26;2661;3588;334493;270855;62.8;50.8
21;2021-07-27;3398;3777;337891;274632;63.4;51.5
21;2021-07-28;3564;3348;341455;277980;64.1;52.2
21;2021-07-29;4109;3368;345564;281348;64.8;52.8
21;2021-07-30;4577;3343;350141;284691;65.7;53.4
21;2021-07-31;3404;2363;353545;287054;66.3;53.9
21;2021-08-01;328;57;353873;287111;66.4;53.9
21;2021-08-02;2524;3162;356397;290273;66.9;54.5
21;2021-08-03;2602;2767;358999;293040;67.4;55.0
21;2021-08-04;2352;2481;361351;295521;67.8;55.5
21;2021-08-05;2193;3082;363544;298603;68.2;56.0
21;2021-08-06;2554;3297;366098;301900;68.7;56.7
21;2021-08-07;1887;2649;367985;304549;69.1;57.2
21;2021-08-08;74;68;368059;304617;69.1;57.2
21;2021-08-09;1618;2926;369677;307543;69.4;57.7
21;2021-08-10;1396;2711;371073;310254;69.6;58.2
21;2021-08-11;1647;2443;372720;312697;69.9;58.7
21;2021-08-12;1138;2420;373858;315117;70.2;59.1
21;2021-08-13;1452;2738;375310;317855;70.4;59.6
21;2021-08-14;834;2427;376144;320282;70.6;60.1
21;2021-08-15;51;63;376195;320345;70.6;60.1
21;2021-08-16;1387;2819;377582;323164;70.9;60.6
21;2021-08-17;1192;2773;378774;325937;71.1;61.2
21;2021-08-18;1014;2865;379788;328802;71.3;61.7
21;2021-08-19;933;3056;380721;331858;71.4;62.3
22;2020-12-27;0;0;0;0;0.0;0.0
22;2020-12-28;0;0;0;0;0.0;0.0
22;2020-12-29;0;0;0;0;0.0;0.0
22;2020-12-30;0;0;0;0;0.0;0.0
22;2020-12-31;0;0;0;0;0.0;0.0
22;2021-01-01;0;0;0;0;0.0;0.0
22;2021-01-02;2;0;2;0;0.0;0.0
22;2021-01-03;0;0;2;0;0.0;0.0
22;2021-01-04;5;0;7;0;0.0;0.0
22;2021-01-05;61;0;68;0;0.0;0.0
22;2021-01-06;114;1;182;1;0.0;0.0
22;2021-01-07;67;0;249;1;0.0;0.0
22;2021-01-08;174;0;423;1;0.1;0.0
22;2021-01-09;1;0;424;1;0.1;0.0
22;2021-01-10;0;0;424;1;0.1;0.0
22;2021-01-11;234;3;658;4;0.1;0.0
22;2021-01-12;627;0;1285;4;0.2;0.0
22;2021-01-13;676;1;1961;5;0.3;0.0
22;2021-01-14;716;8;2677;13;0.4;0.0
22;2021-01-15;529;2;3206;15;0.5;0.0
22;2021-01-16;96;0;3302;15;0.6;0.0
22;2021-01-17;1;0;3303;15;0.6;0.0
22;2021-01-18;311;1;3614;16;0.6;0.0
22;2021-01-19;687;1;4301;17;0.7;0.0
22;2021-01-20;598;0;4899;17;0.8;0.0
22;2021-01-21;947;1;5846;18;1.0;0.0
22;2021-01-22;839;2;6685;20;1.1;0.0
22;2021-01-23;219;0;6904;20;1.2;0.0
22;2021-01-24;1;0;6905;20;1.2;0.0
22;2021-01-25;748;10;7653;30;1.3;0.0
22;2021-01-26;1016;59;8669;89;1.5;0.0
22;2021-01-27;3858;111;12527;200;2.1;0.0
22;2021-01-28;4512;84;17039;284;2.9;0.0
22;2021-01-29;1898;129;18937;413;3.2;0.1
22;2021-01-30;287;0;19224;413;3.2;0.1
22;2021-01-31;3;0;19227;413;3.2;0.1
22;2021-02-01;641;81;19868;494;3.3;0.1
22;2021-02-02;903;436;20771;930;3.5;0.2
22;2021-02-03;690;504;21461;1434;3.6;0.2
22;2021-02-04;965;636;22426;2070;3.8;0.3
22;2021-02-05;721;563;23147;2633;3.9;0.4
22;2021-02-06;249;0;23396;2633;3.9;0.4
22;2021-02-07;0;0;23396;2633;3.9;0.4
22;2021-02-08;531;133;23927;2766;4.0;0.5
22;2021-02-09;615;344;24542;3110;4.1;0.5
22;2021-02-10;425;201;24967;3311;4.2;0.6
22;2021-02-11;1086;325;26053;3636;4.4;0.6
22;2021-02-12;594;329;26647;3965;4.5;0.7
22;2021-02-13;319;78;26966;4043;4.5;0.7
22;2021-02-14;0;5;26966;4048;4.5;0.7
22;2021-02-15;672;428;27638;4476;4.6;0.8
22;2021-02-16;1042;704;28680;5180;4.8;0.9
22;2021-02-17;1202;2462;29882;7642;5.0;1.3
22;2021-02-18;2141;3008;32023;10650;5.4;1.8
22;2021-02-19;1636;1946;33659;12596;5.6;2.1
22;2021-02-20;479;214;34138;12810;5.7;2.1
22;2021-02-21;5;49;34143;12859;5.7;2.2
22;2021-02-22;403;721;34546;13580;5.8;2.3
22;2021-02-23;664;931;35210;14511;5.9;2.4
22;2021-02-24;695;944;35905;15455;6.0;2.6
22;2021-02-25;1201;1207;37106;16662;6.2;2.8
22;2021-02-26;1066;711;38172;17373;6.4;2.9
22;2021-02-27;564;286;38736;17659;6.5;3.0
22;2021-02-28;16;8;38752;17667;6.5;3.0
22;2021-03-01;958;525;39710;18192;6.7;3.1
22;2021-03-02;1205;878;40915;19070;6.9;3.2
22;2021-03-03;1325;861;42240;19931;7.1;3.3
22;2021-03-04;1600;930;43840;20861;7.4;3.5
22;2021-03-05;2107;808;45947;21669;7.7;3.6
22;2021-03-06;1113;298;47060;21967;7.9;3.7
22;2021-03-07;219;1;47279;21968;7.9;3.7
22;2021-03-08;1291;658;48570;22626;8.1;3.8
22;2021-03-09;1824;752;50394;23378;8.5;3.9
22;2021-03-10;1988;1004;52382;24382;8.8;4.1
22;2021-03-11;2373;1654;54755;26036;9.2;4.4
22;2021-03-12;3101;960;57856;26996;9.7;4.5
22;2021-03-13;1716;294;59572;27290;10.0;4.6
22;2021-03-14;245;23;59817;27313;10.0;4.6
22;2021-03-15;1619;566;61436;27879;10.3;4.7
22;2021-03-16;1601;854;63037;28733;10.6;4.8
22;2021-03-17;2649;701;65686;29434;11.0;4.9
22;2021-03-18;2553;1111;68239;30545;11.4;5.1
22;2021-03-19;3282;799;71521;31344;12.0;5.3
22;2021-03-20;2208;286;73729;31630;12.4;5.3
22;2021-03-21;16;0;73745;31630;12.4;5.3
22;2021-03-22;2364;364;76109;31994;12.8;5.4
22;2021-03-23;3143;785;79252;32779;13.3;5.5
22;2021-03-24;3484;685;82736;33464;13.9;5.6
22;2021-03-25;3962;605;86698;34069;14.5;5.7
22;2021-03-26;4003;484;90701;34553;15.2;5.8
22;2021-03-27;2088;180;92789;34733;15.6;5.8
22;2021-03-28;67;1;92856;34734;15.6;5.8
22;2021-03-29;2766;910;95622;35644;16.0;6.0
22;2021-03-30;3567;1155;99189;36799;16.6;6.2
22;2021-03-31;3675;1089;102864;37888;17.3;6.4
22;2021-04-01;4941;1127;107805;39015;18.1;6.5
22;2021-04-02;4392;1037;112197;40052;18.8;6.7
22;2021-04-03;1997;403;114194;40455;19.2;6.8
22;2021-04-04;37;0;114231;40455;19.2;6.8
22;2021-04-05;15;0;114246;40455;19.2;6.8
22;2021-04-06;3289;1139;117535;41594;19.7;7.0
22;2021-04-07;3427;1366;120962;42960;20.3;7.2
22;2021-04-08;4448;1322;125410;44282;21.0;7.4
22;2021-04-09;5185;1355;130595;45637;21.9;7.7
22;2021-04-10;2445;365;133040;46002;22.3;7.7
22;2021-04-11;485;10;133525;46012;22.4;7.7
22;2021-04-12;2985;1002;136510;47014;22.9;7.9
22;2021-04-13;3321;1517;139831;48531;23.5;8.1
22;2021-04-14;3168;2488;142999;51019;24.0;8.6
22;2021-04-15;3598;2435;146597;53454;24.6;9.0
22;2021-04-16;3632;2488;150229;55942;25.2;9.4
22;2021-04-17;1918;1787;152147;57729;25.5;9.7
22;2021-04-18;17;0;152164;57729;25.5;9.7
22;2021-04-19;3021;2149;155185;59878;26.0;10.0
22;2021-04-20;3308;2794;158493;62672;26.6;10.5
22;2021-04-21;3224;2732;161717;65404;27.1;11.0
22;2021-04-22;3592;3132;165309;68536;27.7;11.5
22;2021-04-23;3729;3173;169038;71709;28.4;12.0
22;2021-04-24;2004;1962;171042;73671;28.7;12.4
22;2021-04-25;17;0;171059;73671;28.7;12.4
22;2021-04-26;3212;2853;174271;76524;29.2;12.8
22;2021-04-27;3372;3143;177643;79667;29.8;13.4
22;2021-04-28;3490;3153;181133;82820;30.4;13.9
22;2021-04-29;4081;3271;185214;86091;31.1;14.4
22;2021-04-30;3905;3228;189119;89319;31.7;15.0
22;2021-05-01;60;69;189179;89388;31.7;15.0
22;2021-05-02;1237;60;190416;89448;31.9;15.0
22;2021-05-03;2032;2710;192448;92158;32.3;15.5
22;2021-05-04;2156;2900;194604;95058;32.6;15.9
22;2021-05-05;2052;3007;196656;98065;33.0;16.4
22;2021-05-06;2509;3497;199165;101562;33.4;17.0
22;2021-05-07;2831;3409;201996;104971;33.9;17.6
22;2021-05-08;45;121;202041;105092;33.9;17.6
22;2021-05-09;600;436;202641;105528;34.0;17.7
22;2021-05-10;4475;2730;207116;108258;34.7;18.2
22;2021-05-11;5104;2903;212220;111161;35.6;18.6
22;2021-05-12;6599;1022;218819;112183;36.7;18.8
22;2021-05-13;528;35;219347;112218;36.8;18.8
22;2021-05-14;6408;1086;225755;113304;37.9;19.0
22;2021-05-15;3987;428;229742;113732;38.5;19.1
22;2021-05-16;419;36;230161;113768;38.6;19.1
22;2021-05-17;5669;518;235830;114286;39.6;19.2
22;2021-05-18;6010;949;241840;115235;40.6;19.3
22;2021-05-19;6130;708;247970;115943;41.6;19.4
22;2021-05-20;6586;1375;254556;117318;42.7;19.7
22;2021-05-21;5896;1460;260452;118778;43.7;19.9
22;2021-05-22;4090;773;264542;119551;44.4;20.1
22;2021-05-23;407;15;264949;119566;44.4;20.1
22;2021-05-24;5307;222;270256;119788;45.3;20.1
22;2021-05-25;5637;1179;275893;120967;46.3;20.3
22;2021-05-26;4220;2809;280113;123776;47.0;20.8
22;2021-05-27;4505;3840;284618;127616;47.7;21.4
22;2021-05-28;4384;4438;289002;132054;48.5;22.1
22;2021-05-29;3045;1770;292047;133824;49.0;22.4
22;2021-05-30;19;7;292066;133831;49.0;22.4
22;2021-05-31;3655;3155;295721;136986;49.6;23.0
22;2021-06-01;3521;3691;299242;140677;50.2;23.6
22;2021-06-02;3084;3386;302326;144063;50.7;24.2
22;2021-06-03;3196;4101;305522;148164;51.2;24.9
22;2021-06-04;3372;4546;308894;152710;51.8;25.6
22;2021-06-05;3542;2026;312436;154736;52.4;26.0
22;2021-06-06;214;30;312650;154766;52.4;26.0
22;2021-06-07;3043;3256;315693;158022;53.0;26.5
22;2021-06-08;2796;3529;318489;161551;53.4;27.1
22;2021-06-09;2541;3508;321030;165059;53.8;27.7
22;2021-06-10;2517;4252;323547;169311;54.3;28.4
22;2021-06-11;2552;4229;326099;173540;54.7;29.1
22;2021-06-12;2413;1455;328512;174995;55.1;29.4
22;2021-06-13;133;1093;328645;176088;55.1;29.5
22;2021-06-14;2641;2467;331286;178555;55.6;29.9
22;2021-06-15;3096;2999;334382;181554;56.1;30.5
22;2021-06-16;3007;2813;337389;184367;56.6;30.9
22;2021-06-17;2565;3181;339954;187548;57.0;31.5
22;2021-06-18;3099;4114;343053;191662;57.5;32.1
22;2021-06-19;2985;1454;346038;193116;58.0;32.4
22;2021-06-20;155;8;346193;193124;58.1;32.4
22;2021-06-21;1779;5021;347972;198145;58.4;33.2
22;2021-06-22;2401;5554;350373;203699;58.8;34.2
22;2021-06-23;1282;6206;351655;209905;59.0;35.2
22;2021-06-24;2576;3914;354231;213819;59.4;35.9
22;2021-06-25;1563;6814;355794;220633;59.7;37.0
22;2021-06-26;784;3856;356578;224489;59.8;37.7
22;2021-06-27;4;512;356582;225001;59.8;37.7
22;2021-06-28;1051;5585;357633;230586;60.0;38.7
22;2021-06-29;1374;5956;359007;236542;60.2;39.7
22;2021-06-30;1129;5739;360136;242281;60.4;40.6
22;2021-07-01;1374;6039;361510;248320;60.6;41.7
22;2021-07-02;1706;6091;363216;254411;60.9;42.7
22;2021-07-03;1005;3821;364221;258232;61.1;43.3
22;2021-07-04;148;364;364369;258596;61.1;43.4
22;2021-07-05;1588;5802;365957;264398;61.4;44.3
22;2021-07-06;2307;5997;368264;270395;61.8;45.4
22;2021-07-07;2285;4931;370549;275326;62.2;46.2
22;2021-07-08;2502;5096;373051;280422;62.6;47.0
22;2021-07-09;2491;5382;375542;285804;63.0;47.9
22;2021-07-10;1804;3355;377346;289159;63.3;48.5
22;2021-07-11;484;72;377830;289231;63.4;48.5
22;2021-07-12;2318;4734;380148;293965;63.8;49.3
22;2021-07-13;3775;5054;383923;299019;64.4;50.2
22;2021-07-14;700;2497;384623;301516;64.5;50.6
22;2021-07-15;3845;4619;388468;306135;65.2;51.3
22;2021-07-16;3812;5291;392280;311426;65.8;52.2
22;2021-07-17;2542;3412;394822;314838;66.2;52.8
22;2021-07-18;566;87;395388;314925;66.3;52.8
22;2021-07-19;2752;4106;398140;319031;66.8;53.5
22;2021-07-20;3879;4136;402019;323167;67.4;54.2
22;2021-07-21;3971;3408;405990;326575;68.1;54.8
22;2021-07-22;4831;3705;410821;330280;68.9;55.4
22;2021-07-23;4424;4218;415245;334498;69.7;56.1
22;2021-07-24;2240;2614;417485;337112;70.0;56.5
22;2021-07-25;118;150;417603;337262;70.0;56.6
22;2021-07-26;3007;3920;420610;341182;70.6;57.2
22;2021-07-27;3681;4917;424291;346099;71.2;58.1
22;2021-07-28;3663;3651;427954;349750;71.8;58.7
22;2021-07-29;4248;3776;432202;353526;72.5;59.3
22;2021-07-30;3999;3975;436201;357501;73.2;60.0
22;2021-07-31;2374;2801;438575;360302;73.6;60.4
22;2021-08-01;114;152;438689;360454;73.6;60.5
22;2021-08-02;4613;2535;443302;362989;74.4;60.9
22;2021-08-03;4745;3423;448047;366412;75.2;61.5
22;2021-08-04;5720;2489;453767;368901;76.1;61.9
22;2021-08-05;4092;3802;457859;372703;76.8;62.5
22;2021-08-06;3624;3810;461483;376513;77.4;63.2
22;2021-08-07;2321;2264;463804;378777;77.8;63.5
22;2021-08-08;420;70;464224;378847;77.9;63.5
22;2021-08-09;2700;2701;466924;381548;78.3;64.0
22;2021-08-10;2692;3504;469616;385052;78.8;64.6
22;2021-08-11;2385;3118;472001;388170;79.2;65.1
22;2021-08-12;2148;3475;474149;391645;79.5;65.7
22;2021-08-13;1860;2974;476009;394619;79.8;66.2
22;2021-08-14;1317;1911;477326;396530;80.1;66.5
22;2021-08-15;83;198;477409;396728;80.1;66.5
22;2021-08-16;1463;3176;478872;399904;80.3;67.1
22;2021-08-17;1728;3457;480600;403361;80.6;67.7
22;2021-08-18;1398;3307;481998;406668;80.8;68.2
22;2021-08-19;1301;3606;483299;410274;81.1;68.8
23;2020-12-27;0;0;0;0;0.0;0.0
23;2020-12-28;1;0;1;0;0.0;0.0
23;2020-12-29;0;0;1;0;0.0;0.0
23;2020-12-30;0;0;1;0;0.0;0.0
23;2020-12-31;0;0;1;0;0.0;0.0
23;2021-01-01;0;0;1;0;0.0;0.0
23;2021-01-02;1;0;2;0;0.0;0.0
23;2021-01-03;0;0;2;0;0.0;0.0
23;2021-01-04;1;0;3;0;0.0;0.0
23;2021-01-05;3;0;6;0;0.0;0.0
23;2021-01-06;10;0;16;0;0.0;0.0
23;2021-01-07;116;1;132;1;0.1;0.0
23;2021-01-08;116;0;248;1;0.2;0.0
23;2021-01-09;36;0;284;1;0.2;0.0
23;2021-01-10;1;0;285;1;0.2;0.0
23;2021-01-11;176;1;461;2;0.4;0.0
23;2021-01-12;234;1;695;3;0.6;0.0
23;2021-01-13;308;0;1003;3;0.9;0.0
23;2021-01-14;292;5;1295;8;1.1;0.0
23;2021-01-15;334;5;1629;13;1.4;0.0
23;2021-01-16;163;1;1792;14;1.5;0.0
23;2021-01-17;0;0;1792;14;1.5;0.0
23;2021-01-18;342;3;2134;17;1.8;0.0
23;2021-01-19;497;2;2631;19;2.3;0.0
23;2021-01-20;362;1;2993;20;2.6;0.0
23;2021-01-21;697;1;3690;21;3.2;0.0
23;2021-01-22;478;0;4168;21;3.6;0.0
23;2021-01-23;368;1;4536;22;3.9;0.0
23;2021-01-24;0;0;4536;22;3.9;0.0
23;2021-01-25;382;17;4918;39;4.2;0.0
23;2021-01-26;301;5;5219;44;4.5;0.0
23;2021-01-27;228;3;5447;47;4.7;0.0
23;2021-01-28;232;46;5679;93;4.9;0.1
23;2021-01-29;303;103;5982;196;5.1;0.2
23;2021-01-30;100;28;6082;224;5.2;0.2
23;2021-01-31;2;34;6084;258;5.2;0.2
23;2021-02-01;148;107;6232;365;5.4;0.3
23;2021-02-02;157;122;6389;487;5.5;0.4
23;2021-02-03;105;208;6494;695;5.6;0.6
23;2021-02-04;78;265;6572;960;5.7;0.8
23;2021-02-05;117;313;6689;1273;5.8;1.1
23;2021-02-06;14;168;6703;1441;5.8;1.2
23;2021-02-07;1;0;6704;1441;5.8;1.2
23;2021-02-08;125;218;6829;1659;5.9;1.4
23;2021-02-09;85;295;6914;1954;5.9;1.7
23;2021-02-10;91;281;7005;2235;6.0;1.9
23;2021-02-11;244;587;7249;2822;6.2;2.4
23;2021-02-12;174;284;7423;3106;6.4;2.7
23;2021-02-13;8;191;7431;3297;6.4;2.8
23;2021-02-14;8;0;7439;3297;6.4;2.8
23;2021-02-15;157;367;7596;3664;6.5;3.2
23;2021-02-16;103;442;7699;4106;6.6;3.5
23;2021-02-17;65;493;7764;4599;6.7;4.0
23;2021-02-18;142;370;7906;4969;6.8;4.3
23;2021-02-19;109;253;8015;5222;6.9;4.5
23;2021-02-20;2;93;8017;5315;6.9;4.6
23;2021-02-21;0;0;8017;5315;6.9;4.6
23;2021-02-22;104;212;8121;5527;7.0;4.8
23;2021-02-23;107;220;8228;5747;7.1;4.9
23;2021-02-24;176;168;8404;5915;7.2;5.1
23;2021-02-25;183;109;8587;6024;7.4;5.2
23;2021-02-26;287;168;8874;6192;7.6;5.3
23;2021-02-27;112;11;8986;6203;7.7;5.3
23;2021-02-28;1;31;8987;6234;7.7;5.4
23;2021-03-01;88;201;9075;6435;7.8;5.5
23;2021-03-02;229;132;9304;6567;8.0;5.6
23;2021-03-03;133;90;9437;6657;8.1;5.7
23;2021-03-04;307;138;9744;6795;8.4;5.8
23;2021-03-05;517;111;10261;6906;8.8;5.9
23;2021-03-06;494;7;10755;6913;9.3;5.9
23;2021-03-07;313;3;11068;6916;9.5;5.9
23;2021-03-08;197;73;11265;6989;9.7;6.0
23;2021-03-09;421;102;11686;7091;10.1;6.1
23;2021-03-10;348;39;12034;7130;10.4;6.1
23;2021-03-11;325;47;12359;7177;10.6;6.2
23;2021-03-12;618;33;12977;7210;11.2;6.2
23;2021-03-13;287;12;13264;7222;11.4;6.2
23;2021-03-14;47;34;13311;7256;11.4;6.2
23;2021-03-15;220;126;13531;7382;11.6;6.3
23;2021-03-16;192;90;13723;7472;11.8;6.4
23;2021-03-17;131;101;13854;7573;11.9;6.5
23;2021-03-18;193;98;14047;7671;12.1;6.6
23;2021-03-19;205;121;14252;7792;12.3;6.7
23;2021-03-20;631;37;14883;7829;12.8;6.7
23;2021-03-21;128;0;15011;7829;12.9;6.7
23;2021-03-22;274;157;15285;7986;13.1;6.9
23;2021-03-23;504;106;15789;8092;13.6;7.0
23;2021-03-24;423;124;16212;8216;13.9;7.1
23;2021-03-25;819;188;17031;8404;14.6;7.2
23;2021-03-26;735;195;17766;8599;15.3;7.4
23;2021-03-27;505;48;18271;8647;15.7;7.4
23;2021-03-28;3;9;18274;8656;15.7;7.4
23;2021-03-29;358;111;18632;8767;16.0;7.5
23;2021-03-30;537;177;19169;8944;16.5;7.7
23;2021-03-31;411;175;19580;9119;16.8;7.8
23;2021-04-01;600;170;20180;9289;17.4;8.0
23;2021-04-02;498;298;20678;9587;17.8;8.2
23;2021-04-03;715;44;21393;9631;18.4;8.3
23;2021-04-04;4;0;21397;9631;18.4;8.3
23;2021-04-05;2;3;21399;9634;18.4;8.3
23;2021-04-06;382;294;21781;9928;18.7;8.5
23;2021-04-07;706;308;22487;10236;19.3;8.8
23;2021-04-08;803;235;23290;10471;20.0;9.0
23;2021-04-09;939;367;24229;10838;20.8;9.3
23;2021-04-10;1097;110;25326;10948;21.8;9.4
23;2021-04-11;21;2;25347;10950;21.8;9.4
23;2021-04-12;692;235;26039;11185;22.4;9.6
23;2021-04-13;669;302;26708;11487;23.0;9.9
23;2021-04-14;586;176;27294;11663;23.5;10.0
23;2021-04-15;930;184;28224;11847;24.3;10.2
23;2021-04-16;902;208;29126;12055;25.1;10.4
23;2021-04-17;994;551;30120;12606;25.9;10.8
23;2021-04-18;3;136;30123;12742;25.9;11.0
23;2021-04-19;612;297;30735;13039;26.4;11.2
23;2021-04-20;721;291;31456;13330;27.1;11.5
23;2021-04-21;733;396;32189;13726;27.7;11.8
23;2021-04-22;657;475;32846;14201;28.2;12.2
23;2021-04-23;593;342;33439;14543;28.8;12.5
23;2021-04-24;855;448;34294;14991;29.5;12.9
23;2021-04-25;0;0;34294;14991;29.5;12.9
23;2021-04-26;615;252;34909;15243;30.0;13.1
23;2021-04-27;675;427;35584;15670;30.6;13.5
23;2021-04-28;628;277;36212;15947;31.1;13.7
23;2021-04-29;883;380;37095;16327;31.9;14.0
23;2021-04-30;719;787;37814;17114;32.5;14.7
23;2021-05-01;1228;41;39042;17155;33.6;14.8
23;2021-05-02;14;0;39056;17155;33.6;14.8
23;2021-05-03;431;520;39487;17675;34.0;15.2
23;2021-05-04;617;512;40104;18187;34.5;15.6
23;2021-05-05;538;711;40642;18898;35.0;16.3
23;2021-05-06;727;701;41369;19599;35.6;16.9
23;2021-05-07;683;642;42052;20241;36.2;17.4
23;2021-05-08;1409;587;43461;20828;37.4;17.9
23;2021-05-09;3;0;43464;20828;37.4;17.9
23;2021-05-10;555;656;44019;21484;37.9;18.5
23;2021-05-11;561;764;44580;22248;38.3;19.1
23;2021-05-12;719;661;45299;22909;39.0;19.7
23;2021-05-13;537;56;45836;22965;39.4;19.8
23;2021-05-14;788;459;46624;23424;40.1;20.1
23;2021-05-15;994;234;47618;23658;41.0;20.3
23;2021-05-16;0;0;47618;23658;41.0;20.3
23;2021-05-17;568;448;48186;24106;41.4;20.7
23;2021-05-18;776;292;48962;24398;42.1;21.0
23;2021-05-19;1050;257;50012;24655;43.0;21.2
23;2021-05-20;837;316;50849;24971;43.7;21.5
23;2021-05-21;1105;311;51954;25282;44.7;21.7
23;2021-05-22;739;125;52693;25407;45.3;21.9
23;2021-05-23;3;20;52696;25427;45.3;21.9
23;2021-05-24;362;165;53058;25592;45.6;22.0
23;2021-05-25;905;336;53963;25928;46.4;22.3
23;2021-05-26;1077;227;55040;26155;47.3;22.5
23;2021-05-27;932;435;55972;26590;48.1;22.9
23;2021-05-28;781;743;56753;27333;48.8;23.5
23;2021-05-29;638;1100;57391;28433;49.4;24.5
23;2021-05-30;6;63;57397;28496;49.4;24.5
23;2021-05-31;433;540;57830;29036;49.7;25.0
23;2021-06-01;582;828;58412;29864;50.2;25.7
23;2021-06-02;624;521;59036;30385;50.8;26.1
23;2021-06-03;707;550;59743;30935;51.4;26.6
23;2021-06-04;779;614;60522;31549;52.1;27.1
23;2021-06-05;546;777;61068;32326;52.5;27.8
23;2021-06-06;0;0;61068;32326;52.5;27.8
23;2021-06-07;393;696;61461;33022;52.9;28.4
23;2021-06-08;322;776;61783;33798;53.1;29.1
23;2021-06-09;286;649;62069;34447;53.4;29.6
23;2021-06-10;373;692;62442;35139;53.7;30.2
23;2021-06-11;381;808;62823;35947;54.0;30.9
23;2021-06-12;378;1265;63201;37212;54.4;32.0
23;2021-06-13;13;5;63214;37217;54.4;32.0
23;2021-06-14;235;590;63449;37807;54.6;32.5
23;2021-06-15;230;861;63679;38668;54.8;33.3
23;2021-06-16;362;581;64041;39249;55.1;33.8
23;2021-06-17;339;810;64380;40059;55.4;34.5
23;2021-06-18;356;767;64736;40826;55.7;35.1
23;2021-06-19;490;1522;65226;42348;56.1;36.4
23;2021-06-20;2;11;65228;42359;56.1;36.4
23;2021-06-21;205;620;65433;42979;56.3;37.0
23;2021-06-22;216;686;65649;43665;56.5;37.6
23;2021-06-23;221;750;65870;44415;56.7;38.2
23;2021-06-24;198;606;66068;45021;56.8;38.7
23;2021-06-25;303;816;66371;45837;57.1;39.4
23;2021-06-26;222;999;66593;46836;57.3;40.3
23;2021-06-27;3;0;66596;46836;57.3;40.3
23;2021-06-28;115;693;66711;47529;57.4;40.9
23;2021-06-29;189;823;66900;48352;57.5;41.6
23;2021-06-30;168;944;67068;49296;57.7;42.4
23;2021-07-01;168;870;67236;50166;57.8;43.1
23;2021-07-02;192;1070;67428;51236;58.0;44.1
23;2021-07-03;250;979;67678;52215;58.2;44.9
23;2021-07-04;1;0;67679;52215;58.2;44.9
23;2021-07-05;159;805;67838;53020;58.3;45.6
23;2021-07-06;213;1043;68051;54063;58.5;46.5
23;2021-07-07;210;853;68261;54916;58.7;47.2
23;2021-07-08;254;739;68515;55655;58.9;47.9
23;2021-07-09;274;1012;68789;56667;59.2;48.7
23;2021-07-10;234;644;69023;57311;59.4;49.3
23;2021-07-11;0;0;69023;57311;59.4;49.3
23;2021-07-12;232;702;69255;58013;59.6;49.9
23;2021-07-13;471;917;69726;58930;60.0;50.7
23;2021-07-14;212;320;69938;59250;60.2;51.0
23;2021-07-15;478;812;70416;60062;60.6;51.7
23;2021-07-16;764;569;71180;60631;61.2;52.1
23;2021-07-17;220;479;71400;61110;61.4;52.6
23;2021-07-18;0;1;71400;61111;61.4;52.6
23;2021-07-19;702;629;72102;61740;62.0;53.1
23;2021-07-20;633;567;72735;62307;62.6;53.6
23;2021-07-21;700;635;73435;62942;63.2;54.1
23;2021-07-22;943;437;74378;63379;64.0;54.5
23;2021-07-23;841;505;75219;63884;64.7;54.9
23;2021-07-24;1008;440;76227;64324;65.6;55.3
23;2021-07-25;11;16;76238;64340;65.6;55.3
23;2021-07-26;787;567;77025;64907;66.2;55.8
23;2021-07-27;926;436;77951;65343;67.0;56.2
23;2021-07-28;876;415;78827;65758;67.8;56.6
23;2021-07-29;1045;401;79872;66159;68.7;56.9
23;2021-07-30;941;523;80813;66682;69.5;57.4
23;2021-07-31;1162;307;81975;66989;70.5;57.6
23;2021-08-01;18;8;81993;66997;70.5;57.6
23;2021-08-02;663;506;82656;67503;71.1;58.1
23;2021-08-03;734;460;83390;67963;71.7;58.5
23;2021-08-04;607;296;83997;68259;72.2;58.7
23;2021-08-05;684;365;84681;68624;72.8;59.0
23;2021-08-06;416;484;85097;69108;73.2;59.4
23;2021-08-07;290;189;85387;69297;73.4;59.6
23;2021-08-08;143;38;85530;69335;73.6;59.6
23;2021-08-09;490;492;86020;69827;74.0;60.1
23;2021-08-10;439;609;86459;70436;74.4;60.6
23;2021-08-11;427;488;86886;70924;74.7;61.0
23;2021-08-12;510;568;87396;71492;75.2;61.5
23;2021-08-13;414;576;87810;72068;75.5;62.0
23;2021-08-14;287;390;88097;72458;75.8;62.3
23;2021-08-15;27;9;88124;72467;75.8;62.3
23;2021-08-16;270;713;88394;73180;76.0;62.9
23;2021-08-17;276;728;88670;73908;76.3;63.6
23;2021-08-18;171;636;88841;74544;76.4;64.1
23;2021-08-19;255;726;89096;75270;76.6;64.7
24;2020-12-27;0;0;0;0;0.0;0.0
24;2020-12-28;1;0;1;0;0.0;0.0
24;2020-12-29;2;0;3;0;0.0;0.0
24;2020-12-30;1;0;4;0;0.0;0.0
24;2020-12-31;1;0;5;0;0.0;0.0
24;2021-01-01;0;0;5;0;0.0;0.0
24;2021-01-02;0;0;5;0;0.0;0.0
24;2021-01-03;0;0;5;0;0.0;0.0
24;2021-01-04;1;0;6;0;0.0;0.0
24;2021-01-05;1;0;7;0;0.0;0.0
24;2021-01-06;0;0;7;0;0.0;0.0
24;2021-01-07;190;0;197;0;0.0;0.0
24;2021-01-08;281;0;478;0;0.1;0.0
24;2021-01-09;185;0;663;0;0.2;0.0
24;2021-01-10;35;0;698;0;0.2;0.0
24;2021-01-11;269;0;967;0;0.2;0.0
24;2021-01-12;281;0;1248;0;0.3;0.0
24;2021-01-13;233;1;1481;1;0.4;0.0
24;2021-01-14;1013;15;2494;16;0.6;0.0
24;2021-01-15;605;6;3099;22;0.8;0.0
24;2021-01-16;87;0;3186;22;0.8;0.0
24;2021-01-17;2;1;3188;23;0.8;0.0
24;2021-01-18;300;0;3488;23;0.9;0.0
24;2021-01-19;467;1;3955;24;1.0;0.0
24;2021-01-20;553;0;4508;24;1.1;0.0
24;2021-01-21;644;5;5152;29;1.3;0.0
24;2021-01-22;514;1;5666;30;1.4;0.0
24;2021-01-23;151;1;5817;31;1.4;0.0
24;2021-01-24;2;0;5819;31;1.4;0.0
24;2021-01-25;441;0;6260;31;1.5;0.0
24;2021-01-26;636;66;6896;97;1.7;0.0
24;2021-01-27;1265;12;8161;109;2.0;0.0
24;2021-01-28;983;129;9144;238;2.2;0.1
24;2021-01-29;932;140;10076;378;2.5;0.1
24;2021-01-30;282;1;10358;379;2.5;0.1
24;2021-01-31;0;0;10358;379;2.5;0.1
24;2021-02-01;377;173;10735;552;2.6;0.1
24;2021-02-02;614;313;11349;865;2.8;0.2
24;2021-02-03;652;491;12001;1356;2.9;0.3
24;2021-02-04;977;391;12978;1747;3.2;0.4
24;2021-02-05;685;434;13663;2181;3.3;0.5
24;2021-02-06;140;35;13803;2216;3.4;0.5
24;2021-02-07;33;1;13836;2217;3.4;0.5
24;2021-02-08;309;236;14145;2453;3.5;0.6
24;2021-02-09;452;230;14597;2683;3.6;0.7
24;2021-02-10;374;110;14971;2793;3.7;0.7
24;2021-02-11;561;514;15532;3307;3.8;0.8
24;2021-02-12;495;392;16027;3699;3.9;0.9
24;2021-02-13;202;45;16229;3744;4.0;0.9
24;2021-02-14;89;0;16318;3744;4.0;0.9
24;2021-02-15;187;241;16505;3985;4.0;1.0
24;2021-02-16;334;522;16839;4507;4.1;1.1
24;2021-02-17;582;848;17421;5355;4.3;1.3
24;2021-02-18;443;733;17864;6088;4.4;1.5
24;2021-02-19;462;678;18326;6766;4.5;1.7
24;2021-02-20;163;141;18489;6907;4.5;1.7
24;2021-02-21;109;0;18598;6907;4.6;1.7
24;2021-02-22;426;529;19024;7436;4.7;1.8
24;2021-02-23;562;682;19586;8118;4.8;2.0
24;2021-02-24;537;832;20123;8950;4.9;2.2
24;2021-02-25;727;867;20850;9817;5.1;2.4
24;2021-02-26;975;972;21825;10789;5.3;2.6
24;2021-02-27;363;265;22188;11054;5.4;2.7
24;2021-02-28;25;4;22213;11058;5.4;2.7
24;2021-03-01;292;370;22505;11428;5.5;2.8
24;2021-03-02;539;417;23044;11845;5.6;2.9
24;2021-03-03;680;342;23724;12187;5.8;3.0
24;2021-03-04;914;508;24638;12695;6.0;3.1
24;2021-03-05;1065;567;25703;13262;6.3;3.2
24;2021-03-06;1126;142;26829;13404;6.6;3.3
24;2021-03-07;232;63;27061;13467;6.6;3.3
24;2021-03-08;531;258;27592;13725;6.8;3.4
24;2021-03-09;1173;443;28765;14168;7.0;3.5
24;2021-03-10;1142;453;29907;14621;7.3;3.6
24;2021-03-11;1604;463;31511;15084;7.7;3.7
24;2021-03-12;2050;443;33561;15527;8.2;3.8
24;2021-03-13;1345;201;34906;15728;8.5;3.9
24;2021-03-14;141;93;35047;15821;8.6;3.9
24;2021-03-15;953;170;36000;15991;8.8;3.9
24;2021-03-16;1144;232;37144;16223;9.1;4.0
24;2021-03-17;1216;288;38360;16511;9.4;4.0
24;2021-03-18;1055;558;39415;17069;9.7;4.2
24;2021-03-19;1252;539;40667;17608;10.0;4.3
24;2021-03-20;1055;150;41722;17758;10.2;4.3
24;2021-03-21;25;11;41747;17769;10.2;4.4
24;2021-03-22;1224;423;42971;18192;10.5;4.5
24;2021-03-23;1880;399;44851;18591;11.0;4.6
24;2021-03-24;1889;387;46740;18978;11.4;4.6
24;2021-03-25;1990;468;48730;19446;11.9;4.8
24;2021-03-26;2375;285;51105;19731;12.5;4.8
24;2021-03-27;1350;41;52455;19772;12.8;4.8
24;2021-03-28;63;9;52518;19781;12.9;4.8
24;2021-03-29;1673;326;54191;20107;13.3;4.9
24;2021-03-30;2408;396;56599;20503;13.9;5.0
24;2021-03-31;2181;311;58780;20814;14.4;5.1
24;2021-04-01;2194;311;60974;21125;14.9;5.2
24;2021-04-02;2072;394;63046;21519;15.4;5.3
24;2021-04-03;1375;122;64421;21641;15.8;5.3
24;2021-04-04;74;1;64495;21642;15.8;5.3
24;2021-04-05;947;58;65442;21700;16.0;5.3
24;2021-04-06;2353;702;67795;22402;16.6;5.5
24;2021-04-07;2717;692;70512;23094;17.3;5.7
24;2021-04-08;3006;964;73518;24058;18.0;5.9
24;2021-04-09;3487;1006;77005;25064;18.9;6.1
24;2021-04-10;2593;311;79598;25375;19.5;6.2
24;2021-04-11;1102;19;80700;25394;19.8;6.2
24;2021-04-12;2497;816;83197;26210;20.4;6.4
24;2021-04-13;2902;1204;86099;27414;21.1;6.7
24;2021-04-14;2938;1193;89037;28607;21.8;7.0
24;2021-04-15;2792;1102;91829;29709;22.5;7.3
24;2021-04-16;3266;973;95095;30682;23.3;7.5
24;2021-04-17;2271;501;97366;31183;23.8;7.6
24;2021-04-18;424;6;97790;31189;23.9;7.6
24;2021-04-19;1599;1011;99389;32200;24.3;7.9
24;2021-04-20;2267;1429;101656;33629;24.9;8.2
24;2021-04-21;2146;1442;103802;35071;25.4;8.6
24;2021-04-22;2061;1258;105863;36329;25.9;8.9
24;2021-04-23;1958;1333;107821;37662;26.4;9.2
24;2021-04-24;862;725;108683;38387;26.6;9.4
24;2021-04-25;54;4;108737;38391;26.6;9.4
24;2021-04-26;1296;1480;110033;39871;26.9;9.8
24;2021-04-27;1852;1880;111885;41751;27.4;10.2
24;2021-04-28;1505;1957;113390;43708;27.8;10.7
24;2021-04-29;1728;1891;115118;45599;28.2;11.2
24;2021-04-30;2270;1777;117388;47376;28.7;11.6
24;2021-05-01;2056;1067;119444;48443;29.2;11.9
24;2021-05-02;1923;215;121367;48658;29.7;11.9
24;2021-05-03;1474;1834;122841;50492;30.1;12.4
24;2021-05-04;2227;2303;125068;52795;30.6;12.9
24;2021-05-05;1890;2721;126958;55516;31.1;13.6
24;2021-05-06;1889;2796;128847;58312;31.5;14.3
24;2021-05-07;2264;2790;131111;61102;32.1;15.0
24;2021-05-08;1285;1152;132396;62254;32.4;15.2
24;2021-05-09;1166;901;133562;63155;32.7;15.5
24;2021-05-10;1095;2628;134657;65783;33.0;16.1
24;2021-05-11;2040;2801;136697;68584;33.5;16.8
24;2021-05-12;1924;2255;138621;70839;33.9;17.3
24;2021-05-13;1465;1215;140086;72054;34.3;17.6
24;2021-05-14;2378;1332;142464;73386;34.9;18.0
24;2021-05-15;2047;816;144511;74202;35.4;18.2
24;2021-05-16;1171;347;145682;74549;35.7;18.3
24;2021-05-17;2242;1254;147924;75803;36.2;18.6
24;2021-05-18;2482;1819;150406;77622;36.8;19.0
24;2021-05-19;2284;1376;152690;78998;37.4;19.3
24;2021-05-20;2373;1578;155063;80576;38.0;19.7
24;2021-05-21;2433;1414;157496;81990;38.6;20.1
24;2021-05-22;1719;407;159215;82397;39.0;20.2
24;2021-05-23;952;72;160167;82469;39.2;20.2
24;2021-05-24;1515;335;161682;82804;39.6;20.3
24;2021-05-25;2297;1385;163979;84189;40.2;20.6
24;2021-05-26;2149;1318;166128;85507;40.7;20.9
24;2021-05-27;1748;2195;167876;87702;41.1;21.5
24;2021-05-28;2145;2006;170021;89708;41.6;22.0
24;2021-05-29;1153;2091;171174;91799;41.9;22.5
24;2021-05-30;1418;171;172592;91970;42.3;22.5
24;2021-05-31;1743;1365;174335;93335;42.7;22.9
24;2021-06-01;2583;1977;176918;95312;43.3;23.3
24;2021-06-02;2653;1786;179571;97098;44.0;23.8
24;2021-06-03;2290;1465;181861;98563;44.5;24.1
24;2021-06-04;2381;1898;184242;100461;45.1;24.6
24;2021-06-05;2007;1417;186249;101878;45.6;24.9
24;2021-06-06;767;223;187016;102101;45.8;25.0
24;2021-06-07;1432;1496;188448;103597;46.1;25.4
24;2021-06-08;1678;1908;190126;105505;46.6;25.8
24;2021-06-09;1323;1597;191449;107102;46.9;26.2
24;2021-06-10;1574;1911;193023;109013;47.3;26.7
24;2021-06-11;1331;2081;194354;111094;47.6;27.2
24;2021-06-12;1123;2545;195477;113639;47.9;27.8
24;2021-06-13;1238;921;196715;114560;48.2;28.1
24;2021-06-14;1165;1858;197880;116418;48.5;28.5
24;2021-06-15;1486;2992;199366;119410;48.8;29.2
24;2021-06-16;1670;2732;201036;122142;49.2;29.9
24;2021-06-17;1545;2182;202581;124324;49.6;30.4
24;2021-06-18;1400;2864;203981;127188;49.9;31.1
24;2021-06-19;1275;1522;205256;128710;50.3;31.5
24;2021-06-20;514;500;205770;129210;50.4;31.6
24;2021-06-21;931;1836;206701;131046;50.6;32.1
24;2021-06-22;1453;2593;208154;133639;51.0;32.7
24;2021-06-23;1427;2420;209581;136059;51.3;33.3
24;2021-06-24;1138;1915;210719;137974;51.6;33.8
24;2021-06-25;967;2817;211686;140791;51.8;34.5
24;2021-06-26;864;2106;212550;142897;52.0;35.0
24;2021-06-27;402;978;212952;143875;52.1;35.2
24;2021-06-28;817;2483;213769;146358;52.3;35.8
24;2021-06-29;941;2869;214710;149227;52.6;36.5
24;2021-06-30;1112;2460;215822;151687;52.8;37.1
24;2021-07-01;1132;2300;216954;153987;53.1;37.7
24;2021-07-02;1097;2744;218051;156731;53.4;38.4
24;2021-07-03;812;1902;218863;158633;53.6;38.8
24;2021-07-04;410;1013;219273;159646;53.7;39.1
24;2021-07-05;792;2315;220065;161961;53.9;39.7
24;2021-07-06;881;3357;220946;165318;54.1;40.5
24;2021-07-07;1084;3041;222030;168359;54.4;41.2
24;2021-07-08;1341;2119;223371;170478;54.7;41.7
24;2021-07-09;1176;3219;224547;173697;55.0;42.5
24;2021-07-10;480;1964;225027;175661;55.1;43.0
24;2021-07-11;587;1188;225614;176849;55.2;43.3
24;2021-07-12;900;2519;226514;179368;55.5;43.9
24;2021-07-13;1323;3214;227837;182582;55.8;44.7
24;2021-07-14;614;1188;228451;183770;55.9;45.0
24;2021-07-15;1691;2776;230142;186546;56.4;45.7
24;2021-07-16;2148;2598;232290;189144;56.9;46.3
24;2021-07-17;1525;2233;233815;191377;57.3;46.9
24;2021-07-18;707;885;234522;192262;57.4;47.1
24;2021-07-19;1573;2186;236095;194448;57.8;47.6
24;2021-07-20;2016;2438;238111;196886;58.3;48.2
24;2021-07-21;1872;2327;239983;199213;58.8;48.8
24;2021-07-22;2345;2443;242328;201656;59.3;49.4
24;2021-07-23;2298;2625;244626;204281;59.9;50.0
24;2021-07-24;1806;1544;246432;205825;60.3;50.4
24;2021-07-25;810;871;247242;206696;60.5;50.6
24;2021-07-26;1568;2019;248810;208715;60.9;51.1
24;2021-07-27;2834;2285;251644;211000;61.6;51.7
24;2021-07-28;2727;1937;254371;212937;62.3;52.1
24;2021-07-29;3046;2232;257417;215169;63.0;52.7
24;2021-07-30;2458;1916;259875;217085;63.6;53.2
24;2021-07-31;1636;1561;261511;218646;64.0;53.5
24;2021-08-01;1110;652;262621;219298;64.3;53.7
24;2021-08-02;1939;1624;264560;220922;64.8;54.1
24;2021-08-03;2877;1912;267437;222834;65.5;54.6
24;2021-08-04;3073;1622;270510;224456;66.2;55.0
24;2021-08-05;3022;1434;273532;225890;67.0;55.3
24;2021-08-06;2531;1532;276063;227422;67.6;55.7
24;2021-08-07;1787;1115;277850;228537;68.0;56.0
24;2021-08-08;1098;677;278948;229214;68.3;56.1
24;2021-08-09;1723;1385;280671;230599;68.7;56.5
24;2021-08-10;2262;1780;282933;232379;69.3;56.9
24;2021-08-11;2264;1693;285197;234072;69.8;57.3
24;2021-08-12;1906;1959;287103;236031;70.3;57.8
24;2021-08-13;1525;1624;288628;237655;70.7;58.2
24;2021-08-14;1166;1242;289794;238897;71.0;58.5
24;2021-08-15;739;579;290533;239476;71.1;58.6
24;2021-08-16;1112;1704;291645;241180;71.4;59.1
24;2021-08-17;1625;2104;293270;243284;71.8;59.6
24;2021-08-18;1516;1914;294786;245198;72.2;60.0
24;2021-08-19;1105;2632;295891;247830;72.5;60.7
25;2020-12-27;0;0;0;0;0.0;0.0
25;2020-12-28;1;0;1;0;0.0;0.0
25;2020-12-29;0;0;1;0;0.0;0.0
25;2020-12-30;0;0;1;0;0.0;0.0
25;2020-12-31;2;0;3;0;0.0;0.0
25;2021-01-01;0;0;3;0;0.0;0.0
25;2021-01-02;1;0;4;0;0.0;0.0
25;2021-01-03;0;0;4;0;0.0;0.0
25;2021-01-04;0;0;4;0;0.0;0.0
25;2021-01-05;1;0;5;0;0.0;0.0
25;2021-01-06;75;1;80;1;0.0;0.0
25;2021-01-07;236;1;316;2;0.1;0.0
25;2021-01-08;345;1;661;3;0.1;0.0
25;2021-01-09;102;0;763;3;0.1;0.0
25;2021-01-10;0;0;763;3;0.1;0.0
25;2021-01-11;502;5;1265;8;0.2;0.0
25;2021-01-12;682;2;1947;10;0.4;0.0
25;2021-01-13;626;6;2573;16;0.5;0.0
25;2021-01-14;897;15;3470;31;0.6;0.0
25;2021-01-15;785;8;4255;39;0.8;0.0
25;2021-01-16;206;1;4461;40;0.8;0.0
25;2021-01-17;112;0;4573;40;0.8;0.0
25;2021-01-18;1296;7;5869;47;1.1;0.0
25;2021-01-19;1411;5;7280;52;1.3;0.0
25;2021-01-20;1420;4;8700;56;1.6;0.0
25;2021-01-21;1840;3;10540;59;2.0;0.0
25;2021-01-22;1506;4;12046;63;2.2;0.0
25;2021-01-23;499;1;12545;64;2.3;0.0
25;2021-01-24;119;0;12664;64;2.3;0.0
25;2021-01-25;991;0;13655;64;2.5;0.0
25;2021-01-26;1488;42;15143;106;2.8;0.0
25;2021-01-27;1249;70;16392;176;3.0;0.0
25;2021-01-28;1090;76;17482;252;3.2;0.0
25;2021-01-29;905;232;18387;484;3.4;0.1
25;2021-01-30;293;92;18680;576;3.5;0.1
25;2021-01-31;2;0;18682;576;3.5;0.1
25;2021-02-01;612;221;19294;797;3.6;0.1
25;2021-02-02;674;414;19968;1211;3.7;0.2
25;2021-02-03;759;249;20727;1460;3.8;0.3
25;2021-02-04;715;446;21442;1906;4.0;0.4
25;2021-02-05;517;468;21959;2374;4.1;0.4
25;2021-02-06;198;157;22157;2531;4.1;0.5
25;2021-02-07;2;34;22159;2565;4.1;0.5
25;2021-02-08;613;509;22772;3074;4.2;0.6
25;2021-02-09;616;491;23388;3565;4.3;0.7
25;2021-02-10;817;490;24205;4055;4.5;0.8
25;2021-02-11;587;854;24792;4909;4.6;0.9
25;2021-02-12;413;549;25205;5458;4.7;1.0
25;2021-02-13;97;141;25302;5599;4.7;1.0
25;2021-02-14;0;0;25302;5599;4.7;1.0
25;2021-02-15;187;1039;25489;6638;4.7;1.2
25;2021-02-16;214;1454;25703;8092;4.8;1.5
25;2021-02-17;109;1340;25812;9432;4.8;1.7
25;2021-02-18;147;1434;25959;10866;4.8;2.0
25;2021-02-19;102;1269;26061;12135;4.8;2.2
25;2021-02-20;26;492;26087;12627;4.8;2.3
25;2021-02-21;1;143;26088;12770;4.8;2.4
25;2021-02-22;83;1065;26171;13835;4.9;2.6
25;2021-02-23;195;1081;26366;14916;4.9;2.8
25;2021-02-24;104;975;26470;15891;4.9;2.9
25;2021-02-25;522;1006;26992;16897;5.0;3.1
25;2021-02-26;607;981;27599;17878;5.1;3.3
25;2021-02-27;228;373;27827;18251;5.2;3.4
25;2021-02-28;5;1;27832;18252;5.2;3.4
25;2021-03-01;443;622;28275;18874;5.2;3.5
25;2021-03-02;653;838;28928;19712;5.4;3.7
25;2021-03-03;541;735;29469;20447;5.5;3.8
25;2021-03-04;1157;658;30626;21105;5.7;3.9
25;2021-03-05;1854;388;32480;21493;6.0;4.0
25;2021-03-06;1170;227;33650;21720;6.2;4.0
25;2021-03-07;9;8;33659;21728;6.2;4.0
25;2021-03-08;548;709;34207;22437;6.3;4.2
25;2021-03-09;1040;780;35247;23217;6.5;4.3
25;2021-03-10;1151;654;36398;23871;6.7;4.4
25;2021-03-11;1658;582;38056;24453;7.1;4.5
25;2021-03-12;1996;453;40052;24906;7.4;4.6
25;2021-03-13;1119;99;41171;25005;7.6;4.6
25;2021-03-14;35;1;41206;25006;7.6;4.6
25;2021-03-15;1126;140;42332;25146;7.8;4.7
25;2021-03-16;1286;119;43618;25265;8.1;4.7
25;2021-03-17;1414;136;45032;25401;8.3;4.7
25;2021-03-18;1527;82;46559;25483;8.6;4.7
25;2021-03-19;1595;127;48154;25610;8.9;4.7
25;2021-03-20;821;38;48975;25648;9.1;4.8
25;2021-03-21;24;0;48999;25648;9.1;4.8
25;2021-03-22;1485;84;50484;25732;9.4;4.8
25;2021-03-23;2162;142;52646;25874;9.8;4.8
25;2021-03-24;2419;93;55065;25967;10.2;4.8
25;2021-03-25;2837;189;57902;26156;10.7;4.8
25;2021-03-26;3158;175;61060;26331;11.3;4.9
25;2021-03-27;1110;86;62170;26417;11.5;4.9
25;2021-03-28;121;64;62291;26481;11.5;4.9
25;2021-03-29;1788;279;64079;26760;11.9;5.0
25;2021-03-30;2213;393;66292;27153;12.3;5.0
25;2021-03-31;2221;359;68513;27512;12.7;5.1
25;2021-04-01;2450;519;70963;28031;13.2;5.2
25;2021-04-02;2027;599;72990;28630;13.5;5.3
25;2021-04-03;447;110;73437;28740;13.6;5.3
25;2021-04-04;39;21;73476;28761;13.6;5.3
25;2021-04-05;145;4;73621;28765;13.6;5.3
25;2021-04-06;1937;684;75558;29449;14.0;5.5
25;2021-04-07;1878;852;77436;30301;14.4;5.6
25;2021-04-08;2434;823;79870;31124;14.8;5.8
25;2021-04-09;2595;993;82465;32117;15.3;6.0
25;2021-04-10;977;289;83442;32406;15.5;6.0
25;2021-04-11;105;28;83547;32434;15.5;6.0
25;2021-04-12;1558;965;85105;33399;15.8;6.2
25;2021-04-13;1988;1316;87093;34715;16.1;6.4
25;2021-04-14;1750;1215;88843;35930;16.5;6.7
25;2021-04-15;1998;1328;90841;37258;16.8;6.9
25;2021-04-16;2085;1002;92926;38260;17.2;7.1
25;2021-04-17;1105;414;94031;38674;17.4;7.2
25;2021-04-18;118;18;94149;38692;17.5;7.2
25;2021-04-19;1327;1245;95476;39937;17.7;7.4
25;2021-04-20;1615;1462;97091;41399;18.0;7.7
25;2021-04-21;1716;1629;98807;43028;18.3;8.0
25;2021-04-22;1859;1708;100666;44736;18.7;8.3
25;2021-04-23;1902;1765;102568;46501;19.0;8.6
25;2021-04-24;1281;705;103849;47206;19.3;8.8
25;2021-04-25;140;114;103989;47320;19.3;8.8
25;2021-04-26;1721;1685;105710;49005;19.6;9.1
25;2021-04-27;2803;1524;108513;50529;20.1;9.4
25;2021-04-28;2425;1558;110938;52087;20.6;9.7
25;2021-04-29;2649;1834;113587;53921;21.1;10.0
25;2021-04-30;3106;1579;116693;55500;21.6;10.3
25;2021-05-01;1789;334;118482;55834;22.0;10.4
25;2021-05-02;442;22;118924;55856;22.0;10.4
25;2021-05-03;2902;841;121826;56697;22.6;10.5
25;2021-05-04;2641;1883;124467;58580;23.1;10.9
25;2021-05-05;2597;1664;127064;60244;23.6;11.2
25;2021-05-06;2927;2167;129991;62411;24.1;11.6
25;2021-05-07;3063;2126;133054;64537;24.7;12.0
25;2021-05-08;1334;229;134388;64766;24.9;12.0
25;2021-05-09;244;87;134632;64853;25.0;12.0
25;2021-05-10;3130;1640;137762;66493;25.5;12.3
25;2021-05-11;3749;2039;141511;68532;26.2;12.7
25;2021-05-12;3688;1792;145199;70324;26.9;13.0
25;2021-05-13;3521;598;148720;70922;27.6;13.1
25;2021-05-14;4484;1306;153204;72228;28.4;13.4
25;2021-05-15;3281;709;156485;72937;29.0;13.5
25;2021-05-16;723;92;157208;73029;29.1;13.5
25;2021-05-17;4090;1092;161298;74121;29.9;13.7
25;2021-05-18;5205;1187;166503;75308;30.9;14.0
25;2021-05-19;5245;1130;171748;76438;31.8;14.2
25;2021-05-20;5134;1452;176882;77890;32.8;14.4
25;2021-05-21;5765;1977;182647;79867;33.9;14.8
25;2021-05-22;3176;722;185823;80589;34.4;14.9
25;2021-05-23;781;156;186604;80745;34.6;15.0
25;2021-05-24;1528;152;188132;80897;34.9;15.0
25;2021-05-25;3514;1646;191646;82543;35.5;15.3
25;2021-05-26;3976;1556;195622;84099;36.3;15.6
25;2021-05-27;4518;1901;200140;86000;37.1;15.9
25;2021-05-28;3991;2651;204131;88651;37.8;16.4
25;2021-05-29;2015;1022;206146;89673;38.2;16.6
25;2021-05-30;175;96;206321;89769;38.2;16.6
25;2021-05-31;2673;1712;208994;91481;38.7;17.0
25;2021-06-01;2729;2158;211723;93639;39.2;17.4
25;2021-06-02;2609;2249;214332;95888;39.7;17.8
25;2021-06-03;3274;2043;217606;97931;40.3;18.2
25;2021-06-04;3210;2409;220816;100340;40.9;18.6
25;2021-06-05;1491;1398;222307;101738;41.2;18.9
25;2021-06-06;986;259;223293;101997;41.4;18.9
25;2021-06-07;2785;2574;226078;104571;41.9;19.4
25;2021-06-08;2604;2760;228682;107331;42.4;19.9
25;2021-06-09;2383;2762;231065;110093;42.8;20.4
25;2021-06-10;2322;2654;233387;112747;43.3;20.9
25;2021-06-11;2712;3311;236099;116058;43.8;21.5
25;2021-06-12;1572;1860;237671;117918;44.1;21.9
25;2021-06-13;496;257;238167;118175;44.2;21.9
25;2021-06-14;1422;3757;239589;121932;44.4;22.6
25;2021-06-15;1642;3568;241231;125500;44.7;23.3
25;2021-06-16;1954;3270;243185;128770;45.1;23.9
25;2021-06-17;1473;3325;244658;132095;45.4;24.5
25;2021-06-18;2288;4295;246946;136390;45.8;25.3
25;2021-06-19;1350;1976;248296;138366;46.0;25.6
25;2021-06-20;57;239;248353;138605;46.0;25.7
25;2021-06-21;1140;4139;249493;142744;46.2;26.5
25;2021-06-22;1149;4676;250642;147420;46.5;27.3
25;2021-06-23;1406;4074;252048;151494;46.7;28.1
25;2021-06-24;1193;4082;253241;155576;46.9;28.8
25;2021-06-25;1641;5607;254882;161183;47.2;29.9
25;2021-06-26;626;3383;255508;164566;47.4;30.5
25;2021-06-27;451;879;255959;165445;47.4;30.7
25;2021-06-28;907;4473;256866;169918;47.6;31.5
25;2021-06-29;1132;5470;257998;175388;47.8;32.5
25;2021-06-30;1312;5368;259310;180756;48.1;33.5
25;2021-07-01;1702;5226;261012;185982;48.4;34.5
25;2021-07-02;1750;5060;262762;191042;48.7;35.4
25;2021-07-03;1042;2695;263804;193737;48.9;35.9
25;2021-07-04;409;722;264213;194459;49.0;36.0
25;2021-07-05;1300;2579;265513;197038;49.2;36.5
25;2021-07-06;1571;4747;267084;201785;49.5;37.4
25;2021-07-07;1593;4506;268677;206291;49.8;38.2
25;2021-07-08;1545;3930;270222;210221;50.1;39.0
25;2021-07-09;1793;4583;272015;214804;50.4;39.8
25;2021-07-10;781;2371;272796;217175;50.6;40.3
25;2021-07-11;126;306;272922;217481;50.6;40.3
25;2021-07-12;1397;3860;274319;221341;50.9;41.0
25;2021-07-13;2473;4771;276792;226112;51.3;41.9
25;2021-07-14;378;561;277170;226673;51.4;42.0
25;2021-07-15;2401;3654;279571;230327;51.8;42.7
25;2021-07-16;3481;3835;283052;234162;52.5;43.4
25;2021-07-17;2206;2034;285258;236196;52.9;43.8
25;2021-07-18;806;1299;286064;237495;53.0;44.0
25;2021-07-19;2543;4206;288607;241701;53.5;44.8
25;2021-07-20;3378;3708;291985;245409;54.1;45.5
25;2021-07-21;3295;3363;295280;248772;54.7;46.1
25;2021-07-22;3327;2974;298607;251746;55.4;46.7
25;2021-07-23;3558;3351;302165;255097;56.0;47.3
25;2021-07-24;1408;2270;303573;257367;56.3;47.7
25;2021-07-25;674;707;304247;258074;56.4;47.8
25;2021-07-26;3048;3014;307295;261088;57.0;48.4
25;2021-07-27;3822;2120;311117;263208;57.7;48.8
25;2021-07-28;3672;2108;314789;265316;58.4;49.2
25;2021-07-29;4307;2084;319096;267400;59.2;49.6
25;2021-07-30;4240;2480;323336;269880;59.9;50.0
25;2021-07-31;1815;1467;325151;271347;60.3;50.3
25;2021-08-01;1343;195;326494;271542;60.5;50.3
25;2021-08-02;2709;2214;329203;273756;61.0;50.7
25;2021-08-03;2813;2201;332016;275957;61.5;51.2
25;2021-08-04;2920;1420;334936;277377;62.1;51.4
25;2021-08-05;2191;1725;337127;279102;62.5;51.7
25;2021-08-06;2276;2343;339403;281445;62.9;52.2
25;2021-08-07;1288;1198;340691;282643;63.2;52.4
25;2021-08-08;319;474;341010;283117;63.2;52.5
25;2021-08-09;2017;2224;343027;285341;63.6;52.9
25;2021-08-10;1945;2511;344972;287852;63.9;53.4
25;2021-08-11;1826;2026;346798;289878;64.3;53.7
25;2021-08-12;2131;2488;348929;292366;64.7;54.2
25;2021-08-13;1672;2011;350601;294377;65.0;54.6
25;2021-08-14;952;1780;351553;296157;65.2;54.9
25;2021-08-15;9;45;351562;296202;65.2;54.9
25;2021-08-16;1240;3252;352802;299454;65.4;55.5
25;2021-08-17;1427;3282;354229;302736;65.7;56.1
25;2021-08-18;1224;2799;355453;305535;65.9;56.6
25;2021-08-19;970;2864;356423;308399;66.1;57.2
26;2020-12-27;0;0;0;0;0.0;0.0
26;2020-12-28;0;0;0;0;0.0;0.0
26;2020-12-29;0;0;0;0;0.0;0.0
26;2020-12-30;0;0;0;0;0.0;0.0
26;2020-12-31;0;0;0;0;0.0;0.0
26;2021-01-01;0;0;0;0;0.0;0.0
26;2021-01-02;0;0;0;0;0.0;0.0
26;2021-01-03;0;0;0;0;0.0;0.0
26;2021-01-04;0;0;0;0;0.0;0.0
26;2021-01-05;0;0;0;0;0.0;0.0
26;2021-01-06;0;0;0;0;0.0;0.0
26;2021-01-07;168;0;168;0;0.0;0.0
26;2021-01-08;125;0;293;0;0.1;0.0
26;2021-01-09;2;0;295;0;0.1;0.0
26;2021-01-10;0;0;295;0;0.1;0.0
26;2021-01-11;266;1;561;1;0.1;0.0
26;2021-01-12;176;1;737;2;0.1;0.0
26;2021-01-13;417;1;1154;3;0.2;0.0
26;2021-01-14;487;0;1641;3;0.3;0.0
26;2021-01-15;562;1;2203;4;0.4;0.0
26;2021-01-16;250;1;2453;5;0.5;0.0
26;2021-01-17;0;0;2453;5;0.5;0.0
26;2021-01-18;637;1;3090;6;0.6;0.0
26;2021-01-19;785;3;3875;9;0.7;0.0
26;2021-01-20;742;0;4617;9;0.9;0.0
26;2021-01-21;806;5;5423;14;1.0;0.0
26;2021-01-22;787;4;6210;18;1.2;0.0
26;2021-01-23;563;2;6773;20;1.3;0.0
26;2021-01-24;24;0;6797;20;1.3;0.0
26;2021-01-25;697;2;7494;22;1.4;0.0
26;2021-01-26;801;4;8295;26;1.6;0.0
26;2021-01-27;822;9;9117;35;1.8;0.0
26;2021-01-28;1328;169;10445;204;2.0;0.0
26;2021-01-29;970;66;11415;270;2.2;0.1
26;2021-01-30;606;5;12021;275;2.3;0.1
26;2021-01-31;24;0;12045;275;2.3;0.1
26;2021-02-01;709;189;12754;464;2.5;0.1
26;2021-02-02;1274;212;14028;676;2.7;0.1
26;2021-02-03;1235;258;15263;934;2.9;0.2
26;2021-02-04;985;452;16248;1386;3.1;0.3
26;2021-02-05;672;335;16920;1721;3.3;0.3
26;2021-02-06;408;241;17328;1962;3.3;0.4
26;2021-02-07;57;2;17385;1964;3.3;0.4
26;2021-02-08;544;417;17929;2381;3.4;0.5
26;2021-02-09;616;476;18545;2857;3.6;0.5
26;2021-02-10;665;340;19210;3197;3.7;0.6
26;2021-02-11;753;330;19963;3527;3.8;0.7
26;2021-02-12;590;452;20553;3979;3.9;0.8
26;2021-02-13;388;336;20941;4315;4.0;0.8
26;2021-02-14;36;0;20977;4315;4.0;0.8
26;2021-02-15;414;531;21391;4846;4.1;0.9
26;2021-02-16;294;556;21685;5402;4.2;1.0
26;2021-02-17;196;740;21881;6142;4.2;1.2
26;2021-02-18;337;899;22218;7041;4.3;1.4
26;2021-02-19;341;808;22559;7849;4.3;1.5
26;2021-02-20;95;490;22654;8339;4.4;1.6
26;2021-02-21;3;24;22657;8363;4.4;1.6
26;2021-02-22;144;718;22801;9081;4.4;1.7
26;2021-02-23;397;999;23198;10080;4.5;1.9
26;2021-02-24;343;1223;23541;11303;4.5;2.2
26;2021-02-25;734;1074;24275;12377;4.7;2.4
26;2021-02-26;925;640;25200;13017;4.8;2.5
26;2021-02-27;279;511;25479;13528;4.9;2.6
26;2021-02-28;3;30;25482;13558;4.9;2.6
26;2021-03-01;457;660;25939;14218;5.0;2.7
26;2021-03-02;741;632;26680;14850;5.1;2.9
26;2021-03-03;730;687;27410;15537;5.3;3.0
26;2021-03-04;1044;582;28454;16119;5.5;3.1
26;2021-03-05;1710;521;30164;16640;5.8;3.2
26;2021-03-06;2771;499;32935;17139;6.3;3.3
26;2021-03-07;2990;213;35925;17352;6.9;3.3
26;2021-03-08;910;654;36835;18006;7.1;3.5
26;2021-03-09;1324;558;38159;18564;7.3;3.6
26;2021-03-10;1219;515;39378;19079;7.6;3.7
26;2021-03-11;1608;654;40986;19733;7.9;3.8
26;2021-03-12;2216;477;43202;20210;8.3;3.9
26;2021-03-13;1886;345;45088;20555;8.7;3.9
26;2021-03-14;69;39;45157;20594;8.7;4.0
26;2021-03-15;1652;250;46809;20844;9.0;4.0
26;2021-03-16;1232;514;48041;21358;9.2;4.1
26;2021-03-17;1369;307;49410;21665;9.5;4.2
26;2021-03-18;1587;282;50997;21947;9.8;4.2
26;2021-03-19;2444;347;53441;22294;10.3;4.3
26;2021-03-20;1289;152;54730;22446;10.5;4.3
26;2021-03-21;61;20;54791;22466;10.5;4.3
26;2021-03-22;1845;194;56636;22660;10.9;4.4
26;2021-03-23;2474;275;59110;22935;11.4;4.4
26;2021-03-24;2551;242;61661;23177;11.8;4.5
26;2021-03-25;3042;340;64703;23517;12.4;4.5
26;2021-03-26;3050;354;67753;23871;13.0;4.6
26;2021-03-27;1245;156;68998;24027;13.3;4.6
26;2021-03-28;94;7;69092;24034;13.3;4.6
26;2021-03-29;1908;407;71000;24441;13.6;4.7
26;2021-03-30;2381;546;73381;24987;14.1;4.8
26;2021-03-31;2229;580;75610;25567;14.5;4.9
26;2021-04-01;2276;782;77886;26349;15.0;5.1
26;2021-04-02;2214;990;80100;27339;15.4;5.3
26;2021-04-03;552;1203;80652;28542;15.5;5.5
26;2021-04-04;215;888;80867;29430;15.5;5.7
26;2021-04-05;555;53;81422;29483;15.6;5.7
26;2021-04-06;1486;834;82908;30317;15.9;5.8
26;2021-04-07;1791;900;84699;31217;16.3;6.0
26;2021-04-08;3004;929;87703;32146;16.8;6.2
26;2021-04-09;3416;1002;91119;33148;17.5;6.4
26;2021-04-10;1355;921;92474;34069;17.8;6.5
26;2021-04-11;89;35;92563;34104;17.8;6.6
26;2021-04-12;1714;1129;94277;35233;18.1;6.8
26;2021-04-13;2795;1455;97072;36688;18.6;7.0
26;2021-04-14;2206;1479;99278;38167;19.1;7.3
26;2021-04-15;2276;1587;101554;39754;19.5;7.6
26;2021-04-16;2271;1590;103825;41344;19.9;7.9
26;2021-04-17;1096;840;104921;42184;20.2;8.1
26;2021-04-18;35;52;104956;42236;20.2;8.1
26;2021-04-19;1547;1573;106503;43809;20.5;8.4
26;2021-04-20;1799;1733;108302;45542;20.8;8.7
26;2021-04-21;2011;1511;110313;47053;21.2;9.0
26;2021-04-22;2290;1605;112603;48658;21.6;9.3
26;2021-04-23;2009;1637;114612;50295;22.0;9.7
26;2021-04-24;1654;844;116266;51139;22.3;9.8
26;2021-04-25;629;94;116895;51233;22.5;9.8
26;2021-04-26;1376;1601;118271;52834;22.7;10.1
26;2021-04-27;1986;1687;120257;54521;23.1;10.5
26;2021-04-28;1867;1543;122124;56064;23.5;10.8
26;2021-04-29;2866;1894;124990;57958;24.0;11.1
26;2021-04-30;2626;1764;127616;59722;24.5;11.5
26;2021-05-01;1538;381;129154;60103;24.8;11.5
26;2021-05-02;1086;118;130240;60221;25.0;11.6
26;2021-05-03;2201;1787;132441;62008;25.4;11.9
26;2021-05-04;2614;2353;135055;64361;25.9;12.4
26;2021-05-05;2772;2198;137827;66559;26.5;12.8
26;2021-05-06;3320;2216;141147;68775;27.1;13.2
26;2021-05-07;2859;2260;144006;71035;27.7;13.6
26;2021-05-08;1957;621;145963;71656;28.0;13.8
26;2021-05-09;713;123;146676;71779;28.2;13.8
26;2021-05-10;3022;1824;149698;73603;28.8;14.1
26;2021-05-11;4442;2189;154140;75792;29.6;14.6
26;2021-05-12;4825;1691;158965;77483;30.5;14.9
26;2021-05-13;4364;613;163329;78096;31.4;15.0
26;2021-05-14;4643;1549;167972;79645;32.3;15.3
26;2021-05-15;4468;625;172440;80270;33.1;15.4
26;2021-05-16;3631;344;176071;80614;33.8;15.5
26;2021-05-17;3657;1481;179728;82095;34.5;15.8
26;2021-05-18;4476;1742;184204;83837;35.4;16.1
26;2021-05-19;4485;1449;188689;85286;36.2;16.4
26;2021-05-20;4685;1754;193374;87040;37.1;16.7
26;2021-05-21;4728;1799;198102;88839;38.1;17.1
26;2021-05-22;3187;687;201289;89526;38.7;17.2
26;2021-05-23;1597;183;202886;89709;39.0;17.2
26;2021-05-24;3789;744;206675;90453;39.7;17.4
26;2021-05-25;3592;2338;210267;92791;40.4;17.8
26;2021-05-26;4180;2271;214447;95062;41.2;18.3
26;2021-05-27;4216;2465;218663;97527;42.0;18.7
26;2021-05-28;3777;2770;222440;100297;42.7;19.3
26;2021-05-29;3088;1652;225528;101949;43.3;19.6
26;2021-05-30;322;71;225850;102020;43.4;19.6
26;2021-05-31;3081;1851;228931;103871;44.0;20.0
26;2021-06-01;3108;2307;232039;106178;44.6;20.4
26;2021-06-02;2870;2214;234909;108392;45.1;20.8
26;2021-06-03;2851;2492;237760;110884;45.7;21.3
26;2021-06-04;2659;2904;240419;113788;46.2;21.9
26;2021-06-05;1802;1694;242221;115482;46.5;22.2
26;2021-06-06;9;0;242230;115482;46.5;22.2
26;2021-06-07;2347;2426;244577;117908;47.0;22.7
26;2021-06-08;2455;2293;247032;120201;47.5;23.1
26;2021-06-09;2094;2386;249126;122587;47.9;23.5
26;2021-06-10;1976;2761;251102;125348;48.2;24.1
26;2021-06-11;1895;3272;252997;128620;48.6;24.7
26;2021-06-12;1218;1791;254215;130411;48.8;25.1
26;2021-06-13;96;214;254311;130625;48.9;25.1
26;2021-06-14;1416;3497;255727;134122;49.1;25.8
26;2021-06-15;1584;3963;257311;138085;49.4;26.5
26;2021-06-16;1786;3464;259097;141549;49.8;27.2
26;2021-06-17;1509;3166;260606;144715;50.1;27.8
26;2021-06-18;1795;4367;262401;149082;50.4;28.6
26;2021-06-19;932;3182;263333;152264;50.6;29.3
26;2021-06-20;264;875;263597;153139;50.6;29.4
26;2021-06-21;1006;4549;264603;157688;50.8;30.3
26;2021-06-22;1062;5120;265665;162808;51.0;31.3
26;2021-06-23;1167;5073;266832;167881;51.3;32.3
26;2021-06-24;1260;4539;268092;172420;51.5;33.1
26;2021-06-25;1017;5541;269109;177961;51.7;34.2
26;2021-06-26;662;3821;269771;181782;51.8;34.9
26;2021-06-27;300;1273;270071;183055;51.9;35.2
26;2021-06-28;778;4755;270849;187810;52.0;36.1
26;2021-06-29;1099;4961;271948;192771;52.2;37.0
26;2021-06-30;1413;4890;273361;197661;52.5;38.0
26;2021-07-01;1650;4392;275011;202053;52.8;38.8
26;2021-07-02;1334;5162;276345;207215;53.1;39.8
26;2021-07-03;772;3326;277117;210541;53.2;40.4
26;2021-07-04;333;634;277450;211175;53.3;40.6
26;2021-07-05;888;4677;278338;215852;53.5;41.5
26;2021-07-06;1268;4202;279606;220054;53.7;42.3
26;2021-07-07;1440;3795;281046;223849;54.0;43.0
26;2021-07-08;2380;3330;283426;227179;54.4;43.6
26;2021-07-09;1557;4791;284983;231970;54.7;44.6
26;2021-07-10;911;2915;285894;234885;54.9;45.1
26;2021-07-11;334;351;286228;235236;55.0;45.2
26;2021-07-12;1113;4218;287341;239454;55.2;46.0
26;2021-07-13;2299;4339;289640;243793;55.6;46.8
26;2021-07-14;1058;813;290698;244606;55.8;47.0
26;2021-07-15;3168;3652;293866;248258;56.5;47.7
26;2021-07-16;3000;3692;296866;251950;57.0;48.4
26;2021-07-17;1876;1815;298742;253765;57.4;48.7
26;2021-07-18;20;24;298762;253789;57.4;48.8
26;2021-07-19;2722;3264;301484;257053;57.9;49.4
26;2021-07-20;3701;3366;305185;260419;58.6;50.0
26;2021-07-21;3586;3092;308771;263511;59.3;50.6
26;2021-07-22;4118;2959;312889;266470;60.1;51.2
26;2021-07-23;3854;3396;316743;269866;60.8;51.8
26;2021-07-24;2342;1356;319085;271222;61.3;52.1
26;2021-07-25;608;93;319693;271315;61.4;52.1
26;2021-07-26;3423;2577;323116;273892;62.1;52.6
26;2021-07-27;4816;2616;327932;276508;63.0;53.1
26;2021-07-28;4522;2376;332454;278884;63.9;53.6
26;2021-07-29;3889;2886;336343;281770;64.6;54.1
26;2021-07-30;3472;2666;339815;284436;65.3;54.6
26;2021-07-31;1141;1008;340956;285444;65.5;54.8
26;2021-08-01;406;107;341362;285551;65.6;54.9
26;2021-08-02;2935;2352;344297;287903;66.1;55.3
26;2021-08-03;3287;2288;347584;290191;66.8;55.7
26;2021-08-04;3971;2006;351555;292197;67.5;56.1
26;2021-08-05;3131;2194;354686;294391;68.1;56.6
26;2021-08-06;3123;2632;357809;297023;68.7;57.1
26;2021-08-07;639;843;358448;297866;68.9;57.2
26;2021-08-08;28;13;358476;297879;68.9;57.2
26;2021-08-09;2179;3056;360655;300935;69.3;57.8
26;2021-08-10;2328;3039;362983;303974;69.7;58.4
26;2021-08-11;2061;2713;365044;306687;70.1;58.9
26;2021-08-12;1771;2581;366815;309268;70.5;59.4
26;2021-08-13;1659;2412;368474;311680;70.8;59.9
26;2021-08-14;270;869;368744;312549;70.8;60.0
26;2021-08-15;6;8;368750;312557;70.8;60.0
26;2021-08-16;1178;3286;369928;315843;71.1;60.7
26;2021-08-17;1507;3142;371435;318985;71.4;61.3
26;2021-08-18;1607;3370;373042;322355;71.7;61.9
26;2021-08-19;1533;3048;374575;325403;72.0;62.5
27;2020-12-27;1;0;1;0;0.0;0.0
27;2020-12-28;0;0;1;0;0.0;0.0
27;2020-12-29;1;0;2;0;0.0;0.0
27;2020-12-30;0;0;2;0;0.0;0.0
27;2020-12-31;0;0;2;0;0.0;0.0
27;2021-01-01;0;0;2;0;0.0;0.0
27;2021-01-02;0;0;2;0;0.0;0.0
27;2021-01-03;2;0;4;0;0.0;0.0
27;2021-01-04;0;0;4;0;0.0;0.0
27;2021-01-05;15;0;19;0;0.0;0.0
27;2021-01-06;161;0;180;0;0.0;0.0
27;2021-01-07;372;1;552;1;0.1;0.0
27;2021-01-08;442;0;994;1;0.2;0.0
27;2021-01-09;72;1;1066;2;0.2;0.0
27;2021-01-10;101;0;1167;2;0.2;0.0
27;2021-01-11;383;0;1550;2;0.3;0.0
27;2021-01-12;409;2;1959;4;0.3;0.0
27;2021-01-13;839;1;2798;5;0.5;0.0
27;2021-01-14;1627;26;4425;31;0.7;0.0
27;2021-01-15;1220;5;5645;36;0.9;0.0
27;2021-01-16;333;2;5978;38;1.0;0.0
27;2021-01-17;205;0;6183;38;1.0;0.0
27;2021-01-18;798;2;6981;40;1.2;0.0
27;2021-01-19;773;2;7754;42;1.3;0.0
27;2021-01-20;871;0;8625;42;1.4;0.0
27;2021-01-21;655;1;9280;43;1.5;0.0
27;2021-01-22;779;4;10059;47;1.7;0.0
27;2021-01-23;350;0;10409;47;1.7;0.0
27;2021-01-24;169;6;10578;53;1.8;0.0
27;2021-01-25;635;15;11213;68;1.9;0.0
27;2021-01-26;462;17;11675;85;1.9;0.0
27;2021-01-27;506;105;12181;190;2.0;0.0
27;2021-01-28;517;296;12698;486;2.1;0.1
27;2021-01-29;509;109;13207;595;2.2;0.1
27;2021-01-30;242;31;13449;626;2.2;0.1
27;2021-01-31;27;24;13476;650;2.2;0.1
27;2021-02-01;349;195;13825;845;2.3;0.1
27;2021-02-02;307;281;14132;1126;2.4;0.2
27;2021-02-03;488;401;14620;1527;2.4;0.3
27;2021-02-04;719;890;15339;2417;2.6;0.4
27;2021-02-05;662;1153;16001;3570;2.7;0.6
27;2021-02-06;125;223;16126;3793;2.7;0.6
27;2021-02-07;25;42;16151;3835;2.7;0.6
27;2021-02-08;310;378;16461;4213;2.7;0.7
27;2021-02-09;342;556;16803;4769;2.8;0.8
27;2021-02-10;302;525;17105;5294;2.8;0.9
27;2021-02-11;318;456;17423;5750;2.9;1.0
27;2021-02-12;229;545;17652;6295;2.9;1.0
27;2021-02-13;151;133;17803;6428;3.0;1.1
27;2021-02-14;6;93;17809;6521;3.0;1.1
27;2021-02-15;389;597;18198;7118;3.0;1.2
27;2021-02-16;295;737;18493;7855;3.1;1.3
27;2021-02-17;247;641;18740;8496;3.1;1.4
27;2021-02-18;363;684;19103;9180;3.2;1.5
27;2021-02-19;218;690;19321;9870;3.2;1.6
27;2021-02-20;129;251;19450;10121;3.2;1.7
27;2021-02-21;12;139;19462;10260;3.2;1.7
27;2021-02-22;482;568;19944;10828;3.3;1.8
27;2021-02-23;495;627;20439;11455;3.4;1.9
27;2021-02-24;543;651;20982;12106;3.5;2.0
27;2021-02-25;844;758;21826;12864;3.6;2.1
27;2021-02-26;953;692;22779;13556;3.8;2.3
27;2021-02-27;406;160;23185;13716;3.9;2.3
27;2021-02-28;173;31;23358;13747;3.9;2.3
27;2021-03-01;487;443;23845;14190;4.0;2.4
27;2021-03-02;765;366;24610;14556;4.1;2.4
27;2021-03-03;852;365;25462;14921;4.2;2.5
27;2021-03-04;885;234;26347;15155;4.4;2.5
27;2021-03-05;1304;236;27651;15391;4.6;2.6
27;2021-03-06;1637;108;29288;15499;4.9;2.6
27;2021-03-07;620;15;29908;15514;5.0;2.6
27;2021-03-08;1204;304;31112;15818;5.2;2.6
27;2021-03-09;1826;263;32938;16081;5.5;2.7
27;2021-03-10;2116;346;35054;16427;5.8;2.7
27;2021-03-11;2149;223;37203;16650;6.2;2.8
27;2021-03-12;2818;199;40021;16849;6.7;2.8
27;2021-03-13;1919;123;41940;16972;7.0;2.8
27;2021-03-14;655;14;42595;16986;7.1;2.8
27;2021-03-15;1553;214;44148;17200;7.3;2.9
27;2021-03-16;1486;237;45634;17437;7.6;2.9
27;2021-03-17;1852;342;47486;17779;7.9;3.0
27;2021-03-18;1687;342;49173;18121;8.2;3.0
27;2021-03-19;1832;170;51005;18291;8.5;3.0
27;2021-03-20;903;40;51908;18331;8.6;3.1
27;2021-03-21;258;3;52166;18334;8.7;3.1
27;2021-03-22;1234;544;53400;18878;8.9;3.1
27;2021-03-23;1626;461;55026;19339;9.2;3.2
27;2021-03-24;1523;477;56549;19816;9.4;3.3
27;2021-03-25;2163;507;58712;20323;9.8;3.4
27;2021-03-26;2529;444;61241;20767;10.2;3.5
27;2021-03-27;1568;199;62809;20966;10.5;3.5
27;2021-03-28;1149;49;63958;21015;10.6;3.5
27;2021-03-29;1376;833;65334;21848;10.9;3.6
27;2021-03-30;1393;848;66727;22696;11.1;3.8
27;2021-03-31;1487;875;68214;23571;11.4;3.9
27;2021-04-01;1954;810;70168;24381;11.7;4.1
27;2021-04-02;2001;1184;72169;25565;12.0;4.3
27;2021-04-03;1562;739;73731;26304;12.3;4.4
27;2021-04-04;976;175;74707;26479;12.4;4.4
27;2021-04-05;282;6;74989;26485;12.5;4.4
27;2021-04-06;1414;1805;76403;28290;12.7;4.7
27;2021-04-07;1323;1747;77726;30037;12.9;5.0
27;2021-04-08;1683;1678;79409;31715;13.2;5.3
27;2021-04-09;2947;1560;82356;33275;13.7;5.5
27;2021-04-10;2032;982;84388;34257;14.0;5.7
27;2021-04-11;946;212;85334;34469;14.2;5.7
27;2021-04-12;2435;1512;87769;35981;14.6;6.0
27;2021-04-13;2393;1552;90162;37533;15.0;6.2
27;2021-04-14;2087;1628;92249;39161;15.4;6.5
27;2021-04-15;1876;1662;94125;40823;15.7;6.8
27;2021-04-16;2752;1115;96877;41938;16.1;7.0
27;2021-04-17;2169;495;99046;42433;16.5;7.1
27;2021-04-18;453;16;99499;42449;16.6;7.1
27;2021-04-19;1713;1175;101212;43624;16.8;7.3
27;2021-04-20;2386;1303;103598;44927;17.2;7.5
27;2021-04-21;2209;1079;105807;46006;17.6;7.7
27;2021-04-22;2178;1412;107985;47418;18.0;7.9
27;2021-04-23;2448;1177;110433;48595;18.4;8.1
27;2021-04-24;3258;1142;113691;49737;18.9;8.3
27;2021-04-25;1130;1052;114821;50789;19.1;8.5
27;2021-04-26;1923;1145;116744;51934;19.4;8.6
27;2021-04-27;2525;1091;119269;53025;19.9;8.8
27;2021-04-28;2393;1313;121662;54338;20.3;9.0
27;2021-04-29;2492;1474;124154;55812;20.7;9.3
27;2021-04-30;2370;1612;126524;57424;21.1;9.6
27;2021-05-01;2637;888;129161;58312;21.5;9.7
27;2021-05-02;1953;897;131114;59209;21.8;9.9
27;2021-05-03;3064;882;134178;60091;22.3;10.0
27;2021-05-04;2782;1646;136960;61737;22.8;10.3
27;2021-05-05;2817;1651;139777;63388;23.3;10.6
27;2021-05-06;3184;1293;142961;64681;23.8;10.8
27;2021-05-07;3325;2001;146286;66682;24.4;11.1
27;2021-05-08;2802;1331;149088;68013;24.8;11.3
27;2021-05-09;1696;298;150784;68311;25.1;11.4
27;2021-05-10;2952;2271;153736;70582;25.6;11.8
27;2021-05-11;3356;1758;157092;72340;26.2;12.0
27;2021-05-12;3462;1728;160554;74068;26.7;12.3
27;2021-05-13;1892;254;162446;74322;27.0;12.4
27;2021-05-14;3882;1789;166328;76111;27.7;12.7
27;2021-05-15;6603;955;172931;77066;28.8;12.8
27;2021-05-16;3668;436;176599;77502;29.4;12.9
27;2021-05-17;2776;1160;179375;78662;29.9;13.1
27;2021-05-18;3846;1291;183221;79953;30.5;13.3
27;2021-05-19;3967;1152;187188;81105;31.2;13.5
27;2021-05-20;3874;1167;191062;82272;31.8;13.7
27;2021-05-21;3969;1802;195031;84074;32.5;14.0
27;2021-05-22;4369;802;199400;84876;33.2;14.1
27;2021-05-23;800;173;200200;85049;33.3;14.2
27;2021-05-24;1490;341;201690;85390;33.6;14.2
27;2021-05-25;3513;1608;205203;86998;34.2;14.5
27;2021-05-26;3857;1739;209060;88737;34.8;14.8
27;2021-05-27;3787;1488;212847;90225;35.4;15.0
27;2021-05-28;3399;2630;216246;92855;36.0;15.5
27;2021-05-29;4824;2299;221070;95154;36.8;15.8
27;2021-05-30;1118;248;222188;95402;37.0;15.9
27;2021-05-31;3464;2275;225652;97677;37.6;16.3
27;2021-06-01;3815;2246;229467;99923;38.2;16.6
27;2021-06-02;3341;2184;232808;102107;38.8;17.0
27;2021-06-03;4429;2126;237237;104233;39.5;17.4
27;2021-06-04;3601;2974;240838;107207;40.1;17.8
27;2021-06-05;3211;3349;244049;110556;40.6;18.4
27;2021-06-06;2004;1007;246053;111563;41.0;18.6
27;2021-06-07;2567;2358;248620;113921;41.4;19.0
27;2021-06-08;3125;2377;251745;116298;41.9;19.4
27;2021-06-09;2304;2469;254049;118767;42.3;19.8
27;2021-06-10;2431;2039;256480;120806;42.7;20.1
27;2021-06-11;2889;3771;259369;124577;43.2;20.7
27;2021-06-12;1983;4190;261352;128767;43.5;21.4
27;2021-06-13;1083;2686;262435;131453;43.7;21.9
27;2021-06-14;1995;3115;264430;134568;44.0;22.4
27;2021-06-15;2687;3021;267117;137589;44.5;22.9
27;2021-06-16;2503;3262;269620;140851;44.9;23.4
27;2021-06-17;2295;3284;271915;144135;45.3;24.0
27;2021-06-18;2746;4420;274661;148555;45.7;24.7
27;2021-06-19;1863;3391;276524;151946;46.0;25.3
27;2021-06-20;608;711;277132;152657;46.1;25.4
27;2021-06-21;1703;3492;278835;156149;46.4;26.0
27;2021-06-22;2384;3718;281219;159867;46.8;26.6
27;2021-06-23;2075;3567;283294;163434;47.2;27.2
27;2021-06-24;2256;3412;285550;166846;47.5;27.8
27;2021-06-25;1935;4458;287485;171304;47.9;28.5
27;2021-06-26;883;5354;288368;176658;48.0;29.4
27;2021-06-27;377;1426;288745;178084;48.1;29.6
27;2021-06-28;1128;3403;289873;181487;48.3;30.2
27;2021-06-29;1701;4369;291574;185856;48.5;30.9
27;2021-06-30;2117;4093;293691;189949;48.9;31.6
27;2021-07-01;2224;3907;295915;193856;49.3;32.3
27;2021-07-02;1586;4617;297501;198473;49.5;33.0
27;2021-07-03;1308;4774;298809;203247;49.7;33.8
27;2021-07-04;503;1401;299312;204648;49.8;34.1
27;2021-07-05;1419;3531;300731;208179;50.1;34.7
27;2021-07-06;1369;4181;302100;212360;50.3;35.4
27;2021-07-07;1757;4900;303857;217260;50.6;36.2
27;2021-07-08;2089;4348;305946;221608;50.9;36.9
27;2021-07-09;1985;5284;307931;226892;51.3;37.8
27;2021-07-10;1167;4176;309098;231068;51.5;38.5
27;2021-07-11;424;1140;309522;232208;51.5;38.7
27;2021-07-12;1252;4375;310774;236583;51.7;39.4
27;2021-07-13;2759;5352;313533;241935;52.2;40.3
27;2021-07-14;1517;1751;315050;243686;52.4;40.6
27;2021-07-15;3030;5466;318080;249152;53.0;41.5
27;2021-07-16;3819;5288;321899;254440;53.6;42.4
27;2021-07-17;2731;3878;324630;258318;54.0;43.0
27;2021-07-18;551;1265;325181;259583;54.1;43.2
27;2021-07-19;3688;3788;328869;263371;54.7;43.8
27;2021-07-20;3443;3588;332312;266959;55.3;44.4
27;2021-07-21;4246;3898;336558;270857;56.0;45.1
27;2021-07-22;4744;3703;341302;274560;56.8;45.7
27;2021-07-23;3585;3398;344887;277958;57.4;46.3
27;2021-07-24;3109;2328;347996;280286;57.9;46.7
27;2021-07-25;492;544;348488;280830;58.0;46.8
27;2021-07-26;3059;3180;351547;284010;58.5;47.3
27;2021-07-27;3581;3100;355128;287110;59.1;47.8
27;2021-07-28;3574;3240;358702;290350;59.7;48.3
27;2021-07-29;4579;3504;363281;293854;60.5;48.9
27;2021-07-30;3789;3142;367070;296996;61.1;49.4
27;2021-07-31;3045;2577;370115;299573;61.6;49.9
27;2021-08-01;536;498;370651;300071;61.7;50.0
27;2021-08-02;3310;2579;373961;302650;62.3;50.4
27;2021-08-03;3412;2775;377373;305425;62.8;50.8
27;2021-08-04;3015;2329;380388;307754;63.3;51.2
27;2021-08-05;2663;2356;383051;310110;63.8;51.6
27;2021-08-06;3247;3247;386298;313357;64.3;52.2
27;2021-08-07;1790;2551;388088;315908;64.6;52.6
27;2021-08-08;219;196;388307;316104;64.6;52.6
27;2021-08-09;2204;2810;390511;318914;65.0;53.1
27;2021-08-10;2808;3500;393319;322414;65.5;53.7
27;2021-08-11;2620;3097;395939;325511;65.9;54.2
27;2021-08-12;2349;3901;398288;329412;66.3;54.8
27;2021-08-13;1728;2556;400016;331968;66.6;55.3
27;2021-08-14;1159;2888;401175;334856;66.8;55.7
27;2021-08-15;16;22;401191;334878;66.8;55.7
27;2021-08-16;1806;3805;402997;338683;67.1;56.4
27;2021-08-17;2034;3431;405031;342114;67.4;57.0
27;2021-08-18;1447;2972;406478;345086;67.7;57.4
27;2021-08-19;1688;3349;408166;348435;67.9;58.0
28;2020-12-27;0;0;0;0;0.0;0.0
28;2020-12-28;0;0;0;0;0.0;0.0
28;2020-12-29;0;0;0;0;0.0;0.0
28;2020-12-30;0;0;0;0;0.0;0.0
28;2020-12-31;0;0;0;0;0.0;0.0
28;2021-01-01;1;0;1;0;0.0;0.0
28;2021-01-02;0;0;1;0;0.0;0.0
28;2021-01-03;0;0;1;0;0.0;0.0
28;2021-01-04;0;0;1;0;0.0;0.0
28;2021-01-05;5;0;6;0;0.0;0.0
28;2021-01-06;84;0;90;0;0.0;0.0
28;2021-01-07;102;0;192;0;0.0;0.0
28;2021-01-08;134;2;326;2;0.1;0.0
28;2021-01-09;78;0;404;2;0.1;0.0
28;2021-01-10;1;0;405;2;0.1;0.0
28;2021-01-11;204;0;609;2;0.1;0.0
28;2021-01-12;265;2;874;4;0.2;0.0
28;2021-01-13;397;3;1271;7;0.3;0.0
28;2021-01-14;449;5;1720;12;0.4;0.0
28;2021-01-15;374;3;2094;15;0.5;0.0
28;2021-01-16;206;2;2300;17;0.5;0.0
28;2021-01-17;21;0;2321;17;0.5;0.0
28;2021-01-18;372;2;2693;19;0.6;0.0
28;2021-01-19;503;4;3196;23;0.7;0.0
28;2021-01-20;636;1;3832;24;0.9;0.0
28;2021-01-21;796;3;4628;27;1.1;0.0
28;2021-01-22;478;1;5106;28;1.2;0.0
28;2021-01-23;353;0;5459;28;1.3;0.0
28;2021-01-24;1;0;5460;28;1.3;0.0
28;2021-01-25;456;4;5916;32;1.4;0.0
28;2021-01-26;718;4;6634;36;1.5;0.0
28;2021-01-27;1213;50;7847;86;1.8;0.0
28;2021-01-28;1587;93;9434;179;2.2;0.0
28;2021-01-29;896;98;10330;277;2.4;0.1
28;2021-01-30;248;54;10578;331;2.5;0.1
28;2021-01-31;2;22;10580;353;2.5;0.1
28;2021-02-01;324;122;10904;475;2.5;0.1
28;2021-02-02;368;239;11272;714;2.6;0.2
28;2021-02-03;473;259;11745;973;2.7;0.2
28;2021-02-04;525;278;12270;1251;2.9;0.3
28;2021-02-05;436;226;12706;1477;3.0;0.3
28;2021-02-06;200;129;12906;1606;3.0;0.4
28;2021-02-07;0;0;12906;1606;3.0;0.4
28;2021-02-08;331;250;13237;1856;3.1;0.4
28;2021-02-09;281;347;13518;2203;3.1;0.5
28;2021-02-10;442;400;13960;2603;3.3;0.6
28;2021-02-11;562;491;14522;3094;3.4;0.7
28;2021-02-12;453;433;14975;3527;3.5;0.8
28;2021-02-13;181;192;15156;3719;3.5;0.9
28;2021-02-14;0;2;15156;3721;3.5;0.9
28;2021-02-15;280;474;15436;4195;3.6;1.0
28;2021-02-16;394;709;15830;4904;3.7;1.1
28;2021-02-17;585;1158;16415;6062;3.8;1.4
28;2021-02-18;665;1401;17080;7463;4.0;1.7
28;2021-02-19;546;765;17626;8228;4.1;1.9
28;2021-02-20;114;145;17740;8373;4.1;1.9
28;2021-02-21;7;33;17747;8406;4.1;2.0
28;2021-02-22;223;521;17970;8927;4.2;2.1
28;2021-02-23;203;379;18173;9306;4.2;2.2
28;2021-02-24;244;479;18417;9785;4.3;2.3
28;2021-02-25;574;452;18991;10237;4.4;2.4
28;2021-02-26;764;377;19755;10614;4.6;2.5
28;2021-02-27;265;86;20020;10700;4.7;2.5
28;2021-02-28;23;17;20043;10717;4.7;2.5
28;2021-03-01;291;215;20334;10932;4.7;2.5
28;2021-03-02;397;277;20731;11209;4.8;2.6
28;2021-03-03;369;400;21100;11609;4.9;2.7
28;2021-03-04;719;488;21819;12097;5.1;2.8
28;2021-03-05;1319;420;23138;12517;5.4;2.9
28;2021-03-06;1998;85;25136;12602;5.9;2.9
28;2021-03-07;974;29;26110;12631;6.1;2.9
28;2021-03-08;398;309;26508;12940;6.2;3.0
28;2021-03-09;980;359;27488;13299;6.4;3.1
28;2021-03-10;1357;545;28845;13844;6.7;3.2
28;2021-03-11;1535;703;30380;14547;7.1;3.4
28;2021-03-12;2257;643;32637;15190;7.6;3.5
28;2021-03-13;1235;132;33872;15322;7.9;3.6
28;2021-03-14;518;18;34390;15340;8.0;3.6
28;2021-03-15;756;231;35146;15571;8.2;3.6
28;2021-03-16;716;224;35862;15795;8.4;3.7
28;2021-03-17;746;288;36608;16083;8.5;3.7
28;2021-03-18;1201;277;37809;16360;8.8;3.8
28;2021-03-19;1557;333;39366;16693;9.2;3.9
28;2021-03-20;639;21;40005;16714;9.3;3.9
28;2021-03-21;28;7;40033;16721;9.3;3.9
28;2021-03-22;767;323;40800;17044;9.5;4.0
28;2021-03-23;1027;194;41827;17238;9.7;4.0
28;2021-03-24;1312;277;43139;17515;10.0;4.1
28;2021-03-25;1797;290;44936;17805;10.5;4.1
28;2021-03-26;2083;344;47019;18149;10.9;4.2
28;2021-03-27;402;38;47421;18187;11.0;4.2
28;2021-03-28;12;0;47433;18187;11.0;4.2
28;2021-03-29;1140;353;48573;18540;11.3;4.3
28;2021-03-30;1712;249;50285;18789;11.7;4.4
28;2021-03-31;2017;482;52302;19271;12.2;4.5
28;2021-04-01;1796;586;54098;19857;12.6;4.6
28;2021-04-02;1584;1320;55682;21177;13.0;4.9
28;2021-04-03;607;1072;56289;22249;13.1;5.2
28;2021-04-04;33;302;56322;22551;13.1;5.3
28;2021-04-05;40;3;56362;22554;13.1;5.3
28;2021-04-06;1226;462;57588;23016;13.4;5.4
28;2021-04-07;1890;1004;59478;24020;13.9;5.6
28;2021-04-08;2087;1071;61565;25091;14.3;5.8
28;2021-04-09;3236;919;64801;26010;15.1;6.1
28;2021-04-10;1582;196;66383;26206;15.5;6.1
28;2021-04-11;141;451;66524;26657;15.5;6.2
28;2021-04-12;1674;560;68198;27217;15.9;6.3
28;2021-04-13;1874;670;70072;27887;16.3;6.5
28;2021-04-14;2771;901;72843;28788;17.0;6.7
28;2021-04-15;2554;1138;75397;29926;17.6;7.0
28;2021-04-16;2552;805;77949;30731;18.2;7.2
28;2021-04-17;2309;131;80258;30862;18.7;7.2
28;2021-04-18;45;8;80303;30870;18.7;7.2
28;2021-04-19;1577;647;81880;31517;19.1;7.3
28;2021-04-20;1841;597;83721;32114;19.5;7.5
28;2021-04-21;2679;962;86400;33076;20.1;7.7
28;2021-04-22;1782;1216;88182;34292;20.5;8.0
28;2021-04-23;2324;1101;90506;35393;21.1;8.2
28;2021-04-24;3657;135;94163;35528;21.9;8.3
28;2021-04-25;1012;37;95175;35565;22.2;8.3
28;2021-04-26;1331;924;96506;36489;22.5;8.5
28;2021-04-27;1435;1281;97941;37770;22.8;8.8
28;2021-04-28;2375;1826;100316;39596;23.4;9.2
28;2021-04-29;2129;1501;102445;41097;23.9;9.6
28;2021-04-30;2973;1224;105418;42321;24.5;9.9
28;2021-05-01;127;120;105545;42441;24.6;9.9
28;2021-05-02;2;65;105547;42506;24.6;9.9
28;2021-05-03;1046;1020;106593;43526;24.8;10.1
28;2021-05-04;1360;1669;107953;45195;25.1;10.5
28;2021-05-05;2830;1649;110783;46844;25.8;10.9
28;2021-05-06;2456;1474;113239;48318;26.4;11.3
28;2021-05-07;2310;1933;115549;50251;26.9;11.7
28;2021-05-08;1077;116;116626;50367;27.2;11.7
28;2021-05-09;105;610;116731;50977;27.2;11.9
28;2021-05-10;1307;1893;118038;52870;27.5;12.3
28;2021-05-11;2028;2344;120066;55214;28.0;12.9
28;2021-05-12;2620;3231;122686;58445;28.6;13.6
28;2021-05-13;290;451;122976;58896;28.6;13.7
28;2021-05-14;1898;1619;124874;60515;29.1;14.1
28;2021-05-15;1436;1674;126310;62189;29.4;14.5
28;2021-05-16;1987;130;128297;62319;29.9;14.5
28;2021-05-17;2875;1495;131172;63814;30.5;14.9
28;2021-05-18;3382;1384;134554;65198;31.3;15.2
28;2021-05-19;5093;1282;139647;66480;32.5;15.5
28;2021-05-20;4150;1230;143797;67710;33.5;15.8
28;2021-05-21;3465;1587;147262;69297;34.3;16.1
28;2021-05-22;728;1162;147990;70459;34.5;16.4
28;2021-05-23;1957;137;149947;70596;34.9;16.4
28;2021-05-24;1429;395;151376;70991;35.3;16.5
28;2021-05-25;1877;1407;153253;72398;35.7;16.9
28;2021-05-26;2765;1346;156018;73744;36.3;17.2
28;2021-05-27;2755;1231;158773;74975;37.0;17.5
28;2021-05-28;3081;1736;161854;76711;37.7;17.9
28;2021-05-29;1869;874;163723;77585;38.1;18.1
28;2021-05-30;16;47;163739;77632;38.1;18.1
28;2021-05-31;2014;937;165753;78569;38.6;18.3
28;2021-06-01;2134;1663;167887;80232;39.1;18.7
28;2021-06-02;2077;2458;169964;82690;39.6;19.3
28;2021-06-03;2497;1563;172461;84253;40.2;19.6
28;2021-06-04;2609;2358;175070;86611;40.8;20.2
28;2021-06-05;1909;2529;176979;89140;41.2;20.8
28;2021-06-06;1059;1043;178038;90183;41.5;21.0
28;2021-06-07;3577;1574;181615;91757;42.3;21.4
28;2021-06-08;3195;1516;184810;93273;43.0;21.7
28;2021-06-09;3676;2130;188486;95403;43.9;22.2
28;2021-06-10;3141;1263;191627;96666;44.6;22.5
28;2021-06-11;3794;2132;195421;98798;45.5;23.0
28;2021-06-12;1304;560;196725;99358;45.8;23.1
28;2021-06-13;385;108;197110;99466;45.9;23.2
28;2021-06-14;2208;1997;199318;101463;46.4;23.6
28;2021-06-15;2092;2223;201410;103686;46.9;24.1
28;2021-06-16;2510;3982;203920;107668;47.5;25.1
28;2021-06-17;1925;3135;205845;110803;47.9;25.8
28;2021-06-18;2471;3786;208316;114589;48.5;26.7
28;2021-06-19;776;1612;209092;116201;48.7;27.1
28;2021-06-20;23;24;209115;116225;48.7;27.1
28;2021-06-21;1684;1990;210799;118215;49.1;27.5
28;2021-06-22;1369;2107;212168;120322;49.4;28.0
28;2021-06-23;1782;3164;213950;123486;49.8;28.8
28;2021-06-24;733;930;214683;124416;50.0;29.0
28;2021-06-25;1891;3028;216574;127444;50.4;29.7
28;2021-06-26;309;2115;216883;129559;50.5;30.2
28;2021-06-27;588;1284;217471;130843;50.6;30.5
28;2021-06-28;1226;3654;218697;134497;50.9;31.3
28;2021-06-29;1342;3798;220039;138295;51.2;32.2
28;2021-06-30;1492;4259;221531;142554;51.6;33.2
28;2021-07-01;1278;3501;222809;146055;51.9;34.0
28;2021-07-02;1313;4654;224122;150709;52.2;35.1
28;2021-07-03;1132;2369;225254;153078;52.5;35.6
28;2021-07-04;146;1325;225400;154403;52.5;36.0
28;2021-07-05;1362;2511;226762;156914;52.8;36.5
28;2021-07-06;1509;2869;228271;159783;53.2;37.2
28;2021-07-07;1637;4144;229908;163927;53.5;38.2
28;2021-07-08;1469;3236;231377;167163;53.9;38.9
28;2021-07-09;1392;4521;232769;171684;54.2;40.0
28;2021-07-10;527;2209;233296;173893;54.3;40.5
28;2021-07-11;1;1;233297;173894;54.3;40.5
28;2021-07-12;1528;3931;234825;177825;54.7;41.4
28;2021-07-13;2263;4139;237088;181964;55.2;42.4
28;2021-07-14;1329;1395;238417;183359;55.5;42.7
28;2021-07-15;2985;3977;241402;187336;56.2;43.6
28;2021-07-16;2442;4755;243844;192091;56.8;44.7
28;2021-07-17;1264;2430;245108;194521;57.1;45.3
28;2021-07-18;371;944;245479;195465;57.2;45.5
28;2021-07-19;1805;4343;247284;199808;57.6;46.5
28;2021-07-20;2470;4088;249754;203896;58.2;47.5
28;2021-07-21;2963;4284;252717;208180;58.9;48.5
28;2021-07-22;3661;3429;256378;211609;59.7;49.3
28;2021-07-23;2952;4003;259330;215612;60.4;50.2
28;2021-07-24;1693;1472;261023;217084;60.8;50.6
28;2021-07-25;68;60;261091;217144;60.8;50.6
28;2021-07-26;2926;3383;264017;220527;61.5;51.4
28;2021-07-27;3881;2620;267898;223147;62.4;52.0
28;2021-07-28;3947;2737;271845;225884;63.3;52.6
28;2021-07-29;4454;2081;276299;227965;64.3;53.1
28;2021-07-30;3789;2843;280088;230808;65.2;53.7
28;2021-07-31;761;824;280849;231632;65.4;53.9
28;2021-08-01;377;64;281226;231696;65.5;54.0
28;2021-08-02;1785;1518;283011;233214;65.9;54.3
28;2021-08-03;2678;2161;285689;235375;66.5;54.8
28;2021-08-04;1928;2297;287617;237672;67.0;55.3
28;2021-08-05;1655;1728;289272;239400;67.4;55.7
28;2021-08-06;1610;1963;290882;241363;67.7;56.2
28;2021-08-07;796;1000;291678;242363;67.9;56.4
28;2021-08-08;21;33;291699;242396;67.9;56.4
28;2021-08-09;1380;1088;293079;243484;68.2;56.7
28;2021-08-10;1701;2024;294780;245508;68.6;57.2
28;2021-08-11;1268;1571;296048;247079;68.9;57.5
28;2021-08-12;1160;1883;297208;248962;69.2;58.0
28;2021-08-13;1288;1640;298496;250602;69.5;58.4
28;2021-08-14;655;841;299151;251443;69.7;58.6
28;2021-08-15;263;58;299414;251501;69.7;58.6
28;2021-08-16;857;2142;300271;253643;69.9;59.1
28;2021-08-17;1119;2794;301390;256437;70.2;59.7
28;2021-08-18;877;2407;302267;258844;70.4;60.3
28;2021-08-19;877;2610;303144;261454;70.6;60.9
29;2020-12-27;0;0;0;0;0.0;0.0
29;2020-12-28;0;0;0;0;0.0;0.0
29;2020-12-29;0;0;0;0;0.0;0.0
29;2020-12-30;0;0;0;0;0.0;0.0
29;2020-12-31;0;0;0;0;0.0;0.0
29;2021-01-01;2;0;2;0;0.0;0.0
29;2021-01-02;0;0;2;0;0.0;0.0
29;2021-01-03;1;0;3;0;0.0;0.0
29;2021-01-04;32;0;35;0;0.0;0.0
29;2021-01-05;31;0;66;0;0.0;0.0
29;2021-01-06;43;0;109;0;0.0;0.0
29;2021-01-07;137;0;246;0;0.0;0.0
29;2021-01-08;408;0;654;0;0.1;0.0
29;2021-01-09;2;0;656;0;0.1;0.0
29;2021-01-10;2;0;658;0;0.1;0.0
29;2021-01-11;667;0;1325;0;0.1;0.0
29;2021-01-12;1120;0;2445;0;0.3;0.0
29;2021-01-13;1098;2;3543;2;0.4;0.0
29;2021-01-14;894;4;4437;6;0.5;0.0
29;2021-01-15;1221;7;5658;13;0.6;0.0
29;2021-01-16;168;1;5826;14;0.6;0.0
29;2021-01-17;112;1;5938;15;0.7;0.0
29;2021-01-18;839;3;6777;18;0.7;0.0
29;2021-01-19;1286;0;8063;18;0.9;0.0
29;2021-01-20;2393;2;10456;20;1.2;0.0
29;2021-01-21;5634;6;16090;26;1.8;0.0
29;2021-01-22;3761;5;19851;31;2.2;0.0
29;2021-01-23;537;0;20388;31;2.2;0.0
29;2021-01-24;200;1;20588;32;2.3;0.0
29;2021-01-25;575;7;21163;39;2.3;0.0
29;2021-01-26;951;34;22114;73;2.4;0.0
29;2021-01-27;1286;54;23400;127;2.6;0.0
29;2021-01-28;802;137;24202;264;2.7;0.0
29;2021-01-29;778;205;24980;469;2.8;0.1
29;2021-01-30;281;4;25261;473;2.8;0.1
29;2021-01-31;80;5;25341;478;2.8;0.1
29;2021-02-01;429;448;25770;926;2.8;0.1
29;2021-02-02;877;824;26647;1750;2.9;0.2
29;2021-02-03;811;894;27458;2644;3.0;0.3
29;2021-02-04;867;642;28325;3286;3.1;0.4
29;2021-02-05;675;585;29000;3871;3.2;0.4
29;2021-02-06;247;102;29247;3973;3.2;0.4
29;2021-02-07;78;105;29325;4078;3.2;0.4
29;2021-02-08;383;446;29708;4524;3.3;0.5
29;2021-02-09;863;853;30571;5377;3.4;0.6
29;2021-02-10;1149;1019;31720;6396;3.5;0.7
29;2021-02-11;1795;4163;33515;10559;3.7;1.2
29;2021-02-12;2323;2505;35838;13064;4.0;1.4
29;2021-02-13;638;413;36476;13477;4.0;1.5
29;2021-02-14;12;229;36488;13706;4.0;1.5
29;2021-02-15;266;948;36754;14654;4.1;1.6
29;2021-02-16;886;1060;37640;15714;4.2;1.7
29;2021-02-17;801;855;38441;16569;4.2;1.8
29;2021-02-18;1530;849;39971;17418;4.4;1.9
29;2021-02-19;1413;1003;41384;18421;4.6;2.0
29;2021-02-20;204;367;41588;18788;4.6;2.1
29;2021-02-21;162;169;41750;18957;4.6;2.1
29;2021-02-22;773;564;42523;19521;4.7;2.2
29;2021-02-23;1271;912;43794;20433;4.8;2.3
29;2021-02-24;1470;829;45264;21262;5.0;2.3
29;2021-02-25;2509;902;47773;22164;5.3;2.4
29;2021-02-26;2677;715;50450;22879;5.6;2.5
29;2021-02-27;1284;282;51734;23161;5.7;2.6
29;2021-02-28;200;72;51934;23233;5.7;2.6
29;2021-03-01;945;483;52879;23716;5.8;2.6
29;2021-03-02;1816;800;54695;24516;6.0;2.7
29;2021-03-03;2093;1017;56788;25533;6.3;2.8
29;2021-03-04;2843;1555;59631;27088;6.6;3.0
29;2021-03-05;3539;1683;63170;28771;7.0;3.2
29;2021-03-06;2000;439;65170;29210;7.2;3.2
29;2021-03-07;412;83;65582;29293;7.2;3.2
29;2021-03-08;1274;594;66856;29887;7.4;3.3
29;2021-03-09;2605;978;69461;30865;7.7;3.4
29;2021-03-10;2427;873;71888;31738;7.9;3.5
29;2021-03-11;4519;1001;76407;32739;8.4;3.6
29;2021-03-12;5271;968;81678;33707;9.0;3.7
29;2021-03-13;2823;408;84501;34115;9.3;3.8
29;2021-03-14;365;3;84866;34118;9.4;3.8
29;2021-03-15;2049;270;86915;34388;9.6;3.8
29;2021-03-16;1822;742;88737;35130;9.8;3.9
29;2021-03-17;1860;716;90597;35846;10.0;4.0
29;2021-03-18;1865;1038;92462;36884;10.2;4.1
29;2021-03-19;3266;881;95728;37765;10.6;4.2
29;2021-03-20;1914;222;97642;37987;10.8;4.2
29;2021-03-21;132;11;97774;37998;10.8;4.2
29;2021-03-22;1647;557;99421;38555;11.0;4.3
29;2021-03-23;3441;1036;102862;39591;11.3;4.4
29;2021-03-24;3780;1025;106642;40616;11.8;4.5
29;2021-03-25;4817;1071;111459;41687;12.3;4.6
29;2021-03-26;5422;1170;116881;42857;12.9;4.7
29;2021-03-27;2429;332;119310;43189;13.2;4.8
29;2021-03-28;198;50;119508;43239;13.2;4.8
29;2021-03-29;2040;824;121548;44063;13.4;4.9
29;2021-03-30;3974;1328;125522;45391;13.8;5.0
29;2021-03-31;3937;1154;129459;46545;14.3;5.1
29;2021-04-01;5024;1146;134483;47691;14.8;5.3
29;2021-04-02;4767;1170;139250;48861;15.4;5.4
29;2021-04-03;2500;538;141750;49399;15.6;5.4
29;2021-04-04;146;33;141896;49432;15.7;5.5
29;2021-04-05;972;332;142868;49764;15.8;5.5
29;2021-04-06;3198;1238;146066;51002;16.1;5.6
29;2021-04-07;3653;940;149719;51942;16.5;5.7
29;2021-04-08;5287;2057;155006;53999;17.1;6.0
29;2021-04-09;6750;1564;161756;55563;17.8;6.1
29;2021-04-10;3498;705;165254;56268;18.2;6.2
29;2021-04-11;120;80;165374;56348;18.2;6.2
29;2021-04-12;3853;1481;169227;57829;18.7;6.4
29;2021-04-13;5862;1758;175089;59587;19.3;6.6
29;2021-04-14;4761;1742;179850;61329;19.8;6.8
29;2021-04-15;7172;1730;187022;63059;20.6;7.0
29;2021-04-16;6703;1355;193725;64414;21.4;7.1
29;2021-04-17;3828;969;197553;65383;21.8;7.2
29;2021-04-18;489;40;198042;65423;21.8;7.2
29;2021-04-19;3878;1464;201920;66887;22.3;7.4
29;2021-04-20;4397;2135;206317;69022;22.8;7.6
29;2021-04-21;4375;2195;210692;71217;23.2;7.9
29;2021-04-22;6643;2857;217335;74074;24.0;8.2
29;2021-04-23;6045;2196;223380;76270;24.6;8.4
29;2021-04-24;4007;1318;227387;77588;25.1;8.6
29;2021-04-25;433;169;227820;77757;25.1;8.6
29;2021-04-26;5261;1882;233081;79639;25.7;8.8
29;2021-04-27;5332;3198;238413;82837;26.3;9.1
29;2021-04-28;5355;2899;243768;85736;26.9;9.5
29;2021-04-29;6588;3348;250356;89084;27.6;9.8
29;2021-04-30;6266;3911;256622;92995;28.3;10.3
29;2021-05-01;1984;978;258606;93973;28.5;10.4
29;2021-05-02;1249;195;259855;94168;28.7;10.4
29;2021-05-03;4541;2291;264396;96459;29.2;10.6
29;2021-05-04;4109;3740;268505;100199;29.6;11.1
29;2021-05-05;4517;3412;273022;103611;30.1;11.4
29;2021-05-06;6237;3719;279259;107330;30.8;11.8
29;2021-05-07;5984;4621;285243;111951;31.5;12.3
29;2021-05-08;2094;565;287337;112516;31.7;12.4
29;2021-05-09;1726;137;289063;112653;31.9;12.4
29;2021-05-10;4761;3769;293824;116422;32.4;12.8
29;2021-05-11;4712;5000;298536;121422;32.9;13.4
29;2021-05-12;5027;4384;303563;125806;33.5;13.9
29;2021-05-13;3441;1502;307004;127308;33.9;14.0
29;2021-05-14;5650;4006;312654;131314;34.5;14.5
29;2021-05-15;4048;2317;316702;133631;34.9;14.7
29;2021-05-16;1588;294;318290;133925;35.1;14.8
29;2021-05-17;5564;3133;323854;137058;35.7;15.1
29;2021-05-18;5733;3099;329587;140157;36.4;15.5
29;2021-05-19;6207;2973;335794;143130;37.0;15.8
29;2021-05-20;7175;4570;342969;147700;37.8;16.3
29;2021-05-21;7215;3816;350184;151516;38.6;16.7
29;2021-05-22;5341;2130;355525;153646;39.2;16.9
29;2021-05-23;1631;65;357156;153711;39.4;17.0
29;2021-05-24;3485;535;360641;154246;39.8;17.0
29;2021-05-25;5835;3041;366476;157287;40.4;17.3
29;2021-05-26;5894;2995;372370;160282;41.1;17.7
29;2021-05-27;6826;3987;379196;164269;41.8;18.1
29;2021-05-28;6548;4450;385744;168719;42.6;18.6
29;2021-05-29;4383;2806;390127;171525;43.0;18.9
29;2021-05-30;1115;360;391242;171885;43.2;19.0
29;2021-05-31;6386;3457;397628;175342;43.9;19.3
29;2021-06-01;6604;4352;404232;179694;44.6;19.8
29;2021-06-02;6165;4132;410397;183826;45.3;20.3
29;2021-06-03;7696;4526;418093;188352;46.1;20.8
29;2021-06-04;6814;6167;424907;194519;46.9;21.5
29;2021-06-05;5350;3036;430257;197555;47.5;21.8
29;2021-06-06;1285;538;431542;198093;47.6;21.9
29;2021-06-07;4660;5563;436202;203656;48.1;22.5
29;2021-06-08;7174;5213;443376;208869;48.9;23.0
29;2021-06-09;6409;4753;449785;213622;49.6;23.6
29;2021-06-10;7777;5067;457562;218689;50.5;24.1
29;2021-06-11;8478;5877;466040;224566;51.4;24.8
29;2021-06-12;6568;2812;472608;227378;52.1;25.1
29;2021-06-13;2352;1372;474960;228750;52.4;25.2
29;2021-06-14;4033;6322;478993;235072;52.8;25.9
29;2021-06-15;5477;6190;484470;241262;53.4;26.6
29;2021-06-16;5570;5632;490040;246894;54.1;27.2
29;2021-06-17;6362;6311;496402;253205;54.8;27.9
29;2021-06-18;6114;7487;502516;260692;55.4;28.8
29;2021-06-19;4623;3527;507139;264219;55.9;29.1
29;2021-06-20;892;1453;508031;265672;56.0;29.3
29;2021-06-21;3760;6497;511791;272169;56.5;30.0
29;2021-06-22;4488;6427;516279;278596;56.9;30.7
29;2021-06-23;4672;6130;520951;284726;57.5;31.4
29;2021-06-24;4808;6749;525759;291475;58.0;32.2
29;2021-06-25;3599;7532;529358;299007;58.4;33.0
29;2021-06-26;2129;4094;531487;303101;58.6;33.4
29;2021-06-27;968;1631;532455;304732;58.7;33.6
29;2021-06-28;2841;6863;535296;311595;59.0;34.4
29;2021-06-29;2810;7732;538106;319327;59.4;35.2
29;2021-06-30;3044;7508;541150;326835;59.7;36.1
29;2021-07-01;3787;8420;544937;335255;60.1;37.0
29;2021-07-02;3604;9671;548541;344926;60.5;38.0
29;2021-07-03;2328;6056;550869;350982;60.8;38.7
29;2021-07-04;816;1771;551685;352753;60.9;38.9
29;2021-07-05;1912;7160;553597;359913;61.1;39.7
29;2021-07-06;1535;8011;555132;367924;61.2;40.6
29;2021-07-07;1705;7042;556837;374966;61.4;41.4
29;2021-07-08;2450;8211;559287;383177;61.7;42.3
29;2021-07-09;2623;9075;561910;392252;62.0;43.3
29;2021-07-10;1917;6107;563827;398359;62.2;43.9
29;2021-07-11;449;1063;564276;399422;62.2;44.1
29;2021-07-12;1976;8378;566252;407800;62.5;45.0
29;2021-07-13;2748;8665;569000;416465;62.8;45.9
29;2021-07-14;2077;3367;571077;419832;63.0;46.3
29;2021-07-15;3842;9725;574919;429557;63.4;47.4
29;2021-07-16;4599;9194;579518;438751;63.9;48.4
29;2021-07-17;3220;6117;582738;444868;64.3;49.1
29;2021-07-18;666;1078;583404;445946;64.4;49.2
29;2021-07-19;3149;7549;586553;453495;64.7;50.0
29;2021-07-20;3544;9442;590097;462937;65.1;51.1
29;2021-07-21;3639;7726;593736;470663;65.5;51.9
29;2021-07-22;3408;8538;597144;479201;65.9;52.9
29;2021-07-23;4036;10711;601180;489912;66.3;54.0
29;2021-07-24;2528;5960;603708;495872;66.6;54.7
29;2021-07-25;651;2363;604359;498235;66.7;55.0
29;2021-07-26;3375;7286;607734;505521;67.0;55.8
29;2021-07-27;3698;7117;611432;512638;67.4;56.5
29;2021-07-28;4182;6034;615614;518672;67.9;57.2
29;2021-07-29;5654;6361;621268;525033;68.5;57.9
29;2021-07-30;5403;6531;626671;531564;69.1;58.6
29;2021-07-31;2919;4934;629590;536498;69.4;59.2
29;2021-08-01;651;922;630241;537420;69.5;59.3
29;2021-08-02;4270;5220;634511;542640;70.0;59.9
29;2021-08-03;5468;4404;639979;547044;70.6;60.3
29;2021-08-04;5700;3603;645679;550647;71.2;60.7
29;2021-08-05;6614;4108;652293;554755;72.0;61.2
29;2021-08-06;6147;4334;658440;559089;72.6;61.7
29;2021-08-07;4275;2949;662715;562038;73.1;62.0
29;2021-08-08;842;754;663557;562792;73.2;62.1
29;2021-08-09;3064;4742;666621;567534;73.5;62.6
29;2021-08-10;4467;3862;671088;571396;74.0;63.0
29;2021-08-11;3946;3183;675034;574579;74.5;63.4
29;2021-08-12;4624;4494;679658;579073;75.0;63.9
29;2021-08-13;4129;3712;683787;582785;75.4;64.3
29;2021-08-14;2953;2838;686740;585623;75.8;64.6
29;2021-08-15;337;403;687077;586026;75.8;64.6
29;2021-08-16;3277;4374;690354;590400;76.2;65.1
29;2021-08-17;4394;3412;694748;593812;76.6;65.5
29;2021-08-18;3654;3614;698402;597426;77.0;65.9
29;2021-08-19;3892;4711;702294;602137;77.5;66.4
2A;2020-12-27;0;0;0;0;0.0;0.0
2A;2020-12-28;0;0;0;0;0.0;0.0
2A;2020-12-29;0;0;0;0;0.0;0.0
2A;2020-12-30;0;0;0;0;0.0;0.0
2A;2020-12-31;0;0;0;0;0.0;0.0
2A;2021-01-01;0;0;0;0;0.0;0.0
2A;2021-01-02;1;0;1;0;0.0;0.0
2A;2021-01-03;0;0;1;0;0.0;0.0
2A;2021-01-04;0;0;1;0;0.0;0.0
2A;2021-01-05;0;0;1;0;0.0;0.0
2A;2021-01-06;6;0;7;0;0.0;0.0
2A;2021-01-07;122;1;129;1;0.1;0.0
2A;2021-01-08;113;0;242;1;0.1;0.0
2A;2021-01-09;39;0;281;1;0.2;0.0
2A;2021-01-10;33;0;314;1;0.2;0.0
2A;2021-01-11;76;0;390;1;0.2;0.0
2A;2021-01-12;85;0;475;1;0.3;0.0
2A;2021-01-13;111;0;586;1;0.4;0.0
2A;2021-01-14;191;1;777;2;0.5;0.0
2A;2021-01-15;149;0;926;2;0.6;0.0
2A;2021-01-16;157;1;1083;3;0.7;0.0
2A;2021-01-17;85;1;1168;4;0.7;0.0
2A;2021-01-18;200;2;1368;6;0.8;0.0
2A;2021-01-19;487;0;1855;6;1.1;0.0
2A;2021-01-20;353;0;2208;6;1.4;0.0
2A;2021-01-21;453;1;2661;7;1.6;0.0
2A;2021-01-22;367;0;3028;7;1.9;0.0
2A;2021-01-23;183;0;3211;7;2.0;0.0
2A;2021-01-24;118;1;3329;8;2.0;0.0
2A;2021-01-25;213;0;3542;8;2.2;0.0
2A;2021-01-26;402;7;3944;15;2.4;0.0
2A;2021-01-27;324;5;4268;20;2.6;0.0
2A;2021-01-28;335;80;4603;100;2.8;0.1
2A;2021-01-29;341;63;4944;163;3.0;0.1
2A;2021-01-30;127;40;5071;203;3.1;0.1
2A;2021-01-31;92;12;5163;215;3.2;0.1
2A;2021-02-01;230;53;5393;268;3.3;0.2
2A;2021-02-02;288;117;5681;385;3.5;0.2
2A;2021-02-03;265;75;5946;460;3.7;0.3
2A;2021-02-04;256;122;6202;582;3.8;0.4
2A;2021-02-05;267;106;6469;688;4.0;0.4
2A;2021-02-06;121;59;6590;747;4.1;0.5
2A;2021-02-07;68;56;6658;803;4.1;0.5
2A;2021-02-08;91;209;6749;1012;4.2;0.6
2A;2021-02-09;128;302;6877;1314;4.2;0.8
2A;2021-02-10;161;236;7038;1550;4.3;1.0
2A;2021-02-11;297;366;7335;1916;4.5;1.2
2A;2021-02-12;345;303;7680;2219;4.7;1.4
2A;2021-02-13;225;59;7905;2278;4.9;1.4
2A;2021-02-14;133;77;8038;2355;4.9;1.4
2A;2021-02-15;191;182;8229;2537;5.1;1.6
2A;2021-02-16;385;320;8614;2857;5.3;1.8
2A;2021-02-17;286;167;8900;3024;5.5;1.9
2A;2021-02-18;340;198;9240;3222;5.7;2.0
2A;2021-02-19;145;300;9385;3522;5.8;2.2
2A;2021-02-20;243;138;9628;3660;5.9;2.3
2A;2021-02-21;58;54;9686;3714;6.0;2.3
2A;2021-02-22;77;215;9763;3929;6.0;2.4
2A;2021-02-23;122;290;9885;4219;6.1;2.6
2A;2021-02-24;82;297;9967;4516;6.1;2.8
2A;2021-02-25;105;265;10072;4781;6.2;2.9
2A;2021-02-26;123;273;10195;5054;6.3;3.1
2A;2021-02-27;308;69;10503;5123;6.5;3.2
2A;2021-02-28;69;66;10572;5189;6.5;3.2
2A;2021-03-01;116;152;10688;5341;6.6;3.3
2A;2021-03-02;197;264;10885;5605;6.7;3.5
2A;2021-03-03;242;256;11127;5861;6.9;3.6
2A;2021-03-04;508;227;11635;6088;7.2;3.7
2A;2021-03-05;972;289;12607;6377;7.8;3.9
2A;2021-03-06;1166;75;13773;6452;8.5;4.0
2A;2021-03-07;1019;46;14792;6498;9.1;4.0
2A;2021-03-08;931;88;15723;6586;9.7;4.1
2A;2021-03-09;937;151;16660;6737;10.3;4.1
2A;2021-03-10;629;138;17289;6875;10.6;4.2
2A;2021-03-11;723;282;18012;7157;11.1;4.4
2A;2021-03-12;561;318;18573;7475;11.4;4.6
2A;2021-03-13;613;198;19186;7673;11.8;4.7
2A;2021-03-14;312;126;19498;7799;12.0;4.8
2A;2021-03-15;376;203;19874;8002;12.2;4.9
2A;2021-03-16;498;370;20372;8372;12.5;5.2
2A;2021-03-17;699;274;21071;8646;13.0;5.3
2A;2021-03-18;447;305;21518;8951;13.2;5.5
2A;2021-03-19;488;158;22006;9109;13.5;5.6
2A;2021-03-20;1079;261;23085;9370;14.2;5.8
2A;2021-03-21;695;53;23780;9423;14.6;5.8
2A;2021-03-22;347;67;24127;9490;14.9;5.8
2A;2021-03-23;518;58;24645;9548;15.2;5.9
2A;2021-03-24;862;92;25507;9640;15.7;5.9
2A;2021-03-25;930;141;26437;9781;16.3;6.0
2A;2021-03-26;1079;164;27516;9945;16.9;6.1
2A;2021-03-27;1189;199;28705;10144;17.7;6.2
2A;2021-03-28;241;98;28946;10242;17.8;6.3
2A;2021-03-29;283;138;29229;10380;18.0;6.4
2A;2021-03-30;383;237;29612;10617;18.2;6.5
2A;2021-03-31;446;227;30058;10844;18.5;6.7
2A;2021-04-01;638;453;30696;11297;18.9;7.0
2A;2021-04-02;904;786;31600;12083;19.5;7.4
2A;2021-04-03;646;983;32246;13066;19.9;8.0
2A;2021-04-04;579;784;32825;13850;20.2;8.5
2A;2021-04-05;525;698;33350;14548;20.5;9.0
2A;2021-04-06;549;557;33899;15105;20.9;9.3
2A;2021-04-07;789;427;34688;15532;21.4;9.6
2A;2021-04-08;1049;358;35737;15890;22.0;9.8
2A;2021-04-09;935;395;36672;16285;22.6;10.0
2A;2021-04-10;1059;381;37731;16666;23.2;10.3
2A;2021-04-11;362;256;38093;16922;23.5;10.4
2A;2021-04-12;669;342;38762;17264;23.9;10.6
2A;2021-04-13;329;380;39091;17644;24.1;10.9
2A;2021-04-14;1047;588;40138;18232;24.7;11.2
2A;2021-04-15;1044;524;41182;18756;25.4;11.5
2A;2021-04-16;871;395;42053;19151;25.9;11.8
2A;2021-04-17;1368;938;43421;20089;26.7;12.4
2A;2021-04-18;982;947;44403;21036;27.3;13.0
2A;2021-04-19;269;343;44672;21379;27.5;13.2
2A;2021-04-20;354;344;45026;21723;27.7;13.4
2A;2021-04-21;729;734;45755;22457;28.2;13.8
2A;2021-04-22;896;648;46651;23105;28.7;14.2
2A;2021-04-23;987;776;47638;23881;29.3;14.7
2A;2021-04-24;1749;984;49387;24865;30.4;15.3
2A;2021-04-25;975;305;50362;25170;31.0;15.5
2A;2021-04-26;307;226;50669;25396;31.2;15.6
2A;2021-04-27;344;349;51013;25745;31.4;15.9
2A;2021-04-28;1675;424;52688;26169;32.4;16.1
2A;2021-04-29;1054;359;53742;26528;33.1;16.3
2A;2021-04-30;1130;1060;54872;27588;33.8;17.0
2A;2021-05-01;971;575;55843;28163;34.4;17.3
2A;2021-05-02;675;707;56518;28870;34.8;17.8
2A;2021-05-03;583;576;57101;29446;35.2;18.1
2A;2021-05-04;751;535;57852;29981;35.6;18.5
2A;2021-05-05;1008;984;58860;30965;36.2;19.1
2A;2021-05-06;905;912;59765;31877;36.8;19.6
2A;2021-05-07;1156;836;60921;32713;37.5;20.1
2A;2021-05-08;422;499;61343;33212;37.8;20.4
2A;2021-05-09;783;638;62126;33850;38.2;20.8
2A;2021-05-10;453;740;62579;34590;38.5;21.3
2A;2021-05-11;652;415;63231;35005;38.9;21.6
2A;2021-05-12;920;486;64151;35491;39.5;21.9
2A;2021-05-13;919;139;65070;35630;40.1;21.9
2A;2021-05-14;798;682;65868;36312;40.6;22.4
2A;2021-05-15;781;648;66649;36960;41.0;22.8
2A;2021-05-16;737;500;67386;37460;41.5;23.1
2A;2021-05-17;583;562;67969;38022;41.8;23.4
2A;2021-05-18;615;476;68584;38498;42.2;23.7
2A;2021-05-19;787;481;69371;38979;42.7;24.0
2A;2021-05-20;692;540;70063;39519;43.1;24.3
2A;2021-05-21;535;483;70598;40002;43.5;24.6
2A;2021-05-22;441;309;71039;40311;43.7;24.8
2A;2021-05-23;533;284;71572;40595;44.1;25.0
2A;2021-05-24;125;33;71697;40628;44.1;25.0
2A;2021-05-25;416;505;72113;41133;44.4;25.3
2A;2021-05-26;426;1165;72539;42298;44.7;26.0
2A;2021-05-27;435;1111;72974;43409;44.9;26.7
2A;2021-05-28;297;916;73271;44325;45.1;27.3
2A;2021-05-29;335;900;73606;45225;45.3;27.8
2A;2021-05-30;182;507;73788;45732;45.4;28.2
2A;2021-05-31;190;413;73978;46145;45.5;28.4
2A;2021-06-01;341;729;74319;46874;45.8;28.9
2A;2021-06-02;284;940;74603;47814;45.9;29.4
2A;2021-06-03;304;849;74907;48663;46.1;30.0
2A;2021-06-04;272;1092;75179;49755;46.3;30.6
2A;2021-06-05;319;1442;75498;51197;46.5;31.5
2A;2021-06-06;173;909;75671;52106;46.6;32.1
2A;2021-06-07;170;661;75841;52767;46.7;32.5
2A;2021-06-08;322;706;76163;53473;46.9;32.9
2A;2021-06-09;297;1318;76460;54791;47.1;33.7
2A;2021-06-10;329;857;76789;55648;47.3;34.3
2A;2021-06-11;278;1021;77067;56669;47.4;34.9
2A;2021-06-12;231;665;77298;57334;47.6;35.3
2A;2021-06-13;189;797;77487;58131;47.7;35.8
2A;2021-06-14;251;921;77738;59052;47.9;36.4
2A;2021-06-15;217;507;77955;59559;48.0;36.7
2A;2021-06-16;212;776;78167;60335;48.1;37.1
2A;2021-06-17;233;592;78400;60927;48.3;37.5
2A;2021-06-18;244;914;78644;61841;48.4;38.1
2A;2021-06-19;207;690;78851;62531;48.5;38.5
2A;2021-06-20;150;692;79001;63223;48.6;38.9
2A;2021-06-21;181;791;79182;64014;48.8;39.4
2A;2021-06-22;235;842;79417;64856;48.9;39.9
2A;2021-06-23;217;569;79634;65425;49.0;40.3
2A;2021-06-24;149;369;79783;65794;49.1;40.5
2A;2021-06-25;167;472;79950;66266;49.2;40.8
2A;2021-06-26;202;873;80152;67139;49.3;41.3
2A;2021-06-27;174;794;80326;67933;49.5;41.8
2A;2021-06-28;194;704;80520;68637;49.6;42.3
2A;2021-06-29;214;689;80734;69326;49.7;42.7
2A;2021-06-30;242;493;80976;69819;49.9;43.0
2A;2021-07-01;211;486;81187;70305;50.0;43.3
2A;2021-07-02;293;370;81480;70675;50.2;43.5
2A;2021-07-03;211;617;81691;71292;50.3;43.9
2A;2021-07-04;178;664;81869;71956;50.4;44.3
2A;2021-07-05;163;235;82032;72191;50.5;44.4
2A;2021-07-06;250;391;82282;72582;50.7;44.7
2A;2021-07-07;431;611;82713;73193;50.9;45.1
2A;2021-07-08;592;704;83305;73897;51.3;45.5
2A;2021-07-09;379;421;83684;74318;51.5;45.8
2A;2021-07-10;281;346;83965;74664;51.7;46.0
2A;2021-07-11;91;162;84056;74826;51.8;46.1
2A;2021-07-12;312;349;84368;75175;51.9;46.3
2A;2021-07-13;1178;534;85546;75709;52.7;46.6
2A;2021-07-14;1622;339;87168;76048;53.7;46.8
2A;2021-07-15;1433;835;88601;76883;54.6;47.3
2A;2021-07-16;1167;468;89768;77351;55.3;47.6
2A;2021-07-17;1096;343;90864;77694;55.9;47.8
2A;2021-07-18;635;135;91499;77829;56.3;47.9
2A;2021-07-19;913;431;92412;78260;56.9;48.2
2A;2021-07-20;1279;474;93691;78734;57.7;48.5
2A;2021-07-21;1427;724;95118;79458;58.6;48.9
2A;2021-07-22;1393;767;96511;80225;59.4;49.4
2A;2021-07-23;1435;465;97946;80690;60.3;49.7
2A;2021-07-24;889;291;98835;80981;60.9;49.9
2A;2021-07-25;448;73;99283;81054;61.1;49.9
2A;2021-07-26;1196;505;100479;81559;61.9;50.2
2A;2021-07-27;1274;515;101753;82074;62.6;50.5
2A;2021-07-28;1194;585;102947;82659;63.4;50.9
2A;2021-07-29;1211;653;104158;83312;64.1;51.3
2A;2021-07-30;939;605;105097;83917;64.7;51.7
2A;2021-07-31;533;339;105630;84256;65.0;51.9
2A;2021-08-01;549;120;106179;84376;65.4;51.9
2A;2021-08-02;448;493;106627;84869;65.6;52.3
2A;2021-08-03;800;884;107427;85753;66.1;52.8
2A;2021-08-04;722;1161;108149;86914;66.6;53.5
2A;2021-08-05;901;1347;109050;88261;67.1;54.3
2A;2021-08-06;384;810;109434;89071;67.4;54.8
2A;2021-08-07;350;890;109784;89961;67.6;55.4
2A;2021-08-08;79;185;109863;90146;67.6;55.5
2A;2021-08-09;648;1137;110511;91283;68.0;56.2
2A;2021-08-10;634;1207;111145;92490;68.4;56.9
2A;2021-08-11;586;1059;111731;93549;68.8;57.6
2A;2021-08-12;734;1481;112465;95030;69.2;58.5
2A;2021-08-13;467;1062;112932;96092;69.5;59.2
2A;2021-08-14;398;763;113330;96855;69.8;59.6
2A;2021-08-15;21;26;113351;96881;69.8;59.6
2A;2021-08-16;478;1292;113829;98173;70.1;60.4
2A;2021-08-17;928;1555;114757;99728;70.7;61.4
2A;2021-08-18;522;1121;115279;100849;71.0;62.1
2A;2021-08-19;426;1007;115705;101856;71.2;62.7
2B;2020-12-27;0;0;0;0;0.0;0.0
2B;2020-12-28;0;0;0;0;0.0;0.0
2B;2020-12-29;0;0;0;0;0.0;0.0
2B;2020-12-30;0;0;0;0;0.0;0.0
2B;2020-12-31;0;0;0;0;0.0;0.0
2B;2021-01-01;0;0;0;0;0.0;0.0
2B;2021-01-02;0;0;0;0;0.0;0.0
2B;2021-01-03;0;0;0;0;0.0;0.0
2B;2021-01-04;2;0;2;0;0.0;0.0
2B;2021-01-05;0;0;2;0;0.0;0.0
2B;2021-01-06;48;1;50;1;0.0;0.0
2B;2021-01-07;210;0;260;1;0.1;0.0
2B;2021-01-08;196;2;456;3;0.3;0.0
2B;2021-01-09;39;0;495;3;0.3;0.0
2B;2021-01-10;1;0;496;3;0.3;0.0
2B;2021-01-11;75;0;571;3;0.3;0.0
2B;2021-01-12;128;1;699;4;0.4;0.0
2B;2021-01-13;93;0;792;4;0.4;0.0
2B;2021-01-14;72;0;864;4;0.5;0.0
2B;2021-01-15;258;0;1122;4;0.6;0.0
2B;2021-01-16;43;0;1165;4;0.6;0.0
2B;2021-01-17;8;0;1173;4;0.6;0.0
2B;2021-01-18;271;0;1444;4;0.8;0.0
2B;2021-01-19;501;0;1945;4;1.1;0.0
2B;2021-01-20;462;2;2407;6;1.3;0.0
2B;2021-01-21;358;0;2765;6;1.5;0.0
2B;2021-01-22;373;0;3138;6;1.7;0.0
2B;2021-01-23;61;0;3199;6;1.8;0.0
2B;2021-01-24;29;0;3228;6;1.8;0.0
2B;2021-01-25;210;2;3438;8;1.9;0.0
2B;2021-01-26;390;1;3828;9;2.1;0.0
2B;2021-01-27;342;48;4170;57;2.3;0.0
2B;2021-01-28;365;148;4535;205;2.5;0.1
2B;2021-01-29;292;163;4827;368;2.6;0.2
2B;2021-01-30;80;33;4907;401;2.7;0.2
2B;2021-01-31;60;0;4967;401;2.7;0.2
2B;2021-02-01;231;93;5198;494;2.9;0.3
2B;2021-02-02;357;78;5555;572;3.0;0.3
2B;2021-02-03;519;92;6074;664;3.3;0.4
2B;2021-02-04;458;174;6532;838;3.6;0.5
2B;2021-02-05;393;95;6925;933;3.8;0.5
2B;2021-02-06;87;14;7012;947;3.8;0.5
2B;2021-02-07;60;0;7072;947;3.9;0.5
2B;2021-02-08;230;156;7302;1103;4.0;0.6
2B;2021-02-09;586;313;7888;1416;4.3;0.8
2B;2021-02-10;485;196;8373;1612;4.6;0.9
2B;2021-02-11;382;128;8755;1740;4.8;1.0
2B;2021-02-12;298;124;9053;1864;5.0;1.0
2B;2021-02-13;77;13;9130;1877;5.0;1.0
2B;2021-02-14;62;1;9192;1878;5.0;1.0
2B;2021-02-15;190;128;9382;2006;5.1;1.1
2B;2021-02-16;252;286;9634;2292;5.3;1.3
2B;2021-02-17;312;317;9946;2609;5.5;1.4
2B;2021-02-18;215;347;10161;2956;5.6;1.6
2B;2021-02-19;164;308;10325;3264;5.7;1.8
2B;2021-02-20;32;63;10357;3327;5.7;1.8
2B;2021-02-21;27;29;10384;3356;5.7;1.8
2B;2021-02-22;133;189;10517;3545;5.8;1.9
2B;2021-02-23;231;356;10748;3901;5.9;2.1
2B;2021-02-24;228;310;10976;4211;6.0;2.3
2B;2021-02-25;245;340;11221;4551;6.2;2.5
2B;2021-02-26;298;280;11519;4831;6.3;2.7
2B;2021-02-27;60;84;11579;4915;6.4;2.7
2B;2021-02-28;1;57;11580;4972;6.4;2.7
2B;2021-03-01;246;261;11826;5233;6.5;2.9
2B;2021-03-02;352;389;12178;5622;6.7;3.1
2B;2021-03-03;299;436;12477;6058;6.8;3.3
2B;2021-03-04;447;410;12924;6468;7.1;3.5
2B;2021-03-05;619;386;13543;6854;7.4;3.8
2B;2021-03-06;682;100;14225;6954;7.8;3.8
2B;2021-03-07;361;59;14586;7013;8.0;3.8
2B;2021-03-08;301;240;14887;7253;8.2;4.0
2B;2021-03-09;383;506;15270;7759;8.4;4.3
2B;2021-03-10;630;448;15900;8207;8.7;4.5
2B;2021-03-11;584;355;16484;8562;9.0;4.7
2B;2021-03-12;966;227;17450;8789;9.6;4.8
2B;2021-03-13;511;110;17961;8899;9.9;4.9
2B;2021-03-14;226;62;18187;8961;10.0;4.9
2B;2021-03-15;515;200;18702;9161;10.3;5.0
2B;2021-03-16;570;278;19272;9439;10.6;5.2
2B;2021-03-17;529;262;19801;9701;10.9;5.3
2B;2021-03-18;551;231;20352;9932;11.2;5.4
2B;2021-03-19;805;195;21157;10127;11.6;5.6
2B;2021-03-20;656;37;21813;10164;12.0;5.6
2B;2021-03-21;429;36;22242;10200;12.2;5.6
2B;2021-03-22;546;125;22788;10325;12.5;5.7
2B;2021-03-23;789;259;23577;10584;12.9;5.8
2B;2021-03-24;832;214;24409;10798;13.4;5.9
2B;2021-03-25;824;164;25233;10962;13.8;6.0
2B;2021-03-26;958;192;26191;11154;14.4;6.1
2B;2021-03-27;1089;37;27280;11191;15.0;6.1
2B;2021-03-28;830;123;28110;11314;15.4;6.2
2B;2021-03-29;745;180;28855;11494;15.8;6.3
2B;2021-03-30;970;330;29825;11824;16.4;6.5
2B;2021-03-31;981;266;30806;12090;16.9;6.6
2B;2021-04-01;1002;230;31808;12320;17.5;6.8
2B;2021-04-02;966;415;32774;12735;18.0;7.0
2B;2021-04-03;1247;153;34021;12888;18.7;7.1
2B;2021-04-04;197;60;34218;12948;18.8;7.1
2B;2021-04-05;109;113;34327;13061;18.8;7.2
2B;2021-04-06;1033;362;35360;13423;19.4;7.4
2B;2021-04-07;1230;429;36590;13852;20.1;7.6
2B;2021-04-08;1128;409;37718;14261;20.7;7.8
2B;2021-04-09;1168;568;38886;14829;21.3;8.1
2B;2021-04-10;1353;268;40239;15097;22.1;8.3
2B;2021-04-11;815;65;41054;15162;22.5;8.3
2B;2021-04-12;852;560;41906;15722;23.0;8.6
2B;2021-04-13;1062;631;42968;16353;23.6;9.0
2B;2021-04-14;1046;494;44014;16847;24.1;9.2
2B;2021-04-15;886;519;44900;17366;24.6;9.5
2B;2021-04-16;910;649;45810;18015;25.1;9.9
2B;2021-04-17;386;447;46196;18462;25.3;10.1
2B;2021-04-18;252;342;46448;18804;25.5;10.3
2B;2021-04-19;822;438;47270;19242;25.9;10.6
2B;2021-04-20;899;848;48169;20090;26.4;11.0
2B;2021-04-21;1055;609;49224;20699;27.0;11.4
2B;2021-04-22;938;731;50162;21430;27.5;11.8
2B;2021-04-23;661;630;50823;22060;27.9;12.1
2B;2021-04-24;288;772;51111;22832;28.0;12.5
2B;2021-04-25;285;477;51396;23309;28.2;12.8
2B;2021-04-26;708;920;52104;24229;28.6;13.3
2B;2021-04-27;965;875;53069;25104;29.1;13.8
2B;2021-04-28;918;862;53987;25966;29.6;14.2
2B;2021-04-29;923;868;54910;26834;30.1;14.7
2B;2021-04-30;1132;832;56042;27666;30.7;15.2
2B;2021-05-01;459;1115;56501;28781;31.0;15.8
2B;2021-05-02;335;245;56836;29026;31.2;15.9
2B;2021-05-03;1019;495;57855;29521;31.7;16.2
2B;2021-05-04;809;1151;58664;30672;32.2;16.8
2B;2021-05-05;801;1375;59465;32047;32.6;17.6
2B;2021-05-06;1288;905;60753;32952;33.3;18.1
2B;2021-05-07;1062;988;61815;33940;33.9;18.6
2B;2021-05-08;459;856;62274;34796;34.2;19.1
2B;2021-05-09;394;684;62668;35480;34.4;19.5
2B;2021-05-10;925;800;63593;36280;34.9;19.9
2B;2021-05-11;932;1162;64525;37442;35.4;20.5
2B;2021-05-12;861;892;65386;38334;35.9;21.0
2B;2021-05-13;1028;377;66414;38711;36.4;21.2
2B;2021-05-14;718;579;67132;39290;36.8;21.6
2B;2021-05-15;702;353;67834;39643;37.2;21.8
2B;2021-05-16;300;180;68134;39823;37.4;21.8
2B;2021-05-17;1003;406;69137;40229;37.9;22.1
2B;2021-05-18;991;383;70128;40612;38.5;22.3
2B;2021-05-19;771;417;70899;41029;38.9;22.5
2B;2021-05-20;672;359;71571;41388;39.3;22.7
2B;2021-05-21;705;502;72276;41890;39.7;23.0
2B;2021-05-22;574;391;72850;42281;40.0;23.2
2B;2021-05-23;169;46;73019;42327;40.1;23.2
2B;2021-05-24;40;115;73059;42442;40.1;23.3
2B;2021-05-25;549;353;73608;42795;40.4;23.5
2B;2021-05-26;544;789;74152;43584;40.7;23.9
2B;2021-05-27;407;1131;74559;44715;40.9;24.5
2B;2021-05-28;554;906;75113;45621;41.2;25.0
2B;2021-05-29;312;353;75425;45974;41.4;25.2
2B;2021-05-30;46;45;75471;46019;41.4;25.2
2B;2021-05-31;376;832;75847;46851;41.6;25.7
2B;2021-06-01;414;1038;76261;47889;41.8;26.3
2B;2021-06-02;364;990;76625;48879;42.0;26.8
2B;2021-06-03;498;808;77123;49687;42.3;27.3
2B;2021-06-04;343;1255;77466;50942;42.5;28.0
2B;2021-06-05;257;494;77723;51436;42.6;28.2
2B;2021-06-06;51;129;77774;51565;42.7;28.3
2B;2021-06-07;282;948;78056;52513;42.8;28.8
2B;2021-06-08;399;1169;78455;53682;43.0;29.5
2B;2021-06-09;518;1177;78973;54859;43.3;30.1
2B;2021-06-10;367;939;79340;55798;43.5;30.6
2B;2021-06-11;432;1274;79772;57072;43.8;31.3
2B;2021-06-12;151;545;79923;57617;43.9;31.6
2B;2021-06-13;27;59;79950;57676;43.9;31.6
2B;2021-06-14;195;1116;80145;58792;44.0;32.3
2B;2021-06-15;345;1219;80490;60011;44.2;32.9
2B;2021-06-16;381;936;80871;60947;44.4;33.4
2B;2021-06-17;399;1047;81270;61994;44.6;34.0
2B;2021-06-18;347;960;81617;62954;44.8;34.5
2B;2021-06-19;142;328;81759;63282;44.9;34.7
2B;2021-06-20;44;194;81803;63476;44.9;34.8
2B;2021-06-21;265;962;82068;64438;45.0;35.4
2B;2021-06-22;316;1115;82384;65553;45.2;36.0
2B;2021-06-23;209;872;82593;66425;45.3;36.4
2B;2021-06-24;337;757;82930;67182;45.5;36.9
2B;2021-06-25;212;1076;83142;68258;45.6;37.5
2B;2021-06-26;105;551;83247;68809;45.7;37.8
2B;2021-06-27;32;215;83279;69024;45.7;37.9
2B;2021-06-28;328;954;83607;69978;45.9;38.4
2B;2021-06-29;270;987;83877;70965;46.0;38.9
2B;2021-06-30;379;950;84256;71915;46.2;39.5
2B;2021-07-01;225;509;84481;72424;46.4;39.7
2B;2021-07-02;216;558;84697;72982;46.5;40.0
2B;2021-07-03;91;397;84788;73379;46.5;40.3
2B;2021-07-04;2;0;84790;73379;46.5;40.3
2B;2021-07-05;265;665;85055;74044;46.7;40.6
2B;2021-07-06;450;708;85505;74752;46.9;41.0
2B;2021-07-07;377;908;85882;75660;47.1;41.5
2B;2021-07-08;183;347;86065;76007;47.2;41.7
2B;2021-07-09;248;372;86313;76379;47.4;41.9
2B;2021-07-10;196;198;86509;76577;47.5;42.0
2B;2021-07-11;13;14;86522;76591;47.5;42.0
2B;2021-07-12;494;746;87016;77337;47.7;42.4
2B;2021-07-13;822;1014;87838;78351;48.2;43.0
2B;2021-07-14;343;99;88181;78450;48.4;43.0
2B;2021-07-15;1267;581;89448;79031;49.1;43.4
2B;2021-07-16;1117;562;90565;79593;49.7;43.7
2B;2021-07-17;711;318;91276;79911;50.1;43.8
2B;2021-07-18;179;46;91455;79957;50.2;43.9
2B;2021-07-19;852;707;92307;80664;50.6;44.3
2B;2021-07-20;1211;682;93518;81346;51.3;44.6
2B;2021-07-21;1394;723;94912;82069;52.1;45.0
2B;2021-07-22;1326;602;96238;82671;52.8;45.4
2B;2021-07-23;1321;496;97559;83167;53.5;45.6
2B;2021-07-24;535;315;98094;83482;53.8;45.8
2B;2021-07-25;203;71;98297;83553;53.9;45.8
2B;2021-07-26;911;632;99208;84185;54.4;46.2
2B;2021-07-27;1571;701;100779;84886;55.3;46.6
2B;2021-07-28;1162;624;101941;85510;55.9;46.9
2B;2021-07-29;1134;446;103075;85956;56.6;47.2
2B;2021-07-30;757;343;103832;86299;57.0;47.3
2B;2021-07-31;533;232;104365;86531;57.3;47.5
2B;2021-08-01;230;57;104595;86588;57.4;47.5
2B;2021-08-02;790;465;105385;87053;57.8;47.8
2B;2021-08-03;1120;779;106505;87832;58.4;48.2
2B;2021-08-04;798;448;107303;88280;58.9;48.4
2B;2021-08-05;1009;553;108312;88833;59.4;48.7
2B;2021-08-06;697;521;109009;89354;59.8;49.0
2B;2021-08-07;302;406;109311;89760;60.0;49.2
2B;2021-08-08;93;142;109404;89902;60.0;49.3
2B;2021-08-09;531;743;109935;90645;60.3;49.7
2B;2021-08-10;733;1131;110668;91776;60.7;50.4
2B;2021-08-11;747;892;111415;92668;61.1;50.8
2B;2021-08-12;682;1047;112097;93715;61.5;51.4
2B;2021-08-13;474;945;112571;94660;61.8;51.9
2B;2021-08-14;196;439;112767;95099;61.9;52.2
2B;2021-08-15;115;173;112882;95272;61.9;52.3
2B;2021-08-16;506;1062;113388;96334;62.2;52.9
2B;2021-08-17;555;1304;113943;97638;62.5;53.6
2B;2021-08-18;502;1192;114445;98830;62.8;54.2
2B;2021-08-19;417;896;114862;99726;63.0;54.7
30;2020-12-27;1;0;1;0;0.0;0.0
30;2020-12-28;0;0;1;0;0.0;0.0
30;2020-12-29;0;0;1;0;0.0;0.0
30;2020-12-30;0;0;1;0;0.0;0.0
30;2020-12-31;0;0;1;0;0.0;0.0
30;2021-01-01;0;0;1;0;0.0;0.0
30;2021-01-02;0;0;1;0;0.0;0.0
30;2021-01-03;0;0;1;0;0.0;0.0
30;2021-01-04;1;0;2;0;0.0;0.0
30;2021-01-05;3;0;5;0;0.0;0.0
30;2021-01-06;128;0;133;0;0.0;0.0
30;2021-01-07;312;0;445;0;0.1;0.0
30;2021-01-08;531;0;976;0;0.1;0.0
30;2021-01-09;270;0;1246;0;0.2;0.0
30;2021-01-10;0;0;1246;0;0.2;0.0
30;2021-01-11;537;1;1783;1;0.2;0.0
30;2021-01-12;798;3;2581;4;0.3;0.0
30;2021-01-13;640;0;3221;4;0.4;0.0
30;2021-01-14;652;5;3873;9;0.5;0.0
30;2021-01-15;756;2;4629;11;0.6;0.0
30;2021-01-16;313;0;4942;11;0.7;0.0
30;2021-01-17;3;0;4945;11;0.7;0.0
30;2021-01-18;939;5;5884;16;0.8;0.0
30;2021-01-19;1735;7;7619;23;1.0;0.0
30;2021-01-20;1303;2;8922;25;1.2;0.0
30;2021-01-21;1226;2;10148;27;1.4;0.0
30;2021-01-22;1074;5;11222;32;1.5;0.0
30;2021-01-23;634;2;11856;34;1.6;0.0
30;2021-01-24;0;0;11856;34;1.6;0.0
30;2021-01-25;831;4;12687;38;1.7;0.0
30;2021-01-26;1056;15;13743;53;1.8;0.0
30;2021-01-27;982;111;14725;164;2.0;0.0
30;2021-01-28;712;274;15437;438;2.1;0.1
30;2021-01-29;668;445;16105;883;2.2;0.1
30;2021-01-30;472;287;16577;1170;2.2;0.2
30;2021-01-31;3;7;16580;1177;2.2;0.2
30;2021-02-01;813;437;17393;1614;2.3;0.2
30;2021-02-02;1875;679;19268;2293;2.6;0.3
30;2021-02-03;1183;487;20451;2780;2.7;0.4
30;2021-02-04;968;662;21419;3442;2.9;0.5
30;2021-02-05;599;761;22018;4203;2.9;0.6
30;2021-02-06;292;262;22310;4465;3.0;0.6
30;2021-02-07;2;8;22312;4473;3.0;0.6
30;2021-02-08;574;740;22886;5213;3.1;0.7
30;2021-02-09;981;1007;23867;6220;3.2;0.8
30;2021-02-10;986;1097;24853;7317;3.3;1.0
30;2021-02-11;927;1032;25780;8349;3.4;1.1
30;2021-02-12;617;993;26397;9342;3.5;1.2
30;2021-02-13;436;388;26833;9730;3.6;1.3
30;2021-02-14;1;21;26834;9751;3.6;1.3
30;2021-02-15;449;621;27283;10372;3.6;1.4
30;2021-02-16;460;848;27743;11220;3.7;1.5
30;2021-02-17;682;622;28425;11842;3.8;1.6
30;2021-02-18;796;530;29221;12372;3.9;1.7
30;2021-02-19;574;673;29795;13045;4.0;1.7
30;2021-02-20;223;227;30018;13272;4.0;1.8
30;2021-02-21;5;3;30023;13275;4.0;1.8
30;2021-02-22;501;763;30524;14038;4.1;1.9
30;2021-02-23;974;1467;31498;15505;4.2;2.1
30;2021-02-24;926;1193;32424;16698;4.3;2.2
30;2021-02-25;1208;893;33632;17591;4.5;2.4
30;2021-02-26;1337;600;34969;18191;4.7;2.4
30;2021-02-27;564;546;35533;18737;4.7;2.5
30;2021-02-28;2;7;35535;18744;4.7;2.5
30;2021-03-01;1340;831;36875;19575;4.9;2.6
30;2021-03-02;1712;909;38587;20484;5.2;2.7
30;2021-03-03;2309;761;40896;21245;5.5;2.8
30;2021-03-04;2638;872;43534;22117;5.8;3.0
30;2021-03-05;2762;616;46296;22733;6.2;3.0
30;2021-03-06;2997;363;49293;23096;6.6;3.1
30;2021-03-07;1860;44;51153;23140;6.8;3.1
30;2021-03-08;1551;786;52704;23926;7.0;3.2
30;2021-03-09;2274;872;54978;24798;7.3;3.3
30;2021-03-10;2355;654;57333;25452;7.7;3.4
30;2021-03-11;3055;690;60388;26142;8.1;3.5
30;2021-03-12;3113;387;63501;26529;8.5;3.5
30;2021-03-13;2227;295;65728;26824;8.8;3.6
30;2021-03-14;83;3;65811;26827;8.8;3.6
30;2021-03-15;1578;567;67389;27394;9.0;3.7
30;2021-03-16;1299;1070;68688;28464;9.2;3.8
30;2021-03-17;1456;648;70144;29112;9.4;3.9
30;2021-03-18;1648;715;71792;29827;9.6;4.0
30;2021-03-19;2249;548;74041;30375;9.9;4.1
30;2021-03-20;1400;144;75441;30519;10.1;4.1
30;2021-03-21;57;8;75498;30527;10.1;4.1
30;2021-03-22;2397;720;77895;31247;10.4;4.2
30;2021-03-23;3509;802;81404;32049;10.9;4.3
30;2021-03-24;3636;815;85040;32864;11.4;4.4
30;2021-03-25;4405;848;89445;33712;12.0;4.5
30;2021-03-26;4362;638;93807;34350;12.5;4.6
30;2021-03-27;1970;378;95777;34728;12.8;4.6
30;2021-03-28;35;29;95812;34757;12.8;4.6
30;2021-03-29;2813;1650;98625;36407;13.2;4.9
30;2021-03-30;3776;1878;102401;38285;13.7;5.1
30;2021-03-31;3507;1650;105908;39935;14.1;5.3
30;2021-04-01;4015;1462;109923;41397;14.7;5.5
30;2021-04-02;3604;1230;113527;42627;15.2;5.7
30;2021-04-03;1061;1226;114588;43853;15.3;5.9
30;2021-04-04;29;188;114617;44041;15.3;5.9
30;2021-04-05;766;287;115383;44328;15.4;5.9
30;2021-04-06;3044;1577;118427;45905;15.8;6.1
30;2021-04-07;2718;1630;121145;47535;16.2;6.4
30;2021-04-08;3919;1486;125064;49021;16.7;6.5
30;2021-04-09;4888;1517;129952;50538;17.4;6.8
30;2021-04-10;2426;1175;132378;51713;17.7;6.9
30;2021-04-11;950;59;133328;51772;17.8;6.9
30;2021-04-12;3147;1489;136475;53261;18.2;7.1
30;2021-04-13;4017;1936;140492;55197;18.8;7.4
30;2021-04-14;3386;1538;143878;56735;19.2;7.6
30;2021-04-15;3830;1466;147708;58201;19.7;7.8
30;2021-04-16;3703;1533;151411;59734;20.2;8.0
30;2021-04-17;1493;955;152904;60689;20.4;8.1
30;2021-04-18;961;66;153865;60755;20.6;8.1
30;2021-04-19;2449;2299;156314;63054;20.9;8.4
30;2021-04-20;2815;2830;159129;65884;21.3;8.8
30;2021-04-21;2601;2567;161730;68451;21.6;9.1
30;2021-04-22;3524;2314;165254;70765;22.1;9.5
30;2021-04-23;3578;2304;168832;73069;22.6;9.8
30;2021-04-24;1347;1231;170179;74300;22.7;9.9
30;2021-04-25;748;90;170927;74390;22.8;9.9
30;2021-04-26;2018;2390;172945;76780;23.1;10.3
30;2021-04-27;2951;2606;175896;79386;23.5;10.6
30;2021-04-28;2837;2484;178733;81870;23.9;10.9
30;2021-04-29;3618;2322;182351;84192;24.4;11.2
30;2021-04-30;3408;2027;185759;86219;24.8;11.5
30;2021-05-01;1749;605;187508;86824;25.1;11.6
30;2021-05-02;664;245;188172;87069;25.1;11.6
30;2021-05-03;3758;2504;191930;89573;25.6;12.0
30;2021-05-04;3982;3529;195912;93102;26.2;12.4
30;2021-05-05;3945;3130;199857;96232;26.7;12.9
30;2021-05-06;4201;3361;204058;99593;27.3;13.3
30;2021-05-07;4079;3062;208137;102655;27.8;13.7
30;2021-05-08;1605;720;209742;103375;28.0;13.8
30;2021-05-09;372;613;210114;103988;28.1;13.9
30;2021-05-10;2921;3119;213035;107107;28.5;14.3
30;2021-05-11;5387;3651;218422;110758;29.2;14.8
30;2021-05-12;5300;3222;223722;113980;29.9;15.2
30;2021-05-13;3231;1026;226953;115006;30.3;15.4
30;2021-05-14;4891;2463;231844;117469;31.0;15.7
30;2021-05-15;3409;1206;235253;118675;31.4;15.9
30;2021-05-16;397;339;235650;119014;31.5;15.9
30;2021-05-17;3798;3035;239448;122049;32.0;16.3
30;2021-05-18;4828;3036;244276;125085;32.6;16.7
30;2021-05-19;4774;2547;249050;127632;33.3;17.1
30;2021-05-20;5015;2581;254065;130213;33.9;17.4
30;2021-05-21;4887;2470;258952;132683;34.6;17.7
30;2021-05-22;3158;1293;262110;133976;35.0;17.9
30;2021-05-23;288;344;262398;134320;35.1;17.9
30;2021-05-24;783;767;263181;135087;35.2;18.0
30;2021-05-25;2657;3160;265838;138247;35.5;18.5
30;2021-05-26;2888;2565;268726;140812;35.9;18.8
30;2021-05-27;3761;2717;272487;143529;36.4;19.2
30;2021-05-28;3327;3278;275814;146807;36.9;19.6
30;2021-05-29;1687;1800;277501;148607;37.1;19.9
30;2021-05-30;360;584;277861;149191;37.1;19.9
30;2021-05-31;2829;2299;280690;151490;37.5;20.2
30;2021-06-01;3659;2798;284349;154288;38.0;20.6
30;2021-06-02;3318;2455;287667;156743;38.4;20.9
30;2021-06-03;4134;3354;291801;160097;39.0;21.4
30;2021-06-04;3904;3401;295705;163498;39.5;21.8
30;2021-06-05;1906;1312;297611;164810;39.8;22.0
30;2021-06-06;684;264;298295;165074;39.9;22.1
30;2021-06-07;4724;2527;303019;167601;40.5;22.4
30;2021-06-08;4832;3325;307851;170926;41.1;22.8
30;2021-06-09;4152;2988;312003;173914;41.7;23.2
30;2021-06-10;4609;3356;316612;177270;42.3;23.7
30;2021-06-11;4584;3813;321196;181083;42.9;24.2
30;2021-06-12;2484;1709;323680;182792;43.2;24.4
30;2021-06-13;494;341;324174;183133;43.3;24.5
30;2021-06-14;2471;4710;326645;187843;43.6;25.1
30;2021-06-15;3201;5305;329846;193148;44.1;25.8
30;2021-06-16;3109;4646;332955;197794;44.5;26.4
30;2021-06-17;3924;4372;336879;202166;45.0;27.0
30;2021-06-18;3714;4695;340593;206861;45.5;27.6
30;2021-06-19;1441;2005;342034;208866;45.7;27.9
30;2021-06-20;358;490;342392;209356;45.7;28.0
30;2021-06-21;2378;4906;344770;214262;46.1;28.6
30;2021-06-22;2364;5743;347134;220005;46.4;29.4
30;2021-06-23;2526;5342;349660;225347;46.7;30.1
30;2021-06-24;2338;4706;351998;230053;47.0;30.7
30;2021-06-25;2610;5606;354608;235659;47.4;31.5
30;2021-06-26;910;2941;355518;238600;47.5;31.9
30;2021-06-27;222;527;355740;239127;47.5;31.9
30;2021-06-28;1668;6028;357408;245155;47.8;32.8
30;2021-06-29;1838;6025;359246;251180;48.0;33.6
30;2021-06-30;2001;5259;361247;256439;48.3;34.3
30;2021-07-01;2987;4720;364234;261159;48.7;34.9
30;2021-07-02;2832;4618;367066;265777;49.0;35.5
30;2021-07-03;1153;3047;368219;268824;49.2;35.9
30;2021-07-04;115;393;368334;269217;49.2;36.0
30;2021-07-05;2025;4027;370359;273244;49.5;36.5
30;2021-07-06;2661;4973;373020;278217;49.8;37.2
30;2021-07-07;2538;4219;375558;282436;50.2;37.7
30;2021-07-08;2015;3423;377573;285859;50.4;38.2
30;2021-07-09;2405;5316;379978;291175;50.8;38.9
30;2021-07-10;1499;2157;381477;293332;51.0;39.2
30;2021-07-11;47;415;381524;293747;51.0;39.2
30;2021-07-12;2526;5150;384050;298897;51.3;39.9
30;2021-07-13;3293;6028;387343;304925;51.8;40.7
30;2021-07-14;499;548;387842;305473;51.8;40.8
30;2021-07-15;4132;5473;391974;310946;52.4;41.5
30;2021-07-16;4978;5719;396952;316665;53.0;42.3
30;2021-07-17;1703;2466;398655;319131;53.3;42.6
30;2021-07-18;146;601;398801;319732;53.3;42.7
30;2021-07-19;3371;6304;402172;326036;53.7;43.6
30;2021-07-20;4638;6509;406810;332545;54.4;44.4
30;2021-07-21;4046;5407;410856;337952;54.9;45.2
30;2021-07-22;4893;5734;415749;343686;55.5;45.9
30;2021-07-23;4979;5858;420728;349544;56.2;46.7
30;2021-07-24;2233;3266;422961;352810;56.5;47.1
30;2021-07-25;136;310;423097;353120;56.5;47.2
30;2021-07-26;4402;4122;427499;357242;57.1;47.7
30;2021-07-27;4843;4644;432342;361886;57.8;48.4
30;2021-07-28;4858;4010;437200;365896;58.4;48.9
30;2021-07-29;5895;4120;443095;370016;59.2;49.4
30;2021-07-30;5313;4392;448408;374408;59.9;50.0
30;2021-07-31;2627;1961;451035;376369;60.3;50.3
30;2021-08-01;720;309;451755;376678;60.4;50.3
30;2021-08-02;3638;4009;455393;380687;60.8;50.9
30;2021-08-03;4833;3940;460226;384627;61.5;51.4
30;2021-08-04;5230;3060;465456;387687;62.2;51.8
30;2021-08-05;4590;3765;470046;391452;62.8;52.3
30;2021-08-06;4234;4061;474280;395513;63.4;52.8
30;2021-08-07;1829;1944;476109;397457;63.6;53.1
30;2021-08-08;614;276;476723;397733;63.7;53.1
30;2021-08-09;3300;3744;480023;401477;64.1;53.6
30;2021-08-10;3898;4388;483921;405865;64.7;54.2
30;2021-08-11;3369;3480;487290;409345;65.1;54.7
30;2021-08-12;3746;4216;491036;413561;65.6;55.3
30;2021-08-13;3288;3324;494324;416885;66.0;55.7
30;2021-08-14;1107;2036;495431;418921;66.2;56.0
30;2021-08-15;260;171;495691;419092;66.2;56.0
30;2021-08-16;2158;4857;497849;423949;66.5;56.6
30;2021-08-17;2681;4172;500530;428121;66.9;57.2
30;2021-08-18;2786;3801;503316;431922;67.2;57.7
30;2021-08-19;2825;4301;506141;436223;67.6;58.3
31;2020-12-27;0;0;0;0;0.0;0.0
31;2020-12-28;1;0;1;0;0.0;0.0
31;2020-12-29;0;0;1;0;0.0;0.0
31;2020-12-30;0;0;1;0;0.0;0.0
31;2020-12-31;1;0;2;0;0.0;0.0
31;2021-01-01;4;0;6;0;0.0;0.0
31;2021-01-02;0;0;6;0;0.0;0.0
31;2021-01-03;2;0;8;0;0.0;0.0
31;2021-01-04;3;0;11;0;0.0;0.0
31;2021-01-05;50;0;61;0;0.0;0.0
31;2021-01-06;211;1;272;1;0.0;0.0
31;2021-01-07;284;1;556;2;0.0;0.0
31;2021-01-08;545;1;1101;3;0.1;0.0
31;2021-01-09;275;0;1376;3;0.1;0.0
31;2021-01-10;287;0;1663;3;0.1;0.0
31;2021-01-11;982;3;2645;6;0.2;0.0
31;2021-01-12;1192;0;3837;6;0.3;0.0
31;2021-01-13;1157;3;4994;9;0.4;0.0
31;2021-01-14;1177;18;6171;27;0.4;0.0
31;2021-01-15;1046;3;7217;30;0.5;0.0
31;2021-01-16;243;1;7460;31;0.5;0.0
31;2021-01-17;176;0;7636;31;0.5;0.0
31;2021-01-18;1613;5;9249;36;0.7;0.0
31;2021-01-19;2934;10;12183;46;0.9;0.0
31;2021-01-20;3665;12;15848;58;1.1;0.0
31;2021-01-21;2991;6;18839;64;1.3;0.0
31;2021-01-22;2271;7;21110;71;1.5;0.0
31;2021-01-23;728;1;21838;72;1.6;0.0
31;2021-01-24;212;1;22050;73;1.6;0.0
31;2021-01-25;1744;9;23794;82;1.7;0.0
31;2021-01-26;1838;64;25632;146;1.8;0.0
31;2021-01-27;1575;154;27207;300;1.9;0.0
31;2021-01-28;1385;302;28592;602;2.0;0.0
31;2021-01-29;1357;349;29949;951;2.1;0.1
31;2021-01-30;446;186;30395;1137;2.2;0.1
31;2021-01-31;61;209;30456;1346;2.2;0.1
31;2021-02-01;1157;732;31613;2078;2.3;0.1
31;2021-02-02;3035;804;34648;2882;2.5;0.2
31;2021-02-03;1917;778;36565;3660;2.6;0.3
31;2021-02-04;1808;843;38373;4503;2.7;0.3
31;2021-02-05;1339;576;39712;5079;2.8;0.4
31;2021-02-06;380;55;40092;5134;2.9;0.4
31;2021-02-07;37;41;40129;5175;2.9;0.4
31;2021-02-08;1115;669;41244;5844;2.9;0.4
31;2021-02-09;1677;1574;42921;7418;3.1;0.5
31;2021-02-10;1960;2475;44881;9893;3.2;0.7
31;2021-02-11;1814;1825;46695;11718;3.3;0.8
31;2021-02-12;1540;796;48235;12514;3.4;0.9
31;2021-02-13;504;230;48739;12744;3.5;0.9
31;2021-02-14;56;216;48795;12960;3.5;0.9
31;2021-02-15;442;1375;49237;14335;3.5;1.0
31;2021-02-16;464;1550;49701;15885;3.5;1.1
31;2021-02-17;471;1624;50172;17509;3.6;1.2
31;2021-02-18;477;1757;50649;19266;3.6;1.4
31;2021-02-19;393;1570;51042;20836;3.6;1.5
31;2021-02-20;69;530;51111;21366;3.6;1.5
31;2021-02-21;77;161;51188;21527;3.7;1.5
31;2021-02-22;432;1756;51620;23283;3.7;1.7
31;2021-02-23;865;3012;52485;26295;3.7;1.9
31;2021-02-24;653;2189;53138;28484;3.8;2.0
31;2021-02-25;1432;1842;54570;30326;3.9;2.2
31;2021-02-26;1711;1234;56281;31560;4.0;2.3
31;2021-02-27;637;403;56918;31963;4.1;2.3
31;2021-02-28;78;54;56996;32017;4.1;2.3
31;2021-03-01;873;1137;57869;33154;4.1;2.4
31;2021-03-02;1238;1668;59107;34822;4.2;2.5
31;2021-03-03;1355;1812;60462;36634;4.3;2.6
31;2021-03-04;2421;1508;62883;38142;4.5;2.7
31;2021-03-05;3053;1606;65936;39748;4.7;2.8
31;2021-03-06;2835;411;68771;40159;4.9;2.9
31;2021-03-07;5369;108;74140;40267;5.3;2.9
31;2021-03-08;1598;1097;75738;41364;5.4;3.0
31;2021-03-09;2791;1191;78529;42555;5.6;3.0
31;2021-03-10;2574;1098;81103;43653;5.8;3.1
31;2021-03-11;4379;1169;85482;44822;6.1;3.2
31;2021-03-12;5317;1195;90799;46017;6.5;3.3
31;2021-03-13;2836;507;93635;46524;6.7;3.3
31;2021-03-14;235;49;93870;46573;6.7;3.3
31;2021-03-15;2583;431;96453;47004;6.9;3.4
31;2021-03-16;1744;818;98197;47822;7.0;3.4
31;2021-03-17;1657;560;99854;48382;7.1;3.5
31;2021-03-18;1988;711;101842;49093;7.3;3.5
31;2021-03-19;3185;527;105027;49620;7.5;3.5
31;2021-03-20;1794;140;106821;49760;7.6;3.6
31;2021-03-21;210;35;107031;49795;7.6;3.6
31;2021-03-22;2577;371;109608;50166;7.8;3.6
31;2021-03-23;4054;320;113662;50486;8.1;3.6
31;2021-03-24;4355;292;118017;50778;8.4;3.6
31;2021-03-25;6039;524;124056;51302;8.9;3.7
31;2021-03-26;5464;515;129520;51817;9.2;3.7
31;2021-03-27;4350;210;133870;52027;9.6;3.7
31;2021-03-28;2290;49;136160;52076;9.7;3.7
31;2021-03-29;4206;430;140366;52506;10.0;3.7
31;2021-03-30;6594;554;146960;53060;10.5;3.8
31;2021-03-31;5648;380;152608;53440;10.9;3.8
31;2021-04-01;6962;555;159570;53995;11.4;3.9
31;2021-04-02;6100;588;165670;54583;11.8;3.9
31;2021-04-03;3927;153;169597;54736;12.1;3.9
31;2021-04-04;2059;111;171656;54847;12.3;3.9
31;2021-04-05;481;70;172137;54917;12.3;3.9
31;2021-04-06;4163;1152;176300;56069;12.6;4.0
31;2021-04-07;5986;981;182286;57050;13.0;4.1
31;2021-04-08;7565;1034;189851;58084;13.6;4.1
31;2021-04-09;8386;1255;198237;59339;14.2;4.2
31;2021-04-10;4717;543;202954;59882;14.5;4.3
31;2021-04-11;2067;139;205021;60021;14.6;4.3
31;2021-04-12;5998;1835;211019;61856;15.1;4.4
31;2021-04-13;8030;2021;219049;63877;15.6;4.6
31;2021-04-14;6650;1923;225699;65800;16.1;4.7
31;2021-04-15;7770;2239;233469;68039;16.7;4.9
31;2021-04-16;7181;2091;240650;70130;17.2;5.0
31;2021-04-17;4412;907;245062;71037;17.5;5.1
31;2021-04-18;2512;355;247574;71392;17.7;5.1
31;2021-04-19;5221;2026;252795;73418;18.0;5.2
31;2021-04-20;6071;2847;258866;76265;18.5;5.4
31;2021-04-21;5975;2799;264841;79064;18.9;5.6
31;2021-04-22;6380;3239;271221;82303;19.4;5.9
31;2021-04-23;6279;2580;277500;84883;19.8;6.1
31;2021-04-24;1614;3137;279114;88020;19.9;6.3
31;2021-04-25;687;2094;279801;90114;20.0;6.4
31;2021-04-26;3793;3222;283594;93336;20.2;6.7
31;2021-04-27;4516;3900;288110;97236;20.6;6.9
31;2021-04-28;4545;3574;292655;100810;20.9;7.2
31;2021-04-29;5184;4067;297839;104877;21.3;7.5
31;2021-04-30;5036;4135;302875;109012;21.6;7.8
31;2021-05-01;1488;3120;304363;112132;21.7;8.0
31;2021-05-02;1415;1981;305778;114113;21.8;8.1
31;2021-05-03;5655;2425;311433;116538;22.2;8.3
31;2021-05-04;4781;4741;316214;121279;22.6;8.7
31;2021-05-05;2995;5719;319209;126998;22.8;9.1
31;2021-05-06;3637;7384;322846;134382;23.0;9.6
31;2021-05-07;5257;7178;328103;141560;23.4;10.1
31;2021-05-08;3633;3104;331736;144664;23.7;10.3
31;2021-05-09;3760;2309;335496;146973;23.9;10.5
31;2021-05-10;5686;5481;341182;152454;24.4;10.9
31;2021-05-11;6651;6702;347833;159156;24.8;11.4
31;2021-05-12;6171;5920;354004;165076;25.3;11.8
31;2021-05-13;4643;2062;358647;167138;25.6;11.9
31;2021-05-14;6911;3984;365558;171122;26.1;12.2
31;2021-05-15;5144;1756;370702;172878;26.5;12.3
31;2021-05-16;3299;633;374001;173511;26.7;12.4
31;2021-05-17;5143;4151;379144;177662;27.1;12.7
31;2021-05-18;5589;4274;384733;181936;27.5;13.0
31;2021-05-19;5782;3764;390515;185700;27.9;13.3
31;2021-05-20;6475;4806;396990;190506;28.3;13.6
31;2021-05-21;5984;4608;402974;195114;28.8;13.9
31;2021-05-22;4084;1629;407058;196743;29.1;14.0
31;2021-05-23;3584;342;410642;197085;29.3;14.1
31;2021-05-24;3879;706;414521;197791;29.6;14.1
31;2021-05-25;6189;3610;420710;201401;30.0;14.4
31;2021-05-26;5609;4642;426319;206043;30.4;14.7
31;2021-05-27;4787;6198;431106;212241;30.8;15.1
31;2021-05-28;4115;6349;435221;218590;31.1;15.6
31;2021-05-29;1918;4030;437139;222620;31.2;15.9
31;2021-05-30;751;2362;437890;224982;31.3;16.1
31;2021-05-31;4397;5088;442287;230070;31.6;16.4
31;2021-06-01;5956;6565;448243;236635;32.0;16.9
31;2021-06-02;5801;6312;454044;242947;32.4;17.3
31;2021-06-03;7309;8145;461353;251092;32.9;17.9
31;2021-06-04;7542;7165;468895;258257;33.5;18.4
31;2021-06-05;9078;2775;477973;261032;34.1;18.6
31;2021-06-06;8112;1580;486085;262612;34.7;18.7
31;2021-06-07;7989;5471;494074;268083;35.3;19.1
31;2021-06-08;9106;6051;503180;274134;35.9;19.6
31;2021-06-09;8921;5551;512101;279685;36.6;20.0
31;2021-06-10;9781;6363;521882;286048;37.3;20.4
31;2021-06-11;10046;6639;531928;292687;38.0;20.9
31;2021-06-12;8793;3018;540721;295705;38.6;21.1
31;2021-06-13;8374;2015;549095;297720;39.2;21.3
31;2021-06-14;8432;6732;557527;304452;39.8;21.7
31;2021-06-15;9775;7440;567302;311892;40.5;22.3
31;2021-06-16;8734;5258;576036;317150;41.1;22.6
31;2021-06-17;8274;6606;584310;323756;41.7;23.1
31;2021-06-18;8551;7752;592861;331508;42.3;23.7
31;2021-06-19;7364;5437;600225;336945;42.8;24.1
31;2021-06-20;5571;3726;605796;340671;43.2;24.3
31;2021-06-21;5376;6917;611172;347588;43.6;24.8
31;2021-06-22;4985;8219;616157;355807;44.0;25.4
31;2021-06-23;5108;7277;621265;363084;44.3;25.9
31;2021-06-24;4634;8320;625899;371404;44.7;26.5
31;2021-06-25;5017;9308;630916;380712;45.0;27.2
31;2021-06-26;4284;6398;635200;387110;45.3;27.6
31;2021-06-27;3597;4103;638797;391213;45.6;27.9
31;2021-06-28;4099;6648;642896;397861;45.9;28.4
31;2021-06-29;3798;7569;646694;405430;46.2;28.9
31;2021-06-30;4277;7807;650971;413237;46.5;29.5
31;2021-07-01;4083;8469;655054;421706;46.8;30.1
31;2021-07-02;4108;9323;659162;431029;47.1;30.8
31;2021-07-03;4097;6111;663259;437140;47.3;31.2
31;2021-07-04;3204;4810;666463;441950;47.6;31.5
31;2021-07-05;4055;7097;670518;449047;47.9;32.1
31;2021-07-06;3889;8369;674407;457416;48.1;32.7
31;2021-07-07;3966;7964;678373;465380;48.4;33.2
31;2021-07-08;4046;8541;682419;473921;48.7;33.8
31;2021-07-09;4460;8794;686879;482715;49.0;34.5
31;2021-07-10;3918;5494;690797;488209;49.3;34.8
31;2021-07-11;3138;4125;693935;492334;49.5;35.1
31;2021-07-12;3818;8623;697753;500957;49.8;35.8
31;2021-07-13;6919;9437;704672;510394;50.3;36.4
31;2021-07-14;6159;3922;710831;514316;50.7;36.7
31;2021-07-15;8510;9430;719341;523746;51.3;37.4
31;2021-07-16;7765;9903;727106;533649;51.9;38.1
31;2021-07-17;8359;10537;735465;544186;52.5;38.8
31;2021-07-18;6621;9462;742086;553648;53.0;39.5
31;2021-07-19;4786;10769;746872;564417;53.3;40.3
31;2021-07-20;7145;11461;754017;575878;53.8;41.1
31;2021-07-21;7020;11519;761037;587397;54.3;41.9
31;2021-07-22;8154;11749;769191;599146;54.9;42.8
31;2021-07-23;7453;11808;776644;610954;55.4;43.6
31;2021-07-24;10287;10531;786931;621485;56.2;44.4
31;2021-07-25;7552;8785;794483;630270;56.7;45.0
31;2021-07-26;5514;9528;799997;639798;57.1;45.7
31;2021-07-27;7944;9184;807941;648982;57.7;46.3
31;2021-07-28;8656;8257;816597;657239;58.3;46.9
31;2021-07-29;8818;8025;825415;665264;58.9;47.5
31;2021-07-30;7634;7976;833049;673240;59.5;48.1
31;2021-07-31;5986;7386;839035;680626;59.9;48.6
31;2021-08-01;4397;4289;843432;684915;60.2;48.9
31;2021-08-02;5458;5415;848890;690330;60.6;49.3
31;2021-08-03;5840;5182;854730;695512;61.0;49.6
31;2021-08-04;5864;4792;860594;700304;61.4;50.0
31;2021-08-05;5528;7204;866122;707508;61.8;50.5
31;2021-08-06;5260;7324;871382;714832;62.2;51.0
31;2021-08-07;4572;6638;875954;721470;62.5;51.5
31;2021-08-08;3367;5565;879321;727035;62.8;51.9
31;2021-08-09;4367;7010;883688;734045;63.1;52.4
31;2021-08-10;4631;6273;888319;740318;63.4;52.8
31;2021-08-11;4508;5851;892827;746169;63.7;53.3
31;2021-08-12;4496;6740;897323;752909;64.1;53.7
31;2021-08-13;4095;6177;901418;759086;64.3;54.2
31;2021-08-14;3027;6450;904445;765536;64.6;54.6
31;2021-08-15;1289;4094;905734;769630;64.7;54.9
31;2021-08-16;3199;8111;908933;777741;64.9;55.5
31;2021-08-17;3402;7085;912335;784826;65.1;56.0
31;2021-08-18;3270;6991;915605;791817;65.4;56.5
31;2021-08-19;2922;6962;918527;798779;65.6;57.0
32;2020-12-27;0;0;0;0;0.0;0.0
32;2020-12-28;0;0;0;0;0.0;0.0
32;2020-12-29;0;0;0;0;0.0;0.0
32;2020-12-30;0;0;0;0;0.0;0.0
32;2020-12-31;0;0;0;0;0.0;0.0
32;2021-01-01;0;0;0;0;0.0;0.0
32;2021-01-02;0;0;0;0;0.0;0.0
32;2021-01-03;0;0;0;0;0.0;0.0
32;2021-01-04;3;0;3;0;0.0;0.0
32;2021-01-05;1;0;4;0;0.0;0.0
32;2021-01-06;2;0;6;0;0.0;0.0
32;2021-01-07;155;0;161;0;0.1;0.0
32;2021-01-08;70;0;231;0;0.1;0.0
32;2021-01-09;5;0;236;0;0.1;0.0
32;2021-01-10;1;0;237;0;0.1;0.0
32;2021-01-11;11;0;248;0;0.1;0.0
32;2021-01-12;96;0;344;0;0.2;0.0
32;2021-01-13;325;0;669;0;0.4;0.0
32;2021-01-14;377;3;1046;3;0.6;0.0
32;2021-01-15;448;1;1494;4;0.8;0.0
32;2021-01-16;16;2;1510;6;0.8;0.0
32;2021-01-17;1;0;1511;6;0.8;0.0
32;2021-01-18;345;1;1856;7;1.0;0.0
32;2021-01-19;418;0;2274;7;1.2;0.0
32;2021-01-20;358;0;2632;7;1.4;0.0
32;2021-01-21;582;0;3214;7;1.7;0.0
32;2021-01-22;372;0;3586;7;1.9;0.0
32;2021-01-23;180;0;3766;7;2.0;0.0
32;2021-01-24;5;0;3771;7;2.0;0.0
32;2021-01-25;468;1;4239;8;2.2;0.0
32;2021-01-26;608;0;4847;8;2.6;0.0
32;2021-01-27;701;4;5548;12;2.9;0.0
32;2021-01-28;687;15;6235;27;3.3;0.0
32;2021-01-29;460;53;6695;80;3.5;0.0
32;2021-01-30;260;0;6955;80;3.7;0.0
32;2021-01-31;4;5;6959;85;3.7;0.0
32;2021-02-01;288;58;7247;143;3.8;0.1
32;2021-02-02;638;139;7885;282;4.1;0.1
32;2021-02-03;338;200;8223;482;4.3;0.3
32;2021-02-04;426;279;8649;761;4.6;0.4
32;2021-02-05;348;360;8997;1121;4.7;0.6
32;2021-02-06;147;0;9144;1121;4.8;0.6
32;2021-02-07;0;36;9144;1157;4.8;0.6
32;2021-02-08;278;122;9422;1279;5.0;0.7
32;2021-02-09;309;229;9731;1508;5.1;0.8
32;2021-02-10;269;254;10000;1762;5.3;0.9
32;2021-02-11;382;317;10382;2079;5.5;1.1
32;2021-02-12;297;280;10679;2359;5.6;1.2
32;2021-02-13;249;1;10928;2360;5.8;1.2
32;2021-02-14;0;28;10928;2388;5.8;1.3
32;2021-02-15;25;212;10953;2600;5.8;1.4
32;2021-02-16;393;367;11346;2967;6.0;1.6
32;2021-02-17;191;474;11537;3441;6.1;1.8
32;2021-02-18;331;494;11868;3935;6.2;2.1
32;2021-02-19;185;278;12053;4213;6.3;2.2
32;2021-02-20;1;120;12054;4333;6.3;2.3
32;2021-02-21;0;0;12054;4333;6.3;2.3
32;2021-02-22;158;385;12212;4718;6.4;2.5
32;2021-02-23;431;566;12643;5284;6.7;2.8
32;2021-02-24;277;380;12920;5664;6.8;3.0
32;2021-02-25;481;518;13401;6182;7.1;3.3
32;2021-02-26;444;385;13845;6567;7.3;3.5
32;2021-02-27;157;246;14002;6813;7.4;3.6
32;2021-02-28;4;0;14006;6813;7.4;3.6
32;2021-03-01;51;300;14057;7113;7.4;3.7
32;2021-03-02;414;446;14471;7559;7.6;4.0
32;2021-03-03;276;292;14747;7851;7.8;4.1
32;2021-03-04;540;337;15287;8188;8.0;4.3
32;2021-03-05;436;249;15723;8437;8.3;4.4
32;2021-03-06;522;167;16245;8604;8.5;4.5
32;2021-03-07;25;5;16270;8609;8.6;4.5
32;2021-03-08;234;292;16504;8901;8.7;4.7
32;2021-03-09;643;329;17147;9230;9.0;4.9
32;2021-03-10;482;329;17629;9559;9.3;5.0
32;2021-03-11;854;293;18483;9852;9.7;5.2
32;2021-03-12;882;341;19365;10193;10.2;5.4
32;2021-03-13;492;248;19857;10441;10.4;5.5
32;2021-03-14;1;0;19858;10441;10.4;5.5
32;2021-03-15;267;26;20125;10467;10.6;5.5
32;2021-03-16;314;307;20439;10774;10.8;5.7
32;2021-03-17;150;156;20589;10930;10.8;5.8
32;2021-03-18;375;308;20964;11238;11.0;5.9
32;2021-03-19;404;182;21368;11420;11.2;6.0
32;2021-03-20;136;33;21504;11453;11.3;6.0
32;2021-03-21;0;0;21504;11453;11.3;6.0
32;2021-03-22;340;170;21844;11623;11.5;6.1
32;2021-03-23;560;399;22404;12022;11.8;6.3
32;2021-03-24;643;270;23047;12292;12.1;6.5
32;2021-03-25;899;416;23946;12708;12.6;6.7
32;2021-03-26;657;292;24603;13000;12.9;6.8
32;2021-03-27;165;3;24768;13003;13.0;6.8
32;2021-03-28;1;1;24769;13004;13.0;6.8
32;2021-03-29;371;48;25140;13052;13.2;6.9
32;2021-03-30;766;290;25906;13342;13.6;7.0
32;2021-03-31;654;173;26560;13515;14.0;7.1
32;2021-04-01;1238;321;27798;13836;14.6;7.3
32;2021-04-02;575;167;28373;14003;14.9;7.4
32;2021-04-03;114;0;28487;14003;15.0;7.4
32;2021-04-04;0;0;28487;14003;15.0;7.4
32;2021-04-05;0;0;28487;14003;15.0;7.4
32;2021-04-06;2646;311;31133;14314;16.4;7.5
32;2021-04-07;1178;204;32311;14518;17.0;7.6
32;2021-04-08;1737;406;34048;14924;17.9;7.9
32;2021-04-09;883;218;34931;15142;18.4;8.0
32;2021-04-10;808;29;35739;15171;18.8;8.0
32;2021-04-11;14;0;35753;15171;18.8;8.0
32;2021-04-12;477;23;36230;15194;19.1;8.0
32;2021-04-13;2469;383;38699;15577;20.4;8.2
32;2021-04-14;1227;263;39926;15840;21.0;8.3
32;2021-04-15;1704;392;41630;16232;21.9;8.5
32;2021-04-16;638;282;42268;16514;22.2;8.7
32;2021-04-17;781;38;43049;16552;22.7;8.7
32;2021-04-18;13;1;43062;16553;22.7;8.7
32;2021-04-19;502;46;43564;16599;22.9;8.7
32;2021-04-20;2472;389;46036;16988;24.2;8.9
32;2021-04-21;1010;302;47046;17290;24.8;9.1
32;2021-04-22;1662;321;48708;17611;25.6;9.3
32;2021-04-23;548;158;49256;17769;25.9;9.4
32;2021-04-24;1392;55;50648;17824;26.7;9.4
32;2021-04-25;0;11;50648;17835;26.7;9.4
32;2021-04-26;387;359;51035;18194;26.9;9.6
32;2021-04-27;2552;553;53587;18747;28.2;9.9
32;2021-04-28;971;356;54558;19103;28.7;10.1
32;2021-04-29;1009;885;55567;19988;29.2;10.5
32;2021-04-30;453;361;56020;20349;29.5;10.7
32;2021-05-01;2606;96;58626;20445;30.8;10.8
32;2021-05-02;0;0;58626;20445;30.8;10.8
32;2021-05-03;171;321;58797;20766;30.9;10.9
32;2021-05-04;792;2496;59589;23262;31.4;12.2
32;2021-05-05;2360;1098;61949;24360;32.6;12.8
32;2021-05-06;516;1660;62465;26020;32.9;13.7
32;2021-05-07;2286;538;64751;26558;34.1;14.0
32;2021-05-08;71;516;64822;27074;34.1;14.2
32;2021-05-09;21;179;64843;27253;34.1;14.3
32;2021-05-10;1993;551;66836;27804;35.2;14.6
32;2021-05-11;651;2276;67487;30080;35.5;15.8
32;2021-05-12;2313;1139;69800;31219;36.7;16.4
32;2021-05-13;281;1415;70081;32634;36.9;17.2
32;2021-05-14;2222;327;72303;32961;38.0;17.3
32;2021-05-15;134;712;72437;33673;38.1;17.7
32;2021-05-16;2;0;72439;33673;38.1;17.7
32;2021-05-17;353;170;72792;33843;38.3;17.8
32;2021-05-18;1642;297;74434;34140;39.2;18.0
32;2021-05-19;2474;274;76908;34414;40.5;18.1
32;2021-05-20;2887;471;79795;34885;42.0;18.4
32;2021-05-21;2534;501;82329;35386;43.3;18.6
32;2021-05-22;335;111;82664;35497;43.5;18.7
32;2021-05-23;2;13;82666;35510;43.5;18.7
32;2021-05-24;3;0;82669;35510;43.5;18.7
32;2021-05-25;1983;374;84652;35884;44.5;18.9
32;2021-05-26;2548;556;87200;36440;45.9;19.2
32;2021-05-27;2877;627;90077;37067;47.4;19.5
32;2021-05-28;2310;766;92387;37833;48.6;19.9
32;2021-05-29;372;312;92759;38145;48.8;20.1
32;2021-05-30;4;6;92763;38151;48.8;20.1
32;2021-05-31;1414;625;94177;38776;49.6;20.4
32;2021-06-01;565;2888;94742;41664;49.9;21.9
32;2021-06-02;1579;1354;96321;43018;50.7;22.6
32;2021-06-03;396;2086;96717;45104;50.9;23.7
32;2021-06-04;1837;830;98554;45934;51.9;24.2
32;2021-06-05;206;1661;98760;47595;52.0;25.0
32;2021-06-06;8;14;98768;47609;52.0;25.1
32;2021-06-07;103;418;98871;48027;52.0;25.3
32;2021-06-08;663;2541;99534;50568;52.4;26.6
32;2021-06-09;1191;1054;100725;51622;53.0;27.2
32;2021-06-10;685;1225;101410;52847;53.4;27.8
32;2021-06-11;927;663;102337;53510;53.9;28.2
32;2021-06-12;151;2680;102488;56190;53.9;29.6
32;2021-06-13;1;1;102489;56191;53.9;29.6
32;2021-06-14;529;210;103018;56401;54.2;29.7
32;2021-06-15;1735;1027;104753;57428;55.1;30.2
32;2021-06-16;850;2777;105603;60205;55.6;31.7
32;2021-06-17;860;830;106463;61035;56.0;32.1
32;2021-06-18;315;2724;106778;63759;56.2;33.6
32;2021-06-19;914;436;107692;64195;56.7;33.8
32;2021-06-20;5;13;107697;64208;56.7;33.8
32;2021-06-21;67;1994;107764;66202;56.7;34.8
32;2021-06-22;1043;969;108807;67171;57.3;35.3
32;2021-06-23;516;2183;109323;69354;57.5;36.5
32;2021-06-24;526;518;109849;69872;57.8;36.8
32;2021-06-25;501;2359;110350;72231;58.1;38.0
32;2021-06-26;108;171;110458;72402;58.1;38.1
32;2021-06-27;2;5;110460;72407;58.1;38.1
32;2021-06-28;629;601;111089;73008;58.5;38.4
32;2021-06-29;800;1984;111889;74992;58.9;39.5
32;2021-06-30;757;2725;112646;77717;59.3;40.9
32;2021-07-01;540;2640;113186;80357;59.6;42.3
32;2021-07-02;641;2335;113827;82692;59.9;43.5
32;2021-07-03;484;508;114311;83200;60.2;43.8
32;2021-07-04;1;12;114312;83212;60.2;43.8
32;2021-07-05;76;391;114388;83603;60.2;44.0
32;2021-07-06;880;2079;115268;85682;60.7;45.1
32;2021-07-07;780;2755;116048;88437;61.1;46.5
32;2021-07-08;478;2266;116526;90703;61.3;47.7
32;2021-07-09;615;2226;117141;92929;61.6;48.9
32;2021-07-10;537;521;117678;93450;61.9;49.2
32;2021-07-11;0;5;117678;93455;61.9;49.2
32;2021-07-12;526;1243;118204;94698;62.2;49.8
32;2021-07-13;1694;1815;119898;96513;63.1;50.8
32;2021-07-14;491;33;120389;96546;63.3;50.8
32;2021-07-15;2093;887;122482;97433;64.5;51.3
32;2021-07-16;1169;1911;123651;99344;65.1;52.3
32;2021-07-17;78;129;123729;99473;65.1;52.3
32;2021-07-18;2;5;123731;99478;65.1;52.3
32;2021-07-19;1994;146;125725;99624;66.2;52.4
32;2021-07-20;2036;1266;127761;100890;67.2;53.1
32;2021-07-21;1610;1688;129371;102578;68.1;54.0
32;2021-07-22;1947;505;131318;103083;69.1;54.2
32;2021-07-23;1401;1728;132719;104811;69.8;55.2
32;2021-07-24;138;118;132857;104929;69.9;55.2
32;2021-07-25;34;10;132891;104939;69.9;55.2
32;2021-07-26;1069;1069;133960;106008;70.5;55.8
32;2021-07-27;1720;2095;135680;108103;71.4;56.9
32;2021-07-28;690;975;136370;109078;71.8;57.4
32;2021-07-29;1686;1599;138056;110677;72.6;58.2
32;2021-07-30;362;349;138418;111026;72.8;58.4
32;2021-07-31;185;351;138603;111377;72.9;58.6
32;2021-08-01;18;4;138621;111381;72.9;58.6
32;2021-08-02;80;77;138701;111458;73.0;58.6
32;2021-08-03;1177;1790;139878;113248;73.6;59.6
32;2021-08-04;630;654;140508;113902;73.9;59.9
32;2021-08-05;1100;1936;141608;115838;74.5;61.0
32;2021-08-06;560;494;142168;116332;74.8;61.2
32;2021-08-07;148;93;142316;116425;74.9;61.3
32;2021-08-08;0;0;142316;116425;74.9;61.3
32;2021-08-09;260;1824;142576;118249;75.0;62.2
32;2021-08-10;713;2081;143289;120330;75.4;63.3
32;2021-08-11;576;446;143865;120776;75.7;63.6
32;2021-08-12;932;2101;144797;122877;76.2;64.7
32;2021-08-13;177;251;144974;123128;76.3;64.8
32;2021-08-14;111;118;145085;123246;76.3;64.9
32;2021-08-15;12;21;145097;123267;76.4;64.9
32;2021-08-16;41;39;145138;123306;76.4;64.9
32;2021-08-17;573;2300;145711;125606;76.7;66.1
32;2021-08-18;308;558;146019;126164;76.8;66.4
32;2021-08-19;947;1404;146966;127568;77.3;67.1
33;2020-12-27;2;0;2;0;0.0;0.0
33;2020-12-28;3;0;5;0;0.0;0.0
33;2020-12-29;0;0;5;0;0.0;0.0
33;2020-12-30;0;0;5;0;0.0;0.0
33;2020-12-31;0;0;5;0;0.0;0.0
33;2021-01-01;0;0;5;0;0.0;0.0
33;2021-01-02;1;0;6;0;0.0;0.0
33;2021-01-03;0;0;6;0;0.0;0.0
33;2021-01-04;2;0;8;0;0.0;0.0
33;2021-01-05;2;0;10;0;0.0;0.0
33;2021-01-06;134;0;144;0;0.0;0.0
33;2021-01-07;1308;1;1452;1;0.1;0.0
33;2021-01-08;1199;3;2651;4;0.2;0.0
33;2021-01-09;297;1;2948;5;0.2;0.0
33;2021-01-10;229;0;3177;5;0.2;0.0
33;2021-01-11;627;0;3804;5;0.2;0.0
33;2021-01-12;1417;2;5221;7;0.3;0.0
33;2021-01-13;1313;8;6534;15;0.4;0.0
33;2021-01-14;1283;13;7817;28;0.5;0.0
33;2021-01-15;1607;11;9424;39;0.6;0.0
33;2021-01-16;566;8;9990;47;0.6;0.0
33;2021-01-17;406;4;10396;51;0.6;0.0
33;2021-01-18;1222;11;11618;62;0.7;0.0
33;2021-01-19;2922;4;14540;66;0.9;0.0
33;2021-01-20;3398;9;17938;75;1.1;0.0
33;2021-01-21;2856;5;20794;80;1.3;0.0
33;2021-01-22;2322;8;23116;88;1.4;0.0
33;2021-01-23;849;2;23965;90;1.5;0.0
33;2021-01-24;529;2;24494;92;1.5;0.0
33;2021-01-25;2170;61;26664;153;1.6;0.0
33;2021-01-26;2239;163;28903;316;1.8;0.0
33;2021-01-27;2252;209;31155;525;1.9;0.0
33;2021-01-28;2155;440;33310;965;2.0;0.1
33;2021-01-29;1819;692;35129;1657;2.2;0.1
33;2021-01-30;703;174;35832;1831;2.2;0.1
33;2021-01-31;388;156;36220;1987;2.2;0.1
33;2021-02-01;1456;648;37676;2635;2.3;0.2
33;2021-02-02;2643;1110;40319;3745;2.5;0.2
33;2021-02-03;2912;868;43231;4613;2.6;0.3
33;2021-02-04;4030;1353;47261;5966;2.9;0.4
33;2021-02-05;2188;1164;49449;7130;3.0;0.4
33;2021-02-06;643;201;50092;7331;3.1;0.4
33;2021-02-07;218;231;50310;7562;3.1;0.5
33;2021-02-08;1263;759;51573;8321;3.2;0.5
33;2021-02-09;1324;1688;52897;10009;3.2;0.6
33;2021-02-10;1263;1749;54160;11758;3.3;0.7
33;2021-02-11;1301;1447;55461;13205;3.4;0.8
33;2021-02-12;1115;1258;56576;14463;3.5;0.9
33;2021-02-13;202;294;56778;14757;3.5;0.9
33;2021-02-14;47;246;56825;15003;3.5;0.9
33;2021-02-15;686;1726;57511;16729;3.5;1.0
33;2021-02-16;812;2048;58323;18777;3.6;1.1
33;2021-02-17;666;2045;58989;20822;3.6;1.3
33;2021-02-18;897;2259;59886;23081;3.7;1.4
33;2021-02-19;915;2018;60801;25099;3.7;1.5
33;2021-02-20;77;658;60878;25757;3.7;1.6
33;2021-02-21;37;463;60915;26220;3.7;1.6
33;2021-02-22;705;1892;61620;28112;3.8;1.7
33;2021-02-23;1236;2747;62856;30859;3.8;1.9
33;2021-02-24;1395;2529;64251;33388;3.9;2.0
33;2021-02-25;2829;3762;67080;37150;4.1;2.3
33;2021-02-26;4055;2335;71135;39485;4.4;2.4
33;2021-02-27;1359;726;72494;40211;4.4;2.5
33;2021-02-28;126;519;72620;40730;4.4;2.5
33;2021-03-01;1532;1856;74152;42586;4.5;2.6
33;2021-03-02;2324;1746;76476;44332;4.7;2.7
33;2021-03-03;2304;1703;78780;46035;4.8;2.8
33;2021-03-04;3933;1671;82713;47706;5.1;2.9
33;2021-03-05;5755;1740;88468;49446;5.4;3.0
33;2021-03-06;3412;561;91880;50007;5.6;3.1
33;2021-03-07;741;160;92621;50167;5.7;3.1
33;2021-03-08;2712;1156;95333;51323;5.8;3.1
33;2021-03-09;4398;1341;99731;52664;6.1;3.2
33;2021-03-10;5119;1235;104850;53899;6.4;3.3
33;2021-03-11;7540;1234;112390;55133;6.9;3.4
33;2021-03-12;10116;1165;122506;56298;7.5;3.4
33;2021-03-13;5151;214;127657;56512;7.8;3.5
33;2021-03-14;713;24;128370;56536;7.9;3.5
33;2021-03-15;4439;682;132809;57218;8.1;3.5
33;2021-03-16;3582;876;136391;58094;8.3;3.6
33;2021-03-17;3637;941;140028;59035;8.6;3.6
33;2021-03-18;4038;1412;144066;60447;8.8;3.7
33;2021-03-19;6270;1028;150336;61475;9.2;3.8
33;2021-03-20;3367;102;153703;61577;9.4;3.8
33;2021-03-21;460;29;154163;61606;9.4;3.8
33;2021-03-22;4900;449;159063;62055;9.7;3.8
33;2021-03-23;6321;605;165384;62660;10.1;3.8
33;2021-03-24;7076;521;172460;63181;10.6;3.9
33;2021-03-25;8838;657;181298;63838;11.1;3.9
33;2021-03-26;10038;853;191336;64691;11.7;4.0
33;2021-03-27;3618;83;194954;64774;11.9;4.0
33;2021-03-28;577;33;195531;64807;12.0;4.0
33;2021-03-29;6769;704;202300;65511;12.4;4.0
33;2021-03-30;8099;1040;210399;66551;12.9;4.1
33;2021-03-31;7578;1066;217977;67617;13.3;4.1
33;2021-04-01;8818;1194;226795;68811;13.9;4.2
33;2021-04-02;8402;1558;235197;70369;14.4;4.3
33;2021-04-03;2832;523;238029;70892;14.6;4.3
33;2021-04-04;218;160;238247;71052;14.6;4.3
33;2021-04-05;690;122;238937;71174;14.6;4.4
33;2021-04-06;6048;2699;244985;73873;15.0;4.5
33;2021-04-07;7420;2570;252405;76443;15.5;4.7
33;2021-04-08;10320;2780;262725;79223;16.1;4.9
33;2021-04-09;12685;3096;275410;82319;16.9;5.0
33;2021-04-10;5354;1391;280764;83710;17.2;5.1
33;2021-04-11;1003;354;281767;84064;17.2;5.1
33;2021-04-12;7424;3277;289191;87341;17.7;5.3
33;2021-04-13;9315;3479;298506;90820;18.3;5.6
33;2021-04-14;9038;3638;307544;94458;18.8;5.8
33;2021-04-15;10108;3873;317652;98331;19.4;6.0
33;2021-04-16;9719;4225;327371;102556;20.0;6.3
33;2021-04-17;4653;1660;332024;104216;20.3;6.4
33;2021-04-18;929;413;332953;104629;20.4;6.4
33;2021-04-19;5615;3845;338568;108474;20.7;6.6
33;2021-04-20;7292;4263;345860;112737;21.2;6.9
33;2021-04-21;6595;4353;352455;117090;21.6;7.2
33;2021-04-22;7345;4475;359800;121565;22.0;7.4
33;2021-04-23;7705;4817;367505;126382;22.5;7.7
33;2021-04-24;4500;1800;372005;128182;22.8;7.8
33;2021-04-25;1651;418;373656;128600;22.9;7.9
33;2021-04-26;5262;5086;378918;133686;23.2;8.2
33;2021-04-27;6577;5625;385495;139311;23.6;8.5
33;2021-04-28;6780;5562;392275;144873;24.0;8.9
33;2021-04-29;8420;6242;400695;151115;24.5;9.3
33;2021-04-30;8737;6135;409432;157250;25.1;9.6
33;2021-05-01;2901;514;412333;157764;25.2;9.7
33;2021-05-02;1834;345;414167;158109;25.4;9.7
33;2021-05-03;7017;5221;421184;163330;25.8;10.0
33;2021-05-04;6829;6668;428013;169998;26.2;10.4
33;2021-05-05;7140;7570;435153;177568;26.6;10.9
33;2021-05-06;8705;8244;443858;185812;27.2;11.4
33;2021-05-07;8608;8913;452466;194725;27.7;11.9
33;2021-05-08;3541;1604;456007;196329;27.9;12.0
33;2021-05-09;1117;969;457124;197298;28.0;12.1
33;2021-05-10;6871;7318;463995;204616;28.4;12.5
33;2021-05-11;8636;7833;472631;212449;28.9;13.0
33;2021-05-12;9172;6696;481803;219145;29.5;13.4
33;2021-05-13;5209;2111;487012;221256;29.8;13.5
33;2021-05-14;8130;5359;495142;226615;30.3;13.9
33;2021-05-15;5181;2874;500323;229489;30.6;14.0
33;2021-05-16;1842;804;502165;230293;30.7;14.1
33;2021-05-17;8860;5109;511025;235402;31.3;14.4
33;2021-05-18;10621;4887;521646;240289;31.9;14.7
33;2021-05-19;10905;4793;532551;245082;32.6;15.0
33;2021-05-20;10907;5595;543458;250677;33.3;15.3
33;2021-05-21;10918;6258;554376;256935;33.9;15.7
33;2021-05-22;5122;2754;559498;259689;34.3;15.9
33;2021-05-23;1747;384;561245;260073;34.4;15.9
33;2021-05-24;5412;998;566657;261071;34.7;16.0
33;2021-05-25;9387;5771;576044;266842;35.3;16.3
33;2021-05-26;9678;6034;585722;272876;35.9;16.7
33;2021-05-27;10907;7728;596629;280604;36.5;17.2
33;2021-05-28;10064;9532;606693;290136;37.1;17.8
33;2021-05-29;5040;4113;611733;294249;37.5;18.0
33;2021-05-30;1701;667;613434;294916;37.6;18.1
33;2021-05-31;8557;6430;621991;301346;38.1;18.4
33;2021-06-01;11807;8726;633798;310072;38.8;19.0
33;2021-06-02;11711;8228;645509;318300;39.5;19.5
33;2021-06-03;12713;9200;658222;327500;40.3;20.0
33;2021-06-04;12936;10959;671158;338459;41.1;20.7
33;2021-06-05;5278;5065;676436;343524;41.4;21.0
33;2021-06-06;2526;1193;678962;344717;41.6;21.1
33;2021-06-07;9758;8499;688720;353216;42.2;21.6
33;2021-06-08;11934;9463;700654;362679;42.9;22.2
33;2021-06-09;11776;8537;712430;371216;43.6;22.7
33;2021-06-10;12953;8388;725383;379604;44.4;23.2
33;2021-06-11;12520;11177;737903;390781;45.2;23.9
33;2021-06-12;6188;4476;744091;395257;45.6;24.2
33;2021-06-13;2614;1283;746705;396540;45.7;24.3
33;2021-06-14;8581;10154;755286;406694;46.2;24.9
33;2021-06-15;12057;10278;767343;416972;47.0;25.5
33;2021-06-16;12052;8871;779395;425843;47.7;26.1
33;2021-06-17;13109;9613;792504;435456;48.5;26.7
33;2021-06-18;11792;11440;804296;446896;49.2;27.4
33;2021-06-19;5609;4815;809905;451711;49.6;27.7
33;2021-06-20;2946;1474;812851;453185;49.8;27.7
33;2021-06-21;7875;10163;820726;463348;50.2;28.4
33;2021-06-22;9060;11090;829786;474438;50.8;29.0
33;2021-06-23;8659;10848;838445;485286;51.3;29.7
33;2021-06-24;9745;9981;848190;495267;51.9;30.3
33;2021-06-25;8042;13716;856232;508983;52.4;31.2
33;2021-06-26;4341;5920;860573;514903;52.7;31.5
33;2021-06-27;2468;1961;863041;516864;52.8;31.6
33;2021-06-28;4872;12768;867913;529632;53.1;32.4
33;2021-06-29;6443;13646;874356;543278;53.5;33.3
33;2021-06-30;6675;13396;881031;556674;53.9;34.1
33;2021-07-01;8044;11816;889075;568490;54.4;34.8
33;2021-07-02;6813;15113;895888;583603;54.8;35.7
33;2021-07-03;3216;6781;899104;590384;55.0;36.1
33;2021-07-04;2066;2380;901170;592764;55.2;36.3
33;2021-07-05;4394;12912;905564;605676;55.4;37.1
33;2021-07-06;6143;14598;911707;620274;55.8;38.0
33;2021-07-07;6882;13058;918589;633332;56.2;38.8
33;2021-07-08;7951;12745;926540;646077;56.7;39.6
33;2021-07-09;6463;15106;933003;661183;57.1;40.5
33;2021-07-10;3111;7161;936114;668344;57.3;40.9
33;2021-07-11;1844;2298;937958;670642;57.4;41.1
33;2021-07-12;3936;14699;941894;685341;57.7;42.0
33;2021-07-13;7144;16104;949038;701445;58.1;42.9
33;2021-07-14;3684;5316;952722;706761;58.3;43.3
33;2021-07-15;7613;15968;960335;722729;58.8;44.2
33;2021-07-16;8567;15144;968902;737873;59.3;45.2
33;2021-07-17;3116;6433;972018;744306;59.5;45.6
33;2021-07-18;1694;3205;973712;747511;59.6;45.8
33;2021-07-19;5828;15103;979540;762614;60.0;46.7
33;2021-07-20;7397;16134;986937;778748;60.4;47.7
33;2021-07-21;8350;14535;995287;793283;60.9;48.6
33;2021-07-22;9345;15113;1004632;808396;61.5;49.5
33;2021-07-23;9603;16362;1014235;824758;62.1;50.5
33;2021-07-24;3806;7557;1018041;832315;62.3;51.0
33;2021-07-25;2083;2662;1020124;834977;62.5;51.1
33;2021-07-26;6911;13425;1027035;848402;62.9;51.9
33;2021-07-27;9997;13402;1037032;861804;63.5;52.8
33;2021-07-28;10874;11967;1047906;873771;64.2;53.5
33;2021-07-29;11610;11903;1059516;885674;64.9;54.2
33;2021-07-30;11309;12214;1070825;897888;65.6;55.0
33;2021-07-31;4712;5646;1075537;903534;65.8;55.3
33;2021-08-01;2464;1948;1078001;905482;66.0;55.4
33;2021-08-02;8306;9883;1086307;915365;66.5;56.0
33;2021-08-03;11429;9014;1097736;924379;67.2;56.6
33;2021-08-04;11823;7343;1109559;931722;67.9;57.0
33;2021-08-05;11827;8008;1121386;939730;68.7;57.5
33;2021-08-06;11133;9044;1132519;948774;69.3;58.1
33;2021-08-07;5882;4503;1138401;953277;69.7;58.4
33;2021-08-08;3188;1815;1141589;955092;69.9;58.5
33;2021-08-09;8586;8717;1150175;963809;70.4;59.0
33;2021-08-10;9297;8415;1159472;972224;71.0;59.5
33;2021-08-11;8057;7563;1167529;979787;71.5;60.0
33;2021-08-12;7930;8004;1175459;987791;72.0;60.5
33;2021-08-13;7741;7660;1183200;995451;72.4;60.9
33;2021-08-14;3476;4319;1186676;999770;72.6;61.2
33;2021-08-15;1195;1873;1187871;1001643;72.7;61.3
33;2021-08-16;6394;8631;1194265;1010274;73.1;61.8
33;2021-08-17;6567;9049;1200832;1019323;73.5;62.4
33;2021-08-18;5554;8758;1206386;1028081;73.9;62.9
33;2021-08-19;5446;9095;1211832;1037176;74.2;63.5
34;2020-12-27;1;0;1;0;0.0;0.0
34;2020-12-28;1;0;2;0;0.0;0.0
34;2020-12-29;0;0;2;0;0.0;0.0
34;2020-12-30;0;0;2;0;0.0;0.0
34;2020-12-31;0;0;2;0;0.0;0.0
34;2021-01-01;1;0;3;0;0.0;0.0
34;2021-01-02;2;0;5;0;0.0;0.0
34;2021-01-03;0;0;5;0;0.0;0.0
34;2021-01-04;21;0;26;0;0.0;0.0
34;2021-01-05;106;2;132;2;0.0;0.0
34;2021-01-06;198;1;330;3;0.0;0.0
34;2021-01-07;364;0;694;3;0.1;0.0
34;2021-01-08;606;0;1300;3;0.1;0.0
34;2021-01-09;244;0;1544;3;0.1;0.0
34;2021-01-10;95;1;1639;4;0.1;0.0
34;2021-01-11;567;2;2206;6;0.2;0.0
34;2021-01-12;1007;1;3213;7;0.3;0.0
34;2021-01-13;1098;6;4311;13;0.4;0.0
34;2021-01-14;1957;13;6268;26;0.5;0.0
34;2021-01-15;1469;5;7737;31;0.7;0.0
34;2021-01-16;331;7;8068;38;0.7;0.0
34;2021-01-17;233;1;8301;39;0.7;0.0
34;2021-01-18;1125;4;9426;43;0.8;0.0
34;2021-01-19;1610;7;11036;50;0.9;0.0
34;2021-01-20;2073;9;13109;59;1.1;0.0
34;2021-01-21;4230;10;17339;69;1.5;0.0
34;2021-01-22;2549;8;19888;77;1.7;0.0
34;2021-01-23;599;2;20487;79;1.7;0.0
34;2021-01-24;2;0;20489;79;1.7;0.0
34;2021-01-25;1242;5;21731;84;1.8;0.0
34;2021-01-26;1458;21;23189;105;2.0;0.0
34;2021-01-27;1467;23;24656;128;2.1;0.0
34;2021-01-28;1392;125;26048;253;2.2;0.0
34;2021-01-29;1258;137;27306;390;2.3;0.0
34;2021-01-30;479;25;27785;415;2.4;0.0
34;2021-01-31;4;0;27789;415;2.4;0.0
34;2021-02-01;1028;250;28817;665;2.5;0.1
34;2021-02-02;1458;444;30275;1109;2.6;0.1
34;2021-02-03;2655;526;32930;1635;2.8;0.1
34;2021-02-04;2309;886;35239;2521;3.0;0.2
34;2021-02-05;1889;1183;37128;3704;3.2;0.3
34;2021-02-06;492;239;37620;3943;3.2;0.3
34;2021-02-07;31;107;37651;4050;3.2;0.3
34;2021-02-08;860;1065;38511;5115;3.3;0.4
34;2021-02-09;1031;1311;39542;6426;3.4;0.5
34;2021-02-10;1294;1506;40836;7932;3.5;0.7
34;2021-02-11;1791;2712;42627;10644;3.6;0.9
34;2021-02-12;1921;1647;44548;12291;3.8;1.0
34;2021-02-13;356;513;44904;12804;3.8;1.1
34;2021-02-14;21;286;44925;13090;3.8;1.1
34;2021-02-15;673;1211;45598;14301;3.9;1.2
34;2021-02-16;665;1532;46263;15833;3.9;1.3
34;2021-02-17;711;1526;46974;17359;4.0;1.5
34;2021-02-18;835;1494;47809;18853;4.1;1.6
34;2021-02-19;815;1229;48624;20082;4.1;1.7
34;2021-02-20;301;483;48925;20565;4.2;1.7
34;2021-02-21;64;18;48989;20583;4.2;1.8
34;2021-02-22;629;1304;49618;21887;4.2;1.9
34;2021-02-23;562;1480;50180;23367;4.3;2.0
34;2021-02-24;938;2341;51118;25708;4.3;2.2
34;2021-02-25;1606;2280;52724;27988;4.5;2.4
34;2021-02-26;1850;1626;54574;29614;4.6;2.5
34;2021-02-27;701;434;55275;30048;4.7;2.6
34;2021-02-28;86;64;55361;30112;4.7;2.6
34;2021-03-01;928;1163;56289;31275;4.8;2.7
34;2021-03-02;1588;1282;57877;32557;4.9;2.8
34;2021-03-03;1833;1412;59710;33969;5.1;2.9
34;2021-03-04;2863;1626;62573;35595;5.3;3.0
34;2021-03-05;3686;1543;66259;37138;5.6;3.2
34;2021-03-06;2643;207;68902;37345;5.9;3.2
34;2021-03-07;1242;78;70144;37423;6.0;3.2
34;2021-03-08;2780;1014;72924;38437;6.2;3.3
34;2021-03-09;4015;1453;76939;39890;6.5;3.4
34;2021-03-10;3991;1337;80930;41227;6.9;3.5
34;2021-03-11;5435;1304;86365;42531;7.3;3.6
34;2021-03-12;6493;926;92858;43457;7.9;3.7
34;2021-03-13;3134;178;95992;43635;8.2;3.7
34;2021-03-14;1002;54;96994;43689;8.2;3.7
34;2021-03-15;3300;566;100294;44255;8.5;3.8
34;2021-03-16;2913;662;103207;44917;8.8;3.8
34;2021-03-17;3303;734;106510;45651;9.1;3.9
34;2021-03-18;3447;919;109957;46570;9.3;4.0
34;2021-03-19;4690;793;114647;47363;9.7;4.0
34;2021-03-20;3145;61;117792;47424;10.0;4.0
34;2021-03-21;1993;60;119785;47484;10.2;4.0
34;2021-03-22;3682;467;123467;47951;10.5;4.1
34;2021-03-23;4959;540;128426;48491;10.9;4.1
34;2021-03-24;5217;648;133643;49139;11.4;4.2
34;2021-03-25;7197;718;140840;49857;12.0;4.2
34;2021-03-26;7168;574;148008;50431;12.6;4.3
34;2021-03-27;2372;82;150380;50513;12.8;4.3
34;2021-03-28;699;18;151079;50531;12.8;4.3
34;2021-03-29;4184;762;155263;51293;13.2;4.4
34;2021-03-30;5219;970;160482;52263;13.6;4.4
34;2021-03-31;5066;1199;165548;53462;14.1;4.5
34;2021-04-01;7032;1037;172580;54499;14.7;4.6
34;2021-04-02;5820;1184;178400;55683;15.2;4.7
34;2021-04-03;1138;87;179538;55770;15.3;4.7
34;2021-04-04;166;5;179704;55775;15.3;4.7
34;2021-04-05;432;26;180136;55801;15.3;4.7
34;2021-04-06;3134;2457;183270;58258;15.6;5.0
34;2021-04-07;3384;2644;186654;60902;15.9;5.2
34;2021-04-08;5251;2817;191905;63719;16.3;5.4
34;2021-04-09;8073;2493;199978;66212;17.0;5.6
34;2021-04-10;3166;1369;203144;67581;17.3;5.7
34;2021-04-11;1715;808;204859;68389;17.4;5.8
34;2021-04-12;4486;2525;209345;70914;17.8;6.0
34;2021-04-13;5238;3060;214583;73974;18.2;6.3
34;2021-04-14;5617;3235;220200;77209;18.7;6.6
34;2021-04-15;6996;3169;227196;80378;19.3;6.8
34;2021-04-16;6575;3166;233771;83544;19.9;7.1
34;2021-04-17;2375;2068;236146;85612;20.1;7.3
34;2021-04-18;988;1722;237134;87334;20.2;7.4
34;2021-04-19;3421;3126;240555;90460;20.5;7.7
34;2021-04-20;3764;3668;244319;94128;20.8;8.0
34;2021-04-21;4244;3727;248563;97855;21.1;8.3
34;2021-04-22;4485;4614;253048;102469;21.5;8.7
34;2021-04-23;5371;3531;258419;106000;22.0;9.0
34;2021-04-24;3164;1582;261583;107582;22.2;9.1
34;2021-04-25;1919;647;263502;108229;22.4;9.2
34;2021-04-26;4223;3479;267725;111708;22.8;9.5
34;2021-04-27;5127;4024;272852;115732;23.2;9.8
34;2021-04-28;5766;3551;278618;119283;23.7;10.1
34;2021-04-29;6419;3945;285037;123228;24.2;10.5
34;2021-04-30;7870;3297;292907;126525;24.9;10.8
34;2021-05-01;2403;501;295310;127026;25.1;10.8
34;2021-05-02;3260;323;298570;127349;25.4;10.8
34;2021-05-03;6574;2898;305144;130247;25.9;11.1
34;2021-05-04;7110;3802;312254;134049;26.5;11.4
34;2021-05-05;6499;4532;318753;138581;27.1;11.8
34;2021-05-06;6944;5214;325697;143795;27.7;12.2
34;2021-05-07;6927;5683;332624;149478;28.3;12.7
34;2021-05-08;3607;1169;336231;150647;28.6;12.8
34;2021-05-09;2178;1288;338409;151935;28.8;12.9
34;2021-05-10;5860;4809;344269;156744;29.3;13.3
34;2021-05-11;7415;5330;351684;162074;29.9;13.8
34;2021-05-12;7751;4465;359435;166539;30.6;14.2
34;2021-05-13;6120;780;365555;167319;31.1;14.2
34;2021-05-14;7488;3733;373043;171052;31.7;14.5
34;2021-05-15;4865;1691;377908;172743;32.1;14.7
34;2021-05-16;4952;459;382860;173202;32.6;14.7
34;2021-05-17;8692;1984;391552;175186;33.3;14.9
34;2021-05-18;9142;1973;400694;177159;34.1;15.1
34;2021-05-19;8628;1810;409322;178969;34.8;15.2
34;2021-05-20;8867;2508;418189;181477;35.6;15.4
34;2021-05-21;8785;3225;426974;184702;36.3;15.7
34;2021-05-22;5788;1149;432762;185851;36.8;15.8
34;2021-05-23;3883;548;436645;186399;37.1;15.8
34;2021-05-24;1897;852;438542;187251;37.3;15.9
34;2021-05-25;7140;3814;445682;191065;37.9;16.2
34;2021-05-26;8323;3034;454005;194099;38.6;16.5
34;2021-05-27;8317;4302;462322;198401;39.3;16.9
34;2021-05-28;8050;5445;470372;203846;40.0;17.3
34;2021-05-29;4008;3110;474380;206956;40.3;17.6
34;2021-05-30;1987;1392;476367;208348;40.5;17.7
34;2021-05-31;5879;5261;482246;213609;41.0;18.2
34;2021-06-01;6954;6118;489200;219727;41.6;18.7
34;2021-06-02;6134;5814;495334;225541;42.1;19.2
34;2021-06-03;7711;6495;503045;232036;42.8;19.7
34;2021-06-04;7657;7590;510702;239626;43.4;20.4
34;2021-06-05;4140;3676;514842;243302;43.8;20.7
34;2021-06-06;3270;1867;518112;245169;44.1;20.8
34;2021-06-07;4419;6766;522531;251935;44.4;21.4
34;2021-06-08;5860;6826;528391;258761;44.9;22.0
34;2021-06-09;5826;6837;534217;265598;45.4;22.6
34;2021-06-10;6318;6872;540535;272470;46.0;23.2
34;2021-06-11;5398;9277;545933;281747;46.4;24.0
34;2021-06-12;3169;4726;549102;286473;46.7;24.4
34;2021-06-13;1080;1907;550182;288380;46.8;24.5
34;2021-06-14;3446;7818;553628;296198;47.1;25.2
34;2021-06-15;3951;8793;557579;304991;47.4;25.9
34;2021-06-16;4611;7852;562190;312843;47.8;26.6
34;2021-06-17;4221;7957;566411;320800;48.2;27.3
34;2021-06-18;4346;9331;570757;330131;48.5;28.1
34;2021-06-19;2736;4404;573493;334535;48.8;28.4
34;2021-06-20;890;2873;574383;337408;48.8;28.7
34;2021-06-21;2176;8560;576559;345968;49.0;29.4
34;2021-06-22;2971;9411;579530;355379;49.3;30.2
34;2021-06-23;3521;8974;583051;364353;49.6;31.0
34;2021-06-24;3555;8682;586606;373035;49.9;31.7
34;2021-06-25;3369;10435;589975;383470;50.2;32.6
34;2021-06-26;1643;6190;591618;389660;50.3;33.1
34;2021-06-27;307;4271;591925;393931;50.3;33.5
34;2021-06-28;2265;9434;594190;403365;50.5;34.3
34;2021-06-29;2685;10297;596875;413662;50.7;35.2
34;2021-06-30;3294;9551;600169;423213;51.0;36.0
34;2021-07-01;3452;9440;603621;432653;51.3;36.8
34;2021-07-02;3402;9743;607023;442396;51.6;37.6
34;2021-07-03;1678;6160;608701;448556;51.8;38.1
34;2021-07-04;310;2764;609011;451320;51.8;38.4
34;2021-07-05;3222;8000;612233;459320;52.1;39.1
34;2021-07-06;3459;9182;615692;468502;52.3;39.8
34;2021-07-07;3250;8642;618942;477144;52.6;40.6
34;2021-07-08;4270;8859;623212;486003;53.0;41.3
34;2021-07-09;3932;9338;627144;495341;53.3;42.1
34;2021-07-10;2133;5717;629277;501058;53.5;42.6
34;2021-07-11;923;2578;630200;503636;53.6;42.8
34;2021-07-12;2875;8968;633075;512604;53.8;43.6
34;2021-07-13;4561;10039;637636;522643;54.2;44.4
34;2021-07-14;742;351;638378;522994;54.3;44.5
34;2021-07-15;5890;10384;644268;533378;54.8;45.3
34;2021-07-16;5761;10718;650029;544096;55.3;46.3
34;2021-07-17;4465;4409;654494;548505;55.6;46.6
34;2021-07-18;233;199;654727;548704;55.7;46.7
34;2021-07-19;5104;8321;659831;557025;56.1;47.4
34;2021-07-20;6879;8376;666710;565401;56.7;48.1
34;2021-07-21;7640;7796;674350;573197;57.3;48.7
34;2021-07-22;7415;8156;681765;581353;58.0;49.4
34;2021-07-23;7775;8143;689540;589496;58.6;50.1
34;2021-07-24;6004;3039;695544;592535;59.1;50.4
34;2021-07-25;3208;536;698752;593071;59.4;50.4
34;2021-07-26;6216;6425;704968;599496;59.9;51.0
34;2021-07-27;8370;6010;713338;605506;60.7;51.5
34;2021-07-28;9206;5877;722544;611383;61.4;52.0
34;2021-07-29;11263;6011;733807;617394;62.4;52.5
34;2021-07-30;9727;6493;743534;623887;63.2;53.0
34;2021-07-31;6396;2166;749930;626053;63.8;53.2
34;2021-08-01;3268;606;753198;626659;64.0;53.3
34;2021-08-02;7286;5025;760484;631684;64.7;53.7
34;2021-08-03;8067;5369;768551;637053;65.3;54.2
34;2021-08-04;8261;4533;776812;641586;66.0;54.5
34;2021-08-05;7061;4985;783873;646571;66.6;55.0
34;2021-08-06;5842;5194;789715;651765;67.1;55.4
34;2021-08-07;3074;2423;792789;654188;67.4;55.6
34;2021-08-08;196;200;792985;654388;67.4;55.6
34;2021-08-09;4717;6148;797702;660536;67.8;56.2
34;2021-08-10;5334;6458;803036;666994;68.3;56.7
34;2021-08-11;4806;6523;807842;673517;68.7;57.3
34;2021-08-12;4529;6182;812371;679699;69.1;57.8
34;2021-08-13;4042;5707;816413;685406;69.4;58.3
34;2021-08-14;1784;2876;818197;688282;69.6;58.5
34;2021-08-15;194;185;818391;688467;69.6;58.5
34;2021-08-16;2839;7532;821230;695999;69.8;59.2
34;2021-08-17;3506;8252;824736;704251;70.1;59.9
34;2021-08-18;3137;7527;827873;711778;70.4;60.5
34;2021-08-19;3207;7747;831080;719525;70.7;61.2
35;2020-12-27;0;0;0;0;0.0;0.0
35;2020-12-28;0;0;0;0;0.0;0.0
35;2020-12-29;2;0;2;0;0.0;0.0
35;2020-12-30;0;0;2;0;0.0;0.0
35;2020-12-31;1;0;3;0;0.0;0.0
35;2021-01-01;3;0;6;0;0.0;0.0
35;2021-01-02;1;0;7;0;0.0;0.0
35;2021-01-03;0;0;7;0;0.0;0.0
35;2021-01-04;10;0;17;0;0.0;0.0
35;2021-01-05;110;0;127;0;0.0;0.0
35;2021-01-06;175;0;302;0;0.0;0.0
35;2021-01-07;439;1;741;1;0.1;0.0
35;2021-01-08;512;1;1253;2;0.1;0.0
35;2021-01-09;31;0;1284;2;0.1;0.0
35;2021-01-10;2;0;1286;2;0.1;0.0
35;2021-01-11;538;0;1824;2;0.2;0.0
35;2021-01-12;886;2;2710;4;0.3;0.0
35;2021-01-13;967;1;3677;5;0.3;0.0
35;2021-01-14;1261;19;4938;24;0.5;0.0
35;2021-01-15;728;2;5666;26;0.5;0.0
35;2021-01-16;188;2;5854;28;0.5;0.0
35;2021-01-17;43;0;5897;28;0.5;0.0
35;2021-01-18;1222;2;7119;30;0.7;0.0
35;2021-01-19;5406;14;12525;44;1.2;0.0
35;2021-01-20;3234;7;15759;51;1.5;0.0
35;2021-01-21;3635;5;19394;56;1.8;0.0
35;2021-01-22;2089;10;21483;66;2.0;0.0
35;2021-01-23;421;1;21904;67;2.0;0.0
35;2021-01-24;50;0;21954;67;2.0;0.0
35;2021-01-25;915;17;22869;84;2.1;0.0
35;2021-01-26;1129;140;23998;224;2.2;0.0
35;2021-01-27;1031;126;25029;350;2.3;0.0
35;2021-01-28;915;298;25944;648;2.4;0.1
35;2021-01-29;724;292;26668;940;2.5;0.1
35;2021-01-30;139;20;26807;960;2.5;0.1
35;2021-01-31;0;0;26807;960;2.5;0.1
35;2021-02-01;670;335;27477;1295;2.5;0.1
35;2021-02-02;726;486;28203;1781;2.6;0.2
35;2021-02-03;661;506;28864;2287;2.7;0.2
35;2021-02-04;589;656;29453;2943;2.7;0.3
35;2021-02-05;624;563;30077;3506;2.8;0.3
35;2021-02-06;171;5;30248;3511;2.8;0.3
35;2021-02-07;1;0;30249;3511;2.8;0.3
35;2021-02-08;447;658;30696;4169;2.8;0.4
35;2021-02-09;1715;3556;32411;7725;3.0;0.7
35;2021-02-10;1366;2728;33777;10453;3.1;1.0
35;2021-02-11;1944;3233;35721;13686;3.3;1.3
35;2021-02-12;1662;1737;37383;15423;3.5;1.4
35;2021-02-13;57;254;37440;15677;3.5;1.4
35;2021-02-14;7;68;37447;15745;3.5;1.5
35;2021-02-15;771;1101;38218;16846;3.5;1.6
35;2021-02-16;920;1022;39138;17868;3.6;1.7
35;2021-02-17;891;1092;40029;18960;3.7;1.8
35;2021-02-18;1014;999;41043;19959;3.8;1.8
35;2021-02-19;1011;971;42054;20930;3.9;1.9
35;2021-02-20;143;49;42197;20979;3.9;1.9
35;2021-02-21;5;0;42202;20979;3.9;1.9
35;2021-02-22;776;829;42978;21808;4.0;2.0
35;2021-02-23;1287;866;44265;22674;4.1;2.1
35;2021-02-24;1403;817;45668;23491;4.2;2.2
35;2021-02-25;2247;786;47915;24277;4.4;2.2
35;2021-02-26;2601;735;50516;25012;4.7;2.3
35;2021-02-27;869;103;51385;25115;4.7;2.3
35;2021-02-28;9;0;51394;25115;4.7;2.3
35;2021-03-01;960;694;52354;25809;4.8;2.4
35;2021-03-02;1634;1997;53988;27806;5.0;2.6
35;2021-03-03;1911;970;55899;28776;5.2;2.7
35;2021-03-04;2918;1415;58817;30191;5.4;2.8
35;2021-03-05;3713;1345;62530;31536;5.8;2.9
35;2021-03-06;1340;87;63870;31623;5.9;2.9
35;2021-03-07;1;40;63871;31663;5.9;2.9
35;2021-03-08;1471;585;65342;32248;6.0;3.0
35;2021-03-09;3233;607;68575;32855;6.3;3.0
35;2021-03-10;2904;563;71479;33418;6.6;3.1
35;2021-03-11;4198;717;75677;34135;7.0;3.2
35;2021-03-12;6047;602;81724;34737;7.6;3.2
35;2021-03-13;2426;133;84150;34870;7.8;3.2
35;2021-03-14;18;25;84168;34895;7.8;3.2
35;2021-03-15;1964;668;86132;35563;8.0;3.3
35;2021-03-16;2503;731;88635;36294;8.2;3.4
35;2021-03-17;2394;605;91029;36899;8.4;3.4
35;2021-03-18;2333;597;93362;37496;8.6;3.5
35;2021-03-19;3544;509;96906;38005;9.0;3.5
35;2021-03-20;1537;112;98443;38117;9.1;3.5
35;2021-03-21;38;1;98481;38118;9.1;3.5
35;2021-03-22;1750;842;100231;38960;9.3;3.6
35;2021-03-23;3625;1186;103856;40146;9.6;3.7
35;2021-03-24;3730;994;107586;41140;9.9;3.8
35;2021-03-25;5330;1000;112916;42140;10.4;3.9
35;2021-03-26;5847;818;118763;42958;11.0;4.0
35;2021-03-27;1415;212;120178;43170;11.1;4.0
35;2021-03-28;4;0;120182;43170;11.1;4.0
35;2021-03-29;2780;912;122962;44082;11.4;4.1
35;2021-03-30;4290;1330;127252;45412;11.8;4.2
35;2021-03-31;3468;1340;130720;46752;12.1;4.3
35;2021-04-01;4250;1237;134970;47989;12.5;4.4
35;2021-04-02;4865;1210;139835;49199;12.9;4.5
35;2021-04-03;763;214;140598;49413;13.0;4.6
35;2021-04-04;5;0;140603;49413;13.0;4.6
35;2021-04-05;20;1;140623;49414;13.0;4.6
35;2021-04-06;3279;2037;143902;51451;13.3;4.8
35;2021-04-07;3963;1846;147865;53297;13.7;4.9
35;2021-04-08;5804;1593;153669;54890;14.2;5.1
35;2021-04-09;7426;1415;161095;56305;14.9;5.2
35;2021-04-10;1861;252;162956;56557;15.1;5.2
35;2021-04-11;35;23;162991;56580;15.1;5.2
35;2021-04-12;5136;1600;168127;58180;15.5;5.4
35;2021-04-13;7615;2785;175742;60965;16.2;5.6
35;2021-04-14;6316;2300;182058;63265;16.8;5.8
35;2021-04-15;7567;2174;189625;65439;17.5;6.0
35;2021-04-16;8080;1761;197705;67200;18.3;6.2
35;2021-04-17;1571;221;199276;67421;18.4;6.2
35;2021-04-18;10;4;199286;67425;18.4;6.2
35;2021-04-19;4818;1673;204104;69098;18.9;6.4
35;2021-04-20;5163;2638;209267;71736;19.3;6.6
35;2021-04-21;5129;2205;214396;73941;19.8;6.8
35;2021-04-22;6426;2327;220822;76268;20.4;7.0
35;2021-04-23;6823;2362;227645;78630;21.0;7.3
35;2021-04-24;1131;262;228776;78892;21.1;7.3
35;2021-04-25;8;16;228784;78908;21.1;7.3
35;2021-04-26;5102;2157;233886;81065;21.6;7.5
35;2021-04-27;6086;3207;239972;84272;22.2;7.8
35;2021-04-28;6172;2565;246144;86837;22.7;8.0
35;2021-04-29;7114;2756;253258;89593;23.4;8.3
35;2021-04-30;7559;2540;260817;92133;24.1;8.5
35;2021-05-01;618;239;261435;92372;24.2;8.5
35;2021-05-02;15;21;261450;92393;24.2;8.5
35;2021-05-03;5307;2332;266757;94725;24.7;8.8
35;2021-05-04;5074;5338;271831;100063;25.1;9.2
35;2021-05-05;4882;4447;276713;104510;25.6;9.7
35;2021-05-06;6173;5275;282886;109785;26.1;10.1
35;2021-05-07;5620;5256;288506;115041;26.7;10.6
35;2021-05-08;1720;135;290226;115176;26.8;10.6
35;2021-05-09;698;75;290924;115251;26.9;10.7
35;2021-05-10;3724;4959;294648;120210;27.2;11.1
35;2021-05-11;4778;5810;299426;126020;27.7;11.6
35;2021-05-12;5288;5498;304714;131518;28.2;12.2
35;2021-05-13;2700;1428;307414;132946;28.4;12.3
35;2021-05-14;5458;4287;312872;137233;28.9;12.7
35;2021-05-15;2930;716;315802;137949;29.2;12.7
35;2021-05-16;999;61;316801;138010;29.3;12.8
35;2021-05-17;4475;3886;321276;141896;29.7;13.1
35;2021-05-18;5837;4327;327113;146223;30.2;13.5
35;2021-05-19;5867;3631;332980;149854;30.8;13.8
35;2021-05-20;6447;4014;339427;153868;31.4;14.2
35;2021-05-21;6137;4768;345564;158636;31.9;14.7
35;2021-05-22;2116;739;347680;159375;32.1;14.7
35;2021-05-23;688;46;348368;159421;32.2;14.7
35;2021-05-24;3206;1298;351574;160719;32.5;14.9
35;2021-05-25;5541;4277;357115;164996;33.0;15.2
35;2021-05-26;5726;4169;362841;169165;33.5;15.6
35;2021-05-27;6526;4784;369367;173949;34.1;16.1
35;2021-05-28;6333;5579;375700;179528;34.7;16.6
35;2021-05-29;2875;1149;378575;180677;35.0;16.7
35;2021-05-30;877;39;379452;180716;35.1;16.7
35;2021-05-31;6309;4392;385761;185108;35.7;17.1
35;2021-06-01;7364;5122;393125;190230;36.3;17.6
35;2021-06-02;7223;3798;400348;194028;37.0;17.9
35;2021-06-03;8155;4996;408503;199024;37.8;18.4
35;2021-06-04;7276;7462;415779;206486;38.4;19.1
35;2021-06-05;4138;1583;419917;208069;38.8;19.2
35;2021-06-06;3055;148;422972;208217;39.1;19.2
35;2021-06-07;5781;5777;428753;213994;39.6;19.8
35;2021-06-08;7599;5955;436352;219949;40.3;20.3
35;2021-06-09;8462;4820;444814;224769;41.1;20.8
35;2021-06-10;9345;4747;454159;229516;42.0;21.2
35;2021-06-11;8637;7478;462796;236994;42.8;21.9
35;2021-06-12;4687;1208;467483;238202;43.2;22.0
35;2021-06-13;3386;225;470869;238427;43.5;22.0
35;2021-06-14;6233;6519;477102;244946;44.1;22.6
35;2021-06-15;7506;6965;484608;251911;44.8;23.3
35;2021-06-16;8318;5626;492926;257537;45.6;23.8
35;2021-06-17;8891;5904;501817;263441;46.4;24.3
35;2021-06-18;8718;8103;510535;271544;47.2;25.1
35;2021-06-19;1502;2511;512037;274055;47.3;25.3
35;2021-06-20;2955;885;514992;274940;47.6;25.4
35;2021-06-21;5933;6382;520925;281322;48.1;26.0
35;2021-06-22;6839;7498;527764;288820;48.8;26.7
35;2021-06-23;7254;6147;535018;294967;49.4;27.3
35;2021-06-24;8367;5925;543385;300892;50.2;27.8
35;2021-06-25;6630;8478;550015;309370;50.8;28.6
35;2021-06-26;1106;3076;551121;312446;50.9;28.9
35;2021-06-27;2637;1030;553758;313476;51.2;29.0
35;2021-06-28;4295;7760;558053;321236;51.6;29.7
35;2021-06-29;5091;7974;563144;329210;52.0;30.4
35;2021-06-30;5602;7894;568746;337104;52.6;31.2
35;2021-07-01;6575;7548;575321;344652;53.2;31.9
35;2021-07-02;5331;9860;580652;354512;53.7;32.8
35;2021-07-03;1081;2840;581733;357352;53.8;33.0
35;2021-07-04;2149;1554;583882;358906;54.0;33.2
35;2021-07-05;3732;8207;587614;367113;54.3;33.9
35;2021-07-06;4787;9473;592401;376586;54.7;34.8
35;2021-07-07;5048;8320;597449;384906;55.2;35.6
35;2021-07-08;5377;8486;602826;393392;55.7;36.4
35;2021-07-09;3900;11545;606726;404937;56.1;37.4
35;2021-07-10;889;3148;607615;408085;56.2;37.7
35;2021-07-11;1301;2357;608916;410442;56.3;37.9
35;2021-07-12;3112;9147;612028;419589;56.6;38.8
35;2021-07-13;3972;10752;616000;430341;56.9;39.8
35;2021-07-14;2147;4450;618147;434791;57.1;40.2
35;2021-07-15;4283;10185;622430;444976;57.5;41.1
35;2021-07-16;4787;11013;627217;455989;58.0;42.1
35;2021-07-17;1981;4068;629198;460057;58.1;42.5
35;2021-07-18;844;2569;630042;462626;58.2;42.8
35;2021-07-19;3240;8980;633282;471606;58.5;43.6
35;2021-07-20;4215;10593;637497;482199;58.9;44.6
35;2021-07-21;4330;9388;641827;491587;59.3;45.4
35;2021-07-22;4824;9666;646651;501253;59.8;46.3
35;2021-07-23;4540;11023;651191;512276;60.2;47.3
35;2021-07-24;1583;4270;652774;516546;60.3;47.7
35;2021-07-25;814;2847;653588;519393;60.4;48.0
35;2021-07-26;3873;8744;657461;528137;60.8;48.8
35;2021-07-27;5237;9660;662698;537797;61.2;49.7
35;2021-07-28;5283;8678;667981;546475;61.7;50.5
35;2021-07-29;6061;8340;674042;554815;62.3;51.3
35;2021-07-30;5850;9086;679892;563901;62.8;52.1
35;2021-07-31;2290;3658;682182;567559;63.0;52.5
35;2021-08-01;1512;2414;683694;569973;63.2;52.7
35;2021-08-02;4694;6955;688388;576928;63.6;53.3
35;2021-08-03;6649;7590;695037;584518;64.2;54.0
35;2021-08-04;6632;6592;701669;591110;64.8;54.6
35;2021-08-05;6606;6981;708275;598091;65.5;55.3
35;2021-08-06;5979;7306;714254;605397;66.0;55.9
35;2021-08-07;2094;3151;716348;608548;66.2;56.2
35;2021-08-08;1520;2251;717868;610799;66.3;56.4
35;2021-08-09;4582;5531;722450;616330;66.8;57.0
35;2021-08-10;6527;6361;728977;622691;67.4;57.5
35;2021-08-11;6431;5852;735408;628543;68.0;58.1
35;2021-08-12;6946;5566;742354;634109;68.6;58.6
35;2021-08-13;6578;5044;748932;639153;69.2;59.1
35;2021-08-14;3032;1978;751964;641131;69.5;59.3
35;2021-08-15;2464;1250;754428;642381;69.7;59.4
35;2021-08-16;4831;5277;759259;647658;70.2;59.9
35;2021-08-17;6337;6057;765596;653715;70.8;60.4
35;2021-08-18;6438;5609;772034;659324;71.3;60.9
35;2021-08-19;6213;5721;778247;665045;71.9;61.5
36;2020-12-27;0;0;0;0;0.0;0.0
36;2020-12-28;0;0;0;0;0.0;0.0
36;2020-12-29;0;0;0;0;0.0;0.0
36;2020-12-30;0;0;0;0;0.0;0.0
36;2020-12-31;0;0;0;0;0.0;0.0
36;2021-01-01;0;0;0;0;0.0;0.0
36;2021-01-02;0;0;0;0;0.0;0.0
36;2021-01-03;0;0;0;0;0.0;0.0
36;2021-01-04;2;0;2;0;0.0;0.0
36;2021-01-05;0;0;2;0;0.0;0.0
36;2021-01-06;24;0;26;0;0.0;0.0
36;2021-01-07;51;0;77;0;0.0;0.0
36;2021-01-08;111;0;188;0;0.1;0.0
36;2021-01-09;83;0;271;0;0.1;0.0
36;2021-01-10;142;0;413;0;0.2;0.0
36;2021-01-11;239;1;652;1;0.3;0.0
36;2021-01-12;282;0;934;1;0.4;0.0
36;2021-01-13;198;1;1132;2;0.5;0.0
36;2021-01-14;505;4;1637;6;0.8;0.0
36;2021-01-15;179;1;1816;7;0.8;0.0
36;2021-01-16;24;1;1840;8;0.8;0.0
36;2021-01-17;19;2;1859;10;0.9;0.0
36;2021-01-18;613;4;2472;14;1.1;0.0
36;2021-01-19;1175;2;3647;16;1.7;0.0
36;2021-01-20;1102;3;4749;19;2.2;0.0
36;2021-01-21;721;0;5470;19;2.5;0.0
36;2021-01-22;857;2;6327;21;2.9;0.0
36;2021-01-23;295;0;6622;21;3.0;0.0
36;2021-01-24;185;1;6807;22;3.1;0.0
36;2021-01-25;640;4;7447;26;3.4;0.0
36;2021-01-26;610;1;8057;27;3.7;0.0
36;2021-01-27;848;19;8905;46;4.1;0.0
36;2021-01-28;477;44;9382;90;4.3;0.0
36;2021-01-29;573;97;9955;187;4.6;0.1
36;2021-01-30;288;72;10243;259;4.7;0.1
36;2021-01-31;115;135;10358;394;4.8;0.2
36;2021-02-01;378;100;10736;494;4.9;0.2
36;2021-02-02;410;174;11146;668;5.1;0.3
36;2021-02-03;473;264;11619;932;5.4;0.4
36;2021-02-04;275;276;11894;1208;5.5;0.6
36;2021-02-05;302;164;12196;1372;5.6;0.6
36;2021-02-06;1;0;12197;1372;5.6;0.6
36;2021-02-07;1;0;12198;1372;5.6;0.6
36;2021-02-08;280;259;12478;1631;5.7;0.8
36;2021-02-09;327;606;12805;2237;5.9;1.0
36;2021-02-10;490;655;13295;2892;6.1;1.3
36;2021-02-11;384;597;13679;3489;6.3;1.6
36;2021-02-12;303;461;13982;3950;6.4;1.8
36;2021-02-13;126;83;14108;4033;6.5;1.9
36;2021-02-14;22;44;14130;4077;6.5;1.9
36;2021-02-15;42;575;14172;4652;6.5;2.1
36;2021-02-16;107;418;14279;5070;6.6;2.3
36;2021-02-17;117;625;14396;5695;6.6;2.6
36;2021-02-18;161;616;14557;6311;6.7;2.9
36;2021-02-19;181;541;14738;6852;6.8;3.2
36;2021-02-20;86;239;14824;7091;6.8;3.3
36;2021-02-21;87;157;14911;7248;6.9;3.3
36;2021-02-22;162;508;15073;7756;6.9;3.6
36;2021-02-23;62;575;15135;8331;7.0;3.8
36;2021-02-24;112;681;15247;9012;7.0;4.2
36;2021-02-25;251;283;15498;9295;7.1;4.3
36;2021-02-26;339;471;15837;9766;7.3;4.5
36;2021-02-27;73;277;15910;10043;7.3;4.6
36;2021-02-28;13;97;15923;10140;7.3;4.7
36;2021-03-01;218;343;16141;10483;7.4;4.8
36;2021-03-02;352;365;16493;10848;7.6;5.0
36;2021-03-03;394;532;16887;11380;7.8;5.2
36;2021-03-04;662;356;17549;11736;8.1;5.4
36;2021-03-05;799;297;18348;12033;8.4;5.5
36;2021-03-06;410;17;18758;12050;8.6;5.5
36;2021-03-07;339;7;19097;12057;8.8;5.6
36;2021-03-08;251;315;19348;12372;8.9;5.7
36;2021-03-09;449;269;19797;12641;9.1;5.8
36;2021-03-10;724;410;20521;13051;9.5;6.0
36;2021-03-11;838;245;21359;13296;9.8;6.1
36;2021-03-12;1446;297;22805;13593;10.5;6.3
36;2021-03-13;575;129;23380;13722;10.8;6.3
36;2021-03-14;113;1;23493;13723;10.8;6.3
36;2021-03-15;648;158;24141;13881;11.1;6.4
36;2021-03-16;447;68;24588;13949;11.3;6.4
36;2021-03-17;765;91;25353;14040;11.7;6.5
36;2021-03-18;414;72;25767;14112;11.9;6.5
36;2021-03-19;738;40;26505;14152;12.2;6.5
36;2021-03-20;451;27;26956;14179;12.4;6.5
36;2021-03-21;0;0;26956;14179;12.4;6.5
36;2021-03-22;497;58;27453;14237;12.6;6.6
36;2021-03-23;777;57;28230;14294;13.0;6.6
36;2021-03-24;1089;76;29319;14370;13.5;6.6
36;2021-03-25;1337;88;30656;14458;14.1;6.7
36;2021-03-26;1419;157;32075;14615;14.8;6.7
36;2021-03-27;475;43;32550;14658;15.0;6.8
36;2021-03-28;68;57;32618;14715;15.0;6.8
36;2021-03-29;461;184;33079;14899;15.2;6.9
36;2021-03-30;582;264;33661;15163;15.5;7.0
36;2021-03-31;1263;170;34924;15333;16.1;7.1
36;2021-04-01;1085;431;36009;15764;16.6;7.3
36;2021-04-02;965;140;36974;15904;17.0;7.3
36;2021-04-03;282;183;37256;16087;17.2;7.4
36;2021-04-04;42;2;37298;16089;17.2;7.4
36;2021-04-05;15;46;37313;16135;17.2;7.4
36;2021-04-06;821;362;38134;16497;17.6;7.6
36;2021-04-07;1073;540;39207;17037;18.1;7.8
36;2021-04-08;1347;479;40554;17516;18.7;8.1
36;2021-04-09;1939;405;42493;17921;19.6;8.3
36;2021-04-10;591;243;43084;18164;19.8;8.4
36;2021-04-11;256;90;43340;18254;20.0;8.4
36;2021-04-12;849;561;44189;18815;20.4;8.7
36;2021-04-13;1140;517;45329;19332;20.9;8.9
36;2021-04-14;1582;863;46911;20195;21.6;9.3
36;2021-04-15;1654;471;48565;20666;22.4;9.5
36;2021-04-16;1488;466;50053;21132;23.1;9.7
36;2021-04-17;893;250;50946;21382;23.5;9.8
36;2021-04-18;383;7;51329;21389;23.6;9.9
36;2021-04-19;874;445;52203;21834;24.0;10.1
36;2021-04-20;1145;522;53348;22356;24.6;10.3
36;2021-04-21;1240;877;54588;23233;25.1;10.7
36;2021-04-22;1592;870;56180;24103;25.9;11.1
36;2021-04-23;1327;617;57507;24720;26.5;11.4
36;2021-04-24;678;380;58185;25100;26.8;11.6
36;2021-04-25;413;95;58598;25195;27.0;11.6
36;2021-04-26;1134;449;59732;25644;27.5;11.8
36;2021-04-27;1279;555;61011;26199;28.1;12.1
36;2021-04-28;1488;1062;62499;27261;28.8;12.6
36;2021-04-29;2016;708;64515;27969;29.7;12.9
36;2021-04-30;1553;457;66068;28426;30.4;13.1
36;2021-05-01;724;64;66792;28490;30.8;13.1
36;2021-05-02;498;63;67290;28553;31.0;13.1
36;2021-05-03;1292;314;68582;28867;31.6;13.3
36;2021-05-04;780;808;69362;29675;31.9;13.7
36;2021-05-05;1283;1306;70645;30981;32.5;14.3
36;2021-05-06;2138;795;72783;31776;33.5;14.6
36;2021-05-07;1469;768;74252;32544;34.2;15.0
36;2021-05-08;306;104;74558;32648;34.3;15.0
36;2021-05-09;175;343;74733;32991;34.4;15.2
36;2021-05-10;1216;816;75949;33807;35.0;15.6
36;2021-05-11;1725;1251;77674;35058;35.8;16.1
36;2021-05-12;1826;1485;79500;36543;36.6;16.8
36;2021-05-13;548;306;80048;36849;36.9;17.0
36;2021-05-14;701;1039;80749;37888;37.2;17.4
36;2021-05-15;635;591;81384;38479;37.5;17.7
36;2021-05-16;337;377;81721;38856;37.6;17.9
36;2021-05-17;614;943;82335;39799;37.9;18.3
36;2021-05-18;874;938;83209;40737;38.3;18.8
36;2021-05-19;1333;844;84542;41581;38.9;19.1
36;2021-05-20;1611;1210;86153;42791;39.7;19.7
36;2021-05-21;1107;1069;87260;43860;40.2;20.2
36;2021-05-22;678;342;87938;44202;40.5;20.4
36;2021-05-23;428;296;88366;44498;40.7;20.5
36;2021-05-24;505;469;88871;44967;40.9;20.7
36;2021-05-25;1045;685;89916;45652;41.4;21.0
36;2021-05-26;1473;1166;91389;46818;42.1;21.6
36;2021-05-27;1397;977;92786;47795;42.7;22.0
36;2021-05-28;921;1482;93707;49277;43.2;22.7
36;2021-05-29;700;507;94407;49784;43.5;22.9
36;2021-05-30;111;573;94518;50357;43.5;23.2
36;2021-05-31;1137;763;95655;51120;44.1;23.5
36;2021-06-01;1412;826;97067;51946;44.7;23.9
36;2021-06-02;2061;613;99128;52559;45.7;24.2
36;2021-06-03;1902;1199;101030;53758;46.5;24.8
36;2021-06-04;1774;1046;102804;54804;47.3;25.2
36;2021-06-05;692;658;103496;55462;47.7;25.5
36;2021-06-06;336;273;103832;55735;47.8;25.7
36;2021-06-07;983;808;104815;56543;48.3;26.0
36;2021-06-08;959;981;105774;57524;48.7;26.5
36;2021-06-09;1674;1070;107448;58594;49.5;27.0
36;2021-06-10;1532;1380;108980;59974;50.2;27.6
36;2021-06-11;1289;1500;110269;61474;50.8;28.3
36;2021-06-12;920;783;111189;62257;51.2;28.7
36;2021-06-13;343;269;111532;62526;51.4;28.8
36;2021-06-14;606;1269;112138;63795;51.6;29.4
36;2021-06-15;734;1215;112872;65010;52.0;29.9
36;2021-06-16;902;1519;113774;66529;52.4;30.6
36;2021-06-17;750;1905;114524;68434;52.7;31.5
36;2021-06-18;706;1881;115230;70315;53.1;32.4
36;2021-06-19;295;395;115525;70710;53.2;32.6
36;2021-06-20;235;327;115760;71037;53.3;32.7
36;2021-06-21;686;1449;116446;72486;53.6;33.4
36;2021-06-22;840;1551;117286;74037;54.0;34.1
36;2021-06-23;773;1792;118059;75829;54.4;34.9
36;2021-06-24;855;1526;118914;77355;54.8;35.6
36;2021-06-25;942;1222;119856;78577;55.2;36.2
36;2021-06-26;325;602;120181;79179;55.3;36.5
36;2021-06-27;105;267;120286;79446;55.4;36.6
36;2021-06-28;698;926;120984;80372;55.7;37.0
36;2021-06-29;688;1459;121672;81831;56.0;37.7
36;2021-06-30;837;2150;122509;83981;56.4;38.7
36;2021-07-01;351;1082;122860;85063;56.6;39.2
36;2021-07-02;745;1846;123605;86909;56.9;40.0
36;2021-07-03;466;885;124071;87794;57.1;40.4
36;2021-07-04;185;325;124256;88119;57.2;40.6
36;2021-07-05;495;1335;124751;89454;57.5;41.2
36;2021-07-06;490;1221;125241;90675;57.7;41.8
36;2021-07-07;586;1793;125827;92468;57.9;42.6
36;2021-07-08;548;1706;126375;94174;58.2;43.4
36;2021-07-09;785;1655;127160;95829;58.6;44.1
36;2021-07-10;469;1119;127629;96948;58.8;44.6
36;2021-07-11;257;154;127886;97102;58.9;44.7
36;2021-07-12;330;1627;128216;98729;59.0;45.5
36;2021-07-13;311;1936;128527;100665;59.2;46.4
36;2021-07-14;376;763;128903;101428;59.4;46.7
36;2021-07-15;915;2166;129818;103594;59.8;47.7
36;2021-07-16;627;1874;130445;105468;60.1;48.6
36;2021-07-17;398;858;130843;106326;60.3;49.0
36;2021-07-18;198;408;131041;106734;60.3;49.2
36;2021-07-19;551;1458;131592;108192;60.6;49.8
36;2021-07-20;776;1410;132368;109602;61.0;50.5
36;2021-07-21;710;1984;133078;111586;61.3;51.4
36;2021-07-22;1139;1686;134217;113272;61.8;52.2
36;2021-07-23;966;1746;135183;115018;62.3;53.0
36;2021-07-24;607;805;135790;115823;62.5;53.3
36;2021-07-25;148;404;135938;116227;62.6;53.5
36;2021-07-26;947;1085;136885;117312;63.0;54.0
36;2021-07-27;809;1354;137694;118666;63.4;54.6
36;2021-07-28;1383;1398;139077;120064;64.0;55.3
36;2021-07-29;1706;1313;140783;121377;64.8;55.9
36;2021-07-30;1442;1323;142225;122700;65.5;56.5
36;2021-07-31;931;535;143156;123235;65.9;56.8
36;2021-08-01;207;240;143363;123475;66.0;56.9
36;2021-08-02;1112;891;144475;124366;66.5;57.3
36;2021-08-03;1271;993;145746;125359;67.1;57.7
36;2021-08-04;1689;938;147435;126297;67.9;58.2
36;2021-08-05;1815;904;149250;127201;68.7;58.6
36;2021-08-06;1411;871;150661;128072;69.4;59.0
36;2021-08-07;538;523;151199;128595;69.6;59.2
36;2021-08-08;293;154;151492;128749;69.8;59.3
36;2021-08-09;817;844;152309;129593;70.1;59.7
36;2021-08-10;1064;1013;153373;130606;70.6;60.1
36;2021-08-11;1346;855;154719;131461;71.3;60.5
36;2021-08-12;1153;851;155872;132312;71.8;60.9
36;2021-08-13;1180;776;157052;133088;72.3;61.3
36;2021-08-14;424;837;157476;133925;72.5;61.7
36;2021-08-15;363;113;157839;134038;72.7;61.7
36;2021-08-16;605;955;158444;134993;73.0;62.2
36;2021-08-17;767;1000;159211;135993;73.3;62.6
36;2021-08-18;982;1158;160193;137151;73.8;63.2
36;2021-08-19;731;1175;160924;138326;74.1;63.7
37;2020-12-27;0;0;0;0;0.0;0.0
37;2020-12-28;17;0;17;0;0.0;0.0
37;2020-12-29;10;0;27;0;0.0;0.0
37;2020-12-30;0;0;27;0;0.0;0.0
37;2020-12-31;0;0;27;0;0.0;0.0
37;2021-01-01;0;0;27;0;0.0;0.0
37;2021-01-02;0;0;27;0;0.0;0.0
37;2021-01-03;0;0;27;0;0.0;0.0
37;2021-01-04;21;0;48;0;0.0;0.0
37;2021-01-05;47;0;95;0;0.0;0.0
37;2021-01-06;79;0;174;0;0.0;0.0
37;2021-01-07;115;0;289;0;0.0;0.0
37;2021-01-08;442;1;731;1;0.1;0.0
37;2021-01-09;79;0;810;1;0.1;0.0
37;2021-01-10;83;0;893;1;0.1;0.0
37;2021-01-11;280;0;1173;1;0.2;0.0
37;2021-01-12;659;4;1832;5;0.3;0.0
37;2021-01-13;560;1;2392;6;0.4;0.0
37;2021-01-14;522;3;2914;9;0.5;0.0
37;2021-01-15;628;1;3542;10;0.6;0.0
37;2021-01-16;304;2;3846;12;0.6;0.0
37;2021-01-17;262;1;4108;13;0.7;0.0
37;2021-01-18;734;8;4842;21;0.8;0.0
37;2021-01-19;1244;10;6086;31;1.0;0.0
37;2021-01-20;1038;3;7124;34;1.2;0.0
37;2021-01-21;856;1;7980;35;1.3;0.0
37;2021-01-22;767;2;8747;37;1.4;0.0
37;2021-01-23;173;0;8920;37;1.5;0.0
37;2021-01-24;0;0;8920;37;1.5;0.0
37;2021-01-25;538;13;9458;50;1.6;0.0
37;2021-01-26;1813;65;11271;115;1.9;0.0
37;2021-01-27;1523;76;12794;191;2.1;0.0
37;2021-01-28;1530;95;14324;286;2.4;0.0
37;2021-01-29;633;309;14957;595;2.5;0.1
37;2021-01-30;202;62;15159;657;2.5;0.1
37;2021-01-31;15;64;15174;721;2.5;0.1
37;2021-02-01;332;199;15506;920;2.6;0.2
37;2021-02-02;523;527;16029;1447;2.6;0.2
37;2021-02-03;660;351;16689;1798;2.8;0.3
37;2021-02-04;546;409;17235;2207;2.8;0.4
37;2021-02-05;465;443;17700;2650;2.9;0.4
37;2021-02-06;189;2;17889;2652;3.0;0.4
37;2021-02-07;20;1;17909;2653;3.0;0.4
37;2021-02-08;331;321;18240;2974;3.0;0.5
37;2021-02-09;625;710;18865;3684;3.1;0.6
37;2021-02-10;662;510;19527;4194;3.2;0.7
37;2021-02-11;612;562;20139;4756;3.3;0.8
37;2021-02-12;489;554;20628;5310;3.4;0.9
37;2021-02-13;155;207;20783;5517;3.4;0.9
37;2021-02-14;1;71;20784;5588;3.4;0.9
37;2021-02-15;425;479;21209;6067;3.5;1.0
37;2021-02-16;841;1448;22050;7515;3.6;1.2
37;2021-02-17;635;1371;22685;8886;3.7;1.5
37;2021-02-18;910;1415;23595;10301;3.9;1.7
37;2021-02-19;795;839;24390;11140;4.0;1.8
37;2021-02-20;245;210;24635;11350;4.1;1.9
37;2021-02-21;5;1;24640;11351;4.1;1.9
37;2021-02-22;336;580;24976;11931;4.1;2.0
37;2021-02-23;605;632;25581;12563;4.2;2.1
37;2021-02-24;572;620;26153;13183;4.3;2.2
37;2021-02-25;875;614;27028;13797;4.5;2.3
37;2021-02-26;1115;580;28143;14377;4.6;2.4
37;2021-02-27;584;189;28727;14566;4.7;2.4
37;2021-02-28;23;0;28750;14566;4.7;2.4
37;2021-03-01;603;361;29353;14927;4.8;2.5
37;2021-03-02;1090;546;30443;15473;5.0;2.6
37;2021-03-03;971;548;31414;16021;5.2;2.6
37;2021-03-04;1605;479;33019;16500;5.5;2.7
37;2021-03-05;2129;561;35148;17061;5.8;2.8
37;2021-03-06;1165;212;36313;17273;6.0;2.9
37;2021-03-07;472;66;36785;17339;6.1;2.9
37;2021-03-08;666;400;37451;17739;6.2;2.9
37;2021-03-09;1652;702;39103;18441;6.5;3.0
37;2021-03-10;1607;747;40710;19188;6.7;3.2
37;2021-03-11;2046;698;42756;19886;7.1;3.3
37;2021-03-12;3208;475;45964;20361;7.6;3.4
37;2021-03-13;1949;192;47913;20553;7.9;3.4
37;2021-03-14;206;4;48119;20557;7.9;3.4
37;2021-03-15;1069;250;49188;20807;8.1;3.4
37;2021-03-16;1048;530;50236;21337;8.3;3.5
37;2021-03-17;934;280;51170;21617;8.5;3.6
37;2021-03-18;1033;524;52203;22141;8.6;3.7
37;2021-03-19;2218;338;54421;22479;9.0;3.7
37;2021-03-20;1332;142;55753;22621;9.2;3.7
37;2021-03-21;204;4;55957;22625;9.2;3.7
37;2021-03-22;1287;242;57244;22867;9.5;3.8
37;2021-03-23;2256;569;59500;23436;9.8;3.9
37;2021-03-24;2246;463;61746;23899;10.2;3.9
37;2021-03-25;2981;443;64727;24342;10.7;4.0
37;2021-03-26;3524;409;68251;24751;11.3;4.1
37;2021-03-27;1175;127;69426;24878;11.5;4.1
37;2021-03-28;139;1;69565;24879;11.5;4.1
37;2021-03-29;1604;346;71169;25225;11.8;4.2
37;2021-03-30;2524;623;73693;25848;12.2;4.3
37;2021-03-31;2046;484;75739;26332;12.5;4.3
37;2021-04-01;2599;968;78338;27300;12.9;4.5
37;2021-04-02;2812;668;81150;27968;13.4;4.6
37;2021-04-03;817;222;81967;28190;13.5;4.7
37;2021-04-04;104;1;82071;28191;13.6;4.7
37;2021-04-05;3;0;82074;28191;13.6;4.7
37;2021-04-06;2238;778;84312;28969;13.9;4.8
37;2021-04-07;3171;862;87483;29831;14.5;4.9
37;2021-04-08;4042;968;91525;30799;15.1;5.1
37;2021-04-09;4543;946;96068;31745;15.9;5.2
37;2021-04-10;1328;431;97396;32176;16.1;5.3
37;2021-04-11;104;1;97500;32177;16.1;5.3
37;2021-04-12;2641;675;100141;32852;16.5;5.4
37;2021-04-13;4112;1159;104253;34011;17.2;5.6
37;2021-04-14;3044;895;107297;34906;17.7;5.8
37;2021-04-15;3758;1018;111055;35924;18.3;5.9
37;2021-04-16;4359;1223;115414;37147;19.1;6.1
37;2021-04-17;1147;222;116561;37369;19.3;6.2
37;2021-04-18;97;3;116658;37372;19.3;6.2
37;2021-04-19;2482;849;119140;38221;19.7;6.3
37;2021-04-20;3234;1337;122374;39558;20.2;6.5
37;2021-04-21;2930;1156;125304;40714;20.7;6.7
37;2021-04-22;3456;1401;128760;42115;21.3;7.0
37;2021-04-23;3691;1811;132451;43926;21.9;7.3
37;2021-04-24;1007;387;133458;44313;22.0;7.3
37;2021-04-25;45;2;133503;44315;22.1;7.3
37;2021-04-26;2968;1346;136471;45661;22.5;7.5
37;2021-04-27;4184;1816;140655;47477;23.2;7.8
37;2021-04-28;3462;1946;144117;49423;23.8;8.2
37;2021-04-29;4583;2019;148700;51442;24.6;8.5
37;2021-04-30;5056;1990;153756;53432;25.4;8.8
37;2021-05-01;638;212;154394;53644;25.5;8.9
37;2021-05-02;104;15;154498;53659;25.5;8.9
37;2021-05-03;2670;1956;157168;55615;26.0;9.2
37;2021-05-04;3733;2721;160901;58336;26.6;9.6
37;2021-05-05;3499;2087;164400;60423;27.2;10.0
37;2021-05-06;4994;1945;169394;62368;28.0;10.3
37;2021-05-07;4686;2884;174080;65252;28.8;10.8
37;2021-05-08;538;312;174618;65564;28.8;10.8
37;2021-05-09;63;41;174681;65605;28.9;10.8
37;2021-05-10;2160;3487;176841;69092;29.2;11.4
37;2021-05-11;3867;3882;180708;72974;29.9;12.1
37;2021-05-12;4039;2548;184747;75522;30.5;12.5
37;2021-05-13;1137;515;185884;76037;30.7;12.6
37;2021-05-14;4045;2683;189929;78720;31.4;13.0
37;2021-05-15;2323;744;192252;79464;31.8;13.1
37;2021-05-16;22;71;192274;79535;31.8;13.1
37;2021-05-17;2764;2054;195038;81589;32.2;13.5
37;2021-05-18;3874;2362;198912;83951;32.9;13.9
37;2021-05-19;3494;1806;202406;85757;33.4;14.2
37;2021-05-20;4752;1777;207158;87534;34.2;14.5
37;2021-05-21;4526;2572;211684;90106;35.0;14.9
37;2021-05-22;1077;751;212761;90857;35.1;15.0
37;2021-05-23;73;89;212834;90946;35.2;15.0
37;2021-05-24;513;106;213347;91052;35.2;15.0
37;2021-05-25;5124;2178;218471;93230;36.1;15.4
37;2021-05-26;4929;2098;223400;95328;36.9;15.7
37;2021-05-27;5986;2370;229386;97698;37.9;16.1
37;2021-05-28;6023;3265;235409;100963;38.9;16.7
37;2021-05-29;1521;1167;236930;102130;39.1;16.9
37;2021-05-30;55;160;236985;102290;39.1;16.9
37;2021-05-31;3647;2530;240632;104820;39.7;17.3
37;2021-06-01;5845;3622;246477;108442;40.7;17.9
37;2021-06-02;5077;2455;251554;110897;41.6;18.3
37;2021-06-03;6086;2881;257640;113778;42.6;18.8
37;2021-06-04;5511;4205;263151;117983;43.5;19.5
37;2021-06-05;1855;1305;265006;119288;43.8;19.7
37;2021-06-06;49;197;265055;119485;43.8;19.7
37;2021-06-07;3022;4164;268077;123649;44.3;20.4
37;2021-06-08;4200;4656;272277;128305;45.0;21.2
37;2021-06-09;3884;3568;276161;131873;45.6;21.8
37;2021-06-10;5268;3621;281429;135494;46.5;22.4
37;2021-06-11;4977;4839;286406;140333;47.3;23.2
37;2021-06-12;3553;1348;289959;141681;47.9;23.4
37;2021-06-13;15;164;289974;141845;47.9;23.4
37;2021-06-14;2667;4039;292641;145884;48.3;24.1
37;2021-06-15;3900;4781;296541;150665;49.0;24.9
37;2021-06-16;3257;3602;299798;154267;49.5;25.5
37;2021-06-17;4010;4495;303808;158762;50.2;26.2
37;2021-06-18;4705;5069;308513;163831;51.0;27.1
37;2021-06-19;2519;1102;311032;164933;51.4;27.2
37;2021-06-20;9;183;311041;165116;51.4;27.3
37;2021-06-21;2419;3826;313460;168942;51.8;27.9
37;2021-06-22;2969;5009;316429;173951;52.3;28.7
37;2021-06-23;2628;3647;319057;177598;52.7;29.3
37;2021-06-24;2864;3546;321921;181144;53.2;29.9
37;2021-06-25;3309;4883;325230;186027;53.7;30.7
37;2021-06-26;1240;3086;326470;189113;53.9;31.2
37;2021-06-27;23;142;326493;189255;53.9;31.3
37;2021-06-28;1702;4511;328195;193766;54.2;32.0
37;2021-06-29;1903;6223;330098;199989;54.5;33.0
37;2021-06-30;1870;4441;331968;204430;54.8;33.8
37;2021-07-01;2127;4791;334095;209221;55.2;34.6
37;2021-07-02;2679;5593;336774;214814;55.6;35.5
37;2021-07-03;945;2138;337719;216952;55.8;35.8
37;2021-07-04;4;104;337723;217056;55.8;35.9
37;2021-07-05;1706;5144;339429;222200;56.1;36.7
37;2021-07-06;2003;6763;341432;228963;56.4;37.8
37;2021-07-07;1944;5460;343376;234423;56.7;38.7
37;2021-07-08;2462;6662;345838;241085;57.1;39.8
37;2021-07-09;1983;7638;347821;248723;57.5;41.1
37;2021-07-10;1013;2615;348834;251338;57.6;41.5
37;2021-07-11;26;96;348860;251434;57.6;41.5
37;2021-07-12;1132;5987;349992;257421;57.8;42.5
37;2021-07-13;1615;7823;351607;265244;58.1;43.8
37;2021-07-14;524;406;352131;265650;58.2;43.9
37;2021-07-15;2623;7499;354754;273149;58.6;45.1
37;2021-07-16;2757;7802;357511;280951;59.1;46.4
37;2021-07-17;1202;2446;358713;283397;59.3;46.8
37;2021-07-18;50;53;358763;283450;59.3;46.8
37;2021-07-19;1647;6130;360410;289580;59.5;47.8
37;2021-07-20;2908;7069;363318;296649;60.0;49.0
37;2021-07-21;2982;5784;366300;302433;60.5;50.0
37;2021-07-22;4051;6537;370351;308970;61.2;51.0
37;2021-07-23;3804;7106;374155;316076;61.8;52.2
37;2021-07-24;1774;3311;375929;319387;62.1;52.8
37;2021-07-25;65;77;375994;319464;62.1;52.8
37;2021-07-26;3238;4320;379232;323784;62.6;53.5
37;2021-07-27;4417;4956;383649;328740;63.4;54.3
37;2021-07-28;4124;3661;387773;332401;64.1;54.9
37;2021-07-29;5076;4191;392849;336592;64.9;55.6
37;2021-07-30;5225;4926;398074;341518;65.8;56.4
37;2021-07-31;1912;1843;399986;343361;66.1;56.7
37;2021-08-01;31;52;400017;343413;66.1;56.7
37;2021-08-02;3278;3284;403295;346697;66.6;57.3
37;2021-08-03;5251;3137;408546;349834;67.5;57.8
37;2021-08-04;4538;1924;413084;351758;68.2;58.1
37;2021-08-05;4771;2596;417855;354354;69.0;58.5
37;2021-08-06;4827;3299;422682;357653;69.8;59.1
37;2021-08-07;1623;1118;424305;358771;70.1;59.3
37;2021-08-08;33;174;424338;358945;70.1;59.3
37;2021-08-09;2417;2248;426755;361193;70.5;59.7
37;2021-08-10;3021;2633;429776;363826;71.0;60.1
37;2021-08-11;2094;2103;431870;365929;71.3;60.4
37;2021-08-12;2611;2681;434481;368610;71.8;60.9
37;2021-08-13;2454;2765;436935;371375;72.2;61.3
37;2021-08-14;751;811;437686;372186;72.3;61.5
37;2021-08-15;12;57;437698;372243;72.3;61.5
37;2021-08-16;1455;3154;439153;375397;72.5;62.0
37;2021-08-17;1786;3968;440939;379365;72.8;62.7
37;2021-08-18;1389;3132;442328;382497;73.1;63.2
37;2021-08-19;1575;3831;443903;386328;73.3;63.8
38;2020-12-27;1;0;1;0;0.0;0.0
38;2020-12-28;1;0;2;0;0.0;0.0
38;2020-12-29;0;0;2;0;0.0;0.0
38;2020-12-30;2;0;4;0;0.0;0.0
38;2020-12-31;5;0;9;0;0.0;0.0
38;2021-01-01;2;0;11;0;0.0;0.0
38;2021-01-02;1;0;12;0;0.0;0.0
38;2021-01-03;2;0;14;0;0.0;0.0
38;2021-01-04;162;0;176;0;0.0;0.0
38;2021-01-05;258;1;434;1;0.0;0.0
38;2021-01-06;364;0;798;1;0.1;0.0
38;2021-01-07;636;1;1434;2;0.1;0.0
38;2021-01-08;695;0;2129;2;0.2;0.0
38;2021-01-09;30;0;2159;2;0.2;0.0
38;2021-01-10;1;0;2160;2;0.2;0.0
38;2021-01-11;801;2;2961;4;0.2;0.0
38;2021-01-12;1470;4;4431;8;0.4;0.0
38;2021-01-13;1082;5;5513;13;0.4;0.0
38;2021-01-14;1681;15;7194;28;0.6;0.0
38;2021-01-15;1674;7;8868;35;0.7;0.0
38;2021-01-16;306;2;9174;37;0.7;0.0
38;2021-01-17;3;0;9177;37;0.7;0.0
38;2021-01-18;1177;4;10354;41;0.8;0.0
38;2021-01-19;2239;6;12593;47;1.0;0.0
38;2021-01-20;1882;4;14475;51;1.1;0.0
38;2021-01-21;1637;6;16112;57;1.3;0.0
38;2021-01-22;1400;9;17512;66;1.4;0.0
38;2021-01-23;379;3;17891;69;1.4;0.0
38;2021-01-24;1;0;17892;69;1.4;0.0
38;2021-01-25;790;107;18682;176;1.5;0.0
38;2021-01-26;855;182;19537;358;1.5;0.0
38;2021-01-27;1090;277;20627;635;1.6;0.1
38;2021-01-28;1172;476;21799;1111;1.7;0.1
38;2021-01-29;951;379;22750;1490;1.8;0.1
38;2021-01-30;304;1;23054;1491;1.8;0.1
38;2021-01-31;0;0;23054;1491;1.8;0.1
38;2021-02-01;701;599;23755;2090;1.9;0.2
38;2021-02-02;966;962;24721;3052;2.0;0.2
38;2021-02-03;1229;696;25950;3748;2.1;0.3
38;2021-02-04;1278;972;27228;4720;2.2;0.4
38;2021-02-05;1400;844;28628;5564;2.3;0.4
38;2021-02-06;187;95;28815;5659;2.3;0.4
38;2021-02-07;3;48;28818;5707;2.3;0.5
38;2021-02-08;861;794;29679;6501;2.3;0.5
38;2021-02-09;1538;1313;31217;7814;2.5;0.6
38;2021-02-10;1580;1285;32797;9099;2.6;0.7
38;2021-02-11;1870;1160;34667;10259;2.7;0.8
38;2021-02-12;1509;1124;36176;11383;2.9;0.9
38;2021-02-13;466;189;36642;11572;2.9;0.9
38;2021-02-14;1;7;36643;11579;2.9;0.9
38;2021-02-15;976;943;37619;12522;3.0;1.0
38;2021-02-16;1378;974;38997;13496;3.1;1.1
38;2021-02-17;1372;1066;40369;14562;3.2;1.2
38;2021-02-18;1789;1066;42158;15628;3.3;1.2
38;2021-02-19;1256;868;43414;16496;3.4;1.3
38;2021-02-20;469;311;43883;16807;3.5;1.3
38;2021-02-21;0;0;43883;16807;3.5;1.3
38;2021-02-22;1073;904;44956;17711;3.6;1.4
38;2021-02-23;1540;949;46496;18660;3.7;1.5
38;2021-02-24;1731;1132;48227;19792;3.8;1.6
38;2021-02-25;2497;1051;50724;20843;4.0;1.6
38;2021-02-26;3309;978;54033;21821;4.3;1.7
38;2021-02-27;1510;435;55543;22256;4.4;1.8
38;2021-02-28;33;2;55576;22258;4.4;1.8
38;2021-03-01;2507;781;58083;23039;4.6;1.8
38;2021-03-02;4047;1055;62130;24094;4.9;1.9
38;2021-03-03;3367;1240;65497;25334;5.2;2.0
38;2021-03-04;4485;1385;69982;26719;5.5;2.1
38;2021-03-05;5230;1201;75212;27920;5.9;2.2
38;2021-03-06;3042;270;78254;28190;6.2;2.2
38;2021-03-07;115;2;78369;28192;6.2;2.2
38;2021-03-08;2440;905;80809;29097;6.4;2.3
38;2021-03-09;4025;1307;84834;30404;6.7;2.4
38;2021-03-10;3503;1083;88337;31487;7.0;2.5
38;2021-03-11;5140;1515;93477;33002;7.4;2.6
38;2021-03-12;7090;1166;100567;34168;8.0;2.7
38;2021-03-13;3770;217;104337;34385;8.2;2.7
38;2021-03-14;544;14;104881;34399;8.3;2.7
38;2021-03-15;2700;1010;107581;35409;8.5;2.8
38;2021-03-16;2082;1360;109663;36769;8.7;2.9
38;2021-03-17;2027;1211;111690;37980;8.8;3.0
38;2021-03-18;2642;1362;114332;39342;9.0;3.1
38;2021-03-19;4008;1063;118340;40405;9.4;3.2
38;2021-03-20;1823;246;120163;40651;9.5;3.2
38;2021-03-21;130;8;120293;40659;9.5;3.2
38;2021-03-22;2865;1003;123158;41662;9.7;3.3
38;2021-03-23;4781;1489;127939;43151;10.1;3.4
38;2021-03-24;3711;1579;131650;44730;10.4;3.5
38;2021-03-25;5790;1536;137440;46266;10.9;3.7
38;2021-03-26;6600;1738;144040;48004;11.4;3.8
38;2021-03-27;2512;761;146552;48765;11.6;3.9
38;2021-03-28;925;45;147477;48810;11.7;3.9
38;2021-03-29;2679;1844;150156;50654;11.9;4.0
38;2021-03-30;4566;2537;154722;53191;12.2;4.2
38;2021-03-31;3662;2225;158384;55416;12.5;4.4
38;2021-04-01;5129;2516;163513;57932;12.9;4.6
38;2021-04-02;3872;2529;167385;60461;13.2;4.8
38;2021-04-03;1418;941;168803;61402;13.3;4.9
38;2021-04-04;430;45;169233;61447;13.4;4.9
38;2021-04-05;2174;345;171407;61792;13.6;4.9
38;2021-04-06;4346;2395;175753;64187;13.9;5.1
38;2021-04-07;4416;2735;180169;66922;14.2;5.3
38;2021-04-08;5648;2661;185817;69583;14.7;5.5
38;2021-04-09;8559;2727;194376;72310;15.4;5.7
38;2021-04-10;3600;1477;197976;73787;15.7;5.8
38;2021-04-11;1048;100;199024;73887;15.7;5.8
38;2021-04-12;4196;2251;203220;76138;16.1;6.0
38;2021-04-13;6122;2463;209342;78601;16.5;6.2
38;2021-04-14;5119;2460;214461;81061;17.0;6.4
38;2021-04-15;6363;2763;220824;83824;17.5;6.6
38;2021-04-16;6215;2730;227039;86554;17.9;6.8
38;2021-04-17;2587;993;229626;87547;18.2;6.9
38;2021-04-18;1333;72;230959;87619;18.3;6.9
38;2021-04-19;3945;2836;234904;90455;18.6;7.2
38;2021-04-20;5421;2851;240325;93306;19.0;7.4
38;2021-04-21;4979;2706;245304;96012;19.4;7.6
38;2021-04-22;5782;2830;251086;98842;19.8;7.8
38;2021-04-23;6035;2815;257121;101657;20.3;8.0
38;2021-04-24;2665;1347;259786;103004;20.5;8.1
38;2021-04-25;803;591;260589;103595;20.6;8.2
38;2021-04-26;4486;2469;265075;106064;21.0;8.4
38;2021-04-27;6042;2730;271117;108794;21.4;8.6
38;2021-04-28;6194;2508;277311;111302;21.9;8.8
38;2021-04-29;8328;3072;285639;114374;22.6;9.0
38;2021-04-30;7672;4056;293311;118430;23.2;9.4
38;2021-05-01;1541;198;294852;118628;23.3;9.4
38;2021-05-02;844;72;295696;118700;23.4;9.4
38;2021-05-03;5298;3592;300994;122292;23.8;9.7
38;2021-05-04;6192;5076;307186;127368;24.3;10.1
38;2021-05-05;6065;4610;313251;131978;24.8;10.4
38;2021-05-06;6713;5319;319964;137297;25.3;10.9
38;2021-05-07;7275;6441;327239;143738;25.9;11.4
38;2021-05-08;3764;717;331003;144455;26.2;11.4
38;2021-05-09;2850;1928;333853;146383;26.4;11.6
38;2021-05-10;6151;5305;340004;151688;26.9;12.0
38;2021-05-11;8223;6025;348227;157713;27.5;12.5
38;2021-05-12;9050;4704;357277;162417;28.2;12.8
38;2021-05-13;6635;1409;363912;163826;28.8;13.0
38;2021-05-14;9564;3420;373476;167246;29.5;13.2
38;2021-05-15;6860;1457;380336;168703;30.1;13.3
38;2021-05-16;5474;652;385810;169355;30.5;13.4
38;2021-05-17;7668;3006;393478;172361;31.1;13.6
38;2021-05-18;8623;4037;402101;176398;31.8;13.9
38;2021-05-19;8157;3342;410258;179740;32.4;14.2
38;2021-05-20;8974;4493;419232;184233;33.1;14.6
38;2021-05-21;9959;4585;429191;188818;33.9;14.9
38;2021-05-22;7452;1907;436643;190725;34.5;15.1
38;2021-05-23;5585;577;442228;191302;35.0;15.1
38;2021-05-24;7499;1621;449727;192923;35.6;15.3
38;2021-05-25;9544;4852;459271;197775;36.3;15.6
38;2021-05-26;8114;4724;467385;202499;36.9;16.0
38;2021-05-27;9130;5657;476515;208156;37.7;16.5
38;2021-05-28;8786;6503;485301;214659;38.4;17.0
38;2021-05-29;5820;3261;491121;217920;38.8;17.2
38;2021-05-30;2690;1593;493811;219513;39.0;17.4
38;2021-05-31;8272;5136;502083;224649;39.7;17.8
38;2021-06-01;7963;6438;510046;231087;40.3;18.3
38;2021-06-02;7141;5624;517187;236711;40.9;18.7
38;2021-06-03;7392;6838;524579;243549;41.5;19.3
38;2021-06-04;8122;7609;532701;251158;42.1;19.9
38;2021-06-05;5794;3945;538495;255103;42.6;20.2
38;2021-06-06;2509;1462;541004;256565;42.8;20.3
38;2021-06-07;5553;6874;546557;263439;43.2;20.8
38;2021-06-08;5875;7533;552432;270972;43.7;21.4
38;2021-06-09;5048;6470;557480;277442;44.1;21.9
38;2021-06-10;5425;6792;562905;284234;44.5;22.5
38;2021-06-11;5886;7787;568791;292021;45.0;23.1
38;2021-06-12;3949;3258;572740;295279;45.3;23.3
38;2021-06-13;1255;1297;573995;296576;45.4;23.4
38;2021-06-14;3872;7666;577867;304242;45.7;24.1
38;2021-06-15;5241;8149;583108;312391;46.1;24.7
38;2021-06-16;5125;7409;588233;319800;46.5;25.3
38;2021-06-17;4523;7059;592756;326859;46.9;25.8
38;2021-06-18;6169;9230;598925;336089;47.3;26.6
38;2021-06-19;3596;4968;602521;341057;47.6;27.0
38;2021-06-20;1037;2901;603558;343958;47.7;27.2
38;2021-06-21;3748;8707;607306;352665;48.0;27.9
38;2021-06-22;3790;10106;611096;362771;48.3;28.7
38;2021-06-23;3153;9547;614249;372318;48.6;29.4
38;2021-06-24;3381;8588;617630;380906;48.8;30.1
38;2021-06-25;3782;11495;621412;392401;49.1;31.0
38;2021-06-26;2228;7852;623640;400253;49.3;31.6
38;2021-06-27;1097;4357;624737;404610;49.4;32.0
38;2021-06-28;2949;10302;627686;414912;49.6;32.8
38;2021-06-29;3786;10443;631472;425355;49.9;33.6
38;2021-06-30;4058;9939;635530;435294;50.2;34.4
38;2021-07-01;3534;9012;639064;444306;50.5;35.1
38;2021-07-02;3725;11614;642789;455920;50.8;36.0
38;2021-07-03;1736;8786;644525;464706;51.0;36.7
38;2021-07-04;1242;3205;645767;467911;51.0;37.0
38;2021-07-05;3060;10545;648827;478456;51.3;37.8
38;2021-07-06;3420;10235;652247;488691;51.6;38.6
38;2021-07-07;3529;9396;655776;498087;51.8;39.4
38;2021-07-08;3494;8226;659270;506313;52.1;40.0
38;2021-07-09;3890;10740;663160;517053;52.4;40.9
38;2021-07-10;2395;7802;665555;524855;52.6;41.5
38;2021-07-11;778;2026;666333;526881;52.7;41.7
38;2021-07-12;3470;10673;669803;537554;52.9;42.5
38;2021-07-13;6587;10924;676390;548478;53.5;43.4
38;2021-07-14;4665;3334;681055;551812;53.8;43.6
38;2021-07-15;8726;9662;689781;561474;54.5;44.4
38;2021-07-16;8739;10692;698520;572166;55.2;45.2
38;2021-07-17;4712;7474;703232;579640;55.6;45.8
38;2021-07-18;2570;2489;705802;582129;55.8;46.0
38;2021-07-19;5812;9213;711614;591342;56.3;46.7
38;2021-07-20;6263;8296;717877;599638;56.8;47.4
38;2021-07-21;7846;8018;725723;607656;57.4;48.0
38;2021-07-22;7589;6994;733312;614650;58.0;48.6
38;2021-07-23;8920;9030;742232;623680;58.7;49.3
38;2021-07-24;5559;5525;747791;629205;59.1;49.7
38;2021-07-25;2843;1650;750634;630855;59.3;49.9
38;2021-07-26;7845;7494;758479;638349;60.0;50.5
38;2021-07-27;7583;6260;766062;644609;60.6;51.0
38;2021-07-28;8575;5698;774637;650307;61.2;51.4
38;2021-07-29;7624;4682;782261;654989;61.8;51.8
38;2021-07-30;7660;6640;789921;661629;62.4;52.3
38;2021-07-31;4282;3593;794203;665222;62.8;52.6
38;2021-08-01;1247;1080;795450;666302;62.9;52.7
38;2021-08-02;3888;4445;799338;670747;63.2;53.0
38;2021-08-03;4527;4546;803865;675293;63.5;53.4
38;2021-08-04;4576;4345;808441;679638;63.9;53.7
38;2021-08-05;3671;4635;812112;684273;64.2;54.1
38;2021-08-06;4082;5941;816194;690214;64.5;54.6
38;2021-08-07;2273;3527;818467;693741;64.7;54.8
38;2021-08-08;775;2014;819242;695755;64.8;55.0
38;2021-08-09;3577;5565;822819;701320;65.0;55.4
38;2021-08-10;4820;6242;827639;707562;65.4;55.9
38;2021-08-11;3905;4650;831544;712212;65.7;56.3
38;2021-08-12;3341;4596;834885;716808;66.0;56.7
38;2021-08-13;4077;6017;838962;722825;66.3;57.1
38;2021-08-14;1727;4012;840689;726837;66.5;57.5
38;2021-08-15;526;1917;841215;728754;66.5;57.6
38;2021-08-16;2941;7912;844156;736666;66.7;58.2
38;2021-08-17;3385;5942;847541;742608;67.0;58.7
38;2021-08-18;2941;7130;850482;749738;67.2;59.3
38;2021-08-19;2518;4792;853000;754530;67.4;59.6
39;2020-12-27;0;0;0;0;0.0;0.0
39;2020-12-28;0;0;0;0;0.0;0.0
39;2020-12-29;0;0;0;0;0.0;0.0
39;2020-12-30;0;0;0;0;0.0;0.0
39;2020-12-31;0;0;0;0;0.0;0.0
39;2021-01-01;0;0;0;0;0.0;0.0
39;2021-01-02;0;0;0;0;0.0;0.0
39;2021-01-03;0;0;0;0;0.0;0.0
39;2021-01-04;3;0;3;0;0.0;0.0
39;2021-01-05;3;0;6;0;0.0;0.0
39;2021-01-06;57;3;63;3;0.0;0.0
39;2021-01-07;332;2;395;5;0.2;0.0
39;2021-01-08;658;2;1053;7;0.4;0.0
39;2021-01-09;169;0;1222;7;0.5;0.0
39;2021-01-10;1;0;1223;7;0.5;0.0
39;2021-01-11;476;1;1699;8;0.7;0.0
39;2021-01-12;431;1;2130;9;0.8;0.0
39;2021-01-13;408;2;2538;11;1.0;0.0
39;2021-01-14;574;3;3112;14;1.2;0.0
39;2021-01-15;470;1;3582;15;1.4;0.0
39;2021-01-16;141;1;3723;16;1.4;0.0
39;2021-01-17;0;1;3723;17;1.4;0.0
39;2021-01-18;924;7;4647;24;1.8;0.0
39;2021-01-19;1181;7;5828;31;2.3;0.0
39;2021-01-20;906;4;6734;35;2.6;0.0
39;2021-01-21;1178;2;7912;37;3.1;0.0
39;2021-01-22;985;2;8897;39;3.5;0.0
39;2021-01-23;383;1;9280;40;3.6;0.0
39;2021-01-24;0;0;9280;40;3.6;0.0
39;2021-01-25;642;2;9922;42;3.8;0.0
39;2021-01-26;1120;12;11042;54;4.3;0.0
39;2021-01-27;925;17;11967;71;4.6;0.0
39;2021-01-28;740;244;12707;315;4.9;0.1
39;2021-01-29;582;422;13289;737;5.2;0.3
39;2021-01-30;265;109;13554;846;5.3;0.3
39;2021-01-31;1;0;13555;846;5.3;0.3
39;2021-02-01;562;262;14117;1108;5.5;0.4
39;2021-02-02;753;322;14870;1430;5.8;0.6
39;2021-02-03;531;516;15401;1946;6.0;0.8
39;2021-02-04;553;462;15954;2408;6.2;0.9
39;2021-02-05;439;431;16393;2839;6.4;1.1
39;2021-02-06;265;110;16658;2949;6.5;1.1
39;2021-02-07;0;1;16658;2950;6.5;1.1
39;2021-02-08;321;372;16979;3322;6.6;1.3
39;2021-02-09;383;485;17362;3807;6.7;1.5
39;2021-02-10;252;338;17614;4145;6.8;1.6
39;2021-02-11;586;513;18200;4658;7.1;1.8
39;2021-02-12;386;417;18586;5075;7.2;2.0
39;2021-02-13;99;69;18685;5144;7.2;2.0
39;2021-02-14;0;0;18685;5144;7.2;2.0
39;2021-02-15;99;756;18784;5900;7.3;2.3
39;2021-02-16;99;911;18883;6811;7.3;2.6
39;2021-02-17;58;694;18941;7505;7.3;2.9
39;2021-02-18;109;858;19050;8363;7.4;3.2
39;2021-02-19;100;485;19150;8848;7.4;3.4
39;2021-02-20;18;364;19168;9212;7.4;3.6
39;2021-02-21;0;0;19168;9212;7.4;3.6
39;2021-02-22;100;730;19268;9942;7.5;3.9
39;2021-02-23;4;764;19272;10706;7.5;4.2
39;2021-02-24;125;872;19397;11578;7.5;4.5
39;2021-02-25;214;749;19611;12327;7.6;4.8
39;2021-02-26;218;468;19829;12795;7.7;5.0
39;2021-02-27;169;299;19998;13094;7.8;5.1
39;2021-02-28;1;0;19999;13094;7.8;5.1
39;2021-03-01;218;639;20217;13733;7.8;5.3
39;2021-03-02;329;827;20546;14560;8.0;5.6
39;2021-03-03;600;530;21146;15090;8.2;5.9
39;2021-03-04;658;475;21804;15565;8.5;6.0
39;2021-03-05;670;330;22474;15895;8.7;6.2
39;2021-03-06;777;248;23251;16143;9.0;6.3
39;2021-03-07;242;83;23493;16226;9.1;6.3
39;2021-03-08;286;445;23779;16671;9.2;6.5
39;2021-03-09;843;460;24622;17131;9.5;6.6
39;2021-03-10;985;337;25607;17468;9.9;6.8
39;2021-03-11;829;462;26436;17930;10.3;7.0
39;2021-03-12;806;291;27242;18221;10.6;7.1
39;2021-03-13;788;103;28030;18324;10.9;7.1
39;2021-03-14;35;10;28065;18334;10.9;7.1
39;2021-03-15;512;101;28577;18435;11.1;7.1
39;2021-03-16;555;69;29132;18504;11.3;7.2
39;2021-03-17;612;56;29744;18560;11.5;7.2
39;2021-03-18;597;71;30341;18631;11.8;7.2
39;2021-03-19;393;72;30734;18703;11.9;7.3
39;2021-03-20;311;10;31045;18713;12.0;7.3
39;2021-03-21;3;0;31048;18713;12.0;7.3
39;2021-03-22;754;117;31802;18830;12.3;7.3
39;2021-03-23;1130;44;32932;18874;12.8;7.3
39;2021-03-24;1178;97;34110;18971;13.2;7.4
39;2021-03-25;2041;128;36151;19099;14.0;7.4
39;2021-03-26;798;114;36949;19213;14.3;7.5
39;2021-03-27;345;6;37294;19219;14.5;7.5
39;2021-03-28;36;4;37330;19223;14.5;7.5
39;2021-03-29;1036;194;38366;19417;14.9;7.5
39;2021-03-30;1400;267;39766;19684;15.4;7.6
39;2021-03-31;657;524;40423;20208;15.7;7.8
39;2021-04-01;1310;316;41733;20524;16.2;8.0
39;2021-04-02;626;131;42359;20655;16.4;8.0
39;2021-04-03;180;7;42539;20662;16.5;8.0
39;2021-04-04;4;1;42543;20663;16.5;8.0
39;2021-04-05;1;0;42544;20663;16.5;8.0
39;2021-04-06;824;632;43368;21295;16.8;8.3
39;2021-04-07;1131;678;44499;21973;17.3;8.5
39;2021-04-08;1790;578;46289;22551;18.0;8.7
39;2021-04-09;1676;291;47965;22842;18.6;8.9
39;2021-04-10;346;183;48311;23025;18.7;8.9
39;2021-04-11;2;0;48313;23025;18.7;8.9
39;2021-04-12;680;397;48993;23422;19.0;9.1
39;2021-04-13;1200;581;50193;24003;19.5;9.3
39;2021-04-14;845;638;51038;24641;19.8;9.6
39;2021-04-15;1481;715;52519;25356;20.4;9.8
39;2021-04-16;1090;175;53609;25531;20.8;9.9
39;2021-04-17;197;60;53806;25591;20.9;9.9
39;2021-04-18;0;0;53806;25591;20.9;9.9
39;2021-04-19;524;699;54330;26290;21.1;10.2
39;2021-04-20;766;545;55096;26835;21.4;10.4
39;2021-04-21;1142;721;56238;27556;21.8;10.7
39;2021-04-22;1012;1132;57250;28688;22.2;11.1
39;2021-04-23;457;358;57707;29046;22.4;11.3
39;2021-04-24;276;149;57983;29195;22.5;11.3
39;2021-04-25;12;2;57995;29197;22.5;11.3
39;2021-04-26;568;1039;58563;30236;22.7;11.7
39;2021-04-27;788;982;59351;31218;23.0;12.1
39;2021-04-28;1719;417;61070;31635;23.7;12.3
39;2021-04-29;2571;972;63641;32607;24.7;12.6
39;2021-04-30;2473;393;66114;33000;25.6;12.8
39;2021-05-01;41;53;66155;33053;25.7;12.8
39;2021-05-02;0;0;66155;33053;25.7;12.8
39;2021-05-03;917;806;67072;33859;26.0;13.1
39;2021-05-04;949;1128;68021;34987;26.4;13.6
39;2021-05-05;1953;888;69974;35875;27.1;13.9
39;2021-05-06;2424;1343;72398;37218;28.1;14.4
39;2021-05-07;1286;573;73684;37791;28.6;14.7
39;2021-05-08;179;55;73863;37846;28.6;14.7
39;2021-05-09;10;8;73873;37854;28.6;14.7
39;2021-05-10;1761;847;75634;38701;29.3;15.0
39;2021-05-11;1775;1514;77409;40215;30.0;15.6
39;2021-05-12;1809;1494;79218;41709;30.7;16.2
39;2021-05-13;246;23;79464;41732;30.8;16.2
39;2021-05-14;2392;333;81856;42065;31.7;16.3
39;2021-05-15;1848;257;83704;42322;32.5;16.4
39;2021-05-16;0;0;83704;42322;32.5;16.4
39;2021-05-17;1988;726;85692;43048;33.2;16.7
39;2021-05-18;1692;1183;87384;44231;33.9;17.2
39;2021-05-19;2496;557;89880;44788;34.9;17.4
39;2021-05-20;2465;755;92345;45543;35.8;17.7
39;2021-05-21;1799;564;94144;46107;36.5;17.9
39;2021-05-22;322;219;94466;46326;36.6;18.0
39;2021-05-23;7;36;94473;46362;36.6;18.0
39;2021-05-24;8;28;94481;46390;36.6;18.0
39;2021-05-25;1726;1202;96207;47592;37.3;18.5
39;2021-05-26;1643;1379;97850;48971;37.9;19.0
39;2021-05-27;1486;1623;99336;50594;38.5;19.6
39;2021-05-28;856;1219;100192;51813;38.9;20.1
39;2021-05-29;261;276;100453;52089;39.0;20.2
39;2021-05-30;2;40;100455;52129;39.0;20.2
39;2021-05-31;1626;1247;102081;53376;39.6;20.7
39;2021-06-01;1895;1319;103976;54695;40.3;21.2
39;2021-06-02;1706;1175;105682;55870;41.0;21.7
39;2021-06-03;1326;1160;107008;57030;41.5;22.1
39;2021-06-04;941;1070;107949;58100;41.9;22.5
39;2021-06-05;766;516;108715;58616;42.2;22.7
39;2021-06-06;1;36;108716;58652;42.2;22.7
39;2021-06-07;2105;914;110821;59566;43.0;23.1
39;2021-06-08;2211;1155;113032;60721;43.8;23.5
39;2021-06-09;1732;1244;114764;61965;44.5;24.0
39;2021-06-10;1617;2082;116381;64047;45.1;24.8
39;2021-06-11;1568;1271;117949;65318;45.7;25.3
39;2021-06-12;1264;348;119213;65666;46.2;25.5
39;2021-06-13;11;18;119224;65684;46.2;25.5
39;2021-06-14;1337;1895;120561;67579;46.8;26.2
39;2021-06-15;1388;1258;121949;68837;47.3;26.7
39;2021-06-16;1171;1539;123120;70376;47.7;27.3
39;2021-06-17;1044;1716;124164;72092;48.2;28.0
39;2021-06-18;1637;1178;125801;73270;48.8;28.4
39;2021-06-19;249;412;126050;73682;48.9;28.6
39;2021-06-20;2;18;126052;73700;48.9;28.6
39;2021-06-21;351;2494;126403;76194;49.0;29.5
39;2021-06-22;814;2293;127217;78487;49.3;30.4
39;2021-06-23;1199;1301;128416;79788;49.8;30.9
39;2021-06-24;736;1048;129152;80836;50.1;31.4
39;2021-06-25;680;2963;129832;83799;50.4;32.5
39;2021-06-26;205;1564;130037;85363;50.4;33.1
39;2021-06-27;0;0;130037;85363;50.4;33.1
39;2021-06-28;304;2745;130341;88108;50.5;34.2
39;2021-06-29;498;2697;130839;90805;50.7;35.2
39;2021-06-30;898;2422;131737;93227;51.1;36.2
39;2021-07-01;644;1938;132381;95165;51.3;36.9
39;2021-07-02;1111;1406;133492;96571;51.8;37.5
39;2021-07-03;553;524;134045;97095;52.0;37.7
39;2021-07-04;1;2;134046;97097;52.0;37.7
39;2021-07-05;602;2589;134648;99686;52.2;38.7
39;2021-07-06;837;1887;135485;101573;52.5;39.4
39;2021-07-07;588;1389;136073;102962;52.8;39.9
39;2021-07-08;697;906;136770;103868;53.0;40.3
39;2021-07-09;1080;1585;137850;105453;53.5;40.9
39;2021-07-10;738;476;138588;105929;53.7;41.1
39;2021-07-11;28;8;138616;105937;53.8;41.1
39;2021-07-12;573;2596;139189;108533;54.0;42.1
39;2021-07-13;1635;2657;140824;111190;54.6;43.1
39;2021-07-14;16;21;140840;111211;54.6;43.1
39;2021-07-15;1903;1838;142743;113049;55.4;43.8
39;2021-07-16;3227;2039;145970;115088;56.6;44.6
39;2021-07-17;2225;1161;148195;116249;57.5;45.1
39;2021-07-18;164;52;148359;116301;57.5;45.1
39;2021-07-19;1401;2958;149760;119259;58.1;46.3
39;2021-07-20;1841;2812;151601;122071;58.8;47.3
39;2021-07-21;2586;2579;154187;124650;59.8;48.3
39;2021-07-22;1934;1839;156121;126489;60.5;49.1
39;2021-07-23;1810;1926;157931;128415;61.2;49.8
39;2021-07-24;1398;1427;159329;129842;61.8;50.4
39;2021-07-25;0;1;159329;129843;61.8;50.4
39;2021-07-26;1317;1997;160646;131840;62.3;51.1
39;2021-07-27;2334;1900;162980;133740;63.2;51.9
39;2021-07-28;2683;1472;165663;135212;64.2;52.4
39;2021-07-29;2193;1739;167856;136951;65.1;53.1
39;2021-07-30;2031;1467;169887;138418;65.9;53.7
39;2021-07-31;1362;656;171249;139074;66.4;53.9
39;2021-08-01;10;18;171259;139092;66.4;53.9
39;2021-08-02;1202;1400;172461;140492;66.9;54.5
39;2021-08-03;1911;1489;174372;141981;67.6;55.1
39;2021-08-04;1042;660;175414;142641;68.0;55.3
39;2021-08-05;1232;732;176646;143373;68.5;55.6
39;2021-08-06;1376;2289;178022;145662;69.0;56.5
39;2021-08-07;1060;1210;179082;146872;69.5;57.0
39;2021-08-08;26;10;179108;146882;69.5;57.0
39;2021-08-09;435;302;179543;147184;69.6;57.1
39;2021-08-10;1228;929;180771;148113;70.1;57.4
39;2021-08-11;894;1530;181665;149643;70.5;58.0
39;2021-08-12;1584;2164;183249;151807;71.1;58.9
39;2021-08-13;1324;2117;184573;153924;71.6;59.7
39;2021-08-14;356;1104;184929;155028;71.7;60.1
39;2021-08-15;0;1;184929;155029;71.7;60.1
39;2021-08-16;486;735;185415;155764;71.9;60.4
39;2021-08-17;569;1436;185984;157200;72.1;61.0
39;2021-08-18;858;1726;186842;158926;72.5;61.6
39;2021-08-19;898;1583;187740;160509;72.8;62.2
40;2020-12-27;0;0;0;0;0.0;0.0
40;2020-12-28;0;0;0;0;0.0;0.0
40;2020-12-29;0;0;0;0;0.0;0.0
40;2020-12-30;0;0;0;0;0.0;0.0
40;2020-12-31;1;0;1;0;0.0;0.0
40;2021-01-01;0;0;1;0;0.0;0.0
40;2021-01-02;0;0;1;0;0.0;0.0
40;2021-01-03;0;0;1;0;0.0;0.0
40;2021-01-04;0;0;1;0;0.0;0.0
40;2021-01-05;0;0;1;0;0.0;0.0
40;2021-01-06;1;0;2;0;0.0;0.0
40;2021-01-07;212;0;214;0;0.1;0.0
40;2021-01-08;392;2;606;2;0.1;0.0
40;2021-01-09;0;0;606;2;0.1;0.0
40;2021-01-10;1;0;607;2;0.1;0.0
40;2021-01-11;111;0;718;2;0.2;0.0
40;2021-01-12;0;0;718;2;0.2;0.0
40;2021-01-13;681;1;1399;3;0.3;0.0
40;2021-01-14;901;5;2300;8;0.6;0.0
40;2021-01-15;811;3;3111;11;0.8;0.0
40;2021-01-16;157;0;3268;11;0.8;0.0
40;2021-01-17;1;1;3269;12;0.8;0.0
40;2021-01-18;402;0;3671;12;0.9;0.0
40;2021-01-19;1204;3;4875;15;1.2;0.0
40;2021-01-20;879;2;5754;17;1.4;0.0
40;2021-01-21;1266;5;7020;22;1.7;0.0
40;2021-01-22;809;2;7829;24;1.9;0.0
40;2021-01-23;288;0;8117;24;2.0;0.0
40;2021-01-24;2;0;8119;24;2.0;0.0
40;2021-01-25;393;1;8512;25;2.1;0.0
40;2021-01-26;803;6;9315;31;2.3;0.0
40;2021-01-27;1118;12;10433;43;2.5;0.0
40;2021-01-28;706;112;11139;155;2.7;0.0
40;2021-01-29;600;228;11739;383;2.8;0.1
40;2021-01-30;235;3;11974;386;2.9;0.1
40;2021-01-31;1;0;11975;386;2.9;0.1
40;2021-02-01;358;131;12333;517;3.0;0.1
40;2021-02-02;923;52;13256;569;3.2;0.1
40;2021-02-03;894;298;14150;867;3.4;0.2
40;2021-02-04;1059;601;15209;1468;3.7;0.4
40;2021-02-05;793;421;16002;1889;3.9;0.5
40;2021-02-06;380;84;16382;1973;4.0;0.5
40;2021-02-07;10;0;16392;1973;4.0;0.5
40;2021-02-08;372;121;16764;2094;4.1;0.5
40;2021-02-09;809;541;17573;2635;4.3;0.6
40;2021-02-10;749;470;18322;3105;4.4;0.8
40;2021-02-11;739;682;19061;3787;4.6;0.9
40;2021-02-12;628;642;19689;4429;4.8;1.1
40;2021-02-13;400;95;20089;4524;4.9;1.1
40;2021-02-14;0;0;20089;4524;4.9;1.1
40;2021-02-15;48;386;20137;4910;4.9;1.2
40;2021-02-16;285;599;20422;5509;5.0;1.3
40;2021-02-17;360;893;20782;6402;5.0;1.6
40;2021-02-18;382;695;21164;7097;5.1;1.7
40;2021-02-19;144;644;21308;7741;5.2;1.9
40;2021-02-20;39;95;21347;7836;5.2;1.9
40;2021-02-21;1;66;21348;7902;5.2;1.9
40;2021-02-22;53;563;21401;8465;5.2;2.1
40;2021-02-23;179;835;21580;9300;5.2;2.3
40;2021-02-24;283;686;21863;9986;5.3;2.4
40;2021-02-25;727;991;22590;10977;5.5;2.7
40;2021-02-26;655;635;23245;11612;5.6;2.8
40;2021-02-27;384;101;23629;11713;5.7;2.8
40;2021-02-28;2;0;23631;11713;5.7;2.8
40;2021-03-01;418;507;24049;12220;5.8;3.0
40;2021-03-02;734;1040;24783;13260;6.0;3.2
40;2021-03-03;933;909;25716;14169;6.2;3.4
40;2021-03-04;1319;823;27035;14992;6.6;3.6
40;2021-03-05;1230;742;28265;15734;6.9;3.8
40;2021-03-06;866;391;29131;16125;7.1;3.9
40;2021-03-07;92;9;29223;16134;7.1;3.9
40;2021-03-08;838;501;30061;16635;7.3;4.0
40;2021-03-09;1505;643;31566;17278;7.7;4.2
40;2021-03-10;1749;710;33315;17988;8.1;4.4
40;2021-03-11;1985;694;35300;18682;8.6;4.5
40;2021-03-12;2049;548;37349;19230;9.1;4.7
40;2021-03-13;973;255;38322;19485;9.3;4.7
40;2021-03-14;98;0;38420;19485;9.3;4.7
40;2021-03-15;924;88;39344;19573;9.6;4.8
40;2021-03-16;986;271;40330;19844;9.8;4.8
40;2021-03-17;1576;346;41906;20190;10.2;4.9
40;2021-03-18;1560;338;43466;20528;10.6;5.0
40;2021-03-19;1808;144;45274;20672;11.0;5.0
40;2021-03-20;706;14;45980;20686;11.2;5.0
40;2021-03-21;52;1;46032;20687;11.2;5.0
40;2021-03-22;1174;35;47206;20722;11.5;5.0
40;2021-03-23;2324;165;49530;20887;12.0;5.1
40;2021-03-24;2325;231;51855;21118;12.6;5.1
40;2021-03-25;2767;378;54622;21496;13.3;5.2
40;2021-03-26;3121;209;57743;21705;14.0;5.3
40;2021-03-27;923;47;58666;21752;14.2;5.3
40;2021-03-28;178;47;58844;21799;14.3;5.3
40;2021-03-29;1153;381;59997;22180;14.6;5.4
40;2021-03-30;2299;389;62296;22569;15.1;5.5
40;2021-03-31;1999;302;64295;22871;15.6;5.6
40;2021-04-01;2409;330;66704;23201;16.2;5.6
40;2021-04-02;2362;218;69066;23419;16.8;5.7
40;2021-04-03;743;120;69809;23539;16.9;5.7
40;2021-04-04;362;8;70171;23547;17.0;5.7
40;2021-04-05;523;40;70694;23587;17.2;5.7
40;2021-04-06;2096;809;72790;24396;17.7;5.9
40;2021-04-07;2665;873;75455;25269;18.3;6.1
40;2021-04-08;3060;897;78515;26166;19.1;6.4
40;2021-04-09;3826;604;82341;26770;20.0;6.5
40;2021-04-10;1598;341;83939;27111;20.4;6.6
40;2021-04-11;51;6;83990;27117;20.4;6.6
40;2021-04-12;2177;734;86167;27851;20.9;6.8
40;2021-04-13;2568;1089;88735;28940;21.5;7.0
40;2021-04-14;2571;1375;91306;30315;22.2;7.4
40;2021-04-15;2985;1507;94291;31822;22.9;7.7
40;2021-04-16;2877;1184;97168;33006;23.6;8.0
40;2021-04-17;1464;348;98632;33354;23.9;8.1
40;2021-04-18;57;24;98689;33378;24.0;8.1
40;2021-04-19;1058;1021;99747;34399;24.2;8.3
40;2021-04-20;1621;1743;101368;36142;24.6;8.8
40;2021-04-21;1777;1738;103145;37880;25.0;9.2
40;2021-04-22;2113;1775;105258;39655;25.5;9.6
40;2021-04-23;2162;1397;107420;41052;26.1;10.0
40;2021-04-24;1327;621;108747;41673;26.4;10.1
40;2021-04-25;37;57;108784;41730;26.4;10.1
40;2021-04-26;1251;1136;110035;42866;26.7;10.4
40;2021-04-27;1487;2033;111522;44899;27.1;10.9
40;2021-04-28;2051;1370;113573;46269;27.6;11.2
40;2021-04-29;2608;1898;116181;48167;28.2;11.7
40;2021-04-30;2699;1617;118880;49784;28.9;12.1
40;2021-05-01;1229;782;120109;50566;29.2;12.3
40;2021-05-02;143;322;120252;50888;29.2;12.4
40;2021-05-03;1857;1501;122109;52389;29.6;12.7
40;2021-05-04;1883;2466;123992;54855;30.1;13.3
40;2021-05-05;2188;2668;126180;57523;30.6;14.0
40;2021-05-06;2237;2863;128417;60386;31.2;14.7
40;2021-05-07;1904;3003;130321;63389;31.6;15.4
40;2021-05-08;675;468;130996;63857;31.8;15.5
40;2021-05-09;316;21;131312;63878;31.9;15.5
40;2021-05-10;1399;2054;132711;65932;32.2;16.0
40;2021-05-11;2197;2510;134908;68442;32.7;16.6
40;2021-05-12;2731;1944;137639;70386;33.4;17.1
40;2021-05-13;1984;514;139623;70900;33.9;17.2
40;2021-05-14;2325;1657;141948;72557;34.5;17.6
40;2021-05-15;1340;963;143288;73520;34.8;17.8
40;2021-05-16;434;24;143722;73544;34.9;17.9
40;2021-05-17;2120;1313;145842;74857;35.4;18.2
40;2021-05-18;2509;1417;148351;76274;36.0;18.5
40;2021-05-19;2956;1106;151307;77380;36.7;18.8
40;2021-05-20;3585;1163;154892;78543;37.6;19.1
40;2021-05-21;2925;1331;157817;79874;38.3;19.4
40;2021-05-22;1146;796;158963;80670;38.6;19.6
40;2021-05-23;631;29;159594;80699;38.7;19.6
40;2021-05-24;1212;332;160806;81031;39.0;19.7
40;2021-05-25;2168;1307;162974;82338;39.6;20.0
40;2021-05-26;2615;1562;165589;83900;40.2;20.4
40;2021-05-27;2733;2010;168322;85910;40.9;20.9
40;2021-05-28;2568;2275;170890;88185;41.5;21.4
40;2021-05-29;1558;1256;172448;89441;41.9;21.7
40;2021-05-30;3;52;172451;89493;41.9;21.7
40;2021-05-31;2566;1209;175017;90702;42.5;22.0
40;2021-06-01;3011;1771;178028;92473;43.2;22.4
40;2021-06-02;3173;1990;181201;94463;44.0;22.9
40;2021-06-03;3592;2337;184793;96800;44.9;23.5
40;2021-06-04;3016;2805;187809;99605;45.6;24.2
40;2021-06-05;1779;1396;189588;101001;46.0;24.5
40;2021-06-06;459;79;190047;101080;46.1;24.5
40;2021-06-07;2184;2026;192231;103106;46.7;25.0
40;2021-06-08;2953;2102;195184;105208;47.4;25.5
40;2021-06-09;3215;2268;198399;107476;48.2;26.1
40;2021-06-10;2995;2097;201394;109573;48.9;26.6
40;2021-06-11;3140;2798;204534;112371;49.6;27.3
40;2021-06-12;1964;1637;206498;114008;50.1;27.7
40;2021-06-13;644;161;207142;114169;50.3;27.7
40;2021-06-14;1458;2499;208600;116668;50.6;28.3
40;2021-06-15;2237;2821;210837;119489;51.2;29.0
40;2021-06-16;2607;2456;213444;121945;51.8;29.6
40;2021-06-17;2432;2436;215876;124381;52.4;30.2
40;2021-06-18;2325;2905;218201;127286;53.0;30.9
40;2021-06-19;1798;1231;219999;128517;53.4;31.2
40;2021-06-20;344;275;220343;128792;53.5;31.3
40;2021-06-21;1393;2320;221736;131112;53.8;31.8
40;2021-06-22;1687;2996;223423;134108;54.2;32.6
40;2021-06-23;1606;3344;225029;137452;54.6;33.4
40;2021-06-24;1735;2385;226764;139837;55.0;33.9
40;2021-06-25;1760;3264;228524;143101;55.5;34.7
40;2021-06-26;1327;1712;229851;144813;55.8;35.2
40;2021-06-27;263;354;230114;145167;55.9;35.2
40;2021-06-28;1334;2820;231448;147987;56.2;35.9
40;2021-06-29;1709;3388;233157;151375;56.6;36.7
40;2021-06-30;1776;3641;234933;155016;57.0;37.6
40;2021-07-01;1714;3951;236647;158967;57.4;38.6
40;2021-07-02;1559;3809;238206;162776;57.8;39.5
40;2021-07-03;678;1922;238884;164698;58.0;40.0
40;2021-07-04;219;483;239103;165181;58.0;40.1
40;2021-07-05;1473;3022;240576;168203;58.4;40.8
40;2021-07-06;1767;3613;242343;171816;58.8;41.7
40;2021-07-07;1974;3844;244317;175660;59.3;42.6
40;2021-07-08;2102;3408;246419;179068;59.8;43.5
40;2021-07-09;2108;3949;248527;183017;60.3;44.4
40;2021-07-10;1005;2158;249532;185175;60.6;44.9
40;2021-07-11;207;294;249739;185469;60.6;45.0
40;2021-07-12;1312;4044;251051;189513;60.9;46.0
40;2021-07-13;2427;4697;253478;194210;61.5;47.1
40;2021-07-14;2193;2055;255671;196265;62.1;47.6
40;2021-07-15;2838;4859;258509;201124;62.7;48.8
40;2021-07-16;3313;3945;261822;205069;63.6;49.8
40;2021-07-17;2109;2594;263931;207663;64.1;50.4
40;2021-07-18;471;542;264402;208205;64.2;50.5
40;2021-07-19;2566;3701;266968;211906;64.8;51.4
40;2021-07-20;3054;4053;270022;215959;65.5;52.4
40;2021-07-21;3200;3882;273222;219841;66.3;53.4
40;2021-07-22;3846;3928;277068;223769;67.3;54.3
40;2021-07-23;4081;4111;281149;227880;68.2;55.3
40;2021-07-24;2788;2106;283937;229986;68.9;55.8
40;2021-07-25;952;487;284889;230473;69.2;55.9
40;2021-07-26;2933;3081;287822;233554;69.9;56.7
40;2021-07-27;3506;3603;291328;237157;70.7;57.6
40;2021-07-28;3371;3395;294699;240552;71.5;58.4
40;2021-07-29;3519;3427;298218;243979;72.4;59.2
40;2021-07-30;3109;3401;301327;247380;73.1;60.0
40;2021-07-31;1770;1909;303097;249289;73.6;60.5
40;2021-08-01;343;286;303440;249575;73.7;60.6
40;2021-08-02;1986;2381;305426;251956;74.1;61.2
40;2021-08-03;2320;2686;307746;254642;74.7;61.8
40;2021-08-04;2084;2316;309830;256958;75.2;62.4
40;2021-08-05;1959;2666;311789;259624;75.7;63.0
40;2021-08-06;1867;3064;313656;262688;76.1;63.8
40;2021-08-07;1216;1744;314872;264432;76.4;64.2
40;2021-08-08;83;154;314955;264586;76.4;64.2
40;2021-08-09;1597;3126;316552;267712;76.8;65.0
40;2021-08-10;1420;3163;317972;270875;77.2;65.7
40;2021-08-11;1410;2845;319382;273720;77.5;66.4
40;2021-08-12;1271;3101;320653;276821;77.8;67.2
40;2021-08-13;1129;2974;321782;279795;78.1;67.9
40;2021-08-14;617;2037;322399;281832;78.3;68.4
40;2021-08-15;5;172;322404;282004;78.3;68.5
40;2021-08-16;1102;3387;323506;285391;78.5;69.3
40;2021-08-17;1152;3416;324658;288807;78.8;70.1
40;2021-08-18;977;3258;325635;292065;79.0;70.9
40;2021-08-19;844;2970;326479;295035;79.2;71.6
41;2020-12-27;0;0;0;0;0.0;0.0
41;2020-12-28;0;0;0;0;0.0;0.0
41;2020-12-29;0;0;0;0;0.0;0.0
41;2020-12-30;0;0;0;0;0.0;0.0
41;2020-12-31;0;0;0;0;0.0;0.0
41;2021-01-01;0;0;0;0;0.0;0.0
41;2021-01-02;2;0;2;0;0.0;0.0
41;2021-01-03;0;0;2;0;0.0;0.0
41;2021-01-04;0;0;2;0;0.0;0.0
41;2021-01-05;35;0;37;0;0.0;0.0
41;2021-01-06;72;0;109;0;0.0;0.0
41;2021-01-07;21;0;130;0;0.0;0.0
41;2021-01-08;1;0;131;0;0.0;0.0
41;2021-01-09;0;0;131;0;0.0;0.0
41;2021-01-10;0;0;131;0;0.0;0.0
41;2021-01-11;133;0;264;0;0.1;0.0
41;2021-01-12;321;1;585;1;0.2;0.0
41;2021-01-13;271;0;856;1;0.3;0.0
41;2021-01-14;283;1;1139;2;0.3;0.0
41;2021-01-15;215;1;1354;3;0.4;0.0
41;2021-01-16;0;0;1354;3;0.4;0.0
41;2021-01-17;0;0;1354;3;0.4;0.0
41;2021-01-18;397;2;1751;5;0.5;0.0
41;2021-01-19;857;0;2608;5;0.8;0.0
41;2021-01-20;1056;3;3664;8;1.1;0.0
41;2021-01-21;1567;7;5231;15;1.6;0.0
41;2021-01-22;836;0;6067;15;1.9;0.0
41;2021-01-23;92;0;6159;15;1.9;0.0
41;2021-01-24;0;0;6159;15;1.9;0.0
41;2021-01-25;421;1;6580;16;2.0;0.0
41;2021-01-26;473;2;7053;18;2.2;0.0
41;2021-01-27;441;2;7494;20;2.3;0.0
41;2021-01-28;604;56;8098;76;2.5;0.0
41;2021-01-29;260;30;8358;106;2.5;0.0
41;2021-01-30;0;0;8358;106;2.5;0.0
41;2021-01-31;0;0;8358;106;2.5;0.0
41;2021-02-01;349;147;8707;253;2.7;0.1
41;2021-02-02;471;231;9178;484;2.8;0.1
41;2021-02-03;341;202;9519;686;2.9;0.2
41;2021-02-04;559;155;10078;841;3.1;0.3
41;2021-02-05;329;192;10407;1033;3.2;0.3
41;2021-02-06;4;0;10411;1033;3.2;0.3
41;2021-02-07;2;0;10413;1033;3.2;0.3
41;2021-02-08;306;308;10719;1341;3.3;0.4
41;2021-02-09;598;454;11317;1795;3.5;0.5
41;2021-02-10;486;692;11803;2487;3.6;0.8
41;2021-02-11;1066;1157;12869;3644;3.9;1.1
41;2021-02-12;688;357;13557;4001;4.1;1.2
41;2021-02-13;9;5;13566;4006;4.1;1.2
41;2021-02-14;2;27;13568;4033;4.1;1.2
41;2021-02-15;314;307;13882;4340;4.2;1.3
41;2021-02-16;354;566;14236;4906;4.3;1.5
41;2021-02-17;317;458;14553;5364;4.4;1.6
41;2021-02-18;617;324;15170;5688;4.6;1.7
41;2021-02-19;456;337;15626;6025;4.8;1.8
41;2021-02-20;69;58;15695;6083;4.8;1.9
41;2021-02-21;0;0;15695;6083;4.8;1.9
41;2021-02-22;310;419;16005;6502;4.9;2.0
41;2021-02-23;454;351;16459;6853;5.0;2.1
41;2021-02-24;281;442;16740;7295;5.1;2.2
41;2021-02-25;674;459;17414;7754;5.3;2.4
41;2021-02-26;630;252;18044;8006;5.5;2.4
41;2021-02-27;161;4;18205;8010;5.6;2.4
41;2021-02-28;4;31;18209;8041;5.6;2.5
41;2021-03-01;310;311;18519;8352;5.6;2.5
41;2021-03-02;648;412;19167;8764;5.8;2.7
41;2021-03-03;497;410;19664;9174;6.0;2.8
41;2021-03-04;784;836;20448;10010;6.2;3.1
41;2021-03-05;840;673;21288;10683;6.5;3.3
41;2021-03-06;715;21;22003;10704;6.7;3.3
41;2021-03-07;498;17;22501;10721;6.9;3.3
41;2021-03-08;299;376;22800;11097;7.0;3.4
41;2021-03-09;1042;453;23842;11550;7.3;3.5
41;2021-03-10;721;455;24563;12005;7.5;3.7
41;2021-03-11;1182;682;25745;12687;7.9;3.9
41;2021-03-12;1114;411;26859;13098;8.2;4.0
41;2021-03-13;1222;16;28081;13114;8.6;4.0
41;2021-03-14;392;3;28473;13117;8.7;4.0
41;2021-03-15;797;353;29270;13470;8.9;4.1
41;2021-03-16;1061;409;30331;13879;9.3;4.2
41;2021-03-17;587;240;30918;14119;9.4;4.3
41;2021-03-18;926;401;31844;14520;9.7;4.4
41;2021-03-19;911;332;32755;14852;10.0;4.5
41;2021-03-20;541;18;33296;14870;10.2;4.5
41;2021-03-21;1;0;33297;14870;10.2;4.5
41;2021-03-22;809;272;34106;15142;10.4;4.6
41;2021-03-23;1309;491;35415;15633;10.8;4.8
41;2021-03-24;1231;366;36646;15999;11.2;4.9
41;2021-03-25;2026;437;38672;16436;11.8;5.0
41;2021-03-26;1655;324;40327;16760;12.3;5.1
41;2021-03-27;452;57;40779;16817;12.4;5.1
41;2021-03-28;1;0;40780;16817;12.4;5.1
41;2021-03-29;938;308;41718;17125;12.7;5.2
41;2021-03-30;1496;595;43214;17720;13.2;5.4
41;2021-03-31;1147;493;44361;18213;13.5;5.6
41;2021-04-01;2252;562;46613;18775;14.2;5.7
41;2021-04-02;1242;475;47855;19250;14.6;5.9
41;2021-04-03;321;5;48176;19255;14.7;5.9
41;2021-04-04;39;0;48215;19255;14.7;5.9
41;2021-04-05;140;2;48355;19257;14.7;5.9
41;2021-04-06;1302;626;49657;19883;15.1;6.1
41;2021-04-07;1851;703;51508;20586;15.7;6.3
41;2021-04-08;2294;920;53802;21506;16.4;6.6
41;2021-04-09;2568;611;56370;22117;17.2;6.7
41;2021-04-10;954;497;57324;22614;17.5;6.9
41;2021-04-11;279;376;57603;22990;17.6;7.0
41;2021-04-12;1688;655;59291;23645;18.1;7.2
41;2021-04-13;2262;983;61553;24628;18.8;7.5
41;2021-04-14;1793;550;63346;25178;19.3;7.7
41;2021-04-15;2385;973;65731;26151;20.1;8.0
41;2021-04-16;1931;624;67662;26775;20.6;8.2
41;2021-04-17;647;136;68309;26911;20.8;8.2
41;2021-04-18;5;0;68314;26911;20.8;8.2
41;2021-04-19;1262;743;69576;27654;21.2;8.4
41;2021-04-20;2004;1203;71580;28857;21.8;8.8
41;2021-04-21;1504;914;73084;29771;22.3;9.1
41;2021-04-22;2236;1595;75320;31366;23.0;9.6
41;2021-04-23;1736;1079;77056;32445;23.5;9.9
41;2021-04-24;1544;278;78600;32723;24.0;10.0
41;2021-04-25;1007;19;79607;32742;24.3;10.0
41;2021-04-26;1357;626;80964;33368;24.7;10.2
41;2021-04-27;2094;1040;83058;34408;25.3;10.5
41;2021-04-28;1561;860;84619;35268;25.8;10.8
41;2021-04-29;2211;1375;86830;36643;26.5;11.2
41;2021-04-30;1962;869;88792;37512;27.1;11.4
41;2021-05-01;189;12;88981;37524;27.1;11.4
41;2021-05-02;107;17;89088;37541;27.2;11.5
41;2021-05-03;1866;892;90954;38433;27.7;11.7
41;2021-05-04;2095;1545;93049;39978;28.4;12.2
41;2021-05-05;1881;1192;94930;41170;29.0;12.6
41;2021-05-06;2448;1695;97378;42865;29.7;13.1
41;2021-05-07;2018;1800;99396;44665;30.3;13.6
41;2021-05-08;203;154;99599;44819;30.4;13.7
41;2021-05-09;11;354;99610;45173;30.4;13.8
41;2021-05-10;1590;1556;101200;46729;30.9;14.3
41;2021-05-11;2087;2101;103287;48830;31.5;14.9
41;2021-05-12;1952;1676;105239;50506;32.1;15.4
41;2021-05-13;1486;946;106725;51452;32.6;15.7
41;2021-05-14;1576;1303;108301;52755;33.0;16.1
41;2021-05-15;206;294;108507;53049;33.1;16.2
41;2021-05-16;4;0;108511;53049;33.1;16.2
41;2021-05-17;2483;562;110994;53611;33.9;16.4
41;2021-05-18;3137;1030;114131;54641;34.8;16.7
41;2021-05-19;2554;674;116685;55315;35.6;16.9
41;2021-05-20;3349;1154;120034;56469;36.6;17.2
41;2021-05-21;2727;967;122761;57436;37.4;17.5
41;2021-05-22;397;237;123158;57673;37.6;17.6
41;2021-05-23;6;2;123164;57675;37.6;17.6
41;2021-05-24;2605;148;125769;57823;38.4;17.6
41;2021-05-25;2990;577;128759;58400;39.3;17.8
41;2021-05-26;3037;647;131796;59047;40.2;18.0
41;2021-05-27;3296;1111;135092;60158;41.2;18.4
41;2021-05-28;3143;980;138235;61138;42.2;18.6
41;2021-05-29;2074;429;140309;61567;42.8;18.8
41;2021-05-30;344;22;140653;61589;42.9;18.8
41;2021-05-31;1711;1506;142364;63095;43.4;19.2
41;2021-06-01;2262;2013;144626;65108;44.1;19.9
41;2021-06-02;1832;1290;146458;66398;44.7;20.3
41;2021-06-03;2598;1943;149056;68341;45.5;20.8
41;2021-06-04;2306;1964;151362;70305;46.2;21.4
41;2021-06-05;611;1583;151973;71888;46.4;21.9
41;2021-06-06;108;927;152081;72815;46.4;22.2
41;2021-06-07;1516;1532;153597;74347;46.9;22.7
41;2021-06-08;1713;2414;155310;76761;47.4;23.4
41;2021-06-09;1615;1643;156925;78404;47.9;23.9
41;2021-06-10;1917;1816;158842;80220;48.5;24.5
41;2021-06-11;1572;1795;160414;82015;48.9;25.0
41;2021-06-12;663;649;161077;82664;49.1;25.2
41;2021-06-13;12;77;161089;82741;49.1;25.2
41;2021-06-14;1269;1964;162358;84705;49.5;25.8
41;2021-06-15;1836;2762;164194;87467;50.1;26.7
41;2021-06-16;1725;2310;165919;89777;50.6;27.4
41;2021-06-17;1811;2576;167730;92353;51.2;28.2
41;2021-06-18;1666;2401;169396;94754;51.7;28.9
41;2021-06-19;412;532;169808;95286;51.8;29.1
41;2021-06-20;11;32;169819;95318;51.8;29.1
41;2021-06-21;1325;1780;171144;97098;52.2;29.6
41;2021-06-22;1618;2564;172762;99662;52.7;30.4
41;2021-06-23;1375;2046;174137;101708;53.1;31.0
41;2021-06-24;1483;2309;175620;104017;53.6;31.7
41;2021-06-25;1294;2618;176914;106635;54.0;32.5
41;2021-06-26;435;614;177349;107249;54.1;32.7
41;2021-06-27;1;4;177350;107253;54.1;32.7
41;2021-06-28;404;2697;177754;109950;54.2;33.5
41;2021-06-29;666;3440;178420;113390;54.4;34.6
41;2021-06-30;552;3068;178972;116458;54.6;35.5
41;2021-07-01;767;3107;179739;119565;54.8;36.5
41;2021-07-02;590;3499;180329;123064;55.0;37.5
41;2021-07-03;158;647;180487;123711;55.1;37.7
41;2021-07-04;1;2;180488;123713;55.1;37.7
41;2021-07-05;287;2819;180775;126532;55.1;38.6
41;2021-07-06;666;3635;181441;130167;55.3;39.7
41;2021-07-07;479;3139;181920;133306;55.5;40.7
41;2021-07-08;942;3370;182862;136676;55.8;41.7
41;2021-07-09;537;3642;183399;140318;55.9;42.8
41;2021-07-10;247;2088;183646;142406;56.0;43.4
41;2021-07-11;5;281;183651;142687;56.0;43.5
41;2021-07-12;860;2290;184511;144977;56.3;44.2
41;2021-07-13;1198;3287;185709;148264;56.6;45.2
41;2021-07-14;140;1080;185849;149344;56.7;45.6
41;2021-07-15;1334;3322;187183;152666;57.1;46.6
41;2021-07-16;1091;3393;188274;156059;57.4;47.6
41;2021-07-17;342;807;188616;156866;57.5;47.8
41;2021-07-18;24;32;188640;156898;57.5;47.9
41;2021-07-19;1189;2319;189829;159217;57.9;48.6
41;2021-07-20;1638;2746;191467;161963;58.4;49.4
41;2021-07-21;1707;2083;193174;164046;58.9;50.0
41;2021-07-22;2261;2303;195435;166349;59.6;50.7
41;2021-07-23;2099;2475;197534;168824;60.3;51.5
41;2021-07-24;328;840;197862;169664;60.4;51.8
41;2021-07-25;18;23;197880;169687;60.4;51.8
41;2021-07-26;1897;1684;199777;171371;60.9;52.3
41;2021-07-27;2532;2341;202309;173712;61.7;53.0
41;2021-07-28;2161;1829;204470;175541;62.4;53.5
41;2021-07-29;2342;2024;206812;177565;63.1;54.2
41;2021-07-30;2151;2084;208963;179649;63.7;54.8
41;2021-07-31;378;579;209341;180228;63.9;55.0
41;2021-08-01;17;7;209358;180235;63.9;55.0
41;2021-08-02;1544;1607;210902;181842;64.3;55.5
41;2021-08-03;2507;1860;213409;183702;65.1;56.0
41;2021-08-04;2292;1198;215701;184900;65.8;56.4
41;2021-08-05;3030;1256;218731;186156;66.7;56.8
41;2021-08-06;2206;1300;220937;187456;67.4;57.2
41;2021-08-07;508;346;221445;187802;67.5;57.3
41;2021-08-08;13;20;221458;187822;67.6;57.3
41;2021-08-09;1685;1354;223143;189176;68.1;57.7
41;2021-08-10;2560;1416;225703;190592;68.8;58.1
41;2021-08-11;1591;1436;227294;192028;69.3;58.6
41;2021-08-12;1934;1331;229228;193359;69.9;59.0
41;2021-08-13;1446;1690;230674;195049;70.4;59.5
41;2021-08-14;362;204;231036;195253;70.5;59.6
41;2021-08-15;0;16;231036;195269;70.5;59.6
41;2021-08-16;865;2067;231901;197336;70.7;60.2
41;2021-08-17;1497;1632;233398;198968;71.2;60.7
41;2021-08-18;1129;1966;234527;200934;71.5;61.3
41;2021-08-19;1302;1550;235829;202484;71.9;61.8
42;2020-12-27;2;0;2;0;0.0;0.0
42;2020-12-28;0;0;2;0;0.0;0.0
42;2020-12-29;0;0;2;0;0.0;0.0
42;2020-12-30;0;0;2;0;0.0;0.0
42;2020-12-31;0;0;2;0;0.0;0.0
42;2021-01-01;0;0;2;0;0.0;0.0
42;2021-01-02;0;0;2;0;0.0;0.0
42;2021-01-03;0;0;2;0;0.0;0.0
42;2021-01-04;1;0;3;0;0.0;0.0
42;2021-01-05;1;0;4;0;0.0;0.0
42;2021-01-06;178;1;182;1;0.0;0.0
42;2021-01-07;256;0;438;1;0.1;0.0
42;2021-01-08;264;1;702;2;0.1;0.0
42;2021-01-09;136;0;838;2;0.1;0.0
42;2021-01-10;0;0;838;2;0.1;0.0
42;2021-01-11;293;2;1131;4;0.1;0.0
42;2021-01-12;412;1;1543;5;0.2;0.0
42;2021-01-13;527;2;2070;7;0.3;0.0
42;2021-01-14;773;4;2843;11;0.4;0.0
42;2021-01-15;703;4;3546;15;0.5;0.0
42;2021-01-16;298;2;3844;17;0.5;0.0
42;2021-01-17;219;0;4063;17;0.5;0.0
42;2021-01-18;969;1;5032;18;0.7;0.0
42;2021-01-19;1328;11;6360;29;0.8;0.0
42;2021-01-20;956;4;7316;33;1.0;0.0
42;2021-01-21;1020;6;8336;39;1.1;0.0
42;2021-01-22;992;6;9328;45;1.2;0.0
42;2021-01-23;401;0;9729;45;1.3;0.0
42;2021-01-24;358;0;10087;45;1.3;0.0
42;2021-01-25;1099;13;11186;58;1.5;0.0
42;2021-01-26;1746;19;12932;77;1.7;0.0
42;2021-01-27;1457;123;14389;200;1.9;0.0
42;2021-01-28;1666;142;16055;342;2.1;0.0
42;2021-01-29;946;118;17001;460;2.2;0.1
42;2021-01-30;257;113;17258;573;2.3;0.1
42;2021-01-31;258;2;17516;575;2.3;0.1
42;2021-02-01;736;62;18252;637;2.4;0.1
42;2021-02-02;1805;296;20057;933;2.6;0.1
42;2021-02-03;1517;489;21574;1422;2.8;0.2
42;2021-02-04;1282;615;22856;2037;3.0;0.3
42;2021-02-05;684;528;23540;2565;3.1;0.3
42;2021-02-06;303;149;23843;2714;3.1;0.4
42;2021-02-07;275;153;24118;2867;3.2;0.4
42;2021-02-08;508;620;24626;3487;3.2;0.5
42;2021-02-09;703;803;25329;4290;3.3;0.6
42;2021-02-10;740;691;26069;4981;3.4;0.7
42;2021-02-11;770;681;26839;5662;3.5;0.7
42;2021-02-12;675;754;27514;6416;3.6;0.8
42;2021-02-13;427;305;27941;6721;3.7;0.9
42;2021-02-14;186;228;28127;6949;3.7;0.9
42;2021-02-15;522;820;28649;7769;3.7;1.0
42;2021-02-16;489;1248;29138;9017;3.8;1.2
42;2021-02-17;517;1534;29655;10551;3.9;1.4
42;2021-02-18;754;1386;30409;11937;4.0;1.6
42;2021-02-19;767;1021;31176;12958;4.1;1.7
42;2021-02-20;248;412;31424;13370;4.1;1.7
42;2021-02-21;63;328;31487;13698;4.1;1.8
42;2021-02-22;575;967;32062;14665;4.2;1.9
42;2021-02-23;1206;1428;33268;16093;4.4;2.1
42;2021-02-24;1243;1222;34511;17315;4.5;2.3
42;2021-02-25;1667;1420;36178;18735;4.7;2.4
42;2021-02-26;1646;929;37824;19664;4.9;2.6
42;2021-02-27;580;295;38404;19959;5.0;2.6
42;2021-02-28;166;126;38570;20085;5.0;2.6
42;2021-03-01;807;847;39377;20932;5.1;2.7
42;2021-03-02;1275;814;40652;21746;5.3;2.8
42;2021-03-03;1366;805;42018;22551;5.5;2.9
42;2021-03-04;1705;715;43723;23266;5.7;3.0
42;2021-03-05;2626;666;46349;23932;6.1;3.1
42;2021-03-06;1932;264;48281;24196;6.3;3.2
42;2021-03-07;1492;91;49773;24287;6.5;3.2
42;2021-03-08;1405;511;51178;24798;6.7;3.2
42;2021-03-09;1984;457;53162;25255;7.0;3.3
42;2021-03-10;2053;499;55215;25754;7.2;3.4
42;2021-03-11;3048;610;58263;26364;7.6;3.4
42;2021-03-12;3007;825;61270;27189;8.0;3.6
42;2021-03-13;1479;361;62749;27550;8.2;3.6
42;2021-03-14;472;177;63221;27727;8.3;3.6
42;2021-03-15;1571;596;64792;28323;8.5;3.7
42;2021-03-16;1473;779;66265;29102;8.7;3.8
42;2021-03-17;1718;1075;67983;30177;8.9;3.9
42;2021-03-18;1804;1030;69787;31207;9.1;4.1
42;2021-03-19;2566;675;72353;31882;9.5;4.2
42;2021-03-20;1671;231;74024;32113;9.7;4.2
42;2021-03-21;526;97;74550;32210;9.7;4.2
42;2021-03-22;1427;736;75977;32946;9.9;4.3
42;2021-03-23;2505;861;78482;33807;10.3;4.4
42;2021-03-24;2783;785;81265;34592;10.6;4.5
42;2021-03-25;3720;934;84985;35526;11.1;4.6
42;2021-03-26;3760;786;88745;36312;11.6;4.7
42;2021-03-27;1806;447;90551;36759;11.8;4.8
42;2021-03-28;1040;213;91591;36972;12.0;4.8
42;2021-03-29;2062;923;93653;37895;12.2;5.0
42;2021-03-30;3144;864;96797;38759;12.7;5.1
42;2021-03-31;2442;1070;99239;39829;13.0;5.2
42;2021-04-01;3391;1047;102630;40876;13.4;5.3
42;2021-04-02;2849;1222;105479;42098;13.8;5.5
42;2021-04-03;1419;606;106898;42704;14.0;5.6
42;2021-04-04;1404;394;108302;43098;14.2;5.6
42;2021-04-05;1900;296;110202;43394;14.4;5.7
42;2021-04-06;2292;1410;112494;44804;14.7;5.9
42;2021-04-07;2758;1828;115252;46632;15.1;6.1
42;2021-04-08;4022;1592;119274;48224;15.6;6.3
42;2021-04-09;5134;1542;124408;49766;16.3;6.5
42;2021-04-10;2590;760;126998;50526;16.6;6.6
42;2021-04-11;1955;422;128953;50948;16.9;6.7
42;2021-04-12;3698;1544;132651;52492;17.3;6.9
42;2021-04-13;4659;1807;137310;54299;18.0;7.1
42;2021-04-14;4313;1897;141623;56196;18.5;7.3
42;2021-04-15;4808;1819;146431;58015;19.1;7.6
42;2021-04-16;4618;1884;151049;59899;19.8;7.8
42;2021-04-17;2981;1074;154030;60973;20.1;8.0
42;2021-04-18;1884;413;155914;61386;20.4;8.0
42;2021-04-19;3089;1535;159003;62921;20.8;8.2
42;2021-04-20;3466;1951;162469;64872;21.2;8.5
42;2021-04-21;3475;1747;165944;66619;21.7;8.7
42;2021-04-22;3769;1945;169713;68564;22.2;9.0
42;2021-04-23;3836;2009;173549;70573;22.7;9.2
42;2021-04-24;2362;1518;175911;72091;23.0;9.4
42;2021-04-25;1659;943;177570;73034;23.2;9.6
42;2021-04-26;3276;1730;180846;74764;23.6;9.8
42;2021-04-27;3257;2209;184103;76973;24.1;10.1
42;2021-04-28;3464;2620;187567;79593;24.5;10.4
42;2021-04-29;3770;2804;191337;82397;25.0;10.8
42;2021-04-30;3361;3032;194698;85429;25.5;11.2
42;2021-05-01;2969;1048;197667;86477;25.8;11.3
42;2021-05-02;1936;1259;199603;87736;26.1;11.5
42;2021-05-03;2869;2767;202472;90503;26.5;11.8
42;2021-05-04;3418;3129;205890;93632;26.9;12.2
42;2021-05-05;3327;3398;209217;97030;27.4;12.7
42;2021-05-06;3888;3769;213105;100799;27.9;13.2
42;2021-05-07;3731;4033;216836;104832;28.4;13.7
42;2021-05-08;3165;1069;220001;105901;28.8;13.8
42;2021-05-09;1505;2212;221506;108113;29.0;14.1
42;2021-05-10;3250;3831;224756;111944;29.4;14.6
42;2021-05-11;5576;3913;230332;115857;30.1;15.1
42;2021-05-12;5343;3568;235675;119425;30.8;15.6
42;2021-05-13;5454;1143;241129;120568;31.5;15.8
42;2021-05-14;5242;2926;246371;123494;32.2;16.1
42;2021-05-15;4881;2120;251252;125614;32.9;16.4
42;2021-05-16;2872;1035;254124;126649;33.2;16.6
42;2021-05-17;5888;2839;260012;129488;34.0;16.9
42;2021-05-18;6252;2979;266264;132467;34.8;17.3
42;2021-05-19;6525;2750;272789;135217;35.7;17.7
42;2021-05-20;7106;2895;279895;138112;36.6;18.1
42;2021-05-21;6352;3269;286247;141381;37.4;18.5
42;2021-05-22;5836;2124;292083;143505;38.2;18.8
42;2021-05-23;2835;872;294918;144377;38.6;18.9
42;2021-05-24;5252;1431;300170;145808;39.3;19.1
42;2021-05-25;5154;3945;305324;149753;39.9;19.6
42;2021-05-26;5161;3459;310485;153212;40.6;20.0
42;2021-05-27;5368;3634;315853;156846;41.3;20.5
42;2021-05-28;5040;4206;320893;161052;42.0;21.1
42;2021-05-29;4344;2985;325237;164037;42.5;21.5
42;2021-05-30;1981;1211;327218;165248;42.8;21.6
42;2021-05-31;4242;3426;331460;168674;43.3;22.1
42;2021-06-01;4593;3570;336053;172244;43.9;22.5
42;2021-06-02;4478;3017;340531;175261;44.5;22.9
42;2021-06-03;4929;3840;345460;179101;45.2;23.4
42;2021-06-04;4767;4220;350227;183321;45.8;24.0
42;2021-06-05;3688;2425;353915;185746;46.3;24.3
42;2021-06-06;1445;1293;355360;187039;46.5;24.5
42;2021-06-07;3992;3374;359352;190413;47.0;24.9
42;2021-06-08;3464;3245;362816;193658;47.4;25.3
42;2021-06-09;2961;3202;365777;196860;47.8;25.7
42;2021-06-10;3241;2937;369018;199797;48.3;26.1
42;2021-06-11;3588;4118;372606;203915;48.7;26.7
42;2021-06-12;2863;2880;375469;206795;49.1;27.0
42;2021-06-13;943;1278;376412;208073;49.2;27.2
42;2021-06-14;2313;4062;378725;212135;49.5;27.7
42;2021-06-15;2831;4072;381556;216207;49.9;28.3
42;2021-06-16;2924;3551;384480;219758;50.3;28.7
42;2021-06-17;2637;3741;387117;223499;50.6;29.2
42;2021-06-18;3091;5148;390208;228647;51.0;29.9
42;2021-06-19;2848;4242;393056;232889;51.4;30.5
42;2021-06-20;857;1842;393913;234731;51.5;30.7
42;2021-06-21;1907;6277;395820;241008;51.8;31.5
42;2021-06-22;1875;5892;397695;246900;52.0;32.3
42;2021-06-23;1841;5321;399536;252221;52.2;33.0
42;2021-06-24;1786;4683;401322;256904;52.5;33.6
42;2021-06-25;2039;6951;403361;263855;52.7;34.5
42;2021-06-26;1409;5817;404770;269672;52.9;35.3
42;2021-06-27;757;2854;405527;272526;53.0;35.6
42;2021-06-28;1744;7057;407271;279583;53.3;36.6
42;2021-06-29;1528;6563;408799;286146;53.5;37.4
42;2021-06-30;1966;5764;410765;291910;53.7;38.2
42;2021-07-01;1779;5121;412544;297031;53.9;38.8
42;2021-07-02;2049;6746;414593;303777;54.2;39.7
42;2021-07-03;1759;5975;416352;309752;54.4;40.5
42;2021-07-04;853;2512;417205;312264;54.6;40.8
42;2021-07-05;1715;6285;418920;318549;54.8;41.7
42;2021-07-06;2104;5573;421024;324122;55.1;42.4
42;2021-07-07;2335;4658;423359;328780;55.4;43.0
42;2021-07-08;2272;3960;425631;332740;55.7;43.5
42;2021-07-09;2416;6099;428047;338839;56.0;44.3
42;2021-07-10;1695;5584;429742;344423;56.2;45.0
42;2021-07-11;921;2300;430663;346723;56.3;45.3
42;2021-07-12;1776;6291;432439;353014;56.5;46.2
42;2021-07-13;3606;6279;436045;359293;57.0;47.0
42;2021-07-14;4475;2050;440520;361343;57.6;47.3
42;2021-07-15;4558;5622;445078;366965;58.2;48.0
42;2021-07-16;4443;6192;449521;373157;58.8;48.8
42;2021-07-17;3219;4702;452740;377859;59.2;49.4
42;2021-07-18;1840;1744;454580;379603;59.4;49.6
42;2021-07-19;3797;5074;458377;384677;59.9;50.3
42;2021-07-20;4714;4860;463091;389537;60.6;50.9
42;2021-07-21;5170;4714;468261;394251;61.2;51.6
42;2021-07-22;5493;3933;473754;398184;61.9;52.1
42;2021-07-23;5471;5108;479225;403292;62.7;52.7
42;2021-07-24;4027;3823;483252;407115;63.2;53.2
42;2021-07-25;1653;1385;484905;408500;63.4;53.4
42;2021-07-26;4722;4327;489627;412827;64.0;54.0
42;2021-07-27;5317;3955;494944;416782;64.7;54.5
42;2021-07-28;5762;3670;500706;420452;65.5;55.0
42;2021-07-29;5657;3428;506363;423880;66.2;55.4
42;2021-07-30;5099;3757;511462;427637;66.9;55.9
42;2021-07-31;4719;3049;516181;430686;67.5;56.3
42;2021-08-01;2477;1308;518658;431994;67.8;56.5
42;2021-08-02;4317;3105;522975;435099;68.4;56.9
42;2021-08-03;3795;3266;526770;438365;68.9;57.3
42;2021-08-04;3443;3217;530213;441582;69.3;57.7
42;2021-08-05;3383;3313;533596;444895;69.8;58.2
42;2021-08-06;3596;3981;537192;448876;70.2;58.7
42;2021-08-07;2997;3048;540189;451924;70.6;59.1
42;2021-08-08;1185;1709;541374;453633;70.8;59.3
42;2021-08-09;2784;3843;544158;457476;71.2;59.8
42;2021-08-10;3246;3897;547404;461373;71.6;60.3
42;2021-08-11;2575;3511;549979;464884;71.9;60.8
42;2021-08-12;2504;3555;552483;468439;72.2;61.3
42;2021-08-13;2305;3889;554788;472328;72.5;61.8
42;2021-08-14;1635;3257;556423;475585;72.8;62.2
42;2021-08-15;595;1023;557018;476608;72.8;62.3
42;2021-08-16;2056;4556;559074;481164;73.1;62.9
42;2021-08-17;2232;4152;561306;485316;73.4;63.5
42;2021-08-18;2028;4129;563334;489445;73.7;64.0
42;2021-08-19;1908;3348;565242;492793;73.9;64.4
43;2020-12-27;0;0;0;0;0.0;0.0
43;2020-12-28;0;0;0;0;0.0;0.0
43;2020-12-29;0;0;0;0;0.0;0.0
43;2020-12-30;0;0;0;0;0.0;0.0
43;2020-12-31;0;0;0;0;0.0;0.0
43;2021-01-01;0;0;0;0;0.0;0.0
43;2021-01-02;0;0;0;0;0.0;0.0
43;2021-01-03;0;0;0;0;0.0;0.0
43;2021-01-04;2;0;2;0;0.0;0.0
43;2021-01-05;0;0;2;0;0.0;0.0
43;2021-01-06;0;0;2;0;0.0;0.0
43;2021-01-07;167;0;169;0;0.1;0.0
43;2021-01-08;151;1;320;1;0.1;0.0
43;2021-01-09;0;0;320;1;0.1;0.0
43;2021-01-10;0;0;320;1;0.1;0.0
43;2021-01-11;137;0;457;1;0.2;0.0
43;2021-01-12;244;1;701;2;0.3;0.0
43;2021-01-13;244;1;945;3;0.4;0.0
43;2021-01-14;294;2;1239;5;0.5;0.0
43;2021-01-15;303;2;1542;7;0.7;0.0
43;2021-01-16;32;0;1574;7;0.7;0.0
43;2021-01-17;0;0;1574;7;0.7;0.0
43;2021-01-18;760;5;2334;12;1.0;0.0
43;2021-01-19;776;6;3110;18;1.4;0.0
43;2021-01-20;519;0;3629;18;1.6;0.0
43;2021-01-21;446;2;4075;20;1.8;0.0
43;2021-01-22;465;7;4540;27;2.0;0.0
43;2021-01-23;1;0;4541;27;2.0;0.0
43;2021-01-24;1;0;4542;27;2.0;0.0
43;2021-01-25;539;0;5081;27;2.2;0.0
43;2021-01-26;615;5;5696;32;2.5;0.0
43;2021-01-27;740;0;6436;32;2.8;0.0
43;2021-01-28;747;32;7183;64;3.2;0.0
43;2021-01-29;719;84;7902;148;3.5;0.1
43;2021-01-30;109;0;8011;148;3.5;0.1
43;2021-01-31;0;0;8011;148;3.5;0.1
43;2021-02-01;404;101;8415;249;3.7;0.1
43;2021-02-02;716;151;9131;400;4.0;0.2
43;2021-02-03;690;43;9821;443;4.3;0.2
43;2021-02-04;523;170;10344;613;4.6;0.3
43;2021-02-05;544;172;10888;785;4.8;0.3
43;2021-02-06;165;19;11053;804;4.9;0.4
43;2021-02-07;0;0;11053;804;4.9;0.4
43;2021-02-08;411;304;11464;1108;5.1;0.5
43;2021-02-09;369;432;11833;1540;5.2;0.7
43;2021-02-10;400;362;12233;1902;5.4;0.8
43;2021-02-11;388;396;12621;2298;5.6;1.0
43;2021-02-12;425;202;13046;2500;5.7;1.1
43;2021-02-13;570;41;13616;2541;6.0;1.1
43;2021-02-14;0;0;13616;2541;6.0;1.1
43;2021-02-15;68;479;13684;3020;6.0;1.3
43;2021-02-16;41;373;13725;3393;6.0;1.5
43;2021-02-17;87;486;13812;3879;6.1;1.7
43;2021-02-18;147;379;13959;4258;6.2;1.9
43;2021-02-19;278;514;14237;4772;6.3;2.1
43;2021-02-20;22;4;14259;4776;6.3;2.1
43;2021-02-21;0;0;14259;4776;6.3;2.1
43;2021-02-22;16;501;14275;5277;6.3;2.3
43;2021-02-23;201;799;14476;6076;6.4;2.7
43;2021-02-24;147;725;14623;6801;6.4;3.0
43;2021-02-25;227;695;14850;7496;6.5;3.3
43;2021-02-26;222;671;15072;8167;6.6;3.6
43;2021-02-27;138;75;15210;8242;6.7;3.6
43;2021-02-28;1;0;15211;8242;6.7;3.6
43;2021-03-01;210;481;15421;8723;6.8;3.8
43;2021-03-02;342;580;15763;9303;6.9;4.1
43;2021-03-03;339;588;16102;9891;7.1;4.4
43;2021-03-04;551;462;16653;10353;7.3;4.6
43;2021-03-05;566;451;17219;10804;7.6;4.8
43;2021-03-06;489;179;17708;10983;7.8;4.8
43;2021-03-07;12;0;17720;10983;7.8;4.8
43;2021-03-08;446;445;18166;11428;8.0;5.0
43;2021-03-09;621;356;18787;11784;8.3;5.2
43;2021-03-10;674;500;19461;12284;8.6;5.4
43;2021-03-11;953;442;20414;12726;9.0;5.6
43;2021-03-12;945;427;21359;13153;9.4;5.8
43;2021-03-13;792;115;22151;13268;9.8;5.8
43;2021-03-14;2;0;22153;13268;9.8;5.8
43;2021-03-15;706;142;22859;13410;10.1;5.9
43;2021-03-16;848;283;23707;13693;10.4;6.0
43;2021-03-17;638;135;24345;13828;10.7;6.1
43;2021-03-18;675;137;25020;13965;11.0;6.2
43;2021-03-19;839;108;25859;14073;11.4;6.2
43;2021-03-20;450;60;26309;14133;11.6;6.2
43;2021-03-21;0;0;26309;14133;11.6;6.2
43;2021-03-22;744;40;27053;14173;11.9;6.2
43;2021-03-23;872;44;27925;14217;12.3;6.3
43;2021-03-24;1174;79;29099;14296;12.8;6.3
43;2021-03-25;1594;150;30693;14446;13.5;6.4
43;2021-03-26;1609;186;32302;14632;14.2;6.4
43;2021-03-27;1449;74;33751;14706;14.9;6.5
43;2021-03-28;420;20;34171;14726;15.1;6.5
43;2021-03-29;1095;171;35266;14897;15.5;6.6
43;2021-03-30;1313;239;36579;15136;16.1;6.7
43;2021-03-31;1305;257;37884;15393;16.7;6.8
43;2021-04-01;1346;341;39230;15734;17.3;6.9
43;2021-04-02;1052;352;40282;16086;17.8;7.1
43;2021-04-03;339;198;40621;16284;17.9;7.2
43;2021-04-04;0;0;40621;16284;17.9;7.2
43;2021-04-05;3;0;40624;16284;17.9;7.2
43;2021-04-06;688;603;41312;16887;18.2;7.4
43;2021-04-07;868;575;42180;17462;18.6;7.7
43;2021-04-08;1085;463;43265;17925;19.1;7.9
43;2021-04-09;1148;659;44413;18584;19.6;8.2
43;2021-04-10;626;262;45039;18846;19.8;8.3
43;2021-04-11;0;0;45039;18846;19.8;8.3
43;2021-04-12;682;652;45721;19498;20.2;8.6
43;2021-04-13;917;725;46638;20223;20.6;8.9
43;2021-04-14;725;667;47363;20890;20.9;9.2
43;2021-04-15;959;699;48322;21589;21.3;9.5
43;2021-04-16;1008;690;49330;22279;21.7;9.8
43;2021-04-17;423;302;49753;22581;21.9;10.0
43;2021-04-18;3;5;49756;22586;21.9;10.0
43;2021-04-19;628;567;50384;23153;22.2;10.2
43;2021-04-20;840;673;51224;23826;22.6;10.5
43;2021-04-21;320;988;51544;24814;22.7;10.9
43;2021-04-22;679;1014;52223;25828;23.0;11.4
43;2021-04-23;401;1101;52624;26929;23.2;11.9
43;2021-04-24;347;1040;52971;27969;23.3;12.3
43;2021-04-25;23;403;52994;28372;23.4;12.5
43;2021-04-26;386;965;53380;29337;23.5;12.9
43;2021-04-27;825;987;54205;30324;23.9;13.4
43;2021-04-28;794;1107;54999;31431;24.2;13.9
43;2021-04-29;1238;1140;56237;32571;24.8;14.4
43;2021-04-30;1199;1065;57436;33636;25.3;14.8
43;2021-05-01;400;24;57836;33660;25.5;14.8
43;2021-05-02;1;0;57837;33660;25.5;14.8
43;2021-05-03;1218;407;59055;34067;26.0;15.0
43;2021-05-04;1236;953;60291;35020;26.6;15.4
43;2021-05-05;1145;848;61436;35868;27.1;15.8
43;2021-05-06;1404;937;62840;36805;27.7;16.2
43;2021-05-07;1088;1172;63928;37977;28.2;16.7
43;2021-05-08;519;136;64447;38113;28.4;16.8
43;2021-05-09;0;2;64447;38115;28.4;16.8
43;2021-05-10;1085;723;65532;38838;28.9;17.1
43;2021-05-11;1554;1008;67086;39846;29.6;17.6
43;2021-05-12;1481;808;68567;40654;30.2;17.9
43;2021-05-13;936;379;69503;41033;30.6;18.1
43;2021-05-14;2204;1108;71707;42141;31.6;18.6
43;2021-05-15;1271;317;72978;42458;32.2;18.7
43;2021-05-16;272;47;73250;42505;32.3;18.7
43;2021-05-17;1625;629;74875;43134;33.0;19.0
43;2021-05-18;1966;673;76841;43807;33.9;19.3
43;2021-05-19;2067;571;78908;44378;34.8;19.6
43;2021-05-20;2338;805;81246;45183;35.8;19.9
43;2021-05-21;2385;707;83631;45890;36.9;20.2
43;2021-05-22;1208;340;84839;46230;37.4;20.4
43;2021-05-23;1;0;84840;46230;37.4;20.4
43;2021-05-24;382;99;85222;46329;37.6;20.4
43;2021-05-25;1408;653;86630;46982;38.2;20.7
43;2021-05-26;1349;558;87979;47540;38.8;21.0
43;2021-05-27;1389;711;89368;48251;39.4;21.3
43;2021-05-28;1348;734;90716;48985;40.0;21.6
43;2021-05-29;1135;604;91851;49589;40.5;21.9
43;2021-05-30;149;17;92000;49606;40.5;21.9
43;2021-05-31;1208;442;93208;50048;41.1;22.1
43;2021-06-01;1277;984;94485;51032;41.6;22.5
43;2021-06-02;1086;700;95571;51732;42.1;22.8
43;2021-06-03;1193;856;96764;52588;42.6;23.2
43;2021-06-04;1350;858;98114;53446;43.2;23.6
43;2021-06-05;824;452;98938;53898;43.6;23.8
43;2021-06-06;10;5;98948;53903;43.6;23.8
43;2021-06-07;748;517;99696;54420;43.9;24.0
43;2021-06-08;664;704;100360;55124;44.2;24.3
43;2021-06-09;539;760;100899;55884;44.5;24.6
43;2021-06-10;808;1120;101707;57004;44.8;25.1
43;2021-06-11;759;1347;102466;58351;45.2;25.7
43;2021-06-12;914;513;103380;58864;45.6;25.9
43;2021-06-13;3;27;103383;58891;45.6;26.0
43;2021-06-14;446;1089;103829;59980;45.8;26.4
43;2021-06-15;630;1195;104459;61175;46.0;27.0
43;2021-06-16;549;975;105008;62150;46.3;27.4
43;2021-06-17;602;1503;105610;63653;46.5;28.1
43;2021-06-18;900;1464;106510;65117;46.9;28.7
43;2021-06-19;448;782;106958;65899;47.1;29.0
43;2021-06-20;0;12;106958;65911;47.1;29.0
43;2021-06-21;423;1306;107381;67217;47.3;29.6
43;2021-06-22;533;1960;107914;69177;47.6;30.5
43;2021-06-23;343;1743;108257;70920;47.7;31.3
43;2021-06-24;512;1494;108769;72414;47.9;31.9
43;2021-06-25;596;2346;109365;74760;48.2;32.9
43;2021-06-26;505;1245;109870;76005;48.4;33.5
43;2021-06-27;10;20;109880;76025;48.4;33.5
43;2021-06-28;341;1785;110221;77810;48.6;34.3
43;2021-06-29;524;2381;110745;80191;48.8;35.3
43;2021-06-30;460;2275;111205;82466;49.0;36.3
43;2021-07-01;472;1910;111677;84376;49.2;37.2
43;2021-07-02;499;1963;112176;86339;49.4;38.1
43;2021-07-03;258;1108;112434;87447;49.6;38.5
43;2021-07-04;1;0;112435;87447;49.6;38.5
43;2021-07-05;526;1199;112961;88646;49.8;39.1
43;2021-07-06;633;1678;113594;90324;50.1;39.8
43;2021-07-07;524;1420;114118;91744;50.3;40.4
43;2021-07-08;838;1418;114956;93162;50.7;41.1
43;2021-07-09;550;1499;115506;94661;50.9;41.7
43;2021-07-10;401;1337;115907;95998;51.1;42.3
43;2021-07-11;23;99;115930;96097;51.1;42.4
43;2021-07-12;602;1686;116532;97783;51.4;43.1
43;2021-07-13;1187;1849;117719;99632;51.9;43.9
43;2021-07-14;847;159;118566;99791;52.3;44.0
43;2021-07-15;1933;1839;120499;101630;53.1;44.8
43;2021-07-16;1751;1617;122250;103247;53.9;45.5
43;2021-07-17;1543;1196;123793;104443;54.6;46.0
43;2021-07-18;4;19;123797;104462;54.6;46.0
43;2021-07-19;1439;1260;125236;105722;55.2;46.6
43;2021-07-20;1894;1449;127130;107171;56.0;47.2
43;2021-07-21;1848;1110;128978;108281;56.8;47.7
43;2021-07-22;2110;1329;131088;109610;57.8;48.3
43;2021-07-23;1616;1324;132704;110934;58.5;48.9
43;2021-07-24;577;995;133281;111929;58.7;49.3
43;2021-07-25;0;1;133281;111930;58.7;49.3
43;2021-07-26;1639;1067;134920;112997;59.5;49.8
43;2021-07-27;2276;1220;137196;114217;60.5;50.3
43;2021-07-28;1951;1087;139147;115304;61.3;50.8
43;2021-07-29;1981;1017;141128;116321;62.2;51.3
43;2021-07-30;1861;1340;142989;117661;63.0;51.9
43;2021-07-31;704;609;143693;118270;63.3;52.1
43;2021-08-01;13;20;143706;118290;63.3;52.1
43;2021-08-02;1530;967;145236;119257;64.0;52.6
43;2021-08-03;1397;1166;146633;120423;64.6;53.1
43;2021-08-04;1259;1109;147892;121532;65.2;53.6
43;2021-08-05;1251;1288;149143;122820;65.7;54.1
43;2021-08-06;1126;1468;150269;124288;66.2;54.8
43;2021-08-07;494;749;150763;125037;66.4;55.1
43;2021-08-08;4;0;150767;125037;66.4;55.1
43;2021-08-09;817;1633;151584;126670;66.8;55.8
43;2021-08-10;1018;1587;152602;128257;67.3;56.5
43;2021-08-11;678;1340;153280;129597;67.6;57.1
43;2021-08-12;871;1600;154151;131197;67.9;57.8
43;2021-08-13;629;1174;154780;132371;68.2;58.3
43;2021-08-14;332;541;155112;132912;68.4;58.6
43;2021-08-15;3;9;155115;132921;68.4;58.6
43;2021-08-16;680;1673;155795;134594;68.7;59.3
43;2021-08-17;711;1498;156506;136092;69.0;60.0
43;2021-08-18;556;1511;157062;137603;69.2;60.6
43;2021-08-19;637;1609;157699;139212;69.5;61.4
44;2020-12-27;1;0;1;0;0.0;0.0
44;2020-12-28;1;0;2;0;0.0;0.0
44;2020-12-29;0;0;2;0;0.0;0.0
44;2020-12-30;1;0;3;0;0.0;0.0
44;2020-12-31;0;0;3;0;0.0;0.0
44;2021-01-01;0;0;3;0;0.0;0.0
44;2021-01-02;0;0;3;0;0.0;0.0
44;2021-01-03;3;0;6;0;0.0;0.0
44;2021-01-04;0;0;6;0;0.0;0.0
44;2021-01-05;1;0;7;0;0.0;0.0
44;2021-01-06;20;1;27;1;0.0;0.0
44;2021-01-07;186;0;213;1;0.0;0.0
44;2021-01-08;528;0;741;1;0.1;0.0
44;2021-01-09;473;0;1214;1;0.1;0.0
44;2021-01-10;455;1;1669;2;0.1;0.0
44;2021-01-11;802;1;2471;3;0.2;0.0
44;2021-01-12;906;1;3377;4;0.2;0.0
44;2021-01-13;1087;1;4464;5;0.3;0.0
44;2021-01-14;1115;7;5579;12;0.4;0.0
44;2021-01-15;988;1;6567;13;0.5;0.0
44;2021-01-16;335;2;6902;15;0.5;0.0
44;2021-01-17;328;1;7230;16;0.5;0.0
44;2021-01-18;856;3;8086;19;0.6;0.0
44;2021-01-19;2616;4;10702;23;0.7;0.0
44;2021-01-20;2740;5;13442;28;0.9;0.0
44;2021-01-21;4532;8;17974;36;1.3;0.0
44;2021-01-22;2416;6;20390;42;1.4;0.0
44;2021-01-23;764;1;21154;43;1.5;0.0
44;2021-01-24;119;0;21273;43;1.5;0.0
44;2021-01-25;830;0;22103;43;1.5;0.0
44;2021-01-26;2563;19;24666;62;1.7;0.0
44;2021-01-27;2095;63;26761;125;1.9;0.0
44;2021-01-28;3733;193;30494;318;2.1;0.0
44;2021-01-29;2370;493;32864;811;2.3;0.1
44;2021-01-30;628;214;33492;1025;2.3;0.1
44;2021-01-31;14;213;33506;1238;2.3;0.1
44;2021-02-01;591;544;34097;1782;2.4;0.1
44;2021-02-02;878;760;34975;2542;2.4;0.2
44;2021-02-03;890;896;35865;3438;2.5;0.2
44;2021-02-04;937;724;36802;4162;2.6;0.3
44;2021-02-05;894;627;37696;4789;2.6;0.3
44;2021-02-06;467;268;38163;5057;2.7;0.4
44;2021-02-07;72;207;38235;5264;2.7;0.4
44;2021-02-08;521;459;38756;5723;2.7;0.4
44;2021-02-09;990;1255;39746;6978;2.8;0.5
44;2021-02-10;1142;1314;40888;8292;2.8;0.6
44;2021-02-11;2289;3045;43177;11337;3.0;0.8
44;2021-02-12;1663;1757;44840;13094;3.1;0.9
44;2021-02-13;433;515;45273;13609;3.2;0.9
44;2021-02-14;10;180;45283;13789;3.2;1.0
44;2021-02-15;505;1102;45788;14891;3.2;1.0
44;2021-02-16;1441;2566;47229;17457;3.3;1.2
44;2021-02-17;1104;2174;48333;19631;3.4;1.4
44;2021-02-18;1958;3723;50291;23354;3.5;1.6
44;2021-02-19;1579;2539;51870;25893;3.6;1.8
44;2021-02-20;409;644;52279;26537;3.6;1.8
44;2021-02-21;6;178;52285;26715;3.6;1.9
44;2021-02-22;717;836;53002;27551;3.7;1.9
44;2021-02-23;1246;1129;54248;28680;3.8;2.0
44;2021-02-24;1238;1095;55486;29775;3.9;2.1
44;2021-02-25;2442;1087;57928;30862;4.0;2.1
44;2021-02-26;2290;963;60218;31825;4.2;2.2
44;2021-02-27;976;453;61194;32278;4.3;2.2
44;2021-02-28;6;32;61200;32310;4.3;2.2
44;2021-03-01;991;563;62191;32873;4.3;2.3
44;2021-03-02;1801;1054;63992;33927;4.5;2.4
44;2021-03-03;1859;1136;65851;35063;4.6;2.4
44;2021-03-04;2881;1582;68732;36645;4.8;2.5
44;2021-03-05;3479;1334;72211;37979;5.0;2.6
44;2021-03-06;2508;496;74719;38475;5.2;2.7
44;2021-03-07;988;89;75707;38564;5.3;2.7
44;2021-03-08;1785;613;77492;39177;5.4;2.7
44;2021-03-09;3353;1152;80845;40329;5.6;2.8
44;2021-03-10;3078;1117;83923;41446;5.8;2.9
44;2021-03-11;4439;1791;88362;43237;6.1;3.0
44;2021-03-12;5891;1309;94253;44546;6.6;3.1
44;2021-03-13;3632;299;97885;44845;6.8;3.1
44;2021-03-14;431;63;98316;44908;6.8;3.1
44;2021-03-15;2687;371;101003;45279;7.0;3.2
44;2021-03-16;2149;630;103152;45909;7.2;3.2
44;2021-03-17;1966;679;105118;46588;7.3;3.2
44;2021-03-18;2168;639;107286;47227;7.5;3.3
44;2021-03-19;3785;367;111071;47594;7.7;3.3
44;2021-03-20;3211;292;114282;47886;8.0;3.3
44;2021-03-21;913;18;115195;47904;8.0;3.3
44;2021-03-22;2463;441;117658;48345;8.2;3.4
44;2021-03-23;3960;703;121618;49048;8.5;3.4
44;2021-03-24;4302;631;125920;49679;8.8;3.5
44;2021-03-25;5625;928;131545;50607;9.2;3.5
44;2021-03-26;6504;761;138049;51368;9.6;3.6
44;2021-03-27;3214;426;141263;51794;9.8;3.6
44;2021-03-28;1244;40;142507;51834;9.9;3.6
44;2021-03-29;3121;791;145628;52625;10.1;3.7
44;2021-03-30;5138;1118;150766;53743;10.5;3.7
44;2021-03-31;4613;1308;155379;55051;10.8;3.8
44;2021-04-01;6137;1009;161516;56060;11.2;3.9
44;2021-04-02;5795;955;167311;57015;11.6;4.0
44;2021-04-03;2435;652;169746;57667;11.8;4.0
44;2021-04-04;665;20;170411;57687;11.9;4.0
44;2021-04-05;692;286;171103;57973;11.9;4.0
44;2021-04-06;4208;1377;175311;59350;12.2;4.1
44;2021-04-07;5077;1656;180388;61006;12.6;4.2
44;2021-04-08;7179;1664;187567;62670;13.1;4.4
44;2021-04-09;10062;1813;197629;64483;13.8;4.5
44;2021-04-10;4563;1450;202192;65933;14.1;4.6
44;2021-04-11;2148;428;204340;66361;14.2;4.6
44;2021-04-12;5464;1589;209804;67950;14.6;4.7
44;2021-04-13;6730;2258;216534;70208;15.1;4.9
44;2021-04-14;5910;2228;222444;72436;15.5;5.0
44;2021-04-15;6701;2211;229145;74647;15.9;5.2
44;2021-04-16;7784;2041;236929;76688;16.5;5.3
44;2021-04-17;4301;1383;241230;78071;16.8;5.4
44;2021-04-18;2254;817;243484;78888;16.9;5.5
44;2021-04-19;5044;1909;248528;80797;17.3;5.6
44;2021-04-20;6281;2649;254809;83446;17.7;5.8
44;2021-04-21;6006;2786;260815;86232;18.1;6.0
44;2021-04-22;6960;2516;267775;88748;18.6;6.2
44;2021-04-23;7331;3170;275106;91918;19.1;6.4
44;2021-04-24;3972;2050;279078;93968;19.4;6.5
44;2021-04-25;2076;1058;281154;95026;19.6;6.6
44;2021-04-26;5648;2762;286802;97788;20.0;6.8
44;2021-04-27;7419;4108;294221;101896;20.5;7.1
44;2021-04-28;7608;3786;301829;105682;21.0;7.4
44;2021-04-29;8964;4277;310793;109959;21.6;7.7
44;2021-04-30;9569;4698;320362;114657;22.3;8.0
44;2021-05-01;2849;925;323211;115582;22.5;8.0
44;2021-05-02;1901;618;325112;116200;22.6;8.1
44;2021-05-03;5548;4076;330660;120276;23.0;8.4
44;2021-05-04;6330;5141;336990;125417;23.4;8.7
44;2021-05-05;6073;4626;343063;130043;23.9;9.0
44;2021-05-06;7257;4883;350320;134926;24.4;9.4
44;2021-05-07;7452;5719;357772;140645;24.9;9.8
44;2021-05-08;2583;1266;360355;141911;25.1;9.9
44;2021-05-09;1801;1815;362156;143726;25.2;10.0
44;2021-05-10;6572;5775;368728;149501;25.7;10.4
44;2021-05-11;7788;6268;376516;155769;26.2;10.8
44;2021-05-12;8194;5724;384710;161493;26.8;11.2
44;2021-05-13;5302;1189;390012;162682;27.1;11.3
44;2021-05-14;7587;3976;397599;166658;27.7;11.6
44;2021-05-15;5008;2234;402607;168892;28.0;11.8
44;2021-05-16;2795;740;405402;169632;28.2;11.8
44;2021-05-17;6744;5153;412146;174785;28.7;12.2
44;2021-05-18;7969;5240;420115;180025;29.2;12.5
44;2021-05-19;8168;4289;428283;184314;29.8;12.8
44;2021-05-20;8365;4651;436648;188965;30.4;13.1
44;2021-05-21;8836;5216;445484;194181;31.0;13.5
44;2021-05-22;5099;2233;450583;196414;31.4;13.7
44;2021-05-23;1759;824;452342;197238;31.5;13.7
44;2021-05-24;4887;1619;457229;198857;31.8;13.8
44;2021-05-25;7740;5546;464969;204403;32.4;14.2
44;2021-05-26;8183;5044;473152;209447;32.9;14.6
44;2021-05-27;9658;5357;482810;214804;33.6;14.9
44;2021-05-28;9186;6917;491996;221721;34.2;15.4
44;2021-05-29;5885;3335;497881;225056;34.6;15.7
44;2021-05-30;1775;705;499656;225761;34.8;15.7
44;2021-05-31;8061;6189;507717;231950;35.3;16.1
44;2021-06-01;9905;6560;517622;238510;36.0;16.6
44;2021-06-02;9526;5696;527148;244206;36.7;17.0
44;2021-06-03;10858;5885;538006;250091;37.4;17.4
44;2021-06-04;9963;8075;547969;258166;38.1;18.0
44;2021-06-05;5780;4343;553749;262509;38.5;18.3
44;2021-06-06;2363;1130;556112;263639;38.7;18.3
44;2021-06-07;9555;6939;565667;270578;39.4;18.8
44;2021-06-08;10914;7499;576581;278077;40.1;19.3
44;2021-06-09;10553;6325;587134;284402;40.9;19.8
44;2021-06-10;11423;6038;598557;290440;41.6;20.2
44;2021-06-11;11957;8643;610514;299083;42.5;20.8
44;2021-06-12;7764;4093;618278;303176;43.0;21.1
44;2021-06-13;2792;1008;621070;304184;43.2;21.2
44;2021-06-14;8766;8406;629836;312590;43.8;21.8
44;2021-06-15;11704;8252;641540;320842;44.6;22.3
44;2021-06-16;10979;7654;652519;328496;45.4;22.9
44;2021-06-17;11731;8680;664250;337176;46.2;23.5
44;2021-06-18;10900;10111;675150;347287;47.0;24.2
44;2021-06-19;5882;4325;681032;351612;47.4;24.5
44;2021-06-20;2533;1336;683565;352948;47.6;24.6
44;2021-06-21;7352;10012;690917;362960;48.1;25.3
44;2021-06-22;8467;10627;699384;373587;48.7;26.0
44;2021-06-23;8557;9131;707941;382718;49.3;26.6
44;2021-06-24;9125;8569;717066;391287;49.9;27.2
44;2021-06-25;7648;10816;724714;402103;50.4;28.0
44;2021-06-26;2961;6469;727675;408572;50.6;28.4
44;2021-06-27;815;2406;728490;410978;50.7;28.6
44;2021-06-28;5229;10058;733719;421036;51.1;29.3
44;2021-06-29;6184;12088;739903;433124;51.5;30.1
44;2021-06-30;6180;10453;746083;443577;51.9;30.9
44;2021-07-01;6930;10487;753013;454064;52.4;31.6
44;2021-07-02;6692;12550;759705;466614;52.9;32.5
44;2021-07-03;2582;7002;762287;473616;53.0;33.0
44;2021-07-04;994;2236;763281;475852;53.1;33.1
44;2021-07-05;5307;11869;768588;487721;53.5;33.9
44;2021-07-06;6056;12602;774644;500323;53.9;34.8
44;2021-07-07;6491;11097;781135;511420;54.4;35.6
44;2021-07-08;7382;11958;788517;523378;54.9;36.4
44;2021-07-09;6249;14255;794766;537633;55.3;37.4
44;2021-07-10;2439;7010;797205;544643;55.5;37.9
44;2021-07-11;730;2262;797935;546905;55.5;38.1
44;2021-07-12;4360;14050;802295;560955;55.8;39.0
44;2021-07-13;5724;14854;808019;575809;56.2;40.1
44;2021-07-14;3639;5808;811658;581617;56.5;40.5
44;2021-07-15;7195;14283;818853;595900;57.0;41.5
44;2021-07-16;8123;14987;826976;610887;57.5;42.5
44;2021-07-17;3367;7578;830343;618465;57.8;43.0
44;2021-07-18;1432;2546;831775;621011;57.9;43.2
44;2021-07-19;4681;14696;836456;635707;58.2;44.2
44;2021-07-20;5983;15678;842439;651385;58.6;45.3
44;2021-07-21;5821;13996;848260;665381;59.0;46.3
44;2021-07-22;6706;13757;854966;679138;59.5;47.3
44;2021-07-23;6145;15648;861111;694786;59.9;48.3
44;2021-07-24;2842;8730;863953;703516;60.1;49.0
44;2021-07-25;937;3090;864890;706606;60.2;49.2
44;2021-07-26;6050;12700;870940;719306;60.6;50.1
44;2021-07-27;9658;12191;880598;731497;61.3;50.9
44;2021-07-28;9211;10842;889809;742339;61.9;51.7
44;2021-07-29;10224;10839;900033;753178;62.6;52.4
44;2021-07-30;9096;10928;909129;764106;63.3;53.2
44;2021-07-31;4742;5644;913871;769750;63.6;53.6
44;2021-08-01;2537;1410;916408;771160;63.8;53.7
44;2021-08-02;6278;9477;922686;780637;64.2;54.3
44;2021-08-03;8337;8549;931023;789186;64.8;54.9
44;2021-08-04;9026;6981;940049;796167;65.4;55.4
44;2021-08-05;11442;7515;951491;803682;66.2;55.9
44;2021-08-06;9607;8204;961098;811886;66.9;56.5
44;2021-08-07;4538;3693;965636;815579;67.2;56.8
44;2021-08-08;2522;1731;968158;817310;67.4;56.9
44;2021-08-09;8829;7969;976987;825279;68.0;57.4
44;2021-08-10;10189;7603;987176;832882;68.7;58.0
44;2021-08-11;10326;6769;997502;839651;69.4;58.4
44;2021-08-12;10292;7331;1007794;846982;70.1;58.9
44;2021-08-13;8280;6131;1016074;853113;70.7;59.4
44;2021-08-14;3184;3218;1019258;856331;70.9;59.6
44;2021-08-15;708;927;1019966;857258;71.0;59.7
44;2021-08-16;5820;8283;1025786;865541;71.4;60.2
44;2021-08-17;5560;8176;1031346;873717;71.8;60.8
44;2021-08-18;4789;7612;1036135;881329;72.1;61.3
44;2021-08-19;4890;8327;1041025;889656;72.4;61.9
45;2020-12-27;0;0;0;0;0.0;0.0
45;2020-12-28;1;0;1;0;0.0;0.0
45;2020-12-29;0;0;1;0;0.0;0.0
45;2020-12-30;0;0;1;0;0.0;0.0
45;2020-12-31;1;0;2;0;0.0;0.0
45;2021-01-01;0;0;2;0;0.0;0.0
45;2021-01-02;0;0;2;0;0.0;0.0
45;2021-01-03;0;0;2;0;0.0;0.0
45;2021-01-04;0;0;2;0;0.0;0.0
45;2021-01-05;76;0;78;0;0.0;0.0
45;2021-01-06;68;0;146;0;0.0;0.0
45;2021-01-07;188;0;334;0;0.0;0.0
45;2021-01-08;199;1;533;1;0.1;0.0
45;2021-01-09;42;0;575;1;0.1;0.0
45;2021-01-10;23;0;598;1;0.1;0.0
45;2021-01-11;254;0;852;1;0.1;0.0
45;2021-01-12;680;3;1532;4;0.2;0.0
45;2021-01-13;496;2;2028;6;0.3;0.0
45;2021-01-14;485;38;2513;44;0.4;0.0
45;2021-01-15;391;3;2904;47;0.4;0.0
45;2021-01-16;39;0;2943;47;0.4;0.0
45;2021-01-17;24;0;2967;47;0.4;0.0
45;2021-01-18;814;1;3781;48;0.6;0.0
45;2021-01-19;1196;6;4977;54;0.7;0.0
45;2021-01-20;2114;8;7091;62;1.0;0.0
45;2021-01-21;2523;6;9614;68;1.4;0.0
45;2021-01-22;1409;3;11023;71;1.6;0.0
45;2021-01-23;124;0;11147;71;1.6;0.0
45;2021-01-24;39;0;11186;71;1.6;0.0
45;2021-01-25;557;3;11743;74;1.7;0.0
45;2021-01-26;870;18;12613;92;1.8;0.0
45;2021-01-27;650;44;13263;136;1.9;0.0
45;2021-01-28;882;217;14145;353;2.1;0.1
45;2021-01-29;578;128;14723;481;2.2;0.1
45;2021-01-30;40;41;14763;522;2.2;0.1
45;2021-01-31;37;23;14800;545;2.2;0.1
45;2021-02-01;462;208;15262;753;2.2;0.1
45;2021-02-02;759;468;16021;1221;2.3;0.2
45;2021-02-03;773;481;16794;1702;2.5;0.2
45;2021-02-04;701;267;17495;1969;2.6;0.3
45;2021-02-05;417;151;17912;2120;2.6;0.3
45;2021-02-06;36;28;17948;2148;2.6;0.3
45;2021-02-07;7;31;17955;2179;2.6;0.3
45;2021-02-08;455;194;18410;2373;2.7;0.3
45;2021-02-09;1006;410;19416;2783;2.8;0.4
45;2021-02-10;1279;805;20695;3588;3.0;0.5
45;2021-02-11;1385;1525;22080;5113;3.2;0.7
45;2021-02-12;1052;1142;23132;6255;3.4;0.9
45;2021-02-13;85;158;23217;6413;3.4;0.9
45;2021-02-14;39;11;23256;6424;3.4;0.9
45;2021-02-15;523;609;23779;7033;3.5;1.0
45;2021-02-16;756;941;24535;7974;3.6;1.2
45;2021-02-17;641;1046;25176;9020;3.7;1.3
45;2021-02-18;841;854;26017;9874;3.8;1.4
45;2021-02-19;828;765;26845;10639;3.9;1.6
45;2021-02-20;59;94;26904;10733;3.9;1.6
45;2021-02-21;17;46;26921;10779;3.9;1.6
45;2021-02-22;407;631;27328;11410;4.0;1.7
45;2021-02-23;815;790;28143;12200;4.1;1.8
45;2021-02-24;650;916;28793;13116;4.2;1.9
45;2021-02-25;962;780;29755;13896;4.4;2.0
45;2021-02-26;1044;687;30799;14583;4.5;2.1
45;2021-02-27;290;52;31089;14635;4.6;2.1
45;2021-02-28;28;5;31117;14640;4.6;2.1
45;2021-03-01;533;336;31650;14976;4.6;2.2
45;2021-03-02;671;725;32321;15701;4.7;2.3
45;2021-03-03;982;897;33303;16598;4.9;2.4
45;2021-03-04;1108;988;34411;17586;5.0;2.6
45;2021-03-05;1444;864;35855;18450;5.3;2.7
45;2021-03-06;2020;131;37875;18581;5.5;2.7
45;2021-03-07;143;59;38018;18640;5.6;2.7
45;2021-03-08;752;848;38770;19488;5.7;2.9
45;2021-03-09;1256;721;40026;20209;5.9;3.0
45;2021-03-10;1593;902;41619;21111;6.1;3.1
45;2021-03-11;1720;753;43339;21864;6.3;3.2
45;2021-03-12;2074;609;45413;22473;6.7;3.3
45;2021-03-13;988;47;46401;22520;6.8;3.3
45;2021-03-14;24;43;46425;22563;6.8;3.3
45;2021-03-15;810;598;47235;23161;6.9;3.4
45;2021-03-16;943;837;48178;23998;7.1;3.5
45;2021-03-17;1051;688;49229;24686;7.2;3.6
45;2021-03-18;997;582;50226;25268;7.4;3.7
45;2021-03-19;1619;430;51845;25698;7.6;3.8
45;2021-03-20;498;82;52343;25780;7.7;3.8
45;2021-03-21;20;35;52363;25815;7.7;3.8
45;2021-03-22;914;531;53277;26346;7.8;3.9
45;2021-03-23;1984;720;55261;27066;8.1;4.0
45;2021-03-24;1898;551;57159;27617;8.4;4.0
45;2021-03-25;2983;453;60142;28070;8.8;4.1
45;2021-03-26;3389;482;63531;28552;9.3;4.2
45;2021-03-27;1796;123;65327;28675;9.6;4.2
45;2021-03-28;89;40;65416;28715;9.6;4.2
45;2021-03-29;1529;538;66945;29253;9.8;4.3
45;2021-03-30;2784;783;69729;30036;10.2;4.4
45;2021-03-31;2134;577;71863;30613;10.5;4.5
45;2021-04-01;2973;567;74836;31180;11.0;4.6
45;2021-04-02;2826;512;77662;31692;11.4;4.6
45;2021-04-03;810;73;78472;31765;11.5;4.7
45;2021-04-04;113;33;78585;31798;11.5;4.7
45;2021-04-05;14;2;78599;31800;11.5;4.7
45;2021-04-06;1736;792;80335;32592;11.8;4.8
45;2021-04-07;1775;1113;82110;33705;12.0;4.9
45;2021-04-08;2773;1020;84883;34725;12.4;5.1
45;2021-04-09;3675;644;88558;35369;13.0;5.2
45;2021-04-10;2322;108;90880;35477;13.3;5.2
45;2021-04-11;153;24;91033;35501;13.3;5.2
45;2021-04-12;2606;667;93639;36168;13.7;5.3
45;2021-04-13;3847;1086;97486;37254;14.3;5.5
45;2021-04-14;2930;1217;100416;38471;14.7;5.6
45;2021-04-15;3520;1037;103936;39508;15.2;5.8
45;2021-04-16;3775;686;107711;40194;15.8;5.9
45;2021-04-17;1613;113;109324;40307;16.0;5.9
45;2021-04-18;200;41;109524;40348;16.0;5.9
45;2021-04-19;1937;946;111461;41294;16.3;6.0
45;2021-04-20;3076;1699;114537;42993;16.8;6.3
45;2021-04-21;2722;1305;117259;44298;17.2;6.5
45;2021-04-22;3423;1839;120682;46137;17.7;6.8
45;2021-04-23;3278;1783;123960;47920;18.2;7.0
45;2021-04-24;2023;867;125983;48787;18.4;7.1
45;2021-04-25;291;86;126274;48873;18.5;7.2
45;2021-04-26;2229;1166;128503;50039;18.8;7.3
45;2021-04-27;3352;2352;131855;52391;19.3;7.7
45;2021-04-28;2802;1948;134657;54339;19.7;8.0
45;2021-04-29;3838;2339;138495;56678;20.3;8.3
45;2021-04-30;4390;1808;142885;58486;20.9;8.6
45;2021-05-01;451;61;143336;58547;21.0;8.6
45;2021-05-02;627;122;143963;58669;21.1;8.6
45;2021-05-03;2821;992;146784;59661;21.5;8.7
45;2021-05-04;3160;2347;149944;62008;22.0;9.1
45;2021-05-05;2714;2163;152658;64171;22.4;9.4
45;2021-05-06;3331;2541;155989;66712;22.8;9.8
45;2021-05-07;2872;3199;158861;69911;23.3;10.2
45;2021-05-08;611;248;159472;70159;23.4;10.3
45;2021-05-09;1498;127;160970;70286;23.6;10.3
45;2021-05-10;4140;2975;165110;73261;24.2;10.7
45;2021-05-11;5030;2971;170140;76232;24.9;11.2
45;2021-05-12;6077;2780;176217;79012;25.8;11.6
45;2021-05-13;2450;597;178667;79609;26.2;11.7
45;2021-05-14;4968;1633;183635;81242;26.9;11.9
45;2021-05-15;4066;613;187701;81855;27.5;12.0
45;2021-05-16;289;33;187990;81888;27.5;12.0
45;2021-05-17;3358;1540;191348;83428;28.0;12.2
45;2021-05-18;5118;1681;196466;85109;28.8;12.5
45;2021-05-19;4494;2062;200960;87171;29.4;12.8
45;2021-05-20;5265;2138;206225;89309;30.2;13.1
45;2021-05-21;5145;2228;211370;91537;31.0;13.4
45;2021-05-22;3041;632;214411;92169;31.4;13.5
45;2021-05-23;15;94;214426;92263;31.4;13.5
45;2021-05-24;2827;209;217253;92472;31.8;13.5
45;2021-05-25;4962;3032;222215;95504;32.5;14.0
45;2021-05-26;5114;2333;227329;97837;33.3;14.3
45;2021-05-27;5310;3238;232639;101075;34.1;14.8
45;2021-05-28;5662;3592;238301;104667;34.9;15.3
45;2021-05-29;3671;1290;241972;105957;35.4;15.5
45;2021-05-30;33;182;242005;106139;35.4;15.5
45;2021-05-31;4328;2521;246333;108660;36.1;15.9
45;2021-06-01;6092;3002;252425;111662;37.0;16.4
45;2021-06-02;4943;3104;257368;114766;37.7;16.8
45;2021-06-03;5620;3205;262988;117971;38.5;17.3
45;2021-06-04;5897;3187;268885;121158;39.4;17.7
45;2021-06-05;2033;1337;270918;122495;39.7;17.9
45;2021-06-06;88;198;271006;122693;39.7;18.0
45;2021-06-07;4081;2724;275087;125417;40.3;18.4
45;2021-06-08;4643;4078;279730;129495;41.0;19.0
45;2021-06-09;4356;3342;284086;132837;41.6;19.5
45;2021-06-10;4644;2684;288730;135521;42.3;19.8
45;2021-06-11;4117;3665;292847;139186;42.9;20.4
45;2021-06-12;2440;1508;295287;140694;43.2;20.6
45;2021-06-13;21;424;295308;141118;43.2;20.7
45;2021-06-14;3140;4153;298448;145271;43.7;21.3
45;2021-06-15;3388;4329;301836;149600;44.2;21.9
45;2021-06-16;3902;3455;305738;153055;44.8;22.4
45;2021-06-17;3525;3540;309263;156595;45.3;22.9
45;2021-06-18;3803;5031;313066;161626;45.8;23.7
45;2021-06-19;2395;1761;315461;163387;46.2;23.9
45;2021-06-20;47;142;315508;163529;46.2;23.9
45;2021-06-21;2163;5849;317671;169378;46.5;24.8
45;2021-06-22;2420;6528;320091;175906;46.9;25.8
45;2021-06-23;2284;5602;322375;181508;47.2;26.6
45;2021-06-24;2134;3532;324509;185040;47.5;27.1
45;2021-06-25;2443;6444;326952;191484;47.9;28.0
45;2021-06-26;1947;3094;328899;194578;48.2;28.5
45;2021-06-27;53;138;328952;194716;48.2;28.5
45;2021-06-28;2078;4832;331030;199548;48.5;29.2
45;2021-06-29;2836;6814;333866;206362;48.9;30.2
45;2021-06-30;2887;5850;336753;212212;49.3;31.1
45;2021-07-01;2398;5034;339151;217246;49.7;31.8
45;2021-07-02;2367;6285;341518;223531;50.0;32.7
45;2021-07-03;755;2540;342273;226071;50.1;33.1
45;2021-07-04;6;12;342279;226083;50.1;33.1
45;2021-07-05;2141;4989;344420;231072;50.4;33.8
45;2021-07-06;2805;6778;347225;237850;50.8;34.8
45;2021-07-07;2446;6058;349671;243908;51.2;35.7
45;2021-07-08;2823;5382;352494;249290;51.6;36.5
45;2021-07-09;2147;6985;354641;256275;51.9;37.5
45;2021-07-10;1544;3860;356185;260135;52.2;38.1
45;2021-07-11;24;31;356209;260166;52.2;38.1
45;2021-07-12;1590;5998;357799;266164;52.4;39.0
45;2021-07-13;2998;8232;360797;274396;52.8;40.2
45;2021-07-14;1474;1517;362271;275913;53.0;40.4
45;2021-07-15;3730;7289;366001;283202;53.6;41.5
45;2021-07-16;3255;7443;369256;290645;54.1;42.6
45;2021-07-17;1282;2333;370538;292978;54.3;42.9
45;2021-07-18;15;19;370553;292997;54.3;42.9
45;2021-07-19;1866;5946;372419;298943;54.5;43.8
45;2021-07-20;4700;6907;377119;305850;55.2;44.8
45;2021-07-21;5168;5473;382287;311323;56.0;45.6
45;2021-07-22;6170;4900;388457;316223;56.9;46.3
45;2021-07-23;4251;5483;392708;321706;57.5;47.1
45;2021-07-24;1855;2823;394563;324529;57.8;47.5
45;2021-07-25;5;14;394568;324543;57.8;47.5
45;2021-07-26;2904;4984;397472;329527;58.2;48.3
45;2021-07-27;5447;5074;402919;334601;59.0;49.0
45;2021-07-28;4984;4170;407903;338771;59.7;49.6
45;2021-07-29;5266;3250;413169;342021;60.5;50.1
45;2021-07-30;4729;4706;417898;346727;61.2;50.8
45;2021-07-31;846;1950;418744;348677;61.3;51.1
45;2021-08-01;1;4;418745;348681;61.3;51.1
45;2021-08-02;3593;3232;422338;351913;61.8;51.5
45;2021-08-03;4859;3013;427197;354926;62.6;52.0
45;2021-08-04;3720;2229;430917;357155;63.1;52.3
45;2021-08-05;3291;2634;434208;359789;63.6;52.7
45;2021-08-06;3738;3261;437946;363050;64.1;53.2
45;2021-08-07;1678;1045;439624;364095;64.4;53.3
45;2021-08-08;6;18;439630;364113;64.4;53.3
45;2021-08-09;2583;3010;442213;367123;64.8;53.8
45;2021-08-10;3493;3794;445706;370917;65.3;54.3
45;2021-08-11;2692;3712;448398;374629;65.7;54.9
45;2021-08-12;2088;3437;450486;378066;66.0;55.4
45;2021-08-13;1733;4214;452219;382280;66.2;56.0
45;2021-08-14;675;951;452894;383231;66.3;56.1
45;2021-08-15;58;30;452952;383261;66.3;56.1
45;2021-08-16;1141;2312;454093;385573;66.5;56.5
45;2021-08-17;1836;3432;455929;389005;66.8;57.0
45;2021-08-18;1769;4030;457698;393035;67.0;57.6
45;2021-08-19;1393;4251;459091;397286;67.2;58.2
46;2020-12-27;4;0;4;0;0.0;0.0
46;2020-12-28;0;0;4;0;0.0;0.0
46;2020-12-29;0;0;4;0;0.0;0.0
46;2020-12-30;0;0;4;0;0.0;0.0
46;2020-12-31;0;0;4;0;0.0;0.0
46;2021-01-01;0;0;4;0;0.0;0.0
46;2021-01-02;0;0;4;0;0.0;0.0
46;2021-01-03;1;0;5;0;0.0;0.0
46;2021-01-04;0;0;5;0;0.0;0.0
46;2021-01-05;0;0;5;0;0.0;0.0
46;2021-01-06;3;0;8;0;0.0;0.0
46;2021-01-07;135;0;143;0;0.1;0.0
46;2021-01-08;181;0;324;0;0.2;0.0
46;2021-01-09;1;0;325;0;0.2;0.0
46;2021-01-10;2;0;327;0;0.2;0.0
46;2021-01-11;118;0;445;0;0.3;0.0
46;2021-01-12;140;0;585;0;0.3;0.0
46;2021-01-13;234;0;819;0;0.5;0.0
46;2021-01-14;239;2;1058;2;0.6;0.0
46;2021-01-15;304;2;1362;4;0.8;0.0
46;2021-01-16;18;0;1380;4;0.8;0.0
46;2021-01-17;0;0;1380;4;0.8;0.0
46;2021-01-18;274;2;1654;6;1.0;0.0
46;2021-01-19;389;0;2043;6;1.2;0.0
46;2021-01-20;936;1;2979;7;1.7;0.0
46;2021-01-21;996;0;3975;7;2.3;0.0
46;2021-01-22;390;2;4365;9;2.5;0.0
46;2021-01-23;0;0;4365;9;2.5;0.0
46;2021-01-24;0;0;4365;9;2.5;0.0
46;2021-01-25;203;1;4568;10;2.6;0.0
46;2021-01-26;262;1;4830;11;2.8;0.0
46;2021-01-27;276;0;5106;11;2.9;0.0
46;2021-01-28;278;43;5384;54;3.1;0.0
46;2021-01-29;233;93;5617;147;3.2;0.1
46;2021-01-30;1;0;5618;147;3.2;0.1
46;2021-01-31;1;0;5619;147;3.2;0.1
46;2021-02-01;234;174;5853;321;3.4;0.2
46;2021-02-02;209;238;6062;559;3.5;0.3
46;2021-02-03;224;97;6286;656;3.6;0.4
46;2021-02-04;372;86;6658;742;3.8;0.4
46;2021-02-05;226;179;6884;921;4.0;0.5
46;2021-02-06;9;0;6893;921;4.0;0.5
46;2021-02-07;43;0;6936;921;4.0;0.5
46;2021-02-08;197;156;7133;1077;4.1;0.6
46;2021-02-09;271;229;7404;1306;4.3;0.8
46;2021-02-10;279;545;7683;1851;4.4;1.1
46;2021-02-11;655;559;8338;2410;4.8;1.4
46;2021-02-12;321;341;8659;2751;5.0;1.6
46;2021-02-13;2;0;8661;2751;5.0;1.6
46;2021-02-14;0;62;8661;2813;5.0;1.6
46;2021-02-15;195;293;8856;3106;5.1;1.8
46;2021-02-16;217;282;9073;3388;5.2;2.0
46;2021-02-17;200;328;9273;3716;5.4;2.1
46;2021-02-18;336;267;9609;3983;5.5;2.3
46;2021-02-19;277;234;9886;4217;5.7;2.4
46;2021-02-20;0;0;9886;4217;5.7;2.4
46;2021-02-21;1;0;9887;4217;5.7;2.4
46;2021-02-22;132;193;10019;4410;5.8;2.5
46;2021-02-23;225;168;10244;4578;5.9;2.6
46;2021-02-24;179;325;10423;4903;6.0;2.8
46;2021-02-25;247;342;10670;5245;6.2;3.0
46;2021-02-26;401;346;11071;5591;6.4;3.2
46;2021-02-27;120;1;11191;5592;6.5;3.2
46;2021-02-28;0;3;11191;5595;6.5;3.2
46;2021-03-01;169;180;11360;5775;6.6;3.3
46;2021-03-02;406;233;11766;6008;6.8;3.5
46;2021-03-03;458;331;12224;6339;7.1;3.7
46;2021-03-04;607;455;12831;6794;7.4;3.9
46;2021-03-05;809;365;13640;7159;7.9;4.1
46;2021-03-06;475;17;14115;7176;8.2;4.1
46;2021-03-07;101;19;14216;7195;8.2;4.2
46;2021-03-08;348;249;14564;7444;8.4;4.3
46;2021-03-09;745;271;15309;7715;8.8;4.5
46;2021-03-10;686;248;15995;7963;9.2;4.6
46;2021-03-11;850;254;16845;8217;9.7;4.7
46;2021-03-12;927;228;17772;8445;10.3;4.9
46;2021-03-13;512;3;18284;8448;10.6;4.9
46;2021-03-14;0;0;18284;8448;10.6;4.9
46;2021-03-15;505;166;18789;8614;10.9;5.0
46;2021-03-16;752;173;19541;8787;11.3;5.1
46;2021-03-17;671;203;20212;8990;11.7;5.2
46;2021-03-18;747;216;20959;9206;12.1;5.3
46;2021-03-19;810;149;21769;9355;12.6;5.4
46;2021-03-20;292;3;22061;9358;12.7;5.4
46;2021-03-21;2;0;22063;9358;12.7;5.4
46;2021-03-22;555;241;22618;9599;13.1;5.5
46;2021-03-23;702;213;23320;9812;13.5;5.7
46;2021-03-24;674;240;23994;10052;13.9;5.8
46;2021-03-25;1133;182;25127;10234;14.5;5.9
46;2021-03-26;1025;341;26152;10575;15.1;6.1
46;2021-03-27;420;72;26572;10647;15.3;6.1
46;2021-03-28;127;1;26699;10648;15.4;6.1
46;2021-03-29;733;254;27432;10902;15.8;6.3
46;2021-03-30;767;365;28199;11267;16.3;6.5
46;2021-03-31;865;421;29064;11688;16.8;6.7
46;2021-04-01;1169;344;30233;12032;17.5;6.9
46;2021-04-02;924;394;31157;12426;18.0;7.2
46;2021-04-03;167;166;31324;12592;18.1;7.3
46;2021-04-04;0;71;31324;12663;18.1;7.3
46;2021-04-05;3;0;31327;12663;18.1;7.3
46;2021-04-06;545;519;31872;13182;18.4;7.6
46;2021-04-07;784;647;32656;13829;18.9;8.0
46;2021-04-08;962;542;33618;14371;19.4;8.3
46;2021-04-09;1018;505;34636;14876;20.0;8.6
46;2021-04-10;502;208;35138;15084;20.3;8.7
46;2021-04-11;232;1;35370;15085;20.4;8.7
46;2021-04-12;845;546;36215;15631;20.9;9.0
46;2021-04-13;1187;717;37402;16348;21.6;9.4
46;2021-04-14;1535;615;38937;16963;22.5;9.8
46;2021-04-15;1500;664;40437;17627;23.4;10.2
46;2021-04-16;1585;567;42022;18194;24.3;10.5
46;2021-04-17;993;134;43015;18328;24.8;10.6
46;2021-04-18;516;8;43531;18336;25.1;10.6
46;2021-04-19;1070;573;44601;18909;25.8;10.9
46;2021-04-20;1222;725;45823;19634;26.5;11.3
46;2021-04-21;1230;713;47053;20347;27.2;11.7
46;2021-04-22;1391;729;48444;21076;28.0;12.2
46;2021-04-23;1132;731;49576;21807;28.6;12.6
46;2021-04-24;472;19;50048;21826;28.9;12.6
46;2021-04-25;351;11;50399;21837;29.1;12.6
46;2021-04-26;851;731;51250;22568;29.6;13.0
46;2021-04-27;1221;665;52471;23233;30.3;13.4
46;2021-04-28;1289;669;53760;23902;31.0;13.8
46;2021-04-29;1416;525;55176;24427;31.9;14.1
46;2021-04-30;1438;565;56614;24992;32.7;14.4
46;2021-05-01;697;73;57311;25065;33.1;14.5
46;2021-05-02;346;4;57657;25069;33.3;14.5
46;2021-05-03;853;569;58510;25638;33.8;14.8
46;2021-05-04;1037;1061;59547;26699;34.4;15.4
46;2021-05-05;1375;787;60922;27486;35.2;15.9
46;2021-05-06;1377;742;62299;28228;36.0;16.3
46;2021-05-07;1397;792;63696;29020;36.8;16.8
46;2021-05-08;281;411;63977;29431;36.9;17.0
46;2021-05-09;23;225;64000;29656;37.0;17.1
46;2021-05-10;517;1140;64517;30796;37.3;17.8
46;2021-05-11;1034;1258;65551;32054;37.9;18.5
46;2021-05-12;994;1563;66545;33617;38.4;19.4
46;2021-05-13;600;144;67145;33761;38.8;19.5
46;2021-05-14;960;1097;68105;34858;39.3;20.1
46;2021-05-15;256;654;68361;35512;39.5;20.5
46;2021-05-16;78;297;68439;35809;39.5;20.7
46;2021-05-17;653;957;69092;36766;39.9;21.2
46;2021-05-18;1404;1023;70496;37789;40.7;21.8
46;2021-05-19;1306;904;71802;38693;41.5;22.3
46;2021-05-20;1453;811;73255;39504;42.3;22.8
46;2021-05-21;996;1160;74251;40664;42.9;23.5
46;2021-05-22;147;369;74398;41033;43.0;23.7
46;2021-05-23;450;25;74848;41058;43.2;23.7
46;2021-05-24;411;113;75259;41171;43.5;23.8
46;2021-05-25;962;1332;76221;42503;44.0;24.5
46;2021-05-26;1237;1150;77458;43653;44.7;25.2
46;2021-05-27;1432;1194;78890;44847;45.6;25.9
46;2021-05-28;1430;1209;80320;46056;46.4;26.6
46;2021-05-29;1052;399;81372;46455;47.0;26.8
46;2021-05-30;408;39;81780;46494;47.2;26.8
46;2021-05-31;970;976;82750;47470;47.8;27.4
46;2021-06-01;1277;998;84027;48468;48.5;28.0
46;2021-06-02;1317;1117;85344;49585;49.3;28.6
46;2021-06-03;1417;1011;86761;50596;50.1;29.2
46;2021-06-04;1333;977;88094;51573;50.9;29.8
46;2021-06-05;381;414;88475;51987;51.1;30.0
46;2021-06-06;207;95;88682;52082;51.2;30.1
46;2021-06-07;814;617;89496;52699;51.7;30.4
46;2021-06-08;1020;895;90516;53594;52.3;30.9
46;2021-06-09;1504;974;92020;54568;53.1;31.5
46;2021-06-10;982;852;93002;55420;53.7;32.0
46;2021-06-11;970;1322;93972;56742;54.3;32.8
46;2021-06-12;459;549;94431;57291;54.5;33.1
46;2021-06-13;27;86;94458;57377;54.5;33.1
46;2021-06-14;593;1137;95051;58514;54.9;33.8
46;2021-06-15;751;1248;95802;59762;55.3;34.5
46;2021-06-16;999;1113;96801;60875;55.9;35.2
46;2021-06-17;527;896;97328;61771;56.2;35.7
46;2021-06-18;658;1255;97986;63026;56.6;36.4
46;2021-06-19;457;313;98443;63339;56.8;36.6
46;2021-06-20;39;161;98482;63500;56.9;36.7
46;2021-06-21;428;945;98910;64445;57.1;37.2
46;2021-06-22;350;1178;99260;65623;57.3;37.9
46;2021-06-23;520;1075;99780;66698;57.6;38.5
46;2021-06-24;250;822;100030;67520;57.8;39.0
46;2021-06-25;491;1117;100521;68637;58.0;39.6
46;2021-06-26;397;552;100918;69189;58.3;40.0
46;2021-06-27;3;4;100921;69193;58.3;40.0
46;2021-06-28;313;1338;101234;70531;58.5;40.7
46;2021-06-29;378;1682;101612;72213;58.7;41.7
46;2021-06-30;512;1578;102124;73791;59.0;42.6
46;2021-07-01;308;1153;102432;74944;59.2;43.3
46;2021-07-02;467;1085;102899;76029;59.4;43.9
46;2021-07-03;124;455;103023;76484;59.5;44.2
46;2021-07-04;58;127;103081;76611;59.5;44.2
46;2021-07-05;345;1188;103426;77799;59.7;44.9
46;2021-07-06;369;1458;103795;79257;59.9;45.8
46;2021-07-07;582;1720;104377;80977;60.3;46.8
46;2021-07-08;339;1165;104716;82142;60.5;47.4
46;2021-07-09;396;1708;105112;83850;60.7;48.4
46;2021-07-10;286;1040;105398;84890;60.9;49.0
46;2021-07-11;15;375;105413;85265;60.9;49.2
46;2021-07-12;248;1261;105661;86526;61.0;50.0
46;2021-07-13;626;1672;106287;88198;61.4;50.9
46;2021-07-14;67;144;106354;88342;61.4;51.0
46;2021-07-15;896;1466;107250;89808;61.9;51.9
46;2021-07-16;767;1397;108017;91205;62.4;52.7
46;2021-07-17;360;538;108377;91743;62.6;53.0
46;2021-07-18;2;0;108379;91743;62.6;53.0
46;2021-07-19;671;1186;109050;92929;63.0;53.7
46;2021-07-20;981;1431;110031;94360;63.5;54.5
46;2021-07-21;1002;1383;111033;95743;64.1;55.3
46;2021-07-22;1401;1115;112434;96858;64.9;55.9
46;2021-07-23;764;1323;113198;98181;65.4;56.7
46;2021-07-24;952;664;114150;98845;65.9;57.1
46;2021-07-25;134;17;114284;98862;66.0;57.1
46;2021-07-26;879;879;115163;99741;66.5;57.6
46;2021-07-27;1214;978;116377;100719;67.2;58.2
46;2021-07-28;1279;1105;117656;101824;67.9;58.8
46;2021-07-29;1554;849;119210;102673;68.8;59.3
46;2021-07-30;1885;951;121095;103624;69.9;59.8
46;2021-07-31;929;654;122024;104278;70.5;60.2
46;2021-08-01;11;3;122035;104281;70.5;60.2
46;2021-08-02;964;584;122999;104865;71.0;60.6
46;2021-08-03;1346;677;124345;105542;71.8;60.9
46;2021-08-04;1736;603;126081;106145;72.8;61.3
46;2021-08-05;1376;842;127457;106987;73.6;61.8
46;2021-08-06;1394;845;128851;107832;74.4;62.3
46;2021-08-07;703;542;129554;108374;74.8;62.6
46;2021-08-08;94;66;129648;108440;74.9;62.6
46;2021-08-09;1007;693;130655;109133;75.5;63.0
46;2021-08-10;1190;891;131845;110024;76.1;63.5
46;2021-08-11;1240;1068;133085;111092;76.9;64.2
46;2021-08-12;988;796;134073;111888;77.4;64.6
46;2021-08-13;939;997;135012;112885;78.0;65.2
46;2021-08-14;583;774;135595;113659;78.3;65.6
46;2021-08-15;8;27;135603;113686;78.3;65.7
46;2021-08-16;791;802;136394;114488;78.8;66.1
46;2021-08-17;879;1284;137273;115772;79.3;66.9
46;2021-08-18;715;1049;137988;116821;79.7;67.5
46;2021-08-19;661;1358;138649;118179;80.1;68.2
47;2020-12-27;0;0;0;0;0.0;0.0
47;2020-12-28;0;0;0;0;0.0;0.0
47;2020-12-29;0;0;0;0;0.0;0.0
47;2020-12-30;0;0;0;0;0.0;0.0
47;2020-12-31;0;0;0;0;0.0;0.0
47;2021-01-01;4;0;4;0;0.0;0.0
47;2021-01-02;0;0;4;0;0.0;0.0
47;2021-01-03;0;0;4;0;0.0;0.0
47;2021-01-04;0;0;4;0;0.0;0.0
47;2021-01-05;0;0;4;0;0.0;0.0
47;2021-01-06;0;0;4;0;0.0;0.0
47;2021-01-07;71;1;75;1;0.0;0.0
47;2021-01-08;314;0;389;1;0.1;0.0
47;2021-01-09;113;0;502;1;0.2;0.0
47;2021-01-10;0;0;502;1;0.2;0.0
47;2021-01-11;249;0;751;1;0.2;0.0
47;2021-01-12;327;0;1078;1;0.3;0.0
47;2021-01-13;349;0;1427;1;0.4;0.0
47;2021-01-14;364;4;1791;5;0.5;0.0
47;2021-01-15;287;1;2078;6;0.6;0.0
47;2021-01-16;176;4;2254;10;0.7;0.0
47;2021-01-17;0;0;2254;10;0.7;0.0
47;2021-01-18;485;1;2739;11;0.8;0.0
47;2021-01-19;469;2;3208;13;1.0;0.0
47;2021-01-20;513;0;3721;13;1.1;0.0
47;2021-01-21;585;0;4306;13;1.3;0.0
47;2021-01-22;470;0;4776;13;1.4;0.0
47;2021-01-23;390;1;5166;14;1.6;0.0
47;2021-01-24;0;0;5166;14;1.6;0.0
47;2021-01-25;426;0;5592;14;1.7;0.0
47;2021-01-26;789;4;6381;18;1.9;0.0
47;2021-01-27;732;0;7113;18;2.2;0.0
47;2021-01-28;575;66;7688;84;2.3;0.0
47;2021-01-29;461;171;8149;255;2.5;0.1
47;2021-01-30;301;39;8450;294;2.6;0.1
47;2021-01-31;0;0;8450;294;2.6;0.1
47;2021-02-01;374;116;8824;410;2.7;0.1
47;2021-02-02;759;317;9583;727;2.9;0.2
47;2021-02-03;425;163;10008;890;3.0;0.3
47;2021-02-04;370;318;10378;1208;3.1;0.4
47;2021-02-05;300;311;10678;1519;3.2;0.5
47;2021-02-06;296;99;10974;1618;3.3;0.5
47;2021-02-07;0;0;10974;1618;3.3;0.5
47;2021-02-08;184;285;11158;1903;3.4;0.6
47;2021-02-09;231;259;11389;2162;3.4;0.7
47;2021-02-10;254;247;11643;2409;3.5;0.7
47;2021-02-11;356;379;11999;2788;3.6;0.8
47;2021-02-12;243;413;12242;3201;3.7;1.0
47;2021-02-13;226;111;12468;3312;3.8;1.0
47;2021-02-14;0;0;12468;3312;3.8;1.0
47;2021-02-15;194;384;12662;3696;3.8;1.1
47;2021-02-16;303;588;12965;4284;3.9;1.3
47;2021-02-17;326;456;13291;4740;4.0;1.4
47;2021-02-18;200;600;13491;5340;4.1;1.6
47;2021-02-19;194;365;13685;5705;4.1;1.7
47;2021-02-20;117;269;13802;5974;4.2;1.8
47;2021-02-21;0;0;13802;5974;4.2;1.8
47;2021-02-22;75;407;13877;6381;4.2;1.9
47;2021-02-23;151;648;14028;7029;4.2;2.1
47;2021-02-24;261;562;14289;7591;4.3;2.3
47;2021-02-25;304;413;14593;8004;4.4;2.4
47;2021-02-26;468;321;15061;8325;4.6;2.5
47;2021-02-27;324;213;15385;8538;4.7;2.6
47;2021-02-28;0;0;15385;8538;4.7;2.6
47;2021-03-01;124;397;15509;8935;4.7;2.7
47;2021-03-02;200;366;15709;9301;4.8;2.8
47;2021-03-03;244;350;15953;9651;4.8;2.9
47;2021-03-04;591;331;16544;9982;5.0;3.0
47;2021-03-05;844;288;17388;10270;5.3;3.1
47;2021-03-06;507;193;17895;10463;5.4;3.2
47;2021-03-07;331;6;18226;10469;5.5;3.2
47;2021-03-08;458;227;18684;10696;5.7;3.2
47;2021-03-09;509;492;19193;11188;5.8;3.4
47;2021-03-10;666;300;19859;11488;6.0;3.5
47;2021-03-11;938;380;20797;11868;6.3;3.6
47;2021-03-12;1370;298;22167;12166;6.7;3.7
47;2021-03-13;950;109;23117;12275;7.0;3.7
47;2021-03-14;51;0;23168;12275;7.0;3.7
47;2021-03-15;592;162;23760;12437;7.2;3.8
47;2021-03-16;750;177;24510;12614;7.4;3.8
47;2021-03-17;860;209;25370;12823;7.7;3.9
47;2021-03-18;917;178;26287;13001;8.0;3.9
47;2021-03-19;1271;125;27558;13126;8.3;4.0
47;2021-03-20;1086;58;28644;13184;8.7;4.0
47;2021-03-21;344;1;28988;13185;8.8;4.0
47;2021-03-22;1012;95;30000;13280;9.1;4.0
47;2021-03-23;1147;148;31147;13428;9.4;4.1
47;2021-03-24;1212;130;32359;13558;9.8;4.1
47;2021-03-25;1566;150;33925;13708;10.3;4.1
47;2021-03-26;1882;200;35807;13908;10.8;4.2
47;2021-03-27;980;129;36787;14037;11.1;4.2
47;2021-03-28;699;4;37486;14041;11.3;4.3
47;2021-03-29;1512;81;38998;14122;11.8;4.3
47;2021-03-30;1643;126;40641;14248;12.3;4.3
47;2021-03-31;1605;151;42246;14399;12.8;4.4
47;2021-04-01;1682;267;43928;14666;13.3;4.4
47;2021-04-02;1934;457;45862;15123;13.9;4.6
47;2021-04-03;1202;180;47064;15303;14.2;4.6
47;2021-04-04;475;13;47539;15316;14.4;4.6
47;2021-04-05;1296;57;48835;15373;14.8;4.7
47;2021-04-06;1386;386;50221;15759;15.2;4.8
47;2021-04-07;1694;592;51915;16351;15.7;4.9
47;2021-04-08;1834;478;53749;16829;16.3;5.1
47;2021-04-09;2082;544;55831;17373;16.9;5.3
47;2021-04-10;1564;326;57395;17699;17.4;5.4
47;2021-04-11;530;9;57925;17708;17.5;5.4
47;2021-04-12;1437;610;59362;18318;18.0;5.5
47;2021-04-13;1817;765;61179;19083;18.5;5.8
47;2021-04-14;1749;719;62928;19802;19.0;6.0
47;2021-04-15;2012;845;64940;20647;19.7;6.3
47;2021-04-16;1767;894;66707;21541;20.2;6.5
47;2021-04-17;1472;970;68179;22511;20.6;6.8
47;2021-04-18;23;0;68202;22511;20.6;6.8
47;2021-04-19;1332;931;69534;23442;21.0;7.1
47;2021-04-20;1626;905;71160;24347;21.5;7.4
47;2021-04-21;1626;771;72786;25118;22.0;7.6
47;2021-04-22;1872;1060;74658;26178;22.6;7.9
47;2021-04-23;1726;1073;76384;27251;23.1;8.2
47;2021-04-24;1549;802;77933;28053;23.6;8.5
47;2021-04-25;242;345;78175;28398;23.7;8.6
47;2021-04-26;1488;1363;79663;29761;24.1;9.0
47;2021-04-27;1922;1473;81585;31234;24.7;9.5
47;2021-04-28;2090;1589;83675;32823;25.3;9.9
47;2021-04-29;2532;1511;86207;34334;26.1;10.4
47;2021-04-30;2043;1780;88250;36114;26.7;10.9
47;2021-05-01;2262;982;90512;37096;27.4;11.2
47;2021-05-02;21;357;90533;37453;27.4;11.3
47;2021-05-03;1596;1418;92129;38871;27.9;11.8
47;2021-05-04;1647;1729;93776;40600;28.4;12.3
47;2021-05-05;1926;1643;95702;42243;29.0;12.8
47;2021-05-06;2106;1508;97808;43751;29.6;13.2
47;2021-05-07;2001;1623;99809;45374;30.2;13.7
47;2021-05-08;2097;463;101906;45837;30.8;13.9
47;2021-05-09;24;360;101930;46197;30.9;14.0
47;2021-05-10;1202;1670;103132;47867;31.2;14.5
47;2021-05-11;2174;1992;105306;49859;31.9;15.1
47;2021-05-12;2626;1451;107932;51310;32.7;15.5
47;2021-05-13;2381;657;110313;51967;33.4;15.7
47;2021-05-14;2062;859;112375;52826;34.0;16.0
47;2021-05-15;1935;862;114310;53688;34.6;16.3
47;2021-05-16;367;9;114677;53697;34.7;16.3
47;2021-05-17;1885;1123;116562;54820;35.3;16.6
47;2021-05-18;2358;1140;118920;55960;36.0;16.9
47;2021-05-19;2344;760;121264;56720;36.7;17.2
47;2021-05-20;2587;968;123851;57688;37.5;17.5
47;2021-05-21;1538;1134;125389;58822;38.0;17.8
47;2021-05-22;2368;835;127757;59657;38.7;18.1
47;2021-05-23;25;185;127782;59842;38.7;18.1
47;2021-05-24;1549;236;129331;60078;39.2;18.2
47;2021-05-25;1484;1319;130815;61397;39.6;18.6
47;2021-05-26;1599;1088;132414;62485;40.1;18.9
47;2021-05-27;1944;1268;134358;63753;40.7;19.3
47;2021-05-28;1457;1536;135815;65289;41.1;19.8
47;2021-05-29;1152;1126;136967;66415;41.5;20.1
47;2021-05-30;12;45;136979;66460;41.5;20.1
47;2021-05-31;1867;1422;138846;67882;42.0;20.5
47;2021-06-01;1922;1341;140768;69223;42.6;21.0
47;2021-06-02;2101;1333;142869;70556;43.2;21.4
47;2021-06-03;2486;1612;145355;72168;44.0;21.8
47;2021-06-04;1966;2114;147321;74282;44.6;22.5
47;2021-06-05;1638;1475;148959;75757;45.1;22.9
47;2021-06-06;212;70;149171;75827;45.2;23.0
47;2021-06-07;1663;2245;150834;78072;45.7;23.6
47;2021-06-08;1630;1905;152464;79977;46.2;24.2
47;2021-06-09;1823;2127;154287;82104;46.7;24.9
47;2021-06-10;2373;1616;156660;83720;47.4;25.3
47;2021-06-11;1829;2101;158489;85821;48.0;26.0
47;2021-06-12;1352;2103;159841;87924;48.4;26.6
47;2021-06-13;4;10;159845;87934;48.4;26.6
47;2021-06-14;1281;2448;161126;90382;48.8;27.4
47;2021-06-15;1465;2036;162591;92418;49.2;28.0
47;2021-06-16;1207;2187;163798;94605;49.6;28.6
47;2021-06-17;1656;1524;165454;96129;50.1;29.1
47;2021-06-18;1439;2496;166893;98625;50.5;29.9
47;2021-06-19;1538;2456;168431;101081;51.0;30.6
47;2021-06-20;4;33;168435;101114;51.0;30.6
47;2021-06-21;1136;2514;169571;103628;51.3;31.4
47;2021-06-22;758;2503;170329;106131;51.6;32.1
47;2021-06-23;998;2015;171327;108146;51.9;32.7
47;2021-06-24;1211;1935;172538;110081;52.2;33.3
47;2021-06-25;1005;2609;173543;112690;52.5;34.1
47;2021-06-26;988;2789;174531;115479;52.8;35.0
47;2021-06-27;16;349;174547;115828;52.8;35.1
47;2021-06-28;875;2406;175422;118234;53.1;35.8
47;2021-06-29;798;2318;176220;120552;53.3;36.5
47;2021-06-30;730;2307;176950;122859;53.6;37.2
47;2021-07-01;919;2107;177869;124966;53.8;37.8
47;2021-07-02;885;2276;178754;127242;54.1;38.5
47;2021-07-03;728;3042;179482;130284;54.3;39.4
47;2021-07-04;34;12;179516;130296;54.3;39.4
47;2021-07-05;980;2146;180496;132442;54.6;40.1
47;2021-07-06;1007;1957;181503;134399;54.9;40.7
47;2021-07-07;1300;2064;182803;136463;55.3;41.3
47;2021-07-08;1144;2193;183947;138656;55.7;42.0
47;2021-07-09;1050;2408;184997;141064;56.0;42.7
47;2021-07-10;954;2130;185951;143194;56.3;43.3
47;2021-07-11;1;6;185952;143200;56.3;43.3
47;2021-07-12;558;2581;186510;145781;56.5;44.1
47;2021-07-13;1095;2591;187605;148372;56.8;44.9
47;2021-07-14;1165;1578;188770;149950;57.1;45.4
47;2021-07-15;1717;3139;190487;153089;57.7;46.3
47;2021-07-16;1721;2680;192208;155769;58.2;47.2
47;2021-07-17;1198;2459;193406;158228;58.5;47.9
47;2021-07-18;36;188;193442;158416;58.6;48.0
47;2021-07-19;1115;2563;194557;160979;58.9;48.7
47;2021-07-20;1637;2341;196194;163320;59.4;49.4
47;2021-07-21;2188;2241;198382;165561;60.1;50.1
47;2021-07-22;2156;2300;200538;167861;60.7;50.8
47;2021-07-23;2106;2251;202644;170112;61.3;51.5
47;2021-07-24;1109;1912;203753;172024;61.7;52.1
47;2021-07-25;20;1;203773;172025;61.7;52.1
47;2021-07-26;1229;1941;205002;173966;62.1;52.7
47;2021-07-27;2109;1635;207111;175601;62.7;53.2
47;2021-07-28;1874;1594;208985;177195;63.3;53.6
47;2021-07-29;2312;1601;211297;178796;64.0;54.1
47;2021-07-30;1857;1623;213154;180419;64.5;54.6
47;2021-07-31;1479;1667;214633;182086;65.0;55.1
47;2021-08-01;17;8;214650;182094;65.0;55.1
47;2021-08-02;2021;1220;216671;183314;65.6;55.5
47;2021-08-03;2142;1103;218813;184417;66.2;55.8
47;2021-08-04;2168;1520;220981;185937;66.9;56.3
47;2021-08-05;2396;1441;223377;187378;67.6;56.7
47;2021-08-06;1997;1837;225374;189215;68.2;57.3
47;2021-08-07;1601;1415;226975;190630;68.7;57.7
47;2021-08-08;24;22;226999;190652;68.7;57.7
47;2021-08-09;1871;1210;228870;191862;69.3;58.1
47;2021-08-10;1905;1295;230775;193157;69.9;58.5
47;2021-08-11;1796;1400;232571;194557;70.4;58.9
47;2021-08-12;2042;1341;234613;195898;71.0;59.3
47;2021-08-13;1414;1661;236027;197559;71.5;59.8
47;2021-08-14;1340;1442;237367;199001;71.9;60.2
47;2021-08-15;10;18;237377;199019;71.9;60.2
47;2021-08-16;1434;1448;238811;200467;72.3;60.7
47;2021-08-17;1121;1693;239932;202160;72.6;61.2
47;2021-08-18;1169;1707;241101;203867;73.0;61.7
47;2021-08-19;1032;1808;242133;205675;73.3;62.3
48;2020-12-27;0;0;0;0;0.0;0.0
48;2020-12-28;0;0;0;0;0.0;0.0
48;2020-12-29;0;0;0;0;0.0;0.0
48;2020-12-30;0;0;0;0;0.0;0.0
48;2020-12-31;0;0;0;0;0.0;0.0
48;2021-01-01;0;0;0;0;0.0;0.0
48;2021-01-02;0;0;0;0;0.0;0.0
48;2021-01-03;0;0;0;0;0.0;0.0
48;2021-01-04;0;0;0;0;0.0;0.0
48;2021-01-05;0;0;0;0;0.0;0.0
48;2021-01-06;0;0;0;0;0.0;0.0
48;2021-01-07;56;0;56;0;0.1;0.0
48;2021-01-08;87;0;143;0;0.2;0.0
48;2021-01-09;1;0;144;0;0.2;0.0
48;2021-01-10;0;0;144;0;0.2;0.0
48;2021-01-11;13;0;157;0;0.2;0.0
48;2021-01-12;19;1;176;1;0.2;0.0
48;2021-01-13;104;0;280;1;0.4;0.0
48;2021-01-14;90;1;370;2;0.5;0.0
48;2021-01-15;63;0;433;2;0.6;0.0
48;2021-01-16;0;0;433;2;0.6;0.0
48;2021-01-17;0;0;433;2;0.6;0.0
48;2021-01-18;117;0;550;2;0.7;0.0
48;2021-01-19;345;0;895;2;1.2;0.0
48;2021-01-20;364;0;1259;2;1.7;0.0
48;2021-01-21;465;0;1724;2;2.3;0.0
48;2021-01-22;269;0;1993;2;2.6;0.0
48;2021-01-23;36;0;2029;2;2.7;0.0
48;2021-01-24;0;0;2029;2;2.7;0.0
48;2021-01-25;109;2;2138;4;2.8;0.0
48;2021-01-26;261;0;2399;4;3.1;0.0
48;2021-01-27;257;2;2656;6;3.5;0.0
48;2021-01-28;270;10;2926;16;3.8;0.0
48;2021-01-29;175;60;3101;76;4.1;0.1
48;2021-01-30;1;7;3102;83;4.1;0.1
48;2021-01-31;0;6;3102;89;4.1;0.1
48;2021-02-01;98;47;3200;136;4.2;0.2
48;2021-02-02;191;36;3391;172;4.4;0.2
48;2021-02-03;177;82;3568;254;4.7;0.3
48;2021-02-04;234;14;3802;268;5.0;0.4
48;2021-02-05;144;36;3946;304;5.2;0.4
48;2021-02-06;34;0;3980;304;5.2;0.4
48;2021-02-07;0;0;3980;304;5.2;0.4
48;2021-02-08;50;61;4030;365;5.3;0.5
48;2021-02-09;66;167;4096;532;5.4;0.7
48;2021-02-10;65;303;4161;835;5.5;1.1
48;2021-02-11;165;407;4326;1242;5.7;1.6
48;2021-02-12;120;155;4446;1397;5.8;1.8
48;2021-02-13;8;55;4454;1452;5.8;1.9
48;2021-02-14;0;0;4454;1452;5.8;1.9
48;2021-02-15;51;106;4505;1558;5.9;2.0
48;2021-02-16;43;173;4548;1731;6.0;2.3
48;2021-02-17;35;284;4583;2015;6.0;2.6
48;2021-02-18;252;107;4835;2122;6.3;2.8
48;2021-02-19;60;183;4895;2305;6.4;3.0
48;2021-02-20;0;1;4895;2306;6.4;3.0
48;2021-02-21;0;14;4895;2320;6.4;3.0
48;2021-02-22;24;129;4919;2449;6.4;3.2
48;2021-02-23;74;222;4993;2671;6.5;3.5
48;2021-02-24;68;265;5061;2936;6.6;3.8
48;2021-02-25;148;263;5209;3199;6.8;4.2
48;2021-02-26;51;229;5260;3428;6.9;4.5
48;2021-02-27;28;1;5288;3429;6.9;4.5
48;2021-02-28;3;14;5291;3443;6.9;4.5
48;2021-03-01;102;96;5393;3539;7.1;4.6
48;2021-03-02;199;87;5592;3626;7.3;4.8
48;2021-03-03;155;110;5747;3736;7.5;4.9
48;2021-03-04;194;183;5941;3919;7.8;5.1
48;2021-03-05;136;141;6077;4060;8.0;5.3
48;2021-03-06;180;53;6257;4113;8.2;5.4
48;2021-03-07;75;2;6332;4115;8.3;5.4
48;2021-03-08;352;122;6684;4237;8.8;5.6
48;2021-03-09;377;87;7061;4324;9.3;5.7
48;2021-03-10;263;61;7324;4385;9.6;5.7
48;2021-03-11;334;90;7658;4475;10.0;5.9
48;2021-03-12;255;154;7913;4629;10.4;6.1
48;2021-03-13;301;5;8214;4634;10.8;6.1
48;2021-03-14;8;0;8222;4634;10.8;6.1
48;2021-03-15;174;63;8396;4697;11.0;6.2
48;2021-03-16;166;66;8562;4763;11.2;6.2
48;2021-03-17;156;110;8718;4873;11.4;6.4
48;2021-03-18;190;104;8908;4977;11.7;6.5
48;2021-03-19;116;96;9024;5073;11.8;6.6
48;2021-03-20;101;0;9125;5073;12.0;6.6
48;2021-03-21;0;0;9125;5073;12.0;6.6
48;2021-03-22;160;22;9285;5095;12.2;6.7
48;2021-03-23;329;103;9614;5198;12.6;6.8
48;2021-03-24;284;99;9898;5297;13.0;6.9
48;2021-03-25;757;119;10655;5416;14.0;7.1
48;2021-03-26;269;60;10924;5476;14.3;7.2
48;2021-03-27;104;1;11028;5477;14.5;7.2
48;2021-03-28;79;19;11107;5496;14.6;7.2
48;2021-03-29;304;80;11411;5576;15.0;7.3
48;2021-03-30;362;130;11773;5706;15.4;7.5
48;2021-03-31;448;86;12221;5792;16.0;7.6
48;2021-04-01;729;71;12950;5863;17.0;7.7
48;2021-04-02;487;131;13437;5994;17.6;7.9
48;2021-04-03;140;83;13577;6077;17.8;8.0
48;2021-04-04;0;0;13577;6077;17.8;8.0
48;2021-04-05;43;1;13620;6078;17.9;8.0
48;2021-04-06;465;159;14085;6237;18.5;8.2
48;2021-04-07;465;140;14550;6377;19.1;8.4
48;2021-04-08;620;187;15170;6564;19.9;8.6
48;2021-04-09;446;120;15616;6684;20.5;8.8
48;2021-04-10;95;60;15711;6744;20.6;8.8
48;2021-04-11;2;0;15713;6744;20.6;8.8
48;2021-04-12;364;71;16077;6815;21.1;8.9
48;2021-04-13;361;92;16438;6907;21.5;9.1
48;2021-04-14;624;186;17062;7093;22.4;9.3
48;2021-04-15;699;357;17761;7450;23.3;9.8
48;2021-04-16;538;226;18299;7676;24.0;10.1
48;2021-04-17;89;71;18388;7747;24.1;10.2
48;2021-04-18;0;0;18388;7747;24.1;10.2
48;2021-04-19;197;106;18585;7853;24.4;10.3
48;2021-04-20;216;181;18801;8034;24.6;10.5
48;2021-04-21;284;208;19085;8242;25.0;10.8
48;2021-04-22;307;480;19392;8722;25.4;11.4
48;2021-04-23;255;241;19647;8963;25.8;11.7
48;2021-04-24;97;93;19744;9056;25.9;11.9
48;2021-04-25;1;9;19745;9065;25.9;11.9
48;2021-04-26;87;209;19832;9274;26.0;12.2
48;2021-04-27;172;292;20004;9566;26.2;12.5
48;2021-04-28;149;414;20153;9980;26.4;13.1
48;2021-04-29;204;490;20357;10470;26.7;13.7
48;2021-04-30;172;226;20529;10696;26.9;14.0
48;2021-05-01;0;0;20529;10696;26.9;14.0
48;2021-05-02;0;0;20529;10696;26.9;14.0
48;2021-05-03;106;386;20635;11082;27.0;14.5
48;2021-05-04;227;421;20862;11503;27.3;15.1
48;2021-05-05;84;485;20946;11988;27.5;15.7
48;2021-05-06;742;638;21688;12626;28.4;16.6
48;2021-05-07;96;504;21784;13130;28.6;17.2
48;2021-05-08;309;43;22093;13173;29.0;17.3
48;2021-05-09;285;9;22378;13182;29.3;17.3
48;2021-05-10;55;325;22433;13507;29.4;17.7
48;2021-05-11;221;292;22654;13799;29.7;18.1
48;2021-05-12;249;312;22903;14111;30.0;18.5
48;2021-05-13;472;157;23375;14268;30.6;18.7
48;2021-05-14;244;221;23619;14489;31.0;19.0
48;2021-05-15;84;47;23703;14536;31.1;19.1
48;2021-05-16;1;8;23704;14544;31.1;19.1
48;2021-05-17;474;267;24178;14811;31.7;19.4
48;2021-05-18;264;229;24442;15040;32.0;19.7
48;2021-05-19;207;278;24649;15318;32.3;20.1
48;2021-05-20;320;256;24969;15574;32.7;20.4
48;2021-05-21;172;267;25141;15841;33.0;20.8
48;2021-05-22;25;50;25166;15891;33.0;20.8
48;2021-05-23;0;6;25166;15897;33.0;20.8
48;2021-05-24;0;14;25166;15911;33.0;20.9
48;2021-05-25;180;266;25346;16177;33.2;21.2
48;2021-05-26;416;298;25762;16475;33.8;21.6
48;2021-05-27;1176;377;26938;16852;35.3;22.1
48;2021-05-28;315;350;27253;17202;35.7;22.5
48;2021-05-29;79;50;27332;17252;35.8;22.6
48;2021-05-30;0;1;27332;17253;35.8;22.6
48;2021-05-31;625;263;27957;17516;36.6;23.0
48;2021-06-01;272;305;28229;17821;37.0;23.4
48;2021-06-02;407;424;28636;18245;37.5;23.9
48;2021-06-03;629;430;29265;18675;38.4;24.5
48;2021-06-04;291;282;29556;18957;38.7;24.8
48;2021-06-05;121;77;29677;19034;38.9;25.0
48;2021-06-06;1;1;29678;19035;38.9;25.0
48;2021-06-07;440;161;30118;19196;39.5;25.2
48;2021-06-08;614;307;30732;19503;40.3;25.6
48;2021-06-09;379;189;31111;19692;40.8;25.8
48;2021-06-10;1002;239;32113;19931;42.1;26.1
48;2021-06-11;372;159;32485;20090;42.6;26.3
48;2021-06-12;74;56;32559;20146;42.7;26.4
48;2021-06-13;0;2;32559;20148;42.7;26.4
48;2021-06-14;124;115;32683;20263;42.8;26.6
48;2021-06-15;407;385;33090;20648;43.4;27.1
48;2021-06-16;260;144;33350;20792;43.7;27.3
48;2021-06-17;486;575;33836;21367;44.4;28.0
48;2021-06-18;254;314;34090;21681;44.7;28.4
48;2021-06-19;35;291;34125;21972;44.7;28.8
48;2021-06-20;123;224;34248;22196;44.9;29.1
48;2021-06-21;124;132;34372;22328;45.1;29.3
48;2021-06-22;258;333;34630;22661;45.4;29.7
48;2021-06-23;111;546;34741;23207;45.5;30.4
48;2021-06-24;364;608;35105;23815;46.0;31.2
48;2021-06-25;153;276;35258;24091;46.2;31.6
48;2021-06-26;15;45;35273;24136;46.2;31.6
48;2021-06-27;1;1;35274;24137;46.2;31.6
48;2021-06-28;81;177;35355;24314;46.3;31.9
48;2021-06-29;297;413;35652;24727;46.7;32.4
48;2021-06-30;97;465;35749;25192;46.9;33.0
48;2021-07-01;194;665;35943;25857;47.1;33.9
48;2021-07-02;148;369;36091;26226;47.3;34.4
48;2021-07-03;41;89;36132;26315;47.4;34.5
48;2021-07-04;7;0;36139;26315;47.4;34.5
48;2021-07-05;40;115;36179;26430;47.4;34.6
48;2021-07-06;278;597;36457;27027;47.8;35.4
48;2021-07-07;201;485;36658;27512;48.1;36.1
48;2021-07-08;224;1191;36882;28703;48.3;37.6
48;2021-07-09;156;552;37038;29255;48.6;38.3
48;2021-07-10;95;148;37133;29403;48.7;38.5
48;2021-07-11;0;4;37133;29407;48.7;38.5
48;2021-07-12;140;673;37273;30080;48.9;39.4
48;2021-07-13;212;431;37485;30511;49.1;40.0
48;2021-07-14;178;144;37663;30655;49.4;40.2
48;2021-07-15;187;458;37850;31113;49.6;40.8
48;2021-07-16;234;314;38084;31427;49.9;41.2
48;2021-07-17;128;118;38212;31545;50.1;41.4
48;2021-07-18;4;5;38216;31550;50.1;41.4
48;2021-07-19;105;305;38321;31855;50.2;41.8
48;2021-07-20;654;992;38975;32847;51.1;43.1
48;2021-07-21;68;371;39043;33218;51.2;43.5
48;2021-07-22;779;1124;39822;34342;52.2;45.0
48;2021-07-23;364;437;40186;34779;52.7;45.6
48;2021-07-24;505;170;40691;34949;53.3;45.8
48;2021-07-25;137;46;40828;34995;53.5;45.9
48;2021-07-26;100;198;40928;35193;53.7;46.1
48;2021-07-27;1194;642;42122;35835;55.2;47.0
48;2021-07-28;176;316;42298;36151;55.4;47.4
48;2021-07-29;708;639;43006;36790;56.4;48.2
48;2021-07-30;199;293;43205;37083;56.6;48.6
48;2021-07-31;336;179;43541;37262;57.1;48.8
48;2021-08-01;18;55;43559;37317;57.1;48.9
48;2021-08-02;225;160;43784;37477;57.4;49.1
48;2021-08-03;894;567;44678;38044;58.6;49.9
48;2021-08-04;325;219;45003;38263;59.0;50.2
48;2021-08-05;673;466;45676;38729;59.9;50.8
48;2021-08-06;435;273;46111;39002;60.4;51.1
48;2021-08-07;249;123;46360;39125;60.8;51.3
48;2021-08-08;1;5;46361;39130;60.8;51.3
48;2021-08-09;170;140;46531;39270;61.0;51.5
48;2021-08-10;722;552;47253;39822;61.9;52.2
48;2021-08-11;296;235;47549;40057;62.3;52.5
48;2021-08-12;417;409;47966;40466;62.9;53.0
48;2021-08-13;218;209;48184;40675;63.2;53.3
48;2021-08-14;135;163;48319;40838;63.3;53.5
48;2021-08-15;131;80;48450;40918;63.5;53.6
48;2021-08-16;118;187;48568;41105;63.7;53.9
48;2021-08-17;369;1187;48937;42292;64.1;55.4
48;2021-08-18;209;200;49146;42492;64.4;55.7
48;2021-08-19;236;318;49382;42810;64.7;56.1
49;2020-12-27;0;0;0;0;0.0;0.0
49;2020-12-28;2;0;2;0;0.0;0.0
49;2020-12-29;0;0;2;0;0.0;0.0
49;2020-12-30;0;0;2;0;0.0;0.0
49;2020-12-31;0;0;2;0;0.0;0.0
49;2021-01-01;2;0;4;0;0.0;0.0
49;2021-01-02;1;1;5;1;0.0;0.0
49;2021-01-03;0;0;5;1;0.0;0.0
49;2021-01-04;10;0;15;1;0.0;0.0
49;2021-01-05;92;0;107;1;0.0;0.0
49;2021-01-06;232;0;339;1;0.0;0.0
49;2021-01-07;366;0;705;1;0.1;0.0
49;2021-01-08;329;1;1034;2;0.1;0.0
49;2021-01-09;118;0;1152;2;0.1;0.0
49;2021-01-10;114;0;1266;2;0.2;0.0
49;2021-01-11;287;0;1553;2;0.2;0.0
49;2021-01-12;623;0;2176;2;0.3;0.0
49;2021-01-13;602;2;2778;4;0.3;0.0
49;2021-01-14;590;6;3368;10;0.4;0.0
49;2021-01-15;775;1;4143;11;0.5;0.0
49;2021-01-16;147;0;4290;11;0.5;0.0
49;2021-01-17;111;2;4401;13;0.5;0.0
49;2021-01-18;691;0;5092;13;0.6;0.0
49;2021-01-19;1204;1;6296;14;0.8;0.0
49;2021-01-20;1510;3;7806;17;1.0;0.0
49;2021-01-21;1940;4;9746;21;1.2;0.0
49;2021-01-22;1319;5;11065;26;1.4;0.0
49;2021-01-23;263;1;11328;27;1.4;0.0
49;2021-01-24;0;0;11328;27;1.4;0.0
49;2021-01-25;552;5;11880;32;1.5;0.0
49;2021-01-26;987;75;12867;107;1.6;0.0
49;2021-01-27;1854;37;14721;144;1.8;0.0
49;2021-01-28;2876;88;17597;232;2.2;0.0
49;2021-01-29;1589;93;19186;325;2.4;0.0
49;2021-01-30;300;47;19486;372;2.4;0.0
49;2021-01-31;62;51;19548;423;2.4;0.1
49;2021-02-01;661;164;20209;587;2.5;0.1
49;2021-02-02;743;386;20952;973;2.6;0.1
49;2021-02-03;675;379;21627;1352;2.7;0.2
49;2021-02-04;758;446;22385;1798;2.7;0.2
49;2021-02-05;707;598;23092;2396;2.8;0.3
49;2021-02-06;229;111;23321;2507;2.9;0.3
49;2021-02-07;59;84;23380;2591;2.9;0.3
49;2021-02-08;549;480;23929;3071;2.9;0.4
49;2021-02-09;713;647;24642;3718;3.0;0.5
49;2021-02-10;806;953;25448;4671;3.1;0.6
49;2021-02-11;1018;1409;26466;6080;3.2;0.7
49;2021-02-12;870;978;27336;7058;3.4;0.9
49;2021-02-13;266;118;27602;7176;3.4;0.9
49;2021-02-14;9;106;27611;7282;3.4;0.9
49;2021-02-15;731;663;28342;7945;3.5;1.0
49;2021-02-16;1106;1125;29448;9070;3.6;1.1
49;2021-02-17;1159;1870;30607;10940;3.8;1.3
49;2021-02-18;1811;2439;32418;13379;4.0;1.6
49;2021-02-19;1395;1110;33813;14489;4.1;1.8
49;2021-02-20;233;384;34046;14873;4.2;1.8
49;2021-02-21;0;64;34046;14937;4.2;1.8
49;2021-02-22;646;576;34692;15513;4.3;1.9
49;2021-02-23;735;860;35427;16373;4.3;2.0
49;2021-02-24;822;644;36249;17017;4.4;2.1
49;2021-02-25;1208;813;37457;17830;4.6;2.2
49;2021-02-26;1678;848;39135;18678;4.8;2.3
49;2021-02-27;435;282;39570;18960;4.8;2.3
49;2021-02-28;49;39;39619;18999;4.9;2.3
49;2021-03-01;766;585;40385;19584;4.9;2.4
49;2021-03-02;1083;701;41468;20285;5.1;2.5
49;2021-03-03;1559;673;43027;20958;5.3;2.6
49;2021-03-04;1767;936;44794;21894;5.5;2.7
49;2021-03-05;2212;694;47006;22588;5.8;2.8
49;2021-03-06;716;188;47722;22776;5.8;2.8
49;2021-03-07;627;12;48349;22788;5.9;2.8
49;2021-03-08;1396;716;49745;23504;6.1;2.9
49;2021-03-09;2051;740;51796;24244;6.3;3.0
49;2021-03-10;2528;863;54324;25107;6.7;3.1
49;2021-03-11;3195;1471;57519;26578;7.0;3.3
49;2021-03-12;3766;1005;61285;27583;7.5;3.4
49;2021-03-13;1501;219;62786;27802;7.7;3.4
49;2021-03-14;6;0;62792;27802;7.7;3.4
49;2021-03-15;2084;535;64876;28337;8.0;3.5
49;2021-03-16;1732;961;66608;29298;8.2;3.6
49;2021-03-17;1811;672;68419;29970;8.4;3.7
49;2021-03-18;2203;730;70622;30700;8.7;3.8
49;2021-03-19;3331;561;73953;31261;9.1;3.8
49;2021-03-20;1743;206;75696;31467;9.3;3.9
49;2021-03-21;499;23;76195;31490;9.3;3.9
49;2021-03-22;2247;547;78442;32037;9.6;3.9
49;2021-03-23;3405;678;81847;32715;10.0;4.0
49;2021-03-24;3602;499;85449;33214;10.5;4.1
49;2021-03-25;4226;649;89675;33863;11.0;4.2
49;2021-03-26;4884;505;94559;34368;11.6;4.2
49;2021-03-27;1674;98;96233;34466;11.8;4.2
49;2021-03-28;400;30;96633;34496;11.8;4.2
49;2021-03-29;2372;611;99005;35107;12.1;4.3
49;2021-03-30;3269;939;102274;36046;12.5;4.4
49;2021-03-31;2979;750;105253;36796;12.9;4.5
49;2021-04-01;4121;869;109374;37665;13.4;4.6
49;2021-04-02;4295;946;113669;38611;13.9;4.7
49;2021-04-03;971;194;114640;38805;14.1;4.8
49;2021-04-04;315;3;114955;38808;14.1;4.8
49;2021-04-05;942;21;115897;38829;14.2;4.8
49;2021-04-06;2331;1322;118228;40151;14.5;4.9
49;2021-04-07;3308;1362;121536;41513;14.9;5.1
49;2021-04-08;5182;1411;126718;42924;15.5;5.3
49;2021-04-09;6207;1430;132925;44354;16.3;5.4
49;2021-04-10;2068;500;134993;44854;16.5;5.5
49;2021-04-11;390;8;135383;44862;16.6;5.5
49;2021-04-12;4073;1570;139456;46432;17.1;5.7
49;2021-04-13;5380;1912;144836;48344;17.8;5.9
49;2021-04-14;4542;1875;149378;50219;18.3;6.2
49;2021-04-15;5379;1885;154757;52104;19.0;6.4
49;2021-04-16;5759;2137;160516;54241;19.7;6.6
49;2021-04-17;3336;849;163852;55090;20.1;6.8
49;2021-04-18;381;476;164233;55566;20.1;6.8
49;2021-04-19;3710;2055;167943;57621;20.6;7.1
49;2021-04-20;4375;2112;172318;59733;21.1;7.3
49;2021-04-21;3954;2209;176272;61942;21.6;7.6
49;2021-04-22;4834;2104;181106;64046;22.2;7.8
49;2021-04-23;4812;2331;185918;66377;22.8;8.1
49;2021-04-24;2937;1157;188855;67534;23.1;8.3
49;2021-04-25;40;282;188895;67816;23.2;8.3
49;2021-04-26;3739;2113;192634;69929;23.6;8.6
49;2021-04-27;4473;2507;197107;72436;24.2;8.9
49;2021-04-28;4617;2496;201724;74932;24.7;9.2
49;2021-04-29;5207;3018;206931;77950;25.4;9.6
49;2021-04-30;5556;3203;212487;81153;26.0;9.9
49;2021-05-01;2363;666;214850;81819;26.3;10.0
49;2021-05-02;5;40;214855;81859;26.3;10.0
49;2021-05-03;5011;2408;219866;84267;26.9;10.3
49;2021-05-04;4971;3043;224837;87310;27.6;10.7
49;2021-05-05;4786;3003;229623;90313;28.1;11.1
49;2021-05-06;5330;3080;234953;93393;28.8;11.4
49;2021-05-07;4281;5031;239234;98424;29.3;12.1
49;2021-05-08;3576;437;242810;98861;29.8;12.1
49;2021-05-09;10;41;242820;98902;29.8;12.1
49;2021-05-10;4831;4278;247651;103180;30.4;12.6
49;2021-05-11;5396;5085;253047;108265;31.0;13.3
49;2021-05-12;4802;4596;257849;112861;31.6;13.8
49;2021-05-13;4779;689;262628;113550;32.2;13.9
49;2021-05-14;5173;3271;267801;116821;32.8;14.3
49;2021-05-15;4155;1807;271956;118628;33.3;14.5
49;2021-05-16;2788;119;274744;118747;33.7;14.6
49;2021-05-17;4834;3692;279578;122439;34.3;15.0
49;2021-05-18;5473;3771;285051;126210;34.9;15.5
49;2021-05-19;5917;3231;290968;129441;35.7;15.9
49;2021-05-20;6795;2964;297763;132405;36.5;16.2
49;2021-05-21;6453;3742;304216;136147;37.3;16.7
49;2021-05-22;5186;1193;309402;137340;37.9;16.8
49;2021-05-23;1;12;309403;137352;37.9;16.8
49;2021-05-24;4217;447;313620;137799;38.4;16.9
49;2021-05-25;6331;3307;319951;141106;39.2;17.3
49;2021-05-26;6273;2668;326224;143774;40.0;17.6
49;2021-05-27;7110;2724;333334;146498;40.9;18.0
49;2021-05-28;6874;4019;340208;150517;41.7;18.4
49;2021-05-29;5024;1898;345232;152415;42.3;18.7
49;2021-05-30;20;13;345252;152428;42.3;18.7
49;2021-05-31;6038;3223;351290;155651;43.1;19.1
49;2021-06-01;6587;3987;357877;159638;43.9;19.6
49;2021-06-02;5793;3745;363670;163383;44.6;20.0
49;2021-06-03;6603;3424;370273;166807;45.4;20.4
49;2021-06-04;6470;4863;376743;171670;46.2;21.0
49;2021-06-05;4387;2696;381130;174366;46.7;21.4
49;2021-06-06;35;52;381165;174418;46.7;21.4
49;2021-06-07;4632;4761;385797;179179;47.3;22.0
49;2021-06-08;5185;5103;390982;184282;47.9;22.6
49;2021-06-09;5320;4502;396302;188784;48.6;23.1
49;2021-06-10;5999;3782;402301;192566;49.3;23.6
49;2021-06-11;4853;6034;407154;198600;49.9;24.3
49;2021-06-12;4102;3202;411256;201802;50.4;24.7
49;2021-06-13;19;989;411275;202791;50.4;24.9
49;2021-06-14;3409;6018;414684;208809;50.8;25.6
49;2021-06-15;4243;6400;418927;215209;51.3;26.4
49;2021-06-16;4149;5681;423076;220890;51.9;27.1
49;2021-06-17;5068;5077;428144;225967;52.5;27.7
49;2021-06-18;4130;6887;432274;232854;53.0;28.5
49;2021-06-19;3525;3974;435799;236828;53.4;29.0
49;2021-06-20;30;23;435829;236851;53.4;29.0
49;2021-06-21;2828;6512;438657;243363;53.8;29.8
49;2021-06-22;3201;7007;441858;250370;54.2;30.7
49;2021-06-23;3253;6317;445111;256687;54.6;31.5
49;2021-06-24;4311;4978;449422;261665;55.1;32.1
49;2021-06-25;3318;7450;452740;269115;55.5;33.0
49;2021-06-26;2569;4627;455309;273742;55.8;33.6
49;2021-06-27;15;1544;455324;275286;55.8;33.7
49;2021-06-28;2232;7187;457556;282473;56.1;34.6
49;2021-06-29;3025;7273;460581;289746;56.5;35.5
49;2021-06-30;2821;6808;463402;296554;56.8;36.3
49;2021-07-01;3083;6271;466485;302825;57.2;37.1
49;2021-07-02;2899;8071;469384;310896;57.5;38.1
49;2021-07-03;1994;5484;471378;316380;57.8;38.8
49;2021-07-04;7;53;471385;316433;57.8;38.8
49;2021-07-05;1628;7077;473013;323510;58.0;39.7
49;2021-07-06;1885;7553;474898;331063;58.2;40.6
49;2021-07-07;2054;6626;476952;337689;58.5;41.4
49;2021-07-08;2548;6355;479500;344044;58.8;42.2
49;2021-07-09;2301;8250;481801;352294;59.1;43.2
49;2021-07-10;1785;5342;483586;357636;59.3;43.8
49;2021-07-11;11;35;483597;357671;59.3;43.8
49;2021-07-12;1928;7716;485525;365387;59.5;44.8
49;2021-07-13;2562;8311;488087;373698;59.8;45.8
49;2021-07-14;2883;3375;490970;377073;60.2;46.2
49;2021-07-15;3126;7555;494096;384628;60.6;47.1
49;2021-07-16;3314;8300;497410;392928;61.0;48.2
49;2021-07-17;2077;5483;499487;398411;61.2;48.8
49;2021-07-18;3744;581;503231;398992;61.7;48.9
49;2021-07-19;2568;7452;505799;406444;62.0;49.8
49;2021-07-20;3357;7479;509156;413923;62.4;50.7
49;2021-07-21;4150;6465;513306;420388;62.9;51.5
49;2021-07-22;4652;5856;517958;426244;63.5;52.2
49;2021-07-23;4922;6627;522880;432871;64.1;53.1
49;2021-07-24;3596;5000;526476;437871;64.5;53.7
49;2021-07-25;37;32;526513;437903;64.5;53.7
49;2021-07-26;4180;5900;530693;443803;65.0;54.4
49;2021-07-27;5571;5447;536264;449250;65.7;55.1
49;2021-07-28;5939;4358;542203;453608;66.5;55.6
49;2021-07-29;6551;4146;548754;457754;67.3;56.1
49;2021-07-30;6023;4790;554777;462544;68.0;56.7
49;2021-07-31;3938;3415;558715;465959;68.5;57.1
49;2021-08-01;18;22;558733;465981;68.5;57.1
49;2021-08-02;4251;4649;562984;470630;69.0;57.7
49;2021-08-03;5422;3806;568406;474436;69.7;58.2
49;2021-08-04;5206;3706;573612;478142;70.3;58.6
49;2021-08-05;5224;3290;578836;481432;70.9;59.0
49;2021-08-06;5682;4269;584518;485701;71.6;59.5
49;2021-08-07;3903;3037;588421;488738;72.1;59.9
49;2021-08-08;23;36;588444;488774;72.1;59.9
49;2021-08-09;3429;4669;591873;493443;72.5;60.5
49;2021-08-10;4170;3889;596043;497332;73.1;61.0
49;2021-08-11;3914;3641;599957;500973;73.5;61.4
49;2021-08-12;2624;3044;602581;504017;73.9;61.8
49;2021-08-13;3802;4252;606383;508269;74.3;62.3
49;2021-08-14;2267;3145;608650;511414;74.6;62.7
49;2021-08-15;29;26;608679;511440;74.6;62.7
49;2021-08-16;2715;5057;611394;516497;74.9;63.3
49;2021-08-17;3259;4904;614653;521401;75.3;63.9
49;2021-08-18;2951;4100;617604;525501;75.7;64.4
49;2021-08-19;1521;3650;619125;529151;75.9;64.9
50;2020-12-27;0;0;0;0;0.0;0.0
50;2020-12-28;0;0;0;0;0.0;0.0
50;2020-12-29;1;0;1;0;0.0;0.0
50;2020-12-30;0;0;1;0;0.0;0.0
50;2020-12-31;0;0;1;0;0.0;0.0
50;2021-01-01;0;0;1;0;0.0;0.0
50;2021-01-02;0;0;1;0;0.0;0.0
50;2021-01-03;0;0;1;0;0.0;0.0
50;2021-01-04;1;0;2;0;0.0;0.0
50;2021-01-05;0;0;2;0;0.0;0.0
50;2021-01-06;126;0;128;0;0.0;0.0
50;2021-01-07;321;0;449;0;0.1;0.0
50;2021-01-08;436;2;885;2;0.2;0.0
50;2021-01-09;236;0;1121;2;0.2;0.0
50;2021-01-10;23;0;1144;2;0.2;0.0
50;2021-01-11;391;1;1535;3;0.3;0.0
50;2021-01-12;600;0;2135;3;0.4;0.0
50;2021-01-13;694;4;2829;7;0.6;0.0
50;2021-01-14;1046;5;3875;12;0.8;0.0
50;2021-01-15;709;2;4584;14;0.9;0.0
50;2021-01-16;215;3;4799;17;1.0;0.0
50;2021-01-17;1;0;4800;17;1.0;0.0
50;2021-01-18;619;1;5419;18;1.1;0.0
50;2021-01-19;895;3;6314;21;1.3;0.0
50;2021-01-20;965;1;7279;22;1.5;0.0
50;2021-01-21;917;4;8196;26;1.7;0.0
50;2021-01-22;713;2;8909;28;1.8;0.0
50;2021-01-23;667;4;9576;32;2.0;0.0
50;2021-01-24;880;3;10456;35;2.1;0.0
50;2021-01-25;2709;10;13165;45;2.7;0.0
50;2021-01-26;1336;14;14501;59;3.0;0.0
50;2021-01-27;766;56;15267;115;3.1;0.0
50;2021-01-28;718;170;15985;285;3.3;0.1
50;2021-01-29;581;306;16566;591;3.4;0.1
50;2021-01-30;381;165;16947;756;3.5;0.2
50;2021-01-31;0;0;16947;756;3.5;0.2
50;2021-02-01;449;225;17396;981;3.5;0.2
50;2021-02-02;416;236;17812;1217;3.6;0.2
50;2021-02-03;390;378;18202;1595;3.7;0.3
50;2021-02-04;485;452;18687;2047;3.8;0.4
50;2021-02-05;422;450;19109;2497;3.9;0.5
50;2021-02-06;179;114;19288;2611;3.9;0.5
50;2021-02-07;0;0;19288;2611;3.9;0.5
50;2021-02-08;255;509;19543;3120;4.0;0.6
50;2021-02-09;246;642;19789;3762;4.0;0.8
50;2021-02-10;570;557;20359;4319;4.1;0.9
50;2021-02-11;438;915;20797;5234;4.2;1.1
50;2021-02-12;329;672;21126;5906;4.3;1.2
50;2021-02-13;306;489;21432;6395;4.4;1.3
50;2021-02-14;185;826;21617;7221;4.4;1.5
50;2021-02-15;663;2032;22280;9253;4.5;1.9
50;2021-02-16;746;1623;23026;10876;4.7;2.2
50;2021-02-17;632;829;23658;11705;4.8;2.4
50;2021-02-18;569;810;24227;12515;4.9;2.6
50;2021-02-19;630;521;24857;13036;5.1;2.7
50;2021-02-20;423;193;25280;13229;5.2;2.7
50;2021-02-21;85;29;25365;13258;5.2;2.7
50;2021-02-22;291;726;25656;13984;5.2;2.8
50;2021-02-23;502;565;26158;14549;5.3;3.0
50;2021-02-24;624;571;26782;15120;5.5;3.1
50;2021-02-25;778;591;27560;15711;5.6;3.2
50;2021-02-26;999;400;28559;16111;5.8;3.3
50;2021-02-27;887;114;29446;16225;6.0;3.3
50;2021-02-28;111;0;29557;16225;6.0;3.3
50;2021-03-01;489;559;30046;16784;6.1;3.4
50;2021-03-02;651;521;30697;17305;6.3;3.5
50;2021-03-03;797;457;31494;17762;6.4;3.6
50;2021-03-04;1248;342;32742;18104;6.7;3.7
50;2021-03-05;1552;352;34294;18456;7.0;3.8
50;2021-03-06;1319;159;35613;18615;7.3;3.8
50;2021-03-07;550;43;36163;18658;7.4;3.8
50;2021-03-08;1024;624;37187;19282;7.6;3.9
50;2021-03-09;1556;579;38743;19861;7.9;4.0
50;2021-03-10;1607;322;40350;20183;8.2;4.1
50;2021-03-11;2352;358;42702;20541;8.7;4.2
50;2021-03-12;2867;249;45569;20790;9.3;4.2
50;2021-03-13;1993;138;47562;20928;9.7;4.3
50;2021-03-14;279;41;47841;20969;9.8;4.3
50;2021-03-15;1377;297;49218;21266;10.0;4.3
50;2021-03-16;1340;283;50558;21549;10.3;4.4
50;2021-03-17;1295;412;51853;21961;10.6;4.5
50;2021-03-18;1161;428;53014;22389;10.8;4.6
50;2021-03-19;1731;591;54745;22980;11.2;4.7
50;2021-03-20;1685;228;56430;23208;11.5;4.7
50;2021-03-21;794;11;57224;23219;11.7;4.7
50;2021-03-22;1508;336;58732;23555;12.0;4.8
50;2021-03-23;2073;398;60805;23953;12.4;4.9
50;2021-03-24;2280;556;63085;24509;12.9;5.0
50;2021-03-25;2812;471;65897;24980;13.4;5.1
50;2021-03-26;3205;471;69102;25451;14.1;5.2
50;2021-03-27;1823;374;70925;25825;14.5;5.3
50;2021-03-28;403;19;71328;25844;14.5;5.3
50;2021-03-29;2139;722;73467;26566;15.0;5.4
50;2021-03-30;2283;649;75750;27215;15.4;5.5
50;2021-03-31;2478;572;78228;27787;15.9;5.7
50;2021-04-01;3105;866;81333;28653;16.6;5.8
50;2021-04-02;2961;944;84294;29597;17.2;6.0
50;2021-04-03;1245;689;85539;30286;17.4;6.2
50;2021-04-04;321;136;85860;30422;17.5;6.2
50;2021-04-05;400;27;86260;30449;17.6;6.2
50;2021-04-06;2130;1225;88390;31674;18.0;6.5
50;2021-04-07;2559;1185;90949;32859;18.5;6.7
50;2021-04-08;3598;1225;94547;34084;19.3;6.9
50;2021-04-09;3936;1303;98483;35387;20.1;7.2
50;2021-04-10;2534;882;101017;36269;20.6;7.4
50;2021-04-11;411;147;101428;36416;20.7;7.4
50;2021-04-12;2438;1383;103866;37799;21.2;7.7
50;2021-04-13;2678;1540;106544;39339;21.7;8.0
50;2021-04-14;2608;1355;109152;40694;22.2;8.3
50;2021-04-15;3162;1118;112314;41812;22.9;8.5
50;2021-04-16;3365;1103;115679;42915;23.6;8.7
50;2021-04-17;2400;1185;118079;44100;24.1;9.0
50;2021-04-18;425;664;118504;44764;24.2;9.1
50;2021-04-19;1997;1475;120501;46239;24.6;9.4
50;2021-04-20;2277;1591;122778;47830;25.0;9.7
50;2021-04-21;2551;1762;125329;49592;25.5;10.1
50;2021-04-22;3079;1827;128408;51419;26.2;10.5
50;2021-04-23;2757;1919;131165;53338;26.7;10.9
50;2021-04-24;1899;1436;133064;54774;27.1;11.2
50;2021-04-25;470;274;133534;55048;27.2;11.2
50;2021-04-26;2119;1889;135653;56937;27.6;11.6
50;2021-04-27;2412;2001;138065;58938;28.1;12.0
50;2021-04-28;2707;1976;140772;60914;28.7;12.4
50;2021-04-29;3285;2043;144057;62957;29.4;12.8
50;2021-04-30;3000;1931;147057;64888;30.0;13.2
50;2021-05-01;1015;595;148072;65483;30.2;13.3
50;2021-05-02;523;448;148595;65931;30.3;13.4
50;2021-05-03;1769;1806;150364;67737;30.6;13.8
50;2021-05-04;1772;2330;152136;70067;31.0;14.3
50;2021-05-05;1661;2956;153797;73023;31.3;14.9
50;2021-05-06;2530;2585;156327;75608;31.9;15.4
50;2021-05-07;2150;2861;158477;78469;32.3;16.0
50;2021-05-08;1170;791;159647;79260;32.5;16.2
50;2021-05-09;624;362;160271;79622;32.7;16.2
50;2021-05-10;1705;2606;161976;82228;33.0;16.8
50;2021-05-11;2543;2848;164519;85076;33.5;17.3
50;2021-05-12;3181;2439;167700;87515;34.2;17.8
50;2021-05-13;3382;610;171082;88125;34.9;18.0
50;2021-05-14;3572;2278;174654;90403;35.6;18.4
50;2021-05-15;4001;1873;178655;92276;36.4;18.8
50;2021-05-16;947;267;179602;92543;36.6;18.9
50;2021-05-17;2139;1878;181741;94421;37.0;19.2
50;2021-05-18;2523;1621;184264;96042;37.6;19.6
50;2021-05-19;2503;1445;186767;97487;38.1;19.9
50;2021-05-20;3261;1623;190028;99110;38.7;20.2
50;2021-05-21;3158;1914;193186;101024;39.4;20.6
50;2021-05-22;2651;1329;195837;102353;39.9;20.9
50;2021-05-23;603;284;196440;102637;40.0;20.9
50;2021-05-24;1527;490;197967;103127;40.3;21.0
50;2021-05-25;2450;1674;200417;104801;40.8;21.4
50;2021-05-26;3000;1453;203417;106254;41.5;21.7
50;2021-05-27;3035;1974;206452;108228;42.1;22.1
50;2021-05-28;2945;2123;209397;110351;42.7;22.5
50;2021-05-29;2760;1404;212157;111755;43.2;22.8
50;2021-05-30;812;324;212969;112079;43.4;22.8
50;2021-05-31;2652;1818;215621;113897;43.9;23.2
50;2021-06-01;3332;2065;218953;115962;44.6;23.6
50;2021-06-02;3259;1789;222212;117751;45.3;24.0
50;2021-06-03;3915;2063;226127;119814;46.1;24.4
50;2021-06-04;3823;2883;229950;122697;46.9;25.0
50;2021-06-05;2960;1847;232910;124544;47.5;25.4
50;2021-06-06;813;443;233723;124987;47.6;25.5
50;2021-06-07;3513;2084;237236;127071;48.3;25.9
50;2021-06-08;4072;2224;241308;129295;49.2;26.4
50;2021-06-09;4254;1990;245562;131285;50.0;26.8
50;2021-06-10;4196;2119;249758;133404;50.9;27.2
50;2021-06-11;4226;2712;253984;136116;51.8;27.7
50;2021-06-12;3736;1608;257720;137724;52.5;28.1
50;2021-06-13;1143;451;258863;138175;52.8;28.2
50;2021-06-14;2691;2966;261554;141141;53.3;28.8
50;2021-06-15;3020;2601;264574;143742;53.9;29.3
50;2021-06-16;3097;1976;267671;145718;54.6;29.7
50;2021-06-17;2795;2486;270466;148204;55.1;30.2
50;2021-06-18;3241;3049;273707;151253;55.8;30.8
50;2021-06-19;3179;1925;276886;153178;56.4;31.2
50;2021-06-20;731;710;277617;153888;56.6;31.4
50;2021-06-21;1819;3133;279436;157021;57.0;32.0
50;2021-06-22;2064;3393;281500;160414;57.4;32.7
50;2021-06-23;1871;3874;283371;164288;57.8;33.5
50;2021-06-24;1712;4011;285083;168299;58.1;34.3
50;2021-06-25;2135;4009;287218;172308;58.5;35.1
50;2021-06-26;2143;3697;289361;176005;59.0;35.9
50;2021-06-27;615;895;289976;176900;59.1;36.1
50;2021-06-28;1926;3348;291902;180248;59.5;36.7
50;2021-06-29;1881;3405;293783;183653;59.9;37.4
50;2021-06-30;2180;3408;295963;187061;60.3;38.1
50;2021-07-01;1945;3283;297908;190344;60.7;38.8
50;2021-07-02;1899;3930;299807;194274;61.1;39.6
50;2021-07-03;1446;3447;301253;197721;61.4;40.3
50;2021-07-04;445;1067;301698;198788;61.5;40.5
50;2021-07-05;1263;3410;302961;202198;61.7;41.2
50;2021-07-06;1575;3890;304536;206088;62.1;42.0
50;2021-07-07;1803;3620;306339;209708;62.4;42.7
50;2021-07-08;1377;4105;307716;213813;62.7;43.6
50;2021-07-09;1393;4573;309109;218386;63.0;44.5
50;2021-07-10;1025;3601;310134;221987;63.2;45.2
50;2021-07-11;371;1019;310505;223006;63.3;45.4
50;2021-07-12;1315;4630;311820;227636;63.5;46.4
50;2021-07-13;1626;4865;313446;232501;63.9;47.4
50;2021-07-14;1474;2355;314920;234856;64.2;47.9
50;2021-07-15;1682;5054;316602;239910;64.5;48.9
50;2021-07-16;2986;5242;319588;245152;65.1;50.0
50;2021-07-17;2141;3730;321729;248882;65.6;50.7
50;2021-07-18;403;1094;322132;249976;65.7;50.9
50;2021-07-19;1568;5184;323700;255160;66.0;52.0
50;2021-07-20;1926;5416;325626;260576;66.4;53.1
50;2021-07-21;1796;5264;327422;265840;66.7;54.2
50;2021-07-22;1939;5005;329361;270845;67.1;55.2
50;2021-07-23;2063;5389;331424;276234;67.5;56.3
50;2021-07-24;1306;3841;332730;280075;67.8;57.1
50;2021-07-25;269;1039;332999;281114;67.9;57.3
50;2021-07-26;2281;3497;335280;284611;68.3;58.0
50;2021-07-27;2887;3352;338167;287963;68.9;58.7
50;2021-07-28;2974;3693;341141;291656;69.5;59.4
50;2021-07-29;3557;3235;344698;294891;70.3;60.1
50;2021-07-30;3049;3014;347747;297905;70.9;60.7
50;2021-07-31;2380;2669;350127;300574;71.4;61.3
50;2021-08-01;480;684;350607;301258;71.5;61.4
50;2021-08-02;2444;2747;353051;304005;72.0;62.0
50;2021-08-03;3376;2467;356427;306472;72.6;62.5
50;2021-08-04;3579;2328;360006;308800;73.4;62.9
50;2021-08-05;3150;2156;363156;310956;74.0;63.4
50;2021-08-06;3615;2803;366771;313759;74.7;63.9
50;2021-08-07;2431;2163;369202;315922;75.2;64.4
50;2021-08-08;510;714;369712;316636;75.3;64.5
50;2021-08-09;2475;2132;372187;318768;75.9;65.0
50;2021-08-10;2935;1987;375122;320755;76.5;65.4
50;2021-08-11;2815;2016;377937;322771;77.0;65.8
50;2021-08-12;2560;2441;380497;325212;77.5;66.3
50;2021-08-13;2446;1983;382943;327195;78.0;66.7
50;2021-08-14;1803;1745;384746;328940;78.4;67.0
50;2021-08-15;399;334;385145;329274;78.5;67.1
50;2021-08-16;1680;2231;386825;331505;78.8;67.6
50;2021-08-17;1943;2667;388768;334172;79.2;68.1
50;2021-08-18;1804;2362;390572;336534;79.6;68.6
50;2021-08-19;1669;2551;392241;339085;79.9;69.1
51;2020-12-27;0;0;0;0;0.0;0.0
51;2020-12-28;0;0;0;0;0.0;0.0
51;2020-12-29;0;0;0;0;0.0;0.0
51;2020-12-30;0;0;0;0;0.0;0.0
51;2020-12-31;1;0;1;0;0.0;0.0
51;2021-01-01;0;0;1;0;0.0;0.0
51;2021-01-02;0;0;1;0;0.0;0.0
51;2021-01-03;0;0;1;0;0.0;0.0
51;2021-01-04;1;0;2;0;0.0;0.0
51;2021-01-05;1;0;3;0;0.0;0.0
51;2021-01-06;6;0;9;0;0.0;0.0
51;2021-01-07;262;1;271;1;0.0;0.0
51;2021-01-08;507;1;778;2;0.1;0.0
51;2021-01-09;91;0;869;2;0.2;0.0
51;2021-01-10;0;0;869;2;0.2;0.0
51;2021-01-11;545;2;1414;4;0.3;0.0
51;2021-01-12;1538;4;2952;8;0.5;0.0
51;2021-01-13;1289;5;4241;13;0.8;0.0
51;2021-01-14;1473;6;5714;19;1.0;0.0
51;2021-01-15;607;3;6321;22;1.1;0.0
51;2021-01-16;177;1;6498;23;1.2;0.0
51;2021-01-17;102;0;6600;23;1.2;0.0
51;2021-01-18;845;3;7445;26;1.3;0.0
51;2021-01-19;998;4;8443;30;1.5;0.0
51;2021-01-20;943;9;9386;39;1.7;0.0
51;2021-01-21;790;3;10176;42;1.8;0.0
51;2021-01-22;391;2;10567;44;1.9;0.0
51;2021-01-23;294;0;10861;44;1.9;0.0
51;2021-01-24;130;1;10991;45;1.9;0.0
51;2021-01-25;712;3;11703;48;2.1;0.0
51;2021-01-26;779;5;12482;53;2.2;0.0
51;2021-01-27;656;4;13138;57;2.3;0.0
51;2021-01-28;646;70;13784;127;2.4;0.0
51;2021-01-29;473;142;14257;269;2.5;0.0
51;2021-01-30;126;5;14383;274;2.6;0.0
51;2021-01-31;83;0;14466;274;2.6;0.0
51;2021-02-01;275;58;14741;332;2.6;0.1
51;2021-02-02;738;722;15479;1054;2.7;0.2
51;2021-02-03;642;470;16121;1524;2.9;0.3
51;2021-02-04;968;822;17089;2346;3.0;0.4
51;2021-02-05;973;515;18062;2861;3.2;0.5
51;2021-02-06;30;149;18092;3010;3.2;0.5
51;2021-02-07;0;18;18092;3028;3.2;0.5
51;2021-02-08;115;413;18207;3441;3.2;0.6
51;2021-02-09;222;472;18429;3913;3.3;0.7
51;2021-02-10;219;640;18648;4553;3.3;0.8
51;2021-02-11;299;529;18947;5082;3.4;0.9
51;2021-02-12;341;564;19288;5646;3.4;1.0
51;2021-02-13;8;116;19296;5762;3.4;1.0
51;2021-02-14;8;171;19304;5933;3.4;1.1
51;2021-02-15;266;853;19570;6786;3.5;1.2
51;2021-02-16;401;971;19971;7757;3.5;1.4
51;2021-02-17;367;879;20338;8636;3.6;1.5
51;2021-02-18;437;595;20775;9231;3.7;1.6
51;2021-02-19;530;424;21305;9655;3.8;1.7
51;2021-02-20;205;296;21510;9951;3.8;1.8
51;2021-02-21;10;101;21520;10052;3.8;1.8
51;2021-02-22;195;688;21715;10740;3.9;1.9
51;2021-02-23;262;1099;21977;11839;3.9;2.1
51;2021-02-24;413;694;22390;12533;4.0;2.2
51;2021-02-25;1050;889;23440;13422;4.2;2.4
51;2021-02-26;1226;666;24666;14088;4.4;2.5
51;2021-02-27;590;124;25256;14212;4.5;2.5
51;2021-02-28;7;71;25263;14283;4.5;2.5
51;2021-03-01;766;311;26029;14594;4.6;2.6
51;2021-03-02;1127;451;27156;15045;4.8;2.7
51;2021-03-03;1193;466;28349;15511;5.0;2.8
51;2021-03-04;1060;703;29409;16214;5.2;2.9
51;2021-03-05;1559;672;30968;16886;5.5;3.0
51;2021-03-06;1433;59;32401;16945;5.7;3.0
51;2021-03-07;250;6;32651;16951;5.8;3.0
51;2021-03-08;992;99;33643;17050;6.0;3.0
51;2021-03-09;1664;189;35307;17239;6.3;3.1
51;2021-03-10;1994;106;37301;17345;6.6;3.1
51;2021-03-11;2370;168;39671;17513;7.0;3.1
51;2021-03-12;3250;159;42921;17672;7.6;3.1
51;2021-03-13;2550;50;45471;17722;8.1;3.1
51;2021-03-14;190;5;45661;17727;8.1;3.1
51;2021-03-15;1577;148;47238;17875;8.4;3.2
51;2021-03-16;1479;185;48717;18060;8.6;3.2
51;2021-03-17;1497;207;50214;18267;8.9;3.2
51;2021-03-18;1614;284;51828;18551;9.2;3.3
51;2021-03-19;2310;302;54138;18853;9.6;3.3
51;2021-03-20;1661;214;55799;19067;9.9;3.4
51;2021-03-21;133;4;55932;19071;9.9;3.4
51;2021-03-22;1417;121;57349;19192;10.2;3.4
51;2021-03-23;2467;165;59816;19357;10.6;3.4
51;2021-03-24;2842;132;62658;19489;11.1;3.5
51;2021-03-25;3254;335;65912;19824;11.7;3.5
51;2021-03-26;3412;505;69324;20329;12.3;3.6
51;2021-03-27;1843;253;71167;20582;12.6;3.7
51;2021-03-28;213;3;71380;20585;12.7;3.7
51;2021-03-29;991;641;72371;21226;12.8;3.8
51;2021-03-30;1749;857;74120;22083;13.1;3.9
51;2021-03-31;1738;760;75858;22843;13.5;4.1
51;2021-04-01;2282;448;78140;23291;13.9;4.1
51;2021-04-02;2425;641;80565;23932;14.3;4.2
51;2021-04-03;1304;410;81869;24342;14.5;4.3
51;2021-04-04;106;2;81975;24344;14.5;4.3
51;2021-04-05;72;141;82047;24485;14.6;4.3
51;2021-04-06;764;1234;82811;25719;14.7;4.6
51;2021-04-07;1312;1414;84123;27133;14.9;4.8
51;2021-04-08;2206;1772;86329;28905;15.3;5.1
51;2021-04-09;2863;1731;89192;30636;15.8;5.4
51;2021-04-10;2218;498;91410;31134;16.2;5.5
51;2021-04-11;105;85;91515;31219;16.2;5.5
51;2021-04-12;1450;1344;92965;32563;16.5;5.8
51;2021-04-13;1936;1685;94901;34248;16.8;6.1
51;2021-04-14;2459;1554;97360;35802;17.3;6.3
51;2021-04-15;2855;1670;100215;37472;17.8;6.6
51;2021-04-16;3215;1602;103430;39074;18.3;6.9
51;2021-04-17;1965;775;105395;39849;18.7;7.1
51;2021-04-18;296;113;105691;39962;18.7;7.1
51;2021-04-19;1561;1162;107252;41124;19.0;7.3
51;2021-04-20;1793;1666;109045;42790;19.3;7.6
51;2021-04-21;2005;1742;111050;44532;19.7;7.9
51;2021-04-22;2385;1654;113435;46186;20.1;8.2
51;2021-04-23;2981;1827;116416;48013;20.6;8.5
51;2021-04-24;1750;952;118166;48965;21.0;8.7
51;2021-04-25;123;161;118289;49126;21.0;8.7
51;2021-04-26;1850;758;120139;49884;21.3;8.8
51;2021-04-27;2442;1233;122581;51117;21.7;9.1
51;2021-04-28;2551;1309;125132;52426;22.2;9.3
51;2021-04-29;2674;1460;127806;53886;22.7;9.6
51;2021-04-30;2975;1676;130781;55562;23.2;9.9
51;2021-05-01;1454;413;132235;55975;23.5;9.9
51;2021-05-02;107;99;132342;56074;23.5;9.9
51;2021-05-03;2485;764;134827;56838;23.9;10.1
51;2021-05-04;2788;1350;137615;58188;24.4;10.3
51;2021-05-05;2859;1638;140474;59826;24.9;10.6
51;2021-05-06;5344;1948;145818;61774;25.9;11.0
51;2021-05-07;3704;1936;149522;63710;26.5;11.3
51;2021-05-08;2861;820;152383;64530;27.0;11.4
51;2021-05-09;211;92;152594;64622;27.1;11.5
51;2021-05-10;3215;1865;155809;66487;27.6;11.8
51;2021-05-11;3639;2042;159448;68529;28.3;12.2
51;2021-05-12;4184;2239;163632;70768;29.0;12.6
51;2021-05-13;1776;502;165408;71270;29.3;12.6
51;2021-05-14;5402;1749;170810;73019;30.3;13.0
51;2021-05-15;4229;1355;175039;74374;31.0;13.2
51;2021-05-16;284;46;175323;74420;31.1;13.2
51;2021-05-17;3132;1527;178455;75947;31.7;13.5
51;2021-05-18;3917;1772;182372;77719;32.3;13.8
51;2021-05-19;4031;1733;186403;79452;33.1;14.1
51;2021-05-20;4648;1968;191051;81420;33.9;14.4
51;2021-05-21;3596;2483;194647;83903;34.5;14.9
51;2021-05-22;2076;1548;196723;85451;34.9;15.2
51;2021-05-23;308;210;197031;85661;34.9;15.2
51;2021-05-24;2019;719;199050;86380;35.3;15.3
51;2021-05-25;3130;1829;202180;88209;35.9;15.6
51;2021-05-26;3297;1712;205477;89921;36.4;15.9
51;2021-05-27;3268;2063;208745;91984;37.0;16.3
51;2021-05-28;3604;2827;212349;94811;37.7;16.8
51;2021-05-29;2402;1997;214751;96808;38.1;17.2
51;2021-05-30;401;133;215152;96941;38.2;17.2
51;2021-05-31;3350;1785;218502;98726;38.8;17.5
51;2021-06-01;3855;2336;222357;101062;39.4;17.9
51;2021-06-02;6098;2328;228455;103390;40.5;18.3
51;2021-06-03;3582;2430;232037;105820;41.2;18.8
51;2021-06-04;6346;2948;238383;108768;42.3;19.3
51;2021-06-05;2599;1820;240982;110588;42.7;19.6
51;2021-06-06;172;157;241154;110745;42.8;19.6
51;2021-06-07;4303;2167;245457;112912;43.5;20.0
51;2021-06-08;3925;2536;249382;115448;44.2;20.5
51;2021-06-09;4019;2750;253401;118198;44.9;21.0
51;2021-06-10;3206;2487;256607;120685;45.5;21.4
51;2021-06-11;3357;3429;259964;124114;46.1;22.0
51;2021-06-12;2166;2172;262130;126286;46.5;22.4
51;2021-06-13;191;149;262321;126435;46.5;22.4
51;2021-06-14;1628;3335;263949;129770;46.8;23.0
51;2021-06-15;3190;3576;267139;133346;47.4;23.7
51;2021-06-16;2208;3686;269347;137032;47.8;24.3
51;2021-06-17;2609;5406;271956;142438;48.2;25.3
51;2021-06-18;2357;5212;274313;147650;48.7;26.2
51;2021-06-19;1683;4427;275996;152077;49.0;27.0
51;2021-06-20;184;228;276180;152305;49.0;27.0
51;2021-06-21;1230;4440;277410;156745;49.2;27.8
51;2021-06-22;1557;4043;278967;160788;49.5;28.5
51;2021-06-23;3668;4237;282635;165025;50.1;29.3
51;2021-06-24;2246;3228;284881;168253;50.5;29.8
51;2021-06-25;1906;6525;286787;174778;50.9;31.0
51;2021-06-26;1203;5070;287990;179848;51.1;31.9
51;2021-06-27;103;336;288093;180184;51.1;32.0
51;2021-06-28;1400;4413;289493;184597;51.3;32.7
51;2021-06-29;1172;4464;290665;189061;51.6;33.5
51;2021-06-30;1687;6043;292352;195104;51.9;34.6
51;2021-07-01;1976;3769;294328;198873;52.2;35.3
51;2021-07-02;1836;6891;296164;205764;52.5;36.5
51;2021-07-03;1003;3198;297167;208962;52.7;37.1
51;2021-07-04;171;254;297338;209216;52.7;37.1
51;2021-07-05;765;5528;298103;214744;52.9;38.1
51;2021-07-06;1247;4782;299350;219526;53.1;38.9
51;2021-07-07;1613;4938;300963;224464;53.4;39.8
51;2021-07-08;2068;3432;303031;227896;53.7;40.4
51;2021-07-09;1853;5057;304884;232953;54.1;41.3
51;2021-07-10;1232;3209;306116;236162;54.3;41.9
51;2021-07-11;190;280;306306;236442;54.3;41.9
51;2021-07-12;994;4378;307300;240820;54.5;42.7
51;2021-07-13;1476;4772;308776;245592;54.8;43.6
51;2021-07-14;1070;1687;309846;247279;55.0;43.9
51;2021-07-15;2930;4912;312776;252191;55.5;44.7
51;2021-07-16;2357;5280;315133;257471;55.9;45.7
51;2021-07-17;1817;3487;316950;260958;56.2;46.3
51;2021-07-18;163;329;317113;261287;56.2;46.3
51;2021-07-19;1893;3976;319006;265263;56.6;47.0
51;2021-07-20;2579;5144;321585;270407;57.0;48.0
51;2021-07-21;3609;4065;325194;274472;57.7;48.7
51;2021-07-22;4406;3760;329600;278232;58.5;49.3
51;2021-07-23;3634;4389;333234;282621;59.1;50.1
51;2021-07-24;2079;2724;335313;285345;59.5;50.6
51;2021-07-25;350;259;335663;285604;59.5;50.7
51;2021-07-26;3111;2811;338774;288415;60.1;51.2
51;2021-07-27;5829;3269;344603;291684;61.1;51.7
51;2021-07-28;4129;4318;348732;296002;61.9;52.5
51;2021-07-29;4676;2718;353408;298720;62.7;53.0
51;2021-07-30;3600;3154;357008;301874;63.3;53.5
51;2021-07-31;2510;2128;359518;304002;63.8;53.9
51;2021-08-01;373;235;359891;304237;63.8;54.0
51;2021-08-02;3265;2312;363156;306549;64.4;54.4
51;2021-08-03;3763;1912;366919;308461;65.1;54.7
51;2021-08-04;4435;2122;371354;310583;65.9;55.1
51;2021-08-05;2631;1535;373985;312118;66.3;55.4
51;2021-08-06;3032;2547;377017;314665;66.9;55.8
51;2021-08-07;2154;1693;379171;316358;67.3;56.1
51;2021-08-08;364;207;379535;316565;67.3;56.1
51;2021-08-09;2501;1846;382036;318411;67.8;56.5
51;2021-08-10;2361;1982;384397;320393;68.2;56.8
51;2021-08-11;2908;2326;387305;322719;68.7;57.2
51;2021-08-12;1743;1942;389048;324661;69.0;57.6
51;2021-08-13;2026;2660;391074;327321;69.4;58.1
51;2021-08-14;1577;2032;392651;329353;69.6;58.4
51;2021-08-15;146;146;392797;329499;69.7;58.4
51;2021-08-16;1347;3012;394144;332511;69.9;59.0
51;2021-08-17;1534;3271;395678;335782;70.2;59.6
51;2021-08-18;1888;3673;397566;339455;70.5;60.2
51;2021-08-19;1387;2536;398953;341991;70.8;60.7
52;2020-12-27;0;0;0;0;0.0;0.0
52;2020-12-28;0;0;0;0;0.0;0.0
52;2020-12-29;0;0;0;0;0.0;0.0
52;2020-12-30;0;0;0;0;0.0;0.0
52;2020-12-31;0;0;0;0;0.0;0.0
52;2021-01-01;0;0;0;0;0.0;0.0
52;2021-01-02;0;0;0;0;0.0;0.0
52;2021-01-03;0;0;0;0;0.0;0.0
52;2021-01-04;0;0;0;0;0.0;0.0
52;2021-01-05;0;0;0;0;0.0;0.0
52;2021-01-06;2;0;2;0;0.0;0.0
52;2021-01-07;0;0;2;0;0.0;0.0
52;2021-01-08;201;1;203;1;0.1;0.0
52;2021-01-09;93;0;296;1;0.2;0.0
52;2021-01-10;0;0;296;1;0.2;0.0
52;2021-01-11;207;0;503;1;0.3;0.0
52;2021-01-12;171;0;674;1;0.4;0.0
52;2021-01-13;562;2;1236;3;0.7;0.0
52;2021-01-14;677;9;1913;12;1.1;0.0
52;2021-01-15;411;1;2324;13;1.4;0.0
52;2021-01-16;16;1;2340;14;1.4;0.0
52;2021-01-17;0;0;2340;14;1.4;0.0
52;2021-01-18;427;0;2767;14;1.6;0.0
52;2021-01-19;439;0;3206;14;1.9;0.0
52;2021-01-20;420;0;3626;14;2.1;0.0
52;2021-01-21;424;1;4050;15;2.4;0.0
52;2021-01-22;321;2;4371;17;2.6;0.0
52;2021-01-23;72;1;4443;18;2.6;0.0
52;2021-01-24;0;0;4443;18;2.6;0.0
52;2021-01-25;235;0;4678;18;2.8;0.0
52;2021-01-26;307;0;4985;18;2.9;0.0
52;2021-01-27;237;1;5222;19;3.1;0.0
52;2021-01-28;174;4;5396;23;3.2;0.0
52;2021-01-29;74;124;5470;147;3.2;0.1
52;2021-01-30;91;95;5561;242;3.3;0.1
52;2021-01-31;0;0;5561;242;3.3;0.1
52;2021-02-01;117;191;5678;433;3.4;0.3
52;2021-02-02;61;176;5739;609;3.4;0.4
52;2021-02-03;90;416;5829;1025;3.4;0.6
52;2021-02-04;231;595;6060;1620;3.6;1.0
52;2021-02-05;113;505;6173;2125;3.6;1.3
52;2021-02-06;22;0;6195;2125;3.7;1.3
52;2021-02-07;0;1;6195;2126;3.7;1.3
52;2021-02-08;34;207;6229;2333;3.7;1.4
52;2021-02-09;47;216;6276;2549;3.7;1.5
52;2021-02-10;88;191;6364;2740;3.8;1.6
52;2021-02-11;129;147;6493;2887;3.8;1.7
52;2021-02-12;188;130;6681;3017;3.9;1.8
52;2021-02-13;5;1;6686;3018;4.0;1.8
52;2021-02-14;0;16;6686;3034;4.0;1.8
52;2021-02-15;79;279;6765;3313;4.0;2.0
52;2021-02-16;50;357;6815;3670;4.0;2.2
52;2021-02-17;37;315;6852;3985;4.0;2.4
52;2021-02-18;82;281;6934;4266;4.1;2.5
52;2021-02-19;51;193;6985;4459;4.1;2.6
52;2021-02-20;14;111;6999;4570;4.1;2.7
52;2021-02-21;0;0;6999;4570;4.1;2.7
52;2021-02-22;42;384;7041;4954;4.2;2.9
52;2021-02-23;56;278;7097;5232;4.2;3.1
52;2021-02-24;81;247;7178;5479;4.2;3.2
52;2021-02-25;161;237;7339;5716;4.3;3.4
52;2021-02-26;296;182;7635;5898;4.5;3.5
52;2021-02-27;149;49;7784;5947;4.6;3.5
52;2021-02-28;0;0;7784;5947;4.6;3.5
52;2021-03-01;163;14;7947;5961;4.7;3.5
52;2021-03-02;198;50;8145;6011;4.8;3.6
52;2021-03-03;356;36;8501;6047;5.0;3.6
52;2021-03-04;378;58;8879;6105;5.2;3.6
52;2021-03-05;531;52;9410;6157;5.6;3.6
52;2021-03-06;409;35;9819;6192;5.8;3.7
52;2021-03-07;0;0;9819;6192;5.8;3.7
52;2021-03-08;398;111;10217;6303;6.0;3.7
52;2021-03-09;549;106;10766;6409;6.4;3.8
52;2021-03-10;308;109;11074;6518;6.5;3.9
52;2021-03-11;586;35;11660;6553;6.9;3.9
52;2021-03-12;583;67;12243;6620;7.2;3.9
52;2021-03-13;492;9;12735;6629;7.5;3.9
52;2021-03-14;15;3;12750;6632;7.5;3.9
52;2021-03-15;316;27;13066;6659;7.7;3.9
52;2021-03-16;203;15;13269;6674;7.8;3.9
52;2021-03-17;364;13;13633;6687;8.1;4.0
52;2021-03-18;442;9;14075;6696;8.3;4.0
52;2021-03-19;452;54;14527;6750;8.6;4.0
52;2021-03-20;259;12;14786;6762;8.7;4.0
52;2021-03-21;15;1;14801;6763;8.7;4.0
52;2021-03-22;375;49;15176;6812;9.0;4.0
52;2021-03-23;685;89;15861;6901;9.4;4.1
52;2021-03-24;771;70;16632;6971;9.8;4.1
52;2021-03-25;1141;86;17773;7057;10.5;4.2
52;2021-03-26;1036;138;18809;7195;11.1;4.3
52;2021-03-27;477;75;19286;7270;11.4;4.3
52;2021-03-28;53;0;19339;7270;11.4;4.3
52;2021-03-29;506;184;19845;7454;11.7;4.4
52;2021-03-30;870;294;20715;7748;12.2;4.6
52;2021-03-31;956;292;21671;8040;12.8;4.8
52;2021-04-01;1146;182;22817;8222;13.5;4.9
52;2021-04-02;958;104;23775;8326;14.0;4.9
52;2021-04-03;460;3;24235;8329;14.3;4.9
52;2021-04-04;1;1;24236;8330;14.3;4.9
52;2021-04-05;1;0;24237;8330;14.3;4.9
52;2021-04-06;432;295;24669;8625;14.6;5.1
52;2021-04-07;503;450;25172;9075;14.9;5.4
52;2021-04-08;860;211;26032;9286;15.4;5.5
52;2021-04-09;1059;128;27091;9414;16.0;5.6
52;2021-04-10;852;102;27943;9516;16.5;5.6
52;2021-04-11;96;1;28039;9517;16.6;5.6
52;2021-04-12;933;277;28972;9794;17.1;5.8
52;2021-04-13;1251;378;30223;10172;17.9;6.0
52;2021-04-14;1345;456;31568;10628;18.7;6.3
52;2021-04-15;1508;438;33076;11066;19.5;6.5
52;2021-04-16;1574;365;34650;11431;20.5;6.8
52;2021-04-17;1309;131;35959;11562;21.2;6.8
52;2021-04-18;510;29;36469;11591;21.5;6.8
52;2021-04-19;697;611;37166;12202;22.0;7.2
52;2021-04-20;1080;675;38246;12877;22.6;7.6
52;2021-04-21;1060;676;39306;13553;23.2;8.0
52;2021-04-22;1468;733;40774;14286;24.1;8.4
52;2021-04-23;1253;666;42027;14952;24.8;8.8
52;2021-04-24;477;293;42504;15245;25.1;9.0
52;2021-04-25;3;77;42507;15322;25.1;9.1
52;2021-04-26;631;561;43138;15883;25.5;9.4
52;2021-04-27;933;670;44071;16553;26.0;9.8
52;2021-04-28;1441;562;45512;17115;26.9;10.1
52;2021-04-29;1451;579;46963;17694;27.7;10.5
52;2021-04-30;1315;609;48278;18303;28.5;10.8
52;2021-05-01;8;232;48286;18535;28.5;11.0
52;2021-05-02;0;1;48286;18536;28.5;11.0
52;2021-05-03;1160;628;49446;19164;29.2;11.3
52;2021-05-04;1445;721;50891;19885;30.1;11.7
52;2021-05-05;1768;646;52659;20531;31.1;12.1
52;2021-05-06;1962;533;54621;21064;32.3;12.4
52;2021-05-07;1442;1172;56063;22236;33.1;13.1
52;2021-05-08;589;318;56652;22554;33.5;13.3
52;2021-05-09;1;47;56653;22601;33.5;13.4
52;2021-05-10;791;1101;57444;23702;33.9;14.0
52;2021-05-11;868;1397;58312;25099;34.5;14.8
52;2021-05-12;1208;1382;59520;26481;35.2;15.6
52;2021-05-13;67;184;59587;26665;35.2;15.8
52;2021-05-14;1185;1364;60772;28029;35.9;16.6
52;2021-05-15;491;929;61263;28958;36.2;17.1
52;2021-05-16;8;43;61271;29001;36.2;17.1
52;2021-05-17;1144;705;62415;29706;36.9;17.6
52;2021-05-18;1217;675;63632;30381;37.6;18.0
52;2021-05-19;1543;414;65175;30795;38.5;18.2
52;2021-05-20;1546;421;66721;31216;39.4;18.4
52;2021-05-21;1625;614;68346;31830;40.4;18.8
52;2021-05-22;1089;209;69435;32039;41.0;18.9
52;2021-05-23;1;0;69436;32039;41.0;18.9
52;2021-05-24;405;33;69841;32072;41.3;18.9
52;2021-05-25;1351;384;71192;32456;42.1;19.2
52;2021-05-26;1479;672;72671;33128;42.9;19.6
52;2021-05-27;1566;789;74237;33917;43.9;20.0
52;2021-05-28;1492;671;75729;34588;44.7;20.4
52;2021-05-29;696;834;76425;35422;45.2;20.9
52;2021-05-30;16;550;76441;35972;45.2;21.3
52;2021-05-31;824;830;77265;36802;45.7;21.7
52;2021-06-01;957;817;78222;37619;46.2;22.2
52;2021-06-02;895;754;79117;38373;46.7;22.7
52;2021-06-03;825;825;79942;39198;47.2;23.2
52;2021-06-04;884;1341;80826;40539;47.8;24.0
52;2021-06-05;580;638;81406;41177;48.1;24.3
52;2021-06-06;27;55;81433;41232;48.1;24.4
52;2021-06-07;359;931;81792;42163;48.3;24.9
52;2021-06-08;556;1469;82348;43632;48.7;25.8
52;2021-06-09;612;1474;82960;45106;49.0;26.7
52;2021-06-10;793;1159;83753;46265;49.5;27.3
52;2021-06-11;830;1349;84583;47614;50.0;28.1
52;2021-06-12;422;586;85005;48200;50.2;28.5
52;2021-06-13;1;6;85006;48206;50.2;28.5
52;2021-06-14;171;1413;85177;49619;50.3;29.3
52;2021-06-15;221;1810;85398;51429;50.5;30.4
52;2021-06-16;354;1995;85752;53424;50.7;31.6
52;2021-06-17;265;1156;86017;54580;50.8;32.2
52;2021-06-18;308;1553;86325;56133;51.0;33.2
52;2021-06-19;502;690;86827;56823;51.3;33.6
52;2021-06-20;0;17;86827;56840;51.3;33.6
52;2021-06-21;524;897;87351;57737;51.6;34.1
52;2021-06-22;503;1049;87854;58786;51.9;34.7
52;2021-06-23;562;1043;88416;59829;52.2;35.3
52;2021-06-24;609;718;89025;60547;52.6;35.8
52;2021-06-25;661;1313;89686;61860;53.0;36.5
52;2021-06-26;264;721;89950;62581;53.1;37.0
52;2021-06-27;1;8;89951;62589;53.1;37.0
52;2021-06-28;185;1443;90136;64032;53.3;37.8
52;2021-06-29;164;1414;90300;65446;53.4;38.7
52;2021-06-30;219;1468;90519;66914;53.5;39.5
52;2021-07-01;320;1021;90839;67935;53.7;40.1
52;2021-07-02;430;1455;91269;69390;53.9;41.0
52;2021-07-03;302;1147;91571;70537;54.1;41.7
52;2021-07-04;0;11;91571;70548;54.1;41.7
52;2021-07-05;173;1449;91744;71997;54.2;42.5
52;2021-07-06;284;1449;92028;73446;54.4;43.4
52;2021-07-07;309;1165;92337;74611;54.6;44.1
52;2021-07-08;472;1164;92809;75775;54.8;44.8
52;2021-07-09;287;1619;93096;77394;55.0;45.7
52;2021-07-10;155;822;93251;78216;55.1;46.2
52;2021-07-11;13;12;93264;78228;55.1;46.2
52;2021-07-12;283;1466;93547;79694;55.3;47.1
52;2021-07-13;590;1370;94137;81064;55.6;47.9
52;2021-07-14;436;152;94573;81216;55.9;48.0
52;2021-07-15;614;1428;95187;82644;56.2;48.8
52;2021-07-16;899;1338;96086;83982;56.8;49.6
52;2021-07-17;530;342;96616;84324;57.1;49.8
52;2021-07-18;3;12;96619;84336;57.1;49.8
52;2021-07-19;686;985;97305;85321;57.5;50.4
52;2021-07-20;1107;832;98412;86153;58.1;50.9
52;2021-07-21;1158;737;99570;86890;58.8;51.3
52;2021-07-22;1441;865;101011;87755;59.7;51.8
52;2021-07-23;1391;958;102402;88713;60.5;52.4
52;2021-07-24;872;486;103274;89199;61.0;52.7
52;2021-07-25;22;21;103296;89220;61.0;52.7
52;2021-07-26;1001;614;104297;89834;61.6;53.1
52;2021-07-27;1334;654;105631;90488;62.4;53.5
52;2021-07-28;1377;640;107008;91128;63.2;53.8
52;2021-07-29;1244;620;108252;91748;64.0;54.2
52;2021-07-30;1350;707;109602;92455;64.8;54.6
52;2021-07-31;870;546;110472;93001;65.3;54.9
52;2021-08-01;5;14;110477;93015;65.3;55.0
52;2021-08-02;1171;562;111648;93577;66.0;55.3
52;2021-08-03;1348;534;112996;94111;66.8;55.6
52;2021-08-04;1139;580;114135;94691;67.4;55.9
52;2021-08-05;1011;576;115146;95267;68.0;56.3
52;2021-08-06;1049;700;116195;95967;68.7;56.7
52;2021-08-07;517;420;116712;96387;69.0;56.9
52;2021-08-08;0;6;116712;96393;69.0;57.0
52;2021-08-09;459;871;117171;97264;69.2;57.5
52;2021-08-10;707;749;117878;98013;69.6;57.9
52;2021-08-11;524;836;118402;98849;70.0;58.4
52;2021-08-12;614;749;119016;99598;70.3;58.8
52;2021-08-13;403;1025;119419;100623;70.6;59.5
52;2021-08-14;417;359;119836;100982;70.8;59.7
52;2021-08-15;8;13;119844;100995;70.8;59.7
52;2021-08-16;325;938;120169;101933;71.0;60.2
52;2021-08-17;400;912;120569;102845;71.2;60.8
52;2021-08-18;474;944;121043;103789;71.5;61.3
52;2021-08-19;453;834;121496;104623;71.8;61.8
53;2020-12-27;0;0;0;0;0.0;0.0
53;2020-12-28;0;0;0;0;0.0;0.0
53;2020-12-29;0;0;0;0;0.0;0.0
53;2020-12-30;0;0;0;0;0.0;0.0
53;2020-12-31;0;0;0;0;0.0;0.0
53;2021-01-01;0;0;0;0;0.0;0.0
53;2021-01-02;0;0;0;0;0.0;0.0
53;2021-01-03;0;0;0;0;0.0;0.0
53;2021-01-04;1;0;1;0;0.0;0.0
53;2021-01-05;0;0;1;0;0.0;0.0
53;2021-01-06;0;0;1;0;0.0;0.0
53;2021-01-07;102;0;103;0;0.0;0.0
53;2021-01-08;284;1;387;1;0.1;0.0
53;2021-01-09;134;1;521;2;0.2;0.0
53;2021-01-10;15;0;536;2;0.2;0.0
53;2021-01-11;176;0;712;2;0.2;0.0
53;2021-01-12;453;1;1165;3;0.4;0.0
53;2021-01-13;253;0;1418;3;0.5;0.0
53;2021-01-14;290;7;1708;10;0.6;0.0
53;2021-01-15;343;4;2051;14;0.7;0.0
53;2021-01-16;61;0;2112;14;0.7;0.0
53;2021-01-17;24;1;2136;15;0.7;0.0
53;2021-01-18;364;0;2500;15;0.8;0.0
53;2021-01-19;594;0;3094;15;1.0;0.0
53;2021-01-20;742;0;3836;15;1.3;0.0
53;2021-01-21;769;2;4605;17;1.5;0.0
53;2021-01-22;705;2;5310;19;1.7;0.0
53;2021-01-23;160;1;5470;20;1.8;0.0
53;2021-01-24;6;0;5476;20;1.8;0.0
53;2021-01-25;550;0;6026;20;2.0;0.0
53;2021-01-26;1198;6;7224;26;2.4;0.0
53;2021-01-27;696;6;7920;32;2.6;0.0
53;2021-01-28;737;95;8657;127;2.8;0.0
53;2021-01-29;422;187;9079;314;3.0;0.1
53;2021-01-30;128;0;9207;314;3.0;0.1
53;2021-01-31;0;0;9207;314;3.0;0.1
53;2021-02-01;298;149;9505;463;3.1;0.2
53;2021-02-02;309;231;9814;694;3.2;0.2
53;2021-02-03;227;377;10041;1071;3.3;0.4
53;2021-02-04;184;332;10225;1403;3.3;0.5
53;2021-02-05;234;303;10459;1706;3.4;0.6
53;2021-02-06;153;23;10612;1729;3.5;0.6
53;2021-02-07;0;0;10612;1729;3.5;0.6
53;2021-02-08;168;107;10780;1836;3.5;0.6
53;2021-02-09;369;215;11149;2051;3.7;0.7
53;2021-02-10;266;435;11415;2486;3.7;0.8
53;2021-02-11;431;492;11846;2978;3.9;1.0
53;2021-02-12;318;575;12164;3553;4.0;1.2
53;2021-02-13;96;66;12260;3619;4.0;1.2
53;2021-02-14;0;99;12260;3718;4.0;1.2
53;2021-02-15;239;430;12499;4148;4.1;1.4
53;2021-02-16;528;842;13027;4990;4.3;1.6
53;2021-02-17;391;617;13418;5607;4.4;1.8
53;2021-02-18;546;578;13964;6185;4.6;2.0
53;2021-02-19;895;425;14859;6610;4.9;2.2
53;2021-02-20;139;113;14998;6723;4.9;2.2
53;2021-02-21;1;20;14999;6743;4.9;2.2
53;2021-02-22;161;584;15160;7327;5.0;2.4
53;2021-02-23;59;657;15219;7984;5.0;2.6
53;2021-02-24;137;517;15356;8501;5.0;2.8
53;2021-02-25;457;359;15813;8860;5.2;2.9
53;2021-02-26;439;263;16252;9123;5.3;3.0
53;2021-02-27;86;115;16338;9238;5.4;3.0
53;2021-02-28;0;0;16338;9238;5.4;3.0
53;2021-03-01;230;281;16568;9519;5.4;3.1
53;2021-03-02;246;255;16814;9774;5.5;3.2
53;2021-03-03;320;393;17134;10167;5.6;3.3
53;2021-03-04;859;339;17993;10506;5.9;3.4
53;2021-03-05;659;281;18652;10787;6.1;3.5
53;2021-03-06;447;213;19099;11000;6.3;3.6
53;2021-03-07;276;5;19375;11005;6.3;3.6
53;2021-03-08;375;181;19750;11186;6.5;3.7
53;2021-03-09;878;245;20628;11431;6.8;3.7
53;2021-03-10;807;108;21435;11539;7.0;3.8
53;2021-03-11;1247;226;22682;11765;7.4;3.9
53;2021-03-12;1603;146;24285;11911;8.0;3.9
53;2021-03-13;824;12;25109;11923;8.2;3.9
53;2021-03-14;1;0;25110;11923;8.2;3.9
53;2021-03-15;1002;299;26112;12222;8.6;4.0
53;2021-03-16;1035;329;27147;12551;8.9;4.1
53;2021-03-17;685;259;27832;12810;9.1;4.2
53;2021-03-18;972;342;28804;13152;9.4;4.3
53;2021-03-19;1344;600;30148;13752;9.9;4.5
53;2021-03-20;592;16;30740;13768;10.1;4.5
53;2021-03-21;2;0;30742;13768;10.1;4.5
53;2021-03-22;1212;156;31954;13924;10.5;4.6
53;2021-03-23;1698;69;33652;13993;11.0;4.6
53;2021-03-24;1323;117;34975;14110;11.5;4.6
53;2021-03-25;2323;230;37298;14340;12.2;4.7
53;2021-03-26;1882;150;39180;14490;12.8;4.7
53;2021-03-27;339;4;39519;14494;12.9;4.7
53;2021-03-28;2;0;39521;14494;12.9;4.7
53;2021-03-29;1474;212;40995;14706;13.4;4.8
53;2021-03-30;1944;200;42939;14906;14.1;4.9
53;2021-03-31;1791;222;44730;15128;14.6;5.0
53;2021-04-01;1946;674;46676;15802;15.3;5.2
53;2021-04-02;2075;224;48751;16026;16.0;5.2
53;2021-04-03;414;1;49165;16027;16.1;5.2
53;2021-04-04;10;0;49175;16027;16.1;5.2
53;2021-04-05;9;15;49184;16042;16.1;5.3
53;2021-04-06;1304;500;50488;16542;16.5;5.4
53;2021-04-07;1176;925;51664;17467;16.9;5.7
53;2021-04-08;1663;1006;53327;18473;17.5;6.0
53;2021-04-09;1958;403;55285;18876;18.1;6.2
53;2021-04-10;543;13;55828;18889;18.3;6.2
53;2021-04-11;12;0;55840;18889;18.3;6.2
53;2021-04-12;695;1067;56535;19956;18.5;6.5
53;2021-04-13;1470;1107;58005;21063;19.0;6.9
53;2021-04-14;1023;735;59028;21798;19.3;7.1
53;2021-04-15;1158;1107;60186;22905;19.7;7.5
53;2021-04-16;1272;815;61458;23720;20.1;7.8
53;2021-04-17;281;274;61739;23994;20.2;7.9
53;2021-04-18;0;0;61739;23994;20.2;7.9
53;2021-04-19;679;1068;62418;25062;20.4;8.2
53;2021-04-20;936;1450;63354;26512;20.7;8.7
53;2021-04-21;850;1012;64204;27524;21.0;9.0
53;2021-04-22;1046;1612;65250;29136;21.4;9.5
53;2021-04-23;1329;1056;66579;30192;21.8;9.9
53;2021-04-24;68;7;66647;30199;21.8;9.9
53;2021-04-25;6;39;66653;30238;21.8;9.9
53;2021-04-26;368;1238;67021;31476;21.9;10.3
53;2021-04-27;724;1972;67745;33448;22.2;11.0
53;2021-04-28;978;1393;68723;34841;22.5;11.4
53;2021-04-29;1051;1713;69774;36554;22.8;12.0
53;2021-04-30;1367;1311;71141;37865;23.3;12.4
53;2021-05-01;36;50;71177;37915;23.3;12.4
53;2021-05-02;0;0;71177;37915;23.3;12.4
53;2021-05-03;1570;706;72747;38621;23.8;12.6
53;2021-05-04;1304;1443;74051;40064;24.2;13.1
53;2021-05-05;1611;824;75662;40888;24.8;13.4
53;2021-05-06;1391;1397;77053;42285;25.2;13.8
53;2021-05-07;1538;1304;78591;43589;25.7;14.3
53;2021-05-08;939;36;79530;43625;26.0;14.3
53;2021-05-09;11;2;79541;43627;26.0;14.3
53;2021-05-10;2416;815;81957;44442;26.8;14.6
53;2021-05-11;3096;1286;85053;45728;27.9;15.0
53;2021-05-12;2750;1091;87803;46819;28.8;15.3
53;2021-05-13;350;28;88153;46847;28.9;15.3
53;2021-05-14;2020;678;90173;47525;29.5;15.6
53;2021-05-15;1058;64;91231;47589;29.9;15.6
53;2021-05-16;3;0;91234;47589;29.9;15.6
53;2021-05-17;1701;1197;92935;48786;30.4;16.0
53;2021-05-18;1881;1550;94816;50336;31.1;16.5
53;2021-05-19;2303;743;97119;51079;31.8;16.7
53;2021-05-20;3217;861;100336;51940;32.9;17.0
53;2021-05-21;2798;827;103134;52767;33.8;17.3
53;2021-05-22;21;60;103155;52827;33.8;17.3
53;2021-05-23;0;0;103155;52827;33.8;17.3
53;2021-05-24;8;6;103163;52833;33.8;17.3
53;2021-05-25;1819;803;104982;53636;34.4;17.6
53;2021-05-26;1852;905;106834;54541;35.0;17.9
53;2021-05-27;3072;1077;109906;55618;36.0;18.2
53;2021-05-28;2562;877;112468;56495;36.8;18.5
53;2021-05-29;846;244;113314;56739;37.1;18.6
53;2021-05-30;18;6;113332;56745;37.1;18.6
53;2021-05-31;2564;803;115896;57548;38.0;18.8
53;2021-06-01;3491;1259;119387;58807;39.1;19.3
53;2021-06-02;3184;525;122571;59332;40.1;19.4
53;2021-06-03;4197;786;126768;60118;41.5;19.7
53;2021-06-04;3180;1265;129948;61383;42.6;20.1
53;2021-06-05;137;245;130085;61628;42.6;20.2
53;2021-06-06;1;4;130086;61632;42.6;20.2
53;2021-06-07;2629;923;132715;62555;43.5;20.5
53;2021-06-08;3585;1130;136300;63685;44.6;20.9
53;2021-06-09;2453;940;138753;64625;45.4;21.2
53;2021-06-10;3521;848;142274;65473;46.6;21.4
53;2021-06-11;2966;1213;145240;66686;47.6;21.8
53;2021-06-12;108;138;145348;66824;47.6;21.9
53;2021-06-13;10;2;145358;66826;47.6;21.9
53;2021-06-14;1600;1790;146958;68616;48.1;22.5
53;2021-06-15;1898;2262;148856;70878;48.7;23.2
53;2021-06-16;1826;1730;150682;72608;49.3;23.8
53;2021-06-17;3013;1649;153695;74257;50.3;24.3
53;2021-06-18;2702;1809;156397;76066;51.2;24.9
53;2021-06-19;762;1166;157159;77232;51.5;25.3
53;2021-06-20;3;479;157162;77711;51.5;25.4
53;2021-06-21;919;2526;158081;80237;51.8;26.3
53;2021-06-22;1299;3453;159380;83690;52.2;27.4
53;2021-06-23;1362;2892;160742;86582;52.6;28.4
53;2021-06-24;1803;2033;162545;88615;53.2;29.0
53;2021-06-25;1784;2044;164329;90659;53.8;29.7
53;2021-06-26;977;350;165306;91009;54.1;29.8
53;2021-06-27;8;8;165314;91017;54.1;29.8
53;2021-06-28;662;2899;165976;93916;54.4;30.8
53;2021-06-29;858;3649;166834;97565;54.6;32.0
53;2021-06-30;748;1517;167582;99082;54.9;32.4
53;2021-07-01;1505;2633;169087;101715;55.4;33.3
53;2021-07-02;1489;2024;170576;103739;55.9;34.0
53;2021-07-03;857;572;171433;104311;56.1;34.2
53;2021-07-04;0;4;171433;104315;56.1;34.2
53;2021-07-05;533;2060;171966;106375;56.3;34.8
53;2021-07-06;855;3616;172821;109991;56.6;36.0
53;2021-07-07;1023;2653;173844;112644;56.9;36.9
53;2021-07-08;1310;3117;175154;115761;57.4;37.9
53;2021-07-09;1114;3397;176268;119158;57.7;39.0
53;2021-07-10;422;1000;176690;120158;57.9;39.3
53;2021-07-11;12;20;176702;120178;57.9;39.4
53;2021-07-12;502;3709;177204;123887;58.0;40.6
53;2021-07-13;892;4762;178096;128649;58.3;42.1
53;2021-07-14;104;284;178200;128933;58.4;42.2
53;2021-07-15;1111;4348;179311;133281;58.7;43.6
53;2021-07-16;1247;3850;180558;137131;59.1;44.9
53;2021-07-17;1316;300;181874;137431;59.6;45.0
53;2021-07-18;27;20;181901;137451;59.6;45.0
53;2021-07-19;733;3430;182634;140881;59.8;46.1
53;2021-07-20;978;4127;183612;145008;60.1;47.5
53;2021-07-21;684;3275;184296;148283;60.4;48.6
53;2021-07-22;1512;3524;185808;151807;60.8;49.7
53;2021-07-23;1604;3762;187412;155569;61.4;50.9
53;2021-07-24;954;281;188366;155850;61.7;51.0
53;2021-07-25;60;25;188426;155875;61.7;51.0
53;2021-07-26;1723;1942;190149;157817;62.3;51.7
53;2021-07-27;2354;2828;192503;160645;63.0;52.6
53;2021-07-28;2140;2819;194643;163464;63.7;53.5
53;2021-07-29;2488;2545;197131;166009;64.6;54.4
53;2021-07-30;1822;2651;198953;168660;65.2;55.2
53;2021-07-31;626;232;199579;168892;65.4;55.3
53;2021-08-01;37;25;199616;168917;65.4;55.3
53;2021-08-02;2078;1730;201694;170647;66.1;55.9
53;2021-08-03;2406;1905;204100;172552;66.8;56.5
53;2021-08-04;2472;1856;206572;174408;67.6;57.1
53;2021-08-05;2859;1536;209431;175944;68.6;57.6
53;2021-08-06;2509;1712;211940;177656;69.4;58.2
53;2021-08-07;479;270;212419;177926;69.6;58.3
53;2021-08-08;6;19;212425;177945;69.6;58.3
53;2021-08-09;1837;1647;214262;179592;70.2;58.8
53;2021-08-10;2316;1746;216578;181338;70.9;59.4
53;2021-08-11;1677;859;218255;182197;71.5;59.7
53;2021-08-12;1998;981;220253;183178;72.1;60.0
53;2021-08-13;2032;1298;222285;184476;72.8;60.4
53;2021-08-14;66;63;222351;184539;72.8;60.4
53;2021-08-15;1;2;222352;184541;72.8;60.4
53;2021-08-16;1327;1596;223679;186137;73.2;61.0
53;2021-08-17;1546;1651;225225;187788;73.8;61.5
53;2021-08-18;1516;1598;226741;189386;74.3;62.0
53;2021-08-19;1357;1967;228098;191353;74.7;62.7
54;2020-12-27;0;0;0;0;0.0;0.0
54;2020-12-28;1;0;1;0;0.0;0.0
54;2020-12-29;0;0;1;0;0.0;0.0
54;2020-12-30;0;0;1;0;0.0;0.0
54;2020-12-31;10;0;11;0;0.0;0.0
54;2021-01-01;0;0;11;0;0.0;0.0
54;2021-01-02;0;0;11;0;0.0;0.0
54;2021-01-03;1;0;12;0;0.0;0.0
54;2021-01-04;163;0;175;0;0.0;0.0
54;2021-01-05;395;0;570;0;0.1;0.0
54;2021-01-06;650;1;1220;1;0.2;0.0
54;2021-01-07;817;2;2037;3;0.3;0.0
54;2021-01-08;706;3;2743;6;0.4;0.0
54;2021-01-09;81;0;2824;6;0.4;0.0
54;2021-01-10;78;0;2902;6;0.4;0.0
54;2021-01-11;974;3;3876;9;0.5;0.0
54;2021-01-12;1180;1;5056;10;0.7;0.0
54;2021-01-13;2424;8;7480;18;1.0;0.0
54;2021-01-14;3400;30;10880;48;1.5;0.0
54;2021-01-15;2717;14;13597;62;1.9;0.0
54;2021-01-16;815;3;14412;65;2.0;0.0
54;2021-01-17;210;0;14622;65;2.0;0.0
54;2021-01-18;1556;6;16178;71;2.2;0.0
54;2021-01-19;1704;0;17882;71;2.4;0.0
54;2021-01-20;1523;4;19405;75;2.7;0.0
54;2021-01-21;1371;4;20776;79;2.8;0.0
54;2021-01-22;1092;8;21868;87;3.0;0.0
54;2021-01-23;478;1;22346;88;3.1;0.0
54;2021-01-24;66;0;22412;88;3.1;0.0
54;2021-01-25;940;30;23352;118;3.2;0.0
54;2021-01-26;142;5;23494;123;3.2;0.0
54;2021-01-27;12;172;23506;295;3.2;0.0
54;2021-01-28;32;232;23538;527;3.2;0.1
54;2021-01-29;18;278;23556;805;3.2;0.1
54;2021-01-30;6;0;23562;805;3.2;0.1
54;2021-01-31;1;0;23563;805;3.2;0.1
54;2021-02-01;13;786;23576;1591;3.2;0.2
54;2021-02-02;23;970;23599;2561;3.2;0.4
54;2021-02-03;364;1530;23963;4091;3.3;0.6
54;2021-02-04;737;2452;24700;6543;3.4;0.9
54;2021-02-05;797;1894;25497;8437;3.5;1.2
54;2021-02-06;203;338;25700;8775;3.5;1.2
54;2021-02-07;4;126;25704;8901;3.5;1.2
54;2021-02-08;117;998;25821;9899;3.5;1.4
54;2021-02-09;305;1071;26126;10970;3.6;1.5
54;2021-02-10;385;798;26511;11768;3.6;1.6
54;2021-02-11;294;819;26805;12587;3.7;1.7
54;2021-02-12;449;1299;27254;13886;3.7;1.9
54;2021-02-13;148;236;27402;14122;3.8;1.9
54;2021-02-14;9;11;27411;14133;3.8;1.9
54;2021-02-15;434;1137;27845;15270;3.8;2.1
54;2021-02-16;401;1224;28246;16494;3.9;2.3
54;2021-02-17;518;957;28764;17451;3.9;2.4
54;2021-02-18;594;782;29358;18233;4.0;2.5
54;2021-02-19;520;778;29878;19011;4.1;2.6
54;2021-02-20;33;284;29911;19295;4.1;2.6
54;2021-02-21;3;25;29914;19320;4.1;2.6
54;2021-02-22;484;604;30398;19924;4.2;2.7
54;2021-02-23;679;558;31077;20482;4.3;2.8
54;2021-02-24;728;353;31805;20835;4.4;2.9
54;2021-02-25;1475;722;33280;21557;4.6;3.0
54;2021-02-26;1772;790;35052;22347;4.8;3.1
54;2021-02-27;698;110;35750;22457;4.9;3.1
54;2021-02-28;11;28;35761;22485;4.9;3.1
54;2021-03-01;650;218;36411;22703;5.0;3.1
54;2021-03-02;1505;145;37916;22848;5.2;3.1
54;2021-03-03;1763;61;39679;22909;5.4;3.1
54;2021-03-04;2025;98;41704;23007;5.7;3.1
54;2021-03-05;2796;143;44500;23150;6.1;3.2
54;2021-03-06;4046;111;48546;23261;6.6;3.2
54;2021-03-07;2626;68;51172;23329;7.0;3.2
54;2021-03-08;1336;66;52508;23395;7.2;3.2
54;2021-03-09;2646;103;55154;23498;7.6;3.2
54;2021-03-10;3195;110;58349;23608;8.0;3.2
54;2021-03-11;3393;101;61742;23709;8.5;3.2
54;2021-03-12;4980;183;66722;23892;9.1;3.3
54;2021-03-13;4204;124;70926;24016;9.7;3.3
54;2021-03-14;543;39;71469;24055;9.8;3.3
54;2021-03-15;1719;102;73188;24157;10.0;3.3
54;2021-03-16;1735;176;74923;24333;10.3;3.3
54;2021-03-17;2082;151;77005;24484;10.5;3.4
54;2021-03-18;2060;169;79065;24653;10.8;3.4
54;2021-03-19;3319;270;82384;24923;11.3;3.4
54;2021-03-20;2309;76;84693;24999;11.6;3.4
54;2021-03-21;295;15;84988;25014;11.6;3.4
54;2021-03-22;1034;334;86022;25348;11.8;3.5
54;2021-03-23;1936;524;87958;25872;12.0;3.5
54;2021-03-24;2195;714;90153;26586;12.3;3.6
54;2021-03-25;3177;729;93330;27315;12.8;3.7
54;2021-03-26;3517;822;96847;28137;13.3;3.9
54;2021-03-27;2419;287;99266;28424;13.6;3.9
54;2021-03-28;278;5;99544;28429;13.6;3.9
54;2021-03-29;1669;387;101213;28816;13.9;3.9
54;2021-03-30;2557;981;103770;29797;14.2;4.1
54;2021-03-31;2598;1155;106368;30952;14.6;4.2
54;2021-04-01;3234;1282;109602;32234;15.0;4.4
54;2021-04-02;2967;1686;112569;33920;15.4;4.6
54;2021-04-03;1261;1312;113830;35232;15.6;4.8
54;2021-04-04;137;422;113967;35654;15.6;4.9
54;2021-04-05;145;575;114112;36229;15.6;5.0
54;2021-04-06;1268;1667;115380;37896;15.8;5.2
54;2021-04-07;925;2267;116305;40163;15.9;5.5
54;2021-04-08;2326;2446;118631;42609;16.2;5.8
54;2021-04-09;4126;3156;122757;45765;16.8;6.3
54;2021-04-10;3209;1680;125966;47445;17.2;6.5
54;2021-04-11;206;1001;126172;48446;17.3;6.6
54;2021-04-12;2195;1538;128367;49984;17.6;6.8
54;2021-04-13;3002;1979;131369;51963;18.0;7.1
54;2021-04-14;3261;1874;134630;53837;18.4;7.4
54;2021-04-15;2878;2294;137508;56131;18.8;7.7
54;2021-04-16;3140;2600;140648;58731;19.3;8.0
54;2021-04-17;3473;1491;144121;60222;19.7;8.2
54;2021-04-18;63;245;144184;60467;19.7;8.3
54;2021-04-19;2462;1080;146646;61547;20.1;8.4
54;2021-04-20;3012;1248;149658;62795;20.5;8.6
54;2021-04-21;4402;1633;154060;64428;21.1;8.8
54;2021-04-22;3721;2385;157781;66813;21.6;9.1
54;2021-04-23;3866;2075;161647;68888;22.1;9.4
54;2021-04-24;2345;1037;163992;69925;22.5;9.6
54;2021-04-25;283;276;164275;70201;22.5;9.6
54;2021-04-26;2305;1271;166580;71472;22.8;9.8
54;2021-04-27;3288;1437;169868;72909;23.3;10.0
54;2021-04-28;2977;1955;172845;74864;23.7;10.2
54;2021-04-29;3793;2082;176638;76946;24.2;10.5
54;2021-04-30;4491;1971;181129;78917;24.8;10.8
54;2021-05-01;2263;804;183392;79721;25.1;10.9
54;2021-05-02;229;68;183621;79789;25.1;10.9
54;2021-05-03;3094;943;186715;80732;25.6;11.1
54;2021-05-04;3516;1447;190231;82179;26.0;11.3
54;2021-05-05;4896;1410;195127;83589;26.7;11.4
54;2021-05-06;4437;2799;199564;86388;27.3;11.8
54;2021-05-07;4825;3412;204389;89800;28.0;12.3
54;2021-05-08;2030;644;206419;90444;28.3;12.4
54;2021-05-09;375;136;206794;90580;28.3;12.4
54;2021-05-10;3206;2240;210000;92820;28.8;12.7
54;2021-05-11;5492;2937;215492;95757;29.5;13.1
54;2021-05-12;4145;3388;219637;99145;30.1;13.6
54;2021-05-13;2645;488;222282;99633;30.4;13.6
54;2021-05-14;6884;1993;229166;101626;31.4;13.9
54;2021-05-15;5481;1312;234647;102938;32.1;14.1
54;2021-05-16;946;109;235593;103047;32.3;14.1
54;2021-05-17;3793;823;239386;103870;32.8;14.2
54;2021-05-18;3288;1102;242674;104972;33.2;14.4
54;2021-05-19;3467;1513;246141;106485;33.7;14.6
54;2021-05-20;4538;1622;250679;108107;34.3;14.8
54;2021-05-21;6746;2509;257425;110616;35.2;15.1
54;2021-05-22;5653;1365;263078;111981;36.0;15.3
54;2021-05-23;504;54;263582;112035;36.1;15.3
54;2021-05-24;1444;342;265026;112377;36.3;15.4
54;2021-05-25;4186;1540;269212;113917;36.9;15.6
54;2021-05-26;3536;2218;272748;116135;37.3;15.9
54;2021-05-27;4181;2439;276929;118574;37.9;16.2
54;2021-05-28;4971;3565;281900;122139;38.6;16.7
54;2021-05-29;3848;3989;285748;126128;39.1;17.3
54;2021-05-30;127;83;285875;126211;39.1;17.3
54;2021-05-31;2939;3069;288814;129280;39.5;17.7
54;2021-06-01;2620;4204;291434;133484;39.9;18.3
54;2021-06-02;2165;4087;293599;137571;40.2;18.8
54;2021-06-03;3146;5660;296745;143231;40.6;19.6
54;2021-06-04;5098;5481;301843;148712;41.3;20.4
54;2021-06-05;2342;3286;304185;151998;41.6;20.8
54;2021-06-06;70;236;304255;152234;41.7;20.8
54;2021-06-07;3705;2933;307960;155167;42.2;21.2
54;2021-06-08;4540;4269;312500;159436;42.8;21.8
54;2021-06-09;5999;3313;318499;162749;43.6;22.3
54;2021-06-10;5300;4440;323799;167189;44.3;22.9
54;2021-06-11;5015;4912;328814;172101;45.0;23.6
54;2021-06-12;4239;3229;333053;175330;45.6;24.0
54;2021-06-13;54;210;333107;175540;45.6;24.0
54;2021-06-14;2330;3593;335437;179133;45.9;24.5
54;2021-06-15;2825;4737;338262;183870;46.3;25.2
54;2021-06-16;3485;5650;341747;189520;46.8;25.9
54;2021-06-17;3137;5220;344884;194740;47.2;26.7
54;2021-06-18;4154;6238;349038;200978;47.8;27.5
54;2021-06-19;2644;3123;351682;204101;48.1;27.9
54;2021-06-20;101;339;351783;204440;48.2;28.0
54;2021-06-21;2554;4762;354337;209202;48.5;28.6
54;2021-06-22;2043;6226;356380;215428;48.8;29.5
54;2021-06-23;2244;5592;358624;221020;49.1;30.3
54;2021-06-24;2091;3458;360715;224478;49.4;30.7
54;2021-06-25;2199;7054;362914;231532;49.7;31.7
54;2021-06-26;2384;5670;365298;237202;50.0;32.5
54;2021-06-27;133;607;365431;237809;50.0;32.6
54;2021-06-28;1959;4349;367390;242158;50.3;33.2
54;2021-06-29;1937;5207;369327;247365;50.6;33.9
54;2021-06-30;1983;5120;371310;252485;50.8;34.6
54;2021-07-01;2136;5982;373446;258467;51.1;35.4
54;2021-07-02;2817;7555;376263;266022;51.5;36.4
54;2021-07-03;2834;4093;379097;270115;51.9;37.0
54;2021-07-04;195;498;379292;270613;51.9;37.1
54;2021-07-05;1671;4252;380963;274865;52.2;37.6
54;2021-07-06;2003;5074;382966;279939;52.4;38.3
54;2021-07-07;1896;4837;384862;284776;52.7;39.0
54;2021-07-08;1679;4112;386541;288888;52.9;39.6
54;2021-07-09;3203;6019;389744;294907;53.4;40.4
54;2021-07-10;2540;4369;392284;299276;53.7;41.0
54;2021-07-11;9;103;392293;299379;53.7;41.0
54;2021-07-12;2095;4680;394388;304059;54.0;41.6
54;2021-07-13;2613;4970;397001;309029;54.4;42.3
54;2021-07-14;1533;1504;398534;310533;54.6;42.5
54;2021-07-15;3177;4837;401711;315370;55.0;43.2
54;2021-07-16;4663;6229;406374;321599;55.6;44.0
54;2021-07-17;4002;4766;410376;326365;56.2;44.7
54;2021-07-18;1803;1681;412179;328046;56.4;44.9
54;2021-07-19;2576;4037;414755;332083;56.8;45.5
54;2021-07-20;2895;4812;417650;336895;57.2;46.1
54;2021-07-21;3125;6336;420775;343231;57.6;47.0
54;2021-07-22;3258;5735;424033;348966;58.1;47.8
54;2021-07-23;3967;7013;428000;355979;58.6;48.7
54;2021-07-24;2926;5323;430926;361302;59.0;49.5
54;2021-07-25;68;50;430994;361352;59.0;49.5
54;2021-07-26;2961;4178;433955;365530;59.4;50.0
54;2021-07-27;3696;4010;437651;369540;59.9;50.6
54;2021-07-28;5152;3853;442803;373393;60.6;51.1
54;2021-07-29;5106;3210;447909;376603;61.3;51.6
54;2021-07-30;5077;4987;452986;381590;62.0;52.2
54;2021-07-31;4473;3221;457459;384811;62.6;52.7
54;2021-08-01;256;74;457715;384885;62.7;52.7
54;2021-08-02;3042;3704;460757;388589;63.1;53.2
54;2021-08-03;4053;2926;464810;391515;63.6;53.6
54;2021-08-04;4332;2687;469142;394202;64.2;54.0
54;2021-08-05;4548;2423;473690;396625;64.9;54.3
54;2021-08-06;5370;3991;479060;400616;65.6;54.8
54;2021-08-07;3623;2821;482683;403437;66.1;55.2
54;2021-08-08;247;114;482930;403551;66.1;55.3
54;2021-08-09;2889;2688;485819;406239;66.5;55.6
54;2021-08-10;2507;3765;488326;410004;66.9;56.1
54;2021-08-11;2313;2563;490639;412567;67.2;56.5
54;2021-08-12;2149;3006;492788;415573;67.5;56.9
54;2021-08-13;2585;4439;495373;420012;67.8;57.5
54;2021-08-14;1409;2069;496782;422081;68.0;57.8
54;2021-08-15;30;43;496812;422124;68.0;57.8
54;2021-08-16;1823;3423;498635;425547;68.3;58.3
54;2021-08-17;1924;3310;500559;428857;68.5;58.7
54;2021-08-18;1455;4087;502014;432944;68.7;59.3
54;2021-08-19;1148;2775;503162;435719;68.9;59.7
55;2020-12-27;0;0;0;0;0.0;0.0
55;2020-12-28;0;0;0;0;0.0;0.0
55;2020-12-29;0;0;0;0;0.0;0.0
55;2020-12-30;0;0;0;0;0.0;0.0
55;2020-12-31;0;0;0;0;0.0;0.0
55;2021-01-01;0;0;0;0;0.0;0.0
55;2021-01-02;0;0;0;0;0.0;0.0
55;2021-01-03;0;0;0;0;0.0;0.0
55;2021-01-04;1;0;1;0;0.0;0.0
55;2021-01-05;0;0;1;0;0.0;0.0
55;2021-01-06;0;0;1;0;0.0;0.0
55;2021-01-07;122;0;123;0;0.1;0.0
55;2021-01-08;127;0;250;0;0.1;0.0
55;2021-01-09;52;0;302;0;0.2;0.0
55;2021-01-10;0;0;302;0;0.2;0.0
55;2021-01-11;128;1;430;1;0.2;0.0
55;2021-01-12;119;0;549;1;0.3;0.0
55;2021-01-13;135;0;684;1;0.4;0.0
55;2021-01-14;643;6;1327;7;0.7;0.0
55;2021-01-15;237;0;1564;7;0.9;0.0
55;2021-01-16;62;0;1626;7;0.9;0.0
55;2021-01-17;1;0;1627;7;0.9;0.0
55;2021-01-18;413;1;2040;8;1.1;0.0
55;2021-01-19;352;3;2392;11;1.3;0.0
55;2021-01-20;452;2;2844;13;1.6;0.0
55;2021-01-21;430;0;3274;13;1.8;0.0
55;2021-01-22;391;0;3665;13;2.0;0.0
55;2021-01-23;49;0;3714;13;2.0;0.0
55;2021-01-24;0;0;3714;13;2.0;0.0
55;2021-01-25;436;0;4150;13;2.3;0.0
55;2021-01-26;431;0;4581;13;2.5;0.0
55;2021-01-27;424;0;5005;13;2.8;0.0
55;2021-01-28;485;100;5490;113;3.0;0.1
55;2021-01-29;159;54;5649;167;3.1;0.1
55;2021-01-30;92;28;5741;195;3.2;0.1
55;2021-01-31;0;0;5741;195;3.2;0.1
55;2021-02-01;153;177;5894;372;3.2;0.2
55;2021-02-02;159;148;6053;520;3.3;0.3
55;2021-02-03;53;160;6106;680;3.4;0.4
55;2021-02-04;234;398;6340;1078;3.5;0.6
55;2021-02-05;174;139;6514;1217;3.6;0.7
55;2021-02-06;62;56;6576;1273;3.6;0.7
55;2021-02-07;2;53;6578;1326;3.6;0.7
55;2021-02-08;0;18;6578;1344;3.6;0.7
55;2021-02-09;92;117;6670;1461;3.7;0.8
55;2021-02-10;65;22;6735;1483;3.7;0.8
55;2021-02-11;175;98;6910;1581;3.8;0.9
55;2021-02-12;94;28;7004;1609;3.9;0.9
55;2021-02-13;0;0;7004;1609;3.9;0.9
55;2021-02-14;0;0;7004;1609;3.9;0.9
55;2021-02-15;15;418;7019;2027;3.9;1.1
55;2021-02-16;143;396;7162;2423;3.9;1.3
55;2021-02-17;26;491;7188;2914;4.0;1.6
55;2021-02-18;20;344;7208;3258;4.0;1.8
55;2021-02-19;124;289;7332;3547;4.0;2.0
55;2021-02-20;11;0;7343;3547;4.0;2.0
55;2021-02-21;0;0;7343;3547;4.0;2.0
55;2021-02-22;55;457;7398;4004;4.1;2.2
55;2021-02-23;85;441;7483;4445;4.1;2.4
55;2021-02-24;72;415;7555;4860;4.2;2.7
55;2021-02-25;270;682;7825;5542;4.3;3.1
55;2021-02-26;324;235;8149;5777;4.5;3.2
55;2021-02-27;125;88;8274;5865;4.6;3.2
55;2021-02-28;2;8;8276;5873;4.6;3.2
55;2021-03-01;77;141;8353;6014;4.6;3.3
55;2021-03-02;124;171;8477;6185;4.7;3.4
55;2021-03-03;198;3;8675;6188;4.8;3.4
55;2021-03-04;238;43;8913;6231;4.9;3.4
55;2021-03-05;362;46;9275;6277;5.1;3.5
55;2021-03-06;223;6;9498;6283;5.2;3.5
55;2021-03-07;69;1;9567;6284;5.3;3.5
55;2021-03-08;327;49;9894;6333;5.4;3.5
55;2021-03-09;635;50;10529;6383;5.8;3.5
55;2021-03-10;396;24;10925;6407;6.0;3.5
55;2021-03-11;597;143;11522;6550;6.3;3.6
55;2021-03-12;815;93;12337;6643;6.8;3.7
55;2021-03-13;523;12;12860;6655;7.1;3.7
55;2021-03-14;14;0;12874;6655;7.1;3.7
55;2021-03-15;393;24;13267;6679;7.3;3.7
55;2021-03-16;568;110;13835;6789;7.6;3.7
55;2021-03-17;683;20;14518;6809;8.0;3.7
55;2021-03-18;323;23;14841;6832;8.2;3.8
55;2021-03-19;471;59;15312;6891;8.4;3.8
55;2021-03-20;253;15;15565;6906;8.6;3.8
55;2021-03-21;1;1;15566;6907;8.6;3.8
55;2021-03-22;473;20;16039;6927;8.8;3.8
55;2021-03-23;972;63;17011;6990;9.4;3.8
55;2021-03-24;802;40;17813;7030;9.8;3.9
55;2021-03-25;1097;80;18910;7110;10.4;3.9
55;2021-03-26;602;35;19512;7145;10.7;3.9
55;2021-03-27;255;23;19767;7168;10.9;3.9
55;2021-03-28;0;0;19767;7168;10.9;3.9
55;2021-03-29;943;39;20710;7207;11.4;4.0
55;2021-03-30;1423;72;22133;7279;12.2;4.0
55;2021-03-31;1482;69;23615;7348;13.0;4.0
55;2021-04-01;1205;124;24820;7472;13.7;4.1
55;2021-04-02;902;75;25722;7547;14.2;4.2
55;2021-04-03;93;12;25815;7559;14.2;4.2
55;2021-04-04;2;0;25817;7559;14.2;4.2
55;2021-04-05;6;12;25823;7571;14.2;4.2
55;2021-04-06;933;275;26756;7846;14.7;4.3
55;2021-04-07;993;237;27749;8083;15.3;4.4
55;2021-04-08;1648;421;29397;8504;16.2;4.7
55;2021-04-09;1429;263;30826;8767;17.0;4.8
55;2021-04-10;242;173;31068;8940;17.1;4.9
55;2021-04-11;452;20;31520;8960;17.4;4.9
55;2021-04-12;855;329;32375;9289;17.8;5.1
55;2021-04-13;1355;530;33730;9819;18.6;5.4
55;2021-04-14;1372;728;35102;10547;19.3;5.8
55;2021-04-15;1636;459;36738;11006;20.2;6.1
55;2021-04-16;705;379;37443;11385;20.6;6.3
55;2021-04-17;677;29;38120;11414;21.0;6.3
55;2021-04-18;38;18;38158;11432;21.0;6.3
55;2021-04-19;961;347;39119;11779;21.5;6.5
55;2021-04-20;1173;775;40292;12554;22.2;6.9
55;2021-04-21;990;640;41282;13194;22.7;7.3
55;2021-04-22;1098;679;42380;13873;23.3;7.6
55;2021-04-23;1424;595;43804;14468;24.1;8.0
55;2021-04-24;313;124;44117;14592;24.3;8.0
55;2021-04-25;384;51;44501;14643;24.5;8.1
55;2021-04-26;478;816;44979;15459;24.8;8.5
55;2021-04-27;570;995;45549;16454;25.1;9.1
55;2021-04-28;931;816;46480;17270;25.6;9.5
55;2021-04-29;1118;857;47598;18127;26.2;10.0
55;2021-04-30;1280;622;48878;18749;26.9;10.3
55;2021-05-01;153;132;49031;18881;27.0;10.4
55;2021-05-02;2;3;49033;18884;27.0;10.4
55;2021-05-03;1208;629;50241;19513;27.7;10.7
55;2021-05-04;683;1177;50924;20690;28.0;11.4
55;2021-05-05;658;1074;51582;21764;28.4;12.0
55;2021-05-06;1347;1160;52929;22924;29.1;12.6
55;2021-05-07;1433;555;54362;23479;29.9;12.9
55;2021-05-08;156;77;54518;23556;30.0;13.0
55;2021-05-09;62;523;54580;24079;30.0;13.3
55;2021-05-10;860;1031;55440;25110;30.5;13.8
55;2021-05-11;1070;1379;56510;26489;31.1;14.6
55;2021-05-12;1031;1766;57541;28255;31.7;15.6
55;2021-05-13;99;75;57640;28330;31.7;15.6
55;2021-05-14;352;558;57992;28888;31.9;15.9
55;2021-05-15;292;492;58284;29380;32.1;16.2
55;2021-05-16;3;10;58287;29390;32.1;16.2
55;2021-05-17;1028;841;59315;30231;32.7;16.6
55;2021-05-18;1568;892;60883;31123;33.5;17.1
55;2021-05-19;1810;782;62693;31905;34.5;17.6
55;2021-05-20;2215;731;64908;32636;35.7;18.0
55;2021-05-21;2011;802;66919;33438;36.8;18.4
55;2021-05-22;198;166;67117;33604;37.0;18.5
55;2021-05-23;23;120;67140;33724;37.0;18.6
55;2021-05-24;0;0;67140;33724;37.0;18.6
55;2021-05-25;1348;652;68488;34376;37.7;18.9
55;2021-05-26;1674;1018;70162;35394;38.6;19.5
55;2021-05-27;1320;981;71482;36375;39.4;20.0
55;2021-05-28;1521;931;73003;37306;40.2;20.5
55;2021-05-29;1402;697;74405;38003;41.0;20.9
55;2021-05-30;15;206;74420;38209;41.0;21.0
55;2021-05-31;1049;1130;75469;39339;41.5;21.7
55;2021-06-01;918;958;76387;40297;42.1;22.2
55;2021-06-02;1162;985;77549;41282;42.7;22.7
55;2021-06-03;703;545;78252;41827;43.1;23.0
55;2021-06-04;1390;1100;79642;42927;43.8;23.6
55;2021-06-05;1366;277;81008;43204;44.6;23.8
55;2021-06-06;0;2;81008;43206;44.6;23.8
55;2021-06-07;790;714;81798;43920;45.0;24.2
55;2021-06-08;698;1075;82496;44995;45.4;24.8
55;2021-06-09;851;871;83347;45866;45.9;25.3
55;2021-06-10;379;275;83726;46141;46.1;25.4
55;2021-06-11;528;1287;84254;47428;46.4;26.1
55;2021-06-12;761;519;85015;47947;46.8;26.4
55;2021-06-13;265;33;85280;47980;46.9;26.4
55;2021-06-14;388;1363;85668;49343;47.2;27.2
55;2021-06-15;574;1212;86242;50555;47.5;27.8
55;2021-06-16;734;831;86976;51386;47.9;28.3
55;2021-06-17;425;857;87401;52243;48.1;28.8
55;2021-06-18;668;1475;88069;53718;48.5;29.6
55;2021-06-19;593;457;88662;54175;48.8;29.8
55;2021-06-20;0;0;88662;54175;48.8;29.8
55;2021-06-21;437;1023;89099;55198;49.1;30.4
55;2021-06-22;335;1014;89434;56212;49.2;30.9
55;2021-06-23;626;1214;90060;57426;49.6;31.6
55;2021-06-24;163;433;90223;57859;49.7;31.9
55;2021-06-25;642;1225;90865;59084;50.0;32.5
55;2021-06-26;418;339;91283;59423;50.3;32.7
55;2021-06-27;1;2;91284;59425;50.3;32.7
55;2021-06-28;149;1380;91433;60805;50.3;33.5
55;2021-06-29;202;1289;91635;62094;50.4;34.2
55;2021-06-30;269;1932;91904;64026;50.6;35.2
55;2021-07-01;386;1978;92290;66004;50.8;36.3
55;2021-07-02;391;1719;92681;67723;51.0;37.3
55;2021-07-03;108;262;92789;67985;51.1;37.4
55;2021-07-04;12;19;92801;68004;51.1;37.4
55;2021-07-05;222;1508;93023;69512;51.2;38.3
55;2021-07-06;326;899;93349;70411;51.4;38.8
55;2021-07-07;388;1802;93737;72213;51.6;39.8
55;2021-07-08;534;1594;94271;73807;51.9;40.6
55;2021-07-09;455;1479;94726;75286;52.2;41.4
55;2021-07-10;356;1111;95082;76397;52.3;42.1
55;2021-07-11;0;9;95082;76406;52.3;42.1
55;2021-07-12;608;1167;95690;77573;52.7;42.7
55;2021-07-13;599;1487;96289;79060;53.0;43.5
55;2021-07-14;0;13;96289;79073;53.0;43.5
55;2021-07-15;781;1647;97070;80720;53.4;44.4
55;2021-07-16;1254;1813;98324;82533;54.1;45.4
55;2021-07-17;1282;821;99606;83354;54.8;45.9
55;2021-07-18;1;2;99607;83356;54.8;45.9
55;2021-07-19;597;785;100204;84141;55.2;46.3
55;2021-07-20;996;1026;101200;85167;55.7;46.9
55;2021-07-21;1478;1372;102678;86539;56.5;47.6
55;2021-07-22;1168;568;103846;87107;57.2;48.0
55;2021-07-23;1104;1353;104950;88460;57.8;48.7
55;2021-07-24;809;762;105759;89222;58.2;49.1
55;2021-07-25;119;229;105878;89451;58.3;49.2
55;2021-07-26;668;443;106546;89894;58.7;49.5
55;2021-07-27;1156;477;107702;90371;59.3;49.8
55;2021-07-28;1036;1068;108738;91439;59.9;50.3
55;2021-07-29;668;449;109406;91888;60.2;50.6
55;2021-07-30;1264;965;110670;92853;60.9;51.1
55;2021-07-31;708;614;111378;93467;61.3;51.5
55;2021-08-01;8;5;111386;93472;61.3;51.5
55;2021-08-02;611;444;111997;93916;61.7;51.7
55;2021-08-03;638;420;112635;94336;62.0;51.9
55;2021-08-04;1244;953;113879;95289;62.7;52.5
55;2021-08-05;999;320;114878;95609;63.2;52.6
55;2021-08-06;811;1096;115689;96705;63.7;53.2
55;2021-08-07;595;335;116284;97040;64.0;53.4
55;2021-08-08;0;0;116284;97040;64.0;53.4
55;2021-08-09;398;306;116682;97346;64.2;53.6
55;2021-08-10;432;775;117114;98121;64.5;54.0
55;2021-08-11;589;643;117703;98764;64.8;54.4
55;2021-08-12;322;489;118025;99253;65.0;54.6
55;2021-08-13;426;1108;118451;100361;65.2;55.3
55;2021-08-14;135;191;118586;100552;65.3;55.4
55;2021-08-15;11;5;118597;100557;65.3;55.4
55;2021-08-16;245;739;118842;101296;65.4;55.8
55;2021-08-17;253;290;119095;101586;65.6;55.9
55;2021-08-18;539;1241;119634;102827;65.9;56.6
55;2021-08-19;444;954;120078;103781;66.1;57.1
56;2020-12-27;0;0;0;0;0.0;0.0
56;2020-12-28;1;0;1;0;0.0;0.0
56;2020-12-29;0;0;1;0;0.0;0.0
56;2020-12-30;0;0;1;0;0.0;0.0
56;2020-12-31;0;0;1;0;0.0;0.0
56;2021-01-01;0;0;1;0;0.0;0.0
56;2021-01-02;1;0;2;0;0.0;0.0
56;2021-01-03;0;0;2;0;0.0;0.0
56;2021-01-04;1;0;3;0;0.0;0.0
56;2021-01-05;1;0;4;0;0.0;0.0
56;2021-01-06;2;0;6;0;0.0;0.0
56;2021-01-07;198;0;204;0;0.0;0.0
56;2021-01-08;119;0;323;0;0.0;0.0
56;2021-01-09;1;0;324;0;0.0;0.0
56;2021-01-10;1;0;325;0;0.0;0.0
56;2021-01-11;242;0;567;0;0.1;0.0
56;2021-01-12;754;0;1321;0;0.2;0.0
56;2021-01-13;638;1;1959;1;0.3;0.0
56;2021-01-14;969;2;2928;3;0.4;0.0
56;2021-01-15;843;5;3771;8;0.5;0.0
56;2021-01-16;234;3;4005;11;0.5;0.0
56;2021-01-17;27;0;4032;11;0.5;0.0
56;2021-01-18;1004;1;5036;12;0.7;0.0
56;2021-01-19;851;1;5887;13;0.8;0.0
56;2021-01-20;884;1;6771;14;0.9;0.0
56;2021-01-21;1461;2;8232;16;1.1;0.0
56;2021-01-22;1181;3;9413;19;1.2;0.0
56;2021-01-23;319;2;9732;21;1.3;0.0
56;2021-01-24;6;0;9738;21;1.3;0.0
56;2021-01-25;826;0;10564;21;1.4;0.0
56;2021-01-26;1036;4;11600;25;1.5;0.0
56;2021-01-27;1082;62;12682;87;1.7;0.0
56;2021-01-28;975;125;13657;212;1.8;0.0
56;2021-01-29;873;107;14530;319;1.9;0.0
56;2021-01-30;139;19;14669;338;1.9;0.0
56;2021-01-31;0;0;14669;338;1.9;0.0
56;2021-02-01;479;155;15148;493;2.0;0.1
56;2021-02-02;942;257;16090;750;2.1;0.1
56;2021-02-03;1023;270;17113;1020;2.3;0.1
56;2021-02-04;4698;352;21811;1372;2.9;0.2
56;2021-02-05;3592;431;25403;1803;3.4;0.2
56;2021-02-06;549;171;25952;1974;3.4;0.3
56;2021-02-07;136;26;26088;2000;3.5;0.3
56;2021-02-08;296;290;26384;2290;3.5;0.3
56;2021-02-09;795;507;27179;2797;3.6;0.4
56;2021-02-10;865;701;28044;3498;3.7;0.5
56;2021-02-11;972;1076;29016;4574;3.8;0.6
56;2021-02-12;1151;641;30167;5215;4.0;0.7
56;2021-02-13;220;104;30387;5319;4.0;0.7
56;2021-02-14;6;46;30393;5365;4.0;0.7
56;2021-02-15;622;1089;31015;6454;4.1;0.9
56;2021-02-16;1220;737;32235;7191;4.3;1.0
56;2021-02-17;1189;959;33424;8150;4.4;1.1
56;2021-02-18;1352;882;34776;9032;4.6;1.2
56;2021-02-19;1322;915;36098;9947;4.8;1.3
56;2021-02-20;365;261;36463;10208;4.8;1.4
56;2021-02-21;0;0;36463;10208;4.8;1.4
56;2021-02-22;374;696;36837;10904;4.9;1.4
56;2021-02-23;740;961;37577;11865;5.0;1.6
56;2021-02-24;915;1184;38492;13049;5.1;1.7
56;2021-02-25;2029;4260;40521;17309;5.4;2.3
56;2021-02-26;2356;2263;42877;19572;5.7;2.6
56;2021-02-27;745;447;43622;20019;5.8;2.6
56;2021-02-28;15;114;43637;20133;5.8;2.7
56;2021-03-01;647;561;44284;20694;5.9;2.7
56;2021-03-02;979;789;45263;21483;6.0;2.8
56;2021-03-03;1150;915;46413;22398;6.1;3.0
56;2021-03-04;1966;1040;48379;23438;6.4;3.1
56;2021-03-05;2582;1432;50961;24870;6.7;3.3
56;2021-03-06;1208;218;52169;25088;6.9;3.3
56;2021-03-07;282;24;52451;25112;6.9;3.3
56;2021-03-08;1140;391;53591;25503;7.1;3.4
56;2021-03-09;2041;631;55632;26134;7.4;3.5
56;2021-03-10;2001;937;57633;27071;7.6;3.6
56;2021-03-11;3253;740;60886;27811;8.1;3.7
56;2021-03-12;4208;826;65094;28637;8.6;3.8
56;2021-03-13;1882;148;66976;28785;8.9;3.8
56;2021-03-14;195;2;67171;28787;8.9;3.8
56;2021-03-15;1283;528;68454;29315;9.1;3.9
56;2021-03-16;1089;1030;69543;30345;9.2;4.0
56;2021-03-17;1360;774;70903;31119;9.4;4.1
56;2021-03-18;1998;1873;72901;32992;9.6;4.4
56;2021-03-19;2938;1400;75839;34392;10.0;4.6
56;2021-03-20;1493;207;77332;34599;10.2;4.6
56;2021-03-21;208;22;77540;34621;10.3;4.6
56;2021-03-22;1610;405;79150;35026;10.5;4.6
56;2021-03-23;2806;685;81956;35711;10.8;4.7
56;2021-03-24;3450;526;85406;36237;11.3;4.8
56;2021-03-25;4235;723;89641;36960;11.9;4.9
56;2021-03-26;5090;783;94731;37743;12.5;5.0
56;2021-03-27;1499;294;96230;38037;12.7;5.0
56;2021-03-28;264;11;96494;38048;12.8;5.0
56;2021-03-29;2234;503;98728;38551;13.1;5.1
56;2021-03-30;3519;784;102247;39335;13.5;5.2
56;2021-03-31;3116;718;105363;40053;13.9;5.3
56;2021-04-01;4071;818;109434;40871;14.5;5.4
56;2021-04-02;3927;942;113361;41813;15.0;5.5
56;2021-04-03;1186;270;114547;42083;15.2;5.6
56;2021-04-04;232;3;114779;42086;15.2;5.6
56;2021-04-05;244;8;115023;42094;15.2;5.6
56;2021-04-06;2824;1232;117847;43326;15.6;5.7
56;2021-04-07;4022;1191;121869;44517;16.1;5.9
56;2021-04-08;5295;1162;127164;45679;16.8;6.0
56;2021-04-09;7389;1284;134553;46963;17.8;6.2
56;2021-04-10;2577;426;137130;47389;18.1;6.3
56;2021-04-11;193;101;137323;47490;18.2;6.3
56;2021-04-12;3932;836;141255;48326;18.7;6.4
56;2021-04-13;5966;1265;147221;49591;19.5;6.6
56;2021-04-14;5167;1429;152388;51020;20.2;6.8
56;2021-04-15;7151;1772;159539;52792;21.1;7.0
56;2021-04-16;7842;2012;167381;54804;22.2;7.3
56;2021-04-17;3132;645;170513;55449;22.6;7.3
56;2021-04-18;528;107;171041;55556;22.6;7.4
56;2021-04-19;3719;1261;174760;56817;23.1;7.5
56;2021-04-20;4107;1978;178867;58795;23.7;7.8
56;2021-04-21;4061;2323;182928;61118;24.2;8.1
56;2021-04-22;5174;1926;188102;63044;24.9;8.3
56;2021-04-23;5166;2413;193268;65457;25.6;8.7
56;2021-04-24;2899;647;196167;66104;26.0;8.7
56;2021-04-25;465;150;196632;66254;26.0;8.8
56;2021-04-26;4706;1668;201338;67922;26.6;9.0
56;2021-04-27;5098;2551;206436;70473;27.3;9.3
56;2021-04-28;4968;2243;211404;72716;28.0;9.6
56;2021-04-29;5842;2938;217246;75654;28.8;10.0
56;2021-04-30;6245;2808;223491;78462;29.6;10.4
56;2021-05-01;2488;362;225979;78824;29.9;10.4
56;2021-05-02;307;254;226286;79078;29.9;10.5
56;2021-05-03;3866;2070;230152;81148;30.5;10.7
56;2021-05-04;4382;3906;234534;85054;31.0;11.3
56;2021-05-05;3523;3876;238057;88930;31.5;11.8
56;2021-05-06;4376;5441;242433;94371;32.1;12.5
56;2021-05-07;4267;5012;246700;99383;32.7;13.2
56;2021-05-08;1644;319;248344;99702;32.9;13.2
56;2021-05-09;495;227;248839;99929;32.9;13.2
56;2021-05-10;3750;3811;252589;103740;33.4;13.7
56;2021-05-11;4169;5052;256758;108792;34.0;14.4
56;2021-05-12;4343;4775;261101;113567;34.6;15.0
56;2021-05-13;2396;1011;263497;114578;34.9;15.2
56;2021-05-14;4227;4362;267724;118940;35.4;15.7
56;2021-05-15;2486;1894;270210;120834;35.8;16.0
56;2021-05-16;237;488;270447;121322;35.8;16.1
56;2021-05-17;2512;3668;272959;124990;36.1;16.5
56;2021-05-18;3520;4084;276479;129074;36.6;17.1
56;2021-05-19;3528;3392;280007;132466;37.1;17.5
56;2021-05-20;3803;4819;283810;137285;37.6;18.2
56;2021-05-21;3745;5232;287555;142517;38.1;18.9
56;2021-05-22;1698;2207;289253;144724;38.3;19.2
56;2021-05-23;284;197;289537;144921;38.3;19.2
56;2021-05-24;2058;498;291595;145419;38.6;19.2
56;2021-05-25;3139;4468;294734;149887;39.0;19.8
56;2021-05-26;3736;3899;298470;153786;39.5;20.4
56;2021-05-27;4360;4870;302830;158656;40.1;21.0
56;2021-05-28;4634;5961;307464;164617;40.7;21.8
56;2021-05-29;1887;1635;309351;166252;40.9;22.0
56;2021-05-30;318;67;309669;166319;41.0;22.0
56;2021-05-31;4502;3223;314171;169542;41.6;22.4
56;2021-06-01;5665;3387;319836;172929;42.3;22.9
56;2021-06-02;5637;2956;325473;175885;43.1;23.3
56;2021-06-03;6188;3307;331661;179192;43.9;23.7
56;2021-06-04;5814;4411;337475;183603;44.7;24.3
56;2021-06-05;4346;2385;341821;185988;45.2;24.6
56;2021-06-06;496;616;342317;186604;45.3;24.7
56;2021-06-07;5106;3171;347423;189775;46.0;25.1
56;2021-06-08;6069;3378;353492;193153;46.8;25.6
56;2021-06-09;6434;2813;359926;195966;47.6;25.9
56;2021-06-10;7477;2870;367403;198836;48.6;26.3
56;2021-06-11;6765;3871;374168;202707;49.5;26.8
56;2021-06-12;5102;2064;379270;204771;50.2;27.1
56;2021-06-13;1980;439;381250;205210;50.5;27.2
56;2021-06-14;3311;4594;384561;209804;50.9;27.8
56;2021-06-15;4205;4901;388766;214705;51.5;28.4
56;2021-06-16;4497;4503;393263;219208;52.0;29.0
56;2021-06-17;4256;4754;397519;223962;52.6;29.6
56;2021-06-18;4517;5975;402036;229937;53.2;30.4
56;2021-06-19;3837;2144;405873;232081;53.7;30.7
56;2021-06-20;1504;340;407377;232421;53.9;30.8
56;2021-06-21;3309;4462;410686;236883;54.4;31.4
56;2021-06-22;3486;5445;414172;242328;54.8;32.1
56;2021-06-23;3762;5062;417934;247390;55.3;32.7
56;2021-06-24;3477;5319;421411;252709;55.8;33.4
56;2021-06-25;3883;6278;425294;258987;56.3;34.3
56;2021-06-26;3203;2915;428497;261902;56.7;34.7
56;2021-06-27;305;162;428802;262064;56.8;34.7
56;2021-06-28;1576;3981;430378;266045;57.0;35.2
56;2021-06-29;2435;5772;432813;271817;57.3;36.0
56;2021-06-30;2495;5557;435308;277374;57.6;36.7
56;2021-07-01;2734;4958;438042;282332;58.0;37.4
56;2021-07-02;2657;6206;440699;288538;58.3;38.2
56;2021-07-03;2205;2683;442904;291221;58.6;38.5
56;2021-07-04;779;811;443683;292032;58.7;38.7
56;2021-07-05;1872;5445;445555;297477;59.0;39.4
56;2021-07-06;2188;5936;447743;303413;59.3;40.2
56;2021-07-07;2845;5644;450588;309057;59.6;40.9
56;2021-07-08;3080;6038;453668;315095;60.0;41.7
56;2021-07-09;2218;7100;455886;322195;60.3;42.6
56;2021-07-10;1127;3003;457013;325198;60.5;43.0
56;2021-07-11;256;344;457269;325542;60.5;43.1
56;2021-07-12;2177;6606;459446;332148;60.8;44.0
56;2021-07-13;3252;7467;462698;339615;61.2;44.9
56;2021-07-14;1784;2590;464482;342205;61.5;45.3
56;2021-07-15;3819;7064;468301;349269;62.0;46.2
56;2021-07-16;4075;8094;472376;357363;62.5;47.3
56;2021-07-17;2319;3519;474695;360882;62.8;47.8
56;2021-07-18;254;478;474949;361360;62.9;47.8
56;2021-07-19;2864;6354;477813;367714;63.2;48.7
56;2021-07-20;3718;7920;481531;375634;63.7;49.7
56;2021-07-21;3088;7523;484619;383157;64.1;50.7
56;2021-07-22;4381;8024;489000;391181;64.7;51.8
56;2021-07-23;4374;8409;493374;399590;65.3;52.9
56;2021-07-24;1684;4601;495058;404191;65.5;53.5
56;2021-07-25;551;1921;495609;406112;65.6;53.7
56;2021-07-26;3660;5464;499269;411576;66.1;54.5
56;2021-07-27;5353;6201;504622;417777;66.8;55.3
56;2021-07-28;4673;5461;509295;423238;67.4;56.0
56;2021-07-29;5364;5629;514659;428867;68.1;56.8
56;2021-07-30;5344;5851;520003;434718;68.8;57.5
56;2021-07-31;2144;2692;522147;437410;69.1;57.9
56;2021-08-01;1152;977;523299;438387;69.3;58.0
56;2021-08-02;4493;4601;527792;442988;69.9;58.6
56;2021-08-03;6358;4957;534150;447945;70.7;59.3
56;2021-08-04;5934;4349;540084;452294;71.5;59.9
56;2021-08-05;6064;4604;546148;456898;72.3;60.5
56;2021-08-06;5770;4910;551918;461808;73.0;61.1
56;2021-08-07;2839;2222;554757;464030;73.4;61.4
56;2021-08-08;1814;561;556571;464591;73.7;61.5
56;2021-08-09;3898;4264;560469;468855;74.2;62.1
56;2021-08-10;4916;4607;565385;473462;74.8;62.7
56;2021-08-11;4542;4139;569927;477601;75.4;63.2
56;2021-08-12;4461;4535;574388;482136;76.0;63.8
56;2021-08-13;4191;4804;578579;486940;76.6;64.4
56;2021-08-14;1769;2131;580348;489071;76.8;64.7
56;2021-08-15;349;485;580697;489556;76.9;64.8
56;2021-08-16;3051;4515;583748;494071;77.3;65.4
56;2021-08-17;3730;5049;587478;499120;77.8;66.1
56;2021-08-18;3716;4588;591194;503708;78.2;66.7
56;2021-08-19;3033;4979;594227;508687;78.6;67.3
57;2020-12-27;2;0;2;0;0.0;0.0
57;2020-12-28;0;0;2;0;0.0;0.0
57;2020-12-29;1;0;3;0;0.0;0.0
57;2020-12-30;1;0;4;0;0.0;0.0
57;2020-12-31;0;0;4;0;0.0;0.0
57;2021-01-01;0;0;4;0;0.0;0.0
57;2021-01-02;3;0;7;0;0.0;0.0
57;2021-01-03;0;0;7;0;0.0;0.0
57;2021-01-04;16;0;23;0;0.0;0.0
57;2021-01-05;199;0;222;0;0.0;0.0
57;2021-01-06;226;1;448;1;0.0;0.0
57;2021-01-07;584;2;1032;3;0.1;0.0
57;2021-01-08;509;2;1541;5;0.1;0.0
57;2021-01-09;202;0;1743;5;0.2;0.0
57;2021-01-10;108;1;1851;6;0.2;0.0
57;2021-01-11;470;1;2321;7;0.2;0.0
57;2021-01-12;613;5;2934;12;0.3;0.0
57;2021-01-13;695;2;3629;14;0.4;0.0
57;2021-01-14;707;6;4336;20;0.4;0.0
57;2021-01-15;636;4;4972;24;0.5;0.0
57;2021-01-16;452;1;5424;25;0.5;0.0
57;2021-01-17;492;1;5916;26;0.6;0.0
57;2021-01-18;2707;20;8623;46;0.8;0.0
57;2021-01-19;2568;19;11191;65;1.1;0.0
57;2021-01-20;2762;17;13953;82;1.3;0.0
57;2021-01-21;1793;5;15746;87;1.5;0.0
57;2021-01-22;1324;7;17070;94;1.6;0.0
57;2021-01-23;543;16;17613;110;1.7;0.0
57;2021-01-24;1;0;17614;110;1.7;0.0
57;2021-01-25;870;186;18484;296;1.8;0.0
57;2021-01-26;1112;214;19596;510;1.9;0.0
57;2021-01-27;1069;183;20665;693;2.0;0.1
57;2021-01-28;1040;298;21705;991;2.1;0.1
57;2021-01-29;982;397;22687;1388;2.2;0.1
57;2021-01-30;440;94;23127;1482;2.2;0.1
57;2021-01-31;11;27;23138;1509;2.2;0.1
57;2021-02-01;826;351;23964;1860;2.3;0.2
57;2021-02-02;989;364;24953;2224;2.4;0.2
57;2021-02-03;986;321;25939;2545;2.5;0.2
57;2021-02-04;1138;808;27077;3353;2.6;0.3
57;2021-02-05;930;356;28007;3709;2.7;0.4
57;2021-02-06;481;349;28488;4058;2.8;0.4
57;2021-02-07;103;335;28591;4393;2.8;0.4
57;2021-02-08;1256;1558;29847;5951;2.9;0.6
57;2021-02-09;1762;1676;31609;7627;3.1;0.7
57;2021-02-10;1712;2074;33321;9701;3.2;0.9
57;2021-02-11;1486;1330;34807;11031;3.4;1.1
57;2021-02-12;1227;678;36034;11709;3.5;1.1
57;2021-02-13;1152;178;37186;11887;3.6;1.1
57;2021-02-14;1210;28;38396;11915;3.7;1.2
57;2021-02-15;766;862;39162;12777;3.8;1.2
57;2021-02-16;1072;798;40234;13575;3.9;1.3
57;2021-02-17;1009;960;41243;14535;4.0;1.4
57;2021-02-18;974;1160;42217;15695;4.1;1.5
57;2021-02-19;955;937;43172;16632;4.2;1.6
57;2021-02-20;1173;617;44345;17249;4.3;1.7
57;2021-02-21;323;13;44668;17262;4.3;1.7
57;2021-02-22;1230;912;45898;18174;4.4;1.8
57;2021-02-23;2234;1090;48132;19264;4.6;1.9
57;2021-02-24;2268;1005;50400;20269;4.9;2.0
57;2021-02-25;3298;1121;53698;21390;5.2;2.1
57;2021-02-26;3577;957;57275;22347;5.5;2.2
57;2021-02-27;3689;538;60964;22885;5.9;2.2
57;2021-02-28;1896;59;62860;22944;6.1;2.2
57;2021-03-01;2050;1345;64910;24289;6.3;2.3
57;2021-03-02;2855;1604;67765;25893;6.5;2.5
57;2021-03-03;2804;1616;70569;27509;6.8;2.7
57;2021-03-04;3273;1305;73842;28814;7.1;2.8
57;2021-03-05;4457;1249;78299;30063;7.6;2.9
57;2021-03-06;7243;794;85542;30857;8.3;3.0
57;2021-03-07;6071;278;91613;31135;8.8;3.0
57;2021-03-08;2298;1011;93911;32146;9.1;3.1
57;2021-03-09;3385;1304;97296;33450;9.4;3.2
57;2021-03-10;3580;974;100876;34424;9.7;3.3
57;2021-03-11;4035;1256;104911;35680;10.1;3.4
57;2021-03-12;5106;1216;110017;36896;10.6;3.6
57;2021-03-13;6283;991;116300;37887;11.2;3.7
57;2021-03-14;2424;428;118724;38315;11.5;3.7
57;2021-03-15;2960;880;121684;39195;11.7;3.8
57;2021-03-16;3061;1284;124745;40479;12.0;3.9
57;2021-03-17;3051;1142;127796;41621;12.3;4.0
57;2021-03-18;3400;1079;131196;42700;12.7;4.1
57;2021-03-19;4624;1041;135820;43741;13.1;4.2
57;2021-03-20;4699;1028;140519;44769;13.6;4.3
57;2021-03-21;1895;256;142414;45025;13.7;4.3
57;2021-03-22;2480;1475;144894;46500;14.0;4.5
57;2021-03-23;3441;2341;148335;48841;14.3;4.7
57;2021-03-24;3896;2148;152231;50989;14.7;4.9
57;2021-03-25;4738;2594;156969;53583;15.2;5.2
57;2021-03-26;4841;2258;161810;55841;15.6;5.4
57;2021-03-27;3710;3156;165520;58997;16.0;5.7
57;2021-03-28;1400;1849;166920;60846;16.1;5.9
57;2021-03-29;1935;2171;168855;63017;16.3;6.1
57;2021-03-30;3300;2489;172155;65506;16.6;6.3
57;2021-03-31;2821;2308;174976;67814;16.9;6.5
57;2021-04-01;3223;3170;178199;70984;17.2;6.9
57;2021-04-02;2392;2581;180591;73565;17.4;7.1
57;2021-04-03;2567;2666;183158;76231;17.7;7.4
57;2021-04-04;593;970;183751;77201;17.7;7.5
57;2021-04-05;1922;669;185673;77870;17.9;7.5
57;2021-04-06;2452;2831;188125;80701;18.2;7.8
57;2021-04-07;3810;3086;191935;83787;18.5;8.1
57;2021-04-08;5612;2905;197547;86692;19.1;8.4
57;2021-04-09;5009;2726;202556;89418;19.6;8.6
57;2021-04-10;2354;3640;204910;93058;19.8;9.0
57;2021-04-11;1099;1892;206009;94950;19.9;9.2
57;2021-04-12;1791;2754;207800;97704;20.1;9.4
57;2021-04-13;1975;3031;209775;100735;20.3;9.7
57;2021-04-14;1919;2994;211694;103729;20.4;10.0
57;2021-04-15;2366;3431;214060;107160;20.7;10.3
57;2021-04-16;2701;3292;216761;110452;20.9;10.7
57;2021-04-17;2473;3184;219234;113636;21.2;11.0
57;2021-04-18;1244;1775;220478;115411;21.3;11.1
57;2021-04-19;2141;2260;222619;117671;21.5;11.4
57;2021-04-20;2514;2784;225133;120455;21.7;11.6
57;2021-04-21;2569;2379;227702;122834;22.0;11.9
57;2021-04-22;3207;2252;230909;125086;22.3;12.1
57;2021-04-23;4055;2580;234964;127666;22.7;12.3
57;2021-04-24;3393;2562;238357;130228;23.0;12.6
57;2021-04-25;757;1127;239114;131355;23.1;12.7
57;2021-04-26;2969;1998;242083;133353;23.4;12.9
57;2021-04-27;3899;2375;245982;135728;23.7;13.1
57;2021-04-28;4211;2592;250193;138320;24.2;13.4
57;2021-04-29;5259;3454;255452;141774;24.7;13.7
57;2021-04-30;4728;3549;260180;145323;25.1;14.0
57;2021-05-01;2351;1685;262531;147008;25.3;14.2
57;2021-05-02;790;912;263321;147920;25.4;14.3
57;2021-05-03;3565;2995;266886;150915;25.8;14.6
57;2021-05-04;4871;3167;271757;154082;26.2;14.9
57;2021-05-05;6122;3172;277879;157254;26.8;15.2
57;2021-05-06;5990;3287;283869;160541;27.4;15.5
57;2021-05-07;6853;3445;290722;163986;28.1;15.8
57;2021-05-08;4052;1608;294774;165594;28.5;16.0
57;2021-05-09;2048;1112;296822;166706;28.7;16.1
57;2021-05-10;5128;3068;301950;169774;29.1;16.4
57;2021-05-11;7449;2854;309399;172628;29.9;16.7
57;2021-05-12;7845;3245;317244;175873;30.6;17.0
57;2021-05-13;4509;912;321753;176785;31.1;17.1
57;2021-05-14;7837;2632;329590;179417;31.8;17.3
57;2021-05-15;5965;2052;335555;181469;32.4;17.5
57;2021-05-16;3309;578;338864;182047;32.7;17.6
57;2021-05-17;3866;2066;342730;184113;33.1;17.8
57;2021-05-18;6289;2104;349019;186217;33.7;18.0
57;2021-05-19;7019;2329;356038;188546;34.4;18.2
57;2021-05-20;6050;2184;362088;190730;35.0;18.4
57;2021-05-21;7563;2919;369651;193649;35.7;18.7
57;2021-05-22;4893;2169;374544;195818;36.2;18.9
57;2021-05-23;1964;432;376508;196250;36.3;18.9
57;2021-05-24;3031;1065;379539;197315;36.6;19.0
57;2021-05-25;5576;2804;385115;200119;37.2;19.3
57;2021-05-26;6375;3183;391490;203302;37.8;19.6
57;2021-05-27;5794;3121;397284;206423;38.4;19.9
57;2021-05-28;7025;4751;404309;211174;39.0;20.4
57;2021-05-29;5222;4251;409531;215425;39.5;20.8
57;2021-05-30;1967;1741;411498;217166;39.7;21.0
57;2021-05-31;4319;3339;415817;220505;40.1;21.3
57;2021-06-01;5934;3714;421751;224219;40.7;21.6
57;2021-06-02;6338;3906;428089;228125;41.3;22.0
57;2021-06-03;6214;3702;434303;231827;41.9;22.4
57;2021-06-04;7569;4993;441872;236820;42.7;22.9
57;2021-06-05;4769;4033;446641;240853;43.1;23.3
57;2021-06-06;1994;889;448635;241742;43.3;23.3
57;2021-06-07;4325;4037;452960;245779;43.7;23.7
57;2021-06-08;6713;4311;459673;250090;44.4;24.1
57;2021-06-09;6882;4154;466555;254244;45.0;24.5
57;2021-06-10;6220;4590;472775;258834;45.6;25.0
57;2021-06-11;5367;5365;478142;264199;46.2;25.5
57;2021-06-12;5743;4453;483885;268652;46.7;25.9
57;2021-06-13;1500;1141;485385;269793;46.9;26.0
57;2021-06-14;3381;4706;488766;274499;47.2;26.5
57;2021-06-15;3815;6019;492581;280518;47.6;27.1
57;2021-06-16;4400;6593;496981;287111;48.0;27.7
57;2021-06-17;4196;6084;501177;293195;48.4;28.3
57;2021-06-18;4275;7307;505452;300502;48.8;29.0
57;2021-06-19;4155;6292;509607;306794;49.2;29.6
57;2021-06-20;987;1667;510594;308461;49.3;29.8
57;2021-06-21;2066;5969;512660;314430;49.5;30.4
57;2021-06-22;2637;7985;515297;322415;49.7;31.1
57;2021-06-23;3075;8388;518372;330803;50.0;31.9
57;2021-06-24;2456;5291;520828;336094;50.3;32.4
57;2021-06-25;2855;7830;523683;343924;50.6;33.2
57;2021-06-26;2871;7257;526554;351181;50.8;33.9
57;2021-06-27;754;2986;527308;354167;50.9;34.2
57;2021-06-28;1590;5076;528898;359243;51.1;34.7
57;2021-06-29;2085;6830;530983;366073;51.3;35.3
57;2021-06-30;3066;7320;534049;373393;51.6;36.0
57;2021-07-01;2689;5955;536738;379348;51.8;36.6
57;2021-07-02;2688;8077;539426;387425;52.1;37.4
57;2021-07-03;3239;6526;542665;393951;52.4;38.0
57;2021-07-04;946;2468;543611;396419;52.5;38.3
57;2021-07-05;1704;4607;545315;401026;52.6;38.7
57;2021-07-06;2418;6479;547733;407505;52.9;39.3
57;2021-07-07;2723;7086;550456;414591;53.1;40.0
57;2021-07-08;2488;5874;552944;420465;53.4;40.6
57;2021-07-09;3423;8415;556367;428880;53.7;41.4
57;2021-07-10;3094;6940;559461;435820;54.0;42.1
57;2021-07-11;854;2231;560315;438051;54.1;42.3
57;2021-07-12;2415;6428;562730;444479;54.3;42.9
57;2021-07-13;4409;7500;567139;451979;54.8;43.6
57;2021-07-14;2823;3842;569962;455821;55.0;44.0
57;2021-07-15;3948;7785;573910;463606;55.4;44.8
57;2021-07-16;5636;9824;579546;473430;55.9;45.7
57;2021-07-17;5815;7285;585361;480715;56.5;46.4
57;2021-07-18;1487;2661;586848;483376;56.7;46.7
57;2021-07-19;2358;6207;589206;489583;56.9;47.3
57;2021-07-20;4321;6911;593527;496494;57.3;47.9
57;2021-07-21;5290;6901;598817;503395;57.8;48.6
57;2021-07-22;5945;5956;604762;509351;58.4;49.2
57;2021-07-23;7008;6397;611770;515748;59.1;49.8
57;2021-07-24;4525;7041;616295;522789;59.5;50.5
57;2021-07-25;1336;1769;617631;524558;59.6;50.6
57;2021-07-26;3708;4494;621339;529052;60.0;51.1
57;2021-07-27;6847;4925;628186;533977;60.6;51.5
57;2021-07-28;7458;4545;635644;538522;61.4;52.0
57;2021-07-29;7597;4579;643241;543101;62.1;52.4
57;2021-07-30;6829;4882;650070;547983;62.8;52.9
57;2021-07-31;5683;5010;655753;552993;63.3;53.4
57;2021-08-01;2020;1115;657773;554108;63.5;53.5
57;2021-08-02;3501;3184;661274;557292;63.8;53.8
57;2021-08-03;5466;4283;666740;561575;64.4;54.2
57;2021-08-04;5198;3466;671938;565041;64.9;54.5
57;2021-08-05;5347;3764;677285;568805;65.4;54.9
57;2021-08-06;5576;4838;682861;573643;65.9;55.4
57;2021-08-07;4539;5142;687400;578785;66.4;55.9
57;2021-08-08;1469;1501;688869;580286;66.5;56.0
57;2021-08-09;2603;3163;691472;583449;66.8;56.3
57;2021-08-10;3491;3782;694963;587231;67.1;56.7
57;2021-08-11;3688;4013;698651;591244;67.4;57.1
57;2021-08-12;3131;5211;701782;596455;67.7;57.6
57;2021-08-13;3454;4716;705236;601171;68.1;58.0
57;2021-08-14;2148;5180;707384;606351;68.3;58.5
57;2021-08-15;528;1090;707912;607441;68.3;58.6
57;2021-08-16;1778;3560;709690;611001;68.5;59.0
57;2021-08-17;2355;5346;712045;616347;68.7;59.5
57;2021-08-18;2426;5368;714471;621715;69.0;60.0
57;2021-08-19;2184;5464;716655;627179;69.2;60.5
58;2020-12-27;0;0;0;0;0.0;0.0
58;2020-12-28;0;0;0;0;0.0;0.0
58;2020-12-29;1;0;1;0;0.0;0.0
58;2020-12-30;0;0;1;0;0.0;0.0
58;2020-12-31;0;0;1;0;0.0;0.0
58;2021-01-01;0;0;1;0;0.0;0.0
58;2021-01-02;0;0;1;0;0.0;0.0
58;2021-01-03;1;0;2;0;0.0;0.0
58;2021-01-04;0;0;2;0;0.0;0.0
58;2021-01-05;2;0;4;0;0.0;0.0
58;2021-01-06;145;0;149;0;0.1;0.0
58;2021-01-07;241;0;390;0;0.2;0.0
58;2021-01-08;63;0;453;0;0.2;0.0
58;2021-01-09;1;0;454;0;0.2;0.0
58;2021-01-10;0;0;454;0;0.2;0.0
58;2021-01-11;54;0;508;0;0.3;0.0
58;2021-01-12;258;0;766;0;0.4;0.0
58;2021-01-13;405;0;1171;0;0.6;0.0
58;2021-01-14;291;1;1462;1;0.7;0.0
58;2021-01-15;141;0;1603;1;0.8;0.0
58;2021-01-16;10;1;1613;2;0.8;0.0
58;2021-01-17;0;0;1613;2;0.8;0.0
58;2021-01-18;413;1;2026;3;1.0;0.0
58;2021-01-19;986;2;3012;5;1.5;0.0
58;2021-01-20;1206;2;4218;7;2.1;0.0
58;2021-01-21;961;4;5179;11;2.6;0.0
58;2021-01-22;779;3;5958;14;3.0;0.0
58;2021-01-23;251;0;6209;14;3.1;0.0
58;2021-01-24;2;0;6211;14;3.1;0.0
58;2021-01-25;439;0;6650;14;3.3;0.0
58;2021-01-26;650;4;7300;18;3.7;0.0
58;2021-01-27;604;44;7904;62;4.0;0.0
58;2021-01-28;756;66;8660;128;4.3;0.1
58;2021-01-29;837;7;9497;135;4.8;0.1
58;2021-01-30;281;0;9778;135;4.9;0.1
58;2021-01-31;10;0;9788;135;4.9;0.1
58;2021-02-01;200;71;9988;206;5.0;0.1
58;2021-02-02;565;84;10553;290;5.3;0.1
58;2021-02-03;279;147;10832;437;5.4;0.2
58;2021-02-04;285;93;11117;530;5.6;0.3
58;2021-02-05;184;93;11301;623;5.7;0.3
58;2021-02-06;89;0;11390;623;5.7;0.3
58;2021-02-07;0;0;11390;623;5.7;0.3
58;2021-02-08;306;72;11696;695;5.9;0.3
58;2021-02-09;503;313;12199;1008;6.1;0.5
58;2021-02-10;349;381;12548;1389;6.3;0.7
58;2021-02-11;287;380;12835;1769;6.4;0.9
58;2021-02-12;243;204;13078;1973;6.6;1.0
58;2021-02-13;83;29;13161;2002;6.6;1.0
58;2021-02-14;0;3;13161;2005;6.6;1.0
58;2021-02-15;114;529;13275;2534;6.7;1.3
58;2021-02-16;209;939;13484;3473;6.8;1.7
58;2021-02-17;221;767;13705;4240;6.9;2.1
58;2021-02-18;187;790;13892;5030;7.0;2.5
58;2021-02-19;241;724;14133;5754;7.1;2.9
58;2021-02-20;62;229;14195;5983;7.1;3.0
58;2021-02-21;0;30;14195;6013;7.1;3.0
58;2021-02-22;78;404;14273;6417;7.2;3.2
58;2021-02-23;49;621;14322;7038;7.2;3.5
58;2021-02-24;39;629;14361;7667;7.2;3.8
58;2021-02-25;252;703;14613;8370;7.3;4.2
58;2021-02-26;246;622;14859;8992;7.4;4.5
58;2021-02-27;104;189;14963;9181;7.5;4.6
58;2021-02-28;11;8;14974;9189;7.5;4.6
58;2021-03-01;145;246;15119;9435;7.6;4.7
58;2021-03-02;416;641;15535;10076;7.8;5.0
58;2021-03-03;523;293;16058;10369;8.0;5.2
58;2021-03-04;723;277;16781;10646;8.4;5.3
58;2021-03-05;867;206;17648;10852;8.8;5.4
58;2021-03-06;574;87;18222;10939;9.1;5.5
58;2021-03-07;63;12;18285;10951;9.2;5.5
58;2021-03-08;154;299;18439;11250;9.2;5.6
58;2021-03-09;544;549;18983;11799;9.5;5.9
58;2021-03-10;838;241;19821;12040;9.9;6.0
58;2021-03-11;857;272;20678;12312;10.4;6.2
58;2021-03-12;862;199;21540;12511;10.8;6.3
58;2021-03-13;506;67;22046;12578;11.0;6.3
58;2021-03-14;34;0;22080;12578;11.1;6.3
58;2021-03-15;528;110;22608;12688;11.3;6.4
58;2021-03-16;726;222;23334;12910;11.7;6.5
58;2021-03-17;756;195;24090;13105;12.1;6.6
58;2021-03-18;583;179;24673;13284;12.4;6.7
58;2021-03-19;537;104;25210;13388;12.6;6.7
58;2021-03-20;322;64;25532;13452;12.8;6.7
58;2021-03-21;17;0;25549;13452;12.8;6.7
58;2021-03-22;794;25;26343;13477;13.2;6.8
58;2021-03-23;1636;43;27979;13520;14.0;6.8
58;2021-03-24;1366;74;29345;13594;14.7;6.8
58;2021-03-25;1840;44;31185;13638;15.6;6.8
58;2021-03-26;1415;54;32600;13692;16.3;6.9
58;2021-03-27;358;6;32958;13698;16.5;6.9
58;2021-03-28;20;0;32978;13698;16.5;6.9
58;2021-03-29;639;157;33617;13855;16.8;6.9
58;2021-03-30;1185;255;34802;14110;17.4;7.1
58;2021-03-31;1116;397;35918;14507;18.0;7.3
58;2021-04-01;1547;402;37465;14909;18.8;7.5
58;2021-04-02;1464;368;38929;15277;19.5;7.7
58;2021-04-03;567;150;39496;15427;19.8;7.7
58;2021-04-04;1;1;39497;15428;19.8;7.7
58;2021-04-05;47;0;39544;15428;19.8;7.7
58;2021-04-06;822;344;40366;15772;20.2;7.9
58;2021-04-07;695;551;41061;16323;20.6;8.2
58;2021-04-08;1493;426;42554;16749;21.3;8.4
58;2021-04-09;1774;484;44328;17233;22.2;8.6
58;2021-04-10;652;200;44980;17433;22.5;8.7
58;2021-04-11;17;3;44997;17436;22.5;8.7
58;2021-04-12;1117;502;46114;17938;23.1;9.0
58;2021-04-13;1436;628;47550;18566;23.8;9.3
58;2021-04-14;1339;674;48889;19240;24.5;9.6
58;2021-04-15;1434;601;50323;19841;25.2;9.9
58;2021-04-16;1734;513;52057;20354;26.1;10.2
58;2021-04-17;721;232;52778;20586;26.4;10.3
58;2021-04-18;20;7;52798;20593;26.5;10.3
58;2021-04-19;532;605;53330;21198;26.7;10.6
58;2021-04-20;486;1120;53816;22318;27.0;11.2
58;2021-04-21;626;968;54442;23286;27.3;11.7
58;2021-04-22;767;1524;55209;24810;27.7;12.4
58;2021-04-23;919;785;56128;25595;28.1;12.8
58;2021-04-24;211;205;56339;25800;28.2;12.9
58;2021-04-25;109;9;56448;25809;28.3;12.9
58;2021-04-26;762;248;57210;26057;28.7;13.1
58;2021-04-27;1499;1113;58709;27170;29.4;13.6
58;2021-04-28;1535;1051;60244;28221;30.2;14.1
58;2021-04-29;1442;1042;61686;29263;30.9;14.7
58;2021-04-30;1257;939;62943;30202;31.5;15.1
58;2021-05-01;6;17;62949;30219;31.5;15.1
58;2021-05-02;4;2;62953;30221;31.5;15.1
58;2021-05-03;1043;404;63996;30625;32.1;15.3
58;2021-05-04;1075;1348;65071;31973;32.6;16.0
58;2021-05-05;952;1091;66023;33064;33.1;16.6
58;2021-05-06;1361;1059;67384;34123;33.8;17.1
58;2021-05-07;1110;1090;68494;35213;34.3;17.6
58;2021-05-08;59;60;68553;35273;34.3;17.7
58;2021-05-09;5;19;68558;35292;34.3;17.7
58;2021-05-10;875;993;69433;36285;34.8;18.2
58;2021-05-11;1185;1982;70618;38267;35.4;19.2
58;2021-05-12;1662;1556;72280;39823;36.2;20.0
58;2021-05-13;49;181;72329;40004;36.2;20.0
58;2021-05-14;2311;909;74640;40913;37.4;20.5
58;2021-05-15;1725;457;76365;41370;38.3;20.7
58;2021-05-16;118;30;76483;41400;38.3;20.7
58;2021-05-17;792;610;77275;42010;38.7;21.0
58;2021-05-18;1332;1182;78607;43192;39.4;21.6
58;2021-05-19;1737;548;80344;43740;40.3;21.9
58;2021-05-20;1701;671;82045;44411;41.1;22.3
58;2021-05-21;854;728;82899;45139;41.5;22.6
58;2021-05-22;304;240;83203;45379;41.7;22.7
58;2021-05-23;2;21;83205;45400;41.7;22.7
58;2021-05-24;21;42;83226;45442;41.7;22.8
58;2021-05-25;1389;1152;84615;46594;42.4;23.3
58;2021-05-26;844;841;85459;47435;42.8;23.8
58;2021-05-27;753;944;86212;48379;43.2;24.2
58;2021-05-28;430;912;86642;49291;43.4;24.7
58;2021-05-29;151;212;86793;49503;43.5;24.8
58;2021-05-30;21;19;86814;49522;43.5;24.8
58;2021-05-31;757;398;87571;49920;43.9;25.0
58;2021-06-01;1373;1658;88944;51578;44.6;25.8
58;2021-06-02;1463;1047;90407;52625;45.3;26.4
58;2021-06-03;1026;960;91433;53585;45.8;26.8
58;2021-06-04;845;915;92278;54500;46.2;27.3
58;2021-06-05;272;263;92550;54763;46.4;27.4
58;2021-06-06;24;49;92574;54812;46.4;27.5
58;2021-06-07;712;793;93286;55605;46.7;27.9
58;2021-06-08;1325;1758;94611;57363;47.4;28.7
58;2021-06-09;1419;1009;96030;58372;48.1;29.2
58;2021-06-10;1108;981;97138;59353;48.7;29.7
58;2021-06-11;1031;907;98169;60260;49.2;30.2
58;2021-06-12;1055;415;99224;60675;49.7;30.4
58;2021-06-13;36;33;99260;60708;49.7;30.4
58;2021-06-14;516;1016;99776;61724;50.0;30.9
58;2021-06-15;1594;1757;101370;63481;50.8;31.8
58;2021-06-16;1806;992;103176;64473;51.7;32.3
58;2021-06-17;2024;1110;105200;65583;52.7;32.9
58;2021-06-18;987;1064;106187;66647;53.2;33.4
58;2021-06-19;581;319;106768;66966;53.5;33.6
58;2021-06-20;9;2;106777;66968;53.5;33.6
58;2021-06-21;472;551;107249;67519;53.7;33.8
58;2021-06-22;1028;1967;108277;69486;54.2;34.8
58;2021-06-23;1479;1513;109756;70999;55.0;35.6
58;2021-06-24;728;1025;110484;72024;55.4;36.1
58;2021-06-25;824;1718;111308;73742;55.8;36.9
58;2021-06-26;554;1229;111862;74971;56.0;37.6
58;2021-06-27;18;26;111880;74997;56.1;37.6
58;2021-06-28;463;987;112343;75984;56.3;38.1
58;2021-06-29;623;2162;112966;78146;56.6;39.2
58;2021-06-30;998;1625;113964;79771;57.1;40.0
58;2021-07-01;760;1674;114724;81445;57.5;40.8
58;2021-07-02;444;849;115168;82294;57.7;41.2
58;2021-07-03;249;512;115417;82806;57.8;41.5
58;2021-07-04;12;30;115429;82836;57.8;41.5
58;2021-07-05;510;769;115939;83605;58.1;41.9
58;2021-07-06;696;2122;116635;85727;58.4;43.0
58;2021-07-07;388;955;117023;86682;58.6;43.4
58;2021-07-08;399;1020;117422;87702;58.8;43.9
58;2021-07-09;709;1416;118131;89118;59.2;44.6
58;2021-07-10;260;413;118391;89531;59.3;44.9
58;2021-07-11;175;55;118566;89586;59.4;44.9
58;2021-07-12;198;968;118764;90554;59.5;45.4
58;2021-07-13;932;2502;119696;93056;60.0;46.6
58;2021-07-14;27;62;119723;93118;60.0;46.7
58;2021-07-15;1136;1938;120859;95056;60.6;47.6
58;2021-07-16;1411;1447;122270;96503;61.3;48.3
58;2021-07-17;463;288;122733;96791;61.5;48.5
58;2021-07-18;102;21;122835;96812;61.5;48.5
58;2021-07-19;1647;988;124482;97800;62.4;49.0
58;2021-07-20;1405;2457;125887;100257;63.1;50.2
58;2021-07-21;1175;2009;127062;102266;63.7;51.2
58;2021-07-22;1139;1669;128201;103935;64.2;52.1
58;2021-07-23;1258;1445;129459;105380;64.9;52.8
58;2021-07-24;998;1272;130457;106652;65.4;53.4
58;2021-07-25;88;39;130545;106691;65.4;53.5
58;2021-07-26;981;860;131526;107551;65.9;53.9
58;2021-07-27;1563;2582;133089;110133;66.7;55.2
58;2021-07-28;1570;1973;134659;112106;67.5;56.2
58;2021-07-29;1575;1622;136234;113728;68.3;57.0
58;2021-07-30;1460;1428;137694;115156;69.0;57.7
58;2021-07-31;561;525;138255;115681;69.3;58.0
58;2021-08-01;34;13;138289;115694;69.3;58.0
58;2021-08-02;1583;863;139872;116557;70.1;58.4
58;2021-08-03;2042;1782;141914;118339;71.1;59.3
58;2021-08-04;1304;1184;143218;119523;71.8;59.9
58;2021-08-05;1619;1181;144837;120704;72.6;60.5
58;2021-08-06;1355;1030;146192;121734;73.2;61.0
58;2021-08-07;311;401;146503;122135;73.4;61.2
58;2021-08-08;30;58;146533;122193;73.4;61.2
58;2021-08-09;1075;1386;147608;123579;74.0;61.9
58;2021-08-10;1778;1388;149386;124967;74.8;62.6
58;2021-08-11;1117;777;150503;125744;75.4;63.0
58;2021-08-12;1062;1110;151565;126854;75.9;63.6
58;2021-08-13;881;952;152446;127806;76.4;64.0
58;2021-08-14;231;315;152677;128121;76.5;64.2
58;2021-08-15;13;27;152690;128148;76.5;64.2
58;2021-08-16;307;1403;152997;129551;76.7;64.9
58;2021-08-17;796;1335;153793;130886;77.1;65.6
58;2021-08-18;763;1169;154556;132055;77.4;66.2
58;2021-08-19;718;1341;155274;133396;77.8;66.8
59;2020-12-27;1;0;1;0;0.0;0.0
59;2020-12-28;27;0;28;0;0.0;0.0
59;2020-12-29;0;0;28;0;0.0;0.0
59;2020-12-30;0;0;28;0;0.0;0.0
59;2020-12-31;1;0;29;0;0.0;0.0
59;2021-01-01;3;0;32;0;0.0;0.0
59;2021-01-02;1;0;33;0;0.0;0.0
59;2021-01-03;2;0;35;0;0.0;0.0
59;2021-01-04;79;0;114;0;0.0;0.0
59;2021-01-05;217;0;331;0;0.0;0.0
59;2021-01-06;430;2;761;2;0.0;0.0
59;2021-01-07;1313;0;2074;2;0.1;0.0
59;2021-01-08;1262;4;3336;6;0.1;0.0
59;2021-01-09;609;3;3945;9;0.2;0.0
59;2021-01-10;427;0;4372;9;0.2;0.0
59;2021-01-11;1846;5;6218;14;0.2;0.0
59;2021-01-12;2470;2;8688;16;0.3;0.0
59;2021-01-13;2367;3;11055;19;0.4;0.0
59;2021-01-14;2757;22;13812;41;0.5;0.0
59;2021-01-15;2274;16;16086;57;0.6;0.0
59;2021-01-16;770;1;16856;58;0.7;0.0
59;2021-01-17;560;1;17416;59;0.7;0.0
59;2021-01-18;3509;15;20925;74;0.8;0.0
59;2021-01-19;4753;10;25678;84;1.0;0.0
59;2021-01-20;4133;12;29811;96;1.2;0.0
59;2021-01-21;4730;40;34541;136;1.3;0.0
59;2021-01-22;4021;11;38562;147;1.5;0.0
59;2021-01-23;1214;3;39776;150;1.5;0.0
59;2021-01-24;168;0;39944;150;1.5;0.0
59;2021-01-25;2728;59;42672;209;1.6;0.0
59;2021-01-26;2803;137;45475;346;1.8;0.0
59;2021-01-27;1736;308;47211;654;1.8;0.0
59;2021-01-28;3398;764;50609;1418;2.0;0.1
59;2021-01-29;2541;796;53150;2214;2.1;0.1
59;2021-01-30;288;176;53438;2390;2.1;0.1
59;2021-01-31;24;0;53462;2390;2.1;0.1
59;2021-02-01;78;863;53540;3253;2.1;0.1
59;2021-02-02;684;1433;54224;4686;2.1;0.2
59;2021-02-03;3748;1437;57972;6123;2.2;0.2
59;2021-02-04;2958;1742;60930;7865;2.4;0.3
59;2021-02-05;1049;1408;61979;9273;2.4;0.4
59;2021-02-06;206;355;62185;9628;2.4;0.4
59;2021-02-07;268;49;62453;9677;2.4;0.4
59;2021-02-08;683;1624;63136;11301;2.4;0.4
59;2021-02-09;1011;1844;64147;13145;2.5;0.5
59;2021-02-10;974;1636;65121;14781;2.5;0.6
59;2021-02-11;1346;1815;66467;16596;2.6;0.6
59;2021-02-12;1413;1645;67880;18241;2.6;0.7
59;2021-02-13;207;748;68087;18989;2.6;0.7
59;2021-02-14;13;42;68100;19031;2.6;0.7
59;2021-02-15;1393;3113;69493;22144;2.7;0.9
59;2021-02-16;1433;3772;70926;25916;2.7;1.0
59;2021-02-17;1618;3827;72544;29743;2.8;1.1
59;2021-02-18;3106;5194;75650;34937;2.9;1.3
59;2021-02-19;3209;3621;78859;38558;3.0;1.5
59;2021-02-20;1414;1592;80273;40150;3.1;1.6
59;2021-02-21;242;263;80515;40413;3.1;1.6
59;2021-02-22;1432;2585;81947;42998;3.2;1.7
59;2021-02-23;2658;2865;84605;45863;3.3;1.8
59;2021-02-24;4105;4060;88710;49923;3.4;1.9
59;2021-02-25;6916;3729;95626;53652;3.7;2.1
59;2021-02-26;6494;1900;102120;55552;3.9;2.1
59;2021-02-27;3095;188;105215;55740;4.1;2.2
59;2021-02-28;208;59;105423;55799;4.1;2.2
59;2021-03-01;3693;667;109116;56466;4.2;2.2
59;2021-03-02;4794;571;113910;57037;4.4;2.2
59;2021-03-03;5747;1003;119657;58040;4.6;2.2
59;2021-03-04;7083;946;126740;58986;4.9;2.3
59;2021-03-05;7829;980;134569;59966;5.2;2.3
59;2021-03-06;11558;527;146127;60493;5.6;2.3
59;2021-03-07;7585;346;153712;60839;5.9;2.3
59;2021-03-08;4496;1095;158208;61934;6.1;2.4
59;2021-03-09;6584;1420;164792;63354;6.4;2.4
59;2021-03-10;7024;1196;171816;64550;6.6;2.5
59;2021-03-11;9470;1870;181286;66420;7.0;2.6
59;2021-03-12;12149;1548;193435;67968;7.5;2.6
59;2021-03-13;16552;1077;209987;69045;8.1;2.7
59;2021-03-14;6960;319;216947;69364;8.4;2.7
59;2021-03-15;5612;1505;222559;70869;8.6;2.7
59;2021-03-16;3739;1326;226298;72195;8.7;2.8
59;2021-03-17;3854;2101;230152;74296;8.9;2.9
59;2021-03-18;3957;2494;234109;76790;9.0;3.0
59;2021-03-19;7740;1830;241849;78620;9.3;3.0
59;2021-03-20;16023;1269;257872;79889;10.0;3.1
59;2021-03-21;6315;440;264187;80329;10.2;3.1
59;2021-03-22;5446;1772;269633;82101;10.4;3.2
59;2021-03-23;7768;2815;277401;84916;10.7;3.3
59;2021-03-24;6860;2966;284261;87882;11.0;3.4
59;2021-03-25;10532;2547;294793;90429;11.4;3.5
59;2021-03-26;12248;2837;307041;93266;11.9;3.6
59;2021-03-27;15276;1135;322317;94401;12.4;3.6
59;2021-03-28;7983;352;330300;94753;12.8;3.7
59;2021-03-29;5494;3200;335794;97953;13.0;3.8
59;2021-03-30;7540;3752;343334;101705;13.3;3.9
59;2021-03-31;6154;4102;349488;105807;13.5;4.1
59;2021-04-01;7489;4914;356977;110721;13.8;4.3
59;2021-04-02;7647;5525;364624;116246;14.1;4.5
59;2021-04-03;13015;4299;377639;120545;14.6;4.7
59;2021-04-04;5347;2182;382986;122727;14.8;4.7
59;2021-04-05;6013;1536;388999;124263;15.0;4.8
59;2021-04-06;5403;4494;394402;128757;15.2;5.0
59;2021-04-07;7625;5437;402027;134194;15.5;5.2
59;2021-04-08;10390;5764;412417;139958;15.9;5.4
59;2021-04-09;13419;5931;425836;145889;16.4;5.6
59;2021-04-10;11476;6137;437312;152026;16.9;5.9
59;2021-04-11;4635;3565;441947;155591;17.1;6.0
59;2021-04-12;6307;4349;448254;159940;17.3;6.2
59;2021-04-13;8934;4796;457188;164736;17.7;6.4
59;2021-04-14;8788;4340;465976;169076;18.0;6.5
59;2021-04-15;10306;4841;476282;173917;18.4;6.7
59;2021-04-16;10881;5504;487163;179421;18.8;6.9
59;2021-04-17;7298;9080;494461;188501;19.1;7.3
59;2021-04-18;3231;4170;497692;192671;19.2;7.4
59;2021-04-19;5045;4301;502737;196972;19.4;7.6
59;2021-04-20;6895;4212;509632;201184;19.7;7.8
59;2021-04-21;6274;4429;515906;205613;19.9;7.9
59;2021-04-22;8608;5507;524514;211120;20.3;8.2
59;2021-04-23;8454;5687;532968;216807;20.6;8.4
59;2021-04-24;5539;8066;538507;224873;20.8;8.7
59;2021-04-25;3243;6082;541750;230955;20.9;8.9
59;2021-04-26;6493;3796;548243;234751;21.2;9.1
59;2021-04-27;8359;5199;556602;239950;21.5;9.3
59;2021-04-28;8772;6582;565374;246532;21.8;9.5
59;2021-04-29;9411;8576;574785;255108;22.2;9.9
59;2021-04-30;10603;8551;585388;263659;22.6;10.2
59;2021-05-01;11998;7590;597386;271249;23.1;10.5
59;2021-05-02;8645;5992;606031;277241;23.4;10.7
59;2021-05-03;9555;5067;615586;282308;23.8;10.9
59;2021-05-04;11424;6012;627010;288320;24.2;11.1
59;2021-05-05;10294;6219;637304;294539;24.6;11.4
59;2021-05-06;11195;8462;648499;303001;25.0;11.7
59;2021-05-07;13297;9629;661796;312630;25.6;12.1
59;2021-05-08;14743;4161;676539;316791;26.1;12.2
59;2021-05-09;11491;3339;688030;320130;26.6;12.4
59;2021-05-10;12743;6647;700773;326777;27.1;12.6
59;2021-05-11;15113;8343;715886;335120;27.7;12.9
59;2021-05-12;16628;8645;732514;343765;28.3;13.3
59;2021-05-13;18443;3454;750957;347219;29.0;13.4
59;2021-05-14;15780;6970;766737;354189;29.6;13.7
59;2021-05-15;23446;5300;790183;359489;30.5;13.9
59;2021-05-16;21183;2412;811366;361901;31.3;14.0
59;2021-05-17;15074;5274;826440;367175;31.9;14.2
59;2021-05-18;16926;5673;843366;372848;32.6;14.4
59;2021-05-19;18319;5107;861685;377955;33.3;14.6
59;2021-05-20;17931;7018;879616;384973;34.0;14.9
59;2021-05-21;18371;8301;897987;393274;34.7;15.2
59;2021-05-22;23815;5695;921802;398969;35.6;15.4
59;2021-05-23;17922;2269;939724;401238;36.3;15.5
59;2021-05-24;16688;2132;956412;403370;36.9;15.6
59;2021-05-25;14991;6677;971403;410047;37.5;15.8
59;2021-05-26;15892;7052;987295;417099;38.1;16.1
59;2021-05-27;16147;9179;1003442;426278;38.8;16.5
59;2021-05-28;15886;11478;1019328;437756;39.4;16.9
59;2021-05-29;14372;8724;1033700;446480;39.9;17.2
59;2021-05-30;8406;1843;1042106;448323;40.3;17.3
59;2021-05-31;14209;7981;1056315;456304;40.8;17.6
59;2021-06-01;15093;10425;1071408;466729;41.4;18.0
59;2021-06-02;14766;9944;1086174;476673;42.0;18.4
59;2021-06-03;15628;12145;1101802;488818;42.6;18.9
59;2021-06-04;15605;13499;1117407;502317;43.2;19.4
59;2021-06-05;14981;9342;1132388;511659;43.7;19.8
59;2021-06-06;8831;3205;1141219;514864;44.1;19.9
59;2021-06-07;10526;9446;1151745;524310;44.5;20.3
59;2021-06-08;11762;11097;1163507;535407;44.9;20.7
59;2021-06-09;10766;11919;1174273;547326;45.4;21.1
59;2021-06-10;11497;12344;1185770;559670;45.8;21.6
59;2021-06-11;10975;16018;1196745;575688;46.2;22.2
59;2021-06-12;11077;13683;1207822;589371;46.7;22.8
59;2021-06-13;6340;7032;1214162;596403;46.9;23.0
59;2021-06-14;6505;12700;1220667;609103;47.1;23.5
59;2021-06-15;8239;15957;1228906;625060;47.5;24.1
59;2021-06-16;9203;13555;1238109;638615;47.8;24.7
59;2021-06-17;9188;15663;1247297;654278;48.2;25.3
59;2021-06-18;9081;20057;1256378;674335;48.5;26.0
59;2021-06-19;8954;17490;1265332;691825;48.9;26.7
59;2021-06-20;4900;10190;1270232;702015;49.1;27.1
59;2021-06-21;5277;15971;1275509;717986;49.3;27.7
59;2021-06-22;6332;18686;1281841;736672;49.5;28.5
59;2021-06-23;6166;19088;1288007;755760;49.7;29.2
59;2021-06-24;7335;20537;1295342;776297;50.0;30.0
59;2021-06-25;6508;21210;1301850;797507;50.3;30.8
59;2021-06-26;6486;23757;1308336;821264;50.5;31.7
59;2021-06-27;4756;17080;1313092;838344;50.7;32.4
59;2021-06-28;5002;19830;1318094;858174;50.9;33.1
59;2021-06-29;5553;20373;1323647;878547;51.1;33.9
59;2021-06-30;6134;20101;1329781;898648;51.4;34.7
59;2021-07-01;6786;20841;1336567;919489;51.6;35.5
59;2021-07-02;6833;23250;1343400;942739;51.9;36.4
59;2021-07-03;5559;24620;1348959;967359;52.1;37.4
59;2021-07-04;4416;15978;1353375;983337;52.3;38.0
59;2021-07-05;5663;17490;1359038;1000827;52.5;38.7
59;2021-07-06;6597;18810;1365635;1019637;52.7;39.4
59;2021-07-07;6942;17461;1372577;1037098;53.0;40.1
59;2021-07-08;8021;17700;1380598;1054798;53.3;40.7
59;2021-07-09;7701;20304;1388299;1075102;53.6;41.5
59;2021-07-10;7440;18541;1395739;1093643;53.9;42.2
59;2021-07-11;4452;10227;1400191;1103870;54.1;42.6
59;2021-07-12;5906;18042;1406097;1121912;54.3;43.3
59;2021-07-13;9900;20761;1415997;1142673;54.7;44.1
59;2021-07-14;9781;8461;1425778;1151134;55.1;44.5
59;2021-07-15;11627;20419;1437405;1171553;55.5;45.3
59;2021-07-16;13209;20512;1450614;1192065;56.0;46.0
59;2021-07-17;12383;17459;1462997;1209524;56.5;46.7
59;2021-07-18;7951;8679;1470948;1218203;56.8;47.1
59;2021-07-19;10384;16450;1481332;1234653;57.2;47.7
59;2021-07-20;13390;17124;1494722;1251777;57.7;48.4
59;2021-07-21;14505;15588;1509227;1267365;58.3;49.0
59;2021-07-22;17034;15199;1526261;1282564;59.0;49.5
59;2021-07-23;15696;15839;1541957;1298403;59.6;50.2
59;2021-07-24;16328;12282;1558285;1310685;60.2;50.6
59;2021-07-25;11903;7322;1570188;1318007;60.6;50.9
59;2021-07-26;13013;12608;1583201;1330615;61.2;51.4
59;2021-07-27;16152;11956;1599353;1342571;61.8;51.9
59;2021-07-28;17395;11647;1616748;1354218;62.4;52.3
59;2021-07-29;17352;11658;1634100;1365876;63.1;52.8
59;2021-07-30;15861;11594;1649961;1377470;63.7;53.2
59;2021-07-31;13929;9165;1663890;1386635;64.3;53.6
59;2021-08-01;9928;4528;1673818;1391163;64.7;53.7
59;2021-08-02;12070;10004;1685888;1401167;65.1;54.1
59;2021-08-03;13348;10035;1699236;1411202;65.6;54.5
59;2021-08-04;11177;8268;1710413;1419470;66.1;54.8
59;2021-08-05;12651;9780;1723064;1429250;66.6;55.2
59;2021-08-06;12460;11028;1735524;1440278;67.0;55.6
59;2021-08-07;9691;9285;1745215;1449563;67.4;56.0
59;2021-08-08;6927;5238;1752142;1454801;67.7;56.2
59;2021-08-09;8364;10796;1760506;1465597;68.0;56.6
59;2021-08-10;10347;10763;1770853;1476360;68.4;57.0
59;2021-08-11;8625;9301;1779478;1485661;68.7;57.4
59;2021-08-12;8960;12039;1788438;1497700;69.1;57.8
59;2021-08-13;8416;11699;1796854;1509399;69.4;58.3
59;2021-08-14;5910;10361;1802764;1519760;69.6;58.7
59;2021-08-15;3360;4652;1806124;1524412;69.8;58.9
59;2021-08-16;5827;13837;1811951;1538249;70.0;59.4
59;2021-08-17;6907;12742;1818858;1550991;70.3;59.9
59;2021-08-18;5846;11424;1824704;1562415;70.5;60.3
59;2021-08-19;6244;13791;1830948;1576206;70.7;60.9
60;2020-12-27;0;0;0;0;0.0;0.0
60;2020-12-28;0;0;0;0;0.0;0.0
60;2020-12-29;1;0;1;0;0.0;0.0
60;2020-12-30;0;0;1;0;0.0;0.0
60;2020-12-31;0;0;1;0;0.0;0.0
60;2021-01-01;0;0;1;0;0.0;0.0
60;2021-01-02;5;0;6;0;0.0;0.0
60;2021-01-03;1;0;7;0;0.0;0.0
60;2021-01-04;1;0;8;0;0.0;0.0
60;2021-01-05;37;0;45;0;0.0;0.0
60;2021-01-06;188;4;233;4;0.0;0.0
60;2021-01-07;236;4;469;8;0.1;0.0
60;2021-01-08;380;3;849;11;0.1;0.0
60;2021-01-09;3;0;852;11;0.1;0.0
60;2021-01-10;60;0;912;11;0.1;0.0
60;2021-01-11;342;2;1254;13;0.2;0.0
60;2021-01-12;534;2;1788;15;0.2;0.0
60;2021-01-13;476;5;2264;20;0.3;0.0
60;2021-01-14;507;6;2771;26;0.3;0.0
60;2021-01-15;701;6;3472;32;0.4;0.0
60;2021-01-16;124;1;3596;33;0.4;0.0
60;2021-01-17;32;0;3628;33;0.4;0.0
60;2021-01-18;859;5;4487;38;0.5;0.0
60;2021-01-19;1199;10;5686;48;0.7;0.0
60;2021-01-20;1697;13;7383;61;0.9;0.0
60;2021-01-21;2219;10;9602;71;1.2;0.0
60;2021-01-22;1540;14;11142;85;1.4;0.0
60;2021-01-23;499;4;11641;89;1.4;0.0
60;2021-01-24;61;1;11702;90;1.4;0.0
60;2021-01-25;895;14;12597;104;1.5;0.0
60;2021-01-26;950;14;13547;118;1.6;0.0
60;2021-01-27;643;8;14190;126;1.7;0.0
60;2021-01-28;395;169;14585;295;1.8;0.0
60;2021-01-29;77;106;14662;401;1.8;0.0
60;2021-01-30;0;1;14662;402;1.8;0.0
60;2021-01-31;22;61;14684;463;1.8;0.1
60;2021-02-01;38;108;14722;571;1.8;0.1
60;2021-02-02;26;159;14748;730;1.8;0.1
60;2021-02-03;162;237;14910;967;1.8;0.1
60;2021-02-04;170;341;15080;1308;1.8;0.2
60;2021-02-05;313;477;15393;1785;1.9;0.2
60;2021-02-06;63;79;15456;1864;1.9;0.2
60;2021-02-07;31;32;15487;1896;1.9;0.2
60;2021-02-08;328;516;15815;2412;1.9;0.3
60;2021-02-09;318;468;16133;2880;2.0;0.3
60;2021-02-10;553;995;16686;3875;2.0;0.5
60;2021-02-11;936;1130;17622;5005;2.1;0.6
60;2021-02-12;912;857;18534;5862;2.2;0.7
60;2021-02-13;90;309;18624;6171;2.3;0.7
60;2021-02-14;24;91;18648;6262;2.3;0.8
60;2021-02-15;613;808;19261;7070;2.3;0.9
60;2021-02-16;580;926;19841;7996;2.4;1.0
60;2021-02-17;633;931;20474;8927;2.5;1.1
60;2021-02-18;684;827;21158;9754;2.6;1.2
60;2021-02-19;641;765;21799;10519;2.6;1.3
60;2021-02-20;104;190;21903;10709;2.7;1.3
60;2021-02-21;22;121;21925;10830;2.7;1.3
60;2021-02-22;461;874;22386;11704;2.7;1.4
60;2021-02-23;533;789;22919;12493;2.8;1.5
60;2021-02-24;794;554;23713;13047;2.9;1.6
60;2021-02-25;1095;310;24808;13357;3.0;1.6
60;2021-02-26;1298;190;26106;13547;3.2;1.6
60;2021-02-27;666;36;26772;13583;3.2;1.6
60;2021-02-28;7;10;26779;13593;3.2;1.6
60;2021-03-01;893;49;27672;13642;3.4;1.7
60;2021-03-02;1013;167;28685;13809;3.5;1.7
60;2021-03-03;1321;450;30006;14259;3.6;1.7
60;2021-03-04;1725;518;31731;14777;3.8;1.8
60;2021-03-05;1820;289;33551;15066;4.1;1.8
60;2021-03-06;1918;137;35469;15203;4.3;1.8
60;2021-03-07;885;31;36354;15234;4.4;1.8
60;2021-03-08;978;317;37332;15551;4.5;1.9
60;2021-03-09;1642;358;38974;15909;4.7;1.9
60;2021-03-10;1937;432;40911;16341;5.0;2.0
60;2021-03-11;2324;384;43235;16725;5.2;2.0
60;2021-03-12;2593;543;45828;17268;5.6;2.1
60;2021-03-13;3837;211;49665;17479;6.0;2.1
60;2021-03-14;1779;58;51444;17537;6.2;2.1
60;2021-03-15;2091;502;53535;18039;6.5;2.2
60;2021-03-16;1583;625;55118;18664;6.7;2.3
60;2021-03-17;1659;619;56777;19283;6.9;2.3
60;2021-03-18;1759;738;58536;20021;7.1;2.4
60;2021-03-19;2591;530;61127;20551;7.4;2.5
60;2021-03-20;3239;191;64366;20742;7.8;2.5
60;2021-03-21;2125;99;66491;20841;8.1;2.5
60;2021-03-22;2133;712;68624;21553;8.3;2.6
60;2021-03-23;3307;728;71931;22281;8.7;2.7
60;2021-03-24;3069;877;75000;23158;9.1;2.8
60;2021-03-25;3849;847;78849;24005;9.6;2.9
60;2021-03-26;4216;875;83065;24880;10.1;3.0
60;2021-03-27;4141;316;87206;25196;10.6;3.1
60;2021-03-28;2448;81;89654;25277;10.9;3.1
60;2021-03-29;2608;1088;92262;26365;11.2;3.2
60;2021-03-30;3285;1075;95547;27440;11.6;3.3
60;2021-03-31;2669;1147;98216;28587;11.9;3.5
60;2021-04-01;2562;1107;100778;29694;12.2;3.6
60;2021-04-02;3307;1101;104085;30795;12.6;3.7
60;2021-04-03;3170;1014;107255;31809;13.0;3.9
60;2021-04-04;875;484;108130;32293;13.1;3.9
60;2021-04-05;458;81;108588;32374;13.2;3.9
60;2021-04-06;1965;1626;110553;34000;13.4;4.1
60;2021-04-07;1985;1751;112538;35751;13.6;4.3
60;2021-04-08;2612;1494;115150;37245;14.0;4.5
60;2021-04-09;2998;1519;118148;38764;14.3;4.7
60;2021-04-10;2929;1587;121077;40351;14.7;4.9
60;2021-04-11;1049;997;122126;41348;14.8;5.0
60;2021-04-12;2047;1722;124173;43070;15.0;5.2
60;2021-04-13;2748;1783;126921;44853;15.4;5.4
60;2021-04-14;3132;1817;130053;46670;15.8;5.7
60;2021-04-15;3550;1891;133603;48561;16.2;5.9
60;2021-04-16;3289;1950;136892;50511;16.6;6.1
60;2021-04-17;2848;2172;139740;52683;16.9;6.4
60;2021-04-18;573;1834;140313;54517;17.0;6.6
60;2021-04-19;1742;2214;142055;56731;17.2;6.9
60;2021-04-20;2128;2678;144183;59409;17.5;7.2
60;2021-04-21;2653;2207;146836;61616;17.8;7.5
60;2021-04-22;2630;2511;149466;64127;18.1;7.8
60;2021-04-23;2649;2502;152115;66629;18.4;8.1
60;2021-04-24;2471;3457;154586;70086;18.7;8.5
60;2021-04-25;1161;1964;155747;72050;18.9;8.7
60;2021-04-26;1890;2529;157637;74579;19.1;9.0
60;2021-04-27;2310;2846;159947;77425;19.4;9.4
60;2021-04-28;3061;2399;163008;79824;19.8;9.7
60;2021-04-29;3153;2627;166161;82451;20.1;10.0
60;2021-04-30;3459;2968;169620;85419;20.6;10.4
60;2021-05-01;2355;1123;171975;86542;20.8;10.5
60;2021-05-02;2148;843;174123;87385;21.1;10.6
60;2021-05-03;2955;1853;177078;89238;21.5;10.8
60;2021-05-04;3018;2357;180096;91595;21.8;11.1
60;2021-05-05;3257;2807;183353;94402;22.2;11.4
60;2021-05-06;3648;2480;187001;96882;22.7;11.7
60;2021-05-07;3985;2522;190986;99404;23.1;12.0
60;2021-05-08;3584;975;194570;100379;23.6;12.2
60;2021-05-09;3459;954;198029;101333;24.0;12.3
60;2021-05-10;2391;2293;200420;103626;24.3;12.6
60;2021-05-11;3667;2472;204087;106098;24.7;12.9
60;2021-05-12;4718;2550;208805;108648;25.3;13.2
60;2021-05-13;5292;1128;214097;109776;25.9;13.3
60;2021-05-14;5605;1812;219702;111588;26.6;13.5
60;2021-05-15;6173;1715;225875;113303;27.4;13.7
60;2021-05-16;4861;691;230736;113994;28.0;13.8
60;2021-05-17;3716;1677;234452;115671;28.4;14.0
60;2021-05-18;4048;2081;238500;117752;28.9;14.3
60;2021-05-19;5097;1854;243597;119606;29.5;14.5
60;2021-05-20;5458;1796;249055;121402;30.2;14.7
60;2021-05-21;5975;1977;255030;123379;30.9;15.0
60;2021-05-22;5355;1982;260385;125361;31.6;15.2
60;2021-05-23;4267;656;264652;126017;32.1;15.3
60;2021-05-24;2951;533;267603;126550;32.4;15.3
60;2021-05-25;4138;2003;271741;128553;32.9;15.6
60;2021-05-26;4465;1834;276206;130387;33.5;15.8
60;2021-05-27;4613;1997;280819;132384;34.0;16.0
60;2021-05-28;4627;2511;285446;134895;34.6;16.3
60;2021-05-29;4612;2274;290058;137169;35.2;16.6
60;2021-05-30;1086;351;291144;137520;35.3;16.7
60;2021-05-31;3830;2081;294974;139601;35.8;16.9
60;2021-06-01;4443;2854;299417;142455;36.3;17.3
60;2021-06-02;3912;2451;303329;144906;36.8;17.6
60;2021-06-03;3906;2379;307235;147285;37.2;17.9
60;2021-06-04;4654;2906;311889;150191;37.8;18.2
60;2021-06-05;4303;3421;316192;153612;38.3;18.6
60;2021-06-06;2157;795;318349;154407;38.6;18.7
60;2021-06-07;2777;2759;321126;157166;38.9;19.0
60;2021-06-08;3802;3010;324928;160176;39.4;19.4
60;2021-06-09;3244;3400;328172;163576;39.8;19.8
60;2021-06-10;3454;3368;331626;166944;40.2;20.2
60;2021-06-11;3881;4197;335507;171141;40.7;20.7
60;2021-06-12;3779;4278;339286;175419;41.1;21.3
60;2021-06-13;1156;2225;340442;177644;41.3;21.5
60;2021-06-14;1908;3305;342350;180949;41.5;21.9
60;2021-06-15;3014;4165;345364;185114;41.9;22.4
60;2021-06-16;3252;4490;348616;189604;42.3;23.0
60;2021-06-17;2978;4786;351594;194390;42.6;23.6
60;2021-06-18;2985;4604;354579;198994;43.0;24.1
60;2021-06-19;3143;4730;357722;203724;43.4;24.7
60;2021-06-20;1430;1934;359152;205658;43.5;24.9
60;2021-06-21;1408;4040;360560;209698;43.7;25.4
60;2021-06-22;1760;5292;362320;214990;43.9;26.1
60;2021-06-23;1862;5240;364182;220230;44.1;26.7
60;2021-06-24;1804;5605;365986;225835;44.4;27.4
60;2021-06-25;1903;5728;367889;231563;44.6;28.1
60;2021-06-26;1857;6980;369746;238543;44.8;28.9
60;2021-06-27;714;2594;370460;241137;44.9;29.2
60;2021-06-28;1781;4140;372241;245277;45.1;29.7
60;2021-06-29;2014;5467;374255;250744;45.4;30.4
60;2021-06-30;2298;5359;376553;256103;45.6;31.0
60;2021-07-01;1890;4919;378443;261022;45.9;31.6
60;2021-07-02;2368;5882;380811;266904;46.2;32.3
60;2021-07-03;2402;6166;383213;273070;46.4;33.1
60;2021-07-04;792;2726;384005;275796;46.5;33.4
60;2021-07-05;1657;4403;385662;280199;46.7;34.0
60;2021-07-06;2145;4500;387807;284699;47.0;34.5
60;2021-07-07;2171;5120;389978;289819;47.3;35.1
60;2021-07-08;2673;4692;392651;294511;47.6;35.7
60;2021-07-09;2640;5559;395291;300070;47.9;36.4
60;2021-07-10;2581;5876;397872;305946;48.2;37.1
60;2021-07-11;1214;1944;399086;307890;48.4;37.3
60;2021-07-12;1445;4740;400531;312630;48.5;37.9
60;2021-07-13;2910;5017;403441;317647;48.9;38.5
60;2021-07-14;2579;1408;406020;319055;49.2;38.7
60;2021-07-15;3428;4870;409448;323925;49.6;39.3
60;2021-07-16;3694;5243;413142;329168;50.1;39.9
60;2021-07-17;4076;5138;417218;334306;50.6;40.5
60;2021-07-18;2181;2128;419399;336434;50.8;40.8
60;2021-07-19;2538;3895;421937;340329;51.1;41.2
60;2021-07-20;4184;4902;426121;345231;51.6;41.8
60;2021-07-21;4342;4274;430463;349505;52.2;42.4
60;2021-07-22;4622;4330;435085;353835;52.7;42.9
60;2021-07-23;4970;4899;440055;358734;53.3;43.5
60;2021-07-24;4306;4669;444361;363403;53.9;44.0
60;2021-07-25;2599;1827;446960;365230;54.2;44.3
60;2021-07-26;3370;3761;450330;368991;54.6;44.7
60;2021-07-27;4418;4633;454748;373624;55.1;45.3
60;2021-07-28;4532;3761;459280;377385;55.7;45.7
60;2021-07-29;4892;3708;464172;381093;56.3;46.2
60;2021-07-30;5003;4253;469175;385346;56.9;46.7
60;2021-07-31;4046;3959;473221;389305;57.4;47.2
60;2021-08-01;1681;860;474902;390165;57.6;47.3
60;2021-08-02;3161;2749;478063;392914;57.9;47.6
60;2021-08-03;3574;2892;481637;395806;58.4;48.0
60;2021-08-04;3292;2792;484929;398598;58.8;48.3
60;2021-08-05;3017;2255;487946;400853;59.1;48.6
60;2021-08-06;3818;3057;491764;403910;59.6;49.0
60;2021-08-07;3362;3070;495126;406980;60.0;49.3
60;2021-08-08;1532;902;496658;407882;60.2;49.4
60;2021-08-09;2192;2866;498850;410748;60.5;49.8
60;2021-08-10;3259;3301;502109;414049;60.9;50.2
60;2021-08-11;2779;3224;504888;417273;61.2;50.6
60;2021-08-12;2347;2656;507235;419929;61.5;50.9
60;2021-08-13;2736;2993;509971;422922;61.8;51.3
60;2021-08-14;2535;2724;512506;425646;62.1;51.6
60;2021-08-15;1358;545;513864;426191;62.3;51.7
60;2021-08-16;2036;3771;515900;429962;62.5;52.1
60;2021-08-17;2338;3814;518238;433776;62.8;52.6
60;2021-08-18;1933;3280;520171;437056;63.0;53.0
60;2021-08-19;1603;3078;521774;440134;63.2;53.3
61;2020-12-27;0;0;0;0;0.0;0.0
61;2020-12-28;0;0;0;0;0.0;0.0
61;2020-12-29;0;0;0;0;0.0;0.0
61;2020-12-30;0;0;0;0;0.0;0.0
61;2020-12-31;0;0;0;0;0.0;0.0
61;2021-01-01;1;0;1;0;0.0;0.0
61;2021-01-02;1;0;2;0;0.0;0.0
61;2021-01-03;0;0;2;0;0.0;0.0
61;2021-01-04;1;0;3;0;0.0;0.0
61;2021-01-05;3;0;6;0;0.0;0.0
61;2021-01-06;76;0;82;0;0.0;0.0
61;2021-01-07;175;2;257;2;0.1;0.0
61;2021-01-08;406;1;663;3;0.2;0.0
61;2021-01-09;165;1;828;4;0.3;0.0
61;2021-01-10;49;0;877;4;0.3;0.0
61;2021-01-11;396;1;1273;5;0.5;0.0
61;2021-01-12;680;2;1953;7;0.7;0.0
61;2021-01-13;739;1;2692;8;1.0;0.0
61;2021-01-14;530;8;3222;16;1.2;0.0
61;2021-01-15;537;4;3759;20;1.4;0.0
61;2021-01-16;289;1;4048;21;1.5;0.0
61;2021-01-17;844;7;4892;28;1.8;0.0
61;2021-01-18;1913;3;6805;31;2.5;0.0
61;2021-01-19;1323;4;8128;35;2.9;0.0
61;2021-01-20;683;0;8811;35;3.2;0.0
61;2021-01-21;844;1;9655;36;3.5;0.0
61;2021-01-22;764;1;10419;37;3.8;0.0
61;2021-01-23;256;2;10675;39;3.9;0.0
61;2021-01-24;228;0;10903;39;3.9;0.0
61;2021-01-25;578;2;11481;41;4.1;0.0
61;2021-01-26;558;0;12039;41;4.3;0.0
61;2021-01-27;569;14;12608;55;4.6;0.0
61;2021-01-28;464;53;13072;108;4.7;0.0
61;2021-01-29;479;204;13551;312;4.9;0.1
61;2021-01-30;212;3;13763;315;5.0;0.1
61;2021-01-31;106;0;13869;315;5.0;0.1
61;2021-02-01;430;190;14299;505;5.2;0.2
61;2021-02-02;387;424;14686;929;5.3;0.3
61;2021-02-03;412;490;15098;1419;5.5;0.5
61;2021-02-04;390;338;15488;1757;5.6;0.6
61;2021-02-05;538;361;16026;2118;5.8;0.8
61;2021-02-06;200;91;16226;2209;5.9;0.8
61;2021-02-07;45;200;16271;2409;5.9;0.9
61;2021-02-08;540;1408;16811;3817;6.1;1.4
61;2021-02-09;404;810;17215;4627;6.2;1.7
61;2021-02-10;277;559;17492;5186;6.3;1.9
61;2021-02-11;432;562;17924;5748;6.5;2.1
61;2021-02-12;402;737;18326;6485;6.6;2.3
61;2021-02-13;132;431;18458;6916;6.7;2.5
61;2021-02-14;2;314;18460;7230;6.7;2.6
61;2021-02-15;171;846;18631;8076;6.7;2.9
61;2021-02-16;203;681;18834;8757;6.8;3.2
61;2021-02-17;44;639;18878;9396;6.8;3.4
61;2021-02-18;161;526;19039;9922;6.9;3.6
61;2021-02-19;101;391;19140;10313;6.9;3.7
61;2021-02-20;40;239;19180;10552;6.9;3.8
61;2021-02-21;2;155;19182;10707;6.9;3.9
61;2021-02-22;88;566;19270;11273;7.0;4.1
61;2021-02-23;111;495;19381;11768;7.0;4.2
61;2021-02-24;173;572;19554;12340;7.1;4.5
61;2021-02-25;265;446;19819;12786;7.2;4.6
61;2021-02-26;266;465;20085;13251;7.3;4.8
61;2021-02-27;109;227;20194;13478;7.3;4.9
61;2021-02-28;4;121;20198;13599;7.3;4.9
61;2021-03-01;217;612;20415;14211;7.4;5.1
61;2021-03-02;148;700;20563;14911;7.4;5.4
61;2021-03-03;142;448;20705;15359;7.5;5.5
61;2021-03-04;431;446;21136;15805;7.6;5.7
61;2021-03-05;701;297;21837;16102;7.9;5.8
61;2021-03-06;435;230;22272;16332;8.0;5.9
61;2021-03-07;155;2;22427;16334;8.1;5.9
61;2021-03-08;299;314;22726;16648;8.2;6.0
61;2021-03-09;622;185;23348;16833;8.4;6.1
61;2021-03-10;672;186;24020;17019;8.7;6.1
61;2021-03-11;1121;129;25141;17148;9.1;6.2
61;2021-03-12;1467;102;26608;17250;9.6;6.2
61;2021-03-13;774;53;27382;17303;9.9;6.2
61;2021-03-14;226;5;27608;17308;10.0;6.3
61;2021-03-15;814;35;28422;17343;10.3;6.3
61;2021-03-16;720;22;29142;17365;10.5;6.3
61;2021-03-17;760;13;29902;17378;10.8;6.3
61;2021-03-18;858;25;30760;17403;11.1;6.3
61;2021-03-19;1026;49;31786;17452;11.5;6.3
61;2021-03-20;471;14;32257;17466;11.6;6.3
61;2021-03-21;71;2;32328;17468;11.7;6.3
61;2021-03-22;796;89;33124;17557;12.0;6.3
61;2021-03-23;920;39;34044;17596;12.3;6.4
61;2021-03-24;1372;67;35416;17663;12.8;6.4
61;2021-03-25;1876;63;37292;17726;13.5;6.4
61;2021-03-26;1798;41;39090;17767;14.1;6.4
61;2021-03-27;1083;19;40173;17786;14.5;6.4
61;2021-03-28;359;9;40532;17795;14.6;6.4
61;2021-03-29;1271;182;41803;17977;15.1;6.5
61;2021-03-30;1471;96;43274;18073;15.6;6.5
61;2021-03-31;1686;51;44960;18124;16.2;6.5
61;2021-04-01;2049;226;47009;18350;17.0;6.6
61;2021-04-02;1516;432;48525;18782;17.5;6.8
61;2021-04-03;638;288;49163;19070;17.8;6.9
61;2021-04-04;193;1;49356;19071;17.8;6.9
61;2021-04-05;532;8;49888;19079;18.0;6.9
61;2021-04-06;1354;620;51242;19699;18.5;7.1
61;2021-04-07;1698;664;52940;20363;19.1;7.4
61;2021-04-08;2268;828;55208;21191;19.9;7.7
61;2021-04-09;2138;837;57346;22028;20.7;8.0
61;2021-04-10;1534;486;58880;22514;21.3;8.1
61;2021-04-11;238;198;59118;22712;21.3;8.2
61;2021-04-12;1289;736;60407;23448;21.8;8.5
61;2021-04-13;1741;705;62148;24153;22.4;8.7
61;2021-04-14;1732;786;63880;24939;23.1;9.0
61;2021-04-15;2268;781;66148;25720;23.9;9.3
61;2021-04-16;2223;684;68371;26404;24.7;9.5
61;2021-04-17;1487;324;69858;26728;25.2;9.7
61;2021-04-18;538;99;70396;26827;25.4;9.7
61;2021-04-19;938;746;71334;27573;25.8;10.0
61;2021-04-20;1523;785;72857;28358;26.3;10.2
61;2021-04-21;1352;1040;74209;29398;26.8;10.6
61;2021-04-22;1293;1220;75502;30618;27.3;11.1
61;2021-04-23;1218;1151;76720;31769;27.7;11.5
61;2021-04-24;1437;816;78157;32585;28.2;11.8
61;2021-04-25;361;330;78518;32915;28.4;11.9
61;2021-04-26;670;1143;79188;34058;28.6;12.3
61;2021-04-27;1465;1144;80653;35202;29.1;12.7
61;2021-04-28;1387;1389;82040;36591;29.6;13.2
61;2021-04-29;1251;1861;83291;38452;30.1;13.9
61;2021-04-30;1721;1171;85012;39623;30.7;14.3
61;2021-05-01;788;320;85800;39943;31.0;14.4
61;2021-05-02;438;225;86238;40168;31.1;14.5
61;2021-05-03;843;1249;87081;41417;31.4;15.0
61;2021-05-04;1326;1753;88407;43170;31.9;15.6
61;2021-05-05;1011;2029;89418;45199;32.3;16.3
61;2021-05-06;1771;2211;91189;47410;32.9;17.1
61;2021-05-07;1376;1967;92565;49377;33.4;17.8
61;2021-05-08;927;471;93492;49848;33.8;18.0
61;2021-05-09;394;292;93886;50140;33.9;18.1
61;2021-05-10;988;1755;94874;51895;34.3;18.7
61;2021-05-11;1375;1516;96249;53411;34.8;19.3
61;2021-05-12;1868;1591;98117;55002;35.4;19.9
61;2021-05-13;889;489;99006;55491;35.8;20.0
61;2021-05-14;1851;1192;100857;56683;36.4;20.5
61;2021-05-15;2100;1119;102957;57802;37.2;20.9
61;2021-05-16;984;300;103941;58102;37.5;21.0
61;2021-05-17;1312;914;105253;59016;38.0;21.3
61;2021-05-18;2423;891;107676;59907;38.9;21.6
61;2021-05-19;2401;801;110077;60708;39.8;21.9
61;2021-05-20;2214;815;112291;61523;40.6;22.2
61;2021-05-21;2148;860;114439;62383;41.3;22.5
61;2021-05-22;1778;717;116217;63100;42.0;22.8
61;2021-05-23;714;53;116931;63153;42.2;22.8
61;2021-05-24;913;110;117844;63263;42.6;22.8
61;2021-05-25;1992;923;119836;64186;43.3;23.2
61;2021-05-26;2043;930;121879;65116;44.0;23.5
61;2021-05-27;2040;1095;123919;66211;44.8;23.9
61;2021-05-28;2052;1379;125971;67590;45.5;24.4
61;2021-05-29;1464;554;127435;68144;46.0;24.6
61;2021-05-30;450;44;127885;68188;46.2;24.6
61;2021-05-31;1560;937;129445;69125;46.7;25.0
61;2021-06-01;1877;1388;131322;70513;47.4;25.5
61;2021-06-02;1675;1136;132997;71649;48.0;25.9
61;2021-06-03;2249;1111;135246;72760;48.8;26.3
61;2021-06-04;1894;1344;137140;74104;49.5;26.8
61;2021-06-05;1667;1239;138807;75343;50.1;27.2
61;2021-06-06;318;230;139125;75573;50.2;27.3
61;2021-06-07;2188;869;141313;76442;51.0;27.6
61;2021-06-08;1847;1569;143160;78011;51.7;28.2
61;2021-06-09;1975;1184;145135;79195;52.4;28.6
61;2021-06-10;1973;1192;147108;80387;53.1;29.0
61;2021-06-11;1821;1580;148929;81967;53.8;29.6
61;2021-06-12;1423;998;150352;82965;54.3;30.0
61;2021-06-13;340;377;150692;83342;54.4;30.1
61;2021-06-14;1106;1189;151798;84531;54.8;30.5
61;2021-06-15;1212;1695;153010;86226;55.3;31.1
61;2021-06-16;1112;1364;154122;87590;55.7;31.6
61;2021-06-17;1019;1729;155141;89319;56.0;32.3
61;2021-06-18;1521;1668;156662;90987;56.6;32.9
61;2021-06-19;1244;1303;157906;92290;57.0;33.3
61;2021-06-20;289;345;158195;92635;57.1;33.5
61;2021-06-21;808;1630;159003;94265;57.4;34.0
61;2021-06-22;1023;1683;160026;95948;57.8;34.7
61;2021-06-23;968;2438;160994;98386;58.1;35.5
61;2021-06-24;650;1359;161644;99745;58.4;36.0
61;2021-06-25;839;2168;162483;101913;58.7;36.8
61;2021-06-26;625;1953;163108;103866;58.9;37.5
61;2021-06-27;139;799;163247;104665;59.0;37.8
61;2021-06-28;478;2248;163725;106913;59.1;38.6
61;2021-06-29;699;2858;164424;109771;59.4;39.6
61;2021-06-30;771;2463;165195;112234;59.7;40.5
61;2021-07-01;633;1694;165828;113928;59.9;41.1
61;2021-07-02;842;2497;166670;116425;60.2;42.0
61;2021-07-03;416;1912;167086;118337;60.3;42.7
61;2021-07-04;75;637;167161;118974;60.4;43.0
61;2021-07-05;684;1774;167845;120748;60.6;43.6
61;2021-07-06;990;2796;168835;123544;61.0;44.6
61;2021-07-07;734;2362;169569;125906;61.2;45.5
61;2021-07-08;840;1944;170409;127850;61.5;46.2
61;2021-07-09;721;2375;171130;130225;61.8;47.0
61;2021-07-10;464;1771;171594;131996;62.0;47.7
61;2021-07-11;244;489;171838;132485;62.1;47.8
61;2021-07-12;436;2291;172274;134776;62.2;48.7
61;2021-07-13;644;2489;172918;137265;62.4;49.6
61;2021-07-14;149;334;173067;137599;62.5;49.7
61;2021-07-15;812;2813;173879;140412;62.8;50.7
61;2021-07-16;967;2574;174846;142986;63.1;51.6
61;2021-07-17;703;2231;175549;145217;63.4;52.4
61;2021-07-18;339;368;175888;145585;63.5;52.6
61;2021-07-19;935;2402;176823;147987;63.9;53.4
61;2021-07-20;1320;2357;178143;150344;64.3;54.3
61;2021-07-21;1499;2182;179642;152526;64.9;55.1
61;2021-07-22;1751;2190;181393;154716;65.5;55.9
61;2021-07-23;1791;2306;183184;157022;66.2;56.7
61;2021-07-24;1451;2004;184635;159026;66.7;57.4
61;2021-07-25;324;394;184959;159420;66.8;57.6
61;2021-07-26;1248;1932;186207;161352;67.2;58.3
61;2021-07-27;2414;1585;188621;162937;68.1;58.8
61;2021-07-28;2449;1353;191070;164290;69.0;59.3
61;2021-07-29;2548;1570;193618;165860;69.9;59.9
61;2021-07-30;2381;1392;195999;167252;70.8;60.4
61;2021-07-31;1277;1298;197276;168550;71.2;60.9
61;2021-08-01;496;260;197772;168810;71.4;61.0
61;2021-08-02;1899;1117;199671;169927;72.1;61.4
61;2021-08-03;2444;910;202115;170837;73.0;61.7
61;2021-08-04;2336;780;204451;171617;73.8;62.0
61;2021-08-05;1892;988;206343;172605;74.5;62.3
61;2021-08-06;2145;1158;208488;173763;75.3;62.8
61;2021-08-07;1414;796;209902;174559;75.8;63.0
61;2021-08-08;444;263;210346;174822;76.0;63.1
61;2021-08-09;1298;1108;211644;175930;76.4;63.5
61;2021-08-10;1314;1105;212958;177035;76.9;63.9
61;2021-08-11;1116;1254;214074;178289;77.3;64.4
61;2021-08-12;1023;1321;215097;179610;77.7;64.9
61;2021-08-13;865;1605;215962;181215;78.0;65.4
61;2021-08-14;712;855;216674;182070;78.2;65.8
61;2021-08-15;93;184;216767;182254;78.3;65.8
61;2021-08-16;909;1539;217676;183793;78.6;66.4
61;2021-08-17;1144;1694;218820;185487;79.0;67.0
61;2021-08-18;791;1477;219611;186964;79.3;67.5
61;2021-08-19;734;1567;220345;188531;79.6;68.1
62;2020-12-27;2;0;2;0;0.0;0.0
62;2020-12-28;2;0;4;0;0.0;0.0
62;2020-12-29;0;0;4;0;0.0;0.0
62;2020-12-30;0;0;4;0;0.0;0.0
62;2020-12-31;0;0;4;0;0.0;0.0
62;2021-01-01;0;0;4;0;0.0;0.0
62;2021-01-02;0;0;4;0;0.0;0.0
62;2021-01-03;0;0;4;0;0.0;0.0
62;2021-01-04;2;0;6;0;0.0;0.0
62;2021-01-05;47;0;53;0;0.0;0.0
62;2021-01-06;123;0;176;0;0.0;0.0
62;2021-01-07;351;0;527;0;0.0;0.0
62;2021-01-08;712;6;1239;6;0.1;0.0
62;2021-01-09;164;1;1403;7;0.1;0.0
62;2021-01-10;84;0;1487;7;0.1;0.0
62;2021-01-11;555;1;2042;8;0.1;0.0
62;2021-01-12;1249;3;3291;11;0.2;0.0
62;2021-01-13;1138;6;4429;17;0.3;0.0
62;2021-01-14;1387;8;5816;25;0.4;0.0
62;2021-01-15;1295;8;7111;33;0.5;0.0
62;2021-01-16;308;3;7419;36;0.5;0.0
62;2021-01-17;107;1;7526;37;0.5;0.0
62;2021-01-18;1666;10;9192;47;0.6;0.0
62;2021-01-19;2103;5;11295;52;0.8;0.0
62;2021-01-20;2055;6;13350;58;0.9;0.0
62;2021-01-21;2229;5;15579;63;1.1;0.0
62;2021-01-22;1833;9;17412;72;1.2;0.0
62;2021-01-23;512;1;17924;73;1.2;0.0
62;2021-01-24;0;0;17924;73;1.2;0.0
62;2021-01-25;1282;7;19206;80;1.3;0.0
62;2021-01-26;1542;15;20748;95;1.4;0.0
62;2021-01-27;1493;173;22241;268;1.5;0.0
62;2021-01-28;4153;350;26394;618;1.8;0.0
62;2021-01-29;2025;332;28419;950;2.0;0.1
62;2021-01-30;159;152;28578;1102;2.0;0.1
62;2021-01-31;22;3;28600;1105;2.0;0.1
62;2021-02-01;46;359;28646;1464;2.0;0.1
62;2021-02-02;59;787;28705;2251;2.0;0.2
62;2021-02-03;44;629;28749;2880;2.0;0.2
62;2021-02-04;81;813;28830;3693;2.0;0.3
62;2021-02-05;80;751;28910;4444;2.0;0.3
62;2021-02-06;27;193;28937;4637;2.0;0.3
62;2021-02-07;237;28;29174;4665;2.0;0.3
62;2021-02-08;130;844;29304;5509;2.0;0.4
62;2021-02-09;226;1097;29530;6606;2.0;0.5
62;2021-02-10;384;1172;29914;7778;2.1;0.5
62;2021-02-11;724;1005;30638;8783;2.1;0.6
62;2021-02-12;965;780;31603;9563;2.2;0.7
62;2021-02-13;159;269;31762;9832;2.2;0.7
62;2021-02-14;0;0;31762;9832;2.2;0.7
62;2021-02-15;666;1273;32428;11105;2.2;0.8
62;2021-02-16;921;1786;33349;12891;2.3;0.9
62;2021-02-17;1074;2116;34423;15007;2.4;1.0
62;2021-02-18;2217;3792;36640;18799;2.5;1.3
62;2021-02-19;2307;2543;38947;21342;2.7;1.5
62;2021-02-20;615;478;39562;21820;2.7;1.5
62;2021-02-21;87;50;39649;21870;2.7;1.5
62;2021-02-22;847;970;40496;22840;2.8;1.6
62;2021-02-23;1419;1217;41915;24057;2.9;1.7
62;2021-02-24;1546;648;43461;24705;3.0;1.7
62;2021-02-25;3169;418;46630;25123;3.2;1.7
62;2021-02-26;2910;345;49540;25468;3.4;1.8
62;2021-02-27;1830;98;51370;25566;3.5;1.8
62;2021-02-28;52;42;51422;25608;3.5;1.8
62;2021-03-01;1320;120;52742;25728;3.6;1.8
62;2021-03-02;3156;178;55898;25906;3.8;1.8
62;2021-03-03;3270;127;59168;26033;4.1;1.8
62;2021-03-04;3807;214;62975;26247;4.3;1.8
62;2021-03-05;4644;229;67619;26476;4.7;1.8
62;2021-03-06;9620;260;77239;26736;5.3;1.8
62;2021-03-07;8074;217;85313;26953;5.9;1.9
62;2021-03-08;2195;262;87508;27215;6.0;1.9
62;2021-03-09;3807;384;91315;27599;6.3;1.9
62;2021-03-10;4232;614;95547;28213;6.6;1.9
62;2021-03-11;5994;1535;101541;29748;7.0;2.0
62;2021-03-12;6635;1422;108176;31170;7.4;2.1
62;2021-03-13;14720;809;122896;31979;8.5;2.2
62;2021-03-14;9584;400;132480;32379;9.1;2.2
62;2021-03-15;3764;1020;136244;33399;9.4;2.3
62;2021-03-16;2735;858;138979;34257;9.6;2.4
62;2021-03-17;2804;733;141783;34990;9.8;2.4
62;2021-03-18;2724;943;144507;35933;9.9;2.5
62;2021-03-19;4780;926;149287;36859;10.3;2.5
62;2021-03-20;11060;606;160347;37465;11.0;2.6
62;2021-03-21;9447;364;169794;37829;11.7;2.6
62;2021-03-22;2942;1107;172736;38936;11.9;2.7
62;2021-03-23;4995;1498;177731;40434;12.2;2.8
62;2021-03-24;4692;1405;182423;41839;12.6;2.9
62;2021-03-25;6555;1474;188978;43313;13.0;3.0
62;2021-03-26;7053;1501;196031;44814;13.5;3.1
62;2021-03-27;12591;740;208622;45554;14.4;3.1
62;2021-03-28;6937;283;215559;45837;14.8;3.2
62;2021-03-29;3472;1212;219031;47049;15.1;3.2
62;2021-03-30;4548;2214;223579;49263;15.4;3.4
62;2021-03-31;4222;2480;227801;51743;15.7;3.6
62;2021-04-01;4976;2772;232777;54515;16.0;3.8
62;2021-04-02;5067;3238;237844;57753;16.4;4.0
62;2021-04-03;8210;3353;246054;61106;16.9;4.2
62;2021-04-04;4580;1931;250634;63037;17.3;4.3
62;2021-04-05;944;466;251578;63503;17.3;4.4
62;2021-04-06;4122;3001;255700;66504;17.6;4.6
62;2021-04-07;5060;3513;260760;70017;17.9;4.8
62;2021-04-08;6486;3995;267246;74012;18.4;5.1
62;2021-04-09;7624;3476;274870;77488;18.9;5.3
62;2021-04-10;6633;8075;281503;85563;19.4;5.9
62;2021-04-11;2809;6907;284312;92470;19.6;6.4
62;2021-04-12;3421;2379;287733;94849;19.8;6.5
62;2021-04-13;6171;3165;293904;98014;20.2;6.7
62;2021-04-14;5304;3068;299208;101082;20.6;7.0
62;2021-04-15;5737;2985;304945;104067;21.0;7.2
62;2021-04-16;5418;3196;310363;107263;21.4;7.4
62;2021-04-17;4359;7360;314722;114623;21.7;7.9
62;2021-04-18;1956;6851;316678;121474;21.8;8.4
62;2021-04-19;2779;1927;319457;123401;22.0;8.5
62;2021-04-20;4150;3888;323607;127289;22.3;8.8
62;2021-04-21;3747;3983;327354;131272;22.5;9.0
62;2021-04-22;3946;5194;331300;136466;22.8;9.4
62;2021-04-23;4057;5312;335357;141778;23.1;9.8
62;2021-04-24;4404;6733;339761;148511;23.4;10.2
62;2021-04-25;1909;3502;341670;152013;23.5;10.5
62;2021-04-26;2224;2430;343894;154443;23.7;10.6
62;2021-04-27;4412;3711;348306;158154;24.0;10.9
62;2021-04-28;4589;4379;352895;162533;24.3;11.2
62;2021-04-29;4790;5897;357685;168430;24.6;11.6
62;2021-04-30;5213;5718;362898;174148;25.0;12.0
62;2021-05-01;5727;3470;368625;177618;25.4;12.2
62;2021-05-02;7825;3150;376450;180768;25.9;12.4
62;2021-05-03;4507;2346;380957;183114;26.2;12.6
62;2021-05-04;5397;4982;386354;188096;26.6;12.9
62;2021-05-05;4733;4839;391087;192935;26.9;13.3
62;2021-05-06;5621;4949;396708;197884;27.3;13.6
62;2021-05-07;7683;4680;404391;202564;27.8;13.9
62;2021-05-08;10648;2320;415039;204884;28.6;14.1
62;2021-05-09;8627;1636;423666;206520;29.2;14.2
62;2021-05-10;4867;4025;428533;210545;29.5;14.5
62;2021-05-11;6416;5053;434949;215598;29.9;14.8
62;2021-05-12;8623;4608;443572;220206;30.5;15.2
62;2021-05-13;9997;1491;453569;221697;31.2;15.3
62;2021-05-14;11882;3407;465451;225104;32.0;15.5
62;2021-05-15;19784;3289;485235;228393;33.4;15.7
62;2021-05-16;16395;1412;501630;229805;34.5;15.8
62;2021-05-17;8181;2662;509811;232467;35.1;16.0
62;2021-05-18;9329;3135;519140;235602;35.7;16.2
62;2021-05-19;8616;2925;527756;238527;36.3;16.4
62;2021-05-20;8343;3850;536099;242377;36.9;16.7
62;2021-05-21;9397;4223;545496;246600;37.5;17.0
62;2021-05-22;17874;3537;563370;250137;38.8;17.2
62;2021-05-23;12378;1154;575748;251291;39.6;17.3
62;2021-05-24;3910;584;579658;251875;39.9;17.3
62;2021-05-25;7222;4088;586880;255963;40.4;17.6
62;2021-05-26;6780;4915;593660;260878;40.9;18.0
62;2021-05-27;6383;5696;600043;266574;41.3;18.3
62;2021-05-28;6521;6768;606564;273342;41.8;18.8
62;2021-05-29;10852;5551;617416;278893;42.5;19.2
62;2021-05-30;4037;983;621453;279876;42.8;19.3
62;2021-05-31;4795;3976;626248;283852;43.1;19.5
62;2021-06-01;6521;6536;632769;290388;43.6;20.0
62;2021-06-02;7438;5819;640207;296207;44.1;20.4
62;2021-06-03;7858;5896;648065;302103;44.6;20.8
62;2021-06-04;7906;6258;655971;308361;45.2;21.2
62;2021-06-05;8274;6236;664245;314597;45.7;21.7
62;2021-06-06;3127;1289;667372;315886;45.9;21.7
62;2021-06-07;4621;3766;671993;319652;46.3;22.0
62;2021-06-08;6207;5904;678200;325556;46.7;22.4
62;2021-06-09;5495;4769;683695;330325;47.1;22.7
62;2021-06-10;5205;5880;688900;336205;47.4;23.1
62;2021-06-11;6212;8874;695112;345079;47.8;23.8
62;2021-06-12;5935;8648;701047;353727;48.3;24.3
62;2021-06-13;3230;3800;704277;357527;48.5;24.6
62;2021-06-14;2609;6777;706886;364304;48.7;25.1
62;2021-06-15;4673;8546;711559;372850;49.0;25.7
62;2021-06-16;5084;7431;716643;380281;49.3;26.2
62;2021-06-17;5235;8041;721878;388322;49.7;26.7
62;2021-06-18;4822;10490;726700;398812;50.0;27.5
62;2021-06-19;5796;13442;732496;412254;50.4;28.4
62;2021-06-20;2100;4370;734596;416624;50.6;28.7
62;2021-06-21;2971;8933;737567;425557;50.8;29.3
62;2021-06-22;3428;10176;740995;435733;51.0;30.0
62;2021-06-23;3388;10322;744383;446055;51.2;30.7
62;2021-06-24;3342;11785;747725;457840;51.5;31.5
62;2021-06-25;3726;15767;751451;473607;51.7;32.6
62;2021-06-26;3550;18423;755001;492030;52.0;33.9
62;2021-06-27;1121;9817;756122;501847;52.0;34.5
62;2021-06-28;1924;8872;758046;510719;52.2;35.2
62;2021-06-29;2973;11465;761019;522184;52.4;35.9
62;2021-06-30;4142;10810;765161;532994;52.7;36.7
62;2021-07-01;4476;10487;769637;543481;53.0;37.4
62;2021-07-02;4160;11987;773797;555468;53.3;38.2
62;2021-07-03;2994;18057;776791;573525;53.5;39.5
62;2021-07-04;1449;9196;778240;582721;53.6;40.1
62;2021-07-05;2417;6921;780657;589642;53.7;40.6
62;2021-07-06;3819;10019;784476;599661;54.0;41.3
62;2021-07-07;3915;8911;788391;608572;54.3;41.9
62;2021-07-08;5244;9096;793635;617668;54.6;42.5
62;2021-07-09;4454;10846;798089;628514;54.9;43.3
62;2021-07-10;4954;11897;803043;640411;55.3;44.1
62;2021-07-11;1336;2088;804379;642499;55.4;44.2
62;2021-07-12;2325;7135;806704;649634;55.5;44.7
62;2021-07-13;5168;12158;811872;661792;55.9;45.6
62;2021-07-14;3632;3158;815504;664950;56.1;45.8
62;2021-07-15;7579;11507;823083;676457;56.7;46.6
62;2021-07-16;7610;11048;830693;687505;57.2;47.3
62;2021-07-17;9680;10320;840373;697825;57.8;48.0
62;2021-07-18;2710;3459;843083;701284;58.0;48.3
62;2021-07-19;6003;7017;849086;708301;58.4;48.8
62;2021-07-20;7930;10723;857016;719024;59.0;49.5
62;2021-07-21;9752;9409;866768;728433;59.7;50.1
62;2021-07-22;9783;9018;876551;737451;60.3;50.8
62;2021-07-23;10608;8425;887159;745876;61.1;51.3
62;2021-07-24;9641;10320;896800;756196;61.7;52.1
62;2021-07-25;5536;1860;902336;758056;62.1;52.2
62;2021-07-26;6219;5385;908555;763441;62.5;52.6
62;2021-07-27;9756;8128;918311;771569;63.2;53.1
62;2021-07-28;10346;7490;928657;779059;63.9;53.6
62;2021-07-29;11943;7643;940600;786702;64.7;54.2
62;2021-07-30;9011;6292;949611;792994;65.4;54.6
62;2021-07-31;6590;4016;956201;797010;65.8;54.9
62;2021-08-01;2332;1098;958533;798108;66.0;54.9
62;2021-08-02;6804;4751;965337;802859;66.4;55.3
62;2021-08-03;8566;7475;973903;810334;67.0;55.8
62;2021-08-04;9421;5467;983324;815801;67.7;56.2
62;2021-08-05;8322;5623;991646;821424;68.3;56.5
62;2021-08-06;7278;5942;998924;827366;68.8;57.0
62;2021-08-07;5463;4945;1004387;832311;69.1;57.3
62;2021-08-08;1872;1300;1006259;833611;69.3;57.4
62;2021-08-09;5225;5036;1011484;838647;69.6;57.7
62;2021-08-10;6197;7355;1017681;846002;70.1;58.2
62;2021-08-11;5395;7387;1023076;853389;70.4;58.7
62;2021-08-12;5981;7009;1029057;860398;70.8;59.2
62;2021-08-13;4427;6038;1033484;866436;71.1;59.6
62;2021-08-14;3810;6854;1037294;873290;71.4;60.1
62;2021-08-15;1139;1208;1038433;874498;71.5;60.2
62;2021-08-16;3162;5863;1041595;880361;71.7;60.6
62;2021-08-17;4141;7339;1045736;887700;72.0;61.1
62;2021-08-18;4315;7216;1050051;894916;72.3;61.6
62;2021-08-19;4288;8564;1054339;903480;72.6;62.2
63;2020-12-27;0;0;0;0;0.0;0.0
63;2020-12-28;1;0;1;0;0.0;0.0
63;2020-12-29;0;0;1;0;0.0;0.0
63;2020-12-30;0;0;1;0;0.0;0.0
63;2020-12-31;0;0;1;0;0.0;0.0
63;2021-01-01;1;0;2;0;0.0;0.0
63;2021-01-02;0;0;2;0;0.0;0.0
63;2021-01-03;1;0;3;0;0.0;0.0
63;2021-01-04;0;0;3;0;0.0;0.0
63;2021-01-05;1;0;4;0;0.0;0.0
63;2021-01-06;4;1;8;1;0.0;0.0
63;2021-01-07;310;0;318;1;0.0;0.0
63;2021-01-08;214;0;532;1;0.1;0.0
63;2021-01-09;91;0;623;1;0.1;0.0
63;2021-01-10;82;0;705;1;0.1;0.0
63;2021-01-11;430;0;1135;1;0.2;0.0
63;2021-01-12;661;1;1796;2;0.3;0.0
63;2021-01-13;873;2;2669;4;0.4;0.0
63;2021-01-14;541;8;3210;12;0.5;0.0
63;2021-01-15;431;2;3641;14;0.6;0.0
63;2021-01-16;157;0;3798;14;0.6;0.0
63;2021-01-17;133;0;3931;14;0.6;0.0
63;2021-01-18;614;2;4545;16;0.7;0.0
63;2021-01-19;866;1;5411;17;0.8;0.0
63;2021-01-20;1058;2;6469;19;1.0;0.0
63;2021-01-21;1012;3;7481;22;1.1;0.0
63;2021-01-22;968;3;8449;25;1.3;0.0
63;2021-01-23;192;0;8641;25;1.3;0.0
63;2021-01-24;164;1;8805;26;1.3;0.0
63;2021-01-25;813;1;9618;27;1.5;0.0
63;2021-01-26;972;2;10590;29;1.6;0.0
63;2021-01-27;1001;5;11591;34;1.8;0.0
63;2021-01-28;1320;67;12911;101;2.0;0.0
63;2021-01-29;1066;66;13977;167;2.1;0.0
63;2021-01-30;68;0;14045;167;2.1;0.0
63;2021-01-31;6;0;14051;167;2.1;0.0
63;2021-02-01;572;181;14623;348;2.2;0.1
63;2021-02-02;885;234;15508;582;2.3;0.1
63;2021-02-03;1473;282;16981;864;2.6;0.1
63;2021-02-04;2118;516;19099;1380;2.9;0.2
63;2021-02-05;1144;272;20243;1652;3.1;0.3
63;2021-02-06;117;0;20360;1652;3.1;0.3
63;2021-02-07;9;1;20369;1653;3.1;0.3
63;2021-02-08;538;408;20907;2061;3.2;0.3
63;2021-02-09;671;435;21578;2496;3.3;0.4
63;2021-02-10;607;603;22185;3099;3.4;0.5
63;2021-02-11;751;468;22936;3567;3.5;0.5
63;2021-02-12;822;810;23758;4377;3.6;0.7
63;2021-02-13;82;1;23840;4378;3.6;0.7
63;2021-02-14;0;65;23840;4443;3.6;0.7
63;2021-02-15;203;788;24043;5231;3.6;0.8
63;2021-02-16;412;1139;24455;6370;3.7;1.0
63;2021-02-17;348;874;24803;7244;3.8;1.1
63;2021-02-18;607;826;25410;8070;3.8;1.2
63;2021-02-19;448;971;25858;9041;3.9;1.4
63;2021-02-20;35;32;25893;9073;3.9;1.4
63;2021-02-21;2;17;25895;9090;3.9;1.4
63;2021-02-22;291;934;26186;10024;4.0;1.5
63;2021-02-23;580;1140;26766;11164;4.1;1.7
63;2021-02-24;697;1422;27463;12586;4.2;1.9
63;2021-02-25;1602;1667;29065;14253;4.4;2.2
63;2021-02-26;1625;1367;30690;15620;4.6;2.4
63;2021-02-27;642;67;31332;15687;4.7;2.4
63;2021-02-28;4;178;31336;15865;4.7;2.4
63;2021-03-01;586;523;31922;16388;4.8;2.5
63;2021-03-02;906;803;32828;17191;5.0;2.6
63;2021-03-03;1036;724;33864;17915;5.1;2.7
63;2021-03-04;1752;496;35616;18411;5.4;2.8
63;2021-03-05;2612;689;38228;19100;5.8;2.9
63;2021-03-06;1550;53;39778;19153;6.0;2.9
63;2021-03-07;511;19;40289;19172;6.1;2.9
63;2021-03-08;967;649;41256;19821;6.2;3.0
63;2021-03-09;1538;1064;42794;20885;6.5;3.2
63;2021-03-10;1651;612;44445;21497;6.7;3.3
63;2021-03-11;3051;890;47496;22387;7.2;3.4
63;2021-03-12;3513;386;51009;22773;7.7;3.4
63;2021-03-13;2049;83;53058;22856;8.0;3.5
63;2021-03-14;61;22;53119;22878;8.0;3.5
63;2021-03-15;1762;368;54881;23246;8.3;3.5
63;2021-03-16;1745;415;56626;23661;8.6;3.6
63;2021-03-17;1638;682;58264;24343;8.8;3.7
63;2021-03-18;1938;746;60202;25089;9.1;3.8
63;2021-03-19;2740;494;62942;25583;9.5;3.9
63;2021-03-20;1121;72;64063;25655;9.7;3.9
63;2021-03-21;50;45;64113;25700;9.7;3.9
63;2021-03-22;1984;257;66097;25957;10.0;3.9
63;2021-03-23;2885;346;68982;26303;10.4;4.0
63;2021-03-24;3219;339;72201;26642;10.9;4.0
63;2021-03-25;4596;387;76797;27029;11.6;4.1
63;2021-03-26;4691;567;81488;27596;12.3;4.2
63;2021-03-27;2454;230;83942;27826;12.7;4.2
63;2021-03-28;1047;83;84989;27909;12.9;4.2
63;2021-03-29;2480;519;87469;28428;13.2;4.3
63;2021-03-30;3282;629;90751;29057;13.7;4.4
63;2021-03-31;2967;752;93718;29809;14.2;4.5
63;2021-04-01;3838;532;97556;30341;14.8;4.6
63;2021-04-02;3484;712;101040;31053;15.3;4.7
63;2021-04-03;1171;181;102211;31234;15.5;4.7
63;2021-04-04;877;27;103088;31261;15.6;4.7
63;2021-04-05;803;85;103891;31346;15.7;4.7
63;2021-04-06;2475;939;106366;32285;16.1;4.9
63;2021-04-07;3207;869;109573;33154;16.6;5.0
63;2021-04-08;4722;1218;114295;34372;17.3;5.2
63;2021-04-09;5313;997;119608;35369;18.1;5.4
63;2021-04-10;2221;481;121829;35850;18.5;5.4
63;2021-04-11;834;37;122663;35887;18.6;5.4
63;2021-04-12;1602;1312;124265;37199;18.8;5.6
63;2021-04-13;1987;1967;126252;39166;19.1;5.9
63;2021-04-14;2628;1434;128880;40600;19.5;6.1
63;2021-04-15;3806;1542;132686;42142;20.1;6.4
63;2021-04-16;2841;2157;135527;44299;20.5;6.7
63;2021-04-17;1233;673;136760;44972;20.7;6.8
63;2021-04-18;802;61;137562;45033;20.8;6.8
63;2021-04-19;1655;2105;139217;47138;21.1;7.1
63;2021-04-20;1701;2300;140918;49438;21.3;7.5
63;2021-04-21;1517;2407;142435;51845;21.6;7.9
63;2021-04-22;1913;2265;144348;54110;21.9;8.2
63;2021-04-23;2018;3114;146366;57224;22.2;8.7
63;2021-04-24;1192;1128;147558;58352;22.3;8.8
63;2021-04-25;554;413;148112;58765;22.4;8.9
63;2021-04-26;1438;2241;149550;61006;22.7;9.2
63;2021-04-27;2316;2613;151866;63619;23.0;9.6
63;2021-04-28;2335;3163;154201;66782;23.4;10.1
63;2021-04-29;2874;2839;157075;69621;23.8;10.5
63;2021-04-30;2862;2820;159937;72441;24.2;11.0
63;2021-05-01;1127;1050;161064;73491;24.4;11.1
63;2021-05-02;897;640;161961;74131;24.5;11.2
63;2021-05-03;2686;2250;164647;76381;24.9;11.6
63;2021-05-04;2877;2698;167524;79079;25.4;12.0
63;2021-05-05;2935;3122;170459;82201;25.8;12.5
63;2021-05-06;3669;3057;174128;85258;26.4;12.9
63;2021-05-07;4033;3541;178161;88799;27.0;13.4
63;2021-05-08;2000;653;180161;89452;27.3;13.5
63;2021-05-09;1802;608;181963;90060;27.6;13.6
63;2021-05-10;4197;2763;186160;92823;28.2;14.1
63;2021-05-11;5337;2763;191497;95586;29.0;14.5
63;2021-05-12;5268;2909;196765;98495;29.8;14.9
63;2021-05-13;4131;698;200896;99193;30.4;15.0
63;2021-05-14;4771;1514;205667;100707;31.2;15.3
63;2021-05-15;3720;986;209387;101693;31.7;15.4
63;2021-05-16;3522;443;212909;102136;32.2;15.5
63;2021-05-17;3898;1990;216807;104126;32.8;15.8
63;2021-05-18;5120;1616;221927;105742;33.6;16.0
63;2021-05-19;5220;1623;227147;107365;34.4;16.3
63;2021-05-20;6798;2084;233945;109449;35.4;16.6
63;2021-05-21;6255;2330;240200;111779;36.4;16.9
63;2021-05-22;3353;849;243553;112628;36.9;17.1
63;2021-05-23;2383;245;245936;112873;37.2;17.1
63;2021-05-24;2639;580;248575;113453;37.6;17.2
63;2021-05-25;4268;2644;252843;116097;38.3;17.6
63;2021-05-26;5452;2419;258295;118516;39.1;18.0
63;2021-05-27;6499;2799;264794;121315;40.1;18.4
63;2021-05-28;5420;3899;270214;125214;40.9;19.0
63;2021-05-29;3360;1503;273574;126717;41.4;19.2
63;2021-05-30;1579;217;275153;126934;41.7;19.2
63;2021-05-31;4150;2285;279303;129219;42.3;19.6
63;2021-06-01;3804;2962;283107;132181;42.9;20.0
63;2021-06-02;3889;2529;286996;134710;43.5;20.4
63;2021-06-03;4901;3144;291897;137854;44.2;20.9
63;2021-06-04;5097;3621;296994;141475;45.0;21.4
63;2021-06-05;2812;1745;299806;143220;45.4;21.7
63;2021-06-06;1308;698;301114;143918;45.6;21.8
63;2021-06-07;3165;2517;304279;146435;46.1;22.2
63;2021-06-08;2879;2756;307158;149191;46.5;22.6
63;2021-06-09;3024;2275;310182;151466;47.0;22.9
63;2021-06-10;3222;2689;313404;154155;47.5;23.3
63;2021-06-11;3098;4048;316502;158203;47.9;24.0
63;2021-06-12;1638;1969;318140;160172;48.2;24.3
63;2021-06-13;480;1097;318620;161269;48.3;24.4
63;2021-06-14;1825;3474;320445;164743;48.5;25.0
63;2021-06-15;2210;3479;322655;168222;48.9;25.5
63;2021-06-16;2571;3313;325226;171535;49.3;26.0
63;2021-06-17;2399;4313;327625;175848;49.6;26.6
63;2021-06-18;2476;5829;330101;181677;50.0;27.5
63;2021-06-19;1637;2834;331738;184511;50.2;27.9
63;2021-06-20;676;2440;332414;186951;50.3;28.3
63;2021-06-21;1272;5389;333686;192340;50.5;29.1
63;2021-06-22;1232;5540;334918;197880;50.7;30.0
63;2021-06-23;1529;4760;336447;202640;51.0;30.7
63;2021-06-24;1926;5382;338373;208022;51.2;31.5
63;2021-06-25;1748;5897;340121;213919;51.5;32.4
63;2021-06-26;1069;3352;341190;217271;51.7;32.9
63;2021-06-27;712;3487;341902;220758;51.8;33.4
63;2021-06-28;1137;5662;343039;226420;52.0;34.3
63;2021-06-29;1226;5160;344265;231580;52.1;35.1
63;2021-06-30;1598;5291;345863;236871;52.4;35.9
63;2021-07-01;1912;8068;347775;244939;52.7;37.1
63;2021-07-02;2053;6543;349828;251482;53.0;38.1
63;2021-07-03;960;2927;350788;254409;53.1;38.5
63;2021-07-04;1055;1883;351843;256292;53.3;38.8
63;2021-07-05;1534;6280;353377;262572;53.5;39.8
63;2021-07-06;1600;4802;354977;267374;53.8;40.5
63;2021-07-07;1973;4086;356950;271460;54.1;41.1
63;2021-07-08;2206;4590;359156;276050;54.4;41.8
63;2021-07-09;1923;5718;361079;281768;54.7;42.7
63;2021-07-10;1531;3414;362610;285182;54.9;43.2
63;2021-07-11;908;1534;363518;286716;55.1;43.4
63;2021-07-12;1580;8705;365098;295421;55.3;44.7
63;2021-07-13;3599;6141;368697;301562;55.8;45.7
63;2021-07-14;3616;1786;372313;303348;56.4;45.9
63;2021-07-15;4400;5034;376713;308382;57.1;46.7
63;2021-07-16;4685;5783;381398;314165;57.8;47.6
63;2021-07-17;3013;2473;384411;316638;58.2;48.0
63;2021-07-18;2826;1089;387237;317727;58.7;48.1
63;2021-07-19;3997;4851;391234;322578;59.3;48.9
63;2021-07-20;4730;5451;395964;328029;60.0;49.7
63;2021-07-21;4786;3984;400750;332013;60.7;50.3
63;2021-07-22;5501;4400;406251;336413;61.5;51.0
63;2021-07-23;5145;4651;411396;341064;62.3;51.7
63;2021-07-24;3667;1950;415063;343014;62.9;52.0
63;2021-07-25;3057;1436;418120;344450;63.3;52.2
63;2021-07-26;4026;3230;422146;347680;63.9;52.7
63;2021-07-27;3918;3155;426064;350835;64.5;53.1
63;2021-07-28;3837;2716;429901;353551;65.1;53.5
63;2021-07-29;4443;3153;434344;356704;65.8;54.0
63;2021-07-30;3786;3580;438130;360284;66.4;54.6
63;2021-07-31;2146;1714;440276;361998;66.7;54.8
63;2021-08-01;1192;832;441468;362830;66.9;55.0
63;2021-08-02;2214;3072;443682;365902;67.2;55.4
63;2021-08-03;2714;3261;446396;369163;67.6;55.9
63;2021-08-04;2799;3241;449195;372404;68.0;56.4
63;2021-08-05;2413;3477;451608;375881;68.4;56.9
63;2021-08-06;2344;4153;453952;380034;68.8;57.6
63;2021-08-07;1298;2797;455250;382831;69.0;58.0
63;2021-08-08;320;1204;455570;384035;69.0;58.2
63;2021-08-09;1834;4224;457404;388259;69.3;58.8
63;2021-08-10;2212;3993;459616;392252;69.6;59.4
63;2021-08-11;2091;3625;461707;395877;69.9;60.0
63;2021-08-12;1843;4620;463550;400497;70.2;60.7
63;2021-08-13;1658;4001;465208;404498;70.5;61.3
63;2021-08-14;832;3234;466040;407732;70.6;61.8
63;2021-08-15;183;1449;466223;409181;70.6;62.0
63;2021-08-16;1161;4384;467384;413565;70.8;62.6
63;2021-08-17;1591;4039;468975;417604;71.0;63.3
63;2021-08-18;1436;3298;470411;420902;71.2;63.7
63;2021-08-19;1315;3442;471726;424344;71.4;64.3
64;2020-12-27;1;0;1;0;0.0;0.0
64;2020-12-28;2;0;3;0;0.0;0.0
64;2020-12-29;0;0;3;0;0.0;0.0
64;2020-12-30;0;0;3;0;0.0;0.0
64;2020-12-31;0;0;3;0;0.0;0.0
64;2021-01-01;0;0;3;0;0.0;0.0
64;2021-01-02;0;0;3;0;0.0;0.0
64;2021-01-03;0;0;3;0;0.0;0.0
64;2021-01-04;29;0;32;0;0.0;0.0
64;2021-01-05;25;0;57;0;0.0;0.0
64;2021-01-06;188;0;245;0;0.0;0.0
64;2021-01-07;842;0;1087;0;0.2;0.0
64;2021-01-08;879;2;1966;2;0.3;0.0
64;2021-01-09;54;0;2020;2;0.3;0.0
64;2021-01-10;2;0;2022;2;0.3;0.0
64;2021-01-11;541;0;2563;2;0.4;0.0
64;2021-01-12;760;3;3323;5;0.5;0.0
64;2021-01-13;865;2;4188;7;0.6;0.0
64;2021-01-14;1045;3;5233;10;0.8;0.0
64;2021-01-15;929;5;6162;15;0.9;0.0
64;2021-01-16;70;0;6232;15;0.9;0.0
64;2021-01-17;5;0;6237;15;0.9;0.0
64;2021-01-18;942;8;7179;23;1.1;0.0
64;2021-01-19;1447;5;8626;28;1.3;0.0
64;2021-01-20;1617;3;10243;31;1.5;0.0
64;2021-01-21;2602;2;12845;33;1.9;0.0
64;2021-01-22;1648;4;14493;37;2.1;0.0
64;2021-01-23;524;1;15017;38;2.2;0.0
64;2021-01-24;89;0;15106;38;2.2;0.0
64;2021-01-25;973;8;16079;46;2.4;0.0
64;2021-01-26;1357;21;17436;67;2.6;0.0
64;2021-01-27;1241;119;18677;186;2.7;0.0
64;2021-01-28;1648;632;20325;818;3.0;0.1
64;2021-01-29;973;653;21298;1471;3.1;0.2
64;2021-01-30;468;59;21766;1530;3.2;0.2
64;2021-01-31;91;0;21857;1530;3.2;0.2
64;2021-02-01;674;312;22531;1842;3.3;0.3
64;2021-02-02;1133;554;23664;2396;3.5;0.4
64;2021-02-03;1041;640;24705;3036;3.6;0.4
64;2021-02-04;1028;535;25733;3571;3.8;0.5
64;2021-02-05;867;456;26600;4027;3.9;0.6
64;2021-02-06;501;34;27101;4061;4.0;0.6
64;2021-02-07;131;4;27232;4065;4.0;0.6
64;2021-02-08;769;310;28001;4375;4.1;0.6
64;2021-02-09;946;710;28947;5085;4.2;0.7
64;2021-02-10;914;796;29861;5881;4.4;0.9
64;2021-02-11;1200;1490;31061;7371;4.5;1.1
64;2021-02-12;1076;1065;32137;8436;4.7;1.2
64;2021-02-13;225;319;32362;8755;4.7;1.3
64;2021-02-14;37;47;32399;8802;4.7;1.3
64;2021-02-15;221;1129;32620;9931;4.8;1.5
64;2021-02-16;258;1406;32878;11337;4.8;1.7
64;2021-02-17;289;1249;33167;12586;4.9;1.8
64;2021-02-18;508;1714;33675;14300;4.9;2.1
64;2021-02-19;415;1290;34090;15590;5.0;2.3
64;2021-02-20;119;438;34209;16028;5.0;2.3
64;2021-02-21;20;83;34229;16111;5.0;2.4
64;2021-02-22;477;987;34706;17098;5.1;2.5
64;2021-02-23;720;1145;35426;18243;5.2;2.7
64;2021-02-24;731;1017;36157;19260;5.3;2.8
64;2021-02-25;1093;953;37250;20213;5.5;3.0
64;2021-02-26;1216;915;38466;21128;5.6;3.1
64;2021-02-27;864;405;39330;21533;5.8;3.2
64;2021-02-28;42;84;39372;21617;5.8;3.2
64;2021-03-01;765;797;40137;22414;5.9;3.3
64;2021-03-02;1078;918;41215;23332;6.0;3.4
64;2021-03-03;1251;1004;42466;24336;6.2;3.6
64;2021-03-04;1879;1187;44345;25523;6.5;3.7
64;2021-03-05;2196;1072;46541;26595;6.8;3.9
64;2021-03-06;1542;518;48083;27113;7.0;4.0
64;2021-03-07;594;110;48677;27223;7.1;4.0
64;2021-03-08;1535;766;50212;27989;7.3;4.1
64;2021-03-09;2068;847;52280;28836;7.7;4.2
64;2021-03-10;2081;762;54361;29598;8.0;4.3
64;2021-03-11;2971;1073;57332;30671;8.4;4.5
64;2021-03-12;3484;599;60816;31270;8.9;4.6
64;2021-03-13;2257;168;63073;31438;9.2;4.6
64;2021-03-14;233;15;63306;31453;9.3;4.6
64;2021-03-15;2334;226;65640;31679;9.6;4.6
64;2021-03-16;1992;267;67632;31946;9.9;4.7
64;2021-03-17;2070;237;69702;32183;10.2;4.7
64;2021-03-18;2461;205;72163;32388;10.6;4.7
64;2021-03-19;3012;284;75175;32672;11.0;4.8
64;2021-03-20;2467;90;77642;32762;11.4;4.8
64;2021-03-21;1280;25;78922;32787;11.6;4.8
64;2021-03-22;2589;551;81511;33338;11.9;4.9
64;2021-03-23;3198;650;84709;33988;12.4;5.0
64;2021-03-24;3562;701;88271;34689;12.9;5.1
64;2021-03-25;4352;806;92623;35495;13.6;5.2
64;2021-03-26;4424;701;97047;36196;14.2;5.3
64;2021-03-27;2971;431;100018;36627;14.6;5.4
64;2021-03-28;521;56;100539;36683;14.7;5.4
64;2021-03-29;3027;889;103566;37572;15.2;5.5
64;2021-03-30;4136;871;107702;38443;15.8;5.6
64;2021-03-31;3590;790;111292;39233;16.3;5.7
64;2021-04-01;4780;933;116072;40166;17.0;5.9
64;2021-04-02;4440;744;120512;40910;17.6;6.0
64;2021-04-03;2059;585;122571;41495;17.9;6.1
64;2021-04-04;307;49;122878;41544;18.0;6.1
64;2021-04-05;1689;140;124567;41684;18.2;6.1
64;2021-04-06;3656;1388;128223;43072;18.8;6.3
64;2021-04-07;3948;1514;132171;44586;19.3;6.5
64;2021-04-08;5193;1597;137364;46183;20.1;6.8
64;2021-04-09;5894;1634;143258;47817;21.0;7.0
64;2021-04-10;3223;1047;146481;48864;21.4;7.2
64;2021-04-11;445;251;146926;49115;21.5;7.2
64;2021-04-12;4046;1865;150972;50980;22.1;7.5
64;2021-04-13;4463;2167;155435;53147;22.8;7.8
64;2021-04-14;4090;2139;159525;55286;23.4;8.1
64;2021-04-15;4395;2297;163920;57583;24.0;8.4
64;2021-04-16;4297;2257;168217;59840;24.6;8.8
64;2021-04-17;2479;1499;170696;61339;25.0;9.0
64;2021-04-18;1096;1181;171792;62520;25.1;9.2
64;2021-04-19;2730;2446;174522;64966;25.5;9.5
64;2021-04-20;3207;2426;177729;67392;26.0;9.9
64;2021-04-21;3219;2564;180948;69956;26.5;10.2
64;2021-04-22;3388;2782;184336;72738;27.0;10.6
64;2021-04-23;3434;2607;187770;75345;27.5;11.0
64;2021-04-24;2066;1587;189836;76932;27.8;11.3
64;2021-04-25;290;237;190126;77169;27.8;11.3
64;2021-04-26;2658;2650;192784;79819;28.2;11.7
64;2021-04-27;3058;3129;195842;82948;28.7;12.1
64;2021-04-28;3602;3061;199444;86009;29.2;12.6
64;2021-04-29;4651;3459;204095;89468;29.9;13.1
64;2021-04-30;4084;3611;208179;93079;30.5;13.6
64;2021-05-01;1480;1030;209659;94109;30.7;13.8
64;2021-05-02;446;325;210105;94434;30.8;13.8
64;2021-05-03;2909;3522;213014;97956;31.2;14.3
64;2021-05-04;3646;3990;216660;101946;31.7;14.9
64;2021-05-05;3360;4019;220020;105965;32.2;15.5
64;2021-05-06;4110;3986;224130;109951;32.8;16.1
64;2021-05-07;3919;4193;228049;114144;33.4;16.7
64;2021-05-08;2620;1237;230669;115381;33.8;16.9
64;2021-05-09;720;306;231389;115687;33.9;16.9
64;2021-05-10;2862;4237;234251;119924;34.3;17.6
64;2021-05-11;4183;4153;238434;124077;34.9;18.2
64;2021-05-12;4485;3943;242919;128020;35.6;18.7
64;2021-05-13;3198;887;246117;128907;36.0;18.9
64;2021-05-14;5153;3150;251270;132057;36.8;19.3
64;2021-05-15;3525;1866;254795;133923;37.3;19.6
64;2021-05-16;498;225;255293;134148;37.4;19.6
64;2021-05-17;4191;2385;259484;136533;38.0;20.0
64;2021-05-18;5165;2305;264649;138838;38.7;20.3
64;2021-05-19;4979;2166;269628;141004;39.5;20.6
64;2021-05-20;5568;2160;275196;143164;40.3;21.0
64;2021-05-21;5271;2249;280467;145413;41.1;21.3
64;2021-05-22;3582;1512;284049;146925;41.6;21.5
64;2021-05-23;431;206;284480;147131;41.6;21.5
64;2021-05-24;2997;1232;287477;148363;42.1;21.7
64;2021-05-25;4334;2849;291811;151212;42.7;22.1
64;2021-05-26;4354;2717;296165;153929;43.4;22.5
64;2021-05-27;5283;3157;301448;157086;44.1;23.0
64;2021-05-28;4615;3435;306063;160521;44.8;23.5
64;2021-05-29;2810;2117;308873;162638;45.2;23.8
64;2021-05-30;436;204;309309;162842;45.3;23.8
64;2021-05-31;3891;3673;313200;166515;45.8;24.4
64;2021-06-01;5336;3568;318536;170083;46.6;24.9
64;2021-06-02;4937;3180;323473;173263;47.3;25.4
64;2021-06-03;6365;3271;329838;176534;48.3;25.8
64;2021-06-04;5144;4551;334982;181085;49.0;26.5
64;2021-06-05;3484;2524;338466;183609;49.5;26.9
64;2021-06-06;2014;330;340480;183939;49.8;26.9
64;2021-06-07;4131;4330;344611;188269;50.4;27.6
64;2021-06-08;5155;4129;349766;192398;51.2;28.2
64;2021-06-09;5153;3654;354919;196052;52.0;28.7
64;2021-06-10;6180;3143;361099;199195;52.9;29.2
64;2021-06-11;5591;4873;366690;204068;53.7;29.9
64;2021-06-12;3950;2328;370640;206396;54.3;30.2
64;2021-06-13;1554;392;372194;206788;54.5;30.3
64;2021-06-14;3671;4794;375865;211582;55.0;31.0
64;2021-06-15;4576;4708;380441;216290;55.7;31.7
64;2021-06-16;4470;4666;384911;220956;56.3;32.3
64;2021-06-17;3642;4303;388553;225259;56.9;33.0
64;2021-06-18;4424;5174;392977;230433;57.5;33.7
64;2021-06-19;2983;3284;395960;233717;58.0;34.2
64;2021-06-20;881;539;396841;234256;58.1;34.3
64;2021-06-21;2313;5128;399154;239384;58.4;35.0
64;2021-06-22;2557;5730;401711;245114;58.8;35.9
64;2021-06-23;3105;5482;404816;250596;59.3;36.7
64;2021-06-24;2720;3806;407536;254402;59.7;37.2
64;2021-06-25;2899;6439;410435;260841;60.1;38.2
64;2021-06-26;1799;3837;412234;264678;60.3;38.7
64;2021-06-27;492;714;412726;265392;60.4;38.8
64;2021-06-28;1930;6067;414656;271459;60.7;39.7
64;2021-06-29;1953;6262;416609;277721;61.0;40.7
64;2021-06-30;2254;6002;418863;283723;61.3;41.5
64;2021-07-01;2409;5342;421272;289065;61.7;42.3
64;2021-07-02;2301;6408;423573;295473;62.0;43.3
64;2021-07-03;1262;3783;424835;299256;62.2;43.8
64;2021-07-04;411;847;425246;300103;62.2;43.9
64;2021-07-05;1379;5411;426625;305514;62.4;44.7
64;2021-07-06;1992;6149;428617;311663;62.7;45.6
64;2021-07-07;2064;5751;430681;317414;63.0;46.5
64;2021-07-08;1801;4394;432482;321808;63.3;47.1
64;2021-07-09;1819;6535;434301;328343;63.6;48.1
64;2021-07-10;1169;3880;435470;332223;63.7;48.6
64;2021-07-11;253;860;435723;333083;63.8;48.8
64;2021-07-12;1497;6087;437220;339170;64.0;49.6
64;2021-07-13;2363;7250;439583;346420;64.3;50.7
64;2021-07-14;2369;3396;441952;349816;64.7;51.2
64;2021-07-15;2104;5483;444056;355299;65.0;52.0
64;2021-07-16;2842;6779;446898;362078;65.4;53.0
64;2021-07-17;2337;4588;449235;366666;65.8;53.7
64;2021-07-18;713;2050;449948;368716;65.9;54.0
64;2021-07-19;2350;6123;452298;374839;66.2;54.9
64;2021-07-20;3122;6549;455420;381388;66.7;55.8
64;2021-07-21;3335;6046;458755;387434;67.2;56.7
64;2021-07-22;3807;5718;462562;393152;67.7;57.5
64;2021-07-23;3719;5611;466281;398763;68.3;58.4
64;2021-07-24;2541;4429;468822;403192;68.6;59.0
64;2021-07-25;753;1060;469575;404252;68.7;59.2
64;2021-07-26;3077;5130;472652;409382;69.2;59.9
64;2021-07-27;4245;5134;476897;414516;69.8;60.7
64;2021-07-28;4291;4589;481188;419105;70.4;61.3
64;2021-07-29;5493;3888;486681;422993;71.2;61.9
64;2021-07-30;5099;4216;491780;427209;72.0;62.5
64;2021-07-31;3148;3347;494928;430556;72.4;63.0
64;2021-08-01;1141;581;496069;431137;72.6;63.1
64;2021-08-02;4326;2644;500395;433781;73.2;63.5
64;2021-08-03;4510;3161;504905;436942;73.9;64.0
64;2021-08-04;4099;2992;509004;439934;74.5;64.4
64;2021-08-05;3990;2611;512994;442545;75.1;64.8
64;2021-08-06;3809;3339;516803;445884;75.6;65.3
64;2021-08-07;2474;2705;519277;448589;76.0;65.7
64;2021-08-08;487;608;519764;449197;76.1;65.8
64;2021-08-09;2674;3194;522438;452391;76.5;66.2
64;2021-08-10;3274;3430;525712;455821;77.0;66.7
64;2021-08-11;3050;3259;528762;459080;77.4;67.2
64;2021-08-12;3172;3300;531934;462380;77.9;67.7
64;2021-08-13;2527;3650;534461;466030;78.2;68.2
64;2021-08-14;1625;2671;536086;468701;78.5;68.6
64;2021-08-15;202;692;536288;469393;78.5;68.7
64;2021-08-16;2095;3230;538383;472623;78.8;69.2
64;2021-08-17;2261;3695;540644;476318;79.1;69.7
64;2021-08-18;2021;3519;542665;479837;79.4;70.2
64;2021-08-19;1921;3521;544586;483358;79.7;70.8
65;2020-12-27;0;0;0;0;0.0;0.0
65;2020-12-28;0;0;0;0;0.0;0.0
65;2020-12-29;0;0;0;0;0.0;0.0
65;2020-12-30;0;0;0;0;0.0;0.0
65;2020-12-31;0;0;0;0;0.0;0.0
65;2021-01-01;0;0;0;0;0.0;0.0
65;2021-01-02;0;0;0;0;0.0;0.0
65;2021-01-03;0;0;0;0;0.0;0.0
65;2021-01-04;0;0;0;0;0.0;0.0
65;2021-01-05;1;0;1;0;0.0;0.0
65;2021-01-06;3;0;4;0;0.0;0.0
65;2021-01-07;167;0;171;0;0.1;0.0
65;2021-01-08;253;1;424;1;0.2;0.0
65;2021-01-09;176;1;600;2;0.3;0.0
65;2021-01-10;1;0;601;2;0.3;0.0
65;2021-01-11;275;3;876;5;0.4;0.0
65;2021-01-12;272;1;1148;6;0.5;0.0
65;2021-01-13;587;1;1735;7;0.8;0.0
65;2021-01-14;579;5;2314;12;1.0;0.0
65;2021-01-15;527;2;2841;14;1.3;0.0
65;2021-01-16;221;2;3062;16;1.3;0.0
65;2021-01-17;1;0;3063;16;1.4;0.0
65;2021-01-18;552;5;3615;21;1.6;0.0
65;2021-01-19;570;2;4185;23;1.8;0.0
65;2021-01-20;584;5;4769;28;2.1;0.0
65;2021-01-21;584;0;5353;28;2.4;0.0
65;2021-01-22;597;0;5950;28;2.6;0.0
65;2021-01-23;174;1;6124;29;2.7;0.0
65;2021-01-24;3;1;6127;30;2.7;0.0
65;2021-01-25;551;4;6678;34;2.9;0.0
65;2021-01-26;881;2;7559;36;3.3;0.0
65;2021-01-27;588;11;8147;47;3.6;0.0
65;2021-01-28;505;71;8652;118;3.8;0.1
65;2021-01-29;426;138;9078;256;4.0;0.1
65;2021-01-30;183;74;9261;330;4.1;0.1
65;2021-01-31;15;0;9276;330;4.1;0.1
65;2021-02-01;321;90;9597;420;4.2;0.2
65;2021-02-02;418;195;10015;615;4.4;0.3
65;2021-02-03;463;244;10478;859;4.6;0.4
65;2021-02-04;307;331;10785;1190;4.8;0.5
65;2021-02-05;285;361;11070;1551;4.9;0.7
65;2021-02-06;99;103;11169;1654;4.9;0.7
65;2021-02-07;10;0;11179;1654;4.9;0.7
65;2021-02-08;425;222;11604;1876;5.1;0.8
65;2021-02-09;272;379;11876;2255;5.2;1.0
65;2021-02-10;296;272;12172;2527;5.4;1.1
65;2021-02-11;320;275;12492;2802;5.5;1.2
65;2021-02-12;277;232;12769;3034;5.6;1.3
65;2021-02-13;125;97;12894;3131;5.7;1.4
65;2021-02-14;3;16;12897;3147;5.7;1.4
65;2021-02-15;202;414;13099;3561;5.8;1.6
65;2021-02-16;488;582;13587;4143;6.0;1.8
65;2021-02-17;230;499;13817;4642;6.1;2.0
65;2021-02-18;285;588;14102;5230;6.2;2.3
65;2021-02-19;156;479;14258;5709;6.3;2.5
65;2021-02-20;53;158;14311;5867;6.3;2.6
65;2021-02-21;3;48;14314;5915;6.3;2.6
65;2021-02-22;166;540;14480;6455;6.4;2.8
65;2021-02-23;248;526;14728;6981;6.5;3.1
65;2021-02-24;232;639;14960;7620;6.6;3.4
65;2021-02-25;212;181;15172;7801;6.7;3.4
65;2021-02-26;350;775;15522;8576;6.8;3.8
65;2021-02-27;106;202;15628;8778;6.9;3.9
65;2021-02-28;1;0;15629;8778;6.9;3.9
65;2021-03-01;377;374;16006;9152;7.1;4.0
65;2021-03-02;454;362;16460;9514;7.3;4.2
65;2021-03-03;380;390;16840;9904;7.4;4.4
65;2021-03-04;695;331;17535;10235;7.7;4.5
65;2021-03-05;678;285;18213;10520;8.0;4.6
65;2021-03-06;1187;86;19400;10606;8.6;4.7
65;2021-03-07;258;11;19658;10617;8.7;4.7
65;2021-03-08;412;343;20070;10960;8.8;4.8
65;2021-03-09;668;335;20738;11295;9.1;5.0
65;2021-03-10;625;371;21363;11666;9.4;5.1
65;2021-03-11;779;357;22142;12023;9.8;5.3
65;2021-03-12;1057;190;23199;12213;10.2;5.4
65;2021-03-13;353;93;23552;12306;10.4;5.4
65;2021-03-14;3;30;23555;12336;10.4;5.4
65;2021-03-15;815;185;24370;12521;10.7;5.5
65;2021-03-16;692;218;25062;12739;11.0;5.6
65;2021-03-17;710;208;25772;12947;11.4;5.7
65;2021-03-18;534;233;26306;13180;11.6;5.8
65;2021-03-19;878;163;27184;13343;12.0;5.9
65;2021-03-20;244;45;27428;13388;12.1;5.9
65;2021-03-21;12;2;27440;13390;12.1;5.9
65;2021-03-22;735;154;28175;13544;12.4;6.0
65;2021-03-23;837;368;29012;13912;12.8;6.1
65;2021-03-24;868;254;29880;14166;13.2;6.2
65;2021-03-25;1251;191;31131;14357;13.7;6.3
65;2021-03-26;1221;140;32352;14497;14.3;6.4
65;2021-03-27;1357;88;33709;14585;14.9;6.4
65;2021-03-28;1;2;33710;14587;14.9;6.4
65;2021-03-29;1492;359;35202;14946;15.5;6.6
65;2021-03-30;1357;405;36559;15351;16.1;6.8
65;2021-03-31;1206;372;37765;15723;16.6;6.9
65;2021-04-01;1510;397;39275;16120;17.3;7.1
65;2021-04-02;1684;288;40959;16408;18.1;7.2
65;2021-04-03;247;45;41206;16453;18.2;7.3
65;2021-04-04;4;2;41210;16455;18.2;7.3
65;2021-04-05;158;44;41368;16499;18.2;7.3
65;2021-04-06;1294;493;42662;16992;18.8;7.5
65;2021-04-07;1957;457;44619;17449;19.7;7.7
65;2021-04-08;1638;415;46257;17864;20.4;7.9
65;2021-04-09;1644;470;47901;18334;21.1;8.1
65;2021-04-10;1590;151;49491;18485;21.8;8.1
65;2021-04-11;3;0;49494;18485;21.8;8.1
65;2021-04-12;1349;737;50843;19222;22.4;8.5
65;2021-04-13;1574;590;52417;19812;23.1;8.7
65;2021-04-14;1904;743;54321;20555;23.9;9.1
65;2021-04-15;1698;668;56019;21223;24.7;9.4
65;2021-04-16;1824;529;57843;21752;25.5;9.6
65;2021-04-17;2156;128;59999;21880;26.5;9.6
65;2021-04-18;7;27;60006;21907;26.5;9.7
65;2021-04-19;1337;773;61343;22680;27.0;10.0
65;2021-04-20;1529;707;62872;23387;27.7;10.3
65;2021-04-21;1051;1048;63923;24435;28.2;10.8
65;2021-04-22;1644;726;65567;25161;28.9;11.1
65;2021-04-23;1161;1147;66728;26308;29.4;11.6
65;2021-04-24;1263;610;67991;26918;30.0;11.9
65;2021-04-25;31;15;68022;26933;30.0;11.9
65;2021-04-26;1605;1295;69627;28228;30.7;12.4
65;2021-04-27;1423;1339;71050;29567;31.3;13.0
65;2021-04-28;1729;1023;72779;30590;32.1;13.5
65;2021-04-29;1961;1032;74740;31622;32.9;13.9
65;2021-04-30;1782;925;76522;32547;33.7;14.3
65;2021-05-01;1574;227;78096;32774;34.4;14.4
65;2021-05-02;671;24;78767;32798;34.7;14.5
65;2021-05-03;1281;1620;80048;34418;35.3;15.2
65;2021-05-04;1535;1243;81583;35661;36.0;15.7
65;2021-05-05;1372;1646;82955;37307;36.6;16.4
65;2021-05-06;1556;1177;84511;38484;37.3;17.0
65;2021-05-07;1274;1569;85785;40053;37.8;17.7
65;2021-05-08;1648;443;87433;40496;38.5;17.9
65;2021-05-09;0;90;87433;40586;38.5;17.9
65;2021-05-10;952;1883;88385;42469;39.0;18.7
65;2021-05-11;1059;1811;89444;44280;39.4;19.5
65;2021-05-12;1237;1635;90681;45915;40.0;20.2
65;2021-05-13;1345;166;92026;46081;40.6;20.3
65;2021-05-14;1576;1095;93602;47176;41.3;20.8
65;2021-05-15;1399;511;95001;47687;41.9;21.0
65;2021-05-16;1444;71;96445;47758;42.5;21.1
65;2021-05-17;1036;1615;97481;49373;43.0;21.8
65;2021-05-18;1610;1209;99091;50582;43.7;22.3
65;2021-05-19;1686;1009;100777;51591;44.4;22.7
65;2021-05-20;1844;1052;102621;52643;45.2;23.2
65;2021-05-21;1791;1234;104412;53877;46.0;23.8
65;2021-05-22;1287;637;105699;54514;46.6;24.0
65;2021-05-23;689;32;106388;54546;46.9;24.0
65;2021-05-24;703;77;107091;54623;47.2;24.1
65;2021-05-25;1358;1546;108449;56169;47.8;24.8
65;2021-05-26;1472;1355;109921;57524;48.5;25.4
65;2021-05-27;1621;1463;111542;58987;49.2;26.0
65;2021-05-28;1601;1673;113143;60660;49.9;26.7
65;2021-05-29;1186;1514;114329;62174;50.4;27.4
65;2021-05-30;6;10;114335;62184;50.4;27.4
65;2021-05-31;1324;1300;115659;63484;51.0;28.0
65;2021-06-01;1833;934;117492;64418;51.8;28.4
65;2021-06-02;1576;950;119068;65368;52.5;28.8
65;2021-06-03;1341;1103;120409;66471;53.1;29.3
65;2021-06-04;1790;1561;122199;68032;53.9;30.0
65;2021-06-05;433;1240;122632;69272;54.1;30.5
65;2021-06-06;3;13;122635;69285;54.1;30.5
65;2021-06-07;674;1984;123309;71269;54.4;31.4
65;2021-06-08;956;1536;124265;72805;54.8;32.1
65;2021-06-09;827;1548;125092;74353;55.1;32.8
65;2021-06-10;740;1156;125832;75509;55.5;33.3
65;2021-06-11;910;1808;126742;77317;55.9;34.1
65;2021-06-12;150;639;126892;77956;55.9;34.4
65;2021-06-13;5;7;126897;77963;55.9;34.4
65;2021-06-14;504;2422;127401;80385;56.2;35.4
65;2021-06-15;941;1804;128342;82189;56.6;36.2
65;2021-06-16;1064;1366;129406;83555;57.0;36.8
65;2021-06-17;814;1047;130220;84602;57.4;37.3
65;2021-06-18;1017;1632;131237;86234;57.9;38.0
65;2021-06-19;690;1688;131927;87922;58.2;38.8
65;2021-06-20;2;2;131929;87924;58.2;38.8
65;2021-06-21;736;1940;132665;89864;58.5;39.6
65;2021-06-22;1045;1479;133710;91343;58.9;40.3
65;2021-06-23;1064;1233;134774;92576;59.4;40.8
65;2021-06-24;959;1143;135733;93719;59.8;41.3
65;2021-06-25;831;1966;136564;95685;60.2;42.2
65;2021-06-26;168;1658;136732;97343;60.3;42.9
65;2021-06-27;15;1101;136747;98444;60.3;43.4
65;2021-06-28;444;2301;137191;100745;60.5;44.4
65;2021-06-29;684;1920;137875;102665;60.8;45.3
65;2021-06-30;932;1678;138807;104343;61.2;46.0
65;2021-07-01;604;750;139411;105093;61.5;46.3
65;2021-07-02;1167;1733;140578;106826;62.0;47.1
65;2021-07-03;196;1916;140774;108742;62.1;47.9
65;2021-07-04;416;183;141190;108925;62.2;48.0
65;2021-07-05;640;1994;141830;110919;62.5;48.9
65;2021-07-06;897;2125;142727;113044;62.9;49.8
65;2021-07-07;972;1515;143699;114559;63.3;50.5
65;2021-07-08;326;662;144025;115221;63.5;50.8
65;2021-07-09;549;1594;144574;116815;63.7;51.5
65;2021-07-10;295;957;144869;117772;63.9;51.9
65;2021-07-11;0;0;144869;117772;63.9;51.9
65;2021-07-12;479;2221;145348;119993;64.1;52.9
65;2021-07-13;693;2148;146041;122141;64.4;53.8
65;2021-07-14;210;51;146251;122192;64.5;53.9
65;2021-07-15;1043;1659;147294;123851;64.9;54.6
65;2021-07-16;1185;1880;148479;125731;65.5;55.4
65;2021-07-17;426;543;148905;126274;65.6;55.7
65;2021-07-18;22;12;148927;126286;65.7;55.7
65;2021-07-19;630;1494;149557;127780;65.9;56.3
65;2021-07-20;1444;1700;151001;129480;66.6;57.1
65;2021-07-21;1408;1659;152409;131139;67.2;57.8
65;2021-07-22;2176;1290;154585;132429;68.1;58.4
65;2021-07-23;1609;1792;156194;134221;68.9;59.2
65;2021-07-24;1038;649;157232;134870;69.3;59.5
65;2021-07-25;22;21;157254;134891;69.3;59.5
65;2021-07-26;1134;1244;158388;136135;69.8;60.0
65;2021-07-27;1776;1957;160164;138092;70.6;60.9
65;2021-07-28;1582;1316;161746;139408;71.3;61.5
65;2021-07-29;2825;1132;164571;140540;72.5;62.0
65;2021-07-30;2407;1393;166978;141933;73.6;62.6
65;2021-07-31;2250;349;169228;142282;74.6;62.7
65;2021-08-01;14;16;169242;142298;74.6;62.7
65;2021-08-02;935;830;170177;143128;75.0;63.1
65;2021-08-03;2022;1062;172199;144190;75.9;63.6
65;2021-08-04;1761;633;173960;144823;76.7;63.8
65;2021-08-05;1782;835;175742;145658;77.5;64.2
65;2021-08-06;1641;965;177383;146623;78.2;64.6
65;2021-08-07;719;479;178102;147102;78.5;64.8
65;2021-08-08;2;9;178104;147111;78.5;64.9
65;2021-08-09;680;943;178784;148054;78.8;65.3
65;2021-08-10;1154;1547;179938;149601;79.3;66.0
65;2021-08-11;727;1262;180665;150863;79.6;66.5
65;2021-08-12;765;1079;181430;151942;80.0;67.0
65;2021-08-13;412;1006;181842;152948;80.2;67.4
65;2021-08-14;593;564;182435;153512;80.4;67.7
65;2021-08-15;6;19;182441;153531;80.4;67.7
65;2021-08-16;394;1535;182835;155066;80.6;68.4
65;2021-08-17;718;2175;183553;157241;80.9;69.3
65;2021-08-18;586;1540;184139;158781;81.2;70.0
65;2021-08-19;684;1303;184823;160084;81.5;70.6
66;2020-12-27;0;0;0;0;0.0;0.0
66;2020-12-28;2;0;2;0;0.0;0.0
66;2020-12-29;0;0;2;0;0.0;0.0
66;2020-12-30;0;0;2;0;0.0;0.0
66;2020-12-31;1;0;3;0;0.0;0.0
66;2021-01-01;1;0;4;0;0.0;0.0
66;2021-01-02;0;0;4;0;0.0;0.0
66;2021-01-03;0;0;4;0;0.0;0.0
66;2021-01-04;30;0;34;0;0.0;0.0
66;2021-01-05;135;0;169;0;0.0;0.0
66;2021-01-06;195;0;364;0;0.1;0.0
66;2021-01-07;182;0;546;0;0.1;0.0
66;2021-01-08;212;0;758;0;0.2;0.0
66;2021-01-09;232;0;990;0;0.2;0.0
66;2021-01-10;11;0;1001;0;0.2;0.0
66;2021-01-11;404;3;1405;3;0.3;0.0
66;2021-01-12;587;2;1992;5;0.4;0.0
66;2021-01-13;877;7;2869;12;0.6;0.0
66;2021-01-14;892;11;3761;23;0.8;0.0
66;2021-01-15;587;1;4348;24;0.9;0.0
66;2021-01-16;106;2;4454;26;0.9;0.0
66;2021-01-17;46;1;4500;27;0.9;0.0
66;2021-01-18;654;2;5154;29;1.1;0.0
66;2021-01-19;716;3;5870;32;1.2;0.0
66;2021-01-20;1169;3;7039;35;1.5;0.0
66;2021-01-21;2402;4;9441;39;2.0;0.0
66;2021-01-22;1439;10;10880;49;2.3;0.0
66;2021-01-23;399;3;11279;52;2.4;0.0
66;2021-01-24;226;9;11505;61;2.4;0.0
66;2021-01-25;738;40;12243;101;2.6;0.0
66;2021-01-26;786;68;13029;169;2.7;0.0
66;2021-01-27;866;104;13895;273;2.9;0.1
66;2021-01-28;872;128;14767;401;3.1;0.1
66;2021-01-29;817;127;15584;528;3.3;0.1
66;2021-01-30;480;70;16064;598;3.4;0.1
66;2021-01-31;202;27;16266;625;3.4;0.1
66;2021-02-01;562;189;16828;814;3.5;0.2
66;2021-02-02;621;289;17449;1103;3.6;0.2
66;2021-02-03;737;628;18186;1731;3.8;0.4
66;2021-02-04;688;621;18874;2352;3.9;0.5
66;2021-02-05;778;415;19652;2767;4.1;0.6
66;2021-02-06;417;147;20069;2914;4.2;0.6
66;2021-02-07;169;139;20238;3053;4.2;0.6
66;2021-02-08;501;393;20739;3446;4.3;0.7
66;2021-02-09;531;401;21270;3847;4.4;0.8
66;2021-02-10;616;772;21886;4619;4.6;1.0
66;2021-02-11;1104;1573;22990;6192;4.8;1.3
66;2021-02-12;1121;1202;24111;7394;5.0;1.5
66;2021-02-13;366;304;24477;7698;5.1;1.6
66;2021-02-14;111;197;24588;7895;5.1;1.6
66;2021-02-15;425;697;25013;8592;5.2;1.8
66;2021-02-16;304;787;25317;9379;5.3;2.0
66;2021-02-17;379;698;25696;10077;5.4;2.1
66;2021-02-18;366;774;26062;10851;5.4;2.3
66;2021-02-19;400;703;26462;11554;5.5;2.4
66;2021-02-20;184;408;26646;11962;5.6;2.5
66;2021-02-21;41;171;26687;12133;5.6;2.5
66;2021-02-22;416;642;27103;12775;5.7;2.7
66;2021-02-23;508;666;27611;13441;5.8;2.8
66;2021-02-24;341;750;27952;14191;5.8;3.0
66;2021-02-25;717;713;28669;14904;6.0;3.1
66;2021-02-26;954;747;29623;15651;6.2;3.3
66;2021-02-27;363;429;29986;16080;6.3;3.4
66;2021-02-28;59;172;30045;16252;6.3;3.4
66;2021-03-01;378;650;30423;16902;6.4;3.5
66;2021-03-02;334;657;30757;17559;6.4;3.7
66;2021-03-03;528;645;31285;18204;6.5;3.8
66;2021-03-04;991;1056;32276;19260;6.7;4.0
66;2021-03-05;1525;798;33801;20058;7.1;4.2
66;2021-03-06;1145;346;34946;20404;7.3;4.3
66;2021-03-07;1097;97;36043;20501;7.5;4.3
66;2021-03-08;695;544;36738;21045;7.7;4.4
66;2021-03-09;1222;593;37960;21638;7.9;4.5
66;2021-03-10;1301;503;39261;22141;8.2;4.6
66;2021-03-11;1474;595;40735;22736;8.5;4.7
66;2021-03-12;2395;579;43130;23315;9.0;4.9
66;2021-03-13;1081;307;44211;23622;9.2;4.9
66;2021-03-14;192;84;44403;23706;9.3;4.9
66;2021-03-15;1109;393;45512;24099;9.5;5.0
66;2021-03-16;952;260;46464;24359;9.7;5.1
66;2021-03-17;867;397;47331;24756;9.9;5.2
66;2021-03-18;969;344;48300;25100;10.1;5.2
66;2021-03-19;1292;317;49592;25417;10.4;5.3
66;2021-03-20;837;122;50429;25539;10.5;5.3
66;2021-03-21;185;44;50614;25583;10.6;5.3
66;2021-03-22;1111;394;51725;25977;10.8;5.4
66;2021-03-23;1756;387;53481;26364;11.2;5.5
66;2021-03-24;1795;518;55276;26882;11.5;5.6
66;2021-03-25;2536;470;57812;27352;12.1;5.7
66;2021-03-26;2577;363;60389;27715;12.6;5.8
66;2021-03-27;1208;296;61597;28011;12.9;5.8
66;2021-03-28;321;3;61918;28014;12.9;5.8
66;2021-03-29;1830;257;63748;28271;13.3;5.9
66;2021-03-30;2239;172;65987;28443;13.8;5.9
66;2021-03-31;1987;250;67974;28693;14.2;6.0
66;2021-04-01;2671;303;70645;28996;14.7;6.1
66;2021-04-02;2421;254;73066;29250;15.3;6.1
66;2021-04-03;1148;335;74214;29585;15.5;6.2
66;2021-04-04;107;125;74321;29710;15.5;6.2
66;2021-04-05;195;142;74516;29852;15.6;6.2
66;2021-04-06;1331;650;75847;30502;15.8;6.4
66;2021-04-07;1396;597;77243;31099;16.1;6.5
66;2021-04-08;2070;547;79313;31646;16.6;6.6
66;2021-04-09;3478;660;82791;32306;17.3;6.7
66;2021-04-10;2307;523;85098;32829;17.8;6.9
66;2021-04-11;1200;166;86298;32995;18.0;6.9
66;2021-04-12;2702;1022;89000;34017;18.6;7.1
66;2021-04-13;3608;1061;92608;35078;19.3;7.3
66;2021-04-14;3292;922;95900;36000;20.0;7.5
66;2021-04-15;3555;1048;99455;37048;20.8;7.7
66;2021-04-16;3592;1033;103047;38081;21.5;8.0
66;2021-04-17;2263;591;105310;38672;22.0;8.1
66;2021-04-18;1445;132;106755;38804;22.3;8.1
66;2021-04-19;2257;1121;109012;39925;22.8;8.3
66;2021-04-20;2373;1080;111385;41005;23.3;8.6
66;2021-04-21;2869;1179;114254;42184;23.9;8.8
66;2021-04-22;2659;1231;116913;43415;24.4;9.1
66;2021-04-23;2380;1236;119293;44651;24.9;9.3
66;2021-04-24;2744;880;122037;45531;25.5;9.5
66;2021-04-25;1207;267;123244;45798;25.7;9.6
66;2021-04-26;1996;1254;125240;47052;26.1;9.8
66;2021-04-27;2749;1303;127989;48355;26.7;10.1
66;2021-04-28;2421;1663;130410;50018;27.2;10.4
66;2021-04-29;2701;2126;133111;52144;27.8;10.9
66;2021-04-30;3055;1557;136166;53701;28.4;11.2
66;2021-05-01;2001;470;138167;54171;28.8;11.3
66;2021-05-02;1529;263;139696;54434;29.2;11.4
66;2021-05-03;2938;1111;142634;55545;29.8;11.6
66;2021-05-04;3169;1345;145803;56890;30.4;11.9
66;2021-05-05;3052;1544;148855;58434;31.1;12.2
66;2021-05-06;3756;2079;152611;60513;31.9;12.6
66;2021-05-07;2967;3084;155578;63597;32.5;13.3
66;2021-05-08;1731;1171;157309;64768;32.8;13.5
66;2021-05-09;887;1371;158196;66139;33.0;13.8
66;2021-05-10;1805;2973;160001;69112;33.4;14.4
66;2021-05-11;2740;3125;162741;72237;34.0;15.1
66;2021-05-12;2430;2568;165171;74805;34.5;15.6
66;2021-05-13;2260;1384;167431;76189;35.0;15.9
66;2021-05-14;2771;2118;170202;78307;35.5;16.3
66;2021-05-15;2330;1576;172532;79883;36.0;16.7
66;2021-05-16;2286;1250;174818;81133;36.5;16.9
66;2021-05-17;2052;1824;176870;82957;36.9;17.3
66;2021-05-18;3237;1808;180107;84765;37.6;17.7
66;2021-05-19;2877;1341;182984;86106;38.2;18.0
66;2021-05-20;4375;1448;187359;87554;39.1;18.3
66;2021-05-21;3268;1463;190627;89017;39.8;18.6
66;2021-05-22;3066;776;193693;89793;40.4;18.7
66;2021-05-23;1510;238;195203;90031;40.8;18.8
66;2021-05-24;1955;428;197158;90459;41.2;18.9
66;2021-05-25;2795;1688;199953;92147;41.7;19.2
66;2021-05-26;2780;1495;202733;93642;42.3;19.5
66;2021-05-27;3385;2258;206118;95900;43.0;20.0
66;2021-05-28;2683;3052;208801;98952;43.6;20.7
66;2021-05-29;2148;1520;210949;100472;44.0;21.0
66;2021-05-30;786;989;211735;101461;44.2;21.2
66;2021-05-31;2120;1784;213855;103245;44.6;21.6
66;2021-06-01;2624;2005;216479;105250;45.2;22.0
66;2021-06-02;2808;2339;219287;107589;45.8;22.5
66;2021-06-03;2477;2973;221764;110562;46.3;23.1
66;2021-06-04;1859;3353;223623;113915;46.7;23.8
66;2021-06-05;1410;2599;225033;116514;47.0;24.3
66;2021-06-06;292;1227;225325;117741;47.0;24.6
66;2021-06-07;1340;2959;226665;120700;47.3;25.2
66;2021-06-08;1739;3023;228404;123723;47.7;25.8
66;2021-06-09;2068;2785;230472;126508;48.1;26.4
66;2021-06-10;2081;2961;232553;129469;48.5;27.0
66;2021-06-11;2096;3867;234649;133336;49.0;27.8
66;2021-06-12;871;2409;235520;135745;49.2;28.3
66;2021-06-13;515;1334;236035;137079;49.3;28.6
66;2021-06-14;1361;3495;237396;140574;49.6;29.3
66;2021-06-15;2130;3572;239526;144146;50.0;30.1
66;2021-06-16;1788;3567;241314;147713;50.4;30.8
66;2021-06-17;2432;3604;243746;151317;50.9;31.6
66;2021-06-18;2227;3823;245973;155140;51.4;32.4
66;2021-06-19;1542;2319;247515;157459;51.7;32.9
66;2021-06-20;998;1263;248513;158722;51.9;33.1
66;2021-06-21;1163;2879;249676;161601;52.1;33.7
66;2021-06-22;1505;3763;251181;165364;52.4;34.5
66;2021-06-23;1324;3027;252505;168391;52.7;35.2
66;2021-06-24;1515;3230;254020;171621;53.0;35.8
66;2021-06-25;1398;3534;255418;175155;53.3;36.6
66;2021-06-26;963;2683;256381;177838;53.5;37.1
66;2021-06-27;679;1557;257060;179395;53.7;37.5
66;2021-06-28;977;2977;258037;182372;53.9;38.1
66;2021-06-29;1146;3795;259183;186167;54.1;38.9
66;2021-06-30;1277;3302;260460;189469;54.4;39.6
66;2021-07-01;1370;4044;261830;193513;54.7;40.4
66;2021-07-02;1313;3603;263143;197116;54.9;41.2
66;2021-07-03;1152;3903;264295;201019;55.2;42.0
66;2021-07-04;717;1792;265012;202811;55.3;42.3
66;2021-07-05;1092;3000;266104;205811;55.6;43.0
66;2021-07-06;1371;3784;267475;209595;55.8;43.8
66;2021-07-07;1391;3250;268866;212845;56.1;44.4
66;2021-07-08;1269;3383;270135;216228;56.4;45.1
66;2021-07-09;1420;3464;271555;219692;56.7;45.9
66;2021-07-10;1004;2403;272559;222095;56.9;46.4
66;2021-07-11;540;1539;273099;223634;57.0;46.7
66;2021-07-12;994;3641;274093;227275;57.2;47.4
66;2021-07-13;2130;4271;276223;231546;57.7;48.3
66;2021-07-14;1949;1232;278172;232778;58.1;48.6
66;2021-07-15;2779;3113;280951;235891;58.7;49.2
66;2021-07-16;3328;3197;284279;239088;59.3;49.9
66;2021-07-17;2116;2035;286395;241123;59.8;50.3
66;2021-07-18;1197;1060;287592;242183;60.0;50.6
66;2021-07-19;2789;3083;290381;245266;60.6;51.2
66;2021-07-20;3650;2880;294031;248146;61.4;51.8
66;2021-07-21;3963;2943;297994;251089;62.2;52.4
66;2021-07-22;3843;2810;301837;253899;63.0;53.0
66;2021-07-23;3886;3035;305723;256934;63.8;53.6
66;2021-07-24;2584;1919;308307;258853;64.4;54.0
66;2021-07-25;2019;1233;310326;260086;64.8;54.3
66;2021-07-26;2768;2629;313094;262715;65.4;54.8
66;2021-07-27;3210;2882;316304;265597;66.0;55.4
66;2021-07-28;3340;2569;319644;268166;66.7;56.0
66;2021-07-29;3850;2531;323494;270697;67.5;56.5
66;2021-07-30;4175;2461;327669;273158;68.4;57.0
66;2021-07-31;2211;1706;329880;274864;68.9;57.4
66;2021-08-01;1813;894;331693;275758;69.2;57.6
66;2021-08-02;2259;1916;333952;277674;69.7;58.0
66;2021-08-03;2600;2070;336552;279744;70.3;58.4
66;2021-08-04;2563;1997;339115;281741;70.8;58.8
66;2021-08-05;2423;2499;341538;284240;71.3;59.3
66;2021-08-06;2304;2636;343842;286876;71.8;59.9
66;2021-08-07;1494;2084;345336;288960;72.1;60.3
66;2021-08-08;611;1454;345947;290414;72.2;60.6
66;2021-08-09;1326;2800;347273;293214;72.5;61.2
66;2021-08-10;1633;3062;348906;296276;72.8;61.9
66;2021-08-11;1610;3014;350516;299290;73.2;62.5
66;2021-08-12;1627;2984;352143;302274;73.5;63.1
66;2021-08-13;1387;2968;353530;305242;73.8;63.7
66;2021-08-14;653;2505;354183;307747;73.9;64.2
66;2021-08-15;133;1626;354316;309373;74.0;64.6
66;2021-08-16;1261;2587;355577;311960;74.2;65.1
66;2021-08-17;1474;2977;357051;314937;74.5;65.7
66;2021-08-18;1318;3064;358369;318001;74.8;66.4
66;2021-08-19;1058;2908;359427;320909;75.0;67.0
67;2020-12-27;7;0;7;0;0.0;0.0
67;2020-12-28;3;0;10;0;0.0;0.0
67;2020-12-29;2;0;12;0;0.0;0.0
67;2020-12-30;0;0;12;0;0.0;0.0
67;2020-12-31;0;0;12;0;0.0;0.0
67;2021-01-01;3;0;15;0;0.0;0.0
67;2021-01-02;1;0;16;0;0.0;0.0
67;2021-01-03;1;0;17;0;0.0;0.0
67;2021-01-04;41;0;58;0;0.0;0.0
67;2021-01-05;167;0;225;0;0.0;0.0
67;2021-01-06;120;0;345;0;0.0;0.0
67;2021-01-07;235;1;580;1;0.1;0.0
67;2021-01-08;232;1;812;2;0.1;0.0
67;2021-01-09;113;1;925;3;0.1;0.0
67;2021-01-10;67;0;992;3;0.1;0.0
67;2021-01-11;182;1;1174;4;0.1;0.0
67;2021-01-12;511;1;1685;5;0.1;0.0
67;2021-01-13;654;2;2339;7;0.2;0.0
67;2021-01-14;1079;7;3418;14;0.3;0.0
67;2021-01-15;937;7;4355;21;0.4;0.0
67;2021-01-16;196;3;4551;24;0.4;0.0
67;2021-01-17;99;0;4650;24;0.4;0.0
67;2021-01-18;897;3;5547;27;0.5;0.0
67;2021-01-19;1424;5;6971;32;0.6;0.0
67;2021-01-20;1851;12;8822;44;0.8;0.0
67;2021-01-21;2207;9;11029;53;1.0;0.0
67;2021-01-22;1987;7;13016;60;1.1;0.0
67;2021-01-23;813;6;13829;66;1.2;0.0
67;2021-01-24;380;1;14209;67;1.3;0.0
67;2021-01-25;526;31;14735;98;1.3;0.0
67;2021-01-26;158;108;14893;206;1.3;0.0
67;2021-01-27;1391;91;16284;297;1.4;0.0
67;2021-01-28;3052;225;19336;522;1.7;0.0
67;2021-01-29;2025;161;21361;683;1.9;0.1
67;2021-01-30;1094;82;22455;765;2.0;0.1
67;2021-01-31;1161;29;23616;794;2.1;0.1
67;2021-02-01;3391;251;27007;1045;2.4;0.1
67;2021-02-02;2690;430;29697;1475;2.6;0.1
67;2021-02-03;1573;400;31270;1875;2.8;0.2
67;2021-02-04;1193;760;32463;2635;2.9;0.2
67;2021-02-05;1193;643;33656;3278;3.0;0.3
67;2021-02-06;788;145;34444;3423;3.0;0.3
67;2021-02-07;289;45;34733;3468;3.1;0.3
67;2021-02-08;837;450;35570;3918;3.1;0.3
67;2021-02-09;958;739;36528;4657;3.2;0.4
67;2021-02-10;929;792;37457;5449;3.3;0.5
67;2021-02-11;1149;1129;38606;6578;3.4;0.6
67;2021-02-12;1245;783;39851;7361;3.5;0.6
67;2021-02-13;765;280;40616;7641;3.6;0.7
67;2021-02-14;243;94;40859;7735;3.6;0.7
67;2021-02-15;779;839;41638;8574;3.7;0.8
67;2021-02-16;927;1147;42565;9721;3.8;0.9
67;2021-02-17;784;1196;43349;10917;3.8;1.0
67;2021-02-18;1398;2569;44747;13486;4.0;1.2
67;2021-02-19;1371;2112;46118;15598;4.1;1.4
67;2021-02-20;629;906;46747;16504;4.1;1.5
67;2021-02-21;209;1197;46956;17701;4.1;1.6
67;2021-02-22;1403;2168;48359;19869;4.3;1.8
67;2021-02-23;1461;1568;49820;21437;4.4;1.9
67;2021-02-24;1434;1052;51254;22489;4.5;2.0
67;2021-02-25;1615;1471;52869;23960;4.7;2.1
67;2021-02-26;2224;1408;55093;25368;4.9;2.2
67;2021-02-27;1256;784;56349;26152;5.0;2.3
67;2021-02-28;147;364;56496;26516;5.0;2.3
67;2021-03-01;639;1000;57135;27516;5.0;2.4
67;2021-03-02;893;1199;58028;28715;5.1;2.5
67;2021-03-03;1409;1284;59437;29999;5.2;2.6
67;2021-03-04;1961;1055;61398;31054;5.4;2.7
67;2021-03-05;3256;1102;64654;32156;5.7;2.8
67;2021-03-06;2335;775;66989;32931;5.9;2.9
67;2021-03-07;466;281;67455;33212;6.0;2.9
67;2021-03-08;1186;793;68641;34005;6.1;3.0
67;2021-03-09;2220;906;70861;34911;6.3;3.1
67;2021-03-10;2448;1190;73309;36101;6.5;3.2
67;2021-03-11;3205;1355;76514;37456;6.8;3.3
67;2021-03-12;5254;1369;81768;38825;7.2;3.4
67;2021-03-13;3996;883;85764;39708;7.6;3.5
67;2021-03-14;483;388;86247;40096;7.6;3.5
67;2021-03-15;2189;1157;88436;41253;7.8;3.6
67;2021-03-16;1548;1233;89984;42486;7.9;3.8
67;2021-03-17;2067;921;92051;43407;8.1;3.8
67;2021-03-18;2385;728;94436;44135;8.3;3.9
67;2021-03-19;3671;748;98107;44883;8.7;4.0
67;2021-03-20;3062;509;101169;45392;8.9;4.0
67;2021-03-21;332;16;101501;45408;9.0;4.0
67;2021-03-22;2330;778;103831;46186;9.2;4.1
67;2021-03-23;3397;776;107228;46962;9.5;4.1
67;2021-03-24;3906;809;111134;47771;9.8;4.2
67;2021-03-25;5313;537;116447;48308;10.3;4.3
67;2021-03-26;6868;477;123315;48785;10.9;4.3
67;2021-03-27;3925;340;127240;49125;11.2;4.3
67;2021-03-28;579;99;127819;49224;11.3;4.3
67;2021-03-29;3818;426;131637;49650;11.6;4.4
67;2021-03-30;4841;669;136478;50319;12.0;4.4
67;2021-03-31;4842;691;141320;51010;12.5;4.5
67;2021-04-01;5143;929;146463;51939;12.9;4.6
67;2021-04-02;1004;174;147467;52113;13.0;4.6
67;2021-04-03;1689;286;149156;52399;13.2;4.6
67;2021-04-04;326;5;149482;52404;13.2;4.6
67;2021-04-05;371;3;149853;52407;13.2;4.6
67;2021-04-06;3474;1180;153327;53587;13.5;4.7
67;2021-04-07;4533;1278;157860;54865;13.9;4.8
67;2021-04-08;5659;1403;163519;56268;14.4;5.0
67;2021-04-09;7108;1350;170627;57618;15.1;5.1
67;2021-04-10;4331;890;174958;58508;15.4;5.2
67;2021-04-11;855;426;175813;58934;15.5;5.2
67;2021-04-12;3880;1405;179693;60339;15.9;5.3
67;2021-04-13;4892;1577;184585;61916;16.3;5.5
67;2021-04-14;5273;1896;189858;63812;16.8;5.6
67;2021-04-15;6078;2107;195936;65919;17.3;5.8
67;2021-04-16;7833;2421;203769;68340;18.0;6.0
67;2021-04-17;4006;1580;207775;69920;18.3;6.2
67;2021-04-18;1113;646;208888;70566;18.4;6.2
67;2021-04-19;3630;2141;212518;72707;18.8;6.4
67;2021-04-20;4258;1923;216776;74630;19.1;6.6
67;2021-04-21;4068;2511;220844;77141;19.5;6.8
67;2021-04-22;4476;2912;225320;80053;19.9;7.1
67;2021-04-23;5238;2998;230558;83051;20.4;7.3
67;2021-04-24;3100;2021;233658;85072;20.6;7.5
67;2021-04-25;1028;452;234686;85524;20.7;7.6
67;2021-04-26;3192;2616;237878;88140;21.0;7.8
67;2021-04-27;4022;2921;241900;91061;21.4;8.0
67;2021-04-28;4251;3434;246151;94495;21.7;8.3
67;2021-04-29;5125;3513;251276;98008;22.2;8.7
67;2021-04-30;7180;2490;258456;100498;22.8;8.9
67;2021-05-01;2682;783;261138;101281;23.1;8.9
67;2021-05-02;2180;676;263318;101957;23.2;9.0
67;2021-05-03;5561;2615;268879;104572;23.7;9.2
67;2021-05-04;5853;3607;274732;108179;24.3;9.6
67;2021-05-05;5215;4206;279947;112385;24.7;9.9
67;2021-05-06;6713;4925;286660;117310;25.3;10.4
67;2021-05-07;6432;6918;293092;124228;25.9;11.0
67;2021-05-08;3575;1022;296667;125250;26.2;11.1
67;2021-05-09;3372;596;300039;125846;26.5;11.1
67;2021-05-10;4697;4533;304736;130379;26.9;11.5
67;2021-05-11;5648;4930;310384;135309;27.4;11.9
67;2021-05-12;6597;4849;316981;140158;28.0;12.4
67;2021-05-13;7310;1674;324291;141832;28.6;12.5
67;2021-05-14;8880;5364;333171;147196;29.4;13.0
67;2021-05-15;8192;3657;341363;150853;30.1;13.3
67;2021-05-16;6177;977;347540;151830;30.7;13.4
67;2021-05-17;5694;3889;353234;155719;31.2;13.7
67;2021-05-18;6901;3985;360135;159704;31.8;14.1
67;2021-05-19;7375;4172;367510;163876;32.4;14.5
67;2021-05-20;8694;4241;376204;168117;33.2;14.8
67;2021-05-21;8163;5862;384367;173979;33.9;15.4
67;2021-05-22;5936;3430;390303;177409;34.5;15.7
67;2021-05-23;2659;594;392962;178003;34.7;15.7
67;2021-05-24;4417;866;397379;178869;35.1;15.8
67;2021-05-25;5417;4771;402796;183640;35.6;16.2
67;2021-05-26;6060;4881;408856;188521;36.1;16.6
67;2021-05-27;7311;4912;416167;193433;36.7;17.1
67;2021-05-28;7967;6510;424134;199943;37.4;17.7
67;2021-05-29;6652;3879;430786;203822;38.0;18.0
67;2021-05-30;1147;809;431933;204631;38.1;18.1
67;2021-05-31;6403;4060;438336;208691;38.7;18.4
67;2021-06-01;7330;4403;445666;213094;39.3;18.8
67;2021-06-02;8063;4177;453729;217271;40.1;19.2
67;2021-06-03;8839;4868;462568;222139;40.8;19.6
67;2021-06-04;8590;6138;471158;228277;41.6;20.2
67;2021-06-05;6554;3986;477712;232263;42.2;20.5
67;2021-06-06;3477;872;481189;233135;42.5;20.6
67;2021-06-07;7414;4259;488603;237394;43.1;21.0
67;2021-06-08;8630;4923;497233;242317;43.9;21.4
67;2021-06-09;9261;4806;506494;247123;44.7;21.8
67;2021-06-10;9772;5019;516266;252142;45.6;22.3
67;2021-06-11;8072;8335;524338;260477;46.3;23.0
67;2021-06-12;6791;5202;531129;265679;46.9;23.5
67;2021-06-13;3107;1043;534236;266722;47.2;23.5
67;2021-06-14;5510;6458;539746;273180;47.7;24.1
67;2021-06-15;6688;6753;546434;279933;48.2;24.7
67;2021-06-16;6946;6702;553380;286635;48.9;25.3
67;2021-06-17;7274;9053;560654;295688;49.5;26.1
67;2021-06-18;7602;8509;568256;304197;50.2;26.9
67;2021-06-19;6383;5963;574639;310160;50.7;27.4
67;2021-06-20;1452;1412;576091;311572;50.9;27.5
67;2021-06-21;4268;6772;580359;318344;51.2;28.1
67;2021-06-22;4239;9095;584598;327439;51.6;28.9
67;2021-06-23;5287;8189;589885;335628;52.1;29.6
67;2021-06-24;4518;9098;594403;344726;52.5;30.4
67;2021-06-25;5339;9955;599742;354681;53.0;31.3
67;2021-06-26;3464;9106;603206;363787;53.3;32.1
67;2021-06-27;1022;3521;604228;367308;53.3;32.4
67;2021-06-28;2846;8735;607074;376043;53.6;33.2
67;2021-06-29;2896;8607;609970;384650;53.9;34.0
67;2021-06-30;3379;8742;613349;393392;54.2;34.7
67;2021-07-01;3606;8431;616955;401823;54.5;35.5
67;2021-07-02;3731;10933;620686;412756;54.8;36.4
67;2021-07-03;2976;7746;623662;420502;55.1;37.1
67;2021-07-04;763;1870;624425;422372;55.1;37.3
67;2021-07-05;2620;8251;627045;430623;55.4;38.0
67;2021-07-06;3098;8441;630143;439064;55.6;38.8
67;2021-07-07;3918;8738;634061;447802;56.0;39.5
67;2021-07-08;4192;7787;638253;455589;56.4;40.2
67;2021-07-09;3758;11373;642011;466962;56.7;41.2
67;2021-07-10;2859;8204;644870;475166;56.9;42.0
67;2021-07-11;943;1993;645813;477159;57.0;42.1
67;2021-07-12;2467;9722;648280;486881;57.2;43.0
67;2021-07-13;4099;9890;652379;496771;57.6;43.9
67;2021-07-14;3487;4402;655866;501173;57.9;44.2
67;2021-07-15;5125;12226;660991;513399;58.4;45.3
67;2021-07-16;4842;12296;665833;525695;58.8;46.4
67;2021-07-17;3728;8828;669561;534523;59.1;47.2
67;2021-07-18;1461;2549;671022;537072;59.2;47.4
67;2021-07-19;4623;9746;675645;546818;59.7;48.3
67;2021-07-20;5762;9816;681407;556634;60.2;49.1
67;2021-07-21;5854;10648;687261;567282;60.7;50.1
67;2021-07-22;6420;10229;693681;577511;61.2;51.0
67;2021-07-23;7376;11195;701057;588706;61.9;52.0
67;2021-07-24;5418;7577;706475;596283;62.4;52.6
67;2021-07-25;2313;1966;708788;598249;62.6;52.8
67;2021-07-26;4983;7254;713771;605503;63.0;53.5
67;2021-07-27;6557;7313;720328;612816;63.6;54.1
67;2021-07-28;7519;7216;727847;620032;64.3;54.7
67;2021-07-29;8341;6434;736188;626466;65.0;55.3
67;2021-07-30;8580;7307;744768;633773;65.8;56.0
67;2021-07-31;5050;4867;749818;638640;66.2;56.4
67;2021-08-01;2434;1418;752252;640058;66.4;56.5
67;2021-08-02;6291;5080;758543;645138;67.0;57.0
67;2021-08-03;7264;4705;765807;649843;67.6;57.4
67;2021-08-04;6829;4598;772636;654441;68.2;57.8
67;2021-08-05;5690;4212;778326;658653;68.7;58.2
67;2021-08-06;6274;5415;784600;664068;69.3;58.6
67;2021-08-07;4603;4274;789203;668342;69.7;59.0
67;2021-08-08;1277;1433;790480;669775;69.8;59.1
67;2021-08-09;3095;4480;793575;674255;70.1;59.5
67;2021-08-10;3177;4777;796752;679032;70.3;60.0
67;2021-08-11;3400;4674;800152;683706;70.6;60.4
67;2021-08-12;3106;4880;803258;688586;70.9;60.8
67;2021-08-13;3146;5376;806404;693962;71.2;61.3
67;2021-08-14;2184;5066;808588;699028;71.4;61.7
67;2021-08-15;704;1597;809292;700625;71.5;61.9
67;2021-08-16;2062;5223;811354;705848;71.6;62.3
67;2021-08-17;2068;5265;813422;711113;71.8;62.8
67;2021-08-18;2342;6331;815764;717444;72.0;63.3
67;2021-08-19;1865;6141;817629;723585;72.2;63.9
68;2020-12-27;0;0;0;0;0.0;0.0
68;2020-12-28;0;0;0;0;0.0;0.0
68;2020-12-29;0;0;0;0;0.0;0.0
68;2020-12-30;0;0;0;0;0.0;0.0
68;2020-12-31;0;0;0;0;0.0;0.0
68;2021-01-01;0;0;0;0;0.0;0.0
68;2021-01-02;0;0;0;0;0.0;0.0
68;2021-01-03;0;0;0;0;0.0;0.0
68;2021-01-04;1;0;1;0;0.0;0.0
68;2021-01-05;11;0;12;0;0.0;0.0
68;2021-01-06;244;1;256;1;0.0;0.0
68;2021-01-07;75;0;331;1;0.0;0.0
68;2021-01-08;118;1;449;2;0.1;0.0
68;2021-01-09;20;0;469;2;0.1;0.0
68;2021-01-10;1;0;470;2;0.1;0.0
68;2021-01-11;82;0;552;2;0.1;0.0
68;2021-01-12;386;1;938;3;0.1;0.0
68;2021-01-13;703;2;1641;5;0.2;0.0
68;2021-01-14;372;2;2013;7;0.3;0.0
68;2021-01-15;204;1;2217;8;0.3;0.0
68;2021-01-16;1;0;2218;8;0.3;0.0
68;2021-01-17;0;0;2218;8;0.3;0.0
68;2021-01-18;379;5;2597;13;0.3;0.0
68;2021-01-19;559;5;3156;18;0.4;0.0
68;2021-01-20;707;10;3863;28;0.5;0.0
68;2021-01-21;1393;12;5256;40;0.7;0.0
68;2021-01-22;1499;11;6755;51;0.9;0.0
68;2021-01-23;215;3;6970;54;0.9;0.0
68;2021-01-24;697;0;7667;54;1.0;0.0
68;2021-01-25;1390;46;9057;100;1.2;0.0
68;2021-01-26;1553;79;10610;179;1.4;0.0
68;2021-01-27;2767;153;13377;332;1.8;0.0
68;2021-01-28;2353;60;15730;392;2.1;0.1
68;2021-01-29;1509;116;17239;508;2.3;0.1
68;2021-01-30;165;3;17404;511;2.3;0.1
68;2021-01-31;0;0;17404;511;2.3;0.1
68;2021-02-01;737;116;18141;627;2.4;0.1
68;2021-02-02;869;307;19010;934;2.5;0.1
68;2021-02-03;999;624;20009;1558;2.6;0.2
68;2021-02-04;1000;324;21009;1882;2.8;0.2
68;2021-02-05;946;236;21955;2118;2.9;0.3
68;2021-02-06;140;1;22095;2119;2.9;0.3
68;2021-02-07;1;16;22096;2135;2.9;0.3
68;2021-02-08;893;23;22989;2158;3.0;0.3
68;2021-02-09;1359;46;24348;2204;3.2;0.3
68;2021-02-10;1452;62;25800;2266;3.4;0.3
68;2021-02-11;1487;470;27287;2736;3.6;0.4
68;2021-02-12;1549;449;28836;3185;3.8;0.4
68;2021-02-13;132;1;28968;3186;3.8;0.4
68;2021-02-14;57;231;29025;3417;3.8;0.4
68;2021-02-15;662;1089;29687;4506;3.9;0.6
68;2021-02-16;863;1371;30550;5877;4.0;0.8
68;2021-02-17;1285;2141;31835;8018;4.2;1.1
68;2021-02-18;1656;2057;33491;10075;4.4;1.3
68;2021-02-19;986;1368;34477;11443;4.5;1.5
68;2021-02-20;93;125;34570;11568;4.5;1.5
68;2021-02-21;1;40;34571;11608;4.5;1.5
68;2021-02-22;446;797;35017;12405;4.6;1.6
68;2021-02-23;639;1061;35656;13466;4.7;1.8
68;2021-02-24;853;1155;36509;14621;4.8;1.9
68;2021-02-25;1209;1249;37718;15870;4.9;2.1
68;2021-02-26;1200;990;38918;16860;5.1;2.2
68;2021-02-27;547;174;39465;17034;5.2;2.2
68;2021-02-28;12;1;39477;17035;5.2;2.2
68;2021-03-01;940;767;40417;17802;5.3;2.3
68;2021-03-02;1215;928;41632;18730;5.5;2.5
68;2021-03-03;1592;968;43224;19698;5.7;2.6
68;2021-03-04;1990;1043;45214;20741;5.9;2.7
68;2021-03-05;2356;1048;47570;21789;6.2;2.9
68;2021-03-06;2284;246;49854;22035;6.5;2.9
68;2021-03-07;839;107;50693;22142;6.6;2.9
68;2021-03-08;1474;980;52167;23122;6.8;3.0
68;2021-03-09;1696;1333;53863;24455;7.1;3.2
68;2021-03-10;1964;1804;55827;26259;7.3;3.4
68;2021-03-11;2638;1916;58465;28175;7.7;3.7
68;2021-03-12;2629;1423;61094;29598;8.0;3.9
68;2021-03-13;3341;254;64435;29852;8.4;3.9
68;2021-03-14;1542;65;65977;29917;8.6;3.9
68;2021-03-15;1793;625;67770;30542;8.9;4.0
68;2021-03-16;2000;601;69770;31143;9.1;4.1
68;2021-03-17;1956;728;71726;31871;9.4;4.2
68;2021-03-18;2219;951;73945;32822;9.7;4.3
68;2021-03-19;3084;738;77029;33560;10.1;4.4
68;2021-03-20;973;122;78002;33682;10.2;4.4
68;2021-03-21;68;2;78070;33684;10.2;4.4
68;2021-03-22;1965;591;80035;34275;10.5;4.5
68;2021-03-23;2860;616;82895;34891;10.9;4.6
68;2021-03-24;3178;816;86073;35707;11.3;4.7
68;2021-03-25;3502;789;89575;36496;11.7;4.8
68;2021-03-26;3892;723;93467;37219;12.2;4.9
68;2021-03-27;1102;163;94569;37382;12.4;4.9
68;2021-03-28;56;3;94625;37385;12.4;4.9
68;2021-03-29;2264;1375;96889;38760;12.7;5.1
68;2021-03-30;2934;1302;99823;40062;13.1;5.2
68;2021-03-31;2641;1366;102464;41428;13.4;5.4
68;2021-04-01;2748;1549;105212;42977;13.8;5.6
68;2021-04-02;244;88;105456;43065;13.8;5.6
68;2021-04-03;240;124;105696;43189;13.8;5.7
68;2021-04-04;5;0;105701;43189;13.8;5.7
68;2021-04-05;48;3;105749;43192;13.9;5.7
68;2021-04-06;1793;1329;107542;44521;14.1;5.8
68;2021-04-07;2585;1536;110127;46057;14.4;6.0
68;2021-04-08;3233;1501;113360;47558;14.9;6.2
68;2021-04-09;4197;1524;117557;49082;15.4;6.4
68;2021-04-10;1201;1975;118758;51057;15.6;6.7
68;2021-04-11;126;1318;118884;52375;15.6;6.9
68;2021-04-12;2667;1637;121551;54012;15.9;7.1
68;2021-04-13;2760;2109;124311;56121;16.3;7.4
68;2021-04-14;3604;2266;127915;58387;16.8;7.7
68;2021-04-15;4051;2157;131966;60544;17.3;7.9
68;2021-04-16;3942;2077;135908;62621;17.8;8.2
68;2021-04-17;1075;442;136983;63063;17.9;8.3
68;2021-04-18;85;9;137068;63072;18.0;8.3
68;2021-04-19;2359;1837;139427;64909;18.3;8.5
68;2021-04-20;2440;2329;141867;67238;18.6;8.8
68;2021-04-21;2831;2478;144698;69716;19.0;9.1
68;2021-04-22;3287;1975;147985;71691;19.4;9.4
68;2021-04-23;3413;2074;151398;73765;19.8;9.7
68;2021-04-24;842;488;152240;74253;19.9;9.7
68;2021-04-25;214;20;152454;74273;20.0;9.7
68;2021-04-26;2329;2109;154783;76382;20.3;10.0
68;2021-04-27;2600;2218;157383;78600;20.6;10.3
68;2021-04-28;3573;1764;160956;80364;21.1;10.5
68;2021-04-29;4165;1749;165121;82113;21.6;10.8
68;2021-04-30;4833;1368;169954;83481;22.3;10.9
68;2021-05-01;946;121;170900;83602;22.4;11.0
68;2021-05-02;732;70;171632;83672;22.5;11.0
68;2021-05-03;3623;1817;175255;85489;23.0;11.2
68;2021-05-04;3936;2362;179191;87851;23.5;11.5
68;2021-05-05;3632;3242;182823;91093;24.0;11.9
68;2021-05-06;4806;2866;187629;93959;24.6;12.3
68;2021-05-07;4519;2909;192148;96868;25.2;12.7
68;2021-05-08;1671;211;193819;97079;25.4;12.7
68;2021-05-09;1077;107;194896;97186;25.5;12.7
68;2021-05-10;3159;3720;198055;100906;26.0;13.2
68;2021-05-11;4718;3618;202773;104524;26.6;13.7
68;2021-05-12;5785;3295;208558;107819;27.3;14.1
68;2021-05-13;4763;839;213321;108658;28.0;14.2
68;2021-05-14;5962;2135;219283;110793;28.7;14.5
68;2021-05-15;3560;911;222843;111704;29.2;14.6
68;2021-05-16;669;122;223512;111826;29.3;14.7
68;2021-05-17;4448;2497;227960;114323;29.9;15.0
68;2021-05-18;6139;2307;234099;116630;30.7;15.3
68;2021-05-19;5869;2887;239968;119517;31.4;15.7
68;2021-05-20;5930;2419;245898;121936;32.2;16.0
68;2021-05-21;5779;2870;251677;124806;33.0;16.4
68;2021-05-22;2578;925;254255;125731;33.3;16.5
68;2021-05-23;15;17;254270;125748;33.3;16.5
68;2021-05-24;2307;969;256577;126717;33.6;16.6
68;2021-05-25;4346;3439;260923;130156;34.2;17.1
68;2021-05-26;4883;3382;265806;133538;34.8;17.5
68;2021-05-27;5408;3405;271214;136943;35.5;17.9
68;2021-05-28;5619;3733;276833;140676;36.3;18.4
68;2021-05-29;1538;1186;278371;141862;36.5;18.6
68;2021-05-30;41;46;278412;141908;36.5;18.6
68;2021-05-31;5161;2364;283573;144272;37.2;18.9
68;2021-06-01;5989;2802;289562;147074;37.9;19.3
68;2021-06-02;4888;3013;294450;150087;38.6;19.7
68;2021-06-03;5941;3102;300391;153189;39.4;20.1
68;2021-06-04;4896;3306;305287;156495;40.0;20.5
68;2021-06-05;780;1169;306067;157664;40.1;20.7
68;2021-06-06;68;115;306135;157779;40.1;20.7
68;2021-06-07;4757;3036;310892;160815;40.7;21.1
68;2021-06-08;4940;3556;315832;164371;41.4;21.5
68;2021-06-09;4993;3442;320825;167813;42.0;22.0
68;2021-06-10;5202;3148;326027;170961;42.7;22.4
68;2021-06-11;5059;4155;331086;175116;43.4;22.9
68;2021-06-12;3035;1768;334121;176884;43.8;23.2
68;2021-06-13;515;682;334636;177566;43.8;23.3
68;2021-06-14;2517;4392;337153;181958;44.2;23.8
68;2021-06-15;3111;4723;340264;186681;44.6;24.5
68;2021-06-16;3389;4442;343653;191123;45.0;25.0
68;2021-06-17;2360;4460;346013;195583;45.3;25.6
68;2021-06-18;3357;5178;349370;200761;45.8;26.3
68;2021-06-19;2255;2170;351625;202931;46.1;26.6
68;2021-06-20;258;893;351883;203824;46.1;26.7
68;2021-06-21;2062;5154;353945;208978;46.4;27.4
68;2021-06-22;1901;5177;355846;214155;46.6;28.1
68;2021-06-23;2317;5745;358163;219900;46.9;28.8
68;2021-06-24;2155;4897;360318;224797;47.2;29.5
68;2021-06-25;2287;6660;362605;231457;47.5;30.3
68;2021-06-26;1303;2608;363908;234065;47.7;30.7
68;2021-06-27;151;880;364059;234945;47.7;30.8
68;2021-06-28;1601;6444;365660;241389;47.9;31.6
68;2021-06-29;1538;6635;367198;248024;48.1;32.5
68;2021-06-30;1797;6554;368995;254578;48.3;33.4
68;2021-07-01;2102;5352;371097;259930;48.6;34.1
68;2021-07-02;2102;6484;373199;266414;48.9;34.9
68;2021-07-03;988;1936;374187;268350;49.0;35.2
68;2021-07-04;242;201;374429;268551;49.1;35.2
68;2021-07-05;1458;5519;375887;274070;49.3;35.9
68;2021-07-06;2004;5886;377891;279956;49.5;36.7
68;2021-07-07;2456;4974;380347;284930;49.8;37.3
68;2021-07-08;2433;4749;382780;289679;50.2;38.0
68;2021-07-09;2092;7367;384872;297046;50.4;38.9
68;2021-07-10;1022;2003;385894;299049;50.6;39.2
68;2021-07-11;145;155;386039;299204;50.6;39.2
68;2021-07-12;1639;6778;387678;305982;50.8;40.1
68;2021-07-13;2901;6548;390579;312530;51.2;40.9
68;2021-07-14;1842;982;392421;313512;51.4;41.1
68;2021-07-15;3183;6652;395604;320164;51.8;41.9
68;2021-07-16;3812;6761;399416;326925;52.3;42.8
68;2021-07-17;3361;2296;402777;329221;52.8;43.1
68;2021-07-18;1054;231;403831;329452;52.9;43.2
68;2021-07-19;3045;6088;406876;335540;53.3;44.0
68;2021-07-20;4001;5677;410877;341217;53.8;44.7
68;2021-07-21;4336;5824;415213;347041;54.4;45.5
68;2021-07-22;4180;4847;419393;351888;55.0;46.1
68;2021-07-23;5028;5752;424421;357640;55.6;46.9
68;2021-07-24;3342;2128;427763;359768;56.0;47.1
68;2021-07-25;821;532;428584;360300;56.2;47.2
68;2021-07-26;4829;4440;433413;364740;56.8;47.8
68;2021-07-27;6354;3747;439767;368487;57.6;48.3
68;2021-07-28;6839;3877;446606;372364;58.5;48.8
68;2021-07-29;6379;3408;452985;375772;59.4;49.2
68;2021-07-30;6312;4367;459297;380139;60.2;49.8
68;2021-07-31;3903;1425;463200;381564;60.7;50.0
68;2021-08-01;1644;477;464844;382041;60.9;50.1
68;2021-08-02;4584;3132;469428;385173;61.5;50.5
68;2021-08-03;3526;2431;472954;387604;62.0;50.8
68;2021-08-04;3128;2685;476082;390289;62.4;51.1
68;2021-08-05;2731;2632;478813;392921;62.7;51.5
68;2021-08-06;3980;4312;482793;397233;63.3;52.0
68;2021-08-07;1224;1303;484017;398536;63.4;52.2
68;2021-08-08;362;811;484379;399347;63.5;52.3
68;2021-08-09;2562;3680;486941;403027;63.8;52.8
68;2021-08-10;2204;2779;489145;405806;64.1;53.2
68;2021-08-11;1895;2722;491040;408528;64.3;53.5
68;2021-08-12;1738;2660;492778;411188;64.6;53.9
68;2021-08-13;2691;4756;495469;415944;64.9;54.5
68;2021-08-14;705;1436;496174;417380;65.0;54.7
68;2021-08-15;45;446;496219;417826;65.0;54.7
68;2021-08-16;1966;5051;498185;422877;65.3;55.4
68;2021-08-17;1767;4837;499952;427714;65.5;56.0
68;2021-08-18;1166;3681;501118;431395;65.7;56.5
68;2021-08-19;1342;3733;502460;435128;65.8;57.0
69;2020-12-27;3;0;3;0;0.0;0.0
69;2020-12-28;8;0;11;0;0.0;0.0
69;2020-12-29;5;0;16;0;0.0;0.0
69;2020-12-30;6;0;22;0;0.0;0.0
69;2020-12-31;10;0;32;0;0.0;0.0
69;2021-01-01;2;0;34;0;0.0;0.0
69;2021-01-02;1;0;35;0;0.0;0.0
69;2021-01-03;1;0;36;0;0.0;0.0
69;2021-01-04;11;0;47;0;0.0;0.0
69;2021-01-05;215;0;262;0;0.0;0.0
69;2021-01-06;509;0;771;0;0.0;0.0
69;2021-01-07;812;0;1583;0;0.1;0.0
69;2021-01-08;826;0;2409;0;0.1;0.0
69;2021-01-09;37;1;2446;1;0.1;0.0
69;2021-01-10;3;1;2449;2;0.1;0.0
69;2021-01-11;1135;2;3584;4;0.2;0.0
69;2021-01-12;1396;7;4980;11;0.3;0.0
69;2021-01-13;1392;3;6372;14;0.3;0.0
69;2021-01-14;2273;21;8645;35;0.5;0.0
69;2021-01-15;1826;8;10471;43;0.6;0.0
69;2021-01-16;928;4;11399;47;0.6;0.0
69;2021-01-17;260;2;11659;49;0.6;0.0
69;2021-01-18;1694;18;13353;67;0.7;0.0
69;2021-01-19;3511;34;16864;101;0.9;0.0
69;2021-01-20;4453;29;21317;130;1.1;0.0
69;2021-01-21;4070;29;25387;159;1.4;0.0
69;2021-01-22;3163;20;28550;179;1.5;0.0
69;2021-01-23;1284;5;29834;184;1.6;0.0
69;2021-01-24;101;1;29935;185;1.6;0.0
69;2021-01-25;2238;42;32173;227;1.7;0.0
69;2021-01-26;2563;90;34736;317;1.9;0.0
69;2021-01-27;2355;177;37091;494;2.0;0.0
69;2021-01-28;2237;377;39328;871;2.1;0.0
69;2021-01-29;2112;290;41440;1161;2.2;0.1
69;2021-01-30;889;3;42329;1164;2.3;0.1
69;2021-01-31;65;0;42394;1164;2.3;0.1
69;2021-02-01;1112;401;43506;1565;2.3;0.1
69;2021-02-02;1552;413;45058;1978;2.4;0.1
69;2021-02-03;1442;537;46500;2515;2.5;0.1
69;2021-02-04;1794;951;48294;3466;2.6;0.2
69;2021-02-05;820;821;49114;4287;2.6;0.2
69;2021-02-06;369;53;49483;4340;2.6;0.2
69;2021-02-07;0;0;49483;4340;2.6;0.2
69;2021-02-08;1133;1077;50616;5417;2.7;0.3
69;2021-02-09;2049;2112;52665;7529;2.8;0.4
69;2021-02-10;1854;2649;54519;10178;2.9;0.5
69;2021-02-11;1864;3294;56383;13472;3.0;0.7
69;2021-02-12;1900;2108;58283;15580;3.1;0.8
69;2021-02-13;458;800;58741;16380;3.1;0.9
69;2021-02-14;89;40;58830;16420;3.1;0.9
69;2021-02-15;1014;1770;59844;18190;3.2;1.0
69;2021-02-16;984;2445;60828;20635;3.2;1.1
69;2021-02-17;1027;2392;61855;23027;3.3;1.2
69;2021-02-18;967;2310;62822;25337;3.3;1.4
69;2021-02-19;891;1877;63713;27214;3.4;1.5
69;2021-02-20;321;912;64034;28126;3.4;1.5
69;2021-02-21;53;68;64087;28194;3.4;1.5
69;2021-02-22;610;2099;64697;30293;3.4;1.6
69;2021-02-23;740;2228;65437;32521;3.5;1.7
69;2021-02-24;972;2248;66409;34769;3.5;1.9
69;2021-02-25;2215;2683;68624;37452;3.7;2.0
69;2021-02-26;2775;1926;71399;39378;3.8;2.1
69;2021-02-27;924;572;72323;39950;3.9;2.1
69;2021-02-28;148;104;72471;40054;3.9;2.1
69;2021-03-01;2163;909;74634;40963;4.0;2.2
69;2021-03-02;3297;1403;77931;42366;4.2;2.3
69;2021-03-03;3670;1231;81601;43597;4.3;2.3
69;2021-03-04;4879;1291;86480;44888;4.6;2.4
69;2021-03-05;5872;1260;92352;46148;4.9;2.5
69;2021-03-06;3415;420;95767;46568;5.1;2.5
69;2021-03-07;640;42;96407;46610;5.1;2.5
69;2021-03-08;2957;1122;99364;47732;5.3;2.5
69;2021-03-09;4609;1266;103973;48998;5.5;2.6
69;2021-03-10;5067;1055;109040;50053;5.8;2.7
69;2021-03-11;6601;1053;115641;51106;6.2;2.7
69;2021-03-12;8856;1217;124497;52323;6.6;2.8
69;2021-03-13;4928;241;129425;52564;6.9;2.8
69;2021-03-14;2742;147;132167;52711;7.0;2.8
69;2021-03-15;4807;718;136974;53429;7.3;2.8
69;2021-03-16;3818;646;140792;54075;7.5;2.9
69;2021-03-17;3951;892;144743;54967;7.7;2.9
69;2021-03-18;4965;1612;149708;56579;8.0;3.0
69;2021-03-19;6688;1066;156396;57645;8.3;3.1
69;2021-03-20;3591;275;159987;57920;8.5;3.1
69;2021-03-21;1978;96;161965;58016;8.6;3.1
69;2021-03-22;4548;816;166513;58832;8.9;3.1
69;2021-03-23;7364;825;173877;59657;9.3;3.2
69;2021-03-24;6454;1007;180331;60664;9.6;3.2
69;2021-03-25;8586;1120;188917;61784;10.1;3.3
69;2021-03-26;8813;1249;197730;63033;10.5;3.4
69;2021-03-27;3155;796;200885;63829;10.7;3.4
69;2021-03-28;2216;188;203101;64017;10.8;3.4
69;2021-03-29;4098;2194;207199;66211;11.0;3.5
69;2021-03-30;7646;2541;214845;68752;11.5;3.7
69;2021-03-31;6356;3173;221201;71925;11.8;3.8
69;2021-04-01;8455;2745;229656;74670;12.2;4.0
69;2021-04-02;8312;3128;237968;77798;12.7;4.1
69;2021-04-03;5423;2164;243391;79962;13.0;4.3
69;2021-04-04;6611;551;250002;80513;13.3;4.3
69;2021-04-05;6193;818;256195;81331;13.7;4.3
69;2021-04-06;5112;3487;261307;84818;13.9;4.5
69;2021-04-07;5170;3898;266477;88716;14.2;4.7
69;2021-04-08;6425;4060;272902;92776;14.5;4.9
69;2021-04-09;9165;3779;282067;96555;15.0;5.1
69;2021-04-10;3053;2505;285120;99060;15.2;5.3
69;2021-04-11;2039;1901;287159;100961;15.3;5.4
69;2021-04-12;5471;3582;292630;104543;15.6;5.6
69;2021-04-13;7070;4123;299700;108666;16.0;5.8
69;2021-04-14;6716;4155;306416;112821;16.3;6.0
69;2021-04-15;7932;4593;314348;117414;16.8;6.3
69;2021-04-16;7863;4502;322211;121916;17.2;6.5
69;2021-04-17;5039;2319;327250;124235;17.4;6.6
69;2021-04-18;1715;1795;328965;126030;17.5;6.7
69;2021-04-19;7020;3777;335985;129807;17.9;6.9
69;2021-04-20;6485;4752;342470;134559;18.3;7.2
69;2021-04-21;5688;4417;348158;138976;18.6;7.4
69;2021-04-22;6427;5438;354585;144414;18.9;7.7
69;2021-04-23;6733;4899;361318;149313;19.3;8.0
69;2021-04-24;3156;2029;364474;151342;19.4;8.1
69;2021-04-25;2119;1546;366593;152888;19.5;8.1
69;2021-04-26;4498;3882;371091;156770;19.8;8.4
69;2021-04-27;6517;5334;377608;162104;20.1;8.6
69;2021-04-28;6274;4866;383882;166970;20.5;8.9
69;2021-04-29;6701;5395;390583;172365;20.8;9.2
69;2021-04-30;6931;6176;397514;178541;21.2;9.5
69;2021-05-01;3301;643;400815;179184;21.4;9.6
69;2021-05-02;1627;5886;402442;185070;21.5;9.9
69;2021-05-03;5858;8247;408300;193317;21.8;10.3
69;2021-05-04;7608;8169;415908;201486;22.2;10.7
69;2021-05-05;11211;5645;427119;207131;22.8;11.0
69;2021-05-06;12474;6291;439593;213422;23.4;11.4
69;2021-05-07;11686;7167;451279;220589;24.1;11.8
69;2021-05-08;4303;1653;455582;222242;24.3;11.8
69;2021-05-09;6635;2683;462217;224925;24.6;12.0
69;2021-05-10;6936;6067;469153;230992;25.0;12.3
69;2021-05-11;9829;7045;478982;238037;25.5;12.7
69;2021-05-12;12461;6817;491443;244854;26.2;13.1
69;2021-05-13;10841;2559;502284;247413;26.8;13.2
69;2021-05-14;12591;5224;514875;252637;27.4;13.5
69;2021-05-15;9142;2599;524017;255236;27.9;13.6
69;2021-05-16;8408;1877;532425;257113;28.4;13.7
69;2021-05-17;11307;5655;543732;262768;29.0;14.0
69;2021-05-18;13226;6403;556958;269171;29.7;14.3
69;2021-05-19;13699;5897;570657;275068;30.4;14.7
69;2021-05-20;11385;6089;582042;281157;31.0;15.0
69;2021-05-21;11044;6570;593086;287727;31.6;15.3
69;2021-05-22;5579;2576;598665;290303;31.9;15.5
69;2021-05-23;4569;1546;603234;291849;32.2;15.6
69;2021-05-24;8431;1864;611665;293713;32.6;15.7
69;2021-05-25;9746;6177;621411;299890;33.1;16.0
69;2021-05-26;10286;6117;631697;306007;33.7;16.3
69;2021-05-27;10437;6789;642134;312796;34.2;16.7
69;2021-05-28;11620;8748;653754;321544;34.8;17.1
69;2021-05-29;7391;6044;661145;327588;35.2;17.5
69;2021-05-30;7384;3171;668529;330759;35.6;17.6
69;2021-05-31;10963;6382;679492;337141;36.2;18.0
69;2021-06-01;12840;7524;692332;344665;36.9;18.4
69;2021-06-02;14892;6715;707224;351380;37.7;18.7
69;2021-06-03;16642;7434;723866;358814;38.6;19.1
69;2021-06-04;16207;8566;740073;367380;39.4;19.6
69;2021-06-05;10106;3413;750179;370793;40.0;19.8
69;2021-06-06;7490;1715;757669;372508;40.4;19.9
69;2021-06-07;12821;7039;770490;379547;41.1;20.2
69;2021-06-08;16380;8287;786870;387834;41.9;20.7
69;2021-06-09;15220;7367;802090;395201;42.8;21.1
69;2021-06-10;16277;7331;818367;402532;43.6;21.5
69;2021-06-11;16656;9693;835023;412225;44.5;22.0
69;2021-06-12;8538;4188;843561;416413;45.0;22.2
69;2021-06-13;5621;2145;849182;418558;45.3;22.3
69;2021-06-14;8586;9100;857768;427658;45.7;22.8
69;2021-06-15;10943;11027;868711;438685;46.3;23.4
69;2021-06-16;11352;12330;880063;451015;46.9;24.0
69;2021-06-17;11472;13259;891535;464274;47.5;24.7
69;2021-06-18;12078;14782;903613;479056;48.2;25.5
69;2021-06-19;6831;8353;910444;487409;48.5;26.0
69;2021-06-20;5274;4767;915718;492176;48.8;26.2
69;2021-06-21;6557;12125;922275;504301;49.2;26.9
69;2021-06-22;7216;13840;929491;518141;49.5;27.6
69;2021-06-23;8358;13038;937849;531179;50.0;28.3
69;2021-06-24;9300;13741;947149;544920;50.5;29.0
69;2021-06-25;7075;16315;954224;561235;50.9;29.9
69;2021-06-26;3951;9078;958175;570313;51.1;30.4
69;2021-06-27;3290;7421;961465;577734;51.2;30.8
69;2021-06-28;4548;14889;966013;592623;51.5;31.6
69;2021-06-29;5371;15661;971384;608284;51.8;32.4
69;2021-06-30;6394;14458;977778;622742;52.1;33.2
69;2021-07-01;8191;11967;985969;634709;52.6;33.8
69;2021-07-02;9255;14126;995224;648835;53.0;34.6
69;2021-07-03;5993;7773;1001217;656608;53.4;35.0
69;2021-07-04;4152;5552;1005369;662160;53.6;35.3
69;2021-07-05;6166;13023;1011535;675183;53.9;36.0
69;2021-07-06;5550;14284;1017085;689467;54.2;36.8
69;2021-07-07;7291;13565;1024376;703032;54.6;37.5
69;2021-07-08;7512;13415;1031888;716447;55.0;38.2
69;2021-07-09;7471;16472;1039359;732919;55.4;39.1
69;2021-07-10;3115;10320;1042474;743239;55.6;39.6
69;2021-07-11;4330;5833;1046804;749072;55.8;39.9
69;2021-07-12;4019;16973;1050823;766045;56.0;40.8
69;2021-07-13;6181;20738;1057004;786783;56.3;41.9
69;2021-07-14;5019;8496;1062023;795279;56.6;42.4
69;2021-07-15;7406;22600;1069429;817879;57.0;43.6
69;2021-07-16;9647;20138;1079076;838017;57.5;44.7
69;2021-07-17;4871;12238;1083947;850255;57.8;45.3
69;2021-07-18;3407;8904;1087354;859159;58.0;45.8
69;2021-07-19;6540;16475;1093894;875634;58.3;46.7
69;2021-07-20;9077;19312;1102971;894946;58.8;47.7
69;2021-07-21;9285;17415;1112256;912361;59.3;48.6
69;2021-07-22;11359;16447;1123615;928808;59.9;49.5
69;2021-07-23;10945;17680;1134560;946488;60.5;50.5
69;2021-07-24;5544;11041;1140104;957529;60.8;51.0
69;2021-07-25;4692;6632;1144796;964161;61.0;51.4
69;2021-07-26;8560;12950;1153356;977111;61.5;52.1
69;2021-07-27;12782;12167;1166138;989278;62.2;52.7
69;2021-07-28;11981;12136;1178119;1001414;62.8;53.4
69;2021-07-29;14631;12301;1192750;1013715;63.6;54.0
69;2021-07-30;13482;12218;1206232;1025933;64.3;54.7
69;2021-07-31;7998;7223;1214230;1033156;64.7;55.1
69;2021-08-01;4970;5855;1219200;1039011;65.0;55.4
69;2021-08-02;10175;9577;1229375;1048588;65.5;55.9
69;2021-08-03;12691;8965;1242066;1057553;66.2;56.4
69;2021-08-04;12307;8118;1254373;1065671;66.9;56.8
69;2021-08-05;10775;7496;1265148;1073167;67.4;57.2
69;2021-08-06;9498;7765;1274646;1080932;67.9;57.6
69;2021-08-07;4716;4800;1279362;1085732;68.2;57.9
69;2021-08-08;4261;3546;1283623;1089278;68.4;58.1
69;2021-08-09;6867;9187;1290490;1098465;68.8;58.6
69;2021-08-10;7689;7000;1298179;1105465;69.2;58.9
69;2021-08-11;7510;8084;1305689;1113549;69.6;59.4
69;2021-08-12;6950;7306;1312639;1120855;70.0;59.7
69;2021-08-13;6237;8320;1318876;1129175;70.3;60.2
69;2021-08-14;4153;5348;1323029;1134523;70.5;60.5
69;2021-08-15;2337;2512;1325366;1137035;70.6;60.6
69;2021-08-16;4851;8850;1330217;1145885;70.9;61.1
69;2021-08-17;6111;8235;1336328;1154120;71.2;61.5
69;2021-08-18;5915;9419;1342243;1163539;71.5;62.0
69;2021-08-19;5972;9258;1348215;1172797;71.9;62.5
70;2020-12-27;0;0;0;0;0.0;0.0
70;2020-12-28;0;0;0;0;0.0;0.0
70;2020-12-29;0;0;0;0;0.0;0.0
70;2020-12-30;0;0;0;0;0.0;0.0
70;2020-12-31;0;0;0;0;0.0;0.0
70;2021-01-01;0;0;0;0;0.0;0.0
70;2021-01-02;0;0;0;0;0.0;0.0
70;2021-01-03;0;0;0;0;0.0;0.0
70;2021-01-04;0;0;0;0;0.0;0.0
70;2021-01-05;0;0;0;0;0.0;0.0
70;2021-01-06;24;0;24;0;0.0;0.0
70;2021-01-07;121;0;145;0;0.1;0.0
70;2021-01-08;22;0;167;0;0.1;0.0
70;2021-01-09;0;0;167;0;0.1;0.0
70;2021-01-10;0;0;167;0;0.1;0.0
70;2021-01-11;148;1;315;1;0.1;0.0
70;2021-01-12;201;1;516;2;0.2;0.0
70;2021-01-13;172;2;688;4;0.3;0.0
70;2021-01-14;149;6;837;10;0.4;0.0
70;2021-01-15;153;1;990;11;0.4;0.0
70;2021-01-16;65;0;1055;11;0.5;0.0
70;2021-01-17;0;0;1055;11;0.5;0.0
70;2021-01-18;394;0;1449;11;0.6;0.0
70;2021-01-19;503;2;1952;13;0.8;0.0
70;2021-01-20;494;2;2446;15;1.0;0.0
70;2021-01-21;673;2;3119;17;1.3;0.0
70;2021-01-22;458;3;3577;20;1.5;0.0
70;2021-01-23;261;2;3838;22;1.6;0.0
70;2021-01-24;4;0;3842;22;1.6;0.0
70;2021-01-25;371;1;4213;23;1.8;0.0
70;2021-01-26;335;1;4548;24;2.0;0.0
70;2021-01-27;329;10;4877;34;2.1;0.0
70;2021-01-28;365;36;5242;70;2.2;0.0
70;2021-01-29;329;52;5571;122;2.4;0.1
70;2021-01-30;228;1;5799;123;2.5;0.1
70;2021-01-31;0;0;5799;123;2.5;0.1
70;2021-02-01;260;52;6059;175;2.6;0.1
70;2021-02-02;272;98;6331;273;2.7;0.1
70;2021-02-03;251;61;6582;334;2.8;0.1
70;2021-02-04;264;122;6846;456;2.9;0.2
70;2021-02-05;254;75;7100;531;3.0;0.2
70;2021-02-06;209;38;7309;569;3.1;0.2
70;2021-02-07;0;0;7309;569;3.1;0.2
70;2021-02-08;178;234;7487;803;3.2;0.3
70;2021-02-09;205;231;7692;1034;3.3;0.4
70;2021-02-10;196;303;7888;1337;3.4;0.6
70;2021-02-11;351;330;8239;1667;3.5;0.7
70;2021-02-12;239;492;8478;2159;3.6;0.9
70;2021-02-13;75;211;8553;2370;3.7;1.0
70;2021-02-14;0;29;8553;2399;3.7;1.0
70;2021-02-15;70;340;8623;2739;3.7;1.2
70;2021-02-16;113;362;8736;3101;3.7;1.3
70;2021-02-17;167;305;8903;3406;3.8;1.5
70;2021-02-18;205;258;9108;3664;3.9;1.6
70;2021-02-19;197;206;9305;3870;4.0;1.7
70;2021-02-20;192;69;9497;3939;4.1;1.7
70;2021-02-21;1;0;9498;3939;4.1;1.7
70;2021-02-22;106;237;9604;4176;4.1;1.8
70;2021-02-23;125;261;9729;4437;4.2;1.9
70;2021-02-24;130;233;9859;4670;4.2;2.0
70;2021-02-25;315;257;10174;4927;4.4;2.1
70;2021-02-26;395;149;10569;5076;4.5;2.2
70;2021-02-27;147;202;10716;5278;4.6;2.3
70;2021-02-28;0;0;10716;5278;4.6;2.3
70;2021-03-01;249;242;10965;5520;4.7;2.4
70;2021-03-02;487;276;11452;5796;4.9;2.5
70;2021-03-03;467;260;11919;6056;5.1;2.6
70;2021-03-04;691;272;12610;6328;5.4;2.7
70;2021-03-05;766;258;13376;6586;5.7;2.8
70;2021-03-06;540;116;13916;6702;6.0;2.9
70;2021-03-07;216;23;14132;6725;6.1;2.9
70;2021-03-08;554;211;14686;6936;6.3;3.0
70;2021-03-09;866;175;15552;7111;6.7;3.0
70;2021-03-10;659;177;16211;7288;7.0;3.1
70;2021-03-11;698;255;16909;7543;7.3;3.2
70;2021-03-12;985;178;17894;7721;7.7;3.3
70;2021-03-13;582;120;18476;7841;7.9;3.4
70;2021-03-14;19;0;18495;7841;7.9;3.4
70;2021-03-15;774;109;19269;7950;8.3;3.4
70;2021-03-16;655;96;19924;8046;8.5;3.5
70;2021-03-17;595;181;20519;8227;8.8;3.5
70;2021-03-18;633;141;21152;8368;9.1;3.6
70;2021-03-19;1018;142;22170;8510;9.5;3.6
70;2021-03-20;641;186;22811;8696;9.8;3.7
70;2021-03-21;9;0;22820;8696;9.8;3.7
70;2021-03-22;757;98;23577;8794;10.1;3.8
70;2021-03-23;1309;159;24886;8953;10.7;3.8
70;2021-03-24;1270;106;26156;9059;11.2;3.9
70;2021-03-25;1245;198;27401;9257;11.8;4.0
70;2021-03-26;1487;296;28888;9553;12.4;4.1
70;2021-03-27;957;129;29845;9682;12.8;4.2
70;2021-03-28;0;10;29845;9692;12.8;4.2
70;2021-03-29;719;413;30564;10105;13.1;4.3
70;2021-03-30;1093;317;31657;10422;13.6;4.5
70;2021-03-31;878;317;32535;10739;14.0;4.6
70;2021-04-01;1154;426;33689;11165;14.4;4.8
70;2021-04-02;1310;345;34999;11510;15.0;4.9
70;2021-04-03;639;322;35638;11832;15.3;5.1
70;2021-04-04;10;0;35648;11832;15.3;5.1
70;2021-04-05;4;2;35652;11834;15.3;5.1
70;2021-04-06;831;555;36483;12389;15.6;5.3
70;2021-04-07;858;588;37341;12977;16.0;5.6
70;2021-04-08;1320;562;38661;13539;16.6;5.8
70;2021-04-09;1403;533;40064;14072;17.2;6.0
70;2021-04-10;859;348;40923;14420;17.5;6.2
70;2021-04-11;21;1;40944;14421;17.6;6.2
70;2021-04-12;695;660;41639;15081;17.9;6.5
70;2021-04-13;920;770;42559;15851;18.3;6.8
70;2021-04-14;815;576;43374;16427;18.6;7.0
70;2021-04-15;1079;606;44453;17033;19.1;7.3
70;2021-04-16;1244;554;45697;17587;19.6;7.5
70;2021-04-17;689;470;46386;18057;19.9;7.7
70;2021-04-18;59;4;46445;18061;19.9;7.7
70;2021-04-19;540;807;46985;18868;20.1;8.1
70;2021-04-20;664;855;47649;19723;20.4;8.5
70;2021-04-21;484;929;48133;20652;20.6;8.9
70;2021-04-22;776;800;48909;21452;21.0;9.2
70;2021-04-23;875;743;49784;22195;21.3;9.5
70;2021-04-24;432;642;50216;22837;21.5;9.8
70;2021-04-25;11;0;50227;22837;21.5;9.8
70;2021-04-26;925;603;51152;23440;21.9;10.1
70;2021-04-27;1209;752;52361;24192;22.5;10.4
70;2021-04-28;889;811;53250;25003;22.8;10.7
70;2021-04-29;1343;931;54593;25934;23.4;11.1
70;2021-04-30;1533;876;56126;26810;24.1;11.5
70;2021-05-01;1694;120;57820;26930;24.8;11.5
70;2021-05-02;2;0;57822;26930;24.8;11.5
70;2021-05-03;1191;578;59013;27508;25.3;11.8
70;2021-05-04;1354;753;60367;28261;25.9;12.1
70;2021-05-05;1190;874;61557;29135;26.4;12.5
70;2021-05-06;1846;1266;63403;30401;27.2;13.0
70;2021-05-07;2127;1242;65530;31643;28.1;13.6
70;2021-05-08;1341;190;66871;31833;28.7;13.7
70;2021-05-09;8;58;66879;31891;28.7;13.7
70;2021-05-10;960;946;67839;32837;29.1;14.1
70;2021-05-11;1239;1071;69078;33908;29.6;14.5
70;2021-05-12;1176;867;70254;34775;30.1;14.9
70;2021-05-13;1544;148;71798;34923;30.8;15.0
70;2021-05-14;2062;758;73860;35681;31.7;15.3
70;2021-05-15;2657;531;76517;36212;32.8;15.5
70;2021-05-16;999;72;77516;36284;33.2;15.6
70;2021-05-17;1238;385;78754;36669;33.8;15.7
70;2021-05-18;1296;591;80050;37260;34.3;16.0
70;2021-05-19;1476;479;81526;37739;35.0;16.2
70;2021-05-20;1780;633;83306;38372;35.7;16.5
70;2021-05-21;1693;822;84999;39194;36.4;16.8
70;2021-05-22;1221;665;86220;39859;37.0;17.1
70;2021-05-23;8;14;86228;39873;37.0;17.1
70;2021-05-24;227;26;86455;39899;37.1;17.1
70;2021-05-25;836;927;87291;40826;37.4;17.5
70;2021-05-26;1048;947;88339;41773;37.9;17.9
70;2021-05-27;1263;998;89602;42771;38.4;18.3
70;2021-05-28;1546;1161;91148;43932;39.1;18.8
70;2021-05-29;1371;587;92519;44519;39.7;19.1
70;2021-05-30;1;8;92520;44527;39.7;19.1
70;2021-05-31;969;678;93489;45205;40.1;19.4
70;2021-06-01;1213;849;94702;46054;40.6;19.7
70;2021-06-02;1265;680;95967;46734;41.2;20.0
70;2021-06-03;1430;839;97397;47573;41.8;20.4
70;2021-06-04;1335;1109;98732;48682;42.3;20.9
70;2021-06-05;1024;664;99756;49346;42.8;21.2
70;2021-06-06;599;79;100355;49425;43.0;21.2
70;2021-06-07;940;850;101295;50275;43.4;21.6
70;2021-06-08;1217;1185;102512;51460;44.0;22.1
70;2021-06-09;1156;987;103668;52447;44.5;22.5
70;2021-06-10;1567;830;105235;53277;45.1;22.8
70;2021-06-11;1586;1956;106821;55233;45.8;23.7
70;2021-06-12;829;1971;107650;57204;46.2;24.5
70;2021-06-13;142;14;107792;57218;46.2;24.5
70;2021-06-14;558;1245;108350;58463;46.5;25.1
70;2021-06-15;451;1507;108801;59970;46.7;25.7
70;2021-06-16;800;1394;109601;61364;47.0;26.3
70;2021-06-17;1150;2095;110751;63459;47.5;27.2
70;2021-06-18;997;2255;111748;65714;47.9;28.2
70;2021-06-19;1091;1639;112839;67353;48.4;28.9
70;2021-06-20;1;3;112840;67356;48.4;28.9
70;2021-06-21;692;1453;113532;68809;48.7;29.5
70;2021-06-22;654;1510;114186;70319;49.0;30.2
70;2021-06-23;662;1570;114848;71889;49.2;30.8
70;2021-06-24;877;2050;115725;73939;49.6;31.7
70;2021-06-25;682;2646;116407;76585;49.9;32.8
70;2021-06-26;943;2136;117350;78721;50.3;33.8
70;2021-06-27;141;761;117491;79482;50.4;34.1
70;2021-06-28;336;1349;117827;80831;50.5;34.7
70;2021-06-29;411;1610;118238;82441;50.7;35.4
70;2021-06-30;390;1635;118628;84076;50.9;36.1
70;2021-07-01;640;1751;119268;85827;51.1;36.8
70;2021-07-02;815;1577;120083;87404;51.5;37.5
70;2021-07-03;841;1081;120924;88485;51.9;37.9
70;2021-07-04;29;70;120953;88555;51.9;38.0
70;2021-07-05;611;1037;121564;89592;52.1;38.4
70;2021-07-06;681;1275;122245;90867;52.4;39.0
70;2021-07-07;508;1424;122753;92291;52.6;39.6
70;2021-07-08;815;1572;123568;93863;53.0;40.3
70;2021-07-09;872;1662;124440;95525;53.4;41.0
70;2021-07-10;831;1031;125271;96556;53.7;41.4
70;2021-07-11;7;20;125278;96576;53.7;41.4
70;2021-07-12;430;1394;125708;97970;53.9;42.0
70;2021-07-13;906;1867;126614;99837;54.3;42.8
70;2021-07-14;33;6;126647;99843;54.3;42.8
70;2021-07-15;1380;1693;128027;101536;54.9;43.5
70;2021-07-16;1627;2065;129654;103601;55.6;44.4
70;2021-07-17;1501;1451;131155;105052;56.2;45.0
70;2021-07-18;1144;639;132299;105691;56.7;45.3
70;2021-07-19;883;971;133182;106662;57.1;45.7
70;2021-07-20;1350;1353;134532;108015;57.7;46.3
70;2021-07-21;1285;1403;135817;109418;58.2;46.9
70;2021-07-22;1864;1824;137681;111242;59.0;47.7
70;2021-07-23;1827;2496;139508;113738;59.8;48.8
70;2021-07-24;1363;1806;140871;115544;60.4;49.5
70;2021-07-25;25;3;140896;115547;60.4;49.5
70;2021-07-26;1053;974;141949;116521;60.9;50.0
70;2021-07-27;1399;976;143348;117497;61.5;50.4
70;2021-07-28;1398;1163;144746;118660;62.1;50.9
70;2021-07-29;1872;1382;146618;120042;62.9;51.5
70;2021-07-30;1966;1345;148584;121387;63.7;52.1
70;2021-07-31;1745;1163;150329;122550;64.5;52.6
70;2021-08-01;1;4;150330;122554;64.5;52.6
70;2021-08-02;773;735;151103;123289;64.8;52.9
70;2021-08-03;1290;1038;152393;124327;65.4;53.3
70;2021-08-04;1209;918;153602;125245;65.9;53.7
70;2021-08-05;1657;1190;155259;126435;66.6;54.2
70;2021-08-06;1794;1332;157053;127767;67.3;54.8
70;2021-08-07;1189;1028;158242;128795;67.9;55.2
70;2021-08-08;35;28;158277;128823;67.9;55.2
70;2021-08-09;527;702;158804;129525;68.1;55.5
70;2021-08-10;896;1132;159700;130657;68.5;56.0
70;2021-08-11;806;723;160506;131380;68.8;56.3
70;2021-08-12;901;1273;161407;132653;69.2;56.9
70;2021-08-13;1032;1621;162439;134274;69.7;57.6
70;2021-08-14;770;968;163209;135242;70.0;58.0
70;2021-08-15;36;28;163245;135270;70.0;58.0
70;2021-08-16;544;905;163789;136175;70.2;58.4
70;2021-08-17;673;1191;164462;137366;70.5;58.9
70;2021-08-18;535;937;164997;138303;70.8;59.3
70;2021-08-19;559;1381;165556;139684;71.0;59.9
71;2020-12-27;0;0;0;0;0.0;0.0
71;2020-12-28;0;0;0;0;0.0;0.0
71;2020-12-29;0;0;0;0;0.0;0.0
71;2020-12-30;0;0;0;0;0.0;0.0
71;2020-12-31;0;0;0;0;0.0;0.0
71;2021-01-01;1;0;1;0;0.0;0.0
71;2021-01-02;0;0;1;0;0.0;0.0
71;2021-01-03;1;0;2;0;0.0;0.0
71;2021-01-04;1;0;3;0;0.0;0.0
71;2021-01-05;12;0;15;0;0.0;0.0
71;2021-01-06;72;0;87;0;0.0;0.0
71;2021-01-07;66;0;153;0;0.0;0.0
71;2021-01-08;146;0;299;0;0.1;0.0
71;2021-01-09;117;0;416;0;0.1;0.0
71;2021-01-10;1;0;417;0;0.1;0.0
71;2021-01-11;245;1;662;1;0.1;0.0
71;2021-01-12;846;1;1508;2;0.3;0.0
71;2021-01-13;562;2;2070;4;0.4;0.0
71;2021-01-14;581;9;2651;13;0.5;0.0
71;2021-01-15;666;2;3317;15;0.6;0.0
71;2021-01-16;9;0;3326;15;0.6;0.0
71;2021-01-17;0;0;3326;15;0.6;0.0
71;2021-01-18;1094;8;4420;23;0.8;0.0
71;2021-01-19;1692;6;6112;29;1.1;0.0
71;2021-01-20;1514;5;7626;34;1.4;0.0
71;2021-01-21;2057;17;9683;51;1.8;0.0
71;2021-01-22;1411;6;11094;57;2.0;0.0
71;2021-01-23;815;6;11909;63;2.2;0.0
71;2021-01-24;0;0;11909;63;2.2;0.0
71;2021-01-25;1064;6;12973;69;2.4;0.0
71;2021-01-26;1505;19;14478;88;2.6;0.0
71;2021-01-27;1248;33;15726;121;2.9;0.0
71;2021-01-28;1082;97;16808;218;3.1;0.0
71;2021-01-29;1014;143;17822;361;3.3;0.1
71;2021-01-30;605;2;18427;363;3.4;0.1
71;2021-01-31;1;15;18428;378;3.4;0.1
71;2021-02-01;751;238;19179;616;3.5;0.1
71;2021-02-02;753;357;19932;973;3.6;0.2
71;2021-02-03;818;424;20750;1397;3.8;0.3
71;2021-02-04;780;572;21530;1969;3.9;0.4
71;2021-02-05;705;524;22235;2493;4.1;0.5
71;2021-02-06;535;9;22770;2502;4.2;0.5
71;2021-02-07;3;50;22773;2552;4.2;0.5
71;2021-02-08;603;699;23376;3251;4.3;0.6
71;2021-02-09;370;1013;23746;4264;4.3;0.8
71;2021-02-10;412;991;24158;5255;4.4;1.0
71;2021-02-11;472;1180;24630;6435;4.5;1.2
71;2021-02-12;535;1037;25165;7472;4.6;1.4
71;2021-02-13;124;511;25289;7983;4.6;1.5
71;2021-02-14;1;7;25290;7990;4.6;1.5
71;2021-02-15;323;914;25613;8904;4.7;1.6
71;2021-02-16;442;1363;26055;10267;4.8;1.9
71;2021-02-17;426;1125;26481;11392;4.8;2.1
71;2021-02-18;548;935;27029;12327;4.9;2.3
71;2021-02-19;574;850;27603;13177;5.0;2.4
71;2021-02-20;224;381;27827;13558;5.1;2.5
71;2021-02-21;4;13;27831;13571;5.1;2.5
71;2021-02-22;237;874;28068;14445;5.1;2.6
71;2021-02-23;452;926;28520;15371;5.2;2.8
71;2021-02-24;444;724;28964;16095;5.3;2.9
71;2021-02-25;533;729;29497;16824;5.4;3.1
71;2021-02-26;830;532;30327;17356;5.5;3.2
71;2021-02-27;456;339;30783;17695;5.6;3.2
71;2021-02-28;54;14;30837;17709;5.6;3.2
71;2021-03-01;1188;680;32025;18389;5.8;3.4
71;2021-03-02;1574;645;33599;19034;6.1;3.5
71;2021-03-03;1819;772;35418;19806;6.5;3.6
71;2021-03-04;2003;822;37421;20628;6.8;3.8
71;2021-03-05;2288;693;39709;21321;7.2;3.9
71;2021-03-06;755;65;40464;21386;7.4;3.9
71;2021-03-07;40;21;40504;21407;7.4;3.9
71;2021-03-08;1452;784;41956;22191;7.7;4.1
71;2021-03-09;2160;530;44116;22721;8.1;4.1
71;2021-03-10;2172;471;46288;23192;8.4;4.2
71;2021-03-11;2630;666;48918;23858;8.9;4.4
71;2021-03-12;2606;624;51524;24482;9.4;4.5
71;2021-03-13;996;101;52520;24583;9.6;4.5
71;2021-03-14;35;0;52555;24583;9.6;4.5
71;2021-03-15;1798;498;54353;25081;9.9;4.6
71;2021-03-16;1821;199;56174;25280;10.3;4.6
71;2021-03-17;2133;250;58307;25530;10.6;4.7
71;2021-03-18;1953;437;60260;25967;11.0;4.7
71;2021-03-19;2370;331;62630;26298;11.4;4.8
71;2021-03-20;1084;39;63714;26337;11.6;4.8
71;2021-03-21;17;5;63731;26342;11.6;4.8
71;2021-03-22;2576;380;66307;26722;12.1;4.9
71;2021-03-23;3347;508;69654;27230;12.7;5.0
71;2021-03-24;3348;460;73002;27690;13.3;5.1
71;2021-03-25;4027;587;77029;28277;14.1;5.2
71;2021-03-26;4056;339;81085;28616;14.8;5.2
71;2021-03-27;998;107;82083;28723;15.0;5.2
71;2021-03-28;57;8;82140;28731;15.0;5.2
71;2021-03-29;2408;1175;84548;29906;15.4;5.5
71;2021-03-30;2952;1361;87500;31267;16.0;5.7
71;2021-03-31;2550;1525;90050;32792;16.4;6.0
71;2021-04-01;2717;1301;92767;34093;16.9;6.2
71;2021-04-02;2504;1422;95271;35515;17.4;6.5
71;2021-04-03;268;34;95539;35549;17.4;6.5
71;2021-04-04;6;0;95545;35549;17.4;6.5
71;2021-04-05;61;0;95606;35549;17.5;6.5
71;2021-04-06;2259;1878;97865;37427;17.9;6.8
71;2021-04-07;2391;1793;100256;39220;18.3;7.2
71;2021-04-08;3283;1808;103539;41028;18.9;7.5
71;2021-04-09;4039;1672;107578;42700;19.6;7.8
71;2021-04-10;769;46;108347;42746;19.8;7.8
71;2021-04-11;100;3;108447;42749;19.8;7.8
71;2021-04-12;2355;1702;110802;44451;20.2;8.1
71;2021-04-13;2582;1893;113384;46344;20.7;8.5
71;2021-04-14;2373;1921;115757;48265;21.1;8.8
71;2021-04-15;2777;1690;118534;49955;21.6;9.1
71;2021-04-16;2628;1648;121162;51603;22.1;9.4
71;2021-04-17;952;344;122114;51947;22.3;9.5
71;2021-04-18;106;5;122220;51952;22.3;9.5
71;2021-04-19;1759;2575;123979;54527;22.6;10.0
71;2021-04-20;2219;2601;126198;57128;23.0;10.4
71;2021-04-21;2125;2594;128323;59722;23.4;10.9
71;2021-04-22;2511;2445;130834;62167;23.9;11.3
71;2021-04-23;2921;2270;133755;64437;24.4;11.8
71;2021-04-24;518;52;134273;64489;24.5;11.8
71;2021-04-25;26;0;134299;64489;24.5;11.8
71;2021-04-26;2567;2135;136866;66624;25.0;12.2
71;2021-04-27;2989;2266;139855;68890;25.5;12.6
71;2021-04-28;3075;2131;142930;71021;26.1;13.0
71;2021-04-29;3779;2235;146709;73256;26.8;13.4
71;2021-04-30;3928;1728;150637;74984;27.5;13.7
71;2021-05-01;39;53;150676;75037;27.5;13.7
71;2021-05-02;23;18;150699;75055;27.5;13.7
71;2021-05-03;4289;1386;154988;76441;28.3;14.0
71;2021-05-04;2956;2356;157944;78797;28.8;14.4
71;2021-05-05;3426;2096;161370;80893;29.5;14.8
71;2021-05-06;3466;2369;164836;83262;30.1;15.2
71;2021-05-07;3675;2812;168511;86074;30.8;15.7
71;2021-05-08;180;183;168691;86257;30.8;15.7
71;2021-05-09;44;47;168735;86304;30.8;15.8
71;2021-05-10;3700;2285;172435;88589;31.5;16.2
71;2021-05-11;4663;2360;177098;90949;32.3;16.6
71;2021-05-12;3976;2600;181074;93549;33.1;17.1
71;2021-05-13;1576;154;182650;93703;33.3;17.1
71;2021-05-14;3765;2194;186415;95897;34.0;17.5
71;2021-05-15;242;329;186657;96226;34.1;17.6
71;2021-05-16;2;0;186659;96226;34.1;17.6
71;2021-05-17;3864;1886;190523;98112;34.8;17.9
71;2021-05-18;3496;2429;194019;100541;35.4;18.4
71;2021-05-19;3719;2281;197738;102822;36.1;18.8
71;2021-05-20;4181;2300;201919;105122;36.9;19.2
71;2021-05-21;3723;2576;205642;107698;37.5;19.7
71;2021-05-22;168;306;205810;108004;37.6;19.7
71;2021-05-23;14;55;205824;108059;37.6;19.7
71;2021-05-24;18;96;205842;108155;37.6;19.7
71;2021-05-25;2690;3008;208532;111163;38.1;20.3
71;2021-05-26;2973;2432;211505;113595;38.6;20.7
71;2021-05-27;3387;2589;214892;116184;39.2;21.2
71;2021-05-28;2919;3162;217811;119346;39.8;21.8
71;2021-05-29;482;660;218293;120006;39.8;21.9
71;2021-05-30;75;57;218368;120063;39.9;21.9
71;2021-05-31;2776;3458;221144;123521;40.4;22.5
71;2021-06-01;3674;3542;224818;127063;41.0;23.2
71;2021-06-02;3996;2624;228814;129687;41.8;23.7
71;2021-06-03;4436;2530;233250;132217;42.6;24.1
71;2021-06-04;3717;3714;236967;135931;43.3;24.8
71;2021-06-05;683;645;237650;136576;43.4;24.9
71;2021-06-06;57;91;237707;136667;43.4;24.9
71;2021-06-07;3283;4150;240990;140817;44.0;25.7
71;2021-06-08;3897;4015;244887;144832;44.7;26.4
71;2021-06-09;4694;2751;249581;147583;45.6;26.9
71;2021-06-10;5269;2745;254850;150328;46.5;27.4
71;2021-06-11;4435;3723;259285;154051;47.3;28.1
71;2021-06-12;716;594;260001;154645;47.5;28.2
71;2021-06-13;104;187;260105;154832;47.5;28.3
71;2021-06-14;3512;3783;263617;158615;48.1;29.0
71;2021-06-15;4207;3560;267824;162175;48.9;29.6
71;2021-06-16;4596;2726;272420;164901;49.7;30.1
71;2021-06-17;4268;2997;276688;167898;50.5;30.6
71;2021-06-18;4324;3772;281012;171670;51.3;31.3
71;2021-06-19;1269;654;282281;172324;51.5;31.5
71;2021-06-20;37;27;282318;172351;51.5;31.5
71;2021-06-21;2270;4282;284588;176633;51.9;32.2
71;2021-06-22;2685;4354;287273;180987;52.4;33.0
71;2021-06-23;3061;3419;290334;184406;53.0;33.7
71;2021-06-24;3328;3022;293662;187428;53.6;34.2
71;2021-06-25;2653;4473;296315;191901;54.1;35.0
71;2021-06-26;372;551;296687;192452;54.2;35.1
71;2021-06-27;30;68;296717;192520;54.2;35.1
71;2021-06-28;1535;4621;298252;197141;54.4;36.0
71;2021-06-29;1991;4824;300243;201965;54.8;36.9
71;2021-06-30;2503;3936;302746;205901;55.3;37.6
71;2021-07-01;2798;3905;305544;209806;55.8;38.3
71;2021-07-02;2983;3984;308527;213790;56.3;39.0
71;2021-07-03;318;711;308845;214501;56.4;39.2
71;2021-07-04;28;133;308873;214634;56.4;39.2
71;2021-07-05;2476;4320;311349;218954;56.8;40.0
71;2021-07-06;2461;4566;313810;223520;57.3;40.8
71;2021-07-07;2984;3724;316794;227244;57.8;41.5
71;2021-07-08;2767;4113;319561;231357;58.3;42.2
71;2021-07-09;2381;5025;321942;236382;58.8;43.1
71;2021-07-10;208;655;322150;237037;58.8;43.3
71;2021-07-11;15;65;322165;237102;58.8;43.3
71;2021-07-12;1910;5310;324075;242412;59.2;44.2
71;2021-07-13;2540;5866;326615;248278;59.6;45.3
71;2021-07-14;948;400;327563;248678;59.8;45.4
71;2021-07-15;3019;5737;330582;254415;60.3;46.4
71;2021-07-16;3296;6014;333878;260429;60.9;47.5
71;2021-07-17;504;782;334382;261211;61.0;47.7
71;2021-07-18;89;93;334471;261304;61.1;47.7
71;2021-07-19;2863;5569;337334;266873;61.6;48.7
71;2021-07-20;3361;5921;340695;272794;62.2;49.8
71;2021-07-21;3410;5470;344105;278264;62.8;50.8
71;2021-07-22;3942;5340;348047;283604;63.5;51.8
71;2021-07-23;3232;5999;351279;289603;64.1;52.9
71;2021-07-24;704;598;351983;290201;64.3;53.0
71;2021-07-25;147;80;352130;290281;64.3;53.0
71;2021-07-26;3587;4903;355717;295184;64.9;53.9
71;2021-07-27;4075;5123;359792;300307;65.7;54.8
71;2021-07-28;4222;4822;364014;305129;66.4;55.7
71;2021-07-29;4198;4640;368212;309769;67.2;56.5
71;2021-07-30;4223;4919;372435;314688;68.0;57.4
71;2021-07-31;718;728;373153;315416;68.1;57.6
71;2021-08-01;104;35;373257;315451;68.1;57.6
71;2021-08-02;3944;3758;377201;319209;68.9;58.3
71;2021-08-03;4378;3823;381579;323032;69.7;59.0
71;2021-08-04;4371;2980;385950;326012;70.5;59.5
71;2021-08-05;4150;3255;390100;329267;71.2;60.1
71;2021-08-06;3669;4011;393769;333278;71.9;60.8
71;2021-08-07;492;329;394261;333607;72.0;60.9
71;2021-08-08;46;65;394307;333672;72.0;60.9
71;2021-08-09;3031;3423;397338;337095;72.5;61.5
71;2021-08-10;3056;3389;400394;340484;73.1;62.2
71;2021-08-11;3171;3073;403565;343557;73.7;62.7
71;2021-08-12;2985;3098;406550;346655;74.2;63.3
71;2021-08-13;2631;3324;409181;349979;74.7;63.9
71;2021-08-14;278;521;409459;350500;74.7;64.0
71;2021-08-15;49;109;409508;350609;74.8;64.0
71;2021-08-16;1701;3528;411209;354137;75.1;64.6
71;2021-08-17;1724;3428;412933;357565;75.4;65.3
71;2021-08-18;1433;3157;414366;360722;75.6;65.8
71;2021-08-19;1254;3107;415620;363829;75.9;66.4
72;2020-12-27;0;0;0;0;0.0;0.0
72;2020-12-28;0;0;0;0;0.0;0.0
72;2020-12-29;0;0;0;0;0.0;0.0
72;2020-12-30;0;0;0;0;0.0;0.0
72;2020-12-31;0;0;0;0;0.0;0.0
72;2021-01-01;2;0;2;0;0.0;0.0
72;2021-01-02;0;0;2;0;0.0;0.0
72;2021-01-03;0;0;2;0;0.0;0.0
72;2021-01-04;0;0;2;0;0.0;0.0
72;2021-01-05;14;0;16;0;0.0;0.0
72;2021-01-06;27;0;43;0;0.0;0.0
72;2021-01-07;110;0;153;0;0.0;0.0
72;2021-01-08;232;0;385;0;0.1;0.0
72;2021-01-09;36;0;421;0;0.1;0.0
72;2021-01-10;0;0;421;0;0.1;0.0
72;2021-01-11;484;1;905;1;0.2;0.0
72;2021-01-12;615;1;1520;2;0.3;0.0
72;2021-01-13;500;1;2020;3;0.4;0.0
72;2021-01-14;644;3;2664;6;0.5;0.0
72;2021-01-15;478;1;3142;7;0.6;0.0
72;2021-01-16;93;0;3235;7;0.6;0.0
72;2021-01-17;0;0;3235;7;0.6;0.0
72;2021-01-18;292;0;3527;7;0.6;0.0
72;2021-01-19;776;3;4303;10;0.8;0.0
72;2021-01-20;1534;6;5837;16;1.0;0.0
72;2021-01-21;1746;5;7583;21;1.4;0.0
72;2021-01-22;1149;6;8732;27;1.6;0.0
72;2021-01-23;32;0;8764;27;1.6;0.0
72;2021-01-24;0;0;8764;27;1.6;0.0
72;2021-01-25;502;7;9266;34;1.7;0.0
72;2021-01-26;1165;21;10431;55;1.9;0.0
72;2021-01-27;882;19;11313;74;2.0;0.0
72;2021-01-28;776;68;12089;142;2.2;0.0
72;2021-01-29;712;69;12801;211;2.3;0.0
72;2021-01-30;58;0;12859;211;2.3;0.0
72;2021-01-31;1;0;12860;211;2.3;0.0
72;2021-02-01;499;229;13359;440;2.4;0.1
72;2021-02-02;507;295;13866;735;2.5;0.1
72;2021-02-03;487;229;14353;964;2.6;0.2
72;2021-02-04;476;341;14829;1305;2.6;0.2
72;2021-02-05;513;407;15342;1712;2.7;0.3
72;2021-02-06;83;14;15425;1726;2.8;0.3
72;2021-02-07;19;3;15444;1729;2.8;0.3
72;2021-02-08;310;405;15754;2134;2.8;0.4
72;2021-02-09;489;531;16243;2665;2.9;0.5
72;2021-02-10;557;929;16800;3594;3.0;0.6
72;2021-02-11;851;1347;17651;4941;3.2;0.9
72;2021-02-12;851;595;18502;5536;3.3;1.0
72;2021-02-13;108;38;18610;5574;3.3;1.0
72;2021-02-14;1;22;18611;5596;3.3;1.0
72;2021-02-15;220;503;18831;6099;3.4;1.1
72;2021-02-16;499;1028;19330;7127;3.5;1.3
72;2021-02-17;464;717;19794;7844;3.5;1.4
72;2021-02-18;594;636;20388;8480;3.6;1.5
72;2021-02-19;521;600;20909;9080;3.7;1.6
72;2021-02-20;80;57;20989;9137;3.7;1.6
72;2021-02-21;0;0;20989;9137;3.7;1.6
72;2021-02-22;328;582;21317;9719;3.8;1.7
72;2021-02-23;567;530;21884;10249;3.9;1.8
72;2021-02-24;435;472;22319;10721;4.0;1.9
72;2021-02-25;922;567;23241;11288;4.1;2.0
72;2021-02-26;600;511;23841;11799;4.3;2.1
72;2021-02-27;322;66;24163;11865;4.3;2.1
72;2021-02-28;15;17;24178;11882;4.3;2.1
72;2021-03-01;378;482;24556;12364;4.4;2.2
72;2021-03-02;503;605;25059;12969;4.5;2.3
72;2021-03-03;732;654;25791;13623;4.6;2.4
72;2021-03-04;738;783;26529;14406;4.7;2.6
72;2021-03-05;935;771;27464;15177;4.9;2.7
72;2021-03-06;761;135;28225;15312;5.0;2.7
72;2021-03-07;448;26;28673;15338;5.1;2.7
72;2021-03-08;559;453;29232;15791;5.2;2.8
72;2021-03-09;1043;649;30275;16440;5.4;2.9
72;2021-03-10;1137;658;31412;17098;5.6;3.1
72;2021-03-11;1607;493;33019;17591;5.9;3.1
72;2021-03-12;1364;518;34383;18109;6.1;3.2
72;2021-03-13;982;118;35365;18227;6.3;3.3
72;2021-03-14;14;10;35379;18237;6.3;3.3
72;2021-03-15;1158;223;36537;18460;6.5;3.3
72;2021-03-16;1052;189;37589;18649;6.7;3.3
72;2021-03-17;1035;261;38624;18910;6.9;3.4
72;2021-03-18;1086;369;39710;19279;7.1;3.4
72;2021-03-19;1275;292;40985;19571;7.3;3.5
72;2021-03-20;485;92;41470;19663;7.4;3.5
72;2021-03-21;19;0;41489;19663;7.4;3.5
72;2021-03-22;1347;342;42836;20005;7.6;3.6
72;2021-03-23;1724;480;44560;20485;8.0;3.7
72;2021-03-24;1840;305;46400;20790;8.3;3.7
72;2021-03-25;2445;464;48845;21254;8.7;3.8
72;2021-03-26;2335;373;51180;21627;9.1;3.9
72;2021-03-27;614;30;51794;21657;9.2;3.9
72;2021-03-28;22;0;51816;21657;9.2;3.9
72;2021-03-29;1616;381;53432;22038;9.5;3.9
72;2021-03-30;2495;386;55927;22424;10.0;4.0
72;2021-03-31;2139;362;58066;22786;10.4;4.1
72;2021-04-01;2838;350;60904;23136;10.9;4.1
72;2021-04-02;2248;400;63152;23536;11.3;4.2
72;2021-04-03;292;39;63444;23575;11.3;4.2
72;2021-04-04;14;3;63458;23578;11.3;4.2
72;2021-04-05;51;49;63509;23627;11.3;4.2
72;2021-04-06;1760;468;65269;24095;11.7;4.3
72;2021-04-07;2572;596;67841;24691;12.1;4.4
72;2021-04-08;2721;780;70562;25471;12.6;4.5
72;2021-04-09;3862;582;74424;26053;13.3;4.7
72;2021-04-10;1111;50;75535;26103;13.5;4.7
72;2021-04-11;8;1;75543;26104;13.5;4.7
72;2021-04-12;1850;901;77393;27005;13.8;4.8
72;2021-04-13;2366;1076;79759;28081;14.2;5.0
72;2021-04-14;2249;1096;82008;29177;14.6;5.2
72;2021-04-15;2423;1115;84431;30292;15.1;5.4
72;2021-04-16;2562;961;86993;31253;15.5;5.6
72;2021-04-17;707;144;87700;31397;15.7;5.6
72;2021-04-18;57;2;87757;31399;15.7;5.6
72;2021-04-19;1397;1096;89154;32495;15.9;5.8
72;2021-04-20;2999;1301;92153;33796;16.4;6.0
72;2021-04-21;2517;1563;94670;35359;16.9;6.3
72;2021-04-22;2814;1791;97484;37150;17.4;6.6
72;2021-04-23;3212;1452;100696;38602;18.0;6.9
72;2021-04-24;1400;266;102096;38868;18.2;6.9
72;2021-04-25;881;19;102977;38887;18.4;6.9
72;2021-04-26;3514;1481;106491;40368;19.0;7.2
72;2021-04-27;4092;1861;110583;42229;19.7;7.5
72;2021-04-28;3834;1868;114417;44097;20.4;7.9
72;2021-04-29;4159;1818;118576;45915;21.2;8.2
72;2021-04-30;3615;1709;122191;47624;21.8;8.5
72;2021-05-01;1642;226;123833;47850;22.1;8.5
72;2021-05-02;1533;160;125366;48010;22.4;8.6
72;2021-05-03;3456;1151;128822;49161;23.0;8.8
72;2021-05-04;4012;1801;132834;50962;23.7;9.1
72;2021-05-05;3868;2179;136702;53141;24.4;9.5
72;2021-05-06;3596;1942;140298;55083;25.0;9.8
72;2021-05-07;3545;2143;143843;57226;25.7;10.2
72;2021-05-08;1900;153;145743;57379;26.0;10.2
72;2021-05-09;2082;209;147825;57588;26.4;10.3
72;2021-05-10;3771;1519;151596;59107;27.1;10.6
72;2021-05-11;4597;1992;156193;61099;27.9;10.9
72;2021-05-12;4081;1821;160274;62920;28.6;11.2
72;2021-05-13;3031;270;163305;63190;29.1;11.3
72;2021-05-14;3663;1393;166968;64583;29.8;11.5
72;2021-05-15;3121;366;170089;64949;30.4;11.6
72;2021-05-16;2502;153;172591;65102;30.8;11.6
72;2021-05-17;3724;1283;176315;66385;31.5;11.8
72;2021-05-18;4332;1686;180647;68071;32.2;12.2
72;2021-05-19;3977;1509;184624;69580;33.0;12.4
72;2021-05-20;4262;1451;188886;71031;33.7;12.7
72;2021-05-21;3788;1389;192674;72420;34.4;12.9
72;2021-05-22;2561;506;195235;72926;34.8;13.0
72;2021-05-23;1391;163;196626;73089;35.1;13.0
72;2021-05-24;2353;296;198979;73385;35.5;13.1
72;2021-05-25;4075;1412;203054;74797;36.2;13.4
72;2021-05-26;4096;1411;207150;76208;37.0;13.6
72;2021-05-27;4346;2047;211496;78255;37.8;14.0
72;2021-05-28;4107;2017;215603;80272;38.5;14.3
72;2021-05-29;2668;809;218271;81081;39.0;14.5
72;2021-05-30;1142;872;219413;81953;39.2;14.6
72;2021-05-31;3121;2329;222534;84282;39.7;15.0
72;2021-06-01;3563;2668;226097;86950;40.4;15.5
72;2021-06-02;3613;2782;229710;89732;41.0;16.0
72;2021-06-03;4241;2996;233951;92728;41.8;16.6
72;2021-06-04;3892;2750;237843;95478;42.5;17.0
72;2021-06-05;1439;2567;239282;98045;42.7;17.5
72;2021-06-06;908;1541;240190;99586;42.9;17.8
72;2021-06-07;1746;3425;241936;103011;43.2;18.4
72;2021-06-08;2929;3834;244865;106845;43.7;19.1
72;2021-06-09;2649;3371;247514;110216;44.2;19.7
72;2021-06-10;2827;3317;250341;113533;44.7;20.3
72;2021-06-11;2841;3772;253182;117305;45.2;20.9
72;2021-06-12;1244;2598;254426;119903;45.4;21.4
72;2021-06-13;388;1859;254814;121762;45.5;21.7
72;2021-06-14;1336;4128;256150;125890;45.7;22.5
72;2021-06-15;2755;3513;258905;129403;46.2;23.1
72;2021-06-16;2428;3576;261333;132979;46.6;23.7
72;2021-06-17;2320;3876;263653;136855;47.1;24.4
72;2021-06-18;2308;4310;265961;141165;47.5;25.2
72;2021-06-19;1127;2763;267088;143928;47.7;25.7
72;2021-06-20;339;2057;267427;145985;47.7;26.1
72;2021-06-21;1564;4032;268991;150017;48.0;26.8
72;2021-06-22;1713;4995;270704;155012;48.3;27.7
72;2021-06-23;2005;4219;272709;159231;48.7;28.4
72;2021-06-24;2232;4012;274941;163243;49.1;29.1
72;2021-06-25;1774;4838;276715;168081;49.4;30.0
72;2021-06-26;1190;2880;277905;170961;49.6;30.5
72;2021-06-27;392;2112;278297;173073;49.7;30.9
72;2021-06-28;1440;4294;279737;177367;49.9;31.7
72;2021-06-29;1768;4741;281505;182108;50.2;32.5
72;2021-06-30;1979;4166;283484;186274;50.6;33.2
72;2021-07-01;1941;4415;285425;190689;50.9;34.0
72;2021-07-02;1852;4714;287277;195403;51.3;34.9
72;2021-07-03;1292;3120;288569;198523;51.5;35.4
72;2021-07-04;584;1950;289153;200473;51.6;35.8
72;2021-07-05;1192;4164;290345;204637;51.8;36.5
72;2021-07-06;1461;5163;291806;209800;52.1;37.4
72;2021-07-07;1581;4612;293387;214412;52.4;38.3
72;2021-07-08;1646;4328;295033;218740;52.7;39.0
72;2021-07-09;2104;4612;297137;223352;53.0;39.9
72;2021-07-10;1595;2688;298732;226040;53.3;40.3
72;2021-07-11;949;1588;299681;227628;53.5;40.6
72;2021-07-12;1592;3758;301273;231386;53.8;41.3
72;2021-07-13;2087;4775;303360;236161;54.1;42.2
72;2021-07-14;1326;2366;304686;238527;54.4;42.6
72;2021-07-15;3487;3426;308173;241953;55.0;43.2
72;2021-07-16;3171;4128;311344;246081;55.6;43.9
72;2021-07-17;2640;1762;313984;247843;56.0;44.2
72;2021-07-18;1707;823;315691;248666;56.4;44.4
72;2021-07-19;2915;3509;318606;252175;56.9;45.0
72;2021-07-20;3034;4285;321640;256460;57.4;45.8
72;2021-07-21;2877;3593;324517;260053;57.9;46.4
72;2021-07-22;3758;2913;328275;262966;58.6;46.9
72;2021-07-23;3472;3792;331747;266758;59.2;47.6
72;2021-07-24;2814;1459;334561;268217;59.7;47.9
72;2021-07-25;1449;1076;336010;269293;60.0;48.1
72;2021-07-26;2718;2919;338728;272212;60.5;48.6
72;2021-07-27;3839;3819;342567;276031;61.1;49.3
72;2021-07-28;3557;3124;346124;279155;61.8;49.8
72;2021-07-29;3556;2709;349680;281864;62.4;50.3
72;2021-07-30;3756;3380;353436;285244;63.1;50.9
72;2021-07-31;2543;1746;355979;286990;63.5;51.2
72;2021-08-01;1827;431;357806;287421;63.9;51.3
72;2021-08-02;3202;2286;361008;289707;64.4;51.7
72;2021-08-03;3225;3304;364233;293011;65.0;52.3
72;2021-08-04;3755;2548;367988;295559;65.7;52.8
72;2021-08-05;3754;2462;371742;298021;66.4;53.2
72;2021-08-06;3331;2690;375073;300711;67.0;53.7
72;2021-08-07;2343;1611;377416;302322;67.4;54.0
72;2021-08-08;1618;695;379034;303017;67.7;54.1
72;2021-08-09;2692;2670;381726;305687;68.1;54.6
72;2021-08-10;2910;2744;384636;308431;68.7;55.1
72;2021-08-11;2362;2201;386998;310632;69.1;55.4
72;2021-08-12;2372;2595;389370;313227;69.5;55.9
72;2021-08-13;2135;2283;391505;315510;69.9;56.3
72;2021-08-14;1158;1544;392663;317054;70.1;56.6
72;2021-08-15;622;613;393285;317667;70.2;56.7
72;2021-08-16;1651;2373;394936;320040;70.5;57.1
72;2021-08-17;1711;2884;396647;322924;70.8;57.6
72;2021-08-18;1706;2868;398353;325792;71.1;58.2
72;2021-08-19;1244;2909;399597;328701;71.3;58.7
73;2020-12-27;0;0;0;0;0.0;0.0
73;2020-12-28;1;0;1;0;0.0;0.0
73;2020-12-29;0;0;1;0;0.0;0.0
73;2020-12-30;0;0;1;0;0.0;0.0
73;2020-12-31;0;0;1;0;0.0;0.0
73;2021-01-01;0;0;1;0;0.0;0.0
73;2021-01-02;0;0;1;0;0.0;0.0
73;2021-01-03;0;0;1;0;0.0;0.0
73;2021-01-04;1;0;2;0;0.0;0.0
73;2021-01-05;0;0;2;0;0.0;0.0
73;2021-01-06;1;0;3;0;0.0;0.0
73;2021-01-07;30;0;33;0;0.0;0.0
73;2021-01-08;81;0;114;0;0.0;0.0
73;2021-01-09;0;0;114;0;0.0;0.0
73;2021-01-10;0;0;114;0;0.0;0.0
73;2021-01-11;86;0;200;0;0.0;0.0
73;2021-01-12;303;1;503;1;0.1;0.0
73;2021-01-13;358;1;861;2;0.2;0.0
73;2021-01-14;514;2;1375;4;0.3;0.0
73;2021-01-15;617;1;1992;5;0.5;0.0
73;2021-01-16;128;0;2120;5;0.5;0.0
73;2021-01-17;0;0;2120;5;0.5;0.0
73;2021-01-18;624;0;2744;5;0.6;0.0
73;2021-01-19;1239;3;3983;8;0.9;0.0
73;2021-01-20;951;2;4934;10;1.1;0.0
73;2021-01-21;982;4;5916;14;1.4;0.0
73;2021-01-22;947;0;6863;14;1.6;0.0
73;2021-01-23;387;0;7250;14;1.7;0.0
73;2021-01-24;0;0;7250;14;1.7;0.0
73;2021-01-25;656;6;7906;20;1.8;0.0
73;2021-01-26;761;2;8667;22;2.0;0.0
73;2021-01-27;1105;5;9772;27;2.3;0.0
73;2021-01-28;961;5;10733;32;2.5;0.0
73;2021-01-29;683;5;11416;37;2.6;0.0
73;2021-01-30;345;3;11761;40;2.7;0.0
73;2021-01-31;0;0;11761;40;2.7;0.0
73;2021-02-01;620;40;12381;80;2.9;0.0
73;2021-02-02;751;334;13132;414;3.0;0.1
73;2021-02-03;652;349;13784;763;3.2;0.2
73;2021-02-04;624;234;14408;997;3.3;0.2
73;2021-02-05;680;410;15088;1407;3.5;0.3
73;2021-02-06;261;38;15349;1445;3.5;0.3
73;2021-02-07;1;0;15350;1445;3.5;0.3
73;2021-02-08;522;252;15872;1697;3.7;0.4
73;2021-02-09;793;447;16665;2144;3.9;0.5
73;2021-02-10;898;396;17563;2540;4.1;0.6
73;2021-02-11;958;708;18521;3248;4.3;0.8
73;2021-02-12;810;501;19331;3749;4.5;0.9
73;2021-02-13;263;58;19594;3807;4.5;0.9
73;2021-02-14;1;0;19595;3807;4.5;0.9
73;2021-02-15;346;528;19941;4335;4.6;1.0
73;2021-02-16;453;762;20394;5097;4.7;1.2
73;2021-02-17;451;968;20845;6065;4.8;1.4
73;2021-02-18;469;556;21314;6621;4.9;1.5
73;2021-02-19;445;636;21759;7257;5.0;1.7
73;2021-02-20;69;249;21828;7506;5.0;1.7
73;2021-02-21;0;0;21828;7506;5.0;1.7
73;2021-02-22;240;444;22068;7950;5.1;1.8
73;2021-02-23;325;521;22393;8471;5.2;2.0
73;2021-02-24;486;748;22879;9219;5.3;2.1
73;2021-02-25;502;507;23381;9726;5.4;2.2
73;2021-02-26;730;567;24111;10293;5.6;2.4
73;2021-02-27;330;238;24441;10531;5.7;2.4
73;2021-02-28;1;1;24442;10532;5.7;2.4
73;2021-03-01;557;510;24999;11042;5.8;2.6
73;2021-03-02;669;898;25668;11940;5.9;2.8
73;2021-03-03;642;1196;26310;13136;6.1;3.0
73;2021-03-04;1039;898;27349;14034;6.3;3.2
73;2021-03-05;1239;608;28588;14642;6.6;3.4
73;2021-03-06;1091;335;29679;14977;6.9;3.5
73;2021-03-07;455;93;30134;15070;7.0;3.5
73;2021-03-08;605;428;30739;15498;7.1;3.6
73;2021-03-09;983;536;31722;16034;7.3;3.7
73;2021-03-10;1035;870;32757;16904;7.6;3.9
73;2021-03-11;1556;656;34313;17560;7.9;4.1
73;2021-03-12;2017;534;36330;18094;8.4;4.2
73;2021-03-13;1178;205;37508;18299;8.7;4.2
73;2021-03-14;66;3;37574;18302;8.7;4.2
73;2021-03-15;1184;398;38758;18700;9.0;4.3
73;2021-03-16;794;400;39552;19100;9.1;4.4
73;2021-03-17;877;480;40429;19580;9.3;4.5
73;2021-03-18;1350;257;41779;19837;9.7;4.6
73;2021-03-19;1765;394;43544;20231;10.1;4.7
73;2021-03-20;886;127;44430;20358;10.3;4.7
73;2021-03-21;123;2;44553;20360;10.3;4.7
73;2021-03-22;1184;394;45737;20754;10.6;4.8
73;2021-03-23;1447;235;47184;20989;10.9;4.9
73;2021-03-24;1594;343;48778;21332;11.3;4.9
73;2021-03-25;2062;382;50840;21714;11.8;5.0
73;2021-03-26;2471;363;53311;22077;12.3;5.1
73;2021-03-27;885;144;54196;22221;12.5;5.1
73;2021-03-28;310;13;54506;22234;12.6;5.1
73;2021-03-29;1509;237;56015;22471;13.0;5.2
73;2021-03-30;2088;481;58103;22952;13.4;5.3
73;2021-03-31;2089;399;60192;23351;13.9;5.4
73;2021-04-01;2086;330;62278;23681;14.4;5.5
73;2021-04-02;2360;226;64638;23907;14.9;5.5
73;2021-04-03;848;146;65486;24053;15.1;5.6
73;2021-04-04;188;18;65674;24071;15.2;5.6
73;2021-04-05;212;26;65886;24097;15.2;5.6
73;2021-04-06;1509;505;67395;24602;15.6;5.7
73;2021-04-07;1947;650;69342;25252;16.0;5.8
73;2021-04-08;2491;817;71833;26069;16.6;6.0
73;2021-04-09;3060;521;74893;26590;17.3;6.1
73;2021-04-10;1135;317;76028;26907;17.6;6.2
73;2021-04-11;163;9;76191;26916;17.6;6.2
73;2021-04-12;1696;976;77887;27892;18.0;6.4
73;2021-04-13;1892;1129;79779;29021;18.4;6.7
73;2021-04-14;2017;1091;81796;30112;18.9;7.0
73;2021-04-15;2416;1189;84212;31301;19.5;7.2
73;2021-04-16;1894;931;86106;32232;19.9;7.5
73;2021-04-17;1176;557;87282;32789;20.2;7.6
73;2021-04-18;155;76;87437;32865;20.2;7.6
73;2021-04-19;1380;1057;88817;33922;20.5;7.8
73;2021-04-20;1790;1317;90607;35239;20.9;8.1
73;2021-04-21;1573;1300;92180;36539;21.3;8.4
73;2021-04-22;1814;1223;93994;37762;21.7;8.7
73;2021-04-23;1895;1254;95889;39016;22.2;9.0
73;2021-04-24;980;672;96869;39688;22.4;9.2
73;2021-04-25;79;97;96948;39785;22.4;9.2
73;2021-04-26;1164;1319;98112;41104;22.7;9.5
73;2021-04-27;1442;1470;99554;42574;23.0;9.8
73;2021-04-28;1732;1460;101286;44034;23.4;10.2
73;2021-04-29;2412;1563;103698;45597;24.0;10.5
73;2021-04-30;2397;1438;106095;47035;24.5;10.9
73;2021-05-01;1068;307;107163;47342;24.8;10.9
73;2021-05-02;34;165;107197;47507;24.8;11.0
73;2021-05-03;1392;1592;108589;49099;25.1;11.4
73;2021-05-04;1710;1830;110299;50929;25.5;11.8
73;2021-05-05;1975;1687;112274;52616;26.0;12.2
73;2021-05-06;2430;1699;114704;54315;26.5;12.6
73;2021-05-07;2261;1849;116965;56164;27.0;13.0
73;2021-05-08;1836;377;118801;56541;27.5;13.1
73;2021-05-09;127;125;118928;56666;27.5;13.1
73;2021-05-10;1607;1893;120535;58559;27.9;13.5
73;2021-05-11;2378;2369;122913;60928;28.4;14.1
73;2021-05-12;3555;2095;126468;63023;29.2;14.6
73;2021-05-13;1554;275;128022;63298;29.6;14.6
73;2021-05-14;1587;1491;129609;64789;30.0;15.0
73;2021-05-15;1448;944;131057;65733;30.3;15.2
73;2021-05-16;131;62;131188;65795;30.3;15.2
73;2021-05-17;1710;1953;132898;67748;30.7;15.7
73;2021-05-18;2496;1736;135394;69484;31.3;16.1
73;2021-05-19;2540;1623;137934;71107;31.9;16.4
73;2021-05-20;3162;1504;141096;72611;32.6;16.8
73;2021-05-21;2473;1848;143569;74459;33.2;17.2
73;2021-05-22;1989;922;145558;75381;33.7;17.4
73;2021-05-23;212;14;145770;75395;33.7;17.4
73;2021-05-24;2565;329;148335;75724;34.3;17.5
73;2021-05-25;2140;1740;150475;77464;34.8;17.9
73;2021-05-26;2343;1999;152818;79463;35.3;18.4
73;2021-05-27;3083;1714;155901;81177;36.0;18.8
73;2021-05-28;2918;2374;158819;83551;36.7;19.3
73;2021-05-29;2316;1323;161135;84874;37.3;19.6
73;2021-05-30;187;14;161322;84888;37.3;19.6
73;2021-05-31;2410;1628;163732;86516;37.9;20.0
73;2021-06-01;3180;1790;166912;88306;38.6;20.4
73;2021-06-02;3104;1461;170016;89767;39.3;20.8
73;2021-06-03;4422;1744;174438;91511;40.3;21.2
73;2021-06-04;4277;2182;178715;93693;41.3;21.7
73;2021-06-05;3158;1281;181873;94974;42.0;22.0
73;2021-06-06;1882;298;183755;95272;42.5;22.0
73;2021-06-07;2756;2146;186511;97418;43.1;22.5
73;2021-06-08;2685;1874;189196;99292;43.7;23.0
73;2021-06-09;2364;1789;191560;101081;44.3;23.4
73;2021-06-10;2006;1651;193566;102732;44.8;23.8
73;2021-06-11;2191;2442;195757;105174;45.3;24.3
73;2021-06-12;2247;1331;198004;106505;45.8;24.6
73;2021-06-13;44;82;198048;106587;45.8;24.6
73;2021-06-14;1347;2930;199395;109517;46.1;25.3
73;2021-06-15;1593;2754;200988;112271;46.5;26.0
73;2021-06-16;1467;2571;202455;114842;46.8;26.6
73;2021-06-17;944;1727;203399;116569;47.0;26.9
73;2021-06-18;1884;2932;205283;119501;47.5;27.6
73;2021-06-19;1422;1986;206705;121487;47.8;28.1
73;2021-06-20;448;306;207153;121793;47.9;28.2
73;2021-06-21;1110;2938;208263;124731;48.1;28.8
73;2021-06-22;1093;2872;209356;127603;48.4;29.5
73;2021-06-23;1085;3136;210441;130739;48.7;30.2
73;2021-06-24;883;1794;211324;132533;48.9;30.6
73;2021-06-25;1325;2801;212649;135334;49.2;31.3
73;2021-06-26;968;2397;213617;137731;49.4;31.8
73;2021-06-27;328;549;213945;138280;49.5;32.0
73;2021-06-28;966;3557;214911;141837;49.7;32.8
73;2021-06-29;1075;3337;215986;145174;49.9;33.6
73;2021-06-30;1239;3120;217225;148294;50.2;34.3
73;2021-07-01;1135;2363;218360;150657;50.5;34.8
73;2021-07-02;1206;3618;219566;154275;50.8;35.7
73;2021-07-03;960;2793;220526;157068;51.0;36.3
73;2021-07-04;301;618;220827;157686;51.1;36.5
73;2021-07-05;1154;3684;221981;161370;51.3;37.3
73;2021-07-06;1251;2949;223232;164319;51.6;38.0
73;2021-07-07;1444;2951;224676;167270;51.9;38.7
73;2021-07-08;1369;2301;226045;169571;52.3;39.2
73;2021-07-09;1429;4023;227474;173594;52.6;40.1
73;2021-07-10;890;3013;228364;176607;52.8;40.8
73;2021-07-11;561;1469;228925;178076;52.9;41.2
73;2021-07-12;1059;4196;229984;182272;53.2;42.1
73;2021-07-13;1730;4228;231714;186500;53.6;43.1
73;2021-07-14;1844;1916;233558;188416;54.0;43.6
73;2021-07-15;2742;3792;236300;192208;54.6;44.4
73;2021-07-16;2411;4017;238711;196225;55.2;45.4
73;2021-07-17;1513;2608;240224;198833;55.5;46.0
73;2021-07-18;1176;1218;241400;200051;55.8;46.2
73;2021-07-19;2446;3245;243846;203296;56.4;47.0
73;2021-07-20;3364;2854;247210;206150;57.2;47.7
73;2021-07-21;3379;2787;250589;208937;57.9;48.3
73;2021-07-22;2727;2209;253316;211146;58.6;48.8
73;2021-07-23;3405;2895;256721;214041;59.4;49.5
73;2021-07-24;2053;2272;258774;216313;59.8;50.0
73;2021-07-25;622;793;259396;217106;60.0;50.2
73;2021-07-26;2621;2492;262017;219598;60.6;50.8
73;2021-07-27;3801;2267;265818;221865;61.5;51.3
73;2021-07-28;3519;2087;269337;223952;62.3;51.8
73;2021-07-29;3963;2143;273300;226095;63.2;52.3
73;2021-07-30;3537;2470;276837;228565;64.0;52.8
73;2021-07-31;2460;1590;279297;230155;64.6;53.2
73;2021-08-01;829;620;280126;230775;64.8;53.4
73;2021-08-02;3074;2100;283200;232875;65.5;53.8
73;2021-08-03;3474;1989;286674;234864;66.3;54.3
73;2021-08-04;3283;2012;289957;236876;67.0;54.8
73;2021-08-05;2846;2226;292803;239102;67.7;55.3
73;2021-08-06;2493;2375;295296;241477;68.3;55.8
73;2021-08-07;1391;1480;296687;242957;68.6;56.2
73;2021-08-08;426;616;297113;243573;68.7;56.3
73;2021-08-09;1772;2384;298885;245957;69.1;56.9
73;2021-08-10;1864;2488;300749;248445;69.5;57.4
73;2021-08-11;1794;2532;302543;250977;69.9;58.0
73;2021-08-12;1665;2492;304208;253469;70.3;58.6
73;2021-08-13;1436;2834;305644;256303;70.7;59.3
73;2021-08-14;981;1524;306625;257827;70.9;59.6
73;2021-08-15;96;162;306721;257989;70.9;59.6
73;2021-08-16;810;1376;307531;259365;71.1;60.0
73;2021-08-17;950;1959;308481;261324;71.3;60.4
73;2021-08-18;935;2832;309416;264156;71.5;61.1
73;2021-08-19;949;3046;310365;267202;71.8;61.8
74;2020-12-27;3;0;3;0;0.0;0.0
74;2020-12-28;2;0;5;0;0.0;0.0
74;2020-12-29;0;0;5;0;0.0;0.0
74;2020-12-30;0;0;5;0;0.0;0.0
74;2020-12-31;0;0;5;0;0.0;0.0
74;2021-01-01;0;0;5;0;0.0;0.0
74;2021-01-02;1;1;6;1;0.0;0.0
74;2021-01-03;0;0;6;1;0.0;0.0
74;2021-01-04;0;0;6;1;0.0;0.0
74;2021-01-05;1;0;7;1;0.0;0.0
74;2021-01-06;44;0;51;1;0.0;0.0
74;2021-01-07;219;1;270;2;0.0;0.0
74;2021-01-08;291;2;561;4;0.1;0.0
74;2021-01-09;78;0;639;4;0.1;0.0
74;2021-01-10;74;0;713;4;0.1;0.0
74;2021-01-11;373;0;1086;4;0.1;0.0
74;2021-01-12;405;3;1491;7;0.2;0.0
74;2021-01-13;395;0;1886;7;0.2;0.0
74;2021-01-14;470;1;2356;8;0.3;0.0
74;2021-01-15;642;4;2998;12;0.4;0.0
74;2021-01-16;252;1;3250;13;0.4;0.0
74;2021-01-17;131;1;3381;14;0.4;0.0
74;2021-01-18;521;0;3902;14;0.5;0.0
74;2021-01-19;808;2;4710;16;0.6;0.0
74;2021-01-20;1277;4;5987;20;0.7;0.0
74;2021-01-21;1566;1;7553;21;0.9;0.0
74;2021-01-22;1241;6;8794;27;1.1;0.0
74;2021-01-23;344;1;9138;28;1.1;0.0
74;2021-01-24;90;0;9228;28;1.1;0.0
74;2021-01-25;797;2;10025;30;1.2;0.0
74;2021-01-26;1358;14;11383;44;1.4;0.0
74;2021-01-27;1075;10;12458;54;1.5;0.0
74;2021-01-28;987;29;13445;83;1.6;0.0
74;2021-01-29;878;42;14323;125;1.7;0.0
74;2021-01-30;305;1;14628;126;1.8;0.0
74;2021-01-31;84;1;14712;127;1.8;0.0
74;2021-02-01;629;44;15341;171;1.9;0.0
74;2021-02-02;644;154;15985;325;1.9;0.0
74;2021-02-03;604;124;16589;449;2.0;0.1
74;2021-02-04;612;136;17201;585;2.1;0.1
74;2021-02-05;548;223;17749;808;2.1;0.1
74;2021-02-06;272;139;18021;947;2.2;0.1
74;2021-02-07;94;126;18115;1073;2.2;0.1
74;2021-02-08;616;349;18731;1422;2.3;0.2
74;2021-02-09;535;533;19266;1955;2.3;0.2
74;2021-02-10;688;521;19954;2476;2.4;0.3
74;2021-02-11;1067;1017;21021;3493;2.5;0.4
74;2021-02-12;909;617;21930;4110;2.6;0.5
74;2021-02-13;405;240;22335;4350;2.7;0.5
74;2021-02-14;316;114;22651;4464;2.7;0.5
74;2021-02-15;274;850;22925;5314;2.8;0.6
74;2021-02-16;486;1066;23411;6380;2.8;0.8
74;2021-02-17;541;1109;23952;7489;2.9;0.9
74;2021-02-18;474;992;24426;8481;2.9;1.0
74;2021-02-19;617;656;25043;9137;3.0;1.1
74;2021-02-20;114;189;25157;9326;3.0;1.1
74;2021-02-21;46;61;25203;9387;3.0;1.1
74;2021-02-22;316;786;25519;10173;3.1;1.2
74;2021-02-23;303;820;25822;10993;3.1;1.3
74;2021-02-24;239;681;26061;11674;3.1;1.4
74;2021-02-25;520;755;26581;12429;3.2;1.5
74;2021-02-26;972;704;27553;13133;3.3;1.6
74;2021-02-27;254;183;27807;13316;3.4;1.6
74;2021-02-28;125;71;27932;13387;3.4;1.6
74;2021-03-01;719;634;28651;14021;3.5;1.7
74;2021-03-02;1090;686;29741;14707;3.6;1.8
74;2021-03-03;1016;639;30757;15346;3.7;1.9
74;2021-03-04;1609;1019;32366;16365;3.9;2.0
74;2021-03-05;2084;899;34450;17264;4.2;2.1
74;2021-03-06;1753;323;36203;17587;4.4;2.1
74;2021-03-07;1384;104;37587;17691;4.5;2.1
74;2021-03-08;1197;960;38784;18651;4.7;2.3
74;2021-03-09;1947;667;40731;19318;4.9;2.3
74;2021-03-10;1745;911;42476;20229;5.1;2.4
74;2021-03-11;2444;723;44920;20952;5.4;2.5
74;2021-03-12;3240;1023;48160;21975;5.8;2.7
74;2021-03-13;1999;279;50159;22254;6.1;2.7
74;2021-03-14;608;102;50767;22356;6.1;2.7
74;2021-03-15;2123;556;52890;22912;6.4;2.8
74;2021-03-16;1958;413;54848;23325;6.6;2.8
74;2021-03-17;1970;317;56818;23642;6.9;2.9
74;2021-03-18;2131;288;58949;23930;7.1;2.9
74;2021-03-19;2632;297;61581;24227;7.4;2.9
74;2021-03-20;1373;102;62954;24329;7.6;2.9
74;2021-03-21;288;32;63242;24361;7.6;2.9
74;2021-03-22;2051;326;65293;24687;7.9;3.0
74;2021-03-23;2717;333;68010;25020;8.2;3.0
74;2021-03-24;2945;299;70955;25319;8.6;3.1
74;2021-03-25;3868;302;74823;25621;9.0;3.1
74;2021-03-26;4091;381;78914;26002;9.5;3.1
74;2021-03-27;1939;259;80853;26261;9.8;3.2
74;2021-03-28;437;78;81290;26339;9.8;3.2
74;2021-03-29;3030;716;84320;27055;10.2;3.3
74;2021-03-30;3540;771;87860;27826;10.6;3.4
74;2021-03-31;3143;728;91003;28554;11.0;3.4
74;2021-04-01;4235;894;95238;29448;11.5;3.6
74;2021-04-02;3701;784;98939;30232;11.9;3.6
74;2021-04-03;1694;539;100633;30771;12.1;3.7
74;2021-04-04;236;121;100869;30892;12.2;3.7
74;2021-04-05;431;18;101300;30910;12.2;3.7
74;2021-04-06;2624;1214;103924;32124;12.5;3.9
74;2021-04-07;3188;1248;107112;33372;12.9;4.0
74;2021-04-08;3861;1185;110973;34557;13.4;4.2
74;2021-04-09;4104;1172;115077;35729;13.9;4.3
74;2021-04-10;1946;1037;117023;36766;14.1;4.4
74;2021-04-11;253;183;117276;36949;14.2;4.5
74;2021-04-12;2721;1773;119997;38722;14.5;4.7
74;2021-04-13;3116;2102;123113;40824;14.9;4.9
74;2021-04-14;2899;1970;126012;42794;15.2;5.2
74;2021-04-15;3455;1909;129467;44703;15.6;5.4
74;2021-04-16;3379;1781;132846;46484;16.0;5.6
74;2021-04-17;1936;1033;134782;47517;16.3;5.7
74;2021-04-18;218;209;135000;47726;16.3;5.8
74;2021-04-19;2096;2098;137096;49824;16.5;6.0
74;2021-04-20;3066;2425;140162;52249;16.9;6.3
74;2021-04-21;2464;2374;142626;54623;17.2;6.6
74;2021-04-22;2625;2338;145251;56961;17.5;6.9
74;2021-04-23;2564;2249;147815;59210;17.8;7.1
74;2021-04-24;1486;1538;149301;60748;18.0;7.3
74;2021-04-25;224;150;149525;60898;18.0;7.4
74;2021-04-26;2392;2464;151917;63362;18.3;7.6
74;2021-04-27;3271;2912;155188;66274;18.7;8.0
74;2021-04-28;3462;2634;158650;68908;19.2;8.3
74;2021-04-29;3914;2684;162564;71592;19.6;8.6
74;2021-04-30;4075;2222;166639;73814;20.1;8.9
74;2021-05-01;2119;384;168758;74198;20.4;9.0
74;2021-05-02;205;235;168963;74433;20.4;9.0
74;2021-05-03;2594;3014;171557;77447;20.7;9.3
74;2021-05-04;3221;3106;174778;80553;21.1;9.7
74;2021-05-05;3393;3015;178171;83568;21.5;10.1
74;2021-05-06;3857;2636;182028;86204;22.0;10.4
74;2021-05-07;3592;3551;185620;89755;22.4;10.8
74;2021-05-08;1148;823;186768;90578;22.5;10.9
74;2021-05-09;194;248;186962;90826;22.6;11.0
74;2021-05-10;3468;3141;190430;93967;23.0;11.3
74;2021-05-11;4321;3429;194751;97396;23.5;11.8
74;2021-05-12;5303;2966;200054;100362;24.1;12.1
74;2021-05-13;2363;948;202417;101310;24.4;12.2
74;2021-05-14;5949;2401;208366;103711;25.2;12.5
74;2021-05-15;4517;1850;212883;105561;25.7;12.7
74;2021-05-16;3009;334;215892;105895;26.1;12.8
74;2021-05-17;5400;2887;221292;108782;26.7;13.1
74;2021-05-18;6786;2809;228078;111591;27.5;13.5
74;2021-05-19;6233;2294;234311;113885;28.3;13.7
74;2021-05-20;6643;2556;240954;116441;29.1;14.1
74;2021-05-21;6525;2989;247479;119430;29.9;14.4
74;2021-05-22;5294;1569;252773;120999;30.5;14.6
74;2021-05-23;2051;283;254824;121282;30.8;14.6
74;2021-05-24;2361;662;257185;121944;31.0;14.7
74;2021-05-25;5070;3333;262255;125277;31.7;15.1
74;2021-05-26;5250;2568;267505;127845;32.3;15.4
74;2021-05-27;6003;2983;273508;130828;33.0;15.8
74;2021-05-28;5658;3588;279166;134416;33.7;16.2
74;2021-05-29;3799;2151;282965;136567;34.2;16.5
74;2021-05-30;488;309;283453;136876;34.2;16.5
74;2021-05-31;5070;3553;288523;140429;34.8;17.0
74;2021-06-01;4930;3727;293453;144156;35.4;17.4
74;2021-06-02;5267;3205;298720;147361;36.1;17.8
74;2021-06-03;6895;3252;305615;150613;36.9;18.2
74;2021-06-04;6909;4432;312524;155045;37.7;18.7
74;2021-06-05;4612;2709;317136;157754;38.3;19.0
74;2021-06-06;123;112;317259;157866;38.3;19.1
74;2021-06-07;5034;4149;322293;162015;38.9;19.6
74;2021-06-08;5027;3949;327320;165964;39.5;20.0
74;2021-06-09;5077;3486;332397;169450;40.1;20.5
74;2021-06-10;5125;2874;337522;172324;40.7;20.8
74;2021-06-11;5215;3814;342737;176138;41.4;21.3
74;2021-06-12;3573;2386;346310;178524;41.8;21.6
74;2021-06-13;119;89;346429;178613;41.8;21.6
74;2021-06-14;3597;4485;350026;183098;42.3;22.1
74;2021-06-15;3667;3898;353693;186996;42.7;22.6
74;2021-06-16;4824;3123;358517;190119;43.3;23.0
74;2021-06-17;3819;2955;362336;193074;43.7;23.3
74;2021-06-18;4114;4666;366450;197740;44.2;23.9
74;2021-06-19;2996;3099;369446;200839;44.6;24.2
74;2021-06-20;125;97;369571;200936;44.6;24.3
74;2021-06-21;2384;5423;371955;206359;44.9;24.9
74;2021-06-22;2491;5315;374446;211674;45.2;25.6
74;2021-06-23;2975;4618;377421;216292;45.6;26.1
74;2021-06-24;2862;4627;380283;220919;45.9;26.7
74;2021-06-25;2927;6767;383210;227686;46.3;27.5
74;2021-06-26;1707;5398;384917;233084;46.5;28.1
74;2021-06-27;64;1663;384981;234747;46.5;28.3
74;2021-06-28;1918;7219;386899;241966;46.7;29.2
74;2021-06-29;2299;7427;389198;249393;47.0;30.1
74;2021-06-30;2742;6542;391940;255935;47.3;30.9
74;2021-07-01;3060;5415;395000;261350;47.7;31.5
74;2021-07-02;3003;6642;398003;267992;48.0;32.4
74;2021-07-03;1697;5082;399700;273074;48.2;33.0
74;2021-07-04;82;1022;399782;274096;48.3;33.1
74;2021-07-05;2057;6836;401839;280932;48.5;33.9
74;2021-07-06;2617;6492;404456;287424;48.8;34.7
74;2021-07-07;2971;5449;407427;292873;49.2;35.4
74;2021-07-08;3792;4904;411219;297777;49.6;35.9
74;2021-07-09;2651;6977;413870;304754;50.0;36.8
74;2021-07-10;1622;5131;415492;309885;50.2;37.4
74;2021-07-11;76;141;415568;310026;50.2;37.4
74;2021-07-12;2082;7898;417650;317924;50.4;38.4
74;2021-07-13;3954;7584;421604;325508;50.9;39.3
74;2021-07-14;1964;2237;423568;327745;51.1;39.6
74;2021-07-15;3576;6864;427144;334609;51.6;40.4
74;2021-07-16;4189;7743;431333;342352;52.1;41.3
74;2021-07-17;2925;5333;434258;347685;52.4;42.0
74;2021-07-18;152;157;434410;347842;52.4;42.0
74;2021-07-19;4264;7346;438674;355188;53.0;42.9
74;2021-07-20;5794;6460;444468;361648;53.7;43.7
74;2021-07-21;5557;6664;450025;368312;54.3;44.5
74;2021-07-22;4745;5330;454770;373642;54.9;45.1
74;2021-07-23;6088;6983;460858;380625;55.6;45.9
74;2021-07-24;3045;4310;463903;384935;56.0;46.5
74;2021-07-25;160;174;464063;385109;56.0;46.5
74;2021-07-26;5448;6126;469511;391235;56.7;47.2
74;2021-07-27;6775;5168;476286;396403;57.5;47.9
74;2021-07-28;6466;5104;482752;401507;58.3;48.5
74;2021-07-29;5245;3926;487997;405433;58.9;48.9
74;2021-07-30;6612;5488;494609;410921;59.7;49.6
74;2021-07-31;4328;3119;498937;414040;60.2;50.0
74;2021-08-01;177;152;499114;414192;60.2;50.0
74;2021-08-02;5827;4387;504941;418579;61.0;50.5
74;2021-08-03;5818;3845;510759;422424;61.7;51.0
74;2021-08-04;6067;3485;516826;425909;62.4;51.4
74;2021-08-05;4862;3260;521688;429169;63.0;51.8
74;2021-08-06;4901;4172;526589;433341;63.6;52.3
74;2021-08-07;3173;2885;529762;436226;63.9;52.7
74;2021-08-08;152;133;529914;436359;64.0;52.7
74;2021-08-09;4866;4802;534780;441161;64.6;53.3
74;2021-08-10;4864;4660;539644;445821;65.1;53.8
74;2021-08-11;4282;4874;543926;450695;65.7;54.4
74;2021-08-12;3548;3595;547474;454290;66.1;54.8
74;2021-08-13;3616;4578;551090;458868;66.5;55.4
74;2021-08-14;2157;3333;553247;462201;66.8;55.8
74;2021-08-15;59;101;553306;462302;66.8;55.8
74;2021-08-16;3136;5839;556442;468141;67.2;56.5
74;2021-08-17;2960;5475;559402;473616;67.5;57.2
74;2021-08-18;2932;5423;562334;479039;67.9;57.8
74;2021-08-19;2289;3867;564623;482906;68.2;58.3
75;2020-12-27;48;1;48;1;0.0;0.0
75;2020-12-28;52;0;100;1;0.0;0.0
75;2020-12-29;21;0;121;1;0.0;0.0
75;2020-12-30;74;0;195;1;0.0;0.0
75;2020-12-31;34;0;229;1;0.0;0.0
75;2021-01-01;43;2;272;3;0.0;0.0
75;2021-01-02;57;1;329;4;0.0;0.0
75;2021-01-03;95;1;424;5;0.0;0.0
75;2021-01-04;300;1;724;6;0.0;0.0
75;2021-01-05;870;13;1594;19;0.1;0.0
75;2021-01-06;1356;16;2950;35;0.1;0.0
75;2021-01-07;2060;18;5010;53;0.2;0.0
75;2021-01-08;2869;32;7879;85;0.4;0.0
75;2021-01-09;1096;2;8975;87;0.4;0.0
75;2021-01-10;1096;5;10071;92;0.5;0.0
75;2021-01-11;3079;48;13150;140;0.6;0.0
75;2021-01-12;3477;55;16627;195;0.8;0.0
75;2021-01-13;3547;43;20174;238;0.9;0.0
75;2021-01-14;3705;63;23879;301;1.1;0.0
75;2021-01-15;3311;45;27190;346;1.3;0.0
75;2021-01-16;1129;16;28319;362;1.3;0.0
75;2021-01-17;549;14;28868;376;1.3;0.0
75;2021-01-18;3266;74;32134;450;1.5;0.0
75;2021-01-19;3847;48;35981;498;1.7;0.0
75;2021-01-20;4403;63;40384;561;1.9;0.0
75;2021-01-21;4903;80;45287;641;2.1;0.0
75;2021-01-22;4572;81;49859;722;2.3;0.0
75;2021-01-23;1756;15;51615;737;2.4;0.0
75;2021-01-24;740;7;52355;744;2.4;0.0
75;2021-01-25;1708;26;54063;770;2.5;0.0
75;2021-01-26;2544;87;56607;857;2.6;0.0
75;2021-01-27;3139;170;59746;1027;2.8;0.0
75;2021-01-28;4765;263;64511;1290;3.0;0.1
75;2021-01-29;4044;268;68555;1558;3.2;0.1
75;2021-01-30;1354;33;69909;1591;3.3;0.1
75;2021-01-31;217;3;70126;1594;3.3;0.1
75;2021-02-01;1616;379;71742;1973;3.3;0.1
75;2021-02-02;2127;649;73869;2622;3.4;0.1
75;2021-02-03;1875;687;75744;3309;3.5;0.2
75;2021-02-04;2136;1125;77880;4434;3.6;0.2
75;2021-02-05;2206;871;80086;5305;3.7;0.2
75;2021-02-06;1097;92;81183;5397;3.8;0.3
75;2021-02-07;172;6;81355;5403;3.8;0.3
75;2021-02-08;1251;1468;82606;6871;3.8;0.3
75;2021-02-09;1777;2383;84383;9254;3.9;0.4
75;2021-02-10;2408;2396;86791;11650;4.0;0.5
75;2021-02-11;2925;6406;89716;18056;4.2;0.8
75;2021-02-12;3112;2405;92828;20461;4.3;1.0
75;2021-02-13;847;1049;93675;21510;4.4;1.0
75;2021-02-14;200;43;93875;21553;4.4;1.0
75;2021-02-15;997;2456;94872;24009;4.4;1.1
75;2021-02-16;1438;6532;96310;30541;4.5;1.4
75;2021-02-17;1312;3238;97622;33779;4.5;1.6
75;2021-02-18;1751;5852;99373;39631;4.6;1.8
75;2021-02-19;2209;4150;101582;43781;4.7;2.0
75;2021-02-20;471;1687;102053;45468;4.8;2.1
75;2021-02-21;188;160;102241;45628;4.8;2.1
75;2021-02-22;1209;1930;103450;47558;4.8;2.2
75;2021-02-23;1434;2724;104884;50282;4.9;2.3
75;2021-02-24;1681;2341;106565;52623;5.0;2.4
75;2021-02-25;2765;5325;109330;57948;5.1;2.7
75;2021-02-26;3358;2728;112688;60676;5.2;2.8
75;2021-02-27;1395;940;114083;61616;5.3;2.9
75;2021-02-28;318;142;114401;61758;5.3;2.9
75;2021-03-01;2585;1689;116986;63447;5.4;3.0
75;2021-03-02;4159;2217;121145;65664;5.6;3.1
75;2021-03-03;5407;2355;126552;68019;5.9;3.2
75;2021-03-04;8027;2612;134579;70631;6.3;3.3
75;2021-03-05;10533;2764;145112;73395;6.8;3.4
75;2021-03-06;11062;1090;156174;74485;7.3;3.5
75;2021-03-07;9483;1525;165657;76010;7.7;3.5
75;2021-03-08;5881;1568;171538;77578;8.0;3.6
75;2021-03-09;7505;2142;179043;79720;8.3;3.7
75;2021-03-10;7484;2137;186527;81857;8.7;3.8
75;2021-03-11;10321;2545;196848;84402;9.2;3.9
75;2021-03-12;12042;2580;208890;86982;9.7;4.0
75;2021-03-13;8533;782;217423;87764;10.1;4.1
75;2021-03-14;4158;253;221581;88017;10.3;4.1
75;2021-03-15;7437;989;229018;89006;10.7;4.1
75;2021-03-16;5132;697;234150;89703;10.9;4.2
75;2021-03-17;5413;838;239563;90541;11.2;4.2
75;2021-03-18;6600;886;246163;91427;11.5;4.3
75;2021-03-19;9725;998;255888;92425;11.9;4.3
75;2021-03-20;5921;615;261809;93040;12.2;4.3
75;2021-03-21;1578;435;263387;93475;12.3;4.4
75;2021-03-22;8619;1031;272006;94506;12.7;4.4
75;2021-03-23;10930;1262;282936;95768;13.2;4.5
75;2021-03-24;10978;1342;293914;97110;13.7;4.5
75;2021-03-25;14187;1557;308101;98667;14.3;4.6
75;2021-03-26;13947;1696;322048;100363;15.0;4.7
75;2021-03-27;7264;779;329312;101142;15.3;4.7
75;2021-03-28;1773;153;331085;101295;15.4;4.7
75;2021-03-29;7952;2219;339037;103514;15.8;4.8
75;2021-03-30;10904;3253;349941;106767;16.3;5.0
75;2021-03-31;9719;3613;359660;110380;16.7;5.1
75;2021-04-01;10661;5218;370321;115598;17.2;5.4
75;2021-04-02;9022;5587;379343;121185;17.7;5.6
75;2021-04-03;4104;4896;383447;126081;17.8;5.9
75;2021-04-04;1411;1496;384858;127577;17.9;5.9
75;2021-04-05;2230;1437;387088;129014;18.0;6.0
75;2021-04-06;6878;4310;393966;133324;18.3;6.2
75;2021-04-07;8058;4427;402024;137751;18.7;6.4
75;2021-04-08;11048;4175;413072;141926;19.2;6.6
75;2021-04-09;12188;4630;425260;146556;19.8;6.8
75;2021-04-10;5821;4274;431081;150830;20.1;7.0
75;2021-04-11;1926;1797;433007;152627;20.2;7.1
75;2021-04-12;7463;3791;440470;156418;20.5;7.3
75;2021-04-13;8548;6860;449018;163278;20.9;7.6
75;2021-04-14;8270;5229;457288;168507;21.3;7.8
75;2021-04-15;8877;6140;466165;174647;21.7;8.1
75;2021-04-16;9365;6117;475530;180764;22.1;8.4
75;2021-04-17;4810;3653;480340;184417;22.4;8.6
75;2021-04-18;1659;878;481999;185295;22.4;8.6
75;2021-04-19;5560;4952;487559;190247;22.7;8.9
75;2021-04-20;6447;5958;494006;196205;23.0;9.1
75;2021-04-21;6847;5578;500853;201783;23.3;9.4
75;2021-04-22;7534;5919;508387;207702;23.7;9.7
75;2021-04-23;8527;6333;516914;214035;24.1;10.0
75;2021-04-24;6157;3349;523071;217384;24.3;10.1
75;2021-04-25;2955;759;526026;218143;24.5;10.2
75;2021-04-26;7022;4724;533048;222867;24.8;10.4
75;2021-04-27;10580;6426;543628;229293;25.3;10.7
75;2021-04-28;12183;6031;555811;235324;25.9;11.0
75;2021-04-29;13748;6345;569559;241669;26.5;11.2
75;2021-04-30;13652;6180;583211;247849;27.1;11.5
75;2021-05-01;5070;1327;588281;249176;27.4;11.6
75;2021-05-02;2378;794;590659;249970;27.5;11.6
75;2021-05-03;10273;13512;600932;263482;28.0;12.3
75;2021-05-04;11163;8079;612095;271561;28.5;12.6
75;2021-05-05;13541;6718;625636;278279;29.1;13.0
75;2021-05-06;13983;8199;639619;286478;29.8;13.3
75;2021-05-07;13962;8598;653581;295076;30.4;13.7
75;2021-05-08;10068;5521;663649;300597;30.9;14.0
75;2021-05-09;3814;3201;667463;303798;31.1;14.1
75;2021-05-10;14286;6735;681749;310533;31.7;14.5
75;2021-05-11;16832;8437;698581;318970;32.5;14.8
75;2021-05-12;17948;8165;716529;327135;33.4;15.2
75;2021-05-13;13626;2509;730155;329644;34.0;15.3
75;2021-05-14;18372;5148;748527;334792;34.8;15.6
75;2021-05-15;12300;2649;760827;337441;35.4;15.7
75;2021-05-16;3848;763;764675;338204;35.6;15.7
75;2021-05-17;15993;4660;780668;342864;36.3;16.0
75;2021-05-18;19139;5335;799807;348199;37.2;16.2
75;2021-05-19;20705;10737;820512;358936;38.2;16.7
75;2021-05-20;21565;8685;842077;367621;39.2;17.1
75;2021-05-21;21019;6554;863096;374175;40.2;17.4
75;2021-05-22;15920;3321;879016;377496;40.9;17.6
75;2021-05-23;5626;1340;884642;378836;41.2;17.6
75;2021-05-24;15630;2565;900272;381401;41.9;17.8
75;2021-05-25;18010;9604;918282;391005;42.7;18.2
75;2021-05-26;18859;8232;937141;399237;43.6;18.6
75;2021-05-27;20132;9827;957273;409064;44.6;19.0
75;2021-05-28;19331;10875;976604;419939;45.5;19.5
75;2021-05-29;16113;5855;992717;425794;46.2;19.8
75;2021-05-30;7031;2159;999748;427953;46.5;19.9
75;2021-05-31;18095;9471;1017843;437424;47.4;20.4
75;2021-06-01;18643;12995;1036486;450419;48.2;21.0
75;2021-06-02;18108;10310;1054594;460729;49.1;21.4
75;2021-06-03;20237;11983;1074831;472712;50.0;22.0
75;2021-06-04;18106;12877;1092937;485589;50.9;22.6
75;2021-06-05;11985;9629;1104922;495218;51.4;23.1
75;2021-06-06;6719;3160;1111641;498378;51.7;23.2
75;2021-06-07;13894;11851;1125535;510229;52.4;23.8
75;2021-06-08;14790;13984;1140325;524213;53.1;24.4
75;2021-06-09;16472;15256;1156797;539469;53.8;25.1
75;2021-06-10;18343;26331;1175140;565800;54.7;26.3
75;2021-06-11;15296;16480;1190436;582280;55.4;27.1
75;2021-06-12;13279;10005;1203715;592285;56.0;27.6
75;2021-06-13;6269;3798;1209984;596083;56.3;27.7
75;2021-06-14;11819;15426;1221803;611509;56.9;28.5
75;2021-06-15;12661;19558;1234464;631067;57.5;29.4
75;2021-06-16;12172;17242;1246636;648309;58.0;30.2
75;2021-06-17;12611;17689;1259247;665998;58.6;31.0
75;2021-06-18;11206;22629;1270453;688627;59.1;32.1
75;2021-06-19;7524;11830;1277977;700457;59.5;32.6
75;2021-06-20;2812;5487;1280789;705944;59.6;32.9
75;2021-06-21;8455;16344;1289244;722288;60.0;33.6
75;2021-06-22;8769;21814;1298013;744102;60.4;34.6
75;2021-06-23;10278;21435;1308291;765537;60.9;35.6
75;2021-06-24;11290;20646;1319581;786183;61.4;36.6
75;2021-06-25;9845;24705;1329426;810888;61.9;37.7
75;2021-06-26;7934;15428;1337360;826316;62.3;38.5
75;2021-06-27;2695;6333;1340055;832649;62.4;38.8
75;2021-06-28;8454;20154;1348509;852803;62.8;39.7
75;2021-06-29;9325;23845;1357834;876648;63.2;40.8
75;2021-06-30;10143;23621;1367977;900269;63.7;41.9
75;2021-07-01;11283;23520;1379260;923789;64.2;43.0
75;2021-07-02;10550;24780;1389810;948569;64.7;44.2
75;2021-07-03;7800;19822;1397610;968391;65.1;45.1
75;2021-07-04;3900;9558;1401510;977949;65.2;45.5
75;2021-07-05;8934;21571;1410444;999520;65.7;46.5
75;2021-07-06;10016;24010;1420460;1023530;66.1;47.6
75;2021-07-07;9995;25091;1430455;1048621;66.6;48.8
75;2021-07-08;10544;25014;1440999;1073635;67.1;50.0
75;2021-07-09;10470;24033;1451469;1097668;67.6;51.1
75;2021-07-10;7905;18515;1459374;1116183;67.9;52.0
75;2021-07-11;4342;8533;1463716;1124716;68.1;52.4
75;2021-07-12;9408;23087;1473124;1147803;68.6;53.4
75;2021-07-13;14248;24825;1487372;1172628;69.2;54.6
75;2021-07-14;8215;9719;1495587;1182347;69.6;55.0
75;2021-07-15;15098;25656;1510685;1208003;70.3;56.2
75;2021-07-16;15426;22139;1526111;1230142;71.0;57.3
75;2021-07-17;11487;16890;1537598;1247032;71.6;58.0
75;2021-07-18;6270;6827;1543868;1253859;71.9;58.4
75;2021-07-19;14247;21298;1558115;1275157;72.5;59.4
75;2021-07-20;15974;21875;1574089;1297032;73.3;60.4
75;2021-07-21;15587;20716;1589676;1317748;74.0;61.3
75;2021-07-22;17024;20067;1606700;1337815;74.8;62.3
75;2021-07-23;16851;19082;1623551;1356897;75.6;63.2
75;2021-07-24;10977;14044;1634528;1370941;76.1;63.8
75;2021-07-25;4968;5082;1639496;1376023;76.3;64.1
75;2021-07-26;15048;16866;1654544;1392889;77.0;64.8
75;2021-07-27;17938;16620;1672482;1409509;77.9;65.6
75;2021-07-28;16964;15452;1689446;1424961;78.6;66.3
75;2021-07-29;16607;15055;1706053;1440016;79.4;67.0
75;2021-07-30;16017;14291;1722070;1454307;80.2;67.7
75;2021-07-31;9185;9843;1731255;1464150;80.6;68.2
75;2021-08-01;3457;3287;1734712;1467437;80.7;68.3
75;2021-08-02;10366;11956;1745078;1479393;81.2;68.9
75;2021-08-03;10840;10789;1755918;1490182;81.7;69.4
75;2021-08-04;9351;9478;1765269;1499660;82.2;69.8
75;2021-08-05;8444;9496;1773713;1509156;82.6;70.2
75;2021-08-06;8013;9931;1781726;1519087;82.9;70.7
75;2021-08-07;5603;7125;1787329;1526212;83.2;71.0
75;2021-08-08;1908;3267;1789237;1529479;83.3;71.2
75;2021-08-09;8321;11407;1797558;1540886;83.7;71.7
75;2021-08-10;8898;11540;1806456;1552426;84.1;72.3
75;2021-08-11;7565;10093;1814021;1562519;84.4;72.7
75;2021-08-12;6742;10585;1820763;1573104;84.8;73.2
75;2021-08-13;6012;8873;1826775;1581977;85.0;73.6
75;2021-08-14;4004;7175;1830779;1589152;85.2;74.0
75;2021-08-15;920;1922;1831699;1591074;85.3;74.1
75;2021-08-16;5961;13992;1837660;1605066;85.5;74.7
75;2021-08-17;5659;13546;1843319;1618612;85.8;75.3
75;2021-08-18;4879;11956;1848198;1630568;86.0;75.9
75;2021-08-19;4538;12636;1852736;1643204;86.2;76.5
76;2020-12-27;0;0;0;0;0.0;0.0
76;2020-12-28;0;0;0;0;0.0;0.0
76;2020-12-29;0;0;0;0;0.0;0.0
76;2020-12-30;0;0;0;0;0.0;0.0
76;2020-12-31;0;0;0;0;0.0;0.0
76;2021-01-01;0;0;0;0;0.0;0.0
76;2021-01-02;0;0;0;0;0.0;0.0
76;2021-01-03;0;0;0;0;0.0;0.0
76;2021-01-04;17;0;17;0;0.0;0.0
76;2021-01-05;138;0;155;0;0.0;0.0
76;2021-01-06;682;2;837;2;0.1;0.0
76;2021-01-07;1355;7;2192;9;0.2;0.0
76;2021-01-08;1534;2;3726;11;0.3;0.0
76;2021-01-09;736;2;4462;13;0.4;0.0
76;2021-01-10;492;1;4954;14;0.4;0.0
76;2021-01-11;1358;2;6312;16;0.5;0.0
76;2021-01-12;1358;2;7670;18;0.6;0.0
76;2021-01-13;1187;5;8857;23;0.7;0.0
76;2021-01-14;2175;24;11032;47;0.9;0.0
76;2021-01-15;1911;9;12943;56;1.0;0.0
76;2021-01-16;990;6;13933;62;1.1;0.0
76;2021-01-17;2898;20;16831;82;1.4;0.0
76;2021-01-18;4396;16;21227;98;1.7;0.0
76;2021-01-19;3013;8;24240;106;1.9;0.0
76;2021-01-20;2069;9;26309;115;2.1;0.0
76;2021-01-21;1773;4;28082;119;2.3;0.0
76;2021-01-22;1706;4;29788;123;2.4;0.0
76;2021-01-23;449;1;30237;124;2.4;0.0
76;2021-01-24;99;0;30336;124;2.4;0.0
76;2021-01-25;1474;141;31810;265;2.6;0.0
76;2021-01-26;1389;335;33199;600;2.7;0.0
76;2021-01-27;1340;432;34539;1032;2.8;0.1
76;2021-01-28;1283;383;35822;1415;2.9;0.1
76;2021-01-29;1152;459;36974;1874;3.0;0.2
76;2021-01-30;283;304;37257;2178;3.0;0.2
76;2021-01-31;4;98;37261;2276;3.0;0.2
76;2021-02-01;839;815;38100;3091;3.1;0.2
76;2021-02-02;1056;1021;39156;4112;3.1;0.3
76;2021-02-03;919;1003;40075;5115;3.2;0.4
76;2021-02-04;976;1454;41051;6569;3.3;0.5
76;2021-02-05;974;1105;42025;7674;3.4;0.6
76;2021-02-06;262;881;42287;8555;3.4;0.7
76;2021-02-07;468;1659;42755;10214;3.4;0.8
76;2021-02-08;1922;3736;44677;13950;3.6;1.1
76;2021-02-09;1757;2998;46434;16948;3.7;1.4
76;2021-02-10;1487;1811;47921;18759;3.9;1.5
76;2021-02-11;1676;1530;49597;20289;4.0;1.6
76;2021-02-12;1709;1577;51306;21866;4.1;1.8
76;2021-02-13;230;337;51536;22203;4.1;1.8
76;2021-02-14;9;82;51545;22285;4.1;1.8
76;2021-02-15;554;1720;52099;24005;4.2;1.9
76;2021-02-16;741;1645;52840;25650;4.2;2.1
76;2021-02-17;625;1448;53465;27098;4.3;2.2
76;2021-02-18;780;1395;54245;28493;4.4;2.3
76;2021-02-19;868;1343;55113;29836;4.4;2.4
76;2021-02-20;270;288;55383;30124;4.5;2.4
76;2021-02-21;0;0;55383;30124;4.5;2.4
76;2021-02-22;371;1314;55754;31438;4.5;2.5
76;2021-02-23;575;1241;56329;32679;4.5;2.6
76;2021-02-24;599;1201;56928;33880;4.6;2.7
76;2021-02-25;1665;1265;58593;35145;4.7;2.8
76;2021-02-26;2171;1050;60764;36195;4.9;2.9
76;2021-02-27;1107;276;61871;36471;5.0;2.9
76;2021-02-28;27;196;61898;36667;5.0;2.9
76;2021-03-01;828;2109;62726;38776;5.0;3.1
76;2021-03-02;1381;1720;64107;40496;5.2;3.3
76;2021-03-03;1942;1404;66049;41900;5.3;3.4
76;2021-03-04;2818;1111;68867;43011;5.5;3.5
76;2021-03-05;4180;813;73047;43824;5.9;3.5
76;2021-03-06;3364;163;76411;43987;6.1;3.5
76;2021-03-07;1257;34;77668;44021;6.2;3.5
76;2021-03-08;2100;1254;79768;45275;6.4;3.6
76;2021-03-09;3574;1172;83342;46447;6.7;3.7
76;2021-03-10;3592;1066;86934;47513;7.0;3.8
76;2021-03-11;5634;945;92568;48458;7.4;3.9
76;2021-03-12;6826;599;99394;49057;8.0;3.9
76;2021-03-13;4646;148;104040;49205;8.4;4.0
76;2021-03-14;1068;28;105108;49233;8.5;4.0
76;2021-03-15;2917;236;108025;49469;8.7;4.0
76;2021-03-16;2556;402;110581;49871;8.9;4.0
76;2021-03-17;2695;317;113276;50188;9.1;4.0
76;2021-03-18;3002;308;116278;50496;9.3;4.1
76;2021-03-19;4395;430;120673;50926;9.7;4.1
76;2021-03-20;3974;287;124647;51213;10.0;4.1
76;2021-03-21;837;13;125484;51226;10.1;4.1
76;2021-03-22;3993;344;129477;51570;10.4;4.1
76;2021-03-23;5711;358;135188;51928;10.9;4.2
76;2021-03-24;5699;396;140887;52324;11.3;4.2
76;2021-03-25;7508;569;148395;52893;11.9;4.3
76;2021-03-26;8720;587;157115;53480;12.6;4.3
76;2021-03-27;4810;387;161925;53867;13.0;4.3
76;2021-03-28;1021;31;162946;53898;13.1;4.3
76;2021-03-29;5390;822;168336;54720;13.5;4.4
76;2021-03-30;6585;1058;174921;55778;14.1;4.5
76;2021-03-31;6449;1256;181370;57034;14.6;4.6
76;2021-04-01;6783;2034;188153;59068;15.1;4.7
76;2021-04-02;6488;2678;194641;61746;15.6;5.0
76;2021-04-03;2443;1080;197084;62826;15.8;5.1
76;2021-04-04;264;11;197348;62837;15.9;5.1
76;2021-04-05;868;379;198216;63216;15.9;5.1
76;2021-04-06;3557;2794;201773;66010;16.2;5.3
76;2021-04-07;4417;2406;206190;68416;16.6;5.5
76;2021-04-08;5842;2784;212032;71200;17.0;5.7
76;2021-04-09;8807;3069;220839;74269;17.8;6.0
76;2021-04-10;4877;1418;225716;75687;18.1;6.1
76;2021-04-11;814;529;226530;76216;18.2;6.1
76;2021-04-12;4725;2847;231255;79063;18.6;6.4
76;2021-04-13;5926;2871;237181;81934;19.1;6.6
76;2021-04-14;4805;3140;241986;85074;19.5;6.8
76;2021-04-15;5564;3362;247550;88436;19.9;7.1
76;2021-04-16;7353;3438;254903;91874;20.5;7.4
76;2021-04-17;4388;1429;259291;93303;20.8;7.5
76;2021-04-18;339;140;259630;93443;20.9;7.5
76;2021-04-19;3478;3773;263108;97216;21.2;7.8
76;2021-04-20;4342;4277;267450;101493;21.5;8.2
76;2021-04-21;4191;4691;271641;106184;21.8;8.5
76;2021-04-22;4561;5439;276202;111623;22.2;9.0
76;2021-04-23;5437;5957;281639;117580;22.6;9.5
76;2021-04-24;4163;2190;285802;119770;23.0;9.6
76;2021-04-25;893;267;286695;120037;23.1;9.7
76;2021-04-26;4482;4477;291177;124514;23.4;10.0
76;2021-04-27;4999;5005;296176;129519;23.8;10.4
76;2021-04-28;5347;4170;301523;133689;24.2;10.7
76;2021-04-29;6927;4169;308450;137858;24.8;11.1
76;2021-04-30;8217;4648;316667;142506;25.5;11.5
76;2021-05-01;4827;1011;321494;143517;25.8;11.5
76;2021-05-02;1843;261;323337;143778;26.0;11.6
76;2021-05-03;4703;3315;328040;147093;26.4;11.8
76;2021-05-04;4823;4560;332863;151653;26.8;12.2
76;2021-05-05;4784;5179;337647;156832;27.1;12.6
76;2021-05-06;5921;5588;343568;162420;27.6;13.1
76;2021-05-07;6138;6764;349706;169184;28.1;13.6
76;2021-05-08;5055;905;354761;170089;28.5;13.7
76;2021-05-09;2539;235;357300;170324;28.7;13.7
76;2021-05-10;4948;5060;362248;175384;29.1;14.1
76;2021-05-11;6519;5680;368767;181064;29.6;14.6
76;2021-05-12;6265;5077;375032;186141;30.2;15.0
76;2021-05-13;8845;1281;383877;187422;30.9;15.1
76;2021-05-14;10415;4666;394292;192088;31.7;15.4
76;2021-05-15;9120;2455;403412;194543;32.4;15.6
76;2021-05-16;6233;480;409645;195023;32.9;15.7
76;2021-05-17;7225;3275;416870;198298;33.5;15.9
76;2021-05-18;8304;2810;425174;201108;34.2;16.2
76;2021-05-19;8404;3191;433578;204299;34.9;16.4
76;2021-05-20;9649;3415;443227;207714;35.6;16.7
76;2021-05-21;8369;4094;451596;211808;36.3;17.0
76;2021-05-22;7164;2360;458760;214168;36.9;17.2
76;2021-05-23;6390;413;465150;214581;37.4;17.3
76;2021-05-24;6865;1529;472015;216110;37.9;17.4
76;2021-05-25;8024;4086;480039;220196;38.6;17.7
76;2021-05-26;7574;3612;487613;223808;39.2;18.0
76;2021-05-27;8347;4707;495960;228515;39.9;18.4
76;2021-05-28;8233;6577;504193;235092;40.5;18.9
76;2021-05-29;6221;3520;510414;238612;41.0;19.2
76;2021-05-30;3147;431;513561;239043;41.3;19.2
76;2021-05-31;8167;3971;521728;243014;41.9;19.5
76;2021-06-01;9211;5028;530939;248042;42.7;19.9
76;2021-06-02;7930;4448;538869;252490;43.3;20.3
76;2021-06-03;9538;5406;548407;257896;44.1;20.7
76;2021-06-04;9244;6679;557651;264575;44.8;21.3
76;2021-06-05;6289;3816;563940;268391;45.3;21.6
76;2021-06-06;2554;648;566494;269039;45.5;21.6
76;2021-06-07;6983;5454;573477;274493;46.1;22.1
76;2021-06-08;8654;6285;582131;280778;46.8;22.6
76;2021-06-09;7212;6086;589343;286864;47.4;23.1
76;2021-06-10;7993;6563;597336;293427;48.0;23.6
76;2021-06-11;7581;8237;604917;301664;48.6;24.3
76;2021-06-12;7166;5874;612083;307538;49.2;24.7
76;2021-06-13;2961;1294;615044;308832;49.4;24.8
76;2021-06-14;6490;6717;621534;315549;50.0;25.4
76;2021-06-15;6298;7465;627832;323014;50.5;26.0
76;2021-06-16;6655;7484;634487;330498;51.0;26.6
76;2021-06-17;7008;7758;641495;338256;51.6;27.2
76;2021-06-18;7689;9239;649184;347495;52.2;27.9
76;2021-06-19;5986;6263;655170;353758;52.7;28.4
76;2021-06-20;2811;1815;657981;355573;52.9;28.6
76;2021-06-21;5589;8174;663570;363747;53.4;29.2
76;2021-06-22;4924;9879;668494;373626;53.7;30.0
76;2021-06-23;4730;9435;673224;383061;54.1;30.8
76;2021-06-24;4797;9916;678021;392977;54.5;31.6
76;2021-06-25;5225;11576;683246;404553;54.9;32.5
76;2021-06-26;3454;7877;686700;412430;55.2;33.2
76;2021-06-27;1366;5164;688066;417594;55.3;33.6
76;2021-06-28;3615;9947;691681;427541;55.6;34.4
76;2021-06-29;3872;10234;695553;437775;55.9;35.2
76;2021-06-30;4271;9840;699824;447615;56.3;36.0
76;2021-07-01;4591;9905;704415;457520;56.6;36.8
76;2021-07-02;4369;12012;708784;469532;57.0;37.8
76;2021-07-03;3586;8454;712370;477986;57.3;38.4
76;2021-07-04;1487;5305;713857;483291;57.4;38.9
76;2021-07-05;3953;9331;717810;492622;57.7;39.6
76;2021-07-06;4054;10077;721864;502699;58.0;40.4
76;2021-07-07;4013;9328;725877;512027;58.4;41.2
76;2021-07-08;4465;9459;730342;521486;58.7;41.9
76;2021-07-09;4365;12408;734707;533894;59.1;42.9
76;2021-07-10;3137;8553;737844;542447;59.3;43.6
76;2021-07-11;1777;2820;739621;545267;59.5;43.8
76;2021-07-12;3156;11149;742777;556416;59.7;44.7
76;2021-07-13;4936;12261;747713;568677;60.1;45.7
76;2021-07-14;4804;5542;752517;574219;60.5;46.2
76;2021-07-15;5913;11791;758430;586010;61.0;47.1
76;2021-07-16;6717;12019;765147;598029;61.5;48.1
76;2021-07-17;5277;8704;770424;606733;61.9;48.8
76;2021-07-18;2258;3357;772682;610090;62.1;49.1
76;2021-07-19;5159;11150;777841;621240;62.5;49.9
76;2021-07-20;6270;11625;784111;632865;63.0;50.9
76;2021-07-21;6337;10554;790448;643419;63.6;51.7
76;2021-07-22;8235;9652;798683;653071;64.2;52.5
76;2021-07-23;7621;11992;806304;665063;64.8;53.5
76;2021-07-24;4989;7714;811293;672777;65.2;54.1
76;2021-07-25;2866;3142;814159;675919;65.5;54.3
76;2021-07-26;5431;10151;819590;686070;65.9;55.2
76;2021-07-27;8319;9559;827909;695629;66.6;55.9
76;2021-07-28;8237;7807;836146;703436;67.2;56.6
76;2021-07-29;9553;6971;845699;710407;68.0;57.1
76;2021-07-30;7960;7833;853659;718240;68.6;57.7
76;2021-07-31;6573;5324;860232;723564;69.2;58.2
76;2021-08-01;3859;2077;864091;725641;69.5;58.3
76;2021-08-02;6527;7096;870618;732737;70.0;58.9
76;2021-08-03;7941;6349;878559;739086;70.6;59.4
76;2021-08-04;7213;5846;885772;744932;71.2;59.9
76;2021-08-05;8017;5699;893789;750631;71.9;60.4
76;2021-08-06;6742;6864;900531;757495;72.4;60.9
76;2021-08-07;4769;4371;905300;761866;72.8;61.3
76;2021-08-08;2400;2154;907700;764020;73.0;61.4
76;2021-08-09;5590;6727;913290;770747;73.4;62.0
76;2021-08-10;6329;6537;919619;777284;73.9;62.5
76;2021-08-11;6435;5472;926054;782756;74.5;62.9
76;2021-08-12;6011;6054;932065;788810;74.9;63.4
76;2021-08-13;5023;6193;937088;795003;75.3;63.9
76;2021-08-14;3817;4586;940905;799589;75.6;64.3
76;2021-08-15;1573;2349;942478;801938;75.8;64.5
76;2021-08-16;3603;6706;946081;808644;76.1;65.0
76;2021-08-17;3883;6930;949964;815574;76.4;65.6
76;2021-08-18;3704;6725;953668;822299;76.7;66.1
76;2021-08-19;3326;7149;956994;829448;76.9;66.7
77;2020-12-27;1;0;1;0;0.0;0.0
77;2020-12-28;1;0;2;0;0.0;0.0
77;2020-12-29;0;0;2;0;0.0;0.0
77;2020-12-30;0;0;2;0;0.0;0.0
77;2020-12-31;0;0;2;0;0.0;0.0
77;2021-01-01;3;0;5;0;0.0;0.0
77;2021-01-02;0;0;5;0;0.0;0.0
77;2021-01-03;0;0;5;0;0.0;0.0
77;2021-01-04;6;0;11;0;0.0;0.0
77;2021-01-05;199;0;210;0;0.0;0.0
77;2021-01-06;223;2;433;2;0.0;0.0
77;2021-01-07;521;3;954;5;0.1;0.0
77;2021-01-08;612;0;1566;5;0.1;0.0
77;2021-01-09;273;1;1839;6;0.1;0.0
77;2021-01-10;235;2;2074;8;0.1;0.0
77;2021-01-11;783;2;2857;10;0.2;0.0
77;2021-01-12;884;1;3741;11;0.3;0.0
77;2021-01-13;936;1;4677;12;0.3;0.0
77;2021-01-14;847;7;5524;19;0.4;0.0
77;2021-01-15;859;10;6383;29;0.4;0.0
77;2021-01-16;168;1;6551;30;0.5;0.0
77;2021-01-17;131;2;6682;32;0.5;0.0
77;2021-01-18;1194;5;7876;37;0.6;0.0
77;2021-01-19;1719;20;9595;57;0.7;0.0
77;2021-01-20;2541;5;12136;62;0.9;0.0
77;2021-01-21;2052;23;14188;85;1.0;0.0
77;2021-01-22;1147;8;15335;93;1.1;0.0
77;2021-01-23;350;0;15685;93;1.1;0.0
77;2021-01-24;43;0;15728;93;1.1;0.0
77;2021-01-25;939;24;16667;117;1.2;0.0
77;2021-01-26;1702;25;18369;142;1.3;0.0
77;2021-01-27;1362;28;19731;170;1.4;0.0
77;2021-01-28;1697;98;21428;268;1.5;0.0
77;2021-01-29;1285;146;22713;414;1.6;0.0
77;2021-01-30;211;2;22924;416;1.6;0.0
77;2021-01-31;0;0;22924;416;1.6;0.0
77;2021-02-01;569;212;23493;628;1.7;0.0
77;2021-02-02;867;267;24360;895;1.7;0.1
77;2021-02-03;794;526;25154;1421;1.8;0.1
77;2021-02-04;789;806;25943;2227;1.8;0.2
77;2021-02-05;857;852;26800;3079;1.9;0.2
77;2021-02-06;165;101;26965;3180;1.9;0.2
77;2021-02-07;16;92;26981;3272;1.9;0.2
77;2021-02-08;494;939;27475;4211;1.9;0.3
77;2021-02-09;590;1466;28065;5677;2.0;0.4
77;2021-02-10;1029;1835;29094;7512;2.0;0.5
77;2021-02-11;1059;1655;30153;9167;2.1;0.6
77;2021-02-12;1098;1173;31251;10340;2.2;0.7
77;2021-02-13;187;175;31438;10515;2.2;0.7
77;2021-02-14;12;57;31450;10572;2.2;0.7
77;2021-02-15;555;1030;32005;11602;2.2;0.8
77;2021-02-16;599;1540;32604;13142;2.3;0.9
77;2021-02-17;515;1188;33119;14330;2.3;1.0
77;2021-02-18;840;1624;33959;15954;2.4;1.1
77;2021-02-19;776;1133;34735;17087;2.4;1.2
77;2021-02-20;54;179;34789;17266;2.4;1.2
77;2021-02-21;7;31;34796;17297;2.4;1.2
77;2021-02-22;303;773;35099;18070;2.5;1.3
77;2021-02-23;358;1132;35457;19202;2.5;1.3
77;2021-02-24;512;899;35969;20101;2.5;1.4
77;2021-02-25;793;970;36762;21071;2.6;1.5
77;2021-02-26;841;839;37603;21910;2.6;1.5
77;2021-02-27;460;169;38063;22079;2.7;1.6
77;2021-02-28;32;5;38095;22084;2.7;1.6
77;2021-03-01;676;712;38771;22796;2.7;1.6
77;2021-03-02;1092;1028;39863;23824;2.8;1.7
77;2021-03-03;1953;1178;41816;25002;2.9;1.8
77;2021-03-04;2800;1134;44616;26136;3.1;1.8
77;2021-03-05;3378;1055;47994;27191;3.4;1.9
77;2021-03-06;4823;263;52817;27454;3.7;1.9
77;2021-03-07;3190;115;56007;27569;3.9;1.9
77;2021-03-08;1230;507;57237;28076;4.0;2.0
77;2021-03-09;2503;631;59740;28707;4.2;2.0
77;2021-03-10;2397;577;62137;29284;4.4;2.1
77;2021-03-11;3500;784;65637;30068;4.6;2.1
77;2021-03-12;3888;683;69525;30751;4.9;2.2
77;2021-03-13;4481;204;74006;30955;5.2;2.2
77;2021-03-14;2152;119;76158;31074;5.3;2.2
77;2021-03-15;2509;278;78667;31352;5.5;2.2
77;2021-03-16;2444;376;81111;31728;5.7;2.2
77;2021-03-17;2551;425;83662;32153;5.9;2.3
77;2021-03-18;3010;398;86672;32551;6.1;2.3
77;2021-03-19;3358;433;90030;32984;6.3;2.3
77;2021-03-20;1966;75;91996;33059;6.5;2.3
77;2021-03-21;242;13;92238;33072;6.5;2.3
77;2021-03-22;3020;407;95258;33479;6.7;2.4
77;2021-03-23;4518;527;99776;34006;7.0;2.4
77;2021-03-24;4152;616;103928;34622;7.3;2.4
77;2021-03-25;5908;406;109836;35028;7.7;2.5
77;2021-03-26;6267;443;116103;35471;8.2;2.5
77;2021-03-27;3321;120;119424;35591;8.4;2.5
77;2021-03-28;1730;44;121154;35635;8.5;2.5
77;2021-03-29;2652;686;123806;36321;8.7;2.6
77;2021-03-30;3995;1194;127801;37515;9.0;2.6
77;2021-03-31;3753;1221;131554;38736;9.2;2.7
77;2021-04-01;4141;1818;135695;40554;9.5;2.8
77;2021-04-02;3990;2014;139685;42568;9.8;3.0
77;2021-04-03;1745;2281;141430;44849;9.9;3.2
77;2021-04-04;424;1426;141854;46275;10.0;3.3
77;2021-04-05;158;162;142012;46437;10.0;3.3
77;2021-04-06;2718;1922;144730;48359;10.2;3.4
77;2021-04-07;3317;2082;148047;50441;10.4;3.5
77;2021-04-08;4534;2364;152581;52805;10.7;3.7
77;2021-04-09;4848;2086;157429;54891;11.1;3.9
77;2021-04-10;3074;2749;160503;57640;11.3;4.0
77;2021-04-11;586;717;161089;58357;11.3;4.1
77;2021-04-12;2232;1825;163321;60182;11.5;4.2
77;2021-04-13;3360;2635;166681;62817;11.7;4.4
77;2021-04-14;2522;2648;169203;65465;11.9;4.6
77;2021-04-15;3319;3114;172522;68579;12.1;4.8
77;2021-04-16;3575;2720;176097;71299;12.4;5.0
77;2021-04-17;1387;474;177484;71773;12.5;5.0
77;2021-04-18;150;11;177634;71784;12.5;5.0
77;2021-04-19;2084;2512;179718;74296;12.6;5.2
77;2021-04-20;2569;3382;182287;77678;12.8;5.5
77;2021-04-21;2194;3477;184481;81155;13.0;5.7
77;2021-04-22;3002;3859;187483;85014;13.2;6.0
77;2021-04-23;3529;3636;191012;88650;13.4;6.2
77;2021-04-24;4901;2514;195913;91164;13.8;6.4
77;2021-04-25;4080;1238;199993;92402;14.0;6.5
77;2021-04-26;3227;2041;203220;94443;14.3;6.6
77;2021-04-27;3995;2515;207215;96958;14.6;6.8
77;2021-04-28;4070;2615;211285;99573;14.8;7.0
77;2021-04-29;4479;3079;215764;102652;15.2;7.2
77;2021-04-30;4909;3335;220673;105987;15.5;7.4
77;2021-05-01;2463;594;223136;106581;15.7;7.5
77;2021-05-02;3142;277;226278;106858;15.9;7.5
77;2021-05-03;5989;2066;232267;108924;16.3;7.7
77;2021-05-04;6440;2989;238707;111913;16.8;7.9
77;2021-05-05;6016;3024;244723;114937;17.2;8.1
77;2021-05-06;6889;3593;251612;118530;17.7;8.3
77;2021-05-07;8203;3261;259815;121791;18.3;8.6
77;2021-05-08;5709;808;265524;122599;18.7;8.6
77;2021-05-09;4906;479;270430;123078;19.0;8.6
77;2021-05-10;8089;2328;278519;125406;19.6;8.8
77;2021-05-11;9582;2918;288101;128324;20.2;9.0
77;2021-05-12;8977;2284;297078;130608;20.9;9.2
77;2021-05-13;9305;881;306383;131489;21.5;9.2
77;2021-05-14;10426;1663;316809;133152;22.3;9.4
77;2021-05-15;8991;1250;325800;134402;22.9;9.4
77;2021-05-16;5151;464;330951;134866;23.2;9.5
77;2021-05-17;10372;1472;341323;136338;24.0;9.6
77;2021-05-18;11782;1803;353105;138141;24.8;9.7
77;2021-05-19;10912;1604;364017;139745;25.6;9.8
77;2021-05-20;12212;2155;376229;141900;26.4;10.0
77;2021-05-21;11653;2698;387882;144598;27.2;10.2
77;2021-05-22;9820;1738;397702;146336;27.9;10.3
77;2021-05-23;6986;806;404688;147142;28.4;10.3
77;2021-05-24;6765;774;411453;147916;28.9;10.4
77;2021-05-25;8311;2814;419764;150730;29.5;10.6
77;2021-05-26;7565;2980;427329;153710;30.0;10.8
77;2021-05-27;7553;3962;434882;157672;30.5;11.1
77;2021-05-28;7639;4011;442521;161683;31.1;11.4
77;2021-05-29;7355;2340;449876;164023;31.6;11.5
77;2021-05-30;4359;893;454235;164916;31.9;11.6
77;2021-05-31;8385;3831;462620;168747;32.5;11.9
77;2021-06-01;9645;4382;472265;173129;33.2;12.2
77;2021-06-02;9004;3922;481269;177051;33.8;12.4
77;2021-06-03;9002;5272;490271;182323;34.4;12.8
77;2021-06-04;9117;5490;499388;187813;35.1;13.2
77;2021-06-05;6662;4993;506050;192806;35.5;13.5
77;2021-06-06;4911;3209;510961;196015;35.9;13.8
77;2021-06-07;6418;4544;517379;200559;36.3;14.1
77;2021-06-08;5723;5215;523102;205774;36.7;14.5
77;2021-06-09;5056;4958;528158;210732;37.1;14.8
77;2021-06-10;5015;5462;533173;216194;37.5;15.2
77;2021-06-11;5756;6036;538929;222230;37.9;15.6
77;2021-06-12;6545;4751;545474;226981;38.3;15.9
77;2021-06-13;3507;3052;548981;230033;38.6;16.2
77;2021-06-14;3217;7929;552198;237962;38.8;16.7
77;2021-06-15;4124;8479;556322;246441;39.1;17.3
77;2021-06-16;4805;8376;561127;254817;39.4;17.9
77;2021-06-17;4470;9027;565597;263844;39.7;18.5
77;2021-06-18;4363;9788;569960;273632;40.0;19.2
77;2021-06-19;5303;6931;575263;280563;40.4;19.7
77;2021-06-20;2094;3798;577357;284361;40.6;20.0
77;2021-06-21;3231;9581;580588;293942;40.8;20.6
77;2021-06-22;3667;11374;584255;305316;41.0;21.4
77;2021-06-23;3440;10055;587695;315371;41.3;22.2
77;2021-06-24;3357;10913;591052;326284;41.5;22.9
77;2021-06-25;3625;10805;594677;337089;41.8;23.7
77;2021-06-26;4088;10069;598765;347158;42.1;24.4
77;2021-06-27;2123;6425;600888;353583;42.2;24.8
77;2021-06-28;2801;10830;603689;364413;42.4;25.6
77;2021-06-29;3414;12525;607103;376938;42.6;26.5
77;2021-06-30;3286;11447;610389;388385;42.9;27.3
77;2021-07-01;3278;11659;613667;400044;43.1;28.1
77;2021-07-02;3451;12254;617118;412298;43.3;29.0
77;2021-07-03;3184;10794;620302;423092;43.6;29.7
77;2021-07-04;1994;6492;622296;429584;43.7;30.2
77;2021-07-05;3591;9545;625887;439129;44.0;30.8
77;2021-07-06;3737;9526;629624;448655;44.2;31.5
77;2021-07-07;4056;8953;633680;457608;44.5;32.1
77;2021-07-08;3917;8757;637597;466365;44.8;32.8
77;2021-07-09;4695;10341;642292;476706;45.1;33.5
77;2021-07-10;4047;9841;646339;486547;45.4;34.2
77;2021-07-11;3085;5083;649424;491630;45.6;34.5
77;2021-07-12;3284;10857;652708;502487;45.8;35.3
77;2021-07-13;6111;12028;658819;514515;46.3;36.1
77;2021-07-14;3547;6438;662366;520953;46.5;36.6
77;2021-07-15;7162;11961;669528;532914;47.0;37.4
77;2021-07-16;7808;9885;677336;542799;47.6;38.1
77;2021-07-17;5785;9456;683121;552255;48.0;38.8
77;2021-07-18;4141;5327;687262;557582;48.3;39.2
77;2021-07-19;7490;8940;694752;566522;48.8;39.8
77;2021-07-20;9567;8025;704319;574547;49.5;40.4
77;2021-07-21;9498;7465;713817;582012;50.1;40.9
77;2021-07-22;10494;7518;724311;589530;50.9;41.4
77;2021-07-23;9817;8188;734128;597718;51.6;42.0
77;2021-07-24;7181;7858;741309;605576;52.1;42.5
77;2021-07-25;5866;4021;747175;609597;52.5;42.8
77;2021-07-26;9172;5956;756347;615553;53.1;43.2
77;2021-07-27;10838;6021;767185;621574;53.9;43.7
77;2021-07-28;9400;6402;776585;627976;54.6;44.1
77;2021-07-29;9479;5488;786064;633464;55.2;44.5
77;2021-07-30;9641;6345;795705;639809;55.9;44.9
77;2021-07-31;7200;6624;802905;646433;56.4;45.4
77;2021-08-01;2938;1206;805843;647639;56.6;45.5
77;2021-08-02;6998;5727;812841;653366;57.1;45.9
77;2021-08-03;5725;4490;818566;657856;57.5;46.2
77;2021-08-04;4666;4378;823232;662234;57.8;46.5
77;2021-08-05;3198;2949;826430;665183;58.1;46.7
77;2021-08-06;5808;5234;832238;670417;58.5;47.1
77;2021-08-07;5242;6792;837480;677209;58.8;47.6
77;2021-08-08;1956;1857;839436;679066;59.0;47.7
77;2021-08-09;5023;6578;844459;685644;59.3;48.2
77;2021-08-10;2655;3557;847114;689201;59.5;48.4
77;2021-08-11;3087;6179;850201;695380;59.7;48.8
77;2021-08-12;2231;3553;852432;698933;59.9;49.1
77;2021-08-13;2681;4873;855113;703806;60.1;49.4
77;2021-08-14;2911;7302;858024;711108;60.3;50.0
77;2021-08-15;787;765;858811;711873;60.3;50.0
77;2021-08-16;2355;6970;861166;718843;60.5;50.5
77;2021-08-17;2866;7185;864032;726028;60.7;51.0
77;2021-08-18;2631;6543;866663;732571;60.9;51.5
77;2021-08-19;2586;5067;869249;737638;61.1;51.8
78;2020-12-27;2;0;2;0;0.0;0.0
78;2020-12-28;0;0;2;0;0.0;0.0
78;2020-12-29;0;0;2;0;0.0;0.0
78;2020-12-30;0;0;2;0;0.0;0.0
78;2020-12-31;15;0;17;0;0.0;0.0
78;2021-01-01;1;0;18;0;0.0;0.0
78;2021-01-02;1;0;19;0;0.0;0.0
78;2021-01-03;2;0;21;0;0.0;0.0
78;2021-01-04;145;3;166;3;0.0;0.0
78;2021-01-05;175;1;341;4;0.0;0.0
78;2021-01-06;208;3;549;7;0.0;0.0
78;2021-01-07;469;2;1018;9;0.1;0.0
78;2021-01-08;651;3;1669;12;0.1;0.0
78;2021-01-09;22;0;1691;12;0.1;0.0
78;2021-01-10;1;0;1692;12;0.1;0.0
78;2021-01-11;792;3;2484;15;0.2;0.0
78;2021-01-12;945;5;3429;20;0.2;0.0
78;2021-01-13;740;9;4169;29;0.3;0.0
78;2021-01-14;811;9;4980;38;0.3;0.0
78;2021-01-15;847;10;5827;48;0.4;0.0
78;2021-01-16;32;1;5859;49;0.4;0.0
78;2021-01-17;0;0;5859;49;0.4;0.0
78;2021-01-18;1382;21;7241;70;0.5;0.0
78;2021-01-19;1841;27;9082;97;0.6;0.0
78;2021-01-20;1657;15;10739;112;0.7;0.0
78;2021-01-21;3252;14;13991;126;1.0;0.0
78;2021-01-22;2216;16;16207;142;1.1;0.0
78;2021-01-23;279;0;16486;142;1.1;0.0
78;2021-01-24;5;0;16491;142;1.1;0.0
78;2021-01-25;958;32;17449;174;1.2;0.0
78;2021-01-26;1559;20;19008;194;1.3;0.0
78;2021-01-27;2060;49;21068;243;1.5;0.0
78;2021-01-28;2434;108;23502;351;1.6;0.0
78;2021-01-29;1489;64;24991;415;1.7;0.0
78;2021-01-30;210;3;25201;418;1.7;0.0
78;2021-01-31;3;0;25204;418;1.7;0.0
78;2021-02-01;786;225;25990;643;1.8;0.0
78;2021-02-02;968;346;26958;989;1.9;0.1
78;2021-02-03;975;241;27933;1230;1.9;0.1
78;2021-02-04;1117;448;29050;1678;2.0;0.1
78;2021-02-05;1190;507;30240;2185;2.1;0.2
78;2021-02-06;197;44;30437;2229;2.1;0.2
78;2021-02-07;139;14;30576;2243;2.1;0.2
78;2021-02-08;760;610;31336;2853;2.2;0.2
78;2021-02-09;1122;944;32458;3797;2.2;0.3
78;2021-02-10;1248;1180;33706;4977;2.3;0.3
78;2021-02-11;1819;1895;35525;6872;2.5;0.5
78;2021-02-12;1819;1411;37344;8283;2.6;0.6
78;2021-02-13;173;79;37517;8362;2.6;0.6
78;2021-02-14;26;25;37543;8387;2.6;0.6
78;2021-02-15;446;1438;37989;9825;2.6;0.7
78;2021-02-16;627;1559;38616;11384;2.7;0.8
78;2021-02-17;585;2220;39201;13604;2.7;0.9
78;2021-02-18;998;2280;40199;15884;2.8;1.1
78;2021-02-19;819;1730;41018;17614;2.8;1.2
78;2021-02-20;147;124;41165;17738;2.8;1.2
78;2021-02-21;0;12;41165;17750;2.8;1.2
78;2021-02-22;499;1060;41664;18810;2.9;1.3
78;2021-02-23;540;1124;42204;19934;2.9;1.4
78;2021-02-24;619;1237;42823;21171;3.0;1.5
78;2021-02-25;866;1155;43689;22326;3.0;1.5
78;2021-02-26;1132;1244;44821;23570;3.1;1.6
78;2021-02-27;739;150;45560;23720;3.1;1.6
78;2021-02-28;67;18;45627;23738;3.1;1.6
78;2021-03-01;965;907;46592;24645;3.2;1.7
78;2021-03-02;1725;1058;48317;25703;3.3;1.8
78;2021-03-03;1965;1234;50282;26937;3.5;1.9
78;2021-03-04;2946;1587;53228;28524;3.7;2.0
78;2021-03-05;3253;1657;56481;30181;3.9;2.1
78;2021-03-06;6242;290;62723;30471;4.3;2.1
78;2021-03-07;3443;97;66166;30568;4.6;2.1
78;2021-03-08;1456;761;67622;31329;4.7;2.2
78;2021-03-09;2939;910;70561;32239;4.9;2.2
78;2021-03-10;3076;1118;73637;33357;5.1;2.3
78;2021-03-11;4176;1310;77813;34667;5.4;2.4
78;2021-03-12;5369;1340;83182;36007;5.7;2.5
78;2021-03-13;4654;196;87836;36203;6.1;2.5
78;2021-03-14;1035;41;88871;36244;6.1;2.5
78;2021-03-15;3621;263;92492;36507;6.4;2.5
78;2021-03-16;2564;564;95056;37071;6.6;2.6
78;2021-03-17;2966;440;98022;37511;6.8;2.6
78;2021-03-18;3780;435;101802;37946;7.0;2.6
78;2021-03-19;5316;485;107118;38431;7.4;2.7
78;2021-03-20;2258;124;109376;38555;7.6;2.7
78;2021-03-21;165;7;109541;38562;7.6;2.7
78;2021-03-22;3532;379;113073;38941;7.8;2.7
78;2021-03-23;5230;541;118303;39482;8.2;2.7
78;2021-03-24;4893;543;123196;40025;8.5;2.8
78;2021-03-25;6940;558;130136;40583;9.0;2.8
78;2021-03-26;6937;719;137073;41302;9.5;2.9
78;2021-03-27;3744;190;140817;41492;9.7;2.9
78;2021-03-28;1919;48;142736;41540;9.9;2.9
78;2021-03-29;3865;763;146601;42303;10.1;2.9
78;2021-03-30;5523;1056;152124;43359;10.5;3.0
78;2021-03-31;5330;1284;157454;44643;10.9;3.1
78;2021-04-01;5593;2346;163047;46989;11.3;3.2
78;2021-04-02;5193;2624;168240;49613;11.6;3.4
78;2021-04-03;2198;2563;170438;52176;11.8;3.6
78;2021-04-04;173;14;170611;52190;11.8;3.6
78;2021-04-05;199;19;170810;52209;11.8;3.6
78;2021-04-06;3617;2305;174427;54514;12.0;3.8
78;2021-04-07;4357;2586;178784;57100;12.3;3.9
78;2021-04-08;5525;2670;184309;59770;12.7;4.1
78;2021-04-09;6907;2448;191216;62218;13.2;4.3
78;2021-04-10;3994;1896;195210;64114;13.5;4.4
78;2021-04-11;374;606;195584;64720;13.5;4.5
78;2021-04-12;3531;2365;199115;67085;13.7;4.6
78;2021-04-13;5458;2495;204573;69580;14.1;4.8
78;2021-04-14;4955;3392;209528;72972;14.5;5.0
78;2021-04-15;4616;3844;214144;76816;14.8;5.3
78;2021-04-16;5627;4020;219771;80836;15.2;5.6
78;2021-04-17;3615;716;223386;81552;15.4;5.6
78;2021-04-18;272;42;223658;81594;15.4;5.6
78;2021-04-19;3241;2815;226899;84409;15.7;5.8
78;2021-04-20;4709;3686;231608;88095;16.0;6.1
78;2021-04-21;4533;3504;236141;91599;16.3;6.3
78;2021-04-22;4566;4689;240707;96288;16.6;6.6
78;2021-04-23;5059;4430;245766;100718;17.0;7.0
78;2021-04-24;4865;2622;250631;103340;17.3;7.1
78;2021-04-25;3047;1730;253678;105070;17.5;7.3
78;2021-04-26;4768;3318;258446;108388;17.8;7.5
78;2021-04-27;5469;4309;263915;112697;18.2;7.8
78;2021-04-28;5651;4785;269566;117482;18.6;8.1
78;2021-04-29;6258;4065;275824;121547;19.0;8.4
78;2021-04-30;7210;4465;283034;126012;19.5;8.7
78;2021-05-01;612;256;283646;126268;19.6;8.7
78;2021-05-02;2008;165;285654;126433;19.7;8.7
78;2021-05-03;7458;1276;293112;127709;20.2;8.8
78;2021-05-04;6077;3980;299189;131689;20.7;9.1
78;2021-05-05;7296;4549;306485;136238;21.2;9.4
78;2021-05-06;6478;5179;312963;141417;21.6;9.8
78;2021-05-07;8312;5142;321275;146559;22.2;10.1
78;2021-05-08;2917;1451;324192;148010;22.4;10.2
78;2021-05-09;2818;352;327010;148362;22.6;10.2
78;2021-05-10;7342;4452;334352;152814;23.1;10.5
78;2021-05-11;8144;5415;342496;158229;23.6;10.9
78;2021-05-12;8730;3916;351226;162145;24.2;11.2
78;2021-05-13;6631;599;357857;162744;24.7;11.2
78;2021-05-14;10215;2218;368072;164962;25.4;11.4
78;2021-05-15;4934;2364;373006;167326;25.7;11.6
78;2021-05-16;3697;793;376703;168119;26.0;11.6
78;2021-05-17;8743;1347;385446;169466;26.6;11.7
78;2021-05-18;9882;1883;395328;171349;27.3;11.8
78;2021-05-19;11650;1711;406978;173060;28.1;11.9
78;2021-05-20;11594;2267;418572;175327;28.9;12.1
78;2021-05-21;12126;2631;430698;177958;29.7;12.3
78;2021-05-22;6546;1372;437244;179330;30.2;12.4
78;2021-05-23;3126;388;440370;179718;30.4;12.4
78;2021-05-24;3523;416;443893;180134;30.6;12.4
78;2021-05-25;9987;2504;453880;182638;31.3;12.6
78;2021-05-26;10165;3780;464045;186418;32.0;12.9
78;2021-05-27;10958;4642;475003;191060;32.8;13.2
78;2021-05-28;11415;6034;486418;197094;33.6;13.6
78;2021-05-29;4226;3386;490644;200480;33.9;13.8
78;2021-05-30;135;346;490779;200826;33.9;13.9
78;2021-05-31;7971;5362;498750;206188;34.4;14.2
78;2021-06-01;10032;6530;508782;212718;35.1;14.7
78;2021-06-02;8581;6213;517363;218931;35.7;15.1
78;2021-06-03;9899;6473;527262;225404;36.4;15.6
78;2021-06-04;9794;8147;537056;233551;37.1;16.1
78;2021-06-05;5516;6140;542572;239691;37.5;16.5
78;2021-06-06;2148;2013;544720;241704;37.6;16.7
78;2021-06-07;8125;6520;552845;248224;38.2;17.1
78;2021-06-08;8063;7319;560908;255543;38.7;17.6
78;2021-06-09;7325;6729;568233;262272;39.2;18.1
78;2021-06-10;7100;7106;575333;269378;39.7;18.6
78;2021-06-11;7580;8186;582913;277564;40.2;19.2
78;2021-06-12;6374;2919;589287;280483;40.7;19.4
78;2021-06-13;946;2458;590233;282941;40.7;19.5
78;2021-06-14;3409;9815;593642;292756;41.0;20.2
78;2021-06-15;5796;8293;599438;301049;41.4;20.8
78;2021-06-16;5420;8634;604858;309683;41.8;21.4
78;2021-06-17;5484;8537;610342;318220;42.1;22.0
78;2021-06-18;6165;9797;616507;328017;42.6;22.6
78;2021-06-19;5221;4819;621728;332836;42.9;23.0
78;2021-06-20;624;2838;622352;335674;43.0;23.2
78;2021-06-21;4098;9469;626450;345143;43.2;23.8
78;2021-06-22;3348;10316;629798;355459;43.5;24.5
78;2021-06-23;3840;10391;633638;365850;43.7;25.3
78;2021-06-24;3798;9979;637436;375829;44.0;25.9
78;2021-06-25;4000;13152;641436;388981;44.3;26.9
78;2021-06-26;4213;7955;645649;396936;44.6;27.4
78;2021-06-27;1040;2542;646689;399478;44.6;27.6
78;2021-06-28;3294;10902;649983;410380;44.9;28.3
78;2021-06-29;3537;11250;653520;421630;45.1;29.1
78;2021-06-30;4113;13225;657633;434855;45.4;30.0
78;2021-07-01;3969;12702;661602;447557;45.7;30.9
78;2021-07-02;4257;13936;665859;461493;46.0;31.9
78;2021-07-03;3156;8625;669015;470118;46.2;32.5
78;2021-07-04;760;1742;669775;471860;46.2;32.6
78;2021-07-05;3377;9693;673152;481553;46.5;33.2
78;2021-07-06;3525;12044;676677;493597;46.7;34.1
78;2021-07-07;3759;11609;680436;505206;47.0;34.9
78;2021-07-08;3863;11677;684299;516883;47.2;35.7
78;2021-07-09;4775;12743;689074;529626;47.6;36.6
78;2021-07-10;2623;6606;691697;536232;47.7;37.0
78;2021-07-11;747;2044;692444;538276;47.8;37.2
78;2021-07-12;2994;11745;695438;550021;48.0;38.0
78;2021-07-13;5324;11974;700762;561995;48.4;38.8
78;2021-07-14;2528;4984;703290;566979;48.5;39.1
78;2021-07-15;5658;11951;708948;578930;48.9;40.0
78;2021-07-16;7257;10777;716205;589707;49.4;40.7
78;2021-07-17;4720;4889;720925;594596;49.8;41.0
78;2021-07-18;1121;465;722046;595061;49.8;41.1
78;2021-07-19;3835;10341;725881;605402;50.1;41.8
78;2021-07-20;5569;9909;731450;615311;50.5;42.5
78;2021-07-21;5895;9847;737345;625158;50.9;43.2
78;2021-07-22;5945;9295;743290;634453;51.3;43.8
78;2021-07-23;6184;9216;749474;643669;51.7;44.4
78;2021-07-24;2930;4969;752404;648638;51.9;44.8
78;2021-07-25;983;372;753387;649010;52.0;44.8
78;2021-07-26;4850;6977;758237;655987;52.3;45.3
78;2021-07-27;7550;6886;765787;662873;52.9;45.8
78;2021-07-28;6926;5924;772713;668797;53.3;46.2
78;2021-07-29;7883;5979;780596;674776;53.9;46.6
78;2021-07-30;7624;7033;788220;681809;54.4;47.1
78;2021-07-31;2639;2731;790859;684540;54.6;47.3
78;2021-08-01;102;72;790961;684612;54.6;47.3
78;2021-08-02;2369;2115;793330;686727;54.8;47.4
78;2021-08-03;4207;4248;797537;690975;55.1;47.7
78;2021-08-04;4344;2793;801881;693768;55.4;47.9
78;2021-08-05;3846;3147;805727;696915;55.6;48.1
78;2021-08-06;3843;3709;809570;700624;55.9;48.4
78;2021-08-07;2791;3433;812361;704057;56.1;48.6
78;2021-08-08;475;341;812836;704398;56.1;48.6
78;2021-08-09;1861;1646;814697;706044;56.2;48.7
78;2021-08-10;3377;3967;818074;710011;56.5;49.0
78;2021-08-11;2959;3374;821033;713385;56.7;49.2
78;2021-08-12;2720;3530;823753;716915;56.9;49.5
78;2021-08-13;2827;3164;826580;720079;57.1;49.7
78;2021-08-14;2289;3073;828869;723152;57.2;49.9
78;2021-08-15;273;375;829142;723527;57.2;49.9
78;2021-08-16;900;2333;830042;725860;57.3;50.1
78;2021-08-17;2765;4407;832807;730267;57.5;50.4
78;2021-08-18;2438;3798;835245;734065;57.7;50.7
78;2021-08-19;2195;3549;837440;737614;57.8;50.9
79;2020-12-27;0;0;0;0;0.0;0.0
79;2020-12-28;3;0;3;0;0.0;0.0
79;2020-12-29;0;0;3;0;0.0;0.0
79;2020-12-30;0;0;3;0;0.0;0.0
79;2020-12-31;0;0;3;0;0.0;0.0
79;2021-01-01;0;0;3;0;0.0;0.0
79;2021-01-02;0;0;3;0;0.0;0.0
79;2021-01-03;0;0;3;0;0.0;0.0
79;2021-01-04;1;0;4;0;0.0;0.0
79;2021-01-05;0;0;4;0;0.0;0.0
79;2021-01-06;0;0;4;0;0.0;0.0
79;2021-01-07;158;0;162;0;0.0;0.0
79;2021-01-08;165;0;327;0;0.1;0.0
79;2021-01-09;98;0;425;0;0.1;0.0
79;2021-01-10;3;0;428;0;0.1;0.0
79;2021-01-11;184;1;612;1;0.2;0.0
79;2021-01-12;246;2;858;3;0.2;0.0
79;2021-01-13;258;0;1116;3;0.3;0.0
79;2021-01-14;505;7;1621;10;0.4;0.0
79;2021-01-15;616;5;2237;15;0.6;0.0
79;2021-01-16;66;0;2303;15;0.6;0.0
79;2021-01-17;0;0;2303;15;0.6;0.0
79;2021-01-18;477;2;2780;17;0.7;0.0
79;2021-01-19;1356;1;4136;18;1.1;0.0
79;2021-01-20;1677;1;5813;19;1.6;0.0
79;2021-01-21;1998;7;7811;26;2.1;0.0
79;2021-01-22;873;4;8684;30;2.3;0.0
79;2021-01-23;65;0;8749;30;2.3;0.0
79;2021-01-24;0;0;8749;30;2.3;0.0
79;2021-01-25;644;7;9393;37;2.5;0.0
79;2021-01-26;590;13;9983;50;2.7;0.0
79;2021-01-27;741;84;10724;134;2.9;0.0
79;2021-01-28;733;150;11457;284;3.1;0.1
79;2021-01-29;492;88;11949;372;3.2;0.1
79;2021-01-30;0;0;11949;372;3.2;0.1
79;2021-01-31;0;0;11949;372;3.2;0.1
79;2021-02-01;207;111;12156;483;3.3;0.1
79;2021-02-02;333;73;12489;556;3.4;0.1
79;2021-02-03;390;60;12879;616;3.5;0.2
79;2021-02-04;324;109;13203;725;3.5;0.2
79;2021-02-05;359;275;13562;1000;3.6;0.3
79;2021-02-06;3;0;13565;1000;3.6;0.3
79;2021-02-07;22;0;13587;1000;3.6;0.3
79;2021-02-08;283;169;13870;1169;3.7;0.3
79;2021-02-09;457;786;14327;1955;3.8;0.5
79;2021-02-10;618;1198;14945;3153;4.0;0.8
79;2021-02-11;777;1237;15722;4390;4.2;1.2
79;2021-02-12;468;767;16190;5157;4.3;1.4
79;2021-02-13;53;74;16243;5231;4.4;1.4
79;2021-02-14;0;0;16243;5231;4.4;1.4
79;2021-02-15;186;507;16429;5738;4.4;1.5
79;2021-02-16;334;734;16763;6472;4.5;1.7
79;2021-02-17;248;877;17011;7349;4.6;2.0
79;2021-02-18;353;946;17364;8295;4.7;2.2
79;2021-02-19;267;564;17631;8859;4.7;2.4
79;2021-02-20;4;22;17635;8881;4.7;2.4
79;2021-02-21;1;0;17636;8881;4.7;2.4
79;2021-02-22;136;462;17772;9343;4.8;2.5
79;2021-02-23;248;568;18020;9911;4.8;2.7
79;2021-02-24;245;543;18265;10454;4.9;2.8
79;2021-02-25;517;470;18782;10924;5.0;2.9
79;2021-02-26;599;399;19381;11323;5.2;3.0
79;2021-02-27;408;5;19789;11328;5.3;3.0
79;2021-02-28;35;0;19824;11328;5.3;3.0
79;2021-03-01;89;360;19913;11688;5.3;3.1
79;2021-03-02;302;508;20215;12196;5.4;3.3
79;2021-03-03;661;542;20876;12738;5.6;3.4
79;2021-03-04;904;571;21780;13309;5.8;3.6
79;2021-03-05;1217;450;22997;13759;6.2;3.7
79;2021-03-06;611;5;23608;13764;6.3;3.7
79;2021-03-07;77;1;23685;13765;6.4;3.7
79;2021-03-08;344;310;24029;14075;6.4;3.8
79;2021-03-09;841;343;24870;14418;6.7;3.9
79;2021-03-10;1146;405;26016;14823;7.0;4.0
79;2021-03-11;1639;326;27655;15149;7.4;4.1
79;2021-03-12;1719;120;29374;15269;7.9;4.1
79;2021-03-13;1136;12;30510;15281;8.2;4.1
79;2021-03-14;50;0;30560;15281;8.2;4.1
79;2021-03-15;497;158;31057;15439;8.3;4.1
79;2021-03-16;735;145;31792;15584;8.5;4.2
79;2021-03-17;577;108;32369;15692;8.7;4.2
79;2021-03-18;553;203;32922;15895;8.8;4.3
79;2021-03-19;662;258;33584;16153;9.0;4.3
79;2021-03-20;1007;12;34591;16165;9.3;4.3
79;2021-03-21;3;0;34594;16165;9.3;4.3
79;2021-03-22;955;205;35549;16370;9.5;4.4
79;2021-03-23;1592;170;37141;16540;10.0;4.4
79;2021-03-24;1829;159;38970;16699;10.5;4.5
79;2021-03-25;2499;190;41469;16889;11.1;4.5
79;2021-03-26;2405;136;43874;17025;11.8;4.6
79;2021-03-27;769;16;44643;17041;12.0;4.6
79;2021-03-28;1;0;44644;17041;12.0;4.6
79;2021-03-29;2147;113;46791;17154;12.6;4.6
79;2021-03-30;2816;62;49607;17216;13.3;4.6
79;2021-03-31;2777;380;52384;17596;14.1;4.7
79;2021-04-01;2696;378;55080;17974;14.8;4.8
79;2021-04-02;2822;393;57902;18367;15.5;4.9
79;2021-04-03;633;54;58535;18421;15.7;4.9
79;2021-04-04;3;0;58538;18421;15.7;4.9
79;2021-04-05;380;4;58918;18425;15.8;4.9
79;2021-04-06;1793;584;60711;19009;16.3;5.1
79;2021-04-07;3116;736;63827;19745;17.1;5.3
79;2021-04-08;2630;695;66457;20440;17.8;5.5
79;2021-04-09;3739;545;70196;20985;18.8;5.6
79;2021-04-10;1466;384;71662;21369;19.2;5.7
79;2021-04-11;4;0;71666;21369;19.2;5.7
79;2021-04-12;1753;355;73419;21724;19.7;5.8
79;2021-04-13;2174;747;75593;22471;20.3;6.0
79;2021-04-14;2480;674;78073;23145;21.0;6.2
79;2021-04-15;2216;665;80289;23810;21.5;6.4
79;2021-04-16;1414;440;81703;24250;21.9;6.5
79;2021-04-17;581;349;82284;24599;22.1;6.6
79;2021-04-18;1;14;82285;24613;22.1;6.6
79;2021-04-19;1089;842;83374;25455;22.4;6.8
79;2021-04-20;1507;1231;84881;26686;22.8;7.2
79;2021-04-21;1419;1441;86300;28127;23.2;7.5
79;2021-04-22;1572;1084;87872;29211;23.6;7.8
79;2021-04-23;1317;1188;89189;30399;23.9;8.2
79;2021-04-24;651;462;89840;30861;24.1;8.3
79;2021-04-25;1;0;89841;30861;24.1;8.3
79;2021-04-26;1343;1812;91184;32673;24.5;8.8
79;2021-04-27;1898;2350;93082;35023;25.0;9.4
79;2021-04-28;1456;2868;94538;37891;25.4;10.2
79;2021-04-29;2105;2254;96643;40145;25.9;10.8
79;2021-04-30;2114;2463;98757;42608;26.5;11.4
79;2021-05-01;519;378;99276;42986;26.6;11.5
79;2021-05-02;1;11;99277;42997;26.6;11.5
79;2021-05-03;1182;1291;100459;44288;27.0;11.9
79;2021-05-04;1733;2331;102192;46619;27.4;12.5
79;2021-05-05;1695;2484;103887;49103;27.9;13.2
79;2021-05-06;2317;2212;106204;51315;28.5;13.8
79;2021-05-07;2086;2803;108290;54118;29.1;14.5
79;2021-05-08;199;507;108489;54625;29.1;14.7
79;2021-05-09;0;0;108489;54625;29.1;14.7
79;2021-05-10;1584;1786;110073;56411;29.5;15.1
79;2021-05-11;2310;1649;112383;58060;30.2;15.6
79;2021-05-12;1997;2677;114380;60737;30.7;16.3
79;2021-05-13;640;290;115020;61027;30.9;16.4
79;2021-05-14;2100;673;117120;61700;31.4;16.6
79;2021-05-15;1399;499;118519;62199;31.8;16.7
79;2021-05-16;1;22;118520;62221;31.8;16.7
79;2021-05-17;1876;1083;120396;63304;32.3;17.0
79;2021-05-18;2971;1270;123367;64574;33.1;17.3
79;2021-05-19;2897;967;126264;65541;33.9;17.6
79;2021-05-20;3105;1246;129369;66787;34.7;17.9
79;2021-05-21;2768;1064;132137;67851;35.5;18.2
79;2021-05-22;1084;261;133221;68112;35.8;18.3
79;2021-05-23;1;0;133222;68112;35.8;18.3
79;2021-05-24;161;20;133383;68132;35.8;18.3
79;2021-05-25;3199;990;136582;69122;36.7;18.5
79;2021-05-26;3314;852;139896;69974;37.5;18.8
79;2021-05-27;3589;1718;143485;71692;38.5;19.2
79;2021-05-28;3329;1822;146814;73514;39.4;19.7
79;2021-05-29;1073;451;147887;73965;39.7;19.8
79;2021-05-30;3;1;147890;73966;39.7;19.8
79;2021-05-31;2382;733;150272;74699;40.3;20.0
79;2021-06-01;3021;1576;153293;76275;41.1;20.5
79;2021-06-02;4065;1167;157358;77442;42.2;20.8
79;2021-06-03;4089;1756;161447;79198;43.3;21.3
79;2021-06-04;4145;2034;165592;81232;44.4;21.8
79;2021-06-05;2802;760;168394;81992;45.2;22.0
79;2021-06-06;696;39;169090;82031;45.4;22.0
79;2021-06-07;2809;1412;171899;83443;46.1;22.4
79;2021-06-08;2982;2067;174881;85510;46.9;22.9
79;2021-06-09;3630;1938;178511;87448;47.9;23.5
79;2021-06-10;3020;1974;181531;89422;48.7;24.0
79;2021-06-11;3767;2314;185298;91736;49.7;24.6
79;2021-06-12;1706;609;187004;92345;50.2;24.8
79;2021-06-13;214;24;187218;92369;50.2;24.8
79;2021-06-14;1247;1691;188465;94060;50.6;25.2
79;2021-06-15;1880;2360;190345;96420;51.1;25.9
79;2021-06-16;2206;2248;192551;98668;51.7;26.5
79;2021-06-17;2238;2617;194789;101285;52.3;27.2
79;2021-06-18;2412;2323;197201;103608;52.9;27.8
79;2021-06-19;1246;582;198447;104190;53.3;28.0
79;2021-06-20;3;2;198450;104192;53.3;28.0
79;2021-06-21;1233;2281;199683;106473;53.6;28.6
79;2021-06-22;1548;2874;201231;109347;54.0;29.3
79;2021-06-23;1770;2548;203001;111895;54.5;30.0
79;2021-06-24;2107;2005;205108;113900;55.0;30.6
79;2021-06-25;1488;2842;206596;116742;55.4;31.3
79;2021-06-26;870;809;207466;117551;55.7;31.5
79;2021-06-27;13;6;207479;117557;55.7;31.5
79;2021-06-28;1056;2622;208535;120179;56.0;32.3
79;2021-06-29;1474;3551;210009;123730;56.4;33.2
79;2021-06-30;1354;3448;211363;127178;56.7;34.1
79;2021-07-01;1203;3785;212566;130963;57.0;35.1
79;2021-07-02;1489;3349;214055;134312;57.4;36.0
79;2021-07-03;399;1503;214454;135815;57.6;36.4
79;2021-07-04;2;9;214456;135824;57.6;36.5
79;2021-07-05;751;2119;215207;137943;57.8;37.0
79;2021-07-06;946;3667;216153;141610;58.0;38.0
79;2021-07-07;1332;4306;217485;145916;58.4;39.2
79;2021-07-08;1101;4043;218586;149959;58.7;40.2
79;2021-07-09;837;3719;219423;153678;58.9;41.2
79;2021-07-10;514;1317;219937;154995;59.0;41.6
79;2021-07-11;2;12;219939;155007;59.0;41.6
79;2021-07-12;543;3693;220482;158700;59.2;42.6
79;2021-07-13;999;5191;221481;163891;59.4;44.0
79;2021-07-14;133;874;221614;164765;59.5;44.2
79;2021-07-15;1231;4682;222845;169447;59.8;45.5
79;2021-07-16;1330;4362;224175;173809;60.2;46.6
79;2021-07-17;575;2422;224750;176231;60.3;47.3
79;2021-07-18;43;498;224793;176729;60.3;47.4
79;2021-07-19;734;3319;225527;180048;60.5;48.3
79;2021-07-20;1225;3949;226752;183997;60.9;49.4
79;2021-07-21;1178;4198;227930;188195;61.2;50.5
79;2021-07-22;1353;3985;229283;192180;61.5;51.6
79;2021-07-23;1351;4561;230634;196741;61.9;52.8
79;2021-07-24;865;1500;231499;198241;62.1;53.2
79;2021-07-25;55;326;231554;198567;62.1;53.3
79;2021-07-26;1368;2598;232922;201165;62.5;54.0
79;2021-07-27;2082;2998;235004;204163;63.1;54.8
79;2021-07-28;2492;2493;237496;206656;63.7;55.5
79;2021-07-29;3001;2855;240497;209511;64.5;56.2
79;2021-07-30;2131;2828;242628;212339;65.1;57.0
79;2021-07-31;882;1157;243510;213496;65.3;57.3
79;2021-08-01;3;3;243513;213499;65.4;57.3
79;2021-08-02;1784;1544;245297;215043;65.8;57.7
79;2021-08-03;2810;2049;248107;217092;66.6;58.3
79;2021-08-04;2980;1746;251087;218838;67.4;58.7
79;2021-08-05;2889;2214;253976;221052;68.2;59.3
79;2021-08-06;2518;1642;256494;222694;68.8;59.8
79;2021-08-07;869;814;257363;223508;69.1;60.0
79;2021-08-08;0;3;257363;223511;69.1;60.0
79;2021-08-09;2486;1081;259849;224592;69.7;60.3
79;2021-08-10;2971;1540;262820;226132;70.5;60.7
79;2021-08-11;2572;1660;265392;227792;71.2;61.1
79;2021-08-12;2762;1426;268154;229218;72.0;61.5
79;2021-08-13;2835;1050;270989;230268;72.7;61.8
79;2021-08-14;507;391;271496;230659;72.9;61.9
79;2021-08-15;6;5;271502;230664;72.9;61.9
79;2021-08-16;1761;1195;273263;231859;73.3;62.2
79;2021-08-17;2095;1589;275358;233448;73.9;62.6
79;2021-08-18;1914;1907;277272;235355;74.4;63.2
79;2021-08-19;1602;1703;278874;237058;74.8;63.6
80;2020-12-27;0;0;0;0;0.0;0.0
80;2020-12-28;0;0;0;0;0.0;0.0
80;2020-12-29;11;0;11;0;0.0;0.0
80;2020-12-30;0;0;11;0;0.0;0.0
80;2020-12-31;0;0;11;0;0.0;0.0
80;2021-01-01;0;0;11;0;0.0;0.0
80;2021-01-02;0;0;11;0;0.0;0.0
80;2021-01-03;1;0;12;0;0.0;0.0
80;2021-01-04;0;0;12;0;0.0;0.0
80;2021-01-05;0;0;12;0;0.0;0.0
80;2021-01-06;30;0;42;0;0.0;0.0
80;2021-01-07;276;2;318;2;0.1;0.0
80;2021-01-08;330;0;648;2;0.1;0.0
80;2021-01-09;108;0;756;2;0.1;0.0
80;2021-01-10;21;0;777;2;0.1;0.0
80;2021-01-11;276;0;1053;2;0.2;0.0
80;2021-01-12;428;1;1481;3;0.3;0.0
80;2021-01-13;514;3;1995;6;0.4;0.0
80;2021-01-14;453;4;2448;10;0.4;0.0
80;2021-01-15;330;1;2778;11;0.5;0.0
80;2021-01-16;103;1;2881;12;0.5;0.0
80;2021-01-17;102;1;2983;13;0.5;0.0
80;2021-01-18;412;2;3395;15;0.6;0.0
80;2021-01-19;962;16;4357;31;0.8;0.0
80;2021-01-20;1086;9;5443;40;1.0;0.0
80;2021-01-21;1010;9;6453;49;1.1;0.0
80;2021-01-22;1113;4;7566;53;1.3;0.0
80;2021-01-23;908;2;8474;55;1.5;0.0
80;2021-01-24;824;5;9298;60;1.6;0.0
80;2021-01-25;1541;8;10839;68;1.9;0.0
80;2021-01-26;1480;11;12319;79;2.2;0.0
80;2021-01-27;822;27;13141;106;2.3;0.0
80;2021-01-28;623;173;13764;279;2.4;0.0
80;2021-01-29;637;218;14401;497;2.5;0.1
80;2021-01-30;85;59;14486;556;2.5;0.1
80;2021-01-31;0;0;14486;556;2.5;0.1
80;2021-02-01;26;256;14512;812;2.5;0.1
80;2021-02-02;21;446;14533;1258;2.6;0.2
80;2021-02-03;29;542;14562;1800;2.6;0.3
80;2021-02-04;278;349;14840;2149;2.6;0.4
80;2021-02-05;347;211;15187;2360;2.7;0.4
80;2021-02-06;168;70;15355;2430;2.7;0.4
80;2021-02-07;1;0;15356;2430;2.7;0.4
80;2021-02-08;426;242;15782;2672;2.8;0.5
80;2021-02-09;686;244;16468;2916;2.9;0.5
80;2021-02-10;606;496;17074;3412;3.0;0.6
80;2021-02-11;861;353;17935;3765;3.1;0.7
80;2021-02-12;943;314;18878;4079;3.3;0.7
80;2021-02-13;196;427;19074;4506;3.3;0.8
80;2021-02-14;78;572;19152;5078;3.4;0.9
80;2021-02-15;606;1018;19758;6096;3.5;1.1
80;2021-02-16;688;1136;20446;7232;3.6;1.3
80;2021-02-17;485;1172;20931;8404;3.7;1.5
80;2021-02-18;569;1138;21500;9542;3.8;1.7
80;2021-02-19;503;853;22003;10395;3.9;1.8
80;2021-02-20;22;513;22025;10908;3.9;1.9
80;2021-02-21;47;49;22072;10957;3.9;1.9
80;2021-02-22;149;577;22221;11534;3.9;2.0
80;2021-02-23;471;691;22692;12225;4.0;2.1
80;2021-02-24;431;677;23123;12902;4.1;2.3
80;2021-02-25;815;541;23938;13443;4.2;2.4
80;2021-02-26;1062;522;25000;13965;4.4;2.5
80;2021-02-27;476;72;25476;14037;4.5;2.5
80;2021-02-28;49;24;25525;14061;4.5;2.5
80;2021-03-01;728;66;26253;14127;4.6;2.5
80;2021-03-02;1014;91;27267;14218;4.8;2.5
80;2021-03-03;982;55;28249;14273;5.0;2.5
80;2021-03-04;1391;237;29640;14510;5.2;2.5
80;2021-03-05;1874;331;31514;14841;5.5;2.6
80;2021-03-06;2918;328;34432;15169;6.0;2.7
80;2021-03-07;1842;81;36274;15250;6.4;2.7
80;2021-03-08;715;609;36989;15859;6.5;2.8
80;2021-03-09;1310;910;38299;16769;6.7;2.9
80;2021-03-10;1724;751;40023;17520;7.0;3.1
80;2021-03-11;1910;823;41933;18343;7.4;3.2
80;2021-03-12;3138;741;45071;19084;7.9;3.3
80;2021-03-13;4006;205;49077;19289;8.6;3.4
80;2021-03-14;350;14;49427;19303;8.7;3.4
80;2021-03-15;1014;247;50441;19550;8.9;3.4
80;2021-03-16;882;341;51323;19891;9.0;3.5
80;2021-03-17;665;277;51988;20168;9.1;3.5
80;2021-03-18;1002;296;52990;20464;9.3;3.6
80;2021-03-19;1738;383;54728;20847;9.6;3.7
80;2021-03-20;3822;110;58550;20957;10.3;3.7
80;2021-03-21;486;31;59036;20988;10.4;3.7
80;2021-03-22;902;289;59938;21277;10.5;3.7
80;2021-03-23;1713;417;61651;21694;10.8;3.8
80;2021-03-24;1755;465;63406;22159;11.1;3.9
80;2021-03-25;2714;449;66120;22608;11.6;4.0
80;2021-03-26;3104;421;69224;23029;12.1;4.0
80;2021-03-27;2234;225;71458;23254;12.5;4.1
80;2021-03-28;676;94;72134;23348;12.7;4.1
80;2021-03-29;1981;751;74115;24099;13.0;4.2
80;2021-03-30;1969;869;76084;24968;13.4;4.4
80;2021-03-31;1495;980;77579;25948;13.6;4.6
80;2021-04-01;1952;1487;79531;27435;14.0;4.8
80;2021-04-02;2811;1576;82342;29011;14.5;5.1
80;2021-04-03;3046;856;85388;29867;15.0;5.2
80;2021-04-04;134;8;85522;29875;15.0;5.2
80;2021-04-05;684;199;86206;30074;15.1;5.3
80;2021-04-06;1279;966;87485;31040;15.4;5.4
80;2021-04-07;1623;1199;89108;32239;15.6;5.7
80;2021-04-08;2154;839;91262;33078;16.0;5.8
80;2021-04-09;3528;1348;94790;34426;16.6;6.0
80;2021-04-10;2738;1942;97528;36368;17.1;6.4
80;2021-04-11;189;177;97717;36545;17.2;6.4
80;2021-04-12;1813;486;99530;37031;17.5;6.5
80;2021-04-13;2383;1035;101913;38066;17.9;6.7
80;2021-04-14;2769;1146;104682;39212;18.4;6.9
80;2021-04-15;3731;869;108413;40081;19.0;7.0
80;2021-04-16;3337;872;111750;40953;19.6;7.2
80;2021-04-17;1653;2298;113403;43251;19.9;7.6
80;2021-04-18;372;388;113775;43639;20.0;7.7
80;2021-04-19;951;775;114726;44414;20.1;7.8
80;2021-04-20;1612;815;116338;45229;20.4;7.9
80;2021-04-21;1612;998;117950;46227;20.7;8.1
80;2021-04-22;2166;1250;120116;47477;21.1;8.3
80;2021-04-23;2638;1248;122754;48725;21.5;8.6
80;2021-04-24;1358;1194;124112;49919;21.8;8.8
80;2021-04-25;209;532;124321;50451;21.8;8.9
80;2021-04-26;1294;1445;125615;51896;22.0;9.1
80;2021-04-27;2024;1396;127639;53292;22.4;9.4
80;2021-04-28;2199;1396;129838;54688;22.8;9.6
80;2021-04-29;3218;1882;133056;56570;23.4;9.9
80;2021-04-30;3080;2855;136136;59425;23.9;10.4
80;2021-05-01;987;659;137123;60084;24.1;10.5
80;2021-05-02;371;53;137494;60137;24.1;10.6
80;2021-05-03;2722;1186;140216;61323;24.6;10.8
80;2021-05-04;2496;1707;142712;63030;25.0;11.1
80;2021-05-05;3365;1897;146077;64927;25.6;11.4
80;2021-05-06;3172;2555;149249;67482;26.2;11.8
80;2021-05-07;3455;2697;152704;70179;26.8;12.3
80;2021-05-08;2785;925;155489;71104;27.3;12.5
80;2021-05-09;1408;268;156897;71372;27.5;12.5
80;2021-05-10;1881;1834;158778;73206;27.9;12.8
80;2021-05-11;3276;1803;162054;75009;28.4;13.2
80;2021-05-12;4701;1571;166755;76580;29.3;13.4
80;2021-05-13;3836;366;170591;76946;29.9;13.5
80;2021-05-14;5190;1401;175781;78347;30.9;13.8
80;2021-05-15;5919;1054;181700;79401;31.9;13.9
80;2021-05-16;2678;308;184378;79709;32.4;14.0
80;2021-05-17;2372;818;186750;80527;32.8;14.1
80;2021-05-18;3948;854;190698;81381;33.5;14.3
80;2021-05-19;4021;945;194719;82326;34.2;14.4
80;2021-05-20;4568;1219;199287;83545;35.0;14.7
80;2021-05-21;4891;1670;204178;85215;35.8;15.0
80;2021-05-22;5032;1156;209210;86371;36.7;15.2
80;2021-05-23;1783;241;210993;86612;37.0;15.2
80;2021-05-24;1468;159;212461;86771;37.3;15.2
80;2021-05-25;2622;1135;215083;87906;37.7;15.4
80;2021-05-26;4250;1699;219333;89605;38.5;15.7
80;2021-05-27;3978;2469;223311;92074;39.2;16.2
80;2021-05-28;3866;2981;227177;95055;39.9;16.7
80;2021-05-29;3699;1633;230876;96688;40.5;17.0
80;2021-05-30;1182;199;232058;96887;40.7;17.0
80;2021-05-31;2603;1373;234661;98260;41.2;17.2
80;2021-06-01;4031;2435;238692;100695;41.9;17.7
80;2021-06-02;3335;2008;242027;102703;42.5;18.0
80;2021-06-03;4267;2932;246294;105635;43.2;18.5
80;2021-06-04;4794;3083;251088;108718;44.1;19.1
80;2021-06-05;3560;2078;254648;110796;44.7;19.4
80;2021-06-06;802;211;255450;111007;44.8;19.5
80;2021-06-07;1752;1945;257202;112952;45.1;19.8
80;2021-06-08;2745;2555;259947;115507;45.6;20.3
80;2021-06-09;3010;2731;262957;118238;46.2;20.8
80;2021-06-10;3168;3171;266125;121409;46.7;21.3
80;2021-06-11;3224;3895;269349;125304;47.3;22.0
80;2021-06-12;3043;2327;272392;127631;47.8;22.4
80;2021-06-13;473;405;272865;128036;47.9;22.5
80;2021-06-14;1265;2851;274130;130887;48.1;23.0
80;2021-06-15;2314;3422;276444;134309;48.5;23.6
80;2021-06-16;1563;4216;278007;138525;48.8;24.3
80;2021-06-17;2362;3625;280369;142150;49.2;24.9
80;2021-06-18;2554;3901;282923;146051;49.7;25.6
80;2021-06-19;2988;4341;285911;150392;50.2;26.4
80;2021-06-20;203;1077;286114;151469;50.2;26.6
80;2021-06-21;1016;2618;287130;154087;50.4;27.0
80;2021-06-22;1151;3934;288281;158021;50.6;27.7
80;2021-06-23;1855;5290;290136;163311;50.9;28.7
80;2021-06-24;1702;4686;291838;167997;51.2;29.5
80;2021-06-25;1376;6124;293214;174121;51.5;30.6
80;2021-06-26;1936;6181;295150;180302;51.8;31.6
80;2021-06-27;332;2029;295482;182331;51.9;32.0
80;2021-06-28;909;3169;296391;185500;52.0;32.6
80;2021-06-29;1922;4619;298313;190119;52.4;33.4
80;2021-06-30;1250;4782;299563;194901;52.6;34.2
80;2021-07-01;1629;4992;301192;199893;52.9;35.1
80;2021-07-02;1880;5981;303072;205874;53.2;36.1
80;2021-07-03;1331;5268;304403;211142;53.4;37.1
80;2021-07-04;692;1470;305095;212612;53.5;37.3
80;2021-07-05;906;2960;306001;215572;53.7;37.8
80;2021-07-06;1872;3984;307873;219556;54.0;38.5
80;2021-07-07;1578;4507;309451;224063;54.3;39.3
80;2021-07-08;2097;5003;311548;229066;54.7;40.2
80;2021-07-09;2617;5468;314165;234534;55.1;41.2
80;2021-07-10;1633;4020;315798;238554;55.4;41.9
80;2021-07-11;405;804;316203;239358;55.5;42.0
80;2021-07-12;882;3380;317085;242738;55.7;42.6
80;2021-07-13;2099;5085;319184;247823;56.0;43.5
80;2021-07-14;2801;1744;321985;249567;56.5;43.8
80;2021-07-15;2804;5295;324789;254862;57.0;44.7
80;2021-07-16;3892;5888;328681;260750;57.7;45.8
80;2021-07-17;3378;4460;332059;265210;58.3;46.5
80;2021-07-18;875;896;332934;266106;58.4;46.7
80;2021-07-19;2162;2881;335096;268987;58.8;47.2
80;2021-07-20;3325;4902;338421;273889;59.4;48.1
80;2021-07-21;3500;4491;341921;278380;60.0;48.9
80;2021-07-22;4361;4567;346282;282947;60.8;49.7
80;2021-07-23;5396;4825;351678;287772;61.7;50.5
80;2021-07-24;4361;4339;356039;292111;62.5;51.3
80;2021-07-25;1183;648;357222;292759;62.7;51.4
80;2021-07-26;2675;2334;359897;295093;63.2;51.8
80;2021-07-27;4365;3704;364262;298797;63.9;52.4
80;2021-07-28;5092;2800;369354;301597;64.8;52.9
80;2021-07-29;4972;3225;374326;304822;65.7;53.5
80;2021-07-30;5014;3633;379340;308455;66.6;54.1
80;2021-07-31;4145;2921;383485;311376;67.3;54.6
80;2021-08-01;1283;362;384768;311738;67.5;54.7
80;2021-08-02;2048;1756;386816;313494;67.9;55.0
80;2021-08-03;3701;2361;390517;315855;68.5;55.4
80;2021-08-04;3344;2496;393861;318351;69.1;55.9
80;2021-08-05;3124;2564;396985;320915;69.7;56.3
80;2021-08-06;3231;2903;400216;323818;70.2;56.8
80;2021-08-07;2411;2654;402627;326472;70.7;57.3
80;2021-08-08;614;719;403241;327191;70.8;57.4
80;2021-08-09;1381;2121;404622;329312;71.0;57.8
80;2021-08-10;2335;2848;406957;332160;71.4;58.3
80;2021-08-11;1930;2483;408887;334643;71.8;58.7
80;2021-08-12;2237;2669;411124;337312;72.2;59.2
80;2021-08-13;1859;3147;412983;340459;72.5;59.8
80;2021-08-14;1409;2136;414392;342595;72.7;60.1
80;2021-08-15;318;668;414710;343263;72.8;60.2
80;2021-08-16;894;2522;415604;345785;72.9;60.7
80;2021-08-17;1703;3546;417307;349331;73.2;61.3
80;2021-08-18;1232;3703;418539;353034;73.5;62.0
80;2021-08-19;1554;3814;420093;356848;73.7;62.6
81;2020-12-27;0;0;0;0;0.0;0.0
81;2020-12-28;0;0;0;0;0.0;0.0
81;2020-12-29;0;0;0;0;0.0;0.0
81;2020-12-30;0;0;0;0;0.0;0.0
81;2020-12-31;0;0;0;0;0.0;0.0
81;2021-01-01;0;0;0;0;0.0;0.0
81;2021-01-02;0;0;0;0;0.0;0.0
81;2021-01-03;0;0;0;0;0.0;0.0
81;2021-01-04;1;0;1;0;0.0;0.0
81;2021-01-05;0;0;1;0;0.0;0.0
81;2021-01-06;5;0;6;0;0.0;0.0
81;2021-01-07;266;0;272;0;0.1;0.0
81;2021-01-08;312;1;584;1;0.2;0.0
81;2021-01-09;74;1;658;2;0.2;0.0
81;2021-01-10;1;0;659;2;0.2;0.0
81;2021-01-11;133;0;792;2;0.2;0.0
81;2021-01-12;167;0;959;2;0.2;0.0
81;2021-01-13;233;1;1192;3;0.3;0.0
81;2021-01-14;963;8;2155;11;0.6;0.0
81;2021-01-15;524;1;2679;12;0.7;0.0
81;2021-01-16;72;0;2751;12;0.7;0.0
81;2021-01-17;0;0;2751;12;0.7;0.0
81;2021-01-18;580;3;3331;15;0.9;0.0
81;2021-01-19;662;4;3993;19;1.0;0.0
81;2021-01-20;752;2;4745;21;1.2;0.0
81;2021-01-21;1179;5;5924;26;1.5;0.0
81;2021-01-22;855;2;6779;28;1.7;0.0
81;2021-01-23;221;2;7000;30;1.8;0.0
81;2021-01-24;102;0;7102;30;1.8;0.0
81;2021-01-25;568;3;7670;33;2.0;0.0
81;2021-01-26;634;5;8304;38;2.1;0.0
81;2021-01-27;551;4;8855;42;2.3;0.0
81;2021-01-28;700;215;9555;257;2.5;0.1
81;2021-01-29;302;183;9857;440;2.5;0.1
81;2021-01-30;204;37;10061;477;2.6;0.1
81;2021-01-31;104;1;10165;478;2.6;0.1
81;2021-02-01;320;130;10485;608;2.7;0.2
81;2021-02-02;446;142;10931;750;2.8;0.2
81;2021-02-03;476;223;11407;973;2.9;0.3
81;2021-02-04;1405;693;12812;1666;3.3;0.4
81;2021-02-05;869;315;13681;1981;3.5;0.5
81;2021-02-06;274;21;13955;2002;3.6;0.5
81;2021-02-07;103;0;14058;2002;3.6;0.5
81;2021-02-08;275;218;14333;2220;3.7;0.6
81;2021-02-09;419;219;14752;2439;3.8;0.6
81;2021-02-10;371;285;15123;2724;3.9;0.7
81;2021-02-11;651;389;15774;3113;4.1;0.8
81;2021-02-12;579;546;16353;3659;4.2;0.9
81;2021-02-13;188;156;16541;3815;4.3;1.0
81;2021-02-14;100;1;16641;3816;4.3;1.0
81;2021-02-15;234;484;16875;4300;4.4;1.1
81;2021-02-16;281;617;17156;4917;4.4;1.3
81;2021-02-17;242;521;17398;5438;4.5;1.4
81;2021-02-18;482;674;17880;6112;4.6;1.6
81;2021-02-19;566;410;18446;6522;4.8;1.7
81;2021-02-20;322;282;18768;6804;4.8;1.8
81;2021-02-21;23;80;18791;6884;4.8;1.8
81;2021-02-22;232;536;19023;7420;4.9;1.9
81;2021-02-23;168;594;19191;8014;4.9;2.1
81;2021-02-24;291;631;19482;8645;5.0;2.2
81;2021-02-25;713;1055;20195;9700;5.2;2.5
81;2021-02-26;909;960;21104;10660;5.4;2.7
81;2021-02-27;275;242;21379;10902;5.5;2.8
81;2021-02-28;21;88;21400;10990;5.5;2.8
81;2021-03-01;208;410;21608;11400;5.6;2.9
81;2021-03-02;364;544;21972;11944;5.7;3.1
81;2021-03-03;462;422;22434;12366;5.8;3.2
81;2021-03-04;1061;459;23495;12825;6.1;3.3
81;2021-03-05;1407;398;24902;13223;6.4;3.4
81;2021-03-06;981;167;25883;13390;6.7;3.5
81;2021-03-07;154;102;26037;13492;6.7;3.5
81;2021-03-08;465;360;26502;13852;6.8;3.6
81;2021-03-09;812;371;27314;14223;7.0;3.7
81;2021-03-10;899;392;28213;14615;7.3;3.8
81;2021-03-11;1349;357;29562;14972;7.6;3.9
81;2021-03-12;1690;302;31252;15274;8.1;3.9
81;2021-03-13;1030;186;32282;15460;8.3;4.0
81;2021-03-14;66;82;32348;15542;8.3;4.0
81;2021-03-15;1093;225;33441;15767;8.6;4.1
81;2021-03-16;724;227;34165;15994;8.8;4.1
81;2021-03-17;892;277;35057;16271;9.0;4.2
81;2021-03-18;969;579;36026;16850;9.3;4.3
81;2021-03-19;1271;458;37297;17308;9.6;4.5
81;2021-03-20;676;285;37973;17593;9.8;4.5
81;2021-03-21;139;22;38112;17615;9.8;4.5
81;2021-03-22;933;285;39045;17900;10.1;4.6
81;2021-03-23;1420;225;40465;18125;10.4;4.7
81;2021-03-24;1605;276;42070;18401;10.8;4.7
81;2021-03-25;2028;323;44098;18724;11.4;4.8
81;2021-03-26;2102;282;46200;19006;11.9;4.9
81;2021-03-27;1092;36;47292;19042;12.2;4.9
81;2021-03-28;734;40;48026;19082;12.4;4.9
81;2021-03-29;2867;184;50893;19266;13.1;5.0
81;2021-03-30;3055;211;53948;19477;13.9;5.0
81;2021-03-31;2690;297;56638;19774;14.6;5.1
81;2021-04-01;3314;563;59952;20337;15.5;5.2
81;2021-04-02;2613;369;62565;20706;16.1;5.3
81;2021-04-03;1147;303;63712;21009;16.4;5.4
81;2021-04-04;1402;21;65114;21030;16.8;5.4
81;2021-04-05;718;18;65832;21048;17.0;5.4
81;2021-04-06;1597;510;67429;21558;17.4;5.6
81;2021-04-07;1815;585;69244;22143;17.9;5.7
81;2021-04-08;2615;826;71859;22969;18.5;5.9
81;2021-04-09;3051;472;74910;23441;19.3;6.0
81;2021-04-10;1476;512;76386;23953;19.7;6.2
81;2021-04-11;1297;64;77683;24017;20.0;6.2
81;2021-04-12;1220;685;78903;24702;20.3;6.4
81;2021-04-13;2529;790;81432;25492;21.0;6.6
81;2021-04-14;2507;832;83939;26324;21.6;6.8
81;2021-04-15;3098;1201;87037;27525;22.4;7.1
81;2021-04-16;2821;1083;89858;28608;23.2;7.4
81;2021-04-17;1145;296;91003;28904;23.5;7.5
81;2021-04-18;519;146;91522;29050;23.6;7.5
81;2021-04-19;913;823;92435;29873;23.8;7.7
81;2021-04-20;2270;1169;94705;31042;24.4;8.0
81;2021-04-21;2224;1005;96929;32047;25.0;8.3
81;2021-04-22;2817;1056;99746;33103;25.7;8.5
81;2021-04-23;2883;968;102629;34071;26.5;8.8
81;2021-04-24;1327;743;103956;34814;26.8;9.0
81;2021-04-25;454;716;104410;35530;26.9;9.2
81;2021-04-26;1059;2423;105469;37953;27.2;9.8
81;2021-04-27;1597;2351;107066;40304;27.6;10.4
81;2021-04-28;1425;2395;108491;42699;28.0;11.0
81;2021-04-29;1818;2748;110309;45447;28.4;11.7
81;2021-04-30;2013;2353;112322;47800;29.0;12.3
81;2021-05-01;362;685;112684;48485;29.0;12.5
81;2021-05-02;291;1379;112975;49864;29.1;12.9
81;2021-05-03;1116;1169;114091;51033;29.4;13.2
81;2021-05-04;2622;1910;116713;52943;30.1;13.6
81;2021-05-05;2015;1931;118728;54874;30.6;14.1
81;2021-05-06;2748;3438;121476;58312;31.3;15.0
81;2021-05-07;2127;2861;123603;61173;31.9;15.8
81;2021-05-08;963;877;124566;62050;32.1;16.0
81;2021-05-09;534;1352;125100;63402;32.3;16.3
81;2021-05-10;825;1601;125925;65003;32.5;16.8
81;2021-05-11;1661;2576;127586;67579;32.9;17.4
81;2021-05-12;1639;2465;129225;70044;33.3;18.1
81;2021-05-13;1216;563;130441;70607;33.6;18.2
81;2021-05-14;1890;1725;132331;72332;34.1;18.6
81;2021-05-15;1511;621;133842;72953;34.5;18.8
81;2021-05-16;1368;414;135210;73367;34.9;18.9
81;2021-05-17;1166;864;136376;74231;35.2;19.1
81;2021-05-18;1701;1431;138077;75662;35.6;19.5
81;2021-05-19;2642;1244;140719;76906;36.3;19.8
81;2021-05-20;2968;1351;143687;78257;37.0;20.2
81;2021-05-21;2738;1117;146425;79374;37.7;20.5
81;2021-05-22;2815;520;149240;79894;38.5;20.6
81;2021-05-23;1178;74;150418;79968;38.8;20.6
81;2021-05-24;837;80;151255;80048;39.0;20.6
81;2021-05-25;2493;1106;153748;81154;39.6;20.9
81;2021-05-26;1891;799;155639;81953;40.1;21.1
81;2021-05-27;2555;1540;158194;83493;40.8;21.5
81;2021-05-28;2566;1663;160760;85156;41.4;22.0
81;2021-05-29;1400;542;162160;85698;41.8;22.1
81;2021-05-30;935;219;163095;85917;42.0;22.1
81;2021-05-31;1183;1340;164278;87257;42.4;22.5
81;2021-06-01;1781;2696;166059;89953;42.8;23.2
81;2021-06-02;2004;2446;168063;92399;43.3;23.8
81;2021-06-03;2004;2534;170067;94933;43.8;24.5
81;2021-06-04;1845;2948;171912;97881;44.3;25.2
81;2021-06-05;1754;1306;173666;99187;44.8;25.6
81;2021-06-06;370;366;174036;99553;44.9;25.7
81;2021-06-07;1209;1540;175245;101093;45.2;26.1
81;2021-06-08;2371;2388;177616;103481;45.8;26.7
81;2021-06-09;2439;1869;180055;105350;46.4;27.2
81;2021-06-10;1279;1564;181334;106914;46.7;27.6
81;2021-06-11;2654;2201;183988;109115;47.4;28.1
81;2021-06-12;1659;1038;185647;110153;47.9;28.4
81;2021-06-13;444;475;186091;110628;48.0;28.5
81;2021-06-14;774;1420;186865;112048;48.2;28.9
81;2021-06-15;1678;3503;188543;115551;48.6;29.8
81;2021-06-16;1269;3014;189812;118565;48.9;30.6
81;2021-06-17;1343;2524;191155;121089;49.3;31.2
81;2021-06-18;1837;2772;192992;123861;49.8;31.9
81;2021-06-19;825;949;193817;124810;50.0;32.2
81;2021-06-20;405;536;194222;125346;50.1;32.3
81;2021-06-21;425;1038;194647;126384;50.2;32.6
81;2021-06-22;1060;2566;195707;128950;50.5;33.2
81;2021-06-23;1142;2158;196849;131108;50.7;33.8
81;2021-06-24;1115;1937;197964;133045;51.0;34.3
81;2021-06-25;1241;2868;199205;135913;51.4;35.0
81;2021-06-26;722;1712;199927;137625;51.5;35.5
81;2021-06-27;526;1646;200453;139271;51.7;35.9
81;2021-06-28;476;1542;200929;140813;51.8;36.3
81;2021-06-29;1083;2639;202012;143452;52.1;37.0
81;2021-06-30;1042;3154;203054;146606;52.3;37.8
81;2021-07-01;880;2628;203934;149234;52.6;38.5
81;2021-07-02;988;2858;204922;152092;52.8;39.2
81;2021-07-03;732;2830;205654;154922;53.0;39.9
81;2021-07-04;268;1010;205922;155932;53.1;40.2
81;2021-07-05;703;1624;206625;157556;53.3;40.6
81;2021-07-06;974;3176;207599;160732;53.5;41.4
81;2021-07-07;1059;2439;208658;163171;53.8;42.1
81;2021-07-08;1030;2234;209688;165405;54.1;42.6
81;2021-07-09;1147;2702;210835;168107;54.4;43.3
81;2021-07-10;807;1523;211642;169630;54.6;43.7
81;2021-07-11;436;1011;212078;170641;54.7;44.0
81;2021-07-12;737;1726;212815;172367;54.9;44.4
81;2021-07-13;2064;3142;214879;175509;55.4;45.2
81;2021-07-14;1442;1568;216321;177077;55.8;45.7
81;2021-07-15;2544;2760;218865;179837;56.4;46.4
81;2021-07-16;2023;3029;220888;182866;56.9;47.1
81;2021-07-17;1219;2457;222107;185323;57.3;47.8
81;2021-07-18;672;1129;222779;186452;57.4;48.1
81;2021-07-19;1250;1732;224029;188184;57.8;48.5
81;2021-07-20;3061;2807;227090;190991;58.5;49.2
81;2021-07-21;3485;2342;230575;193333;59.4;49.8
81;2021-07-22;3554;2092;234129;195425;60.4;50.4
81;2021-07-23;3169;3245;237298;198670;61.2;51.2
81;2021-07-24;2516;1719;239814;200389;61.8;51.7
81;2021-07-25;1685;708;241499;201097;62.3;51.8
81;2021-07-26;2009;1540;243508;202637;62.8;52.2
81;2021-07-27;3601;2535;247109;205172;63.7;52.9
81;2021-07-28;3031;2197;250140;207369;64.5;53.5
81;2021-07-29;3329;1775;253469;209144;65.3;53.9
81;2021-07-30;2811;2256;256280;211400;66.1;54.5
81;2021-07-31;1943;1009;258223;212409;66.6;54.8
81;2021-08-01;830;636;259053;213045;66.8;54.9
81;2021-08-02;1066;987;260119;214032;67.1;55.2
81;2021-08-03;2308;2112;262427;216144;67.7;55.7
81;2021-08-04;2021;1528;264448;217672;68.2;56.1
81;2021-08-05;1518;1870;265966;219542;68.6;56.6
81;2021-08-06;1718;1971;267684;221513;69.0;57.1
81;2021-08-07;979;1041;268663;222554;69.3;57.4
81;2021-08-08;436;709;269099;223263;69.4;57.6
81;2021-08-09;799;657;269898;223920;69.6;57.7
81;2021-08-10;1599;2754;271497;226674;70.0;58.4
81;2021-08-11;1106;2404;272603;229078;70.3;59.1
81;2021-08-12;1036;2243;273639;231321;70.5;59.6
81;2021-08-13;871;2466;274510;233787;70.8;60.3
81;2021-08-14;492;1872;275002;235659;70.9;60.8
81;2021-08-15;141;1100;275143;236759;70.9;61.0
81;2021-08-16;625;1819;275768;238578;71.1;61.5
81;2021-08-17;1334;3097;277102;241675;71.4;62.3
81;2021-08-18;1053;2356;278155;244031;71.7;62.9
81;2021-08-19;936;2262;279091;246293;71.9;63.5
82;2020-12-27;0;0;0;0;0.0;0.0
82;2020-12-28;2;0;2;0;0.0;0.0
82;2020-12-29;0;0;2;0;0.0;0.0
82;2020-12-30;0;0;2;0;0.0;0.0
82;2020-12-31;0;0;2;0;0.0;0.0
82;2021-01-01;0;0;2;0;0.0;0.0
82;2021-01-02;0;0;2;0;0.0;0.0
82;2021-01-03;0;0;2;0;0.0;0.0
82;2021-01-04;0;0;2;0;0.0;0.0
82;2021-01-05;86;0;88;0;0.0;0.0
82;2021-01-06;1;0;89;0;0.0;0.0
82;2021-01-07;75;0;164;0;0.1;0.0
82;2021-01-08;46;0;210;0;0.1;0.0
82;2021-01-09;77;0;287;0;0.1;0.0
82;2021-01-10;0;0;287;0;0.1;0.0
82;2021-01-11;94;0;381;0;0.1;0.0
82;2021-01-12;284;0;665;0;0.3;0.0
82;2021-01-13;336;1;1001;1;0.4;0.0
82;2021-01-14;442;3;1443;4;0.5;0.0
82;2021-01-15;612;2;2055;6;0.8;0.0
82;2021-01-16;230;3;2285;9;0.9;0.0
82;2021-01-17;89;0;2374;9;0.9;0.0
82;2021-01-18;433;0;2807;9;1.1;0.0
82;2021-01-19;479;1;3286;10;1.3;0.0
82;2021-01-20;663;2;3949;12;1.5;0.0
82;2021-01-21;447;1;4396;13;1.7;0.0
82;2021-01-22;483;2;4879;15;1.9;0.0
82;2021-01-23;151;0;5030;15;1.9;0.0
82;2021-01-24;0;0;5030;15;1.9;0.0
82;2021-01-25;376;0;5406;15;2.1;0.0
82;2021-01-26;468;0;5874;15;2.2;0.0
82;2021-01-27;519;0;6393;15;2.4;0.0
82;2021-01-28;586;34;6979;49;2.7;0.0
82;2021-01-29;405;108;7384;157;2.8;0.1
82;2021-01-30;44;22;7428;179;2.8;0.1
82;2021-01-31;0;0;7428;179;2.8;0.1
82;2021-02-01;292;55;7720;234;2.9;0.1
82;2021-02-02;344;100;8064;334;3.1;0.1
82;2021-02-03;462;66;8526;400;3.2;0.2
82;2021-02-04;765;219;9291;619;3.5;0.2
82;2021-02-05;480;148;9771;767;3.7;0.3
82;2021-02-06;93;39;9864;806;3.8;0.3
82;2021-02-07;29;79;9893;885;3.8;0.3
82;2021-02-08;149;225;10042;1110;3.8;0.4
82;2021-02-09;238;393;10280;1503;3.9;0.6
82;2021-02-10;271;602;10551;2105;4.0;0.8
82;2021-02-11;225;402;10776;2507;4.1;1.0
82;2021-02-12;190;610;10966;3117;4.2;1.2
82;2021-02-13;60;118;11026;3235;4.2;1.2
82;2021-02-14;4;81;11030;3316;4.2;1.3
82;2021-02-15;217;305;11247;3621;4.3;1.4
82;2021-02-16;280;391;11527;4012;4.4;1.5
82;2021-02-17;359;525;11886;4537;4.5;1.7
82;2021-02-18;507;505;12393;5042;4.7;1.9
82;2021-02-19;490;542;12883;5584;4.9;2.1
82;2021-02-20;78;139;12961;5723;4.9;2.2
82;2021-02-21;0;0;12961;5723;4.9;2.2
82;2021-02-22;200;408;13161;6131;5.0;2.3
82;2021-02-23;277;469;13438;6600;5.1;2.5
82;2021-02-24;283;458;13721;7058;5.2;2.7
82;2021-02-25;637;508;14358;7566;5.5;2.9
82;2021-02-26;648;397;15006;7963;5.7;3.0
82;2021-02-27;214;74;15220;8037;5.8;3.1
82;2021-02-28;30;7;15250;8044;5.8;3.1
82;2021-03-01;291;229;15541;8273;5.9;3.2
82;2021-03-02;495;403;16036;8676;6.1;3.3
82;2021-03-03;441;388;16477;9064;6.3;3.5
82;2021-03-04;600;301;17077;9365;6.5;3.6
82;2021-03-05;680;382;17757;9747;6.8;3.7
82;2021-03-06;693;43;18450;9790;7.0;3.7
82;2021-03-07;302;3;18752;9793;7.1;3.7
82;2021-03-08;603;154;19355;9947;7.4;3.8
82;2021-03-09;582;257;19937;10204;7.6;3.9
82;2021-03-10;779;247;20716;10451;7.9;4.0
82;2021-03-11;974;281;21690;10732;8.3;4.1
82;2021-03-12;992;104;22682;10836;8.6;4.1
82;2021-03-13;564;53;23246;10889;8.9;4.1
82;2021-03-14;61;5;23307;10894;8.9;4.1
82;2021-03-15;485;326;23792;11220;9.1;4.3
82;2021-03-16;197;334;23989;11554;9.1;4.4
82;2021-03-17;191;295;24180;11849;9.2;4.5
82;2021-03-18;279;350;24459;12199;9.3;4.6
82;2021-03-19;533;314;24992;12513;9.5;4.8
82;2021-03-20;251;58;25243;12571;9.6;4.8
82;2021-03-21;23;0;25266;12571;9.6;4.8
82;2021-03-22;405;320;25671;12891;9.8;4.9
82;2021-03-23;601;313;26272;13204;10.0;5.0
82;2021-03-24;620;335;26892;13539;10.2;5.2
82;2021-03-25;928;244;27820;13783;10.6;5.2
82;2021-03-26;1216;268;29036;14051;11.1;5.4
82;2021-03-27;479;78;29515;14129;11.2;5.4
82;2021-03-28;136;2;29651;14131;11.3;5.4
82;2021-03-29;925;379;30576;14510;11.6;5.5
82;2021-03-30;1188;280;31764;14790;12.1;5.6
82;2021-03-31;1019;261;32783;15051;12.5;5.7
82;2021-04-01;1072;197;33855;15248;12.9;5.8
82;2021-04-02;1212;286;35067;15534;13.4;5.9
82;2021-04-03;715;130;35782;15664;13.6;6.0
82;2021-04-04;276;14;36058;15678;13.7;6.0
82;2021-04-05;388;20;36446;15698;13.9;6.0
82;2021-04-06;953;510;37399;16208;14.2;6.2
82;2021-04-07;1017;499;38416;16707;14.6;6.4
82;2021-04-08;1454;418;39870;17125;15.2;6.5
82;2021-04-09;1656;471;41526;17596;15.8;6.7
82;2021-04-10;1714;101;43240;17697;16.5;6.7
82;2021-04-11;559;19;43799;17716;16.7;6.7
82;2021-04-12;1348;293;45147;18009;17.2;6.9
82;2021-04-13;1625;271;46772;18280;17.8;7.0
82;2021-04-14;1410;297;48182;18577;18.3;7.1
82;2021-04-15;1781;323;49963;18900;19.0;7.2
82;2021-04-16;1541;331;51504;19231;19.6;7.3
82;2021-04-17;1243;70;52747;19301;20.1;7.3
82;2021-04-18;561;15;53308;19316;20.3;7.4
82;2021-04-19;958;359;54266;19675;20.7;7.5
82;2021-04-20;1268;403;55534;20078;21.1;7.6
82;2021-04-21;1219;374;56753;20452;21.6;7.8
82;2021-04-22;1452;294;58205;20746;22.2;7.9
82;2021-04-23;1075;682;59280;21428;22.6;8.2
82;2021-04-24;1187;265;60467;21693;23.0;8.3
82;2021-04-25;736;49;61203;21742;23.3;8.3
82;2021-04-26;748;808;61951;22550;23.6;8.6
82;2021-04-27;905;924;62856;23474;23.9;8.9
82;2021-04-28;921;899;63777;24373;24.3;9.3
82;2021-04-29;1107;912;64884;25285;24.7;9.6
82;2021-04-30;1041;888;65925;26173;25.1;10.0
82;2021-05-01;1141;258;67066;26431;25.5;10.1
82;2021-05-02;697;145;67763;26576;25.8;10.1
82;2021-05-03;410;1215;68173;27791;26.0;10.6
82;2021-05-04;864;1170;69037;28961;26.3;11.0
82;2021-05-05;568;1173;69605;30134;26.5;11.5
82;2021-05-06;850;1421;70455;31555;26.8;12.0
82;2021-05-07;735;1456;71190;33011;27.1;12.6
82;2021-05-08;935;520;72125;33531;27.5;12.8
82;2021-05-09;753;580;72878;34111;27.8;13.0
82;2021-05-10;850;1365;73728;35476;28.1;13.5
82;2021-05-11;1158;1349;74886;36825;28.5;14.0
82;2021-05-12;1016;1346;75902;38171;28.9;14.5
82;2021-05-13;1454;432;77356;38603;29.5;14.7
82;2021-05-14;1691;1239;79047;39842;30.1;15.2
82;2021-05-15;1935;696;80982;40538;30.8;15.4
82;2021-05-16;558;115;81540;40653;31.0;15.5
82;2021-05-17;1090;1173;82630;41826;31.5;15.9
82;2021-05-18;1466;1189;84096;43015;32.0;16.4
82;2021-05-19;1271;978;85367;43993;32.5;16.8
82;2021-05-20;1408;1159;86775;45152;33.0;17.2
82;2021-05-21;1411;1217;88186;46369;33.6;17.7
82;2021-05-22;2069;631;90255;47000;34.4;17.9
82;2021-05-23;705;117;90960;47117;34.6;17.9
82;2021-05-24;1441;263;92401;47380;35.2;18.0
82;2021-05-25;1445;964;93846;48344;35.7;18.4
82;2021-05-26;1413;923;95259;49267;36.3;18.8
82;2021-05-27;1460;1025;96719;50292;36.8;19.2
82;2021-05-28;1540;1144;98259;51436;37.4;19.6
82;2021-05-29;1496;546;99755;51982;38.0;19.8
82;2021-05-30;402;101;100157;52083;38.1;19.8
82;2021-05-31;1492;991;101649;53074;38.7;20.2
82;2021-06-01;1751;1053;103400;54127;39.4;20.6
82;2021-06-02;1473;1005;104873;55132;39.9;21.0
82;2021-06-03;1490;1185;106363;56317;40.5;21.4
82;2021-06-04;2251;1310;108614;57627;41.4;21.9
82;2021-06-05;2271;985;110885;58612;42.2;22.3
82;2021-06-06;328;133;111213;58745;42.3;22.4
82;2021-06-07;958;1275;112171;60020;42.7;22.9
82;2021-06-08;1445;1141;113616;61161;43.3;23.3
82;2021-06-09;1709;1143;115325;62304;43.9;23.7
82;2021-06-10;1441;1208;116766;63512;44.5;24.2
82;2021-06-11;1922;1125;118688;64637;45.2;24.6
82;2021-06-12;2392;1396;121080;66033;46.1;25.1
82;2021-06-13;378;113;121458;66146;46.2;25.2
82;2021-06-14;1212;1083;122670;67229;46.7;25.6
82;2021-06-15;1462;1244;124132;68473;47.3;26.1
82;2021-06-16;1751;1168;125883;69641;47.9;26.5
82;2021-06-17;1219;1473;127102;71114;48.4;27.1
82;2021-06-18;1469;1439;128571;72553;49.0;27.6
82;2021-06-19;2271;982;130842;73535;49.8;28.0
82;2021-06-20;268;174;131110;73709;49.9;28.1
82;2021-06-21;483;1361;131593;75070;50.1;28.6
82;2021-06-22;892;1708;132485;76778;50.4;29.2
82;2021-06-23;1238;1588;133723;78366;50.9;29.8
82;2021-06-24;756;1904;134479;80270;51.2;30.6
82;2021-06-25;741;1938;135220;82208;51.5;31.3
82;2021-06-26;1240;2144;136460;84352;52.0;32.1
82;2021-06-27;195;438;136655;84790;52.0;32.3
82;2021-06-28;330;1413;136985;86203;52.2;32.8
82;2021-06-29;518;1841;137503;88044;52.4;33.5
82;2021-06-30;948;1912;138451;89956;52.7;34.3
82;2021-07-01;658;1632;139109;91588;53.0;34.9
82;2021-07-02;931;2297;140040;93885;53.3;35.7
82;2021-07-03;859;2339;140899;96224;53.7;36.6
82;2021-07-04;120;439;141019;96663;53.7;36.8
82;2021-07-05;444;1562;141463;98225;53.9;37.4
82;2021-07-06;512;1865;141975;100090;54.1;38.1
82;2021-07-07;791;1777;142766;101867;54.4;38.8
82;2021-07-08;505;1503;143271;103370;54.6;39.4
82;2021-07-09;781;2152;144052;105522;54.9;40.2
82;2021-07-10;705;2218;144757;107740;55.1;41.0
82;2021-07-11;38;380;144795;108120;55.1;41.2
82;2021-07-12;579;1884;145374;110004;55.4;41.9
82;2021-07-13;713;2004;146087;112008;55.6;42.7
82;2021-07-14;617;740;146704;112748;55.9;42.9
82;2021-07-15;858;1752;147562;114500;56.2;43.6
82;2021-07-16;1438;2638;149000;117138;56.7;44.6
82;2021-07-17;563;2190;149563;119328;57.0;45.4
82;2021-07-18;14;41;149577;119369;57.0;45.5
82;2021-07-19;733;2073;150310;121442;57.2;46.2
82;2021-07-20;918;1886;151228;123328;57.6;47.0
82;2021-07-21;1288;1764;152516;125092;58.1;47.6
82;2021-07-22;1079;1762;153595;126854;58.5;48.3
82;2021-07-23;1050;2987;154645;129841;58.9;49.4
82;2021-07-24;1102;1485;155747;131326;59.3;50.0
82;2021-07-25;302;72;156049;131398;59.4;50.0
82;2021-07-26;947;1898;156996;133296;59.8;50.8
82;2021-07-27;1331;1643;158327;134939;60.3;51.4
82;2021-07-28;1467;1499;159794;136438;60.8;52.0
82;2021-07-29;1324;1528;161118;137966;61.4;52.5
82;2021-07-30;1530;2479;162648;140445;61.9;53.5
82;2021-07-31;456;295;163104;140740;62.1;53.6
82;2021-08-01;272;50;163376;140790;62.2;53.6
82;2021-08-02;1268;875;164644;141665;62.7;53.9
82;2021-08-03;1430;828;166074;142493;63.2;54.3
82;2021-08-04;1360;1026;167434;143519;63.8;54.6
82;2021-08-05;1486;596;168920;144115;64.3;54.9
82;2021-08-06;993;645;169913;144760;64.7;55.1
82;2021-08-07;922;1191;170835;145951;65.1;55.6
82;2021-08-08;155;65;170990;146016;65.1;55.6
82;2021-08-09;1072;892;172062;146908;65.5;55.9
82;2021-08-10;1285;914;173347;147822;66.0;56.3
82;2021-08-11;1260;1123;174607;148945;66.5;56.7
82;2021-08-12;1470;944;176077;149889;67.0;57.1
82;2021-08-13;1399;991;177476;150880;67.6;57.5
82;2021-08-14;311;482;177787;151362;67.7;57.6
82;2021-08-15;61;34;177848;151396;67.7;57.6
82;2021-08-16;780;1460;178628;152856;68.0;58.2
82;2021-08-17;1058;1233;179686;154089;68.4;58.7
82;2021-08-18;602;841;180288;154930;68.7;59.0
82;2021-08-19;983;1138;181271;156068;69.0;59.4
83;2020-12-27;1;0;1;0;0.0;0.0
83;2020-12-28;0;0;1;0;0.0;0.0
83;2020-12-29;0;0;1;0;0.0;0.0
83;2020-12-30;1;0;2;0;0.0;0.0
83;2020-12-31;0;0;2;0;0.0;0.0
83;2021-01-01;1;0;3;0;0.0;0.0
83;2021-01-02;0;0;3;0;0.0;0.0
83;2021-01-03;1;0;4;0;0.0;0.0
83;2021-01-04;1;0;5;0;0.0;0.0
83;2021-01-05;3;0;8;0;0.0;0.0
83;2021-01-06;69;0;77;0;0.0;0.0
83;2021-01-07;324;0;401;0;0.0;0.0
83;2021-01-08;421;0;822;0;0.1;0.0
83;2021-01-09;48;0;870;0;0.1;0.0
83;2021-01-10;1;0;871;0;0.1;0.0
83;2021-01-11;475;0;1346;0;0.1;0.0
83;2021-01-12;1001;3;2347;3;0.2;0.0
83;2021-01-13;961;7;3308;10;0.3;0.0
83;2021-01-14;839;5;4147;15;0.4;0.0
83;2021-01-15;701;1;4848;16;0.5;0.0
83;2021-01-16;41;1;4889;17;0.5;0.0
83;2021-01-17;1;0;4890;17;0.5;0.0
83;2021-01-18;1221;4;6111;21;0.6;0.0
83;2021-01-19;2016;7;8127;28;0.8;0.0
83;2021-01-20;1659;10;9786;38;0.9;0.0
83;2021-01-21;2101;8;11887;46;1.1;0.0
83;2021-01-22;1658;5;13545;51;1.3;0.0
83;2021-01-23;244;0;13789;51;1.3;0.0
83;2021-01-24;21;1;13810;52;1.3;0.0
83;2021-01-25;1553;6;15363;58;1.4;0.0
83;2021-01-26;1757;14;17120;72;1.6;0.0
83;2021-01-27;2152;83;19272;155;1.8;0.0
83;2021-01-28;5080;359;24352;514;2.3;0.0
83;2021-01-29;2947;351;27299;865;2.5;0.1
83;2021-01-30;234;45;27533;910;2.6;0.1
83;2021-01-31;46;0;27579;910;2.6;0.1
83;2021-02-01;1277;420;28856;1330;2.7;0.1
83;2021-02-02;1438;726;30294;2056;2.8;0.2
83;2021-02-03;1526;637;31820;2693;3.0;0.3
83;2021-02-04;1483;748;33303;3441;3.1;0.3
83;2021-02-05;1218;678;34521;4119;3.2;0.4
83;2021-02-06;22;14;34543;4133;3.2;0.4
83;2021-02-07;1;0;34544;4133;3.2;0.4
83;2021-02-08;1089;626;35633;4759;3.3;0.4
83;2021-02-09;1324;915;36957;5674;3.4;0.5
83;2021-02-10;1529;806;38486;6480;3.6;0.6
83;2021-02-11;1605;1022;40091;7502;3.7;0.7
83;2021-02-12;1346;829;41437;8331;3.9;0.8
83;2021-02-13;52;25;41489;8356;3.9;0.8
83;2021-02-14;0;0;41489;8356;3.9;0.8
83;2021-02-15;669;1054;42158;9410;3.9;0.9
83;2021-02-16;541;1378;42699;10788;4.0;1.0
83;2021-02-17;804;1838;43503;12626;4.1;1.2
83;2021-02-18;1624;3871;45127;16497;4.2;1.5
83;2021-02-19;1475;2338;46602;18835;4.3;1.8
83;2021-02-20;63;170;46665;19005;4.3;1.8
83;2021-02-21;24;35;46689;19040;4.3;1.8
83;2021-02-22;501;1757;47190;20797;4.4;1.9
83;2021-02-23;670;1444;47860;22241;4.5;2.1
83;2021-02-24;722;1487;48582;23728;4.5;2.2
83;2021-02-25;1249;1414;49831;25142;4.6;2.3
83;2021-02-26;1297;1260;51128;26402;4.8;2.5
83;2021-02-27;550;55;51678;26457;4.8;2.5
83;2021-02-28;8;13;51686;26470;4.8;2.5
83;2021-03-01;810;1241;52496;27711;4.9;2.6
83;2021-03-02;988;1313;53484;29024;5.0;2.7
83;2021-03-03;1435;1527;54919;30551;5.1;2.8
83;2021-03-04;1889;1386;56808;31937;5.3;3.0
83;2021-03-05;2218;1240;59026;33177;5.5;3.1
83;2021-03-06;3005;113;62031;33290;5.8;3.1
83;2021-03-07;2224;41;64255;33331;6.0;3.1
83;2021-03-08;849;1318;65104;34649;6.1;3.2
83;2021-03-09;1929;1227;67033;35876;6.2;3.3
83;2021-03-10;2375;1366;69408;37242;6.5;3.5
83;2021-03-11;3673;2204;73081;39446;6.8;3.7
83;2021-03-12;3646;1512;76727;40958;7.1;3.8
83;2021-03-13;4601;175;81328;41133;7.6;3.8
83;2021-03-14;2332;49;83660;41182;7.8;3.8
83;2021-03-15;3337;668;86997;41850;8.1;3.9
83;2021-03-16;2599;698;89596;42548;8.3;4.0
83;2021-03-17;2847;786;92443;43334;8.6;4.0
83;2021-03-18;3550;797;95993;44131;8.9;4.1
83;2021-03-19;4173;585;100166;44716;9.3;4.2
83;2021-03-20;3475;71;103641;44787;9.7;4.2
83;2021-03-21;2011;30;105652;44817;9.8;4.2
83;2021-03-22;3963;893;109615;45710;10.2;4.3
83;2021-03-23;4752;592;114367;46302;10.7;4.3
83;2021-03-24;5048;721;119415;47023;11.1;4.4
83;2021-03-25;6532;848;125947;47871;11.7;4.5
83;2021-03-26;7172;749;133119;48620;12.4;4.5
83;2021-03-27;3966;388;137085;49008;12.8;4.6
83;2021-03-28;2183;32;139268;49040;13.0;4.6
83;2021-03-29;4554;764;143822;49804;13.4;4.6
83;2021-03-30;5965;946;149787;50750;13.9;4.7
83;2021-03-31;5553;1074;155340;51824;14.5;4.8
83;2021-04-01;5976;1259;161316;53083;15.0;4.9
83;2021-04-02;5761;1068;167077;54151;15.6;5.0
83;2021-04-03;1801;634;168878;54785;15.7;5.1
83;2021-04-04;855;346;169733;55131;15.8;5.1
83;2021-04-05;190;66;169923;55197;15.8;5.1
83;2021-04-06;4726;1400;174649;56597;16.3;5.3
83;2021-04-07;5830;1661;180479;58258;16.8;5.4
83;2021-04-08;7884;1998;188363;60256;17.5;5.6
83;2021-04-09;7586;2193;195949;62449;18.2;5.8
83;2021-04-10;2947;2653;198896;65102;18.5;6.1
83;2021-04-11;1720;2137;200616;67239;18.7;6.3
83;2021-04-12;4951;2874;205567;70113;19.1;6.5
83;2021-04-13;5407;3005;210974;73118;19.6;6.8
83;2021-04-14;5896;2948;216870;76066;20.2;7.1
83;2021-04-15;6776;3040;223646;79106;20.8;7.4
83;2021-04-16;6124;3518;229770;82624;21.4;7.7
83;2021-04-17;3512;2188;233282;84812;21.7;7.9
83;2021-04-18;2175;1297;235457;86109;21.9;8.0
83;2021-04-19;4106;3903;239563;90012;22.3;8.4
83;2021-04-20;4357;3871;243920;93883;22.7;8.7
83;2021-04-21;4302;4156;248222;98039;23.1;9.1
83;2021-04-22;5006;4304;253228;102343;23.6;9.5
83;2021-04-23;4527;4568;257755;106911;24.0;10.0
83;2021-04-24;2629;2711;260384;109622;24.2;10.2
83;2021-04-25;1927;1573;262311;111195;24.4;10.4
83;2021-04-26;3567;3852;265878;115047;24.8;10.7
83;2021-04-27;4135;4550;270013;119597;25.1;11.1
83;2021-04-28;4315;4369;274328;123966;25.5;11.5
83;2021-04-29;5813;5115;280141;129081;26.1;12.0
83;2021-04-30;5787;4309;285928;133390;26.6;12.4
83;2021-05-01;1692;428;287620;133818;26.8;12.5
83;2021-05-02;1237;755;288857;134573;26.9;12.5
83;2021-05-03;3752;4281;292609;138854;27.2;12.9
83;2021-05-04;3346;5101;295955;143955;27.6;13.4
83;2021-05-05;3642;4965;299597;148920;27.9;13.9
83;2021-05-06;4672;4957;304269;153877;28.3;14.3
83;2021-05-07;4172;5318;308441;159195;28.7;14.8
83;2021-05-08;2762;1013;311203;160208;29.0;14.9
83;2021-05-09;2152;1235;313355;161443;29.2;15.0
83;2021-05-10;3203;5421;316558;166864;29.5;15.5
83;2021-05-11;5125;5684;321683;172548;30.0;16.1
83;2021-05-12;6292;4844;327975;177392;30.5;16.5
83;2021-05-13;6582;1343;334557;178735;31.2;16.6
83;2021-05-14;7422;4113;341979;182848;31.8;17.0
83;2021-05-15;7753;2201;349732;185049;32.6;17.2
83;2021-05-16;6627;1247;356359;186296;33.2;17.3
83;2021-05-17;4893;4213;361252;190509;33.6;17.7
83;2021-05-18;5533;3862;366785;194371;34.2;18.1
83;2021-05-19;6207;3402;372992;197773;34.7;18.4
83;2021-05-20;6757;3793;379749;201566;35.4;18.8
83;2021-05-21;7908;3872;387657;205438;36.1;19.1
83;2021-05-22;6090;1718;393747;207156;36.7;19.3
83;2021-05-23;4686;706;398433;207862;37.1;19.4
83;2021-05-24;5810;972;404243;208834;37.6;19.4
83;2021-05-25;5512;4752;409755;213586;38.2;19.9
83;2021-05-26;4859;4437;414614;218023;38.6;20.3
83;2021-05-27;5073;5262;419687;223285;39.1;20.8
83;2021-05-28;4507;5767;424194;229052;39.5;21.3
83;2021-05-29;2706;4276;426900;233328;39.8;21.7
83;2021-05-30;1257;1375;428157;234703;39.9;21.9
83;2021-05-31;5488;4767;433645;239470;40.4;22.3
83;2021-06-01;5730;5304;439375;244774;40.9;22.8
83;2021-06-02;5261;4583;444636;249357;41.4;23.2
83;2021-06-03;5743;5133;450379;254490;41.9;23.7
83;2021-06-04;5447;6045;455826;260535;42.4;24.3
83;2021-06-05;3925;3196;459751;263731;42.8;24.6
83;2021-06-06;1936;1383;461687;265114;43.0;24.7
83;2021-06-07;3919;5088;465606;270202;43.4;25.2
83;2021-06-08;4173;4826;469779;275028;43.7;25.6
83;2021-06-09;4006;4701;473785;279729;44.1;26.0
83;2021-06-10;3997;4259;477782;283988;44.5;26.4
83;2021-06-11;3656;5444;481438;289432;44.8;27.0
83;2021-06-12;2912;2985;484350;292417;45.1;27.2
83;2021-06-13;995;1391;485345;293808;45.2;27.4
83;2021-06-14;2857;5657;488202;299465;45.5;27.9
83;2021-06-15;3165;4862;491367;304327;45.8;28.3
83;2021-06-16;2963;4508;494330;308835;46.0;28.8
83;2021-06-17;2767;5286;497097;314121;46.3;29.3
83;2021-06-18;3158;5962;500255;320083;46.6;29.8
83;2021-06-19;2320;4096;502575;324179;46.8;30.2
83;2021-06-20;674;1889;503249;326068;46.9;30.4
83;2021-06-21;2111;7588;505360;333656;47.1;31.1
83;2021-06-22;2100;7164;507460;340820;47.3;31.7
83;2021-06-23;1933;6928;509393;347748;47.4;32.4
83;2021-06-24;1955;7368;511348;355116;47.6;33.1
83;2021-06-25;2110;8398;513458;363514;47.8;33.9
83;2021-06-26;1465;6809;514923;370323;48.0;34.5
83;2021-06-27;692;3185;515615;373508;48.0;34.8
83;2021-06-28;1571;7892;517186;381400;48.2;35.5
83;2021-06-29;1903;7808;519089;389208;48.3;36.2
83;2021-06-30;2241;7268;521330;396476;48.5;36.9
83;2021-07-01;2552;6568;523882;403044;48.8;37.5
83;2021-07-02;2260;7798;526142;410842;49.0;38.3
83;2021-07-03;1509;5686;527651;416528;49.1;38.8
83;2021-07-04;571;2751;528222;419279;49.2;39.0
83;2021-07-05;1923;7532;530145;426811;49.4;39.7
83;2021-07-06;2573;5936;532718;432747;49.6;40.3
83;2021-07-07;2680;4669;535398;437416;49.9;40.7
83;2021-07-08;3246;4469;538644;441885;50.2;41.2
83;2021-07-09;3039;6960;541683;448845;50.4;41.8
83;2021-07-10;1576;4928;543259;453773;50.6;42.3
83;2021-07-11;1006;1763;544265;455536;50.7;42.4
83;2021-07-12;2133;7683;546398;463219;50.9;43.1
83;2021-07-13;4031;7078;550429;470297;51.3;43.8
83;2021-07-14;2093;1320;552522;471617;51.5;43.9
83;2021-07-15;4580;6841;557102;478458;51.9;44.6
83;2021-07-16;5270;7122;562372;485580;52.4;45.2
83;2021-07-17;3594;4995;565966;490575;52.7;45.7
83;2021-07-18;1603;1311;567569;491886;52.9;45.8
83;2021-07-19;3950;6312;571519;498198;53.2;46.4
83;2021-07-20;5977;6159;577496;504357;53.8;47.0
83;2021-07-21;6017;5201;583513;509558;54.3;47.5
83;2021-07-22;7091;5531;590604;515089;55.0;48.0
83;2021-07-23;7091;5886;597695;520975;55.7;48.5
83;2021-07-24;4640;4555;602335;525530;56.1;48.9
83;2021-07-25;1324;731;603659;526261;56.2;49.0
83;2021-07-26;5532;4927;609191;531188;56.7;49.5
83;2021-07-27;6798;4878;615989;536066;57.4;49.9
83;2021-07-28;6571;4387;622560;540453;58.0;50.3
83;2021-07-29;7452;4816;630012;545269;58.7;50.8
83;2021-07-30;6922;4735;636934;550004;59.3;51.2
83;2021-07-31;4650;3200;641584;553204;59.7;51.5
83;2021-08-01;1054;844;642638;554048;59.8;51.6
83;2021-08-02;5729;3683;648367;557731;60.4;51.9
83;2021-08-03;6346;3962;654713;561693;61.0;52.3
83;2021-08-04;5871;3681;660584;565374;61.5;52.6
83;2021-08-05;6128;4063;666712;569437;62.1;53.0
83;2021-08-06;6113;4895;672825;574332;62.7;53.5
83;2021-08-07;3734;3531;676559;577863;63.0;53.8
83;2021-08-08;1063;820;677622;578683;63.1;53.9
83;2021-08-09;4697;4624;682319;583307;63.5;54.3
83;2021-08-10;5207;5127;687526;588434;64.0;54.8
83;2021-08-11;4566;5055;692092;593489;64.5;55.3
83;2021-08-12;4886;5534;696978;599023;64.9;55.8
83;2021-08-13;4889;5722;701867;604745;65.4;56.3
83;2021-08-14;3191;3863;705058;608608;65.7;56.7
83;2021-08-15;202;389;705260;608997;65.7;56.7
83;2021-08-16;3597;5445;708857;614442;66.0;57.2
83;2021-08-17;3515;5239;712372;619681;66.3;57.7
83;2021-08-18;3544;4961;715916;624642;66.7;58.2
83;2021-08-19;4106;6199;720022;630841;67.1;58.7
84;2020-12-27;0;0;0;0;0.0;0.0
84;2020-12-28;0;0;0;0;0.0;0.0
84;2020-12-29;0;0;0;0;0.0;0.0
84;2020-12-30;0;0;0;0;0.0;0.0
84;2020-12-31;0;0;0;0;0.0;0.0
84;2021-01-01;0;0;0;0;0.0;0.0
84;2021-01-02;0;0;0;0;0.0;0.0
84;2021-01-03;0;0;0;0;0.0;0.0
84;2021-01-04;0;0;0;0;0.0;0.0
84;2021-01-05;0;0;0;0;0.0;0.0
84;2021-01-06;0;0;0;0;0.0;0.0
84;2021-01-07;69;0;69;0;0.0;0.0
84;2021-01-08;81;0;150;0;0.0;0.0
84;2021-01-09;30;0;180;0;0.0;0.0
84;2021-01-10;0;0;180;0;0.0;0.0
84;2021-01-11;219;0;399;0;0.1;0.0
84;2021-01-12;623;2;1022;2;0.2;0.0
84;2021-01-13;358;0;1380;2;0.2;0.0
84;2021-01-14;941;13;2321;15;0.4;0.0
84;2021-01-15;617;9;2938;24;0.5;0.0
84;2021-01-16;166;0;3104;24;0.6;0.0
84;2021-01-17;29;1;3133;25;0.6;0.0
84;2021-01-18;696;3;3829;28;0.7;0.0
84;2021-01-19;877;2;4706;30;0.8;0.0
84;2021-01-20;1018;3;5724;33;1.0;0.0
84;2021-01-21;1048;5;6772;38;1.2;0.0
84;2021-01-22;1132;0;7904;38;1.4;0.0
84;2021-01-23;248;0;8152;38;1.5;0.0
84;2021-01-24;3;0;8155;38;1.5;0.0
84;2021-01-25;806;0;8961;38;1.6;0.0
84;2021-01-26;938;5;9899;43;1.8;0.0
84;2021-01-27;1071;2;10970;45;2.0;0.0
84;2021-01-28;1621;18;12591;63;2.2;0.0
84;2021-01-29;1198;63;13789;126;2.5;0.0
84;2021-01-30;171;21;13960;147;2.5;0.0
84;2021-01-31;7;0;13967;147;2.5;0.0
84;2021-02-01;656;147;14623;294;2.6;0.1
84;2021-02-02;787;269;15410;563;2.7;0.1
84;2021-02-03;758;244;16168;807;2.9;0.1
84;2021-02-04;912;406;17080;1213;3.0;0.2
84;2021-02-05;727;415;17807;1628;3.2;0.3
84;2021-02-06;127;49;17934;1677;3.2;0.3
84;2021-02-07;0;0;17934;1677;3.2;0.3
84;2021-02-08;568;276;18502;1953;3.3;0.3
84;2021-02-09;693;721;19195;2674;3.4;0.5
84;2021-02-10;554;568;19749;3242;3.5;0.6
84;2021-02-11;546;585;20295;3827;3.6;0.7
84;2021-02-12;562;680;20857;4507;3.7;0.8
84;2021-02-13;46;171;20903;4678;3.7;0.8
84;2021-02-14;3;0;20906;4678;3.7;0.8
84;2021-02-15;209;890;21115;5568;3.8;1.0
84;2021-02-16;222;832;21337;6400;3.8;1.1
84;2021-02-17;447;780;21784;7180;3.9;1.3
84;2021-02-18;557;1105;22341;8285;4.0;1.5
84;2021-02-19;737;1187;23078;9472;4.1;1.7
84;2021-02-20;65;152;23143;9624;4.1;1.7
84;2021-02-21;5;37;23148;9661;4.1;1.7
84;2021-02-22;369;744;23517;10405;4.2;1.9
84;2021-02-23;268;705;23785;11110;4.2;2.0
84;2021-02-24;393;737;24178;11847;4.3;2.1
84;2021-02-25;713;853;24891;12700;4.4;2.3
84;2021-02-26;822;682;25713;13382;4.6;2.4
84;2021-02-27;133;126;25846;13508;4.6;2.4
84;2021-02-28;17;0;25863;13508;4.6;2.4
84;2021-03-01;456;668;26319;14176;4.7;2.5
84;2021-03-02;632;811;26951;14987;4.8;2.7
84;2021-03-03;821;951;27772;15938;5.0;2.8
84;2021-03-04;1095;689;28867;16627;5.1;3.0
84;2021-03-05;1310;519;30177;17146;5.4;3.1
84;2021-03-06;1460;63;31637;17209;5.6;3.1
84;2021-03-07;481;15;32118;17224;5.7;3.1
84;2021-03-08;812;610;32930;17834;5.9;3.2
84;2021-03-09;1387;784;34317;18618;6.1;3.3
84;2021-03-10;1474;669;35791;19287;6.4;3.4
84;2021-03-11;1984;645;37775;19932;6.7;3.6
84;2021-03-12;2078;630;39853;20562;7.1;3.7
84;2021-03-13;745;37;40598;20599;7.2;3.7
84;2021-03-14;247;53;40845;20652;7.3;3.7
84;2021-03-15;1069;311;41914;20963;7.5;3.7
84;2021-03-16;1179;337;43093;21300;7.7;3.8
84;2021-03-17;1144;441;44237;21741;7.9;3.9
84;2021-03-18;1456;402;45693;22143;8.1;3.9
84;2021-03-19;2175;464;47868;22607;8.5;4.0
84;2021-03-20;838;25;48706;22632;8.7;4.0
84;2021-03-21;150;11;48856;22643;8.7;4.0
84;2021-03-22;1157;462;50013;23105;8.9;4.1
84;2021-03-23;1912;468;51925;23573;9.3;4.2
84;2021-03-24;2178;400;54103;23973;9.6;4.3
84;2021-03-25;3655;400;57758;24373;10.3;4.3
84;2021-03-26;3317;485;61075;24858;10.9;4.4
84;2021-03-27;913;57;61988;24915;11.0;4.4
84;2021-03-28;73;2;62061;24917;11.1;4.4
84;2021-03-29;1716;531;63777;25448;11.4;4.5
84;2021-03-30;2666;682;66443;26130;11.8;4.7
84;2021-03-31;2400;646;68843;26776;12.3;4.8
84;2021-04-01;3020;574;71863;27350;12.8;4.9
84;2021-04-02;2450;530;74313;27880;13.2;5.0
84;2021-04-03;509;28;74822;27908;13.3;5.0
84;2021-04-04;12;0;74834;27908;13.3;5.0
84;2021-04-05;811;102;75645;28010;13.5;5.0
84;2021-04-06;2142;841;77787;28851;13.9;5.1
84;2021-04-07;2403;864;80190;29715;14.3;5.3
84;2021-04-08;3651;1036;83841;30751;14.9;5.5
84;2021-04-09;4115;943;87956;31694;15.7;5.6
84;2021-04-10;1308;130;89264;31824;15.9;5.7
84;2021-04-11;37;12;89301;31836;15.9;5.7
84;2021-04-12;2091;805;91392;32641;16.3;5.8
84;2021-04-13;2940;1369;94332;34010;16.8;6.1
84;2021-04-14;2811;1355;97143;35365;17.3;6.3
84;2021-04-15;3271;1418;100414;36783;17.9;6.6
84;2021-04-16;3429;1552;103843;38335;18.5;6.8
84;2021-04-17;1666;197;105509;38532;18.8;6.9
84;2021-04-18;38;0;105547;38532;18.8;6.9
84;2021-04-19;2505;921;108052;39453;19.3;7.0
84;2021-04-20;2626;1530;110678;40983;19.7;7.3
84;2021-04-21;2650;1490;113328;42473;20.2;7.6
84;2021-04-22;3011;1737;116339;44210;20.7;7.9
84;2021-04-23;3034;1902;119373;46112;21.3;8.2
84;2021-04-24;1530;288;120903;46400;21.6;8.3
84;2021-04-25;27;2;120930;46402;21.6;8.3
84;2021-04-26;2185;1371;123115;47773;21.9;8.5
84;2021-04-27;2553;1987;125668;49760;22.4;8.9
84;2021-04-28;2816;1841;128484;51601;22.9;9.2
84;2021-04-29;3420;2031;131904;53632;23.5;9.6
84;2021-04-30;3133;2423;135037;56055;24.1;10.0
84;2021-05-01;457;258;135494;56313;24.2;10.0
84;2021-05-02;2;0;135496;56313;24.2;10.0
84;2021-05-03;2165;1633;137661;57946;24.5;10.3
84;2021-05-04;2488;2529;140149;60475;25.0;10.8
84;2021-05-05;2353;2218;142502;62693;25.4;11.2
84;2021-05-06;3224;2254;145726;64947;26.0;11.6
84;2021-05-07;2767;2560;148493;67507;26.5;12.0
84;2021-05-08;1158;527;149651;68034;26.7;12.1
84;2021-05-09;6;52;149657;68086;26.7;12.1
84;2021-05-10;2157;2458;151814;70544;27.1;12.6
84;2021-05-11;2908;3166;154722;73710;27.6;13.1
84;2021-05-12;2849;2924;157571;76634;28.1;13.7
84;2021-05-13;2160;845;159731;77479;28.5;13.8
84;2021-05-14;2727;2034;162458;79513;29.0;14.2
84;2021-05-15;2003;985;164461;80498;29.3;14.3
84;2021-05-16;1341;185;165802;80683;29.6;14.4
84;2021-05-17;2223;2155;168025;82838;30.0;14.8
84;2021-05-18;2904;2106;170929;84944;30.5;15.1
84;2021-05-19;3233;1665;174162;86609;31.0;15.4
84;2021-05-20;3699;2207;177861;88816;31.7;15.8
84;2021-05-21;3469;2333;181330;91149;32.3;16.2
84;2021-05-22;1584;679;182914;91828;32.6;16.4
84;2021-05-23;6;9;182920;91837;32.6;16.4
84;2021-05-24;1840;426;184760;92263;32.9;16.4
84;2021-05-25;2983;2184;187743;94447;33.5;16.8
84;2021-05-26;3077;2085;190820;96532;34.0;17.2
84;2021-05-27;3857;2322;194677;98854;34.7;17.6
84;2021-05-28;3182;3306;197859;102160;35.3;18.2
84;2021-05-29;1092;1652;198951;103812;35.5;18.5
84;2021-05-30;8;85;198959;103897;35.5;18.5
84;2021-05-31;2192;2636;201151;106533;35.9;19.0
84;2021-06-01;3145;3157;204296;109690;36.4;19.6
84;2021-06-02;3173;2624;207469;112314;37.0;20.0
84;2021-06-03;4114;2984;211583;115298;37.7;20.6
84;2021-06-04;3616;3039;215199;118337;38.4;21.1
84;2021-06-05;1782;1498;216981;119835;38.7;21.4
84;2021-06-06;988;207;217969;120042;38.9;21.4
84;2021-06-07;2453;2750;220422;122792;39.3;21.9
84;2021-06-08;3319;3050;223741;125842;39.9;22.4
84;2021-06-09;3031;2680;226772;128522;40.4;22.9
84;2021-06-10;3510;2788;230282;131310;41.0;23.4
84;2021-06-11;3024;3062;233306;134372;41.6;24.0
84;2021-06-12;1965;1312;235271;135684;41.9;24.2
84;2021-06-13;414;213;235685;135897;42.0;24.2
84;2021-06-14;1929;3156;237614;139053;42.4;24.8
84;2021-06-15;2575;3457;240189;142510;42.8;25.4
84;2021-06-16;2525;2955;242714;145465;43.3;25.9
84;2021-06-17;2996;3477;245710;148942;43.8;26.5
84;2021-06-18;2424;3551;248134;152493;44.2;27.2
84;2021-06-19;1289;1546;249423;154039;44.5;27.5
84;2021-06-20;549;354;249972;154393;44.6;27.5
84;2021-06-21;1570;3131;251542;157524;44.8;28.1
84;2021-06-22;2164;4013;253706;161537;45.2;28.8
84;2021-06-23;2115;3306;255821;164843;45.6;29.4
84;2021-06-24;2200;3484;258021;168327;46.0;30.0
84;2021-06-25;1837;3886;259858;172213;46.3;30.7
84;2021-06-26;1132;1817;260990;174030;46.5;31.0
84;2021-06-27;295;345;261285;174375;46.6;31.1
84;2021-06-28;1211;3224;262496;177599;46.8;31.7
84;2021-06-29;1479;4047;263975;181646;47.1;32.4
84;2021-06-30;1716;3960;265691;185606;47.4;33.1
84;2021-07-01;1810;3950;267501;189556;47.7;33.8
84;2021-07-02;1751;3896;269252;193452;48.0;34.5
84;2021-07-03;1102;2030;270354;195482;48.2;34.8
84;2021-07-04;394;416;270748;195898;48.3;34.9
84;2021-07-05;1540;3539;272288;199437;48.5;35.6
84;2021-07-06;1630;4165;273918;203602;48.8;36.3
84;2021-07-07;1672;3103;275590;206705;49.1;36.8
84;2021-07-08;2161;3745;277751;210450;49.5;37.5
84;2021-07-09;1869;3969;279620;214419;49.8;38.2
84;2021-07-10;1250;2160;280870;216579;50.1;38.6
84;2021-07-11;356;304;281226;216883;50.1;38.7
84;2021-07-12;1388;3840;282614;220723;50.4;39.3
84;2021-07-13;2333;5009;284947;225732;50.8;40.2
84;2021-07-14;1881;1248;286828;226980;51.1;40.5
84;2021-07-15;2640;4549;289468;231529;51.6;41.3
84;2021-07-16;2774;4597;292242;236126;52.1;42.1
84;2021-07-17;1585;2443;293827;238569;52.4;42.5
84;2021-07-18;1015;549;294842;239118;52.6;42.6
84;2021-07-19;2404;3740;297246;242858;53.0;43.3
84;2021-07-20;2945;4162;300191;247020;53.5;44.0
84;2021-07-21;3176;3656;303367;250676;54.1;44.7
84;2021-07-22;3776;3790;307143;254466;54.7;45.4
84;2021-07-23;3510;3675;310653;258141;55.4;46.0
84;2021-07-24;1450;2244;312103;260385;55.6;46.4
84;2021-07-25;1032;506;313135;260891;55.8;46.5
84;2021-07-26;2709;3023;315844;263914;56.3;47.0
84;2021-07-27;3427;3564;319271;267478;56.9;47.7
84;2021-07-28;3846;3301;323117;270779;57.6;48.3
84;2021-07-29;4199;3147;327316;273926;58.3;48.8
84;2021-07-30;3986;3316;331302;277242;59.1;49.4
84;2021-07-31;1991;1681;333293;278923;59.4;49.7
84;2021-08-01;813;425;334106;279348;59.6;49.8
84;2021-08-02;2920;2682;337026;282030;60.1;50.3
84;2021-08-03;4077;2782;341103;284812;60.8;50.8
84;2021-08-04;3857;2589;344960;287401;61.5;51.2
84;2021-08-05;3840;2561;348800;289962;62.2;51.7
84;2021-08-06;3672;2850;352472;292812;62.8;52.2
84;2021-08-07;2041;1725;354513;294537;63.2;52.5
84;2021-08-08;384;733;354897;295270;63.3;52.6
84;2021-08-09;2860;2583;357757;297853;63.8;53.1
84;2021-08-10;3715;2935;361472;300788;64.4;53.6
84;2021-08-11;3256;2661;364728;303449;65.0;54.1
84;2021-08-12;3147;2971;367875;306420;65.6;54.6
84;2021-08-13;2868;2670;370743;309090;66.1;55.1
84;2021-08-14;1675;1735;372418;310825;66.4;55.4
84;2021-08-15;286;226;372704;311051;66.4;55.4
84;2021-08-16;2329;3052;375033;314103;66.9;56.0
84;2021-08-17;2693;3247;377726;317350;67.3;56.6
84;2021-08-18;2395;2784;380121;320134;67.8;57.1
84;2021-08-19;2253;3104;382374;323238;68.2;57.6
85;2020-12-27;1;0;1;0;0.0;0.0
85;2020-12-28;0;0;1;0;0.0;0.0
85;2020-12-29;0;0;1;0;0.0;0.0
85;2020-12-30;0;0;1;0;0.0;0.0
85;2020-12-31;0;0;1;0;0.0;0.0
85;2021-01-01;0;0;1;0;0.0;0.0
85;2021-01-02;0;0;1;0;0.0;0.0
85;2021-01-03;1;0;2;0;0.0;0.0
85;2021-01-04;25;0;27;0;0.0;0.0
85;2021-01-05;62;0;89;0;0.0;0.0
85;2021-01-06;107;1;196;1;0.0;0.0
85;2021-01-07;203;0;399;1;0.1;0.0
85;2021-01-08;293;2;692;3;0.1;0.0
85;2021-01-09;288;2;980;5;0.1;0.0
85;2021-01-10;59;0;1039;5;0.2;0.0
85;2021-01-11;453;0;1492;5;0.2;0.0
85;2021-01-12;586;2;2078;7;0.3;0.0
85;2021-01-13;544;2;2622;9;0.4;0.0
85;2021-01-14;681;4;3303;13;0.5;0.0
85;2021-01-15;438;3;3741;16;0.5;0.0
85;2021-01-16;264;3;4005;19;0.6;0.0
85;2021-01-17;37;0;4042;19;0.6;0.0
85;2021-01-18;999;3;5041;22;0.7;0.0
85;2021-01-19;1427;16;6468;38;0.9;0.0
85;2021-01-20;1874;3;8342;41;1.2;0.0
85;2021-01-21;3222;10;11564;51;1.7;0.0
85;2021-01-22;1696;19;13260;70;1.9;0.0
85;2021-01-23;466;2;13726;72;2.0;0.0
85;2021-01-24;50;0;13776;72;2.0;0.0
85;2021-01-25;577;1;14353;73;2.1;0.0
85;2021-01-26;877;34;15230;107;2.2;0.0
85;2021-01-27;1804;32;17034;139;2.5;0.0
85;2021-01-28;1635;38;18669;177;2.7;0.0
85;2021-01-29;875;63;19544;240;2.9;0.0
85;2021-01-30;149;5;19693;245;2.9;0.0
85;2021-01-31;2;45;19695;290;2.9;0.0
85;2021-02-01;480;103;20175;393;3.0;0.1
85;2021-02-02;537;175;20712;568;3.0;0.1
85;2021-02-03;414;261;21126;829;3.1;0.1
85;2021-02-04;621;265;21747;1094;3.2;0.2
85;2021-02-05;624;265;22371;1359;3.3;0.2
85;2021-02-06;156;245;22527;1604;3.3;0.2
85;2021-02-07;1;0;22528;1604;3.3;0.2
85;2021-02-08;387;652;22915;2256;3.4;0.3
85;2021-02-09;663;1059;23578;3315;3.5;0.5
85;2021-02-10;583;1132;24161;4447;3.5;0.7
85;2021-02-11;1541;3042;25702;7489;3.8;1.1
85;2021-02-12;1012;1262;26714;8751;3.9;1.3
85;2021-02-13;250;505;26964;9256;3.9;1.4
85;2021-02-14;2;132;26966;9388;3.9;1.4
85;2021-02-15;336;813;27302;10201;4.0;1.5
85;2021-02-16;570;1189;27872;11390;4.1;1.7
85;2021-02-17;786;1575;28658;12965;4.2;1.9
85;2021-02-18;1278;1938;29936;14903;4.4;2.2
85;2021-02-19;958;1209;30894;16112;4.5;2.4
85;2021-02-20;174;262;31068;16374;4.5;2.4
85;2021-02-21;1;11;31069;16385;4.5;2.4
85;2021-02-22;814;886;31883;17271;4.7;2.5
85;2021-02-23;828;485;32711;17756;4.8;2.6
85;2021-02-24;756;313;33467;18069;4.9;2.6
85;2021-02-25;1336;402;34803;18471;5.1;2.7
85;2021-02-26;1228;331;36031;18802;5.3;2.8
85;2021-02-27;400;99;36431;18901;5.3;2.8
85;2021-02-28;7;1;36438;18902;5.3;2.8
85;2021-03-01;765;431;37203;19333;5.4;2.8
85;2021-03-02;1100;793;38303;20126;5.6;2.9
85;2021-03-03;843;516;39146;20642;5.7;3.0
85;2021-03-04;1577;1176;40723;21818;6.0;3.2
85;2021-03-05;1739;852;42462;22670;6.2;3.3
85;2021-03-06;1227;131;43689;22801;6.4;3.3
85;2021-03-07;333;35;44022;22836;6.4;3.3
85;2021-03-08;1741;462;45763;23298;6.7;3.4
85;2021-03-09;2239;575;48002;23873;7.0;3.5
85;2021-03-10;1863;652;49865;24525;7.3;3.6
85;2021-03-11;3119;1092;52984;25617;7.8;3.7
85;2021-03-12;2728;868;55712;26485;8.2;3.9
85;2021-03-13;1371;162;57083;26647;8.4;3.9
85;2021-03-14;182;3;57265;26650;8.4;3.9
85;2021-03-15;1919;517;59184;27167;8.7;4.0
85;2021-03-16;1630;519;60814;27686;8.9;4.1
85;2021-03-17;980;525;61794;28211;9.0;4.1
85;2021-03-18;1903;455;63697;28666;9.3;4.2
85;2021-03-19;2200;370;65897;29036;9.6;4.3
85;2021-03-20;1069;178;66966;29214;9.8;4.3
85;2021-03-21;271;5;67237;29219;9.8;4.3
85;2021-03-22;1763;560;69000;29779;10.1;4.4
85;2021-03-23;2421;735;71421;30514;10.5;4.5
85;2021-03-24;2205;530;73626;31044;10.8;4.5
85;2021-03-25;3648;597;77274;31641;11.3;4.6
85;2021-03-26;3359;649;80633;32290;11.8;4.7
85;2021-03-27;1729;122;82362;32412;12.1;4.7
85;2021-03-28;539;4;82901;32416;12.1;4.7
85;2021-03-29;2412;760;85313;33176;12.5;4.9
85;2021-03-30;2862;1025;88175;34201;12.9;5.0
85;2021-03-31;2198;673;90373;34874;13.2;5.1
85;2021-04-01;3874;913;94247;35787;13.8;5.2
85;2021-04-02;2705;1104;96952;36891;14.2;5.4
85;2021-04-03;1413;322;98365;37213;14.4;5.4
85;2021-04-04;324;29;98689;37242;14.4;5.5
85;2021-04-05;104;175;98793;37417;14.5;5.5
85;2021-04-06;2200;1599;100993;39016;14.8;5.7
85;2021-04-07;3091;1188;104084;40204;15.2;5.9
85;2021-04-08;4539;1603;108623;41807;15.9;6.1
85;2021-04-09;4602;1226;113225;43033;16.6;6.3
85;2021-04-10;1867;400;115092;43433;16.8;6.4
85;2021-04-11;27;10;115119;43443;16.9;6.4
85;2021-04-12;4286;1487;119405;44930;17.5;6.6
85;2021-04-13;4833;1873;124238;46803;18.2;6.9
85;2021-04-14;3962;1010;128200;47813;18.8;7.0
85;2021-04-15;5518;1742;133718;49555;19.6;7.3
85;2021-04-16;5241;1540;138959;51095;20.3;7.5
85;2021-04-17;1382;437;140341;51532;20.5;7.5
85;2021-04-18;351;12;140692;51544;20.6;7.5
85;2021-04-19;3367;1701;144059;53245;21.1;7.8
85;2021-04-20;3694;1925;147753;55170;21.6;8.1
85;2021-04-21;2692;1696;150445;56866;22.0;8.3
85;2021-04-22;3803;2234;154248;59100;22.6;8.7
85;2021-04-23;3903;2087;158151;61187;23.1;9.0
85;2021-04-24;1661;1534;159812;62721;23.4;9.2
85;2021-04-25;981;563;160793;63284;23.5;9.3
85;2021-04-26;3590;2350;164383;65634;24.1;9.6
85;2021-04-27;4393;2165;168776;67799;24.7;9.9
85;2021-04-28;5747;1256;174523;69055;25.5;10.1
85;2021-04-29;5634;2006;180157;71061;26.4;10.4
85;2021-04-30;5576;1677;185733;72738;27.2;10.6
85;2021-05-01;1736;637;187469;73375;27.4;10.7
85;2021-05-02;873;471;188342;73846;27.6;10.8
85;2021-05-03;3493;2385;191835;76231;28.1;11.2
85;2021-05-04;3488;3087;195323;79318;28.6;11.6
85;2021-05-05;4532;2167;199855;81485;29.3;11.9
85;2021-05-06;4920;2596;204775;84081;30.0;12.3
85;2021-05-07;3933;3863;208708;87944;30.5;12.9
85;2021-05-08;2246;229;210954;88173;30.9;12.9
85;2021-05-09;1509;184;212463;88357;31.1;12.9
85;2021-05-10;3212;4930;215675;93287;31.6;13.7
85;2021-05-11;4028;4979;219703;98266;32.2;14.4
85;2021-05-12;5019;3935;224722;102201;32.9;15.0
85;2021-05-13;5144;613;229866;102814;33.6;15.0
85;2021-05-14;4356;3167;234222;105981;34.3;15.5
85;2021-05-15;2327;776;236549;106757;34.6;15.6
85;2021-05-16;2213;162;238762;106919;34.9;15.7
85;2021-05-17;4146;3378;242908;110297;35.6;16.1
85;2021-05-18;5215;2855;248123;113152;36.3;16.6
85;2021-05-19;6493;1766;254616;114918;37.3;16.8
85;2021-05-20;6775;2178;261391;117096;38.3;17.1
85;2021-05-21;5498;2746;266889;119842;39.1;17.5
85;2021-05-22;2584;752;269473;120594;39.4;17.7
85;2021-05-23;1329;161;270802;120755;39.6;17.7
85;2021-05-24;4572;436;275374;121191;40.3;17.7
85;2021-05-25;4517;3566;279891;124757;41.0;18.3
85;2021-05-26;4947;2678;284838;127435;41.7;18.7
85;2021-05-27;4961;3693;289799;131128;42.4;19.2
85;2021-05-28;5252;4066;295051;135194;43.2;19.8
85;2021-05-29;3962;1528;299013;136722;43.8;20.0
85;2021-05-30;1291;125;300304;136847;44.0;20.0
85;2021-05-31;4689;3382;304993;140229;44.6;20.5
85;2021-06-01;5404;3398;310397;143627;45.4;21.0
85;2021-06-02;5557;2521;315954;146148;46.2;21.4
85;2021-06-03;5917;3235;321871;149383;47.1;21.9
85;2021-06-04;5837;3821;327708;153204;48.0;22.4
85;2021-06-05;2850;1942;330558;155146;48.4;22.7
85;2021-06-06;1510;803;332068;155949;48.6;22.8
85;2021-06-07;3237;4860;335305;160809;49.1;23.5
85;2021-06-08;4093;4528;339398;165337;49.7;24.2
85;2021-06-09;4848;3516;344246;168853;50.4;24.7
85;2021-06-10;5199;3705;349445;172558;51.1;25.3
85;2021-06-11;4506;4661;353951;177219;51.8;25.9
85;2021-06-12;1492;1799;355443;179018;52.0;26.2
85;2021-06-13;1220;672;356663;179690;52.2;26.3
85;2021-06-14;2680;5093;359343;184783;52.6;27.0
85;2021-06-15;3714;4934;363057;189717;53.1;27.8
85;2021-06-16;4083;3906;367140;193623;53.7;28.3
85;2021-06-17;3940;3900;371080;197523;54.3;28.9
85;2021-06-18;3626;5682;374706;203205;54.8;29.7
85;2021-06-19;1214;2030;375920;205235;55.0;30.0
85;2021-06-20;138;521;376058;205756;55.0;30.1
85;2021-06-21;2376;5813;378434;211569;55.4;31.0
85;2021-06-22;2848;5732;381282;217301;55.8;31.8
85;2021-06-23;3390;4499;384672;221800;56.3;32.5
85;2021-06-24;3641;4560;388313;226360;56.8;33.1
85;2021-06-25;2290;6179;390603;232539;57.2;34.0
85;2021-06-26;791;3761;391394;236300;57.3;34.6
85;2021-06-27;125;1370;391519;237670;57.3;34.8
85;2021-06-28;1186;6718;392705;244388;57.5;35.8
85;2021-06-29;1757;6875;394462;251263;57.7;36.8
85;2021-06-30;2212;6200;396674;257463;58.1;37.7
85;2021-07-01;2842;6058;399516;263521;58.5;38.6
85;2021-07-02;2268;7013;401784;270534;58.8;39.6
85;2021-07-03;617;3165;402401;273699;58.9;40.1
85;2021-07-04;145;1086;402546;274785;58.9;40.2
85;2021-07-05;1064;6651;403610;281436;59.1;41.2
85;2021-07-06;1581;6458;405191;287894;59.3;42.1
85;2021-07-07;1650;5863;406841;293757;59.6;43.0
85;2021-07-08;2166;5442;409007;299199;59.9;43.8
85;2021-07-09;1646;7098;410653;306297;60.1;44.8
85;2021-07-10;565;2838;411218;309135;60.2;45.2
85;2021-07-11;529;1288;411747;310423;60.3;45.4
85;2021-07-12;1408;7049;413155;317472;60.5;46.5
85;2021-07-13;2062;7394;415217;324866;60.8;47.6
85;2021-07-14;1453;2049;416670;326915;61.0;47.9
85;2021-07-15;2679;6938;419349;333853;61.4;48.9
85;2021-07-16;3427;6833;422776;340686;61.9;49.9
85;2021-07-17;1563;2152;424339;342838;62.1;50.2
85;2021-07-18;1148;1154;425487;343992;62.3;50.4
85;2021-07-19;3550;6235;429037;350227;62.8;51.3
85;2021-07-20;4297;6216;433334;356443;63.4;52.2
85;2021-07-21;3992;6201;437326;362644;64.0;53.1
85;2021-07-22;3902;6189;441228;368833;64.6;54.0
85;2021-07-23;4522;6714;445750;375547;65.2;55.0
85;2021-07-24;1044;2297;446794;377844;65.4;55.3
85;2021-07-25;491;306;447285;378150;65.5;55.4
85;2021-07-26;4503;5360;451788;383510;66.1;56.1
85;2021-07-27;5307;5396;457095;388906;66.9;56.9
85;2021-07-28;4954;4977;462049;393883;67.6;57.7
85;2021-07-29;5862;4739;467911;398622;68.5;58.3
85;2021-07-30;5997;4953;473908;403575;69.4;59.1
85;2021-07-31;1222;1577;475130;405152;69.5;59.3
85;2021-08-01;460;195;475590;405347;69.6;59.3
85;2021-08-02;4929;3954;480519;409301;70.3;59.9
85;2021-08-03;6502;3350;487021;412651;71.3;60.4
85;2021-08-04;6606;3420;493627;416071;72.3;60.9
85;2021-08-05;6163;3597;499790;419668;73.2;61.4
85;2021-08-06;5786;4513;505576;424181;74.0;62.1
85;2021-08-07;1503;1178;507079;425359;74.2;62.3
85;2021-08-08;329;231;507408;425590;74.3;62.3
85;2021-08-09;4116;3275;511524;428865;74.9;62.8
85;2021-08-10;4782;3415;516306;432280;75.6;63.3
85;2021-08-11;4650;4205;520956;436485;76.3;63.9
85;2021-08-12;4450;4290;525406;440775;76.9;64.5
85;2021-08-13;3817;3639;529223;444414;77.5;65.1
85;2021-08-14;1014;1092;530237;445506;77.6;65.2
85;2021-08-15;160;239;530397;445745;77.6;65.2
85;2021-08-16;2834;4767;533231;450512;78.1;65.9
85;2021-08-17;2960;4345;536191;454857;78.5;66.6
85;2021-08-18;3126;4091;539317;458948;78.9;67.2
85;2021-08-19;2701;4266;542018;463214;79.3;67.8
86;2020-12-27;0;0;0;0;0.0;0.0
86;2020-12-28;1;0;1;0;0.0;0.0
86;2020-12-29;1;0;2;0;0.0;0.0
86;2020-12-30;0;0;2;0;0.0;0.0
86;2020-12-31;0;0;2;0;0.0;0.0
86;2021-01-01;0;0;2;0;0.0;0.0
86;2021-01-02;0;0;2;0;0.0;0.0
86;2021-01-03;2;0;4;0;0.0;0.0
86;2021-01-04;0;0;4;0;0.0;0.0
86;2021-01-05;1;0;5;0;0.0;0.0
86;2021-01-06;178;0;183;0;0.0;0.0
86;2021-01-07;672;0;855;0;0.2;0.0
86;2021-01-08;609;3;1464;3;0.3;0.0
86;2021-01-09;0;0;1464;3;0.3;0.0
86;2021-01-10;173;0;1637;3;0.4;0.0
86;2021-01-11;305;0;1942;3;0.4;0.0
86;2021-01-12;459;0;2401;3;0.5;0.0
86;2021-01-13;336;0;2737;3;0.6;0.0
86;2021-01-14;551;1;3288;4;0.8;0.0
86;2021-01-15;542;1;3830;5;0.9;0.0
86;2021-01-16;2;0;3832;5;0.9;0.0
86;2021-01-17;0;0;3832;5;0.9;0.0
86;2021-01-18;564;0;4396;5;1.0;0.0
86;2021-01-19;1914;1;6310;6;1.4;0.0
86;2021-01-20;1459;20;7769;26;1.8;0.0
86;2021-01-21;1292;0;9061;26;2.1;0.0
86;2021-01-22;833;0;9894;26;2.3;0.0
86;2021-01-23;313;0;10207;26;2.3;0.0
86;2021-01-24;0;0;10207;26;2.3;0.0
86;2021-01-25;583;110;10790;136;2.5;0.0
86;2021-01-26;750;123;11540;259;2.6;0.1
86;2021-01-27;764;156;12304;415;2.8;0.1
86;2021-01-28;1048;425;13352;840;3.1;0.2
86;2021-01-29;878;219;14230;1059;3.3;0.2
86;2021-01-30;275;103;14505;1162;3.3;0.3
86;2021-01-31;57;157;14562;1319;3.3;0.3
86;2021-02-01;433;207;14995;1526;3.4;0.3
86;2021-02-02;573;386;15568;1912;3.6;0.4
86;2021-02-03;525;224;16093;2136;3.7;0.5
86;2021-02-04;478;366;16571;2502;3.8;0.6
86;2021-02-05;438;743;17009;3245;3.9;0.7
86;2021-02-06;148;205;17157;3450;3.9;0.8
86;2021-02-07;120;8;17277;3458;3.9;0.8
86;2021-02-08;361;328;17638;3786;4.0;0.9
86;2021-02-09;751;1124;18389;4910;4.2;1.1
86;2021-02-10;977;942;19366;5852;4.4;1.3
86;2021-02-11;1005;976;20371;6828;4.7;1.6
86;2021-02-12;745;380;21116;7208;4.8;1.6
86;2021-02-13;191;95;21307;7303;4.9;1.7
86;2021-02-14;1;34;21308;7337;4.9;1.7
86;2021-02-15;244;508;21552;7845;4.9;1.8
86;2021-02-16;384;865;21936;8710;5.0;2.0
86;2021-02-17;453;897;22389;9607;5.1;2.2
86;2021-02-18;422;874;22811;10481;5.2;2.4
86;2021-02-19;601;641;23412;11122;5.4;2.5
86;2021-02-20;115;176;23527;11298;5.4;2.6
86;2021-02-21;0;0;23527;11298;5.4;2.6
86;2021-02-22;240;427;23767;11725;5.4;2.7
86;2021-02-23;369;605;24136;12330;5.5;2.8
86;2021-02-24;408;587;24544;12917;5.6;3.0
86;2021-02-25;902;667;25446;13584;5.8;3.1
86;2021-02-26;1030;539;26476;14123;6.1;3.2
86;2021-02-27;460;151;26936;14274;6.2;3.3
86;2021-02-28;3;2;26939;14276;6.2;3.3
86;2021-03-01;232;525;27171;14801;6.2;3.4
86;2021-03-02;1142;852;28313;15653;6.5;3.6
86;2021-03-03;792;627;29105;16280;6.7;3.7
86;2021-03-04;1495;620;30600;16900;7.0;3.9
86;2021-03-05;1577;314;32177;17214;7.4;3.9
86;2021-03-06;995;169;33172;17383;7.6;4.0
86;2021-03-07;371;32;33543;17415;7.7;4.0
86;2021-03-08;473;541;34016;17956;7.8;4.1
86;2021-03-09;1368;530;35384;18486;8.1;4.2
86;2021-03-10;948;611;36332;19097;8.3;4.4
86;2021-03-11;1798;477;38130;19574;8.7;4.5
86;2021-03-12;2206;436;40336;20010;9.2;4.6
86;2021-03-13;1445;101;41781;20111;9.6;4.6
86;2021-03-14;133;16;41914;20127;9.6;4.6
86;2021-03-15;784;159;42698;20286;9.8;4.6
86;2021-03-16;847;203;43545;20489;10.0;4.7
86;2021-03-17;786;205;44331;20694;10.1;4.7
86;2021-03-18;1005;100;45336;20794;10.4;4.8
86;2021-03-19;2141;323;47477;21117;10.9;4.8
86;2021-03-20;592;133;48069;21250;11.0;4.9
86;2021-03-21;10;0;48079;21250;11.0;4.9
86;2021-03-22;852;277;48931;21527;11.2;4.9
86;2021-03-23;2015;327;50946;21854;11.6;5.0
86;2021-03-24;1557;291;52503;22145;12.0;5.1
86;2021-03-25;2488;352;54991;22497;12.6;5.1
86;2021-03-26;3040;361;58031;22858;13.3;5.2
86;2021-03-27;732;143;58763;23001;13.4;5.3
86;2021-03-28;5;128;58768;23129;13.4;5.3
86;2021-03-29;1260;392;60028;23521;13.7;5.4
86;2021-03-30;2402;820;62430;24341;14.3;5.6
86;2021-03-31;1511;625;63941;24966;14.6;5.7
86;2021-04-01;2241;942;66182;25908;15.1;5.9
86;2021-04-02;1902;556;68084;26464;15.6;6.1
86;2021-04-03;825;324;68909;26788;15.8;6.1
86;2021-04-04;82;108;68991;26896;15.8;6.1
86;2021-04-05;314;5;69305;26901;15.8;6.2
86;2021-04-06;1534;960;70839;27861;16.2;6.4
86;2021-04-07;1633;630;72472;28491;16.6;6.5
86;2021-04-08;2567;760;75039;29251;17.2;6.7
86;2021-04-09;3251;650;78290;29901;17.9;6.8
86;2021-04-10;1663;191;79953;30092;18.3;6.9
86;2021-04-11;442;10;80395;30102;18.4;6.9
86;2021-04-12;821;766;81216;30868;18.6;7.1
86;2021-04-13;2452;940;83668;31808;19.1;7.3
86;2021-04-14;1871;876;85539;32684;19.6;7.5
86;2021-04-15;2276;727;87815;33411;20.1;7.6
86;2021-04-16;2472;1227;90287;34638;20.6;7.9
86;2021-04-17;1039;262;91326;34900;20.9;8.0
86;2021-04-18;119;4;91445;34904;20.9;8.0
86;2021-04-19;745;794;92190;35698;21.1;8.2
86;2021-04-20;2300;1501;94490;37199;21.6;8.5
86;2021-04-21;2107;1125;96597;38324;22.1;8.8
86;2021-04-22;2331;1445;98928;39769;22.6;9.1
86;2021-04-23;2394;1578;101322;41347;23.2;9.5
86;2021-04-24;1300;510;102622;41857;23.5;9.6
86;2021-04-25;825;26;103447;41883;23.7;9.6
86;2021-04-26;2079;891;105526;42774;24.1;9.8
86;2021-04-27;3156;1670;108682;44444;24.8;10.2
86;2021-04-28;3004;1522;111686;45966;25.5;10.5
86;2021-04-29;3557;1833;115243;47799;26.3;10.9
86;2021-04-30;2970;1482;118213;49281;27.0;11.3
86;2021-05-01;1580;198;119793;49479;27.4;11.3
86;2021-05-02;1280;44;121073;49523;27.7;11.3
86;2021-05-03;2562;1005;123635;50528;28.3;11.6
86;2021-05-04;3510;1902;127145;52430;29.1;12.0
86;2021-05-05;3991;1480;131136;53910;30.0;12.3
86;2021-05-06;4292;1659;135428;55569;31.0;12.7
86;2021-05-07;4047;1824;139475;57393;31.9;13.1
86;2021-05-08;1976;398;141451;57791;32.3;13.2
86;2021-05-09;1642;203;143093;57994;32.7;13.3
86;2021-05-10;1957;1174;145050;59168;33.2;13.5
86;2021-05-11;3604;2688;148654;61856;34.0;14.1
86;2021-05-12;2251;1651;150905;63507;34.5;14.5
86;2021-05-13;1685;298;152590;63805;34.9;14.6
86;2021-05-14;2098;792;154688;64597;35.4;14.8
86;2021-05-15;1467;503;156155;65100;35.7;14.9
86;2021-05-16;778;164;156933;65264;35.9;14.9
86;2021-05-17;3221;1063;160154;66327;36.6;15.2
86;2021-05-18;4307;1666;164461;67993;37.6;15.5
86;2021-05-19;3590;1438;168051;69431;38.4;15.9
86;2021-05-20;4375;1624;172426;71055;39.4;16.2
86;2021-05-21;3439;1773;175865;72828;40.2;16.7
86;2021-05-22;2076;664;177941;73492;40.7;16.8
86;2021-05-23;1439;183;179380;73675;41.0;16.8
86;2021-05-24;1848;203;181228;73878;41.4;16.9
86;2021-05-25;2849;1641;184077;75519;42.1;17.3
86;2021-05-26;2727;1526;186804;77045;42.7;17.6
86;2021-05-27;3545;1846;190349;78891;43.5;18.0
86;2021-05-28;2163;2539;192512;81430;44.0;18.6
86;2021-05-29;1527;1287;194039;82717;44.4;18.9
86;2021-05-30;934;133;194973;82850;44.6;18.9
86;2021-05-31;1922;1821;196895;84671;45.0;19.4
86;2021-06-01;2665;2594;199560;87265;45.6;20.0
86;2021-06-02;2300;2667;201860;89932;46.2;20.6
86;2021-06-03;3334;2414;205194;92346;46.9;21.1
86;2021-06-04;2239;2863;207433;95209;47.4;21.8
86;2021-06-05;1502;1578;208935;96787;47.8;22.1
86;2021-06-06;819;899;209754;97686;48.0;22.3
86;2021-06-07;1118;2466;210872;100152;48.2;22.9
86;2021-06-08;1989;3699;212861;103851;48.7;23.7
86;2021-06-09;1902;3320;214763;107171;49.1;24.5
86;2021-06-10;2352;3241;217115;110412;49.6;25.2
86;2021-06-11;1517;2791;218632;113203;50.0;25.9
86;2021-06-12;746;2245;219378;115448;50.2;26.4
86;2021-06-13;214;1477;219592;116925;50.2;26.7
86;2021-06-14;1159;2904;220751;119829;50.5;27.4
86;2021-06-15;1688;4260;222439;124089;50.9;28.4
86;2021-06-16;1809;3132;224248;127221;51.3;29.1
86;2021-06-17;1776;4446;226024;131667;51.7;30.1
86;2021-06-18;1883;4591;227907;136258;52.1;31.2
86;2021-06-19;635;2101;228542;138359;52.3;31.6
86;2021-06-20;174;1319;228716;139678;52.3;31.9
86;2021-06-21;1106;2240;229822;141918;52.5;32.4
86;2021-06-22;1298;3459;231120;145377;52.8;33.2
86;2021-06-23;1363;2401;232483;147778;53.2;33.8
86;2021-06-24;1590;2724;234073;150502;53.5;34.4
86;2021-06-25;1193;3552;235266;154054;53.8;35.2
86;2021-06-26;391;2651;235657;156705;53.9;35.8
86;2021-06-27;138;1633;235795;158338;53.9;36.2
86;2021-06-28;270;3343;236065;161681;54.0;37.0
86;2021-06-29;858;4605;236923;166286;54.2;38.0
86;2021-06-30;1050;2974;237973;169260;54.4;38.7
86;2021-07-01;1540;3005;239513;172265;54.8;39.4
86;2021-07-02;1108;3646;240621;175911;55.0;40.2
86;2021-07-03;517;2394;241138;178305;55.1;40.8
86;2021-07-04;116;1347;241254;179652;55.2;41.1
86;2021-07-05;469;2832;241723;182484;55.3;41.7
86;2021-07-06;989;4102;242712;186586;55.5;42.7
86;2021-07-07;1261;2629;243973;189215;55.8;43.3
86;2021-07-08;1618;3150;245591;192365;56.1;44.0
86;2021-07-09;1744;3084;247335;195449;56.5;44.7
86;2021-07-10;1296;1952;248631;197401;56.8;45.1
86;2021-07-11;481;839;249112;198240;57.0;45.3
86;2021-07-12;835;2403;249947;200643;57.1;45.9
86;2021-07-13;1775;3370;251722;204013;57.5;46.6
86;2021-07-14;781;1232;252503;205245;57.7;46.9
86;2021-07-15;1881;3291;254384;208536;58.2;47.7
86;2021-07-16;1672;2664;256056;211200;58.5;48.3
86;2021-07-17;1348;1599;257404;212799;58.8;48.7
86;2021-07-18;378;906;257782;213705;58.9;48.9
86;2021-07-19;1376;1886;259158;215591;59.2;49.3
86;2021-07-20;2342;2732;261500;218323;59.8;49.9
86;2021-07-21;2300;2160;263800;220483;60.3;50.4
86;2021-07-22;2896;2793;266696;223276;61.0;51.0
86;2021-07-23;2460;2162;269156;225438;61.5;51.5
86;2021-07-24;1539;1222;270695;226660;61.9;51.8
86;2021-07-25;713;322;271408;226982;62.1;51.9
86;2021-07-26;1587;2106;272995;229088;62.4;52.4
86;2021-07-27;3543;2754;276538;231842;63.2;53.0
86;2021-07-28;3262;2131;279800;233973;64.0;53.5
86;2021-07-29;3255;2541;283055;236514;64.7;54.1
86;2021-07-30;2232;2380;285287;238894;65.2;54.6
86;2021-07-31;1420;1056;286707;239950;65.5;54.9
86;2021-08-01;646;336;287353;240286;65.7;54.9
86;2021-08-02;1926;1680;289279;241966;66.1;55.3
86;2021-08-03;3266;1992;292545;243958;66.9;55.8
86;2021-08-04;2729;1783;295274;245741;67.5;56.2
86;2021-08-05;3545;2052;298819;247793;68.3;56.7
86;2021-08-06;2364;1759;301183;249552;68.9;57.1
86;2021-08-07;1568;996;302751;250548;69.2;57.3
86;2021-08-08;946;550;303697;251098;69.4;57.4
86;2021-08-09;1874;1298;305571;252396;69.9;57.7
86;2021-08-10;2671;1781;308242;254177;70.5;58.1
86;2021-08-11;2348;1434;310590;255611;71.0;58.4
86;2021-08-12;2471;1830;313061;257441;71.6;58.9
86;2021-08-13;1822;1486;314883;258927;72.0;59.2
86;2021-08-14;1327;1150;316210;260077;72.3;59.5
86;2021-08-15;561;620;316771;260697;72.4;59.6
86;2021-08-16;1137;1788;317908;262485;72.7;60.0
86;2021-08-17;1550;2214;319458;264699;73.0;60.5
86;2021-08-18;1249;1840;320707;266539;73.3;60.9
86;2021-08-19;1491;2625;322198;269164;73.7;61.5
87;2020-12-27;0;0;0;0;0.0;0.0
87;2020-12-28;1;0;1;0;0.0;0.0
87;2020-12-29;0;0;1;0;0.0;0.0
87;2020-12-30;0;0;1;0;0.0;0.0
87;2020-12-31;0;0;1;0;0.0;0.0
87;2021-01-01;0;0;1;0;0.0;0.0
87;2021-01-02;0;0;1;0;0.0;0.0
87;2021-01-03;0;0;1;0;0.0;0.0
87;2021-01-04;1;0;2;0;0.0;0.0
87;2021-01-05;1;0;3;0;0.0;0.0
87;2021-01-06;10;0;13;0;0.0;0.0
87;2021-01-07;301;0;314;0;0.1;0.0
87;2021-01-08;407;0;721;0;0.2;0.0
87;2021-01-09;64;0;785;0;0.2;0.0
87;2021-01-10;35;0;820;0;0.2;0.0
87;2021-01-11;424;0;1244;0;0.3;0.0
87;2021-01-12;652;0;1896;0;0.5;0.0
87;2021-01-13;660;3;2556;3;0.7;0.0
87;2021-01-14;517;11;3073;14;0.8;0.0
87;2021-01-15;533;3;3606;17;1.0;0.0
87;2021-01-16;204;1;3810;18;1.0;0.0
87;2021-01-17;1;0;3811;18;1.0;0.0
87;2021-01-18;646;4;4457;22;1.2;0.0
87;2021-01-19;655;1;5112;23;1.4;0.0
87;2021-01-20;674;3;5786;26;1.6;0.0
87;2021-01-21;717;1;6503;27;1.8;0.0
87;2021-01-22;758;4;7261;31;2.0;0.0
87;2021-01-23;286;0;7547;31;2.0;0.0
87;2021-01-24;0;0;7547;31;2.0;0.0
87;2021-01-25;620;10;8167;41;2.2;0.0
87;2021-01-26;570;53;8737;94;2.4;0.0
87;2021-01-27;572;40;9309;134;2.5;0.0
87;2021-01-28;857;110;10166;244;2.7;0.1
87;2021-01-29;740;272;10906;516;2.9;0.1
87;2021-01-30;327;75;11233;591;3.0;0.2
87;2021-01-31;34;71;11267;662;3.0;0.2
87;2021-02-01;413;310;11680;972;3.2;0.3
87;2021-02-02;452;482;12132;1454;3.3;0.4
87;2021-02-03;540;422;12672;1876;3.4;0.5
87;2021-02-04;613;594;13285;2470;3.6;0.7
87;2021-02-05;342;383;13627;2853;3.7;0.8
87;2021-02-06;51;154;13678;3007;3.7;0.8
87;2021-02-07;20;0;13698;3007;3.7;0.8
87;2021-02-08;245;445;13943;3452;3.8;0.9
87;2021-02-09;218;544;14161;3996;3.8;1.1
87;2021-02-10;262;626;14423;4622;3.9;1.2
87;2021-02-11;286;539;14709;5161;4.0;1.4
87;2021-02-12;287;556;14996;5717;4.0;1.5
87;2021-02-13;25;168;15021;5885;4.1;1.6
87;2021-02-14;0;3;15021;5888;4.1;1.6
87;2021-02-15;237;388;15258;6276;4.1;1.7
87;2021-02-16;330;330;15588;6606;4.2;1.8
87;2021-02-17;330;380;15918;6986;4.3;1.9
87;2021-02-18;477;646;16395;7632;4.4;2.1
87;2021-02-19;402;482;16797;8114;4.5;2.2
87;2021-02-20;123;197;16920;8311;4.6;2.2
87;2021-02-21;2;9;16922;8320;4.6;2.2
87;2021-02-22;438;576;17360;8896;4.7;2.4
87;2021-02-23;556;633;17916;9529;4.8;2.6
87;2021-02-24;450;601;18366;10130;5.0;2.7
87;2021-02-25;790;707;19156;10837;5.2;2.9
87;2021-02-26;840;477;19996;11314;5.4;3.1
87;2021-02-27;405;212;20401;11526;5.5;3.1
87;2021-02-28;3;0;20404;11526;5.5;3.1
87;2021-03-01;518;369;20922;11895;5.6;3.2
87;2021-03-02;1031;386;21953;12281;5.9;3.3
87;2021-03-03;1174;353;23127;12634;6.2;3.4
87;2021-03-04;1406;338;24533;12972;6.6;3.5
87;2021-03-05;1770;285;26303;13257;7.1;3.6
87;2021-03-06;1046;40;27349;13297;7.4;3.6
87;2021-03-07;257;5;27606;13302;7.4;3.6
87;2021-03-08;864;244;28470;13546;7.7;3.7
87;2021-03-09;1288;231;29758;13777;8.0;3.7
87;2021-03-10;1299;233;31057;14010;8.4;3.8
87;2021-03-11;1754;253;32811;14263;8.8;3.8
87;2021-03-12;2128;290;34939;14553;9.4;3.9
87;2021-03-13;1309;20;36248;14573;9.8;3.9
87;2021-03-14;80;1;36328;14574;9.8;3.9
87;2021-03-15;989;357;37317;14931;10.1;4.0
87;2021-03-16;1061;243;38378;15174;10.4;4.1
87;2021-03-17;1070;220;39448;15394;10.6;4.2
87;2021-03-18;1180;343;40628;15737;11.0;4.2
87;2021-03-19;1682;278;42310;16015;11.4;4.3
87;2021-03-20;923;86;43233;16101;11.7;4.3
87;2021-03-21;32;0;43265;16101;11.7;4.3
87;2021-03-22;1049;381;44314;16482;12.0;4.4
87;2021-03-23;1385;431;45699;16913;12.3;4.6
87;2021-03-24;1508;366;47207;17279;12.7;4.7
87;2021-03-25;2500;395;49707;17674;13.4;4.8
87;2021-03-26;2531;455;52238;18129;14.1;4.9
87;2021-03-27;889;125;53127;18254;14.3;4.9
87;2021-03-28;269;18;53396;18272;14.4;4.9
87;2021-03-29;1117;417;54513;18689;14.7;5.0
87;2021-03-30;1908;666;56421;19355;15.2;5.2
87;2021-03-31;1658;693;58079;20048;15.7;5.4
87;2021-04-01;2239;572;60318;20620;16.3;5.6
87;2021-04-02;1842;634;62160;21254;16.8;5.7
87;2021-04-03;455;265;62615;21519;16.9;5.8
87;2021-04-04;2;0;62617;21519;16.9;5.8
87;2021-04-05;82;1;62699;21520;16.9;5.8
87;2021-04-06;1000;906;63699;22426;17.2;6.0
87;2021-04-07;1486;926;65185;23352;17.6;6.3
87;2021-04-08;1785;1034;66970;24386;18.1;6.6
87;2021-04-09;2646;736;69616;25122;18.8;6.8
87;2021-04-10;1190;306;70806;25428;19.1;6.9
87;2021-04-11;68;0;70874;25428;19.1;6.9
87;2021-04-12;1618;826;72492;26254;19.6;7.1
87;2021-04-13;2290;1061;74782;27315;20.2;7.4
87;2021-04-14;2528;1186;77310;28501;20.9;7.7
87;2021-04-15;2223;1075;79533;29576;21.5;8.0
87;2021-04-16;2735;1073;82268;30649;22.2;8.3
87;2021-04-17;731;385;82999;31034;22.4;8.4
87;2021-04-18;111;141;83110;31175;22.4;8.4
87;2021-04-19;1658;835;84768;32010;22.9;8.6
87;2021-04-20;2085;880;86853;32890;23.4;8.9
87;2021-04-21;2294;991;89147;33881;24.0;9.1
87;2021-04-22;2564;1161;91711;35042;24.7;9.5
87;2021-04-23;1997;1181;93708;36223;25.3;9.8
87;2021-04-24;825;620;94533;36843;25.5;9.9
87;2021-04-25;64;103;94597;36946;25.5;10.0
87;2021-04-26;1356;915;95953;37861;25.9;10.2
87;2021-04-27;2398;1206;98351;39067;26.5;10.5
87;2021-04-28;3868;1442;102219;40509;27.6;10.9
87;2021-04-29;3077;1841;105296;42350;28.4;11.4
87;2021-04-30;3174;1359;108470;43709;29.3;11.8
87;2021-05-01;613;58;109083;43767;29.4;11.8
87;2021-05-02;361;5;109444;43772;29.5;11.8
87;2021-05-03;2322;936;111766;44708;30.1;12.1
87;2021-05-04;2906;1071;114672;45779;30.9;12.3
87;2021-05-05;2989;1511;117661;47290;31.7;12.8
87;2021-05-06;2531;1725;120192;49015;32.4;13.2
87;2021-05-07;2944;1718;123136;50733;33.2;13.7
87;2021-05-08;772;294;123908;51027;33.4;13.8
87;2021-05-09;19;133;123927;51160;33.4;13.8
87;2021-05-10;1937;1604;125864;52764;33.9;14.2
87;2021-05-11;2466;1908;128330;54672;34.6;14.7
87;2021-05-12;2620;2066;130950;56738;35.3;15.3
87;2021-05-13;1085;292;132035;57030;35.6;15.4
87;2021-05-14;2244;1772;134279;58802;36.2;15.9
87;2021-05-15;950;407;135229;59209;36.5;16.0
87;2021-05-16;141;73;135370;59282;36.5;16.0
87;2021-05-17;1628;1761;136998;61043;36.9;16.5
87;2021-05-18;2635;1818;139633;62861;37.7;17.0
87;2021-05-19;2820;1553;142453;64414;38.4;17.4
87;2021-05-20;3304;1720;145757;66134;39.3;17.8
87;2021-05-21;2765;1839;148522;67973;40.1;18.3
87;2021-05-22;1457;628;149979;68601;40.5;18.5
87;2021-05-23;210;92;150189;68693;40.5;18.5
87;2021-05-24;1056;142;151245;68835;40.8;18.6
87;2021-05-25;2118;1811;153363;70646;41.4;19.1
87;2021-05-26;3221;2476;156584;73122;42.2;19.7
87;2021-05-27;3023;2356;159607;75478;43.0;20.4
87;2021-05-28;2673;2524;162280;78002;43.8;21.0
87;2021-05-29;1060;1315;163340;79317;44.1;21.4
87;2021-05-30;258;59;163598;79376;44.1;21.4
87;2021-05-31;2287;1360;165885;80736;44.7;21.8
87;2021-06-01;2548;1867;168433;82603;45.4;22.3
87;2021-06-02;2526;1858;170959;84461;46.1;22.8
87;2021-06-03;3210;2530;174169;86991;47.0;23.5
87;2021-06-04;2838;2059;177007;89050;47.7;24.0
87;2021-06-05;1311;576;178318;89626;48.1;24.2
87;2021-06-06;262;95;178580;89721;48.2;24.2
87;2021-06-07;2100;1901;180680;91622;48.7;24.7
87;2021-06-08;2933;2572;183613;94194;49.5;25.4
87;2021-06-09;2305;2813;185918;97007;50.1;26.2
87;2021-06-10;2975;2552;188893;99559;50.9;26.9
87;2021-06-11;2363;3074;191256;102633;51.6;27.7
87;2021-06-12;1220;1104;192476;103737;51.9;28.0
87;2021-06-13;292;484;192768;104221;52.0;28.1
87;2021-06-14;980;2730;193748;106951;52.3;28.8
87;2021-06-15;1361;3320;195109;110271;52.6;29.7
87;2021-06-16;1650;3421;196759;113692;53.1;30.7
87;2021-06-17;2437;2315;199196;116007;53.7;31.3
87;2021-06-18;1789;3018;200985;119025;54.2;32.1
87;2021-06-19;1047;1177;202032;120202;54.5;32.4
87;2021-06-20;205;205;202237;120407;54.5;32.5
87;2021-06-21;1041;2643;203278;123050;54.8;33.2
87;2021-06-22;1030;2881;204308;125931;55.1;34.0
87;2021-06-23;1257;3082;205565;129013;55.4;34.8
87;2021-06-24;1620;2558;207185;131571;55.9;35.5
87;2021-06-25;1449;2713;208634;134284;56.3;36.2
87;2021-06-26;529;1203;209163;135487;56.4;36.5
87;2021-06-27;26;212;209189;135699;56.4;36.6
87;2021-06-28;717;2573;209906;138272;56.6;37.3
87;2021-06-29;1156;3417;211062;141689;56.9;38.2
87;2021-06-30;1122;2650;212184;144339;57.2;38.9
87;2021-07-01;1480;2549;213664;146888;57.6;39.6
87;2021-07-02;1200;3462;214864;150350;58.0;40.6
87;2021-07-03;413;1511;215277;151861;58.1;41.0
87;2021-07-04;24;384;215301;152245;58.1;41.1
87;2021-07-05;686;2395;215987;154640;58.3;41.7
87;2021-07-06;583;3221;216570;157861;58.4;42.6
87;2021-07-07;863;3345;217433;161206;58.6;43.5
87;2021-07-08;1119;3671;218552;164877;58.9;44.5
87;2021-07-09;1109;3699;219661;168576;59.2;45.5
87;2021-07-10;285;1357;219946;169933;59.3;45.8
87;2021-07-11;49;284;219995;170217;59.3;45.9
87;2021-07-12;559;3190;220554;173407;59.5;46.8
87;2021-07-13;832;3514;221386;176921;59.7;47.7
87;2021-07-14;517;539;221903;177460;59.8;47.9
87;2021-07-15;1358;3461;223261;180921;60.2;48.8
87;2021-07-16;1729;3596;224990;184517;60.7;49.8
87;2021-07-17;655;1372;225645;185889;60.9;50.1
87;2021-07-18;81;285;225726;186174;60.9;50.2
87;2021-07-19;1433;3402;227159;189576;61.3;51.1
87;2021-07-20;1806;3592;228965;193168;61.8;52.1
87;2021-07-21;1450;3151;230415;196319;62.1;52.9
87;2021-07-22;1878;3252;232293;199571;62.7;53.8
87;2021-07-23;1863;3173;234156;202744;63.2;54.7
87;2021-07-24;812;1283;234968;204027;63.4;55.0
87;2021-07-25;105;241;235073;204268;63.4;55.1
87;2021-07-26;1536;2326;236609;206594;63.8;55.7
87;2021-07-27;2541;2060;239150;208654;64.5;56.3
87;2021-07-28;2388;2001;241538;210655;65.1;56.8
87;2021-07-29;2999;1991;244537;212646;66.0;57.4
87;2021-07-30;2530;2075;247067;214721;66.6;57.9
87;2021-07-31;1104;835;248171;215556;66.9;58.1
87;2021-08-01;282;150;248453;215706;67.0;58.2
87;2021-08-02;2107;1512;250560;217218;67.6;58.6
87;2021-08-03;2480;1330;253040;218548;68.2;58.9
87;2021-08-04;2305;1062;255345;219610;68.9;59.2
87;2021-08-05;2515;1408;257860;221018;69.5;59.6
87;2021-08-06;2128;1659;259988;222677;70.1;60.1
87;2021-08-07;1101;780;261089;223457;70.4;60.3
87;2021-08-08;206;123;261295;223580;70.5;60.3
87;2021-08-09;1813;1530;263108;225110;71.0;60.7
87;2021-08-10;2192;1535;265300;226645;71.6;61.1
87;2021-08-11;1904;1272;267204;227917;72.1;61.5
87;2021-08-12;2090;1476;269294;229393;72.6;61.9
87;2021-08-13;1714;1631;271008;231024;73.1;62.3
87;2021-08-14;665;729;271673;231753;73.3;62.5
87;2021-08-15;72;104;271745;231857;73.3;62.5
87;2021-08-16;1499;1746;273244;233603;73.7;63.0
87;2021-08-17;1343;1664;274587;235267;74.1;63.5
87;2021-08-18;1241;1999;275828;237266;74.4;64.0
87;2021-08-19;1215;1797;277043;239063;74.7;64.5
88;2020-12-27;0;0;0;0;0.0;0.0
88;2020-12-28;0;0;0;0;0.0;0.0
88;2020-12-29;0;0;0;0;0.0;0.0
88;2020-12-30;0;0;0;0;0.0;0.0
88;2020-12-31;0;0;0;0;0.0;0.0
88;2021-01-01;2;0;2;0;0.0;0.0
88;2021-01-02;0;0;2;0;0.0;0.0
88;2021-01-03;0;0;2;0;0.0;0.0
88;2021-01-04;0;0;2;0;0.0;0.0
88;2021-01-05;1;0;3;0;0.0;0.0
88;2021-01-06;3;0;6;0;0.0;0.0
88;2021-01-07;71;1;77;1;0.0;0.0
88;2021-01-08;189;2;266;3;0.1;0.0
88;2021-01-09;190;0;456;3;0.1;0.0
88;2021-01-10;0;0;456;3;0.1;0.0
88;2021-01-11;227;0;683;3;0.2;0.0
88;2021-01-12;422;0;1105;3;0.3;0.0
88;2021-01-13;491;2;1596;5;0.4;0.0
88;2021-01-14;345;2;1941;7;0.5;0.0
88;2021-01-15;380;2;2321;9;0.6;0.0
88;2021-01-16;62;0;2383;9;0.7;0.0
88;2021-01-17;1;0;2384;9;0.7;0.0
88;2021-01-18;461;0;2845;9;0.8;0.0
88;2021-01-19;451;0;3296;9;0.9;0.0
88;2021-01-20;461;1;3757;10;1.0;0.0
88;2021-01-21;1544;4;5301;14;1.5;0.0
88;2021-01-22;1181;2;6482;16;1.8;0.0
88;2021-01-23;284;0;6766;16;1.9;0.0
88;2021-01-24;298;2;7064;18;2.0;0.0
88;2021-01-25;938;3;8002;21;2.2;0.0
88;2021-01-26;388;5;8390;26;2.3;0.0
88;2021-01-27;3;0;8393;26;2.3;0.0
88;2021-01-28;162;37;8555;63;2.4;0.0
88;2021-01-29;526;163;9081;226;2.5;0.1
88;2021-01-30;288;127;9369;353;2.6;0.1
88;2021-01-31;0;0;9369;353;2.6;0.1
88;2021-02-01;406;283;9775;636;2.7;0.2
88;2021-02-02;333;364;10108;1000;2.8;0.3
88;2021-02-03;437;241;10545;1241;2.9;0.3
88;2021-02-04;316;229;10861;1470;3.0;0.4
88;2021-02-05;457;252;11318;1722;3.1;0.5
88;2021-02-06;110;56;11428;1778;3.2;0.5
88;2021-02-07;0;0;11428;1778;3.2;0.5
88;2021-02-08;359;204;11787;1982;3.3;0.6
88;2021-02-09;291;288;12078;2270;3.4;0.6
88;2021-02-10;414;348;12492;2618;3.5;0.7
88;2021-02-11;850;1094;13342;3712;3.7;1.0
88;2021-02-12;938;705;14280;4417;4.0;1.2
88;2021-02-13;162;212;14442;4629;4.0;1.3
88;2021-02-14;81;216;14523;4845;4.0;1.3
88;2021-02-15;641;1075;15164;5920;4.2;1.6
88;2021-02-16;472;725;15636;6645;4.3;1.8
88;2021-02-17;456;439;16092;7084;4.5;2.0
88;2021-02-18;516;385;16608;7469;4.6;2.1
88;2021-02-19;535;461;17143;7930;4.8;2.2
88;2021-02-20;156;101;17299;8031;4.8;2.2
88;2021-02-21;1;25;17300;8056;4.8;2.2
88;2021-02-22;425;342;17725;8398;4.9;2.3
88;2021-02-23;403;232;18128;8630;5.0;2.4
88;2021-02-24;506;209;18634;8839;5.2;2.5
88;2021-02-25;675;284;19309;9123;5.4;2.5
88;2021-02-26;863;277;20172;9400;5.6;2.6
88;2021-02-27;269;34;20441;9434;5.7;2.6
88;2021-02-28;30;1;20471;9435;5.7;2.6
88;2021-03-01;359;464;20830;9899;5.8;2.8
88;2021-03-02;431;497;21261;10396;5.9;2.9
88;2021-03-03;649;464;21910;10860;6.1;3.0
88;2021-03-04;1039;754;22949;11614;6.4;3.2
88;2021-03-05;934;701;23883;12315;6.6;3.4
88;2021-03-06;1874;117;25757;12432;7.2;3.5
88;2021-03-07;1058;79;26815;12511;7.5;3.5
88;2021-03-08;726;689;27541;13200;7.7;3.7
88;2021-03-09;1095;535;28636;13735;8.0;3.8
88;2021-03-10;1081;494;29717;14229;8.3;4.0
88;2021-03-11;1441;400;31158;14629;8.7;4.1
88;2021-03-12;1309;488;32467;15117;9.0;4.2
88;2021-03-13;1210;128;33677;15245;9.4;4.2
88;2021-03-14;166;5;33843;15250;9.4;4.2
88;2021-03-15;930;448;34773;15698;9.7;4.4
88;2021-03-16;1024;344;35797;16042;10.0;4.5
88;2021-03-17;902;423;36699;16465;10.2;4.6
88;2021-03-18;1301;400;38000;16865;10.6;4.7
88;2021-03-19;1464;502;39464;17367;11.0;4.8
88;2021-03-20;1317;52;40781;17419;11.3;4.8
88;2021-03-21;37;0;40818;17419;11.4;4.8
88;2021-03-22;1231;544;42049;17963;11.7;5.0
88;2021-03-23;1780;441;43829;18404;12.2;5.1
88;2021-03-24;1875;472;45704;18876;12.7;5.3
88;2021-03-25;2499;490;48203;19366;13.4;5.4
88;2021-03-26;2480;456;50683;19822;14.1;5.5
88;2021-03-27;883;298;51566;20120;14.3;5.6
88;2021-03-28;61;4;51627;20124;14.4;5.6
88;2021-03-29;1305;446;52932;20570;14.7;5.7
88;2021-03-30;2062;393;54994;20963;15.3;5.8
88;2021-03-31;1619;577;56613;21540;15.7;6.0
88;2021-04-01;2117;716;58730;22256;16.3;6.2
88;2021-04-02;2816;640;61546;22896;17.1;6.4
88;2021-04-03;744;213;62290;23109;17.3;6.4
88;2021-04-04;16;1;62306;23110;17.3;6.4
88;2021-04-05;23;2;62329;23112;17.3;6.4
88;2021-04-06;1138;678;63467;23790;17.7;6.6
88;2021-04-07;1600;714;65067;24504;18.1;6.8
88;2021-04-08;1859;787;66926;25291;18.6;7.0
88;2021-04-09;3080;739;70006;26030;19.5;7.2
88;2021-04-10;724;648;70730;26678;19.7;7.4
88;2021-04-11;33;1;70763;26679;19.7;7.4
88;2021-04-12;1539;983;72302;27662;20.1;7.7
88;2021-04-13;2037;1091;74339;28753;20.7;8.0
88;2021-04-14;1910;949;76249;29702;21.2;8.3
88;2021-04-15;1967;1241;78216;30943;21.8;8.6
88;2021-04-16;2108;1048;80324;31991;22.3;8.9
88;2021-04-17;1429;765;81753;32756;22.7;9.1
88;2021-04-18;268;23;82021;32779;22.8;9.1
88;2021-04-19;1175;1236;83196;34015;23.1;9.5
88;2021-04-20;1190;1397;84386;35412;23.5;9.8
88;2021-04-21;1503;1297;85889;36709;23.9;10.2
88;2021-04-22;1899;1630;87788;38339;24.4;10.7
88;2021-04-23;1825;2048;89613;40387;24.9;11.2
88;2021-04-24;1184;781;90797;41168;25.3;11.5
88;2021-04-25;34;2;90831;41170;25.3;11.5
88;2021-04-26;1180;1171;92011;42341;25.6;11.8
88;2021-04-27;1278;1735;93289;44076;25.9;12.3
88;2021-04-28;1634;1497;94923;45573;26.4;12.7
88;2021-04-29;2082;1463;97005;47036;27.0;13.1
88;2021-04-30;2450;1631;99455;48667;27.7;13.5
88;2021-05-01;2008;280;101463;48947;28.2;13.6
88;2021-05-02;1301;123;102764;49070;28.6;13.6
88;2021-05-03;1558;1218;104322;50288;29.0;14.0
88;2021-05-04;1444;1467;105766;51755;29.4;14.4
88;2021-05-05;2427;1598;108193;53353;30.1;14.8
88;2021-05-06;3210;1212;111403;54565;31.0;15.2
88;2021-05-07;2939;1357;114342;55922;31.8;15.6
88;2021-05-08;1531;469;115873;56391;32.2;15.7
88;2021-05-09;1734;156;117607;56547;32.7;15.7
88;2021-05-10;1764;1571;119371;58118;33.2;16.2
88;2021-05-11;2658;1911;122029;60029;33.9;16.7
88;2021-05-12;2531;1853;124560;61882;34.6;17.2
88;2021-05-13;3258;677;127818;62559;35.6;17.4
88;2021-05-14;2501;1541;130319;64100;36.2;17.8
88;2021-05-15;1625;740;131944;64840;36.7;18.0
88;2021-05-16;1333;104;133277;64944;37.1;18.1
88;2021-05-17;1988;947;135265;65891;37.6;18.3
88;2021-05-18;2256;1110;137521;67001;38.3;18.6
88;2021-05-19;2723;1148;140244;68149;39.0;19.0
88;2021-05-20;3346;1237;143590;69386;39.9;19.3
88;2021-05-21;2875;1149;146465;70535;40.7;19.6
88;2021-05-22;1432;714;147897;71249;41.1;19.8
88;2021-05-23;557;74;148454;71323;41.3;19.8
88;2021-05-24;1675;431;150129;71754;41.8;20.0
88;2021-05-25;1647;1174;151776;72928;42.2;20.3
88;2021-05-26;2369;1139;154145;74067;42.9;20.6
88;2021-05-27;2201;1362;156346;75429;43.5;21.0
88;2021-05-28;1892;1990;158238;77419;44.0;21.5
88;2021-05-29;1232;1755;159470;79174;44.4;22.0
88;2021-05-30;587;418;160057;79592;44.5;22.1
88;2021-05-31;1327;1855;161384;81447;44.9;22.7
88;2021-06-01;1720;1988;163104;83435;45.4;23.2
88;2021-06-02;2077;1871;165181;85306;45.9;23.7
88;2021-06-03;2738;1620;167919;86926;46.7;24.2
88;2021-06-04;2043;1935;169962;88861;47.3;24.7
88;2021-06-05;1531;1141;171493;90002;47.7;25.0
88;2021-06-06;693;155;172186;90157;47.9;25.1
88;2021-06-07;1292;1709;173478;91866;48.3;25.6
88;2021-06-08;1664;1930;175142;93796;48.7;26.1
88;2021-06-09;1618;1910;176760;95706;49.2;26.6
88;2021-06-10;1780;2047;178540;97753;49.7;27.2
88;2021-06-11;1549;2219;180089;99972;50.1;27.8
88;2021-06-12;669;1657;180758;101629;50.3;28.3
88;2021-06-13;464;377;181222;102006;50.4;28.4
88;2021-06-14;1031;2248;182253;104254;50.7;29.0
88;2021-06-15;1928;2456;184181;106710;51.2;29.7
88;2021-06-16;1484;2869;185665;109579;51.6;30.5
88;2021-06-17;1600;2727;187265;112306;52.1;31.2
88;2021-06-18;1356;2461;188621;114767;52.5;31.9
88;2021-06-19;701;1090;189322;115857;52.7;32.2
88;2021-06-20;78;79;189400;115936;52.7;32.2
88;2021-06-21;672;2580;190072;118516;52.9;33.0
88;2021-06-22;869;3433;190941;121949;53.1;33.9
88;2021-06-23;1142;2877;192083;124826;53.4;34.7
88;2021-06-24;703;2604;192786;127430;53.6;35.4
88;2021-06-25;1437;3181;194223;130611;54.0;36.3
88;2021-06-26;903;2072;195126;132683;54.3;36.9
88;2021-06-27;543;634;195669;133317;54.4;37.1
88;2021-06-28;758;2511;196427;135828;54.6;37.8
88;2021-06-29;959;3354;197386;139182;54.9;38.7
88;2021-06-30;1136;3114;198522;142296;55.2;39.6
88;2021-07-01;1057;2686;199579;144982;55.5;40.3
88;2021-07-02;988;3146;200567;148128;55.8;41.2
88;2021-07-03;694;1698;201261;149826;56.0;41.7
88;2021-07-04;258;815;201519;150641;56.1;41.9
88;2021-07-05;993;2022;202512;152663;56.3;42.5
88;2021-07-06;1020;2415;203532;155078;56.6;43.1
88;2021-07-07;1179;2584;204711;157662;56.9;43.9
88;2021-07-08;1084;2064;205795;159726;57.2;44.4
88;2021-07-09;1583;2704;207378;162430;57.7;45.2
88;2021-07-10;716;1818;208094;164248;57.9;45.7
88;2021-07-11;468;696;208562;164944;58.0;45.9
88;2021-07-12;1053;2521;209615;167465;58.3;46.6
88;2021-07-13;1313;2651;210928;170116;58.7;47.3
88;2021-07-14;1204;800;212132;170916;59.0;47.5
88;2021-07-15;1745;3315;213877;174231;59.5;48.5
88;2021-07-16;1470;2961;215347;177192;59.9;49.3
88;2021-07-17;800;1589;216147;178781;60.1;49.7
88;2021-07-18;180;680;216327;179461;60.2;49.9
88;2021-07-19;1561;2230;217888;181691;60.6;50.5
88;2021-07-20;2143;2391;220031;184082;61.2;51.2
88;2021-07-21;1935;2221;221966;186303;61.7;51.8
88;2021-07-22;1697;2108;223663;188411;62.2;52.4
88;2021-07-23;2501;2782;226164;191193;62.9;53.2
88;2021-07-24;1059;1186;227223;192379;63.2;53.5
88;2021-07-25;432;608;227655;192987;63.3;53.7
88;2021-07-26;1712;2070;229367;195057;63.8;54.3
88;2021-07-27;2348;2056;231715;197113;64.5;54.8
88;2021-07-28;2203;2249;233918;199362;65.1;55.5
88;2021-07-29;3014;1632;236932;200994;65.9;55.9
88;2021-07-30;2265;2290;239197;203284;66.5;56.5
88;2021-07-31;1096;1038;240293;204322;66.8;56.8
88;2021-08-01;442;462;240735;204784;67.0;57.0
88;2021-08-02;2361;1765;243096;206549;67.6;57.5
88;2021-08-03;2864;1584;245960;208133;68.4;57.9
88;2021-08-04;2511;1525;248471;209658;69.1;58.3
88;2021-08-05;1984;1375;250455;211033;69.7;58.7
88;2021-08-06;2914;2011;253369;213044;70.5;59.3
88;2021-08-07;1170;912;254539;213956;70.8;59.5
88;2021-08-08;750;318;255289;214274;71.0;59.6
88;2021-08-09;1544;1644;256833;215918;71.4;60.1
88;2021-08-10;1934;2057;258767;217975;72.0;60.6
88;2021-08-11;1862;1747;260629;219722;72.5;61.1
88;2021-08-12;1659;1344;262288;221066;73.0;61.5
88;2021-08-13;1922;2116;264210;223182;73.5;62.1
88;2021-08-14;576;909;264786;224091;73.6;62.3
88;2021-08-15;336;522;265122;224613;73.7;62.5
88;2021-08-16;1145;1982;266267;226595;74.1;63.0
88;2021-08-17;1267;2051;267534;228646;74.4;63.6
88;2021-08-18;1200;1916;268734;230562;74.7;64.1
88;2021-08-19;1015;1572;269749;232134;75.0;64.6
89;2020-12-27;0;0;0;0;0.0;0.0
89;2020-12-28;1;0;1;0;0.0;0.0
89;2020-12-29;0;0;1;0;0.0;0.0
89;2020-12-30;0;0;1;0;0.0;0.0
89;2020-12-31;0;0;1;0;0.0;0.0
89;2021-01-01;0;0;1;0;0.0;0.0
89;2021-01-02;0;0;1;0;0.0;0.0
89;2021-01-03;0;0;1;0;0.0;0.0
89;2021-01-04;0;0;1;0;0.0;0.0
89;2021-01-05;0;0;1;0;0.0;0.0
89;2021-01-06;48;0;49;0;0.0;0.0
89;2021-01-07;201;0;250;0;0.1;0.0
89;2021-01-08;48;0;298;0;0.1;0.0
89;2021-01-09;1;0;299;0;0.1;0.0
89;2021-01-10;0;0;299;0;0.1;0.0
89;2021-01-11;220;0;519;0;0.2;0.0
89;2021-01-12;349;0;868;0;0.3;0.0
89;2021-01-13;533;3;1401;3;0.4;0.0
89;2021-01-14;709;7;2110;10;0.6;0.0
89;2021-01-15;275;2;2385;12;0.7;0.0
89;2021-01-16;90;3;2475;15;0.7;0.0
89;2021-01-17;0;0;2475;15;0.7;0.0
89;2021-01-18;503;1;2978;16;0.9;0.0
89;2021-01-19;840;3;3818;19;1.1;0.0
89;2021-01-20;760;1;4578;20;1.4;0.0
89;2021-01-21;939;4;5517;24;1.7;0.0
89;2021-01-22;1018;1;6535;25;2.0;0.0
89;2021-01-23;200;0;6735;25;2.0;0.0
89;2021-01-24;106;0;6841;25;2.1;0.0
89;2021-01-25;482;4;7323;29;2.2;0.0
89;2021-01-26;582;13;7905;42;2.4;0.0
89;2021-01-27;472;38;8377;80;2.5;0.0
89;2021-01-28;550;127;8927;207;2.7;0.1
89;2021-01-29;958;42;9885;249;3.0;0.1
89;2021-01-30;184;67;10069;316;3.0;0.1
89;2021-01-31;24;2;10093;318;3.0;0.1
89;2021-02-01;255;153;10348;471;3.1;0.1
89;2021-02-02;282;336;10630;807;3.2;0.2
89;2021-02-03;292;344;10922;1151;3.3;0.3
89;2021-02-04;432;593;11354;1744;3.4;0.5
89;2021-02-05;387;201;11741;1945;3.5;0.6
89;2021-02-06;77;66;11818;2011;3.6;0.6
89;2021-02-07;0;0;11818;2011;3.6;0.6
89;2021-02-08;288;188;12106;2199;3.6;0.7
89;2021-02-09;285;442;12391;2641;3.7;0.8
89;2021-02-10;396;314;12787;2955;3.9;0.9
89;2021-02-11;333;549;13120;3504;4.0;1.1
89;2021-02-12;432;599;13552;4103;4.1;1.2
89;2021-02-13;52;131;13604;4234;4.1;1.3
89;2021-02-14;21;116;13625;4350;4.1;1.3
89;2021-02-15;218;406;13843;4756;4.2;1.4
89;2021-02-16;134;536;13977;5292;4.2;1.6
89;2021-02-17;263;435;14240;5727;4.3;1.7
89;2021-02-18;225;557;14465;6284;4.4;1.9
89;2021-02-19;244;653;14709;6937;4.4;2.1
89;2021-02-20;33;140;14742;7077;4.4;2.1
89;2021-02-21;0;10;14742;7087;4.4;2.1
89;2021-02-22;233;451;14975;7538;4.5;2.3
89;2021-02-23;171;493;15146;8031;4.6;2.4
89;2021-02-24;341;390;15487;8421;4.7;2.5
89;2021-02-25;369;465;15856;8886;4.8;2.7
89;2021-02-26;385;337;16241;9223;4.9;2.8
89;2021-02-27;138;81;16379;9304;4.9;2.8
89;2021-02-28;6;13;16385;9317;4.9;2.8
89;2021-03-01;541;237;16926;9554;5.1;2.9
89;2021-03-02;753;355;17679;9909;5.3;3.0
89;2021-03-03;647;276;18326;10185;5.5;3.1
89;2021-03-04;633;379;18959;10564;5.7;3.2
89;2021-03-05;730;504;19689;11068;5.9;3.3
89;2021-03-06;549;133;20238;11201;6.1;3.4
89;2021-03-07;288;40;20526;11241;6.2;3.4
89;2021-03-08;558;325;21084;11566;6.3;3.5
89;2021-03-09;1000;276;22084;11842;6.6;3.6
89;2021-03-10;982;255;23066;12097;6.9;3.6
89;2021-03-11;1074;301;24140;12398;7.3;3.7
89;2021-03-12;1280;337;25420;12735;7.7;3.8
89;2021-03-13;636;44;26056;12779;7.8;3.8
89;2021-03-14;1;0;26057;12779;7.8;3.8
89;2021-03-15;814;312;26871;13091;8.1;3.9
89;2021-03-16;948;223;27819;13314;8.4;4.0
89;2021-03-17;918;268;28737;13582;8.7;4.1
89;2021-03-18;884;255;29621;13837;8.9;4.2
89;2021-03-19;1149;196;30770;14033;9.3;4.2
89;2021-03-20;844;27;31614;14060;9.5;4.2
89;2021-03-21;173;6;31787;14066;9.6;4.2
89;2021-03-22;1044;221;32831;14287;9.9;4.3
89;2021-03-23;1740;259;34571;14546;10.4;4.4
89;2021-03-24;1967;325;36538;14871;11.0;4.5
89;2021-03-25;1818;171;38356;15042;11.5;4.5
89;2021-03-26;2627;184;40983;15226;12.3;4.6
89;2021-03-27;1773;48;42756;15274;12.9;4.6
89;2021-03-28;32;3;42788;15277;12.9;4.6
89;2021-03-29;964;580;43752;15857;13.2;4.8
89;2021-03-30;1153;568;44905;16425;13.5;4.9
89;2021-03-31;2005;472;46910;16897;14.1;5.1
89;2021-04-01;2120;460;49030;17357;14.8;5.2
89;2021-04-02;2139;446;51169;17803;15.4;5.4
89;2021-04-03;1004;242;52173;18045;15.7;5.4
89;2021-04-04;16;1;52189;18046;15.7;5.4
89;2021-04-05;92;2;52281;18048;15.7;5.4
89;2021-04-06;1033;758;53314;18806;16.1;5.7
89;2021-04-07;1031;806;54345;19612;16.4;5.9
89;2021-04-08;1729;725;56074;20337;16.9;6.1
89;2021-04-09;2161;736;58235;21073;17.5;6.3
89;2021-04-10;892;181;59127;21254;17.8;6.4
89;2021-04-11;38;51;59165;21305;17.8;6.4
89;2021-04-12;1014;794;60179;22099;18.1;6.7
89;2021-04-13;1358;1079;61537;23178;18.5;7.0
89;2021-04-14;1211;1037;62748;24215;18.9;7.3
89;2021-04-15;1415;944;64163;25159;19.3;7.6
89;2021-04-16;1329;939;65492;26098;19.7;7.9
89;2021-04-17;1067;454;66559;26552;20.0;8.0
89;2021-04-18;27;154;66586;26706;20.1;8.0
89;2021-04-19;749;1036;67335;27742;20.3;8.4
89;2021-04-20;1018;1536;68353;29278;20.6;8.8
89;2021-04-21;814;1106;69167;30384;20.8;9.1
89;2021-04-22;1108;1167;70275;31551;21.2;9.5
89;2021-04-23;1824;1969;72099;33520;21.7;10.1
89;2021-04-24;1172;1174;73271;34694;22.1;10.4
89;2021-04-25;139;6;73410;34700;22.1;10.4
89;2021-04-26;1503;775;74913;35475;22.6;10.7
89;2021-04-27;1732;1054;76645;36529;23.1;11.0
89;2021-04-28;1594;1854;78239;38383;23.6;11.6
89;2021-04-29;1969;1917;80208;40300;24.2;12.1
89;2021-04-30;1804;1767;82012;42067;24.7;12.7
89;2021-05-01;846;722;82858;42789;25.0;12.9
89;2021-05-02;134;31;82992;42820;25.0;12.9
89;2021-05-03;1605;763;84597;43583;25.5;13.1
89;2021-05-04;1621;1129;86218;44712;26.0;13.5
89;2021-05-05;2319;1264;88537;45976;26.7;13.8
89;2021-05-06;2413;1377;90950;47353;27.4;14.3
89;2021-05-07;2721;1318;93671;48671;28.2;14.7
89;2021-05-08;1787;534;95458;49205;28.7;14.8
89;2021-05-09;196;18;95654;49223;28.8;14.8
89;2021-05-10;1201;963;96855;50186;29.2;15.1
89;2021-05-11;2490;1462;99345;51648;29.9;15.6
89;2021-05-12;2059;1218;101404;52866;30.5;15.9
89;2021-05-13;414;333;101818;53199;30.7;16.0
89;2021-05-14;1878;1095;103696;54294;31.2;16.3
89;2021-05-15;2248;393;105944;54687;31.9;16.5
89;2021-05-16;10;35;105954;54722;31.9;16.5
89;2021-05-17;2091;637;108045;55359;32.5;16.7
89;2021-05-18;2324;828;110369;56187;33.2;16.9
89;2021-05-19;2861;882;113230;57069;34.1;17.2
89;2021-05-20;2927;888;116157;57957;35.0;17.5
89;2021-05-21;2480;878;118637;58835;35.7;17.7
89;2021-05-22;1429;570;120066;59405;36.2;17.9
89;2021-05-23;108;10;120174;59415;36.2;17.9
89;2021-05-24;286;224;120460;59639;36.3;18.0
89;2021-05-25;1558;983;122018;60622;36.7;18.3
89;2021-05-26;1817;1020;123835;61642;37.3;18.6
89;2021-05-27;2118;1355;125953;62997;37.9;19.0
89;2021-05-28;2143;1422;128096;64419;38.6;19.4
89;2021-05-29;540;658;128636;65077;38.7;19.6
89;2021-05-30;25;22;128661;65099;38.7;19.6
89;2021-05-31;1248;969;129909;66068;39.1;19.9
89;2021-06-01;1506;984;131415;67052;39.6;20.2
89;2021-06-02;1945;1280;133360;68332;40.2;20.6
89;2021-06-03;2428;1523;135788;69855;40.9;21.0
89;2021-06-04;2142;1886;137930;71741;41.5;21.6
89;2021-06-05;1185;1225;139115;72966;41.9;22.0
89;2021-06-06;23;37;139138;73003;41.9;22.0
89;2021-06-07;2110;1448;141248;74451;42.5;22.4
89;2021-06-08;2196;1457;143444;75908;43.2;22.9
89;2021-06-09;2321;1508;145765;77416;43.9;23.3
89;2021-06-10;2791;1600;148556;79016;44.7;23.8
89;2021-06-11;1948;1749;150504;80765;45.3;24.3
89;2021-06-12;1103;757;151607;81522;45.7;24.5
89;2021-06-13;156;424;151763;81946;45.7;24.7
89;2021-06-14;1310;1821;153073;83767;46.1;25.2
89;2021-06-15;1401;2012;154474;85779;46.5;25.8
89;2021-06-16;1128;2583;155602;88362;46.9;26.6
89;2021-06-17;1430;2337;157032;90699;47.3;27.3
89;2021-06-18;1623;2878;158655;93577;47.8;28.2
89;2021-06-19;687;1662;159342;95239;48.0;28.7
89;2021-06-20;55;127;159397;95366;48.0;28.7
89;2021-06-21;760;1528;160157;96894;48.2;29.2
89;2021-06-22;1048;2679;161205;99573;48.5;30.0
89;2021-06-23;1156;1796;162361;101369;48.9;30.5
89;2021-06-24;1077;1496;163438;102865;49.2;31.0
89;2021-06-25;1007;2429;164445;105294;49.5;31.7
89;2021-06-26;561;2481;165006;107775;49.7;32.5
89;2021-06-27;14;28;165020;107803;49.7;32.5
89;2021-06-28;1033;2493;166053;110296;50.0;33.2
89;2021-06-29;688;2404;166741;112700;50.2;33.9
89;2021-06-30;1083;3182;167824;115882;50.5;34.9
89;2021-07-01;1021;2987;168845;118869;50.8;35.8
89;2021-07-02;1106;2746;169951;121615;51.2;36.6
89;2021-07-03;554;1571;170505;123186;51.3;37.1
89;2021-07-04;11;36;170516;123222;51.3;37.1
89;2021-07-05;1296;1836;171812;125058;51.7;37.7
89;2021-07-06;1050;2309;172862;127367;52.1;38.4
89;2021-07-07;668;1786;173530;129153;52.3;38.9
89;2021-07-08;792;1871;174322;131024;52.5;39.5
89;2021-07-09;1135;2606;175457;133630;52.8;40.2
89;2021-07-10;718;816;176175;134446;53.0;40.5
89;2021-07-11;26;39;176201;134485;53.1;40.5
89;2021-07-12;1424;1898;177625;136383;53.5;41.1
89;2021-07-13;2135;2743;179760;139126;54.1;41.9
89;2021-07-14;312;324;180072;139450;54.2;42.0
89;2021-07-15;2237;3162;182309;142612;54.9;42.9
89;2021-07-16;2388;2859;184697;145471;55.6;43.8
89;2021-07-17;1233;1226;185930;146697;56.0;44.2
89;2021-07-18;276;97;186206;146794;56.1;44.2
89;2021-07-19;1564;2814;187770;149608;56.5;45.0
89;2021-07-20;1925;3280;189695;152888;57.1;46.0
89;2021-07-21;2077;2723;191772;155611;57.7;46.9
89;2021-07-22;2471;2990;194243;158601;58.5;47.8
89;2021-07-23;2476;3102;196719;161703;59.2;48.7
89;2021-07-24;1234;1250;197953;162953;59.6;49.1
89;2021-07-25;68;185;198021;163138;59.6;49.1
89;2021-07-26;1718;2319;199739;165457;60.1;49.8
89;2021-07-27;2330;1909;202069;167366;60.8;50.4
89;2021-07-28;2513;1335;204582;168701;61.6;50.8
89;2021-07-29;2515;1616;207097;170317;62.4;51.3
89;2021-07-30;2658;1616;209755;171933;63.2;51.8
89;2021-07-31;1118;1072;210873;173005;63.5;52.1
89;2021-08-01;69;33;210942;173038;63.5;52.1
89;2021-08-02;1775;1281;212717;174319;64.1;52.5
89;2021-08-03;2455;1251;215172;175570;64.8;52.9
89;2021-08-04;1519;1642;216691;177212;65.2;53.4
89;2021-08-05;1527;1686;218218;178898;65.7;53.9
89;2021-08-06;2157;1646;220375;180544;66.4;54.4
89;2021-08-07;923;1091;221298;181635;66.6;54.7
89;2021-08-08;55;47;221353;181682;66.7;54.7
89;2021-08-09;1087;1172;222440;182854;67.0;55.1
89;2021-08-10;1772;1812;224212;184666;67.5;55.6
89;2021-08-11;1511;1578;225723;186244;68.0;56.1
89;2021-08-12;1349;1384;227072;187628;68.4;56.5
89;2021-08-13;1243;1947;228315;189575;68.7;57.1
89;2021-08-14;514;1014;228829;190589;68.9;57.4
89;2021-08-15;19;43;228848;190632;68.9;57.4
89;2021-08-16;985;1963;229833;192595;69.2;58.0
89;2021-08-17;822;1563;230655;194158;69.5;58.5
89;2021-08-18;598;1896;231253;196054;69.6;59.0
89;2021-08-19;653;1384;231906;197438;69.8;59.5
90;2020-12-27;0;0;0;0;0.0;0.0
90;2020-12-28;0;0;0;0;0.0;0.0
90;2020-12-29;0;0;0;0;0.0;0.0
90;2020-12-30;1;0;1;0;0.0;0.0
90;2020-12-31;0;0;1;0;0.0;0.0
90;2021-01-01;0;0;1;0;0.0;0.0
90;2021-01-02;1;0;2;0;0.0;0.0
90;2021-01-03;0;0;2;0;0.0;0.0
90;2021-01-04;2;0;4;0;0.0;0.0
90;2021-01-05;0;0;4;0;0.0;0.0
90;2021-01-06;0;0;4;0;0.0;0.0
90;2021-01-07;1;0;5;0;0.0;0.0
90;2021-01-08;170;0;175;0;0.1;0.0
90;2021-01-09;46;0;221;0;0.2;0.0
90;2021-01-10;0;0;221;0;0.2;0.0
90;2021-01-11;200;0;421;0;0.3;0.0
90;2021-01-12;430;0;851;0;0.6;0.0
90;2021-01-13;468;3;1319;3;0.9;0.0
90;2021-01-14;414;1;1733;4;1.2;0.0
90;2021-01-15;405;10;2138;14;1.5;0.0
90;2021-01-16;111;2;2249;16;1.6;0.0
90;2021-01-17;1;0;2250;16;1.6;0.0
90;2021-01-18;364;2;2614;18;1.9;0.0
90;2021-01-19;462;5;3076;23;2.2;0.0
90;2021-01-20;392;2;3468;25;2.5;0.0
90;2021-01-21;351;1;3819;26;2.7;0.0
90;2021-01-22;346;2;4165;28;3.0;0.0
90;2021-01-23;98;0;4263;28;3.0;0.0
90;2021-01-24;0;0;4263;28;3.0;0.0
90;2021-01-25;322;3;4585;31;3.3;0.0
90;2021-01-26;224;0;4809;31;3.4;0.0
90;2021-01-27;255;0;5064;31;3.6;0.0
90;2021-01-28;328;33;5392;64;3.8;0.0
90;2021-01-29;291;163;5683;227;4.1;0.2
90;2021-01-30;176;45;5859;272;4.2;0.2
90;2021-01-31;118;0;5977;272;4.3;0.2
90;2021-02-01;275;112;6252;384;4.5;0.3
90;2021-02-02;290;163;6542;547;4.7;0.4
90;2021-02-03;256;368;6798;915;4.9;0.7
90;2021-02-04;257;304;7055;1219;5.0;0.9
90;2021-02-05;266;271;7321;1490;5.2;1.1
90;2021-02-06;89;68;7410;1558;5.3;1.1
90;2021-02-07;0;0;7410;1558;5.3;1.1
90;2021-02-08;170;218;7580;1776;5.4;1.3
90;2021-02-09;139;166;7719;1942;5.5;1.4
90;2021-02-10;182;31;7901;1973;5.6;1.4
90;2021-02-11;228;109;8129;2082;5.8;1.5
90;2021-02-12;126;239;8255;2321;5.9;1.7
90;2021-02-13;95;45;8350;2366;6.0;1.7
90;2021-02-14;0;0;8350;2366;6.0;1.7
90;2021-02-15;113;280;8463;2646;6.0;1.9
90;2021-02-16;92;276;8555;2922;6.1;2.1
90;2021-02-17;178;205;8733;3127;6.2;2.2
90;2021-02-18;128;242;8861;3369;6.3;2.4
90;2021-02-19;64;272;8925;3641;6.4;2.6
90;2021-02-20;40;72;8965;3713;6.4;2.6
90;2021-02-21;0;0;8965;3713;6.4;2.6
90;2021-02-22;76;333;9041;4046;6.5;2.9
90;2021-02-23;40;259;9081;4305;6.5;3.1
90;2021-02-24;109;289;9190;4594;6.6;3.3
90;2021-02-25;89;313;9279;4907;6.6;3.5
90;2021-02-26;89;394;9368;5301;6.7;3.8
90;2021-02-27;140;178;9508;5479;6.8;3.9
90;2021-02-28;8;113;9516;5592;6.8;4.0
90;2021-03-01;212;233;9728;5825;6.9;4.2
90;2021-03-02;178;285;9906;6110;7.1;4.4
90;2021-03-03;239;355;10145;6465;7.2;4.6
90;2021-03-04;259;277;10404;6742;7.4;4.8
90;2021-03-05;359;270;10763;7012;7.7;5.0
90;2021-03-06;291;104;11054;7116;7.9;5.1
90;2021-03-07;18;1;11072;7117;7.9;5.1
90;2021-03-08;246;248;11318;7365;8.1;5.3
90;2021-03-09;430;164;11748;7529;8.4;5.4
90;2021-03-10;348;197;12096;7726;8.6;5.5
90;2021-03-11;348;119;12444;7845;8.9;5.6
90;2021-03-12;519;129;12963;7974;9.2;5.7
90;2021-03-13;539;47;13502;8021;9.6;5.7
90;2021-03-14;21;0;13523;8021;9.6;5.7
90;2021-03-15;387;117;13910;8138;9.9;5.8
90;2021-03-16;401;99;14311;8237;10.2;5.9
90;2021-03-17;323;76;14634;8313;10.4;5.9
90;2021-03-18;348;79;14982;8392;10.7;6.0
90;2021-03-19;468;79;15450;8471;11.0;6.0
90;2021-03-20;427;48;15877;8519;11.3;6.1
90;2021-03-21;7;1;15884;8520;11.3;6.1
90;2021-03-22;399;31;16283;8551;11.6;6.1
90;2021-03-23;738;73;17021;8624;12.1;6.2
90;2021-03-24;815;45;17836;8669;12.7;6.2
90;2021-03-25;947;74;18783;8743;13.4;6.2
90;2021-03-26;1227;59;20010;8802;14.3;6.3
90;2021-03-27;438;33;20448;8835;14.6;6.3
90;2021-03-28;34;0;20482;8835;14.6;6.3
90;2021-03-29;712;143;21194;8978;15.1;6.4
90;2021-03-30;674;154;21868;9132;15.6;6.5
90;2021-03-31;728;81;22596;9213;16.1;6.6
90;2021-04-01;602;118;23198;9331;16.6;6.7
90;2021-04-02;657;98;23855;9429;17.0;6.7
90;2021-04-03;370;40;24225;9469;17.3;6.8
90;2021-04-04;1;0;24226;9469;17.3;6.8
90;2021-04-05;0;0;24226;9469;17.3;6.8
90;2021-04-06;528;251;24754;9720;17.7;6.9
90;2021-04-07;485;264;25239;9984;18.0;7.1
90;2021-04-08;510;245;25749;10229;18.4;7.3
90;2021-04-09;752;266;26501;10495;18.9;7.5
90;2021-04-10;224;8;26725;10503;19.1;7.5
90;2021-04-11;7;0;26732;10503;19.1;7.5
90;2021-04-12;556;480;27288;10983;19.5;7.8
90;2021-04-13;631;530;27919;11513;19.9;8.2
90;2021-04-14;527;352;28446;11865;20.3;8.5
90;2021-04-15;905;290;29351;12155;20.9;8.7
90;2021-04-16;370;404;29721;12559;21.2;9.0
90;2021-04-17;189;128;29910;12687;21.3;9.1
90;2021-04-18;21;0;29931;12687;21.4;9.1
90;2021-04-19;435;570;30366;13257;21.7;9.5
90;2021-04-20;494;619;30860;13876;22.0;9.9
90;2021-04-21;353;497;31213;14373;22.3;10.3
90;2021-04-22;569;601;31782;14974;22.7;10.7
90;2021-04-23;505;744;32287;15718;23.0;11.2
90;2021-04-24;305;202;32592;15920;23.3;11.4
90;2021-04-25;1;0;32593;15920;23.3;11.4
90;2021-04-26;507;751;33100;16671;23.6;11.9
90;2021-04-27;641;680;33741;17351;24.1;12.4
90;2021-04-28;765;445;34506;17796;24.6;12.7
90;2021-04-29;1003;451;35509;18247;25.3;13.0
90;2021-04-30;1120;459;36629;18706;26.1;13.3
90;2021-05-01;60;42;36689;18748;26.2;13.4
90;2021-05-02;4;0;36693;18748;26.2;13.4
90;2021-05-03;903;286;37596;19034;26.8;13.6
90;2021-05-04;784;637;38380;19671;27.4;14.0
90;2021-05-05;892;505;39272;20176;28.0;14.4
90;2021-05-06;852;626;40124;20802;28.6;14.8
90;2021-05-07;440;510;40564;21312;28.9;15.2
90;2021-05-08;26;27;40590;21339;29.0;15.2
90;2021-05-09;5;33;40595;21372;29.0;15.2
90;2021-05-10;507;585;41102;21957;29.3;15.7
90;2021-05-11;778;636;41880;22593;29.9;16.1
90;2021-05-12;530;598;42410;23191;30.3;16.5
90;2021-05-13;1113;264;43523;23455;31.1;16.7
90;2021-05-14;865;403;44388;23858;31.7;17.0
90;2021-05-15;14;125;44402;23983;31.7;17.1
90;2021-05-16;2;7;44404;23990;31.7;17.1
90;2021-05-17;793;289;45197;24279;32.3;17.3
90;2021-05-18;1024;471;46221;24750;33.0;17.7
90;2021-05-19;1265;384;47486;25134;33.9;17.9
90;2021-05-20;1200;270;48686;25404;34.7;18.1
90;2021-05-21;1265;432;49951;25836;35.6;18.4
90;2021-05-22;9;131;49960;25967;35.6;18.5
90;2021-05-23;4;0;49964;25967;35.7;18.5
90;2021-05-24;368;266;50332;26233;35.9;18.7
90;2021-05-25;637;792;50969;27025;36.4;19.3
90;2021-05-26;630;568;51599;27593;36.8;19.7
90;2021-05-27;963;383;52562;27976;37.5;20.0
90;2021-05-28;668;827;53230;28803;38.0;20.6
90;2021-05-29;93;296;53323;29099;38.0;20.8
90;2021-05-30;4;1;53327;29100;38.1;20.8
90;2021-05-31;809;715;54136;29815;38.6;21.3
90;2021-06-01;968;740;55104;30555;39.3;21.8
90;2021-06-02;760;676;55864;31231;39.9;22.3
90;2021-06-03;758;743;56622;31974;40.4;22.8
90;2021-06-04;833;974;57455;32948;41.0;23.5
90;2021-06-05;54;427;57509;33375;41.0;23.8
90;2021-06-06;1;16;57510;33391;41.0;23.8
90;2021-06-07;1265;1081;58775;34472;41.9;24.6
90;2021-06-08;1481;936;60256;35408;43.0;25.3
90;2021-06-09;965;659;61221;36067;43.7;25.7
90;2021-06-10;625;496;61846;36563;44.1;26.1
90;2021-06-11;787;1126;62633;37689;44.7;26.9
90;2021-06-12;806;298;63439;37987;45.3;27.1
90;2021-06-13;10;12;63449;37999;45.3;27.1
90;2021-06-14;264;974;63713;38973;45.5;27.8
90;2021-06-15;567;880;64280;39853;45.9;28.4
90;2021-06-16;510;548;64790;40401;46.2;28.8
90;2021-06-17;444;638;65234;41039;46.5;29.3
90;2021-06-18;624;996;65858;42035;47.0;30.0
90;2021-06-19;450;169;66308;42204;47.3;30.1
90;2021-06-20;0;28;66308;42232;47.3;30.1
90;2021-06-21;257;1178;66565;43410;47.5;31.0
90;2021-06-22;384;950;66949;44360;47.8;31.7
90;2021-06-23;415;633;67364;44993;48.1;32.1
90;2021-06-24;319;602;67683;45595;48.3;32.5
90;2021-06-25;431;1273;68114;46868;48.6;33.4
90;2021-06-26;420;561;68534;47429;48.9;33.8
90;2021-06-27;2;6;68536;47435;48.9;33.8
90;2021-06-28;378;1298;68914;48733;49.2;34.8
90;2021-06-29;305;1307;69219;50040;49.4;35.7
90;2021-06-30;485;1229;69704;51269;49.7;36.6
90;2021-07-01;346;919;70050;52188;50.0;37.2
90;2021-07-02;506;1206;70556;53394;50.3;38.1
90;2021-07-03;52;129;70608;53523;50.4;38.2
90;2021-07-04;0;21;70608;53544;50.4;38.2
90;2021-07-05;399;1014;71007;54558;50.7;38.9
90;2021-07-06;514;972;71521;55530;51.0;39.6
90;2021-07-07;380;995;71901;56525;51.3;40.3
90;2021-07-08;304;608;72205;57133;51.5;40.8
90;2021-07-09;438;951;72643;58084;51.8;41.4
90;2021-07-10;32;91;72675;58175;51.9;41.5
90;2021-07-11;7;17;72682;58192;51.9;41.5
90;2021-07-12;242;1076;72924;59268;52.0;42.3
90;2021-07-13;474;1162;73398;60430;52.4;43.1
90;2021-07-14;2;8;73400;60438;52.4;43.1
90;2021-07-15;791;1451;74191;61889;52.9;44.2
90;2021-07-16;825;1683;75016;63572;53.5;45.4
90;2021-07-17;484;954;75500;64526;53.9;46.0
90;2021-07-18;4;2;75504;64528;53.9;46.0
90;2021-07-19;1182;1461;76686;65989;54.7;47.1
90;2021-07-20;1334;1137;78020;67126;55.7;47.9
90;2021-07-21;1396;982;79416;68108;56.7;48.6
90;2021-07-22;1123;696;80539;68804;57.5;49.1
90;2021-07-23;961;1023;81500;69827;58.2;49.8
90;2021-07-24;116;65;81616;69892;58.2;49.9
90;2021-07-25;2;1;81618;69893;58.2;49.9
90;2021-07-26;1068;805;82686;70698;59.0;50.4
90;2021-07-27;1080;741;83766;71439;59.8;51.0
90;2021-07-28;814;710;84580;72149;60.4;51.5
90;2021-07-29;832;437;85412;72586;60.9;51.8
90;2021-07-30;777;496;86189;73082;61.5;52.1
90;2021-07-31;479;313;86668;73395;61.8;52.4
90;2021-08-01;0;3;86668;73398;61.8;52.4
90;2021-08-02;834;512;87502;73910;62.4;52.7
90;2021-08-03;907;492;88409;74402;63.1;53.1
90;2021-08-04;1063;456;89472;74858;63.8;53.4
90;2021-08-05;519;221;89991;75079;64.2;53.6
90;2021-08-06;635;389;90626;75468;64.7;53.8
90;2021-08-07;35;63;90661;75531;64.7;53.9
90;2021-08-08;18;3;90679;75534;64.7;53.9
90;2021-08-09;721;944;91400;76478;65.2;54.6
90;2021-08-10;533;1150;91933;77628;65.6;55.4
90;2021-08-11;536;947;92469;78575;66.0;56.1
90;2021-08-12;444;816;92913;79391;66.3;56.6
90;2021-08-13;524;894;93437;80285;66.7;57.3
90;2021-08-14;30;99;93467;80384;66.7;57.4
90;2021-08-15;2;8;93469;80392;66.7;57.4
90;2021-08-16;445;633;93914;81025;67.0;57.8
90;2021-08-17;338;1165;94252;82190;67.3;58.6
90;2021-08-18;266;877;94518;83067;67.4;59.3
90;2021-08-19;239;625;94757;83692;67.6;59.7
91;2020-12-27;0;0;0;0;0.0;0.0
91;2020-12-28;0;0;0;0;0.0;0.0
91;2020-12-29;1;0;1;0;0.0;0.0
91;2020-12-30;1;0;2;0;0.0;0.0
91;2020-12-31;0;0;2;0;0.0;0.0
91;2021-01-01;5;0;7;0;0.0;0.0
91;2021-01-02;0;0;7;0;0.0;0.0
91;2021-01-03;0;0;7;0;0.0;0.0
91;2021-01-04;1;0;8;0;0.0;0.0
91;2021-01-05;71;0;79;0;0.0;0.0
91;2021-01-06;188;2;267;2;0.0;0.0
91;2021-01-07;523;6;790;8;0.1;0.0
91;2021-01-08;394;1;1184;9;0.1;0.0
91;2021-01-09;89;3;1273;12;0.1;0.0
91;2021-01-10;1;0;1274;12;0.1;0.0
91;2021-01-11;595;2;1869;14;0.1;0.0
91;2021-01-12;899;8;2768;22;0.2;0.0
91;2021-01-13;702;6;3470;28;0.3;0.0
91;2021-01-14;721;11;4191;39;0.3;0.0
91;2021-01-15;569;3;4760;42;0.4;0.0
91;2021-01-16;316;8;5076;50;0.4;0.0
91;2021-01-17;116;1;5192;51;0.4;0.0
91;2021-01-18;992;3;6184;54;0.5;0.0
91;2021-01-19;1867;14;8051;68;0.6;0.0
91;2021-01-20;2368;18;10419;86;0.8;0.0
91;2021-01-21;2096;14;12515;100;0.9;0.0
91;2021-01-22;1861;9;14376;109;1.1;0.0
91;2021-01-23;413;1;14789;110;1.1;0.0
91;2021-01-24;53;0;14842;110;1.1;0.0
91;2021-01-25;1048;4;15890;114;1.2;0.0
91;2021-01-26;1577;38;17467;152;1.3;0.0
91;2021-01-27;2415;95;19882;247;1.5;0.0
91;2021-01-28;1982;223;21864;470;1.7;0.0
91;2021-01-29;1749;68;23613;538;1.8;0.0
91;2021-01-30;422;7;24035;545;1.8;0.0
91;2021-01-31;54;0;24089;545;1.8;0.0
91;2021-02-01;966;218;25055;763;1.9;0.1
91;2021-02-02;857;364;25912;1127;2.0;0.1
91;2021-02-03;937;571;26849;1698;2.0;0.1
91;2021-02-04;885;282;27734;1980;2.1;0.2
91;2021-02-05;1034;359;28768;2339;2.2;0.2
91;2021-02-06;337;93;29105;2432;2.2;0.2
91;2021-02-07;13;0;29118;2432;2.2;0.2
91;2021-02-08;905;606;30023;3038;2.3;0.2
91;2021-02-09;963;860;30986;3898;2.3;0.3
91;2021-02-10;1065;989;32051;4887;2.4;0.4
91;2021-02-11;1120;1019;33171;5906;2.5;0.4
91;2021-02-12;1061;836;34232;6742;2.6;0.5
91;2021-02-13;330;360;34562;7102;2.6;0.5
91;2021-02-14;18;112;34580;7214;2.6;0.5
91;2021-02-15;368;1263;34948;8477;2.6;0.6
91;2021-02-16;554;1755;35502;10232;2.7;0.8
91;2021-02-17;811;2677;36313;12909;2.8;1.0
91;2021-02-18;941;2015;37254;14924;2.8;1.1
91;2021-02-19;864;1383;38118;16307;2.9;1.2
91;2021-02-20;167;360;38285;16667;2.9;1.3
91;2021-02-21;13;50;38298;16717;2.9;1.3
91;2021-02-22;334;1204;38632;17921;2.9;1.4
91;2021-02-23;397;1072;39029;18993;3.0;1.4
91;2021-02-24;473;1059;39502;20052;3.0;1.5
91;2021-02-25;733;1020;40235;21072;3.0;1.6
91;2021-02-26;1096;1060;41331;22132;3.1;1.7
91;2021-02-27;609;330;41940;22462;3.2;1.7
91;2021-02-28;65;66;42005;22528;3.2;1.7
91;2021-03-01;931;1069;42936;23597;3.3;1.8
91;2021-03-02;1259;1093;44195;24690;3.3;1.9
91;2021-03-03;1468;1279;45663;25969;3.5;2.0
91;2021-03-04;2427;1128;48090;27097;3.6;2.1
91;2021-03-05;3350;1168;51440;28265;3.9;2.1
91;2021-03-06;4907;460;56347;28725;4.3;2.2
91;2021-03-07;3207;115;59554;28840;4.5;2.2
91;2021-03-08;1472;1065;61026;29905;4.6;2.3
91;2021-03-09;2623;996;63649;30901;4.8;2.3
91;2021-03-10;2618;1040;66267;31941;5.0;2.4
91;2021-03-11;3785;1133;70052;33074;5.3;2.5
91;2021-03-12;4788;1049;74840;34123;5.7;2.6
91;2021-03-13;5258;339;80098;34462;6.1;2.6
91;2021-03-14;302;27;80400;34489;6.1;2.6
91;2021-03-15;2982;436;83382;34925;6.3;2.6
91;2021-03-16;2609;386;85991;35311;6.5;2.7
91;2021-03-17;2227;350;88218;35661;6.7;2.7
91;2021-03-18;2389;411;90607;36072;6.9;2.7
91;2021-03-19;4094;383;94701;36455;7.2;2.8
91;2021-03-20;3609;181;98310;36636;7.5;2.8
91;2021-03-21;138;30;98448;36666;7.5;2.8
91;2021-03-22;3148;608;101596;37274;7.7;2.8
91;2021-03-23;4137;700;105733;37974;8.0;2.9
91;2021-03-24;3936;501;109669;38475;8.3;2.9
91;2021-03-25;5058;528;114727;39003;8.7;3.0
91;2021-03-26;5551;552;120278;39555;9.1;3.0
91;2021-03-27;4986;342;125264;39897;9.5;3.0
91;2021-03-28;282;59;125546;39956;9.5;3.0
91;2021-03-29;3303;1040;128849;40996;9.8;3.1
91;2021-03-30;4426;1222;133275;42218;10.1;3.2
91;2021-03-31;3368;1340;136643;43558;10.4;3.3
91;2021-04-01;3738;1683;140381;45241;10.6;3.4
91;2021-04-02;3892;2310;144273;47551;10.9;3.6
91;2021-04-03;1870;2875;146143;50426;11.1;3.8
91;2021-04-04;648;1321;146791;51747;11.1;3.9
91;2021-04-05;562;131;147353;51878;11.2;3.9
91;2021-04-06;3404;1787;150757;53665;11.4;4.1
91;2021-04-07;3417;1933;154174;55598;11.7;4.2
91;2021-04-08;4661;2159;158835;57757;12.0;4.4
91;2021-04-09;5346;2152;164181;59909;12.4;4.5
91;2021-04-10;2729;2819;166910;62728;12.7;4.8
91;2021-04-11;192;141;167102;62869;12.7;4.8
91;2021-04-12;2854;2275;169956;65144;12.9;4.9
91;2021-04-13;3755;2648;173711;67792;13.2;5.1
91;2021-04-14;3708;2322;177419;70114;13.4;5.3
91;2021-04-15;4477;2512;181896;72626;13.8;5.5
91;2021-04-16;4548;2806;186444;75432;14.1;5.7
91;2021-04-17;2982;2078;189426;77510;14.4;5.9
91;2021-04-18;269;71;189695;77581;14.4;5.9
91;2021-04-19;2304;2731;191999;80312;14.6;6.1
91;2021-04-20;3178;2986;195177;83298;14.8;6.3
91;2021-04-21;2989;2899;198166;86197;15.0;6.5
91;2021-04-22;3164;3364;201330;89561;15.3;6.8
91;2021-04-23;3715;3357;205045;92918;15.5;7.0
91;2021-04-24;3482;3730;208527;96648;15.8;7.3
91;2021-04-25;2616;640;211143;97288;16.0;7.4
91;2021-04-26;3486;2800;214629;100088;16.3;7.6
91;2021-04-27;4487;2923;219116;103011;16.6;7.8
91;2021-04-28;4567;2703;223683;105714;17.0;8.0
91;2021-04-29;5744;3056;229427;108770;17.4;8.2
91;2021-04-30;5388;2851;234815;111621;17.8;8.5
91;2021-05-01;3514;520;238329;112141;18.1;8.5
91;2021-05-02;624;132;238953;112273;18.1;8.5
91;2021-05-03;5203;2290;244156;114563;18.5;8.7
91;2021-05-04;5591;3175;249747;117738;18.9;8.9
91;2021-05-05;4850;2869;254597;120607;19.3;9.1
91;2021-05-06;5247;3372;259844;123979;19.7;9.4
91;2021-05-07;6121;3744;265965;127723;20.2;9.7
91;2021-05-08;6518;964;272483;128687;20.7;9.8
91;2021-05-09;4803;562;277286;129249;21.0;9.8
91;2021-05-10;5901;3006;283187;132255;21.5;10.0
91;2021-05-11;6833;3838;290020;136093;22.0;10.3
91;2021-05-12;5895;3442;295915;139535;22.4;10.6
91;2021-05-13;4826;1078;300741;140613;22.8;10.7
91;2021-05-14;6547;2392;307288;143005;23.3;10.8
91;2021-05-15;7796;1925;315084;144930;23.9;11.0
91;2021-05-16;4582;370;319666;145300;24.2;11.0
91;2021-05-17;6953;1710;326619;147010;24.8;11.1
91;2021-05-18;8120;1741;334739;148751;25.4;11.3
91;2021-05-19;7098;1700;341837;150451;25.9;11.4
91;2021-05-20;8200;2145;350037;152596;26.5;11.6
91;2021-05-21;8143;2581;358180;155177;27.1;11.8
91;2021-05-22;7664;1545;365844;156722;27.7;11.9
91;2021-05-23;4799;529;370643;157251;28.1;11.9
91;2021-05-24;5017;602;375660;157853;28.5;12.0
91;2021-05-25;7626;2649;383286;160502;29.1;12.2
91;2021-05-26;6873;2940;390159;163442;29.6;12.4
91;2021-05-27;7970;3446;398129;166888;30.2;12.6
91;2021-05-28;7536;4321;405665;171209;30.7;13.0
91;2021-05-29;9300;3507;414965;174716;31.5;13.2
91;2021-05-30;5954;961;420919;175677;31.9;13.3
91;2021-05-31;6742;3701;427661;179378;32.4;13.6
91;2021-06-01;7787;4778;435448;184156;33.0;14.0
91;2021-06-02;7452;3957;442900;188113;33.6;14.3
91;2021-06-03;7858;4781;450758;192894;34.2;14.6
91;2021-06-04;7184;5723;457942;198617;34.7;15.1
91;2021-06-05;6386;5813;464328;204430;35.2;15.5
91;2021-06-06;4089;2511;468417;206941;35.5;15.7
91;2021-06-07;5879;5479;474296;212420;35.9;16.1
91;2021-06-08;7041;5796;481337;218216;36.5;16.5
91;2021-06-09;6469;5144;487806;223360;37.0;16.9
91;2021-06-10;7179;5774;494985;229134;37.5;17.4
91;2021-06-11;6546;7112;501531;236246;38.0;17.9
91;2021-06-12;6222;7364;507753;243610;38.5;18.5
91;2021-06-13;2852;2317;510605;245927;38.7;18.6
91;2021-06-14;4227;7199;514832;253126;39.0;19.2
91;2021-06-15;5575;7256;520407;260382;39.4;19.7
91;2021-06-16;5303;6444;525710;266826;39.8;20.2
91;2021-06-17;6245;7134;531955;273960;40.3;20.8
91;2021-06-18;4636;8741;536591;282701;40.7;21.4
91;2021-06-19;4192;7152;540783;289853;41.0;22.0
91;2021-06-20;1006;4213;541789;294066;41.1;22.3
91;2021-06-21;3230;7237;545019;301303;41.3;22.8
91;2021-06-22;4162;9227;549181;310530;41.6;23.5
91;2021-06-23;4315;7964;553496;318494;42.0;24.1
91;2021-06-24;4907;8478;558403;326972;42.3;24.8
91;2021-06-25;3470;9173;561873;336145;42.6;25.5
91;2021-06-26;2988;8036;564861;344181;42.8;26.1
91;2021-06-27;549;2998;565410;347179;42.9;26.3
91;2021-06-28;3128;8236;568538;355415;43.1;26.9
91;2021-06-29;3586;9641;572124;365056;43.4;27.7
91;2021-06-30;3952;8697;576076;373753;43.7;28.3
91;2021-07-01;4093;8872;580169;382625;44.0;29.0
91;2021-07-02;3755;9316;583924;391941;44.3;29.7
91;2021-07-03;2880;9788;586804;401729;44.5;30.4
91;2021-07-04;849;4721;587653;406450;44.5;30.8
91;2021-07-05;2658;7261;590311;413711;44.7;31.4
91;2021-07-06;3753;9425;594064;423136;45.0;32.1
91;2021-07-07;3801;8581;597865;431717;45.3;32.7
91;2021-07-08;4357;8987;602222;440704;45.6;33.4
91;2021-07-09;3961;9959;606183;450663;45.9;34.2
91;2021-07-10;3402;10230;609585;460893;46.2;34.9
91;2021-07-11;984;4800;610569;465693;46.3;35.3
91;2021-07-12;2800;8892;613369;474585;46.5;36.0
91;2021-07-13;4457;10383;617826;484968;46.8;36.8
91;2021-07-14;2299;3583;620125;488551;47.0;37.0
91;2021-07-15;4535;9821;624660;498372;47.3;37.8
91;2021-07-16;6274;9757;630934;508129;47.8;38.5
91;2021-07-17;5727;9056;636661;517185;48.3;39.2
91;2021-07-18;3397;3672;640058;520857;48.5;39.5
91;2021-07-19;3769;7530;643827;528387;48.8;40.0
91;2021-07-20;6053;9291;649880;537678;49.3;40.8
91;2021-07-21;6222;7727;656102;545405;49.7;41.3
91;2021-07-22;6461;8388;662563;553793;50.2;42.0
91;2021-07-23;6906;8273;669469;562066;50.7;42.6
91;2021-07-24;4962;6468;674431;568534;51.1;43.1
91;2021-07-25;3251;1385;677682;569919;51.4;43.2
91;2021-07-26;4918;6589;682600;576508;51.7;43.7
91;2021-07-27;7532;7062;690132;583570;52.3;44.2
91;2021-07-28;7263;5901;697395;589471;52.9;44.7
91;2021-07-29;7353;5891;704748;595362;53.4;45.1
91;2021-07-30;6872;5759;711620;601121;53.9;45.6
91;2021-07-31;4823;4768;716443;605889;54.3;45.9
91;2021-08-01;2596;1322;719039;607211;54.5;46.0
91;2021-08-02;4645;4214;723684;611425;54.8;46.3
91;2021-08-03;5743;4678;729427;616103;55.3;46.7
91;2021-08-04;5657;4115;735084;620218;55.7;47.0
91;2021-08-05;5540;4255;740624;624473;56.1;47.3
91;2021-08-06;5635;5610;746259;630083;56.6;47.8
91;2021-08-07;3032;2410;749291;632493;56.8;47.9
91;2021-08-08;593;1094;749884;633587;56.8;48.0
91;2021-08-09;3751;3964;753635;637551;57.1;48.3
91;2021-08-10;4498;4531;758133;642082;57.5;48.7
91;2021-08-11;4073;4471;762206;646553;57.8;49.0
91;2021-08-12;3953;4746;766159;651299;58.1;49.4
91;2021-08-13;4232;4815;770391;656114;58.4;49.7
91;2021-08-14;2208;2384;772599;658498;58.6;49.9
91;2021-08-15;92;170;772691;658668;58.6;49.9
91;2021-08-16;2903;4637;775594;663305;58.8;50.3
91;2021-08-17;3583;5794;779177;669099;59.1;50.7
91;2021-08-18;2994;5766;782171;674865;59.3;51.1
91;2021-08-19;3399;5746;785570;680611;59.5;51.6
92;2020-12-27;20;0;20;0;0.0;0.0
92;2020-12-28;13;0;33;0;0.0;0.0
92;2020-12-29;56;0;89;0;0.0;0.0
92;2020-12-30;35;0;124;0;0.0;0.0
92;2020-12-31;5;0;129;0;0.0;0.0
92;2021-01-01;21;0;150;0;0.0;0.0
92;2021-01-02;4;0;154;0;0.0;0.0
92;2021-01-03;8;0;162;0;0.0;0.0
92;2021-01-04;62;1;224;1;0.0;0.0
92;2021-01-05;225;1;449;2;0.0;0.0
92;2021-01-06;413;3;862;5;0.1;0.0
92;2021-01-07;663;4;1525;9;0.1;0.0
92;2021-01-08;838;4;2363;13;0.1;0.0
92;2021-01-09;122;1;2485;14;0.2;0.0
92;2021-01-10;45;0;2530;14;0.2;0.0
92;2021-01-11;846;5;3376;19;0.2;0.0
92;2021-01-12;1298;9;4674;28;0.3;0.0
92;2021-01-13;1239;15;5913;43;0.4;0.0
92;2021-01-14;1205;17;7118;60;0.4;0.0
92;2021-01-15;975;7;8093;67;0.5;0.0
92;2021-01-16;179;1;8272;68;0.5;0.0
92;2021-01-17;21;0;8293;68;0.5;0.0
92;2021-01-18;1538;23;9831;91;0.6;0.0
92;2021-01-19;1551;20;11382;111;0.7;0.0
92;2021-01-20;1807;14;13189;125;0.8;0.0
92;2021-01-21;3419;21;16608;146;1.0;0.0
92;2021-01-22;2609;42;19217;188;1.2;0.0
92;2021-01-23;137;0;19354;188;1.2;0.0
92;2021-01-24;23;0;19377;188;1.2;0.0
92;2021-01-25;843;14;20220;202;1.3;0.0
92;2021-01-26;1212;12;21432;214;1.3;0.0
92;2021-01-27;2212;96;23644;310;1.5;0.0
92;2021-01-28;4168;189;27812;499;1.7;0.0
92;2021-01-29;2709;265;30521;764;1.9;0.0
92;2021-01-30;322;13;30843;777;1.9;0.0
92;2021-01-31;19;2;30862;779;1.9;0.0
92;2021-02-01;860;322;31722;1101;2.0;0.1
92;2021-02-02;1047;355;32769;1456;2.0;0.1
92;2021-02-03;997;447;33766;1903;2.1;0.1
92;2021-02-04;1039;549;34805;2452;2.2;0.2
92;2021-02-05;1330;501;36135;2953;2.2;0.2
92;2021-02-06;110;17;36245;2970;2.2;0.2
92;2021-02-07;11;14;36256;2984;2.2;0.2
92;2021-02-08;570;734;36826;3718;2.3;0.2
92;2021-02-09;1061;1300;37887;5018;2.3;0.3
92;2021-02-10;1064;1306;38951;6324;2.4;0.4
92;2021-02-11;1493;1927;40444;8251;2.5;0.5
92;2021-02-12;1415;1484;41859;9735;2.6;0.6
92;2021-02-13;69;60;41928;9795;2.6;0.6
92;2021-02-14;18;0;41946;9795;2.6;0.6
92;2021-02-15;568;1660;42514;11455;2.6;0.7
92;2021-02-16;781;2058;43295;13513;2.7;0.8
92;2021-02-17;617;1756;43912;15269;2.7;0.9
92;2021-02-18;1569;3671;45481;18940;2.8;1.2
92;2021-02-19;1728;2661;47209;21601;2.9;1.3
92;2021-02-20;143;402;47352;22003;2.9;1.4
92;2021-02-21;34;53;47386;22056;2.9;1.4
92;2021-02-22;493;1219;47879;23275;3.0;1.4
92;2021-02-23;726;1365;48605;24640;3.0;1.5
92;2021-02-24;607;1301;49212;25941;3.0;1.6
92;2021-02-25;915;1808;50127;27749;3.1;1.7
92;2021-02-26;1454;1370;51581;29119;3.2;1.8
92;2021-02-27;502;190;52083;29309;3.2;1.8
92;2021-02-28;65;56;52148;29365;3.2;1.8
92;2021-03-01;1098;1050;53246;30415;3.3;1.9
92;2021-03-02;1967;1370;55213;31785;3.4;2.0
92;2021-03-03;2788;1099;58001;32884;3.6;2.0
92;2021-03-04;3587;1530;61588;34414;3.8;2.1
92;2021-03-05;4974;1726;66562;36140;4.1;2.2
92;2021-03-06;5717;329;72279;36469;4.5;2.3
92;2021-03-07;2898;237;75177;36706;4.7;2.3
92;2021-03-08;2415;823;77592;37529;4.8;2.3
92;2021-03-09;3434;1030;81026;38559;5.0;2.4
92;2021-03-10;3935;944;84961;39503;5.3;2.4
92;2021-03-11;5010;1393;89971;40896;5.6;2.5
92;2021-03-12;6764;1561;96735;42457;6.0;2.6
92;2021-03-13;5157;234;101892;42691;6.3;2.6
92;2021-03-14;1737;74;103629;42765;6.4;2.7
92;2021-03-15;3793;596;107422;43361;6.7;2.7
92;2021-03-16;3691;600;111113;43961;6.9;2.7
92;2021-03-17;3871;419;114984;44380;7.1;2.8
92;2021-03-18;4122;753;119106;45133;7.4;2.8
92;2021-03-19;5919;731;125025;45864;7.7;2.8
92;2021-03-20;2535;74;127560;45938;7.9;2.8
92;2021-03-21;148;29;127708;45967;7.9;2.8
92;2021-03-22;4114;480;131822;46447;8.2;2.9
92;2021-03-23;6097;878;137919;47325;8.5;2.9
92;2021-03-24;6370;653;144289;47978;8.9;3.0
92;2021-03-25;8435;643;152724;48621;9.5;3.0
92;2021-03-26;8352;906;161076;49527;10.0;3.1
92;2021-03-27;2832;272;163908;49799;10.2;3.1
92;2021-03-28;541;39;164449;49838;10.2;3.1
92;2021-03-29;4656;1054;169105;50892;10.5;3.2
92;2021-03-30;6383;1555;175488;52447;10.9;3.2
92;2021-03-31;5539;2259;181027;54706;11.2;3.4
92;2021-04-01;6263;3682;187290;58388;11.6;3.6
92;2021-04-02;5628;3419;192918;61807;12.0;3.8
92;2021-04-03;870;1417;193788;63224;12.0;3.9
92;2021-04-04;484;1061;194272;64285;12.0;4.0
92;2021-04-05;811;158;195083;64443;12.1;4.0
92;2021-04-06;3649;1959;198732;66402;12.3;4.1
92;2021-04-07;4989;2890;203721;69292;12.6;4.3
92;2021-04-08;5973;3175;209694;72467;13.0;4.5
92;2021-04-09;8027;3051;217721;75518;13.5;4.7
92;2021-04-10;2630;1295;220351;76813;13.7;4.8
92;2021-04-11;154;807;220505;77620;13.7;4.8
92;2021-04-12;3682;2520;224187;80140;13.9;5.0
92;2021-04-13;4378;4429;228565;84569;14.2;5.2
92;2021-04-14;4864;4041;233429;88610;14.5;5.5
92;2021-04-15;5296;3957;238725;92567;14.8;5.7
92;2021-04-16;5071;3864;243796;96431;15.1;6.0
92;2021-04-17;1798;1192;245594;97623;15.2;6.0
92;2021-04-18;346;94;245940;97717;15.2;6.1
92;2021-04-19;2810;2841;248750;100558;15.4;6.2
92;2021-04-20;4190;3756;252940;104314;15.7;6.5
92;2021-04-21;4610;4521;257550;108835;16.0;6.7
92;2021-04-22;4658;5128;262208;113963;16.2;7.1
92;2021-04-23;5232;4695;267440;118658;16.6;7.4
92;2021-04-24;4935;1910;272375;120568;16.9;7.5
92;2021-04-25;1789;150;274164;120718;17.0;7.5
92;2021-04-26;3996;3625;278160;124343;17.2;7.7
92;2021-04-27;6042;5263;284202;129606;17.6;8.0
92;2021-04-28;7378;4504;291580;134110;18.1;8.3
92;2021-04-29;7985;4791;299565;138901;18.6;8.6
92;2021-04-30;8840;4849;308405;143750;19.1;8.9
92;2021-05-01;1201;408;309606;144158;19.2;8.9
92;2021-05-02;662;140;310268;144298;19.2;8.9
92;2021-05-03;6777;3895;317045;148193;19.6;9.2
92;2021-05-04;10416;4372;327461;152565;20.3;9.5
92;2021-05-05;10072;5266;337533;157831;20.9;9.8
92;2021-05-06;11425;4914;348958;162745;21.6;10.1
92;2021-05-07;9858;5297;358816;168042;22.2;10.4
92;2021-05-08;7210;1926;366026;169968;22.7;10.5
92;2021-05-09;3788;599;369814;170567;22.9;10.6
92;2021-05-10;9530;4001;379344;174568;23.5;10.8
92;2021-05-11;13978;5696;393322;180264;24.4;11.2
92;2021-05-12;14270;4586;407592;184850;25.3;11.5
92;2021-05-13;9163;913;416755;185763;25.8;11.5
92;2021-05-14;12028;2315;428783;188078;26.6;11.7
92;2021-05-15;8390;1229;437173;189307;27.1;11.7
92;2021-05-16;4137;451;441310;189758;27.3;11.8
92;2021-05-17;10646;2221;451956;191979;28.0;11.9
92;2021-05-18;16407;3130;468363;195109;29.0;12.1
92;2021-05-19;16033;3722;484396;198831;30.0;12.3
92;2021-05-20;16826;3983;501222;202814;31.1;12.6
92;2021-05-21;14077;3636;515299;206450;31.9;12.8
92;2021-05-22;8315;1516;523614;207966;32.4;12.9
92;2021-05-23;4084;455;527698;208421;32.7;12.9
92;2021-05-24;6122;856;533820;209277;33.1;13.0
92;2021-05-25;13109;4561;546929;213838;33.9;13.3
92;2021-05-26;11925;5041;558854;218879;34.6;13.6
92;2021-05-27;12734;6327;571588;225206;35.4;14.0
92;2021-05-28;11227;6285;582815;231491;36.1;14.3
92;2021-05-29;5449;2303;588264;233794;36.5;14.5
92;2021-05-30;2249;389;590513;234183;36.6;14.5
92;2021-05-31;12055;5307;602568;239490;37.3;14.8
92;2021-06-01;12600;7646;615168;247136;38.1;15.3
92;2021-06-02;14376;7212;629544;254348;39.0;15.8
92;2021-06-03;14584;8033;644128;262381;39.9;16.3
92;2021-06-04;12221;8226;656349;270607;40.7;16.8
92;2021-06-05;7386;6247;663735;276854;41.1;17.2
92;2021-06-06;3593;1674;667328;278528;41.4;17.3
92;2021-06-07;11442;7632;678770;286160;42.1;17.7
92;2021-06-08;12758;9608;691528;295768;42.9;18.3
92;2021-06-09;11651;9477;703179;305245;43.6;18.9
92;2021-06-10;11956;10569;715135;315814;44.3;19.6
92;2021-06-11;8144;11038;723279;326852;44.8;20.3
92;2021-06-12;6361;5102;729640;331954;45.2;20.6
92;2021-06-13;3964;2720;733604;334674;45.5;20.7
92;2021-06-14;5212;11167;738816;345841;45.8;21.4
92;2021-06-15;6509;13133;745325;358974;46.2;22.2
92;2021-06-16;6951;12993;752276;371967;46.6;23.0
92;2021-06-17;7421;14014;759697;385981;47.1;23.9
92;2021-06-18;6896;14394;766593;400375;47.5;24.8
92;2021-06-19;3960;9112;770553;409487;47.7;25.4
92;2021-06-20;1964;5610;772517;415097;47.9;25.7
92;2021-06-21;4835;12274;777352;427371;48.2;26.5
92;2021-06-22;5879;17550;783231;444921;48.5;27.6
92;2021-06-23;5479;15995;788710;460916;48.9;28.6
92;2021-06-24;6199;15124;794909;476040;49.3;29.5
92;2021-06-25;5112;16097;800021;492137;49.6;30.5
92;2021-06-26;4065;10456;804086;502593;49.8;31.1
92;2021-06-27;1859;6049;805945;508642;49.9;31.5
92;2021-06-28;3672;12054;809617;520696;50.2;32.3
92;2021-06-29;4674;18162;814291;538858;50.5;33.4
92;2021-06-30;4416;16215;818707;555073;50.7;34.4
92;2021-07-01;5543;16309;824250;571382;51.1;35.4
92;2021-07-02;4815;15281;829065;586663;51.4;36.4
92;2021-07-03;3300;10184;832365;596847;51.6;37.0
92;2021-07-04;1122;4208;833487;601055;51.6;37.2
92;2021-07-05;4778;12332;838265;613387;51.9;38.0
92;2021-07-06;5223;15794;843488;629181;52.3;39.0
92;2021-07-07;4246;11454;847734;640635;52.5;39.7
92;2021-07-08;5403;14635;853137;655270;52.9;40.6
92;2021-07-09;5876;14208;859013;669478;53.2;41.5
92;2021-07-10;4362;8447;863375;677925;53.5;42.0
92;2021-07-11;1478;2619;864853;680544;53.6;42.2
92;2021-07-12;4377;14634;869230;695178;53.9;43.1
92;2021-07-13;7846;17446;877076;712624;54.3;44.2
92;2021-07-14;5083;5742;882159;718366;54.7;44.5
92;2021-07-15;9553;16247;891712;734613;55.3;45.5
92;2021-07-16;9045;14171;900757;748784;55.8;46.4
92;2021-07-17;6560;7599;907317;756383;56.2;46.9
92;2021-07-18;1835;2482;909152;758865;56.3;47.0
92;2021-07-19;6447;13201;915599;772066;56.7;47.8
92;2021-07-20;10053;14089;925652;786155;57.4;48.7
92;2021-07-21;10415;12102;936067;798257;58.0;49.5
92;2021-07-22;11953;12955;948020;811212;58.7;50.3
92;2021-07-23;11548;11338;959568;822550;59.5;51.0
92;2021-07-24;6619;6241;966187;828791;59.9;51.4
92;2021-07-25;2761;2311;968948;831102;60.0;51.5
92;2021-07-26;9448;9168;978396;840270;60.6;52.1
92;2021-07-27;11433;9581;989829;849851;61.3;52.7
92;2021-07-28;11310;8133;1001139;857984;62.0;53.2
92;2021-07-29;10373;8598;1011512;866582;62.7;53.7
92;2021-07-30;8968;8308;1020480;874890;63.2;54.2
92;2021-07-31;5665;4805;1026145;879695;63.6;54.5
92;2021-08-01;2178;1290;1028323;880985;63.7;54.6
92;2021-08-02;4604;4917;1032927;885902;64.0;54.9
92;2021-08-03;5056;6129;1037983;892031;64.3;55.3
92;2021-08-04;4649;4848;1042632;896879;64.6;55.6
92;2021-08-05;4412;5667;1047044;902546;64.9;55.9
92;2021-08-06;4464;5947;1051508;908493;65.2;56.3
92;2021-08-07;2787;4225;1054295;912718;65.3;56.6
92;2021-08-08;951;1075;1055246;913793;65.4;56.6
92;2021-08-09;3159;4238;1058405;918031;65.6;56.9
92;2021-08-10;3755;5596;1062160;923627;65.8;57.2
92;2021-08-11;3160;4414;1065320;928041;66.0;57.5
92;2021-08-12;3346;5574;1068666;933615;66.2;57.9
92;2021-08-13;2931;5119;1071597;938734;66.4;58.2
92;2021-08-14;1885;3936;1073482;942670;66.5;58.4
92;2021-08-15;572;837;1074054;943507;66.6;58.5
92;2021-08-16;2342;5292;1076396;948799;66.7;58.8
92;2021-08-17;2599;6958;1078995;955757;66.9;59.2
92;2021-08-18;2386;5249;1081381;961006;67.0;59.6
92;2021-08-19;2473;5707;1083854;966713;67.2;59.9
93;2020-12-27;10;3;10;3;0.0;0.0
93;2020-12-28;4;0;14;3;0.0;0.0
93;2020-12-29;0;0;14;3;0.0;0.0
93;2020-12-30;44;1;58;4;0.0;0.0
93;2020-12-31;9;0;67;4;0.0;0.0
93;2021-01-01;5;0;72;4;0.0;0.0
93;2021-01-02;0;0;72;4;0.0;0.0
93;2021-01-03;3;0;75;4;0.0;0.0
93;2021-01-04;0;0;75;4;0.0;0.0
93;2021-01-05;62;1;137;5;0.0;0.0
93;2021-01-06;179;0;316;5;0.0;0.0
93;2021-01-07;380;3;696;8;0.0;0.0
93;2021-01-08;631;1;1327;9;0.1;0.0
93;2021-01-09;21;0;1348;9;0.1;0.0
93;2021-01-10;2;0;1350;9;0.1;0.0
93;2021-01-11;502;4;1852;13;0.1;0.0
93;2021-01-12;753;7;2605;20;0.2;0.0
93;2021-01-13;750;5;3355;25;0.2;0.0
93;2021-01-14;684;18;4039;43;0.2;0.0
93;2021-01-15;516;3;4555;46;0.3;0.0
93;2021-01-16;139;3;4694;49;0.3;0.0
93;2021-01-17;6;1;4700;50;0.3;0.0
93;2021-01-18;1197;10;5897;60;0.4;0.0
93;2021-01-19;1612;17;7509;77;0.4;0.0
93;2021-01-20;1557;18;9066;95;0.5;0.0
93;2021-01-21;1917;35;10983;130;0.7;0.0
93;2021-01-22;1386;15;12369;145;0.7;0.0
93;2021-01-23;711;8;13080;153;0.8;0.0
93;2021-01-24;0;0;13080;153;0.8;0.0
93;2021-01-25;1207;16;14287;169;0.9;0.0
93;2021-01-26;1290;38;15577;207;0.9;0.0
93;2021-01-27;2155;71;17732;278;1.1;0.0
93;2021-01-28;2262;207;19994;485;1.2;0.0
93;2021-01-29;1620;228;21614;713;1.3;0.0
93;2021-01-30;927;47;22541;760;1.3;0.0
93;2021-01-31;7;7;22548;767;1.4;0.0
93;2021-02-01;1179;171;23727;938;1.4;0.1
93;2021-02-02;1166;311;24893;1249;1.5;0.1
93;2021-02-03;1230;398;26123;1647;1.6;0.1
93;2021-02-04;923;566;27046;2213;1.6;0.1
93;2021-02-05;797;432;27843;2645;1.7;0.2
93;2021-02-06;693;70;28536;2715;1.7;0.2
93;2021-02-07;3;0;28539;2715;1.7;0.2
93;2021-02-08;911;649;29450;3364;1.8;0.2
93;2021-02-09;851;599;30301;3963;1.8;0.2
93;2021-02-10;880;679;31181;4642;1.9;0.3
93;2021-02-11;1242;834;32423;5476;1.9;0.3
93;2021-02-12;1041;640;33464;6116;2.0;0.4
93;2021-02-13;394;265;33858;6381;2.0;0.4
93;2021-02-14;13;59;33871;6440;2.0;0.4
93;2021-02-15;411;1275;34282;7715;2.1;0.5
93;2021-02-16;547;1236;34829;8951;2.1;0.5
93;2021-02-17;543;1769;35372;10720;2.1;0.6
93;2021-02-18;1133;1877;36505;12597;2.2;0.8
93;2021-02-19;993;1545;37498;14142;2.2;0.8
93;2021-02-20;304;665;37802;14807;2.3;0.9
93;2021-02-21;9;23;37811;14830;2.3;0.9
93;2021-02-22;602;1298;38413;16128;2.3;1.0
93;2021-02-23;563;1127;38976;17255;2.3;1.0
93;2021-02-24;642;1224;39618;18479;2.4;1.1
93;2021-02-25;900;1078;40518;19557;2.4;1.2
93;2021-02-26;1121;985;41639;20542;2.5;1.2
93;2021-02-27;543;622;42182;21164;2.5;1.3
93;2021-02-28;87;57;42269;21221;2.5;1.3
93;2021-03-01;1080;1075;43349;22296;2.6;1.3
93;2021-03-02;1443;1148;44792;23444;2.7;1.4
93;2021-03-03;1739;1192;46531;24636;2.8;1.5
93;2021-03-04;2715;1127;49246;25763;2.9;1.5
93;2021-03-05;3819;898;53065;26661;3.2;1.6
93;2021-03-06;5049;566;58114;27227;3.5;1.6
93;2021-03-07;4301;218;62415;27445;3.7;1.6
93;2021-03-08;2036;1261;64451;28706;3.9;1.7
93;2021-03-09;2915;968;67366;29674;4.0;1.8
93;2021-03-10;2857;1112;70223;30786;4.2;1.8
93;2021-03-11;3565;1250;73788;32036;4.4;1.9
93;2021-03-12;4126;1299;77914;33335;4.7;2.0
93;2021-03-13;4287;633;82201;33968;4.9;2.0
93;2021-03-14;882;71;83083;34039;5.0;2.0
93;2021-03-15;3548;690;86631;34729;5.2;2.1
93;2021-03-16;3161;621;89792;35350;5.4;2.1
93;2021-03-17;2655;602;92447;35952;5.5;2.2
93;2021-03-18;3312;726;95759;36678;5.7;2.2
93;2021-03-19;3765;647;99524;37325;6.0;2.2
93;2021-03-20;3461;299;102985;37624;6.2;2.3
93;2021-03-21;813;271;103798;37895;6.2;2.3
93;2021-03-22;3846;618;107644;38513;6.4;2.3
93;2021-03-23;4762;811;112406;39324;6.7;2.4
93;2021-03-24;4113;682;116519;40006;7.0;2.4
93;2021-03-25;5577;859;122096;40865;7.3;2.4
93;2021-03-26;5547;886;127643;41751;7.6;2.5
93;2021-03-27;4280;309;131923;42060;7.9;2.5
93;2021-03-28;613;40;132536;42100;7.9;2.5
93;2021-03-29;3856;961;136392;43061;8.2;2.6
93;2021-03-30;4724;1266;141116;44327;8.4;2.7
93;2021-03-31;3913;1246;145029;45573;8.7;2.7
93;2021-04-01;4055;3147;149084;48720;8.9;2.9
93;2021-04-02;3219;3562;152303;52282;9.1;3.1
93;2021-04-03;2521;2263;154824;54545;9.3;3.3
93;2021-04-04;762;157;155586;54702;9.3;3.3
93;2021-04-05;707;90;156293;54792;9.4;3.3
93;2021-04-06;4561;2347;160854;57139;9.6;3.4
93;2021-04-07;4904;2095;165758;59234;9.9;3.5
93;2021-04-08;5810;2686;171568;61920;10.3;3.7
93;2021-04-09;6093;3183;177661;65103;10.6;3.9
93;2021-04-10;4197;2491;181858;67594;10.9;4.0
93;2021-04-11;575;433;182433;68027;10.9;4.1
93;2021-04-12;4099;2925;186532;70952;11.2;4.2
93;2021-04-13;4602;3660;191134;74612;11.4;4.5
93;2021-04-14;4360;2478;195494;77090;11.7;4.6
93;2021-04-15;4557;3036;200051;80126;12.0;4.8
93;2021-04-16;4437;2992;204488;83118;12.2;5.0
93;2021-04-17;3516;2508;208004;85626;12.5;5.1
93;2021-04-18;290;434;208294;86060;12.5;5.2
93;2021-04-19;3775;2861;212069;88921;12.7;5.3
93;2021-04-20;4303;3273;216372;92194;13.0;5.5
93;2021-04-21;4142;2772;220514;94966;13.2;5.7
93;2021-04-22;4511;4016;225025;98982;13.5;5.9
93;2021-04-23;5626;3242;230651;102224;13.8;6.1
93;2021-04-24;5925;3326;236576;105550;14.2;6.3
93;2021-04-25;1733;593;238309;106143;14.3;6.4
93;2021-04-26;4858;3083;243167;109226;14.6;6.5
93;2021-04-27;6455;3625;249622;112851;14.9;6.8
93;2021-04-28;6077;3428;255699;116279;15.3;7.0
93;2021-04-29;7301;3246;263000;119525;15.7;7.2
93;2021-04-30;8261;3111;271261;122636;16.2;7.3
93;2021-05-01;4946;1185;276207;123821;16.5;7.4
93;2021-05-02;417;647;276624;124468;16.6;7.5
93;2021-05-03;8166;5117;284790;129585;17.1;7.8
93;2021-05-04;7824;5409;292614;134994;17.5;8.1
93;2021-05-05;7577;4808;300191;139802;18.0;8.4
93;2021-05-06;8250;4776;308441;144578;18.5;8.7
93;2021-05-07;7012;5424;315453;150002;18.9;9.0
93;2021-05-08;8357;2387;323810;152389;19.4;9.1
93;2021-05-09;6121;1366;329931;153755;19.8;9.2
93;2021-05-10;8254;4079;338185;157834;20.2;9.5
93;2021-05-11;9309;4810;347494;162644;20.8;9.7
93;2021-05-12;9187;3657;356681;166301;21.4;10.0
93;2021-05-13;8296;1655;364977;167956;21.9;10.1
93;2021-05-14;10424;3537;375401;171493;22.5;10.3
93;2021-05-15;11129;3004;386530;174497;23.1;10.4
93;2021-05-16;5557;728;392087;175225;23.5;10.5
93;2021-05-17;11896;2262;403983;177487;24.2;10.6
93;2021-05-18;14098;2397;418081;179884;25.0;10.8
93;2021-05-19;11435;2951;429516;182835;25.7;10.9
93;2021-05-20;12619;3478;442135;186313;26.5;11.2
93;2021-05-21;13013;2888;455148;189201;27.3;11.3
93;2021-05-22;12386;2204;467534;191405;28.0;11.5
93;2021-05-23;8481;1108;476015;192513;28.5;11.5
93;2021-05-24;11202;1944;487217;194457;29.2;11.6
93;2021-05-25;12289;4318;499506;198775;29.9;11.9
93;2021-05-26;11069;3750;510575;202525;30.6;12.1
93;2021-05-27;12706;3886;523281;206411;31.3;12.4
93;2021-05-28;12653;5261;535934;211672;32.1;12.7
93;2021-05-29;11395;4264;547329;215936;32.8;12.9
93;2021-05-30;8216;1379;555545;217315;33.3;13.0
93;2021-05-31;9180;5181;564725;222496;33.8;13.3
93;2021-06-01;11388;6281;576113;228777;34.5;13.7
93;2021-06-02;10711;5195;586824;233972;35.1;14.0
93;2021-06-03;10809;5516;597633;239488;35.8;14.3
93;2021-06-04;10610;7806;608243;247294;36.4;14.8
93;2021-06-05;9018;7352;617261;254646;37.0;15.2
93;2021-06-06;8400;1746;625661;256392;37.5;15.4
93;2021-06-07;10067;7529;635728;263921;38.1;15.8
93;2021-06-08;10377;7377;646105;271298;38.7;16.2
93;2021-06-09;10235;7289;656340;278587;39.3;16.7
93;2021-06-10;9005;8186;665345;286773;39.8;17.2
93;2021-06-11;8831;8818;674176;295591;40.4;17.7
93;2021-06-12;9868;6651;684044;302242;41.0;18.1
93;2021-06-13;7166;2126;691210;304368;41.4;18.2
93;2021-06-14;5398;9729;696608;314097;41.7;18.8
93;2021-06-15;6219;9658;702827;323755;42.1;19.4
93;2021-06-16;6646;9058;709473;332813;42.5;19.9
93;2021-06-17;5738;8469;715211;341282;42.8;20.4
93;2021-06-18;7223;11133;722434;352415;43.3;21.1
93;2021-06-19;7077;11099;729511;363514;43.7;21.8
93;2021-06-20;4949;6874;734460;370388;44.0;22.2
93;2021-06-21;4073;10728;738533;381116;44.2;22.8
93;2021-06-22;4668;11310;743201;392426;44.5;23.5
93;2021-06-23;4540;10599;747741;403025;44.8;24.1
93;2021-06-24;4196;10298;751937;413323;45.0;24.7
93;2021-06-25;5179;13052;757116;426375;45.3;25.5
93;2021-06-26;5299;13917;762415;440292;45.6;26.4
93;2021-06-27;3287;7104;765702;447396;45.8;26.8
93;2021-06-28;3692;12513;769394;459909;46.1;27.5
93;2021-06-29;4015;12350;773409;472259;46.3;28.3
93;2021-06-30;4135;11299;777544;483558;46.6;29.0
93;2021-07-01;5836;11161;783380;494719;46.9;29.6
93;2021-07-02;5654;12371;789034;507090;47.2;30.4
93;2021-07-03;5340;13445;794374;520535;47.6;31.2
93;2021-07-04;3079;7887;797453;528422;47.7;31.6
93;2021-07-05;4505;10848;801958;539270;48.0;32.3
93;2021-07-06;4739;11753;806697;551023;48.3;33.0
93;2021-07-07;5006;11411;811703;562434;48.6;33.7
93;2021-07-08;4993;10261;816696;572695;48.9;34.3
93;2021-07-09;5880;13023;822576;585718;49.3;35.1
93;2021-07-10;5874;14278;828450;599996;49.6;35.9
93;2021-07-11;3685;9082;832135;609078;49.8;36.5
93;2021-07-12;5525;12067;837660;621145;50.2;37.2
93;2021-07-13;11064;13279;848724;634424;50.8;38.0
93;2021-07-14;10609;6789;859333;641213;51.5;38.4
93;2021-07-15;12444;14116;871777;655329;52.2;39.2
93;2021-07-16;13074;13672;884851;669001;53.0;40.1
93;2021-07-17;11339;13906;896190;682907;53.7;40.9
93;2021-07-18;7392;8946;903582;691853;54.1;41.4
93;2021-07-19;9567;10912;913149;702765;54.7;42.1
93;2021-07-20;12538;10664;925687;713429;55.4;42.7
93;2021-07-21;14168;10920;939855;724349;56.3;43.4
93;2021-07-22;14070;9438;953925;733787;57.1;43.9
93;2021-07-23;14474;10618;968399;744405;58.0;44.6
93;2021-07-24;13853;10617;982252;755022;58.8;45.2
93;2021-07-25;8969;6333;991221;761355;59.3;45.6
93;2021-07-26;12482;7753;1003703;769108;60.1;46.1
93;2021-07-27;14899;7377;1018602;776485;61.0;46.5
93;2021-07-28;14774;8214;1033376;784699;61.9;47.0
93;2021-07-29;13333;7025;1046709;791724;62.7;47.4
93;2021-07-30;13579;7798;1060288;799522;63.5;47.9
93;2021-07-31;11990;7665;1072278;807187;64.2;48.3
93;2021-08-01;7136;4562;1079414;811749;64.6;48.6
93;2021-08-02;7533;5676;1086947;817425;65.1;48.9
93;2021-08-03;7114;6837;1094061;824262;65.5;49.4
93;2021-08-04;7422;7958;1101483;832220;66.0;49.8
93;2021-08-05;5650;6825;1107133;839045;66.3;50.2
93;2021-08-06;6735;8307;1113868;847352;66.7;50.7
93;2021-08-07;7186;9021;1121054;856373;67.1;51.3
93;2021-08-08;4323;5525;1125377;861898;67.4;51.6
93;2021-08-09;6567;8032;1131944;869930;67.8;52.1
93;2021-08-10;7092;8814;1139036;878744;68.2;52.6
93;2021-08-11;7278;9648;1146314;888392;68.6;53.2
93;2021-08-12;6172;8998;1152486;897390;69.0;53.7
93;2021-08-13;6209;8969;1158695;906359;69.4;54.3
93;2021-08-14;5742;10445;1164437;916804;69.7;54.9
93;2021-08-15;2653;3606;1167090;920410;69.9;55.1
93;2021-08-16;5384;11171;1172474;931581;70.2;55.8
93;2021-08-17;5775;10865;1178249;942446;70.5;56.4
93;2021-08-18;5337;11093;1183586;953539;70.9;57.1
93;2021-08-19;4343;9607;1187929;963146;71.1;57.7
94;2020-12-27;6;0;6;0;0.0;0.0
94;2020-12-28;10;0;16;0;0.0;0.0
94;2020-12-29;0;0;16;0;0.0;0.0
94;2020-12-30;1;0;17;0;0.0;0.0
94;2020-12-31;4;0;21;0;0.0;0.0
94;2021-01-01;4;0;25;0;0.0;0.0
94;2021-01-02;0;0;25;0;0.0;0.0
94;2021-01-03;2;0;27;0;0.0;0.0
94;2021-01-04;35;2;62;2;0.0;0.0
94;2021-01-05;231;2;293;4;0.0;0.0
94;2021-01-06;332;4;625;8;0.0;0.0
94;2021-01-07;690;11;1315;19;0.1;0.0
94;2021-01-08;922;10;2237;29;0.2;0.0
94;2021-01-09;47;0;2284;29;0.2;0.0
94;2021-01-10;18;0;2302;29;0.2;0.0
94;2021-01-11;1013;9;3315;38;0.2;0.0
94;2021-01-12;1345;26;4660;64;0.3;0.0
94;2021-01-13;1407;24;6067;88;0.4;0.0
94;2021-01-14;1540;27;7607;115;0.5;0.0
94;2021-01-15;1219;22;8826;137;0.6;0.0
94;2021-01-16;197;2;9023;139;0.6;0.0
94;2021-01-17;95;1;9118;140;0.6;0.0
94;2021-01-18;1490;28;10608;168;0.8;0.0
94;2021-01-19;1951;27;12559;195;0.9;0.0
94;2021-01-20;2181;20;14740;215;1.0;0.0
94;2021-01-21;3001;16;17741;231;1.3;0.0
94;2021-01-22;2175;19;19916;250;1.4;0.0
94;2021-01-23;732;3;20648;253;1.5;0.0
94;2021-01-24;284;0;20932;253;1.5;0.0
94;2021-01-25;1467;22;22399;275;1.6;0.0
94;2021-01-26;1564;20;23963;295;1.7;0.0
94;2021-01-27;1808;27;25771;322;1.8;0.0
94;2021-01-28;1535;134;27306;456;1.9;0.0
94;2021-01-29;1378;149;28684;605;2.0;0.0
94;2021-01-30;580;4;29264;609;2.1;0.0
94;2021-01-31;120;8;29384;617;2.1;0.0
94;2021-02-01;928;154;30312;771;2.2;0.1
94;2021-02-02;852;255;31164;1026;2.2;0.1
94;2021-02-03;759;370;31923;1396;2.3;0.1
94;2021-02-04;901;434;32824;1830;2.3;0.1
94;2021-02-05;872;574;33696;2404;2.4;0.2
94;2021-02-06;405;75;34101;2479;2.4;0.2
94;2021-02-07;120;0;34221;2479;2.4;0.2
94;2021-02-08;633;549;34854;3028;2.5;0.2
94;2021-02-09;1036;988;35890;4016;2.6;0.3
94;2021-02-10;1101;1371;36991;5387;2.6;0.4
94;2021-02-11;1428;1560;38419;6947;2.7;0.5
94;2021-02-12;1388;1658;39807;8605;2.8;0.6
94;2021-02-13;300;263;40107;8868;2.9;0.6
94;2021-02-14;30;72;40137;8940;2.9;0.6
94;2021-02-15;752;1775;40889;10715;2.9;0.8
94;2021-02-16;702;2756;41591;13471;3.0;1.0
94;2021-02-17;715;1574;42306;15045;3.0;1.1
94;2021-02-18;787;1711;43093;16756;3.1;1.2
94;2021-02-19;967;1467;44060;18223;3.1;1.3
94;2021-02-20;133;925;44193;19148;3.1;1.4
94;2021-02-21;20;185;44213;19333;3.1;1.4
94;2021-02-22;521;1352;44734;20685;3.2;1.5
94;2021-02-23;624;1282;45358;21967;3.2;1.6
94;2021-02-24;693;925;46051;22892;3.3;1.6
94;2021-02-25;1069;1573;47120;24465;3.4;1.7
94;2021-02-26;1323;1075;48443;25540;3.4;1.8
94;2021-02-27;515;555;48958;26095;3.5;1.9
94;2021-02-28;91;84;49049;26179;3.5;1.9
94;2021-03-01;882;946;49931;27125;3.6;1.9
94;2021-03-02;1566;999;51497;28124;3.7;2.0
94;2021-03-03;1947;1027;53444;29151;3.8;2.1
94;2021-03-04;2859;1196;56303;30347;4.0;2.2
94;2021-03-05;3832;1359;60135;31706;4.3;2.3
94;2021-03-06;4815;587;64950;32293;4.6;2.3
94;2021-03-07;3688;572;68638;32865;4.9;2.3
94;2021-03-08;1915;809;70553;33674;5.0;2.4
94;2021-03-09;2554;937;73107;34611;5.2;2.5
94;2021-03-10;3199;1047;76306;35658;5.4;2.5
94;2021-03-11;3838;947;80144;36605;5.7;2.6
94;2021-03-12;4580;832;84724;37437;6.0;2.7
94;2021-03-13;4129;398;88853;37835;6.3;2.7
94;2021-03-14;2115;158;90968;37993;6.5;2.7
94;2021-03-15;3170;792;94138;38785;6.7;2.8
94;2021-03-16;2774;450;96912;39235;6.9;2.8
94;2021-03-17;2859;466;99771;39701;7.1;2.8
94;2021-03-18;3264;447;103035;40148;7.3;2.9
94;2021-03-19;4272;713;107307;40861;7.6;2.9
94;2021-03-20;3692;295;110999;41156;7.9;2.9
94;2021-03-21;1462;391;112461;41547;8.0;3.0
94;2021-03-22;3217;677;115678;42224;8.2;3.0
94;2021-03-23;4511;741;120189;42965;8.5;3.1
94;2021-03-24;4627;633;124816;43598;8.9;3.1
94;2021-03-25;6322;678;131138;44276;9.3;3.1
94;2021-03-26;6087;843;137225;45119;9.8;3.2
94;2021-03-27;4472;278;141697;45397;10.1;3.2
94;2021-03-28;1887;106;143584;45503;10.2;3.2
94;2021-03-29;4124;1234;147708;46737;10.5;3.3
94;2021-03-30;5300;1358;153008;48095;10.9;3.4
94;2021-03-31;4902;1817;157910;49912;11.2;3.5
94;2021-04-01;5823;2318;163733;52230;11.6;3.7
94;2021-04-02;5247;2337;168980;54567;12.0;3.9
94;2021-04-03;3087;2529;172067;57096;12.2;4.1
94;2021-04-04;1052;780;173119;57876;12.3;4.1
94;2021-04-05;835;162;173954;58038;12.4;4.1
94;2021-04-06;3574;2614;177528;60652;12.6;4.3
94;2021-04-07;3865;2274;181393;62926;12.9;4.5
94;2021-04-08;4623;2061;186016;64987;13.2;4.6
94;2021-04-09;5362;2483;191378;67470;13.6;4.8
94;2021-04-10;2960;3011;194338;70481;13.8;5.0
94;2021-04-11;1267;1770;195605;72251;13.9;5.1
94;2021-04-12;3439;2291;199044;74542;14.2;5.3
94;2021-04-13;4314;3429;203358;77971;14.5;5.5
94;2021-04-14;3904;2701;207262;80672;14.7;5.7
94;2021-04-15;4443;2993;211705;83665;15.1;6.0
94;2021-04-16;4705;2845;216410;86510;15.4;6.2
94;2021-04-17;2461;2769;218871;89279;15.6;6.3
94;2021-04-18;920;1248;219791;90527;15.6;6.4
94;2021-04-19;2976;2447;222767;92974;15.8;6.6
94;2021-04-20;3270;2712;226037;95686;16.1;6.8
94;2021-04-21;3218;3164;229255;98850;16.3;7.0
94;2021-04-22;3911;3650;233166;102500;16.6;7.3
94;2021-04-23;4115;3994;237281;106494;16.9;7.6
94;2021-04-24;4264;3410;241545;109904;17.2;7.8
94;2021-04-25;2409;1502;243954;111406;17.4;7.9
94;2021-04-26;4011;3280;247965;114686;17.6;8.2
94;2021-04-27;5093;3380;253058;118066;18.0;8.4
94;2021-04-28;4831;3635;257889;121701;18.3;8.7
94;2021-04-29;6416;3818;264305;125519;18.8;8.9
94;2021-04-30;6485;3944;270790;129463;19.3;9.2
94;2021-05-01;4057;1065;274847;130528;19.5;9.3
94;2021-05-02;3053;1473;277900;132001;19.8;9.4
94;2021-05-03;5736;5344;283636;137345;20.2;9.8
94;2021-05-04;6099;3573;289735;140918;20.6;10.0
94;2021-05-05;6183;3430;295918;144348;21.0;10.3
94;2021-05-06;7155;3541;303073;147889;21.6;10.5
94;2021-05-07;6671;4123;309744;152012;22.0;10.8
94;2021-05-08;4898;2553;314642;154565;22.4;11.0
94;2021-05-09;4226;2251;318868;156816;22.7;11.2
94;2021-05-10;7718;3134;326586;159950;23.2;11.4
94;2021-05-11;8974;3933;335560;163883;23.9;11.7
94;2021-05-12;9574;3606;345134;167489;24.5;11.9
94;2021-05-13;8677;1372;353811;168861;25.2;12.0
94;2021-05-14;9872;3326;363683;172187;25.9;12.2
94;2021-05-15;8943;2167;372626;174354;26.5;12.4
94;2021-05-16;5069;909;377695;175263;26.9;12.5
94;2021-05-17;10837;2256;388532;177519;27.6;12.6
94;2021-05-18;11298;2454;399830;179973;28.4;12.8
94;2021-05-19;11671;3598;411501;183571;29.3;13.1
94;2021-05-20;12153;4366;423654;187937;30.1;13.4
94;2021-05-21;11874;3162;435528;191099;31.0;13.6
94;2021-05-22;10292;1969;445820;193068;31.7;13.7
94;2021-05-23;5003;712;450823;193780;32.1;13.8
94;2021-05-24;9662;1349;460485;195129;32.8;13.9
94;2021-05-25;10003;4268;470488;199397;33.5;14.2
94;2021-05-26;10281;3314;480769;202711;34.2;14.4
94;2021-05-27;10865;4590;491634;207301;35.0;14.7
94;2021-05-28;10448;4956;502082;212257;35.7;15.1
94;2021-05-29;9875;3455;511957;215712;36.4;15.3
94;2021-05-30;4787;931;516744;216643;36.8;15.4
94;2021-05-31;9985;4239;526729;220882;37.5;15.7
94;2021-06-01;10317;5105;537046;225987;38.2;16.1
94;2021-06-02;9356;4596;546402;230583;38.9;16.4
94;2021-06-03;9564;5603;555966;236186;39.5;16.8
94;2021-06-04;10415;6538;566381;242724;40.3;17.3
94;2021-06-05;9200;6260;575581;248984;40.9;17.7
94;2021-06-06;3984;1851;579565;250835;41.2;17.8
94;2021-06-07;8677;5977;588242;256812;41.8;18.3
94;2021-06-08;9011;7537;597253;264349;42.5;18.8
94;2021-06-09;8950;8164;606203;272513;43.1;19.4
94;2021-06-10;8804;10983;615007;283496;43.7;20.2
94;2021-06-11;7852;8390;622859;291886;44.3;20.8
94;2021-06-12;10263;6844;633122;298730;45.0;21.2
94;2021-06-13;3470;3258;636592;301988;45.3;21.5
94;2021-06-14;6964;8216;643556;310204;45.8;22.1
94;2021-06-15;7735;8814;651291;319018;46.3;22.7
94;2021-06-16;7242;8275;658533;327293;46.8;23.3
94;2021-06-17;6702;9073;665235;336366;47.3;23.9
94;2021-06-18;6583;11958;671818;348324;47.8;24.8
94;2021-06-19;6012;9592;677830;357916;48.2;25.5
94;2021-06-20;1889;4012;679719;361928;48.3;25.7
94;2021-06-21;4532;11186;684251;373114;48.7;26.5
94;2021-06-22;4842;10812;689093;383926;49.0;27.3
94;2021-06-23;4174;11158;693267;395084;49.3;28.1
94;2021-06-24;4968;10336;698235;405420;49.7;28.8
94;2021-06-25;4288;13740;702523;419160;50.0;29.8
94;2021-06-26;3136;11992;705659;431152;50.2;30.7
94;2021-06-27;1059;4997;706718;436149;50.3;31.0
94;2021-06-28;3492;12077;710210;448226;50.5;31.9
94;2021-06-29;4047;12179;714257;460405;50.8;32.7
94;2021-06-30;4419;11644;718676;472049;51.1;33.6
94;2021-07-01;5049;11106;723725;483155;51.5;34.4
94;2021-07-02;5490;12195;729215;495350;51.9;35.2
94;2021-07-03;3704;11805;732919;507155;52.1;36.1
94;2021-07-04;1514;5082;734433;512237;52.2;36.4
94;2021-07-05;4327;11431;738760;523668;52.5;37.2
94;2021-07-06;4389;10892;743149;534560;52.9;38.0
94;2021-07-07;4969;11074;748118;545634;53.2;38.8
94;2021-07-08;5021;10029;753139;555663;53.6;39.5
94;2021-07-09;5874;11867;759013;567530;54.0;40.4
94;2021-07-10;4073;11361;763086;578891;54.3;41.2
94;2021-07-11;1535;4716;764621;583607;54.4;41.5
94;2021-07-12;4223;11971;768844;595578;54.7;42.4
94;2021-07-13;6359;12033;775203;607611;55.1;43.2
94;2021-07-14;4135;5291;779338;612902;55.4;43.6
94;2021-07-15;7171;12364;786509;625266;55.9;44.5
94;2021-07-16;7363;11294;793872;636560;56.5;45.3
94;2021-07-17;5956;11313;799828;647873;56.9;46.1
94;2021-07-18;2601;4019;802429;651892;57.1;46.4
94;2021-07-19;6520;10434;808949;662326;57.5;47.1
94;2021-07-20;8256;10373;817205;672699;58.1;47.8
94;2021-07-21;8604;9564;825809;682263;58.7;48.5
94;2021-07-22;9500;9394;835309;691657;59.4;49.2
94;2021-07-23;8697;9387;844006;701044;60.0;49.9
94;2021-07-24;7133;8870;851139;709914;60.5;50.5
94;2021-07-25;2185;2736;853324;712650;60.7;50.7
94;2021-07-26;7758;8079;861082;720729;61.2;51.3
94;2021-07-27;8671;7121;869753;727850;61.9;51.8
94;2021-07-28;8798;6550;878551;734400;62.5;52.2
94;2021-07-29;8899;6341;887450;740741;63.1;52.7
94;2021-07-30;7706;6559;895156;747300;63.7;53.1
94;2021-07-31;7109;6290;902265;753590;64.2;53.6
94;2021-08-01;3147;1775;905412;755365;64.4;53.7
94;2021-08-02;6066;5456;911478;760821;64.8;54.1
94;2021-08-03;6136;5181;917614;766002;65.3;54.5
94;2021-08-04;6024;5109;923638;771111;65.7;54.8
94;2021-08-05;5708;5438;929346;776549;66.1;55.2
94;2021-08-06;5481;5803;934827;782352;66.5;55.6
94;2021-08-07;4195;4461;939022;786813;66.8;56.0
94;2021-08-08;1354;1700;940376;788513;66.9;56.1
94;2021-08-09;4819;6791;945195;795304;67.2;56.6
94;2021-08-10;5274;6508;950469;801812;67.6;57.0
94;2021-08-11;4187;5911;954656;807723;67.9;57.4
94;2021-08-12;4292;6465;958948;814188;68.2;57.9
94;2021-08-13;3639;5759;962587;819947;68.5;58.3
94;2021-08-14;2854;5723;965441;825670;68.7;58.7
94;2021-08-15;442;726;965883;826396;68.7;58.8
94;2021-08-16;3420;8245;969303;834641;68.9;59.4
94;2021-08-17;3316;8114;972619;842755;69.2;59.9
94;2021-08-18;3221;8585;975840;851340;69.4;60.5
94;2021-08-19;3233;6859;979073;858199;69.6;61.0
95;2020-12-27;3;0;3;0;0.0;0.0
95;2020-12-28;4;0;7;0;0.0;0.0
95;2020-12-29;0;0;7;0;0.0;0.0
95;2020-12-30;0;0;7;0;0.0;0.0
95;2020-12-31;2;0;9;0;0.0;0.0
95;2021-01-01;0;0;9;0;0.0;0.0
95;2021-01-02;13;0;22;0;0.0;0.0
95;2021-01-03;1;0;23;0;0.0;0.0
95;2021-01-04;48;0;71;0;0.0;0.0
95;2021-01-05;311;0;382;0;0.0;0.0
95;2021-01-06;192;0;574;0;0.0;0.0
95;2021-01-07;130;0;704;0;0.1;0.0
95;2021-01-08;277;1;981;1;0.1;0.0
95;2021-01-09;251;0;1232;1;0.1;0.0
95;2021-01-10;382;1;1614;2;0.1;0.0
95;2021-01-11;489;1;2103;3;0.2;0.0
95;2021-01-12;862;1;2965;4;0.2;0.0
95;2021-01-13;781;13;3746;17;0.3;0.0
95;2021-01-14;887;13;4633;30;0.4;0.0
95;2021-01-15;758;5;5391;35;0.4;0.0
95;2021-01-16;298;3;5689;38;0.5;0.0
95;2021-01-17;221;1;5910;39;0.5;0.0
95;2021-01-18;1337;5;7247;44;0.6;0.0
95;2021-01-19;1573;6;8820;50;0.7;0.0
95;2021-01-20;2038;5;10858;55;0.9;0.0
95;2021-01-21;1853;3;12711;58;1.0;0.0
95;2021-01-22;1326;5;14037;63;1.1;0.0
95;2021-01-23;648;0;14685;63;1.2;0.0
95;2021-01-24;181;0;14866;63;1.2;0.0
95;2021-01-25;796;37;15662;100;1.3;0.0
95;2021-01-26;987;160;16649;260;1.3;0.0
95;2021-01-27;1250;192;17899;452;1.4;0.0
95;2021-01-28;1719;36;19618;488;1.6;0.0
95;2021-01-29;1247;212;20865;700;1.7;0.1
95;2021-01-30;477;5;21342;705;1.7;0.1
95;2021-01-31;212;2;21554;707;1.7;0.1
95;2021-02-01;565;275;22119;982;1.8;0.1
95;2021-02-02;527;268;22646;1250;1.8;0.1
95;2021-02-03;612;519;23258;1769;1.9;0.1
95;2021-02-04;1065;370;24323;2139;1.9;0.2
95;2021-02-05;732;307;25055;2446;2.0;0.2
95;2021-02-06;335;255;25390;2701;2.0;0.2
95;2021-02-07;141;415;25531;3116;2.0;0.2
95;2021-02-08;764;345;26295;3461;2.1;0.3
95;2021-02-09;1131;1093;27426;4554;2.2;0.4
95;2021-02-10;1255;1410;28681;5964;2.3;0.5
95;2021-02-11;1386;1146;30067;7110;2.4;0.6
95;2021-02-12;1031;992;31098;8102;2.5;0.6
95;2021-02-13;329;319;31427;8421;2.5;0.7
95;2021-02-14;39;190;31466;8611;2.5;0.7
95;2021-02-15;425;1069;31891;9680;2.6;0.8
95;2021-02-16;493;925;32384;10605;2.6;0.8
95;2021-02-17;654;1141;33038;11746;2.6;0.9
95;2021-02-18;721;1694;33759;13440;2.7;1.1
95;2021-02-19;783;1309;34542;14749;2.8;1.2
95;2021-02-20;305;493;34847;15242;2.8;1.2
95;2021-02-21;165;320;35012;15562;2.8;1.2
95;2021-02-22;327;1024;35339;16586;2.8;1.3
95;2021-02-23;368;733;35707;17319;2.9;1.4
95;2021-02-24;309;884;36016;18203;2.9;1.5
95;2021-02-25;721;1133;36737;19336;2.9;1.5
95;2021-02-26;989;889;37726;20225;3.0;1.6
95;2021-02-27;365;434;38091;20659;3.1;1.7
95;2021-02-28;61;236;38152;20895;3.1;1.7
95;2021-03-01;770;593;38922;21488;3.1;1.7
95;2021-03-02;1320;856;40242;22344;3.2;1.8
95;2021-03-03;1596;985;41838;23329;3.4;1.9
95;2021-03-04;3192;1205;45030;24534;3.6;2.0
95;2021-03-05;3652;1102;48682;25636;3.9;2.1
95;2021-03-06;4004;502;52686;26138;4.2;2.1
95;2021-03-07;4220;323;56906;26461;4.6;2.1
95;2021-03-08;1541;871;58447;27332;4.7;2.2
95;2021-03-09;2621;504;61068;27836;4.9;2.2
95;2021-03-10;2341;855;63409;28691;5.1;2.3
95;2021-03-11;3136;1148;66545;29839;5.3;2.4
95;2021-03-12;3517;804;70062;30643;5.6;2.5
95;2021-03-13;3519;418;73581;31061;5.9;2.5
95;2021-03-14;1984;301;75565;31362;6.1;2.5
95;2021-03-15;2372;322;77937;31684;6.2;2.5
95;2021-03-16;1574;418;79511;32102;6.4;2.6
95;2021-03-17;2103;419;81614;32521;6.5;2.6
95;2021-03-18;2798;370;84412;32891;6.8;2.6
95;2021-03-19;3474;363;87886;33254;7.0;2.7
95;2021-03-20;2591;206;90477;33460;7.2;2.7
95;2021-03-21;1199;246;91676;33706;7.3;2.7
95;2021-03-22;2937;368;94613;34074;7.6;2.7
95;2021-03-23;3433;457;98046;34531;7.9;2.8
95;2021-03-24;3940;518;101986;35049;8.2;2.8
95;2021-03-25;5857;653;107843;35702;8.6;2.9
95;2021-03-26;5429;683;113272;36385;9.1;2.9
95;2021-03-27;3749;219;117021;36604;9.4;2.9
95;2021-03-28;1533;117;118554;36721;9.5;2.9
95;2021-03-29;2893;578;121447;37299;9.7;3.0
95;2021-03-30;3885;1240;125332;38539;10.0;3.1
95;2021-03-31;3658;1668;128990;40207;10.3;3.2
95;2021-04-01;5479;2273;134469;42480;10.8;3.4
95;2021-04-02;3547;2762;138016;45242;11.1;3.6
95;2021-04-03;2092;2488;140108;47730;11.2;3.8
95;2021-04-04;1245;1201;141353;48931;11.3;3.9
95;2021-04-05;594;64;141947;48995;11.4;3.9
95;2021-04-06;1856;1538;143803;50533;11.5;4.0
95;2021-04-07;4950;2186;148753;52719;11.9;4.2
95;2021-04-08;4897;2462;153650;55181;12.3;4.4
95;2021-04-09;5432;2339;159082;57520;12.7;4.6
95;2021-04-10;3708;1435;162790;58955;13.0;4.7
95;2021-04-11;1566;1036;164356;59991;13.2;4.8
95;2021-04-12;3252;1622;167608;61613;13.4;4.9
95;2021-04-13;3141;1685;170749;63298;13.7;5.1
95;2021-04-14;2747;1992;173496;65290;13.9;5.2
95;2021-04-15;3899;3339;177395;68629;14.2;5.5
95;2021-04-16;4064;3031;181459;71660;14.5;5.7
95;2021-04-17;2375;1757;183834;73417;14.7;5.9
95;2021-04-18;1508;1021;185342;74438;14.8;6.0
95;2021-04-19;2568;2370;187910;76808;15.1;6.2
95;2021-04-20;2120;2455;190030;79263;15.2;6.3
95;2021-04-21;3931;2636;193961;81899;15.5;6.6
95;2021-04-22;3411;4629;197372;86528;15.8;6.9
95;2021-04-23;2767;3563;200139;90091;16.0;7.2
95;2021-04-24;3570;2587;203709;92678;16.3;7.4
95;2021-04-25;1961;1549;205670;94227;16.5;7.5
95;2021-04-26;2749;2707;208419;96934;16.7;7.8
95;2021-04-27;3850;2176;212269;99110;17.0;7.9
95;2021-04-28;3889;2671;216158;101781;17.3;8.2
95;2021-04-29;6140;4549;222298;106330;17.8;8.5
95;2021-04-30;6902;2934;229200;109264;18.4;8.8
95;2021-05-01;2368;917;231568;110181;18.5;8.8
95;2021-05-02;2447;1498;234015;111679;18.7;8.9
95;2021-05-03;5125;1927;239140;113606;19.2;9.1
95;2021-05-04;6354;2721;245494;116327;19.7;9.3
95;2021-05-05;5146;3809;250640;120136;20.1;9.6
95;2021-05-06;8203;4927;258843;125063;20.7;10.0
95;2021-05-07;5775;4750;264618;129813;21.2;10.4
95;2021-05-08;5741;1530;270359;131343;21.7;10.5
95;2021-05-09;2827;1581;273186;132924;21.9;10.6
95;2021-05-10;9962;3186;283148;136110;22.7;10.9
95;2021-05-11;8447;3460;291595;139570;23.4;11.2
95;2021-05-12;9461;3219;301056;142789;24.1;11.4
95;2021-05-13;7955;1205;309011;143994;24.8;11.5
95;2021-05-14;7015;1909;316026;145903;25.3;11.7
95;2021-05-15;4512;1068;320538;146971;25.7;11.8
95;2021-05-16;4821;832;325359;147803;26.1;11.8
95;2021-05-17;7739;1348;333098;149151;26.7;11.9
95;2021-05-18;9466;1861;342564;151012;27.4;12.1
95;2021-05-19;9244;2508;351808;153520;28.2;12.3
95;2021-05-20;12583;2445;364391;155965;29.2;12.5
95;2021-05-21;10178;2537;374569;158502;30.0;12.7
95;2021-05-22;9399;1560;383968;160062;30.8;12.8
95;2021-05-23;4142;950;388110;161012;31.1;12.9
95;2021-05-24;2398;537;390508;161549;31.3;12.9
95;2021-05-25;7210;2079;397718;163628;31.9;13.1
95;2021-05-26;8850;3125;406568;166753;32.6;13.4
95;2021-05-27;10363;4432;416931;171185;33.4;13.7
95;2021-05-28;7686;4424;424617;175609;34.0;14.1
95;2021-05-29;5265;2764;429882;178373;34.4;14.3
95;2021-05-30;3732;1698;433614;180071;34.7;14.4
95;2021-05-31;6430;3325;440044;183396;35.2;14.7
95;2021-06-01;8783;3809;448827;187205;36.0;15.0
95;2021-06-02;8795;4745;457622;191950;36.7;15.4
95;2021-06-03;8526;6559;466148;198509;37.3;15.9
95;2021-06-04;8883;4405;475031;202914;38.1;16.3
95;2021-06-05;8341;3743;483372;206657;38.7;16.6
95;2021-06-06;4832;1610;488204;208267;39.1;16.7
95;2021-06-07;6058;4541;494262;212808;39.6;17.0
95;2021-06-08;6553;5517;500815;218325;40.1;17.5
95;2021-06-09;6267;6469;507082;224794;40.6;18.0
95;2021-06-10;6433;6815;513515;231609;41.1;18.6
95;2021-06-11;7230;6440;520745;238049;41.7;19.1
95;2021-06-12;6008;4375;526753;242424;42.2;19.4
95;2021-06-13;2084;3285;528837;245709;42.4;19.7
95;2021-06-14;5371;5990;534208;251699;42.8;20.2
95;2021-06-15;5748;8073;539956;259772;43.3;20.8
95;2021-06-16;5489;7533;545445;267305;43.7;21.4
95;2021-06-17;6606;8158;552051;275463;44.2;22.1
95;2021-06-18;5829;7855;557880;283318;44.7;22.7
95;2021-06-19;4969;8924;562849;292242;45.1;23.4
95;2021-06-20;1427;3310;564276;295552;45.2;23.7
95;2021-06-21;3543;7717;567819;303269;45.5;24.3
95;2021-06-22;5070;9045;572889;312314;45.9;25.0
95;2021-06-23;4779;10876;577668;323190;46.3;25.9
95;2021-06-24;4937;10721;582605;333911;46.7;26.7
95;2021-06-25;4888;10357;587493;344268;47.1;27.6
95;2021-06-26;4323;8483;591816;352751;47.4;28.3
95;2021-06-27;1032;3991;592848;356742;47.5;28.6
95;2021-06-28;2742;9489;595590;366231;47.7;29.3
95;2021-06-29;2535;8790;598125;375021;47.9;30.0
95;2021-06-30;3953;9993;602078;385014;48.2;30.8
95;2021-07-01;4552;11165;606630;396179;48.6;31.7
95;2021-07-02;4268;10546;610898;406725;48.9;32.6
95;2021-07-03;3538;9152;614436;415877;49.2;33.3
95;2021-07-04;1272;3403;615708;419280;49.3;33.6
95;2021-07-05;2349;4375;618057;423655;49.5;33.9
95;2021-07-06;2671;7746;620728;431401;49.7;34.6
95;2021-07-07;3961;9624;624689;441025;50.0;35.3
95;2021-07-08;5314;9817;630003;450842;50.5;36.1
95;2021-07-09;4553;10077;634556;460919;50.8;36.9
95;2021-07-10;3396;7388;637952;468307;51.1;37.5
95;2021-07-11;1520;3602;639472;471909;51.2;37.8
95;2021-07-12;2979;9683;642451;481592;51.5;38.6
95;2021-07-13;5053;10063;647504;491655;51.9;39.4
95;2021-07-14;4418;5726;651922;497381;52.2;39.8
95;2021-07-15;7380;12354;659302;509735;52.8;40.8
95;2021-07-16;7971;11982;667273;521717;53.5;41.8
95;2021-07-17;5050;7814;672323;529531;53.9;42.4
95;2021-07-18;3466;2898;675789;532429;54.1;42.7
95;2021-07-19;4833;6862;680622;539291;54.5;43.2
95;2021-07-20;6915;8377;687537;547668;55.1;43.9
95;2021-07-21;9220;9435;696757;557103;55.8;44.6
95;2021-07-22;10097;9704;706854;566807;56.6;45.4
95;2021-07-23;10865;10195;717719;577002;57.5;46.2
95;2021-07-24;5251;6234;722970;583236;57.9;46.7
95;2021-07-25;2186;2279;725156;585515;58.1;46.9
95;2021-07-26;4496;4011;729652;589526;58.4;47.2
95;2021-07-27;8423;7039;738075;596565;59.1;47.8
95;2021-07-28;9658;7536;747733;604101;59.9;48.4
95;2021-07-29;8370;5462;756103;609563;60.6;48.8
95;2021-07-30;8398;7759;764501;617322;61.2;49.5
95;2021-07-31;4203;4113;768704;621435;61.6;49.8
95;2021-08-01;2196;1366;770900;622801;61.8;49.9
95;2021-08-02;4102;3898;775002;626699;62.1;50.2
95;2021-08-03;6070;5512;781072;632211;62.6;50.6
95;2021-08-04;6412;6064;787484;638275;63.1;51.1
95;2021-08-05;6801;5721;794285;643996;63.6;51.6
95;2021-08-06;6453;7064;800738;651060;64.1;52.2
95;2021-08-07;2823;3197;803561;654257;64.4;52.4
95;2021-08-08;1326;1882;804887;656139;64.5;52.6
95;2021-08-09;3875;5036;808762;661175;64.8;53.0
95;2021-08-10;5186;5843;813948;667018;65.2;53.4
95;2021-08-11;5316;6542;819264;673560;65.6;54.0
95;2021-08-12;5180;6333;824444;679893;66.0;54.5
95;2021-08-13;3772;5441;828216;685334;66.3;54.9
95;2021-08-14;3540;3304;831756;688638;66.6;55.2
95;2021-08-15;269;347;832025;688985;66.6;55.2
95;2021-08-16;2784;6031;834809;695016;66.9;55.7
95;2021-08-17;3548;7241;838357;702257;67.2;56.3
95;2021-08-18;4200;8054;842557;710311;67.5;56.9
95;2021-08-19;3578;6515;846135;716826;67.8;57.4
971;2020-12-27;0;0;0;0;0.0;0.0
971;2020-12-28;0;0;0;0;0.0;0.0
971;2020-12-29;0;0;0;0;0.0;0.0
971;2020-12-30;0;0;0;0;0.0;0.0
971;2020-12-31;0;0;0;0;0.0;0.0
971;2021-01-01;1;0;1;0;0.0;0.0
971;2021-01-02;0;0;1;0;0.0;0.0
971;2021-01-03;0;0;1;0;0.0;0.0
971;2021-01-04;1;0;2;0;0.0;0.0
971;2021-01-05;0;0;2;0;0.0;0.0
971;2021-01-06;1;0;3;0;0.0;0.0
971;2021-01-07;0;0;3;0;0.0;0.0
971;2021-01-08;56;1;59;1;0.0;0.0
971;2021-01-09;20;0;79;1;0.0;0.0
971;2021-01-10;0;0;79;1;0.0;0.0
971;2021-01-11;60;0;139;1;0.0;0.0
971;2021-01-12;45;0;184;1;0.0;0.0
971;2021-01-13;47;1;231;2;0.1;0.0
971;2021-01-14;63;0;294;2;0.1;0.0
971;2021-01-15;77;0;371;2;0.1;0.0
971;2021-01-16;0;0;371;2;0.1;0.0
971;2021-01-17;0;0;371;2;0.1;0.0
971;2021-01-18;80;1;451;3;0.1;0.0
971;2021-01-19;145;0;596;3;0.2;0.0
971;2021-01-20;135;0;731;3;0.2;0.0
971;2021-01-21;154;1;885;4;0.2;0.0
971;2021-01-22;134;0;1019;4;0.3;0.0
971;2021-01-23;1;0;1020;4;0.3;0.0
971;2021-01-24;0;0;1020;4;0.3;0.0
971;2021-01-25;202;1;1222;5;0.3;0.0
971;2021-01-26;216;1;1438;6;0.4;0.0
971;2021-01-27;236;0;1674;6;0.4;0.0
971;2021-01-28;241;4;1915;10;0.5;0.0
971;2021-01-29;197;2;2112;12;0.6;0.0
971;2021-01-30;24;0;2136;12;0.6;0.0
971;2021-01-31;1;0;2137;12;0.6;0.0
971;2021-02-01;228;4;2365;16;0.6;0.0
971;2021-02-02;243;24;2608;40;0.7;0.0
971;2021-02-03;225;3;2833;43;0.8;0.0
971;2021-02-04;302;22;3135;65;0.8;0.0
971;2021-02-05;277;33;3412;98;0.9;0.0
971;2021-02-06;49;1;3461;99;0.9;0.0
971;2021-02-07;0;0;3461;99;0.9;0.0
971;2021-02-08;256;22;3717;121;1.0;0.0
971;2021-02-09;316;29;4033;150;1.1;0.0
971;2021-02-10;245;29;4278;179;1.1;0.0
971;2021-02-11;297;111;4575;290;1.2;0.1
971;2021-02-12;288;26;4863;316;1.3;0.1
971;2021-02-13;50;7;4913;323;1.3;0.1
971;2021-02-14;19;36;4932;359;1.3;0.1
971;2021-02-15;85;46;5017;405;1.3;0.1
971;2021-02-16;16;1;5033;406;1.3;0.1
971;2021-02-17;17;1;5050;407;1.3;0.1
971;2021-02-18;246;17;5296;424;1.4;0.1
971;2021-02-19;245;21;5541;445;1.5;0.1
971;2021-02-20;49;0;5590;445;1.5;0.1
971;2021-02-21;1;0;5591;445;1.5;0.1
971;2021-02-22;181;65;5772;510;1.5;0.1
971;2021-02-23;197;74;5969;584;1.6;0.2
971;2021-02-24;334;126;6303;710;1.7;0.2
971;2021-02-25;378;81;6681;791;1.8;0.2
971;2021-02-26;224;84;6905;875;1.8;0.2
971;2021-02-27;65;0;6970;875;1.8;0.2
971;2021-02-28;1;0;6971;875;1.8;0.2
971;2021-03-01;172;82;7143;957;1.9;0.3
971;2021-03-02;274;134;7417;1091;2.0;0.3
971;2021-03-03;240;121;7657;1212;2.0;0.3
971;2021-03-04;327;85;7984;1297;2.1;0.3
971;2021-03-05;365;152;8349;1449;2.2;0.4
971;2021-03-06;599;8;8948;1457;2.4;0.4
971;2021-03-07;1;0;8949;1457;2.4;0.4
971;2021-03-08;318;141;9267;1598;2.5;0.4
971;2021-03-09;387;156;9654;1754;2.6;0.5
971;2021-03-10;424;163;10078;1917;2.7;0.5
971;2021-03-11;123;46;10201;1963;2.7;0.5
971;2021-03-12;505;228;10706;2191;2.8;0.6
971;2021-03-13;137;3;10843;2194;2.9;0.6
971;2021-03-14;14;23;10857;2217;2.9;0.6
971;2021-03-15;424;46;11281;2263;3.0;0.6
971;2021-03-16;484;84;11765;2347;3.1;0.6
971;2021-03-17;470;73;12235;2420;3.2;0.6
971;2021-03-18;583;85;12818;2505;3.4;0.7
971;2021-03-19;582;91;13400;2596;3.6;0.7
971;2021-03-20;177;18;13577;2614;3.6;0.7
971;2021-03-21;8;0;13585;2614;3.6;0.7
971;2021-03-22;357;88;13942;2702;3.7;0.7
971;2021-03-23;538;157;14480;2859;3.8;0.8
971;2021-03-24;472;109;14952;2968;4.0;0.8
971;2021-03-25;759;183;15711;3151;4.2;0.8
971;2021-03-26;644;123;16355;3274;4.3;0.9
971;2021-03-27;289;35;16644;3309;4.4;0.9
971;2021-03-28;24;1;16668;3310;4.4;0.9
971;2021-03-29;384;83;17052;3393;4.5;0.9
971;2021-03-30;624;164;17676;3557;4.7;0.9
971;2021-03-31;546;134;18222;3691;4.8;1.0
971;2021-04-01;660;198;18882;3889;5.0;1.0
971;2021-04-02;38;35;18920;3924;5.0;1.0
971;2021-04-03;58;2;18978;3926;5.0;1.0
971;2021-04-04;4;18;18982;3944;5.0;1.0
971;2021-04-05;13;0;18995;3944;5.0;1.0
971;2021-04-06;481;193;19476;4137;5.2;1.1
971;2021-04-07;581;118;20057;4255;5.3;1.1
971;2021-04-08;512;161;20569;4416;5.5;1.2
971;2021-04-09;490;210;21059;4626;5.6;1.2
971;2021-04-10;101;4;21160;4630;5.6;1.2
971;2021-04-11;8;15;21168;4645;5.6;1.2
971;2021-04-12;304;263;21472;4908;5.7;1.3
971;2021-04-13;555;325;22027;5233;5.8;1.4
971;2021-04-14;436;224;22463;5457;6.0;1.4
971;2021-04-15;553;312;23016;5769;6.1;1.5
971;2021-04-16;564;274;23580;6043;6.3;1.6
971;2021-04-17;211;4;23791;6047;6.3;1.6
971;2021-04-18;6;14;23797;6061;6.3;1.6
971;2021-04-19;404;243;24201;6304;6.4;1.7
971;2021-04-20;726;345;24927;6649;6.6;1.8
971;2021-04-21;625;316;25552;6965;6.8;1.8
971;2021-04-22;811;335;26363;7300;7.0;1.9
971;2021-04-23;846;250;27209;7550;7.2;2.0
971;2021-04-24;389;75;27598;7625;7.3;2.0
971;2021-04-25;601;64;28199;7689;7.5;2.0
971;2021-04-26;966;217;29165;7906;7.7;2.1
971;2021-04-27;706;236;29871;8142;7.9;2.2
971;2021-04-28;864;266;30735;8408;8.2;2.2
971;2021-04-29;1202;207;31937;8615;8.5;2.3
971;2021-04-30;1269;189;33206;8804;8.8;2.3
971;2021-05-01;604;43;33810;8847;9.0;2.3
971;2021-05-02;354;18;34164;8865;9.1;2.4
971;2021-05-03;920;187;35084;9052;9.3;2.4
971;2021-05-04;959;207;36043;9259;9.6;2.5
971;2021-05-05;1014;252;37057;9511;9.8;2.5
971;2021-05-06;1146;175;38203;9686;10.1;2.6
971;2021-05-07;1262;272;39465;9958;10.5;2.6
971;2021-05-08;322;36;39787;9994;10.6;2.7
971;2021-05-09;183;10;39970;10004;10.6;2.7
971;2021-05-10;840;217;40810;10221;10.8;2.7
971;2021-05-11;964;317;41774;10538;11.1;2.8
971;2021-05-12;907;325;42681;10863;11.3;2.9
971;2021-05-13;211;79;42892;10942;11.4;2.9
971;2021-05-14;862;275;43754;11217;11.6;3.0
971;2021-05-15;486;15;44240;11232;11.7;3.0
971;2021-05-16;181;36;44421;11268;11.8;3.0
971;2021-05-17;720;278;45141;11546;12.0;3.1
971;2021-05-18;744;389;45885;11935;12.2;3.2
971;2021-05-19;700;530;46585;12465;12.4;3.3
971;2021-05-20;807;378;47392;12843;12.6;3.4
971;2021-05-21;822;409;48214;13252;12.8;3.5
971;2021-05-22;504;216;48718;13468;12.9;3.6
971;2021-05-23;201;114;48919;13582;13.0;3.6
971;2021-05-24;201;175;49120;13757;13.0;3.7
971;2021-05-25;548;664;49668;14421;13.2;3.8
971;2021-05-26;595;493;50263;14914;13.3;4.0
971;2021-05-27;132;183;50395;15097;13.4;4.0
971;2021-05-28;518;528;50913;15625;13.5;4.1
971;2021-05-29;235;138;51148;15763;13.6;4.2
971;2021-05-30;76;113;51224;15876;13.6;4.2
971;2021-05-31;449;537;51673;16413;13.7;4.4
971;2021-06-01;592;709;52265;17122;13.9;4.5
971;2021-06-02;577;707;52842;17829;14.0;4.7
971;2021-06-03;507;563;53349;18392;14.2;4.9
971;2021-06-04;808;805;54157;19197;14.4;5.1
971;2021-06-05;317;645;54474;19842;14.5;5.3
971;2021-06-06;137;530;54611;20372;14.5;5.4
971;2021-06-07;420;783;55031;21155;14.6;5.6
971;2021-06-08;498;894;55529;22049;14.7;5.9
971;2021-06-09;503;862;56032;22911;14.9;6.1
971;2021-06-10;537;847;56569;23758;15.0;6.3
971;2021-06-11;466;1242;57035;25000;15.1;6.6
971;2021-06-12;299;659;57334;25659;15.2;6.8
971;2021-06-13;129;313;57463;25972;15.2;6.9
971;2021-06-14;372;3789;57835;29761;15.3;7.9
971;2021-06-15;483;2000;58318;31761;15.5;8.4
971;2021-06-16;479;1477;58797;33238;15.6;8.8
971;2021-06-17;431;1013;59228;34251;15.7;9.1
971;2021-06-18;480;1019;59708;35270;15.8;9.4
971;2021-06-19;316;509;60024;35779;15.9;9.5
971;2021-06-20;111;231;60135;36010;16.0;9.6
971;2021-06-21;336;679;60471;36689;16.0;9.7
971;2021-06-22;330;873;60801;37562;16.1;10.0
971;2021-06-23;368;892;61169;38454;16.2;10.2
971;2021-06-24;416;734;61585;39188;16.3;10.4
971;2021-06-25;453;762;62038;39950;16.5;10.6
971;2021-06-26;301;514;62339;40464;16.5;10.7
971;2021-06-27;116;149;62455;40613;16.6;10.8
971;2021-06-28;303;688;62758;41301;16.7;11.0
971;2021-06-29;382;782;63140;42083;16.8;11.2
971;2021-06-30;437;923;63577;43006;16.9;11.4
971;2021-07-01;361;650;63938;43656;17.0;11.6
971;2021-07-02;423;692;64361;44348;17.1;11.8
971;2021-07-03;272;464;64633;44812;17.1;11.9
971;2021-07-04;112;239;64745;45051;17.2;12.0
971;2021-07-05;328;510;65073;45561;17.3;12.1
971;2021-07-06;380;765;65453;46326;17.4;12.3
971;2021-07-07;376;844;65829;47170;17.5;12.5
971;2021-07-08;410;790;66239;47960;17.6;12.7
971;2021-07-09;431;796;66670;48756;17.7;12.9
971;2021-07-10;245;294;66915;49050;17.8;13.0
971;2021-07-11;170;136;67085;49186;17.8;13.1
971;2021-07-12;477;608;67562;49794;17.9;13.2
971;2021-07-13;863;1010;68425;50804;18.2;13.5
971;2021-07-14;473;281;68898;51085;18.3;13.6
971;2021-07-15;868;839;69766;51924;18.5;13.8
971;2021-07-16;1086;1038;70852;52962;18.8;14.1
971;2021-07-17;649;441;71501;53403;19.0;14.2
971;2021-07-18;400;217;71901;53620;19.1;14.2
971;2021-07-19;573;581;72474;54201;19.2;14.4
971;2021-07-20;820;730;73294;54931;19.4;14.6
971;2021-07-21;761;495;74055;55426;19.6;14.7
971;2021-07-22;971;870;75026;56296;19.9;14.9
971;2021-07-23;1012;754;76038;57050;20.2;15.1
971;2021-07-24;413;379;76451;57429;20.3;15.2
971;2021-07-25;248;258;76699;57687;20.4;15.3
971;2021-07-26;632;558;77331;58245;20.5;15.5
971;2021-07-27;828;579;78159;58824;20.7;15.6
971;2021-07-28;784;648;78943;59472;20.9;15.8
971;2021-07-29;877;657;79820;60129;21.2;16.0
971;2021-07-30;1264;745;81084;60874;21.5;16.2
971;2021-07-31;551;410;81635;61284;21.7;16.3
971;2021-08-01;307;247;81942;61531;21.7;16.3
971;2021-08-02;749;419;82691;61950;21.9;16.4
971;2021-08-03;711;670;83402;62620;22.1;16.6
971;2021-08-04;657;664;84059;63284;22.3;16.8
971;2021-08-05;616;582;84675;63866;22.5;16.9
971;2021-08-06;894;629;85569;64495;22.7;17.1
971;2021-08-07;447;390;86016;64885;22.8;17.2
971;2021-08-08;271;313;86287;65198;22.9;17.3
971;2021-08-09;581;586;86868;65784;23.0;17.5
971;2021-08-10;737;798;87605;66582;23.2;17.7
971;2021-08-11;915;787;88520;67369;23.5;17.9
971;2021-08-12;923;785;89443;68154;23.7;18.1
971;2021-08-13;879;437;90322;68591;24.0;18.2
971;2021-08-14;620;696;90942;69287;24.1;18.4
971;2021-08-15;434;409;91376;69696;24.2;18.5
971;2021-08-16;753;731;92129;70427;24.4;18.7
971;2021-08-17;853;866;92982;71293;24.7;18.9
971;2021-08-18;1193;945;94175;72238;25.0;19.2
971;2021-08-19;1142;903;95317;73141;25.3;19.4
972;2020-12-27;0;0;0;0;0.0;0.0
972;2020-12-28;0;0;0;0;0.0;0.0
972;2020-12-29;0;0;0;0;0.0;0.0
972;2020-12-30;0;0;0;0;0.0;0.0
972;2020-12-31;0;0;0;0;0.0;0.0
972;2021-01-01;0;0;0;0;0.0;0.0
972;2021-01-02;0;0;0;0;0.0;0.0
972;2021-01-03;0;0;0;0;0.0;0.0
972;2021-01-04;0;0;0;0;0.0;0.0
972;2021-01-05;0;0;0;0;0.0;0.0
972;2021-01-06;5;0;5;0;0.0;0.0
972;2021-01-07;31;0;36;0;0.0;0.0
972;2021-01-08;90;1;126;1;0.0;0.0
972;2021-01-09;20;0;146;1;0.0;0.0
972;2021-01-10;0;0;146;1;0.0;0.0
972;2021-01-11;122;0;268;1;0.1;0.0
972;2021-01-12;79;0;347;1;0.1;0.0
972;2021-01-13;65;0;412;1;0.1;0.0
972;2021-01-14;88;1;500;2;0.1;0.0
972;2021-01-15;164;0;664;2;0.2;0.0
972;2021-01-16;51;0;715;2;0.2;0.0
972;2021-01-17;0;0;715;2;0.2;0.0
972;2021-01-18;158;0;873;2;0.2;0.0
972;2021-01-19;168;1;1041;3;0.3;0.0
972;2021-01-20;165;0;1206;3;0.3;0.0
972;2021-01-21;181;2;1387;5;0.4;0.0
972;2021-01-22;174;0;1561;5;0.4;0.0
972;2021-01-23;58;0;1619;5;0.5;0.0
972;2021-01-24;0;0;1619;5;0.5;0.0
972;2021-01-25;161;0;1780;5;0.5;0.0
972;2021-01-26;137;1;1917;6;0.5;0.0
972;2021-01-27;163;5;2080;11;0.6;0.0
972;2021-01-28;152;12;2232;23;0.6;0.0
972;2021-01-29;143;41;2375;64;0.7;0.0
972;2021-01-30;96;16;2471;80;0.7;0.0
972;2021-01-31;0;0;2471;80;0.7;0.0
972;2021-02-01;119;73;2590;153;0.7;0.0
972;2021-02-02;184;96;2774;249;0.8;0.1
972;2021-02-03;132;79;2906;328;0.8;0.1
972;2021-02-04;160;71;3066;399;0.9;0.1
972;2021-02-05;124;96;3190;495;0.9;0.1
972;2021-02-06;62;26;3252;521;0.9;0.1
972;2021-02-07;1;0;3253;521;0.9;0.1
972;2021-02-08;137;80;3390;601;0.9;0.2
972;2021-02-09;176;78;3566;679;1.0;0.2
972;2021-02-10;153;90;3719;769;1.0;0.2
972;2021-02-11;150;103;3869;872;1.1;0.2
972;2021-02-12;148;130;4017;1002;1.1;0.3
972;2021-02-13;47;37;4064;1039;1.1;0.3
972;2021-02-14;0;0;4064;1039;1.1;0.3
972;2021-02-15;51;67;4115;1106;1.1;0.3
972;2021-02-16;0;1;4115;1107;1.1;0.3
972;2021-02-17;1;3;4116;1110;1.1;0.3
972;2021-02-18;69;127;4185;1237;1.2;0.3
972;2021-02-19;69;131;4254;1368;1.2;0.4
972;2021-02-20;48;68;4302;1436;1.2;0.4
972;2021-02-21;0;0;4302;1436;1.2;0.4
972;2021-02-22;102;60;4404;1496;1.2;0.4
972;2021-02-23;113;237;4517;1733;1.3;0.5
972;2021-02-24;106;221;4623;1954;1.3;0.5
972;2021-02-25;93;151;4716;2105;1.3;0.6
972;2021-02-26;132;169;4848;2274;1.4;0.6
972;2021-02-27;69;52;4917;2326;1.4;0.6
972;2021-02-28;0;0;4917;2326;1.4;0.6
972;2021-03-01;137;144;5054;2470;1.4;0.7
972;2021-03-02;158;79;5212;2549;1.5;0.7
972;2021-03-03;179;145;5391;2694;1.5;0.8
972;2021-03-04;152;135;5543;2829;1.5;0.8
972;2021-03-05;238;128;5781;2957;1.6;0.8
972;2021-03-06;119;58;5900;3015;1.6;0.8
972;2021-03-07;100;3;6000;3018;1.7;0.8
972;2021-03-08;196;133;6196;3151;1.7;0.9
972;2021-03-09;283;101;6479;3252;1.8;0.9
972;2021-03-10;322;134;6801;3386;1.9;0.9
972;2021-03-11;336;81;7137;3467;2.0;1.0
972;2021-03-12;413;55;7550;3522;2.1;1.0
972;2021-03-13;155;21;7705;3543;2.1;1.0
972;2021-03-14;4;1;7709;3544;2.1;1.0
972;2021-03-15;277;90;7986;3634;2.2;1.0
972;2021-03-16;305;56;8291;3690;2.3;1.0
972;2021-03-17;388;48;8679;3738;2.4;1.0
972;2021-03-18;435;44;9114;3782;2.5;1.1
972;2021-03-19;401;63;9515;3845;2.7;1.1
972;2021-03-20;149;48;9664;3893;2.7;1.1
972;2021-03-21;25;1;9689;3894;2.7;1.1
972;2021-03-22;362;118;10051;4012;2.8;1.1
972;2021-03-23;403;122;10454;4134;2.9;1.2
972;2021-03-24;429;107;10883;4241;3.0;1.2
972;2021-03-25;485;99;11368;4340;3.2;1.2
972;2021-03-26;634;102;12002;4442;3.3;1.2
972;2021-03-27;154;71;12156;4513;3.4;1.3
972;2021-03-28;81;2;12237;4515;3.4;1.3
972;2021-03-29;422;164;12659;4679;3.5;1.3
972;2021-03-30;469;244;13128;4923;3.7;1.4
972;2021-03-31;1150;192;14278;5115;4.0;1.4
972;2021-04-01;955;171;15233;5286;4.2;1.5
972;2021-04-02;895;14;16128;5300;4.5;1.5
972;2021-04-03;788;55;16916;5355;4.7;1.5
972;2021-04-04;751;13;17667;5368;4.9;1.5
972;2021-04-05;829;45;18496;5413;5.2;1.5
972;2021-04-06;885;136;19381;5549;5.4;1.5
972;2021-04-07;1436;326;20817;5875;5.8;1.6
972;2021-04-08;1308;271;22125;6146;6.2;1.7
972;2021-04-09;1240;316;23365;6462;6.5;1.8
972;2021-04-10;838;165;24203;6627;6.7;1.8
972;2021-04-11;620;14;24823;6641;6.9;1.9
972;2021-04-12;867;317;25690;6958;7.2;1.9
972;2021-04-13;881;327;26571;7285;7.4;2.0
972;2021-04-14;960;321;27531;7606;7.7;2.1
972;2021-04-15;959;298;28490;7904;7.9;2.2
972;2021-04-16;994;300;29484;8204;8.2;2.3
972;2021-04-17;530;161;30014;8365;8.4;2.3
972;2021-04-18;339;56;30353;8421;8.5;2.3
972;2021-04-19;668;343;31021;8764;8.6;2.4
972;2021-04-20;868;309;31889;9073;8.9;2.5
972;2021-04-21;1002;354;32891;9427;9.2;2.6
972;2021-04-22;605;312;33496;9739;9.3;2.7
972;2021-04-23;613;465;34109;10204;9.5;2.8
972;2021-04-24;363;197;34472;10401;9.6;2.9
972;2021-04-25;168;199;34640;10600;9.7;3.0
972;2021-04-26;516;541;35156;11141;9.8;3.1
972;2021-04-27;568;608;35724;11749;10.0;3.3
972;2021-04-28;448;691;36172;12440;10.1;3.5
972;2021-04-29;653;642;36825;13082;10.3;3.6
972;2021-04-30;771;687;37596;13769;10.5;3.8
972;2021-05-01;244;246;37840;14015;10.5;3.9
972;2021-05-02;227;513;38067;14528;10.6;4.0
972;2021-05-03;569;771;38636;15299;10.8;4.3
972;2021-05-04;526;678;39162;15977;10.9;4.5
972;2021-05-05;547;896;39709;16873;11.1;4.7
972;2021-05-06;546;786;40255;17659;11.2;4.9
972;2021-05-07;629;1014;40884;18673;11.4;5.2
972;2021-05-08;226;526;41110;19199;11.5;5.4
972;2021-05-09;172;506;41282;19705;11.5;5.5
972;2021-05-10;519;857;41801;20562;11.7;5.7
972;2021-05-11;476;871;42277;21433;11.8;6.0
972;2021-05-12;559;910;42836;22343;11.9;6.2
972;2021-05-13;274;533;43110;22876;12.0;6.4
972;2021-05-14;389;752;43499;23628;12.1;6.6
972;2021-05-15;233;578;43732;24206;12.2;6.7
972;2021-05-16;155;442;43887;24648;12.2;6.9
972;2021-05-17;474;753;44361;25401;12.4;7.1
972;2021-05-18;446;680;44807;26081;12.5;7.3
972;2021-05-19;453;743;45260;26824;12.6;7.5
972;2021-05-20;594;500;45854;27324;12.8;7.6
972;2021-05-21;545;704;46399;28028;12.9;7.8
972;2021-05-22;186;364;46585;28392;13.0;7.9
972;2021-05-23;111;182;46696;28574;13.0;8.0
972;2021-05-24;136;241;46832;28815;13.1;8.0
972;2021-05-25;351;698;47183;29513;13.2;8.2
972;2021-05-26;382;714;47565;30227;13.3;8.4
972;2021-05-27;270;647;47835;30874;13.3;8.6
972;2021-05-28;279;816;48114;31690;13.4;8.8
972;2021-05-29;154;513;48268;32203;13.5;9.0
972;2021-05-30;17;33;48285;32236;13.5;9.0
972;2021-05-31;347;682;48632;32918;13.6;9.2
972;2021-06-01;300;547;48932;33465;13.6;9.3
972;2021-06-02;326;575;49258;34040;13.7;9.5
972;2021-06-03;247;425;49505;34465;13.8;9.6
972;2021-06-04;350;643;49855;35108;13.9;9.8
972;2021-06-05;260;373;50115;35481;14.0;9.9
972;2021-06-06;25;32;50140;35513;14.0;9.9
972;2021-06-07;260;736;50400;36249;14.0;10.1
972;2021-06-08;256;589;50656;36838;14.1;10.3
972;2021-06-09;303;699;50959;37537;14.2;10.5
972;2021-06-10;307;453;51266;37990;14.3;10.6
972;2021-06-11;361;534;51627;38524;14.4;10.7
972;2021-06-12;246;322;51873;38846;14.5;10.8
972;2021-06-13;32;29;51905;38875;14.5;10.8
972;2021-06-14;367;551;52272;39426;14.6;11.0
972;2021-06-15;410;488;52682;39914;14.7;11.1
972;2021-06-16;436;436;53118;40350;14.8;11.2
972;2021-06-17;355;576;53473;40926;14.9;11.4
972;2021-06-18;458;538;53931;41464;15.0;11.6
972;2021-06-19;225;196;54156;41660;15.1;11.6
972;2021-06-20;25;17;54181;41677;15.1;11.6
972;2021-06-21;332;581;54513;42258;15.2;11.8
972;2021-06-22;297;464;54810;42722;15.3;11.9
972;2021-06-23;425;562;55235;43284;15.4;12.1
972;2021-06-24;327;437;55562;43721;15.5;12.2
972;2021-06-25;313;387;55875;44108;15.6;12.3
972;2021-06-26;221;201;56096;44309;15.6;12.4
972;2021-06-27;16;23;56112;44332;15.6;12.4
972;2021-06-28;337;425;56449;44757;15.7;12.5
972;2021-06-29;329;431;56778;45188;15.8;12.6
972;2021-06-30;440;421;57218;45609;15.9;12.7
972;2021-07-01;350;393;57568;46002;16.0;12.8
972;2021-07-02;124;201;57692;46203;16.1;12.9
972;2021-07-03;100;118;57792;46321;16.1;12.9
972;2021-07-04;24;36;57816;46357;16.1;12.9
972;2021-07-05;494;580;58310;46937;16.3;13.1
972;2021-07-06;486;428;58796;47365;16.4;13.2
972;2021-07-07;610;493;59406;47858;16.6;13.3
972;2021-07-08;494;422;59900;48280;16.7;13.5
972;2021-07-09;627;582;60527;48862;16.9;13.6
972;2021-07-10;404;306;60931;49168;17.0;13.7
972;2021-07-11;52;38;60983;49206;17.0;13.7
972;2021-07-12;848;699;61831;49905;17.2;13.9
972;2021-07-13;1472;710;63303;50615;17.6;14.1
972;2021-07-14;133;63;63436;50678;17.7;14.1
972;2021-07-15;1604;680;65040;51358;18.1;14.3
972;2021-07-16;1638;655;66678;52013;18.6;14.5
972;2021-07-17;1094;368;67772;52381;18.9;14.6
972;2021-07-18;56;39;67828;52420;18.9;14.6
972;2021-07-19;1142;651;68970;53071;19.2;14.8
972;2021-07-20;1131;575;70101;53646;19.5;15.0
972;2021-07-21;1092;597;71193;54243;19.8;15.1
972;2021-07-22;903;518;72096;54761;20.1;15.3
972;2021-07-23;949;481;73045;55242;20.4;15.4
972;2021-07-24;499;222;73544;55464;20.5;15.5
972;2021-07-25;51;63;73595;55527;20.5;15.5
972;2021-07-26;680;513;74275;56040;20.7;15.6
972;2021-07-27;1023;510;75298;56550;21.0;15.8
972;2021-07-28;634;563;75932;57113;21.2;15.9
972;2021-07-29;833;542;76765;57655;21.4;16.1
972;2021-07-30;883;617;77648;58272;21.6;16.2
972;2021-07-31;556;269;78204;58541;21.8;16.3
972;2021-08-01;82;33;78286;58574;21.8;16.3
972;2021-08-02;804;811;79090;59385;22.0;16.6
972;2021-08-03;724;741;79814;60126;22.2;16.8
972;2021-08-04;758;567;80572;60693;22.5;16.9
972;2021-08-05;902;590;81474;61283;22.7;17.1
972;2021-08-06;1176;892;82650;62175;23.0;17.3
972;2021-08-07;667;570;83317;62745;23.2;17.5
972;2021-08-08;84;83;83401;62828;23.2;17.5
972;2021-08-09;1119;1063;84520;63891;23.6;17.8
972;2021-08-10;1188;1041;85708;64932;23.9;18.1
972;2021-08-11;1230;919;86938;65851;24.2;18.4
972;2021-08-12;1444;923;88382;66774;24.6;18.6
972;2021-08-13;1266;627;89648;67401;25.0;18.8
972;2021-08-14;746;311;90394;67712;25.2;18.9
972;2021-08-15;70;54;90464;67766;25.2;18.9
972;2021-08-16;1261;1039;91725;68805;25.6;19.2
972;2021-08-17;1135;1177;92860;69982;25.9;19.5
972;2021-08-18;1186;1168;94046;71150;26.2;19.8
972;2021-08-19;1110;864;95156;72014;26.5;20.1
973;2020-12-27;0;0;0;0;0.0;0.0
973;2020-12-28;0;0;0;0;0.0;0.0
973;2020-12-29;0;0;0;0;0.0;0.0
973;2020-12-30;0;0;0;0;0.0;0.0
973;2020-12-31;0;0;0;0;0.0;0.0
973;2021-01-01;0;0;0;0;0.0;0.0
973;2021-01-02;2;2;2;2;0.0;0.0
973;2021-01-03;0;0;2;2;0.0;0.0
973;2021-01-04;0;0;2;2;0.0;0.0
973;2021-01-05;0;0;2;2;0.0;0.0
973;2021-01-06;0;0;2;2;0.0;0.0
973;2021-01-07;0;0;2;2;0.0;0.0
973;2021-01-08;0;0;2;2;0.0;0.0
973;2021-01-09;0;0;2;2;0.0;0.0
973;2021-01-10;0;0;2;2;0.0;0.0
973;2021-01-11;0;0;2;2;0.0;0.0
973;2021-01-12;0;0;2;2;0.0;0.0
973;2021-01-13;30;0;32;2;0.0;0.0
973;2021-01-14;46;0;78;2;0.0;0.0
973;2021-01-15;35;0;113;2;0.0;0.0
973;2021-01-16;18;1;131;3;0.0;0.0
973;2021-01-17;0;0;131;3;0.0;0.0
973;2021-01-18;63;0;194;3;0.1;0.0
973;2021-01-19;150;1;344;4;0.1;0.0
973;2021-01-20;134;0;478;4;0.2;0.0
973;2021-01-21;118;0;596;4;0.2;0.0
973;2021-01-22;76;0;672;4;0.2;0.0
973;2021-01-23;0;0;672;4;0.2;0.0
973;2021-01-24;0;0;672;4;0.2;0.0
973;2021-01-25;56;0;728;4;0.3;0.0
973;2021-01-26;100;2;828;6;0.3;0.0
973;2021-01-27;109;1;937;7;0.3;0.0
973;2021-01-28;96;3;1033;10;0.4;0.0
973;2021-01-29;104;3;1137;13;0.4;0.0
973;2021-01-30;0;0;1137;13;0.4;0.0
973;2021-01-31;0;0;1137;13;0.4;0.0
973;2021-02-01;54;0;1191;13;0.4;0.0
973;2021-02-02;122;4;1313;17;0.5;0.0
973;2021-02-03;119;7;1432;24;0.5;0.0
973;2021-02-04;79;26;1511;50;0.5;0.0
973;2021-02-05;66;8;1577;58;0.5;0.0
973;2021-02-06;0;0;1577;58;0.5;0.0
973;2021-02-07;0;0;1577;58;0.5;0.0
973;2021-02-08;52;12;1629;70;0.6;0.0
973;2021-02-09;92;39;1721;109;0.6;0.0
973;2021-02-10;101;41;1822;150;0.6;0.1
973;2021-02-11;105;93;1927;243;0.7;0.1
973;2021-02-12;88;64;2015;307;0.7;0.1
973;2021-02-13;0;0;2015;307;0.7;0.1
973;2021-02-14;0;0;2015;307;0.7;0.1
973;2021-02-15;27;65;2042;372;0.7;0.1
973;2021-02-16;123;55;2165;427;0.7;0.1
973;2021-02-17;145;120;2310;547;0.8;0.2
973;2021-02-18;103;141;2413;688;0.8;0.2
973;2021-02-19;122;74;2535;762;0.9;0.3
973;2021-02-20;0;0;2535;762;0.9;0.3
973;2021-02-21;0;0;2535;762;0.9;0.3
973;2021-02-22;78;49;2613;811;0.9;0.3
973;2021-02-23;158;102;2771;913;1.0;0.3
973;2021-02-24;190;123;2961;1036;1.0;0.4
973;2021-02-25;259;92;3220;1128;1.1;0.4
973;2021-02-26;264;70;3484;1198;1.2;0.4
973;2021-02-27;120;1;3604;1199;1.2;0.4
973;2021-02-28;0;0;3604;1199;1.2;0.4
973;2021-03-01;180;87;3784;1286;1.3;0.4
973;2021-03-02;255;108;4039;1394;1.4;0.5
973;2021-03-03;255;132;4294;1526;1.5;0.5
973;2021-03-04;281;83;4575;1609;1.6;0.6
973;2021-03-05;274;48;4849;1657;1.7;0.6
973;2021-03-06;118;2;4967;1659;1.7;0.6
973;2021-03-07;0;0;4967;1659;1.7;0.6
973;2021-03-08;187;40;5154;1699;1.8;0.6
973;2021-03-09;350;93;5504;1792;1.9;0.6
973;2021-03-10;359;105;5863;1897;2.0;0.7
973;2021-03-11;270;112;6133;2009;2.1;0.7
973;2021-03-12;287;90;6420;2099;2.2;0.7
973;2021-03-13;112;4;6532;2103;2.2;0.7
973;2021-03-14;0;0;6532;2103;2.2;0.7
973;2021-03-15;181;27;6713;2130;2.3;0.7
973;2021-03-16;243;139;6956;2269;2.4;0.8
973;2021-03-17;274;129;7230;2398;2.5;0.8
973;2021-03-18;249;155;7479;2553;2.6;0.9
973;2021-03-19;283;128;7762;2681;2.7;0.9
973;2021-03-20;259;17;8021;2698;2.8;0.9
973;2021-03-21;119;2;8140;2700;2.8;0.9
973;2021-03-22;219;110;8359;2810;2.9;1.0
973;2021-03-23;275;194;8634;3004;3.0;1.0
973;2021-03-24;235;215;8869;3219;3.1;1.1
973;2021-03-25;168;180;9037;3399;3.1;1.2
973;2021-03-26;189;308;9226;3707;3.2;1.3
973;2021-03-27;58;94;9284;3801;3.2;1.3
973;2021-03-28;0;0;9284;3801;3.2;1.3
973;2021-03-29;175;248;9459;4049;3.3;1.4
973;2021-03-30;445;237;9904;4286;3.4;1.5
973;2021-03-31;320;293;10224;4579;3.5;1.6
973;2021-04-01;445;261;10669;4840;3.7;1.7
973;2021-04-02;307;279;10976;5119;3.8;1.8
973;2021-04-03;153;121;11129;5240;3.8;1.8
973;2021-04-04;1;0;11130;5240;3.8;1.8
973;2021-04-05;118;14;11248;5254;3.9;1.8
973;2021-04-06;438;335;11686;5589;4.0;1.9
973;2021-04-07;502;344;12188;5933;4.2;2.0
973;2021-04-08;514;269;12702;6202;4.4;2.1
973;2021-04-09;497;226;13199;6428;4.5;2.2
973;2021-04-10;146;90;13345;6518;4.6;2.2
973;2021-04-11;2;0;13347;6518;4.6;2.2
973;2021-04-12;551;268;13898;6786;4.8;2.3
973;2021-04-13;673;244;14571;7030;5.0;2.4
973;2021-04-14;721;313;15292;7343;5.3;2.5
973;2021-04-15;777;247;16069;7590;5.5;2.6
973;2021-04-16;760;301;16829;7891;5.8;2.7
973;2021-04-17;499;135;17328;8026;6.0;2.8
973;2021-04-18;499;45;17827;8071;6.1;2.8
973;2021-04-19;714;252;18541;8323;6.4;2.9
973;2021-04-20;606;278;19147;8601;6.6;3.0
973;2021-04-21;874;251;20021;8852;6.9;3.0
973;2021-04-22;728;230;20749;9082;7.1;3.1
973;2021-04-23;705;232;21454;9314;7.4;3.2
973;2021-04-24;524;97;21978;9411;7.6;3.2
973;2021-04-25;611;50;22589;9461;7.8;3.3
973;2021-04-26;780;232;23369;9693;8.0;3.3
973;2021-04-27;819;345;24188;10038;8.3;3.5
973;2021-04-28;745;331;24933;10369;8.6;3.6
973;2021-04-29;664;284;25597;10653;8.8;3.7
973;2021-04-30;710;261;26307;10914;9.0;3.8
973;2021-05-01;211;27;26518;10941;9.1;3.8
973;2021-05-02;602;85;27120;11026;9.3;3.8
973;2021-05-03;555;391;27675;11417;9.5;3.9
973;2021-05-04;666;325;28341;11742;9.7;4.0
973;2021-05-05;701;450;29042;12192;10.0;4.2
973;2021-05-06;694;475;29736;12667;10.2;4.4
973;2021-05-07;595;473;30331;13140;10.4;4.5
973;2021-05-08;343;59;30674;13199;10.6;4.5
973;2021-05-09;263;72;30937;13271;10.6;4.6
973;2021-05-10;440;612;31377;13883;10.8;4.8
973;2021-05-11;398;497;31775;14380;10.9;4.9
973;2021-05-12;513;648;32288;15028;11.1;5.2
973;2021-05-13;334;98;32622;15126;11.2;5.2
973;2021-05-14;486;554;33108;15680;11.4;5.4
973;2021-05-15;258;348;33366;16028;11.5;5.5
973;2021-05-16;208;210;33574;16238;11.5;5.6
973;2021-05-17;447;600;34021;16838;11.7;5.8
973;2021-05-18;563;568;34584;17406;11.9;6.0
973;2021-05-19;534;553;35118;17959;12.1;6.2
973;2021-05-20;642;452;35760;18411;12.3;6.3
973;2021-05-21;502;609;36262;19020;12.5;6.5
973;2021-05-22;167;501;36429;19521;12.5;6.7
973;2021-05-23;270;474;36699;19995;12.6;6.9
973;2021-05-24;562;248;37261;20243;12.8;7.0
973;2021-05-25;500;744;37761;20987;13.0;7.2
973;2021-05-26;449;683;38210;21670;13.1;7.5
973;2021-05-27;706;525;38916;22195;13.4;7.6
973;2021-05-28;580;553;39496;22748;13.6;7.8
973;2021-05-29;257;360;39753;23108;13.7;7.9
973;2021-05-30;151;399;39904;23507;13.7;8.1
973;2021-05-31;356;574;40260;24081;13.8;8.3
973;2021-06-01;421;466;40681;24547;14.0;8.4
973;2021-06-02;562;555;41243;25102;14.2;8.6
973;2021-06-03;524;470;41767;25572;14.4;8.8
973;2021-06-04;599;495;42366;26067;14.6;9.0
973;2021-06-05;273;292;42639;26359;14.7;9.1
973;2021-06-06;211;300;42850;26659;14.7;9.2
973;2021-06-07;488;452;43338;27111;14.9;9.3
973;2021-06-08;546;313;43884;27424;15.1;9.4
973;2021-06-09;520;389;44404;27813;15.3;9.6
973;2021-06-10;357;291;44761;28104;15.4;9.7
973;2021-06-11;434;467;45195;28571;15.5;9.8
973;2021-06-12;170;283;45365;28854;15.6;9.9
973;2021-06-13;214;268;45579;29122;15.7;10.0
973;2021-06-14;377;549;45956;29671;15.8;10.2
973;2021-06-15;376;444;46332;30115;15.9;10.4
973;2021-06-16;483;459;46815;30574;16.1;10.5
973;2021-06-17;436;579;47251;31153;16.3;10.7
973;2021-06-18;394;565;47645;31718;16.4;10.9
973;2021-06-19;235;260;47880;31978;16.5;11.0
973;2021-06-20;127;270;48007;32248;16.5;11.1
973;2021-06-21;331;603;48338;32851;16.6;11.3
973;2021-06-22;370;462;48708;33313;16.8;11.5
973;2021-06-23;331;538;49039;33851;16.9;11.6
973;2021-06-24;442;500;49481;34351;17.0;11.8
973;2021-06-25;442;556;49923;34907;17.2;12.0
973;2021-06-26;172;320;50095;35227;17.2;12.1
973;2021-06-27;121;170;50216;35397;17.3;12.2
973;2021-06-28;316;593;50532;35990;17.4;12.4
973;2021-06-29;378;507;50910;36497;17.5;12.6
973;2021-06-30;403;680;51313;37177;17.7;12.8
973;2021-07-01;422;399;51735;37576;17.8;12.9
973;2021-07-02;489;524;52224;38100;18.0;13.1
973;2021-07-03;209;274;52433;38374;18.0;13.2
973;2021-07-04;86;243;52519;38617;18.1;13.3
973;2021-07-05;359;547;52878;39164;18.2;13.5
973;2021-07-06;348;472;53226;39636;18.3;13.6
973;2021-07-07;345;415;53571;40051;18.4;13.8
973;2021-07-08;298;329;53869;40380;18.5;13.9
973;2021-07-09;387;435;54256;40815;18.7;14.0
973;2021-07-10;165;277;54421;41092;18.7;14.1
973;2021-07-11;102;163;54523;41255;18.8;14.2
973;2021-07-12;398;497;54921;41752;18.9;14.4
973;2021-07-13;668;559;55589;42311;19.1;14.6
973;2021-07-14;389;161;55978;42472;19.3;14.6
973;2021-07-15;645;526;56623;42998;19.5;14.8
973;2021-07-16;591;486;57214;43484;19.7;15.0
973;2021-07-17;346;283;57560;43767;19.8;15.1
973;2021-07-18;251;122;57811;43889;19.9;15.1
973;2021-07-19;514;458;58325;44347;20.1;15.3
973;2021-07-20;551;491;58876;44838;20.3;15.4
973;2021-07-21;630;397;59506;45235;20.5;15.6
973;2021-07-22;651;450;60157;45685;20.7;15.7
973;2021-07-23;587;367;60744;46052;20.9;15.8
973;2021-07-24;322;240;61066;46292;21.0;15.9
973;2021-07-25;163;110;61229;46402;21.1;16.0
973;2021-07-26;426;345;61655;46747;21.2;16.1
973;2021-07-27;472;356;62127;47103;21.4;16.2
973;2021-07-28;388;371;62515;47474;21.5;16.3
973;2021-07-29;470;427;62985;47901;21.7;16.5
973;2021-07-30;435;403;63420;48304;21.8;16.6
973;2021-07-31;204;163;63624;48467;21.9;16.7
973;2021-08-01;139;132;63763;48599;21.9;16.7
973;2021-08-02;380;430;64143;49029;22.1;16.9
973;2021-08-03;411;402;64554;49431;22.2;17.0
973;2021-08-04;281;372;64835;49803;22.3;17.1
973;2021-08-05;319;355;65154;50158;22.4;17.3
973;2021-08-06;311;517;65465;50675;22.5;17.4
973;2021-08-07;161;267;65626;50942;22.6;17.5
973;2021-08-08;114;177;65740;51119;22.6;17.6
973;2021-08-09;314;471;66054;51590;22.7;17.7
973;2021-08-10;331;514;66385;52104;22.8;17.9
973;2021-08-11;514;507;66899;52611;23.0;18.1
973;2021-08-12;496;579;67395;53190;23.2;18.3
973;2021-08-13;334;232;67729;53422;23.3;18.4
973;2021-08-14;253;400;67982;53822;23.4;18.5
973;2021-08-15;121;139;68103;53961;23.4;18.6
973;2021-08-16;290;467;68393;54428;23.5;18.7
973;2021-08-17;343;396;68736;54824;23.6;18.9
973;2021-08-18;284;438;69020;55262;23.7;19.0
973;2021-08-19;306;477;69326;55739;23.8;19.2
974;2020-12-27;0;0;0;0;0.0;0.0
974;2020-12-28;0;0;0;0;0.0;0.0
974;2020-12-29;0;0;0;0;0.0;0.0
974;2020-12-30;0;0;0;0;0.0;0.0
974;2020-12-31;0;0;0;0;0.0;0.0
974;2021-01-01;1;0;1;0;0.0;0.0
974;2021-01-02;0;0;1;0;0.0;0.0
974;2021-01-03;0;0;1;0;0.0;0.0
974;2021-01-04;0;0;1;0;0.0;0.0
974;2021-01-05;2;0;3;0;0.0;0.0
974;2021-01-06;0;0;3;0;0.0;0.0
974;2021-01-07;0;0;3;0;0.0;0.0
974;2021-01-08;0;0;3;0;0.0;0.0
974;2021-01-09;1;0;4;0;0.0;0.0
974;2021-01-10;0;0;4;0;0.0;0.0
974;2021-01-11;0;0;4;0;0.0;0.0
974;2021-01-12;0;0;4;0;0.0;0.0
974;2021-01-13;0;0;4;0;0.0;0.0
974;2021-01-14;0;0;4;0;0.0;0.0
974;2021-01-15;333;0;337;0;0.0;0.0
974;2021-01-16;27;0;364;0;0.0;0.0
974;2021-01-17;0;0;364;0;0.0;0.0
974;2021-01-18;49;1;413;1;0.0;0.0
974;2021-01-19;393;0;806;1;0.1;0.0
974;2021-01-20;482;1;1288;2;0.1;0.0
974;2021-01-21;614;2;1902;4;0.2;0.0
974;2021-01-22;414;1;2316;5;0.3;0.0
974;2021-01-23;75;0;2391;5;0.3;0.0
974;2021-01-24;0;0;2391;5;0.3;0.0
974;2021-01-25;273;2;2664;7;0.3;0.0
974;2021-01-26;429;0;3093;7;0.4;0.0
974;2021-01-27;316;0;3409;7;0.4;0.0
974;2021-01-28;409;0;3818;7;0.4;0.0
974;2021-01-29;422;3;4240;10;0.5;0.0
974;2021-01-30;421;1;4661;11;0.5;0.0
974;2021-01-31;0;0;4661;11;0.5;0.0
974;2021-02-01;373;4;5034;15;0.6;0.0
974;2021-02-02;500;4;5534;19;0.6;0.0
974;2021-02-03;602;14;6136;33;0.7;0.0
974;2021-02-04;628;21;6764;54;0.8;0.0
974;2021-02-05;564;97;7328;151;0.9;0.0
974;2021-02-06;501;5;7829;156;0.9;0.0
974;2021-02-07;0;8;7829;164;0.9;0.0
974;2021-02-08;470;34;8299;198;1.0;0.0
974;2021-02-09;787;93;9086;291;1.1;0.0
974;2021-02-10;820;87;9906;378;1.2;0.0
974;2021-02-11;796;88;10702;466;1.2;0.1
974;2021-02-12;638;93;11340;559;1.3;0.1
974;2021-02-13;653;76;11993;635;1.4;0.1
974;2021-02-14;1;0;11994;635;1.4;0.1
974;2021-02-15;526;126;12520;761;1.5;0.1
974;2021-02-16;651;533;13171;1294;1.5;0.2
974;2021-02-17;592;326;13763;1620;1.6;0.2
974;2021-02-18;494;409;14257;2029;1.7;0.2
974;2021-02-19;497;319;14754;2348;1.7;0.3
974;2021-02-20;577;117;15331;2465;1.8;0.3
974;2021-02-21;0;0;15331;2465;1.8;0.3
974;2021-02-22;403;236;15734;2701;1.8;0.3
974;2021-02-23;607;240;16341;2941;1.9;0.3
974;2021-02-24;584;251;16925;3192;2.0;0.4
974;2021-02-25;647;295;17572;3487;2.0;0.4
974;2021-02-26;485;470;18057;3957;2.1;0.5
974;2021-02-27;384;467;18441;4424;2.1;0.5
974;2021-02-28;0;0;18441;4424;2.1;0.5
974;2021-03-01;293;385;18734;4809;2.2;0.6
974;2021-03-02;486;503;19220;5312;2.2;0.6
974;2021-03-03;757;537;19977;5849;2.3;0.7
974;2021-03-04;777;492;20754;6341;2.4;0.7
974;2021-03-05;729;523;21483;6864;2.5;0.8
974;2021-03-06;812;525;22295;7389;2.6;0.9
974;2021-03-07;0;0;22295;7389;2.6;0.9
974;2021-03-08;436;555;22731;7944;2.6;0.9
974;2021-03-09;671;770;23402;8714;2.7;1.0
974;2021-03-10;643;836;24045;9550;2.8;1.1
974;2021-03-11;701;630;24746;10180;2.9;1.2
974;2021-03-12;731;652;25477;10832;3.0;1.3
974;2021-03-13;669;600;26146;11432;3.0;1.3
974;2021-03-14;2;0;26148;11432;3.0;1.3
974;2021-03-15;507;495;26655;11927;3.1;1.4
974;2021-03-16;681;691;27336;12618;3.2;1.5
974;2021-03-17;848;529;28184;13147;3.3;1.5
974;2021-03-18;1022;512;29206;13659;3.4;1.6
974;2021-03-19;785;529;29991;14188;3.5;1.6
974;2021-03-20;578;594;30569;14782;3.6;1.7
974;2021-03-21;0;0;30569;14782;3.6;1.7
974;2021-03-22;566;466;31135;15248;3.6;1.8
974;2021-03-23;780;637;31915;15885;3.7;1.8
974;2021-03-24;792;644;32707;16529;3.8;1.9
974;2021-03-25;932;539;33639;17068;3.9;2.0
974;2021-03-26;922;451;34561;17519;4.0;2.0
974;2021-03-27;782;336;35343;17855;4.1;2.1
974;2021-03-28;1;0;35344;17855;4.1;2.1
974;2021-03-29;961;270;36305;18125;4.2;2.1
974;2021-03-30;884;495;37189;18620;4.3;2.2
974;2021-03-31;740;660;37929;19280;4.4;2.2
974;2021-04-01;718;708;38647;19988;4.5;2.3
974;2021-04-02;688;757;39335;20745;4.6;2.4
974;2021-04-03;699;698;40034;21443;4.7;2.5
974;2021-04-04;0;0;40034;21443;4.7;2.5
974;2021-04-05;0;0;40034;21443;4.7;2.5
974;2021-04-06;796;635;40830;22078;4.7;2.6
974;2021-04-07;1368;783;42198;22861;4.9;2.7
974;2021-04-08;1791;769;43989;23630;5.1;2.7
974;2021-04-09;1509;775;45498;24405;5.3;2.8
974;2021-04-10;1138;648;46636;25053;5.4;2.9
974;2021-04-11;2;0;46638;25053;5.4;2.9
974;2021-04-12;1238;545;47876;25598;5.6;3.0
974;2021-04-13;1440;751;49316;26349;5.7;3.1
974;2021-04-14;2070;764;51386;27113;6.0;3.2
974;2021-04-15;2506;954;53892;28067;6.3;3.3
974;2021-04-16;1935;783;55827;28850;6.5;3.4
974;2021-04-17;1290;603;57117;29453;6.6;3.4
974;2021-04-18;0;0;57117;29453;6.6;3.4
974;2021-04-19;1375;564;58492;30017;6.8;3.5
974;2021-04-20;1651;805;60143;30822;7.0;3.6
974;2021-04-21;2126;626;62269;31448;7.2;3.7
974;2021-04-22;2953;821;65222;32269;7.6;3.8
974;2021-04-23;2312;818;67534;33087;7.9;3.8
974;2021-04-24;1109;804;68643;33891;8.0;3.9
974;2021-04-25;3;0;68646;33891;8.0;3.9
974;2021-04-26;1173;914;69819;34805;8.1;4.0
974;2021-04-27;1686;1027;71505;35832;8.3;4.2
974;2021-04-28;2900;749;74405;36581;8.7;4.3
974;2021-04-29;3950;812;78355;37393;9.1;4.3
974;2021-04-30;3447;906;81802;38299;9.5;4.5
974;2021-05-01;2106;226;83908;38525;9.8;4.5
974;2021-05-02;1;0;83909;38525;9.8;4.5
974;2021-05-03;1865;574;85774;39099;10.0;4.5
974;2021-05-04;2127;1094;87901;40193;10.2;4.7
974;2021-05-05;3120;1642;91021;41835;10.6;4.9
974;2021-05-06;4005;1586;95026;43421;11.1;5.0
974;2021-05-07;3228;1526;98254;44947;11.4;5.2
974;2021-05-08;1574;503;99828;45450;11.6;5.3
974;2021-05-09;2;1;99830;45451;11.6;5.3
974;2021-05-10;2412;1000;102242;46451;11.9;5.4
974;2021-05-11;3652;1639;105894;48090;12.3;5.6
974;2021-05-12;4724;2398;110618;50488;12.9;5.9
974;2021-05-13;3556;596;114174;51084;13.3;5.9
974;2021-05-14;5277;2513;119451;53597;13.9;6.2
974;2021-05-15;3159;1537;122610;55134;14.3;6.4
974;2021-05-16;16;19;122626;55153;14.3;6.4
974;2021-05-17;2998;1499;125624;56652;14.6;6.6
974;2021-05-18;3764;1796;129388;58448;15.0;6.8
974;2021-05-19;4693;2417;134081;60865;15.6;7.1
974;2021-05-20;5139;2852;139220;63717;16.2;7.4
974;2021-05-21;4994;2636;144214;66353;16.8;7.7
974;2021-05-22;3370;1256;147584;67609;17.2;7.9
974;2021-05-23;5;3;147589;67612;17.2;7.9
974;2021-05-24;3645;1077;151234;68689;17.6;8.0
974;2021-05-25;4248;1912;155482;70601;18.1;8.2
974;2021-05-26;4992;2992;160474;73593;18.7;8.6
974;2021-05-27;4617;4097;165091;77690;19.2;9.0
974;2021-05-28;4385;3834;169476;81524;19.7;9.5
974;2021-05-29;2555;2455;172031;83979;20.0;9.8
974;2021-05-30;8;14;172039;83993;20.0;9.8
974;2021-05-31;2348;2253;174387;86246;20.3;10.0
974;2021-06-01;3301;2761;177688;89007;20.7;10.4
974;2021-06-02;3972;3363;181660;92370;21.1;10.7
974;2021-06-03;4043;3651;185703;96021;21.6;11.2
974;2021-06-04;3849;3760;189552;99781;22.0;11.6
974;2021-06-05;2214;1925;191766;101706;22.3;11.8
974;2021-06-06;1073;133;192839;101839;22.4;11.8
974;2021-06-07;2015;2527;194854;104366;22.7;12.1
974;2021-06-08;2558;3339;197412;107705;23.0;12.5
974;2021-06-09;2982;4834;200394;112539;23.3;13.1
974;2021-06-10;3413;4464;203807;117003;23.7;13.6
974;2021-06-11;2842;4622;206649;121625;24.0;14.1
974;2021-06-12;1727;3379;208376;125004;24.2;14.5
974;2021-06-13;1324;246;209700;125250;24.4;14.6
974;2021-06-14;1490;3183;211190;128433;24.6;14.9
974;2021-06-15;2058;3618;213248;132051;24.8;15.4
974;2021-06-16;2751;4655;215999;136706;25.1;15.9
974;2021-06-17;2521;4895;218520;141601;25.4;16.5
974;2021-06-18;2601;4893;221121;146494;25.7;17.0
974;2021-06-19;1304;3517;222425;150011;25.9;17.4
974;2021-06-20;632;288;223057;150299;25.9;17.5
974;2021-06-21;1265;3234;224322;153533;26.1;17.9
974;2021-06-22;1624;3763;225946;157296;26.3;18.3
974;2021-06-23;2255;4994;228201;162290;26.5;18.9
974;2021-06-24;2284;4070;230485;166360;26.8;19.3
974;2021-06-25;2188;4104;232673;170464;27.1;19.8
974;2021-06-26;1400;2711;234073;173175;27.2;20.1
974;2021-06-27;665;268;234738;173443;27.3;20.2
974;2021-06-28;1307;2479;236045;175922;27.4;20.5
974;2021-06-29;1757;2845;237802;178767;27.7;20.8
974;2021-06-30;2562;3846;240364;182613;28.0;21.2
974;2021-07-01;2698;3827;243062;186440;28.3;21.7
974;2021-07-02;2510;3713;245572;190153;28.6;22.1
974;2021-07-03;1614;2459;247186;192612;28.7;22.4
974;2021-07-04;882;1039;248068;193651;28.8;22.5
974;2021-07-05;1693;2222;249761;195873;29.0;22.8
974;2021-07-06;2576;2540;252337;198413;29.3;23.1
974;2021-07-07;2663;3137;255000;201550;29.7;23.4
974;2021-07-08;2410;3173;257410;204723;29.9;23.8
974;2021-07-09;2760;3427;260170;208150;30.3;24.2
974;2021-07-10;1621;2192;261791;210342;30.4;24.5
974;2021-07-11;729;1016;262520;211358;30.5;24.6
974;2021-07-12;1747;2603;264267;213961;30.7;24.9
974;2021-07-13;4429;3337;268696;217298;31.2;25.3
974;2021-07-14;3294;603;271990;217901;31.6;25.3
974;2021-07-15;5553;4017;277543;221918;32.3;25.8
974;2021-07-16;6235;3291;283778;225209;33.0;26.2
974;2021-07-17;4373;1908;288151;227117;33.5;26.4
974;2021-07-18;2673;763;290824;227880;33.8;26.5
974;2021-07-19;4647;2024;295471;229904;34.4;26.7
974;2021-07-20;6228;2425;301699;232329;35.1;27.0
974;2021-07-21;6722;2853;308421;235182;35.9;27.3
974;2021-07-22;7128;2806;315549;237988;36.7;27.7
974;2021-07-23;6621;2976;322170;240964;37.5;28.0
974;2021-07-24;3794;2052;325964;243016;37.9;28.3
974;2021-07-25;2521;757;328485;243773;38.2;28.3
974;2021-07-26;4352;2084;332837;245857;38.7;28.6
974;2021-07-27;5409;2554;338246;248411;39.3;28.9
974;2021-07-28;5366;2891;343612;251302;40.0;29.2
974;2021-07-29;5700;2799;349312;254101;40.6;29.5
974;2021-07-30;5829;2582;355141;256683;41.3;29.8
974;2021-07-31;3906;1636;359047;258319;41.8;30.0
974;2021-08-01;1882;715;360929;259034;42.0;30.1
974;2021-08-02;3374;1865;364303;260899;42.4;30.3
974;2021-08-03;4261;4075;368564;264974;42.9;30.8
974;2021-08-04;4832;4220;373396;269194;43.4;31.3
974;2021-08-05;4401;4669;377797;273863;43.9;31.8
974;2021-08-06;4045;5093;381842;278956;44.4;32.4
974;2021-08-07;2735;4044;384577;283000;44.7;32.9
974;2021-08-08;1469;2265;386046;285265;44.9;33.2
974;2021-08-09;2542;4531;388588;289796;45.2;33.7
974;2021-08-10;3747;4958;392335;294754;45.6;34.3
974;2021-08-11;4572;5427;396907;300181;46.2;34.9
974;2021-08-12;4669;5920;401576;306101;46.7;35.6
974;2021-08-13;4432;5825;406008;311926;47.2;36.3
974;2021-08-14;2556;4320;408564;316246;47.5;36.8
974;2021-08-15;1565;2176;410129;318422;47.7;37.0
974;2021-08-16;2325;4169;412454;322591;48.0;37.5
974;2021-08-17;3115;4526;415569;327117;48.3;38.0
974;2021-08-18;3244;5881;418813;332998;48.7;38.7
974;2021-08-19;3194;4865;422007;337863;49.1;39.3
975;2020-12-27;0;0;0;0;0.0;0.0
975;2020-12-28;0;0;0;0;0.0;0.0
975;2020-12-29;0;0;0;0;0.0;0.0
975;2020-12-30;0;0;0;0;0.0;0.0
975;2020-12-31;0;0;0;0;0.0;0.0
975;2021-01-01;0;0;0;0;0.0;0.0
975;2021-01-02;0;0;0;0;0.0;0.0
975;2021-01-03;0;0;0;0;0.0;0.0
975;2021-01-04;0;0;0;0;0.0;0.0
975;2021-01-05;0;0;0;0;0.0;0.0
975;2021-01-06;0;0;0;0;0.0;0.0
975;2021-01-07;0;0;0;0;0.0;0.0
975;2021-01-08;0;0;0;0;0.0;0.0
975;2021-01-09;0;0;0;0;0.0;0.0
975;2021-01-10;0;0;0;0;0.0;0.0
975;2021-01-11;0;0;0;0;0.0;0.0
975;2021-01-12;0;0;0;0;0.0;0.0
975;2021-01-13;0;0;0;0;0.0;0.0
975;2021-01-14;0;0;0;0;0.0;0.0
975;2021-01-15;0;0;0;0;0.0;0.0
975;2021-01-16;0;0;0;0;0.0;0.0
975;2021-01-17;0;0;0;0;0.0;0.0
975;2021-01-18;0;0;0;0;0.0;0.0
975;2021-01-19;0;0;0;0;0.0;0.0
975;2021-01-20;0;0;0;0;0.0;0.0
975;2021-01-21;0;0;0;0;0.0;0.0
975;2021-01-22;0;0;0;0;0.0;0.0
975;2021-01-23;0;0;0;0;0.0;0.0
975;2021-01-24;0;0;0;0;0.0;0.0
975;2021-01-25;0;0;0;0;0.0;0.0
975;2021-01-26;0;0;0;0;0.0;0.0
975;2021-01-27;0;0;0;0;0.0;0.0
975;2021-01-28;0;0;0;0;0.0;0.0
975;2021-01-29;0;0;0;0;0.0;0.0
975;2021-01-30;0;0;0;0;0.0;0.0
975;2021-01-31;0;0;0;0;0.0;0.0
975;2021-02-01;0;0;0;0;0.0;0.0
975;2021-02-02;0;0;0;0;0.0;0.0
975;2021-02-03;0;0;0;0;0.0;0.0
975;2021-02-04;0;0;0;0;0.0;0.0
975;2021-02-05;0;0;0;0;0.0;0.0
975;2021-02-06;0;0;0;0;0.0;0.0
975;2021-02-07;0;0;0;0;0.0;0.0
975;2021-02-08;0;0;0;0;0.0;0.0
975;2021-02-09;0;0;0;0;0.0;0.0
975;2021-02-10;0;0;0;0;0.0;0.0
975;2021-02-11;0;0;0;0;0.0;0.0
975;2021-02-12;0;0;0;0;0.0;0.0
975;2021-02-13;0;0;0;0;0.0;0.0
975;2021-02-14;0;0;0;0;0.0;0.0
975;2021-02-15;0;0;0;0;0.0;0.0
975;2021-02-16;0;0;0;0;0.0;0.0
975;2021-02-17;0;0;0;0;0.0;0.0
975;2021-02-18;0;0;0;0;0.0;0.0
975;2021-02-19;0;0;0;0;0.0;0.0
975;2021-02-20;0;0;0;0;0.0;0.0
975;2021-02-21;0;0;0;0;0.0;0.0
975;2021-02-22;0;0;0;0;0.0;0.0
975;2021-02-23;0;0;0;0;0.0;0.0
975;2021-02-24;0;0;0;0;0.0;0.0
975;2021-02-25;0;0;0;0;0.0;0.0
975;2021-02-26;0;0;0;0;0.0;0.0
975;2021-02-27;0;0;0;0;0.0;0.0
975;2021-02-28;0;0;0;0;0.0;0.0
975;2021-03-01;0;0;0;0;0.0;0.0
975;2021-03-02;0;0;0;0;0.0;0.0
975;2021-03-03;0;0;0;0;0.0;0.0
975;2021-03-04;0;0;0;0;0.0;0.0
975;2021-03-05;0;0;0;0;0.0;0.0
975;2021-03-06;0;0;0;0;0.0;0.0
975;2021-03-07;0;0;0;0;0.0;0.0
975;2021-03-08;0;0;0;0;0.0;0.0
975;2021-03-09;0;0;0;0;0.0;0.0
975;2021-03-10;0;0;0;0;0.0;0.0
975;2021-03-11;0;0;0;0;0.0;0.0
975;2021-03-12;0;0;0;0;0.0;0.0
975;2021-03-13;0;0;0;0;0.0;0.0
975;2021-03-14;0;0;0;0;0.0;0.0
975;2021-03-15;0;0;0;0;0.0;0.0
975;2021-03-16;0;0;0;0;0.0;0.0
975;2021-03-17;0;0;0;0;0.0;0.0
975;2021-03-18;0;0;0;0;0.0;0.0
975;2021-03-19;0;0;0;0;0.0;0.0
975;2021-03-20;0;0;0;0;0.0;0.0
975;2021-03-21;0;0;0;0;0.0;0.0
975;2021-03-22;0;0;0;0;0.0;0.0
975;2021-03-23;0;0;0;0;0.0;0.0
975;2021-03-24;0;0;0;0;0.0;0.0
975;2021-03-25;0;0;0;0;0.0;0.0
975;2021-03-26;0;0;0;0;0.0;0.0
975;2021-03-27;0;0;0;0;0.0;0.0
975;2021-03-28;0;0;0;0;0.0;0.0
975;2021-03-29;2;0;2;0;0.0;0.0
975;2021-03-30;0;0;2;0;0.0;0.0
975;2021-03-31;0;0;2;0;0.0;0.0
975;2021-04-01;0;0;2;0;0.0;0.0
975;2021-04-02;0;0;2;0;0.0;0.0
975;2021-04-03;0;0;2;0;0.0;0.0
975;2021-04-04;0;0;2;0;0.0;0.0
975;2021-04-05;0;0;2;0;0.0;0.0
975;2021-04-06;0;0;2;0;0.0;0.0
975;2021-04-07;0;0;2;0;0.0;0.0
975;2021-04-08;1;0;3;0;0.1;0.0
975;2021-04-09;0;0;3;0;0.1;0.0
975;2021-04-10;0;0;3;0;0.1;0.0
975;2021-04-11;0;0;3;0;0.1;0.0
975;2021-04-12;0;0;3;0;0.1;0.0
975;2021-04-13;0;0;3;0;0.1;0.0
975;2021-04-14;0;0;3;0;0.1;0.0
975;2021-04-15;0;0;3;0;0.1;0.0
975;2021-04-16;0;0;3;0;0.1;0.0
975;2021-04-17;0;0;3;0;0.1;0.0
975;2021-04-18;0;0;3;0;0.1;0.0
975;2021-04-19;0;0;3;0;0.1;0.0
975;2021-04-20;0;0;3;0;0.1;0.0
975;2021-04-21;0;0;3;0;0.1;0.0
975;2021-04-22;0;0;3;0;0.1;0.0
975;2021-04-23;0;0;3;0;0.1;0.0
975;2021-04-24;0;0;3;0;0.1;0.0
975;2021-04-25;0;0;3;0;0.1;0.0
975;2021-04-26;0;0;3;0;0.1;0.0
975;2021-04-27;0;0;3;0;0.1;0.0
975;2021-04-28;0;0;3;0;0.1;0.0
975;2021-04-29;0;0;3;0;0.1;0.0
975;2021-04-30;0;0;3;0;0.1;0.0
975;2021-05-01;0;0;3;0;0.1;0.0
975;2021-05-02;0;0;3;0;0.1;0.0
975;2021-05-03;0;0;3;0;0.1;0.0
975;2021-05-04;0;0;3;0;0.1;0.0
975;2021-05-05;0;0;3;0;0.1;0.0
975;2021-05-06;0;0;3;0;0.1;0.0
975;2021-05-07;0;0;3;0;0.1;0.0
975;2021-05-08;0;0;3;0;0.1;0.0
975;2021-05-09;0;0;3;0;0.1;0.0
975;2021-05-10;0;0;3;0;0.1;0.0
975;2021-05-11;0;0;3;0;0.1;0.0
975;2021-05-12;0;0;3;0;0.1;0.0
975;2021-05-13;0;0;3;0;0.1;0.0
975;2021-05-14;0;0;3;0;0.1;0.0
975;2021-05-15;0;0;3;0;0.1;0.0
975;2021-05-16;0;0;3;0;0.1;0.0
975;2021-05-17;0;0;3;0;0.1;0.0
975;2021-05-18;0;0;3;0;0.1;0.0
975;2021-05-19;0;0;3;0;0.1;0.0
975;2021-05-20;0;0;3;0;0.1;0.0
975;2021-05-21;0;0;3;0;0.1;0.0
975;2021-05-22;0;0;3;0;0.1;0.0
975;2021-05-23;0;0;3;0;0.1;0.0
975;2021-05-24;0;0;3;0;0.1;0.0
975;2021-05-25;0;0;3;0;0.1;0.0
975;2021-05-26;0;0;3;0;0.1;0.0
975;2021-05-27;0;0;3;0;0.1;0.0
975;2021-05-28;0;0;3;0;0.1;0.0
975;2021-05-29;0;2;3;2;0.1;0.0
975;2021-05-30;0;0;3;2;0.1;0.0
975;2021-05-31;0;0;3;2;0.1;0.0
975;2021-06-01;0;0;3;2;0.1;0.0
975;2021-06-02;0;0;3;2;0.1;0.0
975;2021-06-03;0;0;3;2;0.1;0.0
975;2021-06-04;0;0;3;2;0.1;0.0
975;2021-06-05;0;0;3;2;0.1;0.0
975;2021-06-06;0;0;3;2;0.1;0.0
975;2021-06-07;0;0;3;2;0.1;0.0
975;2021-06-08;0;0;3;2;0.1;0.0
975;2021-06-09;0;0;3;2;0.1;0.0
975;2021-06-10;0;0;3;2;0.1;0.0
975;2021-06-11;0;0;3;2;0.1;0.0
975;2021-06-12;0;0;3;2;0.1;0.0
975;2021-06-13;0;0;3;2;0.1;0.0
975;2021-06-14;0;0;3;2;0.1;0.0
975;2021-06-15;0;0;3;2;0.1;0.0
975;2021-06-16;0;0;3;2;0.1;0.0
975;2021-06-17;0;0;3;2;0.1;0.0
975;2021-06-18;0;0;3;2;0.1;0.0
975;2021-06-19;0;0;3;2;0.1;0.0
975;2021-06-20;0;0;3;2;0.1;0.0
975;2021-06-21;1;0;4;2;0.1;0.0
975;2021-06-22;0;0;4;2;0.1;0.0
975;2021-06-23;0;0;4;2;0.1;0.0
975;2021-06-24;0;0;4;2;0.1;0.0
975;2021-06-25;0;0;4;2;0.1;0.0
975;2021-06-26;0;0;4;2;0.1;0.0
975;2021-06-27;0;0;4;2;0.1;0.0
975;2021-06-28;0;0;4;2;0.1;0.0
975;2021-06-29;0;0;4;2;0.1;0.0
975;2021-06-30;0;0;4;2;0.1;0.0
975;2021-07-01;0;0;4;2;0.1;0.0
975;2021-07-02;0;0;4;2;0.1;0.0
975;2021-07-03;0;0;4;2;0.1;0.0
975;2021-07-04;0;0;4;2;0.1;0.0
975;2021-07-05;0;0;4;2;0.1;0.0
975;2021-07-06;1;0;5;2;0.1;0.0
975;2021-07-07;7;0;12;2;0.2;0.0
975;2021-07-08;0;0;12;2;0.2;0.0
975;2021-07-09;1;0;13;2;0.2;0.0
975;2021-07-10;0;0;13;2;0.2;0.0
975;2021-07-11;0;0;13;2;0.2;0.0
975;2021-07-12;1;0;14;2;0.2;0.0
975;2021-07-13;0;0;14;2;0.2;0.0
975;2021-07-14;0;0;14;2;0.2;0.0
975;2021-07-15;0;0;14;2;0.2;0.0
975;2021-07-16;0;0;14;2;0.2;0.0
975;2021-07-17;0;0;14;2;0.2;0.0
975;2021-07-18;0;0;14;2;0.2;0.0
975;2021-07-19;0;0;14;2;0.2;0.0
975;2021-07-20;0;0;14;2;0.2;0.0
975;2021-07-21;0;0;14;2;0.2;0.0
975;2021-07-22;0;0;14;2;0.2;0.0
975;2021-07-23;0;0;14;2;0.2;0.0
975;2021-07-24;0;0;14;2;0.2;0.0
975;2021-07-25;0;0;14;2;0.2;0.0
975;2021-07-26;0;0;14;2;0.2;0.0
975;2021-07-27;0;0;14;2;0.2;0.0
975;2021-07-28;0;0;14;2;0.2;0.0
975;2021-07-29;0;0;14;2;0.2;0.0
975;2021-07-30;0;0;14;2;0.2;0.0
975;2021-07-31;0;0;14;2;0.2;0.0
975;2021-08-01;0;0;14;2;0.2;0.0
975;2021-08-02;1;0;15;2;0.3;0.0
975;2021-08-03;0;0;15;2;0.3;0.0
975;2021-08-04;0;0;15;2;0.3;0.0
975;2021-08-05;0;0;15;2;0.3;0.0
975;2021-08-06;0;0;15;2;0.3;0.0
975;2021-08-07;0;0;15;2;0.3;0.0
975;2021-08-08;0;0;15;2;0.3;0.0
975;2021-08-09;0;0;15;2;0.3;0.0
975;2021-08-10;0;0;15;2;0.3;0.0
975;2021-08-11;0;0;15;2;0.3;0.0
975;2021-08-12;0;0;15;2;0.3;0.0
975;2021-08-13;0;0;15;2;0.3;0.0
975;2021-08-14;0;0;15;2;0.3;0.0
975;2021-08-15;0;0;15;2;0.3;0.0
975;2021-08-16;0;0;15;2;0.3;0.0
975;2021-08-17;0;0;15;2;0.3;0.0
975;2021-08-18;0;0;15;2;0.3;0.0
975;2021-08-19;0;1;15;3;0.3;0.1
976;2020-12-27;0;0;0;0;0.0;0.0
976;2020-12-28;0;0;0;0;0.0;0.0
976;2020-12-29;0;0;0;0;0.0;0.0
976;2020-12-30;0;0;0;0;0.0;0.0
976;2020-12-31;0;0;0;0;0.0;0.0
976;2021-01-01;0;0;0;0;0.0;0.0
976;2021-01-02;0;0;0;0;0.0;0.0
976;2021-01-03;0;0;0;0;0.0;0.0
976;2021-01-04;0;0;0;0;0.0;0.0
976;2021-01-05;0;0;0;0;0.0;0.0
976;2021-01-06;0;0;0;0;0.0;0.0
976;2021-01-07;0;0;0;0;0.0;0.0
976;2021-01-08;0;0;0;0;0.0;0.0
976;2021-01-09;0;0;0;0;0.0;0.0
976;2021-01-10;0;0;0;0;0.0;0.0
976;2021-01-11;9;0;9;0;0.0;0.0
976;2021-01-12;0;0;9;0;0.0;0.0
976;2021-01-13;0;0;9;0;0.0;0.0
976;2021-01-14;0;0;9;0;0.0;0.0
976;2021-01-15;1;0;10;0;0.0;0.0
976;2021-01-16;1;0;11;0;0.0;0.0
976;2021-01-17;0;0;11;0;0.0;0.0
976;2021-01-18;1;0;12;0;0.0;0.0
976;2021-01-19;0;0;12;0;0.0;0.0
976;2021-01-20;0;0;12;0;0.0;0.0
976;2021-01-21;1;1;13;1;0.0;0.0
976;2021-01-22;0;0;13;1;0.0;0.0
976;2021-01-23;1;0;14;1;0.0;0.0
976;2021-01-24;0;0;14;1;0.0;0.0
976;2021-01-25;143;3;157;4;0.1;0.0
976;2021-01-26;165;3;322;7;0.1;0.0
976;2021-01-27;250;3;572;10;0.2;0.0
976;2021-01-28;102;8;674;18;0.2;0.0
976;2021-01-29;231;2;905;20;0.3;0.0
976;2021-01-30;285;11;1190;31;0.4;0.0
976;2021-01-31;1;0;1191;31;0.4;0.0
976;2021-02-01;161;1;1352;32;0.5;0.0
976;2021-02-02;330;9;1682;41;0.6;0.0
976;2021-02-03;228;3;1910;44;0.7;0.0
976;2021-02-04;216;9;2126;53;0.8;0.0
976;2021-02-05;213;0;2339;53;0.8;0.0
976;2021-02-06;83;10;2422;63;0.9;0.0
976;2021-02-07;0;0;2422;63;0.9;0.0
976;2021-02-08;82;4;2504;67;0.9;0.0
976;2021-02-09;194;1;2698;68;1.0;0.0
976;2021-02-10;187;5;2885;73;1.0;0.0
976;2021-02-11;236;4;3121;77;1.1;0.0
976;2021-02-12;288;4;3409;81;1.2;0.0
976;2021-02-13;56;0;3465;81;1.2;0.0
976;2021-02-14;1;0;3466;81;1.2;0.0
976;2021-02-15;359;7;3825;88;1.4;0.0
976;2021-02-16;266;10;4091;98;1.5;0.0
976;2021-02-17;167;8;4258;106;1.5;0.0
976;2021-02-18;217;12;4475;118;1.6;0.0
976;2021-02-19;237;24;4712;142;1.7;0.1
976;2021-02-20;139;9;4851;151;1.7;0.1
976;2021-02-21;0;0;4851;151;1.7;0.1
976;2021-02-22;130;122;4981;273;1.8;0.1
976;2021-02-23;184;156;5165;429;1.8;0.2
976;2021-02-24;176;146;5341;575;1.9;0.2
976;2021-02-25;227;277;5568;852;2.0;0.3
976;2021-02-26;242;246;5810;1098;2.1;0.4
976;2021-02-27;0;0;5810;1098;2.1;0.4
976;2021-02-28;0;0;5810;1098;2.1;0.4
976;2021-03-01;145;259;5955;1357;2.1;0.5
976;2021-03-02;228;260;6183;1617;2.2;0.6
976;2021-03-03;202;190;6385;1807;2.3;0.6
976;2021-03-04;205;143;6590;1950;2.4;0.7
976;2021-03-05;224;116;6814;2066;2.4;0.7
976;2021-03-06;1;0;6815;2066;2.4;0.7
976;2021-03-07;0;0;6815;2066;2.4;0.7
976;2021-03-08;189;110;7004;2176;2.5;0.8
976;2021-03-09;391;163;7395;2339;2.6;0.8
976;2021-03-10;180;178;7575;2517;2.7;0.9
976;2021-03-11;167;207;7742;2724;2.8;1.0
976;2021-03-12;237;294;7979;3018;2.9;1.1
976;2021-03-13;2;0;7981;3018;2.9;1.1
976;2021-03-14;0;0;7981;3018;2.9;1.1
976;2021-03-15;157;294;8138;3312;2.9;1.2
976;2021-03-16;237;226;8375;3538;3.0;1.3
976;2021-03-17;264;144;8639;3682;3.1;1.3
976;2021-03-18;173;236;8812;3918;3.2;1.4
976;2021-03-19;173;298;8985;4216;3.2;1.5
976;2021-03-20;0;0;8985;4216;3.2;1.5
976;2021-03-21;0;0;8985;4216;3.2;1.5
976;2021-03-22;97;136;9082;4352;3.2;1.6
976;2021-03-23;136;239;9218;4591;3.3;1.6
976;2021-03-24;160;147;9378;4738;3.4;1.7
976;2021-03-25;185;206;9563;4944;3.4;1.8
976;2021-03-26;160;212;9723;5156;3.5;1.8
976;2021-03-27;18;0;9741;5156;3.5;1.8
976;2021-03-28;1;0;9742;5156;3.5;1.8
976;2021-03-29;0;2;9742;5158;3.5;1.8
976;2021-03-30;273;336;10015;5494;3.6;2.0
976;2021-03-31;225;125;10240;5619;3.7;2.0
976;2021-04-01;245;103;10485;5722;3.8;2.0
976;2021-04-02;289;262;10774;5984;3.9;2.1
976;2021-04-03;905;309;11679;6293;4.2;2.3
976;2021-04-04;2;0;11681;6293;4.2;2.3
976;2021-04-05;1;0;11682;6293;4.2;2.3
976;2021-04-06;162;277;11844;6570;4.2;2.4
976;2021-04-07;237;266;12081;6836;4.3;2.4
976;2021-04-08;285;140;12366;6976;4.4;2.5
976;2021-04-09;249;171;12615;7147;4.5;2.6
976;2021-04-10;181;114;12796;7261;4.6;2.6
976;2021-04-11;7;0;12803;7261;4.6;2.6
976;2021-04-12;0;19;12803;7280;4.6;2.6
976;2021-04-13;394;345;13197;7625;4.7;2.7
976;2021-04-14;239;205;13436;7830;4.8;2.8
976;2021-04-15;209;117;13645;7947;4.9;2.8
976;2021-04-16;214;127;13859;8074;5.0;2.9
976;2021-04-17;226;131;14085;8205;5.0;2.9
976;2021-04-18;1;0;14086;8205;5.0;2.9
976;2021-04-19;7;1;14093;8206;5.0;2.9
976;2021-04-20;369;223;14462;8429;5.2;3.0
976;2021-04-21;413;150;14875;8579;5.3;3.1
976;2021-04-22;410;150;15285;8729;5.5;3.1
976;2021-04-23;367;166;15652;8895;5.6;3.2
976;2021-04-24;413;128;16065;9023;5.7;3.2
976;2021-04-25;2;0;16067;9023;5.7;3.2
976;2021-04-26;55;8;16122;9031;5.8;3.2
976;2021-04-27;351;293;16473;9324;5.9;3.3
976;2021-04-28;357;513;16830;9837;6.0;3.5
976;2021-04-29;559;344;17389;10181;6.2;3.6
976;2021-04-30;405;238;17794;10419;6.4;3.7
976;2021-05-01;673;286;18467;10705;6.6;3.8
976;2021-05-02;0;0;18467;10705;6.6;3.8
976;2021-05-03;141;6;18608;10711;6.7;3.8
976;2021-05-04;353;426;18961;11137;6.8;4.0
976;2021-05-05;448;318;19409;11455;6.9;4.1
976;2021-05-06;320;202;19729;11657;7.1;4.2
976;2021-05-07;341;133;20070;11790;7.2;4.2
976;2021-05-08;305;139;20375;11929;7.3;4.3
976;2021-05-09;0;0;20375;11929;7.3;4.3
976;2021-05-10;9;9;20384;11938;7.3;4.3
976;2021-05-11;363;490;20747;12428;7.4;4.4
976;2021-05-12;334;310;21081;12738;7.5;4.6
976;2021-05-13;126;96;21207;12834;7.6;4.6
976;2021-05-14;0;0;21207;12834;7.6;4.6
976;2021-05-15;486;283;21693;13117;7.8;4.7
976;2021-05-16;1;0;21694;13117;7.8;4.7
976;2021-05-17;124;51;21818;13168;7.8;4.7
976;2021-05-18;517;430;22335;13598;8.0;4.9
976;2021-05-19;652;663;22987;14261;8.2;5.1
976;2021-05-20;1055;498;24042;14759;8.6;5.3
976;2021-05-21;1046;313;25088;15072;9.0;5.4
976;2021-05-22;1243;299;26331;15371;9.4;5.5
976;2021-05-23;0;0;26331;15371;9.4;5.5
976;2021-05-24;1;0;26332;15371;9.4;5.5
976;2021-05-25;890;623;27222;15994;9.7;5.7
976;2021-05-26;1036;842;28258;16836;10.1;6.0
976;2021-05-27;1325;512;29583;17348;10.6;6.2
976;2021-05-28;957;374;30540;17722;10.9;6.3
976;2021-05-29;1131;391;31671;18113;11.3;6.5
976;2021-05-30;1;1;31672;18114;11.3;6.5
976;2021-05-31;105;6;31777;18120;11.4;6.5
976;2021-06-01;1151;652;32928;18772;11.8;6.7
976;2021-06-02;1238;529;34166;19301;12.2;6.9
976;2021-06-03;809;351;34975;19652;12.5;7.0
976;2021-06-04;1001;323;35976;19975;12.9;7.1
976;2021-06-05;679;299;36655;20274;13.1;7.3
976;2021-06-06;1;0;36656;20274;13.1;7.3
976;2021-06-07;91;12;36747;20286;13.1;7.3
976;2021-06-08;958;444;37705;20730;13.5;7.4
976;2021-06-09;971;550;38676;21280;13.8;7.6
976;2021-06-10;702;231;39378;21511;14.1;7.7
976;2021-06-11;849;366;40227;21877;14.4;7.8
976;2021-06-12;585;276;40812;22153;14.6;7.9
976;2021-06-13;2;0;40814;22153;14.6;7.9
976;2021-06-14;187;112;41001;22265;14.7;8.0
976;2021-06-15;415;839;41416;23104;14.8;8.3
976;2021-06-16;892;1442;42308;24546;15.1;8.8
976;2021-06-17;792;660;43100;25206;15.4;9.0
976;2021-06-18;707;621;43807;25827;15.7;9.2
976;2021-06-19;538;643;44345;26470;15.9;9.5
976;2021-06-20;1;0;44346;26470;15.9;9.5
976;2021-06-21;128;132;44474;26602;15.9;9.5
976;2021-06-22;430;1150;44904;27752;16.1;9.9
976;2021-06-23;664;1186;45568;28938;16.3;10.4
976;2021-06-24;469;546;46037;29484;16.5;10.5
976;2021-06-25;543;478;46580;29962;16.7;10.7
976;2021-06-26;388;692;46968;30654;16.8;11.0
976;2021-06-27;1;0;46969;30654;16.8;11.0
976;2021-06-28;107;191;47076;30845;16.8;11.0
976;2021-06-29;730;974;47806;31819;17.1;11.4
976;2021-06-30;694;947;48500;32766;17.4;11.7
976;2021-07-01;580;546;49080;33312;17.6;11.9
976;2021-07-02;452;431;49532;33743;17.7;12.1
976;2021-07-03;446;421;49978;34164;17.9;12.2
976;2021-07-04;2;0;49980;34164;17.9;12.2
976;2021-07-05;121;224;50101;34388;17.9;12.3
976;2021-07-06;503;865;50604;35253;18.1;12.6
976;2021-07-07;771;1012;51375;36265;18.4;13.0
976;2021-07-08;808;634;52183;36899;18.7;13.2
976;2021-07-09;791;518;52974;37417;19.0;13.4
976;2021-07-10;441;320;53415;37737;19.1;13.5
976;2021-07-11;0;0;53415;37737;19.1;13.5
976;2021-07-12;164;172;53579;37909;19.2;13.6
976;2021-07-13;855;1001;54434;38910;19.5;13.9
976;2021-07-14;0;5;54434;38915;19.5;13.9
976;2021-07-15;1229;815;55663;39730;19.9;14.2
976;2021-07-16;1308;660;56971;40390;20.4;14.5
976;2021-07-17;1048;376;58019;40766;20.8;14.6
976;2021-07-18;0;0;58019;40766;20.8;14.6
976;2021-07-19;204;134;58223;40900;20.8;14.6
976;2021-07-20;1160;876;59383;41776;21.2;14.9
976;2021-07-21;32;28;59415;41804;21.3;15.0
976;2021-07-22;1127;660;60542;42464;21.7;15.2
976;2021-07-23;1206;543;61748;43007;22.1;15.4
976;2021-07-24;859;439;62607;43446;22.4;15.5
976;2021-07-25;0;0;62607;43446;22.4;15.5
976;2021-07-26;178;36;62785;43482;22.5;15.6
976;2021-07-27;1129;821;63914;44303;22.9;15.9
976;2021-07-28;1013;633;64927;44936;23.2;16.1
976;2021-07-29;1199;557;66126;45493;23.7;16.3
976;2021-07-30;1200;407;67326;45900;24.1;16.4
976;2021-07-31;760;274;68086;46174;24.4;16.5
976;2021-08-01;0;0;68086;46174;24.4;16.5
976;2021-08-02;309;179;68395;46353;24.5;16.6
976;2021-08-03;1500;930;69895;47283;25.0;16.9
976;2021-08-04;1820;810;71715;48093;25.7;17.2
976;2021-08-05;1461;498;73176;48591;26.2;17.4
976;2021-08-06;1676;500;74852;49091;26.8;17.6
976;2021-08-07;912;355;75764;49446;27.1;17.7
976;2021-08-08;6;1;75770;49447;27.1;17.7
976;2021-08-09;518;235;76288;49682;27.3;17.8
976;2021-08-10;1618;1376;77906;51058;27.9;18.3
976;2021-08-11;2024;1238;79930;52296;28.6;18.7
976;2021-08-12;1692;611;81622;52907;29.2;18.9
976;2021-08-13;1530;530;83152;53437;29.8;19.1
976;2021-08-14;827;450;83979;53887;30.0;19.3
976;2021-08-15;0;0;83979;53887;30.0;19.3
976;2021-08-16;537;287;84516;54174;30.2;19.4
976;2021-08-17;1784;1293;86300;55467;30.9;19.8
976;2021-08-18;2182;1203;88482;56670;31.7;20.3
976;2021-08-19;1941;539;90423;57209;32.4;20.5
977;2020-12-27;0;0;0;0;0.0;0.0
977;2020-12-28;0;0;0;0;0.0;0.0
977;2020-12-29;0;0;0;0;0.0;0.0
977;2020-12-30;0;0;0;0;0.0;0.0
977;2020-12-31;0;0;0;0;0.0;0.0
977;2021-01-01;0;0;0;0;0.0;0.0
977;2021-01-02;0;0;0;0;0.0;0.0
977;2021-01-03;0;0;0;0;0.0;0.0
977;2021-01-04;0;0;0;0;0.0;0.0
977;2021-01-05;0;0;0;0;0.0;0.0
977;2021-01-06;0;0;0;0;0.0;0.0
977;2021-01-07;0;0;0;0;0.0;0.0
977;2021-01-08;0;0;0;0;0.0;0.0
977;2021-01-09;0;0;0;0;0.0;0.0
977;2021-01-10;0;0;0;0;0.0;0.0
977;2021-01-11;0;0;0;0;0.0;0.0
977;2021-01-12;0;0;0;0;0.0;0.0
977;2021-01-13;0;0;0;0;0.0;0.0
977;2021-01-14;0;0;0;0;0.0;0.0
977;2021-01-15;0;0;0;0;0.0;0.0
977;2021-01-16;0;0;0;0;0.0;0.0
977;2021-01-17;0;0;0;0;0.0;0.0
977;2021-01-18;1;0;1;0;0.0;0.0
977;2021-01-19;0;0;1;0;0.0;0.0
977;2021-01-20;0;0;1;0;0.0;0.0
977;2021-01-21;12;0;13;0;0.1;0.0
977;2021-01-22;12;0;25;0;0.3;0.0
977;2021-01-23;0;0;25;0;0.3;0.0
977;2021-01-24;0;0;25;0;0.3;0.0
977;2021-01-25;0;0;25;0;0.3;0.0
977;2021-01-26;0;0;25;0;0.3;0.0
977;2021-01-27;12;0;37;0;0.4;0.0
977;2021-01-28;1;0;38;0;0.4;0.0
977;2021-01-29;6;0;44;0;0.4;0.0
977;2021-01-30;0;0;44;0;0.4;0.0
977;2021-01-31;0;0;44;0;0.4;0.0
977;2021-02-01;0;0;44;0;0.4;0.0
977;2021-02-02;0;0;44;0;0.4;0.0
977;2021-02-03;11;0;55;0;0.6;0.0
977;2021-02-04;12;0;67;0;0.7;0.0
977;2021-02-05;11;0;78;0;0.8;0.0
977;2021-02-06;0;0;78;0;0.8;0.0
977;2021-02-07;0;0;78;0;0.8;0.0
977;2021-02-08;0;0;78;0;0.8;0.0
977;2021-02-09;13;0;91;0;0.9;0.0
977;2021-02-10;0;0;91;0;0.9;0.0
977;2021-02-11;17;0;108;0;1.1;0.0
977;2021-02-12;45;0;153;0;1.5;0.0
977;2021-02-13;0;0;153;0;1.5;0.0
977;2021-02-14;0;0;153;0;1.5;0.0
977;2021-02-15;0;0;153;0;1.5;0.0
977;2021-02-16;0;0;153;0;1.5;0.0
977;2021-02-17;0;0;153;0;1.5;0.0
977;2021-02-18;18;0;171;0;1.7;0.0
977;2021-02-19;35;0;206;0;2.1;0.0
977;2021-02-20;0;0;206;0;2.1;0.0
977;2021-02-21;0;0;206;0;2.1;0.0
977;2021-02-22;0;0;206;0;2.1;0.0
977;2021-02-23;0;21;206;21;2.1;0.2
977;2021-02-24;0;0;206;21;2.1;0.2
977;2021-02-25;15;10;221;31;2.2;0.3
977;2021-02-26;33;20;254;51;2.5;0.5
977;2021-02-27;0;0;254;51;2.5;0.5
977;2021-02-28;0;0;254;51;2.5;0.5
977;2021-03-01;0;0;254;51;2.5;0.5
977;2021-03-02;19;11;273;62;2.7;0.6
977;2021-03-03;0;0;273;62;2.7;0.6
977;2021-03-04;16;12;289;74;2.9;0.7
977;2021-03-05;35;19;324;93;3.3;0.9
977;2021-03-06;0;0;324;93;3.3;0.9
977;2021-03-07;0;0;324;93;3.3;0.9
977;2021-03-08;0;0;324;93;3.3;0.9
977;2021-03-09;1;0;325;93;3.3;0.9
977;2021-03-10;0;0;325;93;3.3;0.9
977;2021-03-11;20;30;345;123;3.5;1.2
977;2021-03-12;62;41;407;164;4.1;1.6
977;2021-03-13;0;0;407;164;4.1;1.6
977;2021-03-14;0;0;407;164;4.1;1.6
977;2021-03-15;0;0;407;164;4.1;1.6
977;2021-03-16;30;9;437;173;4.4;1.7
977;2021-03-17;0;0;437;173;4.4;1.7
977;2021-03-18;30;16;467;189;4.7;1.9
977;2021-03-19;57;28;524;217;5.3;2.2
977;2021-03-20;0;0;524;217;5.3;2.2
977;2021-03-21;0;0;524;217;5.3;2.2
977;2021-03-22;0;0;524;217;5.3;2.2
977;2021-03-23;0;0;524;217;5.3;2.2
977;2021-03-24;0;0;524;217;5.3;2.2
977;2021-03-25;65;17;589;234;5.9;2.3
977;2021-03-26;73;26;662;260;6.6;2.6
977;2021-03-27;0;0;662;260;6.6;2.6
977;2021-03-28;0;0;662;260;6.6;2.6
977;2021-03-29;0;0;662;260;6.6;2.6
977;2021-03-30;40;18;702;278;7.0;2.8
977;2021-03-31;26;15;728;293;7.3;2.9
977;2021-04-01;25;32;753;325;7.6;3.3
977;2021-04-02;0;0;753;325;7.6;3.3
977;2021-04-03;0;0;753;325;7.6;3.3
977;2021-04-04;0;0;753;325;7.6;3.3
977;2021-04-05;9;0;762;325;7.6;3.3
977;2021-04-06;0;0;762;325;7.6;3.3
977;2021-04-07;0;0;762;325;7.6;3.3
977;2021-04-08;57;46;819;371;8.2;3.7
977;2021-04-09;58;31;877;402;8.8;4.0
977;2021-04-10;0;0;877;402;8.8;4.0
977;2021-04-11;0;0;877;402;8.8;4.0
977;2021-04-12;0;0;877;402;8.8;4.0
977;2021-04-13;0;0;877;402;8.8;4.0
977;2021-04-14;5;6;882;408;8.9;4.1
977;2021-04-15;56;70;938;478;9.4;4.8
977;2021-04-16;90;35;1028;513;10.3;5.2
977;2021-04-17;0;1;1028;514;10.3;5.2
977;2021-04-18;0;0;1028;514;10.3;5.2
977;2021-04-19;1;0;1029;514;10.3;5.2
977;2021-04-20;335;63;1364;577;13.7;5.8
977;2021-04-21;337;30;1701;607;17.1;6.1
977;2021-04-22;284;49;1985;656;19.9;6.6
977;2021-04-23;260;42;2245;698;22.5;7.0
977;2021-04-24;231;1;2476;699;24.9;7.0
977;2021-04-25;0;0;2476;699;24.9;7.0
977;2021-04-26;283;19;2759;718;27.7;7.2
977;2021-04-27;224;68;2983;786;29.9;7.9
977;2021-04-28;192;26;3175;812;31.9;8.2
977;2021-04-29;170;23;3345;835;33.6;8.4
977;2021-04-30;172;17;3517;852;35.3;8.6
977;2021-05-01;202;11;3719;863;37.3;8.7
977;2021-05-02;0;0;3719;863;37.3;8.7
977;2021-05-03;135;9;3854;872;38.7;8.8
977;2021-05-04;161;53;4015;925;40.3;9.3
977;2021-05-05;221;28;4236;953;42.5;9.6
977;2021-05-06;175;33;4411;986;44.3;9.9
977;2021-05-07;149;31;4560;1017;45.8;10.2
977;2021-05-08;1;0;4561;1017;45.8;10.2
977;2021-05-09;0;0;4561;1017;45.8;10.2
977;2021-05-10;0;0;4561;1017;45.8;10.2
977;2021-05-11;3;41;4564;1058;45.8;10.6
977;2021-05-12;6;36;4570;1094;45.9;11.0
977;2021-05-13;0;0;4570;1094;45.9;11.0
977;2021-05-14;28;98;4598;1192;46.2;12.0
977;2021-05-15;0;0;4598;1192;46.2;12.0
977;2021-05-16;1;0;4599;1192;46.2;12.0
977;2021-05-17;1;14;4600;1206;46.2;12.1
977;2021-05-18;17;32;4617;1238;46.4;12.4
977;2021-05-19;0;1;4617;1239;46.4;12.4
977;2021-05-20;0;8;4617;1247;46.4;12.5
977;2021-05-21;12;31;4629;1278;46.5;12.8
977;2021-05-22;0;0;4629;1278;46.5;12.8
977;2021-05-23;0;0;4629;1278;46.5;12.8
977;2021-05-24;0;0;4629;1278;46.5;12.8
977;2021-05-25;50;331;4679;1609;47.0;16.2
977;2021-05-26;54;360;4733;1969;47.5;19.8
977;2021-05-27;34;317;4767;2286;47.9;22.9
977;2021-05-28;27;256;4794;2542;48.1;25.5
977;2021-05-29;35;375;4829;2917;48.5;29.3
977;2021-05-30;1;0;4830;2917;48.5;29.3
977;2021-05-31;45;216;4875;3133;48.9;31.5
977;2021-06-01;48;227;4923;3360;49.4;33.7
977;2021-06-02;69;273;4992;3633;50.1;36.5
977;2021-06-03;41;252;5033;3885;50.5;39.0
977;2021-06-04;81;270;5114;4155;51.3;41.7
977;2021-06-05;1;0;5115;4155;51.4;41.7
977;2021-06-06;0;0;5115;4155;51.4;41.7
977;2021-06-07;1;1;5116;4156;51.4;41.7
977;2021-06-08;8;2;5124;4158;51.4;41.7
977;2021-06-09;0;3;5124;4161;51.4;41.8
977;2021-06-10;8;4;5132;4165;51.5;41.8
977;2021-06-11;4;8;5136;4173;51.6;41.9
977;2021-06-12;16;59;5152;4232;51.7;42.5
977;2021-06-13;0;0;5152;4232;51.7;42.5
977;2021-06-14;0;0;5152;4232;51.7;42.5
977;2021-06-15;0;1;5152;4233;51.7;42.5
977;2021-06-16;0;0;5152;4233;51.7;42.5
977;2021-06-17;2;6;5154;4239;51.7;42.6
977;2021-06-18;0;2;5154;4241;51.7;42.6
977;2021-06-19;25;49;5179;4290;52.0;43.1
977;2021-06-20;0;0;5179;4290;52.0;43.1
977;2021-06-21;1;2;5180;4292;52.0;43.1
977;2021-06-22;8;0;5188;4292;52.1;43.1
977;2021-06-23;15;9;5203;4301;52.2;43.2
977;2021-06-24;10;5;5213;4306;52.3;43.2
977;2021-06-25;0;0;5213;4306;52.3;43.2
977;2021-06-26;25;45;5238;4351;52.6;43.7
977;2021-06-27;0;0;5238;4351;52.6;43.7
977;2021-06-28;0;0;5238;4351;52.6;43.7
977;2021-06-29;0;0;5238;4351;52.6;43.7
977;2021-06-30;0;0;5238;4351;52.6;43.7
977;2021-07-01;27;36;5265;4387;52.9;44.0
977;2021-07-02;26;31;5291;4418;53.1;44.4
977;2021-07-03;27;213;5318;4631;53.4;46.5
977;2021-07-04;0;0;5318;4631;53.4;46.5
977;2021-07-05;4;8;5322;4639;53.4;46.6
977;2021-07-06;0;0;5322;4639;53.4;46.6
977;2021-07-07;8;0;5330;4639;53.5;46.6
977;2021-07-08;33;23;5363;4662;53.8;46.8
977;2021-07-09;23;32;5386;4694;54.1;47.1
977;2021-07-10;33;45;5419;4739;54.4;47.6
977;2021-07-11;0;0;5419;4739;54.4;47.6
977;2021-07-12;0;1;5419;4740;54.4;47.6
977;2021-07-13;10;10;5429;4750;54.5;47.7
977;2021-07-14;0;0;5429;4750;54.5;47.7
977;2021-07-15;1;11;5430;4761;54.5;47.8
977;2021-07-16;44;51;5474;4812;55.0;48.3
977;2021-07-17;34;39;5508;4851;55.3;48.7
977;2021-07-18;1;0;5509;4851;55.3;48.7
977;2021-07-19;3;2;5512;4853;55.3;48.7
977;2021-07-20;3;1;5515;4854;55.4;48.7
977;2021-07-21;33;16;5548;4870;55.7;48.9
977;2021-07-22;36;33;5584;4903;56.1;49.2
977;2021-07-23;32;29;5616;4932;56.4;49.5
977;2021-07-24;43;26;5659;4958;56.8;49.8
977;2021-07-25;0;0;5659;4958;56.8;49.8
977;2021-07-26;13;9;5672;4967;56.9;49.9
977;2021-07-27;0;10;5672;4977;56.9;50.0
977;2021-07-28;31;14;5703;4991;57.3;50.1
977;2021-07-29;33;32;5736;5023;57.6;50.4
977;2021-07-30;31;29;5767;5052;57.9;50.7
977;2021-07-31;53;24;5820;5076;58.4;51.0
977;2021-08-01;0;0;5820;5076;58.4;51.0
977;2021-08-02;11;1;5831;5077;58.5;51.0
977;2021-08-03;0;0;5831;5077;58.5;51.0
977;2021-08-04;40;14;5871;5091;58.9;51.1
977;2021-08-05;28;30;5899;5121;59.2;51.4
977;2021-08-06;35;35;5934;5156;59.6;51.8
977;2021-08-07;56;26;5990;5182;60.1;52.0
977;2021-08-08;0;0;5990;5182;60.1;52.0
977;2021-08-09;7;5;5997;5187;60.2;52.1
977;2021-08-10;14;8;6011;5195;60.3;52.2
977;2021-08-11;36;18;6047;5213;60.7;52.3
977;2021-08-12;24;30;6071;5243;60.9;52.6
977;2021-08-13;32;14;6103;5257;61.3;52.8
977;2021-08-14;20;27;6123;5284;61.5;53.0
977;2021-08-15;0;0;6123;5284;61.5;53.0
977;2021-08-16;14;31;6137;5315;61.6;53.4
977;2021-08-17;15;8;6152;5323;61.8;53.4
977;2021-08-18;24;27;6176;5350;62.0;53.7
977;2021-08-19;31;35;6207;5385;62.3;54.1
978;2020-12-27;0;0;0;0;0.0;0.0
978;2020-12-28;0;0;0;0;0.0;0.0
978;2020-12-29;0;0;0;0;0.0;0.0
978;2020-12-30;0;0;0;0;0.0;0.0
978;2020-12-31;0;0;0;0;0.0;0.0
978;2021-01-01;0;0;0;0;0.0;0.0
978;2021-01-02;0;0;0;0;0.0;0.0
978;2021-01-03;0;0;0;0;0.0;0.0
978;2021-01-04;0;0;0;0;0.0;0.0
978;2021-01-05;0;0;0;0;0.0;0.0
978;2021-01-06;0;0;0;0;0.0;0.0
978;2021-01-07;0;0;0;0;0.0;0.0
978;2021-01-08;0;0;0;0;0.0;0.0
978;2021-01-09;0;0;0;0;0.0;0.0
978;2021-01-10;0;0;0;0;0.0;0.0
978;2021-01-11;0;0;0;0;0.0;0.0
978;2021-01-12;0;0;0;0;0.0;0.0
978;2021-01-13;10;0;10;0;0.0;0.0
978;2021-01-14;12;0;22;0;0.1;0.0
978;2021-01-15;9;0;31;0;0.1;0.0
978;2021-01-16;0;0;31;0;0.1;0.0
978;2021-01-17;0;0;31;0;0.1;0.0
978;2021-01-18;0;0;31;0;0.1;0.0
978;2021-01-19;12;0;43;0;0.1;0.0
978;2021-01-20;13;0;56;0;0.2;0.0
978;2021-01-21;6;0;62;0;0.2;0.0
978;2021-01-22;0;0;62;0;0.2;0.0
978;2021-01-23;0;0;62;0;0.2;0.0
978;2021-01-24;0;0;62;0;0.2;0.0
978;2021-01-25;0;0;62;0;0.2;0.0
978;2021-01-26;9;0;71;0;0.2;0.0
978;2021-01-27;10;0;81;0;0.2;0.0
978;2021-01-28;6;1;87;1;0.2;0.0
978;2021-01-29;0;0;87;1;0.2;0.0
978;2021-01-30;0;0;87;1;0.2;0.0
978;2021-01-31;0;0;87;1;0.2;0.0
978;2021-02-01;1;0;88;1;0.2;0.0
978;2021-02-02;39;0;127;1;0.4;0.0
978;2021-02-03;11;0;138;1;0.4;0.0
978;2021-02-04;31;0;169;1;0.5;0.0
978;2021-02-05;6;0;175;1;0.5;0.0
978;2021-02-06;0;0;175;1;0.5;0.0
978;2021-02-07;0;0;175;1;0.5;0.0
978;2021-02-08;0;0;175;1;0.5;0.0
978;2021-02-09;38;0;213;1;0.6;0.0
978;2021-02-10;27;1;240;2;0.7;0.0
978;2021-02-11;0;0;240;2;0.7;0.0
978;2021-02-12;36;0;276;2;0.8;0.0
978;2021-02-13;0;0;276;2;0.8;0.0
978;2021-02-14;0;0;276;2;0.8;0.0
978;2021-02-15;50;1;326;3;0.9;0.0
978;2021-02-16;0;0;326;3;0.9;0.0
978;2021-02-17;0;0;326;3;0.9;0.0
978;2021-02-18;28;0;354;3;1.0;0.0
978;2021-02-19;44;0;398;3;1.1;0.0
978;2021-02-20;0;0;398;3;1.1;0.0
978;2021-02-21;0;0;398;3;1.1;0.0
978;2021-02-22;45;4;443;7;1.3;0.0
978;2021-02-23;41;29;484;36;1.4;0.1
978;2021-02-24;35;1;519;37;1.5;0.1
978;2021-02-25;55;36;574;73;1.6;0.2
978;2021-02-26;39;5;613;78;1.7;0.2
978;2021-02-27;0;0;613;78;1.7;0.2
978;2021-02-28;0;0;613;78;1.7;0.2
978;2021-03-01;49;5;662;83;1.9;0.2
978;2021-03-02;7;27;669;110;1.9;0.3
978;2021-03-03;52;28;721;138;2.0;0.4
978;2021-03-04;31;26;752;164;2.1;0.5
978;2021-03-05;46;10;798;174;2.3;0.5
978;2021-03-06;0;0;798;174;2.3;0.5
978;2021-03-07;0;0;798;174;2.3;0.5
978;2021-03-08;32;7;830;181;2.3;0.5
978;2021-03-09;19;27;849;208;2.4;0.6
978;2021-03-10;35;28;884;236;2.5;0.7
978;2021-03-11;2;0;886;236;2.5;0.7
978;2021-03-12;52;21;938;257;2.7;0.7
978;2021-03-13;13;0;951;257;2.7;0.7
978;2021-03-14;0;0;951;257;2.7;0.7
978;2021-03-15;31;41;982;298;2.8;0.8
978;2021-03-16;73;6;1055;304;3.0;0.9
978;2021-03-17;67;13;1122;317;3.2;0.9
978;2021-03-18;82;39;1204;356;3.4;1.0
978;2021-03-19;32;50;1236;406;3.5;1.1
978;2021-03-20;0;0;1236;406;3.5;1.1
978;2021-03-21;0;0;1236;406;3.5;1.1
978;2021-03-22;35;45;1271;451;3.6;1.3
978;2021-03-23;30;43;1301;494;3.7;1.4
978;2021-03-24;38;42;1339;536;3.8;1.5
978;2021-03-25;95;34;1434;570;4.1;1.6
978;2021-03-26;45;33;1479;603;4.2;1.7
978;2021-03-27;94;3;1573;606;4.5;1.7
978;2021-03-28;0;0;1573;606;4.5;1.7
978;2021-03-29;69;48;1642;654;4.6;1.9
978;2021-03-30;98;24;1740;678;4.9;1.9
978;2021-03-31;90;49;1830;727;5.2;2.1
978;2021-04-01;57;48;1887;775;5.3;2.2
978;2021-04-02;0;0;1887;775;5.3;2.2
978;2021-04-03;1;0;1888;775;5.3;2.2
978;2021-04-04;0;0;1888;775;5.3;2.2
978;2021-04-05;2;0;1890;775;5.3;2.2
978;2021-04-06;49;63;1939;838;5.5;2.4
978;2021-04-07;93;33;2032;871;5.8;2.5
978;2021-04-08;120;7;2152;878;6.1;2.5
978;2021-04-09;90;39;2242;917;6.3;2.6
978;2021-04-10;169;12;2411;929;6.8;2.6
978;2021-04-11;0;0;2411;929;6.8;2.6
978;2021-04-12;42;75;2453;1004;6.9;2.8
978;2021-04-13;49;71;2502;1075;7.1;3.0
978;2021-04-14;82;45;2584;1120;7.3;3.2
978;2021-04-15;92;23;2676;1143;7.6;3.2
978;2021-04-16;77;42;2753;1185;7.8;3.4
978;2021-04-17;165;4;2918;1189;8.3;3.4
978;2021-04-18;0;0;2918;1189;8.3;3.4
978;2021-04-19;52;67;2970;1256;8.4;3.6
978;2021-04-20;83;27;3053;1283;8.6;3.6
978;2021-04-21;91;29;3144;1312;8.9;3.7
978;2021-04-22;101;20;3245;1332;9.2;3.8
978;2021-04-23;45;66;3290;1398;9.3;4.0
978;2021-04-24;99;78;3389;1476;9.6;4.2
978;2021-04-25;0;0;3389;1476;9.6;4.2
978;2021-04-26;29;91;3418;1567;9.7;4.4
978;2021-04-27;59;63;3477;1630;9.8;4.6
978;2021-04-28;92;39;3569;1669;10.1;4.7
978;2021-04-29;89;31;3658;1700;10.4;4.8
978;2021-04-30;104;14;3762;1714;10.6;4.9
978;2021-05-01;0;8;3762;1722;10.6;4.9
978;2021-05-02;0;0;3762;1722;10.6;4.9
978;2021-05-03;25;99;3787;1821;10.7;5.2
978;2021-05-04;159;102;3946;1923;11.2;5.4
978;2021-05-05;142;59;4088;1982;11.6;5.6
978;2021-05-06;200;49;4288;2031;12.1;5.7
978;2021-05-07;127;71;4415;2102;12.5;5.9
978;2021-05-08;69;122;4484;2224;12.7;6.3
978;2021-05-09;0;0;4484;2224;12.7;6.3
978;2021-05-10;124;99;4608;2323;13.0;6.6
978;2021-05-11;132;72;4740;2395;13.4;6.8
978;2021-05-12;156;78;4896;2473;13.9;7.0
978;2021-05-13;83;6;4979;2479;14.1;7.0
978;2021-05-14;130;62;5109;2541;14.5;7.2
978;2021-05-15;87;4;5196;2545;14.7;7.2
978;2021-05-16;0;0;5196;2545;14.7;7.2
978;2021-05-17;146;115;5342;2660;15.1;7.5
978;2021-05-18;151;94;5493;2754;15.5;7.8
978;2021-05-19;84;69;5577;2823;15.8;8.0
978;2021-05-20;104;26;5681;2849;16.1;8.1
978;2021-05-21;98;52;5779;2901;16.4;8.2
978;2021-05-22;100;11;5879;2912;16.6;8.2
978;2021-05-23;0;0;5879;2912;16.6;8.2
978;2021-05-24;33;7;5912;2919;16.7;8.3
978;2021-05-25;119;78;6031;2997;17.1;8.5
978;2021-05-26;109;49;6140;3046;17.4;8.6
978;2021-05-27;112;42;6252;3088;17.7;8.7
978;2021-05-28;33;1;6285;3089;17.8;8.7
978;2021-05-29;60;213;6345;3302;18.0;9.3
978;2021-05-30;0;0;6345;3302;18.0;9.3
978;2021-05-31;112;63;6457;3365;18.3;9.5
978;2021-06-01;116;62;6573;3427;18.6;9.7
978;2021-06-02;131;33;6704;3460;19.0;9.8
978;2021-06-03;102;38;6806;3498;19.3;9.9
978;2021-06-04;128;70;6934;3568;19.6;10.1
978;2021-06-05;83;21;7017;3589;19.9;10.2
978;2021-06-06;0;0;7017;3589;19.9;10.2
978;2021-06-07;96;96;7113;3685;20.1;10.4
978;2021-06-08;82;89;7195;3774;20.4;10.7
978;2021-06-09;99;73;7294;3847;20.6;10.9
978;2021-06-10;112;63;7406;3910;21.0;11.1
978;2021-06-11;116;106;7522;4016;21.3;11.4
978;2021-06-12;57;30;7579;4046;21.4;11.5
978;2021-06-13;0;0;7579;4046;21.4;11.5
978;2021-06-14;106;127;7685;4173;21.7;11.8
978;2021-06-15;88;120;7773;4293;22.0;12.1
978;2021-06-16;105;148;7878;4441;22.3;12.6
978;2021-06-17;85;72;7963;4513;22.5;12.8
978;2021-06-18;67;99;8030;4612;22.7;13.1
978;2021-06-19;65;79;8095;4691;22.9;13.3
978;2021-06-20;0;0;8095;4691;22.9;13.3
978;2021-06-21;78;150;8173;4841;23.1;13.7
978;2021-06-22;71;103;8244;4944;23.3;14.0
978;2021-06-23;68;115;8312;5059;23.5;14.3
978;2021-06-24;44;75;8356;5134;23.6;14.5
978;2021-06-25;63;100;8419;5234;23.8;14.8
978;2021-06-26;35;61;8454;5295;23.9;15.0
978;2021-06-27;0;0;8454;5295;23.9;15.0
978;2021-06-28;74;131;8528;5426;24.1;15.4
978;2021-06-29;62;104;8590;5530;24.3;15.7
978;2021-06-30;56;110;8646;5640;24.5;16.0
978;2021-07-01;42;87;8688;5727;24.6;16.2
978;2021-07-02;52;90;8740;5817;24.7;16.5
978;2021-07-03;40;90;8780;5907;24.8;16.7
978;2021-07-04;0;1;8780;5908;24.8;16.7
978;2021-07-05;67;93;8847;6001;25.0;17.0
978;2021-07-06;55;75;8902;6076;25.2;17.2
978;2021-07-07;55;123;8957;6199;25.3;17.5
978;2021-07-08;54;107;9011;6306;25.5;17.8
978;2021-07-09;46;92;9057;6398;25.6;18.1
978;2021-07-10;38;85;9095;6483;25.7;18.3
978;2021-07-11;0;4;9095;6487;25.7;18.4
978;2021-07-12;71;130;9166;6617;25.9;18.7
978;2021-07-13;146;162;9312;6779;26.4;19.2
978;2021-07-14;3;0;9315;6779;26.4;19.2
978;2021-07-15;162;195;9477;6974;26.8;19.7
978;2021-07-16;113;113;9590;7087;27.1;20.1
978;2021-07-17;52;100;9642;7187;27.3;20.3
978;2021-07-18;0;0;9642;7187;27.3;20.3
978;2021-07-19;98;133;9740;7320;27.6;20.7
978;2021-07-20;80;74;9820;7394;27.8;20.9
978;2021-07-21;63;50;9883;7444;28.0;21.1
978;2021-07-22;99;115;9982;7559;28.3;21.4
978;2021-07-23;67;100;10049;7659;28.4;21.7
978;2021-07-24;20;35;10069;7694;28.5;21.8
978;2021-07-25;0;0;10069;7694;28.5;21.8
978;2021-07-26;94;116;10163;7810;28.8;22.1
978;2021-07-27;67;145;10230;7955;29.0;22.5
978;2021-07-28;72;127;10302;8082;29.2;22.9
978;2021-07-29;80;98;10382;8180;29.4;23.2
978;2021-07-30;82;116;10464;8296;29.6;23.5
978;2021-07-31;48;67;10512;8363;29.8;23.7
978;2021-08-01;0;0;10512;8363;29.8;23.7
978;2021-08-02;65;95;10577;8458;29.9;23.9
978;2021-08-03;60;94;10637;8552;30.1;24.2
978;2021-08-04;63;55;10700;8607;30.3;24.4
978;2021-08-05;48;70;10748;8677;30.4;24.6
978;2021-08-06;74;128;10822;8805;30.6;24.9
978;2021-08-07;43;44;10865;8849;30.7;25.0
978;2021-08-08;0;0;10865;8849;30.7;25.0
978;2021-08-09;138;150;11003;8999;31.1;25.5
978;2021-08-10;82;93;11085;9092;31.4;25.7
978;2021-08-11;106;100;11191;9192;31.7;26.0
978;2021-08-12;99;99;11290;9291;32.0;26.3
978;2021-08-13;131;74;11421;9365;32.3;26.5
978;2021-08-14;74;99;11495;9464;32.5;26.8
978;2021-08-15;0;0;11495;9464;32.5;26.8
978;2021-08-16;45;70;11540;9534;32.7;27.0
978;2021-08-17;32;33;11572;9567;32.8;27.1
978;2021-08-18;35;55;11607;9622;32.8;27.2
978;2021-08-19;32;25;11639;9647;32.9;27.3
