dep;jour;n_dose1;n_complet;n_cum_dose1;n_cum_complet;couv_dose1;couv_complet
01;2020-12-27;1;0;1;0;0.0;0.0
01;2020-12-28;0;0;1;0;0.0;0.0
01;2020-12-29;0;0;1;0;0.0;0.0
01;2020-12-30;0;0;1;0;0.0;0.0
01;2020-12-31;0;0;1;0;0.0;0.0
01;2021-01-01;1;0;2;0;0.0;0.0
01;2021-01-02;0;0;2;0;0.0;0.0
01;2021-01-03;0;0;2;0;0.0;0.0
01;2021-01-04;2;0;4;0;0.0;0.0
01;2021-01-05;2;0;6;0;0.0;0.0
01;2021-01-06;1;0;7;0;0.0;0.0
01;2021-01-07;67;0;74;0;0.0;0.0
01;2021-01-08;159;0;233;0;0.0;0.0
01;2021-01-09;2;1;235;1;0.0;0.0
01;2021-01-10;0;0;235;1;0.0;0.0
01;2021-01-11;148;0;383;1;0.1;0.0
01;2021-01-12;317;2;700;3;0.1;0.0
01;2021-01-13;444;1;1144;4;0.2;0.0
01;2021-01-14;529;3;1673;7;0.3;0.0
01;2021-01-15;396;3;2069;10;0.3;0.0
01;2021-01-16;202;0;2271;10;0.3;0.0
01;2021-01-17;128;0;2399;10;0.4;0.0
01;2021-01-18;378;1;2777;11;0.4;0.0
01;2021-01-19;1040;1;3817;12;0.6;0.0
01;2021-01-20;1261;2;5078;14;0.8;0.0
01;2021-01-21;1096;4;6174;18;0.9;0.0
01;2021-01-22;645;0;6819;18;1.0;0.0
01;2021-01-23;222;0;7041;18;1.1;0.0
01;2021-01-24;71;1;7112;19;1.1;0.0
01;2021-01-25;484;1;7596;20;1.2;0.0
01;2021-01-26;740;3;8336;23;1.3;0.0
01;2021-01-27;518;5;8854;28;1.3;0.0
01;2021-01-28;681;54;9535;82;1.5;0.0
01;2021-01-29;637;101;10172;183;1.5;0.0
01;2021-01-30;235;15;10407;198;1.6;0.0
01;2021-01-31;62;0;10469;198;1.6;0.0
01;2021-02-01;452;75;10921;273;1.7;0.0
01;2021-02-02;513;184;11434;457;1.7;0.1
01;2021-02-03;374;298;11808;755;1.8;0.1
01;2021-02-04;478;418;12286;1173;1.9;0.2
01;2021-02-05;437;281;12723;1454;1.9;0.2
01;2021-02-06;260;141;12983;1595;2.0;0.2
01;2021-02-07;2;113;12985;1708;2.0;0.3
01;2021-02-08;505;405;13490;2113;2.1;0.3
01;2021-02-09;774;859;14264;2972;2.2;0.5
01;2021-02-10;951;717;15215;3689;2.3;0.6
01;2021-02-11;790;772;16005;4461;2.4;0.7
01;2021-02-12;639;553;16644;5014;2.5;0.8
01;2021-02-13;159;149;16803;5163;2.6;0.8
01;2021-02-14;0;9;16803;5172;2.6;0.8
01;2021-02-15;436;446;17239;5618;2.6;0.9
01;2021-02-16;656;413;17895;6031;2.7;0.9
01;2021-02-17;519;245;18414;6276;2.8;1.0
01;2021-02-18;589;566;19003;6842;2.9;1.0
01;2021-02-19;577;245;19580;7087;3.0;1.1
01;2021-02-20;201;154;19781;7241;3.0;1.1
01;2021-02-21;0;1;19781;7242;3.0;1.1
01;2021-02-22;428;554;20209;7796;3.1;1.2
01;2021-02-23;482;524;20691;8320;3.1;1.3
01;2021-02-24;434;464;21125;8784;3.2;1.3
01;2021-02-25;820;607;21945;9391;3.3;1.4
01;2021-02-26;871;545;22816;9936;3.5;1.5
01;2021-02-27;480;118;23296;10054;3.5;1.5
01;2021-02-28;20;3;23316;10057;3.5;1.5
01;2021-03-01;629;456;23945;10513;3.6;1.6
01;2021-03-02;962;558;24907;11071;3.8;1.7
01;2021-03-03;936;661;25843;11732;3.9;1.8
01;2021-03-04;1197;637;27040;12369;4.1;1.9
01;2021-03-05;1354;492;28394;12861;4.3;2.0
01;2021-03-06;781;99;29175;12960;4.4;2.0
01;2021-03-07;43;1;29218;12961;4.4;2.0
01;2021-03-08;668;621;29886;13582;4.5;2.1
01;2021-03-09;1333;604;31219;14186;4.8;2.2
01;2021-03-10;1160;545;32379;14731;4.9;2.2
01;2021-03-11;1680;639;34059;15370;5.2;2.3
01;2021-03-12;2003;629;36062;15999;5.5;2.4
01;2021-03-13;1499;92;37561;16091;5.7;2.4
01;2021-03-14;132;58;37693;16149;5.7;2.5
01;2021-03-15;1157;402;38850;16551;5.9;2.5
01;2021-03-16;1009;561;39859;17112;6.1;2.6
01;2021-03-17;839;343;40698;17455;6.2;2.7
01;2021-03-18;1289;465;41987;17920;6.4;2.7
01;2021-03-19;1746;533;43733;18453;6.7;2.8
01;2021-03-20;1445;132;45178;18585;6.9;2.8
01;2021-03-21;97;11;45275;18596;6.9;2.8
01;2021-03-22;1574;490;46849;19086;7.1;2.9
01;2021-03-23;2195;645;49044;19731;7.5;3.0
01;2021-03-24;1616;410;50660;20141;7.7;3.1
01;2021-03-25;2907;627;53567;20768;8.2;3.2
01;2021-03-26;2870;605;56437;21373;8.6;3.3
01;2021-03-27;1308;153;57745;21526;8.8;3.3
01;2021-03-28;21;1;57766;21527;8.8;3.3
01;2021-03-29;1930;541;59696;22068;9.1;3.4
01;2021-03-30;2512;758;62208;22826;9.5;3.5
01;2021-03-31;1868;624;64076;23450;9.8;3.6
01;2021-04-01;2568;848;66644;24298;10.1;3.7
01;2021-04-02;2815;706;69459;25004;10.6;3.8
01;2021-04-03;1256;128;70715;25132;10.8;3.8
01;2021-04-04;2;0;70717;25132;10.8;3.8
01;2021-04-05;1260;59;71977;25191;11.0;3.8
01;2021-04-06;2818;785;74795;25976;11.4;4.0
01;2021-04-07;2739;706;77534;26682;11.8;4.1
01;2021-04-08;3241;989;80775;27671;12.3;4.2
01;2021-04-09;3985;1328;84760;28999;12.9;4.4
01;2021-04-10;1824;298;86584;29297;13.2;4.5
01;2021-04-11;44;22;86628;29319;13.2;4.5
01;2021-04-12;2713;1220;89341;30539;13.6;4.6
01;2021-04-13;2935;1312;92276;31851;14.0;4.8
01;2021-04-14;3121;1075;95397;32926;14.5;5.0
01;2021-04-15;3073;1473;98470;34399;15.0;5.2
01;2021-04-16;2859;1573;101329;35972;15.4;5.5
01;2021-04-17;1653;679;102982;36651;15.7;5.6
01;2021-04-18;13;0;102995;36651;15.7;5.6
01;2021-04-19;2039;1515;105034;38166;16.0;5.8
01;2021-04-20;2662;1568;107696;39734;16.4;6.0
01;2021-04-21;2686;1339;110382;41073;16.8;6.3
01;2021-04-22;2835;1526;113217;42599;17.2;6.5
01;2021-04-23;2761;1528;115978;44127;17.7;6.7
01;2021-04-24;1447;648;117425;44775;17.9;6.8
01;2021-04-25;9;0;117434;44775;17.9;6.8
01;2021-04-26;1970;1721;119404;46496;18.2;7.1
01;2021-04-27;2573;1550;121977;48046;18.6;7.3
01;2021-04-28;2498;1572;124475;49618;18.9;7.6
01;2021-04-29;2717;1768;127192;51386;19.4;7.8
01;2021-04-30;2982;2244;130174;53630;19.8;8.2
01;2021-05-01;1472;858;131646;54488;20.0;8.3
01;2021-05-02;546;75;132192;54563;20.1;8.3
01;2021-05-03;2293;2478;134485;57041;20.5;8.7
01;2021-05-04;2543;2654;137028;59695;20.9;9.1
01;2021-05-05;2529;2499;139557;62194;21.2;9.5
01;2021-05-06;2996;2529;142553;64723;21.7;9.9
01;2021-05-07;3219;2780;145772;67503;22.2;10.3
01;2021-05-08;1645;922;147417;68425;22.4;10.4
01;2021-05-09;1023;159;148440;68584;22.6;10.4
01;2021-05-10;2500;3071;150940;71655;23.0;10.9
01;2021-05-11;3581;3059;154521;74714;23.5;11.4
01;2021-05-12;3649;2998;158170;77712;24.1;11.8
01;2021-05-13;4086;1497;162256;79209;24.7;12.1
01;2021-05-14;4271;2341;166527;81550;25.3;12.4
01;2021-05-15;3156;1433;169683;82983;25.8;12.6
01;2021-05-16;1410;150;171093;83133;26.0;12.7
01;2021-05-17;3444;2466;174537;85599;26.6;13.0
01;2021-05-18;4073;1961;178610;87560;27.2;13.3
01;2021-05-19;3972;1903;182582;89463;27.8;13.6
01;2021-05-20;4530;2014;187112;91477;28.5;13.9
01;2021-05-21;4616;2195;191728;93672;29.2;14.3
01;2021-05-22;3367;954;195095;94626;29.7;14.4
01;2021-05-23;831;82;195926;94708;29.8;14.4
01;2021-05-24;2765;498;198691;95206;30.2;14.5
01;2021-05-25;3558;2428;202249;97634;30.8;14.9
01;2021-05-26;3571;2248;205820;99882;31.3;15.2
01;2021-05-27;3850;2099;209670;101981;31.9;15.5
01;2021-05-28;3664;2637;213334;104618;32.5;15.9
01;2021-05-29;3060;1302;216394;105920;32.9;16.1
01;2021-05-30;613;88;217007;106008;33.0;16.1
01;2021-05-31;2404;2517;219411;108525;33.4;16.5
01;2021-06-01;2767;2585;222178;111110;33.8;16.9
01;2021-06-02;2880;2199;225058;113309;34.3;17.2
01;2021-06-03;3362;2430;228420;115739;34.8;17.6
01;2021-06-04;4501;3351;232921;119090;35.5;18.1
01;2021-06-05;3251;1722;236172;120812;35.9;18.4
01;2021-06-06;669;78;236841;120890;36.1;18.4
01;2021-06-07;3389;2872;240230;123762;36.6;18.8
01;2021-06-08;3648;2709;243878;126471;37.1;19.3
01;2021-06-09;2946;2633;246824;129104;37.6;19.7
01;2021-06-10;2762;2041;249586;131145;38.0;20.0
01;2021-06-11;3068;3367;252654;134512;38.5;20.5
01;2021-06-12;2403;2196;255057;136708;38.8;20.8
01;2021-06-13;200;479;255257;137187;38.9;20.9
01;2021-06-14;2121;3166;257378;140353;39.2;21.4
01;2021-06-15;2004;3359;259382;143712;39.5;21.9
01;2021-06-16;2179;3286;261561;146998;39.8;22.4
01;2021-06-17;1957;3170;263518;150168;40.1;22.9
01;2021-06-18;2648;4163;266166;154331;40.5;23.5
01;2021-06-19;1726;2553;267892;156884;40.8;23.9
01;2021-06-20;159;497;268051;157381;40.8;24.0
01;2021-06-21;1799;3706;269850;161087;41.1;24.5
01;2021-06-22;1548;3996;271398;165083;41.3;25.1
01;2021-06-23;1584;3755;272982;168838;41.6;25.7
01;2021-06-24;1471;3566;274453;172404;41.8;26.2
01;2021-06-25;1888;4564;276341;176968;42.1;26.9
01;2021-06-26;1210;2945;277551;179913;42.2;27.4
01;2021-06-27;170;339;277721;180252;42.3;27.4
01;2021-06-28;1382;4024;279103;184276;42.5;28.1
01;2021-06-29;1410;3851;280513;188127;42.7;28.6
01;2021-06-30;1374;4155;281887;192282;42.9;29.3
01;2021-07-01;1394;4087;283281;196369;43.1;29.9
01;2021-07-02;1587;4988;284868;201357;43.4;30.7
01;2021-07-03;859;3375;285727;204732;43.5;31.2
01;2021-07-04;105;499;285832;205231;43.5;31.2
01;2021-07-05;1483;4083;287315;209314;43.7;31.9
01;2021-07-06;1105;4278;288420;213592;43.9;32.5
01;2021-07-07;1753;3699;290173;217291;44.2;33.1
01;2021-07-08;1467;3673;291640;220964;44.4;33.6
01;2021-07-09;1882;4361;293522;225325;44.7;34.3
01;2021-07-10;1115;3438;294637;228763;44.8;34.8
01;2021-07-11;105;418;294742;229181;44.9;34.9
01;2021-07-12;1415;3843;296157;233024;45.1;35.5
01;2021-07-13;2052;4117;298209;237141;45.4;36.1
01;2021-07-14;142;180;298351;237321;45.4;36.1
01;2021-07-15;3085;4191;301436;241512;45.9;36.8
01;2021-07-16;3739;4839;305175;246351;46.5;37.5
01;2021-07-17;2186;3046;307361;249397;46.8;38.0
01;2021-07-18;286;551;307647;249948;46.8;38.0
01;2021-07-19;2908;3861;310555;253809;47.3;38.6
01;2021-07-20;3282;3687;313837;257496;47.8;39.2
01;2021-07-21;3925;3559;317762;261055;48.4;39.7
01;2021-07-22;4203;3483;321965;264538;49.0;40.3
01;2021-07-23;3913;4207;325878;268745;49.6;40.9
01;2021-07-24;2714;2711;328592;271456;50.0;41.3
01;2021-07-25;58;57;328650;271513;50.0;41.3
01;2021-07-26;3324;3241;331974;274754;50.5;41.8
01;2021-07-27;4079;2782;336053;277536;51.2;42.2
01;2021-07-28;3965;2641;340018;280177;51.8;42.6
01;2021-07-29;4679;2431;344697;282608;52.5;43.0
01;2021-07-30;4438;3427;349135;286035;53.1;43.5
01;2021-07-31;3614;1771;352749;287806;53.7;43.8
01;2021-08-01;390;74;353139;287880;53.8;43.8
01;2021-08-02;3041;2441;356180;290321;54.2;44.2
01;2021-08-03;3045;2448;359225;292769;54.7;44.6
01;2021-08-04;2533;1724;361758;294493;55.1;44.8
01;2021-08-05;2229;2357;363987;296850;55.4;45.2
01;2021-08-06;2738;3107;366725;299957;55.8;45.7
01;2021-08-07;2045;1828;368770;301785;56.1;45.9
01;2021-08-08;244;255;369014;302040;56.2;46.0
01;2021-08-09;1123;2633;370137;304673;56.3;46.4
01;2021-08-10;1431;2411;371568;307084;56.6;46.7
01;2021-08-11;1453;2588;373021;309672;56.8;47.1
01;2021-08-12;1569;2805;374590;312477;57.0;47.6
02;2020-12-27;0;0;0;0;0.0;0.0
02;2020-12-28;0;0;0;0;0.0;0.0
02;2020-12-29;0;0;0;0;0.0;0.0
02;2020-12-30;0;0;0;0;0.0;0.0
02;2020-12-31;0;0;0;0;0.0;0.0
02;2021-01-01;0;0;0;0;0.0;0.0
02;2021-01-02;0;0;0;0;0.0;0.0
02;2021-01-03;0;0;0;0;0.0;0.0
02;2021-01-04;0;0;0;0;0.0;0.0
02;2021-01-05;0;0;0;0;0.0;0.0
02;2021-01-06;22;0;22;0;0.0;0.0
02;2021-01-07;261;2;283;2;0.1;0.0
02;2021-01-08;489;3;772;5;0.1;0.0
02;2021-01-09;74;0;846;5;0.2;0.0
02;2021-01-10;49;0;895;5;0.2;0.0
02;2021-01-11;267;0;1162;5;0.2;0.0
02;2021-01-12;355;1;1517;6;0.3;0.0
02;2021-01-13;468;4;1985;10;0.4;0.0
02;2021-01-14;651;11;2636;21;0.5;0.0
02;2021-01-15;630;7;3266;28;0.6;0.0
02;2021-01-16;333;4;3599;32;0.7;0.0
02;2021-01-17;62;0;3661;32;0.7;0.0
02;2021-01-18;810;5;4471;37;0.8;0.0
02;2021-01-19;942;5;5413;42;1.0;0.0
02;2021-01-20;1429;5;6842;47;1.3;0.0
02;2021-01-21;2598;5;9440;52;1.8;0.0
02;2021-01-22;1419;5;10859;57;2.1;0.0
02;2021-01-23;291;1;11150;58;2.1;0.0
02;2021-01-24;67;0;11217;58;2.1;0.0
02;2021-01-25;432;10;11649;68;2.2;0.0
02;2021-01-26;704;16;12353;84;2.3;0.0
02;2021-01-27;161;2;12514;86;2.4;0.0
02;2021-01-28;69;247;12583;333;2.4;0.1
02;2021-01-29;119;419;12702;752;2.4;0.1
02;2021-01-30;4;14;12706;766;2.4;0.1
02;2021-01-31;0;10;12706;776;2.4;0.1
02;2021-02-01;11;212;12717;988;2.4;0.2
02;2021-02-02;45;331;12762;1319;2.4;0.3
02;2021-02-03;124;337;12886;1656;2.4;0.3
02;2021-02-04;226;359;13112;2015;2.5;0.4
02;2021-02-05;178;418;13290;2433;2.5;0.5
02;2021-02-06;65;175;13355;2608;2.5;0.5
02;2021-02-07;9;0;13364;2608;2.5;0.5
02;2021-02-08;305;435;13669;3043;2.6;0.6
02;2021-02-09;322;681;13991;3724;2.7;0.7
02;2021-02-10;485;1047;14476;4771;2.8;0.9
02;2021-02-11;940;1908;15416;6679;2.9;1.3
02;2021-02-12;885;1122;16301;7801;3.1;1.5
02;2021-02-13;290;129;16591;7930;3.2;1.5
02;2021-02-14;1;5;16592;7935;3.2;1.5
02;2021-02-15;344;682;16936;8617;3.2;1.6
02;2021-02-16;413;569;17349;9186;3.3;1.7
02;2021-02-17;498;632;17847;9818;3.4;1.9
02;2021-02-18;507;445;18354;10263;3.5;2.0
02;2021-02-19;444;571;18798;10834;3.6;2.1
02;2021-02-20;372;233;19170;11067;3.6;2.1
02;2021-02-21;39;17;19209;11084;3.7;2.1
02;2021-02-22;377;317;19586;11401;3.7;2.2
02;2021-02-23;432;362;20018;11763;3.8;2.2
02;2021-02-24;600;146;20618;11909;3.9;2.3
02;2021-02-25;869;137;21487;12046;4.1;2.3
02;2021-02-26;808;71;22295;12117;4.2;2.3
02;2021-02-27;444;13;22739;12130;4.3;2.3
02;2021-02-28;55;2;22794;12132;4.3;2.3
02;2021-03-01;638;24;23432;12156;4.5;2.3
02;2021-03-02;1032;125;24464;12281;4.7;2.3
02;2021-03-03;754;204;25218;12485;4.8;2.4
02;2021-03-04;1162;673;26380;13158;5.0;2.5
02;2021-03-05;1048;506;27428;13664;5.2;2.6
02;2021-03-06;2138;98;29566;13762;5.6;2.6
02;2021-03-07;1504;46;31070;13808;5.9;2.6
02;2021-03-08;570;367;31640;14175;6.0;2.7
02;2021-03-09;998;401;32638;14576;6.2;2.8
02;2021-03-10;894;470;33532;15046;6.4;2.9
02;2021-03-11;1294;392;34826;15438;6.6;2.9
02;2021-03-12;1705;415;36531;15853;6.9;3.0
02;2021-03-13;2592;234;39123;16087;7.4;3.1
02;2021-03-14;1456;39;40579;16126;7.7;3.1
02;2021-03-15;612;451;41191;16577;7.8;3.2
02;2021-03-16;863;399;42054;16976;8.0;3.2
02;2021-03-17;759;451;42813;17427;8.1;3.3
02;2021-03-18;608;619;43421;18046;8.3;3.4
02;2021-03-19;1172;298;44593;18344;8.5;3.5
02;2021-03-20;2430;154;47023;18498;8.9;3.5
02;2021-03-21;1488;78;48511;18576;9.2;3.5
02;2021-03-22;761;500;49272;19076;9.4;3.6
02;2021-03-23;1194;551;50466;19627;9.6;3.7
02;2021-03-24;1581;495;52047;20122;9.9;3.8
02;2021-03-25;1693;598;53740;20720;10.2;3.9
02;2021-03-26;2410;484;56150;21204;10.7;4.0
02;2021-03-27;2495;127;58645;21331;11.1;4.1
02;2021-03-28;637;14;59282;21345;11.3;4.1
02;2021-03-29;1037;861;60319;22206;11.5;4.2
02;2021-03-30;1554;841;61873;23047;11.8;4.4
02;2021-03-31;1299;719;63172;23766;12.0;4.5
02;2021-04-01;1289;858;64461;24624;12.3;4.7
02;2021-04-02;1184;1230;65645;25854;12.5;4.9
02;2021-04-03;2647;851;68292;26705;13.0;5.1
02;2021-04-04;727;238;69019;26943;13.1;5.1
02;2021-04-05;1508;130;70527;27073;13.4;5.1
02;2021-04-06;1541;853;72068;27926;13.7;5.3
02;2021-04-07;1869;776;73937;28702;14.1;5.5
02;2021-04-08;1918;1104;75855;29806;14.4;5.7
02;2021-04-09;2434;1082;78289;30888;14.9;5.9
02;2021-04-10;2430;1207;80719;32095;15.3;6.1
02;2021-04-11;476;416;81195;32511;15.4;6.2
02;2021-04-12;1824;627;83019;33138;15.8;6.3
02;2021-04-13;1601;923;84620;34061;16.1;6.5
02;2021-04-14;2584;964;87204;35025;16.6;6.7
02;2021-04-15;2496;771;89700;35796;17.1;6.8
02;2021-04-16;2438;1125;92138;36921;17.5;7.0
02;2021-04-17;1890;2147;94028;39068;17.9;7.4
02;2021-04-18;270;814;94298;39882;17.9;7.6
02;2021-04-19;1159;634;95457;40516;18.1;7.7
02;2021-04-20;1677;762;97134;41278;18.5;7.8
02;2021-04-21;1549;988;98683;42266;18.8;8.0
02;2021-04-22;1749;703;100432;42969;19.1;8.2
02;2021-04-23;1929;1414;102361;44383;19.5;8.4
02;2021-04-24;1713;1640;104074;46023;19.8;8.7
02;2021-04-25;462;235;104536;46258;19.9;8.8
02;2021-04-26;1340;562;105876;46820;20.1;8.9
02;2021-04-27;1627;1092;107503;47912;20.4;9.1
02;2021-04-28;1593;1435;109096;49347;20.7;9.4
02;2021-04-29;1885;1178;110981;50525;21.1;9.6
02;2021-04-30;2716;1653;113697;52178;21.6;9.9
02;2021-05-01;1989;1225;115686;53403;22.0;10.2
02;2021-05-02;1983;414;117669;53817;22.4;10.2
02;2021-05-03;2224;983;119893;54800;22.8;10.4
02;2021-05-04;1525;1318;121418;56118;23.1;10.7
02;2021-05-05;2330;1839;123748;57957;23.5;11.0
02;2021-05-06;2123;1734;125871;59691;23.9;11.3
02;2021-05-07;2358;2174;128229;61865;24.4;11.8
02;2021-05-08;2920;944;131149;62809;24.9;11.9
02;2021-05-09;1822;421;132971;63230;25.3;12.0
02;2021-05-10;2374;1480;135345;64710;25.7;12.3
02;2021-05-11;2878;1575;138223;66285;26.3;12.6
02;2021-05-12;2674;1623;140897;67908;26.8;12.9
02;2021-05-13;2991;1040;143888;68948;27.4;13.1
02;2021-05-14;3380;1205;147268;70153;28.0;13.3
02;2021-05-15;4375;1085;151643;71238;28.8;13.5
02;2021-05-16;2797;209;154440;71447;29.4;13.6
02;2021-05-17;2147;661;156587;72108;29.8;13.7
02;2021-05-18;2633;972;159220;73080;30.3;13.9
02;2021-05-19;2852;992;162072;74072;30.8;14.1
02;2021-05-20;3552;1231;165624;75303;31.5;14.3
02;2021-05-21;3818;1063;169442;76366;32.2;14.5
02;2021-05-22;5848;964;175290;77330;33.3;14.7
02;2021-05-23;2659;237;177949;77567;33.8;14.7
02;2021-05-24;3542;539;181491;78106;34.5;14.8
02;2021-05-25;2260;1161;183751;79267;34.9;15.1
02;2021-05-26;3080;1495;186831;80762;35.5;15.4
02;2021-05-27;3652;1487;190483;82249;36.2;15.6
02;2021-05-28;3514;1582;193997;83831;36.9;15.9
02;2021-05-29;4081;1574;198078;85405;37.7;16.2
02;2021-05-30;1449;187;199527;85592;37.9;16.3
02;2021-05-31;2578;1195;202105;86787;38.4;16.5
02;2021-06-01;2866;1870;204971;88657;39.0;16.9
02;2021-06-02;3162;1646;208133;90303;39.6;17.2
02;2021-06-03;2857;1835;210990;92138;40.1;17.5
02;2021-06-04;3141;2058;214131;94196;40.7;17.9
02;2021-06-05;3440;1733;217571;95929;41.4;18.2
02;2021-06-06;1735;258;219306;96187;41.7;18.3
02;2021-06-07;1613;1500;220919;97687;42.0;18.6
02;2021-06-08;2063;1847;222982;99534;42.4;18.9
02;2021-06-09;2057;1650;225039;101184;42.8;19.2
02;2021-06-10;2013;1832;227052;103016;43.2;19.6
02;2021-06-11;2196;3068;229248;106084;43.6;20.2
02;2021-06-12;2312;2591;231560;108675;44.0;20.7
02;2021-06-13;683;1387;232243;110062;44.1;20.9
02;2021-06-14;1047;2392;233290;112454;44.3;21.4
02;2021-06-15;1518;2462;234808;114916;44.6;21.8
02;2021-06-16;1534;2748;236342;117664;44.9;22.4
02;2021-06-17;1781;2856;238123;120520;45.3;22.9
02;2021-06-18;2313;3568;240436;124088;45.7;23.6
02;2021-06-19;1840;3820;242276;127908;46.1;24.3
02;2021-06-20;644;1522;242920;129430;46.2;24.6
02;2021-06-21;806;3195;243726;132625;46.3;25.2
02;2021-06-22;1154;3668;244880;136293;46.6;25.9
02;2021-06-23;1224;3589;246104;139882;46.8;26.6
02;2021-06-24;1326;3149;247430;143031;47.0;27.2
02;2021-06-25;1396;4548;248826;147579;47.3;28.1
02;2021-06-26;1347;4227;250173;151806;47.6;28.9
02;2021-06-27;600;2333;250773;154139;47.7;29.3
02;2021-06-28;877;3021;251650;157160;47.8;29.9
02;2021-06-29;918;2925;252568;160085;48.0;30.4
02;2021-06-30;1495;3162;254063;163247;48.3;31.0
02;2021-07-01;1193;3589;255256;166836;48.5;31.7
02;2021-07-02;1357;5138;256613;171974;48.8;32.7
02;2021-07-03;996;5985;257609;177959;49.0;33.8
02;2021-07-04;508;2368;258117;180327;49.1;34.3
02;2021-07-05;658;3941;258775;184268;49.2;35.0
02;2021-07-06;670;3047;259445;187315;49.3;35.6
02;2021-07-07;1318;3727;260763;191042;49.6;36.3
02;2021-07-08;1391;3877;262154;194919;49.8;37.1
02;2021-07-09;1279;4215;263433;199134;50.1;37.9
02;2021-07-10;1330;4611;264763;203745;50.3;38.7
02;2021-07-11;479;1966;265242;205711;50.4;39.1
02;2021-07-12;1414;3728;266656;209439;50.7;39.8
02;2021-07-13;2064;3658;268720;213097;51.1;40.5
02;2021-07-14;1754;1597;270474;214694;51.4;40.8
02;2021-07-15;2718;3553;273192;218247;51.9;41.5
02;2021-07-16;3157;4221;276349;222468;52.5;42.3
02;2021-07-17;3558;4221;279907;226689;53.2;43.1
02;2021-07-18;2038;1614;281945;228303;53.6;43.4
02;2021-07-19;3434;3030;285379;231333;54.2;44.0
02;2021-07-20;3492;3301;288871;234634;54.9;44.6
02;2021-07-21;3902;2938;292773;237572;55.7;45.2
02;2021-07-22;3311;2810;296084;240382;56.3;45.7
02;2021-07-23;3171;3553;299255;243935;56.9;46.4
02;2021-07-24;4433;3717;303688;247652;57.7;47.1
02;2021-07-25;2180;1082;305868;248734;58.1;47.3
02;2021-07-26;3864;2238;309732;250972;58.9;47.7
02;2021-07-27;3623;2145;313355;253117;59.6;48.1
02;2021-07-28;3270;2094;316625;255211;60.2;48.5
02;2021-07-29;2570;2215;319195;257426;60.7;48.9
02;2021-07-30;3299;2302;322494;259728;61.3;49.4
02;2021-07-31;4169;2268;326663;261996;62.1;49.8
02;2021-08-01;1463;687;328126;262683;62.4;49.9
02;2021-08-02;2031;1599;330157;264282;62.8;50.2
02;2021-08-03;2523;1900;332680;266182;63.2;50.6
02;2021-08-04;2549;1694;335229;267876;63.7;50.9
02;2021-08-05;1835;2265;337064;270141;64.1;51.4
02;2021-08-06;2087;2741;339151;272882;64.5;51.9
02;2021-08-07;2507;2765;341658;275647;64.9;52.4
02;2021-08-08;1022;1567;342680;277214;65.1;52.7
02;2021-08-09;1889;2742;344569;279956;65.5;53.2
02;2021-08-10;1754;2454;346323;282410;65.8;53.7
02;2021-08-11;1473;2102;347796;284512;66.1;54.1
02;2021-08-12;1185;2321;348981;286833;66.3;54.5
03;2020-12-27;0;0;0;0;0.0;0.0
03;2020-12-28;0;0;0;0;0.0;0.0
03;2020-12-29;0;0;0;0;0.0;0.0
03;2020-12-30;1;0;1;0;0.0;0.0
03;2020-12-31;0;0;1;0;0.0;0.0
03;2021-01-01;0;0;1;0;0.0;0.0
03;2021-01-02;0;0;1;0;0.0;0.0
03;2021-01-03;0;0;1;0;0.0;0.0
03;2021-01-04;0;0;1;0;0.0;0.0
03;2021-01-05;0;0;1;0;0.0;0.0
03;2021-01-06;10;0;11;0;0.0;0.0
03;2021-01-07;61;0;72;0;0.0;0.0
03;2021-01-08;146;1;218;1;0.1;0.0
03;2021-01-09;122;0;340;1;0.1;0.0
03;2021-01-10;6;0;346;1;0.1;0.0
03;2021-01-11;412;1;758;2;0.2;0.0
03;2021-01-12;631;0;1389;2;0.4;0.0
03;2021-01-13;669;2;2058;4;0.6;0.0
03;2021-01-14;860;5;2918;9;0.9;0.0
03;2021-01-15;387;3;3305;12;1.0;0.0
03;2021-01-16;278;0;3583;12;1.1;0.0
03;2021-01-17;42;0;3625;12;1.1;0.0
03;2021-01-18;878;0;4503;12;1.4;0.0
03;2021-01-19;1149;1;5652;13;1.7;0.0
03;2021-01-20;1290;4;6942;17;2.1;0.0
03;2021-01-21;1200;5;8142;22;2.5;0.0
03;2021-01-22;1116;4;9258;26;2.8;0.0
03;2021-01-23;466;0;9724;26;2.9;0.0
03;2021-01-24;0;0;9724;26;2.9;0.0
03;2021-01-25;187;0;9911;26;3.0;0.0
03;2021-01-26;678;14;10589;40;3.2;0.0
03;2021-01-27;695;11;11284;51;3.4;0.0
03;2021-01-28;1018;45;12302;96;3.7;0.0
03;2021-01-29;856;81;13158;177;4.0;0.1
03;2021-01-30;600;2;13758;179;4.2;0.1
03;2021-01-31;0;0;13758;179;4.2;0.1
03;2021-02-01;160;76;13918;255;4.2;0.1
03;2021-02-02;767;269;14685;524;4.4;0.2
03;2021-02-03;1056;493;15741;1017;4.8;0.3
03;2021-02-04;1547;633;17288;1650;5.2;0.5
03;2021-02-05;946;317;18234;1967;5.5;0.6
03;2021-02-06;152;13;18386;1980;5.5;0.6
03;2021-02-07;5;0;18391;1980;5.6;0.6
03;2021-02-08;128;56;18519;2036;5.6;0.6
03;2021-02-09;612;444;19131;2480;5.8;0.7
03;2021-02-10;485;344;19616;2824;5.9;0.9
03;2021-02-11;1026;580;20642;3404;6.2;1.0
03;2021-02-12;1075;549;21717;3953;6.6;1.2
03;2021-02-13;126;168;21843;4121;6.6;1.2
03;2021-02-14;0;1;21843;4122;6.6;1.2
03;2021-02-15;309;861;22152;4983;6.7;1.5
03;2021-02-16;547;1172;22699;6155;6.9;1.9
03;2021-02-17;453;1362;23152;7517;7.0;2.3
03;2021-02-18;367;1273;23519;8790;7.1;2.7
03;2021-02-19;496;795;24015;9585;7.2;2.9
03;2021-02-20;128;182;24143;9767;7.3;2.9
03;2021-02-21;2;1;24145;9768;7.3;2.9
03;2021-02-22;159;205;24304;9973;7.3;3.0
03;2021-02-23;721;953;25025;10926;7.6;3.3
03;2021-02-24;609;1021;25634;11947;7.7;3.6
03;2021-02-25;1089;1833;26723;13780;8.1;4.2
03;2021-02-26;820;1377;27543;15157;8.3;4.6
03;2021-02-27;96;258;27639;15415;8.3;4.7
03;2021-02-28;0;15;27639;15430;8.3;4.7
03;2021-03-01;178;240;27817;15670;8.4;4.7
03;2021-03-02;819;663;28636;16333;8.6;4.9
03;2021-03-03;893;448;29529;16781;8.9;5.1
03;2021-03-04;1529;585;31058;17366;9.4;5.2
03;2021-03-05;1121;725;32179;18091;9.7;5.5
03;2021-03-06;915;112;33094;18203;10.0;5.5
03;2021-03-07;2;0;33096;18203;10.0;5.5
03;2021-03-08;239;245;33335;18448;10.1;5.6
03;2021-03-09;1016;439;34351;18887;10.4;5.7
03;2021-03-10;941;552;35292;19439;10.7;5.9
03;2021-03-11;1677;651;36969;20090;11.2;6.1
03;2021-03-12;1302;864;38271;20954;11.6;6.3
03;2021-03-13;861;109;39132;21063;11.8;6.4
03;2021-03-14;2;9;39134;21072;11.8;6.4
03;2021-03-15;249;200;39383;21272;11.9;6.4
03;2021-03-16;650;402;40033;21674;12.1;6.5
03;2021-03-17;1300;444;41333;22118;12.5;6.7
03;2021-03-18;1719;391;43052;22509;13.0;6.8
03;2021-03-19;1729;360;44781;22869;13.5;6.9
03;2021-03-20;301;24;45082;22893;13.6;6.9
03;2021-03-21;0;0;45082;22893;13.6;6.9
03;2021-03-22;222;396;45304;23289;13.7;7.0
03;2021-03-23;1355;354;46659;23643;14.1;7.1
03;2021-03-24;1822;351;48481;23994;14.6;7.2
03;2021-03-25;2366;562;50847;24556;15.3;7.4
03;2021-03-26;2235;440;53082;24996;16.0;7.5
03;2021-03-27;817;20;53899;25016;16.3;7.6
03;2021-03-28;1;39;53900;25055;16.3;7.6
03;2021-03-29;659;176;54559;25231;16.5;7.6
03;2021-03-30;1908;448;56467;25679;17.0;7.8
03;2021-03-31;1013;986;57480;26665;17.3;8.0
03;2021-04-01;1335;1094;58815;27759;17.8;8.4
03;2021-04-02;1704;611;60519;28370;18.3;8.6
03;2021-04-03;366;97;60885;28467;18.4;8.6
03;2021-04-04;2;0;60887;28467;18.4;8.6
03;2021-04-05;18;14;60905;28481;18.4;8.6
03;2021-04-06;1072;410;61977;28891;18.7;8.7
03;2021-04-07;1562;513;63539;29404;19.2;8.9
03;2021-04-08;2121;480;65660;29884;19.8;9.0
03;2021-04-09;2059;1159;67719;31043;20.4;9.4
03;2021-04-10;1013;73;68732;31116;20.7;9.4
03;2021-04-11;478;9;69210;31125;20.9;9.4
03;2021-04-12;985;226;70195;31351;21.2;9.5
03;2021-04-13;1872;972;72067;32323;21.8;9.8
03;2021-04-14;2336;1214;74403;33537;22.5;10.1
03;2021-04-15;2621;1396;77024;34933;23.2;10.5
03;2021-04-16;2835;1172;79859;36105;24.1;10.9
03;2021-04-17;1082;434;80941;36539;24.4;11.0
03;2021-04-18;0;0;80941;36539;24.4;11.0
03;2021-04-19;1191;587;82132;37126;24.8;11.2
03;2021-04-20;1749;1272;83881;38398;25.3;11.6
03;2021-04-21;1122;1289;85003;39687;25.7;12.0
03;2021-04-22;1673;991;86676;40678;26.2;12.3
03;2021-04-23;2478;1258;89154;41936;26.9;12.7
03;2021-04-24;1301;920;90455;42856;27.3;12.9
03;2021-04-25;350;15;90805;42871;27.4;12.9
03;2021-04-26;1331;462;92136;43333;27.8;13.1
03;2021-04-27;1767;1519;93903;44852;28.3;13.5
03;2021-04-28;1929;1116;95832;45968;28.9;13.9
03;2021-04-29;2372;1238;98204;47206;29.6;14.2
03;2021-04-30;1932;802;100136;48008;30.2;14.5
03;2021-05-01;437;489;100573;48497;30.4;14.6
03;2021-05-02;2;1;100575;48498;30.4;14.6
03;2021-05-03;1911;771;102486;49269;30.9;14.9
03;2021-05-04;2843;1624;105329;50893;31.8;15.4
03;2021-05-05;2603;1317;107932;52210;32.6;15.8
03;2021-05-06;3095;2009;111027;54219;33.5;16.4
03;2021-05-07;4727;1786;115754;56005;34.9;16.9
03;2021-05-08;661;379;116415;56384;35.1;17.0
03;2021-05-09;49;511;116464;56895;35.2;17.2
03;2021-05-10;1891;1463;118355;58358;35.7;17.6
03;2021-05-11;3900;1834;122255;60192;36.9;18.2
03;2021-05-12;2970;1522;125225;61714;37.8;18.6
03;2021-05-13;4381;405;129606;62119;39.1;18.7
03;2021-05-14;3655;1694;133261;63813;40.2;19.3
03;2021-05-15;1942;491;135203;64304;40.8;19.4
03;2021-05-16;517;57;135720;64361;41.0;19.4
03;2021-05-17;1276;861;136996;65222;41.3;19.7
03;2021-05-18;3071;1500;140067;66722;42.3;20.1
03;2021-05-19;2622;965;142689;67687;43.1;20.4
03;2021-05-20;3331;1134;146020;68821;44.1;20.8
03;2021-05-21;4194;1283;150214;70104;45.3;21.2
03;2021-05-22;2012;360;152226;70464;45.9;21.3
03;2021-05-23;641;73;152867;70537;46.1;21.3
03;2021-05-24;2654;215;155521;70752;46.9;21.4
03;2021-05-25;3071;1687;158592;72439;47.9;21.9
03;2021-05-26;2338;1042;160930;73481;48.6;22.2
03;2021-05-27;2945;1124;163875;74605;49.5;22.5
03;2021-05-28;3844;2276;167719;76881;50.6;23.2
03;2021-05-29;1748;598;169467;77479;51.1;23.4
03;2021-05-30;242;23;169709;77502;51.2;23.4
03;2021-05-31;694;572;170403;78074;51.4;23.6
03;2021-06-01;2303;2345;172706;80419;52.1;24.3
03;2021-06-02;1534;1749;174240;82168;52.6;24.8
03;2021-06-03;2059;2753;176299;84921;53.2;25.6
03;2021-06-04;1699;2505;177998;87426;53.7;26.4
03;2021-06-05;1076;1141;179074;88567;54.0;26.7
03;2021-06-06;59;7;179133;88574;54.1;26.7
03;2021-06-07;784;1814;179917;90388;54.3;27.3
03;2021-06-08;1456;2551;181373;92939;54.7;28.1
03;2021-06-09;1267;1874;182640;94813;55.1;28.6
03;2021-06-10;1378;2122;184018;96935;55.5;29.3
03;2021-06-11;1503;3450;185521;100385;56.0;30.3
03;2021-06-12;831;823;186352;101208;56.2;30.5
03;2021-06-13;20;10;186372;101218;56.3;30.6
03;2021-06-14;381;2177;186753;103395;56.4;31.2
03;2021-06-15;1316;3836;188069;107231;56.8;32.4
03;2021-06-16;788;2887;188857;110118;57.0;33.2
03;2021-06-17;1083;3332;189940;113450;57.3;34.2
03;2021-06-18;1113;3977;191053;117427;57.7;35.4
03;2021-06-19;640;1617;191693;119044;57.9;35.9
03;2021-06-20;20;8;191713;119052;57.9;35.9
03;2021-06-21;462;2636;192175;121688;58.0;36.7
03;2021-06-22;1026;4002;193201;125690;58.3;37.9
03;2021-06-23;717;3283;193918;128973;58.5;38.9
03;2021-06-24;983;3863;194901;132836;58.8;40.1
03;2021-06-25;1017;3893;195918;136729;59.1;41.3
03;2021-06-26;513;2040;196431;138769;59.3;41.9
03;2021-06-27;66;486;196497;139255;59.3;42.0
03;2021-06-28;636;2098;197133;141353;59.5;42.7
03;2021-06-29;1023;3329;198156;144682;59.8;43.7
03;2021-06-30;833;3116;198989;147798;60.1;44.6
03;2021-07-01;984;2938;199973;150736;60.4;45.5
03;2021-07-02;920;4095;200893;154831;60.6;46.7
03;2021-07-03;487;1882;201380;156713;60.8;47.3
03;2021-07-04;19;332;201399;157045;60.8;47.4
03;2021-07-05;814;2377;202213;159422;61.0;48.1
03;2021-07-06;1165;3458;203378;162880;61.4;49.2
03;2021-07-07;803;2614;204181;165494;61.6;50.0
03;2021-07-08;1055;3038;205236;168532;61.9;50.9
03;2021-07-09;1468;3628;206704;172160;62.4;52.0
03;2021-07-10;510;1925;207214;174085;62.5;52.5
03;2021-07-11;61;492;207275;174577;62.6;52.7
03;2021-07-12;927;1149;208202;175726;62.8;53.0
03;2021-07-13;2613;3152;210815;178878;63.6;54.0
03;2021-07-14;195;24;211010;178902;63.7;54.0
03;2021-07-15;2613;2453;213623;181355;64.5;54.7
03;2021-07-16;2733;2274;216356;183629;65.3;55.4
03;2021-07-17;1023;1627;217379;185256;65.6;55.9
03;2021-07-18;31;6;217410;185262;65.6;55.9
03;2021-07-19;2389;1274;219799;186536;66.3;56.3
03;2021-07-20;3071;3038;222870;189574;67.3;57.2
03;2021-07-21;3208;1435;226078;191009;68.2;57.7
03;2021-07-22;2845;1881;228923;192890;69.1;58.2
03;2021-07-23;3188;1293;232111;194183;70.1;58.6
03;2021-07-24;587;579;232698;194762;70.2;58.8
03;2021-07-25;17;5;232715;194767;70.2;58.8
03;2021-07-26;2035;1583;234750;196350;70.9;59.3
03;2021-07-27;3304;2221;238054;198571;71.9;59.9
03;2021-07-28;2704;1114;240758;199685;72.7;60.3
03;2021-07-29;2484;1660;243242;201345;73.4;60.8
03;2021-07-30;2117;1444;245359;202789;74.1;61.2
03;2021-07-31;960;890;246319;203679;74.3;61.5
03;2021-08-01;13;20;246332;203699;74.3;61.5
03;2021-08-02;1661;1603;247993;205302;74.9;62.0
03;2021-08-03;2213;2776;250206;208078;75.5;62.8
03;2021-08-04;2186;879;252392;208957;76.2;63.1
03;2021-08-05;1255;1936;253647;210893;76.6;63.7
03;2021-08-06;1274;1023;254921;211916;76.9;64.0
03;2021-08-07;606;490;255527;212406;77.1;64.1
03;2021-08-08;65;28;255592;212434;77.1;64.1
03;2021-08-09;597;1304;256189;213738;77.3;64.5
03;2021-08-10;1658;3457;257847;217195;77.8;65.6
03;2021-08-11;1328;2526;259175;219721;78.2;66.3
03;2021-08-12;1122;3503;260297;223224;78.6;67.4
04;2020-12-27;0;0;0;0;0.0;0.0
04;2020-12-28;1;0;1;0;0.0;0.0
04;2020-12-29;0;0;1;0;0.0;0.0
04;2020-12-30;0;0;1;0;0.0;0.0
04;2020-12-31;0;0;1;0;0.0;0.0
04;2021-01-01;0;0;1;0;0.0;0.0
04;2021-01-02;0;0;1;0;0.0;0.0
04;2021-01-03;0;0;1;0;0.0;0.0
04;2021-01-04;0;0;1;0;0.0;0.0
04;2021-01-05;4;0;5;0;0.0;0.0
04;2021-01-06;0;0;5;0;0.0;0.0
04;2021-01-07;61;0;66;0;0.0;0.0
04;2021-01-08;88;0;154;0;0.1;0.0
04;2021-01-09;57;0;211;0;0.1;0.0
04;2021-01-10;0;0;211;0;0.1;0.0
04;2021-01-11;77;0;288;0;0.2;0.0
04;2021-01-12;418;1;706;1;0.4;0.0
04;2021-01-13;245;1;951;2;0.6;0.0
04;2021-01-14;90;2;1041;4;0.6;0.0
04;2021-01-15;165;4;1206;8;0.7;0.0
04;2021-01-16;105;2;1311;10;0.8;0.0
04;2021-01-17;14;0;1325;10;0.8;0.0
04;2021-01-18;236;9;1561;19;0.9;0.0
04;2021-01-19;466;4;2027;23;1.2;0.0
04;2021-01-20;572;8;2599;31;1.6;0.0
04;2021-01-21;612;6;3211;37;1.9;0.0
04;2021-01-22;638;1;3849;38;2.3;0.0
04;2021-01-23;111;0;3960;38;2.4;0.0
04;2021-01-24;0;0;3960;38;2.4;0.0
04;2021-01-25;240;0;4200;38;2.5;0.0
04;2021-01-26;656;1;4856;39;2.9;0.0
04;2021-01-27;480;0;5336;39;3.2;0.0
04;2021-01-28;665;22;6001;61;3.6;0.0
04;2021-01-29;367;41;6368;102;3.9;0.1
04;2021-01-30;65;41;6433;143;3.9;0.1
04;2021-01-31;1;5;6434;148;3.9;0.1
04;2021-02-01;239;149;6673;297;4.0;0.2
04;2021-02-02;557;225;7230;522;4.4;0.3
04;2021-02-03;368;161;7598;683;4.6;0.4
04;2021-02-04;356;53;7954;736;4.8;0.4
04;2021-02-05;379;222;8333;958;5.0;0.6
04;2021-02-06;50;95;8383;1053;5.1;0.6
04;2021-02-07;2;22;8385;1075;5.1;0.7
04;2021-02-08;163;71;8548;1146;5.2;0.7
04;2021-02-09;193;144;8741;1290;5.3;0.8
04;2021-02-10;252;171;8993;1461;5.4;0.9
04;2021-02-11;364;291;9357;1752;5.7;1.1
04;2021-02-12;293;318;9650;2070;5.8;1.3
04;2021-02-13;26;94;9676;2164;5.9;1.3
04;2021-02-14;0;0;9676;2164;5.9;1.3
04;2021-02-15;31;164;9707;2328;5.9;1.4
04;2021-02-16;80;520;9787;2848;5.9;1.7
04;2021-02-17;67;434;9854;3282;6.0;2.0
04;2021-02-18;45;614;9899;3896;6.0;2.4
04;2021-02-19;52;377;9951;4273;6.0;2.6
04;2021-02-20;5;71;9956;4344;6.0;2.6
04;2021-02-21;0;0;9956;4344;6.0;2.6
04;2021-02-22;7;298;9963;4642;6.0;2.8
04;2021-02-23;19;595;9982;5237;6.0;3.2
04;2021-02-24;38;432;10020;5669;6.1;3.4
04;2021-02-25;71;378;10091;6047;6.1;3.7
04;2021-02-26;215;332;10306;6379;6.2;3.9
04;2021-02-27;179;74;10485;6453;6.3;3.9
04;2021-02-28;1;0;10486;6453;6.3;3.9
04;2021-03-01;18;74;10504;6527;6.4;4.0
04;2021-03-02;135;41;10639;6568;6.4;4.0
04;2021-03-03;375;644;11014;7212;6.7;4.4
04;2021-03-04;208;491;11222;7703;6.8;4.7
04;2021-03-05;236;361;11458;8064;6.9;4.9
04;2021-03-06;912;72;12370;8136;7.5;4.9
04;2021-03-07;498;23;12868;8159;7.8;4.9
04;2021-03-08;44;83;12912;8242;7.8;5.0
04;2021-03-09;215;257;13127;8499;7.9;5.1
04;2021-03-10;400;374;13527;8873;8.2;5.4
04;2021-03-11;495;341;14022;9214;8.5;5.6
04;2021-03-12;699;205;14721;9419;8.9;5.7
04;2021-03-13;1087;61;15808;9480;9.6;5.7
04;2021-03-14;459;3;16267;9483;9.8;5.7
04;2021-03-15;93;14;16360;9497;9.9;5.7
04;2021-03-16;74;9;16434;9506;9.9;5.8
04;2021-03-17;532;75;16966;9581;10.3;5.8
04;2021-03-18;815;23;17781;9604;10.8;5.8
04;2021-03-19;724;32;18505;9636;11.2;5.8
04;2021-03-20;159;3;18664;9639;11.3;5.8
04;2021-03-21;0;0;18664;9639;11.3;5.8
04;2021-03-22;105;12;18769;9651;11.4;5.8
04;2021-03-23;244;7;19013;9658;11.5;5.8
04;2021-03-24;1023;51;20036;9709;12.1;5.9
04;2021-03-25;1326;45;21362;9754;12.9;5.9
04;2021-03-26;1448;66;22810;9820;13.8;5.9
04;2021-03-27;264;19;23074;9839;14.0;6.0
04;2021-03-28;2;0;23076;9839;14.0;6.0
04;2021-03-29;680;12;23756;9851;14.4;6.0
04;2021-03-30;1085;147;24841;9998;15.0;6.1
04;2021-03-31;1327;103;26168;10101;15.8;6.1
04;2021-04-01;1132;124;27300;10225;16.5;6.2
04;2021-04-02;1184;110;28484;10335;17.2;6.3
04;2021-04-03;250;20;28734;10355;17.4;6.3
04;2021-04-04;1;0;28735;10355;17.4;6.3
04;2021-04-05;35;1;28770;10356;17.4;6.3
04;2021-04-06;928;144;29698;10500;18.0;6.4
04;2021-04-07;882;433;30580;10933;18.5;6.6
04;2021-04-08;926;697;31506;11630;19.1;7.0
04;2021-04-09;678;419;32184;12049;19.5;7.3
04;2021-04-10;231;192;32415;12241;19.6;7.4
04;2021-04-11;153;65;32568;12306;19.7;7.4
04;2021-04-12;594;100;33162;12406;20.1;7.5
04;2021-04-13;1190;239;34352;12645;20.8;7.7
04;2021-04-14;992;499;35344;13144;21.4;8.0
04;2021-04-15;921;667;36265;13811;22.0;8.4
04;2021-04-16;819;457;37084;14268;22.4;8.6
04;2021-04-17;211;69;37295;14337;22.6;8.7
04;2021-04-18;0;13;37295;14350;22.6;8.7
04;2021-04-19;338;290;37633;14640;22.8;8.9
04;2021-04-20;1005;445;38638;15085;23.4;9.1
04;2021-04-21;656;746;39294;15831;23.8;9.6
04;2021-04-22;759;854;40053;16685;24.2;10.1
04;2021-04-23;695;536;40748;17221;24.7;10.4
04;2021-04-24;165;65;40913;17286;24.8;10.5
04;2021-04-25;0;0;40913;17286;24.8;10.5
04;2021-04-26;172;612;41085;17898;24.9;10.8
04;2021-04-27;395;967;41480;18865;25.1;11.4
04;2021-04-28;432;1089;41912;19954;25.4;12.1
04;2021-04-29;687;1126;42599;21080;25.8;12.8
04;2021-04-30;436;849;43035;21929;26.1;13.3
04;2021-05-01;104;22;43139;21951;26.1;13.3
04;2021-05-02;8;131;43147;22082;26.1;13.4
04;2021-05-03;151;552;43298;22634;26.2;13.7
04;2021-05-04;564;839;43862;23473;26.6;14.2
04;2021-05-05;514;929;44376;24402;26.9;14.8
04;2021-05-06;1160;590;45536;24992;27.6;15.1
04;2021-05-07;657;762;46193;25754;28.0;15.6
04;2021-05-08;48;98;46241;25852;28.0;15.6
04;2021-05-09;0;0;46241;25852;28.0;15.6
04;2021-05-10;466;296;46707;26148;28.3;15.8
04;2021-05-11;1202;907;47909;27055;29.0;16.4
04;2021-05-12;1389;739;49298;27794;29.8;16.8
04;2021-05-13;378;130;49676;27924;30.1;16.9
04;2021-05-14;441;295;50117;28219;30.3;17.1
04;2021-05-15;99;163;50216;28382;30.4;17.2
04;2021-05-16;4;6;50220;28388;30.4;17.2
04;2021-05-17;155;298;50375;28686;30.5;17.4
04;2021-05-18;392;976;50767;29662;30.7;18.0
04;2021-05-19;772;689;51539;30351;31.2;18.4
04;2021-05-20;1258;551;52797;30902;32.0;18.7
04;2021-05-21;852;787;53649;31689;32.5;19.2
04;2021-05-22;105;146;53754;31835;32.5;19.3
04;2021-05-23;1;1;53755;31836;32.5;19.3
04;2021-05-24;1;36;53756;31872;32.5;19.3
04;2021-05-25;868;595;54624;32467;33.1;19.7
04;2021-05-26;1047;788;55671;33255;33.7;20.1
04;2021-05-27;1357;631;57028;33886;34.5;20.5
04;2021-05-28;1120;659;58148;34545;35.2;20.9
04;2021-05-29;89;397;58237;34942;35.3;21.2
04;2021-05-30;3;1;58240;34943;35.3;21.2
04;2021-05-31;421;417;58661;35360;35.5;21.4
04;2021-06-01;641;636;59302;35996;35.9;21.8
04;2021-06-02;871;1063;60173;37059;36.4;22.4
04;2021-06-03;1196;853;61369;37912;37.1;22.9
04;2021-06-04;977;779;62346;38691;37.7;23.4
04;2021-06-05;142;201;62488;38892;37.8;23.5
04;2021-06-06;7;13;62495;38905;37.8;23.6
04;2021-06-07;564;318;63059;39223;38.2;23.7
04;2021-06-08;843;596;63902;39819;38.7;24.1
04;2021-06-09;1149;687;65051;40506;39.4;24.5
04;2021-06-10;1146;586;66197;41092;40.1;24.9
04;2021-06-11;945;611;67142;41703;40.6;25.2
04;2021-06-12;212;148;67354;41851;40.8;25.3
04;2021-06-13;1;1;67355;41852;40.8;25.3
04;2021-06-14;478;304;67833;42156;41.1;25.5
04;2021-06-15;644;1001;68477;43157;41.5;26.1
04;2021-06-16;1021;785;69498;43942;42.1;26.6
04;2021-06-17;1001;961;70499;44903;42.7;27.2
04;2021-06-18;765;885;71264;45788;43.1;27.7
04;2021-06-19;39;85;71303;45873;43.2;27.8
04;2021-06-20;7;9;71310;45882;43.2;27.8
04;2021-06-21;306;614;71616;46496;43.4;28.1
04;2021-06-22;361;1308;71977;47804;43.6;28.9
04;2021-06-23;475;1313;72452;49117;43.9;29.7
04;2021-06-24;852;818;73304;49935;44.4;30.2
04;2021-06-25;461;637;73765;50572;44.7;30.6
04;2021-06-26;56;129;73821;50701;44.7;30.7
04;2021-06-27;4;4;73825;50705;44.7;30.7
04;2021-06-28;159;341;73984;51046;44.8;30.9
04;2021-06-29;370;835;74354;51881;45.0;31.4
04;2021-06-30;543;1122;74897;53003;45.3;32.1
04;2021-07-01;578;1214;75475;54217;45.7;32.8
04;2021-07-02;556;1087;76031;55304;46.0;33.5
04;2021-07-03;65;162;76096;55466;46.1;33.6
04;2021-07-04;6;6;76102;55472;46.1;33.6
04;2021-07-05;106;296;76208;55768;46.1;33.8
04;2021-07-06;506;1384;76714;57152;46.4;34.6
04;2021-07-07;491;1342;77205;58494;46.7;35.4
04;2021-07-08;724;1357;77929;59851;47.2;36.2
04;2021-07-09;580;1061;78509;60912;47.5;36.9
04;2021-07-10;92;176;78601;61088;47.6;37.0
04;2021-07-11;0;21;78601;61109;47.6;37.0
04;2021-07-12;127;651;78728;61760;47.7;37.4
04;2021-07-13;879;1541;79607;63301;48.2;38.3
04;2021-07-14;26;43;79633;63344;48.2;38.3
04;2021-07-15;1217;1732;80850;65076;48.9;39.4
04;2021-07-16;1079;1116;81929;66192;49.6;40.1
04;2021-07-17;444;232;82373;66424;49.9;40.2
04;2021-07-18;114;18;82487;66442;49.9;40.2
04;2021-07-19;483;654;82970;67096;50.2;40.6
04;2021-07-20;1311;1457;84281;68553;51.0;41.5
04;2021-07-21;1121;1166;85402;69719;51.7;42.2
04;2021-07-22;1498;1366;86900;71085;52.6;43.0
04;2021-07-23;1149;1141;88049;72226;53.3;43.7
04;2021-07-24;681;213;88730;72439;53.7;43.9
04;2021-07-25;42;20;88772;72459;53.7;43.9
04;2021-07-26;439;638;89211;73097;54.0;44.2
04;2021-07-27;1360;1044;90571;74141;54.8;44.9
04;2021-07-28;1067;1036;91638;75177;55.5;45.5
04;2021-07-29;1547;1301;93185;76478;56.4;46.3
04;2021-07-30;1244;921;94429;77399;57.2;46.9
04;2021-07-31;251;175;94680;77574;57.3;47.0
04;2021-08-01;48;18;94728;77592;57.3;47.0
04;2021-08-02;135;109;94863;77701;57.4;47.0
04;2021-08-03;1337;1111;96200;78812;58.2;47.7
04;2021-08-04;1171;857;97371;79669;58.9;48.2
04;2021-08-05;1186;736;98557;80405;59.7;48.7
04;2021-08-06;515;395;99072;80800;60.0;48.9
04;2021-08-07;159;162;99231;80962;60.1;49.0
04;2021-08-08;25;12;99256;80974;60.1;49.0
04;2021-08-09;104;119;99360;81093;60.1;49.1
04;2021-08-10;653;976;100013;82069;60.5;49.7
04;2021-08-11;1142;1017;101155;83086;61.2;50.3
04;2021-08-12;1105;1279;102260;84365;61.9;51.1
05;2020-12-27;0;0;0;0;0.0;0.0
05;2020-12-28;1;0;1;0;0.0;0.0
05;2020-12-29;1;0;2;0;0.0;0.0
05;2020-12-30;2;0;4;0;0.0;0.0
05;2020-12-31;0;0;4;0;0.0;0.0
05;2021-01-01;2;0;6;0;0.0;0.0
05;2021-01-02;2;0;8;0;0.0;0.0
05;2021-01-03;1;0;9;0;0.0;0.0
05;2021-01-04;2;0;11;0;0.0;0.0
05;2021-01-05;0;0;11;0;0.0;0.0
05;2021-01-06;21;0;32;0;0.0;0.0
05;2021-01-07;128;0;160;0;0.1;0.0
05;2021-01-08;146;0;306;0;0.2;0.0
05;2021-01-09;11;0;317;0;0.2;0.0
05;2021-01-10;0;0;317;0;0.2;0.0
05;2021-01-11;44;0;361;0;0.3;0.0
05;2021-01-12;105;0;466;0;0.3;0.0
05;2021-01-13;140;0;606;0;0.4;0.0
05;2021-01-14;167;0;773;0;0.5;0.0
05;2021-01-15;128;1;901;1;0.6;0.0
05;2021-01-16;13;0;914;1;0.6;0.0
05;2021-01-17;0;0;914;1;0.6;0.0
05;2021-01-18;226;1;1140;2;0.8;0.0
05;2021-01-19;227;0;1367;2;1.0;0.0
05;2021-01-20;213;0;1580;2;1.1;0.0
05;2021-01-21;255;0;1835;2;1.3;0.0
05;2021-01-22;195;1;2030;3;1.4;0.0
05;2021-01-23;112;0;2142;3;1.5;0.0
05;2021-01-24;0;0;2142;3;1.5;0.0
05;2021-01-25;316;0;2458;3;1.7;0.0
05;2021-01-26;486;0;2944;3;2.1;0.0
05;2021-01-27;389;4;3333;7;2.4;0.0
05;2021-01-28;363;55;3696;62;2.6;0.0
05;2021-01-29;363;113;4059;175;2.9;0.1
05;2021-01-30;97;9;4156;184;2.9;0.1
05;2021-01-31;4;0;4160;184;2.9;0.1
05;2021-02-01;176;21;4336;205;3.1;0.1
05;2021-02-02;186;122;4522;327;3.2;0.2
05;2021-02-03;207;65;4729;392;3.3;0.3
05;2021-02-04;197;126;4926;518;3.5;0.4
05;2021-02-05;183;111;5109;629;3.6;0.4
05;2021-02-06;75;24;5184;653;3.7;0.5
05;2021-02-07;0;5;5184;658;3.7;0.5
05;2021-02-08;84;125;5268;783;3.7;0.6
05;2021-02-09;97;118;5365;901;3.8;0.6
05;2021-02-10;81;178;5446;1079;3.8;0.8
05;2021-02-11;87;138;5533;1217;3.9;0.9
05;2021-02-12;84;150;5617;1367;4.0;1.0
05;2021-02-13;75;32;5692;1399;4.0;1.0
05;2021-02-14;0;0;5692;1399;4.0;1.0
05;2021-02-15;97;191;5789;1590;4.1;1.1
05;2021-02-16;111;286;5900;1876;4.2;1.3
05;2021-02-17;136;231;6036;2107;4.3;1.5
05;2021-02-18;154;300;6190;2407;4.4;1.7
05;2021-02-19;158;323;6348;2730;4.5;1.9
05;2021-02-20;31;87;6379;2817;4.5;2.0
05;2021-02-21;0;0;6379;2817;4.5;2.0
05;2021-02-22;70;245;6449;3062;4.5;2.2
05;2021-02-23;18;239;6467;3301;4.6;2.3
05;2021-02-24;20;196;6487;3497;4.6;2.5
05;2021-02-25;56;177;6543;3674;4.6;2.6
05;2021-02-26;145;213;6688;3887;4.7;2.7
05;2021-02-27;65;171;6753;4058;4.8;2.9
05;2021-02-28;11;0;6764;4058;4.8;2.9
05;2021-03-01;93;170;6857;4228;4.8;3.0
05;2021-03-02;92;198;6949;4426;4.9;3.1
05;2021-03-03;111;232;7060;4658;5.0;3.3
05;2021-03-04;242;166;7302;4824;5.2;3.4
05;2021-03-05;578;193;7880;5017;5.6;3.5
05;2021-03-06;668;58;8548;5075;6.0;3.6
05;2021-03-07;515;19;9063;5094;6.4;3.6
05;2021-03-08;556;137;9619;5231;6.8;3.7
05;2021-03-09;519;160;10138;5391;7.2;3.8
05;2021-03-10;497;143;10635;5534;7.5;3.9
05;2021-03-11;374;137;11009;5671;7.8;4.0
05;2021-03-12;435;90;11444;5761;8.1;4.1
05;2021-03-13;795;93;12239;5854;8.6;4.1
05;2021-03-14;669;8;12908;5862;9.1;4.1
05;2021-03-15;353;125;13261;5987;9.4;4.2
05;2021-03-16;148;140;13409;6127;9.5;4.3
05;2021-03-17;262;121;13671;6248;9.6;4.4
05;2021-03-18;364;35;14035;6283;9.9;4.4
05;2021-03-19;450;59;14485;6342;10.2;4.5
05;2021-03-20;167;32;14652;6374;10.3;4.5
05;2021-03-21;1;0;14653;6374;10.3;4.5
05;2021-03-22;716;34;15369;6408;10.8;4.5
05;2021-03-23;804;12;16173;6420;11.4;4.5
05;2021-03-24;789;74;16962;6494;12.0;4.6
05;2021-03-25;901;58;17863;6552;12.6;4.6
05;2021-03-26;1023;42;18886;6594;13.3;4.7
05;2021-03-27;467;34;19353;6628;13.7;4.7
05;2021-03-28;10;0;19363;6628;13.7;4.7
05;2021-03-29;905;63;20268;6691;14.3;4.7
05;2021-03-30;1140;70;21408;6761;15.1;4.8
05;2021-03-31;823;254;22231;7015;15.7;4.9
05;2021-04-01;900;240;23131;7255;16.3;5.1
05;2021-04-02;665;377;23796;7632;16.8;5.4
05;2021-04-03;550;183;24346;7815;17.2;5.5
05;2021-04-04;350;63;24696;7878;17.4;5.6
05;2021-04-05;158;12;24854;7890;17.5;5.6
05;2021-04-06;646;270;25500;8160;18.0;5.8
05;2021-04-07;773;323;26273;8483;18.5;6.0
05;2021-04-08;735;335;27008;8818;19.1;6.2
05;2021-04-09;884;402;27892;9220;19.7;6.5
05;2021-04-10;713;386;28605;9606;20.2;6.8
05;2021-04-11;191;174;28796;9780;20.3;6.9
05;2021-04-12;732;260;29528;10040;20.8;7.1
05;2021-04-13;921;231;30449;10271;21.5;7.2
05;2021-04-14;666;327;31115;10598;21.9;7.5
05;2021-04-15;767;397;31882;10995;22.5;7.8
05;2021-04-16;731;411;32613;11406;23.0;8.0
05;2021-04-17;671;237;33284;11643;23.5;8.2
05;2021-04-18;305;23;33589;11666;23.7;8.2
05;2021-04-19;363;538;33952;12204;24.0;8.6
05;2021-04-20;482;630;34434;12834;24.3;9.1
05;2021-04-21;494;630;34928;13464;24.6;9.5
05;2021-04-22;385;546;35313;14010;24.9;9.9
05;2021-04-23;523;649;35836;14659;25.3;10.3
05;2021-04-24;346;383;36182;15042;25.5;10.6
05;2021-04-25;288;23;36470;15065;25.7;10.6
05;2021-04-26;365;706;36835;15771;26.0;11.1
05;2021-04-27;657;750;37492;16521;26.4;11.7
05;2021-04-28;468;720;37960;17241;26.8;12.2
05;2021-04-29;703;749;38663;17990;27.3;12.7
05;2021-04-30;508;753;39171;18743;27.6;13.2
05;2021-05-01;138;110;39309;18853;27.7;13.3
05;2021-05-02;266;115;39575;18968;27.9;13.4
05;2021-05-03;457;494;40032;19462;28.2;13.7
05;2021-05-04;384;502;40416;19964;28.5;14.1
05;2021-05-05;462;670;40878;20634;28.8;14.6
05;2021-05-06;647;719;41525;21353;29.3;15.1
05;2021-05-07;596;803;42121;22156;29.7;15.6
05;2021-05-08;481;174;42602;22330;30.1;15.8
05;2021-05-09;208;57;42810;22387;30.2;15.8
05;2021-05-10;499;694;43309;23081;30.6;16.3
05;2021-05-11;669;914;43978;23995;31.0;16.9
05;2021-05-12;647;733;44625;24728;31.5;17.4
05;2021-05-13;960;114;45585;24842;32.2;17.5
05;2021-05-14;826;492;46411;25334;32.7;17.9
05;2021-05-15;1043;354;47454;25688;33.5;18.1
05;2021-05-16;235;52;47689;25740;33.6;18.2
05;2021-05-17;484;431;48173;26171;34.0;18.5
05;2021-05-18;517;419;48690;26590;34.3;18.8
05;2021-05-19;724;458;49414;27048;34.9;19.1
05;2021-05-20;747;434;50161;27482;35.4;19.4
05;2021-05-21;705;511;50866;27993;35.9;19.7
05;2021-05-22;606;239;51472;28232;36.3;19.9
05;2021-05-23;277;59;51749;28291;36.5;20.0
05;2021-05-24;509;157;52258;28448;36.9;20.1
05;2021-05-25;515;482;52773;28930;37.2;20.4
05;2021-05-26;696;361;53469;29291;37.7;20.7
05;2021-05-27;799;571;54268;29862;38.3;21.1
05;2021-05-28;665;648;54933;30510;38.8;21.5
05;2021-05-29;566;545;55499;31055;39.2;21.9
05;2021-05-30;212;82;55711;31137;39.3;22.0
05;2021-05-31;575;496;56286;31633;39.7;22.3
05;2021-06-01;589;585;56875;32218;40.1;22.7
05;2021-06-02;685;703;57560;32921;40.6;23.2
05;2021-06-03;715;652;58275;33573;41.1;23.7
05;2021-06-04;1017;817;59292;34390;41.8;24.3
05;2021-06-05;807;506;60099;34896;42.4;24.6
05;2021-06-06;200;88;60299;34984;42.5;24.7
05;2021-06-07;605;834;60904;35818;43.0;25.3
05;2021-06-08;697;657;61601;36475;43.5;25.7
05;2021-06-09;649;783;62250;37258;43.9;26.3
05;2021-06-10;543;718;62793;37976;44.3;26.8
05;2021-06-11;763;722;63556;38698;44.8;27.3
05;2021-06-12;589;484;64145;39182;45.3;27.6
05;2021-06-13;112;91;64257;39273;45.3;27.7
05;2021-06-14;403;668;64660;39941;45.6;28.2
05;2021-06-15;543;911;65203;40852;46.0;28.8
05;2021-06-16;433;670;65636;41522;46.3;29.3
05;2021-06-17;360;804;65996;42326;46.6;29.9
05;2021-06-18;396;724;66392;43050;46.8;30.4
05;2021-06-19;421;571;66813;43621;47.1;30.8
05;2021-06-20;64;77;66877;43698;47.2;30.8
05;2021-06-21;319;642;67196;44340;47.4;31.3
05;2021-06-22;356;829;67552;45169;47.7;31.9
05;2021-06-23;354;762;67906;45931;47.9;32.4
05;2021-06-24;388;1021;68294;46952;48.2;33.1
05;2021-06-25;229;894;68523;47846;48.3;33.8
05;2021-06-26;290;1074;68813;48920;48.5;34.5
05;2021-06-27;128;170;68941;49090;48.6;34.6
05;2021-06-28;253;792;69194;49882;48.8;35.2
05;2021-06-29;250;785;69444;50667;49.0;35.7
05;2021-06-30;328;789;69772;51456;49.2;36.3
05;2021-07-01;382;792;70154;52248;49.5;36.9
05;2021-07-02;370;870;70524;53118;49.8;37.5
05;2021-07-03;302;740;70826;53858;50.0;38.0
05;2021-07-04;179;177;71005;54035;50.1;38.1
05;2021-07-05;264;781;71269;54816;50.3;38.7
05;2021-07-06;334;859;71603;55675;50.5;39.3
05;2021-07-07;400;782;72003;56457;50.8;39.8
05;2021-07-08;431;849;72434;57306;51.1;40.4
05;2021-07-09;422;995;72856;58301;51.4;41.1
05;2021-07-10;314;729;73170;59030;51.6;41.6
05;2021-07-11;176;119;73346;59149;51.7;41.7
05;2021-07-12;415;1014;73761;60163;52.0;42.4
05;2021-07-13;481;870;74242;61033;52.4;43.1
05;2021-07-14;839;299;75081;61332;53.0;43.3
05;2021-07-15;708;993;75789;62325;53.5;44.0
05;2021-07-16;1023;1453;76812;63778;54.2;45.0
05;2021-07-17;671;1303;77483;65081;54.7;45.9
05;2021-07-18;284;128;77767;65209;54.9;46.0
05;2021-07-19;570;795;78337;66004;55.3;46.6
05;2021-07-20;760;802;79097;66806;55.8;47.1
05;2021-07-21;879;843;79976;67649;56.4;47.7
05;2021-07-22;811;868;80787;68517;57.0;48.3
05;2021-07-23;1443;1235;82230;69752;58.0;49.2
05;2021-07-24;856;833;83086;70585;58.6;49.8
05;2021-07-25;305;159;83391;70744;58.8;49.9
05;2021-07-26;771;558;84162;71302;59.4;50.3
05;2021-07-27;1253;748;85415;72050;60.3;50.8
05;2021-07-28;1513;712;86928;72762;61.3;51.3
05;2021-07-29;1344;721;88272;73483;62.3;51.8
05;2021-07-30;956;594;89228;74077;62.9;52.3
05;2021-07-31;779;519;90007;74596;63.5;52.6
05;2021-08-01;192;177;90199;74773;63.6;52.7
05;2021-08-02;827;543;91026;75316;64.2;53.1
05;2021-08-03;825;605;91851;75921;64.8;53.6
05;2021-08-04;986;753;92837;76674;65.5;54.1
05;2021-08-05;977;720;93814;77394;66.2;54.6
05;2021-08-06;859;790;94673;78184;66.8;55.2
05;2021-08-07;626;639;95299;78823;67.2;55.6
05;2021-08-08;196;267;95495;79090;67.4;55.8
05;2021-08-09;770;847;96265;79937;67.9;56.4
05;2021-08-10;629;684;96894;80621;68.4;56.9
05;2021-08-11;743;851;97637;81472;68.9;57.5
05;2021-08-12;773;768;98410;82240;69.4;58.0
06;2020-12-27;10;0;10;0;0.0;0.0
06;2020-12-28;7;0;17;0;0.0;0.0
06;2020-12-29;5;0;22;0;0.0;0.0
06;2020-12-30;6;0;28;0;0.0;0.0
06;2020-12-31;24;0;52;0;0.0;0.0
06;2021-01-01;17;0;69;0;0.0;0.0
06;2021-01-02;5;0;74;0;0.0;0.0
06;2021-01-03;3;0;77;0;0.0;0.0
06;2021-01-04;142;1;219;1;0.0;0.0
06;2021-01-05;179;1;398;2;0.0;0.0
06;2021-01-06;219;0;617;2;0.1;0.0
06;2021-01-07;502;0;1119;2;0.1;0.0
06;2021-01-08;680;2;1799;4;0.2;0.0
06;2021-01-09;391;2;2190;6;0.2;0.0
06;2021-01-10;75;0;2265;6;0.2;0.0
06;2021-01-11;1133;0;3398;6;0.3;0.0
06;2021-01-12;2218;4;5616;10;0.5;0.0
06;2021-01-13;1735;7;7351;17;0.7;0.0
06;2021-01-14;2119;17;9470;34;0.9;0.0
06;2021-01-15;1869;5;11339;39;1.1;0.0
06;2021-01-16;981;4;12320;43;1.1;0.0
06;2021-01-17;236;0;12556;43;1.2;0.0
06;2021-01-18;2471;7;15027;50;1.4;0.0
06;2021-01-19;2749;9;17776;59;1.6;0.0
06;2021-01-20;3341;7;21117;66;2.0;0.0
06;2021-01-21;3025;22;24142;88;2.2;0.0
06;2021-01-22;2917;14;27059;102;2.5;0.0
06;2021-01-23;1300;3;28359;105;2.6;0.0
06;2021-01-24;30;0;28389;105;2.6;0.0
06;2021-01-25;2066;15;30455;120;2.8;0.0
06;2021-01-26;3385;38;33840;158;3.1;0.0
06;2021-01-27;2554;101;36394;259;3.4;0.0
06;2021-01-28;2806;201;39200;460;3.6;0.0
06;2021-01-29;2496;310;41696;770;3.9;0.1
06;2021-01-30;666;43;42362;813;3.9;0.1
06;2021-01-31;3;1;42365;814;3.9;0.1
06;2021-02-01;1025;479;43390;1293;4.0;0.1
06;2021-02-02;1500;414;44890;1707;4.2;0.2
06;2021-02-03;330;136;45220;1843;4.2;0.2
06;2021-02-04;713;895;45933;2738;4.3;0.3
06;2021-02-05;1012;1115;46945;3853;4.3;0.4
06;2021-02-06;157;462;47102;4315;4.4;0.4
06;2021-02-07;9;49;47111;4364;4.4;0.4
06;2021-02-08;531;1089;47642;5453;4.4;0.5
06;2021-02-09;313;740;47955;6193;4.4;0.6
06;2021-02-10;372;666;48327;6859;4.5;0.6
06;2021-02-11;471;1072;48798;7931;4.5;0.7
06;2021-02-12;652;1315;49450;9246;4.6;0.9
06;2021-02-13;204;524;49654;9770;4.6;0.9
06;2021-02-14;9;2;49663;9772;4.6;0.9
06;2021-02-15;464;1282;50127;11054;4.6;1.0
06;2021-02-16;867;2012;50994;13066;4.7;1.2
06;2021-02-17;826;2149;51820;15215;4.8;1.4
06;2021-02-18;1802;2710;53622;17925;5.0;1.7
06;2021-02-19;1764;2152;55386;20077;5.1;1.9
06;2021-02-20;280;527;55666;20604;5.2;1.9
06;2021-02-21;21;55;55687;20659;5.2;1.9
06;2021-02-22;1079;1624;56766;22283;5.3;2.1
06;2021-02-23;1748;1555;58514;23838;5.4;2.2
06;2021-02-24;2112;1295;60626;25133;5.6;2.3
06;2021-02-25;3842;1716;64468;26849;6.0;2.5
06;2021-02-26;3389;1611;67857;28460;6.3;2.6
06;2021-02-27;1426;330;69283;28790;6.4;2.7
06;2021-02-28;87;24;69370;28814;6.4;2.7
06;2021-03-01;2405;821;71775;29635;6.6;2.7
06;2021-03-02;2451;989;74226;30624;6.9;2.8
06;2021-03-03;2846;566;77072;31190;7.1;2.9
06;2021-03-04;4615;623;81687;31813;7.6;2.9
06;2021-03-05;3896;1025;85583;32838;7.9;3.0
06;2021-03-06;11918;344;97501;33182;9.0;3.1
06;2021-03-07;10186;292;107687;33474;10.0;3.1
06;2021-03-08;4142;1193;111829;34667;10.4;3.2
06;2021-03-09;4968;925;116797;35592;10.8;3.3
06;2021-03-10;4689;837;121486;36429;11.3;3.4
06;2021-03-11;6719;890;128205;37319;11.9;3.5
06;2021-03-12;6862;1006;135067;38325;12.5;3.6
06;2021-03-13;11216;340;146283;38665;13.6;3.6
06;2021-03-14;499;48;146782;38713;13.6;3.6
06;2021-03-15;4821;765;151603;39478;14.0;3.7
06;2021-03-16;3750;1049;155353;40527;14.4;3.8
06;2021-03-17;6200;1880;161553;42407;15.0;3.9
06;2021-03-18;5112;1819;166665;44226;15.4;4.1
06;2021-03-19;6810;2015;173475;46241;16.1;4.3
06;2021-03-20;2370;560;175845;46801;16.3;4.3
06;2021-03-21;406;23;176251;46824;16.3;4.3
06;2021-03-22;3961;699;180212;47523;16.7;4.4
06;2021-03-23;5972;1206;186184;48729;17.2;4.5
06;2021-03-24;4211;3325;190395;52054;17.6;4.8
06;2021-03-25;5849;3239;196244;55293;18.2;5.1
06;2021-03-26;6347;1994;202591;57287;18.8;5.3
06;2021-03-27;2033;366;204624;57653;19.0;5.3
06;2021-03-28;207;3;204831;57656;19.0;5.3
06;2021-03-29;3197;2091;208028;59747;19.3;5.5
06;2021-03-30;5183;2534;213211;62281;19.8;5.8
06;2021-03-31;8025;1644;221236;63925;20.5;5.9
06;2021-04-01;7627;2453;228863;66378;21.2;6.1
06;2021-04-02;7217;2694;236080;69072;21.9;6.4
06;2021-04-03;2715;1364;238795;70436;22.1;6.5
06;2021-04-04;299;549;239094;70985;22.2;6.6
06;2021-04-05;1401;690;240495;71675;22.3;6.6
06;2021-04-06;6648;3304;247143;74979;22.9;6.9
06;2021-04-07;6211;3879;253354;78858;23.5;7.3
06;2021-04-08;5727;5645;259081;84503;24.0;7.8
06;2021-04-09;9357;5836;268438;90339;24.9;8.4
06;2021-04-10;2395;2788;270833;93127;25.1;8.6
06;2021-04-11;179;57;271012;93184;25.1;8.6
06;2021-04-12;4372;3530;275384;96714;25.5;9.0
06;2021-04-13;6352;5118;281736;101832;26.1;9.4
06;2021-04-14;5456;4480;287192;106312;26.6;9.8
06;2021-04-15;5534;4376;292726;110688;27.1;10.3
06;2021-04-16;7065;5184;299791;115872;27.8;10.7
06;2021-04-17;2775;3051;302566;118923;28.0;11.0
06;2021-04-18;261;223;302827;119146;28.1;11.0
06;2021-04-19;5473;4040;308300;123186;28.6;11.4
06;2021-04-20;5640;4847;313940;128033;29.1;11.9
06;2021-04-21;8309;4135;322249;132168;29.9;12.2
06;2021-04-22;8554;4171;330803;136339;30.6;12.6
06;2021-04-23;8767;4216;339570;140555;31.5;13.0
06;2021-04-24;2339;1481;341909;142036;31.7;13.2
06;2021-04-25;120;29;342029;142065;31.7;13.2
06;2021-04-26;4135;2301;346164;144366;32.1;13.4
06;2021-04-27;4571;4012;350735;148378;32.5;13.7
06;2021-04-28;4140;4547;354875;152925;32.9;14.2
06;2021-04-29;6074;5439;360949;158364;33.4;14.7
06;2021-04-30;6754;5152;367703;163516;34.1;15.1
06;2021-05-01;4149;811;371852;164327;34.5;15.2
06;2021-05-02;490;158;372342;164485;34.5;15.2
06;2021-05-03;6885;3521;379227;168006;35.1;15.6
06;2021-05-04;5743;5374;384970;173380;35.7;16.1
06;2021-05-05;4537;3903;389507;177283;36.1;16.4
06;2021-05-06;5215;4715;394722;181998;36.6;16.9
06;2021-05-07;5646;5665;400368;187663;37.1;17.4
06;2021-05-08;4858;1306;405226;188969;37.5;17.5
06;2021-05-09;192;307;405418;189276;37.6;17.5
06;2021-05-10;4813;5039;410231;194315;38.0;18.0
06;2021-05-11;4930;5550;415161;199865;38.5;18.5
06;2021-05-12;9077;4867;424238;204732;39.3;19.0
06;2021-05-13;9250;2103;433488;206835;40.2;19.2
06;2021-05-14;10830;3303;444318;210138;41.2;19.5
06;2021-05-15;9263;2192;453581;212330;42.0;19.7
06;2021-05-16;1499;285;455080;212615;42.2;19.7
06;2021-05-17;7484;3746;462564;216361;42.9;20.0
06;2021-05-18;9716;3186;472280;219547;43.8;20.3
06;2021-05-19;7682;2966;479962;222513;44.5;20.6
06;2021-05-20;7880;3645;487842;226158;45.2;21.0
06;2021-05-21;8784;3905;496626;230063;46.0;21.3
06;2021-05-22;3022;1322;499648;231385;46.3;21.4
06;2021-05-23;130;628;499778;232013;46.3;21.5
06;2021-05-24;3181;996;502959;233009;46.6;21.6
06;2021-05-25;4758;4936;507717;237945;47.0;22.0
06;2021-05-26;5672;6607;513389;244552;47.6;22.7
06;2021-05-27;5566;6271;518955;250823;48.1;23.2
06;2021-05-28;4977;7274;523932;258097;48.5;23.9
06;2021-05-29;1634;2936;525566;261033;48.7;24.2
06;2021-05-30;257;1122;525823;262155;48.7;24.3
06;2021-05-31;4396;5109;530219;267264;49.1;24.8
06;2021-06-01;5712;7402;535931;274666;49.7;25.4
06;2021-06-02;3307;8548;539238;283214;50.0;26.2
06;2021-06-03;4541;8303;543779;291517;50.4;27.0
06;2021-06-04;5484;7734;549263;299251;50.9;27.7
06;2021-06-05;2457;3347;551720;302598;51.1;28.0
06;2021-06-06;176;236;551896;302834;51.1;28.1
06;2021-06-07;4138;5587;556034;308421;51.5;28.6
06;2021-06-08;4465;5181;560499;313602;51.9;29.1
06;2021-06-09;4094;7356;564593;320958;52.3;29.7
06;2021-06-10;4705;6854;569298;327812;52.7;30.4
06;2021-06-11;3886;8354;573184;336166;53.1;31.1
06;2021-06-12;1738;3743;574922;339909;53.3;31.5
06;2021-06-13;144;439;575066;340348;53.3;31.5
06;2021-06-14;2715;8591;577781;348939;53.5;32.3
06;2021-06-15;3241;9479;581022;358418;53.8;33.2
06;2021-06-16;3491;6998;584513;365416;54.2;33.9
06;2021-06-17;3654;7177;588167;372593;54.5;34.5
06;2021-06-18;2619;5928;590786;378521;54.7;35.1
06;2021-06-19;1296;1676;592082;380197;54.9;35.2
06;2021-06-20;209;346;592291;380543;54.9;35.3
06;2021-06-21;1705;6292;593996;386835;55.0;35.8
06;2021-06-22;2339;7364;596335;394199;55.2;36.5
06;2021-06-23;2073;6544;598408;400743;55.4;37.1
06;2021-06-24;3449;8958;601857;409701;55.8;38.0
06;2021-06-25;2288;9606;604145;419307;56.0;38.8
06;2021-06-26;893;2284;605038;421591;56.1;39.1
06;2021-06-27;378;1186;605416;422777;56.1;39.2
06;2021-06-28;2477;8130;607893;430907;56.3;39.9
06;2021-06-29;2375;7722;610268;438629;56.5;40.6
06;2021-06-30;1440;7687;611708;446316;56.7;41.3
06;2021-07-01;3336;7468;615044;453784;57.0;42.0
06;2021-07-02;4034;8237;619078;462021;57.4;42.8
06;2021-07-03;1224;4307;620302;466328;57.5;43.2
06;2021-07-04;314;300;620616;466628;57.5;43.2
06;2021-07-05;3578;5128;624194;471756;57.8;43.7
06;2021-07-06;1922;5827;626116;477583;58.0;44.2
06;2021-07-07;3417;5971;629533;483554;58.3;44.8
06;2021-07-08;3441;6305;632974;489859;58.6;45.4
06;2021-07-09;3947;6221;636921;496080;59.0;46.0
06;2021-07-10;1681;2329;638602;498409;59.2;46.2
06;2021-07-11;328;322;638930;498731;59.2;46.2
06;2021-07-12;3822;7145;642752;505876;59.5;46.9
06;2021-07-13;5792;8991;648544;514867;60.1;47.7
06;2021-07-14;962;432;649506;515299;60.2;47.7
06;2021-07-15;6408;8013;655914;523312;60.8;48.5
06;2021-07-16;7529;8994;663443;532306;61.5;49.3
06;2021-07-17;3099;5456;666542;537762;61.8;49.8
06;2021-07-18;1057;5326;667599;543088;61.8;50.3
06;2021-07-19;5800;8022;673399;551110;62.4;51.1
06;2021-07-20;7282;10237;680681;561347;63.1;52.0
06;2021-07-21;7965;8671;688646;570018;63.8;52.8
06;2021-07-22;10093;7821;698739;577839;64.7;53.5
06;2021-07-23;8913;6848;707652;584687;65.6;54.2
06;2021-07-24;3194;3209;710846;587896;65.9;54.5
06;2021-07-25;972;477;711818;588373;65.9;54.5
06;2021-07-26;7034;6836;718852;595209;66.6;55.1
06;2021-07-27;8729;5526;727581;600735;67.4;55.7
06;2021-07-28;7044;5364;734625;606099;68.1;56.2
06;2021-07-29;8365;5713;742990;611812;68.8;56.7
06;2021-07-30;7781;5454;750771;617266;69.6;57.2
06;2021-07-31;3481;3058;754252;620324;69.9;57.5
06;2021-08-01;715;427;754967;620751;69.9;57.5
06;2021-08-02;5686;4548;760653;625299;70.5;57.9
06;2021-08-03;6098;5404;766751;630703;71.0;58.4
06;2021-08-04;5336;3480;772087;634183;71.5;58.8
06;2021-08-05;5905;4393;777992;638576;72.1;59.2
06;2021-08-06;5493;6048;783485;644624;72.6;59.7
06;2021-08-07;2212;2443;785697;647067;72.8;59.9
06;2021-08-08;546;620;786243;647687;72.8;60.0
06;2021-08-09;4244;5962;790487;653649;73.2;60.6
06;2021-08-10;4921;6773;795408;660422;73.7;61.2
06;2021-08-11;4012;6126;799420;666548;74.1;61.8
06;2021-08-12;4097;6616;803517;673164;74.4;62.4
07;2020-12-27;0;0;0;0;0.0;0.0
07;2020-12-28;0;0;0;0;0.0;0.0
07;2020-12-29;0;0;0;0;0.0;0.0
07;2020-12-30;0;0;0;0;0.0;0.0
07;2020-12-31;0;0;0;0;0.0;0.0
07;2021-01-01;7;0;7;0;0.0;0.0
07;2021-01-02;0;0;7;0;0.0;0.0
07;2021-01-03;0;0;7;0;0.0;0.0
07;2021-01-04;0;0;7;0;0.0;0.0
07;2021-01-05;0;0;7;0;0.0;0.0
07;2021-01-06;31;0;38;0;0.0;0.0
07;2021-01-07;130;1;168;1;0.1;0.0
07;2021-01-08;45;1;213;2;0.1;0.0
07;2021-01-09;17;0;230;2;0.1;0.0
07;2021-01-10;0;0;230;2;0.1;0.0
07;2021-01-11;157;1;387;3;0.1;0.0
07;2021-01-12;309;0;696;3;0.2;0.0
07;2021-01-13;305;1;1001;4;0.3;0.0
07;2021-01-14;478;0;1479;4;0.5;0.0
07;2021-01-15;187;0;1666;4;0.5;0.0
07;2021-01-16;17;0;1683;4;0.5;0.0
07;2021-01-17;2;0;1685;4;0.5;0.0
07;2021-01-18;363;1;2048;5;0.6;0.0
07;2021-01-19;830;2;2878;7;0.9;0.0
07;2021-01-20;597;2;3475;9;1.1;0.0
07;2021-01-21;452;3;3927;12;1.2;0.0
07;2021-01-22;291;0;4218;12;1.3;0.0
07;2021-01-23;107;0;4325;12;1.3;0.0
07;2021-01-24;0;0;4325;12;1.3;0.0
07;2021-01-25;164;0;4489;12;1.4;0.0
07;2021-01-26;491;3;4980;15;1.5;0.0
07;2021-01-27;555;7;5535;22;1.7;0.0
07;2021-01-28;1206;100;6741;122;2.1;0.0
07;2021-01-29;707;17;7448;139;2.3;0.0
07;2021-01-30;213;4;7661;143;2.3;0.0
07;2021-01-31;7;0;7668;143;2.3;0.0
07;2021-02-01;267;33;7935;176;2.4;0.1
07;2021-02-02;664;241;8599;417;2.6;0.1
07;2021-02-03;1044;222;9643;639;3.0;0.2
07;2021-02-04;720;262;10363;901;3.2;0.3
07;2021-02-05;484;255;10847;1156;3.3;0.4
07;2021-02-06;97;2;10944;1158;3.3;0.4
07;2021-02-07;12;1;10956;1159;3.4;0.4
07;2021-02-08;239;179;11195;1338;3.4;0.4
07;2021-02-09;486;326;11681;1664;3.6;0.5
07;2021-02-10;537;396;12218;2060;3.7;0.6
07;2021-02-11;400;282;12618;2342;3.9;0.7
07;2021-02-12;268;160;12886;2502;3.9;0.8
07;2021-02-13;69;20;12955;2522;4.0;0.8
07;2021-02-14;0;0;12955;2522;4.0;0.8
07;2021-02-15;270;132;13225;2654;4.0;0.8
07;2021-02-16;347;365;13572;3019;4.2;0.9
07;2021-02-17;466;335;14038;3354;4.3;1.0
07;2021-02-18;562;766;14600;4120;4.5;1.3
07;2021-02-19;456;506;15056;4626;4.6;1.4
07;2021-02-20;109;69;15165;4695;4.6;1.4
07;2021-02-21;15;0;15180;4695;4.6;1.4
07;2021-02-22;423;217;15603;4912;4.8;1.5
07;2021-02-23;646;620;16249;5532;5.0;1.7
07;2021-02-24;928;704;17177;6236;5.3;1.9
07;2021-02-25;709;538;17886;6774;5.5;2.1
07;2021-02-26;845;294;18731;7068;5.7;2.2
07;2021-02-27;190;144;18921;7212;5.8;2.2
07;2021-02-28;1;0;18922;7212;5.8;2.2
07;2021-03-01;436;216;19358;7428;5.9;2.3
07;2021-03-02;654;565;20012;7993;6.1;2.4
07;2021-03-03;691;537;20703;8530;6.3;2.6
07;2021-03-04;1098;359;21801;8889;6.7;2.7
07;2021-03-05;1084;373;22885;9262;7.0;2.8
07;2021-03-06;1124;95;24009;9357;7.3;2.9
07;2021-03-07;718;21;24727;9378;7.6;2.9
07;2021-03-08;351;316;25078;9694;7.7;3.0
07;2021-03-09;1090;431;26168;10125;8.0;3.1
07;2021-03-10;866;515;27034;10640;8.3;3.3
07;2021-03-11;1372;466;28406;11106;8.7;3.4
07;2021-03-12;1615;564;30021;11670;9.2;3.6
07;2021-03-13;679;101;30700;11771;9.4;3.6
07;2021-03-14;4;0;30704;11771;9.4;3.6
07;2021-03-15;526;292;31230;12063;9.6;3.7
07;2021-03-16;1206;481;32436;12544;9.9;3.8
07;2021-03-17;1187;782;33623;13326;10.3;4.1
07;2021-03-18;1219;412;34842;13738;10.7;4.2
07;2021-03-19;1269;421;36111;14159;11.0;4.3
07;2021-03-20;467;106;36578;14265;11.2;4.4
07;2021-03-21;3;2;36581;14267;11.2;4.4
07;2021-03-22;790;537;37371;14804;11.4;4.5
07;2021-03-23;1514;719;38885;15523;11.9;4.7
07;2021-03-24;1275;664;40160;16187;12.3;5.0
07;2021-03-25;1853;514;42013;16701;12.9;5.1
07;2021-03-26;1834;435;43847;17136;13.4;5.2
07;2021-03-27;384;100;44231;17236;13.5;5.3
07;2021-03-28;6;1;44237;17237;13.5;5.3
07;2021-03-29;787;356;45024;17593;13.8;5.4
07;2021-03-30;1526;511;46550;18104;14.2;5.5
07;2021-03-31;1656;500;48206;18604;14.7;5.7
07;2021-04-01;1583;657;49789;19261;15.2;5.9
07;2021-04-02;1523;435;51312;19696;15.7;6.0
07;2021-04-03;229;106;51541;19802;15.8;6.1
07;2021-04-04;3;1;51544;19803;15.8;6.1
07;2021-04-05;0;66;51544;19869;15.8;6.1
07;2021-04-06;1161;755;52705;20624;16.1;6.3
07;2021-04-07;1317;896;54022;21520;16.5;6.6
07;2021-04-08;1970;1176;55992;22696;17.1;6.9
07;2021-04-09;2423;568;58415;23264;17.9;7.1
07;2021-04-10;807;159;59222;23423;18.1;7.2
07;2021-04-11;339;13;59561;23436;18.2;7.2
07;2021-04-12;1281;591;60842;24027;18.6;7.4
07;2021-04-13;1765;1332;62607;25359;19.2;7.8
07;2021-04-14;1675;983;64282;26342;19.7;8.1
07;2021-04-15;1443;842;65725;27184;20.1;8.3
07;2021-04-16;1506;901;67231;28085;20.6;8.6
07;2021-04-17;869;213;68100;28298;20.8;8.7
07;2021-04-18;700;36;68800;28334;21.0;8.7
07;2021-04-19;1161;573;69961;28907;21.4;8.8
07;2021-04-20;1439;1318;71400;30225;21.8;9.2
07;2021-04-21;1716;918;73116;31143;22.4;9.5
07;2021-04-22;1817;963;74933;32106;22.9;9.8
07;2021-04-23;1411;973;76344;33079;23.4;10.1
07;2021-04-24;960;249;77304;33328;23.6;10.2
07;2021-04-25;716;68;78020;33396;23.9;10.2
07;2021-04-26;1138;682;79158;34078;24.2;10.4
07;2021-04-27;1394;1565;80552;35643;24.6;10.9
07;2021-04-28;1636;1754;82188;37397;25.1;11.4
07;2021-04-29;1938;1534;84126;38931;25.7;11.9
07;2021-04-30;1661;1481;85787;40412;26.2;12.4
07;2021-05-01;960;113;86747;40525;26.5;12.4
07;2021-05-02;845;155;87592;40680;26.8;12.4
07;2021-05-03;1280;432;88872;41112;27.2;12.6
07;2021-05-04;2170;1562;91042;42674;27.9;13.1
07;2021-05-05;1745;1386;92787;44060;28.4;13.5
07;2021-05-06;2104;1586;94891;45646;29.0;14.0
07;2021-05-07;1595;1555;96486;47201;29.5;14.4
07;2021-05-08;1224;406;97710;47607;29.9;14.6
07;2021-05-09;1030;327;98740;47934;30.2;14.7
07;2021-05-10;1403;1175;100143;49109;30.6;15.0
07;2021-05-11;2472;1699;102615;50808;31.4;15.5
07;2021-05-12;2163;1277;104778;52085;32.1;15.9
07;2021-05-13;1711;271;106489;52356;32.6;16.0
07;2021-05-14;1732;998;108221;53354;33.1;16.3
07;2021-05-15;1628;498;109849;53852;33.6;16.5
07;2021-05-16;1442;212;111291;54064;34.0;16.5
07;2021-05-17;1772;858;113063;54922;34.6;16.8
07;2021-05-18;2296;1304;115359;56226;35.3;17.2
07;2021-05-19;2376;996;117735;57222;36.0;17.5
07;2021-05-20;2162;1309;119897;58531;36.7;17.9
07;2021-05-21;1758;1315;121655;59846;37.2;18.3
07;2021-05-22;937;544;122592;60390;37.5;18.5
07;2021-05-23;858;157;123450;60547;37.8;18.5
07;2021-05-24;1650;339;125100;60886;38.3;18.6
07;2021-05-25;2187;1479;127287;62365;38.9;19.1
07;2021-05-26;1528;1381;128815;63746;39.4;19.5
07;2021-05-27;2020;1408;130835;65154;40.0;19.9
07;2021-05-28;1769;2080;132604;67234;40.6;20.6
07;2021-05-29;943;683;133547;67917;40.9;20.8
07;2021-05-30;622;570;134169;68487;41.0;21.0
07;2021-05-31;1132;1285;135301;69772;41.4;21.3
07;2021-06-01;2154;2006;137455;71778;42.1;22.0
07;2021-06-02;1531;1654;138986;73432;42.5;22.5
07;2021-06-03;1711;1258;140697;74690;43.0;22.8
07;2021-06-04;1675;1595;142372;76285;43.6;23.3
07;2021-06-05;988;954;143360;77239;43.9;23.6
07;2021-06-06;598;623;143958;77862;44.0;23.8
07;2021-06-07;961;1195;144919;79057;44.3;24.2
07;2021-06-08;1548;1770;146467;80827;44.8;24.7
07;2021-06-09;1030;1422;147497;82249;45.1;25.2
07;2021-06-10;789;1391;148286;83640;45.4;25.6
07;2021-06-11;1154;2034;149440;85674;45.7;26.2
07;2021-06-12;643;1217;150083;86891;45.9;26.6
07;2021-06-13;394;444;150477;87335;46.0;26.7
07;2021-06-14;566;1963;151043;89298;46.2;27.3
07;2021-06-15;934;2553;151977;91851;46.5;28.1
07;2021-06-16;1021;1853;152998;93704;46.8;28.7
07;2021-06-17;886;1951;153884;95655;47.1;29.3
07;2021-06-18;873;2285;154757;97940;47.3;30.0
07;2021-06-19;606;1455;155363;99395;47.5;30.4
07;2021-06-20;369;729;155732;100124;47.6;30.6
07;2021-06-21;517;2144;156249;102268;47.8;31.3
07;2021-06-22;655;2663;156904;104931;48.0;32.1
07;2021-06-23;680;1960;157584;106891;48.2;32.7
07;2021-06-24;647;1852;158231;108743;48.4;33.3
07;2021-06-25;701;2177;158932;110920;48.6;33.9
07;2021-06-26;360;1429;159292;112349;48.7;34.4
07;2021-06-27;284;1072;159576;113421;48.8;34.7
07;2021-06-28;504;2242;160080;115663;49.0;35.4
07;2021-06-29;541;2989;160621;118652;49.1;36.3
07;2021-06-30;822;2290;161443;120942;49.4;37.0
07;2021-07-01;772;1977;162215;122919;49.6;37.6
07;2021-07-02;882;2303;163097;125222;49.9;38.3
07;2021-07-03;420;1139;163517;126361;50.0;38.7
07;2021-07-04;210;853;163727;127214;50.1;38.9
07;2021-07-05;670;1684;164397;128898;50.3;39.4
07;2021-07-06;878;2634;165275;131532;50.6;40.2
07;2021-07-07;967;1946;166242;133478;50.9;40.8
07;2021-07-08;928;1971;167170;135449;51.1;41.4
07;2021-07-09;995;2263;168165;137712;51.4;42.1
07;2021-07-10;597;1100;168762;138812;51.6;42.5
07;2021-07-11;239;615;169001;139427;51.7;42.7
07;2021-07-12;805;1770;169806;141197;51.9;43.2
07;2021-07-13;1766;3173;171572;144370;52.5;44.2
07;2021-07-14;167;134;171739;144504;52.5;44.2
07;2021-07-15;1953;2458;173692;146962;53.1;45.0
07;2021-07-16;2050;1983;175742;148945;53.8;45.6
07;2021-07-17;1481;1246;177223;150191;54.2;45.9
07;2021-07-18;770;482;177993;150673;54.5;46.1
07;2021-07-19;1515;1706;179508;152379;54.9;46.6
07;2021-07-20;2513;2669;182021;155048;55.7;47.4
07;2021-07-21;1850;1912;183871;156960;56.3;48.0
07;2021-07-22;1915;1372;185786;158332;56.8;48.4
07;2021-07-23;2251;1684;188037;160016;57.5;49.0
07;2021-07-24;1630;1104;189667;161120;58.0;49.3
07;2021-07-25;33;21;189700;161141;58.0;49.3
07;2021-07-26;2182;1542;191882;162683;58.7;49.8
07;2021-07-27;2963;1902;194845;164585;59.6;50.4
07;2021-07-28;1626;1300;196471;165885;60.1;50.7
07;2021-07-29;2523;1270;198994;167155;60.9;51.1
07;2021-07-30;1343;1413;200337;168568;61.3;51.6
07;2021-07-31;1494;922;201831;169490;61.7;51.9
07;2021-08-01;73;26;201904;169516;61.8;51.9
07;2021-08-02;1452;1130;203356;170646;62.2;52.2
07;2021-08-03;2400;1904;205756;172550;62.9;52.8
07;2021-08-04;1933;1024;207689;173574;63.5;53.1
07;2021-08-05;1869;1285;209558;174859;64.1;53.5
07;2021-08-06;2016;1701;211574;176560;64.7;54.0
07;2021-08-07;989;549;212563;177109;65.0;54.2
07;2021-08-08;7;23;212570;177132;65.0;54.2
07;2021-08-09;1252;1371;213822;178503;65.4;54.6
07;2021-08-10;1588;2254;215410;180757;65.9;55.3
07;2021-08-11;1398;1602;216808;182359;66.3;55.8
07;2021-08-12;1086;1475;217894;183834;66.7;56.2
08;2020-12-27;1;0;1;0;0.0;0.0
08;2020-12-28;0;0;1;0;0.0;0.0
08;2020-12-29;0;0;1;0;0.0;0.0
08;2020-12-30;0;0;1;0;0.0;0.0
08;2020-12-31;0;0;1;0;0.0;0.0
08;2021-01-01;0;0;1;0;0.0;0.0
08;2021-01-02;0;0;1;0;0.0;0.0
08;2021-01-03;2;0;3;0;0.0;0.0
08;2021-01-04;24;0;27;0;0.0;0.0
08;2021-01-05;1;0;28;0;0.0;0.0
08;2021-01-06;0;0;28;0;0.0;0.0
08;2021-01-07;188;0;216;0;0.1;0.0
08;2021-01-08;314;0;530;0;0.2;0.0
08;2021-01-09;113;0;643;0;0.2;0.0
08;2021-01-10;1;0;644;0;0.2;0.0
08;2021-01-11;67;0;711;0;0.3;0.0
08;2021-01-12;157;0;868;0;0.3;0.0
08;2021-01-13;479;1;1347;1;0.5;0.0
08;2021-01-14;536;9;1883;10;0.7;0.0
08;2021-01-15;287;2;2170;12;0.8;0.0
08;2021-01-16;106;0;2276;12;0.9;0.0
08;2021-01-17;2;0;2278;12;0.9;0.0
08;2021-01-18;371;2;2649;14;1.0;0.0
08;2021-01-19;871;1;3520;15;1.3;0.0
08;2021-01-20;910;3;4430;18;1.7;0.0
08;2021-01-21;743;1;5173;19;1.9;0.0
08;2021-01-22;678;2;5851;21;2.2;0.0
08;2021-01-23;237;0;6088;21;2.3;0.0
08;2021-01-24;0;0;6088;21;2.3;0.0
08;2021-01-25;205;0;6293;21;2.4;0.0
08;2021-01-26;302;2;6595;23;2.5;0.0
08;2021-01-27;411;0;7006;23;2.6;0.0
08;2021-01-28;565;184;7571;207;2.9;0.1
08;2021-01-29;587;181;8158;388;3.1;0.1
08;2021-01-30;222;63;8380;451;3.2;0.2
08;2021-01-31;0;0;8380;451;3.2;0.2
08;2021-02-01;80;46;8460;497;3.2;0.2
08;2021-02-02;192;173;8652;670;3.3;0.3
08;2021-02-03;141;170;8793;840;3.3;0.3
08;2021-02-04;309;287;9102;1127;3.4;0.4
08;2021-02-05;499;360;9601;1487;3.6;0.6
08;2021-02-06;149;75;9750;1562;3.7;0.6
08;2021-02-07;8;0;9758;1562;3.7;0.6
08;2021-02-08;39;174;9797;1736;3.7;0.7
08;2021-02-09;219;646;10016;2382;3.8;0.9
08;2021-02-10;334;641;10350;3023;3.9;1.1
08;2021-02-11;464;364;10814;3387;4.1;1.3
08;2021-02-12;676;388;11490;3775;4.3;1.4
08;2021-02-13;140;118;11630;3893;4.4;1.5
08;2021-02-14;3;60;11633;3953;4.4;1.5
08;2021-02-15;227;210;11860;4163;4.5;1.6
08;2021-02-16;130;376;11990;4539;4.5;1.7
08;2021-02-17;112;417;12102;4956;4.6;1.9
08;2021-02-18;215;518;12317;5474;4.6;2.1
08;2021-02-19;304;424;12621;5898;4.8;2.2
08;2021-02-20;7;208;12628;6106;4.8;2.3
08;2021-02-21;0;0;12628;6106;4.8;2.3
08;2021-02-22;132;179;12760;6285;4.8;2.4
08;2021-02-23;150;319;12910;6604;4.9;2.5
08;2021-02-24;163;389;13073;6993;4.9;2.6
08;2021-02-25;500;527;13573;7520;5.1;2.8
08;2021-02-26;603;628;14176;8148;5.3;3.1
08;2021-02-27;318;191;14494;8339;5.5;3.1
08;2021-02-28;19;1;14513;8340;5.5;3.1
08;2021-03-01;199;105;14712;8445;5.5;3.2
08;2021-03-02;655;277;15367;8722;5.8;3.3
08;2021-03-03;897;201;16264;8923;6.1;3.4
08;2021-03-04;733;331;16997;9254;6.4;3.5
08;2021-03-05;1022;542;18019;9796;6.8;3.7
08;2021-03-06;693;136;18712;9932;7.0;3.7
08;2021-03-07;75;1;18787;9933;7.1;3.7
08;2021-03-08;217;123;19004;10056;7.2;3.8
08;2021-03-09;686;136;19690;10192;7.4;3.8
08;2021-03-10;1037;119;20727;10311;7.8;3.9
08;2021-03-11;981;249;21708;10560;8.2;4.0
08;2021-03-12;1631;510;23339;11070;8.8;4.2
08;2021-03-13;795;120;24134;11190;9.1;4.2
08;2021-03-14;22;0;24156;11190;9.1;4.2
08;2021-03-15;291;72;24447;11262;9.2;4.2
08;2021-03-16;563;38;25010;11300;9.4;4.3
08;2021-03-17;802;59;25812;11359;9.7;4.3
08;2021-03-18;815;155;26627;11514;10.0;4.3
08;2021-03-19;1135;282;27762;11796;10.5;4.4
08;2021-03-20;508;17;28270;11813;10.6;4.4
08;2021-03-21;13;1;28283;11814;10.7;4.4
08;2021-03-22;367;44;28650;11858;10.8;4.5
08;2021-03-23;733;62;29383;11920;11.1;4.5
08;2021-03-24;1327;68;30710;11988;11.6;4.5
08;2021-03-25;1903;89;32613;12077;12.3;4.5
08;2021-03-26;2564;170;35177;12247;13.2;4.6
08;2021-03-27;898;123;36075;12370;13.6;4.7
08;2021-03-28;228;6;36303;12376;13.7;4.7
08;2021-03-29;260;183;36563;12559;13.8;4.7
08;2021-03-30;832;486;37395;13045;14.1;4.9
08;2021-03-31;852;529;38247;13574;14.4;5.1
08;2021-04-01;1683;446;39930;14020;15.0;5.3
08;2021-04-02;1499;516;41429;14536;15.6;5.5
08;2021-04-03;1329;199;42758;14735;16.1;5.5
08;2021-04-04;134;4;42892;14739;16.2;5.6
08;2021-04-05;17;0;42909;14739;16.2;5.6
08;2021-04-06;702;479;43611;15218;16.4;5.7
08;2021-04-07;910;702;44521;15920;16.8;6.0
08;2021-04-08;1742;518;46263;16438;17.4;6.2
08;2021-04-09;2348;720;48611;17158;18.3;6.5
08;2021-04-10;1449;221;50060;17379;18.9;6.5
08;2021-04-11;10;6;50070;17385;18.9;6.5
08;2021-04-12;671;226;50741;17611;19.1;6.6
08;2021-04-13;1307;616;52048;18227;19.6;6.9
08;2021-04-14;1281;867;53329;19094;20.1;7.2
08;2021-04-15;1606;796;54935;19890;20.7;7.5
08;2021-04-16;1873;876;56808;20766;21.4;7.8
08;2021-04-17;1111;401;57919;21167;21.8;8.0
08;2021-04-18;23;14;57942;21181;21.8;8.0
08;2021-04-19;1149;298;59091;21479;22.3;8.1
08;2021-04-20;1118;542;60209;22021;22.7;8.3
08;2021-04-21;1139;739;61348;22760;23.1;8.6
08;2021-04-22;1328;880;62676;23640;23.6;8.9
08;2021-04-23;1675;1171;64351;24811;24.2;9.3
08;2021-04-24;1323;642;65674;25453;24.7;9.6
08;2021-04-25;26;198;65700;25651;24.7;9.7
08;2021-04-26;1040;153;66740;25804;25.1;9.7
08;2021-04-27;1337;603;68077;26407;25.6;9.9
08;2021-04-28;1452;680;69529;27087;26.2;10.2
08;2021-04-29;1172;1314;70701;28401;26.6;10.7
08;2021-04-30;1769;1617;72470;30018;27.3;11.3
08;2021-05-01;1049;494;73519;30512;27.7;11.5
08;2021-05-02;626;182;74145;30694;27.9;11.6
08;2021-05-03;1169;371;75314;31065;28.4;11.7
08;2021-05-04;1328;862;76642;31927;28.9;12.0
08;2021-05-05;1567;1331;78209;33258;29.5;12.5
08;2021-05-06;1971;1659;80180;34917;30.2;13.1
08;2021-05-07;1860;2099;82040;37016;30.9;13.9
08;2021-05-08;923;766;82963;37782;31.2;14.2
08;2021-05-09;443;71;83406;37853;31.4;14.3
08;2021-05-10;1191;665;84597;38518;31.9;14.5
08;2021-05-11;1909;941;86506;39459;32.6;14.9
08;2021-05-12;1810;1238;88316;40697;33.3;15.3
08;2021-05-13;1306;620;89622;41317;33.8;15.6
08;2021-05-14;2535;1034;92157;42351;34.7;15.9
08;2021-05-15;1821;714;93978;43065;35.4;16.2
08;2021-05-16;820;102;94798;43167;35.7;16.3
08;2021-05-17;699;906;95497;44073;36.0;16.6
08;2021-05-18;1251;840;96748;44913;36.4;16.9
08;2021-05-19;1609;959;98357;45872;37.0;17.3
08;2021-05-20;2146;962;100503;46834;37.8;17.6
08;2021-05-21;2338;1275;102841;48109;38.7;18.1
08;2021-05-22;1820;764;104661;48873;39.4;18.4
08;2021-05-23;864;90;105525;48963;39.7;18.4
08;2021-05-24;714;103;106239;49066;40.0;18.5
08;2021-05-25;1456;670;107695;49736;40.6;18.7
08;2021-05-26;1517;1009;109212;50745;41.1;19.1
08;2021-05-27;2007;1147;111219;51892;41.9;19.5
08;2021-05-28;1973;1821;113192;53713;42.6;20.2
08;2021-05-29;1769;968;114961;54681;43.3;20.6
08;2021-05-30;836;102;115797;54783;43.6;20.6
08;2021-05-31;755;574;116552;55357;43.9;20.8
08;2021-06-01;1351;881;117903;56238;44.4;21.2
08;2021-06-02;1296;1196;119199;57434;44.9;21.6
08;2021-06-03;1385;1523;120584;58957;45.4;22.2
08;2021-06-04;1777;2426;122361;61383;46.1;23.1
08;2021-06-05;1177;1379;123538;62762;46.5;23.6
08;2021-06-06;907;107;124445;62869;46.9;23.7
08;2021-06-07;661;1174;125106;64043;47.1;24.1
08;2021-06-08;930;1495;126036;65538;47.5;24.7
08;2021-06-09;843;1391;126879;66929;47.8;25.2
08;2021-06-10;1718;1554;128597;68483;48.4;25.8
08;2021-06-11;1721;2208;130318;70691;49.1;26.6
08;2021-06-12;1417;1527;131735;72218;49.6;27.2
08;2021-06-13;386;598;132121;72816;49.8;27.4
08;2021-06-14;380;1304;132501;74120;49.9;27.9
08;2021-06-15;740;1553;133241;75673;50.2;28.5
08;2021-06-16;804;2056;134045;77729;50.5;29.3
08;2021-06-17;1285;1853;135330;79582;51.0;30.0
08;2021-06-18;1608;2595;136938;82177;51.6;30.9
08;2021-06-19;1324;1407;138262;83584;52.1;31.5
08;2021-06-20;117;423;138379;84007;52.1;31.6
08;2021-06-21;494;1397;138873;85404;52.3;32.2
08;2021-06-22;808;2022;139681;87426;52.6;32.9
08;2021-06-23;855;1672;140536;89098;52.9;33.6
08;2021-06-24;1038;1924;141574;91022;53.3;34.3
08;2021-06-25;1080;2734;142654;93756;53.7;35.3
08;2021-06-26;1011;1782;143665;95538;54.1;36.0
08;2021-06-27;351;644;144016;96182;54.2;36.2
08;2021-06-28;397;1321;144413;97503;54.4;36.7
08;2021-06-29;627;1471;145040;98974;54.6;37.3
08;2021-06-30;853;1688;145893;100662;54.9;37.9
08;2021-07-01;885;2194;146778;102856;55.3;38.7
08;2021-07-02;939;2643;147717;105499;55.6;39.7
08;2021-07-03;784;2142;148501;107641;55.9;40.5
08;2021-07-04;128;861;148629;108502;56.0;40.9
08;2021-07-05;103;1195;148732;109697;56.0;41.3
08;2021-07-06;425;1834;149157;111531;56.2;42.0
08;2021-07-07;365;1781;149522;113312;56.3;42.7
08;2021-07-08;715;2015;150237;115327;56.6;43.4
08;2021-07-09;733;2438;150970;117765;56.9;44.4
08;2021-07-10;652;1999;151622;119764;57.1;45.1
08;2021-07-11;238;726;151860;120490;57.2;45.4
08;2021-07-12;309;1194;152169;121684;57.3;45.8
08;2021-07-13;944;1789;153113;123473;57.7;46.5
08;2021-07-14;177;330;153290;123803;57.7;46.6
08;2021-07-15;758;2451;154048;126254;58.0;47.5
08;2021-07-16;1080;2411;155128;128665;58.4;48.5
08;2021-07-17;992;2107;156120;130772;58.8;49.2
08;2021-07-18;344;739;156464;131511;58.9;49.5
08;2021-07-19;455;924;156919;132435;59.1;49.9
08;2021-07-20;876;1438;157795;133873;59.4;50.4
08;2021-07-21;1230;1719;159025;135592;59.9;51.1
08;2021-07-22;1146;2169;160171;137761;60.3;51.9
08;2021-07-23;1583;2449;161754;140210;60.9;52.8
08;2021-07-24;1305;1924;163059;142134;61.4;53.5
08;2021-07-25;771;443;163830;142577;61.7;53.7
08;2021-07-26;1308;843;165138;143420;62.2;54.0
08;2021-07-27;2177;1406;167315;144826;63.0;54.5
08;2021-07-28;2405;1449;169720;146275;63.9;55.1
08;2021-07-29;2591;1344;172311;147619;64.9;55.6
08;2021-07-30;2594;1579;174905;149198;65.9;56.2
08;2021-07-31;1967;1064;176872;150262;66.6;56.6
08;2021-08-01;934;299;177806;150561;67.0;56.7
08;2021-08-02;1251;679;179057;151240;67.4;57.0
08;2021-08-03;1629;818;180686;152058;68.0;57.3
08;2021-08-04;1488;658;182174;152716;68.6;57.5
08;2021-08-05;1892;965;184066;153681;69.3;57.9
08;2021-08-06;2575;1090;186641;154771;70.3;58.3
08;2021-08-07;1668;1156;188309;155927;70.9;58.7
08;2021-08-08;582;375;188891;156302;71.1;58.9
08;2021-08-09;672;533;189563;156835;71.4;59.1
08;2021-08-10;875;747;190438;157582;71.7;59.3
08;2021-08-11;518;785;190956;158367;71.9;59.6
08;2021-08-12;1143;1068;192099;159435;72.3;60.0
09;2020-12-27;0;0;0;0;0.0;0.0
09;2020-12-28;1;0;1;0;0.0;0.0
09;2020-12-29;0;0;1;0;0.0;0.0
09;2020-12-30;0;0;1;0;0.0;0.0
09;2020-12-31;0;0;1;0;0.0;0.0
09;2021-01-01;0;0;1;0;0.0;0.0
09;2021-01-02;0;0;1;0;0.0;0.0
09;2021-01-03;0;0;1;0;0.0;0.0
09;2021-01-04;2;1;3;1;0.0;0.0
09;2021-01-05;0;0;3;1;0.0;0.0
09;2021-01-06;3;0;6;1;0.0;0.0
09;2021-01-07;257;2;263;3;0.2;0.0
09;2021-01-08;228;0;491;3;0.3;0.0
09;2021-01-09;103;0;594;3;0.4;0.0
09;2021-01-10;59;0;653;3;0.4;0.0
09;2021-01-11;175;0;828;3;0.5;0.0
09;2021-01-12;304;0;1132;3;0.7;0.0
09;2021-01-13;196;0;1328;3;0.9;0.0
09;2021-01-14;432;8;1760;11;1.2;0.0
09;2021-01-15;223;1;1983;12;1.3;0.0
09;2021-01-16;194;2;2177;14;1.4;0.0
09;2021-01-17;123;0;2300;14;1.5;0.0
09;2021-01-18;267;1;2567;15;1.7;0.0
09;2021-01-19;257;0;2824;15;1.9;0.0
09;2021-01-20;346;1;3170;16;2.1;0.0
09;2021-01-21;333;1;3503;17;2.3;0.0
09;2021-01-22;331;1;3834;18;2.5;0.0
09;2021-01-23;236;0;4070;18;2.7;0.0
09;2021-01-24;85;1;4155;19;2.7;0.0
09;2021-01-25;204;12;4359;31;2.9;0.0
09;2021-01-26;634;25;4993;56;3.3;0.0
09;2021-01-27;472;49;5465;105;3.6;0.1
09;2021-01-28;285;205;5750;310;3.8;0.2
09;2021-01-29;250;129;6000;439;3.9;0.3
09;2021-01-30;143;55;6143;494;4.0;0.3
09;2021-01-31;56;10;6199;504;4.1;0.3
09;2021-02-01;82;142;6281;646;4.1;0.4
09;2021-02-02;57;295;6338;941;4.2;0.6
09;2021-02-03;87;206;6425;1147;4.2;0.8
09;2021-02-04;49;299;6474;1446;4.2;0.9
09;2021-02-05;89;156;6563;1602;4.3;1.1
09;2021-02-06;68;49;6631;1651;4.4;1.1
09;2021-02-07;6;71;6637;1722;4.4;1.1
09;2021-02-08;22;177;6659;1899;4.4;1.2
09;2021-02-09;54;289;6713;2188;4.4;1.4
09;2021-02-10;15;196;6728;2384;4.4;1.6
09;2021-02-11;6;221;6734;2605;4.4;1.7
09;2021-02-12;149;176;6883;2781;4.5;1.8
09;2021-02-13;7;144;6890;2925;4.5;1.9
09;2021-02-14;0;52;6890;2977;4.5;2.0
09;2021-02-15;75;134;6965;3111;4.6;2.0
09;2021-02-16;227;510;7192;3621;4.7;2.4
09;2021-02-17;83;388;7275;4009;4.8;2.6
09;2021-02-18;87;450;7362;4459;4.8;2.9
09;2021-02-19;65;285;7427;4744;4.9;3.1
09;2021-02-20;59;200;7486;4944;4.9;3.2
09;2021-02-21;0;51;7486;4995;4.9;3.3
09;2021-02-22;127;218;7613;5213;5.0;3.4
09;2021-02-23;161;145;7774;5358;5.1;3.5
09;2021-02-24;74;178;7848;5536;5.1;3.6
09;2021-02-25;211;169;8059;5705;5.3;3.7
09;2021-02-26;162;174;8221;5879;5.4;3.9
09;2021-02-27;65;71;8286;5950;5.4;3.9
09;2021-02-28;43;17;8329;5967;5.5;3.9
09;2021-03-01;247;97;8576;6064;5.6;4.0
09;2021-03-02;284;76;8860;6140;5.8;4.0
09;2021-03-03;252;132;9112;6272;6.0;4.1
09;2021-03-04;413;32;9525;6304;6.3;4.1
09;2021-03-05;332;64;9857;6368;6.5;4.2
09;2021-03-06;397;46;10254;6414;6.7;4.2
09;2021-03-07;124;4;10378;6418;6.8;4.2
09;2021-03-08;380;64;10758;6482;7.1;4.3
09;2021-03-09;437;140;11195;6622;7.3;4.3
09;2021-03-10;560;71;11755;6693;7.7;4.4
09;2021-03-11;695;79;12450;6772;8.2;4.4
09;2021-03-12;659;32;13109;6804;8.6;4.5
09;2021-03-13;385;3;13494;6807;8.9;4.5
09;2021-03-14;120;3;13614;6810;8.9;4.5
09;2021-03-15;467;49;14081;6859;9.2;4.5
09;2021-03-16;370;80;14451;6939;9.5;4.6
09;2021-03-17;399;72;14850;7011;9.7;4.6
09;2021-03-18;454;43;15304;7054;10.0;4.6
09;2021-03-19;525;55;15829;7109;10.4;4.7
09;2021-03-20;313;39;16142;7148;10.6;4.7
09;2021-03-21;105;0;16247;7148;10.7;4.7
09;2021-03-22;424;118;16671;7266;10.9;4.8
09;2021-03-23;566;173;17237;7439;11.3;4.9
09;2021-03-24;711;41;17948;7480;11.8;4.9
09;2021-03-25;869;138;18817;7618;12.3;5.0
09;2021-03-26;751;45;19568;7663;12.8;5.0
09;2021-03-27;622;70;20190;7733;13.2;5.1
09;2021-03-28;132;24;20322;7757;13.3;5.1
09;2021-03-29;497;279;20819;8036;13.7;5.3
09;2021-03-30;729;155;21548;8191;14.1;5.4
09;2021-03-31;802;180;22350;8371;14.7;5.5
09;2021-04-01;735;254;23085;8625;15.1;5.7
09;2021-04-02;693;266;23778;8891;15.6;5.8
09;2021-04-03;771;117;24549;9008;16.1;5.9
09;2021-04-04;122;57;24671;9065;16.2;5.9
09;2021-04-05;237;58;24908;9123;16.3;6.0
09;2021-04-06;1057;391;25965;9514;17.0;6.2
09;2021-04-07;1208;358;27173;9872;17.8;6.5
09;2021-04-08;1468;403;28641;10275;18.8;6.7
09;2021-04-09;1138;414;29779;10689;19.5;7.0
09;2021-04-10;1349;195;31128;10884;20.4;7.1
09;2021-04-11;173;102;31301;10986;20.5;7.2
09;2021-04-12;736;345;32037;11331;21.0;7.4
09;2021-04-13;1047;409;33084;11740;21.7;7.7
09;2021-04-14;1331;509;34415;12249;22.6;8.0
09;2021-04-15;1148;503;35563;12752;23.3;8.4
09;2021-04-16;1033;415;36596;13167;24.0;8.6
09;2021-04-17;1194;355;37790;13522;24.8;8.9
09;2021-04-18;102;96;37892;13618;24.9;8.9
09;2021-04-19;697;404;38589;14022;25.3;9.2
09;2021-04-20;766;533;39355;14555;25.8;9.6
09;2021-04-21;940;590;40295;15145;26.4;9.9
09;2021-04-22;667;607;40962;15752;26.9;10.3
09;2021-04-23;773;427;41735;16179;27.4;10.6
09;2021-04-24;740;670;42475;16849;27.9;11.1
09;2021-04-25;75;113;42550;16962;27.9;11.1
09;2021-04-26;383;535;42933;17497;28.2;11.5
09;2021-04-27;443;720;43376;18217;28.5;12.0
09;2021-04-28;806;795;44182;19012;29.0;12.5
09;2021-04-29;550;774;44732;19786;29.4;13.0
09;2021-04-30;621;724;45353;20510;29.8;13.5
09;2021-05-01;478;454;45831;20964;30.1;13.8
09;2021-05-02;51;100;45882;21064;30.1;13.8
09;2021-05-03;522;663;46404;21727;30.4;14.3
09;2021-05-04;556;1348;46960;23075;30.8;15.1
09;2021-05-05;822;1347;47782;24422;31.4;16.0
09;2021-05-06;849;1033;48631;25455;31.9;16.7
09;2021-05-07;978;823;49609;26278;32.6;17.2
09;2021-05-08;395;461;50004;26739;32.8;17.5
09;2021-05-09;264;84;50268;26823;33.0;17.6
09;2021-05-10;504;966;50772;27789;33.3;18.2
09;2021-05-11;741;1052;51513;28841;33.8;18.9
09;2021-05-12;1535;1404;53048;30245;34.8;19.8
09;2021-05-13;1383;425;54431;30670;35.7;20.1
09;2021-05-14;986;654;55417;31324;36.4;20.6
09;2021-05-15;1236;790;56653;32114;37.2;21.1
09;2021-05-16;296;48;56949;32162;37.4;21.1
09;2021-05-17;875;413;57824;32575;37.9;21.4
09;2021-05-18;1291;393;59115;32968;38.8;21.6
09;2021-05-19;1495;370;60610;33338;39.8;21.9
09;2021-05-20;1379;406;61989;33744;40.7;22.1
09;2021-05-21;1164;496;63153;34240;41.4;22.5
09;2021-05-22;1546;364;64699;34604;42.5;22.7
09;2021-05-23;272;25;64971;34629;42.6;22.7
09;2021-05-24;177;99;65148;34728;42.7;22.8
09;2021-05-25;997;499;66145;35227;43.4;23.1
09;2021-05-26;1286;446;67431;35673;44.2;23.4
09;2021-05-27;966;403;68397;36076;44.9;23.7
09;2021-05-28;958;513;69355;36589;45.5;24.0
09;2021-05-29;1797;600;71152;37189;46.7;24.4
09;2021-05-30;541;197;71693;37386;47.0;24.5
09;2021-05-31;717;594;72410;37980;47.5;24.9
09;2021-06-01;967;642;73377;38622;48.1;25.3
09;2021-06-02;1008;898;74385;39520;48.8;25.9
09;2021-06-03;811;682;75196;40202;49.3;26.4
09;2021-06-04;877;799;76073;41001;49.9;26.9
09;2021-06-05;1320;873;77393;41874;50.8;27.5
09;2021-06-06;304;108;77697;41982;51.0;27.5
09;2021-06-07;623;517;78320;42499;51.4;27.9
09;2021-06-08;823;490;79143;42989;51.9;28.2
09;2021-06-09;808;833;79951;43822;52.5;28.8
09;2021-06-10;641;533;80592;44355;52.9;29.1
09;2021-06-11;831;762;81423;45117;53.4;29.6
09;2021-06-12;636;807;82059;45924;53.8;30.1
09;2021-06-13;94;130;82153;46054;53.9;30.2
09;2021-06-14;629;709;82782;46763;54.3;30.7
09;2021-06-15;824;890;83606;47653;54.9;31.3
09;2021-06-16;627;1078;84233;48731;55.3;32.0
09;2021-06-17;780;855;85013;49586;55.8;32.5
09;2021-06-18;635;1152;85648;50738;56.2;33.3
09;2021-06-19;517;1579;86165;52317;56.5;34.3
09;2021-06-20;8;279;86173;52596;56.5;34.5
09;2021-06-21;474;699;86647;53295;56.9;35.0
09;2021-06-22;462;1066;87109;54361;57.2;35.7
09;2021-06-23;435;1224;87544;55585;57.4;36.5
09;2021-06-24;581;772;88125;56357;57.8;37.0
09;2021-06-25;411;1062;88536;57419;58.1;37.7
09;2021-06-26;443;1087;88979;58506;58.4;38.4
09;2021-06-27;2;275;88981;58781;58.4;38.6
09;2021-06-28;239;1048;89220;59829;58.5;39.3
09;2021-06-29;313;1230;89533;61059;58.7;40.1
09;2021-06-30;457;1491;89990;62550;59.0;41.0
09;2021-07-01;384;1431;90374;63981;59.3;42.0
09;2021-07-02;308;1162;90682;65143;59.5;42.7
09;2021-07-03;210;1619;90892;66762;59.6;43.8
09;2021-07-04;4;254;90896;67016;59.6;44.0
09;2021-07-05;188;713;91084;67729;59.8;44.4
09;2021-07-06;293;1222;91377;68951;60.0;45.2
09;2021-07-07;416;1397;91793;70348;60.2;46.2
09;2021-07-08;324;1060;92117;71408;60.4;46.9
09;2021-07-09;292;1155;92409;72563;60.6;47.6
09;2021-07-10;344;1726;92753;74289;60.9;48.7
09;2021-07-11;147;391;92900;74680;61.0;49.0
09;2021-07-12;186;1073;93086;75753;61.1;49.7
09;2021-07-13;643;1307;93729;77060;61.5;50.6
09;2021-07-14;488;219;94217;77279;61.8;50.7
09;2021-07-15;818;1167;95035;78446;62.4;51.5
09;2021-07-16;609;1192;95644;79638;62.8;52.3
09;2021-07-17;1017;1445;96661;81083;63.4;53.2
09;2021-07-18;299;220;96960;81303;63.6;53.3
09;2021-07-19;483;969;97443;82272;63.9;54.0
09;2021-07-20;830;1260;98273;83532;64.5;54.8
09;2021-07-21;1013;1167;99286;84699;65.1;55.6
09;2021-07-22;847;907;100133;85606;65.7;56.2
09;2021-07-23;723;908;100856;86514;66.2;56.8
09;2021-07-24;919;460;101775;86974;66.8;57.1
09;2021-07-25;555;133;102330;87107;67.1;57.2
09;2021-07-26;645;767;102975;87874;67.6;57.7
09;2021-07-27;1174;946;104149;88820;68.3;58.3
09;2021-07-28;1189;982;105338;89802;69.1;58.9
09;2021-07-29;1023;735;106361;90537;69.8;59.4
09;2021-07-30;776;618;107137;91155;70.3;59.8
09;2021-07-31;1374;413;108511;91568;71.2;60.1
09;2021-08-01;141;125;108652;91693;71.3;60.2
09;2021-08-02;612;477;109264;92170;71.7;60.5
09;2021-08-03;1252;765;110516;92935;72.5;61.0
09;2021-08-04;1389;650;111905;93585;73.4;61.4
09;2021-08-05;996;670;112901;94255;74.1;61.8
09;2021-08-06;1015;635;113916;94890;74.7;62.3
09;2021-08-07;813;425;114729;95315;75.3;62.5
09;2021-08-08;120;129;114849;95444;75.4;62.6
09;2021-08-09;690;647;115539;96091;75.8;63.1
09;2021-08-10;919;687;116458;96778;76.4;63.5
09;2021-08-11;893;868;117351;97646;77.0;64.1
09;2021-08-12;628;726;117979;98372;77.4;64.5
10;2020-12-27;0;0;0;0;0.0;0.0
10;2020-12-28;0;0;0;0;0.0;0.0
10;2020-12-29;0;0;0;0;0.0;0.0
10;2020-12-30;0;0;0;0;0.0;0.0
10;2020-12-31;0;0;0;0;0.0;0.0
10;2021-01-01;0;0;0;0;0.0;0.0
10;2021-01-02;0;0;0;0;0.0;0.0
10;2021-01-03;0;0;0;0;0.0;0.0
10;2021-01-04;0;0;0;0;0.0;0.0
10;2021-01-05;1;0;1;0;0.0;0.0
10;2021-01-06;0;0;1;0;0.0;0.0
10;2021-01-07;84;0;85;0;0.0;0.0
10;2021-01-08;255;0;340;0;0.1;0.0
10;2021-01-09;0;0;340;0;0.1;0.0
10;2021-01-10;0;0;340;0;0.1;0.0
10;2021-01-11;117;0;457;0;0.1;0.0
10;2021-01-12;191;0;648;0;0.2;0.0
10;2021-01-13;313;0;961;0;0.3;0.0
10;2021-01-14;391;7;1352;7;0.4;0.0
10;2021-01-15;359;3;1711;10;0.6;0.0
10;2021-01-16;55;0;1766;10;0.6;0.0
10;2021-01-17;0;0;1766;10;0.6;0.0
10;2021-01-18;699;1;2465;11;0.8;0.0
10;2021-01-19;1363;3;3828;14;1.2;0.0
10;2021-01-20;1070;7;4898;21;1.6;0.0
10;2021-01-21;1145;2;6043;23;1.9;0.0
10;2021-01-22;819;0;6862;23;2.2;0.0
10;2021-01-23;309;0;7171;23;2.3;0.0
10;2021-01-24;0;0;7171;23;2.3;0.0
10;2021-01-25;445;9;7616;32;2.5;0.0
10;2021-01-26;487;17;8103;49;2.6;0.0
10;2021-01-27;459;15;8562;64;2.8;0.0
10;2021-01-28;356;48;8918;112;2.9;0.0
10;2021-01-29;430;194;9348;306;3.0;0.1
10;2021-01-30;30;0;9378;306;3.0;0.1
10;2021-01-31;0;0;9378;306;3.0;0.1
10;2021-02-01;404;142;9782;448;3.2;0.1
10;2021-02-02;182;152;9964;600;3.2;0.2
10;2021-02-03;345;216;10309;816;3.3;0.3
10;2021-02-04;342;270;10651;1086;3.4;0.4
10;2021-02-05;327;320;10978;1406;3.5;0.5
10;2021-02-06;3;35;10981;1441;3.5;0.5
10;2021-02-07;0;0;10981;1441;3.5;0.5
10;2021-02-08;190;411;11171;1852;3.6;0.6
10;2021-02-09;482;585;11653;2437;3.8;0.8
10;2021-02-10;666;478;12319;2915;4.0;0.9
10;2021-02-11;768;598;13087;3513;4.2;1.1
10;2021-02-12;579;552;13666;4065;4.4;1.3
10;2021-02-13;36;120;13702;4185;4.4;1.4
10;2021-02-14;0;0;13702;4185;4.4;1.4
10;2021-02-15;142;448;13844;4633;4.5;1.5
10;2021-02-16;116;546;13960;5179;4.5;1.7
10;2021-02-17;129;607;14089;5786;4.5;1.9
10;2021-02-18;216;558;14305;6344;4.6;2.0
10;2021-02-19;187;471;14492;6815;4.7;2.2
10;2021-02-20;24;183;14516;6998;4.7;2.3
10;2021-02-21;0;0;14516;6998;4.7;2.3
10;2021-02-22;77;448;14593;7446;4.7;2.4
10;2021-02-23;76;562;14669;8008;4.7;2.6
10;2021-02-24;104;375;14773;8383;4.8;2.7
10;2021-02-25;323;375;15096;8758;4.9;2.8
10;2021-02-26;351;283;15447;9041;5.0;2.9
10;2021-02-27;275;129;15722;9170;5.1;3.0
10;2021-02-28;0;0;15722;9170;5.1;3.0
10;2021-03-01;257;333;15979;9503;5.2;3.1
10;2021-03-02;434;370;16413;9873;5.3;3.2
10;2021-03-03;453;582;16866;10455;5.4;3.4
10;2021-03-04;635;501;17501;10956;5.6;3.5
10;2021-03-05;677;253;18178;11209;5.9;3.6
10;2021-03-06;948;40;19126;11249;6.2;3.6
10;2021-03-07;769;6;19895;11255;6.4;3.6
10;2021-03-08;502;442;20397;11697;6.6;3.8
10;2021-03-09;673;436;21070;12133;6.8;3.9
10;2021-03-10;660;364;21730;12497;7.0;4.0
10;2021-03-11;1174;234;22904;12731;7.4;4.1
10;2021-03-12;1338;242;24242;12973;7.8;4.2
10;2021-03-13;892;37;25134;13010;8.1;4.2
10;2021-03-14;1381;16;26515;13026;8.6;4.2
10;2021-03-15;821;80;27336;13106;8.8;4.2
10;2021-03-16;688;62;28024;13168;9.0;4.2
10;2021-03-17;831;67;28855;13235;9.3;4.3
10;2021-03-18;885;80;29740;13315;9.6;4.3
10;2021-03-19;950;69;30690;13384;9.9;4.3
10;2021-03-20;552;17;31242;13401;10.1;4.3
10;2021-03-21;1845;39;33087;13440;10.7;4.3
10;2021-03-22;879;70;33966;13510;11.0;4.4
10;2021-03-23;1245;90;35211;13600;11.4;4.4
10;2021-03-24;1310;58;36521;13658;11.8;4.4
10;2021-03-25;1676;227;38197;13885;12.3;4.5
10;2021-03-26;1431;114;39628;13999;12.8;4.5
10;2021-03-27;762;79;40390;14078;13.0;4.5
10;2021-03-28;1221;28;41611;14106;13.4;4.6
10;2021-03-29;648;306;42259;14412;13.6;4.7
10;2021-03-30;927;373;43186;14785;13.9;4.8
10;2021-03-31;617;359;43803;15144;14.1;4.9
10;2021-04-01;884;682;44687;15826;14.4;5.1
10;2021-04-02;1068;587;45755;16413;14.8;5.3
10;2021-04-03;540;606;46295;17019;14.9;5.5
10;2021-04-04;1826;259;48121;17278;15.5;5.6
10;2021-04-05;1843;36;49964;17314;16.1;5.6
10;2021-04-06;514;650;50478;17964;16.3;5.8
10;2021-04-07;589;539;51067;18503;16.5;6.0
10;2021-04-08;1057;606;52124;19109;16.8;6.2
10;2021-04-09;1130;611;53254;19720;17.2;6.4
10;2021-04-10;1770;351;55024;20071;17.8;6.5
10;2021-04-11;55;1222;55079;21293;17.8;6.9
10;2021-04-12;1003;807;56082;22100;18.1;7.1
10;2021-04-13;1505;889;57587;22989;18.6;7.4
10;2021-04-14;820;600;58407;23589;18.8;7.6
10;2021-04-15;1432;889;59839;24478;19.3;7.9
10;2021-04-16;1109;696;60948;25174;19.7;8.1
10;2021-04-17;2391;358;63339;25532;20.4;8.2
10;2021-04-18;1422;1783;64761;27315;20.9;8.8
10;2021-04-19;838;834;65599;28149;21.2;9.1
10;2021-04-20;545;1035;66144;29184;21.3;9.4
10;2021-04-21;637;985;66781;30169;21.5;9.7
10;2021-04-22;932;972;67713;31141;21.8;10.0
10;2021-04-23;2172;775;69885;31916;22.6;10.3
10;2021-04-24;2296;375;72181;32291;23.3;10.4
10;2021-04-25;1989;1214;74170;33505;23.9;10.8
10;2021-04-26;773;620;74943;34125;24.2;11.0
10;2021-04-27;895;535;75838;34660;24.5;11.2
10;2021-04-28;873;404;76711;35064;24.8;11.3
10;2021-04-29;1433;670;78144;35734;25.2;11.5
10;2021-04-30;2173;768;80317;36502;25.9;11.8
10;2021-05-01;1988;2164;82305;38666;26.6;12.5
10;2021-05-02;1948;1894;84253;40560;27.2;13.1
10;2021-05-03;622;447;84875;41007;27.4;13.2
10;2021-05-04;1145;1249;86020;42256;27.8;13.6
10;2021-05-05;1754;1021;87774;43277;28.3;14.0
10;2021-05-06;2256;941;90030;44218;29.1;14.3
10;2021-05-07;2217;1137;92247;45355;29.8;14.6
10;2021-05-08;2271;859;94518;46214;30.5;14.9
10;2021-05-09;2005;100;96523;46314;31.1;14.9
10;2021-05-10;528;1093;97051;47407;31.3;15.3
10;2021-05-11;1051;1025;98102;48432;31.7;15.6
10;2021-05-12;2061;880;100163;49312;32.3;15.9
10;2021-05-13;2183;432;102346;49744;33.0;16.1
10;2021-05-14;2730;670;105076;50414;33.9;16.3
10;2021-05-15;2426;2041;107502;52455;34.7;16.9
10;2021-05-16;2081;1449;109583;53904;35.4;17.4
10;2021-05-17;1451;441;111034;54345;35.8;17.5
10;2021-05-18;2510;640;113544;54985;36.6;17.7
10;2021-05-19;1553;640;115097;55625;37.1;17.9
10;2021-05-20;1890;847;116987;56472;37.7;18.2
10;2021-05-21;2318;616;119305;57088;38.5;18.4
10;2021-05-22;2180;422;121485;57510;39.2;18.6
10;2021-05-23;1817;139;123302;57649;39.8;18.6
10;2021-05-24;1968;179;125270;57828;40.4;18.7
10;2021-05-25;2193;490;127463;58318;41.1;18.8
10;2021-05-26;1677;421;129140;58739;41.7;19.0
10;2021-05-27;1660;755;130800;59494;42.2;19.2
10;2021-05-28;1719;1184;132519;60678;42.8;19.6
10;2021-05-29;2170;641;134689;61319;43.5;19.8
10;2021-05-30;1029;133;135718;61452;43.8;19.8
10;2021-05-31;1039;749;136757;62201;44.1;20.1
10;2021-06-01;1132;884;137889;63085;44.5;20.4
10;2021-06-02;1032;717;138921;63802;44.8;20.6
10;2021-06-03;1473;1071;140394;64873;45.3;20.9
10;2021-06-04;1768;2602;142162;67475;45.9;21.8
10;2021-06-05;1514;2454;143676;69929;46.4;22.6
10;2021-06-06;1005;1875;144681;71804;46.7;23.2
10;2021-06-07;698;1112;145379;72916;46.9;23.5
10;2021-06-08;895;1168;146274;74084;47.2;23.9
10;2021-06-09;877;911;147151;74995;47.5;24.2
10;2021-06-10;677;1071;147828;76066;47.7;24.5
10;2021-06-11;1199;2210;149027;78276;48.1;25.3
10;2021-06-12;855;2388;149882;80664;48.4;26.0
10;2021-06-13;401;1837;150283;82501;48.5;26.6
10;2021-06-14;534;742;150817;83243;48.7;26.9
10;2021-06-15;740;2131;151557;85374;48.9;27.5
10;2021-06-16;740;1860;152297;87234;49.1;28.1
10;2021-06-17;848;2458;153145;89692;49.4;28.9
10;2021-06-18;1030;2473;154175;92165;49.7;29.7
10;2021-06-19;981;2595;155156;94760;50.1;30.6
10;2021-06-20;549;1599;155705;96359;50.2;31.1
10;2021-06-21;682;1046;156387;97405;50.5;31.4
10;2021-06-22;743;1524;157130;98929;50.7;31.9
10;2021-06-23;648;2408;157778;101337;50.9;32.7
10;2021-06-24;782;2618;158560;103955;51.2;33.5
10;2021-06-25;731;3038;159291;106993;51.4;34.5
10;2021-06-26;513;2742;159804;109735;51.6;35.4
10;2021-06-27;402;1939;160206;111674;51.7;36.0
10;2021-06-28;684;1787;160890;113461;51.9;36.6
10;2021-06-29;617;2692;161507;116153;52.1;37.5
10;2021-06-30;535;1525;162042;117678;52.3;38.0
10;2021-07-01;551;2171;162593;119849;52.5;38.7
10;2021-07-02;667;2728;163260;122577;52.7;39.6
10;2021-07-03;528;2599;163788;125176;52.9;40.4
10;2021-07-04;411;1725;164199;126901;53.0;40.9
10;2021-07-05;665;2221;164864;129122;53.2;41.7
10;2021-07-06;652;2185;165516;131307;53.4;42.4
10;2021-07-07;632;1700;166148;133007;53.6;42.9
10;2021-07-08;747;1457;166895;134464;53.9;43.4
10;2021-07-09;815;1946;167710;136410;54.1;44.0
10;2021-07-10;632;2096;168342;138506;54.3;44.7
10;2021-07-11;500;1381;168842;139887;54.5;45.1
10;2021-07-12;779;1623;169621;141510;54.7;45.7
10;2021-07-13;1125;1876;170746;143386;55.1;46.3
10;2021-07-14;1170;1056;171916;144442;55.5;46.6
10;2021-07-15;1472;1978;173388;146420;55.9;47.2
10;2021-07-16;1241;2274;174629;148694;56.3;48.0
10;2021-07-17;1287;1740;175916;150434;56.8;48.5
10;2021-07-18;941;1226;176857;151660;57.1;48.9
10;2021-07-19;1360;1618;178217;153278;57.5;49.5
10;2021-07-20;1682;1433;179899;154711;58.0;49.9
10;2021-07-21;1392;1484;181291;156195;58.5;50.4
10;2021-07-22;1932;1594;183223;157789;59.1;50.9
10;2021-07-23;1593;1545;184816;159334;59.6;51.4
10;2021-07-24;1387;1221;186203;160555;60.1;51.8
10;2021-07-25;1251;786;187454;161341;60.5;52.1
10;2021-07-26;1909;1315;189363;162656;61.1;52.5
10;2021-07-27;2117;1085;191480;163741;61.8;52.8
10;2021-07-28;2090;1010;193570;164751;62.5;53.2
10;2021-07-29;2429;1203;195999;165954;63.2;53.5
10;2021-07-30;2152;1307;198151;167261;63.9;54.0
10;2021-07-31;1672;933;199823;168194;64.5;54.3
10;2021-08-01;1234;573;201057;168767;64.9;54.5
10;2021-08-02;1332;1335;202389;170102;65.3;54.9
10;2021-08-03;1558;894;203947;170996;65.8;55.2
10;2021-08-04;1308;1064;205255;172060;66.2;55.5
10;2021-08-05;1624;1340;206879;173400;66.8;56.0
10;2021-08-06;1798;1326;208677;174726;67.3;56.4
10;2021-08-07;1149;1128;209826;175854;67.7;56.7
10;2021-08-08;658;748;210484;176602;67.9;57.0
10;2021-08-09;1302;1539;211786;178141;68.3;57.5
10;2021-08-10;1619;1339;213405;179480;68.9;57.9
10;2021-08-11;822;1105;214227;180585;69.1;58.3
10;2021-08-12;1016;1214;215243;181799;69.5;58.7
11;2020-12-27;0;0;0;0;0.0;0.0
11;2020-12-28;1;0;1;0;0.0;0.0
11;2020-12-29;1;0;2;0;0.0;0.0
11;2020-12-30;0;0;2;0;0.0;0.0
11;2020-12-31;0;0;2;0;0.0;0.0
11;2021-01-01;0;0;2;0;0.0;0.0
11;2021-01-02;5;0;7;0;0.0;0.0
11;2021-01-03;0;0;7;0;0.0;0.0
11;2021-01-04;1;0;8;0;0.0;0.0
11;2021-01-05;94;0;102;0;0.0;0.0
11;2021-01-06;25;0;127;0;0.0;0.0
11;2021-01-07;119;0;246;0;0.1;0.0
11;2021-01-08;90;1;336;1;0.1;0.0
11;2021-01-09;86;0;422;1;0.1;0.0
11;2021-01-10;67;0;489;1;0.1;0.0
11;2021-01-11;136;0;625;1;0.2;0.0
11;2021-01-12;545;3;1170;4;0.3;0.0
11;2021-01-13;410;1;1580;5;0.4;0.0
11;2021-01-14;644;8;2224;13;0.6;0.0
11;2021-01-15;343;4;2567;17;0.7;0.0
11;2021-01-16;77;1;2644;18;0.7;0.0
11;2021-01-17;47;1;2691;19;0.7;0.0
11;2021-01-18;388;0;3079;19;0.8;0.0
11;2021-01-19;526;4;3605;23;1.0;0.0
11;2021-01-20;693;6;4298;29;1.2;0.0
11;2021-01-21;647;4;4945;33;1.3;0.0
11;2021-01-22;524;1;5469;34;1.5;0.0
11;2021-01-23;157;0;5626;34;1.5;0.0
11;2021-01-24;139;0;5765;34;1.5;0.0
11;2021-01-25;374;20;6139;54;1.6;0.0
11;2021-01-26;843;85;6982;139;1.9;0.0
11;2021-01-27;798;23;7780;162;2.1;0.0
11;2021-01-28;645;61;8425;223;2.3;0.1
11;2021-01-29;437;123;8862;346;2.4;0.1
11;2021-01-30;132;1;8994;347;2.4;0.1
11;2021-01-31;81;0;9075;347;2.4;0.1
11;2021-02-01;344;195;9419;542;2.5;0.1
11;2021-02-02;409;406;9828;948;2.6;0.3
11;2021-02-03;389;351;10217;1299;2.7;0.3
11;2021-02-04;374;497;10591;1796;2.8;0.5
11;2021-02-05;315;338;10906;2134;2.9;0.6
11;2021-02-06;207;62;11113;2196;3.0;0.6
11;2021-02-07;108;13;11221;2209;3.0;0.6
11;2021-02-08;315;159;11536;2368;3.1;0.6
11;2021-02-09;301;279;11837;2647;3.2;0.7
11;2021-02-10;339;447;12176;3094;3.3;0.8
11;2021-02-11;610;630;12786;3724;3.4;1.0
11;2021-02-12;401;380;13187;4104;3.5;1.1
11;2021-02-13;193;120;13380;4224;3.6;1.1
11;2021-02-14;72;27;13452;4251;3.6;1.1
11;2021-02-15;239;210;13691;4461;3.7;1.2
11;2021-02-16;262;514;13953;4975;3.7;1.3
11;2021-02-17;453;621;14406;5596;3.9;1.5
11;2021-02-18;456;573;14862;6169;4.0;1.7
11;2021-02-19;300;538;15162;6707;4.1;1.8
11;2021-02-20;147;75;15309;6782;4.1;1.8
11;2021-02-21;58;45;15367;6827;4.1;1.8
11;2021-02-22;125;332;15492;7159;4.2;1.9
11;2021-02-23;283;322;15775;7481;4.2;2.0
11;2021-02-24;251;372;16026;7853;4.3;2.1
11;2021-02-25;562;323;16588;8176;4.5;2.2
11;2021-02-26;523;318;17111;8494;4.6;2.3
11;2021-02-27;318;98;17429;8592;4.7;2.3
11;2021-02-28;95;24;17524;8616;4.7;2.3
11;2021-03-01;339;319;17863;8935;4.8;2.4
11;2021-03-02;562;392;18425;9327;4.9;2.5
11;2021-03-03;599;437;19024;9764;5.1;2.6
11;2021-03-04;1077;408;20101;10172;5.4;2.7
11;2021-03-05;1002;410;21103;10582;5.7;2.8
11;2021-03-06;1093;206;22196;10788;6.0;2.9
11;2021-03-07;658;35;22854;10823;6.1;2.9
11;2021-03-08;372;353;23226;11176;6.2;3.0
11;2021-03-09;997;396;24223;11572;6.5;3.1
11;2021-03-10;1172;545;25395;12117;6.8;3.3
11;2021-03-11;1572;446;26967;12563;7.2;3.4
11;2021-03-12;1453;440;28420;13003;7.6;3.5
11;2021-03-13;1158;240;29578;13243;7.9;3.6
11;2021-03-14;523;53;30101;13296;8.1;3.6
11;2021-03-15;651;241;30752;13537;8.3;3.6
11;2021-03-16;853;200;31605;13737;8.5;3.7
11;2021-03-17;908;220;32513;13957;8.7;3.7
11;2021-03-18;1172;283;33685;14240;9.0;3.8
11;2021-03-19;1371;246;35056;14486;9.4;3.9
11;2021-03-20;788;171;35844;14657;9.6;3.9
11;2021-03-21;225;65;36069;14722;9.7;4.0
11;2021-03-22;809;215;36878;14937;9.9;4.0
11;2021-03-23;1805;389;38683;15326;10.4;4.1
11;2021-03-24;1845;320;40528;15646;10.9;4.2
11;2021-03-25;2189;375;42717;16021;11.5;4.3
11;2021-03-26;2125;444;44842;16465;12.0;4.4
11;2021-03-27;1178;145;46020;16610;12.3;4.5
11;2021-03-28;265;43;46285;16653;12.4;4.5
11;2021-03-29;1181;221;47466;16874;12.7;4.5
11;2021-03-30;1993;320;49459;17194;13.3;4.6
11;2021-03-31;1614;383;51073;17577;13.7;4.7
11;2021-04-01;2146;424;53219;18001;14.3;4.8
11;2021-04-02;1642;430;54861;18431;14.7;4.9
11;2021-04-03;720;144;55581;18575;14.9;5.0
11;2021-04-04;198;74;55779;18649;15.0;5.0
11;2021-04-05;257;4;56036;18653;15.0;5.0
11;2021-04-06;1572;549;57608;19202;15.5;5.2
11;2021-04-07;1776;573;59384;19775;15.9;5.3
11;2021-04-08;1785;683;61169;20458;16.4;5.5
11;2021-04-09;2261;599;63430;21057;17.0;5.6
11;2021-04-10;1169;178;64599;21235;17.3;5.7
11;2021-04-11;547;107;65146;21342;17.5;5.7
11;2021-04-12;1613;538;66759;21880;17.9;5.9
11;2021-04-13;2259;885;69018;22765;18.5;6.1
11;2021-04-14;1661;1013;70679;23778;19.0;6.4
11;2021-04-15;1842;1127;72521;24905;19.5;6.7
11;2021-04-16;1836;847;74357;25752;20.0;6.9
11;2021-04-17;1771;562;76128;26314;20.4;7.1
11;2021-04-18;114;155;76242;26469;20.5;7.1
11;2021-04-19;1383;734;77625;27203;20.8;7.3
11;2021-04-20;1725;1284;79350;28487;21.3;7.6
11;2021-04-21;1780;1321;81130;29808;21.8;8.0
11;2021-04-22;1748;1322;82878;31130;22.2;8.4
11;2021-04-23;2011;1231;84889;32361;22.8;8.7
11;2021-04-24;1735;468;86624;32829;23.2;8.8
11;2021-04-25;658;180;87282;33009;23.4;8.9
11;2021-04-26;1377;835;88659;33844;23.8;9.1
11;2021-04-27;1835;1549;90494;35393;24.3;9.5
11;2021-04-28;2004;1466;92498;36859;24.8;9.9
11;2021-04-29;2248;1634;94746;38493;25.4;10.3
11;2021-04-30;2155;1428;96901;39921;26.0;10.7
11;2021-05-01;1338;342;98239;40263;26.4;10.8
11;2021-05-02;588;336;98827;40599;26.5;10.9
11;2021-05-03;1487;739;100314;41338;26.9;11.1
11;2021-05-04;1879;1430;102193;42768;27.4;11.5
11;2021-05-05;1892;1437;104085;44205;27.9;11.9
11;2021-05-06;2191;1475;106276;45680;28.5;12.3
11;2021-05-07;2104;1556;108380;47236;29.1;12.7
11;2021-05-08;896;726;109276;47962;29.3;12.9
11;2021-05-09;628;543;109904;48505;29.5;13.0
11;2021-05-10;1328;1651;111232;50156;29.8;13.5
11;2021-05-11;2039;1865;113271;52021;30.4;14.0
11;2021-05-12;1830;1635;115101;53656;30.9;14.4
11;2021-05-13;1406;414;116507;54070;31.3;14.5
11;2021-05-14;1713;1184;118220;55254;31.7;14.8
11;2021-05-15;1156;900;119376;56154;32.0;15.1
11;2021-05-16;808;164;120184;56318;32.2;15.1
11;2021-05-17;1469;1049;121653;57367;32.6;15.4
11;2021-05-18;1898;1197;123551;58564;33.1;15.7
11;2021-05-19;1847;1119;125398;59683;33.6;16.0
11;2021-05-20;1969;1090;127367;60773;34.2;16.3
11;2021-05-21;2277;1087;129644;61860;34.8;16.6
11;2021-05-22;1484;725;131128;62585;35.2;16.8
11;2021-05-23;768;67;131896;62652;35.4;16.8
11;2021-05-24;1411;226;133307;62878;35.8;16.9
11;2021-05-25;1812;1354;135119;64232;36.3;17.2
11;2021-05-26;1933;1302;137052;65534;36.8;17.6
11;2021-05-27;1983;1721;139035;67255;37.3;18.0
11;2021-05-28;1760;1897;140795;69152;37.8;18.6
11;2021-05-29;1429;1600;142224;70752;38.2;19.0
11;2021-05-30;486;395;142710;71147;38.3;19.1
11;2021-05-31;1261;1620;143971;72767;38.6;19.5
11;2021-06-01;1856;1905;145827;74672;39.1;20.0
11;2021-06-02;1761;2075;147588;76747;39.6;20.6
11;2021-06-03;2599;2413;150187;79160;40.3;21.2
11;2021-06-04;2145;2672;152332;81832;40.9;22.0
11;2021-06-05;1589;1903;153921;83735;41.3;22.5
11;2021-06-06;877;861;154798;84596;41.5;22.7
11;2021-06-07;1527;1713;156325;86309;41.9;23.2
11;2021-06-08;2039;1996;158364;88305;42.5;23.7
11;2021-06-09;1791;2191;160155;90496;43.0;24.3
11;2021-06-10;1807;2427;161962;92923;43.5;24.9
11;2021-06-11;1864;2492;163826;95415;44.0;25.6
11;2021-06-12;1457;1621;165283;97036;44.3;26.0
11;2021-06-13;711;723;165994;97759;44.5;26.2
11;2021-06-14;1033;1968;167027;99727;44.8;26.8
11;2021-06-15;1392;2684;168419;102411;45.2;27.5
11;2021-06-16;1338;2528;169757;104939;45.5;28.2
11;2021-06-17;1473;2540;171230;107479;45.9;28.8
11;2021-06-18;1519;2490;172749;109969;46.4;29.5
11;2021-06-19;1237;1409;173986;111378;46.7;29.9
11;2021-06-20;299;600;174285;111978;46.8;30.0
11;2021-06-21;839;2120;175124;114098;47.0;30.6
11;2021-06-22;1015;2607;176139;116705;47.3;31.3
11;2021-06-23;1097;2087;177236;118792;47.6;31.9
11;2021-06-24;907;2245;178143;121037;47.8;32.5
11;2021-06-25;992;2543;179135;123580;48.1;33.2
11;2021-06-26;775;1656;179910;125236;48.3;33.6
11;2021-06-27;210;688;180120;125924;48.3;33.8
11;2021-06-28;697;2299;180817;128223;48.5;34.4
11;2021-06-29;961;2599;181778;130822;48.8;35.1
11;2021-06-30;905;2521;182683;133343;49.0;35.8
11;2021-07-01;1002;1889;183685;135232;49.3;36.3
11;2021-07-02;967;2542;184652;137774;49.5;37.0
11;2021-07-03;728;1802;185380;139576;49.7;37.4
11;2021-07-04;339;1108;185719;140684;49.8;37.7
11;2021-07-05;694;2132;186413;142816;50.0;38.3
11;2021-07-06;972;2518;187385;145334;50.3;39.0
11;2021-07-07;945;2511;188330;147845;50.5;39.7
11;2021-07-08;1189;1909;189519;149754;50.8;40.2
11;2021-07-09;823;1793;190342;151547;51.1;40.7
11;2021-07-10;369;1303;190711;152850;51.2;41.0
11;2021-07-11;312;564;191023;153414;51.3;41.2
11;2021-07-12;501;2670;191524;156084;51.4;41.9
11;2021-07-13;1297;3069;192821;159153;51.7;42.7
11;2021-07-14;207;236;193028;159389;51.8;42.8
11;2021-07-15;1436;2961;194464;162350;52.2;43.6
11;2021-07-16;1854;2730;196318;165080;52.7;44.3
11;2021-07-17;1076;2165;197394;167245;53.0;44.9
11;2021-07-18;651;945;198045;168190;53.1;45.1
11;2021-07-19;1338;2092;199383;170282;53.5;45.7
11;2021-07-20;1974;2404;201357;172686;54.0;46.3
11;2021-07-21;2004;2433;203361;175119;54.6;47.0
11;2021-07-22;2390;1871;205751;176990;55.2;47.5
11;2021-07-23;2215;2267;207966;179257;55.8;48.1
11;2021-07-24;1269;1622;209235;180879;56.1;48.5
11;2021-07-25;746;690;209981;181569;56.3;48.7
11;2021-07-26;1657;1415;211638;182984;56.8;49.1
11;2021-07-27;2308;1990;213946;184974;57.4;49.6
11;2021-07-28;2457;1983;216403;186957;58.1;50.2
11;2021-07-29;2739;1789;219142;188746;58.8;50.6
11;2021-07-30;2558;1785;221700;190531;59.5;51.1
11;2021-07-31;1999;1123;223699;191654;60.0;51.4
11;2021-08-01;1011;480;224710;192134;60.3;51.6
11;2021-08-02;1915;1149;226625;193283;60.8;51.9
11;2021-08-03;2423;1594;229048;194877;61.5;52.3
11;2021-08-04;2542;1254;231590;196131;62.1;52.6
11;2021-08-05;2365;1332;233955;197463;62.8;53.0
11;2021-08-06;2241;1654;236196;199117;63.4;53.4
11;2021-08-07;1647;1160;237843;200277;63.8;53.7
11;2021-08-08;594;201;238437;200478;64.0;53.8
11;2021-08-09;1028;1429;239465;201907;64.3;54.2
11;2021-08-10;1733;1988;241198;203895;64.7;54.7
11;2021-08-11;1696;1681;242894;205576;65.2;55.2
11;2021-08-12;1659;1838;244553;207414;65.6;55.7
12;2020-12-27;0;0;0;0;0.0;0.0
12;2020-12-28;0;0;0;0;0.0;0.0
12;2020-12-29;0;0;0;0;0.0;0.0
12;2020-12-30;0;0;0;0;0.0;0.0
12;2020-12-31;0;0;0;0;0.0;0.0
12;2021-01-01;0;0;0;0;0.0;0.0
12;2021-01-02;0;0;0;0;0.0;0.0
12;2021-01-03;0;0;0;0;0.0;0.0
12;2021-01-04;1;0;1;0;0.0;0.0
12;2021-01-05;0;0;1;0;0.0;0.0
12;2021-01-06;12;0;13;0;0.0;0.0
12;2021-01-07;202;0;215;0;0.1;0.0
12;2021-01-08;65;0;280;0;0.1;0.0
12;2021-01-09;0;0;280;0;0.1;0.0
12;2021-01-10;1;0;281;0;0.1;0.0
12;2021-01-11;99;0;380;0;0.1;0.0
12;2021-01-12;360;1;740;1;0.3;0.0
12;2021-01-13;285;0;1025;1;0.4;0.0
12;2021-01-14;598;11;1623;12;0.6;0.0
12;2021-01-15;366;10;1989;22;0.7;0.0
12;2021-01-16;138;2;2127;24;0.8;0.0
12;2021-01-17;0;0;2127;24;0.8;0.0
12;2021-01-18;453;0;2580;24;0.9;0.0
12;2021-01-19;604;3;3184;27;1.1;0.0
12;2021-01-20;877;2;4061;29;1.5;0.0
12;2021-01-21;735;0;4796;29;1.7;0.0
12;2021-01-22;798;1;5594;30;2.0;0.0
12;2021-01-23;382;2;5976;32;2.1;0.0
12;2021-01-24;0;0;5976;32;2.1;0.0
12;2021-01-25;453;0;6429;32;2.3;0.0
12;2021-01-26;650;0;7079;32;2.5;0.0
12;2021-01-27;1882;18;8961;50;3.2;0.0
12;2021-01-28;1884;211;10845;261;3.9;0.1
12;2021-01-29;1330;44;12175;305;4.4;0.1
12;2021-01-30;359;2;12534;307;4.5;0.1
12;2021-01-31;0;0;12534;307;4.5;0.1
12;2021-02-01;333;89;12867;396;4.6;0.1
12;2021-02-02;457;243;13324;639;4.8;0.2
12;2021-02-03;457;166;13781;805;5.0;0.3
12;2021-02-04;458;525;14239;1330;5.1;0.5
12;2021-02-05;449;183;14688;1513;5.3;0.5
12;2021-02-06;219;68;14907;1581;5.4;0.6
12;2021-02-07;8;0;14915;1581;5.4;0.6
12;2021-02-08;105;316;15020;1897;5.4;0.7
12;2021-02-09;208;341;15228;2238;5.5;0.8
12;2021-02-10;465;472;15693;2710;5.6;1.0
12;2021-02-11;538;346;16231;3056;5.8;1.1
12;2021-02-12;570;345;16801;3401;6.0;1.2
12;2021-02-13;175;134;16976;3535;6.1;1.3
12;2021-02-14;1;0;16977;3535;6.1;1.3
12;2021-02-15;175;378;17152;3913;6.2;1.4
12;2021-02-16;171;513;17323;4426;6.2;1.6
12;2021-02-17;365;1434;17688;5860;6.4;2.1
12;2021-02-18;676;1661;18364;7521;6.6;2.7
12;2021-02-19;593;973;18957;8494;6.8;3.1
12;2021-02-20;103;396;19060;8890;6.8;3.2
12;2021-02-21;0;0;19060;8890;6.8;3.2
12;2021-02-22;149;403;19209;9293;6.9;3.3
12;2021-02-23;157;558;19366;9851;7.0;3.5
12;2021-02-24;157;688;19523;10539;7.0;3.8
12;2021-02-25;201;768;19724;11307;7.1;4.1
12;2021-02-26;320;653;20044;11960;7.2;4.3
12;2021-02-27;190;350;20234;12310;7.3;4.4
12;2021-02-28;13;0;20247;12310;7.3;4.4
12;2021-03-01;51;349;20298;12659;7.3;4.5
12;2021-03-02;190;506;20488;13165;7.4;4.7
12;2021-03-03;243;388;20731;13553;7.4;4.9
12;2021-03-04;278;360;21009;13913;7.5;5.0
12;2021-03-05;421;369;21430;14282;7.7;5.1
12;2021-03-06;793;129;22223;14411;8.0;5.2
12;2021-03-07;140;32;22363;14443;8.0;5.2
12;2021-03-08;234;208;22597;14651;8.1;5.3
12;2021-03-09;716;235;23313;14886;8.4;5.3
12;2021-03-10;782;740;24095;15626;8.7;5.6
12;2021-03-11;918;660;25013;16286;9.0;5.9
12;2021-03-12;1258;527;26271;16813;9.4;6.0
12;2021-03-13;896;138;27167;16951;9.8;6.1
12;2021-03-14;45;2;27212;16953;9.8;6.1
12;2021-03-15;558;155;27770;17108;10.0;6.1
12;2021-03-16;817;160;28587;17268;10.3;6.2
12;2021-03-17;1504;162;30091;17430;10.8;6.3
12;2021-03-18;995;251;31086;17681;11.2;6.4
12;2021-03-19;1382;277;32468;17958;11.7;6.5
12;2021-03-20;724;79;33192;18037;11.9;6.5
12;2021-03-21;264;11;33456;18048;12.0;6.5
12;2021-03-22;606;174;34062;18222;12.2;6.5
12;2021-03-23;1214;174;35276;18396;12.7;6.6
12;2021-03-24;1421;200;36697;18596;13.2;6.7
12;2021-03-25;1845;204;38542;18800;13.8;6.8
12;2021-03-26;1977;224;40519;19024;14.6;6.8
12;2021-03-27;980;65;41499;19089;14.9;6.9
12;2021-03-28;60;1;41559;19090;14.9;6.9
12;2021-03-29;962;83;42521;19173;15.3;6.9
12;2021-03-30;1736;119;44257;19292;15.9;6.9
12;2021-03-31;1460;102;45717;19394;16.4;7.0
12;2021-04-01;1958;160;47675;19554;17.1;7.0
12;2021-04-02;1615;345;49290;19899;17.7;7.1
12;2021-04-03;882;95;50172;19994;18.0;7.2
12;2021-04-04;1;0;50173;19994;18.0;7.2
12;2021-04-05;645;11;50818;20005;18.3;7.2
12;2021-04-06;1154;534;51972;20539;18.7;7.4
12;2021-04-07;1649;632;53621;21171;19.3;7.6
12;2021-04-08;2098;561;55719;21732;20.0;7.8
12;2021-04-09;2112;643;57831;22375;20.8;8.0
12;2021-04-10;1427;218;59258;22593;21.3;8.1
12;2021-04-11;120;1;59378;22594;21.3;8.1
12;2021-04-12;1837;501;61215;23095;22.0;8.3
12;2021-04-13;1907;777;63122;23872;22.7;8.6
12;2021-04-14;1831;1319;64953;25191;23.3;9.0
12;2021-04-15;1937;897;66890;26088;24.0;9.4
12;2021-04-16;1675;1204;68565;27292;24.6;9.8
12;2021-04-17;1554;567;70119;27859;25.2;10.0
12;2021-04-18;0;0;70119;27859;25.2;10.0
12;2021-04-19;1687;547;71806;28406;25.8;10.2
12;2021-04-20;1545;985;73351;29391;26.4;10.6
12;2021-04-21;1691;1179;75042;30570;27.0;11.0
12;2021-04-22;1690;1095;76732;31665;27.6;11.4
12;2021-04-23;1384;1332;78116;32997;28.1;11.9
12;2021-04-24;1451;719;79567;33716;28.6;12.1
12;2021-04-25;60;0;79627;33716;28.6;12.1
12;2021-04-26;1460;898;81087;34614;29.1;12.4
12;2021-04-27;1320;1279;82407;35893;29.6;12.9
12;2021-04-28;1113;1870;83520;37763;30.0;13.6
12;2021-04-29;1571;1912;85091;39675;30.6;14.3
12;2021-04-30;1812;1836;86903;41511;31.2;14.9
12;2021-05-01;1615;259;88518;41770;31.8;15.0
12;2021-05-02;7;0;88525;41770;31.8;15.0
12;2021-05-03;1713;1247;90238;43017;32.4;15.5
12;2021-05-04;1482;1392;91720;44409;33.0;16.0
12;2021-05-05;1292;1675;93012;46084;33.4;16.6
12;2021-05-06;1753;1376;94765;47460;34.0;17.0
12;2021-05-07;1482;1775;96247;49235;34.6;17.7
12;2021-05-08;1330;461;97577;49696;35.1;17.9
12;2021-05-09;13;34;97590;49730;35.1;17.9
12;2021-05-10;827;2217;98417;51947;35.4;18.7
12;2021-05-11;931;1852;99348;53799;35.7;19.3
12;2021-05-12;950;1821;100298;55620;36.0;20.0
12;2021-05-13;1587;809;101885;56429;36.6;20.3
12;2021-05-14;1236;1533;103121;57962;37.0;20.8
12;2021-05-15;1068;1113;104189;59075;37.4;21.2
12;2021-05-16;2;19;104191;59094;37.4;21.2
12;2021-05-17;1082;1811;105273;60905;37.8;21.9
12;2021-05-18;1427;1534;106700;62439;38.3;22.4
12;2021-05-19;1915;1329;108615;63768;39.0;22.9
12;2021-05-20;2116;874;110731;64642;39.8;23.2
12;2021-05-21;1821;1252;112552;65894;40.4;23.7
12;2021-05-22;1206;1013;113758;66907;40.9;24.0
12;2021-05-23;7;12;113765;66919;40.9;24.0
12;2021-05-24;1956;538;115721;67457;41.6;24.2
12;2021-05-25;1737;1160;117458;68617;42.2;24.7
12;2021-05-26;1998;778;119456;69395;42.9;24.9
12;2021-05-27;2164;743;121620;70138;43.7;25.2
12;2021-05-28;1928;1030;123548;71168;44.4;25.6
12;2021-05-29;1637;804;125185;71972;45.0;25.9
12;2021-05-30;9;43;125194;72015;45.0;25.9
12;2021-05-31;1699;816;126893;72831;45.6;26.2
12;2021-06-01;1889;1028;128782;73859;46.3;26.5
12;2021-06-02;1979;1053;130761;74912;47.0;26.9
12;2021-06-03;2121;830;132882;75742;47.7;27.2
12;2021-06-04;1967;1416;134849;77158;48.4;27.7
12;2021-06-05;1739;984;136588;78142;49.1;28.1
12;2021-06-06;5;6;136593;78148;49.1;28.1
12;2021-06-07;1091;1804;137684;79952;49.5;28.7
12;2021-06-08;1333;1201;139017;81153;49.9;29.2
12;2021-06-09;895;1290;139912;82443;50.3;29.6
12;2021-06-10;1021;917;140933;83360;50.6;29.9
12;2021-06-11;1204;2080;142137;85440;51.1;30.7
12;2021-06-12;1033;1321;143170;86761;51.4;31.2
12;2021-06-13;6;47;143176;86808;51.4;31.2
12;2021-06-14;662;1830;143838;88638;51.7;31.8
12;2021-06-15;745;1882;144583;90520;51.9;32.5
12;2021-06-16;821;1817;145404;92337;52.2;33.2
12;2021-06-17;678;995;146082;93332;52.5;33.5
12;2021-06-18;1134;1839;147216;95171;52.9;34.2
12;2021-06-19;914;1405;148130;96576;53.2;34.7
12;2021-06-20;4;10;148134;96586;53.2;34.7
12;2021-06-21;510;1738;148644;98324;53.4;35.3
12;2021-06-22;503;1474;149147;99798;53.6;35.9
12;2021-06-23;578;1306;149725;101104;53.8;36.3
12;2021-06-24;249;545;149974;101649;53.9;36.5
12;2021-06-25;874;1837;150848;103486;54.2;37.2
12;2021-06-26;673;1526;151521;105012;54.4;37.7
12;2021-06-27;1;9;151522;105021;54.4;37.7
12;2021-06-28;468;2452;151990;107473;54.6;38.6
12;2021-06-29;565;1957;152555;109430;54.8;39.3
12;2021-06-30;830;2133;153385;111563;55.1;40.1
12;2021-07-01;343;1086;153728;112649;55.2;40.5
12;2021-07-02;795;2626;154523;115275;55.5;41.4
12;2021-07-03;564;1872;155087;117147;55.7;42.1
12;2021-07-04;1;0;155088;117147;55.7;42.1
12;2021-07-05;439;2408;155527;119555;55.9;42.9
12;2021-07-06;640;2498;156167;122053;56.1;43.8
12;2021-07-07;686;2118;156853;124171;56.3;44.6
12;2021-07-08;293;912;157146;125083;56.5;44.9
12;2021-07-09;722;2591;157868;127674;56.7;45.9
12;2021-07-10;445;2077;158313;129751;56.9;46.6
12;2021-07-11;0;0;158313;129751;56.9;46.6
12;2021-07-12;582;2437;158895;132188;57.1;47.5
12;2021-07-13;838;2592;159733;134780;57.4;48.4
12;2021-07-14;44;25;159777;134805;57.4;48.4
12;2021-07-15;791;2108;160568;136913;57.7;49.2
12;2021-07-16;1245;2557;161813;139470;58.1;50.1
12;2021-07-17;787;2010;162600;141480;58.4;50.8
12;2021-07-18;23;11;162623;141491;58.4;50.8
12;2021-07-19;1315;2006;163938;143497;58.9;51.6
12;2021-07-20;1420;1472;165358;144969;59.4;52.1
12;2021-07-21;1012;936;166370;145905;59.8;52.4
12;2021-07-22;2219;1307;168589;147212;60.6;52.9
12;2021-07-23;1854;2067;170443;149279;61.2;53.6
12;2021-07-24;1597;1565;172040;150844;61.8;54.2
12;2021-07-25;96;28;172136;150872;61.8;54.2
12;2021-07-26;1911;1437;174047;152309;62.5;54.7
12;2021-07-27;2204;1006;176251;153315;63.3;55.1
12;2021-07-28;1699;670;177950;153985;63.9;55.3
12;2021-07-29;1172;801;179122;154786;64.3;55.6
12;2021-07-30;2488;1281;181610;156067;65.2;56.1
12;2021-07-31;1954;1003;183564;157070;65.9;56.4
12;2021-08-01;225;37;183789;157107;66.0;56.4
12;2021-08-02;1807;835;185596;157942;66.7;56.7
12;2021-08-03;1948;772;187544;158714;67.4;57.0
12;2021-08-04;1680;828;189224;159542;68.0;57.3
12;2021-08-05;1625;680;190849;160222;68.6;57.6
12;2021-08-06;1689;1304;192538;161526;69.2;58.0
12;2021-08-07;1436;735;193974;162261;69.7;58.3
12;2021-08-08;0;3;193974;162264;69.7;58.3
12;2021-08-09;1341;1414;195315;163678;70.2;58.8
12;2021-08-10;1335;1253;196650;164931;70.6;59.3
12;2021-08-11;815;1192;197465;166123;70.9;59.7
12;2021-08-12;706;1064;198171;167187;71.2;60.1
13;2020-12-27;3;0;3;0;0.0;0.0
13;2020-12-28;3;0;6;0;0.0;0.0
13;2020-12-29;0;0;6;0;0.0;0.0
13;2020-12-30;0;0;6;0;0.0;0.0
13;2020-12-31;5;0;11;0;0.0;0.0
13;2021-01-01;3;0;14;0;0.0;0.0
13;2021-01-02;4;0;18;0;0.0;0.0
13;2021-01-03;6;0;24;0;0.0;0.0
13;2021-01-04;0;0;24;0;0.0;0.0
13;2021-01-05;78;0;102;0;0.0;0.0
13;2021-01-06;122;0;224;0;0.0;0.0
13;2021-01-07;174;1;398;1;0.0;0.0
13;2021-01-08;188;0;586;1;0.0;0.0
13;2021-01-09;12;0;598;1;0.0;0.0
13;2021-01-10;3;0;601;1;0.0;0.0
13;2021-01-11;480;1;1081;2;0.1;0.0
13;2021-01-12;814;1;1895;3;0.1;0.0
13;2021-01-13;1083;1;2978;4;0.1;0.0
13;2021-01-14;1567;17;4545;21;0.2;0.0
13;2021-01-15;1534;7;6079;28;0.3;0.0
13;2021-01-16;407;2;6486;30;0.3;0.0
13;2021-01-17;41;0;6527;30;0.3;0.0
13;2021-01-18;2380;9;8907;39;0.4;0.0
13;2021-01-19;7408;30;16315;69;0.8;0.0
13;2021-01-20;5553;17;21868;86;1.1;0.0
13;2021-01-21;5353;25;27221;111;1.3;0.0
13;2021-01-22;3994;18;31215;129;1.5;0.0
13;2021-01-23;1335;6;32550;135;1.6;0.0
13;2021-01-24;490;4;33040;139;1.6;0.0
13;2021-01-25;2337;27;35377;166;1.7;0.0
13;2021-01-26;2949;90;38326;256;1.9;0.0
13;2021-01-27;3117;121;41443;377;2.0;0.0
13;2021-01-28;3245;192;44688;569;2.2;0.0
13;2021-01-29;2509;128;47197;697;2.3;0.0
13;2021-01-30;1022;11;48219;708;2.4;0.0
13;2021-01-31;248;0;48467;708;2.4;0.0
13;2021-02-01;1858;295;50325;1003;2.5;0.0
13;2021-02-02;2254;616;52579;1619;2.6;0.1
13;2021-02-03;1863;577;54442;2196;2.7;0.1
13;2021-02-04;1899;932;56341;3128;2.8;0.2
13;2021-02-05;2625;1560;58966;4688;2.9;0.2
13;2021-02-06;848;313;59814;5001;2.9;0.2
13;2021-02-07;274;6;60088;5007;3.0;0.2
13;2021-02-08;1897;1544;61985;6551;3.0;0.3
13;2021-02-09;3309;4442;65294;10993;3.2;0.5
13;2021-02-10;3220;3429;68514;14422;3.4;0.7
13;2021-02-11;3571;3584;72085;18006;3.5;0.9
13;2021-02-12;2821;3155;74906;21161;3.7;1.0
13;2021-02-13;733;597;75639;21758;3.7;1.1
13;2021-02-14;72;378;75711;22136;3.7;1.1
13;2021-02-15;966;2032;76677;24168;3.8;1.2
13;2021-02-16;1391;2642;78068;26810;3.8;1.3
13;2021-02-17;1345;3003;79413;29813;3.9;1.5
13;2021-02-18;1900;2689;81313;32502;4.0;1.6
13;2021-02-19;1514;2189;82827;34691;4.1;1.7
13;2021-02-20;456;791;83283;35482;4.1;1.7
13;2021-02-21;33;286;83316;35768;4.1;1.8
13;2021-02-22;1021;2265;84337;38033;4.1;1.9
13;2021-02-23;1279;2679;85616;40712;4.2;2.0
13;2021-02-24;1506;2626;87122;43338;4.3;2.1
13;2021-02-25;2383;2154;89505;45492;4.4;2.2
13;2021-02-26;2456;2115;91961;47607;4.5;2.3
13;2021-02-27;981;751;92942;48358;4.6;2.4
13;2021-02-28;193;204;93135;48562;4.6;2.4
13;2021-03-01;1915;1529;95050;50091;4.7;2.5
13;2021-03-02;3005;2629;98055;52720;4.8;2.6
13;2021-03-03;3483;2571;101538;55291;5.0;2.7
13;2021-03-04;4194;3125;105732;58416;5.2;2.9
13;2021-03-05;4044;2793;109776;61209;5.4;3.0
13;2021-03-06;5295;829;115071;62038;5.7;3.0
13;2021-03-07;4292;369;119363;62407;5.9;3.1
13;2021-03-08;3923;1998;123286;64405;6.1;3.2
13;2021-03-09;5069;2271;128355;66676;6.3;3.3
13;2021-03-10;5178;1983;133533;68659;6.6;3.4
13;2021-03-11;7302;2126;140835;70785;6.9;3.5
13;2021-03-12;8322;2095;149157;72880;7.3;3.6
13;2021-03-13;6376;714;155533;73594;7.6;3.6
13;2021-03-14;2312;163;157845;73757;7.8;3.6
13;2021-03-15;6355;1294;164200;75051;8.1;3.7
13;2021-03-16;5073;1524;169273;76575;8.3;3.8
13;2021-03-17;5173;1400;174446;77975;8.6;3.8
13;2021-03-18;5816;1866;180262;79841;8.9;3.9
13;2021-03-19;6803;1607;187065;81448;9.2;4.0
13;2021-03-20;4038;696;191103;82144;9.4;4.0
13;2021-03-21;724;83;191827;82227;9.4;4.0
13;2021-03-22;7296;1554;199123;83781;9.8;4.1
13;2021-03-23;9122;1736;208245;85517;10.2;4.2
13;2021-03-24;8853;2172;217098;87689;10.7;4.3
13;2021-03-25;10910;2092;228008;89781;11.2;4.4
13;2021-03-26;10708;1896;238716;91677;11.7;4.5
13;2021-03-27;4866;827;243582;92504;12.0;4.5
13;2021-03-28;1119;81;244701;92585;12.0;4.6
13;2021-03-29;7573;1990;252274;94575;12.4;4.6
13;2021-03-30;12608;2496;264882;97071;13.0;4.8
13;2021-03-31;10814;3136;275696;100207;13.6;4.9
13;2021-04-01;12259;3048;287955;103255;14.2;5.1
13;2021-04-02;9789;3882;297744;107137;14.6;5.3
13;2021-04-03;4006;2803;301750;109940;14.8;5.4
13;2021-04-04;629;304;302379;110244;14.9;5.4
13;2021-04-05;3530;721;305909;110965;15.0;5.5
13;2021-04-06;8514;4246;314423;115211;15.5;5.7
13;2021-04-07;10076;4678;324499;119889;16.0;5.9
13;2021-04-08;10108;5448;334607;125337;16.4;6.2
13;2021-04-09;11257;5097;345864;130434;17.0;6.4
13;2021-04-10;7299;2088;353163;132522;17.4;6.5
13;2021-04-11;1378;533;354541;133055;17.4;6.5
13;2021-04-12;7977;4779;362518;137834;17.8;6.8
13;2021-04-13;9139;5485;371657;143319;18.3;7.0
13;2021-04-14;9530;5806;381187;149125;18.7;7.3
13;2021-04-15;9872;5952;391059;155077;19.2;7.6
13;2021-04-16;9968;5557;401027;160634;19.7;7.9
13;2021-04-17;4081;2016;405108;162650;19.9;8.0
13;2021-04-18;2523;1422;407631;164072;20.0;8.1
13;2021-04-19;6449;6401;414080;170473;20.4;8.4
13;2021-04-20;7399;7594;421479;178067;20.7;8.8
13;2021-04-21;7774;7366;429253;185433;21.1;9.1
13;2021-04-22;8462;7921;437715;193354;21.5;9.5
13;2021-04-23;8375;6787;446090;200141;21.9;9.8
13;2021-04-24;4621;3818;450711;203959;22.2;10.0
13;2021-04-25;873;524;451584;204483;22.2;10.1
13;2021-04-26;6168;7113;457752;211596;22.5;10.4
13;2021-04-27;7261;8022;465013;219618;22.9;10.8
13;2021-04-28;9450;7706;474463;227324;23.3;11.2
13;2021-04-29;11406;7590;485869;234914;23.9;11.5
13;2021-04-30;10922;7369;496791;242283;24.4;11.9
13;2021-05-01;5368;3791;502159;246074;24.7;12.1
13;2021-05-02;2098;745;504257;246819;24.8;12.1
13;2021-05-03;7301;7855;511558;254674;25.1;12.5
13;2021-05-04;8452;8513;520010;263187;25.6;12.9
13;2021-05-05;8228;8962;528238;272149;26.0;13.4
13;2021-05-06;10137;8580;538375;280729;26.5;13.8
13;2021-05-07;8852;10030;547227;290759;26.9;14.3
13;2021-05-08;4571;3927;551798;294686;27.1;14.5
13;2021-05-09;936;683;552734;295369;27.2;14.5
13;2021-05-10;7714;8761;560448;304130;27.5;14.9
13;2021-05-11;10976;9566;571424;313696;28.1;15.4
13;2021-05-12;12839;8719;584263;322415;28.7;15.8
13;2021-05-13;9509;3632;593772;326047;29.2;16.0
13;2021-05-14;13660;6442;607432;332489;29.9;16.3
13;2021-05-15;10197;4527;617629;337016;30.4;16.6
13;2021-05-16;3124;788;620753;337804;30.5;16.6
13;2021-05-17;10846;6810;631599;344614;31.0;16.9
13;2021-05-18;11915;6464;643514;351078;31.6;17.3
13;2021-05-19;12156;6346;655670;357424;32.2;17.6
13;2021-05-20;13448;6453;669118;363877;32.9;17.9
13;2021-05-21;12997;6770;682115;370647;33.5;18.2
13;2021-05-22;7513;3632;689628;374279;33.9;18.4
13;2021-05-23;863;640;690491;374919;33.9;18.4
13;2021-05-24;6767;2473;697258;377392;34.3;18.5
13;2021-05-25;9273;7596;706531;384988;34.7;18.9
13;2021-05-26;10138;7834;716669;392822;35.2;19.3
13;2021-05-27;10350;8413;727019;401235;35.7;19.7
13;2021-05-28;8996;9172;736015;410407;36.2;20.2
13;2021-05-29;7176;4630;743191;415037;36.5;20.4
13;2021-05-30;891;527;744082;415564;36.6;20.4
13;2021-05-31;8190;8035;752272;423599;37.0;20.8
13;2021-06-01;9588;9303;761860;432902;37.4;21.3
13;2021-06-02;10082;8793;771942;441695;37.9;21.7
13;2021-06-03;12290;9484;784232;451179;38.5;22.2
13;2021-06-04;12036;10042;796268;461221;39.1;22.7
13;2021-06-05;7825;5578;804093;466799;39.5;22.9
13;2021-06-06;1670;882;805763;467681;39.6;23.0
13;2021-06-07;6685;9885;812448;477566;39.9;23.5
13;2021-06-08;8311;9985;820759;487551;40.3;24.0
13;2021-06-09;8395;9738;829154;497289;40.8;24.4
13;2021-06-10;8934;9764;838088;507053;41.2;24.9
13;2021-06-11;8232;12703;846320;519756;41.6;25.5
13;2021-06-12;5786;6705;852106;526461;41.9;25.9
13;2021-06-13;950;1215;853056;527676;41.9;25.9
13;2021-06-14;5999;11137;859055;538813;42.2;26.5
13;2021-06-15;7283;11402;866338;550215;42.6;27.0
13;2021-06-16;7339;9880;873677;560095;42.9;27.5
13;2021-06-17;7428;10706;881105;570801;43.3;28.1
13;2021-06-18;7533;11073;888638;581874;43.7;28.6
13;2021-06-19;4612;7488;893250;589362;43.9;29.0
13;2021-06-20;955;1045;894205;590407;44.0;29.0
13;2021-06-21;4466;12260;898671;602667;44.2;29.6
13;2021-06-22;4933;13867;903604;616534;44.4;30.3
13;2021-06-23;5136;13567;908740;630101;44.7;31.0
13;2021-06-24;5322;12841;914062;642942;44.9;31.6
13;2021-06-25;5255;14677;919317;657619;45.2;32.3
13;2021-06-26;3020;9674;922337;667293;45.3;32.8
13;2021-06-27;535;931;922872;668224;45.4;32.8
13;2021-06-28;3725;12554;926597;680778;45.5;33.5
13;2021-06-29;4482;12900;931079;693678;45.8;34.1
13;2021-06-30;4842;12687;935921;706365;46.0;34.7
13;2021-07-01;5440;11477;941361;717842;46.3;35.3
13;2021-07-02;5516;12397;946877;730239;46.5;35.9
13;2021-07-03;3498;9160;950375;739399;46.7;36.3
13;2021-07-04;475;867;950850;740266;46.7;36.4
13;2021-07-05;3715;11775;954565;752041;46.9;37.0
13;2021-07-06;5421;11679;959986;763720;47.2;37.5
13;2021-07-07;5598;10686;965584;774406;47.5;38.1
13;2021-07-08;6201;10305;971785;784711;47.8;38.6
13;2021-07-09;5905;11917;977690;796628;48.1;39.2
13;2021-07-10;3158;8639;980848;805267;48.2;39.6
13;2021-07-11;434;1011;981282;806278;48.2;39.6
13;2021-07-12;4467;10958;985749;817236;48.5;40.2
13;2021-07-13;8935;13139;994684;830375;48.9;40.8
13;2021-07-14;5584;4836;1000268;835211;49.2;41.1
13;2021-07-15;11370;12888;1011638;848099;49.7;41.7
13;2021-07-16;12138;12879;1023776;860978;50.3;42.3
13;2021-07-17;6564;8464;1030340;869442;50.6;42.7
13;2021-07-18;717;1061;1031057;870503;50.7;42.8
13;2021-07-19;9755;11122;1040812;881625;51.2;43.3
13;2021-07-20;12199;11627;1053011;893252;51.8;43.9
13;2021-07-21;12611;10285;1065622;903537;52.4;44.4
13;2021-07-22;14480;10375;1080102;913912;53.1;44.9
13;2021-07-23;14360;10867;1094462;924779;53.8;45.5
13;2021-07-24;8300;7951;1102762;932730;54.2;45.8
13;2021-07-25;1008;784;1103770;933514;54.3;45.9
13;2021-07-26;11555;9027;1115325;942541;54.8;46.3
13;2021-07-27;13431;9314;1128756;951855;55.5;46.8
13;2021-07-28;12243;8123;1140999;959978;56.1;47.2
13;2021-07-29;13716;8056;1154715;968034;56.8;47.6
13;2021-07-30;13587;8576;1168302;976610;57.4;48.0
13;2021-07-31;8642;5801;1176944;982411;57.9;48.3
13;2021-08-01;1098;712;1178042;983123;57.9;48.3
13;2021-08-02;9930;6628;1187972;989751;58.4;48.6
13;2021-08-03;10920;7220;1198892;996971;58.9;49.0
13;2021-08-04;9340;6503;1208232;1003474;59.4;49.3
13;2021-08-05;9343;7453;1217575;1010927;59.8;49.7
13;2021-08-06;9051;8952;1226626;1019879;60.3;50.1
13;2021-08-07;5379;5512;1232005;1025391;60.6;50.4
13;2021-08-08;890;785;1232895;1026176;60.6;50.4
13;2021-08-09;8199;8982;1241094;1035158;61.0;50.9
13;2021-08-10;8886;8799;1249980;1043957;61.4;51.3
13;2021-08-11;7684;8435;1257664;1052392;61.8;51.7
13;2021-08-12;7512;9533;1265176;1061925;62.2;52.2
14;2020-12-27;0;0;0;0;0.0;0.0
14;2020-12-28;1;1;1;1;0.0;0.0
14;2020-12-29;0;0;1;1;0.0;0.0
14;2020-12-30;0;0;1;1;0.0;0.0
14;2020-12-31;3;0;4;1;0.0;0.0
14;2021-01-01;1;0;5;1;0.0;0.0
14;2021-01-02;1;0;6;1;0.0;0.0
14;2021-01-03;0;0;6;1;0.0;0.0
14;2021-01-04;10;0;16;1;0.0;0.0
14;2021-01-05;24;0;40;1;0.0;0.0
14;2021-01-06;348;0;388;1;0.1;0.0
14;2021-01-07;400;2;788;3;0.1;0.0
14;2021-01-08;621;2;1409;5;0.2;0.0
14;2021-01-09;127;0;1536;5;0.2;0.0
14;2021-01-10;41;0;1577;5;0.2;0.0
14;2021-01-11;665;1;2242;6;0.3;0.0
14;2021-01-12;942;1;3184;7;0.5;0.0
14;2021-01-13;850;1;4034;8;0.6;0.0
14;2021-01-14;2822;17;6856;25;1.0;0.0
14;2021-01-15;1893;20;8749;45;1.3;0.0
14;2021-01-16;271;2;9020;47;1.3;0.0
14;2021-01-17;145;4;9165;51;1.3;0.0
14;2021-01-18;1084;4;10249;55;1.5;0.0
14;2021-01-19;1152;2;11401;57;1.6;0.0
14;2021-01-20;1987;4;13388;61;1.9;0.0
14;2021-01-21;1812;6;15200;67;2.2;0.0
14;2021-01-22;1492;2;16692;69;2.4;0.0
14;2021-01-23;297;1;16989;70;2.5;0.0
14;2021-01-24;71;0;17060;70;2.5;0.0
14;2021-01-25;910;10;17970;80;2.6;0.0
14;2021-01-26;848;37;18818;117;2.7;0.0
14;2021-01-27;882;158;19700;275;2.8;0.0
14;2021-01-28;782;143;20482;418;3.0;0.1
14;2021-01-29;782;229;21264;647;3.1;0.1
14;2021-01-30;269;12;21533;659;3.1;0.1
14;2021-01-31;58;3;21591;662;3.1;0.1
14;2021-02-01;727;230;22318;892;3.2;0.1
14;2021-02-02;824;424;23142;1316;3.3;0.2
14;2021-02-03;751;388;23893;1704;3.5;0.2
14;2021-02-04;1170;2060;25063;3764;3.6;0.5
14;2021-02-05;1294;1317;26357;5081;3.8;0.7
14;2021-02-06;394;240;26751;5321;3.9;0.8
14;2021-02-07;179;73;26930;5394;3.9;0.8
14;2021-02-08;774;825;27704;6219;4.0;0.9
14;2021-02-09;721;1010;28425;7229;4.1;1.0
14;2021-02-10;824;1609;29249;8838;4.2;1.3
14;2021-02-11;1351;1433;30600;10271;4.4;1.5
14;2021-02-12;1380;1081;31980;11352;4.6;1.6
14;2021-02-13;308;185;32288;11537;4.7;1.7
14;2021-02-14;84;66;32372;11603;4.7;1.7
14;2021-02-15;442;1085;32814;12688;4.7;1.8
14;2021-02-16;679;980;33493;13668;4.8;2.0
14;2021-02-17;405;982;33898;14650;4.9;2.1
14;2021-02-18;705;887;34603;15537;5.0;2.2
14;2021-02-19;733;783;35336;16320;5.1;2.4
14;2021-02-20;88;271;35424;16591;5.1;2.4
14;2021-02-21;6;90;35430;16681;5.1;2.4
14;2021-02-22;432;1047;35862;17728;5.2;2.6
14;2021-02-23;486;920;36348;18648;5.3;2.7
14;2021-02-24;439;896;36787;19544;5.3;2.8
14;2021-02-25;1223;1177;38010;20721;5.5;3.0
14;2021-02-26;1576;1164;39586;21885;5.7;3.2
14;2021-02-27;507;268;40093;22153;5.8;3.2
14;2021-02-28;27;42;40120;22195;5.8;3.2
14;2021-03-01;521;927;40641;23122;5.9;3.3
14;2021-03-02;967;808;41608;23930;6.0;3.5
14;2021-03-03;1078;836;42686;24766;6.2;3.6
14;2021-03-04;1947;789;44633;25555;6.5;3.7
14;2021-03-05;2429;872;47062;26427;6.8;3.8
14;2021-03-06;3075;201;50137;26628;7.3;3.9
14;2021-03-07;1196;60;51333;26688;7.4;3.9
14;2021-03-08;1249;815;52582;27503;7.6;4.0
14;2021-03-09;1742;698;54324;28201;7.9;4.1
14;2021-03-10;1834;590;56158;28791;8.1;4.2
14;2021-03-11;2756;475;58914;29266;8.5;4.2
14;2021-03-12;4044;563;62958;29829;9.1;4.3
14;2021-03-13;1851;174;64809;30003;9.4;4.3
14;2021-03-14;31;40;64840;30043;9.4;4.3
14;2021-03-15;2005;139;66845;30182;9.7;4.4
14;2021-03-16;1401;277;68246;30459;9.9;4.4
14;2021-03-17;1155;195;69401;30654;10.0;4.4
14;2021-03-18;1479;305;70880;30959;10.3;4.5
14;2021-03-19;2604;268;73484;31227;10.6;4.5
14;2021-03-20;2656;37;76140;31264;11.0;4.5
14;2021-03-21;453;8;76593;31272;11.1;4.5
14;2021-03-22;1871;359;78464;31631;11.3;4.6
14;2021-03-23;2176;321;80640;31952;11.7;4.6
14;2021-03-24;2433;194;83073;32146;12.0;4.6
14;2021-03-25;3291;319;86364;32465;12.5;4.7
14;2021-03-26;4608;467;90972;32932;13.2;4.8
14;2021-03-27;2231;229;93203;33161;13.5;4.8
14;2021-03-28;36;1;93239;33162;13.5;4.8
14;2021-03-29;1612;481;94851;33643;13.7;4.9
14;2021-03-30;2721;515;97572;34158;14.1;4.9
14;2021-03-31;2324;918;99896;35076;14.4;5.1
14;2021-04-01;4172;1674;104068;36750;15.1;5.3
14;2021-04-02;3866;1269;107934;38019;15.6;5.5
14;2021-04-03;1128;1202;109062;39221;15.8;5.7
14;2021-04-04;25;482;109087;39703;15.8;5.7
14;2021-04-05;1218;322;110305;40025;16.0;5.8
14;2021-04-06;2383;996;112688;41021;16.3;5.9
14;2021-04-07;2726;1034;115414;42055;16.7;6.1
14;2021-04-08;4300;1114;119714;43169;17.3;6.2
14;2021-04-09;6029;1176;125743;44345;18.2;6.4
14;2021-04-10;2895;435;128638;44780;18.6;6.5
14;2021-04-11;628;121;129266;44901;18.7;6.5
14;2021-04-12;2915;1585;132181;46486;19.1;6.7
14;2021-04-13;3470;1447;135651;47933;19.6;6.9
14;2021-04-14;3120;1167;138771;49100;20.1;7.1
14;2021-04-15;4399;1510;143170;50610;20.7;7.3
14;2021-04-16;4600;1558;147770;52168;21.4;7.5
14;2021-04-17;2314;1664;150084;53832;21.7;7.8
14;2021-04-18;539;325;150623;54157;21.8;7.8
14;2021-04-19;2758;1706;153381;55863;22.2;8.1
14;2021-04-20;3389;1832;156770;57695;22.7;8.3
14;2021-04-21;3011;1470;159781;59165;23.1;8.6
14;2021-04-22;4225;2084;164006;61249;23.7;8.9
14;2021-04-23;4645;2295;168651;63544;24.4;9.2
14;2021-04-24;1850;1755;170501;65299;24.7;9.4
14;2021-04-25;456;27;170957;65326;24.7;9.4
14;2021-04-26;3378;1567;174335;66893;25.2;9.7
14;2021-04-27;3504;2573;177839;69466;25.7;10.0
14;2021-04-28;3243;1895;181082;71361;26.2;10.3
14;2021-04-29;4545;2309;185627;73670;26.8;10.7
14;2021-04-30;5122;2639;190749;76309;27.6;11.0
14;2021-05-01;3553;196;194302;76505;28.1;11.1
14;2021-05-02;1237;55;195539;76560;28.3;11.1
14;2021-05-03;2484;2769;198023;79329;28.6;11.5
14;2021-05-04;3128;2912;201151;82241;29.1;11.9
14;2021-05-05;3687;2756;204838;84997;29.6;12.3
14;2021-05-06;4931;3486;209769;88483;30.3;12.8
14;2021-05-07;4866;3856;214635;92339;31.0;13.4
14;2021-05-08;2728;1264;217363;93603;31.4;13.5
14;2021-05-09;1916;668;219279;94271;31.7;13.6
14;2021-05-10;3635;3148;222914;97419;32.2;14.1
14;2021-05-11;4348;3605;227262;101024;32.9;14.6
14;2021-05-12;4050;3218;231312;104242;33.5;15.1
14;2021-05-13;4691;1131;236003;105373;34.1;15.2
14;2021-05-14;6674;2631;242677;108004;35.1;15.6
14;2021-05-15;5144;777;247821;108781;35.8;15.7
14;2021-05-16;2318;121;250139;108902;36.2;15.7
14;2021-05-17;2822;2263;252961;111165;36.6;16.1
14;2021-05-18;4089;2241;257050;113406;37.2;16.4
14;2021-05-19;3748;2018;260798;115424;37.7;16.7
14;2021-05-20;4479;2767;265277;118191;38.4;17.1
14;2021-05-21;4272;3527;269549;121718;39.0;17.6
14;2021-05-22;1670;866;271219;122584;39.2;17.7
14;2021-05-23;648;71;271867;122655;39.3;17.7
14;2021-05-24;2845;748;274712;123403;39.7;17.8
14;2021-05-25;3633;3387;278345;126790;40.3;18.3
14;2021-05-26;3435;2407;281780;129197;40.8;18.7
14;2021-05-27;4770;3239;286550;132436;41.4;19.2
14;2021-05-28;5090;3893;291640;136329;42.2;19.7
14;2021-05-29;2341;2457;293981;138786;42.5;20.1
14;2021-05-30;760;239;294741;139025;42.6;20.1
14;2021-05-31;4093;2966;298834;141991;43.2;20.5
14;2021-06-01;5741;3218;304575;145209;44.0;21.0
14;2021-06-02;5029;2855;309604;148064;44.8;21.4
14;2021-06-03;6661;4016;316265;152080;45.7;22.0
14;2021-06-04;6444;5134;322709;157214;46.7;22.7
14;2021-06-05;4357;1866;327066;159080;47.3;23.0
14;2021-06-06;2041;83;329107;159163;47.6;23.0
14;2021-06-07;4247;3450;333354;162613;48.2;23.5
14;2021-06-08;5238;3130;338592;165743;49.0;24.0
14;2021-06-09;4274;2968;342866;168711;49.6;24.4
14;2021-06-10;5081;2971;347947;171682;50.3;24.8
14;2021-06-11;4838;4887;352785;176569;51.0;25.5
14;2021-06-12;3682;4513;356467;181082;51.6;26.2
14;2021-06-13;849;1090;357316;182172;51.7;26.3
14;2021-06-14;2185;3793;359501;185965;52.0;26.9
14;2021-06-15;3314;3972;362815;189937;52.5;27.5
14;2021-06-16;3447;4557;366262;194494;53.0;28.1
14;2021-06-17;4233;5270;370495;199764;53.6;28.9
14;2021-06-18;3733;6118;374228;205882;54.1;29.8
14;2021-06-19;2589;2950;376817;208832;54.5;30.2
14;2021-06-20;579;1556;377396;210388;54.6;30.4
14;2021-06-21;2123;4363;379519;214751;54.9;31.1
14;2021-06-22;2583;5178;382102;219929;55.3;31.8
14;2021-06-23;2501;4348;384603;224277;55.6;32.4
14;2021-06-24;3450;5808;388053;230085;56.1;33.3
14;2021-06-25;2747;7279;390800;237364;56.5;34.3
14;2021-06-26;2176;4540;392976;241904;56.8;35.0
14;2021-06-27;440;1829;393416;243733;56.9;35.2
14;2021-06-28;1311;3970;394727;247703;57.1;35.8
14;2021-06-29;1788;5366;396515;253069;57.3;36.6
14;2021-06-30;2021;4619;398536;257688;57.6;37.3
14;2021-07-01;2929;5067;401465;262755;58.1;38.0
14;2021-07-02;2595;6666;404060;269421;58.4;39.0
14;2021-07-03;1427;2646;405487;272067;58.6;39.3
14;2021-07-04;422;713;405909;272780;58.7;39.5
14;2021-07-05;1191;4779;407100;277559;58.9;40.1
14;2021-07-06;2090;6001;409190;283560;59.2;41.0
14;2021-07-07;2254;4576;411444;288136;59.5;41.7
14;2021-07-08;2907;5521;414351;293657;59.9;42.5
14;2021-07-09;2765;6439;417116;300096;60.3;43.4
14;2021-07-10;2040;3200;419156;303296;60.6;43.9
14;2021-07-11;899;872;420055;304168;60.7;44.0
14;2021-07-12;1630;5904;421685;310072;61.0;44.8
14;2021-07-13;3070;7341;424755;317413;61.4;45.9
14;2021-07-14;2250;3056;427005;320469;61.8;46.3
14;2021-07-15;4158;7662;431163;328131;62.4;47.5
14;2021-07-16;4693;7703;435856;335834;63.0;48.6
14;2021-07-17;2100;4207;437956;340041;63.3;49.2
14;2021-07-18;814;1869;438770;341910;63.5;49.4
14;2021-07-19;2582;6127;441352;348037;63.8;50.3
14;2021-07-20;3242;7262;444594;355299;64.3;51.4
14;2021-07-21;4092;5838;448686;361137;64.9;52.2
14;2021-07-22;4791;6601;453477;367738;65.6;53.2
14;2021-07-23;5351;6762;458828;374500;66.4;54.2
14;2021-07-24;3070;3792;461898;378292;66.8;54.7
14;2021-07-25;1498;1244;463396;379536;67.0;54.9
14;2021-07-26;4659;4183;468055;383719;67.7;55.5
14;2021-07-27;5361;4357;473416;388076;68.5;56.1
14;2021-07-28;5087;3970;478503;392046;69.2;56.7
14;2021-07-29;6398;4884;484901;396930;70.1;57.4
14;2021-07-30;5800;5165;490701;402095;71.0;58.2
14;2021-07-31;2757;2500;493458;404595;71.4;58.5
14;2021-08-01;1890;934;495348;405529;71.6;58.6
14;2021-08-02;3882;4290;499230;409819;72.2;59.3
14;2021-08-03;4447;4162;503677;413981;72.8;59.9
14;2021-08-04;4521;3534;508198;417515;73.5;60.4
14;2021-08-05;4632;4025;512830;421540;74.2;61.0
14;2021-08-06;4412;4801;517242;426341;74.8;61.7
14;2021-08-07;2125;2295;519367;428636;75.1;62.0
14;2021-08-08;631;852;519998;429488;75.2;62.1
14;2021-08-09;2126;2878;522124;432366;75.5;62.5
14;2021-08-10;3638;4177;525762;436543;76.0;63.1
14;2021-08-11;3045;3447;528807;439990;76.5;63.6
14;2021-08-12;3449;4332;532256;444322;77.0;64.3
15;2020-12-27;2;0;2;0;0.0;0.0
15;2020-12-28;0;0;2;0;0.0;0.0
15;2020-12-29;0;0;2;0;0.0;0.0
15;2020-12-30;0;0;2;0;0.0;0.0
15;2020-12-31;0;0;2;0;0.0;0.0
15;2021-01-01;1;0;3;0;0.0;0.0
15;2021-01-02;0;0;3;0;0.0;0.0
15;2021-01-03;0;0;3;0;0.0;0.0
15;2021-01-04;0;0;3;0;0.0;0.0
15;2021-01-05;0;0;3;0;0.0;0.0
15;2021-01-06;0;0;3;0;0.0;0.0
15;2021-01-07;72;0;75;0;0.1;0.0
15;2021-01-08;109;0;184;0;0.1;0.0
15;2021-01-09;0;0;184;0;0.1;0.0
15;2021-01-10;2;0;186;0;0.1;0.0
15;2021-01-11;99;0;285;0;0.2;0.0
15;2021-01-12;93;0;378;0;0.3;0.0
15;2021-01-13;230;0;608;0;0.4;0.0
15;2021-01-14;308;1;916;1;0.6;0.0
15;2021-01-15;138;0;1054;1;0.7;0.0
15;2021-01-16;90;0;1144;1;0.8;0.0
15;2021-01-17;0;0;1144;1;0.8;0.0
15;2021-01-18;404;2;1548;3;1.1;0.0
15;2021-01-19;550;0;2098;3;1.5;0.0
15;2021-01-20;626;1;2724;4;1.9;0.0
15;2021-01-21;575;3;3299;7;2.3;0.0
15;2021-01-22;503;2;3802;9;2.7;0.0
15;2021-01-23;432;1;4234;10;3.0;0.0
15;2021-01-24;6;0;4240;10;3.0;0.0
15;2021-01-25;400;0;4640;10;3.2;0.0
15;2021-01-26;437;0;5077;10;3.6;0.0
15;2021-01-27;735;7;5812;17;4.1;0.0
15;2021-01-28;624;53;6436;70;4.5;0.0
15;2021-01-29;333;82;6769;152;4.7;0.1
15;2021-01-30;218;3;6987;155;4.9;0.1
15;2021-01-31;1;1;6988;156;4.9;0.1
15;2021-02-01;238;89;7226;245;5.1;0.2
15;2021-02-02;189;91;7415;336;5.2;0.2
15;2021-02-03;266;158;7681;494;5.4;0.3
15;2021-02-04;663;205;8344;699;5.8;0.5
15;2021-02-05;297;256;8641;955;6.1;0.7
15;2021-02-06;98;76;8739;1031;6.1;0.7
15;2021-02-07;0;0;8739;1031;6.1;0.7
15;2021-02-08;233;107;8972;1138;6.3;0.8
15;2021-02-09;205;119;9177;1257;6.4;0.9
15;2021-02-10;338;300;9515;1557;6.7;1.1
15;2021-02-11;117;239;9632;1796;6.7;1.3
15;2021-02-12;136;160;9768;1956;6.8;1.4
15;2021-02-13;92;78;9860;2034;6.9;1.4
15;2021-02-14;0;0;9860;2034;6.9;1.4
15;2021-02-15;63;215;9923;2249;6.9;1.6
15;2021-02-16;52;295;9975;2544;7.0;1.8
15;2021-02-17;134;472;10109;3016;7.1;2.1
15;2021-02-18;87;748;10196;3764;7.1;2.6
15;2021-02-19;90;431;10286;4195;7.2;2.9
15;2021-02-20;20;259;10306;4454;7.2;3.1
15;2021-02-21;0;0;10306;4454;7.2;3.1
15;2021-02-22;23;497;10329;4951;7.2;3.5
15;2021-02-23;180;457;10509;5408;7.4;3.8
15;2021-02-24;31;456;10540;5864;7.4;4.1
15;2021-02-25;228;1002;10768;6866;7.5;4.8
15;2021-02-26;186;476;10954;7342;7.7;5.1
15;2021-02-27;146;88;11100;7430;7.8;5.2
15;2021-02-28;1;0;11101;7430;7.8;5.2
15;2021-03-01;121;222;11222;7652;7.9;5.4
15;2021-03-02;250;307;11472;7959;8.0;5.6
15;2021-03-03;207;29;11679;7988;8.2;5.6
15;2021-03-04;246;249;11925;8237;8.4;5.8
15;2021-03-05;348;174;12273;8411;8.6;5.9
15;2021-03-06;680;11;12953;8422;9.1;5.9
15;2021-03-07;81;1;13034;8423;9.1;5.9
15;2021-03-08;93;106;13127;8529;9.2;6.0
15;2021-03-09;280;291;13407;8820;9.4;6.2
15;2021-03-10;416;168;13823;8988;9.7;6.3
15;2021-03-11;434;296;14257;9284;10.0;6.5
15;2021-03-12;525;95;14782;9379;10.4;6.6
15;2021-03-13;355;7;15137;9386;10.6;6.6
15;2021-03-14;18;0;15155;9386;10.6;6.6
15;2021-03-15;542;62;15697;9448;11.0;6.6
15;2021-03-16;328;21;16025;9469;11.2;6.6
15;2021-03-17;130;53;16155;9522;11.3;6.7
15;2021-03-18;250;95;16405;9617;11.5;6.7
15;2021-03-19;669;30;17074;9647;12.0;6.8
15;2021-03-20;148;36;17222;9683;12.1;6.8
15;2021-03-21;6;0;17228;9683;12.1;6.8
15;2021-03-22;574;79;17802;9762;12.5;6.8
15;2021-03-23;775;96;18577;9858;13.0;6.9
15;2021-03-24;937;35;19514;9893;13.7;6.9
15;2021-03-25;1282;30;20796;9923;14.6;6.9
15;2021-03-26;1009;60;21805;9983;15.3;7.0
15;2021-03-27;301;6;22106;9989;15.5;7.0
15;2021-03-28;20;0;22126;9989;15.5;7.0
15;2021-03-29;781;16;22907;10005;16.0;7.0
15;2021-03-30;1134;199;24041;10204;16.8;7.1
15;2021-03-31;941;24;24982;10228;17.5;7.2
15;2021-04-01;1233;58;26215;10286;18.4;7.2
15;2021-04-02;1142;57;27357;10343;19.2;7.2
15;2021-04-03;120;18;27477;10361;19.2;7.3
15;2021-04-04;0;0;27477;10361;19.2;7.3
15;2021-04-05;33;1;27510;10362;19.3;7.3
15;2021-04-06;834;84;28344;10446;19.8;7.3
15;2021-04-07;663;104;29007;10550;20.3;7.4
15;2021-04-08;1247;139;30254;10689;21.2;7.5
15;2021-04-09;1277;99;31531;10788;22.1;7.6
15;2021-04-10;364;19;31895;10807;22.3;7.6
15;2021-04-11;14;0;31909;10807;22.3;7.6
15;2021-04-12;644;458;32553;11265;22.8;7.9
15;2021-04-13;1124;322;33677;11587;23.6;8.1
15;2021-04-14;1038;200;34715;11787;24.3;8.3
15;2021-04-15;1183;307;35898;12094;25.1;8.5
15;2021-04-16;1038;555;36936;12649;25.9;8.9
15;2021-04-17;445;12;37381;12661;26.2;8.9
15;2021-04-18;0;10;37381;12671;26.2;8.9
15;2021-04-19;540;513;37921;13184;26.6;9.2
15;2021-04-20;847;614;38768;13798;27.1;9.7
15;2021-04-21;594;650;39362;14448;27.6;10.1
15;2021-04-22;728;775;40090;15223;28.1;10.7
15;2021-04-23;731;680;40821;15903;28.6;11.1
15;2021-04-24;363;123;41184;16026;28.8;11.2
15;2021-04-25;1;3;41185;16029;28.8;11.2
15;2021-04-26;324;632;41509;16661;29.1;11.7
15;2021-04-27;469;937;41978;17598;29.4;12.3
15;2021-04-28;379;788;42357;18386;29.7;12.9
15;2021-04-29;586;1010;42943;19396;30.1;13.6
15;2021-04-30;547;1078;43490;20474;30.5;14.3
15;2021-05-01;283;30;43773;20504;30.7;14.4
15;2021-05-02;0;0;43773;20504;30.7;14.4
15;2021-05-03;881;331;44654;20835;31.3;14.6
15;2021-05-04;802;857;45456;21692;31.8;15.2
15;2021-05-05;676;680;46132;22372;32.3;15.7
15;2021-05-06;826;967;46958;23339;32.9;16.3
15;2021-05-07;1153;906;48111;24245;33.7;17.0
15;2021-05-08;491;55;48602;24300;34.0;17.0
15;2021-05-09;24;9;48626;24309;34.0;17.0
15;2021-05-10;705;911;49331;25220;34.5;17.7
15;2021-05-11;1185;1185;50516;26405;35.4;18.5
15;2021-05-12;1147;836;51663;27241;36.2;19.1
15;2021-05-13;1165;440;52828;27681;37.0;19.4
15;2021-05-14;1504;581;54332;28262;38.0;19.8
15;2021-05-15;1410;417;55742;28679;39.0;20.1
15;2021-05-16;1;10;55743;28689;39.0;20.1
15;2021-05-17;1000;606;56743;29295;39.7;20.5
15;2021-05-18;1222;972;57965;30267;40.6;21.2
15;2021-05-19;1020;460;58985;30727;41.3;21.5
15;2021-05-20;1239;779;60224;31506;42.2;22.1
15;2021-05-21;1349;748;61573;32254;43.1;22.6
15;2021-05-22;527;188;62100;32442;43.5;22.7
15;2021-05-23;2;11;62102;32453;43.5;22.7
15;2021-05-24;693;257;62795;32710;44.0;22.9
15;2021-05-25;1151;620;63946;33330;44.8;23.3
15;2021-05-26;1095;459;65041;33789;45.5;23.7
15;2021-05-27;1270;660;66311;34449;46.4;24.1
15;2021-05-28;1509;886;67820;35335;47.5;24.7
15;2021-05-29;984;361;68804;35696;48.2;25.0
15;2021-05-30;14;25;68818;35721;48.2;25.0
15;2021-05-31;1201;479;70019;36200;49.0;25.3
15;2021-06-01;1399;571;71418;36771;50.0;25.7
15;2021-06-02;865;419;72283;37190;50.6;26.0
15;2021-06-03;931;706;73214;37896;51.3;26.5
15;2021-06-04;1076;718;74290;38614;52.0;27.0
15;2021-06-05;651;264;74941;38878;52.5;27.2
15;2021-06-06;16;20;74957;38898;52.5;27.2
15;2021-06-07;798;350;75755;39248;53.0;27.5
15;2021-06-08;477;396;76232;39644;53.4;27.8
15;2021-06-09;377;376;76609;40020;53.6;28.0
15;2021-06-10;275;426;76884;40446;53.8;28.3
15;2021-06-11;661;1099;77545;41545;54.3;29.1
15;2021-06-12;377;467;77922;42012;54.6;29.4
15;2021-06-13;11;6;77933;42018;54.6;29.4
15;2021-06-14;542;976;78475;42994;55.0;30.1
15;2021-06-15;450;1164;78925;44158;55.3;30.9
15;2021-06-16;542;898;79467;45056;55.6;31.5
15;2021-06-17;290;935;79757;45991;55.8;32.2
15;2021-06-18;741;1204;80498;47195;56.4;33.0
15;2021-06-19;543;705;81041;47900;56.7;33.5
15;2021-06-20;11;1;81052;47901;56.8;33.5
15;2021-06-21;281;1039;81333;48940;57.0;34.3
15;2021-06-22;231;1479;81564;50419;57.1;35.3
15;2021-06-23;345;1445;81909;51864;57.4;36.3
15;2021-06-24;292;1093;82201;52957;57.6;37.1
15;2021-06-25;379;1641;82580;54598;57.8;38.2
15;2021-06-26;165;908;82745;55506;57.9;38.9
15;2021-06-27;0;0;82745;55506;57.9;38.9
15;2021-06-28;176;1227;82921;56733;58.1;39.7
15;2021-06-29;302;1265;83223;57998;58.3;40.6
15;2021-06-30;268;981;83491;58979;58.5;41.3
15;2021-07-01;382;1220;83873;60199;58.7;42.2
15;2021-07-02;410;1349;84283;61548;59.0;43.1
15;2021-07-03;251;707;84534;62255;59.2;43.6
15;2021-07-04;1;1;84535;62256;59.2;43.6
15;2021-07-05;247;1259;84782;63515;59.4;44.5
15;2021-07-06;272;1468;85054;64983;59.6;45.5
15;2021-07-07;254;1344;85308;66327;59.7;46.4
15;2021-07-08;489;1351;85797;67678;60.1;47.4
15;2021-07-09;482;1786;86279;69464;60.4;48.6
15;2021-07-10;215;865;86494;70329;60.6;49.2
15;2021-07-11;9;5;86503;70334;60.6;49.2
15;2021-07-12;270;1485;86773;71819;60.8;50.3
15;2021-07-13;579;1767;87352;73586;61.2;51.5
15;2021-07-14;9;130;87361;73716;61.2;51.6
15;2021-07-15;1131;728;88492;74444;62.0;52.1
15;2021-07-16;1137;1337;89629;75781;62.8;53.1
15;2021-07-17;817;953;90446;76734;63.3;53.7
15;2021-07-18;0;3;90446;76737;63.3;53.7
15;2021-07-19;1067;1272;91513;78009;64.1;54.6
15;2021-07-20;1612;569;93125;78578;65.2;55.0
15;2021-07-21;1181;604;94306;79182;66.0;55.4
15;2021-07-22;890;513;95196;79695;66.7;55.8
15;2021-07-23;1332;1063;96528;80758;67.6;56.5
15;2021-07-24;626;769;97154;81527;68.0;57.1
15;2021-07-25;1;24;97155;81551;68.0;57.1
15;2021-07-26;1236;595;98391;82146;68.9;57.5
15;2021-07-27;1682;566;100073;82712;70.1;57.9
15;2021-07-28;1231;587;101304;83299;70.9;58.3
15;2021-07-29;830;398;102134;83697;71.5;58.6
15;2021-07-30;1003;1131;103137;84828;72.2;59.4
15;2021-07-31;602;638;103739;85466;72.6;59.8
15;2021-08-01;21;12;103760;85478;72.7;59.9
15;2021-08-02;1143;539;104903;86017;73.5;60.2
15;2021-08-03;1145;381;106048;86398;74.3;60.5
15;2021-08-04;787;409;106835;86807;74.8;60.8
15;2021-08-05;383;284;107218;87091;75.1;61.0
15;2021-08-06;787;1238;108005;88329;75.6;61.9
15;2021-08-07;262;1164;108267;89493;75.8;62.7
15;2021-08-08;3;6;108270;89499;75.8;62.7
15;2021-08-09;513;1165;108783;90664;76.2;63.5
15;2021-08-10;433;722;109216;91386;76.5;64.0
15;2021-08-11;411;1007;109627;92393;76.8;64.7
15;2021-08-12;499;1180;110126;93573;77.1;65.5
16;2020-12-27;0;0;0;0;0.0;0.0
16;2020-12-28;0;0;0;0;0.0;0.0
16;2020-12-29;0;0;0;0;0.0;0.0
16;2020-12-30;0;0;0;0;0.0;0.0
16;2020-12-31;0;0;0;0;0.0;0.0
16;2021-01-01;0;0;0;0;0.0;0.0
16;2021-01-02;0;0;0;0;0.0;0.0
16;2021-01-03;0;0;0;0;0.0;0.0
16;2021-01-04;1;0;1;0;0.0;0.0
16;2021-01-05;1;0;2;0;0.0;0.0
16;2021-01-06;88;0;90;0;0.0;0.0
16;2021-01-07;239;0;329;0;0.1;0.0
16;2021-01-08;465;2;794;2;0.2;0.0
16;2021-01-09;1;0;795;2;0.2;0.0
16;2021-01-10;1;0;796;2;0.2;0.0
16;2021-01-11;304;0;1100;2;0.3;0.0
16;2021-01-12;437;1;1537;3;0.4;0.0
16;2021-01-13;480;0;2017;3;0.6;0.0
16;2021-01-14;596;6;2613;9;0.8;0.0
16;2021-01-15;504;4;3117;13;0.9;0.0
16;2021-01-16;0;0;3117;13;0.9;0.0
16;2021-01-17;0;0;3117;13;0.9;0.0
16;2021-01-18;430;5;3547;18;1.0;0.0
16;2021-01-19;832;2;4379;20;1.3;0.0
16;2021-01-20;1181;2;5560;22;1.6;0.0
16;2021-01-21;1350;3;6910;25;2.0;0.0
16;2021-01-22;1113;0;8023;25;2.3;0.0
16;2021-01-23;183;0;8206;25;2.4;0.0
16;2021-01-24;0;0;8206;25;2.4;0.0
16;2021-01-25;641;2;8847;27;2.5;0.0
16;2021-01-26;1025;0;9872;27;2.8;0.0
16;2021-01-27;1401;105;11273;132;3.2;0.0
16;2021-01-28;1256;60;12529;192;3.6;0.1
16;2021-01-29;743;140;13272;332;3.8;0.1
16;2021-01-30;36;0;13308;332;3.8;0.1
16;2021-01-31;0;0;13308;332;3.8;0.1
16;2021-02-01;394;204;13702;536;3.9;0.2
16;2021-02-02;576;174;14278;710;4.1;0.2
16;2021-02-03;621;352;14899;1062;4.3;0.3
16;2021-02-04;462;271;15361;1333;4.4;0.4
16;2021-02-05;504;277;15865;1610;4.6;0.5
16;2021-02-06;1;80;15866;1690;4.6;0.5
16;2021-02-07;41;2;15907;1692;4.6;0.5
16;2021-02-08;355;220;16262;1912;4.7;0.5
16;2021-02-09;648;294;16910;2206;4.9;0.6
16;2021-02-10;693;680;17603;2886;5.1;0.8
16;2021-02-11;798;614;18401;3500;5.3;1.0
16;2021-02-12;623;833;19024;4333;5.5;1.2
16;2021-02-13;42;78;19066;4411;5.5;1.3
16;2021-02-14;2;7;19068;4418;5.5;1.3
16;2021-02-15;216;668;19284;5086;5.5;1.5
16;2021-02-16;374;958;19658;6044;5.6;1.7
16;2021-02-17;351;1310;20009;7354;5.7;2.1
16;2021-02-18;511;1255;20520;8609;5.9;2.5
16;2021-02-19;389;796;20909;9405;6.0;2.7
16;2021-02-20;2;8;20911;9413;6.0;2.7
16;2021-02-21;0;0;20911;9413;6.0;2.7
16;2021-02-22;135;541;21046;9954;6.0;2.9
16;2021-02-23;205;926;21251;10880;6.1;3.1
16;2021-02-24;274;899;21525;11779;6.2;3.4
16;2021-02-25;395;689;21920;12468;6.3;3.6
16;2021-02-26;478;500;22398;12968;6.4;3.7
16;2021-02-27;249;1;22647;12969;6.5;3.7
16;2021-02-28;5;5;22652;12974;6.5;3.7
16;2021-03-01;152;328;22804;13302;6.5;3.8
16;2021-03-02;272;671;23076;13973;6.6;4.0
16;2021-03-03;392;727;23468;14700;6.7;4.2
16;2021-03-04;806;571;24274;15271;7.0;4.4
16;2021-03-05;1142;542;25416;15813;7.3;4.5
16;2021-03-06;751;14;26167;15827;7.5;4.5
16;2021-03-07;94;18;26261;15845;7.5;4.6
16;2021-03-08;437;320;26698;16165;7.7;4.6
16;2021-03-09;773;702;27471;16867;7.9;4.8
16;2021-03-10;606;669;28077;17536;8.1;5.0
16;2021-03-11;1446;531;29523;18067;8.5;5.2
16;2021-03-12;1164;460;30687;18527;8.8;5.3
16;2021-03-13;765;13;31452;18540;9.0;5.3
16;2021-03-14;1;0;31453;18540;9.0;5.3
16;2021-03-15;461;184;31914;18724;9.2;5.4
16;2021-03-16;859;421;32773;19145;9.4;5.5
16;2021-03-17;590;286;33363;19431;9.6;5.6
16;2021-03-18;1031;284;34394;19715;9.9;5.7
16;2021-03-19;1101;248;35495;19963;10.2;5.7
16;2021-03-20;395;4;35890;19967;10.3;5.7
16;2021-03-21;9;0;35899;19967;10.3;5.7
16;2021-03-22;727;100;36626;20067;10.5;5.8
16;2021-03-23;1463;104;38089;20171;10.9;5.8
16;2021-03-24;1120;185;39209;20356;11.3;5.8
16;2021-03-25;2047;91;41256;20447;11.8;5.9
16;2021-03-26;1916;95;43172;20542;12.4;5.9
16;2021-03-27;433;22;43605;20564;12.5;5.9
16;2021-03-28;0;0;43605;20564;12.5;5.9
16;2021-03-29;925;61;44530;20625;12.8;5.9
16;2021-03-30;1883;178;46413;20803;13.3;6.0
16;2021-03-31;1514;134;47927;20937;13.8;6.0
16;2021-04-01;2007;401;49934;21338;14.3;6.1
16;2021-04-02;1442;380;51376;21718;14.8;6.2
16;2021-04-03;288;5;51664;21723;14.8;6.2
16;2021-04-04;1;0;51665;21723;14.8;6.2
16;2021-04-05;2;0;51667;21723;14.8;6.2
16;2021-04-06;2013;544;53680;22267;15.4;6.4
16;2021-04-07;1952;402;55632;22669;16.0;6.5
16;2021-04-08;2823;589;58455;23258;16.8;6.7
16;2021-04-09;2694;554;61149;23812;17.6;6.8
16;2021-04-10;1290;37;62439;23849;17.9;6.8
16;2021-04-11;2;0;62441;23849;17.9;6.8
16;2021-04-12;1431;315;63872;24164;18.3;6.9
16;2021-04-13;2124;840;65996;25004;19.0;7.2
16;2021-04-14;1952;632;67948;25636;19.5;7.4
16;2021-04-15;2102;986;70050;26622;20.1;7.6
16;2021-04-16;2038;786;72088;27408;20.7;7.9
16;2021-04-17;1506;85;73594;27493;21.1;7.9
16;2021-04-18;197;3;73791;27496;21.2;7.9
16;2021-04-19;1440;523;75231;28019;21.6;8.0
16;2021-04-20;2054;1231;77285;29250;22.2;8.4
16;2021-04-21;1777;741;79062;29991;22.7;8.6
16;2021-04-22;2293;1004;81355;30995;23.4;8.9
16;2021-04-23;2362;1172;83717;32167;24.0;9.2
16;2021-04-24;829;37;84546;32204;24.3;9.2
16;2021-04-25;117;9;84663;32213;24.3;9.3
16;2021-04-26;1401;805;86064;33018;24.7;9.5
16;2021-04-27;2057;1417;88121;34435;25.3;9.9
16;2021-04-28;1590;1128;89711;35563;25.8;10.2
16;2021-04-29;2246;1497;91957;37060;26.4;10.6
16;2021-04-30;2853;1342;94810;38402;27.2;11.0
16;2021-05-01;353;60;95163;38462;27.3;11.0
16;2021-05-02;155;13;95318;38475;27.4;11.1
16;2021-05-03;2610;537;97928;39012;28.1;11.2
16;2021-05-04;2060;2046;99988;41058;28.7;11.8
16;2021-05-05;1689;1832;101677;42890;29.2;12.3
16;2021-05-06;1887;2241;103564;45131;29.7;13.0
16;2021-05-07;3070;2124;106634;47255;30.6;13.6
16;2021-05-08;1196;468;107830;47723;31.0;13.7
16;2021-05-09;530;26;108360;47749;31.1;13.7
16;2021-05-10;1931;1625;110291;49374;31.7;14.2
16;2021-05-11;2354;1960;112645;51334;32.4;14.7
16;2021-05-12;1733;1798;114378;53132;32.9;15.3
16;2021-05-13;1461;355;115839;53487;33.3;15.4
16;2021-05-14;1989;1560;117828;55047;33.8;15.8
16;2021-05-15;596;896;118424;55943;34.0;16.1
16;2021-05-16;132;6;118556;55949;34.1;16.1
16;2021-05-17;1608;1286;120164;57235;34.5;16.4
16;2021-05-18;2759;1421;122923;58656;35.3;16.8
16;2021-05-19;2005;1238;124928;59894;35.9;17.2
16;2021-05-20;2835;1387;127763;61281;36.7;17.6
16;2021-05-21;2944;1397;130707;62678;37.5;18.0
16;2021-05-22;412;711;131119;63389;37.7;18.2
16;2021-05-23;210;11;131329;63400;37.7;18.2
16;2021-05-24;1261;235;132590;63635;38.1;18.3
16;2021-05-25;2762;1459;135352;65094;38.9;18.7
16;2021-05-26;1834;1186;137186;66280;39.4;19.0
16;2021-05-27;2418;1583;139604;67863;40.1;19.5
16;2021-05-28;2897;1570;142501;69433;40.9;19.9
16;2021-05-29;814;882;143315;70315;41.2;20.2
16;2021-05-30;1;4;143316;70319;41.2;20.2
16;2021-05-31;1984;1104;145300;71423;41.7;20.5
16;2021-06-01;2344;1715;147644;73138;42.4;21.0
16;2021-06-02;1822;1504;149466;74642;42.9;21.4
16;2021-06-03;2622;1762;152088;76404;43.7;21.9
16;2021-06-04;2833;2035;154921;78439;44.5;22.5
16;2021-06-05;1006;549;155927;78988;44.8;22.7
16;2021-06-06;160;28;156087;79016;44.8;22.7
16;2021-06-07;1991;1282;158078;80298;45.4;23.1
16;2021-06-08;2397;1998;160475;82296;46.1;23.6
16;2021-06-09;2530;1614;163005;83910;46.8;24.1
16;2021-06-10;2572;2002;165577;85912;47.6;24.7
16;2021-06-11;2152;2735;167729;88647;48.2;25.5
16;2021-06-12;1614;517;169343;89164;48.6;25.6
16;2021-06-13;261;72;169604;89236;48.7;25.6
16;2021-06-14;796;2797;170400;92033;48.9;26.4
16;2021-06-15;1865;2623;172265;94656;49.5;27.2
16;2021-06-16;1577;2085;173842;96741;49.9;27.8
16;2021-06-17;2042;2509;175884;99250;50.5;28.5
16;2021-06-18;2063;3220;177947;102470;51.1;29.4
16;2021-06-19;1351;1313;179298;103783;51.5;29.8
16;2021-06-20;243;28;179541;103811;51.6;29.8
16;2021-06-21;1411;2174;180952;105985;52.0;30.4
16;2021-06-22;1673;2942;182625;108927;52.5;31.3
16;2021-06-23;1565;2020;184190;110947;52.9;31.9
16;2021-06-24;1926;2168;186116;113115;53.5;32.5
16;2021-06-25;1985;2727;188101;115842;54.0;33.3
16;2021-06-26;1061;724;189162;116566;54.3;33.5
16;2021-06-27;132;25;189294;116591;54.4;33.5
16;2021-06-28;1163;1964;190457;118555;54.7;34.0
16;2021-06-29;1280;3360;191737;121915;55.1;35.0
16;2021-06-30;1339;2711;193076;124626;55.5;35.8
16;2021-07-01;1860;3158;194936;127784;56.0;36.7
16;2021-07-02;1424;3582;196360;131366;56.4;37.7
16;2021-07-03;691;1114;197051;132480;56.6;38.0
16;2021-07-04;3;15;197054;132495;56.6;38.1
16;2021-07-05;813;2298;197867;134793;56.8;38.7
16;2021-07-06;1275;3366;199142;138159;57.2;39.7
16;2021-07-07;862;2275;200004;140434;57.4;40.3
16;2021-07-08;1231;2738;201235;143172;57.8;41.1
16;2021-07-09;1113;3713;202348;146885;58.1;42.2
16;2021-07-10;338;1337;202686;148222;58.2;42.6
16;2021-07-11;2;13;202688;148235;58.2;42.6
16;2021-07-12;634;2442;203322;150677;58.4;43.3
16;2021-07-13;1382;3530;204704;154207;58.8;44.3
16;2021-07-14;798;876;205502;155083;59.0;44.5
16;2021-07-15;1245;3410;206747;158493;59.4;45.5
16;2021-07-16;1494;3385;208241;161878;59.8;46.5
16;2021-07-17;534;1189;208775;163067;60.0;46.8
16;2021-07-18;13;6;208788;163073;60.0;46.8
16;2021-07-19;616;2859;209404;165932;60.1;47.7
16;2021-07-20;1122;3294;210526;169226;60.5;48.6
16;2021-07-21;1116;2620;211642;171846;60.8;49.4
16;2021-07-22;1863;2867;213505;174713;61.3;50.2
16;2021-07-23;1541;3546;215046;178259;61.8;51.2
16;2021-07-24;636;1213;215682;179472;61.9;51.5
16;2021-07-25;11;11;215693;179483;61.9;51.5
16;2021-07-26;1524;2128;217217;181611;62.4;52.2
16;2021-07-27;1847;2821;219064;184432;62.9;53.0
16;2021-07-28;1858;2320;220922;186752;63.5;53.6
16;2021-07-29;2234;2474;223156;189226;64.1;54.3
16;2021-07-30;2343;3113;225499;192339;64.8;55.2
16;2021-07-31;955;1354;226454;193693;65.0;55.6
16;2021-08-01;186;22;226640;193715;65.1;55.6
16;2021-08-02;2114;1828;228754;195543;65.7;56.2
16;2021-08-03;2109;2340;230863;197883;66.3;56.8
16;2021-08-04;2110;1881;232973;199764;66.9;57.4
16;2021-08-05;2754;1654;235727;201418;67.7;57.8
16;2021-08-06;2504;2362;238231;203780;68.4;58.5
16;2021-08-07;829;558;239060;204338;68.7;58.7
16;2021-08-08;32;37;239092;204375;68.7;58.7
16;2021-08-09;2176;1062;241268;205437;69.3;59.0
16;2021-08-10;2884;1583;244152;207020;70.1;59.5
16;2021-08-11;2594;1228;246746;208248;70.9;59.8
16;2021-08-12;1987;1730;248733;209978;71.4;60.3
17;2020-12-27;0;0;0;0;0.0;0.0
17;2020-12-28;0;0;0;0;0.0;0.0
17;2020-12-29;0;0;0;0;0.0;0.0
17;2020-12-30;1;0;1;0;0.0;0.0
17;2020-12-31;0;0;1;0;0.0;0.0
17;2021-01-01;1;0;2;0;0.0;0.0
17;2021-01-02;1;0;3;0;0.0;0.0
17;2021-01-03;0;0;3;0;0.0;0.0
17;2021-01-04;56;0;59;0;0.0;0.0
17;2021-01-05;98;0;157;0;0.0;0.0
17;2021-01-06;132;0;289;0;0.0;0.0
17;2021-01-07;485;1;774;1;0.1;0.0
17;2021-01-08;418;0;1192;1;0.2;0.0
17;2021-01-09;0;0;1192;1;0.2;0.0
17;2021-01-10;1;0;1193;1;0.2;0.0
17;2021-01-11;380;1;1573;2;0.2;0.0
17;2021-01-12;746;1;2319;3;0.4;0.0
17;2021-01-13;653;2;2972;5;0.5;0.0
17;2021-01-14;616;9;3588;14;0.6;0.0
17;2021-01-15;680;1;4268;15;0.7;0.0
17;2021-01-16;128;2;4396;17;0.7;0.0
17;2021-01-17;19;0;4415;17;0.7;0.0
17;2021-01-18;886;1;5301;18;0.8;0.0
17;2021-01-19;1910;3;7211;21;1.1;0.0
17;2021-01-20;2394;2;9605;23;1.5;0.0
17;2021-01-21;2497;2;12102;25;1.9;0.0
17;2021-01-22;1882;5;13984;30;2.2;0.0
17;2021-01-23;738;1;14722;31;2.3;0.0
17;2021-01-24;48;0;14770;31;2.3;0.0
17;2021-01-25;1383;5;16153;36;2.5;0.0
17;2021-01-26;2110;3;18263;39;2.8;0.0
17;2021-01-27;1674;33;19937;72;3.1;0.0
17;2021-01-28;2475;230;22412;302;3.5;0.0
17;2021-01-29;1738;220;24150;522;3.7;0.1
17;2021-01-30;528;5;24678;527;3.8;0.1
17;2021-01-31;37;2;24715;529;3.8;0.1
17;2021-02-01;740;211;25455;740;3.9;0.1
17;2021-02-02;1202;348;26657;1088;4.1;0.2
17;2021-02-03;1285;408;27942;1496;4.3;0.2
17;2021-02-04;1160;502;29102;1998;4.5;0.3
17;2021-02-05;603;757;29705;2755;4.6;0.4
17;2021-02-06;21;42;29726;2797;4.6;0.4
17;2021-02-07;31;13;29757;2810;4.6;0.4
17;2021-02-08;706;404;30463;3214;4.7;0.5
17;2021-02-09;1100;1318;31563;4532;4.9;0.7
17;2021-02-10;864;1285;32427;5817;5.0;0.9
17;2021-02-11;1239;1400;33666;7217;5.2;1.1
17;2021-02-12;772;968;34438;8185;5.3;1.3
17;2021-02-13;43;104;34481;8289;5.3;1.3
17;2021-02-14;0;10;34481;8299;5.3;1.3
17;2021-02-15;620;1226;35101;9525;5.4;1.5
17;2021-02-16;748;1831;35849;11356;5.5;1.8
17;2021-02-17;795;1359;36644;12715;5.7;2.0
17;2021-02-18;967;2185;37611;14900;5.8;2.3
17;2021-02-19;1068;1543;38679;16443;6.0;2.5
17;2021-02-20;104;309;38783;16752;6.0;2.6
17;2021-02-21;9;2;38792;16754;6.0;2.6
17;2021-02-22;646;1631;39438;18385;6.1;2.8
17;2021-02-23;781;1535;40219;19920;6.2;3.1
17;2021-02-24;1077;1591;41296;21511;6.4;3.3
17;2021-02-25;1085;1710;42381;23221;6.5;3.6
17;2021-02-26;1308;1294;43689;24515;6.8;3.8
17;2021-02-27;527;247;44216;24762;6.8;3.8
17;2021-02-28;19;9;44235;24771;6.8;3.8
17;2021-03-01;634;1043;44869;25814;6.9;4.0
17;2021-03-02;1093;872;45962;26686;7.1;4.1
17;2021-03-03;1617;799;47579;27485;7.4;4.2
17;2021-03-04;2425;1141;50004;28626;7.7;4.4
17;2021-03-05;2660;680;52664;29306;8.1;4.5
17;2021-03-06;1029;27;53693;29333;8.3;4.5
17;2021-03-07;183;47;53876;29380;8.3;4.5
17;2021-03-08;1014;834;54890;30214;8.5;4.7
17;2021-03-09;1746;615;56636;30829;8.8;4.8
17;2021-03-10;2047;642;58683;31471;9.1;4.9
17;2021-03-11;3228;999;61911;32470;9.6;5.0
17;2021-03-12;3354;625;65265;33095;10.1;5.1
17;2021-03-13;1200;12;66465;33107;10.3;5.1
17;2021-03-14;32;0;66497;33107;10.3;5.1
17;2021-03-15;1241;994;67738;34101;10.5;5.3
17;2021-03-16;892;537;68630;34638;10.6;5.4
17;2021-03-17;1458;705;70088;35343;10.8;5.5
17;2021-03-18;1683;764;71771;36107;11.1;5.6
17;2021-03-19;2095;546;73866;36653;11.4;5.7
17;2021-03-20;1083;56;74949;36709;11.6;5.7
17;2021-03-21;36;42;74985;36751;11.6;5.7
17;2021-03-22;1576;689;76561;37440;11.8;5.8
17;2021-03-23;2492;580;79053;38020;12.2;5.9
17;2021-03-24;3544;852;82597;38872;12.8;6.0
17;2021-03-25;4710;642;87307;39514;13.5;6.1
17;2021-03-26;4943;470;92250;39984;14.3;6.2
17;2021-03-27;1737;69;93987;40053;14.5;6.2
17;2021-03-28;369;45;94356;40098;14.6;6.2
17;2021-03-29;2360;565;96716;40663;14.9;6.3
17;2021-03-30;2654;985;99370;41648;15.4;6.4
17;2021-03-31;3841;905;103211;42553;16.0;6.6
17;2021-04-01;4013;1160;107224;43713;16.6;6.8
17;2021-04-02;3704;829;110928;44542;17.1;6.9
17;2021-04-03;1151;187;112079;44729;17.3;6.9
17;2021-04-04;501;6;112580;44735;17.4;6.9
17;2021-04-05;444;128;113024;44863;17.5;6.9
17;2021-04-06;3481;1027;116505;45890;18.0;7.1
17;2021-04-07;4130;1153;120635;47043;18.6;7.3
17;2021-04-08;4569;1470;125204;48513;19.3;7.5
17;2021-04-09;6493;839;131697;49352;20.4;7.6
17;2021-04-10;2582;67;134279;49419;20.8;7.6
17;2021-04-11;787;16;135066;49435;20.9;7.6
17;2021-04-12;2887;1619;137953;51054;21.3;7.9
17;2021-04-13;4149;1286;142102;52340;22.0;8.1
17;2021-04-14;4418;1204;146520;53544;22.6;8.3
17;2021-04-15;4597;1137;151117;54681;23.4;8.5
17;2021-04-16;4296;1153;155413;55834;24.0;8.6
17;2021-04-17;1682;382;157095;56216;24.3;8.7
17;2021-04-18;472;81;157567;56297;24.4;8.7
17;2021-04-19;2342;2062;159909;58359;24.7;9.0
17;2021-04-20;2925;2552;162834;60911;25.2;9.4
17;2021-04-21;2973;1939;165807;62850;25.6;9.7
17;2021-04-22;3116;2359;168923;65209;26.1;10.1
17;2021-04-23;2446;2729;171369;67938;26.5;10.5
17;2021-04-24;1667;924;173036;68862;26.7;10.6
17;2021-04-25;665;244;173701;69106;26.8;10.7
17;2021-04-26;2577;2626;176278;71732;27.2;11.1
17;2021-04-27;3154;2674;179432;74406;27.7;11.5
17;2021-04-28;3100;2943;182532;77349;28.2;12.0
17;2021-04-29;4143;2861;186675;80210;28.8;12.4
17;2021-04-30;4354;2637;191029;82847;29.5;12.8
17;2021-05-01;848;542;191877;83389;29.7;12.9
17;2021-05-02;551;840;192428;84229;29.7;13.0
17;2021-05-03;2544;2956;194972;87185;30.1;13.5
17;2021-05-04;2318;3729;197290;90914;30.5;14.0
17;2021-05-05;2909;3702;200199;94616;30.9;14.6
17;2021-05-06;4122;3405;204321;98021;31.6;15.1
17;2021-05-07;4355;3632;208676;101653;32.2;15.7
17;2021-05-08;1304;754;209980;102407;32.5;15.8
17;2021-05-09;1309;705;211289;103112;32.7;15.9
17;2021-05-10;2727;3691;214016;106803;33.1;16.5
17;2021-05-11;3501;3996;217517;110799;33.6;17.1
17;2021-05-12;3532;3809;221049;114608;34.2;17.7
17;2021-05-13;2547;693;223596;115301;34.6;17.8
17;2021-05-14;3032;2395;226628;117696;35.0;18.2
17;2021-05-15;2127;663;228755;118359;35.4;18.3
17;2021-05-16;1735;316;230490;118675;35.6;18.3
17;2021-05-17;4288;2000;234778;120675;36.3;18.6
17;2021-05-18;4746;1635;239524;122310;37.0;18.9
17;2021-05-19;5063;1273;244587;123583;37.8;19.1
17;2021-05-20;4946;1948;249533;125531;38.6;19.4
17;2021-05-21;5000;1959;254533;127490;39.3;19.7
17;2021-05-22;2394;532;256927;128022;39.7;19.8
17;2021-05-23;1899;126;258826;128148;40.0;19.8
17;2021-05-24;1426;207;260252;128355;40.2;19.8
17;2021-05-25;4030;1771;264282;130126;40.8;20.1
17;2021-05-26;4366;2042;268648;132168;41.5;20.4
17;2021-05-27;5216;2133;273864;134301;42.3;20.8
17;2021-05-28;4467;3436;278331;137737;43.0;21.3
17;2021-05-29;1560;1705;279891;139442;43.3;21.5
17;2021-05-30;857;408;280748;139850;43.4;21.6
17;2021-05-31;2942;3013;283690;142863;43.8;22.1
17;2021-06-01;4296;2926;287986;145789;44.5;22.5
17;2021-06-02;4199;3174;292185;148963;45.2;23.0
17;2021-06-03;5057;3167;297242;152130;45.9;23.5
17;2021-06-04;4515;3855;301757;155985;46.6;24.1
17;2021-06-05;1990;1603;303747;157588;46.9;24.4
17;2021-06-06;850;733;304597;158321;47.1;24.5
17;2021-06-07;3139;4346;307736;162667;47.6;25.1
17;2021-06-08;3791;4495;311527;167162;48.1;25.8
17;2021-06-09;4346;3054;315873;170216;48.8;26.3
17;2021-06-10;4928;2792;320801;173008;49.6;26.7
17;2021-06-11;4787;3686;325588;176694;50.3;27.3
17;2021-06-12;1813;1399;327401;178093;50.6;27.5
17;2021-06-13;609;414;328010;178507;50.7;27.6
17;2021-06-14;2834;4537;330844;183044;51.1;28.3
17;2021-06-15;3623;4379;334467;187423;51.7;29.0
17;2021-06-16;4131;3687;338598;191110;52.3;29.5
17;2021-06-17;4367;4121;342965;195231;53.0;30.2
17;2021-06-18;4053;4435;347018;199666;53.6;30.9
17;2021-06-19;1451;1990;348469;201656;53.9;31.2
17;2021-06-20;595;1035;349064;202691;53.9;31.3
17;2021-06-21;2561;4371;351625;207062;54.3;32.0
17;2021-06-22;3528;4448;355153;211510;54.9;32.7
17;2021-06-23;3793;3986;358946;215496;55.5;33.3
17;2021-06-24;3596;3959;362542;219455;56.0;33.9
17;2021-06-25;2717;4984;365259;224439;56.4;34.7
17;2021-06-26;906;2335;366165;226774;56.6;35.0
17;2021-06-27;395;1903;366560;228677;56.6;35.3
17;2021-06-28;1523;5417;368083;234094;56.9;36.2
17;2021-06-29;1682;5888;369765;239982;57.1;37.1
17;2021-06-30;2031;5550;371796;245532;57.5;37.9
17;2021-07-01;2262;5557;374058;251089;57.8;38.8
17;2021-07-02;2485;5987;376543;257076;58.2;39.7
17;2021-07-03;626;2546;377169;259622;58.3;40.1
17;2021-07-04;154;1249;377323;260871;58.3;40.3
17;2021-07-05;1884;5179;379207;266050;58.6;41.1
17;2021-07-06;2126;5597;381333;271647;58.9;42.0
17;2021-07-07;2400;5493;383733;277140;59.3;42.8
17;2021-07-08;2912;5440;386645;282580;59.8;43.7
17;2021-07-09;2519;6080;389164;288660;60.1;44.6
17;2021-07-10;827;2474;389991;291134;60.3;45.0
17;2021-07-11;379;908;390370;292042;60.3;45.1
17;2021-07-12;2003;5623;392373;297665;60.6;46.0
17;2021-07-13;2361;6715;394734;304380;61.0;47.0
17;2021-07-14;67;71;394801;304451;61.0;47.0
17;2021-07-15;2185;6862;396986;311313;61.4;48.1
17;2021-07-16;2759;6977;399745;318290;61.8;49.2
17;2021-07-17;1004;2277;400749;320567;61.9;49.5
17;2021-07-18;312;1040;401061;321607;62.0;49.7
17;2021-07-19;2626;5918;403687;327525;62.4;50.6
17;2021-07-20;3293;6327;406980;333852;62.9;51.6
17;2021-07-21;3780;6033;410760;339885;63.5;52.5
17;2021-07-22;4225;6278;414985;346163;64.1;53.5
17;2021-07-23;3792;6578;418777;352741;64.7;54.5
17;2021-07-24;2064;1405;420841;354146;65.0;54.7
17;2021-07-25;1035;415;421876;354561;65.2;54.8
17;2021-07-26;3668;5429;425544;359990;65.8;55.6
17;2021-07-27;4681;5441;430225;365431;66.5;56.5
17;2021-07-28;5180;5174;435405;370605;67.3;57.3
17;2021-07-29;5142;5338;440547;375943;68.1;58.1
17;2021-07-30;5460;5568;446007;381511;68.9;59.0
17;2021-07-31;2102;1210;448109;382721;69.3;59.1
17;2021-08-01;1086;356;449195;383077;69.4;59.2
17;2021-08-02;4593;4387;453788;387464;70.1;59.9
17;2021-08-03;5709;4157;459497;391621;71.0;60.5
17;2021-08-04;6169;3365;465666;394986;72.0;61.0
17;2021-08-05;6347;3149;472013;398135;72.9;61.5
17;2021-08-06;5858;3597;477871;401732;73.9;62.1
17;2021-08-07;1967;861;479838;402593;74.2;62.2
17;2021-08-08;970;216;480808;402809;74.3;62.3
17;2021-08-09;3897;3690;484705;406499;74.9;62.8
17;2021-08-10;5040;3482;489745;409981;75.7;63.4
17;2021-08-11;4861;3802;494606;413783;76.4;63.9
17;2021-08-12;4817;3938;499423;417721;77.2;64.6
18;2020-12-27;0;0;0;0;0.0;0.0
18;2020-12-28;0;0;0;0;0.0;0.0
18;2020-12-29;0;0;0;0;0.0;0.0
18;2020-12-30;1;0;1;0;0.0;0.0
18;2020-12-31;0;0;1;0;0.0;0.0
18;2021-01-01;0;0;1;0;0.0;0.0
18;2021-01-02;0;0;1;0;0.0;0.0
18;2021-01-03;0;0;1;0;0.0;0.0
18;2021-01-04;3;0;4;0;0.0;0.0
18;2021-01-05;0;0;4;0;0.0;0.0
18;2021-01-06;1;0;5;0;0.0;0.0
18;2021-01-07;30;1;35;1;0.0;0.0
18;2021-01-08;65;0;100;1;0.0;0.0
18;2021-01-09;225;0;325;1;0.1;0.0
18;2021-01-10;146;0;471;1;0.2;0.0
18;2021-01-11;170;1;641;2;0.2;0.0
18;2021-01-12;372;0;1013;2;0.3;0.0
18;2021-01-13;270;2;1283;4;0.4;0.0
18;2021-01-14;269;2;1552;6;0.5;0.0
18;2021-01-15;332;2;1884;8;0.6;0.0
18;2021-01-16;288;3;2172;11;0.7;0.0
18;2021-01-17;1;0;2173;11;0.7;0.0
18;2021-01-18;290;0;2463;11;0.8;0.0
18;2021-01-19;1374;5;3837;16;1.3;0.0
18;2021-01-20;1239;1;5076;17;1.7;0.0
18;2021-01-21;963;0;6039;17;2.0;0.0
18;2021-01-22;780;1;6819;18;2.3;0.0
18;2021-01-23;249;2;7068;20;2.4;0.0
18;2021-01-24;0;0;7068;20;2.4;0.0
18;2021-01-25;509;0;7577;20;2.6;0.0
18;2021-01-26;395;1;7972;21;2.7;0.0
18;2021-01-27;390;2;8362;23;2.8;0.0
18;2021-01-28;566;8;8928;31;3.0;0.0
18;2021-01-29;492;72;9420;103;3.2;0.0
18;2021-01-30;433;167;9853;270;3.3;0.1
18;2021-01-31;82;121;9935;391;3.4;0.1
18;2021-02-01;328;142;10263;533;3.5;0.2
18;2021-02-02;506;243;10769;776;3.6;0.3
18;2021-02-03;398;204;11167;980;3.8;0.3
18;2021-02-04;630;226;11797;1206;4.0;0.4
18;2021-02-05;449;194;12246;1400;4.1;0.5
18;2021-02-06;283;103;12529;1503;4.2;0.5
18;2021-02-07;108;1;12637;1504;4.3;0.5
18;2021-02-08;268;230;12905;1734;4.4;0.6
18;2021-02-09;583;781;13488;2515;4.6;0.8
18;2021-02-10;740;698;14228;3213;4.8;1.1
18;2021-02-11;655;450;14883;3663;5.0;1.2
18;2021-02-12;501;326;15384;3989;5.2;1.3
18;2021-02-13;286;124;15670;4113;5.3;1.4
18;2021-02-14;364;98;16034;4211;5.4;1.4
18;2021-02-15;379;395;16413;4606;5.5;1.6
18;2021-02-16;399;401;16812;5007;5.7;1.7
18;2021-02-17;403;458;17215;5465;5.8;1.8
18;2021-02-18;344;541;17559;6006;5.9;2.0
18;2021-02-19;471;303;18030;6309;6.1;2.1
18;2021-02-20;719;239;18749;6548;6.3;2.2
18;2021-02-21;316;2;19065;6550;6.4;2.2
18;2021-02-22;217;373;19282;6923;6.5;2.3
18;2021-02-23;204;351;19486;7274;6.6;2.5
18;2021-02-24;240;271;19726;7545;6.7;2.5
18;2021-02-25;293;520;20019;8065;6.8;2.7
18;2021-02-26;582;235;20601;8300;7.0;2.8
18;2021-02-27;510;389;21111;8689;7.1;2.9
18;2021-02-28;7;68;21118;8757;7.1;3.0
18;2021-03-01;235;415;21353;9172;7.2;3.1
18;2021-03-02;284;520;21637;9692;7.3;3.3
18;2021-03-03;346;586;21983;10278;7.4;3.5
18;2021-03-04;475;573;22458;10851;7.6;3.7
18;2021-03-05;524;374;22982;11225;7.8;3.8
18;2021-03-06;1071;342;24053;11567;8.1;3.9
18;2021-03-07;7;140;24060;11707;8.1;3.9
18;2021-03-08;335;362;24395;12069;8.2;4.1
18;2021-03-09;409;368;24804;12437;8.4;4.2
18;2021-03-10;423;454;25227;12891;8.5;4.3
18;2021-03-11;518;422;25745;13313;8.7;4.5
18;2021-03-12;704;303;26449;13616;8.9;4.6
18;2021-03-13;1163;253;27612;13869;9.3;4.7
18;2021-03-14;301;214;27913;14083;9.4;4.8
18;2021-03-15;491;379;28404;14462;9.6;4.9
18;2021-03-16;392;315;28796;14777;9.7;5.0
18;2021-03-17;383;414;29179;15191;9.8;5.1
18;2021-03-18;512;230;29691;15421;10.0;5.2
18;2021-03-19;756;226;30447;15647;10.3;5.3
18;2021-03-20;987;620;31434;16267;10.6;5.5
18;2021-03-21;309;307;31743;16574;10.7;5.6
18;2021-03-22;601;297;32344;16871;10.9;5.7
18;2021-03-23;706;292;33050;17163;11.2;5.8
18;2021-03-24;1052;299;34102;17462;11.5;5.9
18;2021-03-25;1049;298;35151;17760;11.9;6.0
18;2021-03-26;1210;347;36361;18107;12.3;6.1
18;2021-03-27;1489;320;37850;18427;12.8;6.2
18;2021-03-28;215;0;38065;18427;12.8;6.2
18;2021-03-29;1101;197;39166;18624;13.2;6.3
18;2021-03-30;1084;302;40250;18926;13.6;6.4
18;2021-03-31;1305;253;41555;19179;14.0;6.5
18;2021-04-01;1376;344;42931;19523;14.5;6.6
18;2021-04-02;1229;310;44160;19833;14.9;6.7
18;2021-04-03;581;181;44741;20014;15.1;6.8
18;2021-04-04;71;5;44812;20019;15.1;6.8
18;2021-04-05;199;0;45011;20019;15.2;6.8
18;2021-04-06;1026;348;46037;20367;15.5;6.9
18;2021-04-07;1322;363;47359;20730;16.0;7.0
18;2021-04-08;1692;338;49051;21068;16.5;7.1
18;2021-04-09;1832;281;50883;21349;17.2;7.2
18;2021-04-10;2633;648;53516;21997;18.1;7.4
18;2021-04-11;1985;313;55501;22310;18.7;7.5
18;2021-04-12;1402;396;56903;22706;19.2;7.7
18;2021-04-13;1784;469;58687;23175;19.8;7.8
18;2021-04-14;1378;517;60065;23692;20.3;8.0
18;2021-04-15;1532;529;61597;24221;20.8;8.2
18;2021-04-16;1614;591;63211;24812;21.3;8.4
18;2021-04-17;1599;520;64810;25332;21.9;8.5
18;2021-04-18;377;232;65187;25564;22.0;8.6
18;2021-04-19;1316;592;66503;26156;22.4;8.8
18;2021-04-20;1445;709;67948;26865;22.9;9.1
18;2021-04-21;1271;907;69219;27772;23.4;9.4
18;2021-04-22;1403;701;70622;28473;23.8;9.6
18;2021-04-23;1386;738;72008;29211;24.3;9.9
18;2021-04-24;1355;1268;73363;30479;24.8;10.3
18;2021-04-25;288;216;73651;30695;24.8;10.4
18;2021-04-26;1205;949;74856;31644;25.3;10.7
18;2021-04-27;1545;760;76401;32404;25.8;10.9
18;2021-04-28;1357;874;77758;33278;26.2;11.2
18;2021-04-29;1847;734;79605;34012;26.9;11.5
18;2021-04-30;1570;995;81175;35007;27.4;11.8
18;2021-05-01;787;210;81962;35217;27.7;11.9
18;2021-05-02;806;58;82768;35275;27.9;11.9
18;2021-05-03;1626;1004;84394;36279;28.5;12.2
18;2021-05-04;1730;1280;86124;37559;29.1;12.7
18;2021-05-05;1735;1213;87859;38772;29.6;13.1
18;2021-05-06;2163;1359;90022;40131;30.4;13.5
18;2021-05-07;1233;1400;91255;41531;30.8;14.0
18;2021-05-08;994;1464;92249;42995;31.1;14.5
18;2021-05-09;501;2260;92750;45255;31.3;15.3
18;2021-05-10;1157;1507;93907;46762;31.7;15.8
18;2021-05-11;1693;1752;95600;48514;32.3;16.4
18;2021-05-12;1808;1492;97408;50006;32.9;16.9
18;2021-05-13;1061;370;98469;50376;33.2;17.0
18;2021-05-14;1347;945;99816;51321;33.7;17.3
18;2021-05-15;1810;1160;101626;52481;34.3;17.7
18;2021-05-16;538;582;102164;53063;34.5;17.9
18;2021-05-17;1245;1091;103409;54154;34.9;18.3
18;2021-05-18;2147;932;105556;55086;35.6;18.6
18;2021-05-19;2163;916;107719;56002;36.3;18.9
18;2021-05-20;2278;983;109997;56985;37.1;19.2
18;2021-05-21;1497;763;111494;57748;37.6;19.5
18;2021-05-22;1724;1073;113218;58821;38.2;19.8
18;2021-05-23;485;336;113703;59157;38.4;20.0
18;2021-05-24;462;292;114165;59449;38.5;20.1
18;2021-05-25;1844;1065;116009;60514;39.1;20.4
18;2021-05-26;2151;841;118160;61355;39.9;20.7
18;2021-05-27;2208;1232;120368;62587;40.6;21.1
18;2021-05-28;1713;1305;122081;63892;41.2;21.6
18;2021-05-29;2620;1662;124701;65554;42.1;22.1
18;2021-05-30;1483;505;126184;66059;42.6;22.3
18;2021-05-31;1786;694;127970;66753;43.2;22.5
18;2021-06-01;2040;948;130010;67701;43.9;22.8
18;2021-06-02;2009;1022;132019;68723;44.5;23.2
18;2021-06-03;2283;1197;134302;69920;45.3;23.6
18;2021-06-04;1909;1124;136211;71044;46.0;24.0
18;2021-06-05;2803;1448;139014;72492;46.9;24.5
18;2021-06-06;365;381;139379;72873;47.0;24.6
18;2021-06-07;1296;1233;140675;74106;47.5;25.0
18;2021-06-08;1491;1395;142166;75501;48.0;25.5
18;2021-06-09;1328;1067;143494;76568;48.4;25.8
18;2021-06-10;1632;1407;145126;77975;49.0;26.3
18;2021-06-11;1496;1407;146622;79382;49.5;26.8
18;2021-06-12;1244;2512;147866;81894;49.9;27.6
18;2021-06-13;126;262;147992;82156;49.9;27.7
18;2021-06-14;657;1827;148649;83983;50.2;28.3
18;2021-06-15;1093;1822;149742;85805;50.5;28.9
18;2021-06-16;1256;1441;150998;87246;50.9;29.4
18;2021-06-17;1205;1670;152203;88916;51.3;30.0
18;2021-06-18;1292;1666;153495;90582;51.8;30.6
18;2021-06-19;1564;1252;155059;91834;52.3;31.0
18;2021-06-20;247;159;155306;91993;52.4;31.0
18;2021-06-21;665;1599;155971;93592;52.6;31.6
18;2021-06-22;1069;1639;157040;95231;53.0;32.1
18;2021-06-23;944;1641;157984;96872;53.3;32.7
18;2021-06-24;1032;1060;159016;97932;53.6;33.0
18;2021-06-25;893;1744;159909;99676;53.9;33.6
18;2021-06-26;1098;1471;161007;101147;54.3;34.1
18;2021-06-27;30;372;161037;101519;54.3;34.3
18;2021-06-28;421;1924;161458;103443;54.5;34.9
18;2021-06-29;595;2380;162053;105823;54.7;35.7
18;2021-06-30;601;2545;162654;108368;54.9;36.6
18;2021-07-01;961;2156;163615;110524;55.2;37.3
18;2021-07-02;615;1685;164230;112209;55.4;37.9
18;2021-07-03;755;2576;164985;114785;55.7;38.7
18;2021-07-04;164;1034;165149;115819;55.7;39.1
18;2021-07-05;764;1878;165913;117697;56.0;39.7
18;2021-07-06;560;2305;166473;120002;56.2;40.5
18;2021-07-07;767;2116;167240;122118;56.4;41.2
18;2021-07-08;1031;1985;168271;124103;56.8;41.9
18;2021-07-09;703;2308;168974;126411;57.0;42.6
18;2021-07-10;780;3176;169754;129587;57.3;43.7
18;2021-07-11;80;665;169834;130252;57.3;43.9
18;2021-07-12;222;2251;170056;132503;57.4;44.7
18;2021-07-13;619;2909;170675;135412;57.6;45.7
18;2021-07-14;194;938;170869;136350;57.6;46.0
18;2021-07-15;1394;2816;172263;139166;58.1;47.0
18;2021-07-16;1175;2127;173438;141293;58.5;47.7
18;2021-07-17;1126;2477;174564;143770;58.9;48.5
18;2021-07-18;228;331;174792;144101;59.0;48.6
18;2021-07-19;1053;1658;175845;145759;59.3;49.2
18;2021-07-20;1624;2270;177469;148029;59.9;49.9
18;2021-07-21;1897;2052;179366;150081;60.5;50.6
18;2021-07-22;2209;1891;181575;151972;61.3;51.3
18;2021-07-23;1392;1614;182967;153586;61.7;51.8
18;2021-07-24;881;1535;183848;155121;62.0;52.3
18;2021-07-25;189;399;184037;155520;62.1;52.5
18;2021-07-26;1395;1506;185432;157026;62.6;53.0
18;2021-07-27;1811;1540;187243;158566;63.2;53.5
18;2021-07-28;2189;1798;189432;160364;63.9;54.1
18;2021-07-29;2136;1817;191568;162181;64.6;54.7
18;2021-07-30;1576;1342;193144;163523;65.2;55.2
18;2021-07-31;1234;1282;194378;164805;65.6;55.6
18;2021-08-01;89;33;194467;164838;65.6;55.6
18;2021-08-02;1404;764;195871;165602;66.1;55.9
18;2021-08-03;1712;1619;197583;167221;66.7;56.4
18;2021-08-04;2412;1097;199995;168318;67.5;56.8
18;2021-08-05;1520;1241;201515;169559;68.0;57.2
18;2021-08-06;1572;1138;203087;170697;68.5;57.6
18;2021-08-07;608;762;203695;171459;68.7;57.8
18;2021-08-08;48;60;203743;171519;68.7;57.9
18;2021-08-09;1102;870;204845;172389;69.1;58.2
18;2021-08-10;1204;1507;206049;173896;69.5;58.7
18;2021-08-11;1603;1494;207652;175390;70.1;59.2
18;2021-08-12;1546;1589;209198;176979;70.6;59.7
19;2020-12-27;0;0;0;0;0.0;0.0
19;2020-12-28;0;0;0;0;0.0;0.0
19;2020-12-29;1;0;1;0;0.0;0.0
19;2020-12-30;0;0;1;0;0.0;0.0
19;2020-12-31;0;0;1;0;0.0;0.0
19;2021-01-01;0;0;1;0;0.0;0.0
19;2021-01-02;0;0;1;0;0.0;0.0
19;2021-01-03;0;0;1;0;0.0;0.0
19;2021-01-04;0;0;1;0;0.0;0.0
19;2021-01-05;0;0;1;0;0.0;0.0
19;2021-01-06;0;0;1;0;0.0;0.0
19;2021-01-07;343;1;344;1;0.1;0.0
19;2021-01-08;247;1;591;2;0.2;0.0
19;2021-01-09;1;0;592;2;0.2;0.0
19;2021-01-10;1;0;593;2;0.2;0.0
19;2021-01-11;38;0;631;2;0.3;0.0
19;2021-01-12;413;1;1044;3;0.4;0.0
19;2021-01-13;423;2;1467;5;0.6;0.0
19;2021-01-14;474;1;1941;6;0.8;0.0
19;2021-01-15;224;0;2165;6;0.9;0.0
19;2021-01-16;0;0;2165;6;0.9;0.0
19;2021-01-17;1;0;2166;6;0.9;0.0
19;2021-01-18;251;1;2417;7;1.0;0.0
19;2021-01-19;518;0;2935;7;1.2;0.0
19;2021-01-20;921;3;3856;10;1.6;0.0
19;2021-01-21;505;3;4361;13;1.8;0.0
19;2021-01-22;1317;4;5678;17;2.4;0.0
19;2021-01-23;281;0;5959;17;2.5;0.0
19;2021-01-24;36;0;5995;17;2.5;0.0
19;2021-01-25;233;0;6228;17;2.6;0.0
19;2021-01-26;607;4;6835;21;2.8;0.0
19;2021-01-27;334;3;7169;24;3.0;0.0
19;2021-01-28;297;250;7466;274;3.1;0.1
19;2021-01-29;347;60;7813;334;3.3;0.1
19;2021-01-30;130;24;7943;358;3.3;0.1
19;2021-01-31;41;0;7984;358;3.3;0.1
19;2021-02-01;158;95;8142;453;3.4;0.2
19;2021-02-02;303;429;8445;882;3.5;0.4
19;2021-02-03;284;244;8729;1126;3.6;0.5
19;2021-02-04;255;376;8984;1502;3.7;0.6
19;2021-02-05;310;76;9294;1578;3.9;0.7
19;2021-02-06;211;1;9505;1579;4.0;0.7
19;2021-02-07;48;1;9553;1580;4.0;0.7
19;2021-02-08;177;150;9730;1730;4.0;0.7
19;2021-02-09;333;275;10063;2005;4.2;0.8
19;2021-02-10;517;296;10580;2301;4.4;1.0
19;2021-02-11;412;324;10992;2625;4.6;1.1
19;2021-02-12;797;1168;11789;3793;4.9;1.6
19;2021-02-13;352;184;12141;3977;5.1;1.7
19;2021-02-14;98;13;12239;3990;5.1;1.7
19;2021-02-15;200;247;12439;4237;5.2;1.8
19;2021-02-16;385;172;12824;4409;5.3;1.8
19;2021-02-17;306;470;13130;4879;5.5;2.0
19;2021-02-18;174;510;13304;5389;5.5;2.2
19;2021-02-19;469;301;13773;5690;5.7;2.4
19;2021-02-20;133;208;13906;5898;5.8;2.5
19;2021-02-21;20;40;13926;5938;5.8;2.5
19;2021-02-22;219;210;14145;6148;5.9;2.6
19;2021-02-23;268;349;14413;6497;6.0;2.7
19;2021-02-24;360;210;14773;6707;6.1;2.8
19;2021-02-25;519;383;15292;7090;6.4;3.0
19;2021-02-26;395;318;15687;7408;6.5;3.1
19;2021-02-27;348;161;16035;7569;6.7;3.1
19;2021-02-28;68;36;16103;7605;6.7;3.2
19;2021-03-01;266;221;16369;7826;6.8;3.3
19;2021-03-02;428;259;16797;8085;7.0;3.4
19;2021-03-03;688;337;17485;8422;7.3;3.5
19;2021-03-04;825;351;18310;8773;7.6;3.7
19;2021-03-05;891;735;19201;9508;8.0;4.0
19;2021-03-06;1072;215;20273;9723;8.4;4.0
19;2021-03-07;463;37;20736;9760;8.6;4.1
19;2021-03-08;638;160;21374;9920;8.9;4.1
19;2021-03-09;835;247;22209;10167;9.2;4.2
19;2021-03-10;1155;319;23364;10486;9.7;4.4
19;2021-03-11;1272;309;24636;10795;10.3;4.5
19;2021-03-12;1135;405;25771;11200;10.7;4.7
19;2021-03-13;1111;167;26882;11367;11.2;4.7
19;2021-03-14;160;84;27042;11451;11.3;4.8
19;2021-03-15;699;137;27741;11588;11.5;4.8
19;2021-03-16;688;303;28429;11891;11.8;4.9
19;2021-03-17;837;280;29266;12171;12.2;5.1
19;2021-03-18;767;283;30033;12454;12.5;5.2
19;2021-03-19;1014;488;31047;12942;12.9;5.4
19;2021-03-20;782;132;31829;13074;13.2;5.4
19;2021-03-21;128;4;31957;13078;13.3;5.4
19;2021-03-22;549;176;32506;13254;13.5;5.5
19;2021-03-23;1044;231;33550;13485;14.0;5.6
19;2021-03-24;1168;371;34718;13856;14.4;5.8
19;2021-03-25;1188;414;35906;14270;14.9;5.9
19;2021-03-26;1323;277;37229;14547;15.5;6.1
19;2021-03-27;855;188;38084;14735;15.8;6.1
19;2021-03-28;63;60;38147;14795;15.9;6.2
19;2021-03-29;611;177;38758;14972;16.1;6.2
19;2021-03-30;971;344;39729;15316;16.5;6.4
19;2021-03-31;1157;499;40886;15815;17.0;6.6
19;2021-04-01;1492;426;42378;16241;17.6;6.8
19;2021-04-02;1006;525;43384;16766;18.1;7.0
19;2021-04-03;597;283;43981;17049;18.3;7.1
19;2021-04-04;130;3;44111;17052;18.4;7.1
19;2021-04-05;40;75;44151;17127;18.4;7.1
19;2021-04-06;736;603;44887;17730;18.7;7.4
19;2021-04-07;978;731;45865;18461;19.1;7.7
19;2021-04-08;1116;1017;46981;19478;19.5;8.1
19;2021-04-09;1641;612;48622;20090;20.2;8.4
19;2021-04-10;945;556;49567;20646;20.6;8.6
19;2021-04-11;558;75;50125;20721;20.9;8.6
19;2021-04-12;681;521;50806;21242;21.1;8.8
19;2021-04-13;916;578;51722;21820;21.5;9.1
19;2021-04-14;1336;839;53058;22659;22.1;9.4
19;2021-04-15;1229;869;54287;23528;22.6;9.8
19;2021-04-16;1503;820;55790;24348;23.2;10.1
19;2021-04-17;761;478;56551;24826;23.5;10.3
19;2021-04-18;660;69;57211;24895;23.8;10.4
19;2021-04-19;730;439;57941;25334;24.1;10.5
19;2021-04-20;978;747;58919;26081;24.5;10.9
19;2021-04-21;1271;698;60190;26779;25.0;11.1
19;2021-04-22;1190;893;61380;27672;25.5;11.5
19;2021-04-23;1128;1021;62508;28693;26.0;11.9
19;2021-04-24;679;674;63187;29367;26.3;12.2
19;2021-04-25;675;69;63862;29436;26.6;12.2
19;2021-04-26;1056;331;64918;29767;27.0;12.4
19;2021-04-27;1028;570;65946;30337;27.4;12.6
19;2021-04-28;1553;553;67499;30890;28.1;12.9
19;2021-04-29;1453;1194;68952;32084;28.7;13.3
19;2021-04-30;1877;1059;70829;33143;29.5;13.8
19;2021-05-01;670;168;71499;33311;29.7;13.9
19;2021-05-02;550;150;72049;33461;30.0;13.9
19;2021-05-03;854;548;72903;34009;30.3;14.2
19;2021-05-04;1025;708;73928;34717;30.8;14.4
19;2021-05-05;1255;740;75183;35457;31.3;14.8
19;2021-05-06;1127;1199;76310;36656;31.8;15.3
19;2021-05-07;1665;1189;77975;37845;32.4;15.7
19;2021-05-08;712;207;78687;38052;32.7;15.8
19;2021-05-09;487;545;79174;38597;32.9;16.1
19;2021-05-10;1164;670;80338;39267;33.4;16.3
19;2021-05-11;1637;858;81975;40125;34.1;16.7
19;2021-05-12;1945;1317;83920;41442;34.9;17.2
19;2021-05-13;571;242;84491;41684;35.2;17.3
19;2021-05-14;1646;987;86137;42671;35.8;17.8
19;2021-05-15;1443;591;87580;43262;36.4;18.0
19;2021-05-16;350;82;87930;43344;36.6;18.0
19;2021-05-17;1499;557;89429;43901;37.2;18.3
19;2021-05-18;1671;491;91100;44392;37.9;18.5
19;2021-05-19;1998;819;93098;45211;38.7;18.8
19;2021-05-20;1722;888;94820;46099;39.5;19.2
19;2021-05-21;1964;814;96784;46913;40.3;19.5
19;2021-05-22;1272;652;98056;47565;40.8;19.8
19;2021-05-23;324;130;98380;47695;40.9;19.8
19;2021-05-24;139;46;98519;47741;41.0;19.9
19;2021-05-25;1503;488;100022;48229;41.6;20.1
19;2021-05-26;1926;666;101948;48895;42.4;20.3
19;2021-05-27;1786;831;103734;49726;43.2;20.7
19;2021-05-28;1938;989;105672;50715;44.0;21.1
19;2021-05-29;1374;705;107046;51420;44.5;21.4
19;2021-05-30;191;497;107237;51917;44.6;21.6
19;2021-05-31;1199;537;108436;52454;45.1;21.8
19;2021-06-01;1281;884;109717;53338;45.7;22.2
19;2021-06-02;1817;958;111534;54296;46.4;22.6
19;2021-06-03;1447;1252;112981;55548;47.0;23.1
19;2021-06-04;1847;1353;114828;56901;47.8;23.7
19;2021-06-05;1211;814;116039;57715;48.3;24.0
19;2021-06-06;87;649;116126;58364;48.3;24.3
19;2021-06-07;922;933;117048;59297;48.7;24.7
19;2021-06-08;1105;908;118153;60205;49.2;25.1
19;2021-06-09;1328;1462;119481;61667;49.7;25.7
19;2021-06-10;1284;1581;120765;63248;50.2;26.3
19;2021-06-11;1314;1917;122079;65165;50.8;27.1
19;2021-06-12;1357;1317;123436;66482;51.4;27.7
19;2021-06-13;543;423;123979;66905;51.6;27.8
19;2021-06-14;736;1017;124715;67922;51.9;28.3
19;2021-06-15;979;1144;125694;69066;52.3;28.7
19;2021-06-16;1223;1363;126917;70429;52.8;29.3
19;2021-06-17;869;1792;127786;72221;53.2;30.1
19;2021-06-18;1057;2135;128843;74356;53.6;30.9
19;2021-06-19;918;1301;129761;75657;54.0;31.5
19;2021-06-20;395;326;130156;75983;54.2;31.6
19;2021-06-21;499;1076;130655;77059;54.4;32.1
19;2021-06-22;698;1490;131353;78549;54.7;32.7
19;2021-06-23;742;1984;132095;80533;55.0;33.5
19;2021-06-24;686;1663;132781;82196;55.2;34.2
19;2021-06-25;562;2216;133343;84412;55.5;35.1
19;2021-06-26;471;1738;133814;86150;55.7;35.8
19;2021-06-27;289;444;134103;86594;55.8;36.0
19;2021-06-28;315;1500;134418;88094;55.9;36.7
19;2021-06-29;352;1889;134770;89983;56.1;37.4
19;2021-06-30;795;2152;135565;92135;56.4;38.3
19;2021-07-01;361;2318;135926;94453;56.6;39.3
19;2021-07-02;778;2321;136704;96774;56.9;40.3
19;2021-07-03;511;1738;137215;98512;57.1;41.0
19;2021-07-04;1;73;137216;98585;57.1;41.0
19;2021-07-05;600;1015;137816;99600;57.3;41.4
19;2021-07-06;506;1541;138322;101141;57.6;42.1
19;2021-07-07;705;2045;139027;103186;57.8;42.9
19;2021-07-08;767;2148;139794;105334;58.2;43.8
19;2021-07-09;714;2657;140508;107991;58.5;44.9
19;2021-07-10;587;1708;141095;109699;58.7;45.6
19;2021-07-11;45;212;141140;109911;58.7;45.7
19;2021-07-12;447;1488;141587;111399;58.9;46.4
19;2021-07-13;677;1827;142264;113226;59.2;47.1
19;2021-07-14;202;273;142466;113499;59.3;47.2
19;2021-07-15;870;2049;143336;115548;59.6;48.1
19;2021-07-16;1227;2444;144563;117992;60.2;49.1
19;2021-07-17;702;1718;145265;119710;60.4;49.8
19;2021-07-18;363;668;145628;120378;60.6;50.1
19;2021-07-19;966;1405;146594;121783;61.0;50.7
19;2021-07-20;966;1675;147560;123458;61.4;51.4
19;2021-07-21;1071;1712;148631;125170;61.8;52.1
19;2021-07-22;1386;1852;150017;127022;62.4;52.9
19;2021-07-23;1776;1989;151793;129011;63.2;53.7
19;2021-07-24;905;1753;152698;130764;63.5;54.4
19;2021-07-25;157;513;152855;131277;63.6;54.6
19;2021-07-26;896;906;153751;132183;64.0;55.0
19;2021-07-27;1418;1113;155169;133296;64.6;55.5
19;2021-07-28;2039;1223;157208;134519;65.4;56.0
19;2021-07-29;1613;1200;158821;135719;66.1;56.5
19;2021-07-30;1900;1021;160721;136740;66.9;56.9
19;2021-07-31;1115;1013;161836;137753;67.3;57.3
19;2021-08-01;348;371;162184;138124;67.5;57.5
19;2021-08-02;1135;805;163319;138929;68.0;57.8
19;2021-08-03;1446;1046;164765;139975;68.6;58.2
19;2021-08-04;1973;759;166738;140734;69.4;58.6
19;2021-08-05;1618;947;168356;141681;70.1;59.0
19;2021-08-06;1929;1210;170285;142891;70.9;59.5
19;2021-08-07;1325;993;171610;143884;71.4;59.9
19;2021-08-08;184;232;171794;144116;71.5;60.0
19;2021-08-09;999;785;172793;144901;71.9;60.3
19;2021-08-10;1274;1002;174067;145903;72.4;60.7
19;2021-08-11;1346;1002;175413;146905;73.0;61.1
19;2021-08-12;1006;1277;176419;148182;73.4;61.7
21;2020-12-27;4;0;4;0;0.0;0.0
21;2020-12-28;2;0;6;0;0.0;0.0
21;2020-12-29;19;0;25;0;0.0;0.0
21;2020-12-30;22;0;47;0;0.0;0.0
21;2020-12-31;0;0;47;0;0.0;0.0
21;2021-01-01;0;0;47;0;0.0;0.0
21;2021-01-02;1;0;48;0;0.0;0.0
21;2021-01-03;1;0;49;0;0.0;0.0
21;2021-01-04;22;0;71;0;0.0;0.0
21;2021-01-05;250;2;321;2;0.1;0.0
21;2021-01-06;300;0;621;2;0.1;0.0
21;2021-01-07;387;0;1008;2;0.2;0.0
21;2021-01-08;455;2;1463;4;0.3;0.0
21;2021-01-09;252;0;1715;4;0.3;0.0
21;2021-01-10;1;0;1716;4;0.3;0.0
21;2021-01-11;624;1;2340;5;0.4;0.0
21;2021-01-12;654;0;2994;5;0.6;0.0
21;2021-01-13;702;2;3696;7;0.7;0.0
21;2021-01-14;1186;5;4882;12;0.9;0.0
21;2021-01-15;715;5;5597;17;1.1;0.0
21;2021-01-16;162;0;5759;17;1.1;0.0
21;2021-01-17;4;0;5763;17;1.1;0.0
21;2021-01-18;1315;5;7078;22;1.3;0.0
21;2021-01-19;1363;2;8441;24;1.6;0.0
21;2021-01-20;1295;45;9736;69;1.8;0.0
21;2021-01-21;1538;2;11274;71;2.1;0.0
21;2021-01-22;1243;4;12517;75;2.3;0.0
21;2021-01-23;487;0;13004;75;2.4;0.0
21;2021-01-24;122;0;13126;75;2.5;0.0
21;2021-01-25;924;18;14050;93;2.6;0.0
21;2021-01-26;1541;146;15591;239;2.9;0.0
21;2021-01-27;2044;155;17635;394;3.3;0.1
21;2021-01-28;1449;227;19084;621;3.6;0.1
21;2021-01-29;1022;212;20106;833;3.8;0.2
21;2021-01-30;469;31;20575;864;3.9;0.2
21;2021-01-31;97;3;20672;867;3.9;0.2
21;2021-02-01;452;287;21124;1154;4.0;0.2
21;2021-02-02;454;442;21578;1596;4.0;0.3
21;2021-02-03;440;282;22018;1878;4.1;0.4
21;2021-02-04;416;548;22434;2426;4.2;0.5
21;2021-02-05;489;526;22923;2952;4.3;0.6
21;2021-02-06;154;223;23077;3175;4.3;0.6
21;2021-02-07;2;2;23079;3177;4.3;0.6
21;2021-02-08;434;391;23513;3568;4.4;0.7
21;2021-02-09;514;521;24027;4089;4.5;0.8
21;2021-02-10;460;584;24487;4673;4.6;0.9
21;2021-02-11;483;739;24970;5412;4.7;1.0
21;2021-02-12;356;938;25326;6350;4.8;1.2
21;2021-02-13;360;322;25686;6672;4.8;1.3
21;2021-02-14;238;149;25924;6821;4.9;1.3
21;2021-02-15;121;1419;26045;8240;4.9;1.5
21;2021-02-16;206;1574;26251;9814;4.9;1.8
21;2021-02-17;397;1987;26648;11801;5.0;2.2
21;2021-02-18;602;1356;27250;13157;5.1;2.5
21;2021-02-19;216;1141;27466;14298;5.2;2.7
21;2021-02-20;122;429;27588;14727;5.2;2.8
21;2021-02-21;1;83;27589;14810;5.2;2.8
21;2021-02-22;82;779;27671;15589;5.2;2.9
21;2021-02-23;169;1041;27840;16630;5.2;3.1
21;2021-02-24;224;746;28064;17376;5.3;3.3
21;2021-02-25;646;835;28710;18211;5.4;3.4
21;2021-02-26;927;723;29637;18934;5.6;3.6
21;2021-02-27;535;302;30172;19236;5.7;3.6
21;2021-02-28;24;135;30196;19371;5.7;3.6
21;2021-03-01;679;630;30875;20001;5.8;3.8
21;2021-03-02;1054;550;31929;20551;6.0;3.9
21;2021-03-03;1163;441;33092;20992;6.2;3.9
21;2021-03-04;1682;519;34774;21511;6.5;4.0
21;2021-03-05;2197;659;36971;22170;6.9;4.2
21;2021-03-06;1592;194;38563;22364;7.2;4.2
21;2021-03-07;4;16;38567;22380;7.2;4.2
21;2021-03-08;771;446;39338;22826;7.4;4.3
21;2021-03-09;1568;569;40906;23395;7.7;4.4
21;2021-03-10;1626;562;42532;23957;8.0;4.5
21;2021-03-11;2191;692;44723;24649;8.4;4.6
21;2021-03-12;2901;433;47624;25082;8.9;4.7
21;2021-03-13;1932;187;49556;25269;9.3;4.7
21;2021-03-14;38;50;49594;25319;9.3;4.8
21;2021-03-15;1411;83;51005;25402;9.6;4.8
21;2021-03-16;1879;149;52884;25551;9.9;4.8
21;2021-03-17;1806;109;54690;25660;10.3;4.8
21;2021-03-18;2123;260;56813;25920;10.7;4.9
21;2021-03-19;1961;144;58774;26064;11.0;4.9
21;2021-03-20;1228;38;60002;26102;11.3;4.9
21;2021-03-21;2;0;60004;26102;11.3;4.9
21;2021-03-22;1555;89;61559;26191;11.6;4.9
21;2021-03-23;2693;103;64252;26294;12.1;4.9
21;2021-03-24;2890;158;67142;26452;12.6;5.0
21;2021-03-25;3732;234;70874;26686;13.3;5.0
21;2021-03-26;3656;194;74530;26880;14.0;5.0
21;2021-03-27;1731;57;76261;26937;14.3;5.1
21;2021-03-28;200;37;76461;26974;14.3;5.1
21;2021-03-29;1789;518;78250;27492;14.7;5.2
21;2021-03-30;2350;804;80600;28296;15.1;5.3
21;2021-03-31;2718;649;83318;28945;15.6;5.4
21;2021-04-01;2690;713;86008;29658;16.1;5.6
21;2021-04-02;2246;739;88254;30397;16.6;5.7
21;2021-04-03;1018;278;89272;30675;16.8;5.8
21;2021-04-04;2;12;89274;30687;16.8;5.8
21;2021-04-05;8;0;89282;30687;16.8;5.8
21;2021-04-06;1358;1134;90640;31821;17.0;6.0
21;2021-04-07;1747;968;92387;32789;17.3;6.2
21;2021-04-08;3215;1129;95602;33918;17.9;6.4
21;2021-04-09;3480;1183;99082;35101;18.6;6.6
21;2021-04-10;1378;737;100460;35838;18.9;6.7
21;2021-04-11;145;3;100605;35841;18.9;6.7
21;2021-04-12;1114;1350;101719;37191;19.1;7.0
21;2021-04-13;1657;1782;103376;38973;19.4;7.3
21;2021-04-14;1482;1470;104858;40443;19.7;7.6
21;2021-04-15;1903;1594;106761;42037;20.0;7.9
21;2021-04-16;2321;1311;109082;43348;20.5;8.1
21;2021-04-17;1018;970;110100;44318;20.7;8.3
21;2021-04-18;15;4;110115;44322;20.7;8.3
21;2021-04-19;1110;1323;111225;45645;20.9;8.6
21;2021-04-20;1241;1837;112466;47482;21.1;8.9
21;2021-04-21;1094;1721;113560;49203;21.3;9.2
21;2021-04-22;1275;2212;114835;51415;21.5;9.6
21;2021-04-23;1982;1722;116817;53137;21.9;10.0
21;2021-04-24;1002;871;117819;54008;22.1;10.1
21;2021-04-25;9;168;117828;54176;22.1;10.2
21;2021-04-26;1013;1598;118841;55774;22.3;10.5
21;2021-04-27;1839;1942;120680;57716;22.6;10.8
21;2021-04-28;2232;2224;122912;59940;23.1;11.2
21;2021-04-29;3134;2265;126046;62205;23.7;11.7
21;2021-04-30;3558;1865;129604;64070;24.3;12.0
21;2021-05-01;962;226;130566;64296;24.5;12.1
21;2021-05-02;2;5;130568;64301;24.5;12.1
21;2021-05-03;2082;1350;132650;65651;24.9;12.3
21;2021-05-04;2578;1649;135228;67300;25.4;12.6
21;2021-05-05;2248;1691;137476;68991;25.8;12.9
21;2021-05-06;3013;2243;140489;71234;26.4;13.4
21;2021-05-07;2806;2186;143295;73420;26.9;13.8
21;2021-05-08;1066;268;144361;73688;27.1;13.8
21;2021-05-09;26;176;144387;73864;27.1;13.9
21;2021-05-10;3170;1732;147557;75596;27.7;14.2
21;2021-05-11;4917;2007;152474;77603;28.6;14.6
21;2021-05-12;4804;1746;157278;79349;29.5;14.9
21;2021-05-13;3846;364;161124;79713;30.2;15.0
21;2021-05-14;5200;1469;166324;81182;31.2;15.2
21;2021-05-15;3430;649;169754;81831;31.9;15.4
21;2021-05-16;49;4;169803;81835;31.9;15.4
21;2021-05-17;4129;1260;173932;83095;32.6;15.6
21;2021-05-18;4360;1504;178292;84599;33.5;15.9
21;2021-05-19;3471;1127;181763;85726;34.1;16.1
21;2021-05-20;3899;1357;185662;87083;34.8;16.3
21;2021-05-21;3625;2154;189287;89237;35.5;16.7
21;2021-05-22;1669;768;190956;90005;35.8;16.9
21;2021-05-23;4;17;190960;90022;35.8;16.9
21;2021-05-24;1817;266;192777;90288;36.2;16.9
21;2021-05-25;2646;1968;195423;92256;36.7;17.3
21;2021-05-26;2605;1997;198028;94253;37.2;17.7
21;2021-05-27;4014;2111;202042;96364;37.9;18.1
21;2021-05-28;3572;2824;205614;99188;38.6;18.6
21;2021-05-29;1927;1465;207541;100653;38.9;18.9
21;2021-05-30;98;13;207639;100666;39.0;18.9
21;2021-05-31;2502;1783;210141;102449;39.4;19.2
21;2021-06-01;3454;2259;213595;104708;40.1;19.6
21;2021-06-02;2615;1766;216210;106474;40.6;20.0
21;2021-06-03;3147;2076;219357;108550;41.2;20.4
21;2021-06-04;3281;2585;222638;111135;41.8;20.9
21;2021-06-05;2925;1653;225563;112788;42.3;21.2
21;2021-06-06;51;85;225614;112873;42.3;21.2
21;2021-06-07;4313;1351;229927;114224;43.1;21.4
21;2021-06-08;4940;2142;234867;116366;44.1;21.8
21;2021-06-09;4501;1625;239368;117991;44.9;22.1
21;2021-06-10;3930;2595;243298;120586;45.7;22.6
21;2021-06-11;4165;3110;247463;123696;46.4;23.2
21;2021-06-12;2198;1608;249661;125304;46.9;23.5
21;2021-06-13;29;11;249690;125315;46.9;23.5
21;2021-06-14;2198;2570;251888;127885;47.3;24.0
21;2021-06-15;2961;3095;254849;130980;47.8;24.6
21;2021-06-16;2854;2614;257703;133594;48.4;25.1
21;2021-06-17;3421;3044;261124;136638;49.0;25.6
21;2021-06-18;2427;3801;263551;140439;49.5;26.4
21;2021-06-19;2044;1864;265595;142303;49.8;26.7
21;2021-06-20;26;13;265621;142316;49.8;26.7
21;2021-06-21;1841;3413;267462;145729;50.2;27.3
21;2021-06-22;1879;5833;269341;151562;50.5;28.4
21;2021-06-23;2027;5011;271368;156573;50.9;29.4
21;2021-06-24;2364;4664;273732;161237;51.4;30.3
21;2021-06-25;1528;5898;275260;167135;51.7;31.4
21;2021-06-26;1441;3900;276701;171035;51.9;32.1
21;2021-06-27;18;125;276719;171160;51.9;32.1
21;2021-06-28;1398;4018;278117;175178;52.2;32.9
21;2021-06-29;1636;4179;279753;179357;52.5;33.7
21;2021-06-30;1567;3373;281320;182730;52.8;34.3
21;2021-07-01;1660;4147;282980;186877;53.1;35.1
21;2021-07-02;2172;4226;285152;191103;53.5;35.9
21;2021-07-03;1093;2100;286245;193203;53.7;36.3
21;2021-07-04;37;55;286282;193258;53.7;36.3
21;2021-07-05;1607;3626;287889;196884;54.0;36.9
21;2021-07-06;1346;3588;289235;200472;54.3;37.6
21;2021-07-07;1453;3242;290688;203714;54.5;38.2
21;2021-07-08;1878;4159;292566;207873;54.9;39.0
21;2021-07-09;2075;4352;294641;212225;55.3;39.8
21;2021-07-10;1088;2548;295729;214773;55.5;40.3
21;2021-07-11;21;74;295750;214847;55.5;40.3
21;2021-07-12;1654;3728;297404;218575;55.8;41.0
21;2021-07-13;2304;4899;299708;223474;56.2;41.9
21;2021-07-14;2872;2014;302580;225488;56.8;42.3
21;2021-07-15;3803;4560;306383;230048;57.5;43.2
21;2021-07-16;3881;5254;310264;235302;58.2;44.2
21;2021-07-17;2766;4169;313030;239471;58.7;44.9
21;2021-07-18;157;81;313187;239552;58.8;45.0
21;2021-07-19;2376;4627;315563;244179;59.2;45.8
21;2021-07-20;2753;5494;318316;249673;59.7;46.9
21;2021-07-21;2897;4791;321213;254464;60.3;47.8
21;2021-07-22;3011;4727;324224;259191;60.8;48.6
21;2021-07-23;4328;4879;328552;264070;61.7;49.6
21;2021-07-24;3030;3009;331582;267079;62.2;50.1
21;2021-07-25;67;40;331649;267119;62.2;50.1
21;2021-07-26;2652;3582;334301;270701;62.7;50.8
21;2021-07-27;3379;3774;337680;274475;63.4;51.5
21;2021-07-28;3553;3344;341233;277819;64.0;52.1
21;2021-07-29;4099;3365;345332;281184;64.8;52.8
21;2021-07-30;4577;3338;349909;284522;65.7;53.4
21;2021-07-31;3404;2359;353313;286881;66.3;53.8
21;2021-08-01;328;57;353641;286938;66.4;53.8
21;2021-08-02;2525;3160;356166;290098;66.8;54.4
21;2021-08-03;2602;2769;358768;292867;67.3;55.0
21;2021-08-04;2351;2476;361119;295343;67.8;55.4
21;2021-08-05;2103;3081;363222;298424;68.2;56.0
21;2021-08-06;2464;3291;365686;301715;68.6;56.6
21;2021-08-07;1887;2648;367573;304363;69.0;57.1
21;2021-08-08;74;68;367647;304431;69.0;57.1
21;2021-08-09;1619;2926;369266;307357;69.3;57.7
21;2021-08-10;1392;2707;370658;310064;69.6;58.2
21;2021-08-11;1594;2436;372252;312500;69.9;58.6
21;2021-08-12;1069;2404;373321;314904;70.1;59.1
22;2020-12-27;0;0;0;0;0.0;0.0
22;2020-12-28;0;0;0;0;0.0;0.0
22;2020-12-29;0;0;0;0;0.0;0.0
22;2020-12-30;0;0;0;0;0.0;0.0
22;2020-12-31;0;0;0;0;0.0;0.0
22;2021-01-01;0;0;0;0;0.0;0.0
22;2021-01-02;2;0;2;0;0.0;0.0
22;2021-01-03;0;0;2;0;0.0;0.0
22;2021-01-04;5;0;7;0;0.0;0.0
22;2021-01-05;61;0;68;0;0.0;0.0
22;2021-01-06;114;1;182;1;0.0;0.0
22;2021-01-07;67;0;249;1;0.0;0.0
22;2021-01-08;174;0;423;1;0.1;0.0
22;2021-01-09;1;0;424;1;0.1;0.0
22;2021-01-10;0;0;424;1;0.1;0.0
22;2021-01-11;233;3;657;4;0.1;0.0
22;2021-01-12;627;0;1284;4;0.2;0.0
22;2021-01-13;676;1;1960;5;0.3;0.0
22;2021-01-14;715;8;2675;13;0.4;0.0
22;2021-01-15;529;2;3204;15;0.5;0.0
22;2021-01-16;97;0;3301;15;0.6;0.0
22;2021-01-17;1;0;3302;15;0.6;0.0
22;2021-01-18;311;1;3613;16;0.6;0.0
22;2021-01-19;686;1;4299;17;0.7;0.0
22;2021-01-20;598;0;4897;17;0.8;0.0
22;2021-01-21;947;1;5844;18;1.0;0.0
22;2021-01-22;839;2;6683;20;1.1;0.0
22;2021-01-23;219;0;6902;20;1.2;0.0
22;2021-01-24;1;0;6903;20;1.2;0.0
22;2021-01-25;748;10;7651;30;1.3;0.0
22;2021-01-26;1016;59;8667;89;1.5;0.0
22;2021-01-27;3857;111;12524;200;2.1;0.0
22;2021-01-28;4511;85;17035;285;2.9;0.0
22;2021-01-29;1897;130;18932;415;3.2;0.1
22;2021-01-30;287;0;19219;415;3.2;0.1
22;2021-01-31;3;0;19222;415;3.2;0.1
22;2021-02-01;641;81;19863;496;3.3;0.1
22;2021-02-02;903;436;20766;932;3.5;0.2
22;2021-02-03;690;504;21456;1436;3.6;0.2
22;2021-02-04;965;636;22421;2072;3.8;0.3
22;2021-02-05;721;563;23142;2635;3.9;0.4
22;2021-02-06;249;0;23391;2635;3.9;0.4
22;2021-02-07;0;0;23391;2635;3.9;0.4
22;2021-02-08;531;133;23922;2768;4.0;0.5
22;2021-02-09;615;344;24537;3112;4.1;0.5
22;2021-02-10;425;201;24962;3313;4.2;0.6
22;2021-02-11;1086;324;26048;3637;4.4;0.6
22;2021-02-12;594;329;26642;3966;4.5;0.7
22;2021-02-13;319;78;26961;4044;4.5;0.7
22;2021-02-14;0;5;26961;4049;4.5;0.7
22;2021-02-15;672;429;27633;4478;4.6;0.8
22;2021-02-16;1041;705;28674;5183;4.8;0.9
22;2021-02-17;1202;2462;29876;7645;5.0;1.3
22;2021-02-18;2141;3006;32017;10651;5.4;1.8
22;2021-02-19;1636;1947;33653;12598;5.6;2.1
22;2021-02-20;479;213;34132;12811;5.7;2.1
22;2021-02-21;4;49;34136;12860;5.7;2.2
22;2021-02-22;403;720;34539;13580;5.8;2.3
22;2021-02-23;663;931;35202;14511;5.9;2.4
22;2021-02-24;695;945;35897;15456;6.0;2.6
22;2021-02-25;1201;1207;37098;16663;6.2;2.8
22;2021-02-26;1066;710;38164;17373;6.4;2.9
22;2021-02-27;563;284;38727;17657;6.5;3.0
22;2021-02-28;16;8;38743;17665;6.5;3.0
22;2021-03-01;957;526;39700;18191;6.7;3.1
22;2021-03-02;1205;876;40905;19067;6.9;3.2
22;2021-03-03;1325;863;42230;19930;7.1;3.3
22;2021-03-04;1600;931;43830;20861;7.4;3.5
22;2021-03-05;2104;808;45934;21669;7.7;3.6
22;2021-03-06;1113;297;47047;21966;7.9;3.7
22;2021-03-07;219;1;47266;21967;7.9;3.7
22;2021-03-08;1291;657;48557;22624;8.1;3.8
22;2021-03-09;1824;749;50381;23373;8.5;3.9
22;2021-03-10;1985;1004;52366;24377;8.8;4.1
22;2021-03-11;2372;1656;54738;26033;9.2;4.4
22;2021-03-12;3098;958;57836;26991;9.7;4.5
22;2021-03-13;1714;293;59550;27284;10.0;4.6
22;2021-03-14;245;23;59795;27307;10.0;4.6
22;2021-03-15;1618;566;61413;27873;10.3;4.7
22;2021-03-16;1601;853;63014;28726;10.6;4.8
22;2021-03-17;2646;699;65660;29425;11.0;4.9
22;2021-03-18;2553;1111;68213;30536;11.4;5.1
22;2021-03-19;3280;799;71493;31335;12.0;5.3
22;2021-03-20;2208;287;73701;31622;12.4;5.3
22;2021-03-21;16;0;73717;31622;12.4;5.3
22;2021-03-22;2364;363;76081;31985;12.8;5.4
22;2021-03-23;3144;785;79225;32770;13.3;5.5
22;2021-03-24;3484;684;82709;33454;13.9;5.6
22;2021-03-25;3960;602;86669;34056;14.5;5.7
22;2021-03-26;4003;480;90672;34536;15.2;5.8
22;2021-03-27;2087;180;92759;34716;15.6;5.8
22;2021-03-28;67;1;92826;34717;15.6;5.8
22;2021-03-29;2768;908;95594;35625;16.0;6.0
22;2021-03-30;3567;1155;99161;36780;16.6;6.2
22;2021-03-31;3675;1088;102836;37868;17.2;6.4
22;2021-04-01;4937;1120;107773;38988;18.1;6.5
22;2021-04-02;4392;1036;112165;40024;18.8;6.7
22;2021-04-03;1996;403;114161;40427;19.1;6.8
22;2021-04-04;37;0;114198;40427;19.2;6.8
22;2021-04-05;15;0;114213;40427;19.2;6.8
22;2021-04-06;3289;1140;117502;41567;19.7;7.0
22;2021-04-07;3425;1363;120927;42930;20.3;7.2
22;2021-04-08;4445;1320;125372;44250;21.0;7.4
22;2021-04-09;5184;1352;130556;45602;21.9;7.6
22;2021-04-10;2444;365;133000;45967;22.3;7.7
22;2021-04-11;482;8;133482;45975;22.4;7.7
22;2021-04-12;2985;997;136467;46972;22.9;7.9
22;2021-04-13;3321;1517;139788;48489;23.4;8.1
22;2021-04-14;3168;2486;142956;50975;24.0;8.6
22;2021-04-15;3597;2434;146553;53409;24.6;9.0
22;2021-04-16;3631;2489;150184;55898;25.2;9.4
22;2021-04-17;1917;1786;152101;57684;25.5;9.7
22;2021-04-18;17;0;152118;57684;25.5;9.7
22;2021-04-19;3021;2148;155139;59832;26.0;10.0
22;2021-04-20;3307;2792;158446;62624;26.6;10.5
22;2021-04-21;3224;2732;161670;65356;27.1;11.0
22;2021-04-22;3594;3132;165264;68488;27.7;11.5
22;2021-04-23;3727;3170;168991;71658;28.3;12.0
22;2021-04-24;2001;1962;170992;73620;28.7;12.3
22;2021-04-25;17;0;171009;73620;28.7;12.3
22;2021-04-26;3210;2850;174219;76470;29.2;12.8
22;2021-04-27;3372;3143;177591;79613;29.8;13.4
22;2021-04-28;3489;3151;181080;82764;30.4;13.9
22;2021-04-29;4080;3272;185160;86036;31.1;14.4
22;2021-04-30;3906;3223;189066;89259;31.7;15.0
22;2021-05-01;60;69;189126;89328;31.7;15.0
22;2021-05-02;1237;60;190363;89388;31.9;15.0
22;2021-05-03;2030;2710;192393;92098;32.3;15.4
22;2021-05-04;2154;2896;194547;94994;32.6;15.9
22;2021-05-05;2052;3007;196599;98001;33.0;16.4
22;2021-05-06;2509;3497;199108;101498;33.4;17.0
22;2021-05-07;2831;3406;201939;104904;33.9;17.6
22;2021-05-08;45;121;201984;105025;33.9;17.6
22;2021-05-09;600;435;202584;105460;34.0;17.7
22;2021-05-10;4474;2726;207058;108186;34.7;18.1
22;2021-05-11;5104;2901;212162;111087;35.6;18.6
22;2021-05-12;6600;1020;218762;112107;36.7;18.8
22;2021-05-13;527;35;219289;112142;36.8;18.8
22;2021-05-14;6407;1085;225696;113227;37.9;19.0
22;2021-05-15;3986;427;229682;113654;38.5;19.1
22;2021-05-16;419;36;230101;113690;38.6;19.1
22;2021-05-17;5668;515;235769;114205;39.5;19.2
22;2021-05-18;6011;947;241780;115152;40.6;19.3
22;2021-05-19;6130;704;247910;115856;41.6;19.4
22;2021-05-20;6586;1376;254496;117232;42.7;19.7
22;2021-05-21;5894;1460;260390;118692;43.7;19.9
22;2021-05-22;4083;773;264473;119465;44.4;20.0
22;2021-05-23;406;15;264879;119480;44.4;20.0
22;2021-05-24;5306;221;270185;119701;45.3;20.1
22;2021-05-25;5633;1178;275818;120879;46.3;20.3
22;2021-05-26;4216;2807;280034;123686;47.0;20.7
22;2021-05-27;4505;3838;284539;127524;47.7;21.4
22;2021-05-28;4385;4438;288924;131962;48.5;22.1
22;2021-05-29;3046;1770;291970;133732;49.0;22.4
22;2021-05-30;19;7;291989;133739;49.0;22.4
22;2021-05-31;3653;3155;295642;136894;49.6;23.0
22;2021-06-01;3522;3690;299164;140584;50.2;23.6
22;2021-06-02;3084;3385;302248;143969;50.7;24.1
22;2021-06-03;3196;4099;305444;148068;51.2;24.8
22;2021-06-04;3370;4547;308814;152615;51.8;25.6
22;2021-06-05;3541;2025;312355;154640;52.4;25.9
22;2021-06-06;214;30;312569;154670;52.4;25.9
22;2021-06-07;3041;3256;315610;157926;52.9;26.5
22;2021-06-08;2797;3529;318407;161455;53.4;27.1
22;2021-06-09;2539;3507;320946;164962;53.8;27.7
22;2021-06-10;2517;4253;323463;169215;54.3;28.4
22;2021-06-11;2550;4228;326013;173443;54.7;29.1
22;2021-06-12;2413;1455;328426;174898;55.1;29.3
22;2021-06-13;133;1093;328559;175991;55.1;29.5
22;2021-06-14;2642;2466;331201;178457;55.6;29.9
22;2021-06-15;3096;3000;334297;181457;56.1;30.4
22;2021-06-16;3005;2813;337302;184270;56.6;30.9
22;2021-06-17;2565;3180;339867;187450;57.0;31.4
22;2021-06-18;3099;4113;342966;191563;57.5;32.1
22;2021-06-19;2983;1454;345949;193017;58.0;32.4
22;2021-06-20;155;8;346104;193025;58.1;32.4
22;2021-06-21;1776;5020;347880;198045;58.4;33.2
22;2021-06-22;2402;5554;350282;203599;58.8;34.2
22;2021-06-23;1281;6207;351563;209806;59.0;35.2
22;2021-06-24;2575;3914;354138;213720;59.4;35.8
22;2021-06-25;1562;6814;355700;220534;59.7;37.0
22;2021-06-26;784;3855;356484;224389;59.8;37.6
22;2021-06-27;4;512;356488;224901;59.8;37.7
22;2021-06-28;1052;5588;357540;230489;60.0;38.7
22;2021-06-29;1372;5957;358912;236446;60.2;39.7
22;2021-06-30;1127;5737;360039;242183;60.4;40.6
22;2021-07-01;1371;6039;361410;248222;60.6;41.6
22;2021-07-02;1704;6093;363114;254315;60.9;42.7
22;2021-07-03;997;3821;364111;258136;61.1;43.3
22;2021-07-04;144;364;364255;258500;61.1;43.4
22;2021-07-05;1571;5804;365826;264304;61.4;44.3
22;2021-07-06;2301;5995;368127;270299;61.7;45.3
22;2021-07-07;2258;4931;370385;275230;62.1;46.2
22;2021-07-08;2494;5096;372879;280326;62.5;47.0
22;2021-07-09;2478;5380;375357;285706;63.0;47.9
22;2021-07-10;1790;3356;377147;289062;63.3;48.5
22;2021-07-11;484;71;377631;289133;63.3;48.5
22;2021-07-12;2303;4735;379934;293868;63.7;49.3
22;2021-07-13;3771;5051;383705;298919;64.4;50.1
22;2021-07-14;699;2497;384404;301416;64.5;50.6
22;2021-07-15;3812;4620;388216;306036;65.1;51.3
22;2021-07-16;3801;5290;392017;311326;65.8;52.2
22;2021-07-17;2534;3412;394551;314738;66.2;52.8
22;2021-07-18;565;86;395116;314824;66.3;52.8
22;2021-07-19;2733;4106;397849;318930;66.7;53.5
22;2021-07-20;3851;4131;401700;323061;67.4;54.2
22;2021-07-21;3953;3412;405653;326473;68.0;54.8
22;2021-07-22;4806;3708;410459;330181;68.8;55.4
22;2021-07-23;4396;4217;414855;334398;69.6;56.1
22;2021-07-24;2227;2616;417082;337014;70.0;56.5
22;2021-07-25;117;150;417199;337164;70.0;56.6
22;2021-07-26;2981;3913;420180;341077;70.5;57.2
22;2021-07-27;3652;4919;423832;345996;71.1;58.0
22;2021-07-28;3636;3646;427468;349642;71.7;58.6
22;2021-07-29;4242;3772;431710;353414;72.4;59.3
22;2021-07-30;3995;3975;435705;357389;73.1;59.9
22;2021-07-31;2378;2797;438083;360186;73.5;60.4
22;2021-08-01;114;152;438197;360338;73.5;60.4
22;2021-08-02;4613;2529;442810;362867;74.3;60.9
22;2021-08-03;4746;3419;447556;366286;75.1;61.4
22;2021-08-04;5719;2481;453275;368767;76.0;61.9
22;2021-08-05;4093;3799;457368;372566;76.7;62.5
22;2021-08-06;3626;3804;460994;376370;77.3;63.1
22;2021-08-07;2317;2259;463311;378629;77.7;63.5
22;2021-08-08;420;70;463731;378699;77.8;63.5
22;2021-08-09;2690;2698;466421;381397;78.2;64.0
22;2021-08-10;2694;3500;469115;384897;78.7;64.6
22;2021-08-11;2385;3118;471500;388015;79.1;65.1
22;2021-08-12;2100;3466;473600;391481;79.4;65.7
23;2020-12-27;0;0;0;0;0.0;0.0
23;2020-12-28;1;0;1;0;0.0;0.0
23;2020-12-29;0;0;1;0;0.0;0.0
23;2020-12-30;0;0;1;0;0.0;0.0
23;2020-12-31;0;0;1;0;0.0;0.0
23;2021-01-01;0;0;1;0;0.0;0.0
23;2021-01-02;1;0;2;0;0.0;0.0
23;2021-01-03;0;0;2;0;0.0;0.0
23;2021-01-04;1;0;3;0;0.0;0.0
23;2021-01-05;3;0;6;0;0.0;0.0
23;2021-01-06;10;0;16;0;0.0;0.0
23;2021-01-07;116;0;132;0;0.1;0.0
23;2021-01-08;116;0;248;0;0.2;0.0
23;2021-01-09;36;0;284;0;0.2;0.0
23;2021-01-10;1;0;285;0;0.2;0.0
23;2021-01-11;175;0;460;0;0.4;0.0
23;2021-01-12;234;1;694;1;0.6;0.0
23;2021-01-13;308;0;1002;1;0.9;0.0
23;2021-01-14;292;4;1294;5;1.1;0.0
23;2021-01-15;334;5;1628;10;1.4;0.0
23;2021-01-16;163;1;1791;11;1.5;0.0
23;2021-01-17;0;0;1791;11;1.5;0.0
23;2021-01-18;342;3;2133;14;1.8;0.0
23;2021-01-19;497;2;2630;16;2.3;0.0
23;2021-01-20;362;1;2992;17;2.6;0.0
23;2021-01-21;697;1;3689;18;3.2;0.0
23;2021-01-22;478;0;4167;18;3.6;0.0
23;2021-01-23;368;1;4535;19;3.9;0.0
23;2021-01-24;0;0;4535;19;3.9;0.0
23;2021-01-25;382;17;4917;36;4.2;0.0
23;2021-01-26;300;5;5217;41;4.5;0.0
23;2021-01-27;228;3;5445;44;4.7;0.0
23;2021-01-28;232;47;5677;91;4.9;0.1
23;2021-01-29;303;103;5980;194;5.1;0.2
23;2021-01-30;100;28;6080;222;5.2;0.2
23;2021-01-31;2;34;6082;256;5.2;0.2
23;2021-02-01;148;107;6230;363;5.4;0.3
23;2021-02-02;157;123;6387;486;5.5;0.4
23;2021-02-03;105;210;6492;696;5.6;0.6
23;2021-02-04;78;265;6570;961;5.7;0.8
23;2021-02-05;116;313;6686;1274;5.8;1.1
23;2021-02-06;14;168;6700;1442;5.8;1.2
23;2021-02-07;1;0;6701;1442;5.8;1.2
23;2021-02-08;125;218;6826;1660;5.9;1.4
23;2021-02-09;85;295;6911;1955;5.9;1.7
23;2021-02-10;89;283;7000;2238;6.0;1.9
23;2021-02-11;244;587;7244;2825;6.2;2.4
23;2021-02-12;174;284;7418;3109;6.4;2.7
23;2021-02-13;8;191;7426;3300;6.4;2.8
23;2021-02-14;8;0;7434;3300;6.4;2.8
23;2021-02-15;157;367;7591;3667;6.5;3.2
23;2021-02-16;103;443;7694;4110;6.6;3.5
23;2021-02-17;65;493;7759;4603;6.7;4.0
23;2021-02-18;142;370;7901;4973;6.8;4.3
23;2021-02-19;109;253;8010;5226;6.9;4.5
23;2021-02-20;2;93;8012;5319;6.9;4.6
23;2021-02-21;0;0;8012;5319;6.9;4.6
23;2021-02-22;104;212;8116;5531;7.0;4.8
23;2021-02-23;107;220;8223;5751;7.1;4.9
23;2021-02-24;176;168;8399;5919;7.2;5.1
23;2021-02-25;183;109;8582;6028;7.4;5.2
23;2021-02-26;287;165;8869;6193;7.6;5.3
23;2021-02-27;112;11;8981;6204;7.7;5.3
23;2021-02-28;1;31;8982;6235;7.7;5.4
23;2021-03-01;88;201;9070;6436;7.8;5.5
23;2021-03-02;229;132;9299;6568;8.0;5.6
23;2021-03-03;133;90;9432;6658;8.1;5.7
23;2021-03-04;307;138;9739;6796;8.4;5.8
23;2021-03-05;517;111;10256;6907;8.8;5.9
23;2021-03-06;494;6;10750;6913;9.2;5.9
23;2021-03-07;313;3;11063;6916;9.5;5.9
23;2021-03-08;197;72;11260;6988;9.7;6.0
23;2021-03-09;421;102;11681;7090;10.0;6.1
23;2021-03-10;348;39;12029;7129;10.3;6.1
23;2021-03-11;325;49;12354;7178;10.6;6.2
23;2021-03-12;618;33;12972;7211;11.2;6.2
23;2021-03-13;286;12;13258;7223;11.4;6.2
23;2021-03-14;47;34;13305;7257;11.4;6.2
23;2021-03-15;220;126;13525;7383;11.6;6.3
23;2021-03-16;192;90;13717;7473;11.8;6.4
23;2021-03-17;131;101;13848;7574;11.9;6.5
23;2021-03-18;193;98;14041;7672;12.1;6.6
23;2021-03-19;205;121;14246;7793;12.3;6.7
23;2021-03-20;630;35;14876;7828;12.8;6.7
23;2021-03-21;128;0;15004;7828;12.9;6.7
23;2021-03-22;264;148;15268;7976;13.1;6.9
23;2021-03-23;504;105;15772;8081;13.6;7.0
23;2021-03-24;423;124;16195;8205;13.9;7.1
23;2021-03-25;819;187;17014;8392;14.6;7.2
23;2021-03-26;734;194;17748;8586;15.3;7.4
23;2021-03-27;505;48;18253;8634;15.7;7.4
23;2021-03-28;3;9;18256;8643;15.7;7.4
23;2021-03-29;358;111;18614;8754;16.0;7.5
23;2021-03-30;537;177;19151;8931;16.5;7.7
23;2021-03-31;411;174;19562;9105;16.8;7.8
23;2021-04-01;600;170;20162;9275;17.3;8.0
23;2021-04-02;498;297;20660;9572;17.8;8.2
23;2021-04-03;715;44;21375;9616;18.4;8.3
23;2021-04-04;4;0;21379;9616;18.4;8.3
23;2021-04-05;0;3;21379;9619;18.4;8.3
23;2021-04-06;382;294;21761;9913;18.7;8.5
23;2021-04-07;706;308;22467;10221;19.3;8.8
23;2021-04-08;803;234;23270;10455;20.0;9.0
23;2021-04-09;939;358;24209;10813;20.8;9.3
23;2021-04-10;1097;110;25306;10923;21.8;9.4
23;2021-04-11;21;2;25327;10925;21.8;9.4
23;2021-04-12;692;235;26019;11160;22.4;9.6
23;2021-04-13;668;302;26687;11462;23.0;9.9
23;2021-04-14;586;175;27273;11637;23.5;10.0
23;2021-04-15;928;182;28201;11819;24.3;10.2
23;2021-04-16;902;207;29103;12026;25.0;10.3
23;2021-04-17;994;551;30097;12577;25.9;10.8
23;2021-04-18;3;136;30100;12713;25.9;10.9
23;2021-04-19;611;296;30711;13009;26.4;11.2
23;2021-04-20;721;289;31432;13298;27.0;11.4
23;2021-04-21;733;395;32165;13693;27.7;11.8
23;2021-04-22;657;474;32822;14167;28.2;12.2
23;2021-04-23;592;340;33414;14507;28.7;12.5
23;2021-04-24;855;448;34269;14955;29.5;12.9
23;2021-04-25;0;0;34269;14955;29.5;12.9
23;2021-04-26;615;252;34884;15207;30.0;13.1
23;2021-04-27;675;427;35559;15634;30.6;13.4
23;2021-04-28;628;275;36187;15909;31.1;13.7
23;2021-04-29;883;379;37070;16288;31.9;14.0
23;2021-04-30;719;787;37789;17075;32.5;14.7
23;2021-05-01;1227;39;39016;17114;33.6;14.7
23;2021-05-02;14;0;39030;17114;33.6;14.7
23;2021-05-03;431;520;39461;17634;33.9;15.2
23;2021-05-04;616;511;40077;18145;34.5;15.6
23;2021-05-05;538;711;40615;18856;34.9;16.2
23;2021-05-06;727;701;41342;19557;35.6;16.8
23;2021-05-07;683;640;42025;20197;36.1;17.4
23;2021-05-08;1410;587;43435;20784;37.4;17.9
23;2021-05-09;3;0;43438;20784;37.4;17.9
23;2021-05-10;555;656;43993;21440;37.8;18.4
23;2021-05-11;561;764;44554;22204;38.3;19.1
23;2021-05-12;720;660;45274;22864;38.9;19.7
23;2021-05-13;537;56;45811;22920;39.4;19.7
23;2021-05-14;788;459;46599;23379;40.1;20.1
23;2021-05-15;994;234;47593;23613;40.9;20.3
23;2021-05-16;0;0;47593;23613;40.9;20.3
23;2021-05-17;568;449;48161;24062;41.4;20.7
23;2021-05-18;776;292;48937;24354;42.1;20.9
23;2021-05-19;1050;257;49987;24611;43.0;21.2
23;2021-05-20;837;317;50824;24928;43.7;21.4
23;2021-05-21;1105;310;51929;25238;44.7;21.7
23;2021-05-22;739;125;52668;25363;45.3;21.8
23;2021-05-23;2;20;52670;25383;45.3;21.8
23;2021-05-24;362;164;53032;25547;45.6;22.0
23;2021-05-25;904;336;53936;25883;46.4;22.3
23;2021-05-26;1076;227;55012;26110;47.3;22.5
23;2021-05-27;931;433;55943;26543;48.1;22.8
23;2021-05-28;781;743;56724;27286;48.8;23.5
23;2021-05-29;638;1100;57362;28386;49.3;24.4
23;2021-05-30;6;63;57368;28449;49.3;24.5
23;2021-05-31;433;540;57801;28989;49.7;24.9
23;2021-06-01;582;826;58383;29815;50.2;25.6
23;2021-06-02;623;521;59006;30336;50.7;26.1
23;2021-06-03;707;550;59713;30886;51.4;26.6
23;2021-06-04;779;614;60492;31500;52.0;27.1
23;2021-06-05;546;777;61038;32277;52.5;27.8
23;2021-06-06;0;0;61038;32277;52.5;27.8
23;2021-06-07;393;696;61431;32973;52.8;28.4
23;2021-06-08;322;776;61753;33749;53.1;29.0
23;2021-06-09;284;649;62037;34398;53.4;29.6
23;2021-06-10;373;692;62410;35090;53.7;30.2
23;2021-06-11;381;808;62791;35898;54.0;30.9
23;2021-06-12;379;1264;63170;37162;54.3;32.0
23;2021-06-13;13;5;63183;37167;54.3;32.0
23;2021-06-14;235;590;63418;37757;54.5;32.5
23;2021-06-15;230;860;63648;38617;54.7;33.2
23;2021-06-16;362;581;64010;39198;55.1;33.7
23;2021-06-17;339;810;64349;40008;55.3;34.4
23;2021-06-18;355;767;64704;40775;55.6;35.1
23;2021-06-19;490;1523;65194;42298;56.1;36.4
23;2021-06-20;2;11;65196;42309;56.1;36.4
23;2021-06-21;205;620;65401;42929;56.2;36.9
23;2021-06-22;216;684;65617;43613;56.4;37.5
23;2021-06-23;221;750;65838;44363;56.6;38.2
23;2021-06-24;198;606;66036;44969;56.8;38.7
23;2021-06-25;303;815;66339;45784;57.1;39.4
23;2021-06-26;222;999;66561;46783;57.2;40.2
23;2021-06-27;3;0;66564;46783;57.2;40.2
23;2021-06-28;115;693;66679;47476;57.3;40.8
23;2021-06-29;189;823;66868;48299;57.5;41.5
23;2021-06-30;168;944;67036;49243;57.7;42.4
23;2021-07-01;168;869;67204;50112;57.8;43.1
23;2021-07-02;192;1070;67396;51182;58.0;44.0
23;2021-07-03;250;980;67646;52162;58.2;44.9
23;2021-07-04;1;0;67647;52162;58.2;44.9
23;2021-07-05;159;805;67806;52967;58.3;45.6
23;2021-07-06;213;1043;68019;54010;58.5;46.5
23;2021-07-07;210;853;68229;54863;58.7;47.2
23;2021-07-08;253;737;68482;55600;58.9;47.8
23;2021-07-09;274;1011;68756;56611;59.1;48.7
23;2021-07-10;234;644;68990;57255;59.3;49.2
23;2021-07-11;0;0;68990;57255;59.3;49.2
23;2021-07-12;232;702;69222;57957;59.5;49.8
23;2021-07-13;471;918;69693;58875;59.9;50.6
23;2021-07-14;211;321;69904;59196;60.1;50.9
23;2021-07-15;475;813;70379;60009;60.5;51.6
23;2021-07-16;763;569;71142;60578;61.2;52.1
23;2021-07-17;220;479;71362;61057;61.4;52.5
23;2021-07-18;0;1;71362;61058;61.4;52.5
23;2021-07-19;702;628;72064;61686;62.0;53.1
23;2021-07-20;633;567;72697;62253;62.5;53.5
23;2021-07-21;698;634;73395;62887;63.1;54.1
23;2021-07-22;938;437;74333;63324;63.9;54.5
23;2021-07-23;838;505;75171;63829;64.7;54.9
23;2021-07-24;1007;436;76178;64265;65.5;55.3
23;2021-07-25;11;16;76189;64281;65.5;55.3
23;2021-07-26;783;569;76972;64850;66.2;55.8
23;2021-07-27;908;437;77880;65287;67.0;56.2
23;2021-07-28;870;415;78750;65702;67.7;56.5
23;2021-07-29;1044;398;79794;66100;68.6;56.9
23;2021-07-30;941;524;80735;66624;69.4;57.3
23;2021-07-31;1162;305;81897;66929;70.4;57.6
23;2021-08-01;18;8;81915;66937;70.5;57.6
23;2021-08-02;663;506;82578;67443;71.0;58.0
23;2021-08-03;734;459;83312;67902;71.7;58.4
23;2021-08-04;607;296;83919;68198;72.2;58.7
23;2021-08-05;684;364;84603;68562;72.8;59.0
23;2021-08-06;415;484;85018;69046;73.1;59.4
23;2021-08-07;290;188;85308;69234;73.4;59.5
23;2021-08-08;143;38;85451;69272;73.5;59.6
23;2021-08-09;490;490;85941;69762;73.9;60.0
23;2021-08-10;434;609;86375;70371;74.3;60.5
23;2021-08-11;427;486;86802;70857;74.7;60.9
23;2021-08-12;508;564;87310;71421;75.1;61.4
24;2020-12-27;0;0;0;0;0.0;0.0
24;2020-12-28;0;0;0;0;0.0;0.0
24;2020-12-29;2;0;2;0;0.0;0.0
24;2020-12-30;1;0;3;0;0.0;0.0
24;2020-12-31;0;0;3;0;0.0;0.0
24;2021-01-01;0;0;3;0;0.0;0.0
24;2021-01-02;0;0;3;0;0.0;0.0
24;2021-01-03;0;0;3;0;0.0;0.0
24;2021-01-04;1;0;4;0;0.0;0.0
24;2021-01-05;1;0;5;0;0.0;0.0
24;2021-01-06;0;0;5;0;0.0;0.0
24;2021-01-07;190;0;195;0;0.0;0.0
24;2021-01-08;281;0;476;0;0.1;0.0
24;2021-01-09;185;0;661;0;0.2;0.0
24;2021-01-10;35;0;696;0;0.2;0.0
24;2021-01-11;269;0;965;0;0.2;0.0
24;2021-01-12;281;0;1246;0;0.3;0.0
24;2021-01-13;233;1;1479;1;0.4;0.0
24;2021-01-14;1013;15;2492;16;0.6;0.0
24;2021-01-15;605;6;3097;22;0.8;0.0
24;2021-01-16;86;0;3183;22;0.8;0.0
24;2021-01-17;2;1;3185;23;0.8;0.0
24;2021-01-18;298;0;3483;23;0.9;0.0
24;2021-01-19;467;1;3950;24;1.0;0.0
24;2021-01-20;552;0;4502;24;1.1;0.0
24;2021-01-21;644;5;5146;29;1.3;0.0
24;2021-01-22;514;0;5660;29;1.4;0.0
24;2021-01-23;151;1;5811;30;1.4;0.0
24;2021-01-24;2;0;5813;30;1.4;0.0
24;2021-01-25;441;0;6254;30;1.5;0.0
24;2021-01-26;634;66;6888;96;1.7;0.0
24;2021-01-27;1263;12;8151;108;2.0;0.0
24;2021-01-28;983;126;9134;234;2.2;0.1
24;2021-01-29;932;139;10066;373;2.5;0.1
24;2021-01-30;282;1;10348;374;2.5;0.1
24;2021-01-31;0;0;10348;374;2.5;0.1
24;2021-02-01;377;173;10725;547;2.6;0.1
24;2021-02-02;614;314;11339;861;2.8;0.2
24;2021-02-03;651;492;11990;1353;2.9;0.3
24;2021-02-04;976;391;12966;1744;3.2;0.4
24;2021-02-05;685;434;13651;2178;3.3;0.5
24;2021-02-06;139;35;13790;2213;3.4;0.5
24;2021-02-07;33;1;13823;2214;3.4;0.5
24;2021-02-08;309;235;14132;2449;3.5;0.6
24;2021-02-09;451;230;14583;2679;3.6;0.7
24;2021-02-10;373;110;14956;2789;3.7;0.7
24;2021-02-11;561;517;15517;3306;3.8;0.8
24;2021-02-12;495;393;16012;3699;3.9;0.9
24;2021-02-13;202;45;16214;3744;4.0;0.9
24;2021-02-14;89;1;16303;3745;4.0;0.9
24;2021-02-15;187;241;16490;3986;4.0;1.0
24;2021-02-16;334;523;16824;4509;4.1;1.1
24;2021-02-17;578;834;17402;5343;4.3;1.3
24;2021-02-18;442;729;17844;6072;4.4;1.5
24;2021-02-19;461;677;18305;6749;4.5;1.7
24;2021-02-20;163;143;18468;6892;4.5;1.7
24;2021-02-21;109;0;18577;6892;4.5;1.7
24;2021-02-22;426;529;19003;7421;4.7;1.8
24;2021-02-23;562;683;19565;8104;4.8;2.0
24;2021-02-24;534;832;20099;8936;4.9;2.2
24;2021-02-25;726;866;20825;9802;5.1;2.4
24;2021-02-26;975;973;21800;10775;5.3;2.6
24;2021-02-27;363;265;22163;11040;5.4;2.7
24;2021-02-28;25;4;22188;11044;5.4;2.7
24;2021-03-01;292;371;22480;11415;5.5;2.8
24;2021-03-02;538;418;23018;11833;5.6;2.9
24;2021-03-03;679;342;23697;12175;5.8;3.0
24;2021-03-04;913;508;24610;12683;6.0;3.1
24;2021-03-05;1065;565;25675;13248;6.3;3.2
24;2021-03-06;1124;142;26799;13390;6.6;3.3
24;2021-03-07;232;62;27031;13452;6.6;3.3
24;2021-03-08;531;257;27562;13709;6.7;3.4
24;2021-03-09;1174;443;28736;14152;7.0;3.5
24;2021-03-10;1141;450;29877;14602;7.3;3.6
24;2021-03-11;1603;462;31480;15064;7.7;3.7
24;2021-03-12;2050;440;33530;15504;8.2;3.8
24;2021-03-13;1344;201;34874;15705;8.5;3.8
24;2021-03-14;141;93;35015;15798;8.6;3.9
24;2021-03-15;952;169;35967;15967;8.8;3.9
24;2021-03-16;1144;231;37111;16198;9.1;4.0
24;2021-03-17;1215;286;38326;16484;9.4;4.0
24;2021-03-18;1056;556;39382;17040;9.6;4.2
24;2021-03-19;1251;537;40633;17577;9.9;4.3
24;2021-03-20;1055;150;41688;17727;10.2;4.3
24;2021-03-21;25;11;41713;17738;10.2;4.3
24;2021-03-22;1223;423;42936;18161;10.5;4.4
24;2021-03-23;1880;400;44816;18561;11.0;4.5
24;2021-03-24;1888;387;46704;18948;11.4;4.6
24;2021-03-25;1989;466;48693;19414;11.9;4.8
24;2021-03-26;2374;284;51067;19698;12.5;4.8
24;2021-03-27;1350;41;52417;19739;12.8;4.8
24;2021-03-28;63;9;52480;19748;12.9;4.8
24;2021-03-29;1673;326;54153;20074;13.3;4.9
24;2021-03-30;2408;395;56561;20469;13.8;5.0
24;2021-03-31;2181;311;58742;20780;14.4;5.1
24;2021-04-01;2195;311;60937;21091;14.9;5.2
24;2021-04-02;2072;394;63009;21485;15.4;5.3
24;2021-04-03;1374;122;64383;21607;15.8;5.3
24;2021-04-04;74;1;64457;21608;15.8;5.3
24;2021-04-05;947;58;65404;21666;16.0;5.3
24;2021-04-06;2351;700;67755;22366;16.6;5.5
24;2021-04-07;2717;690;70472;23056;17.3;5.6
24;2021-04-08;3005;959;73477;24015;18.0;5.9
24;2021-04-09;3486;1003;76963;25018;18.8;6.1
24;2021-04-10;2593;310;79556;25328;19.5;6.2
24;2021-04-11;1101;19;80657;25347;19.7;6.2
24;2021-04-12;2498;818;83155;26165;20.4;6.4
24;2021-04-13;2903;1201;86058;27366;21.1;6.7
24;2021-04-14;2935;1190;88993;28556;21.8;7.0
24;2021-04-15;2792;1094;91785;29650;22.5;7.3
24;2021-04-16;3266;969;95051;30619;23.3;7.5
24;2021-04-17;2271;499;97322;31118;23.8;7.6
24;2021-04-18;424;6;97746;31124;23.9;7.6
24;2021-04-19;1598;1011;99344;32135;24.3;7.9
24;2021-04-20;2267;1429;101611;33564;24.9;8.2
24;2021-04-21;2145;1441;103756;35005;25.4;8.6
24;2021-04-22;2061;1259;105817;36264;25.9;8.9
24;2021-04-23;1958;1332;107775;37596;26.4;9.2
24;2021-04-24;862;724;108637;38320;26.6;9.4
24;2021-04-25;54;4;108691;38324;26.6;9.4
24;2021-04-26;1296;1480;109987;39804;26.9;9.7
24;2021-04-27;1852;1881;111839;41685;27.4;10.2
24;2021-04-28;1505;1957;113344;43642;27.8;10.7
24;2021-04-29;1727;1888;115071;45530;28.2;11.1
24;2021-04-30;2269;1775;117340;47305;28.7;11.6
24;2021-05-01;2054;1067;119394;48372;29.2;11.8
24;2021-05-02;1923;212;121317;48584;29.7;11.9
24;2021-05-03;1474;1834;122791;50418;30.1;12.3
24;2021-05-04;2228;2293;125019;52711;30.6;12.9
24;2021-05-05;1890;2722;126909;55433;31.1;13.6
24;2021-05-06;1889;2786;128798;58219;31.5;14.3
24;2021-05-07;2264;2789;131062;61008;32.1;14.9
24;2021-05-08;1284;1152;132346;62160;32.4;15.2
24;2021-05-09;1166;901;133512;63061;32.7;15.4
24;2021-05-10;1095;2627;134607;65688;33.0;16.1
24;2021-05-11;2039;2796;136646;68484;33.5;16.8
24;2021-05-12;1925;2254;138571;70738;33.9;17.3
24;2021-05-13;1465;1215;140036;71953;34.3;17.6
24;2021-05-14;2378;1332;142414;73285;34.9;17.9
24;2021-05-15;2048;813;144462;74098;35.4;18.1
24;2021-05-16;1171;347;145633;74445;35.7;18.2
24;2021-05-17;2242;1254;147875;75699;36.2;18.5
24;2021-05-18;2481;1819;150356;77518;36.8;19.0
24;2021-05-19;2285;1377;152641;78895;37.4;19.3
24;2021-05-20;2373;1580;155014;80475;38.0;19.7
24;2021-05-21;2433;1413;157447;81888;38.6;20.1
24;2021-05-22;1719;406;159166;82294;39.0;20.2
24;2021-05-23;951;72;160117;82366;39.2;20.2
24;2021-05-24;1514;335;161631;82701;39.6;20.3
24;2021-05-25;2297;1383;163928;84084;40.1;20.6
24;2021-05-26;2149;1316;166077;85400;40.7;20.9
24;2021-05-27;1748;2195;167825;87595;41.1;21.4
24;2021-05-28;2145;2007;169970;89602;41.6;21.9
24;2021-05-29;1152;2091;171122;91693;41.9;22.5
24;2021-05-30;1418;170;172540;91863;42.2;22.5
24;2021-05-31;1743;1365;174283;93228;42.7;22.8
24;2021-06-01;2583;1978;176866;95206;43.3;23.3
24;2021-06-02;2651;1785;179517;96991;44.0;23.7
24;2021-06-03;2292;1465;181809;98456;44.5;24.1
24;2021-06-04;2381;1899;184190;100355;45.1;24.6
24;2021-06-05;2007;1417;186197;101772;45.6;24.9
24;2021-06-06;767;223;186964;101995;45.8;25.0
24;2021-06-07;1433;1496;188397;103491;46.1;25.3
24;2021-06-08;1678;1908;190075;105399;46.5;25.8
24;2021-06-09;1323;1597;191398;106996;46.9;26.2
24;2021-06-10;1575;1909;192973;108905;47.3;26.7
24;2021-06-11;1330;2082;194303;110987;47.6;27.2
24;2021-06-12;1125;2545;195428;113532;47.9;27.8
24;2021-06-13;1238;922;196666;114454;48.2;28.0
24;2021-06-14;1165;1858;197831;116312;48.4;28.5
24;2021-06-15;1486;2992;199317;119304;48.8;29.2
24;2021-06-16;1670;2731;200987;122035;49.2;29.9
24;2021-06-17;1544;2182;202531;124217;49.6;30.4
24;2021-06-18;1400;2862;203931;127079;49.9;31.1
24;2021-06-19;1276;1520;205207;128599;50.2;31.5
24;2021-06-20;513;499;205720;129098;50.4;31.6
24;2021-06-21;931;1834;206651;130932;50.6;32.1
24;2021-06-22;1453;2592;208104;133524;51.0;32.7
24;2021-06-23;1427;2421;209531;135945;51.3;33.3
24;2021-06-24;1134;1913;210665;137858;51.6;33.8
24;2021-06-25;967;2818;211632;140676;51.8;34.4
24;2021-06-26;864;2103;212496;142779;52.0;35.0
24;2021-06-27;402;977;212898;143756;52.1;35.2
24;2021-06-28;817;2483;213715;146239;52.3;35.8
24;2021-06-29;940;2869;214655;149108;52.6;36.5
24;2021-06-30;1111;2460;215766;151568;52.8;37.1
24;2021-07-01;1130;2298;216896;153866;53.1;37.7
24;2021-07-02;1094;2742;217990;156608;53.4;38.3
24;2021-07-03;812;1902;218802;158510;53.6;38.8
24;2021-07-04;410;1012;219212;159522;53.7;39.1
24;2021-07-05;792;2315;220004;161837;53.9;39.6
24;2021-07-06;877;3358;220881;165195;54.1;40.5
24;2021-07-07;1082;3041;221963;168236;54.4;41.2
24;2021-07-08;1341;2119;223304;170355;54.7;41.7
24;2021-07-09;1176;3221;224480;173576;55.0;42.5
24;2021-07-10;480;1965;224960;175541;55.1;43.0
24;2021-07-11;586;1187;225546;176728;55.2;43.3
24;2021-07-12;897;2520;226443;179248;55.4;43.9
24;2021-07-13;1322;3217;227765;182465;55.8;44.7
24;2021-07-14;613;1188;228378;183653;55.9;45.0
24;2021-07-15;1690;2778;230068;186431;56.3;45.6
24;2021-07-16;2141;2602;232209;189033;56.9;46.3
24;2021-07-17;1524;2235;233733;191268;57.2;46.8
24;2021-07-18;707;886;234440;192154;57.4;47.1
24;2021-07-19;1573;2186;236013;194340;57.8;47.6
24;2021-07-20;2010;2445;238023;196785;58.3;48.2
24;2021-07-21;1871;2328;239894;199113;58.7;48.8
24;2021-07-22;2337;2448;242231;201561;59.3;49.4
24;2021-07-23;2275;2625;244506;204186;59.9;50.0
24;2021-07-24;1803;1542;246309;205728;60.3;50.4
24;2021-07-25;810;869;247119;206597;60.5;50.6
24;2021-07-26;1564;2019;248683;208616;60.9;51.1
24;2021-07-27;2828;2280;251511;210896;61.6;51.6
24;2021-07-28;2722;1935;254233;212831;62.3;52.1
24;2021-07-29;3039;2230;257272;215061;63.0;52.7
24;2021-07-30;2457;1914;259729;216975;63.6;53.1
24;2021-07-31;1635;1554;261364;218529;64.0;53.5
24;2021-08-01;1109;651;262473;219180;64.3;53.7
24;2021-08-02;1939;1624;264412;220804;64.7;54.1
24;2021-08-03;2877;1909;267289;222713;65.4;54.5
24;2021-08-04;3073;1620;270362;224333;66.2;54.9
24;2021-08-05;3022;1432;273384;225765;66.9;55.3
24;2021-08-06;2532;1530;275916;227295;67.6;55.7
24;2021-08-07;1776;1107;277692;228402;68.0;55.9
24;2021-08-08;1098;675;278790;229077;68.3;56.1
24;2021-08-09;1724;1385;280514;230462;68.7;56.4
24;2021-08-10;2261;1772;282775;232234;69.2;56.9
24;2021-08-11;2262;1688;285037;233922;69.8;57.3
24;2021-08-12;1889;1955;286926;235877;70.3;57.8
25;2020-12-27;0;0;0;0;0.0;0.0
25;2020-12-28;1;0;1;0;0.0;0.0
25;2020-12-29;0;0;1;0;0.0;0.0
25;2020-12-30;0;0;1;0;0.0;0.0
25;2020-12-31;2;0;3;0;0.0;0.0
25;2021-01-01;0;0;3;0;0.0;0.0
25;2021-01-02;1;0;4;0;0.0;0.0
25;2021-01-03;0;0;4;0;0.0;0.0
25;2021-01-04;0;0;4;0;0.0;0.0
25;2021-01-05;1;0;5;0;0.0;0.0
25;2021-01-06;75;1;80;1;0.0;0.0
25;2021-01-07;236;1;316;2;0.1;0.0
25;2021-01-08;345;1;661;3;0.1;0.0
25;2021-01-09;102;0;763;3;0.1;0.0
25;2021-01-10;0;0;763;3;0.1;0.0
25;2021-01-11;501;5;1264;8;0.2;0.0
25;2021-01-12;682;2;1946;10;0.4;0.0
25;2021-01-13;626;2;2572;12;0.5;0.0
25;2021-01-14;897;15;3469;27;0.6;0.0
25;2021-01-15;785;8;4254;35;0.8;0.0
25;2021-01-16;206;1;4460;36;0.8;0.0
25;2021-01-17;112;0;4572;36;0.8;0.0
25;2021-01-18;1296;7;5868;43;1.1;0.0
25;2021-01-19;1412;5;7280;48;1.3;0.0
25;2021-01-20;1420;4;8700;52;1.6;0.0
25;2021-01-21;1810;2;10510;54;1.9;0.0
25;2021-01-22;1504;4;12014;58;2.2;0.0
25;2021-01-23;499;1;12513;59;2.3;0.0
25;2021-01-24;119;0;12632;59;2.3;0.0
25;2021-01-25;990;0;13622;59;2.5;0.0
25;2021-01-26;1487;42;15109;101;2.8;0.0
25;2021-01-27;1247;70;16356;171;3.0;0.0
25;2021-01-28;1089;76;17445;247;3.2;0.0
25;2021-01-29;905;231;18350;478;3.4;0.1
25;2021-01-30;293;92;18643;570;3.5;0.1
25;2021-01-31;2;0;18645;570;3.5;0.1
25;2021-02-01;612;221;19257;791;3.6;0.1
25;2021-02-02;674;414;19931;1205;3.7;0.2
25;2021-02-03;759;249;20690;1454;3.8;0.3
25;2021-02-04;715;446;21405;1900;4.0;0.4
25;2021-02-05;517;465;21922;2365;4.1;0.4
25;2021-02-06;198;157;22120;2522;4.1;0.5
25;2021-02-07;2;34;22122;2556;4.1;0.5
25;2021-02-08;613;507;22735;3063;4.2;0.6
25;2021-02-09;616;491;23351;3554;4.3;0.7
25;2021-02-10;817;487;24168;4041;4.5;0.7
25;2021-02-11;586;854;24754;4895;4.6;0.9
25;2021-02-12;413;549;25167;5444;4.7;1.0
25;2021-02-13;97;141;25264;5585;4.7;1.0
25;2021-02-14;0;0;25264;5585;4.7;1.0
25;2021-02-15;187;1039;25451;6624;4.7;1.2
25;2021-02-16;214;1457;25665;8081;4.8;1.5
25;2021-02-17;110;1342;25775;9423;4.8;1.7
25;2021-02-18;147;1435;25922;10858;4.8;2.0
25;2021-02-19;102;1270;26024;12128;4.8;2.2
25;2021-02-20;26;493;26050;12621;4.8;2.3
25;2021-02-21;1;143;26051;12764;4.8;2.4
25;2021-02-22;83;1067;26134;13831;4.8;2.6
25;2021-02-23;196;1081;26330;14912;4.9;2.8
25;2021-02-24;104;975;26434;15887;4.9;2.9
25;2021-02-25;522;1005;26956;16892;5.0;3.1
25;2021-02-26;607;981;27563;17873;5.1;3.3
25;2021-02-27;228;373;27791;18246;5.2;3.4
25;2021-02-28;5;1;27796;18247;5.2;3.4
25;2021-03-01;443;620;28239;18867;5.2;3.5
25;2021-03-02;652;835;28891;19702;5.4;3.7
25;2021-03-03;541;735;29432;20437;5.5;3.8
25;2021-03-04;1157;658;30589;21095;5.7;3.9
25;2021-03-05;1853;384;32442;21479;6.0;4.0
25;2021-03-06;1168;227;33610;21706;6.2;4.0
25;2021-03-07;9;7;33619;21713;6.2;4.0
25;2021-03-08;548;711;34167;22424;6.3;4.2
25;2021-03-09;1040;777;35207;23201;6.5;4.3
25;2021-03-10;1150;648;36357;23849;6.7;4.4
25;2021-03-11;1658;581;38015;24430;7.0;4.5
25;2021-03-12;1995;445;40010;24875;7.4;4.6
25;2021-03-13;1116;98;41126;24973;7.6;4.6
25;2021-03-14;35;1;41161;24974;7.6;4.6
25;2021-03-15;1125;138;42286;25112;7.8;4.7
25;2021-03-16;1286;115;43572;25227;8.1;4.7
25;2021-03-17;1414;136;44986;25363;8.3;4.7
25;2021-03-18;1527;79;46513;25442;8.6;4.7
25;2021-03-19;1596;126;48109;25568;8.9;4.7
25;2021-03-20;821;36;48930;25604;9.1;4.7
25;2021-03-21;24;0;48954;25604;9.1;4.7
25;2021-03-22;1486;83;50440;25687;9.4;4.8
25;2021-03-23;2162;138;52602;25825;9.8;4.8
25;2021-03-24;2418;90;55020;25915;10.2;4.8
25;2021-03-25;2837;187;57857;26102;10.7;4.8
25;2021-03-26;3156;170;61013;26272;11.3;4.9
25;2021-03-27;1110;85;62123;26357;11.5;4.9
25;2021-03-28;121;64;62244;26421;11.5;4.9
25;2021-03-29;1787;281;64031;26702;11.9;4.9
25;2021-03-30;2213;391;66244;27093;12.3;5.0
25;2021-03-31;2219;355;68463;27448;12.7;5.1
25;2021-04-01;2450;516;70913;27964;13.1;5.2
25;2021-04-02;2027;599;72940;28563;13.5;5.3
25;2021-04-03;448;109;73388;28672;13.6;5.3
25;2021-04-04;39;21;73427;28693;13.6;5.3
25;2021-04-05;145;4;73572;28697;13.6;5.3
25;2021-04-06;1935;680;75507;29377;14.0;5.4
25;2021-04-07;1878;848;77385;30225;14.3;5.6
25;2021-04-08;2430;821;79815;31046;14.8;5.8
25;2021-04-09;2595;990;82410;32036;15.3;5.9
25;2021-04-10;978;289;83388;32325;15.5;6.0
25;2021-04-11;105;28;83493;32353;15.5;6.0
25;2021-04-12;1557;964;85050;33317;15.8;6.2
25;2021-04-13;1986;1313;87036;34630;16.1;6.4
25;2021-04-14;1750;1215;88786;35845;16.5;6.6
25;2021-04-15;1998;1325;90784;37170;16.8;6.9
25;2021-04-16;2085;997;92869;38167;17.2;7.1
25;2021-04-17;1105;413;93974;38580;17.4;7.2
25;2021-04-18;118;18;94092;38598;17.4;7.2
25;2021-04-19;1327;1248;95419;39846;17.7;7.4
25;2021-04-20;1615;1461;97034;41307;18.0;7.7
25;2021-04-21;1716;1629;98750;42936;18.3;8.0
25;2021-04-22;1859;1707;100609;44643;18.7;8.3
25;2021-04-23;1901;1759;102510;46402;19.0;8.6
25;2021-04-24;1281;705;103791;47107;19.2;8.7
25;2021-04-25;140;114;103931;47221;19.3;8.8
25;2021-04-26;1721;1681;105652;48902;19.6;9.1
25;2021-04-27;2803;1521;108455;50423;20.1;9.3
25;2021-04-28;2424;1553;110879;51976;20.6;9.6
25;2021-04-29;2649;1834;113528;53810;21.0;10.0
25;2021-04-30;3106;1579;116634;55389;21.6;10.3
25;2021-05-01;1789;330;118423;55719;22.0;10.3
25;2021-05-02;442;21;118865;55740;22.0;10.3
25;2021-05-03;2902;837;121767;56577;22.6;10.5
25;2021-05-04;2642;1882;124409;58459;23.1;10.8
25;2021-05-05;2598;1662;127007;60121;23.5;11.1
25;2021-05-06;2927;2165;129934;62286;24.1;11.5
25;2021-05-07;3063;2124;132997;64410;24.7;11.9
25;2021-05-08;1334;229;134331;64639;24.9;12.0
25;2021-05-09;244;87;134575;64726;24.9;12.0
25;2021-05-10;3132;1639;137707;66365;25.5;12.3
25;2021-05-11;3749;2036;141456;68401;26.2;12.7
25;2021-05-12;3688;1791;145144;70192;26.9;13.0
25;2021-05-13;3519;599;148663;70791;27.6;13.1
25;2021-05-14;4483;1305;153146;72096;28.4;13.4
25;2021-05-15;3279;703;156425;72799;29.0;13.5
25;2021-05-16;722;92;157147;72891;29.1;13.5
25;2021-05-17;4090;1090;161237;73981;29.9;13.7
25;2021-05-18;5204;1185;166441;75166;30.9;13.9
25;2021-05-19;5248;1127;171689;76293;31.8;14.1
25;2021-05-20;5133;1450;176822;77743;32.8;14.4
25;2021-05-21;5766;1972;182588;79715;33.8;14.8
25;2021-05-22;3176;722;185764;80437;34.4;14.9
25;2021-05-23;781;156;186545;80593;34.6;14.9
25;2021-05-24;1528;150;188073;80743;34.9;15.0
25;2021-05-25;3514;1644;191587;82387;35.5;15.3
25;2021-05-26;3976;1556;195563;83943;36.3;15.6
25;2021-05-27;4517;1898;200080;85841;37.1;15.9
25;2021-05-28;3990;2651;204070;88492;37.8;16.4
25;2021-05-29;2014;1020;206084;89512;38.2;16.6
25;2021-05-30;175;96;206259;89608;38.2;16.6
25;2021-05-31;2673;1711;208932;91319;38.7;16.9
25;2021-06-01;2729;2160;211661;93479;39.2;17.3
25;2021-06-02;2609;2248;214270;95727;39.7;17.7
25;2021-06-03;3274;2043;217544;97770;40.3;18.1
25;2021-06-04;3208;2408;220752;100178;40.9;18.6
25;2021-06-05;1490;1397;222242;101575;41.2;18.8
25;2021-06-06;986;258;223228;101833;41.4;18.9
25;2021-06-07;2785;2573;226013;104406;41.9;19.4
25;2021-06-08;2603;2760;228616;107166;42.4;19.9
25;2021-06-09;2381;2762;230997;109928;42.8;20.4
25;2021-06-10;2323;2652;233320;112580;43.3;20.9
25;2021-06-11;2712;3309;236032;115889;43.8;21.5
25;2021-06-12;1571;1860;237603;117749;44.0;21.8
25;2021-06-13;496;256;238099;118005;44.1;21.9
25;2021-06-14;1422;3758;239521;121763;44.4;22.6
25;2021-06-15;1641;3568;241162;125331;44.7;23.2
25;2021-06-16;1954;3268;243116;128599;45.1;23.8
25;2021-06-17;1473;3326;244589;131925;45.3;24.5
25;2021-06-18;2281;4295;246870;136220;45.8;25.3
25;2021-06-19;1350;1976;248220;138196;46.0;25.6
25;2021-06-20;57;239;248277;138435;46.0;25.7
25;2021-06-21;1140;4138;249417;142573;46.2;26.4
25;2021-06-22;1149;4673;250566;147246;46.4;27.3
25;2021-06-23;1404;4074;251970;151320;46.7;28.1
25;2021-06-24;1191;4081;253161;155401;46.9;28.8
25;2021-06-25;1637;5608;254798;161009;47.2;29.8
25;2021-06-26;626;3382;255424;164391;47.3;30.5
25;2021-06-27;451;879;255875;165270;47.4;30.6
25;2021-06-28;907;4472;256782;169742;47.6;31.5
25;2021-06-29;1127;5466;257909;175208;47.8;32.5
25;2021-06-30;1312;5370;259221;180578;48.1;33.5
25;2021-07-01;1697;5228;260918;185806;48.4;34.4
25;2021-07-02;1749;5061;262667;190867;48.7;35.4
25;2021-07-03;1042;2695;263709;193562;48.9;35.9
25;2021-07-04;409;722;264118;194284;49.0;36.0
25;2021-07-05;1299;2577;265417;196861;49.2;36.5
25;2021-07-06;1571;4744;266988;201605;49.5;37.4
25;2021-07-07;1592;4505;268580;206110;49.8;38.2
25;2021-07-08;1542;3928;270122;210038;50.1;38.9
25;2021-07-09;1733;4587;271855;214625;50.4;39.8
25;2021-07-10;780;2370;272635;216995;50.5;40.2
25;2021-07-11;126;306;272761;217301;50.6;40.3
25;2021-07-12;1393;3856;274154;221157;50.8;41.0
25;2021-07-13;2467;4774;276621;225931;51.3;41.9
25;2021-07-14;377;562;276998;226493;51.3;42.0
25;2021-07-15;2396;3652;279394;230145;51.8;42.7
25;2021-07-16;3474;3834;282868;233979;52.4;43.4
25;2021-07-17;2198;2030;285066;236009;52.8;43.8
25;2021-07-18;804;1297;285870;237306;53.0;44.0
25;2021-07-19;2530;4204;288400;241510;53.5;44.8
25;2021-07-20;3373;3710;291773;245220;54.1;45.5
25;2021-07-21;3283;3363;295056;248583;54.7;46.1
25;2021-07-22;3317;2972;298373;251555;55.3;46.6
25;2021-07-23;3546;3344;301919;254899;56.0;47.3
25;2021-07-24;1400;2267;303319;257166;56.2;47.7
25;2021-07-25;672;706;303991;257872;56.4;47.8
25;2021-07-26;3040;3012;307031;260884;56.9;48.4
25;2021-07-27;3809;2110;310840;262994;57.6;48.8
25;2021-07-28;3661;2099;314501;265093;58.3;49.1
25;2021-07-29;4302;2080;318803;267173;59.1;49.5
25;2021-07-30;4229;2476;323032;269649;59.9;50.0
25;2021-07-31;1814;1466;324846;271115;60.2;50.3
25;2021-08-01;1343;195;326189;271310;60.5;50.3
25;2021-08-02;2708;2211;328897;273521;61.0;50.7
25;2021-08-03;2812;2195;331709;275716;61.5;51.1
25;2021-08-04;2920;1414;334629;277130;62.0;51.4
25;2021-08-05;2189;1717;336818;278847;62.4;51.7
25;2021-08-06;2274;2334;339092;281181;62.9;52.1
25;2021-08-07;1287;1190;340379;282371;63.1;52.3
25;2021-08-08;319;473;340698;282844;63.2;52.4
25;2021-08-09;2005;2207;342703;285051;63.5;52.8
25;2021-08-10;1938;2500;344641;287551;63.9;53.3
25;2021-08-11;1819;2017;346460;289568;64.2;53.7
25;2021-08-12;2114;2477;348574;292045;64.6;54.1
26;2020-12-27;0;0;0;0;0.0;0.0
26;2020-12-28;0;0;0;0;0.0;0.0
26;2020-12-29;0;0;0;0;0.0;0.0
26;2020-12-30;0;0;0;0;0.0;0.0
26;2020-12-31;0;0;0;0;0.0;0.0
26;2021-01-01;0;0;0;0;0.0;0.0
26;2021-01-02;0;0;0;0;0.0;0.0
26;2021-01-03;0;0;0;0;0.0;0.0
26;2021-01-04;0;0;0;0;0.0;0.0
26;2021-01-05;0;0;0;0;0.0;0.0
26;2021-01-06;0;0;0;0;0.0;0.0
26;2021-01-07;168;0;168;0;0.0;0.0
26;2021-01-08;125;0;293;0;0.1;0.0
26;2021-01-09;2;0;295;0;0.1;0.0
26;2021-01-10;0;0;295;0;0.1;0.0
26;2021-01-11;266;1;561;1;0.1;0.0
26;2021-01-12;176;1;737;2;0.1;0.0
26;2021-01-13;417;1;1154;3;0.2;0.0
26;2021-01-14;487;0;1641;3;0.3;0.0
26;2021-01-15;562;1;2203;4;0.4;0.0
26;2021-01-16;250;1;2453;5;0.5;0.0
26;2021-01-17;0;0;2453;5;0.5;0.0
26;2021-01-18;636;1;3089;6;0.6;0.0
26;2021-01-19;783;4;3872;10;0.7;0.0
26;2021-01-20;742;0;4614;10;0.9;0.0
26;2021-01-21;806;5;5420;15;1.0;0.0
26;2021-01-22;787;4;6207;19;1.2;0.0
26;2021-01-23;563;2;6770;21;1.3;0.0
26;2021-01-24;24;0;6794;21;1.3;0.0
26;2021-01-25;697;2;7491;23;1.4;0.0
26;2021-01-26;801;4;8292;27;1.6;0.0
26;2021-01-27;822;9;9114;36;1.8;0.0
26;2021-01-28;1328;169;10442;205;2.0;0.0
26;2021-01-29;970;66;11412;271;2.2;0.1
26;2021-01-30;605;5;12017;276;2.3;0.1
26;2021-01-31;24;0;12041;276;2.3;0.1
26;2021-02-01;709;189;12750;465;2.4;0.1
26;2021-02-02;1274;212;14024;677;2.7;0.1
26;2021-02-03;1234;258;15258;935;2.9;0.2
26;2021-02-04;985;452;16243;1387;3.1;0.3
26;2021-02-05;672;335;16915;1722;3.2;0.3
26;2021-02-06;407;241;17322;1963;3.3;0.4
26;2021-02-07;57;2;17379;1965;3.3;0.4
26;2021-02-08;544;418;17923;2383;3.4;0.5
26;2021-02-09;618;478;18541;2861;3.6;0.5
26;2021-02-10;665;340;19206;3201;3.7;0.6
26;2021-02-11;753;330;19959;3531;3.8;0.7
26;2021-02-12;590;453;20549;3984;3.9;0.8
26;2021-02-13;388;338;20937;4322;4.0;0.8
26;2021-02-14;36;0;20973;4322;4.0;0.8
26;2021-02-15;414;532;21387;4854;4.1;0.9
26;2021-02-16;294;559;21681;5413;4.2;1.0
26;2021-02-17;195;741;21876;6154;4.2;1.2
26;2021-02-18;337;900;22213;7054;4.3;1.4
26;2021-02-19;341;808;22554;7862;4.3;1.5
26;2021-02-20;95;491;22649;8353;4.4;1.6
26;2021-02-21;3;24;22652;8377;4.4;1.6
26;2021-02-22;144;719;22796;9096;4.4;1.7
26;2021-02-23;397;998;23193;10094;4.5;1.9
26;2021-02-24;342;1222;23535;11316;4.5;2.2
26;2021-02-25;734;1071;24269;12387;4.7;2.4
26;2021-02-26;925;640;25194;13027;4.8;2.5
26;2021-02-27;279;512;25473;13539;4.9;2.6
26;2021-02-28;3;30;25476;13569;4.9;2.6
26;2021-03-01;457;660;25933;14229;5.0;2.7
26;2021-03-02;741;633;26674;14862;5.1;2.9
26;2021-03-03;730;685;27404;15547;5.3;3.0
26;2021-03-04;1043;582;28447;16129;5.5;3.1
26;2021-03-05;1710;521;30157;16650;5.8;3.2
26;2021-03-06;2772;500;32929;17150;6.3;3.3
26;2021-03-07;2989;210;35918;17360;6.9;3.3
26;2021-03-08;908;653;36826;18013;7.1;3.5
26;2021-03-09;1323;556;38149;18569;7.3;3.6
26;2021-03-10;1219;515;39368;19084;7.6;3.7
26;2021-03-11;1608;652;40976;19736;7.9;3.8
26;2021-03-12;2216;476;43192;20212;8.3;3.9
26;2021-03-13;1885;345;45077;20557;8.7;3.9
26;2021-03-14;69;39;45146;20596;8.7;4.0
26;2021-03-15;1652;248;46798;20844;9.0;4.0
26;2021-03-16;1232;511;48030;21355;9.2;4.1
26;2021-03-17;1369;307;49399;21662;9.5;4.2
26;2021-03-18;1587;283;50986;21945;9.8;4.2
26;2021-03-19;2442;346;53428;22291;10.3;4.3
26;2021-03-20;1290;150;54718;22441;10.5;4.3
26;2021-03-21;61;20;54779;22461;10.5;4.3
26;2021-03-22;1845;193;56624;22654;10.9;4.4
26;2021-03-23;2474;273;59098;22927;11.4;4.4
26;2021-03-24;2551;243;61649;23170;11.8;4.5
26;2021-03-25;3040;336;64689;23506;12.4;4.5
26;2021-03-26;3048;353;67737;23859;13.0;4.6
26;2021-03-27;1245;156;68982;24015;13.3;4.6
26;2021-03-28;94;7;69076;24022;13.3;4.6
26;2021-03-29;1908;404;70984;24426;13.6;4.7
26;2021-03-30;2381;541;73365;24967;14.1;4.8
26;2021-03-31;2229;578;75594;25545;14.5;4.9
26;2021-04-01;2275;779;77869;26324;15.0;5.1
26;2021-04-02;2214;986;80083;27310;15.4;5.2
26;2021-04-03;552;1203;80635;28513;15.5;5.5
26;2021-04-04;215;887;80850;29400;15.5;5.6
26;2021-04-05;555;54;81405;29454;15.6;5.7
26;2021-04-06;1486;834;82891;30288;15.9;5.8
26;2021-04-07;1791;901;84682;31189;16.3;6.0
26;2021-04-08;3004;928;87686;32117;16.8;6.2
26;2021-04-09;3415;1001;91101;33118;17.5;6.4
26;2021-04-10;1355;919;92456;34037;17.8;6.5
26;2021-04-11;89;35;92545;34072;17.8;6.5
26;2021-04-12;1713;1127;94258;35199;18.1;6.8
26;2021-04-13;2795;1450;97053;36649;18.6;7.0
26;2021-04-14;2206;1474;99259;38123;19.1;7.3
26;2021-04-15;2275;1583;101534;39706;19.5;7.6
26;2021-04-16;2270;1588;103804;41294;19.9;7.9
26;2021-04-17;1096;841;104900;42135;20.2;8.1
26;2021-04-18;35;52;104935;42187;20.2;8.1
26;2021-04-19;1547;1572;106482;43759;20.5;8.4
26;2021-04-20;1798;1728;108280;45487;20.8;8.7
26;2021-04-21;2011;1510;110291;46997;21.2;9.0
26;2021-04-22;2289;1605;112580;48602;21.6;9.3
26;2021-04-23;2009;1634;114589;50236;22.0;9.7
26;2021-04-24;1654;844;116243;51080;22.3;9.8
26;2021-04-25;629;94;116872;51174;22.5;9.8
26;2021-04-26;1376;1601;118248;52775;22.7;10.1
26;2021-04-27;1986;1687;120234;54462;23.1;10.5
26;2021-04-28;1867;1544;122101;56006;23.5;10.8
26;2021-04-29;2866;1891;124967;57897;24.0;11.1
26;2021-04-30;2622;1762;127589;59659;24.5;11.5
26;2021-05-01;1538;382;129127;60041;24.8;11.5
26;2021-05-02;1086;118;130213;60159;25.0;11.6
26;2021-05-03;2201;1785;132414;61944;25.4;11.9
26;2021-05-04;2614;2352;135028;64296;25.9;12.4
26;2021-05-05;2772;2194;137800;66490;26.5;12.8
26;2021-05-06;3320;2213;141120;68703;27.1;13.2
26;2021-05-07;2858;2260;143978;70963;27.7;13.6
26;2021-05-08;1956;625;145934;71588;28.0;13.8
26;2021-05-09;713;123;146647;71711;28.2;13.8
26;2021-05-10;3022;1824;149669;73535;28.8;14.1
26;2021-05-11;4441;2189;154110;75724;29.6;14.5
26;2021-05-12;4825;1689;158935;77413;30.5;14.9
26;2021-05-13;4364;611;163299;78024;31.4;15.0
26;2021-05-14;4643;1546;167942;79570;32.3;15.3
26;2021-05-15;4468;630;172410;80200;33.1;15.4
26;2021-05-16;3630;341;176040;80541;33.8;15.5
26;2021-05-17;3657;1487;179697;82028;34.5;15.8
26;2021-05-18;4477;1742;184174;83770;35.4;16.1
26;2021-05-19;4485;1448;188659;85218;36.2;16.4
26;2021-05-20;4685;1751;193344;86969;37.1;16.7
26;2021-05-21;4727;1797;198071;88766;38.0;17.1
26;2021-05-22;3187;687;201258;89453;38.7;17.2
26;2021-05-23;1597;184;202855;89637;39.0;17.2
26;2021-05-24;3789;744;206644;90381;39.7;17.4
26;2021-05-25;3592;2336;210236;92717;40.4;17.8
26;2021-05-26;4181;2265;214417;94982;41.2;18.2
26;2021-05-27;4217;2465;218634;97447;42.0;18.7
26;2021-05-28;3777;2769;222411;100216;42.7;19.3
26;2021-05-29;3088;1644;225499;101860;43.3;19.6
26;2021-05-30;322;71;225821;101931;43.4;19.6
26;2021-05-31;3081;1850;228902;103781;44.0;19.9
26;2021-06-01;3108;2305;232010;106086;44.6;20.4
26;2021-06-02;2870;2213;234880;108299;45.1;20.8
26;2021-06-03;2850;2491;237730;110790;45.7;21.3
26;2021-06-04;2659;2904;240389;113694;46.2;21.8
26;2021-06-05;1802;1694;242191;115388;46.5;22.2
26;2021-06-06;9;0;242200;115388;46.5;22.2
26;2021-06-07;2347;2426;244547;117814;47.0;22.6
26;2021-06-08;2455;2293;247002;120107;47.4;23.1
26;2021-06-09;2094;2383;249096;122490;47.9;23.5
26;2021-06-10;1976;2761;251072;125251;48.2;24.1
26;2021-06-11;1896;3273;252968;128524;48.6;24.7
26;2021-06-12;1218;1791;254186;130315;48.8;25.0
26;2021-06-13;96;214;254282;130529;48.8;25.1
26;2021-06-14;1416;3498;255698;134027;49.1;25.7
26;2021-06-15;1584;3961;257282;137988;49.4;26.5
26;2021-06-16;1786;3465;259068;141453;49.8;27.2
26;2021-06-17;1510;3166;260578;144619;50.1;27.8
26;2021-06-18;1796;4367;262374;148986;50.4;28.6
26;2021-06-19;932;3182;263306;152168;50.6;29.2
26;2021-06-20;264;875;263570;153043;50.6;29.4
26;2021-06-21;1006;4549;264576;157592;50.8;30.3
26;2021-06-22;1062;5121;265638;162713;51.0;31.3
26;2021-06-23;1167;5073;266805;167786;51.3;32.2
26;2021-06-24;1260;4540;268065;172326;51.5;33.1
26;2021-06-25;1017;5542;269082;177868;51.7;34.2
26;2021-06-26;662;3821;269744;181689;51.8;34.9
26;2021-06-27;300;1273;270044;182962;51.9;35.1
26;2021-06-28;777;4755;270821;187717;52.0;36.1
26;2021-06-29;1098;4959;271919;192676;52.2;37.0
26;2021-06-30;1413;4891;273332;197567;52.5;38.0
26;2021-07-01;1641;4393;274973;201960;52.8;38.8
26;2021-07-02;1329;5163;276302;207123;53.1;39.8
26;2021-07-03;773;3327;277075;210450;53.2;40.4
26;2021-07-04;333;634;277408;211084;53.3;40.5
26;2021-07-05;885;4675;278293;215759;53.5;41.4
26;2021-07-06;1268;4203;279561;219962;53.7;42.3
26;2021-07-07;1409;3796;280970;223758;54.0;43.0
26;2021-07-08;2365;3329;283335;227087;54.4;43.6
26;2021-07-09;1557;4791;284892;231878;54.7;44.5
26;2021-07-10;909;2916;285801;234794;54.9;45.1
26;2021-07-11;335;352;286136;235146;55.0;45.2
26;2021-07-12;1111;4217;287247;239363;55.2;46.0
26;2021-07-13;2297;4340;289544;243703;55.6;46.8
26;2021-07-14;1056;814;290600;244517;55.8;47.0
26;2021-07-15;3166;3649;293766;248166;56.4;47.7
26;2021-07-16;2955;3693;296721;251859;57.0;48.4
26;2021-07-17;1873;1811;298594;253670;57.4;48.7
26;2021-07-18;17;24;298611;253694;57.4;48.7
26;2021-07-19;2719;3263;301330;256957;57.9;49.4
26;2021-07-20;3699;3364;305029;260321;58.6;50.0
26;2021-07-21;3577;3095;308606;263416;59.3;50.6
26;2021-07-22;4107;2954;312713;266370;60.1;51.2
26;2021-07-23;3843;3390;316556;269760;60.8;51.8
26;2021-07-24;2338;1348;318894;271108;61.3;52.1
26;2021-07-25;607;94;319501;271202;61.4;52.1
26;2021-07-26;3415;2576;322916;273778;62.0;52.6
26;2021-07-27;4798;2610;327714;276388;63.0;53.1
26;2021-07-28;4510;2375;332224;278763;63.8;53.6
26;2021-07-29;3885;2880;336109;281643;64.6;54.1
26;2021-07-30;3471;2666;339580;284309;65.2;54.6
26;2021-07-31;1141;1006;340721;285315;65.5;54.8
26;2021-08-01;405;106;341126;285421;65.5;54.8
26;2021-08-02;2933;2349;344059;287770;66.1;55.3
26;2021-08-03;3288;2281;347347;290051;66.7;55.7
26;2021-08-04;3970;1997;351317;292048;67.5;56.1
26;2021-08-05;3127;2190;354444;294238;68.1;56.5
26;2021-08-06;3123;2627;357567;296865;68.7;57.0
26;2021-08-07;631;841;358198;297706;68.8;57.2
26;2021-08-08;28;13;358226;297719;68.8;57.2
26;2021-08-09;2177;3051;360403;300770;69.2;57.8
26;2021-08-10;2322;3032;362725;303802;69.7;58.4
26;2021-08-11;2062;2707;364787;306509;70.1;58.9
26;2021-08-12;1759;2572;366546;309081;70.4;59.4
27;2020-12-27;1;0;1;0;0.0;0.0
27;2020-12-28;0;0;1;0;0.0;0.0
27;2020-12-29;1;0;2;0;0.0;0.0
27;2020-12-30;0;0;2;0;0.0;0.0
27;2020-12-31;0;0;2;0;0.0;0.0
27;2021-01-01;0;0;2;0;0.0;0.0
27;2021-01-02;0;0;2;0;0.0;0.0
27;2021-01-03;2;0;4;0;0.0;0.0
27;2021-01-04;0;0;4;0;0.0;0.0
27;2021-01-05;15;0;19;0;0.0;0.0
27;2021-01-06;161;0;180;0;0.0;0.0
27;2021-01-07;371;1;551;1;0.1;0.0
27;2021-01-08;442;0;993;1;0.2;0.0
27;2021-01-09;72;1;1065;2;0.2;0.0
27;2021-01-10;101;0;1166;2;0.2;0.0
27;2021-01-11;383;0;1549;2;0.3;0.0
27;2021-01-12;409;2;1958;4;0.3;0.0
27;2021-01-13;839;1;2797;5;0.5;0.0
27;2021-01-14;1626;26;4423;31;0.7;0.0
27;2021-01-15;1219;5;5642;36;0.9;0.0
27;2021-01-16;333;2;5975;38;1.0;0.0
27;2021-01-17;205;0;6180;38;1.0;0.0
27;2021-01-18;798;2;6978;40;1.2;0.0
27;2021-01-19;773;2;7751;42;1.3;0.0
27;2021-01-20;871;0;8622;42;1.4;0.0
27;2021-01-21;655;1;9277;43;1.5;0.0
27;2021-01-22;778;4;10055;47;1.7;0.0
27;2021-01-23;350;0;10405;47;1.7;0.0
27;2021-01-24;169;6;10574;53;1.8;0.0
27;2021-01-25;635;16;11209;69;1.9;0.0
27;2021-01-26;462;17;11671;86;1.9;0.0
27;2021-01-27;506;105;12177;191;2.0;0.0
27;2021-01-28;517;296;12694;487;2.1;0.1
27;2021-01-29;509;109;13203;596;2.2;0.1
27;2021-01-30;242;31;13445;627;2.2;0.1
27;2021-01-31;27;24;13472;651;2.2;0.1
27;2021-02-01;348;196;13820;847;2.3;0.1
27;2021-02-02;307;281;14127;1128;2.4;0.2
27;2021-02-03;488;402;14615;1530;2.4;0.3
27;2021-02-04;718;890;15333;2420;2.6;0.4
27;2021-02-05;662;1154;15995;3574;2.7;0.6
27;2021-02-06;125;223;16120;3797;2.7;0.6
27;2021-02-07;25;42;16145;3839;2.7;0.6
27;2021-02-08;310;379;16455;4218;2.7;0.7
27;2021-02-09;342;556;16797;4774;2.8;0.8
27;2021-02-10;302;527;17099;5301;2.8;0.9
27;2021-02-11;317;459;17416;5760;2.9;1.0
27;2021-02-12;229;545;17645;6305;2.9;1.0
27;2021-02-13;151;134;17796;6439;3.0;1.1
27;2021-02-14;6;93;17802;6532;3.0;1.1
27;2021-02-15;389;600;18191;7132;3.0;1.2
27;2021-02-16;295;736;18486;7868;3.1;1.3
27;2021-02-17;247;641;18733;8509;3.1;1.4
27;2021-02-18;363;684;19096;9193;3.2;1.5
27;2021-02-19;219;690;19315;9883;3.2;1.6
27;2021-02-20;129;251;19444;10134;3.2;1.7
27;2021-02-21;12;140;19456;10274;3.2;1.7
27;2021-02-22;482;566;19938;10840;3.3;1.8
27;2021-02-23;495;628;20433;11468;3.4;1.9
27;2021-02-24;543;652;20976;12120;3.5;2.0
27;2021-02-25;844;759;21820;12879;3.6;2.1
27;2021-02-26;953;691;22773;13570;3.8;2.3
27;2021-02-27;406;159;23179;13729;3.9;2.3
27;2021-02-28;173;32;23352;13761;3.9;2.3
27;2021-03-01;485;443;23837;14204;4.0;2.4
27;2021-03-02;765;365;24602;14569;4.1;2.4
27;2021-03-03;852;364;25454;14933;4.2;2.5
27;2021-03-04;885;234;26339;15167;4.4;2.5
27;2021-03-05;1304;235;27643;15402;4.6;2.6
27;2021-03-06;1637;107;29280;15509;4.9;2.6
27;2021-03-07;620;13;29900;15522;5.0;2.6
27;2021-03-08;1204;307;31104;15829;5.2;2.6
27;2021-03-09;1822;262;32926;16091;5.5;2.7
27;2021-03-10;2115;345;35041;16436;5.8;2.7
27;2021-03-11;2149;222;37190;16658;6.2;2.8
27;2021-03-12;2818;195;40008;16853;6.7;2.8
27;2021-03-13;1919;118;41927;16971;7.0;2.8
27;2021-03-14;655;15;42582;16986;7.1;2.8
27;2021-03-15;1550;212;44132;17198;7.3;2.9
27;2021-03-16;1484;235;45616;17433;7.6;2.9
27;2021-03-17;1851;341;47467;17774;7.9;3.0
27;2021-03-18;1684;342;49151;18116;8.2;3.0
27;2021-03-19;1832;169;50983;18285;8.5;3.0
27;2021-03-20;903;39;51886;18324;8.6;3.1
27;2021-03-21;258;3;52144;18327;8.7;3.1
27;2021-03-22;1234;544;53378;18871;8.9;3.1
27;2021-03-23;1626;461;55004;19332;9.2;3.2
27;2021-03-24;1523;474;56527;19806;9.4;3.3
27;2021-03-25;2163;505;58690;20311;9.8;3.4
27;2021-03-26;2530;441;61220;20752;10.2;3.5
27;2021-03-27;1568;199;62788;20951;10.5;3.5
27;2021-03-28;1149;49;63937;21000;10.6;3.5
27;2021-03-29;1376;831;65313;21831;10.9;3.6
27;2021-03-30;1392;848;66705;22679;11.1;3.8
27;2021-03-31;1487;876;68192;23555;11.4;3.9
27;2021-04-01;1954;808;70146;24363;11.7;4.1
27;2021-04-02;1999;1181;72145;25544;12.0;4.3
27;2021-04-03;1562;737;73707;26281;12.3;4.4
27;2021-04-04;977;174;74684;26455;12.4;4.4
27;2021-04-05;282;6;74966;26461;12.5;4.4
27;2021-04-06;1414;1805;76380;28266;12.7;4.7
27;2021-04-07;1322;1746;77702;30012;12.9;5.0
27;2021-04-08;1683;1676;79385;31688;13.2;5.3
27;2021-04-09;2947;1553;82332;33241;13.7;5.5
27;2021-04-10;2033;982;84365;34223;14.0;5.7
27;2021-04-11;946;212;85311;34435;14.2;5.7
27;2021-04-12;2436;1508;87747;35943;14.6;6.0
27;2021-04-13;2392;1552;90139;37495;15.0;6.2
27;2021-04-14;2086;1625;92225;39120;15.4;6.5
27;2021-04-15;1876;1661;94101;40781;15.7;6.8
27;2021-04-16;2751;1113;96852;41894;16.1;7.0
27;2021-04-17;2169;494;99021;42388;16.5;7.1
27;2021-04-18;453;16;99474;42404;16.6;7.1
27;2021-04-19;1712;1174;101186;43578;16.8;7.3
27;2021-04-20;2386;1301;103572;44879;17.2;7.5
27;2021-04-21;2209;1081;105781;45960;17.6;7.7
27;2021-04-22;2179;1410;107960;47370;18.0;7.9
27;2021-04-23;2448;1175;110408;48545;18.4;8.1
27;2021-04-24;3258;1139;113666;49684;18.9;8.3
27;2021-04-25;1129;1052;114795;50736;19.1;8.4
27;2021-04-26;1922;1142;116717;51878;19.4;8.6
27;2021-04-27;2525;1089;119242;52967;19.9;8.8
27;2021-04-28;2391;1312;121633;54279;20.2;9.0
27;2021-04-29;2493;1470;124126;55749;20.7;9.3
27;2021-04-30;2371;1609;126497;57358;21.1;9.5
27;2021-05-01;2637;887;129134;58245;21.5;9.7
27;2021-05-02;1953;895;131087;59140;21.8;9.8
27;2021-05-03;3064;879;134151;60019;22.3;10.0
27;2021-05-04;2779;1643;136930;61662;22.8;10.3
27;2021-05-05;2817;1651;139747;63313;23.3;10.5
27;2021-05-06;3184;1292;142931;64605;23.8;10.8
27;2021-05-07;3325;2001;146256;66606;24.3;11.1
27;2021-05-08;2799;1331;149055;67937;24.8;11.3
27;2021-05-09;1697;298;150752;68235;25.1;11.4
27;2021-05-10;2953;2271;153705;70506;25.6;11.7
27;2021-05-11;3355;1753;157060;72259;26.1;12.0
27;2021-05-12;3463;1726;160523;73985;26.7;12.3
27;2021-05-13;1891;253;162414;74238;27.0;12.4
27;2021-05-14;3883;1788;166297;76026;27.7;12.7
27;2021-05-15;6602;955;172899;76981;28.8;12.8
27;2021-05-16;3667;435;176566;77416;29.4;12.9
27;2021-05-17;2774;1158;179340;78574;29.9;13.1
27;2021-05-18;3846;1290;183186;79864;30.5;13.3
27;2021-05-19;3967;1148;187153;81012;31.2;13.5
27;2021-05-20;3873;1165;191026;82177;31.8;13.7
27;2021-05-21;3968;1800;194994;83977;32.5;14.0
27;2021-05-22;4367;801;199361;84778;33.2;14.1
27;2021-05-23;800;173;200161;84951;33.3;14.1
27;2021-05-24;1490;340;201651;85291;33.6;14.2
27;2021-05-25;3513;1607;205164;86898;34.2;14.5
27;2021-05-26;3857;1739;209021;88637;34.8;14.8
27;2021-05-27;3787;1487;212808;90124;35.4;15.0
27;2021-05-28;3398;2630;216206;92754;36.0;15.4
27;2021-05-29;4824;2299;221030;95053;36.8;15.8
27;2021-05-30;1119;248;222149;95301;37.0;15.9
27;2021-05-31;3464;2275;225613;97576;37.6;16.2
27;2021-06-01;3815;2245;229428;99821;38.2;16.6
27;2021-06-02;3340;2184;232768;102005;38.8;17.0
27;2021-06-03;4429;2126;237197;104131;39.5;17.3
27;2021-06-04;3602;2974;240799;107105;40.1;17.8
27;2021-06-05;3213;3349;244012;110454;40.6;18.4
27;2021-06-06;2004;1007;246016;111461;41.0;18.6
27;2021-06-07;2567;2357;248583;113818;41.4;18.9
27;2021-06-08;3124;2377;251707;116195;41.9;19.3
27;2021-06-09;2303;2469;254010;118664;42.3;19.8
27;2021-06-10;2431;2038;256441;120702;42.7;20.1
27;2021-06-11;2890;3771;259331;124473;43.2;20.7
27;2021-06-12;1984;4190;261315;128663;43.5;21.4
27;2021-06-13;1083;2685;262398;131348;43.7;21.9
27;2021-06-14;1995;3115;264393;134463;44.0;22.4
27;2021-06-15;2688;3021;267081;137484;44.5;22.9
27;2021-06-16;2503;3262;269584;140746;44.9;23.4
27;2021-06-17;2296;3285;271880;144031;45.3;24.0
27;2021-06-18;2746;4420;274626;148451;45.7;24.7
27;2021-06-19;1862;3387;276488;151838;46.0;25.3
27;2021-06-20;608;711;277096;152549;46.1;25.4
27;2021-06-21;1703;3492;278799;156041;46.4;26.0
27;2021-06-22;2384;3719;281183;159760;46.8;26.6
27;2021-06-23;2074;3566;283257;163326;47.2;27.2
27;2021-06-24;2256;3413;285513;166739;47.5;27.8
27;2021-06-25;1936;4457;287449;171196;47.9;28.5
27;2021-06-26;883;5354;288332;176550;48.0;29.4
27;2021-06-27;377;1426;288709;177976;48.1;29.6
27;2021-06-28;1129;3403;289838;181379;48.3;30.2
27;2021-06-29;1701;4369;291539;185748;48.5;30.9
27;2021-06-30;2117;4096;293656;189844;48.9;31.6
27;2021-07-01;2224;3904;295880;193748;49.3;32.3
27;2021-07-02;1584;4616;297464;198364;49.5;33.0
27;2021-07-03;1308;4775;298772;203139;49.7;33.8
27;2021-07-04;504;1404;299276;204543;49.8;34.1
27;2021-07-05;1420;3531;300696;208074;50.1;34.6
27;2021-07-06;1369;4182;302065;212256;50.3;35.3
27;2021-07-07;1754;4899;303819;217155;50.6;36.2
27;2021-07-08;2087;4348;305906;221503;50.9;36.9
27;2021-07-09;1985;5285;307891;226788;51.3;37.8
27;2021-07-10;1166;4176;309057;230964;51.5;38.4
27;2021-07-11;424;1141;309481;232105;51.5;38.6
27;2021-07-12;1248;4378;310729;236483;51.7;39.4
27;2021-07-13;2758;5353;313487;241836;52.2;40.3
27;2021-07-14;1516;1749;315003;243585;52.4;40.6
27;2021-07-15;3028;5468;318031;249053;52.9;41.5
27;2021-07-16;3811;5289;321842;254342;53.6;42.3
27;2021-07-17;2724;3878;324566;258220;54.0;43.0
27;2021-07-18;551;1263;325117;259483;54.1;43.2
27;2021-07-19;3682;3788;328799;263271;54.7;43.8
27;2021-07-20;3435;3587;332234;266858;55.3;44.4
27;2021-07-21;4242;3901;336476;270759;56.0;45.1
27;2021-07-22;4741;3698;341217;274457;56.8;45.7
27;2021-07-23;3568;3394;344785;277851;57.4;46.3
27;2021-07-24;3105;2327;347890;280178;57.9;46.6
27;2021-07-25;491;545;348381;280723;58.0;46.7
27;2021-07-26;3052;3178;351433;283901;58.5;47.3
27;2021-07-27;3568;3099;355001;287000;59.1;47.8
27;2021-07-28;3568;3242;358569;290242;59.7;48.3
27;2021-07-29;4571;3499;363140;293741;60.5;48.9
27;2021-07-30;3789;3138;366929;296879;61.1;49.4
27;2021-07-31;3045;2577;369974;299456;61.6;49.9
27;2021-08-01;536;497;370510;299953;61.7;49.9
27;2021-08-02;3312;2575;373822;302528;62.2;50.4
27;2021-08-03;3412;2773;377234;305301;62.8;50.8
27;2021-08-04;3016;2327;380250;307628;63.3;51.2
27;2021-08-05;2660;2353;382910;309981;63.7;51.6
27;2021-08-06;3248;3243;386158;313224;64.3;52.1
27;2021-08-07;1790;2550;387948;315774;64.6;52.6
27;2021-08-08;219;195;388167;315969;64.6;52.6
27;2021-08-09;2204;2804;390371;318773;65.0;53.1
27;2021-08-10;2804;3496;393175;322269;65.5;53.7
27;2021-08-11;2618;3091;395793;325360;65.9;54.2
27;2021-08-12;2336;3896;398129;329256;66.3;54.8
28;2020-12-27;0;0;0;0;0.0;0.0
28;2020-12-28;0;0;0;0;0.0;0.0
28;2020-12-29;0;0;0;0;0.0;0.0
28;2020-12-30;0;0;0;0;0.0;0.0
28;2020-12-31;0;0;0;0;0.0;0.0
28;2021-01-01;1;0;1;0;0.0;0.0
28;2021-01-02;0;0;1;0;0.0;0.0
28;2021-01-03;0;0;1;0;0.0;0.0
28;2021-01-04;0;0;1;0;0.0;0.0
28;2021-01-05;5;0;6;0;0.0;0.0
28;2021-01-06;84;0;90;0;0.0;0.0
28;2021-01-07;102;0;192;0;0.0;0.0
28;2021-01-08;134;2;326;2;0.1;0.0
28;2021-01-09;78;0;404;2;0.1;0.0
28;2021-01-10;1;0;405;2;0.1;0.0
28;2021-01-11;204;0;609;2;0.1;0.0
28;2021-01-12;265;2;874;4;0.2;0.0
28;2021-01-13;397;3;1271;7;0.3;0.0
28;2021-01-14;449;5;1720;12;0.4;0.0
28;2021-01-15;374;3;2094;15;0.5;0.0
28;2021-01-16;206;2;2300;17;0.5;0.0
28;2021-01-17;21;0;2321;17;0.5;0.0
28;2021-01-18;372;2;2693;19;0.6;0.0
28;2021-01-19;503;3;3196;22;0.7;0.0
28;2021-01-20;636;1;3832;23;0.9;0.0
28;2021-01-21;796;3;4628;26;1.1;0.0
28;2021-01-22;478;1;5106;27;1.2;0.0
28;2021-01-23;353;0;5459;27;1.3;0.0
28;2021-01-24;1;0;5460;27;1.3;0.0
28;2021-01-25;456;4;5916;31;1.4;0.0
28;2021-01-26;718;4;6634;35;1.5;0.0
28;2021-01-27;1213;50;7847;85;1.8;0.0
28;2021-01-28;1587;91;9434;176;2.2;0.0
28;2021-01-29;896;98;10330;274;2.4;0.1
28;2021-01-30;248;54;10578;328;2.5;0.1
28;2021-01-31;2;22;10580;350;2.5;0.1
28;2021-02-01;324;124;10904;474;2.5;0.1
28;2021-02-02;368;239;11272;713;2.6;0.2
28;2021-02-03;473;259;11745;972;2.7;0.2
28;2021-02-04;525;278;12270;1250;2.9;0.3
28;2021-02-05;436;226;12706;1476;3.0;0.3
28;2021-02-06;199;128;12905;1604;3.0;0.4
28;2021-02-07;0;0;12905;1604;3.0;0.4
28;2021-02-08;331;250;13236;1854;3.1;0.4
28;2021-02-09;281;347;13517;2201;3.1;0.5
28;2021-02-10;441;402;13958;2603;3.3;0.6
28;2021-02-11;562;491;14520;3094;3.4;0.7
28;2021-02-12;453;434;14973;3528;3.5;0.8
28;2021-02-13;181;192;15154;3720;3.5;0.9
28;2021-02-14;0;2;15154;3722;3.5;0.9
28;2021-02-15;280;475;15434;4197;3.6;1.0
28;2021-02-16;395;710;15829;4907;3.7;1.1
28;2021-02-17;582;1152;16411;6059;3.8;1.4
28;2021-02-18;665;1399;17076;7458;4.0;1.7
28;2021-02-19;546;765;17622;8223;4.1;1.9
28;2021-02-20;114;145;17736;8368;4.1;1.9
28;2021-02-21;7;33;17743;8401;4.1;2.0
28;2021-02-22;223;521;17966;8922;4.2;2.1
28;2021-02-23;203;379;18169;9301;4.2;2.2
28;2021-02-24;244;480;18413;9781;4.3;2.3
28;2021-02-25;574;453;18987;10234;4.4;2.4
28;2021-02-26;764;377;19751;10611;4.6;2.5
28;2021-02-27;265;86;20016;10697;4.7;2.5
28;2021-02-28;23;17;20039;10714;4.7;2.5
28;2021-03-01;291;215;20330;10929;4.7;2.5
28;2021-03-02;397;276;20727;11205;4.8;2.6
28;2021-03-03;369;401;21096;11606;4.9;2.7
28;2021-03-04;719;487;21815;12093;5.1;2.8
28;2021-03-05;1319;419;23134;12512;5.4;2.9
28;2021-03-06;1998;83;25132;12595;5.9;2.9
28;2021-03-07;974;28;26106;12623;6.1;2.9
28;2021-03-08;398;309;26504;12932;6.2;3.0
28;2021-03-09;980;359;27484;13291;6.4;3.1
28;2021-03-10;1358;539;28842;13830;6.7;3.2
28;2021-03-11;1533;699;30375;14529;7.1;3.4
28;2021-03-12;2256;639;32631;15168;7.6;3.5
28;2021-03-13;1235;132;33866;15300;7.9;3.6
28;2021-03-14;518;18;34384;15318;8.0;3.6
28;2021-03-15;756;231;35140;15549;8.2;3.6
28;2021-03-16;716;223;35856;15772;8.3;3.7
28;2021-03-17;747;288;36603;16060;8.5;3.7
28;2021-03-18;1200;278;37803;16338;8.8;3.8
28;2021-03-19;1557;332;39360;16670;9.2;3.9
28;2021-03-20;639;19;39999;16689;9.3;3.9
28;2021-03-21;28;7;40027;16696;9.3;3.9
28;2021-03-22;767;323;40794;17019;9.5;4.0
28;2021-03-23;1025;194;41819;17213;9.7;4.0
28;2021-03-24;1312;276;43131;17489;10.0;4.1
28;2021-03-25;1797;288;44928;17777;10.5;4.1
28;2021-03-26;2083;344;47011;18121;10.9;4.2
28;2021-03-27;402;38;47413;18159;11.0;4.2
28;2021-03-28;12;0;47425;18159;11.0;4.2
28;2021-03-29;1140;350;48565;18509;11.3;4.3
28;2021-03-30;1712;246;50277;18755;11.7;4.4
28;2021-03-31;2017;480;52294;19235;12.2;4.5
28;2021-04-01;1795;586;54089;19821;12.6;4.6
28;2021-04-02;1584;1320;55673;21141;13.0;4.9
28;2021-04-03;607;1072;56280;22213;13.1;5.2
28;2021-04-04;33;302;56313;22515;13.1;5.2
28;2021-04-05;40;3;56353;22518;13.1;5.2
28;2021-04-06;1225;461;57578;22979;13.4;5.4
28;2021-04-07;1890;1001;59468;23980;13.8;5.6
28;2021-04-08;2078;1069;61546;25049;14.3;5.8
28;2021-04-09;3236;915;64782;25964;15.1;6.0
28;2021-04-10;1582;194;66364;26158;15.5;6.1
28;2021-04-11;141;451;66505;26609;15.5;6.2
28;2021-04-12;1674;556;68179;27165;15.9;6.3
28;2021-04-13;1874;668;70053;27833;16.3;6.5
28;2021-04-14;2772;898;72825;28731;17.0;6.7
28;2021-04-15;2554;1136;75379;29867;17.6;7.0
28;2021-04-16;2552;801;77931;30668;18.1;7.1
28;2021-04-17;2309;131;80240;30799;18.7;7.2
28;2021-04-18;45;8;80285;30807;18.7;7.2
28;2021-04-19;1578;646;81863;31453;19.1;7.3
28;2021-04-20;1841;594;83704;32047;19.5;7.5
28;2021-04-21;2678;961;86382;33008;20.1;7.7
28;2021-04-22;1782;1212;88164;34220;20.5;8.0
28;2021-04-23;2324;1101;90488;35321;21.1;8.2
28;2021-04-24;3656;131;94144;35452;21.9;8.3
28;2021-04-25;1012;32;95156;35484;22.2;8.3
28;2021-04-26;1331;924;96487;36408;22.5;8.5
28;2021-04-27;1435;1277;97922;37685;22.8;8.8
28;2021-04-28;2370;1823;100292;39508;23.4;9.2
28;2021-04-29;2129;1494;102421;41002;23.9;9.5
28;2021-04-30;2973;1221;105394;42223;24.5;9.8
28;2021-05-01;127;120;105521;42343;24.6;9.9
28;2021-05-02;2;65;105523;42408;24.6;9.9
28;2021-05-03;1046;1018;106569;43426;24.8;10.1
28;2021-05-04;1360;1669;107929;45095;25.1;10.5
28;2021-05-05;2830;1648;110759;46743;25.8;10.9
28;2021-05-06;2456;1475;113215;48218;26.4;11.2
28;2021-05-07;2310;1933;115525;50151;26.9;11.7
28;2021-05-08;1077;116;116602;50267;27.2;11.7
28;2021-05-09;105;610;116707;50877;27.2;11.8
28;2021-05-10;1307;1892;118014;52769;27.5;12.3
28;2021-05-11;2028;2343;120042;55112;28.0;12.8
28;2021-05-12;2620;3230;122662;58342;28.6;13.6
28;2021-05-13;290;452;122952;58794;28.6;13.7
28;2021-05-14;1898;1619;124850;60413;29.1;14.1
28;2021-05-15;1436;1675;126286;62088;29.4;14.5
28;2021-05-16;1987;130;128273;62218;29.9;14.5
28;2021-05-17;2875;1495;131148;63713;30.5;14.8
28;2021-05-18;3380;1377;134528;65090;31.3;15.2
28;2021-05-19;5079;1282;139607;66372;32.5;15.5
28;2021-05-20;4151;1229;143758;67601;33.5;15.7
28;2021-05-21;3466;1584;147224;69185;34.3;16.1
28;2021-05-22;728;1162;147952;70347;34.5;16.4
28;2021-05-23;1957;137;149909;70484;34.9;16.4
28;2021-05-24;1428;394;151337;70878;35.2;16.5
28;2021-05-25;1877;1407;153214;72285;35.7;16.8
28;2021-05-26;2765;1344;155979;73629;36.3;17.1
28;2021-05-27;2755;1231;158734;74860;37.0;17.4
28;2021-05-28;3081;1734;161815;76594;37.7;17.8
28;2021-05-29;1869;874;163684;77468;38.1;18.0
28;2021-05-30;16;47;163700;77515;38.1;18.1
28;2021-05-31;2014;936;165714;78451;38.6;18.3
28;2021-06-01;2134;1663;167848;80114;39.1;18.7
28;2021-06-02;2075;2457;169923;82571;39.6;19.2
28;2021-06-03;2497;1563;172420;84134;40.2;19.6
28;2021-06-04;2609;2357;175029;86491;40.8;20.1
28;2021-06-05;1909;2528;176938;89019;41.2;20.7
28;2021-06-06;1059;1044;177997;90063;41.5;21.0
28;2021-06-07;3574;1573;181571;91636;42.3;21.3
28;2021-06-08;3195;1516;184766;93152;43.0;21.7
28;2021-06-09;3676;2129;188442;95281;43.9;22.2
28;2021-06-10;3141;1263;191583;96544;44.6;22.5
28;2021-06-11;3794;2132;195377;98676;45.5;23.0
28;2021-06-12;1304;561;196681;99237;45.8;23.1
28;2021-06-13;385;108;197066;99345;45.9;23.1
28;2021-06-14;2208;1997;199274;101342;46.4;23.6
28;2021-06-15;2092;2222;201366;103564;46.9;24.1
28;2021-06-16;2509;3981;203875;107545;47.5;25.0
28;2021-06-17;1925;3134;205800;110679;47.9;25.8
28;2021-06-18;2470;3784;208270;114463;48.5;26.7
28;2021-06-19;776;1612;209046;116075;48.7;27.0
28;2021-06-20;23;24;209069;116099;48.7;27.0
28;2021-06-21;1683;1989;210752;118088;49.1;27.5
28;2021-06-22;1369;2107;212121;120195;49.4;28.0
28;2021-06-23;1781;3165;213902;123360;49.8;28.7
28;2021-06-24;733;930;214635;124290;50.0;28.9
28;2021-06-25;1891;3028;216526;127318;50.4;29.6
28;2021-06-26;310;2116;216836;129434;50.5;30.1
28;2021-06-27;588;1284;217424;130718;50.6;30.4
28;2021-06-28;1227;3653;218651;134371;50.9;31.3
28;2021-06-29;1342;3798;219993;138169;51.2;32.2
28;2021-06-30;1492;4255;221485;142424;51.6;33.2
28;2021-07-01;1277;3462;222762;145886;51.9;34.0
28;2021-07-02;1312;4654;224074;150540;52.2;35.1
28;2021-07-03;1132;2369;225206;152909;52.4;35.6
28;2021-07-04;146;1325;225352;154234;52.5;35.9
28;2021-07-05;1362;2510;226714;156744;52.8;36.5
28;2021-07-06;1508;2869;228222;159613;53.1;37.2
28;2021-07-07;1637;4141;229859;163754;53.5;38.1
28;2021-07-08;1467;3236;231326;166990;53.9;38.9
28;2021-07-09;1392;4523;232718;171513;54.2;39.9
28;2021-07-10;526;2209;233244;173722;54.3;40.5
28;2021-07-11;1;1;233245;173723;54.3;40.5
28;2021-07-12;1528;3930;234773;177653;54.7;41.4
28;2021-07-13;2262;4138;237035;181791;55.2;42.3
28;2021-07-14;1329;1395;238364;183186;55.5;42.7
28;2021-07-15;2981;3976;241345;187162;56.2;43.6
28;2021-07-16;2439;4759;243784;191921;56.8;44.7
28;2021-07-17;1265;2429;245049;194350;57.1;45.3
28;2021-07-18;371;944;245420;195294;57.2;45.5
28;2021-07-19;1801;4340;247221;199634;57.6;46.5
28;2021-07-20;2466;4085;249687;203719;58.1;47.4
28;2021-07-21;2956;4282;252643;208001;58.8;48.4
28;2021-07-22;3653;3428;256296;211429;59.7;49.2
28;2021-07-23;2942;3997;259238;215426;60.4;50.2
28;2021-07-24;1693;1471;260931;216897;60.8;50.5
28;2021-07-25;68;60;260999;216957;60.8;50.5
28;2021-07-26;2921;3378;263920;220335;61.5;51.3
28;2021-07-27;3869;2617;267789;222952;62.4;51.9
28;2021-07-28;3936;2729;271725;225681;63.3;52.6
28;2021-07-29;4452;2081;276177;227762;64.3;53.0
28;2021-07-30;3783;2837;279960;230599;65.2;53.7
28;2021-07-31;761;824;280721;231423;65.4;53.9
28;2021-08-01;377;63;281098;231486;65.5;53.9
28;2021-08-02;1785;1515;282883;233001;65.9;54.3
28;2021-08-03;2678;2159;285561;235160;66.5;54.8
28;2021-08-04;1926;2293;287487;237453;66.9;55.3
28;2021-08-05;1641;1720;289128;239173;67.3;55.7
28;2021-08-06;1610;1957;290738;241130;67.7;56.2
28;2021-08-07;796;998;291534;242128;67.9;56.4
28;2021-08-08;21;33;291555;242161;67.9;56.4
28;2021-08-09;1380;1081;292935;243242;68.2;56.6
28;2021-08-10;1701;2023;294636;245265;68.6;57.1
28;2021-08-11;1264;1566;295900;246831;68.9;57.5
28;2021-08-12;1153;1877;297053;248708;69.2;57.9
29;2020-12-27;0;0;0;0;0.0;0.0
29;2020-12-28;0;0;0;0;0.0;0.0
29;2020-12-29;0;0;0;0;0.0;0.0
29;2020-12-30;0;0;0;0;0.0;0.0
29;2020-12-31;0;0;0;0;0.0;0.0
29;2021-01-01;1;0;1;0;0.0;0.0
29;2021-01-02;0;0;1;0;0.0;0.0
29;2021-01-03;1;0;2;0;0.0;0.0
29;2021-01-04;30;0;32;0;0.0;0.0
29;2021-01-05;31;0;63;0;0.0;0.0
29;2021-01-06;43;0;106;0;0.0;0.0
29;2021-01-07;136;0;242;0;0.0;0.0
29;2021-01-08;408;0;650;0;0.1;0.0
29;2021-01-09;2;0;652;0;0.1;0.0
29;2021-01-10;2;0;654;0;0.1;0.0
29;2021-01-11;666;0;1320;0;0.1;0.0
29;2021-01-12;1120;0;2440;0;0.3;0.0
29;2021-01-13;1097;2;3537;2;0.4;0.0
29;2021-01-14;894;4;4431;6;0.5;0.0
29;2021-01-15;1218;7;5649;13;0.6;0.0
29;2021-01-16;168;1;5817;14;0.6;0.0
29;2021-01-17;112;1;5929;15;0.7;0.0
29;2021-01-18;839;3;6768;18;0.7;0.0
29;2021-01-19;1285;0;8053;18;0.9;0.0
29;2021-01-20;2393;2;10446;20;1.2;0.0
29;2021-01-21;5611;6;16057;26;1.8;0.0
29;2021-01-22;3754;5;19811;31;2.2;0.0
29;2021-01-23;537;0;20348;31;2.2;0.0
29;2021-01-24;200;1;20548;32;2.3;0.0
29;2021-01-25;575;7;21123;39;2.3;0.0
29;2021-01-26;951;34;22074;73;2.4;0.0
29;2021-01-27;1285;54;23359;127;2.6;0.0
29;2021-01-28;801;137;24160;264;2.7;0.0
29;2021-01-29;778;205;24938;469;2.8;0.1
29;2021-01-30;281;4;25219;473;2.8;0.1
29;2021-01-31;80;5;25299;478;2.8;0.1
29;2021-02-01;429;450;25728;928;2.8;0.1
29;2021-02-02;876;824;26604;1752;2.9;0.2
29;2021-02-03;811;894;27415;2646;3.0;0.3
29;2021-02-04;865;642;28280;3288;3.1;0.4
29;2021-02-05;675;585;28955;3873;3.2;0.4
29;2021-02-06;244;102;29199;3975;3.2;0.4
29;2021-02-07;78;105;29277;4080;3.2;0.5
29;2021-02-08;383;447;29660;4527;3.3;0.5
29;2021-02-09;863;853;30523;5380;3.4;0.6
29;2021-02-10;1147;1019;31670;6399;3.5;0.7
29;2021-02-11;1794;4163;33464;10562;3.7;1.2
29;2021-02-12;2319;2505;35783;13067;3.9;1.4
29;2021-02-13;638;414;36421;13481;4.0;1.5
29;2021-02-14;12;229;36433;13710;4.0;1.5
29;2021-02-15;266;948;36699;14658;4.0;1.6
29;2021-02-16;886;1060;37585;15718;4.1;1.7
29;2021-02-17;801;857;38386;16575;4.2;1.8
29;2021-02-18;1529;850;39915;17425;4.4;1.9
29;2021-02-19;1411;1003;41326;18428;4.6;2.0
29;2021-02-20;204;368;41530;18796;4.6;2.1
29;2021-02-21;162;169;41692;18965;4.6;2.1
29;2021-02-22;773;564;42465;19529;4.7;2.2
29;2021-02-23;1271;910;43736;20439;4.8;2.3
29;2021-02-24;1470;831;45206;21270;5.0;2.3
29;2021-02-25;2509;904;47715;22174;5.3;2.4
29;2021-02-26;2675;716;50390;22890;5.6;2.5
29;2021-02-27;1284;282;51674;23172;5.7;2.6
29;2021-02-28;199;72;51873;23244;5.7;2.6
29;2021-03-01;945;484;52818;23728;5.8;2.6
29;2021-03-02;1814;800;54632;24528;6.0;2.7
29;2021-03-03;2093;1018;56725;25546;6.3;2.8
29;2021-03-04;2843;1557;59568;27103;6.6;3.0
29;2021-03-05;3539;1681;63107;28784;7.0;3.2
29;2021-03-06;2000;440;65107;29224;7.2;3.2
29;2021-03-07;412;83;65519;29307;7.2;3.2
29;2021-03-08;1274;593;66793;29900;7.4;3.3
29;2021-03-09;2605;978;69398;30878;7.7;3.4
29;2021-03-10;2426;872;71824;31750;7.9;3.5
29;2021-03-11;4517;1003;76341;32753;8.4;3.6
29;2021-03-12;5270;968;81611;33721;9.0;3.7
29;2021-03-13;2822;408;84433;34129;9.3;3.8
29;2021-03-14;365;3;84798;34132;9.4;3.8
29;2021-03-15;2049;270;86847;34402;9.6;3.8
29;2021-03-16;1821;741;88668;35143;9.8;3.9
29;2021-03-17;1860;712;90528;35855;10.0;4.0
29;2021-03-18;1864;1038;92392;36893;10.2;4.1
29;2021-03-19;3267;881;95659;37774;10.6;4.2
29;2021-03-20;1914;222;97573;37996;10.8;4.2
29;2021-03-21;132;11;97705;38007;10.8;4.2
29;2021-03-22;1647;555;99352;38562;11.0;4.3
29;2021-03-23;3441;1034;102793;39596;11.3;4.4
29;2021-03-24;3780;1024;106573;40620;11.8;4.5
29;2021-03-25;4815;1071;111388;41691;12.3;4.6
29;2021-03-26;5421;1164;116809;42855;12.9;4.7
29;2021-03-27;2429;331;119238;43186;13.2;4.8
29;2021-03-28;198;50;119436;43236;13.2;4.8
29;2021-03-29;2040;824;121476;44060;13.4;4.9
29;2021-03-30;3973;1325;125449;45385;13.8;5.0
29;2021-03-31;3935;1152;129384;46537;14.3;5.1
29;2021-04-01;5021;1145;134405;47682;14.8;5.3
29;2021-04-02;4767;1170;139172;48852;15.4;5.4
29;2021-04-03;2501;538;141673;49390;15.6;5.4
29;2021-04-04;146;31;141819;49421;15.6;5.5
29;2021-04-05;972;332;142791;49753;15.8;5.5
29;2021-04-06;3197;1237;145988;50990;16.1;5.6
29;2021-04-07;3652;940;149640;51930;16.5;5.7
29;2021-04-08;5288;2054;154928;53984;17.1;6.0
29;2021-04-09;6749;1562;161677;55546;17.8;6.1
29;2021-04-10;3498;704;165175;56250;18.2;6.2
29;2021-04-11;120;80;165295;56330;18.2;6.2
29;2021-04-12;3853;1483;169148;57813;18.7;6.4
29;2021-04-13;5861;1754;175009;59567;19.3;6.6
29;2021-04-14;4760;1742;179769;61309;19.8;6.8
29;2021-04-15;7170;1729;186939;63038;20.6;7.0
29;2021-04-16;6703;1354;193642;64392;21.4;7.1
29;2021-04-17;3828;969;197470;65361;21.8;7.2
29;2021-04-18;489;40;197959;65401;21.8;7.2
29;2021-04-19;3877;1463;201836;66864;22.3;7.4
29;2021-04-20;4397;2134;206233;68998;22.7;7.6
29;2021-04-21;4374;2196;210607;71194;23.2;7.9
29;2021-04-22;6644;2857;217251;74051;24.0;8.2
29;2021-04-23;6043;2193;223294;76244;24.6;8.4
29;2021-04-24;4005;1318;227299;77562;25.1;8.6
29;2021-04-25;433;169;227732;77731;25.1;8.6
29;2021-04-26;5261;1880;232993;79611;25.7;8.8
29;2021-04-27;5333;3196;238326;82807;26.3;9.1
29;2021-04-28;5355;2897;243681;85704;26.9;9.5
29;2021-04-29;6586;3346;250267;89050;27.6;9.8
29;2021-04-30;6263;3910;256530;92960;28.3;10.3
29;2021-05-01;1982;978;258512;93938;28.5;10.4
29;2021-05-02;1249;195;259761;94133;28.7;10.4
29;2021-05-03;4540;2290;264301;96423;29.2;10.6
29;2021-05-04;4111;3739;268412;100162;29.6;11.0
29;2021-05-05;4515;3410;272927;103572;30.1;11.4
29;2021-05-06;6239;3720;279166;107292;30.8;11.8
29;2021-05-07;5982;4617;285148;111909;31.5;12.3
29;2021-05-08;2092;566;287240;112475;31.7;12.4
29;2021-05-09;1725;137;288965;112612;31.9;12.4
29;2021-05-10;4762;3767;293727;116379;32.4;12.8
29;2021-05-11;4713;5000;298440;121379;32.9;13.4
29;2021-05-12;5027;4383;303467;125762;33.5;13.9
29;2021-05-13;3440;1502;306907;127264;33.9;14.0
29;2021-05-14;5649;4004;312556;131268;34.5;14.5
29;2021-05-15;4047;2317;316603;133585;34.9;14.7
29;2021-05-16;1587;293;318190;133878;35.1;14.8
29;2021-05-17;5563;3133;323753;137011;35.7;15.1
29;2021-05-18;5733;3098;329486;140109;36.3;15.5
29;2021-05-19;6205;2970;335691;143079;37.0;15.8
29;2021-05-20;7174;4565;342865;147644;37.8;16.3
29;2021-05-21;7215;3813;350080;151457;38.6;16.7
29;2021-05-22;5338;2130;355418;153587;39.2;16.9
29;2021-05-23;1631;65;357049;153652;39.4;16.9
29;2021-05-24;3486;534;360535;154186;39.8;17.0
29;2021-05-25;5834;3041;366369;157227;40.4;17.3
29;2021-05-26;5893;2994;372262;160221;41.1;17.7
29;2021-05-27;6824;3988;379086;164209;41.8;18.1
29;2021-05-28;6542;4450;385628;168659;42.5;18.6
29;2021-05-29;4383;2804;390011;171463;43.0;18.9
29;2021-05-30;1115;361;391126;171824;43.1;19.0
29;2021-05-31;6387;3457;397513;175281;43.8;19.3
29;2021-06-01;6604;4352;404117;179633;44.6;19.8
29;2021-06-02;6165;4131;410282;183764;45.3;20.3
29;2021-06-03;7696;4524;417978;188288;46.1;20.8
29;2021-06-04;6815;6169;424793;194457;46.9;21.5
29;2021-06-05;5351;3035;430144;197492;47.4;21.8
29;2021-06-06;1285;538;431429;198030;47.6;21.8
29;2021-06-07;4660;5562;436089;203592;48.1;22.5
29;2021-06-08;7174;5213;443263;208805;48.9;23.0
29;2021-06-09;6410;4754;449673;213559;49.6;23.6
29;2021-06-10;7779;5067;457452;218626;50.5;24.1
29;2021-06-11;8479;5875;465931;224501;51.4;24.8
29;2021-06-12;6569;2812;472500;227313;52.1;25.1
29;2021-06-13;2352;1372;474852;228685;52.4;25.2
29;2021-06-14;4033;6322;478885;235007;52.8;25.9
29;2021-06-15;5475;6188;484360;241195;53.4;26.6
29;2021-06-16;5565;5630;489925;246825;54.0;27.2
29;2021-06-17;6360;6309;496285;253134;54.7;27.9
29;2021-06-18;6113;7486;502398;260620;55.4;28.7
29;2021-06-19;4623;3527;507021;264147;55.9;29.1
29;2021-06-20;891;1454;507912;265601;56.0;29.3
29;2021-06-21;3759;6496;511671;272097;56.4;30.0
29;2021-06-22;4488;6426;516159;278523;56.9;30.7
29;2021-06-23;4671;6129;520830;284652;57.5;31.4
29;2021-06-24;4807;6747;525637;291399;58.0;32.1
29;2021-06-25;3602;7530;529239;298929;58.4;33.0
29;2021-06-26;2128;4094;531367;303023;58.6;33.4
29;2021-06-27;967;1632;532334;304655;58.7;33.6
29;2021-06-28;2838;6863;535172;311518;59.0;34.4
29;2021-06-29;2807;7729;537979;319247;59.3;35.2
29;2021-06-30;3040;7508;541019;326755;59.7;36.0
29;2021-07-01;3775;8421;544794;335176;60.1;37.0
29;2021-07-02;3597;9672;548391;344848;60.5;38.0
29;2021-07-03;2322;6057;550713;350905;60.7;38.7
29;2021-07-04;814;1770;551527;352675;60.8;38.9
29;2021-07-05;1909;7161;553436;359836;61.0;39.7
29;2021-07-06;1532;8014;554968;367850;61.2;40.6
29;2021-07-07;1700;7041;556668;374891;61.4;41.4
29;2021-07-08;2442;8212;559110;383103;61.7;42.3
29;2021-07-09;2612;9075;561722;392178;62.0;43.3
29;2021-07-10;1916;6107;563638;398285;62.2;43.9
29;2021-07-11;446;1065;564084;399350;62.2;44.1
29;2021-07-12;1971;8380;566055;407730;62.4;45.0
29;2021-07-13;2741;8658;568796;416388;62.7;45.9
29;2021-07-14;2074;3363;570870;419751;63.0;46.3
29;2021-07-15;3836;9731;574706;429482;63.4;47.4
29;2021-07-16;4581;9198;579287;438680;63.9;48.4
29;2021-07-17;3218;6115;582505;444795;64.3;49.1
29;2021-07-18;661;1078;583166;445873;64.3;49.2
29;2021-07-19;3140;7557;586306;453430;64.7;50.0
29;2021-07-20;3530;9444;589836;462874;65.1;51.1
29;2021-07-21;3622;7730;593458;470604;65.5;51.9
29;2021-07-22;3381;8542;596839;479146;65.8;52.9
29;2021-07-23;4019;10717;600858;489863;66.3;54.0
29;2021-07-24;2524;5957;603382;495820;66.6;54.7
29;2021-07-25;650;2363;604032;498183;66.6;55.0
29;2021-07-26;3356;7287;607388;505470;67.0;55.8
29;2021-07-27;3683;7111;611071;512581;67.4;56.5
29;2021-07-28;4167;6034;615238;518615;67.9;57.2
29;2021-07-29;5634;6357;620872;524972;68.5;57.9
29;2021-07-30;5402;6526;626274;531498;69.1;58.6
29;2021-07-31;2917;4932;629191;536430;69.4;59.2
29;2021-08-01;650;922;629841;537352;69.5;59.3
29;2021-08-02;4268;5218;634109;542570;69.9;59.8
29;2021-08-03;5469;4403;639578;546973;70.6;60.3
29;2021-08-04;5700;3601;645278;550574;71.2;60.7
29;2021-08-05;6613;4102;651891;554676;71.9;61.2
29;2021-08-06;6148;4331;658039;559007;72.6;61.7
29;2021-08-07;4275;2946;662314;561953;73.1;62.0
29;2021-08-08;839;753;663153;562706;73.2;62.1
29;2021-08-09;3055;4742;666208;567448;73.5;62.6
29;2021-08-10;4467;3859;670675;571307;74.0;63.0
29;2021-08-11;3949;3177;674624;574484;74.4;63.4
29;2021-08-12;4598;4485;679222;578969;74.9;63.9
2A;2020-12-27;0;0;0;0;0.0;0.0
2A;2020-12-28;0;0;0;0;0.0;0.0
2A;2020-12-29;0;0;0;0;0.0;0.0
2A;2020-12-30;0;0;0;0;0.0;0.0
2A;2020-12-31;0;0;0;0;0.0;0.0
2A;2021-01-01;0;0;0;0;0.0;0.0
2A;2021-01-02;1;0;1;0;0.0;0.0
2A;2021-01-03;0;0;1;0;0.0;0.0
2A;2021-01-04;0;0;1;0;0.0;0.0
2A;2021-01-05;0;0;1;0;0.0;0.0
2A;2021-01-06;6;0;7;0;0.0;0.0
2A;2021-01-07;122;1;129;1;0.1;0.0
2A;2021-01-08;113;0;242;1;0.1;0.0
2A;2021-01-09;39;0;281;1;0.2;0.0
2A;2021-01-10;33;0;314;1;0.2;0.0
2A;2021-01-11;76;0;390;1;0.2;0.0
2A;2021-01-12;85;0;475;1;0.3;0.0
2A;2021-01-13;111;0;586;1;0.4;0.0
2A;2021-01-14;192;1;778;2;0.5;0.0
2A;2021-01-15;149;0;927;2;0.6;0.0
2A;2021-01-16;157;1;1084;3;0.7;0.0
2A;2021-01-17;85;1;1169;4;0.7;0.0
2A;2021-01-18;200;2;1369;6;0.8;0.0
2A;2021-01-19;487;0;1856;6;1.1;0.0
2A;2021-01-20;353;0;2209;6;1.4;0.0
2A;2021-01-21;451;1;2660;7;1.6;0.0
2A;2021-01-22;367;0;3027;7;1.9;0.0
2A;2021-01-23;183;0;3210;7;2.0;0.0
2A;2021-01-24;118;1;3328;8;2.0;0.0
2A;2021-01-25;213;0;3541;8;2.2;0.0
2A;2021-01-26;402;7;3943;15;2.4;0.0
2A;2021-01-27;324;5;4267;20;2.6;0.0
2A;2021-01-28;335;80;4602;100;2.8;0.1
2A;2021-01-29;341;63;4943;163;3.0;0.1
2A;2021-01-30;126;40;5069;203;3.1;0.1
2A;2021-01-31;92;12;5161;215;3.2;0.1
2A;2021-02-01;230;53;5391;268;3.3;0.2
2A;2021-02-02;288;117;5679;385;3.5;0.2
2A;2021-02-03;265;75;5944;460;3.7;0.3
2A;2021-02-04;256;121;6200;581;3.8;0.4
2A;2021-02-05;267;107;6467;688;4.0;0.4
2A;2021-02-06;121;59;6588;747;4.1;0.5
2A;2021-02-07;68;57;6656;804;4.1;0.5
2A;2021-02-08;91;209;6747;1013;4.2;0.6
2A;2021-02-09;128;302;6875;1315;4.2;0.8
2A;2021-02-10;160;236;7035;1551;4.3;1.0
2A;2021-02-11;296;368;7331;1919;4.5;1.2
2A;2021-02-12;345;304;7676;2223;4.7;1.4
2A;2021-02-13;225;59;7901;2282;4.9;1.4
2A;2021-02-14;133;77;8034;2359;4.9;1.5
2A;2021-02-15;190;182;8224;2541;5.1;1.6
2A;2021-02-16;385;320;8609;2861;5.3;1.8
2A;2021-02-17;286;166;8895;3027;5.5;1.9
2A;2021-02-18;340;198;9235;3225;5.7;2.0
2A;2021-02-19;145;300;9380;3525;5.8;2.2
2A;2021-02-20;243;138;9623;3663;5.9;2.3
2A;2021-02-21;58;55;9681;3718;6.0;2.3
2A;2021-02-22;77;215;9758;3933;6.0;2.4
2A;2021-02-23;122;290;9880;4223;6.1;2.6
2A;2021-02-24;82;297;9962;4520;6.1;2.8
2A;2021-02-25;105;265;10067;4785;6.2;2.9
2A;2021-02-26;123;273;10190;5058;6.3;3.1
2A;2021-02-27;308;69;10498;5127;6.5;3.2
2A;2021-02-28;69;66;10567;5193;6.5;3.2
2A;2021-03-01;116;152;10683;5345;6.6;3.3
2A;2021-03-02;197;265;10880;5610;6.7;3.5
2A;2021-03-03;242;256;11122;5866;6.8;3.6
2A;2021-03-04;508;228;11630;6094;7.2;3.8
2A;2021-03-05;972;288;12602;6382;7.8;3.9
2A;2021-03-06;1166;75;13768;6457;8.5;4.0
2A;2021-03-07;1019;45;14787;6502;9.1;4.0
2A;2021-03-08;931;88;15718;6590;9.7;4.1
2A;2021-03-09;936;151;16654;6741;10.3;4.2
2A;2021-03-10;629;136;17283;6877;10.6;4.2
2A;2021-03-11;723;281;18006;7158;11.1;4.4
2A;2021-03-12;561;319;18567;7477;11.4;4.6
2A;2021-03-13;613;198;19180;7675;11.8;4.7
2A;2021-03-14;311;126;19491;7801;12.0;4.8
2A;2021-03-15;376;203;19867;8004;12.2;4.9
2A;2021-03-16;498;369;20365;8373;12.5;5.2
2A;2021-03-17;699;274;21064;8647;13.0;5.3
2A;2021-03-18;447;305;21511;8952;13.2;5.5
2A;2021-03-19;487;158;21998;9110;13.5;5.6
2A;2021-03-20;1079;261;23077;9371;14.2;5.8
2A;2021-03-21;696;53;23773;9424;14.6;5.8
2A;2021-03-22;346;67;24119;9491;14.8;5.8
2A;2021-03-23;517;58;24636;9549;15.2;5.9
2A;2021-03-24;862;92;25498;9641;15.7;5.9
2A;2021-03-25;930;139;26428;9780;16.3;6.0
2A;2021-03-26;1076;164;27504;9944;16.9;6.1
2A;2021-03-27;1189;199;28693;10143;17.7;6.2
2A;2021-03-28;241;98;28934;10241;17.8;6.3
2A;2021-03-29;283;138;29217;10379;18.0;6.4
2A;2021-03-30;382;237;29599;10616;18.2;6.5
2A;2021-03-31;446;227;30045;10843;18.5;6.7
2A;2021-04-01;637;453;30682;11296;18.9;7.0
2A;2021-04-02;903;784;31585;12080;19.4;7.4
2A;2021-04-03;646;982;32231;13062;19.8;8.0
2A;2021-04-04;579;784;32810;13846;20.2;8.5
2A;2021-04-05;525;698;33335;14544;20.5;9.0
2A;2021-04-06;550;557;33885;15101;20.9;9.3
2A;2021-04-07;787;425;34672;15526;21.3;9.6
2A;2021-04-08;1049;355;35721;15881;22.0;9.8
2A;2021-04-09;935;394;36656;16275;22.6;10.0
2A;2021-04-10;1058;381;37714;16656;23.2;10.3
2A;2021-04-11;362;256;38076;16912;23.4;10.4
2A;2021-04-12;669;342;38745;17254;23.9;10.6
2A;2021-04-13;328;380;39073;17634;24.1;10.9
2A;2021-04-14;1047;587;40120;18221;24.7;11.2
2A;2021-04-15;1042;524;41162;18745;25.3;11.5
2A;2021-04-16;871;395;42033;19140;25.9;11.8
2A;2021-04-17;1368;938;43401;20078;26.7;12.4
2A;2021-04-18;982;947;44383;21025;27.3;12.9
2A;2021-04-19;269;343;44652;21368;27.5;13.2
2A;2021-04-20;354;344;45006;21712;27.7;13.4
2A;2021-04-21;729;734;45735;22446;28.2;13.8
2A;2021-04-22;896;649;46631;23095;28.7;14.2
2A;2021-04-23;987;776;47618;23871;29.3;14.7
2A;2021-04-24;1748;983;49366;24854;30.4;15.3
2A;2021-04-25;976;305;50342;25159;31.0;15.5
2A;2021-04-26;307;226;50649;25385;31.2;15.6
2A;2021-04-27;344;349;50993;25734;31.4;15.8
2A;2021-04-28;1671;423;52664;26157;32.4;16.1
2A;2021-04-29;1054;359;53718;26516;33.1;16.3
2A;2021-04-30;1130;1060;54848;27576;33.8;17.0
2A;2021-05-01;971;575;55819;28151;34.4;17.3
2A;2021-05-02;675;707;56494;28858;34.8;17.8
2A;2021-05-03;582;576;57076;29434;35.1;18.1
2A;2021-05-04;751;535;57827;29969;35.6;18.5
2A;2021-05-05;1008;984;58835;30953;36.2;19.1
2A;2021-05-06;905;912;59740;31865;36.8;19.6
2A;2021-05-07;1155;836;60895;32701;37.5;20.1
2A;2021-05-08;422;499;61317;33200;37.8;20.4
2A;2021-05-09;783;638;62100;33838;38.2;20.8
2A;2021-05-10;453;740;62553;34578;38.5;21.3
2A;2021-05-11;652;415;63205;34993;38.9;21.5
2A;2021-05-12;919;486;64124;35479;39.5;21.8
2A;2021-05-13;919;138;65043;35617;40.0;21.9
2A;2021-05-14;798;682;65841;36299;40.5;22.3
2A;2021-05-15;781;648;66622;36947;41.0;22.7
2A;2021-05-16;737;500;67359;37447;41.5;23.1
2A;2021-05-17;583;561;67942;38008;41.8;23.4
2A;2021-05-18;615;476;68557;38484;42.2;23.7
2A;2021-05-19;788;481;69345;38965;42.7;24.0
2A;2021-05-20;692;540;70037;39505;43.1;24.3
2A;2021-05-21;535;483;70572;39988;43.5;24.6
2A;2021-05-22;441;309;71013;40297;43.7;24.8
2A;2021-05-23;533;284;71546;40581;44.0;25.0
2A;2021-05-24;125;33;71671;40614;44.1;25.0
2A;2021-05-25;416;505;72087;41119;44.4;25.3
2A;2021-05-26;426;1166;72513;42285;44.6;26.0
2A;2021-05-27;435;1111;72948;43396;44.9;26.7
2A;2021-05-28;297;916;73245;44312;45.1;27.3
2A;2021-05-29;335;900;73580;45212;45.3;27.8
2A;2021-05-30;182;506;73762;45718;45.4;28.1
2A;2021-05-31;189;413;73951;46131;45.5;28.4
2A;2021-06-01;339;729;74290;46860;45.7;28.9
2A;2021-06-02;283;939;74573;47799;45.9;29.4
2A;2021-06-03;304;849;74877;48648;46.1;30.0
2A;2021-06-04;272;1093;75149;49741;46.3;30.6
2A;2021-06-05;319;1442;75468;51183;46.5;31.5
2A;2021-06-06;173;909;75641;52092;46.6;32.1
2A;2021-06-07;170;661;75811;52753;46.7;32.5
2A;2021-06-08;321;706;76132;53459;46.9;32.9
2A;2021-06-09;296;1319;76428;54778;47.1;33.7
2A;2021-06-10;329;857;76757;55635;47.3;34.3
2A;2021-06-11;279;1021;77036;56656;47.4;34.9
2A;2021-06-12;229;664;77265;57320;47.6;35.3
2A;2021-06-13;188;797;77453;58117;47.7;35.8
2A;2021-06-14;252;921;77705;59038;47.8;36.3
2A;2021-06-15;217;507;77922;59545;48.0;36.7
2A;2021-06-16;212;776;78134;60321;48.1;37.1
2A;2021-06-17;233;592;78367;60913;48.2;37.5
2A;2021-06-18;244;914;78611;61827;48.4;38.1
2A;2021-06-19;207;690;78818;62517;48.5;38.5
2A;2021-06-20;149;692;78967;63209;48.6;38.9
2A;2021-06-21;181;791;79148;64000;48.7;39.4
2A;2021-06-22;235;842;79383;64842;48.9;39.9
2A;2021-06-23;216;567;79599;65409;49.0;40.3
2A;2021-06-24;149;369;79748;65778;49.1;40.5
2A;2021-06-25;167;473;79915;66251;49.2;40.8
2A;2021-06-26;202;873;80117;67124;49.3;41.3
2A;2021-06-27;174;794;80291;67918;49.4;41.8
2A;2021-06-28;194;704;80485;68622;49.6;42.2
2A;2021-06-29;214;689;80699;69311;49.7;42.7
2A;2021-06-30;242;493;80941;69804;49.8;43.0
2A;2021-07-01;211;486;81152;70290;50.0;43.3
2A;2021-07-02;186;370;81338;70660;50.1;43.5
2A;2021-07-03;211;617;81549;71277;50.2;43.9
2A;2021-07-04;178;664;81727;71941;50.3;44.3
2A;2021-07-05;163;235;81890;72176;50.4;44.4
2A;2021-07-06;250;391;82140;72567;50.6;44.7
2A;2021-07-07;429;609;82569;73176;50.8;45.1
2A;2021-07-08;588;703;83157;73879;51.2;45.5
2A;2021-07-09;376;421;83533;74300;51.4;45.7
2A;2021-07-10;281;346;83814;74646;51.6;46.0
2A;2021-07-11;91;162;83905;74808;51.7;46.1
2A;2021-07-12;310;349;84215;75157;51.8;46.3
2A;2021-07-13;1178;533;85393;75690;52.6;46.6
2A;2021-07-14;1618;337;87011;76027;53.6;46.8
2A;2021-07-15;1429;833;88440;76860;54.5;47.3
2A;2021-07-16;1162;465;89602;77325;55.2;47.6
2A;2021-07-17;1096;343;90698;77668;55.8;47.8
2A;2021-07-18;634;134;91332;77802;56.2;47.9
2A;2021-07-19;913;430;92245;78232;56.8;48.2
2A;2021-07-20;1271;470;93516;78702;57.6;48.5
2A;2021-07-21;1425;716;94941;79418;58.5;48.9
2A;2021-07-22;1385;762;96326;80180;59.3;49.4
2A;2021-07-23;1424;461;97750;80641;60.2;49.6
2A;2021-07-24;872;288;98622;80929;60.7;49.8
2A;2021-07-25;446;69;99068;80998;61.0;49.9
2A;2021-07-26;1166;500;100234;81498;61.7;50.2
2A;2021-07-27;1254;509;101488;82007;62.5;50.5
2A;2021-07-28;1194;584;102682;82591;63.2;50.8
2A;2021-07-29;1208;652;103890;83243;64.0;51.3
2A;2021-07-30;934;604;104824;83847;64.5;51.6
2A;2021-07-31;530;338;105354;84185;64.9;51.8
2A;2021-08-01;548;119;105902;84304;65.2;51.9
2A;2021-08-02;440;485;106342;84789;65.5;52.2
2A;2021-08-03;799;882;107141;85671;66.0;52.7
2A;2021-08-04;721;1159;107862;86830;66.4;53.5
2A;2021-08-05;904;1346;108766;88176;67.0;54.3
2A;2021-08-06;384;807;109150;88983;67.2;54.8
2A;2021-08-07;348;890;109498;89873;67.4;55.3
2A;2021-08-08;79;185;109577;90058;67.5;55.4
2A;2021-08-09;640;1138;110217;91196;67.9;56.1
2A;2021-08-10;615;1187;110832;92383;68.2;56.9
2A;2021-08-11;586;1059;111418;93442;68.6;57.5
2A;2021-08-12;732;1475;112150;94917;69.0;58.4
2B;2020-12-27;0;0;0;0;0.0;0.0
2B;2020-12-28;0;0;0;0;0.0;0.0
2B;2020-12-29;0;0;0;0;0.0;0.0
2B;2020-12-30;0;0;0;0;0.0;0.0
2B;2020-12-31;0;0;0;0;0.0;0.0
2B;2021-01-01;0;0;0;0;0.0;0.0
2B;2021-01-02;0;0;0;0;0.0;0.0
2B;2021-01-03;0;0;0;0;0.0;0.0
2B;2021-01-04;2;0;2;0;0.0;0.0
2B;2021-01-05;0;0;2;0;0.0;0.0
2B;2021-01-06;48;1;50;1;0.0;0.0
2B;2021-01-07;210;0;260;1;0.1;0.0
2B;2021-01-08;196;1;456;2;0.3;0.0
2B;2021-01-09;39;0;495;2;0.3;0.0
2B;2021-01-10;1;0;496;2;0.3;0.0
2B;2021-01-11;75;0;571;2;0.3;0.0
2B;2021-01-12;128;1;699;3;0.4;0.0
2B;2021-01-13;93;0;792;3;0.4;0.0
2B;2021-01-14;72;0;864;3;0.5;0.0
2B;2021-01-15;258;0;1122;3;0.6;0.0
2B;2021-01-16;43;0;1165;3;0.6;0.0
2B;2021-01-17;8;0;1173;3;0.6;0.0
2B;2021-01-18;271;0;1444;3;0.8;0.0
2B;2021-01-19;501;0;1945;3;1.1;0.0
2B;2021-01-20;462;2;2407;5;1.3;0.0
2B;2021-01-21;357;0;2764;5;1.5;0.0
2B;2021-01-22;372;0;3136;5;1.7;0.0
2B;2021-01-23;60;0;3196;5;1.8;0.0
2B;2021-01-24;29;0;3225;5;1.8;0.0
2B;2021-01-25;210;2;3435;7;1.9;0.0
2B;2021-01-26;390;1;3825;8;2.1;0.0
2B;2021-01-27;342;48;4167;56;2.3;0.0
2B;2021-01-28;365;148;4532;204;2.5;0.1
2B;2021-01-29;291;163;4823;367;2.6;0.2
2B;2021-01-30;80;33;4903;400;2.7;0.2
2B;2021-01-31;60;0;4963;400;2.7;0.2
2B;2021-02-01;231;93;5194;493;2.8;0.3
2B;2021-02-02;357;78;5551;571;3.0;0.3
2B;2021-02-03;519;92;6070;663;3.3;0.4
2B;2021-02-04;458;175;6528;838;3.6;0.5
2B;2021-02-05;393;95;6921;933;3.8;0.5
2B;2021-02-06;87;14;7008;947;3.8;0.5
2B;2021-02-07;60;0;7068;947;3.9;0.5
2B;2021-02-08;230;156;7298;1103;4.0;0.6
2B;2021-02-09;586;314;7884;1417;4.3;0.8
2B;2021-02-10;485;197;8369;1614;4.6;0.9
2B;2021-02-11;382;128;8751;1742;4.8;1.0
2B;2021-02-12;299;125;9050;1867;5.0;1.0
2B;2021-02-13;77;13;9127;1880;5.0;1.0
2B;2021-02-14;62;1;9189;1881;5.0;1.0
2B;2021-02-15;190;128;9379;2009;5.1;1.1
2B;2021-02-16;252;285;9631;2294;5.3;1.3
2B;2021-02-17;312;317;9943;2611;5.5;1.4
2B;2021-02-18;215;347;10158;2958;5.6;1.6
2B;2021-02-19;164;308;10322;3266;5.7;1.8
2B;2021-02-20;32;63;10354;3329;5.7;1.8
2B;2021-02-21;27;29;10381;3358;5.7;1.8
2B;2021-02-22;133;190;10514;3548;5.8;1.9
2B;2021-02-23;230;359;10744;3907;5.9;2.1
2B;2021-02-24;228;312;10972;4219;6.0;2.3
2B;2021-02-25;245;340;11217;4559;6.2;2.5
2B;2021-02-26;298;280;11515;4839;6.3;2.7
2B;2021-02-27;60;84;11575;4923;6.4;2.7
2B;2021-02-28;1;57;11576;4980;6.4;2.7
2B;2021-03-01;246;261;11822;5241;6.5;2.9
2B;2021-03-02;351;390;12173;5631;6.7;3.1
2B;2021-03-03;299;437;12472;6068;6.8;3.3
2B;2021-03-04;447;410;12919;6478;7.1;3.6
2B;2021-03-05;618;386;13537;6864;7.4;3.8
2B;2021-03-06;682;99;14219;6963;7.8;3.8
2B;2021-03-07;361;59;14580;7022;8.0;3.9
2B;2021-03-08;301;240;14881;7262;8.2;4.0
2B;2021-03-09;383;505;15264;7767;8.4;4.3
2B;2021-03-10;630;448;15894;8215;8.7;4.5
2B;2021-03-11;584;355;16478;8570;9.0;4.7
2B;2021-03-12;965;227;17443;8797;9.6;4.8
2B;2021-03-13;511;110;17954;8907;9.9;4.9
2B;2021-03-14;226;62;18180;8969;10.0;4.9
2B;2021-03-15;515;200;18695;9169;10.3;5.0
2B;2021-03-16;570;278;19265;9447;10.6;5.2
2B;2021-03-17;529;264;19794;9711;10.9;5.3
2B;2021-03-18;550;230;20344;9941;11.2;5.5
2B;2021-03-19;804;195;21148;10136;11.6;5.6
2B;2021-03-20;655;36;21803;10172;12.0;5.6
2B;2021-03-21;429;36;22232;10208;12.2;5.6
2B;2021-03-22;546;125;22778;10333;12.5;5.7
2B;2021-03-23;788;264;23566;10597;12.9;5.8
2B;2021-03-24;831;218;24397;10815;13.4;5.9
2B;2021-03-25;823;165;25220;10980;13.8;6.0
2B;2021-03-26;958;192;26178;11172;14.4;6.1
2B;2021-03-27;1089;37;27267;11209;15.0;6.2
2B;2021-03-28;830;123;28097;11332;15.4;6.2
2B;2021-03-29;745;180;28842;11512;15.8;6.3
2B;2021-03-30;970;329;29812;11841;16.4;6.5
2B;2021-03-31;981;266;30793;12107;16.9;6.6
2B;2021-04-01;1002;230;31795;12337;17.4;6.8
2B;2021-04-02;965;415;32760;12752;18.0;7.0
2B;2021-04-03;1247;152;34007;12904;18.7;7.1
2B;2021-04-04;197;60;34204;12964;18.8;7.1
2B;2021-04-05;109;113;34313;13077;18.8;7.2
2B;2021-04-06;1033;362;35346;13439;19.4;7.4
2B;2021-04-07;1230;430;36576;13869;20.1;7.6
2B;2021-04-08;1129;409;37705;14278;20.7;7.8
2B;2021-04-09;1169;568;38874;14846;21.3;8.1
2B;2021-04-10;1352;264;40226;15110;22.1;8.3
2B;2021-04-11;815;65;41041;15175;22.5;8.3
2B;2021-04-12;852;560;41893;15735;23.0;8.6
2B;2021-04-13;1061;631;42954;16366;23.6;9.0
2B;2021-04-14;1044;493;43998;16859;24.1;9.3
2B;2021-04-15;885;517;44883;17376;24.6;9.5
2B;2021-04-16;911;649;45794;18025;25.1;9.9
2B;2021-04-17;386;447;46180;18472;25.3;10.1
2B;2021-04-18;252;342;46432;18814;25.5;10.3
2B;2021-04-19;822;438;47254;19252;25.9;10.6
2B;2021-04-20;898;848;48152;20100;26.4;11.0
2B;2021-04-21;1055;609;49207;20709;27.0;11.4
2B;2021-04-22;937;731;50144;21440;27.5;11.8
2B;2021-04-23;661;630;50805;22070;27.9;12.1
2B;2021-04-24;288;772;51093;22842;28.0;12.5
2B;2021-04-25;285;477;51378;23319;28.2;12.8
2B;2021-04-26;708;920;52086;24239;28.6;13.3
2B;2021-04-27;965;875;53051;25114;29.1;13.8
2B;2021-04-28;918;862;53969;25976;29.6;14.3
2B;2021-04-29;923;868;54892;26844;30.1;14.7
2B;2021-04-30;1132;832;56024;27676;30.7;15.2
2B;2021-05-01;459;1115;56483;28791;31.0;15.8
2B;2021-05-02;335;245;56818;29036;31.2;15.9
2B;2021-05-03;1019;495;57837;29531;31.7;16.2
2B;2021-05-04;809;1152;58646;30683;32.2;16.8
2B;2021-05-05;802;1375;59448;32058;32.6;17.6
2B;2021-05-06;1288;904;60736;32962;33.3;18.1
2B;2021-05-07;1062;988;61798;33950;33.9;18.6
2B;2021-05-08;459;856;62257;34806;34.2;19.1
2B;2021-05-09;394;683;62651;35489;34.4;19.5
2B;2021-05-10;925;798;63576;36287;34.9;19.9
2B;2021-05-11;933;1162;64509;37449;35.4;20.5
2B;2021-05-12;859;891;65368;38340;35.9;21.0
2B;2021-05-13;1028;377;66396;38717;36.4;21.2
2B;2021-05-14;718;579;67114;39296;36.8;21.6
2B;2021-05-15;702;353;67816;39649;37.2;21.8
2B;2021-05-16;299;180;68115;39829;37.4;21.9
2B;2021-05-17;1002;406;69117;40235;37.9;22.1
2B;2021-05-18;991;383;70108;40618;38.5;22.3
2B;2021-05-19;771;416;70879;41034;38.9;22.5
2B;2021-05-20;673;359;71552;41393;39.3;22.7
2B;2021-05-21;705;502;72257;41895;39.6;23.0
2B;2021-05-22;574;391;72831;42286;40.0;23.2
2B;2021-05-23;168;46;72999;42332;40.1;23.2
2B;2021-05-24;40;115;73039;42447;40.1;23.3
2B;2021-05-25;548;353;73587;42800;40.4;23.5
2B;2021-05-26;544;789;74131;43589;40.7;23.9
2B;2021-05-27;407;1131;74538;44720;40.9;24.5
2B;2021-05-28;554;906;75092;45626;41.2;25.0
2B;2021-05-29;312;353;75404;45979;41.4;25.2
2B;2021-05-30;46;45;75450;46024;41.4;25.3
2B;2021-05-31;376;832;75826;46856;41.6;25.7
2B;2021-06-01;414;1039;76240;47895;41.8;26.3
2B;2021-06-02;364;991;76604;48886;42.0;26.8
2B;2021-06-03;498;808;77102;49694;42.3;27.3
2B;2021-06-04;343;1254;77445;50948;42.5;28.0
2B;2021-06-05;258;494;77703;51442;42.6;28.2
2B;2021-06-06;51;129;77754;51571;42.7;28.3
2B;2021-06-07;281;948;78035;52519;42.8;28.8
2B;2021-06-08;399;1170;78434;53689;43.0;29.5
2B;2021-06-09;518;1177;78952;54866;43.3;30.1
2B;2021-06-10;367;939;79319;55805;43.5;30.6
2B;2021-06-11;432;1274;79751;57079;43.8;31.3
2B;2021-06-12;151;545;79902;57624;43.8;31.6
2B;2021-06-13;25;59;79927;57683;43.9;31.6
2B;2021-06-14;195;1116;80122;58799;44.0;32.3
2B;2021-06-15;345;1220;80467;60019;44.2;32.9
2B;2021-06-16;381;936;80848;60955;44.4;33.4
2B;2021-06-17;399;1047;81247;62002;44.6;34.0
2B;2021-06-18;347;960;81594;62962;44.8;34.5
2B;2021-06-19;142;328;81736;63290;44.8;34.7
2B;2021-06-20;44;194;81780;63484;44.9;34.8
2B;2021-06-21;264;962;82044;64446;45.0;35.4
2B;2021-06-22;315;1115;82359;65561;45.2;36.0
2B;2021-06-23;209;872;82568;66433;45.3;36.4
2B;2021-06-24;336;756;82904;67189;45.5;36.9
2B;2021-06-25;212;1076;83116;68265;45.6;37.5
2B;2021-06-26;105;551;83221;68816;45.7;37.8
2B;2021-06-27;32;215;83253;69031;45.7;37.9
2B;2021-06-28;329;955;83582;69986;45.9;38.4
2B;2021-06-29;270;987;83852;70973;46.0;38.9
2B;2021-06-30;379;949;84231;71922;46.2;39.5
2B;2021-07-01;224;509;84455;72431;46.3;39.7
2B;2021-07-02;216;557;84671;72988;46.5;40.0
2B;2021-07-03;91;396;84762;73384;46.5;40.3
2B;2021-07-04;2;0;84764;73384;46.5;40.3
2B;2021-07-05;265;664;85029;74048;46.7;40.6
2B;2021-07-06;450;708;85479;74756;46.9;41.0
2B;2021-07-07;378;909;85857;75665;47.1;41.5
2B;2021-07-08;182;347;86039;76012;47.2;41.7
2B;2021-07-09;247;373;86286;76385;47.3;41.9
2B;2021-07-10;196;198;86482;76583;47.5;42.0
2B;2021-07-11;13;14;86495;76597;47.5;42.0
2B;2021-07-12;494;742;86989;77339;47.7;42.4
2B;2021-07-13;819;1014;87808;78353;48.2;43.0
2B;2021-07-14;342;99;88150;78452;48.4;43.0
2B;2021-07-15;1262;577;89412;79029;49.1;43.4
2B;2021-07-16;1108;562;90520;79591;49.7;43.7
2B;2021-07-17;708;317;91228;79908;50.1;43.8
2B;2021-07-18;179;46;91407;79954;50.2;43.9
2B;2021-07-19;843;706;92250;80660;50.6;44.3
2B;2021-07-20;1205;681;93455;81341;51.3;44.6
2B;2021-07-21;1383;724;94838;82065;52.0;45.0
2B;2021-07-22;1319;599;96157;82664;52.8;45.4
2B;2021-07-23;1313;497;97470;83161;53.5;45.6
2B;2021-07-24;530;315;98000;83476;53.8;45.8
2B;2021-07-25;203;71;98203;83547;53.9;45.8
2B;2021-07-26;911;631;99114;84178;54.4;46.2
2B;2021-07-27;1564;698;100678;84876;55.2;46.6
2B;2021-07-28;1158;620;101836;85496;55.9;46.9
2B;2021-07-29;1132;442;102968;85938;56.5;47.2
2B;2021-07-30;757;343;103725;86281;56.9;47.3
2B;2021-07-31;533;231;104258;86512;57.2;47.5
2B;2021-08-01;230;56;104488;86568;57.3;47.5
2B;2021-08-02;790;464;105278;87032;57.8;47.8
2B;2021-08-03;1121;775;106399;87807;58.4;48.2
2B;2021-08-04;798;448;107197;88255;58.8;48.4
2B;2021-08-05;1007;551;108204;88806;59.4;48.7
2B;2021-08-06;696;519;108900;89325;59.8;49.0
2B;2021-08-07;301;406;109201;89731;59.9;49.2
2B;2021-08-08;93;142;109294;89873;60.0;49.3
2B;2021-08-09;517;743;109811;90616;60.3;49.7
2B;2021-08-10;726;1127;110537;91743;60.6;50.3
2B;2021-08-11;738;887;111275;92630;61.1;50.8
2B;2021-08-12;679;1046;111954;93676;61.4;51.4
30;2020-12-27;1;0;1;0;0.0;0.0
30;2020-12-28;0;0;1;0;0.0;0.0
30;2020-12-29;0;0;1;0;0.0;0.0
30;2020-12-30;0;0;1;0;0.0;0.0
30;2020-12-31;0;0;1;0;0.0;0.0
30;2021-01-01;0;0;1;0;0.0;0.0
30;2021-01-02;0;0;1;0;0.0;0.0
30;2021-01-03;0;0;1;0;0.0;0.0
30;2021-01-04;1;0;2;0;0.0;0.0
30;2021-01-05;3;0;5;0;0.0;0.0
30;2021-01-06;128;0;133;0;0.0;0.0
30;2021-01-07;312;0;445;0;0.1;0.0
30;2021-01-08;531;0;976;0;0.1;0.0
30;2021-01-09;270;0;1246;0;0.2;0.0
30;2021-01-10;0;0;1246;0;0.2;0.0
30;2021-01-11;537;1;1783;1;0.2;0.0
30;2021-01-12;798;3;2581;4;0.3;0.0
30;2021-01-13;639;0;3220;4;0.4;0.0
30;2021-01-14;652;5;3872;9;0.5;0.0
30;2021-01-15;756;2;4628;11;0.6;0.0
30;2021-01-16;313;0;4941;11;0.7;0.0
30;2021-01-17;3;0;4944;11;0.7;0.0
30;2021-01-18;939;5;5883;16;0.8;0.0
30;2021-01-19;1735;7;7618;23;1.0;0.0
30;2021-01-20;1303;2;8921;25;1.2;0.0
30;2021-01-21;1226;2;10147;27;1.4;0.0
30;2021-01-22;1074;5;11221;32;1.5;0.0
30;2021-01-23;633;2;11854;34;1.6;0.0
30;2021-01-24;0;0;11854;34;1.6;0.0
30;2021-01-25;831;4;12685;38;1.7;0.0
30;2021-01-26;1056;15;13741;53;1.8;0.0
30;2021-01-27;981;111;14722;164;2.0;0.0
30;2021-01-28;712;274;15434;438;2.1;0.1
30;2021-01-29;668;445;16102;883;2.2;0.1
30;2021-01-30;471;288;16573;1171;2.2;0.2
30;2021-01-31;3;7;16576;1178;2.2;0.2
30;2021-02-01;813;436;17389;1614;2.3;0.2
30;2021-02-02;1875;679;19264;2293;2.6;0.3
30;2021-02-03;1183;487;20447;2780;2.7;0.4
30;2021-02-04;968;663;21415;3443;2.9;0.5
30;2021-02-05;599;763;22014;4206;2.9;0.6
30;2021-02-06;292;262;22306;4468;3.0;0.6
30;2021-02-07;2;8;22308;4476;3.0;0.6
30;2021-02-08;574;738;22882;5214;3.1;0.7
30;2021-02-09;981;1007;23863;6221;3.2;0.8
30;2021-02-10;986;1099;24849;7320;3.3;1.0
30;2021-02-11;927;1035;25776;8355;3.4;1.1
30;2021-02-12;616;993;26392;9348;3.5;1.2
30;2021-02-13;435;388;26827;9736;3.6;1.3
30;2021-02-14;1;21;26828;9757;3.6;1.3
30;2021-02-15;448;622;27276;10379;3.6;1.4
30;2021-02-16;460;849;27736;11228;3.7;1.5
30;2021-02-17;682;624;28418;11852;3.8;1.6
30;2021-02-18;796;529;29214;12381;3.9;1.7
30;2021-02-19;573;675;29787;13056;4.0;1.7
30;2021-02-20;223;227;30010;13283;4.0;1.8
30;2021-02-21;5;3;30015;13286;4.0;1.8
30;2021-02-22;501;764;30516;14050;4.1;1.9
30;2021-02-23;976;1468;31492;15518;4.2;2.1
30;2021-02-24;926;1192;32418;16710;4.3;2.2
30;2021-02-25;1207;892;33625;17602;4.5;2.4
30;2021-02-26;1338;599;34963;18201;4.7;2.4
30;2021-02-27;564;545;35527;18746;4.7;2.5
30;2021-02-28;2;7;35529;18753;4.7;2.5
30;2021-03-01;1341;830;36870;19583;4.9;2.6
30;2021-03-02;1710;910;38580;20493;5.2;2.7
30;2021-03-03;2306;763;40886;21256;5.5;2.8
30;2021-03-04;2637;869;43523;22125;5.8;3.0
30;2021-03-05;2759;613;46282;22738;6.2;3.0
30;2021-03-06;2997;366;49279;23104;6.6;3.1
30;2021-03-07;1859;43;51138;23147;6.8;3.1
30;2021-03-08;1551;785;52689;23932;7.0;3.2
30;2021-03-09;2274;872;54963;24804;7.3;3.3
30;2021-03-10;2355;652;57318;25456;7.7;3.4
30;2021-03-11;3055;686;60373;26142;8.1;3.5
30;2021-03-12;3112;385;63485;26527;8.5;3.5
30;2021-03-13;2225;291;65710;26818;8.8;3.6
30;2021-03-14;83;3;65793;26821;8.8;3.6
30;2021-03-15;1571;565;67364;27386;9.0;3.7
30;2021-03-16;1299;1068;68663;28454;9.2;3.8
30;2021-03-17;1455;645;70118;29099;9.4;3.9
30;2021-03-18;1647;713;71765;29812;9.6;4.0
30;2021-03-19;2252;547;74017;30359;9.9;4.1
30;2021-03-20;1399;142;75416;30501;10.1;4.1
30;2021-03-21;57;8;75473;30509;10.1;4.1
30;2021-03-22;2397;718;77870;31227;10.4;4.2
30;2021-03-23;3509;800;81379;32027;10.9;4.3
30;2021-03-24;3636;808;85015;32835;11.4;4.4
30;2021-03-25;4404;843;89419;33678;11.9;4.5
30;2021-03-26;4362;632;93781;34310;12.5;4.6
30;2021-03-27;1970;376;95751;34686;12.8;4.6
30;2021-03-28;35;29;95786;34715;12.8;4.6
30;2021-03-29;2813;1649;98599;36364;13.2;4.9
30;2021-03-30;3780;1876;102379;38240;13.7;5.1
30;2021-03-31;3507;1643;105886;39883;14.1;5.3
30;2021-04-01;4016;1461;109902;41344;14.7;5.5
30;2021-04-02;3603;1229;113505;42573;15.2;5.7
30;2021-04-03;1061;1225;114566;43798;15.3;5.9
30;2021-04-04;29;188;114595;43986;15.3;5.9
30;2021-04-05;765;286;115360;44272;15.4;5.9
30;2021-04-06;3041;1574;118401;45846;15.8;6.1
30;2021-04-07;2717;1629;121118;47475;16.2;6.3
30;2021-04-08;3917;1485;125035;48960;16.7;6.5
30;2021-04-09;4885;1517;129920;50477;17.4;6.7
30;2021-04-10;2426;1174;132346;51651;17.7;6.9
30;2021-04-11;949;58;133295;51709;17.8;6.9
30;2021-04-12;3148;1490;136443;53199;18.2;7.1
30;2021-04-13;4017;1931;140460;55130;18.8;7.4
30;2021-04-14;3385;1537;143845;56667;19.2;7.6
30;2021-04-15;3830;1460;147675;58127;19.7;7.8
30;2021-04-16;3702;1528;151377;59655;20.2;8.0
30;2021-04-17;1493;951;152870;60606;20.4;8.1
30;2021-04-18;961;66;153831;60672;20.6;8.1
30;2021-04-19;2449;2300;156280;62972;20.9;8.4
30;2021-04-20;2814;2828;159094;65800;21.3;8.8
30;2021-04-21;2600;2564;161694;68364;21.6;9.1
30;2021-04-22;3524;2314;165218;70678;22.1;9.4
30;2021-04-23;3578;2303;168796;72981;22.6;9.8
30;2021-04-24;1346;1229;170142;74210;22.7;9.9
30;2021-04-25;748;90;170890;74300;22.8;9.9
30;2021-04-26;2017;2387;172907;76687;23.1;10.2
30;2021-04-27;2951;2604;175858;79291;23.5;10.6
30;2021-04-28;2837;2480;178695;81771;23.9;10.9
30;2021-04-29;3616;2310;182311;84081;24.4;11.2
30;2021-04-30;3409;2026;185720;86107;24.8;11.5
30;2021-05-01;1750;605;187470;86712;25.0;11.6
30;2021-05-02;664;245;188134;86957;25.1;11.6
30;2021-05-03;3758;2501;191892;89458;25.6;12.0
30;2021-05-04;3981;3522;195873;92980;26.2;12.4
30;2021-05-05;3945;3127;199818;96107;26.7;12.8
30;2021-05-06;4198;3357;204016;99464;27.3;13.3
30;2021-05-07;4079;3059;208095;102523;27.8;13.7
30;2021-05-08;1605;721;209700;103244;28.0;13.8
30;2021-05-09;372;613;210072;103857;28.1;13.9
30;2021-05-10;2919;3118;212991;106975;28.5;14.3
30;2021-05-11;5386;3650;218377;110625;29.2;14.8
30;2021-05-12;5299;3216;223676;113841;29.9;15.2
30;2021-05-13;3231;1025;226907;114866;30.3;15.3
30;2021-05-14;4891;2456;231798;117322;31.0;15.7
30;2021-05-15;3409;1207;235207;118529;31.4;15.8
30;2021-05-16;397;339;235604;118868;31.5;15.9
30;2021-05-17;3798;3034;239402;121902;32.0;16.3
30;2021-05-18;4826;3034;244228;124936;32.6;16.7
30;2021-05-19;4774;2547;249002;127483;33.3;17.0
30;2021-05-20;5016;2578;254018;130061;33.9;17.4
30;2021-05-21;4887;2469;258905;132530;34.6;17.7
30;2021-05-22;3158;1293;262063;133823;35.0;17.9
30;2021-05-23;288;345;262351;134168;35.1;17.9
30;2021-05-24;783;767;263134;134935;35.2;18.0
30;2021-05-25;2657;3164;265791;138099;35.5;18.5
30;2021-05-26;2888;2566;268679;140665;35.9;18.8
30;2021-05-27;3760;2719;272439;143384;36.4;19.2
30;2021-05-28;3327;3285;275766;146669;36.8;19.6
30;2021-05-29;1687;1803;277453;148472;37.1;19.8
30;2021-05-30;360;588;277813;149060;37.1;19.9
30;2021-05-31;2831;2298;280644;151358;37.5;20.2
30;2021-06-01;3658;2795;284302;154153;38.0;20.6
30;2021-06-02;3316;2450;287618;156603;38.4;20.9
30;2021-06-03;4134;3354;291752;159957;39.0;21.4
30;2021-06-04;3905;3401;295657;163358;39.5;21.8
30;2021-06-05;1907;1313;297564;164671;39.8;22.0
30;2021-06-06;683;264;298247;164935;39.8;22.0
30;2021-06-07;4725;2526;302972;167461;40.5;22.4
30;2021-06-08;4831;3324;307803;170785;41.1;22.8
30;2021-06-09;4151;2986;311954;173771;41.7;23.2
30;2021-06-10;4610;3356;316564;177127;42.3;23.7
30;2021-06-11;4584;3812;321148;180939;42.9;24.2
30;2021-06-12;2482;1708;323630;182647;43.2;24.4
30;2021-06-13;494;341;324124;182988;43.3;24.4
30;2021-06-14;2469;4708;326593;187696;43.6;25.1
30;2021-06-15;3201;5305;329794;193001;44.1;25.8
30;2021-06-16;3109;4646;332903;197647;44.5;26.4
30;2021-06-17;3925;4370;336828;202017;45.0;27.0
30;2021-06-18;3712;4694;340540;206711;45.5;27.6
30;2021-06-19;1440;2002;341980;208713;45.7;27.9
30;2021-06-20;358;489;342338;209202;45.7;28.0
30;2021-06-21;2377;4907;344715;214109;46.1;28.6
30;2021-06-22;2363;5737;347078;219846;46.4;29.4
30;2021-06-23;2525;5334;349603;225180;46.7;30.1
30;2021-06-24;2338;4701;351941;229881;47.0;30.7
30;2021-06-25;2609;5600;354550;235481;47.4;31.5
30;2021-06-26;910;2938;355460;238419;47.5;31.9
30;2021-06-27;222;526;355682;238945;47.5;31.9
30;2021-06-28;1668;6019;357350;244964;47.7;32.7
30;2021-06-29;1837;6025;359187;250989;48.0;33.5
30;2021-06-30;1999;5256;361186;256245;48.3;34.2
30;2021-07-01;2985;4721;364171;260966;48.7;34.9
30;2021-07-02;2832;4618;367003;265584;49.0;35.5
30;2021-07-03;1151;3046;368154;268630;49.2;35.9
30;2021-07-04;115;391;368269;269021;49.2;35.9
30;2021-07-05;2021;4024;370290;273045;49.5;36.5
30;2021-07-06;2657;4970;372947;278015;49.8;37.1
30;2021-07-07;2538;4214;375485;282229;50.2;37.7
30;2021-07-08;2011;3425;377496;285654;50.4;38.2
30;2021-07-09;2405;5317;379901;290971;50.8;38.9
30;2021-07-10;1498;2157;381399;293128;51.0;39.2
30;2021-07-11;47;415;381446;293543;51.0;39.2
30;2021-07-12;2522;5147;383968;298690;51.3;39.9
30;2021-07-13;3286;6029;387254;304719;51.7;40.7
30;2021-07-14;497;547;387751;305266;51.8;40.8
30;2021-07-15;4121;5465;391872;310731;52.4;41.5
30;2021-07-16;4966;5713;396838;316444;53.0;42.3
30;2021-07-17;1699;2465;398537;318909;53.2;42.6
30;2021-07-18;146;603;398683;319512;53.3;42.7
30;2021-07-19;3366;6310;402049;325822;53.7;43.5
30;2021-07-20;4632;6505;406681;332327;54.3;44.4
30;2021-07-21;4040;5407;410721;337734;54.9;45.1
30;2021-07-22;4882;5730;415603;343464;55.5;45.9
30;2021-07-23;4959;5848;420562;349312;56.2;46.7
30;2021-07-24;2228;3264;422790;352576;56.5;47.1
30;2021-07-25;134;309;422924;352885;56.5;47.1
30;2021-07-26;4383;4118;427307;357003;57.1;47.7
30;2021-07-27;4822;4639;432129;361642;57.7;48.3
30;2021-07-28;4844;4005;436973;365647;58.4;48.9
30;2021-07-29;5891;4116;442864;369763;59.2;49.4
30;2021-07-30;5314;4383;448178;374146;59.9;50.0
30;2021-07-31;2626;1950;450804;376096;60.2;50.2
30;2021-08-01;720;308;451524;376404;60.3;50.3
30;2021-08-02;3634;4004;455158;380408;60.8;50.8
30;2021-08-03;4827;3931;459985;384339;61.5;51.4
30;2021-08-04;5228;3049;465213;387388;62.2;51.8
30;2021-08-05;4589;3749;469802;391137;62.8;52.3
30;2021-08-06;4226;4046;474028;395183;63.3;52.8
30;2021-08-07;1825;1932;475853;397115;63.6;53.1
30;2021-08-08;614;274;476467;397389;63.7;53.1
30;2021-08-09;3293;3725;479760;401114;64.1;53.6
30;2021-08-10;3895;4372;483655;405486;64.6;54.2
30;2021-08-11;3366;3457;487021;408943;65.1;54.6
30;2021-08-12;3703;4176;490724;413119;65.6;55.2
31;2020-12-27;0;0;0;0;0.0;0.0
31;2020-12-28;1;0;1;0;0.0;0.0
31;2020-12-29;0;0;1;0;0.0;0.0
31;2020-12-30;0;0;1;0;0.0;0.0
31;2020-12-31;1;0;2;0;0.0;0.0
31;2021-01-01;4;0;6;0;0.0;0.0
31;2021-01-02;0;0;6;0;0.0;0.0
31;2021-01-03;2;0;8;0;0.0;0.0
31;2021-01-04;3;0;11;0;0.0;0.0
31;2021-01-05;50;0;61;0;0.0;0.0
31;2021-01-06;211;1;272;1;0.0;0.0
31;2021-01-07;284;1;556;2;0.0;0.0
31;2021-01-08;545;1;1101;3;0.1;0.0
31;2021-01-09;275;0;1376;3;0.1;0.0
31;2021-01-10;287;0;1663;3;0.1;0.0
31;2021-01-11;979;3;2642;6;0.2;0.0
31;2021-01-12;1192;0;3834;6;0.3;0.0
31;2021-01-13;1157;3;4991;9;0.4;0.0
31;2021-01-14;1176;17;6167;26;0.4;0.0
31;2021-01-15;1046;3;7213;29;0.5;0.0
31;2021-01-16;243;1;7456;30;0.5;0.0
31;2021-01-17;176;0;7632;30;0.5;0.0
31;2021-01-18;1609;4;9241;34;0.7;0.0
31;2021-01-19;2933;11;12174;45;0.9;0.0
31;2021-01-20;3661;10;15835;55;1.1;0.0
31;2021-01-21;2991;5;18826;60;1.3;0.0
31;2021-01-22;2271;7;21097;67;1.5;0.0
31;2021-01-23;728;1;21825;68;1.6;0.0
31;2021-01-24;212;1;22037;69;1.6;0.0
31;2021-01-25;1744;9;23781;78;1.7;0.0
31;2021-01-26;1838;64;25619;142;1.8;0.0
31;2021-01-27;1575;154;27194;296;1.9;0.0
31;2021-01-28;1384;302;28578;598;2.0;0.0
31;2021-01-29;1356;349;29934;947;2.1;0.1
31;2021-01-30;445;187;30379;1134;2.2;0.1
31;2021-01-31;61;209;30440;1343;2.2;0.1
31;2021-02-01;1156;733;31596;2076;2.3;0.1
31;2021-02-02;3034;804;34630;2880;2.5;0.2
31;2021-02-03;1917;779;36547;3659;2.6;0.3
31;2021-02-04;1806;843;38353;4502;2.7;0.3
31;2021-02-05;1339;576;39692;5078;2.8;0.4
31;2021-02-06;378;55;40070;5133;2.9;0.4
31;2021-02-07;37;41;40107;5174;2.9;0.4
31;2021-02-08;1115;666;41222;5840;2.9;0.4
31;2021-02-09;1677;1576;42899;7416;3.1;0.5
31;2021-02-10;1959;2474;44858;9890;3.2;0.7
31;2021-02-11;1814;1826;46672;11716;3.3;0.8
31;2021-02-12;1537;797;48209;12513;3.4;0.9
31;2021-02-13;503;230;48712;12743;3.5;0.9
31;2021-02-14;56;217;48768;12960;3.5;0.9
31;2021-02-15;443;1376;49211;14336;3.5;1.0
31;2021-02-16;467;1555;49678;15891;3.5;1.1
31;2021-02-17;472;1667;50150;17558;3.6;1.3
31;2021-02-18;476;1811;50626;19369;3.6;1.4
31;2021-02-19;393;1573;51019;20942;3.6;1.5
31;2021-02-20;69;531;51088;21473;3.6;1.5
31;2021-02-21;77;161;51165;21634;3.7;1.5
31;2021-02-22;432;1759;51597;23393;3.7;1.7
31;2021-02-23;866;3014;52463;26407;3.7;1.9
31;2021-02-24;653;2195;53116;28602;3.8;2.0
31;2021-02-25;1430;1842;54546;30444;3.9;2.2
31;2021-02-26;1712;1235;56258;31679;4.0;2.3
31;2021-02-27;637;404;56895;32083;4.1;2.3
31;2021-02-28;78;54;56973;32137;4.1;2.3
31;2021-03-01;873;1136;57846;33273;4.1;2.4
31;2021-03-02;1233;1670;59079;34943;4.2;2.5
31;2021-03-03;1356;1811;60435;36754;4.3;2.6
31;2021-03-04;2421;1509;62856;38263;4.5;2.7
31;2021-03-05;3053;1605;65909;39868;4.7;2.8
31;2021-03-06;2835;411;68744;40279;4.9;2.9
31;2021-03-07;5368;105;74112;40384;5.3;2.9
31;2021-03-08;1596;1096;75708;41480;5.4;3.0
31;2021-03-09;2782;1194;78490;42674;5.6;3.0
31;2021-03-10;2573;1095;81063;43769;5.8;3.1
31;2021-03-11;4378;1170;85441;44939;6.1;3.2
31;2021-03-12;5315;1194;90756;46133;6.5;3.3
31;2021-03-13;2835;506;93591;46639;6.7;3.3
31;2021-03-14;234;49;93825;46688;6.7;3.3
31;2021-03-15;2583;431;96408;47119;6.9;3.4
31;2021-03-16;1744;815;98152;47934;7.0;3.4
31;2021-03-17;1657;559;99809;48493;7.1;3.5
31;2021-03-18;1988;712;101797;49205;7.3;3.5
31;2021-03-19;3183;526;104980;49731;7.5;3.5
31;2021-03-20;1794;141;106774;49872;7.6;3.6
31;2021-03-21;210;35;106984;49907;7.6;3.6
31;2021-03-22;2577;369;109561;50276;7.8;3.6
31;2021-03-23;4054;321;113615;50597;8.1;3.6
31;2021-03-24;4354;290;117969;50887;8.4;3.6
31;2021-03-25;6040;522;124009;51409;8.9;3.7
31;2021-03-26;5465;514;129474;51923;9.2;3.7
31;2021-03-27;4349;206;133823;52129;9.6;3.7
31;2021-03-28;2290;48;136113;52177;9.7;3.7
31;2021-03-29;4206;430;140319;52607;10.0;3.8
31;2021-03-30;6593;554;146912;53161;10.5;3.8
31;2021-03-31;5643;376;152555;53537;10.9;3.8
31;2021-04-01;6961;552;159516;54089;11.4;3.9
31;2021-04-02;6100;585;165616;54674;11.8;3.9
31;2021-04-03;3927;151;169543;54825;12.1;3.9
31;2021-04-04;2059;111;171602;54936;12.2;3.9
31;2021-04-05;481;69;172083;55005;12.3;3.9
31;2021-04-06;4162;1150;176245;56155;12.6;4.0
31;2021-04-07;5983;979;182228;57134;13.0;4.1
31;2021-04-08;7565;1031;189793;58165;13.5;4.2
31;2021-04-09;8383;1249;198176;59414;14.1;4.2
31;2021-04-10;4716;542;202892;59956;14.5;4.3
31;2021-04-11;2067;139;204959;60095;14.6;4.3
31;2021-04-12;5997;1829;210956;61924;15.1;4.4
31;2021-04-13;8028;2021;218984;63945;15.6;4.6
31;2021-04-14;6649;1928;225633;65873;16.1;4.7
31;2021-04-15;7769;2234;233402;68107;16.7;4.9
31;2021-04-16;7177;2090;240579;70197;17.2;5.0
31;2021-04-17;4413;899;244992;71096;17.5;5.1
31;2021-04-18;2512;354;247504;71450;17.7;5.1
31;2021-04-19;5221;2025;252725;73475;18.0;5.2
31;2021-04-20;6071;2843;258796;76318;18.5;5.4
31;2021-04-21;5975;2795;264771;79113;18.9;5.6
31;2021-04-22;6381;3238;271152;82351;19.4;5.9
31;2021-04-23;6276;2578;277428;84929;19.8;6.1
31;2021-04-24;1615;3137;279043;88066;19.9;6.3
31;2021-04-25;686;2094;279729;90160;20.0;6.4
31;2021-04-26;3792;3222;283521;93382;20.2;6.7
31;2021-04-27;4517;3901;288038;97283;20.6;6.9
31;2021-04-28;4545;3522;292583;100805;20.9;7.2
31;2021-04-29;5181;4040;297764;104845;21.3;7.5
31;2021-04-30;5035;4133;302799;108978;21.6;7.8
31;2021-05-01;1487;3120;304286;112098;21.7;8.0
31;2021-05-02;1414;1981;305700;114079;21.8;8.1
31;2021-05-03;5653;2423;311353;116502;22.2;8.3
31;2021-05-04;4781;4741;316134;121243;22.6;8.7
31;2021-05-05;2991;5720;319125;126963;22.8;9.1
31;2021-05-06;3631;7383;322756;134346;23.0;9.6
31;2021-05-07;5258;7176;328014;141522;23.4;10.1
31;2021-05-08;3634;3104;331648;144626;23.7;10.3
31;2021-05-09;3761;2310;335409;146936;23.9;10.5
31;2021-05-10;5686;5479;341095;152415;24.3;10.9
31;2021-05-11;6650;6703;347745;159118;24.8;11.4
31;2021-05-12;6171;5919;353916;165037;25.3;11.8
31;2021-05-13;4644;2063;358560;167100;25.6;11.9
31;2021-05-14;6907;3983;365467;171083;26.1;12.2
31;2021-05-15;5144;1753;370611;172836;26.5;12.3
31;2021-05-16;3299;633;373910;173469;26.7;12.4
31;2021-05-17;5142;4150;379052;177619;27.1;12.7
31;2021-05-18;5588;4271;384640;181890;27.5;13.0
31;2021-05-19;5780;3763;390420;185653;27.9;13.3
31;2021-05-20;6475;4808;396895;190461;28.3;13.6
31;2021-05-21;5983;4605;402878;195066;28.8;13.9
31;2021-05-22;4082;1628;406960;196694;29.0;14.0
31;2021-05-23;3584;343;410544;197037;29.3;14.1
31;2021-05-24;3879;708;414423;197745;29.6;14.1
31;2021-05-25;6189;3610;420612;201355;30.0;14.4
31;2021-05-26;5606;4642;426218;205997;30.4;14.7
31;2021-05-27;4782;6199;431000;212196;30.8;15.1
31;2021-05-28;4113;6348;435113;218544;31.1;15.6
31;2021-05-29;1918;4030;437031;222574;31.2;15.9
31;2021-05-30;750;2362;437781;224936;31.2;16.1
31;2021-05-31;4397;5089;442178;230025;31.6;16.4
31;2021-06-01;5955;6564;448133;236589;32.0;16.9
31;2021-06-02;5799;6309;453932;242898;32.4;17.3
31;2021-06-03;7308;8144;461240;251042;32.9;17.9
31;2021-06-04;7538;7165;468778;258207;33.5;18.4
31;2021-06-05;9078;2775;477856;260982;34.1;18.6
31;2021-06-06;8109;1579;485965;262561;34.7;18.7
31;2021-06-07;7987;5471;493952;268032;35.3;19.1
31;2021-06-08;9102;6046;503054;274078;35.9;19.6
31;2021-06-09;8917;5525;511971;279603;36.5;20.0
31;2021-06-10;9781;6351;521752;285954;37.2;20.4
31;2021-06-11;10046;6637;531798;292591;38.0;20.9
31;2021-06-12;8793;3016;540591;295607;38.6;21.1
31;2021-06-13;8374;2007;548965;297614;39.2;21.2
31;2021-06-14;8429;6730;557394;304344;39.8;21.7
31;2021-06-15;9762;7438;567156;311782;40.5;22.3
31;2021-06-16;8733;5256;575889;317038;41.1;22.6
31;2021-06-17;8274;6602;584163;323640;41.7;23.1
31;2021-06-18;8549;7746;592712;331386;42.3;23.7
31;2021-06-19;7364;5431;600076;336817;42.8;24.0
31;2021-06-20;5570;3725;605646;340542;43.2;24.3
31;2021-06-21;5373;6915;611019;347457;43.6;24.8
31;2021-06-22;4974;8220;615993;355677;44.0;25.4
31;2021-06-23;5107;7277;621100;362954;44.3;25.9
31;2021-06-24;4633;8322;625733;371276;44.7;26.5
31;2021-06-25;5016;9307;630749;380583;45.0;27.2
31;2021-06-26;4284;6394;635033;386977;45.3;27.6
31;2021-06-27;3596;4104;638629;391081;45.6;27.9
31;2021-06-28;4098;6646;642727;397727;45.9;28.4
31;2021-06-29;3795;7562;646522;405289;46.1;28.9
31;2021-06-30;4272;7803;650794;413092;46.5;29.5
31;2021-07-01;4077;8467;654871;421559;46.7;30.1
31;2021-07-02;4103;9325;658974;430884;47.0;30.8
31;2021-07-03;4096;6110;663070;436994;47.3;31.2
31;2021-07-04;3204;4803;666274;441797;47.6;31.5
31;2021-07-05;4049;7091;670323;448888;47.8;32.0
31;2021-07-06;3875;8367;674198;457255;48.1;32.6
31;2021-07-07;3963;7963;678161;465218;48.4;33.2
31;2021-07-08;4040;8540;682201;473758;48.7;33.8
31;2021-07-09;4456;8792;686657;482550;49.0;34.4
31;2021-07-10;3917;5496;690574;488046;49.3;34.8
31;2021-07-11;3137;4118;693711;492164;49.5;35.1
31;2021-07-12;3814;8622;697525;500786;49.8;35.7
31;2021-07-13;6916;9423;704441;510209;50.3;36.4
31;2021-07-14;6150;3913;710591;514122;50.7;36.7
31;2021-07-15;8451;9416;719042;523538;51.3;37.4
31;2021-07-16;7746;9896;726788;533434;51.9;38.1
31;2021-07-17;8347;10529;735135;543963;52.5;38.8
31;2021-07-18;6616;9449;741751;553412;52.9;39.5
31;2021-07-19;4777;10769;746528;564181;53.3;40.3
31;2021-07-20;7138;11457;753666;575638;53.8;41.1
31;2021-07-21;7005;11521;760671;587159;54.3;41.9
31;2021-07-22;8138;11742;768809;598901;54.9;42.8
31;2021-07-23;7420;11787;776229;610688;55.4;43.6
31;2021-07-24;10255;10518;786484;621206;56.1;44.3
31;2021-07-25;7530;8775;794014;629981;56.7;45.0
31;2021-07-26;5496;9510;799510;639491;57.1;45.6
31;2021-07-27;7919;9169;807429;648660;57.6;46.3
31;2021-07-28;8636;8249;816065;656909;58.3;46.9
31;2021-07-29;8804;8010;824869;664919;58.9;47.5
31;2021-07-30;7630;7960;832499;672879;59.4;48.0
31;2021-07-31;5985;7377;838484;680256;59.9;48.6
31;2021-08-01;4396;4282;842880;684538;60.2;48.9
31;2021-08-02;5458;5403;848338;689941;60.6;49.2
31;2021-08-03;5839;5174;854177;695115;61.0;49.6
31;2021-08-04;5863;4781;860040;699896;61.4;50.0
31;2021-08-05;5526;7194;865566;707090;61.8;50.5
31;2021-08-06;5247;7318;870813;714408;62.2;51.0
31;2021-08-07;4573;6632;875386;721040;62.5;51.5
31;2021-08-08;3366;5558;878752;726598;62.7;51.9
31;2021-08-09;4363;7003;883115;733601;63.0;52.4
31;2021-08-10;4624;6263;887739;739864;63.4;52.8
31;2021-08-11;4502;5842;892241;745706;63.7;53.2
31;2021-08-12;4489;6712;896730;752418;64.0;53.7
32;2020-12-27;0;0;0;0;0.0;0.0
32;2020-12-28;0;0;0;0;0.0;0.0
32;2020-12-29;0;0;0;0;0.0;0.0
32;2020-12-30;0;0;0;0;0.0;0.0
32;2020-12-31;0;0;0;0;0.0;0.0
32;2021-01-01;0;0;0;0;0.0;0.0
32;2021-01-02;0;0;0;0;0.0;0.0
32;2021-01-03;0;0;0;0;0.0;0.0
32;2021-01-04;3;0;3;0;0.0;0.0
32;2021-01-05;1;0;4;0;0.0;0.0
32;2021-01-06;2;0;6;0;0.0;0.0
32;2021-01-07;155;0;161;0;0.1;0.0
32;2021-01-08;70;0;231;0;0.1;0.0
32;2021-01-09;5;0;236;0;0.1;0.0
32;2021-01-10;1;0;237;0;0.1;0.0
32;2021-01-11;11;0;248;0;0.1;0.0
32;2021-01-12;96;0;344;0;0.2;0.0
32;2021-01-13;325;0;669;0;0.4;0.0
32;2021-01-14;377;3;1046;3;0.6;0.0
32;2021-01-15;448;1;1494;4;0.8;0.0
32;2021-01-16;16;2;1510;6;0.8;0.0
32;2021-01-17;1;0;1511;6;0.8;0.0
32;2021-01-18;345;1;1856;7;1.0;0.0
32;2021-01-19;418;0;2274;7;1.2;0.0
32;2021-01-20;358;0;2632;7;1.4;0.0
32;2021-01-21;582;0;3214;7;1.7;0.0
32;2021-01-22;371;0;3585;7;1.9;0.0
32;2021-01-23;180;0;3765;7;2.0;0.0
32;2021-01-24;5;0;3770;7;2.0;0.0
32;2021-01-25;466;1;4236;8;2.2;0.0
32;2021-01-26;607;0;4843;8;2.5;0.0
32;2021-01-27;703;4;5546;12;2.9;0.0
32;2021-01-28;687;16;6233;28;3.3;0.0
32;2021-01-29;460;53;6693;81;3.5;0.0
32;2021-01-30;260;0;6953;81;3.7;0.0
32;2021-01-31;4;5;6957;86;3.7;0.0
32;2021-02-01;288;58;7245;144;3.8;0.1
32;2021-02-02;636;139;7881;283;4.1;0.1
32;2021-02-03;338;200;8219;483;4.3;0.3
32;2021-02-04;426;279;8645;762;4.5;0.4
32;2021-02-05;348;360;8993;1122;4.7;0.6
32;2021-02-06;147;0;9140;1122;4.8;0.6
32;2021-02-07;0;36;9140;1158;4.8;0.6
32;2021-02-08;278;122;9418;1280;5.0;0.7
32;2021-02-09;309;229;9727;1509;5.1;0.8
32;2021-02-10;269;253;9996;1762;5.3;0.9
32;2021-02-11;382;317;10378;2079;5.5;1.1
32;2021-02-12;297;280;10675;2359;5.6;1.2
32;2021-02-13;249;1;10924;2360;5.7;1.2
32;2021-02-14;0;28;10924;2388;5.7;1.3
32;2021-02-15;25;212;10949;2600;5.8;1.4
32;2021-02-16;393;367;11342;2967;6.0;1.6
32;2021-02-17;190;474;11532;3441;6.1;1.8
32;2021-02-18;331;494;11863;3935;6.2;2.1
32;2021-02-19;185;279;12048;4214;6.3;2.2
32;2021-02-20;1;120;12049;4334;6.3;2.3
32;2021-02-21;0;0;12049;4334;6.3;2.3
32;2021-02-22;158;385;12207;4719;6.4;2.5
32;2021-02-23;431;566;12638;5285;6.7;2.8
32;2021-02-24;277;380;12915;5665;6.8;3.0
32;2021-02-25;480;518;13395;6183;7.0;3.3
32;2021-02-26;444;385;13839;6568;7.3;3.5
32;2021-02-27;157;246;13996;6814;7.4;3.6
32;2021-02-28;4;0;14000;6814;7.4;3.6
32;2021-03-01;51;300;14051;7114;7.4;3.7
32;2021-03-02;414;446;14465;7560;7.6;4.0
32;2021-03-03;276;292;14741;7852;7.8;4.1
32;2021-03-04;538;338;15279;8190;8.0;4.3
32;2021-03-05;436;249;15715;8439;8.3;4.4
32;2021-03-06;522;166;16237;8605;8.5;4.5
32;2021-03-07;25;5;16262;8610;8.6;4.5
32;2021-03-08;234;292;16496;8902;8.7;4.7
32;2021-03-09;642;329;17138;9231;9.0;4.9
32;2021-03-10;482;329;17620;9560;9.3;5.0
32;2021-03-11;854;293;18474;9853;9.7;5.2
32;2021-03-12;882;341;19356;10194;10.2;5.4
32;2021-03-13;490;248;19846;10442;10.4;5.5
32;2021-03-14;1;0;19847;10442;10.4;5.5
32;2021-03-15;267;26;20114;10468;10.6;5.5
32;2021-03-16;314;307;20428;10775;10.7;5.7
32;2021-03-17;150;156;20578;10931;10.8;5.8
32;2021-03-18;374;308;20952;11239;11.0;5.9
32;2021-03-19;403;182;21355;11421;11.2;6.0
32;2021-03-20;136;33;21491;11454;11.3;6.0
32;2021-03-21;0;0;21491;11454;11.3;6.0
32;2021-03-22;340;170;21831;11624;11.5;6.1
32;2021-03-23;560;398;22391;12022;11.8;6.3
32;2021-03-24;643;270;23034;12292;12.1;6.5
32;2021-03-25;897;416;23931;12708;12.6;6.7
32;2021-03-26;657;294;24588;13002;12.9;6.8
32;2021-03-27;165;3;24753;13005;13.0;6.8
32;2021-03-28;1;1;24754;13006;13.0;6.8
32;2021-03-29;371;48;25125;13054;13.2;6.9
32;2021-03-30;766;290;25891;13344;13.6;7.0
32;2021-03-31;654;172;26545;13516;14.0;7.1
32;2021-04-01;1237;321;27782;13837;14.6;7.3
32;2021-04-02;575;167;28357;14004;14.9;7.4
32;2021-04-03;114;0;28471;14004;15.0;7.4
32;2021-04-04;0;0;28471;14004;15.0;7.4
32;2021-04-05;0;0;28471;14004;15.0;7.4
32;2021-04-06;2645;309;31116;14313;16.4;7.5
32;2021-04-07;1178;204;32294;14517;17.0;7.6
32;2021-04-08;1737;406;34031;14923;17.9;7.9
32;2021-04-09;882;217;34913;15140;18.4;8.0
32;2021-04-10;808;29;35721;15169;18.8;8.0
32;2021-04-11;14;0;35735;15169;18.8;8.0
32;2021-04-12;477;23;36212;15192;19.1;8.0
32;2021-04-13;2468;383;38680;15575;20.4;8.2
32;2021-04-14;1227;263;39907;15838;21.0;8.3
32;2021-04-15;1704;392;41611;16230;21.9;8.5
32;2021-04-16;638;282;42249;16512;22.2;8.7
32;2021-04-17;781;38;43030;16550;22.6;8.7
32;2021-04-18;13;1;43043;16551;22.6;8.7
32;2021-04-19;502;46;43545;16597;22.9;8.7
32;2021-04-20;2472;389;46017;16986;24.2;8.9
32;2021-04-21;1009;300;47026;17286;24.7;9.1
32;2021-04-22;1662;321;48688;17607;25.6;9.3
32;2021-04-23;546;158;49234;17765;25.9;9.3
32;2021-04-24;1392;55;50626;17820;26.6;9.4
32;2021-04-25;0;11;50626;17831;26.6;9.4
32;2021-04-26;387;359;51013;18190;26.8;9.6
32;2021-04-27;2549;552;53562;18742;28.2;9.9
32;2021-04-28;971;354;54533;19096;28.7;10.0
32;2021-04-29;1009;885;55542;19981;29.2;10.5
32;2021-04-30;453;361;55995;20342;29.5;10.7
32;2021-05-01;2606;95;58601;20437;30.8;10.8
32;2021-05-02;0;0;58601;20437;30.8;10.8
32;2021-05-03;170;321;58771;20758;30.9;10.9
32;2021-05-04;793;2498;59564;23256;31.3;12.2
32;2021-05-05;2360;1096;61924;24352;32.6;12.8
32;2021-05-06;516;1661;62440;26013;32.9;13.7
32;2021-05-07;2286;539;64726;26552;34.1;14.0
32;2021-05-08;71;516;64797;27068;34.1;14.2
32;2021-05-09;21;179;64818;27247;34.1;14.3
32;2021-05-10;1992;551;66810;27798;35.2;14.6
32;2021-05-11;651;2276;67461;30074;35.5;15.8
32;2021-05-12;2312;1139;69773;31213;36.7;16.4
32;2021-05-13;281;1415;70054;32628;36.9;17.2
32;2021-05-14;2222;327;72276;32955;38.0;17.3
32;2021-05-15;134;712;72410;33667;38.1;17.7
32;2021-05-16;1;0;72411;33667;38.1;17.7
32;2021-05-17;353;170;72764;33837;38.3;17.8
32;2021-05-18;1642;297;74406;34134;39.2;18.0
32;2021-05-19;2472;274;76878;34408;40.5;18.1
32;2021-05-20;2887;473;79765;34881;42.0;18.4
32;2021-05-21;2534;500;82299;35381;43.3;18.6
32;2021-05-22;335;111;82634;35492;43.5;18.7
32;2021-05-23;2;13;82636;35505;43.5;18.7
32;2021-05-24;3;0;82639;35505;43.5;18.7
32;2021-05-25;1983;372;84622;35877;44.5;18.9
32;2021-05-26;2545;555;87167;36432;45.9;19.2
32;2021-05-27;2877;627;90044;37059;47.4;19.5
32;2021-05-28;2311;766;92355;37825;48.6;19.9
32;2021-05-29;372;311;92727;38136;48.8;20.1
32;2021-05-30;4;6;92731;38142;48.8;20.1
32;2021-05-31;1413;625;94144;38767;49.5;20.4
32;2021-06-01;564;2887;94708;41654;49.8;21.9
32;2021-06-02;1578;1354;96286;43008;50.7;22.6
32;2021-06-03;396;2086;96682;45094;50.9;23.7
32;2021-06-04;1837;831;98519;45925;51.8;24.2
32;2021-06-05;207;1663;98726;47588;52.0;25.0
32;2021-06-06;8;14;98734;47602;52.0;25.0
32;2021-06-07;103;418;98837;48020;52.0;25.3
32;2021-06-08;663;2540;99500;50560;52.4;26.6
32;2021-06-09;1191;1053;100691;51613;53.0;27.2
32;2021-06-10;684;1225;101375;52838;53.3;27.8
32;2021-06-11;927;663;102302;53501;53.8;28.2
32;2021-06-12;151;2679;102453;56180;53.9;29.6
32;2021-06-13;1;1;102454;56181;53.9;29.6
32;2021-06-14;529;209;102983;56390;54.2;29.7
32;2021-06-15;1734;1025;104717;57415;55.1;30.2
32;2021-06-16;850;2778;105567;60193;55.5;31.7
32;2021-06-17;860;829;106427;61022;56.0;32.1
32;2021-06-18;314;2723;106741;63745;56.2;33.5
32;2021-06-19;914;436;107655;64181;56.6;33.8
32;2021-06-20;5;13;107660;64194;56.7;33.8
32;2021-06-21;67;1994;107727;66188;56.7;34.8
32;2021-06-22;1043;967;108770;67155;57.2;35.3
32;2021-06-23;516;2183;109286;69338;57.5;36.5
32;2021-06-24;525;518;109811;69856;57.8;36.8
32;2021-06-25;500;2359;110311;72215;58.0;38.0
32;2021-06-26;108;171;110419;72386;58.1;38.1
32;2021-06-27;2;5;110421;72391;58.1;38.1
32;2021-06-28;629;601;111050;72992;58.4;38.4
32;2021-06-29;801;1984;111851;74976;58.9;39.5
32;2021-06-30;758;2724;112609;77700;59.3;40.9
32;2021-07-01;538;2639;113147;80339;59.5;42.3
32;2021-07-02;639;2334;113786;82673;59.9;43.5
32;2021-07-03;483;509;114269;83182;60.1;43.8
32;2021-07-04;1;12;114270;83194;60.1;43.8
32;2021-07-05;71;391;114341;83585;60.2;44.0
32;2021-07-06;873;2078;115214;85663;60.6;45.1
32;2021-07-07;778;2754;115992;88417;61.0;46.5
32;2021-07-08;476;2265;116468;90682;61.3;47.7
32;2021-07-09;614;2226;117082;92908;61.6;48.9
32;2021-07-10;536;521;117618;93429;61.9;49.2
32;2021-07-11;0;5;117618;93434;61.9;49.2
32;2021-07-12;526;1243;118144;94677;62.2;49.8
32;2021-07-13;1695;1815;119839;96492;63.1;50.8
32;2021-07-14;486;33;120325;96525;63.3;50.8
32;2021-07-15;2092;885;122417;97410;64.4;51.3
32;2021-07-16;1168;1911;123585;99321;65.0;52.3
32;2021-07-17;78;128;123663;99449;65.1;52.3
32;2021-07-18;2;5;123665;99454;65.1;52.3
32;2021-07-19;1994;144;125659;99598;66.1;52.4
32;2021-07-20;2031;1262;127690;100860;67.2;53.1
32;2021-07-21;1606;1687;129296;102547;68.0;54.0
32;2021-07-22;1945;498;131241;103045;69.1;54.2
32;2021-07-23;1401;1725;132642;104770;69.8;55.1
32;2021-07-24;138;119;132780;104889;69.9;55.2
32;2021-07-25;34;10;132814;104899;69.9;55.2
32;2021-07-26;1070;1066;133884;105965;70.5;55.8
32;2021-07-27;1718;2093;135602;108058;71.4;56.9
32;2021-07-28;687;975;136289;109033;71.7;57.4
32;2021-07-29;1685;1598;137974;110631;72.6;58.2
32;2021-07-30;361;349;138335;110980;72.8;58.4
32;2021-07-31;185;349;138520;111329;72.9;58.6
32;2021-08-01;17;4;138537;111333;72.9;58.6
32;2021-08-02;80;77;138617;111410;72.9;58.6
32;2021-08-03;1177;1788;139794;113198;73.6;59.6
32;2021-08-04;627;654;140421;113852;73.9;59.9
32;2021-08-05;1100;1935;141521;115787;74.5;60.9
32;2021-08-06;560;494;142081;116281;74.8;61.2
32;2021-08-07;148;92;142229;116373;74.8;61.2
32;2021-08-08;0;0;142229;116373;74.8;61.2
32;2021-08-09;262;1822;142491;118195;75.0;62.2
32;2021-08-10;715;2080;143206;120275;75.4;63.3
32;2021-08-11;576;444;143782;120719;75.7;63.5
32;2021-08-12;932;2100;144714;122819;76.1;64.6
33;2020-12-27;2;0;2;0;0.0;0.0
33;2020-12-28;3;0;5;0;0.0;0.0
33;2020-12-29;0;0;5;0;0.0;0.0
33;2020-12-30;0;0;5;0;0.0;0.0
33;2020-12-31;0;0;5;0;0.0;0.0
33;2021-01-01;0;0;5;0;0.0;0.0
33;2021-01-02;1;0;6;0;0.0;0.0
33;2021-01-03;0;0;6;0;0.0;0.0
33;2021-01-04;2;0;8;0;0.0;0.0
33;2021-01-05;2;0;10;0;0.0;0.0
33;2021-01-06;134;0;144;0;0.0;0.0
33;2021-01-07;1307;1;1451;1;0.1;0.0
33;2021-01-08;1199;2;2650;3;0.2;0.0
33;2021-01-09;297;1;2947;4;0.2;0.0
33;2021-01-10;229;0;3176;4;0.2;0.0
33;2021-01-11;627;0;3803;4;0.2;0.0
33;2021-01-12;1417;2;5220;6;0.3;0.0
33;2021-01-13;1313;8;6533;14;0.4;0.0
33;2021-01-14;1281;13;7814;27;0.5;0.0
33;2021-01-15;1607;11;9421;38;0.6;0.0
33;2021-01-16;566;8;9987;46;0.6;0.0
33;2021-01-17;406;4;10393;50;0.6;0.0
33;2021-01-18;1222;11;11615;61;0.7;0.0
33;2021-01-19;2927;4;14542;65;0.9;0.0
33;2021-01-20;3396;9;17938;74;1.1;0.0
33;2021-01-21;2855;5;20793;79;1.3;0.0
33;2021-01-22;2322;8;23115;87;1.4;0.0
33;2021-01-23;849;2;23964;89;1.5;0.0
33;2021-01-24;528;2;24492;91;1.5;0.0
33;2021-01-25;2170;61;26662;152;1.6;0.0
33;2021-01-26;2233;162;28895;314;1.8;0.0
33;2021-01-27;2251;210;31146;524;1.9;0.0
33;2021-01-28;2154;441;33300;965;2.0;0.1
33;2021-01-29;1817;692;35117;1657;2.1;0.1
33;2021-01-30;702;174;35819;1831;2.2;0.1
33;2021-01-31;388;156;36207;1987;2.2;0.1
33;2021-02-01;1456;649;37663;2636;2.3;0.2
33;2021-02-02;2643;1111;40306;3747;2.5;0.2
33;2021-02-03;2912;868;43218;4615;2.6;0.3
33;2021-02-04;4029;1352;47247;5967;2.9;0.4
33;2021-02-05;2186;1165;49433;7132;3.0;0.4
33;2021-02-06;642;201;50075;7333;3.1;0.4
33;2021-02-07;218;233;50293;7566;3.1;0.5
33;2021-02-08;1261;759;51554;8325;3.2;0.5
33;2021-02-09;1324;1690;52878;10015;3.2;0.6
33;2021-02-10;1263;1752;54141;11767;3.3;0.7
33;2021-02-11;1298;1448;55439;13215;3.4;0.8
33;2021-02-12;1115;1259;56554;14474;3.5;0.9
33;2021-02-13;202;295;56756;14769;3.5;0.9
33;2021-02-14;47;246;56803;15015;3.5;0.9
33;2021-02-15;686;1729;57489;16744;3.5;1.0
33;2021-02-16;812;2050;58301;18794;3.6;1.2
33;2021-02-17;666;2047;58967;20841;3.6;1.3
33;2021-02-18;896;2264;59863;23105;3.7;1.4
33;2021-02-19;915;2021;60778;25126;3.7;1.5
33;2021-02-20;77;659;60855;25785;3.7;1.6
33;2021-02-21;37;463;60892;26248;3.7;1.6
33;2021-02-22;705;1892;61597;28140;3.8;1.7
33;2021-02-23;1237;2748;62834;30888;3.8;1.9
33;2021-02-24;1395;2532;64229;33420;3.9;2.0
33;2021-02-25;2828;3760;67057;37180;4.1;2.3
33;2021-02-26;4055;2335;71112;39515;4.4;2.4
33;2021-02-27;1359;725;72471;40240;4.4;2.5
33;2021-02-28;125;519;72596;40759;4.4;2.5
33;2021-03-01;1532;1854;74128;42613;4.5;2.6
33;2021-03-02;2324;1745;76452;44358;4.7;2.7
33;2021-03-03;2303;1700;78755;46058;4.8;2.8
33;2021-03-04;3932;1674;82687;47732;5.1;2.9
33;2021-03-05;5754;1740;88441;49472;5.4;3.0
33;2021-03-06;3412;560;91853;50032;5.6;3.1
33;2021-03-07;742;159;92595;50191;5.7;3.1
33;2021-03-08;2711;1156;95306;51347;5.8;3.1
33;2021-03-09;4397;1337;99703;52684;6.1;3.2
33;2021-03-10;5117;1236;104820;53920;6.4;3.3
33;2021-03-11;7539;1229;112359;55149;6.9;3.4
33;2021-03-12;10113;1162;122472;56311;7.5;3.4
33;2021-03-13;5151;210;127623;56521;7.8;3.5
33;2021-03-14;712;23;128335;56544;7.9;3.5
33;2021-03-15;4438;682;132773;57226;8.1;3.5
33;2021-03-16;3581;874;136354;58100;8.3;3.6
33;2021-03-17;3636;941;139990;59041;8.6;3.6
33;2021-03-18;4032;1409;144022;60450;8.8;3.7
33;2021-03-19;6270;1021;150292;61471;9.2;3.8
33;2021-03-20;3367;99;153659;61570;9.4;3.8
33;2021-03-21;460;28;154119;61598;9.4;3.8
33;2021-03-22;4900;448;159019;62046;9.7;3.8
33;2021-03-23;6316;605;165335;62651;10.1;3.8
33;2021-03-24;7075;531;172410;63182;10.6;3.9
33;2021-03-25;8837;652;181247;63834;11.1;3.9
33;2021-03-26;10036;851;191283;64685;11.7;4.0
33;2021-03-27;3618;83;194901;64768;11.9;4.0
33;2021-03-28;577;33;195478;64801;12.0;4.0
33;2021-03-29;6765;701;202243;65502;12.4;4.0
33;2021-03-30;8095;1039;210338;66541;12.9;4.1
33;2021-03-31;7576;1062;217914;67603;13.3;4.1
33;2021-04-01;8815;1190;226729;68793;13.9;4.2
33;2021-04-02;8402;1554;235131;70347;14.4;4.3
33;2021-04-03;2831;522;237962;70869;14.6;4.3
33;2021-04-04;216;160;238178;71029;14.6;4.3
33;2021-04-05;689;122;238867;71151;14.6;4.4
33;2021-04-06;6049;2698;244916;73849;15.0;4.5
33;2021-04-07;7419;2566;252335;76415;15.4;4.7
33;2021-04-08;10318;2774;262653;79189;16.1;4.8
33;2021-04-09;12684;3083;275337;82272;16.9;5.0
33;2021-04-10;5351;1393;280688;83665;17.2;5.1
33;2021-04-11;1002;354;281690;84019;17.2;5.1
33;2021-04-12;7422;3279;289112;87298;17.7;5.3
33;2021-04-13;9313;3475;298425;90773;18.3;5.6
33;2021-04-14;9036;3644;307461;94417;18.8;5.8
33;2021-04-15;10100;3873;317561;98290;19.4;6.0
33;2021-04-16;9716;4234;327277;102524;20.0;6.3
33;2021-04-17;4652;1658;331929;104182;20.3;6.4
33;2021-04-18;929;413;332858;104595;20.4;6.4
33;2021-04-19;5614;3845;338472;108440;20.7;6.6
33;2021-04-20;7290;4262;345762;112702;21.2;6.9
33;2021-04-21;6594;4349;352356;117051;21.6;7.2
33;2021-04-22;7345;4475;359701;121526;22.0;7.4
33;2021-04-23;7699;4811;367400;126337;22.5;7.7
33;2021-04-24;4498;1801;371898;128138;22.8;7.8
33;2021-04-25;1651;418;373549;128556;22.9;7.9
33;2021-04-26;5261;5085;378810;133641;23.2;8.2
33;2021-04-27;6575;5599;385385;139240;23.6;8.5
33;2021-04-28;6777;5566;392162;144806;24.0;8.9
33;2021-04-29;8419;6227;400581;151033;24.5;9.2
33;2021-04-30;8736;6144;409317;157177;25.1;9.6
33;2021-05-01;2900;513;412217;157690;25.2;9.7
33;2021-05-02;1834;345;414051;158035;25.3;9.7
33;2021-05-03;7014;5220;421065;163255;25.8;10.0
33;2021-05-04;6828;6665;427893;169920;26.2;10.4
33;2021-05-05;7140;7571;435033;177491;26.6;10.9
33;2021-05-06;8704;8242;443737;185733;27.2;11.4
33;2021-05-07;8607;8909;452344;194642;27.7;11.9
33;2021-05-08;3540;1598;455884;196240;27.9;12.0
33;2021-05-09;1116;968;457000;197208;28.0;12.1
33;2021-05-10;6873;7311;463873;204519;28.4;12.5
33;2021-05-11;8639;7823;472512;212342;28.9;13.0
33;2021-05-12;9170;6695;481682;219037;29.5;13.4
33;2021-05-13;5209;2112;486891;221149;29.8;13.5
33;2021-05-14;8131;5362;495022;226511;30.3;13.9
33;2021-05-15;5180;2876;500202;229387;30.6;14.0
33;2021-05-16;1840;804;502042;230191;30.7;14.1
33;2021-05-17;8859;5097;510901;235288;31.3;14.4
33;2021-05-18;10614;4875;521515;240163;31.9;14.7
33;2021-05-19;10905;4782;532420;244945;32.6;15.0
33;2021-05-20;10907;5588;543327;250533;33.3;15.3
33;2021-05-21;10916;6258;554243;256791;33.9;15.7
33;2021-05-22;5121;2751;559364;259542;34.2;15.9
33;2021-05-23;1746;384;561110;259926;34.4;15.9
33;2021-05-24;5410;997;566520;260923;34.7;16.0
33;2021-05-25;9383;5769;575903;266692;35.3;16.3
33;2021-05-26;9679;6029;585582;272721;35.8;16.7
33;2021-05-27;10903;7720;596485;280441;36.5;17.2
33;2021-05-28;10065;9535;606550;289976;37.1;17.8
33;2021-05-29;5040;4112;611590;294088;37.4;18.0
33;2021-05-30;1701;665;613291;294753;37.5;18.0
33;2021-05-31;8556;6427;621847;301180;38.1;18.4
33;2021-06-01;11805;8725;633652;309905;38.8;19.0
33;2021-06-02;11712;8228;645364;318133;39.5;19.5
33;2021-06-03;12711;9196;658075;327329;40.3;20.0
33;2021-06-04;12936;10958;671011;338287;41.1;20.7
33;2021-06-05;5277;5065;676288;343352;41.4;21.0
33;2021-06-06;2525;1192;678813;344544;41.6;21.1
33;2021-06-07;9760;8496;688573;353040;42.2;21.6
33;2021-06-08;11935;9458;700508;362498;42.9;22.2
33;2021-06-09;11774;8536;712282;371034;43.6;22.7
33;2021-06-10;12951;8388;725233;379422;44.4;23.2
33;2021-06-11;12517;11183;737750;390605;45.2;23.9
33;2021-06-12;6188;4477;743938;395082;45.5;24.2
33;2021-06-13;2612;1282;746550;396364;45.7;24.3
33;2021-06-14;8580;10152;755130;406516;46.2;24.9
33;2021-06-15;12054;10271;767184;416787;47.0;25.5
33;2021-06-16;12048;8868;779232;425655;47.7;26.1
33;2021-06-17;13076;9617;792308;435272;48.5;26.6
33;2021-06-18;11788;11437;804096;446709;49.2;27.3
33;2021-06-19;5610;4816;809706;451525;49.6;27.6
33;2021-06-20;2945;1474;812651;452999;49.8;27.7
33;2021-06-21;7871;10162;820522;463161;50.2;28.4
33;2021-06-22;9058;11087;829580;474248;50.8;29.0
33;2021-06-23;8658;10841;838238;485089;51.3;29.7
33;2021-06-24;9739;9979;847977;495068;51.9;30.3
33;2021-06-25;8039;13714;856016;508782;52.4;31.1
33;2021-06-26;4341;5919;860357;514701;52.7;31.5
33;2021-06-27;2468;1962;862825;516663;52.8;31.6
33;2021-06-28;4873;12771;867698;529434;53.1;32.4
33;2021-06-29;6442;13645;874140;543079;53.5;33.2
33;2021-06-30;6670;13386;880810;556465;53.9;34.1
33;2021-07-01;8038;11811;888848;568276;54.4;34.8
33;2021-07-02;6806;15110;895654;583386;54.8;35.7
33;2021-07-03;3204;6775;898858;590161;55.0;36.1
33;2021-07-04;2065;2379;900923;592540;55.2;36.3
33;2021-07-05;4386;12911;905309;605451;55.4;37.1
33;2021-07-06;6125;14596;911434;620047;55.8;38.0
33;2021-07-07;6734;13052;918168;633099;56.2;38.8
33;2021-07-08;7927;12744;926095;645843;56.7;39.5
33;2021-07-09;6357;15108;932452;660951;57.1;40.5
33;2021-07-10;3097;7159;935549;668110;57.3;40.9
33;2021-07-11;1841;2298;937390;670408;57.4;41.0
33;2021-07-12;3911;14704;941301;685112;57.6;41.9
33;2021-07-13;7116;16114;948417;701226;58.1;42.9
33;2021-07-14;3669;5315;952086;706541;58.3;43.3
33;2021-07-15;7547;15967;959633;722508;58.7;44.2
33;2021-07-16;8525;15152;968158;737660;59.3;45.2
33;2021-07-17;3105;6435;971263;744095;59.5;45.6
33;2021-07-18;1692;3207;972955;747302;59.6;45.8
33;2021-07-19;5799;15106;978754;762408;59.9;46.7
33;2021-07-20;7379;16137;986133;778545;60.4;47.7
33;2021-07-21;8314;14542;994447;793087;60.9;48.6
33;2021-07-22;9317;15115;1003764;808202;61.5;49.5
33;2021-07-23;9566;16354;1013330;824556;62.0;50.5
33;2021-07-24;3790;7552;1017120;832108;62.3;50.9
33;2021-07-25;2079;2659;1019199;834767;62.4;51.1
33;2021-07-26;6882;13412;1026081;848179;62.8;51.9
33;2021-07-27;9965;13395;1036046;861574;63.4;52.7
33;2021-07-28;10854;11958;1046900;873532;64.1;53.5
33;2021-07-29;11587;11888;1058487;885420;64.8;54.2
33;2021-07-30;11307;12201;1069794;897621;65.5;55.0
33;2021-07-31;4709;5641;1074503;903262;65.8;55.3
33;2021-08-01;2464;1945;1076967;905207;65.9;55.4
33;2021-08-02;8306;9877;1085273;915084;66.4;56.0
33;2021-08-03;11428;9004;1096701;924088;67.1;56.6
33;2021-08-04;11817;7334;1108518;931422;67.9;57.0
33;2021-08-05;11828;8003;1120346;939425;68.6;57.5
33;2021-08-06;11120;9029;1131466;948454;69.3;58.1
33;2021-08-07;5873;4495;1137339;952949;69.6;58.3
33;2021-08-08;3187;1814;1140526;954763;69.8;58.5
33;2021-08-09;8580;8710;1149106;963473;70.3;59.0
33;2021-08-10;9283;8401;1158389;971874;70.9;59.5
33;2021-08-11;8052;7554;1166441;979428;71.4;60.0
33;2021-08-12;7906;7987;1174347;987415;71.9;60.5
34;2020-12-27;1;0;1;0;0.0;0.0
34;2020-12-28;1;0;2;0;0.0;0.0
34;2020-12-29;0;0;2;0;0.0;0.0
34;2020-12-30;0;0;2;0;0.0;0.0
34;2020-12-31;0;0;2;0;0.0;0.0
34;2021-01-01;1;0;3;0;0.0;0.0
34;2021-01-02;2;0;5;0;0.0;0.0
34;2021-01-03;0;0;5;0;0.0;0.0
34;2021-01-04;21;0;26;0;0.0;0.0
34;2021-01-05;106;2;132;2;0.0;0.0
34;2021-01-06;198;1;330;3;0.0;0.0
34;2021-01-07;364;0;694;3;0.1;0.0
34;2021-01-08;606;0;1300;3;0.1;0.0
34;2021-01-09;244;0;1544;3;0.1;0.0
34;2021-01-10;93;1;1637;4;0.1;0.0
34;2021-01-11;561;2;2198;6;0.2;0.0
34;2021-01-12;1007;1;3205;7;0.3;0.0
34;2021-01-13;1098;6;4303;13;0.4;0.0
34;2021-01-14;1955;13;6258;26;0.5;0.0
34;2021-01-15;1468;5;7726;31;0.7;0.0
34;2021-01-16;331;7;8057;38;0.7;0.0
34;2021-01-17;233;1;8290;39;0.7;0.0
34;2021-01-18;1124;4;9414;43;0.8;0.0
34;2021-01-19;1610;7;11024;50;0.9;0.0
34;2021-01-20;2062;8;13086;58;1.1;0.0
34;2021-01-21;4208;10;17294;68;1.5;0.0
34;2021-01-22;2549;8;19843;76;1.7;0.0
34;2021-01-23;598;2;20441;78;1.7;0.0
34;2021-01-24;2;0;20443;78;1.7;0.0
34;2021-01-25;1241;5;21684;83;1.8;0.0
34;2021-01-26;1458;21;23142;104;2.0;0.0
34;2021-01-27;1466;23;24608;127;2.1;0.0
34;2021-01-28;1392;125;26000;252;2.2;0.0
34;2021-01-29;1258;136;27258;388;2.3;0.0
34;2021-01-30;479;25;27737;413;2.4;0.0
34;2021-01-31;4;0;27741;413;2.4;0.0
34;2021-02-01;1028;251;28769;664;2.4;0.1
34;2021-02-02;1458;444;30227;1108;2.6;0.1
34;2021-02-03;2653;526;32880;1634;2.8;0.1
34;2021-02-04;2304;886;35184;2520;3.0;0.2
34;2021-02-05;1888;1184;37072;3704;3.2;0.3
34;2021-02-06;491;239;37563;3943;3.2;0.3
34;2021-02-07;31;107;37594;4050;3.2;0.3
34;2021-02-08;860;1065;38454;5115;3.3;0.4
34;2021-02-09;1031;1312;39485;6427;3.4;0.5
34;2021-02-10;1293;1509;40778;7936;3.5;0.7
34;2021-02-11;1782;2712;42560;10648;3.6;0.9
34;2021-02-12;1920;1647;44480;12295;3.8;1.0
34;2021-02-13;356;513;44836;12808;3.8;1.1
34;2021-02-14;21;287;44857;13095;3.8;1.1
34;2021-02-15;673;1214;45530;14309;3.9;1.2
34;2021-02-16;665;1533;46195;15842;3.9;1.3
34;2021-02-17;711;1527;46906;17369;4.0;1.5
34;2021-02-18;837;1501;47743;18870;4.1;1.6
34;2021-02-19;816;1229;48559;20099;4.1;1.7
34;2021-02-20;301;485;48860;20584;4.2;1.8
34;2021-02-21;64;18;48924;20602;4.2;1.8
34;2021-02-22;629;1309;49553;21911;4.2;1.9
34;2021-02-23;562;1481;50115;23392;4.3;2.0
34;2021-02-24;937;2341;51052;25733;4.3;2.2
34;2021-02-25;1605;2281;52657;28014;4.5;2.4
34;2021-02-26;1850;1626;54507;29640;4.6;2.5
34;2021-02-27;701;435;55208;30075;4.7;2.6
34;2021-02-28;86;64;55294;30139;4.7;2.6
34;2021-03-01;928;1164;56222;31303;4.8;2.7
34;2021-03-02;1588;1283;57810;32586;4.9;2.8
34;2021-03-03;1832;1413;59642;33999;5.1;2.9
34;2021-03-04;2860;1623;62502;35622;5.3;3.0
34;2021-03-05;3686;1545;66188;37167;5.6;3.2
34;2021-03-06;2643;206;68831;37373;5.9;3.2
34;2021-03-07;1242;78;70073;37451;6.0;3.2
34;2021-03-08;2779;1016;72852;38467;6.2;3.3
34;2021-03-09;4014;1456;76866;39923;6.5;3.4
34;2021-03-10;3992;1334;80858;41257;6.9;3.5
34;2021-03-11;5434;1299;86292;42556;7.3;3.6
34;2021-03-12;6492;921;92784;43477;7.9;3.7
34;2021-03-13;3134;178;95918;43655;8.2;3.7
34;2021-03-14;1001;54;96919;43709;8.2;3.7
34;2021-03-15;3300;566;100219;44275;8.5;3.8
34;2021-03-16;2912;659;103131;44934;8.8;3.8
34;2021-03-17;3303;732;106434;45666;9.0;3.9
34;2021-03-18;3446;919;109880;46585;9.3;4.0
34;2021-03-19;4690;790;114570;47375;9.7;4.0
34;2021-03-20;3142;61;117712;47436;10.0;4.0
34;2021-03-21;1993;60;119705;47496;10.2;4.0
34;2021-03-22;3682;466;123387;47962;10.5;4.1
34;2021-03-23;4957;538;128344;48500;10.9;4.1
34;2021-03-24;5213;644;133557;49144;11.4;4.2
34;2021-03-25;7197;715;140754;49859;12.0;4.2
34;2021-03-26;7168;570;147922;50429;12.6;4.3
34;2021-03-27;2372;81;150294;50510;12.8;4.3
34;2021-03-28;698;17;150992;50527;12.8;4.3
34;2021-03-29;4183;760;155175;51287;13.2;4.4
34;2021-03-30;5219;970;160394;52257;13.6;4.4
34;2021-03-31;5065;1197;165459;53454;14.1;4.5
34;2021-04-01;7032;1030;172491;54484;14.7;4.6
34;2021-04-02;5818;1180;178309;55664;15.2;4.7
34;2021-04-03;1138;85;179447;55749;15.3;4.7
34;2021-04-04;164;5;179611;55754;15.3;4.7
34;2021-04-05;432;26;180043;55780;15.3;4.7
34;2021-04-06;3132;2457;183175;58237;15.6;5.0
34;2021-04-07;3384;2643;186559;60880;15.9;5.2
34;2021-04-08;5249;2818;191808;63698;16.3;5.4
34;2021-04-09;8071;2488;199879;66186;17.0;5.6
34;2021-04-10;3165;1367;203044;67553;17.3;5.7
34;2021-04-11;1715;804;204759;68357;17.4;5.8
34;2021-04-12;4481;2525;209240;70882;17.8;6.0
34;2021-04-13;5237;3057;214477;73939;18.2;6.3
34;2021-04-14;5617;3233;220094;77172;18.7;6.6
34;2021-04-15;6993;3167;227087;80339;19.3;6.8
34;2021-04-16;6570;3163;233657;83502;19.9;7.1
34;2021-04-17;2375;2068;236032;85570;20.1;7.3
34;2021-04-18;988;1719;237020;87289;20.2;7.4
34;2021-04-19;3420;3127;240440;90416;20.4;7.7
34;2021-04-20;3763;3668;244203;94084;20.8;8.0
34;2021-04-21;4243;3720;248446;97804;21.1;8.3
34;2021-04-22;4482;4613;252928;102417;21.5;8.7
34;2021-04-23;5370;3526;258298;105943;22.0;9.0
34;2021-04-24;3163;1577;261461;107520;22.2;9.1
34;2021-04-25;1919;644;263380;108164;22.4;9.2
34;2021-04-26;4219;3478;267599;111642;22.8;9.5
34;2021-04-27;5125;4021;272724;115663;23.2;9.8
34;2021-04-28;5765;3548;278489;119211;23.7;10.1
34;2021-04-29;6421;3946;284910;123157;24.2;10.5
34;2021-04-30;7868;3295;292778;126452;24.9;10.8
34;2021-05-01;2401;501;295179;126953;25.1;10.8
34;2021-05-02;3259;322;298438;127275;25.4;10.8
34;2021-05-03;6574;2895;305012;130170;25.9;11.1
34;2021-05-04;7110;3802;312122;133972;26.5;11.4
34;2021-05-05;6498;4531;318620;138503;27.1;11.8
34;2021-05-06;6944;5211;325564;143714;27.7;12.2
34;2021-05-07;6926;5682;332490;149396;28.3;12.7
34;2021-05-08;3607;1169;336097;150565;28.6;12.8
34;2021-05-09;2179;1287;338276;151852;28.8;12.9
34;2021-05-10;5862;4804;344138;156656;29.3;13.3
34;2021-05-11;7414;5332;351552;161988;29.9;13.8
34;2021-05-12;7750;4466;359302;166454;30.5;14.2
34;2021-05-13;6120;777;365422;167231;31.1;14.2
34;2021-05-14;7484;3732;372906;170963;31.7;14.5
34;2021-05-15;4865;1691;377771;172654;32.1;14.7
34;2021-05-16;4950;459;382721;173113;32.5;14.7
34;2021-05-17;8692;1984;391413;175097;33.3;14.9
34;2021-05-18;9139;1970;400552;177067;34.1;15.1
34;2021-05-19;8627;1806;409179;178873;34.8;15.2
34;2021-05-20;8868;2509;418047;181382;35.5;15.4
34;2021-05-21;8782;3220;426829;184602;36.3;15.7
34;2021-05-22;5789;1149;432618;185751;36.8;15.8
34;2021-05-23;3881;548;436499;186299;37.1;15.8
34;2021-05-24;1897;852;438396;187151;37.3;15.9
34;2021-05-25;7140;3814;445536;190965;37.9;16.2
34;2021-05-26;8321;3027;453857;193992;38.6;16.5
34;2021-05-27;8316;4299;462173;198291;39.3;16.9
34;2021-05-28;8049;5446;470222;203737;40.0;17.3
34;2021-05-29;4006;3110;474228;206847;40.3;17.6
34;2021-05-30;1987;1393;476215;208240;40.5;17.7
34;2021-05-31;5879;5250;482094;213490;41.0;18.2
34;2021-06-01;6947;6111;489041;219601;41.6;18.7
34;2021-06-02;6130;5811;495171;225412;42.1;19.2
34;2021-06-03;7710;6496;502881;231908;42.8;19.7
34;2021-06-04;7657;7592;510538;239500;43.4;20.4
34;2021-06-05;4138;3674;514676;243174;43.8;20.7
34;2021-06-06;3269;1867;517945;245041;44.0;20.8
34;2021-06-07;4419;6763;522364;251804;44.4;21.4
34;2021-06-08;5859;6820;528223;258624;44.9;22.0
34;2021-06-09;5824;6833;534047;265457;45.4;22.6
34;2021-06-10;6314;6868;540361;272325;45.9;23.2
34;2021-06-11;5396;9275;545757;281600;46.4;23.9
34;2021-06-12;3169;4725;548926;286325;46.7;24.3
34;2021-06-13;1079;1908;550005;288233;46.8;24.5
34;2021-06-14;3446;7821;553451;296054;47.1;25.2
34;2021-06-15;3949;8790;557400;304844;47.4;25.9
34;2021-06-16;4608;7852;562008;312696;47.8;26.6
34;2021-06-17;4217;7955;566225;320651;48.1;27.3
34;2021-06-18;4344;9327;570569;329978;48.5;28.1
34;2021-06-19;2736;4404;573305;334382;48.7;28.4
34;2021-06-20;889;2872;574194;337254;48.8;28.7
34;2021-06-21;2173;8558;576367;345812;49.0;29.4
34;2021-06-22;2969;9412;579336;355224;49.3;30.2
34;2021-06-23;3515;8975;582851;364199;49.6;31.0
34;2021-06-24;3548;8680;586399;372879;49.9;31.7
34;2021-06-25;3365;10432;589764;383311;50.1;32.6
34;2021-06-26;1642;6189;591406;389500;50.3;33.1
34;2021-06-27;306;4270;591712;393770;50.3;33.5
34;2021-06-28;2260;9431;593972;403201;50.5;34.3
34;2021-06-29;2677;10295;596649;413496;50.7;35.2
34;2021-06-30;3275;9549;599924;423045;51.0;36.0
34;2021-07-01;3428;9436;603352;432481;51.3;36.8
34;2021-07-02;3357;9738;606709;442219;51.6;37.6
34;2021-07-03;1671;6160;608380;448379;51.7;38.1
34;2021-07-04;310;2765;608690;451144;51.8;38.4
34;2021-07-05;3195;7996;611885;459140;52.0;39.0
34;2021-07-06;3428;9173;615313;468313;52.3;39.8
34;2021-07-07;3242;8641;618555;476954;52.6;40.6
34;2021-07-08;4258;8851;622813;485805;53.0;41.3
34;2021-07-09;3924;9331;626737;495136;53.3;42.1
34;2021-07-10;2127;5713;628864;500849;53.5;42.6
34;2021-07-11;923;2578;629787;503427;53.5;42.8
34;2021-07-12;2844;8968;632631;512395;53.8;43.6
34;2021-07-13;4551;10031;637182;522426;54.2;44.4
34;2021-07-14;738;347;637920;522773;54.2;44.4
34;2021-07-15;5795;10370;643715;533143;54.7;45.3
34;2021-07-16;5740;10705;649455;543848;55.2;46.2
34;2021-07-17;4457;4405;653912;548253;55.6;46.6
34;2021-07-18;228;197;654140;548450;55.6;46.6
34;2021-07-19;5064;8310;659204;556760;56.0;47.3
34;2021-07-20;6782;8368;665986;565128;56.6;48.0
34;2021-07-21;7504;7783;673490;572911;57.3;48.7
34;2021-07-22;7384;8145;680874;581056;57.9;49.4
34;2021-07-23;7735;8118;688609;589174;58.5;50.1
34;2021-07-24;5973;3019;694582;592193;59.1;50.4
34;2021-07-25;3192;530;697774;592723;59.3;50.4
34;2021-07-26;6199;6416;703973;599139;59.9;50.9
34;2021-07-27;8331;5997;712304;605136;60.6;51.5
34;2021-07-28;9184;5866;721488;611002;61.3;51.9
34;2021-07-29;11234;5982;732722;616984;62.3;52.5
34;2021-07-30;9718;6479;742440;623463;63.1;53.0
34;2021-07-31;6390;2158;748830;625621;63.7;53.2
34;2021-08-01;3262;600;752092;626221;63.9;53.2
34;2021-08-02;7282;5009;759374;631230;64.6;53.7
34;2021-08-03;8050;5347;767424;636577;65.2;54.1
34;2021-08-04;8240;4524;775664;641101;65.9;54.5
34;2021-08-05;7056;4978;782720;646079;66.5;54.9
34;2021-08-06;5835;5178;788555;651257;67.0;55.4
34;2021-08-07;3067;2418;791622;653675;67.3;55.6
34;2021-08-08;173;187;791795;653862;67.3;55.6
34;2021-08-09;4714;6135;796509;659997;67.7;56.1
34;2021-08-10;5316;6443;801825;666440;68.2;56.7
34;2021-08-11;4802;6509;806627;672949;68.6;57.2
34;2021-08-12;4485;6161;811112;679110;69.0;57.7
35;2020-12-27;0;0;0;0;0.0;0.0
35;2020-12-28;0;0;0;0;0.0;0.0
35;2020-12-29;2;0;2;0;0.0;0.0
35;2020-12-30;0;0;2;0;0.0;0.0
35;2020-12-31;1;0;3;0;0.0;0.0
35;2021-01-01;3;0;6;0;0.0;0.0
35;2021-01-02;1;0;7;0;0.0;0.0
35;2021-01-03;0;0;7;0;0.0;0.0
35;2021-01-04;10;0;17;0;0.0;0.0
35;2021-01-05;109;0;126;0;0.0;0.0
35;2021-01-06;175;0;301;0;0.0;0.0
35;2021-01-07;439;1;740;1;0.1;0.0
35;2021-01-08;513;1;1253;2;0.1;0.0
35;2021-01-09;31;0;1284;2;0.1;0.0
35;2021-01-10;2;0;1286;2;0.1;0.0
35;2021-01-11;538;0;1824;2;0.2;0.0
35;2021-01-12;885;2;2709;4;0.3;0.0
35;2021-01-13;967;1;3676;5;0.3;0.0
35;2021-01-14;1259;19;4935;24;0.5;0.0
35;2021-01-15;728;2;5663;26;0.5;0.0
35;2021-01-16;188;2;5851;28;0.5;0.0
35;2021-01-17;43;0;5894;28;0.5;0.0
35;2021-01-18;1222;2;7116;30;0.7;0.0
35;2021-01-19;5372;14;12488;44;1.2;0.0
35;2021-01-20;3204;7;15692;51;1.5;0.0
35;2021-01-21;3633;5;19325;56;1.8;0.0
35;2021-01-22;2089;10;21414;66;2.0;0.0
35;2021-01-23;421;1;21835;67;2.0;0.0
35;2021-01-24;50;0;21885;67;2.0;0.0
35;2021-01-25;914;17;22799;84;2.1;0.0
35;2021-01-26;1128;139;23927;223;2.2;0.0
35;2021-01-27;1031;127;24958;350;2.3;0.0
35;2021-01-28;914;299;25872;649;2.4;0.1
35;2021-01-29;724;292;26596;941;2.5;0.1
35;2021-01-30;139;20;26735;961;2.5;0.1
35;2021-01-31;0;0;26735;961;2.5;0.1
35;2021-02-01;668;335;27403;1296;2.5;0.1
35;2021-02-02;725;487;28128;1783;2.6;0.2
35;2021-02-03;659;506;28787;2289;2.7;0.2
35;2021-02-04;589;657;29376;2946;2.7;0.3
35;2021-02-05;624;564;30000;3510;2.8;0.3
35;2021-02-06;169;5;30169;3515;2.8;0.3
35;2021-02-07;1;0;30170;3515;2.8;0.3
35;2021-02-08;447;658;30617;4173;2.8;0.4
35;2021-02-09;1715;3556;32332;7729;3.0;0.7
35;2021-02-10;1367;2728;33699;10457;3.1;1.0
35;2021-02-11;1940;3231;35639;13688;3.3;1.3
35;2021-02-12;1653;1741;37292;15429;3.4;1.4
35;2021-02-13;57;254;37349;15683;3.5;1.4
35;2021-02-14;7;68;37356;15751;3.5;1.5
35;2021-02-15;771;1102;38127;16853;3.5;1.6
35;2021-02-16;920;1024;39047;17877;3.6;1.7
35;2021-02-17;891;1098;39938;18975;3.7;1.8
35;2021-02-18;1015;1001;40953;19976;3.8;1.8
35;2021-02-19;1011;972;41964;20948;3.9;1.9
35;2021-02-20;143;49;42107;20997;3.9;1.9
35;2021-02-21;5;0;42112;20997;3.9;1.9
35;2021-02-22;775;834;42887;21831;4.0;2.0
35;2021-02-23;1287;865;44174;22696;4.1;2.1
35;2021-02-24;1403;817;45577;23513;4.2;2.2
35;2021-02-25;2247;783;47824;24296;4.4;2.2
35;2021-02-26;2600;733;50424;25029;4.7;2.3
35;2021-02-27;869;104;51293;25133;4.7;2.3
35;2021-02-28;9;0;51302;25133;4.7;2.3
35;2021-03-01;961;694;52263;25827;4.8;2.4
35;2021-03-02;1633;1998;53896;27825;5.0;2.6
35;2021-03-03;1908;969;55804;28794;5.2;2.7
35;2021-03-04;2918;1412;58722;30206;5.4;2.8
35;2021-03-05;3710;1341;62432;31547;5.8;2.9
35;2021-03-06;1340;87;63772;31634;5.9;2.9
35;2021-03-07;1;40;63773;31674;5.9;2.9
35;2021-03-08;1471;585;65244;32259;6.0;3.0
35;2021-03-09;3233;606;68477;32865;6.3;3.0
35;2021-03-10;2903;563;71380;33428;6.6;3.1
35;2021-03-11;4196;716;75576;34144;7.0;3.2
35;2021-03-12;6047;599;81623;34743;7.5;3.2
35;2021-03-13;2425;133;84048;34876;7.8;3.2
35;2021-03-14;18;25;84066;34901;7.8;3.2
35;2021-03-15;1964;669;86030;35570;8.0;3.3
35;2021-03-16;2501;729;88531;36299;8.2;3.4
35;2021-03-17;2393;606;90924;36905;8.4;3.4
35;2021-03-18;2332;597;93256;37502;8.6;3.5
35;2021-03-19;3543;506;96799;38008;8.9;3.5
35;2021-03-20;1537;112;98336;38120;9.1;3.5
35;2021-03-21;38;1;98374;38121;9.1;3.5
35;2021-03-22;1750;843;100124;38964;9.3;3.6
35;2021-03-23;3625;1184;103749;40148;9.6;3.7
35;2021-03-24;3728;991;107477;41139;9.9;3.8
35;2021-03-25;5330;993;112807;42132;10.4;3.9
35;2021-03-26;5844;817;118651;42949;11.0;4.0
35;2021-03-27;1415;210;120066;43159;11.1;4.0
35;2021-03-28;4;0;120070;43159;11.1;4.0
35;2021-03-29;2780;909;122850;44068;11.4;4.1
35;2021-03-30;4291;1330;127141;45398;11.7;4.2
35;2021-03-31;3469;1340;130610;46738;12.1;4.3
35;2021-04-01;4250;1230;134860;47968;12.5;4.4
35;2021-04-02;4863;1210;139723;49178;12.9;4.5
35;2021-04-03;763;214;140486;49392;13.0;4.6
35;2021-04-04;5;0;140491;49392;13.0;4.6
35;2021-04-05;19;1;140510;49393;13.0;4.6
35;2021-04-06;3274;2038;143784;51431;13.3;4.8
35;2021-04-07;3960;1846;147744;53277;13.7;4.9
35;2021-04-08;5804;1590;153548;54867;14.2;5.1
35;2021-04-09;7426;1412;160974;56279;14.9;5.2
35;2021-04-10;1861;249;162835;56528;15.0;5.2
35;2021-04-11;35;23;162870;56551;15.1;5.2
35;2021-04-12;5136;1600;168006;58151;15.5;5.4
35;2021-04-13;7614;2787;175620;60938;16.2;5.6
35;2021-04-14;6316;2301;181936;63239;16.8;5.8
35;2021-04-15;7567;2172;189503;65411;17.5;6.0
35;2021-04-16;8077;1754;197580;67165;18.3;6.2
35;2021-04-17;1571;221;199151;67386;18.4;6.2
35;2021-04-18;10;4;199161;67390;18.4;6.2
35;2021-04-19;4816;1672;203977;69062;18.9;6.4
35;2021-04-20;5160;2638;209137;71700;19.3;6.6
35;2021-04-21;5128;2203;214265;73903;19.8;6.8
35;2021-04-22;6427;2322;220692;76225;20.4;7.0
35;2021-04-23;6820;2355;227512;78580;21.0;7.3
35;2021-04-24;1130;261;228642;78841;21.1;7.3
35;2021-04-25;7;16;228649;78857;21.1;7.3
35;2021-04-26;5100;2156;233749;81013;21.6;7.5
35;2021-04-27;6086;3206;239835;84219;22.2;7.8
35;2021-04-28;6172;2560;246007;86779;22.7;8.0
35;2021-04-29;7115;2756;253122;89535;23.4;8.3
35;2021-04-30;7558;2540;260680;92075;24.1;8.5
35;2021-05-01;617;239;261297;92314;24.1;8.5
35;2021-05-02;15;21;261312;92335;24.1;8.5
35;2021-05-03;5307;2331;266619;94666;24.6;8.7
35;2021-05-04;5077;5339;271696;100005;25.1;9.2
35;2021-05-05;4881;4444;276577;104449;25.6;9.7
35;2021-05-06;6172;5273;282749;109722;26.1;10.1
35;2021-05-07;5620;5255;288369;114977;26.6;10.6
35;2021-05-08;1720;135;290089;115112;26.8;10.6
35;2021-05-09;696;75;290785;115187;26.9;10.6
35;2021-05-10;3723;4959;294508;120146;27.2;11.1
35;2021-05-11;4778;5801;299286;125947;27.7;11.6
35;2021-05-12;5287;5496;304573;131443;28.1;12.1
35;2021-05-13;2700;1429;307273;132872;28.4;12.3
35;2021-05-14;5457;4285;312730;137157;28.9;12.7
35;2021-05-15;2929;716;315659;137873;29.2;12.7
35;2021-05-16;997;61;316656;137934;29.3;12.7
35;2021-05-17;4474;3883;321130;141817;29.7;13.1
35;2021-05-18;5833;4326;326963;146143;30.2;13.5
35;2021-05-19;5867;3627;332830;149770;30.8;13.8
35;2021-05-20;6446;4009;339276;153779;31.4;14.2
35;2021-05-21;6138;4767;345414;158546;31.9;14.7
35;2021-05-22;2115;739;347529;159285;32.1;14.7
35;2021-05-23;689;46;348218;159331;32.2;14.7
35;2021-05-24;3206;1297;351424;160628;32.5;14.8
35;2021-05-25;5542;4276;356966;164904;33.0;15.2
35;2021-05-26;5725;4168;362691;169072;33.5;15.6
35;2021-05-27;6523;4780;369214;173852;34.1;16.1
35;2021-05-28;6332;5578;375546;179430;34.7;16.6
35;2021-05-29;2875;1149;378421;180579;35.0;16.7
35;2021-05-30;877;39;379298;180618;35.1;16.7
35;2021-05-31;6311;4389;385609;185007;35.6;17.1
35;2021-06-01;7368;5121;392977;190128;36.3;17.6
35;2021-06-02;7220;3796;400197;193924;37.0;17.9
35;2021-06-03;8153;4992;408350;198916;37.7;18.4
35;2021-06-04;7275;7462;415625;206378;38.4;19.1
35;2021-06-05;4139;1582;419764;207960;38.8;19.2
35;2021-06-06;3054;148;422818;208108;39.1;19.2
35;2021-06-07;5777;5773;428595;213881;39.6;19.8
35;2021-06-08;7598;5954;436193;219835;40.3;20.3
35;2021-06-09;8462;4823;444655;224658;41.1;20.8
35;2021-06-10;9345;4748;454000;229406;42.0;21.2
35;2021-06-11;8635;7476;462635;236882;42.8;21.9
35;2021-06-12;4688;1207;467323;238089;43.2;22.0
35;2021-06-13;3386;223;470709;238312;43.5;22.0
35;2021-06-14;6232;6516;476941;244828;44.1;22.6
35;2021-06-15;7506;6963;484447;251791;44.8;23.3
35;2021-06-16;8317;5625;492764;257416;45.5;23.8
35;2021-06-17;8890;5902;501654;263318;46.4;24.3
35;2021-06-18;8719;8103;510373;271421;47.2;25.1
35;2021-06-19;1502;2511;511875;273932;47.3;25.3
35;2021-06-20;2955;885;514830;274817;47.6;25.4
35;2021-06-21;5931;6380;520761;281197;48.1;26.0
35;2021-06-22;6841;7499;527602;288696;48.8;26.7
35;2021-06-23;7253;6147;534855;294843;49.4;27.2
35;2021-06-24;8365;5923;543220;300766;50.2;27.8
35;2021-06-25;6631;8477;549851;309243;50.8;28.6
35;2021-06-26;1105;3078;550956;312321;50.9;28.9
35;2021-06-27;2637;1030;553593;313351;51.2;29.0
35;2021-06-28;4292;7758;557885;321109;51.6;29.7
35;2021-06-29;5088;7973;562973;329082;52.0;30.4
35;2021-06-30;5599;7891;568572;336973;52.5;31.1
35;2021-07-01;6567;7543;575139;344516;53.2;31.8
35;2021-07-02;5330;9860;580469;354376;53.6;32.7
35;2021-07-03;1078;2840;581547;357216;53.7;33.0
35;2021-07-04;2148;1553;583695;358769;53.9;33.2
35;2021-07-05;3727;8204;587422;366973;54.3;33.9
35;2021-07-06;4781;9468;592203;376441;54.7;34.8
35;2021-07-07;5040;8320;597243;384761;55.2;35.6
35;2021-07-08;5355;8481;602598;393242;55.7;36.3
35;2021-07-09;3883;11544;606481;404786;56.0;37.4
35;2021-07-10;889;3149;607370;407935;56.1;37.7
35;2021-07-11;1295;2360;608665;410295;56.2;37.9
35;2021-07-12;3053;9152;611718;419447;56.5;38.8
35;2021-07-13;3955;10754;615673;430201;56.9;39.8
35;2021-07-14;2145;4451;617818;434652;57.1;40.2
35;2021-07-15;4266;10188;622084;444840;57.5;41.1
35;2021-07-16;4693;11009;626777;455849;57.9;42.1
35;2021-07-17;1978;4072;628755;459921;58.1;42.5
35;2021-07-18;842;2569;629597;462490;58.2;42.7
35;2021-07-19;3230;8984;632827;471474;58.5;43.6
35;2021-07-20;4193;10594;637020;482068;58.9;44.6
35;2021-07-21;4290;9389;641310;491457;59.3;45.4
35;2021-07-22;4804;9667;646114;501124;59.7;46.3
35;2021-07-23;4523;11021;650637;512145;60.1;47.3
35;2021-07-24;1579;4268;652216;516413;60.3;47.7
35;2021-07-25;809;2845;653025;519258;60.3;48.0
35;2021-07-26;3845;8738;656870;527996;60.7;48.8
35;2021-07-27;5178;9656;662048;537652;61.2;49.7
35;2021-07-28;5272;8675;667320;546327;61.7;50.5
35;2021-07-29;6055;8336;673375;554663;62.2;51.3
35;2021-07-30;5846;9080;679221;563743;62.8;52.1
35;2021-07-31;2290;3657;681511;567400;63.0;52.4
35;2021-08-01;1513;2413;683024;569813;63.1;52.7
35;2021-08-02;4688;6951;687712;576764;63.6;53.3
35;2021-08-03;6649;7584;694361;584348;64.2;54.0
35;2021-08-04;6632;6590;700993;590938;64.8;54.6
35;2021-08-05;6607;6975;707600;597913;65.4;55.3
35;2021-08-06;5973;7293;713573;605206;65.9;55.9
35;2021-08-07;2093;3147;715666;608353;66.1;56.2
35;2021-08-08;1520;2249;717186;610602;66.3;56.4
35;2021-08-09;4582;5523;721768;616125;66.7;56.9
35;2021-08-10;6520;6347;728288;622472;67.3;57.5
35;2021-08-11;6424;5844;734712;628316;67.9;58.1
35;2021-08-12;6932;5529;741644;633845;68.5;58.6
36;2020-12-27;0;0;0;0;0.0;0.0
36;2020-12-28;0;0;0;0;0.0;0.0
36;2020-12-29;0;0;0;0;0.0;0.0
36;2020-12-30;0;0;0;0;0.0;0.0
36;2020-12-31;0;0;0;0;0.0;0.0
36;2021-01-01;0;0;0;0;0.0;0.0
36;2021-01-02;0;0;0;0;0.0;0.0
36;2021-01-03;0;0;0;0;0.0;0.0
36;2021-01-04;2;0;2;0;0.0;0.0
36;2021-01-05;0;0;2;0;0.0;0.0
36;2021-01-06;24;0;26;0;0.0;0.0
36;2021-01-07;51;0;77;0;0.0;0.0
36;2021-01-08;111;0;188;0;0.1;0.0
36;2021-01-09;83;0;271;0;0.1;0.0
36;2021-01-10;142;0;413;0;0.2;0.0
36;2021-01-11;239;1;652;1;0.3;0.0
36;2021-01-12;282;0;934;1;0.4;0.0
36;2021-01-13;198;1;1132;2;0.5;0.0
36;2021-01-14;505;4;1637;6;0.8;0.0
36;2021-01-15;179;1;1816;7;0.8;0.0
36;2021-01-16;24;1;1840;8;0.8;0.0
36;2021-01-17;19;2;1859;10;0.9;0.0
36;2021-01-18;613;4;2472;14;1.1;0.0
36;2021-01-19;1174;3;3646;17;1.7;0.0
36;2021-01-20;1102;3;4748;20;2.2;0.0
36;2021-01-21;721;0;5469;20;2.5;0.0
36;2021-01-22;857;2;6326;22;2.9;0.0
36;2021-01-23;295;0;6621;22;3.0;0.0
36;2021-01-24;185;1;6806;23;3.1;0.0
36;2021-01-25;640;5;7446;28;3.4;0.0
36;2021-01-26;610;1;8056;29;3.7;0.0
36;2021-01-27;848;19;8904;48;4.1;0.0
36;2021-01-28;477;46;9381;94;4.3;0.0
36;2021-01-29;573;98;9954;192;4.6;0.1
36;2021-01-30;288;73;10242;265;4.7;0.1
36;2021-01-31;115;135;10357;400;4.8;0.2
36;2021-02-01;378;100;10735;500;4.9;0.2
36;2021-02-02;410;175;11145;675;5.1;0.3
36;2021-02-03;471;264;11616;939;5.3;0.4
36;2021-02-04;275;279;11891;1218;5.5;0.6
36;2021-02-05;302;164;12193;1382;5.6;0.6
36;2021-02-06;0;0;12193;1382;5.6;0.6
36;2021-02-07;1;0;12194;1382;5.6;0.6
36;2021-02-08;280;259;12474;1641;5.7;0.8
36;2021-02-09;327;606;12801;2247;5.9;1.0
36;2021-02-10;490;656;13291;2903;6.1;1.3
36;2021-02-11;385;599;13676;3502;6.3;1.6
36;2021-02-12;303;461;13979;3963;6.4;1.8
36;2021-02-13;126;83;14105;4046;6.5;1.9
36;2021-02-14;22;45;14127;4091;6.5;1.9
36;2021-02-15;42;576;14169;4667;6.5;2.1
36;2021-02-16;106;418;14275;5085;6.6;2.3
36;2021-02-17;117;625;14392;5710;6.6;2.6
36;2021-02-18;161;617;14553;6327;6.7;2.9
36;2021-02-19;181;541;14734;6868;6.8;3.2
36;2021-02-20;86;239;14820;7107;6.8;3.3
36;2021-02-21;87;157;14907;7264;6.9;3.3
36;2021-02-22;162;508;15069;7772;6.9;3.6
36;2021-02-23;62;575;15131;8347;7.0;3.8
36;2021-02-24;112;681;15243;9028;7.0;4.2
36;2021-02-25;251;283;15494;9311;7.1;4.3
36;2021-02-26;339;472;15833;9783;7.3;4.5
36;2021-02-27;72;277;15905;10060;7.3;4.6
36;2021-02-28;13;97;15918;10157;7.3;4.7
36;2021-03-01;218;343;16136;10500;7.4;4.8
36;2021-03-02;352;364;16488;10864;7.6;5.0
36;2021-03-03;394;532;16882;11396;7.8;5.2
36;2021-03-04;662;357;17544;11753;8.1;5.4
36;2021-03-05;799;298;18343;12051;8.4;5.5
36;2021-03-06;410;16;18753;12067;8.6;5.6
36;2021-03-07;340;7;19093;12074;8.8;5.6
36;2021-03-08;251;315;19344;12389;8.9;5.7
36;2021-03-09;449;269;19793;12658;9.1;5.8
36;2021-03-10;724;409;20517;13067;9.4;6.0
36;2021-03-11;838;244;21355;13311;9.8;6.1
36;2021-03-12;1445;296;22800;13607;10.5;6.3
36;2021-03-13;575;126;23375;13733;10.8;6.3
36;2021-03-14;113;1;23488;13734;10.8;6.3
36;2021-03-15;648;158;24136;13892;11.1;6.4
36;2021-03-16;447;67;24583;13959;11.3;6.4
36;2021-03-17;765;90;25348;14049;11.7;6.5
36;2021-03-18;414;72;25762;14121;11.9;6.5
36;2021-03-19;738;40;26500;14161;12.2;6.5
36;2021-03-20;451;27;26951;14188;12.4;6.5
36;2021-03-21;0;0;26951;14188;12.4;6.5
36;2021-03-22;496;58;27447;14246;12.6;6.6
36;2021-03-23;777;57;28224;14303;13.0;6.6
36;2021-03-24;1088;74;29312;14377;13.5;6.6
36;2021-03-25;1337;88;30649;14465;14.1;6.7
36;2021-03-26;1419;156;32068;14621;14.8;6.7
36;2021-03-27;475;42;32543;14663;15.0;6.8
36;2021-03-28;68;57;32611;14720;15.0;6.8
36;2021-03-29;461;185;33072;14905;15.2;6.9
36;2021-03-30;582;265;33654;15170;15.5;7.0
36;2021-03-31;1263;169;34917;15339;16.1;7.1
36;2021-04-01;1085;432;36002;15771;16.6;7.3
36;2021-04-02;965;140;36967;15911;17.0;7.3
36;2021-04-03;282;180;37249;16091;17.2;7.4
36;2021-04-04;42;2;37291;16093;17.2;7.4
36;2021-04-05;15;46;37306;16139;17.2;7.4
36;2021-04-06;821;361;38127;16500;17.6;7.6
36;2021-04-07;1073;538;39200;17038;18.1;7.8
36;2021-04-08;1347;479;40547;17517;18.7;8.1
36;2021-04-09;1939;404;42486;17921;19.6;8.3
36;2021-04-10;591;240;43077;18161;19.8;8.4
36;2021-04-11;256;90;43333;18251;20.0;8.4
36;2021-04-12;849;561;44182;18812;20.3;8.7
36;2021-04-13;1140;517;45322;19329;20.9;8.9
36;2021-04-14;1582;862;46904;20191;21.6;9.3
36;2021-04-15;1654;471;48558;20662;22.4;9.5
36;2021-04-16;1488;465;50046;21127;23.0;9.7
36;2021-04-17;893;249;50939;21376;23.5;9.8
36;2021-04-18;383;7;51322;21383;23.6;9.8
36;2021-04-19;874;443;52196;21826;24.0;10.1
36;2021-04-20;1145;522;53341;22348;24.6;10.3
36;2021-04-21;1240;878;54581;23226;25.1;10.7
36;2021-04-22;1593;870;56174;24096;25.9;11.1
36;2021-04-23;1327;618;57501;24714;26.5;11.4
36;2021-04-24;678;379;58179;25093;26.8;11.6
36;2021-04-25;413;95;58592;25188;27.0;11.6
36;2021-04-26;1134;448;59726;25636;27.5;11.8
36;2021-04-27;1279;554;61005;26190;28.1;12.1
36;2021-04-28;1488;1063;62493;27253;28.8;12.6
36;2021-04-29;2016;706;64509;27959;29.7;12.9
36;2021-04-30;1553;457;66062;28416;30.4;13.1
36;2021-05-01;724;65;66786;28481;30.8;13.1
36;2021-05-02;498;61;67284;28542;31.0;13.1
36;2021-05-03;1292;307;68576;28849;31.6;13.3
36;2021-05-04;780;808;69356;29657;31.9;13.7
36;2021-05-05;1283;1308;70639;30965;32.5;14.3
36;2021-05-06;2138;794;72777;31759;33.5;14.6
36;2021-05-07;1469;768;74246;32527;34.2;15.0
36;2021-05-08;306;104;74552;32631;34.3;15.0
36;2021-05-09;175;343;74727;32974;34.4;15.2
36;2021-05-10;1216;814;75943;33788;35.0;15.6
36;2021-05-11;1725;1250;77668;35038;35.8;16.1
36;2021-05-12;1825;1483;79493;36521;36.6;16.8
36;2021-05-13;548;306;80041;36827;36.9;17.0
36;2021-05-14;701;1039;80742;37866;37.2;17.4
36;2021-05-15;635;592;81377;38458;37.5;17.7
36;2021-05-16;337;377;81714;38835;37.6;17.9
36;2021-05-17;614;943;82328;39778;37.9;18.3
36;2021-05-18;874;938;83202;40716;38.3;18.8
36;2021-05-19;1331;844;84533;41560;38.9;19.1
36;2021-05-20;1611;1210;86144;42770;39.7;19.7
36;2021-05-21;1106;1069;87250;43839;40.2;20.2
36;2021-05-22;678;342;87928;44181;40.5;20.3
36;2021-05-23;426;295;88354;44476;40.7;20.5
36;2021-05-24;505;468;88859;44944;40.9;20.7
36;2021-05-25;1045;685;89904;45629;41.4;21.0
36;2021-05-26;1473;1166;91377;46795;42.1;21.6
36;2021-05-27;1396;976;92773;47771;42.7;22.0
36;2021-05-28;921;1481;93694;49252;43.1;22.7
36;2021-05-29;700;507;94394;49759;43.5;22.9
36;2021-05-30;111;574;94505;50333;43.5;23.2
36;2021-05-31;1137;763;95642;51096;44.0;23.5
36;2021-06-01;1410;826;97052;51922;44.7;23.9
36;2021-06-02;2061;613;99113;52535;45.6;24.2
36;2021-06-03;1902;1200;101015;53735;46.5;24.7
36;2021-06-04;1774;1046;102789;54781;47.3;25.2
36;2021-06-05;692;657;103481;55438;47.7;25.5
36;2021-06-06;336;273;103817;55711;47.8;25.7
36;2021-06-07;983;809;104800;56520;48.3;26.0
36;2021-06-08;959;981;105759;57501;48.7;26.5
36;2021-06-09;1674;1068;107433;58569;49.5;27.0
36;2021-06-10;1533;1378;108966;59947;50.2;27.6
36;2021-06-11;1289;1499;110255;61446;50.8;28.3
36;2021-06-12;919;783;111174;62229;51.2;28.7
36;2021-06-13;343;268;111517;62497;51.4;28.8
36;2021-06-14;606;1270;112123;63767;51.6;29.4
36;2021-06-15;732;1216;112855;64983;52.0;29.9
36;2021-06-16;902;1518;113757;66501;52.4;30.6
36;2021-06-17;750;1905;114507;68406;52.7;31.5
36;2021-06-18;706;1882;115213;70288;53.1;32.4
36;2021-06-19;295;395;115508;70683;53.2;32.6
36;2021-06-20;235;327;115743;71010;53.3;32.7
36;2021-06-21;686;1449;116429;72459;53.6;33.4
36;2021-06-22;840;1551;117269;74010;54.0;34.1
36;2021-06-23;773;1792;118042;75802;54.4;34.9
36;2021-06-24;855;1526;118897;77328;54.8;35.6
36;2021-06-25;942;1221;119839;78549;55.2;36.2
36;2021-06-26;325;602;120164;79151;55.3;36.5
36;2021-06-27;105;267;120269;79418;55.4;36.6
36;2021-06-28;698;926;120967;80344;55.7;37.0
36;2021-06-29;687;1458;121654;81802;56.0;37.7
36;2021-06-30;837;2150;122491;83952;56.4;38.7
36;2021-07-01;351;1082;122842;85034;56.6;39.2
36;2021-07-02;744;1846;123586;86880;56.9;40.0
36;2021-07-03;466;883;124052;87763;57.1;40.4
36;2021-07-04;185;325;124237;88088;57.2;40.6
36;2021-07-05;495;1333;124732;89421;57.4;41.2
36;2021-07-06;490;1221;125222;90642;57.7;41.7
36;2021-07-07;586;1794;125808;92436;57.9;42.6
36;2021-07-08;548;1706;126356;94142;58.2;43.4
36;2021-07-09;781;1654;127137;95796;58.6;44.1
36;2021-07-10;468;1119;127605;96915;58.8;44.6
36;2021-07-11;256;155;127861;97070;58.9;44.7
36;2021-07-12;329;1628;128190;98698;59.0;45.5
36;2021-07-13;310;1937;128500;100635;59.2;46.3
36;2021-07-14;375;763;128875;101398;59.4;46.7
36;2021-07-15;914;2168;129789;103566;59.8;47.7
36;2021-07-16;626;1878;130415;105444;60.1;48.6
36;2021-07-17;395;859;130810;106303;60.2;49.0
36;2021-07-18;196;407;131006;106710;60.3;49.1
36;2021-07-19;549;1457;131555;108167;60.6;49.8
36;2021-07-20;776;1409;132331;109576;60.9;50.5
36;2021-07-21;709;1984;133040;111560;61.3;51.4
36;2021-07-22;1135;1686;134175;113246;61.8;52.2
36;2021-07-23;964;1744;135139;114990;62.2;53.0
36;2021-07-24;607;806;135746;115796;62.5;53.3
36;2021-07-25;147;404;135893;116200;62.6;53.5
36;2021-07-26;946;1085;136839;117285;63.0;54.0
36;2021-07-27;806;1353;137645;118638;63.4;54.6
36;2021-07-28;1382;1397;139027;120035;64.0;55.3
36;2021-07-29;1705;1312;140732;121347;64.8;55.9
36;2021-07-30;1442;1317;142174;122664;65.5;56.5
36;2021-07-31;931;535;143105;123199;65.9;56.7
36;2021-08-01;205;240;143310;123439;66.0;56.8
36;2021-08-02;1112;889;144422;124328;66.5;57.3
36;2021-08-03;1271;993;145693;125321;67.1;57.7
36;2021-08-04;1688;933;147381;126254;67.9;58.1
36;2021-08-05;1813;902;149194;127156;68.7;58.6
36;2021-08-06;1410;862;150604;128018;69.4;59.0
36;2021-08-07;538;523;151142;128541;69.6;59.2
36;2021-08-08;293;154;151435;128695;69.7;59.3
36;2021-08-09;814;842;152249;129537;70.1;59.7
36;2021-08-10;1062;1012;153311;130549;70.6;60.1
36;2021-08-11;1311;851;154622;131400;71.2;60.5
36;2021-08-12;993;839;155615;132239;71.7;60.9
37;2020-12-27;0;0;0;0;0.0;0.0
37;2020-12-28;17;0;17;0;0.0;0.0
37;2020-12-29;10;0;27;0;0.0;0.0
37;2020-12-30;0;0;27;0;0.0;0.0
37;2020-12-31;0;0;27;0;0.0;0.0
37;2021-01-01;0;0;27;0;0.0;0.0
37;2021-01-02;0;0;27;0;0.0;0.0
37;2021-01-03;0;0;27;0;0.0;0.0
37;2021-01-04;21;0;48;0;0.0;0.0
37;2021-01-05;47;0;95;0;0.0;0.0
37;2021-01-06;79;0;174;0;0.0;0.0
37;2021-01-07;115;0;289;0;0.0;0.0
37;2021-01-08;442;1;731;1;0.1;0.0
37;2021-01-09;79;0;810;1;0.1;0.0
37;2021-01-10;83;0;893;1;0.1;0.0
37;2021-01-11;280;0;1173;1;0.2;0.0
37;2021-01-12;659;4;1832;5;0.3;0.0
37;2021-01-13;560;1;2392;6;0.4;0.0
37;2021-01-14;522;3;2914;9;0.5;0.0
37;2021-01-15;627;1;3541;10;0.6;0.0
37;2021-01-16;304;2;3845;12;0.6;0.0
37;2021-01-17;262;1;4107;13;0.7;0.0
37;2021-01-18;733;8;4840;21;0.8;0.0
37;2021-01-19;1244;10;6084;31;1.0;0.0
37;2021-01-20;1038;3;7122;34;1.2;0.0
37;2021-01-21;854;1;7976;35;1.3;0.0
37;2021-01-22;767;2;8743;37;1.4;0.0
37;2021-01-23;173;0;8916;37;1.5;0.0
37;2021-01-24;0;0;8916;37;1.5;0.0
37;2021-01-25;538;13;9454;50;1.6;0.0
37;2021-01-26;1813;65;11267;115;1.9;0.0
37;2021-01-27;1521;76;12788;191;2.1;0.0
37;2021-01-28;1529;94;14317;285;2.4;0.0
37;2021-01-29;632;309;14949;594;2.5;0.1
37;2021-01-30;202;62;15151;656;2.5;0.1
37;2021-01-31;15;64;15166;720;2.5;0.1
37;2021-02-01;332;200;15498;920;2.6;0.2
37;2021-02-02;523;529;16021;1449;2.6;0.2
37;2021-02-03;660;351;16681;1800;2.8;0.3
37;2021-02-04;546;409;17227;2209;2.8;0.4
37;2021-02-05;465;443;17692;2652;2.9;0.4
37;2021-02-06;189;2;17881;2654;3.0;0.4
37;2021-02-07;20;1;17901;2655;3.0;0.4
37;2021-02-08;331;321;18232;2976;3.0;0.5
37;2021-02-09;625;709;18857;3685;3.1;0.6
37;2021-02-10;662;510;19519;4195;3.2;0.7
37;2021-02-11;612;563;20131;4758;3.3;0.8
37;2021-02-12;489;553;20620;5311;3.4;0.9
37;2021-02-13;155;207;20775;5518;3.4;0.9
37;2021-02-14;1;71;20776;5589;3.4;0.9
37;2021-02-15;425;479;21201;6068;3.5;1.0
37;2021-02-16;841;1448;22042;7516;3.6;1.2
37;2021-02-17;635;1372;22677;8888;3.7;1.5
37;2021-02-18;910;1415;23587;10303;3.9;1.7
37;2021-02-19;795;840;24382;11143;4.0;1.8
37;2021-02-20;245;211;24627;11354;4.1;1.9
37;2021-02-21;5;1;24632;11355;4.1;1.9
37;2021-02-22;336;581;24968;11936;4.1;2.0
37;2021-02-23;604;632;25572;12568;4.2;2.1
37;2021-02-24;572;619;26144;13187;4.3;2.2
37;2021-02-25;874;614;27018;13801;4.5;2.3
37;2021-02-26;1115;580;28133;14381;4.6;2.4
37;2021-02-27;584;188;28717;14569;4.7;2.4
37;2021-02-28;23;0;28740;14569;4.7;2.4
37;2021-03-01;603;362;29343;14931;4.8;2.5
37;2021-03-02;1090;542;30433;15473;5.0;2.6
37;2021-03-03;970;549;31403;16022;5.2;2.6
37;2021-03-04;1605;480;33008;16502;5.5;2.7
37;2021-03-05;2129;560;35137;17062;5.8;2.8
37;2021-03-06;1164;212;36301;17274;6.0;2.9
37;2021-03-07;471;66;36772;17340;6.1;2.9
37;2021-03-08;666;400;37438;17740;6.2;2.9
37;2021-03-09;1652;702;39090;18442;6.5;3.0
37;2021-03-10;1607;746;40697;19188;6.7;3.2
37;2021-03-11;2046;698;42743;19886;7.1;3.3
37;2021-03-12;3207;470;45950;20356;7.6;3.4
37;2021-03-13;1950;192;47900;20548;7.9;3.4
37;2021-03-14;206;4;48106;20552;7.9;3.4
37;2021-03-15;1069;250;49175;20802;8.1;3.4
37;2021-03-16;1048;529;50223;21331;8.3;3.5
37;2021-03-17;935;278;51158;21609;8.5;3.6
37;2021-03-18;1032;525;52190;22134;8.6;3.7
37;2021-03-19;2218;337;54408;22471;9.0;3.7
37;2021-03-20;1331;140;55739;22611;9.2;3.7
37;2021-03-21;204;4;55943;22615;9.2;3.7
37;2021-03-22;1287;243;57230;22858;9.5;3.8
37;2021-03-23;2256;567;59486;23425;9.8;3.9
37;2021-03-24;2246;462;61732;23887;10.2;3.9
37;2021-03-25;2981;444;64713;24331;10.7;4.0
37;2021-03-26;3524;407;68237;24738;11.3;4.1
37;2021-03-27;1173;127;69410;24865;11.5;4.1
37;2021-03-28;139;1;69549;24866;11.5;4.1
37;2021-03-29;1604;345;71153;25211;11.8;4.2
37;2021-03-30;2524;623;73677;25834;12.2;4.3
37;2021-03-31;2046;483;75723;26317;12.5;4.3
37;2021-04-01;2599;969;78322;27286;12.9;4.5
37;2021-04-02;2813;666;81135;27952;13.4;4.6
37;2021-04-03;817;222;81952;28174;13.5;4.7
37;2021-04-04;104;1;82056;28175;13.6;4.7
37;2021-04-05;3;0;82059;28175;13.6;4.7
37;2021-04-06;2238;777;84297;28952;13.9;4.8
37;2021-04-07;3169;858;87466;29810;14.4;4.9
37;2021-04-08;4041;966;91507;30776;15.1;5.1
37;2021-04-09;4542;943;96049;31719;15.9;5.2
37;2021-04-10;1328;431;97377;32150;16.1;5.3
37;2021-04-11;104;1;97481;32151;16.1;5.3
37;2021-04-12;2640;673;100121;32824;16.5;5.4
37;2021-04-13;4112;1159;104233;33983;17.2;5.6
37;2021-04-14;3043;895;107276;34878;17.7;5.8
37;2021-04-15;3758;1015;111034;35893;18.3;5.9
37;2021-04-16;4359;1219;115393;37112;19.1;6.1
37;2021-04-17;1147;221;116540;37333;19.3;6.2
37;2021-04-18;97;3;116637;37336;19.3;6.2
37;2021-04-19;2482;848;119119;38184;19.7;6.3
37;2021-04-20;3235;1337;122354;39521;20.2;6.5
37;2021-04-21;2930;1155;125284;40676;20.7;6.7
37;2021-04-22;3455;1399;128739;42075;21.3;7.0
37;2021-04-23;3691;1809;132430;43884;21.9;7.2
37;2021-04-24;1007;387;133437;44271;22.0;7.3
37;2021-04-25;45;2;133482;44273;22.0;7.3
37;2021-04-26;2968;1347;136450;45620;22.5;7.5
37;2021-04-27;4183;1814;140633;47434;23.2;7.8
37;2021-04-28;3460;1944;144093;49378;23.8;8.2
37;2021-04-29;4583;2019;148676;51397;24.6;8.5
37;2021-04-30;5055;1990;153731;53387;25.4;8.8
37;2021-05-01;639;211;154370;53598;25.5;8.9
37;2021-05-02;104;15;154474;53613;25.5;8.9
37;2021-05-03;2670;1956;157144;55569;26.0;9.2
37;2021-05-04;3734;2721;160878;58290;26.6;9.6
37;2021-05-05;3499;2087;164377;60377;27.2;10.0
37;2021-05-06;4995;1945;169372;62322;28.0;10.3
37;2021-05-07;4686;2882;174058;65204;28.8;10.8
37;2021-05-08;538;312;174596;65516;28.8;10.8
37;2021-05-09;63;41;174659;65557;28.9;10.8
37;2021-05-10;2160;3488;176819;69045;29.2;11.4
37;2021-05-11;3867;3883;180686;72928;29.8;12.0
37;2021-05-12;4038;2546;184724;75474;30.5;12.5
37;2021-05-13;1137;515;185861;75989;30.7;12.6
37;2021-05-14;4045;2683;189906;78672;31.4;13.0
37;2021-05-15;2323;744;192229;79416;31.8;13.1
37;2021-05-16;22;71;192251;79487;31.8;13.1
37;2021-05-17;2764;2055;195015;81542;32.2;13.5
37;2021-05-18;3874;2360;198889;83902;32.9;13.9
37;2021-05-19;3495;1806;202384;85708;33.4;14.2
37;2021-05-20;4752;1776;207136;87484;34.2;14.5
37;2021-05-21;4526;2570;211662;90054;35.0;14.9
37;2021-05-22;1077;753;212739;90807;35.1;15.0
37;2021-05-23;73;89;212812;90896;35.2;15.0
37;2021-05-24;513;106;213325;91002;35.2;15.0
37;2021-05-25;5124;2178;218449;93180;36.1;15.4
37;2021-05-26;4929;2096;223378;95276;36.9;15.7
37;2021-05-27;5986;2370;229364;97646;37.9;16.1
37;2021-05-28;6023;3263;235387;100909;38.9;16.7
37;2021-05-29;1521;1167;236908;102076;39.1;16.9
37;2021-05-30;55;160;236963;102236;39.1;16.9
37;2021-05-31;3647;2529;240610;104765;39.7;17.3
37;2021-06-01;5845;3623;246455;108388;40.7;17.9
37;2021-06-02;5076;2454;251531;110842;41.5;18.3
37;2021-06-03;6087;2882;257618;113724;42.6;18.8
37;2021-06-04;5509;4203;263127;117927;43.5;19.5
37;2021-06-05;1855;1304;264982;119231;43.8;19.7
37;2021-06-06;49;197;265031;119428;43.8;19.7
37;2021-06-07;3022;4164;268053;123592;44.3;20.4
37;2021-06-08;4200;4656;272253;128248;45.0;21.2
37;2021-06-09;3884;3570;276137;131818;45.6;21.8
37;2021-06-10;5268;3618;281405;135436;46.5;22.4
37;2021-06-11;4977;4839;286382;140275;47.3;23.2
37;2021-06-12;3553;1348;289935;141623;47.9;23.4
37;2021-06-13;15;164;289950;141787;47.9;23.4
37;2021-06-14;2667;4039;292617;145826;48.3;24.1
37;2021-06-15;3899;4780;296516;150606;49.0;24.9
37;2021-06-16;3257;3600;299773;154206;49.5;25.5
37;2021-06-17;4009;4494;303782;158700;50.2;26.2
37;2021-06-18;4706;5069;308488;163769;51.0;27.1
37;2021-06-19;2519;1101;311007;164870;51.4;27.2
37;2021-06-20;9;183;311016;165053;51.4;27.3
37;2021-06-21;2419;3827;313435;168880;51.8;27.9
37;2021-06-22;2969;5008;316404;173888;52.3;28.7
37;2021-06-23;2627;3646;319031;177534;52.7;29.3
37;2021-06-24;2864;3546;321895;181080;53.2;29.9
37;2021-06-25;3307;4881;325202;185961;53.7;30.7
37;2021-06-26;1240;3087;326442;189048;53.9;31.2
37;2021-06-27;23;142;326465;189190;53.9;31.3
37;2021-06-28;1702;4513;328167;193703;54.2;32.0
37;2021-06-29;1901;6224;330068;199927;54.5;33.0
37;2021-06-30;1869;4438;331937;204365;54.8;33.8
37;2021-07-01;2126;4793;334063;209158;55.2;34.5
37;2021-07-02;2679;5593;336742;214751;55.6;35.5
37;2021-07-03;945;2138;337687;216889;55.8;35.8
37;2021-07-04;4;104;337691;216993;55.8;35.8
37;2021-07-05;1708;5148;339399;222141;56.1;36.7
37;2021-07-06;2002;6760;341401;228901;56.4;37.8
37;2021-07-07;1945;5463;343346;234364;56.7;38.7
37;2021-07-08;2458;6661;345804;241025;57.1;39.8
37;2021-07-09;1981;7639;347785;248664;57.4;41.1
37;2021-07-10;1013;2616;348798;251280;57.6;41.5
37;2021-07-11;26;96;348824;251376;57.6;41.5
37;2021-07-12;1132;5987;349956;257363;57.8;42.5
37;2021-07-13;1614;7824;351570;265187;58.1;43.8
37;2021-07-14;524;406;352094;265593;58.2;43.9
37;2021-07-15;2614;7494;354708;273087;58.6;45.1
37;2021-07-16;2754;7805;357462;280892;59.0;46.4
37;2021-07-17;1202;2444;358664;283336;59.2;46.8
37;2021-07-18;50;53;358714;283389;59.3;46.8
37;2021-07-19;1645;6133;360359;289522;59.5;47.8
37;2021-07-20;2903;7070;363262;296592;60.0;49.0
37;2021-07-21;2979;5784;366241;302376;60.5;49.9
37;2021-07-22;4045;6542;370286;308918;61.2;51.0
37;2021-07-23;3796;7103;374082;316021;61.8;52.2
37;2021-07-24;1770;3311;375852;319332;62.1;52.7
37;2021-07-25;65;77;375917;319409;62.1;52.8
37;2021-07-26;3228;4316;379145;323725;62.6;53.5
37;2021-07-27;4408;4952;383553;328677;63.4;54.3
37;2021-07-28;4101;3656;387654;332333;64.0;54.9
37;2021-07-29;5060;4185;392714;336518;64.9;55.6
37;2021-07-30;5221;4921;397935;341439;65.7;56.4
37;2021-07-31;1912;1841;399847;343280;66.0;56.7
37;2021-08-01;31;52;399878;343332;66.1;56.7
37;2021-08-02;3273;3273;403151;346605;66.6;57.3
37;2021-08-03;5251;3128;408402;349733;67.5;57.8
37;2021-08-04;4526;1912;412928;351645;68.2;58.1
37;2021-08-05;4765;2586;417693;354231;69.0;58.5
37;2021-08-06;4814;3289;422507;357520;69.8;59.1
37;2021-08-07;1623;1117;424130;358637;70.1;59.2
37;2021-08-08;33;173;424163;358810;70.1;59.3
37;2021-08-09;2415;2244;426578;361054;70.5;59.6
37;2021-08-10;3018;2621;429596;363675;71.0;60.1
37;2021-08-11;2093;2094;431689;365769;71.3;60.4
37;2021-08-12;2597;2671;434286;368440;71.7;60.9
38;2020-12-27;1;0;1;0;0.0;0.0
38;2020-12-28;1;0;2;0;0.0;0.0
38;2020-12-29;0;0;2;0;0.0;0.0
38;2020-12-30;0;0;2;0;0.0;0.0
38;2020-12-31;5;0;7;0;0.0;0.0
38;2021-01-01;1;0;8;0;0.0;0.0
38;2021-01-02;0;0;8;0;0.0;0.0
38;2021-01-03;2;0;10;0;0.0;0.0
38;2021-01-04;162;0;172;0;0.0;0.0
38;2021-01-05;257;1;429;1;0.0;0.0
38;2021-01-06;364;0;793;1;0.1;0.0
38;2021-01-07;636;1;1429;2;0.1;0.0
38;2021-01-08;695;0;2124;2;0.2;0.0
38;2021-01-09;30;0;2154;2;0.2;0.0
38;2021-01-10;1;0;2155;2;0.2;0.0
38;2021-01-11;801;2;2956;4;0.2;0.0
38;2021-01-12;1470;4;4426;8;0.3;0.0
38;2021-01-13;1081;5;5507;13;0.4;0.0
38;2021-01-14;1681;15;7188;28;0.6;0.0
38;2021-01-15;1673;7;8861;35;0.7;0.0
38;2021-01-16;306;2;9167;37;0.7;0.0
38;2021-01-17;3;0;9170;37;0.7;0.0
38;2021-01-18;1177;4;10347;41;0.8;0.0
38;2021-01-19;2239;6;12586;47;1.0;0.0
38;2021-01-20;1882;3;14468;50;1.1;0.0
38;2021-01-21;1623;6;16091;56;1.3;0.0
38;2021-01-22;1398;9;17489;65;1.4;0.0
38;2021-01-23;379;3;17868;68;1.4;0.0
38;2021-01-24;1;0;17869;68;1.4;0.0
38;2021-01-25;788;107;18657;175;1.5;0.0
38;2021-01-26;855;183;19512;358;1.5;0.0
38;2021-01-27;1089;277;20601;635;1.6;0.1
38;2021-01-28;1172;476;21773;1111;1.7;0.1
38;2021-01-29;948;379;22721;1490;1.8;0.1
38;2021-01-30;304;1;23025;1491;1.8;0.1
38;2021-01-31;0;0;23025;1491;1.8;0.1
38;2021-02-01;701;598;23726;2089;1.9;0.2
38;2021-02-02;966;962;24692;3051;2.0;0.2
38;2021-02-03;1229;695;25921;3746;2.0;0.3
38;2021-02-04;1278;972;27199;4718;2.2;0.4
38;2021-02-05;1399;845;28598;5563;2.3;0.4
38;2021-02-06;186;95;28784;5658;2.3;0.4
38;2021-02-07;3;48;28787;5706;2.3;0.5
38;2021-02-08;861;794;29648;6500;2.3;0.5
38;2021-02-09;1538;1313;31186;7813;2.5;0.6
38;2021-02-10;1579;1285;32765;9098;2.6;0.7
38;2021-02-11;1870;1160;34635;10258;2.7;0.8
38;2021-02-12;1508;1126;36143;11384;2.9;0.9
38;2021-02-13;466;189;36609;11573;2.9;0.9
38;2021-02-14;1;7;36610;11580;2.9;0.9
38;2021-02-15;975;945;37585;12525;3.0;1.0
38;2021-02-16;1379;976;38964;13501;3.1;1.1
38;2021-02-17;1371;1066;40335;14567;3.2;1.2
38;2021-02-18;1788;1066;42123;15633;3.3;1.2
38;2021-02-19;1255;866;43378;16499;3.4;1.3
38;2021-02-20;469;311;43847;16810;3.5;1.3
38;2021-02-21;0;0;43847;16810;3.5;1.3
38;2021-02-22;1074;905;44921;17715;3.6;1.4
38;2021-02-23;1540;946;46461;18661;3.7;1.5
38;2021-02-24;1729;1133;48190;19794;3.8;1.6
38;2021-02-25;2496;1051;50686;20845;4.0;1.6
38;2021-02-26;3307;976;53993;21821;4.3;1.7
38;2021-02-27;1510;430;55503;22251;4.4;1.8
38;2021-02-28;33;2;55536;22253;4.4;1.8
38;2021-03-01;2502;776;58038;23029;4.6;1.8
38;2021-03-02;4048;1051;62086;24080;4.9;1.9
38;2021-03-03;3364;1234;65450;25314;5.2;2.0
38;2021-03-04;4483;1375;69933;26689;5.5;2.1
38;2021-03-05;5230;1196;75163;27885;5.9;2.2
38;2021-03-06;3041;264;78204;28149;6.2;2.2
38;2021-03-07;113;1;78317;28150;6.2;2.2
38;2021-03-08;2440;904;80757;29054;6.4;2.3
38;2021-03-09;4025;1304;84782;30358;6.7;2.4
38;2021-03-10;3503;1083;88285;31441;7.0;2.5
38;2021-03-11;5139;1507;93424;32948;7.4;2.6
38;2021-03-12;7087;1160;100511;34108;7.9;2.7
38;2021-03-13;3770;215;104281;34323;8.2;2.7
38;2021-03-14;544;14;104825;34337;8.3;2.7
38;2021-03-15;2700;1006;107525;35343;8.5;2.8
38;2021-03-16;2083;1359;109608;36702;8.7;2.9
38;2021-03-17;2026;1208;111634;37910;8.8;3.0
38;2021-03-18;2641;1360;114275;39270;9.0;3.1
38;2021-03-19;4008;1056;118283;40326;9.4;3.2
38;2021-03-20;1823;242;120106;40568;9.5;3.2
38;2021-03-21;130;8;120236;40576;9.5;3.2
38;2021-03-22;2865;1001;123101;41577;9.7;3.3
38;2021-03-23;4779;1488;127880;43065;10.1;3.4
38;2021-03-24;3712;1578;131592;44643;10.4;3.5
38;2021-03-25;5790;1527;137382;46170;10.9;3.6
38;2021-03-26;6601;1731;143983;47901;11.4;3.8
38;2021-03-27;2512;758;146495;48659;11.6;3.8
38;2021-03-28;925;43;147420;48702;11.7;3.9
38;2021-03-29;2680;1846;150100;50548;11.9;4.0
38;2021-03-30;4566;2538;154666;53086;12.2;4.2
38;2021-03-31;3662;2219;158328;55305;12.5;4.4
38;2021-04-01;5129;2513;163457;57818;12.9;4.6
38;2021-04-02;3871;2520;167328;60338;13.2;4.8
38;2021-04-03;1418;938;168746;61276;13.3;4.8
38;2021-04-04;429;45;169175;61321;13.4;4.8
38;2021-04-05;2174;342;171349;61663;13.5;4.9
38;2021-04-06;4347;2391;175696;64054;13.9;5.1
38;2021-04-07;4415;2728;180111;66782;14.2;5.3
38;2021-04-08;5646;2659;185757;69441;14.7;5.5
38;2021-04-09;8555;2716;194312;72157;15.4;5.7
38;2021-04-10;3599;1472;197911;73629;15.6;5.8
38;2021-04-11;1047;100;198958;73729;15.7;5.8
38;2021-04-12;4196;2250;203154;75979;16.1;6.0
38;2021-04-13;6123;2459;209277;78438;16.5;6.2
38;2021-04-14;5119;2455;214396;80893;16.9;6.4
38;2021-04-15;6362;2755;220758;83648;17.5;6.6
38;2021-04-16;6216;2729;226974;86377;17.9;6.8
38;2021-04-17;2587;989;229561;87366;18.1;6.9
38;2021-04-18;1332;72;230893;87438;18.3;6.9
38;2021-04-19;3945;2833;234838;90271;18.6;7.1
38;2021-04-20;5418;2850;240256;93121;19.0;7.4
38;2021-04-21;4978;2699;245234;95820;19.4;7.6
38;2021-04-22;5781;2824;251015;98644;19.8;7.8
38;2021-04-23;6032;2802;257047;101446;20.3;8.0
38;2021-04-24;2664;1345;259711;102791;20.5;8.1
38;2021-04-25;804;592;260515;103383;20.6;8.2
38;2021-04-26;4484;2469;264999;105852;20.9;8.4
38;2021-04-27;6042;2727;271041;108579;21.4;8.6
38;2021-04-28;6193;2511;277234;111090;21.9;8.8
38;2021-04-29;8326;3070;285560;114160;22.6;9.0
38;2021-04-30;7671;4053;293231;118213;23.2;9.3
38;2021-05-01;1541;198;294772;118411;23.3;9.4
38;2021-05-02;842;71;295614;118482;23.4;9.4
38;2021-05-03;5296;3592;300910;122074;23.8;9.7
38;2021-05-04;6189;5071;307099;127145;24.3;10.1
38;2021-05-05;6064;4608;313163;131753;24.8;10.4
38;2021-05-06;6714;5305;319877;137058;25.3;10.8
38;2021-05-07;7277;6442;327154;143500;25.9;11.3
38;2021-05-08;3749;713;330903;144213;26.2;11.4
38;2021-05-09;2850;1928;333753;146141;26.4;11.6
38;2021-05-10;6152;5304;339905;151445;26.9;12.0
38;2021-05-11;8221;6021;348126;157466;27.5;12.4
38;2021-05-12;9049;4704;357175;162170;28.2;12.8
38;2021-05-13;6635;1409;363810;163579;28.8;12.9
38;2021-05-14;9561;3419;373371;166998;29.5;13.2
38;2021-05-15;6857;1457;380228;168455;30.1;13.3
38;2021-05-16;5474;652;385702;169107;30.5;13.4
38;2021-05-17;7668;3001;393370;172108;31.1;13.6
38;2021-05-18;8621;4033;401991;176141;31.8;13.9
38;2021-05-19;8152;3343;410143;179484;32.4;14.2
38;2021-05-20;8973;4485;419116;183969;33.1;14.5
38;2021-05-21;9959;4588;429075;188557;33.9;14.9
38;2021-05-22;7450;1906;436525;190463;34.5;15.1
38;2021-05-23;5585;577;442110;191040;34.9;15.1
38;2021-05-24;7498;1617;449608;192657;35.5;15.2
38;2021-05-25;9541;4857;459149;197514;36.3;15.6
38;2021-05-26;8114;4723;467263;202237;36.9;16.0
38;2021-05-27;9128;5655;476391;207892;37.7;16.4
38;2021-05-28;8786;6501;485177;214393;38.4;16.9
38;2021-05-29;5817;3259;490994;217652;38.8;17.2
38;2021-05-30;2691;1594;493685;219246;39.0;17.3
38;2021-05-31;8271;5136;501956;224382;39.7;17.7
38;2021-06-01;7963;6438;509919;230820;40.3;18.2
38;2021-06-02;7140;5624;517059;236444;40.9;18.7
38;2021-06-03;7392;6832;524451;243276;41.5;19.2
38;2021-06-04;8119;7602;532570;250878;42.1;19.8
38;2021-06-05;5794;3942;538364;254820;42.6;20.1
38;2021-06-06;2509;1460;540873;256280;42.8;20.3
38;2021-06-07;5553;6856;546426;263136;43.2;20.8
38;2021-06-08;5876;7528;552302;270664;43.7;21.4
38;2021-06-09;5047;6463;557349;277127;44.1;21.9
38;2021-06-10;5423;6786;562772;283913;44.5;22.4
38;2021-06-11;5884;7783;568656;291696;45.0;23.1
38;2021-06-12;3950;3259;572606;294955;45.3;23.3
38;2021-06-13;1254;1299;573860;296254;45.4;23.4
38;2021-06-14;3873;7667;577733;303921;45.7;24.0
38;2021-06-15;5242;8142;582975;312063;46.1;24.7
38;2021-06-16;5125;7406;588100;319469;46.5;25.3
38;2021-06-17;4524;7063;592624;326532;46.8;25.8
38;2021-06-18;6169;9221;598793;335753;47.3;26.5
38;2021-06-19;3594;4963;602387;340716;47.6;26.9
38;2021-06-20;1038;2901;603425;343617;47.7;27.2
38;2021-06-21;3748;8697;607173;352314;48.0;27.9
38;2021-06-22;3792;10099;610965;362413;48.3;28.6
38;2021-06-23;3154;9549;614119;371962;48.5;29.4
38;2021-06-24;3380;8585;617499;380547;48.8;30.1
38;2021-06-25;3778;11490;621277;392037;49.1;31.0
38;2021-06-26;2226;7853;623503;399890;49.3;31.6
38;2021-06-27;1097;4355;624600;404245;49.4;32.0
38;2021-06-28;2949;10300;627549;414545;49.6;32.8
38;2021-06-29;3784;10441;631333;424986;49.9;33.6
38;2021-06-30;4055;9938;635388;434924;50.2;34.4
38;2021-07-01;3531;9014;638919;443938;50.5;35.1
38;2021-07-02;3725;11611;642644;455549;50.8;36.0
38;2021-07-03;1736;8785;644380;464334;50.9;36.7
38;2021-07-04;1242;3201;645622;467535;51.0;37.0
38;2021-07-05;3059;10546;648681;478081;51.3;37.8
38;2021-07-06;3417;10234;652098;488315;51.6;38.6
38;2021-07-07;3494;9395;655592;497710;51.8;39.3
38;2021-07-08;3490;8227;659082;505937;52.1;40.0
38;2021-07-09;3886;10744;662968;516681;52.4;40.8
38;2021-07-10;2394;7792;665362;524473;52.6;41.5
38;2021-07-11;776;2023;666138;526496;52.7;41.6
38;2021-07-12;3463;10672;669601;537168;52.9;42.5
38;2021-07-13;6577;10918;676178;548086;53.5;43.3
38;2021-07-14;4578;3327;680756;551413;53.8;43.6
38;2021-07-15;8702;9657;689458;561070;54.5;44.4
38;2021-07-16;8721;10687;698179;571757;55.2;45.2
38;2021-07-17;4694;7469;702873;579226;55.6;45.8
38;2021-07-18;2567;2486;705440;581712;55.8;46.0
38;2021-07-19;5797;9213;711237;590925;56.2;46.7
38;2021-07-20;6232;8287;717469;599212;56.7;47.4
38;2021-07-21;7830;8012;725299;607224;57.3;48.0
38;2021-07-22;7554;6993;732853;614217;57.9;48.6
38;2021-07-23;8865;9022;741718;623239;58.6;49.3
38;2021-07-24;5528;5521;747246;628760;59.1;49.7
38;2021-07-25;2813;1649;750059;630409;59.3;49.8
38;2021-07-26;7764;7482;757823;637891;59.9;50.4
38;2021-07-27;7504;6254;765327;644145;60.5;50.9
38;2021-07-28;8515;5684;773842;649829;61.2;51.4
38;2021-07-29;7591;4670;781433;654499;61.8;51.7
38;2021-07-30;7658;6630;789091;661129;62.4;52.3
38;2021-07-31;4280;3586;793371;664715;62.7;52.5
38;2021-08-01;1246;1079;794617;665794;62.8;52.6
38;2021-08-02;3887;4437;798504;670231;63.1;53.0
38;2021-08-03;4526;4544;803030;674775;63.5;53.3
38;2021-08-04;4573;4336;807603;679111;63.8;53.7
38;2021-08-05;3659;4624;811262;683735;64.1;54.1
38;2021-08-06;4072;5933;815334;689668;64.5;54.5
38;2021-08-07;2272;3521;817606;693189;64.6;54.8
38;2021-08-08;775;2010;818381;695199;64.7;55.0
38;2021-08-09;3578;5555;821959;700754;65.0;55.4
38;2021-08-10;4815;6233;826774;706987;65.4;55.9
38;2021-08-11;3900;4637;830674;711624;65.7;56.3
38;2021-08-12;3288;4570;833962;716194;65.9;56.6
39;2020-12-27;0;0;0;0;0.0;0.0
39;2020-12-28;0;0;0;0;0.0;0.0
39;2020-12-29;0;0;0;0;0.0;0.0
39;2020-12-30;0;0;0;0;0.0;0.0
39;2020-12-31;0;0;0;0;0.0;0.0
39;2021-01-01;0;0;0;0;0.0;0.0
39;2021-01-02;0;0;0;0;0.0;0.0
39;2021-01-03;0;0;0;0;0.0;0.0
39;2021-01-04;3;0;3;0;0.0;0.0
39;2021-01-05;3;0;6;0;0.0;0.0
39;2021-01-06;57;3;63;3;0.0;0.0
39;2021-01-07;332;2;395;5;0.2;0.0
39;2021-01-08;658;2;1053;7;0.4;0.0
39;2021-01-09;169;0;1222;7;0.5;0.0
39;2021-01-10;1;0;1223;7;0.5;0.0
39;2021-01-11;476;1;1699;8;0.7;0.0
39;2021-01-12;431;1;2130;9;0.8;0.0
39;2021-01-13;408;2;2538;11;1.0;0.0
39;2021-01-14;574;3;3112;14;1.2;0.0
39;2021-01-15;470;1;3582;15;1.4;0.0
39;2021-01-16;141;1;3723;16;1.4;0.0
39;2021-01-17;0;1;3723;17;1.4;0.0
39;2021-01-18;924;7;4647;24;1.8;0.0
39;2021-01-19;1181;7;5828;31;2.3;0.0
39;2021-01-20;905;4;6733;35;2.6;0.0
39;2021-01-21;1178;2;7911;37;3.1;0.0
39;2021-01-22;985;1;8896;38;3.5;0.0
39;2021-01-23;383;1;9279;39;3.6;0.0
39;2021-01-24;0;0;9279;39;3.6;0.0
39;2021-01-25;642;2;9921;41;3.8;0.0
39;2021-01-26;1120;12;11041;53;4.3;0.0
39;2021-01-27;925;17;11966;70;4.6;0.0
39;2021-01-28;740;244;12706;314;4.9;0.1
39;2021-01-29;582;422;13288;736;5.2;0.3
39;2021-01-30;265;109;13553;845;5.3;0.3
39;2021-01-31;1;0;13554;845;5.3;0.3
39;2021-02-01;562;263;14116;1108;5.5;0.4
39;2021-02-02;753;322;14869;1430;5.8;0.6
39;2021-02-03;531;517;15400;1947;6.0;0.8
39;2021-02-04;553;462;15953;2409;6.2;0.9
39;2021-02-05;438;431;16391;2840;6.4;1.1
39;2021-02-06;265;110;16656;2950;6.5;1.1
39;2021-02-07;0;1;16656;2951;6.5;1.1
39;2021-02-08;320;372;16976;3323;6.6;1.3
39;2021-02-09;383;485;17359;3808;6.7;1.5
39;2021-02-10;252;338;17611;4146;6.8;1.6
39;2021-02-11;586;513;18197;4659;7.1;1.8
39;2021-02-12;386;417;18583;5076;7.2;2.0
39;2021-02-13;99;69;18682;5145;7.2;2.0
39;2021-02-14;0;0;18682;5145;7.2;2.0
39;2021-02-15;99;757;18781;5902;7.3;2.3
39;2021-02-16;99;911;18880;6813;7.3;2.6
39;2021-02-17;58;694;18938;7507;7.3;2.9
39;2021-02-18;109;858;19047;8365;7.4;3.2
39;2021-02-19;100;485;19147;8850;7.4;3.4
39;2021-02-20;18;364;19165;9214;7.4;3.6
39;2021-02-21;0;0;19165;9214;7.4;3.6
39;2021-02-22;100;730;19265;9944;7.5;3.9
39;2021-02-23;4;764;19269;10708;7.5;4.2
39;2021-02-24;125;872;19394;11580;7.5;4.5
39;2021-02-25;214;750;19608;12330;7.6;4.8
39;2021-02-26;218;468;19826;12798;7.7;5.0
39;2021-02-27;169;297;19995;13095;7.8;5.1
39;2021-02-28;1;0;19996;13095;7.8;5.1
39;2021-03-01;218;639;20214;13734;7.8;5.3
39;2021-03-02;329;825;20543;14559;8.0;5.6
39;2021-03-03;600;527;21143;15086;8.2;5.9
39;2021-03-04;657;476;21800;15562;8.5;6.0
39;2021-03-05;670;328;22470;15890;8.7;6.2
39;2021-03-06;777;245;23247;16135;9.0;6.3
39;2021-03-07;242;83;23489;16218;9.1;6.3
39;2021-03-08;286;443;23775;16661;9.2;6.5
39;2021-03-09;843;456;24618;17117;9.5;6.6
39;2021-03-10;985;337;25603;17454;9.9;6.8
39;2021-03-11;829;461;26432;17915;10.3;6.9
39;2021-03-12;806;291;27238;18206;10.6;7.1
39;2021-03-13;788;103;28026;18309;10.9;7.1
39;2021-03-14;35;10;28061;18319;10.9;7.1
39;2021-03-15;512;98;28573;18417;11.1;7.1
39;2021-03-16;555;66;29128;18483;11.3;7.2
39;2021-03-17;612;56;29740;18539;11.5;7.2
39;2021-03-18;597;71;30337;18610;11.8;7.2
39;2021-03-19;393;72;30730;18682;11.9;7.2
39;2021-03-20;311;10;31041;18692;12.0;7.2
39;2021-03-21;3;0;31044;18692;12.0;7.2
39;2021-03-22;754;116;31798;18808;12.3;7.3
39;2021-03-23;1130;43;32928;18851;12.8;7.3
39;2021-03-24;1178;96;34106;18947;13.2;7.3
39;2021-03-25;2041;123;36147;19070;14.0;7.4
39;2021-03-26;798;113;36945;19183;14.3;7.4
39;2021-03-27;345;6;37290;19189;14.5;7.4
39;2021-03-28;36;4;37326;19193;14.5;7.4
39;2021-03-29;1036;191;38362;19384;14.9;7.5
39;2021-03-30;1400;266;39762;19650;15.4;7.6
39;2021-03-31;657;520;40419;20170;15.7;7.8
39;2021-04-01;1310;312;41729;20482;16.2;7.9
39;2021-04-02;626;131;42355;20613;16.4;8.0
39;2021-04-03;180;7;42535;20620;16.5;8.0
39;2021-04-04;4;1;42539;20621;16.5;8.0
39;2021-04-05;1;0;42540;20621;16.5;8.0
39;2021-04-06;824;632;43364;21253;16.8;8.2
39;2021-04-07;1131;677;44495;21930;17.3;8.5
39;2021-04-08;1790;578;46285;22508;18.0;8.7
39;2021-04-09;1676;290;47961;22798;18.6;8.8
39;2021-04-10;345;182;48306;22980;18.7;8.9
39;2021-04-11;2;0;48308;22980;18.7;8.9
39;2021-04-12;680;394;48988;23374;19.0;9.1
39;2021-04-13;1201;581;50189;23955;19.5;9.3
39;2021-04-14;845;637;51034;24592;19.8;9.5
39;2021-04-15;1480;714;52514;25306;20.4;9.8
39;2021-04-16;1090;173;53604;25479;20.8;9.9
39;2021-04-17;197;59;53801;25538;20.9;9.9
39;2021-04-18;0;0;53801;25538;20.9;9.9
39;2021-04-19;524;699;54325;26237;21.1;10.2
39;2021-04-20;765;542;55090;26779;21.4;10.4
39;2021-04-21;1142;720;56232;27499;21.8;10.7
39;2021-04-22;1012;1130;57244;28629;22.2;11.1
39;2021-04-23;457;358;57701;28987;22.4;11.2
39;2021-04-24;275;149;57976;29136;22.5;11.3
39;2021-04-25;12;2;57988;29138;22.5;11.3
39;2021-04-26;569;1038;58557;30176;22.7;11.7
39;2021-04-27;788;981;59345;31157;23.0;12.1
39;2021-04-28;1719;416;61064;31573;23.7;12.2
39;2021-04-29;2571;968;63635;32541;24.7;12.6
39;2021-04-30;2474;390;66109;32931;25.6;12.8
39;2021-05-01;41;53;66150;32984;25.7;12.8
39;2021-05-02;0;0;66150;32984;25.7;12.8
39;2021-05-03;917;805;67067;33789;26.0;13.1
39;2021-05-04;949;1128;68016;34917;26.4;13.5
39;2021-05-05;1952;886;69968;35803;27.1;13.9
39;2021-05-06;2424;1340;72392;37143;28.1;14.4
39;2021-05-07;1286;573;73678;37716;28.6;14.6
39;2021-05-08;179;55;73857;37771;28.6;14.6
39;2021-05-09;10;8;73867;37779;28.6;14.7
39;2021-05-10;1761;846;75628;38625;29.3;15.0
39;2021-05-11;1773;1513;77401;40138;30.0;15.6
39;2021-05-12;1803;1488;79204;41626;30.7;16.1
39;2021-05-13;246;23;79450;41649;30.8;16.2
39;2021-05-14;2392;330;81842;41979;31.7;16.3
39;2021-05-15;1848;256;83690;42235;32.5;16.4
39;2021-05-16;0;0;83690;42235;32.5;16.4
39;2021-05-17;1988;724;85678;42959;33.2;16.7
39;2021-05-18;1691;1182;87369;44141;33.9;17.1
39;2021-05-19;2496;557;89865;44698;34.9;17.3
39;2021-05-20;2467;754;92332;45452;35.8;17.6
39;2021-05-21;1799;564;94131;46016;36.5;17.8
39;2021-05-22;322;220;94453;46236;36.6;17.9
39;2021-05-23;7;36;94460;46272;36.6;17.9
39;2021-05-24;8;28;94468;46300;36.6;18.0
39;2021-05-25;1726;1201;96194;47501;37.3;18.4
39;2021-05-26;1643;1379;97837;48880;37.9;19.0
39;2021-05-27;1487;1622;99324;50502;38.5;19.6
39;2021-05-28;856;1218;100180;51720;38.9;20.1
39;2021-05-29;261;276;100441;51996;39.0;20.2
39;2021-05-30;2;40;100443;52036;39.0;20.2
39;2021-05-31;1626;1248;102069;53284;39.6;20.7
39;2021-06-01;1894;1319;103963;54603;40.3;21.2
39;2021-06-02;1706;1176;105669;55779;41.0;21.6
39;2021-06-03;1326;1160;106995;56939;41.5;22.1
39;2021-06-04;942;1069;107937;58008;41.9;22.5
39;2021-06-05;766;516;108703;58524;42.2;22.7
39;2021-06-06;1;36;108704;58560;42.2;22.7
39;2021-06-07;2105;913;110809;59473;43.0;23.1
39;2021-06-08;2211;1156;113020;60629;43.8;23.5
39;2021-06-09;1732;1245;114752;61874;44.5;24.0
39;2021-06-10;1617;2081;116369;63955;45.1;24.8
39;2021-06-11;1568;1271;117937;65226;45.7;25.3
39;2021-06-12;1264;348;119201;65574;46.2;25.4
39;2021-06-13;10;18;119211;65592;46.2;25.4
39;2021-06-14;1337;1896;120548;67488;46.8;26.2
39;2021-06-15;1383;1253;121931;68741;47.3;26.7
39;2021-06-16;1171;1539;123102;70280;47.7;27.3
39;2021-06-17;1044;1715;124146;71995;48.1;27.9
39;2021-06-18;1637;1178;125783;73173;48.8;28.4
39;2021-06-19;249;412;126032;73585;48.9;28.5
39;2021-06-20;2;18;126034;73603;48.9;28.5
39;2021-06-21;351;2494;126385;76097;49.0;29.5
39;2021-06-22;810;2289;127195;78386;49.3;30.4
39;2021-06-23;1199;1301;128394;79687;49.8;30.9
39;2021-06-24;737;1048;129131;80735;50.1;31.3
39;2021-06-25;681;2962;129812;83697;50.3;32.5
39;2021-06-26;205;1565;130017;85262;50.4;33.1
39;2021-06-27;0;0;130017;85262;50.4;33.1
39;2021-06-28;304;2745;130321;88007;50.5;34.1
39;2021-06-29;498;2696;130819;90703;50.7;35.2
39;2021-06-30;898;2420;131717;93123;51.1;36.1
39;2021-07-01;644;1936;132361;95059;51.3;36.9
39;2021-07-02;1111;1405;133472;96464;51.8;37.4
39;2021-07-03;553;523;134025;96987;52.0;37.6
39;2021-07-04;1;2;134026;96989;52.0;37.6
39;2021-07-05;602;2590;134628;99579;52.2;38.6
39;2021-07-06;836;1886;135464;101465;52.5;39.4
39;2021-07-07;588;1389;136052;102854;52.8;39.9
39;2021-07-08;698;906;136750;103760;53.0;40.2
39;2021-07-09;1080;1585;137830;105345;53.5;40.9
39;2021-07-10;738;476;138568;105821;53.7;41.0
39;2021-07-11;28;8;138596;105829;53.8;41.0
39;2021-07-12;572;2595;139168;108424;54.0;42.0
39;2021-07-13;1634;2656;140802;111080;54.6;43.1
39;2021-07-14;16;20;140818;111100;54.6;43.1
39;2021-07-15;1898;1839;142716;112939;55.3;43.8
39;2021-07-16;3226;2036;145942;114975;56.6;44.6
39;2021-07-17;2225;1156;148167;116131;57.5;45.0
39;2021-07-18;164;52;148331;116183;57.5;45.1
39;2021-07-19;1400;2956;149731;119139;58.1;46.2
39;2021-07-20;1837;2809;151568;121948;58.8;47.3
39;2021-07-21;2583;2579;154151;124527;59.8;48.3
39;2021-07-22;1934;1838;156085;126365;60.5;49.0
39;2021-07-23;1807;1927;157892;128292;61.2;49.8
39;2021-07-24;1396;1426;159288;129718;61.8;50.3
39;2021-07-25;0;1;159288;129719;61.8;50.3
39;2021-07-26;1316;1996;160604;131715;62.3;51.1
39;2021-07-27;2328;1898;162932;133613;63.2;51.8
39;2021-07-28;2680;1474;165612;135087;64.2;52.4
39;2021-07-29;2192;1743;167804;136830;65.1;53.1
39;2021-07-30;2029;1461;169833;138291;65.9;53.6
39;2021-07-31;1363;654;171196;138945;66.4;53.9
39;2021-08-01;9;18;171205;138963;66.4;53.9
39;2021-08-02;1203;1399;172408;140362;66.9;54.4
39;2021-08-03;1911;1486;174319;141848;67.6;55.0
39;2021-08-04;1042;660;175361;142508;68.0;55.3
39;2021-08-05;1231;729;176592;143237;68.5;55.6
39;2021-08-06;1376;2285;177968;145522;69.0;56.4
39;2021-08-07;1060;1206;179028;146728;69.4;56.9
39;2021-08-08;26;9;179054;146737;69.4;56.9
39;2021-08-09;435;302;179489;147039;69.6;57.0
39;2021-08-10;1228;922;180717;147961;70.1;57.4
39;2021-08-11;893;1530;181610;149491;70.4;58.0
39;2021-08-12;1575;2159;183185;151650;71.0;58.8
40;2020-12-27;0;0;0;0;0.0;0.0
40;2020-12-28;0;0;0;0;0.0;0.0
40;2020-12-29;0;0;0;0;0.0;0.0
40;2020-12-30;0;0;0;0;0.0;0.0
40;2020-12-31;1;0;1;0;0.0;0.0
40;2021-01-01;0;0;1;0;0.0;0.0
40;2021-01-02;0;0;1;0;0.0;0.0
40;2021-01-03;0;0;1;0;0.0;0.0
40;2021-01-04;0;0;1;0;0.0;0.0
40;2021-01-05;0;0;1;0;0.0;0.0
40;2021-01-06;1;0;2;0;0.0;0.0
40;2021-01-07;212;0;214;0;0.1;0.0
40;2021-01-08;392;2;606;2;0.1;0.0
40;2021-01-09;0;0;606;2;0.1;0.0
40;2021-01-10;1;0;607;2;0.1;0.0
40;2021-01-11;111;0;718;2;0.2;0.0
40;2021-01-12;0;0;718;2;0.2;0.0
40;2021-01-13;681;0;1399;2;0.3;0.0
40;2021-01-14;901;5;2300;7;0.6;0.0
40;2021-01-15;811;3;3111;10;0.8;0.0
40;2021-01-16;157;0;3268;10;0.8;0.0
40;2021-01-17;1;1;3269;11;0.8;0.0
40;2021-01-18;402;0;3671;11;0.9;0.0
40;2021-01-19;1204;2;4875;13;1.2;0.0
40;2021-01-20;879;2;5754;15;1.4;0.0
40;2021-01-21;1266;5;7020;20;1.7;0.0
40;2021-01-22;809;2;7829;22;1.9;0.0
40;2021-01-23;288;0;8117;22;2.0;0.0
40;2021-01-24;2;0;8119;22;2.0;0.0
40;2021-01-25;393;1;8512;23;2.1;0.0
40;2021-01-26;803;6;9315;29;2.3;0.0
40;2021-01-27;1118;12;10433;41;2.5;0.0
40;2021-01-28;705;115;11138;156;2.7;0.0
40;2021-01-29;600;228;11738;384;2.8;0.1
40;2021-01-30;235;3;11973;387;2.9;0.1
40;2021-01-31;1;0;11974;387;2.9;0.1
40;2021-02-01;358;132;12332;519;3.0;0.1
40;2021-02-02;923;52;13255;571;3.2;0.1
40;2021-02-03;894;298;14149;869;3.4;0.2
40;2021-02-04;1058;602;15207;1471;3.7;0.4
40;2021-02-05;793;421;16000;1892;3.9;0.5
40;2021-02-06;379;84;16379;1976;4.0;0.5
40;2021-02-07;10;0;16389;1976;4.0;0.5
40;2021-02-08;372;122;16761;2098;4.1;0.5
40;2021-02-09;809;541;17570;2639;4.3;0.6
40;2021-02-10;748;470;18318;3109;4.4;0.8
40;2021-02-11;739;684;19057;3793;4.6;0.9
40;2021-02-12;628;643;19685;4436;4.8;1.1
40;2021-02-13;400;94;20085;4530;4.9;1.1
40;2021-02-14;0;0;20085;4530;4.9;1.1
40;2021-02-15;48;386;20133;4916;4.9;1.2
40;2021-02-16;285;598;20418;5514;5.0;1.3
40;2021-02-17;360;894;20778;6408;5.0;1.6
40;2021-02-18;382;695;21160;7103;5.1;1.7
40;2021-02-19;144;643;21304;7746;5.2;1.9
40;2021-02-20;39;95;21343;7841;5.2;1.9
40;2021-02-21;1;66;21344;7907;5.2;1.9
40;2021-02-22;53;565;21397;8472;5.2;2.1
40;2021-02-23;179;835;21576;9307;5.2;2.3
40;2021-02-24;282;686;21858;9993;5.3;2.4
40;2021-02-25;727;992;22585;10985;5.5;2.7
40;2021-02-26;655;636;23240;11621;5.6;2.8
40;2021-02-27;384;101;23624;11722;5.7;2.8
40;2021-02-28;2;0;23626;11722;5.7;2.8
40;2021-03-01;418;507;24044;12229;5.8;3.0
40;2021-03-02;734;1041;24778;13270;6.0;3.2
40;2021-03-03;933;912;25711;14182;6.2;3.4
40;2021-03-04;1316;823;27027;15005;6.6;3.6
40;2021-03-05;1230;742;28257;15747;6.9;3.8
40;2021-03-06;866;391;29123;16138;7.1;3.9
40;2021-03-07;92;9;29215;16147;7.1;3.9
40;2021-03-08;838;501;30053;16648;7.3;4.0
40;2021-03-09;1505;643;31558;17291;7.7;4.2
40;2021-03-10;1748;707;33306;17998;8.1;4.4
40;2021-03-11;1985;694;35291;18692;8.6;4.5
40;2021-03-12;2049;549;37340;19241;9.1;4.7
40;2021-03-13;971;255;38311;19496;9.3;4.7
40;2021-03-14;98;0;38409;19496;9.3;4.7
40;2021-03-15;924;89;39333;19585;9.5;4.8
40;2021-03-16;986;269;40319;19854;9.8;4.8
40;2021-03-17;1576;345;41895;20199;10.2;4.9
40;2021-03-18;1560;337;43455;20536;10.5;5.0
40;2021-03-19;1808;147;45263;20683;11.0;5.0
40;2021-03-20;706;13;45969;20696;11.2;5.0
40;2021-03-21;52;1;46021;20697;11.2;5.0
40;2021-03-22;1174;35;47195;20732;11.5;5.0
40;2021-03-23;2324;165;49519;20897;12.0;5.1
40;2021-03-24;2324;228;51843;21125;12.6;5.1
40;2021-03-25;2767;378;54610;21503;13.3;5.2
40;2021-03-26;3121;208;57731;21711;14.0;5.3
40;2021-03-27;923;45;58654;21756;14.2;5.3
40;2021-03-28;178;47;58832;21803;14.3;5.3
40;2021-03-29;1153;381;59985;22184;14.6;5.4
40;2021-03-30;2298;385;62283;22569;15.1;5.5
40;2021-03-31;2001;299;64284;22868;15.6;5.6
40;2021-04-01;2408;327;66692;23195;16.2;5.6
40;2021-04-02;2361;218;69053;23413;16.8;5.7
40;2021-04-03;743;120;69796;23533;16.9;5.7
40;2021-04-04;362;8;70158;23541;17.0;5.7
40;2021-04-05;523;40;70681;23581;17.2;5.7
40;2021-04-06;2096;806;72777;24387;17.7;5.9
40;2021-04-07;2665;871;75442;25258;18.3;6.1
40;2021-04-08;3059;894;78501;26152;19.1;6.3
40;2021-04-09;3825;602;82326;26754;20.0;6.5
40;2021-04-10;1598;341;83924;27095;20.4;6.6
40;2021-04-11;51;6;83975;27101;20.4;6.6
40;2021-04-12;2175;734;86150;27835;20.9;6.8
40;2021-04-13;2568;1088;88718;28923;21.5;7.0
40;2021-04-14;2572;1374;91290;30297;22.2;7.4
40;2021-04-15;2985;1505;94275;31802;22.9;7.7
40;2021-04-16;2877;1185;97152;32987;23.6;8.0
40;2021-04-17;1464;347;98616;33334;23.9;8.1
40;2021-04-18;57;24;98673;33358;24.0;8.1
40;2021-04-19;1058;1018;99731;34376;24.2;8.3
40;2021-04-20;1621;1744;101352;36120;24.6;8.8
40;2021-04-21;1777;1739;103129;37859;25.0;9.2
40;2021-04-22;2113;1775;105242;39634;25.5;9.6
40;2021-04-23;2162;1398;107404;41032;26.1;10.0
40;2021-04-24;1327;620;108731;41652;26.4;10.1
40;2021-04-25;37;57;108768;41709;26.4;10.1
40;2021-04-26;1250;1136;110018;42845;26.7;10.4
40;2021-04-27;1486;2032;111504;44877;27.1;10.9
40;2021-04-28;2051;1370;113555;46247;27.6;11.2
40;2021-04-29;2607;1897;116162;48144;28.2;11.7
40;2021-04-30;2699;1616;118861;49760;28.9;12.1
40;2021-05-01;1229;782;120090;50542;29.1;12.3
40;2021-05-02;143;322;120233;50864;29.2;12.3
40;2021-05-03;1857;1499;122090;52363;29.6;12.7
40;2021-05-04;1884;2467;123974;54830;30.1;13.3
40;2021-05-05;2189;2670;126163;57500;30.6;14.0
40;2021-05-06;2235;2862;128398;60362;31.2;14.7
40;2021-05-07;1904;3003;130302;63365;31.6;15.4
40;2021-05-08;675;468;130977;63833;31.8;15.5
40;2021-05-09;316;21;131293;63854;31.9;15.5
40;2021-05-10;1399;2054;132692;65908;32.2;16.0
40;2021-05-11;2196;2510;134888;68418;32.7;16.6
40;2021-05-12;2731;1942;137619;70360;33.4;17.1
40;2021-05-13;1984;515;139603;70875;33.9;17.2
40;2021-05-14;2325;1654;141928;72529;34.5;17.6
40;2021-05-15;1340;963;143268;73492;34.8;17.8
40;2021-05-16;434;24;143702;73516;34.9;17.8
40;2021-05-17;2120;1313;145822;74829;35.4;18.2
40;2021-05-18;2509;1417;148331;76246;36.0;18.5
40;2021-05-19;2955;1103;151286;77349;36.7;18.8
40;2021-05-20;3584;1163;154870;78512;37.6;19.1
40;2021-05-21;2924;1332;157794;79844;38.3;19.4
40;2021-05-22;1146;795;158940;80639;38.6;19.6
40;2021-05-23;631;29;159571;80668;38.7;19.6
40;2021-05-24;1211;332;160782;81000;39.0;19.7
40;2021-05-25;2169;1306;162951;82306;39.6;20.0
40;2021-05-26;2615;1562;165566;83868;40.2;20.4
40;2021-05-27;2733;2011;168299;85879;40.9;20.8
40;2021-05-28;2568;2276;170867;88155;41.5;21.4
40;2021-05-29;1558;1256;172425;89411;41.9;21.7
40;2021-05-30;3;52;172428;89463;41.9;21.7
40;2021-05-31;2566;1208;174994;90671;42.5;22.0
40;2021-06-01;3011;1771;178005;92442;43.2;22.4
40;2021-06-02;3173;1989;181178;94431;44.0;22.9
40;2021-06-03;3592;2337;184770;96768;44.8;23.5
40;2021-06-04;3016;2805;187786;99573;45.6;24.2
40;2021-06-05;1779;1394;189565;100967;46.0;24.5
40;2021-06-06;459;78;190024;101045;46.1;24.5
40;2021-06-07;2185;2025;192209;103070;46.7;25.0
40;2021-06-08;2952;2102;195161;105172;47.4;25.5
40;2021-06-09;3214;2267;198375;107439;48.2;26.1
40;2021-06-10;2996;2093;201371;109532;48.9;26.6
40;2021-06-11;3139;2796;204510;112328;49.6;27.3
40;2021-06-12;1964;1636;206474;113964;50.1;27.7
40;2021-06-13;643;161;207117;114125;50.3;27.7
40;2021-06-14;1458;2498;208575;116623;50.6;28.3
40;2021-06-15;2235;2820;210810;119443;51.2;29.0
40;2021-06-16;2604;2454;213414;121897;51.8;29.6
40;2021-06-17;2432;2436;215846;124333;52.4;30.2
40;2021-06-18;2323;2905;218169;127238;53.0;30.9
40;2021-06-19;1798;1231;219967;128469;53.4;31.2
40;2021-06-20;344;275;220311;128744;53.5;31.3
40;2021-06-21;1393;2320;221704;131064;53.8;31.8
40;2021-06-22;1686;2995;223390;134059;54.2;32.5
40;2021-06-23;1607;3345;224997;137404;54.6;33.4
40;2021-06-24;1734;2383;226731;139787;55.0;33.9
40;2021-06-25;1760;3263;228491;143050;55.5;34.7
40;2021-06-26;1327;1710;229818;144760;55.8;35.1
40;2021-06-27;263;354;230081;145114;55.8;35.2
40;2021-06-28;1333;2820;231414;147934;56.2;35.9
40;2021-06-29;1708;3388;233122;151322;56.6;36.7
40;2021-06-30;1774;3640;234896;154962;57.0;37.6
40;2021-07-01;1713;3948;236609;158910;57.4;38.6
40;2021-07-02;1557;3810;238166;162720;57.8;39.5
40;2021-07-03;677;1922;238843;164642;58.0;40.0
40;2021-07-04;219;484;239062;165126;58.0;40.1
40;2021-07-05;1470;3021;240532;168147;58.4;40.8
40;2021-07-06;1765;3613;242297;171760;58.8;41.7
40;2021-07-07;1975;3844;244272;175604;59.3;42.6
40;2021-07-08;2100;3407;246372;179011;59.8;43.5
40;2021-07-09;2109;3950;248481;182961;60.3;44.4
40;2021-07-10;1003;2159;249484;185120;60.6;44.9
40;2021-07-11;207;294;249691;185414;60.6;45.0
40;2021-07-12;1310;4044;251001;189458;60.9;46.0
40;2021-07-13;2425;4697;253426;194155;61.5;47.1
40;2021-07-14;2192;2055;255618;196210;62.0;47.6
40;2021-07-15;2833;4859;258451;201069;62.7;48.8
40;2021-07-16;3310;3944;261761;205013;63.5;49.8
40;2021-07-17;2105;2590;263866;207603;64.0;50.4
40;2021-07-18;469;541;264335;208144;64.2;50.5
40;2021-07-19;2560;3703;266895;211847;64.8;51.4
40;2021-07-20;3046;4052;269941;215899;65.5;52.4
40;2021-07-21;3189;3880;273130;219779;66.3;53.3
40;2021-07-22;3833;3926;276963;223705;67.2;54.3
40;2021-07-23;4071;4109;281034;227814;68.2;55.3
40;2021-07-24;2774;2097;283808;229911;68.9;55.8
40;2021-07-25;946;487;284754;230398;69.1;55.9
40;2021-07-26;2919;3077;287673;233475;69.8;56.7
40;2021-07-27;3487;3601;291160;237076;70.7;57.5
40;2021-07-28;3358;3390;294518;240466;71.5;58.4
40;2021-07-29;3510;3423;298028;243889;72.3;59.2
40;2021-07-30;3109;3400;301137;247289;73.1;60.0
40;2021-07-31;1769;1910;302906;249199;73.5;60.5
40;2021-08-01;343;286;303249;249485;73.6;60.6
40;2021-08-02;1986;2380;305235;251865;74.1;61.1
40;2021-08-03;2319;2683;307554;254548;74.7;61.8
40;2021-08-04;2084;2313;309638;256861;75.2;62.3
40;2021-08-05;1958;2665;311596;259526;75.6;63.0
40;2021-08-06;1868;3062;313464;262588;76.1;63.7
40;2021-08-07;1216;1743;314680;264331;76.4;64.2
40;2021-08-08;83;153;314763;264484;76.4;64.2
40;2021-08-09;1589;3125;316352;267609;76.8;65.0
40;2021-08-10;1420;3162;317772;270771;77.1;65.7
40;2021-08-11;1401;2840;319173;273611;77.5;66.4
40;2021-08-12;1261;3100;320434;276711;77.8;67.2
41;2020-12-27;0;0;0;0;0.0;0.0
41;2020-12-28;0;0;0;0;0.0;0.0
41;2020-12-29;0;0;0;0;0.0;0.0
41;2020-12-30;0;0;0;0;0.0;0.0
41;2020-12-31;0;0;0;0;0.0;0.0
41;2021-01-01;0;0;0;0;0.0;0.0
41;2021-01-02;2;0;2;0;0.0;0.0
41;2021-01-03;0;0;2;0;0.0;0.0
41;2021-01-04;0;0;2;0;0.0;0.0
41;2021-01-05;35;0;37;0;0.0;0.0
41;2021-01-06;72;0;109;0;0.0;0.0
41;2021-01-07;21;0;130;0;0.0;0.0
41;2021-01-08;1;0;131;0;0.0;0.0
41;2021-01-09;0;0;131;0;0.0;0.0
41;2021-01-10;0;0;131;0;0.0;0.0
41;2021-01-11;133;0;264;0;0.1;0.0
41;2021-01-12;321;1;585;1;0.2;0.0
41;2021-01-13;270;0;855;1;0.3;0.0
41;2021-01-14;283;1;1138;2;0.3;0.0
41;2021-01-15;215;1;1353;3;0.4;0.0
41;2021-01-16;0;0;1353;3;0.4;0.0
41;2021-01-17;0;0;1353;3;0.4;0.0
41;2021-01-18;397;2;1750;5;0.5;0.0
41;2021-01-19;857;0;2607;5;0.8;0.0
41;2021-01-20;1056;3;3663;8;1.1;0.0
41;2021-01-21;1567;1;5230;9;1.6;0.0
41;2021-01-22;835;0;6065;9;1.9;0.0
41;2021-01-23;92;0;6157;9;1.9;0.0
41;2021-01-24;0;0;6157;9;1.9;0.0
41;2021-01-25;421;1;6578;10;2.0;0.0
41;2021-01-26;473;2;7051;12;2.2;0.0
41;2021-01-27;441;1;7492;13;2.3;0.0
41;2021-01-28;604;56;8096;69;2.5;0.0
41;2021-01-29;260;30;8356;99;2.5;0.0
41;2021-01-30;0;0;8356;99;2.5;0.0
41;2021-01-31;0;0;8356;99;2.5;0.0
41;2021-02-01;350;147;8706;246;2.7;0.1
41;2021-02-02;471;231;9177;477;2.8;0.1
41;2021-02-03;341;202;9518;679;2.9;0.2
41;2021-02-04;559;154;10077;833;3.1;0.3
41;2021-02-05;329;192;10406;1025;3.2;0.3
41;2021-02-06;4;0;10410;1025;3.2;0.3
41;2021-02-07;2;0;10412;1025;3.2;0.3
41;2021-02-08;306;311;10718;1336;3.3;0.4
41;2021-02-09;598;456;11316;1792;3.5;0.5
41;2021-02-10;486;693;11802;2485;3.6;0.8
41;2021-02-11;1066;1157;12868;3642;3.9;1.1
41;2021-02-12;688;356;13556;3998;4.1;1.2
41;2021-02-13;9;5;13565;4003;4.1;1.2
41;2021-02-14;2;27;13567;4030;4.1;1.2
41;2021-02-15;314;307;13881;4337;4.2;1.3
41;2021-02-16;354;565;14235;4902;4.3;1.5
41;2021-02-17;318;460;14553;5362;4.4;1.6
41;2021-02-18;617;319;15170;5681;4.6;1.7
41;2021-02-19;456;336;15626;6017;4.8;1.8
41;2021-02-20;69;58;15695;6075;4.8;1.9
41;2021-02-21;0;0;15695;6075;4.8;1.9
41;2021-02-22;310;421;16005;6496;4.9;2.0
41;2021-02-23;454;351;16459;6847;5.0;2.1
41;2021-02-24;281;442;16740;7289;5.1;2.2
41;2021-02-25;674;457;17414;7746;5.3;2.4
41;2021-02-26;629;251;18043;7997;5.5;2.4
41;2021-02-27;161;4;18204;8001;5.6;2.4
41;2021-02-28;4;31;18208;8032;5.6;2.5
41;2021-03-01;310;311;18518;8343;5.6;2.5
41;2021-03-02;648;413;19166;8756;5.8;2.7
41;2021-03-03;497;411;19663;9167;6.0;2.8
41;2021-03-04;783;836;20446;10003;6.2;3.1
41;2021-03-05;838;672;21284;10675;6.5;3.3
41;2021-03-06;715;20;21999;10695;6.7;3.3
41;2021-03-07;498;16;22497;10711;6.9;3.3
41;2021-03-08;299;378;22796;11089;7.0;3.4
41;2021-03-09;1042;452;23838;11541;7.3;3.5
41;2021-03-10;721;456;24559;11997;7.5;3.7
41;2021-03-11;1182;681;25741;12678;7.9;3.9
41;2021-03-12;1114;411;26855;13089;8.2;4.0
41;2021-03-13;1222;15;28077;13104;8.6;4.0
41;2021-03-14;392;3;28469;13107;8.7;4.0
41;2021-03-15;797;352;29266;13459;8.9;4.1
41;2021-03-16;1061;409;30327;13868;9.3;4.2
41;2021-03-17;587;240;30914;14108;9.4;4.3
41;2021-03-18;925;401;31839;14509;9.7;4.4
41;2021-03-19;911;332;32750;14841;10.0;4.5
41;2021-03-20;539;17;33289;14858;10.2;4.5
41;2021-03-21;1;0;33290;14858;10.2;4.5
41;2021-03-22;809;270;34099;15128;10.4;4.6
41;2021-03-23;1309;491;35408;15619;10.8;4.8
41;2021-03-24;1231;366;36639;15985;11.2;4.9
41;2021-03-25;2026;436;38665;16421;11.8;5.0
41;2021-03-26;1655;324;40320;16745;12.3;5.1
41;2021-03-27;451;57;40771;16802;12.4;5.1
41;2021-03-28;1;0;40772;16802;12.4;5.1
41;2021-03-29;938;308;41710;17110;12.7;5.2
41;2021-03-30;1496;595;43206;17705;13.2;5.4
41;2021-03-31;1147;493;44353;18198;13.5;5.6
41;2021-04-01;2252;560;46605;18758;14.2;5.7
41;2021-04-02;1242;472;47847;19230;14.6;5.9
41;2021-04-03;321;5;48168;19235;14.7;5.9
41;2021-04-04;39;0;48207;19235;14.7;5.9
41;2021-04-05;140;2;48347;19237;14.7;5.9
41;2021-04-06;1301;624;49648;19861;15.1;6.1
41;2021-04-07;1851;701;51499;20562;15.7;6.3
41;2021-04-08;2292;920;53791;21482;16.4;6.6
41;2021-04-09;2568;608;56359;22090;17.2;6.7
41;2021-04-10;954;497;57313;22587;17.5;6.9
41;2021-04-11;278;376;57591;22963;17.6;7.0
41;2021-04-12;1688;652;59279;23615;18.1;7.2
41;2021-04-13;2262;983;61541;24598;18.8;7.5
41;2021-04-14;1793;548;63334;25146;19.3;7.7
41;2021-04-15;2384;972;65718;26118;20.0;8.0
41;2021-04-16;1931;622;67649;26740;20.6;8.2
41;2021-04-17;647;136;68296;26876;20.8;8.2
41;2021-04-18;5;0;68301;26876;20.8;8.2
41;2021-04-19;1262;743;69563;27619;21.2;8.4
41;2021-04-20;2004;1203;71567;28822;21.8;8.8
41;2021-04-21;1504;912;73071;29734;22.3;9.1
41;2021-04-22;2236;1595;75307;31329;23.0;9.6
41;2021-04-23;1735;1077;77042;32406;23.5;9.9
41;2021-04-24;1544;277;78586;32683;24.0;10.0
41;2021-04-25;1007;19;79593;32702;24.3;10.0
41;2021-04-26;1357;627;80950;33329;24.7;10.2
41;2021-04-27;2094;1039;83044;34368;25.3;10.5
41;2021-04-28;1561;857;84605;35225;25.8;10.7
41;2021-04-29;2212;1373;86817;36598;26.5;11.2
41;2021-04-30;1962;865;88779;37463;27.1;11.4
41;2021-05-01;189;12;88968;37475;27.1;11.4
41;2021-05-02;107;17;89075;37492;27.2;11.4
41;2021-05-03;1866;891;90941;38383;27.7;11.7
41;2021-05-04;2096;1544;93037;39927;28.4;12.2
41;2021-05-05;1881;1190;94918;41117;29.0;12.5
41;2021-05-06;2448;1696;97366;42813;29.7;13.1
41;2021-05-07;2018;1799;99384;44612;30.3;13.6
41;2021-05-08;203;152;99587;44764;30.4;13.7
41;2021-05-09;11;354;99598;45118;30.4;13.8
41;2021-05-10;1590;1557;101188;46675;30.9;14.2
41;2021-05-11;2089;2097;103277;48772;31.5;14.9
41;2021-05-12;1952;1676;105229;50448;32.1;15.4
41;2021-05-13;1485;946;106714;51394;32.6;15.7
41;2021-05-14;1577;1304;108291;52698;33.0;16.1
41;2021-05-15;206;294;108497;52992;33.1;16.2
41;2021-05-16;4;0;108501;52992;33.1;16.2
41;2021-05-17;2483;560;110984;53552;33.9;16.3
41;2021-05-18;3137;1026;114121;54578;34.8;16.6
41;2021-05-19;2554;671;116675;55249;35.6;16.9
41;2021-05-20;3348;1153;120023;56402;36.6;17.2
41;2021-05-21;2726;967;122749;57369;37.4;17.5
41;2021-05-22;396;237;123145;57606;37.6;17.6
41;2021-05-23;6;2;123151;57608;37.6;17.6
41;2021-05-24;2605;145;125756;57753;38.4;17.6
41;2021-05-25;2989;575;128745;58328;39.3;17.8
41;2021-05-26;3037;647;131782;58975;40.2;18.0
41;2021-05-27;3296;1111;135078;60086;41.2;18.3
41;2021-05-28;3143;980;138221;61066;42.2;18.6
41;2021-05-29;2075;428;140296;61494;42.8;18.8
41;2021-05-30;344;22;140640;61516;42.9;18.8
41;2021-05-31;1711;1506;142351;63022;43.4;19.2
41;2021-06-01;2262;2012;144613;65034;44.1;19.8
41;2021-06-02;1831;1290;146444;66324;44.7;20.2
41;2021-06-03;2597;1942;149041;68266;45.5;20.8
41;2021-06-04;2306;1964;151347;70230;46.2;21.4
41;2021-06-05;611;1583;151958;71813;46.4;21.9
41;2021-06-06;108;927;152066;72740;46.4;22.2
41;2021-06-07;1516;1532;153582;74272;46.8;22.7
41;2021-06-08;1713;2414;155295;76686;47.4;23.4
41;2021-06-09;1615;1643;156910;78329;47.9;23.9
41;2021-06-10;1917;1817;158827;80146;48.4;24.4
41;2021-06-11;1572;1796;160399;81942;48.9;25.0
41;2021-06-12;663;649;161062;82591;49.1;25.2
41;2021-06-13;12;77;161074;82668;49.1;25.2
41;2021-06-14;1269;1964;162343;84632;49.5;25.8
41;2021-06-15;1834;2762;164177;87394;50.1;26.7
41;2021-06-16;1725;2309;165902;89703;50.6;27.4
41;2021-06-17;1811;2576;167713;92279;51.2;28.1
41;2021-06-18;1666;2402;169379;94681;51.7;28.9
41;2021-06-19;412;532;169791;95213;51.8;29.0
41;2021-06-20;11;32;169802;95245;51.8;29.1
41;2021-06-21;1325;1781;171127;97026;52.2;29.6
41;2021-06-22;1618;2563;172745;99589;52.7;30.4
41;2021-06-23;1375;2045;174120;101634;53.1;31.0
41;2021-06-24;1483;2311;175603;103945;53.6;31.7
41;2021-06-25;1294;2617;176897;106562;54.0;32.5
41;2021-06-26;434;613;177331;107175;54.1;32.7
41;2021-06-27;1;4;177332;107179;54.1;32.7
41;2021-06-28;404;2697;177736;109876;54.2;33.5
41;2021-06-29;666;3441;178402;113317;54.4;34.6
41;2021-06-30;551;3068;178953;116385;54.6;35.5
41;2021-07-01;767;3106;179720;119491;54.8;36.4
41;2021-07-02;590;3499;180310;122990;55.0;37.5
41;2021-07-03;158;647;180468;123637;55.0;37.7
41;2021-07-04;1;2;180469;123639;55.0;37.7
41;2021-07-05;287;2820;180756;126459;55.1;38.6
41;2021-07-06;666;3635;181422;130094;55.3;39.7
41;2021-07-07;478;3138;181900;133232;55.5;40.6
41;2021-07-08;942;3370;182842;136602;55.8;41.7
41;2021-07-09;534;3642;183376;140244;55.9;42.8
41;2021-07-10;246;2088;183622;142332;56.0;43.4
41;2021-07-11;5;281;183627;142613;56.0;43.5
41;2021-07-12;859;2292;184486;144905;56.3;44.2
41;2021-07-13;1198;3285;185684;148190;56.6;45.2
41;2021-07-14;140;1080;185824;149270;56.7;45.5
41;2021-07-15;1332;3322;187156;152592;57.1;46.5
41;2021-07-16;1089;3398;188245;155990;57.4;47.6
41;2021-07-17;341;807;188586;156797;57.5;47.8
41;2021-07-18;24;32;188610;156829;57.5;47.8
41;2021-07-19;1189;2320;189799;159149;57.9;48.5
41;2021-07-20;1637;2744;191436;161893;58.4;49.4
41;2021-07-21;1701;2087;193137;163980;58.9;50.0
41;2021-07-22;2258;2305;195395;166285;59.6;50.7
41;2021-07-23;2094;2478;197489;168763;60.2;51.5
41;2021-07-24;327;842;197816;169605;60.3;51.7
41;2021-07-25;17;23;197833;169628;60.3;51.7
41;2021-07-26;1895;1682;199728;171310;60.9;52.3
41;2021-07-27;2529;2341;202257;173651;61.7;53.0
41;2021-07-28;2161;1827;204418;175478;62.4;53.5
41;2021-07-29;2336;2023;206754;177501;63.1;54.1
41;2021-07-30;2151;2084;208905;179585;63.7;54.8
41;2021-07-31;378;579;209283;180164;63.8;55.0
41;2021-08-01;17;7;209300;180171;63.8;55.0
41;2021-08-02;1544;1607;210844;181778;64.3;55.4
41;2021-08-03;2507;1856;213351;183634;65.1;56.0
41;2021-08-04;2292;1194;215643;184828;65.8;56.4
41;2021-08-05;3029;1255;218672;186083;66.7;56.8
41;2021-08-06;2206;1298;220878;187381;67.4;57.2
41;2021-08-07;507;346;221385;187727;67.5;57.3
41;2021-08-08;13;20;221398;187747;67.5;57.3
41;2021-08-09;1685;1352;223083;189099;68.0;57.7
41;2021-08-10;2559;1409;225642;190508;68.8;58.1
41;2021-08-11;1591;1435;227233;191943;69.3;58.5
41;2021-08-12;1925;1324;229158;193267;69.9;59.0
42;2020-12-27;2;0;2;0;0.0;0.0
42;2020-12-28;0;0;2;0;0.0;0.0
42;2020-12-29;0;0;2;0;0.0;0.0
42;2020-12-30;0;0;2;0;0.0;0.0
42;2020-12-31;0;0;2;0;0.0;0.0
42;2021-01-01;0;0;2;0;0.0;0.0
42;2021-01-02;0;0;2;0;0.0;0.0
42;2021-01-03;0;0;2;0;0.0;0.0
42;2021-01-04;1;0;3;0;0.0;0.0
42;2021-01-05;1;0;4;0;0.0;0.0
42;2021-01-06;178;1;182;1;0.0;0.0
42;2021-01-07;256;0;438;1;0.1;0.0
42;2021-01-08;262;1;700;2;0.1;0.0
42;2021-01-09;136;0;836;2;0.1;0.0
42;2021-01-10;0;0;836;2;0.1;0.0
42;2021-01-11;293;2;1129;4;0.1;0.0
42;2021-01-12;412;1;1541;5;0.2;0.0
42;2021-01-13;527;2;2068;7;0.3;0.0
42;2021-01-14;771;4;2839;11;0.4;0.0
42;2021-01-15;703;4;3542;15;0.5;0.0
42;2021-01-16;298;1;3840;16;0.5;0.0
42;2021-01-17;219;0;4059;16;0.5;0.0
42;2021-01-18;969;1;5028;17;0.7;0.0
42;2021-01-19;1328;11;6356;28;0.8;0.0
42;2021-01-20;955;4;7311;32;1.0;0.0
42;2021-01-21;1003;6;8314;38;1.1;0.0
42;2021-01-22;992;6;9306;44;1.2;0.0
42;2021-01-23;401;0;9707;44;1.3;0.0
42;2021-01-24;358;0;10065;44;1.3;0.0
42;2021-01-25;1098;13;11163;57;1.5;0.0
42;2021-01-26;1745;19;12908;76;1.7;0.0
42;2021-01-27;1457;122;14365;198;1.9;0.0
42;2021-01-28;1665;141;16030;339;2.1;0.0
42;2021-01-29;946;117;16976;456;2.2;0.1
42;2021-01-30;257;113;17233;569;2.3;0.1
42;2021-01-31;258;2;17491;571;2.3;0.1
42;2021-02-01;730;61;18221;632;2.4;0.1
42;2021-02-02;1803;295;20024;927;2.6;0.1
42;2021-02-03;1517;488;21541;1415;2.8;0.2
42;2021-02-04;1283;614;22824;2029;3.0;0.3
42;2021-02-05;684;526;23508;2555;3.1;0.3
42;2021-02-06;303;149;23811;2704;3.1;0.4
42;2021-02-07;275;153;24086;2857;3.1;0.4
42;2021-02-08;508;624;24594;3481;3.2;0.5
42;2021-02-09;703;802;25297;4283;3.3;0.6
42;2021-02-10;740;691;26037;4974;3.4;0.7
42;2021-02-11;769;678;26806;5652;3.5;0.7
42;2021-02-12;675;753;27481;6405;3.6;0.8
42;2021-02-13;427;304;27908;6709;3.6;0.9
42;2021-02-14;186;228;28094;6937;3.7;0.9
42;2021-02-15;521;818;28615;7755;3.7;1.0
42;2021-02-16;488;1245;29103;9000;3.8;1.2
42;2021-02-17;518;1535;29621;10535;3.9;1.4
42;2021-02-18;754;1385;30375;11920;4.0;1.6
42;2021-02-19;767;1020;31142;12940;4.1;1.7
42;2021-02-20;248;411;31390;13351;4.1;1.7
42;2021-02-21;63;328;31453;13679;4.1;1.8
42;2021-02-22;574;967;32027;14646;4.2;1.9
42;2021-02-23;1203;1426;33230;16072;4.3;2.1
42;2021-02-24;1242;1223;34472;17295;4.5;2.3
42;2021-02-25;1666;1419;36138;18714;4.7;2.4
42;2021-02-26;1646;928;37784;19642;4.9;2.6
42;2021-02-27;580;295;38364;19937;5.0;2.6
42;2021-02-28;166;126;38530;20063;5.0;2.6
42;2021-03-01;811;848;39341;20911;5.1;2.7
42;2021-03-02;1274;813;40615;21724;5.3;2.8
42;2021-03-03;1366;800;41981;22524;5.5;2.9
42;2021-03-04;1704;705;43685;23229;5.7;3.0
42;2021-03-05;2627;658;46312;23887;6.1;3.1
42;2021-03-06;1930;258;48242;24145;6.3;3.2
42;2021-03-07;1492;86;49734;24231;6.5;3.2
42;2021-03-08;1405;507;51139;24738;6.7;3.2
42;2021-03-09;1984;452;53123;25190;6.9;3.3
42;2021-03-10;2053;490;55176;25680;7.2;3.4
42;2021-03-11;3048;602;58224;26282;7.6;3.4
42;2021-03-12;3007;820;61231;27102;8.0;3.5
42;2021-03-13;1479;356;62710;27458;8.2;3.6
42;2021-03-14;472;175;63182;27633;8.3;3.6
42;2021-03-15;1572;593;64754;28226;8.5;3.7
42;2021-03-16;1472;775;66226;29001;8.7;3.8
42;2021-03-17;1717;1071;67943;30072;8.9;3.9
42;2021-03-18;1804;1027;69747;31099;9.1;4.1
42;2021-03-19;2566;670;72313;31769;9.5;4.2
42;2021-03-20;1671;225;73984;31994;9.7;4.2
42;2021-03-21;527;96;74511;32090;9.7;4.2
42;2021-03-22;1429;732;75940;32822;9.9;4.3
42;2021-03-23;2504;848;78444;33670;10.3;4.4
42;2021-03-24;2783;780;81227;34450;10.6;4.5
42;2021-03-25;3720;934;84947;35384;11.1;4.6
42;2021-03-26;3760;781;88707;36165;11.6;4.7
42;2021-03-27;1806;443;90513;36608;11.8;4.8
42;2021-03-28;1040;212;91553;36820;12.0;4.8
42;2021-03-29;2062;917;93615;37737;12.2;4.9
42;2021-03-30;3144;856;96759;38593;12.7;5.0
42;2021-03-31;2443;1064;99202;39657;13.0;5.2
42;2021-04-01;3390;1039;102592;40696;13.4;5.3
42;2021-04-02;2849;1219;105441;41915;13.8;5.5
42;2021-04-03;1418;602;106859;42517;14.0;5.6
42;2021-04-04;1401;390;108260;42907;14.2;5.6
42;2021-04-05;1900;289;110160;43196;14.4;5.6
42;2021-04-06;2291;1408;112451;44604;14.7;5.8
42;2021-04-07;2756;1824;115207;46428;15.1;6.1
42;2021-04-08;4021;1583;119228;48011;15.6;6.3
42;2021-04-09;5127;1533;124355;49544;16.3;6.5
42;2021-04-10;2590;755;126945;50299;16.6;6.6
42;2021-04-11;1955;420;128900;50719;16.9;6.6
42;2021-04-12;3697;1542;132597;52261;17.3;6.8
42;2021-04-13;4659;1807;137256;54068;17.9;7.1
42;2021-04-14;4310;1893;141566;55961;18.5;7.3
42;2021-04-15;4806;1808;146372;57769;19.1;7.6
42;2021-04-16;4616;1875;150988;59644;19.7;7.8
42;2021-04-17;2980;1068;153968;60712;20.1;7.9
42;2021-04-18;1884;413;155852;61125;20.4;8.0
42;2021-04-19;3089;1536;158941;62661;20.8;8.2
42;2021-04-20;3466;1946;162407;64607;21.2;8.4
42;2021-04-21;3473;1746;165880;66353;21.7;8.7
42;2021-04-22;3769;1941;169649;68294;22.2;8.9
42;2021-04-23;3835;2003;173484;70297;22.7;9.2
42;2021-04-24;2359;1513;175843;71810;23.0;9.4
42;2021-04-25;1659;944;177502;72754;23.2;9.5
42;2021-04-26;3276;1724;180778;74478;23.6;9.7
42;2021-04-27;3257;2206;184035;76684;24.1;10.0
42;2021-04-28;3464;2619;187499;79303;24.5;10.4
42;2021-04-29;3770;2801;191269;82104;25.0;10.7
42;2021-04-30;3361;3030;194630;85134;25.5;11.1
42;2021-05-01;2969;1040;197599;86174;25.8;11.3
42;2021-05-02;1936;1257;199535;87431;26.1;11.4
42;2021-05-03;2870;2764;202405;90195;26.5;11.8
42;2021-05-04;3418;3124;205823;93319;26.9;12.2
42;2021-05-05;3331;3398;209154;96717;27.3;12.6
42;2021-05-06;3890;3766;213044;100483;27.9;13.1
42;2021-05-07;3730;4031;216774;104514;28.3;13.7
42;2021-05-08;3165;1066;219939;105580;28.8;13.8
42;2021-05-09;1505;2211;221444;107791;29.0;14.1
42;2021-05-10;3250;3827;224694;111618;29.4;14.6
42;2021-05-11;5578;3910;230272;115528;30.1;15.1
42;2021-05-12;5345;3566;235617;119094;30.8;15.6
42;2021-05-13;5454;1137;241071;120231;31.5;15.7
42;2021-05-14;5242;2923;246313;123154;32.2;16.1
42;2021-05-15;4881;2115;251194;125269;32.8;16.4
42;2021-05-16;2871;1036;254065;126305;33.2;16.5
42;2021-05-17;5888;2838;259953;129143;34.0;16.9
42;2021-05-18;6253;2981;266206;132124;34.8;17.3
42;2021-05-19;6525;2749;272731;134873;35.7;17.6
42;2021-05-20;7107;2889;279838;137762;36.6;18.0
42;2021-05-21;6352;3266;286190;141028;37.4;18.4
42;2021-05-22;5837;2121;292027;143149;38.2;18.7
42;2021-05-23;2833;872;294860;144021;38.6;18.8
42;2021-05-24;5251;1425;300111;145446;39.2;19.0
42;2021-05-25;5154;3946;305265;149392;39.9;19.5
42;2021-05-26;5161;3456;310426;152848;40.6;20.0
42;2021-05-27;5367;3635;315793;156483;41.3;20.5
42;2021-05-28;5039;4200;320832;160683;42.0;21.0
42;2021-05-29;4342;2985;325174;163668;42.5;21.4
42;2021-05-30;1981;1209;327155;164877;42.8;21.6
42;2021-05-31;4241;3425;331396;168302;43.3;22.0
42;2021-06-01;4592;3571;335988;171873;43.9;22.5
42;2021-06-02;4477;3010;340465;174883;44.5;22.9
42;2021-06-03;4928;3838;345393;178721;45.2;23.4
42;2021-06-04;4767;4220;350160;182941;45.8;23.9
42;2021-06-05;3688;2424;353848;185365;46.3;24.2
42;2021-06-06;1445;1293;355293;186658;46.5;24.4
42;2021-06-07;3992;3373;359285;190031;47.0;24.8
42;2021-06-08;3464;3242;362749;193273;47.4;25.3
42;2021-06-09;2961;3202;365710;196475;47.8;25.7
42;2021-06-10;3242;2933;368952;199408;48.2;26.1
42;2021-06-11;3588;4115;372540;203523;48.7;26.6
42;2021-06-12;2864;2880;375404;206403;49.1;27.0
42;2021-06-13;943;1278;376347;207681;49.2;27.2
42;2021-06-14;2310;4063;378657;211744;49.5;27.7
42;2021-06-15;2831;4070;381488;215814;49.9;28.2
42;2021-06-16;2925;3549;384413;219363;50.3;28.7
42;2021-06-17;2637;3740;387050;223103;50.6;29.2
42;2021-06-18;3089;5148;390139;228251;51.0;29.8
42;2021-06-19;2845;4244;392984;232495;51.4;30.4
42;2021-06-20;857;1842;393841;234337;51.5;30.6
42;2021-06-21;1907;6274;395748;240611;51.7;31.5
42;2021-06-22;1876;5896;397624;246507;52.0;32.2
42;2021-06-23;1841;5320;399465;251827;52.2;32.9
42;2021-06-24;1785;4681;401250;256508;52.5;33.5
42;2021-06-25;2038;6949;403288;263457;52.7;34.5
42;2021-06-26;1410;5818;404698;269275;52.9;35.2
42;2021-06-27;756;2852;405454;272127;53.0;35.6
42;2021-06-28;1745;7057;407199;279184;53.2;36.5
42;2021-06-29;1528;6562;408727;285746;53.4;37.4
42;2021-06-30;1966;5763;410693;291509;53.7;38.1
42;2021-07-01;1776;5117;412469;296626;53.9;38.8
42;2021-07-02;2048;6744;414517;303370;54.2;39.7
42;2021-07-03;1759;5974;416276;309344;54.4;40.5
42;2021-07-04;853;2512;417129;311856;54.5;40.8
42;2021-07-05;1715;6286;418844;318142;54.8;41.6
42;2021-07-06;2104;5572;420948;323714;55.0;42.3
42;2021-07-07;2330;4658;423278;328372;55.3;42.9
42;2021-07-08;2273;3961;425551;332333;55.6;43.5
42;2021-07-09;2415;6097;427966;338430;56.0;44.3
42;2021-07-10;1695;5584;429661;344014;56.2;45.0
42;2021-07-11;920;2299;430581;346313;56.3;45.3
42;2021-07-12;1771;6291;432352;352604;56.5;46.1
42;2021-07-13;3597;6278;435949;358882;57.0;46.9
42;2021-07-14;4472;2050;440421;360932;57.6;47.2
42;2021-07-15;4550;5618;444971;366550;58.2;47.9
42;2021-07-16;4346;6190;449317;372740;58.8;48.7
42;2021-07-17;3209;4699;452526;377439;59.2;49.4
42;2021-07-18;1840;1742;454366;379181;59.4;49.6
42;2021-07-19;3792;5063;458158;384244;59.9;50.2
42;2021-07-20;4709;4860;462867;389104;60.5;50.9
42;2021-07-21;5159;4708;468026;393812;61.2;51.5
42;2021-07-22;5483;3928;473509;397740;61.9;52.0
42;2021-07-23;5449;5095;478958;402835;62.6;52.7
42;2021-07-24;4003;3810;482961;406645;63.2;53.2
42;2021-07-25;1638;1382;484599;408027;63.4;53.4
42;2021-07-26;4694;4316;489293;412343;64.0;53.9
42;2021-07-27;5298;3952;494591;416295;64.7;54.4
42;2021-07-28;5751;3664;500342;419959;65.4;54.9
42;2021-07-29;5636;3418;505978;423377;66.2;55.4
42;2021-07-30;5099;3755;511077;427132;66.8;55.9
42;2021-07-31;4718;3043;515795;430175;67.4;56.3
42;2021-08-01;2477;1304;518272;431479;67.8;56.4
42;2021-08-02;4316;3095;522588;434574;68.3;56.8
42;2021-08-03;3794;3258;526382;437832;68.8;57.3
42;2021-08-04;3442;3212;529824;441044;69.3;57.7
42;2021-08-05;3383;3303;533207;444347;69.7;58.1
42;2021-08-06;3596;3974;536803;448321;70.2;58.6
42;2021-08-07;2997;3042;539800;451363;70.6;59.0
42;2021-08-08;1185;1702;540985;453065;70.7;59.2
42;2021-08-09;2784;3834;543769;456899;71.1;59.7
42;2021-08-10;3245;3890;547014;460789;71.5;60.3
42;2021-08-11;2575;3501;549589;464290;71.9;60.7
42;2021-08-12;2492;3536;552081;467826;72.2;61.2
43;2020-12-27;0;0;0;0;0.0;0.0
43;2020-12-28;0;0;0;0;0.0;0.0
43;2020-12-29;0;0;0;0;0.0;0.0
43;2020-12-30;0;0;0;0;0.0;0.0
43;2020-12-31;0;0;0;0;0.0;0.0
43;2021-01-01;0;0;0;0;0.0;0.0
43;2021-01-02;0;0;0;0;0.0;0.0
43;2021-01-03;0;0;0;0;0.0;0.0
43;2021-01-04;1;0;1;0;0.0;0.0
43;2021-01-05;0;0;1;0;0.0;0.0
43;2021-01-06;0;0;1;0;0.0;0.0
43;2021-01-07;167;0;168;0;0.1;0.0
43;2021-01-08;151;1;319;1;0.1;0.0
43;2021-01-09;0;0;319;1;0.1;0.0
43;2021-01-10;0;0;319;1;0.1;0.0
43;2021-01-11;137;0;456;1;0.2;0.0
43;2021-01-12;244;1;700;2;0.3;0.0
43;2021-01-13;244;1;944;3;0.4;0.0
43;2021-01-14;294;2;1238;5;0.5;0.0
43;2021-01-15;303;2;1541;7;0.7;0.0
43;2021-01-16;32;0;1573;7;0.7;0.0
43;2021-01-17;0;0;1573;7;0.7;0.0
43;2021-01-18;760;5;2333;12;1.0;0.0
43;2021-01-19;776;6;3109;18;1.4;0.0
43;2021-01-20;518;0;3627;18;1.6;0.0
43;2021-01-21;446;2;4073;20;1.8;0.0
43;2021-01-22;465;8;4538;28;2.0;0.0
43;2021-01-23;1;0;4539;28;2.0;0.0
43;2021-01-24;1;0;4540;28;2.0;0.0
43;2021-01-25;539;0;5079;28;2.2;0.0
43;2021-01-26;615;5;5694;33;2.5;0.0
43;2021-01-27;740;0;6434;33;2.8;0.0
43;2021-01-28;747;32;7181;65;3.2;0.0
43;2021-01-29;719;84;7900;149;3.5;0.1
43;2021-01-30;109;0;8009;149;3.5;0.1
43;2021-01-31;0;0;8009;149;3.5;0.1
43;2021-02-01;404;101;8413;250;3.7;0.1
43;2021-02-02;711;151;9124;401;4.0;0.2
43;2021-02-03;691;43;9815;444;4.3;0.2
43;2021-02-04;523;172;10338;616;4.6;0.3
43;2021-02-05;543;172;10881;788;4.8;0.3
43;2021-02-06;164;19;11045;807;4.9;0.4
43;2021-02-07;0;0;11045;807;4.9;0.4
43;2021-02-08;411;304;11456;1111;5.0;0.5
43;2021-02-09;369;434;11825;1545;5.2;0.7
43;2021-02-10;400;362;12225;1907;5.4;0.8
43;2021-02-11;389;396;12614;2303;5.6;1.0
43;2021-02-12;425;201;13039;2504;5.7;1.1
43;2021-02-13;570;40;13609;2544;6.0;1.1
43;2021-02-14;0;0;13609;2544;6.0;1.1
43;2021-02-15;68;480;13677;3024;6.0;1.3
43;2021-02-16;41;375;13718;3399;6.0;1.5
43;2021-02-17;87;486;13805;3885;6.1;1.7
43;2021-02-18;147;379;13952;4264;6.1;1.9
43;2021-02-19;278;511;14230;4775;6.3;2.1
43;2021-02-20;22;4;14252;4779;6.3;2.1
43;2021-02-21;0;0;14252;4779;6.3;2.1
43;2021-02-22;16;501;14268;5280;6.3;2.3
43;2021-02-23;202;797;14470;6077;6.4;2.7
43;2021-02-24;147;722;14617;6799;6.4;3.0
43;2021-02-25;227;694;14844;7493;6.5;3.3
43;2021-02-26;222;672;15066;8165;6.6;3.6
43;2021-02-27;138;75;15204;8240;6.7;3.6
43;2021-02-28;1;0;15205;8240;6.7;3.6
43;2021-03-01;210;477;15415;8717;6.8;3.8
43;2021-03-02;342;581;15757;9298;6.9;4.1
43;2021-03-03;339;588;16096;9886;7.1;4.4
43;2021-03-04;551;462;16647;10348;7.3;4.6
43;2021-03-05;566;451;17213;10799;7.6;4.8
43;2021-03-06;489;178;17702;10977;7.8;4.8
43;2021-03-07;12;0;17714;10977;7.8;4.8
43;2021-03-08;445;445;18159;11422;8.0;5.0
43;2021-03-09;621;351;18780;11773;8.3;5.2
43;2021-03-10;673;495;19453;12268;8.6;5.4
43;2021-03-11;953;438;20406;12706;9.0;5.6
43;2021-03-12;945;425;21351;13131;9.4;5.8
43;2021-03-13;792;115;22143;13246;9.8;5.8
43;2021-03-14;2;0;22145;13246;9.8;5.8
43;2021-03-15;706;142;22851;13388;10.1;5.9
43;2021-03-16;847;282;23698;13670;10.4;6.0
43;2021-03-17;638;134;24336;13804;10.7;6.1
43;2021-03-18;675;133;25011;13937;11.0;6.1
43;2021-03-19;839;106;25850;14043;11.4;6.2
43;2021-03-20;450;60;26300;14103;11.6;6.2
43;2021-03-21;0;0;26300;14103;11.6;6.2
43;2021-03-22;744;37;27044;14140;11.9;6.2
43;2021-03-23;872;38;27916;14178;12.3;6.2
43;2021-03-24;1174;75;29090;14253;12.8;6.3
43;2021-03-25;1594;143;30684;14396;13.5;6.3
43;2021-03-26;1609;184;32293;14580;14.2;6.4
43;2021-03-27;1449;72;33742;14652;14.9;6.5
43;2021-03-28;420;20;34162;14672;15.1;6.5
43;2021-03-29;1095;171;35257;14843;15.5;6.5
43;2021-03-30;1313;235;36570;15078;16.1;6.6
43;2021-03-31;1305;251;37875;15329;16.7;6.8
43;2021-04-01;1345;334;39220;15663;17.3;6.9
43;2021-04-02;1051;352;40271;16015;17.7;7.1
43;2021-04-03;339;197;40610;16212;17.9;7.1
43;2021-04-04;0;0;40610;16212;17.9;7.1
43;2021-04-05;3;0;40613;16212;17.9;7.1
43;2021-04-06;689;603;41302;16815;18.2;7.4
43;2021-04-07;868;574;42170;17389;18.6;7.7
43;2021-04-08;1086;462;43256;17851;19.1;7.9
43;2021-04-09;1147;656;44403;18507;19.6;8.2
43;2021-04-10;625;261;45028;18768;19.8;8.3
43;2021-04-11;0;0;45028;18768;19.8;8.3
43;2021-04-12;682;652;45710;19420;20.1;8.6
43;2021-04-13;918;725;46628;20145;20.5;8.9
43;2021-04-14;725;667;47353;20812;20.9;9.2
43;2021-04-15;959;700;48312;21512;21.3;9.5
43;2021-04-16;1007;687;49319;22199;21.7;9.8
43;2021-04-17;423;302;49742;22501;21.9;9.9
43;2021-04-18;3;5;49745;22506;21.9;9.9
43;2021-04-19;628;565;50373;23071;22.2;10.2
43;2021-04-20;840;672;51213;23743;22.6;10.5
43;2021-04-21;320;987;51533;24730;22.7;10.9
43;2021-04-22;679;1014;52212;25744;23.0;11.3
43;2021-04-23;401;1101;52613;26845;23.2;11.8
43;2021-04-24;347;1038;52960;27883;23.3;12.3
43;2021-04-25;23;403;52983;28286;23.4;12.5
43;2021-04-26;386;963;53369;29249;23.5;12.9
43;2021-04-27;825;988;54194;30237;23.9;13.3
43;2021-04-28;794;1107;54988;31344;24.2;13.8
43;2021-04-29;1238;1141;56226;32485;24.8;14.3
43;2021-04-30;1199;1063;57425;33548;25.3;14.8
43;2021-05-01;400;22;57825;33570;25.5;14.8
43;2021-05-02;1;0;57826;33570;25.5;14.8
43;2021-05-03;1218;403;59044;33973;26.0;15.0
43;2021-05-04;1237;950;60281;34923;26.6;15.4
43;2021-05-05;1145;847;61426;35770;27.1;15.8
43;2021-05-06;1404;935;62830;36705;27.7;16.2
43;2021-05-07;1089;1170;63919;37875;28.2;16.7
43;2021-05-08;518;136;64437;38011;28.4;16.8
43;2021-05-09;0;2;64437;38013;28.4;16.8
43;2021-05-10;1085;722;65522;38735;28.9;17.1
43;2021-05-11;1555;1004;67077;39739;29.6;17.5
43;2021-05-12;1481;808;68558;40547;30.2;17.9
43;2021-05-13;936;379;69494;40926;30.6;18.0
43;2021-05-14;2203;1107;71697;42033;31.6;18.5
43;2021-05-15;1270;319;72967;42352;32.2;18.7
43;2021-05-16;272;47;73239;42399;32.3;18.7
43;2021-05-17;1624;628;74863;43027;33.0;19.0
43;2021-05-18;1966;675;76829;43702;33.9;19.3
43;2021-05-19;2068;570;78897;44272;34.8;19.5
43;2021-05-20;2338;803;81235;45075;35.8;19.9
43;2021-05-21;2384;707;83619;45782;36.9;20.2
43;2021-05-22;1208;340;84827;46122;37.4;20.3
43;2021-05-23;1;0;84828;46122;37.4;20.3
43;2021-05-24;382;99;85210;46221;37.6;20.4
43;2021-05-25;1407;652;86617;46873;38.2;20.7
43;2021-05-26;1349;556;87966;47429;38.8;20.9
43;2021-05-27;1389;710;89355;48139;39.4;21.2
43;2021-05-28;1348;733;90703;48872;40.0;21.5
43;2021-05-29;1135;600;91838;49472;40.5;21.8
43;2021-05-30;149;17;91987;49489;40.5;21.8
43;2021-05-31;1208;441;93195;49930;41.1;22.0
43;2021-06-01;1277;983;94472;50913;41.6;22.4
43;2021-06-02;1086;700;95558;51613;42.1;22.7
43;2021-06-03;1193;856;96751;52469;42.6;23.1
43;2021-06-04;1350;859;98101;53328;43.2;23.5
43;2021-06-05;824;451;98925;53779;43.6;23.7
43;2021-06-06;10;5;98935;53784;43.6;23.7
43;2021-06-07;748;515;99683;54299;43.9;23.9
43;2021-06-08;664;703;100347;55002;44.2;24.2
43;2021-06-09;539;760;100886;55762;44.5;24.6
43;2021-06-10;807;1119;101693;56881;44.8;25.1
43;2021-06-11;758;1346;102451;58227;45.2;25.7
43;2021-06-12;914;513;103365;58740;45.6;25.9
43;2021-06-13;3;27;103368;58767;45.6;25.9
43;2021-06-14;447;1089;103815;59856;45.8;26.4
43;2021-06-15;630;1195;104445;61051;46.0;26.9
43;2021-06-16;549;975;104994;62026;46.3;27.3
43;2021-06-17;600;1502;105594;63528;46.5;28.0
43;2021-06-18;900;1463;106494;64991;46.9;28.6
43;2021-06-19;448;782;106942;65773;47.1;29.0
43;2021-06-20;0;12;106942;65785;47.1;29.0
43;2021-06-21;423;1306;107365;67091;47.3;29.6
43;2021-06-22;532;1960;107897;69051;47.6;30.4
43;2021-06-23;343;1743;108240;70794;47.7;31.2
43;2021-06-24;512;1494;108752;72288;47.9;31.9
43;2021-06-25;596;2346;109348;74634;48.2;32.9
43;2021-06-26;505;1245;109853;75879;48.4;33.4
43;2021-06-27;10;20;109863;75899;48.4;33.5
43;2021-06-28;341;1785;110204;77684;48.6;34.2
43;2021-06-29;525;2379;110729;80063;48.8;35.3
43;2021-06-30;459;2275;111188;82338;49.0;36.3
43;2021-07-01;472;1909;111660;84247;49.2;37.1
43;2021-07-02;500;1961;112160;86208;49.4;38.0
43;2021-07-03;258;1107;112418;87315;49.5;38.5
43;2021-07-04;1;0;112419;87315;49.5;38.5
43;2021-07-05;525;1199;112944;88514;49.8;39.0
43;2021-07-06;633;1679;113577;90193;50.1;39.7
43;2021-07-07;523;1419;114100;91612;50.3;40.4
43;2021-07-08;838;1418;114938;93030;50.7;41.0
43;2021-07-09;550;1498;115488;94528;50.9;41.7
43;2021-07-10;401;1336;115889;95864;51.1;42.2
43;2021-07-11;23;98;115912;95962;51.1;42.3
43;2021-07-12;602;1686;116514;97648;51.4;43.0
43;2021-07-13;1185;1850;117699;99498;51.9;43.9
43;2021-07-14;846;157;118545;99655;52.2;43.9
43;2021-07-15;1931;1837;120476;101492;53.1;44.7
43;2021-07-16;1751;1616;122227;103108;53.9;45.4
43;2021-07-17;1541;1197;123768;104305;54.5;46.0
43;2021-07-18;4;19;123772;104324;54.5;46.0
43;2021-07-19;1437;1261;125209;105585;55.2;46.5
43;2021-07-20;1890;1450;127099;107035;56.0;47.2
43;2021-07-21;1844;1107;128943;108142;56.8;47.7
43;2021-07-22;2109;1327;131052;109469;57.8;48.2
43;2021-07-23;1616;1323;132668;110792;58.5;48.8
43;2021-07-24;574;992;133242;111784;58.7;49.3
43;2021-07-25;0;1;133242;111785;58.7;49.3
43;2021-07-26;1637;1069;134879;112854;59.4;49.7
43;2021-07-27;2268;1219;137147;114073;60.4;50.3
43;2021-07-28;1951;1089;139098;115162;61.3;50.8
43;2021-07-29;1977;1022;141075;116184;62.2;51.2
43;2021-07-30;1861;1339;142936;117523;63.0;51.8
43;2021-07-31;704;608;143640;118131;63.3;52.1
43;2021-08-01;13;20;143653;118151;63.3;52.1
43;2021-08-02;1530;966;145183;119117;64.0;52.5
43;2021-08-03;1397;1164;146580;120281;64.6;53.0
43;2021-08-04;1258;1106;147838;121387;65.2;53.5
43;2021-08-05;1251;1286;149089;122673;65.7;54.1
43;2021-08-06;1126;1465;150215;124138;66.2;54.7
43;2021-08-07;494;748;150709;124886;66.4;55.0
43;2021-08-08;4;0;150713;124886;66.4;55.0
43;2021-08-09;818;1630;151531;126516;66.8;55.8
43;2021-08-10;1018;1586;152549;128102;67.2;56.5
43;2021-08-11;678;1338;153227;129440;67.5;57.0
43;2021-08-12;871;1595;154098;131035;67.9;57.7
44;2020-12-27;1;0;1;0;0.0;0.0
44;2020-12-28;1;0;2;0;0.0;0.0
44;2020-12-29;0;0;2;0;0.0;0.0
44;2020-12-30;1;0;3;0;0.0;0.0
44;2020-12-31;0;0;3;0;0.0;0.0
44;2021-01-01;0;0;3;0;0.0;0.0
44;2021-01-02;0;0;3;0;0.0;0.0
44;2021-01-03;3;0;6;0;0.0;0.0
44;2021-01-04;0;0;6;0;0.0;0.0
44;2021-01-05;1;0;7;0;0.0;0.0
44;2021-01-06;20;1;27;1;0.0;0.0
44;2021-01-07;186;0;213;1;0.0;0.0
44;2021-01-08;528;0;741;1;0.1;0.0
44;2021-01-09;473;0;1214;1;0.1;0.0
44;2021-01-10;455;1;1669;2;0.1;0.0
44;2021-01-11;802;1;2471;3;0.2;0.0
44;2021-01-12;906;1;3377;4;0.2;0.0
44;2021-01-13;1087;1;4464;5;0.3;0.0
44;2021-01-14;1113;7;5577;12;0.4;0.0
44;2021-01-15;987;1;6564;13;0.5;0.0
44;2021-01-16;335;2;6899;15;0.5;0.0
44;2021-01-17;327;1;7226;16;0.5;0.0
44;2021-01-18;856;3;8082;19;0.6;0.0
44;2021-01-19;2615;4;10697;23;0.7;0.0
44;2021-01-20;2726;5;13423;28;0.9;0.0
44;2021-01-21;4530;6;17953;34;1.2;0.0
44;2021-01-22;2416;6;20369;40;1.4;0.0
44;2021-01-23;764;1;21133;41;1.5;0.0
44;2021-01-24;119;0;21252;41;1.5;0.0
44;2021-01-25;829;0;22081;41;1.5;0.0
44;2021-01-26;2564;19;24645;60;1.7;0.0
44;2021-01-27;2093;63;26738;123;1.9;0.0
44;2021-01-28;3733;192;30471;315;2.1;0.0
44;2021-01-29;2368;493;32839;808;2.3;0.1
44;2021-01-30;628;215;33467;1023;2.3;0.1
44;2021-01-31;14;214;33481;1237;2.3;0.1
44;2021-02-01;591;544;34072;1781;2.4;0.1
44;2021-02-02;878;760;34950;2541;2.4;0.2
44;2021-02-03;890;898;35840;3439;2.5;0.2
44;2021-02-04;937;724;36777;4163;2.6;0.3
44;2021-02-05;893;629;37670;4792;2.6;0.3
44;2021-02-06;467;268;38137;5060;2.7;0.4
44;2021-02-07;72;208;38209;5268;2.7;0.4
44;2021-02-08;521;459;38730;5727;2.7;0.4
44;2021-02-09;990;1255;39720;6982;2.8;0.5
44;2021-02-10;1139;1314;40859;8296;2.8;0.6
44;2021-02-11;2288;3019;43147;11315;3.0;0.8
44;2021-02-12;1662;1751;44809;13066;3.1;0.9
44;2021-02-13;433;517;45242;13583;3.1;0.9
44;2021-02-14;10;180;45252;13763;3.1;1.0
44;2021-02-15;505;1102;45757;14865;3.2;1.0
44;2021-02-16;1441;2567;47198;17432;3.3;1.2
44;2021-02-17;1104;2172;48302;19604;3.4;1.4
44;2021-02-18;1959;3723;50261;23327;3.5;1.6
44;2021-02-19;1579;2540;51840;25867;3.6;1.8
44;2021-02-20;409;645;52249;26512;3.6;1.8
44;2021-02-21;6;178;52255;26690;3.6;1.9
44;2021-02-22;716;837;52971;27527;3.7;1.9
44;2021-02-23;1245;1131;54216;28658;3.8;2.0
44;2021-02-24;1239;1095;55455;29753;3.9;2.1
44;2021-02-25;2442;1086;57897;30839;4.0;2.1
44;2021-02-26;2290;963;60187;31802;4.2;2.2
44;2021-02-27;976;454;61163;32256;4.3;2.2
44;2021-02-28;6;32;61169;32288;4.3;2.2
44;2021-03-01;991;561;62160;32849;4.3;2.3
44;2021-03-02;1801;1054;63961;33903;4.5;2.4
44;2021-03-03;1860;1132;65821;35035;4.6;2.4
44;2021-03-04;2880;1574;68701;36609;4.8;2.5
44;2021-03-05;3476;1334;72177;37943;5.0;2.6
44;2021-03-06;2508;496;74685;38439;5.2;2.7
44;2021-03-07;988;89;75673;38528;5.3;2.7
44;2021-03-08;1785;613;77458;39141;5.4;2.7
44;2021-03-09;3352;1153;80810;40294;5.6;2.8
44;2021-03-10;3078;1115;83888;41409;5.8;2.9
44;2021-03-11;4439;1790;88327;43199;6.1;3.0
44;2021-03-12;5892;1306;94219;44505;6.6;3.1
44;2021-03-13;3631;299;97850;44804;6.8;3.1
44;2021-03-14;430;63;98280;44867;6.8;3.1
44;2021-03-15;2687;368;100967;45235;7.0;3.1
44;2021-03-16;2149;627;103116;45862;7.2;3.2
44;2021-03-17;1966;676;105082;46538;7.3;3.2
44;2021-03-18;2168;638;107250;47176;7.5;3.3
44;2021-03-19;3782;367;111032;47543;7.7;3.3
44;2021-03-20;3211;291;114243;47834;7.9;3.3
44;2021-03-21;913;18;115156;47852;8.0;3.3
44;2021-03-22;2463;440;117619;48292;8.2;3.4
44;2021-03-23;3960;703;121579;48995;8.5;3.4
44;2021-03-24;4303;629;125882;49624;8.8;3.5
44;2021-03-25;5623;927;131505;50551;9.2;3.5
44;2021-03-26;6502;759;138007;51310;9.6;3.6
44;2021-03-27;3214;423;141221;51733;9.8;3.6
44;2021-03-28;1244;39;142465;51772;9.9;3.6
44;2021-03-29;3118;791;145583;52563;10.1;3.7
44;2021-03-30;5134;1117;150717;53680;10.5;3.7
44;2021-03-31;4613;1307;155330;54987;10.8;3.8
44;2021-04-01;6132;1000;161462;55987;11.2;3.9
44;2021-04-02;5795;954;167257;56941;11.6;4.0
44;2021-04-03;2435;651;169692;57592;11.8;4.0
44;2021-04-04;665;20;170357;57612;11.9;4.0
44;2021-04-05;692;286;171049;57898;11.9;4.0
44;2021-04-06;4208;1375;175257;59273;12.2;4.1
44;2021-04-07;5077;1655;180334;60928;12.5;4.2
44;2021-04-08;7179;1659;187513;62587;13.0;4.4
44;2021-04-09;10061;1800;197574;64387;13.7;4.5
44;2021-04-10;4562;1451;202136;65838;14.1;4.6
44;2021-04-11;2148;425;204284;66263;14.2;4.6
44;2021-04-12;5462;1587;209746;67850;14.6;4.7
44;2021-04-13;6729;2256;216475;70106;15.1;4.9
44;2021-04-14;5908;2228;222383;72334;15.5;5.0
44;2021-04-15;6701;2210;229084;74544;15.9;5.2
44;2021-04-16;7780;2038;236864;76582;16.5;5.3
44;2021-04-17;4299;1379;241163;77961;16.8;5.4
44;2021-04-18;2254;820;243417;78781;16.9;5.5
44;2021-04-19;5043;1907;248460;80688;17.3;5.6
44;2021-04-20;6281;2653;254741;83341;17.7;5.8
44;2021-04-21;6006;2784;260747;86125;18.1;6.0
44;2021-04-22;6958;2513;267705;88638;18.6;6.2
44;2021-04-23;7328;3167;275033;91805;19.1;6.4
44;2021-04-24;3975;2049;279008;93854;19.4;6.5
44;2021-04-25;2076;1058;281084;94912;19.6;6.6
44;2021-04-26;5647;2761;286731;97673;20.0;6.8
44;2021-04-27;7419;4104;294150;101777;20.5;7.1
44;2021-04-28;7606;3784;301756;105561;21.0;7.3
44;2021-04-29;8964;4273;310720;109834;21.6;7.6
44;2021-04-30;9566;4694;320286;114528;22.3;8.0
44;2021-05-01;2849;923;323135;115451;22.5;8.0
44;2021-05-02;1900;618;325035;116069;22.6;8.1
44;2021-05-03;5548;4074;330583;120143;23.0;8.4
44;2021-05-04;6330;5138;336913;125281;23.4;8.7
44;2021-05-05;6073;4628;342986;129909;23.9;9.0
44;2021-05-06;7252;4884;350238;134793;24.4;9.4
44;2021-05-07;7453;5720;357691;140513;24.9;9.8
44;2021-05-08;2583;1264;360274;141777;25.1;9.9
44;2021-05-09;1802;1815;362076;143592;25.2;10.0
44;2021-05-10;6571;5773;368647;149365;25.7;10.4
44;2021-05-11;7789;6266;376436;155631;26.2;10.8
44;2021-05-12;8193;5726;384629;161357;26.8;11.2
44;2021-05-13;5300;1187;389929;162544;27.1;11.3
44;2021-05-14;7585;3971;397514;166515;27.7;11.6
44;2021-05-15;5009;2233;402523;168748;28.0;11.7
44;2021-05-16;2796;742;405319;169490;28.2;11.8
44;2021-05-17;6744;5154;412063;174644;28.7;12.2
44;2021-05-18;7971;5240;420034;179884;29.2;12.5
44;2021-05-19;8167;4286;428201;184170;29.8;12.8
44;2021-05-20;8365;4654;436566;188824;30.4;13.1
44;2021-05-21;8836;5214;445402;194038;31.0;13.5
44;2021-05-22;5099;2233;450501;196271;31.3;13.7
44;2021-05-23;1759;824;452260;197095;31.5;13.7
44;2021-05-24;4886;1619;457146;198714;31.8;13.8
44;2021-05-25;7741;5546;464887;204260;32.3;14.2
44;2021-05-26;8182;5043;473069;209303;32.9;14.6
44;2021-05-27;9658;5357;482727;214660;33.6;14.9
44;2021-05-28;9186;6918;491913;221578;34.2;15.4
44;2021-05-29;5885;3336;497798;224914;34.6;15.7
44;2021-05-30;1775;704;499573;225618;34.8;15.7
44;2021-05-31;8061;6187;507634;231805;35.3;16.1
44;2021-06-01;9904;6560;517538;238365;36.0;16.6
44;2021-06-02;9524;5692;527062;244057;36.7;17.0
44;2021-06-03;10857;5885;537919;249942;37.4;17.4
44;2021-06-04;9960;8072;547879;258014;38.1;18.0
44;2021-06-05;5778;4345;553657;262359;38.5;18.3
44;2021-06-06;2363;1130;556020;263489;38.7;18.3
44;2021-06-07;9555;6938;565575;270427;39.4;18.8
44;2021-06-08;10913;7496;576488;277923;40.1;19.3
44;2021-06-09;10554;6327;587042;284250;40.8;19.8
44;2021-06-10;11419;6037;598461;290287;41.6;20.2
44;2021-06-11;11953;8640;610414;298927;42.5;20.8
44;2021-06-12;7760;4091;618174;303018;43.0;21.1
44;2021-06-13;2792;1009;620966;304027;43.2;21.2
44;2021-06-14;8765;8407;629731;312434;43.8;21.7
44;2021-06-15;11664;8252;641395;320686;44.6;22.3
44;2021-06-16;10973;7652;652368;328338;45.4;22.8
44;2021-06-17;11728;8673;664096;337011;46.2;23.5
44;2021-06-18;10895;10105;674991;347116;47.0;24.2
44;2021-06-19;5881;4323;680872;351439;47.4;24.5
44;2021-06-20;2534;1335;683406;352774;47.6;24.5
44;2021-06-21;7355;10012;690761;362786;48.1;25.2
44;2021-06-22;8464;10623;699225;373409;48.7;26.0
44;2021-06-23;8557;9132;707782;382541;49.2;26.6
44;2021-06-24;9123;8568;716905;391109;49.9;27.2
44;2021-06-25;7644;10813;724549;401922;50.4;28.0
44;2021-06-26;2960;6471;727509;408393;50.6;28.4
44;2021-06-27;815;2405;728324;410798;50.7;28.6
44;2021-06-28;5229;10055;733553;420853;51.0;29.3
44;2021-06-29;6181;12086;739734;432939;51.5;30.1
44;2021-06-30;6175;10453;745909;443392;51.9;30.9
44;2021-07-01;6916;10485;752825;453877;52.4;31.6
44;2021-07-02;6586;12548;759411;466425;52.8;32.5
44;2021-07-03;2579;7003;761990;473428;53.0;32.9
44;2021-07-04;994;2234;762984;475662;53.1;33.1
44;2021-07-05;5286;11869;768270;487531;53.5;33.9
44;2021-07-06;5974;12607;774244;500138;53.9;34.8
44;2021-07-07;6473;11096;780717;511234;54.3;35.6
44;2021-07-08;7374;11958;788091;523192;54.8;36.4
44;2021-07-09;6205;14255;794296;537447;55.3;37.4
44;2021-07-10;2438;7009;796734;544456;55.4;37.9
44;2021-07-11;728;2261;797462;546717;55.5;38.0
44;2021-07-12;4357;14053;801819;560770;55.8;39.0
44;2021-07-13;5724;14856;807543;575626;56.2;40.1
44;2021-07-14;3628;5813;811171;581439;56.4;40.5
44;2021-07-15;7159;14284;818330;595723;56.9;41.5
44;2021-07-16;8097;15000;826427;610723;57.5;42.5
44;2021-07-17;3357;7578;829784;618301;57.7;43.0
44;2021-07-18;1430;2546;831214;620847;57.8;43.2
44;2021-07-19;4672;14709;835886;635556;58.2;44.2
44;2021-07-20;5975;15686;841861;651242;58.6;45.3
44;2021-07-21;5807;14007;847668;665249;59.0;46.3
44;2021-07-22;6689;13763;854357;679012;59.4;47.2
44;2021-07-23;6113;15652;860470;694664;59.9;48.3
44;2021-07-24;2821;8729;863291;703393;60.1;48.9
44;2021-07-25;929;3091;864220;706484;60.1;49.2
44;2021-07-26;6033;12704;870253;719188;60.6;50.0
44;2021-07-27;9616;12192;879869;731380;61.2;50.9
44;2021-07-28;9189;10841;889058;742221;61.9;51.6
44;2021-07-29;10198;10836;899256;753057;62.6;52.4
44;2021-07-30;9098;10922;908354;763979;63.2;53.2
44;2021-07-31;4742;5640;913096;769619;63.5;53.6
44;2021-08-01;2536;1407;915632;771026;63.7;53.7
44;2021-08-02;6272;9473;921904;780499;64.1;54.3
44;2021-08-03;8334;8539;930238;789038;64.7;54.9
44;2021-08-04;9022;6967;939260;796005;65.4;55.4
44;2021-08-05;11439;7504;950699;803509;66.2;55.9
44;2021-08-06;9607;8184;960306;811693;66.8;56.5
44;2021-08-07;4536;3687;964842;815380;67.1;56.7
44;2021-08-08;2499;1724;967341;817104;67.3;56.9
44;2021-08-09;8823;7952;976164;825056;67.9;57.4
44;2021-08-10;10168;7587;986332;832643;68.6;57.9
44;2021-08-11;10311;6749;996643;839392;69.3;58.4
44;2021-08-12;10262;7309;1006905;846701;70.1;58.9
45;2020-12-27;0;0;0;0;0.0;0.0
45;2020-12-28;1;0;1;0;0.0;0.0
45;2020-12-29;0;0;1;0;0.0;0.0
45;2020-12-30;0;0;1;0;0.0;0.0
45;2020-12-31;1;0;2;0;0.0;0.0
45;2021-01-01;0;0;2;0;0.0;0.0
45;2021-01-02;0;0;2;0;0.0;0.0
45;2021-01-03;0;0;2;0;0.0;0.0
45;2021-01-04;0;0;2;0;0.0;0.0
45;2021-01-05;76;0;78;0;0.0;0.0
45;2021-01-06;69;0;147;0;0.0;0.0
45;2021-01-07;187;0;334;0;0.0;0.0
45;2021-01-08;199;1;533;1;0.1;0.0
45;2021-01-09;42;0;575;1;0.1;0.0
45;2021-01-10;23;0;598;1;0.1;0.0
45;2021-01-11;254;0;852;1;0.1;0.0
45;2021-01-12;680;3;1532;4;0.2;0.0
45;2021-01-13;496;2;2028;6;0.3;0.0
45;2021-01-14;482;39;2510;45;0.4;0.0
45;2021-01-15;391;3;2901;48;0.4;0.0
45;2021-01-16;39;0;2940;48;0.4;0.0
45;2021-01-17;24;0;2964;48;0.4;0.0
45;2021-01-18;814;1;3778;49;0.6;0.0
45;2021-01-19;1196;6;4974;55;0.7;0.0
45;2021-01-20;2113;6;7087;61;1.0;0.0
45;2021-01-21;2523;6;9610;67;1.4;0.0
45;2021-01-22;1409;3;11019;70;1.6;0.0
45;2021-01-23;121;0;11140;70;1.6;0.0
45;2021-01-24;39;0;11179;70;1.6;0.0
45;2021-01-25;557;3;11736;73;1.7;0.0
45;2021-01-26;869;18;12605;91;1.8;0.0
45;2021-01-27;649;44;13254;135;1.9;0.0
45;2021-01-28;882;218;14136;353;2.1;0.1
45;2021-01-29;577;128;14713;481;2.2;0.1
45;2021-01-30;40;41;14753;522;2.2;0.1
45;2021-01-31;37;23;14790;545;2.2;0.1
45;2021-02-01;462;208;15252;753;2.2;0.1
45;2021-02-02;759;468;16011;1221;2.3;0.2
45;2021-02-03;773;481;16784;1702;2.5;0.2
45;2021-02-04;701;267;17485;1969;2.6;0.3
45;2021-02-05;417;151;17902;2120;2.6;0.3
45;2021-02-06;36;28;17938;2148;2.6;0.3
45;2021-02-07;7;31;17945;2179;2.6;0.3
45;2021-02-08;455;194;18400;2373;2.7;0.3
45;2021-02-09;1006;409;19406;2782;2.8;0.4
45;2021-02-10;1278;799;20684;3581;3.0;0.5
45;2021-02-11;1384;1524;22068;5105;3.2;0.7
45;2021-02-12;1052;1141;23120;6246;3.4;0.9
45;2021-02-13;85;158;23205;6404;3.4;0.9
45;2021-02-14;39;11;23244;6415;3.4;0.9
45;2021-02-15;523;609;23767;7024;3.5;1.0
45;2021-02-16;756;940;24523;7964;3.6;1.2
45;2021-02-17;641;1048;25164;9012;3.7;1.3
45;2021-02-18;841;856;26005;9868;3.8;1.4
45;2021-02-19;828;764;26833;10632;3.9;1.6
45;2021-02-20;59;94;26892;10726;3.9;1.6
45;2021-02-21;17;46;26909;10772;3.9;1.6
45;2021-02-22;407;631;27316;11403;4.0;1.7
45;2021-02-23;815;790;28131;12193;4.1;1.8
45;2021-02-24;650;917;28781;13110;4.2;1.9
45;2021-02-25;961;778;29742;13888;4.4;2.0
45;2021-02-26;1044;688;30786;14576;4.5;2.1
45;2021-02-27;290;52;31076;14628;4.6;2.1
45;2021-02-28;28;5;31104;14633;4.6;2.1
45;2021-03-01;533;335;31637;14968;4.6;2.2
45;2021-03-02;671;726;32308;15694;4.7;2.3
45;2021-03-03;982;896;33290;16590;4.9;2.4
45;2021-03-04;1108;984;34398;17574;5.0;2.6
45;2021-03-05;1442;862;35840;18436;5.2;2.7
45;2021-03-06;2020;128;37860;18564;5.5;2.7
45;2021-03-07;143;59;38003;18623;5.6;2.7
45;2021-03-08;752;848;38755;19471;5.7;2.9
45;2021-03-09;1256;718;40011;20189;5.9;3.0
45;2021-03-10;1593;901;41604;21090;6.1;3.1
45;2021-03-11;1720;751;43324;21841;6.3;3.2
45;2021-03-12;2074;607;45398;22448;6.6;3.3
45;2021-03-13;988;46;46386;22494;6.8;3.3
45;2021-03-14;24;43;46410;22537;6.8;3.3
45;2021-03-15;810;597;47220;23134;6.9;3.4
45;2021-03-16;943;837;48163;23971;7.1;3.5
45;2021-03-17;1051;688;49214;24659;7.2;3.6
45;2021-03-18;997;582;50211;25241;7.4;3.7
45;2021-03-19;1619;430;51830;25671;7.6;3.8
45;2021-03-20;498;82;52328;25753;7.7;3.8
45;2021-03-21;20;35;52348;25788;7.7;3.8
45;2021-03-22;914;528;53262;26316;7.8;3.9
45;2021-03-23;1983;719;55245;27035;8.1;4.0
45;2021-03-24;1897;550;57142;27585;8.4;4.0
45;2021-03-25;2983;450;60125;28035;8.8;4.1
45;2021-03-26;3389;478;63514;28513;9.3;4.2
45;2021-03-27;1793;121;65307;28634;9.6;4.2
45;2021-03-28;89;40;65396;28674;9.6;4.2
45;2021-03-29;1529;536;66925;29210;9.8;4.3
45;2021-03-30;2781;782;69706;29992;10.2;4.4
45;2021-03-31;2134;575;71840;30567;10.5;4.5
45;2021-04-01;2973;564;74813;31131;11.0;4.6
45;2021-04-02;2826;511;77639;31642;11.4;4.6
45;2021-04-03;810;73;78449;31715;11.5;4.6
45;2021-04-04;113;33;78562;31748;11.5;4.6
45;2021-04-05;14;2;78576;31750;11.5;4.6
45;2021-04-06;1735;792;80311;32542;11.8;4.8
45;2021-04-07;1776;1111;82087;33653;12.0;4.9
45;2021-04-08;2773;1019;84860;34672;12.4;5.1
45;2021-04-09;3675;641;88535;35313;13.0;5.2
45;2021-04-10;2322;108;90857;35421;13.3;5.2
45;2021-04-11;153;24;91010;35445;13.3;5.2
45;2021-04-12;2606;664;93616;36109;13.7;5.3
45;2021-04-13;3844;1085;97460;37194;14.3;5.4
45;2021-04-14;2930;1217;100390;38411;14.7;5.6
45;2021-04-15;3520;1033;103910;39444;15.2;5.8
45;2021-04-16;3775;684;107685;40128;15.8;5.9
45;2021-04-17;1613;110;109298;40238;16.0;5.9
45;2021-04-18;200;40;109498;40278;16.0;5.9
45;2021-04-19;1937;944;111435;41222;16.3;6.0
45;2021-04-20;3076;1695;114511;42917;16.8;6.3
45;2021-04-21;2722;1303;117233;44220;17.2;6.5
45;2021-04-22;3425;1840;120658;46060;17.7;6.7
45;2021-04-23;3276;1781;123934;47841;18.1;7.0
45;2021-04-24;2023;867;125957;48708;18.4;7.1
45;2021-04-25;292;86;126249;48794;18.5;7.1
45;2021-04-26;2228;1165;128477;49959;18.8;7.3
45;2021-04-27;3352;2353;131829;52312;19.3;7.7
45;2021-04-28;2802;1947;134631;54259;19.7;7.9
45;2021-04-29;3832;2335;138463;56594;20.3;8.3
45;2021-04-30;4390;1806;142853;58400;20.9;8.6
45;2021-05-01;451;61;143304;58461;21.0;8.6
45;2021-05-02;627;122;143931;58583;21.1;8.6
45;2021-05-03;2821;991;146752;59574;21.5;8.7
45;2021-05-04;3159;2344;149911;61918;22.0;9.1
45;2021-05-05;2714;2162;152625;64080;22.3;9.4
45;2021-05-06;3331;2538;155956;66618;22.8;9.8
45;2021-05-07;2872;3199;158828;69817;23.3;10.2
45;2021-05-08;611;246;159439;70063;23.3;10.3
45;2021-05-09;1498;125;160937;70188;23.6;10.3
45;2021-05-10;4140;2974;165077;73162;24.2;10.7
45;2021-05-11;5030;2970;170107;76132;24.9;11.1
45;2021-05-12;6078;2781;176185;78913;25.8;11.6
45;2021-05-13;2450;596;178635;79509;26.2;11.6
45;2021-05-14;4968;1630;183603;81139;26.9;11.9
45;2021-05-15;4066;609;187669;81748;27.5;12.0
45;2021-05-16;287;33;187956;81781;27.5;12.0
45;2021-05-17;3357;1538;191313;83319;28.0;12.2
45;2021-05-18;5118;1680;196431;84999;28.8;12.4
45;2021-05-19;4493;2060;200924;87059;29.4;12.7
45;2021-05-20;5264;2137;206188;89196;30.2;13.1
45;2021-05-21;5146;2229;211334;91425;30.9;13.4
45;2021-05-22;3040;631;214374;92056;31.4;13.5
45;2021-05-23;15;94;214389;92150;31.4;13.5
45;2021-05-24;2827;207;217216;92357;31.8;13.5
45;2021-05-25;4962;3031;222178;95388;32.5;14.0
45;2021-05-26;5114;2331;227292;97719;33.3;14.3
45;2021-05-27;5310;3236;232602;100955;34.1;14.8
45;2021-05-28;5662;3591;238264;104546;34.9;15.3
45;2021-05-29;3671;1287;241935;105833;35.4;15.5
45;2021-05-30;33;182;241968;106015;35.4;15.5
45;2021-05-31;4329;2522;246297;108537;36.1;15.9
45;2021-06-01;6092;2999;252389;111536;37.0;16.3
45;2021-06-02;4943;3096;257332;114632;37.7;16.8
45;2021-06-03;5619;3204;262951;117836;38.5;17.3
45;2021-06-04;5897;3186;268848;121022;39.4;17.7
45;2021-06-05;2032;1334;270880;122356;39.7;17.9
45;2021-06-06;88;198;270968;122554;39.7;17.9
45;2021-06-07;4081;2724;275049;125278;40.3;18.3
45;2021-06-08;4642;4074;279691;129352;41.0;18.9
45;2021-06-09;4355;3341;284046;132693;41.6;19.4
45;2021-06-10;4643;2684;288689;135377;42.3;19.8
45;2021-06-11;4115;3664;292804;139041;42.9;20.4
45;2021-06-12;2440;1508;295244;140549;43.2;20.6
45;2021-06-13;21;424;295265;140973;43.2;20.6
45;2021-06-14;3139;4153;298404;145126;43.7;21.3
45;2021-06-15;3389;4327;301793;149453;44.2;21.9
45;2021-06-16;3902;3454;305695;152907;44.8;22.4
45;2021-06-17;3525;3541;309220;156448;45.3;22.9
45;2021-06-18;3803;5030;313023;161478;45.8;23.6
45;2021-06-19;2395;1761;315418;163239;46.2;23.9
45;2021-06-20;47;142;315465;163381;46.2;23.9
45;2021-06-21;2163;5850;317628;169231;46.5;24.8
45;2021-06-22;2420;6528;320048;175759;46.9;25.7
45;2021-06-23;2284;5602;322332;181361;47.2;26.6
45;2021-06-24;2135;3531;324467;184892;47.5;27.1
45;2021-06-25;2443;6443;326910;191335;47.9;28.0
45;2021-06-26;1947;3092;328857;194427;48.2;28.5
45;2021-06-27;53;138;328910;194565;48.2;28.5
45;2021-06-28;2078;4831;330988;199396;48.5;29.2
45;2021-06-29;2836;6813;333824;206209;48.9;30.2
45;2021-06-30;2887;5848;336711;212057;49.3;31.1
45;2021-07-01;2398;5036;339109;217093;49.7;31.8
45;2021-07-02;2361;6285;341470;223378;50.0;32.7
45;2021-07-03;755;2540;342225;225918;50.1;33.1
45;2021-07-04;6;12;342231;225930;50.1;33.1
45;2021-07-05;2140;4988;344371;230918;50.4;33.8
45;2021-07-06;2797;6777;347168;237695;50.8;34.8
45;2021-07-07;2438;6057;349606;243752;51.2;35.7
45;2021-07-08;2817;5380;352423;249132;51.6;36.5
45;2021-07-09;2144;6982;354567;256114;51.9;37.5
45;2021-07-10;1542;3859;356109;259973;52.1;38.1
45;2021-07-11;24;31;356133;260004;52.2;38.1
45;2021-07-12;1590;6001;357723;266005;52.4;39.0
45;2021-07-13;2995;8230;360718;274235;52.8;40.2
45;2021-07-14;1472;1516;362190;275751;53.0;40.4
45;2021-07-15;3730;7287;365920;283038;53.6;41.4
45;2021-07-16;3249;7452;369169;290490;54.1;42.5
45;2021-07-17;1277;2330;370446;292820;54.2;42.9
45;2021-07-18;15;19;370461;292839;54.2;42.9
45;2021-07-19;1865;5946;372326;298785;54.5;43.8
45;2021-07-20;4696;6902;377022;305687;55.2;44.8
45;2021-07-21;5162;5472;382184;311159;56.0;45.6
45;2021-07-22;6162;4900;388346;316059;56.9;46.3
45;2021-07-23;4241;5491;392587;321550;57.5;47.1
45;2021-07-24;1852;2825;394439;324375;57.8;47.5
45;2021-07-25;5;14;394444;324389;57.8;47.5
45;2021-07-26;2898;4983;397342;329372;58.2;48.2
45;2021-07-27;5430;5071;402772;334443;59.0;49.0
45;2021-07-28;4976;4171;407748;338614;59.7;49.6
45;2021-07-29;5264;3244;413012;341858;60.5;50.1
45;2021-07-30;4730;4705;417742;346563;61.2;50.7
45;2021-07-31;846;1950;418588;348513;61.3;51.0
45;2021-08-01;1;4;418589;348517;61.3;51.0
45;2021-08-02;3592;3228;422181;351745;61.8;51.5
45;2021-08-03;4859;3009;427040;354754;62.5;51.9
45;2021-08-04;3719;2226;430759;356980;63.1;52.3
45;2021-08-05;3290;2631;434049;359611;63.6;52.7
45;2021-08-06;3737;3257;437786;362868;64.1;53.1
45;2021-08-07;1676;1044;439462;363912;64.4;53.3
45;2021-08-08;6;18;439468;363930;64.4;53.3
45;2021-08-09;2582;3004;442050;366934;64.7;53.7
45;2021-08-10;3486;3777;445536;370711;65.2;54.3
45;2021-08-11;2690;3703;448226;374414;65.6;54.8
45;2021-08-12;2046;3408;450272;377822;65.9;55.3
46;2020-12-27;3;0;3;0;0.0;0.0
46;2020-12-28;0;0;3;0;0.0;0.0
46;2020-12-29;0;0;3;0;0.0;0.0
46;2020-12-30;0;0;3;0;0.0;0.0
46;2020-12-31;0;0;3;0;0.0;0.0
46;2021-01-01;0;0;3;0;0.0;0.0
46;2021-01-02;0;0;3;0;0.0;0.0
46;2021-01-03;1;0;4;0;0.0;0.0
46;2021-01-04;0;0;4;0;0.0;0.0
46;2021-01-05;0;0;4;0;0.0;0.0
46;2021-01-06;3;0;7;0;0.0;0.0
46;2021-01-07;135;0;142;0;0.1;0.0
46;2021-01-08;181;0;323;0;0.2;0.0
46;2021-01-09;1;0;324;0;0.2;0.0
46;2021-01-10;1;0;325;0;0.2;0.0
46;2021-01-11;118;0;443;0;0.3;0.0
46;2021-01-12;140;0;583;0;0.3;0.0
46;2021-01-13;234;0;817;0;0.5;0.0
46;2021-01-14;238;2;1055;2;0.6;0.0
46;2021-01-15;304;2;1359;4;0.8;0.0
46;2021-01-16;18;0;1377;4;0.8;0.0
46;2021-01-17;0;0;1377;4;0.8;0.0
46;2021-01-18;274;2;1651;6;1.0;0.0
46;2021-01-19;389;0;2040;6;1.2;0.0
46;2021-01-20;936;1;2976;7;1.7;0.0
46;2021-01-21;996;0;3972;7;2.3;0.0
46;2021-01-22;390;2;4362;9;2.5;0.0
46;2021-01-23;0;0;4362;9;2.5;0.0
46;2021-01-24;0;0;4362;9;2.5;0.0
46;2021-01-25;203;1;4565;10;2.6;0.0
46;2021-01-26;262;1;4827;11;2.8;0.0
46;2021-01-27;276;0;5103;11;2.9;0.0
46;2021-01-28;278;43;5381;54;3.1;0.0
46;2021-01-29;233;93;5614;147;3.2;0.1
46;2021-01-30;1;0;5615;147;3.2;0.1
46;2021-01-31;1;0;5616;147;3.2;0.1
46;2021-02-01;233;175;5849;322;3.4;0.2
46;2021-02-02;209;238;6058;560;3.5;0.3
46;2021-02-03;224;97;6282;657;3.6;0.4
46;2021-02-04;372;86;6654;743;3.8;0.4
46;2021-02-05;226;179;6880;922;4.0;0.5
46;2021-02-06;8;0;6888;922;4.0;0.5
46;2021-02-07;43;0;6931;922;4.0;0.5
46;2021-02-08;197;156;7128;1078;4.1;0.6
46;2021-02-09;270;230;7398;1308;4.3;0.8
46;2021-02-10;279;545;7677;1853;4.4;1.1
46;2021-02-11;654;558;8331;2411;4.8;1.4
46;2021-02-12;321;341;8652;2752;5.0;1.6
46;2021-02-13;1;0;8653;2752;5.0;1.6
46;2021-02-14;0;62;8653;2814;5.0;1.6
46;2021-02-15;195;293;8848;3107;5.1;1.8
46;2021-02-16;217;282;9065;3389;5.2;2.0
46;2021-02-17;200;328;9265;3717;5.4;2.1
46;2021-02-18;336;267;9601;3984;5.5;2.3
46;2021-02-19;277;234;9878;4218;5.7;2.4
46;2021-02-20;0;0;9878;4218;5.7;2.4
46;2021-02-21;1;0;9879;4218;5.7;2.4
46;2021-02-22;132;193;10011;4411;5.8;2.5
46;2021-02-23;225;168;10236;4579;5.9;2.6
46;2021-02-24;179;325;10415;4904;6.0;2.8
46;2021-02-25;247;342;10662;5246;6.2;3.0
46;2021-02-26;401;346;11063;5592;6.4;3.2
46;2021-02-27;120;1;11183;5593;6.5;3.2
46;2021-02-28;0;3;11183;5596;6.5;3.2
46;2021-03-01;169;180;11352;5776;6.6;3.3
46;2021-03-02;406;233;11758;6009;6.8;3.5
46;2021-03-03;457;331;12215;6340;7.1;3.7
46;2021-03-04;608;455;12823;6795;7.4;3.9
46;2021-03-05;809;365;13632;7160;7.9;4.1
46;2021-03-06;475;17;14107;7177;8.1;4.1
46;2021-03-07;101;19;14208;7196;8.2;4.2
46;2021-03-08;348;249;14556;7445;8.4;4.3
46;2021-03-09;745;270;15301;7715;8.8;4.5
46;2021-03-10;686;248;15987;7963;9.2;4.6
46;2021-03-11;848;254;16835;8217;9.7;4.7
46;2021-03-12;926;228;17761;8445;10.3;4.9
46;2021-03-13;512;3;18273;8448;10.6;4.9
46;2021-03-14;0;0;18273;8448;10.6;4.9
46;2021-03-15;505;166;18778;8614;10.8;5.0
46;2021-03-16;752;173;19530;8787;11.3;5.1
46;2021-03-17;671;203;20201;8990;11.7;5.2
46;2021-03-18;747;216;20948;9206;12.1;5.3
46;2021-03-19;810;149;21758;9355;12.6;5.4
46;2021-03-20;292;3;22050;9358;12.7;5.4
46;2021-03-21;2;0;22052;9358;12.7;5.4
46;2021-03-22;555;241;22607;9599;13.1;5.5
46;2021-03-23;702;213;23309;9812;13.5;5.7
46;2021-03-24;674;240;23983;10052;13.8;5.8
46;2021-03-25;1133;183;25116;10235;14.5;5.9
46;2021-03-26;1025;341;26141;10576;15.1;6.1
46;2021-03-27;420;71;26561;10647;15.3;6.1
46;2021-03-28;127;1;26688;10648;15.4;6.1
46;2021-03-29;732;253;27420;10901;15.8;6.3
46;2021-03-30;767;363;28187;11264;16.3;6.5
46;2021-03-31;866;420;29053;11684;16.8;6.7
46;2021-04-01;1169;343;30222;12027;17.5;6.9
46;2021-04-02;924;394;31146;12421;18.0;7.2
46;2021-04-03;167;166;31313;12587;18.1;7.3
46;2021-04-04;0;71;31313;12658;18.1;7.3
46;2021-04-05;1;0;31314;12658;18.1;7.3
46;2021-04-06;545;519;31859;13177;18.4;7.6
46;2021-04-07;784;645;32643;13822;18.9;8.0
46;2021-04-08;962;542;33605;14364;19.4;8.3
46;2021-04-09;1018;501;34623;14865;20.0;8.6
46;2021-04-10;502;208;35125;15073;20.3;8.7
46;2021-04-11;232;1;35357;15074;20.4;8.7
46;2021-04-12;845;547;36202;15621;20.9;9.0
46;2021-04-13;1186;717;37388;16338;21.6;9.4
46;2021-04-14;1535;614;38923;16952;22.5;9.8
46;2021-04-15;1500;664;40423;17616;23.3;10.2
46;2021-04-16;1582;567;42005;18183;24.3;10.5
46;2021-04-17;993;133;42998;18316;24.8;10.6
46;2021-04-18;516;8;43514;18324;25.1;10.6
46;2021-04-19;1070;572;44584;18896;25.7;10.9
46;2021-04-20;1222;725;45806;19621;26.5;11.3
46;2021-04-21;1230;713;47036;20334;27.2;11.7
46;2021-04-22;1391;728;48427;21062;28.0;12.2
46;2021-04-23;1132;731;49559;21793;28.6;12.6
46;2021-04-24;472;19;50031;21812;28.9;12.6
46;2021-04-25;351;11;50382;21823;29.1;12.6
46;2021-04-26;853;731;51235;22554;29.6;13.0
46;2021-04-27;1221;665;52456;23219;30.3;13.4
46;2021-04-28;1289;668;53745;23887;31.0;13.8
46;2021-04-29;1416;525;55161;24412;31.9;14.1
46;2021-04-30;1438;563;56599;24975;32.7;14.4
46;2021-05-01;697;71;57296;25046;33.1;14.5
46;2021-05-02;346;4;57642;25050;33.3;14.5
46;2021-05-03;853;569;58495;25619;33.8;14.8
46;2021-05-04;1037;1062;59532;26681;34.4;15.4
46;2021-05-05;1374;786;60906;27467;35.2;15.9
46;2021-05-06;1377;740;62283;28207;36.0;16.3
46;2021-05-07;1396;791;63679;28998;36.8;16.7
46;2021-05-08;281;411;63960;29409;36.9;17.0
46;2021-05-09;23;225;63983;29634;36.9;17.1
46;2021-05-10;517;1140;64500;30774;37.2;17.8
46;2021-05-11;1035;1258;65535;32032;37.8;18.5
46;2021-05-12;994;1563;66529;33595;38.4;19.4
46;2021-05-13;600;143;67129;33738;38.8;19.5
46;2021-05-14;960;1097;68089;34835;39.3;20.1
46;2021-05-15;256;653;68345;35488;39.5;20.5
46;2021-05-16;78;298;68423;35786;39.5;20.7
46;2021-05-17;653;957;69076;36743;39.9;21.2
46;2021-05-18;1404;1023;70480;37766;40.7;21.8
46;2021-05-19;1306;904;71786;38670;41.5;22.3
46;2021-05-20;1453;811;73239;39481;42.3;22.8
46;2021-05-21;996;1158;74235;40639;42.9;23.5
46;2021-05-22;147;369;74382;41008;43.0;23.7
46;2021-05-23;450;25;74832;41033;43.2;23.7
46;2021-05-24;411;113;75243;41146;43.5;23.8
46;2021-05-25;962;1332;76205;42478;44.0;24.5
46;2021-05-26;1236;1150;77441;43628;44.7;25.2
46;2021-05-27;1432;1193;78873;44821;45.5;25.9
46;2021-05-28;1433;1209;80306;46030;46.4;26.6
46;2021-05-29;1052;399;81358;46429;47.0;26.8
46;2021-05-30;408;39;81766;46468;47.2;26.8
46;2021-05-31;970;976;82736;47444;47.8;27.4
46;2021-06-01;1277;997;84013;48441;48.5;28.0
46;2021-06-02;1317;1116;85330;49557;49.3;28.6
46;2021-06-03;1416;1011;86746;50568;50.1;29.2
46;2021-06-04;1332;977;88078;51545;50.9;29.8
46;2021-06-05;380;414;88458;51959;51.1;30.0
46;2021-06-06;207;95;88665;52054;51.2;30.1
46;2021-06-07;814;617;89479;52671;51.7;30.4
46;2021-06-08;1020;895;90499;53566;52.3;30.9
46;2021-06-09;1504;972;92003;54538;53.1;31.5
46;2021-06-10;981;852;92984;55390;53.7;32.0
46;2021-06-11;970;1323;93954;56713;54.3;32.8
46;2021-06-12;459;549;94413;57262;54.5;33.1
46;2021-06-13;27;86;94440;57348;54.5;33.1
46;2021-06-14;593;1138;95033;58486;54.9;33.8
46;2021-06-15;751;1248;95784;59734;55.3;34.5
46;2021-06-16;999;1113;96783;60847;55.9;35.1
46;2021-06-17;527;896;97310;61743;56.2;35.7
46;2021-06-18;658;1255;97968;62998;56.6;36.4
46;2021-06-19;456;312;98424;63310;56.8;36.6
46;2021-06-20;39;161;98463;63471;56.9;36.7
46;2021-06-21;428;945;98891;64416;57.1;37.2
46;2021-06-22;350;1178;99241;65594;57.3;37.9
46;2021-06-23;521;1075;99762;66669;57.6;38.5
46;2021-06-24;250;822;100012;67491;57.8;39.0
46;2021-06-25;492;1117;100504;68608;58.0;39.6
46;2021-06-26;396;552;100900;69160;58.3;39.9
46;2021-06-27;2;4;100902;69164;58.3;39.9
46;2021-06-28;313;1338;101215;70502;58.4;40.7
46;2021-06-29;378;1683;101593;72185;58.7;41.7
46;2021-06-30;512;1578;102105;73763;59.0;42.6
46;2021-07-01;308;1153;102413;74916;59.1;43.3
46;2021-07-02;468;1085;102881;76001;59.4;43.9
46;2021-07-03;123;455;103004;76456;59.5;44.2
46;2021-07-04;57;127;103061;76583;59.5;44.2
46;2021-07-05;345;1188;103406;77771;59.7;44.9
46;2021-07-06;368;1457;103774;79228;59.9;45.8
46;2021-07-07;581;1721;104355;80949;60.3;46.7
46;2021-07-08;339;1166;104694;82115;60.5;47.4
46;2021-07-09;395;1706;105089;83821;60.7;48.4
46;2021-07-10;286;1041;105375;84862;60.9;49.0
46;2021-07-11;15;375;105390;85237;60.9;49.2
46;2021-07-12;248;1260;105638;86497;61.0;50.0
46;2021-07-13;624;1673;106262;88170;61.4;50.9
46;2021-07-14;64;144;106326;88314;61.4;51.0
46;2021-07-15;893;1465;107219;89779;61.9;51.8
46;2021-07-16;766;1396;107985;91175;62.4;52.7
46;2021-07-17;357;537;108342;91712;62.6;53.0
46;2021-07-18;2;0;108344;91712;62.6;53.0
46;2021-07-19;668;1187;109012;92899;63.0;53.6
46;2021-07-20;980;1428;109992;94327;63.5;54.5
46;2021-07-21;997;1382;110989;95709;64.1;55.3
46;2021-07-22;1387;1113;112376;96822;64.9;55.9
46;2021-07-23;757;1323;113133;98145;65.3;56.7
46;2021-07-24;933;662;114066;98807;65.9;57.1
46;2021-07-25;134;16;114200;98823;65.9;57.1
46;2021-07-26;875;880;115075;99703;66.5;57.6
46;2021-07-27;1193;976;116268;100679;67.1;58.1
46;2021-07-28;1250;1101;117518;101780;67.9;58.8
46;2021-07-29;1548;847;119066;102627;68.8;59.3
46;2021-07-30;1884;951;120950;103578;69.8;59.8
46;2021-07-31;927;652;121877;104230;70.4;60.2
46;2021-08-01;11;3;121888;104233;70.4;60.2
46;2021-08-02;964;583;122852;104816;70.9;60.5
46;2021-08-03;1346;678;124198;105494;71.7;60.9
46;2021-08-04;1735;601;125933;106095;72.7;61.3
46;2021-08-05;1376;843;127309;106938;73.5;61.8
46;2021-08-06;1395;845;128704;107783;74.3;62.2
46;2021-08-07;703;541;129407;108324;74.7;62.6
46;2021-08-08;95;66;129502;108390;74.8;62.6
46;2021-08-09;1001;690;130503;109080;75.4;63.0
46;2021-08-10;1191;889;131694;109969;76.1;63.5
46;2021-08-11;1228;1061;132922;111030;76.8;64.1
46;2021-08-12;986;794;133908;111824;77.3;64.6
47;2020-12-27;0;0;0;0;0.0;0.0
47;2020-12-28;0;0;0;0;0.0;0.0
47;2020-12-29;0;0;0;0;0.0;0.0
47;2020-12-30;0;0;0;0;0.0;0.0
47;2020-12-31;0;0;0;0;0.0;0.0
47;2021-01-01;4;0;4;0;0.0;0.0
47;2021-01-02;0;0;4;0;0.0;0.0
47;2021-01-03;0;0;4;0;0.0;0.0
47;2021-01-04;0;0;4;0;0.0;0.0
47;2021-01-05;0;0;4;0;0.0;0.0
47;2021-01-06;0;0;4;0;0.0;0.0
47;2021-01-07;71;1;75;1;0.0;0.0
47;2021-01-08;314;0;389;1;0.1;0.0
47;2021-01-09;113;0;502;1;0.2;0.0
47;2021-01-10;0;0;502;1;0.2;0.0
47;2021-01-11;249;0;751;1;0.2;0.0
47;2021-01-12;326;0;1077;1;0.3;0.0
47;2021-01-13;349;0;1426;1;0.4;0.0
47;2021-01-14;364;4;1790;5;0.5;0.0
47;2021-01-15;286;1;2076;6;0.6;0.0
47;2021-01-16;176;4;2252;10;0.7;0.0
47;2021-01-17;0;0;2252;10;0.7;0.0
47;2021-01-18;484;1;2736;11;0.8;0.0
47;2021-01-19;469;2;3205;13;1.0;0.0
47;2021-01-20;511;0;3716;13;1.1;0.0
47;2021-01-21;585;0;4301;13;1.3;0.0
47;2021-01-22;466;0;4767;13;1.4;0.0
47;2021-01-23;389;1;5156;14;1.6;0.0
47;2021-01-24;0;0;5156;14;1.6;0.0
47;2021-01-25;426;0;5582;14;1.7;0.0
47;2021-01-26;788;4;6370;18;1.9;0.0
47;2021-01-27;732;0;7102;18;2.1;0.0
47;2021-01-28;575;66;7677;84;2.3;0.0
47;2021-01-29;462;170;8139;254;2.5;0.1
47;2021-01-30;301;39;8440;293;2.6;0.1
47;2021-01-31;0;0;8440;293;2.6;0.1
47;2021-02-01;374;116;8814;409;2.7;0.1
47;2021-02-02;758;317;9572;726;2.9;0.2
47;2021-02-03;424;163;9996;889;3.0;0.3
47;2021-02-04;370;318;10366;1207;3.1;0.4
47;2021-02-05;300;311;10666;1518;3.2;0.5
47;2021-02-06;295;99;10961;1617;3.3;0.5
47;2021-02-07;0;0;10961;1617;3.3;0.5
47;2021-02-08;184;286;11145;1903;3.4;0.6
47;2021-02-09;232;260;11377;2163;3.4;0.7
47;2021-02-10;255;245;11632;2408;3.5;0.7
47;2021-02-11;356;378;11988;2786;3.6;0.8
47;2021-02-12;243;413;12231;3199;3.7;1.0
47;2021-02-13;224;111;12455;3310;3.8;1.0
47;2021-02-14;0;0;12455;3310;3.8;1.0
47;2021-02-15;194;385;12649;3695;3.8;1.1
47;2021-02-16;303;590;12952;4285;3.9;1.3
47;2021-02-17;326;456;13278;4741;4.0;1.4
47;2021-02-18;200;600;13478;5341;4.1;1.6
47;2021-02-19;194;365;13672;5706;4.1;1.7
47;2021-02-20;117;269;13789;5975;4.2;1.8
47;2021-02-21;0;0;13789;5975;4.2;1.8
47;2021-02-22;75;408;13864;6383;4.2;1.9
47;2021-02-23;152;649;14016;7032;4.2;2.1
47;2021-02-24;261;562;14277;7594;4.3;2.3
47;2021-02-25;304;413;14581;8007;4.4;2.4
47;2021-02-26;468;323;15049;8330;4.6;2.5
47;2021-02-27;324;213;15373;8543;4.7;2.6
47;2021-02-28;0;0;15373;8543;4.7;2.6
47;2021-03-01;124;397;15497;8940;4.7;2.7
47;2021-03-02;200;366;15697;9306;4.8;2.8
47;2021-03-03;244;350;15941;9656;4.8;2.9
47;2021-03-04;591;331;16532;9987;5.0;3.0
47;2021-03-05;844;288;17376;10275;5.3;3.1
47;2021-03-06;507;193;17883;10468;5.4;3.2
47;2021-03-07;331;5;18214;10473;5.5;3.2
47;2021-03-08;458;226;18672;10699;5.7;3.2
47;2021-03-09;509;492;19181;11191;5.8;3.4
47;2021-03-10;666;301;19847;11492;6.0;3.5
47;2021-03-11;938;378;20785;11870;6.3;3.6
47;2021-03-12;1370;296;22155;12166;6.7;3.7
47;2021-03-13;949;109;23104;12275;7.0;3.7
47;2021-03-14;51;0;23155;12275;7.0;3.7
47;2021-03-15;592;163;23747;12438;7.2;3.8
47;2021-03-16;750;177;24497;12615;7.4;3.8
47;2021-03-17;860;208;25357;12823;7.7;3.9
47;2021-03-18;916;174;26273;12997;8.0;3.9
47;2021-03-19;1271;124;27544;13121;8.3;4.0
47;2021-03-20;1085;58;28629;13179;8.7;4.0
47;2021-03-21;344;1;28973;13180;8.8;4.0
47;2021-03-22;1012;95;29985;13275;9.1;4.0
47;2021-03-23;1147;148;31132;13423;9.4;4.1
47;2021-03-24;1212;130;32344;13553;9.8;4.1
47;2021-03-25;1566;150;33910;13703;10.3;4.1
47;2021-03-26;1882;199;35792;13902;10.8;4.2
47;2021-03-27;979;129;36771;14031;11.1;4.2
47;2021-03-28;699;4;37470;14035;11.3;4.2
47;2021-03-29;1512;80;38982;14115;11.8;4.3
47;2021-03-30;1643;125;40625;14240;12.3;4.3
47;2021-03-31;1604;151;42229;14391;12.8;4.4
47;2021-04-01;1682;267;43911;14658;13.3;4.4
47;2021-04-02;1934;456;45845;15114;13.9;4.6
47;2021-04-03;1202;179;47047;15293;14.2;4.6
47;2021-04-04;474;13;47521;15306;14.4;4.6
47;2021-04-05;1295;57;48816;15363;14.8;4.7
47;2021-04-06;1386;386;50202;15749;15.2;4.8
47;2021-04-07;1693;589;51895;16338;15.7;4.9
47;2021-04-08;1834;475;53729;16813;16.3;5.1
47;2021-04-09;2082;541;55811;17354;16.9;5.3
47;2021-04-10;1564;326;57375;17680;17.4;5.4
47;2021-04-11;530;8;57905;17688;17.5;5.4
47;2021-04-12;1437;610;59342;18298;18.0;5.5
47;2021-04-13;1817;763;61159;19061;18.5;5.8
47;2021-04-14;1748;719;62907;19780;19.0;6.0
47;2021-04-15;2012;844;64919;20624;19.7;6.2
47;2021-04-16;1766;893;66685;21517;20.2;6.5
47;2021-04-17;1472;970;68157;22487;20.6;6.8
47;2021-04-18;23;0;68180;22487;20.6;6.8
47;2021-04-19;1332;930;69512;23417;21.0;7.1
47;2021-04-20;1626;902;71138;24319;21.5;7.4
47;2021-04-21;1626;772;72764;25091;22.0;7.6
47;2021-04-22;1871;1060;74635;26151;22.6;7.9
47;2021-04-23;1725;1071;76360;27222;23.1;8.2
47;2021-04-24;1549;801;77909;28023;23.6;8.5
47;2021-04-25;242;344;78151;28367;23.7;8.6
47;2021-04-26;1488;1363;79639;29730;24.1;9.0
47;2021-04-27;1922;1472;81561;31202;24.7;9.4
47;2021-04-28;2090;1589;83651;32791;25.3;9.9
47;2021-04-29;2530;1507;86181;34298;26.1;10.4
47;2021-04-30;2041;1777;88222;36075;26.7;10.9
47;2021-05-01;2262;982;90484;37057;27.4;11.2
47;2021-05-02;21;358;90505;37415;27.4;11.3
47;2021-05-03;1596;1417;92101;38832;27.9;11.8
47;2021-05-04;1648;1728;93749;40560;28.4;12.3
47;2021-05-05;1927;1643;95676;42203;29.0;12.8
47;2021-05-06;2105;1508;97781;43711;29.6;13.2
47;2021-05-07;2000;1622;99781;45333;30.2;13.7
47;2021-05-08;2096;464;101877;45797;30.8;13.9
47;2021-05-09;24;361;101901;46158;30.8;14.0
47;2021-05-10;1202;1668;103103;47826;31.2;14.5
47;2021-05-11;2174;1990;105277;49816;31.9;15.1
47;2021-05-12;2626;1451;107903;51267;32.7;15.5
47;2021-05-13;2381;656;110284;51923;33.4;15.7
47;2021-05-14;2062;859;112346;52782;34.0;16.0
47;2021-05-15;1934;862;114280;53644;34.6;16.2
47;2021-05-16;367;9;114647;53653;34.7;16.2
47;2021-05-17;1882;1123;116529;54776;35.3;16.6
47;2021-05-18;2355;1139;118884;55915;36.0;16.9
47;2021-05-19;2344;761;121228;56676;36.7;17.2
47;2021-05-20;2584;966;123812;57642;37.5;17.4
47;2021-05-21;1537;1132;125349;58774;37.9;17.8
47;2021-05-22;2367;834;127716;59608;38.7;18.0
47;2021-05-23;25;185;127741;59793;38.7;18.1
47;2021-05-24;1549;235;129290;60028;39.1;18.2
47;2021-05-25;1484;1319;130774;61347;39.6;18.6
47;2021-05-26;1599;1082;132373;62429;40.1;18.9
47;2021-05-27;1943;1268;134316;63697;40.7;19.3
47;2021-05-28;1457;1536;135773;65233;41.1;19.7
47;2021-05-29;1152;1126;136925;66359;41.5;20.1
47;2021-05-30;12;45;136937;66404;41.5;20.1
47;2021-05-31;1867;1422;138804;67826;42.0;20.5
47;2021-06-01;1922;1339;140726;69165;42.6;20.9
47;2021-06-02;2100;1333;142826;70498;43.2;21.3
47;2021-06-03;2484;1609;145310;72107;44.0;21.8
47;2021-06-04;1968;2113;147278;74220;44.6;22.5
47;2021-06-05;1637;1475;148915;75695;45.1;22.9
47;2021-06-06;212;70;149127;75765;45.1;22.9
47;2021-06-07;1663;2244;150790;78009;45.6;23.6
47;2021-06-08;1629;1905;152419;79914;46.1;24.2
47;2021-06-09;1823;2127;154242;82041;46.7;24.8
47;2021-06-10;2368;1612;156610;83653;47.4;25.3
47;2021-06-11;1829;2101;158439;85754;48.0;26.0
47;2021-06-12;1352;2103;159791;87857;48.4;26.6
47;2021-06-13;4;10;159795;87867;48.4;26.6
47;2021-06-14;1282;2449;161077;90316;48.8;27.3
47;2021-06-15;1464;2035;162541;92351;49.2;28.0
47;2021-06-16;1207;2186;163748;94537;49.6;28.6
47;2021-06-17;1656;1524;165404;96061;50.1;29.1
47;2021-06-18;1439;2496;166843;98557;50.5;29.8
47;2021-06-19;1538;2456;168381;101013;51.0;30.6
47;2021-06-20;4;33;168385;101046;51.0;30.6
47;2021-06-21;1137;2512;169522;103558;51.3;31.3
47;2021-06-22;758;2503;170280;106061;51.5;32.1
47;2021-06-23;998;2015;171278;108076;51.8;32.7
47;2021-06-24;1210;1934;172488;110010;52.2;33.3
47;2021-06-25;1005;2606;173493;112616;52.5;34.1
47;2021-06-26;988;2789;174481;115405;52.8;34.9
47;2021-06-27;16;349;174497;115754;52.8;35.0
47;2021-06-28;875;2406;175372;118160;53.1;35.8
47;2021-06-29;798;2315;176170;120475;53.3;36.5
47;2021-06-30;730;2308;176900;122783;53.6;37.2
47;2021-07-01;820;2109;177720;124892;53.8;37.8
47;2021-07-02;886;2275;178606;127167;54.1;38.5
47;2021-07-03;727;3042;179333;130209;54.3;39.4
47;2021-07-04;34;12;179367;130221;54.3;39.4
47;2021-07-05;979;2144;180346;132365;54.6;40.1
47;2021-07-06;1008;1959;181354;134324;54.9;40.7
47;2021-07-07;1298;2061;182652;136385;55.3;41.3
47;2021-07-08;1144;2191;183796;138576;55.6;42.0
47;2021-07-09;1049;2404;184845;140980;56.0;42.7
47;2021-07-10;954;2131;185799;143111;56.2;43.3
47;2021-07-11;1;6;185800;143117;56.2;43.3
47;2021-07-12;557;2580;186357;145697;56.4;44.1
47;2021-07-13;1094;2592;187451;148289;56.7;44.9
47;2021-07-14;1163;1576;188614;149865;57.1;45.4
47;2021-07-15;1709;3136;190323;153001;57.6;46.3
47;2021-07-16;1717;2680;192040;155681;58.1;47.1
47;2021-07-17;1184;2458;193224;158139;58.5;47.9
47;2021-07-18;36;188;193260;158327;58.5;47.9
47;2021-07-19;1113;2566;194373;160893;58.8;48.7
47;2021-07-20;1612;2339;195985;163232;59.3;49.4
47;2021-07-21;2173;2244;198158;165476;60.0;50.1
47;2021-07-22;2149;2296;200307;167772;60.6;50.8
47;2021-07-23;2104;2252;202411;170024;61.3;51.5
47;2021-07-24;1109;1911;203520;171935;61.6;52.0
47;2021-07-25;11;1;203531;171936;61.6;52.0
47;2021-07-26;1227;1940;204758;173876;62.0;52.6
47;2021-07-27;2089;1629;206847;175505;62.6;53.1
47;2021-07-28;1868;1594;208715;177099;63.2;53.6
47;2021-07-29;2302;1597;211017;178696;63.9;54.1
47;2021-07-30;1856;1622;212873;180318;64.4;54.6
47;2021-07-31;1478;1664;214351;181982;64.9;55.1
47;2021-08-01;17;8;214368;181990;64.9;55.1
47;2021-08-02;2021;1218;216389;183208;65.5;55.5
47;2021-08-03;2139;1098;218528;184306;66.2;55.8
47;2021-08-04;2168;1514;220696;185820;66.8;56.3
47;2021-08-05;2396;1438;223092;187258;67.5;56.7
47;2021-08-06;1996;1833;225088;189091;68.1;57.2
47;2021-08-07;1600;1410;226688;190501;68.6;57.7
47;2021-08-08;24;22;226712;190523;68.6;57.7
47;2021-08-09;1870;1210;228582;191733;69.2;58.0
47;2021-08-10;1902;1286;230484;193019;69.8;58.4
47;2021-08-11;1793;1393;232277;194412;70.3;58.9
47;2021-08-12;2038;1332;234315;195744;70.9;59.3
48;2020-12-27;0;0;0;0;0.0;0.0
48;2020-12-28;0;0;0;0;0.0;0.0
48;2020-12-29;0;0;0;0;0.0;0.0
48;2020-12-30;0;0;0;0;0.0;0.0
48;2020-12-31;0;0;0;0;0.0;0.0
48;2021-01-01;0;0;0;0;0.0;0.0
48;2021-01-02;0;0;0;0;0.0;0.0
48;2021-01-03;0;0;0;0;0.0;0.0
48;2021-01-04;0;0;0;0;0.0;0.0
48;2021-01-05;0;0;0;0;0.0;0.0
48;2021-01-06;0;0;0;0;0.0;0.0
48;2021-01-07;55;0;55;0;0.1;0.0
48;2021-01-08;87;0;142;0;0.2;0.0
48;2021-01-09;1;0;143;0;0.2;0.0
48;2021-01-10;0;0;143;0;0.2;0.0
48;2021-01-11;13;0;156;0;0.2;0.0
48;2021-01-12;19;1;175;1;0.2;0.0
48;2021-01-13;104;0;279;1;0.4;0.0
48;2021-01-14;90;1;369;2;0.5;0.0
48;2021-01-15;63;0;432;2;0.6;0.0
48;2021-01-16;0;0;432;2;0.6;0.0
48;2021-01-17;0;0;432;2;0.6;0.0
48;2021-01-18;117;0;549;2;0.7;0.0
48;2021-01-19;345;0;894;2;1.2;0.0
48;2021-01-20;364;0;1258;2;1.6;0.0
48;2021-01-21;465;0;1723;2;2.3;0.0
48;2021-01-22;269;0;1992;2;2.6;0.0
48;2021-01-23;36;0;2028;2;2.7;0.0
48;2021-01-24;0;0;2028;2;2.7;0.0
48;2021-01-25;109;0;2137;2;2.8;0.0
48;2021-01-26;261;0;2398;2;3.1;0.0
48;2021-01-27;257;2;2655;4;3.5;0.0
48;2021-01-28;270;10;2925;14;3.8;0.0
48;2021-01-29;175;60;3100;74;4.1;0.1
48;2021-01-30;1;7;3101;81;4.1;0.1
48;2021-01-31;0;6;3101;87;4.1;0.1
48;2021-02-01;97;47;3198;134;4.2;0.2
48;2021-02-02;191;36;3389;170;4.4;0.2
48;2021-02-03;177;82;3566;252;4.7;0.3
48;2021-02-04;234;13;3800;265;5.0;0.3
48;2021-02-05;144;35;3944;300;5.2;0.4
48;2021-02-06;34;0;3978;300;5.2;0.4
48;2021-02-07;0;0;3978;300;5.2;0.4
48;2021-02-08;50;61;4028;361;5.3;0.5
48;2021-02-09;66;167;4094;528;5.4;0.7
48;2021-02-10;65;303;4159;831;5.5;1.1
48;2021-02-11;165;407;4324;1238;5.7;1.6
48;2021-02-12;120;155;4444;1393;5.8;1.8
48;2021-02-13;8;55;4452;1448;5.8;1.9
48;2021-02-14;0;0;4452;1448;5.8;1.9
48;2021-02-15;51;106;4503;1554;5.9;2.0
48;2021-02-16;43;173;4546;1727;6.0;2.3
48;2021-02-17;35;284;4581;2011;6.0;2.6
48;2021-02-18;252;97;4833;2108;6.3;2.8
48;2021-02-19;60;183;4893;2291;6.4;3.0
48;2021-02-20;0;1;4893;2292;6.4;3.0
48;2021-02-21;0;14;4893;2306;6.4;3.0
48;2021-02-22;24;129;4917;2435;6.4;3.2
48;2021-02-23;74;222;4991;2657;6.5;3.5
48;2021-02-24;66;264;5057;2921;6.6;3.8
48;2021-02-25;148;263;5205;3184;6.8;4.2
48;2021-02-26;51;228;5256;3412;6.9;4.5
48;2021-02-27;28;1;5284;3413;6.9;4.5
48;2021-02-28;3;14;5287;3427;6.9;4.5
48;2021-03-01;102;96;5389;3523;7.1;4.6
48;2021-03-02;199;87;5588;3610;7.3;4.7
48;2021-03-03;155;111;5743;3721;7.5;4.9
48;2021-03-04;192;183;5935;3904;7.8;5.1
48;2021-03-05;136;141;6071;4045;8.0;5.3
48;2021-03-06;180;53;6251;4098;8.2;5.4
48;2021-03-07;75;1;6326;4099;8.3;5.4
48;2021-03-08;352;122;6678;4221;8.8;5.5
48;2021-03-09;377;87;7055;4308;9.2;5.6
48;2021-03-10;263;61;7318;4369;9.6;5.7
48;2021-03-11;334;90;7652;4459;10.0;5.8
48;2021-03-12;255;155;7907;4614;10.4;6.0
48;2021-03-13;301;5;8208;4619;10.8;6.1
48;2021-03-14;8;0;8216;4619;10.8;6.1
48;2021-03-15;174;63;8390;4682;11.0;6.1
48;2021-03-16;166;65;8556;4747;11.2;6.2
48;2021-03-17;156;110;8712;4857;11.4;6.4
48;2021-03-18;190;104;8902;4961;11.7;6.5
48;2021-03-19;116;96;9018;5057;11.8;6.6
48;2021-03-20;101;0;9119;5057;12.0;6.6
48;2021-03-21;0;0;9119;5057;12.0;6.6
48;2021-03-22;160;22;9279;5079;12.2;6.7
48;2021-03-23;329;103;9608;5182;12.6;6.8
48;2021-03-24;284;100;9892;5282;13.0;6.9
48;2021-03-25;757;116;10649;5398;14.0;7.1
48;2021-03-26;269;60;10918;5458;14.3;7.2
48;2021-03-27;104;1;11022;5459;14.4;7.2
48;2021-03-28;79;19;11101;5478;14.6;7.2
48;2021-03-29;304;80;11405;5558;15.0;7.3
48;2021-03-30;362;129;11767;5687;15.4;7.5
48;2021-03-31;447;86;12214;5773;16.0;7.6
48;2021-04-01;729;67;12943;5840;17.0;7.7
48;2021-04-02;487;127;13430;5967;17.6;7.8
48;2021-04-03;140;83;13570;6050;17.8;7.9
48;2021-04-04;0;0;13570;6050;17.8;7.9
48;2021-04-05;43;1;13613;6051;17.8;7.9
48;2021-04-06;465;158;14078;6209;18.5;8.1
48;2021-04-07;465;140;14543;6349;19.1;8.3
48;2021-04-08;620;187;15163;6536;19.9;8.6
48;2021-04-09;446;119;15609;6655;20.5;8.7
48;2021-04-10;95;60;15704;6715;20.6;8.8
48;2021-04-11;2;0;15706;6715;20.6;8.8
48;2021-04-12;364;70;16070;6785;21.1;8.9
48;2021-04-13;361;92;16431;6877;21.5;9.0
48;2021-04-14;624;185;17055;7062;22.4;9.3
48;2021-04-15;699;355;17754;7417;23.3;9.7
48;2021-04-16;538;225;18292;7642;24.0;10.0
48;2021-04-17;89;69;18381;7711;24.1;10.1
48;2021-04-18;0;0;18381;7711;24.1;10.1
48;2021-04-19;197;106;18578;7817;24.4;10.2
48;2021-04-20;216;179;18794;7996;24.6;10.5
48;2021-04-21;284;206;19078;8202;25.0;10.8
48;2021-04-22;308;479;19386;8681;25.4;11.4
48;2021-04-23;255;241;19641;8922;25.7;11.7
48;2021-04-24;97;93;19738;9015;25.9;11.8
48;2021-04-25;1;9;19739;9024;25.9;11.8
48;2021-04-26;87;209;19826;9233;26.0;12.1
48;2021-04-27;172;292;19998;9525;26.2;12.5
48;2021-04-28;149;414;20147;9939;26.4;13.0
48;2021-04-29;204;490;20351;10429;26.7;13.7
48;2021-04-30;172;226;20523;10655;26.9;14.0
48;2021-05-01;0;0;20523;10655;26.9;14.0
48;2021-05-02;0;0;20523;10655;26.9;14.0
48;2021-05-03;106;386;20629;11041;27.0;14.5
48;2021-05-04;227;421;20856;11462;27.3;15.0
48;2021-05-05;84;486;20940;11948;27.4;15.7
48;2021-05-06;742;638;21682;12586;28.4;16.5
48;2021-05-07;96;504;21778;13090;28.5;17.2
48;2021-05-08;309;43;22087;13133;29.0;17.2
48;2021-05-09;285;9;22372;13142;29.3;17.2
48;2021-05-10;55;325;22427;13467;29.4;17.7
48;2021-05-11;221;291;22648;13758;29.7;18.0
48;2021-05-12;249;312;22897;14070;30.0;18.4
48;2021-05-13;472;157;23369;14227;30.6;18.6
48;2021-05-14;244;221;23613;14448;31.0;18.9
48;2021-05-15;84;47;23697;14495;31.1;19.0
48;2021-05-16;1;8;23698;14503;31.1;19.0
48;2021-05-17;474;267;24172;14770;31.7;19.4
48;2021-05-18;264;228;24436;14998;32.0;19.7
48;2021-05-19;207;278;24643;15276;32.3;20.0
48;2021-05-20;320;254;24963;15530;32.7;20.4
48;2021-05-21;172;267;25135;15797;32.9;20.7
48;2021-05-22;25;50;25160;15847;33.0;20.8
48;2021-05-23;0;6;25160;15853;33.0;20.8
48;2021-05-24;0;14;25160;15867;33.0;20.8
48;2021-05-25;180;265;25340;16132;33.2;21.1
48;2021-05-26;416;298;25756;16430;33.8;21.5
48;2021-05-27;1176;376;26932;16806;35.3;22.0
48;2021-05-28;315;344;27247;17150;35.7;22.5
48;2021-05-29;79;50;27326;17200;35.8;22.5
48;2021-05-30;0;1;27326;17201;35.8;22.5
48;2021-05-31;625;263;27951;17464;36.6;22.9
48;2021-06-01;272;305;28223;17769;37.0;23.3
48;2021-06-02;407;423;28630;18192;37.5;23.8
48;2021-06-03;628;429;29258;18621;38.4;24.4
48;2021-06-04;291;281;29549;18902;38.7;24.8
48;2021-06-05;121;75;29670;18977;38.9;24.9
48;2021-06-06;1;1;29671;18978;38.9;24.9
48;2021-06-07;440;161;30111;19139;39.5;25.1
48;2021-06-08;614;306;30725;19445;40.3;25.5
48;2021-06-09;379;189;31104;19634;40.8;25.7
48;2021-06-10;1002;239;32106;19873;42.1;26.1
48;2021-06-11;372;159;32478;20032;42.6;26.3
48;2021-06-12;74;56;32552;20088;42.7;26.3
48;2021-06-13;0;2;32552;20090;42.7;26.3
48;2021-06-14;124;115;32676;20205;42.8;26.5
48;2021-06-15;407;385;33083;20590;43.4;27.0
48;2021-06-16;259;143;33342;20733;43.7;27.2
48;2021-06-17;486;574;33828;21307;44.3;27.9
48;2021-06-18;254;313;34082;21620;44.7;28.3
48;2021-06-19;35;291;34117;21911;44.7;28.7
48;2021-06-20;123;224;34240;22135;44.9;29.0
48;2021-06-21;125;132;34365;22267;45.0;29.2
48;2021-06-22;258;333;34623;22600;45.4;29.6
48;2021-06-23;111;546;34734;23146;45.5;30.3
48;2021-06-24;364;606;35098;23752;46.0;31.1
48;2021-06-25;153;276;35251;24028;46.2;31.5
48;2021-06-26;15;45;35266;24073;46.2;31.6
48;2021-06-27;1;1;35267;24074;46.2;31.6
48;2021-06-28;81;177;35348;24251;46.3;31.8
48;2021-06-29;297;413;35645;24664;46.7;32.3
48;2021-06-30;96;465;35741;25129;46.9;32.9
48;2021-07-01;195;664;35936;25793;47.1;33.8
48;2021-07-02;148;369;36084;26162;47.3;34.3
48;2021-07-03;41;89;36125;26251;47.4;34.4
48;2021-07-04;7;0;36132;26251;47.4;34.4
48;2021-07-05;40;116;36172;26367;47.4;34.6
48;2021-07-06;278;598;36450;26965;47.8;35.3
48;2021-07-07;200;485;36650;27450;48.0;36.0
48;2021-07-08;224;1191;36874;28641;48.3;37.5
48;2021-07-09;156;552;37030;29193;48.5;38.3
48;2021-07-10;95;148;37125;29341;48.7;38.5
48;2021-07-11;0;4;37125;29345;48.7;38.5
48;2021-07-12;140;673;37265;30018;48.8;39.3
48;2021-07-13;212;431;37477;30449;49.1;39.9
48;2021-07-14;178;142;37655;30591;49.4;40.1
48;2021-07-15;187;459;37842;31050;49.6;40.7
48;2021-07-16;234;313;38076;31363;49.9;41.1
48;2021-07-17;128;117;38204;31480;50.1;41.3
48;2021-07-18;4;5;38208;31485;50.1;41.3
48;2021-07-19;105;304;38313;31789;50.2;41.7
48;2021-07-20;634;993;38947;32782;51.1;43.0
48;2021-07-21;68;371;39015;33153;51.1;43.5
48;2021-07-22;779;1120;39794;34273;52.2;44.9
48;2021-07-23;363;436;40157;34709;52.6;45.5
48;2021-07-24;505;167;40662;34876;53.3;45.7
48;2021-07-25;137;46;40799;34922;53.5;45.8
48;2021-07-26;100;198;40899;35120;53.6;46.0
48;2021-07-27;1191;642;42090;35762;55.2;46.9
48;2021-07-28;176;316;42266;36078;55.4;47.3
48;2021-07-29;704;638;42970;36716;56.3;48.1
48;2021-07-30;200;294;43170;37010;56.6;48.5
48;2021-07-31;336;179;43506;37189;57.0;48.7
48;2021-08-01;18;55;43524;37244;57.1;48.8
48;2021-08-02;225;160;43749;37404;57.3;49.0
48;2021-08-03;894;561;44643;37965;58.5;49.8
48;2021-08-04;325;219;44968;38184;58.9;50.1
48;2021-08-05;672;466;45640;38650;59.8;50.7
48;2021-08-06;433;273;46073;38923;60.4;51.0
48;2021-08-07;249;123;46322;39046;60.7;51.2
48;2021-08-08;1;5;46323;39051;60.7;51.2
48;2021-08-09;170;140;46493;39191;60.9;51.4
48;2021-08-10;722;550;47215;39741;61.9;52.1
48;2021-08-11;296;235;47511;39976;62.3;52.4
48;2021-08-12;413;402;47924;40378;62.8;52.9
49;2020-12-27;0;0;0;0;0.0;0.0
49;2020-12-28;2;0;2;0;0.0;0.0
49;2020-12-29;0;0;2;0;0.0;0.0
49;2020-12-30;0;0;2;0;0.0;0.0
49;2020-12-31;0;0;2;0;0.0;0.0
49;2021-01-01;2;0;4;0;0.0;0.0
49;2021-01-02;1;1;5;1;0.0;0.0
49;2021-01-03;0;0;5;1;0.0;0.0
49;2021-01-04;9;0;14;1;0.0;0.0
49;2021-01-05;92;0;106;1;0.0;0.0
49;2021-01-06;232;0;338;1;0.0;0.0
49;2021-01-07;366;0;704;1;0.1;0.0
49;2021-01-08;329;1;1033;2;0.1;0.0
49;2021-01-09;118;0;1151;2;0.1;0.0
49;2021-01-10;114;0;1265;2;0.2;0.0
49;2021-01-11;287;0;1552;2;0.2;0.0
49;2021-01-12;622;0;2174;2;0.3;0.0
49;2021-01-13;602;2;2776;4;0.3;0.0
49;2021-01-14;590;6;3366;10;0.4;0.0
49;2021-01-15;775;1;4141;11;0.5;0.0
49;2021-01-16;147;0;4288;11;0.5;0.0
49;2021-01-17;111;2;4399;13;0.5;0.0
49;2021-01-18;691;0;5090;13;0.6;0.0
49;2021-01-19;1204;1;6294;14;0.8;0.0
49;2021-01-20;1508;3;7802;17;1.0;0.0
49;2021-01-21;1939;4;9741;21;1.2;0.0
49;2021-01-22;1317;5;11058;26;1.4;0.0
49;2021-01-23;263;1;11321;27;1.4;0.0
49;2021-01-24;0;0;11321;27;1.4;0.0
49;2021-01-25;552;5;11873;32;1.5;0.0
49;2021-01-26;987;75;12860;107;1.6;0.0
49;2021-01-27;1852;36;14712;143;1.8;0.0
49;2021-01-28;2876;89;17588;232;2.2;0.0
49;2021-01-29;1589;94;19177;326;2.4;0.0
49;2021-01-30;300;47;19477;373;2.4;0.0
49;2021-01-31;62;51;19539;424;2.4;0.1
49;2021-02-01;661;165;20200;589;2.5;0.1
49;2021-02-02;743;386;20943;975;2.6;0.1
49;2021-02-03;675;379;21618;1354;2.6;0.2
49;2021-02-04;758;444;22376;1798;2.7;0.2
49;2021-02-05;705;597;23081;2395;2.8;0.3
49;2021-02-06;229;111;23310;2506;2.9;0.3
49;2021-02-07;59;85;23369;2591;2.9;0.3
49;2021-02-08;549;480;23918;3071;2.9;0.4
49;2021-02-09;712;647;24630;3718;3.0;0.5
49;2021-02-10;803;953;25433;4671;3.1;0.6
49;2021-02-11;1000;1409;26433;6080;3.2;0.7
49;2021-02-12;870;977;27303;7057;3.3;0.9
49;2021-02-13;266;117;27569;7174;3.4;0.9
49;2021-02-14;9;106;27578;7280;3.4;0.9
49;2021-02-15;733;665;28311;7945;3.5;1.0
49;2021-02-16;1106;1124;29417;9069;3.6;1.1
49;2021-02-17;1159;1872;30576;10941;3.7;1.3
49;2021-02-18;1812;2439;32388;13380;4.0;1.6
49;2021-02-19;1395;1107;33783;14487;4.1;1.8
49;2021-02-20;233;385;34016;14872;4.2;1.8
49;2021-02-21;0;64;34016;14936;4.2;1.8
49;2021-02-22;646;576;34662;15512;4.2;1.9
49;2021-02-23;735;861;35397;16373;4.3;2.0
49;2021-02-24;821;644;36218;17017;4.4;2.1
49;2021-02-25;1208;816;37426;17833;4.6;2.2
49;2021-02-26;1669;847;39095;18680;4.8;2.3
49;2021-02-27;435;282;39530;18962;4.8;2.3
49;2021-02-28;49;38;39579;19000;4.9;2.3
49;2021-03-01;766;584;40345;19584;4.9;2.4
49;2021-03-02;1083;701;41428;20285;5.1;2.5
49;2021-03-03;1559;674;42987;20959;5.3;2.6
49;2021-03-04;1767;937;44754;21896;5.5;2.7
49;2021-03-05;2213;695;46967;22591;5.8;2.8
49;2021-03-06;715;188;47682;22779;5.8;2.8
49;2021-03-07;627;12;48309;22791;5.9;2.8
49;2021-03-08;1396;714;49705;23505;6.1;2.9
49;2021-03-09;2051;740;51756;24245;6.3;3.0
49;2021-03-10;2526;863;54282;25108;6.7;3.1
49;2021-03-11;3194;1467;57476;26575;7.0;3.3
49;2021-03-12;3766;1001;61242;27576;7.5;3.4
49;2021-03-13;1501;221;62743;27797;7.7;3.4
49;2021-03-14;6;0;62749;27797;7.7;3.4
49;2021-03-15;2084;536;64833;28333;7.9;3.5
49;2021-03-16;1732;961;66565;29294;8.2;3.6
49;2021-03-17;1811;670;68376;29964;8.4;3.7
49;2021-03-18;2201;731;70577;30695;8.7;3.8
49;2021-03-19;3329;561;73906;31256;9.1;3.8
49;2021-03-20;1743;206;75649;31462;9.3;3.9
49;2021-03-21;498;23;76147;31485;9.3;3.9
49;2021-03-22;2247;547;78394;32032;9.6;3.9
49;2021-03-23;3402;678;81796;32710;10.0;4.0
49;2021-03-24;3602;498;85398;33208;10.5;4.1
49;2021-03-25;4225;646;89623;33854;11.0;4.1
49;2021-03-26;4883;502;94506;34356;11.6;4.2
49;2021-03-27;1674;98;96180;34454;11.8;4.2
49;2021-03-28;399;30;96579;34484;11.8;4.2
49;2021-03-29;2372;609;98951;35093;12.1;4.3
49;2021-03-30;3268;939;102219;36032;12.5;4.4
49;2021-03-31;2979;748;105198;36780;12.9;4.5
49;2021-04-01;4121;867;109319;37647;13.4;4.6
49;2021-04-02;4295;942;113614;38589;13.9;4.7
49;2021-04-03;971;195;114585;38784;14.0;4.8
49;2021-04-04;314;3;114899;38787;14.1;4.8
49;2021-04-05;942;21;115841;38808;14.2;4.8
49;2021-04-06;2331;1321;118172;40129;14.5;4.9
49;2021-04-07;3308;1361;121480;41490;14.9;5.1
49;2021-04-08;5181;1406;126661;42896;15.5;5.3
49;2021-04-09;6207;1420;132868;44316;16.3;5.4
49;2021-04-10;2068;496;134936;44812;16.5;5.5
49;2021-04-11;389;7;135325;44819;16.6;5.5
49;2021-04-12;4073;1568;139398;46387;17.1;5.7
49;2021-04-13;5379;1908;144777;48295;17.7;5.9
49;2021-04-14;4541;1867;149318;50162;18.3;6.1
49;2021-04-15;5379;1882;154697;52044;19.0;6.4
49;2021-04-16;5758;2134;160455;54178;19.7;6.6
49;2021-04-17;3336;847;163791;55025;20.1;6.7
49;2021-04-18;381;477;164172;55502;20.1;6.8
49;2021-04-19;3710;2054;167882;57556;20.6;7.1
49;2021-04-20;4374;2107;172256;59663;21.1;7.3
49;2021-04-21;3954;2205;176210;61868;21.6;7.6
49;2021-04-22;4834;2101;181044;63969;22.2;7.8
49;2021-04-23;4812;2328;185856;66297;22.8;8.1
49;2021-04-24;2937;1155;188793;67452;23.1;8.3
49;2021-04-25;40;282;188833;67734;23.1;8.3
49;2021-04-26;3739;2112;192572;69846;23.6;8.6
49;2021-04-27;4472;2504;197044;72350;24.2;8.9
49;2021-04-28;4617;2493;201661;74843;24.7;9.2
49;2021-04-29;5206;3019;206867;77862;25.4;9.5
49;2021-04-30;5556;3199;212423;81061;26.0;9.9
49;2021-05-01;2363;666;214786;81727;26.3;10.0
49;2021-05-02;5;40;214791;81767;26.3;10.0
49;2021-05-03;5012;2406;219803;84173;26.9;10.3
49;2021-05-04;4971;3042;224774;87215;27.5;10.7
49;2021-05-05;4786;3001;229560;90216;28.1;11.1
49;2021-05-06;5329;3078;234889;93294;28.8;11.4
49;2021-05-07;4277;5029;239166;98323;29.3;12.1
49;2021-05-08;3576;436;242742;98759;29.8;12.1
49;2021-05-09;10;41;242752;98800;29.8;12.1
49;2021-05-10;4829;4274;247581;103074;30.3;12.6
49;2021-05-11;5397;5086;252978;108160;31.0;13.3
49;2021-05-12;4802;4593;257780;112753;31.6;13.8
49;2021-05-13;4778;689;262558;113442;32.2;13.9
49;2021-05-14;5173;3272;267731;116714;32.8;14.3
49;2021-05-15;4157;1807;271888;118521;33.3;14.5
49;2021-05-16;2788;118;274676;118639;33.7;14.5
49;2021-05-17;4833;3692;279509;122331;34.3;15.0
49;2021-05-18;5472;3770;284981;126101;34.9;15.5
49;2021-05-19;5916;3230;290897;129331;35.7;15.9
49;2021-05-20;6793;2961;297690;132292;36.5;16.2
49;2021-05-21;6453;3739;304143;136031;37.3;16.7
49;2021-05-22;5186;1192;309329;137223;37.9;16.8
49;2021-05-23;1;12;309330;137235;37.9;16.8
49;2021-05-24;4217;446;313547;137681;38.4;16.9
49;2021-05-25;6330;3305;319877;140986;39.2;17.3
49;2021-05-26;6273;2667;326150;143653;40.0;17.6
49;2021-05-27;7108;2722;333258;146375;40.8;17.9
49;2021-05-28;6875;4019;340133;150394;41.7;18.4
49;2021-05-29;5024;1896;345157;152290;42.3;18.7
49;2021-05-30;20;13;345177;152303;42.3;18.7
49;2021-05-31;6040;3224;351217;155527;43.0;19.1
49;2021-06-01;6587;3987;357804;159514;43.9;19.6
49;2021-06-02;5793;3743;363597;163257;44.6;20.0
49;2021-06-03;6604;3422;370201;166679;45.4;20.4
49;2021-06-04;6469;4862;376670;171541;46.2;21.0
49;2021-06-05;4386;2696;381056;174237;46.7;21.4
49;2021-06-06;35;52;381091;174289;46.7;21.4
49;2021-06-07;4632;4764;385723;179053;47.3;21.9
49;2021-06-08;5185;5099;390908;184152;47.9;22.6
49;2021-06-09;5320;4504;396228;188656;48.6;23.1
49;2021-06-10;5996;3782;402224;192438;49.3;23.6
49;2021-06-11;4851;6034;407075;198472;49.9;24.3
49;2021-06-12;4102;3203;411177;201675;50.4;24.7
49;2021-06-13;19;989;411196;202664;50.4;24.8
49;2021-06-14;3408;6017;414604;208681;50.8;25.6
49;2021-06-15;4242;6400;418846;215081;51.3;26.4
49;2021-06-16;4148;5680;422994;220761;51.8;27.1
49;2021-06-17;5068;5077;428062;225838;52.5;27.7
49;2021-06-18;4129;6886;432191;232724;53.0;28.5
49;2021-06-19;3525;3974;435716;236698;53.4;29.0
49;2021-06-20;30;23;435746;236721;53.4;29.0
49;2021-06-21;2827;6514;438573;243235;53.8;29.8
49;2021-06-22;3200;7008;441773;250243;54.1;30.7
49;2021-06-23;3253;6318;445026;256561;54.5;31.4
49;2021-06-24;4309;4978;449335;261539;55.1;32.1
49;2021-06-25;3318;7449;452653;268988;55.5;33.0
49;2021-06-26;2569;4627;455222;273615;55.8;33.5
49;2021-06-27;15;1544;455237;275159;55.8;33.7
49;2021-06-28;2232;7187;457469;282346;56.1;34.6
49;2021-06-29;3024;7274;460493;289620;56.4;35.5
49;2021-06-30;2822;6802;463315;296422;56.8;36.3
49;2021-07-01;3083;6269;466398;302691;57.2;37.1
49;2021-07-02;2897;8071;469295;310762;57.5;38.1
49;2021-07-03;1994;5487;471289;316249;57.8;38.8
49;2021-07-04;7;53;471296;316302;57.8;38.8
49;2021-07-05;1626;7078;472922;323380;58.0;39.6
49;2021-07-06;1885;7555;474807;330935;58.2;40.6
49;2021-07-07;2053;6628;476860;337563;58.4;41.4
49;2021-07-08;2508;6356;479368;343919;58.8;42.2
49;2021-07-09;2300;8251;481668;352170;59.0;43.2
49;2021-07-10;1780;5340;483448;357510;59.3;43.8
49;2021-07-11;11;35;483459;357545;59.3;43.8
49;2021-07-12;1922;7717;485381;365262;59.5;44.8
49;2021-07-13;2561;8309;487942;373571;59.8;45.8
49;2021-07-14;2881;3373;490823;376944;60.2;46.2
49;2021-07-15;3120;7559;493943;384503;60.5;47.1
49;2021-07-16;3309;8305;497252;392808;60.9;48.1
49;2021-07-17;2070;5488;499322;398296;61.2;48.8
49;2021-07-18;3742;576;503064;398872;61.7;48.9
49;2021-07-19;2562;7454;505626;406326;62.0;49.8
49;2021-07-20;3354;7484;508980;413810;62.4;50.7
49;2021-07-21;4145;6466;513125;420276;62.9;51.5
49;2021-07-22;4644;5854;517769;426130;63.5;52.2
49;2021-07-23;4904;6623;522673;432753;64.1;53.0
49;2021-07-24;3591;4998;526264;437751;64.5;53.7
49;2021-07-25;37;32;526301;437783;64.5;53.7
49;2021-07-26;4169;5896;530470;443679;65.0;54.4
49;2021-07-27;5545;5445;536015;449124;65.7;55.0
49;2021-07-28;5926;4351;541941;453475;66.4;55.6
49;2021-07-29;6547;4142;548488;457617;67.2;56.1
49;2021-07-30;6023;4788;554511;462405;68.0;56.7
49;2021-07-31;3938;3412;558449;465817;68.4;57.1
49;2021-08-01;18;22;558467;465839;68.4;57.1
49;2021-08-02;4250;4640;562717;470479;69.0;57.7
49;2021-08-03;5422;3799;568139;474278;69.6;58.1
49;2021-08-04;5202;3698;573341;477976;70.3;58.6
49;2021-08-05;5225;3287;578566;481263;70.9;59.0
49;2021-08-06;5680;4263;584246;485526;71.6;59.5
49;2021-08-07;3903;3032;588149;488558;72.1;59.9
49;2021-08-08;23;36;588172;488594;72.1;59.9
49;2021-08-09;3429;4663;591601;493257;72.5;60.5
49;2021-08-10;4169;3886;595770;497143;73.0;60.9
49;2021-08-11;3912;3629;599682;500772;73.5;61.4
49;2021-08-12;2611;3031;602293;503803;73.8;61.7
50;2020-12-27;0;0;0;0;0.0;0.0
50;2020-12-28;0;0;0;0;0.0;0.0
50;2020-12-29;1;0;1;0;0.0;0.0
50;2020-12-30;0;0;1;0;0.0;0.0
50;2020-12-31;0;0;1;0;0.0;0.0
50;2021-01-01;0;0;1;0;0.0;0.0
50;2021-01-02;0;0;1;0;0.0;0.0
50;2021-01-03;0;0;1;0;0.0;0.0
50;2021-01-04;1;0;2;0;0.0;0.0
50;2021-01-05;0;0;2;0;0.0;0.0
50;2021-01-06;126;0;128;0;0.0;0.0
50;2021-01-07;321;0;449;0;0.1;0.0
50;2021-01-08;436;2;885;2;0.2;0.0
50;2021-01-09;236;0;1121;2;0.2;0.0
50;2021-01-10;23;0;1144;2;0.2;0.0
50;2021-01-11;390;1;1534;3;0.3;0.0
50;2021-01-12;600;0;2134;3;0.4;0.0
50;2021-01-13;694;4;2828;7;0.6;0.0
50;2021-01-14;1046;5;3874;12;0.8;0.0
50;2021-01-15;709;2;4583;14;0.9;0.0
50;2021-01-16;214;3;4797;17;1.0;0.0
50;2021-01-17;1;0;4798;17;1.0;0.0
50;2021-01-18;619;1;5417;18;1.1;0.0
50;2021-01-19;892;2;6309;20;1.3;0.0
50;2021-01-20;965;1;7274;21;1.5;0.0
50;2021-01-21;917;4;8191;25;1.7;0.0
50;2021-01-22;713;2;8904;27;1.8;0.0
50;2021-01-23;667;4;9571;31;2.0;0.0
50;2021-01-24;880;2;10451;33;2.1;0.0
50;2021-01-25;2682;10;13133;43;2.7;0.0
50;2021-01-26;1335;14;14468;57;2.9;0.0
50;2021-01-27;762;56;15230;113;3.1;0.0
50;2021-01-28;718;170;15948;283;3.3;0.1
50;2021-01-29;580;306;16528;589;3.4;0.1
50;2021-01-30;381;165;16909;754;3.4;0.2
50;2021-01-31;0;0;16909;754;3.4;0.2
50;2021-02-01;449;225;17358;979;3.5;0.2
50;2021-02-02;416;236;17774;1215;3.6;0.2
50;2021-02-03;390;378;18164;1593;3.7;0.3
50;2021-02-04;485;452;18649;2045;3.8;0.4
50;2021-02-05;422;450;19071;2495;3.9;0.5
50;2021-02-06;179;114;19250;2609;3.9;0.5
50;2021-02-07;0;0;19250;2609;3.9;0.5
50;2021-02-08;255;509;19505;3118;4.0;0.6
50;2021-02-09;246;642;19751;3760;4.0;0.8
50;2021-02-10;570;558;20321;4318;4.1;0.9
50;2021-02-11;438;915;20759;5233;4.2;1.1
50;2021-02-12;329;672;21088;5905;4.3;1.2
50;2021-02-13;305;489;21393;6394;4.4;1.3
50;2021-02-14;185;826;21578;7220;4.4;1.5
50;2021-02-15;661;2025;22239;9245;4.5;1.9
50;2021-02-16;745;1623;22984;10868;4.7;2.2
50;2021-02-17;632;828;23616;11696;4.8;2.4
50;2021-02-18;569;810;24185;12506;4.9;2.5
50;2021-02-19;630;523;24815;13029;5.1;2.7
50;2021-02-20;423;193;25238;13222;5.1;2.7
50;2021-02-21;85;29;25323;13251;5.2;2.7
50;2021-02-22;291;726;25614;13977;5.2;2.8
50;2021-02-23;502;564;26116;14541;5.3;3.0
50;2021-02-24;624;571;26740;15112;5.4;3.1
50;2021-02-25;778;591;27518;15703;5.6;3.2
50;2021-02-26;999;399;28517;16102;5.8;3.3
50;2021-02-27;887;114;29404;16216;6.0;3.3
50;2021-02-28;111;0;29515;16216;6.0;3.3
50;2021-03-01;489;559;30004;16775;6.1;3.4
50;2021-03-02;651;521;30655;17296;6.2;3.5
50;2021-03-03;797;457;31452;17753;6.4;3.6
50;2021-03-04;1248;342;32700;18095;6.7;3.7
50;2021-03-05;1552;352;34252;18447;7.0;3.8
50;2021-03-06;1319;160;35571;18607;7.2;3.8
50;2021-03-07;550;43;36121;18650;7.4;3.8
50;2021-03-08;1024;623;37145;19273;7.6;3.9
50;2021-03-09;1555;578;38700;19851;7.9;4.0
50;2021-03-10;1606;322;40306;20173;8.2;4.1
50;2021-03-11;2352;357;42658;20530;8.7;4.2
50;2021-03-12;2866;246;45524;20776;9.3;4.2
50;2021-03-13;1992;137;47516;20913;9.7;4.3
50;2021-03-14;279;41;47795;20954;9.7;4.3
50;2021-03-15;1377;296;49172;21250;10.0;4.3
50;2021-03-16;1340;283;50512;21533;10.3;4.4
50;2021-03-17;1295;411;51807;21944;10.6;4.5
50;2021-03-18;1161;426;52968;22370;10.8;4.6
50;2021-03-19;1731;591;54699;22961;11.1;4.7
50;2021-03-20;1685;226;56384;23187;11.5;4.7
50;2021-03-21;794;10;57178;23197;11.7;4.7
50;2021-03-22;1507;336;58685;23533;12.0;4.8
50;2021-03-23;2073;396;60758;23929;12.4;4.9
50;2021-03-24;2279;557;63037;24486;12.8;5.0
50;2021-03-25;2811;465;65848;24951;13.4;5.1
50;2021-03-26;3205;468;69053;25419;14.1;5.2
50;2021-03-27;1823;374;70876;25793;14.4;5.3
50;2021-03-28;403;18;71279;25811;14.5;5.3
50;2021-03-29;2137;720;73416;26531;15.0;5.4
50;2021-03-30;2283;649;75699;27180;15.4;5.5
50;2021-03-31;2478;571;78177;27751;15.9;5.7
50;2021-04-01;3104;864;81281;28615;16.6;5.8
50;2021-04-02;2961;944;84242;29559;17.2;6.0
50;2021-04-03;1245;690;85487;30249;17.4;6.2
50;2021-04-04;321;135;85808;30384;17.5;6.2
50;2021-04-05;400;27;86208;30411;17.6;6.2
50;2021-04-06;2128;1226;88336;31637;18.0;6.4
50;2021-04-07;2559;1182;90895;32819;18.5;6.7
50;2021-04-08;3597;1225;94492;34044;19.3;6.9
50;2021-04-09;3936;1301;98428;35345;20.1;7.2
50;2021-04-10;2535;882;100963;36227;20.6;7.4
50;2021-04-11;411;147;101374;36374;20.7;7.4
50;2021-04-12;2438;1384;103812;37758;21.2;7.7
50;2021-04-13;2678;1539;106490;39297;21.7;8.0
50;2021-04-14;2608;1349;109098;40646;22.2;8.3
50;2021-04-15;3160;1114;112258;41760;22.9;8.5
50;2021-04-16;3364;1103;115622;42863;23.6;8.7
50;2021-04-17;2399;1184;118021;44047;24.1;9.0
50;2021-04-18;425;664;118446;44711;24.1;9.1
50;2021-04-19;2000;1476;120446;46187;24.5;9.4
50;2021-04-20;2277;1592;122723;47779;25.0;9.7
50;2021-04-21;2551;1760;125274;49539;25.5;10.1
50;2021-04-22;3078;1825;128352;51364;26.2;10.5
50;2021-04-23;2757;1915;131109;53279;26.7;10.9
50;2021-04-24;1897;1433;133006;54712;27.1;11.2
50;2021-04-25;470;274;133476;54986;27.2;11.2
50;2021-04-26;2120;1888;135596;56874;27.6;11.6
50;2021-04-27;2412;1999;138008;58873;28.1;12.0
50;2021-04-28;2707;1973;140715;60846;28.7;12.4
50;2021-04-29;3285;2040;144000;62886;29.3;12.8
50;2021-04-30;2999;1930;146999;64816;30.0;13.2
50;2021-05-01;1014;593;148013;65409;30.2;13.3
50;2021-05-02;523;448;148536;65857;30.3;13.4
50;2021-05-03;1770;1806;150306;67663;30.6;13.8
50;2021-05-04;1773;2326;152079;69989;31.0;14.3
50;2021-05-05;1662;2956;153741;72945;31.3;14.9
50;2021-05-06;2530;2584;156271;75529;31.8;15.4
50;2021-05-07;2150;2862;158421;78391;32.3;16.0
50;2021-05-08;1169;790;159590;79181;32.5;16.1
50;2021-05-09;624;361;160214;79542;32.7;16.2
50;2021-05-10;1705;2605;161919;82147;33.0;16.7
50;2021-05-11;2544;2848;164463;84995;33.5;17.3
50;2021-05-12;3180;2438;167643;87433;34.2;17.8
50;2021-05-13;3382;610;171025;88043;34.9;17.9
50;2021-05-14;3572;2278;174597;90321;35.6;18.4
50;2021-05-15;4001;1872;178598;92193;36.4;18.8
50;2021-05-16;947;267;179545;92460;36.6;18.8
50;2021-05-17;2138;1879;181683;94339;37.0;19.2
50;2021-05-18;2522;1621;184205;95960;37.5;19.6
50;2021-05-19;2503;1442;186708;97402;38.1;19.9
50;2021-05-20;3262;1624;189970;99026;38.7;20.2
50;2021-05-21;3158;1913;193128;100939;39.4;20.6
50;2021-05-22;2651;1327;195779;102266;39.9;20.8
50;2021-05-23;603;284;196382;102550;40.0;20.9
50;2021-05-24;1527;490;197909;103040;40.3;21.0
50;2021-05-25;2450;1675;200359;104715;40.8;21.3
50;2021-05-26;3000;1452;203359;106167;41.4;21.6
50;2021-05-27;3032;1973;206391;108140;42.1;22.0
50;2021-05-28;2945;2122;209336;110262;42.7;22.5
50;2021-05-29;2758;1404;212094;111666;43.2;22.8
50;2021-05-30;812;323;212906;111989;43.4;22.8
50;2021-05-31;2652;1817;215558;113806;43.9;23.2
50;2021-06-01;3332;2065;218890;115871;44.6;23.6
50;2021-06-02;3258;1787;222148;117658;45.3;24.0
50;2021-06-03;3915;2062;226063;119720;46.1;24.4
50;2021-06-04;3823;2883;229886;122603;46.9;25.0
50;2021-06-05;2959;1848;232845;124451;47.5;25.4
50;2021-06-06;813;443;233658;124894;47.6;25.5
50;2021-06-07;3513;2085;237171;126979;48.3;25.9
50;2021-06-08;4072;2224;241243;129203;49.2;26.3
50;2021-06-09;4254;1991;245497;131194;50.0;26.7
50;2021-06-10;4195;2118;249692;133312;50.9;27.2
50;2021-06-11;4226;2712;253918;136024;51.7;27.7
50;2021-06-12;3736;1607;257654;137631;52.5;28.0
50;2021-06-13;1143;451;258797;138082;52.7;28.1
50;2021-06-14;2691;2965;261488;141047;53.3;28.7
50;2021-06-15;3020;2600;264508;143647;53.9;29.3
50;2021-06-16;3097;1972;267605;145619;54.5;29.7
50;2021-06-17;2794;2484;270399;148103;55.1;30.2
50;2021-06-18;3241;3047;273640;151150;55.8;30.8
50;2021-06-19;3178;1924;276818;153074;56.4;31.2
50;2021-06-20;731;710;277549;153784;56.6;31.3
50;2021-06-21;1819;3131;279368;156915;56.9;32.0
50;2021-06-22;2063;3393;281431;160308;57.4;32.7
50;2021-06-23;1870;3874;283301;164182;57.7;33.5
50;2021-06-24;1711;4012;285012;168194;58.1;34.3
50;2021-06-25;2135;4007;287147;172201;58.5;35.1
50;2021-06-26;2139;3697;289286;175898;59.0;35.8
50;2021-06-27;612;894;289898;176792;59.1;36.0
50;2021-06-28;1926;3349;291824;180141;59.5;36.7
50;2021-06-29;1882;3402;293706;183543;59.9;37.4
50;2021-06-30;2175;3406;295881;186949;60.3;38.1
50;2021-07-01;1945;3282;297826;190231;60.7;38.8
50;2021-07-02;1896;3929;299722;194160;61.1;39.6
50;2021-07-03;1444;3446;301166;197606;61.4;40.3
50;2021-07-04;445;1067;301611;198673;61.5;40.5
50;2021-07-05;1263;3413;302874;202086;61.7;41.2
50;2021-07-06;1573;3888;304447;205974;62.0;42.0
50;2021-07-07;1796;3622;306243;209596;62.4;42.7
50;2021-07-08;1374;4106;307617;213702;62.7;43.6
50;2021-07-09;1389;4576;309006;218278;63.0;44.5
50;2021-07-10;1020;3605;310026;221883;63.2;45.2
50;2021-07-11;370;1020;310396;222903;63.3;45.4
50;2021-07-12;1311;4633;311707;227536;63.5;46.4
50;2021-07-13;1621;4866;313328;232402;63.9;47.4
50;2021-07-14;1472;2357;314800;234759;64.2;47.8
50;2021-07-15;1680;5055;316480;239814;64.5;48.9
50;2021-07-16;2978;5251;319458;245065;65.1;49.9
50;2021-07-17;2128;3733;321586;248798;65.5;50.7
50;2021-07-18;401;1093;321987;249891;65.6;50.9
50;2021-07-19;1563;5188;323550;255079;65.9;52.0
50;2021-07-20;1921;5419;325471;260498;66.3;53.1
50;2021-07-21;1783;5270;327254;265768;66.7;54.2
50;2021-07-22;1927;5004;329181;270772;67.1;55.2
50;2021-07-23;2055;5393;331236;276165;67.5;56.3
50;2021-07-24;1304;3841;332540;280006;67.8;57.1
50;2021-07-25;267;1040;332807;281046;67.8;57.3
50;2021-07-26;2271;3499;335078;284545;68.3;58.0
50;2021-07-27;2879;3353;337957;287898;68.9;58.7
50;2021-07-28;2967;3694;340924;291592;69.5;59.4
50;2021-07-29;3543;3234;344467;294826;70.2;60.1
50;2021-07-30;3048;3010;347515;297836;70.8;60.7
50;2021-07-31;2380;2669;349895;300505;71.3;61.2
50;2021-08-01;481;684;350376;301189;71.4;61.4
50;2021-08-02;2444;2743;352820;303932;71.9;61.9
50;2021-08-03;3376;2463;356196;306395;72.6;62.4
50;2021-08-04;3575;2324;359771;308719;73.3;62.9
50;2021-08-05;3150;2151;362921;310870;74.0;63.4
50;2021-08-06;3612;2798;366533;313668;74.7;63.9
50;2021-08-07;2429;2159;368962;315827;75.2;64.4
50;2021-08-08;510;714;369472;316541;75.3;64.5
50;2021-08-09;2474;2127;371946;318668;75.8;64.9
50;2021-08-10;2930;1977;374876;320645;76.4;65.3
50;2021-08-11;2811;2010;377687;322655;77.0;65.8
50;2021-08-12;2557;2435;380244;325090;77.5;66.3
51;2020-12-27;0;0;0;0;0.0;0.0
51;2020-12-28;0;0;0;0;0.0;0.0
51;2020-12-29;0;0;0;0;0.0;0.0
51;2020-12-30;0;0;0;0;0.0;0.0
51;2020-12-31;1;0;1;0;0.0;0.0
51;2021-01-01;0;0;1;0;0.0;0.0
51;2021-01-02;0;0;1;0;0.0;0.0
51;2021-01-03;0;0;1;0;0.0;0.0
51;2021-01-04;1;0;2;0;0.0;0.0
51;2021-01-05;1;0;3;0;0.0;0.0
51;2021-01-06;6;0;9;0;0.0;0.0
51;2021-01-07;261;1;270;1;0.0;0.0
51;2021-01-08;506;1;776;2;0.1;0.0
51;2021-01-09;91;0;867;2;0.2;0.0
51;2021-01-10;0;0;867;2;0.2;0.0
51;2021-01-11;545;2;1412;4;0.3;0.0
51;2021-01-12;1538;4;2950;8;0.5;0.0
51;2021-01-13;1288;5;4238;13;0.8;0.0
51;2021-01-14;1470;6;5708;19;1.0;0.0
51;2021-01-15;606;3;6314;22;1.1;0.0
51;2021-01-16;177;1;6491;23;1.2;0.0
51;2021-01-17;102;0;6593;23;1.2;0.0
51;2021-01-18;843;3;7436;26;1.3;0.0
51;2021-01-19;998;4;8434;30;1.5;0.0
51;2021-01-20;945;9;9379;39;1.7;0.0
51;2021-01-21;790;3;10169;42;1.8;0.0
51;2021-01-22;391;2;10560;44;1.9;0.0
51;2021-01-23;294;0;10854;44;1.9;0.0
51;2021-01-24;130;1;10984;45;1.9;0.0
51;2021-01-25;712;3;11696;48;2.1;0.0
51;2021-01-26;779;5;12475;53;2.2;0.0
51;2021-01-27;656;4;13131;57;2.3;0.0
51;2021-01-28;646;70;13777;127;2.4;0.0
51;2021-01-29;472;142;14249;269;2.5;0.0
51;2021-01-30;126;5;14375;274;2.5;0.0
51;2021-01-31;83;0;14458;274;2.6;0.0
51;2021-02-01;275;58;14733;332;2.6;0.1
51;2021-02-02;738;722;15471;1054;2.7;0.2
51;2021-02-03;642;470;16113;1524;2.9;0.3
51;2021-02-04;970;823;17083;2347;3.0;0.4
51;2021-02-05;972;514;18055;2861;3.2;0.5
51;2021-02-06;30;149;18085;3010;3.2;0.5
51;2021-02-07;0;18;18085;3028;3.2;0.5
51;2021-02-08;115;415;18200;3443;3.2;0.6
51;2021-02-09;222;471;18422;3914;3.3;0.7
51;2021-02-10;219;641;18641;4555;3.3;0.8
51;2021-02-11;298;529;18939;5084;3.4;0.9
51;2021-02-12;341;565;19280;5649;3.4;1.0
51;2021-02-13;8;116;19288;5765;3.4;1.0
51;2021-02-14;8;171;19296;5936;3.4;1.1
51;2021-02-15;265;854;19561;6790;3.5;1.2
51;2021-02-16;401;972;19962;7762;3.5;1.4
51;2021-02-17;367;879;20329;8641;3.6;1.5
51;2021-02-18;436;594;20765;9235;3.7;1.6
51;2021-02-19;530;423;21295;9658;3.8;1.7
51;2021-02-20;205;296;21500;9954;3.8;1.8
51;2021-02-21;10;101;21510;10055;3.8;1.8
51;2021-02-22;195;689;21705;10744;3.8;1.9
51;2021-02-23;262;1100;21967;11844;3.9;2.1
51;2021-02-24;413;696;22380;12540;4.0;2.2
51;2021-02-25;1050;888;23430;13428;4.2;2.4
51;2021-02-26;1226;665;24656;14093;4.4;2.5
51;2021-02-27;590;124;25246;14217;4.5;2.5
51;2021-02-28;7;71;25253;14288;4.5;2.5
51;2021-03-01;766;311;26019;14599;4.6;2.6
51;2021-03-02;1125;451;27144;15050;4.8;2.7
51;2021-03-03;1193;465;28337;15515;5.0;2.8
51;2021-03-04;1060;702;29397;16217;5.2;2.9
51;2021-03-05;1559;673;30956;16890;5.5;3.0
51;2021-03-06;1433;56;32389;16946;5.7;3.0
51;2021-03-07;250;5;32639;16951;5.8;3.0
51;2021-03-08;992;98;33631;17049;6.0;3.0
51;2021-03-09;1664;187;35295;17236;6.3;3.1
51;2021-03-10;1994;103;37289;17339;6.6;3.1
51;2021-03-11;2370;167;39659;17506;7.0;3.1
51;2021-03-12;3249;155;42908;17661;7.6;3.1
51;2021-03-13;2550;48;45458;17709;8.1;3.1
51;2021-03-14;190;5;45648;17714;8.1;3.1
51;2021-03-15;1577;147;47225;17861;8.4;3.2
51;2021-03-16;1479;183;48704;18044;8.6;3.2
51;2021-03-17;1496;206;50200;18250;8.9;3.2
51;2021-03-18;1612;282;51812;18532;9.2;3.3
51;2021-03-19;2311;302;54123;18834;9.6;3.3
51;2021-03-20;1660;212;55783;19046;9.9;3.4
51;2021-03-21;133;2;55916;19048;9.9;3.4
51;2021-03-22;1417;121;57333;19169;10.2;3.4
51;2021-03-23;2467;163;59800;19332;10.6;3.4
51;2021-03-24;2840;131;62640;19463;11.1;3.5
51;2021-03-25;3254;334;65894;19797;11.7;3.5
51;2021-03-26;3412;505;69306;20302;12.3;3.6
51;2021-03-27;1843;251;71149;20553;12.6;3.6
51;2021-03-28;213;3;71362;20556;12.7;3.6
51;2021-03-29;991;642;72353;21198;12.8;3.8
51;2021-03-30;1751;857;74104;22055;13.1;3.9
51;2021-03-31;1737;759;75841;22814;13.5;4.0
51;2021-04-01;2281;448;78122;23262;13.9;4.1
51;2021-04-02;2425;639;80547;23901;14.3;4.2
51;2021-04-03;1304;410;81851;24311;14.5;4.3
51;2021-04-04;106;2;81957;24313;14.5;4.3
51;2021-04-05;72;141;82029;24454;14.5;4.3
51;2021-04-06;764;1234;82793;25688;14.7;4.6
51;2021-04-07;1312;1410;84105;27098;14.9;4.8
51;2021-04-08;2206;1771;86311;28869;15.3;5.1
51;2021-04-09;2863;1730;89174;30599;15.8;5.4
51;2021-04-10;2216;498;91390;31097;16.2;5.5
51;2021-04-11;105;85;91495;31182;16.2;5.5
51;2021-04-12;1449;1343;92944;32525;16.5;5.8
51;2021-04-13;1936;1684;94880;34209;16.8;6.1
51;2021-04-14;2460;1554;97340;35763;17.3;6.3
51;2021-04-15;2855;1667;100195;37430;17.8;6.6
51;2021-04-16;3214;1601;103409;39031;18.3;6.9
51;2021-04-17;1966;775;105375;39806;18.7;7.1
51;2021-04-18;296;112;105671;39918;18.7;7.1
51;2021-04-19;1561;1162;107232;41080;19.0;7.3
51;2021-04-20;1793;1662;109025;42742;19.3;7.6
51;2021-04-21;2007;1742;111032;44484;19.7;7.9
51;2021-04-22;2385;1651;113417;46135;20.1;8.2
51;2021-04-23;2980;1828;116397;47963;20.6;8.5
51;2021-04-24;1749;953;118146;48916;21.0;8.7
51;2021-04-25;123;162;118269;49078;21.0;8.7
51;2021-04-26;1849;759;120118;49837;21.3;8.8
51;2021-04-27;2442;1232;122560;51069;21.7;9.1
51;2021-04-28;2551;1307;125111;52376;22.2;9.3
51;2021-04-29;2674;1459;127785;53835;22.7;9.5
51;2021-04-30;2975;1676;130760;55511;23.2;9.8
51;2021-05-01;1454;412;132214;55923;23.4;9.9
51;2021-05-02;107;99;132321;56022;23.5;9.9
51;2021-05-03;2485;762;134806;56784;23.9;10.1
51;2021-05-04;2789;1350;137595;58134;24.4;10.3
51;2021-05-05;2859;1635;140454;59769;24.9;10.6
51;2021-05-06;5344;1946;145798;61715;25.9;10.9
51;2021-05-07;3705;1936;149503;63651;26.5;11.3
51;2021-05-08;2859;820;152362;64471;27.0;11.4
51;2021-05-09;211;91;152573;64562;27.1;11.5
51;2021-05-10;3215;1864;155788;66426;27.6;11.8
51;2021-05-11;3629;2040;159417;68466;28.3;12.1
51;2021-05-12;4184;2241;163601;70707;29.0;12.5
51;2021-05-13;1776;502;165377;71209;29.3;12.6
51;2021-05-14;5403;1748;170780;72957;30.3;12.9
51;2021-05-15;4227;1355;175007;74312;31.0;13.2
51;2021-05-16;284;46;175291;74358;31.1;13.2
51;2021-05-17;3132;1527;178423;75885;31.6;13.5
51;2021-05-18;3917;1772;182340;77657;32.3;13.8
51;2021-05-19;4029;1732;186369;79389;33.1;14.1
51;2021-05-20;4648;1968;191017;81357;33.9;14.4
51;2021-05-21;3595;2481;194612;83838;34.5;14.9
51;2021-05-22;2076;1547;196688;85385;34.9;15.1
51;2021-05-23;307;210;196995;85595;34.9;15.2
51;2021-05-24;2019;720;199014;86315;35.3;15.3
51;2021-05-25;3129;1830;202143;88145;35.9;15.6
51;2021-05-26;3297;1710;205440;89855;36.4;15.9
51;2021-05-27;3268;2062;208708;91917;37.0;16.3
51;2021-05-28;3605;2827;212313;94744;37.7;16.8
51;2021-05-29;2402;1998;214715;96742;38.1;17.2
51;2021-05-30;401;133;215116;96875;38.2;17.2
51;2021-05-31;3351;1785;218467;98660;38.7;17.5
51;2021-06-01;3854;2336;222321;100996;39.4;17.9
51;2021-06-02;6096;2326;228417;103322;40.5;18.3
51;2021-06-03;3581;2430;231998;105752;41.1;18.8
51;2021-06-04;6346;2946;238344;108698;42.3;19.3
51;2021-06-05;2598;1819;240942;110517;42.7;19.6
51;2021-06-06;171;156;241113;110673;42.8;19.6
51;2021-06-07;4301;2167;245414;112840;43.5;20.0
51;2021-06-08;3925;2535;249339;115375;44.2;20.5
51;2021-06-09;4018;2750;253357;118125;44.9;21.0
51;2021-06-10;3202;2485;256559;120610;45.5;21.4
51;2021-06-11;3357;3427;259916;124037;46.1;22.0
51;2021-06-12;2165;2172;262081;126209;46.5;22.4
51;2021-06-13;191;148;262272;126357;46.5;22.4
51;2021-06-14;1626;3337;263898;129694;46.8;23.0
51;2021-06-15;3189;3576;267087;133270;47.4;23.6
51;2021-06-16;2206;3684;269293;136954;47.8;24.3
51;2021-06-17;2609;5405;271902;142359;48.2;25.2
51;2021-06-18;2357;5211;274259;147570;48.6;26.2
51;2021-06-19;1685;4427;275944;151997;48.9;27.0
51;2021-06-20;184;228;276128;152225;49.0;27.0
51;2021-06-21;1230;4440;277358;156665;49.2;27.8
51;2021-06-22;1557;4043;278915;160708;49.5;28.5
51;2021-06-23;3666;4235;282581;164943;50.1;29.3
51;2021-06-24;2245;3228;284826;168171;50.5;29.8
51;2021-06-25;1907;6524;286733;174695;50.9;31.0
51;2021-06-26;1203;5070;287936;179765;51.1;31.9
51;2021-06-27;103;336;288039;180101;51.1;31.9
51;2021-06-28;1400;4412;289439;184513;51.3;32.7
51;2021-06-29;1172;4464;290611;188977;51.5;33.5
51;2021-06-30;1687;6042;292298;195019;51.8;34.6
51;2021-07-01;1976;3766;294274;198785;52.2;35.3
51;2021-07-02;1835;6888;296109;205673;52.5;36.5
51;2021-07-03;1003;3199;297112;208872;52.7;37.0
51;2021-07-04;172;254;297284;209126;52.7;37.1
51;2021-07-05;765;5528;298049;214654;52.9;38.1
51;2021-07-06;1246;4782;299295;219436;53.1;38.9
51;2021-07-07;1612;4938;300907;224374;53.4;39.8
51;2021-07-08;2068;3430;302975;227804;53.7;40.4
51;2021-07-09;1853;5054;304828;232858;54.1;41.3
51;2021-07-10;1230;3209;306058;236067;54.3;41.9
51;2021-07-11;189;280;306247;236347;54.3;41.9
51;2021-07-12;992;4380;307239;240727;54.5;42.7
51;2021-07-13;1474;4776;308713;245503;54.8;43.5
51;2021-07-14;1070;1686;309783;247189;54.9;43.8
51;2021-07-15;2927;4914;312710;252103;55.5;44.7
51;2021-07-16;2356;5285;315066;257388;55.9;45.7
51;2021-07-17;1812;3488;316878;260876;56.2;46.3
51;2021-07-18;163;329;317041;261205;56.2;46.3
51;2021-07-19;1891;3981;318932;265186;56.6;47.0
51;2021-07-20;2576;5150;321508;270336;57.0;47.9
51;2021-07-21;3604;4067;325112;274403;57.7;48.7
51;2021-07-22;4391;3755;329503;278158;58.4;49.3
51;2021-07-23;3621;4384;333124;282542;59.1;50.1
51;2021-07-24;2074;2723;335198;285265;59.5;50.6
51;2021-07-25;349;258;335547;285523;59.5;50.6
51;2021-07-26;3102;2810;338649;288333;60.1;51.1
51;2021-07-27;5809;3262;344458;291595;61.1;51.7
51;2021-07-28;4118;4314;348576;295909;61.8;52.5
51;2021-07-29;4672;2715;353248;298624;62.7;53.0
51;2021-07-30;3599;3151;356847;301775;63.3;53.5
51;2021-07-31;2509;2126;359356;303901;63.7;53.9
51;2021-08-01;373;235;359729;304136;63.8;53.9
51;2021-08-02;3264;2310;362993;306446;64.4;54.4
51;2021-08-03;3762;1907;366755;308353;65.0;54.7
51;2021-08-04;4433;2115;371188;310468;65.8;55.1
51;2021-08-05;2630;1532;373818;312000;66.3;55.3
51;2021-08-06;3031;2535;376849;314535;66.8;55.8
51;2021-08-07;2153;1685;379002;316220;67.2;56.1
51;2021-08-08;364;207;379366;316427;67.3;56.1
51;2021-08-09;2500;1839;381866;318266;67.7;56.4
51;2021-08-10;2357;1972;384223;320238;68.1;56.8
51;2021-08-11;2899;2304;387122;322542;68.7;57.2
51;2021-08-12;1720;1935;388842;324477;69.0;57.5
52;2020-12-27;0;0;0;0;0.0;0.0
52;2020-12-28;0;0;0;0;0.0;0.0
52;2020-12-29;0;0;0;0;0.0;0.0
52;2020-12-30;0;0;0;0;0.0;0.0
52;2020-12-31;0;0;0;0;0.0;0.0
52;2021-01-01;0;0;0;0;0.0;0.0
52;2021-01-02;0;0;0;0;0.0;0.0
52;2021-01-03;0;0;0;0;0.0;0.0
52;2021-01-04;0;0;0;0;0.0;0.0
52;2021-01-05;0;0;0;0;0.0;0.0
52;2021-01-06;2;0;2;0;0.0;0.0
52;2021-01-07;0;0;2;0;0.0;0.0
52;2021-01-08;201;1;203;1;0.1;0.0
52;2021-01-09;93;0;296;1;0.2;0.0
52;2021-01-10;0;0;296;1;0.2;0.0
52;2021-01-11;207;0;503;1;0.3;0.0
52;2021-01-12;171;0;674;1;0.4;0.0
52;2021-01-13;562;2;1236;3;0.7;0.0
52;2021-01-14;677;9;1913;12;1.1;0.0
52;2021-01-15;411;1;2324;13;1.4;0.0
52;2021-01-16;16;1;2340;14;1.4;0.0
52;2021-01-17;0;0;2340;14;1.4;0.0
52;2021-01-18;427;0;2767;14;1.6;0.0
52;2021-01-19;439;0;3206;14;1.9;0.0
52;2021-01-20;420;0;3626;14;2.1;0.0
52;2021-01-21;424;1;4050;15;2.4;0.0
52;2021-01-22;321;1;4371;16;2.6;0.0
52;2021-01-23;72;1;4443;17;2.6;0.0
52;2021-01-24;0;0;4443;17;2.6;0.0
52;2021-01-25;235;0;4678;17;2.8;0.0
52;2021-01-26;306;0;4984;17;2.9;0.0
52;2021-01-27;237;1;5221;18;3.1;0.0
52;2021-01-28;174;4;5395;22;3.2;0.0
52;2021-01-29;74;124;5469;146;3.2;0.1
52;2021-01-30;91;95;5560;241;3.3;0.1
52;2021-01-31;0;0;5560;241;3.3;0.1
52;2021-02-01;117;191;5677;432;3.4;0.3
52;2021-02-02;61;177;5738;609;3.4;0.4
52;2021-02-03;90;416;5828;1025;3.4;0.6
52;2021-02-04;231;595;6059;1620;3.6;1.0
52;2021-02-05;113;505;6172;2125;3.6;1.3
52;2021-02-06;22;0;6194;2125;3.7;1.3
52;2021-02-07;0;1;6194;2126;3.7;1.3
52;2021-02-08;34;207;6228;2333;3.7;1.4
52;2021-02-09;47;216;6275;2549;3.7;1.5
52;2021-02-10;88;191;6363;2740;3.8;1.6
52;2021-02-11;129;147;6492;2887;3.8;1.7
52;2021-02-12;188;130;6680;3017;3.9;1.8
52;2021-02-13;5;1;6685;3018;3.9;1.8
52;2021-02-14;0;16;6685;3034;3.9;1.8
52;2021-02-15;79;277;6764;3311;4.0;2.0
52;2021-02-16;50;357;6814;3668;4.0;2.2
52;2021-02-17;37;315;6851;3983;4.0;2.4
52;2021-02-18;82;281;6933;4264;4.1;2.5
52;2021-02-19;51;193;6984;4457;4.1;2.6
52;2021-02-20;14;111;6998;4568;4.1;2.7
52;2021-02-21;0;0;6998;4568;4.1;2.7
52;2021-02-22;42;384;7040;4952;4.2;2.9
52;2021-02-23;56;279;7096;5231;4.2;3.1
52;2021-02-24;82;247;7178;5478;4.2;3.2
52;2021-02-25;161;236;7339;5714;4.3;3.4
52;2021-02-26;296;182;7635;5896;4.5;3.5
52;2021-02-27;149;49;7784;5945;4.6;3.5
52;2021-02-28;0;0;7784;5945;4.6;3.5
52;2021-03-01;163;14;7947;5959;4.7;3.5
52;2021-03-02;198;50;8145;6009;4.8;3.6
52;2021-03-03;356;35;8501;6044;5.0;3.6
52;2021-03-04;378;58;8879;6102;5.2;3.6
52;2021-03-05;531;52;9410;6154;5.6;3.6
52;2021-03-06;409;35;9819;6189;5.8;3.7
52;2021-03-07;0;0;9819;6189;5.8;3.7
52;2021-03-08;397;110;10216;6299;6.0;3.7
52;2021-03-09;550;106;10766;6405;6.4;3.8
52;2021-03-10;308;109;11074;6514;6.5;3.8
52;2021-03-11;586;35;11660;6549;6.9;3.9
52;2021-03-12;582;67;12242;6616;7.2;3.9
52;2021-03-13;492;6;12734;6622;7.5;3.9
52;2021-03-14;15;3;12749;6625;7.5;3.9
52;2021-03-15;316;25;13065;6650;7.7;3.9
52;2021-03-16;203;15;13268;6665;7.8;3.9
52;2021-03-17;364;13;13632;6678;8.1;3.9
52;2021-03-18;442;8;14074;6686;8.3;4.0
52;2021-03-19;452;54;14526;6740;8.6;4.0
52;2021-03-20;259;11;14785;6751;8.7;4.0
52;2021-03-21;15;1;14800;6752;8.7;4.0
52;2021-03-22;375;49;15175;6801;9.0;4.0
52;2021-03-23;684;89;15859;6890;9.4;4.1
52;2021-03-24;771;69;16630;6959;9.8;4.1
52;2021-03-25;1140;86;17770;7045;10.5;4.2
52;2021-03-26;1035;138;18805;7183;11.1;4.2
52;2021-03-27;476;75;19281;7258;11.4;4.3
52;2021-03-28;53;0;19334;7258;11.4;4.3
52;2021-03-29;506;184;19840;7442;11.7;4.4
52;2021-03-30;868;292;20708;7734;12.2;4.6
52;2021-03-31;956;291;21664;8025;12.8;4.7
52;2021-04-01;1146;180;22810;8205;13.5;4.8
52;2021-04-02;958;103;23768;8308;14.0;4.9
52;2021-04-03;460;3;24228;8311;14.3;4.9
52;2021-04-04;1;1;24229;8312;14.3;4.9
52;2021-04-05;1;0;24230;8312;14.3;4.9
52;2021-04-06;431;294;24661;8606;14.6;5.1
52;2021-04-07;503;450;25164;9056;14.9;5.4
52;2021-04-08;859;210;26023;9266;15.4;5.5
52;2021-04-09;1059;127;27082;9393;16.0;5.5
52;2021-04-10;852;103;27934;9496;16.5;5.6
52;2021-04-11;96;1;28030;9497;16.6;5.6
52;2021-04-12;932;275;28962;9772;17.1;5.8
52;2021-04-13;1249;375;30211;10147;17.8;6.0
52;2021-04-14;1345;456;31556;10603;18.6;6.3
52;2021-04-15;1508;434;33064;11037;19.5;6.5
52;2021-04-16;1573;364;34637;11401;20.5;6.7
52;2021-04-17;1309;130;35946;11531;21.2;6.8
52;2021-04-18;510;29;36456;11560;21.5;6.8
52;2021-04-19;697;611;37153;12171;22.0;7.2
52;2021-04-20;1081;673;38234;12844;22.6;7.6
52;2021-04-21;1060;677;39294;13521;23.2;8.0
52;2021-04-22;1468;732;40762;14253;24.1;8.4
52;2021-04-23;1253;663;42015;14916;24.8;8.8
52;2021-04-24;477;293;42492;15209;25.1;9.0
52;2021-04-25;3;77;42495;15286;25.1;9.0
52;2021-04-26;631;561;43126;15847;25.5;9.4
52;2021-04-27;933;670;44059;16517;26.0;9.8
52;2021-04-28;1441;560;45500;17077;26.9;10.1
52;2021-04-29;1451;578;46951;17655;27.7;10.4
52;2021-04-30;1315;609;48266;18264;28.5;10.8
52;2021-05-01;8;232;48274;18496;28.5;10.9
52;2021-05-02;0;1;48274;18497;28.5;10.9
52;2021-05-03;1160;628;49434;19125;29.2;11.3
52;2021-05-04;1445;720;50879;19845;30.1;11.7
52;2021-05-05;1768;647;52647;20492;31.1;12.1
52;2021-05-06;1962;532;54609;21024;32.3;12.4
52;2021-05-07;1443;1173;56052;22197;33.1;13.1
52;2021-05-08;588;317;56640;22514;33.5;13.3
52;2021-05-09;1;47;56641;22561;33.5;13.3
52;2021-05-10;791;1101;57432;23662;33.9;14.0
52;2021-05-11;867;1396;58299;25058;34.4;14.8
52;2021-05-12;1208;1382;59507;26440;35.2;15.6
52;2021-05-13;67;184;59574;26624;35.2;15.7
52;2021-05-14;1186;1365;60760;27989;35.9;16.5
52;2021-05-15;491;929;61251;28918;36.2;17.1
52;2021-05-16;8;43;61259;28961;36.2;17.1
52;2021-05-17;1144;705;62403;29666;36.9;17.5
52;2021-05-18;1217;675;63620;30341;37.6;17.9
52;2021-05-19;1543;414;65163;30755;38.5;18.2
52;2021-05-20;1546;421;66709;31176;39.4;18.4
52;2021-05-21;1624;613;68333;31789;40.4;18.8
52;2021-05-22;1089;209;69422;31998;41.0;18.9
52;2021-05-23;1;0;69423;31998;41.0;18.9
52;2021-05-24;405;33;69828;32031;41.3;18.9
52;2021-05-25;1351;384;71179;32415;42.1;19.2
52;2021-05-26;1479;672;72658;33087;42.9;19.5
52;2021-05-27;1566;789;74224;33876;43.9;20.0
52;2021-05-28;1493;671;75717;34547;44.7;20.4
52;2021-05-29;696;835;76413;35382;45.1;20.9
52;2021-05-30;16;550;76429;35932;45.2;21.2
52;2021-05-31;824;830;77253;36762;45.6;21.7
52;2021-06-01;957;816;78210;37578;46.2;22.2
52;2021-06-02;895;753;79105;38331;46.7;22.6
52;2021-06-03;825;825;79930;39156;47.2;23.1
52;2021-06-04;884;1341;80814;40497;47.7;23.9
52;2021-06-05;580;638;81394;41135;48.1;24.3
52;2021-06-06;27;55;81421;41190;48.1;24.3
52;2021-06-07;359;931;81780;42121;48.3;24.9
52;2021-06-08;555;1468;82335;43589;48.6;25.8
52;2021-06-09;612;1474;82947;45063;49.0;26.6
52;2021-06-10;793;1159;83740;46222;49.5;27.3
52;2021-06-11;830;1349;84570;47571;50.0;28.1
52;2021-06-12;422;586;84992;48157;50.2;28.5
52;2021-06-13;1;6;84993;48163;50.2;28.5
52;2021-06-14;172;1413;85165;49576;50.3;29.3
52;2021-06-15;221;1810;85386;51386;50.4;30.4
52;2021-06-16;354;1994;85740;53380;50.7;31.5
52;2021-06-17;265;1156;86005;54536;50.8;32.2
52;2021-06-18;308;1553;86313;56089;51.0;33.1
52;2021-06-19;502;690;86815;56779;51.3;33.5
52;2021-06-20;0;17;86815;56796;51.3;33.6
52;2021-06-21;524;897;87339;57693;51.6;34.1
52;2021-06-22;503;1049;87842;58742;51.9;34.7
52;2021-06-23;562;1042;88404;59784;52.2;35.3
52;2021-06-24;609;717;89013;60501;52.6;35.7
52;2021-06-25;661;1313;89674;61814;53.0;36.5
52;2021-06-26;264;721;89938;62535;53.1;36.9
52;2021-06-27;1;8;89939;62543;53.1;37.0
52;2021-06-28;185;1443;90124;63986;53.2;37.8
52;2021-06-29;163;1414;90287;65400;53.3;38.6
52;2021-06-30;218;1467;90505;66867;53.5;39.5
52;2021-07-01;319;1022;90824;67889;53.7;40.1
52;2021-07-02;430;1454;91254;69343;53.9;41.0
52;2021-07-03;302;1147;91556;70490;54.1;41.6
52;2021-07-04;0;11;91556;70501;54.1;41.7
52;2021-07-05;173;1449;91729;71950;54.2;42.5
52;2021-07-06;284;1449;92013;73399;54.4;43.4
52;2021-07-07;306;1164;92319;74563;54.5;44.1
52;2021-07-08;471;1163;92790;75726;54.8;44.7
52;2021-07-09;287;1619;93077;77345;55.0;45.7
52;2021-07-10;154;822;93231;78167;55.1;46.2
52;2021-07-11;12;12;93243;78179;55.1;46.2
52;2021-07-12;282;1465;93525;79644;55.3;47.1
52;2021-07-13;590;1371;94115;81015;55.6;47.9
52;2021-07-14;436;152;94551;81167;55.9;48.0
52;2021-07-15;614;1429;95165;82596;56.2;48.8
52;2021-07-16;897;1337;96062;83933;56.8;49.6
52;2021-07-17;527;342;96589;84275;57.1;49.8
52;2021-07-18;3;12;96592;84287;57.1;49.8
52;2021-07-19;683;985;97275;85272;57.5;50.4
52;2021-07-20;1104;835;98379;86107;58.1;50.9
52;2021-07-21;1155;738;99534;86845;58.8;51.3
52;2021-07-22;1430;861;100964;87706;59.7;51.8
52;2021-07-23;1383;958;102347;88664;60.5;52.4
52;2021-07-24;872;487;103219;89151;61.0;52.7
52;2021-07-25;20;21;103239;89172;61.0;52.7
52;2021-07-26;995;615;104234;89787;61.6;53.0
52;2021-07-27;1325;654;105559;90441;62.4;53.4
52;2021-07-28;1373;640;106932;91081;63.2;53.8
52;2021-07-29;1243;618;108175;91699;63.9;54.2
52;2021-07-30;1350;707;109525;92406;64.7;54.6
52;2021-07-31;870;544;110395;92950;65.2;54.9
52;2021-08-01;5;14;110400;92964;65.2;54.9
52;2021-08-02;1172;562;111572;93526;65.9;55.3
52;2021-08-03;1348;534;112920;94060;66.7;55.6
52;2021-08-04;1139;579;114059;94639;67.4;55.9
52;2021-08-05;1012;576;115071;95215;68.0;56.3
52;2021-08-06;1050;700;116121;95915;68.6;56.7
52;2021-08-07;517;420;116638;96335;68.9;56.9
52;2021-08-08;0;6;116638;96341;68.9;56.9
52;2021-08-09;458;870;117096;97211;69.2;57.4
52;2021-08-10;708;747;117804;97958;69.6;57.9
52;2021-08-11;523;835;118327;98793;69.9;58.4
52;2021-08-12;578;742;118905;99535;70.3;58.8
53;2020-12-27;0;0;0;0;0.0;0.0
53;2020-12-28;0;0;0;0;0.0;0.0
53;2020-12-29;0;0;0;0;0.0;0.0
53;2020-12-30;0;0;0;0;0.0;0.0
53;2020-12-31;0;0;0;0;0.0;0.0
53;2021-01-01;0;0;0;0;0.0;0.0
53;2021-01-02;0;0;0;0;0.0;0.0
53;2021-01-03;0;0;0;0;0.0;0.0
53;2021-01-04;1;0;1;0;0.0;0.0
53;2021-01-05;0;0;1;0;0.0;0.0
53;2021-01-06;0;0;1;0;0.0;0.0
53;2021-01-07;102;0;103;0;0.0;0.0
53;2021-01-08;284;1;387;1;0.1;0.0
53;2021-01-09;134;1;521;2;0.2;0.0
53;2021-01-10;15;0;536;2;0.2;0.0
53;2021-01-11;176;0;712;2;0.2;0.0
53;2021-01-12;453;1;1165;3;0.4;0.0
53;2021-01-13;253;0;1418;3;0.5;0.0
53;2021-01-14;289;7;1707;10;0.6;0.0
53;2021-01-15;343;4;2050;14;0.7;0.0
53;2021-01-16;61;0;2111;14;0.7;0.0
53;2021-01-17;24;1;2135;15;0.7;0.0
53;2021-01-18;364;0;2499;15;0.8;0.0
53;2021-01-19;594;0;3093;15;1.0;0.0
53;2021-01-20;742;0;3835;15;1.3;0.0
53;2021-01-21;769;2;4604;17;1.5;0.0
53;2021-01-22;705;2;5309;19;1.7;0.0
53;2021-01-23;160;1;5469;20;1.8;0.0
53;2021-01-24;6;0;5475;20;1.8;0.0
53;2021-01-25;550;0;6025;20;2.0;0.0
53;2021-01-26;1198;6;7223;26;2.4;0.0
53;2021-01-27;696;6;7919;32;2.6;0.0
53;2021-01-28;737;95;8656;127;2.8;0.0
53;2021-01-29;422;187;9078;314;3.0;0.1
53;2021-01-30;128;0;9206;314;3.0;0.1
53;2021-01-31;0;0;9206;314;3.0;0.1
53;2021-02-01;298;149;9504;463;3.1;0.2
53;2021-02-02;309;231;9813;694;3.2;0.2
53;2021-02-03;227;377;10040;1071;3.3;0.4
53;2021-02-04;184;332;10224;1403;3.3;0.5
53;2021-02-05;234;303;10458;1706;3.4;0.6
53;2021-02-06;152;23;10610;1729;3.5;0.6
53;2021-02-07;0;0;10610;1729;3.5;0.6
53;2021-02-08;168;107;10778;1836;3.5;0.6
53;2021-02-09;369;215;11147;2051;3.7;0.7
53;2021-02-10;266;435;11413;2486;3.7;0.8
53;2021-02-11;433;491;11846;2977;3.9;1.0
53;2021-02-12;318;574;12164;3551;4.0;1.2
53;2021-02-13;96;66;12260;3617;4.0;1.2
53;2021-02-14;0;99;12260;3716;4.0;1.2
53;2021-02-15;239;431;12499;4147;4.1;1.4
53;2021-02-16;528;844;13027;4991;4.3;1.6
53;2021-02-17;391;618;13418;5609;4.4;1.8
53;2021-02-18;546;578;13964;6187;4.6;2.0
53;2021-02-19;895;423;14859;6610;4.9;2.2
53;2021-02-20;139;113;14998;6723;4.9;2.2
53;2021-02-21;1;20;14999;6743;4.9;2.2
53;2021-02-22;161;585;15160;7328;5.0;2.4
53;2021-02-23;59;657;15219;7985;5.0;2.6
53;2021-02-24;137;517;15356;8502;5.0;2.8
53;2021-02-25;457;359;15813;8861;5.2;2.9
53;2021-02-26;439;263;16252;9124;5.3;3.0
53;2021-02-27;86;115;16338;9239;5.4;3.0
53;2021-02-28;0;0;16338;9239;5.4;3.0
53;2021-03-01;230;281;16568;9520;5.4;3.1
53;2021-03-02;246;254;16814;9774;5.5;3.2
53;2021-03-03;320;393;17134;10167;5.6;3.3
53;2021-03-04;859;338;17993;10505;5.9;3.4
53;2021-03-05;659;280;18652;10785;6.1;3.5
53;2021-03-06;445;213;19097;10998;6.3;3.6
53;2021-03-07;276;5;19373;11003;6.3;3.6
53;2021-03-08;376;181;19749;11184;6.5;3.7
53;2021-03-09;878;245;20627;11429;6.8;3.7
53;2021-03-10;807;108;21434;11537;7.0;3.8
53;2021-03-11;1247;223;22681;11760;7.4;3.9
53;2021-03-12;1603;145;24284;11905;8.0;3.9
53;2021-03-13;824;12;25108;11917;8.2;3.9
53;2021-03-14;1;0;25109;11917;8.2;3.9
53;2021-03-15;1002;298;26111;12215;8.6;4.0
53;2021-03-16;1035;327;27146;12542;8.9;4.1
53;2021-03-17;683;259;27829;12801;9.1;4.2
53;2021-03-18;972;341;28801;13142;9.4;4.3
53;2021-03-19;1343;596;30144;13738;9.9;4.5
53;2021-03-20;592;15;30736;13753;10.1;4.5
53;2021-03-21;2;0;30738;13753;10.1;4.5
53;2021-03-22;1209;155;31947;13908;10.5;4.6
53;2021-03-23;1696;65;33643;13973;11.0;4.6
53;2021-03-24;1323;116;34966;14089;11.5;4.6
53;2021-03-25;2323;230;37289;14319;12.2;4.7
53;2021-03-26;1882;151;39171;14470;12.8;4.7
53;2021-03-27;339;3;39510;14473;12.9;4.7
53;2021-03-28;2;0;39512;14473;12.9;4.7
53;2021-03-29;1474;212;40986;14685;13.4;4.8
53;2021-03-30;1944;198;42930;14883;14.1;4.9
53;2021-03-31;1791;219;44721;15102;14.6;4.9
53;2021-04-01;1946;673;46667;15775;15.3;5.2
53;2021-04-02;2075;222;48742;15997;16.0;5.2
53;2021-04-03;414;1;49156;15998;16.1;5.2
53;2021-04-04;10;0;49166;15998;16.1;5.2
53;2021-04-05;9;15;49175;16013;16.1;5.2
53;2021-04-06;1304;500;50479;16513;16.5;5.4
53;2021-04-07;1176;922;51655;17435;16.9;5.7
53;2021-04-08;1662;1006;53317;18441;17.5;6.0
53;2021-04-09;1957;400;55274;18841;18.1;6.2
53;2021-04-10;543;12;55817;18853;18.3;6.2
53;2021-04-11;12;0;55829;18853;18.3;6.2
53;2021-04-12;695;1066;56524;19919;18.5;6.5
53;2021-04-13;1472;1105;57996;21024;19.0;6.9
53;2021-04-14;1023;732;59019;21756;19.3;7.1
53;2021-04-15;1159;1108;60178;22864;19.7;7.5
53;2021-04-16;1272;815;61450;23679;20.1;7.8
53;2021-04-17;281;274;61731;23953;20.2;7.8
53;2021-04-18;0;0;61731;23953;20.2;7.8
53;2021-04-19;680;1068;62411;25021;20.4;8.2
53;2021-04-20;936;1450;63347;26471;20.7;8.7
53;2021-04-21;850;1011;64197;27482;21.0;9.0
53;2021-04-22;1046;1610;65243;29092;21.4;9.5
53;2021-04-23;1329;1054;66572;30146;21.8;9.9
53;2021-04-24;68;7;66640;30153;21.8;9.9
53;2021-04-25;6;39;66646;30192;21.8;9.9
53;2021-04-26;368;1238;67014;31430;21.9;10.3
53;2021-04-27;724;1971;67738;33401;22.2;10.9
53;2021-04-28;978;1392;68716;34793;22.5;11.4
53;2021-04-29;1051;1713;69767;36506;22.8;12.0
53;2021-04-30;1367;1311;71134;37817;23.3;12.4
53;2021-05-01;35;50;71169;37867;23.3;12.4
53;2021-05-02;0;0;71169;37867;23.3;12.4
53;2021-05-03;1570;704;72739;38571;23.8;12.6
53;2021-05-04;1305;1442;74044;40013;24.2;13.1
53;2021-05-05;1611;826;75655;40839;24.8;13.4
53;2021-05-06;1392;1394;77047;42233;25.2;13.8
53;2021-05-07;1537;1302;78584;43535;25.7;14.3
53;2021-05-08;939;36;79523;43571;26.0;14.3
53;2021-05-09;11;2;79534;43573;26.0;14.3
53;2021-05-10;2416;812;81950;44385;26.8;14.5
53;2021-05-11;3096;1287;85046;45672;27.9;15.0
53;2021-05-12;2750;1089;87796;46761;28.8;15.3
53;2021-05-13;350;28;88146;46789;28.9;15.3
53;2021-05-14;2020;677;90166;47466;29.5;15.5
53;2021-05-15;1058;62;91224;47528;29.9;15.6
53;2021-05-16;3;0;91227;47528;29.9;15.6
53;2021-05-17;1701;1197;92928;48725;30.4;16.0
53;2021-05-18;1881;1547;94809;50272;31.0;16.5
53;2021-05-19;2303;744;97112;51016;31.8;16.7
53;2021-05-20;3217;860;100329;51876;32.9;17.0
53;2021-05-21;2797;827;103126;52703;33.8;17.3
53;2021-05-22;21;60;103147;52763;33.8;17.3
53;2021-05-23;0;0;103147;52763;33.8;17.3
53;2021-05-24;8;6;103155;52769;33.8;17.3
53;2021-05-25;1818;803;104973;53572;34.4;17.5
53;2021-05-26;1852;904;106825;54476;35.0;17.8
53;2021-05-27;3072;1076;109897;55552;36.0;18.2
53;2021-05-28;2562;878;112459;56430;36.8;18.5
53;2021-05-29;844;244;113303;56674;37.1;18.6
53;2021-05-30;18;6;113321;56680;37.1;18.6
53;2021-05-31;2564;802;115885;57482;37.9;18.8
53;2021-06-01;3491;1258;119376;58740;39.1;19.2
53;2021-06-02;3183;523;122559;59263;40.1;19.4
53;2021-06-03;4197;783;126756;60046;41.5;19.7
53;2021-06-04;3180;1266;129936;61312;42.6;20.1
53;2021-06-05;137;245;130073;61557;42.6;20.2
53;2021-06-06;1;4;130074;61561;42.6;20.2
53;2021-06-07;2629;923;132703;62484;43.5;20.5
53;2021-06-08;3584;1125;136287;63609;44.6;20.8
53;2021-06-09;2453;940;138740;64549;45.4;21.1
53;2021-06-10;3521;848;142261;65397;46.6;21.4
53;2021-06-11;2966;1212;145227;66609;47.6;21.8
53;2021-06-12;108;138;145335;66747;47.6;21.9
53;2021-06-13;10;2;145345;66749;47.6;21.9
53;2021-06-14;1600;1790;146945;68539;48.1;22.4
53;2021-06-15;1898;2263;148843;70802;48.7;23.2
53;2021-06-16;1826;1730;150669;72532;49.3;23.8
53;2021-06-17;3013;1650;153682;74182;50.3;24.3
53;2021-06-18;2703;1810;156385;75992;51.2;24.9
53;2021-06-19;762;1166;157147;77158;51.5;25.3
53;2021-06-20;3;479;157150;77637;51.5;25.4
53;2021-06-21;919;2526;158069;80163;51.8;26.3
53;2021-06-22;1299;3455;159368;83618;52.2;27.4
53;2021-06-23;1362;2892;160730;86510;52.6;28.3
53;2021-06-24;1802;2033;162532;88543;53.2;29.0
53;2021-06-25;1785;2044;164317;90587;53.8;29.7
53;2021-06-26;977;350;165294;90937;54.1;29.8
53;2021-06-27;8;8;165302;90945;54.1;29.8
53;2021-06-28;662;2899;165964;93844;54.3;30.7
53;2021-06-29;858;3649;166822;97493;54.6;31.9
53;2021-06-30;748;1517;167570;99010;54.9;32.4
53;2021-07-01;1506;2634;169076;101644;55.4;33.3
53;2021-07-02;1489;2023;170565;103667;55.9;33.9
53;2021-07-03;857;571;171422;104238;56.1;34.1
53;2021-07-04;0;4;171422;104242;56.1;34.1
53;2021-07-05;532;2060;171954;106302;56.3;34.8
53;2021-07-06;854;3615;172808;109917;56.6;36.0
53;2021-07-07;1023;2653;173831;112570;56.9;36.9
53;2021-07-08;1309;3116;175140;115686;57.4;37.9
53;2021-07-09;1114;3393;176254;119079;57.7;39.0
53;2021-07-10;422;999;176676;120078;57.9;39.3
53;2021-07-11;12;20;176688;120098;57.9;39.3
53;2021-07-12;502;3709;177190;123807;58.0;40.5
53;2021-07-13;893;4764;178083;128571;58.3;42.1
53;2021-07-14;104;284;178187;128855;58.4;42.2
53;2021-07-15;1111;4352;179298;133207;58.7;43.6
53;2021-07-16;1247;3848;180545;137055;59.1;44.9
53;2021-07-17;1315;299;181860;137354;59.6;45.0
53;2021-07-18;27;20;181887;137374;59.6;45.0
53;2021-07-19;733;3435;182620;140809;59.8;46.1
53;2021-07-20;976;4129;183596;144938;60.1;47.5
53;2021-07-21;683;3278;184279;148216;60.3;48.5
53;2021-07-22;1510;3525;185789;151741;60.8;49.7
53;2021-07-23;1600;3761;187389;155502;61.4;50.9
53;2021-07-24;953;280;188342;155782;61.7;51.0
53;2021-07-25;60;25;188402;155807;61.7;51.0
53;2021-07-26;1721;1940;190123;157747;62.3;51.7
53;2021-07-27;2347;2827;192470;160574;63.0;52.6
53;2021-07-28;2135;2817;194605;163391;63.7;53.5
53;2021-07-29;2485;2544;197090;165935;64.5;54.3
53;2021-07-30;1822;2651;198912;168586;65.1;55.2
53;2021-07-31;626;232;199538;168818;65.3;55.3
53;2021-08-01;37;25;199575;168843;65.4;55.3
53;2021-08-02;2079;1729;201654;170572;66.0;55.9
53;2021-08-03;2406;1904;204060;172476;66.8;56.5
53;2021-08-04;2467;1850;206527;174326;67.6;57.1
53;2021-08-05;2859;1534;209386;175860;68.6;57.6
53;2021-08-06;2509;1708;211895;177568;69.4;58.1
53;2021-08-07;479;270;212374;177838;69.5;58.2
53;2021-08-08;6;19;212380;177857;69.5;58.2
53;2021-08-09;1836;1644;214216;179501;70.2;58.8
53;2021-08-10;2316;1744;216532;181245;70.9;59.4
53;2021-08-11;1676;858;218208;182103;71.5;59.6
53;2021-08-12;1997;977;220205;183080;72.1;60.0
54;2020-12-27;0;0;0;0;0.0;0.0
54;2020-12-28;1;0;1;0;0.0;0.0
54;2020-12-29;0;0;1;0;0.0;0.0
54;2020-12-30;0;0;1;0;0.0;0.0
54;2020-12-31;10;0;11;0;0.0;0.0
54;2021-01-01;0;0;11;0;0.0;0.0
54;2021-01-02;0;0;11;0;0.0;0.0
54;2021-01-03;1;0;12;0;0.0;0.0
54;2021-01-04;163;0;175;0;0.0;0.0
54;2021-01-05;395;0;570;0;0.1;0.0
54;2021-01-06;648;1;1218;1;0.2;0.0
54;2021-01-07;817;2;2035;3;0.3;0.0
54;2021-01-08;706;3;2741;6;0.4;0.0
54;2021-01-09;81;0;2822;6;0.4;0.0
54;2021-01-10;78;0;2900;6;0.4;0.0
54;2021-01-11;974;3;3874;9;0.5;0.0
54;2021-01-12;1180;1;5054;10;0.7;0.0
54;2021-01-13;2423;9;7477;19;1.0;0.0
54;2021-01-14;3397;32;10874;51;1.5;0.0
54;2021-01-15;2716;13;13590;64;1.9;0.0
54;2021-01-16;815;3;14405;67;2.0;0.0
54;2021-01-17;210;0;14615;67;2.0;0.0
54;2021-01-18;1556;6;16171;73;2.2;0.0
54;2021-01-19;1702;0;17873;73;2.4;0.0
54;2021-01-20;1523;4;19396;77;2.7;0.0
54;2021-01-21;1341;4;20737;81;2.8;0.0
54;2021-01-22;1091;8;21828;89;3.0;0.0
54;2021-01-23;478;1;22306;90;3.1;0.0
54;2021-01-24;66;0;22372;90;3.1;0.0
54;2021-01-25;940;30;23312;120;3.2;0.0
54;2021-01-26;142;5;23454;125;3.2;0.0
54;2021-01-27;12;172;23466;297;3.2;0.0
54;2021-01-28;32;235;23498;532;3.2;0.1
54;2021-01-29;18;279;23516;811;3.2;0.1
54;2021-01-30;6;0;23522;811;3.2;0.1
54;2021-01-31;1;0;23523;811;3.2;0.1
54;2021-02-01;13;787;23536;1598;3.2;0.2
54;2021-02-02;23;970;23559;2568;3.2;0.4
54;2021-02-03;364;1532;23923;4100;3.3;0.6
54;2021-02-04;737;2453;24660;6553;3.4;0.9
54;2021-02-05;796;1894;25456;8447;3.5;1.2
54;2021-02-06;203;338;25659;8785;3.5;1.2
54;2021-02-07;4;126;25663;8911;3.5;1.2
54;2021-02-08;117;998;25780;9909;3.5;1.4
54;2021-02-09;304;1069;26084;10978;3.6;1.5
54;2021-02-10;385;798;26469;11776;3.6;1.6
54;2021-02-11;293;820;26762;12596;3.7;1.7
54;2021-02-12;449;1300;27211;13896;3.7;1.9
54;2021-02-13;147;236;27358;14132;3.7;1.9
54;2021-02-14;9;11;27367;14143;3.7;1.9
54;2021-02-15;432;1137;27799;15280;3.8;2.1
54;2021-02-16;401;1222;28200;16502;3.9;2.3
54;2021-02-17;518;961;28718;17463;3.9;2.4
54;2021-02-18;594;782;29312;18245;4.0;2.5
54;2021-02-19;520;778;29832;19023;4.1;2.6
54;2021-02-20;33;284;29865;19307;4.1;2.6
54;2021-02-21;3;25;29868;19332;4.1;2.6
54;2021-02-22;485;604;30353;19936;4.2;2.7
54;2021-02-23;679;558;31032;20494;4.2;2.8
54;2021-02-24;727;353;31759;20847;4.3;2.9
54;2021-02-25;1475;723;33234;21570;4.6;3.0
54;2021-02-26;1772;790;35006;22360;4.8;3.1
54;2021-02-27;699;109;35705;22469;4.9;3.1
54;2021-02-28;11;28;35716;22497;4.9;3.1
54;2021-03-01;649;218;36365;22715;5.0;3.1
54;2021-03-02;1505;142;37870;22857;5.2;3.1
54;2021-03-03;1762;59;39632;22916;5.4;3.1
54;2021-03-04;2025;98;41657;23014;5.7;3.2
54;2021-03-05;2797;140;44454;23154;6.1;3.2
54;2021-03-06;4044;107;48498;23261;6.6;3.2
54;2021-03-07;2625;69;51123;23330;7.0;3.2
54;2021-03-08;1336;63;52459;23393;7.2;3.2
54;2021-03-09;2649;103;55108;23496;7.5;3.2
54;2021-03-10;3198;109;58306;23605;8.0;3.2
54;2021-03-11;3394;99;61700;23704;8.4;3.2
54;2021-03-12;4981;183;66681;23887;9.1;3.3
54;2021-03-13;4204;118;70885;24005;9.7;3.3
54;2021-03-14;543;39;71428;24044;9.8;3.3
54;2021-03-15;1718;102;73146;24146;10.0;3.3
54;2021-03-16;1735;176;74881;24322;10.3;3.3
54;2021-03-17;2082;150;76963;24472;10.5;3.4
54;2021-03-18;2059;169;79022;24641;10.8;3.4
54;2021-03-19;3319;266;82341;24907;11.3;3.4
54;2021-03-20;2305;76;84646;24983;11.6;3.4
54;2021-03-21;295;15;84941;24998;11.6;3.4
54;2021-03-22;1034;334;85975;25332;11.8;3.5
54;2021-03-23;1936;520;87911;25852;12.0;3.5
54;2021-03-24;2195;714;90106;26566;12.3;3.6
54;2021-03-25;3176;728;93282;27294;12.8;3.7
54;2021-03-26;3515;821;96797;28115;13.3;3.8
54;2021-03-27;2417;286;99214;28401;13.6;3.9
54;2021-03-28;278;5;99492;28406;13.6;3.9
54;2021-03-29;1668;386;101160;28792;13.8;3.9
54;2021-03-30;2557;980;103717;29772;14.2;4.1
54;2021-03-31;2598;1146;106315;30918;14.6;4.2
54;2021-04-01;3235;1277;109550;32195;15.0;4.4
54;2021-04-02;2969;1682;112519;33877;15.4;4.6
54;2021-04-03;1260;1312;113779;35189;15.6;4.8
54;2021-04-04;136;421;113915;35610;15.6;4.9
54;2021-04-05;145;575;114060;36185;15.6;5.0
54;2021-04-06;1267;1663;115327;37848;15.8;5.2
54;2021-04-07;926;2269;116253;40117;15.9;5.5
54;2021-04-08;2305;2446;118558;42563;16.2;5.8
54;2021-04-09;4120;3156;122678;45719;16.8;6.3
54;2021-04-10;3208;1674;125886;47393;17.2;6.5
54;2021-04-11;206;1001;126092;48394;17.3;6.6
54;2021-04-12;2196;1538;128288;49932;17.6;6.8
54;2021-04-13;3002;1973;131290;51905;18.0;7.1
54;2021-04-14;3257;1866;134547;53771;18.4;7.4
54;2021-04-15;2882;2295;137429;56066;18.8;7.7
54;2021-04-16;3139;2597;140568;58663;19.2;8.0
54;2021-04-17;3472;1490;144040;60153;19.7;8.2
54;2021-04-18;63;245;144103;60398;19.7;8.3
54;2021-04-19;2461;1080;146564;61478;20.1;8.4
54;2021-04-20;3012;1247;149576;62725;20.5;8.6
54;2021-04-21;4401;1625;153977;64350;21.1;8.8
54;2021-04-22;3722;2381;157699;66731;21.6;9.1
54;2021-04-23;3867;2070;161566;68801;22.1;9.4
54;2021-04-24;2346;1037;163912;69838;22.4;9.6
54;2021-04-25;284;276;164196;70114;22.5;9.6
54;2021-04-26;2304;1271;166500;71385;22.8;9.8
54;2021-04-27;3288;1432;169788;72817;23.2;10.0
54;2021-04-28;2975;1948;172763;74765;23.7;10.2
54;2021-04-29;3793;2079;176556;76844;24.2;10.5
54;2021-04-30;4490;1958;181046;78802;24.8;10.8
54;2021-05-01;2263;804;183309;79606;25.1;10.9
54;2021-05-02;229;68;183538;79674;25.1;10.9
54;2021-05-03;3093;939;186631;80613;25.6;11.0
54;2021-05-04;3518;1446;190149;82059;26.0;11.2
54;2021-05-05;4893;1402;195042;83461;26.7;11.4
54;2021-05-06;4438;2799;199480;86260;27.3;11.8
54;2021-05-07;4825;3408;204305;89668;28.0;12.3
54;2021-05-08;2028;639;206333;90307;28.2;12.4
54;2021-05-09;375;134;206708;90441;28.3;12.4
54;2021-05-10;3206;2239;209914;92680;28.7;12.7
54;2021-05-11;5487;2933;215401;95613;29.5;13.1
54;2021-05-12;4146;3388;219547;99001;30.1;13.6
54;2021-05-13;2643;486;222190;99487;30.4;13.6
54;2021-05-14;6884;1988;229074;101475;31.4;13.9
54;2021-05-15;5478;1311;234552;102786;32.1;14.1
54;2021-05-16;946;109;235498;102895;32.2;14.1
54;2021-05-17;3792;819;239290;103714;32.8;14.2
54;2021-05-18;3286;1101;242576;104815;33.2;14.4
54;2021-05-19;3466;1513;246042;106328;33.7;14.6
54;2021-05-20;4537;1618;250579;107946;34.3;14.8
54;2021-05-21;6741;2502;257320;110448;35.2;15.1
54;2021-05-22;5647;1364;262967;111812;36.0;15.3
54;2021-05-23;504;54;263471;111866;36.1;15.3
54;2021-05-24;1444;342;264915;112208;36.3;15.4
54;2021-05-25;4174;1536;269089;113744;36.8;15.6
54;2021-05-26;3535;2216;272624;115960;37.3;15.9
54;2021-05-27;4180;2435;276804;118395;37.9;16.2
54;2021-05-28;4966;3562;281770;121957;38.6;16.7
54;2021-05-29;3843;3983;285613;125940;39.1;17.2
54;2021-05-30;127;83;285740;126023;39.1;17.3
54;2021-05-31;2936;3064;288676;129087;39.5;17.7
54;2021-06-01;2620;4202;291296;133289;39.9;18.2
54;2021-06-02;2164;4088;293460;137377;40.2;18.8
54;2021-06-03;3144;5658;296604;143035;40.6;19.6
54;2021-06-04;5088;5480;301692;148515;41.3;20.3
54;2021-06-05;2343;3287;304035;151802;41.6;20.8
54;2021-06-06;70;236;304105;152038;41.6;20.8
54;2021-06-07;3707;2932;307812;154970;42.1;21.2
54;2021-06-08;4541;4270;312353;159240;42.8;21.8
54;2021-06-09;5991;3307;318344;162547;43.6;22.3
54;2021-06-10;5296;4437;323640;166984;44.3;22.9
54;2021-06-11;5013;4909;328653;171893;45.0;23.5
54;2021-06-12;4234;3225;332887;175118;45.6;24.0
54;2021-06-13;54;210;332941;175328;45.6;24.0
54;2021-06-14;2330;3592;335271;178920;45.9;24.5
54;2021-06-15;2824;4733;338095;183653;46.3;25.1
54;2021-06-16;3486;5642;341581;189295;46.8;25.9
54;2021-06-17;3138;5218;344719;194513;47.2;26.6
54;2021-06-18;4147;6234;348866;200747;47.8;27.5
54;2021-06-19;2642;3123;351508;203870;48.1;27.9
54;2021-06-20;102;338;351610;204208;48.1;28.0
54;2021-06-21;2555;4759;354165;208967;48.5;28.6
54;2021-06-22;2045;6223;356210;215190;48.8;29.5
54;2021-06-23;2242;5594;358452;220784;49.1;30.2
54;2021-06-24;2091;3460;360543;224244;49.4;30.7
54;2021-06-25;2199;7042;362742;231286;49.7;31.7
54;2021-06-26;2384;5661;365126;236947;50.0;32.4
54;2021-06-27;134;607;365260;237554;50.0;32.5
54;2021-06-28;1958;4344;367218;241898;50.3;33.1
54;2021-06-29;1939;5206;369157;247104;50.5;33.8
54;2021-06-30;1982;5118;371139;252222;50.8;34.5
54;2021-07-01;2131;5979;373270;258201;51.1;35.4
54;2021-07-02;2816;7553;376086;265754;51.5;36.4
54;2021-07-03;2830;4084;378916;269838;51.9;36.9
54;2021-07-04;195;498;379111;270336;51.9;37.0
54;2021-07-05;1667;4250;380778;274586;52.1;37.6
54;2021-07-06;2010;5067;382788;279653;52.4;38.3
54;2021-07-07;1877;4834;384665;284487;52.7;38.9
54;2021-07-08;1677;4109;386342;288596;52.9;39.5
54;2021-07-09;3190;6016;389532;294612;53.3;40.3
54;2021-07-10;2538;4366;392070;298978;53.7;40.9
54;2021-07-11;9;103;392079;299081;53.7;40.9
54;2021-07-12;2089;4668;394168;303749;54.0;41.6
54;2021-07-13;2601;4966;396769;308715;54.3;42.3
54;2021-07-14;1518;1500;398287;310215;54.5;42.5
54;2021-07-15;3169;4832;401456;315047;55.0;43.1
54;2021-07-16;4650;6226;406106;321273;55.6;44.0
54;2021-07-17;3995;4768;410101;326041;56.1;44.6
54;2021-07-18;1797;1675;411898;327716;56.4;44.9
54;2021-07-19;2550;4040;414448;331756;56.7;45.4
54;2021-07-20;2884;4812;417332;336568;57.1;46.1
54;2021-07-21;3110;6333;420442;342901;57.6;46.9
54;2021-07-22;3235;5726;423677;348627;58.0;47.7
54;2021-07-23;3922;7017;427599;355644;58.5;48.7
54;2021-07-24;2902;5320;430501;360964;58.9;49.4
54;2021-07-25;69;50;430570;361014;59.0;49.4
54;2021-07-26;2939;4164;433509;365178;59.4;50.0
54;2021-07-27;3663;4007;437172;369185;59.9;50.5
54;2021-07-28;5096;3845;442268;373030;60.6;51.1
54;2021-07-29;5089;3203;447357;376233;61.2;51.5
54;2021-07-30;5024;4977;452381;381210;61.9;52.2
54;2021-07-31;4472;3209;456853;384419;62.5;52.6
54;2021-08-01;256;74;457109;384493;62.6;52.6
54;2021-08-02;3037;3697;460146;388190;63.0;53.1
54;2021-08-03;4053;2922;464199;391112;63.6;53.5
54;2021-08-04;4320;2670;468519;393782;64.1;53.9
54;2021-08-05;4543;2416;473062;396198;64.8;54.2
54;2021-08-06;5363;3981;478425;400179;65.5;54.8
54;2021-08-07;3619;2815;482044;402994;66.0;55.2
54;2021-08-08;247;114;482291;403108;66.0;55.2
54;2021-08-09;2883;2672;485174;405780;66.4;55.6
54;2021-08-10;2466;3761;487640;409541;66.8;56.1
54;2021-08-11;2311;2560;489951;412101;67.1;56.4
54;2021-08-12;2016;2972;491967;415073;67.4;56.8
55;2020-12-27;0;0;0;0;0.0;0.0
55;2020-12-28;0;0;0;0;0.0;0.0
55;2020-12-29;0;0;0;0;0.0;0.0
55;2020-12-30;0;0;0;0;0.0;0.0
55;2020-12-31;0;0;0;0;0.0;0.0
55;2021-01-01;0;0;0;0;0.0;0.0
55;2021-01-02;0;0;0;0;0.0;0.0
55;2021-01-03;0;0;0;0;0.0;0.0
55;2021-01-04;1;0;1;0;0.0;0.0
55;2021-01-05;0;0;1;0;0.0;0.0
55;2021-01-06;0;0;1;0;0.0;0.0
55;2021-01-07;122;0;123;0;0.1;0.0
55;2021-01-08;127;0;250;0;0.1;0.0
55;2021-01-09;52;0;302;0;0.2;0.0
55;2021-01-10;0;0;302;0;0.2;0.0
55;2021-01-11;127;1;429;1;0.2;0.0
55;2021-01-12;119;0;548;1;0.3;0.0
55;2021-01-13;135;0;683;1;0.4;0.0
55;2021-01-14;642;5;1325;6;0.7;0.0
55;2021-01-15;237;0;1562;6;0.9;0.0
55;2021-01-16;62;0;1624;6;0.9;0.0
55;2021-01-17;1;0;1625;6;0.9;0.0
55;2021-01-18;413;1;2038;7;1.1;0.0
55;2021-01-19;351;3;2389;10;1.3;0.0
55;2021-01-20;451;2;2840;12;1.6;0.0
55;2021-01-21;430;0;3270;12;1.8;0.0
55;2021-01-22;391;0;3661;12;2.0;0.0
55;2021-01-23;49;0;3710;12;2.0;0.0
55;2021-01-24;0;0;3710;12;2.0;0.0
55;2021-01-25;436;0;4146;12;2.3;0.0
55;2021-01-26;431;0;4577;12;2.5;0.0
55;2021-01-27;424;0;5001;12;2.8;0.0
55;2021-01-28;485;100;5486;112;3.0;0.1
55;2021-01-29;159;54;5645;166;3.1;0.1
55;2021-01-30;92;28;5737;194;3.2;0.1
55;2021-01-31;0;0;5737;194;3.2;0.1
55;2021-02-01;153;177;5890;371;3.2;0.2
55;2021-02-02;159;148;6049;519;3.3;0.3
55;2021-02-03;53;161;6102;680;3.4;0.4
55;2021-02-04;235;398;6337;1078;3.5;0.6
55;2021-02-05;174;139;6511;1217;3.6;0.7
55;2021-02-06;60;56;6571;1273;3.6;0.7
55;2021-02-07;2;53;6573;1326;3.6;0.7
55;2021-02-08;0;18;6573;1344;3.6;0.7
55;2021-02-09;92;117;6665;1461;3.7;0.8
55;2021-02-10;65;22;6730;1483;3.7;0.8
55;2021-02-11;175;98;6905;1581;3.8;0.9
55;2021-02-12;94;28;6999;1609;3.9;0.9
55;2021-02-13;0;0;6999;1609;3.9;0.9
55;2021-02-14;0;0;6999;1609;3.9;0.9
55;2021-02-15;15;418;7014;2027;3.9;1.1
55;2021-02-16;143;396;7157;2423;3.9;1.3
55;2021-02-17;26;491;7183;2914;4.0;1.6
55;2021-02-18;20;344;7203;3258;4.0;1.8
55;2021-02-19;122;289;7325;3547;4.0;2.0
55;2021-02-20;11;0;7336;3547;4.0;2.0
55;2021-02-21;0;0;7336;3547;4.0;2.0
55;2021-02-22;55;458;7391;4005;4.1;2.2
55;2021-02-23;85;443;7476;4448;4.1;2.4
55;2021-02-24;72;415;7548;4863;4.2;2.7
55;2021-02-25;270;681;7818;5544;4.3;3.1
55;2021-02-26;324;235;8142;5779;4.5;3.2
55;2021-02-27;125;88;8267;5867;4.6;3.2
55;2021-02-28;2;8;8269;5875;4.6;3.2
55;2021-03-01;77;141;8346;6016;4.6;3.3
55;2021-03-02;124;171;8470;6187;4.7;3.4
55;2021-03-03;198;3;8668;6190;4.8;3.4
55;2021-03-04;238;43;8906;6233;4.9;3.4
55;2021-03-05;362;45;9268;6278;5.1;3.5
55;2021-03-06;223;5;9491;6283;5.2;3.5
55;2021-03-07;69;1;9560;6284;5.3;3.5
55;2021-03-08;327;50;9887;6334;5.4;3.5
55;2021-03-09;634;50;10521;6384;5.8;3.5
55;2021-03-10;396;24;10917;6408;6.0;3.5
55;2021-03-11;596;141;11513;6549;6.3;3.6
55;2021-03-12;815;92;12328;6641;6.8;3.7
55;2021-03-13;523;12;12851;6653;7.1;3.7
55;2021-03-14;14;0;12865;6653;7.1;3.7
55;2021-03-15;393;24;13258;6677;7.3;3.7
55;2021-03-16;568;110;13826;6787;7.6;3.7
55;2021-03-17;683;19;14509;6806;8.0;3.7
55;2021-03-18;322;22;14831;6828;8.2;3.8
55;2021-03-19;471;59;15302;6887;8.4;3.8
55;2021-03-20;253;15;15555;6902;8.6;3.8
55;2021-03-21;1;1;15556;6903;8.6;3.8
55;2021-03-22;473;19;16029;6922;8.8;3.8
55;2021-03-23;972;63;17001;6985;9.4;3.8
55;2021-03-24;802;39;17803;7024;9.8;3.9
55;2021-03-25;1096;79;18899;7103;10.4;3.9
55;2021-03-26;602;34;19501;7137;10.7;3.9
55;2021-03-27;255;22;19756;7159;10.9;3.9
55;2021-03-28;0;0;19756;7159;10.9;3.9
55;2021-03-29;943;37;20699;7196;11.4;4.0
55;2021-03-30;1423;69;22122;7265;12.2;4.0
55;2021-03-31;1481;67;23603;7332;13.0;4.0
55;2021-04-01;1202;121;24805;7453;13.7;4.1
55;2021-04-02;898;74;25703;7527;14.2;4.1
55;2021-04-03;91;10;25794;7537;14.2;4.1
55;2021-04-04;2;0;25796;7537;14.2;4.1
55;2021-04-05;6;12;25802;7549;14.2;4.2
55;2021-04-06;933;275;26735;7824;14.7;4.3
55;2021-04-07;993;235;27728;8059;15.3;4.4
55;2021-04-08;1647;417;29375;8476;16.2;4.7
55;2021-04-09;1429;264;30804;8740;17.0;4.8
55;2021-04-10;242;173;31046;8913;17.1;4.9
55;2021-04-11;452;20;31498;8933;17.3;4.9
55;2021-04-12;855;328;32353;9261;17.8;5.1
55;2021-04-13;1355;527;33708;9788;18.6;5.4
55;2021-04-14;1372;729;35080;10517;19.3;5.8
55;2021-04-15;1635;459;36715;10976;20.2;6.0
55;2021-04-16;705;378;37420;11354;20.6;6.3
55;2021-04-17;677;29;38097;11383;21.0;6.3
55;2021-04-18;38;18;38135;11401;21.0;6.3
55;2021-04-19;961;346;39096;11747;21.5;6.5
55;2021-04-20;1172;774;40268;12521;22.2;6.9
55;2021-04-21;990;639;41258;13160;22.7;7.2
55;2021-04-22;1099;678;42357;13838;23.3;7.6
55;2021-04-23;1424;592;43781;14430;24.1;7.9
55;2021-04-24;313;124;44094;14554;24.3;8.0
55;2021-04-25;384;51;44478;14605;24.5;8.0
55;2021-04-26;478;816;44956;15421;24.7;8.5
55;2021-04-27;570;993;45526;16414;25.1;9.0
55;2021-04-28;931;815;46457;17229;25.6;9.5
55;2021-04-29;1118;855;47575;18084;26.2;10.0
55;2021-04-30;1279;621;48854;18705;26.9;10.3
55;2021-05-01;153;132;49007;18837;27.0;10.4
55;2021-05-02;2;3;49009;18840;27.0;10.4
55;2021-05-03;1208;629;50217;19469;27.6;10.7
55;2021-05-04;683;1177;50900;20646;28.0;11.4
55;2021-05-05;659;1074;51559;21720;28.4;12.0
55;2021-05-06;1347;1160;52906;22880;29.1;12.6
55;2021-05-07;1433;554;54339;23434;29.9;12.9
55;2021-05-08;156;77;54495;23511;30.0;12.9
55;2021-05-09;62;523;54557;24034;30.0;13.2
55;2021-05-10;860;1031;55417;25065;30.5;13.8
55;2021-05-11;1070;1379;56487;26444;31.1;14.6
55;2021-05-12;1033;1768;57520;28212;31.7;15.5
55;2021-05-13;99;75;57619;28287;31.7;15.6
55;2021-05-14;352;558;57971;28845;31.9;15.9
55;2021-05-15;292;492;58263;29337;32.1;16.2
55;2021-05-16;3;10;58266;29347;32.1;16.2
55;2021-05-17;1028;841;59294;30188;32.6;16.6
55;2021-05-18;1569;892;60863;31080;33.5;17.1
55;2021-05-19;1810;782;62673;31862;34.5;17.5
55;2021-05-20;2215;731;64888;32593;35.7;17.9
55;2021-05-21;2009;802;66897;33395;36.8;18.4
55;2021-05-22;198;166;67095;33561;36.9;18.5
55;2021-05-23;23;120;67118;33681;37.0;18.5
55;2021-05-24;0;0;67118;33681;37.0;18.5
55;2021-05-25;1348;652;68466;34333;37.7;18.9
55;2021-05-26;1674;1016;70140;35349;38.6;19.5
55;2021-05-27;1320;981;71460;36330;39.3;20.0
55;2021-05-28;1520;931;72980;37261;40.2;20.5
55;2021-05-29;1402;697;74382;37958;41.0;20.9
55;2021-05-30;15;206;74397;38164;41.0;21.0
55;2021-05-31;1049;1131;75446;39295;41.5;21.6
55;2021-06-01;918;958;76364;40253;42.0;22.2
55;2021-06-02;1161;985;77525;41238;42.7;22.7
55;2021-06-03;703;545;78228;41783;43.1;23.0
55;2021-06-04;1390;1100;79618;42883;43.8;23.6
55;2021-06-05;1364;277;80982;43160;44.6;23.8
55;2021-06-06;0;2;80982;43162;44.6;23.8
55;2021-06-07;790;714;81772;43876;45.0;24.2
55;2021-06-08;697;1074;82469;44950;45.4;24.7
55;2021-06-09;851;870;83320;45820;45.9;25.2
55;2021-06-10;379;275;83699;46095;46.1;25.4
55;2021-06-11;528;1287;84227;47382;46.4;26.1
55;2021-06-12;761;519;84988;47901;46.8;26.4
55;2021-06-13;265;33;85253;47934;46.9;26.4
55;2021-06-14;388;1363;85641;49297;47.1;27.1
55;2021-06-15;573;1214;86214;50511;47.5;27.8
55;2021-06-16;734;830;86948;51341;47.9;28.3
55;2021-06-17;425;857;87373;52198;48.1;28.7
55;2021-06-18;667;1474;88040;53672;48.5;29.5
55;2021-06-19;593;457;88633;54129;48.8;29.8
55;2021-06-20;0;0;88633;54129;48.8;29.8
55;2021-06-21;436;1023;89069;55152;49.0;30.4
55;2021-06-22;335;1014;89404;56166;49.2;30.9
55;2021-06-23;626;1213;90030;57379;49.6;31.6
55;2021-06-24;163;433;90193;57812;49.7;31.8
55;2021-06-25;642;1225;90835;59037;50.0;32.5
55;2021-06-26;418;339;91253;59376;50.2;32.7
55;2021-06-27;1;2;91254;59378;50.2;32.7
55;2021-06-28;149;1380;91403;60758;50.3;33.4
55;2021-06-29;201;1289;91604;62047;50.4;34.2
55;2021-06-30;269;1932;91873;63979;50.6;35.2
55;2021-07-01;386;1978;92259;65957;50.8;36.3
55;2021-07-02;391;1719;92650;67676;51.0;37.3
55;2021-07-03;108;262;92758;67938;51.1;37.4
55;2021-07-04;12;19;92770;67957;51.1;37.4
55;2021-07-05;222;1510;92992;69467;51.2;38.2
55;2021-07-06;319;892;93311;70359;51.4;38.7
55;2021-07-07;387;1802;93698;72161;51.6;39.7
55;2021-07-08;534;1594;94232;73755;51.9;40.6
55;2021-07-09;454;1480;94686;75235;52.1;41.4
55;2021-07-10;355;1111;95041;76346;52.3;42.0
55;2021-07-11;0;9;95041;76355;52.3;42.0
55;2021-07-12;603;1167;95644;77522;52.7;42.7
55;2021-07-13;599;1489;96243;79011;53.0;43.5
55;2021-07-14;0;13;96243;79024;53.0;43.5
55;2021-07-15;779;1644;97022;80668;53.4;44.4
55;2021-07-16;1253;1815;98275;82483;54.1;45.4
55;2021-07-17;1277;820;99552;83303;54.8;45.9
55;2021-07-18;1;2;99553;83305;54.8;45.9
55;2021-07-19;596;784;100149;84089;55.1;46.3
55;2021-07-20;995;1026;101144;85115;55.7;46.9
55;2021-07-21;1474;1373;102618;86488;56.5;47.6
55;2021-07-22;1165;566;103783;87054;57.1;47.9
55;2021-07-23;1102;1353;104885;88407;57.7;48.7
55;2021-07-24;809;762;105694;89169;58.2;49.1
55;2021-07-25;119;229;105813;89398;58.3;49.2
55;2021-07-26;665;442;106478;89840;58.6;49.5
55;2021-07-27;1155;477;107633;90317;59.3;49.7
55;2021-07-28;1032;1068;108665;91385;59.8;50.3
55;2021-07-29;668;448;109333;91833;60.2;50.6
55;2021-07-30;1264;964;110597;92797;60.9;51.1
55;2021-07-31;708;613;111305;93410;61.3;51.4
55;2021-08-01;8;5;111313;93415;61.3;51.4
55;2021-08-02;611;444;111924;93859;61.6;51.7
55;2021-08-03;638;420;112562;94279;62.0;51.9
55;2021-08-04;1244;953;113806;95232;62.7;52.4
55;2021-08-05;996;320;114802;95552;63.2;52.6
55;2021-08-06;811;1094;115613;96646;63.6;53.2
55;2021-08-07;595;332;116208;96978;64.0;53.4
55;2021-08-08;0;0;116208;96978;64.0;53.4
55;2021-08-09;398;305;116606;97283;64.2;53.6
55;2021-08-10;432;775;117038;98058;64.4;54.0
55;2021-08-11;589;643;117627;98701;64.8;54.3
55;2021-08-12;314;485;117941;99186;64.9;54.6
56;2020-12-27;0;0;0;0;0.0;0.0
56;2020-12-28;1;0;1;0;0.0;0.0
56;2020-12-29;0;0;1;0;0.0;0.0
56;2020-12-30;0;0;1;0;0.0;0.0
56;2020-12-31;0;0;1;0;0.0;0.0
56;2021-01-01;0;0;1;0;0.0;0.0
56;2021-01-02;1;0;2;0;0.0;0.0
56;2021-01-03;0;0;2;0;0.0;0.0
56;2021-01-04;1;0;3;0;0.0;0.0
56;2021-01-05;1;0;4;0;0.0;0.0
56;2021-01-06;1;0;5;0;0.0;0.0
56;2021-01-07;198;0;203;0;0.0;0.0
56;2021-01-08;119;0;322;0;0.0;0.0
56;2021-01-09;1;0;323;0;0.0;0.0
56;2021-01-10;1;0;324;0;0.0;0.0
56;2021-01-11;242;0;566;0;0.1;0.0
56;2021-01-12;754;0;1320;0;0.2;0.0
56;2021-01-13;637;1;1957;1;0.3;0.0
56;2021-01-14;969;2;2926;3;0.4;0.0
56;2021-01-15;842;5;3768;8;0.5;0.0
56;2021-01-16;234;3;4002;11;0.5;0.0
56;2021-01-17;27;0;4029;11;0.5;0.0
56;2021-01-18;1004;1;5033;12;0.7;0.0
56;2021-01-19;851;1;5884;13;0.8;0.0
56;2021-01-20;884;1;6768;14;0.9;0.0
56;2021-01-21;1460;2;8228;16;1.1;0.0
56;2021-01-22;1180;2;9408;18;1.2;0.0
56;2021-01-23;319;2;9727;20;1.3;0.0
56;2021-01-24;6;0;9733;20;1.3;0.0
56;2021-01-25;825;0;10558;20;1.4;0.0
56;2021-01-26;1036;4;11594;24;1.5;0.0
56;2021-01-27;1082;62;12676;86;1.7;0.0
56;2021-01-28;975;125;13651;211;1.8;0.0
56;2021-01-29;873;107;14524;318;1.9;0.0
56;2021-01-30;139;19;14663;337;1.9;0.0
56;2021-01-31;0;0;14663;337;1.9;0.0
56;2021-02-01;479;156;15142;493;2.0;0.1
56;2021-02-02;942;257;16084;750;2.1;0.1
56;2021-02-03;1022;270;17106;1020;2.3;0.1
56;2021-02-04;4697;351;21803;1371;2.9;0.2
56;2021-02-05;3590;431;25393;1802;3.4;0.2
56;2021-02-06;549;170;25942;1972;3.4;0.3
56;2021-02-07;136;26;26078;1998;3.5;0.3
56;2021-02-08;296;288;26374;2286;3.5;0.3
56;2021-02-09;795;509;27169;2795;3.6;0.4
56;2021-02-10;864;701;28033;3496;3.7;0.5
56;2021-02-11;972;1078;29005;4574;3.8;0.6
56;2021-02-12;1151;641;30156;5215;4.0;0.7
56;2021-02-13;220;104;30376;5319;4.0;0.7
56;2021-02-14;6;46;30382;5365;4.0;0.7
56;2021-02-15;622;1087;31004;6452;4.1;0.9
56;2021-02-16;1219;737;32223;7189;4.3;1.0
56;2021-02-17;1189;960;33412;8149;4.4;1.1
56;2021-02-18;1352;883;34764;9032;4.6;1.2
56;2021-02-19;1321;916;36085;9948;4.8;1.3
56;2021-02-20;365;262;36450;10210;4.8;1.4
56;2021-02-21;0;0;36450;10210;4.8;1.4
56;2021-02-22;374;700;36824;10910;4.9;1.4
56;2021-02-23;739;960;37563;11870;5.0;1.6
56;2021-02-24;915;1183;38478;13053;5.1;1.7
56;2021-02-25;2029;4257;40507;17310;5.4;2.3
56;2021-02-26;2358;2262;42865;19572;5.7;2.6
56;2021-02-27;745;446;43610;20018;5.8;2.6
56;2021-02-28;14;114;43624;20132;5.8;2.7
56;2021-03-01;647;560;44271;20692;5.9;2.7
56;2021-03-02;978;789;45249;21481;6.0;2.8
56;2021-03-03;1150;913;46399;22394;6.1;3.0
56;2021-03-04;1965;1039;48364;23433;6.4;3.1
56;2021-03-05;2581;1431;50945;24864;6.7;3.3
56;2021-03-06;1207;218;52152;25082;6.9;3.3
56;2021-03-07;282;24;52434;25106;6.9;3.3
56;2021-03-08;1140;391;53574;25497;7.1;3.4
56;2021-03-09;2038;631;55612;26128;7.4;3.5
56;2021-03-10;2001;936;57613;27064;7.6;3.6
56;2021-03-11;3253;740;60866;27804;8.1;3.7
56;2021-03-12;4207;827;65073;28631;8.6;3.8
56;2021-03-13;1880;148;66953;28779;8.9;3.8
56;2021-03-14;194;2;67147;28781;8.9;3.8
56;2021-03-15;1283;529;68430;29310;9.1;3.9
56;2021-03-16;1089;1030;69519;30340;9.2;4.0
56;2021-03-17;1359;777;70878;31117;9.4;4.1
56;2021-03-18;1998;1870;72876;32987;9.6;4.4
56;2021-03-19;2938;1399;75814;34386;10.0;4.6
56;2021-03-20;1493;206;77307;34592;10.2;4.6
56;2021-03-21;208;24;77515;34616;10.3;4.6
56;2021-03-22;1610;403;79125;35019;10.5;4.6
56;2021-03-23;2806;687;81931;35706;10.8;4.7
56;2021-03-24;3450;526;85381;36232;11.3;4.8
56;2021-03-25;4235;721;89616;36953;11.9;4.9
56;2021-03-26;5088;781;94704;37734;12.5;5.0
56;2021-03-27;1499;294;96203;38028;12.7;5.0
56;2021-03-28;264;11;96467;38039;12.8;5.0
56;2021-03-29;2231;503;98698;38542;13.1;5.1
56;2021-03-30;3519;784;102217;39326;13.5;5.2
56;2021-03-31;3116;715;105333;40041;13.9;5.3
56;2021-04-01;4068;819;109401;40860;14.5;5.4
56;2021-04-02;3926;942;113327;41802;15.0;5.5
56;2021-04-03;1186;270;114513;42072;15.2;5.6
56;2021-04-04;232;3;114745;42075;15.2;5.6
56;2021-04-05;244;8;114989;42083;15.2;5.6
56;2021-04-06;2824;1232;117813;43315;15.6;5.7
56;2021-04-07;4021;1184;121834;44499;16.1;5.9
56;2021-04-08;5292;1158;127126;45657;16.8;6.0
56;2021-04-09;7389;1285;134515;46942;17.8;6.2
56;2021-04-10;2580;425;137095;47367;18.1;6.3
56;2021-04-11;193;102;137288;47469;18.2;6.3
56;2021-04-12;3932;836;141220;48305;18.7;6.4
56;2021-04-13;5965;1264;147185;49569;19.5;6.6
56;2021-04-14;5168;1425;152353;50994;20.2;6.7
56;2021-04-15;7145;1768;159498;52762;21.1;7.0
56;2021-04-16;7842;2011;167340;54773;22.1;7.2
56;2021-04-17;3132;641;170472;55414;22.6;7.3
56;2021-04-18;528;106;171000;55520;22.6;7.3
56;2021-04-19;3719;1259;174719;56779;23.1;7.5
56;2021-04-20;4105;1976;178824;58755;23.7;7.8
56;2021-04-21;4060;2322;182884;61077;24.2;8.1
56;2021-04-22;5173;1923;188057;63000;24.9;8.3
56;2021-04-23;5164;2411;193221;65411;25.6;8.7
56;2021-04-24;2899;645;196120;66056;26.0;8.7
56;2021-04-25;465;148;196585;66204;26.0;8.8
56;2021-04-26;4705;1667;201290;67871;26.6;9.0
56;2021-04-27;5097;2548;206387;70419;27.3;9.3
56;2021-04-28;4968;2242;211355;72661;28.0;9.6
56;2021-04-29;5840;2937;217195;75598;28.7;10.0
56;2021-04-30;6244;2805;223439;78403;29.6;10.4
56;2021-05-01;2486;361;225925;78764;29.9;10.4
56;2021-05-02;307;254;226232;79018;29.9;10.5
56;2021-05-03;3866;2071;230098;81089;30.5;10.7
56;2021-05-04;4384;3905;234482;84994;31.0;11.2
56;2021-05-05;3523;3876;238005;88870;31.5;11.8
56;2021-05-06;4376;5436;242381;94306;32.1;12.5
56;2021-05-07;4266;5011;246647;99317;32.6;13.1
56;2021-05-08;1643;317;248290;99634;32.9;13.2
56;2021-05-09;495;227;248785;99861;32.9;13.2
56;2021-05-10;3750;3811;252535;103672;33.4;13.7
56;2021-05-11;4168;5048;256703;108720;34.0;14.4
56;2021-05-12;4342;4774;261045;113494;34.5;15.0
56;2021-05-13;2396;1011;263441;114505;34.9;15.2
56;2021-05-14;4224;4362;267665;118867;35.4;15.7
56;2021-05-15;2486;1893;270151;120760;35.8;16.0
56;2021-05-16;237;488;270388;121248;35.8;16.0
56;2021-05-17;2512;3668;272900;124916;36.1;16.5
56;2021-05-18;3520;4084;276420;129000;36.6;17.1
56;2021-05-19;3529;3390;279949;132390;37.1;17.5
56;2021-05-20;3806;4821;283755;137211;37.6;18.2
56;2021-05-21;3745;5227;287500;142438;38.1;18.9
56;2021-05-22;1697;2208;289197;144646;38.3;19.1
56;2021-05-23;284;197;289481;144843;38.3;19.2
56;2021-05-24;2058;498;291539;145341;38.6;19.2
56;2021-05-25;3139;4466;294678;149807;39.0;19.8
56;2021-05-26;3736;3899;298414;153706;39.5;20.3
56;2021-05-27;4360;4869;302774;158575;40.1;21.0
56;2021-05-28;4634;5960;307408;164535;40.7;21.8
56;2021-05-29;1886;1635;309294;166170;40.9;22.0
56;2021-05-30;317;67;309611;166237;41.0;22.0
56;2021-05-31;4503;3222;314114;169459;41.6;22.4
56;2021-06-01;5665;3387;319779;172846;42.3;22.9
56;2021-06-02;5637;2956;325416;175802;43.1;23.3
56;2021-06-03;6186;3305;331602;179107;43.9;23.7
56;2021-06-04;5810;4413;337412;183520;44.7;24.3
56;2021-06-05;4346;2387;341758;185907;45.2;24.6
56;2021-06-06;496;616;342254;186523;45.3;24.7
56;2021-06-07;5106;3170;347360;189693;46.0;25.1
56;2021-06-08;6066;3378;353426;193071;46.8;25.6
56;2021-06-09;6434;2815;359860;195886;47.6;25.9
56;2021-06-10;7477;2869;367337;198755;48.6;26.3
56;2021-06-11;6765;3870;374102;202625;49.5;26.8
56;2021-06-12;5102;2065;379204;204690;50.2;27.1
56;2021-06-13;1979;438;381183;205128;50.4;27.1
56;2021-06-14;3310;4595;384493;209723;50.9;27.8
56;2021-06-15;4205;4901;388698;214624;51.4;28.4
56;2021-06-16;4497;4503;393195;219127;52.0;29.0
56;2021-06-17;4256;4753;397451;223880;52.6;29.6
56;2021-06-18;4517;5972;401968;229852;53.2;30.4
56;2021-06-19;3836;2143;405804;231995;53.7;30.7
56;2021-06-20;1504;340;407308;232335;53.9;30.7
56;2021-06-21;3309;4462;410617;236797;54.3;31.3
56;2021-06-22;3486;5445;414103;242242;54.8;32.1
56;2021-06-23;3751;5062;417854;247304;55.3;32.7
56;2021-06-24;3476;5318;421330;252622;55.8;33.4
56;2021-06-25;3882;6277;425212;258899;56.3;34.3
56;2021-06-26;3198;2913;428410;261812;56.7;34.7
56;2021-06-27;305;162;428715;261974;56.7;34.7
56;2021-06-28;1574;3981;430289;265955;56.9;35.2
56;2021-06-29;2435;5773;432724;271728;57.3;36.0
56;2021-06-30;2495;5561;435219;277289;57.6;36.7
56;2021-07-01;2735;4959;437954;282248;58.0;37.4
56;2021-07-02;2654;6210;440608;288458;58.3;38.2
56;2021-07-03;2204;2685;442812;291143;58.6;38.5
56;2021-07-04;778;811;443590;291954;58.7;38.6
56;2021-07-05;1864;5444;445454;297398;59.0;39.4
56;2021-07-06;2187;5937;447641;303335;59.2;40.1
56;2021-07-07;2840;5644;450481;308979;59.6;40.9
56;2021-07-08;3075;6036;453556;315015;60.0;41.7
56;2021-07-09;2217;7099;455773;322114;60.3;42.6
56;2021-07-10;1127;3002;456900;325116;60.5;43.0
56;2021-07-11;255;343;457155;325459;60.5;43.1
56;2021-07-12;2177;6604;459332;332063;60.8;43.9
56;2021-07-13;3248;7468;462580;339531;61.2;44.9
56;2021-07-14;1780;2590;464360;342121;61.5;45.3
56;2021-07-15;3818;7066;468178;349187;62.0;46.2
56;2021-07-16;4070;8099;472248;357286;62.5;47.3
56;2021-07-17;2314;3521;474562;360807;62.8;47.8
56;2021-07-18;253;478;474815;361285;62.8;47.8
56;2021-07-19;2856;6357;477671;367642;63.2;48.7
56;2021-07-20;3710;7926;481381;375568;63.7;49.7
56;2021-07-21;3076;7526;484457;383094;64.1;50.7
56;2021-07-22;4357;8029;488814;391123;64.7;51.8
56;2021-07-23;4350;8403;493164;399526;65.3;52.9
56;2021-07-24;1682;4601;494846;404127;65.5;53.5
56;2021-07-25;547;1919;495393;406046;65.6;53.7
56;2021-07-26;3656;5466;499049;411512;66.0;54.5
56;2021-07-27;5337;6199;504386;417711;66.8;55.3
56;2021-07-28;4653;5456;509039;423167;67.4;56.0
56;2021-07-29;5357;5624;514396;428791;68.1;56.8
56;2021-07-30;5344;5847;519740;434638;68.8;57.5
56;2021-07-31;2144;2689;521884;437327;69.1;57.9
56;2021-08-01;1148;976;523032;438303;69.2;58.0
56;2021-08-02;4491;4595;527523;442898;69.8;58.6
56;2021-08-03;6358;4948;533881;447846;70.7;59.3
56;2021-08-04;5933;4345;539814;452191;71.4;59.8
56;2021-08-05;6053;4590;545867;456781;72.2;60.5
56;2021-08-06;5768;4900;551635;461681;73.0;61.1
56;2021-08-07;2832;2217;554467;463898;73.4;61.4
56;2021-08-08;1814;560;556281;464458;73.6;61.5
56;2021-08-09;3895;4263;560176;468721;74.1;62.0
56;2021-08-10;4906;4596;565082;473317;74.8;62.6
56;2021-08-11;4537;4129;569619;477446;75.4;63.2
56;2021-08-12;4395;4517;574014;481963;76.0;63.8
57;2020-12-27;2;0;2;0;0.0;0.0
57;2020-12-28;0;0;2;0;0.0;0.0
57;2020-12-29;1;0;3;0;0.0;0.0
57;2020-12-30;1;0;4;0;0.0;0.0
57;2020-12-31;0;0;4;0;0.0;0.0
57;2021-01-01;0;0;4;0;0.0;0.0
57;2021-01-02;3;0;7;0;0.0;0.0
57;2021-01-03;0;0;7;0;0.0;0.0
57;2021-01-04;16;0;23;0;0.0;0.0
57;2021-01-05;199;0;222;0;0.0;0.0
57;2021-01-06;226;1;448;1;0.0;0.0
57;2021-01-07;584;2;1032;3;0.1;0.0
57;2021-01-08;509;2;1541;5;0.1;0.0
57;2021-01-09;201;0;1742;5;0.2;0.0
57;2021-01-10;108;1;1850;6;0.2;0.0
57;2021-01-11;470;1;2320;7;0.2;0.0
57;2021-01-12;613;5;2933;12;0.3;0.0
57;2021-01-13;695;2;3628;14;0.4;0.0
57;2021-01-14;707;6;4335;20;0.4;0.0
57;2021-01-15;635;4;4970;24;0.5;0.0
57;2021-01-16;452;1;5422;25;0.5;0.0
57;2021-01-17;492;1;5914;26;0.6;0.0
57;2021-01-18;2707;20;8621;46;0.8;0.0
57;2021-01-19;2568;18;11189;64;1.1;0.0
57;2021-01-20;2761;16;13950;80;1.3;0.0
57;2021-01-21;1793;5;15743;85;1.5;0.0
57;2021-01-22;1324;6;17067;91;1.6;0.0
57;2021-01-23;543;16;17610;107;1.7;0.0
57;2021-01-24;1;0;17611;107;1.7;0.0
57;2021-01-25;870;186;18481;293;1.8;0.0
57;2021-01-26;1112;214;19593;507;1.9;0.0
57;2021-01-27;1069;183;20662;690;2.0;0.1
57;2021-01-28;1040;300;21702;990;2.1;0.1
57;2021-01-29;981;396;22683;1386;2.2;0.1
57;2021-01-30;440;94;23123;1480;2.2;0.1
57;2021-01-31;11;27;23134;1507;2.2;0.1
57;2021-02-01;826;351;23960;1858;2.3;0.2
57;2021-02-02;989;364;24949;2222;2.4;0.2
57;2021-02-03;986;320;25935;2542;2.5;0.2
57;2021-02-04;1137;808;27072;3350;2.6;0.3
57;2021-02-05;929;356;28001;3706;2.7;0.4
57;2021-02-06;481;349;28482;4055;2.7;0.4
57;2021-02-07;103;334;28585;4389;2.8;0.4
57;2021-02-08;1256;1558;29841;5947;2.9;0.6
57;2021-02-09;1762;1677;31603;7624;3.1;0.7
57;2021-02-10;1711;2075;33314;9699;3.2;0.9
57;2021-02-11;1486;1330;34800;11029;3.4;1.1
57;2021-02-12;1227;677;36027;11706;3.5;1.1
57;2021-02-13;1152;178;37179;11884;3.6;1.1
57;2021-02-14;1210;28;38389;11912;3.7;1.1
57;2021-02-15;766;863;39155;12775;3.8;1.2
57;2021-02-16;1072;798;40227;13573;3.9;1.3
57;2021-02-17;1008;958;41235;14531;4.0;1.4
57;2021-02-18;974;1160;42209;15691;4.1;1.5
57;2021-02-19;954;937;43163;16628;4.2;1.6
57;2021-02-20;1173;618;44336;17246;4.3;1.7
57;2021-02-21;323;13;44659;17259;4.3;1.7
57;2021-02-22;1230;914;45889;18173;4.4;1.8
57;2021-02-23;2234;1088;48123;19261;4.6;1.9
57;2021-02-24;2267;1001;50390;20262;4.9;2.0
57;2021-02-25;3296;1119;53686;21381;5.2;2.1
57;2021-02-26;3577;957;57263;22338;5.5;2.2
57;2021-02-27;3689;537;60952;22875;5.9;2.2
57;2021-02-28;1896;58;62848;22933;6.1;2.2
57;2021-03-01;2049;1345;64897;24278;6.3;2.3
57;2021-03-02;2854;1602;67751;25880;6.5;2.5
57;2021-03-03;2802;1612;70553;27492;6.8;2.7
57;2021-03-04;3269;1300;73822;28792;7.1;2.8
57;2021-03-05;4454;1242;78276;30034;7.6;2.9
57;2021-03-06;7242;792;85518;30826;8.3;3.0
57;2021-03-07;6071;276;91589;31102;8.8;3.0
57;2021-03-08;2297;1008;93886;32110;9.1;3.1
57;2021-03-09;3381;1306;97267;33416;9.4;3.2
57;2021-03-10;3575;969;100842;34385;9.7;3.3
57;2021-03-11;4036;1254;104878;35639;10.1;3.4
57;2021-03-12;5106;1215;109984;36854;10.6;3.6
57;2021-03-13;6283;988;116267;37842;11.2;3.7
57;2021-03-14;2424;425;118691;38267;11.5;3.7
57;2021-03-15;2959;876;121650;39143;11.7;3.8
57;2021-03-16;3060;1275;124710;40418;12.0;3.9
57;2021-03-17;3050;1142;127760;41560;12.3;4.0
57;2021-03-18;3400;1076;131160;42636;12.7;4.1
57;2021-03-19;4618;1043;135778;43679;13.1;4.2
57;2021-03-20;4697;1023;140475;44702;13.6;4.3
57;2021-03-21;1895;256;142370;44958;13.7;4.3
57;2021-03-22;2480;1472;144850;46430;14.0;4.5
57;2021-03-23;3439;2338;148289;48768;14.3;4.7
57;2021-03-24;3896;2145;152185;50913;14.7;4.9
57;2021-03-25;4738;2593;156923;53506;15.1;5.2
57;2021-03-26;4841;2257;161764;55763;15.6;5.4
57;2021-03-27;3711;3157;165475;58920;16.0;5.7
57;2021-03-28;1400;1849;166875;60769;16.1;5.9
57;2021-03-29;1936;2169;168811;62938;16.3;6.1
57;2021-03-30;3300;2487;172111;65425;16.6;6.3
57;2021-03-31;2821;2307;174932;67732;16.9;6.5
57;2021-04-01;3221;3171;178153;70903;17.2;6.8
57;2021-04-02;2391;2577;180544;73480;17.4;7.1
57;2021-04-03;2567;2665;183111;76145;17.7;7.4
57;2021-04-04;592;972;183703;77117;17.7;7.4
57;2021-04-05;1922;668;185625;77785;17.9;7.5
57;2021-04-06;2451;2833;188076;80618;18.2;7.8
57;2021-04-07;3811;3084;191887;83702;18.5;8.1
57;2021-04-08;5610;2900;197497;86602;19.1;8.4
57;2021-04-09;5010;2721;202507;89323;19.5;8.6
57;2021-04-10;2354;3639;204861;92962;19.8;9.0
57;2021-04-11;1099;1890;205960;94852;19.9;9.2
57;2021-04-12;1789;2753;207749;97605;20.1;9.4
57;2021-04-13;1975;3033;209724;100638;20.2;9.7
57;2021-04-14;1919;2985;211643;103623;20.4;10.0
57;2021-04-15;2365;3429;214008;107052;20.7;10.3
57;2021-04-16;2701;3290;216709;110342;20.9;10.7
57;2021-04-17;2473;3185;219182;113527;21.2;11.0
57;2021-04-18;1245;1774;220427;115301;21.3;11.1
57;2021-04-19;2140;2261;222567;117562;21.5;11.3
57;2021-04-20;2515;2784;225082;120346;21.7;11.6
57;2021-04-21;2569;2378;227651;122724;22.0;11.8
57;2021-04-22;3206;2252;230857;124976;22.3;12.1
57;2021-04-23;4056;2577;234913;127553;22.7;12.3
57;2021-04-24;3393;2559;238306;130112;23.0;12.6
57;2021-04-25;757;1127;239063;131239;23.1;12.7
57;2021-04-26;2969;1997;242032;133236;23.4;12.9
57;2021-04-27;3899;2376;245931;135612;23.7;13.1
57;2021-04-28;4211;2591;250142;138203;24.1;13.3
57;2021-04-29;5260;3446;255402;141649;24.7;13.7
57;2021-04-30;4727;3548;260129;145197;25.1;14.0
57;2021-05-01;2351;1684;262480;146881;25.3;14.2
57;2021-05-02;790;912;263270;147793;25.4;14.3
57;2021-05-03;3564;2993;266834;150786;25.8;14.6
57;2021-05-04;4870;3166;271704;153952;26.2;14.9
57;2021-05-05;6122;3171;277826;157123;26.8;15.2
57;2021-05-06;5990;3286;283816;160409;27.4;15.5
57;2021-05-07;6854;3445;290670;163854;28.1;15.8
57;2021-05-08;4052;1609;294722;165463;28.5;16.0
57;2021-05-09;2048;1112;296770;166575;28.6;16.1
57;2021-05-10;5127;3069;301897;169644;29.1;16.4
57;2021-05-11;7448;2849;309345;172493;29.9;16.7
57;2021-05-12;7844;3242;317189;175735;30.6;17.0
57;2021-05-13;4510;911;321699;176646;31.1;17.1
57;2021-05-14;7836;2631;329535;179277;31.8;17.3
57;2021-05-15;5964;2048;335499;181325;32.4;17.5
57;2021-05-16;3309;578;338808;181903;32.7;17.6
57;2021-05-17;3866;2067;342674;183970;33.1;17.8
57;2021-05-18;6289;2102;348963;186072;33.7;18.0
57;2021-05-19;7018;2330;355981;188402;34.4;18.2
57;2021-05-20;6049;2186;362030;190588;34.9;18.4
57;2021-05-21;7563;2917;369593;193505;35.7;18.7
57;2021-05-22;4893;2167;374486;195672;36.2;18.9
57;2021-05-23;1964;432;376450;196104;36.3;18.9
57;2021-05-24;3031;1067;379481;197171;36.6;19.0
57;2021-05-25;5576;2802;385057;199973;37.2;19.3
57;2021-05-26;6374;3182;391431;203155;37.8;19.6
57;2021-05-27;5793;3123;397224;206278;38.3;19.9
57;2021-05-28;7022;4750;404246;211028;39.0;20.4
57;2021-05-29;5221;4251;409467;215279;39.5;20.8
57;2021-05-30;1967;1741;411434;217020;39.7;21.0
57;2021-05-31;4319;3338;415753;220358;40.1;21.3
57;2021-06-01;5934;3712;421687;224070;40.7;21.6
57;2021-06-02;6338;3904;428025;227974;41.3;22.0
57;2021-06-03;6211;3699;434236;231673;41.9;22.4
57;2021-06-04;7563;4990;441799;236663;42.7;22.8
57;2021-06-05;4769;4031;446568;240694;43.1;23.2
57;2021-06-06;1994;889;448562;241583;43.3;23.3
57;2021-06-07;4325;4034;452887;245617;43.7;23.7
57;2021-06-08;6714;4310;459601;249927;44.4;24.1
57;2021-06-09;6881;4155;466482;254082;45.0;24.5
57;2021-06-10;6218;4587;472700;258669;45.6;25.0
57;2021-06-11;5362;5359;478062;264028;46.2;25.5
57;2021-06-12;5741;4453;483803;268481;46.7;25.9
57;2021-06-13;1500;1140;485303;269621;46.8;26.0
57;2021-06-14;3368;4708;488671;274329;47.2;26.5
57;2021-06-15;3813;6017;492484;280346;47.5;27.1
57;2021-06-16;4398;6592;496882;286938;48.0;27.7
57;2021-06-17;4195;6081;501077;293019;48.4;28.3
57;2021-06-18;4273;7305;505350;300324;48.8;29.0
57;2021-06-19;4155;6292;509505;306616;49.2;29.6
57;2021-06-20;984;1667;510489;308283;49.3;29.8
57;2021-06-21;2066;5970;512555;314253;49.5;30.3
57;2021-06-22;2638;7987;515193;322240;49.7;31.1
57;2021-06-23;3073;8387;518266;330627;50.0;31.9
57;2021-06-24;2456;5288;520722;335915;50.3;32.4
57;2021-06-25;2855;7829;523577;343744;50.5;33.2
57;2021-06-26;2869;7258;526446;351002;50.8;33.9
57;2021-06-27;753;2986;527199;353988;50.9;34.2
57;2021-06-28;1588;5076;528787;359064;51.0;34.7
57;2021-06-29;2083;6827;530870;365891;51.2;35.3
57;2021-06-30;3045;7315;533915;373206;51.5;36.0
57;2021-07-01;2683;5949;536598;379155;51.8;36.6
57;2021-07-02;2655;8075;539253;387230;52.1;37.4
57;2021-07-03;3235;6526;542488;393756;52.4;38.0
57;2021-07-04;945;2464;543433;396220;52.5;38.3
57;2021-07-05;1683;4606;545116;400826;52.6;38.7
57;2021-07-06;2409;6478;547525;407304;52.9;39.3
57;2021-07-07;2716;7085;550241;414389;53.1;40.0
57;2021-07-08;2482;5874;552723;420263;53.4;40.6
57;2021-07-09;3418;8416;556141;428679;53.7;41.4
57;2021-07-10;3089;6933;559230;435612;54.0;42.1
57;2021-07-11;852;2231;560082;437843;54.1;42.3
57;2021-07-12;2398;6418;562480;444261;54.3;42.9
57;2021-07-13;4398;7497;566878;451758;54.7;43.6
57;2021-07-14;2818;3843;569696;455601;55.0;44.0
57;2021-07-15;3944;7787;573640;463388;55.4;44.7
57;2021-07-16;5626;9824;579266;473212;55.9;45.7
57;2021-07-17;5807;7292;585073;480504;56.5;46.4
57;2021-07-18;1484;2658;586557;483162;56.6;46.6
57;2021-07-19;2356;6212;588913;489374;56.9;47.2
57;2021-07-20;4312;6914;593225;496288;57.3;47.9
57;2021-07-21;5283;6897;598508;503185;57.8;48.6
57;2021-07-22;5939;5955;604447;509140;58.4;49.2
57;2021-07-23;6988;6382;611435;515522;59.0;49.8
57;2021-07-24;4514;7039;615949;522561;59.5;50.4
57;2021-07-25;1332;1768;617281;524329;59.6;50.6
57;2021-07-26;3700;4494;620981;528823;59.9;51.1
57;2021-07-27;6816;4922;627797;533745;60.6;51.5
57;2021-07-28;7445;4536;635242;538281;61.3;52.0
57;2021-07-29;7571;4582;642813;542863;62.1;52.4
57;2021-07-30;6826;4873;649639;547736;62.7;52.9
57;2021-07-31;5669;5004;655308;552740;63.3;53.4
57;2021-08-01;2020;1114;657328;553854;63.5;53.5
57;2021-08-02;3502;3180;660830;557034;63.8;53.8
57;2021-08-03;5464;4274;666294;561308;64.3;54.2
57;2021-08-04;5198;3457;671492;564765;64.8;54.5
57;2021-08-05;5342;3754;676834;568519;65.3;54.9
57;2021-08-06;5564;4823;682398;573342;65.9;55.3
57;2021-08-07;4535;5126;686933;578468;66.3;55.8
57;2021-08-08;1469;1498;688402;579966;66.5;56.0
57;2021-08-09;2604;3155;691006;583121;66.7;56.3
57;2021-08-10;3489;3773;694495;586894;67.0;56.7
57;2021-08-11;3678;4002;698173;590896;67.4;57.0
57;2021-08-12;3120;5193;701293;596089;67.7;57.5
58;2020-12-27;0;0;0;0;0.0;0.0
58;2020-12-28;0;0;0;0;0.0;0.0
58;2020-12-29;1;0;1;0;0.0;0.0
58;2020-12-30;0;0;1;0;0.0;0.0
58;2020-12-31;0;0;1;0;0.0;0.0
58;2021-01-01;0;0;1;0;0.0;0.0
58;2021-01-02;0;0;1;0;0.0;0.0
58;2021-01-03;1;0;2;0;0.0;0.0
58;2021-01-04;0;0;2;0;0.0;0.0
58;2021-01-05;2;0;4;0;0.0;0.0
58;2021-01-06;145;0;149;0;0.1;0.0
58;2021-01-07;241;0;390;0;0.2;0.0
58;2021-01-08;63;0;453;0;0.2;0.0
58;2021-01-09;1;0;454;0;0.2;0.0
58;2021-01-10;0;0;454;0;0.2;0.0
58;2021-01-11;54;0;508;0;0.3;0.0
58;2021-01-12;255;0;763;0;0.4;0.0
58;2021-01-13;402;0;1165;0;0.6;0.0
58;2021-01-14;291;1;1456;1;0.7;0.0
58;2021-01-15;141;0;1597;1;0.8;0.0
58;2021-01-16;10;1;1607;2;0.8;0.0
58;2021-01-17;0;0;1607;2;0.8;0.0
58;2021-01-18;413;1;2020;3;1.0;0.0
58;2021-01-19;986;2;3006;5;1.5;0.0
58;2021-01-20;1205;2;4211;7;2.1;0.0
58;2021-01-21;961;4;5172;11;2.6;0.0
58;2021-01-22;775;2;5947;13;3.0;0.0
58;2021-01-23;251;0;6198;13;3.1;0.0
58;2021-01-24;2;0;6200;13;3.1;0.0
58;2021-01-25;439;0;6639;13;3.3;0.0
58;2021-01-26;649;4;7288;17;3.7;0.0
58;2021-01-27;604;44;7892;61;4.0;0.0
58;2021-01-28;756;66;8648;127;4.3;0.1
58;2021-01-29;837;7;9485;134;4.8;0.1
58;2021-01-30;281;0;9766;134;4.9;0.1
58;2021-01-31;10;0;9776;134;4.9;0.1
58;2021-02-01;201;71;9977;205;5.0;0.1
58;2021-02-02;565;85;10542;290;5.3;0.1
58;2021-02-03;279;148;10821;438;5.4;0.2
58;2021-02-04;285;93;11106;531;5.6;0.3
58;2021-02-05;184;93;11290;624;5.7;0.3
58;2021-02-06;89;0;11379;624;5.7;0.3
58;2021-02-07;0;0;11379;624;5.7;0.3
58;2021-02-08;306;73;11685;697;5.9;0.3
58;2021-02-09;503;314;12188;1011;6.1;0.5
58;2021-02-10;349;381;12537;1392;6.3;0.7
58;2021-02-11;287;380;12824;1772;6.4;0.9
58;2021-02-12;243;203;13067;1975;6.5;1.0
58;2021-02-13;83;29;13150;2004;6.6;1.0
58;2021-02-14;0;3;13150;2007;6.6;1.0
58;2021-02-15;114;530;13264;2537;6.6;1.3
58;2021-02-16;209;939;13473;3476;6.8;1.7
58;2021-02-17;219;768;13692;4244;6.9;2.1
58;2021-02-18;187;790;13879;5034;7.0;2.5
58;2021-02-19;241;725;14120;5759;7.1;2.9
58;2021-02-20;62;229;14182;5988;7.1;3.0
58;2021-02-21;0;30;14182;6018;7.1;3.0
58;2021-02-22;78;405;14260;6423;7.1;3.2
58;2021-02-23;49;622;14309;7045;7.2;3.5
58;2021-02-24;39;632;14348;7677;7.2;3.8
58;2021-02-25;252;703;14600;8380;7.3;4.2
58;2021-02-26;246;623;14846;9003;7.4;4.5
58;2021-02-27;104;188;14950;9191;7.5;4.6
58;2021-02-28;11;8;14961;9199;7.5;4.6
58;2021-03-01;145;246;15106;9445;7.6;4.7
58;2021-03-02;415;642;15521;10087;7.8;5.1
58;2021-03-03;522;293;16043;10380;8.0;5.2
58;2021-03-04;723;277;16766;10657;8.4;5.3
58;2021-03-05;867;206;17633;10863;8.8;5.4
58;2021-03-06;574;87;18207;10950;9.1;5.5
58;2021-03-07;63;12;18270;10962;9.2;5.5
58;2021-03-08;153;299;18423;11261;9.2;5.6
58;2021-03-09;544;549;18967;11810;9.5;5.9
58;2021-03-10;838;243;19805;12053;9.9;6.0
58;2021-03-11;856;272;20661;12325;10.4;6.2
58;2021-03-12;862;198;21523;12523;10.8;6.3
58;2021-03-13;506;67;22029;12590;11.0;6.3
58;2021-03-14;34;0;22063;12590;11.1;6.3
58;2021-03-15;528;110;22591;12700;11.3;6.4
58;2021-03-16;726;222;23317;12922;11.7;6.5
58;2021-03-17;756;195;24073;13117;12.1;6.6
58;2021-03-18;582;177;24655;13294;12.4;6.7
58;2021-03-19;537;103;25192;13397;12.6;6.7
58;2021-03-20;322;64;25514;13461;12.8;6.7
58;2021-03-21;17;0;25531;13461;12.8;6.7
58;2021-03-22;794;25;26325;13486;13.2;6.8
58;2021-03-23;1636;41;27961;13527;14.0;6.8
58;2021-03-24;1365;74;29326;13601;14.7;6.8
58;2021-03-25;1840;43;31166;13644;15.6;6.8
58;2021-03-26;1413;51;32579;13695;16.3;6.9
58;2021-03-27;358;6;32937;13701;16.5;6.9
58;2021-03-28;20;0;32957;13701;16.5;6.9
58;2021-03-29;639;155;33596;13856;16.8;6.9
58;2021-03-30;1185;254;34781;14110;17.4;7.1
58;2021-03-31;1116;397;35897;14507;18.0;7.3
58;2021-04-01;1547;402;37444;14909;18.8;7.5
58;2021-04-02;1463;364;38907;15273;19.5;7.7
58;2021-04-03;567;150;39474;15423;19.8;7.7
58;2021-04-04;1;1;39475;15424;19.8;7.7
58;2021-04-05;46;0;39521;15424;19.8;7.7
58;2021-04-06;820;344;40341;15768;20.2;7.9
58;2021-04-07;695;551;41036;16319;20.6;8.2
58;2021-04-08;1493;426;42529;16745;21.3;8.4
58;2021-04-09;1774;484;44303;17229;22.2;8.6
58;2021-04-10;652;200;44955;17429;22.5;8.7
58;2021-04-11;17;3;44972;17432;22.5;8.7
58;2021-04-12;1117;503;46089;17935;23.1;9.0
58;2021-04-13;1437;624;47526;18559;23.8;9.3
58;2021-04-14;1339;673;48865;19232;24.5;9.6
58;2021-04-15;1433;600;50298;19832;25.2;9.9
58;2021-04-16;1734;511;52032;20343;26.1;10.2
58;2021-04-17;721;232;52753;20575;26.4;10.3
58;2021-04-18;20;7;52773;20582;26.4;10.3
58;2021-04-19;532;605;53305;21187;26.7;10.6
58;2021-04-20;486;1120;53791;22307;26.9;11.2
58;2021-04-21;626;970;54417;23277;27.3;11.7
58;2021-04-22;767;1525;55184;24802;27.6;12.4
58;2021-04-23;919;784;56103;25586;28.1;12.8
58;2021-04-24;211;205;56314;25791;28.2;12.9
58;2021-04-25;109;9;56423;25800;28.3;12.9
58;2021-04-26;762;247;57185;26047;28.7;13.0
58;2021-04-27;1499;1112;58684;27159;29.4;13.6
58;2021-04-28;1535;1051;60219;28210;30.2;14.1
58;2021-04-29;1442;1039;61661;29249;30.9;14.7
58;2021-04-30;1257;939;62918;30188;31.5;15.1
58;2021-05-01;6;17;62924;30205;31.5;15.1
58;2021-05-02;4;2;62928;30207;31.5;15.1
58;2021-05-03;1045;404;63973;30611;32.1;15.3
58;2021-05-04;1076;1348;65049;31959;32.6;16.0
58;2021-05-05;952;1090;66001;33049;33.1;16.6
58;2021-05-06;1361;1060;67362;34109;33.7;17.1
58;2021-05-07;1110;1090;68472;35199;34.3;17.6
58;2021-05-08;59;60;68531;35259;34.3;17.7
58;2021-05-09;5;19;68536;35278;34.3;17.7
58;2021-05-10;875;989;69411;36267;34.8;18.2
58;2021-05-11;1185;1982;70596;38249;35.4;19.2
58;2021-05-12;1662;1553;72258;39802;36.2;19.9
58;2021-05-13;49;181;72307;39983;36.2;20.0
58;2021-05-14;2310;909;74617;40892;37.4;20.5
58;2021-05-15;1725;458;76342;41350;38.2;20.7
58;2021-05-16;118;30;76460;41380;38.3;20.7
58;2021-05-17;792;609;77252;41989;38.7;21.0
58;2021-05-18;1332;1183;78584;43172;39.4;21.6
58;2021-05-19;1737;545;80321;43717;40.2;21.9
58;2021-05-20;1701;670;82022;44387;41.1;22.2
58;2021-05-21;854;727;82876;45114;41.5;22.6
58;2021-05-22;304;239;83180;45353;41.7;22.7
58;2021-05-23;2;21;83182;45374;41.7;22.7
58;2021-05-24;21;43;83203;45417;41.7;22.8
58;2021-05-25;1386;1152;84589;46569;42.4;23.3
58;2021-05-26;844;840;85433;47409;42.8;23.8
58;2021-05-27;752;943;86185;48352;43.2;24.2
58;2021-05-28;430;911;86615;49263;43.4;24.7
58;2021-05-29;151;212;86766;49475;43.5;24.8
58;2021-05-30;21;19;86787;49494;43.5;24.8
58;2021-05-31;757;398;87544;49892;43.9;25.0
58;2021-06-01;1373;1658;88917;51550;44.5;25.8
58;2021-06-02;1463;1044;90380;52594;45.3;26.4
58;2021-06-03;1026;959;91406;53553;45.8;26.8
58;2021-06-04;845;915;92251;54468;46.2;27.3
58;2021-06-05;272;262;92523;54730;46.4;27.4
58;2021-06-06;24;49;92547;54779;46.4;27.4
58;2021-06-07;713;793;93260;55572;46.7;27.8
58;2021-06-08;1323;1758;94583;57330;47.4;28.7
58;2021-06-09;1401;1008;95984;58338;48.1;29.2
58;2021-06-10;1108;981;97092;59319;48.6;29.7
58;2021-06-11;1030;906;98122;60225;49.2;30.2
58;2021-06-12;1055;415;99177;60640;49.7;30.4
58;2021-06-13;36;33;99213;60673;49.7;30.4
58;2021-06-14;516;1016;99729;61689;50.0;30.9
58;2021-06-15;1594;1757;101323;63446;50.8;31.8
58;2021-06-16;1805;993;103128;64439;51.7;32.3
58;2021-06-17;2023;1109;105151;65548;52.7;32.8
58;2021-06-18;986;1064;106137;66612;53.2;33.4
58;2021-06-19;581;319;106718;66931;53.5;33.5
58;2021-06-20;9;2;106727;66933;53.5;33.5
58;2021-06-21;472;551;107199;67484;53.7;33.8
58;2021-06-22;1028;1966;108227;69450;54.2;34.8
58;2021-06-23;1478;1512;109705;70962;55.0;35.6
58;2021-06-24;728;1025;110433;71987;55.3;36.1
58;2021-06-25;824;1718;111257;73705;55.7;36.9
58;2021-06-26;554;1229;111811;74934;56.0;37.5
58;2021-06-27;17;26;111828;74960;56.0;37.6
58;2021-06-28;463;988;112291;75948;56.3;38.1
58;2021-06-29;623;2162;112914;78110;56.6;39.1
58;2021-06-30;998;1623;113912;79733;57.1;39.9
58;2021-07-01;757;1673;114669;81406;57.5;40.8
58;2021-07-02;450;849;115119;82255;57.7;41.2
58;2021-07-03;249;512;115368;82767;57.8;41.5
58;2021-07-04;12;30;115380;82797;57.8;41.5
58;2021-07-05;510;768;115890;83565;58.1;41.9
58;2021-07-06;694;2122;116584;85687;58.4;42.9
58;2021-07-07;387;956;116971;86643;58.6;43.4
58;2021-07-08;397;1020;117368;87663;58.8;43.9
58;2021-07-09;709;1417;118077;89080;59.2;44.6
58;2021-07-10;260;413;118337;89493;59.3;44.8
58;2021-07-11;175;53;118512;89546;59.4;44.9
58;2021-07-12;197;968;118709;90514;59.5;45.3
58;2021-07-13;931;2501;119640;93015;59.9;46.6
58;2021-07-14;27;62;119667;93077;60.0;46.6
58;2021-07-15;1134;1938;120801;95015;60.5;47.6
58;2021-07-16;1411;1448;122212;96463;61.2;48.3
58;2021-07-17;463;288;122675;96751;61.5;48.5
58;2021-07-18;102;21;122777;96772;61.5;48.5
58;2021-07-19;1646;991;124423;97763;62.3;49.0
58;2021-07-20;1404;2461;125827;100224;63.0;50.2
58;2021-07-21;1185;2037;127012;102261;63.6;51.2
58;2021-07-22;1135;1672;128147;103933;64.2;52.1
58;2021-07-23;1254;1446;129401;105379;64.8;52.8
58;2021-07-24;994;1271;130395;106650;65.3;53.4
58;2021-07-25;88;39;130483;106689;65.4;53.5
58;2021-07-26;976;859;131459;107548;65.9;53.9
58;2021-07-27;1558;2579;133017;110127;66.6;55.2
58;2021-07-28;1568;1968;134585;112095;67.4;56.2
58;2021-07-29;1572;1615;136157;113710;68.2;57.0
58;2021-07-30;1461;1428;137618;115138;68.9;57.7
58;2021-07-31;562;523;138180;115661;69.2;57.9
58;2021-08-01;34;13;138214;115674;69.2;58.0
58;2021-08-02;1583;863;139797;116537;70.0;58.4
58;2021-08-03;2042;1779;141839;118316;71.1;59.3
58;2021-08-04;1304;1183;143143;119499;71.7;59.9
58;2021-08-05;1618;1180;144761;120679;72.5;60.5
58;2021-08-06;1354;1029;146115;121708;73.2;61.0
58;2021-08-07;311;401;146426;122109;73.4;61.2
58;2021-08-08;30;57;146456;122166;73.4;61.2
58;2021-08-09;1075;1380;147531;123546;73.9;61.9
58;2021-08-10;1773;1385;149304;124931;74.8;62.6
58;2021-08-11;1101;770;150405;125701;75.4;63.0
58;2021-08-12;1055;1107;151460;126808;75.9;63.5
59;2020-12-27;1;0;1;0;0.0;0.0
59;2020-12-28;26;0;27;0;0.0;0.0
59;2020-12-29;0;0;27;0;0.0;0.0
59;2020-12-30;0;0;27;0;0.0;0.0
59;2020-12-31;1;0;28;0;0.0;0.0
59;2021-01-01;3;0;31;0;0.0;0.0
59;2021-01-02;1;0;32;0;0.0;0.0
59;2021-01-03;2;0;34;0;0.0;0.0
59;2021-01-04;79;0;113;0;0.0;0.0
59;2021-01-05;217;0;330;0;0.0;0.0
59;2021-01-06;430;2;760;2;0.0;0.0
59;2021-01-07;1313;0;2073;2;0.1;0.0
59;2021-01-08;1262;4;3335;6;0.1;0.0
59;2021-01-09;609;3;3944;9;0.2;0.0
59;2021-01-10;427;0;4371;9;0.2;0.0
59;2021-01-11;1844;5;6215;14;0.2;0.0
59;2021-01-12;2470;2;8685;16;0.3;0.0
59;2021-01-13;2364;3;11049;19;0.4;0.0
59;2021-01-14;2756;22;13805;41;0.5;0.0
59;2021-01-15;2273;16;16078;57;0.6;0.0
59;2021-01-16;770;1;16848;58;0.7;0.0
59;2021-01-17;560;1;17408;59;0.7;0.0
59;2021-01-18;3508;14;20916;73;0.8;0.0
59;2021-01-19;4753;9;25669;82;1.0;0.0
59;2021-01-20;4133;12;29802;94;1.2;0.0
59;2021-01-21;4724;39;34526;133;1.3;0.0
59;2021-01-22;4020;11;38546;144;1.5;0.0
59;2021-01-23;1214;3;39760;147;1.5;0.0
59;2021-01-24;168;0;39928;147;1.5;0.0
59;2021-01-25;2728;58;42656;205;1.6;0.0
59;2021-01-26;2802;137;45458;342;1.8;0.0
59;2021-01-27;1736;308;47194;650;1.8;0.0
59;2021-01-28;3396;764;50590;1414;2.0;0.1
59;2021-01-29;2541;794;53131;2208;2.1;0.1
59;2021-01-30;288;176;53419;2384;2.1;0.1
59;2021-01-31;24;0;53443;2384;2.1;0.1
59;2021-02-01;77;864;53520;3248;2.1;0.1
59;2021-02-02;684;1433;54204;4681;2.1;0.2
59;2021-02-03;3747;1438;57951;6119;2.2;0.2
59;2021-02-04;2957;1744;60908;7863;2.4;0.3
59;2021-02-05;1048;1410;61956;9273;2.4;0.4
59;2021-02-06;206;356;62162;9629;2.4;0.4
59;2021-02-07;268;49;62430;9678;2.4;0.4
59;2021-02-08;683;1625;63113;11303;2.4;0.4
59;2021-02-09;1009;1844;64122;13147;2.5;0.5
59;2021-02-10;974;1639;65096;14786;2.5;0.6
59;2021-02-11;1346;1811;66442;16597;2.6;0.6
59;2021-02-12;1412;1645;67854;18242;2.6;0.7
59;2021-02-13;207;749;68061;18991;2.6;0.7
59;2021-02-14;13;42;68074;19033;2.6;0.7
59;2021-02-15;1394;3116;69468;22149;2.7;0.9
59;2021-02-16;1432;3776;70900;25925;2.7;1.0
59;2021-02-17;1617;3833;72517;29758;2.8;1.1
59;2021-02-18;3106;5197;75623;34955;2.9;1.4
59;2021-02-19;3209;3620;78832;38575;3.0;1.5
59;2021-02-20;1413;1590;80245;40165;3.1;1.6
59;2021-02-21;242;261;80487;40426;3.1;1.6
59;2021-02-22;1431;2588;81918;43014;3.2;1.7
59;2021-02-23;2657;2863;84575;45877;3.3;1.8
59;2021-02-24;4105;4058;88680;49935;3.4;1.9
59;2021-02-25;6917;3729;95597;53664;3.7;2.1
59;2021-02-26;6496;1895;102093;55559;3.9;2.1
59;2021-02-27;3095;181;105188;55740;4.1;2.2
59;2021-02-28;208;59;105396;55799;4.1;2.2
59;2021-03-01;3694;667;109090;56466;4.2;2.2
59;2021-03-02;4793;567;113883;57033;4.4;2.2
59;2021-03-03;5744;995;119627;58028;4.6;2.2
59;2021-03-04;7083;940;126710;58968;4.9;2.3
59;2021-03-05;7824;975;134534;59943;5.2;2.3
59;2021-03-06;11557;525;146091;60468;5.6;2.3
59;2021-03-07;7584;341;153675;60809;5.9;2.3
59;2021-03-08;4496;1095;158171;61904;6.1;2.4
59;2021-03-09;6581;1411;164752;63315;6.4;2.4
59;2021-03-10;7022;1186;171774;64501;6.6;2.5
59;2021-03-11;9469;1859;181243;66360;7.0;2.6
59;2021-03-12;12144;1528;193387;67888;7.5;2.6
59;2021-03-13;16554;1062;209941;68950;8.1;2.7
59;2021-03-14;6960;314;216901;69264;8.4;2.7
59;2021-03-15;5612;1496;222513;70760;8.6;2.7
59;2021-03-16;3738;1326;226251;72086;8.7;2.8
59;2021-03-17;3852;2095;230103;74181;8.9;2.9
59;2021-03-18;3956;2493;234059;76674;9.0;3.0
59;2021-03-19;7739;1819;241798;78493;9.3;3.0
59;2021-03-20;16019;1259;257817;79752;10.0;3.1
59;2021-03-21;6313;434;264130;80186;10.2;3.1
59;2021-03-22;5445;1771;269575;81957;10.4;3.2
59;2021-03-23;7769;2814;277344;84771;10.7;3.3
59;2021-03-24;6859;2959;284203;87730;11.0;3.4
59;2021-03-25;10530;2534;294733;90264;11.4;3.5
59;2021-03-26;12248;2835;306981;93099;11.9;3.6
59;2021-03-27;15275;1115;322256;94214;12.4;3.6
59;2021-03-28;7983;345;330239;94559;12.8;3.7
59;2021-03-29;5494;3201;335733;97760;13.0;3.8
59;2021-03-30;7537;3742;343270;101502;13.3;3.9
59;2021-03-31;6154;4101;349424;105603;13.5;4.1
59;2021-04-01;7489;4907;356913;110510;13.8;4.3
59;2021-04-02;7643;5521;364556;116031;14.1;4.5
59;2021-04-03;13013;4296;377569;120327;14.6;4.6
59;2021-04-04;5348;2181;382917;122508;14.8;4.7
59;2021-04-05;6010;1531;388927;124039;15.0;4.8
59;2021-04-06;5397;4493;394324;128532;15.2;5.0
59;2021-04-07;7625;5428;401949;133960;15.5;5.2
59;2021-04-08;10389;5753;412338;139713;15.9;5.4
59;2021-04-09;13418;5912;425756;145625;16.4;5.6
59;2021-04-10;11474;6132;437230;151757;16.9;5.9
59;2021-04-11;4634;3569;441864;155326;17.1;6.0
59;2021-04-12;6306;4350;448170;159676;17.3;6.2
59;2021-04-13;8932;4789;457102;164465;17.7;6.4
59;2021-04-14;8789;4331;465891;168796;18.0;6.5
59;2021-04-15;10304;4838;476195;173634;18.4;6.7
59;2021-04-16;10883;5502;487078;179136;18.8;6.9
59;2021-04-17;7298;9082;494376;188218;19.1;7.3
59;2021-04-18;3232;4169;497608;192387;19.2;7.4
59;2021-04-19;5045;4304;502653;196691;19.4;7.6
59;2021-04-20;6894;4207;509547;200898;19.7;7.8
59;2021-04-21;6247;4423;515794;205321;19.9;7.9
59;2021-04-22;8596;5507;524390;210828;20.3;8.1
59;2021-04-23;8455;5684;532845;216512;20.6;8.4
59;2021-04-24;5535;8066;538380;224578;20.8;8.7
59;2021-04-25;3241;6080;541621;230658;20.9;8.9
59;2021-04-26;6490;3790;548111;234448;21.2;9.1
59;2021-04-27;8359;5193;556470;239641;21.5;9.3
59;2021-04-28;8769;6568;565239;246209;21.8;9.5
59;2021-04-29;9413;8570;574652;254779;22.2;9.8
59;2021-04-30;10600;8541;585252;263320;22.6;10.2
59;2021-05-01;11997;7586;597249;270906;23.1;10.5
59;2021-05-02;8645;5991;605894;276897;23.4;10.7
59;2021-05-03;9555;5065;615449;281962;23.8;10.9
59;2021-05-04;11425;6010;626874;287972;24.2;11.1
59;2021-05-05;10294;6217;637168;294189;24.6;11.4
59;2021-05-06;11196;8460;648364;302649;25.0;11.7
59;2021-05-07;13297;9623;661661;312272;25.6;12.1
59;2021-05-08;14739;4162;676400;316434;26.1;12.2
59;2021-05-09;11492;3336;687892;319770;26.6;12.4
59;2021-05-10;12742;6641;700634;326411;27.1;12.6
59;2021-05-11;15111;8335;715745;334746;27.6;12.9
59;2021-05-12;16626;8643;732371;343389;28.3;13.3
59;2021-05-13;18442;3453;750813;346842;29.0;13.4
59;2021-05-14;15780;6962;766593;353804;29.6;13.7
59;2021-05-15;23445;5302;790038;359106;30.5;13.9
59;2021-05-16;21182;2407;811220;361513;31.3;14.0
59;2021-05-17;15073;5273;826293;366786;31.9;14.2
59;2021-05-18;16925;5674;843218;372460;32.6;14.4
59;2021-05-19;18318;5098;861536;377558;33.3;14.6
59;2021-05-20;17931;7016;879467;384574;34.0;14.9
59;2021-05-21;18370;8296;897837;392870;34.7;15.2
59;2021-05-22;23815;5691;921652;398561;35.6;15.4
59;2021-05-23;17922;2265;939574;400826;36.3;15.5
59;2021-05-24;16689;2128;956263;402954;36.9;15.6
59;2021-05-25;14990;6676;971253;409630;37.5;15.8
59;2021-05-26;15892;7046;987145;416676;38.1;16.1
59;2021-05-27;16146;9182;1003291;425858;38.8;16.4
59;2021-05-28;15888;11474;1019179;437332;39.4;16.9
59;2021-05-29;14373;8722;1033552;446054;39.9;17.2
59;2021-05-30;8404;1844;1041956;447898;40.2;17.3
59;2021-05-31;14202;7970;1056158;455868;40.8;17.6
59;2021-06-01;15091;10422;1071249;466290;41.4;18.0
59;2021-06-02;14766;9945;1086015;476235;41.9;18.4
59;2021-06-03;15626;12144;1101641;488379;42.6;18.9
59;2021-06-04;15598;13503;1117239;501882;43.2;19.4
59;2021-06-05;14979;9339;1132218;511221;43.7;19.7
59;2021-06-06;8829;3203;1141047;514424;44.1;19.9
59;2021-06-07;10527;9444;1151574;523868;44.5;20.2
59;2021-06-08;11761;11093;1163335;534961;44.9;20.7
59;2021-06-09;10765;11917;1174100;546878;45.3;21.1
59;2021-06-10;11498;12327;1185598;559205;45.8;21.6
59;2021-06-11;10973;16016;1196571;575221;46.2;22.2
59;2021-06-12;11078;13682;1207649;588903;46.6;22.7
59;2021-06-13;6340;7032;1213989;595935;46.9;23.0
59;2021-06-14;6503;12697;1220492;608632;47.1;23.5
59;2021-06-15;8237;15953;1228729;624585;47.5;24.1
59;2021-06-16;9201;13552;1237930;638137;47.8;24.6
59;2021-06-17;9185;15652;1247115;653789;48.2;25.3
59;2021-06-18;9079;20053;1256194;673842;48.5;26.0
59;2021-06-19;8956;17483;1265150;691325;48.9;26.7
59;2021-06-20;4899;10189;1270049;701514;49.1;27.1
59;2021-06-21;5277;15969;1275326;717483;49.3;27.7
59;2021-06-22;6333;18686;1281659;736169;49.5;28.4
59;2021-06-23;6164;19089;1287823;755258;49.7;29.2
59;2021-06-24;7331;20532;1295154;775790;50.0;30.0
59;2021-06-25;6507;21208;1301661;796998;50.3;30.8
59;2021-06-26;6483;23762;1308144;820760;50.5;31.7
59;2021-06-27;4755;17081;1312899;837841;50.7;32.4
59;2021-06-28;4997;19827;1317896;857668;50.9;33.1
59;2021-06-29;5550;20370;1323446;878038;51.1;33.9
59;2021-06-30;6134;20098;1329580;898136;51.4;34.7
59;2021-07-01;6783;20840;1336363;918976;51.6;35.5
59;2021-07-02;6827;23243;1343190;942219;51.9;36.4
59;2021-07-03;5558;24617;1348748;966836;52.1;37.3
59;2021-07-04;4413;15979;1353161;982815;52.3;38.0
59;2021-07-05;5657;17483;1358818;1000298;52.5;38.6
59;2021-07-06;6590;18807;1365408;1019105;52.7;39.4
59;2021-07-07;6936;17460;1372344;1036565;53.0;40.0
59;2021-07-08;8008;17708;1380352;1054273;53.3;40.7
59;2021-07-09;7697;20305;1388049;1074578;53.6;41.5
59;2021-07-10;7436;18544;1395485;1093122;53.9;42.2
59;2021-07-11;4452;10227;1399937;1103349;54.1;42.6
59;2021-07-12;5900;18036;1405837;1121385;54.3;43.3
59;2021-07-13;9888;20763;1415725;1142148;54.7;44.1
59;2021-07-14;9778;8462;1425503;1150610;55.1;44.4
59;2021-07-15;11620;20417;1437123;1171027;55.5;45.2
59;2021-07-16;13185;20515;1450308;1191542;56.0;46.0
59;2021-07-17;12372;17445;1462680;1208987;56.5;46.7
59;2021-07-18;7943;8682;1470623;1217669;56.8;47.0
59;2021-07-19;10369;16452;1480992;1234121;57.2;47.7
59;2021-07-20;13359;17126;1494351;1251247;57.7;48.3
59;2021-07-21;14492;15580;1508843;1266827;58.3;48.9
59;2021-07-22;16998;15194;1525841;1282021;58.9;49.5
59;2021-07-23;15671;15825;1541512;1297846;59.5;50.1
59;2021-07-24;16303;12271;1557815;1310117;60.2;50.6
59;2021-07-25;11892;7300;1569707;1317417;60.6;50.9
59;2021-07-26;12994;12590;1582701;1330007;61.1;51.4
59;2021-07-27;16077;11931;1598778;1341938;61.8;51.8
59;2021-07-28;17361;11626;1616139;1353564;62.4;52.3
59;2021-07-29;17326;11644;1633465;1365208;63.1;52.7
59;2021-07-30;15848;11568;1649313;1376776;63.7;53.2
59;2021-07-31;13924;9137;1663237;1385913;64.2;53.5
59;2021-08-01;9927;4511;1673164;1390424;64.6;53.7
59;2021-08-02;12067;9988;1685231;1400412;65.1;54.1
59;2021-08-03;13347;10020;1698578;1410432;65.6;54.5
59;2021-08-04;11169;8250;1709747;1418682;66.0;54.8
59;2021-08-05;12650;9755;1722397;1428437;66.5;55.2
59;2021-08-06;12443;10986;1734840;1439423;67.0;55.6
59;2021-08-07;9688;9257;1744528;1448680;67.4;56.0
59;2021-08-08;6927;5216;1751455;1453896;67.7;56.2
59;2021-08-09;8354;10765;1759809;1464661;68.0;56.6
59;2021-08-10;10307;10729;1770116;1475390;68.4;57.0
59;2021-08-11;8581;9260;1778697;1484650;68.7;57.3
59;2021-08-12;8926;11988;1787623;1496638;69.0;57.8
60;2020-12-27;0;0;0;0;0.0;0.0
60;2020-12-28;0;0;0;0;0.0;0.0
60;2020-12-29;1;0;1;0;0.0;0.0
60;2020-12-30;0;0;1;0;0.0;0.0
60;2020-12-31;0;0;1;0;0.0;0.0
60;2021-01-01;0;0;1;0;0.0;0.0
60;2021-01-02;5;0;6;0;0.0;0.0
60;2021-01-03;1;0;7;0;0.0;0.0
60;2021-01-04;1;0;8;0;0.0;0.0
60;2021-01-05;37;0;45;0;0.0;0.0
60;2021-01-06;188;4;233;4;0.0;0.0
60;2021-01-07;236;4;469;8;0.1;0.0
60;2021-01-08;380;3;849;11;0.1;0.0
60;2021-01-09;3;0;852;11;0.1;0.0
60;2021-01-10;60;0;912;11;0.1;0.0
60;2021-01-11;342;2;1254;13;0.2;0.0
60;2021-01-12;534;2;1788;15;0.2;0.0
60;2021-01-13;476;5;2264;20;0.3;0.0
60;2021-01-14;507;5;2771;25;0.3;0.0
60;2021-01-15;700;6;3471;31;0.4;0.0
60;2021-01-16;124;1;3595;32;0.4;0.0
60;2021-01-17;31;0;3626;32;0.4;0.0
60;2021-01-18;859;5;4485;37;0.5;0.0
60;2021-01-19;1168;10;5653;47;0.7;0.0
60;2021-01-20;1689;13;7342;60;0.9;0.0
60;2021-01-21;2188;10;9530;70;1.2;0.0
60;2021-01-22;1523;14;11053;84;1.3;0.0
60;2021-01-23;499;4;11552;88;1.4;0.0
60;2021-01-24;61;1;11613;89;1.4;0.0
60;2021-01-25;895;14;12508;103;1.5;0.0
60;2021-01-26;950;14;13458;117;1.6;0.0
60;2021-01-27;643;8;14101;125;1.7;0.0
60;2021-01-28;395;168;14496;293;1.8;0.0
60;2021-01-29;77;106;14573;399;1.8;0.0
60;2021-01-30;0;1;14573;400;1.8;0.0
60;2021-01-31;22;61;14595;461;1.8;0.1
60;2021-02-01;38;108;14633;569;1.8;0.1
60;2021-02-02;26;159;14659;728;1.8;0.1
60;2021-02-03;161;238;14820;966;1.8;0.1
60;2021-02-04;170;341;14990;1307;1.8;0.2
60;2021-02-05;313;476;15303;1783;1.9;0.2
60;2021-02-06;63;79;15366;1862;1.9;0.2
60;2021-02-07;31;32;15397;1894;1.9;0.2
60;2021-02-08;328;518;15725;2412;1.9;0.3
60;2021-02-09;317;468;16042;2880;1.9;0.3
60;2021-02-10;552;993;16594;3873;2.0;0.5
60;2021-02-11;936;1129;17530;5002;2.1;0.6
60;2021-02-12;911;858;18441;5860;2.2;0.7
60;2021-02-13;90;308;18531;6168;2.2;0.7
60;2021-02-14;24;91;18555;6259;2.2;0.8
60;2021-02-15;613;810;19168;7069;2.3;0.9
60;2021-02-16;581;927;19749;7996;2.4;1.0
60;2021-02-17;630;929;20379;8925;2.5;1.1
60;2021-02-18;684;826;21063;9751;2.6;1.2
60;2021-02-19;641;768;21704;10519;2.6;1.3
60;2021-02-20;103;190;21807;10709;2.6;1.3
60;2021-02-21;22;121;21829;10830;2.6;1.3
60;2021-02-22;461;875;22290;11705;2.7;1.4
60;2021-02-23;533;789;22823;12494;2.8;1.5
60;2021-02-24;793;552;23616;13046;2.9;1.6
60;2021-02-25;1095;311;24711;13357;3.0;1.6
60;2021-02-26;1298;186;26009;13543;3.2;1.6
60;2021-02-27;666;35;26675;13578;3.2;1.6
60;2021-02-28;7;10;26682;13588;3.2;1.6
60;2021-03-01;893;49;27575;13637;3.3;1.7
60;2021-03-02;1013;164;28588;13801;3.5;1.7
60;2021-03-03;1321;447;29909;14248;3.6;1.7
60;2021-03-04;1724;518;31633;14766;3.8;1.8
60;2021-03-05;1820;288;33453;15054;4.1;1.8
60;2021-03-06;1919;136;35372;15190;4.3;1.8
60;2021-03-07;885;30;36257;15220;4.4;1.8
60;2021-03-08;977;314;37234;15534;4.5;1.9
60;2021-03-09;1642;355;38876;15889;4.7;1.9
60;2021-03-10;1937;426;40813;16315;4.9;2.0
60;2021-03-11;2324;383;43137;16698;5.2;2.0
60;2021-03-12;2592;544;45729;17242;5.5;2.1
60;2021-03-13;3837;207;49566;17449;6.0;2.1
60;2021-03-14;1779;58;51345;17507;6.2;2.1
60;2021-03-15;2091;502;53436;18009;6.5;2.2
60;2021-03-16;1583;625;55019;18634;6.7;2.3
60;2021-03-17;1658;617;56677;19251;6.9;2.3
60;2021-03-18;1759;735;58436;19986;7.1;2.4
60;2021-03-19;2590;527;61026;20513;7.4;2.5
60;2021-03-20;3236;189;64262;20702;7.8;2.5
60;2021-03-21;2125;98;66387;20800;8.0;2.5
60;2021-03-22;2132;711;68519;21511;8.3;2.6
60;2021-03-23;3307;725;71826;22236;8.7;2.7
60;2021-03-24;3069;877;74895;23113;9.1;2.8
60;2021-03-25;3849;845;78744;23958;9.5;2.9
60;2021-03-26;4216;871;82960;24829;10.1;3.0
60;2021-03-27;4141;310;87101;25139;10.6;3.0
60;2021-03-28;2448;77;89549;25216;10.9;3.1
60;2021-03-29;2608;1084;92157;26300;11.2;3.2
60;2021-03-30;3284;1070;95441;27370;11.6;3.3
60;2021-03-31;2669;1143;98110;28513;11.9;3.5
60;2021-04-01;2562;1105;100672;29618;12.2;3.6
60;2021-04-02;3307;1099;103979;30717;12.6;3.7
60;2021-04-03;3168;1011;107147;31728;13.0;3.8
60;2021-04-04;875;484;108022;32212;13.1;3.9
60;2021-04-05;458;81;108480;32293;13.1;3.9
60;2021-04-06;1964;1624;110444;33917;13.4;4.1
60;2021-04-07;1984;1747;112428;35664;13.6;4.3
60;2021-04-08;2612;1493;115040;37157;13.9;4.5
60;2021-04-09;2997;1517;118037;38674;14.3;4.7
60;2021-04-10;2928;1589;120965;40263;14.7;4.9
60;2021-04-11;1049;993;122014;41256;14.8;5.0
60;2021-04-12;2047;1721;124061;42977;15.0;5.2
60;2021-04-13;2747;1784;126808;44761;15.4;5.4
60;2021-04-14;3116;1811;129924;46572;15.7;5.6
60;2021-04-15;3545;1885;133469;48457;16.2;5.9
60;2021-04-16;3286;1949;136755;50406;16.6;6.1
60;2021-04-17;2849;2170;139604;52576;16.9;6.4
60;2021-04-18;573;1834;140177;54410;17.0;6.6
60;2021-04-19;1742;2210;141919;56620;17.2;6.9
60;2021-04-20;2128;2677;144047;59297;17.5;7.2
60;2021-04-21;2653;2206;146700;61503;17.8;7.5
60;2021-04-22;2630;2509;149330;64012;18.1;7.8
60;2021-04-23;2647;2501;151977;66513;18.4;8.1
60;2021-04-24;2471;3457;154448;69970;18.7;8.5
60;2021-04-25;1160;1963;155608;71933;18.9;8.7
60;2021-04-26;1890;2527;157498;74460;19.1;9.0
60;2021-04-27;2310;2847;159808;77307;19.4;9.4
60;2021-04-28;3063;2398;162871;79705;19.7;9.7
60;2021-04-29;3152;2627;166023;82332;20.1;10.0
60;2021-04-30;3459;2969;169482;85301;20.5;10.3
60;2021-05-01;2354;1124;171836;86425;20.8;10.5
60;2021-05-02;2147;842;173983;87267;21.1;10.6
60;2021-05-03;2955;1853;176938;89120;21.4;10.8
60;2021-05-04;3018;2355;179956;91475;21.8;11.1
60;2021-05-05;3256;2807;183212;94282;22.2;11.4
60;2021-05-06;3648;2480;186860;96762;22.6;11.7
60;2021-05-07;3986;2524;190846;99286;23.1;12.0
60;2021-05-08;3585;970;194431;100256;23.6;12.2
60;2021-05-09;3459;950;197890;101206;24.0;12.3
60;2021-05-10;2391;2294;200281;103500;24.3;12.5
60;2021-05-11;3667;2467;203948;105967;24.7;12.8
60;2021-05-12;4718;2548;208666;108515;25.3;13.2
60;2021-05-13;5292;1124;213958;109639;25.9;13.3
60;2021-05-14;5605;1810;219563;111449;26.6;13.5
60;2021-05-15;6172;1711;225735;113160;27.4;13.7
60;2021-05-16;4861;688;230596;113848;27.9;13.8
60;2021-05-17;3715;1674;234311;115522;28.4;14.0
60;2021-05-18;4048;2079;238359;117601;28.9;14.3
60;2021-05-19;5096;1853;243455;119454;29.5;14.5
60;2021-05-20;5458;1795;248913;121249;30.2;14.7
60;2021-05-21;5972;1974;254885;123223;30.9;14.9
60;2021-05-22;5356;1983;260241;125206;31.5;15.2
60;2021-05-23;4268;655;264509;125861;32.1;15.3
60;2021-05-24;2950;533;267459;126394;32.4;15.3
60;2021-05-25;4138;2001;271597;128395;32.9;15.6
60;2021-05-26;4466;1831;276063;130226;33.5;15.8
60;2021-05-27;4612;1996;280675;132222;34.0;16.0
60;2021-05-28;4627;2511;285302;134733;34.6;16.3
60;2021-05-29;4613;2272;289915;137005;35.1;16.6
60;2021-05-30;1086;351;291001;137356;35.3;16.6
60;2021-05-31;3830;2082;294831;139438;35.7;16.9
60;2021-06-01;4444;2851;299275;142289;36.3;17.2
60;2021-06-02;3910;2447;303185;144736;36.7;17.5
60;2021-06-03;3906;2376;307091;147112;37.2;17.8
60;2021-06-04;4653;2905;311744;150017;37.8;18.2
60;2021-06-05;4303;3419;316047;153436;38.3;18.6
60;2021-06-06;2157;795;318204;154231;38.6;18.7
60;2021-06-07;2777;2754;320981;156985;38.9;19.0
60;2021-06-08;3799;3008;324780;159993;39.4;19.4
60;2021-06-09;3244;3399;328024;163392;39.8;19.8
60;2021-06-10;3451;3365;331475;166757;40.2;20.2
60;2021-06-11;3881;4197;335356;170954;40.6;20.7
60;2021-06-12;3779;4277;339135;175231;41.1;21.2
60;2021-06-13;1156;2225;340291;177456;41.2;21.5
60;2021-06-14;1907;3305;342198;180761;41.5;21.9
60;2021-06-15;3014;4167;345212;184928;41.8;22.4
60;2021-06-16;3252;4491;348464;189419;42.2;23.0
60;2021-06-17;2978;4784;351442;194203;42.6;23.5
60;2021-06-18;2985;4603;354427;198806;43.0;24.1
60;2021-06-19;3142;4724;357569;203530;43.3;24.7
60;2021-06-20;1430;1935;358999;205465;43.5;24.9
60;2021-06-21;1408;4039;360407;209504;43.7;25.4
60;2021-06-22;1759;5292;362166;214796;43.9;26.0
60;2021-06-23;1862;5239;364028;220035;44.1;26.7
60;2021-06-24;1805;5604;365833;225639;44.3;27.3
60;2021-06-25;1902;5727;367735;231366;44.6;28.0
60;2021-06-26;1855;6981;369590;238347;44.8;28.9
60;2021-06-27;714;2594;370304;240941;44.9;29.2
60;2021-06-28;1780;4142;372084;245083;45.1;29.7
60;2021-06-29;2011;5465;374095;250548;45.3;30.4
60;2021-06-30;2286;5357;376381;255905;45.6;31.0
60;2021-07-01;1887;4920;378268;260825;45.8;31.6
60;2021-07-02;2368;5882;380636;266707;46.1;32.3
60;2021-07-03;2398;6169;383034;272876;46.4;33.1
60;2021-07-04;792;2726;383826;275602;46.5;33.4
60;2021-07-05;1653;4397;385479;279999;46.7;33.9
60;2021-07-06;2140;4501;387619;284500;47.0;34.5
60;2021-07-07;2172;5121;389791;289621;47.2;35.1
60;2021-07-08;2670;4695;392461;294316;47.6;35.7
60;2021-07-09;2639;5558;395100;299874;47.9;36.3
60;2021-07-10;2578;5876;397678;305750;48.2;37.1
60;2021-07-11;1214;1944;398892;307694;48.3;37.3
60;2021-07-12;1428;4746;400320;312440;48.5;37.9
60;2021-07-13;2908;5023;403228;317463;48.9;38.5
60;2021-07-14;2576;1409;405804;318872;49.2;38.6
60;2021-07-15;3424;4874;409228;323746;49.6;39.2
60;2021-07-16;3676;5244;412904;328990;50.0;39.9
60;2021-07-17;4069;5141;416973;334131;50.5;40.5
60;2021-07-18;2180;2123;419153;336254;50.8;40.8
60;2021-07-19;2535;3903;421688;340157;51.1;41.2
60;2021-07-20;4175;4899;425863;345056;51.6;41.8
60;2021-07-21;4326;4273;430189;349329;52.1;42.3
60;2021-07-22;4623;4330;434812;353659;52.7;42.9
60;2021-07-23;4963;4892;439775;358551;53.3;43.5
60;2021-07-24;4301;4665;444076;363216;53.8;44.0
60;2021-07-25;2596;1821;446672;365037;54.1;44.2
60;2021-07-26;3359;3756;450031;368793;54.5;44.7
60;2021-07-27;4412;4629;454443;373422;55.1;45.3
60;2021-07-28;4525;3758;458968;377180;55.6;45.7
60;2021-07-29;4889;3701;463857;380881;56.2;46.2
60;2021-07-30;5001;4244;468858;385125;56.8;46.7
60;2021-07-31;4046;3954;472904;389079;57.3;47.2
60;2021-08-01;1679;859;474583;389938;57.5;47.3
60;2021-08-02;3161;2749;477744;392687;57.9;47.6
60;2021-08-03;3574;2888;481318;395575;58.3;47.9
60;2021-08-04;3290;2785;484608;398360;58.7;48.3
60;2021-08-05;3015;2248;487623;400608;59.1;48.6
60;2021-08-06;3812;3054;491435;403662;59.6;48.9
60;2021-08-07;3360;3065;494795;406727;60.0;49.3
60;2021-08-08;1532;901;496327;407628;60.2;49.4
60;2021-08-09;2190;2852;498517;410480;60.4;49.8
60;2021-08-10;3249;3292;501766;413772;60.8;50.1
60;2021-08-11;2778;3217;504544;416989;61.2;50.5
60;2021-08-12;2332;2649;506876;419638;61.4;50.9
61;2020-12-27;0;0;0;0;0.0;0.0
61;2020-12-28;0;0;0;0;0.0;0.0
61;2020-12-29;0;0;0;0;0.0;0.0
61;2020-12-30;0;0;0;0;0.0;0.0
61;2020-12-31;0;0;0;0;0.0;0.0
61;2021-01-01;1;0;1;0;0.0;0.0
61;2021-01-02;1;0;2;0;0.0;0.0
61;2021-01-03;0;0;2;0;0.0;0.0
61;2021-01-04;1;0;3;0;0.0;0.0
61;2021-01-05;3;0;6;0;0.0;0.0
61;2021-01-06;76;0;82;0;0.0;0.0
61;2021-01-07;175;2;257;2;0.1;0.0
61;2021-01-08;406;1;663;3;0.2;0.0
61;2021-01-09;165;1;828;4;0.3;0.0
61;2021-01-10;49;0;877;4;0.3;0.0
61;2021-01-11;396;1;1273;5;0.5;0.0
61;2021-01-12;680;2;1953;7;0.7;0.0
61;2021-01-13;739;1;2692;8;1.0;0.0
61;2021-01-14;528;8;3220;16;1.2;0.0
61;2021-01-15;538;4;3758;20;1.4;0.0
61;2021-01-16;289;1;4047;21;1.5;0.0
61;2021-01-17;834;7;4881;28;1.8;0.0
61;2021-01-18;1913;3;6794;31;2.5;0.0
61;2021-01-19;1323;4;8117;35;2.9;0.0
61;2021-01-20;683;0;8800;35;3.2;0.0
61;2021-01-21;844;1;9644;36;3.5;0.0
61;2021-01-22;764;1;10408;37;3.8;0.0
61;2021-01-23;256;2;10664;39;3.9;0.0
61;2021-01-24;228;0;10892;39;3.9;0.0
61;2021-01-25;578;2;11470;41;4.1;0.0
61;2021-01-26;557;0;12027;41;4.3;0.0
61;2021-01-27;569;14;12596;55;4.5;0.0
61;2021-01-28;464;53;13060;108;4.7;0.0
61;2021-01-29;479;204;13539;312;4.9;0.1
61;2021-01-30;212;3;13751;315;5.0;0.1
61;2021-01-31;106;0;13857;315;5.0;0.1
61;2021-02-01;430;190;14287;505;5.2;0.2
61;2021-02-02;387;424;14674;929;5.3;0.3
61;2021-02-03;412;490;15086;1419;5.4;0.5
61;2021-02-04;390;338;15476;1757;5.6;0.6
61;2021-02-05;538;361;16014;2118;5.8;0.8
61;2021-02-06;196;91;16210;2209;5.9;0.8
61;2021-02-07;45;200;16255;2409;5.9;0.9
61;2021-02-08;540;1409;16795;3818;6.1;1.4
61;2021-02-09;404;808;17199;4626;6.2;1.7
61;2021-02-10;277;560;17476;5186;6.3;1.9
61;2021-02-11;432;562;17908;5748;6.5;2.1
61;2021-02-12;402;737;18310;6485;6.6;2.3
61;2021-02-13;132;431;18442;6916;6.7;2.5
61;2021-02-14;2;315;18444;7231;6.7;2.6
61;2021-02-15;171;846;18615;8077;6.7;2.9
61;2021-02-16;203;682;18818;8759;6.8;3.2
61;2021-02-17;44;639;18862;9398;6.8;3.4
61;2021-02-18;161;526;19023;9924;6.9;3.6
61;2021-02-19;101;391;19124;10315;6.9;3.7
61;2021-02-20;40;240;19164;10555;6.9;3.8
61;2021-02-21;1;155;19165;10710;6.9;3.9
61;2021-02-22;88;566;19253;11276;7.0;4.1
61;2021-02-23;112;495;19365;11771;7.0;4.3
61;2021-02-24;173;572;19538;12343;7.1;4.5
61;2021-02-25;265;446;19803;12789;7.2;4.6
61;2021-02-26;266;464;20069;13253;7.2;4.8
61;2021-02-27;109;226;20178;13479;7.3;4.9
61;2021-02-28;4;121;20182;13600;7.3;4.9
61;2021-03-01;217;611;20399;14211;7.4;5.1
61;2021-03-02;148;700;20547;14911;7.4;5.4
61;2021-03-03;142;448;20689;15359;7.5;5.5
61;2021-03-04;431;445;21120;15804;7.6;5.7
61;2021-03-05;701;297;21821;16101;7.9;5.8
61;2021-03-06;435;230;22256;16331;8.0;5.9
61;2021-03-07;155;2;22411;16333;8.1;5.9
61;2021-03-08;299;314;22710;16647;8.2;6.0
61;2021-03-09;622;185;23332;16832;8.4;6.1
61;2021-03-10;672;186;24004;17018;8.7;6.1
61;2021-03-11;1121;128;25125;17146;9.1;6.2
61;2021-03-12;1467;101;26592;17247;9.6;6.2
61;2021-03-13;774;52;27366;17299;9.9;6.2
61;2021-03-14;226;5;27592;17304;10.0;6.2
61;2021-03-15;814;35;28406;17339;10.3;6.3
61;2021-03-16;720;22;29126;17361;10.5;6.3
61;2021-03-17;760;13;29886;17374;10.8;6.3
61;2021-03-18;857;24;30743;17398;11.1;6.3
61;2021-03-19;1026;46;31769;17444;11.5;6.3
61;2021-03-20;471;14;32240;17458;11.6;6.3
61;2021-03-21;71;2;32311;17460;11.7;6.3
61;2021-03-22;796;87;33107;17547;12.0;6.3
61;2021-03-23;920;39;34027;17586;12.3;6.4
61;2021-03-24;1372;66;35399;17652;12.8;6.4
61;2021-03-25;1875;62;37274;17714;13.5;6.4
61;2021-03-26;1796;39;39070;17753;14.1;6.4
61;2021-03-27;1083;18;40153;17771;14.5;6.4
61;2021-03-28;359;9;40512;17780;14.6;6.4
61;2021-03-29;1271;181;41783;17961;15.1;6.5
61;2021-03-30;1471;95;43254;18056;15.6;6.5
61;2021-03-31;1686;48;44940;18104;16.2;6.5
61;2021-04-01;2049;222;46989;18326;17.0;6.6
61;2021-04-02;1516;429;48505;18755;17.5;6.8
61;2021-04-03;638;288;49143;19043;17.7;6.9
61;2021-04-04;193;1;49336;19044;17.8;6.9
61;2021-04-05;532;8;49868;19052;18.0;6.9
61;2021-04-06;1354;619;51222;19671;18.5;7.1
61;2021-04-07;1697;664;52919;20335;19.1;7.3
61;2021-04-08;2268;825;55187;21160;19.9;7.6
61;2021-04-09;2137;836;57324;21996;20.7;7.9
61;2021-04-10;1533;485;58857;22481;21.3;8.1
61;2021-04-11;238;197;59095;22678;21.3;8.2
61;2021-04-12;1289;736;60384;23414;21.8;8.5
61;2021-04-13;1741;703;62125;24117;22.4;8.7
61;2021-04-14;1731;786;63856;24903;23.1;9.0
61;2021-04-15;2267;780;66123;25683;23.9;9.3
61;2021-04-16;2224;684;68347;26367;24.7;9.5
61;2021-04-17;1487;319;69834;26686;25.2;9.6
61;2021-04-18;538;99;70372;26785;25.4;9.7
61;2021-04-19;938;745;71310;27530;25.8;9.9
61;2021-04-20;1524;784;72834;28314;26.3;10.2
61;2021-04-21;1351;1039;74185;29353;26.8;10.6
61;2021-04-22;1293;1217;75478;30570;27.3;11.0
61;2021-04-23;1218;1150;76696;31720;27.7;11.5
61;2021-04-24;1437;816;78133;32536;28.2;11.7
61;2021-04-25;361;330;78494;32866;28.3;11.9
61;2021-04-26;670;1142;79164;34008;28.6;12.3
61;2021-04-27;1464;1145;80628;35153;29.1;12.7
61;2021-04-28;1387;1387;82015;36540;29.6;13.2
61;2021-04-29;1251;1857;83266;38397;30.1;13.9
61;2021-04-30;1720;1172;84986;39569;30.7;14.3
61;2021-05-01;788;320;85774;39889;31.0;14.4
61;2021-05-02;438;225;86212;40114;31.1;14.5
61;2021-05-03;843;1250;87055;41364;31.4;14.9
61;2021-05-04;1326;1752;88381;43116;31.9;15.6
61;2021-05-05;1013;2029;89394;45145;32.3;16.3
61;2021-05-06;1771;2212;91165;47357;32.9;17.1
61;2021-05-07;1377;1965;92542;49322;33.4;17.8
61;2021-05-08;927;471;93469;49793;33.8;18.0
61;2021-05-09;393;291;93862;50084;33.9;18.1
61;2021-05-10;987;1755;94849;51839;34.3;18.7
61;2021-05-11;1374;1514;96223;53353;34.7;19.3
61;2021-05-12;1869;1590;98092;54943;35.4;19.8
61;2021-05-13;889;490;98981;55433;35.7;20.0
61;2021-05-14;1851;1192;100832;56625;36.4;20.4
61;2021-05-15;2099;1118;102931;57743;37.2;20.9
61;2021-05-16;984;300;103915;58043;37.5;21.0
61;2021-05-17;1312;913;105227;58956;38.0;21.3
61;2021-05-18;2423;891;107650;59847;38.9;21.6
61;2021-05-19;2402;800;110052;60647;39.7;21.9
61;2021-05-20;2214;811;112266;61458;40.5;22.2
61;2021-05-21;2148;857;114414;62315;41.3;22.5
61;2021-05-22;1778;717;116192;63032;42.0;22.8
61;2021-05-23;714;53;116906;63085;42.2;22.8
61;2021-05-24;913;110;117819;63195;42.5;22.8
61;2021-05-25;1992;921;119811;64116;43.3;23.2
61;2021-05-26;2038;927;121849;65043;44.0;23.5
61;2021-05-27;2040;1095;123889;66138;44.7;23.9
61;2021-05-28;2052;1378;125941;67516;45.5;24.4
61;2021-05-29;1462;554;127403;68070;46.0;24.6
61;2021-05-30;450;44;127853;68114;46.2;24.6
61;2021-05-31;1560;937;129413;69051;46.7;24.9
61;2021-06-01;1875;1387;131288;70438;47.4;25.4
61;2021-06-02;1675;1136;132963;71574;48.0;25.8
61;2021-06-03;2248;1109;135211;72683;48.8;26.2
61;2021-06-04;1894;1344;137105;74027;49.5;26.7
61;2021-06-05;1667;1239;138772;75266;50.1;27.2
61;2021-06-06;318;230;139090;75496;50.2;27.3
61;2021-06-07;2188;868;141278;76364;51.0;27.6
61;2021-06-08;1846;1570;143124;77934;51.7;28.1
61;2021-06-09;1975;1185;145099;79119;52.4;28.6
61;2021-06-10;1973;1189;147072;80308;53.1;29.0
61;2021-06-11;1820;1577;148892;81885;53.8;29.6
61;2021-06-12;1423;998;150315;82883;54.3;29.9
61;2021-06-13;340;377;150655;83260;54.4;30.1
61;2021-06-14;1106;1189;151761;84449;54.8;30.5
61;2021-06-15;1212;1695;152973;86144;55.2;31.1
61;2021-06-16;1111;1361;154084;87505;55.6;31.6
61;2021-06-17;1019;1729;155103;89234;56.0;32.2
61;2021-06-18;1520;1668;156623;90902;56.6;32.8
61;2021-06-19;1243;1303;157866;92205;57.0;33.3
61;2021-06-20;289;345;158155;92550;57.1;33.4
61;2021-06-21;809;1628;158964;94178;57.4;34.0
61;2021-06-22;1023;1683;159987;95861;57.8;34.6
61;2021-06-23;968;2438;160955;98299;58.1;35.5
61;2021-06-24;650;1359;161605;99658;58.4;36.0
61;2021-06-25;839;2168;162444;101826;58.7;36.8
61;2021-06-26;624;1951;163068;103777;58.9;37.5
61;2021-06-27;139;799;163207;104576;58.9;37.8
61;2021-06-28;478;2247;163685;106823;59.1;38.6
61;2021-06-29;700;2858;164385;109681;59.4;39.6
61;2021-06-30;770;2461;165155;112142;59.6;40.5
61;2021-07-01;633;1693;165788;113835;59.9;41.1
61;2021-07-02;840;2497;166628;116332;60.2;42.0
61;2021-07-03;415;1911;167043;118243;60.3;42.7
61;2021-07-04;74;637;167117;118880;60.4;42.9
61;2021-07-05;685;1774;167802;120654;60.6;43.6
61;2021-07-06;990;2796;168792;123450;61.0;44.6
61;2021-07-07;732;2361;169524;125811;61.2;45.4
61;2021-07-08;840;1947;170364;127758;61.5;46.1
61;2021-07-09;721;2376;171085;130134;61.8;47.0
61;2021-07-10;464;1771;171549;131905;62.0;47.6
61;2021-07-11;242;489;171791;132394;62.0;47.8
61;2021-07-12;435;2293;172226;134687;62.2;48.6
61;2021-07-13;642;2490;172868;137177;62.4;49.5
61;2021-07-14;149;334;173017;137511;62.5;49.7
61;2021-07-15;811;2816;173828;140327;62.8;50.7
61;2021-07-16;966;2574;174794;142901;63.1;51.6
61;2021-07-17;702;2231;175496;145132;63.4;52.4
61;2021-07-18;338;368;175834;145500;63.5;52.5
61;2021-07-19;932;2403;176766;147903;63.8;53.4
61;2021-07-20;1319;2356;178085;150259;64.3;54.3
61;2021-07-21;1498;2181;179583;152440;64.9;55.1
61;2021-07-22;1746;2188;181329;154628;65.5;55.8
61;2021-07-23;1782;2302;183111;156930;66.1;56.7
61;2021-07-24;1445;2004;184556;158934;66.7;57.4
61;2021-07-25;323;394;184879;159328;66.8;57.5
61;2021-07-26;1243;1934;186122;161262;67.2;58.2
61;2021-07-27;2397;1583;188519;162845;68.1;58.8
61;2021-07-28;2436;1345;190955;164190;69.0;59.3
61;2021-07-29;2540;1569;193495;165759;69.9;59.9
61;2021-07-30;2383;1390;195878;167149;70.7;60.4
61;2021-07-31;1278;1295;197156;168444;71.2;60.8
61;2021-08-01;495;259;197651;168703;71.4;60.9
61;2021-08-02;1898;1117;199549;169820;72.1;61.3
61;2021-08-03;2444;908;201993;170728;72.9;61.7
61;2021-08-04;2338;779;204331;171507;73.8;61.9
61;2021-08-05;1893;988;206224;172495;74.5;62.3
61;2021-08-06;2145;1154;208369;173649;75.2;62.7
61;2021-08-07;1414;794;209783;174443;75.8;63.0
61;2021-08-08;444;262;210227;174705;75.9;63.1
61;2021-08-09;1297;1102;211524;175807;76.4;63.5
61;2021-08-10;1312;1099;212836;176906;76.9;63.9
61;2021-08-11;1116;1251;213952;178157;77.3;64.3
61;2021-08-12;1019;1317;214971;179474;77.6;64.8
62;2020-12-27;2;0;2;0;0.0;0.0
62;2020-12-28;2;0;4;0;0.0;0.0
62;2020-12-29;0;0;4;0;0.0;0.0
62;2020-12-30;0;0;4;0;0.0;0.0
62;2020-12-31;0;0;4;0;0.0;0.0
62;2021-01-01;0;0;4;0;0.0;0.0
62;2021-01-02;0;0;4;0;0.0;0.0
62;2021-01-03;0;0;4;0;0.0;0.0
62;2021-01-04;2;0;6;0;0.0;0.0
62;2021-01-05;47;0;53;0;0.0;0.0
62;2021-01-06;123;0;176;0;0.0;0.0
62;2021-01-07;351;0;527;0;0.0;0.0
62;2021-01-08;712;6;1239;6;0.1;0.0
62;2021-01-09;164;1;1403;7;0.1;0.0
62;2021-01-10;84;0;1487;7;0.1;0.0
62;2021-01-11;554;1;2041;8;0.1;0.0
62;2021-01-12;1249;1;3290;9;0.2;0.0
62;2021-01-13;1138;6;4428;15;0.3;0.0
62;2021-01-14;1387;8;5815;23;0.4;0.0
62;2021-01-15;1295;8;7110;31;0.5;0.0
62;2021-01-16;308;3;7418;34;0.5;0.0
62;2021-01-17;107;1;7525;35;0.5;0.0
62;2021-01-18;1664;10;9189;45;0.6;0.0
62;2021-01-19;2102;5;11291;50;0.8;0.0
62;2021-01-20;2055;6;13346;56;0.9;0.0
62;2021-01-21;2228;5;15574;61;1.1;0.0
62;2021-01-22;1833;7;17407;68;1.2;0.0
62;2021-01-23;512;1;17919;69;1.2;0.0
62;2021-01-24;0;0;17919;69;1.2;0.0
62;2021-01-25;1280;7;19199;76;1.3;0.0
62;2021-01-26;1542;15;20741;91;1.4;0.0
62;2021-01-27;1489;174;22230;265;1.5;0.0
62;2021-01-28;4152;349;26382;614;1.8;0.0
62;2021-01-29;2024;334;28406;948;2.0;0.1
62;2021-01-30;159;153;28565;1101;2.0;0.1
62;2021-01-31;22;3;28587;1104;2.0;0.1
62;2021-02-01;46;358;28633;1462;2.0;0.1
62;2021-02-02;59;787;28692;2249;2.0;0.2
62;2021-02-03;44;630;28736;2879;2.0;0.2
62;2021-02-04;81;817;28817;3696;2.0;0.3
62;2021-02-05;79;752;28896;4448;2.0;0.3
62;2021-02-06;26;195;28922;4643;2.0;0.3
62;2021-02-07;237;28;29159;4671;2.0;0.3
62;2021-02-08;130;844;29289;5515;2.0;0.4
62;2021-02-09;226;1097;29515;6612;2.0;0.5
62;2021-02-10;383;1173;29898;7785;2.1;0.5
62;2021-02-11;723;1004;30621;8789;2.1;0.6
62;2021-02-12;965;784;31586;9573;2.2;0.7
62;2021-02-13;159;269;31745;9842;2.2;0.7
62;2021-02-14;0;0;31745;9842;2.2;0.7
62;2021-02-15;665;1274;32410;11116;2.2;0.8
62;2021-02-16;920;1786;33330;12902;2.3;0.9
62;2021-02-17;1074;2127;34404;15029;2.4;1.0
62;2021-02-18;2212;3798;36616;18827;2.5;1.3
62;2021-02-19;2307;2542;38923;21369;2.7;1.5
62;2021-02-20;613;480;39536;21849;2.7;1.5
62;2021-02-21;87;49;39623;21898;2.7;1.5
62;2021-02-22;847;971;40470;22869;2.8;1.6
62;2021-02-23;1420;1217;41890;24086;2.9;1.7
62;2021-02-24;1544;645;43434;24731;3.0;1.7
62;2021-02-25;3167;418;46601;25149;3.2;1.7
62;2021-02-26;2908;342;49509;25491;3.4;1.8
62;2021-02-27;1830;94;51339;25585;3.5;1.8
62;2021-02-28;52;42;51391;25627;3.5;1.8
62;2021-03-01;1319;119;52710;25746;3.6;1.8
62;2021-03-02;3153;175;55863;25921;3.8;1.8
62;2021-03-03;3268;126;59131;26047;4.1;1.8
62;2021-03-04;3806;210;62937;26257;4.3;1.8
62;2021-03-05;4644;219;67581;26476;4.7;1.8
62;2021-03-06;9617;245;77198;26721;5.3;1.8
62;2021-03-07;8074;211;85272;26932;5.9;1.9
62;2021-03-08;2195;258;87467;27190;6.0;1.9
62;2021-03-09;3806;380;91273;27570;6.3;1.9
62;2021-03-10;4230;612;95503;28182;6.6;1.9
62;2021-03-11;5994;1529;101497;29711;7.0;2.0
62;2021-03-12;6635;1415;108132;31126;7.4;2.1
62;2021-03-13;14715;796;122847;31922;8.5;2.2
62;2021-03-14;9582;390;132429;32312;9.1;2.2
62;2021-03-15;3764;1019;136193;33331;9.4;2.3
62;2021-03-16;2734;851;138927;34182;9.6;2.4
62;2021-03-17;2804;730;141731;34912;9.8;2.4
62;2021-03-18;2722;936;144453;35848;9.9;2.5
62;2021-03-19;4779;922;149232;36770;10.3;2.5
62;2021-03-20;11061;595;160293;37365;11.0;2.6
62;2021-03-21;9446;354;169739;37719;11.7;2.6
62;2021-03-22;2941;1106;172680;38825;11.9;2.7
62;2021-03-23;4994;1505;177674;40330;12.2;2.8
62;2021-03-24;4690;1417;182364;41747;12.6;2.9
62;2021-03-25;6555;1476;188919;43223;13.0;3.0
62;2021-03-26;7052;1494;195971;44717;13.5;3.1
62;2021-03-27;12590;724;208561;45441;14.4;3.1
62;2021-03-28;6938;275;215499;45716;14.8;3.1
62;2021-03-29;3472;1208;218971;46924;15.1;3.2
62;2021-03-30;4549;2207;223520;49131;15.4;3.4
62;2021-03-31;4222;2474;227742;51605;15.7;3.6
62;2021-04-01;4975;2772;232717;54377;16.0;3.7
62;2021-04-02;5066;3238;237783;57615;16.4;4.0
62;2021-04-03;8207;3344;245990;60959;16.9;4.2
62;2021-04-04;4578;1926;250568;62885;17.2;4.3
62;2021-04-05;943;466;251511;63351;17.3;4.4
62;2021-04-06;4122;3002;255633;66353;17.6;4.6
62;2021-04-07;5044;3505;260677;69858;17.9;4.8
62;2021-04-08;6483;3982;267160;73840;18.4;5.1
62;2021-04-09;7623;3474;274783;77314;18.9;5.3
62;2021-04-10;6632;8064;281415;85378;19.4;5.9
62;2021-04-11;2810;6902;284225;92280;19.6;6.4
62;2021-04-12;3420;2370;287645;94650;19.8;6.5
62;2021-04-13;6170;3159;293815;97809;20.2;6.7
62;2021-04-14;5303;3067;299118;100876;20.6;6.9
62;2021-04-15;5738;2981;304856;103857;21.0;7.1
62;2021-04-16;5418;3191;310274;107048;21.4;7.4
62;2021-04-17;4358;7362;314632;114410;21.7;7.9
62;2021-04-18;1957;6850;316589;121260;21.8;8.3
62;2021-04-19;2780;1924;319369;123184;22.0;8.5
62;2021-04-20;4150;3888;323519;127072;22.3;8.7
62;2021-04-21;3749;3980;327268;131052;22.5;9.0
62;2021-04-22;3946;5192;331214;136244;22.8;9.4
62;2021-04-23;4056;5310;335270;141554;23.1;9.7
62;2021-04-24;4405;6729;339675;148283;23.4;10.2
62;2021-04-25;1909;3503;341584;151786;23.5;10.4
62;2021-04-26;2224;2434;343808;154220;23.7;10.6
62;2021-04-27;4411;3704;348219;157924;24.0;10.9
62;2021-04-28;4588;4351;352807;162275;24.3;11.2
62;2021-04-29;4790;5879;357597;168154;24.6;11.6
62;2021-04-30;5213;5708;362810;173862;25.0;12.0
62;2021-05-01;5729;3468;368539;177330;25.4;12.2
62;2021-05-02;7821;3138;376360;180468;25.9;12.4
62;2021-05-03;4505;2342;380865;182810;26.2;12.6
62;2021-05-04;5396;4982;386261;187792;26.6;12.9
62;2021-05-05;4734;4838;390995;192630;26.9;13.3
62;2021-05-06;5622;4943;396617;197573;27.3;13.6
62;2021-05-07;7682;4679;404299;202252;27.8;13.9
62;2021-05-08;10647;2307;414946;204559;28.6;14.1
62;2021-05-09;8627;1636;423573;206195;29.2;14.2
62;2021-05-10;4869;4019;428442;210214;29.5;14.5
62;2021-05-11;6414;5039;434856;215253;29.9;14.8
62;2021-05-12;8621;4605;443477;219858;30.5;15.1
62;2021-05-13;9997;1482;453474;221340;31.2;15.2
62;2021-05-14;11881;3402;465355;224742;32.0;15.5
62;2021-05-15;19782;3284;485137;228026;33.4;15.7
62;2021-05-16;16394;1408;501531;229434;34.5;15.8
62;2021-05-17;8181;2663;509712;232097;35.1;16.0
62;2021-05-18;9329;3130;519041;235227;35.7;16.2
62;2021-05-19;8615;2921;527656;238148;36.3;16.4
62;2021-05-20;8342;3846;535998;241994;36.9;16.7
62;2021-05-21;9397;4222;545395;246216;37.5;16.9
62;2021-05-22;17871;3534;563266;249750;38.8;17.2
62;2021-05-23;12378;1144;575644;250894;39.6;17.3
62;2021-05-24;3910;586;579554;251480;39.9;17.3
62;2021-05-25;7221;4087;586775;255567;40.4;17.6
62;2021-05-26;6779;4911;593554;260478;40.9;17.9
62;2021-05-27;6382;5693;599936;266171;41.3;18.3
62;2021-05-28;6519;6766;606455;272937;41.7;18.8
62;2021-05-29;10853;5549;617308;278486;42.5;19.2
62;2021-05-30;4037;983;621345;279469;42.8;19.2
62;2021-05-31;4793;3977;626138;283446;43.1;19.5
62;2021-06-01;6520;6531;632658;289977;43.5;20.0
62;2021-06-02;7434;5815;640092;295792;44.1;20.4
62;2021-06-03;7858;5893;647950;301685;44.6;20.8
62;2021-06-04;7906;6252;655856;307937;45.1;21.2
62;2021-06-05;8274;6230;664130;314167;45.7;21.6
62;2021-06-06;3126;1289;667256;315456;45.9;21.7
62;2021-06-07;4621;3763;671877;319219;46.2;22.0
62;2021-06-08;6207;5898;678084;325117;46.7;22.4
62;2021-06-09;5496;4767;683580;329884;47.1;22.7
62;2021-06-10;5206;5879;688786;335763;47.4;23.1
62;2021-06-11;6211;8874;694997;344637;47.8;23.7
62;2021-06-12;5935;8649;700932;353286;48.2;24.3
62;2021-06-13;3229;3797;704161;357083;48.5;24.6
62;2021-06-14;2606;6777;706767;363860;48.6;25.0
62;2021-06-15;4672;8542;711439;372402;49.0;25.6
62;2021-06-16;5083;7426;716522;379828;49.3;26.1
62;2021-06-17;5235;8040;721757;387868;49.7;26.7
62;2021-06-18;4818;10487;726575;398355;50.0;27.4
62;2021-06-19;5796;13442;732371;411797;50.4;28.3
62;2021-06-20;2100;4370;734471;416167;50.6;28.6
62;2021-06-21;2971;8933;737442;425100;50.8;29.3
62;2021-06-22;3429;10171;740871;435271;51.0;30.0
62;2021-06-23;3388;10323;744259;445594;51.2;30.7
62;2021-06-24;3342;11784;747601;457378;51.5;31.5
62;2021-06-25;3725;15768;751326;473146;51.7;32.6
62;2021-06-26;3548;18427;754874;491573;52.0;33.8
62;2021-06-27;1120;9819;755994;501392;52.0;34.5
62;2021-06-28;1924;8872;757918;510264;52.2;35.1
62;2021-06-29;2968;11461;760886;521725;52.4;35.9
62;2021-06-30;4142;10805;765028;532530;52.7;36.7
62;2021-07-01;4473;10479;769501;543009;53.0;37.4
62;2021-07-02;4151;11977;773652;554986;53.3;38.2
62;2021-07-03;2995;18056;776647;573042;53.5;39.4
62;2021-07-04;1445;9194;778092;582236;53.6;40.1
62;2021-07-05;2414;6923;780506;589159;53.7;40.6
62;2021-07-06;3816;10024;784322;599183;54.0;41.2
62;2021-07-07;3916;8913;788238;608096;54.3;41.9
62;2021-07-08;5242;9097;793480;617193;54.6;42.5
62;2021-07-09;4447;10852;797927;628045;54.9;43.2
62;2021-07-10;4930;11891;802857;639936;55.3;44.0
62;2021-07-11;1334;2088;804191;642024;55.4;44.2
62;2021-07-12;2318;7141;806509;649165;55.5;44.7
62;2021-07-13;5152;12162;811661;661327;55.9;45.5
62;2021-07-14;3624;3156;815285;664483;56.1;45.7
62;2021-07-15;7564;11514;822849;675997;56.6;46.5
62;2021-07-16;7592;11058;830441;687055;57.2;47.3
62;2021-07-17;9650;10311;840091;697366;57.8;48.0
62;2021-07-18;2706;3461;842797;700827;58.0;48.2
62;2021-07-19;5991;7021;848788;707848;58.4;48.7
62;2021-07-20;7914;10724;856702;718572;59.0;49.5
62;2021-07-21;9738;9409;866440;727981;59.6;50.1
62;2021-07-22;9759;9014;876199;736995;60.3;50.7
62;2021-07-23;10571;8413;886770;745408;61.0;51.3
62;2021-07-24;9617;10309;896387;755717;61.7;52.0
62;2021-07-25;5520;1856;901907;757573;62.1;52.1
62;2021-07-26;6207;5384;908114;762957;62.5;52.5
62;2021-07-27;9700;8123;917814;771080;63.2;53.1
62;2021-07-28;10311;7481;928125;778561;63.9;53.6
62;2021-07-29;11879;7632;940004;786193;64.7;54.1
62;2021-07-30;9011;6284;949015;792477;65.3;54.5
62;2021-07-31;6590;4008;955605;796485;65.8;54.8
62;2021-08-01;2331;1096;957936;797581;65.9;54.9
62;2021-08-02;6805;4735;964741;802316;66.4;55.2
62;2021-08-03;8567;7454;973308;809770;67.0;55.7
62;2021-08-04;9414;5443;982722;815213;67.6;56.1
62;2021-08-05;8319;5603;991041;820816;68.2;56.5
62;2021-08-06;7278;5917;998319;826733;68.7;56.9
62;2021-08-07;5450;4932;1003769;831665;69.1;57.2
62;2021-08-08;1872;1299;1005641;832964;69.2;57.3
62;2021-08-09;5220;5025;1010861;837989;69.6;57.7
62;2021-08-10;6173;7326;1017034;845315;70.0;58.2
62;2021-08-11;5373;7362;1022407;852677;70.4;58.7
62;2021-08-12;5887;6934;1028294;859611;70.8;59.2
63;2020-12-27;0;0;0;0;0.0;0.0
63;2020-12-28;1;0;1;0;0.0;0.0
63;2020-12-29;0;0;1;0;0.0;0.0
63;2020-12-30;0;0;1;0;0.0;0.0
63;2020-12-31;0;0;1;0;0.0;0.0
63;2021-01-01;1;0;2;0;0.0;0.0
63;2021-01-02;0;0;2;0;0.0;0.0
63;2021-01-03;1;0;3;0;0.0;0.0
63;2021-01-04;0;0;3;0;0.0;0.0
63;2021-01-05;1;0;4;0;0.0;0.0
63;2021-01-06;4;1;8;1;0.0;0.0
63;2021-01-07;310;0;318;1;0.0;0.0
63;2021-01-08;214;0;532;1;0.1;0.0
63;2021-01-09;91;0;623;1;0.1;0.0
63;2021-01-10;81;0;704;1;0.1;0.0
63;2021-01-11;423;0;1127;1;0.2;0.0
63;2021-01-12;644;1;1771;2;0.3;0.0
63;2021-01-13;863;2;2634;4;0.4;0.0
63;2021-01-14;536;8;3170;12;0.5;0.0
63;2021-01-15;430;2;3600;14;0.5;0.0
63;2021-01-16;157;0;3757;14;0.6;0.0
63;2021-01-17;133;0;3890;14;0.6;0.0
63;2021-01-18;612;2;4502;16;0.7;0.0
63;2021-01-19;864;2;5366;18;0.8;0.0
63;2021-01-20;1045;1;6411;19;1.0;0.0
63;2021-01-21;1010;3;7421;22;1.1;0.0
63;2021-01-22;968;3;8389;25;1.3;0.0
63;2021-01-23;192;0;8581;25;1.3;0.0
63;2021-01-24;164;1;8745;26;1.3;0.0
63;2021-01-25;808;1;9553;27;1.4;0.0
63;2021-01-26;963;2;10516;29;1.6;0.0
63;2021-01-27;1001;5;11517;34;1.7;0.0
63;2021-01-28;1320;66;12837;100;1.9;0.0
63;2021-01-29;1066;66;13903;166;2.1;0.0
63;2021-01-30;68;0;13971;166;2.1;0.0
63;2021-01-31;6;0;13977;166;2.1;0.0
63;2021-02-01;572;182;14549;348;2.2;0.1
63;2021-02-02;885;234;15434;582;2.3;0.1
63;2021-02-03;1472;282;16906;864;2.6;0.1
63;2021-02-04;2117;515;19023;1379;2.9;0.2
63;2021-02-05;1145;272;20168;1651;3.1;0.3
63;2021-02-06;117;0;20285;1651;3.1;0.3
63;2021-02-07;9;1;20294;1652;3.1;0.3
63;2021-02-08;538;408;20832;2060;3.2;0.3
63;2021-02-09;671;435;21503;2495;3.3;0.4
63;2021-02-10;607;603;22110;3098;3.3;0.5
63;2021-02-11;752;468;22862;3566;3.5;0.5
63;2021-02-12;824;810;23686;4376;3.6;0.7
63;2021-02-13;82;1;23768;4377;3.6;0.7
63;2021-02-14;0;65;23768;4442;3.6;0.7
63;2021-02-15;203;789;23971;5231;3.6;0.8
63;2021-02-16;412;1138;24383;6369;3.7;1.0
63;2021-02-17;348;877;24731;7246;3.7;1.1
63;2021-02-18;607;827;25338;8073;3.8;1.2
63;2021-02-19;447;973;25785;9046;3.9;1.4
63;2021-02-20;35;32;25820;9078;3.9;1.4
63;2021-02-21;2;17;25822;9095;3.9;1.4
63;2021-02-22;292;934;26114;10029;4.0;1.5
63;2021-02-23;580;1141;26694;11170;4.0;1.7
63;2021-02-24;698;1425;27392;12595;4.1;1.9
63;2021-02-25;1601;1665;28993;14260;4.4;2.2
63;2021-02-26;1625;1367;30618;15627;4.6;2.4
63;2021-02-27;642;67;31260;15694;4.7;2.4
63;2021-02-28;4;178;31264;15872;4.7;2.4
63;2021-03-01;586;522;31850;16394;4.8;2.5
63;2021-03-02;905;801;32755;17195;5.0;2.6
63;2021-03-03;1035;723;33790;17918;5.1;2.7
63;2021-03-04;1752;496;35542;18414;5.4;2.8
63;2021-03-05;2612;685;38154;19099;5.8;2.9
63;2021-03-06;1550;49;39704;19148;6.0;2.9
63;2021-03-07;511;17;40215;19165;6.1;2.9
63;2021-03-08;967;648;41182;19813;6.2;3.0
63;2021-03-09;1539;1063;42721;20876;6.5;3.2
63;2021-03-10;1649;611;44370;21487;6.7;3.3
63;2021-03-11;3051;889;47421;22376;7.2;3.4
63;2021-03-12;3511;387;50932;22763;7.7;3.4
63;2021-03-13;2049;83;52981;22846;8.0;3.5
63;2021-03-14;61;22;53042;22868;8.0;3.5
63;2021-03-15;1757;367;54799;23235;8.3;3.5
63;2021-03-16;1743;414;56542;23649;8.6;3.6
63;2021-03-17;1638;680;58180;24329;8.8;3.7
63;2021-03-18;1936;745;60116;25074;9.1;3.8
63;2021-03-19;2739;496;62855;25570;9.5;3.9
63;2021-03-20;1121;69;63976;25639;9.7;3.9
63;2021-03-21;50;45;64026;25684;9.7;3.9
63;2021-03-22;1984;257;66010;25941;10.0;3.9
63;2021-03-23;2884;362;68894;26303;10.4;4.0
63;2021-03-24;3219;340;72113;26643;10.9;4.0
63;2021-03-25;4595;387;76708;27030;11.6;4.1
63;2021-03-26;4690;563;81398;27593;12.3;4.2
63;2021-03-27;2454;228;83852;27821;12.7;4.2
63;2021-03-28;1047;83;84899;27904;12.9;4.2
63;2021-03-29;2480;516;87379;28420;13.2;4.3
63;2021-03-30;3282;628;90661;29048;13.7;4.4
63;2021-03-31;2967;750;93628;29798;14.2;4.5
63;2021-04-01;3837;531;97465;30329;14.8;4.6
63;2021-04-02;3483;712;100948;31041;15.3;4.7
63;2021-04-03;1171;182;102119;31223;15.5;4.7
63;2021-04-04;877;27;102996;31250;15.6;4.7
63;2021-04-05;803;85;103799;31335;15.7;4.7
63;2021-04-06;2473;936;106272;32271;16.1;4.9
63;2021-04-07;3206;868;109478;33139;16.6;5.0
63;2021-04-08;4720;1212;114198;34351;17.3;5.2
63;2021-04-09;5313;994;119511;35345;18.1;5.4
63;2021-04-10;2221;478;121732;35823;18.4;5.4
63;2021-04-11;834;37;122566;35860;18.6;5.4
63;2021-04-12;1608;1314;124174;37174;18.8;5.6
63;2021-04-13;1987;1967;126161;39141;19.1;5.9
63;2021-04-14;2628;1436;128789;40577;19.5;6.1
63;2021-04-15;3805;1537;132594;42114;20.1;6.4
63;2021-04-16;2841;2156;135435;44270;20.5;6.7
63;2021-04-17;1233;673;136668;44943;20.7;6.8
63;2021-04-18;802;61;137470;45004;20.8;6.8
63;2021-04-19;1655;2105;139125;47109;21.1;7.1
63;2021-04-20;1701;2300;140826;49409;21.3;7.5
63;2021-04-21;1517;2404;142343;51813;21.6;7.8
63;2021-04-22;1913;2267;144256;54080;21.8;8.2
63;2021-04-23;2018;3114;146274;57194;22.2;8.7
63;2021-04-24;1192;1129;147466;58323;22.3;8.8
63;2021-04-25;554;413;148020;58736;22.4;8.9
63;2021-04-26;1438;2242;149458;60978;22.6;9.2
63;2021-04-27;2312;2612;151770;63590;23.0;9.6
63;2021-04-28;2331;3163;154101;66753;23.3;10.1
63;2021-04-29;2871;2839;156972;69592;23.8;10.5
63;2021-04-30;2862;2820;159834;72412;24.2;11.0
63;2021-05-01;1127;1050;160961;73462;24.4;11.1
63;2021-05-02;897;640;161858;74102;24.5;11.2
63;2021-05-03;2686;2247;164544;76349;24.9;11.6
63;2021-05-04;2877;2678;167421;79027;25.4;12.0
63;2021-05-05;2935;3123;170356;82150;25.8;12.4
63;2021-05-06;3669;3054;174025;85204;26.4;12.9
63;2021-05-07;4033;3540;178058;88744;27.0;13.4
63;2021-05-08;1999;653;180057;89397;27.3;13.5
63;2021-05-09;1802;608;181859;90005;27.5;13.6
63;2021-05-10;4198;2764;186057;92769;28.2;14.1
63;2021-05-11;5337;2760;191394;95529;29.0;14.5
63;2021-05-12;5266;2905;196660;98434;29.8;14.9
63;2021-05-13;4131;698;200791;99132;30.4;15.0
63;2021-05-14;4770;1512;205561;100644;31.1;15.2
63;2021-05-15;3721;984;209282;101628;31.7;15.4
63;2021-05-16;3521;443;212803;102071;32.2;15.5
63;2021-05-17;3898;1989;216701;104060;32.8;15.8
63;2021-05-18;5120;1613;221821;105673;33.6;16.0
63;2021-05-19;5219;1621;227040;107294;34.4;16.3
63;2021-05-20;6798;2082;233838;109376;35.4;16.6
63;2021-05-21;6255;2327;240093;111703;36.4;16.9
63;2021-05-22;3352;847;243445;112550;36.9;17.0
63;2021-05-23;2383;246;245828;112796;37.2;17.1
63;2021-05-24;2638;580;248466;113376;37.6;17.2
63;2021-05-25;4267;2644;252733;116020;38.3;17.6
63;2021-05-26;5449;2416;258182;118436;39.1;17.9
63;2021-05-27;6497;2800;264679;121236;40.1;18.4
63;2021-05-28;5416;3897;270095;125133;40.9;19.0
63;2021-05-29;3360;1502;273455;126635;41.4;19.2
63;2021-05-30;1579;217;275034;126852;41.7;19.2
63;2021-05-31;4148;2285;279182;129137;42.3;19.6
63;2021-06-01;3802;2960;282984;132097;42.9;20.0
63;2021-06-02;3889;2525;286873;134622;43.4;20.4
63;2021-06-03;4901;3145;291774;137767;44.2;20.9
63;2021-06-04;5098;3622;296872;141389;45.0;21.4
63;2021-06-05;2810;1743;299682;143132;45.4;21.7
63;2021-06-06;1307;697;300989;143829;45.6;21.8
63;2021-06-07;3163;2516;304152;146345;46.1;22.2
63;2021-06-08;2877;2755;307029;149100;46.5;22.6
63;2021-06-09;3023;2275;310052;151375;47.0;22.9
63;2021-06-10;3220;2688;313272;154063;47.4;23.3
63;2021-06-11;3098;4048;316370;158111;47.9;23.9
63;2021-06-12;1637;1970;318007;160081;48.2;24.2
63;2021-06-13;479;1096;318486;161177;48.2;24.4
63;2021-06-14;1823;3474;320309;164651;48.5;24.9
63;2021-06-15;2208;3478;322517;168129;48.8;25.5
63;2021-06-16;2569;3313;325086;171442;49.2;26.0
63;2021-06-17;2393;4304;327479;175746;49.6;26.6
63;2021-06-18;2472;5828;329951;181574;50.0;27.5
63;2021-06-19;1629;2833;331580;184407;50.2;27.9
63;2021-06-20;672;2438;332252;186845;50.3;28.3
63;2021-06-21;1270;5389;333522;192234;50.5;29.1
63;2021-06-22;1232;5540;334754;197774;50.7;30.0
63;2021-06-23;1528;4758;336282;202532;50.9;30.7
63;2021-06-24;1925;5382;338207;207914;51.2;31.5
63;2021-06-25;1746;5899;339953;213813;51.5;32.4
63;2021-06-26;1069;3352;341022;217165;51.7;32.9
63;2021-06-27;710;3487;341732;220652;51.8;33.4
63;2021-06-28;1137;5662;342869;226314;51.9;34.3
63;2021-06-29;1226;5159;344095;231473;52.1;35.1
63;2021-06-30;1598;5291;345693;236764;52.4;35.9
63;2021-07-01;1911;8067;347604;244831;52.6;37.1
63;2021-07-02;2049;6541;349653;251372;53.0;38.1
63;2021-07-03;957;2926;350610;254298;53.1;38.5
63;2021-07-04;1045;1882;351655;256180;53.3;38.8
63;2021-07-05;1525;6278;353180;262458;53.5;39.8
63;2021-07-06;1600;4800;354780;267258;53.7;40.5
63;2021-07-07;1965;4083;356745;271341;54.0;41.1
63;2021-07-08;2203;4589;358948;275930;54.4;41.8
63;2021-07-09;1922;5718;360870;281648;54.7;42.7
63;2021-07-10;1527;3412;362397;285060;54.9;43.2
63;2021-07-11;907;1534;363304;286594;55.0;43.4
63;2021-07-12;1578;8703;364882;295297;55.3;44.7
63;2021-07-13;3587;6140;368469;301437;55.8;45.7
63;2021-07-14;3609;1786;372078;303223;56.4;45.9
63;2021-07-15;4383;5032;376461;308255;57.0;46.7
63;2021-07-16;4669;5784;381130;314039;57.7;47.6
63;2021-07-17;3001;2473;384131;316512;58.2;47.9
63;2021-07-18;2819;1089;386950;317601;58.6;48.1
63;2021-07-19;3984;4850;390934;322451;59.2;48.8
63;2021-07-20;4715;5448;395649;327899;59.9;49.7
63;2021-07-21;4771;3979;400420;331878;60.6;50.3
63;2021-07-22;5492;4392;405912;336270;61.5;50.9
63;2021-07-23;5116;4646;411028;340916;62.3;51.6
63;2021-07-24;3634;1947;414662;342863;62.8;51.9
63;2021-07-25;3017;1428;417679;344291;63.3;52.1
63;2021-07-26;3991;3223;421670;347514;63.9;52.6
63;2021-07-27;3852;3148;425522;350662;64.4;53.1
63;2021-07-28;3806;2713;429328;353375;65.0;53.5
63;2021-07-29;4429;3148;433757;356523;65.7;54.0
63;2021-07-30;3785;3574;437542;360097;66.3;54.5
63;2021-07-31;2145;1712;439687;361809;66.6;54.8
63;2021-08-01;1191;829;440878;362638;66.8;54.9
63;2021-08-02;2214;3070;443092;365708;67.1;55.4
63;2021-08-03;2714;3260;445806;368968;67.5;55.9
63;2021-08-04;2799;3234;448605;372202;67.9;56.4
63;2021-08-05;2409;3474;451014;375676;68.3;56.9
63;2021-08-06;2344;4147;453358;379823;68.7;57.5
63;2021-08-07;1296;2796;454654;382619;68.9;58.0
63;2021-08-08;320;1204;454974;383823;68.9;58.1
63;2021-08-09;1832;4216;456806;388039;69.2;58.8
63;2021-08-10;2204;3987;459010;392026;69.5;59.4
63;2021-08-11;2091;3623;461101;395649;69.8;59.9
63;2021-08-12;1832;4612;462933;400261;70.1;60.6
64;2020-12-27;1;0;1;0;0.0;0.0
64;2020-12-28;2;0;3;0;0.0;0.0
64;2020-12-29;0;0;3;0;0.0;0.0
64;2020-12-30;0;0;3;0;0.0;0.0
64;2020-12-31;0;0;3;0;0.0;0.0
64;2021-01-01;0;0;3;0;0.0;0.0
64;2021-01-02;0;0;3;0;0.0;0.0
64;2021-01-03;0;0;3;0;0.0;0.0
64;2021-01-04;29;0;32;0;0.0;0.0
64;2021-01-05;25;0;57;0;0.0;0.0
64;2021-01-06;188;0;245;0;0.0;0.0
64;2021-01-07;840;0;1085;0;0.2;0.0
64;2021-01-08;879;2;1964;2;0.3;0.0
64;2021-01-09;54;0;2018;2;0.3;0.0
64;2021-01-10;1;0;2019;2;0.3;0.0
64;2021-01-11;540;0;2559;2;0.4;0.0
64;2021-01-12;760;3;3319;5;0.5;0.0
64;2021-01-13;865;2;4184;7;0.6;0.0
64;2021-01-14;1045;3;5229;10;0.8;0.0
64;2021-01-15;929;5;6158;15;0.9;0.0
64;2021-01-16;69;0;6227;15;0.9;0.0
64;2021-01-17;5;0;6232;15;0.9;0.0
64;2021-01-18;942;8;7174;23;1.1;0.0
64;2021-01-19;1441;4;8615;27;1.3;0.0
64;2021-01-20;1617;3;10232;30;1.5;0.0
64;2021-01-21;2602;2;12834;32;1.9;0.0
64;2021-01-22;1648;3;14482;35;2.1;0.0
64;2021-01-23;524;1;15006;36;2.2;0.0
64;2021-01-24;89;0;15095;36;2.2;0.0
64;2021-01-25;971;8;16066;44;2.4;0.0
64;2021-01-26;1355;21;17421;65;2.6;0.0
64;2021-01-27;1241;120;18662;185;2.7;0.0
64;2021-01-28;1648;631;20310;816;3.0;0.1
64;2021-01-29;972;653;21282;1469;3.1;0.2
64;2021-01-30;467;59;21749;1528;3.2;0.2
64;2021-01-31;91;0;21840;1528;3.2;0.2
64;2021-02-01;674;312;22514;1840;3.3;0.3
64;2021-02-02;1133;555;23647;2395;3.5;0.4
64;2021-02-03;1041;630;24688;3025;3.6;0.4
64;2021-02-04;1028;535;25716;3560;3.8;0.5
64;2021-02-05;866;456;26582;4016;3.9;0.6
64;2021-02-06;500;34;27082;4050;4.0;0.6
64;2021-02-07;131;4;27213;4054;4.0;0.6
64;2021-02-08;769;310;27982;4364;4.1;0.6
64;2021-02-09;946;710;28928;5074;4.2;0.7
64;2021-02-10;914;799;29842;5873;4.4;0.9
64;2021-02-11;1201;1490;31043;7363;4.5;1.1
64;2021-02-12;1075;1065;32118;8428;4.7;1.2
64;2021-02-13;225;320;32343;8748;4.7;1.3
64;2021-02-14;37;47;32380;8795;4.7;1.3
64;2021-02-15;221;1129;32601;9924;4.8;1.5
64;2021-02-16;258;1406;32859;11330;4.8;1.7
64;2021-02-17;289;1250;33148;12580;4.9;1.8
64;2021-02-18;508;1719;33656;14299;4.9;2.1
64;2021-02-19;415;1290;34071;15589;5.0;2.3
64;2021-02-20;119;438;34190;16027;5.0;2.3
64;2021-02-21;20;83;34210;16110;5.0;2.4
64;2021-02-22;477;987;34687;17097;5.1;2.5
64;2021-02-23;720;1145;35407;18242;5.2;2.7
64;2021-02-24;731;1016;36138;19258;5.3;2.8
64;2021-02-25;1092;954;37230;20212;5.4;3.0
64;2021-02-26;1217;916;38447;21128;5.6;3.1
64;2021-02-27;864;405;39311;21533;5.8;3.2
64;2021-02-28;42;84;39353;21617;5.8;3.2
64;2021-03-01;764;798;40117;22415;5.9;3.3
64;2021-03-02;1078;917;41195;23332;6.0;3.4
64;2021-03-03;1251;1004;42446;24336;6.2;3.6
64;2021-03-04;1878;1186;44324;25522;6.5;3.7
64;2021-03-05;2196;1070;46520;26592;6.8;3.9
64;2021-03-06;1542;519;48062;27111;7.0;4.0
64;2021-03-07;594;110;48656;27221;7.1;4.0
64;2021-03-08;1533;766;50189;27987;7.3;4.1
64;2021-03-09;2068;848;52257;28835;7.6;4.2
64;2021-03-10;2080;760;54337;29595;8.0;4.3
64;2021-03-11;2970;1074;57307;30669;8.4;4.5
64;2021-03-12;3484;597;60791;31266;8.9;4.6
64;2021-03-13;2255;168;63046;31434;9.2;4.6
64;2021-03-14;232;15;63278;31449;9.3;4.6
64;2021-03-15;2334;226;65612;31675;9.6;4.6
64;2021-03-16;1988;266;67600;31941;9.9;4.7
64;2021-03-17;2070;233;69670;32174;10.2;4.7
64;2021-03-18;2460;202;72130;32376;10.6;4.7
64;2021-03-19;3012;284;75142;32660;11.0;4.8
64;2021-03-20;2467;88;77609;32748;11.4;4.8
64;2021-03-21;1279;24;78888;32772;11.5;4.8
64;2021-03-22;2588;551;81476;33323;11.9;4.9
64;2021-03-23;3197;651;84673;33974;12.4;5.0
64;2021-03-24;3563;702;88236;34676;12.9;5.1
64;2021-03-25;4351;806;92587;35482;13.6;5.2
64;2021-03-26;4423;698;97010;36180;14.2;5.3
64;2021-03-27;2970;425;99980;36605;14.6;5.4
64;2021-03-28;521;56;100501;36661;14.7;5.4
64;2021-03-29;3026;884;103527;37545;15.2;5.5
64;2021-03-30;4135;870;107662;38415;15.8;5.6
64;2021-03-31;3588;784;111250;39199;16.3;5.7
64;2021-04-01;4778;932;116028;40131;17.0;5.9
64;2021-04-02;4437;743;120465;40874;17.6;6.0
64;2021-04-03;2059;584;122524;41458;17.9;6.1
64;2021-04-04;305;49;122829;41507;18.0;6.1
64;2021-04-05;1689;139;124518;41646;18.2;6.1
64;2021-04-06;3655;1387;128173;43033;18.8;6.3
64;2021-04-07;3948;1511;132121;44544;19.3;6.5
64;2021-04-08;5192;1595;137313;46139;20.1;6.8
64;2021-04-09;5893;1629;143206;47768;21.0;7.0
64;2021-04-10;3220;1047;146426;48815;21.4;7.1
64;2021-04-11;445;251;146871;49066;21.5;7.2
64;2021-04-12;4043;1861;150914;50927;22.1;7.5
64;2021-04-13;4463;2161;155377;53088;22.7;7.8
64;2021-04-14;4087;2133;159464;55221;23.3;8.1
64;2021-04-15;4396;2298;163860;57519;24.0;8.4
64;2021-04-16;4294;2256;168154;59775;24.6;8.7
64;2021-04-17;2478;1499;170632;61274;25.0;9.0
64;2021-04-18;1095;1182;171727;62456;25.1;9.1
64;2021-04-19;2730;2445;174457;64901;25.5;9.5
64;2021-04-20;3207;2425;177664;67326;26.0;9.9
64;2021-04-21;3218;2563;180882;69889;26.5;10.2
64;2021-04-22;3385;2778;184267;72667;27.0;10.6
64;2021-04-23;3431;2600;187698;75267;27.5;11.0
64;2021-04-24;2067;1586;189765;76853;27.8;11.2
64;2021-04-25;290;237;190055;77090;27.8;11.3
64;2021-04-26;2658;2651;192713;79741;28.2;11.7
64;2021-04-27;3059;3129;195772;82870;28.7;12.1
64;2021-04-28;3602;3061;199374;85931;29.2;12.6
64;2021-04-29;4650;3450;204024;89381;29.9;13.1
64;2021-04-30;4077;3610;208101;92991;30.5;13.6
64;2021-05-01;1480;1030;209581;94021;30.7;13.8
64;2021-05-02;447;325;210028;94346;30.7;13.8
64;2021-05-03;2909;3498;212937;97844;31.2;14.3
64;2021-05-04;3645;3986;216582;101830;31.7;14.9
64;2021-05-05;3360;4018;219942;105848;32.2;15.5
64;2021-05-06;4111;3987;224053;109835;32.8;16.1
64;2021-05-07;3915;4191;227968;114026;33.4;16.7
64;2021-05-08;2620;1236;230588;115262;33.8;16.9
64;2021-05-09;719;306;231307;115568;33.9;16.9
64;2021-05-10;2863;4237;234170;119805;34.3;17.5
64;2021-05-11;4182;4153;238352;123958;34.9;18.1
64;2021-05-12;4484;3942;242836;127900;35.5;18.7
64;2021-05-13;3198;887;246034;128787;36.0;18.9
64;2021-05-14;5141;3148;251175;131935;36.8;19.3
64;2021-05-15;3525;1867;254700;133802;37.3;19.6
64;2021-05-16;498;225;255198;134027;37.4;19.6
64;2021-05-17;4192;2380;259390;136407;38.0;20.0
64;2021-05-18;5165;2302;264555;138709;38.7;20.3
64;2021-05-19;4978;2163;269533;140872;39.5;20.6
64;2021-05-20;5567;2158;275100;143030;40.3;20.9
64;2021-05-21;5264;2246;280364;145276;41.0;21.3
64;2021-05-22;3582;1509;283946;146785;41.6;21.5
64;2021-05-23;431;207;284377;146992;41.6;21.5
64;2021-05-24;2996;1233;287373;148225;42.1;21.7
64;2021-05-25;4334;2848;291707;151073;42.7;22.1
64;2021-05-26;4353;2715;296060;153788;43.3;22.5
64;2021-05-27;5284;3155;301344;156943;44.1;23.0
64;2021-05-28;4610;3433;305954;160376;44.8;23.5
64;2021-05-29;2809;2115;308763;162491;45.2;23.8
64;2021-05-30;436;204;309199;162695;45.3;23.8
64;2021-05-31;3893;3671;313092;166366;45.8;24.4
64;2021-06-01;5335;3566;318427;169932;46.6;24.9
64;2021-06-02;4937;3177;323364;173109;47.3;25.3
64;2021-06-03;6363;3268;329727;176377;48.3;25.8
64;2021-06-04;5144;4554;334871;180931;49.0;26.5
64;2021-06-05;3482;2525;338353;183456;49.5;26.9
64;2021-06-06;2014;330;340367;183786;49.8;26.9
64;2021-06-07;4128;4330;344495;188116;50.4;27.5
64;2021-06-08;5155;4124;349650;192240;51.2;28.1
64;2021-06-09;5152;3651;354802;195891;51.9;28.7
64;2021-06-10;6175;3142;360977;199033;52.8;29.1
64;2021-06-11;5589;4871;366566;203904;53.7;29.8
64;2021-06-12;3948;2325;370514;206229;54.2;30.2
64;2021-06-13;1555;392;372069;206621;54.5;30.2
64;2021-06-14;3672;4792;375741;211413;55.0;30.9
64;2021-06-15;4576;4707;380317;216120;55.7;31.6
64;2021-06-16;4470;4662;384787;220782;56.3;32.3
64;2021-06-17;3640;4303;388427;225085;56.9;32.9
64;2021-06-18;4424;5174;392851;230259;57.5;33.7
64;2021-06-19;2981;3280;395832;233539;57.9;34.2
64;2021-06-20;880;539;396712;234078;58.1;34.3
64;2021-06-21;2312;5129;399024;239207;58.4;35.0
64;2021-06-22;2557;5730;401581;244937;58.8;35.9
64;2021-06-23;3105;5475;404686;250412;59.2;36.7
64;2021-06-24;2719;3806;407405;254218;59.6;37.2
64;2021-06-25;2901;6435;410306;260653;60.1;38.2
64;2021-06-26;1798;3837;412104;264490;60.3;38.7
64;2021-06-27;492;714;412596;265204;60.4;38.8
64;2021-06-28;1928;6064;414524;271268;60.7;39.7
64;2021-06-29;1953;6260;416477;277528;61.0;40.6
64;2021-06-30;2253;6002;418730;283530;61.3;41.5
64;2021-07-01;2409;5340;421139;288870;61.6;42.3
64;2021-07-02;2296;6407;423435;295277;62.0;43.2
64;2021-07-03;1261;3783;424696;299060;62.2;43.8
64;2021-07-04;410;847;425106;299907;62.2;43.9
64;2021-07-05;1374;5411;426480;305318;62.4;44.7
64;2021-07-06;1988;6150;428468;311468;62.7;45.6
64;2021-07-07;2060;5748;430528;317216;63.0;46.4
64;2021-07-08;1800;4392;432328;321608;63.3;47.1
64;2021-07-09;1816;6534;434144;328142;63.5;48.0
64;2021-07-10;1167;3880;435311;332022;63.7;48.6
64;2021-07-11;253;860;435564;332882;63.8;48.7
64;2021-07-12;1495;6086;437059;338968;64.0;49.6
64;2021-07-13;2360;7249;439419;346217;64.3;50.7
64;2021-07-14;2367;3393;441786;349610;64.7;51.2
64;2021-07-15;2100;5481;443886;355091;65.0;52.0
64;2021-07-16;2830;6776;446716;361867;65.4;53.0
64;2021-07-17;2336;4584;449052;366451;65.7;53.6
64;2021-07-18;709;2050;449761;368501;65.8;53.9
64;2021-07-19;2343;6122;452104;374623;66.2;54.8
64;2021-07-20;3115;6552;455219;381175;66.6;55.8
64;2021-07-21;3317;6045;458536;387220;67.1;56.7
64;2021-07-22;3798;5713;462334;392933;67.7;57.5
64;2021-07-23;3708;5607;466042;398540;68.2;58.3
64;2021-07-24;2531;4427;468573;402967;68.6;59.0
64;2021-07-25;750;1058;469323;404025;68.7;59.1
64;2021-07-26;3062;5123;472385;409148;69.1;59.9
64;2021-07-27;4219;5131;476604;414279;69.8;60.6
64;2021-07-28;4273;4584;480877;418863;70.4;61.3
64;2021-07-29;5486;3881;486363;422744;71.2;61.9
64;2021-07-30;5089;4202;491452;426946;71.9;62.5
64;2021-07-31;3146;3341;494598;430287;72.4;63.0
64;2021-08-01;1140;581;495738;430868;72.6;63.1
64;2021-08-02;4326;2639;500064;433507;73.2;63.5
64;2021-08-03;4506;3156;504570;436663;73.9;63.9
64;2021-08-04;4096;2985;508666;439648;74.5;64.4
64;2021-08-05;3989;2609;512655;442257;75.0;64.7
64;2021-08-06;3801;3335;516456;445592;75.6;65.2
64;2021-08-07;2473;2703;518929;448295;76.0;65.6
64;2021-08-08;487;607;519416;448902;76.0;65.7
64;2021-08-09;2667;3190;522083;452092;76.4;66.2
64;2021-08-10;3268;3424;525351;455516;76.9;66.7
64;2021-08-11;3047;3249;528398;458765;77.3;67.2
64;2021-08-12;3153;3289;531551;462054;77.8;67.6
65;2020-12-27;0;0;0;0;0.0;0.0
65;2020-12-28;0;0;0;0;0.0;0.0
65;2020-12-29;0;0;0;0;0.0;0.0
65;2020-12-30;0;0;0;0;0.0;0.0
65;2020-12-31;0;0;0;0;0.0;0.0
65;2021-01-01;0;0;0;0;0.0;0.0
65;2021-01-02;0;0;0;0;0.0;0.0
65;2021-01-03;0;0;0;0;0.0;0.0
65;2021-01-04;0;0;0;0;0.0;0.0
65;2021-01-05;1;0;1;0;0.0;0.0
65;2021-01-06;3;0;4;0;0.0;0.0
65;2021-01-07;167;0;171;0;0.1;0.0
65;2021-01-08;253;1;424;1;0.2;0.0
65;2021-01-09;176;1;600;2;0.3;0.0
65;2021-01-10;1;0;601;2;0.3;0.0
65;2021-01-11;275;3;876;5;0.4;0.0
65;2021-01-12;272;1;1148;6;0.5;0.0
65;2021-01-13;587;1;1735;7;0.8;0.0
65;2021-01-14;577;5;2312;12;1.0;0.0
65;2021-01-15;527;2;2839;14;1.3;0.0
65;2021-01-16;221;2;3060;16;1.3;0.0
65;2021-01-17;1;0;3061;16;1.3;0.0
65;2021-01-18;550;6;3611;22;1.6;0.0
65;2021-01-19;570;2;4181;24;1.8;0.0
65;2021-01-20;584;3;4765;27;2.1;0.0
65;2021-01-21;584;0;5349;27;2.4;0.0
65;2021-01-22;596;0;5945;27;2.6;0.0
65;2021-01-23;174;1;6119;28;2.7;0.0
65;2021-01-24;3;1;6122;29;2.7;0.0
65;2021-01-25;551;4;6673;33;2.9;0.0
65;2021-01-26;880;2;7553;35;3.3;0.0
65;2021-01-27;588;12;8141;47;3.6;0.0
65;2021-01-28;505;71;8646;118;3.8;0.1
65;2021-01-29;426;138;9072;256;4.0;0.1
65;2021-01-30;183;74;9255;330;4.1;0.1
65;2021-01-31;15;0;9270;330;4.1;0.1
65;2021-02-01;320;90;9590;420;4.2;0.2
65;2021-02-02;418;195;10008;615;4.4;0.3
65;2021-02-03;463;245;10471;860;4.6;0.4
65;2021-02-04;307;331;10778;1191;4.8;0.5
65;2021-02-05;285;360;11063;1551;4.9;0.7
65;2021-02-06;99;102;11162;1653;4.9;0.7
65;2021-02-07;10;0;11172;1653;4.9;0.7
65;2021-02-08;425;222;11597;1875;5.1;0.8
65;2021-02-09;272;380;11869;2255;5.2;1.0
65;2021-02-10;296;272;12165;2527;5.4;1.1
65;2021-02-11;320;273;12485;2800;5.5;1.2
65;2021-02-12;277;232;12762;3032;5.6;1.3
65;2021-02-13;124;97;12886;3129;5.7;1.4
65;2021-02-14;2;16;12888;3145;5.7;1.4
65;2021-02-15;202;415;13090;3560;5.8;1.6
65;2021-02-16;489;582;13579;4142;6.0;1.8
65;2021-02-17;230;499;13809;4641;6.1;2.0
65;2021-02-18;285;587;14094;5228;6.2;2.3
65;2021-02-19;155;479;14249;5707;6.3;2.5
65;2021-02-20;53;158;14302;5865;6.3;2.6
65;2021-02-21;3;48;14305;5913;6.3;2.6
65;2021-02-22;166;540;14471;6453;6.4;2.8
65;2021-02-23;247;528;14718;6981;6.5;3.1
65;2021-02-24;232;638;14950;7619;6.6;3.4
65;2021-02-25;211;181;15161;7800;6.7;3.4
65;2021-02-26;350;775;15511;8575;6.8;3.8
65;2021-02-27;106;202;15617;8777;6.9;3.9
65;2021-02-28;1;0;15618;8777;6.9;3.9
65;2021-03-01;375;374;15993;9151;7.1;4.0
65;2021-03-02;454;360;16447;9511;7.3;4.2
65;2021-03-03;380;390;16827;9901;7.4;4.4
65;2021-03-04;695;328;17522;10229;7.7;4.5
65;2021-03-05;678;285;18200;10514;8.0;4.6
65;2021-03-06;1187;84;19387;10598;8.5;4.7
65;2021-03-07;258;11;19645;10609;8.7;4.7
65;2021-03-08;411;343;20056;10952;8.8;4.8
65;2021-03-09;668;333;20724;11285;9.1;5.0
65;2021-03-10;625;370;21349;11655;9.4;5.1
65;2021-03-11;781;357;22130;12012;9.8;5.3
65;2021-03-12;1057;189;23187;12201;10.2;5.4
65;2021-03-13;353;92;23540;12293;10.4;5.4
65;2021-03-14;3;30;23543;12323;10.4;5.4
65;2021-03-15;814;185;24357;12508;10.7;5.5
65;2021-03-16;692;217;25049;12725;11.0;5.6
65;2021-03-17;709;208;25758;12933;11.4;5.7
65;2021-03-18;534;232;26292;13165;11.6;5.8
65;2021-03-19;878;162;27170;13327;12.0;5.9
65;2021-03-20;244;45;27414;13372;12.1;5.9
65;2021-03-21;12;2;27426;13374;12.1;5.9
65;2021-03-22;735;154;28161;13528;12.4;6.0
65;2021-03-23;836;367;28997;13895;12.8;6.1
65;2021-03-24;868;252;29865;14147;13.2;6.2
65;2021-03-25;1250;191;31115;14338;13.7;6.3
65;2021-03-26;1221;139;32336;14477;14.3;6.4
65;2021-03-27;1357;87;33693;14564;14.9;6.4
65;2021-03-28;1;2;33694;14566;14.9;6.4
65;2021-03-29;1492;358;35186;14924;15.5;6.6
65;2021-03-30;1357;404;36543;15328;16.1;6.8
65;2021-03-31;1204;367;37747;15695;16.6;6.9
65;2021-04-01;1510;397;39257;16092;17.3;7.1
65;2021-04-02;1683;288;40940;16380;18.0;7.2
65;2021-04-03;247;44;41187;16424;18.2;7.2
65;2021-04-04;4;2;41191;16426;18.2;7.2
65;2021-04-05;158;44;41349;16470;18.2;7.3
65;2021-04-06;1290;493;42639;16963;18.8;7.5
65;2021-04-07;1954;451;44593;17414;19.7;7.7
65;2021-04-08;1636;413;46229;17827;20.4;7.9
65;2021-04-09;1644;470;47873;18297;21.1;8.1
65;2021-04-10;1590;147;49463;18444;21.8;8.1
65;2021-04-11;3;0;49466;18444;21.8;8.1
65;2021-04-12;1348;736;50814;19180;22.4;8.5
65;2021-04-13;1575;590;52389;19770;23.1;8.7
65;2021-04-14;1904;741;54293;20511;23.9;9.0
65;2021-04-15;1700;665;55993;21176;24.7;9.3
65;2021-04-16;1824;529;57817;21705;25.5;9.6
65;2021-04-17;2157;127;59974;21832;26.4;9.6
65;2021-04-18;7;27;59981;21859;26.4;9.6
65;2021-04-19;1337;773;61318;22632;27.0;10.0
65;2021-04-20;1528;706;62846;23338;27.7;10.3
65;2021-04-21;1049;1049;63895;24387;28.2;10.8
65;2021-04-22;1645;724;65540;25111;28.9;11.1
65;2021-04-23;1161;1144;66701;26255;29.4;11.6
65;2021-04-24;1263;609;67964;26864;30.0;11.8
65;2021-04-25;31;15;67995;26879;30.0;11.8
65;2021-04-26;1605;1295;69600;28174;30.7;12.4
65;2021-04-27;1424;1335;71024;29509;31.3;13.0
65;2021-04-28;1729;1023;72753;30532;32.1;13.5
65;2021-04-29;1962;1030;74715;31562;32.9;13.9
65;2021-04-30;1781;924;76496;32486;33.7;14.3
65;2021-05-01;1574;224;78070;32710;34.4;14.4
65;2021-05-02;670;22;78740;32732;34.7;14.4
65;2021-05-03;1283;1620;80023;34352;35.3;15.1
65;2021-05-04;1535;1242;81558;35594;36.0;15.7
65;2021-05-05;1374;1645;82932;37239;36.6;16.4
65;2021-05-06;1557;1177;84489;38416;37.2;16.9
65;2021-05-07;1274;1569;85763;39985;37.8;17.6
65;2021-05-08;1648;442;87411;40427;38.5;17.8
65;2021-05-09;0;90;87411;40517;38.5;17.9
65;2021-05-10;952;1883;88363;42400;39.0;18.7
65;2021-05-11;1059;1811;89422;44211;39.4;19.5
65;2021-05-12;1235;1635;90657;45846;40.0;20.2
65;2021-05-13;1343;166;92000;46012;40.6;20.3
65;2021-05-14;1576;1095;93576;47107;41.3;20.8
65;2021-05-15;1398;510;94974;47617;41.9;21.0
65;2021-05-16;1444;70;96418;47687;42.5;21.0
65;2021-05-17;1036;1615;97454;49302;43.0;21.7
65;2021-05-18;1610;1208;99064;50510;43.7;22.3
65;2021-05-19;1685;1008;100749;51518;44.4;22.7
65;2021-05-20;1844;1052;102593;52570;45.2;23.2
65;2021-05-21;1790;1234;104383;53804;46.0;23.7
65;2021-05-22;1287;637;105670;54441;46.6;24.0
65;2021-05-23;689;32;106359;54473;46.9;24.0
65;2021-05-24;703;77;107062;54550;47.2;24.0
65;2021-05-25;1357;1545;108419;56095;47.8;24.7
65;2021-05-26;1472;1355;109891;57450;48.4;25.3
65;2021-05-27;1621;1460;111512;58910;49.2;26.0
65;2021-05-28;1600;1674;113112;60584;49.9;26.7
65;2021-05-29;1186;1513;114298;62097;50.4;27.4
65;2021-05-30;6;10;114304;62107;50.4;27.4
65;2021-05-31;1323;1300;115627;63407;51.0;28.0
65;2021-06-01;1833;932;117460;64339;51.8;28.4
65;2021-06-02;1575;950;119035;65289;52.5;28.8
65;2021-06-03;1341;1102;120376;66391;53.1;29.3
65;2021-06-04;1789;1561;122165;67952;53.9;30.0
65;2021-06-05;433;1240;122598;69192;54.0;30.5
65;2021-06-06;3;13;122601;69205;54.0;30.5
65;2021-06-07;674;1983;123275;71188;54.3;31.4
65;2021-06-08;956;1537;124231;72725;54.8;32.1
65;2021-06-09;825;1548;125056;74273;55.1;32.7
65;2021-06-10;740;1156;125796;75429;55.5;33.3
65;2021-06-11;910;1808;126706;77237;55.9;34.0
65;2021-06-12;150;639;126856;77876;55.9;34.3
65;2021-06-13;5;7;126861;77883;55.9;34.3
65;2021-06-14;504;2422;127365;80305;56.1;35.4
65;2021-06-15;939;1804;128304;82109;56.6;36.2
65;2021-06-16;1064;1367;129368;83476;57.0;36.8
65;2021-06-17;813;1045;130181;84521;57.4;37.3
65;2021-06-18;1017;1631;131198;86152;57.8;38.0
65;2021-06-19;689;1688;131887;87840;58.1;38.7
65;2021-06-20;2;2;131889;87842;58.1;38.7
65;2021-06-21;741;1938;132630;89780;58.5;39.6
65;2021-06-22;1045;1479;133675;91259;58.9;40.2
65;2021-06-23;1064;1234;134739;92493;59.4;40.8
65;2021-06-24;958;1143;135697;93636;59.8;41.3
65;2021-06-25;831;1966;136528;95602;60.2;42.1
65;2021-06-26;168;1658;136696;97260;60.3;42.9
65;2021-06-27;15;1101;136711;98361;60.3;43.4
65;2021-06-28;445;2301;137156;100662;60.5;44.4
65;2021-06-29;684;1917;137840;102579;60.8;45.2
65;2021-06-30;932;1679;138772;104258;61.2;46.0
65;2021-07-01;604;750;139376;105008;61.4;46.3
65;2021-07-02;1165;1732;140541;106740;62.0;47.1
65;2021-07-03;194;1916;140735;108656;62.0;47.9
65;2021-07-04;415;183;141150;108839;62.2;48.0
65;2021-07-05;640;1994;141790;110833;62.5;48.9
65;2021-07-06;896;2124;142686;112957;62.9;49.8
65;2021-07-07;970;1514;143656;114471;63.3;50.5
65;2021-07-08;325;662;143981;115133;63.5;50.8
65;2021-07-09;549;1594;144530;116727;63.7;51.5
65;2021-07-10;292;957;144822;117684;63.8;51.9
65;2021-07-11;0;0;144822;117684;63.8;51.9
65;2021-07-12;476;2222;145298;119906;64.1;52.9
65;2021-07-13;694;2149;145992;122055;64.4;53.8
65;2021-07-14;210;51;146202;122106;64.5;53.8
65;2021-07-15;1038;1661;147240;123767;64.9;54.6
65;2021-07-16;1178;1879;148418;125646;65.4;55.4
65;2021-07-17;422;541;148840;126187;65.6;55.6
65;2021-07-18;22;12;148862;126199;65.6;55.6
65;2021-07-19;630;1494;149492;127693;65.9;56.3
65;2021-07-20;1437;1699;150929;129392;66.5;57.0
65;2021-07-21;1396;1658;152325;131050;67.2;57.8
65;2021-07-22;2140;1282;154465;132332;68.1;58.3
65;2021-07-23;1572;1790;156037;134122;68.8;59.1
65;2021-07-24;1028;648;157065;134770;69.2;59.4
65;2021-07-25;21;21;157086;134791;69.2;59.4
65;2021-07-26;1111;1243;158197;136034;69.7;60.0
65;2021-07-27;1750;1957;159947;137991;70.5;60.8
65;2021-07-28;1559;1316;161506;139307;71.2;61.4
65;2021-07-29;2811;1125;164317;140432;72.4;61.9
65;2021-07-30;2405;1391;166722;141823;73.5;62.5
65;2021-07-31;2250;347;168972;142170;74.5;62.7
65;2021-08-01;14;16;168986;142186;74.5;62.7
65;2021-08-02;935;830;169921;143016;74.9;63.0
65;2021-08-03;2019;1056;171940;144072;75.8;63.5
65;2021-08-04;1760;631;173700;144703;76.6;63.8
65;2021-08-05;1782;830;175482;145533;77.4;64.2
65;2021-08-06;1642;962;177124;146495;78.1;64.6
65;2021-08-07;719;479;177843;146974;78.4;64.8
65;2021-08-08;2;9;177845;146983;78.4;64.8
65;2021-08-09;674;940;178519;147923;78.7;65.2
65;2021-08-10;1154;1545;179673;149468;79.2;65.9
65;2021-08-11;727;1263;180400;150731;79.5;66.4
65;2021-08-12;748;1069;181148;151800;79.9;66.9
66;2020-12-27;0;0;0;0;0.0;0.0
66;2020-12-28;2;0;2;0;0.0;0.0
66;2020-12-29;0;0;2;0;0.0;0.0
66;2020-12-30;0;0;2;0;0.0;0.0
66;2020-12-31;1;0;3;0;0.0;0.0
66;2021-01-01;1;0;4;0;0.0;0.0
66;2021-01-02;0;0;4;0;0.0;0.0
66;2021-01-03;0;0;4;0;0.0;0.0
66;2021-01-04;30;0;34;0;0.0;0.0
66;2021-01-05;135;0;169;0;0.0;0.0
66;2021-01-06;195;0;364;0;0.1;0.0
66;2021-01-07;180;0;544;0;0.1;0.0
66;2021-01-08;212;0;756;0;0.2;0.0
66;2021-01-09;232;0;988;0;0.2;0.0
66;2021-01-10;11;0;999;0;0.2;0.0
66;2021-01-11;404;3;1403;3;0.3;0.0
66;2021-01-12;587;2;1990;5;0.4;0.0
66;2021-01-13;877;6;2867;11;0.6;0.0
66;2021-01-14;892;11;3759;22;0.8;0.0
66;2021-01-15;587;1;4346;23;0.9;0.0
66;2021-01-16;106;2;4452;25;0.9;0.0
66;2021-01-17;46;1;4498;26;0.9;0.0
66;2021-01-18;654;2;5152;28;1.1;0.0
66;2021-01-19;716;3;5868;31;1.2;0.0
66;2021-01-20;1168;3;7036;34;1.5;0.0
66;2021-01-21;2402;3;9438;37;2.0;0.0
66;2021-01-22;1438;8;10876;45;2.3;0.0
66;2021-01-23;399;3;11275;48;2.4;0.0
66;2021-01-24;226;9;11501;57;2.4;0.0
66;2021-01-25;738;40;12239;97;2.6;0.0
66;2021-01-26;786;68;13025;165;2.7;0.0
66;2021-01-27;865;104;13890;269;2.9;0.1
66;2021-01-28;872;128;14762;397;3.1;0.1
66;2021-01-29;816;127;15578;524;3.3;0.1
66;2021-01-30;480;70;16058;594;3.4;0.1
66;2021-01-31;202;27;16260;621;3.4;0.1
66;2021-02-01;562;189;16822;810;3.5;0.2
66;2021-02-02;619;290;17441;1100;3.6;0.2
66;2021-02-03;737;629;18178;1729;3.8;0.4
66;2021-02-04;688;621;18866;2350;3.9;0.5
66;2021-02-05;777;417;19643;2767;4.1;0.6
66;2021-02-06;414;147;20057;2914;4.2;0.6
66;2021-02-07;169;139;20226;3053;4.2;0.6
66;2021-02-08;501;393;20727;3446;4.3;0.7
66;2021-02-09;531;401;21258;3847;4.4;0.8
66;2021-02-10;616;772;21874;4619;4.6;1.0
66;2021-02-11;1104;1572;22978;6191;4.8;1.3
66;2021-02-12;1120;1202;24098;7393;5.0;1.5
66;2021-02-13;366;304;24464;7697;5.1;1.6
66;2021-02-14;111;198;24575;7895;5.1;1.6
66;2021-02-15;425;700;25000;8595;5.2;1.8
66;2021-02-16;304;791;25304;9386;5.3;2.0
66;2021-02-17;379;698;25683;10084;5.4;2.1
66;2021-02-18;366;776;26049;10860;5.4;2.3
66;2021-02-19;400;704;26449;11564;5.5;2.4
66;2021-02-20;184;410;26633;11974;5.6;2.5
66;2021-02-21;41;171;26674;12145;5.6;2.5
66;2021-02-22;416;645;27090;12790;5.7;2.7
66;2021-02-23;509;658;27599;13448;5.8;2.8
66;2021-02-24;341;751;27940;14199;5.8;3.0
66;2021-02-25;718;715;28658;14914;6.0;3.1
66;2021-02-26;953;747;29611;15661;6.2;3.3
66;2021-02-27;363;434;29974;16095;6.3;3.4
66;2021-02-28;59;173;30033;16268;6.3;3.4
66;2021-03-01;378;652;30411;16920;6.3;3.5
66;2021-03-02;335;657;30746;17577;6.4;3.7
66;2021-03-03;528;644;31274;18221;6.5;3.8
66;2021-03-04;991;1056;32265;19277;6.7;4.0
66;2021-03-05;1525;797;33790;20074;7.1;4.2
66;2021-03-06;1145;345;34935;20419;7.3;4.3
66;2021-03-07;1097;97;36032;20516;7.5;4.3
66;2021-03-08;695;545;36727;21061;7.7;4.4
66;2021-03-09;1222;593;37949;21654;7.9;4.5
66;2021-03-10;1301;501;39250;22155;8.2;4.6
66;2021-03-11;1475;594;40725;22749;8.5;4.7
66;2021-03-12;2393;578;43118;23327;9.0;4.9
66;2021-03-13;1081;306;44199;23633;9.2;4.9
66;2021-03-14;192;83;44391;23716;9.3;5.0
66;2021-03-15;1109;392;45500;24108;9.5;5.0
66;2021-03-16;952;260;46452;24368;9.7;5.1
66;2021-03-17;867;395;47319;24763;9.9;5.2
66;2021-03-18;968;344;48287;25107;10.1;5.2
66;2021-03-19;1292;317;49579;25424;10.4;5.3
66;2021-03-20;837;121;50416;25545;10.5;5.3
66;2021-03-21;185;44;50601;25589;10.6;5.3
66;2021-03-22;1110;394;51711;25983;10.8;5.4
66;2021-03-23;1756;387;53467;26370;11.2;5.5
66;2021-03-24;1794;518;55261;26888;11.5;5.6
66;2021-03-25;2535;469;57796;27357;12.1;5.7
66;2021-03-26;2577;360;60373;27717;12.6;5.8
66;2021-03-27;1208;295;61581;28012;12.9;5.8
66;2021-03-28;321;3;61902;28015;12.9;5.8
66;2021-03-29;1830;257;63732;28272;13.3;5.9
66;2021-03-30;2239;171;65971;28443;13.8;5.9
66;2021-03-31;1985;250;67956;28693;14.2;6.0
66;2021-04-01;2671;303;70627;28996;14.7;6.1
66;2021-04-02;2420;255;73047;29251;15.2;6.1
66;2021-04-03;1148;335;74195;29586;15.5;6.2
66;2021-04-04;107;127;74302;29713;15.5;6.2
66;2021-04-05;195;142;74497;29855;15.6;6.2
66;2021-04-06;1331;650;75828;30505;15.8;6.4
66;2021-04-07;1396;596;77224;31101;16.1;6.5
66;2021-04-08;2070;548;79294;31649;16.6;6.6
66;2021-04-09;3476;659;82770;32308;17.3;6.7
66;2021-04-10;2307;522;85077;32830;17.8;6.9
66;2021-04-11;1200;166;86277;32996;18.0;6.9
66;2021-04-12;2701;1020;88978;34016;18.6;7.1
66;2021-04-13;3608;1058;92586;35074;19.3;7.3
66;2021-04-14;3292;923;95878;35997;20.0;7.5
66;2021-04-15;3552;1047;99430;37044;20.8;7.7
66;2021-04-16;3591;1035;103021;38079;21.5;7.9
66;2021-04-17;2263;588;105284;38667;22.0;8.1
66;2021-04-18;1445;132;106729;38799;22.3;8.1
66;2021-04-19;2257;1120;108986;39919;22.8;8.3
66;2021-04-20;2370;1080;111356;40999;23.2;8.6
66;2021-04-21;2868;1179;114224;42178;23.8;8.8
66;2021-04-22;2656;1229;116880;43407;24.4;9.1
66;2021-04-23;2380;1236;119260;44643;24.9;9.3
66;2021-04-24;2744;877;122004;45520;25.5;9.5
66;2021-04-25;1207;267;123211;45787;25.7;9.6
66;2021-04-26;1995;1254;125206;47041;26.1;9.8
66;2021-04-27;2748;1300;127954;48341;26.7;10.1
66;2021-04-28;2420;1664;130374;50005;27.2;10.4
66;2021-04-29;2701;2126;133075;52131;27.8;10.9
66;2021-04-30;3055;1558;136130;53689;28.4;11.2
66;2021-05-01;2001;468;138131;54157;28.8;11.3
66;2021-05-02;1529;263;139660;54420;29.2;11.4
66;2021-05-03;2938;1110;142598;55530;29.8;11.6
66;2021-05-04;3170;1343;145768;56873;30.4;11.9
66;2021-05-05;3052;1542;148820;58415;31.1;12.2
66;2021-05-06;3756;2078;152576;60493;31.9;12.6
66;2021-05-07;2968;3082;155544;63575;32.5;13.3
66;2021-05-08;1731;1170;157275;64745;32.8;13.5
66;2021-05-09;887;1372;158162;66117;33.0;13.8
66;2021-05-10;1805;2974;159967;69091;33.4;14.4
66;2021-05-11;2740;3123;162707;72214;34.0;15.1
66;2021-05-12;2428;2569;165135;74783;34.5;15.6
66;2021-05-13;2256;1382;167391;76165;34.9;15.9
66;2021-05-14;2772;2116;170163;78281;35.5;16.3
66;2021-05-15;2330;1576;172493;79857;36.0;16.7
66;2021-05-16;2286;1250;174779;81107;36.5;16.9
66;2021-05-17;2051;1825;176830;82932;36.9;17.3
66;2021-05-18;3237;1807;180067;84739;37.6;17.7
66;2021-05-19;2877;1339;182944;86078;38.2;18.0
66;2021-05-20;4377;1446;187321;87524;39.1;18.3
66;2021-05-21;3268;1460;190589;88984;39.8;18.6
66;2021-05-22;3066;773;193655;89757;40.4;18.7
66;2021-05-23;1510;238;195165;89995;40.7;18.8
66;2021-05-24;1954;426;197119;90421;41.2;18.9
66;2021-05-25;2795;1688;199914;92109;41.7;19.2
66;2021-05-26;2780;1492;202694;93601;42.3;19.5
66;2021-05-27;3385;2255;206079;95856;43.0;20.0
66;2021-05-28;2683;3050;208762;98906;43.6;20.6
66;2021-05-29;2148;1519;210910;100425;44.0;21.0
66;2021-05-30;786;989;211696;101414;44.2;21.2
66;2021-05-31;2120;1786;213816;103200;44.6;21.5
66;2021-06-01;2625;2004;216441;105204;45.2;22.0
66;2021-06-02;2808;2338;219249;107542;45.8;22.5
66;2021-06-03;2480;2973;221729;110515;46.3;23.1
66;2021-06-04;1858;3353;223587;113868;46.7;23.8
66;2021-06-05;1409;2600;224996;116468;47.0;24.3
66;2021-06-06;292;1225;225288;117693;47.0;24.6
66;2021-06-07;1340;2959;226628;120652;47.3;25.2
66;2021-06-08;1739;3021;228367;123673;47.7;25.8
66;2021-06-09;2068;2785;230435;126458;48.1;26.4
66;2021-06-10;2080;2960;232515;129418;48.5;27.0
66;2021-06-11;2096;3866;234611;133284;49.0;27.8
66;2021-06-12;871;2409;235482;135693;49.2;28.3
66;2021-06-13;515;1334;235997;137027;49.3;28.6
66;2021-06-14;1361;3493;237358;140520;49.6;29.3
66;2021-06-15;2129;3572;239487;144092;50.0;30.1
66;2021-06-16;1788;3568;241275;147660;50.4;30.8
66;2021-06-17;2431;3605;243706;151265;50.9;31.6
66;2021-06-18;2227;3822;245933;155087;51.3;32.4
66;2021-06-19;1542;2319;247475;157406;51.7;32.9
66;2021-06-20;995;1260;248470;158666;51.9;33.1
66;2021-06-21;1163;2878;249633;161544;52.1;33.7
66;2021-06-22;1505;3763;251138;165307;52.4;34.5
66;2021-06-23;1324;3026;252462;168333;52.7;35.1
66;2021-06-24;1515;3230;253977;171563;53.0;35.8
66;2021-06-25;1398;3534;255375;175097;53.3;36.6
66;2021-06-26;963;2680;256338;177777;53.5;37.1
66;2021-06-27;679;1556;257017;179333;53.7;37.4
66;2021-06-28;977;2975;257994;182308;53.9;38.1
66;2021-06-29;1140;3793;259134;186101;54.1;38.9
66;2021-06-30;1276;3298;260410;189399;54.4;39.5
66;2021-07-01;1367;4043;261777;193442;54.7;40.4
66;2021-07-02;1313;3605;263090;197047;54.9;41.1
66;2021-07-03;1151;3900;264241;200947;55.2;42.0
66;2021-07-04;717;1792;264958;202739;55.3;42.3
66;2021-07-05;1091;3001;266049;205740;55.5;43.0
66;2021-07-06;1367;3781;267416;209521;55.8;43.7
66;2021-07-07;1387;3249;268803;212770;56.1;44.4
66;2021-07-08;1265;3381;270068;216151;56.4;45.1
66;2021-07-09;1419;3462;271487;219613;56.7;45.8
66;2021-07-10;1003;2404;272490;222017;56.9;46.4
66;2021-07-11;540;1539;273030;223556;57.0;46.7
66;2021-07-12;992;3641;274022;227197;57.2;47.4
66;2021-07-13;2126;4270;276148;231467;57.7;48.3
66;2021-07-14;1944;1228;278092;232695;58.1;48.6
66;2021-07-15;2778;3109;280870;235804;58.6;49.2
66;2021-07-16;3325;3191;284195;238995;59.3;49.9
66;2021-07-17;2112;2033;286307;241028;59.8;50.3
66;2021-07-18;1195;1057;287502;242085;60.0;50.5
66;2021-07-19;2783;3080;290285;245165;60.6;51.2
66;2021-07-20;3637;2880;293922;248045;61.4;51.8
66;2021-07-21;3958;2933;297880;250978;62.2;52.4
66;2021-07-22;3831;2807;301711;253785;63.0;53.0
66;2021-07-23;3866;3028;305577;256813;63.8;53.6
66;2021-07-24;2581;1917;308158;258730;64.3;54.0
66;2021-07-25;2012;1234;310170;259964;64.8;54.3
66;2021-07-26;2761;2625;312931;262589;65.3;54.8
66;2021-07-27;3191;2882;316122;265471;66.0;55.4
66;2021-07-28;3329;2559;319451;268030;66.7;56.0
66;2021-07-29;3825;2521;323276;270551;67.5;56.5
66;2021-07-30;4173;2449;327449;273000;68.4;57.0
66;2021-07-31;2211;1703;329660;274703;68.8;57.3
66;2021-08-01;1812;890;331472;275593;69.2;57.5
66;2021-08-02;2258;1916;333730;277509;69.7;57.9
66;2021-08-03;2595;2061;336325;279570;70.2;58.4
66;2021-08-04;2561;1994;338886;281564;70.7;58.8
66;2021-08-05;2420;2494;341306;284058;71.3;59.3
66;2021-08-06;2300;2629;343606;286687;71.7;59.9
66;2021-08-07;1481;2078;345087;288765;72.0;60.3
66;2021-08-08;611;1453;345698;290218;72.2;60.6
66;2021-08-09;1316;2795;347014;293013;72.4;61.2
66;2021-08-10;1630;3056;348644;296069;72.8;61.8
66;2021-08-11;1582;3005;350226;299074;73.1;62.4
66;2021-08-12;1601;2979;351827;302053;73.5;63.1
67;2020-12-27;4;0;4;0;0.0;0.0
67;2020-12-28;3;0;7;0;0.0;0.0
67;2020-12-29;2;0;9;0;0.0;0.0
67;2020-12-30;0;0;9;0;0.0;0.0
67;2020-12-31;0;0;9;0;0.0;0.0
67;2021-01-01;3;0;12;0;0.0;0.0
67;2021-01-02;1;0;13;0;0.0;0.0
67;2021-01-03;1;0;14;0;0.0;0.0
67;2021-01-04;41;0;55;0;0.0;0.0
67;2021-01-05;167;0;222;0;0.0;0.0
67;2021-01-06;120;0;342;0;0.0;0.0
67;2021-01-07;235;1;577;1;0.1;0.0
67;2021-01-08;232;1;809;2;0.1;0.0
67;2021-01-09;113;1;922;3;0.1;0.0
67;2021-01-10;66;0;988;3;0.1;0.0
67;2021-01-11;182;1;1170;4;0.1;0.0
67;2021-01-12;511;1;1681;5;0.1;0.0
67;2021-01-13;653;2;2334;7;0.2;0.0
67;2021-01-14;1077;7;3411;14;0.3;0.0
67;2021-01-15;936;7;4347;21;0.4;0.0
67;2021-01-16;196;3;4543;24;0.4;0.0
67;2021-01-17;98;0;4641;24;0.4;0.0
67;2021-01-18;896;2;5537;26;0.5;0.0
67;2021-01-19;1424;5;6961;31;0.6;0.0
67;2021-01-20;1850;12;8811;43;0.8;0.0
67;2021-01-21;2207;9;11018;52;1.0;0.0
67;2021-01-22;1987;7;13005;59;1.1;0.0
67;2021-01-23;812;5;13817;64;1.2;0.0
67;2021-01-24;380;1;14197;65;1.3;0.0
67;2021-01-25;526;31;14723;96;1.3;0.0
67;2021-01-26;158;108;14881;204;1.3;0.0
67;2021-01-27;1391;90;16272;294;1.4;0.0
67;2021-01-28;3052;225;19324;519;1.7;0.0
67;2021-01-29;2025;161;21349;680;1.9;0.1
67;2021-01-30;1094;83;22443;763;2.0;0.1
67;2021-01-31;1161;29;23604;792;2.1;0.1
67;2021-02-01;3390;249;26994;1041;2.4;0.1
67;2021-02-02;2688;429;29682;1470;2.6;0.1
67;2021-02-03;1573;402;31255;1872;2.8;0.2
67;2021-02-04;1193;762;32448;2634;2.9;0.2
67;2021-02-05;1193;645;33641;3279;3.0;0.3
67;2021-02-06;787;146;34428;3425;3.0;0.3
67;2021-02-07;289;44;34717;3469;3.1;0.3
67;2021-02-08;837;450;35554;3919;3.1;0.3
67;2021-02-09;958;738;36512;4657;3.2;0.4
67;2021-02-10;929;793;37441;5450;3.3;0.5
67;2021-02-11;1149;1128;38590;6578;3.4;0.6
67;2021-02-12;1245;782;39835;7360;3.5;0.6
67;2021-02-13;765;280;40600;7640;3.6;0.7
67;2021-02-14;243;94;40843;7734;3.6;0.7
67;2021-02-15;778;839;41621;8573;3.7;0.8
67;2021-02-16;927;1148;42548;9721;3.8;0.9
67;2021-02-17;784;1196;43332;10917;3.8;1.0
67;2021-02-18;1398;2569;44730;13486;3.9;1.2
67;2021-02-19;1369;2115;46099;15601;4.1;1.4
67;2021-02-20;627;907;46726;16508;4.1;1.5
67;2021-02-21;208;1197;46934;17705;4.1;1.6
67;2021-02-22;1401;2168;48335;19873;4.3;1.8
67;2021-02-23;1461;1569;49796;21442;4.4;1.9
67;2021-02-24;1434;1052;51230;22494;4.5;2.0
67;2021-02-25;1614;1471;52844;23965;4.7;2.1
67;2021-02-26;2223;1405;55067;25370;4.9;2.2
67;2021-02-27;1256;785;56323;26155;5.0;2.3
67;2021-02-28;147;365;56470;26520;5.0;2.3
67;2021-03-01;636;1004;57106;27524;5.0;2.4
67;2021-03-02;890;1200;57996;28724;5.1;2.5
67;2021-03-03;1409;1284;59405;30008;5.2;2.6
67;2021-03-04;1960;1056;61365;31064;5.4;2.7
67;2021-03-05;3254;1103;64619;32167;5.7;2.8
67;2021-03-06;2334;774;66953;32941;5.9;2.9
67;2021-03-07;466;281;67419;33222;6.0;2.9
67;2021-03-08;1185;793;68604;34015;6.1;3.0
67;2021-03-09;2219;901;70823;34916;6.3;3.1
67;2021-03-10;2447;1188;73270;36104;6.5;3.2
67;2021-03-11;3204;1354;76474;37458;6.8;3.3
67;2021-03-12;5250;1366;81724;38824;7.2;3.4
67;2021-03-13;3996;883;85720;39707;7.6;3.5
67;2021-03-14;483;388;86203;40095;7.6;3.5
67;2021-03-15;2188;1158;88391;41253;7.8;3.6
67;2021-03-16;1545;1231;89936;42484;7.9;3.8
67;2021-03-17;2064;918;92000;43402;8.1;3.8
67;2021-03-18;2385;729;94385;44131;8.3;3.9
67;2021-03-19;3670;746;98055;44877;8.7;4.0
67;2021-03-20;3064;506;101119;45383;8.9;4.0
67;2021-03-21;332;14;101451;45397;9.0;4.0
67;2021-03-22;2329;776;103780;46173;9.2;4.1
67;2021-03-23;3397;771;107177;46944;9.5;4.1
67;2021-03-24;3905;808;111082;47752;9.8;4.2
67;2021-03-25;5312;533;116394;48285;10.3;4.3
67;2021-03-26;6868;476;123262;48761;10.9;4.3
67;2021-03-27;3922;335;127184;49096;11.2;4.3
67;2021-03-28;580;99;127764;49195;11.3;4.3
67;2021-03-29;3818;423;131582;49618;11.6;4.4
67;2021-03-30;4839;667;136421;50285;12.0;4.4
67;2021-03-31;4841;689;141262;50974;12.5;4.5
67;2021-04-01;5140;921;146402;51895;12.9;4.6
67;2021-04-02;1003;175;147405;52070;13.0;4.6
67;2021-04-03;1689;284;149094;52354;13.2;4.6
67;2021-04-04;326;5;149420;52359;13.2;4.6
67;2021-04-05;370;3;149790;52362;13.2;4.6
67;2021-04-06;3472;1178;153262;53540;13.5;4.7
67;2021-04-07;4534;1277;157796;54817;13.9;4.8
67;2021-04-08;5655;1398;163451;56215;14.4;5.0
67;2021-04-09;7107;1346;170558;57561;15.1;5.1
67;2021-04-10;4330;886;174888;58447;15.4;5.2
67;2021-04-11;855;425;175743;58872;15.5;5.2
67;2021-04-12;3880;1402;179623;60274;15.9;5.3
67;2021-04-13;4891;1576;184514;61850;16.3;5.5
67;2021-04-14;5272;1893;189786;63743;16.8;5.6
67;2021-04-15;6077;2105;195863;65848;17.3;5.8
67;2021-04-16;7829;2412;203692;68260;18.0;6.0
67;2021-04-17;4006;1581;207698;69841;18.3;6.2
67;2021-04-18;1113;646;208811;70487;18.4;6.2
67;2021-04-19;3629;2139;212440;72626;18.8;6.4
67;2021-04-20;4257;1923;216697;74549;19.1;6.6
67;2021-04-21;4067;2510;220764;77059;19.5;6.8
67;2021-04-22;4476;2909;225240;79968;19.9;7.1
67;2021-04-23;5238;2994;230478;82962;20.3;7.3
67;2021-04-24;3099;2019;233577;84981;20.6;7.5
67;2021-04-25;1028;451;234605;85432;20.7;7.5
67;2021-04-26;3190;2613;237795;88045;21.0;7.8
67;2021-04-27;4021;2922;241816;90967;21.4;8.0
67;2021-04-28;4250;3431;246066;94398;21.7;8.3
67;2021-04-29;5125;3514;251191;97912;22.2;8.6
67;2021-04-30;7180;2486;258371;100398;22.8;8.9
67;2021-05-01;2680;781;261051;101179;23.0;8.9
67;2021-05-02;2180;676;263231;101855;23.2;9.0
67;2021-05-03;5561;2616;268792;104471;23.7;9.2
67;2021-05-04;5853;3606;274645;108077;24.2;9.5
67;2021-05-05;5214;4199;279859;112276;24.7;9.9
67;2021-05-06;6714;4918;286573;117194;25.3;10.3
67;2021-05-07;6429;6917;293002;124111;25.9;11.0
67;2021-05-08;3573;1020;296575;125131;26.2;11.0
67;2021-05-09;3372;596;299947;125727;26.5;11.1
67;2021-05-10;4694;4531;304641;130258;26.9;11.5
67;2021-05-11;5648;4927;310289;135185;27.4;11.9
67;2021-05-12;6591;4847;316880;140032;28.0;12.4
67;2021-05-13;7308;1698;324188;141730;28.6;12.5
67;2021-05-14;8880;5376;333068;147106;29.4;13.0
67;2021-05-15;8189;3653;341257;150759;30.1;13.3
67;2021-05-16;6174;978;347431;151737;30.7;13.4
67;2021-05-17;5693;3904;353124;155641;31.2;13.7
67;2021-05-18;6901;3986;360025;159627;31.8;14.1
67;2021-05-19;7376;4170;367401;163797;32.4;14.5
67;2021-05-20;8693;4224;376094;168021;33.2;14.8
67;2021-05-21;8161;5849;384255;173870;33.9;15.4
67;2021-05-22;5935;3428;390190;177298;34.5;15.7
67;2021-05-23;2658;593;392848;177891;34.7;15.7
67;2021-05-24;4416;862;397264;178753;35.1;15.8
67;2021-05-25;5415;4770;402679;183523;35.6;16.2
67;2021-05-26;6057;4882;408736;188405;36.1;16.6
67;2021-05-27;7308;4897;416044;193302;36.7;17.1
67;2021-05-28;7967;6495;424011;199797;37.4;17.6
67;2021-05-29;6647;3877;430658;203674;38.0;18.0
67;2021-05-30;1147;810;431805;204484;38.1;18.1
67;2021-05-31;6405;4060;438210;208544;38.7;18.4
67;2021-06-01;7328;4401;445538;212945;39.3;18.8
67;2021-06-02;8061;4179;453599;217124;40.0;19.2
67;2021-06-03;8835;4864;462434;221988;40.8;19.6
67;2021-06-04;8591;6127;471025;228115;41.6;20.1
67;2021-06-05;6555;3988;477580;232103;42.2;20.5
67;2021-06-06;3477;872;481057;232975;42.5;20.6
67;2021-06-07;7414;4260;488471;237235;43.1;20.9
67;2021-06-08;8629;4923;497100;242158;43.9;21.4
67;2021-06-09;9261;4805;506361;246963;44.7;21.8
67;2021-06-10;9772;5018;516133;251981;45.6;22.2
67;2021-06-11;8071;8331;524204;260312;46.3;23.0
67;2021-06-12;6788;5199;530992;265511;46.9;23.4
67;2021-06-13;3104;1043;534096;266554;47.2;23.5
67;2021-06-14;5508;6458;539604;273012;47.6;24.1
67;2021-06-15;6687;6750;546291;279762;48.2;24.7
67;2021-06-16;6945;6699;553236;286461;48.8;25.3
67;2021-06-17;7271;9053;560507;295514;49.5;26.1
67;2021-06-18;7599;8509;568106;304023;50.2;26.8
67;2021-06-19;6381;5962;574487;309985;50.7;27.4
67;2021-06-20;1451;1412;575938;311397;50.9;27.5
67;2021-06-21;4266;6768;580204;318165;51.2;28.1
67;2021-06-22;4237;9094;584441;327259;51.6;28.9
67;2021-06-23;5286;8188;589727;335447;52.1;29.6
67;2021-06-24;4518;9095;594245;344542;52.5;30.4
67;2021-06-25;5338;9948;599583;354490;52.9;31.3
67;2021-06-26;3463;9106;603046;363596;53.2;32.1
67;2021-06-27;1022;3521;604068;367117;53.3;32.4
67;2021-06-28;2848;8734;606916;375851;53.6;33.2
67;2021-06-29;2895;8605;609811;384456;53.8;33.9
67;2021-06-30;3379;8739;613190;393195;54.1;34.7
67;2021-07-01;3597;8421;616787;401616;54.5;35.5
67;2021-07-02;3731;10934;620518;412550;54.8;36.4
67;2021-07-03;2977;7741;623495;420291;55.0;37.1
67;2021-07-04;763;1868;624258;422159;55.1;37.3
67;2021-07-05;2617;8251;626875;430410;55.3;38.0
67;2021-07-06;3096;8441;629971;438851;55.6;38.7
67;2021-07-07;3911;8736;633882;447587;56.0;39.5
67;2021-07-08;4188;7783;638070;455370;56.3;40.2
67;2021-07-09;3755;11366;641825;466736;56.7;41.2
67;2021-07-10;2849;8203;644674;474939;56.9;41.9
67;2021-07-11;941;1993;645615;476932;57.0;42.1
67;2021-07-12;2465;9722;648080;486654;57.2;43.0
67;2021-07-13;4092;9888;652172;496542;57.6;43.8
67;2021-07-14;3481;4398;655653;500940;57.9;44.2
67;2021-07-15;5120;12222;660773;513162;58.3;45.3
67;2021-07-16;4824;12295;665597;525457;58.8;46.4
67;2021-07-17;3726;8829;669323;534286;59.1;47.2
67;2021-07-18;1456;2548;670779;536834;59.2;47.4
67;2021-07-19;4612;9739;675391;546573;59.6;48.3
67;2021-07-20;5751;9820;681142;556393;60.1;49.1
67;2021-07-21;5837;10645;686979;567038;60.7;50.1
67;2021-07-22;6403;10230;693382;577268;61.2;51.0
67;2021-07-23;7327;11190;700709;588458;61.9;52.0
67;2021-07-24;5399;7577;706108;596035;62.3;52.6
67;2021-07-25;2301;1964;708409;597999;62.5;52.8
67;2021-07-26;4955;7247;713364;605246;63.0;53.4
67;2021-07-27;6520;7305;719884;612551;63.6;54.1
67;2021-07-28;7507;7203;727391;619754;64.2;54.7
67;2021-07-29;8310;6429;735701;626183;65.0;55.3
67;2021-07-30;8580;7302;744281;633485;65.7;55.9
67;2021-07-31;5046;4857;749327;638342;66.2;56.4
67;2021-08-01;2429;1412;751756;639754;66.4;56.5
67;2021-08-02;6292;5074;758048;644828;66.9;56.9
67;2021-08-03;7261;4697;765309;649525;67.6;57.3
67;2021-08-04;6829;4590;772138;654115;68.2;57.8
67;2021-08-05;5689;4205;777827;658320;68.7;58.1
67;2021-08-06;6270;5400;784097;663720;69.2;58.6
67;2021-08-07;4600;4266;788697;667986;69.6;59.0
67;2021-08-08;1274;1433;789971;669419;69.7;59.1
67;2021-08-09;3094;4474;793065;673893;70.0;59.5
67;2021-08-10;3175;4755;796240;678648;70.3;59.9
67;2021-08-11;3379;4649;799619;683297;70.6;60.3
67;2021-08-12;3090;4866;802709;688163;70.9;60.8
68;2020-12-27;0;0;0;0;0.0;0.0
68;2020-12-28;0;0;0;0;0.0;0.0
68;2020-12-29;0;0;0;0;0.0;0.0
68;2020-12-30;0;0;0;0;0.0;0.0
68;2020-12-31;0;0;0;0;0.0;0.0
68;2021-01-01;0;0;0;0;0.0;0.0
68;2021-01-02;0;0;0;0;0.0;0.0
68;2021-01-03;0;0;0;0;0.0;0.0
68;2021-01-04;1;0;1;0;0.0;0.0
68;2021-01-05;11;0;12;0;0.0;0.0
68;2021-01-06;244;1;256;1;0.0;0.0
68;2021-01-07;75;0;331;1;0.0;0.0
68;2021-01-08;118;1;449;2;0.1;0.0
68;2021-01-09;20;0;469;2;0.1;0.0
68;2021-01-10;1;0;470;2;0.1;0.0
68;2021-01-11;82;0;552;2;0.1;0.0
68;2021-01-12;386;1;938;3;0.1;0.0
68;2021-01-13;703;2;1641;5;0.2;0.0
68;2021-01-14;372;2;2013;7;0.3;0.0
68;2021-01-15;204;1;2217;8;0.3;0.0
68;2021-01-16;1;0;2218;8;0.3;0.0
68;2021-01-17;0;0;2218;8;0.3;0.0
68;2021-01-18;379;6;2597;14;0.3;0.0
68;2021-01-19;559;6;3156;20;0.4;0.0
68;2021-01-20;707;10;3863;30;0.5;0.0
68;2021-01-21;1393;12;5256;42;0.7;0.0
68;2021-01-22;1499;12;6755;54;0.9;0.0
68;2021-01-23;215;3;6970;57;0.9;0.0
68;2021-01-24;697;0;7667;57;1.0;0.0
68;2021-01-25;1390;46;9057;103;1.2;0.0
68;2021-01-26;1553;80;10610;183;1.4;0.0
68;2021-01-27;2765;150;13375;333;1.8;0.0
68;2021-01-28;2352;57;15727;390;2.1;0.1
68;2021-01-29;1508;116;17235;506;2.3;0.1
68;2021-01-30;165;3;17400;509;2.3;0.1
68;2021-01-31;0;0;17400;509;2.3;0.1
68;2021-02-01;737;103;18137;612;2.4;0.1
68;2021-02-02;867;307;19004;919;2.5;0.1
68;2021-02-03;998;623;20002;1542;2.6;0.2
68;2021-02-04;1000;324;21002;1866;2.8;0.2
68;2021-02-05;946;236;21948;2102;2.9;0.3
68;2021-02-06;140;1;22088;2103;2.9;0.3
68;2021-02-07;1;16;22089;2119;2.9;0.3
68;2021-02-08;893;23;22982;2142;3.0;0.3
68;2021-02-09;1358;45;24340;2187;3.2;0.3
68;2021-02-10;1452;61;25792;2248;3.4;0.3
68;2021-02-11;1487;471;27279;2719;3.6;0.4
68;2021-02-12;1548;449;28827;3168;3.8;0.4
68;2021-02-13;132;1;28959;3169;3.8;0.4
68;2021-02-14;57;231;29016;3400;3.8;0.4
68;2021-02-15;662;1088;29678;4488;3.9;0.6
68;2021-02-16;863;1370;30541;5858;4.0;0.8
68;2021-02-17;1284;2137;31825;7995;4.2;1.0
68;2021-02-18;1655;2054;33480;10049;4.4;1.3
68;2021-02-19;985;1369;34465;11418;4.5;1.5
68;2021-02-20;93;125;34558;11543;4.5;1.5
68;2021-02-21;1;40;34559;11583;4.5;1.5
68;2021-02-22;446;798;35005;12381;4.6;1.6
68;2021-02-23;639;1061;35644;13442;4.7;1.8
68;2021-02-24;853;1155;36497;14597;4.8;1.9
68;2021-02-25;1209;1249;37706;15846;4.9;2.1
68;2021-02-26;1200;988;38906;16834;5.1;2.2
68;2021-02-27;547;174;39453;17008;5.2;2.2
68;2021-02-28;12;1;39465;17009;5.2;2.2
68;2021-03-01;939;767;40404;17776;5.3;2.3
68;2021-03-02;1215;925;41619;18701;5.5;2.5
68;2021-03-03;1591;968;43210;19669;5.7;2.6
68;2021-03-04;1989;1044;45199;20713;5.9;2.7
68;2021-03-05;2356;1049;47555;21762;6.2;2.9
68;2021-03-06;2283;246;49838;22008;6.5;2.9
68;2021-03-07;839;106;50677;22114;6.6;2.9
68;2021-03-08;1473;980;52150;23094;6.8;3.0
68;2021-03-09;1693;1332;53843;24426;7.1;3.2
68;2021-03-10;1963;1799;55806;26225;7.3;3.4
68;2021-03-11;2638;1916;58444;28141;7.7;3.7
68;2021-03-12;2628;1421;61072;29562;8.0;3.9
68;2021-03-13;3342;250;64414;29812;8.4;3.9
68;2021-03-14;1542;63;65956;29875;8.6;3.9
68;2021-03-15;1793;623;67749;30498;8.9;4.0
68;2021-03-16;2000;601;69749;31099;9.1;4.1
68;2021-03-17;1955;726;71704;31825;9.4;4.2
68;2021-03-18;2219;952;73923;32777;9.7;4.3
68;2021-03-19;3084;735;77007;33512;10.1;4.4
68;2021-03-20;973;122;77980;33634;10.2;4.4
68;2021-03-21;68;2;78048;33636;10.2;4.4
68;2021-03-22;1965;591;80013;34227;10.5;4.5
68;2021-03-23;2860;614;82873;34841;10.9;4.6
68;2021-03-24;3177;815;86050;35656;11.3;4.7
68;2021-03-25;3502;789;89552;36445;11.7;4.8
68;2021-03-26;3891;721;93443;37166;12.2;4.9
68;2021-03-27;1102;163;94545;37329;12.4;4.9
68;2021-03-28;55;3;94600;37332;12.4;4.9
68;2021-03-29;2265;1379;96865;38711;12.7;5.1
68;2021-03-30;2934;1303;99799;40014;13.1;5.2
68;2021-03-31;2641;1365;102440;41379;13.4;5.4
68;2021-04-01;2748;1547;105188;42926;13.8;5.6
68;2021-04-02;244;87;105432;43013;13.8;5.6
68;2021-04-03;240;124;105672;43137;13.8;5.7
68;2021-04-04;4;0;105676;43137;13.8;5.7
68;2021-04-05;48;3;105724;43140;13.9;5.7
68;2021-04-06;1794;1326;107518;44466;14.1;5.8
68;2021-04-07;2584;1535;110102;46001;14.4;6.0
68;2021-04-08;3231;1500;113333;47501;14.8;6.2
68;2021-04-09;4198;1523;117531;49024;15.4;6.4
68;2021-04-10;1202;1975;118733;50999;15.6;6.7
68;2021-04-11;126;1318;118859;52317;15.6;6.9
68;2021-04-12;2666;1636;121525;53953;15.9;7.1
68;2021-04-13;2760;2109;124285;56062;16.3;7.3
68;2021-04-14;3604;2267;127889;58329;16.8;7.6
68;2021-04-15;4051;2154;131940;60483;17.3;7.9
68;2021-04-16;3938;2077;135878;62560;17.8;8.2
68;2021-04-17;1074;441;136952;63001;17.9;8.3
68;2021-04-18;85;9;137037;63010;18.0;8.3
68;2021-04-19;2359;1836;139396;64846;18.3;8.5
68;2021-04-20;2439;2327;141835;67173;18.6;8.8
68;2021-04-21;2830;2479;144665;69652;19.0;9.1
68;2021-04-22;3285;1976;147950;71628;19.4;9.4
68;2021-04-23;3412;2074;151362;73702;19.8;9.7
68;2021-04-24;842;487;152204;74189;19.9;9.7
68;2021-04-25;214;20;152418;74209;20.0;9.7
68;2021-04-26;2329;2108;154747;76317;20.3;10.0
68;2021-04-27;2600;2217;157347;78534;20.6;10.3
68;2021-04-28;3573;1764;160920;80298;21.1;10.5
68;2021-04-29;4165;1748;165085;82046;21.6;10.8
68;2021-04-30;4833;1366;169918;83412;22.3;10.9
68;2021-05-01;946;121;170864;83533;22.4;10.9
68;2021-05-02;731;70;171595;83603;22.5;11.0
68;2021-05-03;3623;1817;175218;85420;23.0;11.2
68;2021-05-04;3935;2363;179153;87783;23.5;11.5
68;2021-05-05;3632;3240;182785;91023;23.9;11.9
68;2021-05-06;4806;2867;187591;93890;24.6;12.3
68;2021-05-07;4518;2908;192109;96798;25.2;12.7
68;2021-05-08;1671;211;193780;97009;25.4;12.7
68;2021-05-09;1077;107;194857;97116;25.5;12.7
68;2021-05-10;3159;3722;198016;100838;25.9;13.2
68;2021-05-11;4716;3619;202732;104457;26.6;13.7
68;2021-05-12;5784;3293;208516;107750;27.3;14.1
68;2021-05-13;4763;841;213279;108591;27.9;14.2
68;2021-05-14;5960;2132;219239;110723;28.7;14.5
68;2021-05-15;3558;910;222797;111633;29.2;14.6
68;2021-05-16;669;122;223466;111755;29.3;14.6
68;2021-05-17;4448;2496;227914;114251;29.9;15.0
68;2021-05-18;6139;2307;234053;116558;30.7;15.3
68;2021-05-19;5868;2887;239921;119445;31.4;15.7
68;2021-05-20;5930;2421;245851;121866;32.2;16.0
68;2021-05-21;5779;2869;251630;124735;33.0;16.3
68;2021-05-22;2578;926;254208;125661;33.3;16.5
68;2021-05-23;15;17;254223;125678;33.3;16.5
68;2021-05-24;2307;969;256530;126647;33.6;16.6
68;2021-05-25;4346;3438;260876;130085;34.2;17.0
68;2021-05-26;4883;3385;265759;133470;34.8;17.5
68;2021-05-27;5408;3400;271167;136870;35.5;17.9
68;2021-05-28;5620;3731;276787;140601;36.3;18.4
68;2021-05-29;1538;1186;278325;141787;36.5;18.6
68;2021-05-30;41;46;278366;141833;36.5;18.6
68;2021-05-31;5160;2363;283526;144196;37.1;18.9
68;2021-06-01;5988;2802;289514;146998;37.9;19.3
68;2021-06-02;4887;3012;294401;150010;38.6;19.7
68;2021-06-03;5941;3102;300342;153112;39.4;20.1
68;2021-06-04;4893;3305;305235;156417;40.0;20.5
68;2021-06-05;780;1169;306015;157586;40.1;20.6
68;2021-06-06;68;115;306083;157701;40.1;20.7
68;2021-06-07;4757;3036;310840;160737;40.7;21.1
68;2021-06-08;4941;3558;315781;164295;41.4;21.5
68;2021-06-09;4993;3441;320774;167736;42.0;22.0
68;2021-06-10;5202;3140;325976;170876;42.7;22.4
68;2021-06-11;5059;4151;331035;175027;43.4;22.9
68;2021-06-12;3035;1768;334070;176795;43.8;23.2
68;2021-06-13;515;682;334585;177477;43.8;23.3
68;2021-06-14;2517;4393;337102;181870;44.2;23.8
68;2021-06-15;3111;4724;340213;186594;44.6;24.4
68;2021-06-16;3387;4438;343600;191032;45.0;25.0
68;2021-06-17;2359;4459;345959;195491;45.3;25.6
68;2021-06-18;3350;5177;349309;200668;45.8;26.3
68;2021-06-19;2255;2169;351564;202837;46.1;26.6
68;2021-06-20;258;893;351822;203730;46.1;26.7
68;2021-06-21;2061;5153;353883;208883;46.4;27.4
68;2021-06-22;1901;5176;355784;214059;46.6;28.0
68;2021-06-23;2317;5744;358101;219803;46.9;28.8
68;2021-06-24;2155;4895;360256;224698;47.2;29.4
68;2021-06-25;2286;6659;362542;231357;47.5;30.3
68;2021-06-26;1303;2606;363845;233963;47.7;30.7
68;2021-06-27;151;880;363996;234843;47.7;30.8
68;2021-06-28;1601;6444;365597;241287;47.9;31.6
68;2021-06-29;1537;6635;367134;247922;48.1;32.5
68;2021-06-30;1797;6555;368931;254477;48.3;33.3
68;2021-07-01;2095;5350;371026;259827;48.6;34.0
68;2021-07-02;2102;6484;373128;266311;48.9;34.9
68;2021-07-03;988;1936;374116;268247;49.0;35.1
68;2021-07-04;242;201;374358;268448;49.1;35.2
68;2021-07-05;1459;5519;375817;273967;49.2;35.9
68;2021-07-06;2003;5881;377820;279848;49.5;36.7
68;2021-07-07;2455;4975;380275;284823;49.8;37.3
68;2021-07-08;2431;4749;382706;289572;50.1;37.9
68;2021-07-09;2092;7364;384798;296936;50.4;38.9
68;2021-07-10;1021;2001;385819;298937;50.6;39.2
68;2021-07-11;145;155;385964;299092;50.6;39.2
68;2021-07-12;1637;6779;387601;305871;50.8;40.1
68;2021-07-13;2901;6552;390502;312423;51.2;40.9
68;2021-07-14;1841;980;392343;313403;51.4;41.1
68;2021-07-15;3180;6653;395523;320056;51.8;41.9
68;2021-07-16;3807;6765;399330;326821;52.3;42.8
68;2021-07-17;3357;2299;402687;329120;52.8;43.1
68;2021-07-18;1053;230;403740;329350;52.9;43.2
68;2021-07-19;3044;6086;406784;335436;53.3;44.0
68;2021-07-20;3995;5675;410779;341111;53.8;44.7
68;2021-07-21;4332;5824;415111;346935;54.4;45.5
68;2021-07-22;4169;4841;419280;351776;54.9;46.1
68;2021-07-23;5019;5747;424299;357523;55.6;46.8
68;2021-07-24;3328;2119;427627;359642;56.0;47.1
68;2021-07-25;818;529;428445;360171;56.1;47.2
68;2021-07-26;4746;4437;433191;364608;56.8;47.8
68;2021-07-27;6334;3737;439525;368345;57.6;48.3
68;2021-07-28;6834;3872;446359;372217;58.5;48.8
68;2021-07-29;6372;3394;452731;375611;59.3;49.2
68;2021-07-30;6312;4364;459043;379975;60.1;49.8
68;2021-07-31;3902;1422;462945;381397;60.7;50.0
68;2021-08-01;1644;476;464589;381873;60.9;50.0
68;2021-08-02;4581;3126;469170;384999;61.5;50.4
68;2021-08-03;3520;2429;472690;387428;61.9;50.8
68;2021-08-04;3127;2683;475817;390111;62.3;51.1
68;2021-08-05;2725;2623;478542;392734;62.7;51.5
68;2021-08-06;3978;4308;482520;397042;63.2;52.0
68;2021-08-07;1224;1302;483744;398344;63.4;52.2
68;2021-08-08;359;803;484103;399147;63.4;52.3
68;2021-08-09;2560;3676;486663;402823;63.8;52.8
68;2021-08-10;2204;2772;488867;405595;64.1;53.1
68;2021-08-11;1892;2715;490759;408310;64.3;53.5
68;2021-08-12;1684;2646;492443;410956;64.5;53.8
69;2020-12-27;3;0;3;0;0.0;0.0
69;2020-12-28;7;0;10;0;0.0;0.0
69;2020-12-29;5;0;15;0;0.0;0.0
69;2020-12-30;6;0;21;0;0.0;0.0
69;2020-12-31;10;0;31;0;0.0;0.0
69;2021-01-01;2;0;33;0;0.0;0.0
69;2021-01-02;1;0;34;0;0.0;0.0
69;2021-01-03;1;0;35;0;0.0;0.0
69;2021-01-04;11;0;46;0;0.0;0.0
69;2021-01-05;215;0;261;0;0.0;0.0
69;2021-01-06;509;0;770;0;0.0;0.0
69;2021-01-07;811;0;1581;0;0.1;0.0
69;2021-01-08;826;0;2407;0;0.1;0.0
69;2021-01-09;37;1;2444;1;0.1;0.0
69;2021-01-10;3;1;2447;2;0.1;0.0
69;2021-01-11;1133;2;3580;4;0.2;0.0
69;2021-01-12;1396;7;4976;11;0.3;0.0
69;2021-01-13;1392;4;6368;15;0.3;0.0
69;2021-01-14;2272;21;8640;36;0.5;0.0
69;2021-01-15;1826;8;10466;44;0.6;0.0
69;2021-01-16;928;4;11394;48;0.6;0.0
69;2021-01-17;260;2;11654;50;0.6;0.0
69;2021-01-18;1694;18;13348;68;0.7;0.0
69;2021-01-19;3507;34;16855;102;0.9;0.0
69;2021-01-20;4448;27;21303;129;1.1;0.0
69;2021-01-21;4046;26;25349;155;1.4;0.0
69;2021-01-22;3161;20;28510;175;1.5;0.0
69;2021-01-23;1284;5;29794;180;1.6;0.0
69;2021-01-24;101;1;29895;181;1.6;0.0
69;2021-01-25;2236;40;32131;221;1.7;0.0
69;2021-01-26;2561;90;34692;311;1.8;0.0
69;2021-01-27;2355;177;37047;488;2.0;0.0
69;2021-01-28;2236;374;39283;862;2.1;0.0
69;2021-01-29;2110;287;41393;1149;2.2;0.1
69;2021-01-30;889;3;42282;1152;2.3;0.1
69;2021-01-31;65;0;42347;1152;2.3;0.1
69;2021-02-01;1112;401;43459;1553;2.3;0.1
69;2021-02-02;1551;413;45010;1966;2.4;0.1
69;2021-02-03;1442;534;46452;2500;2.5;0.1
69;2021-02-04;1789;954;48241;3454;2.6;0.2
69;2021-02-05;820;821;49061;4275;2.6;0.2
69;2021-02-06;369;54;49430;4329;2.6;0.2
69;2021-02-07;0;0;49430;4329;2.6;0.2
69;2021-02-08;1133;1077;50563;5406;2.7;0.3
69;2021-02-09;2050;2112;52613;7518;2.8;0.4
69;2021-02-10;1855;2648;54468;10166;2.9;0.5
69;2021-02-11;1862;3299;56330;13465;3.0;0.7
69;2021-02-12;1899;2113;58229;15578;3.1;0.8
69;2021-02-13;458;803;58687;16381;3.1;0.9
69;2021-02-14;89;40;58776;16421;3.1;0.9
69;2021-02-15;1014;1771;59790;18192;3.2;1.0
69;2021-02-16;984;2445;60774;20637;3.2;1.1
69;2021-02-17;1026;2391;61800;23028;3.3;1.2
69;2021-02-18;968;2310;62768;25338;3.3;1.4
69;2021-02-19;891;1878;63659;27216;3.4;1.5
69;2021-02-20;322;913;63981;28129;3.4;1.5
69;2021-02-21;52;68;64033;28197;3.4;1.5
69;2021-02-22;610;2099;64643;30296;3.4;1.6
69;2021-02-23;740;2226;65383;32522;3.5;1.7
69;2021-02-24;972;2248;66355;34770;3.5;1.9
69;2021-02-25;2214;2681;68569;37451;3.7;2.0
69;2021-02-26;2774;1926;71343;39377;3.8;2.1
69;2021-02-27;924;572;72267;39949;3.9;2.1
69;2021-02-28;148;103;72415;40052;3.9;2.1
69;2021-03-01;2163;909;74578;40961;4.0;2.2
69;2021-03-02;3296;1397;77874;42358;4.2;2.3
69;2021-03-03;3671;1221;81545;43579;4.3;2.3
69;2021-03-04;4876;1276;86421;44855;4.6;2.4
69;2021-03-05;5868;1254;92289;46109;4.9;2.5
69;2021-03-06;3416;416;95705;46525;5.1;2.5
69;2021-03-07;640;42;96345;46567;5.1;2.5
69;2021-03-08;2956;1120;99301;47687;5.3;2.5
69;2021-03-09;4610;1256;103911;48943;5.5;2.6
69;2021-03-10;5067;1043;108978;49986;5.8;2.7
69;2021-03-11;6601;1040;115579;51026;6.2;2.7
69;2021-03-12;8855;1201;124434;52227;6.6;2.8
69;2021-03-13;4928;233;129362;52460;6.9;2.8
69;2021-03-14;2742;141;132104;52601;7.0;2.8
69;2021-03-15;4806;704;136910;53305;7.3;2.8
69;2021-03-16;3816;640;140726;53945;7.5;2.9
69;2021-03-17;3950;874;144676;54819;7.7;2.9
69;2021-03-18;4964;1608;149640;56427;8.0;3.0
69;2021-03-19;6687;1055;156327;57482;8.3;3.1
69;2021-03-20;3589;272;159916;57754;8.5;3.1
69;2021-03-21;1977;92;161893;57846;8.6;3.1
69;2021-03-22;4548;811;166441;58657;8.9;3.1
69;2021-03-23;7364;820;173805;59477;9.3;3.2
69;2021-03-24;6453;996;180258;60473;9.6;3.2
69;2021-03-25;8585;1110;188843;61583;10.1;3.3
69;2021-03-26;8813;1236;197656;62819;10.5;3.3
69;2021-03-27;3154;796;200810;63615;10.7;3.4
69;2021-03-28;2216;183;203026;63798;10.8;3.4
69;2021-03-29;4097;2190;207123;65988;11.0;3.5
69;2021-03-30;7646;2532;214769;68520;11.4;3.7
69;2021-03-31;6356;3168;221125;71688;11.8;3.8
69;2021-04-01;8448;2724;229573;74412;12.2;4.0
69;2021-04-02;8313;3123;237886;77535;12.7;4.1
69;2021-04-03;5423;2162;243309;79697;13.0;4.2
69;2021-04-04;6608;549;249917;80246;13.3;4.3
69;2021-04-05;6192;818;256109;81064;13.7;4.3
69;2021-04-06;5111;3482;261220;84546;13.9;4.5
69;2021-04-07;5169;3893;266389;88439;14.2;4.7
69;2021-04-08;6425;4058;272814;92497;14.5;4.9
69;2021-04-09;9165;3776;281979;96273;15.0;5.1
69;2021-04-10;3051;2502;285030;98775;15.2;5.3
69;2021-04-11;2039;1900;287069;100675;15.3;5.4
69;2021-04-12;5471;3577;292540;104252;15.6;5.6
69;2021-04-13;7069;4120;299609;108372;16.0;5.8
69;2021-04-14;6716;4149;306325;112521;16.3;6.0
69;2021-04-15;7926;4589;314251;117110;16.8;6.2
69;2021-04-16;7862;4497;322113;121607;17.2;6.5
69;2021-04-17;5039;2318;327152;123925;17.4;6.6
69;2021-04-18;1715;1794;328867;125719;17.5;6.7
69;2021-04-19;7019;3775;335886;129494;17.9;6.9
69;2021-04-20;6485;4745;342371;134239;18.2;7.2
69;2021-04-21;5688;4412;348059;138651;18.6;7.4
69;2021-04-22;6427;5439;354486;144090;18.9;7.7
69;2021-04-23;6731;4892;361217;148982;19.3;7.9
69;2021-04-24;3157;2028;364374;151010;19.4;8.0
69;2021-04-25;2119;1546;366493;152556;19.5;8.1
69;2021-04-26;4498;3880;370991;156436;19.8;8.3
69;2021-04-27;6514;5330;377505;161766;20.1;8.6
69;2021-04-28;6274;4864;383779;166630;20.5;8.9
69;2021-04-29;6700;5389;390479;172019;20.8;9.2
69;2021-04-30;6929;6168;397408;178187;21.2;9.5
69;2021-05-01;3300;643;400708;178830;21.4;9.5
69;2021-05-02;1627;5886;402335;184716;21.4;9.8
69;2021-05-03;5858;8244;408193;192960;21.8;10.3
69;2021-05-04;7604;8170;415797;201130;22.2;10.7
69;2021-05-05;11210;5640;427007;206770;22.8;11.0
69;2021-05-06;12476;6283;439483;213053;23.4;11.4
69;2021-05-07;11686;7159;451169;220212;24.0;11.7
69;2021-05-08;4302;1652;455471;221864;24.3;11.8
69;2021-05-09;6635;2679;462106;224543;24.6;12.0
69;2021-05-10;6935;6061;469041;230604;25.0;12.3
69;2021-05-11;9828;7042;478869;237646;25.5;12.7
69;2021-05-12;12464;6809;491333;244455;26.2;13.0
69;2021-05-13;10837;2561;502170;247016;26.8;13.2
69;2021-05-14;12590;5225;514760;252241;27.4;13.4
69;2021-05-15;9142;2600;523902;254841;27.9;13.6
69;2021-05-16;8408;1876;532310;256717;28.4;13.7
69;2021-05-17;11307;5652;543617;262369;29.0;14.0
69;2021-05-18;13225;6402;556842;268771;29.7;14.3
69;2021-05-19;13699;5894;570541;274665;30.4;14.6
69;2021-05-20;11382;6087;581923;280752;31.0;15.0
69;2021-05-21;11041;6568;592964;287320;31.6;15.3
69;2021-05-22;5579;2576;598543;289896;31.9;15.5
69;2021-05-23;4569;1546;603112;291442;32.1;15.5
69;2021-05-24;8433;1863;611545;293305;32.6;15.6
69;2021-05-25;9745;6180;621290;299485;33.1;16.0
69;2021-05-26;10285;6118;631575;305603;33.7;16.3
69;2021-05-27;10434;6783;642009;312386;34.2;16.7
69;2021-05-28;11616;8745;653625;321131;34.8;17.1
69;2021-05-29;7390;6039;661015;327170;35.2;17.4
69;2021-05-30;7384;3171;668399;330341;35.6;17.6
69;2021-05-31;10961;6378;679360;336719;36.2;17.9
69;2021-06-01;12833;7521;692193;344240;36.9;18.3
69;2021-06-02;14886;6714;707079;350954;37.7;18.7
69;2021-06-03;16636;7430;723715;358384;38.6;19.1
69;2021-06-04;16204;8560;739919;366944;39.4;19.6
69;2021-06-05;10104;3412;750023;370356;40.0;19.7
69;2021-06-06;7487;1714;757510;372070;40.4;19.8
69;2021-06-07;12817;7040;770327;379110;41.1;20.2
69;2021-06-08;16380;8283;786707;387393;41.9;20.6
69;2021-06-09;15222;7361;801929;394754;42.7;21.0
69;2021-06-10;16274;7326;818203;402080;43.6;21.4
69;2021-06-11;16659;9689;834862;411769;44.5;21.9
69;2021-06-12;8533;4190;843395;415959;45.0;22.2
69;2021-06-13;5620;2145;849015;418104;45.3;22.3
69;2021-06-14;8585;9103;857600;427207;45.7;22.8
69;2021-06-15;10940;11024;868540;438231;46.3;23.4
69;2021-06-16;11348;12323;879888;450554;46.9;24.0
69;2021-06-17;11464;13252;891352;463806;47.5;24.7
69;2021-06-18;12074;14780;903426;478586;48.2;25.5
69;2021-06-19;6826;8350;910252;486936;48.5;26.0
69;2021-06-20;5274;4766;915526;491702;48.8;26.2
69;2021-06-21;6553;12128;922079;503830;49.1;26.9
69;2021-06-22;7212;13838;929291;517668;49.5;27.6
69;2021-06-23;8355;13036;937646;530704;50.0;28.3
69;2021-06-24;9296;13734;946942;544438;50.5;29.0
69;2021-06-25;7073;16313;954015;560751;50.9;29.9
69;2021-06-26;3955;9075;957970;569826;51.1;30.4
69;2021-06-27;3290;7418;961260;577244;51.2;30.8
69;2021-06-28;4548;14889;965808;592133;51.5;31.6
69;2021-06-29;5369;15663;971177;607796;51.8;32.4
69;2021-06-30;6382;14453;977559;622249;52.1;33.2
69;2021-07-01;7663;11957;985222;634206;52.5;33.8
69;2021-07-02;8479;14122;993701;648328;53.0;34.6
69;2021-07-03;5985;7772;999686;656100;53.3;35.0
69;2021-07-04;4152;5551;1003838;661651;53.5;35.3
69;2021-07-05;6025;13017;1009863;674668;53.8;36.0
69;2021-07-06;5456;14276;1015319;688944;54.1;36.7
69;2021-07-07;7221;13553;1022540;702497;54.5;37.4
69;2021-07-08;7481;13413;1030021;715910;54.9;38.2
69;2021-07-09;7446;16462;1037467;732372;55.3;39.0
69;2021-07-10;3070;10322;1040537;742694;55.5;39.6
69;2021-07-11;4317;5833;1044854;748527;55.7;39.9
69;2021-07-12;3879;16970;1048733;765497;55.9;40.8
69;2021-07-13;6142;20740;1054875;786237;56.2;41.9
69;2021-07-14;4986;8492;1059861;794729;56.5;42.4
69;2021-07-15;7349;22605;1067210;817334;56.9;43.6
69;2021-07-16;9445;20134;1076655;837468;57.4;44.6
69;2021-07-17;4841;12246;1081496;849714;57.6;45.3
69;2021-07-18;3393;8903;1084889;858617;57.8;45.8
69;2021-07-19;6324;16472;1091213;875089;58.2;46.6
69;2021-07-20;9034;19315;1100247;894404;58.6;47.7
69;2021-07-21;9264;17410;1109511;911814;59.1;48.6
69;2021-07-22;11320;16439;1120831;928253;59.7;49.5
69;2021-07-23;10836;17658;1131667;945911;60.3;50.4
69;2021-07-24;5529;11034;1137196;956945;60.6;51.0
69;2021-07-25;4673;6626;1141869;963571;60.9;51.4
69;2021-07-26;8520;12933;1150389;976504;61.3;52.1
69;2021-07-27;12614;12146;1163003;988650;62.0;52.7
69;2021-07-28;11838;12100;1174841;1000750;62.6;53.3
69;2021-07-29;14478;12281;1189319;1013031;63.4;54.0
69;2021-07-30;13482;12200;1202801;1025231;64.1;54.6
69;2021-07-31;7992;7202;1210793;1032433;64.5;55.0
69;2021-08-01;4971;5849;1215764;1038282;64.8;55.3
69;2021-08-02;10167;9564;1225931;1047846;65.3;55.9
69;2021-08-03;12686;8949;1238617;1056795;66.0;56.3
69;2021-08-04;12292;8106;1250909;1064901;66.7;56.8
69;2021-08-05;10764;7480;1261673;1072381;67.3;57.2
69;2021-08-06;9490;7745;1271163;1080126;67.8;57.6
69;2021-08-07;4714;4789;1275877;1084915;68.0;57.8
69;2021-08-08;4250;3533;1280127;1088448;68.2;58.0
69;2021-08-09;6862;9172;1286989;1097620;68.6;58.5
69;2021-08-10;7679;6972;1294668;1104592;69.0;58.9
69;2021-08-11;7490;8056;1302158;1112648;69.4;59.3
69;2021-08-12;6889;7258;1309047;1119906;69.8;59.7
70;2020-12-27;0;0;0;0;0.0;0.0
70;2020-12-28;0;0;0;0;0.0;0.0
70;2020-12-29;0;0;0;0;0.0;0.0
70;2020-12-30;0;0;0;0;0.0;0.0
70;2020-12-31;0;0;0;0;0.0;0.0
70;2021-01-01;0;0;0;0;0.0;0.0
70;2021-01-02;0;0;0;0;0.0;0.0
70;2021-01-03;0;0;0;0;0.0;0.0
70;2021-01-04;0;0;0;0;0.0;0.0
70;2021-01-05;0;0;0;0;0.0;0.0
70;2021-01-06;24;0;24;0;0.0;0.0
70;2021-01-07;121;0;145;0;0.1;0.0
70;2021-01-08;22;0;167;0;0.1;0.0
70;2021-01-09;0;0;167;0;0.1;0.0
70;2021-01-10;0;0;167;0;0.1;0.0
70;2021-01-11;148;1;315;1;0.1;0.0
70;2021-01-12;195;1;510;2;0.2;0.0
70;2021-01-13;172;2;682;4;0.3;0.0
70;2021-01-14;149;6;831;10;0.4;0.0
70;2021-01-15;153;0;984;10;0.4;0.0
70;2021-01-16;65;0;1049;10;0.4;0.0
70;2021-01-17;0;0;1049;10;0.4;0.0
70;2021-01-18;393;0;1442;10;0.6;0.0
70;2021-01-19;502;2;1944;12;0.8;0.0
70;2021-01-20;494;2;2438;14;1.0;0.0
70;2021-01-21;673;2;3111;16;1.3;0.0
70;2021-01-22;458;3;3569;19;1.5;0.0
70;2021-01-23;261;2;3830;21;1.6;0.0
70;2021-01-24;4;0;3834;21;1.6;0.0
70;2021-01-25;371;1;4205;22;1.8;0.0
70;2021-01-26;335;1;4540;23;1.9;0.0
70;2021-01-27;328;10;4868;33;2.1;0.0
70;2021-01-28;365;36;5233;69;2.2;0.0
70;2021-01-29;329;52;5562;121;2.4;0.1
70;2021-01-30;228;1;5790;122;2.5;0.1
70;2021-01-31;0;0;5790;122;2.5;0.1
70;2021-02-01;260;51;6050;173;2.6;0.1
70;2021-02-02;272;98;6322;271;2.7;0.1
70;2021-02-03;251;61;6573;332;2.8;0.1
70;2021-02-04;264;122;6837;454;2.9;0.2
70;2021-02-05;254;75;7091;529;3.0;0.2
70;2021-02-06;209;38;7300;567;3.1;0.2
70;2021-02-07;0;0;7300;567;3.1;0.2
70;2021-02-08;178;235;7478;802;3.2;0.3
70;2021-02-09;206;231;7684;1033;3.3;0.4
70;2021-02-10;196;302;7880;1335;3.4;0.6
70;2021-02-11;351;329;8231;1664;3.5;0.7
70;2021-02-12;239;492;8470;2156;3.6;0.9
70;2021-02-13;75;211;8545;2367;3.7;1.0
70;2021-02-14;0;29;8545;2396;3.7;1.0
70;2021-02-15;70;340;8615;2736;3.7;1.2
70;2021-02-16;113;363;8728;3099;3.7;1.3
70;2021-02-17;167;305;8895;3404;3.8;1.5
70;2021-02-18;205;259;9100;3663;3.9;1.6
70;2021-02-19;197;205;9297;3868;4.0;1.7
70;2021-02-20;192;69;9489;3937;4.1;1.7
70;2021-02-21;1;0;9490;3937;4.1;1.7
70;2021-02-22;107;237;9597;4174;4.1;1.8
70;2021-02-23;125;262;9722;4436;4.2;1.9
70;2021-02-24;130;233;9852;4669;4.2;2.0
70;2021-02-25;315;258;10167;4927;4.4;2.1
70;2021-02-26;395;148;10562;5075;4.5;2.2
70;2021-02-27;147;202;10709;5277;4.6;2.3
70;2021-02-28;0;0;10709;5277;4.6;2.3
70;2021-03-01;249;241;10958;5518;4.7;2.4
70;2021-03-02;487;276;11445;5794;4.9;2.5
70;2021-03-03;467;255;11912;6049;5.1;2.6
70;2021-03-04;691;272;12603;6321;5.4;2.7
70;2021-03-05;766;258;13369;6579;5.7;2.8
70;2021-03-06;540;116;13909;6695;6.0;2.9
70;2021-03-07;216;24;14125;6719;6.1;2.9
70;2021-03-08;554;211;14679;6930;6.3;3.0
70;2021-03-09;866;175;15545;7105;6.7;3.0
70;2021-03-10;659;177;16204;7282;6.9;3.1
70;2021-03-11;698;252;16902;7534;7.2;3.2
70;2021-03-12;985;178;17887;7712;7.7;3.3
70;2021-03-13;581;120;18468;7832;7.9;3.4
70;2021-03-14;19;0;18487;7832;7.9;3.4
70;2021-03-15;774;109;19261;7941;8.3;3.4
70;2021-03-16;655;92;19916;8033;8.5;3.4
70;2021-03-17;595;181;20511;8214;8.8;3.5
70;2021-03-18;633;141;21144;8355;9.1;3.6
70;2021-03-19;1018;139;22162;8494;9.5;3.6
70;2021-03-20;641;185;22803;8679;9.8;3.7
70;2021-03-21;9;0;22812;8679;9.8;3.7
70;2021-03-22;757;98;23569;8777;10.1;3.8
70;2021-03-23;1306;157;24875;8934;10.7;3.8
70;2021-03-24;1270;103;26145;9037;11.2;3.9
70;2021-03-25;1244;193;27389;9230;11.7;4.0
70;2021-03-26;1487;294;28876;9524;12.4;4.1
70;2021-03-27;957;125;29833;9649;12.8;4.1
70;2021-03-28;0;10;29833;9659;12.8;4.1
70;2021-03-29;718;411;30551;10070;13.1;4.3
70;2021-03-30;1093;316;31644;10386;13.6;4.5
70;2021-03-31;878;317;32522;10703;13.9;4.6
70;2021-04-01;1153;426;33675;11129;14.4;4.8
70;2021-04-02;1310;345;34985;11474;15.0;4.9
70;2021-04-03;639;320;35624;11794;15.3;5.1
70;2021-04-04;10;0;35634;11794;15.3;5.1
70;2021-04-05;4;2;35638;11796;15.3;5.1
70;2021-04-06;831;555;36469;12351;15.6;5.3
70;2021-04-07;858;587;37327;12938;16.0;5.5
70;2021-04-08;1319;561;38646;13499;16.6;5.8
70;2021-04-09;1403;531;40049;14030;17.2;6.0
70;2021-04-10;858;348;40907;14378;17.5;6.2
70;2021-04-11;21;1;40928;14379;17.6;6.2
70;2021-04-12;695;658;41623;15037;17.8;6.4
70;2021-04-13;920;766;42543;15803;18.2;6.8
70;2021-04-14;815;576;43358;16379;18.6;7.0
70;2021-04-15;1079;605;44437;16984;19.1;7.3
70;2021-04-16;1244;551;45681;17535;19.6;7.5
70;2021-04-17;689;470;46370;18005;19.9;7.7
70;2021-04-18;59;4;46429;18009;19.9;7.7
70;2021-04-19;540;807;46969;18816;20.1;8.1
70;2021-04-20;664;855;47633;19671;20.4;8.4
70;2021-04-21;484;929;48117;20600;20.6;8.8
70;2021-04-22;776;800;48893;21400;21.0;9.2
70;2021-04-23;875;743;49768;22143;21.3;9.5
70;2021-04-24;432;642;50200;22785;21.5;9.8
70;2021-04-25;11;0;50211;22785;21.5;9.8
70;2021-04-26;925;602;51136;23387;21.9;10.0
70;2021-04-27;1209;752;52345;24139;22.4;10.4
70;2021-04-28;889;810;53234;24949;22.8;10.7
70;2021-04-29;1343;932;54577;25881;23.4;11.1
70;2021-04-30;1533;876;56110;26757;24.1;11.5
70;2021-05-01;1694;120;57804;26877;24.8;11.5
70;2021-05-02;2;0;57806;26877;24.8;11.5
70;2021-05-03;1190;577;58996;27454;25.3;11.8
70;2021-05-04;1354;751;60350;28205;25.9;12.1
70;2021-05-05;1190;874;61540;29079;26.4;12.5
70;2021-05-06;1847;1266;63387;30345;27.2;13.0
70;2021-05-07;2127;1240;65514;31585;28.1;13.5
70;2021-05-08;1340;189;66854;31774;28.7;13.6
70;2021-05-09;8;58;66862;31832;28.7;13.7
70;2021-05-10;960;945;67822;32777;29.1;14.1
70;2021-05-11;1239;1069;69061;33846;29.6;14.5
70;2021-05-12;1176;866;70237;34712;30.1;14.9
70;2021-05-13;1544;147;71781;34859;30.8;14.9
70;2021-05-14;2062;756;73843;35615;31.7;15.3
70;2021-05-15;2657;531;76500;36146;32.8;15.5
70;2021-05-16;999;71;77499;36217;33.2;15.5
70;2021-05-17;1237;385;78736;36602;33.8;15.7
70;2021-05-18;1296;591;80032;37193;34.3;15.9
70;2021-05-19;1476;479;81508;37672;35.0;16.2
70;2021-05-20;1780;630;83288;38302;35.7;16.4
70;2021-05-21;1690;819;84978;39121;36.4;16.8
70;2021-05-22;1221;664;86199;39785;37.0;17.1
70;2021-05-23;8;14;86207;39799;37.0;17.1
70;2021-05-24;226;25;86433;39824;37.1;17.1
70;2021-05-25;835;925;87268;40749;37.4;17.5
70;2021-05-26;1048;947;88316;41696;37.9;17.9
70;2021-05-27;1262;998;89578;42694;38.4;18.3
70;2021-05-28;1546;1160;91124;43854;39.1;18.8
70;2021-05-29;1371;587;92495;44441;39.7;19.1
70;2021-05-30;1;8;92496;44449;39.7;19.1
70;2021-05-31;969;678;93465;45127;40.1;19.4
70;2021-06-01;1213;850;94678;45977;40.6;19.7
70;2021-06-02;1264;679;95942;46656;41.1;20.0
70;2021-06-03;1430;840;97372;47496;41.8;20.4
70;2021-06-04;1336;1108;98708;48604;42.3;20.8
70;2021-06-05;1024;663;99732;49267;42.8;21.1
70;2021-06-06;599;79;100331;49346;43.0;21.2
70;2021-06-07;940;850;101271;50196;43.4;21.5
70;2021-06-08;1217;1185;102488;51381;43.9;22.0
70;2021-06-09;1156;987;103644;52368;44.4;22.5
70;2021-06-10;1567;827;105211;53195;45.1;22.8
70;2021-06-11;1587;1956;106798;55151;45.8;23.7
70;2021-06-12;829;1971;107627;57122;46.2;24.5
70;2021-06-13;142;14;107769;57136;46.2;24.5
70;2021-06-14;558;1245;108327;58381;46.5;25.0
70;2021-06-15;451;1506;108778;59887;46.6;25.7
70;2021-06-16;800;1394;109578;61281;47.0;26.3
70;2021-06-17;1150;2095;110728;63376;47.5;27.2
70;2021-06-18;994;2255;111722;65631;47.9;28.1
70;2021-06-19;1091;1639;112813;67270;48.4;28.8
70;2021-06-20;1;3;112814;67273;48.4;28.8
70;2021-06-21;692;1453;113506;68726;48.7;29.5
70;2021-06-22;654;1509;114160;70235;49.0;30.1
70;2021-06-23;662;1570;114822;71805;49.2;30.8
70;2021-06-24;877;2049;115699;73854;49.6;31.7
70;2021-06-25;683;2646;116382;76500;49.9;32.8
70;2021-06-26;943;2137;117325;78637;50.3;33.7
70;2021-06-27;140;760;117465;79397;50.4;34.0
70;2021-06-28;336;1348;117801;80745;50.5;34.6
70;2021-06-29;411;1609;118212;82354;50.7;35.3
70;2021-06-30;390;1634;118602;83988;50.9;36.0
70;2021-07-01;640;1751;119242;85739;51.1;36.8
70;2021-07-02;814;1575;120056;87314;51.5;37.4
70;2021-07-03;841;1080;120897;88394;51.8;37.9
70;2021-07-04;29;70;120926;88464;51.9;37.9
70;2021-07-05;611;1036;121537;89500;52.1;38.4
70;2021-07-06;682;1274;122219;90774;52.4;38.9
70;2021-07-07;508;1424;122727;92198;52.6;39.5
70;2021-07-08;815;1572;123542;93770;53.0;40.2
70;2021-07-09;872;1661;124414;95431;53.4;40.9
70;2021-07-10;831;1031;125245;96462;53.7;41.4
70;2021-07-11;6;20;125251;96482;53.7;41.4
70;2021-07-12;429;1395;125680;97877;53.9;42.0
70;2021-07-13;907;1868;126587;99745;54.3;42.8
70;2021-07-14;33;6;126620;99751;54.3;42.8
70;2021-07-15;1380;1696;128000;101447;54.9;43.5
70;2021-07-16;1622;2067;129622;103514;55.6;44.4
70;2021-07-17;1501;1449;131123;104963;56.2;45.0
70;2021-07-18;1139;638;132262;105601;56.7;45.3
70;2021-07-19;882;973;133144;106574;57.1;45.7
70;2021-07-20;1349;1358;134493;107932;57.7;46.3
70;2021-07-21;1282;1399;135775;109331;58.2;46.9
70;2021-07-22;1863;1825;137638;111156;59.0;47.7
70;2021-07-23;1827;2494;139465;113650;59.8;48.7
70;2021-07-24;1363;1801;140828;115451;60.4;49.5
70;2021-07-25;25;2;140853;115453;60.4;49.5
70;2021-07-26;1051;974;141904;116427;60.9;49.9
70;2021-07-27;1389;976;143293;117403;61.4;50.3
70;2021-07-28;1395;1161;144688;118564;62.0;50.8
70;2021-07-29;1871;1381;146559;119945;62.8;51.4
70;2021-07-30;1966;1343;148525;121288;63.7;52.0
70;2021-07-31;1745;1161;150270;122449;64.4;52.5
70;2021-08-01;1;4;150271;122453;64.4;52.5
70;2021-08-02;773;734;151044;123187;64.8;52.8
70;2021-08-03;1290;1034;152334;124221;65.3;53.3
70;2021-08-04;1209;917;153543;125138;65.8;53.7
70;2021-08-05;1657;1190;155200;126328;66.6;54.2
70;2021-08-06;1792;1328;156992;127656;67.3;54.7
70;2021-08-07;1189;1022;158181;128678;67.8;55.2
70;2021-08-08;35;28;158216;128706;67.8;55.2
70;2021-08-09;527;702;158743;129408;68.1;55.5
70;2021-08-10;896;1132;159639;130540;68.5;56.0
70;2021-08-11;806;723;160445;131263;68.8;56.3
70;2021-08-12;899;1273;161344;132536;69.2;56.8
71;2020-12-27;0;0;0;0;0.0;0.0
71;2020-12-28;0;0;0;0;0.0;0.0
71;2020-12-29;0;0;0;0;0.0;0.0
71;2020-12-30;0;0;0;0;0.0;0.0
71;2020-12-31;0;0;0;0;0.0;0.0
71;2021-01-01;1;0;1;0;0.0;0.0
71;2021-01-02;0;0;1;0;0.0;0.0
71;2021-01-03;1;0;2;0;0.0;0.0
71;2021-01-04;1;0;3;0;0.0;0.0
71;2021-01-05;12;0;15;0;0.0;0.0
71;2021-01-06;72;0;87;0;0.0;0.0
71;2021-01-07;66;0;153;0;0.0;0.0
71;2021-01-08;146;0;299;0;0.1;0.0
71;2021-01-09;117;0;416;0;0.1;0.0
71;2021-01-10;1;0;417;0;0.1;0.0
71;2021-01-11;245;0;662;0;0.1;0.0
71;2021-01-12;846;1;1508;1;0.3;0.0
71;2021-01-13;562;2;2070;3;0.4;0.0
71;2021-01-14;581;9;2651;12;0.5;0.0
71;2021-01-15;666;1;3317;13;0.6;0.0
71;2021-01-16;9;0;3326;13;0.6;0.0
71;2021-01-17;0;0;3326;13;0.6;0.0
71;2021-01-18;1095;8;4421;21;0.8;0.0
71;2021-01-19;1689;5;6110;26;1.1;0.0
71;2021-01-20;1511;5;7621;31;1.4;0.0
71;2021-01-21;2056;14;9677;45;1.8;0.0
71;2021-01-22;1411;6;11088;51;2.0;0.0
71;2021-01-23;815;6;11903;57;2.2;0.0
71;2021-01-24;0;0;11903;57;2.2;0.0
71;2021-01-25;1064;6;12967;63;2.4;0.0
71;2021-01-26;1504;19;14471;82;2.6;0.0
71;2021-01-27;1248;32;15719;114;2.9;0.0
71;2021-01-28;1082;97;16801;211;3.1;0.0
71;2021-01-29;1014;143;17815;354;3.3;0.1
71;2021-01-30;604;2;18419;356;3.4;0.1
71;2021-01-31;1;15;18420;371;3.4;0.1
71;2021-02-01;751;238;19171;609;3.5;0.1
71;2021-02-02;753;357;19924;966;3.6;0.2
71;2021-02-03;818;424;20742;1390;3.8;0.3
71;2021-02-04;780;572;21522;1962;3.9;0.4
71;2021-02-05;705;525;22227;2487;4.1;0.5
71;2021-02-06;535;9;22762;2496;4.2;0.5
71;2021-02-07;3;50;22765;2546;4.2;0.5
71;2021-02-08;603;699;23368;3245;4.3;0.6
71;2021-02-09;371;1012;23739;4257;4.3;0.8
71;2021-02-10;412;992;24151;5249;4.4;1.0
71;2021-02-11;472;1181;24623;6430;4.5;1.2
71;2021-02-12;534;1037;25157;7467;4.6;1.4
71;2021-02-13;125;512;25282;7979;4.6;1.5
71;2021-02-14;1;7;25283;7986;4.6;1.5
71;2021-02-15;322;914;25605;8900;4.7;1.6
71;2021-02-16;442;1364;26047;10264;4.8;1.9
71;2021-02-17;426;1125;26473;11389;4.8;2.1
71;2021-02-18;548;935;27021;12324;4.9;2.2
71;2021-02-19;574;853;27595;13177;5.0;2.4
71;2021-02-20;224;381;27819;13558;5.1;2.5
71;2021-02-21;4;13;27823;13571;5.1;2.5
71;2021-02-22;237;880;28060;14451;5.1;2.6
71;2021-02-23;452;926;28512;15377;5.2;2.8
71;2021-02-24;444;725;28956;16102;5.3;2.9
71;2021-02-25;532;728;29488;16830;5.4;3.1
71;2021-02-26;830;531;30318;17361;5.5;3.2
71;2021-02-27;456;339;30774;17700;5.6;3.2
71;2021-02-28;54;14;30828;17714;5.6;3.2
71;2021-03-01;1187;680;32015;18394;5.8;3.4
71;2021-03-02;1574;644;33589;19038;6.1;3.5
71;2021-03-03;1819;773;35408;19811;6.5;3.6
71;2021-03-04;2001;819;37409;20630;6.8;3.8
71;2021-03-05;2284;690;39693;21320;7.2;3.9
71;2021-03-06;755;64;40448;21384;7.4;3.9
71;2021-03-07;40;21;40488;21405;7.4;3.9
71;2021-03-08;1452;782;41940;22187;7.7;4.1
71;2021-03-09;2160;525;44100;22712;8.1;4.1
71;2021-03-10;2166;463;46266;23175;8.4;4.2
71;2021-03-11;2631;656;48897;23831;8.9;4.4
71;2021-03-12;2606;623;51503;24454;9.4;4.5
71;2021-03-13;996;98;52499;24552;9.6;4.5
71;2021-03-14;35;0;52534;24552;9.6;4.5
71;2021-03-15;1799;496;54333;25048;9.9;4.6
71;2021-03-16;1821;197;56154;25245;10.3;4.6
71;2021-03-17;2132;251;58286;25496;10.6;4.7
71;2021-03-18;1953;437;60239;25933;11.0;4.7
71;2021-03-19;2368;329;62607;26262;11.4;4.8
71;2021-03-20;1084;38;63691;26300;11.6;4.8
71;2021-03-21;16;5;63707;26305;11.6;4.8
71;2021-03-22;2576;373;66283;26678;12.1;4.9
71;2021-03-23;3347;500;69630;27178;12.7;5.0
71;2021-03-24;3348;458;72978;27636;13.3;5.0
71;2021-03-25;4026;585;77004;28221;14.1;5.2
71;2021-03-26;4054;333;81058;28554;14.8;5.2
71;2021-03-27;998;105;82056;28659;15.0;5.2
71;2021-03-28;57;8;82113;28667;15.0;5.2
71;2021-03-29;2406;1173;84519;29840;15.4;5.4
71;2021-03-30;2952;1361;87471;31201;16.0;5.7
71;2021-03-31;2554;1522;90025;32723;16.4;6.0
71;2021-04-01;2717;1300;92742;34023;16.9;6.2
71;2021-04-02;2504;1418;95246;35441;17.4;6.5
71;2021-04-03;268;33;95514;35474;17.4;6.5
71;2021-04-04;6;0;95520;35474;17.4;6.5
71;2021-04-05;61;0;95581;35474;17.4;6.5
71;2021-04-06;2260;1873;97841;37347;17.9;6.8
71;2021-04-07;2392;1790;100233;39137;18.3;7.1
71;2021-04-08;3282;1805;103515;40942;18.9;7.5
71;2021-04-09;4039;1670;107554;42612;19.6;7.8
71;2021-04-10;769;44;108323;42656;19.8;7.8
71;2021-04-11;100;3;108423;42659;19.8;7.8
71;2021-04-12;2353;1699;110776;44358;20.2;8.1
71;2021-04-13;2583;1894;113359;46252;20.7;8.4
71;2021-04-14;2369;1921;115728;48173;21.1;8.8
71;2021-04-15;2778;1689;118506;49862;21.6;9.1
71;2021-04-16;2626;1649;121132;51511;22.1;9.4
71;2021-04-17;952;344;122084;51855;22.3;9.5
71;2021-04-18;106;5;122190;51860;22.3;9.5
71;2021-04-19;1759;2573;123949;54433;22.6;9.9
71;2021-04-20;2219;2600;126168;57033;23.0;10.4
71;2021-04-21;2124;2594;128292;59627;23.4;10.9
71;2021-04-22;2512;2441;130804;62068;23.9;11.3
71;2021-04-23;2919;2269;133723;64337;24.4;11.7
71;2021-04-24;518;52;134241;64389;24.5;11.8
71;2021-04-25;26;0;134267;64389;24.5;11.8
71;2021-04-26;2567;2128;136834;66517;25.0;12.1
71;2021-04-27;2985;2257;139819;68774;25.5;12.6
71;2021-04-28;3075;2129;142894;70903;26.1;12.9
71;2021-04-29;3779;2233;146673;73136;26.8;13.4
71;2021-04-30;3928;1725;150601;74861;27.5;13.7
71;2021-05-01;39;53;150640;74914;27.5;13.7
71;2021-05-02;23;18;150663;74932;27.5;13.7
71;2021-05-03;4289;1384;154952;76316;28.3;13.9
71;2021-05-04;2956;2351;157908;78667;28.8;14.4
71;2021-05-05;3426;2094;161334;80761;29.4;14.7
71;2021-05-06;3466;2369;164800;83130;30.1;15.2
71;2021-05-07;3673;2812;168473;85942;30.8;15.7
71;2021-05-08;180;183;168653;86125;30.8;15.7
71;2021-05-09;44;47;168697;86172;30.8;15.7
71;2021-05-10;3700;2282;172397;88454;31.5;16.1
71;2021-05-11;4662;2357;177059;90811;32.3;16.6
71;2021-05-12;3975;2595;181034;93406;33.0;17.1
71;2021-05-13;1576;154;182610;93560;33.3;17.1
71;2021-05-14;3763;2193;186373;95753;34.0;17.5
71;2021-05-15;242;329;186615;96082;34.1;17.5
71;2021-05-16;2;0;186617;96082;34.1;17.5
71;2021-05-17;3864;1885;190481;97967;34.8;17.9
71;2021-05-18;3496;2428;193977;100395;35.4;18.3
71;2021-05-19;3719;2282;197696;102677;36.1;18.7
71;2021-05-20;4180;2297;201876;104974;36.9;19.2
71;2021-05-21;3723;2577;205599;107551;37.5;19.6
71;2021-05-22;168;306;205767;107857;37.6;19.7
71;2021-05-23;14;55;205781;107912;37.6;19.7
71;2021-05-24;18;96;205799;108008;37.6;19.7
71;2021-05-25;2690;3007;208489;111015;38.1;20.3
71;2021-05-26;2972;2434;211461;113449;38.6;20.7
71;2021-05-27;3389;2589;214850;116038;39.2;21.2
71;2021-05-28;2920;3161;217770;119199;39.8;21.8
71;2021-05-29;482;659;218252;119858;39.8;21.9
71;2021-05-30;75;57;218327;119915;39.9;21.9
71;2021-05-31;2776;3458;221103;123373;40.4;22.5
71;2021-06-01;3661;3540;224764;126913;41.0;23.2
71;2021-06-02;3995;2623;228759;129536;41.8;23.6
71;2021-06-03;4436;2530;233195;132066;42.6;24.1
71;2021-06-04;3716;3714;236911;135780;43.2;24.8
71;2021-06-05;684;645;237595;136425;43.4;24.9
71;2021-06-06;57;91;237652;136516;43.4;24.9
71;2021-06-07;3281;4147;240933;140663;44.0;25.7
71;2021-06-08;3897;4014;244830;144677;44.7;26.4
71;2021-06-09;4693;2748;249523;147425;45.5;26.9
71;2021-06-10;5269;2741;254792;150166;46.5;27.4
71;2021-06-11;4436;3718;259228;153884;47.3;28.1
71;2021-06-12;716;594;259944;154478;47.5;28.2
71;2021-06-13;104;187;260048;154665;47.5;28.2
71;2021-06-14;3512;3779;263560;158444;48.1;28.9
71;2021-06-15;4206;3559;267766;162003;48.9;29.6
71;2021-06-16;4596;2719;272362;164722;49.7;30.1
71;2021-06-17;4267;2995;276629;167717;50.5;30.6
71;2021-06-18;4324;3772;280953;171489;51.3;31.3
71;2021-06-19;1269;653;282222;172142;51.5;31.4
71;2021-06-20;37;27;282259;172169;51.5;31.4
71;2021-06-21;2271;4282;284530;176451;51.9;32.2
71;2021-06-22;2685;4353;287215;180804;52.4;33.0
71;2021-06-23;3062;3414;290277;184218;53.0;33.6
71;2021-06-24;3328;3020;293605;187238;53.6;34.2
71;2021-06-25;2652;4472;296257;191710;54.1;35.0
71;2021-06-26;372;551;296629;192261;54.1;35.1
71;2021-06-27;30;68;296659;192329;54.2;35.1
71;2021-06-28;1532;4619;298191;196948;54.4;36.0
71;2021-06-29;1990;4822;300181;201770;54.8;36.8
71;2021-06-30;2502;3933;302683;205703;55.3;37.5
71;2021-07-01;2645;3901;305328;209604;55.7;38.3
71;2021-07-02;2906;3985;308234;213589;56.3;39.0
71;2021-07-03;318;710;308552;214299;56.3;39.1
71;2021-07-04;28;133;308580;214432;56.3;39.1
71;2021-07-05;2474;4320;311054;218752;56.8;39.9
71;2021-07-06;2460;4568;313514;223320;57.2;40.8
71;2021-07-07;2949;3725;316463;227045;57.8;41.4
71;2021-07-08;2766;4113;319229;231158;58.3;42.2
71;2021-07-09;2380;5026;321609;236184;58.7;43.1
71;2021-07-10;208;656;321817;236840;58.7;43.2
71;2021-07-11;15;65;321832;236905;58.7;43.2
71;2021-07-12;1910;5308;323742;242213;59.1;44.2
71;2021-07-13;2538;5869;326280;248082;59.6;45.3
71;2021-07-14;947;398;327227;248480;59.7;45.4
71;2021-07-15;3016;5740;330243;254220;60.3;46.4
71;2021-07-16;3289;6015;333532;260235;60.9;47.5
71;2021-07-17;502;781;334034;261016;61.0;47.6
71;2021-07-18;88;93;334122;261109;61.0;47.7
71;2021-07-19;2857;5580;336979;266689;61.5;48.7
71;2021-07-20;3339;5923;340318;272612;62.1;49.8
71;2021-07-21;3397;5470;343715;278082;62.7;50.8
71;2021-07-22;3932;5337;347647;283419;63.5;51.7
71;2021-07-23;3222;5999;350869;289418;64.0;52.8
71;2021-07-24;701;595;351570;290013;64.2;52.9
71;2021-07-25;145;80;351715;290093;64.2;53.0
71;2021-07-26;3575;4904;355290;294997;64.9;53.8
71;2021-07-27;4063;5116;359353;300113;65.6;54.8
71;2021-07-28;4211;4820;363564;304933;66.4;55.7
71;2021-07-29;4188;4637;367752;309570;67.1;56.5
71;2021-07-30;4220;4914;371972;314484;67.9;57.4
71;2021-07-31;717;726;372689;315210;68.0;57.5
71;2021-08-01;104;35;372793;315245;68.0;57.5
71;2021-08-02;3943;3754;376736;318999;68.8;58.2
71;2021-08-03;4378;3818;381114;322817;69.6;58.9
71;2021-08-04;4371;2975;385485;325792;70.4;59.5
71;2021-08-05;4151;3253;389636;329045;71.1;60.1
71;2021-08-06;3660;4005;393296;333050;71.8;60.8
71;2021-08-07;492;328;393788;333378;71.9;60.9
71;2021-08-08;46;65;393834;333443;71.9;60.9
71;2021-08-09;3019;3412;396853;336855;72.4;61.5
71;2021-08-10;3054;3381;399907;340236;73.0;62.1
71;2021-08-11;3165;3066;403072;343302;73.6;62.7
71;2021-08-12;2958;3081;406030;346383;74.1;63.2
72;2020-12-27;0;0;0;0;0.0;0.0
72;2020-12-28;0;0;0;0;0.0;0.0
72;2020-12-29;0;0;0;0;0.0;0.0
72;2020-12-30;0;0;0;0;0.0;0.0
72;2020-12-31;0;0;0;0;0.0;0.0
72;2021-01-01;2;0;2;0;0.0;0.0
72;2021-01-02;0;0;2;0;0.0;0.0
72;2021-01-03;0;0;2;0;0.0;0.0
72;2021-01-04;0;0;2;0;0.0;0.0
72;2021-01-05;14;0;16;0;0.0;0.0
72;2021-01-06;27;0;43;0;0.0;0.0
72;2021-01-07;110;0;153;0;0.0;0.0
72;2021-01-08;232;0;385;0;0.1;0.0
72;2021-01-09;36;0;421;0;0.1;0.0
72;2021-01-10;0;0;421;0;0.1;0.0
72;2021-01-11;484;1;905;1;0.2;0.0
72;2021-01-12;615;1;1520;2;0.3;0.0
72;2021-01-13;500;1;2020;3;0.4;0.0
72;2021-01-14;644;3;2664;6;0.5;0.0
72;2021-01-15;478;1;3142;7;0.6;0.0
72;2021-01-16;93;0;3235;7;0.6;0.0
72;2021-01-17;0;0;3235;7;0.6;0.0
72;2021-01-18;292;0;3527;7;0.6;0.0
72;2021-01-19;774;3;4301;10;0.8;0.0
72;2021-01-20;1534;6;5835;16;1.0;0.0
72;2021-01-21;1744;5;7579;21;1.4;0.0
72;2021-01-22;1149;6;8728;27;1.6;0.0
72;2021-01-23;32;0;8760;27;1.6;0.0
72;2021-01-24;0;0;8760;27;1.6;0.0
72;2021-01-25;502;7;9262;34;1.7;0.0
72;2021-01-26;1165;22;10427;56;1.9;0.0
72;2021-01-27;882;19;11309;75;2.0;0.0
72;2021-01-28;776;68;12085;143;2.2;0.0
72;2021-01-29;712;69;12797;212;2.3;0.0
72;2021-01-30;58;0;12855;212;2.3;0.0
72;2021-01-31;1;0;12856;212;2.3;0.0
72;2021-02-01;499;229;13355;441;2.4;0.1
72;2021-02-02;506;295;13861;736;2.5;0.1
72;2021-02-03;484;229;14345;965;2.6;0.2
72;2021-02-04;475;342;14820;1307;2.6;0.2
72;2021-02-05;512;409;15332;1716;2.7;0.3
72;2021-02-06;83;14;15415;1730;2.8;0.3
72;2021-02-07;19;3;15434;1733;2.8;0.3
72;2021-02-08;310;405;15744;2138;2.8;0.4
72;2021-02-09;489;531;16233;2669;2.9;0.5
72;2021-02-10;556;929;16789;3598;3.0;0.6
72;2021-02-11;851;1349;17640;4947;3.1;0.9
72;2021-02-12;848;595;18488;5542;3.3;1.0
72;2021-02-13;108;38;18596;5580;3.3;1.0
72;2021-02-14;1;22;18597;5602;3.3;1.0
72;2021-02-15;220;503;18817;6105;3.4;1.1
72;2021-02-16;499;1030;19316;7135;3.4;1.3
72;2021-02-17;464;717;19780;7852;3.5;1.4
72;2021-02-18;594;638;20374;8490;3.6;1.5
72;2021-02-19;520;600;20894;9090;3.7;1.6
72;2021-02-20;80;57;20974;9147;3.7;1.6
72;2021-02-21;0;0;20974;9147;3.7;1.6
72;2021-02-22;325;583;21299;9730;3.8;1.7
72;2021-02-23;567;530;21866;10260;3.9;1.8
72;2021-02-24;435;471;22301;10731;4.0;1.9
72;2021-02-25;922;567;23223;11298;4.1;2.0
72;2021-02-26;600;512;23823;11810;4.3;2.1
72;2021-02-27;322;68;24145;11878;4.3;2.1
72;2021-02-28;15;17;24160;11895;4.3;2.1
72;2021-03-01;378;482;24538;12377;4.4;2.2
72;2021-03-02;503;605;25041;12982;4.5;2.3
72;2021-03-03;732;654;25773;13636;4.6;2.4
72;2021-03-04;738;780;26511;14416;4.7;2.6
72;2021-03-05;935;772;27446;15188;4.9;2.7
72;2021-03-06;760;135;28206;15323;5.0;2.7
72;2021-03-07;448;25;28654;15348;5.1;2.7
72;2021-03-08;559;461;29213;15809;5.2;2.8
72;2021-03-09;1042;661;30255;16470;5.4;2.9
72;2021-03-10;1136;666;31391;17136;5.6;3.1
72;2021-03-11;1606;494;32997;17630;5.9;3.1
72;2021-03-12;1363;518;34360;18148;6.1;3.2
72;2021-03-13;981;118;35341;18266;6.3;3.3
72;2021-03-14;14;10;35355;18276;6.3;3.3
72;2021-03-15;1158;223;36513;18499;6.5;3.3
72;2021-03-16;1051;189;37564;18688;6.7;3.3
72;2021-03-17;1034;260;38598;18948;6.9;3.4
72;2021-03-18;1087;370;39685;19318;7.1;3.4
72;2021-03-19;1274;292;40959;19610;7.3;3.5
72;2021-03-20;485;92;41444;19702;7.4;3.5
72;2021-03-21;19;0;41463;19702;7.4;3.5
72;2021-03-22;1349;341;42812;20043;7.6;3.6
72;2021-03-23;1723;479;44535;20522;7.9;3.7
72;2021-03-24;1840;303;46375;20825;8.3;3.7
72;2021-03-25;2445;462;48820;21287;8.7;3.8
72;2021-03-26;2334;374;51154;21661;9.1;3.9
72;2021-03-27;613;29;51767;21690;9.2;3.9
72;2021-03-28;22;0;51789;21690;9.2;3.9
72;2021-03-29;1616;381;53405;22071;9.5;3.9
72;2021-03-30;2494;386;55899;22457;10.0;4.0
72;2021-03-31;2137;361;58036;22818;10.4;4.1
72;2021-04-01;2834;340;60870;23158;10.9;4.1
72;2021-04-02;2246;397;63116;23555;11.3;4.2
72;2021-04-03;292;39;63408;23594;11.3;4.2
72;2021-04-04;14;3;63422;23597;11.3;4.2
72;2021-04-05;51;49;63473;23646;11.3;4.2
72;2021-04-06;1761;467;65234;24113;11.6;4.3
72;2021-04-07;2571;596;67805;24709;12.1;4.4
72;2021-04-08;2717;776;70522;25485;12.6;4.5
72;2021-04-09;3860;574;74382;26059;13.3;4.7
72;2021-04-10;1111;49;75493;26108;13.5;4.7
72;2021-04-11;7;1;75500;26109;13.5;4.7
72;2021-04-12;1850;897;77350;27006;13.8;4.8
72;2021-04-13;2361;1076;79711;28082;14.2;5.0
72;2021-04-14;2249;1096;81960;29178;14.6;5.2
72;2021-04-15;2421;1112;84381;30290;15.1;5.4
72;2021-04-16;2563;959;86944;31249;15.5;5.6
72;2021-04-17;707;144;87651;31393;15.6;5.6
72;2021-04-18;57;2;87708;31395;15.7;5.6
72;2021-04-19;1396;1094;89104;32489;15.9;5.8
72;2021-04-20;2999;1296;92103;33785;16.4;6.0
72;2021-04-21;2517;1562;94620;35347;16.9;6.3
72;2021-04-22;2814;1792;97434;37139;17.4;6.6
72;2021-04-23;3211;1450;100645;38589;18.0;6.9
72;2021-04-24;1400;266;102045;38855;18.2;6.9
72;2021-04-25;881;19;102926;38874;18.4;6.9
72;2021-04-26;3513;1478;106439;40352;19.0;7.2
72;2021-04-27;4092;1859;110531;42211;19.7;7.5
72;2021-04-28;3833;1862;114364;44073;20.4;7.9
72;2021-04-29;4158;1814;118522;45887;21.2;8.2
72;2021-04-30;3615;1709;122137;47596;21.8;8.5
72;2021-05-01;1642;224;123779;47820;22.1;8.5
72;2021-05-02;1533;160;125312;47980;22.4;8.6
72;2021-05-03;3456;1150;128768;49130;23.0;8.8
72;2021-05-04;4012;1798;132780;50928;23.7;9.1
72;2021-05-05;3867;2176;136647;53104;24.4;9.5
72;2021-05-06;3597;1936;140244;55040;25.0;9.8
72;2021-05-07;3545;2147;143789;57187;25.7;10.2
72;2021-05-08;1900;152;145689;57339;26.0;10.2
72;2021-05-09;2082;207;147771;57546;26.4;10.3
72;2021-05-10;3773;1519;151544;59065;27.1;10.5
72;2021-05-11;4597;1994;156141;61059;27.9;10.9
72;2021-05-12;4081;1818;160222;62877;28.6;11.2
72;2021-05-13;3031;270;163253;63147;29.1;11.3
72;2021-05-14;3662;1387;166915;64534;29.8;11.5
72;2021-05-15;3122;363;170037;64897;30.4;11.6
72;2021-05-16;2502;153;172539;65050;30.8;11.6
72;2021-05-17;3725;1282;176264;66332;31.5;11.8
72;2021-05-18;4332;1686;180596;68018;32.2;12.1
72;2021-05-19;3978;1507;184574;69525;32.9;12.4
72;2021-05-20;4261;1450;188835;70975;33.7;12.7
72;2021-05-21;3790;1386;192625;72361;34.4;12.9
72;2021-05-22;2560;506;195185;72867;34.8;13.0
72;2021-05-23;1391;162;196576;73029;35.1;13.0
72;2021-05-24;2353;295;198929;73324;35.5;13.1
72;2021-05-25;4073;1408;203002;74732;36.2;13.3
72;2021-05-26;4096;1410;207098;76142;37.0;13.6
72;2021-05-27;4346;2045;211444;78187;37.7;14.0
72;2021-05-28;4107;2018;215551;80205;38.5;14.3
72;2021-05-29;2668;809;218219;81014;39.0;14.5
72;2021-05-30;1142;871;219361;81885;39.2;14.6
72;2021-05-31;3121;2328;222482;84213;39.7;15.0
72;2021-06-01;3563;2669;226045;86882;40.3;15.5
72;2021-06-02;3612;2781;229657;89663;41.0;16.0
72;2021-06-03;4241;2996;233898;92659;41.8;16.5
72;2021-06-04;3892;2750;237790;95409;42.4;17.0
72;2021-06-05;1440;2565;239230;97974;42.7;17.5
72;2021-06-06;910;1539;240140;99513;42.9;17.8
72;2021-06-07;1747;3422;241887;102935;43.2;18.4
72;2021-06-08;2929;3833;244816;106768;43.7;19.1
72;2021-06-09;2651;3370;247467;110138;44.2;19.7
72;2021-06-10;2827;3315;250294;113453;44.7;20.3
72;2021-06-11;2839;3773;253133;117226;45.2;20.9
72;2021-06-12;1243;2598;254376;119824;45.4;21.4
72;2021-06-13;388;1859;254764;121683;45.5;21.7
72;2021-06-14;1336;4128;256100;125811;45.7;22.5
72;2021-06-15;2755;3512;258855;129323;46.2;23.1
72;2021-06-16;2427;3574;261282;132897;46.6;23.7
72;2021-06-17;2320;3877;263602;136774;47.1;24.4
72;2021-06-18;2308;4309;265910;141083;47.5;25.2
72;2021-06-19;1127;2762;267037;143845;47.7;25.7
72;2021-06-20;339;2056;267376;145901;47.7;26.0
72;2021-06-21;1564;4032;268940;149933;48.0;26.8
72;2021-06-22;1713;4995;270653;154928;48.3;27.7
72;2021-06-23;2005;4218;272658;159146;48.7;28.4
72;2021-06-24;2231;4013;274889;163159;49.1;29.1
72;2021-06-25;1770;4840;276659;167999;49.4;30.0
72;2021-06-26;1190;2880;277849;170879;49.6;30.5
72;2021-06-27;392;2112;278241;172991;49.7;30.9
72;2021-06-28;1440;4294;279681;177285;49.9;31.6
72;2021-06-29;1768;4742;281449;182027;50.2;32.5
72;2021-06-30;1979;4167;283428;186194;50.6;33.2
72;2021-07-01;1939;4416;285367;190610;50.9;34.0
72;2021-07-02;1852;4715;287219;195325;51.3;34.9
72;2021-07-03;1292;3119;288511;198444;51.5;35.4
72;2021-07-04;583;1948;289094;200392;51.6;35.8
72;2021-07-05;1191;4164;290285;204556;51.8;36.5
72;2021-07-06;1461;5164;291746;209720;52.1;37.4
72;2021-07-07;1579;4612;293325;214332;52.4;38.3
72;2021-07-08;1646;4328;294971;218660;52.7;39.0
72;2021-07-09;2104;4615;297075;223275;53.0;39.9
72;2021-07-10;1593;2690;298668;225965;53.3;40.3
72;2021-07-11;948;1589;299616;227554;53.5;40.6
72;2021-07-12;1592;3759;301208;231313;53.8;41.3
72;2021-07-13;2085;4777;303293;236090;54.1;42.1
72;2021-07-14;1322;2368;304615;238458;54.4;42.6
72;2021-07-15;3485;3428;308100;241886;55.0;43.2
72;2021-07-16;3169;4133;311269;246019;55.6;43.9
72;2021-07-17;2635;1762;313904;247781;56.0;44.2
72;2021-07-18;1708;822;315612;248603;56.3;44.4
72;2021-07-19;2912;3515;318524;252118;56.9;45.0
72;2021-07-20;3031;4288;321555;256406;57.4;45.8
72;2021-07-21;2872;3599;324427;260005;57.9;46.4
72;2021-07-22;3751;2911;328178;262916;58.6;46.9
72;2021-07-23;3453;3792;331631;266708;59.2;47.6
72;2021-07-24;2811;1461;334442;268169;59.7;47.9
72;2021-07-25;1449;1076;335891;269245;60.0;48.1
72;2021-07-26;2714;2920;338605;272165;60.4;48.6
72;2021-07-27;3837;3819;342442;275984;61.1;49.3
72;2021-07-28;3556;3123;345998;279107;61.8;49.8
72;2021-07-29;3554;2710;349552;281817;62.4;50.3
72;2021-07-30;3755;3376;353307;285193;63.1;50.9
72;2021-07-31;2541;1745;355848;286938;63.5;51.2
72;2021-08-01;1827;430;357675;287368;63.8;51.3
72;2021-08-02;3202;2284;360877;289652;64.4;51.7
72;2021-08-03;3225;3305;364102;292957;65.0;52.3
72;2021-08-04;3755;2543;367857;295500;65.7;52.7
72;2021-08-05;3754;2459;371611;297959;66.3;53.2
72;2021-08-06;3328;2684;374939;300643;66.9;53.7
72;2021-08-07;2342;1606;377281;302249;67.3;54.0
72;2021-08-08;1617;692;378898;302941;67.6;54.1
72;2021-08-09;2690;2665;381588;305606;68.1;54.6
72;2021-08-10;2905;2739;384493;308345;68.6;55.0
72;2021-08-11;2362;2198;386855;310543;69.1;55.4
72;2021-08-12;2364;2583;389219;313126;69.5;55.9
73;2020-12-27;0;0;0;0;0.0;0.0
73;2020-12-28;1;0;1;0;0.0;0.0
73;2020-12-29;0;0;1;0;0.0;0.0
73;2020-12-30;0;0;1;0;0.0;0.0
73;2020-12-31;0;0;1;0;0.0;0.0
73;2021-01-01;0;0;1;0;0.0;0.0
73;2021-01-02;0;0;1;0;0.0;0.0
73;2021-01-03;0;0;1;0;0.0;0.0
73;2021-01-04;1;0;2;0;0.0;0.0
73;2021-01-05;0;0;2;0;0.0;0.0
73;2021-01-06;1;0;3;0;0.0;0.0
73;2021-01-07;30;0;33;0;0.0;0.0
73;2021-01-08;81;0;114;0;0.0;0.0
73;2021-01-09;0;0;114;0;0.0;0.0
73;2021-01-10;0;0;114;0;0.0;0.0
73;2021-01-11;86;0;200;0;0.0;0.0
73;2021-01-12;303;1;503;1;0.1;0.0
73;2021-01-13;357;1;860;2;0.2;0.0
73;2021-01-14;512;2;1372;4;0.3;0.0
73;2021-01-15;617;1;1989;5;0.5;0.0
73;2021-01-16;128;0;2117;5;0.5;0.0
73;2021-01-17;0;0;2117;5;0.5;0.0
73;2021-01-18;624;0;2741;5;0.6;0.0
73;2021-01-19;1239;3;3980;8;0.9;0.0
73;2021-01-20;951;2;4931;10;1.1;0.0
73;2021-01-21;982;4;5913;14;1.4;0.0
73;2021-01-22;947;0;6860;14;1.6;0.0
73;2021-01-23;387;0;7247;14;1.7;0.0
73;2021-01-24;0;0;7247;14;1.7;0.0
73;2021-01-25;656;5;7903;19;1.8;0.0
73;2021-01-26;761;2;8664;21;2.0;0.0
73;2021-01-27;1105;5;9769;26;2.3;0.0
73;2021-01-28;961;5;10730;31;2.5;0.0
73;2021-01-29;683;5;11413;36;2.6;0.0
73;2021-01-30;345;3;11758;39;2.7;0.0
73;2021-01-31;0;0;11758;39;2.7;0.0
73;2021-02-01;620;40;12378;79;2.9;0.0
73;2021-02-02;751;334;13129;413;3.0;0.1
73;2021-02-03;653;349;13782;762;3.2;0.2
73;2021-02-04;624;234;14406;996;3.3;0.2
73;2021-02-05;680;410;15086;1406;3.5;0.3
73;2021-02-06;261;38;15347;1444;3.5;0.3
73;2021-02-07;1;0;15348;1444;3.5;0.3
73;2021-02-08;522;252;15870;1696;3.7;0.4
73;2021-02-09;793;448;16663;2144;3.9;0.5
73;2021-02-10;898;396;17561;2540;4.1;0.6
73;2021-02-11;958;708;18519;3248;4.3;0.8
73;2021-02-12;810;498;19329;3746;4.5;0.9
73;2021-02-13;263;58;19592;3804;4.5;0.9
73;2021-02-14;1;0;19593;3804;4.5;0.9
73;2021-02-15;346;528;19939;4332;4.6;1.0
73;2021-02-16;453;762;20392;5094;4.7;1.2
73;2021-02-17;451;966;20843;6060;4.8;1.4
73;2021-02-18;469;556;21312;6616;4.9;1.5
73;2021-02-19;445;635;21757;7251;5.0;1.7
73;2021-02-20;69;249;21826;7500;5.0;1.7
73;2021-02-21;0;0;21826;7500;5.0;1.7
73;2021-02-22;240;443;22066;7943;5.1;1.8
73;2021-02-23;325;522;22391;8465;5.2;2.0
73;2021-02-24;486;748;22877;9213;5.3;2.1
73;2021-02-25;502;506;23379;9719;5.4;2.2
73;2021-02-26;730;567;24109;10286;5.6;2.4
73;2021-02-27;330;238;24439;10524;5.7;2.4
73;2021-02-28;1;1;24440;10525;5.7;2.4
73;2021-03-01;557;510;24997;11035;5.8;2.6
73;2021-03-02;668;899;25665;11934;5.9;2.8
73;2021-03-03;642;1196;26307;13130;6.1;3.0
73;2021-03-04;1037;899;27344;14029;6.3;3.2
73;2021-03-05;1239;609;28583;14638;6.6;3.4
73;2021-03-06;1091;333;29674;14971;6.9;3.5
73;2021-03-07;455;93;30129;15064;7.0;3.5
73;2021-03-08;605;428;30734;15492;7.1;3.6
73;2021-03-09;983;536;31717;16028;7.3;3.7
73;2021-03-10;1035;868;32752;16896;7.6;3.9
73;2021-03-11;1556;655;34308;17551;7.9;4.1
73;2021-03-12;2017;534;36325;18085;8.4;4.2
73;2021-03-13;1178;206;37503;18291;8.7;4.2
73;2021-03-14;66;3;37569;18294;8.7;4.2
73;2021-03-15;1184;397;38753;18691;9.0;4.3
73;2021-03-16;794;400;39547;19091;9.1;4.4
73;2021-03-17;876;477;40423;19568;9.3;4.5
73;2021-03-18;1351;257;41774;19825;9.7;4.6
73;2021-03-19;1765;393;43539;20218;10.1;4.7
73;2021-03-20;886;127;44425;20345;10.3;4.7
73;2021-03-21;123;2;44548;20347;10.3;4.7
73;2021-03-22;1184;392;45732;20739;10.6;4.8
73;2021-03-23;1447;232;47179;20971;10.9;4.8
73;2021-03-24;1593;342;48772;21313;11.3;4.9
73;2021-03-25;2062;382;50834;21695;11.8;5.0
73;2021-03-26;2471;361;53305;22056;12.3;5.1
73;2021-03-27;886;144;54191;22200;12.5;5.1
73;2021-03-28;310;12;54501;22212;12.6;5.1
73;2021-03-29;1509;236;56010;22448;12.9;5.2
73;2021-03-30;2087;478;58097;22926;13.4;5.3
73;2021-03-31;2088;399;60185;23325;13.9;5.4
73;2021-04-01;2086;329;62271;23654;14.4;5.5
73;2021-04-02;2359;221;64630;23875;14.9;5.5
73;2021-04-03;848;146;65478;24021;15.1;5.6
73;2021-04-04;188;18;65666;24039;15.2;5.6
73;2021-04-05;212;26;65878;24065;15.2;5.6
73;2021-04-06;1507;503;67385;24568;15.6;5.7
73;2021-04-07;1947;649;69332;25217;16.0;5.8
73;2021-04-08;2490;816;71822;26033;16.6;6.0
73;2021-04-09;3060;517;74882;26550;17.3;6.1
73;2021-04-10;1135;313;76017;26863;17.6;6.2
73;2021-04-11;163;8;76180;26871;17.6;6.2
73;2021-04-12;1697;972;77877;27843;18.0;6.4
73;2021-04-13;1892;1126;79769;28969;18.4;6.7
73;2021-04-14;2017;1086;81786;30055;18.9;6.9
73;2021-04-15;2416;1187;84202;31242;19.5;7.2
73;2021-04-16;1894;932;86096;32174;19.9;7.4
73;2021-04-17;1176;557;87272;32731;20.2;7.6
73;2021-04-18;155;76;87427;32807;20.2;7.6
73;2021-04-19;1380;1057;88807;33864;20.5;7.8
73;2021-04-20;1790;1315;90597;35179;20.9;8.1
73;2021-04-21;1573;1301;92170;36480;21.3;8.4
73;2021-04-22;1814;1222;93984;37702;21.7;8.7
73;2021-04-23;1895;1251;95879;38953;22.2;9.0
73;2021-04-24;980;670;96859;39623;22.4;9.2
73;2021-04-25;79;97;96938;39720;22.4;9.2
73;2021-04-26;1165;1318;98103;41038;22.7;9.5
73;2021-04-27;1441;1470;99544;42508;23.0;9.8
73;2021-04-28;1732;1460;101276;43968;23.4;10.2
73;2021-04-29;2412;1565;103688;45533;24.0;10.5
73;2021-04-30;2397;1436;106085;46969;24.5;10.9
73;2021-05-01;1068;305;107153;47274;24.8;10.9
73;2021-05-02;34;165;107187;47439;24.8;11.0
73;2021-05-03;1393;1589;108580;49028;25.1;11.3
73;2021-05-04;1708;1828;110288;50856;25.5;11.8
73;2021-05-05;1973;1685;112261;52541;26.0;12.1
73;2021-05-06;2429;1699;114690;54240;26.5;12.5
73;2021-05-07;2261;1849;116951;56089;27.0;13.0
73;2021-05-08;1836;380;118787;56469;27.5;13.1
73;2021-05-09;127;123;118914;56592;27.5;13.1
73;2021-05-10;1606;1889;120520;58481;27.9;13.5
73;2021-05-11;2378;2368;122898;60849;28.4;14.1
73;2021-05-12;3555;2092;126453;62941;29.2;14.6
73;2021-05-13;1554;275;128007;63216;29.6;14.6
73;2021-05-14;1585;1491;129592;64707;30.0;15.0
73;2021-05-15;1446;943;131038;65650;30.3;15.2
73;2021-05-16;131;62;131169;65712;30.3;15.2
73;2021-05-17;1710;1951;132879;67663;30.7;15.6
73;2021-05-18;2496;1736;135375;69399;31.3;16.0
73;2021-05-19;2540;1623;137915;71022;31.9;16.4
73;2021-05-20;3162;1501;141077;72523;32.6;16.8
73;2021-05-21;2473;1848;143550;74371;33.2;17.2
73;2021-05-22;1989;922;145539;75293;33.6;17.4
73;2021-05-23;212;14;145751;75307;33.7;17.4
73;2021-05-24;2565;329;148316;75636;34.3;17.5
73;2021-05-25;2140;1740;150456;77376;34.8;17.9
73;2021-05-26;2343;2000;152799;79376;35.3;18.4
73;2021-05-27;3083;1713;155882;81089;36.0;18.7
73;2021-05-28;2918;2374;158800;83463;36.7;19.3
73;2021-05-29;2316;1322;161116;84785;37.2;19.6
73;2021-05-30;187;14;161303;84799;37.3;19.6
73;2021-05-31;2410;1628;163713;86427;37.8;20.0
73;2021-06-01;3180;1790;166893;88217;38.6;20.4
73;2021-06-02;3104;1461;169997;89678;39.3;20.7
73;2021-06-03;4422;1742;174419;91420;40.3;21.1
73;2021-06-04;4277;2180;178696;93600;41.3;21.6
73;2021-06-05;3158;1281;181854;94881;42.0;21.9
73;2021-06-06;1882;298;183736;95179;42.5;22.0
73;2021-06-07;2755;2145;186491;97324;43.1;22.5
73;2021-06-08;2685;1876;189176;99200;43.7;22.9
73;2021-06-09;2364;1789;191540;100989;44.3;23.3
73;2021-06-10;2006;1653;193546;102642;44.7;23.7
73;2021-06-11;2191;2441;195737;105083;45.3;24.3
73;2021-06-12;2246;1332;197983;106415;45.8;24.6
73;2021-06-13;44;82;198027;106497;45.8;24.6
73;2021-06-14;1348;2930;199375;109427;46.1;25.3
73;2021-06-15;1593;2754;200968;112181;46.5;25.9
73;2021-06-16;1467;2571;202435;114752;46.8;26.5
73;2021-06-17;944;1725;203379;116477;47.0;26.9
73;2021-06-18;1883;2931;205262;119408;47.5;27.6
73;2021-06-19;1422;1986;206684;121394;47.8;28.1
73;2021-06-20;448;306;207132;121700;47.9;28.1
73;2021-06-21;1110;2938;208242;124638;48.1;28.8
73;2021-06-22;1093;2872;209335;127510;48.4;29.5
73;2021-06-23;1085;3137;210420;130647;48.6;30.2
73;2021-06-24;882;1792;211302;132439;48.9;30.6
73;2021-06-25;1326;2801;212628;135240;49.2;31.3
73;2021-06-26;968;2396;213596;137636;49.4;31.8
73;2021-06-27;328;548;213924;138184;49.5;31.9
73;2021-06-28;965;3557;214889;141741;49.7;32.8
73;2021-06-29;1075;3337;215964;145078;49.9;33.5
73;2021-06-30;1237;3119;217201;148197;50.2;34.3
73;2021-07-01;1134;2363;218335;150560;50.5;34.8
73;2021-07-02;1206;3618;219541;154178;50.8;35.6
73;2021-07-03;958;2792;220499;156970;51.0;36.3
73;2021-07-04;301;618;220800;157588;51.0;36.4
73;2021-07-05;1152;3684;221952;161272;51.3;37.3
73;2021-07-06;1244;2948;223196;164220;51.6;38.0
73;2021-07-07;1438;2952;224634;167172;51.9;38.6
73;2021-07-08;1368;2300;226002;169472;52.2;39.2
73;2021-07-09;1429;4026;227431;173498;52.6;40.1
73;2021-07-10;888;3012;228319;176510;52.8;40.8
73;2021-07-11;561;1468;228880;177978;52.9;41.1
73;2021-07-12;1058;4198;229938;182176;53.2;42.1
73;2021-07-13;1729;4228;231667;186404;53.6;43.1
73;2021-07-14;1842;1914;233509;188318;54.0;43.5
73;2021-07-15;2740;3793;236249;192111;54.6;44.4
73;2021-07-16;2403;4015;238652;196126;55.2;45.3
73;2021-07-17;1509;2607;240161;198733;55.5;45.9
73;2021-07-18;1175;1218;241336;199951;55.8;46.2
73;2021-07-19;2434;3241;243770;203192;56.4;47.0
73;2021-07-20;3357;2853;247127;206045;57.1;47.6
73;2021-07-21;3375;2783;250502;208828;57.9;48.3
73;2021-07-22;2716;2209;253218;211037;58.5;48.8
73;2021-07-23;3381;2895;256599;213932;59.3;49.5
73;2021-07-24;2047;2271;258646;216203;59.8;50.0
73;2021-07-25;621;793;259267;216996;59.9;50.2
73;2021-07-26;2614;2490;261881;219486;60.5;50.7
73;2021-07-27;3779;2264;265660;221750;61.4;51.3
73;2021-07-28;3510;2082;269170;223832;62.2;51.7
73;2021-07-29;3946;2141;273116;225973;63.1;52.2
73;2021-07-30;3536;2465;276652;228438;64.0;52.8
73;2021-07-31;2460;1584;279112;230022;64.5;53.2
73;2021-08-01;829;618;279941;230640;64.7;53.3
73;2021-08-02;3074;2099;283015;232739;65.4;53.8
73;2021-08-03;3474;1982;286489;234721;66.2;54.3
73;2021-08-04;3282;2008;289771;236729;67.0;54.7
73;2021-08-05;2847;2216;292618;238945;67.6;55.2
73;2021-08-06;2495;2373;295113;241318;68.2;55.8
73;2021-08-07;1391;1477;296504;242795;68.5;56.1
73;2021-08-08;426;616;296930;243411;68.6;56.3
73;2021-08-09;1773;2384;298703;245795;69.1;56.8
73;2021-08-10;1864;2480;300567;248275;69.5;57.4
73;2021-08-11;1792;2525;302359;250800;69.9;58.0
73;2021-08-12;1658;2480;304017;253280;70.3;58.6
74;2020-12-27;3;0;3;0;0.0;0.0
74;2020-12-28;2;0;5;0;0.0;0.0
74;2020-12-29;0;0;5;0;0.0;0.0
74;2020-12-30;0;0;5;0;0.0;0.0
74;2020-12-31;0;0;5;0;0.0;0.0
74;2021-01-01;0;0;5;0;0.0;0.0
74;2021-01-02;1;1;6;1;0.0;0.0
74;2021-01-03;0;0;6;1;0.0;0.0
74;2021-01-04;0;0;6;1;0.0;0.0
74;2021-01-05;1;0;7;1;0.0;0.0
74;2021-01-06;44;0;51;1;0.0;0.0
74;2021-01-07;218;1;269;2;0.0;0.0
74;2021-01-08;291;2;560;4;0.1;0.0
74;2021-01-09;78;0;638;4;0.1;0.0
74;2021-01-10;74;0;712;4;0.1;0.0
74;2021-01-11;373;0;1085;4;0.1;0.0
74;2021-01-12;404;3;1489;7;0.2;0.0
74;2021-01-13;395;0;1884;7;0.2;0.0
74;2021-01-14;463;1;2347;8;0.3;0.0
74;2021-01-15;638;4;2985;12;0.4;0.0
74;2021-01-16;251;1;3236;13;0.4;0.0
74;2021-01-17;131;1;3367;14;0.4;0.0
74;2021-01-18;521;0;3888;14;0.5;0.0
74;2021-01-19;808;2;4696;16;0.6;0.0
74;2021-01-20;1275;4;5971;20;0.7;0.0
74;2021-01-21;1566;1;7537;21;0.9;0.0
74;2021-01-22;1240;6;8777;27;1.1;0.0
74;2021-01-23;344;1;9121;28;1.1;0.0
74;2021-01-24;90;0;9211;28;1.1;0.0
74;2021-01-25;795;2;10006;30;1.2;0.0
74;2021-01-26;1353;11;11359;41;1.4;0.0
74;2021-01-27;1074;10;12433;51;1.5;0.0
74;2021-01-28;986;29;13419;80;1.6;0.0
74;2021-01-29;878;42;14297;122;1.7;0.0
74;2021-01-30;304;1;14601;123;1.8;0.0
74;2021-01-31;84;1;14685;124;1.8;0.0
74;2021-02-01;627;44;15312;168;1.8;0.0
74;2021-02-02;642;154;15954;322;1.9;0.0
74;2021-02-03;603;124;16557;446;2.0;0.1
74;2021-02-04;612;136;17169;582;2.1;0.1
74;2021-02-05;547;226;17716;808;2.1;0.1
74;2021-02-06;270;140;17986;948;2.2;0.1
74;2021-02-07;93;126;18079;1074;2.2;0.1
74;2021-02-08;616;349;18695;1423;2.3;0.2
74;2021-02-09;535;534;19230;1957;2.3;0.2
74;2021-02-10;687;522;19917;2479;2.4;0.3
74;2021-02-11;1066;1020;20983;3499;2.5;0.4
74;2021-02-12;908;617;21891;4116;2.6;0.5
74;2021-02-13;401;240;22292;4356;2.7;0.5
74;2021-02-14;316;114;22608;4470;2.7;0.5
74;2021-02-15;275;852;22883;5322;2.8;0.6
74;2021-02-16;486;1066;23369;6388;2.8;0.8
74;2021-02-17;541;1112;23910;7500;2.9;0.9
74;2021-02-18;474;995;24384;8495;2.9;1.0
74;2021-02-19;618;656;25002;9151;3.0;1.1
74;2021-02-20;114;191;25116;9342;3.0;1.1
74;2021-02-21;46;62;25162;9404;3.0;1.1
74;2021-02-22;316;787;25478;10191;3.1;1.2
74;2021-02-23;303;823;25781;11014;3.1;1.3
74;2021-02-24;239;682;26020;11696;3.1;1.4
74;2021-02-25;518;754;26538;12450;3.2;1.5
74;2021-02-26;972;702;27510;13152;3.3;1.6
74;2021-02-27;254;183;27764;13335;3.4;1.6
74;2021-02-28;124;71;27888;13406;3.4;1.6
74;2021-03-01;719;631;28607;14037;3.5;1.7
74;2021-03-02;1090;686;29697;14723;3.6;1.8
74;2021-03-03;1015;636;30712;15359;3.7;1.9
74;2021-03-04;1608;1017;32320;16376;3.9;2.0
74;2021-03-05;2084;898;34404;17274;4.2;2.1
74;2021-03-06;1753;323;36157;17597;4.4;2.1
74;2021-03-07;1383;104;37540;17701;4.5;2.1
74;2021-03-08;1195;958;38735;18659;4.7;2.3
74;2021-03-09;1946;662;40681;19321;4.9;2.3
74;2021-03-10;1745;909;42426;20230;5.1;2.4
74;2021-03-11;2442;721;44868;20951;5.4;2.5
74;2021-03-12;3240;1014;48108;21965;5.8;2.7
74;2021-03-13;1997;273;50105;22238;6.0;2.7
74;2021-03-14;608;102;50713;22340;6.1;2.7
74;2021-03-15;2123;554;52836;22894;6.4;2.8
74;2021-03-16;1953;408;54789;23302;6.6;2.8
74;2021-03-17;1969;313;56758;23615;6.9;2.9
74;2021-03-18;2130;287;58888;23902;7.1;2.9
74;2021-03-19;2630;295;61518;24197;7.4;2.9
74;2021-03-20;1373;99;62891;24296;7.6;2.9
74;2021-03-21;287;31;63178;24327;7.6;2.9
74;2021-03-22;2049;321;65227;24648;7.9;3.0
74;2021-03-23;2717;328;67944;24976;8.2;3.0
74;2021-03-24;2939;292;70883;25268;8.6;3.1
74;2021-03-25;3867;295;74750;25563;9.0;3.1
74;2021-03-26;4089;375;78839;25938;9.5;3.1
74;2021-03-27;1937;251;80776;26189;9.8;3.2
74;2021-03-28;437;77;81213;26266;9.8;3.2
74;2021-03-29;3029;712;84242;26978;10.2;3.3
74;2021-03-30;3540;764;87782;27742;10.6;3.3
74;2021-03-31;3141;718;90923;28460;11.0;3.4
74;2021-04-01;4232;887;95155;29347;11.5;3.5
74;2021-04-02;3700;780;98855;30127;11.9;3.6
74;2021-04-03;1693;536;100548;30663;12.1;3.7
74;2021-04-04;236;121;100784;30784;12.2;3.7
74;2021-04-05;431;17;101215;30801;12.2;3.7
74;2021-04-06;2623;1212;103838;32013;12.5;3.9
74;2021-04-07;3186;1241;107024;33254;12.9;4.0
74;2021-04-08;3860;1176;110884;34430;13.4;4.2
74;2021-04-09;4097;1171;114981;35601;13.9;4.3
74;2021-04-10;1945;1036;116926;36637;14.1;4.4
74;2021-04-11;252;182;117178;36819;14.1;4.4
74;2021-04-12;2714;1770;119892;38589;14.5;4.7
74;2021-04-13;3114;2089;123006;40678;14.8;4.9
74;2021-04-14;2896;1958;125902;42636;15.2;5.1
74;2021-04-15;3453;1901;129355;44537;15.6;5.4
74;2021-04-16;3377;1777;132732;46314;16.0;5.6
74;2021-04-17;1932;1032;134664;47346;16.3;5.7
74;2021-04-18;218;207;134882;47553;16.3;5.7
74;2021-04-19;2098;2094;136980;49647;16.5;6.0
74;2021-04-20;3063;2418;140043;52065;16.9;6.3
74;2021-04-21;2462;2371;142505;54436;17.2;6.6
74;2021-04-22;2623;2330;145128;56766;17.5;6.9
74;2021-04-23;2562;2242;147690;59008;17.8;7.1
74;2021-04-24;1484;1536;149174;60544;18.0;7.3
74;2021-04-25;224;150;149398;60694;18.0;7.3
74;2021-04-26;2392;2460;151790;63154;18.3;7.6
74;2021-04-27;3269;2905;155059;66059;18.7;8.0
74;2021-04-28;3459;2626;158518;68685;19.1;8.3
74;2021-04-29;3913;2676;162431;71361;19.6;8.6
74;2021-04-30;4074;2219;166505;73580;20.1;8.9
74;2021-05-01;2118;375;168623;73955;20.4;8.9
74;2021-05-02;204;234;168827;74189;20.4;9.0
74;2021-05-03;2593;3006;171420;77195;20.7;9.3
74;2021-05-04;3222;3096;174642;80291;21.1;9.7
74;2021-05-05;3396;3012;178038;83303;21.5;10.1
74;2021-05-06;3856;2630;181894;85933;22.0;10.4
74;2021-05-07;3594;3539;185488;89472;22.4;10.8
74;2021-05-08;1148;822;186636;90294;22.5;10.9
74;2021-05-09;193;248;186829;90542;22.6;10.9
74;2021-05-10;3467;3138;190296;93680;23.0;11.3
74;2021-05-11;4324;3430;194620;97110;23.5;11.7
74;2021-05-12;5304;2964;199924;100074;24.1;12.1
74;2021-05-13;2363;946;202287;101020;24.4;12.2
74;2021-05-14;5947;2392;208234;103412;25.1;12.5
74;2021-05-15;4516;1853;212750;105265;25.7;12.7
74;2021-05-16;3009;336;215759;105601;26.0;12.7
74;2021-05-17;5399;2883;221158;108484;26.7;13.1
74;2021-05-18;6779;2802;227937;111286;27.5;13.4
74;2021-05-19;6230;2294;234167;113580;28.3;13.7
74;2021-05-20;6644;2549;240811;116129;29.1;14.0
74;2021-05-21;6524;2982;247335;119111;29.9;14.4
74;2021-05-22;5294;1570;252629;120681;30.5;14.6
74;2021-05-23;2051;284;254680;120965;30.7;14.6
74;2021-05-24;2360;661;257040;121626;31.0;14.7
74;2021-05-25;5069;3333;262109;124959;31.6;15.1
74;2021-05-26;5250;2563;267359;127522;32.3;15.4
74;2021-05-27;6002;2981;273361;130503;33.0;15.8
74;2021-05-28;5656;3585;279017;134088;33.7;16.2
74;2021-05-29;3798;2151;282815;136239;34.1;16.4
74;2021-05-30;488;308;283303;136547;34.2;16.5
74;2021-05-31;5068;3551;288371;140098;34.8;16.9
74;2021-06-01;4929;3726;293300;143824;35.4;17.4
74;2021-06-02;5266;3205;298566;147029;36.0;17.7
74;2021-06-03;6893;3246;305459;150275;36.9;18.1
74;2021-06-04;6908;4430;312367;154705;37.7;18.7
74;2021-06-05;4611;2709;316978;157414;38.3;19.0
74;2021-06-06;123;112;317101;157526;38.3;19.0
74;2021-06-07;5032;4146;322133;161672;38.9;19.5
74;2021-06-08;5025;3945;327158;165617;39.5;20.0
74;2021-06-09;5076;3486;332234;169103;40.1;20.4
74;2021-06-10;5124;2872;337358;171975;40.7;20.8
74;2021-06-11;5214;3810;342572;175785;41.4;21.2
74;2021-06-12;3571;2386;346143;178171;41.8;21.5
74;2021-06-13;119;89;346262;178260;41.8;21.5
74;2021-06-14;3598;4486;349860;182746;42.2;22.1
74;2021-06-15;3662;3897;353522;186643;42.7;22.5
74;2021-06-16;4822;3123;358344;189766;43.3;22.9
74;2021-06-17;3816;2956;362160;192722;43.7;23.3
74;2021-06-18;4112;4662;366272;197384;44.2;23.8
74;2021-06-19;2995;3098;369267;200482;44.6;24.2
74;2021-06-20;125;97;369392;200579;44.6;24.2
74;2021-06-21;2382;5424;371774;206003;44.9;24.9
74;2021-06-22;2491;5315;374265;211318;45.2;25.5
74;2021-06-23;2970;4617;377235;215935;45.5;26.1
74;2021-06-24;2856;4629;380091;220564;45.9;26.6
74;2021-06-25;2924;6765;383015;227329;46.2;27.4
74;2021-06-26;1708;5398;384723;232727;46.4;28.1
74;2021-06-27;63;1663;384786;234390;46.4;28.3
74;2021-06-28;1914;7217;386700;241607;46.7;29.2
74;2021-06-29;2297;7426;388997;249033;47.0;30.1
74;2021-06-30;2735;6540;391732;255573;47.3;30.9
74;2021-07-01;3056;5411;394788;260984;47.7;31.5
74;2021-07-02;2999;6639;397787;267623;48.0;32.3
74;2021-07-03;1696;5080;399483;272703;48.2;32.9
74;2021-07-04;81;1022;399564;273725;48.2;33.0
74;2021-07-05;2039;6837;401603;280562;48.5;33.9
74;2021-07-06;2562;6490;404165;287052;48.8;34.7
74;2021-07-07;2960;5450;407125;292502;49.1;35.3
74;2021-07-08;3778;4902;410903;297404;49.6;35.9
74;2021-07-09;2648;6973;413551;304377;49.9;36.7
74;2021-07-10;1613;5132;415164;309509;50.1;37.4
74;2021-07-11;76;141;415240;309650;50.1;37.4
74;2021-07-12;2059;7901;417299;317551;50.4;38.3
74;2021-07-13;3941;7581;421240;325132;50.8;39.2
74;2021-07-14;1957;2238;423197;327370;51.1;39.5
74;2021-07-15;3559;6863;426756;334233;51.5;40.3
74;2021-07-16;4160;7746;430916;341979;52.0;41.3
74;2021-07-17;2837;5332;433753;347311;52.4;41.9
74;2021-07-18;149;157;433902;347468;52.4;41.9
74;2021-07-19;4255;7348;438157;354816;52.9;42.8
74;2021-07-20;5781;6461;443938;361277;53.6;43.6
74;2021-07-21;5536;6665;449474;367942;54.3;44.4
74;2021-07-22;4725;5323;454199;373265;54.8;45.1
74;2021-07-23;6062;6973;460261;380238;55.6;45.9
74;2021-07-24;3026;4308;463287;384546;55.9;46.4
74;2021-07-25;160;174;463447;384720;55.9;46.4
74;2021-07-26;5407;6117;468854;390837;56.6;47.2
74;2021-07-27;6720;5163;475574;396000;57.4;47.8
74;2021-07-28;6433;5093;482007;401093;58.2;48.4
74;2021-07-29;5229;3922;487236;405015;58.8;48.9
74;2021-07-30;6606;5480;493842;410495;59.6;49.6
74;2021-07-31;4326;3113;498168;413608;60.1;49.9
74;2021-08-01;177;152;498345;413760;60.2;49.9
74;2021-08-02;5818;4377;504163;418137;60.9;50.5
74;2021-08-03;5818;3835;509981;421972;61.6;50.9
74;2021-08-04;6064;3470;516045;425442;62.3;51.4
74;2021-08-05;4861;3245;520906;428687;62.9;51.7
74;2021-08-06;4898;4155;525804;432842;63.5;52.3
74;2021-08-07;3171;2876;528975;435718;63.9;52.6
74;2021-08-08;152;132;529127;435850;63.9;52.6
74;2021-08-09;4865;4782;533992;440632;64.5;53.2
74;2021-08-10;4862;4646;538854;445278;65.0;53.8
74;2021-08-11;4275;4851;543129;450129;65.6;54.3
74;2021-08-12;3516;3568;546645;453697;66.0;54.8
75;2020-12-27;39;1;39;1;0.0;0.0
75;2020-12-28;47;0;86;1;0.0;0.0
75;2020-12-29;15;0;101;1;0.0;0.0
75;2020-12-30;44;0;145;1;0.0;0.0
75;2020-12-31;32;0;177;1;0.0;0.0
75;2021-01-01;38;2;215;3;0.0;0.0
75;2021-01-02;57;1;272;4;0.0;0.0
75;2021-01-03;94;0;366;4;0.0;0.0
75;2021-01-04;297;1;663;5;0.0;0.0
75;2021-01-05;866;13;1529;18;0.1;0.0
75;2021-01-06;1354;16;2883;34;0.1;0.0
75;2021-01-07;2059;18;4942;52;0.2;0.0
75;2021-01-08;2866;31;7808;83;0.4;0.0
75;2021-01-09;1091;2;8899;85;0.4;0.0
75;2021-01-10;1096;5;9995;90;0.5;0.0
75;2021-01-11;3072;47;13067;137;0.6;0.0
75;2021-01-12;3472;55;16539;192;0.8;0.0
75;2021-01-13;3543;42;20082;234;0.9;0.0
75;2021-01-14;3689;63;23771;297;1.1;0.0
75;2021-01-15;3304;45;27075;342;1.3;0.0
75;2021-01-16;1128;16;28203;358;1.3;0.0
75;2021-01-17;548;14;28751;372;1.3;0.0
75;2021-01-18;3256;74;32007;446;1.5;0.0
75;2021-01-19;3844;47;35851;493;1.7;0.0
75;2021-01-20;4388;64;40239;557;1.9;0.0
75;2021-01-21;4895;82;45134;639;2.1;0.0
75;2021-01-22;4567;81;49701;720;2.3;0.0
75;2021-01-23;1751;14;51452;734;2.4;0.0
75;2021-01-24;738;7;52190;741;2.4;0.0
75;2021-01-25;1702;25;53892;766;2.5;0.0
75;2021-01-26;2542;87;56434;853;2.6;0.0
75;2021-01-27;3099;161;59533;1014;2.8;0.0
75;2021-01-28;4760;264;64293;1278;3.0;0.1
75;2021-01-29;4036;268;68329;1546;3.2;0.1
75;2021-01-30;1352;34;69681;1580;3.2;0.1
75;2021-01-31;213;3;69894;1583;3.3;0.1
75;2021-02-01;1609;380;71503;1963;3.3;0.1
75;2021-02-02;2124;651;73627;2614;3.4;0.1
75;2021-02-03;1870;687;75497;3301;3.5;0.2
75;2021-02-04;2130;1128;77627;4429;3.6;0.2
75;2021-02-05;2205;871;79832;5300;3.7;0.2
75;2021-02-06;1091;92;80923;5392;3.8;0.3
75;2021-02-07;169;6;81092;5398;3.8;0.3
75;2021-02-08;1247;1470;82339;6868;3.8;0.3
75;2021-02-09;1770;2385;84109;9253;3.9;0.4
75;2021-02-10;2405;2400;86514;11653;4.0;0.5
75;2021-02-11;2921;6426;89435;18079;4.2;0.8
75;2021-02-12;3106;2409;92541;20488;4.3;1.0
75;2021-02-13;841;1052;93382;21540;4.3;1.0
75;2021-02-14;196;43;93578;21583;4.4;1.0
75;2021-02-15;987;2462;94565;24045;4.4;1.1
75;2021-02-16;1433;6541;95998;30586;4.5;1.4
75;2021-02-17;1305;3236;97303;33822;4.5;1.6
75;2021-02-18;1742;5866;99045;39688;4.6;1.8
75;2021-02-19;2204;4155;101249;43843;4.7;2.0
75;2021-02-20;470;1690;101719;45533;4.7;2.1
75;2021-02-21;184;161;101903;45694;4.7;2.1
75;2021-02-22;1204;1932;103107;47626;4.8;2.2
75;2021-02-23;1432;2727;104539;50353;4.9;2.3
75;2021-02-24;1678;2344;106217;52697;4.9;2.5
75;2021-02-25;2761;5336;108978;58033;5.1;2.7
75;2021-02-26;3348;2731;112326;60764;5.2;2.8
75;2021-02-27;1395;940;113721;61704;5.3;2.9
75;2021-02-28;317;142;114038;61846;5.3;2.9
75;2021-03-01;2581;1688;116619;63534;5.4;3.0
75;2021-03-02;4151;2212;120770;65746;5.6;3.1
75;2021-03-03;5396;2352;126166;68098;5.9;3.2
75;2021-03-04;8016;2599;134182;70697;6.2;3.3
75;2021-03-05;10522;2755;144704;73452;6.7;3.4
75;2021-03-06;11049;1081;155753;74533;7.3;3.5
75;2021-03-07;9480;1519;165233;76052;7.7;3.5
75;2021-03-08;5867;1566;171100;77618;8.0;3.6
75;2021-03-09;7493;2136;178593;79754;8.3;3.7
75;2021-03-10;7467;2130;186060;81884;8.7;3.8
75;2021-03-11;10299;2531;196359;84415;9.1;3.9
75;2021-03-12;12034;2562;208393;86977;9.7;4.0
75;2021-03-13;8526;769;216919;87746;10.1;4.1
75;2021-03-14;4152;243;221071;87989;10.3;4.1
75;2021-03-15;7423;979;228494;88968;10.6;4.1
75;2021-03-16;5130;688;233624;89656;10.9;4.2
75;2021-03-17;5406;831;239030;90487;11.1;4.2
75;2021-03-18;6594;877;245624;91364;11.4;4.3
75;2021-03-19;9717;991;255341;92355;11.9;4.3
75;2021-03-20;5905;613;261246;92968;12.2;4.3
75;2021-03-21;1576;434;262822;93402;12.2;4.3
75;2021-03-22;8609;1021;271431;94423;12.6;4.4
75;2021-03-23;10920;1259;282351;95682;13.1;4.5
75;2021-03-24;10968;1332;293319;97014;13.7;4.5
75;2021-03-25;14178;1532;307497;98546;14.3;4.6
75;2021-03-26;13938;1693;321435;100239;15.0;4.7
75;2021-03-27;7255;773;328690;101012;15.3;4.7
75;2021-03-28;1766;151;330456;101163;15.4;4.7
75;2021-03-29;7943;2218;338399;103381;15.8;4.8
75;2021-03-30;10889;3252;349288;106633;16.3;5.0
75;2021-03-31;9707;3613;358995;110246;16.7;5.1
75;2021-04-01;10644;5212;369639;115458;17.2;5.4
75;2021-04-02;9012;5578;378651;121036;17.6;5.6
75;2021-04-03;4101;4898;382752;125934;17.8;5.9
75;2021-04-04;1407;1496;384159;127430;17.9;5.9
75;2021-04-05;2223;1440;386382;128870;18.0;6.0
75;2021-04-06;6865;4311;393247;133181;18.3;6.2
75;2021-04-07;8048;4421;401295;137602;18.7;6.4
75;2021-04-08;11034;4169;412329;141771;19.2;6.6
75;2021-04-09;12176;4617;424505;146388;19.8;6.8
75;2021-04-10;5815;4275;430320;150663;20.0;7.0
75;2021-04-11;1917;1797;432237;152460;20.1;7.1
75;2021-04-12;7453;3784;439690;156244;20.5;7.3
75;2021-04-13;8541;6867;448231;163111;20.9;7.6
75;2021-04-14;8259;5228;456490;168339;21.2;7.8
75;2021-04-15;8866;6132;465356;174471;21.7;8.1
75;2021-04-16;9353;6112;474709;180583;22.1;8.4
75;2021-04-17;4809;3654;479518;184237;22.3;8.6
75;2021-04-18;1657;877;481175;185114;22.4;8.6
75;2021-04-19;5554;4947;486729;190061;22.7;8.8
75;2021-04-20;6433;5953;493162;196014;23.0;9.1
75;2021-04-21;6833;5569;499995;201583;23.3;9.4
75;2021-04-22;7523;5917;507518;207500;23.6;9.7
75;2021-04-23;8497;6305;516015;213805;24.0;10.0
75;2021-04-24;6152;3347;522167;217152;24.3;10.1
75;2021-04-25;2950;757;525117;217909;24.4;10.1
75;2021-04-26;7019;4725;532136;222634;24.8;10.4
75;2021-04-27;10568;6423;542704;229057;25.3;10.7
75;2021-04-28;12172;6029;554876;235086;25.8;10.9
75;2021-04-29;13741;6336;568617;241422;26.5;11.2
75;2021-04-30;13646;6174;582263;247596;27.1;11.5
75;2021-05-01;5067;1329;587330;248925;27.3;11.6
75;2021-05-02;2376;790;589706;249715;27.5;11.6
75;2021-05-03;10269;13529;599975;263244;27.9;12.3
75;2021-05-04;11157;8072;611132;271316;28.4;12.6
75;2021-05-05;13532;6712;624664;278028;29.1;12.9
75;2021-05-06;13984;8193;638648;286221;29.7;13.3
75;2021-05-07;13960;8595;652608;294816;30.4;13.7
75;2021-05-08;10059;5526;662667;300342;30.8;14.0
75;2021-05-09;3812;3204;666479;303546;31.0;14.1
75;2021-05-10;14274;6728;680753;310274;31.7;14.4
75;2021-05-11;16822;8432;697575;318706;32.5;14.8
75;2021-05-12;17941;8167;715516;326873;33.3;15.2
75;2021-05-13;13608;2511;729124;329384;33.9;15.3
75;2021-05-14;18365;5145;747489;334529;34.8;15.6
75;2021-05-15;12290;2647;759779;337176;35.4;15.7
75;2021-05-16;3842;764;763621;337940;35.5;15.7
75;2021-05-17;15985;4659;779606;342599;36.3;15.9
75;2021-05-18;19131;5333;798737;347932;37.2;16.2
75;2021-05-19;20694;10736;819431;358668;38.1;16.7
75;2021-05-20;21559;8676;840990;367344;39.1;17.1
75;2021-05-21;21010;6549;862000;373893;40.1;17.4
75;2021-05-22;15916;3315;877916;377208;40.9;17.6
75;2021-05-23;5624;1338;883540;378546;41.1;17.6
75;2021-05-24;15622;2569;899162;381115;41.9;17.7
75;2021-05-25;18002;9606;917164;390721;42.7;18.2
75;2021-05-26;18847;8224;936011;398945;43.6;18.6
75;2021-05-27;20120;9827;956131;408772;44.5;19.0
75;2021-05-28;19325;10875;975456;419647;45.4;19.5
75;2021-05-29;16107;5854;991563;425501;46.2;19.8
75;2021-05-30;7029;2157;998592;427658;46.5;19.9
75;2021-05-31;18085;9465;1016677;437123;47.3;20.3
75;2021-06-01;18595;12999;1035272;450122;48.2;21.0
75;2021-06-02;18088;10314;1053360;460436;49.0;21.4
75;2021-06-03;20205;11982;1073565;472418;50.0;22.0
75;2021-06-04;18091;12878;1091656;485296;50.8;22.6
75;2021-06-05;11972;9629;1103628;494925;51.4;23.0
75;2021-06-06;6710;3161;1110338;498086;51.7;23.2
75;2021-06-07;13865;11847;1124203;509933;52.3;23.7
75;2021-06-08;14771;13982;1138974;523915;53.0;24.4
75;2021-06-09;16446;15256;1155420;539171;53.8;25.1
75;2021-06-10;18311;26329;1173731;565500;54.6;26.3
75;2021-06-11;15276;16477;1189007;581977;55.3;27.1
75;2021-06-12;13272;10001;1202279;591978;56.0;27.6
75;2021-06-13;6265;3796;1208544;595774;56.3;27.7
75;2021-06-14;11791;15423;1220335;611197;56.8;28.5
75;2021-06-15;12516;19554;1232851;630751;57.4;29.4
75;2021-06-16;12120;17236;1244971;647987;58.0;30.2
75;2021-06-17;12592;17684;1257563;665671;58.5;31.0
75;2021-06-18;10953;22627;1268516;688298;59.0;32.0
75;2021-06-19;7512;11834;1276028;700132;59.4;32.6
75;2021-06-20;2811;5487;1278839;705619;59.5;32.8
75;2021-06-21;8407;16339;1287246;721958;59.9;33.6
75;2021-06-22;8761;21815;1296007;743773;60.3;34.6
75;2021-06-23;10266;21433;1306273;765206;60.8;35.6
75;2021-06-24;11280;20640;1317553;785846;61.3;36.6
75;2021-06-25;9821;24703;1327374;810549;61.8;37.7
75;2021-06-26;7920;15423;1335294;825972;62.2;38.4
75;2021-06-27;2694;6333;1337988;832305;62.3;38.7
75;2021-06-28;8415;20151;1346403;852456;62.7;39.7
75;2021-06-29;9307;23844;1355710;876300;63.1;40.8
75;2021-06-30;9980;23611;1365690;899911;63.6;41.9
75;2021-07-01;11160;23504;1376850;923415;64.1;43.0
75;2021-07-02;10371;24778;1387221;948193;64.6;44.1
75;2021-07-03;7771;19819;1394992;968012;64.9;45.1
75;2021-07-04;3890;9555;1398882;977567;65.1;45.5
75;2021-07-05;8881;21564;1407763;999131;65.5;46.5
75;2021-07-06;9957;24008;1417720;1023139;66.0;47.6
75;2021-07-07;9921;25088;1427641;1048227;66.5;48.8
75;2021-07-08;10488;25001;1438129;1073228;66.9;50.0
75;2021-07-09;10410;24027;1448539;1097255;67.4;51.1
75;2021-07-10;7876;18508;1456415;1115763;67.8;51.9
75;2021-07-11;4336;8532;1460751;1124295;68.0;52.3
75;2021-07-12;9365;23077;1470116;1147372;68.4;53.4
75;2021-07-13;14164;24810;1484280;1172182;69.1;54.6
75;2021-07-14;8180;9710;1492460;1181892;69.5;55.0
75;2021-07-15;15040;25652;1507500;1207544;70.2;56.2
75;2021-07-16;15298;22115;1522798;1229659;70.9;57.2
75;2021-07-17;11452;16884;1534250;1246543;71.4;58.0
75;2021-07-18;6247;6813;1540497;1253356;71.7;58.3
75;2021-07-19;14140;21290;1554637;1274646;72.4;59.3
75;2021-07-20;15901;21858;1570538;1296504;73.1;60.4
75;2021-07-21;15527;20698;1586065;1317202;73.8;61.3
75;2021-07-22;16948;20070;1603013;1337272;74.6;62.2
75;2021-07-23;16717;19036;1619730;1356308;75.4;63.1
75;2021-07-24;10899;14033;1630629;1370341;75.9;63.8
75;2021-07-25;4939;5076;1635568;1375417;76.1;64.0
75;2021-07-26;14939;16829;1650507;1392246;76.8;64.8
75;2021-07-27;17809;16556;1668316;1408802;77.7;65.6
75;2021-07-28;16867;15394;1685183;1424196;78.4;66.3
75;2021-07-29;16529;15008;1701712;1439204;79.2;67.0
75;2021-07-30;15980;14255;1717692;1453459;80.0;67.7
75;2021-07-31;9175;9825;1726867;1463284;80.4;68.1
75;2021-08-01;3441;3280;1730308;1466564;80.5;68.3
75;2021-08-02;10333;11923;1740641;1478487;81.0;68.8
75;2021-08-03;10741;10749;1751382;1489236;81.5;69.3
75;2021-08-04;9253;9439;1760635;1498675;82.0;69.8
75;2021-08-05;8245;9446;1768880;1508121;82.3;70.2
75;2021-08-06;7836;9877;1776716;1517998;82.7;70.7
75;2021-08-07;5539;7113;1782255;1525111;83.0;71.0
75;2021-08-08;1908;3267;1784163;1528378;83.1;71.1
75;2021-08-09;8197;11366;1792360;1539744;83.4;71.7
75;2021-08-10;8743;11495;1801103;1551239;83.8;72.2
75;2021-08-11;7419;10048;1808522;1561287;84.2;72.7
75;2021-08-12;6543;10493;1815065;1571780;84.5;73.2
76;2020-12-27;0;0;0;0;0.0;0.0
76;2020-12-28;0;0;0;0;0.0;0.0
76;2020-12-29;0;0;0;0;0.0;0.0
76;2020-12-30;0;0;0;0;0.0;0.0
76;2020-12-31;0;0;0;0;0.0;0.0
76;2021-01-01;0;0;0;0;0.0;0.0
76;2021-01-02;0;0;0;0;0.0;0.0
76;2021-01-03;0;0;0;0;0.0;0.0
76;2021-01-04;17;0;17;0;0.0;0.0
76;2021-01-05;138;0;155;0;0.0;0.0
76;2021-01-06;682;2;837;2;0.1;0.0
76;2021-01-07;1355;6;2192;8;0.2;0.0
76;2021-01-08;1534;2;3726;10;0.3;0.0
76;2021-01-09;736;2;4462;12;0.4;0.0
76;2021-01-10;492;1;4954;13;0.4;0.0
76;2021-01-11;1358;2;6312;15;0.5;0.0
76;2021-01-12;1358;2;7670;17;0.6;0.0
76;2021-01-13;1187;5;8857;22;0.7;0.0
76;2021-01-14;2175;23;11032;45;0.9;0.0
76;2021-01-15;1910;8;12942;53;1.0;0.0
76;2021-01-16;987;5;13929;58;1.1;0.0
76;2021-01-17;2898;20;16827;78;1.4;0.0
76;2021-01-18;4392;16;21219;94;1.7;0.0
76;2021-01-19;3012;8;24231;102;1.9;0.0
76;2021-01-20;2069;9;26300;111;2.1;0.0
76;2021-01-21;1773;4;28073;115;2.3;0.0
76;2021-01-22;1705;4;29778;119;2.4;0.0
76;2021-01-23;449;1;30227;120;2.4;0.0
76;2021-01-24;99;0;30326;120;2.4;0.0
76;2021-01-25;1474;141;31800;261;2.6;0.0
76;2021-01-26;1389;335;33189;596;2.7;0.0
76;2021-01-27;1340;432;34529;1028;2.8;0.1
76;2021-01-28;1283;384;35812;1412;2.9;0.1
76;2021-01-29;1152;459;36964;1871;3.0;0.2
76;2021-01-30;283;305;37247;2176;3.0;0.2
76;2021-01-31;4;98;37251;2274;3.0;0.2
76;2021-02-01;839;816;38090;3090;3.1;0.2
76;2021-02-02;1056;1020;39146;4110;3.1;0.3
76;2021-02-03;917;1001;40063;5111;3.2;0.4
76;2021-02-04;976;1454;41039;6565;3.3;0.5
76;2021-02-05;974;1105;42013;7670;3.4;0.6
76;2021-02-06;260;880;42273;8550;3.4;0.7
76;2021-02-07;467;1659;42740;10209;3.4;0.8
76;2021-02-08;1922;3736;44662;13945;3.6;1.1
76;2021-02-09;1757;2999;46419;16944;3.7;1.4
76;2021-02-10;1487;1813;47906;18757;3.9;1.5
76;2021-02-11;1676;1531;49582;20288;4.0;1.6
76;2021-02-12;1709;1577;51291;21865;4.1;1.8
76;2021-02-13;230;337;51521;22202;4.1;1.8
76;2021-02-14;9;82;51530;22284;4.1;1.8
76;2021-02-15;554;1723;52084;24007;4.2;1.9
76;2021-02-16;741;1642;52825;25649;4.2;2.1
76;2021-02-17;625;1451;53450;27100;4.3;2.2
76;2021-02-18;779;1392;54229;28492;4.4;2.3
76;2021-02-19;868;1343;55097;29835;4.4;2.4
76;2021-02-20;270;288;55367;30123;4.5;2.4
76;2021-02-21;0;0;55367;30123;4.5;2.4
76;2021-02-22;371;1315;55738;31438;4.5;2.5
76;2021-02-23;575;1242;56313;32680;4.5;2.6
76;2021-02-24;599;1203;56912;33883;4.6;2.7
76;2021-02-25;1666;1264;58578;35147;4.7;2.8
76;2021-02-26;2172;1049;60750;36196;4.9;2.9
76;2021-02-27;1108;274;61858;36470;5.0;2.9
76;2021-02-28;27;197;61885;36667;5.0;2.9
76;2021-03-01;825;2111;62710;38778;5.0;3.1
76;2021-03-02;1380;1720;64090;40498;5.2;3.3
76;2021-03-03;1941;1397;66031;41895;5.3;3.4
76;2021-03-04;2817;1105;68848;43000;5.5;3.5
76;2021-03-05;4177;806;73025;43806;5.9;3.5
76;2021-03-06;3362;156;76387;43962;6.1;3.5
76;2021-03-07;1257;32;77644;43994;6.2;3.5
76;2021-03-08;2100;1254;79744;45248;6.4;3.6
76;2021-03-09;3574;1163;83318;46411;6.7;3.7
76;2021-03-10;3592;1062;86910;47473;7.0;3.8
76;2021-03-11;5634;941;92544;48414;7.4;3.9
76;2021-03-12;6824;598;99368;49012;8.0;3.9
76;2021-03-13;4645;142;104013;49154;8.4;4.0
76;2021-03-14;1068;28;105081;49182;8.4;4.0
76;2021-03-15;2917;232;107998;49414;8.7;4.0
76;2021-03-16;2554;398;110552;49812;8.9;4.0
76;2021-03-17;2695;315;113247;50127;9.1;4.0
76;2021-03-18;3000;305;116247;50432;9.3;4.1
76;2021-03-19;4395;425;120642;50857;9.7;4.1
76;2021-03-20;3974;280;124616;51137;10.0;4.1
76;2021-03-21;837;13;125453;51150;10.1;4.1
76;2021-03-22;3993;340;129446;51490;10.4;4.1
76;2021-03-23;5710;353;135156;51843;10.9;4.2
76;2021-03-24;5698;389;140854;52232;11.3;4.2
76;2021-03-25;7508;568;148362;52800;11.9;4.2
76;2021-03-26;8720;580;157082;53380;12.6;4.3
76;2021-03-27;4810;380;161892;53760;13.0;4.3
76;2021-03-28;1021;30;162913;53790;13.1;4.3
76;2021-03-29;5389;824;168302;54614;13.5;4.4
76;2021-03-30;6584;1048;174886;55662;14.1;4.5
76;2021-03-31;6451;1249;181337;56911;14.6;4.6
76;2021-04-01;6784;2037;188121;58948;15.1;4.7
76;2021-04-02;6487;2673;194608;61621;15.6;5.0
76;2021-04-03;2443;1077;197051;62698;15.8;5.0
76;2021-04-04;263;11;197314;62709;15.9;5.0
76;2021-04-05;868;379;198182;63088;15.9;5.1
76;2021-04-06;3556;2790;201738;65878;16.2;5.3
76;2021-04-07;4416;2399;206154;68277;16.6;5.5
76;2021-04-08;5841;2773;211995;71050;17.0;5.7
76;2021-04-09;8805;3063;220800;74113;17.8;6.0
76;2021-04-10;4876;1414;225676;75527;18.1;6.1
76;2021-04-11;813;530;226489;76057;18.2;6.1
76;2021-04-12;4725;2847;231214;78904;18.6;6.3
76;2021-04-13;5925;2869;237139;81773;19.1;6.6
76;2021-04-14;4805;3137;241944;84910;19.5;6.8
76;2021-04-15;5561;3356;247505;88266;19.9;7.1
76;2021-04-16;7352;3440;254857;91706;20.5;7.4
76;2021-04-17;4388;1430;259245;93136;20.8;7.5
76;2021-04-18;339;140;259584;93276;20.9;7.5
76;2021-04-19;3479;3771;263063;97047;21.2;7.8
76;2021-04-20;4343;4276;267406;101323;21.5;8.1
76;2021-04-21;4189;4684;271595;106007;21.8;8.5
76;2021-04-22;4561;5439;276156;111446;22.2;9.0
76;2021-04-23;5437;5951;281593;117397;22.6;9.4
76;2021-04-24;4163;2189;285756;119586;23.0;9.6
76;2021-04-25;892;267;286648;119853;23.0;9.6
76;2021-04-26;4482;4475;291130;124328;23.4;10.0
76;2021-04-27;4999;5001;296129;129329;23.8;10.4
76;2021-04-28;5347;4163;301476;133492;24.2;10.7
76;2021-04-29;6926;4165;308402;137657;24.8;11.1
76;2021-04-30;8218;4645;316620;142302;25.5;11.4
76;2021-05-01;4827;1006;321447;143308;25.8;11.5
76;2021-05-02;1843;259;323290;143567;26.0;11.5
76;2021-05-03;4703;3317;327993;146884;26.4;11.8
76;2021-05-04;4823;4562;332816;151446;26.8;12.2
76;2021-05-05;4785;5179;337601;156625;27.1;12.6
76;2021-05-06;5922;5589;343523;162214;27.6;13.0
76;2021-05-07;6139;6756;349662;168970;28.1;13.6
76;2021-05-08;5055;898;354717;169868;28.5;13.7
76;2021-05-09;2538;234;357255;170102;28.7;13.7
76;2021-05-10;4948;5058;362203;175160;29.1;14.1
76;2021-05-11;6517;5678;368720;180838;29.6;14.5
76;2021-05-12;6264;5073;374984;185911;30.1;14.9
76;2021-05-13;8846;1279;383830;187190;30.9;15.0
76;2021-05-14;10415;4666;394245;191856;31.7;15.4
76;2021-05-15;9120;2452;403365;194308;32.4;15.6
76;2021-05-16;6232;477;409597;194785;32.9;15.7
76;2021-05-17;7226;3274;416823;198059;33.5;15.9
76;2021-05-18;8304;2811;425127;200870;34.2;16.1
76;2021-05-19;8404;3189;433531;204059;34.9;16.4
76;2021-05-20;9649;3415;443180;207474;35.6;16.7
76;2021-05-21;8370;4094;451550;211568;36.3;17.0
76;2021-05-22;7163;2358;458713;213926;36.9;17.2
76;2021-05-23;6390;411;465103;214337;37.4;17.2
76;2021-05-24;6866;1530;471969;215867;37.9;17.4
76;2021-05-25;8023;4083;479992;219950;38.6;17.7
76;2021-05-26;7573;3610;487565;223560;39.2;18.0
76;2021-05-27;8348;4704;495913;228264;39.9;18.4
76;2021-05-28;8235;6578;504148;234842;40.5;18.9
76;2021-05-29;6220;3518;510368;238360;41.0;19.2
76;2021-05-30;3146;431;513514;238791;41.3;19.2
76;2021-05-31;8167;3970;521681;242761;41.9;19.5
76;2021-06-01;9210;5030;530891;247791;42.7;19.9
76;2021-06-02;7930;4444;538821;252235;43.3;20.3
76;2021-06-03;9537;5405;548358;257640;44.1;20.7
76;2021-06-04;9244;6678;557602;264318;44.8;21.3
76;2021-06-05;6289;3811;563891;268129;45.3;21.6
76;2021-06-06;2554;650;566445;268779;45.5;21.6
76;2021-06-07;6983;5454;573428;274233;46.1;22.0
76;2021-06-08;8654;6287;582082;280520;46.8;22.6
76;2021-06-09;7213;6084;589295;286604;47.4;23.0
76;2021-06-10;7992;6562;597287;293166;48.0;23.6
76;2021-06-11;7580;8234;604867;301400;48.6;24.2
76;2021-06-12;7166;5870;612033;307270;49.2;24.7
76;2021-06-13;2961;1294;614994;308564;49.4;24.8
76;2021-06-14;6490;6716;621484;315280;50.0;25.3
76;2021-06-15;6298;7464;627782;322744;50.5;25.9
76;2021-06-16;6653;7485;634435;330229;51.0;26.6
76;2021-06-17;7006;7756;641441;337985;51.6;27.2
76;2021-06-18;7688;9234;649129;347219;52.2;27.9
76;2021-06-19;5986;6260;655115;353479;52.7;28.4
76;2021-06-20;2811;1814;657926;355293;52.9;28.6
76;2021-06-21;5591;8175;663517;363468;53.3;29.2
76;2021-06-22;4921;9874;668438;373342;53.7;30.0
76;2021-06-23;4730;9434;673168;382776;54.1;30.8
76;2021-06-24;4795;9917;677963;392693;54.5;31.6
76;2021-06-25;5223;11570;683186;404263;54.9;32.5
76;2021-06-26;3453;7876;686639;412139;55.2;33.1
76;2021-06-27;1365;5165;688004;417304;55.3;33.6
76;2021-06-28;3614;9941;691618;427245;55.6;34.4
76;2021-06-29;3873;10233;695491;437478;55.9;35.2
76;2021-06-30;4262;9840;699753;447318;56.3;36.0
76;2021-07-01;4588;9896;704341;457214;56.6;36.8
76;2021-07-02;4370;12011;708711;469225;57.0;37.7
76;2021-07-03;3586;8449;712297;477674;57.3;38.4
76;2021-07-04;1486;5306;713783;482980;57.4;38.8
76;2021-07-05;3953;9331;717736;492311;57.7;39.6
76;2021-07-06;4051;10076;721787;502387;58.0;40.4
76;2021-07-07;4012;9331;725799;511718;58.4;41.1
76;2021-07-08;4463;9459;730262;521177;58.7;41.9
76;2021-07-09;4365;12408;734627;533585;59.1;42.9
76;2021-07-10;3138;8550;737765;542135;59.3;43.6
76;2021-07-11;1777;2821;739542;544956;59.5;43.8
76;2021-07-12;3152;11149;742694;556105;59.7;44.7
76;2021-07-13;4931;12261;747625;568366;60.1;45.7
76;2021-07-14;4801;5542;752426;573908;60.5;46.1
76;2021-07-15;5905;11799;758331;585707;61.0;47.1
76;2021-07-16;6712;12023;765043;597730;61.5;48.1
76;2021-07-17;5276;8702;770319;606432;61.9;48.8
76;2021-07-18;2256;3355;772575;609787;62.1;49.0
76;2021-07-19;5152;11147;777727;620934;62.5;49.9
76;2021-07-20;6266;11629;783993;632563;63.0;50.9
76;2021-07-21;6330;10558;790323;643121;63.5;51.7
76;2021-07-22;8212;9657;798535;652778;64.2;52.5
76;2021-07-23;7608;11989;806143;664767;64.8;53.4
76;2021-07-24;4980;7708;811123;672475;65.2;54.1
76;2021-07-25;2859;3144;813982;675619;65.4;54.3
76;2021-07-26;5420;10145;819402;685764;65.9;55.1
76;2021-07-27;8302;9547;827704;695311;66.5;55.9
76;2021-07-28;8222;7801;835926;703112;67.2;56.5
76;2021-07-29;9541;6966;845467;710078;68.0;57.1
76;2021-07-30;7960;7829;853427;717907;68.6;57.7
76;2021-07-31;6573;5315;860000;723222;69.1;58.1
76;2021-08-01;3859;2066;863859;725288;69.5;58.3
76;2021-08-02;6527;7083;870386;732371;70.0;58.9
76;2021-08-03;7942;6338;878328;738709;70.6;59.4
76;2021-08-04;7213;5842;885541;744551;71.2;59.9
76;2021-08-05;8016;5688;893557;750239;71.8;60.3
76;2021-08-06;6726;6858;900283;757097;72.4;60.9
76;2021-08-07;4768;4362;905051;761459;72.8;61.2
76;2021-08-08;2399;2149;907450;763608;73.0;61.4
76;2021-08-09;5581;6716;913031;770324;73.4;61.9
76;2021-08-10;6319;6523;919350;776847;73.9;62.5
76;2021-08-11;6428;5457;925778;782304;74.4;62.9
76;2021-08-12;5965;6017;931743;788321;74.9;63.4
77;2020-12-27;1;0;1;0;0.0;0.0
77;2020-12-28;1;0;2;0;0.0;0.0
77;2020-12-29;0;0;2;0;0.0;0.0
77;2020-12-30;0;0;2;0;0.0;0.0
77;2020-12-31;0;0;2;0;0.0;0.0
77;2021-01-01;3;0;5;0;0.0;0.0
77;2021-01-02;0;0;5;0;0.0;0.0
77;2021-01-03;0;0;5;0;0.0;0.0
77;2021-01-04;6;0;11;0;0.0;0.0
77;2021-01-05;199;0;210;0;0.0;0.0
77;2021-01-06;223;2;433;2;0.0;0.0
77;2021-01-07;521;3;954;5;0.1;0.0
77;2021-01-08;612;0;1566;5;0.1;0.0
77;2021-01-09;273;1;1839;6;0.1;0.0
77;2021-01-10;235;2;2074;8;0.1;0.0
77;2021-01-11;783;2;2857;10;0.2;0.0
77;2021-01-12;884;1;3741;11;0.3;0.0
77;2021-01-13;936;1;4677;12;0.3;0.0
77;2021-01-14;848;7;5525;19;0.4;0.0
77;2021-01-15;860;10;6385;29;0.4;0.0
77;2021-01-16;168;1;6553;30;0.5;0.0
77;2021-01-17;131;2;6684;32;0.5;0.0
77;2021-01-18;1193;5;7877;37;0.6;0.0
77;2021-01-19;1719;20;9596;57;0.7;0.0
77;2021-01-20;2540;5;12136;62;0.9;0.0
77;2021-01-21;2052;23;14188;85;1.0;0.0
77;2021-01-22;1147;8;15335;93;1.1;0.0
77;2021-01-23;350;0;15685;93;1.1;0.0
77;2021-01-24;43;0;15728;93;1.1;0.0
77;2021-01-25;939;26;16667;119;1.2;0.0
77;2021-01-26;1702;25;18369;144;1.3;0.0
77;2021-01-27;1362;31;19731;175;1.4;0.0
77;2021-01-28;1697;97;21428;272;1.5;0.0
77;2021-01-29;1284;146;22712;418;1.6;0.0
77;2021-01-30;211;2;22923;420;1.6;0.0
77;2021-01-31;0;0;22923;420;1.6;0.0
77;2021-02-01;568;212;23491;632;1.7;0.0
77;2021-02-02;866;268;24357;900;1.7;0.1
77;2021-02-03;794;535;25151;1435;1.8;0.1
77;2021-02-04;789;804;25940;2239;1.8;0.2
77;2021-02-05;857;852;26797;3091;1.9;0.2
77;2021-02-06;165;103;26962;3194;1.9;0.2
77;2021-02-07;16;92;26978;3286;1.9;0.2
77;2021-02-08;494;941;27472;4227;1.9;0.3
77;2021-02-09;590;1466;28062;5693;2.0;0.4
77;2021-02-10;1028;1833;29090;7526;2.0;0.5
77;2021-02-11;1059;1654;30149;9180;2.1;0.6
77;2021-02-12;1097;1173;31246;10353;2.2;0.7
77;2021-02-13;187;175;31433;10528;2.2;0.7
77;2021-02-14;12;57;31445;10585;2.2;0.7
77;2021-02-15;554;1029;31999;11614;2.2;0.8
77;2021-02-16;599;1537;32598;13151;2.3;0.9
77;2021-02-17;515;1188;33113;14339;2.3;1.0
77;2021-02-18;840;1617;33953;15956;2.4;1.1
77;2021-02-19;776;1156;34729;17112;2.4;1.2
77;2021-02-20;53;178;34782;17290;2.4;1.2
77;2021-02-21;7;31;34789;17321;2.4;1.2
77;2021-02-22;303;773;35092;18094;2.5;1.3
77;2021-02-23;358;1132;35450;19226;2.5;1.4
77;2021-02-24;511;900;35961;20126;2.5;1.4
77;2021-02-25;793;969;36754;21095;2.6;1.5
77;2021-02-26;841;840;37595;21935;2.6;1.5
77;2021-02-27;460;169;38055;22104;2.7;1.6
77;2021-02-28;32;5;38087;22109;2.7;1.6
77;2021-03-01;675;711;38762;22820;2.7;1.6
77;2021-03-02;1092;1028;39854;23848;2.8;1.7
77;2021-03-03;1954;1173;41808;25021;2.9;1.8
77;2021-03-04;2800;1132;44608;26153;3.1;1.8
77;2021-03-05;3378;1047;47986;27200;3.4;1.9
77;2021-03-06;4822;257;52808;27457;3.7;1.9
77;2021-03-07;3189;108;55997;27565;3.9;1.9
77;2021-03-08;1229;505;57226;28070;4.0;2.0
77;2021-03-09;2503;631;59729;28701;4.2;2.0
77;2021-03-10;2397;574;62126;29275;4.4;2.1
77;2021-03-11;3499;775;65625;30050;4.6;2.1
77;2021-03-12;3888;685;69513;30735;4.9;2.2
77;2021-03-13;4482;200;73995;30935;5.2;2.2
77;2021-03-14;2150;118;76145;31053;5.3;2.2
77;2021-03-15;2509;274;78654;31327;5.5;2.2
77;2021-03-16;2443;373;81097;31700;5.7;2.2
77;2021-03-17;2550;424;83647;32124;5.9;2.3
77;2021-03-18;3009;398;86656;32522;6.1;2.3
77;2021-03-19;3358;432;90014;32954;6.3;2.3
77;2021-03-20;1966;74;91980;33028;6.5;2.3
77;2021-03-21;242;13;92222;33041;6.5;2.3
77;2021-03-22;3019;404;95241;33445;6.7;2.3
77;2021-03-23;4517;521;99758;33966;7.0;2.4
77;2021-03-24;4149;615;103907;34581;7.3;2.4
77;2021-03-25;5905;405;109812;34986;7.7;2.5
77;2021-03-26;6265;439;116077;35425;8.2;2.5
77;2021-03-27;3320;120;119397;35545;8.4;2.5
77;2021-03-28;1730;44;121127;35589;8.5;2.5
77;2021-03-29;2652;684;123779;36273;8.7;2.5
77;2021-03-30;3996;1191;127775;37464;9.0;2.6
77;2021-03-31;3752;1220;131527;38684;9.2;2.7
77;2021-04-01;4140;1805;135667;40489;9.5;2.8
77;2021-04-02;3989;2011;139656;42500;9.8;3.0
77;2021-04-03;1745;2279;141401;44779;9.9;3.1
77;2021-04-04;425;1426;141826;46205;10.0;3.2
77;2021-04-05;158;162;141984;46367;10.0;3.3
77;2021-04-06;2715;1921;144699;48288;10.2;3.4
77;2021-04-07;3317;2080;148016;50368;10.4;3.5
77;2021-04-08;4531;2360;152547;52728;10.7;3.7
77;2021-04-09;4847;2084;157394;54812;11.1;3.9
77;2021-04-10;3072;2745;160466;57557;11.3;4.0
77;2021-04-11;587;716;161053;58273;11.3;4.1
77;2021-04-12;2231;1824;163284;60097;11.5;4.2
77;2021-04-13;3357;2633;166641;62730;11.7;4.4
77;2021-04-14;2523;2647;169164;65377;11.9;4.6
77;2021-04-15;3319;3113;172483;68490;12.1;4.8
77;2021-04-16;3575;2718;176058;71208;12.4;5.0
77;2021-04-17;1386;473;177444;71681;12.5;5.0
77;2021-04-18;150;11;177594;71692;12.5;5.0
77;2021-04-19;2082;2511;179676;74203;12.6;5.2
77;2021-04-20;2569;3381;182245;77584;12.8;5.4
77;2021-04-21;2193;3477;184438;81061;13.0;5.7
77;2021-04-22;3002;3855;187440;84916;13.2;6.0
77;2021-04-23;3528;3636;190968;88552;13.4;6.2
77;2021-04-24;4901;2513;195869;91065;13.8;6.4
77;2021-04-25;4080;1236;199949;92301;14.0;6.5
77;2021-04-26;3228;2041;203177;94342;14.3;6.6
77;2021-04-27;3994;2514;207171;96856;14.6;6.8
77;2021-04-28;4068;2612;211239;99468;14.8;7.0
77;2021-04-29;4476;3077;215715;102545;15.2;7.2
77;2021-04-30;4906;3332;220621;105877;15.5;7.4
77;2021-05-01;2463;592;223084;106469;15.7;7.5
77;2021-05-02;3142;277;226226;106746;15.9;7.5
77;2021-05-03;5988;2066;232214;108812;16.3;7.6
77;2021-05-04;6437;2985;238651;111797;16.8;7.9
77;2021-05-05;6015;3021;244666;114818;17.2;8.1
77;2021-05-06;6890;3591;251556;118409;17.7;8.3
77;2021-05-07;8205;3260;259761;121669;18.2;8.5
77;2021-05-08;5706;807;265467;122476;18.6;8.6
77;2021-05-09;4906;475;270373;122951;19.0;8.6
77;2021-05-10;8089;2326;278462;125277;19.6;8.8
77;2021-05-11;9580;2919;288042;128196;20.2;9.0
77;2021-05-12;8977;2282;297019;130478;20.9;9.2
77;2021-05-13;9302;875;306321;131353;21.5;9.2
77;2021-05-14;10424;1658;316745;133011;22.2;9.3
77;2021-05-15;8988;1250;325733;134261;22.9;9.4
77;2021-05-16;5151;463;330884;134724;23.2;9.5
77;2021-05-17;10371;1472;341255;136196;24.0;9.6
77;2021-05-18;11781;1800;353036;137996;24.8;9.7
77;2021-05-19;10911;1601;363947;139597;25.6;9.8
77;2021-05-20;12210;2154;376157;141751;26.4;10.0
77;2021-05-21;11652;2692;387809;144443;27.2;10.1
77;2021-05-22;9819;1735;397628;146178;27.9;10.3
77;2021-05-23;6985;805;404613;146983;28.4;10.3
77;2021-05-24;6763;774;411376;147757;28.9;10.4
77;2021-05-25;8309;2807;419685;150564;29.5;10.6
77;2021-05-26;7565;2975;427250;153539;30.0;10.8
77;2021-05-27;7549;3964;434799;157503;30.5;11.1
77;2021-05-28;7637;4012;442436;161515;31.1;11.3
77;2021-05-29;7353;2340;449789;163855;31.6;11.5
77;2021-05-30;4357;892;454146;164747;31.9;11.6
77;2021-05-31;8386;3833;462532;168580;32.5;11.8
77;2021-06-01;9642;4382;472174;172962;33.2;12.1
77;2021-06-02;9001;3917;481175;176879;33.8;12.4
77;2021-06-03;9003;5268;490178;182147;34.4;12.8
77;2021-06-04;9114;5489;499292;187636;35.1;13.2
77;2021-06-05;6659;4992;505951;192628;35.5;13.5
77;2021-06-06;4910;3207;510861;195835;35.9;13.8
77;2021-06-07;6421;4542;517282;200377;36.3;14.1
77;2021-06-08;5726;5211;523008;205588;36.7;14.4
77;2021-06-09;5057;4958;528065;210546;37.1;14.8
77;2021-06-10;5015;5462;533080;216008;37.4;15.2
77;2021-06-11;5754;6036;538834;222044;37.8;15.6
77;2021-06-12;6544;4751;545378;226795;38.3;15.9
77;2021-06-13;3507;3050;548885;229845;38.6;16.1
77;2021-06-14;3218;7929;552103;237774;38.8;16.7
77;2021-06-15;4127;8479;556230;246253;39.1;17.3
77;2021-06-16;4803;8375;561033;254628;39.4;17.9
77;2021-06-17;4472;9025;565505;263653;39.7;18.5
77;2021-06-18;4363;9785;569868;273438;40.0;19.2
77;2021-06-19;5304;6929;575172;280367;40.4;19.7
77;2021-06-20;2095;3800;577267;284167;40.5;20.0
77;2021-06-21;3228;9578;580495;293745;40.8;20.6
77;2021-06-22;3667;11370;584162;305115;41.0;21.4
77;2021-06-23;3439;10052;587601;315167;41.3;22.1
77;2021-06-24;3359;10906;590960;326073;41.5;22.9
77;2021-06-25;3625;10804;594585;336877;41.8;23.7
77;2021-06-26;4083;10064;598668;346941;42.1;24.4
77;2021-06-27;2121;6425;600789;353366;42.2;24.8
77;2021-06-28;2801;10829;603590;364195;42.4;25.6
77;2021-06-29;3412;12523;607002;376718;42.6;26.5
77;2021-06-30;3285;11444;610287;388162;42.9;27.3
77;2021-07-01;3276;11659;613563;399821;43.1;28.1
77;2021-07-02;3447;12246;617010;412067;43.3;28.9
77;2021-07-03;3180;10792;620190;422859;43.6;29.7
77;2021-07-04;1994;6491;622184;429350;43.7;30.2
77;2021-07-05;3587;9543;625771;438893;44.0;30.8
77;2021-07-06;3731;9520;629502;448413;44.2;31.5
77;2021-07-07;4044;8948;633546;457361;44.5;32.1
77;2021-07-08;3904;8755;637450;466116;44.8;32.7
77;2021-07-09;4685;10340;642135;476456;45.1;33.5
77;2021-07-10;4037;9835;646172;486291;45.4;34.2
77;2021-07-11;3078;5078;649250;491369;45.6;34.5
77;2021-07-12;3279;10862;652529;502231;45.8;35.3
77;2021-07-13;6106;12023;658635;514254;46.3;36.1
77;2021-07-14;3542;6436;662177;520690;46.5;36.6
77;2021-07-15;7143;11959;669320;532649;47.0;37.4
77;2021-07-16;7791;9888;677111;542537;47.6;38.1
77;2021-07-17;5770;9463;682881;552000;48.0;38.8
77;2021-07-18;4137;5329;687018;557329;48.3;39.1
77;2021-07-19;7482;8945;694500;566274;48.8;39.8
77;2021-07-20;9546;8013;704046;574287;49.5;40.3
77;2021-07-21;9477;7456;713523;581743;50.1;40.9
77;2021-07-22;10457;7497;723980;589240;50.9;41.4
77;2021-07-23;9770;8177;733750;597417;51.5;42.0
77;2021-07-24;7156;7855;740906;605272;52.0;42.5
77;2021-07-25;5852;4019;746758;609291;52.5;42.8
77;2021-07-26;9141;5958;755899;615249;53.1;43.2
77;2021-07-27;10800;6002;766699;621251;53.9;43.6
77;2021-07-28;9314;6388;776013;627639;54.5;44.1
77;2021-07-29;9460;5476;785473;633115;55.2;44.5
77;2021-07-30;9643;6331;795116;639446;55.9;44.9
77;2021-07-31;7199;6615;802315;646061;56.4;45.4
77;2021-08-01;2936;1194;805251;647255;56.6;45.5
77;2021-08-02;6996;5731;812247;652986;57.1;45.9
77;2021-08-03;5720;4474;817967;657460;57.5;46.2
77;2021-08-04;4664;4371;822631;661831;57.8;46.5
77;2021-08-05;3194;2943;825825;664774;58.0;46.7
77;2021-08-06;5796;5211;831621;669985;58.4;47.1
77;2021-08-07;5241;6780;836862;676765;58.8;47.5
77;2021-08-08;1956;1852;838818;678617;58.9;47.7
77;2021-08-09;5017;6548;843835;685165;59.3;48.1
77;2021-08-10;2649;3539;846484;688704;59.5;48.4
77;2021-08-11;3083;6154;849567;694858;59.7;48.8
77;2021-08-12;2187;3492;851754;698350;59.8;49.1
78;2020-12-27;2;0;2;0;0.0;0.0
78;2020-12-28;0;0;2;0;0.0;0.0
78;2020-12-29;0;0;2;0;0.0;0.0
78;2020-12-30;0;0;2;0;0.0;0.0
78;2020-12-31;15;0;17;0;0.0;0.0
78;2021-01-01;0;0;17;0;0.0;0.0
78;2021-01-02;1;0;18;0;0.0;0.0
78;2021-01-03;2;0;20;0;0.0;0.0
78;2021-01-04;145;3;165;3;0.0;0.0
78;2021-01-05;175;1;340;4;0.0;0.0
78;2021-01-06;208;3;548;7;0.0;0.0
78;2021-01-07;469;2;1017;9;0.1;0.0
78;2021-01-08;651;5;1668;14;0.1;0.0
78;2021-01-09;22;0;1690;14;0.1;0.0
78;2021-01-10;1;0;1691;14;0.1;0.0
78;2021-01-11;792;3;2483;17;0.2;0.0
78;2021-01-12;946;6;3429;23;0.2;0.0
78;2021-01-13;737;9;4166;32;0.3;0.0
78;2021-01-14;811;9;4977;41;0.3;0.0
78;2021-01-15;847;8;5824;49;0.4;0.0
78;2021-01-16;32;1;5856;50;0.4;0.0
78;2021-01-17;0;0;5856;50;0.4;0.0
78;2021-01-18;1381;21;7237;71;0.5;0.0
78;2021-01-19;1841;27;9078;98;0.6;0.0
78;2021-01-20;1657;15;10735;113;0.7;0.0
78;2021-01-21;3251;14;13986;127;1.0;0.0
78;2021-01-22;2215;16;16201;143;1.1;0.0
78;2021-01-23;279;0;16480;143;1.1;0.0
78;2021-01-24;5;0;16485;143;1.1;0.0
78;2021-01-25;958;32;17443;175;1.2;0.0
78;2021-01-26;1559;19;19002;194;1.3;0.0
78;2021-01-27;2060;49;21062;243;1.5;0.0
78;2021-01-28;2434;107;23496;350;1.6;0.0
78;2021-01-29;1489;64;24985;414;1.7;0.0
78;2021-01-30;210;3;25195;417;1.7;0.0
78;2021-01-31;3;0;25198;417;1.7;0.0
78;2021-02-01;786;225;25984;642;1.8;0.0
78;2021-02-02;968;346;26952;988;1.9;0.1
78;2021-02-03;975;240;27927;1228;1.9;0.1
78;2021-02-04;1117;450;29044;1678;2.0;0.1
78;2021-02-05;1190;509;30234;2187;2.1;0.2
78;2021-02-06;197;44;30431;2231;2.1;0.2
78;2021-02-07;139;14;30570;2245;2.1;0.2
78;2021-02-08;760;610;31330;2855;2.2;0.2
78;2021-02-09;1122;944;32452;3799;2.2;0.3
78;2021-02-10;1248;1183;33700;4982;2.3;0.3
78;2021-02-11;1819;1902;35519;6884;2.5;0.5
78;2021-02-12;1819;1413;37338;8297;2.6;0.6
78;2021-02-13;173;80;37511;8377;2.6;0.6
78;2021-02-14;26;25;37537;8402;2.6;0.6
78;2021-02-15;446;1440;37983;9842;2.6;0.7
78;2021-02-16;627;1558;38610;11400;2.7;0.8
78;2021-02-17;584;2221;39194;13621;2.7;0.9
78;2021-02-18;998;2279;40192;15900;2.8;1.1
78;2021-02-19;819;1734;41011;17634;2.8;1.2
78;2021-02-20;147;124;41158;17758;2.8;1.2
78;2021-02-21;0;12;41158;17770;2.8;1.2
78;2021-02-22;499;1060;41657;18830;2.9;1.3
78;2021-02-23;540;1121;42197;19951;2.9;1.4
78;2021-02-24;619;1238;42816;21189;3.0;1.5
78;2021-02-25;866;1157;43682;22346;3.0;1.5
78;2021-02-26;1132;1244;44814;23590;3.1;1.6
78;2021-02-27;739;149;45553;23739;3.1;1.6
78;2021-02-28;66;18;45619;23757;3.1;1.6
78;2021-03-01;965;910;46584;24667;3.2;1.7
78;2021-03-02;1723;1051;48307;25718;3.3;1.8
78;2021-03-03;1965;1228;50272;26946;3.5;1.9
78;2021-03-04;2945;1582;53217;28528;3.7;2.0
78;2021-03-05;3253;1652;56470;30180;3.9;2.1
78;2021-03-06;6242;280;62712;30460;4.3;2.1
78;2021-03-07;3443;88;66155;30548;4.6;2.1
78;2021-03-08;1456;761;67611;31309;4.7;2.2
78;2021-03-09;2938;905;70549;32214;4.9;2.2
78;2021-03-10;3074;1117;73623;33331;5.1;2.3
78;2021-03-11;4176;1306;77799;34637;5.4;2.4
78;2021-03-12;5369;1334;83168;35971;5.7;2.5
78;2021-03-13;4653;189;87821;36160;6.1;2.5
78;2021-03-14;1034;38;88855;36198;6.1;2.5
78;2021-03-15;3621;262;92476;36460;6.4;2.5
78;2021-03-16;2564;556;95040;37016;6.6;2.6
78;2021-03-17;2966;434;98006;37450;6.8;2.6
78;2021-03-18;3780;429;101786;37879;7.0;2.6
78;2021-03-19;5315;482;107101;38361;7.4;2.6
78;2021-03-20;2258;124;109359;38485;7.5;2.7
78;2021-03-21;164;7;109523;38492;7.6;2.7
78;2021-03-22;3530;379;113053;38871;7.8;2.7
78;2021-03-23;5230;539;118283;39410;8.2;2.7
78;2021-03-24;4892;542;123175;39952;8.5;2.8
78;2021-03-25;6938;556;130113;40508;9.0;2.8
78;2021-03-26;6936;709;137049;41217;9.5;2.8
78;2021-03-27;3744;188;140793;41405;9.7;2.9
78;2021-03-28;1918;44;142711;41449;9.9;2.9
78;2021-03-29;3865;760;146576;42209;10.1;2.9
78;2021-03-30;5522;1055;152098;43264;10.5;3.0
78;2021-03-31;5329;1281;157427;44545;10.9;3.1
78;2021-04-01;5592;2335;163019;46880;11.3;3.2
78;2021-04-02;5193;2621;168212;49501;11.6;3.4
78;2021-04-03;2198;2559;170410;52060;11.8;3.6
78;2021-04-04;173;14;170583;52074;11.8;3.6
78;2021-04-05;199;18;170782;52092;11.8;3.6
78;2021-04-06;3616;2301;174398;54393;12.0;3.8
78;2021-04-07;4357;2583;178755;56976;12.3;3.9
78;2021-04-08;5523;2667;184278;59643;12.7;4.1
78;2021-04-09;6905;2445;191183;62088;13.2;4.3
78;2021-04-10;3994;1895;195177;63983;13.5;4.4
78;2021-04-11;374;606;195551;64589;13.5;4.5
78;2021-04-12;3530;2365;199081;66954;13.7;4.6
78;2021-04-13;5458;2492;204539;69446;14.1;4.8
78;2021-04-14;4954;3387;209493;72833;14.5;5.0
78;2021-04-15;4615;3841;214108;76674;14.8;5.3
78;2021-04-16;5629;4016;219737;80690;15.2;5.6
78;2021-04-17;3615;712;223352;81402;15.4;5.6
78;2021-04-18;272;42;223624;81444;15.4;5.6
78;2021-04-19;3240;2815;226864;84259;15.7;5.8
78;2021-04-20;4709;3688;231573;87947;16.0;6.1
78;2021-04-21;4532;3500;236105;91447;16.3;6.3
78;2021-04-22;4569;4687;240674;96134;16.6;6.6
78;2021-04-23;5056;4428;245730;100562;17.0;6.9
78;2021-04-24;4865;2620;250595;103182;17.3;7.1
78;2021-04-25;3043;1730;253638;104912;17.5;7.2
78;2021-04-26;4768;3317;258406;108229;17.8;7.5
78;2021-04-27;5469;4306;263875;112535;18.2;7.8
78;2021-04-28;5650;4786;269525;117321;18.6;8.1
78;2021-04-29;6258;4062;275783;121383;19.0;8.4
78;2021-04-30;7210;4462;282993;125845;19.5;8.7
78;2021-05-01;612;256;283605;126101;19.6;8.7
78;2021-05-02;2007;164;285612;126265;19.7;8.7
78;2021-05-03;7458;1274;293070;127539;20.2;8.8
78;2021-05-04;6078;3981;299148;131520;20.7;9.1
78;2021-05-05;7295;4546;306443;136066;21.2;9.4
78;2021-05-06;6477;5178;312920;141244;21.6;9.8
78;2021-05-07;8313;5141;321233;146385;22.2;10.1
78;2021-05-08;2916;1450;324149;147835;22.4;10.2
78;2021-05-09;2816;348;326965;148183;22.6;10.2
78;2021-05-10;7342;4453;334307;152636;23.1;10.5
78;2021-05-11;8143;5416;342450;158052;23.6;10.9
78;2021-05-12;8729;3914;351179;161966;24.2;11.2
78;2021-05-13;6631;601;357810;162567;24.7;11.2
78;2021-05-14;10215;2216;368025;164783;25.4;11.4
78;2021-05-15;4934;2366;372959;167149;25.7;11.5
78;2021-05-16;3696;793;376655;167942;26.0;11.6
78;2021-05-17;8741;1346;385396;169288;26.6;11.7
78;2021-05-18;9883;1882;395279;171170;27.3;11.8
78;2021-05-19;11649;1709;406928;172879;28.1;11.9
78;2021-05-20;11592;2265;418520;175144;28.9;12.1
78;2021-05-21;12126;2630;430646;177774;29.7;12.3
78;2021-05-22;6546;1374;437192;179148;30.2;12.4
78;2021-05-23;3126;388;440318;179536;30.4;12.4
78;2021-05-24;3523;416;443841;179952;30.6;12.4
78;2021-05-25;9987;2502;453828;182454;31.3;12.6
78;2021-05-26;10163;3780;463991;186234;32.0;12.9
78;2021-05-27;10958;4643;474949;190877;32.8;13.2
78;2021-05-28;11414;6032;486363;196909;33.6;13.6
78;2021-05-29;4226;3385;490589;200294;33.9;13.8
78;2021-05-30;135;346;490724;200640;33.9;13.9
78;2021-05-31;7971;5361;498695;206001;34.4;14.2
78;2021-06-01;10031;6530;508726;212531;35.1;14.7
78;2021-06-02;8581;6214;517307;218745;35.7;15.1
78;2021-06-03;9899;6475;527206;225220;36.4;15.5
78;2021-06-04;9793;8147;536999;233367;37.1;16.1
78;2021-06-05;5515;6140;542514;239507;37.5;16.5
78;2021-06-06;2148;2013;544662;241520;37.6;16.7
78;2021-06-07;8125;6516;552787;248036;38.2;17.1
78;2021-06-08;8063;7320;560850;255356;38.7;17.6
78;2021-06-09;7319;6728;568169;262084;39.2;18.1
78;2021-06-10;7095;7098;575264;269182;39.7;18.6
78;2021-06-11;7580;8179;582844;277361;40.2;19.1
78;2021-06-12;6372;2918;589216;280279;40.7;19.3
78;2021-06-13;946;2458;590162;282737;40.7;19.5
78;2021-06-14;3408;9814;593570;292551;41.0;20.2
78;2021-06-15;5793;8289;599363;300840;41.4;20.8
78;2021-06-16;5416;8634;604779;309474;41.7;21.4
78;2021-06-17;5482;8540;610261;318014;42.1;22.0
78;2021-06-18;6102;9797;616363;327811;42.5;22.6
78;2021-06-19;5221;4818;621584;332629;42.9;23.0
78;2021-06-20;624;2838;622208;335467;43.0;23.2
78;2021-06-21;4080;9467;626288;344934;43.2;23.8
78;2021-06-22;3343;10313;629631;355247;43.5;24.5
78;2021-06-23;3837;10389;633468;365636;43.7;25.2
78;2021-06-24;3792;9977;637260;375613;44.0;25.9
78;2021-06-25;3999;13153;641259;388766;44.3;26.8
78;2021-06-26;4213;7953;645472;396719;44.6;27.4
78;2021-06-27;1038;2542;646510;399261;44.6;27.6
78;2021-06-28;3292;10901;649802;410162;44.9;28.3
78;2021-06-29;3537;11246;653339;421408;45.1;29.1
78;2021-06-30;4111;13226;657450;434634;45.4;30.0
78;2021-07-01;3959;12699;661409;447333;45.7;30.9
78;2021-07-02;4217;13932;665626;461265;45.9;31.8
78;2021-07-03;3152;8624;668778;469889;46.2;32.4
78;2021-07-04;759;1742;669537;471631;46.2;32.6
78;2021-07-05;3373;9691;672910;481322;46.5;33.2
78;2021-07-06;3518;12046;676428;493368;46.7;34.1
78;2021-07-07;3756;11607;680184;504975;47.0;34.9
78;2021-07-08;3861;11675;684045;516650;47.2;35.7
78;2021-07-09;4498;12733;688543;529383;47.5;36.5
78;2021-07-10;2618;6605;691161;535988;47.7;37.0
78;2021-07-11;747;2050;691908;538038;47.8;37.1
78;2021-07-12;2988;11742;694896;549780;48.0;38.0
78;2021-07-13;5318;11968;700214;561748;48.3;38.8
78;2021-07-14;2527;4972;702741;566720;48.5;39.1
78;2021-07-15;5649;11950;708390;578670;48.9;39.9
78;2021-07-16;7245;10777;715635;589447;49.4;40.7
78;2021-07-17;4711;4884;720346;594331;49.7;41.0
78;2021-07-18;1121;455;721467;594786;49.8;41.1
78;2021-07-19;3829;10344;725296;605130;50.1;41.8
78;2021-07-20;5554;9907;730850;615037;50.5;42.5
78;2021-07-21;5881;9846;736731;624883;50.9;43.1
78;2021-07-22;5936;9291;742667;634174;51.3;43.8
78;2021-07-23;6174;9204;748841;643378;51.7;44.4
78;2021-07-24;2923;4966;751764;648344;51.9;44.8
78;2021-07-25;981;372;752745;648716;52.0;44.8
78;2021-07-26;4839;6968;757584;655684;52.3;45.3
78;2021-07-27;7539;6879;765123;662563;52.8;45.7
78;2021-07-28;6916;5917;772039;668480;53.3;46.1
78;2021-07-29;7874;5973;779913;674453;53.8;46.6
78;2021-07-30;7623;7023;787536;681476;54.4;47.0
78;2021-07-31;2638;2729;790174;684205;54.5;47.2
78;2021-08-01;102;71;790276;684276;54.6;47.2
78;2021-08-02;2363;2108;792639;686384;54.7;47.4
78;2021-08-03;4202;4240;796841;690624;55.0;47.7
78;2021-08-04;4344;2787;801185;693411;55.3;47.9
78;2021-08-05;3844;3135;805029;696546;55.6;48.1
78;2021-08-06;3841;3706;808870;700252;55.8;48.3
78;2021-08-07;2791;3431;811661;703683;56.0;48.6
78;2021-08-08;475;340;812136;704023;56.1;48.6
78;2021-08-09;1859;1642;813995;705665;56.2;48.7
78;2021-08-10;3364;3961;817359;709626;56.4;49.0
78;2021-08-11;2955;3364;820314;712990;56.6;49.2
78;2021-08-12;2706;3512;823020;716502;56.8;49.5
79;2020-12-27;0;0;0;0;0.0;0.0
79;2020-12-28;3;0;3;0;0.0;0.0
79;2020-12-29;0;0;3;0;0.0;0.0
79;2020-12-30;0;0;3;0;0.0;0.0
79;2020-12-31;0;0;3;0;0.0;0.0
79;2021-01-01;0;0;3;0;0.0;0.0
79;2021-01-02;0;0;3;0;0.0;0.0
79;2021-01-03;0;0;3;0;0.0;0.0
79;2021-01-04;1;0;4;0;0.0;0.0
79;2021-01-05;0;0;4;0;0.0;0.0
79;2021-01-06;0;0;4;0;0.0;0.0
79;2021-01-07;158;0;162;0;0.0;0.0
79;2021-01-08;165;0;327;0;0.1;0.0
79;2021-01-09;98;0;425;0;0.1;0.0
79;2021-01-10;3;0;428;0;0.1;0.0
79;2021-01-11;184;1;612;1;0.2;0.0
79;2021-01-12;246;2;858;3;0.2;0.0
79;2021-01-13;258;0;1116;3;0.3;0.0
79;2021-01-14;505;7;1621;10;0.4;0.0
79;2021-01-15;616;4;2237;14;0.6;0.0
79;2021-01-16;66;0;2303;14;0.6;0.0
79;2021-01-17;0;0;2303;14;0.6;0.0
79;2021-01-18;477;1;2780;15;0.7;0.0
79;2021-01-19;1356;1;4136;16;1.1;0.0
79;2021-01-20;1651;1;5787;17;1.6;0.0
79;2021-01-21;1997;6;7784;23;2.1;0.0
79;2021-01-22;873;4;8657;27;2.3;0.0
79;2021-01-23;65;0;8722;27;2.3;0.0
79;2021-01-24;0;0;8722;27;2.3;0.0
79;2021-01-25;644;7;9366;34;2.5;0.0
79;2021-01-26;590;13;9956;47;2.7;0.0
79;2021-01-27;741;83;10697;130;2.9;0.0
79;2021-01-28;733;150;11430;280;3.1;0.1
79;2021-01-29;490;88;11920;368;3.2;0.1
79;2021-01-30;0;0;11920;368;3.2;0.1
79;2021-01-31;0;0;11920;368;3.2;0.1
79;2021-02-01;206;111;12126;479;3.3;0.1
79;2021-02-02;332;73;12458;552;3.3;0.1
79;2021-02-03;389;60;12847;612;3.4;0.2
79;2021-02-04;324;109;13171;721;3.5;0.2
79;2021-02-05;356;274;13527;995;3.6;0.3
79;2021-02-06;3;0;13530;995;3.6;0.3
79;2021-02-07;22;0;13552;995;3.6;0.3
79;2021-02-08;283;169;13835;1164;3.7;0.3
79;2021-02-09;457;786;14292;1950;3.8;0.5
79;2021-02-10;618;1198;14910;3148;4.0;0.8
79;2021-02-11;777;1237;15687;4385;4.2;1.2
79;2021-02-12;468;769;16155;5154;4.3;1.4
79;2021-02-13;53;74;16208;5228;4.3;1.4
79;2021-02-14;0;0;16208;5228;4.3;1.4
79;2021-02-15;185;507;16393;5735;4.4;1.5
79;2021-02-16;334;734;16727;6469;4.5;1.7
79;2021-02-17;248;879;16975;7348;4.6;2.0
79;2021-02-18;353;946;17328;8294;4.7;2.2
79;2021-02-19;267;564;17595;8858;4.7;2.4
79;2021-02-20;4;22;17599;8880;4.7;2.4
79;2021-02-21;1;0;17600;8880;4.7;2.4
79;2021-02-22;136;464;17736;9344;4.8;2.5
79;2021-02-23;248;569;17984;9913;4.8;2.7
79;2021-02-24;245;543;18229;10456;4.9;2.8
79;2021-02-25;517;470;18746;10926;5.0;2.9
79;2021-02-26;598;402;19344;11328;5.2;3.0
79;2021-02-27;407;5;19751;11333;5.3;3.0
79;2021-02-28;35;0;19786;11333;5.3;3.0
79;2021-03-01;89;361;19875;11694;5.3;3.1
79;2021-03-02;302;508;20177;12202;5.4;3.3
79;2021-03-03;661;542;20838;12744;5.6;3.4
79;2021-03-04;904;571;21742;13315;5.8;3.6
79;2021-03-05;1217;447;22959;13762;6.2;3.7
79;2021-03-06;610;5;23569;13767;6.3;3.7
79;2021-03-07;77;1;23646;13768;6.3;3.7
79;2021-03-08;344;310;23990;14078;6.4;3.8
79;2021-03-09;842;343;24832;14421;6.7;3.9
79;2021-03-10;1145;403;25977;14824;7.0;4.0
79;2021-03-11;1640;322;27617;15146;7.4;4.1
79;2021-03-12;1719;120;29336;15266;7.9;4.1
79;2021-03-13;1136;12;30472;15278;8.2;4.1
79;2021-03-14;50;0;30522;15278;8.2;4.1
79;2021-03-15;496;158;31018;15436;8.3;4.1
79;2021-03-16;735;145;31753;15581;8.5;4.2
79;2021-03-17;576;108;32329;15689;8.7;4.2
79;2021-03-18;553;203;32882;15892;8.8;4.3
79;2021-03-19;662;257;33544;16149;9.0;4.3
79;2021-03-20;1006;12;34550;16161;9.3;4.3
79;2021-03-21;3;0;34553;16161;9.3;4.3
79;2021-03-22;954;203;35507;16364;9.5;4.4
79;2021-03-23;1591;170;37098;16534;10.0;4.4
79;2021-03-24;1829;155;38927;16689;10.4;4.5
79;2021-03-25;2499;186;41426;16875;11.1;4.5
79;2021-03-26;2404;133;43830;17008;11.8;4.6
79;2021-03-27;769;16;44599;17024;12.0;4.6
79;2021-03-28;1;0;44600;17024;12.0;4.6
79;2021-03-29;2147;112;46747;17136;12.5;4.6
79;2021-03-30;2816;61;49563;17197;13.3;4.6
79;2021-03-31;2777;381;52340;17578;14.0;4.7
79;2021-04-01;2695;378;55035;17956;14.8;4.8
79;2021-04-02;2822;388;57857;18344;15.5;4.9
79;2021-04-03;633;53;58490;18397;15.7;4.9
79;2021-04-04;3;0;58493;18397;15.7;4.9
79;2021-04-05;380;4;58873;18401;15.8;4.9
79;2021-04-06;1793;584;60666;18985;16.3;5.1
79;2021-04-07;3116;734;63782;19719;17.1;5.3
79;2021-04-08;2630;694;66412;20413;17.8;5.5
79;2021-04-09;3738;542;70150;20955;18.8;5.6
79;2021-04-10;1465;379;71615;21334;19.2;5.7
79;2021-04-11;4;0;71619;21334;19.2;5.7
79;2021-04-12;1753;353;73372;21687;19.7;5.8
79;2021-04-13;2175;744;75547;22431;20.3;6.0
79;2021-04-14;2480;671;78027;23102;20.9;6.2
79;2021-04-15;2215;663;80242;23765;21.5;6.4
79;2021-04-16;1414;439;81656;24204;21.9;6.5
79;2021-04-17;581;348;82237;24552;22.1;6.6
79;2021-04-18;1;14;82238;24566;22.1;6.6
79;2021-04-19;1089;841;83327;25407;22.4;6.8
79;2021-04-20;1507;1230;84834;26637;22.8;7.1
79;2021-04-21;1417;1437;86251;28074;23.1;7.5
79;2021-04-22;1571;1081;87822;29155;23.6;7.8
79;2021-04-23;1317;1187;89139;30342;23.9;8.1
79;2021-04-24;651;462;89790;30804;24.1;8.3
79;2021-04-25;1;0;89791;30804;24.1;8.3
79;2021-04-26;1343;1812;91134;32616;24.5;8.8
79;2021-04-27;1898;2352;93032;34968;25.0;9.4
79;2021-04-28;1458;2867;94490;37835;25.4;10.2
79;2021-04-29;2105;2253;96595;40088;25.9;10.8
79;2021-04-30;2113;2459;98708;42547;26.5;11.4
79;2021-05-01;519;378;99227;42925;26.6;11.5
79;2021-05-02;1;11;99228;42936;26.6;11.5
79;2021-05-03;1182;1289;100410;44225;26.9;11.9
79;2021-05-04;1733;2326;102143;46551;27.4;12.5
79;2021-05-05;1695;2483;103838;49034;27.9;13.2
79;2021-05-06;2317;2211;106155;51245;28.5;13.8
79;2021-05-07;2086;2802;108241;54047;29.0;14.5
79;2021-05-08;199;507;108440;54554;29.1;14.6
79;2021-05-09;0;0;108440;54554;29.1;14.6
79;2021-05-10;1584;1786;110024;56340;29.5;15.1
79;2021-05-11;2311;1648;112335;57988;30.1;15.6
79;2021-05-12;1996;2676;114331;60664;30.7;16.3
79;2021-05-13;640;290;114971;60954;30.9;16.4
79;2021-05-14;2100;672;117071;61626;31.4;16.5
79;2021-05-15;1399;498;118470;62124;31.8;16.7
79;2021-05-16;1;22;118471;62146;31.8;16.7
79;2021-05-17;1876;1082;120347;63228;32.3;17.0
79;2021-05-18;2969;1269;123316;64497;33.1;17.3
79;2021-05-19;2896;965;126212;65462;33.9;17.6
79;2021-05-20;3105;1247;129317;66709;34.7;17.9
79;2021-05-21;2768;1064;132085;67773;35.4;18.2
79;2021-05-22;1084;261;133169;68034;35.7;18.3
79;2021-05-23;1;0;133170;68034;35.7;18.3
79;2021-05-24;161;20;133331;68054;35.8;18.3
79;2021-05-25;3199;988;136530;69042;36.6;18.5
79;2021-05-26;3314;852;139844;69894;37.5;18.8
79;2021-05-27;3588;1718;143432;71612;38.5;19.2
79;2021-05-28;3329;1820;146761;73432;39.4;19.7
79;2021-05-29;1073;451;147834;73883;39.7;19.8
79;2021-05-30;3;1;147837;73884;39.7;19.8
79;2021-05-31;2382;733;150219;74617;40.3;20.0
79;2021-06-01;3020;1575;153239;76192;41.1;20.4
79;2021-06-02;4064;1167;157303;77359;42.2;20.8
79;2021-06-03;4084;1755;161387;79114;43.3;21.2
79;2021-06-04;4145;2034;165532;81148;44.4;21.8
79;2021-06-05;2802;758;168334;81906;45.2;22.0
79;2021-06-06;696;39;169030;81945;45.4;22.0
79;2021-06-07;2810;1412;171840;83357;46.1;22.4
79;2021-06-08;2982;2068;174822;85425;46.9;22.9
79;2021-06-09;3630;1938;178452;87363;47.9;23.4
79;2021-06-10;3018;1973;181470;89336;48.7;24.0
79;2021-06-11;3767;2314;185237;91650;49.7;24.6
79;2021-06-12;1707;608;186944;92258;50.2;24.8
79;2021-06-13;214;24;187158;92282;50.2;24.8
79;2021-06-14;1246;1691;188404;93973;50.6;25.2
79;2021-06-15;1880;2361;190284;96334;51.1;25.9
79;2021-06-16;2205;2247;192489;98581;51.7;26.5
79;2021-06-17;2237;2614;194726;101195;52.3;27.2
79;2021-06-18;2412;2320;197138;103515;52.9;27.8
79;2021-06-19;1245;581;198383;104096;53.2;27.9
79;2021-06-20;3;2;198386;104098;53.2;27.9
79;2021-06-21;1232;2282;199618;106380;53.6;28.5
79;2021-06-22;1547;2873;201165;109253;54.0;29.3
79;2021-06-23;1770;2547;202935;111800;54.5;30.0
79;2021-06-24;2106;2005;205041;113805;55.0;30.5
79;2021-06-25;1488;2840;206529;116645;55.4;31.3
79;2021-06-26;869;809;207398;117454;55.7;31.5
79;2021-06-27;13;6;207411;117460;55.7;31.5
79;2021-06-28;1055;2621;208466;120081;55.9;32.2
79;2021-06-29;1473;3548;209939;123629;56.3;33.2
79;2021-06-30;1354;3447;211293;127076;56.7;34.1
79;2021-07-01;1203;3785;212496;130861;57.0;35.1
79;2021-07-02;1490;3349;213986;134210;57.4;36.0
79;2021-07-03;399;1503;214385;135713;57.5;36.4
79;2021-07-04;2;9;214387;135722;57.5;36.4
79;2021-07-05;751;2119;215138;137841;57.7;37.0
79;2021-07-06;946;3666;216084;141507;58.0;38.0
79;2021-07-07;1331;4306;217415;145813;58.3;39.1
79;2021-07-08;1098;4043;218513;149856;58.6;40.2
79;2021-07-09;838;3722;219351;153578;58.9;41.2
79;2021-07-10;513;1317;219864;154895;59.0;41.6
79;2021-07-11;1;12;219865;154907;59.0;41.6
79;2021-07-12;540;3695;220405;158602;59.1;42.6
79;2021-07-13;998;5195;221403;163797;59.4;44.0
79;2021-07-14;132;874;221535;164671;59.5;44.2
79;2021-07-15;1227;4681;222762;169352;59.8;45.4
79;2021-07-16;1328;4361;224090;173713;60.1;46.6
79;2021-07-17;573;2420;224663;176133;60.3;47.3
79;2021-07-18;43;498;224706;176631;60.3;47.4
79;2021-07-19;733;3320;225439;179951;60.5;48.3
79;2021-07-20;1223;3950;226662;183901;60.8;49.4
79;2021-07-21;1175;4197;227837;188098;61.1;50.5
79;2021-07-22;1351;3990;229188;192088;61.5;51.5
79;2021-07-23;1349;4562;230537;196650;61.9;52.8
79;2021-07-24;863;1498;231400;198148;62.1;53.2
79;2021-07-25;55;326;231455;198474;62.1;53.3
79;2021-07-26;1366;2597;232821;201071;62.5;54.0
79;2021-07-27;2078;2995;234899;204066;63.0;54.8
79;2021-07-28;2484;2495;237383;206561;63.7;55.4
79;2021-07-29;2997;2853;240380;209414;64.5;56.2
79;2021-07-30;2131;2827;242511;212241;65.1;57.0
79;2021-07-31;882;1157;243393;213398;65.3;57.3
79;2021-08-01;3;3;243396;213401;65.3;57.3
79;2021-08-02;1784;1543;245180;214944;65.8;57.7
79;2021-08-03;2811;2049;247991;216993;66.6;58.2
79;2021-08-04;2978;1743;250969;218736;67.4;58.7
79;2021-08-05;2891;2213;253860;220949;68.1;59.3
79;2021-08-06;2517;1641;256377;222590;68.8;59.7
79;2021-08-07;866;813;257243;223403;69.0;60.0
79;2021-08-08;0;3;257243;223406;69.0;60.0
79;2021-08-09;2485;1079;259728;224485;69.7;60.2
79;2021-08-10;2971;1531;262699;226016;70.5;60.7
79;2021-08-11;2572;1660;265271;227676;71.2;61.1
79;2021-08-12;2740;1416;268011;229092;71.9;61.5
80;2020-12-27;0;0;0;0;0.0;0.0
80;2020-12-28;0;0;0;0;0.0;0.0
80;2020-12-29;11;0;11;0;0.0;0.0
80;2020-12-30;0;0;11;0;0.0;0.0
80;2020-12-31;0;0;11;0;0.0;0.0
80;2021-01-01;0;0;11;0;0.0;0.0
80;2021-01-02;0;0;11;0;0.0;0.0
80;2021-01-03;1;0;12;0;0.0;0.0
80;2021-01-04;0;0;12;0;0.0;0.0
80;2021-01-05;0;0;12;0;0.0;0.0
80;2021-01-06;30;0;42;0;0.0;0.0
80;2021-01-07;276;2;318;2;0.1;0.0
80;2021-01-08;330;0;648;2;0.1;0.0
80;2021-01-09;108;0;756;2;0.1;0.0
80;2021-01-10;21;0;777;2;0.1;0.0
80;2021-01-11;276;0;1053;2;0.2;0.0
80;2021-01-12;428;1;1481;3;0.3;0.0
80;2021-01-13;514;3;1995;6;0.4;0.0
80;2021-01-14;453;4;2448;10;0.4;0.0
80;2021-01-15;330;1;2778;11;0.5;0.0
80;2021-01-16;103;1;2881;12;0.5;0.0
80;2021-01-17;102;1;2983;13;0.5;0.0
80;2021-01-18;412;2;3395;15;0.6;0.0
80;2021-01-19;962;16;4357;31;0.8;0.0
80;2021-01-20;1086;4;5443;35;1.0;0.0
80;2021-01-21;1011;9;6454;44;1.1;0.0
80;2021-01-22;1113;4;7567;48;1.3;0.0
80;2021-01-23;908;1;8475;49;1.5;0.0
80;2021-01-24;824;5;9299;54;1.6;0.0
80;2021-01-25;1540;7;10839;61;1.9;0.0
80;2021-01-26;1480;10;12319;71;2.2;0.0
80;2021-01-27;822;27;13141;98;2.3;0.0
80;2021-01-28;623;172;13764;270;2.4;0.0
80;2021-01-29;637;218;14401;488;2.5;0.1
80;2021-01-30;85;60;14486;548;2.5;0.1
80;2021-01-31;0;0;14486;548;2.5;0.1
80;2021-02-01;26;257;14512;805;2.5;0.1
80;2021-02-02;21;446;14533;1251;2.6;0.2
80;2021-02-03;29;542;14562;1793;2.6;0.3
80;2021-02-04;278;349;14840;2142;2.6;0.4
80;2021-02-05;347;211;15187;2353;2.7;0.4
80;2021-02-06;167;70;15354;2423;2.7;0.4
80;2021-02-07;1;0;15355;2423;2.7;0.4
80;2021-02-08;426;242;15781;2665;2.8;0.5
80;2021-02-09;686;244;16467;2909;2.9;0.5
80;2021-02-10;606;497;17073;3406;3.0;0.6
80;2021-02-11;861;353;17934;3759;3.1;0.7
80;2021-02-12;943;315;18877;4074;3.3;0.7
80;2021-02-13;195;427;19072;4501;3.3;0.8
80;2021-02-14;78;572;19150;5073;3.4;0.9
80;2021-02-15;605;1018;19755;6091;3.5;1.1
80;2021-02-16;688;1136;20443;7227;3.6;1.3
80;2021-02-17;485;1170;20928;8397;3.7;1.5
80;2021-02-18;569;1139;21497;9536;3.8;1.7
80;2021-02-19;503;853;22000;10389;3.9;1.8
80;2021-02-20;22;514;22022;10903;3.9;1.9
80;2021-02-21;47;49;22069;10952;3.9;1.9
80;2021-02-22;149;576;22218;11528;3.9;2.0
80;2021-02-23;471;691;22689;12219;4.0;2.1
80;2021-02-24;431;680;23120;12899;4.1;2.3
80;2021-02-25;815;541;23935;13440;4.2;2.4
80;2021-02-26;1062;520;24997;13960;4.4;2.5
80;2021-02-27;476;72;25473;14032;4.5;2.5
80;2021-02-28;49;24;25522;14056;4.5;2.5
80;2021-03-01;728;65;26250;14121;4.6;2.5
80;2021-03-02;1014;89;27264;14210;4.8;2.5
80;2021-03-03;980;55;28244;14265;5.0;2.5
80;2021-03-04;1391;235;29635;14500;5.2;2.5
80;2021-03-05;1873;328;31508;14828;5.5;2.6
80;2021-03-06;2918;323;34426;15151;6.0;2.7
80;2021-03-07;1841;78;36267;15229;6.4;2.7
80;2021-03-08;714;607;36981;15836;6.5;2.8
80;2021-03-09;1310;910;38291;16746;6.7;2.9
80;2021-03-10;1724;751;40015;17497;7.0;3.1
80;2021-03-11;1909;822;41924;18319;7.4;3.2
80;2021-03-12;3137;738;45061;19057;7.9;3.3
80;2021-03-13;4006;201;49067;19258;8.6;3.4
80;2021-03-14;350;13;49417;19271;8.7;3.4
80;2021-03-15;1014;247;50431;19518;8.9;3.4
80;2021-03-16;882;337;51313;19855;9.0;3.5
80;2021-03-17;664;275;51977;20130;9.1;3.5
80;2021-03-18;1002;296;52979;20426;9.3;3.6
80;2021-03-19;1738;382;54717;20808;9.6;3.7
80;2021-03-20;3822;108;58539;20916;10.3;3.7
80;2021-03-21;486;30;59025;20946;10.4;3.7
80;2021-03-22;902;288;59927;21234;10.5;3.7
80;2021-03-23;1713;415;61640;21649;10.8;3.8
80;2021-03-24;1755;464;63395;22113;11.1;3.9
80;2021-03-25;2714;446;66109;22559;11.6;4.0
80;2021-03-26;3102;421;69211;22980;12.1;4.0
80;2021-03-27;2234;224;71445;23204;12.5;4.1
80;2021-03-28;675;91;72120;23295;12.7;4.1
80;2021-03-29;1981;750;74101;24045;13.0;4.2
80;2021-03-30;1969;869;76070;24914;13.4;4.4
80;2021-03-31;1495;983;77565;25897;13.6;4.5
80;2021-04-01;1952;1484;79517;27381;14.0;4.8
80;2021-04-02;2810;1572;82327;28953;14.4;5.1
80;2021-04-03;3043;859;85370;29812;15.0;5.2
80;2021-04-04;134;8;85504;29820;15.0;5.2
80;2021-04-05;684;199;86188;30019;15.1;5.3
80;2021-04-06;1279;965;87467;30984;15.4;5.4
80;2021-04-07;1623;1199;89090;32183;15.6;5.6
80;2021-04-08;2154;839;91244;33022;16.0;5.8
80;2021-04-09;3529;1348;94773;34370;16.6;6.0
80;2021-04-10;2737;1939;97510;36309;17.1;6.4
80;2021-04-11;189;175;97699;36484;17.1;6.4
80;2021-04-12;1812;486;99511;36970;17.5;6.5
80;2021-04-13;2382;1035;101893;38005;17.9;6.7
80;2021-04-14;2769;1143;104662;39148;18.4;6.9
80;2021-04-15;3731;864;108393;40012;19.0;7.0
80;2021-04-16;3335;870;111728;40882;19.6;7.2
80;2021-04-17;1653;2301;113381;43183;19.9;7.6
80;2021-04-18;372;388;113753;43571;20.0;7.6
80;2021-04-19;951;775;114704;44346;20.1;7.8
80;2021-04-20;1612;814;116316;45160;20.4;7.9
80;2021-04-21;1612;998;117928;46158;20.7;8.1
80;2021-04-22;2165;1250;120093;47408;21.1;8.3
80;2021-04-23;2639;1247;122732;48655;21.5;8.5
80;2021-04-24;1358;1191;124090;49846;21.8;8.7
80;2021-04-25;209;530;124299;50376;21.8;8.8
80;2021-04-26;1294;1445;125593;51821;22.0;9.1
80;2021-04-27;2024;1395;127617;53216;22.4;9.3
80;2021-04-28;2199;1395;129816;54611;22.8;9.6
80;2021-04-29;3217;1882;133033;56493;23.3;9.9
80;2021-04-30;3079;2852;136112;59345;23.9;10.4
80;2021-05-01;988;660;137100;60005;24.1;10.5
80;2021-05-02;370;53;137470;60058;24.1;10.5
80;2021-05-03;2722;1185;140192;61243;24.6;10.7
80;2021-05-04;2497;1707;142689;62950;25.0;11.0
80;2021-05-05;3365;1896;146054;64846;25.6;11.4
80;2021-05-06;3171;2551;149225;67397;26.2;11.8
80;2021-05-07;3454;2695;152679;70092;26.8;12.3
80;2021-05-08;2784;922;155463;71014;27.3;12.5
80;2021-05-09;1407;266;156870;71280;27.5;12.5
80;2021-05-10;1883;1831;158753;73111;27.9;12.8
80;2021-05-11;3273;1795;162026;74906;28.4;13.1
80;2021-05-12;4701;1570;166727;76476;29.3;13.4
80;2021-05-13;3836;365;170563;76841;29.9;13.5
80;2021-05-14;5190;1397;175753;78238;30.8;13.7
80;2021-05-15;5919;1051;181672;79289;31.9;13.9
80;2021-05-16;2678;309;184350;79598;32.4;14.0
80;2021-05-17;2371;817;186721;80415;32.8;14.1
80;2021-05-18;3948;853;190669;81268;33.5;14.3
80;2021-05-19;4021;946;194690;82214;34.2;14.4
80;2021-05-20;4568;1218;199258;83432;35.0;14.6
80;2021-05-21;4892;1667;204150;85099;35.8;14.9
80;2021-05-22;5032;1153;209182;86252;36.7;15.1
80;2021-05-23;1783;241;210965;86493;37.0;15.2
80;2021-05-24;1468;160;212433;86653;37.3;15.2
80;2021-05-25;2622;1134;215055;87787;37.7;15.4
80;2021-05-26;4250;1699;219305;89486;38.5;15.7
80;2021-05-27;3977;2469;223282;91955;39.2;16.1
80;2021-05-28;3865;2980;227147;94935;39.9;16.7
80;2021-05-29;3699;1630;230846;96565;40.5;16.9
80;2021-05-30;1182;199;232028;96764;40.7;17.0
80;2021-05-31;2602;1373;234630;98137;41.2;17.2
80;2021-06-01;4030;2435;238660;100572;41.9;17.7
80;2021-06-02;3335;2008;241995;102580;42.5;18.0
80;2021-06-03;4266;2932;246261;105512;43.2;18.5
80;2021-06-04;4793;3082;251054;108594;44.1;19.1
80;2021-06-05;3560;2078;254614;110672;44.7;19.4
80;2021-06-06;801;209;255415;110881;44.8;19.5
80;2021-06-07;1750;1944;257165;112825;45.1;19.8
80;2021-06-08;2745;2553;259910;115378;45.6;20.2
80;2021-06-09;3006;2728;262916;118106;46.1;20.7
80;2021-06-10;3167;3169;266083;121275;46.7;21.3
80;2021-06-11;3223;3893;269306;125168;47.3;22.0
80;2021-06-12;3042;2327;272348;127495;47.8;22.4
80;2021-06-13;473;405;272821;127900;47.9;22.4
80;2021-06-14;1265;2851;274086;130751;48.1;22.9
80;2021-06-15;2313;3421;276399;134172;48.5;23.5
80;2021-06-16;1564;4216;277963;138388;48.8;24.3
80;2021-06-17;2362;3626;280325;142014;49.2;24.9
80;2021-06-18;2553;3899;282878;145913;49.6;25.6
80;2021-06-19;2988;4343;285866;150256;50.2;26.4
80;2021-06-20;203;1077;286069;151333;50.2;26.6
80;2021-06-21;1016;2617;287085;153950;50.4;27.0
80;2021-06-22;1148;3933;288233;157883;50.6;27.7
80;2021-06-23;1855;5290;290088;163173;50.9;28.6
80;2021-06-24;1700;4683;291788;167856;51.2;29.5
80;2021-06-25;1376;6124;293164;173980;51.5;30.5
80;2021-06-26;1936;6181;295100;180161;51.8;31.6
80;2021-06-27;332;2029;295432;182190;51.9;32.0
80;2021-06-28;908;3168;296340;185358;52.0;32.5
80;2021-06-29;1921;4618;298261;189976;52.3;33.3
80;2021-06-30;1240;4778;299501;194754;52.6;34.2
80;2021-07-01;1577;4992;301078;199746;52.8;35.1
80;2021-07-02;1866;5979;302944;205725;53.2;36.1
80;2021-07-03;1311;5268;304255;210993;53.4;37.0
80;2021-07-04;691;1472;304946;212465;53.5;37.3
80;2021-07-05;883;2961;305829;215426;53.7;37.8
80;2021-07-06;1856;3983;307685;219409;54.0;38.5
80;2021-07-07;1569;4507;309254;223916;54.3;39.3
80;2021-07-08;2085;5000;311339;228916;54.6;40.2
80;2021-07-09;2603;5468;313942;234384;55.1;41.1
80;2021-07-10;1623;4019;315565;238403;55.4;41.8
80;2021-07-11;404;801;315969;239204;55.5;42.0
80;2021-07-12;876;3383;316845;242587;55.6;42.6
80;2021-07-13;2089;5089;318934;247676;56.0;43.5
80;2021-07-14;2792;1745;321726;249421;56.5;43.8
80;2021-07-15;2795;5296;324521;254717;57.0;44.7
80;2021-07-16;3876;5890;328397;260607;57.6;45.7
80;2021-07-17;3368;4460;331765;265067;58.2;46.5
80;2021-07-18;874;894;332639;265961;58.4;46.7
80;2021-07-19;2155;2884;334794;268845;58.8;47.2
80;2021-07-20;3310;4904;338104;273749;59.3;48.0
80;2021-07-21;3483;4494;341587;278243;60.0;48.8
80;2021-07-22;4333;4567;345920;282810;60.7;49.6
80;2021-07-23;5331;4817;351251;287627;61.6;50.5
80;2021-07-24;4233;4326;355484;291953;62.4;51.2
80;2021-07-25;1182;647;356666;292600;62.6;51.4
80;2021-07-26;2672;2332;359338;294932;63.1;51.8
80;2021-07-27;4355;3703;363693;298635;63.8;52.4
80;2021-07-28;5080;2796;368773;301431;64.7;52.9
80;2021-07-29;4968;3219;373741;304650;65.6;53.5
80;2021-07-30;5012;3631;378753;308281;66.5;54.1
80;2021-07-31;4144;2911;382897;311192;67.2;54.6
80;2021-08-01;1283;359;384180;311551;67.4;54.7
80;2021-08-02;2048;1754;386228;313305;67.8;55.0
80;2021-08-03;3702;2360;389930;315665;68.4;55.4
80;2021-08-04;3345;2493;393275;318158;69.0;55.8
80;2021-08-05;3125;2554;396400;320712;69.6;56.3
80;2021-08-06;3221;2894;399621;323606;70.1;56.8
80;2021-08-07;2412;2646;402033;326252;70.6;57.3
80;2021-08-08;614;718;402647;326970;70.7;57.4
80;2021-08-09;1381;2113;404028;329083;70.9;57.8
80;2021-08-10;2331;2837;406359;331920;71.3;58.3
80;2021-08-11;1928;2475;408287;334395;71.7;58.7
80;2021-08-12;2219;2655;410506;337050;72.0;59.2
81;2020-12-27;0;0;0;0;0.0;0.0
81;2020-12-28;0;0;0;0;0.0;0.0
81;2020-12-29;0;0;0;0;0.0;0.0
81;2020-12-30;0;0;0;0;0.0;0.0
81;2020-12-31;0;0;0;0;0.0;0.0
81;2021-01-01;0;0;0;0;0.0;0.0
81;2021-01-02;0;0;0;0;0.0;0.0
81;2021-01-03;0;0;0;0;0.0;0.0
81;2021-01-04;1;0;1;0;0.0;0.0
81;2021-01-05;0;0;1;0;0.0;0.0
81;2021-01-06;5;0;6;0;0.0;0.0
81;2021-01-07;266;0;272;0;0.1;0.0
81;2021-01-08;312;1;584;1;0.2;0.0
81;2021-01-09;74;1;658;2;0.2;0.0
81;2021-01-10;1;0;659;2;0.2;0.0
81;2021-01-11;133;0;792;2;0.2;0.0
81;2021-01-12;167;0;959;2;0.2;0.0
81;2021-01-13;233;1;1192;3;0.3;0.0
81;2021-01-14;961;8;2153;11;0.6;0.0
81;2021-01-15;524;1;2677;12;0.7;0.0
81;2021-01-16;72;0;2749;12;0.7;0.0
81;2021-01-17;0;0;2749;12;0.7;0.0
81;2021-01-18;580;3;3329;15;0.9;0.0
81;2021-01-19;662;4;3991;19;1.0;0.0
81;2021-01-20;752;2;4743;21;1.2;0.0
81;2021-01-21;1177;5;5920;26;1.5;0.0
81;2021-01-22;852;2;6772;28;1.7;0.0
81;2021-01-23;221;2;6993;30;1.8;0.0
81;2021-01-24;102;0;7095;30;1.8;0.0
81;2021-01-25;567;3;7662;33;2.0;0.0
81;2021-01-26;634;5;8296;38;2.1;0.0
81;2021-01-27;551;4;8847;42;2.3;0.0
81;2021-01-28;687;215;9534;257;2.5;0.1
81;2021-01-29;302;183;9836;440;2.5;0.1
81;2021-01-30;202;37;10038;477;2.6;0.1
81;2021-01-31;104;1;10142;478;2.6;0.1
81;2021-02-01;320;130;10462;608;2.7;0.2
81;2021-02-02;446;142;10908;750;2.8;0.2
81;2021-02-03;476;223;11384;973;2.9;0.3
81;2021-02-04;1398;693;12782;1666;3.3;0.4
81;2021-02-05;868;316;13650;1982;3.5;0.5
81;2021-02-06;274;21;13924;2003;3.6;0.5
81;2021-02-07;103;0;14027;2003;3.6;0.5
81;2021-02-08;275;219;14302;2222;3.7;0.6
81;2021-02-09;418;220;14720;2442;3.8;0.6
81;2021-02-10;371;285;15091;2727;3.9;0.7
81;2021-02-11;651;389;15742;3116;4.1;0.8
81;2021-02-12;579;546;16321;3662;4.2;0.9
81;2021-02-13;187;158;16508;3820;4.3;1.0
81;2021-02-14;100;1;16608;3821;4.3;1.0
81;2021-02-15;234;485;16842;4306;4.3;1.1
81;2021-02-16;281;616;17123;4922;4.4;1.3
81;2021-02-17;242;521;17365;5443;4.5;1.4
81;2021-02-18;483;674;17848;6117;4.6;1.6
81;2021-02-19;566;410;18414;6527;4.7;1.7
81;2021-02-20;322;282;18736;6809;4.8;1.8
81;2021-02-21;23;80;18759;6889;4.8;1.8
81;2021-02-22;232;536;18991;7425;4.9;1.9
81;2021-02-23;168;594;19159;8019;4.9;2.1
81;2021-02-24;291;631;19450;8650;5.0;2.2
81;2021-02-25;712;1056;20162;9706;5.2;2.5
81;2021-02-26;909;961;21071;10667;5.4;2.7
81;2021-02-27;275;242;21346;10909;5.5;2.8
81;2021-02-28;21;88;21367;10997;5.5;2.8
81;2021-03-01;208;410;21575;11407;5.6;2.9
81;2021-03-02;364;544;21939;11951;5.7;3.1
81;2021-03-03;463;422;22402;12373;5.8;3.2
81;2021-03-04;1061;459;23463;12832;6.0;3.3
81;2021-03-05;1407;391;24870;13223;6.4;3.4
81;2021-03-06;981;166;25851;13389;6.7;3.5
81;2021-03-07;154;102;26005;13491;6.7;3.5
81;2021-03-08;465;360;26470;13851;6.8;3.6
81;2021-03-09;812;390;27282;14241;7.0;3.7
81;2021-03-10;899;392;28181;14633;7.3;3.8
81;2021-03-11;1349;357;29530;14990;7.6;3.9
81;2021-03-12;1690;302;31220;15292;8.0;3.9
81;2021-03-13;1030;187;32250;15479;8.3;4.0
81;2021-03-14;66;82;32316;15561;8.3;4.0
81;2021-03-15;1094;224;33410;15785;8.6;4.1
81;2021-03-16;724;228;34134;16013;8.8;4.1
81;2021-03-17;891;276;35025;16289;9.0;4.2
81;2021-03-18;969;580;35994;16869;9.3;4.3
81;2021-03-19;1271;454;37265;17323;9.6;4.5
81;2021-03-20;676;280;37941;17603;9.8;4.5
81;2021-03-21;139;22;38080;17625;9.8;4.5
81;2021-03-22;933;284;39013;17909;10.1;4.6
81;2021-03-23;1419;223;40432;18132;10.4;4.7
81;2021-03-24;1604;275;42036;18407;10.8;4.7
81;2021-03-25;2028;324;44064;18731;11.4;4.8
81;2021-03-26;2102;280;46166;19011;11.9;4.9
81;2021-03-27;1092;34;47258;19045;12.2;4.9
81;2021-03-28;734;40;47992;19085;12.4;4.9
81;2021-03-29;2867;182;50859;19267;13.1;5.0
81;2021-03-30;3055;207;53914;19474;13.9;5.0
81;2021-03-31;2690;294;56604;19768;14.6;5.1
81;2021-04-01;3312;561;59916;20329;15.4;5.2
81;2021-04-02;2613;365;62529;20694;16.1;5.3
81;2021-04-03;1147;300;63676;20994;16.4;5.4
81;2021-04-04;1401;20;65077;21014;16.8;5.4
81;2021-04-05;718;18;65795;21032;17.0;5.4
81;2021-04-06;1595;508;67390;21540;17.4;5.6
81;2021-04-07;1814;584;69204;22124;17.8;5.7
81;2021-04-08;2615;827;71819;22951;18.5;5.9
81;2021-04-09;3049;471;74868;23422;19.3;6.0
81;2021-04-10;1476;508;76344;23930;19.7;6.2
81;2021-04-11;1297;64;77641;23994;20.0;6.2
81;2021-04-12;1220;685;78861;24679;20.3;6.4
81;2021-04-13;2529;787;81390;25466;21.0;6.6
81;2021-04-14;2507;831;83897;26297;21.6;6.8
81;2021-04-15;3098;1195;86995;27492;22.4;7.1
81;2021-04-16;2820;1081;89815;28573;23.2;7.4
81;2021-04-17;1145;295;90960;28868;23.4;7.4
81;2021-04-18;518;145;91478;29013;23.6;7.5
81;2021-04-19;913;822;92391;29835;23.8;7.7
81;2021-04-20;2270;1168;94661;31003;24.4;8.0
81;2021-04-21;2224;1004;96885;32007;25.0;8.3
81;2021-04-22;2817;1058;99702;33065;25.7;8.5
81;2021-04-23;2882;967;102584;34032;26.4;8.8
81;2021-04-24;1327;742;103911;34774;26.8;9.0
81;2021-04-25;454;716;104365;35490;26.9;9.1
81;2021-04-26;1059;2423;105424;37913;27.2;9.8
81;2021-04-27;1597;2350;107021;40263;27.6;10.4
81;2021-04-28;1425;2395;108446;42658;28.0;11.0
81;2021-04-29;1816;2748;110262;45406;28.4;11.7
81;2021-04-30;2013;2353;112275;47759;28.9;12.3
81;2021-05-01;361;685;112636;48444;29.0;12.5
81;2021-05-02;291;1380;112927;49824;29.1;12.8
81;2021-05-03;1115;1170;114042;50994;29.4;13.1
81;2021-05-04;2620;1908;116662;52902;30.1;13.6
81;2021-05-05;2015;1930;118677;54832;30.6;14.1
81;2021-05-06;2748;3412;121425;58244;31.3;15.0
81;2021-05-07;2113;2860;123538;61104;31.8;15.8
81;2021-05-08;963;877;124501;61981;32.1;16.0
81;2021-05-09;534;1353;125035;63334;32.2;16.3
81;2021-05-10;824;1600;125859;64934;32.4;16.7
81;2021-05-11;1661;2575;127520;67509;32.9;17.4
81;2021-05-12;1637;2461;129157;69970;33.3;18.0
81;2021-05-13;1216;564;130373;70534;33.6;18.2
81;2021-05-14;1890;1723;132263;72257;34.1;18.6
81;2021-05-15;1511;620;133774;72877;34.5;18.8
81;2021-05-16;1368;414;135142;73291;34.8;18.9
81;2021-05-17;1166;864;136308;74155;35.1;19.1
81;2021-05-18;1700;1431;138008;75586;35.6;19.5
81;2021-05-19;2642;1244;140650;76830;36.3;19.8
81;2021-05-20;2967;1350;143617;78180;37.0;20.2
81;2021-05-21;2738;1118;146355;79298;37.7;20.4
81;2021-05-22;2816;519;149171;79817;38.5;20.6
81;2021-05-23;1178;74;150349;79891;38.8;20.6
81;2021-05-24;837;80;151186;79971;39.0;20.6
81;2021-05-25;2493;1106;153679;81077;39.6;20.9
81;2021-05-26;1891;797;155570;81874;40.1;21.1
81;2021-05-27;2556;1537;158126;83411;40.8;21.5
81;2021-05-28;2562;1663;160688;85074;41.4;21.9
81;2021-05-29;1401;541;162089;85615;41.8;22.1
81;2021-05-30;935;220;163024;85835;42.0;22.1
81;2021-05-31;1183;1339;164207;87174;42.3;22.5
81;2021-06-01;1780;2696;165987;89870;42.8;23.2
81;2021-06-02;2003;2446;167990;92316;43.3;23.8
81;2021-06-03;2002;2534;169992;94850;43.8;24.5
81;2021-06-04;1845;2948;171837;97798;44.3;25.2
81;2021-06-05;1754;1306;173591;99104;44.8;25.5
81;2021-06-06;370;366;173961;99470;44.8;25.6
81;2021-06-07;1209;1540;175170;101010;45.2;26.0
81;2021-06-08;2370;2388;177540;103398;45.8;26.7
81;2021-06-09;2439;1869;179979;105267;46.4;27.1
81;2021-06-10;1280;1565;181259;106832;46.7;27.5
81;2021-06-11;2654;2201;183913;109033;47.4;28.1
81;2021-06-12;1659;1038;185572;110071;47.8;28.4
81;2021-06-13;444;475;186016;110546;48.0;28.5
81;2021-06-14;773;1422;186789;111968;48.2;28.9
81;2021-06-15;1678;3502;188467;115470;48.6;29.8
81;2021-06-16;1266;3014;189733;118484;48.9;30.5
81;2021-06-17;1343;2524;191076;121008;49.3;31.2
81;2021-06-18;1836;2771;192912;123779;49.7;31.9
81;2021-06-19;825;949;193737;124728;49.9;32.2
81;2021-06-20;405;537;194142;125265;50.0;32.3
81;2021-06-21;425;1038;194567;126303;50.2;32.6
81;2021-06-22;1060;2566;195627;128869;50.4;33.2
81;2021-06-23;1142;2158;196769;131027;50.7;33.8
81;2021-06-24;1114;1937;197883;132964;51.0;34.3
81;2021-06-25;1238;2866;199121;135830;51.3;35.0
81;2021-06-26;722;1712;199843;137542;51.5;35.5
81;2021-06-27;526;1646;200369;139188;51.7;35.9
81;2021-06-28;476;1542;200845;140730;51.8;36.3
81;2021-06-29;1083;2638;201928;143368;52.1;37.0
81;2021-06-30;1041;3153;202969;146521;52.3;37.8
81;2021-07-01;876;2627;203845;149148;52.6;38.5
81;2021-07-02;987;2858;204832;152006;52.8;39.2
81;2021-07-03;732;2830;205564;154836;53.0;39.9
81;2021-07-04;268;1010;205832;155846;53.1;40.2
81;2021-07-05;702;1622;206534;157468;53.2;40.6
81;2021-07-06;973;3174;207507;160642;53.5;41.4
81;2021-07-07;1060;2438;208567;163080;53.8;42.0
81;2021-07-08;1029;2234;209596;165314;54.0;42.6
81;2021-07-09;1145;2701;210741;168015;54.3;43.3
81;2021-07-10;807;1523;211548;169538;54.5;43.7
81;2021-07-11;436;1011;211984;170549;54.6;44.0
81;2021-07-12;734;1726;212718;172275;54.8;44.4
81;2021-07-13;2062;3144;214780;175419;55.4;45.2
81;2021-07-14;1442;1566;216222;176985;55.7;45.6
81;2021-07-15;2543;2758;218765;179743;56.4;46.3
81;2021-07-16;2020;3027;220785;182770;56.9;47.1
81;2021-07-17;1215;2453;222000;185223;57.2;47.8
81;2021-07-18;672;1129;222672;186352;57.4;48.0
81;2021-07-19;1175;1732;223847;188084;57.7;48.5
81;2021-07-20;3054;2802;226901;190886;58.5;49.2
81;2021-07-21;3480;2339;230381;193225;59.4;49.8
81;2021-07-22;3548;2095;233929;195320;60.3;50.4
81;2021-07-23;3159;3230;237088;198550;61.1;51.2
81;2021-07-24;2513;1713;239601;200263;61.8;51.6
81;2021-07-25;1684;707;241285;200970;62.2;51.8
81;2021-07-26;1999;1539;243284;202509;62.7;52.2
81;2021-07-27;3572;2537;246856;205046;63.6;52.9
81;2021-07-28;3022;2193;249878;207239;64.4;53.4
81;2021-07-29;3319;1768;253197;209007;65.3;53.9
81;2021-07-30;2811;2250;256008;211257;66.0;54.5
81;2021-07-31;1943;1004;257951;212261;66.5;54.7
81;2021-08-01;831;635;258782;212896;66.7;54.9
81;2021-08-02;1066;986;259848;213882;67.0;55.1
81;2021-08-03;2307;2107;262155;215989;67.6;55.7
81;2021-08-04;2021;1526;264176;217515;68.1;56.1
81;2021-08-05;1518;1869;265694;219384;68.5;56.6
81;2021-08-06;1718;1970;267412;221354;68.9;57.1
81;2021-08-07;973;1034;268385;222388;69.2;57.3
81;2021-08-08;436;709;268821;223097;69.3;57.5
81;2021-08-09;787;655;269608;223752;69.5;57.7
81;2021-08-10;1601;2753;271209;226505;69.9;58.4
81;2021-08-11;1104;2404;272313;228909;70.2;59.0
81;2021-08-12;1034;2240;273347;231149;70.5;59.6
82;2020-12-27;0;0;0;0;0.0;0.0
82;2020-12-28;2;0;2;0;0.0;0.0
82;2020-12-29;0;0;2;0;0.0;0.0
82;2020-12-30;0;0;2;0;0.0;0.0
82;2020-12-31;0;0;2;0;0.0;0.0
82;2021-01-01;0;0;2;0;0.0;0.0
82;2021-01-02;0;0;2;0;0.0;0.0
82;2021-01-03;0;0;2;0;0.0;0.0
82;2021-01-04;0;0;2;0;0.0;0.0
82;2021-01-05;86;0;88;0;0.0;0.0
82;2021-01-06;1;0;89;0;0.0;0.0
82;2021-01-07;75;0;164;0;0.1;0.0
82;2021-01-08;46;0;210;0;0.1;0.0
82;2021-01-09;77;0;287;0;0.1;0.0
82;2021-01-10;0;0;287;0;0.1;0.0
82;2021-01-11;94;0;381;0;0.1;0.0
82;2021-01-12;284;0;665;0;0.3;0.0
82;2021-01-13;336;1;1001;1;0.4;0.0
82;2021-01-14;442;3;1443;4;0.5;0.0
82;2021-01-15;612;2;2055;6;0.8;0.0
82;2021-01-16;230;3;2285;9;0.9;0.0
82;2021-01-17;89;0;2374;9;0.9;0.0
82;2021-01-18;434;2;2808;11;1.1;0.0
82;2021-01-19;479;1;3287;12;1.3;0.0
82;2021-01-20;663;2;3950;14;1.5;0.0
82;2021-01-21;447;1;4397;15;1.7;0.0
82;2021-01-22;483;2;4880;17;1.9;0.0
82;2021-01-23;151;0;5031;17;1.9;0.0
82;2021-01-24;0;0;5031;17;1.9;0.0
82;2021-01-25;376;0;5407;17;2.1;0.0
82;2021-01-26;468;0;5875;17;2.2;0.0
82;2021-01-27;519;1;6394;18;2.4;0.0
82;2021-01-28;586;34;6980;52;2.7;0.0
82;2021-01-29;405;108;7385;160;2.8;0.1
82;2021-01-30;44;22;7429;182;2.8;0.1
82;2021-01-31;0;0;7429;182;2.8;0.1
82;2021-02-01;292;55;7721;237;2.9;0.1
82;2021-02-02;344;100;8065;337;3.1;0.1
82;2021-02-03;462;66;8527;403;3.2;0.2
82;2021-02-04;764;219;9291;622;3.5;0.2
82;2021-02-05;480;148;9771;770;3.7;0.3
82;2021-02-06;93;39;9864;809;3.8;0.3
82;2021-02-07;29;79;9893;888;3.8;0.3
82;2021-02-08;149;226;10042;1114;3.8;0.4
82;2021-02-09;238;393;10280;1507;3.9;0.6
82;2021-02-10;271;602;10551;2109;4.0;0.8
82;2021-02-11;224;402;10775;2511;4.1;1.0
82;2021-02-12;190;610;10965;3121;4.2;1.2
82;2021-02-13;59;118;11024;3239;4.2;1.2
82;2021-02-14;4;81;11028;3320;4.2;1.3
82;2021-02-15;217;305;11245;3625;4.3;1.4
82;2021-02-16;280;391;11525;4016;4.4;1.5
82;2021-02-17;359;519;11884;4535;4.5;1.7
82;2021-02-18;507;506;12391;5041;4.7;1.9
82;2021-02-19;490;543;12881;5584;4.9;2.1
82;2021-02-20;78;139;12959;5723;4.9;2.2
82;2021-02-21;0;0;12959;5723;4.9;2.2
82;2021-02-22;200;408;13159;6131;5.0;2.3
82;2021-02-23;276;469;13435;6600;5.1;2.5
82;2021-02-24;283;458;13718;7058;5.2;2.7
82;2021-02-25;637;508;14355;7566;5.5;2.9
82;2021-02-26;648;397;15003;7963;5.7;3.0
82;2021-02-27;214;73;15217;8036;5.8;3.1
82;2021-02-28;30;7;15247;8043;5.8;3.1
82;2021-03-01;291;229;15538;8272;5.9;3.1
82;2021-03-02;495;403;16033;8675;6.1;3.3
82;2021-03-03;441;388;16474;9063;6.3;3.5
82;2021-03-04;600;300;17074;9363;6.5;3.6
82;2021-03-05;680;381;17754;9744;6.8;3.7
82;2021-03-06;693;42;18447;9786;7.0;3.7
82;2021-03-07;302;3;18749;9789;7.1;3.7
82;2021-03-08;603;155;19352;9944;7.4;3.8
82;2021-03-09;582;257;19934;10201;7.6;3.9
82;2021-03-10;778;247;20712;10448;7.9;4.0
82;2021-03-11;974;281;21686;10729;8.3;4.1
82;2021-03-12;992;104;22678;10833;8.6;4.1
82;2021-03-13;564;53;23242;10886;8.9;4.1
82;2021-03-14;61;5;23303;10891;8.9;4.1
82;2021-03-15;485;326;23788;11217;9.1;4.3
82;2021-03-16;197;334;23985;11551;9.1;4.4
82;2021-03-17;191;296;24176;11847;9.2;4.5
82;2021-03-18;279;350;24455;12197;9.3;4.6
82;2021-03-19;533;314;24988;12511;9.5;4.8
82;2021-03-20;251;58;25239;12569;9.6;4.8
82;2021-03-21;23;0;25262;12569;9.6;4.8
82;2021-03-22;405;321;25667;12890;9.8;4.9
82;2021-03-23;602;313;26269;13203;10.0;5.0
82;2021-03-24;620;335;26889;13538;10.2;5.2
82;2021-03-25;928;244;27817;13782;10.6;5.2
82;2021-03-26;1216;268;29033;14050;11.1;5.3
82;2021-03-27;479;78;29512;14128;11.2;5.4
82;2021-03-28;136;2;29648;14130;11.3;5.4
82;2021-03-29;925;379;30573;14509;11.6;5.5
82;2021-03-30;1188;279;31761;14788;12.1;5.6
82;2021-03-31;1019;260;32780;15048;12.5;5.7
82;2021-04-01;1072;197;33852;15245;12.9;5.8
82;2021-04-02;1211;286;35063;15531;13.4;5.9
82;2021-04-03;715;130;35778;15661;13.6;6.0
82;2021-04-04;276;13;36054;15674;13.7;6.0
82;2021-04-05;388;19;36442;15693;13.9;6.0
82;2021-04-06;953;512;37395;16205;14.2;6.2
82;2021-04-07;1017;498;38412;16703;14.6;6.4
82;2021-04-08;1454;416;39866;17119;15.2;6.5
82;2021-04-09;1656;469;41522;17588;15.8;6.7
82;2021-04-10;1714;100;43236;17688;16.5;6.7
82;2021-04-11;559;19;43795;17707;16.7;6.7
82;2021-04-12;1348;292;45143;17999;17.2;6.9
82;2021-04-13;1625;268;46768;18267;17.8;7.0
82;2021-04-14;1409;297;48177;18564;18.3;7.1
82;2021-04-15;1780;322;49957;18886;19.0;7.2
82;2021-04-16;1541;331;51498;19217;19.6;7.3
82;2021-04-17;1243;69;52741;19286;20.1;7.3
82;2021-04-18;560;15;53301;19301;20.3;7.3
82;2021-04-19;959;359;54260;19660;20.7;7.5
82;2021-04-20;1268;403;55528;20063;21.1;7.6
82;2021-04-21;1219;374;56747;20437;21.6;7.8
82;2021-04-22;1451;293;58198;20730;22.2;7.9
82;2021-04-23;1075;682;59273;21412;22.6;8.2
82;2021-04-24;1186;265;60459;21677;23.0;8.3
82;2021-04-25;736;49;61195;21726;23.3;8.3
82;2021-04-26;748;808;61943;22534;23.6;8.6
82;2021-04-27;905;924;62848;23458;23.9;8.9
82;2021-04-28;921;870;63769;24328;24.3;9.3
82;2021-04-29;1106;910;64875;25238;24.7;9.6
82;2021-04-30;1041;889;65916;26127;25.1;9.9
82;2021-05-01;1141;258;67057;26385;25.5;10.0
82;2021-05-02;697;145;67754;26530;25.8;10.1
82;2021-05-03;410;1215;68164;27745;26.0;10.6
82;2021-05-04;864;1171;69028;28916;26.3;11.0
82;2021-05-05;568;1173;69596;30089;26.5;11.5
82;2021-05-06;850;1421;70446;31510;26.8;12.0
82;2021-05-07;735;1456;71181;32966;27.1;12.6
82;2021-05-08;935;520;72116;33486;27.5;12.8
82;2021-05-09;753;580;72869;34066;27.7;13.0
82;2021-05-10;850;1365;73719;35431;28.1;13.5
82;2021-05-11;1158;1349;74877;36780;28.5;14.0
82;2021-05-12;1016;1345;75893;38125;28.9;14.5
82;2021-05-13;1455;431;77348;38556;29.5;14.7
82;2021-05-14;1691;1239;79039;39795;30.1;15.2
82;2021-05-15;1935;694;80974;40489;30.8;15.4
82;2021-05-16;558;115;81532;40604;31.0;15.5
82;2021-05-17;1090;1173;82622;41777;31.5;15.9
82;2021-05-18;1466;1188;84088;42965;32.0;16.4
82;2021-05-19;1271;978;85359;43943;32.5;16.7
82;2021-05-20;1409;1158;86768;45101;33.0;17.2
82;2021-05-21;1411;1216;88179;46317;33.6;17.6
82;2021-05-22;2069;632;90248;46949;34.4;17.9
82;2021-05-23;705;117;90953;47066;34.6;17.9
82;2021-05-24;1441;263;92394;47329;35.2;18.0
82;2021-05-25;1445;964;93839;48293;35.7;18.4
82;2021-05-26;1414;923;95253;49216;36.3;18.7
82;2021-05-27;1460;1025;96713;50241;36.8;19.1
82;2021-05-28;1540;1145;98253;51386;37.4;19.6
82;2021-05-29;1496;546;99749;51932;38.0;19.8
82;2021-05-30;402;101;100151;52033;38.1;19.8
82;2021-05-31;1489;991;101640;53024;38.7;20.2
82;2021-06-01;1749;1053;103389;54077;39.4;20.6
82;2021-06-02;1473;1005;104862;55082;39.9;21.0
82;2021-06-03;1490;1183;106352;56265;40.5;21.4
82;2021-06-04;2248;1306;108600;57571;41.4;21.9
82;2021-06-05;2271;985;110871;58556;42.2;22.3
82;2021-06-06;328;133;111199;58689;42.3;22.3
82;2021-06-07;958;1275;112157;59964;42.7;22.8
82;2021-06-08;1446;1141;113603;61105;43.3;23.3
82;2021-06-09;1708;1143;115311;62248;43.9;23.7
82;2021-06-10;1440;1208;116751;63456;44.5;24.2
82;2021-06-11;1922;1124;118673;64580;45.2;24.6
82;2021-06-12;2393;1397;121066;65977;46.1;25.1
82;2021-06-13;378;113;121444;66090;46.2;25.2
82;2021-06-14;1212;1083;122656;67173;46.7;25.6
82;2021-06-15;1462;1243;124118;68416;47.3;26.1
82;2021-06-16;1751;1168;125869;69584;47.9;26.5
82;2021-06-17;1219;1474;127088;71058;48.4;27.1
82;2021-06-18;1469;1438;128557;72496;49.0;27.6
82;2021-06-19;2271;982;130828;73478;49.8;28.0
82;2021-06-20;268;174;131096;73652;49.9;28.0
82;2021-06-21;483;1362;131579;75014;50.1;28.6
82;2021-06-22;891;1707;132470;76721;50.4;29.2
82;2021-06-23;1238;1588;133708;78309;50.9;29.8
82;2021-06-24;755;1903;134463;80212;51.2;30.5
82;2021-06-25;741;1938;135204;82150;51.5;31.3
82;2021-06-26;1240;2146;136444;84296;52.0;32.1
82;2021-06-27;195;438;136639;84734;52.0;32.3
82;2021-06-28;330;1413;136969;86147;52.2;32.8
82;2021-06-29;518;1841;137487;87988;52.4;33.5
82;2021-06-30;948;1909;138435;89897;52.7;34.2
82;2021-07-01;657;1632;139092;91529;53.0;34.9
82;2021-07-02;931;2297;140023;93826;53.3;35.7
82;2021-07-03;859;2340;140882;96166;53.6;36.6
82;2021-07-04;120;439;141002;96605;53.7;36.8
82;2021-07-05;444;1562;141446;98167;53.9;37.4
82;2021-07-06;512;1865;141958;100032;54.1;38.1
82;2021-07-07;791;1777;142749;101809;54.4;38.8
82;2021-07-08;504;1503;143253;103312;54.5;39.3
82;2021-07-09;781;2154;144034;105466;54.8;40.2
82;2021-07-10;705;2216;144739;107682;55.1;41.0
82;2021-07-11;38;381;144777;108063;55.1;41.1
82;2021-07-12;580;1882;145357;109945;55.3;41.9
82;2021-07-13;710;2004;146067;111949;55.6;42.6
82;2021-07-14;617;739;146684;112688;55.9;42.9
82;2021-07-15;856;1753;147540;114441;56.2;43.6
82;2021-07-16;1435;2635;148975;117076;56.7;44.6
82;2021-07-17;562;2192;149537;119268;56.9;45.4
82;2021-07-18;14;41;149551;119309;56.9;45.4
82;2021-07-19;730;2074;150281;121383;57.2;46.2
82;2021-07-20;916;1884;151197;123267;57.6;46.9
82;2021-07-21;1286;1761;152483;125028;58.1;47.6
82;2021-07-22;1073;1763;153556;126791;58.5;48.3
82;2021-07-23;1049;2985;154605;129776;58.9;49.4
82;2021-07-24;1098;1484;155703;131260;59.3;50.0
82;2021-07-25;301;71;156004;131331;59.4;50.0
82;2021-07-26;945;1897;156949;133228;59.8;50.7
82;2021-07-27;1329;1641;158278;134869;60.3;51.4
82;2021-07-28;1465;1498;159743;136367;60.8;51.9
82;2021-07-29;1323;1527;161066;137894;61.3;52.5
82;2021-07-30;1529;2477;162595;140371;61.9;53.5
82;2021-07-31;456;295;163051;140666;62.1;53.6
82;2021-08-01;273;50;163324;140716;62.2;53.6
82;2021-08-02;1268;871;164592;141587;62.7;53.9
82;2021-08-03;1431;826;166023;142413;63.2;54.2
82;2021-08-04;1360;1025;167383;143438;63.7;54.6
82;2021-08-05;1485;595;168868;144033;64.3;54.8
82;2021-08-06;993;644;169861;144677;64.7;55.1
82;2021-08-07;922;1190;170783;145867;65.0;55.5
82;2021-08-08;155;65;170938;145932;65.1;55.6
82;2021-08-09;1071;889;172009;146821;65.5;55.9
82;2021-08-10;1285;912;173294;147733;66.0;56.3
82;2021-08-11;1259;1117;174553;148850;66.5;56.7
82;2021-08-12;1467;944;176020;149794;67.0;57.0
83;2020-12-27;1;0;1;0;0.0;0.0
83;2020-12-28;0;0;1;0;0.0;0.0
83;2020-12-29;0;0;1;0;0.0;0.0
83;2020-12-30;1;0;2;0;0.0;0.0
83;2020-12-31;0;0;2;0;0.0;0.0
83;2021-01-01;1;0;3;0;0.0;0.0
83;2021-01-02;0;0;3;0;0.0;0.0
83;2021-01-03;0;0;3;0;0.0;0.0
83;2021-01-04;1;0;4;0;0.0;0.0
83;2021-01-05;2;0;6;0;0.0;0.0
83;2021-01-06;69;0;75;0;0.0;0.0
83;2021-01-07;324;1;399;1;0.0;0.0
83;2021-01-08;411;0;810;1;0.1;0.0
83;2021-01-09;48;0;858;1;0.1;0.0
83;2021-01-10;1;0;859;1;0.1;0.0
83;2021-01-11;475;0;1334;1;0.1;0.0
83;2021-01-12;1000;3;2334;4;0.2;0.0
83;2021-01-13;961;7;3295;11;0.3;0.0
83;2021-01-14;838;5;4133;16;0.4;0.0
83;2021-01-15;701;1;4834;17;0.5;0.0
83;2021-01-16;41;1;4875;18;0.5;0.0
83;2021-01-17;1;0;4876;18;0.5;0.0
83;2021-01-18;1221;4;6097;22;0.6;0.0
83;2021-01-19;2016;7;8113;29;0.8;0.0
83;2021-01-20;1659;10;9772;39;0.9;0.0
83;2021-01-21;2101;8;11873;47;1.1;0.0
83;2021-01-22;1658;5;13531;52;1.3;0.0
83;2021-01-23;244;0;13775;52;1.3;0.0
83;2021-01-24;21;1;13796;53;1.3;0.0
83;2021-01-25;1552;6;15348;59;1.4;0.0
83;2021-01-26;1757;15;17105;74;1.6;0.0
83;2021-01-27;2152;82;19257;156;1.8;0.0
83;2021-01-28;5080;362;24337;518;2.3;0.0
83;2021-01-29;2946;350;27283;868;2.5;0.1
83;2021-01-30;234;45;27517;913;2.6;0.1
83;2021-01-31;46;0;27563;913;2.6;0.1
83;2021-02-01;1277;422;28840;1335;2.7;0.1
83;2021-02-02;1437;726;30277;2061;2.8;0.2
83;2021-02-03;1526;638;31803;2699;3.0;0.3
83;2021-02-04;1484;750;33287;3449;3.1;0.3
83;2021-02-05;1218;681;34505;4130;3.2;0.4
83;2021-02-06;22;14;34527;4144;3.2;0.4
83;2021-02-07;1;0;34528;4144;3.2;0.4
83;2021-02-08;1089;626;35617;4770;3.3;0.4
83;2021-02-09;1325;913;36942;5683;3.4;0.5
83;2021-02-10;1526;805;38468;6488;3.6;0.6
83;2021-02-11;1605;1023;40073;7511;3.7;0.7
83;2021-02-12;1345;827;41418;8338;3.9;0.8
83;2021-02-13;52;25;41470;8363;3.9;0.8
83;2021-02-14;0;0;41470;8363;3.9;0.8
83;2021-02-15;669;1056;42139;9419;3.9;0.9
83;2021-02-16;542;1379;42681;10798;4.0;1.0
83;2021-02-17;803;1840;43484;12638;4.0;1.2
83;2021-02-18;1623;3870;45107;16508;4.2;1.5
83;2021-02-19;1475;2339;46582;18847;4.3;1.8
83;2021-02-20;63;170;46645;19017;4.3;1.8
83;2021-02-21;24;35;46669;19052;4.3;1.8
83;2021-02-22;501;1758;47170;20810;4.4;1.9
83;2021-02-23;670;1447;47840;22257;4.5;2.1
83;2021-02-24;721;1490;48561;23747;4.5;2.2
83;2021-02-25;1249;1412;49810;25159;4.6;2.3
83;2021-02-26;1298;1259;51108;26418;4.8;2.5
83;2021-02-27;551;55;51659;26473;4.8;2.5
83;2021-02-28;8;13;51667;26486;4.8;2.5
83;2021-03-01;810;1240;52477;27726;4.9;2.6
83;2021-03-02;988;1313;53465;29039;5.0;2.7
83;2021-03-03;1433;1527;54898;30566;5.1;2.8
83;2021-03-04;1888;1384;56786;31950;5.3;3.0
83;2021-03-05;2217;1239;59003;33189;5.5;3.1
83;2021-03-06;3005;112;62008;33301;5.8;3.1
83;2021-03-07;2224;36;64232;33337;6.0;3.1
83;2021-03-08;849;1321;65081;34658;6.1;3.2
83;2021-03-09;1929;1227;67010;35885;6.2;3.3
83;2021-03-10;2373;1363;69383;37248;6.5;3.5
83;2021-03-11;3671;2204;73054;39452;6.8;3.7
83;2021-03-12;3643;1509;76697;40961;7.1;3.8
83;2021-03-13;4600;174;81297;41135;7.6;3.8
83;2021-03-14;2330;47;83627;41182;7.8;3.8
83;2021-03-15;3336;664;86963;41846;8.1;3.9
83;2021-03-16;2597;697;89560;42543;8.3;4.0
83;2021-03-17;2845;783;92405;43326;8.6;4.0
83;2021-03-18;3551;799;95956;44125;8.9;4.1
83;2021-03-19;4171;582;100127;44707;9.3;4.2
83;2021-03-20;3475;65;103602;44772;9.6;4.2
83;2021-03-21;2011;30;105613;44802;9.8;4.2
83;2021-03-22;3960;890;109573;45692;10.2;4.3
83;2021-03-23;4749;590;114322;46282;10.6;4.3
83;2021-03-24;5046;716;119368;46998;11.1;4.4
83;2021-03-25;6530;847;125898;47845;11.7;4.5
83;2021-03-26;7172;747;133070;48592;12.4;4.5
83;2021-03-27;3966;386;137036;48978;12.8;4.6
83;2021-03-28;2183;30;139219;49008;13.0;4.6
83;2021-03-29;4549;763;143768;49771;13.4;4.6
83;2021-03-30;5962;941;149730;50712;13.9;4.7
83;2021-03-31;5551;1072;155281;51784;14.5;4.8
83;2021-04-01;5974;1255;161255;53039;15.0;4.9
83;2021-04-02;5758;1064;167013;54103;15.6;5.0
83;2021-04-03;1799;633;168812;54736;15.7;5.1
83;2021-04-04;855;346;169667;55082;15.8;5.1
83;2021-04-05;189;66;169856;55148;15.8;5.1
83;2021-04-06;4726;1398;174582;56546;16.3;5.3
83;2021-04-07;5830;1658;180412;58204;16.8;5.4
83;2021-04-08;7884;1993;188296;60197;17.5;5.6
83;2021-04-09;7585;2187;195881;62384;18.2;5.8
83;2021-04-10;2946;2651;198827;65035;18.5;6.1
83;2021-04-11;1720;2136;200547;67171;18.7;6.3
83;2021-04-12;4950;2869;205497;70040;19.1;6.5
83;2021-04-13;5404;3003;210901;73043;19.6;6.8
83;2021-04-14;5897;2941;216798;75984;20.2;7.1
83;2021-04-15;6776;3030;223574;79014;20.8;7.4
83;2021-04-16;6121;3508;229695;82522;21.4;7.7
83;2021-04-17;3512;2185;233207;84707;21.7;7.9
83;2021-04-18;2174;1297;235381;86004;21.9;8.0
83;2021-04-19;4107;3904;239488;89908;22.3;8.4
83;2021-04-20;4358;3869;243846;93777;22.7;8.7
83;2021-04-21;4302;4159;248148;97936;23.1;9.1
83;2021-04-22;5002;4303;253150;102239;23.6;9.5
83;2021-04-23;4524;4562;257674;106801;24.0;9.9
83;2021-04-24;2628;2711;260302;109512;24.2;10.2
83;2021-04-25;1927;1571;262229;111083;24.4;10.3
83;2021-04-26;3568;3850;265797;114933;24.8;10.7
83;2021-04-27;4134;4545;269931;119478;25.1;11.1
83;2021-04-28;4314;4371;274245;123849;25.5;11.5
83;2021-04-29;5814;5110;280059;128959;26.1;12.0
83;2021-04-30;5786;4306;285845;133265;26.6;12.4
83;2021-05-01;1693;425;287538;133690;26.8;12.4
83;2021-05-02;1237;753;288775;134443;26.9;12.5
83;2021-05-03;3751;4280;292526;138723;27.2;12.9
83;2021-05-04;3345;5099;295871;143822;27.6;13.4
83;2021-05-05;3642;4965;299513;148787;27.9;13.9
83;2021-05-06;4672;4955;304185;153742;28.3;14.3
83;2021-05-07;4172;5316;308357;159058;28.7;14.8
83;2021-05-08;2762;1012;311119;160070;29.0;14.9
83;2021-05-09;2151;1234;313270;161304;29.2;15.0
83;2021-05-10;3204;5419;316474;166723;29.5;15.5
83;2021-05-11;5124;5681;321598;172404;29.9;16.1
83;2021-05-12;6292;4845;327890;177249;30.5;16.5
83;2021-05-13;6581;1337;334471;178586;31.1;16.6
83;2021-05-14;7422;4110;341893;182696;31.8;17.0
83;2021-05-15;7753;2201;349646;184897;32.6;17.2
83;2021-05-16;6627;1247;356273;186144;33.2;17.3
83;2021-05-17;4893;4213;361166;190357;33.6;17.7
83;2021-05-18;5530;3861;366696;194218;34.1;18.1
83;2021-05-19;6206;3401;372902;197619;34.7;18.4
83;2021-05-20;6756;3792;379658;201411;35.4;18.8
83;2021-05-21;7908;3869;387566;205280;36.1;19.1
83;2021-05-22;6089;1716;393655;206996;36.7;19.3
83;2021-05-23;4686;704;398341;207700;37.1;19.3
83;2021-05-24;5809;970;404150;208670;37.6;19.4
83;2021-05-25;5511;4752;409661;213422;38.1;19.9
83;2021-05-26;4856;4436;414517;217858;38.6;20.3
83;2021-05-27;5072;5260;419589;223118;39.1;20.8
83;2021-05-28;4505;5766;424094;228884;39.5;21.3
83;2021-05-29;2706;4274;426800;233158;39.7;21.7
83;2021-05-30;1257;1374;428057;234532;39.9;21.8
83;2021-05-31;5489;4764;433546;239296;40.4;22.3
83;2021-06-01;5725;5303;439271;244599;40.9;22.8
83;2021-06-02;5250;4578;444521;249177;41.4;23.2
83;2021-06-03;5735;5131;450256;254308;41.9;23.7
83;2021-06-04;5445;6044;455701;260352;42.4;24.2
83;2021-06-05;3924;3194;459625;263546;42.8;24.5
83;2021-06-06;1936;1383;461561;264929;43.0;24.7
83;2021-06-07;3918;5085;465479;270014;43.3;25.1
83;2021-06-08;4172;4825;469651;274839;43.7;25.6
83;2021-06-09;4003;4701;473654;279540;44.1;26.0
83;2021-06-10;3995;4257;477649;283797;44.5;26.4
83;2021-06-11;3655;5443;481304;289240;44.8;26.9
83;2021-06-12;2912;2984;484216;292224;45.1;27.2
83;2021-06-13;995;1391;485211;293615;45.2;27.3
83;2021-06-14;2857;5659;488068;299274;45.5;27.9
83;2021-06-15;3160;4860;491228;304134;45.7;28.3
83;2021-06-16;2956;4506;494184;308640;46.0;28.7
83;2021-06-17;2766;5284;496950;313924;46.3;29.2
83;2021-06-18;3155;5957;500105;319881;46.6;29.8
83;2021-06-19;2319;4092;502424;323973;46.8;30.2
83;2021-06-20;673;1890;503097;325863;46.9;30.3
83;2021-06-21;2108;7584;505205;333447;47.0;31.1
83;2021-06-22;2100;7164;507305;340611;47.2;31.7
83;2021-06-23;1929;6927;509234;347538;47.4;32.4
83;2021-06-24;1950;7366;511184;354904;47.6;33.1
83;2021-06-25;2108;8398;513292;363302;47.8;33.8
83;2021-06-26;1465;6808;514757;370110;47.9;34.5
83;2021-06-27;692;3186;515449;373296;48.0;34.8
83;2021-06-28;1572;7890;517021;381186;48.1;35.5
83;2021-06-29;1901;7802;518922;388988;48.3;36.2
83;2021-06-30;2238;7265;521160;396253;48.5;36.9
83;2021-07-01;2548;6568;523708;402821;48.8;37.5
83;2021-07-02;2253;7794;525961;410615;49.0;38.2
83;2021-07-03;1509;5686;527470;416301;49.1;38.8
83;2021-07-04;569;2749;528039;419050;49.2;39.0
83;2021-07-05;1906;7531;529945;426581;49.4;39.7
83;2021-07-06;2559;5932;532504;432513;49.6;40.3
83;2021-07-07;2671;4665;535175;437178;49.8;40.7
83;2021-07-08;3237;4466;538412;441644;50.1;41.1
83;2021-07-09;3031;6961;541443;448605;50.4;41.8
83;2021-07-10;1571;4927;543014;453532;50.6;42.2
83;2021-07-11;1001;1761;544015;455293;50.7;42.4
83;2021-07-12;2128;7687;546143;462980;50.9;43.1
83;2021-07-13;4016;7077;550159;470057;51.2;43.8
83;2021-07-14;2089;1317;552248;471374;51.4;43.9
83;2021-07-15;4575;6842;556823;478216;51.9;44.5
83;2021-07-16;5255;7123;562078;485339;52.3;45.2
83;2021-07-17;3594;4993;565672;490332;52.7;45.7
83;2021-07-18;1599;1307;567271;491639;52.8;45.8
83;2021-07-19;3939;6305;571210;497944;53.2;46.4
83;2021-07-20;5960;6157;577170;504101;53.7;46.9
83;2021-07-21;5991;5187;583161;509288;54.3;47.4
83;2021-07-22;7060;5515;590221;514803;55.0;47.9
83;2021-07-23;7011;5877;597232;520680;55.6;48.5
83;2021-07-24;4586;4540;601818;525220;56.0;48.9
83;2021-07-25;1324;731;603142;525951;56.2;49.0
83;2021-07-26;5500;4908;608642;530859;56.7;49.4
83;2021-07-27;6753;4865;615395;535724;57.3;49.9
83;2021-07-28;6566;4372;621961;540096;57.9;50.3
83;2021-07-29;7438;4799;629399;544895;58.6;50.7
83;2021-07-30;6918;4726;636317;549621;59.3;51.2
83;2021-07-31;4637;3181;640954;552802;59.7;51.5
83;2021-08-01;1054;845;642008;553647;59.8;51.6
83;2021-08-02;5727;3668;647735;557315;60.3;51.9
83;2021-08-03;6343;3945;654078;561260;60.9;52.3
83;2021-08-04;5856;3666;659934;564926;61.5;52.6
83;2021-08-05;6116;4052;666050;568978;62.0;53.0
83;2021-08-06;6104;4876;672154;573854;62.6;53.4
83;2021-08-07;3734;3526;675888;577380;62.9;53.8
83;2021-08-08;1060;814;676948;578194;63.0;53.8
83;2021-08-09;4689;4610;681637;582804;63.5;54.3
83;2021-08-10;5182;5101;686819;587905;64.0;54.7
83;2021-08-11;4542;5028;691361;592933;64.4;55.2
83;2021-08-12;4813;5493;696174;598426;64.8;55.7
84;2020-12-27;0;0;0;0;0.0;0.0
84;2020-12-28;0;0;0;0;0.0;0.0
84;2020-12-29;0;0;0;0;0.0;0.0
84;2020-12-30;0;0;0;0;0.0;0.0
84;2020-12-31;0;0;0;0;0.0;0.0
84;2021-01-01;0;0;0;0;0.0;0.0
84;2021-01-02;0;0;0;0;0.0;0.0
84;2021-01-03;0;0;0;0;0.0;0.0
84;2021-01-04;0;0;0;0;0.0;0.0
84;2021-01-05;0;0;0;0;0.0;0.0
84;2021-01-06;0;0;0;0;0.0;0.0
84;2021-01-07;69;0;69;0;0.0;0.0
84;2021-01-08;81;0;150;0;0.0;0.0
84;2021-01-09;30;0;180;0;0.0;0.0
84;2021-01-10;0;0;180;0;0.0;0.0
84;2021-01-11;219;0;399;0;0.1;0.0
84;2021-01-12;623;2;1022;2;0.2;0.0
84;2021-01-13;358;0;1380;2;0.2;0.0
84;2021-01-14;940;14;2320;16;0.4;0.0
84;2021-01-15;617;9;2937;25;0.5;0.0
84;2021-01-16;166;0;3103;25;0.6;0.0
84;2021-01-17;29;1;3132;26;0.6;0.0
84;2021-01-18;696;3;3828;29;0.7;0.0
84;2021-01-19;876;2;4704;31;0.8;0.0
84;2021-01-20;1018;3;5722;34;1.0;0.0
84;2021-01-21;1048;4;6770;38;1.2;0.0
84;2021-01-22;1132;0;7902;38;1.4;0.0
84;2021-01-23;248;0;8150;38;1.5;0.0
84;2021-01-24;3;0;8153;38;1.5;0.0
84;2021-01-25;805;0;8958;38;1.6;0.0
84;2021-01-26;938;5;9896;43;1.8;0.0
84;2021-01-27;1070;2;10966;45;2.0;0.0
84;2021-01-28;1622;18;12588;63;2.2;0.0
84;2021-01-29;1198;63;13786;126;2.5;0.0
84;2021-01-30;171;21;13957;147;2.5;0.0
84;2021-01-31;7;0;13964;147;2.5;0.0
84;2021-02-01;654;147;14618;294;2.6;0.1
84;2021-02-02;787;268;15405;562;2.7;0.1
84;2021-02-03;758;245;16163;807;2.9;0.1
84;2021-02-04;912;407;17075;1214;3.0;0.2
84;2021-02-05;727;416;17802;1630;3.2;0.3
84;2021-02-06;124;49;17926;1679;3.2;0.3
84;2021-02-07;0;0;17926;1679;3.2;0.3
84;2021-02-08;566;276;18492;1955;3.3;0.3
84;2021-02-09;691;719;19183;2674;3.4;0.5
84;2021-02-10;554;568;19737;3242;3.5;0.6
84;2021-02-11;547;586;20284;3828;3.6;0.7
84;2021-02-12;560;681;20844;4509;3.7;0.8
84;2021-02-13;46;171;20890;4680;3.7;0.8
84;2021-02-14;3;0;20893;4680;3.7;0.8
84;2021-02-15;208;892;21101;5572;3.8;1.0
84;2021-02-16;222;832;21323;6404;3.8;1.1
84;2021-02-17;447;781;21770;7185;3.9;1.3
84;2021-02-18;555;1105;22325;8290;4.0;1.5
84;2021-02-19;737;1186;23062;9476;4.1;1.7
84;2021-02-20;65;154;23127;9630;4.1;1.7
84;2021-02-21;5;37;23132;9667;4.1;1.7
84;2021-02-22;369;744;23501;10411;4.2;1.9
84;2021-02-23;268;705;23769;11116;4.2;2.0
84;2021-02-24;392;740;24161;11856;4.3;2.1
84;2021-02-25;712;849;24873;12705;4.4;2.3
84;2021-02-26;822;683;25695;13388;4.6;2.4
84;2021-02-27;133;126;25828;13514;4.6;2.4
84;2021-02-28;16;0;25844;13514;4.6;2.4
84;2021-03-01;456;669;26300;14183;4.7;2.5
84;2021-03-02;631;811;26931;14994;4.8;2.7
84;2021-03-03;821;960;27752;15954;4.9;2.8
84;2021-03-04;1093;703;28845;16657;5.1;3.0
84;2021-03-05;1310;521;30155;17178;5.4;3.1
84;2021-03-06;1461;63;31616;17241;5.6;3.1
84;2021-03-07;481;15;32097;17256;5.7;3.1
84;2021-03-08;814;606;32911;17862;5.9;3.2
84;2021-03-09;1386;785;34297;18647;6.1;3.3
84;2021-03-10;1473;669;35770;19316;6.4;3.4
84;2021-03-11;1984;644;37754;19960;6.7;3.6
84;2021-03-12;2078;628;39832;20588;7.1;3.7
84;2021-03-13;745;36;40577;20624;7.2;3.7
84;2021-03-14;247;53;40824;20677;7.3;3.7
84;2021-03-15;1067;310;41891;20987;7.5;3.7
84;2021-03-16;1179;336;43070;21323;7.7;3.8
84;2021-03-17;1144;441;44214;21764;7.9;3.9
84;2021-03-18;1455;401;45669;22165;8.1;4.0
84;2021-03-19;2174;462;47843;22627;8.5;4.0
84;2021-03-20;838;25;48681;22652;8.7;4.0
84;2021-03-21;150;9;48831;22661;8.7;4.0
84;2021-03-22;1155;459;49986;23120;8.9;4.1
84;2021-03-23;1909;462;51895;23582;9.3;4.2
84;2021-03-24;2178;397;54073;23979;9.6;4.3
84;2021-03-25;3653;396;57726;24375;10.3;4.3
84;2021-03-26;3316;482;61042;24857;10.9;4.4
84;2021-03-27;913;56;61955;24913;11.0;4.4
84;2021-03-28;73;2;62028;24915;11.1;4.4
84;2021-03-29;1716;530;63744;25445;11.4;4.5
84;2021-03-30;2665;682;66409;26127;11.8;4.7
84;2021-03-31;2400;644;68809;26771;12.3;4.8
84;2021-04-01;3019;569;71828;27340;12.8;4.9
84;2021-04-02;2451;528;74279;27868;13.2;5.0
84;2021-04-03;508;28;74787;27896;13.3;5.0
84;2021-04-04;12;0;74799;27896;13.3;5.0
84;2021-04-05;811;102;75610;27998;13.5;5.0
84;2021-04-06;2140;837;77750;28835;13.9;5.1
84;2021-04-07;2403;861;80153;29696;14.3;5.3
84;2021-04-08;3649;1030;83802;30726;14.9;5.5
84;2021-04-09;4114;941;87916;31667;15.7;5.6
84;2021-04-10;1308;130;89224;31797;15.9;5.7
84;2021-04-11;37;12;89261;31809;15.9;5.7
84;2021-04-12;2091;804;91352;32613;16.3;5.8
84;2021-04-13;2942;1368;94294;33981;16.8;6.1
84;2021-04-14;2811;1355;97105;35336;17.3;6.3
84;2021-04-15;3272;1414;100377;36750;17.9;6.6
84;2021-04-16;3428;1545;103805;38295;18.5;6.8
84;2021-04-17;1666;195;105471;38490;18.8;6.9
84;2021-04-18;34;0;105505;38490;18.8;6.9
84;2021-04-19;2505;921;108010;39411;19.3;7.0
84;2021-04-20;2626;1530;110636;40941;19.7;7.3
84;2021-04-21;2650;1487;113286;42428;20.2;7.6
84;2021-04-22;3011;1735;116297;44163;20.7;7.9
84;2021-04-23;3031;1896;119328;46059;21.3;8.2
84;2021-04-24;1530;286;120858;46345;21.5;8.3
84;2021-04-25;27;2;120885;46347;21.5;8.3
84;2021-04-26;2183;1369;123068;47716;21.9;8.5
84;2021-04-27;2553;1985;125621;49701;22.4;8.9
84;2021-04-28;2816;1841;128437;51542;22.9;9.2
84;2021-04-29;3421;2028;131858;53570;23.5;9.5
84;2021-04-30;3132;2422;134990;55992;24.1;10.0
84;2021-05-01;457;258;135447;56250;24.1;10.0
84;2021-05-02;1;0;135448;56250;24.1;10.0
84;2021-05-03;2165;1632;137613;57882;24.5;10.3
84;2021-05-04;2490;2530;140103;60412;25.0;10.8
84;2021-05-05;2351;2218;142454;62630;25.4;11.2
84;2021-05-06;3223;2251;145677;64881;26.0;11.6
84;2021-05-07;2764;2564;148441;67445;26.5;12.0
84;2021-05-08;1157;528;149598;67973;26.7;12.1
84;2021-05-09;6;52;149604;68025;26.7;12.1
84;2021-05-10;2156;2457;151760;70482;27.1;12.6
84;2021-05-11;2909;3166;154669;73648;27.6;13.1
84;2021-05-12;2851;2922;157520;76570;28.1;13.6
84;2021-05-13;2159;843;159679;77413;28.5;13.8
84;2021-05-14;2727;2034;162406;79447;28.9;14.2
84;2021-05-15;2002;984;164408;80431;29.3;14.3
84;2021-05-16;1341;184;165749;80615;29.5;14.4
84;2021-05-17;2223;2155;167972;82770;29.9;14.8
84;2021-05-18;2904;2104;170876;84874;30.5;15.1
84;2021-05-19;3233;1665;174109;86539;31.0;15.4
84;2021-05-20;3700;2206;177809;88745;31.7;15.8
84;2021-05-21;3470;2333;181279;91078;32.3;16.2
84;2021-05-22;1584;678;182863;91756;32.6;16.4
84;2021-05-23;6;9;182869;91765;32.6;16.4
84;2021-05-24;1839;426;184708;92191;32.9;16.4
84;2021-05-25;2983;2183;187691;94374;33.5;16.8
84;2021-05-26;3077;2085;190768;96459;34.0;17.2
84;2021-05-27;3855;2321;194623;98780;34.7;17.6
84;2021-05-28;3183;3305;197806;102085;35.3;18.2
84;2021-05-29;1092;1653;198898;103738;35.5;18.5
84;2021-05-30;8;85;198906;103823;35.5;18.5
84;2021-05-31;2192;2636;201098;106459;35.8;19.0
84;2021-06-01;3144;3158;204242;109617;36.4;19.5
84;2021-06-02;3173;2619;207415;112236;37.0;20.0
84;2021-06-03;4112;2983;211527;115219;37.7;20.5
84;2021-06-04;3615;3036;215142;118255;38.3;21.1
84;2021-06-05;1782;1496;216924;119751;38.7;21.3
84;2021-06-06;987;206;217911;119957;38.8;21.4
84;2021-06-07;2454;2746;220365;122703;39.3;21.9
84;2021-06-08;3321;3050;223686;125753;39.9;22.4
84;2021-06-09;3030;2676;226716;128429;40.4;22.9
84;2021-06-10;3507;2785;230223;131214;41.0;23.4
84;2021-06-11;3019;3059;233242;134273;41.6;23.9
84;2021-06-12;1965;1312;235207;135585;41.9;24.2
84;2021-06-13;413;212;235620;135797;42.0;24.2
84;2021-06-14;1929;3158;237549;138955;42.3;24.8
84;2021-06-15;2575;3453;240124;142408;42.8;25.4
84;2021-06-16;2524;2939;242648;145347;43.3;25.9
84;2021-06-17;2995;3456;245643;148803;43.8;26.5
84;2021-06-18;2425;3546;248068;152349;44.2;27.2
84;2021-06-19;1288;1544;249356;153893;44.4;27.4
84;2021-06-20;549;354;249905;154247;44.5;27.5
84;2021-06-21;1569;3129;251474;157376;44.8;28.1
84;2021-06-22;2163;4008;253637;161384;45.2;28.8
84;2021-06-23;2114;3307;255751;164691;45.6;29.4
84;2021-06-24;2198;3479;257949;168170;46.0;30.0
84;2021-06-25;1835;3885;259784;172055;46.3;30.7
84;2021-06-26;1131;1817;260915;173872;46.5;31.0
84;2021-06-27;295;345;261210;174217;46.6;31.1
84;2021-06-28;1206;3221;262416;177438;46.8;31.6
84;2021-06-29;1478;4044;263894;181482;47.0;32.3
84;2021-06-30;1716;3957;265610;185439;47.3;33.1
84;2021-07-01;1807;3943;267417;189382;47.7;33.8
84;2021-07-02;1750;3896;269167;193278;48.0;34.5
84;2021-07-03;1102;2030;270269;195308;48.2;34.8
84;2021-07-04;394;416;270663;195724;48.2;34.9
84;2021-07-05;1536;3541;272199;199265;48.5;35.5
84;2021-07-06;1627;4167;273826;203432;48.8;36.3
84;2021-07-07;1666;3102;275492;206534;49.1;36.8
84;2021-07-08;2142;3746;277634;210280;49.5;37.5
84;2021-07-09;1816;3967;279450;214247;49.8;38.2
84;2021-07-10;1240;2159;280690;216406;50.0;38.6
84;2021-07-11;340;305;281030;216711;50.1;38.6
84;2021-07-12;1378;3836;282408;220547;50.3;39.3
84;2021-07-13;2329;5006;284737;225553;50.8;40.2
84;2021-07-14;1876;1246;286613;226799;51.1;40.4
84;2021-07-15;2626;4546;289239;231345;51.6;41.2
84;2021-07-16;2769;4597;292008;235942;52.1;42.1
84;2021-07-17;1580;2437;293588;238379;52.3;42.5
84;2021-07-18;1011;546;294599;238925;52.5;42.6
84;2021-07-19;2400;3740;296999;242665;52.9;43.3
84;2021-07-20;2936;4160;299935;246825;53.5;44.0
84;2021-07-21;3166;3650;303101;250475;54.0;44.6
84;2021-07-22;3763;3782;306864;254257;54.7;45.3
84;2021-07-23;3501;3672;310365;257929;55.3;46.0
84;2021-07-24;1450;2247;311815;260176;55.6;46.4
84;2021-07-25;1032;507;312847;260683;55.8;46.5
84;2021-07-26;2706;3018;315553;263701;56.2;47.0
84;2021-07-27;3415;3556;318968;267257;56.9;47.6
84;2021-07-28;3830;3302;322798;270559;57.5;48.2
84;2021-07-29;4189;3140;326987;273699;58.3;48.8
84;2021-07-30;3972;3303;330959;277002;59.0;49.4
84;2021-07-31;1992;1674;332951;278676;59.3;49.7
84;2021-08-01;813;423;333764;279099;59.5;49.8
84;2021-08-02;2918;2673;336682;281772;60.0;50.2
84;2021-08-03;4077;2769;340759;284541;60.7;50.7
84;2021-08-04;3857;2581;344616;287122;61.4;51.2
84;2021-08-05;3826;2546;348442;289668;62.1;51.6
84;2021-08-06;3669;2839;352111;292507;62.8;52.1
84;2021-08-07;2040;1711;354151;294218;63.1;52.4
84;2021-08-08;384;733;354535;294951;63.2;52.6
84;2021-08-09;2844;2572;357379;297523;63.7;53.0
84;2021-08-10;3710;2926;361089;300449;64.4;53.6
84;2021-08-11;3254;2647;364343;303096;64.9;54.0
84;2021-08-12;3107;2949;367450;306045;65.5;54.6
85;2020-12-27;1;0;1;0;0.0;0.0
85;2020-12-28;0;0;1;0;0.0;0.0
85;2020-12-29;0;0;1;0;0.0;0.0
85;2020-12-30;0;0;1;0;0.0;0.0
85;2020-12-31;0;0;1;0;0.0;0.0
85;2021-01-01;0;0;1;0;0.0;0.0
85;2021-01-02;0;0;1;0;0.0;0.0
85;2021-01-03;1;0;2;0;0.0;0.0
85;2021-01-04;25;0;27;0;0.0;0.0
85;2021-01-05;62;0;89;0;0.0;0.0
85;2021-01-06;107;1;196;1;0.0;0.0
85;2021-01-07;203;0;399;1;0.1;0.0
85;2021-01-08;291;1;690;2;0.1;0.0
85;2021-01-09;288;2;978;4;0.1;0.0
85;2021-01-10;59;0;1037;4;0.2;0.0
85;2021-01-11;453;0;1490;4;0.2;0.0
85;2021-01-12;586;2;2076;6;0.3;0.0
85;2021-01-13;544;2;2620;8;0.4;0.0
85;2021-01-14;681;4;3301;12;0.5;0.0
85;2021-01-15;438;3;3739;15;0.5;0.0
85;2021-01-16;264;3;4003;18;0.6;0.0
85;2021-01-17;37;0;4040;18;0.6;0.0
85;2021-01-18;998;3;5038;21;0.7;0.0
85;2021-01-19;1427;16;6465;37;0.9;0.0
85;2021-01-20;1874;2;8339;39;1.2;0.0
85;2021-01-21;3220;7;11559;46;1.7;0.0
85;2021-01-22;1696;17;13255;63;1.9;0.0
85;2021-01-23;466;2;13721;65;2.0;0.0
85;2021-01-24;49;0;13770;65;2.0;0.0
85;2021-01-25;577;1;14347;66;2.1;0.0
85;2021-01-26;876;34;15223;100;2.2;0.0
85;2021-01-27;1804;32;17027;132;2.5;0.0
85;2021-01-28;1631;38;18658;170;2.7;0.0
85;2021-01-29;875;63;19533;233;2.9;0.0
85;2021-01-30;149;5;19682;238;2.9;0.0
85;2021-01-31;2;47;19684;285;2.9;0.0
85;2021-02-01;480;103;20164;388;3.0;0.1
85;2021-02-02;537;176;20701;564;3.0;0.1
85;2021-02-03;414;261;21115;825;3.1;0.1
85;2021-02-04;621;267;21736;1092;3.2;0.2
85;2021-02-05;624;265;22360;1357;3.3;0.2
85;2021-02-06;156;245;22516;1602;3.3;0.2
85;2021-02-07;1;0;22517;1602;3.3;0.2
85;2021-02-08;388;653;22905;2255;3.4;0.3
85;2021-02-09;662;1060;23567;3315;3.4;0.5
85;2021-02-10;583;1132;24150;4447;3.5;0.7
85;2021-02-11;1541;3041;25691;7488;3.8;1.1
85;2021-02-12;1012;1261;26703;8749;3.9;1.3
85;2021-02-13;250;505;26953;9254;3.9;1.4
85;2021-02-14;2;132;26955;9386;3.9;1.4
85;2021-02-15;336;814;27291;10200;4.0;1.5
85;2021-02-16;570;1189;27861;11389;4.1;1.7
85;2021-02-17;786;1574;28647;12963;4.2;1.9
85;2021-02-18;1277;1936;29924;14899;4.4;2.2
85;2021-02-19;957;1210;30881;16109;4.5;2.4
85;2021-02-20;174;262;31055;16371;4.5;2.4
85;2021-02-21;1;11;31056;16382;4.5;2.4
85;2021-02-22;814;887;31870;17269;4.7;2.5
85;2021-02-23;828;485;32698;17754;4.8;2.6
85;2021-02-24;756;313;33454;18067;4.9;2.6
85;2021-02-25;1336;401;34790;18468;5.1;2.7
85;2021-02-26;1228;330;36018;18798;5.3;2.8
85;2021-02-27;400;99;36418;18897;5.3;2.8
85;2021-02-28;7;1;36425;18898;5.3;2.8
85;2021-03-01;765;432;37190;19330;5.4;2.8
85;2021-03-02;1100;793;38290;20123;5.6;2.9
85;2021-03-03;843;514;39133;20637;5.7;3.0
85;2021-03-04;1576;1175;40709;21812;6.0;3.2
85;2021-03-05;1739;850;42448;22662;6.2;3.3
85;2021-03-06;1227;129;43675;22791;6.4;3.3
85;2021-03-07;333;35;44008;22826;6.4;3.3
85;2021-03-08;1740;461;45748;23287;6.7;3.4
85;2021-03-09;2240;574;47988;23861;7.0;3.5
85;2021-03-10;1863;652;49851;24513;7.3;3.6
85;2021-03-11;3119;1089;52970;25602;7.8;3.7
85;2021-03-12;2728;868;55698;26470;8.2;3.9
85;2021-03-13;1371;161;57069;26631;8.4;3.9
85;2021-03-14;182;2;57251;26633;8.4;3.9
85;2021-03-15;1918;517;59169;27150;8.7;4.0
85;2021-03-16;1628;517;60797;27667;8.9;4.0
85;2021-03-17;980;525;61777;28192;9.0;4.1
85;2021-03-18;1901;453;63678;28645;9.3;4.2
85;2021-03-19;2201;370;65879;29015;9.6;4.2
85;2021-03-20;1068;178;66947;29193;9.8;4.3
85;2021-03-21;272;5;67219;29198;9.8;4.3
85;2021-03-22;1762;560;68981;29758;10.1;4.4
85;2021-03-23;2419;734;71400;30492;10.5;4.5
85;2021-03-24;2205;527;73605;31019;10.8;4.5
85;2021-03-25;3648;594;77253;31613;11.3;4.6
85;2021-03-26;3359;649;80612;32262;11.8;4.7
85;2021-03-27;1728;122;82340;32384;12.1;4.7
85;2021-03-28;539;4;82879;32388;12.1;4.7
85;2021-03-29;2412;760;85291;33148;12.5;4.9
85;2021-03-30;2862;1024;88153;34172;12.9;5.0
85;2021-03-31;2198;671;90351;34843;13.2;5.1
85;2021-04-01;3872;912;94223;35755;13.8;5.2
85;2021-04-02;2705;1103;96928;36858;14.2;5.4
85;2021-04-03;1413;321;98341;37179;14.4;5.4
85;2021-04-04;324;28;98665;37207;14.4;5.4
85;2021-04-05;104;175;98769;37382;14.5;5.5
85;2021-04-06;2201;1598;100970;38980;14.8;5.7
85;2021-04-07;3091;1189;104061;40169;15.2;5.9
85;2021-04-08;4541;1600;108602;41769;15.9;6.1
85;2021-04-09;4602;1224;113204;42993;16.6;6.3
85;2021-04-10;1866;397;115070;43390;16.8;6.4
85;2021-04-11;27;10;115097;43400;16.8;6.4
85;2021-04-12;4287;1485;119384;44885;17.5;6.6
85;2021-04-13;4832;1872;124216;46757;18.2;6.8
85;2021-04-14;3961;1010;128177;47767;18.8;7.0
85;2021-04-15;5517;1742;133694;49509;19.6;7.2
85;2021-04-16;5241;1535;138935;51044;20.3;7.5
85;2021-04-17;1383;437;140318;51481;20.5;7.5
85;2021-04-18;349;10;140667;51491;20.6;7.5
85;2021-04-19;3366;1700;144033;53191;21.1;7.8
85;2021-04-20;3696;1924;147729;55115;21.6;8.1
85;2021-04-21;2690;1695;150419;56810;22.0;8.3
85;2021-04-22;3803;2232;154222;59042;22.6;8.6
85;2021-04-23;3904;2086;158126;61128;23.1;8.9
85;2021-04-24;1661;1534;159787;62662;23.4;9.2
85;2021-04-25;981;563;160768;63225;23.5;9.3
85;2021-04-26;3590;2349;164358;65574;24.1;9.6
85;2021-04-27;4393;2162;168751;67736;24.7;9.9
85;2021-04-28;5747;1254;174498;68990;25.5;10.1
85;2021-04-29;5635;2002;180133;70992;26.4;10.4
85;2021-04-30;5575;1675;185708;72667;27.2;10.6
85;2021-05-01;1736;636;187444;73303;27.4;10.7
85;2021-05-02;873;470;188317;73773;27.6;10.8
85;2021-05-03;3492;2382;191809;76155;28.1;11.1
85;2021-05-04;3488;3086;195297;79241;28.6;11.6
85;2021-05-05;4532;2167;199829;81408;29.2;11.9
85;2021-05-06;4919;2593;204748;84001;30.0;12.3
85;2021-05-07;3929;3860;208677;87861;30.5;12.9
85;2021-05-08;2246;229;210923;88090;30.9;12.9
85;2021-05-09;1509;183;212432;88273;31.1;12.9
85;2021-05-10;3208;4931;215640;93204;31.6;13.6
85;2021-05-11;4027;4975;219667;98179;32.2;14.4
85;2021-05-12;5019;3933;224686;102112;32.9;14.9
85;2021-05-13;5144;609;229830;102721;33.6;15.0
85;2021-05-14;4356;3166;234186;105887;34.3;15.5
85;2021-05-15;2327;776;236513;106663;34.6;15.6
85;2021-05-16;2213;162;238726;106825;34.9;15.6
85;2021-05-17;4147;3377;242873;110202;35.6;16.1
85;2021-05-18;5216;2857;248089;113059;36.3;16.5
85;2021-05-19;6492;1766;254581;114825;37.3;16.8
85;2021-05-20;6775;2175;261356;117000;38.3;17.1
85;2021-05-21;5498;2746;266854;119746;39.1;17.5
85;2021-05-22;2584;752;269438;120498;39.4;17.6
85;2021-05-23;1329;161;270767;120659;39.6;17.7
85;2021-05-24;4572;435;275339;121094;40.3;17.7
85;2021-05-25;4517;3565;279856;124659;41.0;18.2
85;2021-05-26;4946;2678;284802;127337;41.7;18.6
85;2021-05-27;4961;3691;289763;131028;42.4;19.2
85;2021-05-28;5252;4067;295015;135095;43.2;19.8
85;2021-05-29;3961;1528;298976;136623;43.8;20.0
85;2021-05-30;1291;126;300267;136749;44.0;20.0
85;2021-05-31;4689;3382;304956;140131;44.6;20.5
85;2021-06-01;5404;3399;310360;143530;45.4;21.0
85;2021-06-02;5558;2521;315918;146051;46.2;21.4
85;2021-06-03;5916;3235;321834;149286;47.1;21.9
85;2021-06-04;5838;3819;327672;153105;48.0;22.4
85;2021-06-05;2850;1940;330522;155045;48.4;22.7
85;2021-06-06;1510;803;332032;155848;48.6;22.8
85;2021-06-07;3237;4859;335269;160707;49.1;23.5
85;2021-06-08;4092;4527;339361;165234;49.7;24.2
85;2021-06-09;4846;3514;344207;168748;50.4;24.7
85;2021-06-10;5199;3702;349406;172450;51.1;25.2
85;2021-06-11;4505;4661;353911;177111;51.8;25.9
85;2021-06-12;1491;1798;355402;178909;52.0;26.2
85;2021-06-13;1220;672;356622;179581;52.2;26.3
85;2021-06-14;2680;5093;359302;184674;52.6;27.0
85;2021-06-15;3715;4934;363017;189608;53.1;27.8
85;2021-06-16;4082;3906;367099;193514;53.7;28.3
85;2021-06-17;3940;3898;371039;197412;54.3;28.9
85;2021-06-18;3626;5680;374665;203092;54.8;29.7
85;2021-06-19;1214;2028;375879;205120;55.0;30.0
85;2021-06-20;137;520;376016;205640;55.0;30.1
85;2021-06-21;2376;5812;378392;211452;55.4;31.0
85;2021-06-22;2847;5727;381239;217179;55.8;31.8
85;2021-06-23;3391;4495;384630;221674;56.3;32.4
85;2021-06-24;3642;4557;388272;226231;56.8;33.1
85;2021-06-25;2289;6179;390561;232410;57.2;34.0
85;2021-06-26;791;3763;391352;236173;57.3;34.6
85;2021-06-27;125;1370;391477;237543;57.3;34.8
85;2021-06-28;1185;6718;392662;244261;57.5;35.8
85;2021-06-29;1757;6874;394419;251135;57.7;36.8
85;2021-06-30;2211;6201;396630;257336;58.1;37.7
85;2021-07-01;2838;6059;399468;263395;58.5;38.6
85;2021-07-02;2267;7015;401735;270410;58.8;39.6
85;2021-07-03;617;3166;402352;273576;58.9;40.0
85;2021-07-04;145;1086;402497;274662;58.9;40.2
85;2021-07-05;1062;6652;403559;281314;59.1;41.2
85;2021-07-06;1576;6461;405135;287775;59.3;42.1
85;2021-07-07;1649;5863;406784;293638;59.5;43.0
85;2021-07-08;2165;5442;408949;299080;59.9;43.8
85;2021-07-09;1644;7098;410593;306178;60.1;44.8
85;2021-07-10;565;2839;411158;309017;60.2;45.2
85;2021-07-11;526;1288;411684;310305;60.3;45.4
85;2021-07-12;1405;7050;413089;317355;60.5;46.5
85;2021-07-13;2058;7395;415147;324750;60.8;47.5
85;2021-07-14;1454;2049;416601;326799;61.0;47.8
85;2021-07-15;2677;6944;419278;333743;61.4;48.9
85;2021-07-16;3420;6841;422698;340584;61.9;49.9
85;2021-07-17;1559;2154;424257;342738;62.1;50.2
85;2021-07-18;1146;1156;425403;343894;62.3;50.3
85;2021-07-19;3545;6238;428948;350132;62.8;51.2
85;2021-07-20;4293;6223;433241;356355;63.4;52.2
85;2021-07-21;3981;6201;437222;362556;64.0;53.1
85;2021-07-22;3889;6187;441111;368743;64.6;54.0
85;2021-07-23;4506;6708;445617;375451;65.2;55.0
85;2021-07-24;1040;2296;446657;377747;65.4;55.3
85;2021-07-25;489;304;447146;378051;65.5;55.3
85;2021-07-26;4492;5358;451638;383409;66.1;56.1
85;2021-07-27;5288;5393;456926;388802;66.9;56.9
85;2021-07-28;4948;4976;461874;393778;67.6;57.6
85;2021-07-29;5850;4739;467724;398517;68.5;58.3
85;2021-07-30;5992;4951;473716;403468;69.3;59.1
85;2021-07-31;1223;1577;474939;405045;69.5;59.3
85;2021-08-01;460;195;475399;405240;69.6;59.3
85;2021-08-02;4930;3947;480329;409187;70.3;59.9
85;2021-08-03;6502;3342;486831;412529;71.3;60.4
85;2021-08-04;6607;3411;493438;415940;72.2;60.9
85;2021-08-05;6163;3590;499601;419530;73.1;61.4
85;2021-08-06;5786;4508;505387;424038;74.0;62.1
85;2021-08-07;1498;1173;506885;425211;74.2;62.2
85;2021-08-08;328;230;507213;425441;74.2;62.3
85;2021-08-09;4117;3272;511330;428713;74.8;62.8
85;2021-08-10;4765;3410;516095;432123;75.5;63.3
85;2021-08-11;4649;4197;520744;436320;76.2;63.9
85;2021-08-12;4419;4278;525163;440598;76.9;64.5
86;2020-12-27;0;0;0;0;0.0;0.0
86;2020-12-28;1;0;1;0;0.0;0.0
86;2020-12-29;1;0;2;0;0.0;0.0
86;2020-12-30;0;0;2;0;0.0;0.0
86;2020-12-31;0;0;2;0;0.0;0.0
86;2021-01-01;0;0;2;0;0.0;0.0
86;2021-01-02;0;0;2;0;0.0;0.0
86;2021-01-03;2;0;4;0;0.0;0.0
86;2021-01-04;0;0;4;0;0.0;0.0
86;2021-01-05;0;0;4;0;0.0;0.0
86;2021-01-06;178;0;182;0;0.0;0.0
86;2021-01-07;672;0;854;0;0.2;0.0
86;2021-01-08;596;3;1450;3;0.3;0.0
86;2021-01-09;0;0;1450;3;0.3;0.0
86;2021-01-10;173;0;1623;3;0.4;0.0
86;2021-01-11;305;0;1928;3;0.4;0.0
86;2021-01-12;458;0;2386;3;0.5;0.0
86;2021-01-13;336;0;2722;3;0.6;0.0
86;2021-01-14;551;1;3273;4;0.7;0.0
86;2021-01-15;538;1;3811;5;0.9;0.0
86;2021-01-16;2;0;3813;5;0.9;0.0
86;2021-01-17;0;0;3813;5;0.9;0.0
86;2021-01-18;564;0;4377;5;1.0;0.0
86;2021-01-19;1912;1;6289;6;1.4;0.0
86;2021-01-20;1458;18;7747;24;1.8;0.0
86;2021-01-21;1292;0;9039;24;2.1;0.0
86;2021-01-22;831;0;9870;24;2.3;0.0
86;2021-01-23;313;0;10183;24;2.3;0.0
86;2021-01-24;0;0;10183;24;2.3;0.0
86;2021-01-25;583;110;10766;134;2.5;0.0
86;2021-01-26;750;123;11516;257;2.6;0.1
86;2021-01-27;764;156;12280;413;2.8;0.1
86;2021-01-28;1042;425;13322;838;3.0;0.2
86;2021-01-29;877;219;14199;1057;3.2;0.2
86;2021-01-30;275;104;14474;1161;3.3;0.3
86;2021-01-31;57;157;14531;1318;3.3;0.3
86;2021-02-01;432;207;14963;1525;3.4;0.3
86;2021-02-02;574;386;15537;1911;3.6;0.4
86;2021-02-03;525;224;16062;2135;3.7;0.5
86;2021-02-04;478;366;16540;2501;3.8;0.6
86;2021-02-05;439;744;16979;3245;3.9;0.7
86;2021-02-06;146;205;17125;3450;3.9;0.8
86;2021-02-07;120;8;17245;3458;3.9;0.8
86;2021-02-08;361;328;17606;3786;4.0;0.9
86;2021-02-09;750;1124;18356;4910;4.2;1.1
86;2021-02-10;976;942;19332;5852;4.4;1.3
86;2021-02-11;1005;976;20337;6828;4.6;1.6
86;2021-02-12;745;378;21082;7206;4.8;1.6
86;2021-02-13;191;95;21273;7301;4.9;1.7
86;2021-02-14;1;34;21274;7335;4.9;1.7
86;2021-02-15;244;508;21518;7843;4.9;1.8
86;2021-02-16;384;865;21902;8708;5.0;2.0
86;2021-02-17;449;897;22351;9605;5.1;2.2
86;2021-02-18;420;874;22771;10479;5.2;2.4
86;2021-02-19;600;640;23371;11119;5.3;2.5
86;2021-02-20;115;176;23486;11295;5.4;2.6
86;2021-02-21;0;0;23486;11295;5.4;2.6
86;2021-02-22;240;428;23726;11723;5.4;2.7
86;2021-02-23;369;607;24095;12330;5.5;2.8
86;2021-02-24;408;587;24503;12917;5.6;3.0
86;2021-02-25;901;667;25404;13584;5.8;3.1
86;2021-02-26;1028;540;26432;14124;6.0;3.2
86;2021-02-27;460;149;26892;14273;6.1;3.3
86;2021-02-28;3;2;26895;14275;6.1;3.3
86;2021-03-01;232;525;27127;14800;6.2;3.4
86;2021-03-02;1142;850;28269;15650;6.5;3.6
86;2021-03-03;792;625;29061;16275;6.6;3.7
86;2021-03-04;1495;619;30556;16894;7.0;3.9
86;2021-03-05;1577;314;32133;17208;7.3;3.9
86;2021-03-06;995;169;33128;17377;7.6;4.0
86;2021-03-07;370;32;33498;17409;7.7;4.0
86;2021-03-08;472;540;33970;17949;7.8;4.1
86;2021-03-09;1368;528;35338;18477;8.1;4.2
86;2021-03-10;949;610;36287;19087;8.3;4.4
86;2021-03-11;1795;476;38082;19563;8.7;4.5
86;2021-03-12;2205;436;40287;19999;9.2;4.6
86;2021-03-13;1445;101;41732;20100;9.5;4.6
86;2021-03-14;133;16;41865;20116;9.6;4.6
86;2021-03-15;784;159;42649;20275;9.8;4.6
86;2021-03-16;847;203;43496;20478;9.9;4.7
86;2021-03-17;786;205;44282;20683;10.1;4.7
86;2021-03-18;1005;99;45287;20782;10.4;4.8
86;2021-03-19;2141;323;47428;21105;10.8;4.8
86;2021-03-20;592;132;48020;21237;11.0;4.9
86;2021-03-21;10;0;48030;21237;11.0;4.9
86;2021-03-22;851;277;48881;21514;11.2;4.9
86;2021-03-23;2015;326;50896;21840;11.6;5.0
86;2021-03-24;1555;291;52451;22131;12.0;5.1
86;2021-03-25;2483;351;54934;22482;12.6;5.1
86;2021-03-26;3038;357;57972;22839;13.3;5.2
86;2021-03-27;731;143;58703;22982;13.4;5.3
86;2021-03-28;5;128;58708;23110;13.4;5.3
86;2021-03-29;1260;393;59968;23503;13.7;5.4
86;2021-03-30;2400;819;62368;24322;14.3;5.6
86;2021-03-31;1510;624;63878;24946;14.6;5.7
86;2021-04-01;2239;941;66117;25887;15.1;5.9
86;2021-04-02;1899;556;68016;26443;15.6;6.0
86;2021-04-03;826;324;68842;26767;15.7;6.1
86;2021-04-04;82;108;68924;26875;15.8;6.1
86;2021-04-05;314;4;69238;26879;15.8;6.1
86;2021-04-06;1533;958;70771;27837;16.2;6.4
86;2021-04-07;1633;628;72404;28465;16.6;6.5
86;2021-04-08;2567;763;74971;29228;17.1;6.7
86;2021-04-09;3251;648;78222;29876;17.9;6.8
86;2021-04-10;1663;191;79885;30067;18.3;6.9
86;2021-04-11;442;9;80327;30076;18.4;6.9
86;2021-04-12;821;765;81148;30841;18.6;7.1
86;2021-04-13;2449;940;83597;31781;19.1;7.3
86;2021-04-14;1871;876;85468;32657;19.5;7.5
86;2021-04-15;2275;725;87743;33382;20.1;7.6
86;2021-04-16;2469;1227;90212;34609;20.6;7.9
86;2021-04-17;1040;263;91252;34872;20.9;8.0
86;2021-04-18;119;3;91371;34875;20.9;8.0
86;2021-04-19;745;795;92116;35670;21.1;8.2
86;2021-04-20;2300;1501;94416;37171;21.6;8.5
86;2021-04-21;2107;1119;96523;38290;22.1;8.8
86;2021-04-22;2332;1444;98855;39734;22.6;9.1
86;2021-04-23;2394;1575;101249;41309;23.1;9.4
86;2021-04-24;1299;509;102548;41818;23.4;9.6
86;2021-04-25;825;26;103373;41844;23.6;9.6
86;2021-04-26;2079;891;105452;42735;24.1;9.8
86;2021-04-27;3152;1665;108604;44400;24.8;10.2
86;2021-04-28;3003;1523;111607;45923;25.5;10.5
86;2021-04-29;3556;1832;115163;47755;26.3;10.9
86;2021-04-30;2970;1478;118133;49233;27.0;11.3
86;2021-05-01;1579;197;119712;49430;27.4;11.3
86;2021-05-02;1280;44;120992;49474;27.7;11.3
86;2021-05-03;2562;1000;123554;50474;28.2;11.5
86;2021-05-04;3510;1899;127064;52373;29.0;12.0
86;2021-05-05;3990;1476;131054;53849;30.0;12.3
86;2021-05-06;4290;1655;135344;55504;30.9;12.7
86;2021-05-07;4045;1822;139389;57326;31.9;13.1
86;2021-05-08;1976;398;141365;57724;32.3;13.2
86;2021-05-09;1642;203;143007;57927;32.7;13.2
86;2021-05-10;1956;1174;144963;59101;33.1;13.5
86;2021-05-11;3605;2685;148568;61786;34.0;14.1
86;2021-05-12;2249;1648;150817;63434;34.5;14.5
86;2021-05-13;1686;297;152503;63731;34.9;14.6
86;2021-05-14;2098;792;154601;64523;35.3;14.8
86;2021-05-15;1467;503;156068;65026;35.7;14.9
86;2021-05-16;778;164;156846;65190;35.9;14.9
86;2021-05-17;3221;1062;160067;66252;36.6;15.1
86;2021-05-18;4305;1665;164372;67917;37.6;15.5
86;2021-05-19;3590;1434;167962;69351;38.4;15.9
86;2021-05-20;4376;1623;172338;70974;39.4;16.2
86;2021-05-21;3440;1771;175778;72745;40.2;16.6
86;2021-05-22;2076;663;177854;73408;40.7;16.8
86;2021-05-23;1439;183;179293;73591;41.0;16.8
86;2021-05-24;1848;202;181141;73793;41.4;16.9
86;2021-05-25;2849;1642;183990;75435;42.1;17.2
86;2021-05-26;2727;1525;186717;76960;42.7;17.6
86;2021-05-27;3543;1844;190260;78804;43.5;18.0
86;2021-05-28;2161;2540;192421;81344;44.0;18.6
86;2021-05-29;1527;1286;193948;82630;44.3;18.9
86;2021-05-30;935;132;194883;82762;44.6;18.9
86;2021-05-31;1921;1821;196804;84583;45.0;19.3
86;2021-06-01;2666;2594;199470;87177;45.6;19.9
86;2021-06-02;2301;2666;201771;89843;46.1;20.5
86;2021-06-03;3333;2414;205104;92257;46.9;21.1
86;2021-06-04;2238;2863;207342;95120;47.4;21.7
86;2021-06-05;1503;1578;208845;96698;47.7;22.1
86;2021-06-06;820;899;209665;97597;47.9;22.3
86;2021-06-07;1118;2464;210783;100061;48.2;22.9
86;2021-06-08;1990;3697;212773;103758;48.6;23.7
86;2021-06-09;1901;3318;214674;107076;49.1;24.5
86;2021-06-10;2350;3238;217024;110314;49.6;25.2
86;2021-06-11;1517;2791;218541;113105;50.0;25.9
86;2021-06-12;747;2247;219288;115352;50.1;26.4
86;2021-06-13;214;1477;219502;116829;50.2;26.7
86;2021-06-14;1160;2904;220662;119733;50.4;27.4
86;2021-06-15;1688;4260;222350;123993;50.8;28.3
86;2021-06-16;1808;3130;224158;127123;51.2;29.1
86;2021-06-17;1776;4446;225934;131569;51.7;30.1
86;2021-06-18;1885;4590;227819;136159;52.1;31.1
86;2021-06-19;635;2099;228454;138258;52.2;31.6
86;2021-06-20;174;1319;228628;139577;52.3;31.9
86;2021-06-21;1106;2240;229734;141817;52.5;32.4
86;2021-06-22;1297;3458;231031;145275;52.8;33.2
86;2021-06-23;1363;2401;232394;147676;53.1;33.8
86;2021-06-24;1590;2725;233984;150401;53.5;34.4
86;2021-06-25;1193;3552;235177;153953;53.8;35.2
86;2021-06-26;391;2652;235568;156605;53.9;35.8
86;2021-06-27;138;1634;235706;158239;53.9;36.2
86;2021-06-28;271;3343;235977;161582;54.0;36.9
86;2021-06-29;858;4605;236835;166187;54.1;38.0
86;2021-06-30;1048;2973;237883;169160;54.4;38.7
86;2021-07-01;1540;3004;239423;172164;54.7;39.4
86;2021-07-02;1108;3646;240531;175810;55.0;40.2
86;2021-07-03;516;2393;241047;178203;55.1;40.7
86;2021-07-04;116;1347;241163;179550;55.1;41.0
86;2021-07-05;468;2831;241631;182381;55.2;41.7
86;2021-07-06;989;4103;242620;186484;55.5;42.6
86;2021-07-07;1258;2629;243878;189113;55.8;43.2
86;2021-07-08;1616;3150;245494;192263;56.1;44.0
86;2021-07-09;1738;3083;247232;195346;56.5;44.7
86;2021-07-10;1296;1952;248528;197298;56.8;45.1
86;2021-07-11;481;841;249009;198139;56.9;45.3
86;2021-07-12;831;2402;249840;200541;57.1;45.8
86;2021-07-13;1774;3374;251614;203915;57.5;46.6
86;2021-07-14;768;1232;252382;205147;57.7;46.9
86;2021-07-15;1882;3294;254264;208441;58.1;47.7
86;2021-07-16;1665;2666;255929;211107;58.5;48.3
86;2021-07-17;1346;1601;257275;212708;58.8;48.6
86;2021-07-18;377;906;257652;213614;58.9;48.8
86;2021-07-19;1373;1886;259025;215500;59.2;49.3
86;2021-07-20;2338;2732;261363;218232;59.8;49.9
86;2021-07-21;2297;2156;263660;220388;60.3;50.4
86;2021-07-22;2891;2793;266551;223181;60.9;51.0
86;2021-07-23;2453;2160;269004;225341;61.5;51.5
86;2021-07-24;1538;1221;270542;226562;61.9;51.8
86;2021-07-25;713;322;271255;226884;62.0;51.9
86;2021-07-26;1584;2106;272839;228990;62.4;52.4
86;2021-07-27;3534;2754;276373;231744;63.2;53.0
86;2021-07-28;3257;2127;279630;233871;63.9;53.5
86;2021-07-29;3250;2541;282880;236412;64.7;54.0
86;2021-07-30;2231;2375;285111;238787;65.2;54.6
86;2021-07-31;1420;1056;286531;239843;65.5;54.8
86;2021-08-01;646;335;287177;240178;65.7;54.9
86;2021-08-02;1923;1676;289100;241854;66.1;55.3
86;2021-08-03;3266;1990;292366;243844;66.8;55.7
86;2021-08-04;2729;1783;295095;245627;67.5;56.2
86;2021-08-05;3544;2045;298639;247672;68.3;56.6
86;2021-08-06;2365;1751;301004;249423;68.8;57.0
86;2021-08-07;1568;995;302572;250418;69.2;57.3
86;2021-08-08;946;548;303518;250966;69.4;57.4
86;2021-08-09;1873;1297;305391;252263;69.8;57.7
86;2021-08-10;2667;1776;308058;254039;70.4;58.1
86;2021-08-11;2346;1431;310404;255470;71.0;58.4
86;2021-08-12;2451;1817;312855;257287;71.5;58.8
87;2020-12-27;0;0;0;0;0.0;0.0
87;2020-12-28;1;0;1;0;0.0;0.0
87;2020-12-29;0;0;1;0;0.0;0.0
87;2020-12-30;0;0;1;0;0.0;0.0
87;2020-12-31;0;0;1;0;0.0;0.0
87;2021-01-01;0;0;1;0;0.0;0.0
87;2021-01-02;0;0;1;0;0.0;0.0
87;2021-01-03;0;0;1;0;0.0;0.0
87;2021-01-04;1;0;2;0;0.0;0.0
87;2021-01-05;1;0;3;0;0.0;0.0
87;2021-01-06;10;0;13;0;0.0;0.0
87;2021-01-07;301;0;314;0;0.1;0.0
87;2021-01-08;407;0;721;0;0.2;0.0
87;2021-01-09;64;0;785;0;0.2;0.0
87;2021-01-10;35;0;820;0;0.2;0.0
87;2021-01-11;424;0;1244;0;0.3;0.0
87;2021-01-12;651;0;1895;0;0.5;0.0
87;2021-01-13;659;3;2554;3;0.7;0.0
87;2021-01-14;517;12;3071;15;0.8;0.0
87;2021-01-15;533;3;3604;18;1.0;0.0
87;2021-01-16;203;1;3807;19;1.0;0.0
87;2021-01-17;1;0;3808;19;1.0;0.0
87;2021-01-18;645;4;4453;23;1.2;0.0
87;2021-01-19;654;1;5107;24;1.4;0.0
87;2021-01-20;674;3;5781;27;1.6;0.0
87;2021-01-21;716;1;6497;28;1.8;0.0
87;2021-01-22;758;4;7255;32;2.0;0.0
87;2021-01-23;285;0;7540;32;2.0;0.0
87;2021-01-24;0;0;7540;32;2.0;0.0
87;2021-01-25;620;10;8160;42;2.2;0.0
87;2021-01-26;570;53;8730;95;2.4;0.0
87;2021-01-27;572;40;9302;135;2.5;0.0
87;2021-01-28;857;109;10159;244;2.7;0.1
87;2021-01-29;740;272;10899;516;2.9;0.1
87;2021-01-30;327;75;11226;591;3.0;0.2
87;2021-01-31;34;71;11260;662;3.0;0.2
87;2021-02-01;413;310;11673;972;3.1;0.3
87;2021-02-02;453;482;12126;1454;3.3;0.4
87;2021-02-03;541;422;12667;1876;3.4;0.5
87;2021-02-04;613;594;13280;2470;3.6;0.7
87;2021-02-05;342;384;13622;2854;3.7;0.8
87;2021-02-06;51;154;13673;3008;3.7;0.8
87;2021-02-07;20;0;13693;3008;3.7;0.8
87;2021-02-08;245;446;13938;3454;3.8;0.9
87;2021-02-09;218;546;14156;4000;3.8;1.1
87;2021-02-10;261;626;14417;4626;3.9;1.2
87;2021-02-11;286;539;14703;5165;4.0;1.4
87;2021-02-12;284;555;14987;5720;4.0;1.5
87;2021-02-13;25;169;15012;5889;4.0;1.6
87;2021-02-14;0;3;15012;5892;4.0;1.6
87;2021-02-15;237;388;15249;6280;4.1;1.7
87;2021-02-16;329;330;15578;6610;4.2;1.8
87;2021-02-17;330;380;15908;6990;4.3;1.9
87;2021-02-18;475;646;16383;7636;4.4;2.1
87;2021-02-19;402;482;16785;8118;4.5;2.2
87;2021-02-20;123;197;16908;8315;4.6;2.2
87;2021-02-21;2;9;16910;8324;4.6;2.2
87;2021-02-22;438;576;17348;8900;4.7;2.4
87;2021-02-23;556;633;17904;9533;4.8;2.6
87;2021-02-24;450;601;18354;10134;5.0;2.7
87;2021-02-25;790;707;19144;10841;5.2;2.9
87;2021-02-26;840;477;19984;11318;5.4;3.1
87;2021-02-27;405;212;20389;11530;5.5;3.1
87;2021-02-28;3;0;20392;11530;5.5;3.1
87;2021-03-01;516;371;20908;11901;5.6;3.2
87;2021-03-02;1030;386;21938;12287;5.9;3.3
87;2021-03-03;1174;352;23112;12639;6.2;3.4
87;2021-03-04;1406;335;24518;12974;6.6;3.5
87;2021-03-05;1769;285;26287;13259;7.1;3.6
87;2021-03-06;1045;40;27332;13299;7.4;3.6
87;2021-03-07;257;5;27589;13304;7.4;3.6
87;2021-03-08;863;242;28452;13546;7.7;3.7
87;2021-03-09;1288;230;29740;13776;8.0;3.7
87;2021-03-10;1298;233;31038;14009;8.4;3.8
87;2021-03-11;1754;253;32792;14262;8.8;3.8
87;2021-03-12;2127;287;34919;14549;9.4;3.9
87;2021-03-13;1309;20;36228;14569;9.8;3.9
87;2021-03-14;80;1;36308;14570;9.8;3.9
87;2021-03-15;988;357;37296;14927;10.1;4.0
87;2021-03-16;1061;242;38357;15169;10.3;4.1
87;2021-03-17;1070;221;39427;15390;10.6;4.2
87;2021-03-18;1179;340;40606;15730;11.0;4.2
87;2021-03-19;1682;275;42288;16005;11.4;4.3
87;2021-03-20;923;85;43211;16090;11.7;4.3
87;2021-03-21;32;0;43243;16090;11.7;4.3
87;2021-03-22;1047;381;44290;16471;11.9;4.4
87;2021-03-23;1385;429;45675;16900;12.3;4.6
87;2021-03-24;1508;365;47183;17265;12.7;4.7
87;2021-03-25;2499;393;49682;17658;13.4;4.8
87;2021-03-26;2531;454;52213;18112;14.1;4.9
87;2021-03-27;889;125;53102;18237;14.3;4.9
87;2021-03-28;269;18;53371;18255;14.4;4.9
87;2021-03-29;1118;417;54489;18672;14.7;5.0
87;2021-03-30;1907;665;56396;19337;15.2;5.2
87;2021-03-31;1658;693;58054;20030;15.7;5.4
87;2021-04-01;2238;571;60292;20601;16.3;5.6
87;2021-04-02;1841;629;62133;21230;16.8;5.7
87;2021-04-03;456;265;62589;21495;16.9;5.8
87;2021-04-04;2;0;62591;21495;16.9;5.8
87;2021-04-05;82;1;62673;21496;16.9;5.8
87;2021-04-06;998;905;63671;22401;17.2;6.0
87;2021-04-07;1485;926;65156;23327;17.6;6.3
87;2021-04-08;1781;1033;66937;24360;18.1;6.6
87;2021-04-09;2644;737;69581;25097;18.8;6.8
87;2021-04-10;1190;306;70771;25403;19.1;6.9
87;2021-04-11;68;0;70839;25403;19.1;6.9
87;2021-04-12;1620;826;72459;26229;19.5;7.1
87;2021-04-13;2290;1060;74749;27289;20.2;7.4
87;2021-04-14;2527;1184;77276;28473;20.8;7.7
87;2021-04-15;2223;1074;79499;29547;21.4;8.0
87;2021-04-16;2735;1071;82234;30618;22.2;8.3
87;2021-04-17;731;385;82965;31003;22.4;8.4
87;2021-04-18;111;141;83076;31144;22.4;8.4
87;2021-04-19;1658;835;84734;31979;22.9;8.6
87;2021-04-20;2085;880;86819;32859;23.4;8.9
87;2021-04-21;2292;992;89111;33851;24.0;9.1
87;2021-04-22;2564;1157;91675;35008;24.7;9.4
87;2021-04-23;1994;1180;93669;36188;25.3;9.8
87;2021-04-24;825;618;94494;36806;25.5;9.9
87;2021-04-25;64;103;94558;36909;25.5;10.0
87;2021-04-26;1356;916;95914;37825;25.9;10.2
87;2021-04-27;2397;1205;98311;39030;26.5;10.5
87;2021-04-28;3867;1440;102178;40470;27.6;10.9
87;2021-04-29;3077;1840;105255;42310;28.4;11.4
87;2021-04-30;3173;1359;108428;43669;29.2;11.8
87;2021-05-01;613;57;109041;43726;29.4;11.8
87;2021-05-02;361;5;109402;43731;29.5;11.8
87;2021-05-03;2320;933;111722;44664;30.1;12.0
87;2021-05-04;2905;1071;114627;45735;30.9;12.3
87;2021-05-05;2989;1511;117616;47246;31.7;12.7
87;2021-05-06;2531;1723;120147;48969;32.4;13.2
87;2021-05-07;2945;1717;123092;50686;33.2;13.7
87;2021-05-08;771;294;123863;50980;33.4;13.7
87;2021-05-09;19;133;123882;51113;33.4;13.8
87;2021-05-10;1937;1604;125819;52717;33.9;14.2
87;2021-05-11;2466;1907;128285;54624;34.6;14.7
87;2021-05-12;2620;2065;130905;56689;35.3;15.3
87;2021-05-13;1085;292;131990;56981;35.6;15.4
87;2021-05-14;2244;1772;134234;58753;36.2;15.8
87;2021-05-15;950;406;135184;59159;36.5;16.0
87;2021-05-16;141;73;135325;59232;36.5;16.0
87;2021-05-17;1627;1760;136952;60992;36.9;16.4
87;2021-05-18;2636;1816;139588;62808;37.6;16.9
87;2021-05-19;2821;1552;142409;64360;38.4;17.4
87;2021-05-20;3305;1718;145714;66078;39.3;17.8
87;2021-05-21;2764;1837;148478;67915;40.0;18.3
87;2021-05-22;1457;629;149935;68544;40.4;18.5
87;2021-05-23;210;92;150145;68636;40.5;18.5
87;2021-05-24;1056;142;151201;68778;40.8;18.5
87;2021-05-25;2116;1812;153317;70590;41.4;19.0
87;2021-05-26;3221;2475;156538;73065;42.2;19.7
87;2021-05-27;3023;2355;159561;75420;43.0;20.3
87;2021-05-28;2670;2522;162231;77942;43.8;21.0
87;2021-05-29;1060;1315;163291;79257;44.0;21.4
87;2021-05-30;258;59;163549;79316;44.1;21.4
87;2021-05-31;2287;1359;165836;80675;44.7;21.8
87;2021-06-01;2549;1867;168385;82542;45.4;22.3
87;2021-06-02;2525;1856;170910;84398;46.1;22.8
87;2021-06-03;3210;2529;174120;86927;47.0;23.4
87;2021-06-04;2838;2058;176958;88985;47.7;24.0
87;2021-06-05;1311;576;178269;89561;48.1;24.2
87;2021-06-06;262;95;178531;89656;48.2;24.2
87;2021-06-07;2100;1901;180631;91557;48.7;24.7
87;2021-06-08;2932;2570;183563;94127;49.5;25.4
87;2021-06-09;2305;2813;185868;96940;50.1;26.1
87;2021-06-10;2975;2552;188843;99492;50.9;26.8
87;2021-06-11;2364;3072;191207;102564;51.6;27.7
87;2021-06-12;1221;1104;192428;103668;51.9;28.0
87;2021-06-13;292;484;192720;104152;52.0;28.1
87;2021-06-14;980;2731;193700;106883;52.2;28.8
87;2021-06-15;1363;3321;195063;110204;52.6;29.7
87;2021-06-16;1650;3422;196713;113626;53.1;30.6
87;2021-06-17;2437;2316;199150;115942;53.7;31.3
87;2021-06-18;1789;3017;200939;118959;54.2;32.1
87;2021-06-19;1047;1177;201986;120136;54.5;32.4
87;2021-06-20;205;205;202191;120341;54.5;32.5
87;2021-06-21;1041;2643;203232;122984;54.8;33.2
87;2021-06-22;1030;2883;204262;125867;55.1;33.9
87;2021-06-23;1257;3081;205519;128948;55.4;34.8
87;2021-06-24;1620;2556;207139;131504;55.9;35.5
87;2021-06-25;1446;2713;208585;134217;56.3;36.2
87;2021-06-26;529;1203;209114;135420;56.4;36.5
87;2021-06-27;26;212;209140;135632;56.4;36.6
87;2021-06-28;716;2572;209856;138204;56.6;37.3
87;2021-06-29;1156;3414;211012;141618;56.9;38.2
87;2021-06-30;1121;2650;212133;144268;57.2;38.9
87;2021-07-01;1479;2548;213612;146816;57.6;39.6
87;2021-07-02;1199;3461;214811;150277;57.9;40.5
87;2021-07-03;412;1510;215223;151787;58.0;40.9
87;2021-07-04;23;383;215246;152170;58.1;41.0
87;2021-07-05;686;2395;215932;154565;58.2;41.7
87;2021-07-06;582;3222;216514;157787;58.4;42.6
87;2021-07-07;862;3347;217376;161134;58.6;43.5
87;2021-07-08;1119;3665;218495;164799;58.9;44.4
87;2021-07-09;1109;3700;219604;168499;59.2;45.4
87;2021-07-10;285;1357;219889;169856;59.3;45.8
87;2021-07-11;49;284;219938;170140;59.3;45.9
87;2021-07-12;559;3192;220497;173332;59.5;46.7
87;2021-07-13;828;3516;221325;176848;59.7;47.7
87;2021-07-14;516;540;221841;177388;59.8;47.8
87;2021-07-15;1354;3461;223195;180849;60.2;48.8
87;2021-07-16;1726;3597;224921;184446;60.7;49.7
87;2021-07-17;651;1370;225572;185816;60.8;50.1
87;2021-07-18;81;284;225653;186100;60.9;50.2
87;2021-07-19;1427;3402;227080;189502;61.2;51.1
87;2021-07-20;1803;3593;228883;193095;61.7;52.1
87;2021-07-21;1446;3149;230329;196244;62.1;52.9
87;2021-07-22;1874;3253;232203;199497;62.6;53.8
87;2021-07-23;1864;3169;234067;202666;63.1;54.7
87;2021-07-24;810;1283;234877;203949;63.3;55.0
87;2021-07-25;105;241;234982;204190;63.4;55.1
87;2021-07-26;1533;2324;236515;206514;63.8;55.7
87;2021-07-27;2524;2058;239039;208572;64.5;56.3
87;2021-07-28;2388;1998;241427;210570;65.1;56.8
87;2021-07-29;2990;1988;244417;212558;65.9;57.3
87;2021-07-30;2529;2073;246946;214631;66.6;57.9
87;2021-07-31;1104;835;248050;215466;66.9;58.1
87;2021-08-01;282;149;248332;215615;67.0;58.2
87;2021-08-02;2105;1509;250437;217124;67.5;58.6
87;2021-08-03;2481;1327;252918;218451;68.2;58.9
87;2021-08-04;2303;1059;255221;219510;68.8;59.2
87;2021-08-05;2513;1402;257734;220912;69.5;59.6
87;2021-08-06;2127;1660;259861;222572;70.1;60.0
87;2021-08-07;1100;774;260961;223346;70.4;60.2
87;2021-08-08;206;123;261167;223469;70.4;60.3
87;2021-08-09;1814;1529;262981;224998;70.9;60.7
87;2021-08-10;2191;1532;265172;226530;71.5;61.1
87;2021-08-11;1903;1272;267075;227802;72.0;61.4
87;2021-08-12;2087;1468;269162;229270;72.6;61.8
88;2020-12-27;0;0;0;0;0.0;0.0
88;2020-12-28;0;0;0;0;0.0;0.0
88;2020-12-29;0;0;0;0;0.0;0.0
88;2020-12-30;0;0;0;0;0.0;0.0
88;2020-12-31;0;0;0;0;0.0;0.0
88;2021-01-01;2;0;2;0;0.0;0.0
88;2021-01-02;0;0;2;0;0.0;0.0
88;2021-01-03;0;0;2;0;0.0;0.0
88;2021-01-04;0;0;2;0;0.0;0.0
88;2021-01-05;1;0;3;0;0.0;0.0
88;2021-01-06;3;0;6;0;0.0;0.0
88;2021-01-07;70;1;76;1;0.0;0.0
88;2021-01-08;189;2;265;3;0.1;0.0
88;2021-01-09;190;0;455;3;0.1;0.0
88;2021-01-10;0;0;455;3;0.1;0.0
88;2021-01-11;227;0;682;3;0.2;0.0
88;2021-01-12;422;0;1104;3;0.3;0.0
88;2021-01-13;491;2;1595;5;0.4;0.0
88;2021-01-14;345;2;1940;7;0.5;0.0
88;2021-01-15;380;2;2320;9;0.6;0.0
88;2021-01-16;62;0;2382;9;0.7;0.0
88;2021-01-17;1;0;2383;9;0.7;0.0
88;2021-01-18;460;0;2843;9;0.8;0.0
88;2021-01-19;451;0;3294;9;0.9;0.0
88;2021-01-20;461;1;3755;10;1.0;0.0
88;2021-01-21;1543;3;5298;13;1.5;0.0
88;2021-01-22;1179;1;6477;14;1.8;0.0
88;2021-01-23;284;0;6761;14;1.9;0.0
88;2021-01-24;298;2;7059;16;2.0;0.0
88;2021-01-25;938;3;7997;19;2.2;0.0
88;2021-01-26;388;6;8385;25;2.3;0.0
88;2021-01-27;3;0;8388;25;2.3;0.0
88;2021-01-28;162;37;8550;62;2.4;0.0
88;2021-01-29;526;163;9076;225;2.5;0.1
88;2021-01-30;288;127;9364;352;2.6;0.1
88;2021-01-31;0;0;9364;352;2.6;0.1
88;2021-02-01;406;283;9770;635;2.7;0.2
88;2021-02-02;333;364;10103;999;2.8;0.3
88;2021-02-03;437;241;10540;1240;2.9;0.3
88;2021-02-04;315;230;10855;1470;3.0;0.4
88;2021-02-05;457;251;11312;1721;3.1;0.5
88;2021-02-06;109;56;11421;1777;3.2;0.5
88;2021-02-07;0;0;11421;1777;3.2;0.5
88;2021-02-08;359;204;11780;1981;3.3;0.6
88;2021-02-09;291;288;12071;2269;3.4;0.6
88;2021-02-10;414;347;12485;2616;3.5;0.7
88;2021-02-11;849;1094;13334;3710;3.7;1.0
88;2021-02-12;938;703;14272;4413;4.0;1.2
88;2021-02-13;162;212;14434;4625;4.0;1.3
88;2021-02-14;81;216;14515;4841;4.0;1.3
88;2021-02-15;641;1075;15156;5916;4.2;1.6
88;2021-02-16;472;725;15628;6641;4.3;1.8
88;2021-02-17;456;439;16084;7080;4.5;2.0
88;2021-02-18;516;385;16600;7465;4.6;2.1
88;2021-02-19;535;462;17135;7927;4.8;2.2
88;2021-02-20;156;101;17291;8028;4.8;2.2
88;2021-02-21;1;25;17292;8053;4.8;2.2
88;2021-02-22;425;342;17717;8395;4.9;2.3
88;2021-02-23;402;232;18119;8627;5.0;2.4
88;2021-02-24;506;210;18625;8837;5.2;2.5
88;2021-02-25;675;283;19300;9120;5.4;2.5
88;2021-02-26;862;276;20162;9396;5.6;2.6
88;2021-02-27;267;34;20429;9430;5.7;2.6
88;2021-02-28;30;1;20459;9431;5.7;2.6
88;2021-03-01;359;464;20818;9895;5.8;2.8
88;2021-03-02;431;497;21249;10392;5.9;2.9
88;2021-03-03;649;464;21898;10856;6.1;3.0
88;2021-03-04;1039;754;22937;11610;6.4;3.2
88;2021-03-05;935;702;23872;12312;6.6;3.4
88;2021-03-06;1874;116;25746;12428;7.2;3.5
88;2021-03-07;1058;79;26804;12507;7.5;3.5
88;2021-03-08;726;688;27530;13195;7.7;3.7
88;2021-03-09;1095;535;28625;13730;8.0;3.8
88;2021-03-10;1080;493;29705;14223;8.3;4.0
88;2021-03-11;1442;400;31147;14623;8.7;4.1
88;2021-03-12;1309;488;32456;15111;9.0;4.2
88;2021-03-13;1210;127;33666;15238;9.4;4.2
88;2021-03-14;166;5;33832;15243;9.4;4.2
88;2021-03-15;930;447;34762;15690;9.7;4.4
88;2021-03-16;1024;343;35786;16033;10.0;4.5
88;2021-03-17;901;423;36687;16456;10.2;4.6
88;2021-03-18;1301;398;37988;16854;10.6;4.7
88;2021-03-19;1464;500;39452;17354;11.0;4.8
88;2021-03-20;1317;52;40769;17406;11.3;4.8
88;2021-03-21;37;0;40806;17406;11.4;4.8
88;2021-03-22;1231;544;42037;17950;11.7;5.0
88;2021-03-23;1781;439;43818;18389;12.2;5.1
88;2021-03-24;1874;469;45692;18858;12.7;5.2
88;2021-03-25;2500;486;48192;19344;13.4;5.4
88;2021-03-26;2480;454;50672;19798;14.1;5.5
88;2021-03-27;883;298;51555;20096;14.3;5.6
88;2021-03-28;60;4;51615;20100;14.4;5.6
88;2021-03-29;1305;443;52920;20543;14.7;5.7
88;2021-03-30;2061;391;54981;20934;15.3;5.8
88;2021-03-31;1619;577;56600;21511;15.7;6.0
88;2021-04-01;2116;714;58716;22225;16.3;6.2
88;2021-04-02;2815;638;61531;22863;17.1;6.4
88;2021-04-03;744;211;62275;23074;17.3;6.4
88;2021-04-04;16;1;62291;23075;17.3;6.4
88;2021-04-05;23;2;62314;23077;17.3;6.4
88;2021-04-06;1137;675;63451;23752;17.6;6.6
88;2021-04-07;1600;713;65051;24465;18.1;6.8
88;2021-04-08;1859;786;66910;25251;18.6;7.0
88;2021-04-09;3080;735;69990;25986;19.5;7.2
88;2021-04-10;724;648;70714;26634;19.7;7.4
88;2021-04-11;33;1;70747;26635;19.7;7.4
88;2021-04-12;1539;983;72286;27618;20.1;7.7
88;2021-04-13;2037;1091;74323;28709;20.7;8.0
88;2021-04-14;1910;950;76233;29659;21.2;8.2
88;2021-04-15;1967;1240;78200;30899;21.8;8.6
88;2021-04-16;2108;1050;80308;31949;22.3;8.9
88;2021-04-17;1429;766;81737;32715;22.7;9.1
88;2021-04-18;268;23;82005;32738;22.8;9.1
88;2021-04-19;1175;1236;83180;33974;23.1;9.4
88;2021-04-20;1190;1396;84370;35370;23.5;9.8
88;2021-04-21;1502;1298;85872;36668;23.9;10.2
88;2021-04-22;1898;1630;87770;38298;24.4;10.7
88;2021-04-23;1824;2040;89594;40338;24.9;11.2
88;2021-04-24;1184;781;90778;41119;25.2;11.4
88;2021-04-25;34;2;90812;41121;25.3;11.4
88;2021-04-26;1180;1171;91992;42292;25.6;11.8
88;2021-04-27;1278;1733;93270;44025;25.9;12.2
88;2021-04-28;1633;1494;94903;45519;26.4;12.7
88;2021-04-29;2082;1461;96985;46980;27.0;13.1
88;2021-04-30;2449;1626;99434;48606;27.7;13.5
88;2021-05-01;2006;274;101440;48880;28.2;13.6
88;2021-05-02;1301;122;102741;49002;28.6;13.6
88;2021-05-03;1558;1218;104299;50220;29.0;14.0
88;2021-05-04;1444;1465;105743;51685;29.4;14.4
88;2021-05-05;2427;1598;108170;53283;30.1;14.8
88;2021-05-06;3209;1211;111379;54494;31.0;15.2
88;2021-05-07;2938;1357;114317;55851;31.8;15.5
88;2021-05-08;1531;468;115848;56319;32.2;15.7
88;2021-05-09;1734;155;117582;56474;32.7;15.7
88;2021-05-10;1764;1572;119346;58046;33.2;16.1
88;2021-05-11;2658;1910;122004;59956;33.9;16.7
88;2021-05-12;2531;1850;124535;61806;34.6;17.2
88;2021-05-13;3258;675;127793;62481;35.5;17.4
88;2021-05-14;2501;1540;130294;64021;36.2;17.8
88;2021-05-15;1625;739;131919;64760;36.7;18.0
88;2021-05-16;1333;104;133252;64864;37.1;18.0
88;2021-05-17;1988;945;135240;65809;37.6;18.3
88;2021-05-18;2255;1108;137495;66917;38.2;18.6
88;2021-05-19;2724;1146;140219;68063;39.0;18.9
88;2021-05-20;3346;1235;143565;69298;39.9;19.3
88;2021-05-21;2875;1147;146440;70445;40.7;19.6
88;2021-05-22;1432;714;147872;71159;41.1;19.8
88;2021-05-23;557;74;148429;71233;41.3;19.8
88;2021-05-24;1675;429;150104;71662;41.8;19.9
88;2021-05-25;1646;1173;151750;72835;42.2;20.3
88;2021-05-26;2370;1137;154120;73972;42.9;20.6
88;2021-05-27;2201;1361;156321;75333;43.5;21.0
88;2021-05-28;1893;1991;158214;77324;44.0;21.5
88;2021-05-29;1232;1754;159446;79078;44.3;22.0
88;2021-05-30;587;417;160033;79495;44.5;22.1
88;2021-05-31;1326;1853;161359;81348;44.9;22.6
88;2021-06-01;1718;1988;163077;83336;45.4;23.2
88;2021-06-02;2077;1870;165154;85206;45.9;23.7
88;2021-06-03;2738;1617;167892;86823;46.7;24.1
88;2021-06-04;2043;1937;169935;88760;47.3;24.7
88;2021-06-05;1530;1141;171465;89901;47.7;25.0
88;2021-06-06;692;155;172157;90056;47.9;25.0
88;2021-06-07;1291;1708;173448;91764;48.2;25.5
88;2021-06-08;1665;1930;175113;93694;48.7;26.1
88;2021-06-09;1618;1909;176731;95603;49.2;26.6
88;2021-06-10;1779;2047;178510;97650;49.7;27.2
88;2021-06-11;1549;2216;180059;99866;50.1;27.8
88;2021-06-12;669;1657;180728;101523;50.3;28.2
88;2021-06-13;464;378;181192;101901;50.4;28.3
88;2021-06-14;1030;2245;182222;104146;50.7;29.0
88;2021-06-15;1928;2454;184150;106600;51.2;29.7
88;2021-06-16;1484;2870;185634;109470;51.6;30.4
88;2021-06-17;1598;2726;187232;112196;52.1;31.2
88;2021-06-18;1357;2458;188589;114654;52.5;31.9
88;2021-06-19;701;1090;189290;115744;52.7;32.2
88;2021-06-20;78;79;189368;115823;52.7;32.2
88;2021-06-21;672;2579;190040;118402;52.9;32.9
88;2021-06-22;869;3432;190909;121834;53.1;33.9
88;2021-06-23;1142;2878;192051;124712;53.4;34.7
88;2021-06-24;702;2602;192753;127314;53.6;35.4
88;2021-06-25;1436;3181;194189;130495;54.0;36.3
88;2021-06-26;903;2071;195092;132566;54.3;36.9
88;2021-06-27;543;634;195635;133200;54.4;37.0
88;2021-06-28;758;2509;196393;135709;54.6;37.7
88;2021-06-29;957;3355;197350;139064;54.9;38.7
88;2021-06-30;1136;3112;198486;142176;55.2;39.5
88;2021-07-01;1057;2685;199543;144861;55.5;40.3
88;2021-07-02;987;3145;200530;148006;55.8;41.2
88;2021-07-03;693;1698;201223;149704;56.0;41.6
88;2021-07-04;258;816;201481;150520;56.0;41.9
88;2021-07-05;993;2022;202474;152542;56.3;42.4
88;2021-07-06;1020;2415;203494;154957;56.6;43.1
88;2021-07-07;1179;2584;204673;157541;56.9;43.8
88;2021-07-08;1078;2061;205751;159602;57.2;44.4
88;2021-07-09;1584;2702;207335;162304;57.7;45.1
88;2021-07-10;715;1818;208050;164122;57.9;45.7
88;2021-07-11;467;696;208517;164818;58.0;45.8
88;2021-07-12;1052;2521;209569;167339;58.3;46.5
88;2021-07-13;1311;2652;210880;169991;58.7;47.3
88;2021-07-14;1197;799;212077;170790;59.0;47.5
88;2021-07-15;1743;3317;213820;174107;59.5;48.4
88;2021-07-16;1470;2964;215290;177071;59.9;49.3
88;2021-07-17;798;1590;216088;178661;60.1;49.7
88;2021-07-18;180;680;216268;179341;60.2;49.9
88;2021-07-19;1561;2238;217829;181579;60.6;50.5
88;2021-07-20;2141;2395;219970;183974;61.2;51.2
88;2021-07-21;1933;2223;221903;186197;61.7;51.8
88;2021-07-22;1696;2110;223599;188307;62.2;52.4
88;2021-07-23;2499;2781;226098;191088;62.9;53.2
88;2021-07-24;1057;1184;227155;192272;63.2;53.5
88;2021-07-25;431;608;227586;192880;63.3;53.6
88;2021-07-26;1709;2067;229295;194947;63.8;54.2
88;2021-07-27;2341;2055;231636;197002;64.4;54.8
88;2021-07-28;2202;2249;233838;199251;65.0;55.4
88;2021-07-29;3010;1628;236848;200879;65.9;55.9
88;2021-07-30;2265;2286;239113;203165;66.5;56.5
88;2021-07-31;1095;1036;240208;204201;66.8;56.8
88;2021-08-01;442;461;240650;204662;66.9;56.9
88;2021-08-02;2362;1764;243012;206426;67.6;57.4
88;2021-08-03;2865;1577;245877;208003;68.4;57.9
88;2021-08-04;2513;1523;248390;209526;69.1;58.3
88;2021-08-05;1984;1373;250374;210899;69.6;58.7
88;2021-08-06;2912;2004;253286;212903;70.5;59.2
88;2021-08-07;1171;912;254457;213815;70.8;59.5
88;2021-08-08;750;316;255207;214131;71.0;59.6
88;2021-08-09;1544;1643;256751;215774;71.4;60.0
88;2021-08-10;1930;2053;258681;217827;72.0;60.6
88;2021-08-11;1861;1743;260542;219570;72.5;61.1
88;2021-08-12;1656;1340;262198;220910;72.9;61.4
89;2020-12-27;0;0;0;0;0.0;0.0
89;2020-12-28;0;0;0;0;0.0;0.0
89;2020-12-29;0;0;0;0;0.0;0.0
89;2020-12-30;0;0;0;0;0.0;0.0
89;2020-12-31;0;0;0;0;0.0;0.0
89;2021-01-01;0;0;0;0;0.0;0.0
89;2021-01-02;0;0;0;0;0.0;0.0
89;2021-01-03;0;0;0;0;0.0;0.0
89;2021-01-04;0;0;0;0;0.0;0.0
89;2021-01-05;0;0;0;0;0.0;0.0
89;2021-01-06;48;0;48;0;0.0;0.0
89;2021-01-07;201;0;249;0;0.1;0.0
89;2021-01-08;48;0;297;0;0.1;0.0
89;2021-01-09;1;0;298;0;0.1;0.0
89;2021-01-10;0;0;298;0;0.1;0.0
89;2021-01-11;220;0;518;0;0.2;0.0
89;2021-01-12;349;0;867;0;0.3;0.0
89;2021-01-13;533;3;1400;3;0.4;0.0
89;2021-01-14;709;7;2109;10;0.6;0.0
89;2021-01-15;275;2;2384;12;0.7;0.0
89;2021-01-16;90;3;2474;15;0.7;0.0
89;2021-01-17;0;0;2474;15;0.7;0.0
89;2021-01-18;503;1;2977;16;0.9;0.0
89;2021-01-19;840;3;3817;19;1.1;0.0
89;2021-01-20;760;1;4577;20;1.4;0.0
89;2021-01-21;939;4;5516;24;1.7;0.0
89;2021-01-22;1018;1;6534;25;2.0;0.0
89;2021-01-23;200;0;6734;25;2.0;0.0
89;2021-01-24;106;0;6840;25;2.1;0.0
89;2021-01-25;482;4;7322;29;2.2;0.0
89;2021-01-26;582;13;7904;42;2.4;0.0
89;2021-01-27;472;38;8376;80;2.5;0.0
89;2021-01-28;550;127;8926;207;2.7;0.1
89;2021-01-29;958;43;9884;250;3.0;0.1
89;2021-01-30;184;67;10068;317;3.0;0.1
89;2021-01-31;24;2;10092;319;3.0;0.1
89;2021-02-01;255;153;10347;472;3.1;0.1
89;2021-02-02;282;338;10629;810;3.2;0.2
89;2021-02-03;292;344;10921;1154;3.3;0.3
89;2021-02-04;432;593;11353;1747;3.4;0.5
89;2021-02-05;387;201;11740;1948;3.5;0.6
89;2021-02-06;77;66;11817;2014;3.6;0.6
89;2021-02-07;0;0;11817;2014;3.6;0.6
89;2021-02-08;288;188;12105;2202;3.6;0.7
89;2021-02-09;285;443;12390;2645;3.7;0.8
89;2021-02-10;396;313;12786;2958;3.9;0.9
89;2021-02-11;333;551;13119;3509;4.0;1.1
89;2021-02-12;432;599;13551;4108;4.1;1.2
89;2021-02-13;52;130;13603;4238;4.1;1.3
89;2021-02-14;21;116;13624;4354;4.1;1.3
89;2021-02-15;218;409;13842;4763;4.2;1.4
89;2021-02-16;133;536;13975;5299;4.2;1.6
89;2021-02-17;263;438;14238;5737;4.3;1.7
89;2021-02-18;225;557;14463;6294;4.4;1.9
89;2021-02-19;244;653;14707;6947;4.4;2.1
89;2021-02-20;33;140;14740;7087;4.4;2.1
89;2021-02-21;0;10;14740;7097;4.4;2.1
89;2021-02-22;233;451;14973;7548;4.5;2.3
89;2021-02-23;171;493;15144;8041;4.6;2.4
89;2021-02-24;341;389;15485;8430;4.7;2.5
89;2021-02-25;369;465;15854;8895;4.8;2.7
89;2021-02-26;384;336;16238;9231;4.9;2.8
89;2021-02-27;137;81;16375;9312;4.9;2.8
89;2021-02-28;6;13;16381;9325;4.9;2.8
89;2021-03-01;541;238;16922;9563;5.1;2.9
89;2021-03-02;752;355;17674;9918;5.3;3.0
89;2021-03-03;647;276;18321;10194;5.5;3.1
89;2021-03-04;633;379;18954;10573;5.7;3.2
89;2021-03-05;730;504;19684;11077;5.9;3.3
89;2021-03-06;549;132;20233;11209;6.1;3.4
89;2021-03-07;288;40;20521;11249;6.2;3.4
89;2021-03-08;558;324;21079;11573;6.3;3.5
89;2021-03-09;998;276;22077;11849;6.6;3.6
89;2021-03-10;979;254;23056;12103;6.9;3.6
89;2021-03-11;1074;300;24130;12403;7.3;3.7
89;2021-03-12;1280;333;25410;12736;7.7;3.8
89;2021-03-13;635;43;26045;12779;7.8;3.8
89;2021-03-14;1;0;26046;12779;7.8;3.8
89;2021-03-15;815;311;26861;13090;8.1;3.9
89;2021-03-16;948;220;27809;13310;8.4;4.0
89;2021-03-17;918;268;28727;13578;8.7;4.1
89;2021-03-18;883;255;29610;13833;8.9;4.2
89;2021-03-19;1149;193;30759;14026;9.3;4.2
89;2021-03-20;844;26;31603;14052;9.5;4.2
89;2021-03-21;173;5;31776;14057;9.6;4.2
89;2021-03-22;1044;221;32820;14278;9.9;4.3
89;2021-03-23;1740;257;34560;14535;10.4;4.4
89;2021-03-24;1968;324;36528;14859;11.0;4.5
89;2021-03-25;1818;170;38346;15029;11.5;4.5
89;2021-03-26;2627;184;40973;15213;12.3;4.6
89;2021-03-27;1774;48;42747;15261;12.9;4.6
89;2021-03-28;32;3;42779;15264;12.9;4.6
89;2021-03-29;963;581;43742;15845;13.2;4.8
89;2021-03-30;1153;568;44895;16413;13.5;4.9
89;2021-03-31;2005;470;46900;16883;14.1;5.1
89;2021-04-01;2119;457;49019;17340;14.8;5.2
89;2021-04-02;2139;446;51158;17786;15.4;5.4
89;2021-04-03;1003;242;52161;18028;15.7;5.4
89;2021-04-04;16;1;52177;18029;15.7;5.4
89;2021-04-05;92;2;52269;18031;15.7;5.4
89;2021-04-06;1034;755;53303;18786;16.1;5.7
89;2021-04-07;1031;805;54334;19591;16.4;5.9
89;2021-04-08;1730;724;56064;20315;16.9;6.1
89;2021-04-09;2161;732;58225;21047;17.5;6.3
89;2021-04-10;891;180;59116;21227;17.8;6.4
89;2021-04-11;37;51;59153;21278;17.8;6.4
89;2021-04-12;1014;793;60167;22071;18.1;6.6
89;2021-04-13;1357;1077;61524;23148;18.5;7.0
89;2021-04-14;1211;1037;62735;24185;18.9;7.3
89;2021-04-15;1415;945;64150;25130;19.3;7.6
89;2021-04-16;1329;939;65479;26069;19.7;7.8
89;2021-04-17;1067;455;66546;26524;20.0;8.0
89;2021-04-18;27;154;66573;26678;20.0;8.0
89;2021-04-19;749;1033;67322;27711;20.3;8.3
89;2021-04-20;1018;1533;68340;29244;20.6;8.8
89;2021-04-21;814;1103;69154;30347;20.8;9.1
89;2021-04-22;1107;1168;70261;31515;21.2;9.5
89;2021-04-23;1823;1966;72084;33481;21.7;10.1
89;2021-04-24;1172;1175;73256;34656;22.1;10.4
89;2021-04-25;139;6;73395;34662;22.1;10.4
89;2021-04-26;1501;774;74896;35436;22.6;10.7
89;2021-04-27;1732;1055;76628;36491;23.1;11.0
89;2021-04-28;1590;1852;78218;38343;23.6;11.5
89;2021-04-29;1970;1913;80188;40256;24.1;12.1
89;2021-04-30;1804;1764;81992;42020;24.7;12.7
89;2021-05-01;846;722;82838;42742;24.9;12.9
89;2021-05-02;133;31;82971;42773;25.0;12.9
89;2021-05-03;1605;761;84576;43534;25.5;13.1
89;2021-05-04;1620;1128;86196;44662;26.0;13.4
89;2021-05-05;2319;1265;88515;45927;26.7;13.8
89;2021-05-06;2413;1377;90928;47304;27.4;14.2
89;2021-05-07;2721;1316;93649;48620;28.2;14.6
89;2021-05-08;1786;534;95435;49154;28.7;14.8
89;2021-05-09;196;18;95631;49172;28.8;14.8
89;2021-05-10;1200;965;96831;50137;29.2;15.1
89;2021-05-11;2491;1460;99322;51597;29.9;15.5
89;2021-05-12;2059;1218;101381;52815;30.5;15.9
89;2021-05-13;414;333;101795;53148;30.7;16.0
89;2021-05-14;1878;1095;103673;54243;31.2;16.3
89;2021-05-15;2248;393;105921;54636;31.9;16.5
89;2021-05-16;10;35;105931;54671;31.9;16.5
89;2021-05-17;2091;636;108022;55307;32.5;16.7
89;2021-05-18;2324;827;110346;56134;33.2;16.9
89;2021-05-19;2861;881;113207;57015;34.1;17.2
89;2021-05-20;2928;888;116135;57903;35.0;17.4
89;2021-05-21;2480;878;118615;58781;35.7;17.7
89;2021-05-22;1429;570;120044;59351;36.1;17.9
89;2021-05-23;108;10;120152;59361;36.2;17.9
89;2021-05-24;286;223;120438;59584;36.3;17.9
89;2021-05-25;1558;983;121996;60567;36.7;18.2
89;2021-05-26;1817;1020;123813;61587;37.3;18.5
89;2021-05-27;2118;1353;125931;62940;37.9;19.0
89;2021-05-28;2143;1423;128074;64363;38.6;19.4
89;2021-05-29;540;658;128614;65021;38.7;19.6
89;2021-05-30;25;22;128639;65043;38.7;19.6
89;2021-05-31;1248;968;129887;66011;39.1;19.9
89;2021-06-01;1506;982;131393;66993;39.6;20.2
89;2021-06-02;1949;1280;133342;68273;40.2;20.6
89;2021-06-03;2428;1522;135770;69795;40.9;21.0
89;2021-06-04;2143;1886;137913;71681;41.5;21.6
89;2021-06-05;1184;1224;139097;72905;41.9;22.0
89;2021-06-06;22;37;139119;72942;41.9;22.0
89;2021-06-07;2109;1447;141228;74389;42.5;22.4
89;2021-06-08;2196;1454;143424;75843;43.2;22.8
89;2021-06-09;2321;1507;145745;77350;43.9;23.3
89;2021-06-10;2790;1600;148535;78950;44.7;23.8
89;2021-06-11;1947;1748;150482;80698;45.3;24.3
89;2021-06-12;1103;757;151585;81455;45.6;24.5
89;2021-06-13;155;424;151740;81879;45.7;24.7
89;2021-06-14;1310;1820;153050;83699;46.1;25.2
89;2021-06-15;1402;2012;154452;85711;46.5;25.8
89;2021-06-16;1129;2582;155581;88293;46.8;26.6
89;2021-06-17;1430;2338;157011;90631;47.3;27.3
89;2021-06-18;1623;2876;158634;93507;47.8;28.2
89;2021-06-19;687;1662;159321;95169;48.0;28.7
89;2021-06-20;55;127;159376;95296;48.0;28.7
89;2021-06-21;759;1528;160135;96824;48.2;29.2
89;2021-06-22;1048;2679;161183;99503;48.5;30.0
89;2021-06-23;1156;1796;162339;101299;48.9;30.5
89;2021-06-24;1077;1495;163416;102794;49.2;31.0
89;2021-06-25;1007;2428;164423;105222;49.5;31.7
89;2021-06-26;561;2480;164984;107702;49.7;32.4
89;2021-06-27;14;28;164998;107730;49.7;32.4
89;2021-06-28;1033;2493;166031;110223;50.0;33.2
89;2021-06-29;687;2403;166718;112626;50.2;33.9
89;2021-06-30;1083;3179;167801;115805;50.5;34.9
89;2021-07-01;1021;2984;168822;118789;50.8;35.8
89;2021-07-02;1104;2746;169926;121535;51.2;36.6
89;2021-07-03;554;1572;170480;123107;51.3;37.1
89;2021-07-04;11;36;170491;123143;51.3;37.1
89;2021-07-05;1293;1836;171784;124979;51.7;37.6
89;2021-07-06;1050;2309;172834;127288;52.0;38.3
89;2021-07-07;666;1786;173500;129074;52.2;38.9
89;2021-07-08;790;1870;174290;130944;52.5;39.4
89;2021-07-09;1131;2605;175421;133549;52.8;40.2
89;2021-07-10;717;814;176138;134363;53.0;40.5
89;2021-07-11;25;39;176163;134402;53.0;40.5
89;2021-07-12;1423;1899;177586;136301;53.5;41.0
89;2021-07-13;2129;2745;179715;139046;54.1;41.9
89;2021-07-14;312;324;180027;139370;54.2;42.0
89;2021-07-15;2231;3166;182258;142536;54.9;42.9
89;2021-07-16;2387;2857;184645;145393;55.6;43.8
89;2021-07-17;1232;1227;185877;146620;56.0;44.1
89;2021-07-18;276;96;186153;146716;56.1;44.2
89;2021-07-19;1562;2814;187715;149530;56.5;45.0
89;2021-07-20;1919;3280;189634;152810;57.1;46.0
89;2021-07-21;2076;2721;191710;155531;57.7;46.8
89;2021-07-22;2468;2990;194178;158521;58.5;47.7
89;2021-07-23;2462;3101;196640;161622;59.2;48.7
89;2021-07-24;1231;1250;197871;162872;59.6;49.0
89;2021-07-25;68;185;197939;163057;59.6;49.1
89;2021-07-26;1709;2320;199648;165377;60.1;49.8
89;2021-07-27;2324;1905;201972;167282;60.8;50.4
89;2021-07-28;2511;1334;204483;168616;61.6;50.8
89;2021-07-29;2507;1615;206990;170231;62.3;51.3
89;2021-07-30;2657;1615;209647;171846;63.1;51.7
89;2021-07-31;1118;1073;210765;172919;63.5;52.1
89;2021-08-01;69;33;210834;172952;63.5;52.1
89;2021-08-02;1773;1280;212607;174232;64.0;52.5
89;2021-08-03;2451;1246;215058;175478;64.8;52.8
89;2021-08-04;1519;1641;216577;177119;65.2;53.3
89;2021-08-05;1527;1685;218104;178804;65.7;53.8
89;2021-08-06;2156;1643;220260;180447;66.3;54.3
89;2021-08-07;923;1089;221183;181536;66.6;54.7
89;2021-08-08;54;46;221237;181582;66.6;54.7
89;2021-08-09;1087;1171;222324;182753;66.9;55.0
89;2021-08-10;1770;1809;224094;184562;67.5;55.6
89;2021-08-11;1504;1572;225598;186134;67.9;56.0
89;2021-08-12;1339;1380;226937;187514;68.3;56.5
90;2020-12-27;0;0;0;0;0.0;0.0
90;2020-12-28;0;0;0;0;0.0;0.0
90;2020-12-29;0;0;0;0;0.0;0.0
90;2020-12-30;1;0;1;0;0.0;0.0
90;2020-12-31;0;0;1;0;0.0;0.0
90;2021-01-01;0;0;1;0;0.0;0.0
90;2021-01-02;1;0;2;0;0.0;0.0
90;2021-01-03;0;0;2;0;0.0;0.0
90;2021-01-04;2;0;4;0;0.0;0.0
90;2021-01-05;0;0;4;0;0.0;0.0
90;2021-01-06;0;0;4;0;0.0;0.0
90;2021-01-07;1;0;5;0;0.0;0.0
90;2021-01-08;170;0;175;0;0.1;0.0
90;2021-01-09;46;0;221;0;0.2;0.0
90;2021-01-10;0;0;221;0;0.2;0.0
90;2021-01-11;200;0;421;0;0.3;0.0
90;2021-01-12;430;0;851;0;0.6;0.0
90;2021-01-13;468;3;1319;3;0.9;0.0
90;2021-01-14;414;1;1733;4;1.2;0.0
90;2021-01-15;405;9;2138;13;1.5;0.0
90;2021-01-16;111;2;2249;15;1.6;0.0
90;2021-01-17;1;0;2250;15;1.6;0.0
90;2021-01-18;364;2;2614;17;1.9;0.0
90;2021-01-19;461;5;3075;22;2.2;0.0
90;2021-01-20;392;2;3467;24;2.5;0.0
90;2021-01-21;351;1;3818;25;2.7;0.0
90;2021-01-22;346;2;4164;27;3.0;0.0
90;2021-01-23;98;0;4262;27;3.0;0.0
90;2021-01-24;0;0;4262;27;3.0;0.0
90;2021-01-25;322;3;4584;30;3.3;0.0
90;2021-01-26;224;0;4808;30;3.4;0.0
90;2021-01-27;254;0;5062;30;3.6;0.0
90;2021-01-28;328;33;5390;63;3.8;0.0
90;2021-01-29;291;163;5681;226;4.1;0.2
90;2021-01-30;176;45;5857;271;4.2;0.2
90;2021-01-31;118;0;5975;271;4.3;0.2
90;2021-02-01;275;112;6250;383;4.5;0.3
90;2021-02-02;290;163;6540;546;4.7;0.4
90;2021-02-03;256;368;6796;914;4.8;0.7
90;2021-02-04;257;302;7053;1216;5.0;0.9
90;2021-02-05;266;271;7319;1487;5.2;1.1
90;2021-02-06;89;68;7408;1555;5.3;1.1
90;2021-02-07;0;0;7408;1555;5.3;1.1
90;2021-02-08;170;218;7578;1773;5.4;1.3
90;2021-02-09;139;166;7717;1939;5.5;1.4
90;2021-02-10;182;31;7899;1970;5.6;1.4
90;2021-02-11;228;109;8127;2079;5.8;1.5
90;2021-02-12;126;239;8253;2318;5.9;1.7
90;2021-02-13;95;45;8348;2363;6.0;1.7
90;2021-02-14;0;0;8348;2363;6.0;1.7
90;2021-02-15;113;280;8461;2643;6.0;1.9
90;2021-02-16;92;276;8553;2919;6.1;2.1
90;2021-02-17;178;205;8731;3124;6.2;2.2
90;2021-02-18;128;242;8859;3366;6.3;2.4
90;2021-02-19;64;272;8923;3638;6.4;2.6
90;2021-02-20;40;72;8963;3710;6.4;2.6
90;2021-02-21;0;0;8963;3710;6.4;2.6
90;2021-02-22;76;333;9039;4043;6.4;2.9
90;2021-02-23;40;259;9079;4302;6.5;3.1
90;2021-02-24;109;289;9188;4591;6.6;3.3
90;2021-02-25;89;313;9277;4904;6.6;3.5
90;2021-02-26;89;396;9366;5300;6.7;3.8
90;2021-02-27;140;178;9506;5478;6.8;3.9
90;2021-02-28;8;113;9514;5591;6.8;4.0
90;2021-03-01;212;233;9726;5824;6.9;4.2
90;2021-03-02;178;285;9904;6109;7.1;4.4
90;2021-03-03;239;355;10143;6464;7.2;4.6
90;2021-03-04;259;277;10402;6741;7.4;4.8
90;2021-03-05;359;270;10761;7011;7.7;5.0
90;2021-03-06;291;104;11052;7115;7.9;5.1
90;2021-03-07;18;1;11070;7116;7.9;5.1
90;2021-03-08;246;246;11316;7362;8.1;5.3
90;2021-03-09;428;163;11744;7525;8.4;5.4
90;2021-03-10;348;197;12092;7722;8.6;5.5
90;2021-03-11;348;119;12440;7841;8.9;5.6
90;2021-03-12;519;128;12959;7969;9.2;5.7
90;2021-03-13;539;47;13498;8016;9.6;5.7
90;2021-03-14;21;0;13519;8016;9.6;5.7
90;2021-03-15;387;117;13906;8133;9.9;5.8
90;2021-03-16;401;99;14307;8232;10.2;5.9
90;2021-03-17;323;76;14630;8308;10.4;5.9
90;2021-03-18;348;78;14978;8386;10.7;6.0
90;2021-03-19;468;78;15446;8464;11.0;6.0
90;2021-03-20;426;47;15872;8511;11.3;6.1
90;2021-03-21;7;2;15879;8513;11.3;6.1
90;2021-03-22;399;29;16278;8542;11.6;6.1
90;2021-03-23;738;73;17016;8615;12.1;6.1
90;2021-03-24;816;45;17832;8660;12.7;6.2
90;2021-03-25;945;74;18777;8734;13.4;6.2
90;2021-03-26;1227;59;20004;8793;14.3;6.3
90;2021-03-27;437;33;20441;8826;14.6;6.3
90;2021-03-28;34;0;20475;8826;14.6;6.3
90;2021-03-29;712;142;21187;8968;15.1;6.4
90;2021-03-30;674;154;21861;9122;15.6;6.5
90;2021-03-31;728;81;22589;9203;16.1;6.6
90;2021-04-01;601;117;23190;9320;16.5;6.7
90;2021-04-02;657;97;23847;9417;17.0;6.7
90;2021-04-03;370;40;24217;9457;17.3;6.7
90;2021-04-04;1;0;24218;9457;17.3;6.7
90;2021-04-05;0;0;24218;9457;17.3;6.7
90;2021-04-06;528;250;24746;9707;17.7;6.9
90;2021-04-07;484;263;25230;9970;18.0;7.1
90;2021-04-08;510;244;25740;10214;18.4;7.3
90;2021-04-09;752;265;26492;10479;18.9;7.5
90;2021-04-10;223;8;26715;10487;19.1;7.5
90;2021-04-11;7;0;26722;10487;19.1;7.5
90;2021-04-12;556;479;27278;10966;19.5;7.8
90;2021-04-13;631;530;27909;11496;19.9;8.2
90;2021-04-14;527;352;28436;11848;20.3;8.5
90;2021-04-15;905;288;29341;12136;20.9;8.7
90;2021-04-16;370;404;29711;12540;21.2;8.9
90;2021-04-17;189;127;29900;12667;21.3;9.0
90;2021-04-18;21;0;29921;12667;21.4;9.0
90;2021-04-19;435;569;30356;13236;21.7;9.4
90;2021-04-20;494;620;30850;13856;22.0;9.9
90;2021-04-21;353;497;31203;14353;22.3;10.2
90;2021-04-22;568;601;31771;14954;22.7;10.7
90;2021-04-23;505;744;32276;15698;23.0;11.2
90;2021-04-24;306;202;32582;15900;23.2;11.3
90;2021-04-25;1;0;32583;15900;23.2;11.3
90;2021-04-26;508;751;33091;16651;23.6;11.9
90;2021-04-27;641;680;33732;17331;24.1;12.4
90;2021-04-28;765;445;34497;17776;24.6;12.7
90;2021-04-29;1003;451;35500;18227;25.3;13.0
90;2021-04-30;1120;458;36620;18685;26.1;13.3
90;2021-05-01;60;42;36680;18727;26.2;13.4
90;2021-05-02;4;0;36684;18727;26.2;13.4
90;2021-05-03;903;286;37587;19013;26.8;13.6
90;2021-05-04;784;638;38371;19651;27.4;14.0
90;2021-05-05;892;505;39263;20156;28.0;14.4
90;2021-05-06;853;627;40116;20783;28.6;14.8
90;2021-05-07;440;510;40556;21293;28.9;15.2
90;2021-05-08;26;27;40582;21320;29.0;15.2
90;2021-05-09;5;33;40587;21353;29.0;15.2
90;2021-05-10;507;585;41094;21938;29.3;15.7
90;2021-05-11;778;636;41872;22574;29.9;16.1
90;2021-05-12;530;598;42402;23172;30.3;16.5
90;2021-05-13;1113;263;43515;23435;31.0;16.7
90;2021-05-14;865;403;44380;23838;31.7;17.0
90;2021-05-15;14;125;44394;23963;31.7;17.1
90;2021-05-16;2;7;44396;23970;31.7;17.1
90;2021-05-17;793;289;45189;24259;32.2;17.3
90;2021-05-18;1023;470;46212;24729;33.0;17.6
90;2021-05-19;1265;384;47477;25113;33.9;17.9
90;2021-05-20;1200;269;48677;25382;34.7;18.1
90;2021-05-21;1265;431;49942;25813;35.6;18.4
90;2021-05-22;9;131;49951;25944;35.6;18.5
90;2021-05-23;4;0;49955;25944;35.6;18.5
90;2021-05-24;368;266;50323;26210;35.9;18.7
90;2021-05-25;637;792;50960;27002;36.4;19.3
90;2021-05-26;631;567;51591;27569;36.8;19.7
90;2021-05-27;963;382;52554;27951;37.5;19.9
90;2021-05-28;669;827;53223;28778;38.0;20.5
90;2021-05-29;93;296;53316;29074;38.0;20.7
90;2021-05-30;4;1;53320;29075;38.0;20.7
90;2021-05-31;809;714;54129;29789;38.6;21.3
90;2021-06-01;968;740;55097;30529;39.3;21.8
90;2021-06-02;760;676;55857;31205;39.9;22.3
90;2021-06-03;758;743;56615;31948;40.4;22.8
90;2021-06-04;833;974;57448;32922;41.0;23.5
90;2021-06-05;54;427;57502;33349;41.0;23.8
90;2021-06-06;1;16;57503;33365;41.0;23.8
90;2021-06-07;1265;1081;58768;34446;41.9;24.6
90;2021-06-08;1481;936;60249;35382;43.0;25.2
90;2021-06-09;965;658;61214;36040;43.7;25.7
90;2021-06-10;625;496;61839;36536;44.1;26.1
90;2021-06-11;787;1126;62626;37662;44.7;26.9
90;2021-06-12;806;298;63432;37960;45.3;27.1
90;2021-06-13;10;12;63442;37972;45.3;27.1
90;2021-06-14;260;973;63702;38945;45.5;27.8
90;2021-06-15;566;880;64268;39825;45.9;28.4
90;2021-06-16;506;547;64774;40372;46.2;28.8
90;2021-06-17;439;637;65213;41009;46.5;29.3
90;2021-06-18;609;996;65822;42005;47.0;30.0
90;2021-06-19;450;169;66272;42174;47.3;30.1
90;2021-06-20;0;28;66272;42202;47.3;30.1
90;2021-06-21;255;1178;66527;43380;47.5;31.0
90;2021-06-22;383;950;66910;44330;47.7;31.6
90;2021-06-23;413;634;67323;44964;48.0;32.1
90;2021-06-24;317;602;67640;45566;48.3;32.5
90;2021-06-25;425;1273;68065;46839;48.6;33.4
90;2021-06-26;420;561;68485;47400;48.9;33.8
90;2021-06-27;2;6;68487;47406;48.9;33.8
90;2021-06-28;377;1298;68864;48704;49.1;34.8
90;2021-06-29;306;1305;69170;50009;49.4;35.7
90;2021-06-30;486;1230;69656;51239;49.7;36.6
90;2021-07-01;346;919;70002;52158;49.9;37.2
90;2021-07-02;506;1206;70508;53364;50.3;38.1
90;2021-07-03;51;129;70559;53493;50.3;38.2
90;2021-07-04;0;21;70559;53514;50.3;38.2
90;2021-07-05;398;1014;70957;54528;50.6;38.9
90;2021-07-06;513;971;71470;55499;51.0;39.6
90;2021-07-07;379;995;71849;56494;51.3;40.3
90;2021-07-08;304;608;72153;57102;51.5;40.7
90;2021-07-09;435;951;72588;58053;51.8;41.4
90;2021-07-10;27;90;72615;58143;51.8;41.5
90;2021-07-11;6;17;72621;58160;51.8;41.5
90;2021-07-12;239;1076;72860;59236;52.0;42.3
90;2021-07-13;474;1162;73334;60398;52.3;43.1
90;2021-07-14;0;8;73334;60406;52.3;43.1
90;2021-07-15;790;1448;74124;61854;52.9;44.1
90;2021-07-16;822;1682;74946;63536;53.5;45.3
90;2021-07-17;483;955;75429;64491;53.8;46.0
90;2021-07-18;4;2;75433;64493;53.8;46.0
90;2021-07-19;1182;1461;76615;65954;54.7;47.1
90;2021-07-20;1334;1137;77949;67091;55.6;47.9
90;2021-07-21;1393;979;79342;68070;56.6;48.6
90;2021-07-22;1115;693;80457;68763;57.4;49.1
90;2021-07-23;959;1023;81416;69786;58.1;49.8
90;2021-07-24;116;64;81532;69850;58.2;49.8
90;2021-07-25;2;1;81534;69851;58.2;49.8
90;2021-07-26;1068;802;82602;70653;58.9;50.4
90;2021-07-27;1072;741;83674;71394;59.7;50.9
90;2021-07-28;808;709;84482;72103;60.3;51.4
90;2021-07-29;832;437;85314;72540;60.9;51.8
90;2021-07-30;777;495;86091;73035;61.4;52.1
90;2021-07-31;479;313;86570;73348;61.8;52.3
90;2021-08-01;0;3;86570;73351;61.8;52.3
90;2021-08-02;834;512;87404;73863;62.4;52.7
90;2021-08-03;907;492;88311;74355;63.0;53.1
90;2021-08-04;1064;456;89375;74811;63.8;53.4
90;2021-08-05;519;221;89894;75032;64.1;53.5
90;2021-08-06;634;386;90528;75418;64.6;53.8
90;2021-08-07;35;63;90563;75481;64.6;53.9
90;2021-08-08;18;3;90581;75484;64.6;53.9
90;2021-08-09;721;943;91302;76427;65.1;54.5
90;2021-08-10;533;1150;91835;77577;65.5;55.4
90;2021-08-11;537;946;92372;78523;65.9;56.0
90;2021-08-12;444;816;92816;79339;66.2;56.6
91;2020-12-27;0;0;0;0;0.0;0.0
91;2020-12-28;0;0;0;0;0.0;0.0
91;2020-12-29;1;0;1;0;0.0;0.0
91;2020-12-30;1;0;2;0;0.0;0.0
91;2020-12-31;0;0;2;0;0.0;0.0
91;2021-01-01;5;0;7;0;0.0;0.0
91;2021-01-02;0;0;7;0;0.0;0.0
91;2021-01-03;0;0;7;0;0.0;0.0
91;2021-01-04;1;0;8;0;0.0;0.0
91;2021-01-05;71;0;79;0;0.0;0.0
91;2021-01-06;188;2;267;2;0.0;0.0
91;2021-01-07;523;6;790;8;0.1;0.0
91;2021-01-08;394;1;1184;9;0.1;0.0
91;2021-01-09;89;3;1273;12;0.1;0.0
91;2021-01-10;1;0;1274;12;0.1;0.0
91;2021-01-11;595;2;1869;14;0.1;0.0
91;2021-01-12;899;8;2768;22;0.2;0.0
91;2021-01-13;702;6;3470;28;0.3;0.0
91;2021-01-14;721;10;4191;38;0.3;0.0
91;2021-01-15;568;3;4759;41;0.4;0.0
91;2021-01-16;316;8;5075;49;0.4;0.0
91;2021-01-17;116;1;5191;50;0.4;0.0
91;2021-01-18;991;3;6182;53;0.5;0.0
91;2021-01-19;1864;12;8046;65;0.6;0.0
91;2021-01-20;2367;19;10413;84;0.8;0.0
91;2021-01-21;2094;15;12507;99;0.9;0.0
91;2021-01-22;1858;9;14365;108;1.1;0.0
91;2021-01-23;413;1;14778;109;1.1;0.0
91;2021-01-24;53;0;14831;109;1.1;0.0
91;2021-01-25;1048;4;15879;113;1.2;0.0
91;2021-01-26;1576;41;17455;154;1.3;0.0
91;2021-01-27;2414;96;19869;250;1.5;0.0
91;2021-01-28;1980;223;21849;473;1.7;0.0
91;2021-01-29;1749;66;23598;539;1.8;0.0
91;2021-01-30;422;7;24020;546;1.8;0.0
91;2021-01-31;54;0;24074;546;1.8;0.0
91;2021-02-01;964;219;25038;765;1.9;0.1
91;2021-02-02;858;365;25896;1130;2.0;0.1
91;2021-02-03;937;571;26833;1701;2.0;0.1
91;2021-02-04;885;282;27718;1983;2.1;0.2
91;2021-02-05;1034;359;28752;2342;2.2;0.2
91;2021-02-06;337;91;29089;2433;2.2;0.2
91;2021-02-07;13;0;29102;2433;2.2;0.2
91;2021-02-08;905;605;30007;3038;2.3;0.2
91;2021-02-09;961;861;30968;3899;2.3;0.3
91;2021-02-10;1066;990;32034;4889;2.4;0.4
91;2021-02-11;1120;1018;33154;5907;2.5;0.4
91;2021-02-12;1061;834;34215;6741;2.6;0.5
91;2021-02-13;330;360;34545;7101;2.6;0.5
91;2021-02-14;18;112;34563;7213;2.6;0.5
91;2021-02-15;368;1264;34931;8477;2.6;0.6
91;2021-02-16;553;1763;35484;10240;2.7;0.8
91;2021-02-17;810;2680;36294;12920;2.8;1.0
91;2021-02-18;941;2017;37235;14937;2.8;1.1
91;2021-02-19;864;1385;38099;16322;2.9;1.2
91;2021-02-20;166;361;38265;16683;2.9;1.3
91;2021-02-21;13;50;38278;16733;2.9;1.3
91;2021-02-22;335;1204;38613;17937;2.9;1.4
91;2021-02-23;397;1072;39010;19009;3.0;1.4
91;2021-02-24;473;1059;39483;20068;3.0;1.5
91;2021-02-25;731;1020;40214;21088;3.0;1.6
91;2021-02-26;1095;1059;41309;22147;3.1;1.7
91;2021-02-27;609;330;41918;22477;3.2;1.7
91;2021-02-28;65;66;41983;22543;3.2;1.7
91;2021-03-01;931;1069;42914;23612;3.3;1.8
91;2021-03-02;1259;1094;44173;24706;3.3;1.9
91;2021-03-03;1466;1278;45639;25984;3.5;2.0
91;2021-03-04;2422;1127;48061;27111;3.6;2.1
91;2021-03-05;3350;1164;51411;28275;3.9;2.1
91;2021-03-06;4903;455;56314;28730;4.3;2.2
91;2021-03-07;3207;113;59521;28843;4.5;2.2
91;2021-03-08;1474;1068;60995;29911;4.6;2.3
91;2021-03-09;2623;994;63618;30905;4.8;2.3
91;2021-03-10;2618;1041;66236;31946;5.0;2.4
91;2021-03-11;3785;1128;70021;33074;5.3;2.5
91;2021-03-12;4784;1045;74805;34119;5.7;2.6
91;2021-03-13;5257;328;80062;34447;6.1;2.6
91;2021-03-14;302;27;80364;34474;6.1;2.6
91;2021-03-15;2982;436;83346;34910;6.3;2.6
91;2021-03-16;2607;383;85953;35293;6.5;2.7
91;2021-03-17;2227;345;88180;35638;6.7;2.7
91;2021-03-18;2389;407;90569;36045;6.9;2.7
91;2021-03-19;4093;381;94662;36426;7.2;2.8
91;2021-03-20;3609;178;98271;36604;7.4;2.8
91;2021-03-21;138;30;98409;36634;7.5;2.8
91;2021-03-22;3148;607;101557;37241;7.7;2.8
91;2021-03-23;4137;699;105694;37940;8.0;2.9
91;2021-03-24;3936;497;109630;38437;8.3;2.9
91;2021-03-25;5057;526;114687;38963;8.7;3.0
91;2021-03-26;5550;546;120237;39509;9.1;3.0
91;2021-03-27;4989;337;125226;39846;9.5;3.0
91;2021-03-28;282;57;125508;39903;9.5;3.0
91;2021-03-29;3304;1038;128812;40941;9.8;3.1
91;2021-03-30;4424;1220;133236;42161;10.1;3.2
91;2021-03-31;3366;1338;136602;43499;10.4;3.3
91;2021-04-01;3737;1679;140339;45178;10.6;3.4
91;2021-04-02;3892;2312;144231;47490;10.9;3.6
91;2021-04-03;1869;2873;146100;50363;11.1;3.8
91;2021-04-04;648;1320;146748;51683;11.1;3.9
91;2021-04-05;562;131;147310;51814;11.2;3.9
91;2021-04-06;3403;1788;150713;53602;11.4;4.1
91;2021-04-07;3414;1932;154127;55534;11.7;4.2
91;2021-04-08;4661;2154;158788;57688;12.0;4.4
91;2021-04-09;5345;2146;164133;59834;12.4;4.5
91;2021-04-10;2729;2817;166862;62651;12.6;4.7
91;2021-04-11;192;141;167054;62792;12.7;4.8
91;2021-04-12;2854;2272;169908;65064;12.9;4.9
91;2021-04-13;3755;2644;173663;67708;13.2;5.1
91;2021-04-14;3707;2320;177370;70028;13.4;5.3
91;2021-04-15;4477;2509;181847;72537;13.8;5.5
91;2021-04-16;4548;2802;186395;75339;14.1;5.7
91;2021-04-17;2982;2076;189377;77415;14.4;5.9
91;2021-04-18;268;70;189645;77485;14.4;5.9
91;2021-04-19;2303;2731;191948;80216;14.5;6.1
91;2021-04-20;3178;2984;195126;83200;14.8;6.3
91;2021-04-21;2989;2897;198115;86097;15.0;6.5
91;2021-04-22;3165;3363;201280;89460;15.3;6.8
91;2021-04-23;3713;3355;204993;92815;15.5;7.0
91;2021-04-24;3480;3729;208473;96544;15.8;7.3
91;2021-04-25;2615;641;211088;97185;16.0;7.4
91;2021-04-26;3487;2800;214575;99985;16.3;7.6
91;2021-04-27;4487;2925;219062;102910;16.6;7.8
91;2021-04-28;4568;2703;223630;105613;16.9;8.0
91;2021-04-29;5742;3053;229372;108666;17.4;8.2
91;2021-04-30;5388;2852;234760;111518;17.8;8.5
91;2021-05-01;3514;520;238274;112038;18.1;8.5
91;2021-05-02;624;131;238898;112169;18.1;8.5
91;2021-05-03;5202;2289;244100;114458;18.5;8.7
91;2021-05-04;5592;3174;249692;117632;18.9;8.9
91;2021-05-05;4848;2868;254540;120500;19.3;9.1
91;2021-05-06;5246;3373;259786;123873;19.7;9.4
91;2021-05-07;6121;3743;265907;127616;20.2;9.7
91;2021-05-08;6517;962;272424;128578;20.6;9.7
91;2021-05-09;4803;562;277227;129140;21.0;9.8
91;2021-05-10;5900;3006;283127;132146;21.5;10.0
91;2021-05-11;6834;3837;289961;135983;22.0;10.3
91;2021-05-12;5896;3439;295857;139422;22.4;10.6
91;2021-05-13;4826;1077;300683;140499;22.8;10.6
91;2021-05-14;6548;2388;307231;142887;23.3;10.8
91;2021-05-15;7795;1922;315026;144809;23.9;11.0
91;2021-05-16;4583;368;319609;145177;24.2;11.0
91;2021-05-17;6952;1709;326561;146886;24.8;11.1
91;2021-05-18;8116;1741;334677;148627;25.4;11.3
91;2021-05-19;7097;1698;341774;150325;25.9;11.4
91;2021-05-20;8200;2141;349974;152466;26.5;11.6
91;2021-05-21;8141;2578;358115;155044;27.1;11.8
91;2021-05-22;7663;1546;365778;156590;27.7;11.9
91;2021-05-23;4799;525;370577;157115;28.1;11.9
91;2021-05-24;5017;601;375594;157716;28.5;12.0
91;2021-05-25;7626;2647;383220;160363;29.0;12.2
91;2021-05-26;6870;2942;390090;163305;29.6;12.4
91;2021-05-27;7969;3442;398059;166747;30.2;12.6
91;2021-05-28;7536;4321;405595;171068;30.7;13.0
91;2021-05-29;9299;3506;414894;174574;31.4;13.2
91;2021-05-30;5954;961;420848;175535;31.9;13.3
91;2021-05-31;6740;3701;427588;179236;32.4;13.6
91;2021-06-01;7786;4778;435374;184014;33.0;13.9
91;2021-06-02;7451;3959;442825;187973;33.6;14.2
91;2021-06-03;7857;4781;450682;192754;34.2;14.6
91;2021-06-04;7180;5720;457862;198474;34.7;15.0
91;2021-06-05;6387;5810;464249;204284;35.2;15.5
91;2021-06-06;4089;2510;468338;206794;35.5;15.7
91;2021-06-07;5880;5479;474218;212273;35.9;16.1
91;2021-06-08;7042;5796;481260;218069;36.5;16.5
91;2021-06-09;6466;5142;487726;223211;37.0;16.9
91;2021-06-10;7176;5773;494902;228984;37.5;17.4
91;2021-06-11;6539;7110;501441;236094;38.0;17.9
91;2021-06-12;6220;7362;507661;243456;38.5;18.5
91;2021-06-13;2851;2316;510512;245772;38.7;18.6
91;2021-06-14;4228;7199;514740;252971;39.0;19.2
91;2021-06-15;5574;7255;520314;260226;39.4;19.7
91;2021-06-16;5301;6443;525615;266669;39.8;20.2
91;2021-06-17;6243;7131;531858;273800;40.3;20.8
91;2021-06-18;4633;8736;536491;282536;40.7;21.4
91;2021-06-19;4190;7154;540681;289690;41.0;22.0
91;2021-06-20;1006;4212;541687;293902;41.1;22.3
91;2021-06-21;3229;7235;544916;301137;41.3;22.8
91;2021-06-22;4163;9226;549079;310363;41.6;23.5
91;2021-06-23;4315;7964;553394;318327;41.9;24.1
91;2021-06-24;4907;8476;558301;326803;42.3;24.8
91;2021-06-25;3468;9172;561769;335975;42.6;25.5
91;2021-06-26;2986;8037;564755;344012;42.8;26.1
91;2021-06-27;549;2998;565304;347010;42.8;26.3
91;2021-06-28;3126;8233;568430;355243;43.1;26.9
91;2021-06-29;3585;9639;572015;364882;43.4;27.7
91;2021-06-30;3950;8692;575965;373574;43.7;28.3
91;2021-07-01;4088;8866;580053;382440;44.0;29.0
91;2021-07-02;3753;9309;583806;391749;44.2;29.7
91;2021-07-03;2880;9785;586686;401534;44.5;30.4
91;2021-07-04;848;4721;587534;406255;44.5;30.8
91;2021-07-05;2655;7256;590189;413511;44.7;31.3
91;2021-07-06;3751;9424;593940;422935;45.0;32.1
91;2021-07-07;3799;8583;597739;431518;45.3;32.7
91;2021-07-08;4352;8986;602091;440504;45.6;33.4
91;2021-07-09;3958;9954;606049;450458;45.9;34.1
91;2021-07-10;3400;10228;609449;460686;46.2;34.9
91;2021-07-11;984;4799;610433;465485;46.3;35.3
91;2021-07-12;2796;8889;613229;474374;46.5;36.0
91;2021-07-13;4449;10385;617678;484759;46.8;36.7
91;2021-07-14;2297;3577;619975;488336;47.0;37.0
91;2021-07-15;4528;9817;624503;498153;47.3;37.8
91;2021-07-16;6265;9748;630768;507901;47.8;38.5
91;2021-07-17;5656;9058;636424;516959;48.2;39.2
91;2021-07-18;3391;3667;639815;520626;48.5;39.5
91;2021-07-19;3760;7530;643575;528156;48.8;40.0
91;2021-07-20;6051;9289;649626;537445;49.2;40.7
91;2021-07-21;6214;7716;655840;545161;49.7;41.3
91;2021-07-22;6435;8380;662275;553541;50.2;42.0
91;2021-07-23;6892;8264;669167;561805;50.7;42.6
91;2021-07-24;4932;6466;674099;568271;51.1;43.1
91;2021-07-25;3236;1369;677335;569640;51.3;43.2
91;2021-07-26;4903;6577;682238;576217;51.7;43.7
91;2021-07-27;7510;7044;689748;583261;52.3;44.2
91;2021-07-28;7244;5888;696992;589149;52.8;44.7
91;2021-07-29;7333;5880;704325;595029;53.4;45.1
91;2021-07-30;6869;5748;711194;600777;53.9;45.5
91;2021-07-31;4823;4762;716017;605539;54.3;45.9
91;2021-08-01;2596;1319;718613;606858;54.5;46.0
91;2021-08-02;4641;4204;723254;611062;54.8;46.3
91;2021-08-03;5742;4667;728996;615729;55.3;46.7
91;2021-08-04;5649;4106;734645;619835;55.7;47.0
91;2021-08-05;5509;4236;740154;624071;56.1;47.3
91;2021-08-06;5615;5599;745769;629670;56.5;47.7
91;2021-08-07;3030;2399;748799;632069;56.8;47.9
91;2021-08-08;592;1093;749391;633162;56.8;48.0
91;2021-08-09;3725;3944;753116;637106;57.1;48.3
91;2021-08-10;4483;4515;757599;641621;57.4;48.6
91;2021-08-11;4061;4457;761660;646078;57.7;49.0
91;2021-08-12;3910;4711;765570;650789;58.0;49.3
92;2020-12-27;18;0;18;0;0.0;0.0
92;2020-12-28;12;0;30;0;0.0;0.0
92;2020-12-29;54;0;84;0;0.0;0.0
92;2020-12-30;31;0;115;0;0.0;0.0
92;2020-12-31;4;0;119;0;0.0;0.0
92;2021-01-01;14;0;133;0;0.0;0.0
92;2021-01-02;3;0;136;0;0.0;0.0
92;2021-01-03;7;0;143;0;0.0;0.0
92;2021-01-04;59;1;202;1;0.0;0.0
92;2021-01-05;222;1;424;2;0.0;0.0
92;2021-01-06;413;3;837;5;0.1;0.0
92;2021-01-07;660;5;1497;10;0.1;0.0
92;2021-01-08;836;4;2333;14;0.1;0.0
92;2021-01-09;120;1;2453;15;0.2;0.0
92;2021-01-10;42;0;2495;15;0.2;0.0
92;2021-01-11;838;5;3333;20;0.2;0.0
92;2021-01-12;1287;10;4620;30;0.3;0.0
92;2021-01-13;1236;15;5856;45;0.4;0.0
92;2021-01-14;1201;17;7057;62;0.4;0.0
92;2021-01-15;967;7;8024;69;0.5;0.0
92;2021-01-16;178;1;8202;70;0.5;0.0
92;2021-01-17;19;0;8221;70;0.5;0.0
92;2021-01-18;1535;23;9756;93;0.6;0.0
92;2021-01-19;1548;20;11304;113;0.7;0.0
92;2021-01-20;1804;14;13108;127;0.8;0.0
92;2021-01-21;3400;22;16508;149;1.0;0.0
92;2021-01-22;2606;42;19114;191;1.2;0.0
92;2021-01-23;135;0;19249;191;1.2;0.0
92;2021-01-24;22;0;19271;191;1.2;0.0
92;2021-01-25;839;13;20110;204;1.2;0.0
92;2021-01-26;1212;12;21322;216;1.3;0.0
92;2021-01-27;2211;96;23533;312;1.5;0.0
92;2021-01-28;4148;187;27681;499;1.7;0.0
92;2021-01-29;2707;266;30388;765;1.9;0.0
92;2021-01-30;322;13;30710;778;1.9;0.0
92;2021-01-31;18;2;30728;780;1.9;0.0
92;2021-02-01;859;324;31587;1104;2.0;0.1
92;2021-02-02;1046;356;32633;1460;2.0;0.1
92;2021-02-03;994;448;33627;1908;2.1;0.1
92;2021-02-04;1036;548;34663;2456;2.1;0.2
92;2021-02-05;1329;501;35992;2957;2.2;0.2
92;2021-02-06;109;17;36101;2974;2.2;0.2
92;2021-02-07;10;14;36111;2988;2.2;0.2
92;2021-02-08;568;734;36679;3722;2.3;0.2
92;2021-02-09;1059;1301;37738;5023;2.3;0.3
92;2021-02-10;1060;1306;38798;6329;2.4;0.4
92;2021-02-11;1491;1924;40289;8253;2.5;0.5
92;2021-02-12;1409;1484;41698;9737;2.6;0.6
92;2021-02-13;67;61;41765;9798;2.6;0.6
92;2021-02-14;14;0;41779;9798;2.6;0.6
92;2021-02-15;567;1660;42346;11458;2.6;0.7
92;2021-02-16;780;2060;43126;13518;2.7;0.8
92;2021-02-17;616;1759;43742;15277;2.7;0.9
92;2021-02-18;1568;3673;45310;18950;2.8;1.2
92;2021-02-19;1723;2659;47033;21609;2.9;1.3
92;2021-02-20;140;400;47173;22009;2.9;1.4
92;2021-02-21;29;53;47202;22062;2.9;1.4
92;2021-02-22;491;1220;47693;23282;3.0;1.4
92;2021-02-23;725;1364;48418;24646;3.0;1.5
92;2021-02-24;607;1300;49025;25946;3.0;1.6
92;2021-02-25;913;1812;49938;27758;3.1;1.7
92;2021-02-26;1452;1366;51390;29124;3.2;1.8
92;2021-02-27;497;191;51887;29315;3.2;1.8
92;2021-02-28;62;55;51949;29370;3.2;1.8
92;2021-03-01;1093;1049;53042;30419;3.3;1.9
92;2021-03-02;1965;1366;55007;31785;3.4;2.0
92;2021-03-03;2787;1099;57794;32884;3.6;2.0
92;2021-03-04;3585;1529;61379;34413;3.8;2.1
92;2021-03-05;4971;1725;66350;36138;4.1;2.2
92;2021-03-06;5716;326;72066;36464;4.5;2.3
92;2021-03-07;2894;234;74960;36698;4.6;2.3
92;2021-03-08;2409;817;77369;37515;4.8;2.3
92;2021-03-09;3433;1031;80802;38546;5.0;2.4
92;2021-03-10;3932;943;84734;39489;5.3;2.4
92;2021-03-11;5005;1387;89739;40876;5.6;2.5
92;2021-03-12;6762;1555;96501;42431;6.0;2.6
92;2021-03-13;5151;226;101652;42657;6.3;2.6
92;2021-03-14;1736;74;103388;42731;6.4;2.6
92;2021-03-15;3789;593;107177;43324;6.6;2.7
92;2021-03-16;3690;593;110867;43917;6.9;2.7
92;2021-03-17;3870;415;114737;44332;7.1;2.7
92;2021-03-18;4121;751;118858;45083;7.4;2.8
92;2021-03-19;5915;720;124773;45803;7.7;2.8
92;2021-03-20;2534;74;127307;45877;7.9;2.8
92;2021-03-21;147;29;127454;45906;7.9;2.8
92;2021-03-22;4114;479;131568;46385;8.2;2.9
92;2021-03-23;6091;872;137659;47257;8.5;2.9
92;2021-03-24;6368;649;144027;47906;8.9;3.0
92;2021-03-25;8430;639;152457;48545;9.4;3.0
92;2021-03-26;8352;901;160809;49446;10.0;3.1
92;2021-03-27;2827;268;163636;49714;10.1;3.1
92;2021-03-28;538;39;164174;49753;10.2;3.1
92;2021-03-29;4656;1054;168830;50807;10.5;3.1
92;2021-03-30;6381;1552;175211;52359;10.9;3.2
92;2021-03-31;5535;2255;180746;54614;11.2;3.4
92;2021-04-01;6258;3679;187004;58293;11.6;3.6
92;2021-04-02;5626;3415;192630;61708;11.9;3.8
92;2021-04-03;871;1416;193501;63124;12.0;3.9
92;2021-04-04;481;1062;193982;64186;12.0;4.0
92;2021-04-05;810;158;194792;64344;12.1;4.0
92;2021-04-06;3644;1952;198436;66296;12.3;4.1
92;2021-04-07;4988;2891;203424;69187;12.6;4.3
92;2021-04-08;5973;3178;209397;72365;13.0;4.5
92;2021-04-09;8027;3047;217424;75412;13.5;4.7
92;2021-04-10;2627;1293;220051;76705;13.6;4.8
92;2021-04-11;151;807;220202;77512;13.6;4.8
92;2021-04-12;3680;2521;223882;80033;13.9;5.0
92;2021-04-13;4376;4430;228258;84463;14.1;5.2
92;2021-04-14;4864;4041;233122;88504;14.4;5.5
92;2021-04-15;5295;3960;238417;92464;14.8;5.7
92;2021-04-16;5064;3861;243481;96325;15.1;6.0
92;2021-04-17;1798;1191;245279;97516;15.2;6.0
92;2021-04-18;346;94;245625;97610;15.2;6.0
92;2021-04-19;2808;2841;248433;100451;15.4;6.2
92;2021-04-20;4191;3756;252624;104207;15.7;6.5
92;2021-04-21;4607;4518;257231;108725;15.9;6.7
92;2021-04-22;4659;5127;261890;113852;16.2;7.1
92;2021-04-23;5226;4690;267116;118542;16.6;7.3
92;2021-04-24;4935;1910;272051;120452;16.9;7.5
92;2021-04-25;1789;150;273840;120602;17.0;7.5
92;2021-04-26;3994;3624;277834;124226;17.2;7.7
92;2021-04-27;6041;5263;283875;129489;17.6;8.0
92;2021-04-28;7377;4499;291252;133988;18.0;8.3
92;2021-04-29;7987;4785;299239;138773;18.5;8.6
92;2021-04-30;8838;4844;308077;143617;19.1;8.9
92;2021-05-01;1201;408;309278;144025;19.2;8.9
92;2021-05-02;662;140;309940;144165;19.2;8.9
92;2021-05-03;6775;3894;316715;148059;19.6;9.2
92;2021-05-04;10414;4370;327129;152429;20.3;9.4
92;2021-05-05;10073;5263;337202;157692;20.9;9.8
92;2021-05-06;11423;4910;348625;162602;21.6;10.1
92;2021-05-07;9856;5295;358481;167897;22.2;10.4
92;2021-05-08;7211;1928;365692;169825;22.7;10.5
92;2021-05-09;3787;602;369479;170427;22.9;10.6
92;2021-05-10;9528;4000;379007;174427;23.5;10.8
92;2021-05-11;13979;5694;392986;180121;24.4;11.2
92;2021-05-12;14268;4586;407254;184707;25.2;11.4
92;2021-05-13;9163;911;416417;185618;25.8;11.5
92;2021-05-14;12027;2316;428444;187934;26.5;11.6
92;2021-05-15;8387;1228;436831;189162;27.1;11.7
92;2021-05-16;4137;451;440968;189613;27.3;11.7
92;2021-05-17;10643;2219;451611;191832;28.0;11.9
92;2021-05-18;16398;3135;468009;194967;29.0;12.1
92;2021-05-19;16026;3720;484035;198687;30.0;12.3
92;2021-05-20;16823;3986;500858;202673;31.0;12.6
92;2021-05-21;14076;3637;514934;206310;31.9;12.8
92;2021-05-22;8314;1517;523248;207827;32.4;12.9
92;2021-05-23;4084;454;527332;208281;32.7;12.9
92;2021-05-24;6120;853;533452;209134;33.1;13.0
92;2021-05-25;13107;4559;546559;213693;33.9;13.2
92;2021-05-26;11925;5044;558484;218737;34.6;13.6
92;2021-05-27;12731;6328;571215;225065;35.4;13.9
92;2021-05-28;11223;6284;582438;231349;36.1;14.3
92;2021-05-29;5448;2304;587886;233653;36.4;14.5
92;2021-05-30;2248;387;590134;234040;36.6;14.5
92;2021-05-31;12053;5305;602187;239345;37.3;14.8
92;2021-06-01;12596;7644;614783;246989;38.1;15.3
92;2021-06-02;14369;7212;629152;254201;39.0;15.8
92;2021-06-03;14582;8025;643734;262226;39.9;16.2
92;2021-06-04;12221;8228;655955;270454;40.6;16.8
92;2021-06-05;7385;6257;663340;276711;41.1;17.1
92;2021-06-06;3593;1676;666933;278387;41.3;17.3
92;2021-06-07;11439;7633;678372;286020;42.0;17.7
92;2021-06-08;12758;9607;691130;295627;42.8;18.3
92;2021-06-09;11643;9476;702773;305103;43.5;18.9
92;2021-06-10;11951;10566;714724;315669;44.3;19.6
92;2021-06-11;8144;11037;722868;326706;44.8;20.2
92;2021-06-12;6359;5097;729227;331803;45.2;20.6
92;2021-06-13;3962;2719;733189;334522;45.4;20.7
92;2021-06-14;5209;11166;738398;345688;45.8;21.4
92;2021-06-15;6491;13129;744889;358817;46.2;22.2
92;2021-06-16;6947;12992;751836;371809;46.6;23.0
92;2021-06-17;7419;14016;759255;385825;47.0;23.9
92;2021-06-18;6895;14392;766150;400217;47.5;24.8
92;2021-06-19;3959;9111;770109;409328;47.7;25.4
92;2021-06-20;1962;5611;772071;414939;47.8;25.7
92;2021-06-21;4824;12273;776895;427212;48.1;26.5
92;2021-06-22;5872;17551;782767;444763;48.5;27.6
92;2021-06-23;5474;15999;788241;460762;48.8;28.6
92;2021-06-24;6198;15123;794439;475885;49.2;29.5
92;2021-06-25;5109;16094;799548;491979;49.5;30.5
92;2021-06-26;4064;10454;803612;502433;49.8;31.1
92;2021-06-27;1860;6051;805472;508484;49.9;31.5
92;2021-06-28;3673;12051;809145;520535;50.1;32.3
92;2021-06-29;4673;18161;813818;538696;50.4;33.4
92;2021-06-30;4413;16215;818231;554911;50.7;34.4
92;2021-07-01;5508;16305;823739;571216;51.0;35.4
92;2021-07-02;4810;15279;828549;586495;51.3;36.3
92;2021-07-03;3297;10180;831846;596675;51.5;37.0
92;2021-07-04;1121;4209;832967;600884;51.6;37.2
92;2021-07-05;4775;12329;837742;613213;51.9;38.0
92;2021-07-06;5219;15792;842961;629005;52.2;39.0
92;2021-07-07;4241;11452;847202;640457;52.5;39.7
92;2021-07-08;5402;14633;852604;655090;52.8;40.6
92;2021-07-09;5872;14203;858476;669293;53.2;41.5
92;2021-07-10;4345;8443;862821;677736;53.5;42.0
92;2021-07-11;1472;2617;864293;680353;53.6;42.2
92;2021-07-12;4370;14626;868663;694979;53.8;43.1
92;2021-07-13;7840;17444;876503;712423;54.3;44.1
92;2021-07-14;5072;5740;881575;718163;54.6;44.5
92;2021-07-15;9529;16239;891104;734402;55.2;45.5
92;2021-07-16;9029;14156;900133;748558;55.8;46.4
92;2021-07-17;6536;7596;906669;756154;56.2;46.9
92;2021-07-18;1827;2480;908496;758634;56.3;47.0
92;2021-07-19;6438;13192;914934;771826;56.7;47.8
92;2021-07-20;10025;14079;924959;785905;57.3;48.7
92;2021-07-21;10383;12085;935342;797990;58.0;49.4
92;2021-07-22;11911;12943;947253;810933;58.7;50.3
92;2021-07-23;11495;11317;958748;822250;59.4;51.0
92;2021-07-24;6583;6227;965331;828477;59.8;51.3
92;2021-07-25;2755;2308;968086;830785;60.0;51.5
92;2021-07-26;9416;9158;977502;839943;60.6;52.0
92;2021-07-27;11391;9568;988893;849511;61.3;52.6
92;2021-07-28;11278;8113;1000171;857624;62.0;53.1
92;2021-07-29;10353;8578;1010524;866202;62.6;53.7
92;2021-07-30;8965;8294;1019489;874496;63.2;54.2
92;2021-07-31;5665;4791;1025154;879287;63.5;54.5
92;2021-08-01;2176;1282;1027330;880569;63.7;54.6
92;2021-08-02;4599;4901;1031929;885470;63.9;54.9
92;2021-08-03;5046;6122;1036975;891592;64.3;55.2
92;2021-08-04;4619;4833;1041594;896425;64.5;55.5
92;2021-08-05;4398;5659;1045992;902084;64.8;55.9
92;2021-08-06;4413;5930;1050405;908014;65.1;56.3
92;2021-08-07;2786;4216;1053191;912230;65.3;56.5
92;2021-08-08;951;1071;1054142;913301;65.3;56.6
92;2021-08-09;3143;4219;1057285;917520;65.5;56.9
92;2021-08-10;3735;5582;1061020;923102;65.7;57.2
92;2021-08-11;3158;4402;1064178;927504;65.9;57.5
92;2021-08-12;3306;5558;1067484;933062;66.1;57.8
93;2020-12-27;10;3;10;3;0.0;0.0
93;2020-12-28;4;0;14;3;0.0;0.0
93;2020-12-29;0;0;14;3;0.0;0.0
93;2020-12-30;43;0;57;3;0.0;0.0
93;2020-12-31;9;0;66;3;0.0;0.0
93;2021-01-01;5;0;71;3;0.0;0.0
93;2021-01-02;0;0;71;3;0.0;0.0
93;2021-01-03;3;0;74;3;0.0;0.0
93;2021-01-04;0;0;74;3;0.0;0.0
93;2021-01-05;60;1;134;4;0.0;0.0
93;2021-01-06;179;0;313;4;0.0;0.0
93;2021-01-07;380;3;693;7;0.0;0.0
93;2021-01-08;631;1;1324;8;0.1;0.0
93;2021-01-09;21;0;1345;8;0.1;0.0
93;2021-01-10;2;0;1347;8;0.1;0.0
93;2021-01-11;502;4;1849;12;0.1;0.0
93;2021-01-12;753;7;2602;19;0.2;0.0
93;2021-01-13;750;4;3352;23;0.2;0.0
93;2021-01-14;683;18;4035;41;0.2;0.0
93;2021-01-15;514;3;4549;44;0.3;0.0
93;2021-01-16;139;3;4688;47;0.3;0.0
93;2021-01-17;6;1;4694;48;0.3;0.0
93;2021-01-18;1195;9;5889;57;0.4;0.0
93;2021-01-19;1612;16;7501;73;0.4;0.0
93;2021-01-20;1555;11;9056;84;0.5;0.0
93;2021-01-21;1916;17;10972;101;0.7;0.0
93;2021-01-22;1386;14;12358;115;0.7;0.0
93;2021-01-23;711;8;13069;123;0.8;0.0
93;2021-01-24;0;0;13069;123;0.8;0.0
93;2021-01-25;1206;16;14275;139;0.9;0.0
93;2021-01-26;1290;38;15565;177;0.9;0.0
93;2021-01-27;2154;70;17719;247;1.1;0.0
93;2021-01-28;2262;207;19981;454;1.2;0.0
93;2021-01-29;1619;228;21600;682;1.3;0.0
93;2021-01-30;926;47;22526;729;1.3;0.0
93;2021-01-31;5;7;22531;736;1.3;0.0
93;2021-02-01;1180;171;23711;907;1.4;0.1
93;2021-02-02;1165;311;24876;1218;1.5;0.1
93;2021-02-03;1229;398;26105;1616;1.6;0.1
93;2021-02-04;922;566;27027;2182;1.6;0.1
93;2021-02-05;797;432;27824;2614;1.7;0.2
93;2021-02-06;693;70;28517;2684;1.7;0.2
93;2021-02-07;3;0;28520;2684;1.7;0.2
93;2021-02-08;910;648;29430;3332;1.8;0.2
93;2021-02-09;851;600;30281;3932;1.8;0.2
93;2021-02-10;880;678;31161;4610;1.9;0.3
93;2021-02-11;1242;832;32403;5442;1.9;0.3
93;2021-02-12;1041;639;33444;6081;2.0;0.4
93;2021-02-13;393;263;33837;6344;2.0;0.4
93;2021-02-14;13;59;33850;6403;2.0;0.4
93;2021-02-15;409;1278;34259;7681;2.1;0.5
93;2021-02-16;547;1237;34806;8918;2.1;0.5
93;2021-02-17;544;1772;35350;10690;2.1;0.6
93;2021-02-18;1133;1877;36483;12567;2.2;0.8
93;2021-02-19;993;1543;37476;14110;2.2;0.8
93;2021-02-20;304;665;37780;14775;2.3;0.9
93;2021-02-21;8;23;37788;14798;2.3;0.9
93;2021-02-22;602;1297;38390;16095;2.3;1.0
93;2021-02-23;563;1127;38953;17222;2.3;1.0
93;2021-02-24;642;1225;39595;18447;2.4;1.1
93;2021-02-25;900;1078;40495;19525;2.4;1.2
93;2021-02-26;1120;982;41615;20507;2.5;1.2
93;2021-02-27;543;623;42158;21130;2.5;1.3
93;2021-02-28;88;57;42246;21187;2.5;1.3
93;2021-03-01;1081;1073;43327;22260;2.6;1.3
93;2021-03-02;1443;1150;44770;23410;2.7;1.4
93;2021-03-03;1738;1186;46508;24596;2.8;1.5
93;2021-03-04;2715;1127;49223;25723;2.9;1.5
93;2021-03-05;3817;891;53040;26614;3.2;1.6
93;2021-03-06;5049;564;58089;27178;3.5;1.6
93;2021-03-07;4300;209;62389;27387;3.7;1.6
93;2021-03-08;2035;1257;64424;28644;3.9;1.7
93;2021-03-09;2915;966;67339;29610;4.0;1.8
93;2021-03-10;2856;1107;70195;30717;4.2;1.8
93;2021-03-11;3564;1242;73759;31959;4.4;1.9
93;2021-03-12;4125;1288;77884;33247;4.7;2.0
93;2021-03-13;4288;628;82172;33875;4.9;2.0
93;2021-03-14;881;69;83053;33944;5.0;2.0
93;2021-03-15;3551;684;86604;34628;5.2;2.1
93;2021-03-16;3160;616;89764;35244;5.4;2.1
93;2021-03-17;2653;599;92417;35843;5.5;2.1
93;2021-03-18;3310;723;95727;36566;5.7;2.2
93;2021-03-19;3764;643;99491;37209;6.0;2.2
93;2021-03-20;3461;291;102952;37500;6.2;2.2
93;2021-03-21;813;271;103765;37771;6.2;2.3
93;2021-03-22;3846;613;107611;38384;6.4;2.3
93;2021-03-23;4756;803;112367;39187;6.7;2.3
93;2021-03-24;4113;679;116480;39866;7.0;2.4
93;2021-03-25;5573;845;122053;40711;7.3;2.4
93;2021-03-26;5547;882;127600;41593;7.6;2.5
93;2021-03-27;4280;304;131880;41897;7.9;2.5
93;2021-03-28;611;40;132491;41937;7.9;2.5
93;2021-03-29;3855;956;136346;42893;8.2;2.6
93;2021-03-30;4725;1260;141071;44153;8.4;2.6
93;2021-03-31;3910;1238;144981;45391;8.7;2.7
93;2021-04-01;4054;3141;149035;48532;8.9;2.9
93;2021-04-02;3217;3556;152252;52088;9.1;3.1
93;2021-04-03;2520;2259;154772;54347;9.3;3.3
93;2021-04-04;762;157;155534;54504;9.3;3.3
93;2021-04-05;707;89;156241;54593;9.4;3.3
93;2021-04-06;4559;2342;160800;56935;9.6;3.4
93;2021-04-07;4903;2092;165703;59027;9.9;3.5
93;2021-04-08;5810;2681;171513;61708;10.3;3.7
93;2021-04-09;6091;3174;177604;64882;10.6;3.9
93;2021-04-10;4196;2490;181800;67372;10.9;4.0
93;2021-04-11;575;431;182375;67803;10.9;4.1
93;2021-04-12;4098;2927;186473;70730;11.2;4.2
93;2021-04-13;4599;3657;191072;74387;11.4;4.5
93;2021-04-14;4359;2474;195431;76861;11.7;4.6
93;2021-04-15;4558;3029;199989;79890;12.0;4.8
93;2021-04-16;4437;2988;204426;82878;12.2;5.0
93;2021-04-17;3516;2509;207942;85387;12.5;5.1
93;2021-04-18;290;435;208232;85822;12.5;5.1
93;2021-04-19;3772;2857;212004;88679;12.7;5.3
93;2021-04-20;4304;3273;216308;91952;13.0;5.5
93;2021-04-21;4138;2768;220446;94720;13.2;5.7
93;2021-04-22;4511;4014;224957;98734;13.5;5.9
93;2021-04-23;5625;3238;230582;101972;13.8;6.1
93;2021-04-24;5926;3323;236508;105295;14.2;6.3
93;2021-04-25;1733;591;238241;105886;14.3;6.3
93;2021-04-26;4857;3079;243098;108965;14.6;6.5
93;2021-04-27;6453;3624;249551;112589;14.9;6.7
93;2021-04-28;6074;3426;255625;116015;15.3;6.9
93;2021-04-29;7300;3245;262925;119260;15.7;7.1
93;2021-04-30;8258;3109;271183;122369;16.2;7.3
93;2021-05-01;4946;1186;276129;123555;16.5;7.4
93;2021-05-02;417;647;276546;124202;16.6;7.4
93;2021-05-03;8164;5113;284710;129315;17.0;7.7
93;2021-05-04;7826;5405;292536;134720;17.5;8.1
93;2021-05-05;7576;4804;300112;139524;18.0;8.4
93;2021-05-06;8244;4769;308356;144293;18.5;8.6
93;2021-05-07;7006;5421;315362;149714;18.9;9.0
93;2021-05-08;8356;2387;323718;152101;19.4;9.1
93;2021-05-09;6121;1365;329839;153466;19.7;9.2
93;2021-05-10;8250;4072;338089;157538;20.2;9.4
93;2021-05-11;9302;4808;347391;162346;20.8;9.7
93;2021-05-12;9183;3657;356574;166003;21.3;9.9
93;2021-05-13;8289;1655;364863;167658;21.8;10.0
93;2021-05-14;10424;3537;375287;171195;22.5;10.3
93;2021-05-15;11129;3000;386416;174195;23.1;10.4
93;2021-05-16;5557;728;391973;174923;23.5;10.5
93;2021-05-17;11898;2259;403871;177182;24.2;10.6
93;2021-05-18;14097;2392;417968;179574;25.0;10.8
93;2021-05-19;11433;2942;429401;182516;25.7;10.9
93;2021-05-20;12616;3480;442017;185996;26.5;11.1
93;2021-05-21;13008;2886;455025;188882;27.2;11.3
93;2021-05-22;12383;2204;467408;191086;28.0;11.4
93;2021-05-23;8480;1107;475888;192193;28.5;11.5
93;2021-05-24;11198;1942;487086;194135;29.2;11.6
93;2021-05-25;12285;4312;499371;198447;29.9;11.9
93;2021-05-26;11069;3748;510440;202195;30.6;12.1
93;2021-05-27;12705;3882;523145;206077;31.3;12.3
93;2021-05-28;12655;5260;535800;211337;32.1;12.7
93;2021-05-29;11391;4263;547191;215600;32.8;12.9
93;2021-05-30;8216;1377;555407;216977;33.3;13.0
93;2021-05-31;9180;5179;564587;222156;33.8;13.3
93;2021-06-01;11362;6275;575949;228431;34.5;13.7
93;2021-06-02;10707;5193;586656;233624;35.1;14.0
93;2021-06-03;10795;5515;597451;239139;35.8;14.3
93;2021-06-04;10587;7796;608038;246935;36.4;14.8
93;2021-06-05;9008;7349;617046;254284;36.9;15.2
93;2021-06-06;8400;1741;625446;256025;37.4;15.3
93;2021-06-07;10050;7520;635496;263545;38.1;15.8
93;2021-06-08;10367;7377;645863;270922;38.7;16.2
93;2021-06-09;10232;7290;656095;278212;39.3;16.7
93;2021-06-10;8999;8180;665094;286392;39.8;17.1
93;2021-06-11;8825;8818;673919;295210;40.4;17.7
93;2021-06-12;9861;6643;683780;301853;40.9;18.1
93;2021-06-13;7162;2121;690942;303974;41.4;18.2
93;2021-06-14;5396;9725;696338;313699;41.7;18.8
93;2021-06-15;6217;9654;702555;323353;42.1;19.4
93;2021-06-16;6642;9056;709197;332409;42.5;19.9
93;2021-06-17;5732;8467;714929;340876;42.8;20.4
93;2021-06-18;7209;11130;722138;352006;43.2;21.1
93;2021-06-19;7071;11098;729209;363104;43.7;21.7
93;2021-06-20;4950;6871;734159;369975;44.0;22.2
93;2021-06-21;4069;10727;738228;380702;44.2;22.8
93;2021-06-22;4664;11303;742892;392005;44.5;23.5
93;2021-06-23;4536;10595;747428;402600;44.8;24.1
93;2021-06-24;4186;10296;751614;412896;45.0;24.7
93;2021-06-25;5175;13045;756789;425941;45.3;25.5
93;2021-06-26;5295;13917;762084;439858;45.6;26.3
93;2021-06-27;3285;7106;765369;446964;45.8;26.8
93;2021-06-28;3692;12507;769061;459471;46.0;27.5
93;2021-06-29;4006;12343;773067;471814;46.3;28.2
93;2021-06-30;4115;11295;777182;483109;46.5;28.9
93;2021-07-01;5722;11150;782904;494259;46.9;29.6
93;2021-07-02;5154;12353;788058;506612;47.2;30.3
93;2021-07-03;5328;13436;793386;520048;47.5;31.1
93;2021-07-04;3080;7885;796466;527933;47.7;31.6
93;2021-07-05;4490;10843;800956;538776;48.0;32.3
93;2021-07-06;4726;11751;805682;550527;48.2;33.0
93;2021-07-07;4991;11406;810673;561933;48.5;33.6
93;2021-07-08;4968;10257;815641;572190;48.8;34.3
93;2021-07-09;5841;13019;821482;585209;49.2;35.0
93;2021-07-10;5858;14276;827340;599485;49.5;35.9
93;2021-07-11;3682;9082;831022;608567;49.8;36.4
93;2021-07-12;5513;12063;836535;620630;50.1;37.2
93;2021-07-13;11000;13265;847535;633895;50.7;38.0
93;2021-07-14;10593;6779;858128;640674;51.4;38.4
93;2021-07-15;12292;14094;870420;654768;52.1;39.2
93;2021-07-16;13023;13657;883443;668425;52.9;40.0
93;2021-07-17;11247;13891;894690;682316;53.6;40.9
93;2021-07-18;7366;8940;902056;691256;54.0;41.4
93;2021-07-19;9530;10891;911586;702147;54.6;42.0
93;2021-07-20;12478;10654;924064;712801;55.3;42.7
93;2021-07-21;14113;10902;938177;723703;56.2;43.3
93;2021-07-22;14003;9419;952180;733122;57.0;43.9
93;2021-07-23;14289;10592;966469;743714;57.9;44.5
93;2021-07-24;13745;10585;980214;754299;58.7;45.2
93;2021-07-25;8866;6297;989080;760596;59.2;45.5
93;2021-07-26;12339;7728;1001419;768324;60.0;46.0
93;2021-07-27;14588;7330;1016007;775654;60.8;46.4
93;2021-07-28;14626;8167;1030633;783821;61.7;46.9
93;2021-07-29;13180;6979;1043813;790800;62.5;47.3
93;2021-07-30;13559;7773;1057372;798573;63.3;47.8
93;2021-07-31;11959;7638;1069331;806211;64.0;48.3
93;2021-08-01;7120;4544;1076451;810755;64.5;48.5
93;2021-08-02;7511;5662;1083962;816417;64.9;48.9
93;2021-08-03;6975;6820;1090937;823237;65.3;49.3
93;2021-08-04;7306;7933;1098243;831170;65.8;49.8
93;2021-08-05;5546;6808;1103789;837978;66.1;50.2
93;2021-08-06;6624;8280;1110413;846258;66.5;50.7
93;2021-08-07;7082;9000;1117495;855258;66.9;51.2
93;2021-08-08;4271;5514;1121766;860772;67.2;51.5
93;2021-08-09;6411;8000;1128177;868772;67.5;52.0
93;2021-08-10;6915;8773;1135092;877545;68.0;52.5
93;2021-08-11;7161;9603;1142253;887148;68.4;53.1
93;2021-08-12;6025;8938;1148278;896086;68.8;53.7
94;2020-12-27;6;0;6;0;0.0;0.0
94;2020-12-28;10;0;16;0;0.0;0.0
94;2020-12-29;0;0;16;0;0.0;0.0
94;2020-12-30;1;0;17;0;0.0;0.0
94;2020-12-31;4;0;21;0;0.0;0.0
94;2021-01-01;4;0;25;0;0.0;0.0
94;2021-01-02;0;0;25;0;0.0;0.0
94;2021-01-03;2;0;27;0;0.0;0.0
94;2021-01-04;35;2;62;2;0.0;0.0
94;2021-01-05;231;2;293;4;0.0;0.0
94;2021-01-06;332;4;625;8;0.0;0.0
94;2021-01-07;690;9;1315;17;0.1;0.0
94;2021-01-08;921;10;2236;27;0.2;0.0
94;2021-01-09;47;0;2283;27;0.2;0.0
94;2021-01-10;18;0;2301;27;0.2;0.0
94;2021-01-11;1013;9;3314;36;0.2;0.0
94;2021-01-12;1344;26;4658;62;0.3;0.0
94;2021-01-13;1407;24;6065;86;0.4;0.0
94;2021-01-14;1539;26;7604;112;0.5;0.0
94;2021-01-15;1219;22;8823;134;0.6;0.0
94;2021-01-16;197;2;9020;136;0.6;0.0
94;2021-01-17;95;1;9115;137;0.6;0.0
94;2021-01-18;1487;28;10602;165;0.8;0.0
94;2021-01-19;1950;27;12552;192;0.9;0.0
94;2021-01-20;2181;20;14733;212;1.0;0.0
94;2021-01-21;3001;16;17734;228;1.3;0.0
94;2021-01-22;2175;19;19909;247;1.4;0.0
94;2021-01-23;731;3;20640;250;1.5;0.0
94;2021-01-24;284;0;20924;250;1.5;0.0
94;2021-01-25;1466;21;22390;271;1.6;0.0
94;2021-01-26;1562;20;23952;291;1.7;0.0
94;2021-01-27;1805;27;25757;318;1.8;0.0
94;2021-01-28;1533;134;27290;452;1.9;0.0
94;2021-01-29;1380;150;28670;602;2.0;0.0
94;2021-01-30;579;4;29249;606;2.1;0.0
94;2021-01-31;120;8;29369;614;2.1;0.0
94;2021-02-01;927;154;30296;768;2.2;0.1
94;2021-02-02;853;253;31149;1021;2.2;0.1
94;2021-02-03;759;370;31908;1391;2.3;0.1
94;2021-02-04;901;433;32809;1824;2.3;0.1
94;2021-02-05;872;575;33681;2399;2.4;0.2
94;2021-02-06;405;76;34086;2475;2.4;0.2
94;2021-02-07;120;0;34206;2475;2.4;0.2
94;2021-02-08;634;550;34840;3025;2.5;0.2
94;2021-02-09;1036;988;35876;4013;2.6;0.3
94;2021-02-10;1100;1371;36976;5384;2.6;0.4
94;2021-02-11;1428;1560;38404;6944;2.7;0.5
94;2021-02-12;1388;1661;39792;8605;2.8;0.6
94;2021-02-13;300;263;40092;8868;2.9;0.6
94;2021-02-14;29;72;40121;8940;2.9;0.6
94;2021-02-15;751;1779;40872;10719;2.9;0.8
94;2021-02-16;702;2757;41574;13476;3.0;1.0
94;2021-02-17;713;1588;42287;15064;3.0;1.1
94;2021-02-18;786;1713;43073;16777;3.1;1.2
94;2021-02-19;964;1470;44037;18247;3.1;1.3
94;2021-02-20;133;923;44170;19170;3.1;1.4
94;2021-02-21;20;185;44190;19355;3.1;1.4
94;2021-02-22;520;1354;44710;20709;3.2;1.5
94;2021-02-23;627;1284;45337;21993;3.2;1.6
94;2021-02-24;692;926;46029;22919;3.3;1.6
94;2021-02-25;1069;1570;47098;24489;3.3;1.7
94;2021-02-26;1321;1076;48419;25565;3.4;1.8
94;2021-02-27;514;554;48933;26119;3.5;1.9
94;2021-02-28;91;84;49024;26203;3.5;1.9
94;2021-03-01;881;946;49905;27149;3.5;1.9
94;2021-03-02;1567;997;51472;28146;3.7;2.0
94;2021-03-03;1945;1025;53417;29171;3.8;2.1
94;2021-03-04;2855;1190;56272;30361;4.0;2.2
94;2021-03-05;3830;1356;60102;31717;4.3;2.3
94;2021-03-06;4814;581;64916;32298;4.6;2.3
94;2021-03-07;3686;566;68602;32864;4.9;2.3
94;2021-03-08;1914;811;70516;33675;5.0;2.4
94;2021-03-09;2553;932;73069;34607;5.2;2.5
94;2021-03-10;3198;1041;76267;35648;5.4;2.5
94;2021-03-11;3836;944;80103;36592;5.7;2.6
94;2021-03-12;4577;827;84680;37419;6.0;2.7
94;2021-03-13;4128;394;88808;37813;6.3;2.7
94;2021-03-14;2113;156;90921;37969;6.5;2.7
94;2021-03-15;3169;789;94090;38758;6.7;2.8
94;2021-03-16;2774;448;96864;39206;6.9;2.8
94;2021-03-17;2858;459;99722;39665;7.1;2.8
94;2021-03-18;3264;442;102986;40107;7.3;2.9
94;2021-03-19;4269;711;107255;40818;7.6;2.9
94;2021-03-20;3692;295;110947;41113;7.9;2.9
94;2021-03-21;1461;391;112408;41504;8.0;3.0
94;2021-03-22;3217;678;115625;42182;8.2;3.0
94;2021-03-23;4511;740;120136;42922;8.5;3.1
94;2021-03-24;4624;629;124760;43551;8.9;3.1
94;2021-03-25;6320;668;131080;44219;9.3;3.1
94;2021-03-26;6087;840;137167;45059;9.8;3.2
94;2021-03-27;4472;274;141639;45333;10.1;3.2
94;2021-03-28;1887;108;143526;45441;10.2;3.2
94;2021-03-29;4124;1229;147650;46670;10.5;3.3
94;2021-03-30;5299;1357;152949;48027;10.9;3.4
94;2021-03-31;4900;1811;157849;49838;11.2;3.5
94;2021-04-01;5820;2317;163669;52155;11.6;3.7
94;2021-04-02;5245;2335;168914;54490;12.0;3.9
94;2021-04-03;3088;2526;172002;57016;12.2;4.1
94;2021-04-04;1052;780;173054;57796;12.3;4.1
94;2021-04-05;834;159;173888;57955;12.4;4.1
94;2021-04-06;3573;2607;177461;60562;12.6;4.3
94;2021-04-07;3861;2268;181322;62830;12.9;4.5
94;2021-04-08;4623;2056;185945;64886;13.2;4.6
94;2021-04-09;5361;2475;191306;67361;13.6;4.8
94;2021-04-10;2960;3010;194266;70371;13.8;5.0
94;2021-04-11;1267;1768;195533;72139;13.9;5.1
94;2021-04-12;3439;2285;198972;74424;14.2;5.3
94;2021-04-13;4310;3429;203282;77853;14.5;5.5
94;2021-04-14;3901;2696;207183;80549;14.7;5.7
94;2021-04-15;4440;2988;211623;83537;15.1;5.9
94;2021-04-16;4705;2842;216328;86379;15.4;6.1
94;2021-04-17;2461;2770;218789;89149;15.6;6.3
94;2021-04-18;919;1248;219708;90397;15.6;6.4
94;2021-04-19;2975;2445;222683;92842;15.8;6.6
94;2021-04-20;3270;2711;225953;95553;16.1;6.8
94;2021-04-21;3217;3162;229170;98715;16.3;7.0
94;2021-04-22;3908;3645;233078;102360;16.6;7.3
94;2021-04-23;4112;3992;237190;106352;16.9;7.6
94;2021-04-24;4264;3402;241454;109754;17.2;7.8
94;2021-04-25;2409;1502;243863;111256;17.3;7.9
94;2021-04-26;4008;3277;247871;114533;17.6;8.1
94;2021-04-27;5092;3370;252963;117903;18.0;8.4
94;2021-04-28;4829;3631;257792;121534;18.3;8.6
94;2021-04-29;6413;3815;264205;125349;18.8;8.9
94;2021-04-30;6484;3937;270689;129286;19.3;9.2
94;2021-05-01;4056;1062;274745;130348;19.5;9.3
94;2021-05-02;3053;1473;277798;131821;19.8;9.4
94;2021-05-03;5735;5347;283533;137168;20.2;9.8
94;2021-05-04;6099;3573;289632;140741;20.6;10.0
94;2021-05-05;6179;3425;295811;144166;21.0;10.3
94;2021-05-06;7153;3533;302964;147699;21.5;10.5
94;2021-05-07;6668;4123;309632;151822;22.0;10.8
94;2021-05-08;4896;2551;314528;154373;22.4;11.0
94;2021-05-09;4225;2247;318753;156620;22.7;11.1
94;2021-05-10;7716;3126;326469;159746;23.2;11.4
94;2021-05-11;8974;3934;335443;163680;23.9;11.6
94;2021-05-12;9573;3601;345016;167281;24.5;11.9
94;2021-05-13;8677;1372;353693;168653;25.2;12.0
94;2021-05-14;9871;3323;363564;171976;25.9;12.2
94;2021-05-15;8942;2166;372506;174142;26.5;12.4
94;2021-05-16;5068;908;377574;175050;26.9;12.4
94;2021-05-17;10837;2253;388411;177303;27.6;12.6
94;2021-05-18;11295;2450;399706;179753;28.4;12.8
94;2021-05-19;11670;3599;411376;183352;29.3;13.0
94;2021-05-20;12152;4366;423528;187718;30.1;13.4
94;2021-05-21;11870;3155;435398;190873;31.0;13.6
94;2021-05-22;10290;1968;445688;192841;31.7;13.7
94;2021-05-23;5000;712;450688;193553;32.1;13.8
94;2021-05-24;9659;1348;460347;194901;32.7;13.9
94;2021-05-25;10003;4264;470350;199165;33.5;14.2
94;2021-05-26;10278;3311;480628;202476;34.2;14.4
94;2021-05-27;10862;4586;491490;207062;35.0;14.7
94;2021-05-28;10445;4953;501935;212015;35.7;15.1
94;2021-05-29;9874;3451;511809;215466;36.4;15.3
94;2021-05-30;4787;926;516596;216392;36.7;15.4
94;2021-05-31;9982;4238;526578;220630;37.5;15.7
94;2021-06-01;10279;5103;536857;225733;38.2;16.1
94;2021-06-02;9339;4590;546196;230323;38.8;16.4
94;2021-06-03;9553;5598;555749;235921;39.5;16.8
94;2021-06-04;10390;6532;566139;242453;40.3;17.2
94;2021-06-05;9199;6258;575338;248711;40.9;17.7
94;2021-06-06;3983;1850;579321;250561;41.2;17.8
94;2021-06-07;8664;5975;587985;256536;41.8;18.2
94;2021-06-08;9000;7529;596985;264065;42.5;18.8
94;2021-06-09;8928;8163;605913;272228;43.1;19.4
94;2021-06-10;8791;10981;614704;283209;43.7;20.1
94;2021-06-11;7829;8386;622533;291595;44.3;20.7
94;2021-06-12;10258;6839;632791;298434;45.0;21.2
94;2021-06-13;3470;3257;636261;301691;45.3;21.5
94;2021-06-14;6940;8217;643201;309908;45.7;22.0
94;2021-06-15;7722;8812;650923;318720;46.3;22.7
94;2021-06-16;7235;8272;658158;326992;46.8;23.3
94;2021-06-17;6697;9072;664855;336064;47.3;23.9
94;2021-06-18;6471;11956;671326;348020;47.7;24.8
94;2021-06-19;6009;9583;677335;357603;48.2;25.4
94;2021-06-20;1889;4012;679224;361615;48.3;25.7
94;2021-06-21;4498;11184;683722;372799;48.6;26.5
94;2021-06-22;4834;10812;688556;383611;49.0;27.3
94;2021-06-23;4167;11157;692723;394768;49.3;28.1
94;2021-06-24;4959;10332;697682;405100;49.6;28.8
94;2021-06-25;4275;13735;701957;418835;49.9;29.8
94;2021-06-26;3139;11989;705096;430824;50.1;30.6
94;2021-06-27;1058;4998;706154;435822;50.2;31.0
94;2021-06-28;3481;12077;709635;447899;50.5;31.9
94;2021-06-29;4038;12181;713673;460080;50.8;32.7
94;2021-06-30;4134;11628;717807;471708;51.1;33.5
94;2021-07-01;4499;11099;722306;482807;51.4;34.3
94;2021-07-02;4877;12183;727183;494990;51.7;35.2
94;2021-07-03;3674;11802;730857;506792;52.0;36.0
94;2021-07-04;1509;5080;732366;511872;52.1;36.4
94;2021-07-05;4062;11429;736428;523301;52.4;37.2
94;2021-07-06;4137;10887;740565;534188;52.7;38.0
94;2021-07-07;4845;11071;745410;545259;53.0;38.8
94;2021-07-08;4769;10024;750179;555283;53.4;39.5
94;2021-07-09;4673;11835;754852;567118;53.7;40.3
94;2021-07-10;3911;11358;758763;578476;54.0;41.1
94;2021-07-11;1524;4715;760287;583191;54.1;41.5
94;2021-07-12;4036;11964;764323;595155;54.4;42.3
94;2021-07-13;5992;12005;770315;607160;54.8;43.2
94;2021-07-14;4061;5286;774376;612446;55.1;43.6
94;2021-07-15;6481;12349;780857;624795;55.5;44.4
94;2021-07-16;6861;11281;787718;636076;56.0;45.2
94;2021-07-17;5648;11314;793366;647390;56.4;46.0
94;2021-07-18;2598;4017;795964;651407;56.6;46.3
94;2021-07-19;5869;10427;801833;661834;57.0;47.1
94;2021-07-20;7925;10363;809758;672197;57.6;47.8
94;2021-07-21;8496;9544;818254;681741;58.2;48.5
94;2021-07-22;9418;9375;827672;691116;58.9;49.2
94;2021-07-23;8647;9368;836319;700484;59.5;49.8
94;2021-07-24;7108;8852;843427;709336;60.0;50.4
94;2021-07-25;2179;2736;845606;712072;60.1;50.6
94;2021-07-26;7618;8052;853224;720124;60.7;51.2
94;2021-07-27;8613;7092;861837;727216;61.3;51.7
94;2021-07-28;8760;6513;870597;733729;61.9;52.2
94;2021-07-29;8857;6315;879454;740044;62.5;52.6
94;2021-07-30;7680;6515;887134;746559;63.1;53.1
94;2021-07-31;7102;6271;894236;752830;63.6;53.5
94;2021-08-01;3146;1771;897382;754601;63.8;53.7
94;2021-08-02;6040;5408;903422;760009;64.3;54.1
94;2021-08-03;6071;5131;909493;765140;64.7;54.4
94;2021-08-04;5947;5075;915440;770215;65.1;54.8
94;2021-08-05;5575;5388;921015;775603;65.5;55.2
94;2021-08-06;5368;5763;926383;781366;65.9;55.6
94;2021-08-07;4193;4446;930576;785812;66.2;55.9
94;2021-08-08;1351;1692;931927;787504;66.3;56.0
94;2021-08-09;4739;6754;936666;794258;66.6;56.5
94;2021-08-10;5186;6461;941852;800719;67.0;56.9
94;2021-08-11;4116;5874;945968;806593;67.3;57.4
94;2021-08-12;4186;6407;950154;813000;67.6;57.8
95;2020-12-27;3;0;3;0;0.0;0.0
95;2020-12-28;4;0;7;0;0.0;0.0
95;2020-12-29;0;0;7;0;0.0;0.0
95;2020-12-30;0;0;7;0;0.0;0.0
95;2020-12-31;2;0;9;0;0.0;0.0
95;2021-01-01;0;0;9;0;0.0;0.0
95;2021-01-02;13;0;22;0;0.0;0.0
95;2021-01-03;1;0;23;0;0.0;0.0
95;2021-01-04;48;0;71;0;0.0;0.0
95;2021-01-05;311;0;382;0;0.0;0.0
95;2021-01-06;192;0;574;0;0.0;0.0
95;2021-01-07;130;0;704;0;0.1;0.0
95;2021-01-08;277;1;981;1;0.1;0.0
95;2021-01-09;251;0;1232;1;0.1;0.0
95;2021-01-10;383;1;1615;2;0.1;0.0
95;2021-01-11;489;1;2104;3;0.2;0.0
95;2021-01-12;862;1;2966;4;0.2;0.0
95;2021-01-13;781;13;3747;17;0.3;0.0
95;2021-01-14;887;13;4634;30;0.4;0.0
95;2021-01-15;758;5;5392;35;0.4;0.0
95;2021-01-16;298;3;5690;38;0.5;0.0
95;2021-01-17;221;1;5911;39;0.5;0.0
95;2021-01-18;1336;5;7247;44;0.6;0.0
95;2021-01-19;1573;6;8820;50;0.7;0.0
95;2021-01-20;2036;5;10856;55;0.9;0.0
95;2021-01-21;1852;3;12708;58;1.0;0.0
95;2021-01-22;1320;5;14028;63;1.1;0.0
95;2021-01-23;647;0;14675;63;1.2;0.0
95;2021-01-24;181;0;14856;63;1.2;0.0
95;2021-01-25;796;37;15652;100;1.3;0.0
95;2021-01-26;987;160;16639;260;1.3;0.0
95;2021-01-27;1250;193;17889;453;1.4;0.0
95;2021-01-28;1720;36;19609;489;1.6;0.0
95;2021-01-29;1247;211;20856;700;1.7;0.1
95;2021-01-30;477;5;21333;705;1.7;0.1
95;2021-01-31;212;2;21545;707;1.7;0.1
95;2021-02-01;565;275;22110;982;1.8;0.1
95;2021-02-02;527;268;22637;1250;1.8;0.1
95;2021-02-03;612;519;23249;1769;1.9;0.1
95;2021-02-04;1065;370;24314;2139;1.9;0.2
95;2021-02-05;732;307;25046;2446;2.0;0.2
95;2021-02-06;335;256;25381;2702;2.0;0.2
95;2021-02-07;140;417;25521;3119;2.0;0.2
95;2021-02-08;764;345;26285;3464;2.1;0.3
95;2021-02-09;1131;1092;27416;4556;2.2;0.4
95;2021-02-10;1255;1413;28671;5969;2.3;0.5
95;2021-02-11;1385;1149;30056;7118;2.4;0.6
95;2021-02-12;1032;993;31088;8111;2.5;0.6
95;2021-02-13;329;318;31417;8429;2.5;0.7
95;2021-02-14;39;192;31456;8621;2.5;0.7
95;2021-02-15;425;1072;31881;9693;2.6;0.8
95;2021-02-16;493;925;32374;10618;2.6;0.9
95;2021-02-17;654;1141;33028;11759;2.6;0.9
95;2021-02-18;721;1691;33749;13450;2.7;1.1
95;2021-02-19;782;1309;34531;14759;2.8;1.2
95;2021-02-20;305;493;34836;15252;2.8;1.2
95;2021-02-21;165;320;35001;15572;2.8;1.2
95;2021-02-22;327;1025;35328;16597;2.8;1.3
95;2021-02-23;368;733;35696;17330;2.9;1.4
95;2021-02-24;309;884;36005;18214;2.9;1.5
95;2021-02-25;720;1133;36725;19347;2.9;1.5
95;2021-02-26;988;888;37713;20235;3.0;1.6
95;2021-02-27;365;434;38078;20669;3.1;1.7
95;2021-02-28;61;236;38139;20905;3.1;1.7
95;2021-03-01;770;593;38909;21498;3.1;1.7
95;2021-03-02;1319;858;40228;22356;3.2;1.8
95;2021-03-03;1596;984;41824;23340;3.4;1.9
95;2021-03-04;3191;1204;45015;24544;3.6;2.0
95;2021-03-05;3652;1102;48667;25646;3.9;2.1
95;2021-03-06;4003;498;52670;26144;4.2;2.1
95;2021-03-07;4220;317;56890;26461;4.6;2.1
95;2021-03-08;1541;869;58431;27330;4.7;2.2
95;2021-03-09;2622;500;61053;27830;4.9;2.2
95;2021-03-10;2341;850;63394;28680;5.1;2.3
95;2021-03-11;3136;1147;66530;29827;5.3;2.4
95;2021-03-12;3517;799;70047;30626;5.6;2.5
95;2021-03-13;3518;416;73565;31042;5.9;2.5
95;2021-03-14;1984;297;75549;31339;6.1;2.5
95;2021-03-15;2372;322;77921;31661;6.2;2.5
95;2021-03-16;1573;417;79494;32078;6.4;2.6
95;2021-03-17;2102;418;81596;32496;6.5;2.6
95;2021-03-18;2797;365;84393;32861;6.8;2.6
95;2021-03-19;3472;354;87865;33215;7.0;2.7
95;2021-03-20;2590;204;90455;33419;7.2;2.7
95;2021-03-21;1198;243;91653;33662;7.3;2.7
95;2021-03-22;2936;368;94589;34030;7.6;2.7
95;2021-03-23;3432;458;98021;34488;7.9;2.8
95;2021-03-24;3939;509;101960;34997;8.2;2.8
95;2021-03-25;5856;649;107816;35646;8.6;2.9
95;2021-03-26;5429;675;113245;36321;9.1;2.9
95;2021-03-27;3748;214;116993;36535;9.4;2.9
95;2021-03-28;1532;114;118525;36649;9.5;2.9
95;2021-03-29;2893;576;121418;37225;9.7;3.0
95;2021-03-30;3884;1235;125302;38460;10.0;3.1
95;2021-03-31;3655;1666;128957;40126;10.3;3.2
95;2021-04-01;5479;2267;134436;42393;10.8;3.4
95;2021-04-02;3545;2758;137981;45151;11.1;3.6
95;2021-04-03;2092;2486;140073;47637;11.2;3.8
95;2021-04-04;1244;1201;141317;48838;11.3;3.9
95;2021-04-05;594;64;141911;48902;11.4;3.9
95;2021-04-06;1855;1538;143766;50440;11.5;4.0
95;2021-04-07;4949;2181;148715;52621;11.9;4.2
95;2021-04-08;4895;2456;153610;55077;12.3;4.4
95;2021-04-09;5431;2333;159041;57410;12.7;4.6
95;2021-04-10;3708;1434;162749;58844;13.0;4.7
95;2021-04-11;1566;1032;164315;59876;13.2;4.8
95;2021-04-12;3250;1612;167565;61488;13.4;4.9
95;2021-04-13;3141;1679;170706;63167;13.7;5.1
95;2021-04-14;2745;1992;173451;65159;13.9;5.2
95;2021-04-15;3898;3333;177349;68492;14.2;5.5
95;2021-04-16;4064;3025;181413;71517;14.5;5.7
95;2021-04-17;2374;1755;183787;73272;14.7;5.9
95;2021-04-18;1509;1022;185296;74294;14.8;6.0
95;2021-04-19;2566;2370;187862;76664;15.0;6.1
95;2021-04-20;2118;2453;189980;79117;15.2;6.3
95;2021-04-21;3930;2632;193910;81749;15.5;6.5
95;2021-04-22;3409;4628;197319;86377;15.8;6.9
95;2021-04-23;2767;3559;200086;89936;16.0;7.2
95;2021-04-24;3569;2584;203655;92520;16.3;7.4
95;2021-04-25;1961;1548;205616;94068;16.5;7.5
95;2021-04-26;2748;2706;208364;96774;16.7;7.8
95;2021-04-27;3850;2172;212214;98946;17.0;7.9
95;2021-04-28;3887;2670;216101;101616;17.3;8.1
95;2021-04-29;6138;4541;222239;106157;17.8;8.5
95;2021-04-30;6904;2934;229143;109091;18.4;8.7
95;2021-05-01;2368;918;231511;110009;18.5;8.8
95;2021-05-02;2447;1494;233958;111503;18.7;8.9
95;2021-05-03;5124;1923;239082;113426;19.2;9.1
95;2021-05-04;6354;2722;245436;116148;19.7;9.3
95;2021-05-05;5146;3810;250582;119958;20.1;9.6
95;2021-05-06;8202;4929;258784;124887;20.7;10.0
95;2021-05-07;5775;4750;264559;129637;21.2;10.4
95;2021-05-08;5740;1528;270299;131165;21.7;10.5
95;2021-05-09;2825;1578;273124;132743;21.9;10.6
95;2021-05-10;9960;3184;283084;135927;22.7;10.9
95;2021-05-11;8446;3456;291530;139383;23.4;11.2
95;2021-05-12;9460;3215;300990;142598;24.1;11.4
95;2021-05-13;7954;1204;308944;143802;24.7;11.5
95;2021-05-14;7014;1908;315958;145710;25.3;11.7
95;2021-05-15;4513;1068;320471;146778;25.7;11.8
95;2021-05-16;4820;827;325291;147605;26.1;11.8
95;2021-05-17;7737;1347;333028;148952;26.7;11.9
95;2021-05-18;9462;1860;342490;150812;27.4;12.1
95;2021-05-19;9245;2512;351735;153324;28.2;12.3
95;2021-05-20;12581;2442;364316;155766;29.2;12.5
95;2021-05-21;10178;2534;374494;158300;30.0;12.7
95;2021-05-22;9399;1557;383893;159857;30.8;12.8
95;2021-05-23;4141;949;388034;160806;31.1;12.9
95;2021-05-24;2397;538;390431;161344;31.3;12.9
95;2021-05-25;7208;2079;397639;163423;31.9;13.1
95;2021-05-26;8850;3124;406489;166547;32.6;13.3
95;2021-05-27;10363;4429;416852;170976;33.4;13.7
95;2021-05-28;7686;4423;424538;175399;34.0;14.1
95;2021-05-29;5263;2763;429801;178162;34.4;14.3
95;2021-05-30;3730;1694;433531;179856;34.7;14.4
95;2021-05-31;6428;3326;439959;183182;35.2;14.7
95;2021-06-01;8784;3806;448743;186988;35.9;15.0
95;2021-06-02;8795;4738;457538;191726;36.7;15.4
95;2021-06-03;8526;6557;466064;198283;37.3;15.9
95;2021-06-04;8880;4405;474944;202688;38.0;16.2
95;2021-06-05;8336;3741;483280;206429;38.7;16.5
95;2021-06-06;4829;1604;488109;208033;39.1;16.7
95;2021-06-07;6051;4539;494160;212572;39.6;17.0
95;2021-06-08;6538;5513;500698;218085;40.1;17.5
95;2021-06-09;6221;6468;506919;224553;40.6;18.0
95;2021-06-10;6414;6813;513333;231366;41.1;18.5
95;2021-06-11;7197;6437;520530;237803;41.7;19.0
95;2021-06-12;6008;4374;526538;242177;42.2;19.4
95;2021-06-13;2084;3285;528622;245462;42.3;19.7
95;2021-06-14;5262;5982;533884;251444;42.8;20.1
95;2021-06-15;5672;8070;539556;259514;43.2;20.8
95;2021-06-16;5465;7531;545021;267045;43.7;21.4
95;2021-06-17;6550;8155;551571;275200;44.2;22.0
95;2021-06-18;5572;7851;557143;283051;44.6;22.7
95;2021-06-19;4966;8921;562109;291972;45.0;23.4
95;2021-06-20;1426;3309;563535;295281;45.1;23.7
95;2021-06-21;3374;7714;566909;302995;45.4;24.3
95;2021-06-22;5018;9040;571927;312035;45.8;25.0
95;2021-06-23;4741;10874;576668;322909;46.2;25.9
95;2021-06-24;4913;10716;581581;333625;46.6;26.7
95;2021-06-25;4811;10350;586392;343975;47.0;27.6
95;2021-06-26;4321;8481;590713;352456;47.3;28.2
95;2021-06-27;1032;3990;591745;356446;47.4;28.6
95;2021-06-28;2704;9485;594449;365931;47.6;29.3
95;2021-06-29;2528;8785;596977;374716;47.8;30.0
95;2021-06-30;3930;9991;600907;384707;48.1;30.8
95;2021-07-01;4415;11155;605322;395862;48.5;31.7
95;2021-07-02;4147;10543;609469;406405;48.8;32.6
95;2021-07-03;3535;9149;613004;415554;49.1;33.3
95;2021-07-04;1270;3400;614274;418954;49.2;33.6
95;2021-07-05;2335;4375;616609;423329;49.4;33.9
95;2021-07-06;2655;7746;619264;431075;49.6;34.5
95;2021-07-07;3959;9624;623223;440699;49.9;35.3
95;2021-07-08;5306;9815;628529;450514;50.3;36.1
95;2021-07-09;4514;10066;633043;460580;50.7;36.9
95;2021-07-10;3392;7384;636435;467964;51.0;37.5
95;2021-07-11;1518;3604;637953;471568;51.1;37.8
95;2021-07-12;2966;9683;640919;481251;51.3;38.6
95;2021-07-13;5035;10053;645954;491304;51.7;39.4
95;2021-07-14;4373;5722;650327;497026;52.1;39.8
95;2021-07-15;7340;12339;657667;509365;52.7;40.8
95;2021-07-16;7906;11982;665573;521347;53.3;41.8
95;2021-07-17;5037;7815;670610;529162;53.7;42.4
95;2021-07-18;3443;2886;674053;532048;54.0;42.6
95;2021-07-19;4758;6859;678811;538907;54.4;43.2
95;2021-07-20;6876;8364;685687;547271;54.9;43.8
95;2021-07-21;9187;9417;694874;556688;55.7;44.6
95;2021-07-22;9979;9698;704853;566386;56.5;45.4
95;2021-07-23;10786;10180;715639;576566;57.3;46.2
95;2021-07-24;5239;6234;720878;582800;57.7;46.7
95;2021-07-25;2151;2274;723029;585074;57.9;46.9
95;2021-07-26;4477;4011;727506;589085;58.3;47.2
95;2021-07-27;8378;7029;735884;596114;58.9;47.8
95;2021-07-28;9622;7524;745506;603638;59.7;48.4
95;2021-07-29;8342;5457;753848;609095;60.4;48.8
95;2021-07-30;8392;7746;762240;616841;61.1;49.4
95;2021-07-31;4199;4104;766439;620945;61.4;49.7
95;2021-08-01;2189;1355;768628;622300;61.6;49.8
95;2021-08-02;4098;3892;772726;626192;61.9;50.2
95;2021-08-03;6066;5502;778792;631694;62.4;50.6
95;2021-08-04;6411;6053;785203;637747;62.9;51.1
95;2021-08-05;6795;5715;791998;643462;63.4;51.5
95;2021-08-06;6443;7044;798441;650506;64.0;52.1
95;2021-08-07;2823;3184;801264;653690;64.2;52.4
95;2021-08-08;1326;1878;802590;655568;64.3;52.5
95;2021-08-09;3866;5027;806456;660595;64.6;52.9
95;2021-08-10;5182;5829;811638;666424;65.0;53.4
95;2021-08-11;5310;6514;816948;672938;65.4;53.9
95;2021-08-12;5147;6291;822095;679229;65.9;54.4
971;2020-12-27;0;0;0;0;0.0;0.0
971;2020-12-28;0;0;0;0;0.0;0.0
971;2020-12-29;0;0;0;0;0.0;0.0
971;2020-12-30;0;0;0;0;0.0;0.0
971;2020-12-31;0;0;0;0;0.0;0.0
971;2021-01-01;1;0;1;0;0.0;0.0
971;2021-01-02;0;0;1;0;0.0;0.0
971;2021-01-03;0;0;1;0;0.0;0.0
971;2021-01-04;1;0;2;0;0.0;0.0
971;2021-01-05;0;0;2;0;0.0;0.0
971;2021-01-06;1;0;3;0;0.0;0.0
971;2021-01-07;0;0;3;0;0.0;0.0
971;2021-01-08;56;1;59;1;0.0;0.0
971;2021-01-09;20;0;79;1;0.0;0.0
971;2021-01-10;0;0;79;1;0.0;0.0
971;2021-01-11;60;0;139;1;0.0;0.0
971;2021-01-12;45;0;184;1;0.0;0.0
971;2021-01-13;47;1;231;2;0.1;0.0
971;2021-01-14;63;0;294;2;0.1;0.0
971;2021-01-15;77;0;371;2;0.1;0.0
971;2021-01-16;0;0;371;2;0.1;0.0
971;2021-01-17;0;0;371;2;0.1;0.0
971;2021-01-18;80;1;451;3;0.1;0.0
971;2021-01-19;145;0;596;3;0.2;0.0
971;2021-01-20;135;0;731;3;0.2;0.0
971;2021-01-21;152;1;883;4;0.2;0.0
971;2021-01-22;134;0;1017;4;0.3;0.0
971;2021-01-23;1;0;1018;4;0.3;0.0
971;2021-01-24;0;0;1018;4;0.3;0.0
971;2021-01-25;202;1;1220;5;0.3;0.0
971;2021-01-26;216;1;1436;6;0.4;0.0
971;2021-01-27;235;0;1671;6;0.4;0.0
971;2021-01-28;239;4;1910;10;0.5;0.0
971;2021-01-29;197;2;2107;12;0.6;0.0
971;2021-01-30;24;0;2131;12;0.6;0.0
971;2021-01-31;1;0;2132;12;0.6;0.0
971;2021-02-01;228;4;2360;16;0.6;0.0
971;2021-02-02;243;24;2603;40;0.7;0.0
971;2021-02-03;225;3;2828;43;0.8;0.0
971;2021-02-04;300;22;3128;65;0.8;0.0
971;2021-02-05;276;33;3404;98;0.9;0.0
971;2021-02-06;49;1;3453;99;0.9;0.0
971;2021-02-07;0;0;3453;99;0.9;0.0
971;2021-02-08;254;22;3707;121;1.0;0.0
971;2021-02-09;317;29;4024;150;1.1;0.0
971;2021-02-10;242;29;4266;179;1.1;0.0
971;2021-02-11;297;111;4563;290;1.2;0.1
971;2021-02-12;287;26;4850;316;1.3;0.1
971;2021-02-13;50;7;4900;323;1.3;0.1
971;2021-02-14;20;36;4920;359;1.3;0.1
971;2021-02-15;83;46;5003;405;1.3;0.1
971;2021-02-16;16;1;5019;406;1.3;0.1
971;2021-02-17;17;1;5036;407;1.3;0.1
971;2021-02-18;244;17;5280;424;1.4;0.1
971;2021-02-19;244;21;5524;445;1.5;0.1
971;2021-02-20;48;0;5572;445;1.5;0.1
971;2021-02-21;1;0;5573;445;1.5;0.1
971;2021-02-22;181;65;5754;510;1.5;0.1
971;2021-02-23;196;74;5950;584;1.6;0.2
971;2021-02-24;332;125;6282;709;1.7;0.2
971;2021-02-25;380;80;6662;789;1.8;0.2
971;2021-02-26;223;84;6885;873;1.8;0.2
971;2021-02-27;65;0;6950;873;1.8;0.2
971;2021-02-28;1;0;6951;873;1.8;0.2
971;2021-03-01;171;82;7122;955;1.9;0.3
971;2021-03-02;272;133;7394;1088;2.0;0.3
971;2021-03-03;240;121;7634;1209;2.0;0.3
971;2021-03-04;328;86;7962;1295;2.1;0.3
971;2021-03-05;364;152;8326;1447;2.2;0.4
971;2021-03-06;598;9;8924;1456;2.4;0.4
971;2021-03-07;1;0;8925;1456;2.4;0.4
971;2021-03-08;316;141;9241;1597;2.5;0.4
971;2021-03-09;385;155;9626;1752;2.6;0.5
971;2021-03-10;422;163;10048;1915;2.7;0.5
971;2021-03-11;123;46;10171;1961;2.7;0.5
971;2021-03-12;505;228;10676;2189;2.8;0.6
971;2021-03-13;137;3;10813;2192;2.9;0.6
971;2021-03-14;14;23;10827;2215;2.9;0.6
971;2021-03-15;422;47;11249;2262;3.0;0.6
971;2021-03-16;482;84;11731;2346;3.1;0.6
971;2021-03-17;468;75;12199;2421;3.2;0.6
971;2021-03-18;583;86;12782;2507;3.4;0.7
971;2021-03-19;582;104;13364;2611;3.5;0.7
971;2021-03-20;177;44;13541;2655;3.6;0.7
971;2021-03-21;8;0;13549;2655;3.6;0.7
971;2021-03-22;355;88;13904;2743;3.7;0.7
971;2021-03-23;537;157;14441;2900;3.8;0.8
971;2021-03-24;472;108;14913;3008;4.0;0.8
971;2021-03-25;759;182;15672;3190;4.2;0.8
971;2021-03-26;645;122;16317;3312;4.3;0.9
971;2021-03-27;286;47;16603;3359;4.4;0.9
971;2021-03-28;24;1;16627;3360;4.4;0.9
971;2021-03-29;384;84;17011;3444;4.5;0.9
971;2021-03-30;624;164;17635;3608;4.7;1.0
971;2021-03-31;546;134;18181;3742;4.8;1.0
971;2021-04-01;660;198;18841;3940;5.0;1.0
971;2021-04-02;38;35;18879;3975;5.0;1.1
971;2021-04-03;56;2;18935;3977;5.0;1.1
971;2021-04-04;4;18;18939;3995;5.0;1.1
971;2021-04-05;12;0;18951;3995;5.0;1.1
971;2021-04-06;481;193;19432;4188;5.2;1.1
971;2021-04-07;580;118;20012;4306;5.3;1.1
971;2021-04-08;511;165;20523;4471;5.4;1.2
971;2021-04-09;492;209;21015;4680;5.6;1.2
971;2021-04-10;101;4;21116;4684;5.6;1.2
971;2021-04-11;8;23;21124;4707;5.6;1.2
971;2021-04-12;303;262;21427;4969;5.7;1.3
971;2021-04-13;555;325;21982;5294;5.8;1.4
971;2021-04-14;436;224;22418;5518;5.9;1.5
971;2021-04-15;551;312;22969;5830;6.1;1.5
971;2021-04-16;564;273;23533;6103;6.2;1.6
971;2021-04-17;210;4;23743;6107;6.3;1.6
971;2021-04-18;6;14;23749;6121;6.3;1.6
971;2021-04-19;404;244;24153;6365;6.4;1.7
971;2021-04-20;726;345;24879;6710;6.6;1.8
971;2021-04-21;625;313;25504;7023;6.8;1.9
971;2021-04-22;810;335;26314;7358;7.0;2.0
971;2021-04-23;846;250;27160;7608;7.2;2.0
971;2021-04-24;388;76;27548;7684;7.3;2.0
971;2021-04-25;601;64;28149;7748;7.5;2.1
971;2021-04-26;964;217;29113;7965;7.7;2.1
971;2021-04-27;700;235;29813;8200;7.9;2.2
971;2021-04-28;860;267;30673;8467;8.1;2.2
971;2021-04-29;1198;202;31871;8669;8.5;2.3
971;2021-04-30;1269;190;33140;8859;8.8;2.4
971;2021-05-01;604;45;33744;8904;9.0;2.4
971;2021-05-02;354;18;34098;8922;9.0;2.4
971;2021-05-03;921;185;35019;9107;9.3;2.4
971;2021-05-04;958;207;35977;9314;9.5;2.5
971;2021-05-05;1011;252;36988;9566;9.8;2.5
971;2021-05-06;1147;175;38135;9741;10.1;2.6
971;2021-05-07;1261;272;39396;10013;10.5;2.7
971;2021-05-08;321;36;39717;10049;10.5;2.7
971;2021-05-09;182;10;39899;10059;10.6;2.7
971;2021-05-10;839;216;40738;10275;10.8;2.7
971;2021-05-11;965;317;41703;10592;11.1;2.8
971;2021-05-12;906;325;42609;10917;11.3;2.9
971;2021-05-13;211;79;42820;10996;11.4;2.9
971;2021-05-14;861;275;43681;11271;11.6;3.0
971;2021-05-15;486;15;44167;11286;11.7;3.0
971;2021-05-16;181;36;44348;11322;11.8;3.0
971;2021-05-17;718;278;45066;11600;12.0;3.1
971;2021-05-18;743;389;45809;11989;12.2;3.2
971;2021-05-19;700;530;46509;12519;12.3;3.3
971;2021-05-20;805;379;47314;12898;12.6;3.4
971;2021-05-21;822;409;48136;13307;12.8;3.5
971;2021-05-22;501;216;48637;13523;12.9;3.6
971;2021-05-23;201;114;48838;13637;13.0;3.6
971;2021-05-24;201;176;49039;13813;13.0;3.7
971;2021-05-25;546;663;49585;14476;13.2;3.8
971;2021-05-26;594;492;50179;14968;13.3;4.0
971;2021-05-27;132;184;50311;15152;13.3;4.0
971;2021-05-28;518;528;50829;15680;13.5;4.2
971;2021-05-29;235;138;51064;15818;13.5;4.2
971;2021-05-30;76;113;51140;15931;13.6;4.2
971;2021-05-31;453;537;51593;16468;13.7;4.4
971;2021-06-01;592;709;52185;17177;13.8;4.6
971;2021-06-02;577;707;52762;17884;14.0;4.7
971;2021-06-03;506;564;53268;18448;14.1;4.9
971;2021-06-04;796;806;54064;19254;14.3;5.1
971;2021-06-05;316;645;54380;19899;14.4;5.3
971;2021-06-06;136;530;54516;20429;14.5;5.4
971;2021-06-07;422;784;54938;21213;14.6;5.6
971;2021-06-08;504;893;55442;22106;14.7;5.9
971;2021-06-09;502;860;55944;22966;14.8;6.1
971;2021-06-10;532;847;56476;23813;15.0;6.3
971;2021-06-11;466;1242;56942;25055;15.1;6.6
971;2021-06-12;299;663;57241;25718;15.2;6.8
971;2021-06-13;129;314;57370;26032;15.2;6.9
971;2021-06-14;370;3790;57740;29822;15.3;7.9
971;2021-06-15;484;2001;58224;31823;15.4;8.4
971;2021-06-16;479;1480;58703;33303;15.6;8.8
971;2021-06-17;431;1013;59134;34316;15.7;9.1
971;2021-06-18;479;1019;59613;35335;15.8;9.4
971;2021-06-19;314;508;59927;35843;15.9;9.5
971;2021-06-20;111;231;60038;36074;15.9;9.6
971;2021-06-21;335;679;60373;36753;16.0;9.8
971;2021-06-22;330;873;60703;37626;16.1;10.0
971;2021-06-23;368;891;61071;38517;16.2;10.2
971;2021-06-24;414;734;61485;39251;16.3;10.4
971;2021-06-25;453;762;61938;40013;16.4;10.6
971;2021-06-26;300;516;62238;40529;16.5;10.8
971;2021-06-27;116;149;62354;40678;16.5;10.8
971;2021-06-28;304;689;62658;41367;16.6;11.0
971;2021-06-29;382;782;63040;42149;16.7;11.2
971;2021-06-30;433;921;63473;43070;16.8;11.4
971;2021-07-01;358;651;63831;43721;16.9;11.6
971;2021-07-02;422;691;64253;44412;17.0;11.8
971;2021-07-03;270;463;64523;44875;17.1;11.9
971;2021-07-04;112;239;64635;45114;17.2;12.0
971;2021-07-05;328;510;64963;45624;17.2;12.1
971;2021-07-06;379;765;65342;46389;17.3;12.3
971;2021-07-07;376;845;65718;47234;17.4;12.5
971;2021-07-08;408;791;66126;48025;17.5;12.7
971;2021-07-09;430;795;66556;48820;17.7;13.0
971;2021-07-10;245;294;66801;49114;17.7;13.0
971;2021-07-11;170;135;66971;49249;17.8;13.1
971;2021-07-12;477;608;67448;49857;17.9;13.2
971;2021-07-13;860;1008;68308;50865;18.1;13.5
971;2021-07-14;467;282;68775;51147;18.2;13.6
971;2021-07-15;859;837;69634;51984;18.5;13.8
971;2021-07-16;1073;1038;70707;53022;18.8;14.1
971;2021-07-17;645;442;71352;53464;18.9;14.2
971;2021-07-18;398;216;71750;53680;19.0;14.2
971;2021-07-19;572;580;72322;54260;19.2;14.4
971;2021-07-20;806;728;73128;54988;19.4;14.6
971;2021-07-21;754;495;73882;55483;19.6;14.7
971;2021-07-22;947;866;74829;56349;19.9;15.0
971;2021-07-23;1006;751;75835;57100;20.1;15.2
971;2021-07-24;408;378;76243;57478;20.2;15.3
971;2021-07-25;247;259;76490;57737;20.3;15.3
971;2021-07-26;630;557;77120;58294;20.5;15.5
971;2021-07-27;786;574;77906;58868;20.7;15.6
971;2021-07-28;771;646;78677;59514;20.9;15.8
971;2021-07-29;872;657;79549;60171;21.1;16.0
971;2021-07-30;1246;744;80795;60915;21.4;16.2
971;2021-07-31;551;410;81346;61325;21.6;16.3
971;2021-08-01;307;244;81653;61569;21.7;16.3
971;2021-08-02;749;419;82402;61988;21.9;16.4
971;2021-08-03;710;667;83112;62655;22.1;16.6
971;2021-08-04;647;662;83759;63317;22.2;16.8
971;2021-08-05;613;579;84372;63896;22.4;17.0
971;2021-08-06;889;625;85261;64521;22.6;17.1
971;2021-08-07;447;390;85708;64911;22.7;17.2
971;2021-08-08;261;313;85969;65224;22.8;17.3
971;2021-08-09;576;586;86545;65810;23.0;17.5
971;2021-08-10;734;796;87279;66606;23.2;17.7
971;2021-08-11;895;766;88174;67372;23.4;17.9
971;2021-08-12;842;740;89016;68112;23.6;18.1
972;2020-12-27;0;0;0;0;0.0;0.0
972;2020-12-28;0;0;0;0;0.0;0.0
972;2020-12-29;0;0;0;0;0.0;0.0
972;2020-12-30;0;0;0;0;0.0;0.0
972;2020-12-31;0;0;0;0;0.0;0.0
972;2021-01-01;0;0;0;0;0.0;0.0
972;2021-01-02;0;0;0;0;0.0;0.0
972;2021-01-03;0;0;0;0;0.0;0.0
972;2021-01-04;0;0;0;0;0.0;0.0
972;2021-01-05;0;0;0;0;0.0;0.0
972;2021-01-06;5;0;5;0;0.0;0.0
972;2021-01-07;31;0;36;0;0.0;0.0
972;2021-01-08;90;1;126;1;0.0;0.0
972;2021-01-09;20;0;146;1;0.0;0.0
972;2021-01-10;0;0;146;1;0.0;0.0
972;2021-01-11;122;0;268;1;0.1;0.0
972;2021-01-12;79;0;347;1;0.1;0.0
972;2021-01-13;65;0;412;1;0.1;0.0
972;2021-01-14;88;1;500;2;0.1;0.0
972;2021-01-15;164;0;664;2;0.2;0.0
972;2021-01-16;51;0;715;2;0.2;0.0
972;2021-01-17;0;0;715;2;0.2;0.0
972;2021-01-18;158;0;873;2;0.2;0.0
972;2021-01-19;168;1;1041;3;0.3;0.0
972;2021-01-20;165;0;1206;3;0.3;0.0
972;2021-01-21;181;2;1387;5;0.4;0.0
972;2021-01-22;173;0;1560;5;0.4;0.0
972;2021-01-23;58;0;1618;5;0.5;0.0
972;2021-01-24;0;0;1618;5;0.5;0.0
972;2021-01-25;161;0;1779;5;0.5;0.0
972;2021-01-26;137;1;1916;6;0.5;0.0
972;2021-01-27;163;5;2079;11;0.6;0.0
972;2021-01-28;152;12;2231;23;0.6;0.0
972;2021-01-29;143;41;2374;64;0.7;0.0
972;2021-01-30;96;16;2470;80;0.7;0.0
972;2021-01-31;0;0;2470;80;0.7;0.0
972;2021-02-01;119;74;2589;154;0.7;0.0
972;2021-02-02;184;96;2773;250;0.8;0.1
972;2021-02-03;132;79;2905;329;0.8;0.1
972;2021-02-04;160;72;3065;401;0.9;0.1
972;2021-02-05;124;96;3189;497;0.9;0.1
972;2021-02-06;62;26;3251;523;0.9;0.1
972;2021-02-07;1;0;3252;523;0.9;0.1
972;2021-02-08;137;80;3389;603;0.9;0.2
972;2021-02-09;176;78;3565;681;1.0;0.2
972;2021-02-10;153;90;3718;771;1.0;0.2
972;2021-02-11;150;103;3868;874;1.1;0.2
972;2021-02-12;148;130;4016;1004;1.1;0.3
972;2021-02-13;47;37;4063;1041;1.1;0.3
972;2021-02-14;0;0;4063;1041;1.1;0.3
972;2021-02-15;51;67;4114;1108;1.1;0.3
972;2021-02-16;0;1;4114;1109;1.1;0.3
972;2021-02-17;1;3;4115;1112;1.1;0.3
972;2021-02-18;69;127;4184;1239;1.2;0.3
972;2021-02-19;69;131;4253;1370;1.2;0.4
972;2021-02-20;48;68;4301;1438;1.2;0.4
972;2021-02-21;0;0;4301;1438;1.2;0.4
972;2021-02-22;102;60;4403;1498;1.2;0.4
972;2021-02-23;113;237;4516;1735;1.3;0.5
972;2021-02-24;106;222;4622;1957;1.3;0.5
972;2021-02-25;93;151;4715;2108;1.3;0.6
972;2021-02-26;132;169;4847;2277;1.4;0.6
972;2021-02-27;69;52;4916;2329;1.4;0.6
972;2021-02-28;0;0;4916;2329;1.4;0.6
972;2021-03-01;137;144;5053;2473;1.4;0.7
972;2021-03-02;158;79;5211;2552;1.5;0.7
972;2021-03-03;179;145;5390;2697;1.5;0.8
972;2021-03-04;151;135;5541;2832;1.5;0.8
972;2021-03-05;238;128;5779;2960;1.6;0.8
972;2021-03-06;119;58;5898;3018;1.6;0.8
972;2021-03-07;100;1;5998;3019;1.7;0.8
972;2021-03-08;196;133;6194;3152;1.7;0.9
972;2021-03-09;283;101;6477;3253;1.8;0.9
972;2021-03-10;322;134;6799;3387;1.9;0.9
972;2021-03-11;336;81;7135;3468;2.0;1.0
972;2021-03-12;413;55;7548;3523;2.1;1.0
972;2021-03-13;155;21;7703;3544;2.1;1.0
972;2021-03-14;4;1;7707;3545;2.1;1.0
972;2021-03-15;277;90;7984;3635;2.2;1.0
972;2021-03-16;305;56;8289;3691;2.3;1.0
972;2021-03-17;388;49;8677;3740;2.4;1.0
972;2021-03-18;434;44;9111;3784;2.5;1.1
972;2021-03-19;401;63;9512;3847;2.7;1.1
972;2021-03-20;149;48;9661;3895;2.7;1.1
972;2021-03-21;25;1;9686;3896;2.7;1.1
972;2021-03-22;362;118;10048;4014;2.8;1.1
972;2021-03-23;403;122;10451;4136;2.9;1.2
972;2021-03-24;429;107;10880;4243;3.0;1.2
972;2021-03-25;485;100;11365;4343;3.2;1.2
972;2021-03-26;634;103;11999;4446;3.3;1.2
972;2021-03-27;154;71;12153;4517;3.4;1.3
972;2021-03-28;81;2;12234;4519;3.4;1.3
972;2021-03-29;422;165;12656;4684;3.5;1.3
972;2021-03-30;469;244;13125;4928;3.7;1.4
972;2021-03-31;1151;192;14276;5120;4.0;1.4
972;2021-04-01;955;171;15231;5291;4.2;1.5
972;2021-04-02;895;14;16126;5305;4.5;1.5
972;2021-04-03;788;54;16914;5359;4.7;1.5
972;2021-04-04;751;12;17665;5371;4.9;1.5
972;2021-04-05;829;44;18494;5415;5.2;1.5
972;2021-04-06;885;136;19379;5551;5.4;1.5
972;2021-04-07;1436;326;20815;5877;5.8;1.6
972;2021-04-08;1308;271;22123;6148;6.2;1.7
972;2021-04-09;1240;316;23363;6464;6.5;1.8
972;2021-04-10;838;165;24201;6629;6.7;1.8
972;2021-04-11;620;14;24821;6643;6.9;1.9
972;2021-04-12;867;317;25688;6960;7.2;1.9
972;2021-04-13;881;327;26569;7287;7.4;2.0
972;2021-04-14;960;321;27529;7608;7.7;2.1
972;2021-04-15;959;298;28488;7906;7.9;2.2
972;2021-04-16;994;300;29482;8206;8.2;2.3
972;2021-04-17;530;161;30012;8367;8.4;2.3
972;2021-04-18;339;56;30351;8423;8.5;2.3
972;2021-04-19;668;344;31019;8767;8.6;2.4
972;2021-04-20;868;309;31887;9076;8.9;2.5
972;2021-04-21;1002;354;32889;9430;9.2;2.6
972;2021-04-22;605;313;33494;9743;9.3;2.7
972;2021-04-23;613;465;34107;10208;9.5;2.8
972;2021-04-24;363;197;34470;10405;9.6;2.9
972;2021-04-25;168;199;34638;10604;9.7;3.0
972;2021-04-26;516;541;35154;11145;9.8;3.1
972;2021-04-27;568;609;35722;11754;10.0;3.3
972;2021-04-28;448;692;36170;12446;10.1;3.5
972;2021-04-29;653;642;36823;13088;10.3;3.6
972;2021-04-30;771;687;37594;13775;10.5;3.8
972;2021-05-01;244;246;37838;14021;10.5;3.9
972;2021-05-02;227;513;38065;14534;10.6;4.1
972;2021-05-03;569;771;38634;15305;10.8;4.3
972;2021-05-04;525;678;39159;15983;10.9;4.5
972;2021-05-05;547;896;39706;16879;11.1;4.7
972;2021-05-06;546;786;40252;17665;11.2;4.9
972;2021-05-07;629;1014;40881;18679;11.4;5.2
972;2021-05-08;226;526;41107;19205;11.5;5.4
972;2021-05-09;172;506;41279;19711;11.5;5.5
972;2021-05-10;519;857;41798;20568;11.7;5.7
972;2021-05-11;476;872;42274;21440;11.8;6.0
972;2021-05-12;559;910;42833;22350;11.9;6.2
972;2021-05-13;274;533;43107;22883;12.0;6.4
972;2021-05-14;389;752;43496;23635;12.1;6.6
972;2021-05-15;233;578;43729;24213;12.2;6.7
972;2021-05-16;155;442;43884;24655;12.2;6.9
972;2021-05-17;474;753;44358;25408;12.4;7.1
972;2021-05-18;446;680;44804;26088;12.5;7.3
972;2021-05-19;453;743;45257;26831;12.6;7.5
972;2021-05-20;594;500;45851;27331;12.8;7.6
972;2021-05-21;545;705;46396;28036;12.9;7.8
972;2021-05-22;186;364;46582;28400;13.0;7.9
972;2021-05-23;111;182;46693;28582;13.0;8.0
972;2021-05-24;136;241;46829;28823;13.1;8.0
972;2021-05-25;351;698;47180;29521;13.2;8.2
972;2021-05-26;382;714;47562;30235;13.3;8.4
972;2021-05-27;270;647;47832;30882;13.3;8.6
972;2021-05-28;279;816;48111;31698;13.4;8.8
972;2021-05-29;154;513;48265;32211;13.5;9.0
972;2021-05-30;17;33;48282;32244;13.5;9.0
972;2021-05-31;345;682;48627;32926;13.6;9.2
972;2021-06-01;300;547;48927;33473;13.6;9.3
972;2021-06-02;326;575;49253;34048;13.7;9.5
972;2021-06-03;247;425;49500;34473;13.8;9.6
972;2021-06-04;350;643;49850;35116;13.9;9.8
972;2021-06-05;260;373;50110;35489;14.0;9.9
972;2021-06-06;25;31;50135;35520;14.0;9.9
972;2021-06-07;259;736;50394;36256;14.0;10.1
972;2021-06-08;256;589;50650;36845;14.1;10.3
972;2021-06-09;303;699;50953;37544;14.2;10.5
972;2021-06-10;307;453;51260;37997;14.3;10.6
972;2021-06-11;361;534;51621;38531;14.4;10.7
972;2021-06-12;246;322;51867;38853;14.5;10.8
972;2021-06-13;32;29;51899;38882;14.5;10.8
972;2021-06-14;367;551;52266;39433;14.6;11.0
972;2021-06-15;410;488;52676;39921;14.7;11.1
972;2021-06-16;436;436;53112;40357;14.8;11.2
972;2021-06-17;355;576;53467;40933;14.9;11.4
972;2021-06-18;458;539;53925;41472;15.0;11.6
972;2021-06-19;225;196;54150;41668;15.1;11.6
972;2021-06-20;25;17;54175;41685;15.1;11.6
972;2021-06-21;332;580;54507;42265;15.2;11.8
972;2021-06-22;297;464;54804;42729;15.3;11.9
972;2021-06-23;425;563;55229;43292;15.4;12.1
972;2021-06-24;327;437;55556;43729;15.5;12.2
972;2021-06-25;313;387;55869;44116;15.6;12.3
972;2021-06-26;221;200;56090;44316;15.6;12.4
972;2021-06-27;16;23;56106;44339;15.6;12.4
972;2021-06-28;338;425;56444;44764;15.7;12.5
972;2021-06-29;329;431;56773;45195;15.8;12.6
972;2021-06-30;440;421;57213;45616;15.9;12.7
972;2021-07-01;350;393;57563;46009;16.0;12.8
972;2021-07-02;124;201;57687;46210;16.1;12.9
972;2021-07-03;100;118;57787;46328;16.1;12.9
972;2021-07-04;24;35;57811;46363;16.1;12.9
972;2021-07-05;493;580;58304;46943;16.3;13.1
972;2021-07-06;484;429;58788;47372;16.4;13.2
972;2021-07-07;608;492;59396;47864;16.6;13.3
972;2021-07-08;494;422;59890;48286;16.7;13.5
972;2021-07-09;626;582;60516;48868;16.9;13.6
972;2021-07-10;404;306;60920;49174;17.0;13.7
972;2021-07-11;50;38;60970;49212;17.0;13.7
972;2021-07-12;843;697;61813;49909;17.2;13.9
972;2021-07-13;1470;709;63283;50618;17.6;14.1
972;2021-07-14;132;63;63415;50681;17.7;14.1
972;2021-07-15;1604;680;65019;51361;18.1;14.3
972;2021-07-16;1634;655;66653;52016;18.6;14.5
972;2021-07-17;1079;367;67732;52383;18.9;14.6
972;2021-07-18;56;39;67788;52422;18.9;14.6
972;2021-07-19;1136;652;68924;53074;19.2;14.8
972;2021-07-20;1122;577;70046;53651;19.5;15.0
972;2021-07-21;1087;595;71133;54246;19.8;15.1
972;2021-07-22;897;518;72030;54764;20.1;15.3
972;2021-07-23;938;480;72968;55244;20.3;15.4
972;2021-07-24;497;222;73465;55466;20.5;15.5
972;2021-07-25;50;63;73515;55529;20.5;15.5
972;2021-07-26;681;513;74196;56042;20.7;15.6
972;2021-07-27;1024;510;75220;56552;21.0;15.8
972;2021-07-28;628;562;75848;57114;21.1;15.9
972;2021-07-29;830;536;76678;57650;21.4;16.1
972;2021-07-30;883;616;77561;58266;21.6;16.2
972;2021-07-31;554;268;78115;58534;21.8;16.3
972;2021-08-01;82;33;78197;58567;21.8;16.3
972;2021-08-02;804;810;79001;59377;22.0;16.6
972;2021-08-03;699;740;79700;60117;22.2;16.8
972;2021-08-04;758;567;80458;60684;22.4;16.9
972;2021-08-05;899;588;81357;61272;22.7;17.1
972;2021-08-06;1170;891;82527;62163;23.0;17.3
972;2021-08-07;666;570;83193;62733;23.2;17.5
972;2021-08-08;77;83;83270;62816;23.2;17.5
972;2021-08-09;1114;1062;84384;63878;23.5;17.8
972;2021-08-10;1172;1040;85556;64918;23.8;18.1
972;2021-08-11;1225;917;86781;65835;24.2;18.4
972;2021-08-12;1301;886;88082;66721;24.6;18.6
973;2020-12-27;0;0;0;0;0.0;0.0
973;2020-12-28;0;0;0;0;0.0;0.0
973;2020-12-29;0;0;0;0;0.0;0.0
973;2020-12-30;0;0;0;0;0.0;0.0
973;2020-12-31;0;0;0;0;0.0;0.0
973;2021-01-01;0;0;0;0;0.0;0.0
973;2021-01-02;2;2;2;2;0.0;0.0
973;2021-01-03;0;0;2;2;0.0;0.0
973;2021-01-04;0;0;2;2;0.0;0.0
973;2021-01-05;0;0;2;2;0.0;0.0
973;2021-01-06;0;0;2;2;0.0;0.0
973;2021-01-07;0;0;2;2;0.0;0.0
973;2021-01-08;0;0;2;2;0.0;0.0
973;2021-01-09;0;0;2;2;0.0;0.0
973;2021-01-10;0;0;2;2;0.0;0.0
973;2021-01-11;0;0;2;2;0.0;0.0
973;2021-01-12;0;0;2;2;0.0;0.0
973;2021-01-13;30;0;32;2;0.0;0.0
973;2021-01-14;46;0;78;2;0.0;0.0
973;2021-01-15;35;0;113;2;0.0;0.0
973;2021-01-16;18;1;131;3;0.0;0.0
973;2021-01-17;0;0;131;3;0.0;0.0
973;2021-01-18;63;0;194;3;0.1;0.0
973;2021-01-19;150;1;344;4;0.1;0.0
973;2021-01-20;134;0;478;4;0.2;0.0
973;2021-01-21;118;0;596;4;0.2;0.0
973;2021-01-22;76;0;672;4;0.2;0.0
973;2021-01-23;0;0;672;4;0.2;0.0
973;2021-01-24;0;0;672;4;0.2;0.0
973;2021-01-25;56;0;728;4;0.3;0.0
973;2021-01-26;100;2;828;6;0.3;0.0
973;2021-01-27;109;1;937;7;0.3;0.0
973;2021-01-28;96;3;1033;10;0.4;0.0
973;2021-01-29;104;3;1137;13;0.4;0.0
973;2021-01-30;0;0;1137;13;0.4;0.0
973;2021-01-31;0;0;1137;13;0.4;0.0
973;2021-02-01;54;0;1191;13;0.4;0.0
973;2021-02-02;122;4;1313;17;0.5;0.0
973;2021-02-03;119;7;1432;24;0.5;0.0
973;2021-02-04;79;26;1511;50;0.5;0.0
973;2021-02-05;65;8;1576;58;0.5;0.0
973;2021-02-06;0;0;1576;58;0.5;0.0
973;2021-02-07;0;0;1576;58;0.5;0.0
973;2021-02-08;52;12;1628;70;0.6;0.0
973;2021-02-09;92;39;1720;109;0.6;0.0
973;2021-02-10;101;41;1821;150;0.6;0.1
973;2021-02-11;105;92;1926;242;0.7;0.1
973;2021-02-12;88;64;2014;306;0.7;0.1
973;2021-02-13;0;0;2014;306;0.7;0.1
973;2021-02-14;0;0;2014;306;0.7;0.1
973;2021-02-15;27;65;2041;371;0.7;0.1
973;2021-02-16;123;55;2164;426;0.7;0.1
973;2021-02-17;145;120;2309;546;0.8;0.2
973;2021-02-18;103;142;2412;688;0.8;0.2
973;2021-02-19;122;74;2534;762;0.9;0.3
973;2021-02-20;0;0;2534;762;0.9;0.3
973;2021-02-21;0;0;2534;762;0.9;0.3
973;2021-02-22;78;49;2612;811;0.9;0.3
973;2021-02-23;158;102;2770;913;1.0;0.3
973;2021-02-24;190;123;2960;1036;1.0;0.4
973;2021-02-25;259;91;3219;1127;1.1;0.4
973;2021-02-26;264;70;3483;1197;1.2;0.4
973;2021-02-27;120;1;3603;1198;1.2;0.4
973;2021-02-28;0;0;3603;1198;1.2;0.4
973;2021-03-01;180;86;3783;1284;1.3;0.4
973;2021-03-02;255;108;4038;1392;1.4;0.5
973;2021-03-03;255;132;4293;1524;1.5;0.5
973;2021-03-04;281;83;4574;1607;1.6;0.6
973;2021-03-05;274;48;4848;1655;1.7;0.6
973;2021-03-06;118;2;4966;1657;1.7;0.6
973;2021-03-07;0;0;4966;1657;1.7;0.6
973;2021-03-08;187;40;5153;1697;1.8;0.6
973;2021-03-09;350;93;5503;1790;1.9;0.6
973;2021-03-10;359;104;5862;1894;2.0;0.7
973;2021-03-11;270;114;6132;2008;2.1;0.7
973;2021-03-12;287;90;6419;2098;2.2;0.7
973;2021-03-13;111;4;6530;2102;2.2;0.7
973;2021-03-14;0;0;6530;2102;2.2;0.7
973;2021-03-15;181;27;6711;2129;2.3;0.7
973;2021-03-16;242;138;6953;2267;2.4;0.8
973;2021-03-17;273;129;7226;2396;2.5;0.8
973;2021-03-18;249;154;7475;2550;2.6;0.9
973;2021-03-19;283;127;7758;2677;2.7;0.9
973;2021-03-20;259;17;8017;2694;2.8;0.9
973;2021-03-21;119;2;8136;2696;2.8;0.9
973;2021-03-22;219;110;8355;2806;2.9;1.0
973;2021-03-23;274;194;8629;3000;3.0;1.0
973;2021-03-24;235;214;8864;3214;3.0;1.1
973;2021-03-25;168;180;9032;3394;3.1;1.2
973;2021-03-26;189;308;9221;3702;3.2;1.3
973;2021-03-27;58;94;9279;3796;3.2;1.3
973;2021-03-28;0;0;9279;3796;3.2;1.3
973;2021-03-29;175;247;9454;4043;3.3;1.4
973;2021-03-30;445;238;9899;4281;3.4;1.5
973;2021-03-31;320;292;10219;4573;3.5;1.6
973;2021-04-01;445;261;10664;4834;3.7;1.7
973;2021-04-02;307;279;10971;5113;3.8;1.8
973;2021-04-03;153;121;11124;5234;3.8;1.8
973;2021-04-04;1;0;11125;5234;3.8;1.8
973;2021-04-05;118;14;11243;5248;3.9;1.8
973;2021-04-06;438;335;11681;5583;4.0;1.9
973;2021-04-07;503;344;12184;5927;4.2;2.0
973;2021-04-08;514;269;12698;6196;4.4;2.1
973;2021-04-09;497;226;13195;6422;4.5;2.2
973;2021-04-10;147;90;13342;6512;4.6;2.2
973;2021-04-11;2;0;13344;6512;4.6;2.2
973;2021-04-12;551;268;13895;6780;4.8;2.3
973;2021-04-13;674;244;14569;7024;5.0;2.4
973;2021-04-14;721;313;15290;7337;5.3;2.5
973;2021-04-15;777;246;16067;7583;5.5;2.6
973;2021-04-16;760;301;16827;7884;5.8;2.7
973;2021-04-17;499;134;17326;8018;6.0;2.8
973;2021-04-18;499;42;17825;8060;6.1;2.8
973;2021-04-19;714;251;18539;8311;6.4;2.9
973;2021-04-20;606;278;19145;8589;6.6;3.0
973;2021-04-21;874;250;20019;8839;6.9;3.0
973;2021-04-22;727;230;20746;9069;7.1;3.1
973;2021-04-23;705;230;21451;9299;7.4;3.2
973;2021-04-24;524;97;21975;9396;7.6;3.2
973;2021-04-25;611;50;22586;9446;7.8;3.2
973;2021-04-26;780;231;23366;9677;8.0;3.3
973;2021-04-27;820;344;24186;10021;8.3;3.4
973;2021-04-28;745;331;24931;10352;8.6;3.6
973;2021-04-29;664;284;25595;10636;8.8;3.7
973;2021-04-30;710;261;26305;10897;9.0;3.7
973;2021-05-01;211;27;26516;10924;9.1;3.8
973;2021-05-02;602;85;27118;11009;9.3;3.8
973;2021-05-03;554;391;27672;11400;9.5;3.9
973;2021-05-04;666;325;28338;11725;9.7;4.0
973;2021-05-05;700;449;29038;12174;10.0;4.2
973;2021-05-06;694;475;29732;12649;10.2;4.4
973;2021-05-07;595;473;30327;13122;10.4;4.5
973;2021-05-08;343;59;30670;13181;10.6;4.5
973;2021-05-09;263;72;30933;13253;10.6;4.6
973;2021-05-10;440;612;31373;13865;10.8;4.8
973;2021-05-11;398;497;31771;14362;10.9;4.9
973;2021-05-12;512;647;32283;15009;11.1;5.2
973;2021-05-13;334;98;32617;15107;11.2;5.2
973;2021-05-14;486;554;33103;15661;11.4;5.4
973;2021-05-15;258;348;33361;16009;11.5;5.5
973;2021-05-16;208;210;33569;16219;11.5;5.6
973;2021-05-17;447;600;34016;16819;11.7;5.8
973;2021-05-18;563;568;34579;17387;11.9;6.0
973;2021-05-19;534;553;35113;17940;12.1;6.2
973;2021-05-20;642;452;35755;18392;12.3;6.3
973;2021-05-21;501;609;36256;19001;12.5;6.5
973;2021-05-22;167;502;36423;19503;12.5;6.7
973;2021-05-23;270;474;36693;19977;12.6;6.9
973;2021-05-24;562;248;37255;20225;12.8;7.0
973;2021-05-25;500;743;37755;20968;13.0;7.2
973;2021-05-26;447;683;38202;21651;13.1;7.4
973;2021-05-27;706;525;38908;22176;13.4;7.6
973;2021-05-28;579;553;39487;22729;13.6;7.8
973;2021-05-29;256;360;39743;23089;13.7;7.9
973;2021-05-30;151;399;39894;23488;13.7;8.1
973;2021-05-31;357;574;40251;24062;13.8;8.3
973;2021-06-01;421;466;40672;24528;14.0;8.4
973;2021-06-02;562;554;41234;25082;14.2;8.6
973;2021-06-03;521;469;41755;25551;14.4;8.8
973;2021-06-04;599;495;42354;26046;14.6;9.0
973;2021-06-05;273;292;42627;26338;14.7;9.1
973;2021-06-06;211;299;42838;26637;14.7;9.2
973;2021-06-07;488;452;43326;27089;14.9;9.3
973;2021-06-08;546;313;43872;27402;15.1;9.4
973;2021-06-09;520;389;44392;27791;15.3;9.6
973;2021-06-10;356;289;44748;28080;15.4;9.7
973;2021-06-11;434;467;45182;28547;15.5;9.8
973;2021-06-12;170;284;45352;28831;15.6;9.9
973;2021-06-13;214;268;45566;29099;15.7;10.0
973;2021-06-14;377;549;45943;29648;15.8;10.2
973;2021-06-15;376;444;46319;30092;15.9;10.4
973;2021-06-16;482;459;46801;30551;16.1;10.5
973;2021-06-17;433;578;47234;31129;16.2;10.7
973;2021-06-18;394;565;47628;31694;16.4;10.9
973;2021-06-19;235;260;47863;31954;16.5;11.0
973;2021-06-20;127;270;47990;32224;16.5;11.1
973;2021-06-21;331;603;48321;32827;16.6;11.3
973;2021-06-22;369;461;48690;33288;16.7;11.5
973;2021-06-23;331;538;49021;33826;16.9;11.6
973;2021-06-24;441;501;49462;34327;17.0;11.8
973;2021-06-25;441;556;49903;34883;17.2;12.0
973;2021-06-26;172;320;50075;35203;17.2;12.1
973;2021-06-27;121;170;50196;35373;17.3;12.2
973;2021-06-28;316;592;50512;35965;17.4;12.4
973;2021-06-29;377;507;50889;36472;17.5;12.5
973;2021-06-30;398;678;51287;37150;17.6;12.8
973;2021-07-01;394;399;51681;37549;17.8;12.9
973;2021-07-02;429;522;52110;38071;17.9;13.1
973;2021-07-03;207;274;52317;38345;18.0;13.2
973;2021-07-04;86;243;52403;38588;18.0;13.3
973;2021-07-05;325;547;52728;39135;18.1;13.5
973;2021-07-06;315;473;53043;39608;18.2;13.6
973;2021-07-07;316;413;53359;40021;18.4;13.8
973;2021-07-08;267;329;53626;40350;18.4;13.9
973;2021-07-09;364;435;53990;40785;18.6;14.0
973;2021-07-10;165;277;54155;41062;18.6;14.1
973;2021-07-11;102;163;54257;41225;18.7;14.2
973;2021-07-12;381;496;54638;41721;18.8;14.4
973;2021-07-13;659;557;55297;42278;19.0;14.5
973;2021-07-14;382;160;55679;42438;19.2;14.6
973;2021-07-15;625;526;56304;42964;19.4;14.8
973;2021-07-16;575;486;56879;43450;19.6;14.9
973;2021-07-17;340;283;57219;43733;19.7;15.0
973;2021-07-18;249;120;57468;43853;19.8;15.1
973;2021-07-19;499;457;57967;44310;19.9;15.2
973;2021-07-20;524;489;58491;44799;20.1;15.4
973;2021-07-21;519;391;59010;45190;20.3;15.5
973;2021-07-22;618;450;59628;45640;20.5;15.7
973;2021-07-23;573;366;60201;46006;20.7;15.8
973;2021-07-24;321;238;60522;46244;20.8;15.9
973;2021-07-25;161;110;60683;46354;20.9;15.9
973;2021-07-26;417;345;61100;46699;21.0;16.1
973;2021-07-27;469;356;61569;47055;21.2;16.2
973;2021-07-28;384;370;61953;47425;21.3;16.3
973;2021-07-29;469;428;62422;47853;21.5;16.5
973;2021-07-30;435;403;62857;48256;21.6;16.6
973;2021-07-31;204;163;63061;48419;21.7;16.7
973;2021-08-01;139;131;63200;48550;21.7;16.7
973;2021-08-02;375;429;63575;48979;21.9;16.8
973;2021-08-03;391;401;63966;49380;22.0;17.0
973;2021-08-04;277;371;64243;49751;22.1;17.1
973;2021-08-05;311;355;64554;50106;22.2;17.2
973;2021-08-06;310;516;64864;50622;22.3;17.4
973;2021-08-07;161;267;65025;50889;22.4;17.5
973;2021-08-08;114;176;65139;51065;22.4;17.6
973;2021-08-09;314;471;65453;51536;22.5;17.7
973;2021-08-10;314;512;65767;52048;22.6;17.9
973;2021-08-11;487;505;66254;52553;22.8;18.1
973;2021-08-12;485;573;66739;53126;23.0;18.3
974;2020-12-27;0;0;0;0;0.0;0.0
974;2020-12-28;0;0;0;0;0.0;0.0
974;2020-12-29;0;0;0;0;0.0;0.0
974;2020-12-30;0;0;0;0;0.0;0.0
974;2020-12-31;0;0;0;0;0.0;0.0
974;2021-01-01;1;0;1;0;0.0;0.0
974;2021-01-02;0;0;1;0;0.0;0.0
974;2021-01-03;0;0;1;0;0.0;0.0
974;2021-01-04;0;0;1;0;0.0;0.0
974;2021-01-05;2;0;3;0;0.0;0.0
974;2021-01-06;0;0;3;0;0.0;0.0
974;2021-01-07;0;0;3;0;0.0;0.0
974;2021-01-08;0;0;3;0;0.0;0.0
974;2021-01-09;1;0;4;0;0.0;0.0
974;2021-01-10;0;0;4;0;0.0;0.0
974;2021-01-11;0;0;4;0;0.0;0.0
974;2021-01-12;0;0;4;0;0.0;0.0
974;2021-01-13;0;0;4;0;0.0;0.0
974;2021-01-14;0;0;4;0;0.0;0.0
974;2021-01-15;332;0;336;0;0.0;0.0
974;2021-01-16;27;0;363;0;0.0;0.0
974;2021-01-17;0;0;363;0;0.0;0.0
974;2021-01-18;49;1;412;1;0.0;0.0
974;2021-01-19;394;0;806;1;0.1;0.0
974;2021-01-20;482;1;1288;2;0.1;0.0
974;2021-01-21;614;2;1902;4;0.2;0.0
974;2021-01-22;413;1;2315;5;0.3;0.0
974;2021-01-23;75;0;2390;5;0.3;0.0
974;2021-01-24;0;0;2390;5;0.3;0.0
974;2021-01-25;273;2;2663;7;0.3;0.0
974;2021-01-26;429;0;3092;7;0.4;0.0
974;2021-01-27;317;0;3409;7;0.4;0.0
974;2021-01-28;409;0;3818;7;0.4;0.0
974;2021-01-29;422;3;4240;10;0.5;0.0
974;2021-01-30;421;1;4661;11;0.5;0.0
974;2021-01-31;0;0;4661;11;0.5;0.0
974;2021-02-01;373;4;5034;15;0.6;0.0
974;2021-02-02;500;4;5534;19;0.6;0.0
974;2021-02-03;602;14;6136;33;0.7;0.0
974;2021-02-04;628;21;6764;54;0.8;0.0
974;2021-02-05;564;97;7328;151;0.9;0.0
974;2021-02-06;501;5;7829;156;0.9;0.0
974;2021-02-07;0;8;7829;164;0.9;0.0
974;2021-02-08;472;34;8301;198;1.0;0.0
974;2021-02-09;786;92;9087;290;1.1;0.0
974;2021-02-10;820;87;9907;377;1.2;0.0
974;2021-02-11;796;88;10703;465;1.2;0.1
974;2021-02-12;637;93;11340;558;1.3;0.1
974;2021-02-13;653;76;11993;634;1.4;0.1
974;2021-02-14;1;0;11994;634;1.4;0.1
974;2021-02-15;524;126;12518;760;1.5;0.1
974;2021-02-16;651;533;13169;1293;1.5;0.2
974;2021-02-17;592;327;13761;1620;1.6;0.2
974;2021-02-18;494;410;14255;2030;1.7;0.2
974;2021-02-19;497;319;14752;2349;1.7;0.3
974;2021-02-20;577;117;15329;2466;1.8;0.3
974;2021-02-21;0;0;15329;2466;1.8;0.3
974;2021-02-22;403;236;15732;2702;1.8;0.3
974;2021-02-23;607;240;16339;2942;1.9;0.3
974;2021-02-24;584;251;16923;3193;2.0;0.4
974;2021-02-25;647;295;17570;3488;2.0;0.4
974;2021-02-26;485;470;18055;3958;2.1;0.5
974;2021-02-27;384;467;18439;4425;2.1;0.5
974;2021-02-28;0;0;18439;4425;2.1;0.5
974;2021-03-01;293;385;18732;4810;2.2;0.6
974;2021-03-02;485;504;19217;5314;2.2;0.6
974;2021-03-03;757;537;19974;5851;2.3;0.7
974;2021-03-04;777;494;20751;6345;2.4;0.7
974;2021-03-05;727;523;21478;6868;2.5;0.8
974;2021-03-06;812;526;22290;7394;2.6;0.9
974;2021-03-07;0;0;22290;7394;2.6;0.9
974;2021-03-08;436;559;22726;7953;2.6;0.9
974;2021-03-09;671;770;23397;8723;2.7;1.0
974;2021-03-10;643;836;24040;9559;2.8;1.1
974;2021-03-11;701;635;24741;10194;2.9;1.2
974;2021-03-12;730;653;25471;10847;3.0;1.3
974;2021-03-13;668;600;26139;11447;3.0;1.3
974;2021-03-14;2;0;26141;11447;3.0;1.3
974;2021-03-15;507;502;26648;11949;3.1;1.4
974;2021-03-16;681;691;27329;12640;3.2;1.5
974;2021-03-17;848;530;28177;13170;3.3;1.5
974;2021-03-18;1022;538;29199;13708;3.4;1.6
974;2021-03-19;785;533;29984;14241;3.5;1.7
974;2021-03-20;578;594;30562;14835;3.6;1.7
974;2021-03-21;0;0;30562;14835;3.6;1.7
974;2021-03-22;566;469;31128;15304;3.6;1.8
974;2021-03-23;780;638;31908;15942;3.7;1.9
974;2021-03-24;792;644;32700;16586;3.8;1.9
974;2021-03-25;932;538;33632;17124;3.9;2.0
974;2021-03-26;922;451;34554;17575;4.0;2.0
974;2021-03-27;782;337;35336;17912;4.1;2.1
974;2021-03-28;1;0;35337;17912;4.1;2.1
974;2021-03-29;961;270;36298;18182;4.2;2.1
974;2021-03-30;884;497;37182;18679;4.3;2.2
974;2021-03-31;740;660;37922;19339;4.4;2.2
974;2021-04-01;717;708;38639;20047;4.5;2.3
974;2021-04-02;688;758;39327;20805;4.6;2.4
974;2021-04-03;699;700;40026;21505;4.7;2.5
974;2021-04-04;0;0;40026;21505;4.7;2.5
974;2021-04-05;0;0;40026;21505;4.7;2.5
974;2021-04-06;795;635;40821;22140;4.7;2.6
974;2021-04-07;1368;788;42189;22928;4.9;2.7
974;2021-04-08;1791;769;43980;23697;5.1;2.8
974;2021-04-09;1509;778;45489;24475;5.3;2.8
974;2021-04-10;1138;648;46627;25123;5.4;2.9
974;2021-04-11;2;0;46629;25123;5.4;2.9
974;2021-04-12;1238;546;47867;25669;5.6;3.0
974;2021-04-13;1441;752;49308;26421;5.7;3.1
974;2021-04-14;2070;764;51378;27185;6.0;3.2
974;2021-04-15;2506;954;53884;28139;6.3;3.3
974;2021-04-16;1934;784;55818;28923;6.5;3.4
974;2021-04-17;1290;603;57108;29526;6.6;3.4
974;2021-04-18;0;0;57108;29526;6.6;3.4
974;2021-04-19;1374;564;58482;30090;6.8;3.5
974;2021-04-20;1651;805;60133;30895;7.0;3.6
974;2021-04-21;2126;627;62259;31522;7.2;3.7
974;2021-04-22;2953;819;65212;32341;7.6;3.8
974;2021-04-23;2311;818;67523;33159;7.9;3.9
974;2021-04-24;1109;802;68632;33961;8.0;3.9
974;2021-04-25;3;0;68635;33961;8.0;3.9
974;2021-04-26;1173;914;69808;34875;8.1;4.1
974;2021-04-27;1685;1026;71493;35901;8.3;4.2
974;2021-04-28;2900;748;74393;36649;8.7;4.3
974;2021-04-29;3948;810;78341;37459;9.1;4.4
974;2021-04-30;3446;905;81787;38364;9.5;4.5
974;2021-05-01;2106;226;83893;38590;9.8;4.5
974;2021-05-02;1;0;83894;38590;9.8;4.5
974;2021-05-03;1865;574;85759;39164;10.0;4.6
974;2021-05-04;2128;1094;87887;40258;10.2;4.7
974;2021-05-05;3118;1642;91005;41900;10.6;4.9
974;2021-05-06;4005;1585;95010;43485;11.0;5.1
974;2021-05-07;3228;1526;98238;45011;11.4;5.2
974;2021-05-08;1572;503;99810;45514;11.6;5.3
974;2021-05-09;2;1;99812;45515;11.6;5.3
974;2021-05-10;2413;999;102225;46514;11.9;5.4
974;2021-05-11;3652;1639;105877;48153;12.3;5.6
974;2021-05-12;4723;2397;110600;50550;12.9;5.9
974;2021-05-13;3555;595;114155;51145;13.3;5.9
974;2021-05-14;5275;2510;119430;53655;13.9;6.2
974;2021-05-15;3160;1538;122590;55193;14.3;6.4
974;2021-05-16;16;19;122606;55212;14.3;6.4
974;2021-05-17;2999;1499;125605;56711;14.6;6.6
974;2021-05-18;3763;1795;129368;58506;15.0;6.8
974;2021-05-19;4692;2404;134060;60910;15.6;7.1
974;2021-05-20;5141;2850;139201;63760;16.2;7.4
974;2021-05-21;4994;2634;144195;66394;16.8;7.7
974;2021-05-22;3370;1256;147565;67650;17.2;7.9
974;2021-05-23;5;3;147570;67653;17.2;7.9
974;2021-05-24;3645;1076;151215;68729;17.6;8.0
974;2021-05-25;4247;1911;155462;70640;18.1;8.2
974;2021-05-26;4993;2988;160455;73628;18.7;8.6
974;2021-05-27;4616;4093;165071;77721;19.2;9.0
974;2021-05-28;4382;3831;169453;81552;19.7;9.5
974;2021-05-29;2556;2455;172009;84007;20.0;9.8
974;2021-05-30;8;14;172017;84021;20.0;9.8
974;2021-05-31;2348;2254;174365;86275;20.3;10.0
974;2021-06-01;3301;2746;177666;89021;20.7;10.4
974;2021-06-02;3974;3354;181640;92375;21.1;10.7
974;2021-06-03;4045;3650;185685;96025;21.6;11.2
974;2021-06-04;3848;3757;189533;99782;22.0;11.6
974;2021-06-05;2214;1923;191747;101705;22.3;11.8
974;2021-06-06;1073;132;192820;101837;22.4;11.8
974;2021-06-07;2014;2527;194834;104364;22.7;12.1
974;2021-06-08;2558;3337;197392;107701;23.0;12.5
974;2021-06-09;2982;4833;200374;112534;23.3;13.1
974;2021-06-10;3414;4458;203788;116992;23.7;13.6
974;2021-06-11;2841;4622;206629;121614;24.0;14.1
974;2021-06-12;1726;3379;208355;124993;24.2;14.5
974;2021-06-13;1323;246;209678;125239;24.4;14.6
974;2021-06-14;1490;3182;211168;128421;24.6;14.9
974;2021-06-15;2058;3617;213226;132038;24.8;15.4
974;2021-06-16;2751;4653;215977;136691;25.1;15.9
974;2021-06-17;2521;4897;218498;141588;25.4;16.5
974;2021-06-18;2598;4893;221096;146481;25.7;17.0
974;2021-06-19;1304;3517;222400;149998;25.9;17.4
974;2021-06-20;632;288;223032;150286;25.9;17.5
974;2021-06-21;1264;3233;224296;153519;26.1;17.9
974;2021-06-22;1624;3764;225920;157283;26.3;18.3
974;2021-06-23;2254;4993;228174;162276;26.5;18.9
974;2021-06-24;2284;4071;230458;166347;26.8;19.3
974;2021-06-25;2190;4107;232648;170454;27.1;19.8
974;2021-06-26;1400;2709;234048;173163;27.2;20.1
974;2021-06-27;665;267;234713;173430;27.3;20.2
974;2021-06-28;1307;2479;236020;175909;27.4;20.5
974;2021-06-29;1757;2845;237777;178754;27.6;20.8
974;2021-06-30;2559;3848;240336;182602;27.9;21.2
974;2021-07-01;2695;3826;243031;186428;28.3;21.7
974;2021-07-02;2506;3713;245537;190141;28.6;22.1
974;2021-07-03;1611;2459;247148;192600;28.7;22.4
974;2021-07-04;881;1038;248029;193638;28.8;22.5
974;2021-07-05;1690;2219;249719;195857;29.0;22.8
974;2021-07-06;2575;2540;252294;198397;29.3;23.1
974;2021-07-07;2662;3134;254956;201531;29.6;23.4
974;2021-07-08;2405;3173;257361;204704;29.9;23.8
974;2021-07-09;2757;3428;260118;208132;30.2;24.2
974;2021-07-10;1621;2192;261739;210324;30.4;24.5
974;2021-07-11;730;1015;262469;211339;30.5;24.6
974;2021-07-12;1748;2602;264217;213941;30.7;24.9
974;2021-07-13;4421;3333;268638;217274;31.2;25.3
974;2021-07-14;3289;602;271927;217876;31.6;25.3
974;2021-07-15;5547;4015;277474;221891;32.3;25.8
974;2021-07-16;6215;3287;283689;225178;33.0;26.2
974;2021-07-17;4364;1905;288053;227083;33.5;26.4
974;2021-07-18;2670;761;290723;227844;33.8;26.5
974;2021-07-19;4636;2023;295359;229867;34.3;26.7
974;2021-07-20;6220;2421;301579;232288;35.1;27.0
974;2021-07-21;6706;2854;308285;235142;35.8;27.3
974;2021-07-22;7076;2814;315361;237956;36.7;27.7
974;2021-07-23;6587;2978;321948;240934;37.4;28.0
974;2021-07-24;3773;2058;325721;242992;37.9;28.3
974;2021-07-25;2513;757;328234;243749;38.2;28.3
974;2021-07-26;4319;2085;332553;245834;38.7;28.6
974;2021-07-27;5367;2554;337920;248388;39.3;28.9
974;2021-07-28;5341;2885;343261;251273;39.9;29.2
974;2021-07-29;5695;2801;348956;254074;40.6;29.5
974;2021-07-30;5828;2581;354784;256655;41.3;29.8
974;2021-07-31;3907;1635;358691;258290;41.7;30.0
974;2021-08-01;1882;714;360573;259004;41.9;30.1
974;2021-08-02;3374;1865;363947;260869;42.3;30.3
974;2021-08-03;4259;4073;368206;264942;42.8;30.8
974;2021-08-04;4833;4217;373039;269159;43.4;31.3
974;2021-08-05;4399;4666;377438;273825;43.9;31.8
974;2021-08-06;4038;5085;381476;278910;44.4;32.4
974;2021-08-07;2737;4042;384213;282952;44.7;32.9
974;2021-08-08;1470;2263;385683;285215;44.8;33.2
974;2021-08-09;2543;4527;388226;289742;45.1;33.7
974;2021-08-10;3735;4948;391961;294690;45.6;34.3
974;2021-08-11;4523;5413;396484;300103;46.1;34.9
974;2021-08-12;4586;5900;401070;306003;46.6;35.6
975;2020-12-27;0;0;0;0;0.0;0.0
975;2020-12-28;0;0;0;0;0.0;0.0
975;2020-12-29;0;0;0;0;0.0;0.0
975;2020-12-30;0;0;0;0;0.0;0.0
975;2020-12-31;0;0;0;0;0.0;0.0
975;2021-01-01;0;0;0;0;0.0;0.0
975;2021-01-02;0;0;0;0;0.0;0.0
975;2021-01-03;0;0;0;0;0.0;0.0
975;2021-01-04;0;0;0;0;0.0;0.0
975;2021-01-05;0;0;0;0;0.0;0.0
975;2021-01-06;0;0;0;0;0.0;0.0
975;2021-01-07;0;0;0;0;0.0;0.0
975;2021-01-08;0;0;0;0;0.0;0.0
975;2021-01-09;0;0;0;0;0.0;0.0
975;2021-01-10;0;0;0;0;0.0;0.0
975;2021-01-11;0;0;0;0;0.0;0.0
975;2021-01-12;0;0;0;0;0.0;0.0
975;2021-01-13;0;0;0;0;0.0;0.0
975;2021-01-14;0;0;0;0;0.0;0.0
975;2021-01-15;0;0;0;0;0.0;0.0
975;2021-01-16;0;0;0;0;0.0;0.0
975;2021-01-17;0;0;0;0;0.0;0.0
975;2021-01-18;0;0;0;0;0.0;0.0
975;2021-01-19;0;0;0;0;0.0;0.0
975;2021-01-20;0;0;0;0;0.0;0.0
975;2021-01-21;0;0;0;0;0.0;0.0
975;2021-01-22;0;0;0;0;0.0;0.0
975;2021-01-23;0;0;0;0;0.0;0.0
975;2021-01-24;0;0;0;0;0.0;0.0
975;2021-01-25;0;0;0;0;0.0;0.0
975;2021-01-26;0;0;0;0;0.0;0.0
975;2021-01-27;0;0;0;0;0.0;0.0
975;2021-01-28;0;0;0;0;0.0;0.0
975;2021-01-29;0;0;0;0;0.0;0.0
975;2021-01-30;0;0;0;0;0.0;0.0
975;2021-01-31;0;0;0;0;0.0;0.0
975;2021-02-01;0;0;0;0;0.0;0.0
975;2021-02-02;0;0;0;0;0.0;0.0
975;2021-02-03;0;0;0;0;0.0;0.0
975;2021-02-04;0;0;0;0;0.0;0.0
975;2021-02-05;0;0;0;0;0.0;0.0
975;2021-02-06;0;0;0;0;0.0;0.0
975;2021-02-07;0;0;0;0;0.0;0.0
975;2021-02-08;0;0;0;0;0.0;0.0
975;2021-02-09;0;0;0;0;0.0;0.0
975;2021-02-10;0;0;0;0;0.0;0.0
975;2021-02-11;0;0;0;0;0.0;0.0
975;2021-02-12;0;0;0;0;0.0;0.0
975;2021-02-13;0;0;0;0;0.0;0.0
975;2021-02-14;0;0;0;0;0.0;0.0
975;2021-02-15;0;0;0;0;0.0;0.0
975;2021-02-16;0;0;0;0;0.0;0.0
975;2021-02-17;0;0;0;0;0.0;0.0
975;2021-02-18;0;0;0;0;0.0;0.0
975;2021-02-19;0;0;0;0;0.0;0.0
975;2021-02-20;0;0;0;0;0.0;0.0
975;2021-02-21;0;0;0;0;0.0;0.0
975;2021-02-22;0;0;0;0;0.0;0.0
975;2021-02-23;0;0;0;0;0.0;0.0
975;2021-02-24;0;0;0;0;0.0;0.0
975;2021-02-25;0;0;0;0;0.0;0.0
975;2021-02-26;0;0;0;0;0.0;0.0
975;2021-02-27;0;0;0;0;0.0;0.0
975;2021-02-28;0;0;0;0;0.0;0.0
975;2021-03-01;0;0;0;0;0.0;0.0
975;2021-03-02;0;0;0;0;0.0;0.0
975;2021-03-03;0;0;0;0;0.0;0.0
975;2021-03-04;0;0;0;0;0.0;0.0
975;2021-03-05;0;0;0;0;0.0;0.0
975;2021-03-06;0;0;0;0;0.0;0.0
975;2021-03-07;0;0;0;0;0.0;0.0
975;2021-03-08;0;0;0;0;0.0;0.0
975;2021-03-09;0;0;0;0;0.0;0.0
975;2021-03-10;0;0;0;0;0.0;0.0
975;2021-03-11;0;0;0;0;0.0;0.0
975;2021-03-12;0;0;0;0;0.0;0.0
975;2021-03-13;0;0;0;0;0.0;0.0
975;2021-03-14;0;0;0;0;0.0;0.0
975;2021-03-15;0;0;0;0;0.0;0.0
975;2021-03-16;0;0;0;0;0.0;0.0
975;2021-03-17;0;0;0;0;0.0;0.0
975;2021-03-18;0;0;0;0;0.0;0.0
975;2021-03-19;0;0;0;0;0.0;0.0
975;2021-03-20;0;0;0;0;0.0;0.0
975;2021-03-21;0;0;0;0;0.0;0.0
975;2021-03-22;0;0;0;0;0.0;0.0
975;2021-03-23;0;0;0;0;0.0;0.0
975;2021-03-24;0;0;0;0;0.0;0.0
975;2021-03-25;0;0;0;0;0.0;0.0
975;2021-03-26;0;0;0;0;0.0;0.0
975;2021-03-27;0;0;0;0;0.0;0.0
975;2021-03-28;0;0;0;0;0.0;0.0
975;2021-03-29;2;0;2;0;0.0;0.0
975;2021-03-30;0;0;2;0;0.0;0.0
975;2021-03-31;0;0;2;0;0.0;0.0
975;2021-04-01;0;0;2;0;0.0;0.0
975;2021-04-02;0;0;2;0;0.0;0.0
975;2021-04-03;0;0;2;0;0.0;0.0
975;2021-04-04;0;0;2;0;0.0;0.0
975;2021-04-05;0;0;2;0;0.0;0.0
975;2021-04-06;0;0;2;0;0.0;0.0
975;2021-04-07;0;0;2;0;0.0;0.0
975;2021-04-08;1;0;3;0;0.1;0.0
975;2021-04-09;0;0;3;0;0.1;0.0
975;2021-04-10;0;0;3;0;0.1;0.0
975;2021-04-11;0;0;3;0;0.1;0.0
975;2021-04-12;0;0;3;0;0.1;0.0
975;2021-04-13;0;0;3;0;0.1;0.0
975;2021-04-14;0;0;3;0;0.1;0.0
975;2021-04-15;0;0;3;0;0.1;0.0
975;2021-04-16;0;0;3;0;0.1;0.0
975;2021-04-17;0;0;3;0;0.1;0.0
975;2021-04-18;0;0;3;0;0.1;0.0
975;2021-04-19;0;0;3;0;0.1;0.0
975;2021-04-20;0;0;3;0;0.1;0.0
975;2021-04-21;0;0;3;0;0.1;0.0
975;2021-04-22;0;0;3;0;0.1;0.0
975;2021-04-23;0;0;3;0;0.1;0.0
975;2021-04-24;0;0;3;0;0.1;0.0
975;2021-04-25;0;0;3;0;0.1;0.0
975;2021-04-26;0;0;3;0;0.1;0.0
975;2021-04-27;0;0;3;0;0.1;0.0
975;2021-04-28;0;0;3;0;0.1;0.0
975;2021-04-29;0;0;3;0;0.1;0.0
975;2021-04-30;0;0;3;0;0.1;0.0
975;2021-05-01;0;0;3;0;0.1;0.0
975;2021-05-02;0;0;3;0;0.1;0.0
975;2021-05-03;0;0;3;0;0.1;0.0
975;2021-05-04;0;0;3;0;0.1;0.0
975;2021-05-05;0;0;3;0;0.1;0.0
975;2021-05-06;0;0;3;0;0.1;0.0
975;2021-05-07;0;0;3;0;0.1;0.0
975;2021-05-08;0;0;3;0;0.1;0.0
975;2021-05-09;0;0;3;0;0.1;0.0
975;2021-05-10;0;0;3;0;0.1;0.0
975;2021-05-11;0;0;3;0;0.1;0.0
975;2021-05-12;0;0;3;0;0.1;0.0
975;2021-05-13;0;0;3;0;0.1;0.0
975;2021-05-14;0;0;3;0;0.1;0.0
975;2021-05-15;0;0;3;0;0.1;0.0
975;2021-05-16;0;0;3;0;0.1;0.0
975;2021-05-17;0;0;3;0;0.1;0.0
975;2021-05-18;0;0;3;0;0.1;0.0
975;2021-05-19;0;0;3;0;0.1;0.0
975;2021-05-20;0;0;3;0;0.1;0.0
975;2021-05-21;0;0;3;0;0.1;0.0
975;2021-05-22;0;0;3;0;0.1;0.0
975;2021-05-23;0;0;3;0;0.1;0.0
975;2021-05-24;0;0;3;0;0.1;0.0
975;2021-05-25;0;0;3;0;0.1;0.0
975;2021-05-26;0;0;3;0;0.1;0.0
975;2021-05-27;0;0;3;0;0.1;0.0
975;2021-05-28;0;0;3;0;0.1;0.0
975;2021-05-29;0;2;3;2;0.1;0.0
975;2021-05-30;0;0;3;2;0.1;0.0
975;2021-05-31;0;0;3;2;0.1;0.0
975;2021-06-01;0;0;3;2;0.1;0.0
975;2021-06-02;0;0;3;2;0.1;0.0
975;2021-06-03;0;0;3;2;0.1;0.0
975;2021-06-04;0;0;3;2;0.1;0.0
975;2021-06-05;0;0;3;2;0.1;0.0
975;2021-06-06;0;0;3;2;0.1;0.0
975;2021-06-07;0;0;3;2;0.1;0.0
975;2021-06-08;0;0;3;2;0.1;0.0
975;2021-06-09;0;0;3;2;0.1;0.0
975;2021-06-10;0;0;3;2;0.1;0.0
975;2021-06-11;0;0;3;2;0.1;0.0
975;2021-06-12;0;0;3;2;0.1;0.0
975;2021-06-13;0;0;3;2;0.1;0.0
975;2021-06-14;0;0;3;2;0.1;0.0
975;2021-06-15;0;0;3;2;0.1;0.0
975;2021-06-16;0;0;3;2;0.1;0.0
975;2021-06-17;0;0;3;2;0.1;0.0
975;2021-06-18;0;0;3;2;0.1;0.0
975;2021-06-19;0;0;3;2;0.1;0.0
975;2021-06-20;0;0;3;2;0.1;0.0
975;2021-06-21;1;0;4;2;0.1;0.0
975;2021-06-22;0;0;4;2;0.1;0.0
975;2021-06-23;0;0;4;2;0.1;0.0
975;2021-06-24;0;0;4;2;0.1;0.0
975;2021-06-25;0;0;4;2;0.1;0.0
975;2021-06-26;0;0;4;2;0.1;0.0
975;2021-06-27;0;0;4;2;0.1;0.0
975;2021-06-28;0;0;4;2;0.1;0.0
975;2021-06-29;0;0;4;2;0.1;0.0
975;2021-06-30;0;0;4;2;0.1;0.0
975;2021-07-01;0;0;4;2;0.1;0.0
975;2021-07-02;0;0;4;2;0.1;0.0
975;2021-07-03;0;0;4;2;0.1;0.0
975;2021-07-04;0;0;4;2;0.1;0.0
975;2021-07-05;0;0;4;2;0.1;0.0
975;2021-07-06;1;0;5;2;0.1;0.0
975;2021-07-07;7;0;12;2;0.2;0.0
975;2021-07-08;0;0;12;2;0.2;0.0
975;2021-07-09;1;0;13;2;0.2;0.0
975;2021-07-10;0;0;13;2;0.2;0.0
975;2021-07-11;0;0;13;2;0.2;0.0
975;2021-07-12;1;0;14;2;0.2;0.0
975;2021-07-13;0;0;14;2;0.2;0.0
975;2021-07-14;0;0;14;2;0.2;0.0
975;2021-07-15;0;0;14;2;0.2;0.0
975;2021-07-16;0;0;14;2;0.2;0.0
975;2021-07-17;0;0;14;2;0.2;0.0
975;2021-07-18;0;0;14;2;0.2;0.0
975;2021-07-19;0;0;14;2;0.2;0.0
975;2021-07-20;0;0;14;2;0.2;0.0
975;2021-07-21;0;0;14;2;0.2;0.0
975;2021-07-22;0;0;14;2;0.2;0.0
975;2021-07-23;0;0;14;2;0.2;0.0
975;2021-07-24;0;0;14;2;0.2;0.0
975;2021-07-25;0;0;14;2;0.2;0.0
975;2021-07-26;0;0;14;2;0.2;0.0
975;2021-07-27;0;0;14;2;0.2;0.0
975;2021-07-28;0;0;14;2;0.2;0.0
975;2021-07-29;0;0;14;2;0.2;0.0
975;2021-07-30;0;0;14;2;0.2;0.0
975;2021-07-31;0;0;14;2;0.2;0.0
975;2021-08-01;0;0;14;2;0.2;0.0
975;2021-08-02;1;0;15;2;0.3;0.0
975;2021-08-03;0;0;15;2;0.3;0.0
975;2021-08-04;0;0;15;2;0.3;0.0
975;2021-08-05;0;0;15;2;0.3;0.0
975;2021-08-06;0;0;15;2;0.3;0.0
975;2021-08-07;0;0;15;2;0.3;0.0
975;2021-08-08;0;0;15;2;0.3;0.0
975;2021-08-09;0;0;15;2;0.3;0.0
975;2021-08-10;0;0;15;2;0.3;0.0
975;2021-08-11;0;0;15;2;0.3;0.0
975;2021-08-12;0;0;15;2;0.3;0.0
976;2020-12-27;0;0;0;0;0.0;0.0
976;2020-12-28;0;0;0;0;0.0;0.0
976;2020-12-29;0;0;0;0;0.0;0.0
976;2020-12-30;0;0;0;0;0.0;0.0
976;2020-12-31;0;0;0;0;0.0;0.0
976;2021-01-01;0;0;0;0;0.0;0.0
976;2021-01-02;0;0;0;0;0.0;0.0
976;2021-01-03;0;0;0;0;0.0;0.0
976;2021-01-04;0;0;0;0;0.0;0.0
976;2021-01-05;0;0;0;0;0.0;0.0
976;2021-01-06;0;0;0;0;0.0;0.0
976;2021-01-07;0;0;0;0;0.0;0.0
976;2021-01-08;0;0;0;0;0.0;0.0
976;2021-01-09;0;0;0;0;0.0;0.0
976;2021-01-10;0;0;0;0;0.0;0.0
976;2021-01-11;9;0;9;0;0.0;0.0
976;2021-01-12;0;0;9;0;0.0;0.0
976;2021-01-13;0;0;9;0;0.0;0.0
976;2021-01-14;0;0;9;0;0.0;0.0
976;2021-01-15;1;0;10;0;0.0;0.0
976;2021-01-16;1;0;11;0;0.0;0.0
976;2021-01-17;0;0;11;0;0.0;0.0
976;2021-01-18;1;0;12;0;0.0;0.0
976;2021-01-19;0;0;12;0;0.0;0.0
976;2021-01-20;0;0;12;0;0.0;0.0
976;2021-01-21;1;1;13;1;0.0;0.0
976;2021-01-22;0;0;13;1;0.0;0.0
976;2021-01-23;1;0;14;1;0.0;0.0
976;2021-01-24;0;0;14;1;0.0;0.0
976;2021-01-25;143;3;157;4;0.1;0.0
976;2021-01-26;165;3;322;7;0.1;0.0
976;2021-01-27;250;3;572;10;0.2;0.0
976;2021-01-28;102;8;674;18;0.2;0.0
976;2021-01-29;231;2;905;20;0.3;0.0
976;2021-01-30;284;11;1189;31;0.4;0.0
976;2021-01-31;1;0;1190;31;0.4;0.0
976;2021-02-01;160;0;1350;31;0.5;0.0
976;2021-02-02;330;8;1680;39;0.6;0.0
976;2021-02-03;228;3;1908;42;0.7;0.0
976;2021-02-04;216;9;2124;51;0.8;0.0
976;2021-02-05;214;1;2338;52;0.8;0.0
976;2021-02-06;83;10;2421;62;0.9;0.0
976;2021-02-07;0;0;2421;62;0.9;0.0
976;2021-02-08;82;4;2503;66;0.9;0.0
976;2021-02-09;194;1;2697;67;1.0;0.0
976;2021-02-10;187;4;2884;71;1.0;0.0
976;2021-02-11;236;4;3120;75;1.1;0.0
976;2021-02-12;287;4;3407;79;1.2;0.0
976;2021-02-13;56;0;3463;79;1.2;0.0
976;2021-02-14;1;0;3464;79;1.2;0.0
976;2021-02-15;359;7;3823;86;1.4;0.0
976;2021-02-16;266;10;4089;96;1.5;0.0
976;2021-02-17;167;9;4256;105;1.5;0.0
976;2021-02-18;217;12;4473;117;1.6;0.0
976;2021-02-19;237;24;4710;141;1.7;0.1
976;2021-02-20;139;8;4849;149;1.7;0.1
976;2021-02-21;0;0;4849;149;1.7;0.1
976;2021-02-22;130;122;4979;271;1.8;0.1
976;2021-02-23;185;156;5164;427;1.8;0.2
976;2021-02-24;176;145;5340;572;1.9;0.2
976;2021-02-25;227;277;5567;849;2.0;0.3
976;2021-02-26;242;247;5809;1096;2.1;0.4
976;2021-02-27;0;0;5809;1096;2.1;0.4
976;2021-02-28;0;0;5809;1096;2.1;0.4
976;2021-03-01;145;259;5954;1355;2.1;0.5
976;2021-03-02;228;260;6182;1615;2.2;0.6
976;2021-03-03;202;190;6384;1805;2.3;0.6
976;2021-03-04;205;143;6589;1948;2.4;0.7
976;2021-03-05;224;116;6813;2064;2.4;0.7
976;2021-03-06;1;0;6814;2064;2.4;0.7
976;2021-03-07;0;0;6814;2064;2.4;0.7
976;2021-03-08;189;109;7003;2173;2.5;0.8
976;2021-03-09;391;161;7394;2334;2.6;0.8
976;2021-03-10;180;178;7574;2512;2.7;0.9
976;2021-03-11;167;207;7741;2719;2.8;1.0
976;2021-03-12;237;293;7978;3012;2.9;1.1
976;2021-03-13;2;0;7980;3012;2.9;1.1
976;2021-03-14;0;0;7980;3012;2.9;1.1
976;2021-03-15;157;294;8137;3306;2.9;1.2
976;2021-03-16;237;225;8374;3531;3.0;1.3
976;2021-03-17;264;143;8638;3674;3.1;1.3
976;2021-03-18;173;236;8811;3910;3.2;1.4
976;2021-03-19;173;298;8984;4208;3.2;1.5
976;2021-03-20;0;0;8984;4208;3.2;1.5
976;2021-03-21;0;0;8984;4208;3.2;1.5
976;2021-03-22;97;136;9081;4344;3.2;1.6
976;2021-03-23;136;240;9217;4584;3.3;1.6
976;2021-03-24;160;147;9377;4731;3.4;1.7
976;2021-03-25;185;206;9562;4937;3.4;1.8
976;2021-03-26;160;212;9722;5149;3.5;1.8
976;2021-03-27;18;0;9740;5149;3.5;1.8
976;2021-03-28;1;0;9741;5149;3.5;1.8
976;2021-03-29;0;2;9741;5151;3.5;1.8
976;2021-03-30;272;335;10013;5486;3.6;2.0
976;2021-03-31;224;125;10237;5611;3.7;2.0
976;2021-04-01;245;103;10482;5714;3.8;2.0
976;2021-04-02;289;263;10771;5977;3.9;2.1
976;2021-04-03;905;307;11676;6284;4.2;2.2
976;2021-04-04;1;0;11677;6284;4.2;2.2
976;2021-04-05;1;0;11678;6284;4.2;2.2
976;2021-04-06;162;277;11840;6561;4.2;2.3
976;2021-04-07;237;266;12077;6827;4.3;2.4
976;2021-04-08;285;140;12362;6967;4.4;2.5
976;2021-04-09;249;171;12611;7138;4.5;2.6
976;2021-04-10;181;114;12792;7252;4.6;2.6
976;2021-04-11;7;0;12799;7252;4.6;2.6
976;2021-04-12;0;19;12799;7271;4.6;2.6
976;2021-04-13;394;344;13193;7615;4.7;2.7
976;2021-04-14;239;205;13432;7820;4.8;2.8
976;2021-04-15;209;117;13641;7937;4.9;2.8
976;2021-04-16;214;127;13855;8064;5.0;2.9
976;2021-04-17;226;131;14081;8195;5.0;2.9
976;2021-04-18;1;0;14082;8195;5.0;2.9
976;2021-04-19;7;1;14089;8196;5.0;2.9
976;2021-04-20;369;223;14458;8419;5.2;3.0
976;2021-04-21;413;150;14871;8569;5.3;3.1
976;2021-04-22;410;150;15281;8719;5.5;3.1
976;2021-04-23;367;166;15648;8885;5.6;3.2
976;2021-04-24;413;128;16061;9013;5.7;3.2
976;2021-04-25;2;0;16063;9013;5.7;3.2
976;2021-04-26;54;8;16117;9021;5.8;3.2
976;2021-04-27;351;293;16468;9314;5.9;3.3
976;2021-04-28;355;515;16823;9829;6.0;3.5
976;2021-04-29;559;344;17382;10173;6.2;3.6
976;2021-04-30;404;238;17786;10411;6.4;3.7
976;2021-05-01;673;286;18459;10697;6.6;3.8
976;2021-05-02;0;0;18459;10697;6.6;3.8
976;2021-05-03;141;6;18600;10703;6.7;3.8
976;2021-05-04;353;427;18953;11130;6.8;4.0
976;2021-05-05;447;318;19400;11448;6.9;4.1
976;2021-05-06;320;202;19720;11650;7.1;4.2
976;2021-05-07;341;133;20061;11783;7.2;4.2
976;2021-05-08;304;139;20365;11922;7.3;4.3
976;2021-05-09;0;0;20365;11922;7.3;4.3
976;2021-05-10;9;9;20374;11931;7.3;4.3
976;2021-05-11;363;489;20737;12420;7.4;4.4
976;2021-05-12;334;310;21071;12730;7.5;4.6
976;2021-05-13;127;97;21198;12827;7.6;4.6
976;2021-05-14;0;0;21198;12827;7.6;4.6
976;2021-05-15;486;283;21684;13110;7.8;4.7
976;2021-05-16;1;0;21685;13110;7.8;4.7
976;2021-05-17;124;51;21809;13161;7.8;4.7
976;2021-05-18;517;430;22326;13591;8.0;4.9
976;2021-05-19;651;663;22977;14254;8.2;5.1
976;2021-05-20;1055;497;24032;14751;8.6;5.3
976;2021-05-21;1046;313;25078;15064;9.0;5.4
976;2021-05-22;1243;299;26321;15363;9.4;5.5
976;2021-05-23;0;0;26321;15363;9.4;5.5
976;2021-05-24;1;0;26322;15363;9.4;5.5
976;2021-05-25;889;623;27211;15986;9.7;5.7
976;2021-05-26;1035;841;28246;16827;10.1;6.0
976;2021-05-27;1324;510;29570;17337;10.6;6.2
976;2021-05-28;957;373;30527;17710;10.9;6.3
976;2021-05-29;1131;391;31658;18101;11.3;6.5
976;2021-05-30;1;1;31659;18102;11.3;6.5
976;2021-05-31;105;6;31764;18108;11.4;6.5
976;2021-06-01;1151;651;32915;18759;11.8;6.7
976;2021-06-02;1237;530;34152;19289;12.2;6.9
976;2021-06-03;807;351;34959;19640;12.5;7.0
976;2021-06-04;1001;323;35960;19963;12.9;7.1
976;2021-06-05;679;300;36639;20263;13.1;7.3
976;2021-06-06;1;0;36640;20263;13.1;7.3
976;2021-06-07;91;12;36731;20275;13.1;7.3
976;2021-06-08;957;444;37688;20719;13.5;7.4
976;2021-06-09;971;550;38659;21269;13.8;7.6
976;2021-06-10;701;231;39360;21500;14.1;7.7
976;2021-06-11;849;366;40209;21866;14.4;7.8
976;2021-06-12;584;277;40793;22143;14.6;7.9
976;2021-06-13;2;0;40795;22143;14.6;7.9
976;2021-06-14;187;112;40982;22255;14.7;8.0
976;2021-06-15;415;839;41397;23094;14.8;8.3
976;2021-06-16;891;1442;42288;24536;15.1;8.8
976;2021-06-17;790;660;43078;25196;15.4;9.0
976;2021-06-18;707;621;43785;25817;15.7;9.2
976;2021-06-19;538;643;44323;26460;15.9;9.5
976;2021-06-20;1;0;44324;26460;15.9;9.5
976;2021-06-21;127;131;44451;26591;15.9;9.5
976;2021-06-22;430;1150;44881;27741;16.1;9.9
976;2021-06-23;661;1185;45542;28926;16.3;10.4
976;2021-06-24;469;545;46011;29471;16.5;10.5
976;2021-06-25;542;477;46553;29948;16.7;10.7
976;2021-06-26;388;689;46941;30637;16.8;11.0
976;2021-06-27;0;0;46941;30637;16.8;11.0
976;2021-06-28;106;191;47047;30828;16.8;11.0
976;2021-06-29;720;974;47767;31802;17.1;11.4
976;2021-06-30;681;948;48448;32750;17.3;11.7
976;2021-07-01;580;546;49028;33296;17.5;11.9
976;2021-07-02;452;430;49480;33726;17.7;12.1
976;2021-07-03;447;420;49927;34146;17.9;12.2
976;2021-07-04;2;0;49929;34146;17.9;12.2
976;2021-07-05;120;224;50049;34370;17.9;12.3
976;2021-07-06;503;864;50552;35234;18.1;12.6
976;2021-07-07;771;1009;51323;36243;18.4;13.0
976;2021-07-08;804;634;52127;36877;18.7;13.2
976;2021-07-09;791;519;52918;37396;18.9;13.4
976;2021-07-10;441;319;53359;37715;19.1;13.5
976;2021-07-11;0;0;53359;37715;19.1;13.5
976;2021-07-12;163;172;53522;37887;19.2;13.6
976;2021-07-13;851;1000;54373;38887;19.5;13.9
976;2021-07-14;0;5;54373;38892;19.5;13.9
976;2021-07-15;1226;812;55599;39704;19.9;14.2
976;2021-07-16;1304;658;56903;40362;20.4;14.4
976;2021-07-17;1041;370;57944;40732;20.7;14.6
976;2021-07-18;0;0;57944;40732;20.7;14.6
976;2021-07-19;203;133;58147;40865;20.8;14.6
976;2021-07-20;1152;867;59299;41732;21.2;14.9
976;2021-07-21;32;28;59331;41760;21.2;14.9
976;2021-07-22;1120;651;60451;42411;21.6;15.2
976;2021-07-23;1200;537;61651;42948;22.1;15.4
976;2021-07-24;848;436;62499;43384;22.4;15.5
976;2021-07-25;0;0;62499;43384;22.4;15.5
976;2021-07-26;178;36;62677;43420;22.4;15.5
976;2021-07-27;1124;821;63801;44241;22.8;15.8
976;2021-07-28;1011;632;64812;44873;23.2;16.1
976;2021-07-29;1199;556;66011;45429;23.6;16.3
976;2021-07-30;1200;405;67211;45834;24.0;16.4
976;2021-07-31;760;273;67971;46107;24.3;16.5
976;2021-08-01;0;0;67971;46107;24.3;16.5
976;2021-08-02;309;179;68280;46286;24.4;16.6
976;2021-08-03;1500;930;69780;47216;25.0;16.9
976;2021-08-04;1820;809;71600;48025;25.6;17.2
976;2021-08-05;1459;495;73059;48520;26.1;17.4
976;2021-08-06;1676;496;74735;49016;26.7;17.5
976;2021-08-07;911;355;75646;49371;27.1;17.7
976;2021-08-08;0;0;75646;49371;27.1;17.7
976;2021-08-09;519;235;76165;49606;27.3;17.7
976;2021-08-10;1609;1365;77774;50971;27.8;18.2
976;2021-08-11;2023;1235;79797;52206;28.6;18.7
976;2021-08-12;1694;610;81491;52816;29.2;18.9
977;2020-12-27;0;0;0;0;0.0;0.0
977;2020-12-28;0;0;0;0;0.0;0.0
977;2020-12-29;0;0;0;0;0.0;0.0
977;2020-12-30;0;0;0;0;0.0;0.0
977;2020-12-31;0;0;0;0;0.0;0.0
977;2021-01-01;0;0;0;0;0.0;0.0
977;2021-01-02;0;0;0;0;0.0;0.0
977;2021-01-03;0;0;0;0;0.0;0.0
977;2021-01-04;0;0;0;0;0.0;0.0
977;2021-01-05;0;0;0;0;0.0;0.0
977;2021-01-06;0;0;0;0;0.0;0.0
977;2021-01-07;0;0;0;0;0.0;0.0
977;2021-01-08;0;0;0;0;0.0;0.0
977;2021-01-09;0;0;0;0;0.0;0.0
977;2021-01-10;0;0;0;0;0.0;0.0
977;2021-01-11;0;0;0;0;0.0;0.0
977;2021-01-12;0;0;0;0;0.0;0.0
977;2021-01-13;0;0;0;0;0.0;0.0
977;2021-01-14;0;0;0;0;0.0;0.0
977;2021-01-15;0;0;0;0;0.0;0.0
977;2021-01-16;0;0;0;0;0.0;0.0
977;2021-01-17;0;0;0;0;0.0;0.0
977;2021-01-18;1;0;1;0;0.0;0.0
977;2021-01-19;0;0;1;0;0.0;0.0
977;2021-01-20;0;0;1;0;0.0;0.0
977;2021-01-21;12;0;13;0;0.1;0.0
977;2021-01-22;12;0;25;0;0.3;0.0
977;2021-01-23;0;0;25;0;0.3;0.0
977;2021-01-24;0;0;25;0;0.3;0.0
977;2021-01-25;0;0;25;0;0.3;0.0
977;2021-01-26;0;0;25;0;0.3;0.0
977;2021-01-27;12;0;37;0;0.4;0.0
977;2021-01-28;1;0;38;0;0.4;0.0
977;2021-01-29;6;0;44;0;0.4;0.0
977;2021-01-30;0;0;44;0;0.4;0.0
977;2021-01-31;0;0;44;0;0.4;0.0
977;2021-02-01;0;0;44;0;0.4;0.0
977;2021-02-02;0;0;44;0;0.4;0.0
977;2021-02-03;11;0;55;0;0.6;0.0
977;2021-02-04;12;0;67;0;0.7;0.0
977;2021-02-05;11;0;78;0;0.8;0.0
977;2021-02-06;0;0;78;0;0.8;0.0
977;2021-02-07;0;0;78;0;0.8;0.0
977;2021-02-08;0;0;78;0;0.8;0.0
977;2021-02-09;13;0;91;0;0.9;0.0
977;2021-02-10;0;0;91;0;0.9;0.0
977;2021-02-11;17;0;108;0;1.1;0.0
977;2021-02-12;45;0;153;0;1.5;0.0
977;2021-02-13;0;0;153;0;1.5;0.0
977;2021-02-14;0;0;153;0;1.5;0.0
977;2021-02-15;0;0;153;0;1.5;0.0
977;2021-02-16;0;0;153;0;1.5;0.0
977;2021-02-17;0;0;153;0;1.5;0.0
977;2021-02-18;18;0;171;0;1.7;0.0
977;2021-02-19;35;0;206;0;2.1;0.0
977;2021-02-20;0;0;206;0;2.1;0.0
977;2021-02-21;0;0;206;0;2.1;0.0
977;2021-02-22;0;0;206;0;2.1;0.0
977;2021-02-23;0;21;206;21;2.1;0.2
977;2021-02-24;0;0;206;21;2.1;0.2
977;2021-02-25;15;10;221;31;2.2;0.3
977;2021-02-26;33;20;254;51;2.5;0.5
977;2021-02-27;0;0;254;51;2.5;0.5
977;2021-02-28;0;0;254;51;2.5;0.5
977;2021-03-01;0;0;254;51;2.5;0.5
977;2021-03-02;19;11;273;62;2.7;0.6
977;2021-03-03;0;0;273;62;2.7;0.6
977;2021-03-04;16;12;289;74;2.9;0.7
977;2021-03-05;35;19;324;93;3.3;0.9
977;2021-03-06;0;0;324;93;3.3;0.9
977;2021-03-07;0;0;324;93;3.3;0.9
977;2021-03-08;0;0;324;93;3.3;0.9
977;2021-03-09;1;0;325;93;3.3;0.9
977;2021-03-10;0;0;325;93;3.3;0.9
977;2021-03-11;20;30;345;123;3.5;1.2
977;2021-03-12;62;41;407;164;4.1;1.6
977;2021-03-13;0;0;407;164;4.1;1.6
977;2021-03-14;0;0;407;164;4.1;1.6
977;2021-03-15;0;0;407;164;4.1;1.6
977;2021-03-16;30;9;437;173;4.4;1.7
977;2021-03-17;0;0;437;173;4.4;1.7
977;2021-03-18;30;16;467;189;4.7;1.9
977;2021-03-19;55;29;522;218;5.2;2.2
977;2021-03-20;0;0;522;218;5.2;2.2
977;2021-03-21;0;0;522;218;5.2;2.2
977;2021-03-22;0;0;522;218;5.2;2.2
977;2021-03-23;0;0;522;218;5.2;2.2
977;2021-03-24;0;0;522;218;5.2;2.2
977;2021-03-25;65;17;587;235;5.9;2.4
977;2021-03-26;73;26;660;261;6.6;2.6
977;2021-03-27;0;0;660;261;6.6;2.6
977;2021-03-28;0;0;660;261;6.6;2.6
977;2021-03-29;0;0;660;261;6.6;2.6
977;2021-03-30;40;18;700;279;7.0;2.8
977;2021-03-31;26;15;726;294;7.3;3.0
977;2021-04-01;25;32;751;326;7.5;3.3
977;2021-04-02;0;0;751;326;7.5;3.3
977;2021-04-03;0;0;751;326;7.5;3.3
977;2021-04-04;0;0;751;326;7.5;3.3
977;2021-04-05;9;0;760;326;7.6;3.3
977;2021-04-06;0;0;760;326;7.6;3.3
977;2021-04-07;0;0;760;326;7.6;3.3
977;2021-04-08;57;46;817;372;8.2;3.7
977;2021-04-09;58;31;875;403;8.8;4.0
977;2021-04-10;0;0;875;403;8.8;4.0
977;2021-04-11;0;0;875;403;8.8;4.0
977;2021-04-12;0;0;875;403;8.8;4.0
977;2021-04-13;0;0;875;403;8.8;4.0
977;2021-04-14;5;6;880;409;8.8;4.1
977;2021-04-15;56;71;936;480;9.4;4.8
977;2021-04-16;90;35;1026;515;10.3;5.2
977;2021-04-17;0;1;1026;516;10.3;5.2
977;2021-04-18;0;0;1026;516;10.3;5.2
977;2021-04-19;1;0;1027;516;10.3;5.2
977;2021-04-20;335;65;1362;581;13.7;5.8
977;2021-04-21;337;30;1699;611;17.1;6.1
977;2021-04-22;284;49;1983;660;19.9;6.6
977;2021-04-23;260;42;2243;702;22.5;7.0
977;2021-04-24;231;1;2474;703;24.8;7.1
977;2021-04-25;0;0;2474;703;24.8;7.1
977;2021-04-26;283;19;2757;722;27.7;7.2
977;2021-04-27;224;68;2981;790;29.9;7.9
977;2021-04-28;192;26;3173;816;31.9;8.2
977;2021-04-29;170;23;3343;839;33.6;8.4
977;2021-04-30;172;16;3515;855;35.3;8.6
977;2021-05-01;202;12;3717;867;37.3;8.7
977;2021-05-02;0;0;3717;867;37.3;8.7
977;2021-05-03;135;9;3852;876;38.7;8.8
977;2021-05-04;161;53;4013;929;40.3;9.3
977;2021-05-05;221;29;4234;958;42.5;9.6
977;2021-05-06;175;32;4409;990;44.3;9.9
977;2021-05-07;149;31;4558;1021;45.8;10.2
977;2021-05-08;1;0;4559;1021;45.8;10.2
977;2021-05-09;0;0;4559;1021;45.8;10.2
977;2021-05-10;0;0;4559;1021;45.8;10.2
977;2021-05-11;3;41;4562;1062;45.8;10.7
977;2021-05-12;6;36;4568;1098;45.9;11.0
977;2021-05-13;0;0;4568;1098;45.9;11.0
977;2021-05-14;28;98;4596;1196;46.1;12.0
977;2021-05-15;0;0;4596;1196;46.1;12.0
977;2021-05-16;1;0;4597;1196;46.1;12.0
977;2021-05-17;1;14;4598;1210;46.2;12.1
977;2021-05-18;17;32;4615;1242;46.3;12.5
977;2021-05-19;0;1;4615;1243;46.3;12.5
977;2021-05-20;0;8;4615;1251;46.3;12.6
977;2021-05-21;12;32;4627;1283;46.5;12.9
977;2021-05-22;0;0;4627;1283;46.5;12.9
977;2021-05-23;0;0;4627;1283;46.5;12.9
977;2021-05-24;0;0;4627;1283;46.5;12.9
977;2021-05-25;50;332;4677;1615;47.0;16.2
977;2021-05-26;54;360;4731;1975;47.5;19.8
977;2021-05-27;34;317;4765;2292;47.8;23.0
977;2021-05-28;27;256;4792;2548;48.1;25.6
977;2021-05-29;35;375;4827;2923;48.5;29.3
977;2021-05-30;1;0;4828;2923;48.5;29.3
977;2021-05-31;45;216;4873;3139;48.9;31.5
977;2021-06-01;48;227;4921;3366;49.4;33.8
977;2021-06-02;69;273;4990;3639;50.1;36.5
977;2021-06-03;41;252;5031;3891;50.5;39.1
977;2021-06-04;81;270;5112;4161;51.3;41.8
977;2021-06-05;1;0;5113;4161;51.3;41.8
977;2021-06-06;0;0;5113;4161;51.3;41.8
977;2021-06-07;1;1;5114;4162;51.3;41.8
977;2021-06-08;5;2;5119;4164;51.4;41.8
977;2021-06-09;0;3;5119;4167;51.4;41.8
977;2021-06-10;8;4;5127;4171;51.5;41.9
977;2021-06-11;4;8;5131;4179;51.5;42.0
977;2021-06-12;16;59;5147;4238;51.7;42.5
977;2021-06-13;0;0;5147;4238;51.7;42.5
977;2021-06-14;0;0;5147;4238;51.7;42.5
977;2021-06-15;0;1;5147;4239;51.7;42.6
977;2021-06-16;0;0;5147;4239;51.7;42.6
977;2021-06-17;2;6;5149;4245;51.7;42.6
977;2021-06-18;0;2;5149;4247;51.7;42.6
977;2021-06-19;25;49;5174;4296;51.9;43.1
977;2021-06-20;0;0;5174;4296;51.9;43.1
977;2021-06-21;1;2;5175;4298;52.0;43.1
977;2021-06-22;8;0;5183;4298;52.0;43.1
977;2021-06-23;15;9;5198;4307;52.2;43.2
977;2021-06-24;10;5;5208;4312;52.3;43.3
977;2021-06-25;0;0;5208;4312;52.3;43.3
977;2021-06-26;25;45;5233;4357;52.5;43.7
977;2021-06-27;0;0;5233;4357;52.5;43.7
977;2021-06-28;0;0;5233;4357;52.5;43.7
977;2021-06-29;0;0;5233;4357;52.5;43.7
977;2021-06-30;0;0;5233;4357;52.5;43.7
977;2021-07-01;27;36;5260;4393;52.8;44.1
977;2021-07-02;26;31;5286;4424;53.1;44.4
977;2021-07-03;27;213;5313;4637;53.3;46.6
977;2021-07-04;0;0;5313;4637;53.3;46.6
977;2021-07-05;4;8;5317;4645;53.4;46.6
977;2021-07-06;0;0;5317;4645;53.4;46.6
977;2021-07-07;8;0;5325;4645;53.5;46.6
977;2021-07-08;33;23;5358;4668;53.8;46.9
977;2021-07-09;23;32;5381;4700;54.0;47.2
977;2021-07-10;33;45;5414;4745;54.4;47.6
977;2021-07-11;0;0;5414;4745;54.4;47.6
977;2021-07-12;0;1;5414;4746;54.4;47.6
977;2021-07-13;10;10;5424;4756;54.5;47.7
977;2021-07-14;0;0;5424;4756;54.5;47.7
977;2021-07-15;1;11;5425;4767;54.5;47.9
977;2021-07-16;44;51;5469;4818;54.9;48.4
977;2021-07-17;34;39;5503;4857;55.2;48.8
977;2021-07-18;1;0;5504;4857;55.3;48.8
977;2021-07-19;3;2;5507;4859;55.3;48.8
977;2021-07-20;3;1;5510;4860;55.3;48.8
977;2021-07-21;33;16;5543;4876;55.6;49.0
977;2021-07-22;35;33;5578;4909;56.0;49.3
977;2021-07-23;32;29;5610;4938;56.3;49.6
977;2021-07-24;43;26;5653;4964;56.8;49.8
977;2021-07-25;0;0;5653;4964;56.8;49.8
977;2021-07-26;13;9;5666;4973;56.9;49.9
977;2021-07-27;0;10;5666;4983;56.9;50.0
977;2021-07-28;31;14;5697;4997;57.2;50.2
977;2021-07-29;33;32;5730;5029;57.5;50.5
977;2021-07-30;31;29;5761;5058;57.8;50.8
977;2021-07-31;53;23;5814;5081;58.4;51.0
977;2021-08-01;0;0;5814;5081;58.4;51.0
977;2021-08-02;11;1;5825;5082;58.5;51.0
977;2021-08-03;0;0;5825;5082;58.5;51.0
977;2021-08-04;40;14;5865;5096;58.9;51.2
977;2021-08-05;28;29;5893;5125;59.2;51.5
977;2021-08-06;35;35;5928;5160;59.5;51.8
977;2021-08-07;56;26;5984;5186;60.1;52.1
977;2021-08-08;0;0;5984;5186;60.1;52.1
977;2021-08-09;7;5;5991;5191;60.1;52.1
977;2021-08-10;14;8;6005;5199;60.3;52.2
977;2021-08-11;36;18;6041;5217;60.6;52.4
977;2021-08-12;24;30;6065;5247;60.9;52.7
978;2020-12-27;0;0;0;0;0.0;0.0
978;2020-12-28;0;0;0;0;0.0;0.0
978;2020-12-29;0;0;0;0;0.0;0.0
978;2020-12-30;0;0;0;0;0.0;0.0
978;2020-12-31;0;0;0;0;0.0;0.0
978;2021-01-01;0;0;0;0;0.0;0.0
978;2021-01-02;0;0;0;0;0.0;0.0
978;2021-01-03;0;0;0;0;0.0;0.0
978;2021-01-04;0;0;0;0;0.0;0.0
978;2021-01-05;0;0;0;0;0.0;0.0
978;2021-01-06;0;0;0;0;0.0;0.0
978;2021-01-07;0;0;0;0;0.0;0.0
978;2021-01-08;0;0;0;0;0.0;0.0
978;2021-01-09;0;0;0;0;0.0;0.0
978;2021-01-10;0;0;0;0;0.0;0.0
978;2021-01-11;0;0;0;0;0.0;0.0
978;2021-01-12;0;0;0;0;0.0;0.0
978;2021-01-13;10;0;10;0;0.0;0.0
978;2021-01-14;12;0;22;0;0.1;0.0
978;2021-01-15;9;0;31;0;0.1;0.0
978;2021-01-16;0;0;31;0;0.1;0.0
978;2021-01-17;0;0;31;0;0.1;0.0
978;2021-01-18;0;0;31;0;0.1;0.0
978;2021-01-19;12;0;43;0;0.1;0.0
978;2021-01-20;13;0;56;0;0.2;0.0
978;2021-01-21;6;0;62;0;0.2;0.0
978;2021-01-22;0;0;62;0;0.2;0.0
978;2021-01-23;0;0;62;0;0.2;0.0
978;2021-01-24;0;0;62;0;0.2;0.0
978;2021-01-25;0;0;62;0;0.2;0.0
978;2021-01-26;9;0;71;0;0.2;0.0
978;2021-01-27;10;0;81;0;0.2;0.0
978;2021-01-28;6;0;87;0;0.2;0.0
978;2021-01-29;0;0;87;0;0.2;0.0
978;2021-01-30;0;0;87;0;0.2;0.0
978;2021-01-31;0;0;87;0;0.2;0.0
978;2021-02-01;0;0;87;0;0.2;0.0
978;2021-02-02;39;0;126;0;0.4;0.0
978;2021-02-03;11;0;137;0;0.4;0.0
978;2021-02-04;31;0;168;0;0.5;0.0
978;2021-02-05;6;0;174;0;0.5;0.0
978;2021-02-06;0;0;174;0;0.5;0.0
978;2021-02-07;0;0;174;0;0.5;0.0
978;2021-02-08;0;0;174;0;0.5;0.0
978;2021-02-09;38;0;212;0;0.6;0.0
978;2021-02-10;27;1;239;1;0.7;0.0
978;2021-02-11;0;0;239;1;0.7;0.0
978;2021-02-12;36;0;275;1;0.8;0.0
978;2021-02-13;0;0;275;1;0.8;0.0
978;2021-02-14;0;0;275;1;0.8;0.0
978;2021-02-15;50;1;325;2;0.9;0.0
978;2021-02-16;0;0;325;2;0.9;0.0
978;2021-02-17;0;0;325;2;0.9;0.0
978;2021-02-18;28;0;353;2;1.0;0.0
978;2021-02-19;44;0;397;2;1.1;0.0
978;2021-02-20;0;0;397;2;1.1;0.0
978;2021-02-21;0;0;397;2;1.1;0.0
978;2021-02-22;45;4;442;6;1.3;0.0
978;2021-02-23;41;29;483;35;1.4;0.1
978;2021-02-24;35;1;518;36;1.5;0.1
978;2021-02-25;55;36;573;72;1.6;0.2
978;2021-02-26;39;5;612;77;1.7;0.2
978;2021-02-27;0;0;612;77;1.7;0.2
978;2021-02-28;0;0;612;77;1.7;0.2
978;2021-03-01;49;5;661;82;1.9;0.2
978;2021-03-02;7;27;668;109;1.9;0.3
978;2021-03-03;51;28;719;137;2.0;0.4
978;2021-03-04;31;26;750;163;2.1;0.5
978;2021-03-05;46;10;796;173;2.3;0.5
978;2021-03-06;0;0;796;173;2.3;0.5
978;2021-03-07;0;0;796;173;2.3;0.5
978;2021-03-08;32;7;828;180;2.3;0.5
978;2021-03-09;19;27;847;207;2.4;0.6
978;2021-03-10;35;28;882;235;2.5;0.7
978;2021-03-11;2;0;884;235;2.5;0.7
978;2021-03-12;52;21;936;256;2.6;0.7
978;2021-03-13;13;0;949;256;2.7;0.7
978;2021-03-14;0;0;949;256;2.7;0.7
978;2021-03-15;31;41;980;297;2.8;0.8
978;2021-03-16;73;6;1053;303;3.0;0.9
978;2021-03-17;67;13;1120;316;3.2;0.9
978;2021-03-18;82;39;1202;355;3.4;1.0
978;2021-03-19;32;50;1234;405;3.5;1.1
978;2021-03-20;0;0;1234;405;3.5;1.1
978;2021-03-21;0;0;1234;405;3.5;1.1
978;2021-03-22;35;45;1269;450;3.6;1.3
978;2021-03-23;30;43;1299;493;3.7;1.4
978;2021-03-24;38;42;1337;535;3.8;1.5
978;2021-03-25;94;34;1431;569;4.0;1.6
978;2021-03-26;45;33;1476;602;4.2;1.7
978;2021-03-27;94;3;1570;605;4.4;1.7
978;2021-03-28;0;0;1570;605;4.4;1.7
978;2021-03-29;69;48;1639;653;4.6;1.8
978;2021-03-30;98;24;1737;677;4.9;1.9
978;2021-03-31;90;49;1827;726;5.2;2.1
978;2021-04-01;57;48;1884;774;5.3;2.2
978;2021-04-02;0;0;1884;774;5.3;2.2
978;2021-04-03;1;0;1885;774;5.3;2.2
978;2021-04-04;0;0;1885;774;5.3;2.2
978;2021-04-05;2;0;1887;774;5.3;2.2
978;2021-04-06;49;63;1936;837;5.5;2.4
978;2021-04-07;92;33;2028;870;5.7;2.5
978;2021-04-08;120;7;2148;877;6.1;2.5
978;2021-04-09;90;39;2238;916;6.3;2.6
978;2021-04-10;169;12;2407;928;6.8;2.6
978;2021-04-11;0;0;2407;928;6.8;2.6
978;2021-04-12;42;75;2449;1003;6.9;2.8
978;2021-04-13;49;71;2498;1074;7.1;3.0
978;2021-04-14;82;45;2580;1119;7.3;3.2
978;2021-04-15;92;23;2672;1142;7.6;3.2
978;2021-04-16;77;42;2749;1184;7.8;3.4
978;2021-04-17;165;4;2914;1188;8.2;3.4
978;2021-04-18;0;0;2914;1188;8.2;3.4
978;2021-04-19;52;67;2966;1255;8.4;3.6
978;2021-04-20;83;27;3049;1282;8.6;3.6
978;2021-04-21;91;29;3140;1311;8.9;3.7
978;2021-04-22;101;20;3241;1331;9.2;3.8
978;2021-04-23;45;66;3286;1397;9.3;4.0
978;2021-04-24;99;78;3385;1475;9.6;4.2
978;2021-04-25;0;0;3385;1475;9.6;4.2
978;2021-04-26;29;91;3414;1566;9.7;4.4
978;2021-04-27;59;63;3473;1629;9.8;4.6
978;2021-04-28;91;39;3564;1668;10.1;4.7
978;2021-04-29;89;32;3653;1700;10.3;4.8
978;2021-04-30;104;14;3757;1714;10.6;4.9
978;2021-05-01;0;8;3757;1722;10.6;4.9
978;2021-05-02;0;0;3757;1722;10.6;4.9
978;2021-05-03;25;99;3782;1821;10.7;5.2
978;2021-05-04;159;102;3941;1923;11.2;5.4
978;2021-05-05;142;59;4083;1982;11.6;5.6
978;2021-05-06;200;49;4283;2031;12.1;5.7
978;2021-05-07;127;71;4410;2102;12.5;5.9
978;2021-05-08;69;122;4479;2224;12.7;6.3
978;2021-05-09;0;0;4479;2224;12.7;6.3
978;2021-05-10;124;99;4603;2323;13.0;6.6
978;2021-05-11;132;72;4735;2395;13.4;6.8
978;2021-05-12;156;78;4891;2473;13.8;7.0
978;2021-05-13;83;6;4974;2479;14.1;7.0
978;2021-05-14;130;62;5104;2541;14.4;7.2
978;2021-05-15;87;4;5191;2545;14.7;7.2
978;2021-05-16;0;0;5191;2545;14.7;7.2
978;2021-05-17;146;115;5337;2660;15.1;7.5
978;2021-05-18;151;94;5488;2754;15.5;7.8
978;2021-05-19;84;69;5572;2823;15.8;8.0
978;2021-05-20;104;26;5676;2849;16.1;8.1
978;2021-05-21;98;53;5774;2902;16.3;8.2
978;2021-05-22;100;11;5874;2913;16.6;8.2
978;2021-05-23;0;0;5874;2913;16.6;8.2
978;2021-05-24;33;7;5907;2920;16.7;8.3
978;2021-05-25;119;78;6026;2998;17.1;8.5
978;2021-05-26;109;49;6135;3047;17.4;8.6
978;2021-05-27;112;42;6247;3089;17.7;8.7
978;2021-05-28;33;1;6280;3090;17.8;8.7
978;2021-05-29;60;213;6340;3303;17.9;9.3
978;2021-05-30;0;0;6340;3303;17.9;9.3
978;2021-05-31;112;63;6452;3366;18.3;9.5
978;2021-06-01;116;62;6568;3428;18.6;9.7
978;2021-06-02;131;33;6699;3461;19.0;9.8
978;2021-06-03;102;38;6801;3499;19.2;9.9
978;2021-06-04;128;70;6929;3569;19.6;10.1
978;2021-06-05;83;21;7012;3590;19.8;10.2
978;2021-06-06;0;0;7012;3590;19.8;10.2
978;2021-06-07;96;96;7108;3686;20.1;10.4
978;2021-06-08;82;89;7190;3775;20.3;10.7
978;2021-06-09;99;73;7289;3848;20.6;10.9
978;2021-06-10;112;63;7401;3911;20.9;11.1
978;2021-06-11;117;106;7518;4017;21.3;11.4
978;2021-06-12;57;30;7575;4047;21.4;11.5
978;2021-06-13;0;0;7575;4047;21.4;11.5
978;2021-06-14;106;127;7681;4174;21.7;11.8
978;2021-06-15;88;120;7769;4294;22.0;12.2
978;2021-06-16;105;148;7874;4442;22.3;12.6
978;2021-06-17;85;72;7959;4514;22.5;12.8
978;2021-06-18;67;99;8026;4613;22.7;13.1
978;2021-06-19;64;79;8090;4692;22.9;13.3
978;2021-06-20;0;0;8090;4692;22.9;13.3
978;2021-06-21;78;150;8168;4842;23.1;13.7
978;2021-06-22;71;103;8239;4945;23.3;14.0
978;2021-06-23;68;115;8307;5060;23.5;14.3
978;2021-06-24;44;75;8351;5135;23.6;14.5
978;2021-06-25;63;100;8414;5235;23.8;14.8
978;2021-06-26;35;61;8449;5296;23.9;15.0
978;2021-06-27;0;0;8449;5296;23.9;15.0
978;2021-06-28;74;131;8523;5427;24.1;15.4
978;2021-06-29;62;104;8585;5531;24.3;15.7
978;2021-06-30;56;110;8641;5641;24.5;16.0
978;2021-07-01;42;87;8683;5728;24.6;16.2
978;2021-07-02;52;91;8735;5819;24.7;16.5
978;2021-07-03;40;90;8775;5909;24.8;16.7
978;2021-07-04;0;1;8775;5910;24.8;16.7
978;2021-07-05;67;93;8842;6003;25.0;17.0
978;2021-07-06;55;75;8897;6078;25.2;17.2
978;2021-07-07;55;123;8952;6201;25.3;17.5
978;2021-07-08;54;107;9006;6308;25.5;17.9
978;2021-07-09;46;92;9052;6400;25.6;18.1
978;2021-07-10;38;85;9090;6485;25.7;18.4
978;2021-07-11;0;4;9090;6489;25.7;18.4
978;2021-07-12;71;130;9161;6619;25.9;18.7
978;2021-07-13;146;162;9307;6781;26.3;19.2
978;2021-07-14;3;0;9310;6781;26.3;19.2
978;2021-07-15;161;195;9471;6976;26.8;19.7
978;2021-07-16;112;113;9583;7089;27.1;20.1
978;2021-07-17;52;100;9635;7189;27.3;20.3
978;2021-07-18;0;0;9635;7189;27.3;20.3
978;2021-07-19;98;134;9733;7323;27.5;20.7
978;2021-07-20;80;74;9813;7397;27.8;20.9
978;2021-07-21;63;50;9876;7447;28.0;21.1
978;2021-07-22;97;115;9973;7562;28.2;21.4
978;2021-07-23;67;100;10040;7662;28.4;21.7
978;2021-07-24;20;35;10060;7697;28.5;21.8
978;2021-07-25;0;0;10060;7697;28.5;21.8
978;2021-07-26;94;116;10154;7813;28.7;22.1
978;2021-07-27;67;145;10221;7958;28.9;22.5
978;2021-07-28;72;127;10293;8085;29.1;22.9
978;2021-07-29;80;98;10373;8183;29.4;23.2
978;2021-07-30;82;116;10455;8299;29.6;23.5
978;2021-07-31;48;67;10503;8366;29.7;23.7
978;2021-08-01;0;0;10503;8366;29.7;23.7
978;2021-08-02;65;95;10568;8461;29.9;23.9
978;2021-08-03;60;94;10628;8555;30.1;24.2
978;2021-08-04;63;55;10691;8610;30.3;24.4
978;2021-08-05;48;70;10739;8680;30.4;24.6
978;2021-08-06;74;128;10813;8808;30.6;24.9
978;2021-08-07;43;44;10856;8852;30.7;25.1
978;2021-08-08;0;0;10856;8852;30.7;25.1
978;2021-08-09;138;150;10994;9002;31.1;25.5
978;2021-08-10;82;93;11076;9095;31.3;25.7
978;2021-08-11;106;100;11182;9195;31.6;26.0
978;2021-08-12;99;98;11281;9293;31.9;26.3
